critload/trunk/output/1999/fag.asc
ncols 720
nrows 360
xllcorner -180
yllcorner -90
cellsize 0.5
NODATA_value -1
[rows 155 to 185 of 360, columns 207 to 275 of 720]
-1.0 -1.0 -1.0 -1.0 -1.0 -1.0 -1.0 -1.0 0.13537941682013344 0.5524330859270757 0.3795007767818218 -1.0 0.1085938238899531 0.0 0.01212668936617346 0.011832223978069885 0.0 -1.0 -1.0 -1.0 -1.0 -1.0 -1.0 -1.0 -1.0 -1.0 -1.0 -1.0 -1.0 0.0693055416431072 -1.0 -1.0 -1.0 -1.0 -1.0 -1.0 -1.0 -1.0 -1.0 -1.0 -1.0 -1.0 -1.0 -1.0 -1.0 -1.0 -1.0 -1.0 -1.0 -1.0 -1.0 -1.0 -1.0 -1.0 -1.0 -1.0 -1.0 -1.0 -1.0 -1.0 -1.0 -1.0 -1.0 -1.0 -1.0 -1.0 -1.0 -1.0 -1.0
-1.0 -1.0 -1.0 -1.0 -1.0 -1.0 -1.0 0.31798558022535545 0.6656331706550012 0.5202211047362227 0.16977622915082927 -1.0 0.30235887385764626 0.25531010294715883 -1.0 -1.0 -1.0 -1.0 -1.0 -1.0 -1.0 -1.0 -1.0 -1.0 -1.0 -1.0 -1.0 -1.0 -1.0 -1.0 -1.0 -1.0 -1.0 -1.0 -1.0 -1.0 -1.0 -1.0 -1.0 -1.0 -1.0 -1.0 -1.0 -1.0 -1.0 -1.0 -1.0 -1.0 -1.0 -1.0 -1.0 -1.0 -1.0 -1.0 -1.0 -1.0 -1.0 -1.0 -1.0 -1.0 -1.0 -1.0 -1.0 -1.0 -1.0 -1.0 -1.0 -1.0 -1.0
-1.0 -1.0 -1.0 0.0 0.19099330762105027 0.25690920041331833 0.43983836881092 0.6368769264912039 0.5227775039554827 0.1771066961975372 -1.0 0.2795562230964651 0.3375815419735292 0.36671133148064056 0.21921781354242767 0.15534016526546487 0.0 -1.0 -1.0 -1.0 -1.0 -1.0 -1.0 -1.0 0.0 0.02433035546310739 -1.0 -1.0 -1.0 -1.0 -1.0 0.03338903228226746 -1.0 -1.0 -1.0 -1.0 -1.0 -1.0 -1.0 -1.0 -1.0 -1.0 -1.0 -1.0 -1.0 -1.0 -1.0 -1.0 -1.0 -1.0 -1.0 -1.0 -1.0 -1.0 -1.0 -1.0 -1.0 -1.0 -1.0 -1.0 -1.0 -1.0 -1.0 -1.0 -1.0 -1.0 -1.0 -1.0 -1.0
-1.0 -1.0 0.4952275150904904 0.8179851730798924 0.5744753512156822 0.4435687858487436 0.6922010234627806 0.414066127527538 0.4144888548704488 0.5505126128148438 0.4627917308449163 0.3876488011149913 0.3602437833388634 0.3583561259933573 0.13858268412237967 0.1931599698400444 0.16748811173368988 -1.0 0.01918244948563882 0.04210157556381962 0.03450789752198609 -1.0 0.0 -1.0 0.14477142951113184 0.15656764531089334 0.1959663366107419 0.11290749098545651 0.08944424945712343 0.03872514514761972 0.18821274089199302 0.0 -1.0 -1.0 -1.0 -1.0 -1.0 -1.0 -1.0 -1.0 -1.0 -1.0 -1.0 -1.0 -1.0 -1.0 -1.0 -1.0 -1.0 -1.0 -1.0 -1.0 -1.0 -1.0 -1.0 -1.0 -1.0 -1.0 -1.0 -1.0 -1.0 -1.0 -1.0 -1.0 -1.0 -1.0 -1.0 -1.0 -1.0
-1.0 0.0687944110997409 0.8325864128702155 0.9742806129718915 0.7470526055134639 0.6372281351700613 0.7145060809373873 0.27592693481583525 0.7450481335235658 0.25754762899603134 0.5225596852963363 0.33207416847059595 0.49254688480763553 0.3047686935589885 0.480881987270819 0.26928850938043225 0.2800646473006658 0.3727683267473515 0.28948555206795895 0.2410374459487028 0.1640475029256453 0.13112404408770376 0.08156518008691659 0.19014379069500476 0.1446442577349208 0.3394491193315622 0.19193577516382956 0.08330917999540818 0.0 0.0749197120535275 0.18428626234838794 -1.0 -1.0 -1.0 -1.0 -1.0 -1.0 -1.0 -1.0 -1.0 -1.0 -1.0 -1.0 -1.0 -1.0 -1.0 -1.0 -1.0 -1.0 -1.0 -1.0 -1.0 -1.0 -1.0 -1.0 -1.0 -1.0 -1.0 -1.0 -1.0 -1.0 -1.0 -1.0 -1.0 -1.0 -1.0 -1.0 -1.0 -1.0
-1.0 0.20212954942068379 0.7452619874836258 0.7349948592251768 0.6094380860361541 0.7198573924056851 0.6080959449469479 0.33254273938957296 0.4078902816184176 0.0 0.12110670422714173 0.550956506926251 0.41410721268666495 0.29908409645500394 0.3759106015653655 0.3278413915542311 0.5502159673925857 0.4711398146548336 0.60838610796437 0.5705735674711815 0.6632800997478386 0.5816125727010741 0.5535862808259103 0.5818081239651558 0.4157875657420749 0.497146447740372 0.5461940108593136 0.13853772960112654 0.055459391961946554 0.07128059082656536 0.04234996337929002 -1.0 -1.0 -1.0 -1.0 -1.0 -1.0 -1.0 -1.0 -1.0 -1.0 -1.0 -1.0 -1.0 -1.0 -1.0 -1.0 -1.0 -1.0 -1.0 -1.0 -1.0 -1.0 -1.0 -1.0 -1.0 -1.0 -1.0 -1.0 -1.0 -1.0 -1.0 -1.0 -1.0 -1.0 -1.0 -1.0 -1.0 -1.0
0.2483730051856406 0.8256312104046356 0.9608938127113268 0.8637496322014612 0.5627520311341178 0.5652612025565227 0.16624886657456034 0.3048341111554384 0.22169303832037304 0.08213194172024094 0.24310711514947386 0.4328091961439605 0.21931579218556865 0.3541737004244521 0.6055634560799984 0.4698191806929884 0.41549527287561394 0.6371964865601067 0.5999686781096513 0.6095951309784635 0.6074419100638967 0.6628918991092392 0.7742704998790082 0.6366679766747545 0.5520939886921774 0.634768038390352 0.4987659833162201 0.2770643277339228 0.2626823504522475 0.13567496844502722 0.027702127314702788 0.003496995851062438 -1.0 -1.0 -1.0 -1.0 -1.0 -1.0 -1.0 -1.0 -1.0 -1.0 -1.0 -1.0 -1.0 -1.0 -1.0 -1.0 -1.0 -1.0 -1.0 -1.0 -1.0 -1.0 -1.0 -1.0 -1.0 -1.0 -1.0 -1.0 -1.0 -1.0 -1.0 -1.0 -1.0 -1.0 -1.0 -1.0 -1.0
0.6650948371578133 0.961858033207175 0.8242943367839101 0.6544084490397708 0.6104328249055445 0.6298519761159133 0.3047116113366141 0.35926455304037175 0.3870889200434969 0.4379451820075826 0.30117311480362735 0.33090326352500904 0.4060704261190155 0.5241028671386446 0.49818083646552086 0.4988622518768634 0.5265362348895761 0.5266075362359541 0.4304482585875276 0.44320944911814364 0.5816418751914416 0.5815139544915733 0.5539191804009418 0.5536360615781 0.6879060770305881 0.5818600801818247 0.24938408788521008 0.30080671070865267 0.3530840302094184 0.09648033340278027 0.021617421730861546 0.009793534935391488 0.005434232166254666 -1.0 -1.0 -1.0 -1.0 -1.0 -1.0 -1.0 -1.0 -1.0 -1.0 -1.0 -1.0 -1.0 -1.0 -1.0 -1.0 -1.0 -1.0 -1.0 -1.0 -1.0 -1.0 -1.0 -1.0 -1.0 -1.0 -1.0 -1.0 -1.0 -1.0 -1.0 -1.0 -1.0 -1.0 -1.0 -1.0
0.6915380122460694 0.8290483097423923 0.7065133699617453 0.5540721910778171 0.4144195806919763 0.7160635465953971 0.6623725324806199 0.5535045442211923 0.46693380926135486 0.3287720273914079 0.35986919623388525 0.30277095133858833 0.5816777948693699 0.5252272207423303 0.47077110681964196 0.4988423813990197 0.47055630720186287 0.47073458332382134 0.4987198592305359 0.19397258588978863 0.3879629470206667 0.4433645916563665 0.4987131684543863 0.5542376942950601 0.49873662444191513 0.4752690315071308 0.3854949707659745 0.4144283757472385 0.2693686536782235 0.05336820600269381 0.026979578252122268 0.1385538892371563 0.05544247308799885 0.04560993955822835 0.013173504099383946 -1.0 -1.0 -1.0 -1.0 -1.0 -1.0 -1.0 -1.0 -1.0 -1.0 -1.0 -1.0 -1.0 -1.0 -1.0 -1.0 -1.0 -1.0 -1.0 -1.0 -1.0 -1.0 -1.0 -1.0 -1.0 -1.0 -1.0 -1.0 -1.0 -1.0 -1.0 -1.0 -1.0 -1.0
0.22161176290907314 0.5540819170599828 0.6637954093190664 0.47004098800671 0.36020491935961957 0.5474867730102115 0.6370226071627498 0.6855815017735868 0.38531065419781435 0.3040564819905213 0.4143743494633638 0.3325836823862804 0.44328836918616965 0.3878117615185421 0.44288712882526343 0.47079534543737067 0.4702481704271917 0.49748790121007797 0.4395115320825394 0.41551885629550006 0.32024938005928244 0.2954553341053077 0.3591062277682774 0.33212523813618666 0.41489036180843963 0.48531167617791243 0.38755087047442227 0.26331825390628816 0.6339569817853129 0.2765113570254556 0.0 0.02769866961749809 0.027715315349521995 0.13829117624208073 0.08998003574208889 0.03677741857266169 -1.0 -1.0 -1.0 -1.0 -1.0 -1.0 -1.0 -1.0 -1.0 -1.0 -1.0 -1.0 -1.0 -1.0 -1.0 -1.0 -1.0 -1.0 -1.0 -1.0 -1.0 -1.0 -1.0 -1.0 -1.0 -1.0 -1.0 -1.0 -1.0 -1.0 -1.0 -1.0 -1.0
0.4712016969169503 0.5819950960833946 0.44345600191307855 0.16564441129334523 0.16628495180115696 0.5760676732637511 0.7035309121740771 0.6928454154959363 0.3603261707715433 0.35974248036817 0.3870639921557272 0.4395531142348662 0.5261072373486293 0.36008657374787706 0.41549418685051304 0.41544091674854733 0.30455845424000677 0.3048076685695508 0.2769395997094593 0.15845612249233793 0.3322313255031592 0.19382575591362516 0.0829974211001503 0.0 0.0 0.2757848805484159 0.3871538886542729 0.15273476163952135 0.49692375107854686 0.4378509835729019 0.08175770274500745 0.0 0.0 0.05541482551747474 0.08311438182119874 0.16723089628478843 -1.0 -1.0 -1.0 -1.0 -1.0 -1.0 -1.0 -1.0 -1.0 -1.0 -1.0 -1.0 -1.0 -1.0 -1.0 -1.0 -1.0 -1.0 -1.0 -1.0 -1.0 -1.0 -1.0 -1.0 -1.0 -1.0 -1.0 -1.0 -1.0 -1.0 -1.0 -1.0 -1.0
0.6096260971146096 0.6645501887918931 0.4666316832798159 0.3877091763214685 0.35754690730220223 0.4154939868925665 0.7173361190621669 0.6924837293199605 0.526443250643509 0.5810638374067237 0.4155007031343439 0.6371896919736877 0.6095045403200645 0.387974142995502 0.36012272093159303 0.30481937023868333 0.3871201930917033 0.02769117766217727 0.16571468927387484 0.1938486653428148 0.11073457373703233 0.0831061680205273 0.0 0.0 0.0 0.1385409269932529 0.1593312953339097 0.019340772269961778 0.0 0.02753093181209537 0.0 0.0 0.0 0.0 0.05540573783865474 0.1505213764647955 0.3578881854410962 0.14515567817041938 -1.0 -1.0 -1.0 -1.0 -1.0 -1.0 -1.0 -1.0 -1.0 -1.0 -1.0 -1.0 -1.0 -1.0 -1.0 -1.0 -1.0 -1.0 -1.0 -1.0 -1.0 -1.0 -1.0 -1.0 -1.0 -1.0 -1.0 -1.0 -1.0 -1.0 -1.0
0.5542334044799719 0.47695790552707373 0.40941332340345393 0.4156859714246752 0.4707858245122454 0.5538703670213284 0.44339994173893565 0.6644602145178624 0.6088087017951707 0.7186044153081401 0.6096651120772226 0.5542284333475112 0.5542300213965902 0.5806617379972921 0.4691839386122412 0.4988328929034101 0.5266062327423026 0.5253820334617995 0.2981965847610173 0.0831531250528421 0.05540736152542428 0.027701407993720638 0.0 0.0 0.0 0.02770595353170364 0.1108896287097434 0.08315747489715675 0.027714819188682863 0.0 0.027710402461646855 0.0 0.0 0.0 0.055420577027075285 0.11148966557097076 0.35551284765887536 0.27445999485183104 0.2096233327494456 -1.0 -1.0 -1.0 -1.0 -1.0 -1.0 -1.0 -1.0 -1.0 -1.0 -1.0 -1.0 -1.0 -1.0 -1.0 -1.0 -1.0 -1.0 -1.0 -1.0 -1.0 -1.0 -1.0 -1.0 -1.0 -1.0 -1.0 -1.0 -1.0 -1.0
0.4708457259111965 0.3877379839105217 0.3028377144441994 0.498167495542955 0.41510706868196035 0.6339315676698802 0.6314622244352464 0.6818687344392688 0.49866916057688565 0.7202766946178101 0.637317805700087 0.5265441385446807 0.6647344747888256 0.7482382125400615 0.7482256377856207 0.7482186883831372 0.7205250128067057 0.6837255141334388 0.08209068165020955 0.08311925091963046 0.13855147620638647 0.0831373898256757 0.027718602351107447 0.0 0.0 0.08314341543746513 0.0 0.16626721019703122 0.0 0.0 0.1939781621073324 0.0 0.0 0.0 0.0 0.08311506687773294 0.08312310906914583 0.11087437765573707 0.10923838772139251 0.04349372002718343 0.00609577105207671 0.03263143974068692 0.12796229903495568 0.018115519016465766 0.020040501322386432 0.0 -1.0 -1.0 -1.0 -1.0 -1.0 -1.0 -1.0 -1.0 -1.0 -1.0 -1.0 -1.0 -1.0 -1.0 -1.0 -1.0 -1.0 -1.0 -1.0 -1.0 -1.0 -1.0 -1.0
0.5264079441586854 0.41006666759686905 0.44086704595264714 0.5798722653572529 0.6374341205373782 0.5812040870306449 0.5531338722057465 0.6647527172314324 0.7471778722057465 0.6096578852771971 0.5542458962419174 0.6097030386179849 0.7481899876869723 0.7482342900319251 0.7482336990390068 0.33256287563809617 0.19397784371303095 0.3203955732020678 0.05540635520994377 0.0 0.02741277421670151 0.02769490615288379 0.0 0.0 0.0 0.0 0.0 0.027710761623997274 0.05543976989806667 0.0 0.0 0.110835366584018 0.05544336614387347 0.0 0.0 0.0 0.02770697131829452 0.0 0.0 0.0 0.0 0.0 0.0 0.0 0.0 0.0 0.0 0.0038445231888764647 -1.0 -1.0 -1.0 -1.0 -1.0 -1.0 -1.0 -1.0 -1.0 -1.0 -1.0 -1.0 -1.0 -1.0 -1.0 -1.0 -1.0 -1.0 -1.0 -1.0 -1.0
0.6095891996463398 0.6445281597721289 0.6094936367048719 0.6919645264743126 0.5131823873550301 0.5780589496584848 0.5517825179404802 0.7200527484122538 0.6649249528744603 0.6097117895430595 0.6374075403648658 0.7481918073782836 0.7482350899728277 0.7481953555806731 0.7204711937390493 0.6373141759977459 0.33248499155361094 0.11050962677485904 0.0 0.0 0.0 0.0 0.0 0.027717532439056777 0.055408053098898534 0.0 0.0 0.0 0.027714228857956217 0.08315583325765698 0.27568083123479864 0.3048172856398431 0.33257378434179374 0.11056069020082844 0.0 0.0 0.0 0.0 0.0 0.0 0.0 0.0 0.0 0.0 0.0 0.0 0.0 0.0 0.01796205337745449 -1.0 -1.0 -1.0 -1.0 -1.0 -1.0 -1.0 -1.0 -1.0 -1.0 -1.0 -1.0 -1.0 -1.0 -1.0 -1.0 -1.0 -1.0 -1.0 -1.0
0.7444925925245078 0.6365387393254645 0.6562968348905927 0.7711274923054019 0.775920304055563 0.6310958777635015 0.7756496060624695 0.7203646425272587 0.7481856522041666 0.7482540314386229 0.7482066767945161 0.7481316231248968 0.5818616507348301 0.22160312360971315 0.13852771822689275 0.027704922395762874 0.05540984479146102 0.07745533885359389 0.02771987337487823 0.055413736243741574 0.0 0.0831270637811789 0.027704922395762874 0.0 0.0 0.0 0.0 0.0 0.0 0.0 0.16630785200642106 0.33254126851315446 0.3602130207810786 0.27710081067858106 0.0 0.0 0.0 0.0 0.0 0.0 0.0 0.0 0.0 0.0 0.0 0.0 0.0 0.0 0.0 0.0 0.0 -1.0 -1.0 -1.0 -1.0 -1.0 -1.0 -1.0 -1.0 -1.0 -1.0 -1.0 -1.0 -1.0 -1.0 -1.0 -1.0 -1.0 -1.0
0.7437390954873015 0.6373771289120619 0.7189232882731942 0.7738248917754519 0.4988243938487314 0.6641282541239181 0.8036708135536206 0.7759436228345388 0.7482271730363681 0.7482012668676336 0.6096192272909577 0.16623287218959024 0.027703961893864905 0.0 0.0 0.0 0.027711421708983993 0.2482233179136532 0.08279181198556143 0.02771897282849029 0.0 0.0 0.0 0.0 0.0 0.0 0.0 0.0 0.0 0.05543031137748567 0.3601393880299639 0.3325549868875577 0.3879067033851707 0.4433995067276467 0.19396746968709974 0.0 0.0 0.0 0.0 0.0 0.0 0.0 0.0 0.0 0.0 0.0 0.0 0.0 0.0 0.0 0.004379775591483058 -1.0 -1.0 -1.0 -1.0 -1.0 -1.0 -1.0 -1.0 -1.0 -1.0 -1.0 -1.0 -1.0 -1.0 -1.0 -1.0 -1.0 -1.0
0.8766040950646059 0.526326464975092 0.7475114835923281 0.526506279724055 0.4433538628162813 0.692040673905805 0.7197789291872618 0.7481909436536852 0.7205309238468078 0.36024482087496806 0.055418040824085066 0.0 0.027715922548062467 0.13858610915894315 0.05542508724271587 0.02771139675939186 0.027709068506256932 0.08311825259603604 0.0 0.0 0.0 0.027718088020766998 0.0 0.0 0.0 0.0 0.0 0.0 0.0 0.0 0.41548672393861713 0.360265866414299 0.38796778862535036 0.30313792789643657 0.0 0.0 0.0 0.0 0.0 0.0 0.0 0.0 0.0 0.0 0.0 0.0 0.0 0.0 0.0 0.0 0.005541334978874173 -1.0 -1.0 -1.0 -1.0 -1.0 -1.0 -1.0 -1.0 -1.0 -1.0 -1.0 -1.0 -1.0 -1.0 -1.0 -1.0 -1.0 -1.0
0.7744822972489159 0.6094042915586891 0.7611304239655161 0.4157212844176323 0.13854607108259714 0.16620854119905132 0.22123420979908104 0.5256445513639095 0.49833801605929984 0.16626532534719754 0.027717253234252517 0.055434506468634286 0.08312214963099154 0.055415183868966454 0.027709628227886956 0.0 0.0 0.0 0.0 0.0 0.0 0.0 0.0 0.0 0.027717252421561468 0.0 0.0 0.0 0.0 0.02216930353630953 0.24905625655846295 0.40292450495350235 0.24941718473397137 0.387969457143965 0.360260319644692 0.0 0.0 0.0 0.0 0.0 0.0 0.0 0.0 0.0 0.0 0.0 0.0 0.0 0.0 0.0 0.0 0.0036956101598498116 -1.0 -1.0 -1.0 -1.0 -1.0 -1.0 -1.0 -1.0 -1.0 -1.0 -1.0 -1.0 -1.0 -1.0 -1.0 -1.0 -1.0
0.636973998158891 0.6082010198226074 0.49878053972919545 0.3045641447880464 0.22171907756753964 0.27709759595182104 0.0 0.30474965903047846 0.027708463816166873 0.0 0.027710143986227214 0.16625915615318027 0.0 0.027697578487125153 0.05542025840062533 0.0 0.0 0.0 0.0 0.0 0.0 0.0 0.0 0.0 0.0 0.0 0.0 0.0 0.0 0.0 0.08313515191862944 0.05514914033966847 0.055418608324396955 0.33253126763588675 0.11084054776224499 0.0 0.0 0.0 0.0 0.0 0.0 0.18839942369410456 0.0 0.0 0.0 0.0 0.0 0.0 0.0 0.0 0.0 0.0502183237002416 -1.0 -1.0 -1.0 -1.0 -1.0 -1.0 -1.0 -1.0 -1.0 -1.0 -1.0 -1.0 -1.0 -1.0 -1.0 -1.0 -1.0
0.553190799089412 0.4696365357131325 0.22136337461719785 0.2771268406206206 0.3879705488327037 0.2771208575675676 0.055425133286835224 0.02762448269950596 0.08314317518938293 0.05542480070651297 0.11082332756046369 0.05542765350705545 0.055428845869417806 0.0 0.0 0.0 0.0 0.0 0.0 0.0 0.0 0.0 0.0 0.0 0.0 0.0 0.0 0.0 0.0 0.0 0.053910510165972425 0.0 0.0 0.0 0.0 0.0 0.0 0.0 0.0 0.0 0.0554264227479092 0.4821237103006232 0.0 0.0 0.0 0.0 0.0 0.0 0.0 0.0 0.02771071035206174 0.04790640427750331 0.009138655214472536 -1.0 -1.0 -1.0 -1.0 -1.0 -1.0 -1.0 -1.0 -1.0 -1.0 -1.0 -1.0 -1.0 -1.0 -1.0 -1.0
0.38786131376125466 0.5803173883833019 0.3043585797702099 0.22158884633540052 0.193982944948202 0.027711235487553307 0.05539762429259978 0.0554214709995771 0.027710235512023784 0.08294642856363454 0.11083547420204609 0.055427667892342804 0.027610021216292562 0.0 0.0 0.0 0.0 0.0 0.0 0.0 0.027712171425195557 0.05542047102411214 0.0 0.0 0.0 0.0 0.0 0.0 0.022171081130516752 0.0 0.0221710803032015 0.02771123548752102 0.0 0.0 0.0 0.0 0.0 0.0 0.0 0.0 0.05542147008564668 0.13855691983948917 0.0 0.0 0.0 0.0 0.0 0.0 0.0 0.0 0.027713043473193852 0.11016661446760567 0.04379437710040967 0.0 -1.0 -1.0 -1.0 -1.0 -1.0 -1.0 -1.0 -1.0 -1.0 -1.0 -1.0 -1.0 -1.0 -1.0 -1.0
0.19389647998599133 0.19394861558416826 0.16627046866284925 0.08313462311754377 0.027712872733370347 0.027712358150564224 0.0 0.0 0.027713776619841965 0.0 0.13856272408556267 0.11085056540728451 0.0 0.0 0.0 0.0 0.0 0.0 0.0 0.0 0.027712358150596497 0.0 0.0 0.0 0.0 0.0 0.0 0.0 0.0 0.0 0.0 0.0 0.0 0.027589903900544853 0.0 0.0 0.0 0.0 0.0 0.0 0.0 0.05542226356517586 0.0 0.0 0.0 0.0 0.0 0.0 0.0 0.0 0.05535579780444663 0.027635807616652894 0.009580888627181997 -1.0 -1.0 -1.0 -1.0 -1.0 -1.0 -1.0 -1.0 -1.0 -1.0 -1.0 -1.0 -1.0 -1.0 -1.0 -1.0
0.08247267983423275 0.05542558408653722 0.05542390360550234 0.027712277492673448 0.027712856163533785 0.0831378297619355 0.027712277492641175 0.13856402472501225 0.027712856163566064 0.027711952451973974 0.027712856163598334 0.02771279214045031 0.0 0.0 0.0 0.0 0.0 0.0 0.0 0.0 0.0 0.0 0.0 0.0 0.0 0.0 0.0 0.0 0.027712501573723826 0.0 0.027711952451973974 0.0 0.0 0.0 0.0 0.0 0.0 0.0 0.0 0.0 0.0 0.0 0.0 0.0 0.0 0.0 0.0 0.0 0.0 0.0 0.11359763971378037 0.06155652696106277 0.0 -1.0 -1.0 -1.0 -1.0 -1.0 -1.0 -1.0 -1.0 -1.0 -1.0 -1.0 -1.0 -1.0 -1.0 -1.0 -1.0
0.054522027997753617 0.0 0.0 0.05385136116185545 0.0 0.027712856163566064 0.08313844044417619 0.1385618971858943 0.055424744592230624 0.055425165667845805 0.0 0.05542545623466911 0.0 0.0 0.0 0.0 0.0 0.0 0.02300570061804462 0.0 0.0 0.0 0.026079760992118308 0.0 0.0 0.0 0.0 0.0 0.0 0.0 0.0 0.0 0.0 0.0 0.0 0.0 0.027712501573723826 0.0 0.0 0.0 0.0 0.0 0.0 0.0 0.0 0.0 0.0 0.0 0.0 0.022169820439625343 0.07758734765066229 0.08281377524593973 0.0908850573923933 0.08465887970513052 0.0992176399939322 0.08309514415328306 0.0 -1.0 -1.0 -1.0 -1.0 -1.0 -1.0 -1.0 -1.0 -1.0 -1.0 -1.0 -1.0
0.11051092675076177 0.0 0.0 0.0 0.0 0.055423489916335285 0.08313404050347312 0.05542713459400661 0.0534071087722073 0.02771377661980969 0.0 0.0 0.0 0.027711131765674222 0.0 0.0 0.0 0.0 0.0 0.0 0.0 0.0 0.0 0.0 0.0 0.0 0.0 0.021698132210369002 0.0 0.0 0.0 0.0 0.0 0.0 0.0 0.0 0.0 0.0 0.0 0.0 0.0 0.0 0.0 0.0 0.0 0.0 0.027711130868182873 0.055424648840895 0.0 0.0445938932868099 0.04097036430563446 0.09265061741594795 0.055425553591902085 0.05542623081263234 0.11076186852502196 0.18639505050837937 0.1886668894311961 0.23930439561664 0.23628134355730002 0.10942645814730413 0.0 -1.0 -1.0 -1.0 -1.0 -1.0 -1.0 -1.0 -1.0
0.0 0.0 0.0 0.0 0.0 0.027714624567230863 0.0 0.027710235512023784 0.0 0.0 0.054196752209606756 0.0 0.0 0.027714624567134017 0.0 0.0 0.0 0.0 0.0 0.0 0.0 0.0 0.0 0.0 0.0 0.0 0.0 0.0 0.004926604777812572 0.011831623875084338 0.0 0.0 0.0 0.0 0.0 0.0 0.0 0.0 0.0 0.0 0.0 0.0 0.027713043325047374 0.05542247205458401 0.049878422703632797 0.049878424733584927 0.027713043325144224 0.027713851187141057 0.03761282885127566 0.04864760232534115 0.05234545516026873 0.08309803252281597 0.055428475754210504 0.08314064717959975 0.13838847035391802 0.08963028406351994 0.34396269014175446 0.5060869511300647 0.6265963975193778 0.2950303046703749 0.2094387624381378 0.0 0.0 -1.0 -1.0 -1.0 -1.0 -1.0 -1.0
0.0 0.0 0.0 0.0 0.0 0.02771191177396179 0.05542976563219468 0.05542976563187177 0.02771433344420729 0.027711911773929496 0.027715432187825927 0.0 0.0 0.0 0.0 0.0 0.0 0.0 0.0 0.0 0.0 0.0 0.027413186553629267 0.0 0.0 0.0 0.0 0.0 0.0 0.0 0.0 0.0 0.0 0.0 0.0 0.0 0.0 0.0 0.0 0.0 0.0493633665637684 0.07474454839178407 0.15775793493805115 0.13431787967102693 0.12545338936423725 0.13291121170521583 0.058391530619875946 0.09514812042681253 0.06733226675105185 0.024977120639476123 0.02052723493592 0.020257000597627958 0.03790778931128125 0.04233719429657304 0.03379842128088966 0.24837236403059823 0.1817403780548999 0.2644164249974975 0.37359838437991416 0.35933293134446914 0.3043440436441485 0.1878607571304946 0.0 0.11264393141001837 -1.0 -1.0 -1.0 -1.0 -1.0
0.0 0.0 0.0 0.0 0.0 0.0 0.0 0.0 0.02771637868176591 0.0 0.025216216463358698 0.0 0.0 0.027708465793421105 0.0 0.0 0.0 0.0 0.0 0.0 0.0 0.0 0.0 0.0 0.0 0.0 0.0 0.0 0.0 0.0 0.0 0.0 0.0 0.0 0.0 0.0 0.0 0.0 0.02018394968500885 0.06386751302697709 0.07484619787012751 0.05519053857543379 0.054994555173516445 0.052900553520071315 0.09566544708458766 0.05226075531046913 0.0 0.0 0.010264083087733692 0.0 0.027711792607268828 0.05388412479392499 0.055425167299319116 0.1565937785782116 0.08753525448713809 0.07740090560666159 0.16008842204938048 0.18727928291095494 0.2431477772584271 0.13829341370592643 0.16493139611009186 0.3367261861425858 0.3110382957014948 0.1367017436594788 0.041525136086060545 0.0 0.0294436090853564 -1.0 -1.0
0.027635241889956634 0.0 0.0 0.027707591934580167 0.0 0.0 0.0 0.0 0.0 0.0 0.0 0.0 0.027717253234252517 0.027715443743626368 0.0 0.0 0.0 0.019105172137114754 0.0 0.0 0.02711863158941831 0.0 0.0 0.0 0.0 0.0 0.0 0.0 0.0 0.0 0.0 0.017756512073846927 0.02551809353450003 0.02633928663274934 0.0 0.0 0.021613380764868583 0.050712840724057934 0.04429093527262035 0.044186177199994826 0.02770759193454785 0.0 0.00855269211824427 0.18946422164806545 0.04774039940545047 0.0 0.0 0.0 0.07012918650437187 0.03585543937048837 0.027707591934580167 0.027713570156457 0.055424845168961935 0.12130527663905027 0.1105155625501651 0.12714395341962917 0.13278406098914947 0.10521677440335016 0.13550324617323364 0.027717253234317143 0.0550905405317987 0.21554538227919273 0.23880666991643995 0.17424662206489638 0.21493446090319832 0.3502211214722856 0.35983378991398424 0.2615431647031453 0.2558668706560725
