critload/trunk/output/1999/fegl.asc
ncols 720
nrows 360
xllcorner -180
yllcorner -90
cellsize 0.5
NODATA_value -1
[rows 64 to 95 of 360, columns 71 to 141 of 720]
-1.0 -1.0 -1.0 -1.0 -1.0 -1.0 -1.0 -1.0 -1.0 -1.0 -1.0 -1.0 -1.0 -1.0 -1.0 -1.0 0.0 0.0 0.0 0.0 0.0 0.0 0.0 0.0 0.0 0.0 0.0 0.0 0.0 0.0 0.0 0.0 0.0 0.0 0.0 0.0 0.0 0.0 0.0 0.0 0.0 0.0 0.0 0.0 0.0 0.0 0.0 0.0 0.0 0.0 0.0 0.0 0.0 0.0 0.02600347970081826 0.0 0.0 0.0 0.0 0.0 0.013125447327261956 0.0 0.0 0.027555092793151114 0.013335530014262397 0.0 0.016711553706937887 0.01148848427154366 0.011079952395197414 0.0 0.00784808458292688
-1.0 -1.0 -1.0 -1.0 -1.0 -1.0 -1.0 -1.0 -1.0 -1.0 -1.0 -1.0 -1.0 -1.0 -1.0 -1.0 -1.0 0.04692410600280951 0.0001818952839041482 0.0 0.0018175439172918534 0.002180898793291634 0.0 0.0012062549417532656 0.0 0.0 0.0 0.0 0.0 0.0 0.0 0.0 0.0 0.0 0.0 0.0 0.0 0.0 0.0 0.0 0.0 0.0 0.0 0.0 0.0 0.0 0.0 0.0 0.0 0.0 0.0 0.0 0.0 3.322246109518319e-09 1.856207136991688e-08 0.0 0.0 0.0 0.0 0.0 0.0 0.0 0.0 0.0 0.0 0.011491987341639363 0.0 0.0 0.011594146843063041 0.0032959363994445193 0.012622726239329585
-1.0 -1.0 -1.0 -1.0 -1.0 -1.0 -1.0 -1.0 -1.0 -1.0 -1.0 -1.0 -1.0 -1.0 -1.0 -1.0 -1.0 -1.0 0.005991052452871068 0.0 0.008448946467560723 0.03181648880328826 0.032579027009400116 0.01626801316760688 0.0 0.0 0.0 0.0 0.0 0.0 0.0 0.0 0.0 0.0 0.0 0.0 0.0 0.0 0.0 0.0 0.0 0.0 0.0 0.0 0.0 0.0 1.6536359535435338e-09 1.9887544489344052e-09 0.0 0.0 7.972566926446146e-09 3.321902897163003e-10 0.0 1.97556350997473e-09 0.0128795253246674 0.0 0.0 0.0 0.0 0.0 0.0 0.0 0.0 0.0 0.0 0.0 0.0 0.0 0.0 0.01308078599694825 0.03949442688984614
-1.0 -1.0 -1.0 -1.0 -1.0 -1.0 -1.0 -1.0 -1.0 -1.0 -1.0 -1.0 -1.0 -1.0 -1.0 -1.0 -1.0 -1.0 -1.0 0.0 0.0 0.0 0.012557347347784237 0.0048224940607231115 0.031451215502153 0.0 0.0 0.0 0.0 0.0 0.0 0.0 0.0 0.0 0.0 0.0 0.0 0.0 0.0 0.0 0.0 0.0 0.0 0.0 0.0 0.0067355678696970804 4.607040960374841e-09 0.0035840406658132254 3.1682193079209403e-08 0.003908902845887857 2.4840534798115452e-08 3.804478940406646e-08 2.6874455312321548e-08 1.8193669625916457e-08 0.0013902268771552695 2.324372284807275e-09 0.0 0.025440321883666423 0.0 0.0 0.0 0.0 0.0 0.0 0.0 0.0 0.0 0.0 0.0 0.01812546774051672 0.024526191629775356
-1.0 -1.0 -1.0 -1.0 -1.0 -1.0 -1.0 -1.0 -1.0 -1.0 -1.0 -1.0 -1.0 -1.0 -1.0 -1.0 -1.0 -1.0 -1.0 -1.0 -1.0 0.0 0.019339992515515533 0.010799314175916662 0.0037610580416437365 0.011754761554245718 0.07981029784315911 0.0 0.0017976740628845608 0.0 0.0 0.0 0.0 0.0 0.0 0.0 0.0 0.0 0.0 0.0 0.0 0.0 0.0 0.0 0.0 0.0 0.008195650886732448 1.076880487744862e-07 1.3685469747240076e-07 0.005166634889728008 1.3238297691020125e-08 4.251220733943416e-08 5.087304945242004e-08 0.004690465088515151 4.95181142600823e-08 0.022385464910448426 0.0029555600322745614 0.03505693070769927 0.023134944368912596 0.013082833038100358 0.0 0.011474915728602533 0.0 0.0 0.0 0.0 0.0 0.0 0.0 0.0 0.0
-1.0 -1.0 -1.0 -1.0 -1.0 -1.0 -1.0 -1.0 -1.0 -1.0 -1.0 -1.0 -1.0 -1.0 -1.0 -1.0 -1.0 -1.0 -1.0 -1.0 -1.0 -1.0 0.0015604031261121595 0.005334429844730678 0.017415984652022667 0.0 0.028434076360784565 0.0 0.0 0.025438887762332153 0.012915786903430542 0.012910669608219301 0.0 0.0 0.0 0.0 0.0 0.0 0.0 0.0 0.0 0.0 0.0211341498051693 0.0 0.0 0.0 0.0 0.0 0.0 2.3501513863747962e-08 5.124170840882457e-08 1.235300931659276e-05 0.009401382006933842 0.010271790356369865 0.00114705896812517 0.02480925362628248 0.008035901555229676 0.025113040990709698 0.013698187436320064 0.036261115728930746 0.03126871438358999 0.03429941835258131 0.03276682994885041 0.02482605110073807 0.01023497821199821 0.018902816722747334 0.012905847587133054 0.0 0.0 0.0 0.0
-1.0 -1.0 -1.0 -1.0 -1.0 -1.0 -1.0 -1.0 -1.0 -1.0 -1.0 -1.0 -1.0 -1.0 -1.0 -1.0 -1.0 -1.0 -1.0 -1.0 -1.0 -1.0 0.0 0.0 0.0 -1.0 0.0 0.0 0.024611184133258777 0.012243843014606718 0.0 0.02395457515327699 0.0 0.0 0.00020741888733122403 0.0 0.004305861937817054 0.0 0.0 0.0 0.0 0.0 0.0 0.0 0.0 0.0 0.0 0.0 0.0 0.0 0.0001589039397072797 0.0009234760241693648 0.0 0.008266740484723152 0.009868968669861958 0.015211045402067235 0.008806412951434061 7.519424594942071e-05 0.0 0.04702828098722951 0.024908129243541393 0.02246637724197709 4.764572162576597e-08 0.027133749151851284 0.032448103832961685 0.04943178833370451 0.01320971766386802 0.005403794800314438 0.02801187421613013 0.01417887625497793 0.00462210614359417
-1.0 -1.0 -1.0 -1.0 -1.0 -1.0 -1.0 -1.0 -1.0 -1.0 -1.0 -1.0 -1.0 -1.0 -1.0 -1.0 -1.0 -1.0 -1.0 -1.0 -1.0 -1.0 0.007090889408775078 0.025141239837919587 0.0 0.0 -1.0 0.0 0.03654669323435674 0.024860228730192824 0.0 0.02514920994444377 0.0 0.0 0.0 0.0 0.0 0.0 0.0 0.0 0.011373208764153568 3.652284453694906e-09 0.0 0.039204047388086485 0.019029713751177672 0.0 0.0 0.0 0.0 0.0 0.0 0.0 0.0 0.0 0.0 0.033295502372055516 0.012575984320565893 0.014023727382096894 0.009147833630271282 6.57968362568759e-08 0.0016125372661105783 0.003935125718280837 8.580248784962529e-07 0.016087955624820165 0.022183338545947034 0.010384559072728592 0.0006139337710054113 0.026401772309949792 0.06958696081760221 0.045037390845349606 0.007775587483922107
-1.0 -1.0 -1.0 -1.0 -1.0 -1.0 -1.0 -1.0 -1.0 -1.0 -1.0 -1.0 -1.0 -1.0 -1.0 -1.0 -1.0 -1.0 -1.0 -1.0 -1.0 -1.0 0.02434448291990265 0.11184905326073741 0.07369355287983374 0.01021638321963114 -1.0 0.0 0.016400081549904667 0.04527666075164523 0.030831680678453155 0.011967050004208798 0.0 0.0 0.0 0.0 0.0 0.0 0.0 0.0 0.007349064837271739 0.012455329297046302 0.0 0.059285920218388216 0.0 0.0 0.0 0.0 0.0 0.0 0.0 0.0 0.0 0.0 0.0 0.0015620626162745723 0.013178477317226288 0.003839146888975282 4.959864147909188e-08 0.002143766915492566 3.898856097558761e-06 0.005720421239189127 0.0031716011523797473 0.0015622631889261297 0.007864149654063665 7.898743706542052e-08 6.167155173018941e-08 7.84842774137112e-08 0.01734679164315423 0.046398742402425745 0.01388063938678745
-1.0 -1.0 -1.0 -1.0 -1.0 -1.0 -1.0 -1.0 -1.0 -1.0 -1.0 -1.0 -1.0 -1.0 -1.0 -1.0 -1.0 -1.0 -1.0 -1.0 -1.0 -1.0 -1.0 0.010689048546087439 0.011413888149042572 0.01454212300797646 -1.0 -1.0 0.0 0.0 0.0045223406671455225 0.03500811750754481 0.011206552597051606 0.0 0.0 0.0 0.0 0.0 0.0 0.0 0.0 0.0 0.0 0.018282150034145114 0.00011072852236451379 0.0 0.0 0.0 0.0 0.0 0.0 0.0 0.0 0.036100196675763675 0.0 0.0 0.0 0.010238616841620552 0.028636436487677025 0.00022863731184043318 0.0020995905642009222 1.1211788743032897e-05 0.005761006710563184 0.02861099338272881 0.03532203681747338 0.0215341695089423 6.213087411651061e-08 0.0011879924275618404 5.759666171093179e-08 1.8859659285437153e-05 6.215588843089194e-05
-1.0 -1.0 -1.0 -1.0 -1.0 -1.0 -1.0 -1.0 -1.0 -1.0 -1.0 -1.0 -1.0 -1.0 -1.0 -1.0 -1.0 -1.0 -1.0 -1.0 -1.0 -1.0 -1.0 -1.0 0.0 0.009216772237491164 0.0 -1.0 -1.0 -1.0 0.0 0.010548004578879886 0.01718254269777678 0.0 0.0 0.0 0.0 0.0 0.0 0.0 0.0 0.0 0.0 0.0074866804784438105 0.0037713851186997453 0.0 0.0 0.0 0.0 0.0 0.0 0.0 0.0 0.0 0.0 0.0 0.0 0.012091993945442204 0.0142163722492778 0.004250065429873262 0.005102006822026683 0.007569522257444 0.0093029570151192 3.1334824667794435e-08 0.010054251425480866 7.670582700487499e-08 4.3003231805044805e-08 0.023971631906156 0.19841217234289926 0.14231940375411672 0.17590696268946224
-1.0 -1.0 -1.0 -1.0 -1.0 -1.0 -1.0 -1.0 -1.0 -1.0 -1.0 -1.0 -1.0 -1.0 -1.0 -1.0 -1.0 -1.0 -1.0 -1.0 -1.0 -1.0 -1.0 -1.0 -1.0 0.0 0.0 -1.0 -1.0 -1.0 -1.0 0.0 0.007925308280002397 0.0 0.027842592205335862 0.0 0.0 0.0 0.011931127236118357 0.0 0.0 0.018294661922598515 0.0 0.0 0.07647279079527086 0.014440858409271886 0.0 0.0 0.0 0.0 0.0 0.0 0.0 0.0 0.0 0.0 0.0 0.0 0.031946435302634274 0.018199209293757228 0.001447417627622888 0.007410429022278014 0.008600561067879545 0.013997993997087186 0.20622001412174537 0.267172712828247 0.11091069112894505 0.19882232545645417 0.13666933883558746 0.11950915432740192 0.057157045947554885
-1.0 -1.0 -1.0 -1.0 -1.0 -1.0 -1.0 -1.0 -1.0 -1.0 -1.0 -1.0 -1.0 -1.0 -1.0 -1.0 -1.0 -1.0 -1.0 -1.0 -1.0 -1.0 -1.0 -1.0 -1.0 -1.0 -1.0 -1.0 -1.0 -1.0 -1.0 -1.0 0.0009906473618549799 0.005965790510201252 0.05568046814223055 0.0 0.0 0.0 0.0 0.0 0.018389715709594013 0.0 0.0 0.0 0.11609674093640035 0.0 0.025967413542748626 0.0 0.0 0.0 0.0 0.0 0.0 0.0 0.0 0.0 0.0 0.0 0.0 0.02293345906443842 0.0014186783661559945 0.023837809240896037 0.010619856061508592 0.017426385800202983 0.13958963413780656 0.0 0.0 0.0 0.0 0.0 0.2580105177333576
-1.0 -1.0 -1.0 -1.0 -1.0 -1.0 -1.0 -1.0 -1.0 -1.0 -1.0 -1.0 -1.0 -1.0 -1.0 -1.0 -1.0 -1.0 -1.0 -1.0 -1.0 -1.0 -1.0 -1.0 -1.0 -1.0 -1.0 -1.0 -1.0 -1.0 -1.0 -1.0 -1.0 0.0 0.018293482992771077 0.07851335350319734 0.07957340907762035 0.041892250901646985 0.0 0.0 0.0 0.022743267467259305 0.0 0.055475344105624165 0.0229877501173515 0.1021763002959671 0.0 0.0 0.0 0.0 0.013349301297435424 0.0 0.0 0.0 0.0 0.0 0.0 0.0 0.0 0.018229698494229243 0.05867463082513303 0.019915113458082133 0.00024730006867765535 0.06693989918194433 0.3439277523869903 0.0 0.0 0.0 0.0 0.0 0.2997887646648511
-1.0 -1.0 -1.0 -1.0 -1.0 -1.0 -1.0 -1.0 -1.0 -1.0 -1.0 -1.0 -1.0 -1.0 -1.0 -1.0 -1.0 -1.0 -1.0 -1.0 -1.0 -1.0 -1.0 -1.0 -1.0 -1.0 -1.0 -1.0 -1.0 -1.0 -1.0 -1.0 0.0 0.0 0.042335727089604265 0.018358957884631818 0.05241927307438406 0.048624768792090364 0.054084547199582694 0.0673296470615459 0.016810552816767913 0.0 0.0 0.0 0.0 0.0 0.04752120287486738 0.047613817779141844 0.13746814262160972 0.025771208554322085 0.021077189486136075 0.026623832246317182 0.0 0.0 0.0 0.0 0.0 0.0 0.0 0.0004915889626861659 0.09253611985224777 0.03552331628094606 0.046314545641605635 0.17672636961781257 0.2525259994826261 0.2671081316846647 0.0 0.0 0.0 0.0 0.0
-1.0 -1.0 -1.0 -1.0 -1.0 -1.0 -1.0 -1.0 -1.0 -1.0 -1.0 -1.0 -1.0 -1.0 -1.0 -1.0 -1.0 -1.0 -1.0 -1.0 -1.0 -1.0 -1.0 -1.0 -1.0 -1.0 -1.0 -1.0 -1.0 -1.0 -1.0 -1.0 -1.0 0.0024721660386134155 0.0027833396077528625 0.005566699240076565 0.008241347480649737 0.0 0.03974417551873135 0.07321455999038357 0.045439118613297705 0.015495581368367081 0.01776843399493664 0.0 0.0 0.0 0.0233864580986333 0.022119917498658655 0.093110226423922 0.0 0.07678000901753453 0.01187170902842914 0.0 0.0 0.0 0.0 0.0 0.0 0.0 0.0 0.02463309757284827 0.07503772307609602 0.140783673345524 0.17363684085493436 0.09597051560298163 0.21289541924053776 0.0 0.0 0.0 0.0 0.0
-1.0 -1.0 -1.0 -1.0 -1.0 -1.0 -1.0 -1.0 -1.0 -1.0 -1.0 -1.0 -1.0 -1.0 -1.0 -1.0 -1.0 -1.0 -1.0 -1.0 -1.0 -1.0 -1.0 -1.0 -1.0 -1.0 -1.0 -1.0 -1.0 -1.0 -1.0 -1.0 -1.0 -1.0 0.0 0.01654043100545694 0.004366048614096454 0.08137373210848187 0.1147472564975094 0.06673031448620617 0.0066323229647905855 0.011056426083661532 0.011843854080320945 0.027831382763642328 0.03150176895243332 0.027688718436629813 0.0 0.0 0.0 0.05818895995617406 0.009478390531930907 0.0 0.0 0.0 0.0 0.0 0.0 0.119352020570644 0.0 0.0 0.0323478237289267 0.18598782367115543 0.11645734535418742 0.04202142680732081 0.15304222752579902 0.1306057659800733 0.19153401850411522 0.0 0.0 0.0 0.0
-1.0 -1.0 -1.0 -1.0 -1.0 -1.0 -1.0 -1.0 -1.0 -1.0 -1.0 -1.0 -1.0 -1.0 -1.0 -1.0 -1.0 -1.0 -1.0 -1.0 -1.0 -1.0 -1.0 -1.0 -1.0 -1.0 -1.0 -1.0 -1.0 -1.0 -1.0 -1.0 -1.0 -1.0 -1.0 -1.0 0.0 0.05659787933358692 0.02773594881730002 0.02206450039197587 0.0672082446252168 0.0 0.0424628375327632 0.0813550508191032 0.017551372539034247 0.004366760513836918 0.02243863900182865 0.0 0.0 0.14940876720504237 0.07458812219768364 0.014824699004067353 0.003710572777382232 0.014287843851728441 0.0 1.3543314907856673e-09 2.985759766487428e-09 0.027066624564028995 0.020354185190768037 0.0 0.01193145535325155 0.0019568612656637972 0.06324938915215023 0.10729060106937525 0.32623046863996796 0.28287197639081735 0.2781080240537368 0.0 0.0 0.0 0.0
-1.0 -1.0 -1.0 -1.0 -1.0 -1.0 -1.0 -1.0 -1.0 -1.0 -1.0 -1.0 -1.0 -1.0 -1.0 -1.0 -1.0 -1.0 -1.0 -1.0 -1.0 -1.0 -1.0 -1.0 -1.0 -1.0 -1.0 -1.0 -1.0 -1.0 -1.0 -1.0 -1.0 -1.0 -1.0 -1.0 -1.0 -1.0 0.0 0.0 0.0 0.018449778335609245 0.037313871941631126 0.060816283536728424 0.029906417561891694 0.0 0.026847558436834368 0.0 0.02680913286104562 0.2166302748644301 0.39256299647388426 0.1077070720214547 0.09531119637613487 0.05981329016225084 0.0 0.008156327974226003 0.023586234838714155 0.027629368959523812 0.09620311714360029 0.055608846116523995 0.027827332193132586 0.05262397360382204 0.13160214649682964 0.4190835437007937 0.0 0.0 0.0 0.0 0.0 0.0 0.0
-1.0 -1.0 -1.0 -1.0 -1.0 -1.0 -1.0 -1.0 -1.0 -1.0 -1.0 -1.0 -1.0 -1.0 -1.0 -1.0 -1.0 -1.0 -1.0 -1.0 -1.0 -1.0 -1.0 -1.0 -1.0 -1.0 -1.0 -1.0 -1.0 -1.0 -1.0 -1.0 -1.0 -1.0 -1.0 -1.0 -1.0 -1.0 -1.0 0.0 0.011771274526075359 0.0 0.06220354285735357 0.08222789959205906 0.12693191292508987 0.0 0.02782534258232582 0.027780314240614255 0.21633451112691235 0.0 0.0 0.2720880568286505 0.3127789235175617 0.20447039973638598 0.16114505962418676 0.02717645039820571 0.03532615903796052 0.08062878510085951 0.19224001025351342 0.136111975484529 0.16174656573399573 0.05551555206607437 0.0 0.33626206623984406 0.44276756613668994 0.44528249026444955 0.0 0.0 0.0 0.0 0.0
-1.0 -1.0 -1.0 -1.0 -1.0 -1.0 -1.0 -1.0 -1.0 -1.0 -1.0 -1.0 -1.0 -1.0 -1.0 -1.0 -1.0 -1.0 -1.0 -1.0 -1.0 -1.0 -1.0 -1.0 -1.0 -1.0 -1.0 -1.0 -1.0 -1.0 -1.0 -1.0 -1.0 -1.0 -1.0 -1.0 -1.0 -1.0 -1.0 0.0 0.006716013198488598 0.0 0.0 0.05874737047354778 0.057336575719437954 0.005146421179405906 0.08302650153723087 0.044478862889807576 0.46446819619106233 0.0 0.34310104482239007 0.0 0.0 0.0 0.05450110854870191 0.037208731430008433 0.0 0.02432009800046918 0.08284874858016233 0.33370634840449165 0.36644818904416737 0.027645915304774577 0.0 0.02721720751740992 0.0 0.4702057879673581 0.0 0.0 0.0 0.0 0.0
-1.0 -1.0 -1.0 -1.0 -1.0 -1.0 -1.0 -1.0 -1.0 -1.0 -1.0 -1.0 -1.0 -1.0 -1.0 -1.0 -1.0 -1.0 -1.0 -1.0 -1.0 -1.0 -1.0 -1.0 -1.0 -1.0 -1.0 -1.0 -1.0 -1.0 -1.0 -1.0 -1.0 -1.0 -1.0 -1.0 -1.0 -1.0 -1.0 -1.0 0.05578569226004227 0.027471966894743207 0.10508843333850218 0.1350543238211597 0.037660852779113095 3.263003445818668e-05 0.11067588780182573 0.18022186325941777 0.47753171865071703 0.38996424373253247 0.48139855389700326 0.0 0.0 0.0 0.2517699741864833 0.00018797593400316266 0.0 0.0 0.0 0.19762605704686667 0.39058173432101434 0.08261982472606806 0.12985092296858963 0.0981574768720911 0.0 0.0 0.0 0.4696848159447561 0.0 0.0 0.0
-1.0 -1.0 -1.0 -1.0 -1.0 -1.0 -1.0 -1.0 -1.0 -1.0 -1.0 -1.0 -1.0 -1.0 -1.0 -1.0 -1.0 -1.0 -1.0 -1.0 -1.0 -1.0 -1.0 -1.0 -1.0 -1.0 -1.0 -1.0 -1.0 -1.0 -1.0 -1.0 -1.0 -1.0 -1.0 -1.0 -1.0 -1.0 -1.0 -1.0 0.0 0.1130902522687555 0.06347834223340015 0.22214284063075523 0.03536659249433456 0.05546788757725491 0.027691125611482778 0.46312325334084614 0.5332093961421656 0.48431003216323126 0.4752922904447311 0.25557842097393296 0.45141964815402336 0.2222701774937433 0.14411532579156608 0.08623267167525861 2.1180066800543996e-05 0.0 0.0 0.0 0.21114381511632482 0.2792240468309052 0.3599743463172663 0.4228014242829606 0.46076330180497865 0.0 0.36262168425410435 0.20872634205145912 0.38061870841786416 0.4644404921488988 0.32087134950264784
-1.0 -1.0 -1.0 -1.0 -1.0 -1.0 -1.0 -1.0 -1.0 -1.0 -1.0 -1.0 -1.0 -1.0 -1.0 -1.0 -1.0 -1.0 -1.0 -1.0 -1.0 -1.0 -1.0 -1.0 -1.0 -1.0 -1.0 -1.0 -1.0 -1.0 -1.0 -1.0 -1.0 -1.0 -1.0 -1.0 -1.0 -1.0 -1.0 -1.0 -1.0 0.08233575366255154 0.05982599896936706 0.1268250386897313 0.0 0.02781764737276805 0.07873875648997296 0.4686609004530805 0.3662998600934183 0.2199050544890267 0.40649471428940526 0.28181047967701484 0.08758606731048253 0.16357642276587814 0.0 0.20356968317042734 0.0004533915360478681 2.41274402588695e-05 0.0 0.0 0.15680492374726374 0.10261109049431764 0.13289764668560433 0.3554616518911258 0.21348767234860344 0.0 0.47474117599178134 0.44622511925103436 0.33131580326624127 0.0 0.0
-1.0 -1.0 -1.0 -1.0 -1.0 -1.0 -1.0 -1.0 -1.0 -1.0 -1.0 -1.0 -1.0 -1.0 -1.0 -1.0 -1.0 -1.0 -1.0 -1.0 -1.0 -1.0 -1.0 -1.0 -1.0 -1.0 -1.0 -1.0 -1.0 -1.0 -1.0 -1.0 -1.0 -1.0 -1.0 -1.0 -1.0 -1.0 -1.0 -1.0 -1.0 0.0 0.011034746968470073 0.004693559005727865 0.0056245675029642245 0.007125940772792591 0.17486264999089848 0.29230678930623283 0.0 0.2991868026623225 0.32323783396813993 0.3498045042626596 0.23052037280494425 0.20631760465797977 0.42838780194081444 0.466502162994133 0.1258275705168304 0.0 0.0 0.0 0.052929381195102286 0.09789361133299666 0.11765521999633172 0.344039441300996 0.0 0.0 0.4119167141733544 0.260591541187698 0.44958996309742627 0.0 0.0
-1.0 -1.0 -1.0 -1.0 -1.0 -1.0 -1.0 -1.0 -1.0 -1.0 -1.0 -1.0 -1.0 -1.0 -1.0 -1.0 -1.0 -1.0 -1.0 -1.0 -1.0 -1.0 -1.0 -1.0 -1.0 -1.0 -1.0 -1.0 -1.0 -1.0 -1.0 -1.0 -1.0 -1.0 -1.0 -1.0 -1.0 -1.0 -1.0 -1.0 -1.0 0.015030463203490002 0.07240498800890242 0.009649392745597998 0.0022271127480764505 0.02761080567064251 0.3211072288183374 0.35036382029531127 0.41552748708537374 0.3254101534011811 0.42532835354400145 0.0 0.2984050652307185 0.19515048248211878 0.1334715946043498 0.23901639222210222 0.09826646830140827 0.026479831036050623 0.027773555687684897 0.05530312450781428 0.054941641858582003 0.12626690131073412 0.2785787027670512 0.0 0.0 0.3093926201625161 0.0 0.1390426268909335 0.05522161134145351 0.33189779085901067 0.45196339746908426
-1.0 -1.0 -1.0 -1.0 -1.0 -1.0 -1.0 -1.0 -1.0 -1.0 -1.0 -1.0 -1.0 -1.0 -1.0 -1.0 -1.0 -1.0 -1.0 -1.0 -1.0 -1.0 -1.0 -1.0 -1.0 -1.0 -1.0 -1.0 -1.0 -1.0 -1.0 -1.0 -1.0 -1.0 -1.0 -1.0 -1.0 -1.0 -1.0 -1.0 0.0 0.025270411413802436 0.10243595720287367 0.04732875404934721 0.0 0.054014906669047194 0.3500760305349569 0.3495065161716078 0.4076003307138227 0.4064798252830787 0.4987582314394201 0.11073041061965241 0.10762546947075138 0.34085538127219367 0.3527225800552807 0.37207229231484806 0.1674054103686257 0.0 0.0 0.02761252423550144 0.027548830371840045 0.10279462467948439 0.18275287103265198 0.39152223676864645 0.33523334232087265 0.1191217515758626 0.08022345622807725 0.0 0.0 0.10891863502728055 0.4732608699818206
-1.0 -1.0 -1.0 -1.0 -1.0 -1.0 -1.0 -1.0 -1.0 -1.0 -1.0 -1.0 -1.0 -1.0 -1.0 -1.0 -1.0 -1.0 -1.0 -1.0 -1.0 -1.0 -1.0 -1.0 -1.0 -1.0 -1.0 -1.0 -1.0 -1.0 -1.0 -1.0 -1.0 -1.0 -1.0 -1.0 -1.0 -1.0 -1.0 -1.0 0.041329939485051224 0.0 0.07453302178863601 0.07800413407550398 0.0 0.08161326120990275 0.0 0.30793653138400234 0.2565405336421051 0.367102228577258 0.2581641338385063 0.16061657095554027 0.27905452368249184 0.4291921667119709 0.3302035721364981 0.26132218107877897 0.2558331246025318 0.08038128768123631 0.0 0.0 0.02759228018672681 0.0535961921762556 0.05462295154422755 0.12179620329241146 0.13008243460189053 0.2404633919367751 0.03792479840341075 0.0 0.0 0.13748408172762158 0.39675860693245646
-1.0 -1.0 -1.0 -1.0 -1.0 -1.0 -1.0 -1.0 -1.0 -1.0 -1.0 -1.0 -1.0 -1.0 -1.0 -1.0 -1.0 -1.0 -1.0 -1.0 -1.0 -1.0 -1.0 -1.0 -1.0 -1.0 -1.0 -1.0 -1.0 -1.0 -1.0 -1.0 -1.0 -1.0 -1.0 -1.0 -1.0 -1.0 -1.0 -1.0 0.0655322444874009 0.010032683976538963 0.048583040236653 0.017338024820752918 0.0 0.08116335471150678 0.24214377225955294 0.3041757999513668 0.30860949761285955 0.2844397581772273 0.29204863218168586 0.33367510476141715 0.4306873616493252 0.43838634261074505 0.3198018513091791 0.03891818106449262 0.2843480446334144 0.18130552491006358 0.04840798061694464 0.026898306245559327 0.07803844144524408 0.10498614987362408 0.06562862450614783 0.1193169338552868 0.08437999330890983 0.07605927307975625 0.1120296414691034 0.12823845575837203 0.02674188617045553 0.10937590728970292 0.2457644059586732
-1.0 -1.0 -1.0 -1.0 -1.0 -1.0 -1.0 -1.0 -1.0 -1.0 -1.0 -1.0 -1.0 -1.0 -1.0 -1.0 -1.0 -1.0 -1.0 -1.0 -1.0 -1.0 -1.0 -1.0 -1.0 -1.0 -1.0 -1.0 -1.0 -1.0 -1.0 -1.0 -1.0 -1.0 -1.0 -1.0 -1.0 -1.0 -1.0 -1.0 0.08967797247795616 0.0 0.13203247533473472 0.0 0.0 0.11103945886629524 0.23377613267577657 0.27373182948180336 0.2793866445001935 0.35902097513414427 0.37112464587889155 0.4092801258973413 0.43815244093907013 0.46463569834714785 0.47759349683974067 0.1697238079904406 0.3506968272273973 0.34059903588667173 0.2779071862370724 0.16778747687146392 0.20432913989309423 0.124625493163307 0.15978366137267688 0.10204156491301836 0.2437196023410445 0.20539031167747465 0.07446966369494872 0.15222368342890033 0.09821101068546272 0.10510355496299749 0.3527998584812571
-1.0 -1.0 -1.0 -1.0 -1.0 -1.0 -1.0 -1.0 -1.0 -1.0 -1.0 -1.0 -1.0 -1.0 -1.0 -1.0 -1.0 -1.0 -1.0 -1.0 -1.0 -1.0 -1.0 -1.0 -1.0 -1.0 -1.0 -1.0 -1.0 -1.0 -1.0 -1.0 -1.0 -1.0 -1.0 -1.0 -1.0 -1.0 -1.0 0.0 0.012441061407372 0.0 0.0 0.030675839296065318 0.026335791759672135 0.1443702198079365 0.18583745353091607 0.20896734902177208 0.2994254589847504 0.35678246132561103 0.37145400104933035 0.416180025157976 0.43701925126661023 0.4714402073573623 0.4400843008895292 0.30078904085567837 0.22026877525901195 0.16661145169954786 0.27769883970067494 0.07152355063749279 0.09380641401843562 0.07722723398426452 0.1910168422104397 0.22357847619710083 0.28603420608282365 0.15425820018474862 0.06503888238743975 0.016930287366795322 0.36217253153493884 0.43185055686816126 0.1353637961695061
-1.0 -1.0 -1.0 -1.0 -1.0 -1.0 -1.0 -1.0 -1.0 -1.0 -1.0 -1.0 -1.0 -1.0 -1.0 -1.0 -1.0 -1.0 -1.0 -1.0 -1.0 -1.0 -1.0 -1.0 -1.0 -1.0 -1.0 -1.0 -1.0 -1.0 -1.0 -1.0 -1.0 -1.0 -1.0 -1.0 -1.0 -1.0 -1.0 -1.0 0.0056163553565954675 0.0 0.03355678134290916 0.11856240558153378 0.06381282703688328 0.1735596071217678 0.32381771777701196 0.22475747422396253 0.26925458602193314 0.31287355574140696 0.3296802780804415 0.34588591011613323 0.40607855892718697 0.407366169990625 0.3852466715560431 0.22099800128957622 0.20452896793832911 0.21834124082927228 0.2698567526481334 0.2571822401197331 0.12889819222200563 0.11349256985720674 0.1944163886366655 0.25754243084369605 0.30568921709751395 0.1197454845102307 0.1446559948173045 0.27208203724075447 0.0 0.0 0.0
