critload/trunk/output/1999/fegl.asc
ncols 720
nrows 360
xllcorner -180
yllcorner -90
cellsize 0.5
NODATA_value -1
[rows 128 to 159 of 360, columns 497 to 567 of 720]
0.0 0.03149823415076253 0.03340086746329752 0.0 0.05497871372791683 0.13344395922195915 0.05505803462932532 0.21723697756438543 0.17031929048607278 0.1979740188802638 0.16338460942648872 0.16784177477279938 0.0 0.0 0.0 0.0 0.0 0.0999521734403774 0.0 0.0 0.0 0.0 0.0 0.0 0.0 0.0 0.0 0.0 0.0 0.0 0.0 0.0 0.0 0.0 0.0 0.0 0.0 0.0 0.0 0.0 0.0 0.0 0.0 0.003577737841498071 1.3522532870092524e-08 1.61869319949269e-08 1.4561211062853095e-08 0.0004576464925368306 1.880666593090884e-08 0.001307544693647704 3.0571633827787824e-05 9.462551461054692e-10 0.0 0.005871356409307054 0.0 0.0 5.625922491650336e-09 0.0 0.0 0.06824976294082545 0.3026159877209568 0.0 0.0 0.0 0.0 0.0 0.0 0.0 0.0 0.7167912202072656 0.6733545668631657
0.0 0.08487482279723413 0.0705258072879826 0.0 0.027492181461555455 0.12716429679066504 0.13436785548413144 0.18837877234541825 0.0 0.0 0.09018290748696846 0.0 0.0 0.0 0.0 0.0 0.0 3.7959123971851126e-08 0.0 0.0 0.0 0.0 0.0 0.0 0.0 0.0 0.0 0.0 0.0 0.0 0.0 0.0 0.0 0.0 0.0 0.0 0.0 0.0 0.0 0.0 0.0 0.0 0.0 0.0008504118250338803 0.07611451054507416 0.03861575654589089 0.015999137762164294 0.01785965492505011 7.963196770799838e-05 9.365071360158371e-05 0.0 7.924979247846072e-09 0.0 0.001965399973290148 0.0 0.0026647472651133253 0.003883534196977969 0.0012877968953524488 0.05516843303814356 0.16951607542933683 0.0 0.0 0.3886260716522443 0.0 0.0 0.0 0.0 0.0 0.0 0.0 0.0
0.0 0.1543354949369443 0.01122527222058768 0.0 0.08828050651537427 0.1925876335779185 0.0 0.0 0.0009435703239681934 1.3535065468994236e-08 0.0 0.0 0.0 0.0 0.0 0.0 0.0 6.764858928338197e-08 0.0 0.0 0.0 0.0 4.502604375227885e-08 3.434182679982388e-08 0.0 0.0 0.0 0.0 0.0 0.0 0.0013110061198012117 0.0 0.0 0.0 0.0 0.0 0.0 0.0 0.0 0.0 0.0 0.0 0.0 0.0 0.0 0.0 0.0 0.0 0.0 0.00011253279953298058 0.0008476840438266599 1.4448863684756048e-08 2.8070865437097694e-08 2.6419870298860283e-09 0.0 0.005516102701464802 0.0 3.2760640453223293e-06 0.1953014460208908 0.28485481468910206 0.0 0.0 0.0 0.0 0.24736902386915022 0.3540541066491743 0.0 0.0 0.27015015848265644 0.7111558043954834 0.5160364271160951
0.04374538712443813 0.034763299478947934 0.0 0.0 0.35064142647996976 0.2684372849841931 0.0 0.0 1.3597507219214898e-08 8.271169654633074e-09 3.58909749123934e-08 3.416155627815091e-08 0.0 0.0 0.0 0.0 0.0 0.0 0.0 0.0 0.0 0.0 0.0 9.496123364627168e-05 0.000643772463630863 0.0 0.0 0.0 0.006276726838768981 0.0 0.0 0.0 0.0035172206382140547 0.0 0.0 0.0 0.0 0.0 0.0 0.0 0.0 0.0 0.0 0.0 0.0 0.0 0.0 0.023407293634793613 7.915584901018735e-09 0.0 4.028770188627034e-09 0.0 0.0026553072732657538 2.0507095400565785e-08 0.0 0.004581823786764786 0.001674069417212545 2.013399681481835e-08 0.11941318378672153 0.22033948513778362 0.3356089365663081 0.0 0.0 0.0 0.3104609650383582 0.24922727134118866 0.0 0.0 0.0 0.5229144834736996 0.7328788090804755
0.07985414828414414 0.10721427379263326 0.08144626850483959 0.026664216687566612 0.2274526037410245 0.20569266971048955 0.0 0.0 0.0 0.0 0.0 0.0 0.0 0.0 0.0 0.0 0.0 3.834980000056286e-08 0.0 0.0 0.0 0.0 0.0 0.0 0.0 0.0 2.5095716345667512e-08 0.00012767179137735426 0.00014125351681890143 3.993787226078437e-08 1.883169490499153e-08 9.578858042071826e-09 2.6752047643140148e-08 9.239571124424288e-05 0.0 0.0 0.0 0.0 0.0 0.0 0.0 0.0 0.0 0.0 0.0 0.0 0.001575729620151622 0.0008686886608477189 3.381244846508302e-05 0.0 0.0 0.001741044962356921 6.600847292888774e-09 0.0102630073566311 0.01111537034602686 0.013558077845933925 0.0 0.0 0.04360377644391126 0.0 0.23185776952146717 0.0 0.0 0.39137721217619004 0.3631835161630292 0.31121064913864005 0.0 0.0 0.0 0.0 0.7388408730643788
0.1682561564315091 0.21104607719158036 0.19899013675872249 0.3502028584922943 0.22834517196734935 0.22486561153140036 0.0 0.0 0.0 0.0 0.0 0.0 0.0 0.0 0.0 0.0 0.0 0.0 0.0 0.0 0.0 0.0 0.0 0.0 0.0 2.6760934019005e-08 5.23510727255674e-08 4.8677742497068756e-08 3.74027658419915e-08 5.631416463074128e-08 5.6143557074440696e-09 1.3327008309380222e-08 5.257616812339294e-08 0.0 0.0024602986335116135 0.0 0.0 0.0 0.0 0.0 0.0 0.0 0.0 0.0 0.0 0.0 0.0 0.0 0.0 0.0 0.0 0.00444557878792319 0.0 0.024942977294277857 0.018035738577722844 4.005203582751868e-09 0.00491701134345553 0.0 1.2377708070698337e-09 0.00038257704624897985 0.026266998156163308 0.2796252529583678 0.0 0.0 0.28697191830141694 0.319724373496356 0.5385802003986728 0.0 0.0 0.6477873798882402 0.722208564911106
0.0 0.0 0.10207035431945147 0.19387596775761476 0.0 0.0 0.0 0.0 0.0 0.0 0.0 0.0 0.0 0.0 0.0 0.0 0.0 0.0 0.0 0.0 0.0 0.0 0.0 0.0 0.0 0.00030290248167802274 0.0005221217346119582 0.0012114114539352634 0.0004439002464161375 1.620659335129218e-08 2.4143457971309373e-08 2.527133853532185e-08 5.7481854729978034e-08 0.0015298809195061422 0.00493647203673739 0.035053842470101425 0.0 0.0 0.0 0.0 0.0 0.0 0.0 0.0 0.0 0.0 0.0 0.0 4.6292615697948095e-09 0.0 0.0 0.004520464189682205 0.0012150282106115503 0.0 0.0 0.001291255464056254 0.0 2.523955161912711e-09 1.6785920690984703e-08 6.783083868527974e-09 0.0 0.09347250717482321 0.0 0.0 0.39604987853879403 0.23531196163485749 0.3245916418978093 0.2544470470534083 0.0 0.0 0.0
0.0 0.15870958820182665 0.0 0.0 0.0 0.11821876682888609 0.0 0.06819519740473819 0.0 0.0 0.0 0.0 0.0 0.0 0.0 0.0 0.0 0.0 3.849888693918636e-08 2.2818997330217763e-08 0.0 0.0 0.0 0.0 5.866737662479992e-08 0.00039759244083971033 0.0 0.0 0.0 0.0001439416706003579 2.6092724690673337e-08 3.021390817881524e-08 3.7315628988174036e-08 0.00013658479992971538 0.004845447257396128 0.0050722813681406955 0.0 0.0 0.0 0.0 0.0 0.0 0.0 0.0 0.0 0.0 0.0 0.0 0.03119542561187884 0.0 0.0 0.0037686941509327784 0.0 0.0 0.0 6.221073262297394e-06 5.2826004756963385e-09 7.657544058696711e-09 6.267452267813787e-09 0.00046528569012452205 0.0 0.2003040861528447 0.0 0.0 0.2753128517472707 0.10090787738390798 0.0661457944988551 0.05163145026237155 0.0 0.0 0.0011482757900418263
-1.0 0.0 0.0 0.0 0.0 0.0 0.0 0.0 0.0 0.0 0.0 5.484857087045341e-08 0.0 0.0 0.0 0.0 0.0 0.0009556137006768589 0.0 0.0 2.3271002873689724e-08 0.00037562732527565766 5.6546521487548306e-08 0.0 4.5614784087583246e-08 0.0 0.0 0.0 0.0 0.0 2.2291838775410296e-08 5.1764006432568935e-08 8.916345516361442e-09 1.5867204268682674e-08 0.0 3.998739286867898e-08 0.0 0.0 0.0 0.0 0.0007861328334773808 0.0 0.0 0.0 -1.0 -1.0 0.0 0.0 0.0 0.0 0.0 0.005841582383679982 0.0 0.0 0.0 0.005291655606584522 0.0 0.0 0.0 3.298778981700432e-10 0.0 0.0 0.0 0.2518442314389101 0.324653662896244 0.0642762088272081 0.0 0.0 0.0 0.0 0.0
-1.0 -1.0 0.0 0.0 6.404449116764529e-08 0.0 0.0 0.0 0.0 0.0 0.0 0.0 0.0 0.0 0.0 0.0 0.004062606869293421 0.02424289472227033 0.0 0.0005234507177851901 0.003699702901754218 0.0 0.0 0.001449798681146056 0.03519370603509679 0.0 0.0 0.0 0.0 0.0009743627933871045 0.0 2.5094678449036634e-08 3.0582382266686786e-08 0.0037128628527445663 2.3756791865893124e-08 0.0009250325055311255 0.0 -1.0 -1.0 -1.0 -1.0 -1.0 -1.0 -1.0 -1.0 -1.0 -1.0 0.007130945703126511 0.0 0.0 0.0 0.01359310235716108 0.0 0.0 0.0 0.010568065043341427 0.006538461473566733 0.0022107632462402987 0.0032519562526137505 0.0046334237055220134 0.0 0.0 0.001261206727188135 0.0 0.0 0.04516049666623455 0.022886868914237416 0.0 0.001415578825654095 0.006844590738148991 3.910156550749444e-09
-1.0 -1.0 -1.0 0.0 0.0 0.0 0.0 -1.0 0.0 0.0 1.0896651099912924e-08 0.0 0.0 0.0 0.0 0.0 0.0 0.0 0.0 0.0 0.0 0.0 0.0 1.0899194682987184e-08 0.00028794122421861416 0.0 0.0 8.722706267521355e-05 4.331792595588787e-08 0.0 0.0 0.0005622449094896093 1.0332560614994805e-08 0.004976464529270323 0.0 0.0 0.0 -1.0 -1.0 -1.0 -1.0 -1.0 -1.0 -1.0 -1.0 -1.0 -1.0 0.0 0.0017654255244656972 0.005165717567120788 0.0 0.002579482316219204 0.0 0.0 0.0 0.015799750932291964 0.021538837985127988 0.0024102730605021043 0.007655129518089167 0.0025015000948249554 0.0 0.0 0.001340021799536233 0.0 0.0 0.0 5.568112532626716e-09 0.0 0.0 0.0 0.0
-1.0 -1.0 -1.0 -1.0 -1.0 -1.0 -1.0 -1.0 0.0 4.9209027502688206e-08 0.0 0.0 0.0 0.0 0.0 0.0 0.0 0.0 0.0 0.0 0.0 0.0 0.008881659547734498 0.00115689398694041 3.6313659043940504e-09 8.458715021511172e-05 1.882557712615625e-08 0.0002525911815234629 0.0003450755741280644 0.0 8.579369979190036e-09 1.782673627560012e-08 2.810494987037047e-08 0.0 0.0 0.0 0.0 -1.0 -1.0 -1.0 -1.0 -1.0 -1.0 -1.0 -1.0 -1.0 -1.0 -1.0 0.0 0.013911906302840685 0.0 0.0022512507401423743 0.0 0.0 0.012400674041797347 0.014907508309611078 0.0008547051654322527 0.004911037031622746 4.8167062941251435e-05 1.320370732783288e-09 0.0 0.0013456692203371947 0.00907164038978174 0.010568448673161117 4.623788964156732e-09 6.869699219996625e-09 0.005040811385518447 0.001260582826636811 0.0041205198203772215 0.0 0.0
-1.0 -1.0 -1.0 -1.0 -1.0 -1.0 -1.0 -1.0 0.0 0.0 0.0 0.0 0.0 0.0 0.0 0.0 0.0 0.0 0.0 0.0 0.0 0.0 5.8467085646530846e-08 0.0021280454167907706 0.0 2.1680373947385956e-09 3.4891162608525916e-08 5.928763186447856e-08 0.006217839091098759 2.210611754650853e-08 0.0 7.267050923021392e-09 0.0 0.006526786313782655 0.0 0.0 -1.0 -1.0 -1.0 -1.0 -1.0 -1.0 -1.0 -1.0 -1.0 -1.0 -1.0 -1.0 -1.0 0.0005602126444326398 0.010887168863479157 0.0 0.01979387057392724 0.0 0.010848924643251847 0.010944887311865385 0.003532170584715205 0.0013039185684112517 0.011925001437327203 0.0 0.0 0.005834363100090943 0.0066348122876418985 0.01180537868453938 7.604217680809348e-09 6.203595991084468e-05 0.00021201249547997723 0.006121617173836158 0.0027883175342795735 0.0021682881564216057 0.00016528857798970656
-1.0 -1.0 -1.0 -1.0 -1.0 -1.0 -1.0 -1.0 0.00038564368433707217 0.0 4.8504355491636014e-08 0.00025485062657843105 0.0 0.0 0.0 0.0 0.0 0.0 0.0 0.0 0.0 0.008777918396476285 0.024045363660371705 9.460468309761121e-05 0.0 7.4149601828996e-05 3.740951391817294e-08 0.0 2.6957385089847417e-08 1.3871745353440475e-08 1.4536989959895698e-08 2.609607819773915e-08 0.0 0.0 -1.0 -1.0 -1.0 -1.0 -1.0 -1.0 -1.0 -1.0 -1.0 -1.0 -1.0 -1.0 -1.0 -1.0 -1.0 -1.0 0.00915727103707992 0.011484817920720904 0.009404674321907953 0.0 0.0015311172852601354 0.0019701768655407065 0.0 0.0010446830646635835 0.0 0.0 6.6138757430189e-10 1.3211026175997394e-09 0.003820327289384396 0.0042571980514104655 1.186132959611949e-08 0.0 6.982666859614034e-09 0.003664632514405857 0.0 5.250260842832794e-09 0.0024161365475406367
-1.0 -1.0 -1.0 -1.0 -1.0 -1.0 -1.0 -1.0 0.0 8.153205939969143e-05 0.0 0.0 0.0 0.0 0.0 0.0 0.0 0.0 0.0 0.0 0.0 0.0 0.0 0.0014544867923300142 6.94071102000142e-09 0.003614777941584238 0.00246567548324361 0.00035993564323095036 3.201193021773943e-08 4.280769252868533e-08 0.02426394977889592 0.0 0.0 -1.0 -1.0 -1.0 -1.0 -1.0 -1.0 -1.0 -1.0 -1.0 -1.0 -1.0 -1.0 -1.0 -1.0 -1.0 -1.0 -1.0 0.0 0.013338033098377342 0.0007998638692324119 0.0 0.0028107298822223855 0.0030524466551317474 0.00138969860040068 0.0 0.0 0.011146095227189495 5.948888249717464e-09 1.6530175942319757e-09 0.0018125100920302797 0.008115282226060474 0.003709600053580448 0.0 0.005851221778908425 2.8634260169990747e-09 0.004992017752740166 0.0 0.0
-1.0 -1.0 -1.0 -1.0 -1.0 -1.0 -1.0 -1.0 5.037247109126319e-05 1.6278243658089827e-08 4.424559993437691e-08 0.0 0.0 0.0 0.0 0.0 0.0 0.0 0.0 0.0 0.0 0.0 0.0 6.453858667648977e-08 4.2063108726620814e-08 8.259692830736335e-09 2.1477669937204226e-08 9.570162929352055e-09 6.751721128118714e-09 3.702130759245851e-08 0.0 0.0 -1.0 -1.0 -1.0 -1.0 -1.0 -1.0 -1.0 -1.0 -1.0 -1.0 -1.0 -1.0 -1.0 -1.0 -1.0 -1.0 -1.0 -1.0 -1.0 0.0 0.0 0.0 0.0 0.000143982268382361 0.006556272228840564 0.0 0.0 0.0 0.0010095990913709851 2.928288923914619e-08 0.007136323223544544 1.2887543664132264e-08 0.020122749225901758 0.0023823956122586113 6.28431889638883e-09 0.0013875262540163143 0.0069646098561819865 0.0 0.02178888563275257
-1.0 -1.0 -1.0 -1.0 -1.0 -1.0 -1.0 -1.0 -1.0 6.964890934239658e-05 1.4380291819852428e-08 0.0 4.385774850060637e-08 0.0 0.0 0.0 0.0 0.0 0.0 0.0 0.0 0.0 0.0 0.0005948400483734499 0.0 3.791209399399149e-08 2.639788977502336e-09 0.00033455381556335943 0.00028089152036844936 0.0 0.0 -1.0 -1.0 -1.0 -1.0 -1.0 -1.0 -1.0 -1.0 -1.0 -1.0 -1.0 -1.0 -1.0 -1.0 -1.0 -1.0 -1.0 -1.0 -1.0 -1.0 0.0 0.002982170554191585 0.0 0.0 1.294208168944238e-06 0.0 0.0 0.0 0.0 1.4858410242604852e-08 0.03351104345396898 0.009301584174344624 0.004747445717045217 0.01965770821297057 1.3481462082548596e-09 0.012428921359898693 0.009020736582593605 0.0 0.0 0.0
-1.0 -1.0 -1.0 -1.0 -1.0 -1.0 -1.0 -1.0 -1.0 0.0 2.6154214338850176e-08 0.0 0.0 0.007957733418332407 0.0 0.0 0.0 0.0 0.0 0.0 0.0 0.0 0.0 0.0 0.0 0.0 0.0 0.0 0.0 -1.0 -1.0 -1.0 -1.0 -1.0 -1.0 -1.0 -1.0 -1.0 -1.0 -1.0 -1.0 -1.0 -1.0 -1.0 -1.0 -1.0 -1.0 -1.0 -1.0 -1.0 -1.0 -1.0 0.0029373743909631186 0.0 0.0 0.010471303850312906 0.0013875555280093018 0.010747981986348605 0.010785818881532237 9.60989335762086e-05 0.008905285257628369 0.005518634602072321 0.0 0.0 0.0067130251544851565 0.0019936904909567473 0.021056078159347215 0.0 0.0 0.0 0.019457175902515965
-1.0 -1.0 -1.0 -1.0 -1.0 -1.0 -1.0 -1.0 -1.0 0.0 3.5416886286328644e-08 0.0 0.0 0.0 0.00032041172047832933 5.589554135468263e-08 0.0 0.0 0.0 0.0 0.0 0.0 0.0 0.0 0.0 0.0 0.0 0.0 -1.0 -1.0 -1.0 -1.0 -1.0 -1.0 -1.0 -1.0 -1.0 -1.0 -1.0 -1.0 -1.0 -1.0 -1.0 -1.0 -1.0 -1.0 -1.0 -1.0 -1.0 -1.0 -1.0 0.0022001695829385374 0.0 0.0 0.0 0.0 0.0035072365067070786 0.0 0.0 0.008060726773399404 0.007284169545635885 0.0 0.0 0.0 0.015795698374965406 0.009874621280948207 0.02929783063646777 0.0 0.0 0.0 0.0
-1.0 -1.0 -1.0 -1.0 -1.0 -1.0 -1.0 -1.0 -1.0 0.0 2.5213532600002306e-08 0.0 0.0 0.0 0.0 0.0 0.0 0.0 0.0 0.0 0.0003683309766288115 0.01604773005510543 0.0 0.0 0.0 0.0 0.0 0.0 -1.0 -1.0 -1.0 -1.0 -1.0 -1.0 -1.0 -1.0 -1.0 -1.0 -1.0 -1.0 -1.0 -1.0 -1.0 -1.0 -1.0 -1.0 -1.0 -1.0 -1.0 -1.0 -1.0 0.00479902957412983 4.499688174235023e-08 0.0 0.0 0.0 -1.0 -1.0 0.0 0.0045173115691854605 0.00022335219974171892 0.020051504467909927 0.0 0.0 0.0 0.001612353121406385 0.014643864129996262 0.0 0.0 0.0 0.0
-1.0 -1.0 -1.0 -1.0 -1.0 -1.0 -1.0 -1.0 -1.0 -1.0 0.0 4.232745460053724e-08 0.0 0.0 0.0 0.0 0.0 0.0 0.0 0.0 0.0007634362930218761 0.0 0.0 0.0 0.0 0.0 -1.0 -1.0 -1.0 -1.0 -1.0 -1.0 -1.0 -1.0 -1.0 -1.0 -1.0 -1.0 -1.0 -1.0 -1.0 -1.0 -1.0 -1.0 -1.0 -1.0 -1.0 -1.0 -1.0 -1.0 -1.0 0.0021404770083616634 0.0016121472496057648 0.01471682780247155 0.0 -1.0 -1.0 -1.0 0.012783918877157458 0.004937398091571389 0.0 0.03192000509342629 0.0 0.0 0.0 0.016727482422135453 0.0 0.0 0.000703179354444379 0.0 0.0
-1.0 -1.0 -1.0 -1.0 -1.0 -1.0 -1.0 -1.0 -1.0 -1.0 0.0 9.242156155235891e-09 1.4504180455591095e-08 0.0 0.0 0.0 0.0 0.18417331101872628 0.11790284559754619 0.021164276703419464 0.07063999595565854 0.11876687852768059 0.0 0.0 -1.0 -1.0 -1.0 -1.0 -1.0 -1.0 -1.0 -1.0 -1.0 -1.0 -1.0 -1.0 -1.0 -1.0 -1.0 -1.0 -1.0 -1.0 -1.0 -1.0 -1.0 -1.0 -1.0 -1.0 -1.0 -1.0 -1.0 -1.0 -1.0 -1.0 -1.0 -1.0 -1.0 -1.0 0.007061429128911449 0.0 0.0 0.0 0.0 0.0 0.0 0.0 0.0 0.0 0.0 0.0 0.0
-1.0 -1.0 -1.0 -1.0 -1.0 -1.0 -1.0 -1.0 -1.0 -1.0 -1.0 2.150661334362756e-06 4.725089787788809e-08 0.0 0.0 0.15467361653859366 0.16407645558496362 0.2472854763220313 0.32167897809667134 0.2446231093102877 0.28150218659725834 0.13443479578055267 0.0 0.0 -1.0 -1.0 -1.0 -1.0 -1.0 -1.0 -1.0 -1.0 -1.0 -1.0 -1.0 -1.0 -1.0 -1.0 -1.0 -1.0 -1.0 -1.0 -1.0 -1.0 -1.0 -1.0 -1.0 -1.0 -1.0 -1.0 -1.0 -1.0 -1.0 -1.0 -1.0 -1.0 -1.0 -1.0 0.023081240122828414 0.015477170427014778 0.0002697839816479565 0.012785365105003917 0.0 0.0 0.0 0.03048710598937147 0.0 0.0 3.024300443531306e-08 0.0 0.0
-1.0 -1.0 -1.0 -1.0 -1.0 -1.0 -1.0 -1.0 -1.0 -1.0 -1.0 0.0 2.73311208810624e-08 8.488334997442215e-08 0.0 0.14829808061566113 0.05993085701437492 0.10171306325110588 0.16207309189423105 0.12425671168411617 0.14091962061084845 0.07145305368079809 0.0 0.0 -1.0 -1.0 -1.0 -1.0 -1.0 -1.0 -1.0 -1.0 -1.0 -1.0 -1.0 -1.0 -1.0 -1.0 -1.0 -1.0 -1.0 -1.0 -1.0 -1.0 -1.0 -1.0 -1.0 -1.0 -1.0 -1.0 -1.0 -1.0 -1.0 -1.0 -1.0 -1.0 -1.0 -1.0 -1.0 0.006849012775180259 0.0 0.02085686791626171 0.0 8.259864568938503e-09 0.0 0.01738383214533014 0.005546259451936625 0.010955003536255373 0.03802470283787887 0.019626045263569574 0.0178695647307953
-1.0 -1.0 -1.0 -1.0 -1.0 -1.0 -1.0 -1.0 -1.0 -1.0 -1.0 -1.0 3.638863793225549e-08 1.9042662421630378e-08 3.4541516857534816e-08 0.007739917007631617 0.0035853494365045693 0.0 0.0 0.06305037261924598 0.008160798873633569 0.0013142390340755508 0.0 0.0 -1.0 -1.0 -1.0 -1.0 -1.0 -1.0 -1.0 -1.0 -1.0 -1.0 -1.0 -1.0 -1.0 -1.0 -1.0 -1.0 -1.0 -1.0 -1.0 -1.0 -1.0 -1.0 -1.0 -1.0 -1.0 -1.0 -1.0 -1.0 -1.0 -1.0 -1.0 -1.0 -1.0 -1.0 -1.0 0.0184544243778639 0.0 0.022002467748654386 0.0 0.0 0.0 1.1971813275511331e-08 0.0 0.0 0.0 2.0262232786756552e-08 0.018249367070952056
-1.0 -1.0 -1.0 -1.0 -1.0 -1.0 -1.0 -1.0 -1.0 -1.0 -1.0 -1.0 0.0 4.198014840308291e-08 3.2266290157133465e-08 0.0 0.0 0.0 0.0 0.0 0.0108453196472684 0.0 0.0 0.0 -1.0 -1.0 -1.0 -1.0 -1.0 -1.0 -1.0 -1.0 -1.0 -1.0 -1.0 -1.0 -1.0 -1.0 -1.0 -1.0 -1.0 -1.0 -1.0 -1.0 -1.0 -1.0 -1.0 -1.0 1.5585492188529187e-08 0.0 -1.0 -1.0 -1.0 -1.0 -1.0 -1.0 -1.0 -1.0 -1.0 0.0 0.006639986223138059 0.00787251050664356 0.0010869358749117197 0.0 0.0 0.0 0.05048713844533508 0.04218087270938444 0.021630346367162726 3.265584166306191e-08 0.015052242389455036
-1.0 -1.0 -1.0 -1.0 -1.0 -1.0 -1.0 -1.0 -1.0 -1.0 -1.0 -1.0 0.0 5.043951066152798e-08 1.1892162491926905e-08 0.0 0.0 0.0 0.0 0.0 0.004974325731133401 0.0 0.0 0.0 -1.0 -1.0 -1.0 -1.0 -1.0 -1.0 -1.0 -1.0 -1.0 -1.0 -1.0 -1.0 -1.0 -1.0 -1.0 -1.0 -1.0 -1.0 -1.0 -1.0 -1.0 -1.0 -1.0 -1.0 3.102882014437761e-09 -1.0 -1.0 -1.0 -1.0 -1.0 -1.0 -1.0 -1.0 -1.0 -1.0 0.0 0.005810961593570506 0.0 0.014381863252490633 -1.0 0.0 0.0 0.013715129915109647 0.019836149588283225 0.0035611554917628434 0.0290239059995257 4.8155049186049625e-08
-1.0 -1.0 -1.0 -1.0 -1.0 -1.0 -1.0 -1.0 -1.0 -1.0 -1.0 -1.0 -1.0 0.0 2.578290691556565e-08 0.0 0.0 3.931488003714881e-08 3.468265275436509e-08 0.0 3.369809310948604e-08 0.0 0.0 0.0 -1.0 -1.0 -1.0 -1.0 -1.0 -1.0 -1.0 -1.0 -1.0 -1.0 -1.0 -1.0 -1.0 -1.0 -1.0 -1.0 -1.0 -1.0 -1.0 -1.0 -1.0 -1.0 -1.0 -1.0 4.507916076453509e-09 -1.0 -1.0 -1.0 -1.0 -1.0 -1.0 -1.0 -1.0 -1.0 -1.0 0.02799259720985128 0.060743093135351874 0.017407568043276107 0.030975726196380424 -1.0 -1.0 -1.0 -1.0 0.09014173663203494 0.016472038576571934 0.027229745382209507 0.01762238793615833
-1.0 -1.0 -1.0 -1.0 -1.0 -1.0 -1.0 -1.0 -1.0 -1.0 -1.0 -1.0 -1.0 0.0 0.0 7.4666651766946135e-06 6.465476184378177e-08 7.594693827152392e-09 0.18799498387793043 1.8856555663671032e-08 5.843586261251557e-08 0.0 0.0 -1.0 -1.0 -1.0 -1.0 -1.0 -1.0 -1.0 -1.0 -1.0 -1.0 -1.0 -1.0 -1.0 -1.0 -1.0 -1.0 -1.0 -1.0 -1.0 -1.0 -1.0 -1.0 -1.0 -1.0 -1.0 0.0016898891711998995 -1.0 -1.0 -1.0 -1.0 -1.0 -1.0 -1.0 -1.0 -1.0 -1.0 0.01067988366984218 0.016383122172191737 8.356256961688982e-06 0.020750627303257108 -1.0 -1.0 -1.0 -1.0 -1.0 0.014391039916060553 0.0 0.04256950085810061
-1.0 -1.0 -1.0 -1.0 -1.0 -1.0 -1.0 -1.0 -1.0 -1.0 -1.0 -1.0 -1.0 -1.0 0.0 0.002357561306286339 1.185623787270695e-08 0.0 0.0 0.0 0.0 0.0 0.0 -1.0 -1.0 -1.0 -1.0 -1.0 -1.0 -1.0 -1.0 -1.0 -1.0 -1.0 -1.0 -1.0 -1.0 -1.0 -1.0 -1.0 -1.0 -1.0 -1.0 -1.0 -1.0 -1.0 -1.0 -1.0 -1.0 -1.0 -1.0 -1.0 -1.0 -1.0 -1.0 -1.0 -1.0 -1.0 -1.0 -1.0 0.031370073873706134 0.04096258057016147 0.0 -1.0 -1.0 -1.0 -1.0 -1.0 0.0 0.012136731560813666 0.04324512395196408
-1.0 -1.0 -1.0 -1.0 -1.0 -1.0 -1.0 -1.0 -1.0 -1.0 -1.0 -1.0 -1.0 -1.0 0.0 0.0 0.0 0.0 0.0 0.0 0.0 0.0 0.0 -1.0 -1.0 -1.0 -1.0 -1.0 -1.0 -1.0 -1.0 -1.0 -1.0 -1.0 -1.0 -1.0 -1.0 -1.0 -1.0 -1.0 -1.0 -1.0 -1.0 -1.0 -1.0 -1.0 -1.0 5.376499246400951e-10 0.0 -1.0 -1.0 -1.0 -1.0 -1.0 -1.0 -1.0 -1.0 -1.0 -1.0 0.0 0.04149869952546319 0.006429754029237211 -1.0 -1.0 -1.0 -1.0 -1.0 -1.0 -1.0 0.004577488210379899 0.04987630364518611
-1.0 -1.0 -1.0 -1.0 -1.0 -1.0 -1.0 -1.0 -1.0 -1.0 -1.0 -1.0 -1.0 -1.0 -1.0 0.0 2.7434822752314563e-08 6.942078765199217e-09 0.0008037568098683618 0.11450963132344329 0.0 0.0 0.0 -1.0 -1.0 -1.0 -1.0 -1.0 -1.0 -1.0 -1.0 -1.0 -1.0 -1.0 -1.0 -1.0 -1.0 -1.0 -1.0 -1.0 -1.0 -1.0 -1.0 -1.0 -1.0 -1.0 -1.0 -1.0 -1.0 -1.0 -1.0 -1.0 -1.0 -1.0 -1.0 -1.0 -1.0 -1.0 -1.0 0.0 0.02633614477376528 0.0 -1.0 -1.0 -1.0 -1.0 -1.0 -1.0 -1.0 -1.0 0.010236628992613425
