critload/trunk/output/1999/fegl.asc
ncols 720
nrows 360
xllcorner -180
yllcorner -90
cellsize 0.5
NODATA_value -1
[rows 224 to 255 of 360, columns 213 to 283 of 720]
-1.0 -1.0 -1.0 -1.0 -1.0 -1.0 0.0 0.0 0.05540857588932446 0.10279353173437279 0.16606015119615158 0.11098167735093435 0.11093233032103038 0.11086631789451724 0.1664725160267826 0.1649902800290157 0.16617284482776584 0.15659862713440326 0.024391687660681418 0.02724235340045274 0.04933684849917047 0.2217676677092438 0.4128617964169297 0.4465680884528691 0.49900608516131184 0.44304880903877336 0.43552718886690633 0.3352607638059653 0.4022168945053518 0.44059682994474253 0.0 0.0 0.0 0.0 0.0 0.0 0.0 0.0 0.0 0.0 0.0 0.0 0.0 0.0 0.0 0.0 0.0 0.0 0.0 0.0 0.0 0.0 0.0 0.0 0.0 0.0 0.35134677941195425 0.23610939644639953 0.0 0.0 0.0 0.28837920912229326 0.0 0.0 0.0 -1.0 -1.0 -1.0 -1.0 -1.0 -1.0
-1.0 -1.0 -1.0 -1.0 -1.0 -1.0 0.0 0.0 0.11079956360113113 0.19392818130067407 0.2473386082907863 0.08309533171887339 0.05549256253296767 0.08311220167140226 0.11083316465838351 0.13762479567223743 0.11074867871991419 0.0 0.03630229744477997 0.127490857932922 0.04776071575091277 0.08299794258981791 0.26068523018362116 0.4709353210143697 0.11088362765713246 0.40937265566874953 0.36095955339061614 0.4079754874496743 0.34505673293999567 0.44246880920427667 0.45817573981772053 0.44550689162200774 0.0 0.0 0.3337822981782881 0.0 0.0 0.0 0.0 0.0 0.0 0.0 0.0 0.0 0.0 0.0 0.0 0.0 0.0 0.0 0.0 0.0 0.0 0.0 0.0 0.36164110320069565 0.0 0.0 0.0 0.0 0.2353159856715566 0.0 0.0 0.0 -1.0 -1.0 -1.0 -1.0 -1.0 -1.0 -1.0
-1.0 -1.0 -1.0 -1.0 -1.0 0.0 0.0 0.0 0.22175193500522813 0.24954249382753338 0.05545957755294092 0.055494144787957785 0.027721217988824955 0.08316323319949594 0.11088455571014742 0.11092528973098344 0.19307575547267655 0.02768037354981735 0.13635197563644103 0.13289327010534624 0.10715623793927966 0.10990346693321612 0.0275600089258827 0.20322630960328306 0.38819948588817593 0.3605473675283684 0.3048908773381182 0.3490492465370019 0.4075918725131841 0.3805132679465453 0.43236651110064284 0.45305654283161545 0.0 0.0 0.32390401036662114 0.0 0.0 0.0 0.0 0.0 0.0 0.0 0.0 0.0 0.0 0.0 0.0 0.0 0.0 0.0 0.0 0.0 0.0 0.5664544025216047 0.0 0.0 0.0 0.1219944369093589 0.018599732362001506 0.0 -1.0 -1.0 -1.0 -1.0 -1.0 -1.0 -1.0 -1.0 -1.0 -1.0 -1.0
-1.0 -1.0 -1.0 -1.0 -1.0 -1.0 0.0 0.0 0.19390728344622285 0.11099155440953831 0.08307539439338103 0.027685862579279522 0.0 0.08307535942031702 0.055460478651260435 0.1384291730041415 0.16262471698546221 0.03182053923925287 0.15559254971360906 0.13322319082669185 0.10928477182885961 0.13806649832484508 0.4155748682308662 0.3861431716424771 0.3047622121960601 0.44338643196848193 0.38714802980335 0.3738397323782243 0.30459015939026163 0.374986066958458 0.45698265782001385 0.3257005151042174 0.0 0.2300661108799909 0.2246628363960342 0.21646169138631288 0.0 0.0 0.0 0.0 0.0 0.0 0.0 0.0 0.6535308721774318 0.0 0.0 0.0 0.0 0.0 0.0 0.0 0.0 0.0 0.3241781255638887 0.1912932864688375 0.07688811169909632 -1.0 -1.0 -1.0 -1.0 -1.0 -1.0 -1.0 -1.0 -1.0 -1.0 -1.0 -1.0 -1.0 -1.0
-1.0 -1.0 -1.0 -1.0 -1.0 0.0 0.0 0.0 0.055443192694998464 0.02775777234285737 0.02775777234285737 0.0 0.0 0.02773972080471321 0.05544304955733927 0.026470855398393278 0.23007984039947124 0.16500479780956334 0.1102057500399616 0.09617530575801723 0.08213895610607845 0.08263538960809343 0.22174725448317165 0.33099472927789025 0.3573824287703545 0.304810475266256 0.30469815656508475 0.43512826328818277 0.2940469083607274 0.3243703047076521 0.3744994627168714 0.35703319038380865 0.0 0.2914939423088989 0.18591781061132345 0.10528251819041047 0.13116357415107155 0.0 0.0 0.0 0.0 0.15197024971379175 0.14970183885653457 0.0 0.0 0.0 0.0 0.0 0.3267594554822184 0.0 0.0 0.0 0.2898511904285394 0.09581556620487658 -1.0 -1.0 -1.0 -1.0 -1.0 -1.0 -1.0 -1.0 -1.0 -1.0 -1.0 -1.0 -1.0 -1.0 -1.0 -1.0 -1.0
-1.0 -1.0 -1.0 -1.0 -1.0 0.0 0.0 0.0 0.027721829035161828 0.0 0.0 0.0 0.0 0.0 0.026913956752681358 0.06686107823596474 0.22570214602346836 0.04178049284942475 0.029051414594202678 0.08913964317716118 0.16408364592972702 0.16569761800768704 0.3593692007110982 0.30439330349711075 0.3043120022828845 0.2907547784748366 0.3289076925021543 0.2706833833398383 0.37597439549517536 0.0 0.3394441459719437 0.0 0.6446826432168418 0.0 0.0 0.28100690898401537 0.24696751069648812 0.0 0.0 0.0 0.16982846423159303 0.0 0.0 0.6531832545446635 0.0 0.0 0.7022408156040778 0.0 0.2536172760561224 0.23791831261789914 0.0 0.0 0.0 -1.0 -1.0 -1.0 -1.0 -1.0 -1.0 -1.0 -1.0 -1.0 -1.0 -1.0 -1.0 -1.0 -1.0 -1.0 -1.0 -1.0 -1.0
-1.0 -1.0 -1.0 -1.0 -1.0 0.0 0.0 0.0 0.055386928974393124 0.0 0.05540605473326724 0.08305189948403602 0.027683990089885726 0.05532972866212299 0.05473205155636193 0.07332893676933205 0.1763725649658793 0.08039438515904389 0.11813439397519022 0.0744055008246982 0.13821784467635445 0.38274913528581334 0.27510022432430176 0.2763744765782735 0.19403497281579282 0.19369826635013315 0.3252312164364578 0.3208383691237799 0.32588218375945976 0.39066563182447367 0.0 0.0 0.0 0.0 0.29301432784109527 0.0 0.32973352407270196 0.0 0.0 0.1906810493852257 0.21126273384157163 0.0 0.0 0.17150959969446888 0.2569857871256753 0.0 0.0 0.0 0.0 0.4066240604754913 0.266582139835219 0.0546496236194697 -1.0 -1.0 -1.0 -1.0 -1.0 -1.0 -1.0 -1.0 -1.0 -1.0 -1.0 -1.0 -1.0 -1.0 -1.0 -1.0 -1.0 -1.0 -1.0
-1.0 -1.0 -1.0 -1.0 -1.0 0.0 0.0 0.0 0.08310845386672407 0.0 0.13851405150372273 0.1107721062049379 0.08310830897083177 0.027760975863244955 0.055425128501837256 0.04544705176002739 0.04714907998682984 0.07308048408936182 0.12853639837707898 0.32971659425311767 0.14110352270734725 0.021686064316468804 0.11100527367632299 0.16531925342803389 0.19271455594408604 0.26536427694855075 0.21173919214464063 0.18776680769211113 0.2718975612770098 0.3095494166624166 0.32772623342879026 0.7647210636113289 0.0 0.0 0.0 0.3014011865042815 0.3101107736786874 0.0 0.17477577514842793 0.0 0.0 0.24389495192338 0.0 0.0 0.11265796432487295 0.0 0.0 0.0 0.0 0.0 0.05452267691354469 -1.0 -1.0 -1.0 -1.0 -1.0 -1.0 -1.0 -1.0 -1.0 -1.0 -1.0 -1.0 -1.0 -1.0 -1.0 -1.0 -1.0 -1.0 -1.0 -1.0
-1.0 -1.0 -1.0 -1.0 -1.0 0.0 0.0 0.0 0.027742288157277358 0.0 0.05552409015537517 0.11079022565602717 0.0832267930878073 0.0 0.13817335079224458 0.12925454375035494 0.15165600616541167 0.1305266453436817 0.165106234217499 0.3771376513962592 0.12130723576976667 0.00547747328985311 0.0 0.19090555088340383 0.22706112919756863 0.26449195220230026 0.20692142645328526 0.3335672813713746 0.0 0.0 0.0 0.0 0.0 0.0 0.0 0.16224475537066366 0.06182208563172624 0.22843576751900285 0.05197520912957194 0.34671642312740825 0.0 0.0 0.0 0.15574705513987744 0.2020586789225681 0.0 0.0 0.0 0.32890421107285533 0.27848711076700944 -1.0 -1.0 -1.0 -1.0 -1.0 -1.0 -1.0 -1.0 -1.0 -1.0 -1.0 -1.0 -1.0 -1.0 -1.0 -1.0 -1.0 -1.0 -1.0 -1.0 -1.0
-1.0 -1.0 -1.0 -1.0 -1.0 0.0 0.0 0.0 0.0 0.0 0.0 0.08310688245304665 0.027661631769131164 0.13830815884528738 0.18463806552466103 0.11080968674491248 0.17953287045544758 0.0 0.09405669316131604 0.19785802466961105 0.0831585531834382 0.09343206054353305 0.07227625600969415 0.15001976725689417 0.3534008218538808 0.0 0.0 0.3989543682343221 0.293158823334492 0.0 0.0 0.38076926863962385 0.0 0.0 0.0 0.226674508482258 0.0 0.2649583601295124 0.14545445168572635 0.25840990853795 0.0 0.25894919992846177 0.1889076495418903 0.17943910838278074 0.13360847928004863 0.14847932947409548 0.2485190711973472 0.2404564510576287 0.0 0.0 -1.0 -1.0 -1.0 -1.0 -1.0 -1.0 -1.0 -1.0 -1.0 -1.0 -1.0 -1.0 -1.0 -1.0 -1.0 -1.0 -1.0 -1.0 -1.0 -1.0 -1.0
-1.0 -1.0 -1.0 -1.0 -1.0 0.05280759008768967 0.13945472119353078 0.0 0.0 0.0 0.05538350073894787 0.13837396042348188 0.19363585794951219 0.16629474247512094 0.16615010336542058 0.10081667576873207 0.0 0.18211219553043104 0.12524873810946965 0.10326951742731821 0.13601745860471992 0.13549762281836114 0.06478482214312876 0.1363405821551195 0.2185943351899696 0.0 0.35023765477745855 0.309119909191733 0.24388020258635051 0.025732252717554745 0.6828301729392143 0.0 0.0 0.0 0.0 0.0 0.32649751469533944 0.0 0.0 0.0 0.0 0.0 0.24753393386170863 0.0 0.0 0.0 0.24828993966696697 0.0 0.37071067877286684 0.17089820199676947 0.0 -1.0 -1.0 -1.0 -1.0 -1.0 -1.0 -1.0 -1.0 -1.0 -1.0 -1.0 -1.0 -1.0 -1.0 -1.0 -1.0 -1.0 -1.0 -1.0 -1.0
-1.0 -1.0 -1.0 -1.0 0.0 0.0 0.0 0.08308796287876562 0.0 0.0 0.13849331600492965 0.11067867821618828 0.2189513375511856 0.13646292265668422 0.20956141849600687 0.05239769679467751 0.2325427208868313 0.1800741807543219 0.0 0.15905523738501734 0.22095774978123378 0.13578407321008254 0.09150620341574904 0.13955522310510768 0.25575923126691863 0.30169883021255367 0.33816557090501054 0.3106852664288421 0.397929191450274 0.0 0.6742002457962855 0.0 0.3181390964054465 0.04440801663610111 0.0 0.0 0.0 0.0 0.0 0.0 0.0 0.0 0.0 0.0 0.0 0.31244070552562764 0.2950121817670865 0.1608610566388647 0.3594908357449854 0.0 0.0 -1.0 -1.0 -1.0 -1.0 -1.0 -1.0 -1.0 -1.0 -1.0 -1.0 -1.0 -1.0 -1.0 -1.0 -1.0 -1.0 -1.0 -1.0 -1.0 -1.0
-1.0 -1.0 -1.0 -1.0 0.0 0.0 0.3324732819643309 0.05544650616279129 0.0 0.0 0.027744998159855008 0.10683278771503282 0.1109872493849289 0.02772338166779255 0.15823548975012544 0.22401058440365526 0.18365295218584457 0.14176965679279266 0.20255190931032246 0.1610306524218016 0.2670778056029323 0.15021148200514736 0.08438740732410943 0.2973162290819476 0.0 0.30856833719025095 0.0 0.7417807459947114 0.6606382810548944 0.7799258443621697 0.7673731639252601 0.0 0.0 0.0 0.7638038687714045 0.0 0.5184397545140939 0.0 0.0 0.0 0.12550863848988067 0.1867006744808891 0.0 0.0 0.0 0.30067978515522664 0.0 0.2584875866528654 0.0 0.0 -1.0 -1.0 -1.0 -1.0 -1.0 -1.0 -1.0 -1.0 -1.0 -1.0 -1.0 -1.0 -1.0 -1.0 -1.0 -1.0 -1.0 -1.0 -1.0 -1.0 -1.0
-1.0 -1.0 -1.0 -1.0 0.30297859761552537 0.40691024555157923 0.2747213484624277 0.0 0.0 0.0 0.0 0.0 0.0 0.01056671591958609 0.15425725268071935 0.21487925815756057 0.238456227401223 0.07706391055706596 0.09383922831103815 0.13085370628330698 0.2100121573879372 0.25911139649160836 0.137476787548065 0.0 0.0 0.6872983598662223 0.6598104353450683 0.6937894298383014 0.0 0.8155364643650403 0.0 0.0 0.7277093265120101 0.7400268771297583 0.6983607769082645 0.6740964897351767 0.693778901119843 0.6603258588137482 0.21327597712627794 0.0 0.15991013041284344 0.0 0.0 0.32475517456325614 0.2492895412846959 0.26694488696771546 0.2588758523016425 0.17142852743358897 0.0 0.0 -1.0 -1.0 -1.0 -1.0 -1.0 -1.0 -1.0 -1.0 -1.0 -1.0 -1.0 -1.0 -1.0 -1.0 -1.0 -1.0 -1.0 -1.0 -1.0 -1.0 -1.0
-1.0 -1.0 -1.0 -1.0 0.3211839766247457 0.3047543540760835 0.05550675919026096 0.027723856014276328 0.0 0.0 0.051732573098149555 0.05295379382422176 0.024893070957930884 0.07433338904001316 0.0 0.16617909831774014 0.24855053808898958 0.10848937780513536 0.05310562930242549 0.08410901525540988 0.1089133641975591 0.12837312485558142 0.11345191695646215 0.5378816561077987 0.0 0.0 0.6717235398806986 0.0 0.6984105509349878 0.7561101733165868 0.7432996739806944 0.7161210725858694 0.7754262302524896 0.1273487970052506 0.0 0.7119229923877523 0.6924375537507313 0.0 0.0 0.0 0.0 0.0 0.3357561192096315 0.24855989244417956 0.17590881664798397 0.21331826366882845 0.23084235552029814 0.0 -1.0 -1.0 -1.0 -1.0 -1.0 -1.0 -1.0 -1.0 -1.0 -1.0 -1.0 -1.0 -1.0 -1.0 -1.0 -1.0 -1.0 -1.0 -1.0 -1.0 -1.0 -1.0 -1.0
-1.0 -1.0 -1.0 -1.0 0.26251480012817396 0.3328029085509522 0.0 0.0 0.0 0.026961330537982973 0.055378792875688226 0.0 0.012362954815117875 0.0 0.0 0.05545284082108445 0.16631358260960932 0.2813393710908492 0.4310965715911644 0.20228940246139063 0.25973554020139966 0.13532648299294758 0.051149313242256314 0.578008771158397 0.022123799371887087 0.717703963805036 0.7179361435919245 0.0 0.0 0.7183394658016493 0.7896098768866829 0.7801117780284051 0.7240562045732173 0.6910005539440148 0.7087429536268897 0.7423363922994449 0.7353078247496082 0.7167691033907552 0.6951114535319551 0.0 0.0 0.0 0.0 0.0 0.0 0.0 0.3171096931996097 0.0 -1.0 -1.0 -1.0 -1.0 -1.0 -1.0 -1.0 -1.0 -1.0 -1.0 -1.0 -1.0 -1.0 -1.0 -1.0 -1.0 -1.0 -1.0 -1.0 -1.0 -1.0 -1.0 -1.0
-1.0 -1.0 -1.0 0.11025918229963683 0.3332142223336323 0.3325369776686647 0.0 0.0 0.026130676554576838 0.04850637638108583 0.08299268517839302 0.02772438268977274 0.0 0.027482742913172393 0.025890929545935585 0.0 0.33187867921361003 0.0 0.0 0.0 0.0 0.316342714651571 0.10569234893153265 0.0 0.0 0.0 0.0 0.0 0.0 0.7973795028428388 0.7765666365078316 0.636226007414092 0.6978463716809936 0.7819339308170062 0.6548447931527477 0.662196568210502 0.7064971497095023 0.7359979666188546 0.13236732172472254 0.0 0.1322385663207177 0.0 0.0 0.0 0.0 0.0 0.0 -1.0 -1.0 -1.0 -1.0 -1.0 -1.0 -1.0 -1.0 -1.0 -1.0 -1.0 -1.0 -1.0 -1.0 -1.0 -1.0 -1.0 -1.0 -1.0 -1.0 -1.0 -1.0 -1.0 -1.0
-1.0 -1.0 -1.0 0.0 0.3809763164145716 0.29446943483301724 0.027724600375849236 0.05537716856750348 0.027676567458707953 0.026729821583955468 0.027602675732272156 0.02777236969082827 0.026003005383049366 0.027657241401209964 0.0 0.16602248610802878 0.0 0.0 0.0 0.0 0.0 0.1499468715862754 0.0 0.0 0.0 0.0 0.0 0.0 0.652687857370505 0.7158426073487476 0.7499345407958872 0.7114818161941551 0.9110204057300836 0.827889806438623 0.7710231062765442 0.6993517163973731 0.6601342064176863 0.0 0.7741585572376866 0.0 0.0 0.0 0.0 0.0 0.0 0.0 0.0 -1.0 -1.0 -1.0 -1.0 -1.0 -1.0 -1.0 -1.0 -1.0 -1.0 -1.0 -1.0 -1.0 -1.0 -1.0 -1.0 -1.0 -1.0 -1.0 -1.0 -1.0 -1.0 -1.0 -1.0
-1.0 -1.0 -1.0 0.13465562383321888 0.3879011176069843 0.19382048880521494 0.0 0.02765121942118713 0.026498817986970905 0.0426324749353851 0.1261111132641682 0.0 0.027651219421329178 0.02734594801405478 0.0 0.2492930369758947 0.45266987139835285 0.38170935594654204 0.0 0.0 0.0 0.0 0.0 0.0 0.0 0.0 0.0 0.0 0.692235194881935 0.0 0.12717779353401573 0.7453465066242332 0.8929519952289996 0.9230698678761182 0.8606062939867211 0.8143033352046444 0.7616651084936549 0.6643986446952358 0.7775084116547532 0.723871323580451 0.0 0.0 0.0 0.0 0.0 0.0 -1.0 -1.0 -1.0 -1.0 -1.0 -1.0 -1.0 -1.0 -1.0 -1.0 -1.0 -1.0 -1.0 -1.0 -1.0 -1.0 -1.0 -1.0 -1.0 -1.0 -1.0 -1.0 -1.0 -1.0 -1.0
-1.0 -1.0 -1.0 0.0 0.38623987917301533 0.23905692008228757 0.0 0.027774729869417845 0.02647419680299891 0.08780703044312062 0.183205151930056 0.1661957711318139 0.19393627038063832 0.05530008962715051 0.027636139438512813 0.2746234292622756 0.0 0.48224451753051184 0.0 0.0 0.0 0.0 0.0 0.0 0.0 0.0 0.0 0.0 0.0 0.0 0.0 0.7897865152021598 0.9182152072797226 0.8786088081789122 0.9161446193306253 0.8212732890207726 0.8443401668199715 0.9150692818153175 0.8081787646056207 0.6628993515760934 0.0 0.0 0.0 0.0 0.0 -1.0 -1.0 -1.0 -1.0 -1.0 -1.0 -1.0 -1.0 -1.0 -1.0 -1.0 -1.0 -1.0 -1.0 -1.0 -1.0 -1.0 -1.0 -1.0 -1.0 -1.0 -1.0 -1.0 -1.0 -1.0 -1.0
-1.0 -1.0 -1.0 0.0 0.38757529034171806 0.32416343645278417 0.0 0.0276998591434596 0.11051582513776805 0.09900800141866105 0.14689787722953498 0.16612228616937771 0.27682884617078135 0.22149677850499289 0.24930919360712772 0.2632614085315494 0.42701520787193276 0.4167772158659863 0.0 0.0 0.0 0.0 0.0 0.0 0.0 0.0 0.0 0.0 0.0 0.0 0.0 0.1351947532861011 0.8383026505063013 0.9368960929336247 0.9482695465365725 0.8471064295400134 0.80009742028335 0.8281206188254793 0.7931868949083174 0.7777753442792937 0.0 0.0 0.0 0.0 -1.0 -1.0 -1.0 -1.0 -1.0 -1.0 -1.0 -1.0 -1.0 -1.0 -1.0 -1.0 -1.0 -1.0 -1.0 -1.0 -1.0 -1.0 -1.0 -1.0 -1.0 -1.0 -1.0 -1.0 -1.0 -1.0 -1.0
-1.0 -1.0 -1.0 0.03588712640327813 0.0 0.3541675512938108 0.05421622590786379 0.0 0.08269947585916117 0.16748941545223325 0.13439239848253068 0.1663265978374481 0.24936118746688196 0.22136950095420252 0.2596993613667933 0.2287384991829618 0.2502273230129302 0.0 0.0 0.0 0.0 0.0 0.0 0.0 0.0 0.0 0.0 0.0 0.0 0.0 0.0 0.0 0.8816871563739596 0.8555844817300968 0.6499354665761267 0.7662256296951679 0.8992366083977078 0.9268605800215758 0.8276265457935458 0.13304204053426566 0.0 0.0 0.0 -1.0 -1.0 -1.0 -1.0 -1.0 -1.0 -1.0 -1.0 -1.0 -1.0 -1.0 -1.0 -1.0 -1.0 -1.0 -1.0 -1.0 -1.0 -1.0 -1.0 -1.0 -1.0 -1.0 -1.0 -1.0 -1.0 -1.0 -1.0
-1.0 -1.0 -1.0 0.2710555146147843 0.0 0.0 0.08001122603006172 0.0 0.12926198093160046 0.14233133779982213 0.1493380092932419 0.18950123107462977 0.22141430078170152 0.33181376642541394 0.3657234154471449 0.22162757349768242 0.16593766213998978 0.0 0.0 0.0 0.0 0.0 0.0 0.0 0.0 0.0 0.0 0.6514743488238262 0.0 0.0 0.0 0.0 0.6592914093662241 0.9069909169079274 0.9327104944794392 0.9444657919974289 0.922383632670911 0.8659529989528183 0.6780237976202945 0.0 0.0 0.1022834158871582 -1.0 -1.0 -1.0 -1.0 -1.0 -1.0 -1.0 -1.0 -1.0 -1.0 -1.0 -1.0 -1.0 -1.0 -1.0 -1.0 -1.0 -1.0 -1.0 -1.0 -1.0 -1.0 -1.0 -1.0 -1.0 -1.0 -1.0 -1.0 -1.0
-1.0 -1.0 -1.0 0.3086363994347624 0.0 0.0 0.22096302615226976 0.08320469263034924 0.07617948429835172 0.1385400009284492 0.11087663947752563 0.11068818719302005 0.16638256292720374 0.35991519367457675 0.3446963822365271 0.3246793637043276 0.0 0.0 0.0 0.0 0.0 0.0 0.0 0.0 0.0 0.0 0.0 0.0 0.0 0.0 0.0 0.0 0.6741216634071278 0.780264210108104 0.7265988302981421 0.8502574392310523 0.8770418325008847 0.7535637721917595 0.0 0.0 0.0 -1.0 -1.0 -1.0 -1.0 -1.0 -1.0 -1.0 -1.0 -1.0 -1.0 -1.0 -1.0 -1.0 -1.0 -1.0 -1.0 -1.0 -1.0 -1.0 -1.0 -1.0 -1.0 -1.0 -1.0 -1.0 -1.0 -1.0 -1.0 -1.0 -1.0
-1.0 -1.0 -1.0 0.0 0.0 0.0 0.08305374967295738 0.08309632237776013 0.13797535409039807 0.11101446017786216 0.11101437974549591 0.1384661094479624 0.11076726084864011 0.30466410148614226 0.33793583541856576 0.324270506564774 0.16626347076938763 0.0 0.0 0.0 0.0 0.0 0.0 0.0 0.0 0.0 0.0 0.0 0.0 0.5903607362454577 0.0 0.0 0.0 0.0 0.0 0.0 0.7038664669147419 0.7909625209799201 0.6680947124778917 0.0 -1.0 -1.0 -1.0 -1.0 -1.0 -1.0 -1.0 -1.0 -1.0 -1.0 -1.0 -1.0 -1.0 -1.0 -1.0 -1.0 -1.0 -1.0 -1.0 -1.0 -1.0 -1.0 -1.0 -1.0 -1.0 -1.0 -1.0 -1.0 -1.0 -1.0 -1.0
-1.0 -1.0 0.07112627191436291 0.0 0.0 0.16127601721128193 0.0830165365174351 0.11068227498778942 0.13838063786675073 0.09454312946839856 0.11099248798307702 0.143510238465591 0.13891151725687773 0.19424152570951841 0.2498223249399122 0.2716247294868814 0.27869096576420765 0.0 0.0 0.0 0.0 0.0 0.0 0.0 0.0 0.0 0.0 0.0 0.0 0.0 0.0 0.0 -1.0 0.0 0.0 0.0 0.0 0.548034350447173 0.04489863482868914 -1.0 -1.0 -1.0 -1.0 -1.0 -1.0 -1.0 -1.0 -1.0 -1.0 -1.0 -1.0 -1.0 -1.0 -1.0 -1.0 -1.0 -1.0 -1.0 -1.0 -1.0 -1.0 -1.0 -1.0 -1.0 -1.0 -1.0 -1.0 -1.0 -1.0 -1.0 -1.0
-1.0 -1.0 0.2063405441822732 0.0 0.0 0.3228053525357613 0.11058712467357999 0.19038674699706512 0.14189633076467312 0.13483924289080682 0.08303760942770883 0.10435397914500139 0.083350618888297 0.1110205731837701 0.19338041557505206 0.2420340783864564 0.271656349286791 0.36217173174980216 0.0 0.0 0.0 0.0 0.0 0.0 0.0 0.0 0.0 0.0 0.0 0.0 0.0 0.0 0.0 -1.0 -1.0 -1.0 -1.0 -1.0 -1.0 -1.0 -1.0 -1.0 -1.0 -1.0 -1.0 -1.0 -1.0 -1.0 -1.0 -1.0 -1.0 -1.0 -1.0 -1.0 -1.0 -1.0 -1.0 -1.0 -1.0 -1.0 -1.0 -1.0 -1.0 -1.0 -1.0 -1.0 -1.0 -1.0 -1.0 -1.0 -1.0
-1.0 0.0 0.31965612101261315 0.0 0.1500425584736992 0.32992665135624 0.1384900648537773 0.11064191009303724 0.12897994753504743 0.11067591034600917 0.08300691379607268 0.08321001114634936 0.1106467616368775 0.11096618378492076 0.16602267809517451 0.24863839783738584 0.2889841006234239 0.2649651018841109 0.0 0.0 0.0 0.0 0.0 0.0 0.0 0.0 0.0 0.0 0.0 0.0 0.0 0.0 0.0 -1.0 -1.0 -1.0 -1.0 -1.0 -1.0 -1.0 -1.0 -1.0 -1.0 -1.0 -1.0 -1.0 -1.0 -1.0 -1.0 -1.0 -1.0 -1.0 -1.0 -1.0 -1.0 -1.0 -1.0 -1.0 -1.0 -1.0 -1.0 -1.0 -1.0 -1.0 -1.0 -1.0 -1.0 -1.0 -1.0 -1.0 -1.0
-1.0 0.19548367789831506 0.0 0.0 0.272793218982211 0.35848823391535745 0.2469394318881697 0.1380998430806378 0.11103428346508272 0.11096816255352109 0.1386364237269493 0.19388429957271408 0.1938168956201618 0.22122633783255818 0.19358805805904844 0.3043393462991219 0.3408937322738044 0.3515073127281665 0.0 0.12986804821038486 0.5903863995989157 0.7521695046626382 0.0 0.0 0.0 0.0 0.0 0.0 0.0 0.039861786999661086 0.0 0.0 0.0 0.0 -1.0 -1.0 -1.0 -1.0 -1.0 -1.0 -1.0 -1.0 -1.0 -1.0 -1.0 -1.0 -1.0 -1.0 -1.0 -1.0 -1.0 -1.0 -1.0 -1.0 -1.0 -1.0 -1.0 -1.0 -1.0 -1.0 -1.0 -1.0 -1.0 -1.0 -1.0 -1.0 -1.0 -1.0 -1.0 -1.0 -1.0
0.0 0.3435661771274976 0.0 0.1674851580566578 0.2196771026761162 0.2767145074524672 0.22139003707582708 0.16416594866081635 0.10956442762291585 0.08309195443536478 0.13863750045314177 0.16648521305428937 0.19409220929578358 0.19406228262975359 0.22212062204659552 0.2495772904176862 0.28197005599652253 0.33197950587834396 0.0 0.1663278323796854 0.714359841460198 0.0 0.1255575615440372 0.0 0.0 0.0 0.0 0.0 0.0 0.0 0.0 0.0 0.0 0.0 -1.0 -1.0 -1.0 -1.0 -1.0 -1.0 -1.0 -1.0 -1.0 -1.0 -1.0 -1.0 -1.0 -1.0 -1.0 -1.0 -1.0 -1.0 -1.0 -1.0 -1.0 -1.0 -1.0 -1.0 -1.0 -1.0 -1.0 -1.0 -1.0 -1.0 -1.0 -1.0 -1.0 -1.0 -1.0 -1.0 -1.0
0.22596369144240336 0.2540545249916501 0.0 0.16775400613536368 0.21857251719977333 0.24934234204652603 0.2751006807859219 0.22059295583768387 0.2476428118952634 0.16577407236129305 0.13830138147913051 0.19352832357008942 0.19363431161400696 0.19403259737629894 0.19403312945073697 0.24937717747315075 0.27673071764677837 0.3475816438452679 0.28954097746436824 0.26281162403277286 0.022195204671690647 0.7819573560528316 0.0 0.0 0.0 0.0 0.0 0.0 0.0 0.0 0.0 0.0 0.0 0.12791350531300516 -1.0 -1.0 -1.0 -1.0 -1.0 -1.0 -1.0 -1.0 -1.0 -1.0 -1.0 -1.0 -1.0 -1.0 -1.0 -1.0 -1.0 -1.0 -1.0 -1.0 -1.0 -1.0 -1.0 -1.0 -1.0 -1.0 -1.0 -1.0 -1.0 -1.0 -1.0 -1.0 -1.0 -1.0 -1.0 -1.0 -1.0
0.20748763829825267 0.17828118398954154 0.0 0.0015074885483655036 0.193454910725157 0.24860179529793058 0.2772300749358997 0.22138706697227417 0.24809927311745902 0.19373457276794048 0.4693056847816258 0.4422517481951027 0.1662916390195679 0.16618056646590754 0.19274812416907608 0.2219803705513751 0.2496145436699203 0.3589373824840864 0.3115974179377852 0.39972531173728365 0.1521590183976913 0.6678533974512026 0.0 0.0 0.0 0.0 0.0 0.0 0.0 0.0 0.0 0.0 0.0 -1.0 -1.0 -1.0 -1.0 -1.0 -1.0 -1.0 -1.0 -1.0 -1.0 -1.0 -1.0 -1.0 -1.0 -1.0 -1.0 -1.0 -1.0 -1.0 -1.0 -1.0 -1.0 -1.0 -1.0 -1.0 -1.0 -1.0 -1.0 -1.0 -1.0 -1.0 -1.0 -1.0 -1.0 -1.0 -1.0 -1.0 -1.0
