critload/trunk/output/1999/fegl.asc
ncols 720
nrows 360
xllcorner -180
yllcorner -90
cellsize 0.5
NODATA_value -1
[rows 96 to 127 of 360, columns 355 to 425 of 720]
0.0 0.0 0.0 0.0 0.0 0.0 0.0 0.0 0.0 0.0 0.0 0.0 -1.0 -1.0 -1.0 -1.0 -1.0 -1.0 -1.0 -1.0 -1.0 -1.0 0.0 0.0 -1.0 -1.0 -1.0 -1.0 -1.0 0.0 0.0 0.0 0.0 0.0 0.0 0.0 0.0 0.0 -1.0 -1.0 -1.0 -1.0 -1.0 0.0 0.12206071671300586 0.15326773130835963 0.14347995981687794 0.32622813871192835 0.0 0.0 0.0 0.141374764715345 0.09693138078167236 0.06551943549172268 0.03148088329153816 0.0 0.0 0.0 0.0 0.0 0.4912445468135801 0.16040323322694022 -1.0 -1.0 -1.0 -1.0 -1.0 -1.0 -1.0 0.0 0.49217870253587964
0.0 0.0 0.0 0.0 0.0 0.0 0.0 0.0 0.0 0.0 -1.0 -1.0 -1.0 -1.0 -1.0 -1.0 -1.0 -1.0 -1.0 -1.0 -1.0 -1.0 0.0 0.0 0.0 -1.0 -1.0 -1.0 -1.0 -1.0 0.0 0.0 0.0 0.0 0.0 0.0 0.0 0.0 0.0 0.0 -1.0 -1.0 -1.0 0.0 0.0 0.193694579119382 0.12104285788018963 0.0 0.0 0.0 0.0 0.0 0.0 0.0 0.0 0.0 0.0 0.0 0.0 0.0 0.0 0.34219094285203394 0.0 0.0 0.2699560896889417 0.0 0.13726201666861226 0.0 0.4568636381541254 0.5994642667301306 0.0
0.0 0.0 0.0 0.0 0.0 0.0 0.0 -1.0 -1.0 -1.0 -1.0 -1.0 -1.0 -1.0 -1.0 -1.0 -1.0 -1.0 -1.0 -1.0 -1.0 0.0 0.0 0.0 0.0 -1.0 -1.0 -1.0 -1.0 -1.0 -1.0 -1.0 -1.0 0.0 0.0 0.0 0.0 0.0 0.0 0.0 0.0 0.0 -1.0 0.0 0.0 0.3004838258290195 0.09235206590309639 0.0 0.0 0.0 0.0 0.0 0.0 0.0 0.0 0.0 0.0 0.0 0.0 0.0 0.09816565197003117 -1.0 0.08573962051551105 0.4424645047904688 0.5177426005178036 0.0 0.43855990189958816 0.035990870768470275 0.3136962645041511 0.0 0.0
0.0 0.0 0.0 0.0 0.0 0.0 -1.0 -1.0 -1.0 -1.0 -1.0 -1.0 -1.0 -1.0 -1.0 -1.0 -1.0 -1.0 -1.0 -1.0 -1.0 0.0 0.0 0.0 0.0 -1.0 -1.0 -1.0 -1.0 -1.0 -1.0 -1.0 -1.0 -1.0 -1.0 0.0 0.0 0.0 0.0 0.0 0.0 0.0 -1.0 0.01970940823179851 0.16732708027257273 0.20632293738551122 0.0 0.0 0.0 0.0 0.0 0.0 0.0 0.0 -1.0 -1.0 0.0 0.2260692202594096 0.0 0.0 0.0 0.0 0.3880118148766851 0.03735961386503951 0.0 0.6628955884346736 0.4121318437183687 0.0 0.17281866861628795 0.038979944799422885 0.0
0.0 0.0 0.0 0.0 0.0 0.0 -1.0 -1.0 -1.0 0.0 0.0 0.0 0.0 0.0 -1.0 -1.0 -1.0 -1.0 -1.0 -1.0 -1.0 0.0 0.0 0.0 0.0 -1.0 -1.0 -1.0 -1.0 -1.0 -1.0 -1.0 -1.0 -1.0 -1.0 -1.0 0.0 0.0 0.0 -1.0 -1.0 0.0 -1.0 -1.0 0.0 0.0 0.0 0.0 0.0 0.0 0.0 0.0 0.0 -1.0 -1.0 0.0 -1.0 0.0 0.0 0.0 0.0 0.5791624751316423 0.0 0.6110549321196161 0.0 0.0 0.0 0.018302296452414192 0.0 0.0 0.0
0.0 0.0 0.0 0.0 0.0 -1.0 -1.0 0.0 0.0 -1.0 0.0 0.0 -1.0 -1.0 -1.0 -1.0 -1.0 -1.0 -1.0 -1.0 -1.0 0.0 0.0 0.0 0.0 -1.0 -1.0 -1.0 -1.0 -1.0 -1.0 -1.0 -1.0 -1.0 -1.0 -1.0 -1.0 0.0 0.0 0.0 -1.0 -1.0 -1.0 -1.0 0.0 0.0 0.0 0.0 0.0 0.0 0.0 0.0 0.0 -1.0 -1.0 -1.0 0.0 0.0 0.0 0.0 0.19637470051591918 0.24262115805895315 0.218157325822026 0.0 0.0 0.0 0.14918404441957123 0.0 0.0 0.0 0.0
0.0 0.0 0.0 0.0 0.0 0.0 -1.0 0.0 0.0 -1.0 -1.0 -1.0 -1.0 -1.0 -1.0 -1.0 -1.0 -1.0 -1.0 -1.0 -1.0 -1.0 0.0 -1.0 -1.0 -1.0 -1.0 -1.0 -1.0 -1.0 -1.0 -1.0 -1.0 -1.0 -1.0 -1.0 0.0 0.0 0.0 0.0 -1.0 -1.0 -1.0 -1.0 -1.0 -1.0 0.0 0.0 0.0 0.0 0.0 0.0 0.0 0.0 0.0 -1.0 0.0 0.07595040043607762 0.0 0.0 0.0 0.0 0.18405081299918477 0.0 0.0 0.0 0.0 0.025659522287721857 0.0 0.0 0.0
0.0 0.0 0.0 0.0 0.0 -1.0 -1.0 -1.0 -1.0 -1.0 -1.0 -1.0 -1.0 -1.0 -1.0 -1.0 -1.0 -1.0 -1.0 -1.0 -1.0 -1.0 -1.0 -1.0 -1.0 -1.0 -1.0 -1.0 -1.0 -1.0 0.0 0.0 0.0 -1.0 0.0 0.0 0.0 0.0 0.0 -1.0 -1.0 -1.0 -1.0 -1.0 -1.0 0.0 0.0 0.0 0.0 0.0 0.0 0.0 0.0 0.0 0.0 -1.0 0.0 0.0 0.12465286195286057 0.0 0.09700405104627254 0.07749050542156058 0.12672738365441083 0.0 0.0 0.0 0.0 0.0 0.0 0.0 0.0
0.0 0.0 0.0 0.0 -1.0 -1.0 -1.0 -1.0 -1.0 -1.0 -1.0 -1.0 -1.0 -1.0 -1.0 -1.0 -1.0 -1.0 -1.0 -1.0 -1.0 -1.0 -1.0 -1.0 -1.0 -1.0 -1.0 -1.0 -1.0 0.0 0.0 0.0 0.0 0.0 0.0 0.0 0.0 0.0 -1.0 -1.0 -1.0 -1.0 -1.0 -1.0 -1.0 -1.0 0.0 0.0 0.0 0.0 0.0 0.0 0.0 0.0 0.0 0.0 -1.0 0.0 0.0 0.05361514592604501 0.025636528735104483 0.14309708279089395 0.17544000810831956 0.0 0.027170178977721927 0.1561557992523635 0.15391312182787578 0.17528749208404454 0.0 0.18532578673225145 0.0
0.0 0.0 0.0 -1.0 -1.0 -1.0 -1.0 -1.0 -1.0 -1.0 -1.0 -1.0 -1.0 -1.0 -1.0 -1.0 -1.0 0.056132014973821774 0.015062892428658556 0.05475898054801163 0.0 -1.0 0.012676622840519004 0.0 0.0 0.0 0.0 0.0 -1.0 -1.0 -1.0 0.0 0.0 0.0 0.0 0.0 -1.0 -1.0 -1.0 -1.0 -1.0 -1.0 -1.0 -1.0 -1.0 -1.0 -1.0 -1.0 0.0 0.0 0.0 0.0 -1.0 -1.0 0.0 0.0 0.0 -1.0 0.0 0.0 0.12288582628485042 0.1857617256288571 0.1623375369231021 0.21061451628296685 0.0 0.0 0.15667656307837363 0.14333341207390451 0.15385534883414576 0.1938650586595666 0.0
0.0 0.0 -1.0 -1.0 -1.0 -1.0 -1.0 0.030499308270521257 0.10981915500884235 0.0 0.0 0.0 0.0 0.0 0.0 0.0 0.0 0.0 0.0 0.0 0.0 0.0 0.0 0.0 0.0 0.0 0.0 0.0 0.009338555184773717 -1.0 -1.0 -1.0 -1.0 0.0 0.0 0.0 -1.0 -1.0 -1.0 -1.0 -1.0 -1.0 -1.0 -1.0 -1.0 -1.0 -1.0 -1.0 0.0 0.0 0.0 0.0 -1.0 0.0 0.0 0.0 0.0 0.0 0.0 0.1279155056051996 0.10891673989930828 0.3254575122333253 0.10616805206585847 0.13949216257245325 0.20750045576633042 0.1604729227774659 0.0 0.0 0.11396449836190516 0.17072833761468292 0.19644760976383743
-1.0 -1.0 -1.0 -1.0 -1.0 0.0 0.0 0.0 0.0 0.0 0.0 0.0 0.0 0.5179320233794156 0.0 0.0 0.0 0.0 0.0 0.0 0.0 0.0 0.0 0.0 0.0 0.0 0.0 -1.0 -1.0 -1.0 -1.0 -1.0 -1.0 -1.0 -1.0 -1.0 -1.0 -1.0 -1.0 -1.0 -1.0 -1.0 -1.0 -1.0 -1.0 -1.0 -1.0 -1.0 -1.0 0.0 0.0 0.0 -1.0 -1.0 -1.0 0.0 -1.0 -1.0 -1.0 -1.0 0.0 0.0 -1.0 0.0752398078868698 0.08925262512819374 0.0 0.0 -1.0 -1.0 0.0 0.13166112019864007
-1.0 -1.0 0.0 0.0 0.0 0.0 0.0 0.0 0.0 0.7152879200771578 0.8436186840543761 0.916930874099481 0.9803685640435578 0.9407936605390955 0.8264379583197273 0.5181883999515308 0.0 0.0 0.0 0.0 0.7169159728479869 0.0 0.0 0.0 0.0 0.0 0.0 -1.0 -1.0 -1.0 -1.0 -1.0 -1.0 0.0 0.0 -1.0 -1.0 -1.0 -1.0 -1.0 -1.0 -1.0 -1.0 -1.0 -1.0 -1.0 -1.0 -1.0 -1.0 -1.0 -1.0 -1.0 0.0 0.0 -1.0 -1.0 -1.0 -1.0 -1.0 0.0 0.0 -1.0 -1.0 -1.0 -1.0 -1.0 -1.0 -1.0 -1.0 -1.0 -1.0
0.0 0.0 0.0 0.0 0.0 0.0 0.0 0.0 0.0 0.9625365856276317 0.9892766038536337 0.9666937270241571 0.9564396711245827 0.8575045008639332 0.9262981344840421 0.9501951547785218 0.8652186909508788 0.6840743530465362 0.725761676568229 0.683276763649669 0.7252902999524713 0.7108381509778381 0.0 0.0 0.0 0.0 0.0 0.0 -1.0 -1.0 -1.0 -1.0 -1.0 -1.0 -1.0 -1.0 -1.0 -1.0 -1.0 -1.0 -1.0 -1.0 -1.0 -1.0 -1.0 -1.0 -1.0 -1.0 -1.0 -1.0 -1.0 -1.0 0.0 0.0 0.0 0.0 0.0 0.0 -1.0 0.0 -1.0 -1.0 -1.0 -1.0 -1.0 -1.0 -1.0 -1.0 -1.0 0.0 0.04249199715581236
0.0 0.0 0.0 0.0 0.0 0.0 0.7233121538531956 0.9059493103007321 0.9786701213252987 0.9879566884803228 0.9337640157882149 0.8545368205444653 0.9753430713243548 0.9371947264290025 0.9894308600622954 0.8543959224332931 0.9366704163651841 0.8558341525833643 0.9152654567464835 0.9934749643344298 0.9894939528609843 0.8503136354726893 0.0 0.0 0.9179025116013501 0.0 0.0 0.0 -1.0 -1.0 -1.0 -1.0 -1.0 -1.0 -1.0 -1.0 -1.0 -1.0 -1.0 -1.0 -1.0 -1.0 -1.0 -1.0 -1.0 -1.0 -1.0 -1.0 -1.0 -1.0 -1.0 -1.0 -1.0 -1.0 0.0 -1.0 -1.0 -1.0 -1.0 -1.0 -1.0 -1.0 -1.0 -1.0 -1.0 -1.0 -1.0 -1.0 -1.0 0.03235769548126775 0.060816432829528005
0.7786648770204371 0.8885472342889137 0.9803814488934998 0.9964165155777648 0.9350112815883672 0.8815843871512378 0.9793014566710876 0.969980366520638 0.9882437227575545 0.972586638901194 0.9679981097094679 0.9868979863086439 0.9961593958147499 0.9976517615791899 0.9950387965797841 0.9910240255870049 0.9889919740533764 0.608301552596666 0.603545809415481 0.6030360918780983 0.6497160790529721 0.8561694594216809 0.8406941390036748 0.92870246707537 0.0 0.0 -1.0 -1.0 -1.0 -1.0 -1.0 -1.0 -1.0 -1.0 -1.0 -1.0 -1.0 -1.0 -1.0 -1.0 -1.0 -1.0 -1.0 -1.0 -1.0 -1.0 -1.0 -1.0 -1.0 -1.0 -1.0 -1.0 -1.0 -1.0 -1.0 -1.0 -1.0 -1.0 -1.0 -1.0 -1.0 -1.0 -1.0 -1.0 -1.0 -1.0 -1.0 -1.0 -1.0 -1.0 -1.0
0.1654648531875915 0.7742746518083398 0.9699254616088129 0.9976515516656446 0.9831733402330763 0.9967419964304386 0.9916719194079304 0.9608698535681754 0.939184067021121 0.7738067485048883 0.758357804737089 0.8617471168809896 0.9969876857504257 0.9976515516656446 0.9976515516656446 0.7477408805392252 0.7530600402223943 0.19555201633880748 0.11033015868727317 0.30175521181715786 0.3217568767815801 0.11394151480984724 0.15408798925074424 0.29876697464176744 0.0 0.0 0.0 0.0 -1.0 -1.0 -1.0 -1.0 -1.0 -1.0 -1.0 -1.0 -1.0 -1.0 -1.0 -1.0 -1.0 -1.0 -1.0 -1.0 -1.0 -1.0 -1.0 -1.0 -1.0 -1.0 -1.0 -1.0 -1.0 -1.0 -1.0 -1.0 -1.0 -1.0 -1.0 -1.0 -1.0 -1.0 -1.0 -1.0 -1.0 -1.0 -1.0 -1.0 -1.0 -1.0 -1.0
0.222082982493389 0.0 0.7205764222432058 0.9976487978086611 0.9970384479057491 0.9973597499604416 0.6642946010033338 0.38749887126268084 0.2767013306650648 0.055319147946858195 0.2768076223757801 0.526127488284412 0.6650728427652361 0.886587672967464 0.9698703563783732 0.1662747996351094 0.08065987605705505 0.23343958790034697 0.09796378016366306 0.0 0.0 0.027725762270947654 0.016949179116265065 0.019977745260733513 0.10980088246007536 0.0 0.0 0.0 0.18293822650509012 -1.0 -1.0 -1.0 -1.0 -1.0 -1.0 -1.0 -1.0 -1.0 -1.0 -1.0 -1.0 -1.0 -1.0 -1.0 -1.0 -1.0 -1.0 -1.0 -1.0 -1.0 -1.0 -1.0 -1.0 -1.0 -1.0 -1.0 -1.0 -1.0 -1.0 -1.0 -1.0 -1.0 -1.0 -1.0 -1.0 -1.0 -1.0 -1.0 -1.0 -1.0 -1.0
0.0 0.7201272024640697 0.8579634634908028 0.9814833880176906 0.8855461505634488 0.49851440528447877 0.05229952981453769 0.027647620208844155 0.0 0.02772556163704897 0.0553473555682216 0.35909621287127 0.5505020229953317 0.5466139306165203 0.8543247708015639 0.05552867823039188 0.10878967050221777 0.0 0.0 0.0 0.0 0.0 0.0 0.027699659236098084 0.0 0.4296537674451864 0.0 0.7544422300796096 0.7339360259401113 0.0 0.0 0.0 0.0 0.0 -1.0 -1.0 -1.0 -1.0 -1.0 -1.0 -1.0 -1.0 -1.0 -1.0 -1.0 -1.0 0.0 0.3811328611360662 0.0 0.6467351693030365 0.3893516627224275 0.07072980832033106 -1.0 -1.0 -1.0 -1.0 -1.0 -1.0 -1.0 -1.0 -1.0 -1.0 -1.0 -1.0 -1.0 -1.0 -1.0 -1.0 -1.0 -1.0 -1.0
0.16461832565666545 0.4438069076047543 0.7190116188532012 0.6645664297247985 0.08299752646093447 0.13847360682398746 0.16612224540742165 0.08304858979625984 0.027674365326400125 0.0 0.0 0.05534869280224692 0.27344732819305384 0.10873453056198466 0.27664148874269745 0.10715046833599477 0.024439173152766745 0.0 0.0 0.0 0.0 0.0 0.0 0.0 0.0 0.08217494615025185 0.2740321610432062 0.3781731413403691 0.7696099354040796 0.846499384700315 0.44903615873690844 0.0 0.0 0.6935355131042588 0.0 0.0 -1.0 -1.0 -1.0 -1.0 -1.0 -1.0 -1.0 -1.0 -1.0 0.0 0.0 0.917137989014691 0.7684313637497494 0.0 0.7141275832092467 0.4886799071288026 0.24201350127531085 -1.0 -1.0 -1.0 -1.0 -1.0 -1.0 -1.0 -1.0 -1.0 -1.0 -1.0 -1.0 -1.0 -1.0 -1.0 -1.0 -1.0 -1.0
0.5020023814170096 0.36015010807558917 0.3046754946979742 0.02774990463402786 0.0 0.0 0.0 0.0 0.0 0.0 0.0 0.0 0.05547494928373289 0.055350191834237054 0.0 0.08923494551890856 0.05112400434785436 0.027340037189532197 0.0 0.027725044649705034 0.0 0.0 0.0 0.0 0.027774729869417845 0.027774729869417845 0.2452106641686604 0.6875016596104484 0.49377329572566375 0.4982012958987352 0.4695384863085493 0.35657896336664635 0.32821922898391515 0.4841516617239182 0.3311398798425071 0.34828623553551336 0.0 -1.0 -1.0 -1.0 -1.0 -1.0 -1.0 -1.0 0.0 0.0 0.8406171454865576 0.859074605066069 0.30479976276613385 0.3600256488877003 0.1106001792538623 0.13825022406732787 0.18517120400587128 0.32644507455771493 0.47708027639789385 0.0 9.317685149260517e-06 0.0 -1.0 -1.0 -1.0 -1.0 -1.0 -1.0 -1.0 -1.0 -1.0 0.0 -1.0 -1.0 -1.0
0.19402386847051822 0.19382823277788838 0.027675794135228127 0.027724759224239743 0.0 0.0 0.0 0.02770029684190705 0.0 0.0 0.0 0.0 0.02765121942118713 0.0 0.0 0.0 0.0 0.0 0.0 0.0 0.0 0.0 0.02765121942118713 0.0 0.0 0.11065402711243146 0.055351588270556015 0.0 0.02765121942118713 0.05530243884237426 0.02765121942118713 0.08013910289577839 0.26683713158404365 0.08205987948412558 0.0 0.12504014739770014 0.4072384883224412 0.3797768358025425 0.3265065114480997 0.16523504947394438 -1.0 -1.0 -1.0 -1.0 -1.0 0.5866439803998388 0.27585036593948675 0.05530243884237426 0.0 0.0 0.0 0.0 0.0 0.0 0.0 0.0 0.0 0.0 0.0 0.013098841776789489 0.0 0.021322677528988247 0.0 -1.0 0.0 0.0 0.0 0.0 0.0 0.0 0.0
0.055353134917415905 0.05542508974018375 0.0 0.0 0.0 0.0 0.0 0.0 0.0 0.0 0.10433116422309756 0.026859896122047068 0.0 0.0 0.0 0.0 0.0 0.05327075208803156 0.053666154340432114 0.0 0.0 0.0 0.0 0.0 0.0 0.0 0.0 0.0 0.0 0.0 0.027724600375849236 0.07646390344645612 0.025794828932099244 0.0 0.0 0.0 0.0 0.13677324461147336 0.31626334668546446 0.4428005815204773 0.48804560390011353 0.3469069940249811 -1.0 -1.0 0.09882938466336796 0.7733941521412456 0.1383346152701113 0.0 0.0 0.0 0.0 0.0 0.02777236969082827 0.0 0.0 0.0 0.0 0.0 0.0 0.0 0.0 0.0 0.0018439839846537802 0.019640854246209392 0.055488891373446314 1.7479125261530853e-08 0.0 0.0 0.0 0.04762412931607243 0.027652456447093472
0.0 0.0 0.0 0.0 0.0 0.0 0.027771197342957205 0.0 0.0 0.0 0.02685945325480171 0.0 0.0 0.0 0.0 0.0 0.0 0.0 0.0 0.0 0.0 0.0 0.0 0.026426343456774467 0.0 0.0 0.0 0.027677305785706825 0.05547222829204702 0.11096791949663902 0.0 0.0 0.027677305785706825 0.027677305785706825 0.0 0.0 0.0 0.0 0.0 0.0 0.0 0.0829846893738228 0.23307682422554107 0.3327864040198932 0.4723719069039924 0.22134756440313885 0.0 0.0 0.0 0.0 0.0 0.0 0.027653691794057987 0.0 0.0 0.0 0.0 0.0 0.0 0.0 0.0 0.0 0.0 0.0 0.0 0.0 0.00019543878225428477 0.0 0.1515451597635155 0.01407766859182617 0.017658763931206405
0.05547126689084564 0.0 0.0 0.0 0.02774712016572391 0.0 0.027724146725121725 0.05533286467428791 0.02774712016572391 0.19425259337484013 0.4158838299455099 0.30521780562909506 0.0 0.0 0.0 0.0 0.0 0.0 0.0 0.0 0.0 0.0 0.0 0.0 0.0 0.0 0.05551714003004036 0.4714472572043687 0.30496445679596773 0.0 0.0 0.0 0.0 0.026252481167867135 0.0 0.0 0.0 0.0 0.0 0.0 0.02777001986441622 0.0 0.0 0.0 0.0 0.0 0.0 0.0 0.0 0.0 0.0 0.0 0.0 0.0 0.05544829345024345 0.0 0.0 0.0 0.0 0.0 0.0 0.0 0.0 0.0 0.0 0.0 0.055309704042592674 0.14814799939402912 0.0 0.0 0.0
0.27721562369826913 0.0 0.0 0.027723856014276328 0.027059086912643592 0.1074253158898363 0.055492656395752855 0.05553760076295308 0.05533459051360635 0.02776880038147654 0.7482481032789037 0.0 0.0 0.0 0.0 0.0 0.0 0.0 0.0 0.0 0.0 0.0 0.0 0.0 0.11023503960670841 0.0 0.30475851972049744 0.44292557337825894 0.5264580679741511 0.24973949934317508 0.2773502761759005 0.05553760076295308 0.0 0.0 0.0 0.02776880038147654 0.0912370056281727 0.050775729674624265 0.0 0.0 0.027655938513651508 0.0 0.0 0.0 0.0 0.0 0.0 0.02245025499299766 0.0 0.0 0.0 0.0 0.027678651999820995 0.0 0.0 0.0 0.0 0.0 0.0 0.0 0.0 0.0 0.0 0.0 0.0 0.0 0.015838890126962907 0.06985950658294635 0.0 0.0 0.0
0.0 0.0 0.0 0.0 0.0542153014230674 0.15710094623464185 0.0 0.4984266643227054 0.36056226288483656 0.27694780509307715 0.8038273944823594 0.0 0.0 0.0 0.0 0.0 0.0 0.0 0.0 0.0 0.0 0.0 0.0 0.05546924076910948 0.21665285523326322 0.16623094142689068 0.16598701740383442 0.05535865371475814 0.22145662329471769 0.35985274360246927 0.7481812295932021 0.49869212774029215 0.0 0.0 0.02765709092226907 0.02767932685737907 0.08018542943825518 0.08306014067417211 0.16636343299814502 0.0 0.05546924076909144 0.13875018762093144 0.0 0.0 0.02765709092226907 0.0 0.0 0.0 0.0 0.0 0.0 0.0 0.0 0.0 0.0 0.0 0.0 0.0 0.0 0.0 0.0 0.0 0.0 0.0 0.0 0.0 0.054262587333911344 0.014873827083560947 0.0 0.0 0.0
0.0 0.0 0.0 0.0 0.28649853866574343 0.0 0.0 0.0 0.35994801107840013 0.4434425600016934 0.9698825818576584 0.9698825818576584 0.7762314013786074 0.0 0.0 0.0 0.0 0.0 0.0 0.0 0.0 0.0 0.0 0.0 0.05416310766340101 0.0 0.0 0.0 0.0 0.0 0.05531647176774347 0.0 0.0 0.0 0.0 0.0 0.0 0.0 0.0 0.02630109923363282 0.0 0.02772338166778794 0.0 0.0 0.0 0.0 0.027680000529871126 0.0 0.0 0.0 0.0 0.0 0.0 0.0 0.0 0.0 0.0 0.0 0.0 0.0 0.0 0.0 0.0 0.0 0.0 0.0 0.04074520876895637 0.0 0.0 0.0 0.0
0.0 0.0 0.0 0.0 0.4427804600480361 0.0 0.0 0.0 0.0 0.0 0.0 0.0 0.0 0.0 0.0 0.0 0.0 0.0 0.0 0.0 0.0 0.0 0.0 0.0 0.0 0.0 0.0 0.0 0.0 0.0 0.0 0.0 0.05390926502985934 0.18499192057649957 0.02535618866207317 0.04955500346041449 0.02776542568969046 0.05553085137938092 0.0 0.0 0.02770196982834243 0.05542516395348377 0.0 0.0 0.0 0.0 0.0 0.0 0.10200256024863875 0.1533940432800324 0.0 0.0 0.0 0.0 0.0 0.0 0.0 0.0 0.0 0.0 0.0 0.0 0.0 0.0 0.0 0.0 0.07615665709997185 0.0 0.0 0.0 0.0
0.0 0.0 0.0 0.0 0.30399886150874605 0.0 0.0 0.049236747935805694 0.026476770765277442 0.04586445218408028 0.05229898502084659 0.0 0.0 0.0 0.0 0.0 0.0 0.0 0.0 0.0 0.0 0.0 0.0 0.0 0.0 0.0 0.0 0.0 0.0 0.0 0.0 0.022253480200648136 0.025506486633036368 0.12028047026420545 0.10360136336368453 0.0 0.0 0.0 0.0 0.0 0.0 0.0 0.0 0.0 0.0 0.0 0.0 0.0 0.05185306890411274 0.07939075507792823 0.0 0.0 0.0 0.0 0.0 0.0 0.0 0.0 0.0 0.0 0.0 0.0 0.0 0.0 0.0 0.0 0.040916544871081865 0.038579810265603705 0.0 0.0 0.0
0.0 0.0 0.0 0.0 0.053309952256808506 0.10775034079009581 0.0 0.052219122783151065 0.0 0.0 0.0 0.0 0.0 0.0 0.0 0.0 0.0 0.0 0.0 0.0 0.0 0.0 0.0 0.0 0.0 0.0 0.0 0.0 0.0 0.049746390009110686 0.09048765241220426 0.07751325313275596 0.13068315207937156 0.09523391034258112 0.0 0.0 0.0 0.0 0.0 0.08322894129434728 0.0 0.0 0.0 0.0 0.0 0.0 0.0 0.0 0.15836905608623533 0.1329005297274694 0.0 0.0 0.0 0.0 0.0 0.0 0.0 0.0 0.0 0.0 0.0 0.0 0.0 0.0 0.0 0.0 0.0 0.010193655304743289 0.03521261954355357 0.0 0.0
0.0 0.0 0.0 0.0 0.0 0.0 0.0 0.0 0.0 0.0 0.0 0.0 0.0 0.0 0.0 0.0 0.0 0.0 0.0 0.0 0.0 0.0 0.0 0.0 0.0 0.0 0.0 0.0 0.0 0.05454597569517664 0.018762786221916374 0.12734312625390767 0.04828080417069689 0.05391449930722889 0.08372001882146368 0.04690011801108122 0.025175113562559335 0.0 0.0 0.0 0.0 0.0 0.0 0.0 0.0 0.0 0.0 0.0 0.0 0.0 0.0 0.0 0.0 0.0 0.0 0.0 0.0 0.0 0.0 0.0 0.0 0.0 0.0 0.0 0.0 0.0 0.0 0.0 0.002144754214388144 0.005882773595963958 0.08030283179365821
