critload/trunk/output/1999/fgw_rec_le_nat.asc
ncols 720
nrows 360
xllcorner -180
yllcorner -90
cellsize 0.5
NODATA_value -9999
[rows 52 to 77 of 360, columns 58 to 115 of 720]
0.0379291148063496 0.0341550711883897 0.03317519486841212 0.030857490498979123 0.0510932980367036 0.040604228362124024 0.033395975583284276 0.02080472728977357 0.010016254959237103 0.009911547644800333 0.00809020553494394 0.004986093400586314 0.006402847859262021 0.000983322520354918 -9999 -9999 0.018581799665251184 0.0033625001783684455 -9999 0.007320991257210052 0.012349663231185103 -9999 -9999 -9999 -9999 -9999 -9999 -9999 -9999 -9999 -9999 -9999 -9999 -9999 -9999 -9999 -9999 -9999 -9999 0.012116401008282164 0.002967923994534186 0.020439169110452616 0.036379564088402885 0.04157948163665134 0.03784888689748521 0.047909417506028305 0.033497659175186455 0.050844621726815115 0.029999721849834883 0.03420737873896902 0.03547129636445178 0.03436911548821645 0.0004493489022944206 -9999 -9999 -9999 -9999 0.0005064723226941954
0.09224216457708341 0.08801579980261914 0.07888189522112903 0.0865839662814758 0.06507012847040106 0.06477911236979043 0.06615838435895668 0.07160173477701362 0.06508521302851006 0.06204459604021621 0.042803556464058826 0.03719759165961536 0.031065104264065387 0.029886762257484576 0.02766113456284971 0.0038252616941301058 -9999 -9999 -9999 -9999 0.01404861949888972 -9999 -9999 -9999 -9999 -9999 -9999 -9999 -9999 -9999 -9999 -9999 -9999 -9999 -9999 -9999 -9999 -9999 -9999 0.0006356105557147053 0.002591890670730437 0.02301794631374148 0.009234090041043275 0.049823811646870865 0.046578496552653406 0.06160562783003584 0.05902835130280836 0.04516278797331922 0.06126487392762292 0.06253720422417461 0.02931328048584249 0.0343976231040113 0.03350703473762097 0.0010106363205123169 -9999 0.0002054176418260872 -9999 0.00011438113711732875
0.11301693969117384 0.08930825861312984 0.05110354479634411 0.07108155573743151 0.04947253141839818 0.046080089854384325 0.040226713586907416 0.0831008656485503 0.013094503366350823 0.0031912805665606815 -9999 0.021635528818466674 0.0350429435451521 0.04206913150672727 0.051712635924927225 0.031077066968881902 0.02393940063818844 0.014722811082796036 0.004463340904774561 0.009971687245715719 0.014132490303279845 0.003528392556820015 -9999 -9999 -9999 -9999 -9999 -9999 -9999 -9999 -9999 -9999 -9999 -9999 -9999 -9999 -9999 -9999 -9999 -9999 0.0024602883838241822 0.005102621876631437 0.01106720127706542 0.026341286934174264 0.049161644957634996 0.06616926438936759 0.0721326244011647 0.0825714752285288 0.0674922691104715 0.0719754811610668 0.06685671155307515 0.06095270179551664 0.05311835591820044 0.00026807468998877817 0.0033690252724651493 0.003333556816197987 4.484289898109937e-05 -9999
0.10172994388114316 0.0616078385265311 0.041154991063092464 0.09573013709429644 0.11316681738734945 0.10869529214158492 0.07290822139776745 0.07385429628664605 0.08434962700415899 0.04161435355615506 0.049331947570020004 0.021915154449591728 0.033571602751237134 0.07585059020339628 0.06930724711156215 0.06062088256944494 0.06779994225923665 0.05263570271521471 0.033997325612917115 0.044583220713635366 0.059515249116953856 0.010739221068621798 0.0053490630645116844 -9999 -9999 -9999 -9999 -9999 -9999 -9999 -9999 0.005241185398434776 0.002654090458539255 0.004760744850308712 0.004782059804653401 -9999 -9999 -9999 -9999 0.0008325207207339618 0.0025161238260495147 0.013743323050052485 0.02622926549828283 0.04821573051822888 0.06728148275595988 0.10879868885834312 0.10468138866373353 0.08634068880548902 0.08830685127931658 0.07197701521361054 0.04774352090724854 0.03148039213485478 0.02105138532336866 0.01050994718635838 0.019522757319690602 0.0173183550139331 0.02960896708858181 0.011159098413209381
0.0809973365157177 0.05163778484289437 0.036510524268483696 0.06409398334151101 0.11713276966126684 0.11737064575416106 0.13406780271744145 0.15823512558784475 0.1459715781950695 0.12067993802181017 0.11409650489203176 0.10797423969253421 0.14381363602934547 0.12062551335503417 0.12665376711101045 0.14302365036129489 0.13866736778717795 0.12931668354752088 0.09647586657870237 0.08554922103675601 0.06051673354275837 0.027197877079899596 0.04660516162088558 0.00604800411122084 -9999 -9999 -9999 -9999 -9999 -9999 -9999 0.0017293681269885753 0.0010418295305740278 0.004187857594630171 0.002573299863512878 0.006083035215693572 0.008035272342093778 0.014416377680767273 -9999 -9999 0.0009110750563795871 0.021473210073867384 0.02765780302385738 0.052159158369568984 0.09486567363794893 0.10797293861682496 0.11523203238286052 0.07610788229536501 0.06516979671936446 0.051050146131320036 0.03656029256930381 0.029082653859933135 0.031001173836851376 0.02289765635678752 0.039610851911889525 0.026051762940291535 0.010273100639919343 0.012019724837180794
0.03245866556747519 0.024105592590119452 0.022022245132408396 0.18692150620833886 0.16307834582456893 0.1658013935270891 0.20522072220613383 0.20335039913274014 0.2303167095707929 0.22062425392423157 0.2578822475215908 0.23250015738949023 0.21888869876975744 0.26470780997325194 0.26832625352265915 0.2084877415778078 0.2374297628689007 0.2020802995532909 0.08159803374539569 0.0384525435702855 0.028154049929657587 0.00034993504515623157 0.08325088540038056 0.030308847742165003 0.025669904227658715 0.0007719113026917692 0.0022437200700030817 -9999 -9999 0.0009478496739208013 -9999 -9999 0.0032893487863362844 0.002748474817920211 0.003609339839182475 0.008978357024779117 0.016221925655976344 0.01880952850520063 0.023962508550849224 0.033943599785262284 0.02105306729771939 0.032095919793175595 0.03091697577288953 0.04728370520260149 0.07407293334159633 0.08411289034475398 0.0839750243370467 0.0753839887819944 0.05743700839447319 0.051513991627280965 0.04001488925271934 0.0377014323347795 0.03678927479756307 0.03323249718531508 0.04175550818626238 0.03622704485905264 -9999 0.025659999219793367
0.02297922593797721 0.0375632796366652 0.16185405234885714 0.18461616530281058 0.2218230392017637 0.1930031119197535 0.3008214749119441 0.2838973662713506 0.37078611481209983 0.3276586542053637 0.39350965063249904 0.44664470253098665 0.3986705676061693 0.3604296902673742 0.35027688078072045 0.3362620420980746 0.3721134235600245 0.3263875496920797 0.27921329477718587 0.15568763155854898 0.017252741968876485 0.0033905056404341604 -9999 0.06913098753070221 0.12267597327344028 0.06551267781611973 0.03522681433712757 0.046938912988556514 0.053616731904790084 0.03280915675927631 0.02881491074447715 0.01498095492461884 0.008654419835089668 0.005282456333216229 0.010204385623651792 0.01684678271842291 0.0282508147897237 0.028713848933749633 0.025985494824466722 0.04544680314158451 0.057951492255031954 0.06129457427705946 0.08864642720041935 0.06010079300196464 0.055330693440997426 0.04795436090001188 0.056944426488793345 0.05546846868257818 0.05019075764876339 0.03598739000711844 0.04320347210741312 0.025964356098331427 0.046862242483305186 0.03530846500188939 0.029150542007712856 0.0069309211411705 0.06451056313930251 0.06543724409382316
0.06855739585706187 0.21125061819328445 0.2240226034755715 0.1919894275929324 0.28268216970905174 0.2634905680988928 0.2994693785226885 0.38915055188057696 0.4269360453417018 0.4886601071515882 0.5678935978326599 0.5401884921200261 0.2780234653442997 0.26416283063743634 0.3830235897998487 0.37640507590066574 0.2710640506276616 0.19618986684273892 0.34174451185923127 0.2702983357758295 0.41201764240121436 0.29449304385088004 0.23284022418595862 0.2104051540840664 -9999 0.18911603434345395 0.13470118349103877 0.09600686095404595 0.0839082815335015 0.09742803266418495 0.0679380561575051 0.06089190311881857 0.04246663126866152 0.007761591553558457 0.013736771856797194 0.01804357383309264 0.027527864652997197 0.030726546733622042 0.04128437387171472 0.05840954630078609 0.08916560500705334 0.09786846527367721 0.0299724062220411 0.03675484868634023 0.04367398635792712 0.0473621897141626 0.0343035209868028 0.02099357660665607 0.03134353607593897 0.022680980757093728 0.028194938767134272 0.030832541228850027 0.043078353029751326 0.028003909281029242 0.03620613728064987 0.011557892669472785 0.05404318217337602 0.05787407482944063
0.19500162812731556 0.2466453283524004 0.2687765601907449 0.2791668952616688 0.2886554243910488 -9999 0.4088126773907234 0.4022376077532825 -9999.0 -9999.0 -9999.0 -9999.0 -9999 -9999 -9999.0 -9999.0 -9999.0 -9999.0 0.2823921432597756 0.30421791748141086 0.4373925254475663 0.47793933443489894 0.5566728818600022 0.4180986519359752 0.34403924938883124 0.34207862285602114 0.256705499353722 0.22550301650034188 0.18126329515767234 0.17798039638432092 0.18390316818326566 0.14493779927942413 0.08802253047822359 0.04285346349363382 0.021450135456792307 0.04268064370764138 0.03287162733359567 0.03198180297791768 0.05583006805486764 0.07825056047899005 0.06944953579699605 0.11752890566295823 0.1140099465555532 0.05993624614996727 0.02664285931859603 0.04973095455762622 0.050672464706965036 0.05176740860602739 0.03373611908077379 0.016290198294897557 0.047494406971849534 0.05121051552788141 0.042295357261444774 0.04681248266181426 0.02739198222957459 0.04552415380253267 0.04793530198442779 0.049892959119094644
0.2792762475021358 -9999 -9999.0 -9999.0 -9999.0 -9999.0 -9999.0 -9999.0 -9999.0 -9999.0 -9999.0 -9999.0 -9999.0 -9999.0 -9999.0 -9999.0 -9999.0 -9999.0 -9999.0 -9999.0 -9999.0 -9999.0 0.3671536407710267 0.3401856533283946 0.5310868647968753 0.523470199032763 0.31784475297770615 0.3792066995228236 0.34729729316972824 0.3705586706944051 0.366926582405764 0.26796159555385884 0.22692511088459152 0.16581762823365712 0.08519949969817735 0.08669156915511965 0.0980334376615253 0.05957696728837893 0.04644876458933504 0.057743444058249174 0.06680091312321638 0.09132798546247017 0.14578089583695314 0.10925074000826321 0.07851747406232944 0.0727463688704271 0.03930296791797075 0.054071368025395 0.054058057604784514 0.07425611212494927 0.07339055868641836 0.07714067764111066 0.10131785350059605 0.0491200412955073 0.04499216502712258 0.0488001125224328 0.04826507938574112 0.04404538577980944
-9999.0 -9999.0 -9999.0 -9999.0 -9999.0 -9999.0 -9999.0 -9999.0 -9999.0 -9999.0 -9999.0 -9999.0 -9999.0 -9999.0 -9999.0 -9999.0 -9999.0 -9999.0 -9999.0 -9999.0 -9999.0 -9999.0 -9999.0 -9999.0 -9999.0 0.389072744691212 0.5544673522352174 0.18301486094409028 0.4575195620850704 0.44041760911732203 0.4266052415347736 0.42179496979734277 0.3446760515328374 0.1271186879432144 0.2573839112581748 0.17871084922939084 0.16676749280374673 0.13154589848101822 0.10221517364371054 0.10581432569918324 0.08371859250546708 0.10535801035171195 0.10035144561494351 0.09043050305964058 0.10223979117217165 0.10506160300857555 0.09323593136075718 0.02981577153698013 0.06898353956236804 0.10017331938662684 0.09037294252504004 0.09748906701589176 0.07823100768193092 0.10784728917061284 0.025553607215052655 0.04789128696340266 0.04404948750666044 0.023255933822688625
-9999.0 -9999.0 -9999.0 -9999.0 -9999.0 -9999.0 -9999.0 -9999.0 -9999.0 -9999.0 -9999.0 -9999.0 -9999.0 -9999.0 -9999.0 -9999.0 -9999.0 -9999.0 -9999.0 -9999.0 -9999.0 -9999.0 -9999.0 -9999.0 -9999.0 -9999.0 -9999.0 0.3904168626291406 0.43041567340913883 0.5794219693685934 0.5809344778826782 0.5441501783858455 0.4774904781392472 0.4162096468164312 0.35239560623689536 0.33214615926876695 0.2781202972033364 0.1944880937630726 0.17658605517483603 0.11481088203327042 0.07934718437424894 0.07348395510796062 0.11097744965267053 0.10936603915285868 0.08558052739854498 0.07910390750348772 0.10015369361900703 0.10468493343673523 0.055016764611172844 0.09082273909938775 0.11644462875467465 0.12594308054907233 0.1524867067537352 0.10260931803741967 0.09835627316030146 -9999 0.042941883113777675 0.043518724783096284
-9999.0 -9999.0 -9999.0 -9999.0 -9999.0 -9999.0 -9999.0 -9999.0 -9999.0 -9999.0 -9999.0 -9999.0 -9999.0 -9999.0 -9999.0 -9999.0 -9999.0 -9999.0 -9999.0 -9999.0 -9999.0 -9999.0 -9999.0 -9999.0 -9999.0 -9999.0 -9999.0 -9999.0 -9999.0 0.691872110116399 0.6893803097988579 0.6332883067090301 0.5975832839678211 0.48342777726428526 0.43039497934873305 0.4177116296026683 0.3944129650009647 0.3263438234221389 0.2703584571408236 0.20352794246469721 0.1625373618481042 0.14094267062802826 0.11223803833585141 0.09123137518683253 0.10643875271693927 0.06556131278819236 0.06762822063170626 0.10482038940594131 0.11863067556463902 0.0993066112879166 0.09727782054852642 0.1106751208235133 0.13892267311926149 0.11695630381314524 0.12364593047908018 0.0516128156817823 -9999 -9999
-9999.0 -9999.0 -9999.0 -9999.0 -9999.0 -9999.0 -9999.0 -9999.0 -9999.0 -9999.0 -9999.0 -9999.0 -9999.0 -9999.0 -9999.0 -9999.0 -9999.0 -9999.0 -9999.0 -9999.0 -9999.0 -9999.0 -9999.0 -9999.0 -9999.0 -9999.0 -9999.0 -9999.0 -9999.0 -9999.0 0.8202845636298649 0.6700681071709622 0.633815626621074 0.6474221015730367 0.46605269018713524 0.4838397962110356 0.5417803828633563 0.39554269909017775 0.4220533522872341 0.3308107809417183 0.24516242831691715 0.1725660341633568 0.12229612071411977 0.0813009667800997 0.06170523582713399 0.039994894327441334 0.02677355881761228 0.10053750870007362 0.10760067790266341 0.11895393045334297 0.1184425657353214 0.08602001585440504 0.10356964099106765 0.12903456710346559 0.1273323579962425 0.11805189419863103 -9999 -9999
-9999.0 -9999.0 -9999.0 -9999.0 -9999.0 -9999.0 -9999.0 -9999.0 -9999.0 -9999.0 -9999.0 -9999.0 -9999.0 -9999.0 -9999.0 -9999.0 -9999.0 -9999.0 -9999.0 -9999.0 -9999.0 -9999.0 -9999.0 -9999.0 -9999.0 -9999.0 -9999.0 -9999.0 -9999.0 -9999.0 -9999.0 0.5005050332624912 0.6945757838024672 0.7125078392819798 0.6414837463879385 0.5699783725487002 0.5712723191052876 0.5637994398780836 0.6062480466207849 0.5433198554481745 0.44482526351990015 0.335978427610498 0.22815766035639662 0.18088264788043598 0.06917196300915811 0.05089978584529959 0.022406816628266435 0.04336467271092702 0.11749327425988851 0.10665554677021423 0.11477290995425907 0.10456667136218194 0.10485991925348809 0.12645891746969684 0.14131400901031327 0.09994928350672902 0.047117273880355914 0.0017971115444980626
-9999.0 -9999.0 -9999.0 -9999.0 -9999.0 -9999.0 -9999.0 -9999.0 -9999.0 -9999.0 -9999.0 -9999.0 -9999.0 -9999.0 -9999.0 -9999.0 -9999.0 -9999.0 -9999.0 -9999.0 -9999.0 -9999.0 -9999.0 -9999.0 -9999.0 -9999.0 -9999.0 -9999.0 -9999.0 -9999.0 -9999.0 -9999.0 0.5000164958246555 0.568518511049031 0.6771965998989606 0.6503086898845545 0.5894502667921265 0.555239357472399 0.5314432416163559 0.5242722148514024 0.5375604715413836 0.46320001055366417 0.3643347401826762 0.21357738415016503 0.10364828642656869 0.06980286219143236 0.0306373741815154 0.03805866202890606 0.05734386870933706 0.08878416752350995 0.08788701992820527 0.06947494886019202 0.07830593810642228 0.053336174969441805 0.07624640192165823 0.09333385247879944 0.01153539017227654 0.017207379464529517
-9999.0 -9999.0 -9999.0 -9999.0 -9999.0 -9999.0 -9999.0 -9999.0 -9999.0 -9999.0 -9999.0 -9999.0 -9999.0 -9999.0 -9999.0 -9999.0 -9999.0 -9999.0 -9999.0 -9999.0 -9999.0 -9999.0 -9999.0 -9999.0 -9999.0 -9999.0 -9999.0 -9999.0 -9999.0 -9999.0 -9999.0 -9999.0 -9999.0 -9999 0.591491149880657 0.6672142403205208 0.6651806005961559 0.6353517725643697 0.6918768212296484 0.6819610230316581 0.5764900113592931 0.6151846138189544 0.48711299503036604 0.34111700362254394 0.12503748192958192 0.07039846787466238 0.030304828202618032 0.057384262745852226 0.025392801027731768 0.034722779042064285 0.06413206600654034 0.07100763944681943 0.0841507492754392 0.09659620994279386 0.08376356321767121 0.1061283186305057 0.0976465990415182 0.015007688012573102
-9999.0 -9999.0 -9999.0 -9999.0 -9999.0 -9999.0 -9999.0 -9999.0 -9999.0 -9999.0 -9999.0 -9999.0 -9999.0 -9999.0 -9999.0 -9999.0 -9999.0 -9999.0 -9999.0 -9999.0 -9999.0 -9999.0 -9999.0 -9999.0 -9999.0 -9999.0 -9999.0 -9999.0 -9999.0 -9999.0 -9999.0 -9999.0 -9999.0 -9999.0 -9999 0.550239312070074 0.5880531293360964 0.6709997240492073 0.7320795073310522 0.7735064367890367 0.7591496518367693 0.7016642687944543 0.6001695189649583 0.43071884638959457 0.20281603632484912 0.08608682451995994 0.042895973700765776 0.04591486487984308 0.035274103003252295 0.039370761659569604 0.03068297145437651 0.05571532840085146 0.07178683445848326 0.07818936236054166 0.09369109712200688 0.12221185274574346 0.17990798601360394 0.1763225367111454
-9999.0 -9999.0 -9999.0 -9999.0 -9999.0 -9999.0 -9999.0 -9999.0 -9999.0 -9999.0 -9999.0 -9999.0 -9999.0 -9999.0 -9999.0 -9999.0 -9999.0 -9999.0 -9999.0 -9999.0 -9999.0 -9999.0 -9999.0 -9999.0 -9999.0 -9999.0 -9999.0 -9999.0 -9999.0 -9999.0 -9999.0 -9999.0 -9999.0 -9999.0 -9999.0 0.4333621401357271 0.49283525274709666 0.540182739098065 -9999.0 0.6191166707581548 0.8107762028845509 0.8349649881923643 0.7501335856968132 0.6729194384901487 0.38359670757678244 0.2771332872853148 0.19349367041677942 0.09142999740150287 0.045884581086387446 0.034231007901438286 0.031890959805764695 0.0454833605674269 0.011436322136396128 0.026388025199202143 0.04562349468486973 0.08270917202629037 0.09034910187988923 0.1546153658800889
-9999.0 -9999.0 -9999.0 -9999.0 -9999.0 -9999.0 -9999.0 -9999.0 -9999.0 -9999.0 -9999.0 -9999.0 -9999.0 -9999.0 -9999.0 -9999.0 -9999.0 -9999.0 -9999.0 -9999.0 -9999.0 -9999.0 -9999.0 -9999.0 -9999.0 -9999.0 -9999.0 -9999.0 -9999.0 -9999.0 -9999.0 -9999.0 -9999.0 -9999.0 -9999.0 0.48631651267194437 0.4719515847028338 0.5144184701933184 0.4723129443367217 -9999.0 0.6367733958555848 0.8402051936803513 0.8385607781146868 0.8193696024193631 0.5851836680372967 0.49969126349748183 0.40439364009956263 0.20365532265889 0.07255323117853142 0.04539208851335495 0.00586898771714631 0.04184243913105833 0.05527934665719551 0.05013259241254007 0.0509542385111757 0.044980797901574804 0.07291043873759341 0.11122449162489055
-9999.0 -9999.0 -9999.0 -9999.0 -9999.0 -9999.0 -9999.0 -9999.0 -9999.0 -9999.0 -9999.0 -9999.0 -9999.0 -9999.0 -9999.0 -9999.0 -9999.0 -9999.0 -9999.0 -9999.0 -9999.0 -9999.0 -9999.0 -9999.0 -9999.0 -9999.0 -9999.0 -9999.0 -9999.0 -9999.0 -9999.0 -9999.0 -9999.0 -9999.0 -9999.0 0.5056127848910982 0.5282183354929296 0.3839616946595749 0.4388925836225299 -9999.0 0.6357010896127732 0.8373551128159524 0.8446254289120356 0.8403859593932235 0.7673213201599645 0.6735155638032674 0.5903670851097235 0.3872953519418963 0.2043883302972142 0.07468464085490083 0.05617524634323412 0.03673903083453117 0.03709271967715647 0.03277794331994389 0.02176744618715589 0.03484360705421171 0.04063417256140866 0.14104345205336793
-9999.0 -9999.0 -9999.0 -9999.0 -9999.0 -9999.0 -9999.0 -9999.0 -9999.0 -9999.0 -9999.0 -9999.0 -9999.0 -9999.0 -9999.0 -9999.0 -9999.0 -9999.0 -9999.0 -9999.0 -9999.0 -9999.0 -9999.0 -9999.0 -9999.0 -9999.0 -9999.0 -9999.0 -9999.0 -9999.0 -9999.0 -9999.0 -9999.0 -9999.0 -9999.0 -9999.0 0.4614903575183157 0.5569451939322806 0.5022362712788282 -9999.0 -9999.0 0.6403364035853842 0.8365066652494916 0.8323253746066906 0.8430986206429838 0.8279636090499121 0.7641559792865432 0.6035844767443914 0.3429510686832679 0.18467656568675608 0.06427975025799451 0.0407627894227627 0.030949311697198844 0.015355632502494013 0.008943344466616182 0.026493052294823512 0.03270017556297549 0.08695255540678205
-9999.0 -9999.0 -9999.0 -9999.0 -9999.0 -9999.0 -9999.0 -9999.0 -9999.0 -9999.0 -9999.0 -9999.0 -9999.0 -9999.0 -9999.0 -9999.0 -9999.0 -9999.0 -9999.0 -9999.0 -9999.0 -9999.0 -9999.0 -9999.0 -9999.0 -9999.0 -9999.0 -9999.0 -9999.0 -9999.0 -9999.0 -9999.0 -9999.0 -9999.0 -9999.0 -9999.0 -9999.0 0.43438751780446727 0.7399826454978679 0.4489196038582619 -9999.0 -9999.0 -9999.0 0.8302317674389134 0.8408911800888834 0.8419437406670442 0.8336318622680311 0.6901660103852691 0.5498047416713263 0.33412366576415203 0.2332175239380877 0.14433803496384806 0.05922606756292823 0.01765480473291702 0.004207209596437217 0.00441303831618695 0.015581230030375037 0.039600352290042995
-9999.0 -9999.0 -9999.0 -9999.0 -9999.0 -9999.0 -9999.0 -9999.0 -9999.0 -9999.0 -9999.0 -9999.0 -9999.0 -9999.0 -9999.0 -9999.0 -9999.0 -9999.0 -9999.0 -9999.0 -9999.0 -9999.0 -9999.0 -9999.0 -9999.0 -9999.0 -9999.0 -9999.0 -9999.0 -9999.0 -9999.0 -9999.0 -9999.0 -9999.0 -9999.0 -9999.0 -9999.0 -9999.0 0.430731564417024 0.45339575652003733 -9999.0 -9999.0 -9999.0 -9999.0 0.8282027377652297 0.8322637436854303 0.8434172888923133 0.8292190830019809 0.6286876725280446 0.5157282066595784 0.3543988629619601 0.2049272402196452 0.07380682234200461 0.02161114118410247 -9999 0.002097265092069962 0.002089891892054415 0.00313941158100852
-9999.0 -9999.0 -9999.0 -9999.0 -9999.0 -9999.0 -9999.0 -9999.0 -9999.0 -9999.0 -9999.0 -9999.0 -9999.0 -9999.0 -9999.0 -9999.0 -9999.0 -9999.0 -9999.0 -9999.0 -9999.0 -9999.0 -9999.0 -9999.0 -9999.0 -9999.0 -9999.0 -9999.0 -9999.0 -9999.0 -9999.0 -9999.0 -9999.0 -9999.0 -9999.0 -9999.0 -9999.0 -9999.0 -9999.0 -9999.0 -9999.0 -9999.0 -9999.0 -9999.0 -9999.0 0.8334825293475394 0.8427084884167332 0.8155627770913779 0.6860328585708998 0.6537572658452593 0.5145657326605635 0.405155118551233 0.22937531348098728 0.05664559919658882 0.015726231607935834 0.009100397779942865 0.023248237201298833 0.018188049444571888
-9999.0 -9999.0 -9999.0 -9999.0 -9999.0 -9999.0 -9999.0 -9999.0 -9999.0 -9999.0 -9999.0 -9999.0 -9999.0 -9999.0 -9999.0 -9999.0 -9999.0 -9999.0 -9999.0 -9999.0 -9999.0 -9999.0 -9999.0 -9999.0 -9999.0 -9999.0 -9999.0 -9999.0 -9999.0 -9999.0 -9999.0 -9999.0 -9999.0 -9999.0 -9999.0 -9999.0 -9999.0 -9999.0 -9999.0 -9999.0 -9999.0 -9999.0 -9999.0 -9999.0 -9999.0 -9999.0 0.8348470292287443 0.6817025395387659 0.7308472330976896 0.6760612205989549 0.524386319850072 0.5300990665176654 0.3086105117919825 0.3095634607306566 0.2807307228962466 0.28949945384935755 0.17563649143322188 0.046772850000619204
