critload/trunk/output/1999/fgw_rec_le_ag.asc
ncols 720
nrows 360
xllcorner -180
yllcorner -90
cellsize 0.5
NODATA_value -9999
[rows 196 to 223 of 360, columns 248 to 309 of 720]
0 0.42999816332732965 0 0 0 0 0 0.3225411178049507 0.37326418965979163 0.2922947864248919 0.2844643984823001 0.2799904700504979 0.27273479291160313 0.26591268788528993 0.30127879989703626 0.11820508111363896 0.11129735644606176 0.0742409689021921 0.05401472032240961 0.04392457303230913 0.007441486055449931 0.03391533197206312 0.015421364275168138 0.013916809931824467 0 0 0 0 0 0 0 0 0.0 0.0 0.0008002202185898288 0.03456426532520516 0 0 7.607732350549214e-05 0.03644921811184043 0.08883193170181189 0.23237822974653383 0.20125665766172332 -9999.0 -9999.0 -9999.0 -9999.0 -9999.0 -9999.0 -9999.0 -9999.0 -9999.0 -9999.0 -9999.0 -9999.0 -9999.0 -9999.0 -9999.0 -9999.0 -9999.0 -9999.0 -9999.0
0 0 0.385207017312676 0 0 0 0 0.3379787304892849 0.36207049593803714 0.2818714208698312 0.26493944267114355 0.2598858259403305 0.24495555354152565 0.2200163391557929 0.22424141256450056 0.11956390398215638 0.10417935867477346 0.048367046635726926 0.08188717268359896 0.04911503371059377 0.026030438779253397 0.02154169517694689 0 0.0037291944431695964 0 0 0 0 0 0.11546759546938373 0.09190271514327078 0.0 0.0 0.0 0.0 0.0 0 0.03146506304346933 0.013119960987589087 0.0840518754217989 0.1384269613824656 0.2348589672948666 -9999 -9999.0 -9999.0 -9999.0 -9999.0 -9999.0 -9999.0 -9999.0 -9999.0 -9999.0 -9999.0 -9999.0 -9999.0 -9999.0 -9999.0 -9999.0 -9999.0 -9999.0 -9999.0 -9999.0
0 0.4482029058895524 0.4356687966006695 0 0 0 0 0 0 0.29389095091948786 0.2940107907116978 0.26966939600308165 0.4266303526925009 0.28018368565655416 0.16161917438735526 0.10132082534081809 0.0605026415191157 0.04438860801763358 0.04285341139696021 0.0496271843362191 0.026888941792718193 0.020606273249562365 0.016078587423269015 0 0 0.030710535639654233 0 0 0.0 0.0 0.0 0.0 0 0 0.0 0 0.01903321245551128 0.00062515382321383 0.040916809732287916 0.04569345473396517 0.1864355053590133 0.16334667813728646 -9999.0 -9999.0 -9999.0 -9999.0 -9999.0 -9999.0 -9999.0 -9999.0 -9999.0 -9999.0 -9999.0 -9999.0 -9999.0 -9999.0 -9999.0 -9999.0 -9999.0 -9999.0 -9999.0 -9999.0
0.39375061043502874 0.5364243457263222 0.5094044945388144 0.45448004213712334 0 0.43543382379318385 0 0.32997861369928416 0.31234163397983783 0.28219013925083686 0.26530190697487976 0.3603812405577405 0.3674600627667644 0.2730278723493923 0.1649509295201171 0.14392216581013054 0.08960860054399607 0.046110938940099704 0.03727400362491667 0.010322960305492197 0.011621135961862521 0.013135334280780227 0.009889083955271112 0 0.4638624545815682 0.03684713425193044 0 0 0 0 0.0 0 0 0.0 0.0 0 0 0.00021542998340271462 0.04371657155821296 0.12640388581910905 0.20108840099857747 -9999.0 -9999.0 -9999.0 -9999.0 -9999.0 -9999.0 -9999.0 -9999.0 -9999.0 -9999.0 -9999.0 -9999.0 -9999.0 -9999.0 -9999.0 -9999.0 -9999.0 -9999.0 -9999.0 -9999.0 -9999.0
0.4810990724689429 0.48536632787350104 0.43981673061908655 0.448105948980459 0.46321922057042975 0 0.4353488343695509 0.40942191975895476 0.34053298344503785 0.3816721182415233 0.3024784919658576 0.4160287009561905 0.4087803248894918 0.3226789541337685 0.2365013030290896 0.16719007492251292 0.09312504783618548 0.04375768328869849 1.0791176670818363 0.03139162211356578 0.05469569568992042 0.014998762071024747 0.014514967080445884 0 0 0 0 0.0 0.0 0 0.031376024558680854 0.024979973980654033 0 0 0.0 0 0.0068897265356438215 0.06943360751819312 0.02538080185137578 0.1753969798250476 -9999.0 -9999.0 -9999.0 -9999.0 -9999.0 -9999.0 -9999.0 -9999.0 -9999.0 -9999.0 -9999.0 -9999.0 -9999.0 -9999.0 -9999.0 -9999.0 -9999.0 -9999.0 -9999.0 -9999.0 -9999.0 -9999.0
0.4418841458107428 0.5583395870487656 0.48025015565626855 0.4922125411359317 0.42642124076931076 0 0.39807804004325303 0.3831185251696156 0.49270299034864706 0.4732353204912109 0.43092793505452825 0.4176688432204891 0.39689802584811623 0.2980221090400226 0.2797979397658879 0.2197314574169442 0.17350017958538727 0.07294562207025285 0 0.015025255973263422 0.047973392364259355 0.044311256245665384 0.06003038381310679 0 0 0 0 0 0 0.02489718267596533 0.011973115311963708 0.0005438600097376253 0.00042291854105655583 0.0029561325532034693 0 0.003369248199175005 0.027831900122080026 0.14729807000082268 0.11868029644441315 -9999.0 -9999.0 -9999.0 -9999.0 -9999.0 -9999.0 -9999.0 -9999.0 -9999.0 -9999.0 -9999.0 -9999.0 -9999.0 -9999.0 -9999.0 -9999.0 -9999.0 -9999.0 -9999.0 -9999.0 -9999.0 -9999.0 -9999.0
0.4226612317536038 0.3762888235099083 0.4730981888294261 0.3834970242077472 0 0 0.364420573509801 0.3435650248187795 0.40404257829188495 0.4372465855593726 0.4319047961907659 0.40611056055375927 0.2865750118127494 0.30491781306498167 0.27522464932592505 0.23564092753005172 0.21655002989557903 0.17062807503844174 0.08463322512064325 0.06633841538086102 0.06359582851898467 0.052222286060654134 0 0.078035457423474 0.060420972866217684 0 0 0 0.0008904818175782013 0.0 0.006064990803444256 0.023877364879582565 0.0057587882191819 0 0.017442117861035104 0.0037324342790885875 0.11481270222485541 0.21527675212039374 -9999.0 -9999.0 -9999.0 -9999.0 -9999.0 -9999.0 -9999.0 -9999.0 -9999.0 -9999.0 -9999.0 -9999.0 -9999.0 -9999.0 -9999.0 -9999.0 -9999.0 -9999.0 -9999.0 -9999.0 -9999.0 -9999.0 -9999.0 -9999.0
0.46597420023461084 0.4500703339208412 0.43314014742058415 0.3666236448801486 0 0 0.35717476779230534 0.3210758790667314 0.3119344452063424 0.38239167723920653 0.42212239901709303 0.39709862804079893 0.3664737783355693 0.32503942297858496 0.28527970180508605 0.25647356838817637 0.24514067824213268 0.18521283818953932 0.09566292435652633 0.018956135278678427 0.05302474916780002 0.04446586348720867 0.1094984274166522 0.06668476659195775 0.09213100765230182 0.0365390586723996 0.046217021729971004 0.043417872410360436 0.016635213841404525 0 0 0.07525535033164686 0.021114042209221032 0 0.023159814362866273 0.04664057279770516 0.19236230325378928 0 -9999.0 -9999.0 -9999.0 -9999.0 -9999.0 -9999.0 -9999.0 -9999.0 -9999.0 -9999.0 -9999.0 -9999.0 -9999.0 -9999.0 -9999.0 -9999.0 -9999.0 -9999.0 -9999.0 -9999.0 -9999.0 -9999.0 -9999.0 -9999.0
0.4927661768393161 0.4089146992010667 0.39524403695783356 0.39435706979706603 0 0.37435354940215076 0.3066305794129736 0.3156501386953446 0.3307485030598456 0.4303981590254917 0.39275891225820875 0.4191981931239019 0.31356014713560965 0.299136568305511 0.2730547912245651 0.2763385424262601 0.2662288174439217 0.1294272430625435 0.08777789836367675 0.12697077270557475 0.0733264235617151 0.05514412558335289 0.06465308348509358 0.006870676959220652 0.03608281438676668 0.0657047362444225 0.04617733440063111 0.05890390030125944 0.04737425909488454 0 0.0 0.05314999196852048 0.035579995482849534 0.030720090055845334 0.05306623294671079 0.04298133087252819 0.2551477722721726 -9999.0 -9999.0 -9999.0 -9999.0 -9999.0 -9999.0 -9999.0 -9999.0 -9999.0 -9999.0 -9999.0 -9999.0 -9999.0 -9999.0 -9999.0 -9999.0 -9999.0 -9999.0 -9999.0 -9999.0 -9999.0 -9999.0 -9999.0 -9999.0 -9999.0
0.5136312060922755 0.4001565912926425 0.8085138440828158 0.3647536990875472 0 0 0.30851771747440176 0.2881140184332443 0.36742551553300806 0.370779581384372 0.40857732577156847 0.4031264698104818 0.3926119684274441 0.3108959734355334 0.3322856343626289 0.341040961516035 0.2675063007284806 0.2917907758776352 0.2275880005551869 0.035129113146695985 0.036009605342268644 0.032377060585593836 0.014042025815059249 0.06495594828788905 5.573593010814985e-05 0.10286210056552107 0 0.08516947910152341 0.05668746278895716 0.05442449931943915 0.03498731610000332 0.037352746600150845 0.025622799113344866 0.05093817810749019 0.09430012978345007 0.41857917835771363 -9999.0 -9999.0 -9999.0 -9999.0 -9999.0 -9999.0 -9999.0 -9999.0 -9999.0 -9999.0 -9999.0 -9999.0 -9999.0 -9999.0 -9999.0 -9999.0 -9999.0 -9999.0 -9999.0 -9999.0 -9999.0 -9999.0 -9999.0 -9999.0 -9999.0 -9999.0
0.5579894789232194 0.47061023134590585 0.3552406867300232 0.5815299097244799 1.9644192584119518 0.29515528786394246 0.3010928244427889 0.35828928483981826 0.43698873711665726 0.4362799079367646 0.39852918584431873 0.40235840676878665 0.3172299762350246 0.29364004539566096 0.31715584123433566 0.27026455810967387 0.3076331542875994 0.2670348587187096 0.18189551166142673 0.08764070707475899 0.032317784749305564 0.036021872073094596 0.04409661967346969 0.13006673796574333 0.1294190889873174 0.0959086631659765 0.10487717767037197 0.09387410747992124 0.06482250945578424 0.04342974233854748 0.03456717065275364 0.026367043019695665 0 0.10324210569556258 0.058119621441867025 -9999.0 -9999.0 -9999.0 -9999.0 -9999.0 -9999.0 -9999.0 -9999.0 -9999.0 -9999.0 -9999.0 -9999.0 -9999.0 -9999.0 -9999.0 -9999.0 -9999.0 -9999.0 -9999.0 -9999.0 -9999.0 -9999.0 -9999.0 -9999.0 -9999.0 -9999.0 -9999.0
0.4154088294589386 0.4417175342485404 0.4564887121403529 0.4079340198998995 0.40431404531527554 0.3942719981527729 0.4521961936703315 0.39962613695420535 0.33898673060007145 0.40249207791591307 0.3974422677287114 0.3426122635223912 0.3226480610282951 0.3241681314628635 0.3293230745498892 0.2618562072171383 0.29179820229447573 0.2159540976722368 0 0.12305874663906756 0.05794055579328222 0.010912912538974156 0.019292394769985347 0.05927220880103254 0.08860477851209397 0.10726191247742758 0.10824787804641087 0.06005717432732572 0.059697296545856725 0.055437337155007683 0.03663576791502055 0 0.0007660153906894081 0.2180004879152395 0.16980764629660897 -9999.0 -9999.0 -9999.0 -9999.0 -9999.0 -9999.0 -9999.0 -9999.0 -9999.0 -9999.0 -9999.0 -9999.0 -9999.0 -9999.0 -9999.0 -9999.0 -9999.0 -9999.0 -9999.0 -9999.0 -9999.0 -9999.0 -9999.0 -9999.0 -9999.0 -9999.0 -9999.0
0.26217240687227783 0.333154133751215 0.36245490262506036 0.2660557026538548 0.3339709688528101 0.3971348960540394 0.37232555215660473 0.3835087966568571 0.3721966146583616 0.40108940780504904 0.3901263097604485 0.343727203261495 0.3556531006219419 0.33352852649141224 0.26190641345543203 0.2550389605260625 0.30498863005852184 0.20412229287065378 0.05682692230531108 0.11119797935071106 0.046707192636261455 0.04116560025685161 0.07441412318934157 0.1131620456144575 0.06462647317215167 0.08640230838304087 0.09709816224388386 0.07649440918397632 0.03759537234756373 0.04334541147576858 0.05853016472236521 0 0.0 0.2622282041505105 0.3736857072695089 -9999.0 -9999.0 -9999.0 -9999.0 -9999.0 -9999.0 -9999.0 -9999.0 -9999.0 -9999.0 -9999.0 -9999.0 -9999.0 -9999.0 -9999.0 -9999.0 -9999.0 -9999.0 -9999.0 -9999.0 -9999.0 -9999.0 -9999.0 -9999.0 -9999.0 -9999.0 -9999.0
0.28853701902346746 0.2396150948466889 0.24764299294085915 0.20813497394151956 0.2474104273961053 0.3952988254913511 0.3164258424831773 0.34033574172835485 0.3614040988712231 0.371550450670258 0.3400468055361703 0.36249186366967395 0.36684517603434724 0.2879563372226157 0.2894445308956214 0.3160557291543017 0.22915034398624365 0.06625817906045732 0.07853983460583612 0.033619589891515256 0.019672053361770338 0.004086463653934844 0.024964417771605896 0.0707938287660138 0.07337250143274002 0.06364616662883588 0.09555894750457915 0.07317771934011338 0.08177518554792397 0.0636500579412427 0.042377032002927625 0.049485153013080534 0.030744026292035608 0.28785158834353197 -9999.0 -9999.0 -9999.0 -9999.0 -9999.0 -9999.0 -9999.0 -9999.0 -9999.0 -9999.0 -9999.0 -9999.0 -9999.0 -9999.0 -9999.0 -9999.0 -9999.0 -9999.0 -9999.0 -9999.0 -9999.0 -9999.0 -9999.0 -9999.0 -9999.0 -9999.0 -9999.0 -9999.0
0.3383682489520223 0.15175389665604125 0.16470213005008436 0.2539536347458793 0.23690011014322854 0.2697279800089368 0.2440377504024105 0.3169299517307112 0.3482766980941811 0.32260225812048066 0.30705622157046747 0.36307834882674545 0.3412888451389737 0.3033458514178578 0.3410565292176492 0.3224477412789609 0.24846420034088654 0.17108455307601178 0.047442547902442386 0 0.02279435633875162 0.021014407547227738 0.0068865216073618965 0.07779793692981367 0.06565128312122695 0.08222572571913969 0.0595595517121667 0.048775826695255646 0.06701242063135768 0.05714993609442657 0.024428863220057752 0.0608534558185479 0.1298260933798405 0.30943404520933876 0.277526566868595 -9999.0 -9999.0 -9999.0 -9999.0 -9999.0 -9999.0 -9999.0 -9999.0 -9999.0 -9999.0 -9999.0 -9999.0 -9999.0 -9999.0 -9999.0 -9999.0 -9999.0 -9999.0 -9999.0 -9999.0 -9999.0 -9999.0 -9999.0 -9999.0 -9999.0 -9999.0 -9999.0
0.18834103012983253 0.24389067969846534 0.25700183407074345 0.27083366583024443 0.2731894380302479 0.2203034391964543 0.2513277232607134 0.2811086738587866 0.3287692446752466 0.275206808657631 0.3441451537411645 0.35909302452819236 0.3447517080123343 0.3226306458633868 0.3275244585265884 0.2112643538583422 0.1704514750687827 0.0486154872443682 0.2238111282688914 0.10752974116385319 0.04017588016947022 0.030868082096877424 0.0871881493719778 0.10792699611093025 0.094601267001114 0.10094852513911627 0.0701402391367949 0.05707797765423048 0.03664794971222813 0.024739983805394404 0 0.07402583693086207 0.1575172342201083 0.1750384084331871 0.15196100377004831 -9999.0 -9999.0 -9999.0 -9999.0 -9999.0 -9999.0 -9999.0 -9999.0 -9999.0 -9999.0 -9999.0 -9999.0 -9999.0 -9999.0 -9999.0 -9999.0 -9999.0 -9999.0 -9999.0 -9999.0 -9999.0 -9999.0 -9999.0 -9999.0 -9999.0 -9999.0 -9999.0
0.27549726707286426 0.22993519932840095 0.2478258017987888 0.2213985140767198 0.2623040302467875 0.2523647228192579 0.21900135434787793 0.24966210771057654 0.2990801490912272 0.24648071047166778 0.3135995208300793 0.28898160549944135 0.24255570217007666 0.25235009934947167 0.21804801105562727 0.26788213949576434 0.2192988864518252 0.23935267160420526 0.08455729780125579 0.12553546015414555 0.07725140209018876 0.1282216421221157 0.09638181771357 0.11882938233848496 0.11464959358068709 0.07392366889240296 0.08174079397217952 0.07279440412143667 0.07008094203391829 0.05828214582084351 0.06827305302495125 0.10321301662123485 0.14577399745744188 0.19821750918022943 0.17375106129694992 -9999.0 -9999.0 -9999.0 -9999.0 -9999.0 -9999.0 -9999.0 -9999.0 -9999.0 -9999.0 -9999.0 -9999.0 -9999.0 -9999.0 -9999.0 -9999.0 -9999.0 -9999.0 -9999.0 -9999.0 -9999.0 -9999.0 -9999.0 -9999.0 -9999.0 -9999.0 -9999.0
0.26698375549075193 0.2845519462717274 0.23348795055523835 0.20767403996986852 0.22441289499188832 0.19159380632513684 0.20993077094099022 0.19759495996818618 0.20234438386359777 0.2177710844596486 0.26984435309244525 0.25543711036079275 0.18173187697858276 0.19183634851538142 0.22313157002100834 0.21164190614595343 0.18819699697419778 0.20238091396341715 0.18719525016509442 0.20354471954959752 0.05068688278828144 0.08389878157463265 0.1303127954343568 0.1037875601562842 0.10630614311253321 0.12642960718147025 0.08911229178132343 0.05638431398121539 0.1011033201385911 0.07969587937729292 0.0706600506599525 0.08829898327183189 0.15045197600368765 0.04767164225571931 -9999.0 -9999.0 -9999.0 -9999.0 -9999.0 -9999.0 -9999.0 -9999.0 -9999.0 -9999.0 -9999.0 -9999.0 -9999.0 -9999.0 -9999.0 -9999.0 -9999.0 -9999.0 -9999.0 -9999.0 -9999.0 -9999.0 -9999.0 -9999.0 -9999.0 -9999.0 -9999.0 -9999.0
0.21504126253098987 0.28878814874824604 0.21586119786359895 0.18226735037904868 0.19202297398156842 0.16936540666024527 0.20919249068343268 0.21673046161397622 0.15146329899508215 0.22199691386094486 0.2413481818162113 0.3017784890546458 0.24241148465860496 0.25528421570812204 0.22525926899080098 0.24422873050457555 0.25952144824963985 0.24772654355022677 0.22355311362345442 0.2561145265971102 0.17979602144450407 0.09524938979108137 0.13076176693050662 0.15998438566886938 0.1421630941139075 0.1126480490131251 0.11828717369671547 0.10391068505811679 0.037749425778691836 0.028657604391731255 0.10081000078943578 0.07928450601730457 0.09179906147151738 0.08881894084728328 -9999.0 -9999.0 -9999.0 -9999.0 -9999.0 -9999.0 -9999.0 -9999.0 -9999.0 -9999.0 -9999.0 -9999.0 -9999.0 -9999.0 -9999.0 -9999.0 -9999.0 -9999.0 -9999.0 -9999.0 -9999.0 -9999.0 -9999.0 -9999.0 -9999.0 -9999.0 -9999.0 -9999.0
0.08495375332066882 0.24464562922626526 0.2127576388198012 0.20575385798777635 0.22125100709916004 0.19401456810329681 0.18642183618905267 0.20040640003335702 0.20523362370072037 0.1971048551817279 0.20046685700410313 0.2150722215409154 0.16549919252886272 0.15732335497390265 0.23601229614551508 0.2581075972569608 0.2228039484439531 0.2543939812313545 0.21910578643136847 0.2178778500784619 0.13752915678912261 0.11228475168919307 0.15851683872212774 0.1849156972401013 0.15421359808922308 0.15601106327205533 0.12255908950647194 0.11686201609065816 0.04079084671675793 0.11363340023564714 0.09666693325569245 0.11522287263652681 0.12859310303959695 0.04624106101478225 -9999.0 -9999.0 -9999.0 -9999.0 -9999.0 -9999.0 -9999.0 -9999.0 -9999.0 -9999.0 -9999.0 -9999.0 -9999.0 -9999.0 -9999.0 -9999.0 -9999.0 -9999.0 -9999.0 -9999.0 -9999.0 -9999.0 -9999.0 -9999.0 -9999.0 -9999.0 -9999.0 -9999.0
0.17674108182193676 0.16771130128151154 0.1675507056694656 0.21404682012693282 0.20693807677305015 0.17972741126295652 0.1832984732317851 0.17469462027188407 0.16664880089514977 0.1865584884306968 0.14719479278131214 0.1375380525255781 0.1472295427999457 0.179866747178544 0.20752650627503055 0.2099352872721473 0.14654891178270038 0.13647337652636748 0.18410215362690333 0.20787827607208934 0.18753479722593874 0.13131416161156864 0.1488896658571958 0.1785097572243404 0.13070048618879868 0.22955356910642508 0.16376944634317153 0.0993997788377567 0.08428504673827289 0.1289559278956427 0.11301852065416788 0.10829152001535358 0.013269633571538687 -9999 -9999.0 -9999.0 -9999.0 -9999.0 -9999.0 -9999.0 -9999.0 -9999.0 -9999.0 -9999.0 -9999.0 -9999.0 -9999.0 -9999.0 -9999.0 -9999.0 -9999.0 -9999.0 -9999.0 -9999.0 -9999.0 -9999.0 -9999.0 -9999.0 -9999.0 -9999.0 -9999.0 -9999.0
0.14165142524126034 0.15761182064272916 0.15842031502716555 0.20192594699381594 0.18773184777028104 0.15915584820427392 0.1456437887863593 0.13016548694143412 0.14274613619465418 0.15685729774332907 0.11787084761558671 0.087274312711815 0.13637786937091875 0.2002511909929738 0.20976948634987108 0.17557820497739277 0.18146820578115422 0.18131873887814728 0.17809354070284483 0.2405255495007357 0.17391014532837248 0.10394633325847635 0.17929772774624733 0.19420322561234932 0.1933627074772904 0.20336091994056787 0.18613573606956355 0.14782253493126787 0.10542687960977697 0.12525041453238056 0.11576019883038403 0.14214667824152094 0.0009998835473274024 -9999.0 -9999.0 -9999.0 -9999.0 -9999.0 -9999.0 -9999.0 -9999.0 -9999.0 -9999.0 -9999.0 -9999.0 -9999.0 -9999.0 -9999.0 -9999.0 -9999.0 -9999.0 -9999.0 -9999.0 -9999.0 -9999.0 -9999.0 -9999.0 -9999.0 -9999.0 -9999.0 -9999.0 -9999.0
0.1199454665245974 0.15303222100239347 0.16406842434715663 0.19085784809573017 0.17460320186471093 0.14390945607527694 0.15065755177090676 0.13068368659999585 0.10999286726646056 0.10473378151269515 0.06736006206849278 0.09459016576490434 0.12374963638178722 0.14245658149494878 0.15601041319844697 0.15250113844203497 0.22389230890375475 0.15999631075319723 0.1509548759983943 0.13900853611071148 0.24068091989040186 0.18675178801069617 0.21453692275086744 0.24346754707450233 0.22112574251888042 0.22067749848455173 0.20449121928799938 0.17548406002693054 0.137581349542775 0.11484872608431815 0.1424484285012328 0.09272511829235755 0.0017828210580244975 -9999.0 -9999.0 -9999.0 -9999.0 -9999.0 -9999.0 -9999.0 -9999.0 -9999.0 -9999.0 -9999.0 -9999.0 -9999.0 -9999.0 -9999.0 -9999.0 -9999.0 -9999.0 -9999.0 -9999.0 -9999.0 -9999.0 -9999.0 -9999.0 -9999.0 -9999.0 -9999.0 -9999.0 -9999.0
0.15946484695544644 0.1453781417178503 0.17884163434142886 0.18814356711674307 0.13206274361198736 0.1394354660988554 0.14196274919712967 0.12594020450699853 0.0739778086783545 0.06046119257714561 0.07902812831241621 0.08069667539961958 0.1161579359693501 0.139158520420954 0.14347989945856054 0.2006708538426026 0.18703579597971154 0.17722485243078484 0.20569436036093214 0.3016448578836417 0.2774584491954616 0.237327459888531 0.20577900086716613 0.18889010887087596 0.2363794721545817 0.22272071591309728 0.2063016542645221 0.1771262708461236 0.17422139583863447 0.13299828905808447 0.15586569776549417 0.0714903689640328 0.03312234505576988 -9999.0 -9999.0 -9999.0 -9999.0 -9999.0 -9999.0 -9999.0 -9999.0 -9999.0 -9999.0 -9999.0 -9999.0 -9999.0 -9999.0 -9999.0 -9999.0 -9999.0 -9999.0 -9999.0 -9999.0 -9999.0 -9999.0 -9999.0 -9999.0 -9999.0 -9999.0 -9999.0 -9999.0 -9999.0
0.1668587284973383 0.12915804119633126 0.18555950676282768 0.15502375524321696 0.10121516324627917 0.11723081508063553 0.11479259925177344 0.09581066793001666 0.07990350284226104 0.018868339716924285 0.07041256488886566 0.13558869337059704 0.16086568411533686 0.15204455283601323 0.16777138164911062 0.22290467542929485 0.27779671469559775 0.2557569748219941 0.18365398744485795 0.19709332139041677 0.23724257446213926 0.24093100401975245 0.2055576693857907 0.17576554276999282 0.23510246619882458 0.2036743707990569 0.18253465063147278 0.19141249840978777 0.16702573226611936 0.1566383141689453 0.14240993328579046 0.11108646808986901 -9999.0 -9999.0 -9999.0 -9999.0 -9999.0 -9999.0 -9999.0 -9999.0 -9999.0 -9999.0 -9999.0 -9999.0 -9999.0 -9999.0 -9999.0 -9999.0 -9999.0 -9999.0 -9999.0 -9999.0 -9999.0 -9999.0 -9999.0 -9999.0 -9999.0 -9999.0 -9999.0 -9999.0 -9999.0 -9999.0
0.13636825945131817 0.15286977950655886 0.1764562058909044 0.10602516906819441 0.09956968037537996 0.07556494444137317 0.07568337998138035 0.06921646168508366 0.026752624921015048 0.0472169376859529 0.05291436006004722 0.07598273920000158 0.1287499071820281 0.1820174314968428 0.21799891340576696 0.26861395694635753 0.3021778342013982 0.27970059622754034 0.2641167453878949 0.2029224974058338 0.16622194304331256 0.21084645556647924 0.2306244219012922 0.2079697817123238 0.15499504654382193 0.21590808610492107 0.17910691161700323 0.18399551151346527 0.1852772376802402 0.14673354166259556 0.08300115157887288 0 -9999.0 -9999.0 -9999.0 -9999.0 -9999.0 -9999.0 -9999.0 -9999.0 -9999.0 -9999.0 -9999.0 -9999.0 -9999.0 -9999.0 -9999.0 -9999.0 -9999.0 -9999.0 -9999.0 -9999.0 -9999.0 -9999.0 -9999.0 -9999.0 -9999.0 -9999.0 -9999.0 -9999.0 -9999.0 -9999.0
0.1146741198990221 0.18810521509468073 0.17495136547465676 0.14153520064719927 0.0907261312736817 0.054550297255825476 0.05991196292785818 0.08612436233003061 0.03630883648973684 0.04270929923172891 0.044386275476992997 0.03919676851983272 0.07265116620449166 0.09676427637122148 0.20504846439240462 0.23393613573330296 0.26540854188107327 0.25457345384945734 0.25338058549409936 0.25565014133457503 0.24377602856210806 0.21753105209744902 0.1838457590626909 0.1862755090090596 0.2329017104463157 0.2796726144926192 0.18717506403900866 0.1935553717467357 0.1771844205881966 0.0954713805168715 0.04347027054900356 -9999.0 -9999.0 -9999.0 -9999.0 -9999.0 -9999.0 -9999.0 -9999.0 -9999.0 -9999.0 -9999.0 -9999.0 -9999.0 -9999.0 -9999.0 -9999.0 -9999.0 -9999.0 -9999.0 -9999.0 -9999.0 -9999.0 -9999.0 -9999.0 -9999.0 -9999.0 -9999.0 -9999.0 -9999.0 -9999.0 -9999.0
0.14037319490242506 0.17791201209516505 0.19841265818463336 0.2000618792209333 0.1061137722083153 0.08366803999932318 0.06849379509426959 0.08560394958381262 0.07811411609039202 0.04167972507828827 0.05158625176241175 0.05786450871775466 0.06744172591598116 0.08414243027576974 0.12255828696646334 0.20219330944427646 0.2675741402256454 0.17593992454318144 0.239891908452349 0.27079348989060054 0.24726820751315173 0.18003258106345854 0.19036755115931073 0.19361431717523414 0.23185954412828855 0.27264891258860585 0.21352508665816256 0.14733459721830836 0.14732658633739656 0.03792905584007232 -9999.0 -9999.0 -9999.0 -9999.0 -9999.0 -9999.0 -9999.0 -9999.0 -9999.0 -9999.0 -9999.0 -9999.0 -9999.0 -9999.0 -9999.0 -9999.0 -9999.0 -9999.0 -9999.0 -9999.0 -9999.0 -9999.0 -9999.0 -9999.0 -9999.0 -9999.0 -9999.0 -9999.0 -9999.0 -9999.0 -9999.0 -9999.0
