critload/trunk/output/1999/fgw_rec_le_ag.asc
ncols 720
nrows 360
xllcorner -180
yllcorner -90
cellsize 0.5
NODATA_value -9999
[rows 196 to 223 of 360, columns 372 to 433 of 720]
-9999.0 -9999.0 -9999.0 -9999.0 -9999.0 -9999.0 -9999.0 -9999.0 -9999.0 -9999.0 -9999.0 -9999.0 -9999.0 -9999.0 0.010055303644106076 0.05090276366626405 0.1463233212968407 0.13407802881632092 0.2442550274350682 0.1596117139791128 0.07267822381450346 0.01579525800639659 0.01658563264030527 0.011795414114095376 0.04552218800991114 0.11103883770131588 0.14199292846342199 0.11472241773144236 0.13664087612582854 0.11932369623370008 0.16466459945089387 0.11342690204150029 0 0.19158248522043936 0.20753168794295052 0.21526973568826438 0.20622930018539035 0.18651163864719322 0.20355240646644868 0.13180184142391985 0.08688809003904953 0 0.10599634702888859 0.12109571340829528 0.15537011114506405 0.16011173175806293 0.17069762056791876 0.15417732868612738 0.13170264529769274 0.0 0.11718832849105097 0.14390624730835447 0.042963778507447356 0.0 0.04857574544746618 0.1437780472345363 0.09093431610144997 0.05348469049578537 0.12771058978265984 0.19930797168791498 0.20127718286276275 0.32059586640582427
-9999.0 -9999.0 -9999.0 -9999.0 -9999.0 -9999.0 -9999.0 -9999.0 -9999.0 -9999.0 -9999.0 -9999.0 -9999.0 -9999.0 0.004243806065641831 0.011718027058738225 0 0.15093552630874726 0.2289001044019818 0.2709680796472018 0.07921133995773111 0.07482042700665459 0.011237548008035256 0 0.03936604893413971 0.06858915274392431 0.07872546544367603 0.06467293802593402 0.0547338442831064 0.06587329226849876 0.045895103474424985 0.08654011204890284 0.18652255009897664 0.17505331113343123 0.22045437732763057 0.23137501929356755 0.20268315402371442 0.17835258938695295 0.19585302405569066 0.16065380030158283 0 0 0.08624234206029263 0.13188095815630071 0.06968193323157039 0 0.08641360406390276 0.0 0.14256598649873412 0.1036711016343785 0.074156800772922 0.10884564627508538 0.06468703341716231 0.12827395474096312 0.1443453343631586 0.13874773692131837 0.1347459646574025 0.11658249054864091 0.16950584471764296 0.10835836447932001 0.3128341350195372 0.24071967945183795
-9999.0 -9999.0 -9999.0 -9999.0 -9999.0 -9999.0 -9999.0 -9999.0 -9999.0 -9999.0 -9999.0 -9999.0 -9999.0 -9999.0 0.009178485855157357 0.0121835724151733 0.042584289192060254 0.14249132451426366 0.1703442643525267 0.13953524654740218 0.17594871795388864 0.06229128284354386 0.05061685081749639 0.03273971770557765 0.012516600261016529 0.025404348101059567 0.05227531461438386 0.06453403330774836 0.06995473740746859 0.11931360380756105 0.06884365392331507 0.04876347684352594 0 0.160036595401448 0.22505066396460616 0.2303318161295898 0.20913594538754307 0.12088573341064981 0.1656471592266491 0.08110939150267668 0.084236617714313 0.09570652410628468 0.10750639281346336 0.13200082063913574 0.019171254520663174 0.0 0.17671559057747352 0.18884217974504483 0.2252093180708767 0.25498315881748274 0.24983608245950475 0.07214443530274701 0.0725444546330233 0.028721800086139847 0.11358416835539124 0.10027810405897572 0.24600937164604594 0.13854544791320586 0.22497817327364802 0.10545510588323323 0.1884744074495079 0.3030273061973251
-9999.0 -9999.0 -9999.0 -9999.0 -9999.0 -9999.0 -9999.0 -9999.0 -9999.0 -9999.0 -9999.0 -9999.0 -9999.0 -9999.0 0.020304522816361723 0.014778272393574298 0.35691049613781434 0.14334545904475363 0.15170723515629042 0.16091742475348048 0.16572316910696586 0.08543239423659661 0.10037217535645435 0.07941548740402546 0.13296854294294694 0.018363921252274568 0.027281635928960594 0.045421394439969676 0.052239942282399504 0.09229573265698213 0.0902045080566965 0.06064114001279044 0.10772268747419486 0.09332891234614693 0.18150567785990976 0.21452743237238844 0.19131331633336932 0.1052784673566438 0.12949855332824642 0.13820004287330157 0.06673373891363936 0.06714287158431459 0.039881755617475964 0.10784052426047927 0.09703443847094466 0.18218103011547596 0.16002720425283537 0.1809089270890771 0.23122311850108568 0.2607022364518356 0.23042506147574682 0.0550379708191363 1.2880259971493897 0.09439355066181854 0.20913256435113745 0.09685485199220885 0.0 0.19043490111748412 0.15247591465050497 0.10030374450048443 0.1576707324665596 0.29007757506424664
-9999.0 -9999.0 -9999.0 -9999.0 -9999.0 -9999.0 -9999.0 -9999.0 -9999.0 -9999.0 -9999.0 -9999.0 -9999.0 -9999.0 0 0.008161017034535107 0 0.13240650551767447 0.10859650732433118 0.09740212283879936 0.0687245426142996 0.08674006355362164 0.10027020011628118 0.08102252090495873 0.1161244188821837 0.021761547159641133 0.047167799380333046 0.07123607838695062 0.08909795179640814 0.0731037631373222 0.06922863737664373 0.07996894030889672 0.12618032766094595 0.07486121690015028 0.16658978397607727 0.12917529750315604 0.09434595387757821 0.1535522046711765 0.115213524454411 0.19876931709292853 0.07223791373962651 0.10290816228531578 0.05987076014122359 0.12334575712369934 0.07155352623164662 0.22244498374937757 0.19341688014526068 0.1852028987618728 0.2112304149329296 0.23605025210324612 0.23163668081309144 4.250189058585258 0.10195566479683134 0.09641787249062968 0.09890188296220569 0.2031025429863598 0.0 0.16081425088744633 0.26825154709478183 0.19435216234920683 0.16688939710632092 0.20198996687885098
-9999.0 -9999.0 -9999.0 -9999.0 -9999.0 -9999.0 -9999.0 -9999.0 -9999.0 -9999.0 -9999.0 -9999.0 -9999.0 -9999.0 -9999.0 0.015744909890543047 0.0435199881706992 0.0930713169621435 0.16739444834379227 0.21203445727728173 0.21016540691962712 0.16692248288450445 0.14171391881248085 0.12329794411719527 0.0288840706244072 0.02484319933805475 0.07051980557096674 0.09026861734253624 0.11777006099816066 0.07780177655156299 0.07991885672834084 0.07677259832936613 0.13483614583697062 0.14365594704581564 0.18932886451732828 0.11273335392994567 0.12759200872287838 0.19641666809298158 0.23994497537904244 0.20882603597991742 0.206818568574114 0.17999703568127598 0.028164923331139624 0.07940294321015942 0.0595619487883883 0.20256753890349194 0.19887608709674573 0 0.23904978644647923 0.24554268044750793 0.20218944059423377 0.2186480520216372 0.08838687778430011 0 0.06885328847388972 0.2530472991187787 0.023384836428871507 0.12761627445540696 0.16982477195674736 0.17315546559716238 0.18024160068929812 0.1905421970076491
-9999.0 -9999.0 -9999.0 -9999.0 -9999.0 -9999.0 -9999.0 -9999.0 -9999.0 -9999.0 -9999.0 -9999.0 -9999.0 -9999.0 -9999.0 0.014768005735468676 0.0009512950434851863 0.09080410767917237 0.1055711396747841 0.13108642959111153 0.17633865620572894 0.2012532433279379 0.22744767458429507 0.14079278183680138 0.034465356874044596 0.04035534270719457 0.08613883383881943 0.10559613756513535 0.08153491629282146 0.08265753374546793 0.0878166566098139 0.08769798737176761 0.12886375743381331 0.08696779080562439 0.11890866042333843 0.22119021939500688 0.2110980890484534 0.2879645722185593 0.264348095516582 0.24642172066129975 0.24224886002350482 0.21492341076392932 0.18783924734689358 0.17427315534185578 0.16004777734948766 0.20451357325499958 0.2124211566573804 0.11385516345444524 0.2302824740621434 0.23304097810018096 0.25443666588191755 0.23863396140726229 0.16851424137098522 0 0.03413788402215759 0.13701204020981983 0.10992245164941833 0.08518230633713306 0.17419324271080683 0.2336229757128266 0.21387172299812313 0.2042124123275369
-9999.0 -9999.0 -9999.0 -9999.0 -9999.0 -9999.0 -9999.0 -9999.0 -9999.0 -9999.0 -9999.0 -9999.0 -9999.0 -9999.0 -9999.0 0.00012912640518466303 0.050593334590857304 0.14330758295807547 0.10640769186892302 0.09266454877342213 0.12273693003723611 0.10190863317735831 0.15135543450076713 0.17152879525402584 0.04670959535165858 0.058893846949717624 0.07802155858843748 0.08646450525560688 0.050009750160605215 0.11811003494514465 0 0 0.08376852194911025 0.07602169385996801 0.10271107084578605 0.23423293295552094 0.1344311543924676 0.31833016346926146 0.2746004545934538 0.2623558728606257 0.26265908819192263 0.24175495640012898 0.24532157594584447 0.21070423746390013 0.20519325067268213 0.23154982740289415 0.23864324642546858 0.24928331608481516 0.18525156680544552 0.08273219138746483 0.2196484607861141 0.16832198609980084 0.0712683090382089 0.03972075193258343 0.07143050379698185 0.20203048462429515 0.2854684130813324 0 0.3106352986399978 0.24006408639120833 0.18445396451929463 0.17565656001174418
-9999.0 -9999.0 -9999.0 -9999.0 -9999.0 -9999.0 -9999.0 -9999.0 -9999.0 -9999.0 -9999.0 -9999.0 -9999.0 -9999.0 -9999.0 0.0 0.00012808577027003363 0.11091609846919526 0.14159304659448285 0.1324357229466818 0.1473750853933759 0.09349309025363386 0.08748354587589892 0.07644211081695003 0.09252821787374288 0.06787431772594489 0.06467166059869421 0.05145047612697139 0.035946049986147054 0.1072674392026983 0.06927407780917474 0.05602634997631892 0.052854674717036414 0.028466647982327842 0.18984777581958182 0.17297875596159512 0.14677887063419964 0.17476881243306486 0.24030120384336856 0.2491608431351006 0.21468746615617412 0.26646253626967453 0.24924227061996423 0.2419412419013712 0.2260618838765312 0.2311164923211309 0.25335271235334017 0.1756366715804433 0 0.23221051391891687 0.18295072132525586 0 0 0.04033870835886977 0.13136069764210975 0.23765568445496627 0.0 0.184283217452753 0.26527971074252843 0.24115066286571535 0.2209002342700117 0.20859494669809306
-9999.0 -9999.0 -9999.0 -9999.0 -9999.0 -9999.0 -9999.0 -9999.0 -9999.0 -9999.0 -9999.0 -9999.0 -9999.0 -9999.0 0.0 0.0 0.04204752141092704 0.10945948970933005 0.16863202010951978 0.16463411665060337 0.1561487270668904 0.15832997563722523 0.16240241638791375 0.06346915028531162 0.06701708660276998 0.06524344380936568 0.047355774144128074 0.03997451877693275 0.0398912394249654 0.057197922398996695 0.06678643257361239 0.08152986617548844 0.07095220965783772 0.13583995684359207 0.11877609750142966 0.11710076258586248 0.08788887046600588 0 0.25321489159556126 0.2422227719792734 0.22890997676720998 0.24952037410717093 0.24804588081283527 0.2567777786518824 0.26900428233666607 0.22235344850465952 0.24038869444287814 0.24176072455570896 0.21725350465343327 0.1750272673438678 0.1090807594636903 0 0 0.02169987429010121 0.12554695468926802 0.22455656712707894 0.1977043896361029 0.039743454360644546 0.25797877863479934 0.2561063137197513 0.15328122464649296 0.17735076303658293
-9999.0 -9999.0 -9999.0 -9999.0 -9999.0 -9999.0 -9999.0 -9999.0 -9999.0 -9999.0 -9999.0 -9999.0 -9999.0 0 0.020226759766617215 0.04428143281846754 6.854005080340377e-05 0.10831057440819447 0.07547902936723494 0.1586340706384717 0.15814995671220183 0.14074972174660766 0.041480001828954643 0.036125137685202986 0.07604967198953422 0.0690589944375296 0.045076358603072096 0.03927358555676745 0 0.03856816449545919 0.05115205520884336 0.10035430113449485 0.4243284814121261 0.04585684080438667 0.057817259552350626 0.07304755761733862 0.1493350324948273 0.10189513718230371 0.16518628208515393 0.2253356561023077 0.23886786102393795 0.2359115949309381 0.2593659450808038 0.269375847034517 0.1589176505287435 0.2114625376613991 0.22507655025266496 0.23949628071546727 0.1970454502138312 0.1560041933876477 0.0563471608567969 0 0.06258499946764687 0.024470456794403926 0.16463501772292088 0.05783657508333897 0.18142888328131782 0.026535453166116173 0.19148025066420304 0.2101297824606559 0.16072290299381464 0.15551969706206234
-9999.0 -9999.0 -9999.0 -9999.0 -9999.0 -9999.0 -9999.0 -9999.0 -9999.0 -9999.0 -9999.0 -9999.0 -9999.0 0.0 0.0 0.0 0.11976655551223334 0.06100851361381443 0.06744193735593283 0.13851971217502776 0.16719884047859096 0.021049715659084797 0.019623497892569328 0.01972475092466362 0.05395378274957747 0.03326145438852896 0.03614490761226599 0.03578184399867298 0.03474357618855975 0.02769343811896536 0 0.041898694472562586 0.5959013123619559 0.042765921880847574 0.0652205153685111 0.07310516889319868 0.03178444656828676 0 0.03589168699495043 0.20587338779237616 0.23747677255163177 0.234940857324766 0.14829522129834335 0.2175465554442541 0.13820597083153915 0.046065887555436995 0.1345232276935367 0.1749916457079333 0.19763477090020493 0.0697302919997816 0.1353177244094974 0.04437465154443849 0.028119906502401124 0.03179536172149446 0.10204137818899961 0.14090616393607516 0.1580353189909086 0.0 0.12272603282543634 0.1490777191621794 0.12156944178346432 0.14189788623802588
-9999.0 -9999.0 -9999.0 -9999.0 -9999.0 -9999.0 -9999.0 -9999.0 -9999.0 -9999.0 -9999.0 -9999.0 0.0 0.0 0.010935684200143033 0.038476353523150424 0.07879270174041388 0.0 0.03359841019307202 0.12336349938825293 0.12639391594424396 0 1.8195855127436948 0.0126510032396832 0.030608398679987357 0.024021059576130696 0.020630031055986018 0.020768366211413196 0.022728983136284214 0 0 0.018884211106220194 0 0 0.08584468866831053 0.001012053575545523 0 0.012380510932577703 0.026221970029741838 0 0.024856941546561883 0.04599453493336828 0.03719913628613733 0.04790372186924752 0.05408143513182602 0.05318990814885052 0.059715381182272674 0.16146166645484658 0.04366208188703975 0.019709233499245103 0.07389107832107673 0.04209031381733859 0.049956624289638166 0.16437063009174457 0.17047115664370524 0.14668703640300396 0.21231000860274718 0.01871783032347188 0.04605834678561285 0 0 0
-9999.0 -9999.0 -9999.0 -9999.0 -9999.0 -9999.0 -9999.0 -9999.0 -9999.0 -9999.0 -9999.0 -9999.0 0 0.0 0.07483204999927016 0.08414494780804693 0.0034515029288499015 0.02625782570755445 0.06913150849507332 0.053083366705411514 0.0551385154625879 0.0784343401531529 0.045922061349342916 0.02622302709240891 0.016653927800875788 0.05882229387532591 3.008884816099117 0.01538573681971042 0 0.013162550790286498 0 0 0 0 0.06334972402870621 0.014447809935102734 0.016942371005484014 0.00429521854090352 0.0051947787129969746 0 0 0.12653677401327126 0.16511732931004006 0.08251020943843357 0.09555094402330024 0.034536464950821064 0.011277999472471066 0 0.02451445678372144 0.0763109242774373 0.06349344834590522 0.019534970278359834 0.026051009176243946 0.0851533651618895 0.1846660269954704 0.15683481668936458 0.05515667560192297 0.1938878906719346 0.1028195857131992 0.06870562048853364 0.07039622263669426 0.11664660352277444
-9999.0 -9999.0 -9999.0 -9999.0 -9999.0 -9999.0 -9999.0 -9999.0 -9999.0 -9999.0 -9999.0 -9999.0 0.0 0.01990006015367664 0.052284256409040386 0.053097433198876456 0.0 0 0.0 0.0 0.024133652911129275 0.011401555023110074 0.02351287630830519 0.32757492133490446 0.04306927460151802 0.012405572999710787 0.05361697640742893 11.455291563637681 0 0 0 0 0.01815962065555715 0.0001495011863430673 0.021071658965903968 0.018495900322086287 0.009149427302096358 0.01175992986309655 0 0 0.036716187170214604 0.0 0.0303196152542572 0.047280757411324814 0.09952417994048204 0.02552338697436134 0.05618015792038718 0 0.026525516204045897 0.04029201422922766 0.07628984369716714 0.09020629574631442 0.10528948544455222 0.07059947321724228 0.15781990063805734 0.10009285812741206 0.13527963098317336 0.22874649288947357 0.1337568530727915 0.14349385442251447 0.18865642740469593 0.18578499431981768
-9999.0 -9999.0 -9999.0 -9999.0 -9999.0 -9999.0 -9999.0 -9999.0 -9999.0 -9999.0 -9999.0 0 0 0 0.0 0.001216007274531788 0.0 0.0 0.0 1.7150744744531903e-05 0.0049854646315251215 0.014689066017250804 0.005013544146953547 0.005011389287262933 0 0 0 0 0 0 0 8.37401168120121 0.10429088873061199 0.009645620902813451 0.0017483006476180874 0.32204293199441847 0 0 0.0 0 0.020698868142340503 0.15627322567627983 0.03382131085524612 0.08073409851487313 0.0892018977521476 0.10477107227642145 0.01995081811205629 0 0.0037043148731784516 0.0066035011913864365 0.0052879356442277516 0.0001817556615327181 0.0 0.10192476291899094 0.047142818276160056 0.0429051120886422 0.09752587844513257 0.1206161608749827 0.2029818411981719 0.2462806597764242 0.3275005296954676 0.23349610292543418
-9999.0 -9999.0 -9999.0 -9999.0 -9999.0 -9999.0 -9999.0 -9999.0 -9999.0 -9999.0 -9999.0 0 0 0.016075166742898266 0.0 0.0 0.0 0.0 3.524546775845414e-05 1.7848472677596258e-05 0.0 8.424853624993462e-05 0 0 0 0 0 0 0 0 0 0 0 0 0.0 0 0.0 0.0 0.0 0 0.003979920426492474 0.002406681153364601 0.01615982760871154 0.032610342951716206 0.04125786000265951 0.01186344809087366 0.0030278246057823376 0.019117211917325336 0.012445768865671048 0.023609653256345585 0.016591094832198876 0.01059385421481808 0.06322115816320435 0.0059821934839430265 0.029326701385620234 0.033029442939971614 0.0639089900878317 0.044264219184650365 0.27827103008622706 0.27122966546073435 0.2759923591777885 0.24343593738927208
-9999.0 -9999.0 -9999.0 -9999.0 -9999.0 -9999.0 -9999.0 -9999.0 -9999.0 -9999.0 -9999.0 0 0 0.02861827749226379 0.0 0.0 0.0 0.0 0.0 0.0 0.0 0.0 0 0.0 0 0 0 0 0 0 0 0 0 0 0.2554453611198448 0.009725702554472955 0.0 0.0 0.0 1.836054537030588e-05 0.0 0.0 0.008225413181438355 0.0 0.0 0 0.03072970917291637 0.01076023158075439 0.17918328618490376 0.21573541102443586 0.10941633855152763 0.08065739807085728 0.042354115225375216 0.0670558146784813 0.010118636812375403 0.01903218249507046 0 0.0673932650362713 0.10781282756360865 0.21996855516345137 0.25494975343130954 0.12459842812845576
-9999.0 -9999.0 -9999.0 -9999.0 -9999.0 -9999.0 -9999.0 -9999.0 -9999.0 -9999.0 -9999.0 0 0 0.04457821230742003 0.0 0.0 0 0.0028163364439445096 0.0 0.0 0.0 0.0 0.0 0.0 0.0 0.0010560417983784944 0 0 0 0 0 0 0 0.0 0 0 0.0 0.0 0.08654656505854229 0.0 0.0 0.0 0.15431267518488093 0.0 0.0037468639359168636 0.0002004653523869538 0.11029382804917898 0.012589016074153091 0.08475314361117016 0.12145157353016628 0.1385347799864205 0.057972361770164196 0.0913764962829093 0.143209035930454 0.10564420650142453 0.07310212367623194 0.10601416597132995 0.033062295914884555 0.16859768895271984 0.2286574141981449 0.09680830217283781 0.20831422326268165
-9999.0 -9999.0 -9999.0 -9999.0 -9999.0 -9999.0 -9999.0 -9999.0 -9999.0 -9999.0 -9999.0 0 0 0.029193928934686617 0.0 0.0 0.0 0.011879708025816508 0.0316014148241353 0.006338840679885353 0.00046042718840017015 0.0 0.0 0.0 0.0 3.4719041094631005e-05 7.720247563020384e-05 1.7110562808167814e-05 3.634106450128987e-05 0.0 0.0 0.0 0.0 0.0 0.0 0 0.0 0.0 0.0 0.07582194728018718 0.0 0.0 0.0 0.028430815531316968 0.0017749594646455482 0.00030869261482414494 4.199862363772294e-05 0.011451113030728674 0.03900463394556191 0.0786737146020947 0.05414213697172802 0.1341415859020183 0.12287273278657951 0.22203509047239428 0.2454235035823462 0.1861522276570914 0.25528252259974016 0.24704712534445605 0.1066441112865138 0.16469184641759926 0.1733290826495088 0.1605739886067402
-9999.0 -9999.0 -9999.0 -9999.0 -9999.0 -9999.0 -9999.0 -9999.0 -9999.0 -9999.0 -9999.0 0 0 0.013328125966870158 0.019707303618402897 0.0 0.0 0 0 0.005705344068820875 0.04631427019998069 0.00400193733540253 0.0 0.0 0.0 0.0 0.0 0.0 0.0 0.0 0.0 0.0 0.0 0.0 0.0 0.0 0.0 0.0 8.312026534999923e-06 0.0 0.00033788663253126605 0.0 0.017310762616140358 0.0 0.00054561167981679 0.0144782362226772 0.001084390925382546 0.0 0.0049171280730495506 0.024715932463732593 0.02519966548479781 0.12064727563073335 0.24948220561399526 0.41207245319302305 0.23899307719709928 0.2334349998007395 0.3340120844910063 0.2818865103002767 0.24888405814559852 0.2861561242197423 0.10919877186160822 0.22514252209318986
-9999.0 -9999.0 -9999.0 -9999.0 -9999.0 -9999.0 -9999.0 -9999.0 -9999.0 -9999.0 -9999.0 -9999.0 0 0 0.006297706934858123 0.0 0 0 0 0.0754188666515389 0 0 0.003956661524200987 0.0 0.0 0.0 0.0 0.0 0.0 0.0 0 0 0 0 0 0 0 0.0 0.0 0.0 0 0.0 0.0 0.00016612737287481435 0.0 0.0001878854184618813 0.001088208079305005 5.7699911025139744e-05 0.00018921540642038415 0.011844837677312285 0.012477786497382773 0.07102736734652605 0.055848189612624694 0.33113202478001086 0.15344703789860417 0.18633102102372004 0.40131914438066923 0.28880746356372144 0.13964732673114005 0.20599623375818615 0.29495989408871764 -9999.0
-9999.0 -9999.0 -9999.0 -9999.0 -9999.0 -9999.0 -9999.0 -9999.0 -9999.0 -9999.0 -9999.0 -9999.0 -9999.0 0 0.0 0.008900162116597589 0 0 0.01225919473733556 0.013884172643579839 0.006916330734767152 0.0 0.006011636828339722 0.00020377350446766602 5.122232773386613e-06 0.0 0.0 0.0 0.0 0.0 0 0 0 0 0 0 0 0 0.0 0.0 0.0 0.0 0.0 0.0 0.0 0.0 0.00030925477102465885 0.004313342996890889 0.0028841566702014314 0.0551882900480125 0.08809722770536184 0.07089790829853947 0.07982982961392994 0.08394855363972423 0.10120078179763395 0.17621767243674819 0.13365326975732858 0.1495954000777343 0.1244265226898379 0.1839208364502328 -9999.0 -9999.0
-9999.0 -9999.0 -9999.0 -9999.0 -9999.0 -9999.0 -9999.0 -9999.0 -9999.0 -9999.0 -9999.0 -9999.0 -9999.0 0 0 0.006084106441665153 0.009021822611051313 0 0.0 0 0.0 0.0 0.0010120549529889868 0.0074390279505363735 0.0 0.0 0.0 0.0 0.0 0.0 0 0 0 0 0 0 0 0 0 0.0 0.0 0.0 0.0 0.0 0.0 1.2545771887834348e-05 4.6454912623628435e-05 0.007088442351334784 0.02171059327219296 0.03539183736838501 0.06734214091651608 0.09011480936087027 0.08707864009388495 0.14462268680396947 0.04208033968365069 0.012735597716819803 0.0881460962196368 0.11663011393703784 0.15188518941457707 -9999.0 -9999.0 -9999.0
-9999.0 -9999.0 -9999.0 -9999.0 -9999.0 -9999.0 -9999.0 -9999.0 -9999.0 -9999.0 -9999.0 -9999.0 -9999.0 -9999.0 0 0 0.010099754333931269 0.015248040103877267 0.0 0.0 0.0 0.0 0.0 0.0 0 0 0.0 0 0 0.0 0 0 0 0.0 0 0 0 0 0 0 0.00035417792860590604 0 0.0 0.0 0.0 0.0 0.002026740016964144 0.00478601047865967 0.05195576065922095 0.041931750502063124 0.024773307653022793 0.07137865568402926 0.07526966516569594 0.12317013851053443 0.023486455720144052 0.05550866369021202 0.08597742141233072 0.19860673618345376 -9999.0 -9999.0 -9999.0 -9999.0
-9999.0 -9999.0 -9999.0 -9999.0 -9999.0 -9999.0 -9999.0 -9999.0 -9999.0 -9999.0 -9999.0 -9999.0 -9999.0 -9999.0 0 0 0 0 0 0.0 0.0 0.0 0 0 0 0 0.0 0 0.0 0.0 0 0 0 0 0 0 0 0 0 0 0.0015939525377755563 0.0 0.0 0.011935134909183555 0.0 0.0 0.022295061793112088 0.02316225381001489 0.02418918833979206 0.02335953278918264 0.07924476223135822 0.08166364154095891 0.06514497927130808 0.03335401984366573 0.008111372916631982 0.01907193399713838 0.06095490735154673 0.08304309524737886 0.2599466470147496 -9999.0 -9999.0 -9999.0
-9999.0 -9999.0 -9999.0 -9999.0 -9999.0 -9999.0 -9999.0 -9999.0 -9999.0 -9999.0 -9999.0 -9999.0 -9999.0 -9999.0 -9999.0 0 0 0.011142681559705003 0.009763315004939271 0.0 0.0 0 0 0.0 0.0 0.0 0.0 0.0 0.0 0 0 0 0 0 0 0 0 0 0 0 0.0002391694924412903 0.0 0.00579422328330615 0.016787806547211744 0.012347254712471247 0.004156536611182877 0.0015042408249979192 0.004090562868209725 0.0 0.020260764136667168 0.06361759771417116 0.0197553286232078 0.022773099455884373 0.0006063314077365368 0.0022633080767844723 0.008439584537253922 0.03465279274098964 0.01958502464261231 0.06483971140779854 -9999.0 -9999.0 -9999.0
-9999.0 -9999.0 -9999.0 -9999.0 -9999.0 -9999.0 -9999.0 -9999.0 -9999.0 -9999.0 -9999.0 -9999.0 -9999.0 -9999.0 -9999.0 0 0 0 0.011791228103565749 0.012761082455578126 0 0.014806389034177792 0 0.0 0.0 0 0.0 0 0 0.0 0 0 0 0 0 0 0 0 0 0.0 0.0 0.0 0.0 0.015460621294099086 0.0036783023973329058 0 0 0 0 0.04052939087520079 0.006472889150861743 6.695857970479088e-05 0 0.0014328961574952216 0 0.0009371486916592553 0.0012573731984672758 0.0027601628890769263 0.0022547083809602245 -9999.0 -9999.0 -9999.0
