critload/trunk/output/1999/fgw_rec_le_nat.asc
ncols 720
nrows 360
xllcorner -180
yllcorner -90
cellsize 0.5
NODATA_value -9999
[rows 208 to 233 of 360, columns 232 to 289 of 720]
-9999 -9999 -9999 -9999 -9999 -9999 0.06678380680329156 0.08186517642809162 0.08276300731666832 0.21869492617027625 0.23207488064789206 0.25681858158435533 0.3284371359391511 0.33191000873694254 0.32717360164675513 0.3983758983521279 0.26217240687316695 0.3331541337520168 0.3624549026256137 0.2660557026534213 0.3339709688539792 0.39713489605313046 0.37232555215728996 0.38350879665838633 0.37219661465748544 0.40108940780640406 0.39012630975956136 0.3437272032620414 0.3556531006223423 0.33352852649083925 0.26190641345401655 0.25503896052611386 0.3049886300587347 0.20412229287196323 0.05682692230545523 0.11119797935003617 0.04670719263654641 0.04116560025653525 0.0744141231891856 0.11316204561489836 0.06462647317221991 0.08640230838282414 0.09709816224463153 0.07649440918384248 0.03759537234756802 0.04334541147578006 0.0585301647218673 -9999 -9999 0.26222820415568415 0.37368570726828476 -9999.0 -9999.0 -9999.0 -9999.0 -9999.0 -9999.0 -9999.0
-9999 -9999 -9999 -9999 -9999 -9999 -9999 0.04586214738290119 0.15739981751710283 0.19347339280882966 0.1997995293848059 0.22952059913437547 0.264154401600887 0.2825146371085575 0.40155658054994614 0.31791447123747363 0.28853701902293094 0.23961509484772447 0.24764299294161626 0.20813497394077024 0.247410427395506 0.3952988254898968 0.316425842482655 0.3403357417271097 0.36140409887251906 0.3715504506716775 0.3400468055376034 0.36249186366851976 0.3668451760353499 0.28795633722306185 0.289444530895139 0.31605572915472524 0.2291503439873863 0.0662581790604281 0.07853983460599805 0.0336195898915538 0.019672053361816627 0.004086463653947271 0.024964417771621245 0.07079382876582603 0.07337250143237438 0.06364616662904937 0.09555894750385667 0.07317771934046725 0.08177518554761395 0.06365005794082351 0.04237703200292987 0.04948515301322064 0.030744026292055113 0.2878515883446019 -9999.0 -9999.0 -9999.0 -9999.0 -9999.0 -9999.0 -9999.0 -9999.0
-9999 -9999 -9999 -9999 -9999 -9999 0.12492297536277316 0.08010007163900316 0.1903411140819037 0.1632923659669256 0.2628697678936977 0.20263032455380886 0.22587670491224898 0.22467726991641473 0.2596005353551236 0.25885647895810926 0.33836824895328016 0.15175389665603 0.16470213004900905 0.2539536347462647 0.236900110143005 0.26972798000905573 0.24403775040146897 0.3169299517301106 0.3482766980931087 0.3226022581198113 0.30705622157043505 0.3630783488271852 0.3412888451384181 0.30334585141943604 0.34105652921935187 0.32244774127977405 0.24846420034205782 0.1710845530754382 0.0474425479024462 -9999 0.02279435633864418 0.02101440754716149 0.006886521607350464 0.07779793692979507 0.0656512831217631 0.08222572571909435 0.05955955171212965 0.04877582669494646 0.06701242063148204 0.05714993609405733 0.02442886322011443 0.060853455818438436 0.1298260933810701 0.30943404520923856 0.27752656686899735 -9999.0 -9999.0 -9999.0 -9999.0 -9999.0 -9999.0 -9999.0
-9999 -9999 -9999 -9999 -9999 -9999 0.09247376414914905 0.0896351815699335 0.1183207097092483 0.17786228268263934 0.15822404419653985 0.1773314266055596 0.24118217311619616 0.21446157535644494 0.30306464339531375 0.2005777517504686 0.18834103012963088 0.24389067969859166 0.257001834069868 0.27083366582838575 0.27318943802996787 0.22030343919617693 0.2513277232608534 0.28110867385813854 0.32876924467419977 0.27520680865757086 0.3441451537410197 0.35909302452847536 0.3447517080113577 0.3226306458644489 0.3275244585286731 0.21126435385758743 0.17045147506814753 0.04861548724433893 0.2238111282689007 0.10752974116383225 0.040175880169372874 0.030868082096944284 0.08718814937144582 0.10792699611125667 0.09460126700079252 0.1009485251395645 0.07014023913690222 0.057077977654380545 0.036647949712067925 0.024739983805560598 -9999 0.07402583693057091 0.1575172342209257 0.17503840843105456 0.15196100376822 -9999.0 -9999.0 -9999.0 -9999.0 -9999.0 -9999.0 -9999.0
0.03599725687988094 -9999 -9999 -9999 -9999 -9999 0.060884688676717306 0.14963724704319156 0.1272395027830442 0.13869427158577838 0.13224280362787966 0.1567745680838266 0.2162544679175564 0.23328737116794263 0.19855882323485444 0.1634749008447639 0.2754972670732618 0.22993519932809722 0.24782580179857702 0.22139851407635497 0.26230403024749666 0.2523647228191368 0.21900135434840265 0.24966210771128877 0.2990801490921366 0.24648071047255407 0.31359952082889075 0.28898160549879437 0.24255570216954106 0.2523500993499672 0.2180480110558872 0.26788213949589496 0.21929888645086545 0.23935267160490123 0.08455729780104784 0.12553546015437672 0.07725140209006445 0.12822164212178042 0.09638181771335987 0.11882938233789372 0.11464959358113111 0.07392366889189685 0.08174079397224303 0.07279440412182106 0.07008094203386477 0.05828214582076471 0.06827305302475932 0.10321301662138078 0.14577399745790143 0.1982175091787467 0.1737510612983729 -9999.0 -9999.0 -9999.0 -9999.0 -9999.0 -9999.0 -9999.0
-9999 -9999 -9999 -9999 -9999 -9999 0.09585622458879482 0.0820721662271899 0.10429876941397141 0.12730770455048465 0.10606557916085549 0.18494677696601575 0.17519929119901584 0.1958424159636528 0.22830410765468814 0.19940720943850587 0.2669837554894434 0.2845519462715709 0.2334879505540887 0.20767403996995087 0.22441289499226516 0.1915938063242829 0.20993077094190704 0.19759495996864704 0.20234438386363066 0.2177710844598212 0.269844353092202 0.25543711036017963 0.18173187697834906 0.19183634851563763 0.2231315700215904 0.21164190614703707 0.1881969969743088 0.20238091396427518 0.18719525016516225 0.20354471954968859 0.05068688278820501 0.08389878157436857 0.1303127954332441 0.10378756015588113 0.10630614311227086 0.12642960718161672 0.08911229178107664 0.056384313981298353 0.10110332013867598 0.07969587937695985 0.0706600506598975 0.08829898327187459 0.1504519760033103 0.04767164225532939 -9999.0 -9999.0 -9999.0 -9999.0 -9999.0 -9999.0 -9999.0 -9999.0
-9999 -9999 -9999 0.0652982062545431 0.07027463032310569 0.09418765451752079 0.10809817579415301 -9999 -9999 0.08747943054047183 0.11859594406209632 0.19620804768483632 0.18506238965733451 0.17776125734974887 0.15131603681315706 0.1934209367644972 0.21504126253141084 0.288788148748387 0.2158611978641957 0.1822673503781692 0.19202297398153342 0.16936540665960206 0.2091924906843264 0.21673046161418594 0.15146329899460936 0.22199691386112333 0.24134818181577372 0.30177848905407484 0.24241148465901022 0.25528421570794024 0.22525926899106943 0.24422873050408667 0.25952144824964923 0.24772654354890378 0.2235531136239204 0.25611452659662476 0.17979602144476092 0.09524938979054115 0.13076176693121142 0.15998438566795428 0.14216309411368905 0.11264804901232035 0.11828717369723263 0.10391068505771263 0.03774942577865915 0.028657604391721554 0.10081000078988671 0.07928450601726422 0.09179906147140857 0.0888189408473003 -9999.0 -9999.0 -9999.0 -9999.0 -9999.0 -9999.0 -9999.0 -9999.0
0.031505254611717354 -9999 -9999 -9999 0.05121838647436196 0.08064199602756222 0.057264290186653896 -9999 -9999 -9999 0.09771463832399004 -9999 0.16285574945599549 0.16169981718549883 0.14085422742091425 0.1408429077289494 0.08495375332019535 0.24464562922504507 0.21275763882105828 0.20575385798778437 0.22125100709849635 0.19401456810338477 0.18642183618899708 0.20040640003383425 0.20523362370019146 0.19710485518226725 0.20046685700351732 0.21507222154143954 0.16549919252926545 0.15732335497333821 0.23601229614520314 0.2581075972589978 0.22280394844461918 0.2543939812308001 0.21910578643208928 0.21787785007939536 0.13752915678857142 0.11228475168958375 0.1585168387221115 0.18491569723944046 0.154213598087978 0.1560110632724393 0.12255908950570514 0.11686201609000509 0.040790846716774444 0.1136334002358537 0.0966669332555683 0.1152228726365248 0.12859310303967353 0.04624106101463773 -9999.0 -9999.0 -9999.0 -9999.0 -9999.0 -9999.0 -9999.0 -9999.0
-9999 -9999 -9999 -9999 -9999 0.04028971546322124 0.042200207137564456 0.04424597072549159 0.0063905538525879674 -9999 -9999 -9999 0.1347332602470781 0.1367614970123041 0.11185331497272508 0.13583033329711286 0.17674108182331502 0.16771130128122813 0.16755070567004507 0.21404682012563336 0.20693807677313547 0.1797274112627682 0.18329847323124973 0.1746946202716425 0.16664880089581346 0.18655848843179465 0.14719479278163003 0.1375380525256462 0.1472295427997151 0.17986674717865667 0.2075265062746115 0.20993528727160166 0.14654891178287383 0.13647337652571642 0.18410215362780807 0.2078782760706882 0.18753479722491984 0.1313141616119304 0.14888966585798147 0.17850975722353188 0.1307004861878526 0.22955356910625643 0.16376944634353688 0.09939977883732914 0.0842850467376061 0.1289559278956344 0.11301852065445124 0.108291520015647 0.013269633571663294 -9999 -9999.0 -9999.0 -9999.0 -9999.0 -9999.0 -9999.0 -9999.0 -9999.0
-9999 -9999 -9999 -9999 -9999 -9999 0.03974707035147498 -9999 0.07574482844032306 0.08267172957673792 0.06783952312096271 -9999 0.13966239265192817 0.103497735350482 0.1141782576782306 0.14559421193920222 0.14165142524134128 0.15761182064260743 0.1584203150271989 0.20192594699384317 0.18773184777002294 0.15915584820441386 0.14564378878625306 0.13016548694230545 0.1427461361945633 0.15685729774298007 0.11787084761497374 0.08727431271253522 0.13637786937098179 0.20025119099421013 0.2097694863496813 0.17557820497828577 0.18146820578134962 0.18131873887876912 0.1780935407037076 0.2405255495006711 0.1739101453292373 0.10394633325856317 0.17929772774613567 0.19420322561181397 0.19336270747708523 0.2033609199390123 0.18613573606891545 0.1478225349308887 0.10542687961027282 0.12525041453269792 0.11576019882934192 0.14214667824149735 -9999 -9999.0 -9999.0 -9999.0 -9999.0 -9999.0 -9999.0 -9999.0 -9999.0 -9999.0
-9999 0.018321384905850113 -9999 -9999 -9999 -9999 0.028968744937928628 0.031007785992335377 0.08015444065183809 0.03695494062177885 0.06520912630541395 0.0631608993678949 0.0697676118235056 0.08874441669416264 0.08743143154410948 -9999 0.11994546652463096 0.15303222100258465 0.16406842434724936 0.19085784809552503 0.1746032018651848 0.1439094560749512 0.15065755177064877 0.13068368660022212 0.10999286726589375 0.10473378151268199 0.06736006206854232 0.09459016576508228 0.12374963638221699 0.14245658149536874 0.15601041319778736 0.15250113844213983 0.22389230890302525 0.15999631075313767 0.1509548759982393 0.13900853611063504 0.24068091989056878 0.18675178801177003 0.21453692275143477 0.24346754707515345 0.2211257425197255 0.22067749848425844 0.20449121928826366 0.17548406002783803 0.13758134954370052 0.11484872608449838 0.1424484285003391 0.09272511829179546 -9999 -9999.0 -9999.0 -9999.0 -9999.0 -9999.0 -9999.0 -9999.0 -9999.0 -9999.0
0.0018969778259645253 0.03476596904267478 -9999 -9999 -9999 -9999 -9999 0.024437392381688863 0.06596334633193016 -9999 0.04874238482219412 -9999 0.06867351732251449 0.07207436918589442 0.11137974015709574 0.11423034073731783 0.15946484695574203 0.1453781417182699 0.17884163434043066 0.1881435671159589 0.13206274361147582 0.1394354660987316 0.14196274919718865 0.12594020450644225 0.073977808678338 0.06046119257712986 0.07902812831275469 0.08069667539933827 0.11615793596889394 0.1391585204215361 0.14347989945876855 0.20067085384334482 0.18703579598017034 0.17722485243005925 0.20569436036033192 0.30164485788452194 0.27745844919506957 0.23732745988860984 0.20577900086786102 0.18889010887082963 0.23637947215468946 0.22272071591318116 0.2063016542638342 0.17712627084791846 0.17422139583774132 0.13299828905780972 0.1558656977653332 0.07149036896377012 0.03312234505577161 -9999.0 -9999.0 -9999.0 -9999.0 -9999.0 -9999.0 -9999.0 -9999.0 -9999.0
0.013942752444182076 0.026325945027275897 -9999 -9999 -9999 -9999 -9999 -9999 -9999 -9999 -9999 0.06111176584957322 0.06689305366413492 0.08367376846039894 0.08164227897827188 0.16115779779608919 0.1668587284977612 0.12915804119604615 0.18555950676282043 0.1550237552437238 0.10121516324638041 0.11723081508098242 0.11479259925227747 0.09581066792981854 0.07990350284214992 0.018868339716948283 0.07041256488904046 -9999 -9999 0.1520445528352996 0.16777138164907007 0.22290467543020573 0.27779671469550526 0.2557569748218221 0.18365398744415432 0.19709332139009964 0.23724257446238253 0.24093100401923978 0.20555766938529782 0.17576554277057188 0.23510246620169137 0.20367437079822218 0.18253465063120827 0.19141249840853303 0.1670257322669843 0.15663831416833127 0.14240993328597373 0.11108646809006327 -9999.0 -9999.0 -9999.0 -9999.0 -9999.0 -9999.0 -9999.0 -9999.0 -9999.0 -9999.0
0.061941847438452546 -9999 -9999 -9999 -9999 -9999 -9999 -9999 -9999 -9999 0.047447042659925026 0.150288141903938 0.06888203246917567 0.09455045646942799 0.09824800105819187 0.16325083138225985 0.13636825945051667 0.15286977950684377 0.1764562058910707 0.10602516906817293 0.09956968037500945 0.0755649444418377 0.07568337998159186 0.0692164616849003 0.026752624920989287 0.047216937685874885 0.052914360060191803 0.0759827392000281 -9999 0.18201743149654576 0.2179989134060839 0.2686139569451653 0.3021778342013234 0.2797005962259974 0.26411674538858065 0.20292249740642723 0.16622194304308732 0.21084645556641438 0.23062442190208585 0.2079697817127332 0.15499504654449908 0.2159080861047421 0.17910691161673112 0.1839955115139494 0.18527723767993617 0.14673354166181252 0.08300115157852632 0.16360493067969192 -9999.0 -9999.0 -9999.0 -9999.0 -9999.0 -9999.0 -9999.0 -9999.0 -9999.0 -9999.0
0.06583602331162718 -9999 -9999 -9999 -9999 -9999 -9999 -9999 0.036984071480775996 0.03273574517475633 0.049955240555578546 -9999 0.0708788555331723 0.10251884748522354 0.08468752404746199 0.09700454469546138 0.11467411989922043 0.1881052150943688 0.17495136547501575 0.14153520064666153 0.0907261312738773 0.05455029725583972 0.05991196292753922 0.08612436233001969 0.03630883648986912 0.042709299231733645 0.044386275476766796 0.03919676851996389 0.0726511662045398 0.09676427637100009 0.2050484643929302 0.23393613573379102 0.2654085418804529 0.2545734538490406 0.25338058549268544 0.25565014133556924 0.24377602856150968 0.21753105209684806 0.18384575906273432 0.1862755090092163 0.2329017104455865 0.2796726144913009 0.18717506403825365 0.19355537174580845 0.17718442058859415 0.09547138051655941 0.043470270548752625 -9999.0 -9999.0 -9999.0 -9999.0 -9999.0 -9999.0 -9999.0 -9999.0 -9999.0 -9999.0 -9999.0
0.00010082006194835328 0.0026483212689954556 -9999 -9999 -9999 -9999 -9999 0.02520686369323002 0.030883822513456047 0.03816332810559963 -9999 0.09848440928491403 0.07849155451700329 0.10930208362740525 0.07934439256598913 0.0966497363565518 0.14037319490309666 0.17791201209423846 0.19841265818423823 0.20006187922106508 0.10611377220849919 0.08366803999901967 0.06849379509470677 0.08560394958425842 0.07811411609059074 0.041679725078041706 0.05158625176227834 0.05786450871761046 0.06744172591602161 0.08414243027550336 0.12255828696615621 0.2021933094433197 0.2675741402279635 0.1759399245430731 0.23989190845284591 0.2707934898915355 0.24726820751463605 0.18003258106313316 0.19036755115957793 0.19361431717601685 0.23185954412961104 0.2726489125891327 0.2135250866585099 0.14733459721834624 0.14732658633757814 0.03792905584001501 -9999.0 -9999.0 -9999.0 -9999.0 -9999.0 -9999.0 -9999.0 -9999.0 -9999.0 -9999.0 -9999.0 -9999.0
-9999 0.00684459304121638 -9999 -9999 -9999 -9999 0.011938052227363612 0.020100290438626264 0.01996777305706933 0.041311517452984316 0.07254201857537308 0.08760955831680266 0.10312704869813974 0.07836052052093627 0.06421944489053653 0.08207480478909593 0.16333903181979956 0.19636262333969046 -9999 0.23002911987147848 0.14280059981336565 0.12443846723466806 0.09846807474224502 0.0927399958377162 0.06712692091411757 0.07284228434190167 0.07666806680433734 0.07635765637764992 0.08794532791850376 0.09977185608641652 0.11803512450279299 0.06507589984221235 0.18153959739264025 0.08887287509019469 0.24436694710109216 0.37302813318147143 0.2076965580496687 0.29466735729189913 0.2600570442576758 0.20709380935366545 0.20425055390443264 0.20655479765341617 0.23965587425952947 0.13430038150244097 0.043000500977436094 -9999 -9999.0 -9999.0 -9999.0 -9999.0 -9999.0 -9999.0 -9999.0 -9999.0 -9999.0 -9999.0 -9999.0 -9999.0
-9999 -9999 -9999 -9999 -9999 -9999 -9999 -9999 0.012564116535514213 0.03172375226185562 0.07922955121574919 0.09353966892292409 0.046357527906714 0.0645441157359036 0.06010411570273309 -9999 0.15653416832114783 0.25114584933046524 0.2105392469635558 0.16968141541241044 0.12829845959969016 0.11735206006501966 0.11857450034475109 0.13262025125398724 0.12900318883693648 0.1462730384335299 0.14817921111639604 0.15483340840844229 -9999 0.13657402601653043 0.12365424290935927 0.04789390800441277 0.13778066208663137 0.11386558036378569 0.22269591116215018 0.2338903605804668 0.435991230855808 0.2985961034357221 0.29651651539131174 0.22448504651380607 0.13835872231947874 0.10484399264162199 0.056604458522045105 0.056226525025477744 0.05279287997193334 -9999.0 -9999.0 -9999.0 -9999.0 -9999.0 -9999.0 -9999.0 -9999.0 -9999.0 -9999.0 -9999.0 -9999.0 -9999.0
0.018507077130841286 0.0024865187825886146 -9999 -9999 -9999 -9999 -9999 0.06193902506606768 0.028291233922911017 0.03455416423161284 0.07725043712169623 0.10521789221751646 0.05691638277170014 0.08648615629972863 -9999 -9999 0.11189996276494928 0.21739668758045266 0.17492376681182714 0.17379020496463402 0.15292853487382127 -9999 0.11712637430158412 0.12396071317945882 0.158959712200234 0.2335497815017442 0.2283679712776188 -9999 0.11549241204662528 0.10020811949339217 0.07309091389470287 0.13096982225926596 0.19432866340701643 0.30868451081036274 0.27337149115964543 0.4109564330277502 0.48328306114631037 0.4197906214247479 0.3529633788023317 0.2348772618386059 0.13348845666564868 -9999.0 -9999.0 -9999.0 -9999.0 -9999.0 -9999.0 -9999.0 -9999.0 -9999.0 -9999.0 -9999.0 -9999.0 -9999.0 -9999.0 -9999.0 -9999.0 -9999.0
0.004752900642618957 -9999 -9999 -9999 -9999 0.016952380270719138 0.009182905528385937 0.01940040572405932 0.03593440103278758 0.043648658889977356 0.05203282052412821 0.07798407981498996 0.08073918904681318 0.09870284220934009 -9999 -9999 0.046962940004657595 0.15392455535920735 0.1587574175973687 0.17420285602723742 0.18033481038168048 0.18663176180075763 0.21747023666420714 0.20621510522246225 -9999 0.2376693274145982 0.2087883752392859 0.19977801217825536 0.18844778219503172 0.1347513478247008 0.12099119772884587 0.1386471912370979 0.18361335875635013 0.2403311986879693 0.28539543892382363 0.24441105062140903 0.36960879021612864 0.45255088032351654 -9999.0 -9999.0 -9999.0 -9999.0 -9999.0 -9999.0 -9999.0 -9999.0 -9999.0 -9999.0 -9999.0 -9999.0 -9999.0 -9999.0 -9999.0 -9999.0 -9999.0 -9999.0 -9999.0 -9999.0
-9999 -9999 -9999 -9999 -9999 -9999 0.016642871154750643 0.01982732994097078 0.03462760123517244 0.04237153734047651 0.04857375032207769 0.07255560273063799 0.07278152078240734 -9999 0.09118549254993477 0.04238435317412819 0.025697464990353715 0.03843829233552366 0.08006983416914544 0.17032035245866994 0.20819491486872213 0.2525796400913205 0.2151886030578672 0.21652075232747892 0.22972039667901376 0.2031415065704449 0.12944950053017493 0.17024762571057703 0.18424103928605068 0.13413326433232653 0.1795844716145896 0.16120760743372028 0.25415227136054225 0.29271151001888096 0.5262611601786287 -9999.0 -9999.0 -9999.0 -9999.0 -9999.0 -9999.0 -9999.0 -9999.0 -9999.0 -9999.0 -9999.0 -9999.0 -9999.0 -9999.0 -9999.0 -9999.0 -9999.0 -9999.0 -9999.0 -9999.0 -9999.0 -9999.0 -9999.0
-9999 -9999 -9999 -9999 -9999 0.008661645673221724 0.04794778419700697 0.026265966072711706 0.03356429429689542 0.015596280748759826 0.019543596036344396 0.05104484020280494 0.08542630187060808 0.036663407674046085 0.12124443847991945 0.08008880233864894 0.09529914454712153 0.07458827114996745 0.07436620290400704 0.18549899672344558 0.2807378520382947 0.27317561700145404 0.24742310845474894 0.25445202582809157 0.2703958784834929 0.16895414114901952 0.15394651003356 0.23580051121009726 0.23733790286772372 0.17093273037945256 0.21268798043801077 0.3187508755531654 0.28319904111611016 0.43026592131336183 -9999.0 -9999.0 -9999.0 -9999.0 -9999.0 -9999.0 -9999.0 -9999.0 -9999.0 -9999.0 -9999.0 -9999.0 -9999.0 -9999.0 -9999.0 -9999.0 -9999.0 -9999.0 -9999.0 -9999.0 -9999.0 -9999.0 -9999.0 -9999.0
-9999 -9999 -9999 -9999 -9999 0.019062604127836946 0.04984888390500524 0.08225308916121046 0.10036625932731266 0.07271941343399159 0.01963718253762627 0.05884664181331108 0.092889208861433 0.09913643418863163 0.10727045716997434 0.07363022127098554 0.1743071449384042 0.09664506666909807 0.21442285452824741 0.22692477425689422 0.21380835755366742 0.2804488273947219 0.2805776294121773 0.29340603351093664 0.277363180395677 0.2012433948331771 0.20621966529305366 0.23644408503817274 0.21202504873306682 0.3249007033250597 0.3562136673790774 0.22243341981142134 0.1664301500467845 -9999.0 -9999.0 -9999.0 -9999.0 -9999.0 -9999.0 -9999.0 -9999.0 -9999.0 -9999.0 -9999.0 -9999.0 -9999.0 -9999.0 -9999.0 -9999.0 -9999.0 -9999.0 -9999.0 -9999.0 -9999.0 -9999.0 -9999.0 -9999.0 -9999.0
-9999 -9999 -9999 -9999 -9999 0.019699507372234804 0.02169493452854576 0.13183029846413213 0.06372932232888745 0.13624712024396943 0.04165923938072357 0.11603019614696596 0.1538017676933406 0.1432035366443906 0.1172690799176127 0.07525683667271305 0.07806422906051565 0.10834836639641796 0.2242388818428505 0.20148501760435295 0.2668933159425036 0.2889887427419504 0.28795242047555325 0.3211731491982472 0.2563099580811065 0.18435687396330436 0.23360734788335555 0.2165288321243669 0.21726295204919285 0.35790262857495314 0.3775359263668105 0.3262444980115375 -9999.0 -9999.0 -9999.0 -9999.0 -9999.0 -9999.0 -9999.0 -9999.0 -9999.0 -9999.0 -9999.0 -9999.0 -9999.0 -9999.0 -9999.0 -9999.0 -9999.0 -9999.0 -9999.0 -9999.0 -9999.0 -9999.0 -9999.0 -9999.0 -9999.0 -9999.0
-9999 -9999 -9999 -9999 -9999 -9999 0.052144382972100285 0.11339099539759791 0.14999358025758328 0.10226206564903899 0.07197231178548016 0.12366595824079639 0.16090245902805833 0.17965535360604873 0.1419057489573419 0.04903594105328839 0.034630358896930495 0.0927812233612743 0.12066496177809216 0.17147663225552948 0.2540753909071263 0.2990651286193567 0.3238509436846914 0.2541714096116625 0.17991214126985397 0.2054334482823094 0.25487125008641287 0.200218541000559 0.18886049805415192 0.3006505679782847 0.25135000320324075 -9999.0 -9999.0 -9999.0 -9999.0 -9999.0 -9999.0 -9999.0 -9999.0 -9999.0 -9999.0 -9999.0 -9999.0 -9999.0 -9999.0 -9999.0 -9999.0 -9999.0 -9999.0 -9999.0 -9999.0 -9999.0 -9999.0 -9999.0 -9999.0 -9999.0 -9999.0 -9999.0
-9999 -9999 -9999 -9999 -9999 -9999 0.03240526495454955 0.0817665302691107 0.14914393975437804 0.13952438319532195 0.1227780705985575 0.14318536494655792 0.11011901923693003 0.15180364138064775 0.19256074152852554 0.1554259255028948 0.05273397872333194 0.13703794485286988 0.11596277516962161 0.13525326882375066 0.2619477002186268 0.3340061413012487 0.33155825957888674 0.35123279862230067 0.30957727780984806 0.27565208541666525 0.23002243447315307 0.1902143821450925 0.19480443615344242 0.20506372597476696 0.2038829892957816 -9999.0 -9999.0 -9999.0 -9999.0 -9999.0 -9999.0 -9999.0 -9999.0 -9999.0 -9999.0 -9999.0 -9999.0 -9999.0 -9999.0 -9999.0 -9999.0 -9999.0 -9999.0 -9999.0 -9999.0 -9999.0 -9999.0 -9999.0 -9999.0 -9999.0 -9999.0 -9999.0
