critload/trunk/output/1999/fgw_rec_le_nat.asc
ncols 720
nrows 360
xllcorner -180
yllcorner -90
cellsize 0.5
NODATA_value -9999
[rows 78 to 103 of 360, columns 348 to 405 of 720]
-9999.0 -9999.0 0.3445319336061809 0.21485905611785797 0.44269127872364 0.19625321878891375 0.17782651000896055 0.08578258529914153 0.03597270329953963 0.04113905226989153 0.05555444834223986 0.06680706575201367 0.08042480263023574 0.12766312726776388 -9999.0 0.10701845790714244 0.05602069715167665 0.09971416496864038 0.16141604012075475 0.019364770756060384 0.1488647445544581 0.09750414287559556 0.07065579962663189 0.0992243292389973 0.16243991790679643 0.10805289322879248 0.060173315236956446 0.09414189727272382 0.050016027662845984 0.038328786242293356 0.05163928215201764 0.022010192907988908 0.016446550497131597 0.014203861727575848 0.0005520173926172716 -9999 -9999 0.0128173663666337 0.023099379890245963 0.026691095226565674 0.0035961149774674903 0.02548314883308963 0.0896958766138574 0.10314080367070932 0.06597596854227308 0.02646018700206572 0.0013302293227924866 -9999 0.003429726317417076 0.004620237715165915 0.006505887390202633 0.005537643511000751 -9999 0.00261209517956351 -9999 -9999 -9999 -9999
0.31141893984852176 0.254326503132048 0.23049819571788388 0.35351194717649803 0.21060453022708442 -9999.0 -9999.0 -9999.0 -9999.0 -9999.0 -9999.0 -9999.0 -9999.0 -9999.0 -9999 0.0858143146852974 0.07479915396578943 0.11731013452751235 0.12480665203858919 0.1414250508848324 0.17187612053990745 0.08268419636598993 0.06850644472402406 0.1360603682116755 0.13421924740051872 0.0828686478845599 0.024483608382478567 0.02264543266498261 0.03218269615851265 0.04085214052244111 0.08931080140190696 0.016711547344164312 0.018938372304077227 0.009878088561487476 0.009959992025239528 0.02039552193877283 0.050823170745705123 0.09671471129470345 -9999 -9999 -9999 0.0005464590557747291 -9999 0.00304631644991002 0.057775358443669884 0.12439117056711957 0.148060920364294 0.02200252423581453 0.009195085730384493 0.037366910727625643 0.040742117600954676 0.03966817769823269 0.0011223585934782036 -9999 -9999 -9999 0.004544426939825086 0.004413605379321819
-9999.0 0.26886522268102453 -9999.0 -9999.0 -9999.0 -9999.0 -9999.0 -9999.0 0.13651970624506662 0.1271350346634532 -9999.0 -9999.0 0.06671649809580639 0.07520516271193417 0.07134365091375769 0.042291479299540746 0.07807085375417909 0.06186962348567838 0.04176756949489749 0.078660591032138 0.1884137157426867 0.18779505577729153 0.23488899025136328 0.12158513226193038 0.08035196669858799 0.029473695713798428 0.024975863580415984 0.010603576502810068 0.03241153979154862 0.03348490099340067 0.005830086563078107 0.02058697231859458 0.01093187277783146 0.025959065359873718 0.014158128355409395 0.014582686715470038 0.024699200821781276 0.05971209141431426 0.017206526269181854 -9999 -9999 -9999 0.007540137593633961 0.053015441476714435 0.07766779631596937 0.0791796076111777 0.048245716028581326 0.07445271651390674 0.183053942563199 0.15965232448634956 0.14481120243052262 0.0923934767013729 0.03526896008035835 0.017366138465147694 0.009431058905457089 0.001030522181573762 0.01039489566650268 0.027607892582575164
-9999.0 -9999.0 -9999.0 -9999.0 -9999.0 -9999.0 -9999 0.29460087130295637 0.057033144936056046 0.09697594726553029 0.09452081241207992 0.09369748421964781 0.08862161031946578 0.07231971717105151 0.02934716697398134 -9999 0.03661180398313499 0.028710400462559044 0.02553808936593925 0.05266572440395075 0.1521353160551625 0.06592796438352765 0.16867171728265845 0.10154979019525553 0.06383147505994057 0.024764637401008684 0.027007199588023178 0.00631325935505208 0.008920901774694965 0.011268347250940225 0.0004805021259976385 0.009399382745556354 0.021062798098308688 0.016374521250242354 0.0043629584148313725 0.008270115594055728 0.030027792905056975 0.06315660142603702 0.10274542162931537 0.04030114264119977 -9999 -9999 -9999 -9999 0.05845684154485031 0.039732472966752946 0.02821877067188066 0.052105319315994804 0.16360831771683823 0.16772939642200418 0.1302108348592722 0.20207871664513533 0.15465151642986683 0.055356489103470526 0.031176403244687446 0.011286835681119742 0.059935697534409305 0.07756607496146074
-9999.0 -9999.0 0.3319148582186751 0.31546907040622385 0.27218309597967394 0.18950635673503016 0.2065551895237338 0.2122584801952155 0.08209304641457867 0.09258229412147423 0.09974526266240392 0.10259840913209514 0.09941144687968301 0.06557728727447434 0.04327988854633144 0.008326235093891443 0.015842112701456478 0.01936203900616599 0.0070393264154728135 0.00465887074233235 0.14228467080141008 0.0777365292761203 0.10326423511316632 0.08163666414443953 0.07421692189842717 0.04663149014960017 0.03395975740158192 -9999 0.03227602649637126 0.059128305599366375 0.0317236466507868 0.03849605607303948 0.044546223542285567 0.014784481547869885 0.01070588147424676 0.011793129466461168 0.017390929840059553 0.026624101508089377 0.05116286503748074 0.164647090531114 0.05999836038401497 -9999 -9999 -9999 -9999 0.01707374409631491 0.020211934926268937 0.03543414824684522 0.0539596008186484 0.09296536517257147 0.16683348502965953 0.20529937420621164 0.09134509664714113 0.04537315130229844 0.017041280005983945 0.038919457870001915 0.06744357568801734 0.11429720640011753
-9999.0 -9999.0 0.3646008650056046 0.3463652107781734 0.3294174925614388 0.23478786313341116 0.12852222462446028 0.07285650591052906 0.051657230182608 0.07510443501210823 0.05651175905626872 0.04318218093388477 0.05510365996177692 0.08359233693630948 0.02452890624290508 0.011824491065502063 0.005869997976922447 0.00915120869766962 0.0031331232675525875 0.0034830383244274397 0.11273632628419948 0.014580293365315928 0.07869672932242211 0.061369755453873555 0.05300304260427765 0.12188995537716969 0.08157695351656302 0.05971658963249547 0.20712107640915212 0.13150886710917783 0.08493385708602166 0.05694534601349717 0.04544720995306303 0.03908513659824658 0.023787431113839526 0.02583525064108923 0.04720298183986207 0.06662070301229939 0.07092670535209283 0.05659169465193116 0.026212884941821224 0.02879400568120329 0.0084945738806491 0.004350374187538618 0.0016709997015814067 0.0002961073879886041 0.07742918841553217 -9999 0.0015015693907348966 0.00568144201738386 0.003303752443988588 -9999 -9999 -9999 0.0006219923984099853 0.002594954371948825 0.007665193329510481 0.029854310765843956
-9999.0 -9999.0 -9999.0 0.40159303007833713 0.34928868249509654 0.2585214354240984 0.1687870368781129 0.07696774273887177 0.037256104651931604 0.037904024978826424 0.02735094593215489 0.04353719229025396 0.04758251598081629 -9999 0.04283839637265079 -9999 -9999 0.014323512826989774 0.032892149926660924 0.05332739433286708 0.08357171400566978 0.016744688764874987 0.09948809194698632 0.09276288363827821 0.12278409690864084 0.18206254155867965 0.15827129412282415 0.235484634008495 0.251534746930823 0.15614917432949757 0.10656475877075555 0.11694875250944585 0.20073096455272646 0.1798604811282641 0.06533260927844615 0.12481573273928145 0.1774258578549024 0.29740066310268837 0.3209821794359435 0.37194375166407817 0.3584345834646116 0.2698933246195003 0.22581112115546234 0.1930737116775 0.04832902684970782 -9999 0.02543521492004253 -9999 0.037373388509865234 -9999 0.0013853562546812333 0.0029314209254106705 0.009257025335758479 0.007643518731643926 0.019637901971646617 0.0033567092776577868 0.012322252133476345 0.008326935517721219
-9999.0 -9999.0 -9999.0 -9999.0 -9999.0 -9999 -9999.0 0.11713252878774211 0.12519614675674878 -9999 0.08081950827972775 0.05220164410214867 0.04815233493487107 0.04571688941155194 0.04878311025644843 -9999 0.03727925061772196 0.021132050453833845 0.05578026866035309 0.03732290385229171 0.00731923561610628 0.023758175938229178 0.05580039593438775 0.11963982950885374 0.24179126239551654 0.28968776296711396 0.2107756805497689 0.2514662863184363 0.32260645836534246 0.375676603911963 0.37745259407542064 0.480386557828005 0.6275305879389397 0.7084666264648923 0.5550131706959159 0.43249506252883735 0.4385106211206995 0.5049148471868886 0.5040977868750363 0.5071153806287505 0.4528613261851246 0.39014645954769933 0.26448745461307915 0.10498517842929335 0.020386968743881528 0.01566024852247386 0.0037607197388907507 -9999 0.0020801575070662835 0.0018658783230313739 0.0034078128077776604 0.00175976037778736 0.003744310905785787 0.01699816864443488 0.012052170346909672 0.006856224540518058 0.012884715859184917 0.010807400787858653
-9999.0 -9999.0 -9999.0 -9999.0 -9999.0 -9999.0 -9999.0 0.1921295676620458 0.14939230308939036 0.04394701625225776 0.1001734031330617 0.07436738162083464 0.0876320448414099 0.08600968741509224 0.05632743999080076 0.0853939918624324 0.07652949418234618 0.04358555590090698 0.017264377281839174 0.04268476587915548 0.07316501612975214 0.040643396637672774 0.0642864354221315 0.16863894704016005 0.2998149729335326 0.25984532219373285 0.4459819342408072 0.5775619750678749 0.8339112519688789 0.7700339518993106 0.7665008545888384 0.8874065751691976 0.08182780067198432 0.9187517611569638 0.782263821127242 0.7178388984310093 0.6600994511798135 0.5354493965849095 0.4075799196933906 0.45916500546472305 0.31309058100258697 0.27394199075120607 0.15084993115837056 0.02969656888155127 0.010399944366698114 0.0011799774315378177 -9999 -9999 0.004037707296342875 0.004127390796454139 0.010011587708408293 -9999 0.005747212488571372 0.010611864499611998 0.008980119430867383 0.014928763122793277 0.008394286187923167 0.1235387042429909
-9999.0 -9999.0 -9999.0 -9999.0 -9999.0 -9999.0 -9999.0 -9999.0 0.15392275478146625 0.06530488656084939 0.08071974246009196 0.07848989872400837 0.006628189216294389 0.08595084029035735 0.08396006383739678 0.08663284601630955 0.06399106081042014 0.09317317243166091 0.0500468721752031 0.03668941979082313 0.0806927453020785 0.048706315312713896 0.01793273193491981 0.16686984799636867 0.17834409135482815 0.41241518512778047 0.6862209261693807 0.8757295801554907 0.782300496155616 0.6998369478714861 0.7511767880266129 0.8537814799237179 0.8549285174913783 0.89592822360797 0.5271391102808087 0.4991875237740546 0.5073315877984041 0.45610155028714955 0.533589399219921 0.4260166117781116 0.40006972818759934 0.2935072054423118 0.21324721345316563 0.13860677864186485 0.0713517712635789 0.020985752547579124 0.002696109296533907 0.00012063210439274044 0.0020998822810767578 0.0027053596289821603 0.0044122195007921024 0.013510571330949014 0.016258838416467143 0.01274494295411775 0.047887164666255554 0.006679064431591044 0.012184539554430615 0.037938412226814516
-9999.0 -9999.0 -9999.0 -9999.0 -9999.0 -9999.0 -9999.0 -9999.0 -9999.0 0.16284250213955448 0.06229992117945742 0.04934133308807949 0.04633873993435005 0.09593525637409588 0.059797094261060085 0.04394521526104743 0.09027172780641428 0.13030707155503155 0.0272272348823025 0.038774512105911034 0.10080674837628045 0.07665377053597201 0.02290307419124987 0.13745172248910076 0.316994567105141 0.7074432369634774 0.6592669142494029 0.639024487706409 0.3596709916951523 0.2736674193502023 0.27813714394295236 0.2764313736005708 0.3410466408024524 0.31693066973355394 0.2595245179544134 0.1528812266131305 0.12793430520818197 0.14876897170645237 0.09381036013828069 0.16182682678659363 0.31913608346205796 0.3055406766189192 0.24084412420018753 0.10966351300936404 0.08361860750950327 0.07559648274704676 0.04100389528843622 0.021217652487364538 0.002539436266957465 0.0019280904383948277 -9999 -9999 0.022703981663518683 0.0754728451864062 0.09108658140760376 -9999 0.04226975213259344 0.0837698080833505
-9999.0 -9999.0 -9999.0 -9999.0 -9999.0 -9999.0 -9999.0 -9999.0 -9999.0 0.014074612108407544 0.019403323253696418 0.036869107999598104 0.006524026145524099 -9999 0.047929732458248164 -9999 0.04507619712127353 0.12117081512327453 0.06479622139348792 0.07812755019381322 0.08404317436521958 0.006600529017276538 0.010389675813326395 0.16388246368011447 0.6393520925824416 0.6901139769413454 0.5132260310521817 0.12052498939049908 -9999 -9999 -9999 -9999 -9999 0.014433655594936267 -9999 -9999 0.03049663553344025 0.12745968246157213 -9999.0 0.07418895844525542 0.1781198598893679 0.3673909252281418 0.4073094015994561 0.2124570223857067 0.22600902673614826 0.11834240568317289 0.06467868154941622 0.05290720961403267 0.009284527770597859 0.007439726573009212 0.0006292327412325769 0.005132848295950339 -9999 0.0032787664976517187 -9999 0.027559984770853536 0.07934141486793429 0.2428388292220345
-9999.0 -9999.0 -9999.0 -9999.0 -9999.0 -9999.0 -9999.0 -9999.0 -9999.0 0.01742126259275378 0.04891501567877655 0.0642593889939723 0.05444392839046687 -9999 -9999 -9999 0.0663464994618024 0.047032648982599276 0.0972229421601111 0.16303355191651273 0.12621239673660634 0.029837744903795014 0.10255606823974726 0.3093657189474221 0.5511300359690536 0.5108955989264168 0.29725090615232547 -9999 0.13177448662947178 0.1492721271497662 0.1270883296930417 0.05504396959075083 0.05689014093032572 0.013141592090208615 0.021669354940744665 -9999 0.01231456577878835 -9999.0 -9999.0 0.1519192859595248 0.19984116060635723 0.24080240558533225 0.3889490870664589 0.32492124203064165 0.21539662574984156 0.1992936094661533 0.1282292921101535 0.03500095045819484 0.013432034197797805 0.013691684143731234 0.0027050504965147907 0.00305833987419096 0.00026379319043397047 -9999 0.0006479094858663583 0.010446838925088011 0.015404253654634506 0.002636502070878736
-9999.0 -9999.0 -9999.0 -9999.0 -9999.0 -9999.0 -9999.0 -9999.0 -9999.0 0.05471756599960063 0.07277606233244745 0.026708218496603393 0.035960894460931196 0.008695004429437436 0.004975328059930551 -9999 0.10636822501941183 0.118371931594397 0.05366213193259333 0.10002739141321368 0.17041704696658713 0.07413061975410308 0.05107134036537376 0.09163018884031095 0.33476276588242215 0.4208785063148369 0.3267783876857643 0.2388528637569114 0.07835359212420302 0.06631547673275996 0.11708776868237077 0.025481867801768095 0.04453690728399437 0.028259003763048855 0.001775617687884715 0.02143321423618031 0.016615428182114585 0.063354857253825 -9999.0 -9999.0 -9999.0 -9999 0.19556733687004613 0.19067940394345556 0.1971511189129186 0.204930189069052 0.15147738741693437 0.1841856783119467 0.13544565796187436 0.10110143857369426 0.07697680988037887 0.08368949937192567 0.040389353183191055 -9999 -9999 0.010060349289149161 0.0002555238026775984 0.01213709463504706
0.11184428231314734 -9999.0 -9999.0 -9999.0 -9999.0 -9999.0 -9999.0 -9999.0 -9999.0 0.02553298570770664 0.00921622173077581 -9999 -9999 0.001648262712589806 0.01164429497130982 0.014222294268031272 0.05144506141009462 0.008677968867325777 0.006296806728344325 0.10599267891023484 0.10065292789252155 0.06124357984901397 0.07702461180309415 0.07158470683821624 0.1768271165646151 0.14776337391446054 0.15574711444706937 0.03068425127196484 0.012872497297179384 -9999.0 -9999.0 -9999.0 0.05428067647307871 0.04833999637939583 0.05607627532742967 -9999 0.001315451831780721 0.02766364744991511 0.021446660882584814 0.027305987013311838 -9999.0 -9999.0 0.13754378438225565 0.09194706001318274 0.08206979193357557 0.12481334892256704 0.16586410254678552 0.24400622893619653 0.1639387789369604 0.1452483016302187 0.1267643588180293 0.19648557609769873 0.05235915434552161 0.01113679983602674 -9999 0.0021101430222283486 0.001610239887776635 0.004281496575082022
0.19133825929389092 0.04606509431478589 0.09728422816050711 0.055957712727965646 0.04678649875578551 0.0387026486947135 0.12802748359693003 0.10376204771385433 0.09730469274917226 0.051434516016800894 0.006842217584898424 0.003252042252924327 -9999 -9999 0.00874554688020295 0.002919442267474142 0.07085477030500745 0.07775318361122965 0.046809009137544384 0.07166294070855818 0.17660127489651362 0.11555602628676336 0.11120631177996002 0.051499663409408654 0.06335563043223193 0.14799905981474343 -9999.0 -9999.0 -9999.0 -9999.0 -9999.0 -9999.0 0.03913512490125154 -9999 0.012815396904749825 0.026697853393447504 0.07372532862021465 0.06397759699695643 0.07095952656997664 0.008201938357976812 -9999.0 -9999.0 -9999.0 -9999.0 0.1047032651774389 0.12433986793592619 0.18120437640113826 0.22499134578929267 0.0904061028263101 0.20280135104595212 0.21602176600071468 0.18974167788621837 0.18228676242644948 0.01750365533234453 -9999 0.002554892390939008 0.00031172922112760083 0.0011438705590366969
0.11417561485151421 0.016777736891049305 0.03972058447311997 0.03621832959039917 0.03336191109756045 0.003185104888702033 0.03765599839941902 0.04421625033013721 0.00893662996495257 0.04046245244272998 0.11563641408394126 0.19169287919044492 0.2680518231998509 0.23432732913047444 0.18206649844408213 0.21491380535236226 0.1939201424713312 0.0856597530499182 0.06018968838105963 -9999.0 -9999.0 -9999.0 -9999.0 -9999.0 -9999.0 -9999.0 -9999.0 -9999.0 -9999.0 0.14234986012282894 0.1509574391557994 -9999 -9999 0.02478235964637308 0.01050077199709403 0.03487236334840131 0.03758602669336012 0.00206766820013288 0.032691084062981324 0.024896884177538874 0.022856184523662323 -9999.0 -9999.0 -9999.0 -9999.0 0.09784259352673091 0.10745730742338892 0.1731179281524516 0.12230259676535402 0.16061911402251428 0.20157709492396833 0.27592206843924 0.24977012821113168 0.03016705129878056 0.030981598753040306 0.005878228441876375 -9999 -9999
0.008247936640656477 0.0035979887615373548 0.005035971396487116 0.01150438399468908 0.02342432897622913 -9999 -9999 0.007032737060205139 0.0013101202682486725 0.003666469758051453 0.008425560865942627 0.022740682692405853 0.020793595740771248 0.08030460442313685 0.09986036706499045 0.15128893132121873 0.23204734097683186 0.102216789172933 0.02193996068244344 -9999.0 -9999.0 -9999.0 -9999.0 -9999.0 -9999.0 -9999.0 -9999.0 -9999.0 -9999.0 0.20043525033011064 0.1378804571597653 0.018952873235061424 -9999.0 -9999.0 -9999 0.020036460445994563 0.026293955657310148 0.04209231181759967 0.0698686980237771 0.11146158776949966 0.01998740813829822 -9999 -9999.0 -9999.0 -9999.0 -9999.0 -9999.0 -9999.0 0.08734965574822033 0.1315067072447306 0.20934169768355845 0.2016657203237834 0.0928594834065523 0.12431815286175206 0.025487422424007936 0.010664560275070673 -9999 -9999
0.003822349477612006 0.0017341140031386418 0.0035381043967980465 0.01646600109876928 0.011139828455739308 0.0028687365926760235 0.012855734336171315 0.014842478757612453 0.005647329511228577 0.0017209376254868965 0.0019871803261659136 0.0012628603940296058 0.002653842369958875 0.004057072337670299 0.018537280266749775 0.04490187048256612 0.06900802800400206 0.05806881711810534 0.031482354858368616 -9999.0 -9999.0 -9999.0 -9999.0 -9999.0 -9999.0 -9999.0 -9999.0 -9999.0 -9999.0 0.10397423618000042 0.08958320076615693 -9999.0 -9999.0 -9999.0 -9999.0 -9999.0 -9999 0.06074133216419434 0.022516844914824398 0.027033656526649418 0.020521871024602362 0.012836671008642952 0.017818717827377324 0.01985236481875895 0.07962899800088548 -9999.0 -9999.0 -9999.0 -9999.0 -9999.0 0.12401995644478873 0.2567559769660351 0.08950451414801762 0.11118545068085366 0.07766090573577047 0.03365032696001857 0.024015272479978023 -9999
0.0036795143196358703 0.00023248249007689286 0.00023995291902310082 0.00013701602272046302 0.004576103249964851 0.046251861282077464 0.0026076111552369155 0.005242380903337688 0.004644723148851163 0.0016712054939854633 -9999 -9999 -9999 0.0014897383761208834 0.007791503708581362 0.029159711731539813 0.0715570067079704 -9999.0 -9999.0 -9999.0 -9999.0 -9999.0 -9999.0 -9999.0 -9999.0 -9999.0 -9999.0 -9999.0 -9999 0.05440852324227451 0.04537415297836907 0.017857892421666577 -9999.0 -9999.0 -9999.0 -9999.0 -9999.0 0.012168289683490268 0.11587716499308075 0.08904503610846427 0.09423199606165185 0.04360806233769158 0.011182653850263295 -9999 0.007474177685581258 -9999 0.06847860190893502 -9999.0 -9999.0 -9999.0 0.05227965066564463 0.19371974468834474 0.16690968711098111 0.05466566160698683 0.025798239979821985 0.01731877408909034 -9999 0.027517044627479694
-9999 -9999 -9999 0.026811578844485325 0.0009016249482194473 -9999 -9999 0.037571283465756174 0.04657630935575411 0.00588753494686424 -9999 -9999 0.029203380398375875 0.029486145179897318 -9999.0 -9999.0 -9999.0 -9999.0 -9999.0 -9999.0 -9999.0 -9999.0 -9999.0 -9999.0 -9999.0 -9999.0 -9999.0 -9999.0 0.017319912252610432 0.03631273075884505 0.02926013975113977 0.018819898035994313 -9999.0 -9999.0 -9999.0 -9999.0 -9999.0 -9999.0 -9999.0 -9999 0.09867856833570236 0.06137200316048034 0.03880858175549667 0.06467907203708069 0.017363019505431027 0.012210795934572746 0.049112698017580884 -9999 0.00914526804194612 -9999.0 0.056276465082565605 0.19077640024517295 0.17260158755568125 0.09055449957118945 0.005623573942808926 0.07969688163614747 0.03001644782477144 0.011884959488981306
0.06449078645806605 0.03571764021337197 0.008821451921333018 -9999 -9999 0.0012060596953562125 -9999 0.0033475489834207434 0.041742619164049935 0.013344674466611594 0.03425526427384715 0.03082257810742984 -9999 -9999 -9999.0 -9999.0 -9999.0 -9999.0 -9999.0 -9999.0 -9999.0 -9999.0 -9999.0 -9999.0 -9999.0 -9999.0 -9999.0 -9999.0 0.06932006055604858 0.06985072899915018 0.03258204144211471 0.0204198574160752 -9999.0 -9999.0 -9999.0 -9999.0 -9999.0 -9999.0 -9999.0 -9999.0 -9999.0 -9999 0.020434647951695122 0.03718326249815271 0.03984748734137854 0.03222729201359023 -9999 0.012993196701685531 -9999 -9999 0.15790960261168066 0.22351880096160595 0.22432600190759663 0.16773239028781123 0.03328104446851298 0.08931519948839318 0.0508926094126378 0.06550419608369822
-9999 -9999 -9999 -9999 -9999 0.0026664704864827653 0.00042765249326026753 -9999 -9999 -9999 0.01399079464677918 -9999 0.0002689981126018434 -9999.0 -9999.0 -9999.0 0.0731846871807664 0.07425269314802832 0.0440851311727284 -9999 0.044421014392474825 -9999.0 -9999.0 -9999.0 -9999.0 -9999.0 -9999.0 -9999.0 0.04626632433762603 0.056070777612625654 0.025682367643968845 0.02213060632654025 -9999.0 -9999.0 -9999.0 -9999.0 -9999.0 -9999.0 -9999.0 -9999.0 -9999.0 -9999.0 -9999.0 0.03612614307555437 0.03828255020074923 0.06741411469393169 -9999.0 -9999.0 0.06487321459415274 -9999.0 -9999.0 0.09584994258187152 0.29196859711735557 0.27038281743659043 0.08336698354705462 0.05094233671392332 0.03787567540122876 0.01581715867613244
-9999 -9999 -9999 -9999 -9999 0.0019120483573474576 -9999 -9999 -9999 -9999 0.0033299966637567887 -9999 -9999.0 -9999.0 0.04762596970533368 -9999 -9999.0 -9999 -9999 -9999.0 -9999.0 -9999.0 -9999.0 -9999.0 -9999.0 -9999.0 -9999.0 -9999.0 0.040952809416614715 0.015569936887862509 0.011672273589704983 0.02056394509421788 -9999.0 -9999.0 -9999.0 -9999.0 -9999.0 -9999.0 -9999.0 -9999.0 -9999.0 -9999.0 -9999.0 -9999.0 0.06495566340216294 0.028967307229515436 0.025558615378490343 -9999.0 -9999.0 -9999.0 -9999.0 0.07974007985287099 0.11548676604522909 0.272264361917677 0.15281668076773067 0.08597919214828102 0.07744191788585741 0.05257308203830597
-9999 -9999 -9999 -9999 -9999 -9999 -9999 -9999 0.0016674214038492209 0.010556304694200418 0.0076698534534637335 -9999 0.021974809352913398 -9999.0 -9999 0.031331063371028964 -9999.0 -9999.0 -9999.0 -9999.0 -9999.0 -9999.0 -9999.0 -9999.0 -9999.0 -9999.0 -9999.0 -9999.0 -9999.0 0.020864982136657113 -9999 -9999.0 -9999.0 -9999.0 -9999.0 -9999.0 -9999.0 -9999.0 -9999.0 -9999.0 -9999.0 -9999.0 -9999.0 0.05817632449636328 0.08314045830375612 0.028387740686811668 0.04740067070013511 -9999.0 -9999.0 -9999.0 -9999.0 -9999.0 -9999.0 0.14343389496812026 0.21446410868351817 0.15559654904881867 0.10915852984209432 0.09576935503278912
-9999 -9999 -9999 0.008540788383316672 -9999 -9999 0.0070057886294009565 -9999 -9999 -9999 -9999 -9999 -9999.0 -9999.0 -9999.0 -9999.0 -9999.0 -9999.0 -9999.0 -9999.0 -9999.0 -9999.0 -9999.0 -9999.0 -9999.0 -9999.0 -9999.0 -9999.0 -9999.0 -9999.0 -9999.0 -9999.0 -9999.0 -9999.0 -9999.0 -9999.0 -9999.0 0.01674540502174817 0.04174261404916776 0.032477255568006576 -9999.0 0.06119000741293404 0.03767987980527726 0.048158423698493984 0.013648769494962423 0.06403429607542888 -9999.0 -9999.0 -9999.0 -9999.0 -9999.0 -9999.0 0.12026162572493714 0.14341677813974138 0.06649296306009235 0.09473069478313142 0.07664311840010875 0.08859631618956103
