critload/trunk/output/1999/figl.asc
ncols 720
nrows 360
xllcorner -180
yllcorner -90
cellsize 0.5
NODATA_value -1
[rows 74 to 110 of 360, columns 581 to 663 of 720]
0.0 0.0 0.0 0.0 0.0 0.0 0.0 0.0 0.0 0.0 0.0 0.0 0.0 0.0 0.0 0.0 0.0 0.0 0.0 0.0 0.0 0.0 0.0 0.0 0.0 0.0 0.0 0.0 0.0 0.0 0.0 0.0 0.0 0.0 0.0 0.0 0.0 0.0 0.0 0.0 0.0 0.0 0.0 0.0 0.0 0.0 0.0 0.0 0.0 0.0 0.0 0.0 0.0 0.0 0.0 0.0 0.0 0.0 0.0 0.0 0.0 0.0 0.0 0.0 0.0 0.0 -1.0 -1.0 -1.0 -1.0 -1.0 -1.0 -1.0 -1.0 -1.0 -1.0 -1.0 -1.0 -1.0 -1.0 -1.0 -1.0 -1.0
0.0 0.0 0.0 0.0 0.0 0.0 0.0 0.0 0.0 0.0 0.0 0.0 0.0 0.0 0.0 0.0 0.0 0.0 0.0 0.0 0.0 0.0 0.0 0.0 0.0 0.0 0.0 0.0 0.0 0.0 0.0 0.0 0.0 0.0 0.0 0.0 0.0 0.0 0.0 0.0 0.0 0.0 0.0 0.0 0.0 0.0 0.0 0.0 0.0 0.0 0.0 0.0 0.0 0.0 0.0 0.0 0.0 0.0 0.0 0.0 0.0 0.0 0.0 0.0 0.0 0.0 -1.0 -1.0 -1.0 -1.0 -1.0 -1.0 -1.0 -1.0 -1.0 -1.0 -1.0 -1.0 -1.0 -1.0 -1.0 -1.0 -1.0
0.0 0.0 0.0 0.0 0.0 0.0 0.0 0.0 0.0 0.0 0.0 0.0 0.0 0.0 0.0 0.0 0.0 0.0 0.0 0.0 0.0 0.0 0.0 0.0 0.0 0.0 0.0 0.0 0.0 0.0 0.0 0.0 0.0 0.0 0.0 0.0 0.0 0.0 0.0 0.0 0.0 0.0 0.0 0.0 0.0 0.0 0.0 0.0 0.0 0.0 0.0 0.0 0.0 0.0 0.0 0.0 0.0 0.0 0.0 0.0 0.0 0.0 0.0 0.0 0.0 0.0 -1.0 -1.0 -1.0 -1.0 -1.0 -1.0 -1.0 -1.0 -1.0 -1.0 -1.0 -1.0 -1.0 -1.0 -1.0 -1.0 -1.0
0.0 0.0 0.0 0.0 0.0 0.0 0.0 0.0 0.0 0.0 0.0 0.0 0.0 0.0 0.0 0.0 0.0 0.0 0.0 0.0 0.0 0.0 0.5780909052633474 0.5753642255707995 0.5098231937987932 0.0 0.0 0.0 0.0 0.0 0.0 0.0 0.0 0.0 0.0 0.0 0.0 0.0 0.0 0.0 0.0 0.0 0.0 0.0 0.0 0.0 0.0 0.0 0.0 0.0 0.0 0.0 0.0 0.0 0.0 0.0 0.0 0.0 0.0 0.0 0.0 -1.0 -1.0 0.0 0.0 0.0 0.0 -1.0 -1.0 -1.0 -1.0 -1.0 -1.0 -1.0 -1.0 -1.0 -1.0 -1.0 -1.0 -1.0 -1.0 -1.0 -1.0
0.0 0.0 0.0 0.0 0.0 0.0 0.0 0.0 0.2688712329999195 0.0 0.0 0.0 0.0 0.0 0.0 0.0 0.0 0.0 0.5279206188048298 0.4395216523235026 0.0 0.3267457362437877 0.0 0.412782591930436 0.0 0.0 0.0 0.0 0.0 0.5208386142805846 0.0 0.0 0.0 0.0 0.0 0.0 0.0 0.0 0.0 0.0 0.0 0.0 0.0 0.0 0.0 0.0 0.0 0.0 0.0 0.0 0.0 0.0 0.0 0.0 0.0 0.0 0.0 0.0 0.0 0.0 0.0 -1.0 -1.0 0.0 0.0 0.0 0.0 -1.0 -1.0 -1.0 -1.0 -1.0 -1.0 -1.0 -1.0 -1.0 -1.0 -1.0 -1.0 -1.0 -1.0 -1.0 -1.0
0.0 0.0 0.0 0.0 0.0 0.0 0.0 0.0 0.46251890523015676 0.3493859516997544 0.0 0.2523177600822599 0.0 0.0 0.0 0.0 0.0 0.4796754958811147 0.0 0.0 0.11608252802900854 0.5638350251275338 0.4657181714350646 0.0 0.0 0.0 0.0 0.0 0.0 0.6354468290272657 0.3682745239317637 0.0 0.0 0.0 0.0 0.0 0.2100100987496865 0.0 0.0 0.0 0.0 0.0 0.0 0.0 0.0 0.0 0.0 0.0 0.0 0.0 0.0 0.0 0.0 0.0 0.0 0.0 0.0 0.0 0.0 0.0 0.0 -1.0 -1.0 0.0 0.0 0.0 0.0 -1.0 -1.0 -1.0 -1.0 -1.0 -1.0 -1.0 -1.0 -1.0 -1.0 -1.0 -1.0 -1.0 -1.0 -1.0 -1.0
0.0 0.0 0.0 0.0 0.0 0.5922606118649874 0.0 0.0 0.0 0.0 0.0 0.0 0.0 0.0 0.0 0.4810205347779825 0.0 0.0 0.0 0.0 0.0 0.0 0.5025756139011909 0.0 0.0 0.0 0.5592916707699941 0.0 0.0 0.5521675582273076 0.4180339641876938 0.0 0.0 0.0 0.22980867841117197 0.0 0.2224186501562787 0.22134182869824315 0.3969201626603082 0.0 0.0 0.0 0.0 0.0 0.0 0.0 0.0 0.0 0.0 0.0 0.0 0.0 0.0 0.0 0.0 0.0 0.0 0.0 0.0 0.0 -1.0 -1.0 -1.0 0.0 0.0 0.0 0.0 0.0 -1.0 -1.0 -1.0 -1.0 -1.0 -1.0 -1.0 -1.0 -1.0 -1.0 -1.0 -1.0 -1.0 -1.0 -1.0
0.0 0.0 0.0 0.48623387748660685 0.0 0.0 0.0 0.0 0.0 0.0 0.0 0.0 0.0 0.0 0.0 0.0 0.0 0.0 0.0 0.0 0.0 0.0 0.4655087733080768 0.0 0.0 0.0 0.5526573200311622 0.6243726529218928 0.5264401610338248 0.0 0.5849691808725361 0.0 0.0 0.41876315372787837 0.0 0.25900074190932554 0.0 0.0 0.0 0.0 0.0 0.0 0.0 0.0 0.0 0.0 0.0 0.0 0.0 0.0 0.0 0.0 0.0 0.0 0.0 0.0 0.0 0.0 0.0 0.0 -1.0 -1.0 -1.0 0.0 0.0 0.0 0.0 0.0 -1.0 -1.0 -1.0 -1.0 -1.0 -1.0 -1.0 -1.0 -1.0 -1.0 -1.0 -1.0 -1.0 -1.0 -1.0
0.0 0.6284300527334838 0.0 0.0 0.0 0.0 0.0 0.0 0.49947613462797186 0.0 0.0 0.0 0.0 0.0 0.0 0.0 0.0 0.0 0.0 0.0 0.5748429162459412 0.5550109547443538 0.0 0.0 0.0 0.0 0.545179416940978 0.4927080074670174 0.0 0.0 0.6055070486446762 0.0 0.4921749406459561 0.0 0.0 0.0 0.0 0.0 0.0 0.0 0.0 0.0 0.0 0.0 0.0 0.0 0.0 0.0 0.07119597965151526 0.08636268850080264 0.08909110698792364 0.0 0.0 0.0 0.0 0.0 0.0 0.0 0.0 0.0 -1.0 -1.0 0.0 0.0 0.0 -1.0 -1.0 -1.0 -1.0 -1.0 -1.0 -1.0 -1.0 -1.0 -1.0 -1.0 -1.0 -1.0 -1.0 -1.0 -1.0 -1.0 -1.0
0.0 0.0 0.0 0.0 0.0 0.0 0.6092305281945779 0.0 0.0 0.0 0.0 0.0 0.0 0.0 0.0 0.0 0.0 0.0 0.0 0.0 0.5100356150339462 0.3595316803609757 0.0 0.0 0.387564345701916 0.6197604596026162 0.4376721105147235 0.28214613552081147 0.4162679891731518 0.39804098722463643 0.3118052781245656 0.0 0.3292508165588469 0.32817169597913337 0.0 0.0 0.0 0.0 0.0 0.0 0.0 0.0 0.0 0.0 0.0 0.06331774482266868 0.49342827345598295 0.576908494146007 0.400763008442995 0.2983640409792057 0.0 0.0 0.0 0.0 0.0 0.0 0.0 0.0 0.0 0.0 -1.0 -1.0 -1.0 0.0 0.0 -1.0 -1.0 -1.0 -1.0 -1.0 -1.0 -1.0 -1.0 -1.0 -1.0 -1.0 -1.0 -1.0 -1.0 -1.0 -1.0 -1.0 -1.0
0.0 0.0 0.0 0.0 0.0 0.0 0.0 0.0 0.0 0.0 0.0 0.0 0.0 0.0 0.0 0.0 0.0 0.0 0.12604713700859413 0.1193617842357239 0.1083964731755258 0.46274550118700547 0.0 0.5362160131223754 0.0 0.0 0.0 0.0 0.0 0.2016826891922515 0.0 0.0 0.12648113790521717 0.5423831513939 0.0 0.0 0.0 0.0 0.0 0.0 0.34588730464685796 0.0 0.49180595497803453 0.0 0.12293364322367102 0.0 0.0 0.0 0.0 0.0 0.0 0.0 0.0 0.0 0.0 0.0 0.0 0.0 -1.0 -1.0 -1.0 -1.0 0.0 0.0 0.0 -1.0 -1.0 -1.0 -1.0 -1.0 -1.0 -1.0 -1.0 -1.0 -1.0 -1.0 -1.0 -1.0 -1.0 -1.0 -1.0 -1.0 -1.0
0.0 0.0 0.0 0.0 0.0 0.0 0.0 0.0 0.0 0.0 0.0 0.0 0.0 0.0 0.0 0.0 0.0 0.0 0.5313494407758383 0.12255040532648163 0.5049472880050933 0.4869869003413511 0.6374867600556872 0.0 0.5845276402829607 0.0 0.0 0.0 0.0 0.0 0.21067406874173458 0.0 0.0 0.0 0.4444053939888645 0.0 0.0 0.0 0.0 0.5049437622618607 0.0 0.0 0.0 0.33059569769824393 0.0 0.0 0.0 0.3445705931914646 0.0 0.0 0.0 0.0 0.0 0.0 0.0 0.0 0.0 -1.0 -1.0 -1.0 -1.0 -1.0 0.0 0.0 0.0 -1.0 -1.0 -1.0 -1.0 -1.0 -1.0 -1.0 -1.0 -1.0 -1.0 -1.0 -1.0 -1.0 -1.0 -1.0 -1.0 -1.0 -1.0
0.0 0.0 0.0 0.0 0.0 0.0 0.0 0.0 0.0 0.0 0.0 0.0 0.0 0.0 0.5815357791642326 0.0 0.0 0.5520480977845058 0.0 0.0 0.0 0.0 0.0 0.0 0.0 0.5931707573584079 0.0 0.0 0.0 0.0 0.0 0.0 0.0 0.0 0.5691744653724908 0.0 0.0 0.0 0.49427014111024764 0.5686213729920755 0.4540068476423625 0.0 0.0 0.0 0.0 0.0 0.0 0.0 0.0 0.0 0.0 0.0 0.0 0.0 0.0 0.0 -1.0 -1.0 -1.0 -1.0 -1.0 -1.0 0.0 0.0 0.0 0.0 -1.0 -1.0 -1.0 -1.0 -1.0 -1.0 -1.0 -1.0 -1.0 -1.0 -1.0 -1.0 -1.0 -1.0 -1.0 -1.0 0.0
0.0 0.0 0.0 0.0 0.0 0.0 0.0 0.0 0.0 0.0 0.0 0.0 0.0 0.0 0.0 0.0 0.0 0.0 0.0 0.0 0.0 0.0 0.0 0.0 0.0 0.0 0.0 0.0 0.34816797172780245 0.0 0.0 0.0 0.20188409948124922 0.0 0.4526233554255038 0.0 0.0 0.3577852106608495 0.0 0.0 0.46114379477023826 0.0 0.33755140226020447 0.5867551383549351 0.6182201609222454 0.48257238190507046 0.0 0.0 0.0 0.0 0.0 0.0 0.0 0.0 0.0 0.0 -1.0 -1.0 -1.0 -1.0 -1.0 -1.0 0.0 0.0 -1.0 0.0 0.0 -1.0 -1.0 -1.0 -1.0 -1.0 -1.0 -1.0 -1.0 -1.0 -1.0 -1.0 -1.0 0.0 -1.0 -1.0 -1.0
0.0 0.0 0.0 0.0 0.0 0.0 0.0 0.0 0.0 0.0 0.0 0.0 0.6097567563289503 0.0 0.0 0.0 0.0 0.0 0.0 0.0 0.0 0.0 0.0 0.0 0.0 0.0 0.38173771451609684 0.3314551338460674 0.0 0.0 0.0 0.0 0.3153110504152667 0.5939793993413887 0.5022118325354012 0.41005656765573695 0.5696766085378288 0.0 0.0 0.3875054761287889 0.5130009770284326 0.31107489729720567 0.4753594714328862 0.4966056826388214 0.0 0.0 0.4344832819998912 0.0 0.0 0.0 0.0 0.0 0.0 0.0 0.0 -1.0 -1.0 -1.0 -1.0 -1.0 -1.0 -1.0 0.0 -1.0 -1.0 -1.0 -1.0 -1.0 -1.0 -1.0 -1.0 -1.0 -1.0 -1.0 -1.0 -1.0 -1.0 -1.0 0.0 -1.0 -1.0 -1.0 -1.0
0.0 0.0 0.0 0.0 0.0 0.0 0.0 0.0 0.0 0.0 0.0 0.0 0.0 0.0 0.0 0.0 0.0 0.0 0.0 0.0 0.5441916474229507 0.0 0.0 0.0 0.0 0.0 0.0 0.3419526666232759 0.31492607841707654 0.4174045840327989 0.34783878828694587 0.29649345906124813 0.1284699477427421 0.0 0.4047676311647195 0.53329197031972 0.0 0.0 0.0 0.3875978398474938 0.4665611583447104 0.4360621585652485 0.3934953367282444 0.0 0.0 0.08147456018949366 0.0 0.0 0.0 0.0 0.0 0.0 0.0 0.0 -1.0 -1.0 -1.0 -1.0 -1.0 -1.0 0.0 0.0 0.0 0.0 -1.0 -1.0 -1.0 -1.0 -1.0 -1.0 -1.0 -1.0 -1.0 -1.0 0.0 0.0 0.0 -1.0 -1.0 -1.0 -1.0 -1.0 -1.0
0.0 0.0 0.0 0.0 0.0 0.0 0.0 0.0 0.0 0.0 0.0 0.0 0.0 0.0 0.0 0.0 0.0 0.616221112049441 0.0 0.0 0.6247954748261292 0.0 0.0 0.0 0.0 0.0 0.34098877184827336 0.29993061377047214 0.0 0.0 0.0 0.40043923135840537 0.0 0.0 0.45051364954367706 0.0 0.0 0.3835733241542114 0.5279253997098527 0.3252980831290058 0.0 0.0 0.0 0.07300859194439743 0.2985877071031344 0.0 0.0 0.0 0.0 0.0 0.0 0.0 -1.0 -1.0 -1.0 -1.0 -1.0 -1.0 -1.0 -1.0 -1.0 -1.0 0.0026345754878914595 0.0 0.0 0.0 -1.0 -1.0 -1.0 -1.0 -1.0 -1.0 -1.0 0.0 -1.0 -1.0 -1.0 -1.0 -1.0 -1.0 -1.0 -1.0 -1.0
0.0 0.0 0.0 0.0 0.0 0.0 0.0 0.0 0.0 0.0 0.0 0.0 0.0 0.0 0.0 0.0 0.0 0.0 0.0 0.0 0.0 0.0 0.0 0.0 0.0 0.5163109371760355 0.0 0.3240225636784609 0.38991276464300967 0.3169379988774558 0.633996708271769 0.1284160670026696 0.5547097895990111 0.0 0.0 0.0 0.0 0.6220671092783288 0.0 0.0 0.0 0.0 0.049113054017946356 0.198146599451661 0.0 0.0 0.0 0.0 0.0 0.0 0.0 -1.0 -1.0 -1.0 -1.0 -1.0 -1.0 -1.0 -1.0 -1.0 -1.0 -1.0 0.0013887431736705886 0.0 0.0 0.0 0.0 0.0 0.0 0.0 -1.0 0.0 -1.0 -1.0 -1.0 -1.0 -1.0 -1.0 -1.0 -1.0 -1.0 -1.0 -1.0
0.0 0.0 0.0 0.0 0.0 0.0 0.0 0.0 0.0 0.0 0.0 0.0 0.0 0.0 0.0 0.0 0.0 0.0 0.0 0.0 0.0 0.5950503561248169 0.0 0.47714560596778416 0.6065722800449768 0.0 0.0 0.3096253180337566 0.4162599041939865 0.4981133292866835 0.1281120726696907 0.4731275203037352 0.3238076759836525 0.46621892993875685 0.0 0.5317162380423311 0.0 0.0 0.0 0.0 0.0 0.0 0.0 0.0 0.0 0.0 0.0 0.0 0.0 0.0 -1.0 -1.0 -1.0 -1.0 -1.0 -1.0 -1.0 -1.0 -1.0 -1.0 -1.0 0.0 0.00258385889560516 0.05024157776563806 0.0 0.0 0.017469644523152052 0.02098681094623534 0.01742579358831337 0.02607580294680988 -1.0 -1.0 -1.0 -1.0 -1.0 -1.0 -1.0 -1.0 -1.0 -1.0 -1.0 -1.0 -1.0
0.0 0.0 0.0 0.0 0.0 0.0 0.0 0.0 0.0 0.0 0.0 0.0 0.0 0.0 0.0 0.0 0.0 0.0 0.0 0.0 0.0 0.0 0.0 0.0 0.0 0.0 0.0 0.36025364103341895 0.1269396362607653 0.0 0.11347498295235328 0.4016048936390811 0.45591493164784236 0.0 0.0 0.4444973933894127 0.0 0.0 0.0 0.0 0.0 0.0 0.0 0.0 0.0 0.0 0.0 0.0 0.0 -1.0 -1.0 -1.0 -1.0 -1.0 -1.0 -1.0 -1.0 -1.0 -1.0 0.0 0.0 0.0 0.0947952025407384 0.0 0.012181883406596226 0.0 0.0 0.0 0.0 0.004123626976058371 0.0 -1.0 -1.0 -1.0 -1.0 -1.0 -1.0 -1.0 -1.0 -1.0 -1.0 -1.0 -1.0
0.0 0.0 0.0 0.0 0.0 0.0 0.0 0.0 0.0 0.0 0.0 0.0 0.0 0.0 0.0 0.0 0.0 0.0 0.0 0.0 0.0 0.0 0.0 0.0 0.0 0.6074098116947684 0.0 0.4580311981250385 0.49538526483443224 0.6114304448438794 0.0 0.0 0.0 0.0 0.0 0.0 0.0 0.39223217624048917 0.0 0.14757581679386844 0.0 0.0 -1.0 0.038972634746651025 0.0 0.0 0.0 -1.0 -1.0 -1.0 -1.0 -1.0 -1.0 -1.0 -1.0 -1.0 -1.0 -1.0 0.0 0.0 0.0 0.0 0.004686744632295083 0.006831138625948552 0.014342051512786972 0.031166681679328172 0.0 -1.0 -1.0 -1.0 -1.0 -1.0 -1.0 -1.0 -1.0 -1.0 -1.0 -1.0 -1.0 -1.0 -1.0 -1.0 -1.0
0.0 0.0 0.0 0.0 0.0 0.0 0.0 0.0 0.0 0.0 0.0 0.0 0.0 0.0 0.26239003060058175 0.603799908558975 0.6186739728877255 0.0 0.5936882867168276 0.0 0.5289778842575557 0.5442886932193848 0.6097246887046051 0.0 0.0 0.0 0.58893534595923 0.2441732243648128 0.31778749990953764 0.32593574050737356 0.5068945502242427 0.28850563353844394 0.0 0.39837985964117323 0.43636342039371934 0.34350383081396335 0.0 0.0 0.0 0.0 0.0 -1.0 -1.0 -1.0 -1.0 -1.0 -1.0 -1.0 -1.0 -1.0 -1.0 -1.0 -1.0 -1.0 -1.0 -1.0 -1.0 0.0 0.0 0.0 0.0 0.0 -1.0 0.0 0.0 0.002362918909894039 -1.0 -1.0 -1.0 -1.0 -1.0 -1.0 -1.0 -1.0 -1.0 -1.0 -1.0 -1.0 -1.0 -1.0 -1.0 -1.0 -1.0
0.0 0.0 0.0 0.0 0.0 0.0 0.0 0.0 0.0 0.0 0.0 0.0 0.0 0.0 0.0 0.4076479362064973 0.0 0.6190142850465807 0.5718707045256255 0.4444730819366292 0.5384711745597369 0.510433489903266 0.5505293943307402 0.0 0.0 0.08342454566426787 0.5304508103616483 0.345245253399076 0.0 0.0 0.22430441474491142 0.0 0.0 0.0 0.49970345116297776 0.0 0.0 0.0 0.0 -1.0 -1.0 -1.0 -1.0 -1.0 -1.0 -1.0 -1.0 -1.0 -1.0 -1.0 -1.0 -1.0 -1.0 -1.0 -1.0 -1.0 -1.0 -1.0 0.0 0.0 0.04226355752656228 0.0 -1.0 -1.0 -1.0 -1.0 -1.0 -1.0 -1.0 -1.0 -1.0 -1.0 -1.0 -1.0 -1.0 -1.0 -1.0 -1.0 -1.0 -1.0 -1.0 -1.0 -1.0
0.0 0.0 0.0 0.0 0.0 0.0 0.0 0.0 0.0 0.0 0.5195304631062183 0.0 0.0 0.0 0.2550540227878263 0.0 0.5416958526515093 0.508116870986878 0.12035253636987432 0.48041401667766953 0.5217345590968833 0.11354681634336736 0.20997678680882562 0.10239791689199779 0.15797518439374061 0.4637454863724717 0.2646903486983351 0.0 0.0 0.0 0.0 0.0 0.0 0.0 0.0 0.0 0.0 0.0 0.0 -1.0 -1.0 -1.0 -1.0 -1.0 -1.0 -1.0 -1.0 -1.0 -1.0 -1.0 -1.0 -1.0 -1.0 -1.0 -1.0 -1.0 -1.0 -1.0 -1.0 0.0 0.0 0.0012393111267502762 -1.0 -1.0 -1.0 -1.0 -1.0 -1.0 -1.0 -1.0 -1.0 -1.0 -1.0 -1.0 -1.0 -1.0 -1.0 -1.0 -1.0 -1.0 -1.0 -1.0 -1.0
0.0 0.4983015717008903 0.483635377986964 0.0 0.0 0.0 0.0 0.1290345231126932 0.612249667954395 0.389453119459206 0.19009515584208656 0.0 0.0 0.0 0.0 0.2870905405821323 0.3133052972431693 0.41394035643010174 0.4936856731882884 0.540409294495402 0.46061459640816643 0.13751736187820254 0.0 0.08869018672177598 0.4418764707048709 0.0 0.0 0.0 0.0 0.0 0.0 0.0 0.0 0.0 0.0 0.0 0.0 0.0 0.0 -1.0 -1.0 -1.0 -1.0 -1.0 -1.0 -1.0 -1.0 -1.0 -1.0 -1.0 -1.0 -1.0 -1.0 -1.0 -1.0 -1.0 -1.0 -1.0 0.0 0.0 0.0 0.166150370114996 0.0010662466064156526 -1.0 -1.0 -1.0 -1.0 -1.0 -1.0 -1.0 -1.0 -1.0 -1.0 -1.0 -1.0 -1.0 -1.0 -1.0 -1.0 -1.0 -1.0 -1.0 -1.0
0.5994820382167241 0.0 0.0 0.0 0.0 0.0 0.0 0.0 0.6050916155173897 0.4457090470629547 0.3051047592307844 0.24265451225976578 0.30077233207974674 0.35031771044798266 0.3324720866192689 0.4031101661490044 0.3963743208893576 0.4161092217088143 0.33466852090906085 0.46008285624674056 0.0 -1.0 0.0 0.4636272620828381 0.0 0.0 0.24149440162806418 0.3764352608671269 0.0 0.0 0.0 0.0 0.0 0.0 0.0 0.0 0.0 -1.0 -1.0 -1.0 -1.0 -1.0 -1.0 -1.0 -1.0 -1.0 -1.0 -1.0 -1.0 -1.0 -1.0 -1.0 -1.0 -1.0 -1.0 -1.0 -1.0 -1.0 0.0028665385692042255 1.5224253867552902e-09 0.0 0.06682967971895284 0.013271700971138882 -1.0 -1.0 -1.0 -1.0 -1.0 -1.0 -1.0 -1.0 -1.0 -1.0 -1.0 -1.0 -1.0 -1.0 -1.0 -1.0 -1.0 -1.0 -1.0 -1.0
0.0 0.0 0.0 0.1264520209387561 0.5983982007545516 0.5181114401923712 0.5117771732356647 0.4606520712740131 0.3121090791841936 0.0 0.39336170987576924 0.17456654353010506 0.11660518635274622 0.228305413421689 0.32519441744164346 0.4132864261547207 0.4739302094274806 0.35649142690789626 0.0631924209275729 -1.0 -1.0 0.0 0.0 0.5524989922018418 0.4849891771106122 0.30805146274506395 0.1367227452170274 0.0 0.008327422105654252 0.004870013966410481 0.005403690142339561 0.0 0.0 0.0 0.0 -1.0 -1.0 -1.0 -1.0 -1.0 -1.0 -1.0 -1.0 -1.0 -1.0 -1.0 -1.0 -1.0 -1.0 -1.0 -1.0 -1.0 -1.0 -1.0 -1.0 -1.0 -1.0 -1.0 0.00017222588383809204 0.0029569311863736274 0.0 0.07538740624116674 0.0 -1.0 -1.0 -1.0 -1.0 -1.0 -1.0 -1.0 -1.0 -1.0 -1.0 -1.0 -1.0 -1.0 -1.0 -1.0 -1.0 -1.0 -1.0 -1.0 -1.0
0.0 0.0 0.0 0.6413222815182363 0.4839142026666797 0.5369257123839667 0.41405027433251623 0.3996185174214406 0.6395467412559103 0.6016927828512323 0.14484802565611615 0.1555723413951166 0.37299838203402497 0.4174878273180197 0.475563336009588 0.4208958639704206 0.29793447455474614 0.10017260676830815 -1.0 -1.0 -1.0 0.0 0.10113961462133632 0.26251727177091894 -1.0 -1.0 -1.0 -1.0 -1.0 0.0012431538138944363 0.0073621468369402835 0.0 0.0 0.0 0.005477421320515794 -1.0 -1.0 -1.0 -1.0 -1.0 -1.0 -1.0 -1.0 -1.0 -1.0 -1.0 -1.0 -1.0 -1.0 -1.0 -1.0 -1.0 -1.0 -1.0 -1.0 -1.0 -1.0 -1.0 3.276588717828305e-09 0.0 0.0 0.007588511161382931 0.0 -1.0 -1.0 -1.0 -1.0 -1.0 -1.0 -1.0 -1.0 -1.0 -1.0 -1.0 -1.0 -1.0 -1.0 -1.0 -1.0 -1.0 -1.0 -1.0 -1.0
0.0 0.0 0.5943154757474975 0.540388996389755 0.5146068767168934 0.37263698556101393 0.0 0.6099639429651527 0.0 0.24500229219297942 0.2565338356648551 0.26820445689618255 0.3115468055372549 0.5774688014833494 0.14831635837337515 -1.0 -1.0 -1.0 -1.0 -1.0 -1.0 0.22057609165963118 0.032026554922602486 -1.0 -1.0 -1.0 -1.0 -1.0 -1.0 0.006114528467079705 0.001932635285104845 0.0 0.0 0.0 0.0 0.0 -1.0 -1.0 -1.0 -1.0 -1.0 -1.0 -1.0 -1.0 -1.0 -1.0 -1.0 -1.0 -1.0 -1.0 -1.0 -1.0 -1.0 -1.0 -1.0 -1.0 -1.0 -1.0 0.006272753419550054 0.0 3.1321712758125093e-09 0.0005480111811191338 0.0 -1.0 -1.0 -1.0 -1.0 -1.0 -1.0 -1.0 -1.0 -1.0 -1.0 -1.0 -1.0 -1.0 -1.0 -1.0 -1.0 -1.0 -1.0 -1.0 -1.0
0.12591413418646574 0.5324712762090288 0.5556329713654852 0.48561008113750087 0.3990670915155216 0.38677086383646153 0.40668428498534354 0.4838381687453435 0.2730802104285155 0.15531307592443414 0.2379029632702029 0.2967760523787955 0.3449433532114095 0.4149616068282175 0.4085165157611228 0.031290556832761746 0.0280525103700839 -1.0 -1.0 -1.0 -1.0 -1.0 -1.0 -1.0 -1.0 -1.0 -1.0 -1.0 0.01059183374284076 0.015081093539223897 0.0 0.0 0.0 0.0 0.0 0.0 0.02560536187544706 -1.0 -1.0 -1.0 -1.0 -1.0 -1.0 -1.0 -1.0 -1.0 -1.0 -1.0 -1.0 -1.0 -1.0 -1.0 -1.0 -1.0 -1.0 0.0 0.0 3.5956990160821637e-09 0.0 0.0 0.0005013258413834918 0.002075877710588958 -1.0 -1.0 -1.0 -1.0 -1.0 -1.0 -1.0 -1.0 -1.0 -1.0 -1.0 -1.0 -1.0 -1.0 -1.0 -1.0 -1.0 -1.0 -1.0 -1.0 -1.0
0.0 0.4796474541466319 0.0 0.49349478984629536 0.41947384282892247 0.5630397403065377 0.12008182686690398 0.40641252464878125 0.15560760344904262 0.26717015243566833 0.3186796511510405 0.18577002644532264 0.2574429397938328 0.33342708596133824 0.3161733847395808 0.3910883181738635 0.0 -1.0 -1.0 0.09105301087888935 0.2750747576085056 0.049052754968405526 -1.0 -1.0 -1.0 -1.0 -1.0 -1.0 -1.0 0.020094281489426293 0.008408551839661153 0.005102710161705158 0.009117332966679983 0.0 0.0 0.0 0.0 0.0 -1.0 -1.0 -1.0 -1.0 -1.0 -1.0 -1.0 -1.0 -1.0 -1.0 -1.0 -1.0 -1.0 -1.0 -1.0 -1.0 -1.0 0.0 0.0021729924934185893 1.6490075267926e-09 1.6564404703695141e-09 5.9855818467706345e-09 0.002596553312134465 -1.0 -1.0 -1.0 -1.0 -1.0 -1.0 -1.0 -1.0 -1.0 -1.0 -1.0 -1.0 -1.0 -1.0 -1.0 -1.0 -1.0 -1.0 -1.0 -1.0 -1.0 -1.0
0.0 0.4127131599289765 0.3100835015005605 0.2912996459504016 0.4498426245132952 0.38775051210240824 0.4451526540309063 0.532243381336628 0.25404551075940895 0.3207583024229048 0.323518218304569 0.14583357130700944 0.3721454817213966 0.19394670402067676 0.13339596301472184 0.0935210141645103 0.45403741705609596 0.2160058085867695 0.11618067351812876 0.08170258121111841 0.11739596764296574 0.4211290813707749 0.0 0.0 0.0 -1.0 -1.0 -1.0 -1.0 -1.0 -1.0 -1.0 0.009717081753844474 0.0 0.0 0.0 0.0 0.0 -1.0 -1.0 -1.0 -1.0 -1.0 -1.0 -1.0 -1.0 -1.0 -1.0 -1.0 -1.0 -1.0 -1.0 3.3127148497425273e-09 0.0 0.006769337129040542 0.007287109871452671 6.771742272781277e-09 0.0 0.02226775257746886 3.1988601477584033e-09 0.0002676674086382624 -1.0 -1.0 -1.0 -1.0 -1.0 -1.0 -1.0 -1.0 -1.0 -1.0 -1.0 -1.0 -1.0 -1.0 -1.0 -1.0 -1.0 -1.0 -1.0 -1.0 -1.0 -1.0
0.6042280620321719 0.5630383392545685 0.11564652286385875 0.0 0.4163172698933391 0.4065376347295496 0.5581941300971676 0.4007129400623795 0.19076598464109337 0.26698423435003577 0.21074115598016802 0.1591603840706776 0.13139685620441582 0.2550147639330086 0.18137555761162416 0.22741100430892833 0.0997141175456456 0.045205337085455766 6.780583620469157e-08 0.39217007843536644 0.5014567034366314 0.344173036958752 0.12560732157043553 0.12106816805240016 -1.0 -1.0 -1.0 -1.0 -1.0 -1.0 -1.0 0.016677292283799716 0.013869967244560678 0.0 0.0 0.0 0.0 0.0 -1.0 -1.0 -1.0 -1.0 -1.0 -1.0 -1.0 -1.0 -1.0 -1.0 -1.0 -1.0 -1.0 -1.0 0.004727252243255455 0.0033079702706240734 0.0 0.014147456542320698 0.0 0.025845354566482445 0.0006459491672197829 0.00045482762040764517 0.00037365484425353336 -1.0 -1.0 -1.0 -1.0 -1.0 -1.0 -1.0 -1.0 -1.0 -1.0 -1.0 -1.0 -1.0 -1.0 -1.0 -1.0 -1.0 -1.0 -1.0 -1.0 -1.0 -1.0
0.5106489685225862 0.5328002487797302 0.4061355430182673 0.3932744714866317 0.3909453389984992 0.2989688196421095 0.4633991000705996 0.21267358115786447 0.09489559290960906 0.18121969373205868 0.20996096126337596 0.2926651391040114 0.3816521294210763 0.32102677498022486 0.5519141886916276 0.4634948107381267 0.5218737401382483 0.1807610003703419 0.14934905589382755 0.20277779393758902 0.0 -1.0 -1.0 -1.0 -1.0 -1.0 -1.0 -1.0 -1.0 -1.0 -1.0 0.0 0.0 0.0 0.0 0.0 0.0 0.0 0.0 -1.0 -1.0 -1.0 -1.0 -1.0 -1.0 0.0 -1.0 -1.0 -1.0 -1.0 -1.0 0.005776711319379316 0.0 0.0 0.03453351015603395 0.037706079056158276 0.0 0.0028503267841757367 0.006647893199806245 0.0006464130748125082 0.0035548046656307957 -1.0 -1.0 -1.0 -1.0 -1.0 -1.0 -1.0 -1.0 -1.0 -1.0 -1.0 -1.0 -1.0 -1.0 -1.0 -1.0 -1.0 -1.0 -1.0 -1.0 -1.0 -1.0
0.4533842583450569 0.42188047364407977 0.4308745486094776 0.48612533838726246 0.43735274999188445 0.3696509618653318 0.40989226730760764 0.29155594652362077 0.22263678943262358 0.11273139345633272 0.21855528034720156 0.08546361350619439 0.11053820410770562 0.2228950432297941 0.0 0.5993850817496421 0.4609487258087546 0.5357787740545891 0.0 0.0 -1.0 -1.0 -1.0 -1.0 -1.0 -1.0 -1.0 -1.0 -1.0 -1.0 -1.0 -1.0 0.004047574444368714 0.0 0.0 0.0 0.0 0.0 0.0 -1.0 -1.0 -1.0 -1.0 -1.0 0.0 0.007092101944455591 0.0 0.0 0.0 0.002251469547657894 0.0 3.575439155651001e-10 0.0 0.0 0.021992708085544332 0.0 0.0014263221347467737 0.005983669634331915 0.0 0.029997622173843424 0.005878190750149935 -1.0 -1.0 -1.0 -1.0 -1.0 -1.0 -1.0 -1.0 -1.0 -1.0 -1.0 -1.0 -1.0 -1.0 -1.0 -1.0 -1.0 -1.0 -1.0 -1.0 -1.0 -1.0
0.5613772945755253 0.32735825854037465 0.0 0.34039237571070513 0.4345267098314446 0.22063964491175586 0.1654617663443523 0.1945987747949556 0.2683133819968816 0.2019999760810201 0.27637333696066074 0.1393456955348106 0.24436316309458406 0.18784384756064915 0.6174251838978965 0.4332992343087901 0.3639906342304296 0.09671096194706942 0.022801631498364856 -1.0 -1.0 -1.0 -1.0 -1.0 -1.0 -1.0 -1.0 -1.0 -1.0 -1.0 -1.0 0.002454055490404613 0.0 0.0 0.0 0.0 0.0 0.0 -1.0 -1.0 -1.0 -1.0 -1.0 0.0 5.8363429825951534e-05 0.0 0.0 4.636890212458499e-09 0.0 0.0 2.3184451421844436e-09 5.954551825957721e-09 5.859998833852726e-09 0.006032866301026446 0.0 0.0 0.013229580516276016 3.3870899503085786e-09 0.0031179231966473584 0.005198770244245368 -1.0 -1.0 -1.0 -1.0 -1.0 -1.0 -1.0 -1.0 -1.0 -1.0 -1.0 -1.0 -1.0 -1.0 -1.0 -1.0 -1.0 -1.0 -1.0 -1.0 -1.0 -1.0 -1.0
0.3914773743162762 0.4614044802125413 0.4358036657497894 0.43171799709030334 0.2556019809696143 0.2841653334589834 0.17018941342699384 0.2221329984532807 0.30657970518850863 0.29473781991332887 0.2961923545634514 0.3248733230331116 0.12808799221997647 0.4275150875250617 0.34616479203075406 0.38882096332950766 0.2912535817589167 0.2613947428820045 0.0 -1.0 -1.0 -1.0 -1.0 -1.0 -1.0 -1.0 -1.0 -1.0 -1.0 -1.0 -1.0 0.012384339115516011 0.0 0.0 0.0 0.0 0.0 0.0 -1.0 -1.0 -1.0 0.0 0.005989838934418313 0.0 0.0 0.0 0.0010131212434910304 0.006999362157739417 2.103842894052675e-09 0.0013283327616149827 0.0068118344203190245 1.4414298462347974e-08 0.007706512771604694 0.0013807067784304655 0.0025024669514326875 0.0002993921579270411 0.0 0.0 1.1390896414038503e-09 -1.0 -1.0 -1.0 -1.0 -1.0 -1.0 -1.0 -1.0 -1.0 -1.0 -1.0 -1.0 -1.0 -1.0 -1.0 -1.0 -1.0 -1.0 -1.0 -1.0 -1.0 -1.0 -1.0 -1.0
