critload/trunk/output/1999/fland.asc
ncols 720
nrows 360
xllcorner -180
yllcorner -90
cellsize 0.5
NODATA_value -1
[rows 192 to 223 of 360, columns 360 to 431 of 720]
-1.0 -1.0 -1.0 -1.0 -1.0 -1.0 -1.0 -1.0 -1.0 -1.0 -1.0 -1.0 -1.0 -1.0 -1.0 -1.0 -1.0 -1.0 -1.0 -1.0 -1.0 -1.0 -1.0 -1.0 0.19446417787359496 1.0 1.0 1.0 1.0 1.0 1.0 0.9999999999983766 1.0000000000012987 1.0000000000006493 1.0000000000003246 1.0 1.0000000000003246 1.000000000000974 0.9999999999996754 0.9999999999993506 0.9999999999987013 0.9999999999983766 1.0000000000006493 0.9999999999993506 0.999999999999026 0.999999999999026 0.9999999999996754 1.0 1.0 0.999999999999026 0.9999999999987013 0.9999999999987013 0.9999999999989284 1.0000000000003246 0.9999999999987013 0.9999999999996754 1.0 0.9999999999987013 1.0000000000012987 1.0000000000005194 0.9999999999993506 1.000000000000974 1.0000000000006493 1.0 1.0 1.0 1.0 1.0 1.0 1.0 1.0 1.0
-1.0 -1.0 -1.0 -1.0 -1.0 -1.0 -1.0 -1.0 -1.0 -1.0 -1.0 -1.0 -1.0 -1.0 -1.0 -1.0 -1.0 -1.0 -1.0 -1.0 -1.0 -1.0 -1.0 -1.0 -1.0 0.6389524453332597 1.0 1.0 1.0 1.0 1.0 1.00000000000065 1.000000000000325 1.00000000000065 1.00000000000026 0.999999999998375 0.9999999999985375 0.999999999998895 1.000000000000325 1.00000000000026 0.9999999999985375 0.999999999999025 1.0000000000013 1.000000000000975 1.000000000000975 1.000000000000975 0.999999999999675 1.0 0.999999999999025 0.999999999999675 1.00000000000065 0.999999999999675 1.000000000001365 1.0000000000013 1.0000000000011375 0.99999999999935 1.000000000000325 1.00000000000065 1.00000000000065 1.0 0.99999999999935 1.0 1.0 0.99999999999935 1.0 1.0 1.0 1.0 1.0 1.0 1.0 1.0
-1.0 -1.0 -1.0 -1.0 -1.0 -1.0 -1.0 -1.0 -1.0 -1.0 -1.0 -1.0 -1.0 -1.0 -1.0 -1.0 -1.0 -1.0 -1.0 -1.0 -1.0 -1.0 -1.0 -1.0 -1.0 0.13444902142745593 1.0 1.0 1.0 1.0 1.0 1.0000000000013014 0.9999999999986986 1.0 1.0000000000013014 1.0 1.0000000000013014 1.000000000000976 1.0 1.0 1.0000000000003253 1.0000000000006508 0.9999999999983732 1.0000000000006508 0.9999999999986986 1.0000000000013014 1.0 1.0000000000006508 1.000000000000976 0.9999999999990239 1.000000000000976 1.0000000000006508 0.9999999999993493 1.0000000000003253 1.0000000000003253 0.9999999999986986 1.0000000000006508 1.0 1.0 1.0 1.0 1.0 1.0 1.0000000000006508 1.0 1.0 1.0 0.9999999999990239 0.9999999999993493 0.9999999999996746 1.0 1.0
-1.0 -1.0 -1.0 -1.0 -1.0 -1.0 -1.0 -1.0 -1.0 -1.0 -1.0 -1.0 -1.0 -1.0 -1.0 -1.0 -1.0 -1.0 -1.0 -1.0 -1.0 -1.0 -1.0 -1.0 -1.0 -1.0 0.7500529307327242 1.0 1.0000000000006515 0.999999999998697 1.0 1.0 1.0000000000009772 1.0000000000006515 1.0000000000009772 0.9999999999990878 0.9999999999990228 0.9999999999997395 1.0000000000009772 0.999999999998697 1.0 1.0 0.9999999999983713 0.9999999999983713 0.999999999998697 1.0000000000012377 0.9999999999996743 0.999999999998697 0.9999999999996743 1.0000000000003257 0.9999999999990228 0.9999999999993485 0.9999999999983713 0.9999999999990228 0.9999999999993485 0.9999999999990228 0.9999999999990228 1.0000000000009772 1.0000000000006515 1.0 1.0000000000009772 1.0 1.0 0.9999999999990228 1.0000000000006515 1.0000000000006515 1.000000000001303 0.9999999999993485 1.0 1.0000000000010425 1.0 1.0
-1.0 -1.0 -1.0 -1.0 -1.0 -1.0 -1.0 -1.0 -1.0 -1.0 -1.0 -1.0 -1.0 -1.0 -1.0 -1.0 -1.0 -1.0 -1.0 -1.0 -1.0 -1.0 -1.0 -1.0 -1.0 -1.0 0.33338007820525783 1.0000000000006524 1.0000000000006524 0.9999999999993477 1.0000000000016307 1.0 0.9999999999990216 1.0000000000016307 1.0000000000006524 1.0000000000006524 0.9999999999986955 1.0000000000009783 1.0 1.0 1.0 1.0 0.9999999999986955 1.0000000000003262 1.0 1.0000000000015654 1.0000000000007176 1.0000000000009783 0.9999999999990216 0.9999999999993477 1.0000000000003262 1.0000000000003262 0.9999999999993477 0.9999999999993477 0.9999999999993477 0.9999999999996738 1.0000000000013045 1.0000000000013043 1.0 1.0000000000013045 0.9999999999986955 0.9999999999992498 1.0 1.0 1.0 1.0000000000009783 1.0 1.0 1.0 1.0 0.9999999999986955 1.0
-1.0 -1.0 -1.0 -1.0 -1.0 -1.0 -1.0 -1.0 -1.0 -1.0 -1.0 -1.0 -1.0 -1.0 -1.0 -1.0 -1.0 -1.0 -1.0 -1.0 -1.0 -1.0 -1.0 -1.0 -1.0 -1.0 0.3332636686923185 1.0 1.0 1.0000000000003266 1.0 1.0 0.9999999999983672 1.0000000000003266 1.0 1.0000000000016327 1.000000000000653 0.9999999999986938 1.0000000000003266 1.0000000000013063 1.0000000000003266 0.9999999999996735 1.0 1.0 1.0000000000015348 1.0000000000015348 1.0 0.9999999999993469 1.000000000000653 1.0000000000016327 1.0 1.000000000000653 1.0 1.0 1.0 0.9999999999986938 0.9999999999986938 0.9999999999996735 1.000000000000653 0.9999999999996735 1.0000000000000326 1.0000000000016327 1.000000000000653 1.0 1.0 0.9999999999990203 1.0 1.0 1.0 1.0 1.0 1.0000000000009797
-1.0 -1.0 -1.0 -1.0 -1.0 -1.0 -1.0 -1.0 -1.0 -1.0 -1.0 -1.0 -1.0 -1.0 -1.0 -1.0 -1.0 -1.0 -1.0 -1.0 -1.0 -1.0 -1.0 -1.0 -1.0 -1.0 0.7222683662177982 1.0 0.999999999999346 0.999999999999346 1.0 1.0 0.999999999999346 1.000000000000654 1.0 1.0 1.000000000001308 0.999999999998365 1.000000000001308 0.999999999998365 0.999999999999346 1.0 0.999999999999673 0.999999999999019 1.0 1.000000000000327 0.999999999999346 0.999999999999346 0.999999999999019 1.000000000000327 1.000000000000654 1.0 1.000000000000327 1.0000000000001963 1.0 1.000000000001308 0.999999999999346 1.000000000000327 0.999999999999673 1.0 1.000000000000654 0.999999999999019 1.0 1.0 1.0 1.0 1.0 1.0 1.0 0.999999999999346 1.0 0.999999999999019
-1.0 -1.0 -1.0 -1.0 -1.0 -1.0 -1.0 -1.0 -1.0 -1.0 -1.0 -1.0 -1.0 -1.0 -1.0 -1.0 -1.0 -1.0 -1.0 -1.0 -1.0 -1.0 -1.0 -1.0 -1.0 -1.0 0.402062001093791 1.0 0.9999999999983625 1.0 1.0 1.0 1.0 0.9999999999983625 0.9999999999983625 1.0 1.0000000000009825 1.000000000000655 0.9999999999985917 0.9999999999990176 1.0000000000016374 1.0 1.0000000000013098 0.9999999999983625 1.0000000000009825 0.9999999999993451 1.000000000000131 0.9999999999990176 1.0 1.0000000000003275 1.0 0.9999999999983625 0.9999999999993451 1.000000000000655 1.0000000000003275 1.0000000000016374 1.0 1.0 0.9999999999996725 0.99999999999869 1.0 1.0 1.0 1.0 1.0 1.0 1.0 1.0000000000003275 0.9999999999996725 1.0000000000009825 0.9999999999996725 0.99999999999869
-1.0 -1.0 -1.0 -1.0 -1.0 -1.0 -1.0 -1.0 -1.0 -1.0 -1.0 -1.0 -1.0 -1.0 -1.0 -1.0 -1.0 -1.0 -1.0 -1.0 -1.0 -1.0 -1.0 -1.0 -1.0 -1.0 0.05558463708222638 0.9444750565774541 1.0 1.0 1.0 1.0 1.0 1.000000000000656 0.999999999999016 0.999999999998688 0.9999999999983601 1.0 0.999999999999344 1.000000000000656 1.0 1.0 1.0 0.9999999999983601 0.999999999999016 0.999999999999344 1.000000000000656 0.9999999999996065 0.9999999999990489 0.9999999999985569 1.000000000001312 1.0000000000009839 0.999999999999344 1.000000000000328 1.000000000000656 0.999999999999016 1.000000000000656 0.999999999999672 1.000000000000328 1.000000000000328 0.999999999999344 0.999999999999344 1.000000000000328 1.0 1.0 1.0 1.0 1.0 0.9999999999983601 1.0 0.999999999999344 1.0000000000009839
-1.0 -1.0 -1.0 -1.0 -1.0 -1.0 -1.0 -1.0 -1.0 -1.0 -1.0 -1.0 -1.0 -1.0 -1.0 -1.0 -1.0 -1.0 -1.0 -1.0 -1.0 -1.0 -1.0 -1.0 -1.0 -1.0 -1.0 0.4447780442645624 1.0 1.0 1.0 1.0000000000003286 1.0000000000009857 1.0 1.0 1.0 0.999999999999343 0.9999999999996715 0.9999999999990145 1.0 1.0 1.0 0.9999999999983574 1.0000000000009857 1.000000000001314 1.0000000000007885 1.0 1.0000000000009857 1.0000000000016427 0.999999999999343 0.9999999999996715 0.9999999999986859 0.999999999999343 1.0000000000003286 1.0000000000009857 1.000000000000657 0.9999999999986859 1.0 1.0 0.9999999999996715 1.0000000000009857 1.0 1.0 1.0 0.9999999999983574 1.0 1.0 0.9999999999996715 1.000000000000657 0.9999999999986859 0.999999999999343 1.000000000000657
-1.0 -1.0 -1.0 -1.0 -1.0 -1.0 -1.0 -1.0 -1.0 -1.0 -1.0 -1.0 -1.0 -1.0 -1.0 -1.0 -1.0 -1.0 -1.0 -1.0 -1.0 -1.0 -1.0 -1.0 -1.0 -1.0 -1.0 0.23111720249076945 1.0 1.0 1.0000000000013163 1.0 0.9999999999996709 1.0000000000006581 1.0 1.0 1.0000000000016454 1.000000000000329 1.0000000000013163 1.0 1.000000000000329 1.0 1.0 0.9999999999990128 1.0 1.0000000000009872 1.0 1.0000000000009872 1.0000000000016454 0.9999999999993419 1.000000000000329 0.9999999999986837 0.9999999999993419 1.0000000000009872 1.0000000000013163 0.9999999999986837 0.9999999999986837 1.0 1.0 1.0000000000013163 0.9999999999983546 1.0 1.0 1.0 1.0000000000009872 1.0 1.0 1.0000000000006581 1.000000000000329 0.9999999999996709 0.9999999999993419 1.0000000000009872
-1.0 -1.0 -1.0 -1.0 -1.0 -1.0 -1.0 -1.0 -1.0 -1.0 -1.0 -1.0 -1.0 -1.0 -1.0 -1.0 -1.0 -1.0 -1.0 -1.0 -1.0 -1.0 -1.0 -1.0 -1.0 -1.0 -1.0 0.39645257215429397 1.0 1.0 1.0000000000013187 0.9999999999996704 1.0 0.9999999999986814 1.0 1.000000000000989 0.9999999999993406 1.0000000000003297 0.9999999999993406 1.0 1.000000000000989 1.0 1.0 1.0 1.000000000000989 1.0 1.0000000000003297 1.000000000000989 1.0000000000006593 0.999999999999011 0.9999999999986814 1.0000000000006593 1.0000000000006593 0.9999999999996704 0.9999999999996704 0.9999999999993406 1.0000000000003297 1.0000000000006593 0.9999999999993406 0.9999999999996704 0.9999999999983517 0.9999999999993406 1.0 0.9999999999996704 1.0000000000005933 1.0000000000013187 1.0 1.0000000000016482 0.9999999999993406 1.0000000000013187 1.0 1.0
-1.0 -1.0 -1.0 -1.0 -1.0 -1.0 -1.0 -1.0 -1.0 -1.0 -1.0 -1.0 -1.0 -1.0 -1.0 -1.0 -1.0 -1.0 -1.0 -1.0 -1.0 -1.0 -1.0 -1.0 -1.0 -1.0 -1.0 0.6665532730021798 0.9999999999996697 0.9999999999993394 1.0000000000009908 1.0 1.0 1.0 1.0 0.9999999999983487 0.9999999999993394 1.0000000000013212 1.0000000000013212 1.0000000000003302 0.999999999998679 1.0 1.0 1.0 0.9999999999993394 1.0 0.999999999998679 0.999999999998679 0.9999999999996697 1.0000000000006606 1.0 0.9999999999990091 1.0000000000013212 1.0000000000013212 1.0000000000003302 1.0 1.0000000000003302 0.9999999999993394 1.0000000000009908 1.0000000000016513 1.0 1.0000000000013212 0.9999999999996697 1.0 1.0 1.0 1.0000000000006606 1.0 0.9999999999993394 1.0 1.0 1.0
-1.0 -1.0 -1.0 -1.0 -1.0 -1.0 -1.0 -1.0 -1.0 -1.0 -1.0 -1.0 -1.0 -1.0 -1.0 -1.0 -1.0 -1.0 -1.0 -1.0 -1.0 -1.0 -1.0 -1.0 -1.0 -1.0 0.777633647150019 1.0 1.0 1.0 1.000000000000662 1.0 1.000000000000662 1.0 1.0 1.000000000000662 1.0000000000016547 0.9999999999993382 0.9999999999990072 0.999999999999669 0.9999999999983454 1.0 1.0 1.0000000000003308 1.0000000000003308 1.0000000000003308 1.0000000000013236 1.0 1.0000000000009928 1.0 1.0000000000013236 0.9999999999993382 1.0 1.0000000000013236 0.9999999999990072 1.0 1.0 0.999999999999669 1.0000000000009928 1.0 0.9999999999990072 0.9999999999993382 1.0000000000016547 1.0 1.0 1.000000000000662 1.0 1.0 0.999999999999669 0.999999999999669 1.0 1.0
-1.0 -1.0 -1.0 -1.0 -1.0 -1.0 -1.0 -1.0 -1.0 -1.0 -1.0 -1.0 -1.0 -1.0 -1.0 -1.0 -1.0 -1.0 -1.0 -1.0 -1.0 -1.0 -1.0 -1.0 -1.0 0.47207605102179473 0.9999999999986737 1.0 0.9999999999996684 1.0 1.0 1.0 1.0 1.0000000000006632 0.9999999999993369 0.9999999999986737 1.0000000000003315 1.0 0.9999999999996684 1.0 1.0 1.0000000000009948 1.0 1.0 1.0 1.0 1.0000000000009948 0.9999999999986737 1.0000000000013263 0.9999999999990052 0.9999999999992374 0.9999999999988395 0.9999999999993369 0.9999999999996684 1.0000000000003315 1.0 1.0 1.0 0.9999999999993369 1.0 1.0 0.9999999999983421 1.0000000000009948 1.0 0.9999999999983421 1.0 1.0 0.9999999999986737 1.0 0.9999999999993369 1.0 1.0
-1.0 -1.0 -1.0 -1.0 -1.0 -1.0 -1.0 -1.0 -1.0 -1.0 -1.0 -1.0 -1.0 -1.0 -1.0 -1.0 -1.0 -1.0 -1.0 -1.0 -1.0 -1.0 -1.0 -1.0 -1.0 0.8888475391748295 0.9999999999990031 1.0 1.0 0.9999999999983387 1.0 1.0 1.0 1.0000000000016613 1.0 1.0000000000009968 1.0000000000003322 0.9999999999990031 0.9999999999996677 0.9999999999993354 1.0000000000013292 1.0000000000014622 1.0 1.0 1.0000000000003322 1.0 0.9999999999990031 0.9999999999990031 1.0000000000003322 1.0 1.0000000000001994 1.0000000000009968 0.9999999999990031 0.9999999999990031 1.0 1.0 0.9999999999993354 1.0 1.0 1.0000000000006646 1.0000000000009968 1.0000000000013292 1.0000000000013292 1.0 1.0 1.0 1.0 1.0 1.0 1.0000000000003322 1.0 1.0
-1.0 -1.0 -1.0 -1.0 -1.0 -1.0 -1.0 -1.0 -1.0 -1.0 -1.0 -1.0 -1.0 -1.0 -1.0 -1.0 -1.0 -1.0 -1.0 -1.0 -1.0 -1.0 -1.0 -1.0 0.19520869133372407 1.000000000000999 1.000000000000999 1.0 1.0 1.0 1.0 0.999999999998668 1.0000000000016651 1.0 0.999999999999334 0.999999999999334 1.0 0.999999999998335 1.000000000000999 0.999999999998335 1.000000000001565 1.0 1.0 1.0000000000009326 1.0 1.0 0.999999999999001 1.000000000000999 1.0 0.999999999999334 0.9999999999990676 1.0 0.999999999999667 0.999999999999667 0.999999999999001 0.999999999999001 1.0 1.0 0.999999999998668 0.9999999999999667 1.0000000000006994 0.999999999999334 1.0 1.000000000000333 1.0 1.0 0.999999999998668 1.0 1.0 1.0 1.0 1.0
-1.0 -1.0 -1.0 -1.0 -1.0 -1.0 -1.0 -1.0 -1.0 -1.0 -1.0 -1.0 -1.0 -1.0 -1.0 -1.0 -1.0 -1.0 -1.0 -1.0 -1.0 -1.0 -1.0 -1.0 0.4166174384647476 1.0000000000006675 1.0 1.0 0.999999999998665 0.9999999999996663 1.0 1.0 1.0 1.0 1.0000000000006675 1.0 0.9999999999993325 1.0000000000003337 1.0 1.0000000000003337 1.0 0.9999999999990321 1.0 1.0 1.0 1.0 1.0 1.0000000000016687 0.9999999999983312 0.9999999999983312 0.9999999999986652 1.0 1.0 1.0000000000003337 0.999999999998665 1.0 1.0 1.0 0.999999999998665 1.0 1.000000000001335 0.9999999999983312 0.9999999999996663 1.0 1.0 0.9999999999989987 1.0000000000010012 1.0000000000006675 0.9999999999993325 1.0 1.0 1.0
-1.0 -1.0 -1.0 -1.0 -1.0 -1.0 -1.0 -1.0 -1.0 -1.0 -1.0 -1.0 -1.0 -1.0 -1.0 -1.0 -1.0 -1.0 -1.0 -1.0 -1.0 -1.0 -1.0 -1.0 0.7777335452036463 1.0000000000016727 0.9999999999983273 0.9999999999986618 1.0 1.0 1.0 1.0 1.0 1.0 1.000000000000669 1.000000000000669 1.0 1.0 1.0000000000010036 1.000000000000669 1.0 1.0 1.0 1.0 0.9999999999996655 1.0000000000010036 1.0 1.0 0.9999999999986618 0.9999999999990297 1.0 1.0 1.0000000000012044 0.9999999999996655 1.0 1.0 1.0 1.0 0.9999999999996655 1.0 1.0000000000010036 1.0000000000002676 0.9999999999983273 0.999999999999331 1.0 1.0 1.000000000001338 0.9999999999986618 1.000000000000669 1.0000000000010036 1.0 1.0
-1.0 -1.0 -1.0 -1.0 -1.0 -1.0 -1.0 -1.0 -1.0 -1.0 -1.0 -1.0 -1.0 -1.0 -1.0 -1.0 -1.0 -1.0 -1.0 -1.0 -1.0 -1.0 -1.0 0.19432498775997478 0.9721966988823013 1.0000000000013414 0.9999999999983232 0.9999999999989939 1.0 1.0 1.0 1.0 1.0 1.0 1.0 1.0000000000016767 1.0 1.0 1.0 1.0 1.0 1.0 1.0 0.9999999999992286 1.0 1.0000000000003353 0.9999999999993293 1.0000000000013414 1.0 1.0 0.9999999999989939 1.0 1.0 1.0 0.9999999999983232 1.0 1.0 0.9999999999993293 1.0000000000009053 1.0 1.0000000000016767 1.0000000000016767 1.0 1.0 1.0 1.0 1.0 1.0000000000003353 1.0 0.9999999999993293 1.0 1.0
-1.0 -1.0 -1.0 -1.0 -1.0 -1.0 -1.0 -1.0 -1.0 -1.0 -1.0 -1.0 -1.0 -1.0 -1.0 -1.0 -1.0 -1.0 -1.0 -1.0 -1.0 -1.0 -1.0 0.27774266532641695 0.9999999999986553 0.9999999999986553 1.0 1.0 1.0 1.0000000000016809 1.0 1.0 1.0000000000003362 1.0000000000016809 1.0 1.0 1.0 1.0 1.0 1.0 1.0 1.0 1.0 1.0 1.0 1.0 1.0000000000006724 1.0 1.0 1.0000000000010085 1.0000000000010085 1.0 0.9999999999996638 0.9999999999993276 0.9999999999996638 1.0 1.0 1.0 1.0 1.0000000000003362 1.0000000000003362 1.0 1.0 1.0 1.0 1.0 1.0 1.0000000000006724 1.0 1.0 1.0 1.0000000000006724
-1.0 -1.0 -1.0 -1.0 -1.0 -1.0 -1.0 -1.0 -1.0 -1.0 -1.0 -1.0 -1.0 -1.0 -1.0 -1.0 -1.0 -1.0 -1.0 -1.0 -1.0 -1.0 -1.0 0.3333335580355187 1.0 1.0000000000010112 0.9999999999983147 0.9999999999993259 0.9999999999986517 1.0000000000006741 1.0000000000006741 1.0 1.0000000000006741 1.0000000000011122 1.0 1.0000000000013483 1.0 1.0 1.0 1.0 1.0 1.0 1.0 1.0 1.0 1.0 1.0000000000015505 0.9999999999986517 1.0000000000008424 1.0000000000013483 1.0 0.9999999999985507 1.0 1.0 1.0 0.9999999999989888 1.0 1.0 1.0 1.0 1.0 1.0 1.0 1.0 1.0 1.0000000000016853 1.000000000000337 0.9999999999986517 0.9999999999983147 0.9999999999986517 1.0000000000013483 1.0
-1.0 -1.0 -1.0 -1.0 -1.0 -1.0 -1.0 -1.0 -1.0 -1.0 -1.0 -1.0 -1.0 -1.0 -1.0 -1.0 -1.0 -1.0 -1.0 -1.0 -1.0 -1.0 -1.0 0.36107928718920984 1.000000000000676 1.0 1.0 1.0000000000010139 0.9999999999989861 0.999999999999662 1.000000000000338 1.0000000000010139 0.999999999999662 1.000000000000338 0.9999999999983102 0.999999999999662 1.0 0.9999999999991888 1.0 1.0 1.0 1.0 1.0 1.0 1.0 1.0 1.0 1.0 1.0000000000013518 1.0 1.0 1.0 1.0 1.0 1.000000000000676 1.000000000000338 0.9999999999983102 1.0 1.0 1.0 0.999999999999662 1.000000000000338 1.000000000000338 1.0 1.0 1.0 0.9999999999986482 1.0000000000016898 1.000000000000338 1.0 0.9999999999986482 0.9999999999989861
-1.0 -1.0 -1.0 -1.0 -1.0 -1.0 -1.0 -1.0 -1.0 -1.0 -1.0 -1.0 -1.0 -1.0 -1.0 -1.0 -1.0 -1.0 -1.0 -1.0 -1.0 -1.0 -1.0 0.416725971411724 0.9999999999986444 1.0 1.0 1.0 1.0 1.0 1.0 1.0 1.0 1.0 1.0 1.0 1.0 1.0000000000003388 1.0000000000003388 0.9999999999989834 0.9999999999986444 0.9999999999996612 1.0 1.0000000000006777 1.0000000000010167 1.0 1.0 1.0 1.0 1.0 1.0 0.9999999999986444 0.9999999999986444 1.0000000000006777 1.0 1.0 1.0 1.0 1.0 0.9999999999996612 1.0000000000003388 1.0 1.0 1.0 1.0 0.9999999999993222 0.9999999999986444 0.9999999999993222 1.0 1.0 1.0 0.9999999999989834
-1.0 -1.0 -1.0 -1.0 -1.0 -1.0 -1.0 -1.0 -1.0 -1.0 -1.0 -1.0 -1.0 -1.0 -1.0 -1.0 -1.0 -1.0 -1.0 -1.0 -1.0 -1.0 -1.0 0.08341988105352591 0.9444995751918437 1.0000000000006797 1.0 1.0 1.0 1.0 1.0 1.0000000000010196 1.0 1.0 1.0 1.0 1.0 1.0 1.0 1.0 1.0 1.0 1.0 1.0 1.0000000000010196 1.00000000000034 1.0 1.0 1.0000000000010196 0.9999999999996602 1.0000000000006797 1.0 0.9999999999986406 1.0000000000010196 0.9999999999983008 1.0000000000013594 1.0 1.0 1.0000000000013594 0.9999999999986406 1.0 1.0 1.0 1.0 0.9999999999993203 1.0000000000013594 0.9999999999993203 1.0000000000010196 1.0 1.0 1.0 1.0
-1.0 -1.0 -1.0 -1.0 -1.0 -1.0 -1.0 -1.0 -1.0 -1.0 -1.0 -1.0 -1.0 -1.0 -1.0 -1.0 -1.0 -1.0 -1.0 -1.0 -1.0 -1.0 -1.0 -1.0 0.277983380596608 1.0000000000013634 1.0 1.0 1.0 1.0 1.0000000000010225 0.9999999999986366 1.0 1.0 1.0 1.0 1.0 1.0 1.0 1.0 1.0 1.0000000000010225 1.0 1.0 1.0000000000017042 1.0000000000017042 1.0000000000013634 0.9999999999989775 1.0 1.0000000000017042 1.0000000000013634 0.9999999999986366 1.0 0.9999999999993183 0.9999999999982958 1.0000000000013634 1.0 1.0 0.9999999999989775 1.0 0.9999999999989775 1.0 1.0 1.0 0.9999999999989775 0.9999999999996592 1.0 1.0 1.0 1.0 1.0000000000013634 0.9722589572994492
-1.0 -1.0 -1.0 -1.0 -1.0 -1.0 -1.0 -1.0 -1.0 -1.0 -1.0 -1.0 -1.0 -1.0 -1.0 -1.0 -1.0 -1.0 -1.0 -1.0 -1.0 -1.0 -1.0 -1.0 -1.0 0.5834666611975234 1.0000000000006837 1.0 1.0 1.0 1.0 1.0 1.0000000000013676 0.9999999999996582 1.0 1.0 1.0 1.0 1.0 1.0 1.0 1.0 1.0 1.0 0.9999999999993162 1.0 0.9999999999986325 0.9999999999989744 0.9999999999986325 0.9999999999993162 1.0000000000017093 0.9999999999993162 0.9999999999996582 1.0 1.000000000000342 0.9999999999989744 0.9999999999989744 1.0000000000006837 1.000000000000342 1.0000000000010256 1.000000000000342 1.0 1.0 0.9999999999996582 1.0 1.0 1.0 1.0 1.0 1.0 0.9722575484082704 0.25019041953834376
-1.0 -1.0 -1.0 -1.0 -1.0 -1.0 -1.0 -1.0 -1.0 -1.0 -1.0 -1.0 -1.0 -1.0 -1.0 -1.0 -1.0 -1.0 -1.0 -1.0 -1.0 -1.0 -1.0 -1.0 -1.0 0.11121261689454029 0.9722608012784242 1.0000000000010287 1.0 1.0 1.0 1.0 1.0 1.0 1.0 1.0 1.0 1.0 1.0 1.0 1.0 1.0 1.0 1.0 1.0 1.000000000000686 1.0 1.0000000000003428 0.999999999999657 0.9999999999986283 0.9999999999993141 0.9999999999993141 1.0000000000017146 1.0000000000010287 0.9999999999986283 1.0000000000003428 1.0 1.0000000000013718 1.0000000000017146 1.0 1.0 1.0 1.0 1.0 1.0 0.9999999999989713 1.0000000000010287 0.9999999999993141 1.0 0.7501517442873848 0.22243997956170763 -1.0
-1.0 -1.0 -1.0 -1.0 -1.0 -1.0 -1.0 -1.0 -1.0 -1.0 -1.0 -1.0 -1.0 -1.0 -1.0 -1.0 -1.0 -1.0 -1.0 -1.0 -1.0 -1.0 -1.0 -1.0 -1.0 -1.0 0.5001186851746736 0.9999999999989679 1.0 1.0 1.0 1.0 1.0 1.0 1.0 1.0 1.0 1.0 1.0 1.0 1.0 1.0 1.0 1.0 1.0 1.0 1.0 1.0 1.0 0.9999999999996559 1.0 0.9999999999996559 1.0 0.9999999999986239 1.0 1.000000000000344 1.0000000000017202 1.0 1.0 1.0 1.0 1.0 1.0 1.0 1.0000000000006881 0.999999999999312 1.0 1.0 1.0 0.5000154806749574 -1.0 -1.0
-1.0 -1.0 -1.0 -1.0 -1.0 -1.0 -1.0 -1.0 -1.0 -1.0 -1.0 -1.0 -1.0 -1.0 -1.0 -1.0 -1.0 -1.0 -1.0 -1.0 -1.0 -1.0 -1.0 -1.0 -1.0 -1.0 0.13898832738543096 0.972261146276291 1.0000000000006903 1.0 1.0 1.0 1.0 1.0 1.0 1.0 1.0 1.0000000000010354 1.0 1.0 1.0 1.0 1.0 1.0 1.0 1.0 1.0 1.0 1.0 0.9999999999982743 1.0000000000013807 0.9999999999996548 0.9999999999996548 1.0 1.0 1.0 1.0 1.0 1.0 1.0 1.0 1.0 1.0 0.9999999999996548 1.0 0.9999999999993097 1.0 1.0000000000006903 0.9999999999996548 0.8609502378017381 0.055494274137462114 -1.0
-1.0 -1.0 -1.0 -1.0 -1.0 -1.0 -1.0 -1.0 -1.0 -1.0 -1.0 -1.0 -1.0 -1.0 -1.0 -1.0 -1.0 -1.0 -1.0 -1.0 -1.0 -1.0 -1.0 -1.0 -1.0 -1.0 -1.0 0.555745249662533 1.0 0.9999999999986148 0.999999999998961 1.0 1.0 1.0 1.0 1.0 1.0 1.0 1.0 1.0 1.0 1.0 1.0 1.0 1.0 1.0 1.0 1.0 1.0 1.0 1.0 1.0 1.0 1.0 1.0 1.0 1.0 1.0 1.0 1.0 1.0 1.0 1.0 1.0 0.9999999999993074 1.0000000000013851 1.0 1.0000000000013851 1.0 1.0 0.2777147131444164 -1.0
-1.0 -1.0 -1.0 -1.0 -1.0 -1.0 -1.0 -1.0 -1.0 -1.0 -1.0 -1.0 -1.0 -1.0 -1.0 -1.0 -1.0 -1.0 -1.0 -1.0 -1.0 -1.0 -1.0 -1.0 -1.0 -1.0 -1.0 0.04155241791658848 0.8890186185198312 0.9999999999989575 1.0000000000003475 1.0 1.0 1.0 1.0 1.0 1.0 1.00000000000139 1.0 1.0 1.0 1.0 1.0 1.0 1.0 1.0 1.0 1.0 1.0 1.0 1.0 1.0 1.0 1.0 1.0 1.0 1.0 1.0 1.0 1.0 1.0 1.0 1.0 1.0000000000003475 1.0 1.00000000000139 1.0 1.0 1.00000000000139 1.0 0.6388014372189674 -1.0
