critload/trunk/output/1999/fland.asc
ncols 720
nrows 360
xllcorner -180
yllcorner -90
cellsize 0.5
NODATA_value -1
[rows 96 to 127 of 360, columns 360 to 431 of 720]
1.0000000000021632 0.9999999999982695 0.9999999999982695 1.0 1.0000000000012979 0.8049966472730419 0.22175293634141593 -1.0 -1.0 -1.0 -1.0 -1.0 -1.0 -1.0 -1.0 -1.0 -1.0 0.49967337933408323 0.8331509160499232 -1.0 -1.0 -1.0 -1.0 -1.0 0.4715191105535247 1.0000000000008653 1.0 1.0000000000004325 1.0000000000021632 0.9999999999995673 0.861560424824901 0.8060046289273431 0.1943185308561182 -1.0 -1.0 -1.0 -1.0 -1.0 0.1384737513789016 0.9166100668391339 0.9999999999991348 1.0000000000012979 1.0000000000008653 1.0000000000004325 0.9999999999995673 1.0 0.9999999999982695 1.0000000000004325 1.0000000000012979 0.9999999999995673 1.0 1.0000000000017304 0.9999999999991348 1.0000000000017304 1.0000000000007787 1.0000000000021632 0.16828610423611864 -1.0 -1.0 -1.0 -1.0 -1.0 -1.0 -1.0 0.33412558672752046 0.6952564296684043 0.9446259003685838 1.0 0.8892474746399602 0.8892474746382297 0.6394843286984924 0.3619939001968377
1.0 1.0000000000012879 0.916401226036077 0.638023404565865 0.2771397662976827 -1.0 -1.0 -1.0 -1.0 -1.0 -1.0 -1.0 -1.0 -1.0 -1.0 -1.0 -1.0 0.027777811166536447 0.4169674516840813 0.02786628660718364 -1.0 -1.0 -1.0 -1.0 -1.0 0.19389472238201128 0.49904269659062617 0.6937530586470684 1.000000000001717 0.9999999999991415 1.0000000000004292 0.9723111794134263 0.6469515850111185 0.30631691464974714 0.04072660792887622 -1.0 -1.0 -1.0 0.06382277691482147 1.0000000000008586 1.0000000000004292 1.000000000001717 1.0 1.0 1.0 1.0000000000008586 0.9999999999978536 1.0 1.0 1.0 0.9721351729581105 1.0000000000012879 0.9999999999991415 0.9999999999991415 0.9999999999997425 0.9999999999984547 0.8888884119057635 0.6119615704935908 0.36190833927171967 0.33418345882758244 0.3348407601031999 0.22285980441819137 0.27841559846488023 0.8615215543537987 1.0000000000012879 1.0 1.0 1.0 0.9999999999978536 1.0 1.0000000000004292 1.0000000000012879
1.0 0.6940098841172461 -1.0 -1.0 -1.0 -1.0 -1.0 -1.0 -1.0 -1.0 -1.0 -1.0 -1.0 -1.0 -1.0 -1.0 0.3892727505112475 0.8337849352398602 0.9999999999982958 0.44475971370143147 -1.0 -1.0 -1.0 -1.0 -1.0 -1.0 -1.0 -1.0 0.47140422631220175 0.8606765507834867 0.999999999999574 1.0000000000021303 0.9999999999991479 0.9999999999997443 0.8892041581452795 0.44613311613837764 0.05569487048398092 -1.0 0.18273074503280504 1.000000000000426 0.999999999999574 1.000000000000852 1.0 1.000000000001278 0.999999999999574 0.9164067825489945 0.999999999999574 0.7774667689174335 0.36032762440354466 0.41612687457396047 0.11076261077019427 0.3324974437627812 0.7494248466261929 0.8380978715405589 0.6381390593064077 0.12411322478271984 -1.0 0.1664919904567144 0.6390465235156784 0.9166155419205863 1.000000000000426 0.9999999999987219 0.9999999999982958 1.0 0.999999999999574 0.9999999999982958 1.0 0.9999999999991479 0.9999999999991479 1.0 1.0 1.000000000001278
0.7217096026636952 -1.0 -1.0 -1.0 -1.0 -1.0 -1.0 -1.0 -1.0 -1.0 -1.0 -1.0 -1.0 -1.0 -1.0 -1.0 0.05541873171061757 0.9999999999983085 1.0 0.47203521710448415 -1.0 -1.0 -1.0 -1.0 -1.0 -1.0 -1.0 -1.0 -1.0 -1.0 0.8607511967370896 0.9721367073191359 1.0000000000016915 0.5827356687376309 0.1662561951319373 0.5268737630871632 0.8614700857575399 -1.0 0.055487237605507535 0.8328879040596086 0.9999999999978856 0.9999999999983085 0.9999999999995771 1.0 1.0 0.27750427104661785 0.5548723760550753 0.49969130059710076 0.11104298110590503 -1.0 -1.0 0.1666668076254673 0.36575045350268104 0.8337421133654155 0.7783961163094775 0.778290397335459 0.8338140022678834 0.7783622862379269 0.9445821140411712 1.0 0.9999999999995771 0.9999999999991542 1.0 1.0000000000021143 1.0 1.0 1.0000000000012685 1.0000000000016915 1.0000000000004228 1.0000000000016915 1.0000000000012685 1.0
0.027693670397205876 -1.0 -1.0 -1.0 0.0835517643799273 0.6118867908687147 0.5007052482222707 0.05538717287825232 0.22181903666451175 -1.0 -1.0 -1.0 -1.0 -1.0 -1.0 -1.0 0.1110438513269581 0.9722392470614657 1.0 0.3610270597026204 -1.0 -1.0 -1.0 -1.0 -1.0 -1.0 -1.0 -1.0 -1.0 -1.0 -1.0 0.41651582190803227 1.000000000002099 0.2223899518919543 -1.0 -1.0 0.24944545660637074 -1.0 -1.0 0.2500843779122974 0.8886211557662438 1.0000000000004199 0.9999999999983208 1.000000000001679 1.000000000001679 0.6947996339442686 0.02786171257776621 0.08308117910786099 -1.0 -1.0 0.19443595082362916 -1.0 0.6945309679519256 0.8885539892701521 1.0 1.0 1.0000000000012594 1.0 1.0000000000012594 1.0000000000008396 1.0 0.9999999999991604 1.0 1.0 0.9999999999995802 1.0000000000008396 0.9999999999995802 1.000000000002099 1.0000000000004199 0.9999999999995802 1.0000000000004199 1.0
-1.0 -1.0 0.05572032308884944 0.04137683799311478 -1.0 0.19396542382488519 0.2494881925862946 -1.0 -1.0 -1.0 -1.0 -1.0 -1.0 -1.0 -1.0 -1.0 0.2223540640342761 1.0 0.7215317545637551 0.22199146431935451 -1.0 -1.0 -1.0 -1.0 -1.0 -1.0 -1.0 -1.0 -1.0 -1.0 -1.0 -1.0 0.8887569081493244 1.0000000000012503 0.22235448081537007 -1.0 -1.0 -1.0 -1.0 0.027695157835071312 0.24952153508894112 0.8607325347816484 1.0 1.0 0.9999999999991664 0.8888235931568682 0.36102886627155806 0.055621545924921016 -1.0 -1.0 -1.0 0.08341585602715745 0.5560529145515016 0.5 1.0 1.0 1.0000000000020839 1.0 0.9999999999979161 0.9999999999991664 0.9999999999979161 1.0 1.0000000000012503 1.0 0.9999999999987497 1.000000000001667 0.9999999999983329 1.0 1.0000000000012503 0.999999999998583 0.9999999999987497 1.0
0.1667313645317751 -1.0 0.19407124766177228 0.02769657666903938 -1.0 -1.0 -1.0 -1.0 -1.0 -1.0 -1.0 -1.0 -1.0 -1.0 -1.0 -1.0 -1.0 0.2216701981492824 -1.0 -1.0 -1.0 -1.0 -1.0 -1.0 -1.0 -1.0 -1.0 -1.0 -1.0 -1.0 -1.0 0.08351156284643016 0.7225454816335314 0.38836886887715405 0.05539323610720257 -1.0 -1.0 -1.0 -1.0 -1.0 -1.0 0.3055393236107203 0.9167466768196791 1.000000000000414 1.0 0.8057988048150938 0.6388410667288814 0.41739641444155673 0.16692545812710025 0.11094869969706501 -1.0 0.06369025817593406 0.13922884007349898 0.3335918488966876 0.9722682050687811 0.9999999999979308 1.0 1.0 1.0 1.0000000000012415 1.000000000000414 0.9999999999995861 1.0 0.9999999999979308 1.0000000000008278 1.0 0.9999999999983447 1.0000000000012415 1.0000000000012415 1.0000000000012415 1.0000000000016553 1.0000000000012415
-1.0 -1.0 -1.0 -1.0 -1.0 -1.0 -1.0 -1.0 -1.0 -1.0 -1.0 -1.0 -1.0 -1.0 -1.0 -1.0 -1.0 -1.0 -1.0 -1.0 -1.0 -1.0 -1.0 -1.0 -1.0 0.08357177203569799 0.22276271068021816 0.027857257345299792 -1.0 0.22276271068021816 0.30623954561707056 0.5282078259404321 0.6661255389016065 0.02769800138913936 -1.0 -1.0 -1.0 -1.0 -1.0 -1.0 0.05555546422597496 0.33336525302171227 0.28137726017696935 0.7778389685984243 0.6945532408065133 0.5272831139360263 0.944348776707532 0.8335559491864589 0.3612858017664054 0.055682868990995366 -1.0 0.08705888849329481 0.28400919792576823 0.583222025406976 1.0 0.999999999999589 0.9999999999983561 1.0 0.9999999999983561 0.999999999998767 1.0 1.0 1.0 1.0 0.999999999998767 0.999999999999589 1.000000000000822 1.0 1.000000000000822 1.000000000001233 1.0 1.0
-1.0 -1.0 -1.0 -1.0 -1.0 -1.0 -1.0 -1.0 -1.0 -1.0 -1.0 -1.0 -1.0 -1.0 -1.0 -1.0 -1.0 -1.0 -1.0 -1.0 -1.0 -1.0 -1.0 -1.0 0.029316316268230856 0.8328986092896241 0.9999999999979591 0.9446043194833927 1.0 1.0000000000004081 0.55527526399791 0.1107978920985946 0.05539894604931771 -1.0 -1.0 -1.0 -1.0 -1.0 -1.0 -1.0 -1.0 0.16660462154516845 0.37965970979169983 0.9442900119596054 1.0000000000004081 0.9444451247621264 0.47245727254544195 0.33270798381928535 0.16676055073209162 0.2218782527767233 0.11133017393043598 -1.0 0.13921741508594473 0.194492270892266 0.6112995595612757 1.0 1.0 1.0 1.0 1.0 1.0000000000012246 0.9999999999987754 1.0000000000016327 1.0 1.0 0.9999999999995918 1.0000000000012246 1.0 1.0000000000004081 1.0 1.0000000000016327 1.0
-1.0 -1.0 -1.0 -1.0 -1.0 -1.0 -1.0 -1.0 -1.0 -1.0 -1.0 -1.0 0.06683333573586236 0.02785451021574916 0.08356357119377689 0.02785451021574916 -1.0 0.02785451021574916 0.47300601308037576 0.5840270203422955 0.1947366287014098 0.02785451021574916 0.02785451021574916 -1.0 -1.0 -1.0 0.22176143113745747 0.6659922393570911 0.9164372397414741 1.000000000000811 0.38922713873875336 -1.0 -1.0 -1.0 -1.0 -1.0 -1.0 -1.0 -1.0 -1.0 -1.0 -1.0 -1.0 0.6111730575062138 1.0 0.7225630400301668 0.22173061562095295 -1.0 -1.0 0.055432653905217955 0.19476663328327162 0.06273723026124259 -1.0 0.02785451021574916 0.2777775525181548 0.944382047527663 1.000000000000811 0.9999999999987836 1.0 0.9999999999995945 1.0 0.9999999999979726 0.9999999999995945 1.0 1.0 1.0 1.0 0.9999999999987836 0.9999999999991891 0.9999999999987836 1.0000000000020273 1.000000000001419
-1.0 -1.0 0.05570620649651973 0.16711902229956174 0.22276521010561678 0.3617600380253851 0.6118683939179718 0.7228264372258878 0.8337885086366492 0.8060550399583495 0.4451695024490848 0.5843825233025586 0.874903274124291 0.9722987561206979 0.9197210069525007 0.8891305748900329 0.8337885086354005 0.9445975122463103 0.999999999999718 1.0000000000006848 0.7781403067796951 0.7500161123998614 0.09483485065174659 0.02776283352668214 -1.0 -1.0 -1.0 -1.0 0.08313716486207785 0.5825639662304235 0.22192092034045502 -1.0 -1.0 -1.0 -1.0 -1.0 -1.0 -1.0 -1.0 -1.0 -1.0 -1.0 -1.0 0.19406741428191063 0.4996978924980665 0.6383007862843194 0.08363738166569992 -1.0 0.05558616911575148 0.047683211003560835 0.08319758636246455 0.0832584106728941 0.027853143529260115 0.05549513405516886 0.22201155259087393 0.13887438772883637 0.49942800979593643 0.610418277906677 0.9721779131219387 1.0 0.9999999999995972 0.4438402294405775 0.38813482856406284 0.8050882959509539 1.0000000000008056 0.9999999999991944 0.9999999999979859 1.0 0.8886190061883701 0.4992185485949987 0.8050882959529679 0.529447264859661
0.23325996153883097 0.6950833450071039 1.0 0.9999999999989194 0.9999999999993596 0.9999999999991995 1.0 1.0000000000019211 0.9999999999995998 1.0000000000003602 0.9999999999980389 0.99999999999992 0.9999999999990395 0.9999999999990795 0.9999999999999599 1.0 0.9999999999980789 0.9999999999995998 0.9999999999984391 1.0 0.985904168438957 0.1295688551974066 -1.0 -1.0 -1.0 -1.0 -1.0 -1.0 -1.0 -1.0 -1.0 -1.0 -1.0 -1.0 -1.0 -1.0 -1.0 -1.0 -1.0 -1.0 -1.0 -1.0 -1.0 -1.0 0.05540711984471614 0.05985359538830969 0.05698543211174034 -1.0 -1.0 -1.0 0.05543713605346887 -1.0 -1.0 -1.0 -1.0 0.3337478238248654 0.2221335521181038 -1.0 0.3882664638905009 0.665983631162828 0.47143457467032196 0.02770359994396974 -1.0 -1.0 0.4161487203089668 0.8885918395921798 0.7772437116042663 0.6104296320016809 0.11090348788341703 -1.0 -1.0 0.22228163208132393
0.944562424936569 1.0000000000015907 0.9999999999992802 0.9999999999985684 0.9999999999981786 1.0 0.9999999999982899 0.9999999999993239 0.9999999999984808 0.9999999999988866 1.0000000000012725 1.0000000000001592 1.0 1.0000000000002784 0.9999999999992046 0.9999999999980991 1.0 1.0000000000012728 0.9999999999992046 1.0000000000019487 1.0000000000003977 0.6394847566540998 -1.0 -1.0 -1.0 -1.0 -1.0 -1.0 0.05546819696644317 0.05549762580829893 -1.0 -1.0 -1.0 -1.0 -1.0 -1.0 -1.0 -1.0 -1.0 -1.0 -1.0 -1.0 -1.0 -1.0 -1.0 -1.0 -1.0 0.08352223468304343 0.055700843891964336 -1.0 -1.0 -1.0 -1.0 -1.0 0.08343514121847337 0.0555928727715606 -1.0 -1.0 -1.0 -1.0 -1.0 -1.0 -1.0 -1.0 -1.0 -1.0 -1.0 -1.0 0.1391940474202041 -1.0 -1.0 0.3335659802589738
0.9999999999980634 1.0000000000011857 1.0 1.0 0.9999999999996838 1.0000000000008062 0.9999999999996008 0.9999999999998024 0.9999999999981425 0.9999999999984192 0.9999999999996444 0.9999999999980634 1.0 1.0000000000013831 0.9999999999989329 0.9999999999994862 0.9999999999999605 1.0000000000017388 0.9999999999992096 1.0000000000015414 0.9999999999997232 0.9999999999994468 0.14474576698850702 -1.0 -1.0 -1.0 -1.0 -1.0 -1.0 -1.0 -1.0 -1.0 -1.0 -1.0 -1.0 -1.0 -1.0 -1.0 -1.0 -1.0 -1.0 -1.0 -1.0 -1.0 -1.0 -1.0 -1.0 0.49922932211964083 0.5273926584039459 0.7502173706834134 0.667351713672616 0.445072404198416 0.22259350891634785 -1.0 0.055412530036676365 -1.0 -1.0 -1.0 -1.0 -1.0 -1.0 -1.0 -1.0 -1.0 0.055698273681548 0.3895452605286455 0.6673517136714304 0.7505019286696124 0.1387030479320934 -1.0 -1.0 0.19460103817226826
1.0 1.0 1.0000000000019365 1.0000000000011628 1.0000000000003104 0.9999999999990259 0.9999999999993322 0.9999999999994029 0.9999999999991044 0.9999999999999686 1.0000000000000393 1.0000000000013356 0.9999999999993873 1.000000000000935 1.0000000000004596 1.0000000000016696 0.9999999999998036 0.9999999999993912 0.9999999999995679 1.0000000000011744 1.0000000000017717 0.5647370443759208 0.03631040714209958 -1.0 -1.0 -1.0 -1.0 -1.0 -1.0 -1.0 -1.0 -1.0 -1.0 -1.0 -1.0 -1.0 -1.0 -1.0 -1.0 -1.0 -1.0 -1.0 -1.0 -1.0 -1.0 -1.0 -1.0 -1.0 -1.0 0.08312285181196112 -1.0 -1.0 -1.0 -1.0 -1.0 -1.0 -1.0 -1.0 -1.0 -1.0 -1.0 -1.0 -1.0 -1.0 0.1386506923303545 0.6660237650983011 0.6104370028478837 0.13859412746734756 -1.0 -1.0 -1.0 0.13824938901856035
1.0000000000011715 0.9999999999995002 0.9999999999994924 0.9999999999998516 0.9999999999983991 0.9999999999995002 0.9999999999991059 0.9999999999988871 1.0 1.0000000000006246 0.9999999999986451 1.0000000000002693 1.0 0.9999999999992191 1.0 0.9999999999996095 0.9999999999992191 1.0000000000003906 1.0000000000011713 1.000000000000781 0.3301184567347114 -1.0 -1.0 -1.0 -1.0 -1.0 -1.0 -1.0 -1.0 -1.0 -1.0 -1.0 -1.0 -1.0 -1.0 -1.0 -1.0 -1.0 -1.0 -1.0 -1.0 -1.0 -1.0 -1.0 -1.0 -1.0 -1.0 -1.0 -1.0 -1.0 -1.0 -1.0 -1.0 -1.0 -1.0 -1.0 -1.0 -1.0 -1.0 -1.0 -1.0 -1.0 -1.0 -1.0 -1.0 -1.0 -1.0 -1.0 -1.0 -1.0 -1.0 0.5835122956900658
1.0000000000000815 1.0000000000015488 1.0000000000008151 1.0000000000015528 1.0000000000007763 1.0000000000011646 1.0000000000003881 1.0000000000003881 1.0 1.0 1.0000000000007763 1.000000000001941 1.0000000000011646 0.9999999999984474 0.9999999999996119 1.0 0.9999999999984474 1.0000000000011646 0.9999999999996119 1.0 0.6116265167798833 0.4168963348834321 0.07352193810719748 -1.0 -1.0 -1.0 -1.0 -1.0 -1.0 -1.0 -1.0 -1.0 -1.0 -1.0 -1.0 -1.0 -1.0 -1.0 -1.0 -1.0 -1.0 -1.0 -1.0 -1.0 -1.0 -1.0 -1.0 -1.0 -1.0 -1.0 -1.0 -1.0 -1.0 -1.0 -1.0 -1.0 -1.0 -1.0 -1.0 -1.0 -1.0 -1.0 -1.0 -1.0 -1.0 -1.0 -1.0 -1.0 -1.0 -1.0 0.12245459965181003 0.9722923087672445
1.0 1.0000000000015437 1.0 1.0 0.9999999999988421 1.0000000000015437 1.0 1.0000000000011577 0.9999999999988421 1.0000000000016982 1.0000000000011577 1.0 1.0000000000015437 0.9999999999980703 1.0 1.0 0.9999999999991895 0.9999999999987264 0.9999999999983791 1.0000000000019298 0.9999999999988421 1.0000000000001545 0.6116644989973409 0.22267175071687423 -1.0 -1.0 -1.0 -1.0 -1.0 -1.0 -1.0 -1.0 -1.0 -1.0 -1.0 -1.0 -1.0 -1.0 -1.0 -1.0 -1.0 -1.0 -1.0 -1.0 -1.0 -1.0 -1.0 -1.0 -1.0 -1.0 -1.0 -1.0 -1.0 -1.0 -1.0 -1.0 -1.0 -1.0 -1.0 -1.0 -1.0 -1.0 -1.0 -1.0 -1.0 -1.0 -1.0 -1.0 -1.0 -1.0 0.5835028231163478 0.9999999999984562
1.0 0.9999999999988487 0.9999999999995395 1.0 1.0000000000002687 1.0 0.9999999999992325 1.0 1.0 0.9999999999980812 1.0000000000011513 1.0000000000011513 1.0 1.0 1.0 1.0 1.0 1.0 0.9999999999989254 1.0 1.0 1.0 0.999999999998465 0.9999999999996162 0.7782203750806077 0.6672921871357687 0.8337266820936131 0.6672921871326986 0.3616958896013938 -1.0 -1.0 -1.0 -1.0 -1.0 -1.0 -1.0 -1.0 -1.0 -1.0 -1.0 -1.0 0.2323166263493781 0.5426584492618475 0.8337266820947644 0.7620190034346063 0.47288579838473727 0.07090936109761574 -1.0 -1.0 -1.0 -1.0 -1.0 -1.0 -1.0 -1.0 -1.0 -1.0 -1.0 -1.0 -1.0 -1.0 -1.0 -1.0 -1.0 -1.0 -1.0 -1.0 -1.0 -1.0 0.07776086830683505 0.9445512562212424 1.0
0.9999999999988551 0.9999999999984734 0.9999999999996184 0.9999999999987406 1.0 1.0 1.0000000000003817 1.0000000000007632 0.9999999999988551 1.0000000000007632 1.0000000000003817 0.9999999999985115 1.0 1.0 1.0 1.0 1.0 1.0 1.0 1.0 1.0000000000015266 1.0000000000011449 1.0 0.9999999999988551 1.0000000000007632 1.0000000000019083 0.9999999999984734 1.0000000000003817 0.9999999999996184 0.9722862507449358 0.5280724785895831 -1.0 -1.0 -1.0 -1.0 -1.0 -1.0 -1.0 -1.0 -1.0 0.583778564776214 0.9999999999990078 0.9999999999980919 0.9999999999988551 1.0 0.9999999999996184 0.5673137114251477 0.2897716609210185 -1.0 -1.0 -1.0 -1.0 -1.0 -1.0 -1.0 -1.0 -1.0 -1.0 -1.0 -1.0 -1.0 -1.0 -1.0 -1.0 -1.0 -1.0 -1.0 -1.0 -1.0 0.27795608237032315 1.0000000000003817 1.0000000000011449
1.0 1.0 1.0 1.0 1.0 1.0 1.0 0.9999999999992409 1.0000000000015181 1.0 0.9999999999984818 0.9999999999984818 0.9999999999987853 1.0 0.9999999999992789 1.0 1.0 1.0 1.0 0.999999999999886 0.999999999999886 1.0000000000018978 0.9999999999984818 1.0 1.0 1.0 1.0000000000003795 1.0000000000007592 1.0 1.0000000000011386 0.8890647476553218 0.027840163358877137 -1.0 -1.0 -1.0 -1.0 -1.0 -1.0 -1.0 0.11101116260357007 0.999999999999943 0.9999999999992979 1.0000000000003493 0.9999999999984818 1.0 0.9999999999992409 0.9999999999992409 0.9999999999996204 0.9999999999996204 0.9722851644785534 0.16686669019884692 0.13920081679438567 0.08352064189714918 -1.0 -1.0 -1.0 -1.0 -1.0 -1.0 -1.0 -1.0 -1.0 0.09258680801536424 -1.0 -1.0 -1.0 -1.0 -1.0 -1.0 0.7780535850528905 0.9999999999992409 1.0
1.0 1.0 1.000000000000302 1.0 1.0 1.0 1.0 0.999999999998943 1.0 1.0 1.0 1.0 1.0 1.0 1.0 1.0 1.0 0.999999999998943 1.0 1.0 0.9999999999984899 1.0000000000011326 1.0 0.999999999998943 1.0000000000015101 0.999999999998943 0.9999999999988675 0.9999999999984899 0.9999999999996225 1.0 1.0000000000011326 0.8336504556746023 0.5006606715435552 0.4450812059709607 0.2504771936182904 -1.0 -1.0 -1.0 -1.0 -1.0 0.7776066323883842 0.9999999999984899 1.0 1.0 1.0 1.0 1.0 1.0 1.0 1.0 1.0 1.0 1.0 0.9445677697993824 0.6394167969138334 0.30610611517581415 0.16703362251866868 0.02783892450223118 -1.0 0.2225893039164609 0.7504020658240272 0.8613911100033222 1.0 0.7225406029866129 0.30634422844209874 0.1263223184157474 0.19484827206076666 0.29309059988825215 0.6949207571669649 0.9999999999988675 0.9999999999992449 1.0
1.0 1.0 1.0 1.0 1.0 0.9999999999996244 0.9999999999987608 1.0 1.0 1.0 1.0 1.0 1.0000000000015021 0.9999999999988733 1.0 1.0 1.0 1.0 1.0 1.0 1.0 1.0 1.0 1.0 1.0 1.0000000000018026 0.9999999999996244 0.9999999999983852 1.0 1.0 1.0 1.0 0.9999999999988733 0.9999999999988733 1.0 0.8891067096299301 0.5005520629126389 -1.0 -1.0 0.09958144565447621 0.8890578877408234 1.0000000000015021 1.0 1.0 1.0 1.0 1.0 1.0000000000002254 1.0 1.0 1.0 1.0 1.0 1.0 1.0 1.0 1.0 0.889106709628165 0.7227292187730308 0.9999999999992489 1.0 0.9999999999992489 1.0000000000018778 1.0000000000018778 0.9722841884675184 0.9999999999999624 1.0 1.0 1.0000000000001878 0.9999999999999624 0.9999999999992489 1.0000000000011267
1.0 1.0000000000001867 1.0 1.0 1.0 1.0000000000004485 1.0 1.0 1.0 1.0 1.0 1.0 1.0 1.0 1.0 1.0 1.0 1.0 1.0000000000011957 1.0 1.0 1.0 1.0000000000011955 1.000000000001868 0.9999999999985055 1.0 1.0 1.0000000000011955 1.0000000000011955 1.0 1.0 1.0 1.0 1.0 1.0 1.0 1.0000000000003737 0.8336421990229631 0.5561674749482526 0.9168453853224034 1.0000000000007472 1.0 1.0 1.0 1.0 1.0 1.0 0.9999999999996638 1.0 1.0 1.0 1.0 1.0 1.0 1.0 1.0 1.0 1.0 1.0 1.0 1.0 0.9999999999985055 0.9999999999992527 1.0000000000003737 0.9999999999985055 0.9999999999983561 1.0 1.0 1.0 1.0 0.9999999999992527 1.0000000000003737
1.0 0.9999999999991078 0.9999999999988848 1.0000000000012639 0.999999999998513 1.0 0.999999999998513 1.0 1.0 1.0 1.0 1.0 1.0 1.0 1.0 1.0 1.0 1.0 1.0 1.0 1.0 0.9999999999992565 1.0 1.0000000000007434 1.0 1.0 1.0 1.0 0.9999999999999256 1.0 1.0 1.0 1.0 1.0 1.0 1.0000000000018217 1.0 1.0 1.0 1.0 1.0 1.0 1.0 1.0 1.0 1.0 1.0 1.0 1.0 0.9999999999981413 1.0 1.0 1.0 1.0 1.0 1.0 1.0 1.0 1.0 1.0 1.0 1.0 1.0000000000003717 1.0 0.8053591476516554 0.7220165205689262 1.0 1.0 1.0 1.0000000000007805 1.0 1.0000000000011153
1.0000000000014797 1.0000000000018496 1.0000000000007399 0.9999999999981504 1.000000000000444 0.9999999999985203 1.0 1.0 1.0 1.0 1.0 1.0 1.0 1.0 1.0 1.0 1.0 1.0 1.0 0.9999999999996301 1.0 1.0 1.0 1.0 1.0000000000014797 0.9999999999985203 1.0000000000007399 1.0 1.0 1.0 1.000000000000444 1.00000000000037 1.0000000000014797 1.0 1.0 1.0000000000014797 1.0 1.0 1.0 1.0 1.0 1.0 0.9999999999991863 1.0 1.0 1.0 1.0 1.000000000000407 1.0 1.0 1.0 1.0 1.0 1.0 1.0 1.0 1.0 1.0 1.0 1.0 1.0 1.0 1.0 1.0 0.9722783264898457 0.41656493914844817 0.972163651832945 1.0 1.0 0.6388525135941256 1.0 0.9999999999996301
1.0000000000011044 1.0 1.0 1.0000000000011044 1.0000000000011044 1.0000000000014726 1.0 1.0 1.0 1.0 1.0 1.0 1.0 1.0 1.0 1.0 1.0 1.0 0.9999999999992637 1.0000000000014726 1.0000000000003681 0.9999999999985275 0.9999999999988956 1.0000000000014726 0.9999999999996319 1.0000000000003681 1.0 1.0 1.0 1.0000000000008098 0.9999999999995215 0.9999999999981594 0.9999999999996319 1.0 1.0 0.9999999999992637 0.9999999999981594 1.0 1.0 1.0000000000008098 1.0 1.0 1.0 1.0 1.0 1.0 1.0 1.0 1.0 1.0 1.0 1.0 1.0 1.0 1.0 1.0 1.0 1.0 1.0 1.0 1.0 1.0 0.9999999999985643 1.0 1.0 0.5280756586818632 0.6110417794073796 1.0 1.0 0.5276338991536623 1.0000000000014726 1.0000000000007363
1.0 1.0 1.0 0.9999999999985344 1.0 1.0000000000000366 1.0000000000000366 1.0000000000010991 1.0 1.0 1.0 1.0 1.0 1.0 1.0 1.0 1.0 1.0 1.0 0.9999999999989008 1.0 1.0 1.0 1.0 1.0 1.0 1.0 1.0 1.0 1.0 1.0 1.0 1.0 1.0 1.0000000000007694 1.0 0.9999999999998902 1.0 1.0 1.0 1.0 0.9999999999986078 1.0 1.0 1.0 1.0 1.0 1.0 1.0 1.0 1.0 1.0 1.0 1.0 1.0 1.0 1.0 1.0 1.0 1.0 1.0 1.0 1.0 1.0 1.0 1.0 0.4445079525594381 0.8330933459372516 0.8610564574929195 0.49986993049525336 0.9165027058106261 0.9999999999996336
1.0 1.0 1.0 1.0 1.0 1.0 1.0 1.0 1.0 1.0 1.0 1.0 1.0 1.0 1.0 1.0 1.0 1.0 1.0 1.0 1.0 1.0 1.0 1.0 1.0 1.0 1.0 0.9999999999989059 0.9999999999981765 1.0000000000009484 1.0000000000018234 1.000000000000401 1.0000000000007294 1.0 1.0 0.9999999999997449 1.0 1.0 1.0 1.0 1.0 1.0 1.0 0.9999999999992706 0.9999999999989059 1.0 1.0 1.0 1.0 1.0 1.0 1.0 1.0 1.0 1.0 1.0 1.0 1.0 1.0 1.0 1.0 1.0 1.0 1.0 1.0 1.0 0.9722319474835887 0.11096207148067104 0.3329080962800875 0.027724544128373448 0.22198832968636031 0.972169948943472
1.0 1.0 1.000000000000726 0.9999999999982936 0.9999999999992739 1.0000000000018152 1.0 1.0 1.0 1.0 1.0 1.0 1.0 1.0 1.0 1.0 1.0 1.0 1.0 1.0 1.0 1.0 1.0 1.0 1.0 1.0 1.0000000000001088 1.0000000000015246 1.0000000000014522 0.9999999999985478 1.0 1.0 1.0 1.0 1.0 1.0 1.0 1.0 1.0 1.0 1.0 1.0 1.0 0.9999999999985478 1.0000000000010891 1.0 1.0 1.0 1.0 1.0 1.0 1.0 1.0 1.0 1.0 1.0 1.0 1.0 1.0 1.0 1.0 0.9999999999985478 0.9999999999989109 1.0 1.0 1.0 1.0 0.5557834662678027 -1.0 -1.0 -1.0 0.5553659661135092
0.9999999999985543 1.0 1.0 1.0 1.0 1.0 1.0 1.0 1.0 1.0 1.0 1.0 1.0 1.0 1.0 1.0 1.0 1.0 1.0 1.0 1.0 1.0 1.0 1.0 1.0000000000018072 0.9999999999981928 0.9999999999996385 1.0000000000014457 1.0000000000010842 1.0 1.0 1.0 1.0 1.0 0.9999999999985543 1.0 1.0 1.0 1.0 1.0 1.0 1.0 1.0 1.0000000000018072 1.0000000000014457 1.0 1.0 1.0 1.0 1.0 1.0 1.0 1.0 1.0 1.0 1.0 1.0 1.0 1.0 1.0 1.0 1.0 1.0 0.9999999999996385 1.0 1.0 1.0 0.861162514999494 -1.0 -1.0 -1.0 -1.0
1.0 1.0 1.0 1.0 1.0 1.0 1.0 1.0 1.0 1.0 1.0 1.0 1.0 1.0 1.0 1.0 1.0 1.0 1.0 1.0 1.0 1.0 1.0 1.0 1.0000000000010796 1.0000000000015836 0.9999999999982007 1.0 0.9999999999992802 0.9999999999989204 1.00000000000036 0.9999999999988123 1.0 1.0 1.0 1.0 1.0 1.0 1.0 1.0 1.0 1.0 1.0 1.0 1.0 1.0 1.0 1.0 1.0 1.0 1.0 1.0 1.0 1.0 1.0 1.0 1.0 1.0 1.0 1.0 1.0 1.0 1.0 1.0000000000010796 1.0000000000010796 0.9999999999996402 1.0 1.0 0.33349335329384416 -1.0 -1.0 -1.0
