critload/trunk/output/1999/fland.asc
ncols 720
nrows 360
xllcorner -180
yllcorner -90
cellsize 0.5
NODATA_value -1
[rows 96 to 127 of 360, columns 576 to 647 of 720]
1.0000000000021632 0.9999999999995673 0.9999999999995673 1.0000000000017304 0.9999999999995673 1.0000000000020763 1.0000000000000866 1.0000000000018603 0.9999999999991738 0.9999999999996972 0.9999999999994809 1.000000000001977 1.0000000000006704 0.9999999999999438 1.0000000000005667 1.0 0.9999999999995673 1.0000000000008653 0.9999999999991348 1.0000000000008653 1.0 1.0000000000004325 1.0 1.0000000000004325 0.9999999999982695 0.9999999999987021 1.0000000000012979 1.0000000000021632 1.0 0.9999999999991348 1.0 0.9999999999982695 1.0 0.9999999999982695 0.9999999999995673 1.0 0.9999999999991348 1.0000000000004325 1.0000000000008653 0.9999999999987021 1.0 1.0000000000006055 0.9999999999996972 0.6105686660470248 -1.0 -1.0 -1.0 -1.0 -1.0 -1.0 -1.0 -1.0 -1.0 -1.0 -1.0 -1.0 -1.0 -1.0 -1.0 -1.0 -1.0 -1.0 -1.0 0.027831844433388854 0.8888884082109407 0.4714455668274534 0.05548354999891847 -1.0 -1.0 -1.0 -1.0 -1.0
1.0 0.9999999999982828 1.0000000000012879 0.9999999999998155 0.9999999999993819 0.9999999999978665 1.000000000000687 0.9999999999991157 1.0000000000015026 1.0 0.999999999998197 0.9999999999988324 0.999999999999442 1.0000000000009746 1.0000000000006009 0.9999999999987121 1.0000000000021465 1.000000000001717 1.0000000000012879 1.0 0.9999999999991415 1.0000000000004292 0.9999999999991415 1.0000000000004292 0.9999999999987121 1.000000000001717 0.9999999999995707 1.0 0.9999999999995707 1.0000000000004292 1.000000000001717 1.0 1.000000000001717 1.000000000001717 1.0000000000004292 1.000000000001717 0.9999999999982828 1.0 1.0 1.0 1.000000000001717 1.0 1.000000000000086 0.5000343427232062 -1.0 -1.0 -1.0 -1.0 -1.0 -1.0 -1.0 -1.0 -1.0 -1.0 -1.0 -1.0 -1.0 -1.0 -1.0 -1.0 -1.0 -1.0 -1.0 -1.0 0.2779906072652031 0.33312098082817476 0.3887832373170177 -1.0 -1.0 -1.0 -1.0 -1.0
1.0 1.0 1.0 0.9999999999978698 0.9999999999987219 1.0 1.0 0.9999999999978698 0.9999999999985515 1.0 0.9999999999980402 1.0000000000014913 1.0000000000017042 0.9999999999982958 0.9999999999987219 1.0 0.999999999999574 0.9999999999987219 1.0 1.000000000001278 1.0 0.9999999999978698 1.0000000000021303 0.9999999999982958 1.0 0.7848339636162236 0.18805265183793457 0.19397409679618272 0.8329498977488071 1.000000000000426 1.0000000000017042 1.0000000000021303 1.0 1.0000000000021303 1.0 1.0000000000017042 1.0 1.0000000000002982 1.0 1.0 1.0 0.9999999999989349 0.6938692910702113 0.1662487218813906 -1.0 -1.0 -1.0 -1.0 -1.0 -1.0 -1.0 -1.0 -1.0 -1.0 -1.0 -1.0 -1.0 -1.0 -1.0 -1.0 -1.0 -1.0 -1.0 0.13908060668029992 0.805990115883606 0.8892041581450238 0.6948449216087252 0.0278647324471711 -1.0 -1.0 -1.0 -1.0
0.9999999999978856 0.9999999999991542 0.9999999999982663 1.00000000000203 1.0000000000009304 1.0 0.99999999999852 0.99999999999915 1.000000000000296 1.0 1.0000000000021143 1.0000000000004228 0.9999999999983086 1.0000000000021143 0.9999999999995771 1.0 1.0000000000016915 1.0000000000008458 0.9999999999995771 0.9999999999983085 1.0 1.0 1.0000000000016915 1.0 0.7193882572227203 0.08597595483431722 -1.0 0.05572658536172804 0.805916879515046 0.9999999999983085 1.0000000000016915 1.0 0.9721367073208275 1.0000000000012685 1.0000000000004652 1.0000000000008458 1.0000000000010572 1.0 1.0000000000001692 1.0000000000016915 0.8328540739859436 0.38820514555388286 -1.0 -1.0 -1.0 -1.0 -1.0 -1.0 -1.0 -1.0 -1.0 -1.0 -1.0 -1.0 -1.0 -1.0 -1.0 -1.0 -1.0 -1.0 -1.0 -1.0 -1.0 0.11111106412490061 1.0000000000021143 0.9999999999996194 1.0000000000008458 0.500308699403745 -1.0 -1.0 -1.0 -1.0
0.9999999999987407 1.0 0.9999999999990765 0.9999999999988666 1.0000000000002982 1.0000000000003988 0.9999999999995802 0.9999999999995802 1.0 1.0000000000004199 1.0000000000004199 0.9999999999991604 1.0 1.0 1.0 1.0000000000008396 1.0 1.0 1.0000000000005878 0.9999999999999581 1.0 0.9999999999999161 0.8051709807138959 0.16626310796158078 -1.0 -1.0 0.14492346995978406 0.8891920709967508 0.9999999999995802 0.9164154919521943 0.5547155079045648 0.36093207459091403 0.24937787031828526 0.6381992662060164 0.8607260698363656 0.9721720805662136 0.9999999999991604 1.0 0.9999999999991604 0.3328288849521859 -1.0 -1.0 -1.0 -1.0 -1.0 -1.0 -1.0 -1.0 -1.0 -1.0 -1.0 -1.0 -1.0 -1.0 -1.0 -1.0 -1.0 -1.0 -1.0 -1.0 -1.0 -1.0 -1.0 0.11080834879562074 1.000000000001679 1.0 0.9999999999995802 0.9445792438731561 -1.0 -1.0 -1.0 -1.0
1.0 0.9999999999995832 1.000000000000792 0.9999999999995999 1.0000000000012503 0.9999999999991664 1.0000000000008336 0.9999999999983329 1.0000000000004168 1.0 0.9999999999987497 1.0000000000008336 1.0000000000012503 1.000000000001667 1.0000000000012503 1.0 1.0 0.9999999999989998 0.9999999999995832 0.8329373911175574 0.7771845590878741 0.693703268398318 0.22179307642935142 -1.0 -1.0 -1.0 0.15948756943617828 0.7633617611634866 0.4556545136079089 -1.0 -1.0 -1.0 -1.0 -1.0 0.37040166936907654 1.0000000000004168 1.0000000000008336 1.0 0.9444430551743396 0.19492277042865955 -1.0 -1.0 -1.0 -1.0 -1.0 -1.0 -1.0 -1.0 -1.0 -1.0 -1.0 -1.0 -1.0 -1.0 -1.0 -1.0 -1.0 -1.0 -1.0 -1.0 -1.0 -1.0 -1.0 0.2502146423599407 1.0000000000008336 0.9999999999999166 1.0 0.7218276692757175 -1.0 -1.0 -1.0 -1.0
0.9999999999979721 0.9999999999989446 1.0000000000006415 1.0000000000010967 1.0000000000020692 0.9999999999995861 0.9999999999987584 1.0000000000012415 1.0000000000020692 1.0000000000020692 0.9999999999983447 1.000000000000414 1.0000000000008278 1.0 1.0000000000008278 1.0 1.0 1.0 0.9999999999981791 0.24978852488867553 -1.0 -1.0 -1.0 -1.0 -1.0 -1.0 0.3628565457146286 0.1108514459765929 -1.0 -1.0 -1.0 -1.0 -1.0 -1.0 0.6112706715882152 0.8889859126951282 1.0000000000016553 0.9999999999995861 0.999999999999255 0.9723013127174759 0.47285172739161385 -1.0 -1.0 -1.0 -1.0 -1.0 -1.0 -1.0 -1.0 -1.0 -1.0 -1.0 -1.0 -1.0 -1.0 -1.0 -1.0 -1.0 -1.0 -1.0 -1.0 -1.0 -1.0 0.6948178251605721 0.9999999999988826 0.9999999999987584 0.9999999999991723 0.05542551606548693 -1.0 -1.0 -1.0 -1.0
0.9999999999982163 0.999999999998052 0.9999999999988082 1.000000000000822 0.999999999999178 1.0000000000020548 1.0 0.999999999999589 0.999999999999178 0.999999999999178 1.0 1.000000000000822 1.0 1.0 1.0 1.0 1.0 1.0 1.00000000000097 0.7782211828936499 0.25833087538457744 0.21597844065773739 -1.0 -1.0 -1.0 -1.0 -1.0 -1.0 -1.0 -1.0 -1.0 -1.0 -1.0 0.249920474767774 0.9721394547914466 0.9721394547898027 1.0 1.000000000000822 1.000000000000411 1.0 0.9999999999979862 0.22250831213345443 -1.0 -1.0 -1.0 -1.0 -1.0 -1.0 -1.0 -1.0 -1.0 -1.0 -1.0 -1.0 -1.0 -1.0 -1.0 -1.0 -1.0 -1.0 0.22257201451592354 0.02785725734529568 0.22250831213345443 1.0 1.0 0.9443158980613927 0.3048697389024285 -1.0 -1.0 -1.0 -1.0 -1.0
0.999999999999702 0.9999999999991837 1.0000000000004081 0.9999999999991837 1.0000000000002 0.9999999999995918 1.0000000000008165 1.0 0.9999999999987754 1.0000000000012246 0.9999999999995918 1.0000000000004081 0.9999999999979591 1.0 1.0 0.9999999999991428 1.0 1.0 0.999999999998653 1.0 0.9848672789213945 0.9444267870464481 -1.0 -1.0 0.21640732052550585 0.612509815395354 0.17909879335709009 -1.0 -1.0 -1.0 -1.0 -1.0 -1.0 -1.0 0.4030341714049546 0.30913363942191907 0.39560105288652686 0.7774947649424654 1.0000000000008165 1.0 1.0 0.8613781364433449 0.08353640864892665 -1.0 -1.0 -1.0 -1.0 -1.0 -1.0 -1.0 -1.0 -1.0 -1.0 -1.0 -1.0 -1.0 -1.0 -1.0 -1.0 -1.0 0.1385602266279701 0.4170289367017303 1.0000000000008165 1.000000000002041 1.0000000000008165 0.9445716641558802 -1.0 -1.0 -1.0 -1.0 -1.0 -1.0
1.0 0.9999999999987836 0.9999999999995945 0.9999999999982566 1.0000000000001217 0.9999999999997566 1.0 0.9999999999987836 0.9999999999995945 0.9999999999995945 1.0 1.0 0.9999999999995945 1.0 1.0000000000008515 1.0000000000015812 1.0 0.9999999999994323 1.0 1.0 0.9999999999980943 0.9445685624958946 0.3896569340993962 0.44515040810285894 0.9722984726046004 0.9999999999990268 0.9722984726058168 0.889197945090399 0.7780877350185906 0.11590025826038301 -1.0 -1.0 -1.0 -1.0 -1.0 -1.0 -1.0 0.5554618475523965 0.9999999999987836 0.9999999999995945 0.9999999999998379 1.0 0.6392111227787486 -1.0 -1.0 -1.0 -1.0 -1.0 -1.0 -1.0 -1.0 -1.0 -1.0 -1.0 -1.0 -1.0 -1.0 0.4168974451504081 0.24952377863106123 0.05570918261846742 0.4729735756946669 0.9722984726037895 1.0 1.0000000000010136 0.9999999999987836 1.0000000000016218 -1.0 -1.0 -1.0 -1.0 -1.0 -1.0
1.0000000000017724 0.9999999999992347 1.0000000000016112 0.999999999998139 0.9999999999983887 1.0000000000012084 0.9999999999983887 0.9999999999991944 1.0 1.0000000000004028 1.0000000000008056 1.0000000000004028 1.0 1.0 1.0 1.0 1.000000000001571 1.0 0.9999999999995972 0.9999999999991944 1.0000000000008056 1.0 1.0000000000008056 0.9999999999991944 1.000000000001007 0.9721497164202275 0.6382121680857663 0.2772045791441899 0.24941149458623357 -1.0 -1.0 -1.0 -1.0 -1.0 -1.0 -1.0 0.4394464148097126 0.861489752512326 1.0 0.9999999999995972 1.0000000000016112 0.9999999999983887 0.8888888888880833 -1.0 -1.0 -1.0 -1.0 -1.0 -1.0 -1.0 -1.0 -1.0 -1.0 -1.0 -1.0 -1.0 -1.0 0.694762664346481 0.6395696377932457 0.9999999999995569 1.000000000001853 1.0 0.9999999999986304 1.0000000000004028 0.9999999999991944 0.5274635859757669 -1.0 -1.0 -1.0 -1.0 -1.0 -1.0
1.0000000000012006 1.0 1.000000000002001 1.0 1.0 0.9999999999979989 1.0000000000012006 0.9999999999995998 1.0 1.0000000000004001 1.0 1.000000000002001 1.0 1.0000000000004803 1.0000000000002 1.0 1.0 1.0000000000004001 1.0000000000008005 1.000000000001601 1.000000000002001 0.9999999999987594 0.9999999999994796 0.9999999999979989 0.7217177275748905 0.3606515518379925 -1.0 -1.0 -1.0 -1.0 -1.0 -1.0 -1.0 -1.0 -1.0 -1.0 0.027703599943989753 0.7775398715310268 0.9999999999979989 1.0 0.9999999999983992 1.000000000001601 0.7499249594789186 0.02785171992876153 -1.0 -1.0 -1.0 -1.0 -1.0 -1.0 0.13893342404898645 -1.0 -1.0 -1.0 -1.0 -1.0 0.6394653112660836 1.0000000000013607 1.0 0.999999999998119 1.000000000002001 0.9999999999979989 1.0 1.0000000000012006 1.0 0.23505932253416845 -1.0 -1.0 -1.0 -1.0 -1.0 -1.0
1.0000000000006761 0.9999999999992046 0.9999999999992046 1.0 1.0 1.0000000000019884 1.0000000000007954 0.9999999999992046 1.0000000000007954 1.0000000000003977 0.999999999998807 1.0000000000019884 1.0 0.9999999999981308 1.0 1.0 1.0000000000003977 0.999999999998807 0.9999999999992046 1.0 1.0000000000015907 1.0 0.9999999999994431 0.7216707628433033 0.1144878683826863 -1.0 -1.0 -1.0 -1.0 -1.0 -1.0 -1.0 -1.0 -1.0 -1.0 -1.0 -1.0 0.861298686837354 0.9999999999992046 1.0 0.9999999999984093 0.9999999999980116 0.9164777653177122 0.027704948022302292 -1.0 -1.0 -1.0 -1.0 -1.0 0.027850382177257074 0.08355126583788684 0.05570084389192457 0.22274531325825003 0.33403087642272544 0.3617361425947489 0.16704446936616638 0.9444431188202216 1.0 1.0 1.0000000000015907 1.0 1.0000000000010338 1.0000000000007954 0.832983368727481 0.9164777653161215 0.3053087244586286 -1.0 -1.0 -1.0 -1.0 -1.0 -1.0
1.0000000000011067 1.0 1.000000000001581 0.9999999999996048 0.9999999999980239 1.0 1.0000000000019762 1.0 1.0 1.0000000000011857 1.0000000000007905 1.0000000000007905 1.0 1.0 1.0000000000011857 1.0000000000002371 1.0 0.9999999999992095 1.0 1.0000000000003952 1.0000000000007905 1.0000000000012252 0.8608392879726824 0.0554413810547616 -1.0 -1.0 -1.0 -1.0 -1.0 -1.0 -1.0 -1.0 -1.0 -1.0 -1.0 -1.0 0.30562713418489945 1.0 0.9999999999992886 1.0000000000005929 0.9443293916794454 0.7494743581656286 0.3884323226255217 -1.0 -1.0 -1.0 -1.0 -1.0 0.19482973947139404 0.8613530732262552 1.0000000000003952 1.000000000001581 1.000000000001581 1.0 1.0 1.000000000001581 1.0 0.944301726318452 0.9999999999996048 1.0 1.0 0.8329921272282471 0.5271910964951941 0.44432939167825974 0.6106258694811559 -1.0 -1.0 -1.0 -1.0 -1.0 -1.0 -1.0
0.9999999999997644 1.0000000000015712 0.9999999999986645 0.9999999999992144 1.0000000000015712 0.9999999999988216 0.9999999999992144 0.9999999999992144 1.0000000000011784 1.0 1.0 1.0 1.0 1.0 0.9999999999989787 0.9999999999989787 1.0 0.9999999999988216 0.9999999999980359 0.9999999999996072 1.00000000000055 1.0000000000015712 0.7226436217211037 0.139210841598743 -1.0 -1.0 -1.0 -1.0 -1.0 -1.0 -1.0 -1.0 -1.0 -1.0 -1.0 -1.0 0.385388556646175 0.916625748796229 0.6384562506149465 0.3052896003142493 0.194037513502897 0.16638633015822446 0.05566768142983403 -1.0 -1.0 -1.0 0.027847746243739566 0.4173229892958853 0.9722910733559854 1.0000000000011 0.9999999999996072 0.9443307473224001 0.6105784150042227 0.4994402435431602 0.666078758713935 1.0000000000015712 1.000000000001964 0.42318077262103504 0.5827595011293332 0.6382323480310321 0.44396739664146123 0.33299695571049787 0.16647039182951978 0.09411215193911421 -1.0 -1.0 -1.0 -1.0 -1.0 -1.0 -1.0 -1.0
0.9999999999980477 0.9999999999996095 1.000000000000781 1.0 0.9999999999988286 0.9999999999992191 1.000000000000781 1.0 1.0000000000019524 1.0000000000005076 1.0000000000018352 1.0 1.000000000000781 1.0 1.0000000000011715 0.9999999999984381 1.0 1.0 1.0 0.9999999999985942 0.9999999999992191 0.9999999999988286 1.0000000000019522 0.9445815404559049 0.48461027145791197 -1.0 -1.0 -1.0 -1.0 -1.0 -1.0 -1.0 -1.0 -1.0 -1.0 -1.0 0.08994018217339696 0.1753051069646943 -1.0 -1.0 -1.0 -1.0 0.1665845392142316 -1.0 -1.0 0.25012416733711823 0.7779161753348223 0.9443082161308208 0.6941578877510873 0.5272972909642882 0.1662815396751736 0.5559690128314058 0.6672744879077414 0.2776405082270622 0.6390947498301485 0.9999999999988286 0.8052407987317751 0.24954628161776765 -1.0 -1.0 -1.0 -1.0 -1.0 -1.0 -1.0 -1.0 -1.0 -1.0 -1.0 -1.0 -1.0 -1.0
1.0 1.0 0.9999999999984474 1.0 1.0 1.0 1.0000000000007763 1.0000000000007763 0.9999999999984474 0.9999999999996119 0.9999999999984474 0.9999999999988355 1.0000000000015528 1.0 1.0 1.0000000000015528 0.9999999999996119 1.000000000001941 1.0 0.9999999999996119 1.0000000000001166 1.0000000000011646 1.000000000001941 0.9999999999996119 0.9445535638033833 0.0834010045881499 -1.0 -1.0 -1.0 -1.0 -1.0 -1.0 -1.0 -1.0 -1.0 -1.0 -1.0 0.13922590812753766 -1.0 -1.0 -1.0 -1.0 -1.0 0.055609468282689874 0.2504184490214193 0.8337383257365557 0.25041806084974655 0.16688236070460916 0.1389293449990684 0.7780745134256923 0.9722923087676327 0.9443128973918749 0.8608288240728521 0.1386595657135759 0.41619374422594696 0.9164926363841036 0.08315762097384498 -1.0 -1.0 -1.0 -1.0 -1.0 -1.0 -1.0 -1.0 -1.0 -1.0 -1.0 -1.0 -1.0 -1.0 -1.0
1.0 0.9999999999984562 1.0000000000019298 1.0 1.0 1.000000000000386 0.9999999999980703 1.0000000000011577 1.0000000000015437 1.0 1.0 1.0000000000015823 0.9999999999988421 1.000000000000386 0.9999999999984562 1.000000000000386 0.9999999999980703 1.0 0.9999999999988421 1.000000000000386 1.0 1.0 1.0000000000007718 1.0000000000007718 1.0000000000007718 0.47244617171945613 -1.0 -1.0 -1.0 -1.0 -1.0 -1.0 -1.0 -1.0 -1.0 -1.0 0.30514489929026556 0.2772738324503784 -1.0 -1.0 -1.0 -1.0 0.0832936463523355 0.5832133718734441 0.7774042784733184 1.0000000000011577 1.0000000000005402 0.5003454118119262 0.11095206301546442 1.0000000000000773 0.47191744078676706 0.02771144413012184 0.13861047967859336 -1.0 -1.0 -1.0 -1.0 -1.0 -1.0 -1.0 -1.0 -1.0 -1.0 0.02781749906410766 -1.0 -1.0 -1.0 -1.0 -1.0 -1.0 -1.0 -1.0
1.0 1.0 1.0 1.0 1.0000000000011513 1.0000000000019187 1.0000000000003837 1.0 1.0000000000003837 1.0000000000011513 0.9999999999985417 1.0000000000011513 1.000000000001535 1.0 0.9999999999996162 1.0000000000003837 0.9999999999980812 1.0 0.999999999998465 1.0000000000019187 1.0 0.9999999999985034 1.0 0.999999999998273 1.0000000000019187 0.8334120030834705 0.02784268352118135 -1.0 -1.0 -1.0 -1.0 -1.0 -1.0 -1.0 -1.0 -1.0 -1.0 -1.0 -1.0 -1.0 -1.0 0.11113771811687638 0.08316428930513503 0.3329699174543236 0.41647382983540754 0.8332316382887602 0.9999999999985418 0.7218314318286304 -1.0 0.36052658845742047 -1.0 -1.0 -1.0 -1.0 -1.0 -1.0 -1.0 -1.0 -1.0 -1.0 -1.0 -1.0 -1.0 -1.0 -1.0 -1.0 -1.0 -1.0 -1.0 -1.0 -1.0 -1.0
0.9999999999992367 0.9999999999980919 1.0 1.0 1.0 1.0 1.0 0.9999999999992367 1.0000000000007632 1.0 0.9999999999988551 1.0000000000007632 0.9999999999986643 0.9999999999992748 0.9999999999993895 1.0000000000011067 0.9999999999988551 0.9999999999980919 1.0 1.000000000001183 1.0 0.9999999999996184 1.0000000000003817 0.9999999999988551 0.9999999999980919 1.0000000000011449 0.8612786029381458 0.08840150709024715 -1.0 -1.0 -1.0 -1.0 -1.0 -1.0 -1.0 -1.0 -1.0 -1.0 -1.0 -1.0 -1.0 -1.0 -1.0 -1.0 0.5833206124356959 0.9722862507434092 1.0000000000011449 0.1387233051947442 -1.0 -1.0 -1.0 -1.0 -1.0 -1.0 -1.0 -1.0 -1.0 -1.0 -1.0 -1.0 -1.0 -1.0 -1.0 -1.0 -1.0 -1.0 -1.0 -1.0 -1.0 -1.0 -1.0 -1.0
0.9999999999992409 1.0 1.0000000000011386 1.0 1.0 1.0 1.0000000000018978 1.0 1.0 1.0000000000011386 0.9999999999996204 0.9999999999988614 0.9999999999981022 1.0000000000011386 1.0000000000003795 1.0 0.9999999999996204 0.999999999998368 1.0 0.9999999999996204 0.9999999999992409 0.9999999999992409 0.9999999999984818 1.0000000000011386 1.0 0.833483256095404 0.6887884840493569 0.5797230013322251 -1.0 -1.0 -1.0 -1.0 -1.0 -1.0 -1.0 -1.0 -1.0 -1.0 -1.0 -1.0 -1.0 -1.0 -1.0 -1.0 0.5275649127589963 0.8609248146855986 0.8887649021311805 -1.0 -1.0 -1.0 -1.0 -1.0 -1.0 -1.0 -1.0 -1.0 -1.0 -1.0 -1.0 -1.0 -1.0 -1.0 -1.0 -1.0 -1.0 -1.0 -1.0 -1.0 -1.0 -1.0 -1.0 -1.0
1.0000000000011326 1.0000000000011326 1.0 1.0 1.0 1.0 1.0 1.0000000000018876 0.9999999999981124 0.9999999999988675 0.9999999999996225 0.9999999999983765 0.9999999999992449 1.0000000000006042 0.9999999999988675 1.0 1.000000000000755 1.0 1.0000000000001887 0.9999999999996225 0.9999999999992449 1.000000000000755 0.9999999999984899 1.0 0.9999999999984899 1.0 0.9722819972674625 0.3892563481097243 -1.0 -1.0 -1.0 -1.0 -1.0 -1.0 -1.0 -1.0 -1.0 -1.0 -1.0 -1.0 -1.0 -1.0 -1.0 -1.0 0.2774095635037488 0.5275443404991657 0.11093921066758028 -1.0 -1.0 -1.0 -1.0 -1.0 -1.0 -1.0 -1.0 -1.0 -1.0 -1.0 -1.0 -1.0 -1.0 -1.0 -1.0 -1.0 -1.0 -1.0 -1.0 -1.0 -1.0 -1.0 -1.0 -1.0
0.9999999999984978 0.9999999999996244 1.0 0.9999999999992489 1.0 1.0000000000007512 0.9999999999984978 0.9999999999992489 1.0000000000003006 1.0 0.9999999999984978 1.0 1.0000000000003755 1.0000000000011267 0.9999999999992489 1.0000000000011267 1.0 1.0000000000011267 0.9999999999996244 1.0 0.9999999999984978 1.0000000000011267 1.0 1.0000000000018778 1.0 0.9721640115084462 0.6388994205968288 0.2544087697830055 -1.0 -1.0 -1.0 -1.0 -1.0 -1.0 -1.0 -1.0 -1.0 -1.0 -1.0 -1.0 -1.0 -1.0 -1.0 -1.0 -1.0 0.08344149259800056 0.05555555555555555 -1.0 -1.0 -1.0 -1.0 -1.0 -1.0 -1.0 -1.0 -1.0 -1.0 -1.0 -1.0 -1.0 -1.0 -1.0 -1.0 -1.0 -1.0 -1.0 -1.0 -1.0 -1.0 -1.0 -1.0 -1.0
1.0 1.0000000000007472 0.9999999999992527 0.9999999999992527 1.0 1.0 1.0 0.9999999999992527 0.9999999999985055 0.9999999999991407 1.0000000000007472 0.9999999999981318 1.0000000000007472 0.9999999999981318 0.9999999999996264 0.9999999999996264 1.0 1.0000000000014946 1.0 0.9999999999985055 1.0 1.0 1.0 0.9999999999996264 0.8889615387485709 0.5890729470905599 0.5839354968865591 0.14666404412657016 0.31935876906585564 -1.0 -1.0 -1.0 -1.0 -1.0 -1.0 -1.0 -1.0 -1.0 -1.0 -1.0 -1.0 -1.0 -1.0 -1.0 0.08322747210868087 0.13868879041719287 -1.0 -1.0 -1.0 -1.0 -1.0 -1.0 -1.0 -1.0 -1.0 -1.0 -1.0 -1.0 -1.0 -1.0 -1.0 -1.0 -1.0 -1.0 -1.0 -1.0 -1.0 -1.0 -1.0 -1.0 -1.0 -1.0
1.0 0.9999999999996283 0.999999999998513 1.0 1.0 1.0 0.9999999999992565 1.0000000000007434 1.0000000000007434 0.9999999999996283 0.999999999998513 1.0000000000018587 1.0000000000011153 1.0 1.0000000000007434 1.0 1.0000000000007434 1.000000000001487 1.0 0.9999999999992565 1.0 1.0 1.0000000000018587 0.999999999998513 0.9999999999996283 0.9999999999992565 1.0000000000007434 0.6665291191763507 0.280856435433349 -1.0 -1.0 -1.0 -1.0 -1.0 -1.0 -1.0 -1.0 -1.0 -1.0 -1.0 -1.0 -1.0 -1.0 -1.0 -1.0 -1.0 -1.0 -1.0 -1.0 -1.0 -1.0 -1.0 -1.0 -1.0 -1.0 -1.0 -1.0 -1.0 -1.0 -1.0 -1.0 -1.0 -1.0 -1.0 -1.0 -1.0 -1.0 -1.0 -1.0 -1.0 -1.0 -1.0
1.0000000000011098 1.0 1.0 1.0 1.00000000000037 0.9999999999981504 0.9999999999992601 1.00000000000037 1.0000000000007399 1.0000000000014797 0.9999999999992601 1.0000000000014797 1.0 1.0 1.0 1.0000000000014797 1.0 0.9999999999992601 1.0000000000011098 1.0 1.0 1.0000000000011098 1.0 1.0 1.00000000000037 1.0000000000007399 0.972185846927829 0.6731086920356601 -1.0 -1.0 -1.0 -1.0 -1.0 -1.0 -1.0 -1.0 -1.0 -1.0 -1.0 -1.0 -1.0 -1.0 -1.0 -1.0 -1.0 -1.0 -1.0 -1.0 -1.0 -1.0 -1.0 -1.0 -1.0 -1.0 -1.0 -1.0 -1.0 -1.0 -1.0 -1.0 -1.0 -1.0 -1.0 -1.0 -1.0 -1.0 -1.0 -1.0 -1.0 -1.0 -1.0 -1.0
0.9999999999981594 1.0 0.9999999999992637 1.0000000000014726 1.0 1.0000000000011044 0.9999999999992637 1.0000000000003681 0.9999999999996319 0.9999999999988956 0.9999999999985275 1.0000000000011044 1.0 1.0 0.9999999999985275 1.0000000000003681 0.9999999999981594 1.0 1.0000000000011044 1.0 0.9999999999988956 1.0000000000018407 1.0 1.0000000000007363 0.9999999999985275 1.0 0.9444192886950056 0.28913875276412615 -1.0 -1.0 -1.0 -1.0 -1.0 -1.0 -1.0 -1.0 -1.0 -1.0 -1.0 -1.0 -1.0 -1.0 -1.0 -1.0 -1.0 -1.0 -1.0 -1.0 -1.0 -1.0 -1.0 -1.0 -1.0 -1.0 -1.0 -1.0 -1.0 -1.0 -1.0 -1.0 -1.0 -1.0 -1.0 -1.0 -1.0 -1.0 -1.0 -1.0 -1.0 -1.0 -1.0 -1.0
1.0000000000007327 0.9999999999985344 1.0000000000007327 1.0 1.0 1.0 1.0 1.0000000000014655 1.0000000000010991 1.0000000000014655 1.0000000000003664 1.0000000000014655 1.0 1.0 1.00000000000011 0.9999999999985344 1.0000000000014655 1.0000000000010991 1.0 1.0000000000014655 1.0 0.9999999999989008 1.0000000000003664 1.0 1.0 0.9443339158981574 0.5273530672587577 0.027745217655744493 -1.0 -1.0 -1.0 -1.0 -1.0 -1.0 -1.0 -1.0 -1.0 -1.0 -1.0 -1.0 -1.0 -1.0 0.22217923211361112 0.05546859829053131 -1.0 -1.0 -1.0 -1.0 -1.0 -1.0 -1.0 -1.0 -1.0 -1.0 -1.0 -1.0 -1.0 -1.0 -1.0 -1.0 -1.0 -1.0 -1.0 -1.0 -1.0 -1.0 -1.0 -1.0 -1.0 -1.0 -1.0 -1.0
0.9999999999992706 1.0 1.0000000000007294 1.0000000000007294 1.000000000001094 0.9999999999996353 0.9999999999992706 1.000000000001094 0.9999999999992706 1.000000000001094 1.0 1.0 1.0000000000007294 1.000000000001094 1.0000000000018234 0.9999999999992706 1.0 0.9999999999981765 0.9999999999981765 0.9999999999996353 0.9999999999992706 1.0 1.0 0.9999999999992706 1.0 0.4442122538300511 -1.0 -1.0 -1.0 -1.0 -1.0 -1.0 -1.0 -1.0 -1.0 -1.0 -1.0 -1.0 -1.0 -1.0 -1.0 0.08330160466812546 -1.0 -1.0 -1.0 -1.0 -1.0 -1.0 -1.0 -1.0 -1.0 -1.0 -1.0 -1.0 -1.0 -1.0 -1.0 -1.0 -1.0 -1.0 -1.0 -1.0 -1.0 -1.0 -1.0 -1.0 -1.0 -1.0 -1.0 -1.0 -1.0 -1.0
0.9999999999981848 0.9999999999989109 1.0000000000014522 0.9999999999989109 1.0 1.000000000000726 0.999999999999637 1.0000000000014522 1.000000000000363 0.9999999999985478 1.0000000000014522 1.0 1.0 1.0 0.9999999999992739 1.0 0.9999999999985478 1.000000000000363 1.0000000000010891 1.0000000000018152 1.0 1.0000000000014522 1.000000000000363 1.0 0.8331451557279206 0.08801454952640961 -1.0 -1.0 -1.0 -1.0 -1.0 -1.0 -1.0 -1.0 -1.0 -1.0 -1.0 -1.0 -1.0 -1.0 -1.0 0.027746551993290954 -1.0 -1.0 -1.0 -1.0 -1.0 -1.0 -1.0 -1.0 -1.0 -1.0 -1.0 -1.0 -1.0 -1.0 -1.0 -1.0 -1.0 -1.0 -1.0 -1.0 -1.0 -1.0 -1.0 -1.0 -1.0 -1.0 -1.0 -1.0 -1.0 -1.0
1.0 1.0 1.0 0.9999999999985543 1.0 1.000000000000723 1.0000000000010842 0.9999999999989156 1.000000000000723 1.0000000000014457 1.0 1.0 1.0 0.9999999999989156 1.0 1.0000000000003615 1.0 0.9999999999992771 0.9999999999989156 1.0 1.0 1.0 1.0 0.7219997397681766 0.16658546458659226 -1.0 -1.0 -1.0 -1.0 -1.0 -1.0 -1.0 -1.0 -1.0 -1.0 -1.0 -1.0 -1.0 -1.0 0.08342501698737874 0.13891989185906983 -1.0 -1.0 -1.0 -1.0 -1.0 -1.0 -1.0 -1.0 -1.0 -1.0 -1.0 -1.0 -1.0 -1.0 -1.0 -1.0 -1.0 -1.0 -1.0 -1.0 -1.0 -1.0 -1.0 -1.0 -1.0 -1.0 -1.0 -1.0 -1.0 -1.0 -1.0
1.0 1.0 1.0 1.0 1.0000000000014395 1.0 1.0000000000017994 1.0000000000014395 1.0 0.9999999999985605 0.9999999999996402 0.9999999999989204 1.0 0.9999999999985605 1.00000000000036 1.0000000000007196 0.9999999999989204 1.0 1.0 1.0 1.0 1.0 0.9443684729489495 0.3887117553493929 -1.0 -1.0 -1.0 -1.0 -1.0 -1.0 -1.0 -1.0 -1.0 -1.0 -1.0 -1.0 -1.0 -1.0 -1.0 0.19435551780964583 -1.0 -1.0 -1.0 -1.0 -1.0 -1.0 -1.0 -1.0 -1.0 -1.0 -1.0 -1.0 -1.0 -1.0 -1.0 -1.0 -1.0 -1.0 -1.0 -1.0 -1.0 -1.0 -1.0 -1.0 -1.0 -1.0 -1.0 -1.0 -1.0 -1.0 -1.0 -1.0
