critload/trunk/output/1999/fland.asc
ncols 720
nrows 360
xllcorner -180
yllcorner -90
cellsize 0.5
NODATA_value -1
[rows 224 to 255 of 360, columns 216 to 287 of 720]
-1.0 -1.0 -1.0 0.47218105417327777 1.0 0.9999999999996513 0.9999999999982564 0.9999999999993026 0.9999999999982564 0.9999999999982564 1.0 1.0000000000013949 0.9999999999982564 1.0000000000017435 0.9999999999986051 0.999999999998361 1.0000000000009766 0.9999999999982564 0.9999999999989538 1.0 1.0 1.0 1.0 1.0 1.0 1.0 1.0 1.0 1.0 1.0 1.000000000001046 1.0 0.9999999999996513 0.9999999999989538 1.0 1.0000000000014646 1.0000000000003486 0.9999999999993026 1.0000000000013949 0.9999999999982564 0.9999999999993026 1.0 0.9999999999996513 1.0000000000003137 1.0000000000006974 1.0000000000003486 0.9999999999986051 0.9999999999996513 1.0 0.9999999999993026 1.0 1.0 1.0 1.0 1.0000000000003486 1.0 1.000000000001046 1.0 1.0 1.0 0.72250448973759 0.22250274615102958 -1.0 -1.0 -1.0 -1.0 -1.0 -1.0 -1.0 -1.0 -1.0 -1.0
-1.0 -1.0 -1.0 0.5832919189444581 1.0 0.9999999999993 1.0 1.0 1.0 0.9999999999982501 0.9999999999986001 0.9999999999993 1.0000000000014 0.9999999999986001 1.0 1.0000000000014 0.9999999999989501 0.9999999999993 0.9999999999986001 1.0000000000014 1.0 1.00000000000175 1.0 1.0 1.0 1.0 1.0 1.0 1.0 1.0 1.00000000000105 1.0 1.00000000000035 1.0000000000006999 1.0 0.9999999999993701 1.00000000000105 0.9999999999989501 1.0 1.0 1.0 0.9999999999982501 1.0 1.0 1.000000000000735 0.9999999999986001 1.0 1.0 1.00000000000175 0.9999999999996501 1.0 1.0 1.0 1.0 1.0 0.9722640254785987 0.9167955762433067 0.8611871347058412 0.8335876526784027 0.861323627199454 0.027769397683127427 -1.0 -1.0 -1.0 -1.0 -1.0 -1.0 -1.0 -1.0 -1.0 -1.0 -1.0
-1.0 -1.0 0.1388454864160408 0.9443574053127437 1.0 0.9999999999989462 0.9999999999996487 1.0000000000010538 1.0000000000014049 0.9999999999991218 0.9999999999992975 1.0000000000007025 0.9999999999996487 0.9999999999989462 1.0000000000001406 1.0 0.9999999999989462 0.9999999999996487 1.0 0.9999999999985247 1.0 1.0 1.0 0.9999999999992975 1.0 1.0 1.0 1.0 1.0 0.9999999999982436 1.0 1.0 1.0 0.9999999999989462 0.9999999999996487 1.0 0.9999999999985949 1.0 1.0 0.9999999999985949 1.0 1.0 1.0 0.9999999999982787 1.0000000000010538 1.0000000000010538 1.0 1.0 1.0000000000003513 0.9999999999996487 0.9999999999996487 0.9999999999992975 0.9999999999992975 0.9722665224080879 0.472508904922824 0.05560746678642939 0.027821051448323347 -1.0 -1.0 -1.0 -1.0 -1.0 -1.0 -1.0 -1.0 -1.0 -1.0 -1.0 -1.0 -1.0 -1.0 -1.0
-1.0 -1.0 -1.0 0.9165855653817402 1.0 1.0000000000007052 1.0000000000010578 1.0000000000014104 1.0000000000001057 1.0 1.0000000000007052 0.9999999999985896 1.0000000000010578 1.0000000000007052 1.0000000000010578 1.0000000000003526 1.0000000000007052 0.9999999999996474 0.9999999999996474 1.0 1.0 1.0000000000007052 1.0 1.0 1.0 0.9999999999992948 1.0 1.0 1.0000000000014104 1.0 1.0000000000007052 1.0 1.0 1.0000000000003526 0.9999999999985896 1.0 0.9999999999996474 1.000000000001763 1.0 1.0 1.0000000000008815 0.9999999999985896 1.0000000000014104 1.0000000000006348 1.0000000000003526 0.9999999999996474 1.0 1.0000000000003526 1.0000000000014104 1.0 1.0 0.8890287592208634 0.5282479301541629 0.2500796908277973 -1.0 -1.0 -1.0 -1.0 -1.0 -1.0 -1.0 -1.0 -1.0 -1.0 -1.0 -1.0 -1.0 -1.0 -1.0 -1.0 -1.0 -1.0
-1.0 -1.0 0.08325144426823743 1.0 1.0 0.999999999998584 0.9999999999991857 0.9999999999991857 1.0 1.0 1.000000000001593 0.999999999999292 0.9999999999992212 1.0 1.0 1.0000000000007079 1.000000000000354 0.999999999999292 0.999999999998584 0.999999999998584 1.000000000001062 1.0 0.999999999999292 0.9999999999989381 1.0 1.0 0.999999999999292 1.0 1.0 1.0 1.0 1.00000000000177 0.9999999999982301 0.9999999999989381 1.0 1.000000000001062 1.0 1.0 1.0 1.0000000000007079 0.9999999999982301 0.999999999998584 1.0 1.0 1.000000000001416 1.0 1.0 1.0 1.0 0.9722686338903913 0.36150246375169914 -1.0 -1.0 -1.0 -1.0 -1.0 -1.0 -1.0 -1.0 -1.0 -1.0 -1.0 -1.0 -1.0 -1.0 -1.0 -1.0 -1.0 -1.0 -1.0 -1.0 -1.0
-1.0 -1.0 0.13893558418480675 1.0 1.0 0.9999999999991824 1.0 1.0 1.0 1.0 1.0 1.0000000000015636 0.9999999999985784 1.0 1.0000000000003555 1.000000000001777 0.9999999999992892 1.0000000000007108 1.0000000000007108 1.0 1.0000000000003555 0.9999999999985784 0.999999999998223 0.9999999999996446 0.9999999999992892 1.0 1.0 1.0 1.0 0.9999999999992892 1.0 1.0 1.0 0.9999999999996446 1.0 1.0 1.0 1.0 0.9999999999985784 1.0000000000010663 0.999999999998223 0.9999999999992892 1.0000000000010663 0.9999999999985784 1.0000000000003555 1.0000000000007108 0.9999999999992892 1.0 0.7780577521098179 0.16687125721901375 -1.0 -1.0 -1.0 -1.0 -1.0 -1.0 -1.0 -1.0 -1.0 -1.0 -1.0 -1.0 -1.0 -1.0 -1.0 -1.0 -1.0 -1.0 -1.0 -1.0 -1.0 -1.0
-1.0 -1.0 0.02773005937937138 1.0 1.0 1.0000000000014273 1.0 1.0 1.0000000000007137 0.9999999999995359 1.0000000000014273 1.0 1.0000000000003568 0.9999999999996432 1.0000000000014273 1.0000000000017844 0.9999999999985726 1.0 1.0 0.9999999999982158 1.0000000000003568 1.0000000000003568 0.9999999999996432 0.9999999999985726 0.9999999999989294 1.0000000000017844 1.0 1.0 1.0 0.9999999999985726 1.0 1.0 1.0000000000007137 1.0 1.0 1.0 1.0 1.0000000000003568 0.9999999999985726 0.9999999999982158 1.0000000000007137 0.9999999999989294 0.9999999999996432 1.0000000000007137 1.0 1.0 0.972269405349853 0.6947778983135402 0.05617962990093922 -1.0 -1.0 -1.0 -1.0 -1.0 -1.0 -1.0 -1.0 -1.0 -1.0 -1.0 -1.0 -1.0 -1.0 -1.0 -1.0 -1.0 -1.0 -1.0 -1.0 -1.0 -1.0 -1.0
-1.0 -1.0 0.44436481431049063 1.0 1.0 0.999999999998925 1.0 1.0 1.0000000000014333 0.9999999999996416 1.0000000000007168 0.9999999999992834 1.0 1.0000000000014333 0.9999999999985667 0.9999999999996416 0.999999999998925 1.0000000000017917 0.9999999999995699 1.000000000001075 1.0000000000017917 1.0000000000014333 1.0000000000007168 0.999999999998925 1.0 1.000000000001075 1.000000000001075 1.0000000000014333 0.999999999998925 1.0000000000003584 1.0000000000007168 1.0000000000007168 1.0 1.0 1.0 1.0000000000014333 1.0 1.0 1.0 1.0000000000003584 1.0 0.9999999999985667 1.0 1.0 0.9999999999992834 1.0 0.8335280290126421 0.08345994524628406 -1.0 -1.0 -1.0 -1.0 -1.0 -1.0 -1.0 -1.0 -1.0 -1.0 -1.0 -1.0 -1.0 -1.0 -1.0 -1.0 -1.0 -1.0 -1.0 -1.0 -1.0 -1.0 -1.0 -1.0
-1.0 -1.0 0.4443632751913575 1.0 1.0 1.000000000000036 1.0 0.9999999999985605 1.0 0.9999999999985605 1.0 1.0000000000007196 1.0000000000017992 0.9999999999996402 1.0000000000010796 0.9999999999992802 1.0 1.0000000000014395 1.0000000000005398 1.0 1.00000000000036 0.9999999999996402 1.0000000000010796 0.9999999999982007 1.0 1.0 1.0 1.0 1.0 1.0 1.0 1.0 0.9999999999992802 0.9999999999982007 0.9999999999996402 1.0000000000007196 1.0 0.9999999999989204 1.00000000000036 1.0 1.0000000000007196 1.0000000000010796 1.0 1.0 1.0 1.0 0.7221816375938794 -1.0 -1.0 -1.0 -1.0 -1.0 -1.0 -1.0 -1.0 -1.0 -1.0 -1.0 -1.0 -1.0 -1.0 -1.0 -1.0 -1.0 -1.0 -1.0 -1.0 -1.0 -1.0 -1.0 -1.0 -1.0
-1.0 -1.0 0.5832417701571513 1.0 1.0 1.0 1.0 1.0 0.9999999999985543 1.0000000000013012 0.9999999999989156 0.9999999999981928 0.9999999999992771 1.0 1.0 1.0000000000003615 1.0000000000018072 1.0000000000003615 0.9999999999985543 0.9999999999992771 1.0000000000010842 1.0 1.0 1.0 1.0 0.9999999999989156 1.0 1.0 1.0 1.0 1.0000000000003615 1.0 1.0 1.0 0.9999999999981928 0.9999999999992771 0.9999999999985543 1.000000000000723 1.0 0.9999999999989156 1.0000000000014457 0.9999999999989156 1.0000000000003615 0.9999999999989156 1.000000000000723 1.0 0.6388772426954271 -1.0 -1.0 -1.0 -1.0 -1.0 -1.0 -1.0 -1.0 -1.0 -1.0 -1.0 -1.0 -1.0 -1.0 -1.0 -1.0 -1.0 -1.0 -1.0 -1.0 -1.0 -1.0 -1.0 -1.0 -1.0
-1.0 -1.0 0.9166161430969072 0.999999999999637 1.0 1.0 1.0 1.0 1.0000000000014522 0.9999999999985478 1.0 0.999999999999637 0.9999999999985478 1.0 1.0 1.0000000000014522 0.9999999999992739 0.9999999999992739 1.0000000000010891 1.000000000000363 0.999999999999637 1.0 1.0 1.0 1.0 1.0 1.0000000000007625 0.9999999999985478 1.0 1.0 1.0 1.0 1.0 1.0 1.0 1.0 1.0 1.000000000000726 1.0 1.0000000000014522 1.0 1.000000000000726 1.0 1.0 1.000000000000363 1.0 0.8055429498749315 0.027725640681215035 -1.0 -1.0 -1.0 -1.0 -1.0 -1.0 -1.0 -1.0 -1.0 -1.0 -1.0 -1.0 -1.0 -1.0 -1.0 -1.0 -1.0 -1.0 -1.0 -1.0 -1.0 -1.0 -1.0 -1.0
-1.0 0.16649671772428884 0.9443617797228301 1.0 1.0000000000014588 1.0 1.0 0.9999999999985412 1.000000000001094 0.9999999999989059 1.0000000000007294 1.0000000000018234 0.9999999999996353 1.0 1.0000000000007294 1.0 1.0000000000014588 1.000000000001094 1.0000000000007294 1.0000000000007294 1.0000000000018234 1.0 1.0 1.0000000000007294 0.9999999999985412 1.0 1.0 0.9999999999989059 1.0000000000014588 1.0000000000014588 0.9999999999996353 1.0 1.0 1.0 0.9999999999996353 1.0000000000018234 1.0 1.0 1.0 1.0 0.9999999999989059 1.0 0.9999999999996353 1.0000000000007294 0.9999999999996353 1.0 0.7500328227585704 0.027830853391684902 -1.0 -1.0 -1.0 -1.0 -1.0 -1.0 -1.0 -1.0 -1.0 -1.0 -1.0 -1.0 -1.0 -1.0 -1.0 -1.0 -1.0 -1.0 -1.0 -1.0 -1.0 -1.0 -1.0 -1.0
-1.0 0.41663277531683834 1.0 0.9999999999992673 0.999999999998168 1.0 1.0 0.9999999999991573 0.9999999999996336 0.9999999999996336 0.9999999999998902 0.9999999999985344 0.9999999999992673 1.0000000000010991 1.0000000000014655 0.9999999999985344 1.0000000000010991 1.0 0.9999999999989008 0.999999999998168 1.0 0.9999999999985344 0.9999999999989008 1.0 0.9999999999996336 1.0000000000018319 1.0000000000014655 1.0 0.9999999999996336 1.0 1.0 1.0000000000010991 0.9999999999985344 0.9999999999996336 0.9999999999996336 1.0 1.0 1.0000000000014655 1.0 1.0 1.0 1.0 1.0 1.0 1.0000000000003664 1.0 0.6111984347681282 -1.0 -1.0 -1.0 -1.0 -1.0 -1.0 -1.0 -1.0 -1.0 -1.0 -1.0 -1.0 -1.0 -1.0 -1.0 -1.0 -1.0 -1.0 -1.0 -1.0 -1.0 -1.0 -1.0 -1.0 -1.0
-1.0 0.7775335829274668 1.0 1.0 1.0 1.0 1.0 1.0 1.0 1.0 0.9999999999994109 1.0000000000007363 1.0000000000003681 0.9999999999988956 0.9999999999985275 1.0000000000014726 0.9999999999988956 1.0000000000011044 1.0000000000011044 0.9999999999985275 1.0 0.9999999999996319 0.9999999999988956 1.0000000000014726 0.9999999999996319 0.9999999999996319 1.0000000000014726 1.0 1.0 0.9999999999996319 1.0000000000018407 0.9999999999981594 1.0000000000018407 1.0000000000018407 0.9999999999996319 1.0 1.0 1.0 1.0000000000007363 1.0000000000014726 1.0 1.0000000000007363 0.9999999999985275 0.9999999999992637 1.0 0.7503432839681786 0.0834550012701691 -1.0 -1.0 -1.0 -1.0 -1.0 -1.0 -1.0 -1.0 -1.0 -1.0 -1.0 -1.0 -1.0 -1.0 -1.0 -1.0 -1.0 -1.0 -1.0 -1.0 -1.0 -1.0 -1.0 -1.0 -1.0
-1.0 0.8335367883697703 1.0000000000014797 0.9999999999996301 1.0000000000012577 1.0 1.0 0.9999999999992601 0.9999999999985203 1.0000000000005178 1.0000000000014797 1.0 1.0000000000007399 1.0000000000014797 0.9999999999992601 1.0000000000011098 0.9999999999988902 1.0000000000011098 1.00000000000037 1.0000000000018496 1.0000000000014797 0.9999999999992601 1.0 1.00000000000037 1.0000000000014797 1.0 0.9999999999992601 1.0 0.9999999999985203 1.00000000000037 0.9999999999985203 0.9999999999988902 0.9999999999981504 1.0000000000007399 0.9999999999988902 1.00000000000037 0.9999999999999629 1.0000000000014797 1.0 1.0 1.0000000000011098 1.0000000000007399 1.0 0.9999999999992601 0.7225613139510968 -1.0 -1.0 -1.0 -1.0 -1.0 -1.0 -1.0 -1.0 -1.0 -1.0 -1.0 -1.0 -1.0 -1.0 -1.0 -1.0 -1.0 -1.0 -1.0 -1.0 -1.0 -1.0 -1.0 -1.0 -1.0 -1.0 -1.0
-1.0 0.6666418834285629 1.0000000000011153 1.0 1.0 1.0 0.9999999999988848 0.9999999999992565 1.0 1.000000000000446 1.0 1.0 1.0 1.000000000001487 1.0000000000003717 1.0 1.0000000000018587 0.9999999999992565 1.0000000000003717 1.0000000000011153 1.000000000001487 0.999999999998513 0.9999999999992565 0.9999999999996283 0.9999999999988848 1.0000000000011153 1.0 1.0 0.9999999999992565 0.9999999999981413 1.0 1.0000000000007434 1.0000000000011153 0.9999999999988848 1.000000000001487 0.999999999998513 1.0000000000007434 1.0000000000007434 0.9999999999988848 0.9999999999996283 1.0 1.0 1.0 0.8890479146762628 0.08348320997475828 -1.0 -1.0 -1.0 -1.0 -1.0 -1.0 -1.0 -1.0 -1.0 -1.0 -1.0 -1.0 -1.0 -1.0 -1.0 -1.0 -1.0 -1.0 -1.0 -1.0 -1.0 -1.0 -1.0 -1.0 -1.0 -1.0 -1.0
0.16645494421736173 0.9443518677656307 1.0000000000003737 1.0 1.0 1.0000000000007847 1.0000000000011209 1.0000000000011209 1.000000000001457 1.0 0.9999999999982067 1.0000000000010836 1.0 0.9999999999985055 1.0 1.0 1.0 0.9999999999981318 1.0 0.9999999999996264 0.9999999999985055 1.0000000000003737 1.0 0.9999999999996264 1.0000000000014946 0.9999999999985055 0.9999999999992527 1.0000000000007472 1.0 1.0000000000014946 1.0000000000011209 1.0000000000007472 1.0000000000011209 1.0000000000007472 1.000000000001009 1.0000000000004485 1.000000000001868 1.0 1.0000000000003737 1.0000000000007472 0.9999999999981318 1.0 1.0 0.5279809898149047 -1.0 -1.0 -1.0 -1.0 -1.0 -1.0 -1.0 -1.0 -1.0 -1.0 -1.0 -1.0 -1.0 -1.0 -1.0 -1.0 -1.0 -1.0 -1.0 -1.0 -1.0 -1.0 -1.0 -1.0 -1.0 -1.0 -1.0 -1.0
0.4444444444444444 1.0 0.9999999999996244 1.0000000000018026 1.0000000000003755 0.9999999999981222 0.9999999999997372 0.9999999999997746 1.0000000000002254 1.0000000000009013 0.9999999999995118 1.0 0.9999999999996244 1.0 1.0 1.0 0.9999999999992489 1.0 1.0000000000007512 1.0 0.9999999999988733 1.0000000000018778 0.9999999999992489 0.9999999999984978 1.0000000000011267 1.0000000000007512 0.9999999999981222 1.0 1.0000000000015021 1.0000000000011267 1.0000000000003755 1.0 1.0 1.0000000000018778 1.0000000000011267 1.0 1.0000000000011267 1.0000000000003755 1.0 1.0000000000007512 1.0000000000015021 1.0000000000018778 0.889057887741199 0.0604264915992549 -1.0 -1.0 -1.0 -1.0 -1.0 -1.0 -1.0 -1.0 -1.0 -1.0 -1.0 -1.0 -1.0 -1.0 -1.0 -1.0 -1.0 -1.0 -1.0 -1.0 -1.0 -1.0 -1.0 -1.0 -1.0 -1.0 -1.0 -1.0
0.30561684070642775 1.0 1.000000000000755 1.0 0.999999999998943 0.9999999999993205 1.0000000000011326 1.000000000000755 1.0 0.999999999999094 0.9999999999994715 1.0 1.0000000000018876 1.0 1.0 0.9999999999984899 1.0000000000013214 1.0 1.0 1.0 1.0000000000003775 0.9999999999992449 1.0000000000018876 1.0000000000015101 0.9999999999984899 0.9999999999996225 1.000000000000755 0.9999999999981124 1.0000000000003775 1.0000000000011326 1.000000000000755 1.0 1.0000000000011326 0.9999999999996225 0.9999999999987313 0.9999999999983765 0.9999999999981124 0.9999999999984899 1.0000000000015101 0.9999999999996225 1.0 0.9722819972655748 0.25030617406996325 -1.0 -1.0 -1.0 -1.0 -1.0 -1.0 -1.0 -1.0 -1.0 -1.0 -1.0 -1.0 -1.0 -1.0 -1.0 -1.0 -1.0 -1.0 -1.0 -1.0 -1.0 -1.0 -1.0 -1.0 -1.0 -1.0 -1.0 -1.0 -1.0
0.042846812170312255 1.0 1.0 1.0 0.999999999999886 1.0000000000013285 0.9999999999988614 1.0000000000003795 1.0000000000011386 0.9999999999996204 1.0 0.9999999999989754 1.0 1.0 1.0 0.9999999999996204 1.0 1.0000000000003795 1.0 1.0 0.9999999999992409 1.0000000000011386 1.0000000000003795 1.0 0.9999999999996204 1.0000000000011386 0.9999999999988614 0.9999999999996204 0.9999999999986335 0.999999999998406 1.0000000000011386 1.000000000001746 1.0 0.9999999999992409 1.0000000000008729 0.9999999999994497 0.9999999999992409 0.9999999999992409 1.0000000000015181 0.9999999999992409 0.833657849691235 0.2225969658669521 -1.0 -1.0 -1.0 -1.0 -1.0 -1.0 -1.0 -1.0 -1.0 -1.0 -1.0 -1.0 -1.0 -1.0 -1.0 -1.0 -1.0 -1.0 -1.0 -1.0 -1.0 -1.0 -1.0 -1.0 -1.0 -1.0 -1.0 -1.0 -1.0 -1.0
0.027841441633973958 0.9445457876017036 1.0000000000007632 1.0 0.9999999999981682 0.9999999999992367 1.0000000000019083 1.0 0.9999999999988551 1.0000000000007632 1.0000000000011449 1.0 1.0000000000003817 1.0 1.0 1.0000000000015266 0.9999999999980919 1.0000000000000764 1.000000000001076 1.0 1.0000000000003817 1.0000000000015266 0.9999999999992367 1.0000000000011449 1.0 1.0000000000003817 0.9999999999992367 1.0000000000011449 1.000000000001908 1.0000000000015266 0.9999999999996184 1.000000000000954 1.0000000000015266 0.9999999999988551 1.0 1.0000000000007632 1.0 1.0000000000009923 0.9999999999988551 0.6114923140339495 0.027841441633973958 -1.0 -1.0 -1.0 -1.0 -1.0 -1.0 -1.0 -1.0 -1.0 -1.0 -1.0 -1.0 -1.0 -1.0 -1.0 -1.0 -1.0 -1.0 -1.0 -1.0 -1.0 -1.0 -1.0 -1.0 -1.0 -1.0 -1.0 -1.0 -1.0 -1.0 -1.0
0.05547769625149664 0.9721817149172628 1.0 1.0000000000003837 1.0 0.9999999999992325 0.9999999999992325 0.9999999999988487 0.9999999999996162 0.9999999999996162 0.999999999998465 1.0000000000003837 0.999999999998465 0.9999999999996162 1.0 0.9999999999992325 1.0000000000001152 0.999999999998465 0.9999999999988487 0.9999999999997314 1.000000000001535 0.9999999999988487 1.0000000000007676 1.0000000000003837 1.0 1.0000000000003837 0.999999999998465 0.9999999999992325 1.0 1.0 0.9999999999992325 0.9999999999988487 1.0000000000003837 1.0000000000007676 1.0000000000002687 0.9999999999988487 1.000000000001535 1.0 1.0000000000007676 0.16687440518220614 -1.0 -1.0 -1.0 -1.0 -1.0 -1.0 -1.0 -1.0 -1.0 -1.0 -1.0 -1.0 -1.0 -1.0 -1.0 -1.0 -1.0 -1.0 -1.0 -1.0 -1.0 -1.0 -1.0 -1.0 -1.0 -1.0 -1.0 -1.0 -1.0 -1.0 -1.0 -1.0
0.3889414189285673 1.0 1.0 0.9999999999984562 1.0 1.0000000000011577 1.0000000000011577 1.0000000000019298 0.9999999999996141 0.9999999999992282 1.0000000000011577 1.0 0.9999999999984562 1.0 1.0000000000015437 0.9999999999996141 1.0000000000007718 1.0000000000011577 1.0 0.999999999998186 0.9999999999984562 0.9999999999992282 1.000000000001505 1.0000000000011577 0.9999999999988421 1.0 0.9999999999980703 1.0 0.9999999999996141 1.0000000000015437 1.000000000000386 1.0000000000018912 0.9999999999982633 1.0000000000009264 1.0 1.0000000000011577 1.000000000000386 1.0000000000015437 0.500503645155937 -1.0 -1.0 -1.0 -1.0 -1.0 -1.0 -1.0 -1.0 -1.0 -1.0 -1.0 -1.0 -1.0 -1.0 -1.0 -1.0 -1.0 -1.0 -1.0 -1.0 -1.0 -1.0 -1.0 -1.0 -1.0 -1.0 -1.0 -1.0 -1.0 -1.0 -1.0 -1.0 -1.0
0.4718013811093126 1.0 1.0 0.9999999999996119 0.9999999999988355 1.0000000000015528 1.0000000000007763 0.9999999999984474 1.000000000001941 0.9999999999988355 1.0000000000011646 1.0 1.0 0.9999999999984474 1.0000000000015528 0.999999999998292 0.9999999999992236 0.9999999999984474 1.0 1.0000000000003881 0.9999999999996119 1.0000000000007763 0.9999999999988355 1.0000000000017855 0.9999999999992236 0.9999999999992236 1.0000000000015528 1.0000000000015528 0.9999999999984474 0.9999999999996119 1.0000000000003881 1.0000000000018243 0.9999999999988355 1.0000000000011646 1.0000000000011646 1.0000000000015528 1.0000000000015528 0.3338453297311145 -1.0 -1.0 -1.0 -1.0 -1.0 -1.0 -1.0 -1.0 -1.0 -1.0 -1.0 -1.0 -1.0 -1.0 -1.0 -1.0 -1.0 -1.0 -1.0 -1.0 -1.0 -1.0 -1.0 -1.0 -1.0 -1.0 -1.0 -1.0 -1.0 -1.0 -1.0 -1.0 -1.0 -1.0
0.9165973596977045 1.0 1.0 0.9999999999992191 1.000000000000781 1.0000000000003904 0.9999999999992191 1.0000000000019522 1.0000000000015619 1.000000000000781 1.0000000000011713 0.9999999999996095 1.0000000000015619 1.000000000000781 0.9999999999984381 1.0000000000011713 1.000000000000781 0.9999999999996095 1.0000000000019522 0.9999999999984381 1.0000000000015619 1.0000000000003904 0.9999999999980477 0.9999999999984381 0.9999999999996095 0.9999999999996095 0.9444997598644317 0.3895758413475618 0.8614251074765625 0.8891635136868574 0.9999999999988286 1.0 0.9999999999980477 1.0 1.0000000000015619 1.000000000000781 0.5004119371981243 -1.0 -1.0 -1.0 -1.0 -1.0 -1.0 -1.0 -1.0 -1.0 -1.0 -1.0 -1.0 -1.0 -1.0 -1.0 -1.0 -1.0 -1.0 -1.0 -1.0 -1.0 -1.0 -1.0 -1.0 -1.0 -1.0 -1.0 -1.0 -1.0 -1.0 -1.0 -1.0 -1.0 -1.0 -1.0
1.0 1.0 0.9999999999980359 0.9999999999984287 1.0 0.9999999999996072 0.9999999999980359 1.0000000000015712 1.0000000000003928 0.9999999999988216 0.9999999999980359 0.9999999999984287 1.0 1.0 1.0 0.9999999999992144 1.0000000000007856 1.0000000000003928 1.0 0.9999999999984287 1.0 1.0000000000007856 1.0000000000011784 1.0000000000015712 1.0000000000007856 0.9999999999992144 1.0 0.6382598448394383 0.16630187567514487 -1.0 0.3895614259058431 0.7505214573296671 0.5840479230097221 0.7505489541408229 0.7505489541408229 0.3061019345970736 -1.0 -1.0 -1.0 -1.0 -1.0 -1.0 -1.0 -1.0 -1.0 -1.0 -1.0 -1.0 -1.0 -1.0 -1.0 -1.0 -1.0 -1.0 -1.0 -1.0 -1.0 -1.0 -1.0 -1.0 -1.0 -1.0 -1.0 -1.0 -1.0 -1.0 -1.0 -1.0 -1.0 -1.0 -1.0 -1.0
1.0 1.0 1.0000000000003952 1.0000000000011857 0.9999999999984192 0.9999999999996048 1.000000000001581 1.000000000001581 1.0000000000019762 1.0000000000007905 0.9999999999992095 1.000000000001581 0.9999999999988144 0.9999999999992095 1.0 1.0 0.9999999999996048 1.0000000000019762 1.000000000001581 0.9999999999996048 0.9999999999996048 1.0000000000003952 0.9999999999984192 1.0000000000011857 1.0000000000019762 1.0 1.0000000000011857 1.0000000000007905 0.9999999999984192 0.38845963837565456 -1.0 -1.0 -1.0 -1.0 -1.0 -1.0 -1.0 -1.0 -1.0 -1.0 -1.0 -1.0 -1.0 -1.0 -1.0 -1.0 -1.0 -1.0 -1.0 -1.0 -1.0 -1.0 -1.0 -1.0 -1.0 -1.0 -1.0 -1.0 -1.0 -1.0 -1.0 -1.0 -1.0 -1.0 -1.0 -1.0 -1.0 -1.0 -1.0 -1.0 -1.0 -1.0
1.0 1.0 0.999999999998807 0.999999999998807 1.0000000000003977 0.999999999998807 1.0000000000003977 0.999999999998807 0.9999999999992046 0.9999999999984093 1.0000000000019884 0.9999999999996023 0.999999999998807 0.999999999998807 1.0 0.9999999999996023 1.0000000000015907 0.9999999999984093 0.9999999999992046 1.000000000001193 1.000000000001193 0.9999999999984093 1.0000000000003977 1.0000000000015907 1.000000000001193 1.0 1.0 1.0 1.0 0.38920915952818413 -1.0 -1.0 -1.0 -1.0 -1.0 -1.0 -1.0 -1.0 -1.0 -1.0 -1.0 -1.0 -1.0 -1.0 -1.0 -1.0 -1.0 -1.0 -1.0 -1.0 -1.0 -1.0 -1.0 -1.0 -1.0 -1.0 -1.0 -1.0 -1.0 -1.0 -1.0 -1.0 -1.0 -1.0 -1.0 -1.0 -1.0 -1.0 -1.0 -1.0 -1.0 -1.0
0.9999999999983992 1.000000000001601 0.9999999999991995 0.9999999999983992 0.9999999999995998 0.9999999999987993 1.000000000001601 0.9999999999979989 0.9999999999987993 1.0000000000004001 1.0000000000012006 0.9999999999995998 1.0 0.9999999999995998 1.0 1.0 0.9999999999991995 1.000000000001601 1.0000000000008005 1.0000000000008005 0.9999999999995998 0.9999999999979989 0.9999999999995998 0.9999999999983992 1.0 1.0 1.0 1.0 1.0 0.6661637284121426 0.16631100794440995 -1.0 -1.0 -1.0 -1.0 -1.0 -1.0 -1.0 -1.0 -1.0 -1.0 -1.0 -1.0 -1.0 -1.0 -1.0 -1.0 -1.0 -1.0 -1.0 -1.0 -1.0 -1.0 -1.0 -1.0 -1.0 -1.0 -1.0 -1.0 -1.0 -1.0 -1.0 -1.0 -1.0 -1.0 -1.0 -1.0 -1.0 -1.0 -1.0 -1.0 -1.0
1.0 1.0000000000004028 1.0000000000008056 1.0 1.0000000000008056 1.0000000000008056 1.0000000000012084 1.0 1.0000000000008056 1.0000000000004028 0.9999999999991944 1.0000000000016112 1.0000000000008056 0.9999999999987915 0.9999999999995972 1.0 1.0000000000016112 1.0000000000008056 1.0000000000012084 1.0000000000016112 0.9999999999987915 1.0000000000012084 1.0000000000004028 0.9999999999987915 0.9999999999991944 1.0 1.0 1.0 1.0 1.0 0.5832866746951747 -1.0 -1.0 -1.0 -1.0 -1.0 -1.0 -1.0 -1.0 -1.0 -1.0 -1.0 -1.0 -1.0 -1.0 -1.0 -1.0 -1.0 -1.0 -1.0 -1.0 -1.0 -1.0 -1.0 -1.0 -1.0 -1.0 -1.0 -1.0 -1.0 -1.0 -1.0 -1.0 -1.0 -1.0 -1.0 -1.0 -1.0 -1.0 -1.0 -1.0 -1.0
1.0 0.9999999999983781 1.0000000000016218 1.0000000000016218 1.0000000000012164 1.0000000000016218 1.0000000000020273 1.000000000000811 1.0000000000004055 1.0000000000016218 0.9999999999995945 1.0000000000016218 1.000000000000811 1.0000000000012164 0.9999999999987836 1.0 1.0 0.9999999999987836 0.9999999999983781 1.000000000001784 1.0000000000020273 1.0000000000012164 0.9999999999983781 0.9999999999995945 1.0000000000016218 0.9999999999991891 1.0000000000012164 1.0000000000012164 0.9999999999995945 0.9168633175197665 0.15154641417791834 -1.0 -1.0 -1.0 -1.0 -1.0 -1.0 -1.0 -1.0 -1.0 -1.0 -1.0 -1.0 -1.0 -1.0 -1.0 -1.0 -1.0 -1.0 -1.0 -1.0 -1.0 -1.0 -1.0 -1.0 -1.0 -1.0 -1.0 -1.0 -1.0 -1.0 -1.0 -1.0 -1.0 -1.0 -1.0 -1.0 -1.0 -1.0 -1.0 -1.0 -1.0
1.0000000000008165 1.0000000000012246 1.000000000002041 0.9999999999983672 1.0000000000004081 1.0000000000008165 1.0 1.0 1.0 0.9999999999983672 1.0000000000004081 1.0000000000016327 1.0000000000008165 1.0000000000016327 0.9999999999983672 1.0 1.0 1.0000000000008165 1.0 0.9999999999987754 0.9999999999987754 1.0000000000016327 0.9999999999983672 1.000000000000902 1.0000000000004081 1.000000000002041 0.9999999999987754 1.0000000000016327 0.9723002318510596 0.22269086960781112 -1.0 -1.0 -1.0 -1.0 -1.0 -1.0 -1.0 -1.0 -1.0 -1.0 -1.0 -1.0 -1.0 -1.0 -1.0 -1.0 -1.0 -1.0 -1.0 -1.0 -1.0 -1.0 -1.0 -1.0 -1.0 -1.0 -1.0 -1.0 -1.0 -1.0 -1.0 -1.0 -1.0 -1.0 -1.0 -1.0 -1.0 -1.0 -1.0 -1.0 -1.0 -1.0
