critload/trunk/output/1999/fle_ag.asc
ncols 720
nrows 360
xllcorner -180
yllcorner -90
cellsize 0.5
NODATA_value -1
[rows 93 to 123 of 360, columns 350 to 419 of 720]
0.2747502304610975 0.35014374316615504 0.409861159268693 0.40875089904866324 0.28084251506544344 0.2991653925961989 0.4259316241912435 0.21542011962063679 0.22830055855849707 0.21546336417064585 0.2749249797660839 0.2933244592599812 0.370372668938429 0.39300476608558294 0.5166064692283815 0.41685615072623655 0.3038307843873646 0.49133821755133295 0.4281233353743699 0.4507409333018713 0.3751848181123634 0.23559087851387697 0.23147103644060787 0.3074938766191641 -1.0 -1.0 -1.0 -1.0 -1.0 -1.0 0.38475323917404763 0.23551160197935117 0.4198922818054227 0.4361073472755902 0.3945870789574148 0.39844727543896197 0.46232520274233074 0.4478726381249741 -1.0 -1.0 -1.0 -1.0 0.29926705387858815 0.3824225084734767 0.4276143357211759 0.43440230629003607 0.4253925200185554 0.39550457476318995 0.33544408903457373 0.4196931725281413 0.4122786877724908 0.29474480037718354 0.4632675620679283 0.4474500813452004 0.3380347479633723 0.33133591914712324 0.5788350487176729 0.41579451073825635 0.28445800270051397 0.34831092200628 0.49012555182538503 0.44928120797810833 0.3609541605273867 0.2714163466785964 0.2282231332339977 0.20111146287945791 0.3537256235930282 0.29127831342222077 -1.0 -1.0
0.5267895593532766 0.5542967840761197 0.4734170338856442 0.5763217327060034 0.5823037559262777 0.6058812353598075 0.5154895257823907 0.49685027338121673 0.31735527625454346 0.29545750291376915 0.24810924087051406 0.3264298729145953 0.25277155613266883 0.24845109741889662 0.22507097741187035 0.32487592589068665 0.3395100730232054 -1.0 -1.0 -1.0 -1.0 -1.0 -1.0 -1.0 -1.0 -1.0 -1.0 -0.0 0.1981494013311591 0.0 0.0016177721690393717 0.2639953655918331 0.31573499091705204 0.3719371486806637 0.33579914938217564 0.32411815657180554 0.263767323258236 0.5172096964247316 0.5532815244229087 -1.0 -1.0 -1.0 -1.0 0.5429112208965173 0.5239517186056833 0.34647700820278393 0.34422742826758485 0.32544086441420067 0.23799351842165714 0.2350622526304581 0.3400337748356642 0.28663054621931155 0.2852638237288141 0.3953792984528707 0.22876756113066635 0.5780118188020958 0.4085384605853216 0.5178300381494283 0.4836729118081793 0.5859286523719667 0.5631986029100301 0.4632551212303315 0.5954474229148614 0.5762423188862 0.4897322566221653 0.47038991202579855 -1.0 -1.0 -1.0 -1.0
0.5729633105570673 0.5688442175011365 0.5526096026238507 0.5158489997683585 0.5276897770423292 0.4909282512276062 0.45192776070841073 0.4805257639105355 0.5732698458978249 0.5765760552469295 0.47415695866891117 0.5018649791467972 0.4922683816142994 0.36840131073938415 0.27984334587992754 0.5212943015784856 0.499330822323086 -1.0 -1.0 -1.0 -1.0 -1.0 -1.0 -1.0 -1.0 -1.0 -1.0 0.2224482607615222 0.2571798101075982 0.2059919577626264 -1.0 -1.0 0.1485402203920895 0.2925151300787493 0.2406960266177295 0.378664978064998 0.2773399764049452 0.2924039950963023 0.5023835162499768 0.47050489001472917 -1.0 -1.0 -1.0 -1.0 -1.0 -1.0 0.0 0.26076199431686264 0.24728150638025007 0.3461661550042221 0.31641274532923197 0.2646576439125945 0.2857641536311664 0.5211419491661198 0.5004531145266239 0.48609239793322095 0.5318891358129155 0.48375082513894624 0.519127739067228 0.2976548772197544 0.5464397329470033 0.31623288286210877 0.5422327110841647 0.26193168789309507 0.4601345529638041 0.3943806898732299 -1.0 -1.0 -1.0 -1.0
0.4679778668274138 0.4555468844491315 0.48108880803930393 0.4013771712064108 0.33773113970650975 0.44388232591810595 0.440310284187622 0.4254116613392383 0.4425622238954628 0.4546731402945546 0.4718688211270004 0.5185205106203635 0.44324535941315674 0.4266308191787041 0.44442147425269574 0.39808799017491703 0.3562883427024833 -1.0 -1.0 -1.0 -1.0 -1.0 -1.0 -1.0 -1.0 -1.0 -1.0 0.20220473933089045 0.19774351485173566 -1.0 -1.0 -1.0 -1.0 -1.0 0.20754157077509408 0.2172991083011845 0.2656269213271659 0.30332967915177256 0.2732009019318594 0.37945661391214863 0.25665312766868054 0.18785772916163393 0.2271959457349872 -1.0 -1.0 -1.0 -1.0 -1.0 0.49681241658795255 0.46677238893043954 0.38837921839175693 0.5650878381627982 0.48054265873883917 0.3988794380506909 0.3772748955154651 0.37017322237144773 0.5250569648747806 0.5381161847573368 0.4531842582893539 0.527939804991951 0.4263778504977898 0.49471666235614775 0.5256601093739468 0.6607552401494564 0.6093784747185172 0.45822663001174546 0.29871332676589984 -1.0 -1.0 -1.0
0.3665416982090994 0.4855968543886449 0.43992865275393106 0.4566084826706811 0.35490752973199047 0.3952052158309575 0.35964458866918153 0.41931769465493957 0.32828057662638194 0.34126375412383 0.3013695802865527 0.3045266884080144 0.38231721912115113 0.36911081939218554 0.4270228659674995 -1.0 -1.0 -1.0 -1.0 -1.0 -1.0 -1.0 -1.0 -1.0 -1.0 -1.0 0.0 0.20369080297012082 0.18930890802787748 0.08938791019420131 -1.0 -1.0 -1.0 -1.0 -1.0 0.19225635789480616 0.2768019370703879 0.2628036651094628 0.2612913817766433 0.3239088947907126 0.4892274658621738 0.14279194110029328 0.18890642482266673 0.24754455139083476 0.29967245698506945 -1.0 -1.0 -1.0 0.40991336175543425 0.4607225861239277 0.34976551462273453 0.5491301860680424 0.5473562639278011 0.2714339605256284 0.3074279287580291 0.42524147075159424 0.3376187716357487 0.35744222766902006 0.37341178915430934 0.31862261103658795 0.4063867361156698 0.3453466645383935 0.43929502080274146 0.675480063935112 0.36235245060849003 0.3242434064532841 0.5372870115509216 0.5799391230008702 0.5981037736425171 0.3151222439924265
0.37828065778335984 0.44235250837227363 0.3098111551737687 0.37507836209669837 0.36726849245304927 0.33901937385503 0.38192596961150926 0.413227131142399 0.31727934650990325 0.34023609722840414 0.39393761605778427 0.36816315750683964 -1.0 -1.0 -1.0 -1.0 -1.0 -1.0 -1.0 -1.0 -1.0 -1.0 -1.0 -1.0 -1.0 -1.0 0.13380874058831274 0.22232339926586095 0.19394517675252354 0.07441906527928 -1.0 -1.0 -1.0 -1.0 -1.0 -1.0 -1.0 0.0 0.14925220187821214 0.22158447272135742 0.3140583590605064 0.3458919290906957 0.3202078157299003 0.1994661467461644 0.23547719380569615 0.21597799947809943 0.3506580273649773 -1.0 0.4842586382240396 0.4709020577069758 0.3002748312761759 0.7435611039990297 0.29118172340677007 0.35816816666088275 0.44939035717860737 0.3886664147825645 0.30896712476294697 0.3298668149800633 0.33362175708768976 0.3136957450152608 0.3468793561865544 0.31915844160143036 0.38314006011856183 0.5666882552534217 0.5512966970895204 0.3575109195367408 -1.0 0.3373858961605229 0.402730152275638 0.3476031522957217
0.390875099326476 0.2622856990155102 0.24701910757481435 0.3509097965724148 0.3292519159286514 0.3394941491378844 0.2778898602942008 0.3274796968562721 0.38702647942927076 0.3613680156205591 0.27075585254967255 0.0 -1.0 -1.0 -1.0 -1.0 -1.0 -1.0 -1.0 -1.0 -1.0 -1.0 -1.0 -1.0 -1.0 -1.0 0.16311209693807188 0.15758704185438258 0.1881577504919755 0.08471909366080015 -1.0 -1.0 -1.0 -1.0 -1.0 -1.0 -1.0 -1.0 -1.0 0.0 0.1679792719016973 0.24117950832355067 0.20934507814032452 0.18475461654230155 0.2695752809865176 0.15754319294767088 0.19904386019186737 0.0 0.3322391303220731 0.38809616414602294 0.35199619644928165 0.28225168849912075 0.3265009535993004 0.3204580655811088 0.3184403368131449 0.46626700371110114 0.26160534430319077 0.2232535357092089 0.20572868332945662 -1.0 -1.0 0.265779503434661 0.4881653143687067 0.43137461541930777 0.48569332544578153 0.3183535218263211 0.5136759483740296 0.37209696854558305 0.4722020767101102 0.5205899248780251
0.19626043015023042 0.3200184032308143 0.37888287169407264 0.3484046446299451 0.4036460336481578 0.3659688261474934 0.17104551326509165 0.3530171772567439 0.3022436216767751 0.2469735783669675 0.0 -1.0 -1.0 -1.0 0.28525098901595397 0.32401265478514435 0.30350759861030574 0.2870123357250871 0.3178621789269367 -1.0 -1.0 -1.0 -1.0 -1.0 -1.0 -1.0 0.21381862724778336 0.08707023164930573 0.14915939188135838 0.08632708250031837 -1.0 -1.0 -1.0 -1.0 -1.0 -1.0 -1.0 -1.0 -1.0 -1.0 -1.0 0.17676369763382047 0.16370156659454474 0.28191812966385116 -1.0 -1.0 0.2553249558323776 -1.0 -1.0 0.3110286842112574 0.27519321667763197 0.2745696615496288 0.2756363006721152 0.3431513337411637 0.3453547391826174 0.27134398378150393 0.2766709440711073 0.302498692427038 -1.0 -1.0 0.33007177391415965 -1.0 0.4361305530459391 0.4531753325779315 0.403701359806972 0.5038953520041571 0.36808541436760434 0.3493224522841048 0.3887419774602353 0.4614336674713472
0.1596048026731435 0.32156498091351093 0.3605284551178948 0.39470043713920666 0.34951874491304263 0.4099006007203461 0.39543225067141113 0.225467102760048 0.203002704316039 0.2932980466284451 -1.0 -1.0 0.27218730399303864 0.1944140976571811 -1.0 0.2475339700059508 0.2838724080186702 -1.0 -1.0 -1.0 -1.0 -1.0 -1.0 -1.0 -1.0 -1.0 0.19132528727209058 0.0821975520847841 0.07746698552515813 0.09742358339955572 -1.0 -1.0 -1.0 -1.0 -1.0 -1.0 -1.0 -1.0 -1.0 -1.0 -1.0 -1.0 0.21487748896136444 0.2409493664662677 0.4008745930490678 -1.0 -1.0 -1.0 -1.0 0.28145385376368054 0.29335699732935727 0.28976558270628755 0.2828137640739897 0.34892339262030986 0.4118678052235934 0.2563404558360067 0.2582627287831801 0.2983822553128077 -1.0 -1.0 -1.0 0.10628330543561372 0.2532446336621283 0.42602666717975685 0.4467318931865987 0.5364093341634678 0.4496336165097201 0.4287881282369477 0.49297542707068226 0.5178597430680434
0.26663204090585124 0.2815785935352288 0.32992665986316067 0.3084219988250689 0.29315675506881095 0.27573317780190093 0.34956765213494 0.4283365445654327 0.2261261061194287 0.1648931899020295 0.29040611149872053 -1.0 0.1750218240966201 0.0 -1.0 -1.0 -1.0 -1.0 -1.0 -1.0 -1.0 -1.0 -1.0 -1.0 -1.0 -1.0 -1.0 0.10841692477803219 0.0 -1.0 -1.0 -1.0 -1.0 -1.0 -1.0 -1.0 -1.0 -1.0 -1.0 -1.0 -1.0 0.20698809832871276 0.19491083011160873 0.24534827386012037 0.29296562818385224 -1.0 -1.0 -1.0 -1.0 -1.0 -1.0 0.2810924893855855 0.2819841888658027 0.2604895497407038 0.2599636951403746 0.24993323227926698 0.2533480643201448 0.2404660726560974 0.26947771641096735 0.2542502412506328 -1.0 0.26248632289696994 0.3541776104944429 0.34846534727763445 0.4268644533923208 0.38955652624522874 0.5604900375608058 0.5975560290261296 0.5713228640740404 0.5099337668537337
0.29146542775668144 0.3217748699108321 0.24891657744992413 0.282964002341566 0.28909786855543274 0.16658642196952148 0.21328098740228862 0.2700565658607008 0.2638304512392302 0.3083425504494815 -1.0 -1.0 -1.0 -1.0 -1.0 -1.0 -1.0 -1.0 -1.0 -1.0 -1.0 -1.0 -1.0 -1.0 -1.0 -1.0 -1.0 -1.0 -1.0 -1.0 -1.0 -1.0 -1.0 -1.0 -1.0 0.1974138753179987 0.20556647530060104 0.179030968741157 -1.0 0.22417501371366502 0.15576000979869778 0.1586647112783876 0.08443373889084131 0.3940352918838432 -1.0 -1.0 -1.0 -1.0 -1.0 -1.0 0.2793274780504759 0.2680883136429674 0.30723183000079707 0.2578524413960201 0.23419849717764893 0.23596571659463542 0.24375467340350962 0.2436884043960108 0.2207440261276741 0.2539046934758683 -1.0 0.2659686560115785 0.25855706657234445 0.4425883993277903 0.5008986741396095 0.4898995747427825 0.5196010397180894 0.5259307602704107 0.4996235304831426 0.533651142243805
0.16637735956179925 0.29787009517500357 0.3525841069305269 0.32031490069506 0.38564060197959077 0.35901712912865524 0.1910571811758219 0.23723080905679877 0.27218167427379636 -1.0 -1.0 -1.0 -1.0 -1.0 -1.0 -1.0 -1.0 -1.0 -1.0 -1.0 -1.0 -1.0 -1.0 -1.0 -1.0 -1.0 -1.0 -1.0 -1.0 -1.0 -1.0 -1.0 -1.0 -1.0 0.16184588762576416 0.16840003942148837 0.10856780908223043 0.21828691903117745 0.2608671937867839 0.24808985972540626 0.17176118175967311 0.13742524274105086 0.21704480381742372 -1.0 -1.0 -1.0 -1.0 -1.0 -1.0 -1.0 -1.0 0.2639524380108631 0.4993130800581521 0.25065371374067463 0.2683634800634951 0.2648589881930161 0.20719355865239014 0.28362620282092976 0.27000248146651346 0.25042789750877426 0.25550873023546655 -1.0 0.24541855032095966 0.23629079363999309 0.35072936840338637 0.48987675438007316 0.4999768665338683 0.5480527050862815 0.6211012242154244 0.5195866873588599
0.36929582452045384 0.2902003054651837 0.3443793443739139 0.43369458268458244 0.2760328991294709 0.16473932678175884 0.14847063324441995 0.0 -1.0 -1.0 -1.0 -1.0 -1.0 -1.0 -1.0 -1.0 -1.0 -1.0 -1.0 -1.0 -1.0 -1.0 0.4186536472110598 0.2446911000676067 0.5705159657288275 0.0 -1.0 0.22221135287320176 0.17168700336425782 0.1330841697995763 0.4257353779548533 0.4027943020415351 0.2865118146804311 -1.0 -1.0 -1.0 0.23304424433702545 0.23873378693765726 0.20625549922593478 0.13605455207372014 0.13130723836343017 -1.0 -1.0 -1.0 -1.0 -1.0 -1.0 -1.0 -1.0 -1.0 -1.0 -1.0 -1.0 0.2671786958258438 0.26515949682157436 0.23157956645433092 0.24300088124951727 -1.0 0.0 0.2526734243657742 0.29340876976064423 0.2452864636561693 -1.0 0.24151069016064688 0.479640990514911 0.46441624520208125 0.468321988986144 0.4399618232230231 0.46999372567278885 0.5417248000124522
0.27692882697880944 0.29655533739008344 0.22927556452837103 0.3124822099066804 0.23166649871756412 0.31617340744391864 0.2590806008904202 -1.0 -1.0 -1.0 -1.0 -1.0 0.0 0.0 0.304276291632241 0.4178688881566613 0.23196174856731966 0.17896913268480286 0.15654673709438396 0.2066142065596961 0.14485309235320104 0.2075516462554682 0.14122404663091945 0.28651103516132836 0.27787040779802197 0.207521921336495 0.27175343812888064 0.21898337887481814 0.15694594082438024 0.3260998521052551 0.26073946904495066 0.28372100583485177 0.3433327343210636 0.12165443552299054 -1.0 -1.0 -1.0 -1.0 0.21265787676099013 0.16203683096682922 0.24039898678689045 -1.0 -1.0 -1.0 -1.0 -1.0 -1.0 -1.0 -1.0 -1.0 -1.0 -1.0 -1.0 0.2983838461083223 0.2220416272025034 0.22342120841876134 0.19564904440847183 -1.0 0.25532910328604264 0.2562588452110004 0.24661325035558362 0.26235246326356026 0.24013703721811178 0.0 0.3361680314433548 0.15827064844855696 0.2766523232680598 0.47035799371738835 0.4755245710891704 0.542365797542423
0.0 -1.0 -1.0 -1.0 -1.0 -1.0 -1.0 -1.0 -1.0 -1.0 0.3285031449505428 0.2535807750453535 0.22958447037616894 0.22897650773476835 0.2207483584068713 0.20556155990827124 0.18521095942934415 0.2442871906640679 0.2174895594610753 0.2101871082165114 0.2524873529671357 0.2589388113402747 0.2795944678412358 0.3306354637045269 0.2878560168241149 0.26886073844943637 0.2630361282595719 0.2860296672391728 0.28109649534154624 0.310552426819525 0.2584082333265647 0.1890649087400589 -1.0 -1.0 -1.0 -1.0 -1.0 -1.0 0.0 -1.0 -1.0 -1.0 -1.0 -1.0 -1.0 -1.0 -1.0 -1.0 -1.0 -1.0 -1.0 -1.0 -1.0 -1.0 0.2439445501497087 0.25418652905168904 0.22223605485553904 -1.0 -1.0 -1.0 0.2849523188469703 -1.0 -1.0 -1.0 0.0 0.23960532650508676 0.15266475594004905 -1.0 0.49346681090394595 0.44511760095939906
-1.0 -1.0 -1.0 -1.0 -1.0 -1.0 -1.0 0.3404068563335744 0.27601699291884124 0.30310121329085254 0.28077201356148884 0.19965751442951613 0.146697879446174 0.16459513360483258 6.850885178836181 0.4172381754302394 0.32772212972535325 0.2759543756806501 0.2855308417005279 0.2598990373514335 0.1996482586374397 0.15384069780472676 0.19498264862821604 0.12521123440298598 0.22313223399845045 1.832699326103661 0.30552019133172004 0.30620086062447943 0.3052509156904186 0.241595562406815 0.19217012439306458 0.3638643086694361 -1.0 -1.0 -1.0 -1.0 -1.0 -1.0 0.3217523131360216 0.27973747113516934 -1.0 -1.0 -1.0 -1.0 -1.0 -1.0 -1.0 -1.0 -1.0 -1.0 -1.0 -1.0 -1.0 -1.0 -1.0 -1.0 -1.0 0.22311429151041431 0.25431554188482947 -1.0 -1.0 -1.0 -1.0 -1.0 0.23889729694457806 0.24635645957098326 -1.0 -1.0 -1.0 -1.0
0.22111717351133778 0.18367462910069485 0.05891004960291302 0.2269619132796623 0.3965806753567006 0.38518858505786124 0.32165510234763034 0.27120251151911773 0.29025844058199746 0.2500892509479054 0.19502530154166983 0.13644621031503626 0.22859802260525458 0.1900519762125263 0.0 0.24881084316814162 0.25930487329525953 0.08509185611087149 0.30925687473700464 0.0 0.12329927645509836 0.24062776972435596 -0.5405379319745198 2.1413971005408707 -3.795423438099049 1.5108340290755935 1.4852862935314166 0.33488523431529615 0.2799544909359004 0.2158179792579909 0.31519938481523985 0.30516701169660154 0.3989043383059705 -1.0 -1.0 -1.0 -1.0 -1.0 -1.0 -1.0 -1.0 -1.0 -1.0 -1.0 -1.0 -1.0 -1.0 -1.0 -1.0 -1.0 -1.0 -1.0 -1.0 -1.0 -1.0 -1.0 -1.0 0.1880556057806988 0.20150497717486368 0.20831180837544608 0.2572934761307751 0.1926993671461495 0.24044513818048163 0.0 0.22966754458770072 -1.0 -1.0 -1.0 -1.0 -1.0
0.2471642222764257 0.2795124227599595 0.18978684843275542 0.20996304741470356 0.20451801128786296 0.2514727338516084 0.18536213527101233 0.21886536910023457 0.21808796088317434 0.27955631968133254 0.210651691245219 1.4694613875388736 0.09206389555536301 0.0 0.11792441446241 0.0 0.3353438860851643 0.18023761840328523 0.10504807966534452 0.018040013673889146 0.2724801373157489 0.0 0.1499279350681547 0.15978387994599663 0.11191390857830304 0.137478306380067 0.17065132495051988 0.3215631870529596 0.3338089137532589 0.2564146448031598 0.39152627553716046 0.4192827111836558 0.20682730388741358 -1.0 -1.0 -1.0 -1.0 -1.0 -1.0 -1.0 -1.0 -1.0 -1.0 -1.0 -1.0 -1.0 -1.0 -1.0 -1.0 -1.0 -1.0 -1.0 -1.0 -1.0 -1.0 -1.0 -1.0 -1.0 -1.0 0.21079797554470903 0.0 -1.0 -1.0 -1.0 -1.0 -1.0 -1.0 -1.0 -1.0 -1.0
0.2645097694438969 0.24774443419047804 0.24893427240637025 0.25649103544200325 0.2067645661602155 0.19703954835365506 0.019292732480587726 0.08724045976936916 0.18243939167178488 0.2277912119109908 0.22523077211213605 0.0 0.0 0.0 0.0 0.0 0.0 0.0 0.16311302358870128 0.11319694877731651 0.05276263707506333 0.0 0.0 0.0 0.0 0.009123726165407957 0.07805583166980674 0.08002303882509712 0.1141595842386216 0.21138372728257923 0.30562324402072677 -1.0 -1.0 -1.0 -1.0 -1.0 -1.0 -1.0 -1.0 -1.0 -1.0 -1.0 -1.0 -1.0 -1.0 -1.0 -1.0 -1.0 -1.0 -1.0 -1.0 -1.0 -1.0 -1.0 -1.0 -1.0 -1.0 -1.0 -1.0 -1.0 -1.0 -1.0 -1.0 -1.0 -1.0 -1.0 -1.0 -1.0 -1.0 -1.0
0.32051199098590555 0.20419447415782846 0.24889211772058134 0.21458169888571652 0.24763297759442263 0.26660481612439274 0.03538929364865198 0.0 0.0 0.0 0.0 0.0 0.0 0.0 0.0 0.0 0.16436323099913402 0.14346800326748815 0.07054186263207483 0.03715879004214705 0.0 0.0 0.0 0.0 0.0 0.013910769102409638 0.05254532260176788 0.09114641886663023 0.009935517516451834 0.11006689673262358 0.206739666437685 0.3051041205629615 0.29924617881216303 -1.0 -1.0 -1.0 -1.0 -1.0 -1.0 -1.0 -1.0 -1.0 -1.0 -1.0 -1.0 -1.0 -1.0 -1.0 -1.0 -1.0 -1.0 -1.0 -1.0 -1.0 -1.0 -1.0 -1.0 -1.0 -1.0 -1.0 -1.0 -1.0 -1.0 -1.0 -1.0 -1.0 -1.0 -1.0 -1.0 -1.0
0.2730324645533487 0.16850015378303104 0.2536834640780042 0.1966549908989633 0.1424667040072246 0.14552713737646097 0.040476221220235135 0.0 0.0 0.0 0.0 0.0 0.14985326523182524 0.14167146283592832 0.1399196244862712 0.13970848419282253 0.0 0.0 0.0 0.0 0.0 0.0 0.0 0.0 0.0 0.0 0.0 0.14977049852683733 0.10127668799391246 0.003487254513708887 0.1772798327748988 0.1618490748791534 0.18951652006574785 0.13611412255009855 -1.0 -1.0 -1.0 -1.0 -1.0 -1.0 -1.0 -1.0 -1.0 -1.0 -1.0 -1.0 -1.0 -1.0 -1.0 -1.0 -1.0 -1.0 -1.0 -1.0 -1.0 -1.0 -1.0 -1.0 -1.0 -1.0 -1.0 -1.0 -1.0 -1.0 -1.0 -1.0 -1.0 -1.0 -1.0 -1.0
0.2634558171916645 0.24901951568833902 0.23492209998820734 0.1655490214567843 0.0 0.05515366376462689 0.0 0.0 0.0 0.0 0.0 0.03575771441807203 0.0 0.0 0.0 0.0 0.0 0.0 0.0 0.0 0.0 0.0 0.0 0.0 0.0 0.0 0.0 0.0 0.0 0.0 0.08563644628958036 0.03080025939669509 0.01193989132004887 0.05181659655761546 0.17327750176034162 0.25489396857731744 0.25297066477119234 0.22718611861912377 0.2612257097166899 -1.0 -1.0 -1.0 -1.0 -1.0 -1.0 -1.0 -1.0 -1.0 -1.0 -1.0 -1.0 0.38900622667443985 0.005587924911282185 0.21448120023555364 0.18732008948592765 0.18610866381752733 0.23838493319029408 -1.0 -1.0 -1.0 -1.0 -1.0 -1.0 -1.0 -1.0 -1.0 -1.0 -1.0 -1.0 -1.0
0.23291004066682372 0.17638140261003815 0.16934958992306814 0.09063790581963026 0.0 0.0 0.06636453695635561 0.0 0.0 0.0 0.0 0.0 0.0 0.0 0.0 0.0 0.0 0.0 0.0 0.0 0.0 0.0 0.0 0.0 0.0 0.0 0.0 0.0 0.0 0.0 0.004969241751310857 0.006598056178336772 0.00022061110107854837 9.225361701167964e-05 0.0507276072979463 0.0484543626798017 0.12412099707582747 0.1377635379605683 0.0 0.18908059310542127 0.10037502188875241 -1.0 -1.0 -1.0 -1.0 -1.0 -1.0 -1.0 -1.0 -1.0 0.19848569286002524 0.22061424141249078 0.17626583179978567 0.21031956713968342 0.230442881537004 0.11572969737499833 0.0022257184491005218 0.08006157382503973 -1.0 -1.0 -1.0 -1.0 -1.0 -1.0 -1.0 -1.0 -1.0 -1.0 -1.0 -1.0
0.08967461562353929 0.09073965524063927 0.09963171775587927 0.0649602082819018 0.0 0.0 0.0 0.0 0.0 0.0 0.0 0.0 0.0 0.0 0.0 0.0 0.0 0.0 0.0 0.0 0.0 0.0 0.0 0.0 0.0 0.0 0.0 0.0 0.0 0.0 0.0 0.0 0.0 0.0902685671907952 0.13927251930528137 0.1917571059954714 0.0 0.08940537408113228 0.11160013829395946 0.0003164229694655362 0.07233057148105328 0.0 -1.0 -1.0 -1.0 -1.0 -1.0 -1.0 -1.0 0.17938968336693722 0.1320637763932795 0.0 0.05144182450316274 0.002337632657305245 0.10005047507188246 0.11975928062879859 0.0 0.0 0.0 0.0 0.031493250210947586 0.3711483354777757 0.0 -1.0 -1.0 -1.0 -1.0 -1.0 -1.0 -1.0
0.1726980259403198 0.033597216944500706 0.053369405611249046 0.04942911777704518 0.0 0.0 0.0 0.0 0.0 0.0 0.0 0.0 0.0 0.0 0.0 0.0 0.0 0.0 0.0 0.0 0.0 0.0 0.0 0.0 0.0 0.0 0.0 0.0 0.0 0.0 0.0 0.0 0.0 0.0 0.0 0.10023786150696047 0.0 0.0 0.0 0.0 0.11757243136761111 0.1912717245503633 0.14867936992347736 0.0 0.023909126580114227 -1.0 -1.0 -1.0 -1.0 -1.0 0.0 9.0132452176417e-05 0.08475598879983164 0.0 0.0 0.0 0.0 0.0 0.0 0.0 0.0 0.0 0.0 0.0 0.05027799391281687 0.0 0.25380535297232365 0.0 -1.0 0.34462252657023
0.0 0.0 0.0 0.0 0.0 0.0 0.0 0.0 0.0 0.0 0.0 0.0 0.0 0.0 0.0 0.0 0.0 0.0 0.0 0.0 0.0 0.0 0.0 0.0 0.0 0.0 0.0 0.0 0.0 0.0 0.0 0.0 0.0 0.0 0.0 0.0 0.0 0.0 0.0 0.0 0.0 0.0 0.04658690847852712 0.13949802036647901 0.24104184786054944 0.24160391456571845 0.22939074228449766 -1.0 -1.0 0.0005117421604129653 0.0 0.0307775330651596 0.0 0.0 0.0 0.0 0.0 0.0 0.0 0.0 0.0 0.0 0.0 0.0 0.0 0.0 0.0 0.0 0.2671067629541199 0.3066260406580572
0.0 0.0 0.0 0.0 0.0 0.0 0.0 0.0 0.0 0.0 0.0 0.0 0.0 0.0 0.0 0.0 0.0 0.0 0.0 0.0 0.0 0.0 0.0 0.0 0.0 0.0 0.0 0.0 0.0 0.0 0.0 0.0 0.0 0.0 0.0 0.0 0.0 0.0 0.0 0.0 0.0 0.0 0.0 0.0 0.0 0.0 0.24152067215281434 0.24184644806266714 0.15981544414695015 0.0 0.0 0.0 0.0 0.0 0.0 0.0 0.0 0.0 0.0 0.0 0.0 0.0 0.0 0.0 0.0 0.0 0.0 0.0 0.0 0.0
0.0 0.0 0.0 0.0 0.0 0.0 0.0 0.0 0.0 0.0 0.0 0.0 0.0 0.0 0.0 0.0 0.0 0.0 0.0 0.0 0.0 0.0 0.0 0.0 0.0 0.0 0.0 0.0 0.0 0.0 0.0 0.0 0.0 0.0 0.0 0.0 0.0 0.0 0.0 0.0 0.0 0.0 0.0 0.0 0.0 0.15288885605611316 0.0 0.0 0.0 0.0 0.0 0.0 0.0 0.0 0.0 0.0 0.0 0.0 0.0 0.0 0.0 0.0 0.0 0.0 0.0 0.0 0.0 0.0 0.0 0.0
0.0 0.0 0.0 0.0 0.0 0.0 0.0 0.0 0.0 0.0 0.0 0.0 0.0 0.0 0.0 0.0 0.0 0.0 0.0 0.0 0.0 0.0 0.0 0.0 0.0 0.0 0.0 0.0 0.0 0.0 0.0 0.0 0.0 0.0 0.0 0.0 0.0 0.0 0.0 0.0 0.0 0.0 0.0 0.0 0.0 0.0 0.0 0.0 0.0 0.0 0.0 0.0 0.0 0.0 0.0 0.0 0.0 0.0 0.0 0.0 0.0 0.0 0.0 0.0 0.0 0.0 0.0 0.0 0.0 0.0
0.0 0.0 0.0 0.0 0.0 0.0 0.0 0.0 0.0 0.0 0.0 0.0 0.0 0.0 0.0 0.0 0.0 0.0 0.0 0.0 0.0 0.0 0.0 0.0 0.0 0.0 0.0 0.0 0.0 0.0 0.0 0.0 0.0 0.0 0.0 0.0 0.0 0.0 0.0 0.0 0.0 0.0 0.0 0.0 0.0 0.0 0.0 0.0 0.0 0.0 0.0 0.0 0.0 0.0 0.0 0.0 0.0 0.0 0.0 0.0 0.0 0.0 0.0 0.0 0.0 0.0 0.0 0.0 0.0 0.0
0.0 0.0 0.0 0.0 0.0 0.0 0.0 0.0 0.0 0.0 0.0 0.0 0.0 0.0 0.0 0.0 0.0 0.0 0.0 0.0 0.0 0.0 0.0 0.0 0.0 0.0 0.0 0.0 0.0 0.0 0.0 0.0 0.0 0.0 0.0 0.0 0.0 0.0 0.0 0.0 0.0 0.0 0.0 0.0 0.0 0.0 0.0 0.0 0.0 0.0 0.0 0.0 0.0 0.0 0.0 0.0 0.0 0.0 0.0 0.0 0.0 0.0 0.0 0.0 0.0 0.0 0.0 0.0 0.0 0.0
