critload/trunk/output/1999/fle_nat.asc
ncols 720
nrows 360
xllcorner -180
yllcorner -90
cellsize 0.5
NODATA_value -1
[rows 145 to 173 of 360, columns 325 to 389 of 720]
-1.0 -1.0 0.0 0.0 0.0 0.0 0.0 0.0 0.0 0.0 0.0 0.0 0.0 0.0 0.0 0.0 0.0 0.0 0.0 0.0 0.0 0.0 0.0 0.0 0.0 0.0 0.0 0.0 0.0 0.0 0.0 0.0 0.0 0.0 0.0 0.0 0.0 0.0 0.0 0.0 0.0 0.0 0.0 0.0 0.0 0.0 0.0 0.0 0.0 0.0 0.2240672727838589 0.249203628319364 0.2051378719833002 0.2215389648086294 0.0 0.0 0.0 0.0 0.0 0.0 0.0 0.0 0.0 0.0 0.0
-1.0 -1.0 0.0 0.0 0.0 0.0 0.0 0.0 0.0 0.0 0.0 0.0 0.0 0.0 0.0 0.0 0.0 0.0 0.0 0.0 0.0 0.0 0.0 0.0 0.0 0.0 0.0 0.0 0.0 0.0 0.0 0.0 0.0 0.0 0.0 0.0 0.0 0.0 0.0 0.0 0.0 0.0 0.0 0.0 0.0 0.0 0.0 0.0 0.0 0.0 0.0 0.09678052332330202 0.0 0.0 0.0 0.0 0.0 0.0 0.0 0.0 0.04656934946615686 0.0 0.0 0.0 0.0
-1.0 -1.0 0.0 0.0 0.0 0.0 0.0 0.0 0.0 0.0 0.0 0.0 0.0 0.0 0.0 0.0 0.0 0.0 0.0 0.0 1.669378254247621e-05 1.6641092020953217e-05 0.0 0.0 0.0 0.0 0.0 0.0 0.0 0.0 0.0 0.0 0.0 0.0 0.07626886012803376 0.0 0.0 0.0 0.0 0.0 0.0639838850683445 0.0 0.0 0.0 0.0 0.0 0.0 0.0 0.0 0.0 0.0 0.0 0.0 0.0 0.015861988609273264 0.0 0.0 0.0 0.0 0.07887721423283386 0.038846115210848235 0.07788246443398532 0.06223913729794285 0.046038963275315536 0.0
-1.0 0.0 0.0 0.0 0.0 0.0 0.01279246911121353 0.2447546741576443 0.0 0.0 0.0 0.0 0.21583362823007662 0.0 0.0 0.0 0.0 0.0 0.0 0.0 0.0 0.0 0.0 0.0 0.0 0.0 0.0 0.0 0.0 0.0 0.0 0.0 0.0 0.0 0.0 0.0 0.0 0.0 0.0 0.0 0.0 0.0 0.0 0.0 0.023773767811838698 0.0600030785373343 0.0 0.0 0.0 0.0 0.0 0.0 0.0 0.0 0.0 0.0 0.0 0.0 0.08156260480081187 0.028618242674709343 0.0 0.07342421583158 0.10238191444251173 0.0865342887536915 0.0
0.0 0.0 0.0 0.0 0.0 0.0 0.0 0.21870746008942138 0.22464719818938944 0.07874211858340066 0.0 0.0 0.0 0.0 0.0 0.0 0.0 0.0 0.0 0.0 0.0 0.0 0.0 0.0 0.0 0.0 0.0 0.0 0.0 0.0 0.0 0.0 0.0 0.0 0.0 0.0 0.0 0.0 0.0 0.0 0.0 0.13237251768798758 0.0 0.0 0.0 0.15999343420986678 0.0 0.0 0.0 0.0 0.0 0.0 0.01843818913631267 0.0 0.0 0.0 0.0 0.0 0.0997547880939836 0.0570089031311747 0.06769166617988769 0.0 0.0 0.0 0.0
0.0 0.0 0.0 0.0 0.0 0.0 0.0 0.21432617171962975 0.07361745923703929 0.11511822805698926 0.0 0.0 0.0 0.0 0.0 0.0 0.0 0.0 0.0 0.0 0.0 0.0 0.0 0.0 0.0 0.0 0.0 0.0 0.0 0.0 0.0 0.0 0.0 0.1227634880242219 0.011470130499134312 0.035465267149126116 0.0 0.0 0.0 0.0 0.0 0.11886744781042707 0.08455540712729306 0.0 0.0 0.15554094335247298 0.0 0.0 0.0 0.0 0.0 0.0 0.0 0.0 0.0 0.0 0.0 0.0 0.0 0.0 0.0 0.0 0.0 0.0 0.0
-1.0 0.0 0.0 0.16301793704779888 0.0 0.0 0.0 0.0 0.19013534176143612 0.0 0.0 0.0 0.0 0.0 0.0 0.0 0.0 0.0 0.0 0.0 0.0 0.0 0.0 0.0 0.0 0.0 0.0 0.0 0.0 0.0 0.0 0.005018032397498829 0.0 0.0 0.0 0.0 0.0 0.0 0.0 0.12517024003816202 0.09192879835588547 0.0 0.015836806105515976 0.013379765568675303 0.08156097359699935 0.0 0.16733885800647322 0.14347171514680246 0.0 0.0 0.0 0.0 0.0 0.0 0.0 0.0 0.0 0.0 0.0 0.0 0.0 0.0 0.0 0.0 0.0
-1.0 0.23325539494635333 0.15330408482119984 0.16681375001282764 0.1685230678316096 0.1829292819816404 0.0 0.0 0.13182938570257222 0.036787568520971085 0.015911043198969903 0.026130185201941047 0.12673745240398843 0.0 0.0 0.0 0.0 0.0 0.0 0.0 0.0 0.0 0.0 0.0 0.0 0.0 0.0 0.0 0.0 0.0 0.0 0.0 0.0 0.0 0.0 0.0 0.0 0.0 0.0 0.0 0.0 0.0 0.0 0.0 0.0 0.0 0.0 0.0 0.0 0.0 0.0 0.0 0.13332706439866335 0.0 0.0 0.0 0.0 0.0 0.0 0.0 0.0 0.0 -1 0.0 0.0
-1.0 0.12094337667260237 0.10046561878830504 0.19188715764584208 0.14067761591919664 0.09500531173972229 0.0 0.23691006063843142 0.15570724752680498 0.0 0.14188306389075847 0.11113143087142385 0.22504912857352302 0.21000262237418116 0.061205431877852275 0.1897589482018376 0.15643607643736823 0.06466393201917511 0.25272104512466537 0.2677964988647771 0.0 0.0 0.0 0.0 0.0 0.0 0.0 0.0 0.0 0.0 0.0 0.0 0.0 0.0 0.0 0.0 0.0 0.0 0.0 0.0 0.0 0.0 0.0 0.0 0.11977160916800403 0.15559929331269803 0.2238872056521151 0.0 0.0 0.0 0.0 0.0 0.0 0.0 0.0 0.0 0.0 0.0 0.0 0.0 0.0 0.0 0.0 -1 -1
-1.0 0.2384264120357601 0.23279355812245106 0.24027301041461624 0.2848962924241222 0.28352294469249134 0.26664304922686066 0.2673604850936479 0.2859080545727139 0.285545791880909 0.15782275884703406 0.14849192030342187 0.281091098476476 0.2464642889919533 0.10544695975500736 0.2829503150311066 0.2785623935695445 0.2794676096297322 0.2745955489903667 0.26907276058717716 0.2701676310644276 0.027739985692727853 0.0 0.0 0.0 0.0 0.0 0.0 0.0 0.0 0.0 0.0 0.0 0.0 0.0 0.0 0.0 0.0 0.0 0.0 0.0 0.0 0.0 0.0 0.0 2.1678194934851628e-05 0.0 0.0 0.0 0.0 0.0 0.0 0.0 0.0 0.0 0.0 0.0 0.0 0.0 0.0 0.0 0.0 0.0 0.0 0.0
-1.0 0.21504706071562685 0.3006429435283715 0.29595007018812036 0.2957150433380146 0.2941434522899583 0.2918218350270881 0.2927619352331492 0.2903997592838637 0.29364373514125497 0.2935960631523101 0.289349469951677 0.29053644842353016 0.2900708737965138 0.28994851501502805 0.28128236838487386 0.2798408372827087 0.28149533298778884 0.19660809457101602 0.18116754054667933 0.17622678825111104 0.14698298471337126 0.15787320290367923 0.0 0.0 0.0 0.0 0.0 0.0 0.0 0.0 0.0 0.0 0.0 0.0 0.0 0.0 0.0 0.0 0.0 0.0 0.0 0.0 0.0 2.7196268335694696e-06 0.0 0.0 0.0 0.0 0.0 0.0 0.0 0.0 0.0 0.0 0.0 0.0 0.0 0.0 0.0 0.0 0.0 0.0 0.0 0.0
-1.0 -1.0 0.28849811535294667 0.31475625526970646 0.27739645680144187 0.2997070041798216 0.29589710805221886 0.295685143593017 0.2950619188682865 0.294955891603482 0.29454231946189324 0.29351077387762753 0.2930466330634147 0.29083671543896844 0.2905126929317059 0.284322379019465 0.2827713090479447 0.28244514355466954 0.16976322358820145 0.21678700283251717 0.1961177358350187 0.2378118148467932 0.19078882868399208 0.04563819987709503 0.0 0.0 0.0 0.0 0.0 0.0 0.0 0.0 0.0 0.0 0.0 0.0 0.0 0.0 0.0883532888251849 0.0 0.0 0.0 0.0 0.0 0.16528129798233346 0.08877723722924502 0.0 0.05805407563428005 0.0 0.0 0.0 0.0 0.0 0.0 0.0 0.0 0.19501753916217984 0.15230710371177736 0.0 0.0 0.11408842958377645 0.0 0.0 0.0 0.0
-1.0 -1 0.23655965321215253 0.2960473257718058 0.09960585401084793 0.310433611837707 0.29636202718171883 0.29617809815538215 0.295832958555008 0.295744690746682 0.29397759893789105 0.29456407857145306 0.290948920550939 0.24333538737813237 0.24552312208894134 0.2859425031744051 0.18468725592527718 0.27259143342220343 0.15374471029132425 0.21486355550659453 0.24050348488813808 0.1854478041004796 0.04534560514111975 0.0 0.0 0.0 0.0 0.0 0.0 0.0 0.0 0.0 0.2669264850511163 0.0 0.0 0.0 0.0 0.0 0.209973746858022 0.16316155963412185 0.09337967774849124 0.09035672985269776 0.0 0.0012006773027021572 0.1241525662366821 0.22587314224366295 0.2585473301981757 0.2660187499032985 0.1674640421727007 0.0 1.2298821995356615e-06 0.0 0.04289314279875941 0.23397987690895405 0.0 0.0 0.0 0.20596143913583065 0.0 0.0 0.0 0.0 0.0 0.0 0.0
-1.0 -1.0 -1.0 -1.0 0.10912926160228799 0.31522106640628245 0.29589090116248623 0.29606715002223966 0.29568118652610226 0.2952797072889565 0.29516359142015575 0.2952280231014549 0.2940565377691978 0.27077756517440266 0.27551549755981564 0.2890661110960312 0.2879858402972683 0.2928370417968177 0.27534398185852726 0.27003303148196955 0.2498831121932499 0.23364420138513936 0.26997331332270547 0.2057215302472023 0.09011633060905404 0.0 0.0 0.0 0.0 0.010806457555271293 0.0 0.0 0.18192510303495382 0.1959694179493164 0.17612854389422208 0.27957186653070515 0.09252392202287671 0.19890468338899964 0.2439997264464108 0.18585031274200134 0.17092156075994178 0.10615962373140796 0.04988011199149843 0.1712172144339608 0.17051901319942137 0.0 0.18720296872845496 0.27135691378102383 0.27316705666430335 0.25941477488015885 2.0594215272459898e-06 0.26721008053682604 0.0 0.282268335105683 0.0 0.020857537643215858 0.10945251446067904 0.0 0.0 0.0 0.0 0.017642856328707626 0.0 0.0 0.0
-1.0 -1.0 -1.0 -1.0 -1.0 0.27459396567040745 0.2899867079157021 0.24550730003808988 0.29624914091463334 0.29573775972613514 0.2950765745533187 0.29530378708257754 0.2951698664051018 0.23068550936265186 0.27886597317140144 0.2758730076029606 0.23934788154008493 0.23061961647243132 0.2487724280569336 0.22511301336328682 0.25679803512003885 0.26035684421289096 0.2047293694711968 0.27316645411744567 0.23227199348823363 0.21212352203353632 0.009806602687715476 0.06462747279614753 0.0 0.17063710881902533 0.2727080800292622 0.2689748004584387 0.05096640621100367 0.2597572323031781 0.26757081599820315 0.17434500748070692 0.2538143699381067 0.27207459339633927 0.2629626122969237 0.18698669869038193 0.17668452940697266 0.14292003273816845 0.13172842210580546 0.1683255478894401 0.0 0.04407791246734937 0.21165450207947228 0.2218600553735893 0.22156726117418646 0.23411964817351985 0.27612396627800495 0.14393197770781996 0.06327997292387763 0.2874881534585433 0.2730982185962824 0.1092777522273799 0.0 0.0 0.2133522588301272 0.25181532943534496 0.15720206078573154 0.20067751266249242 0.0 0.0 0.0
-1.0 -1.0 -1.0 -1.0 -1.0 -1.0 -1.0 0.24003892207757366 0.24773765106499315 0.29641375838246536 0.2955935625184252 0.23835247128782588 0.23709915823181896 0.23177485358950714 0.2827163679071819 0.27984381585795487 0.2791120122179287 0.2678202220702344 0.2631091429776725 0.24222607658239745 0.25770091033372566 0.27268922285582475 0.21652245708433315 0.20823261543963525 0.07572621851260539 0.08855497520396326 0.020195686784261136 0.0 0.0 0.002798404182590424 0.1746282874908599 0.2764048120821303 0.18577552375431325 0.2615590259272323 0.22412456818211102 0.22520122605245002 0.2765419509256442 0.27099991723492955 0.2009102710381859 0.2554673930205852 0.26910519300112873 0.2602740324616543 0.14189711154713974 0.19801026242314068 0.1310889429772549 0.2172766305746119 0.22208033259182558 0.2895072710013653 0.22191069665444454 0.26558887340415227 0.280514960527979 0.2589834243212468 0.19502185129013222 0.28753296018151353 0.08395307918388081 0.13045732510405456 0.17033549424667174 0.22134792881719106 0.26037620303983533 0.21861282588644296 0.2765761921507956 0.22138446829656297 0.0 0.0 0.06662880207885287
-1.0 -1.0 -1.0 -1.0 -1.0 -1.0 -1.0 -1.0 0.09751925099807836 0.24291048354610742 0.24516362286876553 0.23941938802128362 0.24152359426118827 0.23843286744811687 0.23640686190292495 0.28007722764579907 0.2794939780071738 0.29494769845944707 0.2681805375529439 0.2607905945734819 0.26877853192912665 0.2648470390872874 0.17705070897442585 0.26578610389469937 0.2599302221400457 0.19497631387544762 0.0 0.176954696754493 0.040729571222391 0.0 0.16131966400025605 0.14570162182358934 0.16535571274959682 0.25194133975641164 0.21511158350010665 0.23499860227321698 0.2818771512869215 0.2715646808232466 0.19301599651966203 0.2497047514089461 0.2526662419183984 0.24887164713708068 0.2661747943796328 0.26421178871919493 0.23405929806558604 0.1900003060925794 0.19509866618600596 0.15889793839606445 0.20391198280990955 0.2729265164294941 0.2909748806998823 0.22759855795335412 0.26890513710973785 0.2885593716618139 0.27406926832498796 0.0 0.28503641487188386 0.0 0.12835084957813941 0.0 0.20273803657301814 0.1668980595350723 0.0 0.2777442241001541 0.07623441601524562
-1.0 -1.0 -1.0 -1.0 -1.0 -1.0 -1.0 -1.0 0.24123452543057086 0.2501828185110121 0.24665050279672437 0.2448457199940034 0.24610677464961603 0.2943671875824518 0.2400645250995076 0.24160006330844913 0.23804965894612543 0.29502872927484824 0.27296817800119455 0.26272997078795896 0.2578145054400986 0.26217540134387735 0.27096439395738603 0.26163830657595766 0.25350875320491933 0.18755610686505395 0.19354946218010016 0.15222439633887577 0.2006670350324367 0.1301233848144994 0.15236355888288788 0.05710864231038551 0.18710856276535445 0.18449691797666096 0.1966502631265558 0.28151125610693506 0.2829429299115486 0.2719459026193327 0.2580725798264465 0.18361357023472685 0.23013568467398737 0.2717522167757988 0.26336848930928236 0.26879308737918717 0.267441419097444 0.2654076450293026 0.17623242092086908 0.2041583630059837 0.22310656315424182 0.21950926139131327 0.20476759233044606 0.28990729098813717 0.272927204123946 0.2537490756200427 0.0 0.12775773358628284 0.0 0.24867856667527788 0.2842718640351198 0.21706656577443045 0.26683604612744444 0.28458241730500655 0.2293641028192137 0.0 0.14938005087645922
-1.0 -1.0 -1.0 -1.0 -1.0 -1.0 -1.0 -1.0 0.2328011960524468 0.2824745998103356 0.2481788493287011 0.2407760673640036 0.2452383527915856 0.24230617334346505 0.2365973746687425 0.24101028747812067 0.24123659164911643 0.2954712944126749 0.27664722728750435 0.2645821639279537 0.27540811149124333 0.24081304454089247 0.18159422495704128 0.25464886036656204 0.20503482070398713 0.2339489637412315 0.25324559523430007 0.1937708149045296 0.20495328415578884 0.25263054712205024 0.2545136159681063 0.269857477465252 0.257453413441368 0.22932846204270518 0.2191052781938187 0.2639552319020653 0.2939123528703065 0.23213553363298248 0.2559828050705508 0.25292950937182446 0.23260269522087038 0.2641925739968077 0.2750338518389616 0.2693958256413093 0.2549033040535806 0.28028962172314115 0.2772425237986045 0.26308635142082765 0.2276507946940744 0.2835324951639732 0.21737563564012427 0.2202876845667671 0.20455434864558572 0.19251809794170738 5.07370722403939e-07 0.16939716631900142 0.2572996845245947 0.27096211450430524 0.2933533585876504 0.09081705330589439 0.023499956693219953 0.29415384507141895 0.27561026388181903 0.2975824325157885 0.2797952406837671
-1.0 -1.0 -1.0 -1.0 -1.0 -1.0 -1.0 -1.0 -1.0 0.2374513938763697 0.24650580658513102 0.24173055681415018 0.2404429396048628 0.2953203605798414 0.21263915043462547 0.2425386078779869 0.23638342011834612 0.23717261526798974 0.27255516870934743 0.20073219182072305 0.26537095667055177 0.2556583008355244 0.2451237572302479 0.22330621415793603 0.24417361776795193 0.2503924478391098 0.19606706600465698 0.2049881003671335 0.20324375370413272 0.2606404908070484 0.2722894602995931 0.2744014260949664 0.26396941204972496 0.2732877728313904 0.2305859083909781 0.21708877818187294 0.29089735930416344 0.27394235556073315 0.24458427979961417 0.24248684793868439 0.2389690742538031 0.2535280845364643 0.24369065802528644 0.20106157310404116 0.24229193979371727 0.22715727212391876 0.2787387316834528 0.2585947383500009 0.24716786463180546 0.23841703273739867 0.0 8.749076487142036e-07 0.0 1.4286235523027616e-06 0.1958245144124201 0.28117438268378975 0.28829187310168436 0.285566250592859 0.28912764759763165 0.23114576397577988 0.2320262496998185 0.219983429039686 0.2425581433269683 0.2457116305331325 0.23087836498299324
-1.0 -1.0 -1.0 -1.0 -1.0 -1.0 -1.0 -1.0 -1.0 -1.0 0.23332792290071003 0.2294718044042348 0.24303775530231647 0.24567161376598617 0.24744693468905563 0.24158130566733318 0.23752190671356577 0.23375498463641553 0.2707947351995447 0.2736689199955127 0.259585892122326 0.22358814868779092 0.24319565841831683 0.23360436392396472 0.24145142721717833 0.2622475834019288 0.19482882498606982 0.14532313473944475 0.09189362762675844 0.23784857400066045 0.18412444151619753 0.21628581177096778 0.2713337154598933 0.27381057852884116 0.28437637478454925 0.20243589369267717 0.2767266211607861 0.2736990847189362 0.0391803808483373 0.21741516511286466 0.1007913868560851 0.24963838429895294 0.23841263312817423 0.2661678661253571 0.2512830287479177 0.2599135238803056 0.2840316792085649 0.23654579479302526 0.09860701534049829 0.2799668785978874 0.23047130963880133 0.18499690684389933 1.4288920554016388e-05 3.6042365974453003e-06 0.29107973517371627 0.29072326802522497 0.2953839641721413 0.2946063365175345 0.2957080613679882 0.24995028436928168 0.22886270968370417 0.2706235309121255 0.24427651507117798 0.23917611407679312 0.2409590473092405
-1.0 -1.0 -1.0 -1.0 -1.0 -1.0 -1.0 -1.0 -1.0 -1.0 -1.0 0.1204331750503041 0.24925947195158799 0.2830939614789267 0.2864162307116785 0.28651281963618647 0.24398888032593874 0.23597989998974112 0.275093473140618 0.2711101254747836 0.2698642647273915 0.24749944591387676 0.20861670293972817 0.22155108896973416 0.24559824811155156 0.20137424318734504 0.08132765427453996 0.1244868858934921 0.1962430123803181 0.2088564953254334 0.22464640881335343 0.15433017863080972 0.22798481918663016 0.2615488299019792 0.2199955013481093 0.16388246306454257 0.2712904740705512 0.16706271691256955 0.22192713112454482 0.21155087936406428 0.0 0.15067463663209876 0.18878106949418164 0.20301153337471012 0.23820204356025 0.2458086089718146 0.24755346336087858 0.23415946859057227 0.10652124184489195 0.20438546210844802 0.23379505963976974 0.2423488488411245 0.2752594130300824 0.2802223575596341 0.2823921059362042 0.2354422253166503 0.24037842258082917 0.22730367610184668 0.23894450781420704 0.24100794160662847 0.26240505958240207 0.24645576442204753 0.24595194523279915 0.24212176126844837 0.27042645080051125
-1.0 -1.0 -1.0 -1.0 -1.0 -1.0 -1.0 -1.0 -1.0 -1.0 -1.0 -1.0 -1.0 0.04385347089727528 0.27582563482823147 0.28586823552879154 0.24298047100264672 0.2801778980841832 0.27285404764422866 0.27554113060050944 0.2692618318685011 0.2607321546879076 0.21292770099233838 0.23240506428852886 0.2390306013713042 0.24374393291953242 0.21788029255908153 0.19935198407187738 0.2210457388408794 0.2360477212308658 0.22162938566299015 0.22888303365872356 0.2235116168017611 0.183912353789335 0.2121001839412557 0.1353382991217971 0.14173163986084683 0.04624120228671307 0.14989996093042451 0.07510933519012775 6.130518309503433e-07 0.21195658420671543 -1 0.21784738813478483 0.15686968627748585 0.2472471295442277 0.23639951889684788 0.24064396163413557 0.04928200695481741 0.0 0.0 0.20862917207431703 0.2957456068220041 0.2942517597017118 0.24469791108522598 0.2144772710319156 0.2220005423849854 0.23330849152006805 0.24107577784547052 0.2423352687966423 0.22948033335946838 0.2342823388183641 0.24606194381913057 0.2459541295724804 0.262865175012126
-1.0 -1.0 -1.0 -1.0 -1.0 -1.0 -1.0 -1.0 -1.0 -1.0 -1.0 -1.0 -1.0 -1.0 0.13876626724656582 0.26318548792093893 0.2842242820247166 0.24100894089420996 0.240334339491926 0.27439051281484494 0.26462536718796964 0.2496825088193258 0.23045709067701364 0.2511432872785405 0.22222099684213242 0.1826724318001216 0.17225587871774334 0.22688165095560758 0.23094144611015766 0.23571680502137388 0.22213422986843703 0.18982067880762993 0.17375283225917634 0.0 0.0 0.0 0.05183066352215169 -1.0 -1.0 -1.0 -1.0 -1.0 -1.0 -1.0 0.02081673279123436 0.09739474131627578 0.2456658577056791 0.2171610565239692 0.1190357020343855 0.0 4.862608852026491e-06 0.29428491498795595 0.2971808416589365 0.2577671616719907 0.2977390139447811 0.22043486993569747 0.23852817868846 0.2387783889607817 0.24037279893856106 0.27678020845014406 0.2191075327211958 0.2159174979272146 0.2819639745045516 0.26694860337935544 0.233826130340001
-1.0 -1.0 -1.0 -1.0 -1.0 -1.0 -1.0 -1.0 -1.0 -1.0 -1.0 -1.0 -1.0 -1.0 -1.0 0.21771642731195162 0.25754658557541965 0.28275564518181107 0.28321640430456285 0.2950774887055937 0.26731497632530693 0.26647874400901883 0.24755911215622572 0.2575323235227439 0.217250157984228 0.1931253387795666 0.16667152906421848 0.15688877433474974 0.23838227312632887 0.19269668113078464 0.22734666241417117 0.18435659185532355 0.02343428857518197 0.09739204380797722 -1 -1.0 -1.0 -1.0 -1.0 -1.0 -1.0 -1.0 -1.0 -1.0 -1.0 0.1156147871804497 0.16098871838480294 0.14656717919689052 2.4195383330095413e-06 0.11009377782012394 0.17644633657952707 0.29711269542047986 0.2967989593774145 0.2967179767146154 0.2588288113900055 0.25552745475941907 0.24332682840879208 0.23657030910986587 0.2288484444673193 0.2118512250237049 0.2024775836448143 0.20472818035580836 0.23041545081405762 0.21646709036418163 0.23382360302879523
-1.0 -1.0 -1.0 -1.0 -1.0 -1.0 -1.0 -1.0 -1.0 -1.0 -1.0 -1.0 -1.0 -1.0 -1.0 -1.0 -1 0.24731809078785696 0.2677028055856741 0.2742142892859401 0.07147800609925878 0.25666638903789 0.2365469341610756 -1.0 -1.0 -1.0 -1.0 -1.0 -1.0 -1.0 0.18206537193389086 0.0 -1.0 -1.0 -1.0 -1.0 -1.0 -1.0 -1.0 -1.0 -1.0 -1.0 -1.0 -1.0 -1.0 0.1268659349921404 0.15198654903610812 0.15847283808759924 0.1022808041431009 0.2719289707384947 0.2868129502495425 0.4848210841595162 0.32239667731014016 0.2986648231497956 0.259599630836184 0.24428884806440102 0.25267006288036065 0.24544889828221786 0.21761866434750674 0.2106870578169512 0.21511349364264568 0.2161990877108364 0.2311015919571863 0.22785979802978557 0.24482533672924403
-1.0 -1.0 -1.0 -1.0 -1.0 -1.0 -1.0 -1.0 -1.0 -1.0 -1.0 -1.0 -1.0 -1.0 -1.0 -1.0 -1.0 -1.0 -1.0 0.3176458541095441 0.34409328616924306 -1.0 -1.0 -1.0 -1.0 -1.0 -1.0 -1.0 -1.0 -1.0 -1.0 -1.0 -1.0 -1.0 -1.0 -1.0 -1.0 -1.0 -1.0 -1.0 -1.0 -1.0 -1.0 -1.0 -1.0 -1.0 0.10707491612801609 0.13458210663128267 0.14000457852472092 -1 -1 -1.0 0.35537056393825633 0.2968433803911775 0.28545009137260613 0.24424890104528124 0.241278062752232 0.19997409193206814 0.2126330987906109 0.2120262763976493 0.2181642133896005 0.22134282872249192 0.23270539176502936 0.2129556640684267 0.22387663689638926
-1.0 -1.0 -1.0 -1.0 -1.0 -1.0 -1.0 -1.0 -1.0 -1.0 -1.0 -1.0 -1.0 -1.0 -1.0 -1.0 -1.0 -1.0 -1.0 -1.0 -1.0 -1.0 -1.0 -1.0 -1.0 -1.0 -1.0 -1.0 -1.0 -1.0 -1.0 -1.0 -1.0 -1.0 -1.0 -1.0 -1.0 -1.0 -1.0 -1.0 -1.0 -1.0 -1.0 -1.0 -1.0 -1.0 -1.0 -1.0 -1.0 -1.0 -1.0 -1.0 0.2892034809528848 -1.0 0.3042531833441174 0.24062174449812082 0.23990998060824992 0.23828840285121833 0.21557279552023437 0.21213266947249013 0.21504754081938368 0.2166746500369368 0.21027864552371595 0.21974495331515873 0.22144435002740345
-1.0 -1.0 -1.0 -1.0 -1.0 -1.0 -1.0 -1.0 -1.0 -1.0 -1.0 -1.0 -1.0 -1.0 -1.0 -1.0 -1.0 -1.0 -1.0 -1.0 -1.0 -1.0 -1.0 -1.0 -1.0 -1.0 -1.0 -1.0 -1.0 -1.0 -1.0 -1.0 -1.0 -1.0 -1.0 -1.0 -1.0 -1.0 -1.0 -1.0 -1.0 -1.0 -1.0 -1.0 -1.0 -1.0 -1.0 -1.0 -1.0 -1.0 -1.0 0.2894808549715093 0.2937267786834998 -1.0 0.24294996000910873 0.24386809062977682 0.2407463562165772 0.23358192615366383 0.2263916022275225 0.22231154158693517 0.21932724642567383 0.22196211264368282 0.21936760594902438 0.2233355624282539 0.2154223687207135
