critload/trunk/output/1999/fle_nat.asc
ncols 720
nrows 360
xllcorner -180
yllcorner -90
cellsize 0.5
NODATA_value -1
[rows 87 to 115 of 360, columns 520 to 584 of 720]
0.0 0.07563761351110689 0.15975834569231073 0.0 0.0 0.27242344348590625 0.2688970899684031 0.12548215717980873 0.33405346539236713 0.28042452172227283 0.16300298455616802 0.17761337590605125 0.13972418223399455 0.0969507863465479 0.0 0.0 0.0 0.0 0.0 0.0 0.0 0.0 0.0 0.31034842939078655 0.2964857715710609 0.0 0.0 0.0 0.19145628856795524 0.0 0.0 0.16056151881907188 0.0 0.0 0.0 0.0 0.27973611788358416 0.0 0.0 0.0 0.0 0.0 0.2839947628883802 3.247252863764081e-05 0.0 0.0 0.0 0.0 0.0 0.0 0.0 0.0 0.0 0.0 0.0 0.0 0.0 0.0 0.0 0.0 0.0 0.0 0.0 0.0 0.0
0.0 0.21444101918718833 0.3149455543460021 0.0 0.0 0.31874168177104556 0.1562847825398028 0.3107302469190697 0.1949003182131903 0.22161125239636548 0.19901044811910223 0.0 0.17675948047327592 0.0 0.0 0.0 0.0 0.0 0.0 0.0 0.15227132288602166 0.14848514723570297 0.0 0.0 0.0 0.0537940162917516 0.1368813230452656 0.24606254721748105 0.3403063684218595 0.23512976508106007 0.0 0.28913752567281115 0.0 0.34260462901644745 0.0 0.3234174173692156 0.33418983179741135 0.21142481648042674 0.0 0.0 0.0 0.0 0.0 0.0 0.0 0.0 0.0 0.0 0.0 0.0 0.0 0.0 0.0 0.0 0.0 0.0 0.0 0.0 0.0 0.0 0.0 0.0 0.0 0.0 0.0
0.31895307156502806 0.31916405670104764 0.3195094869344645 0.15178653392903288 0.23899322088160294 0.23336579548108574 0.25511471508905775 0.2912990567793808 0.13718541039722001 0.2696208116256509 0.2742595549886737 0.3372657205756467 0.3138519251342542 0.0 0.0 0.0 0.0 0.15638345631590717 0.1956064741440329 0.2109188736804025 0.10394061774850111 0.21002578400605032 0.12431461881836543 0.0 0.0 0.0 0.0 0.17451526120592747 0.23150210992605239 0.0 0.2412619430568506 0.21756812597658085 0.2490327641186894 0.0 0.0 0.0 0.0 0.0 0.23920177808092954 0.0 0.21682021302760981 0.0 0.0 0.0 0.0 0.0 0.0 0.0 0.0 0.0 0.0 0.0 0.0 0.0 0.0 0.0 0.0 0.0 0.0 0.0 0.0 0.0 0.0 0.0 0.0
0.3215722613760533 0.24777754998076834 0.0 0.16991912290948877 0.061838543331467384 0.0 0.0 0.0 0.024746738928523082 0.052095220505698855 0.02720869416875336 0.05468778579946141 0.0 0.0 0.0 0.0 0.0 0.0 0.0 0.0 0.0 0.0 0.0 0.0 0.0 0.0 0.0 0.0 0.0 0.0 0.3155890037606698 0.1492137942373339 0.10180559401819626 0.24289052471030417 0.3174770900019186 0.3187669819184586 0.24083933056405996 0.2799726457270171 0.0 0.0 0.3065351058036156 0.208298803833858 0.3027408553952945 0.3127234857482723 0.0 0.0 0.0 0.0 0.0 0.0 0.0 0.0 0.0 0.0 0.0 0.0 0.0 0.0 0.0 0.0 0.0 0.0 0.0 0.0 0.0
0.24136729674596683 0.06797015360997431 0.17992382491747394 0.23034508594503467 0.2840817422338802 0.3201144053227465 0.320088286124721 0.3180663695050414 0.3134109505682192 0.3108057584003188 0.30743333298814923 0.20357441892294853 0.08363574809265269 0.0777675671819955 0.03893154922630703 0.021678046564480448 0.035769635163809856 0.0 0.0 0.0 0.0 0.0 0.0 0.0 0.0 0.0 0.0 0.0 0.0 0.0 0.0 0.0 0.1207001222088716 0.0 0.0 0.0 0.0 0.0 0.0 0.30054437753050156 0.0 0.1947655883656921 0.15488717826000095 0.0 0.0 0.0 0.0 0.0 0.0 0.0 0.0 0.0 0.0 0.0 0.0 0.0 0.0 0.0 0.0 0.0 0.0 0.0 0.0 0.0 0.0
0.20128318200253295 0.09660388147537527 0.04984348742217168 0.07214872168314207 0.0 0.0 0.0 0.3183936884911179 0.32098074696719675 0.2635804060839663 0.32033702952388043 0.31990297578114907 0.2423899680262138 0.12347951822790337 0.10760263264454259 0.1366248649901582 0.26375210120267467 0.3057789420340437 0.2733203461210648 0.007342495810924159 0.22976430197056896 0.2459860672595252 0.28208263223710406 0.0 0.2777540734222402 0.0 0.2604459283177807 0.24825707292218482 0.0 0.0 0.0 0.0 0.0 0.0 0.11527868581684496 0.0 0.0 0.0 0.0 0.0 0.0 0.10963601829276634 0.0 0.0 0.0 0.0 0.038622520388124026 0.25778993666001865 0.0 0.0 0.0 0.0 0.0 0.0 0.0 0.040158680066423376 0.0 0.0 0.0 0.0 0.0 0.0 0.0 0.0 0.0
0.20738845255391117 0.08054792175517972 0.16844216796309744 0.0732712252437878 0.02662881114454848 0.28855683363462836 0.31487385317244354 0.2540944746599019 0.2692855348964947 0.2790419154404054 0.2981750258202387 0.2621159345466121 0.2561490804222305 0.18498114484232767 0.23041619866811608 0.1863901712522851 0.30800205678616244 0.2243539445235354 0.0 0.29384601134820465 0.29241995077929994 0.0 0.0 0.0 0.0 0.0 0.3059463531446258 0.28546035226231165 0.16416750021589402 0.27692059756854537 0.0 0.0 0.0 0.012272444337119687 0.0 0.0 0.0 0.0 0.0 0.0 0.0 0.0 0.0 0.2911859695609841 0.0 0.0 0.0 0.0 0.11321909182707694 0.0 0.0 0.0 0.0 0.0 0.0 0.0 0.0 0.0 0.0 0.0 0.0 0.0 0.0 0.0 0.0
0.25150449168286193 0.1868223922158892 0.13397535795084392 0.25214817727819 0.31919986399963735 0.26032011821633155 0.32051240353278637 0.20948289416955992 0.14670955408566944 0.16398361480564944 0.23942792032793828 0.20330052211444996 0.16302400531145658 0.2434127277745921 0.22589810508375668 0.3028450735818738 0.2960703040364047 0.0 0.0 0.0 0.0 0.0 0.0 0.0 0.0 0.0 0.0 0.0 0.0 0.0 0.0 0.0 0.0 0.0 0.0 0.0 0.0 0.0 0.0 0.0 0.0 0.0 0.025449771063764327 0.08177275234426816 0.06478215462767571 0.017016686039220453 0.0 0.0 0.0 0.0 0.0 0.0 0.0 0.0 0.013161350226866042 0.11476167199015264 0.0 0.04022071908316261 0.060937993599685894 0.0 0.0 0.0 0.0 0.0 0.0
0.0 0.1489770535142825 0.16001958912768746 0.3201292313443574 0.31272830825256664 0.2762217527841759 0.3142744320462443 0.1536590641599265 0.09717668183649088 0.21347733957252138 0.31031165583215814 0.2907006309637012 0.0 0.0 0.0 0.0 0.0 0.01825392437648865 0.0 0.0 0.0 0.0 0.0 0.0 0.0 0.0 0.0 0.0 0.0 0.0 0.0 0.0 0.0 0.0 0.0 0.0 0.0 0.0 0.0 0.0 0.0 0.0 0.0 0.0 0.0 0.0 0.06196972434179003 0.07274007660484536 0.0 0.0 0.0 0.0 0.0 0.0 0.040661202395197556 0.0 0.0 0.0 0.0 0.0 0.0 0.0 0.0 0.0 0.0
0.12484377768813469 0.20821942609652117 0.09386297213560701 0.009578951512822688 0.0 0.0 0.0 0.0 0.0 0.0 0.0 0.0 0.0 0.0 0.0 0.0 0.0 0.22581379174998034 0.0 0.0 0.0 0.0 0.0 0.0 0.0 0.0 0.0 0.0 0.0 0.0 0.0 0.0 0.0 0.0 0.0 0.0 0.0 0.0 0.0 0.0 0.0 0.0 0.0 0.0 0.22297532476464052 0.0 0.019615954372726504 0.028333016197030776 0.07367335375392207 0.03159637952162997 0.0 0.0 0.0 0.0 0.0 0.24599053911198787 0.0 0.0 0.0 0.23027846934227342 0.0 0.0 0.0 0.0 0.0
0.042305006591764276 0.0 0.07089238952876878 0.0 0.0 0.0 0.0 0.0 0.0 0.0 0.0 0.0 0.0 0.0 0.0 0.0 0.27046556501019026 0.0 0.29992617430105495 0.0 0.0 0.0 0.0 0.0 0.0 0.0 0.0 0.0 0.0 0.0 0.0 0.0 0.0 0.0 0.0 0.0 0.0 0.0 0.0 0.0 0.0 0.0 0.0 0.0 0.0 0.0 0.0 0.0 0.0 0.0 0.0 0.0 0.0 0.2611746791783267 0.15989096849980738 0.07539910422579917 0.0 0.0 0.0 1.0705551928202469e-05 7.645532749540335e-06 0.0 0.2312438476755283 0.0 1.565189540894014e-05
0.0 0.0 0.0 0.0 0.0 0.0 0.0 0.0 0.0 0.0 0.0 0.0 0.0 0.0 0.0 0.0 0.0 0.0 0.0 0.0 0.0 0.0 0.0 0.0 0.0 0.0 0.0 0.0 0.0 0.0 0.0 0.0 0.0 0.0 0.0 0.18690452928829854 0.0 0.0 0.0 0.0 0.2870576408818692 0.0 0.0 0.0 0.0 0.0 0.0 0.0 0.0 0.0 0.0 0.0 0.0 0.0 0.0 0.009947848415591811 0.10137902274366475 0.0 0.23129111878323377 0.0 0.0 0.0 0.0 0.0 0.23863320401402224
0.0 0.0 0.0 0.0 0.0 0.09426451915301445 0.0 0.0 0.0 0.0 0.0 0.0 0.0 0.0 0.0 0.0 0.0 0.27089899587926963 0.08833814788052083 0.20690274940175182 0.0 0.0 0.0 0.0 0.0202932037639039 0.0 0.0 0.0 0.0 0.0 0.0 0.0 0.0 0.0 0.0 0.0 0.0 0.0 0.0 0.025923536647428563 0.1348779303278971 0.0 0.0 0.0 0.0 0.0 0.0 0.0 0.0 0.0 0.0 0.0 0.0 0.0 0.09293014661278302 0.0 0.0 0.0 0.0 0.0 0.0 0.0 0.0 0.0 0.0
0.09999209300334536 0.13429185645514885 0.0 0.0 0.0 0.0 0.0 0.0 0.0 0.0 0.0 0.0 0.0 0.0 0.1454780536303563 0.25197929349684023 0.0 0.10907658564931554 0.27308712856909667 0.0 0.0 0.0 0.015939645245383702 0.03475315538933888 0.0 0.0 0.0 0.0 0.0 0.0 0.0 0.0 0.0 0.0 0.2867700059380564 0.0 0.0 0.0 0.0 0.0 0.0 0.29247418282243487 0.0 0.0 0.0 0.0 0.0 0.0 0.0 0.0 0.0 0.0 0.11741277116304967 0.17734668002523277 0.19373283763420476 0.0 0.0 0.0 0.0 0.0 0.0 0.0 0.0 0.0 0.0
0.10195146456147398 0.21594599150747515 0.12217454959188373 0.0 0.0 0.0 0.09638553801906764 0.0 0.0 0.058939735514547203 0.0 0.0 0.0 0.23623758883189 0.0 0.0 0.0 0.0 0.0 0.07464678052445432 0.24833291640302801 0.0 0.0 0.0 0.0 0.0 0.0 0.0 0.0 0.0 0.0 0.0 0.0 0.20195605163647357 0.288178558151588 0.2912142981195536 0.29073339610071947 0.24673089573853546 0.12092532482192749 0.0 0.030888624138006946 0.0 0.0 0.0 0.0 0.0 0.0 0.0 0.0 0.0 0.0 0.13829046691273658 0.3044989843938019 0.0 0.1980600838937565 0.30695199961709574 0.0 0.0 0.0 0.0 0.0 0.0 0.0 0.2568174868786986 0.07732462838795692
0.0735527344331247 0.163164847358378 0.0 0.0 0.0 0.1286660574884004 0.13616791990291433 0.0 0.0 0.0 0.0 0.16084292526765798 0.0 0.0 0.0 0.0 0.0758657805169197 0.3036800160100105 0.0 0.0 0.0 0.0 0.0 0.0 0.0 0.0 0.0 0.0 0.0 0.0 0.0 0.0 0.3103532439064675 0.31055031848656245 0.31583506109759435 0.2927422316627761 0.29146369866779304 0.29236601242850224 0.29327538665979036 0.17831951836159765 0.02946579381530119 0.0 0.0 0.1770353502751211 0.22709706970272478 0.18102656869174422 0.0 0.0 0.0 0.0 0.0 0.3093807389730056 0.0 0.0 0.2871916190872331 0.2128731292639083 0.0 0.0 0.0 0.0 0.18919015191906904 0.0 0.09134347430590777 0.2778040399378418 0.29469918103755816
0.18789920668752205 0.1681038499637304 0.0 0.0 0.0 0.0 0.17627958842375022 0.18357761539348721 0.18839159935744376 0.24502228800531367 0.0 0.0 0.0 0.026556499325655427 0.0 0.299689789000968 0.30818888493941204 0.30534899707888985 0.0 0.26952739291777816 0.0 0.0 0.0 0.0 0.0 0.0 0.0 0.0 0.0 0.0 0.0 0.14632428029315966 0.28823602671851706 0.2920254578833106 0.31102281186968456 0.0 0.29455385130836714 0.29359963156443375 0.2935583482564518 0.2936842594493808 0.2933992374750068 0.09060509832652 0.04608058227857627 0.04143011136790246 0.08476259781113225 0.17781140303972515 0.2666975287993108 0.22457616806188024 0.21464272356411704 0.10031004981655894 0.0 0.2055565798294504 0.0 0.0004206385734015051 0.0 0.0 0.0 0.0 0.0 0.17201797443583383 0.0 0.0 0.28341416962516974 0.2866657473561467 0.29190183135940917
0.0 0.17975365441091343 0.0 0.0 0.10557160756227471 0.0 0.0 0.21996193228509106 0.0 0.0 0.12008747395708295 0.0 0.0 0.3092992801244025 0.0 0.0 0.3150227344731293 0.3139996275172317 0.0 0.0 0.0 0.0 0.0 0.0 0.0 0.0 0.0 0.0 0.10770663767069483 0.0 0.0 0.0 0.0 0.2242742389192605 0.31643745654090416 0.0 0.2947492048993079 0.21369846208710921 0.29422990361913354 0.29548745613374505 0.2945184407746731 0.29494419527259397 0.2939762714179415 0.295515607821676 0.29285081098972854 0.013349583187774796 0.05127440476125243 0.08402905345344411 0.14190753776467507 0.12968011426929701 0.27127770376256577 0.029120057455628533 0.18156548218111396 0.0 0.0 0.0 0.0 0.0 0.0 0.0 0.0 0.0 0.27624146630289725 0.29512149504057 0.2593025708442786
0.0 0.0 0.0 0.2484965465189386 0.23057361971734658 0.0 0.0 0.17371650922009194 0.20541227523208666 0.0 0.27624256933739244 0.3035254178171711 0.31772471742179664 0.3187646036929168 0.0 0.0 0.0 0.30975703167110225 0.31263856531790424 0.25204684010322476 0.0 0.0 0.0 0.2541010599147164 0.2647363199759316 0.0 0.0 0.15414330554080158 0.05851861504602548 0.0 0.11381763259738346 0.0 0.26603756992083016 0.0 0.09315648744664375 0.0 0.28455095221336785 0.17600364037881477 0.0 0.0 0.0 0.293446123707348 0.16915452264747793 0.19496018634013662 0.24494987445512018 0.21045706315025528 0.30288292673254297 0.31660360854304254 0.25068839848286456 0.31125834046759204 0.31344532921459045 0.03145162216381743 0.0 0.0 0.0 0.0 0.0 0.0 0.0 0.0 0.0 0.0 0.29269213092241964 0.08526551933461432 0.08516669098526689
0.0 0.0 0.0 0.06860422253776195 0.0 0.0 0.0 0.0 0.265063319123806 0.2973555607954056 0.31685136620445414 0.3187616005987721 0.31860344061346174 0.31983636830261997 0.3124093307086727 0.29787969951382015 0.31930545101106905 0.32018572816516666 0.31890804877183065 0.3176645018675881 0.22895696702477508 0.31323682087529636 0.30965113335799793 0.12956000568614418 0.19061848540226758 0.3127289393320017 0.07440826442102697 0.17888306583395067 0.16558948092186784 0.0 0.0 0.17089474589990236 0.21777160278769775 0.03701779972368357 0.21920218414805318 0.17140882964299417 0.15433812904831257 0.2602388757459544 0.1773788950731089 0.0 0.0 0.0 0.2099827826816468 0.023538600838214158 0.21205027057602144 1.539224885204664e-05 0.28116947435580186 1.049889228026331e-05 0.24556311876205578 0.22845584271358885 0.3127424139301143 0.3118459882398958 0.0 0.0 0.0 0.0 0.0 0.046973190567873656 0.19167897661884667 0.0 0.0 0.2610933335118242 0.29325327523727474 0.25231759575831963 0.2824556871217673
0.0 0.0 0.0 0.0 0.09238975267896236 0.0 0.31956232534201406 0.31846846241000654 0.0 0.3193534676024245 0.3196726085744611 0.31865913534334545 0.31819499304101934 0.3196744746992358 0.17666180101435808 0.17440578134092874 0.3165125952719842 0.3155331269765804 0.0 0.3190812775967493 0.3196142617286589 0.17176721850728616 0.1670272331232598 0.3163466851637779 0.31404247067167906 0.31617239052462626 0.0 0.31289635276326044 0.3136500815611542 0.2372525577580921 0.20098985918805082 0.21749316759126525 0.247238086779162 0.18392097179138348 0.1371229599222171 0.09380562315819548 0.2614141804976503 0.29878366504941173 0.32006032085958563 0.1287166473846621 0.23903110834962485 0.2948571425336286 0.2756593123488727 0.1541668045958636 0.2229286227620524 0.19414549676813989 0.26345710980860537 0.06747277109348403 0.0 0.0 0.30420056470097356 0.0 0.0 0.0 0.0 0.0 0.21990078899957688 0.24057724233326774 0.23706203847221163 0.26570354551547287 0.1463608693897049 0.2937480771531504 0.2630392884413097 0.2171256995736119 0.2673287109194737
0.17299309020657985 0.16906951603629164 0.0 0.16944524385959056 0.31882798636059656 0.3121556722636782 0.3165386467687622 0.31697782248875767 0.3170543075629734 0.31828458660199915 0.3137174595567747 0.177108051210589 0.17630510656396714 0.1740829653453246 0.0 0.31909574499106474 0.31987202961350203 0.17357880412791735 0.17001543941820227 0.32056857754971935 0.3045699546361293 0.3029027870044945 0.3016302331375624 0.0 0.3135893663375399 0.0 0.0 0.3175494457272654 0.24795025193494927 0.31912546612472703 0.31746749742492664 0.25956446237302333 0.2481542446742579 0.21300895821056767 0.23212983602925308 0.3194955305742926 0.3200255654516732 0.29345799741098955 0.32040363303230285 0.2702377548511309 0.31799039952434793 0.27697036429047045 0.31886614793802204 0.20666074862370695 0.25187355366624303 0.2621502439181231 0.20931452750219928 0.2670309544736133 0.0 0.0 0.0 0.0 0.0 3.1603431149630264e-06 0.0 2.653826493751109e-07 0.18944651440229182 0.19549712769950175 0.25777378015745084 0.2741864507211066 0.2629797647852035 0.2411149388420648 0.22559587576181359 0.2454936182142524 0.2726568618321259
0.22394254783792017 0.16745016646389765 0.0 0.1756507128681621 0.3196983688509877 0.3179159672597366 0.2923687060791733 0.3171403691160429 0.31836598073167927 0.3091190660839047 0.3187318129521034 0.3197315500200777 0.3184662166275596 0.3064611808949956 0.31081444493841454 0.31975720010714725 0.0 0.17602745317358134 0.0 0.3163047926629091 0.3009826789465529 0.31671151392753405 0.31722671114262296 0.31566244551638706 0.3091365413348148 0.3162811957629448 0.3190946686890645 0.31885483564303346 0.22851043175673208 0.31886837716440575 0.30836423776765454 0.29362022505381186 0.320606981022727 0.08964595861991934 0.07935415192878542 0.26043574002144315 0.07952202214384431 0.24778007558786216 0.18635175421942365 0.3202572078802592 0.22789403114459306 0.2334036009418601 0.2932845173574677 0.31894643972877074 0.3039138449693107 0.31391902564295443 0.30002208130077196 3.1008817098754563e-06 0.0 0.0 0.0 0.0 0.18204934277872079 0.0 3.5372457287775242e-06 0.0 0.10807979990615331 0.26060017125664064 0.25608505067985476 0.21395489891746763 0.13996972451636158 0.0 0.23700469272757027 0.29134912576172356 0.29110351868812684
0.0 0.3049284531046222 0.30174332110392244 0.28022716175051726 0.3111499368066893 0.31861942745266114 0.3155131979643981 0.31170660188397525 0.1770709278021996 0.31687936542708744 0.32086866412653303 0.32080479839519643 0.31937861846395166 0.17703015962499064 0.31693763216049325 0.3206524032161463 0.3213002866947305 0.31152312736244175 0.17071122671934008 0.3207876209693255 0.30186814447823623 0.317086879105871 0.1751002015763684 0.3205791564724843 0.31646082929274383 0.08580161957153179 0.08660466994857993 0.028893746342464045 0.06988959125816213 0.08608183647387796 0.08973163949374839 0.32105599436644155 0.3209090373319543 0.09084833637975898 0.0 0.07855202070369408 0.0631264130523166 0.06328520417214567 0.09360254203660863 0.08421266193081617 0.08578997212889614 0.29798071865731984 0.300710730644039 0.29768443342512857 0.3021403024150589 0.30329675327140637 0.30590656112577963 0.1239997403386326 0.0 0.11386564105874326 0.0 4.002598170956072e-07 0.1281165312149573 0.2764818964588173 0.25819930661516843 0.24101447511604043 0.2131753918893309 0.19892338063347487 5.99041751306495e-07 0.0 0.02414215056765698 0.21236244953250794 0.23792538369193614 0.217254539688352 0.0
0.31784915428559307 0.316895648117993 0.3144987719269218 0.2732140617993545 0.2940855741366049 0.3170782842932729 0.31226545974716624 0.3112054952956984 0.17603404999400482 0.31781033733544906 0.17542001744707486 0.17474386898755967 0.17714375157597673 0.1774185123245778 0.3203709927522596 0.31874358744019027 0.3185032962854641 0.1771878835330376 0.31741849833061825 0.319790874287175 0.32104548141278255 0.17717023563731704 0.3199958270574885 0.09379774165157112 0.09213443856032169 0.049709036082850495 0.06953145111279677 0.09122062977340968 0.2873530326090401 0.3206381540670078 0.3210766874719777 0.32122770323292876 0.3213636887988535 0.3212814065479637 0.17764321948747128 0.32116712432206096 0.3205524709241973 0.09396517877022811 0.09459332607707523 0.08629890655903144 0.08552340923575245 0.08758577839879121 0.3191459467018625 0.3182029260222447 0.31267697784253135 0.3139069517595568 0.3192065150142737 0.3179371030604739 0.3137390751401078 0.3140271840348786 0.0 0.31407881588600267 0.3183466032826047 0.31748668146567965 0.29764863059630503 0.2583590357305169 0.14510069463653594 0.15854016347904828 0.18505203801082912 0.3160490757256839 0.31834349818787366 0.25318690969312535 0.27708681707647836 0.27908480678426706 0.2066645056561624
0.17301281561809526 0.16564173280705413 0.3163230254535908 0.17352626276447458 0.16990258730165483 0.316558958483001 0.31915204897078026 0.31921038915699207 0.3176655641887446 0.31277309582580437 0.31706029609752934 0.17513912270099688 0.17611459198573237 0.3077116568187101 0.17628639510426727 0.17762784673930057 0.17281516417422918 0.1752502542023851 0.1773970727285165 0.1750433210256276 0.3173163642009981 0.17692539431274623 0.32132853414583085 0.0828971194547254 0.045383198940856 0.2490175207117241 0.3205014364131159 0.3209351892566896 0.32106024394115795 0.3213441441394236 0.1773094972062171 0.3212361708850447 0.3212429606192231 0.32139959908692706 0.24896720388582852 0.32123885529281543 0.11653621355283199 0.17737599065749995 0.09212118417534625 0.07994942249889798 0.08893225874170284 0.31485661191780495 0.27662384871094553 0.3149793507771001 0.28099210379340295 0.08280648203051673 0.3178641033662736 0.3198722095115246 0.29533568609186717 0.3108295629476508 0.18843506141381472 0.0 0.2580086613948206 0.3193590275444042 0.3197437481448185 0.32013216267613526 0.3194730953877854 0.3194868992036493 0.2956270563480739 0.3162472353580381 0.2931838000294963 0.3174804057262707 0.31883070466139735 0.31904027562021214 0.31885866300760507
0.3173996649819797 0.3163876765094787 0.3186430183585432 0.31954755966849874 0.32005709865278614 0.3157528479085901 0.17626623426922702 0.17584562394159223 0.2765893955360611 0.31910847083086175 0.31925508102504296 0.320340168076112 0.3180914222593491 0.31757305439852856 0.177540833090981 0.3204664384274076 0.31286306464588254 0.31848581538143955 0.3191938974496215 0.3018660586833761 0.3066690473456634 0.3212716130255538 0.17743183997505144 0.3213091581210538 0.321052824420098 0.3212009005895097 0.0 0.32054850167714194 0.3211817017483297 0.32115702989808015 0.3212856417871497 0.3213968011694066 0.2719589342945783 0.25317505852756955 0.14857306281640845 0.22112147113419373 0.11251406054104665 0.3212062954147001 0.307644168360916 0.3161586845867952 0.2999308217806222 0.3202005297801611 0.31991827415181395 0.20222081828629362 0.01352194575210888 0.09333269934444233 0.03596885504068845 0.31907530959120417 0.31504885242041786 0.2842065960822571 0.2452804688419432 0.1739369365696919 0.2869096683322127 0.2817857954732455 0.20035571702760052 0.29302764325935354 0.29512818290656634 0.29612122011107705 0.2860707299028947 0.2902019373899253 0.29491803006931205 0.2874327492530324 0.2918639730989423 0.29087229245197344 0.10612880972731588
0.31629704794953634 0.17601891550285467 0.17615688090050302 0.30991970396724655 0.1658823538609225 0.31826235857858604 0.1754961189644336 0.3139758549897728 0.318328446485801 0.3197464199841469 0.3193701971448737 0.32033600309063215 0.3187966162429668 0.31071320665877894 0.31840022416752356 0.31240207963328553 0.31069303894220285 0.3187804894457347 0.3199838071067716 0.3167138439045414 0.3206295372199543 0.32067455545296214 0.32080783821308295 0.3212801621777629 0.320764445387345 0.32120599295926366 0.32127365698311594 0.3212747555874646 0.17754884666469317 0.3208986500079026 0.3209501618494533 0.3212855688060871 0.1442277344293834 0.3213523532165696 0.3207685807502524 0.19040313159490996 0.17754628520143162 0.2203282669480977 0.18568536061526852 0.24871409895029634 0.24447479603243147 0.2864119774782121 0.3167778522988929 0.2987826017885813 0.29772968799195293 0.2664520166294255 0.31898767527703614 0.31898060667400996 0.31928104697246484 0.2947066867531407 0.2935684227759134 0.29457148122358634 0.29572090484027447 0.29569219525844775 0.2948625512506387 0.31806587261440844 0.28936242383422983 0.2859153294783571 0.18211000825228937 0.29148097549330293 0.27794394648754683 0.24113780916105096 0.029314641017732297 0.0 0.0
0.31903062416840294 0.3193719010373391 0.3185746042077325 0.3200475117688676 0.31289807267184944 0.17344050195834773 0.17406932773022366 0.30194102034691395 0.32018726865520114 0.3056550894597581 0.313120493009455 0.3205185102768927 0.31935668360510727 0.31576953513415046 0.3159387116446843 0.3187690546058604 0.3175234561897403 0.3185419809422533 0.3197011755945736 0.18449800836320512 0.28228239977862685 0.18623270444570703 0.19176371368691444 0.3073865985979195 0.16281076592246876 0.21872287598733775 0.320794222636892 0.23904134548257533 0.3214822042365583 0.1771106893929527 0.2570163816935593 0.259415038139006 0.1889147927878348 0.14851766402288732 0.3199244125399495 0.32005546512170335 0.32128322282849825 0.29956991257608057 0.1878447831943073 0.213435358097783 0.1868758453916081 0.26991380366134565 0.32052802282624865 0.31689408371856986 0.2972593232264113 0.263711565058258 0.29258140805014443 0.31902735160366674 0.31877514509830324 0.28154420641731565 0.2734307604229825 0.26255501468863723 0.25028514521014045 0.2681886211614041 0.27229544528675376 0.28840289957487614 0.2799683417312206 0.29612480405738323 0.3194830590291577 0.31748672914367976 0.3182108827443122 0.31362455528623184 0.31816510611148996 0.057332112158957615 0.0
