critload/trunk/output/1999/fle_ag.asc
ncols 720
nrows 360
xllcorner -180
yllcorner -90
cellsize 0.5
NODATA_value -1
[rows 31 to 61 of 360, columns 420 to 489 of 720]
-1.0 -1.0 -1.0 -1.0 -1.0 -1.0 -1.0 -1.0 -1.0 -1.0 -1.0 -1.0 -1.0 -1.0 -1.0 -1.0 -1.0 -1.0 -1.0 -1.0 -1.0 -1.0 -1.0 -1.0 -1.0 -1.0 -1.0 -1.0 -1.0 -1.0 -1.0 -1.0 -1.0 -1.0 -1.0 -1.0 -1.0 -1.0 -1.0 -1.0 -1.0 -1.0 -1.0 -1.0 -1.0 -1.0 -1.0 -1.0 -1.0 0.0 0.0 0.0 0.0 0.0 0.0 0.0 0.0 0.0 0.0 -1.0 -1.0 -1.0 -1.0 -1.0 -1.0 -1.0 -1.0 -1.0 -1.0 -1.0
-1.0 -1.0 -1.0 -1.0 -1.0 -1.0 -1.0 -1.0 -1.0 -1.0 -1.0 -1.0 -1.0 -1.0 -1.0 -1.0 -1.0 -1.0 -1.0 -1.0 -1.0 -1.0 -1.0 -1.0 -1.0 -1.0 -1.0 -1.0 -1.0 -1.0 -1.0 -1.0 -1.0 -1.0 -1.0 -1.0 -1.0 -1.0 -1.0 -1.0 -1.0 -1.0 -1.0 -1.0 -1.0 -1.0 -1.0 0.0 0.0 0.0 0.0 0.0 0.0 0.0 0.0 0.0 0.0 -1.0 -1.0 -1.0 -1.0 -1.0 -1.0 -1.0 -1.0 -1.0 -1.0 -1.0 -1.0 -1.0
-1.0 -1.0 -1.0 -1.0 -1.0 -1.0 -1.0 -1.0 -1.0 -1.0 -1.0 -1.0 -1.0 -1.0 -1.0 -1.0 -1.0 -1.0 -1.0 -1.0 -1.0 -1.0 -1.0 -1.0 -1.0 -1.0 -1.0 -1.0 -1.0 -1.0 -1.0 -1.0 -1.0 -1.0 -1.0 -1.0 -1.0 -1.0 -1.0 -1.0 -1.0 -1.0 -1.0 -1.0 -1.0 -1.0 0.0 0.0 0.0 0.0 0.0 0.0 0.0 0.0 0.0 -1.0 -1.0 -1.0 -1.0 -1.0 -1.0 -1.0 -1.0 -1.0 -1.0 -1.0 -1.0 -1.0 -1.0 -1.0
-1.0 -1.0 -1.0 -1.0 -1.0 -1.0 -1.0 -1.0 -1.0 -1.0 -1.0 -1.0 -1.0 -1.0 -1.0 -1.0 -1.0 -1.0 -1.0 -1.0 -1.0 -1.0 -1.0 -1.0 -1.0 -1.0 -1.0 -1.0 -1.0 -1.0 -1.0 -1.0 -1.0 -1.0 -1.0 -1.0 -1.0 -1.0 -1.0 -1.0 -1.0 -1.0 -1.0 -1.0 0.0 0.0 0.0 0.0 0.0 0.0 0.0 0.0 0.0 -1.0 -1.0 -1.0 -1.0 -1.0 -1.0 -1.0 -1.0 -1.0 -1.0 -1.0 -1.0 -1.0 -1.0 -1.0 -1.0 -1.0
-1.0 -1.0 -1.0 -1.0 -1.0 -1.0 -1.0 -1.0 -1.0 -1.0 -1.0 -1.0 -1.0 -1.0 -1.0 -1.0 -1.0 -1.0 -1.0 -1.0 -1.0 -1.0 -1.0 -1.0 -1.0 -1.0 -1.0 -1.0 -1.0 -1.0 -1.0 -1.0 -1.0 -1.0 -1.0 -1.0 -1.0 -1.0 -1.0 -1.0 -1.0 -1.0 -1.0 0.0 0.0 0.0 0.0 0.0 0.0 0.0 0.0 0.0 -1.0 -1.0 -1.0 -1.0 -1.0 -1.0 -1.0 -1.0 -1.0 -1.0 -1.0 -1.0 -1.0 -1.0 -1.0 -1.0 -1.0 -1.0
-1.0 -1.0 -1.0 -1.0 -1.0 -1.0 -1.0 -1.0 -1.0 -1.0 -1.0 -1.0 -1.0 -1.0 -1.0 -1.0 -1.0 -1.0 -1.0 -1.0 -1.0 -1.0 -1.0 -1.0 -1.0 -1.0 -1.0 -1.0 -1.0 -1.0 -1.0 -1.0 -1.0 -1.0 -1.0 -1.0 -1.0 -1.0 -1.0 -1.0 -1.0 -1.0 0.0 0.0 0.0 0.0 0.0 0.0 0.0 0.0 0.0 0.0 -1.0 -1.0 -1.0 -1.0 -1.0 -1.0 -1.0 -1.0 -1.0 -1.0 -1.0 -1.0 -1.0 -1.0 -1.0 -1.0 -1.0 -1.0
-1.0 -1.0 -1.0 -1.0 -1.0 -1.0 -1.0 -1.0 -1.0 -1.0 -1.0 -1.0 -1.0 -1.0 -1.0 -1.0 -1.0 -1.0 -1.0 -1.0 -1.0 -1.0 -1.0 -1.0 -1.0 -1.0 -1.0 -1.0 -1.0 -1.0 -1.0 -1.0 -1.0 -1.0 -1.0 -1.0 -1.0 -1.0 -1.0 -1.0 -1.0 -1.0 -1.0 -1.0 0.0 0.0 0.0 0.0 0.0 0.0 0.0 0.0 0.0 0.0 -1.0 -1.0 -1.0 -1.0 -1.0 -1.0 -1.0 -1.0 -1.0 -1.0 -1.0 -1.0 -1.0 -1.0 -1.0 -1.0
0.0 0.0 -1.0 -1.0 -1.0 -1.0 -1.0 -1.0 -1.0 -1.0 -1.0 -1.0 -1.0 -1.0 -1.0 -1.0 -1.0 -1.0 -1.0 -1.0 -1.0 -1.0 -1.0 -1.0 -1.0 -1.0 -1.0 -1.0 -1.0 -1.0 -1.0 -1.0 -1.0 -1.0 -1.0 -1.0 -1.0 -1.0 -1.0 -1.0 -1.0 -1.0 -1.0 -1.0 -1.0 -1.0 0.0 0.0 0.0 0.0 0.0 0.0 0.0 0.0 0.0 0.0 -1.0 -1.0 -1.0 -1.0 -1.0 -1.0 -1.0 -1.0 -1.0 -1.0 -1.0 -1.0 -1.0 -1.0
0.0 0.0 0.0 -1.0 -1.0 -1.0 -1.0 -1.0 -1.0 -1.0 -1.0 -1.0 -1.0 -1.0 -1.0 -1.0 -1.0 -1.0 -1.0 -1.0 -1.0 -1.0 -1.0 -1.0 -1.0 -1.0 -1.0 -1.0 -1.0 -1.0 -1.0 -1.0 -1.0 -1.0 -1.0 -1.0 -1.0 -1.0 -1.0 -1.0 -1.0 -1.0 -1.0 -1.0 -1.0 -1.0 -1.0 -1.0 -1.0 -1.0 -1.0 -1.0 -1.0 -1.0 -1.0 -1.0 -1.0 0.0 0.0 0.0 0.0 -1.0 -1.0 -1.0 -1.0 -1.0 -1.0 -1.0 -1.0 -1.0
0.0 0.0 0.0 0.0 0.2967614355613535 0.0 0.0 -1.0 -1.0 -1.0 -1.0 -1.0 -1.0 -1.0 -1.0 -1.0 -1.0 -1.0 -1.0 -1.0 -1.0 -1.0 -1.0 -1.0 -1.0 -1.0 -1.0 -1.0 -1.0 -1.0 -1.0 -1.0 -1.0 -1.0 -1.0 -1.0 -1.0 -1.0 -1.0 -1.0 -1.0 -1.0 -1.0 -1.0 -1.0 -1.0 -1.0 -1.0 -1.0 -1.0 -1.0 -1.0 -1.0 -1.0 -1.0 -1.0 -1.0 0.0 0.0 0.0 0.0 0.0 0.0 0.0 0.0 0.0 0.0 0.0 0.0 -1.0
0.0 0.0 0.0 0.0 0.0 0.0 0.0 0.0 0.0 0.0 0.29211819725899096 0.0 0.0 -1.0 -1.0 -1.0 -1.0 -1.0 -1.0 -1.0 -1.0 -1.0 -1.0 -1.0 -1.0 -1.0 -1.0 -1.0 -1.0 -1.0 -1.0 -1.0 -1.0 -1.0 -1.0 -1.0 0.0 0.0 0.0 0.0 0.0 -1.0 -1.0 -1.0 -1.0 -1.0 -1.0 -1.0 -1.0 -1.0 -1.0 -1.0 -1.0 -1.0 -1.0 -1.0 -1.0 -1.0 0.0 -1.0 0.0 0.0 0.0 0.0 0.0 0.0 0.0 0.0 0.0 0.0
0.0 0.0 0.0 0.0 0.0 0.0 0.0 0.0 0.0 0.0 0.294889719606168 0.29621246794960115 0.2997710652602451 0.2988795045132206 0.29792319544279483 0.0 0.0 -1.0 -1.0 -1.0 -1.0 -1.0 -1.0 -1.0 -1.0 -1.0 0.0 0.0 0.0 0.0 0.0 -1.0 -1.0 -1.0 -1.0 -1.0 0.0 0.1343019427561103 0.13474318906077565 0.0 -1.0 -1.0 -1.0 -1.0 0.0 0.0 0.0 0.0 0.0 -1.0 0.0 0.0 0.0 0.0 0.0 0.0 0.0 0.0 0.0 0.0 0.0 0.0 0.0 0.0 0.0 0.0 0.0 0.0 0.0 0.0
0.0 0.0 0.2977434311664174 0.0 0.0 0.0 0.0 0.0 0.0 0.0 0.0 0.0 0.0 0.30148284842693657 0.3003286365128347 0.30025387057994246 0.29900673898072955 0.29892006137537996 0.0 0.0 -1.0 -1.0 -1.0 -1.0 -1.0 -1.0 -1.0 0.0 0.0 0.0 0.0 0.0 0.0 0.0 -1.0 -1.0 -1.0 -1.0 -1.0 0.0 0.0 0.0 0.0 0.0 0.0 0.0 0.0 0.0 0.0 0.0 0.0 0.0 0.0 0.0 0.0 0.0 0.0 0.0 0.0 0.0 0.0 0.0 0.0 0.0 0.0 0.0 0.0 0.0 0.0 0.0
0.0 0.0 0.0 0.0 0.0 0.0 0.2990468803534431 0.0 0.0 0.0 0.0 0.0 0.0 0.0 0.0 0.30221728333932096 0.30304266976635263 0.30054651715523295 0.0 0.0 0.0 0.0 0.0 -1.0 -1.0 -1.0 -1.0 -1.0 0.0 0.0 0.0 0.0 0.0 0.0 -1.0 0.0 0.0 0.0 0.0 0.0 0.0 0.0 0.0 0.0 0.0 0.0 0.0 0.0 0.0 0.0 0.0 0.0 0.0 0.0 0.0 0.0 0.0 0.0 0.0 0.0 0.0 0.0 0.0 0.0 0.0 0.0 0.0 0.0 0.0 0.0
0.0 0.0 0.0 0.0 0.0 0.0 0.0 0.0 0.0 0.0 0.0 0.0 0.0 0.0 0.2980600478932348 0.0 0.29747309818084794 0.0 0.0 0.0 0.0 0.0 0.0 -1.0 -1.0 -1.0 -1.0 0.0 0.24676569555614167 0.1342377468545783 0.0 0.0 -1.0 -1.0 -1.0 0.2445068398136316 0.0 0.0 0.0 0.0 0.0 0.0 0.0 0.0 0.0 0.0 0.0 0.0 0.0 0.0 0.0 0.0 0.0 0.0 0.0 0.0 0.0 0.0 0.0 0.0 0.0 0.0 0.0 0.0 0.0 0.0 0.0 0.0 0.0 0.0
0.0 0.0 0.0 0.0 0.0 0.0 0.0 0.0 0.0 0.0 0.0 0.0 0.0 0.0 0.0 0.0 0.0 0.0 0.0 0.0 0.0 0.0 0.0 -1.0 -1.0 0.0 -1.0 -1.0 -1.0 0.0 0.0 0.0 0.0 0.0 0.0 0.0 0.0 0.0 0.0 0.0 0.0 0.0 0.0 0.0 0.0 0.0 0.0 0.0 0.0 0.0 0.0 0.0 0.0 0.0 0.0 0.0 0.0 0.0 0.0 0.0 0.0 0.0 0.0 0.0 0.0 0.0 0.0 0.0 0.0 0.0
0.0 0.2898400886821773 0.2920435776189377 0.0 0.0 0.0 0.0 0.0 0.0 0.0 0.0 0.0 0.0 0.0 0.0 0.0 0.0 0.0 0.0 0.30027375188717975 0.0 -1.0 0.0 0.0 0.0 0.0 0.0 0.0 0.2388274679709394 0.0 0.0 0.0 0.0 0.0 0.0 0.0 0.0 0.0 0.0 0.0 0.0 0.0 0.0 0.0 0.0 0.0 0.0 0.0 0.0 0.0 0.0 0.0 0.0 0.0 0.0 0.0 0.0 0.0 0.0 0.0 0.0 0.0 0.0 0.0 0.0 0.0 0.0 0.0 0.0 0.0
0.0 0.0 0.27932674064275886 0.0 0.0 0.0 0.0 0.0 0.27114853549818096 0.27514378083097996 -1.0 -1.0 -1.0 -1.0 -1.0 -1.0 -1.0 -1.0 -1.0 0.0 0.0 0.0 0.0 0.0 0.0 0.0 0.0 0.0 0.0 0.0 0.0 0.0 0.0 0.0 0.0 0.0 0.0 0.0 0.0 0.0 0.0 0.0 0.0 0.0 0.0 0.0 0.0 0.0 0.0 0.0 0.0 0.0 0.0 0.0 0.0 0.0 0.0 0.0 0.0 0.0 0.0 0.0 0.0 0.0 0.0 0.0 0.0 0.0 0.0 0.0
0.27989106659643226 0.28308385980868955 0.0 0.0 0.0 0.0 0.0 0.0 0.2521309194523788 0.0 -1.0 0.0 -1.0 0.0 0.0 0.0 -1.0 -1.0 -1.0 0.2283089629797874 0.22869321375696683 0.0 0.0 0.0 0.0 0.0 0.0 0.0 0.0 0.0 0.0 0.0 0.0 0.0 0.0 0.0 0.0 0.0 0.0 0.0 0.0 0.0 0.0 0.0 0.0 0.0 0.0 0.0 0.0 0.0 0.0 0.0 0.0 0.0 0.0 0.0 0.0 0.0 0.0 0.0 0.0 0.0 0.0 0.0 0.0 0.0 0.0 0.0 0.0 0.0
0.2740819298883488 0.27428698578613675 0.0 0.0 0.0 0.0 0.0 0.0 0.0 0.28862578265712685 -1.0 -1.0 -1.0 0.23801432325408434 0.0 0.0 0.2261826054419551 0.0 0.22412894610228687 0.2365477911860867 0.22118050837731462 0.23019375308905327 0.0 0.0 0.0 0.0 0.0 0.0 0.0 0.0 0.0 0.0 0.0 0.0 0.0 0.0 0.0 0.0 0.0 0.0 0.0 0.0 0.0 0.0 0.0 0.0 0.0 0.0 0.0 0.0 0.0 0.0 0.0 0.0 0.0 0.0 0.0 0.0 0.0 0.0 0.0 0.0 0.0 0.0 0.0 0.0 0.0 0.0 0.0 0.0
0.0 0.0 0.268055925064768 0.2841457567233651 0.28290839781278765 0.0 0.0 0.0 0.2865531574398964 0.2863851175640705 0.2776352273200336 0.2840926308331862 0.23085700104106696 -1.0 0.22819683389275439 0.2289689867151866 0.23105364718021648 0.0 0.0 0.23005635247374182 0.22351357319029228 0.22010933576085637 0.21802533412966596 0.23578758687215692 0.0 0.0 0.0 0.0 0.0 0.0 0.0 0.0 0.0 0.0 0.0 0.0 0.0 0.0 0.0 0.0 0.0 0.0 0.0 0.0 0.0 0.0 0.0 0.0 0.0 0.0 0.0 0.0 0.0 0.0 0.0 0.0 0.0 0.0 0.0 0.0 0.0 0.0 0.0 0.0 0.0 0.0 0.0 0.0 0.0 0.0
0.0 0.28735039543846663 0.27907958787672366 0.0 0.0 0.279545564876235 0.271645911993347 0.0 0.2679735136575895 0.27853395100457384 0.28418637380290546 0.0 0.2881193163567773 0.0 0.22202571071661154 0.20713140257998935 0.2031555175283458 0.0 0.0 0.0 0.0 0.19996880375326118 0.20319693263268332 0.2541782495927573 0.0 0.0 0.0 0.0 0.0 0.0 0.0 0.0 0.0 0.0 0.0 0.0 0.0 0.0 0.0 0.0 0.0 0.0 0.0 0.0 0.0 0.0 0.0 0.0 0.0 0.0 0.0 0.0 0.0 0.0 0.0 0.0 0.0 0.0 0.0 0.0 0.0 0.0 0.0 0.0 0.0 0.0 0.0 0.0 0.0 0.0
0.3637876580376346 0.0 0.0 0.0 0.0 0.0 0.28498483544543607 0.26065476532374093 0.2722546191134576 0.278899608202158 0.28315347150092096 0.2832035282552161 0.28379242285444944 0.0 0.0 0.0 0.0 0.0 0.0 0.0 0.20439189914522227 0.19332621489771037 0.20216605011688127 0.20054717842711703 0.25218609907530737 0.2858940579085302 0.0 0.0 0.0 0.0 0.0 0.0 0.0 0.0 0.0 0.0 0.0 0.0 0.0 0.0 0.0 0.0 0.0 0.0 0.0 0.0 0.0 0.0 0.0 0.0 0.0 0.0 0.0 0.0 0.0 0.0 0.0 0.0 0.0 0.0 0.0 0.0 0.0 0.0 0.0 0.0 0.0 0.0 0.0 0.0
0.2592962608258493 0.2532474551521447 0.26236929083293536 0.27681504860147016 0.27934920008788955 0.284475317673201 0.27354981482372065 0.27823832539159093 0.2741792993868601 0.26499419346497616 0.277109164226231 0.2736293004787091 0.2746741828170531 0.0 0.0 0.0 0.0 0.27467601764674643 0.0 0.20660702833869005 0.2142775348444447 0.20668116889658267 0.20558930138688233 0.20584646796460498 0.20011038178566723 0.27773514060510995 0.2791751735118283 0.28927529264126745 0.0 0.0 0.0 0.0 0.0 0.0 0.0 0.0 0.0 0.0 0.0 0.0 0.0 0.0 0.0 0.0 0.0 0.0 0.0 0.0 0.0 0.0 0.0 0.0 0.0 0.0 0.0 0.0 0.0 0.0 0.0 0.0 0.0 0.0 0.0 0.0 0.0 0.0 0.0 0.0 0.0 0.0
0.25879721921587556 0.29804751236400545 0.272235311952064 0.27412629577571285 0.2755249181568712 0.2773415897555842 0.27333002058723443 0.2789767700705244 0.2715732901724812 0.2347669127310416 0.3001003404166157 0.26579370680648695 0.20631418444399155 0.2825228895133196 0.0 0.0 0.0 0.0 0.3435153988936746 0.2970789842775841 0.23221929336623268 0.0 0.0 0.20993781280257323 0.0 0.2916534189328091 0.2737111559348642 0.2791810105795581 0.29371341487061436 0.2841520547743857 0.28605070300993224 0.2104499567783309 0.0 0.0 0.0 0.0 0.0 0.0 0.0 0.0 0.2931462830195374 0.0 0.0 0.0 0.0 0.0 0.0 0.0 0.0 0.0 0.0 0.0 0.0 0.0 0.0 0.0 0.0 0.0 0.0 0.0 0.0 0.0 0.0 0.0 0.0 0.0 0.0 0.0 0.0 0.0
0.275645238416227 0.28279371029429784 0.2732629938425986 0.2654846258480368 0.27555183711195613 0.26608356671045913 0.3360591140847631 0.2796554166608452 0.3295920799288181 0.24670844271592515 0.2006413698252472 0.0 0.30881778148104194 0.29947936427156335 0.20583566647418555 0.2815396042875878 0.27845994823099923 0.27270104995438965 0.296816556230122 0.0 0.2998374067958521 0.3082363255015432 0.0 0.0 0.2794295813040877 0.3050106208843321 0.2827262246334722 0.2395798630128178 0.20916880730689874 0.2837119477843738 0.2938668800435185 0.3898609926842684 0.315478122660018 0.3052551056062727 0.0 0.0 0.2821889352740918 0.21070545938631613 0.21177449847264093 0.20874585314610558 0.20706799408817003 0.2929070120402944 0.27875489419811617 0.2960010104332836 0.28590880304983846 0.0 0.0 0.0 0.0 0.0 0.0 0.0 0.0 0.0 0.0 0.0 0.0 0.0 0.0 0.0 0.0 0.0 0.0 0.0 0.0 0.0 0.0 0.0 0.0 0.0
0.16879045909860405 0.0 0.0 0.21300184643453404 0.23817519774617996 0.28473668132446084 0.26163572158019927 0.2676142437581144 0.2729971393709967 0.2981486268406055 0.27690924033673137 0.19262493539497805 0.246885351190236 0.21241170972799348 0.20634267346772373 0.20590994251110592 0.24531964463292602 0.37033039125145967 0.20160488750105388 0.2017541709923322 0.21333390971292993 0.2191656526500158 0.20700687975417711 0.2912395073341705 0.3246821564690408 0.28648405877811045 0.2223177625151696 0.22487167609415437 0.20615967166935628 0.20855716256604714 0.2805345644380481 0.20926385934274994 0.2857635516583615 0.32721812730989425 0.29687897606189967 0.3180126075283756 0.2769290410306252 0.22708092307041294 0.0 0.0 0.23181854648390438 0.20695147645729098 0.20842063652678597 0.28808775198493214 0.20575576147616625 0.20721461571586056 0.0 0.0 0.21109655984851108 0.0 0.0 0.2127171159737733 0.21318661531587046 0.0 0.0 0.0 0.0 0.0 0.0 0.0 0.0 0.0 0.0 0.0 0.0 0.0 0.0 0.0 0.0 0.0
0.2609632340097689 0.06693674654391345 0.0 0.0 0.0 0.4232174491502334 0.287828265674107 0.20514753204166802 0.20040809016015318 0.20354393665061205 0.21510973775042389 0.21216727150460893 0.2118000609709459 0.28651685645667063 0.2095048023712739 0.20666381157653338 0.20267330667261735 0.28052677018996364 0.24448641564676643 0.2837604848631284 0.2818786036666443 0.20973642604875622 0.2118462393475151 0.2218515790889418 0.34009807447140533 0.2837683151374722 0.336248030202164 0.29154166995860037 0.20413409873840552 0.20466167623948367 0.20241762484118936 0.20456800022588642 0.3018243516116924 0.2779762533264451 0.20914697316768266 0.20866674695888401 0.20770154930299145 0.30237385895606494 0.2895378682928085 0.3081935269047071 0.2860637929719866 0.0 0.28746114947674883 0.0 0.0 0.2846895483651271 0.0 0.0 0.0 0.0 0.0 0.0 0.21363648868823468 0.0 0.0 0.0 0.0 0.0 0.0 0.0 0.0 0.0 0.0 0.0 0.0 0.0 0.0 0.29003946914643913 0.0 0.09852737909137001
0.3132661451132424 0.28706686859129454 0.0 0.2485191237492624 0.3136416879148618 0.2103302210643627 0.2840274047215965 0.28316492443769803 0.28347949032689296 0.28279031199626414 0.19771860650896386 0.2074004038463566 0.22831211429365242 0.19930758576849547 0.20417021247829098 0.20617058129079655 0.19939230102680808 0.25543279174177735 0.2811874679278074 0.20335585129320172 0.2151087984217134 0.22694293970199914 0.21520441062965748 0.24127162425016307 0.29104393018561986 0.2872619950993134 0.23394381709682077 0.24328221226894076 0.2953199596142343 0.20311051221047213 0.20436055942904097 0.26876072445748184 0.22502559697259195 0.24290934837024694 0.2503569867384035 0.20444843379760072 0.20181138680108257 0.20079429409082172 0.28352190036734987 0.2985501169151208 0.2078794521720674 0.0 0.0 0.0 0.2841172026034767 0.20768100459596361 0.20909122804148253 0.20605952234204042 0.29163792541262773 0.2076069257647778 0.29236687514553206 0.2972906218563552 0.3095506457960336 0.21337474122711556 0.2145725708355266 0.0 0.0 0.0 0.0 0.0 0.0 0.0 0.0 0.0 0.0 0.0 0.0 0.0 0.2954419051361026 0.29153666296318803
0.4723070784707924 0.3487901688746447 0.27378008536780796 0.31773291921955105 0.3377408513910301 0.2640093049858756 0.36152868948068034 0.31573215056048826 0.29767765919139666 0.2975529601078434 0.28852832816127744 0.3233144964031555 0.35778469713240124 0.24556628951065826 0.2956877769268768 0.1697351412571452 0.17796526238401458 0.177480091316201 0.1919759014375894 0.3227207571528506 0.2687659734940791 0.31085937339731595 0.29496061542485635 0.28892267083986095 0.2094294934119271 0.21144777800500472 0.2967048028719652 0.30617610415489743 0.33123079089872465 0.41904311719173576 0.43771576313215144 0.2467335432916979 0.2485325749739085 0.2876390646585469 0.0 0.21260064145573634 0.19621762129439851 0.1977563028702239 0.23284168952205275 0.32001304196663616 0.0 0.22176908929772413 0.0 0.20672875297530574 0.2115078347131038 0.21729190280094055 0.2934358025569378 0.2933687645199001 0.3513648409302911 0.30221285099042416 0.29628114618435025 0.31811122486711313 0.3087497344575689 0.31754226370101446 0.3098665448089673 0.3001341639694886 0.0 0.0 0.0 0.0 0.0 0.46186302891498715 0.0 0.0 0.2093976930028302 0.0 0.15942498052738815 0.2579105892473479 0.0 0.28004290759435224
0.3611826869467386 0.28987410299250194 0.36716922679579134 0.3926649436801477 0.2960092159446174 0.3889546688312549 0.26592689940467285 0.3098355550919685 0.29016234390885054 0.29637657249140925 0.28369830424223486 0.2830937015892961 0.17492753019769977 0.17630835030114736 0.2733355991299734 0.3366248770738994 0.1884437842685217 0.42805988353507257 0.32977012712160875 0.4183595069324071 0.3111766420673551 0.3014060348004182 0.28433128207982467 0.2871593835177024 0.3014053670063543 0.2980458919830507 0.3028801492263043 0.2942657659631238 0.29008792135460765 0.2899115750234243 0.2903452941941419 0.33156093783309337 0.4683624144504778 0.4865372948369008 0.3624270284898732 0.3951591589422728 0.30121052033332313 0.2964797226550595 0.3764234187711763 0.40889815200183727 0.3167049183544333 0.34873661981498555 0.2964004191029821 0.2876092528364391 0.3016145810864474 0.3037634517321122 0.31711883810796804 0.6064588093671929 0.49960035603366526 0.5865350139968757 0.48165155492938266 0.36278353167293875 0.30525925756396527 0.30553696193713603 0.30166808981064364 0.0 0.0 0.0 0.0 0.0 0.2092507460070073 0.21141206635919352 0.20831509687748126 0.224258264446197 0.2078497713461707 0.0 0.2855706697666171 0.28392258174394996 0.24383392031029266 0.25341285787624396
