critload/trunk/output/1999/fle_ag.asc
ncols 720
nrows 360
xllcorner -180
yllcorner -90
cellsize 0.5
NODATA_value -1
[rows 62 to 92 of 360, columns 140 to 209 of 720]
-1 0.5213670636989551 -1 0.3003302988008361 -1 -1 -1 -1 0.3383118035650996 -1 -1 -1 -1 -1 -1 -1 -1 -1 -1 -1 -1 -1 -1 -1 -1 -1 -1 -1 -1 -1 -1 -1 -1 -1 -1.0 -1.0 -1.0 -1.0 -1.0 -1.0 -1.0 -1.0 -1.0 -1.0 -1.0 -1.0 -1.0 -1.0 -1.0 -1.0 -1.0 -1.0 -1.0 -1.0 -1.0 -1.0 -1.0 -1.0 -1.0 -1.0 -1.0 -1.0 -1 -1 -1 -1 -1 -1 -1 -1
-1 -1 -1 -1 -1 -1 -1 -1 -1 0.3974161978634591 -1 -1 -1 -1 -1 -1 -1 -1 -1 -1 -1 -1 -1 -1 -1 -1 -1 -1 -1 -1 -1 -1 -1 -1 -1 -1.0 -1.0 -1.0 -1.0 -1.0 -1.0 -1.0 -1.0 -1.0 -1.0 -1.0 -1.0 -1.0 -1.0 -1.0 -1.0 -1.0 -1.0 -1.0 -1.0 -1.0 -1.0 -1.0 -1.0 -1.0 -1.0 -1.0 -1.0 -1 -1 -1 -1 -1 -1 -1
-1 0.39538895080672676 0.5254593781364972 0.5532266606907082 0.5661637125721697 0.5090888167988113 0.4703004493924318 0.5181812914975525 -1 -1 -1 -1 -1 -1 -1 -1 -1 -1 -1 -1 -1 -1 -1 -1 -1 -1 -1 -1 -1 -1 -1 -1 -1 -1 -1 -1.0 -1.0 -1.0 -1.0 -1.0 -1.0 -1.0 -1.0 -1.0 -1.0 -1.0 -1.0 -1.0 -1.0 -1.0 -1.0 -1.0 -1.0 -1.0 -1.0 -1.0 -1.0 -1.0 -1.0 -1.0 -1.0 -1.0 -1.0 -1.0 -1.0 -1 -1 -1 -1 -1
0.6098563956100428 0.5916266220562592 -1 0.5517449236631073 0.48393063868954844 0.5993426668111062 0.31400021997323624 0.332717568215418 -1 -1 -1 -1 -1 -1 -1 -1 -1 -1 -1 -1 -1 -1 0.31171667787127916 -1 -1 -1 -1 -1 -1 -1 -1 -1 -1 -1 -1 -1 -1 -1 -1 -1 -1.0 -1.0 -1.0 -1.0 -1.0 -1.0 -1.0 -1.0 -1.0 -1.0 -1.0 -1.0 -1.0 -1.0 -1.0 -1.0 -1.0 -1.0 -1.0 -1.0 -1.0 -1.0 -1.0 -1.0 -1.0 -1.0 -1 -1 -1 -1
0.39282316806049206 0.4144511127040714 0.39801873914420255 -1 0.3234225893103224 -1 -1 0.5491626348389721 0.468615541828854 -1 -1 -1 -1 -1 -1 -1 -1 -1 -1 0.3844496010334037 -1 0.2990742726559626 0.3116413362793942 -1 -1 -1 -1 0.287774676319525 -1 -1 -1 -1 -1 -1 -1 -1 -1 -1 -1 -1 -1 -1 -1 -1 -1.0 -1.0 -1.0 -1.0 -1.0 -1.0 -1.0 -1.0 -1.0 -1.0 -1.0 -1.0 -1.0 -1.0 -1.0 -1.0 -1 -1 -1.0 -1.0 -1.0 -1.0 -1.0 -1 -1 -1
0.3547736860207104 0.3837471467705388 0.1438937539747222 0.2104314774362785 0.5093350046879623 0.5266460328718026 -1 -1 -1 -1 -1 -1 -1 -1 -1 -1 -1 -1 -1 -1 -1 -1 -1 -1 -1 -1 -1 -1 -1 -1 -1 -1 -1 -1 -1 -1 -1 -1 -1 -1 -1 -1 -1 -1 -1 -1.0 -1.0 -1.0 -1.0 -1.0 -1.0 -1.0 -1.0 -1.0 -1.0 -1.0 -1.0 -1.0 -1.0 -1.0 -1 -1 -1 -1.0 -1.0 -1.0 -1 -1 -1 -1
-1 -1 0.07558437034979565 0.100304912792237 0.30087738099339356 -1 -1 0.36036732107281644 0.5489834699515935 -1 -1 -1 -1 0.3162075688376791 -1 -1 -1 -1 -1 -1 -1 -1 -1 -1 -1 -1 -1 -1 -1 -1 -1 -1 -1 -1 -1 -1 -1 -1 -1 -1 -1 -1 -1 -1 -1 -1 -1 -1 -1 -1.0 -1.0 -1.0 -1.0 -1.0 -1.0 -1.0 -1.0 -1.0 -1.0 -1.0 -1 -1 -1.0 -1.0 -1.0 -1 -1 -1 -1 -1
-1 -1 0.3960923902857778 -1 0.22761250241774583 0.11160482460878746 0.09618020507863106 0.2988502462200292 -1 0.31962312650162755 0.3074728405454966 -1 -1 -1 -1 -1 -1 -1 -1 -1 -1 -1 -1 -1 -1 -1 -1 -1 -1 -1 -1 -1 -1 -1 -1 -1 -1 -1 -1 -1 -1 -1 -1 -1 -1 -1 -1 -1 -1 -1 -1 -1 -1 -1 -1 -1 -1.0 -1.0 -1.0 -1.0 -1.0 -1.0 -1.0 -1 -1 -1 -1 -1 -1 -1
0.1726275588129555 0.12041835444347013 -1 -1 -1 0.055941602025786206 0.036879898097805716 -1 -1 0.052109002871801154 0.3029634440011671 -1 0.3415554053961101 0.32453121264505036 -1 -1 -1 -1 -1 -1 -1 -1 -1 -1 -1 -1 -1 -1 -1 -1 -1 -1 -1 -1 -1 -1 -1 -1 -1 -1 -1 -1 -1 -1 -1 -1 -1 -1 -1 -1 -1 -1 -1 -1 -1 -1 -1.0 -1.0 -1.0 -1.0 -1 -1 -1 -1 -1 -1 -1 -1 -1 -1
0.5488926979499372 0.5615338596527142 0.5678314042114502 0.5589172253797601 0.4304702842725629 -1 -1 -1 0.39613110119313133 -1 -1 0.5014743036683921 -1 -1 0.19474906779845888 0.28494904862073706 0.4045734290752079 0.3839428157180958 0.5298820548306544 0.4935105012226464 0.4017685472717134 0.49747803168327315 0.4817322028343052 0.04929689528990162 -1 -1 -1 -1 -1 -1 -1 -1 -1 -1 -1 -1 -1 -1 0.5126077549028737 -1 -1 -1 -1 -1 -1 -1 -1 -1 -1 -1 -1 -1 -1 -1 -1 -1 -1.0 -1 -1.0 -1.0 -1 -1 -1 -1 -1 -1 -1 -1 -1 -1
0.5532589554062451 0.5705714131732188 0.5778098370925924 0.5205572635442648 0.5748495357282652 0.5660620057715332 0.5735571437237573 0.5795693377454041 0.5555608537938574 0.5842028888027482 0.5843089567157507 0.5849399829426947 0.577122918834278 0.5961093945156125 0.190247940694436 0.18153366420534298 0.20356467072030363 0.5782737196342624 0.3461255817898806 0.524319024607044 0.4257142527660292 0.4449249291786756 0.31341092767842815 0.3602795040595154 0.3223985398231355 -1 -1 0.4644077706567567 0.33343238446216594 -1 0.012458655796378755 0.2785444188824227 -1 -1 -1 0.29099274323981683 -1 -1 0.23805628575832768 0.20693459203325437 -1 -1 -1 -1 -1 -1 -1 -1 -1 -1 -1 -1 -1 -1 -1 -1 -1.0 -1.0 -1.0 -1.0 -1.0 -1 -1 -1 -1 -1 -1 -1 -1 -1
0.4535641375660306 0.579114579252775 0.5849145977528838 0.578423276119833 0.5776783584701406 0.42717469608524644 0.5715776920807116 0.5688356953738076 0.5827762572143953 0.5791974427075031 0.5812313192677215 0.5797745640019839 0.6316170902708717 0.5783156156203475 -1 -1 -1 -1 0.12252671515363682 0.03359638623687559 0.46925129478516286 0.25082015700565174 -1 -1 0.0845722793139525 0.049849101813726086 -1 -1 -1 -1 -1 -1 -1 -1 -1 -1 -1 -1 -1 -1 -1 -1 -1 -1 -1 -1 -1 -1 -1 -1 -1 -1 -1 -1 -1 -1 -1 -1 -1 -1 -1.0 -1 -1 -1 -1 -1 -1 -1 -1 -1
0.6279668585881691 0.4833569929109765 0.5281391195521499 0.5816818279827041 0.5488232447465347 0.5560426258414282 0.5473330450104898 0.6391093378938001 0.4527863572876098 0.531446861119368 0.25446114642647394 0.4000540549789084 0.5885460711220616 0.590897082154078 0.5852327450616839 0.5837581661806237 -1 0.3484986457007771 0.5298682219478006 0.5117627370897783 0.35715149820259456 -1 0.39160028973571037 -1 -1 -1 -1 -1 -1 0.4758403015937007 0.45706243785680684 0.4740408757905448 -1 -1 -1 -1 -1 -1 -1 -1 -1 0.21324297349373278 -1 -1 -1 -1 -1 -1 -1 -1 -1 -1 -1 -1 -1 -1 -1 -1 -1 -1.0 -1.0 -1.0 -1 -1 -1 -1 -1 -1 -1 -1
0.4864991000223301 0.5577910039982694 0.5644875291773868 0.5885504081922802 0.5798215233063637 0.5821017615192404 0.5798182593707359 0.5858647562472622 0.5166743693913028 0.5812249891939387 0.3443646532513367 0.2510862686810914 0.459440784804377 0.5818584269008801 0.5634900094578396 0.5781771477905995 0.578768399501751 0.463008479922283 0.45966988490957356 0.41269443898125063 0.1952144253006509 0.2807687281610743 0.25884485040597816 0.1247508325728004 0.0 0.0 -1 -1 0.2713306281529448 0.2695038729385655 -1 -1 -1 -1 -1 -1 -1 -1 0.283062869893803 0.30105336560845447 -1 -1 -1 -1 -1 -1 -1 -1 -1 -1 -1 -1 -1 -1 -1 -1 0.125262443671429 -1 -1.0 -1 -1.0 -1 -1 -1 -1 -1 -1 -1 -1 -1
0.3022066961431995 0.3437798816359186 0.4960792338456338 0.5369870575794685 0.5539635752252313 0.573175079659744 0.7347030184454442 0.5842552077467218 0.5997669275061221 0.6000962112799927 0.49944586206908836 0.48903396494352985 0.5964327216820826 0.47538449017296724 0.481091249612888 0.6435706173607346 0.639415309548302 0.5890979704096148 0.5804487854236231 0.39530664331353993 0.35264760340293605 0.17880176302130998 0.44894400065369183 0.3700364994568176 0.42643323958856333 0.4482547811937364 0.2974936130453132 -1 -1 -1 -1 -1 -1 -1 -1 -1 -1 -1 0.28378609257392495 -1 -1 -1 -1 -1 -1 -1 -1 -1 -1 -1 -1 -1 -1 -1 -1 -1 -1 -1 -1 -1.0 -1 -1 -1 -1 -1 -1 -1 -1 -1 -1
0.3265452843471194 0.4389890531199831 0.5375741720791807 0.394552886676523 0.537446100806053 0.5429402670305156 0.5648040998143722 0.5776735266040766 0.5949137933685124 0.5991654524311207 0.591620778882784 0.4721423266697726 0.5934076723456436 0.581441604654523 0.509295422677037 0.48209848045291076 0.6386399012843114 0.5826051221274916 0.5805187409499036 0.6555160707113881 0.6365153524364449 0.3639579591196717 0.6037137302412726 0.605282409819888 0.6155475241872391 0.5426941501381622 0.4410221522928892 0.5275150219321214 -1 -1 -1 -1 0.496077512666054 0.26637812719951875 -1 0.27756933804045747 -1 -1 -1 0.28556046604627594 -1 -1 -1 -1 -1 -1 -1 -1 -1 -1 -1 -1 -1 -1 -1 -1 -1 -1 -1 -1 -1 -1 -1 -1 -1 -1 -1 -1 -1 -1
0.30368365711174755 0.2892416802221818 0.47864667343015643 0.49294248866589946 0.5151604960901415 0.5300494375562279 0.4935249254484179 0.5374918258164025 0.5792310811204356 0.5854505564750128 0.592638001495582 0.5902684489774357 0.5936091793638026 0.4983617263365683 0.502801649331033 0.305217608507046 0.34510287540909346 0.591762520613104 0.5879972203797402 0.5876083240821875 0.5753662286037301 0.6420208731171958 0.5936467168188778 0.6012145402182414 0.5843107448619242 0.6274417435549112 0.41367920785043844 0.38875547462582255 0.2474332304802707 0.606725615436002 -1 -1 0.26454989073306445 0.29109846253234367 -1 -1 -1 0.4234253001712451 0.29053964765985235 -1 -1 -1 -1 -1 -1 -1 -1 -1 -1 -1 -1 -1 -1 -1 -1 -1 -1 -1 -1 -1 -1 -1 -1 -1 -1 0.29221478353814895 -1 -1 -1 -1
0.3587254265562281 0.3041858744251832 0.41213588068897267 0.46643160969431574 0.5601342686758194 0.5397552846819968 0.5547824890308507 0.5669492663561257 0.5835268011645599 0.5905145898569352 0.5960606012304079 0.6017385409071594 0.6042776708255032 0.5046056780427004 0.4835059884537572 0.44994775473957915 0.48248832605520126 0.4301320651670396 0.5877215661856794 0.6011564631606932 0.597724070895553 0.5945489915538987 0.6311318110564498 0.5851331151490644 0.365684309378434 0.6253426133625325 0.5789123352941775 0.585733275943323 0.5101217272022425 -1 0.32135934001799377 -1 0.39524682244460146 0.3368154703974847 0.2677035426268485 -1 -1 -1 -1 0.2905254684552836 -1 -1 0.2911184354378527 0.29196992870616234 -1 -1 -1 -1 -1 -1 -1 -1 -1 -1 -1 -1 -1 -1 -1 -1 -1 -1 -1 -1 -1 -1 -1 -1 -1 -1
0.2040052124317271 0.28437368054864937 0.4636891311545189 0.5369550146146737 0.50695060510669 0.5468605052194342 0.5832648098267001 0.5884866235904438 0.5829097552101338 0.5823718837159424 0.41628417607022083 0.3325424017320233 0.4246297880678073 0.646946128597199 0.6114711377240787 0.46562422867892117 0.3198676202206815 0.5864463363433763 0.5877303101920974 0.5991897607883858 0.5983368834873373 0.5891781870227909 0.5941598079797573 0.5983385213739324 0.6015338880963913 0.5981801952776088 0.5975250065350743 0.5448893437773217 0.5534531698613447 0.3131562685080258 0.2538019444036129 0.3957748640925089 -1 0.4737512184659303 0.47139448865797745 0.32859527498507823 0.3726382693553846 0.2850463160279691 -1 -1 -1 0.29181770898418624 -1 0.4851937922951751 -1 -1 -1 -1 -1 -1 -1 -1 -1 -1 -1 -1 -1 -1 -1 -1 -1 -1 -1 -1 0.27124589256975956 0.27028550875721347 0.34122252964281685 -1 -1 -1
0.17900603079713343 0.35287515158456284 0.3415825904559789 0.3965726539688013 0.3451503599250787 0.4014997339637327 0.508637688976473 0.5276034749635748 0.547874750425827 0.5113441417288985 0.44899021266210365 0.5698053412273134 0.4549743501466444 0.6445196532541135 0.6375580842411711 0.6348132728385812 0.553782364069406 0.5800309768370848 0.5973611737943039 0.5992299287226062 0.5978265272759727 0.5955691655281614 0.6010561012334429 0.593367152686543 0.5995988071532735 0.3781902498304074 0.3744640708750216 0.6082424750108739 0.46310593749200796 0.5011610721148052 0.0 0.5441367268860581 0.4922520088755416 -1 -1 -1 0.31580712832977803 0.2864215284842178 -1 -1 -1 -1 0.5710064573328423 0.2879038819880886 -1 -1 -1 -1 0.3113671582080773 -1 -1 -1 -1 -1 0.647071370646943 0.31164789305432755 0.21207848838931073 0.3723474915185124 0.3329812687454491 -1 0.26769256606129027 0.2683506881156364 -1 0.26948447522457475 -1 -1 0.28650749918118407 -1 -1 -1
0.6334869126846945 0.5195511355065705 0.5591387257882567 0.5412358755288178 0.4866086796643047 0.4521019081770179 0.49719481545183947 0.6103572023796651 0.5700357624529943 0.6147675177842779 0.6139781812930395 0.6283363752807081 0.5028191109925269 0.5165851086624204 0.35560425780288885 0.5143673406041036 -1 0.5112567703792419 0.5026292876396716 0.6563838142055108 0.6167946949024478 -1 0.32656718404662555 0.6267165911596246 0.09312635998610767 -1 0.2609114409143197 0.3048138860267941 0.3601317216217411 0.06993410623193291 0.18967569722793515 0.5803870335637855 0.5807587226416484 0.5154345633459723 0.4956598384015889 0.5130018533061399 0.3192269081188922 0.2883354277670553 0.35901272144902 -1 0.47325946908682986 0.5931862087081737 0.5504128800568296 0.41502991827939784 -1 0.29369814816420536 -1 0.27132794591569964 -1 -1 -1 -1 0.5298547193358011 -1 -1 -1 -1 0.36640303470026503 0.35152725359482423 0.34197605313608154 0.4090971686313795 0.5737532001663933 0.5381669765571079 0.5396475211332324 0.4539084065659693 -1 -1 -1 -1 -1
0.5766134259007958 0.5000359128575185 0.517309409621483 0.4769384404476419 0.4698504750053154 0.2910469785998679 0.5463356004352166 0.5734074161562034 0.6055321618801214 0.6035423792402802 0.5890622164423608 0.6212628510611601 0.5003128977049319 0.5493416663980897 0.48830274359771114 0.4985675150244115 0.5057748474213977 0.48810373602336365 0.463542056443133 0.4858989483825842 0.6275935957961701 0.6295355851618422 0.5221231227876661 0.6323075808882318 0.6255812748752378 0.5185199750390914 0.249644982619549 0.3676973355059672 0.3479018003409696 0.19433288599984783 0.06663485469645722 -1 0.13163858927701438 -1 0.4903524699580605 0.26048320698297783 -1 -1 -1 -1 0.6208499202317399 0.5265197749980935 -1 -1 -1 -1 -1 -1 0.2967466347054709 0.2963118734136703 0.4222508344973784 0.29893044087448983 0.298370715782121 -1 -1 0.29231471115595026 -1 0.5472431917325122 0.3861675563105868 0.5548209896572835 0.2936633449586559 0.5831958745995963 0.5371430420071069 0.5517531879475479 0.5085557903094899 0.49076253353004623 0.2921953036251153 -1 -1 0.29243175517248327
0.49310543300977105 0.41577744555500934 0.2208225439178216 0.37607150030287806 0.23047109297050727 0.13859873464137884 0.09434836707384167 0.21562146234044405 0.5184229663939245 0.5782961955125633 0.5770539736567235 0.6237919723598312 0.41967409283600454 0.3795169380974452 0.4765744147231544 0.5343492300473325 0.5542224144601494 0.5322782947979827 0.4775738587540715 0.6286458106264424 0.6282131092601262 0.628453170181897 0.6187866712861297 0.6294302204044135 0.6312748775158774 0.519417316695231 0.3621784597341046 0.47863214515066577 0.4525762396743948 0.6608616523115496 0.5667351622819798 0.550537078040533 0.008463064494538595 -1 0.43059165466530475 0.4982653282708889 -1 -1 -1 -1 -1 -1 -1 -1 -1 -1 -1 -1 -1 0.29060595735108374 0.39785460262337763 0.2993232150106886 0.2982578122824913 0.2954108580560522 -1 -1 -1 -1 0.2896290224067818 0.5164837916149144 0.6015577788025164 0.5702074673258724 0.4998643217698772 0.5018326827391227 0.2940318372408258 0.29506475602228943 -1 -1 0.29423305754048723 -1
0.44621535023461045 0.4203492652365593 0.4903149132113876 0.4257841851997688 0.2908759673079948 0.41856957779285525 0.3101190111261586 0.37012475226150165 0.5116428675688798 0.5305715546303365 0.5582672808093581 0.4702450465765409 0.28113077793727653 0.35159791276661756 0.4550348578275975 0.44096012106625515 0.528127837300428 0.5419151400233212 0.4784504432956663 0.6249910460595314 0.6250832461077275 0.6246524901690049 0.6238330094957202 0.5864019504903243 0.6317322761840539 0.38202811888210986 0.3670826055187966 0.40922170883533887 0.2866626278474186 0.6310539558066287 0.5766177791811112 -1 0.19209205738676186 0.25553224269570896 -1 0.5153827220895405 -1 -1 -1 -1 -1 -1 -1 -1 -1 -1 -1 -1 -1 -1 -1 0.2983614779123368 -1 -1 -1 -1 -1 -1 -1 0.3782976570557213 0.5032349683713047 0.650320752796369 0.43248826852340166 -1 -1 -1 0.2938377842450788 -1 0.29529523358019577 -1
0.4580537808159984 0.3759764672323998 0.318040379530394 0.42429230647669786 0.30992034739207286 0.18196571627914995 0.05748919083988836 0.506205379124619 0.3488154815000107 0.4945038355725051 0.38283847277055155 0.5602776501412482 0.37067919439694513 0.5239429196784502 0.4678259332972699 0.5124958271204958 0.5102561860796894 0.45017901388280623 0.5167183872255291 0.4084093916162833 0.6212673954023546 0.5582250569782843 0.6227454003944796 0.6191639552221003 0.6229919244767029 0.6230876555475836 0.36590659733730974 0.4770781034626004 0.6588250567457701 0.6604088634440808 0.7448285492038581 0.4398410048253679 0.526329265258515 0.13752643921397015 -1 0.3218287867619613 -1 0.49846136991824247 -1 -1 0.4333861791346851 -1 -1 -1 0.5274827600833355 -1 -1 -1 -1 -1 0.2725492175136406 0.4834858796889664 -1 0.2884215147438781 -1 -1 0.28330218242377436 0.5879912722022038 0.6323790727875666 0.4307032343832933 -1 0.34343102520498275 0.2921411110396903 -1 -1 -1 -1 0.39463499091603044 0.5417616755767951 0.3934777732857088
0.5781191053719643 0.5140629365488657 0.539974988482586 0.3111228723383219 0.4042026316180291 0.47542439259615493 0.4792228536040943 0.4041178622645146 0.4583505818952307 0.39870211501225256 0.44224639297789664 0.539919658808924 0.3182575155341965 0.5276274774798159 0.546294083863017 0.4536389003610378 0.40741578930702055 0.3295593919832011 0.30184603527657017 0.43126521163639964 0.6694323043649927 0.6190558167694372 0.6190755033293611 0.6169160363556324 0.6205346723667227 0.6202516514647749 0.38103567507863656 0.4770989270990152 0.5865242403904752 0.5879615770103107 0.6507820792923562 0.49812010212303337 0.45433791409220364 0.36059355442632074 0.38418870517028286 -1 0.284590772087137 0.3334665128389307 -1 0.4846364506764778 0.4992996708118293 0.5213486007328749 0.6835178542284013 0.52874624758819 0.5174797972437409 -1 -1 -1 -1 0.11976943525968375 0.3893598333857462 0.6453989282162358 0.5510654138203371 0.46183202442009935 0.4689047641641883 0.48513892925743124 0.39287338556532925 0.5618438081488049 0.5835359548917732 0.38227917851660925 0.5870017756304632 0.5576539973946991 0.44098623631414635 -1 0.3017982495959497 0.29594100830238834 -1 0.4517688347321168 0.5032990114760486 0.46900639125751636
0.5728044290934455 0.5363529186324107 0.5898974863521085 0.5702875834165927 0.5738957405895202 0.4562261553313264 0.4011280206500778 0.426770124657358 0.4370367251864069 0.422850217836141 0.5078165376043197 0.3132147235387004 0.18053326822385224 0.3354316740571345 0.4021096083182773 0.5130278931346094 0.37095031662790856 0.3764814538003797 0.64372309188126 0.6649158108370341 0.5269743233792749 0.6766502974002182 0.4717845746554556 0.6282362870046225 0.4768997587887785 0.632924598219711 0.6293152434654483 0.36530394178401965 0.5877789187371729 0.5678452245422053 0.5640454789831112 0.563221287200124 0.5570427599139874 0.5613153336712141 0.42473948782290843 0.39277018514855055 0.5202525693118142 0.484127549368549 0.28633143148670137 -1 0.515029940574662 0.5464911946818845 -1 0.45730406128953016 0.6636660430497727 0.5944414558330421 -1 -1 -1 -1 0.6629460320126414 -1 -1 -1 -1 -1 -1 0.06394353586533326 0.5548603002330508 0.5513554390791785 0.6182252916728841 0.5019372282130806 -1 -1 0.23751759559748192 0.58507273661294 0.5975748327769427 0.5847009875254772 0.5370802941221543 0.649586647539717
0.4636889210622427 0.6112584366322628 0.5273894649651079 0.339519297502064 0.4896638402864727 0.32700025089777 0.34767962578125794 0.38193492395950507 0.40343305510113603 0.4586816060285533 0.3193024585530885 0.30417766637557153 0.1842816325426264 0.1872498733022185 0.3736461827918947 0.37835194489442314 0.3951807272083991 0.41703201990424 0.5442355443917858 0.5814573707509207 0.5317632704903589 0.439691938153557 0.4666053034937895 0.47095203146836784 0.4681986920211907 0.6260261613938897 0.6229064301515466 0.5783165242559322 0.5768850758935702 0.6054073079955692 0.5679721668689995 0.5221887788551066 0.5007509529120954 0.651260072963875 0.419253864525206 0.4451288008043593 0.49965407130972844 0.45693636675958654 0.45837968940314977 0.5176995871598 0.5028659925728541 0.5471118336396626 0.438358443660798 0.5153445263943681 0.4675329274340924 -1 -1 -1 -1 0.4422471665589991 0.5788500632845709 0.6269956565419204 0.5360281450016676 -1 -1 -1 0.0 0.2546657754030633 -1 0.40707447038549815 0.5240743121674112 0.5792778771565779 0.42438541154172704 0.3036384518967793 0.3638104240770777 0.47936016632013295 0.6061421525018845 0.6220569921837378 0.62933772629271 0.3637307817843208
0.3019760155074994 0.6528760331399142 0.5873882807876802 0.38982400547108365 0.3725334217755831 0.5100702249903518 0.7012395740416396 0.42129968905424714 0.41711975870209095 0.5172200101522334 0.5157854635764769 0.3827379282534681 0.43023245401667587 0.3939251029959243 0.336397969573322 0.3328287550910991 0.47647824614045053 0.31097415814061546 0.4494624692827173 0.6455382867545489 0.574505620198725 0.5233994123047054 0.5427338438668698 0.6686782534342558 0.6724937448124139 0.6224417777312972 0.6219159865922289 0.46217244787933387 0.5237041663723638 0.5707540983065192 0.5825361968430384 0.5121400316578953 0.5020038452700772 0.5285492326945505 0.43386301464086324 0.42845981008505535 0.4743964609846972 0.434730608114208 0.4885223952685554 0.5462138958209464 0.46453250606400187 0.4414267457592451 0.5081626827644286 0.5280350547495326 0.3898961218086624 -1 -1 -1 0.4526770320576595 0.3542207272227395 0.039504567222500744 0.3774821835009219 0.298054049683948 -1 -1 -1 -1 0.626178843747968 0.6204369329396813 0.6056918818670358 0.6127698008263398 0.6208725034913447 0.6707171550269405 0.5549903749732849 0.5447991642604084 0.6308247491260973 0.612091542449045 0.646364048815223 0.6433354528686394 0.5949965766366011
0.2745156056473465 0.38913758965143425 0.4133854851558486 0.4758857334428768 0.4690292021145135 0.36661828119644846 0.5964659338890048 0.16456954532115842 0.5134687419498661 0.6046483225508987 0.45868431808862253 0.48977153806934504 0.38395320713427494 0.408641600585237 0.38743617127602603 0.37597179836287703 0.37469017948111216 0.5056542334649636 0.5159682321110497 0.544486981867819 0.4657739748100981 0.5040000968983631 0.48699966120737936 0.527424199876736 0.6469992560655394 0.6717782600554134 0.6763691756425767 0.5463205206553114 0.2315330928124258 0.588006016259508 0.5548387278508561 0.5731900778317428 0.5611066370470345 0.5167506328953106 0.5438394013781058 0.48918786985506024 0.35243482049030866 0.4670759130325091 0.6298931252202559 0.48047530057229965 0.5906372803761446 0.6239660980761139 0.4967875893983482 0.3801513306921433 0.4610458535820516 -1 -1 0.39326955986385737 0.3959848809587315 0.4740881147562965 0.19518693448570923 0.5306072417953421 0.4513956420729336 -1 -1 -1 0.5758157862248284 0.6342778161261564 0.6183628875493403 0.6141968999520685 0.5788341366785007 0.5798462137497805 0.6036062127061094 0.6154766824799971 0.6223167398538588 0.6077642766968309 0.6869980960234883 0.6260611683024402 -1 0.5525068642498888
0.3032130200467417 0.30492917081657567 0.3310986077047707 0.4643065523603102 0.23430851697477265 0.3724927167076973 0.3937319954510295 0.17138824833129812 0.2086155099056051 0.28135900837763766 0.3338664830722659 0.48615576809680117 0.23659832749556572 0.34086227011238174 0.34073154539179645 0.22584808808378204 0.3433336053337772 0.3894246461190304 0.46890197495307423 0.4854928032079646 0.552639474376709 0.6072757384560791 0.509060885186578 0.5451458896650025 0.6304139499531928 0.6584853737070089 0.6329834893591175 0.5731359467235223 0.4616355070958883 0.6113145185143029 0.5963151086702011 0.4927509013193273 0.4427276297387152 0.6507012987470305 0.5857122636867258 0.4248574592104865 0.27521578841915156 0.36045049346439956 0.4350949638240158 0.44327127306913927 0.5833785256215027 0.6103795876035004 0.5614361264497754 0.40047447617925935 0.3960332793279691 -1 -1 0.5122881444146052 0.5084283434434748 0.5350052699345235 0.5802450083425983 0.33443313761681276 -1 0.36366101079928076 0.3722478556627956 -1 0.6039645067545404 0.6446328260623516 0.6223439554866933 0.5877389304433976 0.5703581814171113 0.5507091889978377 0.5729943939193907 0.5688191950512408 -1 0.6592971347576018 -1 -1 0.5992384284339514 0.567312761463353
