critload/trunk/output/1999/fle_nat.asc
ncols 720
nrows 360
xllcorner -180
yllcorner -90
cellsize 0.5
NODATA_value -1
[rows 58 to 86 of 360, columns 65 to 129 of 720]
0.09174989981827451 0.12797068324864344 0.2874366584095927 0.2642755911013866 0.11592182267049259 0.13248466439036213 0.13095195127096823 0.11647007138653448 0.10871725407125092 0.13328597446479007 0.12873536111902092 0.0917227473426692 0.08833614514316251 0.0062489113802731205 0.0004527809091850641 -1 0.04472395922503759 0.13607537503615616 0.2972206935294794 0.295312749196715 0.2943702427418536 0.2972256310952002 0.29098233006294266 0.2907616706379322 0.27613234676929965 0.25893951863465625 0.23795449022229595 0.27075659433772437 0.2805406063144047 0.289310110034625 0.28952331466712633 0.28490368503888386 0.2959653834214119 0.2984949271511826 0.298579484180925 0.3003751489536944 0.297003220494352 0.29793313986794673 0.29646535635951227 0.2983283385448907 0.29812313280928626 0.2974344183657899 0.29432431216974025 0.29600463055825826 0.29368538651483994 0.2974353726687087 0.2976117482970203 0.2941921641639825 0.28317180716897955 0.18974368828951574 0.19040532763880966 0.18966708992935646 0.16813768477674668 0.1898787390773298 0.18852224107685572 0.18850872571723581 0.18826473569615274 0.18840016007705437 0.18583316515364123 0.1612144000219057 0.17112770064338342 0.297394124807089 0.2612192271322437 0.19961089859127462 0.21217276161758838
0.13402192677893876 0.291670937210273 0.2432240948950678 0.24087427730090116 0.16855026369499518 0.15225999087504943 0.15308821993213764 0.13129960463831056 0.10933437095743219 0.17172602150133026 0.28045735832029856 0.07988729712344751 0.09050559165901872 0.04128358548902596 0.03167895584376416 0.030883439711587683 0.01884581863339332 -1 0.13480332281853827 0.29470690151265494 0.2969850490014961 0.2999045730257689 0.2948124953084883 0.2979393307473354 0.29701357695392994 0.2910164635778609 0.26098341452423524 0.2803349205220828 0.2849510186999261 0.282307044879144 0.2892154192459484 0.29389487262295017 0.2982382094467367 0.2979391155845182 0.2979782557780811 0.289791246162809 0.29294786422347563 0.29504108752048813 0.29566377814105105 0.2935675441638779 0.28578173685534397 0.29100670570287623 0.28879700630978133 0.29344176842046943 0.2892464339570821 0.2959800134306861 0.29413194371046786 0.2965073745131426 0.2902774305591068 0.18768163740418092 0.18852087940217502 0.1892556462841133 0.18470668559087755 0.18902896082692752 0.1316375693985726 0.13118163836784286 0.1301447364703603 0.1307755728455776 0.13071487782196842 0.12584143411987744 0.18157501799471307 0.1851077269264338 0.18364447631382197 0.17338052677042287 0.1502233487594285
0.15378258832376993 -1.0 -1.0 -1.0 -1.0 -1 -1 -1.0 -1.0 -1.0 -1.0 0.1396957259296887 0.18466664197914803 0.06637346883852291 0.10262357690984511 0.1468259450868055 0.1436458346222663 0.06540576401119008 0.1169839913968211 0.14395815397372047 0.15263841473160844 0.29085478589620145 0.297177546518905 0.14108222259537045 0.2948614668494336 0.2956285590088775 0.28796908712457225 0.27326934111115747 0.29530388794448775 0.2921730731702406 0.2835331787324001 0.2972484948022867 0.300261448381504 0.29792170648725796 0.2981455825901422 0.30122808573887544 0.29741228819036897 0.2882242442197111 0.29536969044752026 0.29663577042929223 0.2958867062605647 0.29173442295776686 0.2859375971080982 0.29637143688120476 0.2952225107650106 0.2930484351055366 0.26605415783862757 0.29239781585156144 0.12934603332569555 0.13090314141903991 0.13155244286114362 0.13125516589472538 0.1298606162531764 0.13028259744145063 0.13080531803568077 0.13057163597888405 0.12861265778358974 0.11429462322580894 0.12885928410245318 0.13005673670386572 0.18438223788747707 0.18662402628191838 0.18412136883116667 0.18475254488342746 0.18490695866825538
-1.0 -1.0 -1.0 -1.0 -1.0 -1.0 -1.0 -1.0 -1.0 -1.0 -1.0 -1.0 -1.0 -1.0 -1.0 0.14626881332977568 0.1488596865695945 0.13886192051095977 0.15296791626653086 0.11678645084571576 0.11167726965893385 0.07881978205551506 0.1284601796789679 0.1339635040584683 0.13673736378082801 0.10861940915169238 0.13852615611292668 0.28411071712391534 0.30097690549985207 0.3009005670929828 0.2981190477479954 0.2962365793038373 0.2982809195126484 0.2968397227903941 0.3007080298594625 0.3022772458139732 0.30121347291164097 0.29952555413247894 0.29898084779826073 0.29328707374606405 0.2967369755740894 0.2959641751304087 0.29863947403362184 0.2977924257772526 0.29753344901514117 0.27149996955474287 0.2708792845099175 0.27050806128787847 0.12929525887467744 0.1295534462568567 0.12950945488431564 0.13135930511782842 0.12764576548990117 0.13030344845340844 0.12897478463899026 0.127809758030816 0.12904984846432724 0.1279850712399606 0.26970970235740405 0.29687809845727703 0.1845060335890229 0.18475764403217165 0.12451543320440363 0.13025159350714735 0.13021330736675785
-1.0 -1.0 -1.0 -1.0 -1.0 -1.0 -1.0 -1.0 -1.0 -1.0 -1.0 -1.0 -1.0 -1.0 -1.0 -1.0 -1.0 -1.0 0.12803924168030084 0.1278497932939882 0.06808094414821488 0.10378982232191003 0.13611751840884112 0.2794964820424739 0.1479181516784797 0.13846776211136597 0.008532267743529769 0.13036983048011289 0.29638155745293815 0.30127179751746697 0.30111041669878363 0.3002076811756584 0.3009630436668756 0.29964584044080406 0.300718144708827 0.30051196811597647 0.3006676416708785 0.3010715234285842 0.30092875852217327 0.2998909115978735 0.2890849175340112 0.29909975163424674 0.3013194918689051 0.2996162105515351 0.30058259085151734 0.29906632640510467 0.27194857828361035 0.26796845113723006 0.27030773429565624 0.12784458139277224 0.1196347959100923 0.12993189384038542 0.13046415588468446 0.12955476295515725 0.10697975714121885 0.10584190929100358 0.2928299352760983 0.16731440688702778 0.2932277623447937 0.2885129053775089 0.2982492976038204 0.29686713655121855 0.22025161500790913 0.12578054160830274 0.12266016969178391
-1.0 -1.0 -1.0 -1.0 -1.0 -1.0 -1.0 -1.0 -1.0 -1.0 -1.0 -1.0 -1.0 -1.0 -1.0 -1.0 -1.0 -1.0 -1.0 -1.0 0.14243439336311922 0.14030966284708488 0.15213291524133207 0.30696451322374424 0.2872133891039012 0.281072169348823 0.26530666865069363 0.2857495373583268 0.1334551995551738 0.27858516947898554 0.28618772315716556 0.30215304366877865 0.2977814557969957 0.29757093004542307 0.2981086804005449 0.3011530031506903 0.3014664540044894 0.3008010330408671 0.30009673219656374 0.30083821145743006 0.3006340005113444 0.29638366896713914 0.30057649835016015 0.30114933164246194 0.30061453351066264 0.3018104405369607 0.2979276164322107 0.2710704142279166 0.0 0.2698516110217886 0.12780555140503977 0.1263848117450167 0.11218458509365466 0.10455673000206527 0.11714599296485996 0.1263221130522517 0.0 0.0 0.0 0.0 0.0 0.0 0.03419330497852965 0.0 0.24749936994460092
-1.0 -1.0 -1.0 -1.0 -1.0 -1.0 -1.0 -1.0 -1.0 -1.0 -1.0 -1.0 -1.0 -1.0 -1.0 -1.0 -1.0 -1.0 -1.0 -1.0 -1.0 -1.0 0.28187560865925104 0.2960664298463665 0.28741858579023855 0.2932586999263169 0.2902502882348387 0.24803556581517747 0.2712541536653065 0.05541612721825797 0.2821364016090226 0.3009587131994384 0.29781991792053103 0.2999696615206842 0.29695255497085576 0.3013222078724043 0.30084477204707205 0.3012803413762659 0.3002690714881976 0.2995546732496828 0.30099912347858865 0.3016012921209298 0.2718248707021542 0.2718628156237185 0.2725706015020654 0.3009806494412699 0.30170156687535743 0.3010272731642674 0.29519576117135704 0.0 0.0 0.0 0.0 0.0 0.0 0.0 0.0 0.0 0.0 0.0 0.0 0.0 0.0 0.0 0.0
-1.0 -1.0 -1.0 -1.0 -1.0 -1.0 -1.0 -1.0 -1.0 -1.0 -1.0 -1.0 -1.0 -1.0 -1.0 -1.0 -1.0 -1.0 -1.0 -1.0 -1.0 -1.0 -1.0 0.28153748111396754 0.28332536846105083 0.24048047324037217 0.28932758396907793 0.3011046745391967 0.15603205873555973 0.11736675867611689 0.08273360550737052 0.29711996364690535 0.14071639678621153 0.2935287907243191 0.298507136679006 0.3003083416939842 0.3019153303775588 0.3014416971856094 0.2998927571606782 0.2977365323989118 0.2976787613643754 0.29778652351232415 0.2980992193894977 0.2726962686996682 0.26983801918419903 0.2725130329320313 0.3013338998715908 0.29803151401030276 0.300935280590738 0.0 0.0 0.2515182130885063 0.0 0.0 0.0 0.0 0.0 0.0 0.0 0.0 0.0 0.0 0.0 0.0 0.0
-1.0 -1.0 -1.0 -1.0 -1.0 -1.0 -1.0 -1.0 -1.0 -1.0 -1.0 -1.0 -1.0 -1.0 -1.0 -1.0 -1.0 -1.0 -1.0 -1.0 -1.0 -1.0 -1.0 -1.0 0.2808502630628054 0.283293708732108 0.2873207160023079 0.30655882630891573 0.300437098728918 0.2964400603170298 0.130330782721475 0.2873137633921081 0.1296905417936706 0.2916647747273426 0.2905787431763368 0.29576384288010726 0.2944598963273251 0.2976722126269389 0.291168874939478 0.2974258944302013 0.29624374505844026 0.2971705975358821 0.27260462466242674 0.2979503054096298 0.2708398728291955 0.2617099493459853 0.3007254119562045 0.3018416060688182 0.2977807048610884 0.2955147279171627 0.25440669610838257 0.18342747685997146 0.0 0.0 0.0 0.0 0.0 0.0 0.0 0.0 0.0 0.0 0.0 0.0 0.0
-1.0 -1.0 -1.0 -1.0 -1.0 -1.0 -1.0 -1.0 -1.0 -1.0 -1.0 -1.0 -1.0 -1.0 -1.0 -1.0 -1.0 -1.0 -1.0 -1.0 -1.0 -1.0 -1.0 -1.0 -1.0 0.29258614111679127 0.2924552313903441 0.2922073437031912 0.30382393501145694 0.3007727467884059 0.30451342861358094 0.2963301967173695 0.2901647833897253 0.2913827892148962 0.12193715210708085 0.14344054381079202 0.29535500639970186 0.29274818970262845 0.2923419020870732 0.29752549493299907 0.26974914163062047 0.26920959079395823 0.2712619674889177 0.2976001010857525 0.2975593937988757 0.2694409171461891 0.23953463246531811 0.2649683137313036 0.2956653615806035 0.29117045411715536 0.28833280392863125 0.19323612492342981 0.048143222604161 0.1401323580209173 0.0 0.0 0.0 0.0 0.0 0.0 0.0 0.0 0.0 0.0 0.0
-1.0 -1.0 -1.0 -1.0 -1.0 -1.0 -1.0 -1.0 -1.0 -1.0 -1.0 -1.0 -1.0 -1.0 -1.0 -1.0 -1.0 -1.0 -1.0 -1.0 -1.0 -1.0 -1.0 -1.0 -1.0 -1.0 -1 0.2535071380208962 0.30088754471684037 0.2993750303247009 0.2969651425813564 0.2966865294514182 0.3017015224589829 0.3082455194879845 0.2800035854794217 0.26722870945707095 0.29652355002714154 0.2947764445488828 0.29064114264315655 0.28397944968554756 0.26998917672881617 0.2653188967618332 0.2579644227195453 0.2679474995573714 0.2691596610701604 0.2693553233540734 0.2700694357332662 0.2671790704382332 0.29536278085292345 0.297774131121659 0.28926928343626696 0.26638519068642846 0.2410052821027628 0.22912742391040827 0.2578133135286789 0.0767681546342785 0.0 0.0 0.0 0.0 0.10581128807179371 0.1506566636761668 0.14317644820354308 0.2082676298885089 0.07220245175637403
-1.0 -1.0 -1.0 -1.0 -1.0 -1.0 -1.0 -1.0 -1.0 -1.0 -1.0 -1.0 -1.0 -1.0 -1.0 -1.0 -1.0 -1.0 -1.0 -1.0 -1.0 -1.0 -1.0 -1.0 -1.0 -1.0 -1.0 -1 0.2769280742915599 0.2975747111206982 0.3014821082139657 0.2982645107596272 0.29527902866167205 0.30215118347345665 0.2912458826241937 0.30193638434409475 0.29904021654400675 0.29908158279571895 0.29044949277079557 0.28465945881184995 0.28489145930291093 0.2616691741372227 0.2547314347239087 0.2434589655082816 0.2560698495817642 0.26324600487968897 0.2679774316464938 0.2693567559336661 0.2629308015048576 0.29719964928488 0.3017424245186533 0.29954167765694295 0.26940640274180777 0.26010564906685085 0.1278000224611638 0.06673692787586326 0.0 0.02909720488631485 0.0 0.0 0.02714408007465265 0.22380328714220346 0.2425582488340961 0.0 0.0
-1.0 -1.0 -1.0 -1.0 -1.0 -1.0 -1.0 -1.0 -1.0 -1.0 -1.0 -1.0 -1.0 -1.0 -1.0 -1.0 -1.0 -1.0 -1.0 -1.0 -1.0 -1.0 -1.0 -1.0 -1.0 -1.0 -1.0 -1.0 0.27262224320069606 0.2809716467523896 0.29990548099130415 -1.0 0.2575792398866058 0.2929902266522999 0.30265655813132536 0.30333585115384964 0.30292706473117853 0.29506703488915387 0.2938750546662441 0.29276657357801184 0.28679722575291433 0.26608306422789657 0.24859885718874433 0.24820894520422823 0.25085833392448686 0.22373104759534643 0.2465827266827971 0.26248545505393556 0.26353123751499663 0.28465196619180305 0.2715208400176115 0.2979237645774553 0.2978080671298729 0.29874904568522725 0.2507766172063913 0.25556305730375495 0.0 0.0 0.0 0.0 0.09018158603787417 0.0 0.25181549287569355 0.2423698042422011 0.24779734773051787
-1.0 -1.0 -1.0 -1.0 -1.0 -1.0 -1.0 -1.0 -1.0 -1.0 -1.0 -1.0 -1.0 -1.0 -1.0 -1.0 -1.0 -1.0 -1.0 -1.0 -1.0 -1.0 -1.0 -1.0 -1.0 -1.0 -1.0 -1.0 0.31722003563521795 0.30728755766217464 0.3086997886373331 0.2989537973899574 -1.0 0.31017056917132574 0.31153254584879386 0.2972210094006653 0.3113858144049223 0.3011496967402246 0.2966229044878885 0.2883229495327274 0.28682707090971893 0.27423136479621746 0.2529068913278526 0.20019285221770677 0.2549930836749628 0.26235391655854834 0.26173845146519037 0.260433146403311 0.2611323659984615 0.2663628905751824 0.26937054881961725 0.2693187901891796 0.2977628838124912 0.2978518608477346 0.297722368768265 0.29663793731041266 0.257771591310498 0.0 0.25142442954952365 0.0 0.0 0.0 0.0 0.0 0.23001116659306034
-1.0 -1.0 -1.0 -1.0 -1.0 -1.0 -1.0 -1.0 -1.0 -1.0 -1.0 -1.0 -1.0 -1.0 -1.0 -1.0 -1.0 -1.0 -1.0 -1.0 -1.0 -1.0 -1.0 -1.0 -1.0 -1.0 -1.0 -1.0 0.30705101517158123 0.30044665982653695 0.2989095736116676 0.29116907587546803 -1.0 0.3084947697627712 0.3018334833517086 0.31195096313787285 0.3018240399584771 0.2951070532161992 0.3028829065728253 0.29631363697925583 0.2894362716126408 0.280482754626262 0.2522055497129133 0.2565221272733576 0.25338938138529893 0.2578324689800251 0.25480616015762564 0.24847006658886794 0.2562916253170895 0.25549484862236815 0.2933080942312116 0.29470045830438135 0.2965735167017447 0.27096739660055214 0.2977935326212622 0.2979785507017495 0.29756271286521646 0.29828358701497515 0.2668247797884127 0.23326453015907792 0.23563007089238458 0.24167254033142802 0.25588337859818017 0.25602935494487905 0.24217915382431351
-1.0 -1.0 -1.0 -1.0 -1.0 -1.0 -1.0 -1.0 -1.0 -1.0 -1.0 -1.0 -1.0 -1.0 -1.0 -1.0 -1.0 -1.0 -1.0 -1.0 -1.0 -1.0 -1.0 -1.0 -1.0 -1.0 -1.0 -1.0 -1.0 0.31608184134634854 0.3004891114395467 0.3008688355937863 -1.0 -1.0 0.29333118920150486 0.3053809924855624 0.30017827723294654 0.2989800892011053 0.3072183907724683 0.29921195121726013 0.29953359732512264 0.2849669784193663 0.2866488134986677 0.25785057309879766 0.25062786375599316 0.2541077917872097 0.2439647139804783 0.22527002630030832 0.2548813273872588 0.25334164275116533 0.2664613541412756 0.29298022795545137 0.2955636733685746 0.2950042478097664 0.27090355798944427 0.27334152078347634 0.2965657164933402 0.2980391033168481 0.2977639868726255 0.2944827311113996 0.2657972792088963 0.2417262543490071 0.06322072670426027 0.043028748358889576 0.24602853352608067
-1.0 -1.0 -1.0 -1.0 -1.0 -1.0 -1.0 -1.0 -1.0 -1.0 -1.0 -1.0 -1.0 -1.0 -1.0 -1.0 -1.0 -1.0 -1.0 -1.0 -1.0 -1.0 -1.0 -1.0 -1.0 -1.0 -1.0 -1.0 -1.0 -1.0 0.29568269184032003 0.3022836512582086 0.2925008053282133 -1.0 -1.0 -1.0 0.29826394479343127 0.30703754968585506 0.3041147462739179 0.3007121643565391 0.30561233075204336 0.3048969914052422 0.3000221046496317 0.2943587167353217 0.2718260251934442 0.2668825706344435 0.2510852694970564 0.20455584442383748 0.19854155037371304 0.24354655778301404 0.2564251980037847 0.278174139802141 0.2854155686890324 0.2798845968880462 0.2918563997805535 0.15641778568315196 0.2988381784556911 0.29544027639489595 0.29795016769854626 0.29789123229587894 0.3026733701006032 0.2991275115921124 0.2610441609054743 0.24401715588866182 0.0
-1.0 -1.0 -1.0 -1.0 -1.0 -1.0 -1.0 -1.0 -1.0 -1.0 -1.0 -1.0 -1.0 -1.0 -1.0 -1.0 -1.0 -1.0 -1.0 -1.0 -1.0 -1.0 -1.0 -1.0 -1.0 -1.0 -1.0 -1.0 -1.0 -1.0 -1.0 0.3211638349614642 0.27872343266454114 -1.0 -1.0 -1.0 -1.0 0.3071755968621072 0.31225807526913474 0.305368840441359 0.29458314067925223 0.3066026804888432 0.15788885206576528 0.2955805620760874 0.2874399020584314 0.2666042339886381 0.24871419853656182 0.0 0.03367309301375061 0.13435283385986613 0.17356272171022316 0.23857555640536665 0.2538365693734135 0.28728943458936695 0.2829898408220816 0.2842524325419497 0.30087781281492015 0.29918889212685473 0.2933764529323733 0.1429520248298272 0.2870933509099496 0.29818439893234017 0.3003983654459026 0.26959816810280973 0.26139020437843463
-1.0 -1.0 -1.0 -1.0 -1.0 -1.0 -1.0 -1.0 -1.0 -1.0 -1.0 -1.0 -1.0 -1.0 -1.0 -1.0 -1.0 -1.0 -1.0 -1.0 -1.0 -1.0 -1.0 -1.0 -1.0 -1.0 -1.0 -1.0 -1.0 -1.0 -1.0 -1.0 -1.0 -1.0 -1.0 -1.0 -1.0 -1.0 0.29661026864219237 0.3015174257498107 0.29191261448807565 0.2970013738362688 0.15384690379494634 0.14684434634438082 0.3026521943395055 0.291921463996428 0.2687561295372191 0.24346353044021513 0.22859115179146033 0.25016883119594663 0.23505747450161252 0.25008809576587 0.2116173659918969 0.25701911035557473 0.26407774375580795 0.2995185871008262 0.30041532436219165 0.3029761030543414 0.2972814154974013 0.295965917477445 0.2953324476662426 0.29280330233592655 0.2974097530508776 0.3025361937273759 0.2666346507011229
-1.0 -1.0 -1.0 -1.0 -1.0 -1.0 -1.0 -1.0 -1.0 -1.0 -1.0 -1.0 -1.0 -1.0 -1.0 -1.0 -1.0 -1.0 -1.0 -1.0 -1.0 -1.0 -1.0 -1.0 -1.0 -1.0 -1.0 -1.0 -1.0 -1.0 -1.0 -1.0 -1.0 -1.0 -1.0 -1.0 -1.0 -1.0 -1.0 0.2993769623308859 0.3046150673323817 0.2901257121684976 0.28555792853482304 0.1556351145386801 0.1519210093405174 0.29155441058718434 0.2794909300965416 0.2894879216037816 0.29596075119705134 0.2923955823789614 0.27855373761614016 0.25875582976700273 0.06623718179297323 0.2351225191721046 0.2578159706166323 0.2874953673787187 0.2944232527012708 0.2989086644317495 0.3018024053060108 0.1603655137621765 0.1541595828667244 0.19292508981135192 0.2958156010626656 0.29802508425271806 0.299460176259197
-1.0 -1.0 -1.0 -1.0 -1.0 -1.0 -1.0 -1.0 -1.0 -1.0 -1.0 -1.0 -1.0 -1.0 -1.0 -1.0 -1.0 -1.0 -1.0 -1.0 -1.0 -1.0 -1.0 -1.0 -1.0 -1.0 -1.0 -1.0 -1.0 -1.0 -1.0 -1.0 -1.0 -1.0 -1.0 -1.0 -1.0 -1.0 0.3068433556578568 0.30316720717352996 0.29780623346773405 0.28715429599844833 0.293122357088941 0.29302819503332816 0.2962919860767314 0.28435618589912015 0.15129608043642406 0.14631811983390755 0.1525714704480273 0.2874302920370178 0.28389398798730214 0.2834709148801753 0.25067095650702886 0.19371105644433895 0.23160114493674558 0.25601976706151275 0.22436687154981336 0.2925474987761259 0.300404909985922 0.2969926817081715 0.302485515357764 0.1572129894290578 0.1849658290594555 0.29256952910003153 0.2979737314564452
-1.0 -1.0 -1.0 -1.0 -1.0 -1.0 -1.0 -1.0 -1.0 -1.0 -1.0 -1.0 -1.0 -1.0 -1.0 -1.0 -1.0 -1.0 -1.0 -1.0 -1.0 -1.0 -1.0 -1.0 -1.0 -1.0 -1.0 -1.0 -1.0 -1.0 -1.0 -1.0 -1.0 -1.0 -1.0 -1.0 -1.0 -1.0 -1.0 0.30419870867778476 0.30764728331586744 0.3013297437760052 0.3010381085401616 0.30521973427600396 0.30797374933680316 0.28937994233157355 0.30144529723587193 0.29615484793751723 0.15734512752512403 0.30152504280260084 0.3018809111225208 0.2977487471812316 0.2607306117055117 0.25237291797871125 0.24724115779625302 0.27070212054161114 0.210156266471081 0.2643829258110964 0.29904995623502106 0.2951771177751523 0.30048669653412796 0.3008285020353571 0.3021975486510697 0.2889512090789784 0.2979148027931821
-1.0 -1.0 -1.0 -1.0 -1.0 -1.0 -1.0 -1.0 -1.0 -1.0 -1.0 -1.0 -1.0 -1.0 -1.0 -1.0 -1.0 -1.0 -1.0 -1.0 -1.0 -1.0 -1.0 -1.0 -1.0 -1.0 -1.0 -1.0 -1.0 -1.0 -1.0 -1.0 -1.0 -1.0 -1.0 -1.0 -1.0 -1.0 -1.0 -1.0 0.2931917704606868 0.3084313797961338 0.30305032334649573 0.29473438199306995 0.2984736455414403 0.2850547756045842 0.291065004289736 0.3046739114922696 0.29576422456498497 0.30234853847846466 0.3001688823960431 0.293922896427039 0.25490321676434635 0.26439840497642136 0.28327824635101473 0.25966121542772425 0.2629175658762647 0.26984340087601233 0.29583970129836556 0.29938642214125305 0.30065347159264416 0.30016025792938045 0.29923644203960853 0.2849960335075532 0.2924955642619277
-1.0 -1.0 -1.0 -1.0 -1.0 -1.0 -1.0 -1.0 -1.0 -1.0 -1.0 -1.0 -1.0 -1.0 -1.0 -1.0 -1.0 -1.0 -1.0 -1.0 -1.0 -1.0 -1.0 -1.0 -1.0 -1.0 -1.0 -1.0 -1.0 -1.0 -1.0 -1.0 -1.0 -1.0 -1.0 -1.0 -1.0 -1.0 -1.0 -1.0 -1.0 -1.0 0.3105979444201168 0.30449693470178435 0.3012139699118292 0.29521296244134604 0.29206376830668257 0.2763996869319519 0.2935716204029074 0.119066999306343 0.29061275760918814 0.2827799770514801 0.26055158021772135 0.2727187029725606 0.2503654189574997 0.2339701096792856 0.2792442795496876 0.26998802250402415 0.2484075510539959 0.2910801961500724 0.2967702331243119 0.2969810488993649 0.2541425658518406 0.19840677643671314 0.26808018346293044
-1.0 -1.0 -1.0 -1.0 -1.0 -1.0 -1.0 -1.0 -1.0 -1.0 -1.0 -1.0 -1.0 -1.0 -1.0 -1.0 -1.0 -1.0 -1.0 -1.0 -1.0 -1.0 -1.0 -1.0 -1.0 -1.0 -1.0 -1.0 -1.0 -1.0 -1.0 -1.0 -1.0 -1.0 -1.0 -1.0 -1.0 -1.0 -1.0 -1.0 -1.0 -1.0 -1.0 -1.0 0.33579804772695737 0.3033688134198874 0.3009109225897521 0.29598341651526805 0.15594132511319034 0.11656195701841246 0.2620378382478848 0.2631958915757194 0.2633631978646474 0.262716161064969 0.25491613082719505 0.12470276833156932 0.1711529660941233 0.08386654483558632 0.1159638590585904 0.21839750843297584 0.25227877133205523 0.25021558390104615 0.23571412233167954 0.11820206302047652 0.26036464032301876
-1.0 -1.0 -1.0 -1.0 -1.0 -1.0 -1.0 -1.0 -1.0 -1.0 -1.0 -1.0 -1.0 -1.0 -1.0 -1.0 -1.0 -1.0 -1.0 -1.0 -1.0 -1.0 -1.0 -1.0 -1.0 -1.0 -1.0 -1.0 -1.0 -1.0 -1.0 -1.0 -1.0 -1.0 -1.0 -1.0 -1.0 -1.0 -1.0 -1.0 -1.0 -1.0 -1.0 -1.0 -1.0 0.30186864692304044 0.2663018984205279 0.2589376847404733 0.2523103164564194 0.1292405708667436 0.22568133425081313 0.2619613795549956 0.2630333137809959 0.2611705524428117 0.2438457167334067 0.006547941108024375 0.0 0.0 0.0 0.19151155660205732 0.21676575851597452 0.21422078590802876 0.2150404789359859 0.1128284453728333 0.054153159976095176
-1.0 -1.0 -1.0 -1.0 -1.0 -1.0 -1.0 -1.0 -1.0 -1.0 -1.0 -1.0 -1.0 -1.0 -1.0 -1.0 -1.0 -1.0 -1.0 -1.0 -1.0 -1.0 -1.0 -1.0 -1.0 -1.0 -1.0 -1.0 -1.0 -1.0 -1.0 -1.0 -1.0 -1.0 -1.0 -1.0 -1.0 -1.0 -1.0 -1.0 -1.0 -1.0 -1.0 -1.0 -1.0 0.24500703903256313 0.27398052461183375 0.2748841084265845 0.2635849331272531 0.24806902658587043 0.11582255289969931 0.26085910410034424 0.26208526166697266 0.2548430001139603 0.1878198287702517 0.0 0.0 0.0 0.0 0.10114493748838353 0.18824195968629898 0.09026891141905768 0.0851217203631318 0.12253395150962305 0.14787862108962477
-1.0 -1.0 -1.0 -1.0 -1.0 -1.0 -1.0 -1.0 -1.0 -1.0 -1.0 -1.0 -1.0 -1.0 -1.0 -1.0 -1.0 -1.0 -1.0 -1.0 -1.0 -1.0 -1.0 -1.0 -1.0 -1.0 -1.0 -1.0 -1.0 -1.0 -1.0 -1.0 -1.0 -1.0 -1.0 -1.0 -1.0 -1.0 -1.0 -1.0 -1.0 -1.0 -1.0 -1.0 -1.0 -1.0 0.2735159840677073 0.2746637721783683 0.24384197044627096 0.2534081914410152 0.15886935117931505 0.2629066719906602 0.2608349963564693 0.23583744653657918 0.0 0.0 0.0 0.0 0.0 0.10850412117079157 0.26907443471651615 0.05860737515612586 0.17641116694114561 0.16181339837592468 0.10277442341646915
-1.0 -1.0 -1.0 -1.0 -1.0 -1.0 -1.0 -1.0 -1.0 -1.0 -1.0 -1.0 -1.0 -1.0 -1.0 -1.0 -1.0 -1.0 -1.0 -1.0 -1.0 -1.0 -1.0 -1.0 -1.0 -1.0 -1.0 -1.0 -1.0 -1.0 -1.0 -1.0 -1.0 -1.0 -1.0 -1.0 -1.0 -1.0 -1.0 -1.0 -1.0 -1.0 -1.0 -1.0 -1.0 -1.0 0.19992378674703085 0.27554336618526826 0.27297600206025885 0.23885428109049067 0.24423281472231198 0.245902172761762 0.26016413679475187 0.23221871096681249 0.0 0.0 0.0 0.01385950265600378 0.15733819928802445 0.0 0.24312541119943282 0.2365796613093394 0.16621207035228872 0.20370999661885572 0.11948158913302213
