critload/trunk/output/1999/fle_ag.asc
ncols 720
nrows 360
xllcorner -180
yllcorner -90
cellsize 0.5
NODATA_value -1
[rows 93 to 123 of 360, columns 350 to 419 of 720]
0.27475031877526296 0.3501435388200652 0.40986131549776256 0.4087506673963574 0.28084233525984714 0.2991655137355141 0.42593182232464993 0.21542014389336028 0.22830073257642275 0.21546299497242313 0.27492492199579405 0.2933246403208301 0.37037274392468006 0.39300437769707186 0.5166058409601568 0.41685596960781934 0.3038307878997089 0.491338158385734 0.42812372046081454 0.4507410438919072 0.37518493339090736 0.2355907366317658 0.23147103122456228 0.3074940044196065 -1.0 -1.0 -1.0 -1.0 -1.0 -1.0 0.38475327488296734 0.23551119115270364 0.4198919396143959 0.4361067529491006 0.39458650965171754 0.3984466384980907 0.4623247829676591 0.44787172443426365 -1.0 -1.0 -1.0 -1.0 0.2992670538783265 0.3824225084724951 0.42761536070046885 0.43440254411810775 0.4253923418321213 0.39550457476076917 0.3354440890333424 0.4196931725264952 0.4122786877740429 0.29474480037802486 0.4632675620680321 0.44745025572640984 0.3380347479637915 0.3313359191442283 0.5788350487148828 0.41579499179430696 0.2844581715023305 0.3483108340437128 0.49012612401570155 0.44928177077867476 0.36095444896685475 0.2714163292545982 0.22822322491696762 0.20111170243997104 0.35372575796893024 0.29127841154319467 -1.0 -1.0
0.5267894254265807 0.5542970889730511 0.473416917491893 0.5763216669716582 0.582303812971264 0.6058813545903615 0.515489702307246 0.49685041623869614 0.3173550071794281 0.2954574910462154 0.2481099283320172 0.32642982729402475 0.2527720186282726 0.24845181055625437 0.22507110494498903 0.3248752265785846 0.3395103232275318 -1.0 -1.0 -1.0 -1.0 -1.0 -1.0 -1.0 -1.0 -1.0 -1.0 -0.0 0.19814945379032242 -1 0.0016177710265410851 0.2639952927927703 0.31573496596946504 0.37193717089177386 0.33579908739588205 0.32411748371912075 0.2637674363303226 0.5172085819604655 0.5532812454578055 -1.0 -1.0 -1.0 -1.0 0.542911220898736 0.523951718607192 0.34647700820119126 0.3442275613336779 0.32544086441709413 0.23799351842206445 0.23506225263116734 0.3400337748330886 0.28663113933340073 0.28526518003379053 0.3953792984554408 0.22876756113044264 0.5780118187993616 0.40853868643724195 0.5178300381523179 0.4836729118072872 0.5859286523731042 0.5631986029143137 0.46325512123139023 0.5954474229137044 0.5762423188887066 0.48973254488347145 0.47038991202545755 -1.0 -1.0 -1.0 -1.0
0.5729632410784394 0.5688442927986601 0.5526096580512708 0.5158490872403184 0.5276899781869417 0.49092828835975877 0.4519276491690306 0.4805257008972544 0.5732700410651282 0.5765762922040828 0.4741571087608782 0.5018652842215084 0.49226863807952015 0.3684013390596648 0.27984336206613786 0.5212943804363582 0.4993306636827295 -1.0 -1.0 -1.0 -1.0 -1.0 -1.0 -1.0 -1.0 -1.0 -1.0 0.22244826076290639 0.25717982294795977 0.20599206814330395 -1.0 -1.0 0.14853991129275804 0.29251475627605655 0.24069576738946336 0.37866457969133827 0.27733982033558896 0.29240341440017414 0.5023836851088279 0.47050503417391826 -1.0 -1.0 -1.0 -1.0 -1.0 -1.0 -1 0.2607619943176898 0.24728150637766508 0.34616862638346096 0.31641493395032033 0.2646582363611751 0.28576453652446626 0.521141945622798 0.5004531145260104 0.48609239793102293 0.5318891358124088 0.4837508251397774 0.519128386052921 0.29765515095181594 0.5464396165962448 0.31623304888659587 0.5422331787172284 0.26193193643195106 0.46013470545403307 0.3943806898741672 -1.0 -1.0 -1.0 -1.0
0.4679776930821488 0.45554667547429556 0.48108876479499224 0.4013773668979874 0.3377309586311057 0.4438824834320538 0.44031020373611524 0.4254118203513644 0.44256220058378454 0.4546733053998237 0.4718690085235102 0.5185205667414701 0.44324532357699065 0.4266310857466417 0.44442130844268335 0.3980880435090124 0.3562885348003767 -1.0 -1.0 -1.0 -1.0 -1.0 -1.0 -1.0 -1.0 -1.0 -1.0 0.20220487529324763 0.19774444816418205 -1.0 -1.0 -1.0 -1.0 -1.0 0.20754162467933673 0.2172990103064703 0.26562638954131296 0.3033293778208999 0.2732009509536573 0.37945646687406887 0.25665264079496264 0.18785763012953402 0.22719587852546735 -1.0 -1.0 -1.0 -1.0 -1.0 0.49681100193539157 0.4667762024053838 0.3883819684322098 0.5650878381642523 0.48054265874037966 0.3988796764165815 0.37727460219622755 0.3701728965353478 0.5250569648773828 0.5381161847573784 0.45318425828819153 0.5279398049920287 0.4263783542092242 0.4947165589752839 0.5256596759428809 0.6607549903537083 0.6093782719869664 0.4582263440908317 0.2987131607483894 -1.0 -1.0 -1.0
0.3665416833358624 0.4855968709769674 0.4399288585498494 0.4566084353342279 0.3549075231413603 0.3952051939426692 0.3596446619215835 0.4193178176306474 0.328280611968444 0.34126381854271975 0.3013696078707102 0.3045267549615745 0.38231735013277274 0.3691109695149635 0.42702273626034637 -1.0 -1.0 -1.0 -1.0 -1.0 -1.0 -1.0 -1.0 -1.0 -1.0 -1.0 -1 0.20369082341719796 0.18930893734507376 0.0893878527208587 -1.0 -1.0 -1.0 -1.0 -1.0 0.19225607796084085 0.276802048081733 0.2628035762663989 0.26129132692459484 0.32390825977610366 0.4892265950636325 0.14279196288994989 0.1889064024072835 0.24754409576351297 0.29967165918059563 -1.0 -1.0 -1.0 0.40991448114488255 0.46072335351861976 0.3497678097850289 0.5491301860704303 0.5473562661606949 0.271433902130502 0.3074277469552047 0.4252412861677599 0.3376188460946826 0.35744293500287716 0.37341215211995815 0.31862339675939155 0.40638725406658077 0.3453462245392112 0.4392947693911189 0.6754801073279667 0.3623524206840105 0.3242435188224757 0.5372870911391182 0.579938724836403 0.5981035380764927 0.3151227438729509
0.37828048748247417 0.44235269698172375 0.3098109907887918 0.3750783215195925 0.36726845398129254 0.3390193206712859 0.3819261861319011 0.41322694738770915 0.3172793304860685 0.340236114243025 0.3939377540295291 0.3681633809191294 -1.0 -1.0 -1.0 -1.0 -1.0 -1.0 -1.0 -1.0 -1.0 -1.0 -1.0 -1.0 -1.0 -1.0 0.13380845825974003 0.2223231767795625 0.1939452697384233 0.07441904431661232 -1.0 -1.0 -1.0 -1.0 -1.0 -1.0 -1.0 -1 0.14925226950229495 0.2215845076042217 0.31405798517060773 0.3458915833601306 0.32020728148947564 0.19946588043378977 0.23547687924061983 0.21597797139565675 0.35065784635789377 -1.0 0.4842586879741913 0.4709020604200528 0.3002761626348969 0.7435654015834712 0.29118191260446946 0.35816812274756704 0.4493896619111042 0.3886669518812687 0.3089671764153666 0.32986728891492456 0.3336222428582826 0.31369622247499157 0.3468792763037363 0.3191591339585824 0.38314008305321534 0.5666883197163983 0.5512966586491952 0.3575112154780652 -1.0 0.33738551360532 0.4027309177258602 0.34760304700064126
0.3908752202687073 0.2622857717735074 0.24701921965460252 0.3509099589198027 0.3292518022966194 0.33949431933976737 0.2778897578095905 0.32747991192369685 0.3870263598998422 0.3613680135919708 0.2707558256876075 -1 -1.0 -1.0 -1.0 -1.0 -1.0 -1.0 -1.0 -1.0 -1.0 -1.0 -1.0 -1.0 -1.0 -1.0 0.16311208539538224 0.1575870893671583 0.18815767379664963 0.08471908249208923 -1.0 -1.0 -1.0 -1.0 -1.0 -1.0 -1.0 -1.0 -1.0 -1 0.16797937093360352 0.24117917163849464 0.20934493318420705 0.18475423011591144 0.2695754181560934 0.1575431638249541 0.19904389625913443 -1 0.3322406415483902 0.3880994512204907 0.3519986525204378 0.2822519896464365 0.3265005631309937 0.32045874063410495 0.31844014220839134 0.4662667142701969 0.2616058518597563 0.22325382915126132 0.20572911620220238 -1.0 -1.0 0.2657794008078777 0.4881648756185437 0.4313747369251265 0.4856933657918742 0.3183533651550423 0.5136760941022682 0.3720971853776995 0.4722018727335397 0.5205900342554907
0.19626039696134637 0.3200184800842988 0.37888270109445393 0.34840454560267664 0.40364601866805927 0.36596902913988677 0.1710454658107438 0.3530171860135068 0.30224358695896486 0.24697357808212686 -1 -1.0 -1.0 -1.0 0.2852509353633564 0.3240128588208218 0.3035075487101504 0.28701230999524807 0.3178622439831048 -1.0 -1.0 -1.0 -1.0 -1.0 -1.0 -1.0 0.21381828993652255 0.08707022418122297 0.14915915605111824 0.0863270810422471 -1.0 -1.0 -1.0 -1.0 -1.0 -1.0 -1.0 -1.0 -1.0 -1.0 -1.0 0.17676352453123131 0.16370144417373028 0.28191766891754055 -1.0 -1.0 0.25532473977840026 -1.0 -1.0 0.31102885346115355 0.2751933454887324 0.27457022954920857 0.27563633483804434 0.34315189653110967 0.3453543272086472 0.2713445031362461 0.27667099924256744 0.30249908550525617 -1.0 -1.0 0.33007185007226325 -1.0 0.4361305567999273 0.4531749543954902 0.4037013657769111 0.5038951240679669 0.3680851565031799 0.3493217784999926 0.38874245903720595 0.46143354160232675
0.15960471502943 0.3215650359302445 0.36052842037910604 0.3947002724956667 0.34951878186685414 0.4099004818831148 0.3954320927405972 0.22546698383365804 0.20300271301991812 0.29329820504096304 -1.0 -1.0 0.272187493125184 0.19441394577221707 -1.0 0.24753404726114045 0.2838723795723211 -1.0 -1.0 -1.0 -1.0 -1.0 -1.0 -1.0 -1.0 -1.0 0.19132521122305965 0.08219749341654062 0.07746697235158537 0.09742358828248582 -1.0 -1.0 -1.0 -1.0 -1.0 -1.0 -1.0 -1.0 -1.0 -1.0 -1.0 -1.0 0.21487731325971005 0.24094896655193287 0.4008742881460274 -1.0 -1.0 -1.0 -1.0 0.28145448111815324 0.293357040807453 0.2897655345243986 0.2828136318471129 0.3489231302496662 0.4118673766621616 0.2563409886764826 0.2582630798812403 0.29838239752751067 -1.0 -1.0 -1.0 0.10628351296682388 0.2532447176393776 0.42602678249823134 0.44673163556045925 0.5364090540999971 0.4496334472374039 0.42878867714734326 0.4929752336747497 0.5178597641534983
0.26663213317538476 0.28157864237291624 0.32992661954078617 0.308421941514492 0.29315681307699915 0.27573328765833865 0.3495676182486428 0.4283365964337646 0.2261260381347209 0.16489322092601982 0.29040608554106007 -1.0 0.1750219571302112 -1 -1.0 -1.0 -1.0 -1.0 -1.0 -1.0 -1.0 -1.0 -1.0 -1.0 -1.0 -1.0 -1.0 0.10841697220575185 -1 -1.0 -1.0 -1.0 -1.0 -1.0 -1.0 -1.0 -1.0 -1.0 -1.0 -1.0 -1.0 0.2069882424236129 0.1949108957600861 0.24534824891776158 0.29296496392766497 -1.0 -1.0 -1.0 -1.0 -1.0 -1.0 0.2810929540867655 0.2819847582258972 0.26049005544576764 0.2599636642491675 0.24993326461292328 0.2533486893194762 0.24046665776984644 0.2694783391208691 0.2542506265268967 -1.0 0.2624866585964955 0.35417831124100974 0.34846512809802077 0.42686430609723736 0.3895565529920253 0.5604898990787269 0.5975565312462576 0.5713225862200145 0.5099337251280598
0.29146546001487544 0.3217747681031708 0.2489167376780712 0.2829638585013126 0.28909783632250924 0.16658653164768272 0.21328094173223408 0.27005661325592334 0.263830495468848 0.3083424011365315 -1.0 -1.0 -1.0 -1.0 -1.0 -1.0 -1.0 -1.0 -1.0 -1.0 -1.0 -1.0 -1.0 -1.0 -1.0 -1.0 -1.0 -1.0 -1.0 -1.0 -1.0 -1.0 -1.0 -1.0 -1.0 0.1974135844920362 0.20556638080869155 0.17903090409093492 -1.0 0.22417483398662694 0.15576002676039016 0.15866474171410078 0.08443359345743236 0.39403543188250284 -1.0 -1.0 -1.0 -1.0 -1.0 -1.0 0.27932763626670215 0.2680882554633195 0.30723209054567957 0.2578529122012107 0.23419900830225487 0.2359657833690477 0.2437553257349377 0.2436887769100369 0.2207438843577338 0.2539047509075833 -1.0 0.2659688033629542 0.2585569360239339 0.4425888565438776 0.5008986499650617 0.48989968607983253 0.5196011091931971 0.5259307851677194 0.4996236855431507 0.5336509580804921
0.1663773128204298 0.2978701660705599 0.3525842274340382 0.3203149979053151 0.3856403948166877 0.35901731984168017 0.19105728324771046 0.2372308404191124 0.27218176032777897 -1.0 -1.0 -1.0 -1.0 -1.0 -1.0 -1.0 -1.0 -1.0 -1.0 -1.0 -1.0 -1.0 -1.0 -1.0 -1.0 -1.0 -1.0 -1.0 -1.0 -1.0 -1.0 -1.0 -1.0 -1.0 0.16184593541582032 0.16840010403631336 0.10856781901704589 0.21828677251166262 0.26086722742997215 0.2480898777397895 0.17176109007895535 0.13742501733255308 0.21704490628731093 -1.0 -1.0 -1.0 -1.0 -1.0 -1.0 -1.0 -1.0 0.26395273003445024 0.49931337592859043 0.25065397136893225 0.2683637642488053 0.26485941885233083 0.2071938657290344 0.28362635032486316 0.27000273144766057 0.2504280052953053 0.25550900616610045 -1.0 0.24541863514799414 0.23629092363303883 0.3507294103506428 0.48987668890311215 0.49997692017517364 0.5480530500893422 0.6211009106822489 0.5195868843540181
0.36929587214829296 0.2902002166236261 0.3443794023757265 0.4336944555621854 0.27603273977635656 0.16473943354632403 0.14847053995371506 -1 -1.0 -1.0 -1.0 -1.0 -1.0 -1.0 -1.0 -1.0 -1.0 -1.0 -1.0 -1.0 -1.0 -1.0 0.41865368442588413 0.24469113095930647 0.5705161531976821 -1 -1.0 0.22221142845907638 0.17168685467917205 0.13308411984220797 0.425734957792762 0.4027939701498129 0.28651207834275727 -1.0 -1.0 -1.0 0.23304397640652216 0.23873320461177952 0.20625530241760956 0.1360544804528451 0.1313069929122933 -1.0 -1.0 -1.0 -1.0 -1.0 -1.0 -1.0 -1.0 -1.0 -1.0 -1.0 -1.0 0.26717911110507275 0.2651600254251535 0.23157941892071898 0.24300145607782994 -1.0 -1 0.2526739307276734 0.29340886477783895 0.24528666318539002 -1.0 0.2415108454756612 0.47964091426191197 0.4644162082465555 0.46832168605230673 0.4399622141959657 0.4699932492338639 0.5417245847564268
0.2769287146691672 0.29655516081275274 0.22927542349490912 0.31248216951140745 0.23166650400115502 0.3161734177224874 0.2590806784711676 -1.0 -1.0 -1.0 -1.0 -1.0 0.0 0.0 0.3042759297204785 0.4178690882740005 0.2319616139782626 0.17896921527830545 0.1565468414546753 0.20661379056941215 0.14485315764290224 0.207551590305999 0.14122370312671467 0.28651061387528654 0.27787042021068475 0.20752161922944531 0.2717533362982231 0.21898337252554062 0.15694580058970461 0.32609977800802953 0.26073934252390885 0.28372074841893885 0.3433325486826527 0.12165440024871355 -1.0 -1.0 -1.0 -1.0 0.2126574722029489 0.16203663018512932 0.2403988619727242 -1.0 -1.0 -1.0 -1.0 -1.0 -1.0 -1.0 -1.0 -1.0 -1.0 -1.0 -1.0 0.29838364103051307 0.2220421042782662 0.2234214992630285 0.19564890484556088 -1.0 0.2553297734655625 0.25625944624949215 0.24661327762413673 0.26235244145390857 0.24013699781501271 -1 0.3361678806489381 0.15827044285410358 0.27665219497077775 0.4703578797159926 0.4755243388811514 0.5423658025950369
-1 -1.0 -1.0 -1.0 -1.0 -1.0 -1.0 -1.0 -1.0 -1.0 0.3285029012421816 0.25358061930117254 0.22958418563281088 0.22897659070111523 0.22074841437048084 0.20556135625363947 0.18521073253754308 0.24428718641284203 0.21748899784028963 0.21018682381415837 0.2524872659078629 0.2589385273022672 0.2795942012630878 0.3306352987682389 0.2878561176590679 0.26886067315217543 0.2630360231002033 0.2860293809459993 0.28109626997531784 0.31055256504760576 0.2584082454370415 0.18906468374707486 -1.0 -1.0 -1.0 -1.0 -1.0 -1.0 -1 -1.0 -1.0 -1.0 -1.0 -1.0 -1.0 -1.0 -1.0 -1.0 -1.0 -1.0 -1.0 -1.0 -1.0 -1.0 0.24394470735181092 0.25418723344563493 0.22223647546985398 -1.0 -1.0 -1.0 0.28495204886197095 -1.0 -1.0 -1.0 -1 0.23960541497022184 0.15266473088200347 -1.0 0.49346671893647615 0.4451179417734029
-1.0 -1.0 -1.0 -1.0 -1.0 -1.0 -1.0 0.34040624594063834 0.27601715755241524 0.30310058745030755 0.2807715409781197 0.1996573572954374 0.14669753828828522 0.16459509839519915 6.8509161653515 0.41723831290910685 0.3277221749065515 0.2759543955668591 0.2855308615199917 0.25989914498313027 0.19964790377168123 0.1538405179958137 0.19498229313773852 0.1252110251344047 0.22313204693153166 1.8326900364639884 0.30551936956528064 0.30620069773849595 0.3052509301925155 0.24159543475909495 0.19217019658034143 0.3638638129630647 -1.0 -1.0 -1.0 -1.0 -1.0 -1.0 0.3217524693420427 0.27973762433839194 -1.0 -1.0 -1.0 -1.0 -1.0 -1.0 -1.0 -1.0 -1.0 -1.0 -1.0 -1.0 -1.0 -1.0 -1.0 -1.0 -1.0 0.22311438042798087 0.2543155490896606 -1.0 -1.0 -1.0 -1.0 -1.0 0.23889741967046288 0.2463563333659361 -1.0 -1.0 -1.0 -1.0
0.22111687788905876 0.18367476754746034 0.05891005102803638 0.22696174145515977 0.39658069572061316 0.38518850100379237 0.3216546094641244 0.2712024324596504 0.29025795512540664 0.25008857627022646 0.1950248884988794 0.1364460984852667 0.22859787030884834 0.19005204215288718 0.0 0.24881085411820394 0.25930487988673345 0.08509186349616542 0.30925695371820194 0.0 0.12329927721761257 0.24062780146810753 -0.5405386190921575 2.141326426111838 -3.7954588760081083 1.510826988833958 1.485303394102459 0.33488469479435656 0.2799545506989976 0.21581769961309596 0.31519923540759237 0.3051667461597079 0.3989043331738097 -1.0 -1.0 -1.0 -1.0 -1.0 -1.0 -1.0 -1.0 -1.0 -1.0 -1.0 -1.0 -1.0 -1.0 -1.0 -1.0 -1.0 -1.0 -1.0 -1.0 -1.0 -1.0 -1.0 -1.0 0.18805533896936738 0.20150534490467276 0.2083121173187213 0.2572938001300783 0.19269913554499815 0.24044556405964396 -1 0.22966762055893714 -1.0 -1.0 -1.0 -1.0 -1.0
0.2471642641038493 0.279512239771394 0.18978710574181076 0.20996332921468905 0.20451817220084118 0.25147283395257686 0.18536174763633811 0.21886512301647115 0.21808787853902575 0.2795563505052486 0.21065145699190133 1.469461335218436 0.09206391122054919 0.0 0.11792442196788158 0.0 0.33534409657572456 0.18023762183225753 0.1050480901112476 0.018040012152125025 0.2724801459831411 0.0 0.14992795084851174 0.15978388398090979 0.11191389866931742 0.1374783037404135 0.17065126663961083 0.3215629439869282 0.33380844384606045 0.25641460829242707 0.39152624909810546 0.41928221514325803 0.20682714854248055 -1.0 -1.0 -1.0 -1.0 -1.0 -1.0 -1.0 -1.0 -1.0 -1.0 -1.0 -1.0 -1.0 -1.0 -1.0 -1.0 -1.0 -1.0 -1.0 -1.0 -1.0 -1.0 -1.0 -1.0 -1.0 -1.0 0.2107977466731672 -1 -1.0 -1.0 -1.0 -1.0 -1.0 -1.0 -1.0 -1.0 -1.0
0.2645098226601692 0.2477442839432775 0.2489344672640597 0.25649112270569446 0.20676483081922173 0.19703978224389976 0.019292763956830623 0.08724046358327968 0.1824394067673686 0.22779119283998703 0.2252308008184904 0.0 0.0 0.0 0.0 0.0 0.0 0.0 0.16311302358861873 0.11319693494395561 0.05276263299304357 0.0 0.0 0.0 0.0 0.009123724735231454 0.07805589238132901 0.08002311154107904 0.11415955945871673 0.21138373272707656 0.30562352963706046 -1.0 -1.0 -1.0 -1.0 -1.0 -1.0 -1.0 -1.0 -1.0 -1.0 -1.0 -1.0 -1.0 -1.0 -1.0 -1.0 -1.0 -1.0 -1.0 -1.0 -1.0 -1.0 -1.0 -1.0 -1.0 -1.0 -1.0 -1.0 -1.0 -1.0 -1.0 -1.0 -1.0 -1.0 -1.0 -1.0 -1.0 -1.0 -1.0
0.32051164529589776 0.20419485223248116 0.24889250703663518 0.2145820697329976 0.24763276045123844 0.26660502598974833 0.0353893276641986 0.0 0.0 0.0 0.0 0.0 0.0 0.0 0.0 0.0 0.16436325595708398 0.14346802847580958 0.07054186263213813 0.03715879004218033 0.0 0.0 0.0 0.0 0.0 0.013910777284510161 0.05254535846143729 0.09114642185227068 0.009935524947068205 0.11006675057518131 0.2067394589131412 0.30510357980040986 0.2992461870667665 -1.0 -1.0 -1.0 -1.0 -1.0 -1.0 -1.0 -1.0 -1.0 -1.0 -1.0 -1.0 -1.0 -1.0 -1.0 -1.0 -1.0 -1.0 -1.0 -1.0 -1.0 -1.0 -1.0 -1.0 -1.0 -1.0 -1.0 -1.0 -1.0 -1.0 -1.0 -1.0 -1.0 -1.0 -1.0 -1.0 -1.0
0.27303268011975035 0.1685005174658508 0.253683571184227 0.19665538790001447 0.14246699246623235 0.1455274302457102 0.04047616050399929 0.0 0.0 0.0 0.0 0.0 0.14985326523118656 0.14167146283574555 0.1399196244858111 0.13970848419287865 0.0 0.0 0.0 0.0 0.0 0.0 0.0 0.0 -1 -1 0.0 0.14977060076213586 0.10127668680317445 0.0034872536615161193 0.1772797576916244 0.16184903242080528 0.18951678578519532 0.13611412255003857 -1.0 -1.0 -1.0 -1.0 -1.0 -1.0 -1.0 -1.0 -1.0 -1.0 -1.0 -1.0 -1.0 -1.0 -1.0 -1.0 -1.0 -1.0 -1.0 -1.0 -1.0 -1.0 -1.0 -1.0 -1.0 -1.0 -1.0 -1.0 -1.0 -1.0 -1.0 -1.0 -1.0 -1.0 -1.0 -1.0
0.2634562810570987 0.24901969095660736 0.23492210894416068 0.16554902145650444 0.0 0.0551536637642078 0.0 0.0 0.0 0.0 0.0 0.03575771441798369 0.0 -1 0.0 0.0 0.0 0.0 0.0 0.0 0.0 0.0 -1 -1 -1 -1 -1 -1 0.0 -1 0.085636479050426 0.030800249035198585 0.011939901533094974 0.05181659533909495 0.17327735421772097 0.2548940546512212 0.2529706642179411 0.2271860758901049 0.2612255364692591 -1.0 -1.0 -1.0 -1.0 -1.0 -1.0 -1.0 -1.0 -1.0 -1.0 -1.0 -1.0 0.38900622577735966 0.005587924538190213 0.2144812982976143 0.18732007982636514 0.18610864818853148 0.23838493464992222 -1.0 -1.0 -1.0 -1.0 -1.0 -1.0 -1.0 -1.0 -1.0 -1.0 -1.0 -1.0 -1.0
0.23291031781181518 0.17638177905973393 0.16934961995504577 0.090638034665866 0.0 0.0 0.06636469701318981 0.0 0.0 0.0 0.0 0.0 0.0 0.0 -1 -1 0.0 0.0 0.0 0.0 0.0 0.0 -1 -1 -1 -1 -1 -1 -1 -1 0.004969241762354873 0.006598054330095759 0.0002206110881100787 9.225362372286764e-05 0.050727612832099506 0.04845436965102202 0.12412103445703415 0.13776359935116597 0.0 0.18908061251693772 0.1003751179868245 -1.0 -1.0 -1.0 -1.0 -1.0 -1.0 -1.0 -1.0 -1.0 0.19848567918426527 0.22061409659710193 0.17626582344340025 0.21031958720715624 0.23044319095134128 0.11572969598367269 0.002225718481773857 0.08006157766702418 -1.0 -1.0 -1.0 -1.0 -1.0 -1.0 -1.0 -1.0 -1.0 -1.0 -1.0 -1.0
0.08967445154615898 0.09073971404487287 0.09963174785054643 0.06496020828180826 0.0 0.0 0.0 0.0 0.0 -1 -1 -1 -1 -1 -1 -1 -1 0.0 0.0 -1 0.0 0.0 0.0 -1 0.0 -1 -1 -1 -1 0.0 0.0 0.0 0.0 0.09026857038418906 0.13927251930536919 0.1917571290745453 0.0 0.08940538496868825 0.11160014444536519 0.0003164229360940315 0.07233056569752225 -1 -1.0 -1.0 -1.0 -1.0 -1.0 -1.0 -1.0 0.17938977487323443 0.13206368922086834 0.0 0.051441829365828105 0.0023376328114398364 0.10005048967139256 0.11975928062900343 0.0 0.0 0.0 0.0 0.0314932586478169 0.37114833547743725 -1 -1.0 -1.0 -1.0 -1.0 -1.0 -1.0 -1.0
0.17269843561826873 0.03359722040681491 0.05336940561127594 0.04942911777711355 0.0 0.0 0.0 0.0 0.0 -1 -1 -1 0.0 -1 -1 -1 -1 0.0 -1 -1 -1 -1 -1 -1 -1 -1 -1 0.0 -1 -1 0.0 0.0 -1 0.0 0.0 0.10023786150697743 0.0 0.0 0.0 -1 0.1175724412107548 0.1912717154372434 0.14867937217458932 0.0 0.023909124904655816 -1.0 -1.0 -1.0 -1.0 -1.0 0.0 9.013244517055782e-05 0.08475598218293971 -1 -1 -1 -1 -1 -1 -1 -1 -1 -1 -1 0.05027799391283797 -1 0.2538053529721224 -1 -1.0 0.3446225265690418
0.0 0.0 0.0 0.0 0.0 0.0 0.0 -1 -1 -1 -1 -1 -1 -1 -1 0.0 0.0 -1 -1 -1 -1 -1 0.0 0.0 -1 -1 -1 -1 -1 -1 -1 -1 -1 -1 -1 0.0 0.0 0.0 -1 -1 -1 -1 0.046586913402086046 0.13949800516292987 0.2410418478600316 0.2416038925147152 0.2293907584932888 -1.0 -1.0 0.0005117421493241396 0.0 0.03077753306520049 -1 -1 -1 -1 -1 0.0 -1 -1 -1 -1 -1 -1 -1 -1 -1 0.0 0.2671067629541644 0.30662604065789295
-1 0.0 0.0 -1 0.0 -1 -1 -1 -1 -1 -1 0.0 -1 -1 -1 0.0 -1 -1 -1 -1 -1 -1 -1 -1 -1 -1 -1 -1 0.0 -1 -1 -1 0.0 0.0 0.0 -1 -1 0.0 0.0 -1 -1 -1 -1 -1 -1 -1 0.24152067215372675 0.24184644806267247 0.1598154441470752 0.0 0.0 -1 -1 -1 -1 -1 -1 0.0 -1 -1 -1 -1 -1 -1 -1 -1 -1 -1 -1 -1
-1 0.0 -1 -1 0.0 0.0 -1 -1 -1 0.0 -1 0.0 0.0 0.0 0.0 0.0 0.0 -1 -1 -1 -1 -1 -1 -1 -1 -1 -1 -1 -1 -1 -1 0.0 0.0 0.0 -1 -1 -1 -1 0.0 -1 -1 -1 -1 -1 -1 0.15288885605606622 -1 -1 -1 -1 -1 -1 -1 -1 -1 -1 -1 -1 -1 0.0 -1 -1 -1 -1 -1 -1 -1 -1 -1 -1
-1 0.0 0.0 0.0 0.0 0.0 -1 -1 0.0 0.0 0.0 0.0 0.0 0.0 0.0 0.0 -1 -1 -1 -1 -1 -1 -1 -1 -1 -1 -1 -1 -1 0.0 -1 0.0 0.0 0.0 0.0 0.0 0.0 -1 -1 -1 0.0 0.0 0.0 -1 -1 0.0 -1 -1 -1 -1 -1 -1 0.0 -1 -1 -1 -1 0.0 -1 -1 -1 -1 -1 -1 -1 -1 -1 -1 -1 -1
-1 0.0 0.0 0.0 -1 -1 -1 -1 -1 0.0 0.0 -1 0.0 0.0 0.0 0.0 -1 -1 -1 -1 -1 -1 -1 -1 -1 -1 -1 -1 0.0 0.0 0.0 0.0 0.0 0.0 0.0 0.0 0.0 -1 -1 0.0 0.0 0.0 0.0 0.0 -1 0.0 0.0 -1 -1 0.0 -1 -1 -1 -1 -1 -1 -1 -1 -1 -1 -1 -1 -1 -1 -1 -1 -1 -1 -1 -1
-1 -1 -1 -1 -1 -1 -1 -1 -1 0.0 -1 -1 -1 0.0 0.0 0.0 0.0 0.0 -1 -1 -1 -1 -1 -1 -1 -1 -1 -1 -1 0.0 -1 -1 -1 -1 -1 0.0 -1 -1 -1 -1 -1 -1 -1 -1 0.0 -1 0.0 -1 -1 -1 -1 0.0 -1 -1 -1 -1 -1 -1 -1 -1 -1 -1 -1 -1 -1 -1 -1 -1 -1 -1
