critload/trunk/output/1999/fnat.asc
ncols 720
nrows 360
xllcorner -180
yllcorner -90
cellsize 0.5
NODATA_value -1
[rows 31 to 61 of 360, columns 414 to 482 of 720]
-1.0 -1.0 -1.0 -1.0 -1.0 -1.0 -1.0 -1.0 -1.0 -1.0 -1.0 -1.0 -1.0 -1.0 -1.0 -1.0 -1.0 -1.0 -1.0 -1.0 -1.0 -1.0 -1.0 -1.0 -1.0 -1.0 -1.0 -1.0 -1.0 -1.0 -1.0 -1.0 -1.0 -1.0 -1.0 -1.0 -1.0 -1.0 -1.0 -1.0 -1.0 -1.0 -1.0 -1.0 -1.0 -1.0 -1.0 -1.0 -1.0 -1.0 -1.0 -1.0 -1.0 -1.0 -1.0 -1.0 0.4468791950697787 0.7230816975162214 0.9451604426545481 1.0 0.9718638267716347 0.8874564961231463 0.8034784076897376 0.1926536562281143 0.027419540865404626 -1.0 -1.0 -1.0 -1.0
-1.0 -1.0 -1.0 -1.0 -1.0 -1.0 -1.0 -1.0 -1.0 -1.0 -1.0 -1.0 -1.0 -1.0 -1.0 -1.0 -1.0 -1.0 -1.0 -1.0 -1.0 -1.0 -1.0 -1.0 -1.0 -1.0 -1.0 -1.0 -1.0 -1.0 -1.0 -1.0 -1.0 -1.0 -1.0 -1.0 -1.0 -1.0 -1.0 -1.0 -1.0 -1.0 -1.0 -1.0 -1.0 -1.0 -1.0 -1.0 -1.0 -1.0 -1.0 -1.0 -1.0 -1.0 0.6118047489812655 0.8617346803428346 0.944306101334822 1.0 1.0 0.9720140667837746 0.8320867074890976 0.359100906913093 0.02743115107490482 -1.0 -1.0 -1.0 -1.0 -1.0 -1.0
-1.0 -1.0 -1.0 -1.0 -1.0 -1.0 -1.0 -1.0 -1.0 -1.0 -1.0 -1.0 -1.0 -1.0 -1.0 -1.0 -1.0 -1.0 -1.0 -1.0 -1.0 -1.0 -1.0 -1.0 -1.0 -1.0 -1.0 -1.0 -1.0 -1.0 -1.0 -1.0 -1.0 -1.0 -1.0 -1.0 -1.0 -1.0 -1.0 -1.0 -1.0 -1.0 -1.0 -1.0 -1.0 -1.0 -1.0 -1.0 -1.0 -1.0 -1.0 -1.0 -1.0 0.5590459295892632 0.7789865297693441 0.9448479839450261 0.9724245519255665 0.9164662034735008 0.8315885196185152 0.44095407041073675 0.08246059050409214 -1.0 -1.0 -1.0 -1.0 -1.0 -1.0 -1.0 -1.0
-1.0 -1.0 -1.0 -1.0 -1.0 -1.0 -1.0 -1.0 -1.0 -1.0 -1.0 -1.0 -1.0 -1.0 -1.0 -1.0 -1.0 -1.0 -1.0 -1.0 -1.0 -1.0 -1.0 -1.0 -1.0 -1.0 -1.0 -1.0 -1.0 -1.0 -1.0 -1.0 -1.0 -1.0 -1.0 -1.0 -1.0 -1.0 -1.0 -1.0 -1.0 -1.0 -1.0 -1.0 -1.0 -1.0 -1.0 -1.0 -1.0 -1.0 -1.0 0.47306892761131486 0.889279378312781 1.0 1.0 1.0 0.9721568584769099 0.7477225481339588 0.13817303192241973 -1.0 -1.0 -1.0 -1.0 -1.0 -1.0 -1.0 -1.0 -1.0 -1.0
-1.0 -1.0 -1.0 -1.0 -1.0 -1.0 -1.0 -1.0 -1.0 -1.0 -1.0 -1.0 -1.0 -1.0 -1.0 -1.0 -1.0 -1.0 -1.0 -1.0 -1.0 -1.0 -1.0 -1.0 -1.0 -1.0 -1.0 -1.0 -1.0 -1.0 -1.0 -1.0 -1.0 -1.0 -1.0 -1.0 -1.0 -1.0 -1.0 -1.0 -1.0 -1.0 -1.0 -1.0 -1.0 -1.0 -1.0 -1.0 -1.0 -1.0 -1.0 0.806628582559794 1.0 1.0 1.0 1.0 0.9441918913883054 0.05542931431668812 -1.0 -1.0 -1.0 -1.0 -1.0 -1.0 -1.0 -1.0 -1.0 -1.0 -1.0
-1.0 -1.0 -1.0 -1.0 -1.0 -1.0 -1.0 -1.0 -1.0 -1.0 -1.0 -1.0 -1.0 -1.0 -1.0 -1.0 -1.0 -1.0 -1.0 -1.0 -1.0 -1.0 -1.0 -1.0 -1.0 -1.0 -1.0 -1.0 -1.0 -1.0 -1.0 -1.0 -1.0 -1.0 -1.0 -1.0 -1.0 -1.0 -1.0 -1.0 -1.0 -1.0 -1.0 -1.0 -1.0 -1.0 -1.0 -1.0 -1.0 0.8877871564171537 1.0 0.8599480567665336 0.9719166434777232 1.0 1.0 1.0 0.9725288315864329 0.2516536293273145 -1.0 -1.0 -1.0 -1.0 -1.0 -1.0 -1.0 -1.0 -1.0 -1.0 -1.0
0.028075209954093253 0.1683327777398457 0.11230083981637301 -1.0 -1.0 -1.0 -1.0 -1.0 -1.0 -1.0 -1.0 -1.0 -1.0 -1.0 -1.0 -1.0 -1.0 -1.0 -1.0 -1.0 -1.0 -1.0 -1.0 -1.0 -1.0 -1.0 -1.0 -1.0 -1.0 -1.0 -1.0 -1.0 -1.0 -1.0 -1.0 -1.0 -1.0 -1.0 -1.0 -1.0 -1.0 -1.0 -1.0 -1.0 -1.0 -1.0 -1.0 -1.0 -1.0 -1.0 0.08303599040898374 0.38793712823767085 0.3329755445150874 0.721150640806802 0.8881740922070985 1.0 1.0 0.9725202122233244 0.4192254089636642 -1.0 -1.0 -1.0 -1.0 -1.0 -1.0 -1.0 -1.0 -1.0 -1.0
0.44548409202153694 0.9169534997552619 0.5817699461576114 0.6131923641703377 0.6690944689182574 0.4474508076358297 0.2520234948604993 0.05613372491434166 -1.0 -1.0 -1.0 -1.0 -1.0 -1.0 -1.0 -1.0 -1.0 -1.0 -1.0 -1.0 -1.0 -1.0 -1.0 -1.0 -1.0 -1.0 -1.0 -1.0 -1.0 -1.0 -1.0 -1.0 -1.0 -1.0 -1.0 -1.0 -1.0 -1.0 -1.0 -1.0 -1.0 -1.0 -1.0 -1.0 -1.0 -1.0 -1.0 -1.0 -1.0 -1.0 -1.0 -1.0 -1.0 0.24843759177679883 0.49687518355359767 0.6082173274596182 0.6366314243759178 0.664004894762604 0.6641204111600587 0.6918404307391092 0.5289916789035731 -1.0 -1.0 -1.0 -1.0 -1.0 -1.0 -1.0 -1.0
1.0 1.0 0.9448977057823453 0.8882165848440275 0.8319862843607329 0.8316491241475482 0.775755983877438 0.4419711933370265 0.08305258935223214 -1.0 -1.0 -1.0 -1.0 -1.0 -1.0 -1.0 -1.0 -1.0 -1.0 -1.0 -1.0 -1.0 -1.0 -1.0 -1.0 -1.0 -1.0 -1.0 -1.0 -1.0 -1.0 -1.0 -1.0 -1.0 -1.0 -1.0 -1.0 -1.0 -1.0 -1.0 -1.0 -1.0 -1.0 -1.0 -1.0 -1.0 -1.0 -1.0 -1.0 -1.0 -1.0 -1.0 -1.0 -1.0 -1.0 -1.0 -1.0 -1.0 -1.0 -1.0 -1.0 -1.0 -1.0 0.41773768362337393 0.8349118416779691 0.39159105236012154 -1.0 -1.0 -1.0
1.0 1.0 1.0 1.0 1.0 0.8343196038754558 0.5027387424351215 0.5861272484823618 0.5305719001482669 0.4749065172185492 0.638290640550546 0.3623718982832738 -1.0 -1.0 -1.0 -1.0 -1.0 -1.0 -1.0 -1.0 -1.0 -1.0 -1.0 -1.0 -1.0 -1.0 -1.0 -1.0 -1.0 -1.0 -1.0 -1.0 -1.0 -1.0 -1.0 -1.0 -1.0 -1.0 -1.0 -1.0 -1.0 -1.0 -1.0 -1.0 -1.0 -1.0 -1.0 -1.0 -1.0 -1.0 -1.0 -1.0 -1.0 -1.0 -1.0 -1.0 -1.0 -1.0 -1.0 -1.0 -1.0 -1.0 -1.0 0.027503893173192587 0.22025009558089875 0.4420350805210791 0.7203610626730947 0.5024105036413992 0.6692966178349294
1.0 0.9990673941897751 1.0 1.0 1.0 1.0 1.0 1.0 1.0 1.0 0.9724884305651714 0.9448675436358999 0.7237146084611741 0.5300695988047954 0.5858388295740261 0.502878694020333 0.38784739279142216 0.39155431257515577 0.22414094668950188 -1.0 -1.0 -1.0 -1.0 -1.0 -1.0 -1.0 -1.0 -1.0 -1.0 -1.0 -1.0 -1.0 -1.0 -1.0 -1.0 -1.0 -1.0 -1.0 -1.0 -1.0 -1.0 -1.0 0.1397952118937434 0.8347183252559851 1.0 0.7520788543526582 0.2789509164449951 -1.0 -1.0 -1.0 -1.0 -1.0 -1.0 -1.0 -1.0 -1.0 -1.0 -1.0 -1.0 -1.0 -1.0 -1.0 -1.0 -1.0 -1.0 -1.0 0.027511022847356337 0.5254837299129104 1.0
1.0 1.0 1.0 1.0 1.0 1.0 1.0 1.0 1.0 1.0 0.9721717603476526 0.9722697157512289 0.9723765761914939 1.0 1.0 1.0 0.9867466870681058 0.9895945716855453 0.9797780858356486 0.9182306576280544 0.6412914967069174 0.3357225546769253 -1.0 -1.0 -1.0 -1.0 -1.0 -1.0 -1.0 -1.0 -1.0 -1.0 0.027933586236375294 -1.0 -1.0 -1.0 -1.0 -1.0 -1.0 -1.0 -1.0 -1.0 0.165523259955831 0.5797875704023295 0.4667913460604118 0.2204548692740614 -1.0 -1.0 -1.0 -1.0 -1.0 0.3633441974780936 0.7244042530455225 0.7228449811213222 -1.0 -1.0 -1.0 -1.0 -1.0 -1.0 -1.0 0.5580483721592933 0.7243000641162641 0.917441404858588 0.6390450238654983 -1.0 -1.0 0.5580483721592933 1.0
1.0 1.0 1.0 1.0 1.0 1.0 1.0 1.0 0.9990192838578185 1.0 1.0 1.0 1.0 1.0 1.0 1.0 1.0 1.0 1.0 0.9797191912795813 0.9730212263284876 0.972236719957147 0.8897672694863733 0.5965569498654311 0.3077344505317435 0.1120232381914625 -1.0 -1.0 -1.0 -1.0 -1.0 -1.0 -1.0 0.05504925486233898 0.6097969706735417 1.0 1.0 1.0 0.5025337293464912 -1.0 -1.0 -1.0 -1.0 -1.0 -1.0 -1.0 0.33556279450575294 0.6136467760057833 0.8344514027401555 0.944953009729033 0.9448572000940676 0.8898014998562855 0.9445523512555417 0.7229342136206461 0.5027366715732813 0.4469780770135266 0.9174295145935494 1.0 1.0 1.0 1.0 1.0 1.0 1.0 0.8346543449669457 0.696726794470913 0.9724765048645164 1.0 1.0
1.0 1.0 1.0 1.0 1.0 1.0 1.0 1.0 1.0 1.0 1.0 1.0 0.9984023644592946 1.0 1.0 1.0 1.0 1.0 1.0 1.0 1.0 0.9720413570521399 0.9734199923286083 0.9732116714087232 1.0 1.0 0.80698522830914 0.5303932014422216 -1.0 -1.0 -1.0 -1.0 -1.0 -1.0 0.6394292484593288 1.0 0.8321456882516899 0.46960338905036697 0.3309608844262225 -1.0 -1.0 0.02802444616813986 0.3077762340285887 0.39125717062027465 0.7242944450600499 0.9724682276528098 1.0 1.0 1.0 1.0 1.0 1.0 1.0 1.0 1.0 1.0 1.0 1.0 1.0 1.0 1.0 1.0 1.0 1.0 1.0 1.0 1.0 1.0 1.0
1.0 1.0 1.0 1.0 1.0 1.0 1.0 1.0 1.0 1.0 0.8603870903127269 0.8599030187702914 1.0 1.0 1.0 1.0 1.0 1.0 1.0 1.0 0.9899753791615546 1.0 0.9724317928424181 1.0 1.0 1.0 1.0 1.0 0.4737140806396421 -1.0 -1.0 -1.0 -1.0 0.16628107864493352 0.6879265713003998 0.9957074957226436 0.7515870035136917 0.19564752914861833 -1.0 -1.0 -1.0 0.38363969407346205 1.0 1.0 1.0 1.0 1.0 1.0 1.0 1.0 1.0 1.0 1.0 1.0 1.0 1.0 1.0 1.0 1.0 1.0 1.0 1.0 1.0 1.0 1.0 1.0 1.0 1.0 1.0
1.0 1.0 1.0 1.0 1.0 1.0 1.0 1.0 1.0 1.0 1.0 0.6683618821797964 0.5549928457544663 0.4420007358652549 0.6644119210171293 0.8319283757818569 0.9719880626303095 1.0 1.0 1.0 1.0 1.0 1.0 1.0 1.0 1.0 1.0 0.8321164302358857 0.2485433956093373 -1.0 -1.0 -1.0 -1.0 -1.0 -1.0 0.8061690037202077 1.0 0.9449163975307633 0.6965626916315768 0.6688320183148686 0.7794734475287192 0.9449163975307633 1.0 1.0 1.0 1.0 1.0 1.0 1.0 1.0 1.0 1.0 1.0 1.0 1.0 1.0 1.0 1.0 1.0 1.0 1.0 1.0 1.0 1.0 1.0 1.0 1.0 1.0 1.0
1.0 1.0 1.0 1.0 1.0 1.0 1.0 0.9972150098088712 0.9991321738510238 1.0 1.0 1.0 0.9168008975437753 0.6683191088672517 0.4190078935769524 -1.0 0.027548102736707138 0.16528829586889449 0.3034892014264535 0.4143246383780102 0.5253443923548504 0.7482101214088231 0.8319589694274152 0.8319589694274152 0.7202949072404535 0.5523270905485435 0.24820851865208157 -1.0 0.14003606202668592 0.5022951476539649 0.9449052370076532 0.9449052370076532 0.8070681572304363 0.4742877749729535 0.6627215930231999 1.0 1.0 1.0 1.0 1.0 1.0 1.0 1.0 1.0 1.0 1.0 1.0 1.0 1.0 1.0 1.0 1.0 1.0 1.0 1.0 1.0 1.0 1.0 1.0 1.0 1.0 1.0 1.0 1.0 1.0 1.0 1.0 1.0 1.0
1.0 1.0 0.9952569250795646 1.0 1.0 1.0 1.0 1.0 0.9986255628383953 1.0 1.0 1.0 1.0 1.0 0.9723321690542611 0.541509959848336 -1.0 -1.0 -1.0 -1.0 -1.0 -1.0 -1.0 -1.0 -1.0 0.1119178028368237 0.47450866370673056 0.9172527602058859 1.0 1.0 1.0 1.0 1.0 1.0 0.8892460021217241 1.0 1.0 1.0 1.0 1.0 1.0 1.0 1.0 1.0 1.0 1.0 1.0 1.0 1.0 1.0 1.0 1.0 1.0 1.0 1.0 1.0 1.0 1.0 1.0 1.0 1.0 1.0 1.0 1.0 1.0 1.0 1.0 1.0 1.0
0.9736429871795861 1.0 1.0 1.0 0.9947232935743746 1.0 0.9800492612265351 0.9992019735959604 1.0 1.0 1.0 1.0 1.0 1.0 0.9136166519986124 0.3064765061866399 -1.0 0.1676313456423698 -1.0 0.05590617893073276 0.3075280422464634 0.08399028639710134 -1.0 -1.0 -1.0 0.24620659914967427 0.8473401686235208 1.0 1.0 1.0 1.0 1.0 1.0 1.0 1.0 1.0 1.0 1.0 1.0 1.0 1.0 1.0 1.0 1.0 1.0 1.0 1.0 1.0 1.0 1.0 1.0 1.0 1.0 1.0 1.0 1.0 1.0 1.0 1.0 1.0 1.0 1.0 1.0 1.0 1.0 1.0 1.0 1.0 1.0
1.0 1.0 1.0 0.9852799504108469 0.9917503744155077 1.0 0.9807508741204243 0.9252786973049044 1.0 1.0 1.0 1.0 1.0 1.0 1.0 0.6078900170868453 -1.0 -1.0 -1.0 0.5227422863081277 1.0 0.9448723574898235 0.606813340765401 0.5577826369868195 0.36885405257403564 0.18804851559856545 0.4301693114696669 0.7906369332279104 1.0 1.0 1.0 1.0 1.0 1.0 1.0 1.0 1.0 1.0 1.0 1.0 1.0 1.0 1.0 1.0 1.0 1.0 1.0 1.0 1.0 1.0 1.0 1.0 1.0 1.0 1.0 1.0 1.0 1.0 1.0 1.0 1.0 1.0 1.0 1.0 1.0 1.0 1.0 1.0 1.0
0.9799875189218906 0.901131738065168 0.9833473235962734 1.0 0.9919514726089477 1.0 1.0 1.0 0.9876234348394572 0.9881065478284773 0.9802536392879961 1.0 1.0 1.0 0.9302137883378155 0.9558556085687117 0.6976777400598785 0.6701569440106682 0.19425945297460737 -1.0 0.19031646436563007 0.21112044801346153 0.9348038722345215 1.0 1.0 0.9724127439564358 0.9726138766696878 0.7403449538943286 0.9237105833766697 0.7846441828744632 1.0 1.0 1.0 1.0 1.0 1.0 1.0 1.0 1.0 1.0 1.0 1.0 1.0 1.0 1.0 1.0 1.0 1.0 1.0 1.0 1.0 1.0 1.0 1.0 1.0 1.0 1.0 1.0 1.0 1.0 1.0 1.0 1.0 1.0 1.0 1.0 1.0 1.0 1.0
0.9039532751008852 0.9444116558082853 0.9720833791603728 1.0 1.0 1.0 1.0 0.9920704628895844 0.9976211389040917 1.0 1.0 0.981397359610908 0.9861641751059933 1.0 0.924350073834074 0.9606918274991425 0.9724743691338836 1.0 0.9724101519881492 0.8897013215408978 0.7240664757985069 0.7514960929967819 0.8877131867378882 1.0 1.0 1.0 1.0 0.972371361150638 0.9739588572283399 0.7598701100724622 1.0 1.0 1.0 1.0 1.0 1.0 1.0 1.0 1.0 1.0 1.0 1.0 1.0 1.0 1.0 1.0 1.0 1.0 1.0 1.0 1.0 1.0 1.0 1.0 1.0 1.0 1.0 1.0 1.0 1.0 1.0 1.0 1.0 1.0 1.0 1.0 1.0 1.0 1.0
0.9521043687614732 0.9323244226781208 0.9726352395235772 0.9490408461952157 0.9744768382930816 0.9964270164568035 0.9560051262118519 1.0 1.0 1.0 1.0 1.0 0.9587101883031208 0.9496865452544171 0.896766650886301 0.9422715476781206 0.9412155923445388 0.9450420939436096 0.972167494865764 1.0 1.0 1.0 1.0 1.0 1.0 1.0 0.917377458359626 0.9723273277736346 0.944734682781666 0.8677920562041074 0.744642036613699 0.9204463179712598 1.0 1.0 1.0 1.0 1.0 1.0 1.0 1.0 1.0 1.0 1.0 1.0 1.0 1.0 1.0 1.0 1.0 1.0 1.0 1.0 1.0 1.0 1.0 1.0 1.0 1.0 1.0 1.0 1.0 1.0 1.0 1.0 1.0 1.0 1.0 1.0 1.0
1.0 0.9723498619532656 0.978049483325697 0.9888751351143692 0.8935166613470553 0.9207767328305079 0.9514109566912206 0.9511472683466676 0.9724832056180173 0.9889932680224156 0.9816002535015684 0.9723196515349098 0.9496417717336905 0.9388035334508159 0.8657758412504846 0.8656978423360236 0.9192263500370069 0.8941977986325027 0.9447118889366652 1.0 1.0 1.0 1.0 0.9831736504141261 1.0 0.9723724767913158 0.8634037727980827 0.9175673808691361 0.972483205018856 0.9720918479751878 0.972483205018856 0.7891048070701019 0.7892504273147005 0.8632426313748988 1.0 1.0 1.0 1.0 1.0 1.0 1.0 1.0 1.0 1.0 1.0 1.0 1.0 1.0 1.0 1.0 1.0 1.0 1.0 1.0 1.0 1.0 1.0 1.0 1.0 1.0 1.0 1.0 1.0 1.0 1.0 1.0 1.0 1.0 1.0
0.930385632070371 0.902387279751012 1.0 0.9424305645968502 0.9720961574405258 1.0 0.9720961589585758 0.8572751171948649 0.9720961574405258 0.9617153281553263 0.9428082370515166 0.9546863219236954 0.9575230812607441 0.916669474588255 0.9007379381342538 0.9702074662840349 0.9030420888856541 0.9383135535199357 0.944651818991571 0.9720961574405258 1.0 1.0 1.0 1.0 0.9447197790509066 0.9725074145247602 0.9723922686879609 1.0 1.0 0.9724024697152442 1.0 0.9455608461501136 0.9721726132091166 0.8645369597889979 0.8909906815837632 0.8423441022361781 0.837593575486608 0.9720961574405258 1.0 1.0 1.0 1.0 1.0 1.0 1.0 1.0 0.7899783586965563 1.0 1.0 1.0 1.0 1.0 1.0 1.0 1.0 1.0 1.0 1.0 1.0 1.0 1.0 1.0 1.0 1.0 1.0 1.0 1.0 1.0 1.0
0.9401328609624211 0.9474632519655508 0.9493756619798024 0.9962444376172 0.9811708672153616 0.9481483929397004 0.4857061393294284 0.604968067675638 0.8790481038656401 0.8431003551152054 0.9251097509597616 0.9176332931449496 0.934367030371426 0.8932645957068142 0.725600198716681 0.934337355306135 0.9965521000197748 1.0 0.7981285608553641 0.862685934620289 0.9165998202739837 0.9723249073173725 0.9724751270703915 0.9180580863478599 0.944649882441988 1.0 0.9477616406502514 0.9723999820526283 1.0 1.0 0.9721000875275313 0.9165249456123722 0.9721000875275313 0.9722189810979809 0.9723999833754969 0.9723999833754969 0.7356489234031817 0.8171954310233138 0.9179603277031866 0.9721749610708417 1.0 1.0 0.7816470781174353 0.8614014257863909 0.9448751104458885 0.9723249073173725 0.9234029099290152 0.6537755500630749 0.8912770440365221 0.8653995426011415 0.8929023645116637 1.0 1.0 1.0 1.0 1.0 1.0 1.0 1.0 1.0 1.0 1.0 1.0 1.0 1.0 1.0 1.0 1.0 1.0
0.9502425725405464 0.9952946513517685 0.9366088008481686 0.8036998656686373 0.850953635723728 0.5921991557268146 0.9177133033074544 -1.0 -1.0 0.9286226149959402 0.8943117699812786 0.7667607164339347 0.8885623379723138 0.9168254749877539 0.9167878801492348 0.7910271111946158 0.6239915026941427 0.9493952757419796 0.8744673345903763 0.7224337164339348 0.9721039137203326 0.9742130616733882 0.9721039130291826 0.9135724025981868 0.944648352828682 0.9167522665490146 0.8649914832614225 0.9445079551624873 0.9443953027102471 0.9442078281720763 0.7820022000577076 0.8891923405624484 0.8615772175713126 0.9172642808081757 0.944428056855469 0.8339896522106732 0.9446484859320795 0.9168320535070826 0.8913781204815235 0.6272545609372798 0.8723251950586136 0.8902640451193409 0.8890028704664256 0.9446482854382092 1.0 1.0 0.972249252061707 0.9724669712669517 0.9724712306696103 0.94472183003751 0.9722506659263086 0.9723976869023734 1.0 1.0 0.9723241431351366 1.0 1.0 0.9723241431351366 0.9723241431351366 1.0 1.0 1.0 1.0 1.0 1.0 1.0 1.0 1.0 1.0
0.7992921730474529 0.8340395801363347 0.7550137381103361 0.4728528986828895 0.5295092819541323 0.5840020648951068 0.6854086080440182 0.9431322655754597 -1.0 -1.0 -1.0 0.867115187572659 0.5871171688616308 0.7388273735798456 0.6720285477105792 0.703024595791059 0.8113093864669203 0.7061697099912809 0.6187336700367259 0.7514317030160114 0.7821500974424013 0.8610417980408476 0.8609697307255337 0.8312757531903932 0.9034787360296449 0.8058590533911963 0.834950266064257 0.9166826516394525 0.8891946364140773 0.8056761815815895 0.8618701428477066 0.916970315617734 0.7236599196456881 0.8889995239973051 0.9167545833003066 0.8609698667895265 0.9168468816846334 0.9166823849542908 0.8120633578987001 0.8338424562262207 0.7787459281467978 0.8055002735283238 0.8608261201912916 0.9721795077084654 0.9165385224516487 0.8623163585328154 0.9725411417512154 1.0 0.9723647215770979 1.0 1.0 0.972447157663549 1.0 1.0 1.0 1.0 1.0 1.0 0.9724675676257662 1.0 1.0 1.0 1.0 1.0 1.0 1.0 1.0 1.0 1.0
-1.0 -1.0 -1.0 0.08022846521773067 0.26412119326742334 0.3723810011746724 0.42386944029529416 0.6470358704400143 0.9964563856450617 0.9370511355686365 0.8575970658688087 0.6902103035610915 0.75124845178705 0.8071999748219454 0.8887267905622948 0.9445751743146118 0.8608380151159387 0.9166154369898208 0.8890684602686267 0.7512806912224788 0.766351085466194 0.7815449207063644 0.7553491803310677 0.7250025906078247 0.7870817114898045 0.7784717678168396 0.6398270091502163 0.6395027067163159 0.7504819397443819 0.7236688021854369 0.8618760304985528 0.8611202337181697 0.7507029286090604 0.6955345293245309 0.7239801197502358 0.8890090749357702 0.9721112890630589 0.8888212507398615 0.9171223398809717 0.9172539317766433 0.8626791570782789 0.8347384467007057 0.8068302729649744 0.9171091083612475 0.9166862032651469 0.8065588968681908 0.9721112890630589 1.0 1.0 1.0 0.9723932484048261 0.9725672563595564 0.8888523260984098 0.9721112890630589 0.833782994614459 0.9445711423851182 0.9445042124296725 0.8917200544472991 0.6731799009203552 0.8893612145760837 0.9721112890630589 1.0 1.0 1.0 1.0 1.0 1.0 1.0 1.0
-1.0 -1.0 0.25052489837782776 0.5153189997770474 0.5501047649144387 0.10030642964052099 0.4186961515975065 0.22703047189900505 0.5841949662419036 0.6135403599825738 0.6456554702057186 0.8340708086772121 0.8343474501912396 0.8113673302517186 0.8621418447596533 0.8336561664968896 0.7498620611453869 0.8064887884961592 0.7788643709597852 0.7500696394062286 0.5840711949662688 0.5385709293496576 0.5376630984502233 0.575443423789297 0.6463994584814879 0.46127879577991765 0.5301617089680755 0.6956105640508179 0.6954048761716222 0.6943236400276769 0.6394788154099957 0.6134578230192136 0.8065641859860206 0.8617490255947003 0.9168969884935965 0.8622919662880316 0.723866381569253 0.8619990976827026 0.9449890329751996 0.972467550244415 1.0 0.917133070979646 0.8621302498734681 0.8615966918897795 0.8613764752734052 0.9721148473223267 1.0 0.9723750471083434 1.0 0.9725406170661234 0.7795405758327087 0.5845319010000833 0.7515903365815219 0.944882125058461 0.8892241045314472 0.9170971049030348 0.9444097328413 0.9444368856919537 0.8066993389263679 0.6801632448762549 0.8616796419817154 0.9723220394395433 1.0 1.0 1.0 1.0 1.0 0.9787274406324677 1.0
0.6543217437253813 0.6215096193320119 0.6536611843816281 0.7553542639695485 0.6970551191735683 0.6962122489205635 0.5648089595034592 0.8337245606441268 0.7519033653040097 0.7247195636741238 0.6999813058213816 0.8059104517409857 0.833233350936774 0.7797103787180588 0.8608613444854056 0.8341778606453892 0.7508147686912938 0.7795795096391779 0.9723890269038481 0.5562594162603525 0.5017834917798708 0.43409074755012117 0.4475671813105999 0.28497407392624485 0.5299396536700838 0.1381751088034037 0.4512284620196192 0.5841416331487981 0.5280394718450157 0.583735675531512 0.5836694484509141 0.6954666638533987 0.8612675523116352 0.8890141787319463 0.9449137689690434 0.9723890263357238 0.9724568844876781 0.9446426503888495 0.9445431767813858 0.9168266162193213 0.972118157490405 0.9166927616970508 0.9444392625934248 0.8624671976946774 0.8062766808971316 0.9449735393331481 0.9444892804135946 0.833773657465155 0.9171163448010301 0.9445071835420665 0.7530463468778407 0.8343347207668418 0.8334884926459449 0.9448029629961621 0.8341221809539441 0.7813988002853247 0.8887231397081102 0.9453653054868195 0.7853825544073831 0.7251062289478335 0.7528467084890416 1.0 1.0 1.0 1.0 1.0 0.9722534978600647 0.9721181572063429 0.9724568844876781
