critload/trunk/output/1999/fnat.asc
ncols 720
nrows 360
xllcorner -180
yllcorner -90
cellsize 0.5
NODATA_value -1
[rows 31 to 61 of 360, columns 207 to 275 of 720]
-1.0 -1.0 -1.0 -1.0 -1.0 -1.0 -1.0 -1.0 -1.0 -1.0 -1.0 -1.0 -1.0 -1.0 -1.0 -1.0 -1.0 -1.0 -1.0 -1.0 -1.0 -1.0 -1.0 -1.0 -1.0 -1.0 -1.0 -1.0 -1.0 -1.0 -1.0 -1.0 -1.0 -1.0 -1.0 -1.0 -1.0 -1.0 -1.0 -1.0 -1.0 1.0 1.0 1.0 1.0 1.0 1.0 1.0 1.0 1.0 1.0 1.0 1.0 1.0 1.0 1.0 1.0 1.0 1.0 1.0 1.0 1.0 1.0 1.0 1.0 1.0 1.0 1.0 1.0
-1.0 -1.0 -1.0 -1.0 -1.0 -1.0 -1.0 -1.0 -1.0 -1.0 -1.0 -1.0 -1.0 -1.0 -1.0 -1.0 -1.0 -1.0 -1.0 -1.0 -1.0 -1.0 -1.0 -1.0 -1.0 -1.0 -1.0 -1.0 -1.0 -1.0 -1.0 -1.0 -1.0 -1.0 -1.0 -1.0 -1.0 -1.0 -1.0 -1.0 -1.0 0.7216677604679086 1.0 1.0 1.0 1.0 1.0 1.0 1.0 1.0 1.0 1.0 1.0 1.0 1.0 1.0 1.0 1.0 1.0 1.0 1.0 1.0 1.0 1.0 1.0 1.0 1.0 1.0 1.0
0.02797917422603289 -1.0 -1.0 -1.0 -1.0 -1.0 -1.0 -1.0 -1.0 -1.0 -1.0 -1.0 -1.0 -1.0 -1.0 -1.0 -1.0 -1.0 -1.0 -1.0 -1.0 -1.0 -1.0 -1.0 -1.0 -1.0 -1.0 -1.0 -1.0 -1.0 -1.0 -1.0 -1.0 -1.0 -1.0 -1.0 -1.0 -1.0 -1.0 -1.0 -1.0 0.36090990131387385 0.6377484511698539 1.0 1.0 1.0 1.0 1.0 1.0 1.0 1.0 1.0 1.0 1.0 1.0 1.0 1.0 1.0 1.0 1.0 1.0 1.0 1.0 1.0 1.0 1.0 1.0 1.0 1.0
0.2516255074608996 -1.0 -1.0 -1.0 -1.0 -1.0 -1.0 -1.0 -1.0 -1.0 -1.0 -1.0 -1.0 -1.0 -1.0 -1.0 -1.0 -1.0 -1.0 -1.0 -1.0 -1.0 -1.0 -1.0 -1.0 -1.0 -1.0 -1.0 -1.0 -1.0 -1.0 -1.0 -1.0 -1.0 -1.0 -1.0 -1.0 -1.0 -1.0 -1.0 -1.0 0.2779079006084089 0.5281032662523536 0.6122813700628 1.0 1.0 1.0 1.0 1.0 1.0 1.0 1.0 1.0 1.0 1.0 1.0 1.0 1.0 1.0 1.0 1.0 1.0 1.0 1.0 1.0 1.0 1.0 1.0 1.0
1.0 1.0 0.8878798529710684 0.8888887712582153 0.6956433362693949 -1.0 -1.0 -1.0 -1.0 -1.0 -1.0 -1.0 -1.0 -1.0 -1.0 -1.0 -1.0 -1.0 -1.0 -1.0 -1.0 -1.0 -1.0 -1.0 -1.0 -1.0 -1.0 -1.0 -1.0 -1.0 -1.0 -1.0 -1.0 -1.0 -1.0 -1.0 -1.0 -1.0 -1.0 -1.0 -1.0 0.19425541195202928 0.694633359306186 0.8609217257266752 1.0 0.8883837827766109 0.9719069720170743 1.0 1.0 1.0 1.0 1.0 1.0 1.0 1.0 1.0 1.0 1.0 1.0 1.0 1.0 1.0 1.0 1.0 1.0 1.0 1.0 1.0 1.0
1.0 0.9450576631728659 1.0 0.7487143019097383 0.6949953106803121 0.3354162157705428 0.08376238031928598 0.2522668480557359 0.1963433612631275 -1.0 -1.0 -1.0 -1.0 -1.0 -1.0 -1.0 -1.0 -1.0 -1.0 -1.0 -1.0 -1.0 -1.0 -1.0 -1.0 -1.0 -1.0 -1.0 -1.0 -1.0 -1.0 -1.0 -1.0 -1.0 -1.0 -1.0 -1.0 -1.0 -1.0 -1.0 -1.0 -1.0 -1.0 0.9725288315864329 0.9442001875727876 -1.0 -1.0 0.6926681713714455 0.9440765132073916 0.8604376011295591 1.0 1.0 1.0 1.0 1.0 1.0 1.0 1.0 1.0 1.0 1.0 1.0 1.0 1.0 1.0 1.0 1.0 1.0 1.0
1.0 1.0 0.9721627580999507 0.8618851487852583 0.9446819662386589 0.8615276946618846 0.5857739283404891 0.8622415988240161 1.0 0.8351192651707144 0.5841081519621821 0.1952181474237197 -1.0 -1.0 -1.0 -1.0 -1.0 -1.0 -1.0 -1.0 -1.0 -1.0 -1.0 -1.0 -1.0 -1.0 -1.0 -1.0 -1.0 -1.0 -1.0 -1.0 -1.0 -1.0 -1.0 -1.0 -1.0 -1.0 -1.0 -1.0 -1.0 -1.0 -1.0 0.3028771040593133 0.22007928252129666 -1.0 -1.0 0.4978582875136054 0.5817264632525112 0.5283141820927534 0.8884130643457585 1.0 1.0 1.0 1.0 1.0 1.0 1.0 1.0 1.0 1.0 1.0 1.0 1.0 1.0 1.0 1.0 1.0 1.0
1.0 1.0 1.0 1.0 1.0 1.0 1.0 1.0 0.9721615271659325 0.8337934410181106 0.7798590308370045 0.7501713166911405 0.7509818893783652 0.5027753303964758 0.5308418991678904 0.2522545276554087 0.05613372491434166 -1.0 -1.0 -1.0 -1.0 -1.0 -1.0 -1.0 -1.0 -1.0 -1.0 -1.0 -1.0 -1.0 -1.0 -1.0 -1.0 -1.0 -1.0 -1.0 -1.0 -1.0 -1.0 -1.0 -1.0 -1.0 -1.0 -1.0 -1.0 0.5862819383259912 0.5031228585413607 0.5031228585413607 0.36278707782672537 0.3601272638277044 0.47170044052863436 0.8050327949094469 1.0 1.0 1.0 1.0 1.0 1.0 1.0 1.0 1.0 1.0 1.0 1.0 1.0 1.0 1.0 1.0 1.0
1.0 1.0 1.0 1.0 1.0 1.0 1.0 1.0 1.0 1.0 1.0 1.0 0.9438852700147089 0.8606076524861983 0.805501537756213 0.4995510898011423 0.5858669697606449 0.39136564213260994 -1.0 -1.0 -1.0 -1.0 -1.0 -1.0 -1.0 -1.0 -1.0 -1.0 -1.0 -1.0 -1.0 -1.0 -1.0 -1.0 -1.0 -1.0 -1.0 -1.0 -1.0 -1.0 -1.0 -1.0 -1.0 -1.0 -1.0 0.7508452883531681 0.6943895776423619 0.5528567880952836 0.8877667195170872 0.9450104108961012 0.7507344934955777 0.834461021222946 0.9719478882118092 1.0 1.0 1.0 1.0 1.0 1.0 1.0 1.0 1.0 1.0 1.0 1.0 1.0 1.0 1.0 1.0
0.7763546843965349 1.0 1.0 1.0 1.0 1.0 1.0 1.0 1.0 1.0 1.0 1.0 1.0 0.8613853169089604 0.8886701666371377 0.8881237236453156 0.6642583388506047 0.5267374742397822 -1.0 -1.0 -1.0 -1.0 -1.0 -1.0 -1.0 -1.0 -1.0 -1.0 -1.0 -1.0 -1.0 -1.0 -1.0 -1.0 -1.0 -1.0 -1.0 -1.0 -1.0 -1.0 -1.0 -1.0 -1.0 -1.0 -1.0 0.9439010061638023 1.0 0.9174889732280235 0.6692966178349294 -1.0 -1.0 0.5008774792752636 0.8336621937914379 1.0 1.0 1.0 1.0 1.0 1.0 1.0 1.0 1.0 1.0 1.0 1.0 1.0 1.0 1.0 1.0
0.13808803702219147 0.6665579564916372 0.9720602703786029 1.0 1.0 1.0 1.0 1.0 1.0 1.0 1.0 1.0 1.0 1.0 1.0 1.0 0.6664531938927959 0.6662400247786321 0.5838128120103487 0.1950315198775644 -1.0 -1.0 -1.0 -1.0 -1.0 -1.0 -1.0 -1.0 -1.0 -1.0 -1.0 -1.0 -1.0 -1.0 -1.0 -1.0 -1.0 -1.0 -1.0 -1.0 -1.0 -1.0 -1.0 -1.0 -1.0 0.3316264621214882 0.4139461793535692 0.27553747768101156 0.08253306854206902 -1.0 -1.0 0.6106839631235652 0.8600963815909339 1.0 1.0 1.0 1.0 1.0 1.0 1.0 1.0 1.0 1.0 1.0 1.0 1.0 1.0 1.0 1.0
0.30425660753722306 0.4695723801382062 0.1376932392961459 0.24942829664458216 0.8328132791907104 0.9719580394671226 1.0 1.0 1.0 1.0 1.0 1.0 1.0 1.0 1.0 0.6661457220203747 0.526789912374439 0.08286555175607323 -1.0 -1.0 -1.0 -1.0 -1.0 -1.0 -1.0 -1.0 -1.0 -1.0 -1.0 -1.0 -1.0 -1.0 -1.0 -1.0 -1.0 -1.0 -1.0 -1.0 -1.0 -1.0 -1.0 -1.0 -1.0 -1.0 -1.0 -1.0 -1.0 0.39117421813777875 0.2518175179881741 0.05597100520054142 0.25077830020659686 0.9166132364465341 0.9449668732635178 1.0 1.0 1.0 1.0 1.0 1.0 1.0 1.0 1.0 1.0 1.0 1.0 1.0 1.0 1.0 1.0
0.6691013927236937 0.5859185966501467 0.22353955631429043 -1.0 0.24954490423391487 0.47146353572392885 0.4695403750511711 0.5533302558117253 1.0 1.0 1.0 1.0 1.0 1.0 1.0 1.0 1.0 0.8616717910304761 0.8346543449669457 0.13975054655041763 0.055859630174809036 -1.0 0.08409307470538536 0.028031024901795123 -1.0 -1.0 -1.0 -1.0 -1.0 -1.0 -1.0 -1.0 -1.0 -1.0 -1.0 -1.0 -1.0 -1.0 -1.0 -1.0 -1.0 -1.0 -1.0 -1.0 -1.0 -1.0 -1.0 0.6116208377246083 0.8331344557577236 0.8603557150447257 0.6387401903998745 0.9164191584430064 1.0 1.0 1.0 1.0 1.0 1.0 1.0 1.0 1.0 1.0 1.0 1.0 1.0 1.0 1.0 1.0 1.0
1.0 1.0 0.7222197598002029 -1.0 0.11012282750449628 0.165183815068318 -1.0 0.3041229468372557 0.9439476981563089 1.0 1.0 1.0 1.0 1.0 1.0 1.0 1.0 1.0 1.0 0.9447404086294633 0.8060953468747603 0.8619490449117364 0.834120645419753 0.5857508161508366 0.3909613958523342 0.11199890895762835 -1.0 -1.0 -1.0 -1.0 -1.0 -1.0 -1.0 -1.0 -1.0 -1.0 -1.0 -1.0 -1.0 -1.0 -1.0 -1.0 -1.0 -1.0 -1.0 0.27866585974991265 0.8054049216239484 0.889378532036584 0.7235034393406012 0.861156334438582 0.6951823660276683 0.6676522984341837 0.9167142577076177 1.0 1.0 1.0 1.0 1.0 1.0 1.0 1.0 1.0 1.0 1.0 1.0 1.0 1.0 1.0 1.0
0.16522029428211357 0.16522029428211357 0.027536743533889182 -1.0 -1.0 -1.0 -1.0 0.0840548503133946 0.7223156981062787 1.0 1.0 1.0 1.0 1.0 1.0 1.0 1.0 1.0 1.0 1.0 1.0 1.0 0.9723661917757914 0.8887887361559712 0.8333299949089028 0.5574801572397907 0.4180625453817071 0.1396112404750578 0.02801839471861255 -1.0 -1.0 -1.0 -1.0 -1.0 -1.0 -1.0 -1.0 -1.0 -1.0 -1.0 -1.0 -1.0 -1.0 -1.0 -1.0 0.5560354540674529 0.9444402714139062 0.9445404241468239 0.9170985753273743 1.0 0.9166145037849387 0.916322391647262 0.9719739269051971 1.0 1.0 1.0 1.0 1.0 1.0 1.0 1.0 1.0 1.0 1.0 1.0 1.0 1.0 1.0 1.0
-1.0 -1.0 -1.0 -1.0 -1.0 -1.0 0.2516462941008135 0.9449163975307633 1.0 1.0 1.0 1.0 1.0 1.0 1.0 1.0 1.0 0.8880421896079473 0.9439761252606189 0.9719880626303095 1.0 1.0 1.0 1.0 1.0 0.9169044601610727 0.8066399574833408 0.7510837659948489 0.8894566861534687 0.5016941253423818 0.08366297371325783 -1.0 -1.0 -1.0 -1.0 -1.0 -1.0 -1.0 -1.0 -1.0 -1.0 -1.0 -1.0 -1.0 -1.0 0.13799599362250112 0.49849719962389105 0.5276382813458158 0.9439761252606189 0.8887044683373534 0.8338089203221455 0.9172805690691305 1.0 1.0 1.0 1.0 1.0 1.0 1.0 1.0 1.0 1.0 1.0 1.0 1.0 1.0 1.0 1.0 1.0
-1.0 -1.0 -1.0 -1.0 0.1677685619265136 0.6128557118243378 1.0 1.0 1.0 1.0 1.0 1.0 1.0 1.0 1.0 1.0 0.8605120807789398 0.6957759346075248 0.3611563889890612 0.22084465280282084 0.6089073205914173 0.916528428897704 0.9439836518812357 0.8605120807789398 1.0 1.0 1.0 0.8606963978042232 0.6111103097327403 0.3040405497455623 -1.0 -1.0 -1.0 -1.0 -1.0 -1.0 -1.0 -1.0 -1.0 -1.0 -1.0 -1.0 -1.0 -1.0 -1.0 0.2775942621308651 0.9440798172857314 0.9168008975437753 0.9449052370076532 0.9719918259406178 1.0 1.0 1.0 1.0 1.0 1.0 1.0 1.0 1.0 1.0 1.0 1.0 1.0 1.0 1.0 1.0 1.0 1.0 1.0
-1.0 -1.0 -1.0 -1.0 0.08310871871439236 0.5538517150603119 1.0 1.0 1.0 1.0 1.0 1.0 1.0 1.0 1.0 1.0 0.8343247809516325 0.4727146281089152 0.16648697497151388 -1.0 -1.0 -1.0 0.5547499115948292 0.9445365604494912 1.0 0.943994342069074 0.6651432163765667 0.6095870496247692 0.22195355781698164 -1.0 -1.0 -1.0 -1.0 -1.0 -1.0 -1.0 -1.0 -1.0 -1.0 -1.0 -1.0 -1.0 -1.0 -1.0 -1.0 -1.0 -1.0 0.7775993084751089 0.9448037405210011 0.9166241012140977 0.9722682802247455 0.9721739813759773 1.0 1.0 1.0 1.0 1.0 1.0 1.0 1.0 1.0 1.0 1.0 1.0 1.0 1.0 1.0 1.0 1.0
0.6686844235439232 0.641038430405119 0.6131287823304937 0.7240650657210038 0.9724472882858575 1.0 1.0 1.0 1.0 1.0 1.0 1.0 1.0 1.0 1.0 1.0 1.0 1.0 0.7233635277338781 0.11189993447172648 -1.0 -1.0 0.055117295609605675 0.27655167097097483 0.5818016420614424 0.860632926030143 0.027558647804802838 -1.0 -1.0 -1.0 -1.0 -1.0 -1.0 -1.0 -1.0 -1.0 -1.0 -1.0 -1.0 -1.0 -1.0 -1.0 -1.0 -1.0 -1.0 -1.0 -1.0 0.027558647804802838 0.6101491731873723 1.0 1.0 0.9162779940639093 1.0 1.0 1.0 1.0 1.0 1.0 1.0 1.0 1.0 1.0 1.0 1.0 1.0 1.0 1.0 1.0 1.0
1.0 0.8602968993538429 1.0 0.750042370957735 0.7204235582525006 1.0 1.0 1.0 1.0 1.0 1.0 1.0 1.0 1.0 1.0 1.0 1.0 1.0 1.0 0.8894874627362559 0.7236785557556407 0.5566696427220315 0.13953134694248143 -1.0 -1.0 -1.0 -1.0 -1.0 -1.0 -1.0 -1.0 -1.0 -1.0 -1.0 -1.0 -1.0 -1.0 -1.0 -1.0 -1.0 -1.0 -1.0 -1.0 -1.0 -1.0 -1.0 -1.0 -1.0 -1.0 0.8617571841472088 0.7770077024348169 0.6941444849658762 0.7211938017341828 1.0 1.0 1.0 1.0 1.0 1.0 1.0 1.0 1.0 1.0 1.0 1.0 1.0 1.0 1.0 1.0
0.41453129875339884 0.19322987088242724 0.02756831047650179 0.16541016002258443 0.08287297743042658 0.22113353045183723 0.3317422700325394 0.916125581326241 1.0 1.0 1.0 1.0 1.0 1.0 1.0 1.0 1.0 1.0 1.0 1.0 1.0 1.0 0.6111956376387383 0.027736059313849308 -1.0 -1.0 -1.0 -1.0 -1.0 -1.0 -1.0 -1.0 -1.0 -1.0 -1.0 -1.0 -1.0 -1.0 -1.0 -1.0 -1.0 -1.0 -1.0 -1.0 -1.0 -1.0 -1.0 -1.0 -1.0 0.5821204106800588 0.5007547954771705 0.722643121406178 0.8336701187168477 0.9172176574595486 1.0 1.0 1.0 1.0 1.0 1.0 1.0 1.0 1.0 1.0 1.0 1.0 1.0 1.0 1.0
-1.0 -1.0 -1.0 -1.0 -1.0 -1.0 -1.0 0.1381918751869933 0.6093887052401906 0.5814064814612112 0.9720148573013128 1.0 1.0 1.0 1.0 0.6654348825499682 0.6369615505301488 0.8324321168735451 1.0 1.0 1.0 1.0 0.9165407882542671 0.7504469595802593 0.1116019761086422 -1.0 -1.0 -1.0 -1.0 -1.0 -1.0 -1.0 -1.0 -1.0 -1.0 -1.0 -1.0 -1.0 -1.0 -1.0 -1.0 -1.0 -1.0 -1.0 -1.0 -1.0 -1.0 -1.0 -1.0 -1.0 -1.0 0.8882272670884506 1.0 1.0 1.0 1.0 1.0 1.0 1.0 1.0 1.0 1.0 1.0 1.0 1.0 1.0 1.0 1.0 1.0
-1.0 -1.0 -1.0 -1.0 -1.0 -1.0 -1.0 -1.0 -1.0 0.24939981069297845 0.8601135842129417 0.9720198485543827 1.0 1.0 1.0 1.0 0.5570796523634696 0.19536628040385498 0.27625487608994953 0.6373271856356127 0.8601924621385957 0.9720198485543827 0.9724214089031666 0.3602699059201469 0.08281250000000001 -1.0 -1.0 -1.0 -1.0 -1.0 -1.0 -1.0 -1.0 -1.0 -1.0 -1.0 -1.0 -1.0 -1.0 -1.0 -1.0 -1.0 -1.0 -1.0 -1.0 -1.0 -1.0 -1.0 -1.0 -1.0 -1.0 0.610390374024782 0.9443623795318954 0.9720198485543827 1.0 1.0 1.0 1.0 1.0 1.0 1.0 1.0 1.0 1.0 1.0 1.0 1.0 1.0 0.9721058972005507
-1.0 -1.0 -1.0 -1.0 0.1394776724350615 -1.0 -1.0 -1.0 -1.0 -1.0 -1.0 0.5550868783702816 0.5538307545906319 0.4979614422161915 0.8603672505551052 1.0 1.0 1.0 0.7513763084622704 0.2790328833750397 -1.0 0.02758164452119973 0.3609946075494308 0.27738554259331055 0.027973848376978114 -1.0 -1.0 -1.0 -1.0 -1.0 -1.0 -1.0 -1.0 -1.0 -1.0 -1.0 -1.0 -1.0 -1.0 -1.0 -1.0 -1.0 -1.0 -1.0 -1.0 -1.0 -1.0 -1.0 -1.0 -1.0 -1.0 -1.0 -1.0 1.0 1.0 1.0 1.0 1.0 1.0 1.0 1.0 1.0 1.0 1.0 1.0 1.0 0.9443696471998027 0.8329397666795898 0.6378310365488316
0.9172420007763544 0.7238326956135973 0.6407690068208285 0.4742555315255365 0.696168136194754 0.8896536904563855 0.5851362779348972 0.251419619586314 -1.0 -1.0 -1.0 -1.0 -1.0 -1.0 0.08275661287639327 0.30398020296123773 0.4979253313369933 0.6370064603781955 0.7763960516830256 0.9444421338656906 0.5294272999500915 -1.0 -1.0 0.24850135862030723 0.05517121388565408 -1.0 -1.0 -1.0 -1.0 -1.0 -1.0 -1.0 -1.0 -1.0 -1.0 -1.0 -1.0 -1.0 -1.0 -1.0 -1.0 -1.0 -1.0 -1.0 -1.0 -1.0 -1.0 -1.0 -1.0 -1.0 -1.0 -1.0 -1.0 0.4983093495258693 0.8325639106083291 1.0 1.0 1.0 1.0 1.0 1.0 1.0 1.0 1.0 1.0 1.0 1.0 0.8895774413575113 0.3056708534353685
1.0 1.0 1.0 1.0 1.0 1.0 1.0 0.9447463706350451 0.6124642859578182 0.19538427968442082 -1.0 -1.0 -1.0 -1.0 -1.0 -1.0 -1.0 -1.0 -1.0 0.02758971981097981 0.16553859162228693 -1.0 0.3618256950174223 0.2230492802640282 -1.0 -1.0 -1.0 -1.0 -1.0 -1.0 -1.0 -1.0 -1.0 -1.0 -1.0 -1.0 -1.0 -1.0 -1.0 -1.0 -1.0 -1.0 -1.0 -1.0 -1.0 -1.0 -1.0 -1.0 -1.0 -1.0 -1.0 -1.0 -1.0 -1.0 -1.0 0.8614465636102038 0.9440712985250698 1.0 1.0 1.0 1.0 1.0 1.0 1.0 1.0 1.0 1.0 0.7768034312756136 0.3882878398374372
1.0 1.0 1.0 1.0 1.0 1.0 1.0 1.0 1.0 0.6401779543304233 0.3351003509431177 0.08388547041811216 0.08388547041811216 0.055923557476162046 -1.0 -1.0 -1.0 -1.0 -1.0 -1.0 -1.0 -1.0 0.027593590423211897 0.11044844222858945 -1.0 -1.0 -1.0 -1.0 -1.0 -1.0 -1.0 -1.0 -1.0 -1.0 -1.0 -1.0 -1.0 -1.0 -1.0 -1.0 -1.0 -1.0 -1.0 -1.0 -1.0 -1.0 -1.0 -1.0 -1.0 -1.0 -1.0 -1.0 -1.0 -1.0 -1.0 0.22133841518650985 0.6094915686419239 0.9161896837485825 1.0 1.0 0.8601931193676313 0.7771880263307991 0.9162634958765862 1.0 1.0 0.97211243600153 0.9164111201325934 0.7215605225898662 -1.0
1.0 1.0 1.0 1.0 1.0 1.0 1.0 1.0 1.0 1.0 1.0 1.0 0.9447328788839569 0.6110388924117522 0.0553391196364405 -1.0 0.05591603255125766 0.02795801627562883 -1.0 -1.0 -1.0 -1.0 -1.0 -1.0 -1.0 -1.0 -1.0 -1.0 -1.0 -1.0 -1.0 -1.0 -1.0 -1.0 -1.0 -1.0 -1.0 -1.0 -1.0 -1.0 -1.0 -1.0 -1.0 -1.0 -1.0 -1.0 -1.0 -1.0 -1.0 -1.0 -1.0 -1.0 -1.0 -1.0 -1.0 -1.0 -1.0 -1.0 -1.0 -1.0 -1.0 0.6108222363136758 0.7773462270133165 0.9163430035933207 1.0 0.8883098182202495 0.7773462270133165 -1.0 -1.0
1.0 1.0 1.0 1.0 1.0 1.0 1.0 1.0 1.0 1.0 1.0 0.9720446193372142 1.0 0.5835110084880809 -1.0 -1.0 0.2767179420468958 0.08287358938502065 -1.0 -1.0 -1.0 -1.0 0.08379264366320856 0.7507431135971901 0.13941916810302774 -1.0 -1.0 -1.0 -1.0 -1.0 -1.0 -1.0 -1.0 -1.0 -1.0 -1.0 -1.0 -1.0 -1.0 -1.0 -1.0 -1.0 -1.0 -1.0 -1.0 -1.0 -1.0 -1.0 -1.0 -1.0 -1.0 -1.0 -1.0 -1.0 -1.0 -1.0 -1.0 -1.0 -1.0 -1.0 -1.0 0.027777813912647564 0.30509675111385737 0.7505284724706495 0.8052359426322807 0.8327685453185469 0.5835110084880809 -1.0 -1.0
0.9446526616566402 1.0 1.0 1.0 1.0 1.0 1.0 1.0 1.0 1.0 1.0 1.0 1.0 0.806146572104019 -1.0 -1.0 -1.0 -1.0 -1.0 -1.0 -1.0 -1.0 0.8065565998449583 1.0 0.7508633005951809 0.11173384074266275 -1.0 -1.0 -1.0 -1.0 -1.0 -1.0 -1.0 -1.0 -1.0 -1.0 -1.0 -1.0 -1.0 -1.0 -1.0 -1.0 -1.0 -1.0 -1.0 -1.0 -1.0 -1.0 -1.0 -1.0 -1.0 -1.0 -1.0 -1.0 -1.0 -1.0 -1.0 -1.0 -1.0 -1.0 -1.0 -1.0 -1.0 -1.0 -1.0 -1.0 -1.0 -1.0 -1.0
1.0 1.0 1.0 1.0 1.0 1.0 1.0 1.0 1.0 1.0 1.0 1.0 1.0 0.8338109786890213 0.2783222654277345 -1.0 -1.0 -1.0 -1.0 -1.0 -1.0 0.2226984648015352 0.9722565902434097 1.0 1.0 0.7781915968084032 0.1950901424098576 -1.0 -1.0 -1.0 -1.0 -1.0 -1.0 -1.0 -1.0 -1.0 -1.0 -1.0 -1.0 -1.0 -1.0 -1.0 -1.0 -1.0 -1.0 -1.0 -1.0 -1.0 -1.0 -1.0 -1.0 -1.0 -1.0 -1.0 -1.0 -1.0 -1.0 -1.0 -1.0 -1.0 -1.0 -1.0 -1.0 -1.0 -1.0 -1.0 -1.0 -1.0 -1.0
