critload/trunk/output/1999/fnat.asc
ncols 720
nrows 360
xllcorner -180
yllcorner -90
cellsize 0.5
NODATA_value -1
[rows 62 to 92 of 360, columns 207 to 275 of 720]
1.0 1.0 1.0 1.0 1.0 1.0 1.0 1.0 1.0 1.0 1.0 1.0 0.8890216133487625 0.6950116341284358 0.8066557168987271 0.8066557168987271 0.19514352906043525 -1.0 -1.0 0.13945462689910038 0.6126432490947777 0.8335324200231439 1.0 1.0 1.0 1.0 0.8061206714198614 0.11124466509885898 -1.0 -1.0 -1.0 -1.0 -1.0 -1.0 -1.0 -1.0 -1.0 -1.0 -1.0 -1.0 -1.0 -1.0 -1.0 -1.0 -1.0 -1.0 -1.0 -1.0 -1.0 -1.0 -1.0 -1.0 -1.0 -1.0 -1.0 -1.0 -1.0 -1.0 -1.0 -1.0 -1.0 -1.0 -1.0 -1.0 -1.0 -1.0 -1.0 -1.0 -1.0
1.0 1.0 1.0 1.0 1.0 1.0 1.0 1.0 1.0 1.0 1.0 1.0 1.0 1.0 1.0 0.9720618993001674 0.8886953428320831 0.6122228423874042 0.6958519127325364 0.9723869748955771 1.0 1.0 1.0 1.0 1.0 1.0 0.8888916148896889 0.8057887989990125 0.055881966891357285 -1.0 -1.0 -1.0 -1.0 -1.0 -1.0 -1.0 -1.0 -1.0 -1.0 -1.0 -1.0 -1.0 -1.0 -1.0 -1.0 -1.0 -1.0 -1.0 -1.0 -1.0 -1.0 -1.0 -1.0 -1.0 -1.0 -1.0 -1.0 -1.0 -1.0 -1.0 -1.0 -1.0 -1.0 -1.0 -1.0 -1.0 -1.0 -1.0 -1.0
1.0 1.0 1.0 1.0 1.0 1.0 1.0 1.0 1.0 1.0 1.0 1.0 1.0 1.0 0.9169549754433504 0.9723828417971113 1.0 1.0 1.0 1.0 1.0 1.0 1.0 1.0 1.0 1.0 1.0 1.0 0.8614666247308446 0.22254312534778506 -1.0 -1.0 -1.0 -1.0 -1.0 -1.0 -1.0 -1.0 -1.0 -1.0 -1.0 -1.0 -1.0 -1.0 -1.0 -1.0 -1.0 -1.0 -1.0 -1.0 -1.0 -1.0 -1.0 -1.0 -1.0 -1.0 -1.0 -1.0 -1.0 -1.0 -1.0 -1.0 -1.0 -1.0 -1.0 -1.0 -1.0 -1.0 -1.0
1.0 1.0 1.0 1.0 1.0 1.0 1.0 1.0 1.0 1.0 1.0 1.0 1.0 1.0 1.0 1.0 1.0 1.0 1.0 1.0 1.0 1.0 1.0 1.0 1.0 1.0 1.0 1.0 0.8895193093614457 0.5841169837661757 0.08374111793237995 -1.0 -1.0 -1.0 -1.0 -1.0 -1.0 -1.0 -1.0 -1.0 -1.0 -1.0 -1.0 -1.0 -1.0 -1.0 -1.0 -1.0 -1.0 -1.0 -1.0 -1.0 -1.0 -1.0 -1.0 -1.0 -1.0 -1.0 -1.0 -1.0 -1.0 -1.0 -1.0 -1.0 -1.0 -1.0 -1.0 -1.0 -1.0
1.0 1.0 1.0 1.0 1.0 1.0 1.0 1.0 1.0 1.0 1.0 1.0 1.0 1.0 1.0 1.0 1.0 1.0 1.0 1.0 1.0 1.0 1.0 1.0 1.0 1.0 1.0 1.0 1.0 0.6938015069460796 0.13898163409465505 -1.0 -1.0 -1.0 -1.0 -1.0 -1.0 -1.0 -1.0 -1.0 -1.0 -1.0 -1.0 -1.0 -1.0 -1.0 -1.0 -1.0 -1.0 -1.0 -1.0 -1.0 -1.0 -1.0 -1.0 -1.0 -1.0 -1.0 -1.0 -1.0 -1.0 -1.0 -1.0 -1.0 -1.0 -1.0 -1.0 -1.0 -1.0
1.0 1.0 1.0 1.0 1.0 1.0 1.0 1.0 1.0 1.0 1.0 1.0 1.0 1.0 1.0 1.0 1.0 1.0 1.0 1.0 1.0 1.0 1.0 1.0 1.0 1.0 1.0 1.0 1.0 0.6954425305719348 0.22318935719057714 0.027777790687541753 -1.0 -1.0 -1.0 -1.0 -1.0 -1.0 -1.0 -1.0 -1.0 -1.0 -1.0 -1.0 -1.0 -1.0 -1.0 -1.0 -1.0 -1.0 -1.0 -1.0 -1.0 -1.0 -1.0 -1.0 -1.0 -1.0 -1.0 -1.0 -1.0 -1.0 -1.0 -1.0 -1.0 -1.0 -1.0 -1.0 -1.0
1.0 1.0 1.0 1.0 1.0 1.0 1.0 1.0 1.0 1.0 1.0 1.0 1.0 1.0 1.0 1.0 1.0 1.0 1.0 1.0 1.0 1.0 1.0 1.0 1.0 1.0 1.0 1.0 1.0 1.0 0.8893604087695052 0.6124775629813565 0.11128875941207843 -1.0 -1.0 -1.0 -1.0 -1.0 -1.0 -1.0 -1.0 -1.0 -1.0 -1.0 -1.0 -1.0 -1.0 -1.0 -1.0 -1.0 -1.0 -1.0 -1.0 -1.0 -1.0 -1.0 -1.0 -1.0 -1.0 -1.0 -1.0 -1.0 -1.0 -1.0 -1.0 -1.0 -1.0 -1.0 -1.0
1.0 1.0 1.0 1.0 1.0 1.0 1.0 1.0 1.0 1.0 1.0 1.0 1.0 1.0 1.0 1.0 1.0 1.0 1.0 1.0 1.0 1.0 1.0 1.0 1.0 1.0 1.0 1.0 1.0 1.0 1.0 1.0 0.5840038504006115 0.41803516321734946 0.2788839500580391 -1.0 -1.0 -1.0 -1.0 -1.0 -1.0 -1.0 -1.0 -1.0 -1.0 -1.0 -1.0 -1.0 -1.0 -1.0 -1.0 -1.0 -1.0 -1.0 -1.0 -1.0 -1.0 -1.0 -1.0 -1.0 -1.0 -1.0 -1.0 -1.0 -1.0 -1.0 -1.0 -1.0 -1.0
1.0 1.0 1.0 1.0 1.0 1.0 1.0 1.0 1.0 1.0 1.0 1.0 1.0 1.0 1.0 1.0 1.0 1.0 1.0 1.0 1.0 1.0 1.0 1.0 1.0 1.0 1.0 1.0 1.0 1.0 1.0 1.0 1.0 0.917039481042389 1.0 0.6956716250978637 0.5847332513141706 0.5013136114528576 0.08370428363717705 -1.0 -1.0 -1.0 -1.0 -1.0 -1.0 -1.0 -1.0 -1.0 -1.0 -1.0 -1.0 -1.0 -1.0 -1.0 -1.0 -1.0 -1.0 -1.0 -1.0 -1.0 -1.0 -1.0 -1.0 -1.0 -1.0 -1.0 -1.0 -1.0 -1.0
1.0 1.0 1.0 1.0 1.0 1.0 1.0 1.0 1.0 1.0 1.0 1.0 1.0 1.0 1.0 1.0 1.0 1.0 1.0 1.0 1.0 1.0 1.0 1.0 1.0 1.0 1.0 1.0 1.0 1.0 1.0 1.0 1.0 1.0 1.0 1.0 0.861027173642837 0.555891305428652 0.16711541754824027 -1.0 -1.0 -1.0 -1.0 -1.0 -1.0 -1.0 -1.0 -1.0 -1.0 -1.0 -1.0 -1.0 -1.0 -1.0 -1.0 -1.0 -1.0 -1.0 -1.0 -1.0 -1.0 -1.0 -1.0 -1.0 -1.0 -1.0 -1.0 -1.0 -1.0
1.0 1.0 1.0 1.0 1.0 1.0 1.0 1.0 1.0 1.0 1.0 1.0 1.0 1.0 1.0 1.0 1.0 1.0 1.0 1.0 1.0 1.0 1.0 1.0 1.0 1.0 1.0 1.0 1.0 1.0 1.0 1.0 1.0 1.0 1.0 1.0 1.0 1.0 0.6665593205536876 0.5569898694380158 0.19529824025151737 -1.0 -1.0 -1.0 -1.0 -1.0 -1.0 -1.0 -1.0 -1.0 -1.0 -1.0 -1.0 -1.0 -1.0 -1.0 -1.0 -1.0 -1.0 -1.0 -1.0 -1.0 -1.0 -1.0 -1.0 -1.0 -1.0 -1.0 -1.0
1.0 1.0 1.0 1.0 1.0 1.0 1.0 1.0 1.0 1.0 1.0 1.0 1.0 1.0 1.0 1.0 1.0 1.0 1.0 1.0 1.0 1.0 1.0 1.0 1.0 1.0 1.0 1.0 1.0 1.0 1.0 1.0 1.0 1.0 1.0 1.0 1.0 1.0 1.0 1.0 0.9723543817630622 0.30558198746372356 -1.0 -1.0 -1.0 -1.0 -1.0 -1.0 -1.0 -1.0 -1.0 -1.0 -1.0 -1.0 -1.0 -1.0 -1.0 -1.0 -1.0 -1.0 -1.0 -1.0 -1.0 -1.0 -1.0 -1.0 -1.0 -1.0 -1.0
1.0 1.0 1.0 1.0 1.0 1.0 1.0 1.0 1.0 1.0 1.0 1.0 1.0 1.0 1.0 1.0 1.0 1.0 1.0 1.0 1.0 1.0 1.0 1.0 1.0 1.0 1.0 1.0 1.0 1.0 1.0 1.0 1.0 1.0 1.0 1.0 1.0 1.0 1.0 1.0 0.9163222975242747 0.11089895009624562 -1.0 -1.0 -1.0 -1.0 -1.0 -1.0 -1.0 -1.0 -1.0 -1.0 -1.0 -1.0 -1.0 -1.0 -1.0 -1.0 -1.0 -1.0 -1.0 -1.0 -1.0 -1.0 -1.0 -1.0 -1.0 -1.0 -1.0
1.0 1.0 1.0 1.0 1.0 1.0 1.0 1.0 1.0 1.0 1.0 1.0 1.0 1.0 1.0 1.0 1.0 1.0 1.0 1.0 0.9804978222694348 1.0 1.0 1.0 1.0 1.0 1.0 1.0 1.0 1.0 1.0 1.0 1.0 1.0 1.0 1.0 1.0 1.0 1.0 1.0 1.0 0.5555549697921829 -1.0 -1.0 -1.0 -1.0 -1.0 -1.0 -1.0 -1.0 -1.0 -1.0 -1.0 -1.0 -1.0 -1.0 -1.0 -1.0 -1.0 -1.0 -1.0 -1.0 -1.0 -1.0 -1.0 -1.0 -1.0 -1.0 -1.0
1.0 1.0 1.0 1.0 1.0 1.0 1.0 1.0 1.0 1.0 1.0 1.0 1.0 1.0 1.0 1.0 0.9955256885625362 1.0 1.0 1.0 1.0 1.0 1.0 1.0 1.0 0.9768486634083527 1.0 1.0 1.0 1.0 1.0 1.0 1.0 1.0 1.0 1.0 1.0 1.0 1.0 0.9163317119963298 0.47091498668001275 0.1669221184775072 0.05560664591772366 -1.0 -1.0 -1.0 -1.0 -1.0 -1.0 -1.0 -1.0 -1.0 -1.0 -1.0 -1.0 -1.0 -1.0 -1.0 -1.0 -1.0 -1.0 -1.0 -1.0 -1.0 -1.0 -1.0 -1.0 -1.0 -1.0
1.0 1.0 1.0 1.0 1.0 1.0 1.0 1.0 1.0 1.0 1.0 1.0 1.0 1.0 1.0 1.0 0.9977890251530168 1.0 1.0 1.0 1.0 1.0 1.0 1.0 1.0 1.0 1.0 1.0 1.0 1.0 1.0 1.0 1.0 1.0 1.0 0.8049274749526898 0.4986913006038168 0.2213156089989842 0.11060727158348503 0.40675517227857044 0.8135136464191242 0.29699122985773435 0.027651817895871258 -1.0 -1.0 -1.0 -1.0 -1.0 -1.0 -1.0 -1.0 -1.0 -1.0 -1.0 -1.0 -1.0 -1.0 -1.0 -1.0 -1.0 -1.0 -1.0 -1.0 -1.0 -1.0 -1.0 -1.0 -1.0 -1.0
1.0 1.0 1.0 1.0 1.0 1.0 1.0 1.0 1.0 1.0 1.0 1.0 1.0 1.0 1.0 1.0 1.0 1.0 1.0 1.0 1.0 1.0 1.0 1.0 1.0 1.0 1.0 1.0 1.0 1.0 1.0 1.0 1.0 1.0 0.6378281318546782 0.055357744064805085 -1.0 -1.0 0.34345357306385627 0.975169818429456 0.7737229175806237 0.13512631562075966 -1.0 -1.0 -1.0 -1.0 -1.0 -1.0 -1.0 -1.0 -1.0 -1.0 -1.0 -1.0 -1.0 -1.0 -1.0 -1.0 -1.0 -1.0 -1.0 -1.0 -1.0 -1.0 -1.0 -1.0 -1.0 -1.0 -1.0
1.0 1.0 1.0 1.0 1.0 1.0 1.0 1.0 0.9737230780381686 1.0 0.9931637232751702 1.0 1.0 1.0 0.9916644375608846 1.0 1.0 1.0 1.0 0.8447028938981734 0.545947207842682 0.47537070712796725 0.44373135654473783 0.47682800000302844 0.37900782913017805 0.47115020404197433 0.4986871659238546 0.4986871659238546 0.4986871659238546 0.6272462277042817 0.6376961553797932 0.6098949631790673 0.5264913865768899 0.24919771250902228 -1.0 -1.0 -1.0 0.1429944578913896 1.0 0.8510261940480817 0.23080346023440224 -1.0 -1.0 -1.0 -1.0 -1.0 -1.0 -1.0 -1.0 -1.0 -1.0 -1.0 -1.0 -1.0 -1.0 -1.0 -1.0 -1.0 -1.0 -1.0 -1.0 -1.0 -1.0 -1.0 -1.0 -1.0 -1.0 -1.0 -1.0
1.0 1.0 1.0 1.0 1.0 1.0 0.9728057066666 1.0 1.0 0.9765273841012628 0.9817686522238651 0.9723589347925992 0.9980502517732976 1.0 0.9927385707820493 1.0 1.0 1.0 0.7153959699238731 0.0276583479859335 -1.0 -1.0 -1.0 -1.0 0.27693978719529255 0.5282328964194374 0.5786997981737533 0.3065811820652174 0.027896968909846546 -1.0 -1.0 -1.0 -1.0 -1.0 -1.0 -1.0 -1.0 0.6915382096137708 1.0 0.6871571791580083 0.7991943930276935 0.23071385162843672 -1.0 0.020836277115469152 0.10122903778272857 -1.0 -1.0 -1.0 -1.0 -1.0 -1.0 -1.0 -1.0 -1.0 -1.0 -1.0 -1.0 -1.0 -1.0 -1.0 -1.0 -1.0 -1.0 -1.0 -1.0 -1.0 -1.0 -1.0 -1.0
1.0 1.0 1.0 1.0 1.0 1.0 1.0 1.0 1.0 1.0 0.9856405009938294 1.0 1.0 0.9849919404048495 0.972264051219295 0.8989252296586369 0.6075907084322218 0.4106023304388671 0.1335950219913176 0.05982892146325304 0.30181280401833394 0.4456627506823306 0.5012657727146869 0.24505428986294053 -1.0 0.05536766741821922 0.4228690510783791 0.6657489313961078 0.6739473121860291 0.2503050710019382 -1.0 -1.0 -1.0 -1.0 -1.0 -1.0 0.3550145812022863 0.9554999185406036 0.9220883012143506 0.9941707209119496 0.907281475445987 0.8417499143131206 0.6059582167289664 0.703869741930699 0.6065436200555753 0.488747024755251 -1.0 -1.0 -1.0 -1.0 -1.0 -1.0 -1.0 -1.0 -1.0 -1.0 -1.0 -1.0 -1.0 -1.0 -1.0 -1.0 -1.0 -1.0 -1.0 -1.0 -1.0 -1.0 -1.0
1.0 1.0 1.0 0.994731115126684 1.0 1.0 1.0 0.8339543686364348 0.45576954470306624 0.6074437909715695 0.6681625315143327 1.0 1.0 0.9447127591194784 0.7925565041607926 0.18266964467467495 0.0 0.2234071557820332 0.6171049215372415 1.0 0.972218486416236 0.916701375597196 0.9166555571741855 0.8992129241903587 0.3584623117902177 -1.0 -1.0 -1.0 -1.0 -1.0 -1.0 -1.0 -1.0 -1.0 0.03572471399475251 0.26621877939232846 1.0 0.9526046871524515 0.9874116446732064 0.9769596565045426 0.9725185185179747 0.9509707676368656 1.0 0.9551492656837406 0.7565798187754543 0.18123188132146772 0.11519463547785479 -1.0 -1.0 -1.0 -1.0 -1.0 -1.0 -1.0 -1.0 -1.0 -1.0 -1.0 -1.0 -1.0 -1.0 -1.0 -1.0 -1.0 -1.0 -1.0 -1.0 -1.0 -1.0
1.0 1.0 0.9904829069278233 1.0 1.0 1.0 1.0 1.0 0.8592753141198083 0.7866621550702088 0.7192920325282459 0.870137630978174 1.0 0.7745724242582871 0.1103733083320004 0.499473989927925 0.7520912103551399 0.8619116048431268 0.8347735753636465 0.9587194256493774 0.7186561746569533 0.6762373315641769 0.7712402028568243 0.45237606834276073 0.04924414234100614 -1.0 -1.0 -1.0 -1.0 -1.0 -1.0 -1.0 -1.0 -1.0 0.08344651088394817 0.5292140542185902 0.9589559573512091 1.0 0.9797861981455362 0.9840645818925613 0.9724834620164508 1.0 0.9733351749574675 0.9490940942887748 0.8738760109251477 0.7368421229394173 0.2157138588246984 0.022258304135754896 -1.0 -1.0 -1.0 -1.0 -1.0 -1.0 -1.0 -1.0 -1.0 -1.0 -1.0 -1.0 -1.0 -1.0 -1.0 -1.0 -1.0 -1.0 -1.0 -1.0 -1.0
1.0 0.9944441950144727 1.0 0.9944797166707469 0.9854658867047805 1.0 0.9769292411783624 0.9726564027927785 0.9746157166947481 0.9733074119372321 1.0 1.0 0.796190678043231 0.2052173294902627 0.564328144496767 0.7542945371898446 1.0 1.0 0.8897044092779002 0.9473391466664747 0.8260959675935926 0.2877844181756215 0.2794348269619773 0.0448395345865795 -1.0 -1.0 -1.0 -1.0 -1.0 -1.0 -1.0 -1.0 -1.0 -1.0 0.5828209079170327 0.7939932221886206 0.6821604435564005 0.7554437070030673 0.8226105619110707 0.8606010858138564 0.7587531917695117 0.8945233282594817 0.7171004214849057 0.8823032933617507 0.6103340989953101 0.3133945098697695 0.42495661246285815 0.0729337328950716 -1.0 -1.0 -1.0 -1.0 -1.0 -1.0 -1.0 -1.0 -1.0 -1.0 -1.0 -1.0 -1.0 -1.0 -1.0 -1.0 -1.0 -1.0 -1.0 -1.0 -1.0
1.0 0.9726082187232545 1.0 0.9803189963435972 0.9743011660691531 0.9527782454259306 0.9722220352041689 0.9487938574002929 0.9721785782774492 1.0 1.0 0.7180109064170106 0.3329779822909336 0.8061217867970102 0.8895863348627779 0.8618446107333726 0.6811558223720496 0.6979270529393865 0.9447494237861123 0.9721785769175906 0.9523124814802487 0.8427806255919663 0.5447272754711957 0.028630201197531336 -1.0 -1.0 -1.0 -1.0 -1.0 0.034716796759637875 -1.0 -1.0 -1.0 -1.0 -1.0 -1.0 -1.0 -1.0 -1.0 -1.0 0.05577416839422584 0.0996670657586679 0.5848835243157915 0.24637520199414217 0.10428973654215562 0.6118623140274635 0.8116378983577094 0.1458258848385287 -1.0 -1.0 -1.0 -1.0 -1.0 -1.0 -1.0 -1.0 -1.0 -1.0 -1.0 -1.0 -1.0 -1.0 -1.0 -1.0 -1.0 -1.0 -1.0 -1.0 -1.0
0.9773991719879035 0.9078020852497009 0.847299258565951 0.9477579213920319 0.9723517860043147 0.8991469676580591 0.9749272692492487 0.7064100146966 0.4468035059134973 0.2811789667913365 0.16813819595089827 0.33784347412409205 0.6787234859346002 0.9170554042318672 1.0 1.0 0.8153449662213723 0.39470631368526665 0.8896403874815114 0.9723517860043147 0.9722739831789876 0.8810312917227995 0.7506589865186958 0.08089442461162351 0.0534771277902343 0.0050705326985689666 -1.0 -1.0 -1.0 -1.0 0.01874635238197971 0.6621323203434859 0.15568421707349242 -1.0 -1.0 -1.0 -1.0 -1.0 -1.0 -1.0 0.055469773050580796 0.06874414862502003 0.0 -1.0 0.0 0.09237098339331305 0.4675215700759324 0.0 -1.0 -1.0 -1.0 -1.0 -1.0 -1.0 -1.0 -1.0 -1.0 -1.0 -1.0 -1.0 -1.0 -1.0 -1.0 -1.0 -1.0 -1.0 -1.0 -1.0 -1.0
0.972224359076801 0.8744165258126998 0.9169678636157849 0.6962058735105365 0.7820456007047676 0.7234964875872208 0.24338821388112297 0.19943991562763996 0.12217034841287251 0.47915890198595135 0.5343355471284218 0.3662531818398637 0.6126702708641573 1.0 0.9831034527315582 1.0 0.972182352374507 0.3467047352780565 0.6950943618118597 0.8364220224032112 0.8481268230986441 0.873225518877039 0.7785595992858977 0.3366043073519871 0.15763229821614433 0.060142558196541504 0.018247814011621667 0.02169313840339782 0.0 -1.0 0.5036819604209937 0.9083493613497934 0.12760202145200814 0.030386655941004877 -1.0 -1.0 -1.0 -1.0 -1.0 -1.0 -1.0 -1.0 -1.0 -1.0 -1.0 -1.0 -1.0 -1.0 -1.0 -1.0 -1.0 -1.0 -1.0 -1.0 -1.0 -1.0 -1.0 -1.0 -1.0 -1.0 -1.0 -1.0 -1.0 -1.0 -1.0 -1.0 -1.0 -1.0 -1.0
0.657754577358927 0.536419766267345 0.5569278308741905 0.5755452904856615 0.23245593797779834 0.26310299040471785 0.1078068494893617 0.041420505066049954 0.3981309626119334 0.612701902146161 0.7498607746901017 0.6719224282469936 0.9723910265541165 0.9919629506105458 1.0 1.0 0.9723910256197965 0.9751153099444959 0.7129508065032377 0.5216731466558742 0.6749405239084182 0.7291370500786309 0.7629765355411656 0.5697601765726179 0.6141025289084181 0.5961766230989824 0.41588615451295097 0.18710350987927843 0.13332587633626272 0.018692727979278446 0.7921404793709528 0.7589825138066605 0.45092487248057356 0.03694182889625347 -1.0 -1.0 -1.0 -1.0 -1.0 -1.0 -1.0 -1.0 -1.0 -1.0 -1.0 -1.0 -1.0 -1.0 -1.0 -1.0 -1.0 -1.0 -1.0 -1.0 -1.0 -1.0 -1.0 -1.0 -1.0 -1.0 -1.0 -1.0 -1.0 -1.0 -1.0 -1.0 -1.0 -1.0 -1.0
0.17945581056764834 0.13212563018502896 0.03610492503612558 0.08837785633802171 0.18596210013753395 0.22169652828614392 0.07738138018640431 0.3230667852100601 0.62493441166196 0.3249691543213159 1.0 0.9811326381436588 1.0 1.0 0.9458275315456979 1.0 1.0 0.9819736125898555 0.7866954806627302 0.7036434269924082 0.3022957862053473 0.33057276273014014 0.08765522436321792 0.14203259203816107 0.354276853948599 0.6423131378685909 0.575774861251192 0.7230458651388175 0.9348580313302282 0.7485839833446417 0.23095581476747598 -1.0 -1.0 -1.0 -1.0 -1.0 -1.0 -1.0 -1.0 -1.0 -1.0 -1.0 -1.0 -1.0 -1.0 -1.0 -1.0 -1.0 -1.0 -1.0 -1.0 -1.0 -1.0 -1.0 -1.0 -1.0 -1.0 -1.0 -1.0 -1.0 -1.0 -1.0 -1.0 -1.0 -1.0 -1.0 -1.0 -1.0 -1.0
0.5512149898245774 0.19870717125386292 0.6825322015815306 0.8004924786266133 0.6497802246546083 0.6141624698373023 0.6457812755908017 0.8817342044173786 0.8851930615978914 0.9946121107889474 1.0 1.0 1.0 0.9688220513133976 0.9256544740774404 0.7160053581439738 0.972123250318124 0.972123250318124 0.5815185674104708 0.055595800763497544 -1.0 0.1645254220500818 0.7319693671786948 0.759761533253045 0.7453382832485003 0.4032088203922014 0.45288706998091255 0.2991614994682785 0.10814626737138701 -1.0 -1.0 -1.0 -1.0 -1.0 -1.0 -1.0 -1.0 -1.0 -1.0 -1.0 -1.0 -1.0 -1.0 -1.0 -1.0 -1.0 -1.0 -1.0 -1.0 -1.0 -1.0 -1.0 -1.0 -1.0 -1.0 -1.0 -1.0 -1.0 -1.0 -1.0 -1.0 -1.0 -1.0 -1.0 -1.0 -1.0 -1.0 -1.0 -1.0
0.6878335736724717 1.0 0.9668234566021583 1.0 0.9723856991551579 1.0 0.7607490420979115 0.9899388399035753 0.9640320393043008 1.0 1.0 0.9073093143533015 0.6321152221281006 0.8775194939824723 0.8173622357807466 0.2215923581228738 0.22171086128821502 0.027679320521774395 -1.0 -1.0 0.11579919335976749 0.8124918863541126 0.8964965858201726 0.7299644795142722 0.08561460989704192 0.07069538790456666 -1.0 -1.0 -1.0 -1.0 -1.0 -1.0 -1.0 -1.0 -1.0 -1.0 -1.0 -1.0 -1.0 -1.0 -1.0 -1.0 -1.0 -1.0 -1.0 -1.0 -1.0 -1.0 -1.0 -1.0 -1.0 -1.0 -1.0 -1.0 -1.0 -1.0 -1.0 -1.0 -1.0 -1.0 -1.0 -1.0 -1.0 -1.0 -1.0 -1.0 -1.0 -1.0 -1.0
1.0 0.7190016904125748 0.9147912533085508 1.0 1.0 1.0 0.8176195081630283 0.9945991349111316 1.0 1.0 0.976614943269858 0.7234178902436845 0.28076598862582325 0.2029366550479416 0.07788992870597906 -1.0 -1.0 -1.0 -1.0 -1.0 0.0648821177441983 0.5916545530753214 0.5831699848803024 0.14620215982825024 -1.0 -1.0 -1.0 -1.0 -1.0 -1.0 -1.0 -1.0 -1.0 -1.0 -1.0 -1.0 -1.0 -1.0 -1.0 -1.0 -1.0 -1.0 -1.0 -1.0 -1.0 -1.0 -1.0 -1.0 -1.0 -1.0 -1.0 -1.0 -1.0 -1.0 -1.0 -1.0 -1.0 -1.0 -1.0 -1.0 -1.0 -1.0 -1.0 -1.0 -1.0 -1.0 -1.0 -1.0 -1.0
