critload/trunk/output/1999/fnat.asc
ncols 720
nrows 360
xllcorner -180
yllcorner -90
cellsize 0.5
NODATA_value -1
[rows 62 to 92 of 360, columns 207 to 275 of 720]
1.0 1.0 1.0 1.0 1.0 1.0 1.0 1.0 1.0 1.0 1.0 1.0 0.8890216133487625 0.6950116341284358 0.8066557168987271 0.8066557168987271 0.19514352906043525 -1.0 -1.0 0.1394546268991004 0.6126432490947777 0.8335324200231439 1.0 1.0 1.0 1.0 0.8061206714198614 0.11124466509885898 -1.0 -1.0 -1.0 -1.0 -1.0 -1.0 -1.0 -1.0 -1.0 -1.0 -1.0 -1.0 -1.0 -1.0 -1.0 -1.0 -1.0 -1.0 -1.0 -1.0 -1.0 -1.0 -1.0 -1.0 -1.0 -1.0 -1.0 -1.0 -1.0 -1.0 -1.0 -1.0 -1.0 -1.0 -1.0 -1.0 -1.0 -1.0 -1.0 -1.0 -1.0
1.0 1.0 1.0 1.0 1.0 1.0 1.0 1.0 1.0 1.0 1.0 1.0 1.0 1.0 1.0 0.9720618993001674 0.8886953428320831 0.6122228423874043 0.6958519127325364 0.9723869748955771 1.0 1.0 1.0 1.0 1.0 1.0 0.8888916148896889 0.8057887989990125 0.055881966891357285 -1.0 -1.0 -1.0 -1.0 -1.0 -1.0 -1.0 -1.0 -1.0 -1.0 -1.0 -1.0 -1.0 -1.0 -1.0 -1.0 -1.0 -1.0 -1.0 -1.0 -1.0 -1.0 -1.0 -1.0 -1.0 -1.0 -1.0 -1.0 -1.0 -1.0 -1.0 -1.0 -1.0 -1.0 -1.0 -1.0 -1.0 -1.0 -1.0 -1.0
1.0 1.0 1.0 1.0 1.0 1.0 1.0 1.0 1.0 1.0 1.0 1.0 1.0 1.0 0.9169549754433504 0.9723828417971113 1.0 1.0 1.0 1.0 1.0 1.0 1.0 1.0 1.0 1.0 1.0 1.0 0.8614666247308446 0.22254312534778506 -1.0 -1.0 -1.0 -1.0 -1.0 -1.0 -1.0 -1.0 -1.0 -1.0 -1.0 -1.0 -1.0 -1.0 -1.0 -1.0 -1.0 -1.0 -1.0 -1.0 -1.0 -1.0 -1.0 -1.0 -1.0 -1.0 -1.0 -1.0 -1.0 -1.0 -1.0 -1.0 -1.0 -1.0 -1.0 -1.0 -1.0 -1.0 -1.0
1.0 1.0 1.0 1.0 1.0 1.0 1.0 1.0 1.0 1.0 1.0 1.0 1.0 1.0 1.0 1.0 1.0 1.0 1.0 1.0 1.0 1.0 1.0 1.0 1.0 1.0 1.0 1.0 0.8895193093614457 0.5841169837661757 0.08374111793237995 -1.0 -1.0 -1.0 -1.0 -1.0 -1.0 -1.0 -1.0 -1.0 -1.0 -1.0 -1.0 -1.0 -1.0 -1.0 -1.0 -1.0 -1.0 -1.0 -1.0 -1.0 -1.0 -1.0 -1.0 -1.0 -1.0 -1.0 -1.0 -1.0 -1.0 -1.0 -1.0 -1.0 -1.0 -1.0 -1.0 -1.0 -1.0
1.0 1.0 1.0 1.0 1.0 1.0 1.0 1.0 1.0 1.0 1.0 1.0 1.0 1.0 1.0 1.0 1.0 1.0 1.0 1.0 1.0 1.0 1.0 1.0 1.0 1.0 1.0 1.0 1.0 0.6938015069460796 0.13898163409465505 -1.0 -1.0 -1.0 -1.0 -1.0 -1.0 -1.0 -1.0 -1.0 -1.0 -1.0 -1.0 -1.0 -1.0 -1.0 -1.0 -1.0 -1.0 -1.0 -1.0 -1.0 -1.0 -1.0 -1.0 -1.0 -1.0 -1.0 -1.0 -1.0 -1.0 -1.0 -1.0 -1.0 -1.0 -1.0 -1.0 -1.0 -1.0
1.0 1.0 1.0 1.0 1.0 1.0 1.0 1.0 1.0 1.0 1.0 1.0 1.0 1.0 1.0 1.0 1.0 1.0 1.0 1.0 1.0 1.0 1.0 1.0 1.0 1.0 1.0 1.0 1.0 0.6954425305719348 0.2231893571905772 0.02777779068754176 -1.0 -1.0 -1.0 -1.0 -1.0 -1.0 -1.0 -1.0 -1.0 -1.0 -1.0 -1.0 -1.0 -1.0 -1.0 -1.0 -1.0 -1.0 -1.0 -1.0 -1.0 -1.0 -1.0 -1.0 -1.0 -1.0 -1.0 -1.0 -1.0 -1.0 -1.0 -1.0 -1.0 -1.0 -1.0 -1.0 -1.0
1.0 1.0 1.0 1.0 1.0 1.0 1.0 1.0 1.0 1.0 1.0 1.0 1.0 1.0 1.0 1.0 1.0 1.0 1.0 1.0 1.0 1.0 1.0 1.0 1.0 1.0 1.0 1.0 1.0 1.0 0.8893604087695052 0.6124775629813565 0.11128875941207843 -1.0 -1.0 -1.0 -1.0 -1.0 -1.0 -1.0 -1.0 -1.0 -1.0 -1.0 -1.0 -1.0 -1.0 -1.0 -1.0 -1.0 -1.0 -1.0 -1.0 -1.0 -1.0 -1.0 -1.0 -1.0 -1.0 -1.0 -1.0 -1.0 -1.0 -1.0 -1.0 -1.0 -1.0 -1.0 -1.0
1.0 1.0 1.0 1.0 1.0 1.0 1.0 1.0 1.0 1.0 1.0 1.0 1.0 1.0 1.0 1.0 1.0 1.0 1.0 1.0 1.0 1.0 1.0 1.0 1.0 1.0 1.0 1.0 1.0 1.0 1.0 1.0 0.5840038504006115 0.41803516321734946 0.2788839500580391 -1.0 -1.0 -1.0 -1.0 -1.0 -1.0 -1.0 -1.0 -1.0 -1.0 -1.0 -1.0 -1.0 -1.0 -1.0 -1.0 -1.0 -1.0 -1.0 -1.0 -1.0 -1.0 -1.0 -1.0 -1.0 -1.0 -1.0 -1.0 -1.0 -1.0 -1.0 -1.0 -1.0 -1.0
1.0 1.0 1.0 1.0 1.0 1.0 1.0 1.0 1.0 1.0 1.0 1.0 1.0 1.0 1.0 1.0 1.0 1.0 1.0 1.0 1.0 1.0 1.0 1.0 1.0 1.0 1.0 1.0 1.0 1.0 1.0 1.0 1.0 0.917039481042389 1.0 0.6956716250978637 0.5847332513141706 0.5013136114528577 0.08370428363717705 -1.0 -1.0 -1.0 -1.0 -1.0 -1.0 -1.0 -1.0 -1.0 -1.0 -1.0 -1.0 -1.0 -1.0 -1.0 -1.0 -1.0 -1.0 -1.0 -1.0 -1.0 -1.0 -1.0 -1.0 -1.0 -1.0 -1.0 -1.0 -1.0 -1.0
1.0 1.0 1.0 1.0 1.0 1.0 1.0 1.0 1.0 1.0 1.0 1.0 1.0 1.0 1.0 1.0 1.0 1.0 1.0 1.0 1.0 1.0 1.0 1.0 1.0 1.0 1.0 1.0 1.0 1.0 1.0 1.0 1.0 1.0 1.0 1.0 0.861027173642837 0.555891305428652 0.16711541754824027 -1.0 -1.0 -1.0 -1.0 -1.0 -1.0 -1.0 -1.0 -1.0 -1.0 -1.0 -1.0 -1.0 -1.0 -1.0 -1.0 -1.0 -1.0 -1.0 -1.0 -1.0 -1.0 -1.0 -1.0 -1.0 -1.0 -1.0 -1.0 -1.0 -1.0
1.0 1.0 1.0 1.0 1.0 1.0 1.0 1.0 1.0 1.0 1.0 1.0 1.0 1.0 1.0 1.0 1.0 1.0 1.0 1.0 1.0 1.0 1.0 1.0 1.0 1.0 1.0 1.0 1.0 1.0 1.0 1.0 1.0 1.0 1.0 1.0 1.0 1.0 0.6665593205536876 0.5569898694380158 0.19529824025151743 -1.0 -1.0 -1.0 -1.0 -1.0 -1.0 -1.0 -1.0 -1.0 -1.0 -1.0 -1.0 -1.0 -1.0 -1.0 -1.0 -1.0 -1.0 -1.0 -1.0 -1.0 -1.0 -1.0 -1.0 -1.0 -1.0 -1.0 -1.0
1.0 1.0 1.0 1.0 1.0 1.0 1.0 1.0 1.0 1.0 1.0 1.0 1.0 1.0 1.0 1.0 1.0 1.0 1.0 1.0 1.0 1.0 1.0 1.0 1.0 1.0 1.0 1.0 1.0 1.0 1.0 1.0 1.0 1.0 1.0 1.0 1.0 1.0 1.0 1.0 0.9723543817630622 0.30558198746372356 -1.0 -1.0 -1.0 -1.0 -1.0 -1.0 -1.0 -1.0 -1.0 -1.0 -1.0 -1.0 -1.0 -1.0 -1.0 -1.0 -1.0 -1.0 -1.0 -1.0 -1.0 -1.0 -1.0 -1.0 -1.0 -1.0 -1.0
1.0 1.0 1.0 1.0 1.0 1.0 1.0 1.0 1.0 1.0 1.0 1.0 1.0 1.0 1.0 1.0 1.0 1.0 1.0 1.0 1.0 1.0 1.0 1.0 1.0 1.0 1.0 1.0 1.0 1.0 1.0 1.0 1.0 1.0 1.0 1.0 1.0 1.0 1.0 1.0 0.9163222975242747 0.11089895009624563 -1.0 -1.0 -1.0 -1.0 -1.0 -1.0 -1.0 -1.0 -1.0 -1.0 -1.0 -1.0 -1.0 -1.0 -1.0 -1.0 -1.0 -1.0 -1.0 -1.0 -1.0 -1.0 -1.0 -1.0 -1.0 -1.0 -1.0
1.0 1.0 1.0 1.0 1.0 1.0 1.0 1.0 1.0 1.0 1.0 1.0 1.0 1.0 1.0 1.0 1.0 1.0 1.0 1.0 0.9804978222702331 1.0 1.0 1.0 1.0 1.0 1.0 1.0 1.0 1.0 1.0 1.0 1.0 1.0 1.0 1.0 1.0 1.0 1.0 1.0 1.0 0.5555549697921829 -1.0 -1.0 -1.0 -1.0 -1.0 -1.0 -1.0 -1.0 -1.0 -1.0 -1.0 -1.0 -1.0 -1.0 -1.0 -1.0 -1.0 -1.0 -1.0 -1.0 -1.0 -1.0 -1.0 -1.0 -1.0 -1.0 -1.0
1.0 1.0 1.0 1.0 1.0 1.0 1.0 1.0 1.0 1.0 1.0 1.0 1.0 1.0 1.0 1.0 0.995525688563927 1.0 1.0 1.0 1.0 1.0 1.0 1.0 1.0 0.9768486634081284 1.0 1.0 1.0 1.0 1.0 1.0 1.0 1.0 1.0 1.0 1.0 1.0 1.0 0.9163317119963298 0.47091498668001275 0.1669221184775072 0.05560664591772367 -1.0 -1.0 -1.0 -1.0 -1.0 -1.0 -1.0 -1.0 -1.0 -1.0 -1.0 -1.0 -1.0 -1.0 -1.0 -1.0 -1.0 -1.0 -1.0 -1.0 -1.0 -1.0 -1.0 -1.0 -1.0 -1.0
1.0 1.0 1.0 1.0 1.0 1.0 1.0 1.0 1.0 1.0 1.0 1.0 1.0 1.0 1.0 1.0 0.9977890251536372 1.0 1.0 1.0 1.0 1.0 1.0 1.0 1.0 1.0 1.0 1.0 1.0 1.0 1.0 1.0 1.0 1.0 1.0 0.8049274749526898 0.49869130060381683 0.2213156089989842 0.11060727158348503 0.40675517227848745 0.81351364642067 0.29699122985783794 0.027651817895871258 -1.0 -1.0 -1.0 -1.0 -1.0 -1.0 -1.0 -1.0 -1.0 -1.0 -1.0 -1.0 -1.0 -1.0 -1.0 -1.0 -1.0 -1.0 -1.0 -1.0 -1.0 -1.0 -1.0 -1.0 -1.0 -1.0
1.0 1.0 1.0 1.0 1.0 1.0 1.0 1.0 1.0 1.0 1.0 1.0 1.0 1.0 1.0 1.0 1.0 1.0 1.0 1.0 1.0 1.0 1.0 1.0 1.0 1.0 1.0 1.0 1.0 1.0 1.0 1.0 1.0 1.0 0.6378281318546782 0.055357744064805085 -1.0 -1.0 0.3434535730637612 0.9751698184271232 0.7737229175782164 0.1351263156210139 -1.0 -1.0 -1.0 -1.0 -1.0 -1.0 -1.0 -1.0 -1.0 -1.0 -1.0 -1.0 -1.0 -1.0 -1.0 -1.0 -1.0 -1.0 -1.0 -1.0 -1.0 -1.0 -1.0 -1.0 -1.0 -1.0 -1.0
1.0 1.0 1.0 1.0 1.0 1.0 1.0 1.0 0.9737230780404847 1.0 0.9931637232763186 1.0 1.0 1.0 0.9916644375586927 1.0 1.0 1.0 1.0 0.8447028938977668 0.5459472078422081 0.4753707071281815 0.4437313565448558 0.47682800000301123 0.3790078291300209 0.4711502040422232 0.49868716592385465 0.49868716592385465 0.49868716592385465 0.6272462277066352 0.6376961553797932 0.6098949631790673 0.5264913865768899 0.24919771250902228 -1.0 -1.0 -1.0 0.1429944578914323 1.0 0.8510261940487777 0.23080346023460652 -1.0 -1.0 -1.0 -1.0 -1.0 -1.0 -1.0 -1.0 -1.0 -1.0 -1.0 -1.0 -1.0 -1.0 -1.0 -1.0 -1.0 -1.0 -1.0 -1.0 -1.0 -1.0 -1.0 -1.0 -1.0 -1.0 -1.0 -1.0
1.0 1.0 1.0 1.0 1.0 1.0 0.9728057066650501 1.0 1.0 0.976527384098844 0.9817686522250954 0.9723589347909007 0.998050251775567 1.0 0.9927385707798028 1.0 1.0 1.0 0.7153959699221986 0.027658347985933505 -1.0 -1.0 -1.0 -1.0 0.2769397871954289 0.5282328964194374 0.5786997981731504 0.3065811820652174 0.027896968909846546 -1.0 -1.0 -1.0 -1.0 -1.0 -1.0 -1.0 -1.0 0.691538209616236 1.0 0.6871571791598315 0.7991943930271298 0.23071385162819358 -1.0 0.02083627711547061 0.10122903778273191 -1.0 -1.0 -1.0 -1.0 -1.0 -1.0 -1.0 -1.0 -1.0 -1.0 -1.0 -1.0 -1.0 -1.0 -1.0 -1.0 -1.0 -1.0 -1.0 -1.0 -1.0 -1.0 -1.0 -1.0
1.0 1.0 1.0 1.0 1.0 1.0 1.0 1.0 1.0 1.0 0.9856405009960927 1.0 1.0 0.9849919404067393 0.9722640512181443 0.898925229657824 0.6075907084312271 0.41060233043911293 0.13359502199108045 0.059828921463092564 0.30181280401829763 0.44566275068233063 0.5012657727146869 0.24505428986281916 -1.0 0.05536766741821922 0.42286905107853834 0.6657489313976782 0.6739473121839099 0.2503050710019382 -1.0 -1.0 -1.0 -1.0 -1.0 -1.0 0.35501458120233614 0.9554999185403122 0.9220883012134886 0.9941707209108163 0.907281475445229 0.8417499143149182 0.605958216730873 0.7038697419316672 0.606543620057816 0.4887470247554707 -1.0 -1.0 -1.0 -1.0 -1.0 -1.0 -1.0 -1.0 -1.0 -1.0 -1.0 -1.0 -1.0 -1.0 -1.0 -1.0 -1.0 -1.0 -1.0 -1.0 -1.0 -1.0 -1.0
1.0 1.0 1.0 0.994731115125926 1.0 1.0 1.0 0.8339543686356939 0.4557695447030048 0.6074437909706528 0.6681625315149743 1.0 1.0 0.9447127591170352 0.79255650415969 0.18266964467470367 0.0 0.22340715578186987 0.6171049215376533 1.0 0.9722184864149146 0.9167013755964799 0.9166555571750113 0.8992129241891269 0.3584623117901613 -1.0 -1.0 -1.0 -1.0 -1.0 -1.0 -1.0 -1.0 -1.0 0.03572471399473856 0.2662187793924022 1.0 0.9526046871542706 0.9874116446739167 0.9769596565038111 0.9725185185167261 0.9509707676391385 1.0 0.9551492656831894 0.7565798187742321 0.18123188132142568 0.11519463547766295 -1.0 -1.0 -1.0 -1.0 -1.0 -1.0 -1.0 -1.0 -1.0 -1.0 -1.0 -1.0 -1.0 -1.0 -1.0 -1.0 -1.0 -1.0 -1.0 -1.0 -1.0 -1.0
1.0 1.0 0.9904829069283898 1.0 1.0 1.0 1.0 1.0 0.8592753141194355 0.7866621550700091 0.7192920325288391 0.870137630979092 1.0 0.7745724242590334 0.11037330833208762 0.4994739899294501 0.7520912103568498 0.8619116048444609 0.8347735753614948 0.9587194256470561 0.7186561746555363 0.6762373315662954 0.7712402028558185 0.4523760683429608 0.049244142340826545 -1.0 -1.0 -1.0 -1.0 -1.0 -1.0 -1.0 -1.0 -1.0 0.08344651088394818 0.5292140542176471 0.9589559573514411 1.0 0.9797861981458869 0.9840645818921383 0.9724834620177782 1.0 0.9733351749582775 0.9490940942881306 0.8738760109231568 0.736842122939911 0.21571385882476415 0.022258304135767255 -1.0 -1.0 -1.0 -1.0 -1.0 -1.0 -1.0 -1.0 -1.0 -1.0 -1.0 -1.0 -1.0 -1.0 -1.0 -1.0 -1.0 -1.0 -1.0 -1.0 -1.0
1.0 0.9944441950131082 1.0 0.994479716672446 0.9854658867053118 1.0 0.9769292411799898 0.9726564027907665 0.9746157166936457 0.973307411935129 1.0 1.0 0.7961906780453575 0.20521732949008642 0.5643281444973913 0.7542945371919428 1.0 1.0 0.8897044092767068 0.9473391466678267 0.8260959675923409 0.287784418175461 0.27943482696211475 0.044839534586560266 -1.0 -1.0 -1.0 -1.0 -1.0 -1.0 -1.0 -1.0 -1.0 -1.0 0.5828209079170327 0.7939932221883249 0.6821604435563916 0.7554437070013352 0.8226105619087163 0.8606010858138564 0.7587531917689224 0.8945233282585722 0.7171004214829145 0.8823032933600357 0.6103340989975322 0.31339450986988326 0.4249566124628459 0.07293373289492293 -1.0 -1.0 -1.0 -1.0 -1.0 -1.0 -1.0 -1.0 -1.0 -1.0 -1.0 -1.0 -1.0 -1.0 -1.0 -1.0 -1.0 -1.0 -1.0 -1.0 -1.0
1.0 0.9726082187251525 1.0 0.9803189963426432 0.9743011660680204 0.9527782454263835 0.9722220352033664 0.9487938573981586 0.9721785782792811 1.0 1.0 0.7180109064154253 0.33297798229088654 0.8061217867951597 0.8895863348632471 0.8618446107355128 0.6811558223706367 0.697927052937221 0.9447494237846049 0.9721785769189455 0.9523124814801456 0.8427806255914161 0.5447272754712238 0.02863020119753306 -1.0 -1.0 -1.0 -1.0 -1.0 0.03471679675962338 -1.0 -1.0 -1.0 -1.0 -1.0 -1.0 -1.0 -1.0 -1.0 -1.0 0.05577416839422584 0.09966706575845978 0.5848835243138868 0.2463752019940204 0.104289736542033 0.61186231402729 0.8116378983599637 0.14582588483834832 -1.0 -1.0 -1.0 -1.0 -1.0 -1.0 -1.0 -1.0 -1.0 -1.0 -1.0 -1.0 -1.0 -1.0 -1.0 -1.0 -1.0 -1.0 -1.0 -1.0 -1.0
0.9773991719894909 0.9078020852518466 0.8472992585641528 0.9477579213908414 0.9723517860042235 0.8991469676579935 0.9749272692480099 0.7064100146988974 0.44680350591345713 0.28117896679127463 0.16813819595078947 0.33784347412430765 0.6787234859333391 0.9170554042305445 1.0 1.0 0.8153449662192304 0.3947063136850519 0.8896403874805844 0.972351786004268 0.9722739831792858 0.8810312917237849 0.7506589865164406 0.08089442461170816 0.053477127790243176 0.005070532698566903 -1.0 -1.0 -1.0 -1.0 0.018746352381959524 0.6621323203438618 0.15568421707331606 -1.0 -1.0 -1.0 -1.0 -1.0 -1.0 -1.0 0.0554697730505808 0.06874414862524007 0.0 -1.0 0.0 0.09237098339332515 0.4675215700757197 0.0 -1.0 -1.0 -1.0 -1.0 -1.0 -1.0 -1.0 -1.0 -1.0 -1.0 -1.0 -1.0 -1.0 -1.0 -1.0 -1.0 -1.0 -1.0 -1.0 -1.0 -1.0
0.9722243590754898 0.8744165258121722 0.916967863615334 0.6962058735106292 0.7820456007031729 0.7234964875892612 0.24338821388113632 0.19943991562773838 0.12217034841268697 0.47915890198773226 0.5343355471302681 0.3662531818398679 0.6126702708635496 1.0 0.983103452731791 1.0 0.9721823523740575 0.3467047352779371 0.6950943618127831 0.8364220224051305 0.8481268231002168 0.8732255188790655 0.7785595992857322 0.3366043073520905 0.15763229821608105 0.060142558196675744 0.018247814011617812 0.021693138403404158 0.0 -1.0 0.5036819604217094 0.9083493613520053 0.12760202145207356 0.03038665594100743 -1.0 -1.0 -1.0 -1.0 -1.0 -1.0 -1.0 -1.0 -1.0 -1.0 -1.0 -1.0 -1.0 -1.0 -1.0 -1.0 -1.0 -1.0 -1.0 -1.0 -1.0 -1.0 -1.0 -1.0 -1.0 -1.0 -1.0 -1.0 -1.0 -1.0 -1.0 -1.0 -1.0 -1.0 -1.0
0.6577545773610047 0.5364197662690159 0.556927830873238 0.5755452904862393 0.23245593797764041 0.2631029904049145 0.1078068494894345 0.0414205050660623 0.3981309626117674 0.6127019021438914 0.7498607746882204 0.6719224282459635 0.9723910265560473 0.9919629506112114 1.0 1.0 0.9723910256213558 0.9751153099437838 0.7129508065010017 0.5216731466569404 0.6749405239103998 0.7291370500771249 0.7629765355407878 0.5697601765731267 0.6141025289076326 0.5961766231005937 0.41588615451290517 0.1871035098793565 0.13332587633631943 0.018692727979284767 0.7921404793713361 0.7589825138066687 0.45092487248068047 0.0369418288962475 -1.0 -1.0 -1.0 -1.0 -1.0 -1.0 -1.0 -1.0 -1.0 -1.0 -1.0 -1.0 -1.0 -1.0 -1.0 -1.0 -1.0 -1.0 -1.0 -1.0 -1.0 -1.0 -1.0 -1.0 -1.0 -1.0 -1.0 -1.0 -1.0 -1.0 -1.0 -1.0 -1.0 -1.0 -1.0
0.17945581056768042 0.13212563018502904 0.03610492503614521 0.08837785633824218 0.18596210013764766 0.22169652828606082 0.07738138018618908 0.32306678520990406 0.6249344116623172 0.32496915432124296 1.0 0.9811326381457562 1.0 1.0 0.9458275315457737 1.0 1.0 0.9819736125887342 0.7866954806648724 0.7036434269920374 0.30229578620528297 0.33057276273021263 0.0876552243630358 0.14203259203816013 0.35427685394878267 0.6423131378678673 0.5757748612504306 0.7230458651368863 0.9348580313321786 0.748583983343924 0.23095581476738472 -1.0 -1.0 -1.0 -1.0 -1.0 -1.0 -1.0 -1.0 -1.0 -1.0 -1.0 -1.0 -1.0 -1.0 -1.0 -1.0 -1.0 -1.0 -1.0 -1.0 -1.0 -1.0 -1.0 -1.0 -1.0 -1.0 -1.0 -1.0 -1.0 -1.0 -1.0 -1.0 -1.0 -1.0 -1.0 -1.0 -1.0 -1.0
0.5512149898261212 0.1987071712536899 0.68253220158339 0.8004924786246929 0.6497802246558824 0.614162469838955 0.6457812755914739 0.8817342044190967 0.8851930615985875 0.994612110789878 1.0 1.0 1.0 0.9688220513154426 0.9256544740789061 0.7160053581429014 0.972123250318124 0.972123250318124 0.5815185674105066 0.05559580076349755 -1.0 0.16452542205017098 0.7319693671787926 0.7597615332537548 0.7453382832474164 0.4032088203921294 0.45288706998086803 0.2991614994683491 0.10814626737144352 -1.0 -1.0 -1.0 -1.0 -1.0 -1.0 -1.0 -1.0 -1.0 -1.0 -1.0 -1.0 -1.0 -1.0 -1.0 -1.0 -1.0 -1.0 -1.0 -1.0 -1.0 -1.0 -1.0 -1.0 -1.0 -1.0 -1.0 -1.0 -1.0 -1.0 -1.0 -1.0 -1.0 -1.0 -1.0 -1.0 -1.0 -1.0 -1.0 -1.0
0.6878335736717935 1.0 0.9668234566019347 1.0 0.97238569915436 1.0 0.7607490420971087 0.9899388399031127 0.964032039305504 1.0 1.0 0.907309314352484 0.6321152221278997 0.877519493981858 0.8173622357829802 0.22159235812287384 0.22171086128821502 0.027679320521774395 -1.0 -1.0 0.11579919335981839 0.8124918863559971 0.8964965858207391 0.7299644795154233 0.08561460989712932 0.0706953879044441 -1.0 -1.0 -1.0 -1.0 -1.0 -1.0 -1.0 -1.0 -1.0 -1.0 -1.0 -1.0 -1.0 -1.0 -1.0 -1.0 -1.0 -1.0 -1.0 -1.0 -1.0 -1.0 -1.0 -1.0 -1.0 -1.0 -1.0 -1.0 -1.0 -1.0 -1.0 -1.0 -1.0 -1.0 -1.0 -1.0 -1.0 -1.0 -1.0 -1.0 -1.0 -1.0 -1.0
1.0 0.7190016904143841 0.9147912533104582 1.0 1.0 1.0 0.8176195081640462 0.9945991349126342 1.0 1.0 0.9766149432688057 0.7234178902424251 0.28076598862571617 0.20293665504807407 0.07788992870611804 -1.0 -1.0 -1.0 -1.0 -1.0 0.06488211774411454 0.5916545530750992 0.5831699848783831 0.1462021598282442 -1.0 -1.0 -1.0 -1.0 -1.0 -1.0 -1.0 -1.0 -1.0 -1.0 -1.0 -1.0 -1.0 -1.0 -1.0 -1.0 -1.0 -1.0 -1.0 -1.0 -1.0 -1.0 -1.0 -1.0 -1.0 -1.0 -1.0 -1.0 -1.0 -1.0 -1.0 -1.0 -1.0 -1.0 -1.0 -1.0 -1.0 -1.0 -1.0 -1.0 -1.0 -1.0 -1.0 -1.0 -1.0
