critload/trunk/output/1999/frnfe_agri.asc
ncols 720
nrows 360
xllcorner -180.0
yllcorner -90.0
cellsize 0.5
NODATA_value -9999.0
[rows 108 to 134 of 360, columns 122 to 182 of 720]
0.7850563207653384 0.7849384056436773 0.7788951818706302 -9999.0 -9999.0 0.7826925642136098 0.7849755336893363 0.6491836704121031 -9999.0 0.9999 0.9999 0.9999 0.13825367944760336 0.9999 0.9999 -9999.0 0.9999 0.9999 -9999.0 -9999.0 -9999.0 -9999.0 -9999.0 0.0001456139991994134 0.9999 0.20011876818691354 0.9999 0.9999 0.22649936726286576 0.056770780959606075 0.07831953284078545 0.23044586861945784 0.29124493012516994 0.4825956146143112 0.3972991768133563 0.24861393475978538 0.2924902082623837 0.28638575064929617 0.19815648277346765 0.2768881607330747 0.9999 0.9999 0.9999 0.9999 0.9999 0.9999 0.9999 0.9999 0.9999 0.911536583217253 0.9108066479811951 0.8990985102261627 0.9035592921735104 0.888586240344944 0.9134963005061133 0.9009884161333891 0.9206259487530571 0.918040146361494 0.9223791158636584 0.9156212923848757 0.9290742064964493
0.7836211523171314 0.7861577428743837 0.7866833053327631 0.7804807187784187 -9999.0 -9999.0 -9999.0 0.786818798258169 0.6138388239169491 0.9999 0.9999 0.9999 0.1633283612909377 0.9999 0.9999 0.9999 0.9999 -9999.0 -9999.0 0.9999 0.9999 0.9999 0.21425188621577365 0.11728476754000951 0.16733417338126527 0.291285866588277 0.09393465042845141 0.12113139764108202 0.0106426355080902 0.9999 0.20723934401491687 0.2226396105566021 0.34439750591890084 0.39425164360356973 0.3681629852855754 0.4494889070893442 0.2648805416329442 0.346729387326906 0.2632801825234332 0.9999 0.9999 0.9999 0.9999 0.9999 0.9999 0.9999 0.9999 0.9999 0.9999 0.9098710381094695 0.9107577369475338 0.9143028985458588 0.9122608371655925 0.9138489326444519 0.9125630200445519 0.9148070993323327 0.9178110947816684 0.9136132427015853 0.9287307729505248 0.9288479080493255 0.9340178652511576
0.7848418841970245 0.785203534673838 0.786390436878069 0.7863051623656285 0.7852591638355281 -9999.0 0.7826386256990484 -9999.0 0.7826386260848185 0.9999 0.9999 0.1203076257797532 0.9999 0.18204535896913254 0.9999 0.9999 -9999.0 0.9999 0.9999 0.9999 0.9999 0.02840750709755997 0.0001 -9999.0 0.9999 0.316548627887783 0.03216270365248581 -9999.0 0.9999 0.21452279857601553 0.3577193821424788 0.4049975573558179 0.9999 0.9999 0.462138037425983 0.2979978387888237 0.3759729344154432 0.40658055903133367 0.29890332259688274 0.9999 0.2882507091608357 0.32092379229682405 0.9999 0.9999 0.9999 0.9999 0.9999 0.9999 0.9999 0.913687431050878 0.9080295884559917 -9999.0 0.9143075702230252 0.9135878023759537 0.9175429066304606 0.9131594353037834 0.9123479632942442 0.9564679283496158 0.9577015844385315 0.9581034554843341 0.9570163665584126
0.782786178361034 0.7863116555851386 0.7849551421318203 0.7864269592723443 0.784041162223716 0.7866808036164954 0.7826386266106804 -9999.0 -9999.0 0.9999 0.9999 0.9999 0.9999 0.9999 0.9999 0.9999 0.9999 0.9999 0.9999 0.9999 0.0001 0.0050442986463930155 0.06975285114814328 -9999.0 0.9999 0.08067202835469624 0.15735467876186174 -9999.0 -9999.0 0.9999 0.3014450687891955 0.39090758786255536 0.9999 0.9999 0.9999 0.48218286595423193 0.2858891045758437 0.3440537488888516 0.3916471638738365 0.5078606322816726 0.9999 0.2971349476396522 0.9999 0.34600298238184996 0.339928363207276 0.9999 0.9999 0.9999 0.9999 0.904087546808432 0.9120869680520053 0.9136567886530184 0.901360730253989 0.9143169345833903 0.9184572137613672 0.9196419087733452 0.9595932111071894 0.955021738939408 0.9579765294652277 0.9562612969887284 0.9565426033006176
-9999.0 -9999.0 0.0489096514573348 0.08814089265442367 0.7837570796890397 0.7825872877642879 0.7825832600921695 0.7868187982581689 0.7825832590632491 0.9999 0.9999 0.9999 0.9999 0.9999 0.19151245833203245 0.9999 0.9999 0.9999 0.9999 0.9999 0.9999 0.0001 0.0001 0.9999 0.9999 0.9999 0.0249147862093778 0.026824393623483638 0.9999 0.9999 0.152496786268185 0.3710539265840588 0.4713080084237167 0.9999 0.9999 0.5006685346313541 0.28110312912560287 0.3095525323346084 0.4008983688326866 0.3650088286585591 0.9999 0.9999 0.9999 0.9999 0.9999 0.9999 0.9999 0.9999 0.9999 0.9113643756010283 0.9129826188175095 0.8955537441187733 -9999.0 0.9149943145846589 0.9171896496957267 0.9102747771751363 0.9607966022617452 0.948657230859295 0.9582272286106515 0.9574879974711492 0.9568913692425118
-9999.0 0.7743570047914566 0.0003477671563978603 0.7807356027185631 0.783081734350777 0.7826984452123953 0.7825832595664682 0.7825832594665711 0.782583259836059 -9999.0 0.9999 0.9999 0.9999 0.9999 0.9999 0.9999 0.16013645613427094 0.16079952394899194 0.9999 0.9999 0.9999 0.9999 0.007422541210623779 0.9999 0.9999 0.9999 0.9999 0.1868329704808269 0.9999 0.9999 0.07461486575080037 0.3613915752684273 0.44749410277903046 0.9999 0.4865697854807422 0.2734747494448516 0.2628283827806382 0.30552063362309717 0.4521801251710171 0.32578803318206623 0.9999 0.9999 0.9999 0.9999 0.9999 0.8030455973347143 0.9999 0.9999 0.9999 0.9999 0.9125701041743662 0.897365366248849 0.8970975298191475 -9999.0 0.9159788672527428 0.9074525878116978 0.9562156019947294 0.9518224798689955 0.9581134062343499 0.9593896639834766 0.9583371700638241
-9999.0 -9999.0 -9999.0 0.0035691182757018308 0.7828668528879452 0.7857868949743728 0.7796887506577533 0.7741063634810473 0.7767659591620588 0.9999 0.9999 0.9999 0.9999 0.9999 0.9999 0.9999 0.2051092186249633 0.9999 0.9999 0.9999 0.12324553582758375 0.0001 0.9999 0.9999 0.9999 0.9999 0.9999 0.13195159503672574 0.9999 0.9999 0.027893868637560465 0.35145170743536625 0.4963561465652201 0.4509324496174138 0.42985827050535047 0.2526317526977759 0.3596028933257312 0.4006829585750365 0.4028758704699957 0.18759318001589825 0.9999 0.9999 0.9999 0.9999 0.9999 0.9999 0.9999 0.9999 0.9999 0.9999 0.9999 0.9999 0.9999 0.9999 0.9999 0.9999 0.9515956529185525 0.9565223895791577 0.9580921765953885 0.9562786675806214 0.9573249531359395
-9999.0 -9999.0 -9999.0 0.8921158685712467 0.9153637745328228 0.9182170419203582 0.9053981336015106 0.9163090179761885 0.9157193324894778 -9999.0 -9999.0 -9999.0 -9999.0 0.9999 0.9999 0.9999 0.10043089369651927 0.13726373754628943 0.9999 0.9999 0.9999 0.9999 0.9999 0.9999 0.9999 0.9999 -9999.0 0.9999 -9999.0 0.9999 0.9999 0.9999 0.06825481347727468 0.08646726683986118 0.23789762189247515 0.29193880718581733 0.3545043413330347 0.31737391705648166 0.3264985485661928 0.274412928019652 0.3653525985675485 0.34939091114378806 0.2618983215081727 0.3450477936234243 0.9999 0.9999 0.9999 0.9999 0.9999 0.9999 0.3776904452128252 0.9999 0.9999 0.9999 0.9999 0.9999 0.957262447719513 0.955711433565248 0.951346895604548 0.9536329266907169 0.9441910123220042
-9999.0 -9999.0 -9999.0 -9999.0 0.9051894922119113 0.9175737132402049 0.9180195553905778 -9999.0 0.9182170415402944 -9999.0 -9999.0 -9999.0 0.9181844669524181 0.9999 0.032582659049875694 0.16614785321562173 0.14286876591352354 0.09277000628938643 0.9999 0.9999 0.9999 0.9999 0.931700216718724 0.9314428335857375 0.9263180900165803 0.9999 0.9999 0.9999 0.9999 -9999.0 0.9999 0.9999 0.9999 0.05863831089591937 0.3706627824124056 0.2655291413500935 0.26532944292475125 0.38085542733755234 0.3228777285984186 0.2943992379237923 0.4377444774020492 0.9999 0.9999 0.9999 0.9999 0.3367240952818887 0.9999 0.9999 0.9999 0.9999 0.9999 0.9999 0.9999 0.9999 0.9999 0.956067470448094 0.951913998360479 0.9573103272824772 0.957665205687771 0.9563216324126436 0.9416195747341105
-9999.0 -9999.0 -9999.0 -9999.0 0.085666103741638 0.9146332085088039 0.9186824894822856 -9999.0 -9999.0 -9999.0 -9999.0 -9999.0 -9999.0 0.9182143566470212 0.9175260552838699 0.5637430917385936 0.5668993887275352 0.5768101117284996 0.9198644406195658 0.9182170412793406 0.9314428332181239 0.9316858212960389 0.9314428332337246 0.9314428335404692 0.9217488098943208 0.9204972814301474 0.9999 0.9999 0.9999 0.9999 0.9999 0.9999 0.9999 0.056593306171235085 0.36661272738165285 0.16335973992723082 0.25550581356383784 0.3715940912227365 0.3005355801963019 0.26419151979892874 0.3740635922311195 0.9999 0.9999 0.9999 0.9999 0.9999 0.9999 0.9999 0.9999 -9999.0 -9999.0 -9999.0 0.9999 0.9999 0.9999 0.9583159628848671 0.9422877524666051 0.9553210918207181 0.9578503098186169 0.9577225485804297 0.9557168600956104
-9999.0 -9999.0 -9999.0 -9999.0 -9999.0 0.9053981339721802 0.9182112514991291 -9999.0 -9999.0 -9999.0 -9999.0 0.9182170417709421 0.9182170412735831 0.9182170420656607 0.9182170413352798 0.9181225357747645 0.9213153987254367 0.9186428911633082 0.9181311304688582 0.918217041495196 0.9182170417553246 0.9314428328197025 0.9306256089804832 0.91821704171714 0.9182170413656602 0.921748811363473 0.9314428331574472 0.9256827428661635 0.9999 0.0028643845927518916 0.04562766052236279 0.9999 0.9999 0.0334783395707954 0.20400286437063092 0.20065965003383504 0.20530329619287135 0.19883014841500302 0.16499644057035223 0.3013013981382697 0.2378206244226609 0.9999 0.9999 0.9999 0.9999 0.7857392879914163 0.9999 0.9999 0.9999 0.9999 0.9999 0.9999 0.9999 0.9999 0.9999 0.9999 0.9999 0.9999 0.9586807978122224 0.9531806685904524 0.9602593521893698
-9999.0 -9999.0 -9999.0 -9999.0 -9999.0 -9999.0 0.9051878082450302 0.9179303704478649 -9999.0 -9999.0 -9999.0 -9999.0 -9999.0 0.9182170423669737 0.9182170418277817 0.9181970827475531 0.9178808818819465 0.9017760793867516 0.9195923395749168 0.9172063249266027 0.918152463649664 0.9224890822609157 0.9314428329690239 0.9222884804950177 0.9222884804950177 0.9182170414737868 -9999.0 -9999.0 0.9186398524772157 0.9999 0.0014629952537434912 0.0013968239349487486 0.0005838353331450689 0.9999 0.004167093644944456 0.20691637627794068 0.22196819311955449 0.20054202393931347 0.2285758796277824 0.9999 0.9999 0.9999 0.9999 0.9999 0.9999 0.9999 0.9999 0.22653738579120414 0.9999 0.9999 0.9999 0.9999 0.9999 0.9999 0.9999 0.9999 0.36192538887964226 0.09764557829873151 0.03655934493454751 0.0027111626716679227 0.01699933617298715
-9999.0 -9999.0 -9999.0 -9999.0 -9999.0 -9999.0 -9999.0 -9999.0 -9999.0 -9999.0 -9999.0 -9999.0 -9999.0 -9999.0 -9999.0 0.9182170428198707 0.6585781825381184 0.9220375451176318 0.922216036403051 0.9221256788561509 0.9222032502414476 0.9223473239741253 0.9216131404633555 0.9247839501433395 0.9290446101777874 -9999.0 -9999.0 -9999.0 0.9189180987382998 0.9999 0.9999 -9999.0 -9999.0 -9999.0 0.9269109219809836 0.0001 0.17329683241577393 0.07143803003999431 0.11681727941213331 0.27134727112508455 0.9999 0.9999 0.9999 0.9999 0.9999 0.9999 0.9999 0.45679358990583796 0.4929021047774076 0.9999 -9999.0 0.9999 0.9999 0.9999 0.9999 0.06998656165070348 0.18138528222947353 0.01858429545013624 0.09446106139058322 -9999.0 -9999.0
-9999.0 -9999.0 -9999.0 -9999.0 -9999.0 -9999.0 -9999.0 -9999.0 -9999.0 -9999.0 -9999.0 -9999.0 -9999.0 -9999.0 0.9182170417687313 0.9182170416792624 0.9182170417327006 0.9182170418313339 0.9223612008489517 0.6623323366906305 0.9204656302148144 0.9222884804950175 0.9222912585755452 0.9325880052057951 -9999.0 0.9182170413489754 -9999.0 0.9182170421664545 0.9182170413835951 0.9261812647369898 0.9999 -9999.0 -9999.0 0.9222884804950177 -9999.0 0.9182170420804336 0.3334762170775879 0.23422320900355112 0.3636121884931822 0.3885667542226867 0.37884816585663283 0.5006969059392238 0.9999 0.9999 0.9999 0.9999 0.9999 0.9999 0.4136976652564601 -9999.0 -9999.0 -9999.0 -9999.0 -9999.0 -9999.0 -9999.0 -9999.0 0.1425624102962651 0.0001 0.0001 -9999.0
-9999.0 -9999.0 -9999.0 -9999.0 -9999.0 -9999.0 -9999.0 -9999.0 -9999.0 -9999.0 -9999.0 -9999.0 -9999.0 -9999.0 0.9242436812817867 0.9242436808226705 0.918217041873842 0.6387826055736736 0.9201449601586794 0.9187534151086832 0.920362540061215 0.9222852229881061 0.645650293948138 0.6490545224211083 0.6416284927207204 0.9156066729003158 0.9182170418618972 0.9182170413670186 0.9179642186122359 -9999.0 0.9182170404641788 -9999.0 -9999.0 -9999.0 0.9222884804950177 0.919606106634853 0.920970226136712 0.3718251489932972 0.38818820617303396 0.36452887373129805 0.27492674946963225 0.3624065502149986 0.4801943676644404 0.9999 0.9999 0.9999 0.9999 0.9999 -9999.0 -9999.0 -9999.0 -9999.0 -9999.0 -9999.0 -9999.0 -9999.0 -9999.0 -9999.0 -9999.0 -9999.0 -9999.0
-9999.0 -9999.0 -9999.0 -9999.0 -9999.0 -9999.0 -9999.0 -9999.0 -9999.0 0.9164138338763451 -9999.0 -9999.0 -9999.0 -9999.0 0.924243681070168 0.9182170413164379 0.9182170416430468 0.9182170416237906 0.6491782754151685 0.9200121115616726 0.9222799056763217 0.9219034751232099 0.9217021184701243 0.6585892684686389 0.9174252682738693 0.9164230483520697 0.9130504634164036 0.9125827866331405 -9999.0 -9999.0 -9999.0 -9999.0 -9999.0 -9999.0 0.9182170419891545 0.9182170422401893 0.9181925344842629 0.9183797817871475 0.4070154355489077 0.2699199075803831 0.21809437026200615 0.26191331996297623 0.4705422636475784 0.9999 0.9999 0.4744156494480067 -9999.0 -9999.0 -9999.0 -9999.0 -9999.0 -9999.0 -9999.0 -9999.0 -9999.0 -9999.0 -9999.0 -9999.0 -9999.0 -9999.0 -9999.0
-9999.0 -9999.0 -9999.0 -9999.0 -9999.0 -9999.0 -9999.0 -9999.0 -9999.0 -9999.0 0.9182170406415769 -9999.0 -9999.0 -9999.0 -9999.0 -9999.0 0.9182170416225758 0.9157916019011311 0.6141438995426619 0.9206130759476864 0.919148608393646 0.9173734912989567 0.9212963009566524 0.92159583949 0.5577526329793433 0.9165655107470506 0.9182170412262037 0.917633509295638 0.9243771996172606 -9999.0 -9999.0 -9999.0 -9999.0 -9999.0 0.9182170411798187 0.9182501849882218 0.9168750461692641 0.9124241523989389 0.9218763943947886 0.2941431467300772 0.3352810808749207 0.33564001556583445 0.9999 0.9999 -9999.0 -9999.0 -9999.0 -9999.0 -9999.0 -9999.0 -9999.0 -9999.0 -9999.0 -9999.0 -9999.0 -9999.0 -9999.0 -9999.0 -9999.0 -9999.0 -9999.0
-9999.0 -9999.0 -9999.0 -9999.0 -9999.0 -9999.0 -9999.0 -9999.0 -9999.0 -9999.0 -9999.0 0.9186687391119331 -9999.0 0.9242754349291594 -9999.0 -9999.0 -9999.0 0.5282288523348942 0.530980704370323 0.29851964933563196 0.9180501630132364 0.5015182530492117 0.9222884804950177 0.9228564798879256 0.23283859872768772 0.9178274690185921 0.9179983242829751 0.9185596302048418 0.9316634182194217 -9999.0 -9999.0 -9999.0 -9999.0 0.918668738913251 0.9186645215538571 0.918601029628789 0.9181205178290661 0.9185819689119872 0.9185868960673664 0.3985326382641272 0.3903085034476648 0.41247380866906425 0.4795020510145797 0.4387895781134126 -9999.0 -9999.0 -9999.0 -9999.0 -9999.0 -9999.0 -9999.0 -9999.0 -9999.0 -9999.0 -9999.0 -9999.0 -9999.0 -9999.0 -9999.0 -9999.0 -9999.0
-9999.0 -9999.0 -9999.0 -9999.0 -9999.0 -9999.0 -9999.0 -9999.0 -9999.0 -9999.0 -9999.0 -9999.0 -9999.0 0.9080308392987734 0.92427543454858 -9999.0 -9999.0 -9999.0 0.5601430864803505 0.30637849219435825 0.9224373471870657 0.9185182752391354 0.9164566168750847 0.9209082542809208 0.9177425125885872 0.9225965206677208 0.9223387058671719 0.9207816430527408 -9999.0 0.918668738873242 0.9186687386335148 -9999.0 0.9186687389846042 0.9186687382322037 0.9186687382551156 0.918668739174059 0.9208195136040688 0.9186687388150896 0.9183572590786953 0.9220655091166783 0.26926128366827967 0.37453809985043307 0.45575875316370285 0.46121287311170256 -9999.0 -9999.0 -9999.0 -9999.0 -9999.0 -9999.0 -9999.0 -9999.0 -9999.0 -9999.0 -9999.0 -9999.0 -9999.0 -9999.0 -9999.0 -9999.0 -9999.0
-9999.0 -9999.0 -9999.0 -9999.0 -9999.0 -9999.0 -9999.0 -9999.0 -9999.0 -9999.0 -9999.0 -9999.0 -9999.0 -9999.0 -9999.0 -9999.0 -9999.0 -9999.0 -9999.0 0.37986519186325257 0.44209414022480875 0.9166862001867693 0.9161754442808587 0.9105956611851561 0.9173329914645183 0.9161656824431058 0.3111010603188415 0.912201870487901 0.9185855263094013 0.9186687383718446 0.9186687385371223 0.9186687387565116 0.9186687387049136 -9999.0 -9999.0 0.9186687385551547 0.9221310213988843 0.9192017398704597 0.9217254838857231 0.9216563639844111 0.9215118959860701 0.9999 0.9999 0.4676960065811303 -9999.0 -9999.0 -9999.0 -9999.0 -9999.0 -9999.0 -9999.0 -9999.0 -9999.0 -9999.0 -9999.0 -9999.0 -9999.0 -9999.0 -9999.0 -9999.0 -9999.0
-9999.0 -9999.0 -9999.0 -9999.0 -9999.0 -9999.0 -9999.0 -9999.0 -9999.0 -9999.0 -9999.0 -9999.0 -9999.0 0.9186687385732877 -9999.0 -9999.0 -9999.0 -9999.0 -9999.0 0.5646210287173719 0.5953192463958151 0.5453710919832101 0.9166603145731188 0.9165436764787218 0.9188700871050538 -9999.0 0.9228120355715574 0.9001014063632616 0.8867728624196487 0.9186687387734715 0.9187191208693581 0.9187049605632467 0.918717232751311 0.9187477337263963 0.9187499279535779 0.918701439755523 0.9187288651309263 0.9151136926917833 0.919470474161515 0.9184223397817441 0.293370593284135 0.4739450827167318 0.6345920014725026 0.3278652208429145 -9999.0 -9999.0 -9999.0 -9999.0 -9999.0 -9999.0 -9999.0 -9999.0 -9999.0 -9999.0 -9999.0 -9999.0 -9999.0 -9999.0 -9999.0 -9999.0 -9999.0
-9999.0 -9999.0 -9999.0 -9999.0 -9999.0 -9999.0 -9999.0 -9999.0 -9999.0 -9999.0 -9999.0 -9999.0 -9999.0 -9999.0 0.9170564350247621 0.9170564344718753 -9999.0 -9999.0 -9999.0 -9999.0 0.42027702561159674 0.5961128171879002 0.40149379336323177 0.9163909833839973 0.9096910232229507 -9999.0 0.9224395144401505 0.9034721485777021 0.8973599811265592 0.9169733382412422 0.9170564343181019 0.9170564280311393 0.917056435682141 0.9170564353746412 0.9172770793185003 0.9217212714363556 0.20387868341341328 0.9184286394436045 0.4094460181091023 0.4757367495879831 0.9222884804950177 0.3303801167054239 0.5136842019814524 0.9174045414373394 -9999.0 -9999.0 -9999.0 -9999.0 -9999.0 -9999.0 -9999.0 -9999.0 -9999.0 -9999.0 -9999.0 -9999.0 -9999.0 -9999.0 -9999.0 -9999.0 -9999.0
-9999.0 -9999.0 -9999.0 -9999.0 -9999.0 -9999.0 -9999.0 -9999.0 -9999.0 -9999.0 -9999.0 -9999.0 -9999.0 -9999.0 0.9170564354865105 -9999.0 -9999.0 -9999.0 -9999.0 -9999.0 -9999.0 0.09628883988840198 0.537073269880798 0.47621321972099057 0.9172982381789386 0.91310891159923 0.9222566715888237 0.2297493237868266 0.9045249566420748 0.9082743512982321 0.9026724676063922 0.9170186842697085 0.9170564350658472 -9999.0 0.9156719397355924 0.9156982178873576 0.9146609079875282 0.18671025736165317 0.9167071666556051 0.9159227674835078 0.29304359203455854 0.3456966831776085 0.42764419336347886 -9999.0 -9999.0 -9999.0 -9999.0 -9999.0 -9999.0 -9999.0 -9999.0 -9999.0 -9999.0 -9999.0 -9999.0 -9999.0 -9999.0 -9999.0 -9999.0 -9999.0 -9999.0
-9999.0 -9999.0 -9999.0 -9999.0 -9999.0 -9999.0 -9999.0 -9999.0 -9999.0 -9999.0 -9999.0 -9999.0 -9999.0 -9999.0 -9999.0 -9999.0 -9999.0 0.9170564348586939 -9999.0 -9999.0 -9999.0 -9999.0 -9999.0 0.5721425780674154 0.9172139000373656 0.9097872941261768 0.8980704103605559 0.9168851424703334 0.9087887948669813 0.9037878207538255 0.9058528472051675 0.8990805977476921 0.9182675262101387 0.9222884804950175 0.9222884804950175 0.9222884804950177 0.9146418416144223 0.914896547068828 0.920422583462224 0.34031166771038623 0.9200595931097504 0.3858514649207185 0.3563292481502471 -9999.0 -9999.0 -9999.0 -9999.0 -9999.0 -9999.0 -9999.0 -9999.0 -9999.0 -9999.0 -9999.0 -9999.0 -9999.0 -9999.0 -9999.0 -9999.0 -9999.0 -9999.0
-9999.0 -9999.0 -9999.0 -9999.0 -9999.0 -9999.0 -9999.0 -9999.0 -9999.0 -9999.0 -9999.0 -9999.0 -9999.0 -9999.0 -9999.0 -9999.0 -9999.0 0.9160157652392658 0.917056434887108 -9999.0 -9999.0 -9999.0 -9999.0 -9999.0 0.43958716446413937 0.9179041758647352 0.9141933200176322 0.8983661924321777 0.9179648832668281 0.9134865742567824 0.9088441432450206 0.9117451625814739 0.9004686037908195 0.9147710104212787 0.8749918645253475 0.9083503933650006 0.9157063705453174 0.9228089199564368 0.8957865347806819 0.9154076184602379 0.2804375008064555 0.917996197037617 0.9172318712277948 -9999.0 -9999.0 -9999.0 -9999.0 -9999.0 -9999.0 -9999.0 -9999.0 -9999.0 -9999.0 -9999.0 -9999.0 -9999.0 -9999.0 -9999.0 -9999.0 -9999.0 -9999.0
-9999.0 -9999.0 -9999.0 -9999.0 -9999.0 -9999.0 -9999.0 -9999.0 -9999.0 -9999.0 -9999.0 -9999.0 -9999.0 -9999.0 -9999.0 -9999.0 -9999.0 0.9170564350042092 0.9220401000919132 0.9221885797213504 -9999.0 -9999.0 -9999.0 -9999.0 0.9152839991441548 0.41977700094303494 0.9157324141697575 0.9101063386020267 0.8847809101428411 0.9111276600161724 0.8999284465894695 0.9105524878229636 0.9129179895268714 0.9129139902531316 0.8768747055886064 0.8904406506232855 0.9208693017578915 0.9278647269881907 0.9153633530068099 0.9169610707064624 0.9185331585098704 0.9223910321641188 0.9222679461536669 -9999.0 -9999.0 -9999.0 -9999.0 -9999.0 -9999.0 -9999.0 -9999.0 -9999.0 -9999.0 -9999.0 -9999.0 -9999.0 -9999.0 -9999.0 -9999.0 -9999.0 -9999.0
-9999.0 -9999.0 -9999.0 -9999.0 -9999.0 -9999.0 -9999.0 -9999.0 -9999.0 -9999.0 -9999.0 -9999.0 -9999.0 -9999.0 -9999.0 -9999.0 -9999.0 -9999.0 0.9222063276669434 -9999.0 -9999.0 -9999.0 -9999.0 -9999.0 -9999.0 -9999.0 0.42315084019936045 0.9163293845295888 0.9192642836678963 0.2780597117742752 0.15971180816123234 0.9063542714131356 0.9103479160023972 0.9086423672795305 0.9150915152852053 0.9192382339528384 0.9161399202238065 0.92268698380749 0.920446431014214 0.9158918907985135 0.5046632801133699 0.4755511659555081 0.514662147257206 -9999.0 -9999.0 -9999.0 -9999.0 -9999.0 -9999.0 -9999.0 -9999.0 -9999.0 -9999.0 -9999.0 -9999.0 -9999.0 -9999.0 -9999.0 -9999.0 -9999.0 -9999.0
