critload/trunk/output/1999/frnfe_ag.asc
ncols 720
nrows 360
xllcorner -180.0
yllcorner -90.0
cellsize 0.5
NODATA_value -9999.0
[rows 162 to 188 of 360, columns 183 to 243 of 720]
-9999.0 -9999.0 -9999.0 -9999.0 -9999.0 -9999.0 -9999.0 -9999.0 -9999.0 0.3296961390693954 0.5679396237392693 0.18855160819425215 0.3599803350775186 0.01938806100780214 0.0001 0.3730116981138416 0.27020767000849305 0.20410451722564016 -9999.0 0.0667042417844084 0.06509173217313738 0.17424102665913968 0.0001 0.333854927683238 0.33205050587419677 0.4077175656575367 0.2792452806066556 0.14977205510973216 0.12649763633448863 0.23045790239726044 0.0686413285118892 0.18504590485554775 0.235111379007593 0.31735392208620333 0.30154592928681406 0.05382425858689568 0.22333215368846138 0.18308974964195937 0.15274792865958123 0.11738412149132159 0.08383605029584011 0.09885216606132514 0.39407500407630963 0.03368800354762037 0.09506637705981685 0.10125202331281123 0.08380725295291239 0.11411262329728257 0.12262771546131143 0.10782127059970588 0.0483150788282781 0.0396959753595411 0.09728969245120934 0.09899633640549897 0.0001 0.0001 0.0001 -9999.0 -9999.0 -9999.0 -9999.0
-9999.0 -9999.0 -9999.0 -9999.0 -9999.0 -9999.0 -9999.0 -9999.0 -9999.0 0.0001 0.4160545946690872 0.1585302425904093 0.12231635423243585 0.09407417456193165 0.16037858277181538 0.18136293311454768 0.17710509568601 0.0001 -9999.0 0.0001 0.026715514628590134 0.22104411871492233 0.2590609346215066 0.27862637152296316 0.37721938168180663 0.34023260310086173 0.26827191459309774 0.24551576151889096 0.09316280610619336 0.2748298856771245 0.17378884160249025 0.165817234327303 0.29552322944560133 0.1156072390294789 0.16807659687826979 0.25000880352787036 0.11288728413938738 0.12269351546973777 0.13994480110125604 0.08481574795737114 0.08892748535573898 0.08336710087047194 0.07408004124912072 0.0018994331589930508 0.002427062245683422 0.0012898426678508333 0.06775904166831856 0.10261605736988227 0.10145873247745321 0.0821186368380732 0.01997595654437377 0.07087535326800891 0.173080683063388 0.17052079725648522 0.0001 0.0001 0.0001 0.5018305613923161 0.5717218508796225 -9999.0 -9999.0
-9999.0 -9999.0 -9999.0 -9999.0 -9999.0 -9999.0 -9999.0 -9999.0 -9999.0 -9999.0 -9999.0 -9999.0 -9999.0 0.0001 0.09692931400697034 0.571370197881798 0.29935822376465 -9999.0 -9999.0 -9999.0 0.0001 0.0001 0.04123140116934821 0.24875813064742072 0.10832023566663085 0.31257739396254497 0.29602319927158155 0.10656133380137749 0.10669739719731222 0.31774892268040433 0.16619604108255837 0.10456451967528159 0.28324873572846865 0.27472473429935945 0.2160607397310034 0.13211843794871853 0.09298965468730491 0.06529438289892205 0.10254294314909145 0.04913230635718554 0.06821766548316109 0.1017733791924515 0.025920313763327166 0.040385169279726255 0.07581587652247937 0.018836633083516626 0.006262904008270588 0.008501549882865608 0.028175418522461023 0.06237016524217219 0.0020802565962131357 0.0020180584875851963 0.11843476935095712 0.19011899336729782 0.0001 0.0001 0.3976145579066647 0.06725044636198103 0.19845532543900501 0.5817916229072186 -9999.0
-9999.0 -9999.0 -9999.0 -9999.0 -9999.0 -9999.0 -9999.0 -9999.0 -9999.0 -9999.0 -9999.0 -9999.0 -9999.0 0.0001 -9999.0 0.2903267676029232 0.49836191180156697 -9999.0 -9999.0 -9999.0 0.0001 0.0001 0.10369449493958766 0.23440355674347418 0.06393153441531471 0.07764358380230736 0.09680099195197266 0.08117834335529196 0.012440581227879227 0.1679382063017562 0.220751215241541 0.006774755885725721 0.027048278560397206 0.22729645978086058 0.2156652108608121 0.06184515292954399 0.08056410540883294 0.055087148877382246 0.06566442689522416 0.04844060038185204 0.048093949259219455 0.05270860115954497 0.02685600541837427 0.005434031649739505 0.011916338190522643 0.05879401038527873 0.04030849654432188 0.0001 0.0001 0.08078613238054494 0.017459011517065453 0.14856078433045802 0.10385372233774781 0.14506896076165032 0.20240786413406497 0.0001 0.0001 0.0001 0.2641596950907044 0.8394185827257554 -9999.0
-9999.0 -9999.0 -9999.0 -9999.0 -9999.0 -9999.0 -9999.0 -9999.0 -9999.0 -9999.0 -9999.0 -9999.0 -9999.0 -9999.0 -9999.0 -9999.0 -9999.0 -9999.0 -9999.0 -9999.0 -9999.0 0.0001 0.0001 0.001148745580984259 0.0865158302978611 0.11833774889247649 0.3201961179545586 0.09997583555223798 0.22384918246719326 0.15849061170286757 0.22610248720859916 0.05560242824453938 0.016713791334443156 0.3023753389731515 0.28746407831102955 0.06149837018018017 0.018856531519682394 0.0003818548830046044 0.0001 0.0001 0.00025069151865857197 0.0001 0.0025675656179678236 0.0001 0.0001 0.03524305052817739 0.0001 0.0001 0.0001 0.012627285403891967 0.2094508851576382 0.0001 0.0001 0.0001 0.0001 0.0001 0.0001 0.0001 0.0001 0.006289140368399752 0.41861908951135834
-9999.0 -9999.0 -9999.0 -9999.0 -9999.0 -9999.0 -9999.0 -9999.0 -9999.0 -9999.0 -9999.0 -9999.0 -9999.0 -9999.0 -9999.0 -9999.0 -9999.0 -9999.0 -9999.0 -9999.0 -9999.0 -9999.0 0.0001 0.000780210400626742 0.055322955701790986 0.22431073672341031 0.0027237123579231023 0.1457957079106942 0.1465214938161193 0.20895344371172878 0.317422998346491 0.08082486728442166 0.043310463912312844 0.12787427984201064 0.05245398768763818 0.0040095632584933585 0.0001 0.0001 0.0001 0.040158752411661426 0.04110863132431248 0.001920907533645698 0.0019202232855567891 0.0001 0.0001 0.0001 0.0001 0.0001 0.0001 0.0001 0.009710653667355056 0.0001 0.0001 0.0001 0.0001 0.0001 0.0001 0.0001 0.0001 0.22785914714880973 0.6693193286540617
-9999.0 -9999.0 -9999.0 -9999.0 -9999.0 -9999.0 -9999.0 -9999.0 -9999.0 -9999.0 -9999.0 -9999.0 -9999.0 -9999.0 -9999.0 -9999.0 -9999.0 -9999.0 -9999.0 -9999.0 -9999.0 -9999.0 0.0001 0.0001 0.01147107642863814 0.21319665426310933 0.26386426724487305 0.1503973408747077 0.14898152117648972 0.23110150330188853 0.22741564606406076 0.1075412376912667 0.2270593008236125 0.12444414220971861 0.0412102615271614 0.00025060073210195785 0.0002285326060565954 0.0001 0.0001 0.0001 0.0001 0.0019028015105625863 0.016499493543365155 0.0001 0.0001 0.04875219248858661 0.0001 0.0001 0.0001 0.0001 0.0001 0.0001 0.0001 0.0001 0.014762425853504142 0.0001 0.0001 0.0001 0.0001 0.11016755569001348 0.732206803920237
-9999.0 -9999.0 -9999.0 -9999.0 -9999.0 -9999.0 -9999.0 -9999.0 -9999.0 -9999.0 -9999.0 -9999.0 -9999.0 -9999.0 -9999.0 -9999.0 -9999.0 -9999.0 -9999.0 -9999.0 -9999.0 -9999.0 0.0001 0.0001 0.013050864062894765 0.09853686082798825 0.10490480039132025 0.2714837938380686 0.19561448814008278 0.2013819194734071 0.2113863032769098 0.24425359449399084 0.23512125473156736 0.0831816733668387 0.004632180290866594 0.0001 0.0001 0.0001 0.0001 0.0001 0.0001 0.015825665280896135 0.0001 0.0001 0.0001 0.0001 0.0001 0.0001 0.0001 0.0001 0.0001 0.0001 0.0001 0.0001 0.0001 0.09304637483889464 0.5879617221951263 0.0001 0.0001 0.0001 0.7979220731045844
-9999.0 -9999.0 -9999.0 -9999.0 -9999.0 -9999.0 -9999.0 -9999.0 -9999.0 -9999.0 -9999.0 -9999.0 -9999.0 -9999.0 -9999.0 -9999.0 -9999.0 -9999.0 -9999.0 -9999.0 -9999.0 -9999.0 0.0001 0.0001 0.3267829920515399 0.38170973878072334 0.12962978020141258 0.3108682897161805 0.2191953941958179 0.21878305966022402 0.3534689333463144 0.2008913261388647 0.07676336501144727 0.0001 0.014390725914627693 0.0001 0.0001 0.0001 0.0001 0.0001 0.0001 0.0001 0.0001 0.0001 0.0001 0.0001 0.0001 0.0001 0.0001 0.0001 0.0001 0.0001 0.0001 0.013725677569200852 0.037016415585732675 0.027457956262359813 0.05669586742840381 0.6492599260317341 0.0001 0.0001 0.0001
-9999.0 -9999.0 -9999.0 -9999.0 -9999.0 -9999.0 -9999.0 -9999.0 -9999.0 -9999.0 -9999.0 -9999.0 -9999.0 -9999.0 -9999.0 -9999.0 -9999.0 -9999.0 -9999.0 -9999.0 -9999.0 -9999.0 0.15460023383551452 0.03303582535204739 0.37247376437898977 0.2176440383410414 0.38757390050574864 0.3400358032946513 0.15214927854852278 0.20991348438428004 0.3591912945329058 0.27643879595132315 0.14254036205373097 0.0033400013777196923 0.0001 0.0001 0.0001 0.006621289717060136 0.0001 0.0001 0.0001 0.0001 0.0001 0.0001 0.0001 0.0001 0.0001 0.0001 0.0001 0.0001 0.0001 0.0001 0.0001 0.0001 0.07162445851163542 0.024511736592644006 0.0546717824547627 0.0949903453057222 0.0001 0.0001 0.0001
-9999.0 -9999.0 -9999.0 -9999.0 -9999.0 -9999.0 -9999.0 -9999.0 -9999.0 -9999.0 -9999.0 -9999.0 -9999.0 -9999.0 -9999.0 -9999.0 -9999.0 -9999.0 -9999.0 -9999.0 -9999.0 -9999.0 0.24645133568577296 0.28202290983299516 0.40193295104210863 0.11556059839733583 0.280509756697873 0.28216423446119504 0.03000259335680629 0.3946383646202822 0.29707762810603194 0.016035153884542127 0.022557773342729036 0.0001 0.0001 0.0001 0.0001 0.0001 0.0001 0.0001 0.0001 0.0001 0.0001 0.0001 0.0001 0.0001 0.0001 0.0001 0.0001 0.0001 0.0001 0.0001 0.0001 0.09325788140652444 0.1448676192068703 0.044788118691033635 0.058164788434896815 0.08355745404089329 0.7933045300073414 0.0001 0.0001
-9999.0 -9999.0 -9999.0 -9999.0 -9999.0 -9999.0 -9999.0 -9999.0 -9999.0 -9999.0 -9999.0 -9999.0 -9999.0 -9999.0 -9999.0 -9999.0 -9999.0 -9999.0 -9999.0 -9999.0 -9999.0 0.0001 0.015699637518957713 0.3457719743227206 0.37661716600410144 0.09666705949719609 0.2104707534858767 0.14535470953259455 0.2653724509371028 0.36751258509354384 0.10135151794629423 0.0001 0.0001 0.0001 0.0001 0.0001 0.0001 0.0001 0.0001 0.0001 0.0001 0.0001 0.0001 0.0001 0.0001 0.0001 0.0001 0.0001 0.0001 0.0001 0.0001 0.0001 0.0001 0.0001 0.1546012318928776 0.07123464723471039 0.04598645016785 0.6880758124189895 0.0001 0.0001 0.0001
-9999.0 -9999.0 -9999.0 -9999.0 -9999.0 -9999.0 -9999.0 -9999.0 -9999.0 -9999.0 -9999.0 -9999.0 -9999.0 -9999.0 -9999.0 -9999.0 -9999.0 -9999.0 -9999.0 -9999.0 0.0001 0.05920200793070639 0.06584800550151514 0.23330938782421537 0.1903801464745245 0.10097585443278903 0.29537398654704256 0.0989046935526715 0.33160802160191966 0.44579296370539223 0.20378789114863602 0.08521989102689005 0.007217832941164516 0.0001 0.0001 0.0001 0.0001 0.0001 0.0001 0.0001 0.0001 0.0001 0.0001 0.0001 0.0001 0.0001 0.0001 0.0001 0.5712545625553499 0.0001 0.0001 0.0001 0.0001 0.39595825836483417 0.10080053514026817 0.05212483598974099 0.1292517935923763 0.546533706255985 0.6025164625773571 0.0001 0.0001
-9999.0 -9999.0 -9999.0 -9999.0 -9999.0 -9999.0 -9999.0 -9999.0 -9999.0 -9999.0 -9999.0 -9999.0 -9999.0 -9999.0 -9999.0 -9999.0 -9999.0 -9999.0 -9999.0 0.015504214704186323 0.016034527318607206 0.022563833620249038 0.1923716106335596 0.2660632488245293 0.07457461653760833 0.15946636991484867 0.025369067804415512 0.3805708168357045 0.3493532890848329 0.1768906277385972 0.0001 0.49542817660470034 0.33774163250954814 0.0001 0.0001 0.0001 0.0001 0.0001 0.0001 0.0001 0.0001 0.0001 0.0001 0.0001 0.0001 0.0001 0.0001 0.0001 0.0001 0.0001 0.0001 0.0001 0.0001 0.0001 0.10926027375671754 0.2870317478754918 0.08488178024724641 0.3268156814048982 0.5674155919187993 0.0001 0.0001
-9999.0 -9999.0 -9999.0 -9999.0 -9999.0 -9999.0 -9999.0 -9999.0 -9999.0 -9999.0 -9999.0 -9999.0 -9999.0 -9999.0 -9999.0 -9999.0 -9999.0 -9999.0 -9999.0 0.12209415195845759 0.008608457982963919 0.10699545217385577 0.24176062332724949 0.14952744773006577 0.030608094807597484 0.12826321592925857 0.35580837375598867 0.3927822674524216 0.03772785332419822 0.0001 0.0001 0.4572812719172 0.0001 0.0001 0.0001 0.0001 0.0001 0.0001 0.0001 0.0001 0.0001 0.0001 0.0001 0.0001 0.0001 0.0001 0.0001 0.0001 0.0001 0.0001 0.0001 0.0001 0.0001 0.0001 0.31669680388891824 0.0001 0.0001 0.0001 0.0001 0.0001 0.0001
-9999.0 -9999.0 -9999.0 -9999.0 -9999.0 -9999.0 -9999.0 -9999.0 -9999.0 -9999.0 -9999.0 -9999.0 -9999.0 -9999.0 -9999.0 -9999.0 -9999.0 -9999.0 0.4610991689430901 0.11802802152274562 0.07976253960292135 0.2328324792689556 0.2750252078219429 0.042981827138220324 0.18658957246700497 0.3550827262260903 0.42685830825386334 0.37180088270968614 0.05087717709621171 0.0001 0.0001 0.0001 0.0001 0.3987420762417172 0.0001 0.0001 0.0001 0.0001 0.0001 0.0001 0.0001 0.0001 0.0001 0.0001 0.0001 0.0001 0.0001 0.0001 0.0001 0.0001 0.0001 0.0001 0.44250673033185667 0.0001 0.18291637422443519 0.0001 0.0001 0.0001 0.0001 0.0001 0.0001
-9999.0 -9999.0 -9999.0 -9999.0 -9999.0 -9999.0 -9999.0 -9999.0 -9999.0 -9999.0 -9999.0 -9999.0 -9999.0 -9999.0 -9999.0 -9999.0 0.1279528511057289 0.30225370630210663 0.29432527565173017 0.07066933984925922 0.1341352763504461 0.089756556932612 0.009197204626209128 0.33329186038824654 0.2739448457199791 0.4315601803874865 0.29466347689243694 0.1481198459946551 0.0719840602226498 0.0001 0.0001 0.0001 0.0001 0.0001 0.0001 0.0001 0.0001 0.0001 0.0001 0.0001 0.0001 0.0001 0.0001 0.0001 0.0001 0.0001 0.0001 0.0001 0.0001 0.0001 0.0001 0.0001 0.0001 0.0001 0.0001 0.0001 0.0001 0.12904334649284652 0.0001 0.0001 0.0001
-9999.0 -9999.0 -9999.0 -9999.0 -9999.0 -9999.0 -9999.0 -9999.0 -9999.0 -9999.0 -9999.0 -9999.0 -9999.0 -9999.0 -9999.0 -9999.0 0.11719784569487071 0.3750873802555855 0.2905674585757732 0.18546256599398686 0.27829646177761974 0.09135032060979982 0.10250900147932149 0.2655004922196336 0.1356703858010673 0.08751119254082626 0.08895245808283533 0.0001 0.0001 0.0001 0.0001 0.0001 0.0001 0.0001 0.0001 0.0001 0.0001 0.0001 0.0001 0.0001 0.0001 0.0001 0.0001 0.0001 0.0001 0.0001 0.0001 0.0001 0.0001 0.0001 0.0001 0.0001 0.0001 0.0001 0.0001 0.0001 0.0001 0.0001 0.0001 0.0001 0.0001
-9999.0 -9999.0 -9999.0 -9999.0 -9999.0 -9999.0 -9999.0 -9999.0 -9999.0 -9999.0 -9999.0 -9999.0 -9999.0 -9999.0 -9999.0 -9999.0 0.4075188547309788 0.4871925499555048 0.15321688416824408 0.24453651356120087 0.2943296759296016 0.07730530878190132 0.239364503704158 0.18705070309957683 0.04182357554021242 0.0001 0.0001 0.31841443510348155 0.0001 0.0001 0.0001 0.0001 0.0001 0.0001 0.0001 0.0001 0.0001 0.0001 0.0001 0.0001 0.0001 0.0001 0.0648162996537352 0.0001 0.0001 0.0001 0.018852367422359365 0.0001 0.0001 0.0001 0.0001 0.0001 0.0001 0.0001 0.0001 0.0001 0.0001 0.0001 0.0001 0.0001 0.0001
-9999.0 -9999.0 -9999.0 -9999.0 -9999.0 -9999.0 -9999.0 -9999.0 -9999.0 -9999.0 -9999.0 -9999.0 -9999.0 -9999.0 -9999.0 0.09473762504641754 0.12403138502884432 0.3790412423370642 0.5070417225412572 0.18132957834188224 0.1450221501290967 0.1124199682753897 0.14789013985476168 0.07079534783028411 0.006318587834018568 0.0001 0.0001 0.0001 0.0001 0.0001 0.0001 0.0001 0.0001 0.0001 0.0001 0.0001 0.0001 0.0001 0.0001 0.0001 0.0001 0.0001 0.0001 0.0001 0.0001 0.0001 0.0001 0.0001 0.0001 0.0001 0.0001 0.0001 0.0001 0.0001 0.0001 0.0001 0.0001 0.0001 0.0001 0.0001 0.0001
-9999.0 -9999.0 -9999.0 -9999.0 -9999.0 -9999.0 -9999.0 -9999.0 -9999.0 -9999.0 -9999.0 -9999.0 -9999.0 -9999.0 -9999.0 0.23508971427425265 0.105819178466066 0.13366231100614043 0.4782698577118808 0.3082176115684261 0.3239741229909415 0.13559172018004648 0.0001 0.0001 0.0001 0.0001 0.0001 0.0001 0.0001 0.0001 0.0001 0.0001 0.0001 0.0001 0.0001 0.0001 0.0001 0.0001 0.0001 0.0001 0.0001 0.0001 0.0001 0.0001 0.0001 0.0001 0.0001 0.0001 0.0001 0.0001 0.0001 0.0001 0.0001 0.0001 0.0001 0.0001 0.0001 0.0001 0.0001 0.0001 0.0001
-9999.0 -9999.0 -9999.0 -9999.0 -9999.0 -9999.0 -9999.0 -9999.0 -9999.0 -9999.0 -9999.0 -9999.0 -9999.0 -9999.0 -9999.0 0.1702965595052748 0.15639178625632752 0.14961440574985793 0.3731736367391753 0.14507344098954336 0.057943794816457214 0.06631100728071683 0.0001 0.0001 0.0001 0.0001 0.0001 0.0001 0.0001 0.0001 0.0001 0.0001 0.0001 0.0001 0.0001 0.0001 0.0001 0.0001 0.0001 0.0001 0.0001 0.0001 0.0001 0.0001 0.0001 0.0001 0.0001 0.0001 0.0001 0.0001 0.0001 0.0001 0.0001 0.0001 0.0001 0.0001 0.0001 0.0001 0.0001 0.0001 0.0001
-9999.0 -9999.0 -9999.0 -9999.0 -9999.0 -9999.0 -9999.0 -9999.0 -9999.0 -9999.0 -9999.0 -9999.0 -9999.0 -9999.0 -9999.0 0.12873482718966284 0.1636669658629573 0.11226129253797637 0.19100273210712526 0.10054384710053865 0.0423917860282402 0.05171527693348897 0.0001 0.0001 0.0001 0.0001 0.0001 0.0001 0.0001 0.0001 0.0001 0.0001 0.0001 0.0001 0.0001 0.0001 0.0001 0.0001 0.0001 0.0001 0.0001 0.0001 0.0001 0.0001 0.0001 0.0001 0.0001 0.0001 0.0001 0.0001 0.0001 0.0001 0.0001 0.0001 0.0001 0.0001 0.0001 0.0001 0.0001 0.0001 0.0001
-9999.0 -9999.0 -9999.0 -9999.0 -9999.0 -9999.0 -9999.0 -9999.0 -9999.0 -9999.0 -9999.0 -9999.0 -9999.0 -9999.0 -9999.0 -9999.0 0.13182543752184728 0.3522994913984015 0.13760814471538554 0.07703352347444624 0.14124354782257487 0.018213052560402856 0.0001 0.0893571923979312 0.0001 0.0001 0.0001 0.0001 0.0001 0.0001 0.0001 0.0001 0.0001 0.0001 0.0001 0.0001 0.0001 0.0001 0.0001 0.0001 0.0001 0.0001 0.0001 0.0001 0.05806925368040355 0.0001 0.0001 0.0001 0.0001 0.0001 0.0001 0.0001 0.0001 0.0001 0.0001 0.0001 0.18400782926036957 0.0001 0.0001 0.0001 0.0001
-9999.0 -9999.0 -9999.0 -9999.0 -9999.0 -9999.0 -9999.0 -9999.0 -9999.0 -9999.0 -9999.0 -9999.0 -9999.0 -9999.0 -9999.0 -9999.0 0.22730689972572374 0.34888690032151837 0.10956671961356772 0.14898528315399934 0.11570918067837568 0.0001 0.0001 0.0975502195936079 0.0001 0.0001 0.0001 0.0001 0.0001 0.0001 0.0001 0.0001 0.0001 0.0001 0.0001 0.0001 0.0001 0.0001 0.0001 0.0001 0.0001 0.011657150877030106 0.0001 0.0001 0.0001 0.0001 0.0001 0.0001 0.0001 0.0001 0.0001 0.0001 0.0001 0.0001 0.0001 0.08787056937886244 0.08226736023919647 0.05918576142432762 0.0001 0.021120452397115876 0.0809411072766331
-9999.0 -9999.0 -9999.0 -9999.0 -9999.0 -9999.0 -9999.0 -9999.0 -9999.0 -9999.0 -9999.0 -9999.0 -9999.0 -9999.0 -9999.0 0.21081926119115288 0.5438886792097254 0.09476708977226515 0.1823320230793043 0.009642304882592339 0.2511220151331227 0.0001 0.0001 0.0001 0.0001 0.0001 0.0001 0.0001 0.0001 0.0001 0.31944532433050926 0.0001 0.0001 0.0001 0.0001 0.08925937548398503 0.0001 0.0001 0.0001 0.0001 0.0001 0.0001 0.0001 0.0001 0.0001 0.0001 0.0001 0.0001 0.0001 0.0001 0.0001 0.0001 0.0001 0.0001 0.0001 0.0001 0.029830811507035187 0.0001 0.045895712721383826 0.0001 0.0001
-9999.0 -9999.0 -9999.0 -9999.0 -9999.0 -9999.0 -9999.0 -9999.0 -9999.0 -9999.0 -9999.0 -9999.0 -9999.0 -9999.0 0.0001 0.0003496093098018391 0.09161226309726019 0.15220639088726834 0.211671513337094 0.03285484086854409 0.12079996916513368 0.0001 0.0001 0.0001 0.0001 0.0001 0.0001 0.0001 0.0001 0.0001 0.1971704721874503 0.0001 0.0001 0.0001 0.0001 0.0001 0.05910742935089584 0.06274869463267002 0.0001 0.0001 0.0001 0.0001 0.0001 0.0001 0.0001 0.0001 0.0001 0.0001 0.0001 0.0001 0.08442312959973142 0.0001 0.0001 0.0001 0.0001 0.0001 0.0001 0.040746239406370705 0.0001 0.0001 0.0001
