critload/trunk/output/1999/frnfe_agri.asc
ncols 720
nrows 360
xllcorner -180.0
yllcorner -90.0
cellsize 0.5
NODATA_value -9999.0
[rows 54 to 80 of 360, columns 366 to 426 of 720]
-9999.0 -9999.0 -9999.0 -9999.0 -9999.0 -9999.0 -9999.0 0.529686222422718 0.5301882175921203 -9999.0 -9999.0 -9999.0 -9999.0 -9999.0 -9999.0 -9999.0 -9999.0 -9999.0 -9999.0 -9999.0 -9999.0 -9999.0 -9999.0 -9999.0 -9999.0 -9999.0 -9999.0 -9999.0 0.4647828511656956 0.461941743050658 -9999.0 -9999.0 -9999.0 -9999.0 -9999.0 -9999.0 0.5748955040112061 0.5650630263383198 0.5498686437060373 0.5599685223110306 0.5750117147810843 0.5640428087991531 0.6012288256895985 -9999.0 -9999.0 0.5976078245968083 0.5981136827382166 -9999.0 -9999.0 0.5841546853626199 0.6012288256895985 0.5972563416566027 0.5667634201565241 0.5841294453483343 0.5998425164491328 0.5994596770939503 0.5986488487879219 -9999.0 -9999.0 -9999.0 -9999.0
-9999.0 -9999.0 -9999.0 -9999.0 -9999.0 0.5296905158184199 0.5295296388114008 -9999.0 -9999.0 -9999.0 -9999.0 -9999.0 -9999.0 -9999.0 -9999.0 -9999.0 -9999.0 -9999.0 -9999.0 -9999.0 -9999.0 -9999.0 0.4584011545820794 0.45627726674723895 -9999.0 -9999.0 -9999.0 -9999.0 0.46514000913462733 0.45627726674723906 -9999.0 -9999.0 -9999.0 -9999.0 -9999.0 -9999.0 0.5778274646482426 0.5637520810289207 0.5556247787324977 0.5573382083800639 -9999.0 0.5958594791502096 -9999.0 0.5956917673060923 -9999.0 0.6003943543207937 -9999.0 0.5993777003827393 0.597953518008627 0.5918505499180469 -9999.0 0.5987180465791443 0.6012288256895985 -9999.0 0.5996881329082606 0.596123088054931 -9999.0 -9999.0 -9999.0 -9999.0 -9999.0
-9999.0 -9999.0 -9999.0 0.5297248921584421 0.5302947369705314 0.5298414784617791 -9999.0 -9999.0 -9999.0 -9999.0 -9999.0 -9999.0 -9999.0 -9999.0 -9999.0 -9999.0 0.5297248921584421 -9999.0 0.45627726674723906 -9999.0 0.456277266747239 -9999.0 -9999.0 -9999.0 -9999.0 -9999.0 -9999.0 0.46100942795695116 0.46219077654719826 -9999.0 -9999.0 -9999.0 -9999.0 -9999.0 -9999.0 -9999.0 0.6012288256895985 0.575346944059921 0.5995874049053588 0.579440225331687 0.5699843232683927 0.6012288256895983 0.5673716695562195 -9999.0 0.5826846579560845 0.5987583552178716 0.5971559976822063 0.5959589493728301 0.5959967324293804 0.5965238485873186 0.5950385020410598 0.6012288256895985 0.5945923410145636 0.57972147680734 0.9999 0.9999 -9999.0 -9999.0 -9999.0 -9999.0 0.9999
-9999.0 -9999.0 -9999.0 0.5297248921584421 -9999.0 0.5313496092065833 -9999.0 -9999.0 -9999.0 -9999.0 -9999.0 -9999.0 -9999.0 -9999.0 -9999.0 0.5301231628590622 0.5299375790679507 -9999.0 -9999.0 -9999.0 0.456277266747239 0.45627726674723906 0.46855795102775927 -9999.0 -9999.0 -9999.0 0.5445703333606826 0.456277266747239 0.46290829343539536 -9999.0 -9999.0 -9999.0 -9999.0 -9999.0 -9999.0 -9999.0 0.5970825918786273 0.5625525366906399 0.573485382430751 0.5608111633575246 0.5587030281796308 0.57564922982687 0.5670046578550532 0.5750007023681567 0.5735111211983092 0.5714676989320645 0.5991999605725782 0.6012288256895983 0.5977509180778231 0.6012288256895985 0.5881325892982163 0.6012288256895985 0.9999 0.9999 -9999.0 -9999.0 -9999.0 0.9999 0.9999 0.9999 -9999.0
-9999.0 -9999.0 -9999.0 0.5303867798696924 0.5299749158834549 -9999.0 -9999.0 -9999.0 -9999.0 -9999.0 -9999.0 -9999.0 -9999.0 -9999.0 -9999.0 0.5188113012291011 0.5228243574773301 0.5303928258504124 0.5275702276499682 0.456277266747239 0.45627726674723906 -9999.0 0.45627726674723906 0.4677095281435835 -9999.0 0.48188666432528415 0.45627726674723906 0.4583184689526827 0.4659645147499755 0.456277266747239 -9999.0 -9999.0 -9999.0 -9999.0 -9999.0 -9999.0 0.5820251564638507 0.5537261538006545 0.5653489240212882 0.5544413034312663 0.5516345903445514 0.573100094547355 0.5851749199874486 0.5704252932852271 0.5693636441145155 0.5692905447235447 0.5670915343344755 0.5754504287881306 0.5704060074994095 0.576890553993747 0.9999 0.9999 0.9999 0.0024142975435442067 0.9999 0.9999 -9999.0 -9999.0 -9999.0 0.9999 0.9999
-9999.0 -9999.0 -9999.0 -9999.0 -9999.0 0.5297688555773661 0.5297248921584421 -9999.0 -9999.0 -9999.0 -9999.0 -9999.0 -9999.0 -9999.0 0.5300130526915507 0.5312209382651938 0.532642489709555 0.5335741258223028 0.524619876368594 -9999.0 -9999.0 0.46248786032207057 -9999.0 -9999.0 0.5027497631980539 0.5261572493255277 0.5319669725226777 0.45627726674723906 0.6587441545521737 0.5737874587639258 0.551228199667287 0.45627726674723895 -9999.0 0.582781329794537 0.5821429604858315 -9999.0 -9999.0 0.597858075128412 0.5860957060064922 0.5712611244386835 0.5702749851466493 0.5693316877671003 0.5722719459319348 0.5741998049256525 0.5726505414213243 0.5723293512795049 0.5839848617831985 0.5923390766224409 -9999.0 -9999.0 -9999.0 0.9999 0.9999 0.003368362386538331 0.9999 0.9999 0.0001 0.9999 0.9999 0.9999 0.9999
-9999.0 -9999.0 -9999.0 -9999.0 0.530653867679644 0.5291622344472424 -9999.0 -9999.0 -9999.0 -9999.0 -9999.0 -9999.0 -9999.0 0.5333842938245609 0.5290213324091888 0.5328658756777791 0.5307878367002161 0.5319586056740869 0.5268894676036915 0.5119706075936618 0.4685209369894478 0.5360860966268749 -9999.0 0.45835272018456763 0.521306385117171 0.5715995132915322 0.6201081487716963 0.599710561962114 0.6400526624784104 0.5732230409450638 0.5908848473247977 0.5688711129489264 -9999.0 -9999.0 -9999.0 -9999.0 -9999.0 -9999.0 -9999.0 0.5947902272320891 0.5957548741638261 0.5823681284956067 -9999.0 -9999.0 -9999.0 -9999.0 0.6583548593752847 -9999.0 -9999.0 -9999.0 -9999.0 0.9999 0.9999 0.9999 0.3218311032562763 0.9999 0.006183184157126596 0.9999 0.9999 0.9999 0.9999
-9999.0 -9999.0 -9999.0 -9999.0 0.5327137772465361 0.5305142613477027 0.5297185522771337 -9999.0 -9999.0 -9999.0 0.5297248921584421 0.529724892158442 -9999.0 0.5289912241860709 0.5263949664194788 0.5280135507253987 0.5329267929795354 0.5304303173946329 -9999.0 0.528514417403299 0.5665886627529593 0.5592592642784225 0.5114158141204828 0.6460312356088385 0.6175789150763203 0.6465645892575966 0.5802532405831482 0.578983050307025 0.5535972856928263 0.5082542673617864 0.46586074460779053 0.4610576270195778 -9999.0 -9999.0 -9999.0 -9999.0 -9999.0 -9999.0 -9999.0 -9999.0 0.3363295840379301 0.657843623204942 0.6588901388815133 0.6825145937978783 0.6825145937978783 0.6825145937978783 0.6825145937978784 0.6825145937978784 0.6596238449941231 0.6594351123247147 0.9999 0.9999 0.9999 0.9999 0.9999 0.9999 0.9999 0.9999 0.9999 0.9999 -9999.0
-9999.0 -9999.0 -9999.0 -9999.0 -9999.0 0.5331016640646935 0.533893105712477 0.5294767015379741 0.5298475527276955 0.52943170767533 0.529724892158442 0.5315454068168332 -9999.0 0.5111605807518694 -9999.0 -9999.0 0.6141853367378588 -9999.0 0.7301896062695092 0.7536049952359438 0.6733264643675549 0.6897117692943353 0.6372114502029529 0.5129444205061409 0.6685298294484743 0.5952777119488001 0.6222422277007085 0.5757542010690722 0.5700159374883088 0.5226270543029161 -9999.0 -9999.0 -9999.0 -9999.0 -9999.0 -9999.0 -9999.0 -9999.0 0.6568147154920816 0.6663258446113522 0.6825145937978784 0.6825145937978783 0.6825145937978784 0.6825145937978784 0.6825145937978784 0.6825145937978784 0.6825145937978784 0.6823762087149873 0.6825145937978784 0.012833572944328103 0.9999 0.9999 0.9999 0.9999 0.9999 0.9999 0.9999 0.9999 0.9999 0.9999 0.9999
-9999.0 -9999.0 -9999.0 -9999.0 -9999.0 -9999.0 0.5324927074767497 0.5343056644797222 0.5309893551702686 0.5297248921584421 0.5297356173528153 0.5313179010392767 -9999.0 -9999.0 -9999.0 -9999.0 -9999.0 0.5195744753891389 0.45627726674723906 0.7193641965310635 0.739272427895528 0.6594583307412378 0.6143094709277429 0.7256377610553203 0.7274108459657056 0.6593906855475581 0.6197327651910668 0.5227030377861147 -9999.0 -9999.0 -9999.0 -9999.0 -9999.0 -9999.0 -9999.0 -9999.0 -9999.0 -9999.0 0.6584762547745621 0.6579421548471198 0.6825145937978783 0.6825145937978784 0.6825145937978783 0.6633992132446762 0.6825145937978783 0.6825145937978783 0.6825145937978784 0.6825145937978783 0.6825145937978783 0.9999 0.006727385606422969 -9999.0 0.9999 0.9999 0.9999 0.9999 -9999.0 0.9999 -9999.0 0.9999 0.9999
-9999.0 -9999.0 -9999.0 -9999.0 -9999.0 -9999.0 -9999.0 -9999.0 -9999.0 -9999.0 -9999.0 -9999.0 -9999.0 0.4298362507687606 0.41077821492711664 -9999.0 -9999.0 0.6214420952151046 0.5577857736273515 -9999.0 0.45627726674723906 -9999.0 0.5399496815659519 0.49586267957841773 0.5484713378522156 0.5277760097482355 0.554771817313139 0.4788392616392043 -9999.0 -9999.0 0.6244295480353854 0.5603522598293088 0.5294016115968149 -9999.0 -9999.0 -9999.0 -9999.0 -9999.0 0.7078385122845141 -9999.0 -9999.0 -9999.0 -9999.0 0.7277405912327586 0.7270812220419075 0.7261578136790557 0.6825145937978784 0.6825145937978783 0.6825145937978784 0.09046492289241465 0.16205555695633955 0.05875714555899235 0.9999 0.9999 0.9999 0.9999 0.9999 0.9999 0.9999 0.9999 -9999.0
-9999.0 -9999.0 -9999.0 -9999.0 -9999.0 -9999.0 -9999.0 -9999.0 -9999.0 -9999.0 -9999.0 0.37477609545173624 0.4464538299336166 0.5292632247712794 0.5504870365090014 0.3131537919891402 0.5054678269550391 0.6265495299522982 0.6683603307787637 0.608312312529091 -9999.0 -9999.0 0.5011377080658033 -9999.0 -9999.0 0.5434588615012214 0.5061295753120936 0.562058216706744 0.5788208997322124 -9999.0 0.6384499385478695 0.6020497355117465 -9999.0 -9999.0 -9999.0 -9999.0 0.7279380207409032 0.7271088266891811 0.7245338845472375 0.7245472719535625 -9999.0 -9999.0 0.7280611278742607 0.7280611278742607 0.7280611278742607 0.7263813284544165 0.7280611278742607 0.7271359134394025 0.7265105401770569 0.4098921119553587 0.23579690168916306 0.1278192678603889 0.9999 0.9999 0.9999 0.9999 0.9999 0.9999 0.9999 0.9999 0.9999
-9999.0 -9999.0 -9999.0 -9999.0 -9999.0 -9999.0 -9999.0 -9999.0 -9999.0 -9999.0 0.48509931656429756 0.5457734913571094 0.5081743519234629 0.5462788594008186 0.49700921995638264 -9999.0 -9999.0 -9999.0 0.7724455247657417 0.7025758892591767 0.5824754694900646 0.4991022485928572 0.5071375311257426 0.5375997540596296 0.46389870386705767 0.4791958563222646 0.6261406873640649 0.6055890339804602 -9999.0 -9999.0 0.6110927080044894 -9999.0 -9999.0 -9999.0 -9999.0 -9999.0 0.7270782972476476 0.7268501176566328 0.7270620506944996 0.7265346281620334 0.7269506976498851 0.7272285752141083 0.7272045977592189 0.7268964980085386 0.7268614619655811 0.727071302922054 0.7280611278742607 0.7265417868684464 0.7260695165462573 0.7280218577014552 0.05925424368986771 0.050223446667067316 0.9999 0.9999 0.06941616234863848 0.9999 0.9999 0.9999 0.9999 0.9999 0.07935027543522778
-9999.0 -9999.0 -9999.0 -9999.0 -9999.0 -9999.0 -9999.0 -9999.0 -9999.0 -9999.0 0.5191354468231805 0.5720047394751401 0.5076132627168234 0.5221444128580321 0.5313006721936933 0.4642439496974458 -9999.0 -9999.0 0.42389322370245525 0.7401804961149936 0.6055275955201316 0.5543515382375692 0.64527780861224 0.5722692055497165 0.5417959300967966 0.53601446804717 0.637983061822376 0.6799607567105677 -9999.0 -9999.0 -9999.0 -9999.0 -9999.0 -9999.0 -9999.0 -9999.0 0.7272690180530688 0.9999 0.9999 0.4801849445982722 0.9999 0.5420168840450024 0.5293185526017874 0.5212396916386536 0.7272654072978683 0.7268512859934575 0.7269525139577264 0.7268172974955449 0.7271004867953335 0.7256223418557236 0.9999 0.01378382840882086 0.9999 0.10816797626077258 0.0791043670815344 0.05227966881375542 0.9999 0.9999 0.9999 0.9999 0.9999
-9999.0 -9999.0 -9999.0 -9999.0 -9999.0 -9999.0 -9999.0 -9999.0 -9999.0 -9999.0 0.4309931088053039 0.577268566129709 0.5469123291105389 0.5259175735627935 0.4936123485730511 0.514625238791634 0.4947230727805981 0.5377597435879206 0.47313542203948306 0.6941548759559852 0.752062815688372 0.7095178944475226 0.7259403926663794 -9999.0 -9999.0 -9999.0 -9999.0 -9999.0 -9999.0 -9999.0 -9999.0 -9999.0 -9999.0 -9999.0 -9999.0 -9999.0 0.4911137974158343 0.9999 0.43154314132845883 0.47547864434609555 0.9999 0.508672516601138 0.9999 0.9999 0.4538176760217648 0.4095795187230539 0.9999 0.7231848108899304 0.9999 0.35384284018962464 0.37310727642083164 0.9999 0.9999 0.9999 0.9999 0.9999 0.9999 0.9999 0.004286538155416717 0.10113661123900006 0.9999
-9999.0 -9999.0 -9999.0 -9999.0 -9999.0 -9999.0 -9999.0 -9999.0 -9999.0 -9999.0 0.29976629573130337 0.5257865947722498 0.5759962675505861 0.5112421654784658 0.5368374523819871 0.4985384443668552 0.5576676800948023 0.5414869117246762 0.5561111925397818 0.6883675435888603 0.781020350731166 0.7770465648138196 0.7792997130191074 0.4322425562991145 0.4514517121001754 -9999.0 -9999.0 -9999.0 -9999.0 -9999.0 -9999.0 -9999.0 -9999.0 -9999.0 -9999.0 -9999.0 0.4594683152072363 0.5127233387218008 0.45096034434020726 0.4837674438745754 0.5156613139175175 0.9999 0.9999 0.48516353905606474 0.45949864417792186 0.9999 0.44815032430218726 0.3832238845486616 0.9999 0.41492874466939694 0.9999 0.6703930419167174 0.35847248784549984 0.35898101655214665 0.3659884249625163 0.3553059434907045 0.10901932027188153 0.9999 0.04841829103101986 0.9999 0.9999
-9999.0 -9999.0 -9999.0 -9999.0 -9999.0 -9999.0 -9999.0 -9999.0 -9999.0 -9999.0 0.5580776731416689 0.5889299090408483 0.5074893400965518 0.7028359757258638 0.5138330971120826 0.5502843606087925 0.555021320354366 0.5400488582092683 0.522835421215815 -9999.0 0.5648764317182103 0.5625035186864885 -9999.0 -9999.0 -9999.0 -9999.0 -9999.0 0.5379787516423011 0.5155942528807629 0.9999 0.5280408421066644 -9999.0 -9999.0 0.5038830850793576 0.5058177337032185 0.5312971031285825 0.48569955567804596 0.5484156123265537 0.5375099666153753 0.5529842688799709 0.5271135996134427 0.46728717585176555 0.47102790166705705 0.44051753313600683 0.4417192257748353 0.4417423955141769 0.9999 0.9999 0.9999 0.9999 0.9999 0.9999 0.9999 0.9999 0.37003542686162416 0.36348513338024896 0.13491323404470898 0.13285754475342948 0.14082874317614882 0.2858884754430213 0.11908375162741869
-9999.0 -9999.0 -9999.0 -9999.0 -9999.0 -9999.0 -9999.0 -9999.0 -9999.0 -9999.0 -9999.0 0.6559741217233503 0.5927403030040856 0.5674929479745673 0.6564661996149893 0.696850383324345 0.7400613553226444 0.6422682593287141 0.6868312916578173 0.6981839894331028 0.577642412179434 0.5755371377525771 -9999.0 0.9999 0.5906415268120072 0.6336528692075464 0.5274850511323868 0.9999 0.9999 0.9999 0.5958972469379947 0.6822206503903145 0.7104906745954629 0.619156770372317 0.6233842055849229 0.6801348282096361 0.7207921261386591 0.6757251307584488 0.6786768307225934 0.9999 0.9999 0.9999 0.9999 0.9999 0.4747937335803152 0.9999 0.9999 0.9999 0.9999 0.9999 0.9999 0.9999 0.9999 0.39668695031675194 0.40238225511561415 0.40467313250955 0.3468004954138073 0.23893026802904246 0.2913263168802778 0.15555310799029173 0.9999
-9999.0 -9999.0 -9999.0 -9999.0 -9999.0 -9999.0 -9999.0 -9999.0 0.6654894865198104 0.5224812726198035 0.45936170787710795 0.5689183293979443 0.6133251589549693 0.6026911621564909 0.669701754126085 0.6847577654965126 0.7111259852752005 0.6722580453192675 0.6415811995048374 0.638593698203992 0.6836943027349623 0.6431730633649434 0.527761746544897 0.4421862062618732 0.9999 0.9999 0.9999 0.9999 0.9999 0.9999 0.9999 0.5541426798281983 0.7323798763312426 0.9999 0.9999 0.9999 0.9999 0.9999 0.9999 0.9999 0.9999 0.4351874645478891 0.9999 0.4252535855143178 0.9999 0.9999 0.9999 0.9999 0.41758497165036806 0.42780252649558687 0.9999 0.9999 0.9999 0.9999 0.37434654512210264 0.3825730093503057 0.9999 0.3761210650088994 0.35434158326505144 0.10765076066937541 0.17150203341236073
-9999.0 -9999.0 -9999.0 0.35736054718302723 0.3439390153012219 0.34912701598449125 0.35267010955409545 0.3548412100566141 0.5976294415911388 0.5484877682689772 0.523859314144679 0.5745841951148623 0.6366039101232797 0.6291179925383976 0.6147009582341828 0.6574077286497554 0.6074869058746118 0.6474651373845755 0.6857228212064341 0.5972073675932024 0.5940827184545819 0.7269911363995136 0.6323652422735258 0.5689270751907244 0.9999 0.9999 0.9999 0.4822663763718189 0.6106570661115267 0.5657791075969428 0.5102927388524109 0.49102362973647073 0.7550308934494654 0.6818451227912135 0.6269033878083213 0.9999 0.5100114388146352 0.46740493014613677 0.9999 0.9999 0.9999 0.9999 0.4262643193502639 0.4372319974118461 0.9999 0.9999 0.4579311561120883 0.46615177757795323 0.4564918509395801 0.9999 0.9999 0.9999 0.9999 0.47691443194361327 0.3505148781031992 0.9999 0.9999 0.4130108492193028 0.42663932086461226 0.15551565968406186 0.11381157618303664
-9999.0 -9999.0 -9999.0 0.34614357066370366 -9999.0 0.34580593553940786 0.3501009767658291 0.3479231493829551 0.6514790481336924 0.680922964945772 0.6657797203470256 0.6779377326575656 0.6823903495105712 0.5846357665201969 0.6503088751813746 0.6934827908926764 0.6680070769987076 0.7012710461656427 0.5074927856644462 0.6376286487031518 0.4844972351265827 0.5844787281031396 0.6670686931559212 0.48007067561185807 0.9999 0.48478007804066364 0.44303321324747275 0.5463505398041328 0.7331391242181532 0.7099670384124643 0.6996396096054239 0.6519170051644577 0.4791952310939957 0.598739362627658 0.4775760999887382 0.6230645176250744 0.4917997578477643 0.47868984260665964 0.5127584829570873 0.49584371503444785 0.5758418535991691 0.9999 0.9999 0.42375968698827915 0.9999 0.9999 0.9999 0.9999 0.9999 0.41914379010390584 0.9999 0.9999 0.9999 0.9999 0.36899321013967934 0.4053389199981433 0.9999 0.3098063458254562 0.28404333536425663 0.3171091889543561 0.3649061413688004
-9999.0 -9999.0 0.35534896358363544 0.3533763757044177 0.35106311520801964 0.3545884274075107 0.34096908494485484 0.3517190806956676 0.6768836734583339 0.6431954402573589 0.6750185283528602 0.7129863788539819 0.6957974955310023 0.712257529333093 0.7005248763810855 0.6571606984058808 0.736484747113287 0.6426060423092321 0.5806237326146646 0.5628459749090947 0.48350527957068806 0.7229045680072794 0.643425494418502 0.43134068233190226 0.9999 0.4760313067757151 0.5194854266527359 0.5525677810415406 0.7152390799605439 0.5648129757340244 0.5386755362693124 0.6284980692309388 0.603560044108065 0.5612072850182336 0.5279545611400474 0.9999 0.47817298196422675 0.5399003768319232 0.9999 0.5301692035910678 0.5501296281368483 0.43473351972022245 0.4218439515779507 0.9999 0.42989727273499195 0.40291122786070044 0.40870828327933734 0.38644324952214787 0.36960169780868385 0.3485299555879247 0.9999 0.37133450688941244 0.3470438374844519 0.9999 0.42097201536700435 0.36572110389051077 0.4132084244794031 0.17652520933397617 0.2281452948145656 0.26211647218524653 0.20205539819790264
-9999.0 0.3612466731785075 0.35359606914691755 0.34769844788253673 0.3432071501423722 0.3422367670924904 0.6970166792672475 0.6543186007052096 0.6612824017168761 0.7100488571014798 0.7223501814860472 0.6564730405176945 0.656769902079922 0.671397618707789 0.7260017573841678 0.6920509974969262 0.7107519786692614 0.6252422934815834 0.6389292716746977 0.5679671514832738 0.6631951636188751 0.6724042391990646 0.7983430144185467 0.495926415505239 0.9999 0.49221467874991426 0.5485348873757931 0.5488863454789986 0.5467061345125496 0.5217506344784176 0.6026400417271105 0.5269947794284702 0.4928863642745674 0.5786892610085491 0.567468633252767 0.6864313982084813 0.5095821884039656 0.46622321769740654 0.6806626084433886 0.5588960401010837 0.5366574249631665 0.37535783804151646 0.3641184556182879 0.16280680529941638 0.14768204431933418 0.1042458771115004 0.077493860835688 0.16877638303868991 0.9999 0.9999 0.9999 0.9999 0.9999 0.9999 0.9999 0.14084641615226698 0.22916135816581018 0.2277723893854175 0.19351266457823704 0.14373618501167462 0.1495615097774705
0.0001 0.0001 0.0001 0.0001 0.0001 0.3466944146900088 0.7068847900447642 0.6884315488419713 0.4863945980237748 0.4721359947211059 0.44111115492142466 0.5545721463988029 0.7168675141595336 0.681722222083972 0.7366975064753684 0.7593086586886914 0.6962342073511988 0.670986358754557 0.6706366032117251 0.5782808695190478 0.6733241381417653 0.5159332320654691 0.5398890777853732 0.5948197872174222 0.6256759187303406 0.6248862379299268 0.5866505548923034 0.7815282557242439 0.5589712396076383 0.47511228360122204 0.46224469250439576 0.48085163904060946 0.46576670281189475 0.5728400059353476 0.5612846259056835 0.9999 0.6085248943539416 0.41636985737005705 0.40148330600471027 0.455508236617579 0.5077501384034765 0.0787752722659022 0.20987251462143666 0.24475130742725118 0.16277926829854636 0.12971380885271885 0.17077281652465448 0.14080663644674177 0.9999 0.9999 0.9999 0.1809374299485776 0.14056483449953822 0.13922487657469965 0.10996957775463764 0.09219797825796441 0.21810387422519514 0.22388959854775048 0.21284885489076533 0.21901230156631488 0.2570877292275464
0.0001 0.0001 0.0001 0.0001 0.0001 0.0001 0.6201972684106156 0.7135956785034595 0.5331843035064893 0.4774790505868589 0.48053998312290935 0.6423457030532314 0.6147823905804762 0.5914916104776325 0.6050850256674589 0.7376766662469108 0.650311634296705 0.575845715419555 0.593667172827312 0.5304077127785141 0.5756918540873902 0.5250406642750836 0.4075673938131522 0.3680161955489718 0.9999 0.9999 0.6363475362577815 0.7586639114063126 0.75674464325843 0.5940345414370507 0.48041411885601887 0.520535831966631 0.5388364288753071 0.5162074492886091 0.6210867913836278 0.5345074731343268 0.6001137602492019 0.4885957580229999 0.5621075536161988 0.9999 0.6754574229220824 0.6887485382116759 0.37058149810074487 0.4174744762381509 0.4162268822979513 0.26873947858825864 0.2295264558154738 0.4626145334272643 0.2545659791619798 0.31781583440119365 0.281458428484404 0.3428265935706695 0.25958640629836244 0.20117817919236985 0.10369590628842426 0.15525387885275316 0.2853050252479872 0.36269935691793126 0.3277912858766939 0.35908998478722043 0.3666502805466259
0.7578793126369496 0.6061769273521382 0.0001 0.0001 0.0001 0.0001 0.5097471927663073 0.5452370350664233 0.6861920206964066 0.576659840743187 0.5972629219185975 0.6001539966253546 0.5220231991897348 0.5917582442088228 0.7023824128488966 0.6397817531796237 0.6120874099814481 0.4990863943388248 0.546455670936859 0.9999 0.9999 0.6315291823035774 0.6594878628469169 0.7025944574872672 0.7624150364932842 0.6530194130994241 0.5507049671002275 0.9999 0.9999 0.7513526242304592 0.5981706472600135 0.5114974566651979 0.46556757838387514 0.6339195281293292 0.7192499740862355 0.6948622659528344 0.6496903221728247 0.4417279278222608 0.5753973718977343 0.5910306151453819 0.5172308612229063 0.2421672091947682 0.2163739342809704 0.23191563618246766 0.3524740335363433 0.33801150048177725 0.4611799317974576 0.28194169829002164 0.3796378516807671 0.31467267379168856 0.3815468013886927 0.3931717333371655 0.3612016196303373 0.32717010084185216 0.31757706076932013 0.2418894117212941 0.3540718970563373 0.3644385692072702 0.44145009378425054 0.34262228887331825 0.3346748726339813
0.753953884042505 0.7401280473073975 0.5317143467024087 0.45187912614049947 0.0001 0.0001 0.0001 0.5461180579502007 0.5794355506186736 0.6559634417168735 0.7405704904290861 0.5926979483536222 0.5628985194981173 0.7250552012276431 0.7415760837723814 0.6021146025780941 0.5861329002187341 0.576671067321853 0.4904145814620494 0.9999 0.4745693942322633 0.9999 0.455843432958328 0.743847857344606 0.6269422773832587 0.629916223115677 0.6319006263540972 0.5269261963706587 0.6234338772186607 0.607638114663913 0.589533269152044 0.5959515532256652 0.9999 0.5464258439580101 0.9999 0.6789591091015516 0.9999 0.6286063609330501 0.9999 0.6411408392823937 0.27474824825613364 0.23813195351473684 0.3127334560167459 0.2654658241250471 0.33313388634255686 0.46316339702215953 0.5009544862283623 0.5028102042691283 0.44810798379850836 0.47004206815899835 0.47065853541581054 0.43790741858908516 0.4372860876042655 0.41263897549383893 0.3432611259240906 0.38038601329469546 0.3124421512751611 0.312042923245285 0.38592641849717435 0.303776273903189 0.3609794527926975
