critload/trunk/output/1999/frnfe_agri.asc
ncols 720
nrows 360
xllcorner -180.0
yllcorner -90.0
cellsize 0.5
NODATA_value -9999.0
[rows 189 to 215 of 360, columns 366 to 426 of 720]
-9999.0 -9999.0 -9999.0 -9999.0 -9999.0 -9999.0 -9999.0 -9999.0 -9999.0 -9999.0 -9999.0 -9999.0 -9999.0 -9999.0 -9999.0 -9999.0 -9999.0 0.8897776200375584 0.8842469839601357 0.12728309855671022 0.10480871116996977 0.10487546150276907 0.10482812980925453 0.8869550543342333 0.10480224146919241 0.08631162746426198 0.10515906359231501 0.10498577880896451 0.1042413957966059 0.10383455113718884 0.10336104080976187 0.10364528738803983 0.10503045034776946 0.10459440609954006 0.10465493958034218 0.10482266560891135 0.10481034405488189 0.10479775967891199 0.10470803726538482 0.1049262933925778 0.10463674880992344 0.10487721169528114 0.10479975467113123 0.10490981566312085 0.10470761275640149 0.10471627512781953 0.10492566902840246 0.10507619683339418 0.10572001229759827 -9999.0 0.10574593133520925 0.10556853789670041 -9999.0 0.20852941132423894 0.20989088848398657 -9999.0 0.21012046090390676 0.20876435586220782 0.208784244539611 0.2103300186869934 0.20865975033352638
-9999.0 -9999.0 -9999.0 -9999.0 -9999.0 -9999.0 -9999.0 -9999.0 -9999.0 -9999.0 -9999.0 -9999.0 -9999.0 -9999.0 -9999.0 -9999.0 -9999.0 -9999.0 0.13149780809586822 0.10506732384398501 0.10461318615989218 0.10377345660945951 0.10467349362105845 0.11265450729293035 0.10518198642406427 -9999.0 -9999.0 -9999.0 0.10421834549369001 0.10370574475407013 0.10392810838750277 0.10443821651931781 0.10489426447045541 0.10492804549181106 0.10510205339671312 0.10517827624766467 0.10507442415874631 0.105196109092722 0.10514777211861769 0.1050169276777232 0.10487490497043819 0.10475773583086019 0.10501611540088908 0.10493898682815844 0.10493395500557706 0.10491879217642149 0.10492664660723312 0.10566584927687447 0.10544917967870937 -9999.0 -9999.0 -9999.0 -9999.0 0.20859872315831832 0.20918774859388212 0.20874561765786792 0.20759498259751366 0.2093520090762553 0.20919513805181278 0.2094548199800938 0.20780733568589038
-9999.0 -9999.0 -9999.0 -9999.0 -9999.0 -9999.0 -9999.0 -9999.0 -9999.0 -9999.0 -9999.0 -9999.0 -9999.0 -9999.0 -9999.0 -9999.0 -9999.0 -9999.0 0.1357519352509607 0.10899096707971026 0.103526398562035 0.10305598202997186 0.10253654229397682 0.1431957226641812 0.10543005845448768 -9999.0 0.10356786548014313 0.10306427453225654 0.1042525903422026 0.10477548079703873 0.10418392908612768 0.10351830134031316 0.09985555989335315 0.10515192891857866 0.10511763988563992 0.10507537949445533 0.1053723230847627 0.10562972094789505 0.10551372242343703 0.10569763255639893 0.1053594409890055 0.10499826669639767 0.10511602177133407 0.10493370239692933 0.10493171355838829 0.10491132499265934 0.10508679320273503 0.10509286832206266 0.1050854797734607 0.10514524013234357 0.10540176561307577 0.10562851446781941 0.10567172905781681 0.2032730394616519 0.20751943046347138 0.20517557783521256 0.2103712041459482 0.20878113477549828 0.20881442112375911 0.20860849224757994 0.19089267563730827
-9999.0 -9999.0 -9999.0 -9999.0 -9999.0 -9999.0 -9999.0 -9999.0 -9999.0 -9999.0 -9999.0 -9999.0 -9999.0 -9999.0 -9999.0 -9999.0 -9999.0 -9999.0 0.12743506026304938 0.13565763245655715 0.1322693919657153 0.12962318795008343 0.128087491548561 0.12688988570015386 0.12208920642865731 0.12690256217667392 0.12753805024391762 0.10301630849996313 0.10443606086965158 0.1051772768039868 0.10444718965617109 0.10423659989673016 0.10552492280473749 0.1054626559660925 0.0979555772207565 0.10500788342239067 0.10541801491744542 0.10570385531525782 0.10449936712870087 0.10216057023377859 0.10545061149533924 0.10506723240207223 0.10540895637410398 0.10511287521576952 0.10489341363379122 0.10490398636984885 0.10486073663432516 0.10246677461343591 0.10478843745832161 0.10484028726838454 0.10551565934724251 -9999.0 0.10553985209244895 0.2093974474309545 0.20734018397314116 0.20611876748428185 0.2077676228569345 0.21549703958265198 0.20916887040285065 0.20743049887177073 0.20345440146543087
-9999.0 -9999.0 -9999.0 -9999.0 -9999.0 -9999.0 -9999.0 -9999.0 -9999.0 -9999.0 -9999.0 -9999.0 -9999.0 -9999.0 -9999.0 -9999.0 -9999.0 -9999.0 -9999.0 0.1343122695179019 0.13332564707170985 0.1278124100107386 0.12677530700215725 0.12527600227184585 0.12393838294873233 0.12390368790218768 0.12460732368030254 -9999.0 -9999.0 -9999.0 -9999.0 0.10368983890072028 0.1059577621806794 -9999.0 -9999.0 0.10344009603831059 0.10337102537307342 0.10617781368780352 0.104181669099258 0.10618624444565201 0.10567810898822243 0.10538000065655138 0.10522611281427328 0.10505756626379291 0.10510155230999874 0.10528955565815183 0.1048247221442318 0.10475230843664876 0.10474392841870961 0.0751566404384286 -9999.0 -9999.0 -9999.0 -9999.0 0.2073304832242176 0.20895064067389682 0.2089341331529755 0.208630643665477 0.20845054376171135 0.19809381292074651 0.20722073562576837
-9999.0 -9999.0 -9999.0 -9999.0 -9999.0 -9999.0 -9999.0 -9999.0 -9999.0 -9999.0 -9999.0 -9999.0 -9999.0 -9999.0 -9999.0 -9999.0 -9999.0 -9999.0 -9999.0 0.14205559372257476 0.12867116097313966 0.12987253779262997 0.128085861894115 0.12544075186853296 0.12279886101582096 -9999.0 -9999.0 0.1251813841940641 0.10207116713551664 0.10506310868469208 0.10531858526544988 0.10489105122976408 -9999.0 0.12539989927928802 -9999.0 -9999.0 -9999.0 0.10613607147242604 0.10606998850517409 -9999.0 0.09988988633221141 0.10235293443821886 0.10547382768810788 0.10528781405071791 0.10523315359973075 0.10501378428535288 -9999.0 0.10503941032673088 0.1045029167220737 0.10473097714724046 0.10532921510391448 0.10626479326595828 0.1058048029056936 0.10702659942902551 -9999.0 0.20804658518172178 0.20806049568661586 0.20912656500577215 -9999.0 0.15598387501908617 0.1915472877133681
-9999.0 -9999.0 -9999.0 -9999.0 -9999.0 -9999.0 -9999.0 -9999.0 -9999.0 -9999.0 -9999.0 -9999.0 -9999.0 -9999.0 -9999.0 -9999.0 -9999.0 -9999.0 -9999.0 -9999.0 0.12092956567143376 0.13406382033752742 0.12829420230525554 0.12405644007364781 0.12232255259107516 -9999.0 -9999.0 0.12492199825194415 0.12719938966459143 -9999.0 -9999.0 -9999.0 0.10596629184050937 0.12464660127150394 0.12492086157045587 -9999.0 -9999.0 -9999.0 -9999.0 -9999.0 0.10555922994762888 0.10527158970554282 0.10542416480059984 0.10538711896092748 0.10525002439374175 -9999.0 0.10499949237778897 0.10262482017352278 0.09652227495927428 -9999.0 0.10522250079278678 -9999.0 -9999.0 0.1086108875938976 0.10558119842465326 0.21009988816264588 0.17888822174891356 0.20817647803568526 0.20998599920825825 0.16065830354246802 0.20427825041731848
-9999.0 -9999.0 -9999.0 -9999.0 -9999.0 -9999.0 -9999.0 -9999.0 -9999.0 -9999.0 -9999.0 -9999.0 -9999.0 -9999.0 -9999.0 -9999.0 -9999.0 -9999.0 -9999.0 -9999.0 0.13362244661762374 0.14134742157500865 0.13344567089179238 0.12557061048248028 0.12294471386063566 -9999.0 -9999.0 0.1259448715566211 -9999.0 -9999.0 -9999.0 0.1231368663164274 0.12333127190816318 0.12360253629003665 0.12344432917494869 -9999.0 -9999.0 -9999.0 -9999.0 0.10523311644590855 0.10522625056548052 -9999.0 0.10537102857375365 0.10537234514618266 0.0998887879524333 0.10496137840772352 0.10506229758610669 0.10565971854666954 0.1054276791153852 -9999.0 -9999.0 0.10567587961522092 0.10658801373346989 0.10388283334157436 0.10561107840215588 0.20818409818772207 0.20441216030926002 0.1878743859911076 0.209438156634669 0.2062733669787322 0.20435807467059058
-9999.0 -9999.0 -9999.0 -9999.0 -9999.0 -9999.0 -9999.0 -9999.0 -9999.0 -9999.0 -9999.0 -9999.0 -9999.0 -9999.0 -9999.0 -9999.0 -9999.0 -9999.0 -9999.0 -9999.0 0.11690740973978561 0.11792472197127306 -9999.0 0.12533846725391246 0.12382924595856394 0.11769117606232951 -9999.0 0.12542045206047914 0.1274447115135745 -9999.0 -9999.0 0.12224340752938326 0.12170203083993363 -9999.0 -9999.0 -9999.0 0.12403961113484148 -9999.0 -9999.0 -9999.0 0.10538369945162784 0.10537164908770633 -9999.0 0.1006680155784523 0.10520975702034302 0.10500137880971917 0.09494045100477468 -9999.0 -9999.0 -9999.0 0.10577731508558341 0.10507238276443173 0.36716118303517337 0.3704100534907829 -9999.0 0.36770227158432134 0.3705925396467264 0.17806649637161745 0.20320666845522053 0.20690404606136972 0.1990254893531829
-9999.0 -9999.0 -9999.0 -9999.0 -9999.0 -9999.0 -9999.0 -9999.0 -9999.0 -9999.0 -9999.0 -9999.0 -9999.0 -9999.0 -9999.0 -9999.0 -9999.0 -9999.0 -9999.0 -9999.0 0.1398520948221043 0.1256656889419553 0.14590304995275094 0.12745679135307414 0.12358076835957357 0.12142444258300775 0.12150797497874868 -9999.0 0.12394473451853431 -9999.0 -9999.0 -9999.0 -9999.0 0.12087417796460018 -9999.0 0.12194063193456817 0.1223331615420185 0.12263174696051424 -9999.0 0.10561762199484279 0.10563098818835169 0.10556803245086346 0.10555246838797432 -9999.0 0.10499350342080033 0.09888569523348263 0.09108656444696052 -9999.0 0.10551179988617099 0.10887782771845377 0.10517259024239238 0.36915959745396787 0.37026322606388173 0.36621657569682375 0.3617134865941531 0.3464820545467382 0.3245234178431252 0.3576889623170048 0.3619063384292421 0.20111129308127038 0.18640354135157877
-9999.0 -9999.0 -9999.0 -9999.0 -9999.0 -9999.0 -9999.0 -9999.0 -9999.0 -9999.0 -9999.0 -9999.0 -9999.0 -9999.0 -9999.0 -9999.0 -9999.0 -9999.0 -9999.0 -9999.0 0.1446421950416953 0.14174329318774304 0.14406804656771882 0.13103086273558084 0.12457444598597056 -9999.0 0.12206180026637939 -9999.0 0.12168016757215296 0.12278538425754511 0.12175722319808074 -9999.0 -9999.0 -9999.0 0.12141264395144295 0.12179055767434184 0.1222672871531613 -9999.0 -9999.0 0.10558455878454055 0.10540209367475951 0.1053961136770232 0.10536588458057822 -9999.0 -9999.0 0.10520683189979266 0.10662837586619757 0.09798011958904519 0.1051007549084414 0.10849451514747724 0.000101435407099431 0.36060628020256374 0.36532069757439994 0.36569296082822605 0.3907568473877026 0.34761214548866176 0.3702878480026847 0.36169783809549133 0.36579254449697907 0.355453814327998 0.9367836005944693
-9999.0 -9999.0 -9999.0 -9999.0 -9999.0 -9999.0 -9999.0 -9999.0 -9999.0 -9999.0 -9999.0 -9999.0 -9999.0 -9999.0 -9999.0 -9999.0 -9999.0 -9999.0 -9999.0 -9999.0 -9999.0 0.13743754667390415 -9999.0 0.12346317173044027 -9999.0 -9999.0 -9999.0 -9999.0 0.12088318881607352 -9999.0 -9999.0 0.11996473633725409 -9999.0 0.11965629826238211 0.11997897282560019 0.12145658599462548 -9999.0 -9999.0 0.11876846576906527 0.10552317635857313 0.10559449622224697 -9999.0 0.10571667989757579 0.10549661125050494 0.10558372090238576 0.10801202964490926 0.10045460013769605 0.10636211236460903 0.10518210420616453 -9999.0 0.10559119090005782 0.3642729487352841 0.3692510832340116 0.3666021539115741 0.36679342763453726 0.3744790922459016 0.36272247504628036 0.3818695090791338 0.36430552637759406 0.36588503036735587 0.3452798974948229
-9999.0 -9999.0 -9999.0 -9999.0 -9999.0 -9999.0 -9999.0 -9999.0 -9999.0 -9999.0 -9999.0 -9999.0 -9999.0 -9999.0 -9999.0 -9999.0 -9999.0 -9999.0 -9999.0 -9999.0 -9999.0 0.14448807170753822 0.12998774584576425 0.1110437044475867 0.10819469030140719 0.08147233947910103 -9999.0 -9999.0 -9999.0 -9999.0 -9999.0 -9999.0 0.1191680944973302 0.11901413173611836 0.11992058273751002 0.12107386001947992 0.12197923874045216 -9999.0 0.11910211040833309 0.10542098139735055 0.10560368694625741 0.10585902958754974 -9999.0 0.10595791408706444 0.10681385111249102 0.10432144813444157 0.10755213843221556 0.10656819268074011 0.10553686381380888 0.10696385751325768 0.1061712462430344 0.36520581218145004 0.37333018423987646 0.36558915729673414 0.3590816355389286 -9999.0 0.3780383431412221 0.3722615796986402 0.36288293343206646 -9999.0 0.3368725084688167
-9999.0 -9999.0 -9999.0 -9999.0 -9999.0 -9999.0 -9999.0 -9999.0 -9999.0 -9999.0 -9999.0 -9999.0 -9999.0 -9999.0 -9999.0 -9999.0 -9999.0 -9999.0 -9999.0 -9999.0 -9999.0 0.10970588601606565 0.12003476239608155 0.10448424850893105 0.10172153765630114 0.10519936912942339 0.10994448746654621 0.11692523634771476 -9999.0 -9999.0 -9999.0 -9999.0 0.11766570366454872 0.11873500778058343 0.11962961657411017 0.12081153427028862 0.12152607657880289 0.1218429446732982 0.12192191150052434 0.11826609131820545 0.11854545071667702 -9999.0 0.3596415077509383 -9999.0 0.10745977867601754 0.10757490873923896 -9999.0 0.10689209367457655 0.10681203536631025 0.10655639365127863 0.101048952335688 0.3639472247982109 0.3617581670754643 0.36290361316112235 -9999.0 0.3567465990736401 0.3666608380818804 0.3621549520143062 0.36883569579608144 -9999.0 0.3583967540697229
-9999.0 -9999.0 -9999.0 -9999.0 -9999.0 -9999.0 -9999.0 -9999.0 -9999.0 -9999.0 -9999.0 -9999.0 -9999.0 -9999.0 -9999.0 -9999.0 -9999.0 -9999.0 -9999.0 -9999.0 -9999.0 0.10068680303253744 0.1265612243942535 0.10265847371686516 0.10718599308360158 0.10984077022086643 0.10204404357828979 0.10382569863109706 0.1177717970543097 -9999.0 -9999.0 -9999.0 -9999.0 0.11864436761083319 0.11956151393961284 0.12068224206838644 -9999.0 -9999.0 0.1211410194338725 0.12110411133155864 -9999.0 -9999.0 0.35906284430044577 -9999.0 -9999.0 -9999.0 -9999.0 -9999.0 0.10656821852599045 0.11182476230323811 -9999.0 0.35348018682980936 0.35962547323224103 0.36361230673021866 -9999.0 0.3549372446915171 0.36514518582288347 0.3582956481042099 0.3679159292991381 0.3805130996909172 0.3583424809005129
-9999.0 -9999.0 -9999.0 -9999.0 -9999.0 -9999.0 -9999.0 -9999.0 -9999.0 -9999.0 -9999.0 -9999.0 -9999.0 -9999.0 -9999.0 -9999.0 -9999.0 -9999.0 -9999.0 -9999.0 -9999.0 0.12984487922291604 0.11596258440368738 0.10665345015814548 0.08684729301190001 0.11360586512552685 0.10106852094176995 0.09535141672038103 0.11449970718660879 0.11770257014625046 -9999.0 0.11787874182366669 0.11819656318765116 -9999.0 0.12039111105702453 0.12036964984971414 0.12088363354904129 0.12090688633382878 0.12093519017725751 -9999.0 -9999.0 -9999.0 -9999.0 -9999.0 -9999.0 0.36136604458282134 0.359162991227054 -9999.0 -9999.0 0.10567231765076333 0.11358882082408411 0.09409323964137074 0.349220494044614 0.31400492546808556 -9999.0 -9999.0 0.37959612322033565 -9999.0 -9999.0 0.37277313656989985 0.357965115042956
-9999.0 -9999.0 -9999.0 -9999.0 -9999.0 -9999.0 -9999.0 -9999.0 -9999.0 -9999.0 -9999.0 -9999.0 -9999.0 -9999.0 -9999.0 -9999.0 -9999.0 -9999.0 -9999.0 -9999.0 0.10535080891894469 0.13202608651786782 0.12239470292030016 0.10175853663102234 0.11613658478848657 0.10144478953596696 0.09971526988181036 0.1298325930459932 0.11557498156826851 0.1174076990335277 0.11692298885517231 0.11766275210966295 0.11840117113703347 0.11985623898039469 0.12032147458374433 0.12022206152481812 0.12083615817642811 0.12081952088039248 0.12116673245758638 0.11995644210635059 -9999.0 0.12149815090453897 -9999.0 -9999.0 -9999.0 -9999.0 -9999.0 -9999.0 -9999.0 0.3755929299277924 0.35817546885761176 0.10109307757842152 0.10656045601374296 0.10441914929247754 0.36011808411492036 0.34269644033170027 0.36475974789757803 -9999.0 -9999.0 0.35919501965936135 0.925445477620954
-9999.0 -9999.0 -9999.0 -9999.0 -9999.0 -9999.0 -9999.0 -9999.0 -9999.0 -9999.0 -9999.0 -9999.0 -9999.0 -9999.0 -9999.0 -9999.0 -9999.0 -9999.0 -9999.0 -9999.0 0.10213358367695047 0.1277827606211391 0.12331743976965985 0.11340925387937034 0.10093731806395102 0.1009498347386163 0.10190659639522888 0.10176779011508612 0.11630854338282502 -9999.0 0.11450387731036299 0.11647970800844341 0.11813905342168504 0.11988877792826995 -9999.0 -9999.0 0.1201160498527692 0.12115678822263994 0.3608874934763117 0.35581722489155754 0.3656123264076259 0.3652706434059759 0.3629226600931545 0.3906248913127188 0.36853726387310004 0.4004419704284058 -9999.0 -9999.0 0.3199117001066884 0.3689981754749928 0.3608805477248376 0.3629814551023722 0.10758679235882188 0.3410547642996191 0.3459896979137637 0.35681537750856196 0.3522992330395696 -9999.0 0.3720244761364198 0.37147626788327204 0.9223278299617809
-9999.0 -9999.0 -9999.0 -9999.0 -9999.0 -9999.0 -9999.0 -9999.0 -9999.0 -9999.0 -9999.0 -9999.0 -9999.0 -9999.0 -9999.0 -9999.0 -9999.0 -9999.0 -9999.0 0.10356050903789026 0.10985875335214458 0.12164028268593616 0.1015191989372891 0.09460256729660019 0.10294409830993699 0.10127919697849408 0.10163133196381743 0.11281346084583282 0.1155741048478507 -9999.0 0.12381545476082978 0.11618090812348383 0.11792005684901237 0.133047475873285 0.11853120100026411 0.13205310725443223 -9999.0 0.13160480988490872 0.35847476174478665 0.35840905271408585 0.3632850091589723 0.35917024875207487 0.3593093807733042 -9999.0 0.39115016288543986 0.3515824411773848 -9999.0 0.3455204579493923 0.3494799544164893 0.3312141330971751 0.32507828908871533 0.3584541912023218 0.3455452303758216 0.35411785275564855 0.3646125689011714 0.3585730135075535 0.35106484159829787 0.37325598884506017 0.37608030924859576 0.3653717514055749 0.9236353039472972
-9999.0 -9999.0 -9999.0 -9999.0 -9999.0 -9999.0 -9999.0 -9999.0 -9999.0 -9999.0 -9999.0 -9999.0 -9999.0 -9999.0 -9999.0 -9999.0 -9999.0 -9999.0 0.1024322428420514 0.10654783125426263 0.12859269561457515 0.11973620211852964 0.11510251044109757 0.11464265271585206 0.11696618564929896 -9999.0 0.11110507659956399 -9999.0 0.12350278733318175 0.12326498193909015 0.12376029484315028 0.11595656692413943 0.11846024673183478 0.13699947271918042 0.10106948944218778 -9999.0 -9999.0 0.11240470912226545 -9999.0 -9999.0 0.36281305654958074 0.3703810460269185 -9999.0 0.36300839732953305 0.3511624071581499 -9999.0 -9999.0 -9999.0 0.3635649377189156 0.35925611024054294 0.35601840421765196 0.3641895915376821 0.3557976377746838 0.34846665181937464 0.37779905838483274 0.36338070849445275 0.3605272646038059 0.3648553332462796 0.3669792898457863 0.6103172468544431 0.6016993759068536
-9999.0 -9999.0 -9999.0 -9999.0 -9999.0 -9999.0 -9999.0 -9999.0 -9999.0 -9999.0 -9999.0 -9999.0 -9999.0 -9999.0 -9999.0 -9999.0 -9999.0 -9999.0 -9999.0 0.1470231406806112 0.09689012428062954 0.09585656694363338 0.10532056299619891 0.11720696865215767 0.11840974648430154 0.11679859571951033 0.11521614981427251 0.1238658772436831 0.12332107276902007 0.12346173184653389 0.12433943960850152 0.11601288144187921 0.11835167643925339 0.12225147936693669 -9999.0 0.13119494697694262 -9999.0 -9999.0 -9999.0 -9999.0 0.35920784725973814 0.3724056903545897 0.377242039356228 0.3646775021230621 0.3565918083150109 -9999.0 -9999.0 0.36637529468593033 0.37260875796428955 0.3685096532284212 0.3673356869548575 0.3627787560385881 0.3596201606362964 -9999.0 0.3561611238022853 0.3794842202485823 0.5984758296918747 0.599906632912705 0.6033803762764991 0.6089887986567426 0.6038910778089991
-9999.0 -9999.0 -9999.0 -9999.0 -9999.0 -9999.0 -9999.0 -9999.0 -9999.0 -9999.0 -9999.0 -9999.0 -9999.0 -9999.0 -9999.0 -9999.0 -9999.0 -9999.0 0.10243224132384805 0.10243224173276935 0.0913643002939378 0.10260096029616854 0.09770758069204513 -9999.0 0.1220545706573907 0.12134197879761822 0.11858473352682537 0.11586151777833212 0.12646093862989785 0.12517599811028463 0.1257194586307974 0.11815423944384068 0.12207923021090133 0.07792286601945785 -9999.0 -9999.0 -9999.0 -9999.0 0.3580248901894646 0.362606642113023 0.3596169133646584 0.3874354219053243 0.35317597667036826 0.3916974557635807 -9999.0 -9999.0 0.39406510600688055 0.36331009242098555 0.3662834054301902 0.3786725967486671 0.34724165519221656 0.36099339793022084 0.3538619589774047 -9999.0 0.3610434261004244 0.6138499920056535 0.5918251817681984 0.5949243648353207 0.5985118095748974 0.6113496615251567 0.6097599839491199
-9999.0 -9999.0 -9999.0 -9999.0 -9999.0 -9999.0 -9999.0 -9999.0 -9999.0 -9999.0 -9999.0 -9999.0 -9999.0 -9999.0 -9999.0 -9999.0 -9999.0 -9999.0 -9999.0 -9999.0 0.10188849410922762 0.11215976909264119 0.10625481220641309 0.11473035215796548 0.118085585035651 0.12109910376913305 0.12025819517992253 0.12070372134075864 0.11602755404448002 0.1163732485032596 -9999.0 -9999.0 -9999.0 -9999.0 -9999.0 -9999.0 -9999.0 0.10164473880069842 0.35840885217054674 0.35995830558202546 0.3542599653857595 0.3856588085024868 -9999.0 -9999.0 0.361292715406411 -9999.0 0.36217815636340545 0.36544376663061146 0.39078178149122866 0.3320324933017585 0.35635132924729473 0.35826858593256 0.3753646943791046 -9999.0 0.8194432979934976 0.6352431187635142 0.6257393109778374 0.6070695060259094 0.6076812298088707 0.6223848220268109 0.6186127997139065
-9999.0 -9999.0 -9999.0 -9999.0 -9999.0 -9999.0 -9999.0 -9999.0 -9999.0 -9999.0 -9999.0 -9999.0 -9999.0 -9999.0 -9999.0 -9999.0 -9999.0 -9999.0 -9999.0 -9999.0 0.12317063732912785 0.1135525014534101 0.1075539777441581 0.12044910693411974 0.11604428386370706 0.12844406896481314 0.12384278049111182 0.1182238510878427 -9999.0 -9999.0 -9999.0 -9999.0 -9999.0 -9999.0 -9999.0 -9999.0 -9999.0 -9999.0 -9999.0 -9999.0 0.35498382316345267 -9999.0 0.365954733486886 0.360023031159756 0.3549630183766319 -9999.0 0.35240784204158515 0.3652622774753847 0.3609154726714748 0.3570177829060578 0.3627487019417905 0.37545457497203366 0.8034651173792979 0.8127896413438774 0.8087262765720534 0.8096483081417672 0.8271326815242248 0.6097847777194175 0.6010891088207994 0.6119848946540986 0.6190497936702842
-9999.0 -9999.0 -9999.0 -9999.0 -9999.0 -9999.0 -9999.0 -9999.0 -9999.0 -9999.0 -9999.0 -9999.0 -9999.0 -9999.0 -9999.0 -9999.0 -9999.0 -9999.0 -9999.0 0.14702314068061123 0.1319398150869669 0.12199382702343609 0.1259928308141306 0.1303692525000754 0.11345264192655719 0.11836302420183047 0.11508537630114907 0.09378716445873463 -9999.0 0.11861466798944831 -9999.0 -9999.0 -9999.0 -9999.0 -9999.0 -9999.0 -9999.0 -9999.0 -9999.0 -9999.0 0.3542157446942782 0.3701972437272321 0.37328395628189165 0.3517529240487875 0.36350001839468205 0.3835624195040221 0.36976952208120184 0.3669528118403715 0.36474732256588793 0.36829652322637846 0.37653654883526183 -9999.0 0.8033982030703282 0.7699866220605692 0.7975847520120408 0.8051821065785665 0.804415945494001 0.8004097994077866 0.8139275483511245 0.8097535906361167 0.6187056678909327
-9999.0 -9999.0 -9999.0 -9999.0 -9999.0 -9999.0 -9999.0 -9999.0 -9999.0 -9999.0 -9999.0 -9999.0 -9999.0 -9999.0 -9999.0 -9999.0 -9999.0 -9999.0 -9999.0 -9999.0 0.0037351900497599624 0.12859163948163035 -9999.0 0.13536831137512034 0.13560231195966357 0.13615032458323403 0.1366316315205601 0.1364931898495065 0.13749544438070394 0.13482304001714449 0.13234182324544955 0.1105089688521982 -9999.0 -9999.0 -9999.0 -9999.0 -9999.0 -9999.0 -9999.0 0.13442062889748185 -9999.0 -9999.0 0.3643216717262097 0.36056344643830257 0.36328543973978183 0.37105996779888295 0.37133349160569556 0.34405341495580616 0.3596878393153898 0.820156608531316 0.8115779313634736 0.8123703070905938 0.8098075904496002 0.7990518258845092 0.7729947711284021 0.7354813647107673 0.7580388631409475 0.8026039805240656 0.8061832437899187 0.8117257631563237 0.6077365188927636
-9999.0 -9999.0 -9999.0 -9999.0 -9999.0 -9999.0 -9999.0 -9999.0 -9999.0 -9999.0 -9999.0 -9999.0 -9999.0 -9999.0 -9999.0 -9999.0 -9999.0 -9999.0 -9999.0 -9999.0 0.0037713212556721976 0.009508221868421037 0.009304896002617307 0.009843775047000954 0.00794562200925684 0.00894596831645531 0.01029125006334985 0.010486864174064723 0.010514698642415391 0.010606456396784378 0.01047153886197867 0.010237358210136568 0.1355451516339231 0.13386129069174504 0.1348926955964175 0.12559632367167645 0.1365564090619442 0.13637966430323903 0.13676019473393952 0.13604362044515772 0.010416532243415622 -9999.0 0.008887405968646874 0.008264597628568869 0.379982888447908 0.3777320902326726 0.36152026759197836 0.3759580558019634 0.8213184832157857 0.8129714199118584 0.8189352314276601 0.8330611866790694 0.8251902892929219 0.812456435156712 0.810561400869776 0.7497766493778478 0.7437519421091243 0.7877233859676336 0.8061566515444385 0.8046471432179123 0.6036446885554994
