critload/trunk/output/1999/frnfe.asc
ncols 720
nrows 360
xllcorner -180.0
yllcorner -90.0
cellsize 0.5
NODATA_value -9999.0
[rows 135 to 161 of 360, columns 427 to 487 of 720]
0.0001 0.0001 0.0001 0.0001 0.0001 0.0001 0.0001 -9999.0 -9999.0 -9999.0 -9999.0 0.6160373115235416 0.0001 0.38207368941971764 0.20225144917074814 0.0001 0.0001 0.23469255966806063 0.0001 0.0001 0.0001 0.0001 0.0001 0.0001 0.0001 0.6674461616705671 0.7085764807624416 0.27270203844741625 0.0001 0.0001 0.0001 0.0001 0.0001 0.0001 0.0001 0.0001 0.0001 0.0001 0.0001 0.0001 0.0001 0.0001 0.0001 0.0001 0.0001 0.0001 0.0001 0.0001 0.0001 0.09695265633873812 0.30356536960956393 0.3959559293853839 0.0001 -9999.0 -9999.0 -9999.0 -9999.0 -9999.0 -9999.0 -9999.0 -9999.0
0.0001 0.0001 0.0001 0.0001 0.0001 0.0001 0.0001 -9999.0 -9999.0 -9999.0 0.0001 0.5890959197997329 0.5818776482020653 0.11401359298832646 0.41851919936853116 0.0001 0.45295423722027145 0.15340004949392197 0.0001 0.0001 0.0001 0.0001 0.0001 0.0001 0.0001 0.6819962265174276 0.681394409747888 0.0001 0.0001 0.0001 0.0001 0.0001 0.0001 0.0001 0.0001 0.0001 0.0001 0.0001 0.0001 0.0001 0.0001 0.0001 0.0001 0.0001 0.0001 0.0001 0.0001 0.0001 0.0001 0.0001 0.0001 0.0001 0.0001 -9999.0 -9999.0 -9999.0 -9999.0 -9999.0 -9999.0 -9999.0 -9999.0
0.0001 0.0001 0.0001 0.0001 0.0001 0.0001 0.0001 0.0001 -9999.0 -9999.0 -9999.0 0.4429409249371603 0.34025202405517746 0.5500258420644525 0.5955318889404354 0.0001 0.4326840815179064 0.0001 0.5118527657481196 0.0001 0.0001 0.0001 0.0001 0.0001 0.4658358231000577 0.7063613101016465 0.0001 0.0001 0.0001 0.0001 0.0001 0.0001 0.0001 0.0001 0.0001 0.0001 0.0001 0.0001 0.0001 0.0001 0.0001 0.0001 0.0001 0.0001 0.0001 0.0001 0.0001 0.0001 0.0001 0.0001 0.0001 0.0001 -9999.0 -9999.0 -9999.0 -9999.0 -9999.0 -9999.0 -9999.0 -9999.0 -9999.0
0.0001 0.0001 0.0001 0.0001 0.0001 0.0001 0.0001 0.0001 -9999.0 -9999.0 -9999.0 0.0001 0.44626220432735086 0.4526639166486744 0.0001 0.4590713038787856 0.0001 0.25984070433541234 0.0001 0.0001 0.0001 0.0001 0.6902222705783525 0.70194001491717 0.6806779751074262 0.0001 0.0001 0.0001 0.0001 0.0001 0.0001 0.0001 0.0001 0.0001 0.0001 0.0001 0.0001 0.0001 0.0001 0.0001 0.0001 0.0001 0.0001 0.0001 0.0001 0.0001 0.0001 0.0001 0.0001 0.0001 0.0001 -9999.0 -9999.0 -9999.0 -9999.0 -9999.0 -9999.0 -9999.0 -9999.0 -9999.0 -9999.0
0.0001 0.0001 0.0001 0.0001 0.0001 0.0001 0.0001 0.0001 -9999.0 -9999.0 -9999.0 -9999.0 0.0001 0.5438247254334435 0.5454622790367016 0.19394032780367046 0.3190365923453322 0.617505163751115 0.6578898520492042 0.0001 0.0001 0.5583831057766798 0.7108920351435025 0.7093907037211188 0.6907258667295683 0.0001 0.0001 0.0001 0.0001 0.0001 0.0001 0.0001 0.0001 0.0001 0.0001 0.0001 0.0001 0.0001 0.0001 0.0001 0.0001 0.0001 0.0001 0.0001 0.0001 0.0001 0.0001 0.0001 0.0001 0.0001 0.0001 -9999.0 -9999.0 -9999.0 -9999.0 -9999.0 -9999.0 -9999.0 -9999.0 -9999.0 -9999.0
0.0001 0.0001 0.0001 0.0001 0.0001 0.0001 0.0001 0.0001 -9999.0 -9999.0 -9999.0 -9999.0 -9999.0 -9999.0 0.6929652499442297 0.0001 0.5427708620572456 0.4051215726406405 0.0001 0.0001 0.0001 0.0001 0.44968898318470457 0.6437612161325378 0.0001 0.0001 0.0001 0.0001 0.0001 0.0001 0.0001 0.0001 0.0001 0.0001 0.0001 0.0001 0.0001 0.0001 0.0001 0.0001 0.0001 0.0001 0.0001 0.0001 0.0001 0.0001 0.0001 0.0001 0.0001 -9999.0 -9999.0 -9999.0 -9999.0 -9999.0 -9999.0 -9999.0 -9999.0 -9999.0 -9999.0 -9999.0 -9999.0
0.0009918882581105763 0.0001 0.0001 0.0001 0.0001 0.0001 0.0001 0.0001 -9999.0 -9999.0 -9999.0 -9999.0 -9999.0 -9999.0 0.0001 0.6832795889336822 0.6024580946921859 0.0001 0.04344308303286959 0.12013016865576255 0.0001 0.0001 0.0001 0.0001 0.0001 0.0001 0.0001 0.0001 0.0001 0.0001 0.0001 0.0001 0.0001 0.0001 0.0001 0.0001 0.0001 0.0001 0.0001 0.0001 0.0001 0.0001 0.0001 0.0001 0.0001 0.0001 0.0001 0.0001 0.0001 -9999.0 -9999.0 -9999.0 -9999.0 -9999.0 -9999.0 -9999.0 -9999.0 -9999.0 -9999.0 -9999.0 -9999.0
0.0027802020100699235 0.0001 0.0001 0.0001 0.0001 0.0001 0.0001 0.0001 0.014512990996562313 -9999.0 -9999.0 -9999.0 -9999.0 -9999.0 -9999.0 0.708969785374526 0.49275161392575645 0.0001 0.0001 0.0001 0.0001 0.0001 0.0001 0.0001 0.0001 0.0001 0.0001 0.0001 0.0001 0.0001 0.0001 0.0001 0.0001 0.0001 0.0001 0.0001 0.0001 0.0001 0.0001 0.0001 0.0001 0.0001 0.0001 0.0001 0.0001 0.0001 0.0001 0.0001 0.0001 -9999.0 -9999.0 -9999.0 -9999.0 -9999.0 -9999.0 -9999.0 -9999.0 -9999.0 -9999.0 -9999.0 -9999.0
0.007461621352727881 0.0001 0.0001 0.0001 0.0001 0.0001 0.0001 0.0001 0.013403501336627734 0.0001 0.0001 -9999.0 -9999.0 -9999.0 -9999.0 0.5483690057851359 0.12227554221270232 0.0001 0.5399051836074249 0.0001 0.0001 0.0001 0.0001 0.0001 0.0001 0.0001 0.0001 0.0001 0.0001 0.0001 0.0001 0.0001 0.0001 0.0001 0.0001 0.0001 0.0001 0.0001 0.0001 0.0001 0.0001 0.0001 0.0001 0.0001 0.0001 0.0001 0.0001 -9999.0 -9999.0 -9999.0 -9999.0 -9999.0 -9999.0 -9999.0 -9999.0 -9999.0 -9999.0 -9999.0 -9999.0 -9999.0 -9999.0
0.010459616090512975 0.0026427979072884936 0.0001 0.0001 0.0001 0.0001 0.0001 0.002874948800811605 0.0007686142445320252 0.0001 0.0001 -9999.0 -9999.0 -9999.0 -9999.0 -9999.0 0.47949617067782324 0.6980846602862284 0.5589663878801082 0.0001 0.0001 0.39327742284963485 0.40927039109717417 0.0001 0.0001 0.0001 0.0001 0.0001 0.0001 0.0001 0.0001 0.0001 0.0001 0.0001 0.0001 0.0001 0.0001 0.0001 0.0001 0.0001 0.0001 0.0001 0.0001 0.0001 0.0001 0.0001 -9999.0 -9999.0 -9999.0 -9999.0 -9999.0 -9999.0 -9999.0 -9999.0 -9999.0 -9999.0 -9999.0 -9999.0 -9999.0 -9999.0 -9999.0
0.011378160265265894 0.00037982813382957115 0.002045401564511218 0.0001 0.0001 0.0001 0.0001 0.0001 0.0001 0.0001 0.0001 -9999.0 -9999.0 -9999.0 -9999.0 -9999.0 -9999.0 0.6892283050554378 0.7126227950864011 0.05891205050568274 0.06751897037747087 0.02347543275160024 0.0001 0.05234069510628854 0.0001 0.0001 0.0001 0.0001 0.0001 0.0001 0.0001 0.0001 0.0001 0.0001 0.0001 0.0001 0.0001 0.0001 0.0001 0.0001 0.0001 0.3254797929801384 0.0001 0.0001 -9999.0 -9999.0 -9999.0 -9999.0 -9999.0 -9999.0 -9999.0 -9999.0 -9999.0 -9999.0 -9999.0 -9999.0 -9999.0 -9999.0 -9999.0 -9999.0 -9999.0
0.006786971671272964 0.0001 0.0001 0.0001 0.0001 0.0001 0.0001 0.0001 0.0001 0.0007047477153029621 0.0001 0.0001 -9999.0 -9999.0 -9999.0 -9999.0 0.0001 0.0001 0.47879228371033267 0.17059416644286401 0.09679832704326957 0.017271498939353716 0.019223074877081404 0.06600671746246024 0.0001 0.0001 0.0001 0.0001 0.0001 0.0001 0.0001 0.0001 0.0001 0.0001 0.0001 0.0001 0.0001 0.0001 0.0001 0.0001 0.029261022500767377 -9999.0 -9999.0 -9999.0 -9999.0 -9999.0 -9999.0 -9999.0 -9999.0 -9999.0 -9999.0 -9999.0 -9999.0 -9999.0 -9999.0 -9999.0 -9999.0 -9999.0 -9999.0 -9999.0 -9999.0
0.0001 0.0001 0.0001 0.0001 0.0001 0.022791536598583663 0.0001 0.0001 0.0001 0.0025877638601596396 0.008294394497496414 0.019826861010265557 -9999.0 0.0001 -9999.0 -9999.0 -9999.0 -9999.0 0.1336430933745073 0.1078112385247737 0.0891775377413349 0.131173687363195 0.18633464154762983 0.0001 0.0001 0.0001 0.0001 0.0001 0.0001 0.0001 0.003869994946834101 0.011982315575295607 0.0001 0.0001 0.0001 0.0001 0.0001 0.0001 0.0001 -9999.0 -9999.0 -9999.0 -9999.0 -9999.0 -9999.0 -9999.0 -9999.0 -9999.0 -9999.0 -9999.0 -9999.0 -9999.0 -9999.0 -9999.0 -9999.0 -9999.0 -9999.0 -9999.0 -9999.0 -9999.0 -9999.0
0.0001 0.0001 0.0001 0.019867833266919786 0.008302949213524915 0.012373266219598179 0.010800463035089273 0.001088395470255684 0.0081774678748259 0.006068942387971979 0.006611312099789763 0.030613032054296815 -9999.0 0.0001 -9999.0 -9999.0 -9999.0 -9999.0 0.0955110778121739 0.13862142248869638 0.16085776325617562 0.17066028337332081 0.027931353709093148 0.19384210226168702 0.7017120624771572 0.0001 0.0001 0.0001 0.0010373613294090247 0.016142861520002792 0.03547755364436925 0.0052329254544717105 0.0001 0.0001 0.0001 0.0001 0.0001 0.0001 -9999.0 -9999.0 -9999.0 -9999.0 -9999.0 -9999.0 -9999.0 -9999.0 -9999.0 -9999.0 -9999.0 -9999.0 -9999.0 -9999.0 -9999.0 -9999.0 -9999.0 -9999.0 -9999.0 -9999.0 -9999.0 -9999.0 -9999.0
0.0001 0.009073590568090617 0.00651333805474692 0.00954693416615583 0.012771566424723272 0.002440783888608083 0.062466667057641166 0.03000864671687914 0.013573756226627376 0.0031061101117110337 0.05482979773160169 0.00959106199486042 0.019411265607194837 0.0001 -9999.0 -9999.0 -9999.0 -9999.0 0.03526739662327693 0.15017990623307312 0.07551849790563217 0.20966981975603402 0.018490362573491126 0.09946206561838523 0.05734210444334268 0.0001 0.0001 0.0001 0.005228284034066452 0.0009757096002839209 0.0008236783856642174 0.001188178275150248 0.0001 0.0008304355182998254 0.0001 0.0001 0.009985805269688161 -9999.0 -9999.0 -9999.0 -9999.0 -9999.0 -9999.0 -9999.0 -9999.0 -9999.0 -9999.0 -9999.0 -9999.0 -9999.0 -9999.0 -9999.0 -9999.0 -9999.0 -9999.0 -9999.0 -9999.0 -9999.0 -9999.0 -9999.0 -9999.0
0.004636994975916349 0.0012034260578241917 0.0007202815815556826 0.007788340210255418 0.0001 0.00809160330245374 0.11111775341158564 0.06822195583184565 0.2177852241337761 0.1893113372746824 0.09303539296561449 0.05765467697571448 0.0001 0.005169003285676606 0.0001 0.0001 -9999.0 -9999.0 0.0001 0.17258894665782626 0.0457349717736508 0.13672644485035787 0.054931571700830545 0.005744611055892981 0.01947824451279204 0.007449674411956966 0.0001 0.0001 8.920763250469384e-06 0.0001 9.277914947205585e-05 0.012721012422944537 0.0001 0.0056587635961155595 -9999.0 -9999.0 -9999.0 -9999.0 -9999.0 -9999.0 -9999.0 -9999.0 -9999.0 -9999.0 -9999.0 -9999.0 -9999.0 -9999.0 -9999.0 -9999.0 -9999.0 -9999.0 -9999.0 -9999.0 -9999.0 -9999.0 -9999.0 -9999.0 -9999.0 -9999.0 -9999.0
0.018385207184973735 0.02537117199449167 0.01570105370970707 0.018623944221533885 0.01434222785620387 0.012319496383385172 0.02650367820769225 0.029582176457756414 0.06980262384657805 0.10668222228377765 0.11157958492741749 0.11406983640798361 0.0029759311293348733 4.232640436923282e-05 0.0001 0.0001 0.0001 -9999.0 0.0001 0.17922305150919388 0.0827093694667707 0.18802839495694879 0.15453612027292932 0.018814722891375334 0.024038360141074414 0.0023215199707470346 0.0008149341436497806 0.0001 0.0001 0.013250933430221315 0.0001 -9999.0 -9999.0 -9999.0 -9999.0 -9999.0 -9999.0 -9999.0 -9999.0 -9999.0 -9999.0 -9999.0 -9999.0 -9999.0 -9999.0 -9999.0 -9999.0 -9999.0 -9999.0 -9999.0 -9999.0 -9999.0 -9999.0 -9999.0 -9999.0 -9999.0 -9999.0 -9999.0 -9999.0 -9999.0 -9999.0
0.022034381993494796 0.01366627234918705 0.024205879191091104 0.022267747496323403 0.033866075191772274 0.014970696515173118 0.01725155240379793 0.007552963305744033 0.06599944556989502 0.08374373886663596 0.11668758069393609 0.07425517406232814 0.05648832789550532 0.0001 0.0001 0.0001 0.0001 0.0001 0.0001 0.09277790043815021 0.05822206242051389 0.1149931460222008 0.06700016856234486 0.022098051686545963 0.011504067549391093 0.002742778444530049 0.012923231175517432 0.0001 0.007024548656167429 -9999.0 -9999.0 -9999.0 -9999.0 -9999.0 -9999.0 -9999.0 -9999.0 -9999.0 -9999.0 -9999.0 -9999.0 -9999.0 -9999.0 -9999.0 -9999.0 -9999.0 -9999.0 -9999.0 -9999.0 -9999.0 -9999.0 -9999.0 -9999.0 -9999.0 -9999.0 -9999.0 -9999.0 -9999.0 -9999.0 -9999.0 -9999.0
0.02318753242580495 0.0423108651569156 0.05090714833473075 0.061302172824933596 0.029219039762426673 0.11285543786200289 0.0005655429964313655 0.0028476909850637722 0.038301342990729355 0.02211729531904442 0.013657768401088021 0.09523058864333867 0.0580449975481857 0.0001 0.0001 0.0001 0.0001 0.0001 0.0001 0.0716272900996627 0.0001 0.021863783098774153 0.06457152626085709 0.09946799290346404 0.0004373223190811095 0.0001 0.1065464610028241 -9999.0 -9999.0 -9999.0 -9999.0 -9999.0 -9999.0 -9999.0 -9999.0 -9999.0 -9999.0 -9999.0 -9999.0 -9999.0 -9999.0 -9999.0 -9999.0 -9999.0 -9999.0 -9999.0 -9999.0 -9999.0 -9999.0 -9999.0 -9999.0 -9999.0 -9999.0 -9999.0 -9999.0 -9999.0 -9999.0 -9999.0 -9999.0 -9999.0 -9999.0
0.04580631637490144 0.03913439753134296 0.019788617424392363 0.06771554926280655 0.02870419609665784 0.041430072711635506 0.0001 0.09335321446566636 0.09892360660842818 0.034406552602596924 0.010560391354876922 0.054942581365798715 0.0773403834257989 0.0001 0.0001 0.0001 0.0001 0.0001 0.0001 0.0001 0.0001 0.009428555910439057 0.04846628176311759 0.0001 -9999.0 -9999.0 -9999.0 -9999.0 -9999.0 -9999.0 -9999.0 -9999.0 -9999.0 -9999.0 -9999.0 -9999.0 -9999.0 -9999.0 -9999.0 0.0001 0.0001 0.0001 -9999.0 -9999.0 -9999.0 -9999.0 -9999.0 -9999.0 -9999.0 -9999.0 -9999.0 -9999.0 -9999.0 -9999.0 -9999.0 -9999.0 -9999.0 -9999.0 -9999.0 -9999.0 -9999.0
0.09151070466774985 0.04153040518748518 0.010955767530883793 0.0001 0.0001 0.016559404699580883 0.08798815481666108 0.2662929344548399 0.22280376592113005 0.03326190058721234 0.023175879907922314 0.0568597472544875 0.04497301756904283 0.0001 0.0001 0.0001 0.0001 0.0001 0.0001 0.0001 -9999.0 -9999.0 -9999.0 -9999.0 -9999.0 -9999.0 -9999.0 -9999.0 -9999.0 -9999.0 -9999.0 -9999.0 -9999.0 -9999.0 -9999.0 -9999.0 -9999.0 -9999.0 -9999.0 0.0001 0.0001 0.0001 -9999.0 -9999.0 -9999.0 -9999.0 -9999.0 -9999.0 -9999.0 -9999.0 -9999.0 -9999.0 -9999.0 -9999.0 -9999.0 -9999.0 -9999.0 -9999.0 -9999.0 -9999.0 -9999.0
0.039949140007632694 0.03614519006567409 0.016973384587573588 0.0010550619563369043 0.0001 0.001483133884016303 0.09312367546085672 0.15705849807002367 0.22111669211400042 0.24585095116556302 0.03250752092128394 0.13574857436603327 0.038783629922735575 0.0001 0.0001 0.015824913777550038 0.006023343678496643 0.0001 0.0001 0.0001 -9999.0 -9999.0 -9999.0 -9999.0 -9999.0 -9999.0 -9999.0 -9999.0 -9999.0 -9999.0 -9999.0 -9999.0 -9999.0 0.0001 0.0001 0.0001 -9999.0 -9999.0 -9999.0 -9999.0 -9999.0 -9999.0 -9999.0 -9999.0 -9999.0 -9999.0 -9999.0 -9999.0 -9999.0 -9999.0 -9999.0 -9999.0 -9999.0 -9999.0 -9999.0 -9999.0 -9999.0 -9999.0 -9999.0 -9999.0 -9999.0
0.01324818650837599 0.026316721490383405 0.013957301811694476 0.0029193816059941797 0.012131858977551526 0.015053428681623819 0.1338688989697018 0.1907307727506877 0.26312562900878245 0.06630126019382902 0.0657631582626602 0.017166612930894425 0.16751523680076444 0.0001667233211778385 0.003952199876293892 0.009030447369090854 0.001493707650591393 0.0001 0.0001 4.4060296699426294e-05 0.0001 -9999.0 -9999.0 -9999.0 -9999.0 -9999.0 -9999.0 0.0001 0.0001 0.0001 0.0001 0.0001 0.0001 0.0001 0.0001 0.0001 -9999.0 -9999.0 -9999.0 -9999.0 -9999.0 -9999.0 -9999.0 -9999.0 -9999.0 -9999.0 -9999.0 -9999.0 -9999.0 -9999.0 -9999.0 -9999.0 -9999.0 -9999.0 -9999.0 -9999.0 -9999.0 -9999.0 -9999.0 -9999.0 -9999.0
0.00963953392024042 0.008117670099696602 0.0221635433324937 0.0005759835040627596 0.035096289622016975 0.033578656701521714 0.17089501605594723 0.21998477614586243 0.06471249596291845 0.11508127621759205 0.13599131172410941 0.048373054473556505 0.12398037169586477 0.05369411080011452 0.0001 0.0001 9.921738305730385e-05 0.0001 0.0001 0.0001 0.0001 0.0001 -9999.0 0.0001 0.0001 0.0001 0.0001 0.0001 0.0001 0.0001 0.0001 0.0001 0.0001 0.0001 0.0001 0.0001 -9999.0 -9999.0 -9999.0 -9999.0 -9999.0 -9999.0 -9999.0 -9999.0 -9999.0 -9999.0 -9999.0 -9999.0 -9999.0 -9999.0 -9999.0 -9999.0 -9999.0 -9999.0 -9999.0 -9999.0 -9999.0 -9999.0 -9999.0 -9999.0 -9999.0
0.010795455754893688 0.0035338222619116857 0.0353539920150983 0.003923673244144526 0.01548646753751681 0.017571290368048893 0.028414028558501638 0.06987444705771974 0.21031536493434153 0.17152910515984407 0.12817011093738725 0.17099371701245 0.17160641443372876 0.033302714963281674 8.954353941009497e-05 0.0001 0.0001 0.0001 0.0001 0.00016798282960386632 0.0001 0.0001 0.0001 0.0001 0.0001 0.0001 0.0001 0.0001 0.0001 0.0001 0.0001 0.0001 0.0001 0.0001 0.0001 0.0001 -9999.0 -9999.0 -9999.0 -9999.0 -9999.0 -9999.0 -9999.0 -9999.0 -9999.0 -9999.0 -9999.0 -9999.0 -9999.0 -9999.0 -9999.0 -9999.0 -9999.0 -9999.0 -9999.0 -9999.0 -9999.0 -9999.0 -9999.0 -9999.0 -9999.0
0.004881205833256987 0.0035500365879712337 0.011356777643291197 0.04377720626177397 0.007365108725726105 0.023426833093958113 0.05040779459049671 0.128636062444329 0.0575663230947682 0.10066514497309584 0.291543093497516 0.2988098886387601 0.18293617841766588 0.0001 0.0001 0.0001 0.001075965859086129 0.011981804859645536 0.0069087556182699595 0.0036976334936985166 0.006117625086301758 0.002053996779898619 0.00031721630512761994 0.0007487952500558684 0.000265343391789013 0.0001 0.0001 0.0001 0.0001 0.0001 0.0001 0.0001 0.0001 0.0001 0.0001 -9999.0 -9999.0 -9999.0 -9999.0 -9999.0 -9999.0 -9999.0 -9999.0 -9999.0 -9999.0 -9999.0 -9999.0 -9999.0 -9999.0 -9999.0 -9999.0 -9999.0 -9999.0 -9999.0 -9999.0 -9999.0 -9999.0 -9999.0 -9999.0 -9999.0 -9999.0
0.004077556685606242 0.018116725093646834 0.0814720325355974 0.10559834058963972 0.11202269038658959 0.015091123006534505 0.03104013088492243 0.06719414830975241 0.07927453463707791 0.05627650305574691 0.16401549936376528 0.23440184332815017 0.03876873925250455 0.00090595500012906 0.06296463021764281 0.08673492437022359 0.07449721236762656 0.1266701283270756 0.060066009034990424 0.001313945140121783 0.001147386616225213 0.0002141172943812627 0.0001 0.0001 1.8046842300589966e-05 0.0004499002315707947 0.0001 0.0001 0.0001 0.0001 0.0001 0.0001 0.0001 0.0001 0.0001 -9999.0 -9999.0 -9999.0 -9999.0 -9999.0 -9999.0 -9999.0 -9999.0 -9999.0 -9999.0 -9999.0 -9999.0 -9999.0 -9999.0 -9999.0 -9999.0 -9999.0 -9999.0 -9999.0 -9999.0 -9999.0 -9999.0 -9999.0 -9999.0 -9999.0 -9999.0
