critload/trunk/output/1999/frnfe_agri.asc
ncols 720
nrows 360
xllcorner -180.0
yllcorner -90.0
cellsize 0.5
NODATA_value -9999.0
[rows 81 to 107 of 360, columns 427 to 487 of 720]
0.2786909897794666 0.30327055290717514 0.2894347710680702 0.3917955829195223 0.35289648811217356 0.3260943592334867 0.42359156609443427 0.08335356817460339 0.9999 0.9999 0.9999 0.9999 0.16094936110022678 0.26304475232905544 0.5247916045104236 0.9999 0.526745156774611 0.495055770282955 0.4073668022382899 0.17524980143909707 0.12342061749362328 0.1703619404921287 0.13313925784323583 0.11998882161759077 0.9999 0.9999 0.9999 0.5819739870589589 -9999.0 -9999.0 -9999.0 -9999.0 -9999.0 -9999.0 -9999.0 -9999.0 -9999.0 -9999.0 -9999.0 -9999.0 -9999.0 -9999.0 -9999.0 -9999.0 -9999.0 -9999.0 -9999.0 -9999.0 -9999.0 -9999.0 -9999.0 -9999.0 0.5953348229216678 -9999.0 -9999.0 -9999.0 -9999.0 -9999.0 0.5953348197256003 -9999.0 -9999.0
0.3681680743658342 0.9999 0.3052520426623317 0.2275266343936203 0.22145734267701847 0.24876811578123412 0.09599167564677857 0.39376334763945287 0.2269503022767153 0.9999 0.0979490780835531 0.1500782696638944 0.24968218881182772 0.36320742864686856 0.4494822663439185 0.412393047083857 0.20062247959808802 0.3002282263646179 0.25530608918377695 0.20075249339125092 0.13794754110417384 0.1924465397447329 -9999.0 0.09246992261900183 0.9999 0.9999 0.05584605231242127 -9999.0 -9999.0 -9999.0 -9999.0 -9999.0 -9999.0 -9999.0 -9999.0 -9999.0 0.5953348207724823 -9999.0 -9999.0 -9999.0 -9999.0 -9999.0 -9999.0 -9999.0 -9999.0 -9999.0 -9999.0 -9999.0 -9999.0 -9999.0 -9999.0 -9999.0 -9999.0 -9999.0 -9999.0 -9999.0 0.5953348206090342 -9999.0 -9999.0 -9999.0 -9999.0
0.9999 0.9999 0.22268014142858947 0.2722647637099087 0.2116114713525145 0.252701130309984 0.20486604302429282 0.32733803621573376 0.20557986477843343 0.9999 0.9999 0.9999 0.33987049107582673 0.4516134238851045 0.4737847283618533 0.4957421540557655 0.3353389820925319 0.33572660779221475 0.20749494398517357 0.11364176028006727 0.9999 0.9999 0.9999 0.9999 0.9999 0.9999 0.9999 0.6148464769302023 -9999.0 -9999.0 -9999.0 -9999.0 -9999.0 -9999.0 -9999.0 0.5953348189845166 0.5964933791846355 -9999.0 -9999.0 -9999.0 -9999.0 -9999.0 -9999.0 -9999.0 -9999.0 -9999.0 -9999.0 -9999.0 -9999.0 -9999.0 -9999.0 -9999.0 -9999.0 -9999.0 -9999.0 -9999.0 -9999.0 -9999.0 -9999.0 -9999.0 -9999.0
0.24834872390504656 0.41890468462143504 0.15766095122626986 0.2904416982706983 0.27412195345415524 0.2709395538722223 0.23834888571032814 0.22429883300572986 0.1803418590569566 0.25805505745151 0.349934886526305 0.4639052247541083 0.4457877651774852 0.4419330137355975 0.43293352642811755 0.46347708985638314 0.4135482147304022 -9999.0 0.16375344529633704 0.10696879293180284 0.9999 0.9999 0.9999 0.9999 0.9999 0.9999 0.9999 0.9999 -9999.0 -9999.0 -9999.0 -9999.0 -9999.0 -9999.0 -9999.0 -9999.0 0.5953348173640913 -9999.0 -9999.0 -9999.0 -9999.0 -9999.0 -9999.0 -9999.0 -9999.0 -9999.0 -9999.0 -9999.0 -9999.0 -9999.0 -9999.0 -9999.0 0.5953348165641305 -9999.0 -9999.0 -9999.0 -9999.0 -9999.0 -9999.0 -9999.0 -9999.0
0.2842458126648075 0.3518979085920549 0.37789118582566505 0.23533645333223407 0.501013350644698 0.5046322874053696 0.5067680824083854 0.2143402069447884 0.22929045176369015 0.31531891723578637 0.478867157177235 0.39133789948339964 0.40979547654393644 0.4733256975533917 0.48775140993394633 0.501528991959026 0.4685510506691044 0.18653347278730134 0.23951305312988633 0.14041308928847562 0.9999 0.9999 0.9999 0.9999 0.9999 0.9999 0.9999 0.9999 0.9999 0.9999 -9999.0 -9999.0 -9999.0 -9999.0 -9999.0 -9999.0 0.5953348204682152 -9999.0 -9999.0 -9999.0 -9999.0 -9999.0 -9999.0 -9999.0 -9999.0 -9999.0 -9999.0 -9999.0 -9999.0 -9999.0 -9999.0 -9999.0 -9999.0 -9999.0 -9999.0 -9999.0 -9999.0 -9999.0 -9999.0 -9999.0 -9999.0
-9999.0 0.18967466119433915 0.4036787760894203 0.3037027047755377 0.19896590636718783 0.10289929711257492 0.14774799476680744 0.3668994739531927 0.3676567372220528 0.47309398428433264 0.4036804207205296 0.4922179620580728 0.504354269983573 0.5105691436282832 0.507789958251614 0.4945814063622834 0.4548915989561178 0.2633144414147528 0.17901823455893282 0.09949650489672555 0.9999 0.9999 0.9999 0.9999 0.9999 0.9999 -9999.0 0.9999 0.9999 0.9999 0.9999 -9999.0 -9999.0 -9999.0 -9999.0 -9999.0 -9999.0 -9999.0 -9999.0 -9999.0 -9999.0 -9999.0 -9999.0 -9999.0 -9999.0 -9999.0 -9999.0 -9999.0 -9999.0 -9999.0 -9999.0 -9999.0 -9999.0 -9999.0 -9999.0 -9999.0 -9999.0 -9999.0 -9999.0 -9999.0 -9999.0
0.22411849266804307 0.25484406867000614 0.15530995051439933 0.3920268147693174 0.35671464987480556 -9999.0 -9999.0 -9999.0 0.4890354552961039 0.351080694825379 0.3764692305127418 0.5041786858730871 0.5039902559517543 0.5134499860689471 0.5129744704748848 0.5099008517795246 0.4374624340311948 0.2742605973858658 0.15067741813163002 0.07040600298197917 0.9999 0.9999 0.9999 0.9999 0.9999 0.9999 -9999.0 -9999.0 0.9999 0.9999 0.9999 -9999.0 -9999.0 -9999.0 -9999.0 -9999.0 -9999.0 -9999.0 -9999.0 -9999.0 -9999.0 -9999.0 -9999.0 -9999.0 -9999.0 -9999.0 -9999.0 -9999.0 -9999.0 -9999.0 -9999.0 -9999.0 -9999.0 -9999.0 -9999.0 -9999.0 -9999.0 -9999.0 -9999.0 -9999.0 -9999.0
0.15136276237131946 0.20663186305894987 0.18489158716760537 -9999.0 -9999.0 -9999.0 -9999.0 -9999.0 0.9999 0.2372676419748602 0.41969103655518764 0.49052122776435875 0.5080415152579713 0.47514992593529237 0.4779549091084969 0.5215732804002308 0.5239734629438508 0.4623416917934801 0.3915899384124496 0.12289576198959178 0.9999 0.9999 0.9999 0.9999 0.9999 0.9999 -9999.0 0.9999 0.9999 0.9999 -9999.0 -9999.0 -9999.0 -9999.0 -9999.0 -9999.0 -9999.0 -9999.0 -9999.0 -9999.0 -9999.0 -9999.0 -9999.0 -9999.0 -9999.0 -9999.0 -9999.0 -9999.0 -9999.0 -9999.0 -9999.0 -9999.0 -9999.0 -9999.0 -9999.0 0.5953348200475468 0.0415246905272449 0.5953348208392242 -9999.0 -9999.0 -9999.0
0.15644824612791175 0.20475367447520465 0.23845649825235438 0.23937107052626805 0.13818262175234083 0.9999 0.23397681789428879 0.3419054898777403 0.49929196976196066 0.48786366465629966 0.49126528562580607 0.5040687939494057 0.46568801866242693 0.471153585187252 0.4911027854111349 0.469391015945887 0.42888009298200414 0.5128123021803522 0.45907204001726254 0.2919768776053314 0.11918033665463425 0.9999 0.9999 0.9999 0.024877237044335462 0.9999 0.9999 0.9999 -9999.0 -9999.0 -9999.0 -9999.0 -9999.0 -9999.0 -9999.0 -9999.0 -9999.0 -9999.0 -9999.0 -9999.0 -9999.0 -9999.0 -9999.0 -9999.0 -9999.0 -9999.0 -9999.0 -9999.0 -9999.0 -9999.0 -9999.0 -9999.0 -9999.0 -9999.0 -9999.0 -9999.0 0.5953348210481375 -9999.0 -9999.0 -9999.0 0.5953348198137239
0.1744794811559193 0.9999 0.9999 0.9999 -9999.0 -9999.0 -9999.0 0.499951871544504 0.5488816297326623 0.9999 0.47575696858960825 0.5126002465085508 0.4683520983866191 0.5066929007196912 0.5070967467556533 0.4494085880244733 0.49739861557370446 0.5109072824172067 0.5227626687522838 0.4749216252147155 0.46624911841127653 0.21048403796926554 0.9999 0.9999 0.9999 0.9999 0.0537718788948791 -9999.0 -9999.0 -9999.0 -9999.0 -9999.0 -9999.0 -9999.0 -9999.0 -9999.0 -9999.0 -9999.0 -9999.0 -9999.0 -9999.0 -9999.0 -9999.0 -9999.0 -9999.0 -9999.0 -9999.0 -9999.0 -9999.0 -9999.0 -9999.0 -9999.0 -9999.0 -9999.0 -9999.0 -9999.0 -9999.0 -9999.0 -9999.0 -9999.0 0.5953348219702105
0.9999 -9999.0 -9999.0 -9999.0 -9999.0 -9999.0 -9999.0 -9999.0 -9999.0 0.9999 0.9999 0.9999 0.9999 0.9999 0.9999 0.3914631953159251 0.5177645389102834 0.4648752397880763 0.5205853243912593 0.4921843892151918 0.48966381406296433 0.48062132677766095 0.31376583561229204 0.14048868858559502 0.9999 0.07787466187113455 0.16024161359717828 -9999.0 -9999.0 -9999.0 -9999.0 -9999.0 -9999.0 -9999.0 -9999.0 -9999.0 -9999.0 -9999.0 -9999.0 -9999.0 -9999.0 -9999.0 -9999.0 -9999.0 -9999.0 -9999.0 -9999.0 -9999.0 -9999.0 -9999.0 -9999.0 -9999.0 -9999.0 -9999.0 -9999.0 -9999.0 -9999.0 -9999.0 -9999.0 -9999.0 -9999.0
-9999.0 -9999.0 -9999.0 -9999.0 -9999.0 -9999.0 -9999.0 -9999.0 -9999.0 -9999.0 -9999.0 -9999.0 0.9999 0.9999 0.9999 0.9999 0.9999 0.9999 0.9999 0.47812668233525557 0.5093031133481901 0.5018757722620267 0.4897672754870157 0.22753130703491634 0.9999 0.9999 0.4079193924733307 0.2545031060732458 -9999.0 -9999.0 -9999.0 -9999.0 -9999.0 -9999.0 -9999.0 -9999.0 -9999.0 -9999.0 -9999.0 -9999.0 -9999.0 -9999.0 -9999.0 -9999.0 -9999.0 -9999.0 -9999.0 -9999.0 -9999.0 -9999.0 -9999.0 -9999.0 -9999.0 -9999.0 -9999.0 -9999.0 -9999.0 -9999.0 -9999.0 -9999.0 -9999.0
-9999.0 -9999.0 -9999.0 -9999.0 -9999.0 -9999.0 -9999.0 -9999.0 -9999.0 -9999.0 -9999.0 -9999.0 0.8383177521764397 0.9999 0.9999 0.9999 0.9999 0.9999 0.9999 0.9999 0.9999 0.5046064017745929 0.5018557625750087 0.4331678900899407 0.3891190961230086 0.3563160872428961 0.3623202516748048 0.17421096955842805 -9999.0 -9999.0 -9999.0 -9999.0 -9999.0 -9999.0 -9999.0 -9999.0 -9999.0 -9999.0 -9999.0 -9999.0 -9999.0 -9999.0 -9999.0 -9999.0 -9999.0 -9999.0 -9999.0 -9999.0 -9999.0 0.9677580765348367 0.486431616829798 0.9677580767366711 0.5922594241885352 0.967758076669326 0.9677580766281539 -9999.0 -9999.0 -9999.0 -9999.0 -9999.0 -9999.0
-9999.0 -9999.0 -9999.0 -9999.0 -9999.0 -9999.0 -9999.0 -9999.0 -9999.0 -9999.0 -9999.0 -9999.0 -9999.0 -9999.0 -9999.0 0.5437620486988595 0.5194301252662671 0.9999 -9999.0 0.9999 0.9999 0.9999 0.9999 0.9999 0.9999 0.9999 0.9999 0.14020487112498944 0.23685260661004603 -9999.0 -9999.0 -9999.0 -9999.0 -9999.0 -9999.0 -9999.0 -9999.0 -9999.0 -9999.0 -9999.0 -9999.0 -9999.0 -9999.0 -9999.0 -9999.0 -9999.0 -9999.0 -9999.0 -9999.0 0.9687971496090685 0.599372383132081 0.6768848733426122 0.6680078404240676 0.9677580771651578 0.9677580771391773 -9999.0 -9999.0 -9999.0 -9999.0 -9999.0 -9999.0
-9999.0 -9999.0 -9999.0 0.7827926223648911 -9999.0 -9999.0 -9999.0 -9999.0 -9999.0 -9999.0 -9999.0 -9999.0 -9999.0 -9999.0 -9999.0 -9999.0 0.5432049767779424 0.5324666304056972 0.5159175330042333 0.9999 0.9999 0.9999 0.9999 0.9999 0.9999 0.9999 0.9999 0.9999 0.2076717990977441 0.2609255980627178 -9999.0 -9999.0 -9999.0 -9999.0 -9999.0 -9999.0 -9999.0 -9999.0 -9999.0 -9999.0 -9999.0 -9999.0 -9999.0 -9999.0 -9999.0 -9999.0 -9999.0 -9999.0 -9999.0 0.8872683951637118 0.8955877764271674 0.8873521846593821 0.8909538610582814 0.9678246339036863 -9999.0 -9999.0 -9999.0 -9999.0 -9999.0 -9999.0 -9999.0
0.6109584203138076 0.9634063444567799 0.5420199831146952 0.4237527642626074 0.5866688285706626 0.964686568508225 -9999.0 -9999.0 -9999.0 -9999.0 -9999.0 -9999.0 -9999.0 -9999.0 -9999.0 -9999.0 0.9999 0.9999 0.9999 0.9999 0.9999 0.23139081657559946 0.08906819362375833 0.1327771917839001 0.1525682499564711 0.525995890777765 0.9999975263810166 0.9999 0.9999 0.15356724442163266 0.10939676696744632 -9999.0 -9999.0 -9999.0 -9999.0 -9999.0 -9999.0 -9999.0 -9999.0 -9999.0 -9999.0 -9999.0 -9999.0 -9999.0 -9999.0 -9999.0 -9999.0 -9999.0 -9999.0 -9999.0 0.8875417057371511 0.887529127407712 0.8882574581961304 0.7708085260842328 0.6399119082742637 0.968189815696333 -9999.0 -9999.0 -9999.0 -9999.0 -9999.0
0.4109221583758209 0.27534949763767125 0.9633629203820855 0.7738253756150729 0.5243597315682584 0.42542568312797135 0.6327069834638857 0.9619581190738462 0.9623720641717584 -9999.0 -9999.0 0.9622130723688186 -9999.0 -9999.0 0.9683315517800158 0.9603474743660282 0.9612681199208747 0.9549906080500613 0.4163987910218019 0.9999 0.08391943250428045 0.9999 0.11995397412198666 0.03554763855411316 0.9999976764964361 0.9999 0.14622858890347668 0.9999974471218505 0.9999 0.9999976390177469 0.06422536921417546 0.038451732025871 -9999.0 -9999.0 -9999.0 -9999.0 -9999.0 -9999.0 -9999.0 -9999.0 -9999.0 -9999.0 -9999.0 -9999.0 -9999.0 -9999.0 -9999.0 -9999.0 -9999.0 -9999.0 -9999.0 -9999.0 -9999.0 0.8902252532971848 0.9685961840269537 0.9685688236235767 0.9683034593645188 -9999.0 -9999.0 -9999.0 -9999.0
0.9631187268907397 0.9623626674852654 0.6418735702772024 0.6165506953743338 0.6496734680959001 0.9633876480713413 0.9638077797963328 0.35766705688606626 0.361131204624039 0.34134482955997675 0.9625787336624954 0.9625710293926601 0.6124973775973341 0.8311913234589021 0.9622152424388449 0.9620081068700046 0.955860411222851 0.3467920386952298 0.4393169971111589 0.5254242991097188 0.10830213025133606 0.053432424902295356 0.9999 0.9999 0.039540660799137095 0.04316689611885517 0.07087356573190984 0.08449175442035504 0.07724142599382286 0.9999974218702891 0.9999976855820876 0.9999976428328641 0.9999971737862392 0.9999974933971455 -9999.0 -9999.0 -9999.0 -9999.0 -9999.0 -9999.0 -9999.0 -9999.0 -9999.0 -9999.0 -9999.0 -9999.0 -9999.0 -9999.0 -9999.0 -9999.0 -9999.0 -9999.0 -9999.0 -9999.0 -9999.0 -9999.0 -9999.0 0.9683034597112499 -9999.0 -9999.0 -9999.0
0.5162419115331732 0.6168436500251714 0.536624561616578 0.9695475357235225 0.9690000916219866 0.9671672619926298 0.9694250030860333 0.9691119032657366 0.9688418796036671 0.9677891680867815 0.9690285136724885 0.9689698036160715 0.968043740978191 0.9686667358839847 0.9689674783207135 0.3014665652194673 0.9647158106369055 0.7190562152567771 0.5308702471458608 0.4403673247955228 0.2911436986632265 0.1509881138527238 0.09132760633987502 0.9999 0.9999 0.999997688514272 0.9999974726907538 0.1548910020370408 0.13764217992013328 0.15771499269791797 0.03712019733001977 0.02267775328784172 0.9999971387433841 0.9999972097345726 -9999.0 -9999.0 -9999.0 -9999.0 -9999.0 -9999.0 -9999.0 -9999.0 -9999.0 -9999.0 -9999.0 -9999.0 -9999.0 -9999.0 -9999.0 -9999.0 -9999.0 -9999.0 -9999.0 -9999.0 -9999.0 -9999.0 -9999.0 0.8879880382977267 -9999.0 -9999.0 -9999.0
0.5731206573841572 0.6128930723214921 0.563080348699952 0.5851840092945872 0.5472372526400552 0.9689594159677636 0.3844029514973842 0.45830525644570197 0.9692038308172475 0.9695912656631415 0.968200916242902 0.967078687348041 0.9674867461414112 0.9681643592532739 0.9687143516466671 0.9669883098547956 0.9683759829703714 0.9695716931210808 0.9689008797378634 0.5845278739782793 0.5082095103474762 0.637177342749431 0.0950904430848604 0.9999 0.9999 0.9999975368733838 0.9999975251222641 0.0591905226190697 0.15526985716350028 0.13189725499355182 0.08964706839498902 0.9999973302776899 -9999.0 -9999.0 -9999.0 -9999.0 -9999.0 -9999.0 -9999.0 -9999.0 -9999.0 -9999.0 -9999.0 -9999.0 -9999.0 -9999.0 -9999.0 -9999.0 -9999.0 -9999.0 -9999.0 -9999.0 -9999.0 -9999.0 -9999.0 -9999.0 -9999.0 -9999.0 0.887732679367038 0.9681659200111576 0.9680139210335587
0.5704090857073334 0.5836798914054648 0.6391029285265682 0.623083772491595 0.5377113930889533 0.5082356557489682 0.4746315419555564 0.9694447523041514 0.285785483921507 0.9672984478910919 0.9686605784490186 0.969224668643314 0.969270187609863 0.9695428932687649 0.9692947884280418 0.3203386679899901 0.44790288052088895 0.5973002438866933 0.5230779266750704 0.9688507846970883 0.9694121498256082 0.29415270350575917 0.29415657906376763 0.034411292839936825 0.021688266271101663 0.9999 0.9999975639364602 0.6443600824055957 0.3234599312950709 0.16186822141130658 0.10243687984846188 0.0549501554624348 -9999.0 -9999.0 -9999.0 -9999.0 -9999.0 -9999.0 -9999.0 -9999.0 -9999.0 -9999.0 -9999.0 0.887732679699993 0.8877326796610071 0.8877326798766435 0.8877326798478246 -9999.0 -9999.0 -9999.0 -9999.0 -9999.0 -9999.0 -9999.0 -9999.0 -9999.0 -9999.0 -9999.0 0.8916262155535492 0.8889050016670121 0.8360109850587376
0.7327986813135018 0.568528316118893 0.5171040889184814 0.4807223604723301 0.38380133739884387 0.4526956944038887 0.25716560075216477 0.42095162668755665 0.3532193763282394 0.43527784948498865 0.4124323750899485 0.5017440761215164 0.5210806182956793 0.4443776991663951 0.9685607442684527 0.9694088610803222 0.5494942738757285 0.6003014476198769 0.5487358873242381 0.9687225543204343 0.35481000983122835 0.3332739545674071 0.9754306856783406 0.3109668943959123 0.2620224023518052 0.14773423577635558 0.22031879253604664 0.976483315044591 0.9764685113402304 0.9999976445619722 0.9999976155696185 -9999.0 -9999.0 -9999.0 -9999.0 -9999.0 -9999.0 -9999.0 -9999.0 -9999.0 -9999.0 -9999.0 -9999.0 -9999.0 -9999.0 0.8887372177139292 0.8914132793890666 0.8877326796437802 -9999.0 0.8877326780736021 -9999.0 -9999.0 -9999.0 -9999.0 -9999.0 -9999.0 -9999.0 -9999.0 -9999.0 0.8916262159442843 0.8888672959891861
0.6967484252506182 0.7000476654246184 0.5813718416620195 0.469294637254918 0.5508978798969743 0.9694600001619312 0.5144253848597362 0.4291528754030368 0.43160397820236035 0.5089753910160686 0.2124363792993789 0.4567671376667301 0.5325584838213882 0.6328210429372012 0.6881993428480941 0.5764433534522916 0.9693956666855073 0.9694969152370501 0.9695976162014134 0.34892558999847884 0.9686450808784567 0.9684091038863946 0.35991272886403114 0.9769071415993531 0.40530841532601153 0.305232277139004 0.9769671009207619 0.28594660380444414 0.3371881220475973 0.31866947832615433 0.32126215999727187 -9999.0 -9999.0 -9999.0 -9999.0 -9999.0 -9999.0 -9999.0 -9999.0 -9999.0 -9999.0 -9999.0 -9999.0 0.8955877764271674 0.8945227203557388 0.8945823236622792 0.9776888939727468 0.8955877764271674 0.8916628301298598 0.8917876118924565 0.8882171839857648 0.8955877764271674 0.8955877764271672 0.8877345498301965 0.8877326794410562 0.8877503895027006 0.8885669226089115 0.8916348009252288 -9999.0 -9999.0 -9999.0
0.7199230348530261 0.6582000318115846 0.3866226035918471 0.9695977885741596 0.9695812866382236 0.9693284614693555 0.9670209664874186 0.3355127597988652 0.5138664140936382 0.6271764615857076 0.578900803284383 0.6001477154352342 0.518604695521 0.61065343902764 0.6552229382638713 0.5765960645420326 0.578381606217418 0.9692484924541653 0.9695672104812171 0.9690157109762164 0.9692448738761901 0.9693164441020956 0.28924272554973024 0.40541088241733597 0.3491875828744996 0.25473558766108834 0.9763478066142471 0.6414632282572578 0.3044843271313143 0.9769995055745436 0.1985495426572472 0.4140458690689601 -9999.0 -9999.0 -9999.0 -9999.0 -9999.0 -9999.0 -9999.0 -9999.0 -9999.0 -9999.0 0.8938464659487523 0.977633336067267 0.9775989102665265 0.18341897815973543 0.17541640407615167 0.9774881864841802 0.9776436481523687 0.8930763071948998 0.07657047562446481 0.2843543432331677 0.8897578722004343 0.3181993495886066 0.40940317582587227 0.8915474342149305 0.17704958404540722 0.8955877764271674 0.8933287539067271 0.8946772220738385 -9999.0
0.5115589462774821 0.9693485600141304 0.9693409355748506 0.40596101904632237 0.6627875767074282 0.5574079517974507 0.6543983588578901 0.48118554414994186 0.5183173833622096 0.561097606003045 0.5664239828283091 0.5845990461305058 0.6570963322457944 0.6627038048896544 0.6228686592114423 0.5849441331636313 0.597411604107799 0.6361579568864937 0.2781704790307182 0.37992943013493163 0.9691037835251549 0.969460747193314 0.9770373813519756 0.47253317818643203 0.3786476568957106 0.43270800692998246 0.6462340834905085 0.9765191349900922 0.3261403291434729 0.9769325714691636 0.9776338516217555 0.3841522067729345 0.4165233970707051 0.27609391857171756 -9999.0 -9999.0 -9999.0 -9999.0 -9999.0 -9999.0 0.8955877764271674 0.9745246060074718 0.39150024711011805 0.3112356721894694 0.9775630210599231 0.9776333360644137 0.5062653886265065 0.28093436138951877 0.21234597656948018 0.303032058539288 0.9774632341552044 0.23796801070580617 0.8955877764271674 0.31501086742720974 0.2829244593397963 0.26001728431849686 0.8927690268266161 0.8923196207090158 -9999.0 -9999.0 -9999.0
0.9695847817496382 0.9678701613768338 0.645840938116145 0.6802471109196898 0.6108529470905777 0.4809112867818891 0.7517755541139961 0.6461401208633456 0.5911949411679227 0.7744570036345908 0.6786846716131353 0.6785716273736224 0.5338468946575692 0.5178658592571627 0.686727972065558 0.6762134508005172 0.6033130822386457 0.5836537952501221 0.9854434124457487 0.15339402995495507 0.9858561044547487 0.9861654030927671 0.9861242603459455 0.4335103465581912 0.31502056700127484 0.31770584998230056 0.23566497351754304 0.2558983338760989 0.9762981577365304 0.9763097138294838 0.9762262425010287 0.9760871070806575 0.5643821073793069 0.2850852956331752 0.5530997152338063 0.9736462280906786 0.9763825152138799 -9999.0 -9999.0 0.9755246805757966 0.9753196284488524 0.9777836648586082 0.9757108896625034 0.977594792206907 0.976580240574588 0.9776333360654723 0.9752063831225222 0.37168120043255887 0.29036478591465126 0.9771989080369492 0.26789805141681994 0.3514370126178729 0.16092496785537533 0.9776333360703907 0.892967394103343 0.8866924179913481 -9999.0 0.8921144107673485 0.8925041403462713 -9999.0 -9999.0
0.9645306603023288 0.6696591785542735 -9999.0 -9999.0 0.9659518266224522 0.6283286104095305 0.7852004780702441 0.7035787027263847 0.62220546349298 0.5913936440532641 0.9740846568269409 0.8035194096597108 0.6655204242055958 0.4788997648435758 0.5867894419498906 0.4034644689736917 0.9854119832608867 0.6912209816774401 0.7142520488672861 0.706348961410762 0.7547292933842255 0.5365082653025459 0.9860031055741221 0.6287627288983425 0.6496067371407165 0.976991701508314 0.9771707287317709 0.9766842128189098 0.36867452176685556 0.3557521232420231 0.9767779015324746 0.3143865895587355 0.9756330188128854 0.338628179425341 0.9763831711134886 0.21134883998570275 0.27632057049860015 0.9776540073224274 0.971607319351587 0.9677598826664728 0.9776444294804849 0.9753878174889039 0.9751829799546639 0.9752949313389861 0.9754645394449297 -9999.0 0.9776333360719757 0.9776467664490929 0.28570117285939295 0.2561457112276398 0.3532092616416507 0.23238056983087083 0.4335874974806877 0.9765571673542821 0.9776428063424382 0.8888452976424757 -9999.0 -9999.0 0.8930943878681578 0.8955877764271674 0.8955877764271674
