critload/trunk/output/1999/frnfe.asc
ncols 720
nrows 360
xllcorner -180.0
yllcorner -90.0
cellsize 0.5
NODATA_value -9999.0
[rows 135 to 161 of 360, columns 305 to 365 of 720]
-9999.0 -9999.0 -9999.0 -9999.0 -9999.0 -9999.0 -9999.0 -9999.0 -9999.0 -9999.0 -9999.0 -9999.0 -9999.0 -9999.0 -9999.0 -9999.0 -9999.0 -9999.0 -9999.0 -9999.0 -9999.0 0.0001 0.0001 0.0001 0.0001 0.0001 0.0001 0.0001 0.0001 0.0001 0.0001 0.0001 0.0001 0.0001 0.0001 0.0001 0.0001 0.0001 0.0001 0.0001 0.0001 0.0001 0.0001 0.0001 0.0001 0.0001 0.0001 0.0001 0.0001 0.0001 0.0001 0.0001 0.0001 0.0001 0.0001 0.0001 0.0001 0.0001 0.0001 0.0001 0.0001
-9999.0 -9999.0 -9999.0 -9999.0 -9999.0 -9999.0 -9999.0 -9999.0 -9999.0 -9999.0 -9999.0 -9999.0 -9999.0 -9999.0 -9999.0 -9999.0 -9999.0 -9999.0 -9999.0 -9999.0 -9999.0 0.0001 0.0001 0.0001 0.0001 0.0001 0.0001 0.0001 0.0001 0.0001 0.0001 0.0001 0.0001 0.0001 0.0001 0.0001 0.0001 0.0001 0.0001 0.0001 0.0001 0.0001 0.0001 0.0001 0.0001 0.0001 0.0001 0.0001 0.0001 0.0001 0.0001 0.0001 0.0001 0.0001 0.0001 0.0001 0.0001 0.0001 0.0001 0.0001 0.0001
-9999.0 -9999.0 -9999.0 -9999.0 -9999.0 -9999.0 -9999.0 -9999.0 -9999.0 -9999.0 -9999.0 -9999.0 -9999.0 -9999.0 -9999.0 -9999.0 -9999.0 -9999.0 -9999.0 -9999.0 0.0001 0.0001 0.0001 0.0001 0.0001 0.0001 0.0001 0.0001 0.0001 0.0001 0.0001 0.0001 0.0001 0.0001 0.0001 0.0001 0.0001 0.0001 0.0001 0.0001 0.0001 0.0001 0.0001 0.0001 0.0001 0.0001 0.0001 0.0001 0.0001 0.0001 0.0001 0.0001 0.0001 0.0001 0.0001 0.0001 0.0001 0.0001 0.0001 0.0001 0.0001
-9999.0 -9999.0 -9999.0 -9999.0 -9999.0 -9999.0 -9999.0 -9999.0 -9999.0 -9999.0 -9999.0 -9999.0 -9999.0 -9999.0 -9999.0 -9999.0 -9999.0 -9999.0 -9999.0 -9999.0 0.0001 0.0001 0.0001 0.0001 0.0001 0.0001 0.0001 0.0001 0.021082063577991347 0.0001 0.0001 0.010940841282617207 0.0001 0.0001 0.0001 0.0001 0.0001 0.0001 0.0001 0.0001 0.0001 0.0001 0.0001 0.0001 0.0001 0.0001 0.0001 0.0001 0.0001 0.0001 0.0001 0.0001 0.0001 0.0001 0.0001 0.0001 0.0001 0.0001 0.0001 0.0001 0.0001
-9999.0 -9999.0 -9999.0 -9999.0 -9999.0 -9999.0 -9999.0 -9999.0 -9999.0 -9999.0 -9999.0 -9999.0 -9999.0 -9999.0 -9999.0 -9999.0 -9999.0 -9999.0 -9999.0 -9999.0 -9999.0 -9999.0 0.0001 0.0001 0.0001 0.0001 0.0001 0.0001 0.0016227136448967291 0.0001 0.0001 0.0001 0.0001 0.0001 0.0001 0.0001 0.0001 0.0001 0.0001 0.0001 0.0001 0.0001 0.0001 0.0001 0.0001 0.0001 0.0001 0.0001 0.0001 0.0001 0.0001 0.0001 0.0001 0.0001 0.0001 0.0001 0.0001 0.0001 0.0001 0.0001 0.0001
-9999.0 -9999.0 -9999.0 -9999.0 -9999.0 -9999.0 -9999.0 -9999.0 -9999.0 -9999.0 -9999.0 -9999.0 -9999.0 -9999.0 -9999.0 -9999.0 -9999.0 -9999.0 -9999.0 -9999.0 -9999.0 -9999.0 0.0001 0.0001 0.0001 0.0001 0.0001 0.004801212568267031 0.006044459744756211 0.0001 0.0001 0.0001 0.0001 0.0001 0.0001 0.0001 0.0001 0.0001 0.0001 0.0001 0.0001 0.0001 0.0001 0.0001 0.0001 0.0001 0.0001 0.0001 0.0001 0.0001 0.0001 0.0001 0.0001 0.0001 0.0001 0.0001 0.0001 0.0001 0.0001 0.0001 0.0001
-9999.0 -9999.0 -9999.0 -9999.0 -9999.0 -9999.0 -9999.0 -9999.0 -9999.0 -9999.0 -9999.0 -9999.0 -9999.0 -9999.0 -9999.0 -9999.0 -9999.0 -9999.0 -9999.0 -9999.0 -9999.0 -9999.0 0.0001 0.0001 0.0001 0.0001 0.0022729513502348477 0.0001 0.0001 0.0001 0.0001 0.0001 0.0001 0.0001 0.0001 0.0001 0.0001 0.0001 0.0001 0.0001 0.0001 0.0001 0.0001 0.0001 0.0001 0.0001 0.0001 0.0001 0.0001 0.0001 0.0001 0.0001 0.0001 0.0001 0.0001 0.0001 0.0001 0.0001 0.0001 0.0001 0.0001
-9999.0 -9999.0 -9999.0 -9999.0 -9999.0 -9999.0 -9999.0 -9999.0 -9999.0 -9999.0 -9999.0 -9999.0 -9999.0 -9999.0 -9999.0 -9999.0 -9999.0 -9999.0 -9999.0 -9999.0 -9999.0 -9999.0 0.0001 0.0001 0.0001 0.0001 0.0001 0.0001 0.0001 0.0001 0.0001 0.0001 0.0001 0.0001 0.0001 0.0001 0.0001 0.0001 0.0001 0.0001 0.0001 0.0001 0.0001 0.0001 0.0001 0.0001 0.0001 0.0001 0.0001 0.0001 0.0001 0.0001 0.0001 0.0001 0.0001 0.0001 0.0001 0.0001 0.0001 0.0001 0.0001
-9999.0 -9999.0 -9999.0 -9999.0 -9999.0 -9999.0 -9999.0 -9999.0 -9999.0 -9999.0 -9999.0 -9999.0 -9999.0 -9999.0 -9999.0 -9999.0 -9999.0 -9999.0 -9999.0 -9999.0 -9999.0 -9999.0 0.0001 0.0001 0.0001 0.0001 0.0001 0.0001 0.0001 0.0001 0.001693685980709792 0.0001 0.00010367513532351872 0.0001 0.0001 0.0001 0.0001 0.0001 0.0001 0.0001 0.0001 0.0001 0.0001 0.0001 0.0001 0.0001 0.0001 0.0001 0.0001 0.0001 0.0001 0.0001 0.0001 0.0001 0.0001 0.0001 0.0001 0.0001 0.0001 0.0001 0.0001
-9999.0 -9999.0 -9999.0 -9999.0 -9999.0 -9999.0 -9999.0 -9999.0 -9999.0 -9999.0 -9999.0 -9999.0 -9999.0 -9999.0 -9999.0 -9999.0 -9999.0 -9999.0 -9999.0 -9999.0 -9999.0 -9999.0 0.0001 0.0001 0.0001 0.0001 0.0001 0.0001 0.0001 0.0008586145138364007 0.002063306639174204 0.0005103003846514799 0.0001 0.0001 0.0001 0.0001 0.0001 0.0001 0.0001 0.0001 0.0001 0.0001 0.0001 0.0001 0.0001 0.0001 0.0001 0.0001 0.0001 0.0001 0.0001 0.0001 0.0001 0.0001 0.0001 0.0001 0.0001 0.0001 0.0001 0.0001 0.0001
-9999.0 -9999.0 -9999.0 -9999.0 0.018079738664463513 -9999.0 -9999.0 -9999.0 -9999.0 -9999.0 -9999.0 -9999.0 -9999.0 -9999.0 -9999.0 -9999.0 -9999.0 -9999.0 -9999.0 -9999.0 -9999.0 -9999.0 0.0001 0.0001 0.0001 0.0001 0.0001 0.0001 0.0001 0.0001 0.0001 0.0001 0.0010810537420355608 0.0015091237857035155 0.0001 0.0001 0.0001 0.0001 0.0001 0.0001 0.0001 5.382152155282122e-05 0.0001 0.0001 0.0001 0.0001 0.0001 0.0001 0.0001 0.0001 0.0001 0.0001 0.0001 0.0001 0.0001 0.0001 0.0001 0.0001 0.0001 0.0001 0.0001
-9999.0 -9999.0 -9999.0 -9999.0 0.03577195381037198 0.020410767969013466 0.010496345711769451 -9999.0 -9999.0 0.0001 -9999.0 -9999.0 -9999.0 -9999.0 -9999.0 -9999.0 -9999.0 -9999.0 -9999.0 -9999.0 -9999.0 -9999.0 0.1474420730315393 0.13413188892353756 0.10655982164065701 0.06852635986666285 0.043238465809255826 0.0001 0.0001 0.0001 0.0001 0.007444441641096385 0.0001 0.001006929824413081 0.005476303477346453 0.0001 0.0001 0.0001 0.0001 0.0001 0.0001 0.0001 0.0001 0.0001 0.0001 0.0001 0.0001 0.005037809923528358 0.0063437012444702515 0.0065922162770434 0.007151608484239773 0.0008698379456282321 0.0001 0.0001 0.0001 0.0001 0.0001 0.0001 0.0001 0.0001 0.0001
-9999.0 -9999.0 -9999.0 -9999.0 -9999.0 -9999.0 -9999.0 -9999.0 -9999.0 0.00065379026217431 -9999.0 -9999.0 -9999.0 -9999.0 -9999.0 -9999.0 -9999.0 -9999.0 -9999.0 -9999.0 -9999.0 -9999.0 0.046116430128980264 0.060868346540704166 0.0001 0.0001 0.001747935292600505 0.027370171158361236 0.018081614429554766 0.03616222620438689 0.0001 0.008482994333163577 0.0010832777109629397 0.0001 0.0005039611199695549 0.0001 0.0001 0.0006896052268161951 0.0001 0.0001 0.00019688656066690227 0.0008018158043500363 0.0001 0.0001 0.0001 0.0001 0.0018913597013243153 0.046245206761264805 0.022973162947828654 0.0001 0.0001 0.0001 0.0001 0.0001 0.0044098546207929365 0.0001 0.0001 0.0001 0.0001 0.0001 0.0001
-9999.0 -9999.0 -9999.0 -9999.0 -9999.0 -9999.0 -9999.0 -9999.0 -9999.0 -9999.0 -9999.0 -9999.0 -9999.0 -9999.0 -9999.0 -9999.0 -9999.0 -9999.0 -9999.0 -9999.0 -9999.0 0.014039616822786224 0.05948306955207936 0.082595203075264 0.001720616884208581 0.0006117302633205202 0.0001 0.0001 0.03681073130848733 0.02587600231174154 0.0001 0.0001 0.0001 0.0001 0.0001 0.003501632534836959 0.0001 0.0005580840902129167 0.0001 0.0001 0.0001 0.0001 0.0001 0.0001 0.0001 0.0001 0.012423998305228875 0.0001 0.005958381332662953 0.0001 0.0001 0.0001 0.0001 0.0001 0.0001 0.00017933323922234026 0.0001 0.0001 0.0001 0.0001 0.0001
-9999.0 -9999.0 -9999.0 -9999.0 -9999.0 -9999.0 0.0001 0.04648303309138099 0.003280176259158599 -9999.0 -9999.0 -9999.0 -9999.0 -9999.0 -9999.0 -9999.0 -9999.0 -9999.0 -9999.0 -9999.0 0.0001 0.037630821547505716 0.006893611567885355 0.0068497449296268656 0.007024659979943048 0.0007268909823182782 0.000276519750838213 0.0001 0.013367526034562394 0.03293308841383923 0.0001 0.008766574772365305 0.03331096585198662 0.019792730412636357 0.0010502180206198677 0.020564741172812023 0.007826694941659653 0.024618023288125027 0.02604651498881991 0.04254181135838096 0.02860298647410394 0.014328481482096951 0.0001 0.0001 0.007050702059485381 0.0001 0.0001 0.0001 0.0001 0.0001 0.0001 0.0001 0.0001 0.00018824598025595193 0.00011624604435989043 0.0001 0.0001 0.0001 0.00014660014378553365 0.00010019723653992502 0.0001
-9999.0 -9999.0 -9999.0 -9999.0 -9999.0 0.0001 0.0015807521149352709 0.024881102678945385 -9999.0 -9999.0 -9999.0 -9999.0 -9999.0 -9999.0 -9999.0 -9999.0 -9999.0 -9999.0 -9999.0 -9999.0 0.20329479057719443 0.0902837886209636 0.30316450541182194 0.025938900758979484 0.03541051786196961 0.03178128209848713 0.0042302066211388645 0.0006704186181023266 0.0011053159777057407 0.0339118291248549 0.0238760878301478 0.0609810200805718 0.05073426792930618 0.07041643852420587 0.024626559461247817 0.06514929621999545 0.06148059134478346 0.03864391876673763 0.045551198746462115 0.03446759380492923 0.015433025653853832 0.029481783934438083 0.00700799116778263 0.0001 0.028151121113897386 0.00029864489776169635 0.029863531015185425 0.03834830413454087 0.02166940610025398 0.014362574770893338 0.0001 0.0001 0.0001 7.883642349928476e-05 0.0004987720380558581 3.7954270721242925e-05 0.0012329038351040207 0.0003869302629318654 6.476015876211994e-05 0.0035311398606461156 3.8921187200110924e-05
-9999.0 -9999.0 -9999.0 -9999.0 -9999.0 -9999.0 -9999.0 -9999.0 -9999.0 -9999.0 -9999.0 -9999.0 -9999.0 -9999.0 -9999.0 -9999.0 -9999.0 -9999.0 -9999.0 -9999.0 -9999.0 0.10516468679734947 0.20545857056836428 0.26173793884602964 0.21761750698732235 0.15156353544507473 0.08286708267235184 0.0031959511559716126 0.0458790046162008 0.02946347211703281 0.021947332631519406 0.04055445122583234 0.04025213118846399 0.010919099814200372 0.011535316064158902 0.04493951575046617 0.07786500309642541 0.04278256336864152 0.017128998272868644 0.01082342056424953 0.042496785491088616 0.02301013133257201 0.04483614422630405 0.01043646355581231 0.0031737038629979916 0.012170981970478506 0.05759238905543774 0.05117129990267078 0.032317841001929574 0.0002566175283434831 0.0001 0.0001 1.7736385209197887e-06 0.0001 0.0001 9.37253250100611e-05 0.0001 0.002535086713404313 0.001016414149992858 0.003571910240487765 0.0013999035876483357
-9999.0 -9999.0 -9999.0 -9999.0 -9999.0 -9999.0 -9999.0 -9999.0 -9999.0 -9999.0 -9999.0 -9999.0 -9999.0 -9999.0 -9999.0 -9999.0 -9999.0 -9999.0 -9999.0 -9999.0 -9999.0 0.0611424878363058 0.14845719931049758 0.10498190128633036 0.07462486353818343 0.06815150541730178 0.03896085159575136 0.04238673831873229 0.06264111005798728 0.06303949183193089 0.0243913259746279 0.0001 0.003430182859313164 0.011032001023870587 0.003656252513157562 0.0027255102140361074 0.0075342482635535 0.022890735252121965 0.047199770177206654 0.09594082297682971 0.06688923588828626 0.007958649559506474 0.052224526356271374 0.031951485966814804 0.01161108517485197 0.040160547389315064 0.05031540752249344 0.019892779752516767 0.08553020038491825 0.00011660081631824523 0.00013698867298877533 0.0001 0.0001 0.0001 2.3182572926294737e-05 0.0001 0.0007945418131712411 0.0014392288736786777 0.0019606813562278117 0.002477367766113502 0.0016810289510101172
-9999.0 -9999.0 -9999.0 -9999.0 -9999.0 -9999.0 -9999.0 -9999.0 -9999.0 -9999.0 -9999.0 -9999.0 -9999.0 -9999.0 -9999.0 -9999.0 -9999.0 -9999.0 -9999.0 -9999.0 -9999.0 0.06993734732411239 0.03832976374693394 0.047804284478531835 0.05874567997534076 0.18450348252976354 0.058437107246893764 0.08190259474360895 0.024869881776626544 0.0068141901780626865 0.005994523832093407 0.002810879095320546 0.0033423715432384423 0.003636309162904697 0.002903919299449682 0.0415729387007049 0.048087852485377294 0.016813999930800745 0.04549527302325963 0.053393952779655855 0.07794875905859448 0.10962836275915534 0.09954744315256532 0.053512051403893916 0.07179485944632823 0.08757477870310876 0.04833334588113356 0.02073525201965456 0.034419887266415344 0.013579409800473579 0.006373359688728653 0.0035779468723386412 0.01726890330739514 0.0004157037166678674 0.001075095776219374 0.0011214517844864364 0.02500577180656394 0.006542865896142392 0.00463942032939851 0.006185524234186524 0.004631223085614437
-9999.0 -9999.0 -9999.0 -9999.0 -9999.0 -9999.0 -9999.0 -9999.0 -9999.0 -9999.0 -9999.0 -9999.0 -9999.0 -9999.0 -9999.0 -9999.0 -9999.0 -9999.0 -9999.0 -9999.0 -9999.0 0.07293270846130674 0.13067961357375138 0.209538953068237 0.14495191419261505 0.14737395864497188 0.08805907209562867 0.04353522722299538 0.05504106323657796 0.0015633131635482173 0.007646402324181118 0.003776069490914777 0.001236485887256871 0.0001 0.003520585434949293 0.034308429808843376 0.028695077582422887 0.027039299011836482 0.04769843007445111 0.06207530422407645 0.046845804262342264 0.08770253236362435 0.0738577848967109 0.12871029106968643 0.10963799683764147 0.10374932654277307 0.07344473646170627 0.04359157222238377 0.02904175381961691 0.02877813387173343 0.01871465877991811 0.02104235202014642 0.0196362189382494 0.015184648670540193 0.028709872505322732 0.017841245764226556 0.00818092217504345 0.028465734345467585 0.014093508149508277 0.017210784941686146 0.011408987013676194
-9999.0 -9999.0 -9999.0 -9999.0 -9999.0 -9999.0 -9999.0 -9999.0 -9999.0 -9999.0 -9999.0 -9999.0 -9999.0 -9999.0 -9999.0 -9999.0 -9999.0 -9999.0 -9999.0 -9999.0 -9999.0 0.05701492836475993 0.005264279109079839 0.008221461058357879 0.008801124595944001 0.0069287011369653945 0.003858030043482586 0.004291712477270203 0.0029483068790057245 0.0053904048699136495 0.0035199843309421065 0.0009148010024202059 0.0003785262918510254 0.0001 0.007390085116821547 0.008089156469824454 0.003940161394092094 0.028696970329551062 0.08538431912806532 0.07036017857108931 0.04590673922031986 0.08015131981680881 0.0632572791997702 0.07310480944085292 0.07179513351786079 0.07655442541932461 0.10138584229820512 0.09093352166844268 0.03243952277282188 0.032177630009456115 0.06858131628859877 0.2165419007959592 0.06480668607027411 0.05748159522943679 0.06273998552904858 0.12150574828976492 0.07278855829295597 0.02646429332051463 0.06022786497646529 0.02786516746081849 0.16601397277481647
-9999.0 -9999.0 -9999.0 -9999.0 -9999.0 -9999.0 -9999.0 -9999.0 -9999.0 -9999.0 -9999.0 -9999.0 -9999.0 -9999.0 -9999.0 -9999.0 -9999.0 -9999.0 -9999.0 -9999.0 -9999.0 -9999.0 0.006127611660053132 0.007943902581925033 0.008655030399055139 0.003701673312736092 0.003041765072386357 0.0068174948540486125 0.0036599095686495053 0.003102985209747563 0.0037995869301768203 0.0016336850215424234 0.000828596510981824 0.004934553023198429 0.002111427191736182 0.005738364252521043 0.008972419326312351 0.052267550856199343 0.05655856509183304 0.052323751590690186 0.049714252168086545 0.09910066455618997 0.07602403483010785 0.07230664199292419 0.03505258653928953 0.06934237897163206 0.06446484358698899 0.021538817204502902 0.08157509797844031 0.04001359956413568 0.10900031705635631 0.12916924666883775 0.2122567297961628 0.08519088146638518 0.07779858996382179 0.06785300383016021 0.012469777289228087 0.02060258246199185 0.03891503086189969 0.0706926721769325 0.4399748004348585
-9999.0 -9999.0 -9999.0 -9999.0 -9999.0 -9999.0 -9999.0 -9999.0 -9999.0 -9999.0 -9999.0 -9999.0 -9999.0 -9999.0 -9999.0 -9999.0 -9999.0 -9999.0 -9999.0 -9999.0 -9999.0 -9999.0 0.00768632754049804 0.011214863750158613 0.005433455422027379 0.009377127153042652 0.0029026708974450657 0.04274692857316751 0.034093900519261096 0.013921705760081081 0.007165582587142954 0.0008501552269499605 0.004066577908646294 0.006030053656087259 0.0006298102434425369 3.2409649494818775e-05 0.013900497619800754 0.008728388134817657 0.05239250749665222 0.0447806950790353 0.0764258847566568 0.053981475589832635 0.07912786905341089 0.08710861660913564 0.02691579816804132 0.014154725075071005 0.03723950677124095 0.04205176791883552 0.03335127725381925 0.030984420596643934 0.13891505283568775 0.05515255830985962 0.02354039529835685 0.041588832081910394 0.06731842980668395 0.1618750274028352 0.025311665702444825 0.07611283110946065 0.07452413539056356 0.17186655152460195 0.3358130846277516
-9999.0 -9999.0 -9999.0 -9999.0 -9999.0 -9999.0 -9999.0 -9999.0 -9999.0 -9999.0 -9999.0 -9999.0 -9999.0 -9999.0 -9999.0 -9999.0 -9999.0 -9999.0 -9999.0 -9999.0 -9999.0 -9999.0 -9999.0 -9999.0 0.008079359192769805 0.01552703879559944 0.01999542638613761 0.028355949293531805 0.03861952215030798 0.01625253113161742 0.004891085856799392 0.003035384338586866 0.0045598852520470695 0.0032653878523655915 0.000541343338392456 0.0035902082370371582 0.004979763688219684 0.0043835964791323215 0.0319452974726743 0.03113062163728753 0.13404313040762253 0.0538700643229226 0.07712318977549304 0.05825697610258657 0.08930514811728679 0.06521259532445817 0.05834729013588515 0.03717610497106268 0.04310528572088968 0.06119431800409584 0.058661886989945886 0.04467082087630281 0.046320507460407834 0.07314580020547395 0.11055595599783237 0.12063715890979322 0.1574083716965116 0.44281788155867574 0.22830871462326374 0.013511507066403887 0.2659008864319372
-9999.0 -9999.0 -9999.0 -9999.0 -9999.0 -9999.0 -9999.0 -9999.0 -9999.0 -9999.0 -9999.0 -9999.0 -9999.0 -9999.0 -9999.0 -9999.0 -9999.0 -9999.0 -9999.0 -9999.0 -9999.0 -9999.0 -9999.0 -9999.0 -9999.0 0.0050640484854207685 0.017780645725495557 0.00733172954113643 0.007489283346109275 0.011004046286217194 0.010203955757333976 0.004698228219473703 0.003920610661349101 0.000892106678889531 0.0001778326833516519 0.0004442608743636917 0.004372024546491746 0.00032561629727562277 0.0007572166198175974 0.03080591062997799 0.029537258114097797 0.28234243032696044 0.38605928627574837 0.43290654605604445 0.4662847236685404 0.022239714031745836 0.010394104789264547 0.0020340473441582776 0.017813440987306427 0.04922073884150537 0.041924306141497586 0.021615822593494018 0.04175523988720059 0.0696359948465724 0.10054783052428364 0.07775972100415257 0.2303190456953109 0.4718889900906543 0.3264848633914237 0.3081133826781563 0.24041215810634503
-9999.0 -9999.0 -9999.0 -9999.0 -9999.0 -9999.0 -9999.0 -9999.0 -9999.0 -9999.0 -9999.0 -9999.0 -9999.0 -9999.0 -9999.0 -9999.0 -9999.0 -9999.0 -9999.0 -9999.0 -9999.0 -9999.0 -9999.0 -9999.0 -9999.0 -9999.0 -9999.0 0.005208337018831547 0.013697098285707407 0.022622970246406138 0.0003402327590805555 0.00012502258893184258 8.866830350461226e-05 0.00079340980565379 0.00034989189330765226 0.0003775290429968247 7.887734513256674e-05 0.000319053462297044 0.00015384189007738473 0.017486086817872514 0.0034392814465933168 0.08667445414752185 0.20019737930234344 0.22176850959352234 0.31215698964333216 0.0067874138603803875 0.003102980530768391 0.01456152905828794 0.041126676600996316 0.0634317507956334 0.060976354362749785 0.0070244777101541875 0.06298537542855023 0.11475779903518202 0.08456212692871896 0.08622312236273494 0.15639418406366573 0.15445728048351148 0.19849846658560638 0.15298415032347157 0.24239326008804965
-9999.0 -9999.0 -9999.0 -9999.0 -9999.0 -9999.0 -9999.0 -9999.0 -9999.0 -9999.0 -9999.0 -9999.0 -9999.0 -9999.0 -9999.0 -9999.0 -9999.0 -9999.0 -9999.0 -9999.0 -9999.0 -9999.0 -9999.0 -9999.0 -9999.0 -9999.0 -9999.0 -9999.0 0.030693176324569763 0.0010831725377912 0.00019899766488905873 0.0004273875332605708 0.0010794255907159156 7.596162905810095e-05 0.006240672140330577 0.008820543785869533 0.0016955069463602723 0.002957772860922926 0.001778011361968943 0.0062922678897738915 0.01106078018548918 0.02190364487816059 0.09876361811939482 0.204906047269693 0.12632108212993082 0.006702753977278147 0.007499365752424449 0.0001 0.005833947932545187 0.23519932586758896 0.05109248803033842 0.03441805136706687 0.03916919968567484 0.07054790960806483 0.034831263706582634 0.040487045718134086 0.39353367342652623 0.10789791363124547 0.47513593768426793 0.5564277109167542 0.5310622143265219
