critload/trunk/output/1999/fsro_nat.asc
ncols 720
nrows 360
xllcorner -180
yllcorner -90
cellsize 0.5
NODATA_value -1
[rows 56 to 83 of 360, columns 63 to 125 of 720]
0.024022544825642717 0.023372487671969883 0.020668692597513597 0.020275640782415713 0.01967913928141783 0.01630884241634405 0.013281882618847244 0.014287710085112412 0.02082640816146712 0.0232531287339228 0.019439396958273184 0.023583681213525935 0.023764083821950884 0.021743811020591537 0.020478783577299584 0.014537062216007653 0.016925854504390082 0.01719503296023156 0.01704497902620775 0.0 0.0 0.0 0.0 0.0 0.0 0.0 0.009270114844850264 0.01249048604719931 0.01706445864046348 0.020495411268513918 0.01906181549271597 0.01760523989859403 0.015141242156415154 0.0 0.009536395347178678 0.008757707400069238 0.012177941132565212 0.01338387144069238 0.018054229628552854 0.020117019665125784 0.020638627519697195 0.020120786567536846 0.018018424521450045 0.018586926266575644 0.016945157638893416 0.016848743372030756 0.01687104330620172 0.01431503673478409 0.011031606043035042 0.01196629862079785 0.01032139258693511 0.0015292121877976842 0.004201089316979305 0.0015747634126695063 0.0010238929291670846 0.001630879760712662 0.0020962375507371667 0.002545523727130448 0.0018450836607450786 0.0015556629709359059 0.000592056428786635 0.0007224006315999658 0.0003298953056273836
0.023056775705347726 0.019663798450779733 0.020029778238705696 0.016368735465215795 0.021550851364930453 0.022980174561934644 0.023788255991621866 0.024227939799972287 0.023146738768860677 0.022742377684767695 0.021391607814328504 0.019683340986355893 0.023417469045817086 0.023164837730965893 0.0041985288307917505 0.00498597213527792 0.011434668386840081 0.0213549154058198 0.018610788192663614 0.018189303735474692 0.018322050313943215 0.01584820160171426 0.0 0.0 0.01144154902744659 0.0 0.0 0.012517710637393369 0.015075008753169621 0.018073115275359337 0.018255217541020684 0.0163164637433404 0.014994938373256573 0.014238385597964743 0.01604495469172668 0.018305483737597383 0.01646826564619689 0.01392209761350673 0.011075599893297925 0.01855670924690862 0.018679557914595052 0.013862892956495785 0.01288786366206294 0.01497883582798722 0.013114356829934207 0.013193653684173356 0.014379338993161584 0.01731930606899054 0.015391007665889475 0.012760709759749182 0.009952475887288533 0.0 0.0020948365571815415 0.0016207411986482747 0.0013117533967344568 0.0010399645552786664 0.001192779504510555 0.00117988282844546 0.0010137479744164579 0.0008167287929186372 0.0009157889864701438 0.0004549191612271431 0.00035253825935113866
0.022190439987801968 0.020658524174509748 0.014550753333027263 0.011909333768473614 0.009354026631722473 0.010143866901551996 0.014225916842432393 0.01996946878876661 0.02113781082170638 0.021509838103057417 0.019351016108685788 0.02200663416881741 0.020804501817368714 0.016139489637394176 0.015421287578736929 0.001192794825088227 8.86520938014211e-05 -1 0.008675519740548556 0.023820243741600144 0.02114292179905098 0.017213625329685903 0.015452615594737231 0.01449619986176993 0.015051205096727204 0.014876562466910935 0.011522505628640586 0.013481198863130423 0.015445783447964623 0.014644697872762224 0.013443258917710109 0.00986260115214743 0.009656320607444046 0.008992431669666852 0.011210040349385735 0.01506515233639447 0.012516493411021009 0.010707734328328646 0.011050233356107355 0.011750634177401095 0.013212665860094888 0.010551121522329936 0.01073413465974049 0.010770964912008055 0.007785507851161854 0.007443910682155548 0.010663611184491394 0.011226586280042602 0.015612933683830784 0.012303425219864434 0.0016731848776874538 0.0034546283541123293 0.00185947616647508 0.0013459357216841412 0.0006845164454080803 0.0019538032167577143 0.0024583260306262553 0.0017770664968839273 0.000672947045789448 0.0006987841085797328 0.0010439160729133533 0.0008413012854512532 0.0005793312247536929
0.023756481645952933 0.0018029110100945005 0.006159997898792105 0.006558781983674089 0.0037552507427323963 0.0022451789531579237 0.0038144864942091157 0.004234183933547692 0.007682052381145019 0.010438437986705846 0.008279854442681213 0.01463629153236608 0.013622791486437247 0.008574214003559438 0.014974607024957398 0.006505985391768712 0.004962745280187795 0.0055954466268722455 0.0034357750381154894 -1 0.021702863285863395 0.020718415422691733 0.019229768122302954 0.017287340119816384 0.020362938250641803 0.01932756290905849 0.018978176396088026 0.017692768739277505 0.012313533279871914 0.011311401424178075 0.011777873820120464 0.0097384064470417 0.011368908301783205 0.014559161167836641 0.014738624476745937 0.01588413588819905 0.012094603061972388 0.004589630000518499 0.003837047315757916 0.007234750948915138 0.009785523821190743 0.009344156219454522 0.012834370767529685 0.00992281019441176 0.0076045768247820274 0.009398855504488735 0.011411287072626484 0.012891210411482208 0.013846266187123448 0.007867791540434956 0.004025112137971951 0.003682028479455408 0.0034533024396348104 0.002330195075562876 0.002362801558021618 0.001665957544338038 0.002237775758420038 0.0019116908344305617 0.0019396659140995787 0.0016712611185724239 0.0021711616439715623 0.00454891694587832 0.004853976457153104
-1 0.005068709572781201 0.0024069913801435415 -1.0 -1.0 -1.0 -1.0 -1 -1 -1.0 -1.0 -1.0 -1.0 0.007943071069053897 0.0039794241767251584 0.0018774840368563925 0.00324777316958222 0.012468267241129908 0.016212930232103843 0.012682169970040945 0.020652049167790152 0.02514643564448844 0.02367679084762307 0.021576479977737265 0.022416525286206215 0.025314675305085046 0.025171378163215477 0.022827220011671926 0.018228157148269548 0.014823875768085347 0.016362107630794903 0.015390108867398652 0.010835259451559534 0.013081936977150372 0.017093347817187764 0.018197832337657933 0.019230948128225674 0.013615682020050637 0.008372705988058749 0.007855316937453324 0.006792087918624624 0.009283673739653312 0.011995009888225092 0.011727863196626612 0.012957984203905353 0.013448615917566346 0.01377898934635396 0.012351641154107317 0.008452193949424256 0.004648649498196657 0.0025849859486862807 0.0029461380226222934 0.001977473750783581 0.0020327759165618417 0.0016699094571017406 0.0013335933776799705 0.0010892066005743263 0.0013007772272964726 0.0010079631433573286 0.001813969502147671 0.0024009394824827564 0.0024893273293237228 0.001984488353604361
-1.0 -1.0 -1.0 -1.0 -1.0 -1.0 -1.0 -1.0 -1.0 -1.0 -1.0 -1.0 -1.0 -1.0 -1.0 -1.0 -1.0 0.0006459705604221983 0.0008883375484499393 0.014838396575297287 0.019438308143092595 0.02262338453182504 0.02051853975920943 0.015149782757107016 0.02358025454282813 0.023323854249187433 0.022561818838421104 0.020358785233560103 0.02252559252076924 0.019106138437109156 0.017525376051878597 0.017246610375281926 0.010749262225937027 0.01089700175724984 0.014795124433714273 0.011377394594255063 0.01868134947310687 0.021607993667831702 0.018479349212554307 0.017103144672182564 0.01681841957427071 0.014091509647768759 0.013710611440259753 0.015795852828053316 0.020131342442336234 0.019494623320214344 0.018342637687535943 0.014459774988372108 0.006843358794760541 0.008095801125312893 0.004516684921328491 0.002702864873805913 0.00281068418054704 0.0021131818156602537 0.001558255943873337 0.001269539426030115 0.001904003515544708 0.0017385169914135717 0.00148605243892026 0.002016050392362847 0.0015563550773297172 0.001094871275123574 0.001216561613609666
-1.0 -1.0 -1.0 -1.0 -1.0 -1.0 -1.0 -1.0 -1.0 -1.0 -1.0 -1.0 -1.0 -1.0 -1.0 -1.0 -1.0 -1.0 -1.0 -1.0 0.004582841330407147 0.02055366101245525 0.013688045379575983 0.018229765077237083 0.016839983203767075 0.02298803309920203 0.020546099058945902 0.01977174202534092 0.0013554263568510876 0.024661831260170342 0.02416065941292109 0.021933742365488097 0.019890323007364055 0.00968547597286294 0.008278826483264478 0.008867564355893365 0.01405432011588028 0.01493918442596721 0.019167936551611663 0.02116863297099342 0.022058235714036572 0.021442068387040852 0.018595461046535994 0.02008570415033327 0.021722374609007732 0.02252342214620375 0.021993028090025138 0.020397119326829322 0.015806793998917813 0.013363368370499142 0.007324351703568709 0.0061800953005947965 0.0030365053566894554 0.0009438204104831031 0.0012148932122644882 0.0012851924968139018 0.0008883490697881815 0.0010217441969702977 0.002273247353842414 0.001473720651465839 0.0010853683068452985 0.0018526260058847176 0.0020681221409112114
-1.0 -1.0 -1.0 -1.0 -1.0 -1.0 -1.0 -1.0 -1.0 -1.0 -1.0 -1.0 -1.0 -1.0 -1.0 -1.0 -1.0 -1.0 -1.0 -1.0 -1.0 -1.0 0.020815657143345122 0.022395423926179298 0.007002201903313033 0.0060136912823973735 0.0068805192162514515 0.00610587394106662 0.012175866776544232 0.02187267149274463 0.025331779946433416 0.02477580873308909 0.022457112237545034 0.01612177997869818 0.013494137159881214 0.013076747650949442 0.013325372528940976 0.015549805464150461 0.017972052762640207 0.016899571686315184 0.018714748067130922 0.02160952142198588 0.02198163516270534 0.02054572401321489 0.021636876777017738 0.022527148163499208 0.025728513762170405 0.02520673575340668 0.02175778172889342 0.01568453148625336 0.0 0.007035812776606695 0.007649075801051841 0.004374954579035703 0.0021367510059957188 0.0014827017415446355 0.0015509196622418972 0.002099447872155333 0.0 0.0 0.0 0.0 0.0
-1.0 -1.0 -1.0 -1.0 -1.0 -1.0 -1.0 -1.0 -1.0 -1.0 -1.0 -1.0 -1.0 -1.0 -1.0 -1.0 -1.0 -1.0 -1.0 -1.0 -1.0 -1.0 -1.0 -1.0 0.006802949808898403 0.006692874124723324 0.006959134253507625 0.006689516298810443 0.006641085900945464 0.012399834153530024 0.023138091446650588 0.010937835209227423 0.024771086740220553 0.015832901438464966 0.02087058168040381 0.017157131053463726 0.013612959127814116 0.01943017006770574 0.01939366959201525 0.016614460043895683 0.015486820358243496 0.017038936973287396 0.021127149803676776 0.023458040416360265 0.019848442272329663 0.020136803679646383 0.022153696214154722 0.024373034555812752 0.023570645907632772 0.01979786181194746 0.011553352868537044 0.0 0.0 0.0 0.0 0.0 0.0 0.0 0.0 0.0 0.0 0.0 0.0
-1.0 -1.0 -1.0 -1.0 -1.0 -1.0 -1.0 -1.0 -1.0 -1.0 -1.0 -1.0 -1.0 -1.0 -1.0 -1.0 -1.0 -1.0 -1.0 -1.0 -1.0 -1.0 -1.0 -1.0 -1.0 0.006922474490716713 0.02233503459557539 0.01458232763113472 0.0067556641829609795 0.004699601198534892 0.007895204009034235 0.018620727181332015 0.016406675809795202 0.015630982904311818 0.024656473469798105 0.02206873084225401 0.01366702019699366 0.017716187510831802 0.022396693197222373 0.019817808562390595 0.019916092813954515 0.01902548859035045 0.015828487408390393 0.02064036625514882 0.02159922353649905 0.020714559566546265 0.019034642361381596 0.022169704541384568 0.023381170663243925 0.02072274343913131 0.018729640089074545 0.010512202450195025 0.0 0.005791584471103713 0.0 0.0 0.0 0.0 0.0 0.0 0.0 0.0 0.0
-1.0 -1.0 -1.0 -1.0 -1.0 -1.0 -1.0 -1.0 -1.0 -1.0 -1.0 -1.0 -1.0 -1.0 -1.0 -1.0 -1.0 -1.0 -1.0 -1.0 -1.0 -1.0 -1.0 -1.0 -1.0 -1.0 0.020449673828624823 0.02301423760792692 0.0057720721609993446 0.0043017674320195935 0.005850811687215192 0.008105818427741935 0.016970152777500178 0.015062036263915819 0.018091141974190126 0.018406486123398912 0.017741253331456406 0.022544441539421367 0.022380519319575666 0.02069404065212718 0.02048973882244556 0.021670848392215964 0.019977423672963245 0.01897682102489905 0.020139185489527096 0.021003426187750376 0.01772514117999585 0.0181867871804611 0.022051773759809275 0.021755739902177777 0.019895410823231957 0.01357460526526618 0.01016146499186744 0.007435679834668164 0.0 0.0 0.0 0.0 0.0 0.0 0.0 0.0 0.0
-1.0 -1.0 -1.0 -1.0 -1.0 -1.0 -1.0 -1.0 -1.0 -1.0 -1.0 -1.0 -1.0 -1.0 -1.0 -1.0 -1.0 -1.0 -1.0 -1.0 -1.0 -1.0 -1.0 -1.0 -1.0 -1.0 -1.0 0.02158225158533719 0.006215257257810014 0.0053049571722019965 0.004615151515952973 0.005552498945453027 0.0074168499826937715 0.01946115644332324 0.024687979474827107 0.02553253832001971 0.02139577471970943 0.023906140243317064 0.018938839845226128 0.020175491666195963 0.022804031381250235 0.021522993191780485 0.020323619871130762 0.0196457381253634 0.020239717885109216 0.021660370653737746 0.018085746905656293 0.018990334053288656 0.012070374214365185 0.02076492191335663 0.021235047118895567 0.018625148488837513 0.011581905227271497 0.008837263315906875 0.009185359879663624 0.008877171640194859 0.0 0.0 0.0 0.0 0.0 0.0 0.0
-1.0 -1.0 -1.0 -1.0 -1.0 -1.0 -1.0 -1.0 -1.0 -1.0 -1.0 -1.0 -1.0 -1.0 -1.0 -1.0 -1.0 -1.0 -1.0 -1.0 -1.0 -1.0 -1.0 -1.0 -1.0 -1.0 -1.0 -1.0 -1 0.0024315330557849826 0.004969905735214176 0.006956698308853092 0.005790891283897032 0.006473232781090607 0.009544505158065904 0.025031330102501536 0.02164652687851724 0.015127542893360164 0.01422653227489884 0.007977987991933982 0.016209148276501422 0.01962866142599579 0.019927838882995857 0.015800215012824994 0.013269255833010554 0.018342681949258175 0.01727246835107918 0.016495726125735508 0.01446891624640268 0.007462505621874674 0.01875307815337547 0.019336878710430723 0.01696709724363405 0.013221884148728864 0.01131766792556748 0.00712447489337261 0.0061966217330931 0.005113236945096861 0.0 0.0 0.0 0.0 0.0022804742595266404
-1.0 -1.0 -1.0 -1.0 -1.0 -1.0 -1.0 -1.0 -1.0 -1.0 -1.0 -1.0 -1.0 -1.0 -1.0 -1.0 -1.0 -1.0 -1.0 -1.0 -1.0 -1.0 -1.0 -1.0 -1.0 -1.0 -1.0 -1.0 -1.0 -1 0.01735020745296588 0.015154119486415872 0.013927823088405615 0.005893109317193885 0.005595200133085539 0.009796673493264045 0.0186954479040713 0.008010298740577126 0.012334266736895014 0.010721583081650944 0.020382520688391675 0.01835462020583364 0.020340528292429473 0.012763048999209365 0.0114036863726714 0.015771398916963563 0.013151910541952543 0.01113239110373938 0.009473429682354829 0.011203059400352643 0.008678128995359524 0.014884854859831445 0.019939009753624434 0.0176330927816783 0.01572424808024137 0.010028772557271862 0.005361065170972251 0.002511525258776195 0.003260817245347536 0.0038064947533329764 0.0 0.002818440511279606 0.002518375227790483
-1.0 -1.0 -1.0 -1.0 -1.0 -1.0 -1.0 -1.0 -1.0 -1.0 -1.0 -1.0 -1.0 -1.0 -1.0 -1.0 -1.0 -1.0 -1.0 -1.0 -1.0 -1.0 -1.0 -1.0 -1.0 -1.0 -1.0 -1.0 -1.0 -1.0 0.018658929361721147 0.013768129830767615 0.016242904457508818 -1.0 0.0012530986270434697 0.00558929837828757 0.007121506541476747 0.010421491661210786 0.02557900142296066 0.02127378587030532 0.022929286456823524 0.020761892750210027 0.01575788906088995 0.013400692014452206 0.008219882135808128 0.01021299434393347 0.012615519399747694 0.007929823242619259 0.008262766685838205 0.006542816021114442 0.006002656472873128 0.005931330206100545 0.014232304544877459 0.021432173813087634 0.02011722366564133 0.014973785222981019 0.00994673299608169 0.008894407283092421 0.006976384845394534 0.0 0.0 0.0 0.0033947785505884444
-1.0 -1.0 -1.0 -1.0 -1.0 -1.0 -1.0 -1.0 -1.0 -1.0 -1.0 -1.0 -1.0 -1.0 -1.0 -1.0 -1.0 -1.0 -1.0 -1.0 -1.0 -1.0 -1.0 -1.0 -1.0 -1.0 -1.0 -1.0 -1.0 -1.0 0.0032878692269642114 0.002704465787781453 0.0012815219307109496 0.0017701777557695701 -1.0 0.0037352377959942278 0.0064684318665201275 0.008273517776761826 0.008926378367656342 0.012779074091944374 0.020719005712341275 0.02176110423834176 0.014198875322688076 0.013360459048659387 0.010683776518738837 0.010036980883302082 0.011922511905503691 0.01116507013281746 0.005941944186098789 0.0047245379634958395 0.0037809467949227347 0.004944249016798386 0.008885293262288485 0.014693349506693548 0.021390669986661403 0.023227230607034004 0.020451311474206924 0.015532872183925614 0.012960162611678878 0.0 0.007480993648903576 0.0 0.0
-1.0 -1.0 -1.0 -1.0 -1.0 -1.0 -1.0 -1.0 -1.0 -1.0 -1.0 -1.0 -1.0 -1.0 -1.0 -1.0 -1.0 -1.0 -1.0 -1.0 -1.0 -1.0 -1.0 -1.0 -1.0 -1.0 -1.0 -1.0 -1.0 -1.0 0.00539927347882137 0.005685526423820342 0.00206787613755025 0.0015587651959979101 -1.0 0.002572212478236867 0.0047726732696230685 0.008007305178245357 0.010686307638576722 0.008327226067206558 0.011335631265409854 0.015655223370434495 0.017906672557818096 0.010954280573587665 0.008064181049456132 0.007670361141543528 0.011144297908861117 0.008947000312964448 0.006607323493129514 0.006068013347442508 0.0072910582293472794 0.00713742049860259 0.0076337673432268415 0.008537869992199172 0.01737751790362328 0.01958071129606447 0.022648729177176977 0.020068062494948073 0.02045387639415953 0.015166875199294905 0.009364533357824235 0.006471705289769886 0.006741740637057242
-1.0 -1.0 -1.0 -1.0 -1.0 -1.0 -1.0 -1.0 -1.0 -1.0 -1.0 -1.0 -1.0 -1.0 -1.0 -1.0 -1.0 -1.0 -1.0 -1.0 -1.0 -1.0 -1.0 -1.0 -1.0 -1.0 -1.0 -1.0 -1.0 -1.0 -1.0 0.008042458150466985 0.005931919806372741 0.0040534135216138195 -1.0 -1.0 0.0038715376199324916 0.004903562903046447 0.006638759352625337 0.00807648071628097 0.014990656288267862 0.020922833656772166 0.0180093269242032 0.014959803110233424 0.010033566383949035 0.0070242595208403775 0.00978533294081171 0.009349102396293527 0.006727151616009522 0.007599746359481296 0.008803532335851679 0.009243513543600042 0.007376226637313337 0.010023818009081264 0.013476321496506377 0.022551395919446486 0.02468308975344962 0.023391145703906827 0.02519981473699077 0.022880148743309386 0.020548340991631248 0.01657753487679464 0.00830841601505135
-1.0 -1.0 -1.0 -1.0 -1.0 -1.0 -1.0 -1.0 -1.0 -1.0 -1.0 -1.0 -1.0 -1.0 -1.0 -1.0 -1.0 -1.0 -1.0 -1.0 -1.0 -1.0 -1.0 -1.0 -1.0 -1.0 -1.0 -1.0 -1.0 -1.0 -1.0 -1.0 0.007395688027500439 0.007152248598558885 0.00594907900131572 -1.0 -1.0 -1.0 0.0026920970150695945 0.006167293783818729 0.007731131129344936 0.012626765676780944 0.01813070757257886 0.01274789931783551 0.01201527352782607 0.009941881099952048 0.008082439242501752 0.006095134116824917 0.00795909140346288 0.009174210090194217 0.008403153176001705 0.008594654367071282 0.011086513248131159 0.008100529156519218 0.00875007644007287 0.0123348075812895 0.024487257176712657 0.027233329212852608 0.02028834290028513 0.018275248655821606 0.022897501174565415 0.02243124470580688 0.02162685746801718
-1.0 -1.0 -1.0 -1.0 -1.0 -1.0 -1.0 -1.0 -1.0 -1.0 -1.0 -1.0 -1.0 -1.0 -1.0 -1.0 -1.0 -1.0 -1.0 -1.0 -1.0 -1.0 -1.0 -1.0 -1.0 -1.0 -1.0 -1.0 -1.0 -1.0 -1.0 -1.0 -1.0 0.007108603415690953 0.005779000685671523 -1.0 -1.0 -1.0 -1.0 0.002514255246492134 0.00421133187174556 0.007690288912050471 0.009709728755005672 0.01746690531291142 0.024285974643442655 0.02068636689699941 0.008227239826255062 0.006530542259512311 0.006928371281179823 0.007312571553276011 0.006481241258384517 0.005823238551921637 0.010766914931015215 0.006698376487125458 0.007813729326012769 0.006683488724254248 0.014716140626116708 0.0185644649295891 0.012518934118480885 0.020703872651163677 0.014945844232932867 0.026417400078499572 0.025554361381896457
-1.0 -1.0 -1.0 -1.0 -1.0 -1.0 -1.0 -1.0 -1.0 -1.0 -1.0 -1.0 -1.0 -1.0 -1.0 -1.0 -1.0 -1.0 -1.0 -1.0 -1.0 -1.0 -1.0 -1.0 -1.0 -1.0 -1.0 -1.0 -1.0 -1.0 -1.0 -1.0 -1.0 -1.0 -1.0 -1.0 -1.0 -1.0 -1.0 -1.0 0.003033606030338661 0.006271729598676149 0.008602722082532854 0.01969500764234099 0.025765347705460306 0.024975483632694844 0.019774965559829372 0.017753715201293218 0.013159892323973172 0.008074149650931782 0.007060820248737526 0.010697399691409142 0.012770355601923156 0.004108551790971206 0.00808757543217053 0.012402345921174344 0.014714190111111955 0.011977438174439093 0.008006566643837617 0.020083914074762156 0.01943763871847185 0.019823432611289167 0.018776925738846477
-1.0 -1.0 -1.0 -1.0 -1.0 -1.0 -1.0 -1.0 -1.0 -1.0 -1.0 -1.0 -1.0 -1.0 -1.0 -1.0 -1.0 -1.0 -1.0 -1.0 -1.0 -1.0 -1.0 -1.0 -1.0 -1.0 -1.0 -1.0 -1.0 -1.0 -1.0 -1.0 -1.0 -1.0 -1.0 -1.0 -1.0 -1.0 -1.0 -1.0 -1.0 0.004223798792941531 0.007550622431064724 0.009271864952986424 0.015412379594588136 0.02312962474621656 0.026761395361436836 0.018289018830442684 0.023797764526931796 0.020618343312511046 0.016097496360084326 0.014916054203746991 0.017686975086947082 0.011239852446887725 0.008275033527454028 0.009314461496512478 0.01577662626305241 0.008701441629599864 0.006905560295247749 0.0137503490141617 0.015183249217345405 0.024201305434814007 0.020171953354759804
-1.0 -1.0 -1.0 -1.0 -1.0 -1.0 -1.0 -1.0 -1.0 -1.0 -1.0 -1.0 -1.0 -1.0 -1.0 -1.0 -1.0 -1.0 -1.0 -1.0 -1.0 -1.0 -1.0 -1.0 -1.0 -1.0 -1.0 -1.0 -1.0 -1.0 -1.0 -1.0 -1.0 -1.0 -1.0 -1.0 -1.0 -1.0 -1.0 -1.0 0.004495014916702528 0.004586112516138812 0.003491744521044978 0.005367694819985634 0.007056443958807347 0.007932472910871078 0.011787220742906248 0.017427290199332337 0.02261480607808753 0.027522122198832388 0.024357193684996566 0.018517904907287507 0.01567126757796632 0.02029328942481253 0.016742417065990167 0.014173807440727755 0.015703230932437556 0.017750714157130053 0.01808444074116613 0.010489409373493937 0.010630696583451693 0.010294936826978428 0.017636728985639564
-1.0 -1.0 -1.0 -1.0 -1.0 -1.0 -1.0 -1.0 -1.0 -1.0 -1.0 -1.0 -1.0 -1.0 -1.0 -1.0 -1.0 -1.0 -1.0 -1.0 -1.0 -1.0 -1.0 -1.0 -1.0 -1.0 -1.0 -1.0 -1.0 -1.0 -1.0 -1.0 -1.0 -1.0 -1.0 -1.0 -1.0 -1.0 -1.0 -1.0 -1.0 0.007024749853866304 0.007660687722473832 0.007631310424754186 0.008487865149955143 0.006275975852810903 0.005422974651160673 0.007176889431405949 0.013025492447069343 0.019355325622157738 0.020953235646053493 0.01611516146377941 0.008497091436747813 0.014880668195520867 0.019573030373603032 0.013714764875869548 0.010414919517415652 0.016160405485003485 0.016029724055756034 0.01300171795669406 0.007214052836733512 0.007591382053923049 0.010140104465971371
-1.0 -1.0 -1.0 -1.0 -1.0 -1.0 -1.0 -1.0 -1.0 -1.0 -1.0 -1.0 -1.0 -1.0 -1.0 -1.0 -1.0 -1.0 -1.0 -1.0 -1.0 -1.0 -1.0 -1.0 -1.0 -1.0 -1.0 -1.0 -1.0 -1.0 -1.0 -1.0 -1.0 -1.0 -1.0 -1.0 -1.0 -1.0 -1.0 -1.0 -1.0 -1.0 0.006571060350216362 0.0071543365097524285 0.015297889895835583 0.017515908036453823 0.005973594552029776 0.004943271854667966 0.005880676507348157 0.0111738051035474 0.012568936350272805 0.013767558174317872 0.015462356884123 0.009501466693411615 0.021850653391348517 0.016217755715622006 0.012062654384692128 0.01673291968521833 0.014960156292778984 0.010717477483988018 0.011008792371431219 0.010879048215172696 0.011165016484061985
-1.0 -1.0 -1.0 -1.0 -1.0 -1.0 -1.0 -1.0 -1.0 -1.0 -1.0 -1.0 -1.0 -1.0 -1.0 -1.0 -1.0 -1.0 -1.0 -1.0 -1.0 -1.0 -1.0 -1.0 -1.0 -1.0 -1.0 -1.0 -1.0 -1.0 -1.0 -1.0 -1.0 -1.0 -1.0 -1.0 -1.0 -1.0 -1.0 -1.0 -1.0 -1.0 -1.0 -1.0 0.008421691822516253 0.016692794127754228 0.007561795164981802 0.006929572094116095 0.005075531282519417 0.00934515527513412 0.014657106878424864 0.011371521490396315 0.014039960951148811 0.020188435831241185 0.02418335550896803 0.018087492226786163 0.01867465461431822 0.020229877173659087 0.015804016826157844 0.0169736120209489 0.019856684999247736 0.019689064427096024 0.01281040749099178
-1.0 -1.0 -1.0 -1.0 -1.0 -1.0 -1.0 -1.0 -1.0 -1.0 -1.0 -1.0 -1.0 -1.0 -1.0 -1.0 -1.0 -1.0 -1.0 -1.0 -1.0 -1.0 -1.0 -1.0 -1.0 -1.0 -1.0 -1.0 -1.0 -1.0 -1.0 -1.0 -1.0 -1.0 -1.0 -1.0 -1.0 -1.0 -1.0 -1.0 -1.0 -1.0 -1.0 -1.0 -1.0 -1.0 0.005287052842475164 0.006326666340645372 0.007157199599761233 0.012489766673200866 0.010881947844243763 0.0031653749013621237 0.015129865544711461 0.022550840132873503 0.02531297513083643 0.0235580373656876 0.02116323045067458 0.018396865497828124 0.0147001801368759 0.015811525266112434 0.017634967244525325 0.0170954819933961 0.01791521303009087
-1.0 -1.0 -1.0 -1.0 -1.0 -1.0 -1.0 -1.0 -1.0 -1.0 -1.0 -1.0 -1.0 -1.0 -1.0 -1.0 -1.0 -1.0 -1.0 -1.0 -1.0 -1.0 -1.0 -1.0 -1.0 -1.0 -1.0 -1.0 -1.0 -1.0 -1.0 -1.0 -1.0 -1.0 -1.0 -1.0 -1.0 -1.0 -1.0 -1.0 -1.0 -1.0 -1.0 -1.0 -1.0 -1.0 -1.0 0.01060067594353108 0.01232463002994614 0.013159547595561488 0.007087592097020841 0.0037780317053100845 0.008088521519891421 0.020922044743180594 0.02431844484505183 0.024400747188942074 0.01995950921658943 0.006577173466983827 0.008116340911334369 0.015089347613133313 0.015417486834256686 0.013737790726975998 0.012834670429890137
