critload/trunk/output/1999/fsro_nat.asc
ncols 720
nrows 360
xllcorner -180
yllcorner -90
cellsize 0.5
NODATA_value -1
[rows 28 to 55 of 360, columns 63 to 125 of 720]
-1.0 -1.0 -1.0 -1.0 -1.0 -1.0 -1.0 -1.0 -1.0 -1.0 -1.0 -1.0 -1.0 -1.0 -1.0 -1.0 -1.0 -1.0 -1.0 -1.0 -1.0 -1.0 -1.0 -1.0 -1.0 -1.0 -1.0 -1.0 -1.0 -1.0 -1.0 -1.0 -1.0 -1.0 -1.0 -1.0 -1.0 -1.0 -1.0 -1.0 -1.0 -1.0 -1.0 -1.0 -1.0 -1.0 -1.0 -1.0 -1.0 -1.0 -1 0.00011008999318444022 -1.0 -1 0.003601269108687173 0.0031157947686554954 0.007889287983670341 -1.0 0.008136146270639577 0.004526792983025573 0.005145913833907357 0.0022006758711360895 0.010571020897010492
-1.0 -1.0 -1.0 -1.0 -1.0 -1.0 -1.0 -1.0 -1.0 -1.0 -1.0 -1.0 -1.0 -1.0 -1.0 -1.0 -1.0 -1.0 -1.0 -1.0 -1.0 -1.0 -1.0 -1.0 -1.0 -1.0 -1.0 -1.0 -1.0 -1.0 -1.0 -1.0 -1.0 -1.0 -1.0 -1.0 -1.0 -1.0 -1.0 -1.0 -1.0 -1.0 -1.0 -1.0 -1.0 -1.0 -1.0 -1.0 -1.0 -1.0 -1.0 -1.0 -1.0 -1.0 -1.0 -1.0 -1.0 -1.0 -1.0 -1.0 -1.0 0.009880099476201288 0.00952454150249453
-1.0 -1.0 -1.0 -1.0 -1.0 -1.0 -1.0 -1.0 -1.0 -1.0 -1.0 -1.0 -1.0 -1.0 -1.0 -1.0 -1.0 -1.0 -1.0 -1.0 -1.0 -1.0 -1.0 -1.0 -1.0 -1.0 -1.0 -1.0 -1.0 -1.0 -1.0 -1.0 -1.0 -1.0 -1.0 -1.0 -1.0 -1.0 -1.0 -1.0 -1.0 -1.0 -1.0 -1.0 -1.0 -1.0 -1.0 -1.0 -1.0 -1.0 -1.0 -1.0 -1.0 -1.0 -1.0 -1.0 -1.0 -1.0 -1.0 -1.0 -1.0 -1.0 -1.0
-1.0 -1.0 -1.0 -1.0 -1.0 -1.0 -1.0 -1.0 -1.0 -1.0 -1.0 -1.0 -1.0 -1.0 -1.0 -1.0 -1.0 -1.0 -1.0 -1.0 -1.0 -1.0 -1.0 -1.0 -1.0 -1.0 -1.0 -1.0 -1.0 -1.0 -1.0 -1.0 -1.0 -1.0 -1.0 -1.0 -1.0 -1.0 -1.0 -1.0 -1.0 -1.0 -1.0 -1.0 -1.0 -1.0 -1.0 -1.0 0.000770900039466933 0.000910192585313893 0.005140157086674467 0.003883263612519925 0.0031286731573041374 0.007961012387873393 0.007859933499049511 0.006756939689555963 0.0055737967466025886 0.008381454042925935 0.008114257945332425 0.00467631501211811 0.008855924743862762 0.007350019081414048 0.009317023760352927
-1.0 -1.0 -1.0 -1.0 -1.0 -1.0 -1.0 -1.0 -1.0 -1.0 -1.0 -1.0 -1.0 -1.0 -1.0 -1.0 -1.0 -1.0 -1.0 -1.0 -1.0 -1.0 -1.0 -1.0 -1.0 -1.0 -1.0 -1.0 -1.0 -1.0 -1.0 -1.0 -1.0 -1.0 -1.0 -1.0 -1.0 -1.0 -1.0 -1.0 -1.0 -1.0 -1.0 -1.0 -1.0 -1.0 -1.0 -1.0 0.0006561990230812285 0.0010498435696938936 0.004376666852516457 0.004972225593576703 0.0032632112200681575 0.0033016578288010442 0.005743932343022812 0.008243261864565553 0.00808061770360933 0.0063979686708703935 0.005832418784026475 0.005834800352371291 0.0051623718289774126 0.0022053848325350803 0.0043017203109048645
-1.0 -1.0 -1.0 -1.0 -1.0 -1.0 -1.0 -1.0 -1.0 -1.0 -1.0 -1.0 -1.0 -1.0 -1.0 -1.0 -1.0 -1.0 -1.0 -1.0 -1.0 -1.0 -1.0 -1.0 -1.0 -1.0 -1.0 -1.0 -1.0 -1.0 -1.0 -1.0 -1.0 -1.0 -1.0 -1.0 -1.0 -1.0 -1.0 -1.0 -1.0 -1.0 -1.0 -1.0 -1.0 -1.0 -1.0 -1.0 0.002049407898176571 0.003021177166281844 0.004308413122686952 0.004542076548359311 0.006095495898332273 0.0028123293639416734 0.0026001392614223647 0.0029859238762214714 0.008184106477131817 0.005462032551616211 0.005239106729196176 0.0036608889169344482 0.0029958248321360612 0.005048902383431346 0.006720835524917399
-1.0 -1.0 -1.0 -1.0 -1.0 -1.0 -1.0 -1.0 -1.0 -1.0 -1.0 -1.0 -1.0 -1.0 -1.0 -1.0 -1.0 -1.0 -1.0 -1.0 -1.0 -1.0 -1.0 -1.0 -1.0 -1.0 -1.0 -1.0 -1.0 -1.0 -1.0 -1.0 -1.0 -1.0 -1.0 -1.0 -1.0 -1.0 -1.0 -1.0 -1.0 -1.0 -1.0 -1.0 -1.0 -1.0 -1.0 -1.0 0.0012810907388197887 0.003717682526142322 0.0072001481399009545 0.008069454116592977 0.007793270902274845 0.0033541487776900737 0.0019117195127639477 0.0037912763916364686 0.006101651028650541 0.005162719916432653 0.00454283211833363 0.005940355345133959 0.0054832398379804775 0.004099348051569987 0.009390474272157672
-1.0 -1.0 -1.0 -1.0 -1.0 -1.0 -1.0 -1.0 -1.0 -1.0 -1.0 -1.0 -1.0 -1.0 -1.0 -1.0 -1.0 -1.0 -1.0 -1.0 -1.0 -1.0 -1.0 -1.0 -1.0 -1.0 -1.0 -1.0 -1.0 -1.0 -1.0 -1.0 -1.0 -1.0 -1.0 -1.0 -1.0 -1.0 -1.0 -1.0 -1.0 -1.0 -1.0 -1.0 -1.0 -1.0 0.0017138458791260943 0.005493779261426138 0.004602148075141006 0.005086235426719849 0.004483816444619366 0.002787411039940522 0.006407942748502387 0.0035179176381100355 0.004098976186167493 0.004617558182892061 0.00488001699484192 0.004123787013460819 0.005993444501383582 -1.0 0.005283430689360147 0.004157634690171378 0.008445672192126566
-1.0 -1.0 -1.0 -1.0 -1.0 -1.0 -1.0 -1.0 -1.0 -1.0 -1.0 -1.0 -1.0 -1.0 -1.0 -1.0 -1.0 -1.0 -1.0 -1.0 -1.0 -1.0 -1.0 -1.0 -1.0 -1.0 -1.0 -1.0 -1.0 -1.0 -1.0 -1.0 -1.0 -1.0 -1.0 -1.0 -1.0 -1.0 -1.0 -1.0 -1.0 -1.0 -1.0 -1.0 -1.0 -1.0 -1.0 0.00555165700044795 0.006544910176158933 0.007973339416372547 0.007817819467367643 0.007090812386273146 0.0060908870718824676 0.005273594634868654 0.0048101698013293046 0.006455368230256688 0.004398481577228732 -1 -1.0 0.006071140347219708 0.006620445838171494 0.0058278747551776654 0.005037172419021727
-1.0 -1.0 -1.0 -1.0 -1.0 -1.0 -1.0 -1.0 -1.0 -1.0 -1.0 -1.0 -1.0 -1.0 -1.0 -1.0 -1.0 -1.0 -1.0 -1.0 -1.0 -1.0 -1.0 -1.0 -1.0 -1.0 -1.0 -1.0 -1.0 -1.0 -1.0 -1.0 -1.0 -1.0 -1.0 -1.0 -1.0 -1.0 -1.0 -1.0 -1.0 -1.0 -1.0 -1.0 -1.0 -1.0 -1.0 -1.0 -1.0 0.012389800256509794 0.011699849402630552 0.010903497052149214 0.009214742379256893 0.002073011702327097 0.004313189784750738 0.0032945884961614945 -1.0 -1.0 -1.0 -1.0 0.006842818581538588 0.006578334878983709 0.007132326391768795
-1.0 -1.0 -1.0 -1.0 -1.0 -1.0 -1.0 -1.0 -1.0 -1.0 -1.0 -1.0 -1.0 -1.0 -1.0 -1.0 -1.0 -1.0 -1.0 -1.0 -1.0 -1.0 -1.0 -1.0 -1.0 -1.0 -1.0 -1.0 -1.0 -1.0 -1.0 -1.0 -1.0 -1.0 -1.0 -1.0 -1.0 -1.0 -1.0 -1.0 -1.0 -1.0 -1.0 -1.0 -1.0 -1.0 -1.0 -1.0 -1.0 -1.0 -1.0 -1.0 -1.0 -1.0 -1.0 -1.0 -1.0 -1.0 -1.0 -1.0 0.005868857968136952 0.007806502335079167 0.010432156787468684
0.001303549107291016 0.0 0.0 0.0 0.0 0.0 -1.0 -1.0 0.0 0.0 0.0 0.0 -1.0 -1.0 -1.0 -1.0 -1.0 -1.0 -1.0 -1.0 -1.0 -1.0 -1.0 -1.0 -1.0 -1.0 -1.0 -1.0 -1.0 -1.0 -1.0 -1.0 -1.0 -1.0 -1.0 0.0003328593206257739 0.000374321305421212 0.00041107878783736663 -1.0 -1 0.0026859945157828814 0.003946625616746258 0.00590010112998526 0.013261304208292125 -1.0 -1.0 -1.0 0.004982652086154413 0.005535755383547286 -1.0 -1.0 -1.0 -1.0 -1.0 -1.0 -1.0 -1.0 -1.0 -1.0 -1.0 -1.0 -1.0 -1.0
0.002910704358929937 0.002417164112211325 0.0 0.0043571762654866794 0.006342403674768978 0.00999285349176198 0.010113798021562204 0.0 0.0 0.0 0.0 0.0 0.0 0.0 0.0 0.0 0.0 0.0 0.0 -1 -1.0 -1.0 -1.0 -1.0 -1.0 -1.0 -1 -1 0.0032148224898408506 -1 -1.0 0.0025950697606339163 0.003317300390963959 0.0033041932696833897 0.003960528210534813 0.0008677694692095219 0.0007079236522920855 0.000974845694741138 0.0005964576606652169 0.003815621134941873 0.002901797098743434 0.0031281988827154498 0.004658405007127941 0.010589123081049678 0.009154905621044335 -1.0 0.0015852834127965108 0.0024933874757602312 0.00285754675159448 -1.0 0.003780680272203353 0.004861801454986396 0.005298877475751079 0.0061285063662019044 0.005666843418329504 0.004906889618294681 -1.0 -1.0 -1.0 -1.0 -1.0 -1.0 -1.0
0.006066355063289752 0.011244774192511539 0.01683449178122085 0.01697326745475655 0.019993363106779943 0.024370383046651015 0.023684466347691783 0.0 0.0 0.0 0.0 0.0 0.0 0.0 0.0 0.0 0.0 0.0 0.010349113119779818 0.0034526507354799402 0.0 0.004208578321153578 -1.0 -1.0 -1 0.00031451665049697755 0.0 0.0 0.004055219291187427 0.0036752203800050247 0.0032522626738416592 0.004310202830361571 0.0064915620425326755 0.005501665666002032 0.006360834797019715 0.0014470762945418883 0.00108739296711128 0.0014402854184410927 0.004120281962286404 0.005432256609237965 0.007748298727411522 0.006978694892347511 0.005202287625175697 0.009298655621634348 0.007159595046612927 0.006703665756285759 0.004799506851724931 0.004069846793295455 0.005748208614427281 0.006591819361566739 0.007673569110659551 0.008125386896365189 0.007011022841090482 0.006822471033195045 0.006589602614273561 0.005761492650489469 0.006033883102485218 0.006704386126120908 0.005055203036879781 0.003407646172931935 0.004162674765819614 -1.0 -1.0
0.01992276652645215 0.023697508626759616 0.024789094604776393 0.024446113450883187 0.023923962799659648 0.024140741363963596 0.0 0.0 0.0 0.0 0.0 0.0 0.0 0.0 0.0 0.0 0.0 0.0 0.015045123986080995 0.014528252943945967 0.01080116507018991 0.007416042042035451 0.009274291767656435 0.007371930736937715 0.00490776255072923 0.0 0.0 0.0 0.0 0.0 0.00412922829443506 0.003658670115995897 0.004452284889214543 0.0049111312618126 0.00534512144984442 0.00423420356662691 0.003693124223060921 0.0029486255185563514 0.003027917217089459 0.004670048118444322 0.008486435275161196 0.004351933859184145 0.005152224645973643 0.0033532766233491593 0.0039027248523834587 0.003691147008765906 0.005026099369498157 0.004169623478704099 0.00555409594528571 0.005871619375158642 0.005747765969293969 0.004679767821136038 0.00837666210699236 0.005518933018973086 0.004043028779889632 0.0054201294691703554 0.004613665344764453 0.005486067743809505 0.007009444230911361 0.005156674280365225 0.0031649638832453716 0.0032619683950107993 0.003141015317942106
0.024125160553486336 0.023643020082981272 0.021518590014188575 0.021306856088650634 0.02092305043923859 0.01732475531355885 0.0 0.015970550392489437 0.0 0.0 0.0 0.0 0.0 0.0 0.0 0.0 0.003317741052986302 0.0040211411238726584 0.005953588828654649 0.004425540257918215 0.008498588378763246 0.011426408237883262 0.018441100452197216 0.017683323522137393 0.015238170712745048 0.012493720567897599 0.0 0.0 0.0 0.0 0.005494068327421696 0.0046738625004876504 0.0043023286810481174 0.0062712670135007705 0.008913833967859051 0.0071859850391528595 0.006025312401157779 0.005125251688812315 0.005242355575109153 0.004934548961059012 0.005336092711470229 0.005300613182353417 0.0035583542709347734 0.003519460524546005 0.003688916005525671 0.0034824181738947594 0.004507584411847034 0.004288565632655018 0.0041517470394534396 0.006126513816363222 0.007576400295495624 0.003945722956723629 0.004057866625622453 0.0045076238500787414 0.005156826807502587 0.005463781496182305 0.0036992221858126594 0.005044460015906227 0.005853463073228841 0.003739249549466336 0.0044513538952838634 0.00278963629896493 0.002715150461635197
0.021433895057062523 0.01653200682968857 0.01694069746789311 0.01694065997677198 0.0106452645177721 0.011090883903680942 0.010652012918366581 0.010246090396049236 0.009769737474849927 0.011413269996518385 0.0 0.0 0.0 0.0 0.0 0.0 0.0 0.004976645818902397 0.0013539638364259466 0.0037323393119882533 0.007365985709615041 0.009011298300540677 0.019273901288613112 0.02011697075239791 0.020210068012150285 0.014914199412927818 0.0 0.0 0.0 0.0014919307643338265 0.0013675464399061162 0.003712232539779193 0.005869195846554073 0.006356343787128418 0.006906647607813583 0.006531677383225454 0.006832697106231748 0.0050803644309303266 0.0035369331489199904 0.003864367554507958 0.004108530720773176 0.005530010782417673 0.006479059672086176 0.0018483673437577762 0.0013799358575802131 0.0006007006017738428 0.0011206642064205794 0.0020124986068923755 0.0017364866358797056 0.0011668070882046066 0.0020752132883553437 0.0015782722124184666 0.000929583962039604 0.0031776347168416636 0.003837153442181539 0.003412211978163536 0.003251518622360088 0.0031196875620453147 0.0023037819492362065 0.00233971941173044 0.004408219179604432 0.005703757519855751 0.0064140255941399485
0.0168564984826201 0.014800222591406403 0.016630614437101433 0.009515248257699359 0.005869223695197255 0.0055093719854183675 0.0 0.0 0.0 0.0 0.0 0.0 0.0071296128079991 0.006364381396699252 0.0 0.0 0.00957467973390657 0.007477957278203559 0.0 0.0 0.0 0.008797151085624535 0.0075930098653997375 0.011638533809961034 0.015305760284902643 0.01326560317997753 0.009804235049373536 0.005029915424928825 0.0020918703697085828 0.0035138352686193744 0.003500252523666671 0.003383393649082608 0.004503485514857718 0.00604093787619729 0.006664640427001648 0.00707288600892265 0.006799287486238632 0.007854256462357413 0.00560227300306812 0.0045153583378851085 0.004221942517765798 0.0076761171968355475 0.007512383862892813 0.003287445553485826 0.0029563351837323722 0.0010643414795257408 0.0027597903368329966 0.0017172802370112486 0.0009026423470013858 0.0013540036446767901 0.0007762133101141904 0.0014025116095867085 0.0026652318924687943 0.003947979663973579 0.003362911208789509 0.0020481071763693444 0.0017742822808256952 0.002183129030226838 0.0029136969901663976 0.003882449097480439 0.0038216870044071823 0.0057163297760814205 0.007820258617768989
0.00755536888211707 0.004508535967177569 0.004399751026460256 0.0 0.0 0.0 0.0 0.0 0.0 0.0 0.005353973877839682 0.008141375457061277 0.008741746551819073 0.010876674262759983 0.0 0.011903782093796264 0.0 0.008506264345404394 0.008511100688001176 0.007972075956530388 0.007027870779887977 0.002144799236700085 0.0039045079264580923 0.005058899204630702 0.010120594704537545 0.011953431308654547 0.008643641433059138 0.008582293583612783 0.005617319626198968 0.0016714118185614578 0.0041278298035208345 0.0017983027778568862 0.0014496588276408451 0.0009955609778070085 0.00238855651799895 0.004600736449795677 0.004511714252267325 0.003619080057600776 0.004070556893295697 0.002977604460239279 0.0028422416160690084 0.0015234816964933256 0.002085717099870532 0.0012716197892651345 0.00270747029968039 0.0014988109486317731 0.0005777958448141317 0.0007662816443044922 0.0011318500920329006 0.0007923161729453403 0.003121936899302939 0.0031669860199083615 0.004164738342985017 0.0020076492488962272 0.0 0.0 0.0 0.0 0.004123127116963857 0.0017746787757044623 0.003716124770125856 0.007926906387490756 0.0030770902493989886
0.002827891598511191 0.002976461672099558 0.0 0.0 0.0 0.0 0.0 0.0 0.0 0.004843883846007562 0.0057321755120837165 0.0070414863717299415 0.00777036005416514 0.008175555634009827 0.012305041452730455 0.0 0.0 0.01575274208201052 0.011006119452379937 0.010089614078201678 0.005725497171778363 0.0028293235466027938 0.004925973702954591 0.007163869499545142 0.010584729525125803 0.010222446408599931 0.010481965666792317 0.007899060033905366 0.01001093300550777 0.005938194706967206 0.003229414562893933 0.00501099407277586 0.00408265711614184 0.0022623517652001954 0.0012223049758362816 0.0025868259062623287 0.0012582196362761946 0.0006065758996504129 0.001252592144267953 0.0013544687018912165 0.001793085823979767 0.004204497805620758 0.0071011577852715165 0.0032757776303980086 0.0043003826141085125 0.002955131835796929 0.0022985365084222083 0.0020440598285181247 0.0020059908557828058 0.0 0.0 0.0 0.0 0.0 0.0 -1 0.0002023077190269052 0.002494512342495094 0.002541424012475868 0.004448893860570577 0.0021104020984345604 0.011643874106205265 0.0014289298969830803
0.0 0.013132957854132451 0.0 0.0 0.0 0.0 0.0 0.0 0.0 0.0 0.0 0.0 0.0102043312031194 0.013624157269565531 0.013598402010269914 0.0 0.0 0.015705292748821393 0.014395609215108898 0.013424259774837948 0.008452832265974668 0.009954727267149365 0.010536832186850488 0.010929368938030674 0.012192157577131626 0.012222462673117841 0.007325508982925373 0.007753050732423582 0.0101194089168481 0.0104194499147239 0.009996276531912233 0.009423245693009053 0.01004367490807403 0.008029857161438754 0.009239549115075432 0.0076827029506723425 0.0066851167290817495 0.0023592540003218956 0.0017736210313629788 0.0 0.0 0.0 0.0 0.0 0.0 0.0 0.0 0.0 0.0 0.0 0.001448851220155589 0.0 0.0 0.0 0.0 0.0 0.0 0.0 0.0 0.0 0.010316061907365748 0.011537993349842426 0.0018675815121083498
0.0 0.0 0.0 0.0 0.0 0.017238094979649034 0.017844192631052937 0.0 0.0 0.0 0.0 0.0 0.0 0.0 0.0 0.0 0.0 0.0 0.0 0.013888901748312801 0.015036881504933004 0.01614787283240123 0.018760899586584653 0.015635098018046946 0.014172665430735254 0.015772582103900933 0.014866654601892548 0.014869695177203103 0.018774969625693347 0.02036167424916579 0.021669830647246646 0.021027615944451593 0.019790317752725804 0.018672335279397326 0.017413090455499984 0.016453907028392604 0.01684037376876383 0.0167865468673041 0.014735924270246841 0.01433435871792137 0.010387773244468743 0.0 0.0 0.0 0.0 0.0 0.0 0.0 0.0017188288571593367 0.0 0.0 0.0 -1 0.0 0.0 0.0 0.0 0.0 0.0017770556571348303 0.0023704682247151568 0.010880238615297582 0.008087258201072802 0.0020088189597895173
0.0 0.0 0.0 0.0 0.0 0.0 0.02002298180437752 0.021073098526161717 0.0 0.019721078118877435 0.0 0.0 0.017610431096869977 0.0 0.0 0.0 0.0 0.0 0.0 0.0 0.0 0.0 0.0 0.0 0.020613763418413845 0.020825981925409704 0.02093928666336168 0.021538814328583386 0.022233287069577397 0.023155084115827496 0.022558346343491992 0.022111350765477742 0.021244062907210256 0.020785840198229533 0.02139492244915198 0.021476364859469823 0.02084206115269753 0.02038572940861993 0.02081008227145249 0.019293164824603033 0.01638494496308126 0.015399827219393885 0.015223450203264611 0.00880236216466975 0.0 0.0 0.0 0.0 0.0 0.0015317758472731676 0.0011057342611186728 0.0 0.0 0.0 0.0 0.0 0.001647295933620337 0.001952573302239198 0.0029159856632752696 0.0022538887703552634 0.003471971181370709 0.0 0.0033427451952723164
0.0 0.0 0.0 0.0 0.0 0.009656048952642307 0.0 0.01819815768483312 0.018859132009241764 0.018355808150317256 0.016230237386903542 0.015523950623773425 0.017433399137216594 0.017394260953527217 0.016928763992922834 0.0 0.0 0.0 0.0 0.0 0.0 0.0 0.0 0.0 0.0 0.0 0.0 0.0 0.0 0.0 0.020088158157994463 0.0 0.0 0.0 0.020889214979682543 0.01761429247424227 0.020934694917275565 0.020273563827840707 0.020643412519949784 0.017916481300612585 0.01981299611739553 0.02003333411315256 0.019456508008438282 0.01842225838455204 0.011958696674998518 0.009335203226907795 0.006369395205286274 0.0 0.0 0.00832222510117272 0.0 0.0 0.0 0.0 0.0009994486920205826 0.0009294888060226279 0.0013165878521931662 0.0016891265196632183 0.000854695134907505 0.000695100881787251 0.0008149363748184631 0.002161084433201006 0.0
0.02198282606146618 0.02415257955470806 0.021775153986615833 0.02094451734641587 0.014361833914516071 0.013370032793185738 0.015279445359308206 0.015244208632460168 0.015243162324624996 0.014684580379153095 0.011287323106160754 0.009649006126677996 0.011561146561048322 0.013167564754985192 0.014730282668420712 0.012049491819178674 0.0 0.0 0.0 0.0 0.0 0.0 0.0 0.0 0.0 0.0 0.0 0.0 0.0 0.0 0.0 0.0 0.0 0.0 0.020551622868221524 0.019319418195461135 0.017847277584277836 0.01897396936091858 0.019906849908658035 0.020905296382766926 0.020222421074049965 0.018354560669343597 0.017821935922623648 0.014166001281207666 0.012770213346352127 0.011735467682355297 0.010598818536261125 0.005581492834747477 0.0 0.0 0.0 0.003822551723726228 0.002428484406548125 0.0019044193862046807 0.0 0.0008495745453566319 0.0010975275039539997 0.0021158584603864746 0.0 0.0 0.0006686958141510343 0.0 0.0
0.016343541068103738 0.013026513014287365 0.01973927586888561 0.018205271170022606 0.019576783905008922 0.018066322657728735 0.018777978000647535 0.023448592817667358 0.025460937491659324 0.022326551011219383 0.016252716973787017 0.0 0.0 0.0 0.0 0.012327852029716209 0.0 0.0 0.0 0.0 0.0 0.0 0.0 0.0 0.0 0.0 0.0 0.0 0.0 0.0 0.0 0.0 0.0 0.0 0.018488330305718642 0.018546457695001496 0.02051462787590432 0.014466900533688836 0.014795667315875779 0.01819572314378815 0.019361776822239652 0.01970214630083272 0.01937590967024185 0.01827116363876287 0.016934613963863497 0.013811424188630997 0.009970757334302765 0.008505961892550803 0.006462513224602077 0.0 0.009875812208771458 0.0 0.003111279271939081 0.0013709280421544793 0.00241559797057588 0.0010757536440163182 0.0015788721539025557 0.0 0.0012986208631002242 0.0005058261375754469 0.0 0.0 0.0011543521575288094
0.01653198023822871 0.014775334596467469 0.007423177992385102 0.008611183275478024 0.007689228577803977 0.0 0.005523443510445051 0.005626810842568513 0.014391820906288723 0.014917073801067035 0.021010583071746053 0.020364692925942885 0.010091391100821778 0.005745850182683202 0.010105577562637299 0.010260389213129082 0.013153827142037056 0.0 0.0 0.0 0.0 0.0 0.0 0.0 0.0 0.0 0.0 0.0 0.0 0.0 0.0 0.0 0.0 0.0 0.0 0.01529596790184997 0.017439901602580316 0.015709692785417655 0.012886282117061111 0.018056004270619083 0.018322245469707885 0.01948173759435143 0.020515605097370777 0.020342367213430954 0.019324731525252707 0.017685848807098302 0.016719058693083957 0.013884714688707334 0.00875003569216439 0.013173765634705991 0.007180217201059885 0.0050523022626126225 0.0 0.0 0.0 0.0 0.0 0.0 0.0 0.0 0.0 0.0 0.0
0.023435549575076948 0.01808611051023016 0.009799109369342309 0.004858529059193975 0.0040499228010093796 0.002813966760808928 0.0048102751934089305 0.01164812576428348 0.02165295554449842 0.020922043991463822 0.024087538968609247 0.023704015680032706 0.022554055912510803 0.01892367494369812 0.0187325942871025 0.009892929146121797 0.008297064032544018 0.008931361906174447 0.0 0.0 0.0 0.0 0.0 0.0 0.0 0.0 0.01202996535435722 0.016981699155661636 0.01723480108304323 0.01600094199232522 0.0 0.0 0.0 0.0 0.010358202348993997 0.011993350316986883 0.015482175521207613 0.013849489407835936 0.018326392307717185 0.017671324007351656 0.02058687180666132 0.021820777634111395 0.020968767842189255 0.020122121753177066 0.01956614584596702 0.017482314049936137 0.01618365271186466 0.014459197542770284 0.008716984070939644 0.01450945078210976 0.006923688076115208 0.0026869776106016353 0.004294338550803775 0.0013390702665209506 0.0013121867129095928 0.0 0.003118854682329778 0.002975147275039836 0.00248906808641761 0.004170677346345715 0.0036457206450717762 0.0011435663818029408 0.0
