critload/trunk/output/1999/fsro_ag.asc
ncols 720
nrows 360
xllcorner -180
yllcorner -90
cellsize 0.5
NODATA_value -1
[rows 155 to 185 of 360, columns 210 to 279 of 720]
-1.0 -1.0 -1.0 -1.0 -1.0 0.0032886011950810975 0.006378211755420854 0.00929872336351787 -1.0 0.002669512254496394 0 0.026008957052007255 0.006502750464498499 0 -1.0 -1.0 -1.0 -1.0 -1.0 -1.0 -1.0 -1.0 -1.0 -1.0 -1.0 -1.0 0.04136467325048744 -1.0 -1.0 -1.0 -1.0 -1.0 -1.0 -1.0 -1.0 -1.0 -1.0 -1.0 -1.0 -1.0 -1.0 -1.0 -1.0 -1.0 -1.0 -1.0 -1.0 -1.0 -1.0 -1.0 -1.0 -1.0 -1.0 -1.0 -1.0 -1.0 -1.0 -1.0 -1.0 -1.0 -1.0 -1.0 -1.0 -1.0 -1.0 -1.0 -1.0 -1.0 -1.0 -1.0
-1.0 -1.0 -1.0 -1.0 0.0012772575236746047 0.0014051836104686216 0.009468841659913171 0.002703836896663998 -1.0 0.002562297285770561 0.005676712096384688 -1.0 -1.0 -1.0 -1.0 -1.0 -1.0 -1.0 -1.0 -1.0 -1.0 -1.0 -1.0 -1.0 -1.0 -1.0 -1.0 -1.0 -1.0 -1.0 -1.0 -1.0 -1.0 -1.0 -1.0 -1.0 -1.0 -1.0 -1.0 -1.0 -1.0 -1.0 -1.0 -1.0 -1.0 -1.0 -1.0 -1.0 -1.0 -1.0 -1.0 -1.0 -1.0 -1.0 -1.0 -1.0 -1.0 -1.0 -1.0 -1.0 -1.0 -1.0 -1.0 -1.0 -1.0 -1.0 -1.0 -1.0 -1.0 -1.0
0 0.05231409505925497 0.04539293045990739 0.03863009224857712 0.01937880351467165 0.014333549549098825 0.0019179779887892906 -1.0 0.002025880055681086 0.010138300137712818 0.029311272039915598 0.015618453422850632 0.010602270451486342 0 -1.0 -1.0 -1.0 -1.0 -1.0 -1.0 -1.0 0 0.03622388866821191 -1.0 -1.0 -1.0 -1.0 -1.0 0.04996164948101911 -1.0 -1.0 -1.0 -1.0 -1.0 -1.0 -1.0 -1.0 -1.0 -1.0 -1.0 -1.0 -1.0 -1.0 -1.0 -1.0 -1.0 -1.0 -1.0 -1.0 -1.0 -1.0 -1.0 -1.0 -1.0 -1.0 -1.0 -1.0 -1.0 -1.0 -1.0 -1.0 -1.0 -1.0 -1.0 -1.0 -1.0 -1.0 -1.0 -1.0 -1.0
0.005998823905774219 0.03549709144764612 0.049472090563753894 0.0821337911482725 0.0663009295311262 0.03489794175932405 0.00498143528090535 0.003383690871860573 0.02163295586714668 0.024735247455043033 0.02827747421618918 0.04087765293552603 0.031978183211687716 0.007576836902358271 -1.0 0.04712879661449848 0.05731321599939714 0.01861100930380942 -1.0 0 -1.0 0.012989445420107083 0.030249222954819893 0.04277266472686192 0.03690230021903347 0.05013171732875481 0.04542723165781525 0.04713820720241425 0 -1.0 -1.0 -1.0 -1.0 -1.0 -1.0 -1.0 -1.0 -1.0 -1.0 -1.0 -1.0 -1.0 -1.0 -1.0 -1.0 -1.0 -1.0 -1.0 -1.0 -1.0 -1.0 -1.0 -1.0 -1.0 -1.0 -1.0 -1.0 -1.0 -1.0 -1.0 -1.0 -1.0 -1.0 -1.0 -1.0 -1.0 -1.0 -1.0 -1.0 -1.0
0.005070100973196487 0.005914647208165342 0.059567431855130054 0.05990813710529441 0.05505675678847525 0.00889601385413444 0.0019724989117881116 0.004505392880982287 0.04105267541119431 0.019568504720702363 0.02457412971788177 0.04620027997230325 0.05052766949216827 0.05377936692833146 0.056442438047978716 0.09493627916849699 0.038375002072081 0.03657765442022775 0.023509913803080356 0.02918547304039354 0.03006746506416037 0.046304352993296216 0.05837594904691189 0.04414864533737525 0.006756255299697349 0 0.009855285639043365 0.017706244497022655 -1.0 -1.0 -1.0 -1.0 -1.0 -1.0 -1.0 -1.0 -1.0 -1.0 -1.0 -1.0 -1.0 -1.0 -1.0 -1.0 -1.0 -1.0 -1.0 -1.0 -1.0 -1.0 -1.0 -1.0 -1.0 -1.0 -1.0 -1.0 -1.0 -1.0 -1.0 -1.0 -1.0 -1.0 -1.0 -1.0 -1.0 -1.0 -1.0 -1.0 -1.0 -1.0
0.006323730273393692 0.003498818584123473 0.002979415232972796 0.037792565757886636 0.037225561596145 0.002907070576445344 0 0.0009526227245412153 0.044493166970458166 0.05686201434837921 0.053345211575453376 0.049131668473886767 0.03645217580042255 0.023001903623919323 0.024915927248687884 0.03346094232347382 0.020580044932182396 0.024061985505864678 0.015179897823554757 0.006680924915357379 0.007935267108181444 0.016815956185338203 0.022046051354871234 0.009628054261063742 0.001926029461852662 0.0031302327409129358 0.002597372203659055 0.0021374221567392977 -1.0 -1.0 -1.0 -1.0 -1.0 -1.0 -1.0 -1.0 -1.0 -1.0 -1.0 -1.0 -1.0 -1.0 -1.0 -1.0 -1.0 -1.0 -1.0 -1.0 -1.0 -1.0 -1.0 -1.0 -1.0 -1.0 -1.0 -1.0 -1.0 -1.0 -1.0 -1.0 -1.0 -1.0 -1.0 -1.0 -1.0 -1.0 -1.0 -1.0 -1.0 -1.0
0.0024861197093324094 0.0028555757718627195 0.010941477131132945 0.07115340134356422 0.0173652668055995 0.0017695556082196807 0.000916669859421031 0.006573483252320934 0.05360156865327758 0.11184290783708771 0.05432689922326905 0.007941804615437536 0.0024959350113212915 0.005414946545739111 0.003720031635536973 0.004326058429505178 0.004114944130031848 0.005048898037730683 0.005514254681294965 0.0033094870067029948 0.004924954493314254 0.006228605888985226 0.007654661365423221 0.00423960020595774 0.0016606001937311341 0.0013675932194168513 0.0013482721258435471 0.00115501674857261 0.002773602406076284 -1.0 -1.0 -1.0 -1.0 -1.0 -1.0 -1.0 -1.0 -1.0 -1.0 -1.0 -1.0 -1.0 -1.0 -1.0 -1.0 -1.0 -1.0 -1.0 -1.0 -1.0 -1.0 -1.0 -1.0 -1.0 -1.0 -1.0 -1.0 -1.0 -1.0 -1.0 -1.0 -1.0 -1.0 -1.0 -1.0 -1.0 -1.0 -1.0 -1.0 -1.0
0.0010746231170447765 0.016506924330747658 0.02352004200369189 0.045739166667033065 0.016680661669591496 0.002646036190490147 0.01610173177899241 0.08274916787980673 0.050085557658979436 0.030741511767839486 0.006773006591221483 0.0021332853345693353 0.001953368289862608 0.004128727646823945 0.001636369378344553 0.003487659449965199 0.003505835981105124 0.00544141066052593 0.00775383879131192 0.0033457278029314025 0.006745248248872532 0.00701616608110321 0.0055905665686448195 0.003851500105252936 0.002708310629370463 0.0029469649187489474 0.0029483086013265803 0.001670145558263466 0.0027739671559615796 0.0022959607314233864 -1.0 -1.0 -1.0 -1.0 -1.0 -1.0 -1.0 -1.0 -1.0 -1.0 -1.0 -1.0 -1.0 -1.0 -1.0 -1.0 -1.0 -1.0 -1.0 -1.0 -1.0 -1.0 -1.0 -1.0 -1.0 -1.0 -1.0 -1.0 -1.0 -1.0 -1.0 -1.0 -1.0 -1.0 -1.0 -1.0 -1.0 -1.0 -1.0 -1.0
0.018889423861065496 0.046738002211343395 0.023768357709718264 0.06239465267036098 0.052666709777032195 0.03713899947682397 0.05698516536831769 0.07021039646254362 0.03367778642196511 0.0017522388017132333 0.0018645114573026436 0.001436754051816369 0.0015144921481838746 0.0013419151786000082 0.0011113910105272856 0.0010788352457666993 0.0007974857553300567 0.0029101525666251483 0.003415112167917715 0.004079416008814812 0.007665309530716354 0.007821900966293519 0.006940435536585206 0.005783662488142396 0.012047952202285016 0.03176991227835851 0.02661712334696651 0.007666183543894214 0.0028797869351807905 0.004247065580225064 0.0061539664003517095 0.004353284510052585 -1.0 -1.0 -1.0 -1.0 -1.0 -1.0 -1.0 -1.0 -1.0 -1.0 -1.0 -1.0 -1.0 -1.0 -1.0 -1.0 -1.0 -1.0 -1.0 -1.0 -1.0 -1.0 -1.0 -1.0 -1.0 -1.0 -1.0 -1.0 -1.0 -1.0 -1.0 -1.0 -1.0 -1.0 -1.0 -1.0 -1.0 -1.0
0.019330542713029857 0.04139507072877721 0.005823655991789288 0.053961558205958285 0.05106395758347271 0.07267167340857174 0.060193285476562025 0.02454431376373316 0.001791230961684855 0.0013005766353501862 0.0010074750297599344 0.0008893372056463719 0.000844236824195283 0.001093453760486434 0.0012633676900227697 0.0008814503932274838 0.0008236224592660749 0.0047681620186762076 0.006924111555474947 0.004164721418821315 0.005071223518065428 0.013295941977342282 0.011213109399448246 0.010442111386250846 0.013046048407973845 0.017344727689623772 0.016539349682867965 0 0.005976770351001065 0.007781852086231323 0.004170764923538709 0.002793035846970201 0.004382968404079921 -1.0 -1.0 -1.0 -1.0 -1.0 -1.0 -1.0 -1.0 -1.0 -1.0 -1.0 -1.0 -1.0 -1.0 -1.0 -1.0 -1.0 -1.0 -1.0 -1.0 -1.0 -1.0 -1.0 -1.0 -1.0 -1.0 -1.0 -1.0 -1.0 -1.0 -1.0 -1.0 -1.0 -1.0 -1.0 -1.0 -1.0
0.027297572635274717 0.021530044802026443 0.008929726516292338 0.05918939028293198 0.04204243944702978 0.04329824425024501 0.006636181841294141 0.002229596063545213 0.0012847647140587302 0.0009378012419826587 0.0008999093583802933 0.0010839129715297503 0.0008178430452438237 0.0007518190790888055 0.000712123036132767 0.001848023585191998 0.0067228340018583976 0.02035736769341888 0.03901660845774691 0.021641074848219175 0 0 0.014659537098073981 0.012159425079056268 0.013351536027262993 0.010543128468054845 0.01302758763096498 0.006801881396252549 0 0 0.008066126139027907 0.0095728262949802 0.009030570333943173 -1.0 -1.0 -1.0 -1.0 -1.0 -1.0 -1.0 -1.0 -1.0 -1.0 -1.0 -1.0 -1.0 -1.0 -1.0 -1.0 -1.0 -1.0 -1.0 -1.0 -1.0 -1.0 -1.0 -1.0 -1.0 -1.0 -1.0 -1.0 -1.0 -1.0 -1.0 -1.0 -1.0 -1.0 -1.0 -1.0 -1.0
0.026620728426730533 0.011232800989719204 0.0194779607698163 0.07792088603215197 0.04758737731971821 0.04762172672055894 0.029212892216721277 0.0024903252900130013 0.0010179080034236738 0.0006595556827903877 0.0007731829569267779 0.0009652155637309526 0.0010637955312101355 0.001072395115683808 0.0010496300335206827 0.003100218616795111 0.020808639054445337 0.030343976921602706 0.03161924283087031 0 0 0 0.01035040978503318 0.017326085665980862 0.015598009368208304 0 0.0076038188709376744 0 0 0 0 0.005591333207641473 0.00706205265188151 0.004482929556223969 0.0029683596882655668 -1.0 -1.0 -1.0 -1.0 -1.0 -1.0 -1.0 -1.0 -1.0 -1.0 -1.0 -1.0 -1.0 -1.0 -1.0 -1.0 -1.0 -1.0 -1.0 -1.0 -1.0 -1.0 -1.0 -1.0 -1.0 -1.0 -1.0 -1.0 -1.0 -1.0 -1.0 -1.0 -1.0 -1.0 -1.0
0.03223937559865132 0.014985672604397718 0.06261840277583304 0.06423111052973844 0.05451220427859941 0.04798673804968329 0.014537981134729273 0.0012077885679094903 0.0007891279423180449 0.000854810487482139 0.0010685832026018037 0.0018250514273283008 0.001763954458411262 0.0018998678057821513 0.0017188479009733744 0.014364813663157365 0.030926682150670837 0.02724228162167054 0.02342943072705362 0 0 0 0.017834227600946093 0.02383276416638649 0.03173071554566709 0.03261987953641664 0 0.021893951177986294 0 0 0 0.012819331611614653 0.008243133187104205 0.00483429734955846 0.0042897421726067675 0.0037209630798482438 -1.0 -1.0 -1.0 -1.0 -1.0 -1.0 -1.0 -1.0 -1.0 -1.0 -1.0 -1.0 -1.0 -1.0 -1.0 -1.0 -1.0 -1.0 -1.0 -1.0 -1.0 -1.0 -1.0 -1.0 -1.0 -1.0 -1.0 -1.0 -1.0 -1.0 -1.0 -1.0 -1.0 -1.0
0.02936743053074031 0.04659128737097354 0.05924019412227068 0.06302982313643443 0.04629968019851069 0.06242876837645881 0.0035370118552256143 0.0008011300203627865 0.0006926202422605329 0.0011297032195922228 0.001338924906030414 0.002192086895662633 0.0021784337120919726 0.0018090263692777282 0.0044888702770419005 0.028998288849330093 0.03585411746764153 0.04546211071627139 0.04500435074385733 0.03739141535277848 0 0 0.03269835498561204 0 0.037416130204993875 0 0 0.009941128187038914 0 0 0 0 0.0053592645762231385 0.007571210771036123 0.004893330359385465 0.00566412439750319 0.0018816865296133012 0.0017907802622813772 0.0021469588023314058 0.004262845311065293 0.0027055604098192737 0.002403745766213033 0 -1.0 -1.0 -1.0 -1.0 -1.0 -1.0 -1.0 -1.0 -1.0 -1.0 -1.0 -1.0 -1.0 -1.0 -1.0 -1.0 -1.0 -1.0 -1.0 -1.0 -1.0 -1.0 -1.0 -1.0 -1.0 -1.0 -1.0
0.06350885553386881 0.0665528100413109 0.05529099500709445 0.06923413308918208 0.07188004465880904 0.011737781973893822 0.0009524962782010417 0.0009179168578056841 0.0011647802064861516 0.0014290237821008975 0.0019387313999932097 0.002302816275857814 0.002288390560712184 0.0021913789844443055 0.009036512253703442 0.03250498443980809 0 0.02052506521760864 0.02155348278466678 0 0 0 0 0 0.0254167867225254 0.046239712550437455 0 0 0.02994809737398502 0.0395529683074029 0 0 0 0.021725511360396153 0 0 0 0 0 0 0 0 0 0 0.004423402784761532 -1.0 -1.0 -1.0 -1.0 -1.0 -1.0 -1.0 -1.0 -1.0 -1.0 -1.0 -1.0 -1.0 -1.0 -1.0 -1.0 -1.0 -1.0 -1.0 -1.0 -1.0 -1.0 -1.0 -1.0 -1.0
0.06798385983948536 0.05669727462220582 0.0693258630576722 0.0942997471221684 0.012707701663862604 0.0009302140517925425 0.0011934706228945227 0.0016549437302878322 0.0020314840047760707 0.002376757815019986 0.002706276983582174 0.0026926643147270157 0.0025597387530755765 0.002615188578886044 0.008012127997933384 0 0 0 0 0 0.03260234859318547 0.03201034842778236 0 0 0 0.02850329673627548 0.018020231600908567 0.022053981218074947 0.02772737190430769 0.029521638372826908 0.04922563003980512 0 0 0 0 0 0 0 0 0 0 0 0 0 0 0.02080094810985874 -1.0 -1.0 -1.0 -1.0 -1.0 -1.0 -1.0 -1.0 -1.0 -1.0 -1.0 -1.0 -1.0 -1.0 -1.0 -1.0 -1.0 -1.0 -1.0 -1.0 -1.0 -1.0 -1.0 -1.0
0.06489474057565116 0.04842451981928804 0.07240890069420239 0.020267057062864555 0.004715746676341774 0.00412003146001214 0.0029114942177075787 0.002853393450613861 0.002967753858268472 0.003185620215855346 0.0037170426425254034 0.003481003028877096 0.0031499550214237333 0.00293339838906234 0.0039024587947854945 0.020911625399711115 0.011700603946735801 0 0.030497416643835647 0.025334504869047376 0 0 0 0 0 0 0 0.0325757621068572 0.025113121100968118 0.03532932746332815 0.04497037234831795 0 0 0 0 0 0 0 0 0 0 0 0 0 0 0 0 0 -1.0 -1.0 -1.0 -1.0 -1.0 -1.0 -1.0 -1.0 -1.0 -1.0 -1.0 -1.0 -1.0 -1.0 -1.0 -1.0 -1.0 -1.0 -1.0 -1.0 -1.0 -1.0
0.06685379135589768 0.04552248526487411 0.04621647741629426 0.005541368978498621 0.0035332956800579766 0.003473663491061892 0.0033004372946092656 0.003588948010239534 0.0037581589863670832 0.003760201868852673 0 0 0 0.00233586698968657 0.0028554342803988825 0.002723589737275113 0.0057822862632972314 0 0 0 0 0 0 0 0 0 0.022755705041063883 0.01001979913539695 0.0073923543038767366 0.011790903562825318 0.014219110564805591 0.020705590381270296 0 0 0 0 0 0 0 0 0 0 0 0 0 0 0 0.006611583566919044 -1.0 -1.0 -1.0 -1.0 -1.0 -1.0 -1.0 -1.0 -1.0 -1.0 -1.0 -1.0 -1.0 -1.0 -1.0 -1.0 -1.0 -1.0 -1.0 -1.0 -1.0 -1.0
0.06249038027365815 0.04597292541391352 0.028722123292363864 0.004100986065351561 0.003724107537585245 0.003275991604213157 0.00362795394715354 0.003777820108059773 0 0.005087682360909331 0.003642976052031399 0.00537715529764093 0.0032566774793383354 0.002815525188420996 0.0027958646781427797 0 0 0 0.023626152786586647 0 0 0 0 0 0 0 0 0.007716636104413447 0.004508299141790599 0.0030895315589652052 0.03744593903914227 0 0 0 0 0 0 0 0 0 0 0 0 0 0 0 0 0.003033740732336588 -1.0 -1.0 -1.0 -1.0 -1.0 -1.0 -1.0 -1.0 -1.0 -1.0 -1.0 -1.0 -1.0 -1.0 -1.0 -1.0 -1.0 -1.0 -1.0 -1.0 -1.0 -1.0
0.05076872551405059 0.02412086773129155 0.03093715781901016 0.005375136291226416 0.006016999240535136 0.003091149395853684 0.0034180887767731893 0.0035169755723167503 0.007453331382938136 0.004608531806421687 0.0033839681388097283 0.010699595083739251 0 0 0 0 0 0 0 0 0 0.08383108735160441 0 0 0 0 0.02276447285286953 0.014069087397536838 0.008500122348004156 0.007860390344514639 0.017609132070328597 0.011210069338453107 0 0 0 0 0 0 0 0 0 0 0 0 0 0 0 0 0.0024579193452078656 -1.0 -1.0 -1.0 -1.0 -1.0 -1.0 -1.0 -1.0 -1.0 -1.0 -1.0 -1.0 -1.0 -1.0 -1.0 -1.0 -1.0 -1.0 -1.0 -1.0 -1.0
0.049795570371104575 0.01003391772540855 0.011267609194343279 0 0.01654498225719578 0.009015371094978663 0 0.009722949071165247 0.006066797148173866 0 0.003907857734580463 0.007479340249156565 0 0 0 0 0 0 0 0 0 0 0 0 0 0 0 0.026668114702571556 0.030734747445562705 0.0319473967294983 0.006564079896949374 0.010169227627677553 0 0 0 0 0 0 0.019582980021260837 0 0 0 0 0 0 0 0 0 0.005806602571574327 0.0 -1.0 -1.0 -1.0 -1.0 -1.0 -1.0 -1.0 -1.0 -1.0 -1.0 -1.0 -1.0 -1.0 -1.0 -1.0 -1.0 -1.0 -1.0 -1.0 -1.0
0.010703420096796899 0.004437998446145145 0.003329421214002716 0.0031128653757948586 0.010717884535768551 0.004226589483669841 0.005168719535179869 0.010482318440448474 0.002683464045153592 0.0033880176638639583 0 0 0 0 0 0 0 0 0 0 0 0 0 0 0 0 0 0.008656375374741423 0 0 0 0 0 0 0 0 0 0.009221762860228775 0.009228827971877643 0 0 0 0 0 0 0 0 0.006470883712897987 0.00483454317805891 0.004198823332804301 -1.0 -1.0 -1.0 -1.0 -1.0 -1.0 -1.0 -1.0 -1.0 -1.0 -1.0 -1.0 -1.0 -1.0 -1.0 -1.0 -1.0 -1.0 -1.0 -1.0
0.00999183425555608 0.003093540188891016 0.0026567609747341066 0.003126470881134959 0.016980201588438378 0.0029880654315011497 0.006575973203429702 0.006062189565459053 0.007615710512938391 0.005265085651580484 0 0 0 0 0 0 0 0.004808610318742775 0.02810536159474566 0 0 0 0 0 0 0.0444473088813229 0 0.003731868379107778 0.00279587626635851 0 0 0 0 0 0 0 0 0.007327927541527691 0.009620112727147969 0 0 0 0 0 0 0 0 0.019022514638164317 0.005410830554757487 0.003541567386614014 0 -1.0 -1.0 -1.0 -1.0 -1.0 -1.0 -1.0 -1.0 -1.0 -1.0 -1.0 -1.0 -1.0 -1.0 -1.0 -1.0 -1.0 -1.0 -1.0
0.005704498988799369 0.0038161283973154833 0.002535544882446529 0 0 0.0033655588525050243 0 0.0030274856484311407 0.014087593407095925 0 0 0 0 0 0 0 0 0.026308131050438048 0 0 0 0 0 0 0 0 0 0 0 0 0.009170167663198595 0 0 0 0 0 0 0 0.010840463519670452 0 0 0 0 0 0 0 0 0.013020631788328062 0.0032287415128759997 0.0035947817675614563 0.0 -1.0 -1.0 -1.0 -1.0 -1.0 -1.0 -1.0 -1.0 -1.0 -1.0 -1.0 -1.0 -1.0 -1.0 -1.0 -1.0 -1.0 -1.0 -1.0
0.0028340029163882578 0.0028818209091649644 0.002445760939455397 0.006169046591857063 0.007356529038101617 0.0050856844739612045 0.0034472468492483736 0.0027134912671611545 0.013026467000996456 0 0 0 0 0 0 0 0 0 0 0 0 0 0 0 0 0.001762114547259506 0 0.002347133174665634 0 0 0 0 0 0 0 0 0 0 0 0 0 0 0 0 0 0 0 0.00452394448361567 0.006127281257361185 0 0.0 0.0 -1.0 -1.0 -1.0 -1.0 -1.0 -1.0 -1.0 -1.0 -1.0 -1.0 -1.0 -1.0 -1.0 -1.0 -1.0 -1.0 -1.0 -1.0
0.005410924021355008 0 0.0025047324137566 0.004705478632729516 0.00716181693190311 0.007353765292401899 0.002988369846117979 0 0.005777331923410621 0 0 0 0 0 0 0.004816464717069783 0 0 0 0.0035008016037878947 0 0 0 0 0 0 0 0 0 0 0 0 0 0.012494639256613328 0 0 0 0 0 0 0 0 0 0 0 0 0.011189188839869094 0.005906900692644623 0.0034027038170688045 0.0020682020933263188 0.00240699112348154 0.0021166895535726987 0.0012805011845171852 0 -1.0 -1.0 -1.0 -1.0 -1.0 -1.0 -1.0 -1.0 -1.0 -1.0 -1.0 -1.0 -1.0 -1.0 -1.0 -1.0
0 0 0.003126380554113863 0.0037891945942161113 0.00604374883013469 0.0078096809154742115 0.005475266762018633 0 0 0 0.004868885171338203 0 0 0 0 0 0 0 0 0 0 0 0 0 0.002048411214955117 0 0 0 0 0 0 0 0 0 0 0 0 0 0 0 0 0 0 0.0209223922586476 0.02098453228785246 0 0.0031160181001498024 0.0026839906734095675 0.0031463986149657063 0.001425429647826152 0.0012246966478836377 0.0012712512752827828 0.0016401452640495398 0.005904891934140861 0.005861359947586884 0.006176046659321463 0.004130663991406721 0 -1.0 -1.0 -1.0 -1.0 -1.0 -1.0 -1.0 -1.0 -1.0 -1.0 -1.0 -1.0
0 0 0.0028783572088164682 0 0.0030282358378674558 0 0 0.003903452277616052 0 0 0.005026035169307095 0 0 0 0 0 0 0 0 0 0 0 0 0 0 0.0026874039342044014 0.002598901516579939 0 0 0 0 0 0 0 0 0 0 0 0 0.012415341102743513 0.018692624114923045 0.04091771611156285 0.033858635527268255 0.01138681551930088 0.01441215121431468 0.008827217707878632 0.0029249279327016524 0.0025936682139205947 0.0019583655771849714 0.0014407033331493477 0.001242940393180816 0.002547379320732853 0.0036303955514948205 0.0058959118761176274 0.00731932238936581 0.009488077119793817 0.006342398231173735 0.0051964194556805374 0 0 0.0 -1.0 -1.0 -1.0 -1.0 -1.0 -1.0 -1.0 -1.0 -1.0
0 0 0.002820592295851287 0.0026981923711214212 0.0032977388791190195 0.002089510008250232 0.002122078137291235 0.0022718358629980895 0 0 0 0 0 0 0 0 0 0 0 0.001970375567611792 0 0 0 0 0 0 0 0 0 0 0 0 0 0 0 0 0 0.008547379004552505 0.009986115062654996 0.007096725737876645 0.009692712108610925 0.01435819711329783 0.009684914724431965 0.011483023208929717 0.005408049378515052 0.004772246735885293 0.004238314502771452 0.002790672876631584 0.0035402744010607453 0.00282438719379159 0.0038663197685357606 0.0029970568034080316 0.005063477119621663 0.0061870615347016855 0.008621561874406292 0.008836936092745194 0.008992566577466244 0.004363565527326471 0.006720206920125364 0 0.0026901067705698153 -1.0 -1.0 -1.0 -1.0 -1.0 -1.0 -1.0 -1.0 -1.0
0 0 0 0 0 0.0028683714456706946 0 0.002450617185881563 0 0 0.003435679627422971 0 0 0 0 0 0 0 0 0 0 0 0 0 0 0 0 0 0 0 0 0 0 0 0 0.0072685316021648275 0.009675242295211746 0.007771817207809218 0.0065661552414314605 0.006776669073218587 0.004622453390422954 0.007142629749742763 0.00704856213336597 0 0 0.006273156254972491 0 0.0029978246800346107 0.0034260858532882375 0.0020830062544872152 0.0025904527221964732 0.0034350118508017485 0.006486012160561669 0.008699883201945598 0.011140390571161224 0.01311978082874164 0.009912699806074484 0.004269903005461706 0.005198779688581045 0.005071806141138983 0.00529079484228738 0.007369317826304967 0 0.0018437265219322623 -1.0 -1.0 -1.0 -1.0 -1.0 -1.0
0.0034842993555681207 0 0 0 0 0 0 0 0 0.002541717461033338 0.002889756865882221 0 0 0 0.0030505208374574048 0 0 0.0033580859537149605 0 0 0 0 0 0 0 0 0 0 0.003500450478582752 0.01083377730847912 0.006610841080747851 0 0 0.006409246302118734 0.001942881264185341 0.0024742417909028166 0.005700916753336236 0.005801536483857384 0 0.007377415416053117 0.020108227437464585 0.014957248243029238 0 0 0 0.023043548237678287 0.007227517821432608 0.004813684069049234 0.0040491014583510015 0.003424985734374092 0.0041494056062859426 0.005648460926780857 0.007829321019914702 0.008515373954501608 0.011500302925533182 0.017368244517778405 0.007362613840749304 0.004306944699867434 0.006234715552047905 0.005440403041461743 0.004227561759739744 0.007685368036568844 0.003859090125983146 0.0038664345764697727 0.0041433610939606335 0.003757025802979026 0.0032612533383713075 0.003634431431529775 0.004802708251339212 0.00431713344119049
