critload/trunk/output/1999/fsro_ag.asc
ncols 720
nrows 360
xllcorner -180
yllcorner -90
cellsize 0.5
NODATA_value -1
[rows 31 to 61 of 360, columns 420 to 489 of 720]
-1.0 -1.0 -1.0 -1.0 -1.0 -1.0 -1.0 -1.0 -1.0 -1.0 -1.0 -1.0 -1.0 -1.0 -1.0 -1.0 -1.0 -1.0 -1.0 -1.0 -1.0 -1.0 -1.0 -1.0 -1.0 -1.0 -1.0 -1.0 -1.0 -1.0 -1.0 -1.0 -1.0 -1.0 -1.0 -1.0 -1.0 -1.0 -1.0 -1.0 -1.0 -1.0 -1.0 -1.0 -1.0 -1.0 -1.0 -1.0 -1.0 0.0 0 0 0 0 0 0 0 0 0 -1.0 -1.0 -1.0 -1.0 -1.0 -1.0 -1.0 -1.0 -1.0 -1.0 -1.0
-1.0 -1.0 -1.0 -1.0 -1.0 -1.0 -1.0 -1.0 -1.0 -1.0 -1.0 -1.0 -1.0 -1.0 -1.0 -1.0 -1.0 -1.0 -1.0 -1.0 -1.0 -1.0 -1.0 -1.0 -1.0 -1.0 -1.0 -1.0 -1.0 -1.0 -1.0 -1.0 -1.0 -1.0 -1.0 -1.0 -1.0 -1.0 -1.0 -1.0 -1.0 -1.0 -1.0 -1.0 -1.0 -1.0 -1.0 0.0 0 0 0 0 0 0 0 0 0 -1.0 -1.0 -1.0 -1.0 -1.0 -1.0 -1.0 -1.0 -1.0 -1.0 -1.0 -1.0 -1.0
-1.0 -1.0 -1.0 -1.0 -1.0 -1.0 -1.0 -1.0 -1.0 -1.0 -1.0 -1.0 -1.0 -1.0 -1.0 -1.0 -1.0 -1.0 -1.0 -1.0 -1.0 -1.0 -1.0 -1.0 -1.0 -1.0 -1.0 -1.0 -1.0 -1.0 -1.0 -1.0 -1.0 -1.0 -1.0 -1.0 -1.0 -1.0 -1.0 -1.0 -1.0 -1.0 -1.0 -1.0 -1.0 -1.0 0.0 0 0 0 0 0 0 0 0 -1.0 -1.0 -1.0 -1.0 -1.0 -1.0 -1.0 -1.0 -1.0 -1.0 -1.0 -1.0 -1.0 -1.0 -1.0
-1.0 -1.0 -1.0 -1.0 -1.0 -1.0 -1.0 -1.0 -1.0 -1.0 -1.0 -1.0 -1.0 -1.0 -1.0 -1.0 -1.0 -1.0 -1.0 -1.0 -1.0 -1.0 -1.0 -1.0 -1.0 -1.0 -1.0 -1.0 -1.0 -1.0 -1.0 -1.0 -1.0 -1.0 -1.0 -1.0 -1.0 -1.0 -1.0 -1.0 -1.0 -1.0 -1.0 -1.0 0.0 0 0 0 0 0 0 0 0 -1.0 -1.0 -1.0 -1.0 -1.0 -1.0 -1.0 -1.0 -1.0 -1.0 -1.0 -1.0 -1.0 -1.0 -1.0 -1.0 -1.0
-1.0 -1.0 -1.0 -1.0 -1.0 -1.0 -1.0 -1.0 -1.0 -1.0 -1.0 -1.0 -1.0 -1.0 -1.0 -1.0 -1.0 -1.0 -1.0 -1.0 -1.0 -1.0 -1.0 -1.0 -1.0 -1.0 -1.0 -1.0 -1.0 -1.0 -1.0 -1.0 -1.0 -1.0 -1.0 -1.0 -1.0 -1.0 -1.0 -1.0 -1.0 -1.0 -1.0 0.0 0.0 0 0 0 0 0 0 0 -1.0 -1.0 -1.0 -1.0 -1.0 -1.0 -1.0 -1.0 -1.0 -1.0 -1.0 -1.0 -1.0 -1.0 -1.0 -1.0 -1.0 -1.0
-1.0 -1.0 -1.0 -1.0 -1.0 -1.0 -1.0 -1.0 -1.0 -1.0 -1.0 -1.0 -1.0 -1.0 -1.0 -1.0 -1.0 -1.0 -1.0 -1.0 -1.0 -1.0 -1.0 -1.0 -1.0 -1.0 -1.0 -1.0 -1.0 -1.0 -1.0 -1.0 -1.0 -1.0 -1.0 -1.0 -1.0 -1.0 -1.0 -1.0 -1.0 -1.0 0.0 0 0 0 0 0 0 0 0 0 -1.0 -1.0 -1.0 -1.0 -1.0 -1.0 -1.0 -1.0 -1.0 -1.0 -1.0 -1.0 -1.0 -1.0 -1.0 -1.0 -1.0 -1.0
-1.0 -1.0 -1.0 -1.0 -1.0 -1.0 -1.0 -1.0 -1.0 -1.0 -1.0 -1.0 -1.0 -1.0 -1.0 -1.0 -1.0 -1.0 -1.0 -1.0 -1.0 -1.0 -1.0 -1.0 -1.0 -1.0 -1.0 -1.0 -1.0 -1.0 -1.0 -1.0 -1.0 -1.0 -1.0 -1.0 -1.0 -1.0 -1.0 -1.0 -1.0 -1.0 -1.0 -1.0 0 0 0 0 0 0 0 0 0 0.0 -1.0 -1.0 -1.0 -1.0 -1.0 -1.0 -1.0 -1.0 -1.0 -1.0 -1.0 -1.0 -1.0 -1.0 -1.0 -1.0
0 0 -1.0 -1.0 -1.0 -1.0 -1.0 -1.0 -1.0 -1.0 -1.0 -1.0 -1.0 -1.0 -1.0 -1.0 -1.0 -1.0 -1.0 -1.0 -1.0 -1.0 -1.0 -1.0 -1.0 -1.0 -1.0 -1.0 -1.0 -1.0 -1.0 -1.0 -1.0 -1.0 -1.0 -1.0 -1.0 -1.0 -1.0 -1.0 -1.0 -1.0 -1.0 -1.0 -1.0 -1.0 0.0 0 0 0 0 0 0 0 0 0.0 -1.0 -1.0 -1.0 -1.0 -1.0 -1.0 -1.0 -1.0 -1.0 -1.0 -1.0 -1.0 -1.0 -1.0
0 0 0 -1.0 -1.0 -1.0 -1.0 -1.0 -1.0 -1.0 -1.0 -1.0 -1.0 -1.0 -1.0 -1.0 -1.0 -1.0 -1.0 -1.0 -1.0 -1.0 -1.0 -1.0 -1.0 -1.0 -1.0 -1.0 -1.0 -1.0 -1.0 -1.0 -1.0 -1.0 -1.0 -1.0 -1.0 -1.0 -1.0 -1.0 -1.0 -1.0 -1.0 -1.0 -1.0 -1.0 -1.0 -1.0 -1.0 -1.0 -1.0 -1.0 -1.0 -1.0 -1.0 -1.0 -1.0 0 0 0 0.0 -1.0 -1.0 -1.0 -1.0 -1.0 -1.0 -1.0 -1.0 -1.0
0 0 0 0 0.007027082911740318 0 0.0 -1.0 -1.0 -1.0 -1.0 -1.0 -1.0 -1.0 -1.0 -1.0 -1.0 -1.0 -1.0 -1.0 -1.0 -1.0 -1.0 -1.0 -1.0 -1.0 -1.0 -1.0 -1.0 -1.0 -1.0 -1.0 -1.0 -1.0 -1.0 -1.0 -1.0 -1.0 -1.0 -1.0 -1.0 -1.0 -1.0 -1.0 -1.0 -1.0 -1.0 -1.0 -1.0 -1.0 -1.0 -1.0 -1.0 -1.0 -1.0 -1.0 -1.0 0 0 0 0 0 0 0 0 0 0.0 0.0 0.0 -1.0
0 0 0 0 0 0 0 0 0 0 0.007877014405661648 0 0 -1.0 -1.0 -1.0 -1.0 -1.0 -1.0 -1.0 -1.0 -1.0 -1.0 -1.0 -1.0 -1.0 -1.0 -1.0 -1.0 -1.0 -1.0 -1.0 -1.0 -1.0 -1.0 -1.0 0 0 0 0 0 -1.0 -1.0 -1.0 -1.0 -1.0 -1.0 -1.0 -1.0 -1.0 -1.0 -1.0 -1.0 -1.0 -1.0 -1.0 -1.0 -1.0 0.0 -1.0 0 0 0 0 0 0 0 0 0 0
0 0 0 0 0 0 0 0 0 0 0.004363380717400312 0.004711803223284451 0.004609804238893701 0.004973507803535517 0.005902462058846685 0 0.0 -1.0 -1.0 -1.0 -1.0 -1.0 -1.0 -1.0 -1.0 -1.0 0 0.0 0.0 0.0 0.0 -1.0 -1.0 -1.0 -1.0 -1.0 0 0.005015038517558501 0.004242366334685193 0 -1.0 -1.0 -1.0 -1.0 0.0 0 0 0 0.0 -1.0 0.0 0.0 0.0 0.0 0.0 0 0 0 0 0.0 0.0 0 0 0 0 0 0 0 0 0
0 0 0.014542128658153086 0 0 0 0 0 0 0 0 0 0 0.0029626440351478126 0.0028327718479731544 0.0034761097645808385 0.0045824664537126095 0.003224460892409512 0 0 -1.0 -1.0 -1.0 -1.0 -1.0 -1.0 -1.0 0 0 0 0 0 0 0.0 -1.0 -1.0 -1.0 -1.0 -1.0 0.0 0 0 0 0 0 0 0 0 0 0 0 0 0 0 0 0 0 0 0 0 0 0 0 0 0 0 0 0 0 0
0 0 0 0 0 0 0.015009895947037027 0 0 0 0 0 0 0 0 0.003373458334727062 0.006355328938152963 0.0030029888649182345 0 0 0 0 0.0 -1.0 -1.0 -1.0 -1.0 -1.0 0 0 0 0 0 0.0 -1.0 0 0 0 0 0 0 0 0 0 0 0 0 0 0 0 0 0 0 0 0 0 0 0 0 0 0 0 0 0 0 0 0 0 0 0
0 0 0 0 0 0 0 0 0 0 0 0 0 0 0.005898188557229853 0 0.004096114269360448 0 0 0 0 0 0 -1.0 -1.0 -1.0 -1.0 0 0.0029906080218735395 0.0027229930781753927 0 0 -1.0 -1.0 -1.0 0.0035182205065165816 0 0 0 0 0 0 0 0 0 0 0 0 0 0 0 0 0 0 0 0 0 0 0 0 0 0 0 0 0 0 0 0 0 0
0 0 0 0 0 0 0 0 0 0 0 0 0 0 0 0 0 0 0 0 0 0 0 -1.0 -1.0 0.0 -1.0 -1.0 -1.0 0 0 0 0 0 0 0 0 0 0 0 0 0 0 0 0 0 0 0 0 0 0 0 0 0 0 0 0 0 0 0 0 0 0 0 0 0 0 0 0 0
0 0.005519340177636573 0.00534812301197459 0 0 0 0 0 0 0.0 0 0 0 0 0 0 0 0 0 0.001677089732225507 0 -1.0 0 0 0 0 0 0 0.006858223921689636 0 0 0 0 0 0 0 0 0 0 0 0 0 0 0 0 0 0 0 0 0 0 0 0 0 0 0 0 0 0 0 0 0 0 0 0 0 0 0 0 0
0 0 0.002236523056138968 0 0 0 0 0 0.001524436681845213 0.0016374521233999148 -1.0 -1.0 -1.0 -1.0 -1.0 -1.0 -1.0 -1.0 -1.0 0 0 0 0 0 0 0 0 0 0 0 0 0 0 0 0 0 0 0 0 0 0 0 0 0 0 0 0 0 0 0 0 0 0 0 0 0 0 0 0 0 0 0 0 0 0 0 0 0 0 0
0.0032650176234997976 0.0027709559738753366 0 0 0 0 0 0 0.002279200870306422 0 -1.0 0 -1.0 0 0 0 -1.0 -1.0 -1.0 0.004099165182046602 0.0020364385229261167 0 0 0 0 0 0 0 0 0 0 0 0 0 0 0 0 0 0 0 0 0 0 0 0 0 0 0 0 0 0 0 0 0 0 0 0 0 0 0 0 0 0 0 0 0 0 0 0 0
0.008563817874853033 0.0035114809471307852 0 0 0 0 0 0 0 0.0011870842668964732 -1.0 -1.0 -1.0 0.002093897170298002 0 0 0.0019246504046954197 0 0.0015790362996395274 0.0005160127057435818 0.0017542616288993014 0.0014677868554840048 0 0 0 0 0 0 0 0 0 0 0 0 0 0 0 0 0 0 0 0 0 0 0 0 0 0 0 0 0 0 0 0 0 0 0 0 0 0 0 0 0 0 0 0 0 0 0 0
0 0 0.002638020068061096 0.00322663324978678 0.0037180139115663233 0 0 0 0.00528265621948731 0.001925092332228491 0.0017032306858968762 0.0018070659401885742 0.001345341476867796 -1.0 0.0029607188949267024 0.0018844057459273082 0.00228643411274754 0 0 0.0011648694946309879 0.0025577075119584116 0.0022968972958506088 0.0027438959220665807 0.002875851574739836 0 0 0 0 0 0 0 0 0 0 0 0 0 0 0 0 0 0 0 0 0 0 0 0 0 0 0 0 0 0 0 0 0 0 0 0 0 0 0 0 0 0 0 0 0 0
0 0.0035307010420427766 0.0036092381254263168 0 0 0.0032840435131829167 0.004088971556647274 0 0.006005984762142831 0.0026008736003158037 0.0016796669052685225 0 0.0027058651226014225 0 0.0013907263048659698 0.0016962532464972458 0.0021070969549879864 0 0 0 0 0.0036260770678704893 0.0030764529710500966 0.003359918587682376 0 0 0 0 0 0 0 0 0 0 0 0 0 0 0 0 0 0 0 0 0 0 0 0 0 0 0 0 0 0 0 0 0 0 0 0 0 0 0 0 0 0 0 0 0 0
0.006031832851800112 0 0 0 0 0 0.003944493501223353 0.004874782666030681 0.003722720734728967 0.0022966192530773717 0.0024960598818810297 0.001731501838980609 0.004466728350926177 0 0 0 0 0 0 0 0.0024478275525575545 0.002606229326902389 0.002716649109748688 0.0025495562133069343 0.0024339821050802283 0.0022224806441854712 0 0 0 0 0 0 0 0 0 0 0 0 0 0 0 0 0 0 0 0 0 0 0 0 0 0 0 0 0 0 0 0 0 0 0 0 0 0 0 0 0 0 0 0
0.0037741040595802087 0.003564798063989188 0.004311620630026549 0.0058777579371196995 0.0022311242011632355 0.002831787580870566 0.0022437661168442065 0.002414855524774467 0.0026173457424686418 0.0036268134708439042 0.00356666346359463 0.0035797824173246498 0.004736290184457377 0 0 0 0 0.001922125711770854 0 0.00492800045410014 0.0034336614865851656 0.003566331026843179 0.00336201157066277 0.0027026456899855024 0.003083550819379927 0.0029846268984078344 0.0025368373887243514 0.004240151869167846 0 0 0 0 0 0 0 0 0 0 0 0 0 0 0 0 0 0 0 0 0 0 0 0 0 0 0 0 0 0 0 0 0 0 0 0 0 0 0 0 0 0
0.0033059083601147572 0.004221307754593987 0.0026640287772343326 0.0023552599538149734 0.0020277443037102602 0.0015982939139931867 0.0019124455076710112 0.0034982509686669965 0.003430988011048189 0.0038397632750141702 0.00445362089722673 0.002577861465216265 0.0047834889110117546 0.0034027344520478646 0 0 0 0 0.004002461200085393 0.002264463392057491 0.003976512983375324 0 0 0.004525115785412198 0 0.0014315926273277969 0.0028929039692128303 0.0018489000065291025 0.002094583093092378 0.0030128812624391995 0.004759204561411715 0.004500852098968302 0 0 0 0 0 0 0 0 0.0039617775330217896 0 0 0 0 0 0 0 0 0 0 0 0 0 0 0 0 0 0 0 0 0 0 0 0 0 0 0 0 0
0.0027997076645223553 0.004128435455827055 0.0032455572689431477 0.0016311778214986139 0.0015471966007798963 0.001805032560403231 0.0029986641182718605 0.0023703073865881043 0.0035307154414305434 0.0018310608059523698 0.0008736152429710817 0 0.0028926995509947575 0.004153847779931824 0.006830874723173409 0.004803595552987483 0.003996740242888306 0.004552622952395746 0.005971838755259561 0 0.0043058795818281745 0.003150740443191615 0 0 0.002933141187778284 0.001646619977045282 0.004682960055848361 0.007924950615594456 0.003925362008838847 0.0028473857706515756 0.0041076225178658275 0.004685816350872616 0.0031957874318154786 0.004809236274720308 0 0 0.005306328485760741 0.004320260001742334 0.0047392803176533015 0.004919851157298957 0.004069816408788547 0.0036906106689302523 0.0019511638295023114 0.0022330476226163944 0.0034461824403673597 0 0 0 0 0 0 0 0 0 0 0 0 0 0 0 0 0 0 0 0 0 0 0 0 0
0.0019092602342063625 0.0 0.0 0.0009509917915066394 0.001642678145117233 0.0020153450952291414 0.0019052567456427126 0.0023949907514945715 0.0035317492308347053 0.0032336479584269984 0.0020030735144840645 0.0009522144344944057 0.0015443458235676688 0.005574139211742703 0.005794318819332476 0.005692109832227673 0.006177873142286633 0.004276191086814522 0.004059371579911017 0.004236908002378581 0.0042323323680782685 0.0058286192256616215 0.004949546621349296 0.004609234141421227 0.002006386087603288 0.0018295933584364056 0.006263627983415908 0.010106553394071955 0.004269844997829368 0.0031981890674011478 0.0017405771211014879 0.004477731184065731 0.00431538631623968 0.003561639502003918 0.004026122515858975 0.004440294595070764 0.009730026265590564 0.006576441213535832 0 0 0.006748031492993067 0.005735201633438712 0.004558679425665027 0.003070890409288269 0.0044305940776532505 0.005609276922132392 0 0 0.0034575559509370866 0 0 0.005314298390217336 0.0058193527297428 0 0 0 0 0 0 0 0 0 0 0 0 0 0 0 0 0
0.0023806587770279727 0.000578105054827949 0.0 0.0 0.0 0.0023191277335918507 0.0021006048718221547 0.005908636600859083 0.007016325938055367 0.007633499657352296 0.008465498415789925 0.005369425367300047 0.0052531614154208255 0.0025067062086470853 0.004571771398262631 0.005467833238332974 0.0033669973436677015 0.00203020238368922 0.002837631872892567 0.003816717175557272 0.0028276835837294715 0.0036291538337943083 0.004816286964005806 0.007889159883576672 0.004263808655163064 0.002048873200169795 0.003909538844507335 0.007713081361842818 0.0032093614357563893 0.0030760201044742344 0.004774437850468433 0.0053384561720943614 0.005331489870212206 0.003335747379696202 0.00565253769619056 0.006940698351598161 0.004316265196984547 0.0041368379926611685 0.003781506841518777 0.004646783351889523 0.0033902464214021918 0 0.0024100282685677564 0 0 0.003036259168071618 0 0 0 0 0 0 0.007994876676084782 0 0 0 0 0 0 0 0 0 0 0 0 0 0 0.003379177500103417 0 0.0030802409001365084
0.002018371401643667 0.0012535009251805284 0.0005058580777956805 0.0015663464140639226 0.0027161819640451742 0.003948393722564492 0.0034538632942721003 0.006210275409900473 0.00789718623079082 0.0072520910125081885 0.0055827532279763255 0.004297482315367733 0.0052604562207277435 0.004087820580000478 0.0037182246837576313 0.0037411891700422964 0.0030340064051672688 0.0018484759711663433 0.0033141112206858396 0.003654636052072471 0.004408635113070258 0.005668216885712181 0.00505948507382139 0.006546582295431554 0.0035124538419216748 0.0030540166029903184 0.006174470940295011 0.00727140372163086 0.011555380810514135 0.004304891182768296 0.004258429742862314 0.006485737781602515 0.006554966461039607 0.009569633755740194 0.008272847178701411 0.005086830104868703 0.004845996350121425 0.005265277085812017 0.002815270217352436 0.0026584384129024015 0.004562357713483787 0 0 0 0.003265392527249529 0.003789707759405097 0.003833879886811602 0.00556874470210948 0.004605187809912284 0.004659453871273737 0.004190129051692946 0.004860868238022426 0.008584442461152062 0.006054948018873038 0.009865663720664901 0 0 0 0 0 0 0 0 0 0 0 0 0 0.0024888969998867216 0.0019468809711549909
0.00614747201412159 0.003580366252590788 0.00289708613297842 0.003229336710781234 0.003884299592591389 0.0029053711717430247 0.00526470595414481 0.00418504112606732 0.004846482488980695 0.0037893310977831518 0.002740324817063758 0.003911066947633164 0.003484326422464191 0.0038424830107615915 0.004212944947901976 0.0037720230072000424 0.003976205957503055 0.0038733317848752015 0.0052824184079118585 0.004702783197783395 0.003471416743852686 0.003951206319502001 0.003974685546593618 0.0036067372688122976 0.004040348562718285 0.004044135545567971 0.004281212801067082 0.004503627956019306 0.005513002297854917 0.008928700397566056 0.00882553114043327 0.007063560772293211 0.007118376162712585 0.008558748412893382 0 0.004860293041192394 0.004306001002378063 0.00408251939241502 0.005073302040456767 0.004852768594985936 0 0.005548568505705936 0 0.00447888290533493 0.004387960501925674 0.004184754252028212 0.0037525079121676773 0.005170540172038759 0.007350033603123054 0.004162891715033948 0.0052116771281809785 0.006025169125279987 0.006006351150738388 0.00758164637075057 0.006716337911360012 0.01293418301409239 0 0 0 0 0 0.014653148349660838 0 0 0.0022275704799732832 0 0.002253129792064084 0.0016327105580103158 0 0.0030766028844981053
0.004498134533525758 0.003386599417626038 0.004120687604522693 0.004700757059888055 0.0030913917497926856 0.004822721333668719 0.004303071166752781 0.005875148281248989 0.0032875724386962073 0.0028463612590188775 0.002232853037802149 0.0017960663523942711 0.0023016646804130897 0.002312661927958824 0.0024109564604602165 0.004990470685899936 0.004617345426691789 0.00686661728753567 0.005747825554762408 0.006827425643717668 0.0032525327899527263 0.00334728595987553 0.002786257240521631 0.0025462232113459193 0.0034212403028942026 0.004907812810039367 0.0038293598401636605 0.0041216122539040395 0.003844566665535475 0.0037679979617343783 0.004197381151754529 0.005885712121461831 0.009592045065231406 0.010954066178617815 0.006884582980861321 0.00937043142017314 0.006109284518704925 0.005340852177200258 0.008008923447233227 0.008212710394621316 0.005935606774219873 0.007503720852977248 0.0048984075952704835 0.004499606043973098 0.004407326048983472 0.004629976663158064 0.006650985399277491 0.01920371732118533 0.01421052624476753 0.015437336845931678 0.013481878143127228 0.00917369407847717 0.005610331770941077 0.006890529218327338 0.00917658596734166 0 0 0 0 0 0.0060013040728137765 0.0040645699633837405 0.004778994826818875 0.003688313963872122 0.00301283240389442 0 0.003844475803902818 0.0023649310009519705 0.0017397442962945248 0.0015844947521404587
