critload/trunk/output/1999/n_man_agri.asc
ncols 720
nrows 360
xllcorner -180.0
yllcorner -90.0
cellsize 0.5
NODATA_value -9999.0
[rows 84 to 111 of 360, columns 126 to 188 of 720]
789891.289477011 0.0 0.0 0.0 0.0 0.0 0.0 0.0 0.0 1091121.7625547752 0.0 1914015.7595721267 1517029.3064658635 1508521.940949122 1011160.4125732037 806870.016775425 644832.7374017375 664025.8801151443 722787.3938925411 743204.6627410139 650478.1200572815 750179.5628949881 1177949.9888420184 1332546.132109635 1135976.7454668505 1295261.6644324728 3312474.391128489 3622900.82413463 3340995.397825812 2609521.4343947195 0.0 0.0 0.0 0.0 0.0 0.0 0.0 0.0 0.0 0.0 2087519.755163552 1988948.0892674895 1841656.4692683595 1130420.2853861786 1192511.1325836228 273772.3971583147 671.8131108966201 0.0 50754.31683509547 445236.67552198895 0.0 0.0 0.0 0.0 0.0 0.0 0.0 -9999.0 -9999.0 -9999.0 -9999.0 -9999.0 0.0
750457.9353798433 0.0 0.0 0.0 0.0 0.0 0.0 0.0 0.0 774368.0709945371 979584.9126209242 1132125.443350838 0.0 1293334.0208930324 1676251.4892693688 970754.9016800516 788206.7039445385 737058.2058824897 695607.4792292292 924710.6996500285 885333.8788941192 942376.4823386603 1166194.973615103 1246255.3968266929 1157183.5762339626 1081968.520736635 3865377.1324431007 3656697.547051805 3892166.9653421766 3567337.2628092836 3180638.339226568 0.0 0.0 0.0 0.0 0.0 0.0 0.0 0.0 0.0 862885.5969585653 1287501.3644760458 432068.4276343198 1212083.1714077112 1317436.0246443585 0.0 271620.73118012503 351565.3568167466 0.0 274528.42344805744 0.0 0.0 -9999.0 -9999.0 -9999.0 -9999.0 0.0 0.0 0.0 -9999.0 -9999.0 -9999.0 -9999.0
1361357.876751078 126724.86278873117 0.0 0.0 0.0 0.0 0.0 0.0 0.0 0.0 873669.0870374185 0.0 0.0 0.0 0.0 0.0 777035.4150319158 812114.0535674249 788483.2372166208 830480.4264885064 789296.6898178242 1164420.8532287704 935522.4085171504 1011222.5907427287 973027.7915983021 1215805.7310934756 3948579.526508539 4038591.8588665193 0.0 3590176.2705311 3307073.155088974 3031342.8239034195 3669623.7922560833 0.0 0.0 0.0 0.0 0.0 0.0 0.0 3057334.201109215 2798539.393813277 2308655.407550429 2153487.8584801946 1299781.5374435724 1711251.3633775387 836622.7501480754 715238.4236438521 0.0 64655.94630062216 0.0 346377.6402158821 0.0 0.0 12246.066550298563 0.0 0.0 0.0 78436.34032730934 0.0 -9999.0 0.0 0.0
953597.3511781922 2299559.5830313005 128070.2610885719 0.0 0.0 0.0 0.0 0.0 0.0 0.0 822330.3740580961 0.0 0.0 0.0 1067133.4072995041 1068781.3508693674 1099330.1554804721 906926.4841840551 974173.7514282286 1115730.8825727343 1015966.7539386194 1004738.8935411011 984889.3721878461 999832.3088405695 1066993.5423557314 1087258.3835699337 3712692.708796734 3730965.6766722873 3896877.51042468 3321476.628153158 3248058.2867412507 3156794.484333342 3466954.9518105667 3089477.0738483574 0.0 0.0 0.0 0.0 0.0 0.0 0.0 2004188.6735099186 1460821.3297976486 2027835.0397907235 1751664.4281961564 2437738.6152806794 419614.49658229644 317400.5164272526 829940.9492627984 0.0 3647.058314414853 50863.92486356224 0.0 267362.2445114463 411769.11666241626 77396.72608057418 138682.75648793497 63189.649789848336 25442.813391640088 0.0 0.0 0.0 0.0
10072.8020833671 437402.8085757483 0.0 0.0 0.0 0.0 0.0 0.0 0.0 748994.1619453677 1144250.0145237707 0.0 0.0 0.0 1014467.3355909213 1116695.9859623713 1348222.391735653 1269509.248018756 1315832.631400839 1079130.6409909672 946665.4385012027 1045535.2364724146 1059593.9790462747 1046368.8223319536 1066515.832490866 1067620.7117208238 4042118.909605271 4385154.659640417 4826926.474254326 4981663.495765592 4492120.640481518 4700371.455573811 0.0 0.0 4683686.655584616 0.0 0.0 0.0 0.0 0.0 0.0 1323451.4996470115 2171876.7582985475 2114557.626542226 2484864.7098852647 4189889.715420459 2455115.084265795 2600769.246634718 1372552.9999514022 818808.5231181085 2870410.5709718107 282166.2120888124 1036.5683296570783 0.0 979710.0292169412 1519132.9919255062 0.0 272909.62426892447 94471.652570835 196311.79334108785 0.0 0.0 0.0
20082.509340177297 58268.56965472205 5305.648565907838 0.0 0.0 1695.7868293587467 182584.44014580915 0.0 1103307.821259778 1302840.459383665 0.0 0.0 0.0 0.0 0.0 0.0 1138937.4684628276 796014.017042587 979941.3593357871 1045448.6553134882 926841.543905006 993511.9365109062 987381.261532899 999860.0447505433 936610.1957247072 924711.5953707763 3756492.4427502346 4142389.7157214563 4542366.031910254 4575721.340318009 4692334.216213301 4843801.0148987705 0.0 0.0 0.0 0.0 0.0 0.0 0.0 0.0 0.0 2163281.189630312 1902471.4853839348 2263403.6925079837 2990806.206219579 4721646.539328588 4670567.34615154 3299746.903796477 3223338.384480754 3870785.9398710695 4245549.398171913 2128713.511147082 1231885.670561183 1501793.8696706379 1894891.6692672002 1940909.8273245085 250239.8623643928 1178850.8004538538 998223.785090693 0.0 -9999.0 0.0 0.0
206685.90252322637 385241.11136343825 0.0 0.0 0.0 491.12038233712224 36417.94584017958 50233.58157905743 0.0 0.0 0.0 0.0 0.0 0.0 0.0 0.0 2274180.4073874857 0.0 0.0 0.0 1509229.7038552011 1178314.4226789156 1180225.848831575 1201686.0196416955 1187235.88607388 1023144.6613629067 4968586.065194385 4824760.232371885 4401149.514800139 4583066.058622832 5239486.684535446 3681076.909650499 4557746.84399941 0.0 5798412.09082387 2872223.194162521 0.0 0.0 0.0 0.0 0.0 1344968.1609956897 2440741.6411000174 1941007.4568509054 2307480.208033282 3099819.3975910693 3480282.188743512 2728597.5188354766 3356634.3749026186 3427106.066669651 4752962.367911638 4516893.556839574 3431459.0126272617 5030894.442037586 2976123.9612367377 1706094.9217653894 1828524.1930417658 4889466.415832291 1045341.0080988429 0.0 -9999.0 0.0 348593.068685624
957121.4237142693 103691.01329017323 14560.65283549537 0.0 0.0 105.11052180648099 7979.614963795308 3828.945365827567 78996.46788721535 173314.43857547073 45247.24605452232 217022.39414702795 0.0 0.0 0.0 0.0 906817.0993395073 0.0 1276057.670432922 0.0 1008205.2440753117 806651.8382384037 931000.6274460864 1165313.916944132 1069341.5060110309 1015733.6258863586 0.0 4534316.021778701 5216273.456739529 5116836.604780329 3973398.758936135 3820773.4462815085 5520163.134680141 6937091.880819293 5079976.00327393 3829697.595306238 0.0 0.0 0.0 0.0 0.0 1377185.3289918597 45522.15869986932 1292301.9337757744 2188723.345865622 2449439.8621780733 2898033.138915564 2317275.6711338633 2418515.8727474757 2036446.360384954 2041007.5442611855 5126851.945053905 2306322.594609079 1256866.1033325493 2410766.2391881817 3188767.4804143086 5106484.738405853 3286326.1144164545 5233864.214615362 -9999.0 -9999.0 165089.39048324764 68733.54575512582
3731325.4550824054 983294.577305939 197035.9123131621 33962.01209121399 4382.689516393432 16032.585631877799 30079.92913473437 351531.4150357121 358588.9531055056 1305050.1362037952 2216464.1244795863 657644.738492026 0.0 0.0 0.0 0.0 697489.5039648514 1305841.4812171813 875386.8763322326 783471.2885146621 938182.431491527 820113.7196946967 819297.3548302378 873550.4834210537 931861.7486572234 840276.4438176091 2914823.0326901 3745020.902187481 4100323.5563484286 3076557.1181810796 4585297.524598487 4550281.167537744 3519289.655807945 0.0 0.0 0.0 0.0 0.0 0.0 0.0 0.0 2696996.0037051057 1458231.3471373687 980577.5884863789 2110984.136284767 1884123.9237343683 1793126.5850233852 2830644.373010215 2554554.4567266125 637526.1473501646 975761.8283823642 1471116.0874811308 3592496.6264590328 2739488.567325692 2150833.133971371 3064066.2941580624 6775270.315491137 3229169.6881302833 1645802.8151765713 -9999.0 0.0 494506.5607193337 217988.2934560001
779839.7728026012 568048.5341797988 465757.83964389854 263002.34982997854 529750.6985335312 349893.7945775327 201041.02736505136 32242.25531606694 1120985.2848714367 1558013.6440143746 323510.6766204617 177124.40567291292 0.0 0.0 0.0 0.0 1585516.995917941 1493374.2684454988 761030.3277057337 832147.0542807155 733825.2327208656 735927.9489302926 751529.5640040492 739622.1809363856 829582.1023985725 951591.971007992 4232570.94173896 4689267.741257556 3968212.143913215 4845441.945609621 5382605.078232881 5190181.949113438 0.0 0.0 0.0 0.0 0.0 0.0 0.0 0.0 0.0 3086735.3743576896 2196747.145485563 1625392.3031486343 1187392.9605825488 619793.1680998304 1180284.8114328887 2858891.5465723327 2497148.7621735437 1132973.3608843677 5628.684328106651 7670496.957153904 1236383.1511902697 2989120.3182441723 4209908.176225631 5937383.312723172 7148025.661424788 6791944.616241196 0.0 -9999.0 -9999.0 396117.3918179744 1110595.24630747
18625.187234753335 276747.7596158686 887978.745522324 536289.7232279916 2863109.0876276363 2186133.4952182807 2165293.451559056 558675.4637654753 908065.7816443985 550362.7738127307 329274.41375276516 88832.10627952676 0.0 0.0 0.0 0.0 0.0 789170.9484699792 717451.9059183141 731231.9225786756 976898.9005530851 902678.2934606757 993991.2082328635 1232351.6389694223 1274566.5908084423 1180454.429932207 7773241.516016693 8687555.473854631 9709448.433243833 9542172.790516604 8842751.649271198 8778590.390424443 7092927.376186155 0.0 9300407.182482382 7294791.580818043 0.0 0.0 0.0 0.0 0.0 4173666.533655916 1236532.012407901 315314.89519980026 1308481.8506246444 988597.3770060012 936387.6495390509 1111421.0192262223 1526818.8092032997 3238649.2477263673 1118487.2088437625 33658433.05163062 43219936.036593944 4938120.859281466 5487851.570263298 7428673.532218955 7680634.539707163 8331651.771418665 0.0 -9999.0 -9999.0 0.0 1301525.0552225981
4185.915263033562 85056.49332290492 14218.887610514388 36033.23485934233 370486.62700613413 988086.6796718655 1078687.9763855266 542754.7414543628 641913.5114929556 814774.1413730856 633498.273826023 180110.68836909297 0.0 488398.818661473 530936.4417061683 723637.0871489868 513690.5398699077 673443.6517824092 691496.613241614 723333.1190996227 771879.8683694704 716155.7025336432 661937.2503821733 1057205.770746855 1499361.124509492 1694255.3172931615 8171531.596244467 10752208.555547751 10553564.654922575 7832967.553057675 7234732.322206546 7413926.819724496 5336524.2980030915 5481779.682613239 0.0 0.0 0.0 0.0 0.0 0.0 0.0 3931954.9652856137 1973568.8516159712 2084826.8754389202 2075168.6968377945 2626485.569775674 2818760.9416726166 2301575.040749166 830990.320535262 2725718.277104037 3327400.4922386645 1905557.0229584062 39470007.39943532 439767.70902274665 864276.4858549915 887439.2486323892 1028112.9537398492 642213.9251940921 0.0 -9999.0 0.0 1124520.143943049 1292800.419673944
0.0 463500.2515253483 412002.7372229779 226854.06754144598 28900.620611806586 149451.03656819504 210556.66231319934 76174.61029972376 537414.1973865827 2412225.4906311566 1867446.0361526478 315470.8379264455 499814.1061003511 482162.4733800147 0.0 631477.3326167492 662771.4744533901 678971.2788607449 688095.9527337465 643240.7798302819 660160.3497689931 749628.845830098 783684.8433490547 959435.0370500486 1747336.8344480405 2489725.21832416 12672862.795291383 11647211.699674368 9515627.587120028 8562419.746123575 8587481.87868359 8145794.573776202 6352364.556066293 6030352.814236118 0.0 0.0 0.0 0.0 0.0 0.0 0.0 0.0 3429074.8018643893 3208785.376201412 2440970.5758218034 3729961.612809361 3857748.487877864 3283449.700355722 2731187.6326023163 2649567.5623697517 3384456.442052428 3770704.33015751 4412959.165584766 963710.3109037289 932058.6653830594 934602.8200299182 1040261.0240102616 565530.9839327714 114740.97428140674 0.0 1877072.339959187 1477394.8390453923 1488181.969281085
128902.59607741165 372393.38968440046 178502.51319062532 242227.4891078287 48116.78033074877 25020.631390763327 0.0 0.0 4068.803376505829 1048707.4789978587 460797.9983660421 195056.4194802755 455809.976903465 831935.2563521898 0.0 603795.0854177016 601203.1946582402 621920.4782705843 682296.9489023844 0.0 0.0 0.0 1043642.0669182669 774227.5652575901 1186270.5567476326 2510625.0513757723 9536582.250959737 10776342.912777273 11855844.769487612 11913132.376670979 10348679.17319992 10115904.010532219 9577132.597040862 9624046.282972768 0.0 0.0 0.0 0.0 0.0 0.0 0.0 0.0 4455970.429673126 3194227.886445584 2375688.331386743 2440981.4129160596 2369822.008176674 2388531.244137575 2520577.129351188 2492092.599760851 3073425.3485582396 4223983.3820317285 906604.2094553001 924106.0516281582 847301.45166754 1058995.2370921469 988466.8108588636 1059820.2971332178 1126466.6351771313 3156837.913870871 2829817.8821088052 3629899.1077865097 3458325.9463454825
162278.7870135502 131802.78590243772 307216.59169467865 730790.598933601 49519.880546222936 0.0 0.0 0.0 91168.92367381194 728565.9908779926 225840.47385055287 132094.7393307614 7588.556442357876 13369.098573005513 79280.07657903056 0.0 0.0 0.0 2072909.084082082 0.0 0.0 0.0 0.0 0.0 4207829.479380471 3952327.6396008786 3748510.2869854392 4413059.7700111205 0.0 0.0 0.0 0.0 9053336.096758936 0.0 0.0 0.0 0.0 0.0 0.0 0.0 0.0 0.0 3732864.6350730103 3309474.6090923687 2390897.597684491 2212318.156860921 2247587.7850887845 2250793.560338249 2379491.5516767325 2666192.980410763 2953344.0640139575 4140847.7589083756 951989.4632565038 699541.1624055548 1022873.4199631589 1145301.545000212 827340.9974858279 682521.6414287254 712981.2504156854 2227874.9590230375 3379577.161961942 3455358.261535361 3432142.079055042
19826.465725558675 74741.62460941565 238985.0283359426 218646.2767196926 43350.15850865826 0.0 0.0 0.0 147576.00587108868 367072.451122438 1430385.8452895274 114071.36644486655 96806.74548311712 1482277.5381095754 1243419.8460374505 291522.60609283915 1642357.7283926453 1812801.9492014856 0.0 0.0 0.0 0.0 0.0 4588890.074105837 0.0 0.0 4716358.074211396 3909245.6423021764 0.0 0.0 10857693.931053132 11840058.764152717 8806976.635788508 0.0 0.0 0.0 0.0 0.0 0.0 0.0 0.0 0.0 0.0 1402733.3247998853 1283913.5708302688 1052149.5700881877 1119486.3539448997 1077225.1968358634 870752.9074984405 1164481.5619576017 1279298.978694866 891416.7121449013 575096.3595029687 781427.9541547818 1043393.7461775559 877967.5366903977 795058.3624543714 824006.1293163715 944188.0817405776 3100836.4679598575 3564419.236044476 3021897.476473428 3168300.1384117785
15510.100870445745 215717.929704211 267139.70766428206 1041.6190558304766 64888.24705829312 30815.813656750925 21073.83503348102 1365.090863575004 53091.597578906934 216461.65337910366 1112879.676625631 344892.3759260652 95500.75934581095 0.0 785.5770643238419 0.0 0.0 1690669.9836607992 0.0 0.0 0.0 0.0 0.0 1784043.3179165847 4366938.24663087 5311017.02263934 4771536.907236598 0.0 3691511.566351355 5277160.706660435 31104252.77630362 0.0 0.0 0.0 0.0 0.0 0.0 0.0 0.0 0.0 0.0 0.0 0.0 0.0 1707382.2405164079 1439842.5272389948 1219525.4578096524 1355193.9067074528 1066671.5284831433 1210361.5955025102 1306097.109384074 868290.4755384197 645475.0840409664 998728.3776990748 978486.0778088459 858341.9730301949 744644.1064980543 832234.5828133891 757728.6576560551 3177247.2564336197 2771901.5940510067 2283350.636209001 2922850.1344311466
4719.703586812348 12875.073750681744 15544.559938509343 673.7232442367192 42823.342478045844 20607.69723658754 6321.724104102459 0.0 1239227.0597127157 537204.1141631528 1288348.7080352348 257384.9972226339 350566.878429483 59083.62179860696 7887.257319133684 3702.1014755585625 3397718.1815605424 0.0 0.0 0.0 0.0 0.0 0.0 1665869.3078311982 2921717.448462586 2689185.7014045836 3391818.244123701 4048743.820122894 0.0 0.0 0.0 0.0 0.0 0.0 0.0 0.0 0.0 0.0 0.0 0.0 0.0 0.0 0.0 0.0 1449155.75100327 1719215.318494352 1741675.6804690524 1515320.3747404078 1613585.4676709906 1581154.9976163614 1573749.6731459836 1618500.3787305371 702506.2046852575 745971.0284392472 674217.1864429569 769748.4272586067 654391.8891527833 757673.928458552 838634.760694746 3287279.58986804 1276195.2208273758 1042033.1222221316 2742203.315965199
27315.14220785768 9058.938280876335 60687.270977168766 1224.6211323649777 53966.191041579004 84621.29161928709 0.0 0.0 173690.6059994565 901385.5605352961 380998.8012834825 22433.218505434375 192.4959893730094 0.0 12199.30696422609 16151.486609006717 0.0 0.0 0.0 0.0 0.0 0.0 0.0 0.0 2104078.980178354 2680848.3295761743 2874991.99292668 3023011.3462886186 3886592.438622118 0.0 0.0 0.0 0.0 0.0 0.0 0.0 0.0 0.0 0.0 0.0 0.0 0.0 0.0 0.0 0.0 1773316.2853233735 1636113.3985090323 1536664.7236245007 1602686.0340010615 1460586.0238654488 867648.4020393769 1274778.7749894946 1329686.814471063 931224.4409147857 1012586.2406497188 604143.3537049476 629075.0761135581 629631.2513910577 835819.888742313 2273999.099070051 1023669.9000117339 1948455.4831500894 2162996.59993921
980.3732811682207 6885.224306382423 6250.29516687173 8602.111392499828 0.0 15359.290790963722 0.0 224446.02317897213 275658.40631839517 166134.38245169248 35037.47044133064 5295.726027038632 791.7220787341981 0.0 9864.591277542866 148154.29081770207 1834390.1697807382 0.0 0.0 0.0 0.0 0.0 0.0 0.0 2642422.2254159288 3075080.3404646562 4274710.0358882025 3320214.358087088 3869446.62405756 0.0 33668186.716381 0.0 0.0 0.0 0.0 0.0 0.0 0.0 0.0 0.0 0.0 0.0 0.0 0.0 0.0 1332453.1940768198 1156855.110035723 453959.34522539313 460342.60831652576 927816.5926997686 532086.1533532542 43260432.17751966 48792693.8114064 753985.2555080798 877164.7732776183 703417.467752781 675170.5042162697 786988.4405201521 3116401.889389053 2371051.8179776957 2064413.8125297471 1800499.9000682242 426976.3992418064
0.0 642.1918535735233 0.0 197.65383542477662 288.77302731548684 13964.765286607166 148737.1420608197 457399.4000793362 391071.1681862276 89989.99081865048 20615.423923090297 30819.98409913367 945.3219227574072 901.4407053415009 101831.45394525315 568724.9469845135 0.0 0.0 0.0 0.0 0.0 0.0 0.0 0.0 2698162.7443758734 1957096.624765861 2640297.4202042907 2323640.4882272948 3380997.2338586748 5799659.67962084 32583559.55199007 0.0 0.0 0.0 0.0 0.0 0.0 0.0 0.0 0.0 30501468.700463176 0.0 0.0 0.0 0.0 1451926.576535303 1159668.4739789553 1227743.579027545 663020.9622672364 208210.31998669714 493411.0912851193 43569.75956371107 282130.9679352779 858686.9313999764 1473578.1890345388 639074.2199543304 680312.8837055143 605264.4781778505 643014.6204691139 688102.3195460333 414632.9345060093 587647.0724372152 448044.4673707497
597.1326407547385 629.8413978254724 156.76058144820166 56060.03134269094 1719.4579354437694 10734.824462799295 27782393.055212338 176641.52818393774 235105.74373957314 151338.0126398359 5636.168159314226 0.0 857.2401358704097 0.0 0.0 0.0 0.0 0.0 0.0 0.0 0.0 0.0 0.0 0.0 0.0 2514452.284445489 2377836.689293813 2493232.664099563 4068766.848165646 6056537.354739844 33913854.26784083 0.0 0.0 26021852.12924029 25892477.072509803 23263595.15848266 0.0 0.0 0.0 0.0 26065922.42390965 23422656.838463705 0.0 0.0 0.0 1584212.4112425554 1636182.2306432384 1673153.661607742 1335482.2117807886 975109.3140368495 554799.3486773659 0.0 31402.39718672516 341818.99277753546 1711440.9635773043 844381.9520781772 851939.0260866729 465024.0219362206 404296.2953464043 454520.569320698 373627.21001153515 486601.955419106 572776.9512971779
25920.521670605765 0.0 0.0 1862.2160442550626 14759.39486592298 110748.58412751985 0.0 0.0 0.0 0.0 0.0 0.0 0.0 0.0 0.0 0.0 0.0 0.0 0.0 641287.3637529797 0.0 0.0 1232376.387471138 0.0 839422.8217532644 1200115.5845431946 989126.4689364491 1416171.0653919138 10084787.474456372 11550190.655038454 11530988.20778812 12855869.271470603 11821027.55526797 9515613.636655077 11828196.667347988 8037548.835144737 0.0 0.0 0.0 0.0 0.0 0.0 0.0 0.0 0.0 1277215.8413582698 1228384.87561892 685972.8209892354 639474.2505732747 564933.8599970872 1187605.254497485 257898.3219660363 504174.36400947266 1230448.8923471596 1621053.2007025837 1541235.6531606074 654074.3821662426 443336.829808531 448072.3012556601 684723.0632519056 678549.1345796923 673227.8628055846 586598.8779592651
0.0 36144.727654362054 134810.0905279923 1466.3536675144178 188.09736557854222 482.6850960402988 0.0 0.0 0.0 0.0 0.0 0.0 0.0 0.0 0.0 0.0 0.0 0.0 0.0 910253.2574566832 0.0 792298.5966337025 826063.6171880605 0.0 1588520.7519863308 921286.0674862177 1098178.0923058977 3238573.725249786 5612619.337656607 0.0 8019652.979107756 7969772.358884145 6616911.653748266 4564652.6260691825 10710529.89214773 11589313.337789873 11700749.277173728 0.0 0.0 0.0 0.0 0.0 0.0 0.0 0.0 837484.4695775731 449500.35803064023 489240.12886648875 299027.6593395466 177099.41196469177 270979.9956633784 270074.58286568697 895287.0464505956 1076883.0051605615 1406836.0089224724 857975.6022602314 771757.3436260452 589861.2468916078 170159.62262856268 569904.6451861203 495767.02536242775 771688.4857523885 345264.9556712377
0.0 155.74583566580853 2778.822360989766 4679.8226862606525 0.0 0.0 0.0 0.0 2266071.941814718 0.0 0.0 0.0 0.0 0.0 0.0 0.0 0.0 0.0 0.0 769319.2311178637 0.0 972500.5762237511 0.0 0.0 1105605.8431165167 836005.3465719813 912671.8078300508 1393250.541220786 4150218.1027678377 6932623.891834849 5177412.12805437 3927712.1943808245 4254078.80533007 4284479.905861016 10857018.137857962 11489549.085122164 0.0 0.0 0.0 0.0 0.0 0.0 0.0 0.0 0.0 353301.7184260687 150676.91139721608 7530.8867874423995 122653.13543110595 30086.366063210844 324437.89357741625 943701.2265444419 873226.4621053096 1039487.9037043685 775802.554740959 782458.7228688286 773680.991709979 448836.0874551953 123026.21618094578 475805.7111856115 846799.4627514721 671271.292414067 619912.0318133796
0.0 0.0 0.0 3165.212170982543 36114.79938630552 0.0 0.0 0.0 2846524.162661824 0.0 0.0 0.0 0.0 0.0 0.0 0.0 0.0 0.0 1033840.2237469978 877594.114922924 958224.64255262 1558034.1688538631 867372.9954196657 865918.5373033663 764844.5312293653 0.0 1264692.2260546838 1350593.130689058 4647144.070606167 5248527.071621224 4694094.381990786 6630265.5945914835 4093265.5149087487 4969643.128134644 12294074.382399812 0.0 0.0 0.0 0.0 0.0 0.0 0.0 0.0 0.0 0.0 759711.3317950144 609735.4255216308 552225.7090158615 680703.7082767085 882557.4039788406 909033.6547871002 791062.8614936748 901614.1009322647 935976.4907069175 756038.6288970216 629555.2181137407 411450.21440466115 508884.8991362652 218036.82188059884 596305.4648686999 575063.6318125268 491382.62903853337 255558.89951730284
74006.76759147123 0.0 1533.4252937640147 0.0 198065.34824232178 0.0 0.0 2306364.5969309546 0.0 3387503.9234521296 0.0 0.0 0.0 0.0 0.0 0.0 0.0 755652.4569319593 678327.7200437363 0.0 0.0 1605605.2203831323 866871.5285004172 0.0 0.0 1259195.1890605683 3129139.593828568 6466572.062929685 0.0 0.0 6845385.914088413 4280150.85849227 5166458.292228833 6059855.618699769 12969125.070938574 0.0 11628418.31489186 13774745.516677283 0.0 0.0 0.0 0.0 0.0 0.0 0.0 230390.5042726865 35599.38240849946 0.0 148650.22850512408 735946.8026707695 941042.8033520618 994569.4080216482 1020169.0728724999 510136.90743561194 472570.0933187913 241457.54938234057 392220.78036667366 108487.77817773809 0.0 0.0 0.0 0.0 0.0
18453.434572757335 10655.149237216434 7826.874209543225 0.0 0.0 0.0 0.0 0.0 0.0 0.0 0.0 0.0 0.0 0.0 0.0 0.0 656847.9085700471 636156.6592434135 814638.4942574285 0.0 0.0 856034.6471161724 970744.6632102883 0.0 0.0 0.0 1936806.9522362016 5304683.216374155 0.0 0.0 0.0 7634244.197352361 4234701.928409716 4768215.069598714 5691236.24110632 6895183.892756209 0.0 12711048.449271949 0.0 13321510.360541347 13749458.178774543 0.0 0.0 0.0 0.0 75025.06827531263 97192.92561780343 157735.68345415447 76860.82869410016 187319.47867289578 885553.781430366 789165.4520621661 413248.39692180406 398100.59753240726 310389.454096948 320306.55670649733 496931.1811721828 133460.18832889237 0.0 0.0 0.0 0.0 0.0
