critload/trunk/output/1999/n_up_ag.asc
ncols 720
nrows 360
xllcorner -180.0
yllcorner -90.0
cellsize 0.5
NODATA_value -9999.0
[rows 189 to 215 of 360, columns 244 to 304 of 720]
-9999.0 228000.0 175660.0 192684.00000000003 -9999.0 -9999.0 -9999.0 -9999.0 -9999.0 -9999.0 157770.0 236625.00000000003 239654.0 239683.00000000006 -9999.0 -9999.0 1348130.8416288653 2522668.9370270697 1757908.6587926582 2505830.886948484 2160832.504358818 2635712.310316718 1179279.782095332 1160340.9948841315 1371349.8411512647 2005979.2672451106 2924188.6681967312 1455221.3145188938 2389120.272094488 1678148.6468052089 1903488.6411752622 2862239.6554823844 2017072.1189406617 2274348.4583630715 3138516.7254533623 1647239.4093600218 2289312.1746826726 4218710.334846697 2221482.744851237 2328139.202711518 5331427.293753739 3092596.428750818 -9999.0 -9999.0 -9999.0 -9999.0 -9999.0 -9999.0 -9999.0 -9999.0 -9999.0 -9999.0 -9999.0 -9999.0 -9999.0 -9999.0 -9999.0 -9999.0 -9999.0 -9999.0 -9999.0
-9999.0 -9999.0 -9999.0 -9999.0 -9999.0 -9999.0 -9999.0 230340.0 -9999.0 471703.0 238524.0 -9999.0 -9999.0 -9999.0 562390.6707896761 1544770.6576855523 1815351.836412948 4060648.7219307967 4468873.226817777 4311489.629011802 5671842.056984832 3105111.611807741 2820481.7564430363 2357742.0888953255 1880101.0614735435 1931499.7648401791 2634520.9815527173 1845900.454272231 249398.24403062637 935829.8246711618 1498769.865115866 3239342.403135021 2406389.1907838034 1689309.335136556 2419482.1858956516 3175293.563543785 4034112.182672485 3471198.9882254717 2214349.5514526693 3704142.0087052076 2770051.883566524 5164312.026190652 1961619.4045175593 1546690.2137173684 7179203.415228007 734545.3187382806 -9999.0 -9999.0 -9999.0 -9999.0 -9999.0 -9999.0 -9999.0 -9999.0 -9999.0 -9999.0 -9999.0 -9999.0 -9999.0 -9999.0 -9999.0
-9999.0 -9999.0 -9999.0 -9999.0 -9999.0 -9999.0 -9999.0 -9999.0 -9999.0 -9999.0 -9999.0 -9999.0 -9999.0 272469.797765991 -9999.0 2009610.679324153 3328697.4094073735 3201873.364113451 3100442.011855346 3693471.9390220735 4747762.526367793 4743180.627845146 3066739.3131835307 3065041.4415276875 2841109.583498581 1765138.8364166543 1747098.5800491292 907626.9452002998 814149.5824005965 1361699.838282929 1346329.3578876047 1685630.9011562848 1029370.3816119477 1453679.3444856768 1910659.4530389465 1402441.198956919 2075069.2167628137 2629211.3579285988 2084508.0496331747 1875260.7303996948 2905819.027058556 2461910.0311917705 2064190.0387091492 1803391.1361153177 7516774.76199266 4611558.866050758 -9999.0 -9999.0 -9999.0 -9999.0 -9999.0 -9999.0 -9999.0 -9999.0 -9999.0 -9999.0 -9999.0 -9999.0 -9999.0 -9999.0 -9999.0
-9999.0 -9999.0 -9999.0 -9999.0 231466.0 -9999.0 -9999.0 -9999.0 -9999.0 -9999.0 153649.0939947157 559188.090769325 1078599.284063652 1319249.7930335281 490288.0 1074759.1825403653 3025167.55674221 2889901.96332015 3824258.3533906867 3875050.185286269 4980012.643077369 4402570.446646148 1741340.9472748132 3626198.3225508383 1878431.2739612174 1795689.2564008667 1433909.282971217 701727.8274255883 934952.7790515327 2236801.7635517884 927553.2722963948 1907061.1729644295 1631019.6936481735 905025.0 1661020.1354969875 1822510.7747260523 3183661.913543801 5261175.456591409 3194180.8463790882 4806389.524390985 4309994.191943293 3904205.39130939 2274008.3838191824 2998668.5733867157 5750193.620207421 8610742.4274054 -9999.0 -9999.0 -9999.0 -9999.0 -9999.0 -9999.0 -9999.0 -9999.0 -9999.0 -9999.0 -9999.0 -9999.0 -9999.0 -9999.0 -9999.0
262154.1826924968 -9999.0 -9999.0 -9999.0 -9999.0 239835.09521265814 -9999.0 233577.00000000003 -9999.0 -9999.0 -9999.0 496506.2444033546 2205178.223315983 3069127.950802138 1850180.9529043501 4088691.703534882 2571322.629968307 3289699.6039106543 4622808.689023821 4433607.213609921 5783149.763860388 3585712.918328987 3366213.421185135 2901631.5061453804 2679781.478586324 2354211.125232339 1670190.9309589663 1836580.183811212 1437370.7042273958 1380171.4703766634 1367540.6415364041 2114842.4939325834 2326980.8899955153 1636481.304914804 1200731.1219897945 1977061.4761846024 3910297.863575792 6728980.637754188 4728920.620712981 4937008.519885202 5238036.675764234 3579370.701135352 2755023.714124157 4564441.540333645 9328379.17557751 9446936.505407441 -9999.0 -9999.0 -9999.0 -9999.0 -9999.0 -9999.0 -9999.0 -9999.0 -9999.0 -9999.0 -9999.0 -9999.0 -9999.0 -9999.0 -9999.0
738812.2833192481 -9999.0 -9999.0 -9999.0 -9999.0 275629.20377616055 234599.99999999997 -9999.0 -9999.0 -9999.0 -9999.0 -9999.0 243165.0 265395.17791565886 1135089.8229802672 2533031.363708399 2790770.0547055285 2714362.606301328 3928151.2254506582 4581868.655629401 4366666.906980367 2852950.972845922 2398672.0590368435 2935701.292662121 3668717.068622778 3919572.2088601477 2708963.225270841 1590969.5636057581 2138771.1018548827 2965200.2886183225 1921668.7711975565 1481739.9872903083 680092.5014365019 1378220.8906991077 1408150.1278850094 3499533.911675424 2815551.3052541516 5170485.733538421 5667975.098696101 7282674.6917876415 3859855.4740835754 4625011.627021205 3851737.302794178 5544740.7360952 10317495.856807442 10030807.0811354 3678037.1968704537 -9999.0 -9999.0 -9999.0 -9999.0 -9999.0 -9999.0 -9999.0 -9999.0 -9999.0 -9999.0 -9999.0 -9999.0 -9999.0 -9999.0
-9999.0 -9999.0 -9999.0 -9999.0 -9999.0 241871.14336884549 -9999.0 -9999.0 -9999.0 -9999.0 -9999.0 -9999.0 492408.95383920847 485782.0 1720619.864758805 2332522.7205882096 3072977.7950109523 2755880.2823969703 4578705.379422783 6174181.347870171 6408609.169425535 3602854.9959713784 2749691.8281442546 2368479.760327596 2480262.47318179 1128150.4295659866 507147.08747860143 1252819.6927499399 1537859.5645930578 2197340.1430492178 905599.9707016529 676706.725681864 924238.0048141013 948410.5160286456 1615181.02580333 3673919.7679311438 4525838.66713759 5229052.868761417 5026464.183720997 4071453.479517497 3341107.7206699783 5125694.127410003 4463815.089918048 5192862.530121379 9330874.042100377 9590359.928074984 2726581.062316672 -9999.0 -9999.0 -9999.0 -9999.0 -9999.0 -9999.0 -9999.0 -9999.0 -9999.0 -9999.0 -9999.0 -9999.0 -9999.0 -9999.0
-9999.0 -9999.0 240927.89113704758 235618.06127926928 -9999.0 522156.55942106846 -9999.0 -9999.0 -9999.0 -9999.0 -9999.0 483834.8174645984 241986.0 565747.6304588258 1431909.5274121785 3568169.424617856 3414233.668644395 3381622.75545695 3280192.117996196 6832985.245667356 5567690.250825193 5076139.328076571 4443629.840859067 1993791.9244119204 1628911.633989227 995858.3787516581 1388879.8302813806 1694379.6953597623 1945848.682008022 936812.3269623745 917331.0600294196 918249.362223966 678453.4917339967 924249.9492173383 1572910.2765996042 2065311.8689330805 2272991.8003349244 2926331.9446806205 2706799.043650056 2911930.709565442 3345073.617466828 3553700.3321256093 5009955.222693527 8454559.75348046 9056981.845415495 10377403.927114658 356857.37282070494 -9999.0 -9999.0 -9999.0 -9999.0 -9999.0 -9999.0 -9999.0 -9999.0 -9999.0 -9999.0 -9999.0 -9999.0 -9999.0 -9999.0
260914.23159545125 -9999.0 -9999.0 -9999.0 -9999.0 -9999.0 241695.96555759566 -9999.0 -9999.0 -9999.0 -9999.0 181049.0 251567.28242765038 263383.2649126128 1554889.5324898402 1603791.2623518251 4142151.1990937423 4507259.306266197 4769733.214806548 4916666.6755188545 5507170.8002800895 5589254.1530997325 2974860.734988093 2666280.5147764613 1417980.709977645 1547301.257769585 1430291.0950485372 1612259.4385028798 980271.5196911042 994974.8910269898 2168869.5605781456 894830.9999999999 891831.0 2455481.93117387 2254922.755330089 2045631.2995525363 2800958.370509151 3457490.251049055 2708070.693854922 3147948.7180384398 2170082.026103233 6921286.895568438 6328760.464315501 7173150.636239121 8309460.881301431 7312513.383418364 -9999.0 -9999.0 -9999.0 -9999.0 -9999.0 -9999.0 -9999.0 -9999.0 -9999.0 -9999.0 -9999.0 -9999.0 -9999.0 -9999.0 -9999.0
-9999.0 251282.2930437616 229653.17967033247 247453.9732787195 -9999.0 244633.0441845081 1071960.9056586958 -9999.0 -9999.0 -9999.0 -9999.0 -9999.0 -9999.0 522810.92679941794 1177029.2462989448 2350731.692038956 2822819.475957217 5314387.099576125 3722980.0579354963 4759008.3473755075 5616159.2824474415 7180873.028790625 3703204.7555800113 2542428.30714986 1267511.0357927997 1109159.9411172874 1781758.6420354373 1283361.0834033508 1146901.2856511595 2205059.4977130485 2806492.546167995 2288813.041337673 2461063.0949815665 2841701.5937805176 3165987.429807846 4612009.968537906 2892201.741257558 2248108.74698344 2645677.5842275224 3658643.939518271 7623205.184498193 7959812.510582628 8088289.423313484 10032394.248984449 10030795.491843626 2736848.9974622196 -9999.0 -9999.0 -9999.0 -9999.0 -9999.0 -9999.0 -9999.0 -9999.0 -9999.0 -9999.0 -9999.0 -9999.0 -9999.0 -9999.0 -9999.0
563644.3837857653 1059080.090406011 1213799.5687671509 2846469.460021929 1801810.780221852 2413299.1623396124 3897204.3813950047 268438.905197855 -9999.0 472753.99999999994 -9999.0 258019.17897298775 255503.33592853902 1503770.019999107 1813831.1322159704 1682190.8545142303 3793762.600796638 5162585.516008856 4887490.571713906 4193619.1847961396 5314765.123833946 6792989.770504041 4647018.590578629 2539069.136281292 1757000.380493232 1943068.1758950937 2330119.461786586 1497181.2990915044 2053741.3966296685 2649177.971562877 3795220.5576629573 2808708.535589726 1366861.7596011772 1360010.0 2364139.3355557257 3373843.5127296858 2218368.4890747443 2213351.550366476 2203389.539008427 3306614.2709059627 7527377.924646131 8214217.417911016 10135793.410013018 10390391.408254681 3247707.9823341463 -9999.0 -9999.0 -9999.0 -9999.0 -9999.0 -9999.0 -9999.0 -9999.0 -9999.0 -9999.0 -9999.0 -9999.0 -9999.0 -9999.0 -9999.0 -9999.0
255778.901858547 299200.09110955684 820631.85540614 2723969.4594424167 3923597.1167258173 5074705.685192699 4275750.600700208 1408608.7419953735 1108949.7434592077 -9999.0 543404.810534822 1551421.3979459023 1928730.9498010224 2555022.449366807 2130221.894663542 1122900.6408456569 3424540.3892856 5468339.22323378 4173471.491269012 3785892.280305762 5695528.875100234 6265623.124896655 4117818.2859832854 3409423.51131875 1872802.263365753 2223370.4270928446 1505020.2951829832 1833238.7561054246 1781470.0 2030290.8557555543 2075770.0396795052 2603090.989059992 2245348.427965213 2037891.9475676953 2897383.9904112783 3974484.807699042 3366060.7458596816 2977252.551108196 2220790.9649783093 2898720.4288746617 5852163.363387071 5625084.973261949 9154869.926685035 5033030.56212504 -9999.0 -9999.0 -9999.0 -9999.0 -9999.0 -9999.0 -9999.0 -9999.0 -9999.0 -9999.0 -9999.0 -9999.0 -9999.0 -9999.0 -9999.0 -9999.0 -9999.0
851986.8859060117 559550.385043951 512197.67556113284 1157559.295499071 3760619.70489526 4939822.936825695 3061930.7003446366 900796.4602926449 244236.97772679877 -9999.0 1840669.5891032652 2775907.7619373873 5122548.131544494 2762388.1735356217 1479590.1950838454 1602491.2632186431 2953960.797512229 5469590.752603557 5123752.990254752 4733337.486012842 3000833.801180098 5704604.6144765625 1140350.0 4005780.086499534 2759970.684108741 2396021.8922772906 3448138.822978642 4673612.08246937 2265839.5586729147 2248808.5611812985 2775433.266904392 3346217.2732605725 3376624.430269463 3356248.9082613355 5637402.495469464 4815506.374784876 5032282.4548780965 5192192.26065941 2635643.4104886875 7401179.853083318 8348039.45025065 4110749.435010419 2346037.841447113 -9999.0 -9999.0 -9999.0 -9999.0 -9999.0 -9999.0 -9999.0 -9999.0 -9999.0 -9999.0 -9999.0 -9999.0 -9999.0 -9999.0 -9999.0 -9999.0 -9999.0 -9999.0
2185158.701681614 2646169.856232787 2384911.3625980206 1034839.3658176215 1342570.9939636472 2144998.7159629865 2310362.245998309 2015938.7053196402 -9999.0 -9999.0 825102.7050260084 1919070.4065302536 4090459.715607499 3040690.525202686 3146193.140562566 1562679.1325358644 1502730.5538332013 6236895.077636398 6005984.0492707435 5560110.806592064 5251744.988216973 5408439.924159355 3717028.56711041 3371799.4472648175 3090880.192977647 4700746.098299423 3606707.0190272066 4048865.319880159 2230398.678051539 2951362.7738139257 2082698.7221648423 3054222.4419019828 4915366.666528251 6361620.629346051 5491196.853242679 5825254.701176481 5501528.567605376 7172846.491570556 4880914.646050514 5646741.526001591 7975029.039830017 3328289.860487791 -9999.0 -9999.0 -9999.0 -9999.0 -9999.0 -9999.0 -9999.0 -9999.0 -9999.0 -9999.0 -9999.0 -9999.0 -9999.0 -9999.0 -9999.0 -9999.0 -9999.0 -9999.0 -9999.0
568449.5452269037 952129.8016063689 732459.6782367115 975226.3424492045 3396468.648763207 2925939.215712948 1285161.0042385333 259247.05456193822 -9999.0 -9999.0 545901.281719862 1210840.340977588 2278532.2049551085 5471033.971766359 2573511.215980243 2064851.0803537332 2686909.5950595504 5330801.98344117 5837192.749488305 5901042.9038797505 5827933.1246372815 5960360.439245687 5092170.645437405 3769499.4544920665 3223938.0258300193 4884874.2294816775 4204957.601427061 4390636.780419884 4695160.561173359 2449260.054653889 1827009.4777934435 2044623.053162533 8056444.595242943 4942980.263505438 3422284.426785259 6372825.3285386935 5780318.033950311 7261918.892903812 5234065.466178913 6001298.195141521 5376232.210658317 -9999.0 -9999.0 -9999.0 -9999.0 -9999.0 -9999.0 -9999.0 -9999.0 -9999.0 -9999.0 -9999.0 -9999.0 -9999.0 -9999.0 -9999.0 -9999.0 -9999.0 -9999.0 -9999.0 -9999.0
261590.99202030315 -9999.0 341791.90767965233 2265929.2940147123 4240958.948778796 2717022.473515232 288744.92572383105 262505.17122175853 -9999.0 466770.4501908639 283207.1790594752 1466549.2593410898 2678638.9070952293 4210823.664297079 3107117.5697330344 3354117.819114032 5429653.817706443 5282943.505041055 4047183.939172468 5030147.333352456 5925318.393846145 6226520.317641831 5603834.183725003 3379558.772208647 3403297.404697092 3478983.0159997325 3862921.8656348037 4128944.2286753124 5823791.527026178 4697399.219530623 3345683.367976092 5391022.155078245 5693790.074233982 3089620.41849177 2960502.8526922297 4518959.805390783 4606383.143535433 5976531.987137535 7426198.002862046 4637595.46260277 1962868.0631075674 -9999.0 -9999.0 -9999.0 -9999.0 -9999.0 -9999.0 -9999.0 -9999.0 -9999.0 -9999.0 -9999.0 -9999.0 -9999.0 -9999.0 -9999.0 -9999.0 -9999.0 -9999.0 -9999.0 -9999.0
249822.9060062609 270161.191782219 1116399.9582530593 5663302.839951694 8178052.369693393 1186450.1744172052 15346900.086722879 252852.94171537278 2919890.0 8713780.0 1577399.3559263996 2435831.564354102 3465821.5426090895 6734068.600171715 2824182.6742107347 5052252.5393014625 5774635.023903032 6476046.852387641 5757922.531864846 4031341.399989941 5252099.438111352 4954209.503232108 5828144.165314871 4666114.235248756 3307131.9358200757 2759273.5171927963 3501797.736931326 3530558.9069160856 6395435.631595941 6321699.540780864 5072221.889153285 5397554.605755158 5694178.437371114 2710169.8200069815 2847512.4236403424 3491319.8700145846 3388581.4628853328 6796786.373236213 3616964.308995781 4097278.6229760516 -9999.0 -9999.0 -9999.0 -9999.0 -9999.0 -9999.0 -9999.0 -9999.0 -9999.0 -9999.0 -9999.0 -9999.0 -9999.0 -9999.0 -9999.0 -9999.0 -9999.0 -9999.0 -9999.0 -9999.0 -9999.0
4574263.763787541 663870.5000225361 533414.7691655961 5396580.290665215 6204120.068036843 5537835.138918815 1091720.7089420662 15880399.769571334 16987100.485441674 2144589.697349391 3209882.501444076 5633551.714054092 6031636.682617389 5609932.814215988 5011298.837190717 7007901.698597554 6621753.921884121 6661561.19514495 6490947.389540688 7450310.38263049 6327904.648038548 7461844.467703903 7677933.199246655 5663299.677395509 3274582.321713697 3085607.6394287744 3355168.8446393507 5736996.364754673 6689067.11263404 5901343.329237148 5372966.774966888 5619438.241792912 4178423.2983879326 3869771.840159937 5549393.266127096 4951324.021437307 3705109.3902876484 5009411.468833656 1760159.5950259618 -9999.0 -9999.0 -9999.0 -9999.0 -9999.0 -9999.0 -9999.0 -9999.0 -9999.0 -9999.0 -9999.0 -9999.0 -9999.0 -9999.0 -9999.0 -9999.0 -9999.0 -9999.0 -9999.0 -9999.0 -9999.0 -9999.0
7920050.96401048 5295743.787823526 15293200.001327392 4272521.516704373 4524519.229416838 4797318.943044569 14374796.559704049 4248153.941330369 5454290.306191868 11828290.16029397 6147482.099115939 6760748.254081505 6412691.789979687 3468643.3175992365 6640063.544678166 6315665.575470699 6488417.75786174 7023443.420516873 6923214.790091557 5269857.888301587 8627577.599307733 8886278.237174826 8849304.474811347 5563267.352824991 3457412.5330412216 3607019.9642236903 4264609.834289914 5759443.890196992 7659239.718430824 7242902.539946152 5127519.005531515 7313174.341496873 3465731.703710017 3268771.1568364743 2597017.6684699883 4201862.0265795905 6150508.302094987 3975017.7302439697 694807.4626168536 -9999.0 -9999.0 -9999.0 -9999.0 -9999.0 -9999.0 -9999.0 -9999.0 -9999.0 -9999.0 -9999.0 -9999.0 -9999.0 -9999.0 -9999.0 -9999.0 -9999.0 -9999.0 -9999.0 -9999.0 -9999.0 -9999.0
6750702.311453018 4702601.494861149 7845532.93543596 7427338.079755748 7540057.209319094 6857364.19375493 7758279.328037886 7753091.417266652 8338572.778757354 7370044.491107575 7065052.628144952 6351549.383174493 5743551.116696552 4740499.5641151 6634178.740347363 6733396.695243476 7190655.64880164 7473098.153878354 6845315.854537369 8079995.355141167 7577379.882353742 8121790.287040032 7884704.187694378 7194227.999477554 3571120.213940136 3806669.2082852395 5857875.369166745 5364078.509781528 6330943.522893489 6604935.742856996 6862221.963920622 6616443.225518535 3647283.7678602478 3287010.614897052 4249839.559029958 4483977.664264678 5540515.858865432 2707778.9497460197 81049.81587851023 -9999.0 -9999.0 -9999.0 -9999.0 -9999.0 -9999.0 -9999.0 -9999.0 -9999.0 -9999.0 -9999.0 -9999.0 -9999.0 -9999.0 -9999.0 -9999.0 -9999.0 -9999.0 -9999.0 -9999.0 -9999.0 -9999.0
4606172.248526769 6240101.298799868 5645917.6242997525 7093402.609414557 6148298.597895587 7505065.758110702 7779839.03471768 8654221.978377523 8501955.54123823 7116922.782074934 7945622.053715894 5845985.419070059 5916423.220517764 6647152.252257552 7182313.544165498 8356283.507419545 8680637.130734606 8336235.528065609 7055152.084250372 7216411.723838677 8134944.683788964 7337383.9536946155 7799170.120811869 7540604.2407319825 4326313.013811665 5415267.8686584085 7847228.673200161 8011515.399347285 7159847.880680781 6100238.669336277 6271677.703707562 6204759.687706668 7450394.334606169 6732023.695338443 6035259.222866591 4012528.745306001 4850022.89419973 2041318.7278531736 -9999.0 -9999.0 -9999.0 -9999.0 -9999.0 -9999.0 -9999.0 -9999.0 -9999.0 -9999.0 -9999.0 -9999.0 -9999.0 -9999.0 -9999.0 -9999.0 -9999.0 -9999.0 -9999.0 -9999.0 -9999.0 -9999.0 -9999.0
4177796.9352874896 5231751.778228046 6960473.122079121 8579814.541892834 6835179.982311703 7814249.2344406005 8813474.926220901 9043645.854761692 6745085.289203776 6840149.07473948 6440557.038425904 6937071.921454398 6364562.812125204 7460863.72804116 7480163.912829262 7591856.981661022 8522906.958301205 7048825.518318099 7825016.4470447535 7770455.591308003 7746639.52021594 6322692.351815559 7162783.137811207 6464744.477722283 4798301.367836383 7155921.392223551 7753116.723806331 7064164.487871513 7194632.805957486 6886932.337179525 6691215.657903559 6124746.951572691 5607360.243489083 5301695.110912226 3308533.6914584376 4376076.546540221 4499245.990661477 2766761.0141731706 58553.2769981989 -9999.0 -9999.0 -9999.0 -9999.0 -9999.0 -9999.0 -9999.0 -9999.0 -9999.0 -9999.0 -9999.0 -9999.0 -9999.0 -9999.0 -9999.0 -9999.0 -9999.0 -9999.0 -9999.0 -9999.0 -9999.0 -9999.0
3163380.4631230906 4664089.253643038 6899209.395767311 7439488.411844872 6801442.224617425 8120634.928426356 6845302.768745996 6139907.604182266 6166233.4238352105 5858966.941931697 5766402.838850679 7145733.838921877 8440270.544653703 8605046.845056627 7607950.844486579 8796751.104664333 8023080.506619589 8048300.92621173 8370407.829900138 6075915.651480015 4605336.559509027 7402484.946532233 6934852.4742272515 6590355.936157114 6029737.602030927 5904264.047360272 6059106.092505863 6858608.786359975 8436518.856478237 7932182.987398916 5978188.702102562 6088516.268852138 5815529.346212579 4680931.366603115 2858870.7683377005 4288760.34472289 4714980.845805617 3763612.6217656108 515158.98311436485 -9999.0 -9999.0 -9999.0 -9999.0 -9999.0 -9999.0 -9999.0 -9999.0 -9999.0 -9999.0 -9999.0 -9999.0 -9999.0 -9999.0 -9999.0 -9999.0 -9999.0 -9999.0 -9999.0 -9999.0 -9999.0 -9999.0
4818801.777638917 5318223.787241471 6338113.4190237885 5996485.033399473 5144245.95237514 7282521.55401323 8234961.129989682 6812877.526914446 7753610.64028254 7528695.109166489 7239270.733240385 8112941.357736535 7850786.397648478 7663980.627519788 9223260.71164378 7678973.041244563 7826283.315775318 8916192.734629862 7758837.901343906 8283828.537464493 9468022.949843735 7083225.365904498 6359540.447738532 7044011.597334452 6224691.162882321 5990371.524531274 4852731.035520075 6249536.14147784 7555768.076488519 6855042.026266548 4942300.374763588 7773885.248896352 6737991.847985179 6033422.52002869 5341019.990369583 4273528.5575055815 5567697.808506856 3909613.1692900914 64612.17828307184 -9999.0 -9999.0 -9999.0 -9999.0 -9999.0 -9999.0 -9999.0 -9999.0 -9999.0 -9999.0 -9999.0 -9999.0 -9999.0 -9999.0 -9999.0 -9999.0 -9999.0 -9999.0 -9999.0 -9999.0 -9999.0 -9999.0
3620547.8179766163 3023679.436455117 2633090.4294801597 2328462.3853318454 4830081.109255521 7249203.9968950525 7720353.076397995 7246919.553728032 7651727.796585123 7677488.336465975 7678472.606088693 7462046.793828409 8191354.587916242 8504184.882656533 7644628.453681997 7115691.483648835 9287474.240846798 7275920.043435289 8484352.96182947 9362078.458004106 9505325.145553047 8011155.241951372 7070232.647798038 6525699.153188715 6144864.104197929 5851866.755983642 5559367.858379018 5951739.099499541 6718842.674109424 6594353.983791362 4171238.553933038 7270022.177653436 6760482.545074686 6092109.722968955 7078480.607976598 5582633.02019885 3528182.169144842 3591517.401167754 -9999.0 -9999.0 -9999.0 -9999.0 -9999.0 -9999.0 -9999.0 -9999.0 -9999.0 -9999.0 -9999.0 -9999.0 -9999.0 -9999.0 -9999.0 -9999.0 -9999.0 -9999.0 -9999.0 -9999.0 -9999.0 -9999.0 -9999.0
3847407.9122080104 3147999.1732980665 2031060.4340388197 2127258.880776751 7671455.157614751 7503683.587243645 8154693.813740271 7362189.549083296 7159275.973182742 6872317.898906823 9086450.00323734 8432344.890413119 9277741.30812918 11308894.140714401 9740813.989528954 8724930.899077915 8078698.353305986 7867863.778904362 7653858.305505803 9450899.566074211 10059291.857054159 8267194.685371187 6915635.090542969 6277333.132748065 6057275.995851068 5832070.13092234 6740132.113679036 6368683.462680021 6012284.141243057 6225814.9959779605 5691871.827167765 5968372.12607178 6321647.6448594015 6732376.27945185 6816398.086045828 5008582.152531953 3870627.186536875 2244589.532669577 -9999.0 -9999.0 -9999.0 -9999.0 -9999.0 -9999.0 -9999.0 -9999.0 -9999.0 -9999.0 -9999.0 -9999.0 -9999.0 -9999.0 -9999.0 -9999.0 -9999.0 -9999.0 -9999.0 -9999.0 -9999.0 -9999.0 -9999.0
1787639.8204006152 4203753.98192481 5348053.267761809 5476380.345126216 4596325.69651869 6737451.136601473 9524213.650393564 7994109.556371786 7970569.449152684 7174762.978365447 7795868.404797944 8766136.102466393 8210544.509231131 9543586.242726253 8655936.157284513 9416812.740944866 10196495.404961824 9618565.023684526 9354180.34955203 8354567.075090391 8788576.306033023 8509298.884349555 5807381.48911765 5574016.095477723 6116482.874519982 6593906.394787313 6732782.539881323 6179138.271210794 4633751.802397124 5348134.465869794 4979355.532172438 5756597.96830427 5837560.993459795 6618594.0215458125 6132739.665796345 6466514.237824624 3448064.155748805 1576319.9596597892 -9999.0 -9999.0 -9999.0 -9999.0 -9999.0 -9999.0 -9999.0 -9999.0 -9999.0 -9999.0 -9999.0 -9999.0 -9999.0 -9999.0 -9999.0 -9999.0 -9999.0 -9999.0 -9999.0 -9999.0 -9999.0 -9999.0 -9999.0
