critload/trunk/output/1999/n_up_ag.asc
ncols 720
nrows 360
xllcorner -180.0
yllcorner -90.0
cellsize 0.5
NODATA_value -9999.0
[rows 54 to 80 of 360, columns 488 to 548 of 720]
-9999.0 -9999.0 -9999.0 -9999.0 -9999.0 -9999.0 -9999.0 -9999.0 -9999.0 -9999.0 -9999.0 -9999.0 -9999.0 10783.299999999997 -9999.0 -9999.0 -9999.0 -9999.0 -9999.0 -9999.0 -9999.0 17620.1 19438.9 19383.7 -9999.0 -9999.0 58144.5 -9999.0 -9999.0 -9999.0 -9999.0 -9999.0 -9999.0 -9999.0 -9999.0 -9999.0 -9999.0 -9999.0 -9999.0 -9999.0 -9999.0 -9999.0 -9999.0 -9999.0 -9999.0 -9999.0 -9999.0 -9999.0 -9999.0 18492.299999999996 -9999.0 -9999.0 -9999.0 -9999.0 -9999.0 -9999.0 -9999.0 -9999.0 -9999.0 -9999.0 -9999.0
-9999.0 -9999.0 -9999.0 -9999.0 -9999.0 -9999.0 -9999.0 -9999.0 -9999.0 -9999.0 -9999.0 -9999.0 -9999.0 -9999.0 -9999.0 13268.500000000002 10304.800000000001 3836.42 7191.520000000002 -9999.0 8766.05 11688.100000000002 -9999.0 8288.01 -9999.0 -9999.0 -9999.0 15628.700000000003 -9999.0 -9999.0 -9999.0 -9999.0 -9999.0 -9999.0 -9999.0 -9999.0 -9999.0 -9999.0 19069.1 35179.0 19034.300000000003 19087.0 -9999.0 -9999.0 -9999.0 -9999.0 -9999.0 -9999.0 -9999.0 -9999.0 -9999.0 -9999.0 -9999.0 -9999.0 -9999.0 -9999.0 -9999.0 -9999.0 -9999.0 -9999.0 -9999.0
-9999.0 -9999.0 -9999.0 -9999.0 -9999.0 -9999.0 -9999.0 -9999.0 -9999.0 -9999.0 -9999.0 -9999.0 -9999.0 -9999.0 -9999.0 9333.69 42270.600000000006 20576.1 3092.46 -9999.0 -9999.0 -9999.0 -9999.0 -9999.0 -9999.0 -9999.0 -9999.0 -9999.0 -9999.0 -9999.0 -9999.0 -9999.0 -9999.0 -9999.0 -9999.0 -9999.0 -9999.0 -9999.0 -9999.0 -9999.0 -9999.0 -9999.0 -9999.0 -9999.0 -9999.0 -9999.0 -9999.0 -9999.0 -9999.0 -9999.0 -9999.0 -9999.0 -9999.0 -9999.0 -9999.0 -9999.0 -9999.0 -9999.0 -9999.0 -9999.0 -9999.0
-9999.0 -9999.0 -9999.0 -9999.0 -9999.0 -9999.0 -9999.0 -9999.0 -9999.0 -9999.0 -9999.0 -9999.0 -9999.0 -9999.0 -9999.0 -9999.0 -9999.0 -9999.0 18364.900000000005 -9999.0 -9999.0 -9999.0 -9999.0 -9999.0 -9999.0 5691.46 -9999.0 -9999.0 -9999.0 -9999.0 -9999.0 -9999.0 -9999.0 -9999.0 -9999.0 -9999.0 -9999.0 -9999.0 -9999.0 -9999.0 -9999.0 -9999.0 -9999.0 -9999.0 -9999.0 -9999.0 -9999.0 -9999.0 -9999.0 -9999.0 -9999.0 -9999.0 -9999.0 -9999.0 -9999.0 -9999.0 -9999.0 -9999.0 -9999.0 -9999.0 -9999.0
-9999.0 10314.8 -9999.0 -9999.0 -9999.0 -9999.0 -9999.0 -9999.0 -9999.0 -9999.0 -9999.0 -9999.0 -9999.0 -9999.0 -9999.0 -9999.0 -9999.0 -9999.0 -9999.0 -9999.0 -9999.0 -9999.0 -9999.0 -9999.0 -9999.0 6971.370000000001 -9999.0 -9999.0 -9999.0 -9999.0 -9999.0 -9999.0 -9999.0 -9999.0 -9999.0 -9999.0 -9999.0 -9999.0 -9999.0 -9999.0 -9999.0 -9999.0 -9999.0 -9999.0 -9999.0 -9999.0 -9999.0 -9999.0 -9999.0 -9999.0 -9999.0 -9999.0 -9999.0 -9999.0 -9999.0 -9999.0 -9999.0 -9999.0 -9999.0 -9999.0 -9999.0
16280.099999999999 20500.000000000004 -9999.0 -9999.0 -9999.0 -9999.0 -9999.0 -9999.0 -9999.0 -9999.0 -9999.0 -9999.0 -9999.0 -9999.0 -9999.0 -9999.0 -9999.0 -9999.0 -9999.0 -9999.0 -9999.0 -9999.0 -9999.0 -9999.0 -9999.0 -9999.0 -9999.0 -9999.0 22647.400000000005 19378.7 -9999.0 -9999.0 -9999.0 -9999.0 -9999.0 -9999.0 -9999.0 -9999.0 -9999.0 -9999.0 -9999.0 -9999.0 -9999.0 -9999.0 -9999.0 -9999.0 -9999.0 21613.200000000004 42695.5 43021.5 21331.1 21277.1 -9999.0 -9999.0 -9999.0 -9999.0 -9999.0 -9999.0 -9999.0 -9999.0 -9999.0
-9999.0 26519.5 26939.1 -9999.0 5469.2 -9999.0 -9999.0 -9999.0 -9999.0 -9999.0 -9999.0 -9999.0 -9999.0 -9999.0 -9999.0 -9999.0 -9999.0 -9999.0 -9999.0 -9999.0 -9999.0 -9999.0 -9999.0 -9999.0 -9999.0 -9999.0 -9999.0 -9999.0 -9999.0 23541.1 23563.2 20120.100000000002 23494.100000000002 46580.8 23224.499999999996 -9999.0 -9999.0 -9999.0 -9999.0 -9999.0 -9999.0 -9999.0 -9999.0 -9999.0 -9999.0 -9999.0 -9999.0 -9999.0 -9999.0 -9999.0 -9999.0 -9999.0 -9999.0 -9999.0 -9999.0 -9999.0 -9999.0 -9999.0 -9999.0 -9999.0 -9999.0
80546.69999999998 53895.00000000001 53379.49999999999 95205.1 143466.0 121774.0 25851.799999999996 -9999.0 -9999.0 -9999.0 -9999.0 -9999.0 -9999.0 -9999.0 -9999.0 -9999.0 -9999.0 -9999.0 -9999.0 -9999.0 -9999.0 -9999.0 -9999.0 -9999.0 -9999.0 -9999.0 -9999.0 -9999.0 -9999.0 -9999.0 -9999.0 23738.399999999998 23137.4 47394.19999999999 23744.700000000004 -9999.0 -9999.0 -9999.0 -9999.0 -9999.0 -9999.0 -9999.0 -9999.0 -9999.0 -9999.0 -9999.0 -9999.0 -9999.0 -9999.0 -9999.0 -9999.0 -9999.0 -9999.0 -9999.0 -9999.0 -9999.0 -9999.0 -9999.0 -9999.0 -9999.0 -9999.0
57887.200000000004 88035.0 101413.0 85981.6 125516.99999999997 117023.0 77287.89999999998 27666.2 -9999.0 -9999.0 -9999.0 -9999.0 -9999.0 -9999.0 -9999.0 -9999.0 -9999.0 -9999.0 -9999.0 -9999.0 -9999.0 -9999.0 -9999.0 -9999.0 -9999.0 -9999.0 -9999.0 -9999.0 -9999.0 -9999.0 -9999.0 -9999.0 -9999.0 24905.400000000005 74798.9 74849.30000000002 75616.9 24466.2 -9999.0 -9999.0 -9999.0 -9999.0 -9999.0 -9999.0 -9999.0 -9999.0 -9999.0 -9999.0 -9999.0 -9999.0 -9999.0 -9999.0 -9999.0 -9999.0 -9999.0 -9999.0 -9999.0 -9999.0 -9999.0 -9999.0 -9999.0
81074.0 89131.1 231368.99999999997 192304.0 294513.0 202323.99999999997 111906.0 112783.0 111942.00000000003 113428.00000000001 52853.00000000001 27462.300000000003 -9999.0 -9999.0 -9999.0 -9999.0 -9999.0 -9999.0 -9999.0 -9999.0 -9999.0 -9999.0 -9999.0 -9999.0 -9999.0 -9999.0 -9999.0 -9999.0 26585.6 -9999.0 -9999.0 -9999.0 -9999.0 -9999.0 -9999.0 -9999.0 47565.2 143481.00000000003 51194.899999999994 -9999.0 -9999.0 -9999.0 -9999.0 -9999.0 -9999.0 -9999.0 -9999.0 -9999.0 -9999.0 -9999.0 24398.600000000002 -9999.0 -9999.0 -9999.0 -9999.0 -9999.0 92536.5 21840.900000000005 -9999.0 -9999.0 -9999.0
500231.0 144407.00000000003 222963.99999999997 474838.0 429635.0 380917.0 655303.0000000001 409461.99999999994 249820.0 405700.0 457395.00000000006 120161.0 72391.80000000002 110519.0 59315.2 66232.29999999999 33181.8 34942.7 -9999.0 -9999.0 -9999.0 -9999.0 -9999.0 27411.2 -9999.0 -9999.0 -9999.0 -9999.0 29202.6 -9999.0 -9999.0 -9999.0 -9999.0 -9999.0 -9999.0 -9999.0 30113.200000000008 27611.200000000004 142360.0 151624.0 87573.7 28194.199999999997 -9999.0 -9999.0 -9999.0 -9999.0 -9999.0 -9999.0 -9999.0 -9999.0 -9999.0 -9999.0 -9999.0 -9999.0 -9999.0 -9999.0 80458.6 51205.700000000004 50544.30000000001 -9999.0 -9999.0
564564.0 647330.0 3554306.4589869715 2834185.5716456934 486832.9999999999 671262.0 467856.00000000006 289314.00000000006 363689.0 328254.99999999994 345421.0 214893.0 195783.0 235892.00000000003 236581.0 247369.0 252668.99999999997 97787.4 120999.00000000001 138683.0 70778.9 70217.5 35195.09999999999 32807.0 -9999.0 29323.399999999998 -9999.0 -9999.0 -9999.0 -9999.0 -9999.0 27086.6 -9999.0 -9999.0 -9999.0 64420.899999999994 31584.600000000002 -9999.0 -9999.0 179596.0 376202.0 -9999.0 -9999.0 70792.5 151476.99999999997 35703.200000000004 28760.5 27043.4 -9999.0 -9999.0 -9999.0 -9999.0 25452.400000000005 126400.0 -9999.0 -9999.0 -9999.0 29482.300000000003 31710.5 -9999.0 -9999.0
2705528.504060374 739967.0 2948041.465847728 3701981.6744666547 1296120.0 3317861.5488586877 692483.0 2572858.2577420413 758877.9999999999 737549.0 2972325.9674650617 561706.9999999999 3333267.0000544023 3376020.971728151 313335.00000000006 475199.0 519754.0 615658.0 420327.0 504310.9999999999 2850251.1043460304 186054.0 111493.0 138888.0 225109.0 218827.99999999997 75035.0 31700.09999999999 95901.50000000001 33744.3 29794.399999999998 94322.09999999999 70139.40000000001 -9999.0 -9999.0 -9999.0 -9999.0 -9999.0 -9999.0 501140.0 165675.00000000003 146961.0 78505.7 214181.0 323636.00000000006 430048.99999999994 69446.30000000002 -9999.0 -9999.0 -9999.0 39377.5 -9999.0 81830.90000000001 369314.0 -9999.0 -9999.0 -9999.0 59431.100000000006 164318.0 83915.70000000001 -9999.0
2606630.9340285975 2268209.6440858403 2422490.8161802194 2561280.4506190773 4237678.787302773 3024586.1019425113 2398289.082277036 1952489.0960258734 1888188.345334264 1947218.5474866312 2278117.458645108 2950008.424516323 3581415.1153390487 3911645.620464582 1792887.469168915 720330.0 667736.9999999999 2040860.4513753934 588096.0000000001 1040890.0523930558 2150827.140501265 2650571.502265259 459846.00000000006 611149.0 394399.0 636974.0000000001 442016.0 239087.99999999994 620274.0 177618.99999999997 67725.5 184338.0 228812.0 96570.19999999998 263157.0 245520.0 104212.0 68003.7 414483.99999999994 3183589.267979027 245652.0 556346.0 3462170.6335103256 118924.0 365815.9999999999 262161.0 379977.00000000006 654348.0000000001 244462.0 123970.0 327957.0 361738.0 464510.00000000006 303592.0 56717.99999999999 -9999.0 29715.099999999995 240185.0 2712691.110279217 69646.49999999999 -9999.0
2181582.1654793327 2360868.181420317 2819720.193478469 2180681.3449999983 1997661.6661938743 2023476.8155780493 1775639.2394852997 714800.0 2180129.182336415 465815.0 2456525.649233229 703633.9999999999 2284127.932051289 804806.9999999999 836877.9999999999 772339.0 853104.0000000002 1802261.4913777786 1446657.747696091 595043.0 2006158.3802562389 2974118.7286522477 1727911.692985449 774484.0 721726.0 891647.0000000001 692358.0 647436.0 442626.0 311451.0 367190.00000000006 508014.0 180311.0 153765.00000000003 339417.0 183465.0 179375.0 383924.99999999994 3230455.5795660303 3174470.2833076837 2679747.7672661226 3300001.286890393 3814087.969992183 685785.0000000001 210661.0 -9999.0 47548.899999999994 173045.0 256903.00000000006 551420.0 473232.00000000006 426101.99999999994 424059.9999999999 293430.0 206007.0 36479.3 12491.6 34641.7 89895.2 246236.0 261174.0
2767479.854182358 2454308.811626649 2649797.9810722964 981601.5929815676 1268509.9514620942 525838.0 1012689.80146258 752569.726513944 3173406.3817579974 1033640.0432997872 1171399.9526251717 1010380.0111569127 1607201.2090941113 1040680.1873249809 841804.0 1956560.1263444624 1282458.3737136945 2169127.8989342 2606221.104041918 1996116.5979209545 1322737.451745347 1029989.9627537066 1278961.330160303 752413.0 -9999.0 56603.59999999999 267465.0 22077.6 225176.0 572487.0 493768.9999999999 540055.0 653627.0 629181.0 605819.0 657205.0 1324189.155070146 3263294.942233856 4006790.7920792685 3180437.1567667243 2869176.8392959023 2274238.795447047 2025200.8259272263 2929791.598290503 2686321.1608424224 272633.0 -9999.0 61331.8 -9999.0 59964.40000000001 117541.00000000001 436586.99999999994 325512.0 1850410.9132566117 348086.0 266230.0 45171.7 12269.0 -9999.0 83548.3 93358.90000000001
2725266.3769657267 2962406.770884159 2430612.793946895 2260718.0357405497 1310979.720885989 1491690.1346448266 1146609.9903862793 1086099.8971934682 1156409.990882744 1774160.740907127 1692310.433272747 1857250.6596972886 1869640.3140891555 1315819.9876800876 2085822.4865558422 1516089.7655971076 1663439.927155793 2129960.3306060666 2225009.7324682525 2253059.5931168944 2003259.7189382755 1529849.694642835 1360858.131816398 627239.0 1016909.9603240927 856553.0000000002 1157838.5421949099 460888.0 758478.0 412515.00000000006 844516.0000000001 1062020.1061946528 1415979.739786892 820857.0 2363290.8700253246 819887.0 1753120.0752757462 1647538.4075332996 3468178.582295779 782072.0 455175.9999999999 574131.0 1390099.7132948476 1563730.166225887 2037491.038904192 2420800.4238651018 99922.99999999999 30838.000000000004 29537.500000000004 29659.9 113484.99999999999 281207.99999999994 480424.0 816195.0000000001 213695.0 65211.60000000001 77399.0 -9999.0 -9999.0 -9999.0 25888.899999999998
1630910.0139942528 1752140.1792925035 1580860.6837653995 1730110.3670709326 1829460.0425648731 1872250.3842655304 1829240.230550435 1809090.6426851482 1787890.2387734118 1834790.1322440463 1928690.8658358091 1897700.6599641137 1470849.9696312733 1981620.4273711215 1429379.9922893052 2746427.8725970704 2791182.8817151017 2457373.147465829 2018279.782635774 2053349.820791702 2198680.29940642 2352320.069459511 2082320.4076934177 843410.0000000001 1465600.1830183715 2306092.396979277 914858.0 752003.9999999999 1292969.938273572 1073199.9163024318 1272180.1235704394 1298829.7382783205 1406069.7809565538 1875331.9774353462 1936179.60373558 743571.0000000001 2014458.913752372 1804939.9316692515 2073117.9972500615 2507071.770238679 629115.0 132972.99999999997 50384.200000000004 381280.00000000006 1826298.980414573 2374766.443243406 311289.0 35499.899999999994 30207.5 30207.5 29318.799999999996 217916.99999999997 300867.99999999994 421895.0 553017.0 1989646.8276664976 926590.0 313957.0 -9999.0 -9999.0 -9999.0
1713440.1018508903 1863540.6751925459 1815020.1658279977 1828140.066785817 1902320.613543957 1980180.541143381 1751220.0319274056 1432589.966789446 1898159.889910858 1426950.0334122628 1934000.2331733168 1954890.4849261194 1937390.1462378483 1827680.3949509829 1332670.0119157599 1936050.4775294838 1897510.4046197846 1909480.2742192764 1668080.300359521 1180190.0 1111069.9999999998 1237699.9275286742 1273699.932074986 1253480.0574333784 1249989.942585693 1155559.9733911701 879501.0 719698.9999999999 775399.9999999999 3067665.5508471318 837177.0 1238119.7589235874 1565031.5654388112 1517539.790570371 2198332.7519140514 2107627.364900117 2932997.05213808 297057.0 2590107.718994716 2211989.0295972107 1624331.4308619825 1835162.235674521 1483900.260069165 476483.0 38460.00000000001 753763.0 2859089.1946166744 100892.00000000001 20311.3 59321.69999999999 28919.099999999995 58682.799999999996 262528.0 551795.0 3989329.267365462 3033525.640643279 843175.0 782422.9999999999 36741.700000000004 -9999.0 -9999.0
1479609.9442302154 1477059.9434877534 1466079.9680468058 1431179.941949221 1474760.039689907 1475109.9661574438 1470409.93894045 1922620.3982715905 1847730.2570582624 1947710.4722485698 1394539.9905824037 1947760.3508605869 1899460.6845030738 1938430.3227167807 1879970.219850998 1330830.0170987463 1323179.9697080234 1469979.9834372296 1187879.9999966125 1297669.9314173886 1280269.9799297878 1277449.9747815167 1270990.0417620225 1291580.0402366824 1271199.9615547599 1264829.975952111 1279939.9588847551 1139849.9494775627 891105.0 1040259.9999999999 831584.9999999999 3275360.7203758787 1255100.2096291366 1488229.8188651144 1710370.461398051 1826376.7799891357 2390102.54005885 2673191.999756488 3256777.3876331644 3081915.6954156477 856614.0 1825711.53554868 1933219.7852478258 1674890.0998765018 2108690.6868134374 76268.9 266187.0 -9999.0 -9999.0 -9999.0 -9999.0 42141.2 293087.0 531421.0 3728444.1423919275 2598571.07258663 230699.0 126612.00000000001 46078.799999999996 -9999.0 -9999.0
1460050.0179582746 1195289.9841268125 1462509.9598925908 1423889.9666772939 1469530.0307956617 1454250.054841433 1474919.9439148407 1923160.562537368 1399210.029626438 1956350.0500459257 1932379.9072703384 1876480.5956697077 1934649.9473545472 1960360.6485835293 1957340.4965260911 1339519.939398386 1298290.0117747085 1310909.9987845272 1277660.0218125267 1284880.0380248637 1190430.0213653168 1272500.037046928 1252090.045016891 1265309.9314952104 1308600.0225851526 1295419.9394665237 1265889.9309837348 1281520.0135155045 1265600.0142413585 969500.9999999999 835449.0000000001 691285.0 970784.0 1665229.624865382 1705418.4233513842 1792569.0259985921 1581240.6973117436 2220128.744105276 2196589.7990841568 920475.0 43405.0 1848466.9767530581 2343451.8125351826 2465886.5291806175 2441577.377148913 274540.0 30482.199999999997 -9999.0 -9999.0 -9999.0 -9999.0 96379.2 225480.0 43038.7 12556.000000000002 -9999.0 -9999.0 -9999.0 -9999.0 -9999.0 -9999.0
1424729.939181688 1026030.0 1481349.9389231275 1480939.9447664064 1487509.9608839846 1486959.9125274783 1477100.019428842 1474249.9499397187 1463809.941097785 1843780.7704680483 1433140.0045306678 1433159.9575141512 1957180.034191079 1917650.725104554 1924550.5712695003 1975530.020328199 1327999.939176449 1326350.0503421123 1298550.041494121 1299250.0210056517 1290010.0335204734 1288019.9834727014 1255839.9907946847 1187950.0354570996 1247709.9708594598 1214959.9756567434 1278999.9722086142 1237219.9398969917 1313189.9411777179 1236770.0077570963 850381.0 983559.0000000001 990157.9999999999 1218189.9364697565 1489090.3918966202 1683659.6701288873 1750970.245041025 1869612.4024914186 1885339.9390282582 2444169.678981436 2386851.9896544726 2259158.7967359032 2775833.829541675 2462666.637929203 560329.0 36598.1 -9999.0 -9999.0 -9999.0 -9999.0 -9999.0 -9999.0 -9999.0 -9999.0 28043.4 55719.99999999999 45406.6 -9999.0 -9999.0 246923.0 134801.0
1012760.0 1013329.9999999999 982043.9506546466 981004.9999999998 1147319.9916988192 1423770.0230246035 1425629.9100071625 1425619.9572756372 1395879.9929135577 1411959.9947512038 1377189.918097193 1391160.0107805543 1347689.9921426992 1935840.6652123134 1334890.0560090793 1345360.039170037 1324120.0179195567 1321799.9287521217 1259119.983016543 1280339.9603555312 1268999.9482474101 1279070.010561263 1163270.0359101265 1109579.9673374512 1155919.9343918061 853711.9811379669 930708.9999999999 972049.9999999999 1201969.9954856234 1142860.00351141 977993.0185404852 540463.9999999999 517764.0 413390.99999999994 1710099.783184508 1635570.1505030894 1673999.555223104 1384479.8185681417 1365240.0790228918 485278.0 664465.0 266036.00000000006 179148.0 175693.0 31552.499999999996 -9999.0 -9999.0 -9999.0 -9999.0 -9999.0 27769.099999999995 -9999.0 -9999.0 66110.2 133096.0 176937.0 203624.0 120787.0 282099.0 214065.0 234955.99999999997
1065250.0 1025280.0 1032250.0 992327.9999999999 1194610.0000000002 1122100.0120793774 1127130.0 1049109.9611833189 1417289.919988092 1385560.0094592487 1392480.0424698743 1408370.0401184417 1365790.010070097 1364529.9599757933 1280200.0027745923 1361429.9879407524 1316179.9856906428 1341989.998198555 1301339.9486500765 1300579.9696386685 1158959.9731273158 1282900.021474396 1179759.96840461 1214959.961179232 1018249.9808997978 879737.9999999999 918757.0000000001 950589.9999999999 1012220.0 942253.0 962724.0000000002 868616.9999999999 727975.0 1167029.9926604652 2613991.8519229894 1907290.1181736765 1094690.0 491016.00000000006 550689.0 245307.00000000006 138716.99999999997 205928.0 229438.0 147180.0 68265.79999999999 31091.1 29809.9 19069.6 -9999.0 -9999.0 -9999.0 -9999.0 100128.00000000001 352212.00000000006 507641.00000000006 111933.99999999999 218620.0 263617.0 288416.0 338487.0 532407.0
1074970.0000000002 1074509.9999999998 1046580.0000000001 898130.9999999999 905016.0000000001 942749.0 906109.0000000001 1104979.9607282006 1012259.9999999999 898999.0000000001 938038.0115423516 1319649.9695044674 1255460.0241331316 1259679.9805350772 1309640.0555075076 1299460.0348995742 1288510.0115467648 1303959.9844040656 1285020.012764069 1172760.0457930772 1227040.001426225 1110989.9398135415 785055.0 1056199.9748317471 1092519.9504224947 1133319.9935900522 990780.0 957562.0 810582.9999999999 877842.0000000001 1074590.0005205756 820383.981355737 1169309.9990971559 1274430.022406234 1930000.7691591987 1809749.9851375753 3068589.761128685 930571.9713678347 425184.00252710166 517934.9923482095 136849.0 154695.0 71418.5 135420.99999999997 124556.99999999997 34546.7 -9999.0 68399.6 33256.100000000006 -9999.0 -9999.0 -9999.0 72349.9 72225.30000000002 110407.99999999999 387318.0 3339562.839896792 413747.0 299928.0 289074.0 272098.0
972148.0 1086140.0 1095200.0000000002 1095470.0 1066980.0000000002 940915.0000000001 878605.9999999999 1113580.0000000002 1097930.0 755963.9999999999 781879.0000000003 966645.9999999998 910357.0000000002 907045.9999999999 1315739.963237055 1295990.0348893134 1282659.9832069275 1280190.0285609758 1247879.9781627283 1175159.9255759646 1173799.9339905651 1163990.0347369194 1124139.9630703605 1212780.00782956 1096919.9726096664 965763.9999999999 966714.9999999999 897994.0 853614.0 819686.0000000001 1161690.0004323644 1116559.9299694002 954833.9824993154 1158060.00568676 985434.033934857 1308579.9688182448 1108210.0336080743 785025.9613151589 898663.2033622614 990359.0413480857 592335.0129861274 399170.99999999994 175018.0 224907.0 110987.0 -9999.0 31525.599999999995 61336.9 -9999.0 -9999.0 -9999.0 -9999.0 134217.0 946088.7061971775 1024229.9082660237 1378039.9674459305 798598.5099556169 35879.00000000001 886297.9583577511 1403300.7398473315 1286080.6806937035
902597.0 937662.9999999999 1010459.9999999999 1011179.9999999999 1016810.0000000001 1017349.9999999999 1023580.0000000001 1023280.0000000001 1008460.0000000001 1008740.0000000001 986635.0000000001 985152.9999999998 979292.9999999999 979061.0 888317.0000000001 922119.9999999999 983620.0059892791 1139770.01808354 1207950.045056413 1176689.9594728753 1154319.992989056 1083959.9794553502 991563.9605215811 1077460.0011426103 1094150.033210771 1086999.9488440542 1452419.6398440234 1426740.1925226043 926552.9909588137 1004930.0252704943 919419.0 1004779.9963051296 1937480.7984002428 1133239.9358912348 1521019.986164588 2070830.7989557227 1549370.028193363 2001639.9195110989 770797.9999999999 798079.9910422402 1237120.0184297827 1329110.001926977 411019.0 192593.00000000003 101407.0 178572.00000000003 33094.9 -9999.0 -9999.0 -9999.0 106110.99999999999 474029.00000000006 1311260.5751184234 1280590.8448775858 541004.9999999999 1391430.0605265258 1391359.8629015582 1383600.0 1391410.6673031515 1384599.9999999998 1408490.2460586228
