critload/trunk/output/1999/nbud_nat.asc
ncols 720
nrows 360
xllcorner -180
yllcorner -90
cellsize 0.5
NODATA_value -1.0
[rows 150 to 179 of 360, columns 198 to 263 of 720]
-1.0 -1.0 -1.0 -1.0 -1.0 -1.0 -1.0 -1.0 -1.0 -1.0 -1.0 -1.0 -1.0 -1.0 -1.0 -1.0 -1.0 -1.0 -1.0 -1.0 -1.0 -1.0 -1.0 -1.0 -1.0 -1.0 -1.0 -1.0 -1.0 -1.0 -1.0 -1.0 -1.0 -1.0 -1.0 -1.0 -1.0 -1.0 -1.0 681246.331538767 331487.1347170706 -1.0 -1.0 -1.0 -1.0 -1.0 -1.0 -1.0 -1.0 -1.0 -1.0 -1.0 -1.0 -1.0 -1.0 -1.0 -1.0 -1.0 -1.0 -1.0 -1.0 -1.0 -1.0 -1.0 -1.0 -1.0
-1.0 -1.0 -1.0 -1.0 -1.0 -1.0 -1.0 -1.0 -1.0 -1.0 -1.0 -1.0 -1.0 -1.0 -1.0 -1.0 -1.0 -1.0 -1.0 -1.0 -1.0 -1.0 -1.0 -1.0 -1.0 -1.0 -1.0 -1.0 -1.0 -1.0 -1.0 -1.0 -1.0 -1.0 -1.0 -1.0 -1.0 -1.0 -1.0 -1.0 148850.88455651002 -1.0 -1.0 -1.0 -1.0 -1.0 -1.0 -1.0 -1.0 -1.0 -1.0 -1.0 -1.0 -1.0 -1.0 -1.0 -1.0 -1.0 -1.0 -1.0 -1.0 -1.0 -1.0 -1.0 -1.0 -1.0
-1.0 -1.0 -1.0 -1.0 -1.0 -1.0 -1.0 -1.0 -1.0 -1.0 -1.0 -1.0 -1.0 -1.0 -1.0 -1.0 -1.0 -1.0 -1.0 -1.0 -1.0 -1.0 -1.0 -1.0 -1.0 -1.0 -1.0 -1.0 -1.0 -1.0 -1.0 -1.0 -1.0 -1.0 -1.0 -1.0 -1.0 -1.0 -1.0 252466.55991992936 584276.0342265534 -1.0 -1.0 -1.0 -1.0 -1.0 -1.0 -1.0 -1.0 -1.0 -1.0 -1.0 -1.0 -1.0 -1.0 -1.0 -1.0 -1.0 -1.0 -1.0 -1.0 -1.0 -1.0 -1.0 -1.0 -1.0
-1.0 -1.0 -1.0 -1.0 -1.0 -1.0 -1.0 -1.0 -1.0 -1.0 -1.0 -1.0 -1.0 -1.0 -1.0 -1.0 -1.0 -1.0 -1.0 -1.0 -1.0 -1.0 -1.0 -1.0 -1.0 -1.0 -1.0 -1.0 -1.0 -1.0 -1.0 -1.0 -1.0 -1.0 -1.0 -1.0 -1.0 -1.0 -1.0 225369.76717435964 -1.0 -1.0 279772.7487855431 9449.211576789694 -1.0 -1.0 -1.0 -1.0 -1.0 -1.0 -1.0 -1.0 -1.0 -1.0 -1.0 -1.0 -1.0 -1.0 -1.0 -1.0 -1.0 -1.0 -1.0 -1.0 -1.0 -1.0
-1.0 -1.0 -1.0 -1.0 -1.0 -1.0 -1.0 -1.0 -1.0 -1.0 -1.0 -1.0 -1.0 -1.0 -1.0 -1.0 -1.0 -1.0 -1.0 -1.0 -1.0 -1.0 -1.0 -1.0 -1.0 -1.0 -1.0 -1.0 -1.0 -1.0 -1.0 -1.0 -1.0 -1.0 -1.0 -1.0 -1.0 -1.0 -1.0 -1.0 -1.0 -1.0 -1.0 -1.0 -1.0 -1.0 -1.0 -1.0 -1.0 -1.0 -1.0 -1.0 -1.0 -1.0 -1.0 -1.0 -1.0 -1.0 -1.0 -1.0 -1.0 -1.0 -1.0 -1.0 -1.0 -1.0
-1.0 -1.0 -1.0 -1.0 -1.0 -1.0 -1.0 -1.0 -1.0 -1.0 -1.0 -1.0 -1.0 -1.0 -1.0 -1.0 -1.0 110072.0 588949.620340256 217316.12309508293 -1.0 133149.0 643269.9705469395 190753.65188096976 176318.00374912302 348629.3747505635 -1.0 -1.0 -1.0 -1.0 -1.0 -1.0 -1.0 -1.0 -1.0 -1.0 -1.0 -1.0 104733.23109578247 -1.0 -1.0 -1.0 -1.0 -1.0 -1.0 -1.0 -1.0 -1.0 -1.0 -1.0 -1.0 -1.0 -1.0 -1.0 -1.0 -1.0 -1.0 -1.0 -1.0 -1.0 -1.0 -1.0 -1.0 -1.0 -1.0 -1.0
-1.0 -1.0 -1.0 -1.0 -1.0 -1.0 -1.0 -1.0 -1.0 -1.0 -1.0 -1.0 -1.0 -1.0 -1.0 -1.0 109969.0 539410.4368565184 840646.0259455498 330621.2011154793 -1.0 418038.48826059734 402244.903772086 -1.0 -1.0 -1.0 -1.0 -1.0 -1.0 -1.0 -1.0 -1.0 -1.0 -1.0 -1.0 -1.0 -1.0 -1.0 -1.0 -1.0 -1.0 -1.0 -1.0 -1.0 -1.0 -1.0 -1.0 -1.0 -1.0 -1.0 -1.0 -1.0 -1.0 -1.0 -1.0 -1.0 -1.0 -1.0 -1.0 -1.0 -1.0 -1.0 -1.0 -1.0 -1.0 -1.0
-1.0 -1.0 -1.0 -1.0 -1.0 -1.0 -1.0 -1.0 -1.0 -1.0 -1.0 -1.0 437071.45706968324 567459.0570301464 1915004.6223319648 1501793.5753465071 2356731.08291932 3265332.4525310774 639380.0100131443 -1.0 191960.46246526547 640239.21987366 2240592.0079505974 3019893.644590297 3523261.6065540966 640094.33676 -1.0 -1.0 -1.0 -1.0 -1.0 -1.0 -1.0 272206.0196 322924.63442664 -1.0 -1.0 -1.0 -1.0 -1.0 248270.4863030331 -1.0 -1.0 -1.0 -1.0 -1.0 -1.0 -1.0 -1.0 -1.0 -1.0 -1.0 -1.0 -1.0 -1.0 -1.0 -1.0 -1.0 -1.0 -1.0 -1.0 -1.0 -1.0 -1.0 -1.0 -1.0
-1.0 -1.0 -1.0 -1.0 -1.0 -1.0 -1.0 -1.0 -1.0 -1.0 -1.0 218670.0 777692.354942644 2289493.106679312 2273982.4110926855 1517721.116955901 4057005.0918675736 4055343.1375961946 1301890.7791431707 2134367.9989323234 2725435.937815072 4191512.7648605383 4152552.25368375 5591262.770263404 5185412.208792897 1888513.6175418666 -1.0 538776.385282632 677113.7602985289 1028790.7395120249 -1.0 328034.02492429654 -1.0 258639.06664331426 795986.1348840888 951984.4070266265 929077.153181585 490569.23360702 138296.13879912422 1495627.1857763664 91297.03216333309 -1.0 -1.0 -1.0 -1.0 -1.0 -1.0 -1.0 -1.0 -1.0 -1.0 -1.0 -1.0 -1.0 -1.0 -1.0 -1.0 -1.0 -1.0 -1.0 -1.0 -1.0 -1.0 -1.0 -1.0 -1.0
-1.0 -1.0 -1.0 -1.0 -1.0 -1.0 -1.0 -1.0 -1.0 -1.0 191443.0 752691.1690410047 50014.29436344332 1738325.1850095703 2559074.602313796 2130281.027534558 3498839.7594796014 2181636.791561704 1797222.5680854663 1687236.230365138 4380858.66362494 3296133.3638735553 4495078.128278571 3623729.1495823786 3113154.8570339317 3001678.010062705 2881538.327331542 2888498.720095085 4113634.427866109 3356002.2429544316 1489781.4047524435 617063.9958685929 617205.9807975173 3829067.6012566215 2212448.5327535854 3066353.028189826 2346442.67163639 67650.0279 366572.4733385787 2418030.014334138 -1.0 -1.0 -1.0 -1.0 -1.0 -1.0 -1.0 -1.0 -1.0 -1.0 -1.0 -1.0 -1.0 -1.0 -1.0 -1.0 -1.0 -1.0 -1.0 -1.0 -1.0 -1.0 -1.0 -1.0 -1.0 -1.0
-1.0 -1.0 352419.1260245547 579147.3009178115 -1.0 -1.0 -1.0 -1.0 -1.0 -1.0 43121.1 1853722.0085818218 1835832.076441178 2913223.2803547643 2134674.2432095623 2162873.3191634743 3589076.666118778 2921597.0124760624 2306064.4222299997 2139433.6198681556 2318793.7011225885 2860409.1482168045 3312700.2146237297 4206785.606012808 4528607.363648873 3016883.245616384 3526272.8236094676 2673628.5937350863 2767384.8520856695 1824857.3991258177 2788596.3525707414 2922963.543035883 2847423.798738239 3724388.3772136285 3432246.6704802555 2223178.0088606514 3278339.486849178 3063043.104477274 2168213.18796905 914734.545375225 -1.0 -1.0 -1.0 -1.0 -1.0 -1.0 -1.0 -1.0 -1.0 -1.0 -1.0 -1.0 -1.0 -1.0 -1.0 -1.0 -1.0 -1.0 -1.0 -1.0 -1.0 -1.0 -1.0 -1.0 -1.0 -1.0
345967.8889219649 1857652.3592798384 2231087.0525861816 2483764.092986506 2742017.607705864 2456345.613577767 596109.2485430832 -1.0 -1.0 0.0575562 223942.0 226120.17517621763 891710.0934997067 3125134.1140355426 2156740.432942287 4625168.798171207 3743821.808634014 4161960.933437626 3244419.518459928 2191156.7454005852 3907823.8741426095 3805687.43985838 3060512.147608026 3078662.024248695 3585611.0865986147 3965120.705791569 2536106.675358931 2593304.391656606 2701679.5681366306 2727795.136827618 2393228.3712826855 1442843.00499936 2549079.026159814 3026561.289566197 2548786.543820843 3262021.019371705 4287200.408594285 2723770.8508815104 3088725.768798 3467589.0991818197 1789697.345419864 -1.0 -1.0 -1.0 -1.0 -1.0 -1.0 -1.0 -1.0 -1.0 -1.0 -1.0 -1.0 -1.0 -1.0 -1.0 -1.0 -1.0 -1.0 -1.0 -1.0 -1.0 -1.0 -1.0 -1.0 -1.0
3189699.9531191583 3321976.806243368 1004034.7173410759 -1.0 1405257.6989424354 3163477.59060251 3519100.3666386595 969350.2051494839 760890.5062208126 1779579.9709988888 237559.58517328053 1243215.5357692984 1947460.1001037473 2150286.4982368653 2170579.5367566454 4125326.010697949 3699690.6819815636 4528180.592122099 3978605.3538707667 3801460.2832794264 2926194.2827293887 3082009.2207078915 3508430.1669116924 3593257.122379311 3493236.4822774716 3301932.2692026626 3213866.55978232 3805300.7786436197 3715911.9126497116 2802781.1708349646 2818761.795581368 2928840.3669064944 3003244.988533547 2227759.7378617316 2834563.8361224737 4710724.275481428 4188327.9069547877 3432893.212963524 3075554.52387356 3482831.52588738 2621538.5008744 958781.40591888 -1.0 -1.0 -1.0 -1.0 -1.0 -1.0 -1.0 -1.0 -1.0 -1.0 -1.0 -1.0 -1.0 -1.0 -1.0 -1.0 -1.0 -1.0 -1.0 -1.0 -1.0 -1.0 -1.0 -1.0
2413117.8815631643 516645.76718803955 78534.88395697105 -1.0 407244.59501979896 1985300.252220748 5883483.250747522 3249724.697757719 1509466.4888580274 1744243.6054997912 987781.8456917151 1557606.82323359 2551859.507340666 3365362.4750613603 1659334.0453054872 2696244.697171297 2579001.6383072203 3926887.5269709434 5100196.734375101 3529486.031576729 3656286.5411146292 3079083.8068681774 3400589.5492821513 3797834.2158803707 3501863.912818967 3697385.0925397407 3597993.7559493547 3408207.576255258 5392233.200195806 4091214.2811788237 3655254.9526462536 3290455.686084032 2967511.8755472763 3063726.5589513546 3085453.6278179865 3572204.398899786 3048517.0380483083 4363773.967982781 3472933.0817339597 3560479.199562 3054561.8165135197 3349938.0566250402 3553845.7391142603 1063138.36133293 -1.0 -1.0 -1.0 -1.0 -1.0 -1.0 -1.0 -1.0 -1.0 -1.0 -1.0 -1.0 -1.0 -1.0 -1.0 -1.0 -1.0 -1.0 -1.0 -1.0 -1.0 -1.0
3742445.7522840165 1960524.2480356828 -1.0 -1.0 -1.0 2158942.9582834607 4449323.453232837 5579013.521202121 2294315.5329419635 5362953.622094391 3247997.9736813847 1899867.1660781493 3141607.40344934 3796196.877466432 2705096.4170825966 2196222.675676006 1838737.4480662136 3557764.383082117 3953210.687392799 3323005.6990005365 3627940.6929193162 4208206.173387347 4466423.109365399 4061455.2463105293 3718854.133791331 3720841.433945451 3388722.3083644593 3774222.7499618297 3868523.8066773703 4153540.972244667 4245869.718986315 3852354.2028196263 3851075.7694892674 3573670.039290174 3164215.0658258037 3618892.592529024 3505144.9057493084 2552067.689147825 2664639.18648196 5312663.05 5045718.02755414 5045896.73374031 4390328.43230658 4519636.25713257 1505373.303611092 -1.0 -1.0 -1.0 -1.0 -1.0 -1.0 -1.0 -1.0 -1.0 -1.0 -1.0 -1.0 -1.0 -1.0 -1.0 -1.0 -1.0 -1.0 -1.0 -1.0 -1.0
1702445.3944564061 943758.6980608151 -1.0 -1.0 -1.0 247787.6149411938 4123487.0785529716 5586522.9831969645 3442908.084976012 3644096.9252723623 3047974.8843764607 4061689.526996956 6313087.535433282 6308080.475964693 3216514.013540197 2197699.9693895187 1555322.3507110123 4844947.015140916 3639803.4030257845 3481776.1298617814 3036959.3712964794 3582472.723985724 4673252.603865614 4268299.620672031 4115173.260105472 4886030.47614519 4715550.123060355 4758363.796751307 5171972.93968576 4410805.797167895 5238893.550496128 5951328.952046944 6385178.49195 4251808.49195 4504651.4551936425 3809552.395908817 2938570.197902222 2202312.2134980652 2051298.4031905099 3386177.99276 5195501.18 5196001.118528 4819892.29721269 4678711.16797912 4059699.7034296 -1.0 -1.0 -1.0 -1.0 -1.0 -1.0 -1.0 -1.0 -1.0 -1.0 -1.0 -1.0 -1.0 -1.0 -1.0 -1.0 -1.0 -1.0 -1.0 -1.0 -1.0
-1.0 -1.0 -1.0 -1.0 -1.0 -1.0 724329.135701202 4522433.46317641 3410405.353908992 2675111.8386267703 2418632.572953459 3823968.6723915203 4580912.911529139 4770704.759973216 4446245.881634392 2134055.3400276382 1543425.7448757002 2382015.1919239787 2364666.2964741504 4252437.671631375 1950820.9053137633 2100913.2903439114 4419347.043005458 4620906.036988944 4823402.942618027 4245273.854909873 6476986.440414086 5313879.923153442 5221775.79035794 5765892.62687494 3831256.4803093583 4179133.30342 4047715.4140600003 4047715.4140600003 3390801.127062605 3241166.4430017113 3654024.3755629 3802349.6 3579945.68039168 5308921.28 5222608.64 5223108.64 5161571.04 4875001.86421888 3906231.57471292 2042059.8272871869 180093.0 -1.0 -1.0 -1.0 -1.0 -1.0 -1.0 -1.0 -1.0 -1.0 -1.0 -1.0 -1.0 -1.0 -1.0 -1.0 -1.0 -1.0 -1.0 -1.0
-1.0 -1.0 -1.0 -1.0 -1.0 -1.0 -1.0 2506466.478595343 4576432.1318733655 3059257.6542142946 3517250.8025135016 4229128.573309645 4376769.414394388 3961605.657111284 3398658.093426637 4241182.909328095 1686322.5406096247 1967472.545822168 1583646.0742363678 2207368.1748968544 2402106.2518198146 2398222.2823834796 3012383.5010438673 3824090.9406972346 3476591.855298036 3284842.3046509014 3152055.406397209 4560985.979201072 5951457.708803662 4112099.7366157845 4066719.8328718212 4183286.54549 4051738.38633 4051738.38633 3831735.2473512846 3503267.400672027 3485484.1855103 3700458.2375973 5313812.08 5166533.4784384 5228304.04 5225404.04 5166705.4399999995 4879771.6084576 4319214.70905808 3276845.21113134 3225370.4370508 572870.7639933471 -1.0 -1.0 -1.0 -1.0 -1.0 -1.0 -1.0 -1.0 -1.0 -1.0 -1.0 -1.0 -1.0 -1.0 -1.0 -1.0 -1.0 -1.0
-1.0 -1.0 -1.0 -1.0 -1.0 -1.0 -1.0 2760866.289481745 4716745.3972847955 3583123.16424625 4365999.501137755 4969432.839385655 3700713.73938672 4315036.466618983 1836398.8361948852 1842987.1746214803 1523851.4477375322 2907971.9824975543 1545704.9845939092 2006957.0159277385 2470554.4203020707 1742685.2320317263 1233844.341526099 1236699.8939966492 1704733.9433739285 1299088.071268775 1345238.7883330486 4028402.1798954317 3879686.5339718685 3644351.6090224795 3728579.255927124 3954475.1053526583 3941744.72732 3941744.72732 3536625.0321041807 3857955.2427 3149376.45710065 3778456.6 5337273.12 4299040.2328167595 5279350.68 5279350.68 5225782.04 5220282.04 4724815.78462531 4766132.97473093 4569421.21980446 4251531.32930613 4452062.95323665 3805956.94435023 4193649.6674811 3817025.8367175497 4655080.3292264 3569133.51083896 1847120.2719999999 -1.0 -1.0 -1.0 -1.0 -1.0 -1.0 -1.0 -1.0 -1.0 -1.0 -1.0
-1.0 -1.0 -1.0 -1.0 -1.0 -1.0 -1.0 3087844.4451617645 5093219.479029892 3208280.978206101 4178073.446608236 2586364.948703755 3092069.3376383074 2675238.696895077 2107779.2517735064 2249534.2562526846 1943346.5345619046 1461035.3806399493 2162279.0208622916 2470314.792724222 2036391.0991304298 1313197.1718724747 1237686.1355845747 1237661.3375198618 3114523.6165467612 3762590.8213427453 2945384.9236621605 4164606.606341548 4235564.107580001 4118344.959970695 3957846.251225734 5702239.42466 5576449.7792 5576449.7792 5492589.898327 5492589.898327 5258697.9914617 5112665.1881929 5341941.7 5340871.7 4696632.33671553 4990241.93789561 5240585.15 5238105.15 5194030.95 5059090.55224068 5130084.65 5056624.33 5092458.35 5092128.35 5058289.5 5044479.5 5038777.4 4940047.4 3390135.3 3274691.26 1729835.37315966 -1.0 -1.0 -1.0 -1.0 -1.0 -1.0 -1.0 -1.0 -1.0
-1.0 -1.0 -1.0 -1.0 -1.0 -1.0 -1.0 3014626.1613457575 3543881.699562357 2612084.186297679 2409860.2229989227 1777110.876329041 2227505.690801277 2074830.1448962186 2029450.0627465583 3272983.48436272 1549566.6822238076 1857196.8651460786 2055304.7008588542 1905204.9536907081 1248568.896588571 1248353.1166752768 1186573.6599884308 1318149.165243611 1629671.9086482665 3005222.5810679225 3784384.777989814 4280775.59137 4130891.44365 5763521.44365 5622679.01622 5622679.01622 5376010.464000424 5222774.454153232 5487801.297477 5487801.297477 5445296.74 5294088.13053254 4951125.6925852 3901556.5113652 3721455.0166433603 3573077.7476931 4722368.99346626 5312525.21 5260034.14 5260034.14 5197097.65 5201057.65 5151414.29 5151834.29 5117629.48 3718229.48 4424607.8 5034647.8 3439043.83 3439043.83 3429780.7 2402136.7259889 -1.0 -1.0 -1.0 -1.0 -1.0 -1.0 -1.0 -1.0
-1.0 -1.0 -1.0 -1.0 -1.0 -1.0 -1.0 3426226.22465267 2800904.900776935 1896958.0838521442 2560917.5662809364 2611266.0344628925 1662702.5820442522 1063795.615008209 2675321.747301165 1673581.5557300553 1549422.6217918138 1395150.8050376647 1316351.5839609453 1324916.081132955 1249517.4413495036 2079178.5289001716 3685312.412603718 4079509.713300161 5971953.216709818 5801475.44462482 5332625.873618891 5751584.163114047 5416597.051107506 5767473.2351 5157935.236192347 5470358.920177231 5532482.849151 5530553.812665 5491563.760807 5491563.760807 5449030.02 5449030.02 5405212.4 4504490.7626964 3575430.84727446 3427017.578532 3839392.53613714 5316167.33 5263640.22 5260840.22 5077313.45 5078753.45 5155376.17 5155466.17 5121338.04 5070768.04 5096529.4 5089369.4 3441400.59 3441400.59 3432131.1 3432131.1 3831797.84 1400022.264 -1.0 -1.0 -1.0 -1.0 -1.0 -1.0
-1.0 -1.0 -1.0 -1.0 -1.0 -1.0 -1.0 1368947.1685633908 1880285.923236057 2129458.8137597255 1598194.735008255 1931010.1685884302 1561224.0048976524 2260220.754897804 2488207.655101845 1055953.5840274584 1154100.9181565838 1297714.5274448642 1235881.4410291675 1919817.4558769742 3902946.0664520347 6141845.282687343 6140098.47038 6140048.47038 5963039.0187800005 5792806.863454749 4296381.19495448 5216126.431626401 5498033.340021148 5668993.63953 5560951.27664 5560951.27664 5494925.438022 5493911.873271 5484264.964858 5484654.731815 5470916.0 5470916.0 3605611.42932674 2439891.33626456 2522895.52615102 2312985.16762383 2173390.930806895 3008501.18086354 5303963.12 5303963.12 3599763.88 5251403.88 5211211.52 5211211.52 5186477.76 5186477.76 5164835.72 5164255.72 3520800.56 3520800.56 3511525.4 3511525.4 3501621.96 2735708.48932053 -1.0 -1.0 -1.0 -1.0 -1.0 -1.0
-1.0 -1.0 -1.0 -1.0 -1.0 -1.0 411594.3445838242 2251611.6410390562 3408303.578287375 1014394.6336046315 2089803.5180359299 1738343.1394921148 3322678.0625896 3908062.946930009 2227689.0870403387 1947836.3203977328 1298479.1496575577 1441992.336886584 3152299.5548720914 6202331.308976823 6320614.57063 6145014.501773132 5290401.229803259 5802361.826866269 5800643.577938501 5800626.885140677 5304198.348961189 5783039.91019 5671984.3503 5672014.3503 5409394.698821311 5563914.32699 5497853.251463 5496682.967725 5487089.561211 5487089.561211 5473831.0 5473831.0 3819640.7800000003 2229086.05483438 3791508.42863723 3623417.5091211 4088089.1448706603 3736119.79 3671159.02 3671159.02 3618571.73 3618551.73 3578357.92 5213987.92 5189240.96 5189200.96 5167587.37 3531957.37 3522677.26 3522677.26 3513397.15 3513397.15 3507210.41 3252606.99991966 -1.0 -1.0 -1.0 -1.0 -1.0 -1.0
-1.0 -1.0 -1.0 -1.0 -1.0 1156612.0883873045 2112103.0496513713 1920318.2729174434 2374380.984841775 904748.6410468254 2611219.216226889 1626435.5352243185 3920176.2523489483 5784939.953844679 5517261.083724051 5156471.488508922 3048148.5856330288 3228019.5439014793 5187688.290086101 6051549.497965024 5685754.778349563 5510983.456324783 5566681.027143951 5730262.994372657 5779712.86641 5779612.86641 5666979.423359999 5658589.423359999 5590491.57694 5590491.57694 5512383.792412 5512383.792412 5463954.88 5312214.3556588 5478986.888743 5478986.888743 5492251.493386 5492251.493386 3770235.878483579 2892524.845568499 3497309.55556688 4487520.82813894 3628540.26700786 2420128.55973551 3709973.24 3709973.24 3669741.1 3669721.1 3648077.64 5284457.64 3632603.74 5268983.74 5253509.84 3617129.84 3629508.96 3629508.96 3620224.62 3620224.62 3623319.4 3623319.4 914614.6369057 -1.0 -1.0 -1.0 -1.0 -1.0
-1.0 -1.0 -1.0 -1.0 526541.8862923057 3619486.2940544607 2269458.01537572 1977188.4854357913 1023947.3797536545 1463920.987422846 2611291.1428825296 3358014.2053399626 4668507.568483085 5227369.191795458 4789263.307849228 6628045.06138 4475805.695006156 6273017.334495683 6226735.76098 6053882.91886073 5019298.434885617 6022245.93052 5732408.215146454 5568788.970724916 5781902.55614 5781912.55614 5670112.00413 5634617.59239 5592619.10376 5592619.10376 5514481.537737 5514481.537737 5466034.16 5466034.16 5481286.648425 5481130.432475 5494341.562523 5494341.562523 3857341.562523 3526232.8232545853 3606675.69930606 3622307.08920026 2526617.1885519503 3368072.99366325 3711387.68 3711387.68 3671140.2 3671140.2 3649468.48 3649098.48 2947685.12041126 3633988.68 3618508.88 3618508.88 3630892.7199999997 3630892.7199999997 3621604.84 3621604.84 3624700.8 3624700.8 2122085.5980688 -1.0 -1.0 -1.0 -1.0 -1.0
-1.0 -1.0 -1.0 -1.0 1477233.659572824 3368289.7503878428 2079733.322312175 2000404.8982475821 1180205.8752858625 2829157.8328936473 3378749.8642507903 4980485.5459109 4584023.948596571 3879705.343256714 4497169.826487165 5879913.453613023 5921386.414667615 5582884.848047206 5598704.940256773 5269621.4684290765 5468200.331340186 5468208.854352915 5685894.93844 5681052.28195 5613081.3345 5610767.25628 5545912.200112 5546370.928314 5513158.227471 5513158.227471 5476993.1 5476993.1 5458411.7 5458411.7 5473896.2 5473896.2 5496018.397258 5496018.397258 5511946.775935 3653912.723213132 3877756.1818150003 3879756.1818150003 3861788.166216 3863565.117886 3814717.9 3814717.9 3802330.3 3802330.3 3808524.1 3596457.22439171 2069582.0500119678 3814717.9 3805427.2 3805427.2 3786845.8 3786845.8 3774458.2 3774458.2 3802330.3 3696770.73521857 3527210.89638087 2417555.69011031 -1.0 -1.0 -1.0 -1.0
-1.0 -1.0 -1.0 1090331.523876883 3519469.8782719076 2696117.5580484727 2433761.4117372874 2372868.483010144 2820349.300007842 3890867.128133798 2813580.839185083 4448725.862832602 4937967.015962034 5113977.020845997 6054186.677181066 5881252.175355172 5753371.0381296445 5922597.542673679 5435567.296871955 5270915.428052081 5469298.561041759 5630214.432127317 5680192.11514 5669872.00108 5604883.92268 5601463.92268 5545071.177522 5546008.570065 5513636.808159 5361309.75646207 5174045.75943025 5478245.39 5459659.73 5459659.73 5475147.78 5475147.78 5497275.049027 5375158.60948945 5513207.079468 5381997.410385307 5365295.965604332 3880037.70259 3862050.3636849998 3862528.870088 3815584.51 3815584.51 3803194.07 3803194.07 3809389.29 3597895.47511445 3285958.67756614 3815584.51 3806291.68 3806291.68 3787706.02 3787706.02 3775315.58 3775315.58 3803194.07 3697606.7844306696 3331532.54045448 3519841.96516815 613914.125 -1.0 -1.0 -1.0
-1.0 28132.585902054176 3309727.5350183435 4848066.40885325 5472286.799918915 4276020.976917252 2764925.7492404412 2244171.341979052 3790583.9231963214 4996124.257023811 4959687.1581497 5129107.177682806 5565964.405197889 5903062.542421989 5788830.974557699 5957345.34674 5867124.85786 5704208.843792467 5770889.644950001 4969742.283058315 5049529.744315358 5680389.1065 5610589.54853 5605572.1201 5559200.4781100005 5559200.4781100005 5514674.343103 5517954.343103 5491711.636548 5343675.328179015 5469791.68 5469791.68 5463595.52 5463595.52 5484839.717549 5484839.717549 5511397.122298 5511397.122298 5531240.31895 5533700.31895 5567167.7237 5565637.7237 5417145.271481385 3934209.22696 3918414.76056 3918414.76056 3926382.00615 3926382.00615 3947627.90764 3947627.90764 3748525.277709245 3968873.8587100003 3974185.28761 3974185.28761 3952939.4109 3952939.4109 3937004.9445 3937004.9445 3998086.97481 3772121.3495833 3911322.3462861544 2256271.2615969568 -1.0 -1.0 -1.0 -1.0
-1.0 102760.0 4927502.344395303 3182539.098330492 4787642.123276828 1942053.549912938 3179270.8713416327 5343249.765502063 3624985.0958847622 5686047.963039776 5811516.63956689 5814499.333706111 5893347.848220577 5890706.969228554 5461580.932591689 5781776.881970993 5053048.884899993 5704659.052214691 5611094.644353878 5611003.543429813 5523306.550553945 5679062.38114 5598637.66538 5597897.66538 5538388.44437 5538478.44437 5466239.2233649995 5441399.2233649995 5495875.777515 5495875.777515 5470202.72 5470202.72 5464006.08 5464006.08 5485251.92328 5485251.92328 5511811.385361 5357203.094584168 5541026.845082 5387179.463325378 5567446.30716 5567586.30716 5572898.22189 5572898.22189 3918712.52109 3918712.52109 3926680.38388 3926680.38388 3946027.93124 3947927.93124 3969175.52817 3969175.52817 3974487.36853 3974487.36853 3953239.84596 3953239.84596 3937304.14517 3937304.14517 3996700.90733 3461763.2177232844 2621491.206305408 1464356.0764 -1.0 -1.0 -1.0 -1.0
