critload/trunk/output/1999/nbud_ag.asc
ncols 720
nrows 360
xllcorner -180.0
yllcorner -90.0
cellsize 0.5
NODATA_value -9999.0
[rows 135 to 161 of 360, columns 366 to 426 of 720]
0.0 0.0 0.0 0.0 0.0 0.0 0.0 0.0 0.0 0.0 0.0 0.0 0.0 0.0 0.0 0.0 0.0 0.0 0.0 0.0 0.0 0.0 0.0 0.0 0.0 0.0 0.0 0.0 0.0 0.0 0.0 63713.165984240186 128101.08144202473 0.0 0.0 0.0 0.0 0.0 0.0 0.0 0.0 0.0 0.0 32872.75757040904 0.0 0.0 0.0 0.0 0.0 0.0 0.0 0.0 0.0 0.0 0.0 0.0 0.0 0.0 0.0 0.0 0.0
0.0 16574.464966823725 16549.57298317946 0.0 0.0 0.0 32928.155290481314 0.0 0.0 0.0 0.0 0.0 0.0 0.0 0.0 0.0 0.0 0.0 0.0 0.0 0.0 0.0 0.0 0.0 0.0 0.0 0.0 0.0 0.0 0.0 0.0 0.0 88472.26470583968 0.0 0.0 0.0 0.0 0.0 0.0 0.0 0.0 0.0 0.0 0.0 0.0 0.0 0.0 0.0 0.0 0.0 0.0 0.0 0.0 0.0 0.0 0.0 0.0 0.0 0.0 0.0 0.0
0.0 0.0 0.0 0.0 16597.45858540544 16644.40123996466 0.0 16543.425281528143 0.0 0.0 0.0 0.0 0.0 0.0 0.0 0.0 0.0 0.0 0.0 0.0 0.0 0.0 0.0 0.0 0.0 0.0 0.0 0.0 0.0 0.0 0.0 0.0 0.0 0.0 0.0 0.0 0.0 0.0 0.0 0.0 0.0 0.0 0.0 0.0 0.0 0.0 0.0 0.0 0.0 0.0 0.0 0.0 0.0 0.0 0.0 0.0 0.0 0.0 0.0 0.0 0.0
0.0 16850.68988148064 67073.60883814437 33513.708026427164 50101.814060280594 50055.16795986757 16603.501582829573 16648.71646632313 0.0 0.0 0.0 0.0 0.0 0.0 0.0 0.0 0.0 0.0 0.0 0.0 0.0 0.0 0.0 0.0 0.0 0.0 0.0 0.0 0.0 0.0 0.0 0.0 0.0 0.0 0.0 0.0 0.0 0.0 0.0 0.0 0.0 0.0 0.0 33251.903484214505 0.0 0.0 0.0 0.0 0.0 0.0 0.0 0.0 0.0 0.0 59890.34693433267 0.0 0.0 0.0 0.0 0.0 0.0
33719.84488388404 0.0 16829.399698397523 0.0 16733.961056495435 50301.8618625791 33343.71552563166 16633.215002979123 0.0 0.0 0.0 0.0 0.0 0.0 0.0 0.0 0.0 0.0 0.0 0.0 0.0 0.0 0.0 0.0 0.0 0.0 0.0 0.0 0.0 0.0 0.0 0.0 0.0 0.0 0.0 0.0 0.0 0.0 0.0 0.0 0.0 16613.956811925593 0.0 0.0 0.0 0.0 0.0 0.0 0.0 0.0 0.0 0.0 0.0 0.0 79189.92911322226 79340.20358780472 0.0 0.0 0.0 0.0 0.0
102449.87965193763 119906.73844890966 221374.76585358253 221314.19195675058 67597.20111165082 33789.13572361969 0.0 0.0 0.0 0.0 0.0 0.0 0.0 0.0 0.0 0.0 0.0 0.0 0.0 0.0 0.0 0.0 0.0 0.0 0.0 0.0 0.0 0.0 0.0 0.0 0.0 0.0 0.0 0.0 0.0 0.0 0.0 0.0 0.0 0.0 0.0 0.0 0.0 0.0 0.0 0.0 0.0 0.0 0.0 0.0 0.0 0.0 0.0 0.0 323547.43521505536 78883.46763488822 0.0 0.0 0.0 0.0 66894.42067659856
68545.08977628249 137358.81829654332 51125.34890038104 17002.483085469714 0.0 0.0 0.0 0.0 0.0 0.0 0.0 0.0 0.0 0.0 0.0 0.0 0.0 0.0 0.0 0.0 0.0 0.0 0.0 0.0 0.0 0.0 0.0 0.0 0.0 0.0 0.0 0.0 0.0 0.0 0.0 0.0 0.0 0.0 0.0 151759.69276176498 60942.342582246 0.0 0.0 0.0 0.0 0.0 0.0 0.0 0.0 0.0 0.0 0.0 0.0 0.0 326052.11876348895 292065.3722833365 0.0 0.0 0.0 0.0 158888.4298592452
0.0 0.0 0.0 0.0 0.0 0.0 0.0 0.0 65151.4035441124 128715.16649937397 0.0 0.0 0.0 0.0 0.0 0.0 0.0 0.0 0.0 0.0 0.0 0.0 0.0 0.0 0.0 0.0 0.0 0.0 0.0 0.0 0.0 0.0 0.0 0.0 0.0 0.0 0.0 0.0 61466.411459844996 30733.155730043494 92303.68907559599 0.0 78306.1885289684 78267.40850204049 78350.552521504 78310.83470946562 0.0 0.0 0.0 0.0 0.0 0.0 0.0 0.0 0.0 122662.09990783228 0.0 134110.93055449327 79976.54366644126 0.0 0.0
0.0 0.0 0.0 0.0 0.0 0.0 0.0 0.0 64592.06516225639 129201.32189718151 0.0 0.0 0.0 0.0 0.0 0.0 0.0 0.0 0.0 0.0 0.0 0.0 0.0 0.0 0.0 0.0 0.0 0.0 0.0 0.0 0.0 0.0 0.0 0.0 0.0 0.0 0.0 0.0 0.0 61526.069165155 30787.680581712397 0.0 0.0 0.0 0.0 0.0 0.0 0.0 0.0 0.0 0.0 0.0 0.0 0.0 0.0 336993.9178856689 225879.35542082787 477209.92689664825 0.0 0.0 0.0
0.0 0.0 0.0 0.0 0.0 0.0 65480.34902029761 130929.22591856 392171.50753360405 199067.42748970794 0.0 0.0 0.0 0.0 0.0 0.0 0.0 0.0 0.0 0.0 0.0 0.0 0.0 0.0 0.0 0.0 0.0 0.0 0.0 0.0 0.0 0.0 0.0 0.0 0.0 0.0 0.0 0.0 0.0 0.0 0.0 0.0 0.0 0.0 0.0 0.0 0.0 0.0 0.0 0.0 0.0 0.0 0.0 0.0 0.0 0.0 76644.22579335686 0.0 0.0 81031.5113457012 81195.97588543707
0.0 0.0 0.0 0.0 0.0 196846.70493086602 656718.553119872 328899.933213652 327661.64239253197 198154.855998831 65737.2859134042 0.0 0.0 0.0 0.0 0.0 0.0 0.0 0.0 0.0 0.0 0.0 0.0 0.0 0.0 0.0 0.0 0.0 0.0 0.0 0.0 0.0 0.0 0.0 0.0 31412.275157099793 0.0 31383.986860922 219714.53367295593 219671.63477603602 31296.053909984592 0.0 0.0 0.0 0.0 0.0 0.0 0.0 79698.06104794648 0.0 0.0 0.0 0.0 0.0 0.0 565661.0693944423 0.0 0.0 0.0 0.0 81307.22250013216
99288.44663467421 0.0 603981.3003976031 1073768.2878781976 738850.9197500912 604508.4518354114 671637.534875358 471381.83750542416 267278.4630264294 263013.04687101254 66505.9385163681 0.0 0.0 0.0 0.0 0.0 0.0 0.0 0.0 0.0 0.0 0.0 0.0 0.0 0.0 0.0 0.0 0.0 0.0 0.0 0.0 0.0 0.0 0.0 0.0 64254.566116071976 192849.83544469404 160697.11453621095 578744.9645 192887.38671380503 0.0 0.0 0.0 0.0 0.0 0.0 0.0 0.0 0.0 0.0 0.0 0.0 0.0 0.0 0.0 408153.0194375047 163962.9963032474 81927.7798281312 82271.78207553521 220482.33138672065 715773.885405475
398521.1731466835 448188.0153319391 1681334.9999966202 1748178.4146743007 1548373.9481277717 1279496.092529546 941835.539185544 605241.9120660289 469495.39224624285 335062.2013278507 0.0 66782.78548571226 0.0 0.0 0.0 0.0 0.0 0.0 0.0 0.0 0.0 0.0 0.0 0.0 0.0 0.0 0.0 0.0 0.0 0.0 0.0 0.0 0.0 160554.22472833598 354334.6613726879 450800.34420391987 612281.8230692099 579805.1305935001 450839.47729029995 161018.053386927 0.0 0.0 0.0 80306.6104599087 80321.9125317215 0.0 241368.11157738033 0.0 0.0 0.0 0.0 80923.91038548577 81162.36846313416 0.0 81946.05198633787 81772.09897672938 82244.80082224039 82104.90442098031 82306.5571812813 494559.99906648416 827167.5114839589
1186484.9148293305 1289728.3284029593 1729759.5667394828 1660547.4344886616 1732578.6438698843 1802139.9593340196 1515349.6558549842 1652897.6482080529 1789537.6037230287 1372755.1018386707 1161529.1478233458 888561.7879785812 407612.9574584549 0.0 0.0 0.0 0.0 0.0 0.0 0.0 0.0 0.0 0.0 0.0 0.0 0.0 0.0 0.0 0.0 0.0 98855.95922454813 329348.5719030164 165478.695687189 297913.00661887624 797076.9307692731 797606.818921933 898754.8105648337 865367.1702709161 766244.7909130543 666439.2083322932 464732.7055064535 165850.18689042178 162855.27726331202 162554.77343472588 0.0 81425.881944303 244583.7060851229 244616.67769843794 163443.5444749412 0.0 0.0 81920.0454227255 82477.9846196018 82410.66624445425 83259.11299270857 166483.59939415823 334453.2443745872 83621.7905748942 474782.3443830912 1184434.9028237634 1264140.3053357508
1936459.7962973071 2004902.324818368 1525852.372536405 1525825.3546054503 1806832.3889578031 1806431.807508545 1863359.4495779155 2001704.7935915077 1996007.446278384 1857779.033163703 1643457.8340982692 1506278.8247103924 1089303.8358397707 340608.88833238464 474936.3124820851 814351.6268048063 270745.43823348463 473804.6794506577 202676.8763680273 67568.03490029357 67420.28210807871 134866.93440315645 98669.74197317421 131559.9892967866 98524.56224859861 65644.42522284033 163874.1236812682 393296.9365969517 361236.7918016333 394089.06756914617 330234.6679968833 528186.8803501409 729977.2763089593 729869.3216930255 932271.0608043973 1031930.3913353835 1000972.7155385055 1001035.5855135326 968283.1968563325 967892.6421556845 2270976.098455091 2331409.578620784 1007703.1709901057 489768.58698954294 163255.8308386748 489735.97595514776 980108.194131345 571693.3740527399 81754.57368215357 81820.21584832005 82216.97462973921 246585.30700411543 248061.1825194268 578830.607901671 417156.3858485634 250042.470031052 502198.57350457925 251180.34441967634 668107.8667234385 6319687.545938855 3070968.1931543862
2414253.399848464 2343322.8147559986 2124043.9666495603 2070437.6640915954 2200659.9485279555 2169363.646016174 1875491.2483129539 2199971.8504225463 2384104.897362318 2192185.684849646 1805332.873713524 1826456.882264641 1467709.495697596 1467685.7006010758 1391132.512789948 1530310.2396488432 1177477.0336260302 1315979.8034098316 1172763.8181935954 1241983.5054830946 1101224.0063924845 583261.0619419713 853893.7955050054 990084.5660121269 951524.3054806623 849651.6445391066 778906.3163313288 744938.0337372152 644946.5252453052 814507.2243349114 922791.8975775093 854394.0764286527 929944.8352061724 964132.8983260589 969174.6529057589 1077354.978272344 1080151.576173163 1010463.0139294597 1095831.9018160887 3129595.6478581615 2796876.1934049614 2788523.5399269136 2411113.543865543 1640422.653632301 1136788.5644187452 1327189.5957451742 912890.5875751851 497745.9405202237 249761.82336622127 416332.33607670036 585143.3720242351 585052.10349371 1769071.5293057496 1600039.7766235704 1196405.916774719 769358.9974864861 1374593.3248466314 1288182.7503103693 1493952.677690214 5252149.313022088 6706259.369874662
2558462.478925011 2691285.5797089227 2760468.7187811295 2842492.2365133353 2310336.467226835 2708408.928936977 2757808.335039486 2889951.719477048 2447315.8029262796 2976032.6853329074 2102979.244531491 3016526.7804362597 2288624.929839315 1931616.565081615 1673197.284893169 1812229.3266540654 1665929.6740453057 1527064.5021023033 1451967.6596203032 1728207.2394618988 965255.5481487848 721223.8340846067 1060631.9633770385 1026711.1591817047 1055135.4776926981 1055750.5484919753 1052020.7464497453 984118.9906583591 1020294.8230230645 1020318.3424023688 1061765.1257249233 1062135.2182471715 1070032.6161935613 1069898.1777003612 1035805.2571321665 1079976.542507051 1077986.6899928632 1082488.025028457 931311.3241090989 2922666.0706835035 2926714.2502745613 2697744.576693207 2327830.7988568833 2615976.703916058 2094538.0573865334 2009560.5227578664 1414481.8870536517 1722606.1577801853 2125684.9549741363 2036147.2506747097 1992729.8898089463 2499808.2444999274 2682321.6210341016 2735181.5255888933 2563862.9352592668 679575.3257422969 516102.15712444065 2643676.448405022 2638873.52115973 6873483.424655519 6659138.950330321
3138289.430018371 3070032.3293759366 2570375.848127052 2027734.329173687 3762739.1427984014 3739416.38503981 2757532.0178051284 3115997.779844381 3315655.3454827294 3332664.4183344906 3241840.28387833 2386117.5287980866 2673842.2842795905 2445384.423540339 1932441.004789087 2098504.627909258 2005110.5832926081 1862423.1072625257 2081387.6828564415 2426721.632884104 1571902.9121044409 -9999.0 975314.3425889327 1144589.2103141015 1195352.0327143967 1108182.3285020273 1100616.768830643 1100194.1923322226 1104108.0836419705 1103980.6675997446 1085982.5785652273 1113737.0672153244 1124320.9462304483 1153559.5072515626 1140608.6831883173 1116812.507855169 1109286.9752268558 1028163.5407918068 4327803.976879682 2481839.160515167 2804001.94897094 2583739.484227351 3952453.443531057 2638236.5339635294 2655296.823344862 2634626.3101864606 2570858.1146768946 2546828.5313700642 2627345.4668078395 2777508.4149554884 2812038.147763774 2845829.4035676327 2702951.099600278 2914499.8551135994 2869613.828067422 2288481.6495602187 2310275.9604281522 3047194.7223401945 3252292.123083718 6637799.942923512 3428585.7348544765
3676690.75993195 3343874.3872184707 3005728.2298302837 2361060.7254333636 3121282.4258543905 3612567.830024764 3089545.69550368 3135336.8977923384 3895381.4401896456 3204993.4597569723 3493449.084412763 3044083.3579126205 2833470.638827392 3303152.590695832 4321990.715781685 4729377.240767857 5067376.841572506 4135711.133418612 2757946.2005128814 4836058.004825352 4004556.5617549885 1276738.6912972322 -9999.0 -9999.0 819260.0011563017 1067395.2190018548 1029425.8114659754 1031269.6475966163 984687.4916121904 977614.7704584245 1014803.8798427237 934140.1101724659 1023162.7449547881 1023154.2603336708 1005834.3430150812 873066.9736762065 1059246.7831549202 3460494.6106642326 5176705.971461831 5182429.318400605 4578422.517109906 4147393.2061302047 3741762.1682164315 2214446.8128785975 2810523.4062874625 3011522.8788908375 2803100.78993982 2625616.635439094 2815509.4611141486 3068861.915378278 2920376.384683118 2864623.3114876663 3049496.113878906 3120505.291223049 3087587.4885621117 3085932.6010206193 3195053.670592129 3158630.346582925 3229590.2327241525 3236191.8725779112 5934647.341963831
4153176.198386074 4018145.0432407614 3134022.9433077816 3072270.1476169284 1337737.8304039612 1290792.1522594728 1449167.493172817 1340093.0444053877 1506262.1452112952 1101938.1858236343 1445310.6382586919 3014032.3994179517 3575617.3849537224 3767860.5850316714 4133861.1806210186 4341434.624514468 4062056.784298187 4115629.961507784 4612250.447365105 4240942.272808395 3794473.8144685123 2485953.2153179403 417287.6173960471 606997.5481487662 877118.2829115894 1023422.7881965437 873897.4790037903 825826.3851188808 732992.5860975059 820683.0197060728 894112.9661846878 863397.0270073311 824280.6278777723 894738.9505879302 877536.4590360401 761870.090898647 905544.4260543254 854177.39465599 4776247.429409618 3682634.597929973 3267090.8347596508 4041804.153602939 4273669.355743434 2341236.191938867 2862403.3663725937 3005641.604648929 2939411.758254119 2621519.8430103743 2721066.934223639 2904676.7301874477 3088022.2984711155 3179826.5187042486 3232238.479602443 3233419.003805341 3113400.2334911088 2844308.0349167893 4791884.598279282 4752402.3759416025 2606534.833171999 3251053.815508373 3861827.7523322525
48618011.15941451 2974568.7931706645 3586062.059469329 1624140.8487353763 1476176.3802335327 1981952.9682094492 1933297.6800062805 1238765.6561543718 1177588.5437316122 855312.98239535 1047689.5005070074 613993.4520873111 389164.0536751561 3579185.2991563547 3821125.3158775344 3606188.1420945376 3013082.795974195 2804095.8152825665 2592927.1383116264 2969933.206782371 3338909.3370124456 4081322.0311000124 1906831.58670835 2364512.047191792 937950.1932159797 795976.7397727496 770338.352056982 747552.1068208572 3348996.4032664383 3395513.81081051 802907.5716110198 3902659.605764635 852678.0983329732 955259.1799695278 979890.3132430413 939945.7724503502 884789.102269744 861088.3178224065 3877839.8991739433 5430008.324715825 4653617.408140866 4933979.419580443 4660044.583787074 2494356.407426606 3123690.781859315 2959438.0893347394 3051895.6159456344 2908760.313377375 2910723.7663809014 3107026.8105451902 2689679.938726806 3208851.3096016645 3200548.1966341343 3207144.519241873 4582269.284715261 2912334.4708860572 5266227.469370196 3229256.6690820204 2565024.1539885914 2343712.5418958133 1657440.238176654
3703571.119624789 1114727.9415190294 1790044.9432497108 1488955.4077099105 2044648.5972624235 2490120.28530667 1798331.6805280065 1915663.4477433227 1328918.689829385 1045066.8004125049 1105263.5990413297 922098.6887159813 914748.4930182854 1059949.6276402269 1020010.4661534633 1014552.6802189257 871835.5540156309 634406.8771130121 376993.1802346958 614919.7816422521 2666780.3877400123 3139714.729189316 3942292.168588886 2003682.2451620828 963513.4626842868 882410.8603228317 5354254.621111624 5207123.383551162 4546530.821265316 925403.7307436648 4291619.347617423 877593.2384975301 1098808.830060551 988510.1690419903 1018894.0681451373 1087508.482219359 1075903.7666219594 1025101.7509719068 962149.1740250844 2447575.081460556 4479931.73311515 6291955.610291101 3281453.7562284535 3197394.584455928 4307199.159379646 3225493.1405936014 2565588.4899917543 3294480.8122926494 2910914.944542692 3328007.051794423 3197620.7772970498 3194261.024277036 3163136.4271130012 3225974.084598777 3496350.210542297 5189392.631158866 4283613.221885577 5803320.516136153 5860083.192039223 3620249.976918062 1803587.6377579244
1424373.6936548618 1912190.9402507702 1742582.8480878472 1744799.7430759259 1419760.8162149787 1413264.6505843475 1505848.9739301903 1993125.7910272777 1254418.2346708607 1007746.318734087 993758.4465691987 1097283.319028562 1182656.62521464 901720.3617600985 1225992.2340376144 1375385.4299151367 1091512.8517330084 1461663.5923726596 917004.2454927163 1191277.0274983263 1871670.723467892 1074611.1950224992 6054081.032010853 1622278.8953734739 4190197.4069957603 880139.1481730463 5329351.533537786 5330965.858203594 982889.5035053501 976618.0946188895 873352.6189294751 1002030.9646119983 1073332.3724746322 969980.4317448623 911346.6350945071 889482.2451615548 1009654.3733695261 1128346.8297171746 1042727.0310689653 983020.9608492758 4514522.877746424 6508213.523075543 3305551.7665726477 3217376.831244773 5269635.158300858 3389226.49047054 3400588.9461066434 3400551.4695861507 3365290.498189331 2358490.1954165753 3297035.747182986 5860472.901275773 3011942.038377992 5837387.908175208 2884596.238497015 2890363.912159022 5336971.411975382 3266982.2628700547 3324253.9498978984 6397174.236225389 6398381.230471738
660858.2686044711 3611783.1547494307 2471796.1754607875 2023726.433166666 2034375.742662739 1797391.189052946 1849475.4864740996 1965281.840526618 1846804.118361719 1621291.5858811475 1422424.072933714 1865498.6420403412 1943770.752701101 1688100.2501411885 2142216.7780639455 2164899.245842688 1706491.7063772213 1745728.8431418668 2184862.388454221 2536347.3265757505 2253021.6342810355 917542.7276303107 4699062.389983946 6885139.254035305 1107083.7267290698 1200133.9642416714 972986.8635990703 5219022.032574089 1007222.0676520932 984880.6901763594 1000959.7147832471 1027588.6752521517 1139467.0054477216 651556.8625166924 967130.9747335501 1038993.7252783179 1039737.5857467297 837368.1063208682 3108352.574968503 3907181.7025299743 5054358.073189737 3326374.56612332 6742741.371308716 6514661.9255063925 4217722.963013839 6446066.044977488 6738242.83554112 4167369.0114656966 3417402.4918758553 6761715.212451592 3451394.286519438 3321926.015633544 3403666.8346432317 3197633.3889342323 4683578.054048719 2877724.3529286105 3292277.814657852 3518468.4845738374 3571536.519179506 3464811.9282347076 3806147.900129106
1401681.756514295 1977294.5982975056 1550162.5998457978 1686573.658045167 1770509.169274766 2105747.1511938265 1796115.2029254707 1674197.4260223638 2225622.3735906743 1607127.536713332 2016568.8762879865 1593664.1472628694 1856076.5468242737 1794754.1697595054 1707836.3149176864 1701624.0942259934 1232087.2213617526 2026346.585134687 2065220.8284191564 2122907.287615426 1225319.7858302575 602846.7355297683 5709660.442034936 4581081.59406662 10455935.048853662 1249196.5267407633 1044837.7385734245 1193716.0294135008 1101818.2075915588 1159099.1788428603 1164284.6099450951 1027641.8813808439 997690.1387432246 1004720.4634920433 1029489.1124224323 1019575.6594404737 939213.1348441783 1551010.151087055 2870082.588454758 3121686.4483164866 3097713.680480684 3116480.930838286 4007418.2105880063 3179653.557148792 4066680.320218127 3210608.9025732577 3250951.2753363736 3344448.288724104 3363916.594478786 6660641.803964738 2643569.6563045755 3369701.661724031 3403655.617394002 3371886.7934104316 3045591.142728593 3164045.978840776 3503698.418426538 2506317.225154889 3516126.102402076 3773797.5283494648 3901781.695639193
1422510.3016763357 3118465.8721046 3382609.8899842557 2488703.160233057 2494391.045919122 2174836.6185212797 2120208.967611838 1896363.7513728905 1802032.39997584 1849768.0069229687 2065784.7995013054 2011333.7828948675 2045009.6049274094 1899269.7675299402 1346878.790004447 1366299.3921269262 1469333.690699758 2055549.3119434323 1882430.1409651078 1839966.3546605064 6645531.378607228 5817911.952335769 5201098.680177359 1059908.1009253664 5815826.553082153 1366297.320583051 1299964.2746473309 1213135.2957097725 1148115.351979123 1193251.4298946336 1143185.1600039722 4629149.875947587 1067273.7505080393 1121407.9094048813 1141616.9001393495 974681.3910164991 1261265.4951309687 1020199.4116446269 1071444.164755735 1002688.5455591944 1019109.2577270069 3866399.206725804 1103374.0083999722 0.0 1101830.8138468745 3231118.679236844 3322660.938201068 3280955.432873873 2702620.6828265656 3372074.972680429 3403086.6668231804 3384521.5759099387 3446747.4358948413 3429488.8284091465 3031272.419844754 3171028.771415498 3521610.0223645754 3555332.825472513 3097226.732031703 3735086.490137253 3683549.7622935697
1600789.6706661526 2724755.1278607175 2787877.182262834 3071363.0600584745 3437456.8187422995 2784826.1218606085 2146771.7535836436 2627842.920628201 2022115.548420175 2364799.054386235 2510375.0915982537 1812742.7029337836 1512462.2375035398 2349408.256407775 2433794.5359770134 1754325.3813636769 1867197.5959696267 1729700.4446354816 1764933.3346040342 1608178.5277892202 4784271.6085489895 6153529.065583402 1595718.2230670974 1104322.4638210814 1332157.1483909637 5958299.495660957 1283056.0190843232 1208878.6864544451 1185592.934400429 950080.5920353336 1036794.60937365 1145180.9274077425 1323046.92756252 1023026.749489808 898638.0959597407 1222936.4735688306 0.0 953283.0784321055 954388.1845643604 898878.9942959943 420504.98804702517 2215872.6289254734 2578234.2923363782 2207936.691531686 2574962.9342865935 3320127.798977986 3167190.3378917426 3396247.2928470224 3362815.8003369626 3472576.320978351 3443250.7309987545 2756603.4127241503 3358847.3590296283 3222741.9149968047 1352807.378004915 3268050.483075302 3226020.472940786 3218718.5582980625 3219177.7261939626 2802440.592099783 3546677.196548417
