critload/trunk/output/1999/nbud_ag.asc
ncols 720
nrows 360
xllcorner -180.0
yllcorner -90.0
cellsize 0.5
NODATA_value -9999.0
[rows 135 to 161 of 360, columns 360 to 419 of 720]
-9999.0 -9999.0 -9999.0 -9999.0 -9999.0 -9999.0 -9999.0 -9999.0 -9999.0 -9999.0 -9999.0 -9999.0 -9999.0 -9999.0 -9999.0 -9999.0 -9999.0 -9999.0 -9999.0 -9999.0 -9999.0 -9999.0 -9999.0 -9999.0 -9999.0 -9999.0 -9999.0 -9999.0 -9999.0 -9999.0 -9999.0 -9999.0 -9999.0 -9999.0 -9999.0 -9999.0 -9999.0 63713.16598422869 128101.081441883 -9999.0 -9999.0 -9999.0 -9999.0 -9999.0 -9999.0 -9999.0 -9999.0 -9999.0 -9999.0 32872.75757037634 -9999.0 -9999.0 -9999.0 -9999.0 -9999.0 -9999.0 -9999.0 -9999.0 -9999.0 -9999.0
-9999.0 -9999.0 -9999.0 16542.412726483744 16615.521814785978 16603.435042531484 -9999.0 16574.4649668111 16549.572983162994 -9999.0 -9999.0 -9999.0 32928.15529050678 -9999.0 -9999.0 -9999.0 -9999.0 -9999.0 -9999.0 -9999.0 -9999.0 -9999.0 -9999.0 -9999.0 -9999.0 -9999.0 -9999.0 -9999.0 -9999.0 -9999.0 -9999.0 -9999.0 -9999.0 -9999.0 -9999.0 -9999.0 -9999.0 -9999.0 88472.26470639894 -9999.0 -9999.0 -9999.0 -9999.0 -9999.0 -9999.0 -9999.0 -9999.0 -9999.0 -9999.0 -9999.0 -9999.0 -9999.0 -9999.0 -9999.0 -9999.0 -9999.0 -9999.0 -9999.0 -9999.0 -9999.0
-9999.0 -9999.0 -9999.0 -9999.0 -9999.0 -9999.0 -9999.0 -9999.0 -9999.0 -9999.0 16597.458585394794 16644.40123996054 -9999.0 16543.425281548443 -9999.0 -9999.0 -9999.0 -9999.0 -9999.0 -9999.0 -9999.0 -9999.0 -9999.0 -9999.0 -9999.0 -9999.0 -9999.0 -9999.0 -9999.0 -9999.0 -9999.0 -9999.0 -9999.0 -9999.0 -9999.0 -9999.0 -9999.0 -9999.0 -9999.0 -9999.0 -9999.0 -9999.0 -9999.0 -9999.0 -9999.0 -9999.0 -9999.0 -9999.0 -9999.0 -9999.0 -9999.0 -9999.0 -9999.0 -9999.0 -9999.0 -9999.0 -9999.0 -9999.0 -9999.0 -9999.0
-9999.0 -9999.0 -9999.0 50735.06132449972 270204.9878346239 33793.006834350046 -9999.0 16850.68988148326 67073.60883826588 33513.708026319364 50101.81406026454 50055.16795982041 16603.50158282293 16648.716466319216 -9999.0 -9999.0 -9999.0 -9999.0 -9999.0 -9999.0 -9999.0 -9999.0 -9999.0 -9999.0 -9999.0 -9999.0 -9999.0 -9999.0 -9999.0 -9999.0 -9999.0 -9999.0 -9999.0 -9999.0 -9999.0 -9999.0 -9999.0 -9999.0 -9999.0 -9999.0 -9999.0 -9999.0 -9999.0 -9999.0 -9999.0 -9999.0 -9999.0 -9999.0 -9999.0 33251.90348417648 -9999.0 -9999.0 -9999.0 -9999.0 -9999.0 -9999.0 -9999.0 -9999.0 -9999.0 -9999.0
-9999.0 -9999.0 -9999.0 93111.74396182448 287051.0938636847 186341.4552979314 33719.84488391383 -9999.0 16829.399698388377 -9999.0 16733.96105649702 50301.86186262476 33343.71552571772 16633.21500298009 -9999.0 -9999.0 -9999.0 -9999.0 -9999.0 -9999.0 -9999.0 -9999.0 -9999.0 -9999.0 -9999.0 -9999.0 -9999.0 -9999.0 -9999.0 -9999.0 -9999.0 -9999.0 -9999.0 -9999.0 -9999.0 -9999.0 -9999.0 -9999.0 -9999.0 -9999.0 -9999.0 -9999.0 -9999.0 -9999.0 -9999.0 -9999.0 -9999.0 16613.956811933742 -9999.0 -9999.0 -9999.0 -9999.0 -9999.0 -9999.0 -9999.0 -9999.0 -9999.0 -9999.0 -9999.0 -9999.0
-9999.0 93387.38325458052 93954.71926484906 46918.81023821584 -9999.0 46875.69255109214 102449.87965198435 119906.73844894062 221374.7658534086 221314.19195579953 67597.20111170196 33789.13572367195 -9999.0 -9999.0 -9999.0 -9999.0 -9999.0 -9999.0 -9999.0 -9999.0 -9999.0 -9999.0 -9999.0 -9999.0 -9999.0 -9999.0 -9999.0 -9999.0 -9999.0 -9999.0 -9999.0 -9999.0 -9999.0 -9999.0 -9999.0 -9999.0 -9999.0 -9999.0 -9999.0 -9999.0 -9999.0 -9999.0 -9999.0 -9999.0 -9999.0 -9999.0 -9999.0 -9999.0 -9999.0 -9999.0 -9999.0 -9999.0 -9999.0 -9999.0 -9999.0 -9999.0 -9999.0 -9999.0 -9999.0 -9999.0
-9999.0 47038.19152658987 47086.65829147215 -9999.0 -9999.0 -9999.0 68545.08977624879 137358.81829643348 51125.34890041228 17002.483085457083 -9999.0 -9999.0 -9999.0 -9999.0 -9999.0 -9999.0 -9999.0 -9999.0 -9999.0 -9999.0 -9999.0 -9999.0 -9999.0 -9999.0 -9999.0 -9999.0 -9999.0 -9999.0 -9999.0 -9999.0 -9999.0 -9999.0 -9999.0 -9999.0 -9999.0 -9999.0 -9999.0 -9999.0 -9999.0 -9999.0 -9999.0 -9999.0 -9999.0 -9999.0 -9999.0 151759.6927612996 60942.34258237023 -9999.0 -9999.0 -9999.0 -9999.0 -9999.0 -9999.0 -9999.0 -9999.0 -9999.0 -9999.0 -9999.0 -9999.0 -9999.0
-9999.0 47668.661007971576 95500.56893529522 47738.62974726045 47689.89674555103 -9999.0 -9999.0 -9999.0 -9999.0 -9999.0 -9999.0 -9999.0 -9999.0 -9999.0 65151.26555631106 128715.16649882062 -9999.0 -9999.0 -9999.0 -9999.0 -9999.0 -9999.0 -9999.0 -9999.0 -9999.0 -9999.0 -9999.0 -9999.0 -9999.0 -9999.0 -9999.0 -9999.0 -9999.0 -9999.0 -9999.0 -9999.0 -9999.0 -9999.0 -9999.0 -9999.0 -9999.0 -9999.0 -9999.0 -9999.0 61466.41145989609 30733.15573003565 92303.68907585199 -9999.0 78306.18852859337 78267.40850201758 78350.55252160807 78310.83470919941 -9999.0 -9999.0 -9999.0 -9999.0 -9999.0 -9999.0 -9999.0 -9999.0
-9999.0 141886.6783991859 215863.22238819394 191371.90283767798 95587.51249145836 -9999.0 -9999.0 -9999.0 -9999.0 -9999.0 -9999.0 -9999.0 -9999.0 -9999.0 64592.06516219898 129201.29051509628 -9999.0 -9999.0 -9999.0 -9999.0 -9999.0 -9999.0 -9999.0 -9999.0 -9999.0 -9999.0 -9999.0 -9999.0 -9999.0 -9999.0 -9999.0 -9999.0 -9999.0 -9999.0 -9999.0 -9999.0 -9999.0 -9999.0 -9999.0 -9999.0 -9999.0 -9999.0 -9999.0 -9999.0 -9999.0 61526.069165095614 30787.680581693225 -9999.0 -9999.0 -9999.0 -9999.0 -9999.0 -9999.0 -9999.0 -9999.0 -9999.0 -9999.0 -9999.0 -9999.0 -9999.0
-9999.0 95474.78452905372 95703.31654657499 48003.12338095019 48435.46647086617 -9999.0 -9999.0 -9999.0 -9999.0 -9999.0 -9999.0 -9999.0 65480.34902079945 130929.22591791544 392171.5075327393 199067.4868746269 -9999.0 -9999.0 -9999.0 -9999.0 -9999.0 -9999.0 -9999.0 -9999.0 -9999.0 -9999.0 -9999.0 -9999.0 -9999.0 -9999.0 -9999.0 -9999.0 -9999.0 -9999.0 -9999.0 -9999.0 -9999.0 -9999.0 -9999.0 -9999.0 -9999.0 -9999.0 -9999.0 -9999.0 -9999.0 -9999.0 -9999.0 -9999.0 -9999.0 -9999.0 -9999.0 -9999.0 -9999.0 -9999.0 -9999.0 -9999.0 -9999.0 -9999.0 -9999.0 -9999.0
-9999.0 -9999.0 48712.45633138373 -9999.0 -9999.0 48592.077534997356 -9999.0 -9999.0 -9999.0 -9999.0 -9999.0 196846.70493122027 656718.5531227929 328899.3018449694 327661.6423925697 198154.5477887313 65737.27623144044 -9999.0 -9999.0 -9999.0 -9999.0 -9999.0 -9999.0 -9999.0 -9999.0 -9999.0 -9999.0 -9999.0 -9999.0 -9999.0 -9999.0 -9999.0 -9999.0 -9999.0 -9999.0 -9999.0 -9999.0 -9999.0 -9999.0 -9999.0 -9999.0 31412.27515708124 -9999.0 31383.98686099499 219714.53367262724 219671.63477672002 31296.053909971022 -9999.0 -9999.0 -9999.0 -9999.0 -9999.0 -9999.0 -9999.0 79698.0610480989 -9999.0 -9999.0 -9999.0 -9999.0 -9999.0
49901.32539861502 149683.00164794212 248678.1338848705 149228.2870257669 49600.31489356092 149062.56403464277 99288.44663465151 -9999.0 603981.3003961572 1073768.2878667375 738850.9197534584 604508.4518329268 671635.0584233114 471381.991209042 267278.4630268205 263012.0937425337 66505.93851662592 -9999.0 -9999.0 -9999.0 -9999.0 -9999.0 -9999.0 -9999.0 -9999.0 -9999.0 -9999.0 -9999.0 -9999.0 -9999.0 -9999.0 -9999.0 -9999.0 -9999.0 -9999.0 -9999.0 -9999.0 -9999.0 -9999.0 -9999.0 -9999.0 64254.56611611271 192849.83544467523 160697.1145355928 578744.9645003986 192887.38671340462 -9999.0 -9999.0 -9999.0 -9999.0 -9999.0 -9999.0 -9999.0 -9999.0 -9999.0 -9999.0 -9999.0 -9999.0 -9999.0 -9999.0
599750.874872983 799654.8486578979 897181.2176283796 498652.8999348979 697157.5691356079 248737.6937959931 398521.1731462794 448188.01533175993 1681334.999996889 1748178.4146654708 1548373.9481295655 1279496.0925186262 941835.5391909506 605241.9120656622 469496.16092343896 335062.20132785547 -9999.0 66782.78548570939 -9999.0 -9999.0 -9999.0 -9999.0 -9999.0 -9999.0 -9999.0 -9999.0 -9999.0 -9999.0 -9999.0 -9999.0 -9999.0 -9999.0 -9999.0 -9999.0 -9999.0 -9999.0 -9999.0 -9999.0 -9999.0 160554.22472770896 354334.6613723696 450800.34420469997 612281.8230691745 579805.1305937094 450839.4772914668 161018.05338681315 -9999.0 -9999.0 -9999.0 80306.61046010544 80321.9125319435 -9999.0 241368.11157743697 -9999.0 -9999.0 -9999.0 -9999.0 80923.91038568784 81162.36846333311 -9999.0
975021.1460308915 1025453.3017077455 1229045.9806474824 1075716.3452560413 1079097.2002272538 513987.82383103657 1186484.9148310907 1289728.3283949532 1729759.5667290804 1660547.4344920865 1732578.6438572705 1802139.9593406743 1515349.6558519173 1652897.6482113367 1789531.7003499866 1372755.1018441832 1161529.1478231607 888561.7879659086 407612.957458063 -9999.0 -9999.0 -9999.0 -9999.0 -9999.0 -9999.0 -9999.0 -9999.0 -9999.0 -9999.0 -9999.0 -9999.0 -9999.0 -9999.0 -9999.0 -9999.0 -9999.0 98855.9592249036 329348.5719032971 165478.69568714435 297913.0066191759 797076.9307714303 797606.8189200026 898754.8105708146 865367.1702728334 766244.7909110002 666439.2083302364 464732.70550928044 165850.18689072964 162855.27726293233 162554.77343474503 -9999.0 81425.88194484563 244583.7060860374 244616.67769822298 163443.5444735008 -9999.0 -9999.0 81920.04542275425 82477.98461971915 82410.66624447476
1233942.2082819152 1179941.1252558632 1334939.5180497197 1671550.005086082 1424446.7349921 1793028.164158638 1936459.7962945197 2004902.3248221334 1525852.3725324054 1525825.3546105819 1806832.3889589412 1806431.8075051028 1863359.4495692658 2001704.793601057 1996000.1507894662 1857779.033161026 1643457.8340910785 1506278.8247043267 1089303.8358414348 340608.88833262096 474936.3124814847 814351.6268060768 270745.4382334889 473804.6794494933 202676.87636890193 67568.03490007625 67420.28210833496 134866.93440212624 98669.74197280506 131559.98929654688 98524.56224822951 65644.42522249717 163874.12368106464 393296.9365968312 361236.79180167173 394089.0675692926 330234.6679970141 528186.8803507725 729977.2763112446 729869.3216921403 932271.0608058141 1031930.3913387284 1000972.7155396049 1001035.5855118493 968283.1968539483 967892.6421602597 2270972.982456098 2331412.3161743167 1007704.8981919838 489768.5869892859 163255.8308380749 489735.9759559791 980108.1941340242 571693.3740519196 81754.57368191614 81820.21584787709 82216.97463007944 246585.30700358906 248061.18252032477 578830.607895996
1719522.2163909748 2404950.690295576 2375144.9396943813 1823778.713934835 2194476.312885504 1654443.1679204013 2414253.3998449836 2343322.8147591837 2124037.2648745137 2070432.1217833627 2200658.5755257523 2169359.504505684 1875487.2923652264 2199971.850417985 2384096.195803495 2192179.486863299 1805330.4241812183 1826450.2966018878 1467709.495686228 1467685.7006070428 1391132.5127827465 1530310.239638228 1177477.0336225373 1315979.8034104737 1172763.8181890426 1241983.5054784976 1101224.0063946778 583261.0619417795 853893.7955096709 990084.566019444 951524.3054847112 849651.64454214 778906.3163287239 744938.0337358692 644946.5252467315 814507.2243350006 922791.8975741523 854394.0764286753 929944.835198875 964132.8983298677 969173.7300530961 1077354.9782682988 1080151.57617165 1010463.0139273058 1095831.2038988168 3129587.6548590995 2796873.4521277007 2788522.467817964 2411118.695585516 1640419.5156440237 1136784.7851108029 1327189.5957381688 912890.5875760089 497745.94052005257 249761.82336507813 416332.3360779912 585143.3720235167 585052.1034920729 1769071.5293063708 1600039.7766138376
4188675.3353425395 2559071.409696025 2484852.0319160037 2468928.8508161157 2822825.6941292863 2538859.8754282948 2558462.4789239336 2691280.196420746 2760468.7307036137 2842489.773209665 2310329.065323651 2708405.53864587 2757810.8445141353 2889951.5867669825 2447315.8029322494 2976033.2731095096 2102971.6058030007 3016515.1207666053 2288618.1995131946 1931607.2810081667 1673197.2848820924 1812229.3266475168 1665929.6740334355 1527064.5020932527 1451967.6596204368 1728207.239452179 965255.54814712 721223.834082227 1060631.9633839505 1026711.1591821304 1055134.4240164596 1055750.548496049 1052020.7464520687 984118.9906575875 1020294.8230183558 1020318.342404342 1061765.1257245757 1062135.2182481268 1070032.6161910542 1069898.177702126 1035804.4182660342 1079975.7556997654 1077986.9627166884 1082488.025025919 931310.1623472285 2922668.378151932 2926720.7203477295 2697751.8133782744 2327828.288701715 2615970.845147306 2094541.0348413 2009556.3262188765 1414481.8870678758 1722604.3426311272 2125690.0127197006 2036151.544607738 1992724.206542355 2499807.0402522543 2682320.898079101 2735177.601946749
2530964.7646288974 2006033.3974969778 2724073.91729147 2560857.2270051045 2755664.7142612888 2758354.2247743495 3138284.2426101454 3070029.42958974 2570363.15899365 2027731.2724081893 3762735.6022212803 3739411.6206472907 2757524.8229637723 3115986.608868843 3315652.093347146 3332652.112310104 3241830.615690042 2386120.8914473234 2673829.332142733 2445386.9439431806 1932433.1184287714 2098494.2290319246 2005110.5832933811 1862423.107261933 2081383.3809704147 2426721.6328797583 1571900.638864182 -9999.0 975313.1087566204 1144589.1811743393 1195351.3410595395 1108182.132122696 1100615.3651295584 1100194.1923348308 1104108.0836405968 1103980.6676049097 1085981.7505074092 1113737.0672135637 1124320.946229592 1153558.7678553234 1140608.3831105134 1116811.5002800226 1109286.4351957357 1028162.8146076221 4327808.348110029 2481842.5176256653 2803998.152339896 2583740.837571214 3952450.8409381416 2638240.078834953 2655302.511429279 2634627.383633025 2570852.6758091217 2546828.531366666 2627347.925795342 2777510.2452483997 2812040.033738465 2845825.872281553 2702957.158454694 2914501.2854626076
816208.8620490881 1051692.9701891085 3018853.148227467 3114371.6787185213 2968166.36467064 3256528.579289606 3676690.3921420993 3343866.4317498356 3005732.342681241 2361063.513524793 3121272.4553849483 3612570.575131598 3089537.15833262 3135330.941115087 3895369.5998095507 3204990.3115058327 3493446.526939592 3044072.350187137 2833471.828768118 3303141.834971736 4321980.628810013 4729377.240765773 5067373.212710233 4135707.499447915 2757940.552656549 4836053.367392018 4004557.086901241 1276739.7934678518 -9999.0 -9999.0 819259.7353291805 1067394.806547416 1029424.7866710941 1031269.6475951662 984687.4916139054 977614.7704586138 1014803.879842587 934139.0467335335 1023161.306752474 1023152.9280291882 1005833.5186186065 873066.4007338581 1059246.5005597807 3460487.339102084 5176701.694042681 5182431.4756364245 4578416.076554563 4147393.0925411684 3741763.7803584496 2214447.5523237702 2810515.3720507855 3011528.822726436 2803107.6597486744 2625616.8060071534 2815515.409809513 3068863.6308416026 2920379.016698892 2864629.2008133084 3049495.386252341 3120512.879887211
1531756.3056558636 1157877.7029900716 2511950.9394034436 2964588.757345107 3989954.268386974 4037908.959156415 4153169.104897276 4018141.665248392 3134017.4620051766 3072269.624779498 1337734.4583087917 1290793.3157336488 1449171.9527542572 1340091.9346362446 1506275.5831826879 1101948.6116606295 1445315.9553038683 3014025.6638188474 3575621.061769929 3767863.564391804 4133863.2556648366 4341435.6891485965 4062062.6654627575 4115631.1806639014 4612241.445600561 4240942.272799431 3794473.3111370625 2485956.077028835 417286.3016097038 606997.6225799844 877118.2898242516 1023421.774316716 873897.4775126672 825826.3314177038 732992.2806255165 820682.2013120437 894112.2779094987 863396.9855188832 824279.7332911515 894737.9003070169 877536.5978968507 761869.7455873128 905543.7563103004 854176.3988072067 4776242.098962218 3682638.5513120126 3267092.98429739 4041803.9538359046 4273665.3209560085 2341236.191949708 2862395.595248284 3005647.7935059695 2939413.7651188625 2621515.134949158 2721065.2879433846 2904674.2393153654 3088030.8239929965 3179819.878855531 3232228.805833512 3233420.0657126233
1833421.7855207296 1577169.4691515518 1632400.9161703428 2459293.1734512895 933864.6497012714 1132346.9819273232 48618011.5093746 2974565.290788887 3586053.397997191 1624146.37742945 1476176.0586083643 1981961.0219438951 1933294.0625830088 1238763.5487334123 1177587.5609739982 855313.871325111 1047690.3605320211 613994.6262812084 389165.8113101758 3579188.6161403246 3821114.4306143597 3606183.6650350057 3013083.519436759 2804091.9083556607 2592935.674216275 2969928.5589831667 3338910.50362405 4081312.338067405 1906831.7329065017 2364511.335214923 937949.6489853251 795975.6860872335 770338.0446865587 747551.5252236363 3348996.549621445 3395511.1630794005 802907.770353674 3902651.492135966 852676.9719258999 955258.6906910567 979888.9114885973 939944.6436867341 884789.0593911968 861087.907873916 3877830.986080656 5430005.7872277675 4653611.7597500775 4933977.402921725 4660048.7442331435 2494361.2176636904 3123686.7876378167 2959431.53952578 3051890.341758498 2908757.480334048 2910723.5142373284 3107030.9635517523 2689678.2447392037 3208857.232985126 3200553.2132027308 3207142.107812317
1679743.8757277136 1504983.6322764475 1483553.1990521504 1732800.9715280877 449838.76046012214 232774.85675169725 3703565.391957856 1114728.4821099248 1790057.9648921331 1488956.47099898 2044649.2055556867 2490129.924508143 1798332.073593025 1915669.1060783546 1328920.9825126482 1045066.5152170835 1105263.8011430101 922098.7969188383 914749.8237287151 1059951.353429107 1020012.0869525168 1014552.380824836 871842.6753801014 634413.4567855424 376993.5920734443 614924.3644933663 2666784.810406564 3139716.3672851836 3942291.425000537 2003676.7714980491 963513.2069630516 882410.0692715151 5354246.27867081 5207117.207725069 4546531.400342824 925403.154609262 4291617.649715982 877592.1772348518 1098807.9847809738 988509.2622559993 1018893.1931583057 1087508.6583370576 1075903.4720927738 1025100.8815830215 962148.1808734755 2447577.662111209 4479931.961311007 6291950.459535644 3281457.1685137097 3197389.8485368304 4307201.951514534 3225495.3865066366 2565594.1673423788 3294489.8543458907 2910909.0107490234 3328009.3303055065 3197611.3793597994 3194265.7564196903 3163131.338214875 3225967.0706035513
1434036.954292737 1394946.9387686 1269318.7570572104 951289.801758067 3633560.0366035784 1392885.1616700143 1424371.1361630354 1912190.243366518 1742585.308482498 1744797.5685238168 1419751.5001823623 1413273.6654113363 1505841.541041023 1993128.1887382083 1254418.5752848377 1007745.6441531191 993758.7476313263 1097284.9271737626 1182658.1045458019 901721.9304635543 1225993.728437975 1375399.5924347471 1091513.3970853249 1461655.1008542394 917005.6121304296 1191280.4387537185 1871673.8251541555 1074607.7049401859 6054073.832355046 1622275.6137963263 4190198.3199126506 880137.8564239359 5329348.8501461595 5330956.761451157 982889.7776308861 976617.1455347221 873352.6625671112 1002030.1733414279 1073331.5191997546 969979.6053875023 911345.5420342842 889481.6202692781 1009653.2608159236 1128347.0142744258 1042726.4325706256 983020.4504727055 4514526.0285841115 6508204.376457373 3305547.9903705698 3217379.6639122777 5269629.26949836 3389231.066425046 3400584.4040779723 3400546.2525672605 3365296.498651333 2358491.7789769294 3297030.379525576 5860472.660515399 3011935.0751779573 5837392.426721707
2399154.7403199254 1971797.6865943419 867240.1374038593 522065.2887371676 867509.6292600662 2075826.9581820397 660857.7624541444 3611776.8826640593 2471793.6379506383 2023733.605366162 2034388.9824307123 1797386.8150125276 1849484.5270013688 1965281.0644481732 1846795.7748238593 1621292.0889495285 1422425.4145485302 1865489.4600301385 1943771.9591306318 1688101.4414204294 2142222.3323121425 2164898.398682487 1706487.3486768147 1745720.8365462543 2184868.217942968 2536351.328103454 2253014.32543803 917537.2390078614 4699057.881996036 6885138.133762298 1107083.1408802248 1200133.516367264 972985.9299482754 5219017.655135836 1007221.3586979392 984879.4335477413 1000959.2907615162 1027588.2214052533 1139466.4953329759 651556.6111223127 967131.2292082715 1038993.4041460757 1039737.2636601655 837367.2125419371 3108350.89902762 3907180.5699904617 5054358.952214289 3326372.4919396294 6742732.015984589 6514656.548619822 4217720.641099168 6446061.568276569 6738237.952386878 4167368.3958748505 3417403.2658035923 6761710.646623951 3451404.5794634437 3321927.2848058967 3403657.526500755 3197625.694956897
810675.9257752695 1478778.9477519542 1098039.667477323 511189.7379830845 664292.9011098498 933713.152648048 1401681.6743172249 1977293.4559216034 1550158.9184413878 1686581.9188085431 1770504.892064604 2105747.355359855 1796119.0796862617 1674192.0044847839 2225630.0269696023 1607127.9347371012 2016563.5298615051 1593664.9340820871 1856077.701470539 1794762.7257373016 1707830.260259021 1701634.4145207396 1232088.09790931 2026337.8855911521 2065217.553759479 2122912.0525043868 1225320.3681850508 602846.7477099411 5709653.179605409 4581074.894978188 10455932.378619313 1249195.8694799258 1044836.6337916991 1193715.2989339419 1101816.894454774 1159097.710395792 1164284.1422652681 1027640.9122562557 997689.1795161436 1004719.341836602 1029488.8460482913 1019575.3442062512 939212.5203680007 1551009.3383827684 2870084.236427375 3121687.128025635 3097714.571807307 3116482.2752322555 4007412.185952086 3179649.1542924307 4066678.362419688 3210605.973082276 3250942.2457848312 3344453.821530842 3363920.491497664 6660640.84637409 2643567.8995499024 3369693.7657782016 3403653.9853893956 3371888.323644829
830727.6221303279 2041611.0464991527 1572268.056330414 526693.5915462112 423056.0941481688 277677.00694663124 1422511.0469361884 3118469.919831575 3382605.9857177995 2488701.4507022146 2494391.610352597 2174842.7535331342 2120213.3507405445 1896357.6186183253 1802025.3112229612 1849762.9000266837 2065784.6947540697 2011334.982566773 2045013.9155305158 1899270.2943266965 1346886.0235501379 1366294.104406938 1469334.5066522034 2055560.6212794129 1882425.2499766434 1839967.9468862396 6645530.196019309 5817911.63165657 5201091.228567706 1059907.2645989023 5815823.235016309 1366296.756799064 1299964.2904627835 1213134.093379451 1148115.1524746236 1193250.232315049 1143183.817975915 4629145.0953327445 1067273.8358143992 1121407.7771602212 1141616.0068950243 974680.3717385558 1261261.1676069268 1020195.8419891889 1071444.204879258 1002688.5346794792 1019106.5871016649 3866392.5971190445 1103370.7739169132 -9999.0 1101830.8138356188 3231125.3514421713 3322659.024932849 3280960.8075005 2702613.059458173 3372067.911136356 3403083.1684144717 3384527.8750651423 3446743.8664962733 3429485.6060457295
1174761.930215286 656727.4380444954 1605109.261996882 264757.0547484576 264941.3060273186 501365.04241323785 1600791.4030504283 2724752.6339997426 2787880.077815204 3071367.959239589 3437451.2332805963 2784827.17050476 2146779.2086831136 2627837.2419219688 2022120.9095929964 2364808.6209785724 2510384.9301306894 1812737.7299415106 1512463.0745591968 2349414.103001857 2433805.748224276 1754331.7640305562 1867188.206280888 1729696.310983698 1764934.649524358 1608182.099264184 4784271.71399869 6153525.411712114 1595715.0864003291 1104322.5105897193 1332156.2893879064 5958292.159051522 1283054.5870232806 1208878.547566962 1185592.8542050314 950080.0181279257 1036794.2908640779 1145180.8780521671 1323046.7086022608 1023026.7494965699 898637.5730326588 1222936.4735731352 -9999.0 953281.7044326598 954386.6033599286 898877.2796440516 420504.48096437263 2215872.6289202594 2578232.848266598 2207936.691522037 2574962.93429453 3320131.898909786 3167183.974691665 3396255.1791068465 3362812.1313414257 3472580.2177183097 3443249.098494528 2756599.6569058998 3358849.11057116 3222738.9062908394
