critload/trunk/output/1999/nbud_nat.asc
ncols 720
nrows 360
xllcorner -180
yllcorner -90
cellsize 0.5
NODATA_value -1.0
[rows 60 to 89 of 360, columns 198 to 263 of 720]
-1.0 14723.26580481992 -1.0 -1.0 -1.0 -1.0 53888.34177763557 402274.35466574185 522736.3974132914 528800.8354749727 538848.8717360001 504770.871736 483211.91048900003 503571.91048900003 479882.961417 528943.961417 547961.001419 548988.001419 527902.050161 548563.050161 539442.050161 520478.050161 364810.9875782104 -1.0 -1.0 -1.0 -1.0 -1.0 -1.0 -1.0 -1.0 304700.25643979816 519253.090163 302045.04365580477 37735.112382502346 -1.0 -1.0 -1.0 -1.0 -1.0 -1.0 -1.0 -1.0 -1.0 -1.0 -1.0 -1.0 -1.0 -1.0 -1.0 -1.0 -1.0 -1.0 -1.0 -1.0 -1.0 -1.0 -1.0 -1.0 -1.0 -1.0 -1.0 -1.0 -1.0 -1.0 -1.0
-1.0 -1.0 -1.0 -1.0 -1.0 112467.87941713928 426365.1868940111 560923.036627 541344.036627 557875.036627 547881.542614 493195.54261400003 542196.036627 493526.03662699996 490348.542997 543727.542997 554191.038278 544394.038278 523306.542431 560875.542431 562293.542431 547590.542431 472929.16175348684 112323.90595677505 -1.0 -1.0 -1.0 -1.0 -1.0 -1.0 68796.58027739148 466251.2605403813 553949.037712 497414.037712 290344.0090068887 45374.41097488196 -1.0 -1.0 -1.0 -1.0 -1.0 -1.0 -1.0 -1.0 -1.0 -1.0 -1.0 -1.0 -1.0 -1.0 -1.0 -1.0 -1.0 -1.0 -1.0 -1.0 -1.0 -1.0 -1.0 -1.0 -1.0 -1.0 -1.0 -1.0 -1.0 -1.0
-1.0 -1.0 -1.0 -1.0 60097.939408789374 472328.59996808536 569800.563265 556018.563265 576196.4877780001 559602.4877780001 555309.4877780001 560666.4877780001 578650.4877780001 578176.4877780001 572322.563265 571423.563265 559560.563265 559111.563265 543293.631038 581657.631038 580085.697524 541027.481960192 356205.2455896377 438317.9176669978 448344.9176669978 120535.6922158201 -1.0 -1.0 55233.17089271848 275498.0762713666 373507.87417828804 538820.697524 573351.697524 571604.697524 549107.697524 383844.3568683801 47676.18589510788 -1.0 -1.0 -1.0 -1.0 -1.0 -1.0 -1.0 -1.0 -1.0 -1.0 -1.0 -1.0 -1.0 -1.0 -1.0 -1.0 -1.0 -1.0 -1.0 -1.0 -1.0 -1.0 -1.0 -1.0 -1.0 -1.0 -1.0 -1.0 -1.0
-1.0 -1.0 -1.0 -1.0 -1.0 31055.34166878118 232278.35918157292 506293.1488332535 590086.242804 574080.242804 586468.242804 544935.242804 597062.242804 596028.242804 591854.026629 595653.026629 596639.026629 597500.026629 595781.802629 595781.802629 591565.577324 588554.577324 588480.361149 583269.361149 550782.0774314005 326099.1564018481 229236.13106754096 251465.430306339 548639.1812892313 501179.577324 497856.577324 559705.577324 589417.577324 592526.577324 572264.577324 482811.42002283735 415935.771277945 27687.235617028204 -1.0 -1.0 -1.0 -1.0 -1.0 -1.0 -1.0 -1.0 -1.0 -1.0 -1.0 -1.0 -1.0 -1.0 -1.0 -1.0 -1.0 -1.0 -1.0 -1.0 -1.0 -1.0 -1.0 -1.0 -1.0 -1.0 -1.0 -1.0
-1.0 -1.0 -1.0 -1.0 -1.0 -1.0 -1.0 25741.932420598052 518835.00974928925 614807.379284 626552.771237 618836.771237 619656.771237 622309.771237 621986.997911 625069.997911 625069.997911 621862.997911 614022.609595 621594.609595 620046.228222 620418.228222 619842.836599 389773.6328967266 392987.65713034885 402206.83659900003 404643.83659900003 395663.83659900003 386882.228222 587722.228222 606686.228222 616511.228222 613426.836599 612527.836599 615608.4552269999 600889.4552269999 608567.4552269999 485456.64735847356 120251.01313354114 -1.0 -1.0 -1.0 -1.0 -1.0 -1.0 -1.0 -1.0 -1.0 -1.0 -1.0 -1.0 -1.0 -1.0 -1.0 -1.0 -1.0 -1.0 -1.0 -1.0 -1.0 -1.0 -1.0 -1.0 -1.0 -1.0 -1.0
-1.0 -1.0 -1.0 -1.0 -1.0 -1.0 -1.0 -1.0 162826.8490037067 634702.832609 636445.263442 603584.263442 578754.263442 624917.263442 631438.412503 629293.412503 630799.412503 630887.412503 629053.985357 631924.985357 630158.565251 623964.565251 412723.134753 409750.134753 395969.134753 394556.134753 405651.134753 411980.134753 393585.565251 395203.565251 613341.565251 617851.565251 622036.134753 613282.134753 595325.714647 621853.714647 595734.714647 504793.6212960478 335965.11137169146 42379.58318302731 -1.0 -1.0 -1.0 -1.0 -1.0 -1.0 -1.0 -1.0 -1.0 -1.0 -1.0 -1.0 -1.0 -1.0 -1.0 -1.0 -1.0 -1.0 -1.0 -1.0 -1.0 -1.0 -1.0 -1.0 -1.0 -1.0
-1.0 -1.0 28266.33681472797 13657.148116308956 -1.0 -1.0 -1.0 -1.0 -1.0 667365.5961140001 670912.2248259999 671950.2248259999 669770.903675 661877.903675 648475.5961140001 652665.5961140001 664783.2715660001 667328.2715660001 448163.95041399996 664657.950414 657425.639456 446234.639456 445409.639456 443727.639456 438212.316606 429515.316606 433589.316606 435393.316606 426578.316606 433642.316606 640119.007007 651088.007007 653327.685855 624585.685855 610370.0523870001 634565.0523870001 615040.0523870001 553116.0523870001 371474.6787997425 58993.58378454376 -1.0 -1.0 -1.0 -1.0 -1.0 -1.0 -1.0 -1.0 -1.0 -1.0 -1.0 -1.0 -1.0 -1.0 -1.0 -1.0 -1.0 -1.0 -1.0 -1.0 -1.0 -1.0 -1.0 -1.0 -1.0 -1.0
-1.0 -1.0 115995.27809986196 197951.298974808 95134.68268569245 -1.0 -1.0 -1.0 64930.69889543025 373574.370156 676733.528405 681627.528405 557533.442395 519139.442395 653426.370156 653826.370156 451789.28070400003 452996.28070400003 445546.194694 453581.194694 447914.11901200004 442254.11901200004 451367.11901200004 443891.11901200004 435520.031281 434911.031281 426204.031281 435652.031281 427538.031281 427081.031281 429297.956976 425875.956976 665148.870966 598364.870966 614325.707897 646277.707897 647114.707897 584487.707897 231562.3889442538 73380.36070530952 5465.429868169893 -1.0 -1.0 -1.0 -1.0 -1.0 -1.0 -1.0 -1.0 -1.0 -1.0 -1.0 -1.0 -1.0 -1.0 -1.0 -1.0 -1.0 -1.0 -1.0 -1.0 -1.0 -1.0 -1.0 -1.0 -1.0
-1.0 -1.0 57919.953708908695 24755.886432057534 -1.0 -1.0 -1.0 90673.07071028734 638553.8199814296 701163.784781 492303.488183 496393.488183 494592.488183 473505.488183 479795.488183 468508.488183 481098.784781 496389.784781 494969.070916 494486.070916 487330.653648 491070.653648 489359.95024599996 489554.95024599996 487882.236381 485501.236381 456915.536466 470790.536466 455949.819114 478119.819114 448350.115711 471292.115711 466754.701932 429601.701932 664555.998529 636645.998529 693771.281177 691759.281177 668133.567312 392076.64359413343 266465.4443804767 48939.45044977068 -1.0 -1.0 -1.0 -1.0 -1.0 -1.0 -1.0 -1.0 -1.0 -1.0 -1.0 -1.0 -1.0 -1.0 -1.0 -1.0 -1.0 -1.0 -1.0 -1.0 -1.0 -1.0 -1.0 -1.0
-1.0 -1.0 -1.0 -1.0 -1.0 65672.49529401418 299694.3160793154 488300.47992679174 493572.895045 492225.895045 505445.078626 500362.078626 500839.078626 488759.078626 487876.078626 460072.078626 418705.895045 476347.895045 487362.70086700004 491999.70086700004 494605.323108 494522.323108 492535.139526 495447.139526 494277.945349 494115.945349 492416.76529899996 490025.76529899996 488244.56759 489233.56759 488197.384008 488694.384008 470007.009781 430714.009781 447072.8262 684873.8262 683397.62849 480233.62849000003 476897.434312 469916.434312 452806.254263 232241.7632863016 156489.20885164058 100754.71474287433 -1.0 -1.0 -1.0 -1.0 -1.0 -1.0 -1.0 -1.0 -1.0 -1.0 -1.0 -1.0 -1.0 -1.0 -1.0 -1.0 -1.0 -1.0 -1.0 -1.0 -1.0 -1.0
-1.0 -1.0 57245.78871420059 308356.15845943196 429326.872584 482673.350868 521262.006114 528192.006114 548583.607846 548383.607846 547764.689972 520629.689972 537546.689972 531341.689972 540501.689972 525601.689972 521525.689972 545841.689972 545431.689972 543619.689972 524289.607846 517391.607846 457525.084664 467318.084664 537601.956176 539903.956176 535641.8955079999 535629.8955079999 515542.813381 499165.813381 521127.240261 523232.240261 506743.161711 493836.161711 504118.083161 513729.083161 511340.033222 511581.033222 509076.506465 489471.506465 510646.954672 499561.954672 434981.0711980834 503002.427915 336846.88776 291061.8523148 211971.61041845998 41203.8123472 -1.0 -1.0 -1.0 -1.0 -1.0 -1.0 -1.0 -1.0 -1.0 -1.0 -1.0 -1.0 -1.0 -1.0 -1.0 -1.0 -1.0 -1.0
-1.0 -1.0 -1.0 341583.5698425571 532633.575335 527705.575335 520003.209019 545471.209019 542015.397919 515592.397919 535399.871667 546041.871667 545529.871667 545780.871667 544223.871667 525486.871667 552350.871667 537227.871667 553691.871667 555018.871667 550802.397919 495672.397919 431722.679147 530750.679147 536722.767855 544873.767855 542156.31583 542553.31583 525725.842082 519271.842082 514068.682146 474324.682146 466717.21201799996 375211.21201799996 443866.741891 474794.741891 516176.300727 503687.300727 502418.57833399996 508317.57833399996 493667.830599 510910.830599 502918.108207 470969.108207 462318.374953 391197.6906252556 274468.73731097765 66956.69385349315 -1.0 -1.0 -1.0 -1.0 -1.0 -1.0 -1.0 -1.0 -1.0 -1.0 -1.0 -1.0 -1.0 -1.0 -1.0 -1.0 -1.0 -1.0
-1.0 -1.0 -1.0 37707.82128115856 576865.0128646812 594264.208367 582004.104764 511140.104764 518552.979176 595625.979176 519974.312618 514112.312618 573578.083103 610888.083103 614807.8645810001 564184.8645810001 618603.083103 622776.083103 613947.745998 611732.745998 610311.979176 606289.979176 595804.6420710001 606253.6420710001 589641.004502 599545.004502 590866.882254 591920.882254 581404.7819920001 576701.7819920001 561246.678065 481796.678065 491240.340959 516740.340959 495113.807317 534609.807317 539020.003854 553796.003854 561028.470211 561028.470211 540182.670413 517547.670413 373360.670413 415880.670413 509903.903591 556721.903591 549687.366285 333773.84938626 268699.51059795596 83080.40262822268 -1.0 -1.0 -1.0 -1.0 -1.0 -1.0 -1.0 -1.0 -1.0 -1.0 -1.0 -1.0 -1.0 -1.0 -1.0 -1.0
16432.367870248716 44661.04903705299 -1.0 15429.990113733787 517624.71899278223 591756.9938620001 592707.446233 604098.446233 590452.876357 619805.876357 614359.9433299999 629082.9433299999 624232.624906 622381.624906 631672.317605 630531.317605 626145.624906 629971.624906 617650.5542250001 612118.5542250001 605523.876357 623870.876357 616317.805677 609729.805677 601203.7013910001 587204.7013910001 593373.934304 597130.934304 562359.189463 579416.189463 579173.4409139999 569036.4409139999 547630.370233 573142.370233 572357.014497 565544.014497 566416.299553 562625.299553 557453.943816 560724.943816 559403.2325800001 517123.23258 553516.2325800001 559296.2325800001 553723.5547110001 560086.5547110001 559555.195268 549832.195268 556325.502569 767502.0202639967 250280.58446136536 -1.0 -1.0 -1.0 -1.0 -1.0 -1.0 -1.0 -1.0 -1.0 -1.0 -1.0 -1.0 -1.0 -1.0 -1.0
189009.46317186957 -1.0 -1.0 -1.0 341481.46918240166 670939.7153169999 664462.2370140001 673410.2370140001 677083.878287 665086.878287 705076.642886 705595.642886 709878.969149 712483.969149 706923.969149 709212.969149 706703.5308119999 708365.5308119999 702015.204549 695751.204549 665501.447452 690647.447452 685455.6903540001 679707.6903540001 667710.153654 666951.153654 654275.489876 658105.489876 634566.867358 592059.867358 618601.660671 594670.660671 605796.899823 614917.899823 623190.030651 622688.030651 622962.569809 623439.569809 616397.138974 618798.138974 606474.243547 618438.243547 613570.812712 604159.812712 606046.947291 607057.947291 605944.617277 607896.617277 598774.8564289999 764863.71878475 126017.14944381476 -1.0 -1.0 -1.0 -1.0 -1.0 -1.0 -1.0 -1.0 -1.0 -1.0 -1.0 -1.0 -1.0 -1.0 -1.0
-1.0 -1.0 -1.0 38261.71899569116 70917.60399617229 673692.767436 687527.133396 687389.133396 677820.407867 693794.407867 713269.594641 709261.594641 719636.7375660001 717901.7375660001 719420.7375660001 719699.7375660001 718312.6937180001 718649.6937180001 710264.550792 707961.550792 700418.371606 704315.371606 696300.192419 694234.192419 678683.811284 678296.811284 667718.514051 666688.514051 656829.25855 636946.8087525616 643336.0241340001 638501.0241340001 635682.841153 637071.841153 613996.761044 598910.761044 616583.694434 631038.694434 624140.658173 630384.658173 614329.551508 620026.551508 622198.5152469999 624844.5152469999 620846.438932 615570.438932 613797.292213 609768.292213 605948.1092320001 599467.1092320001 440926.16731063556 -1.0 -1.0 -1.0 -1.0 -1.0 -1.0 -1.0 -1.0 -1.0 -1.0 -1.0 -1.0 -1.0 -1.0 -1.0
474768.99924720655 -1.0 25510.300989894167 147385.75639216986 563951.8526324849 761352.4380409999 784719.490747 777857.490747 784094.038 790034.038 811029.558398 810755.558398 819035.0600149999 817140.0600149999 817402.0600149999 818903.0600149999 819192.0600149999 819864.0600149999 810209.0182159999 811023.0182159999 794304.4978179999 754627.4978179999 774844.483275 760795.483275 729872.943896 732213.7205825653 720143.4045170001 743266.4045170001 732013.397446 731953.397446 716005.3558479999 708092.3558479999 707460.819904 708532.819904 686965.029375222 698994.333632 690704.306978 700595.306978 696552.299506 694131.299506 687373.809398 685994.809398 673742.767599 677499.767599 671877.7488180001 672627.7488180001 662475.239729 661908.239729 576740.0881558766 297891.44517247885 98855.20544395322 30076.632337768417 -1.0 -1.0 -1.0 -1.0 -1.0 -1.0 -1.0 -1.0 -1.0 -1.0 -1.0 -1.0 -1.0 -1.0
670720.2486494444 496931.74143201736 405708.02625060733 749120.895302 674717.7683320118 764030.118424 789128.170403 776949.170403 796287.8172599999 802894.8172599999 816272.436967 814166.436967 822419.83821 824637.83821 798566.83821 720571.83821 795778.83821 815950.83821 806284.596474 819502.596474 803688.976767 804094.976767 788700.56311 760718.56311 720187.324474 707435.0382205751 730015.085838 751070.085838 735824.279474 738073.279474 727995.438202 726145.438202 713711.402516 718542.402516 712411.016788 712095.016788 706947.390102 701257.390102 697911.782809 697563.782809 690462.3932020001 688979.3932020001 685650.151466 676766.151466 527532.9723021775 312164.81709375157 132871.20699494416 71675.5664887641 253983.0473697427 539361.2689539187 214975.62965615623 11396.91786700072 -1.0 -1.0 -1.0 -1.0 -1.0 -1.0 -1.0 -1.0 -1.0 -1.0 -1.0 -1.0 -1.0 -1.0
830615.0555919644 845531.949258 852411.691956 840135.691956 864632.259686 863420.259686 866355.749733 834066.6749107834 871861.17705 888735.17705 928687.735344 923017.735344 928672.478041 932634.478041 813496.376835 917124.376835 931297.376835 934355.376835 921985.735344 924163.735344 851550.249217 896923.249217 886369.819574 883717.819574 846702.448742 859817.448742 793622.091266 834151.091266 822026.463131 825492.463131 803966.963648 800855.963648 792181.28295 793023.28295 781030.4406399999 770078.4406399999 758105.662656 775856.662656 766354.7521009999 745471.7521009999 736086.034522 752380.034522 744214.256538 458348.8934189241 31821.917957528858 -1.0 -1.0 251124.07779623312 699266.3160870788 539187.994219735 89169.39468390695 -1.0 -1.0 -1.0 -1.0 -1.0 -1.0 -1.0 -1.0 -1.0 -1.0 -1.0 -1.0 -1.0 -1.0 -1.0
848085.465414 815833.465414 857604.184845 862154.184845 877982.706919 857040.706919 878768.14022 873578.14022 878831.510122 916638.510122 936969.017528 930526.017528 940929.736959 937026.736959 927803.624412 949399.624412 944154.624412 913986.1798576065 934271.017528 899026.6225749201 918898.588189 917876.588189 894666.221068 842066.0577054309 1785805.913383 1842215.913383 839871.624329 845818.624329 700043.2705449397 427401.27298135386 800966.4918002083 343881.7734548894 368338.25960177707 296344.2333531727 349941.15596279164 387249.1185765817 364796.2054987634 391264.2054987634 487098.4761955802 469082.53019466955 419144.7438981346 384594.4334599863 317140.2516430959 -1.0 -1.0 -1.0 112927.79248541831 723437.7249060001 595926.5707178533 147787.1553006448 -1.0 -1.0 -1.0 -1.0 -1.0 -1.0 -1.0 -1.0 -1.0 -1.0 -1.0 -1.0 -1.0 -1.0 -1.0 -1.0
994949.895629 990806.895629 1998582.7408079999 2008972.7408079999 1026442.092828 1014179.092828 990581.2484947641 967069.5089938063 946738.0868243427 1041094.610017 1977134.300375 2063724.300375 2005002.415826 1060600.415826 2074311.4975740002 1070454.2798580802 1102416.938683 1102573.938683 1050018.3496154216 1058303.5221610698 988339.1772865016 999288.9198634825 1943261.092828 1931678.281332836 1931044.384783 1978814.384783 1956238.566963 1382692.9735377193 33121.97473676494 -1.0 -1.0 -1.0 -1.0 463169.3624179127 968735.087110172 1079696.9963557785 551500.7781114995 23464.819349087767 -1.0 -1.0 -1.0 -1.0 -1.0 -1.0 -1.0 -1.0 570064.1511577182 812542.73812 1243095.6252155611 1419389.8780388855 477986.7326382244 -1.0 22101.289545519307 64427.178822842056 -1.0 -1.0 -1.0 -1.0 -1.0 -1.0 -1.0 -1.0 -1.0 -1.0 -1.0 -1.0
1897455.2170518362 2011505.862987 1972931.4633127437 1983138.437736345 2034353.071363 1991080.5315012797 2065477.389429 2064827.389429 1979776.581331614 1987680.272452 2031004.639058 1990834.639058 2049816.095128 1975666.095128 2021901.847434 2101261.847434 2084968.953079 2111088.953079 1094700.639058 1051696.7272687375 1953787.430682 2043007.430682 1961862.8861412003 1932560.5315261404 1808987.7865705215 1172781.656425836 756848.3120658634 268281.4114237915 194889.27916234246 669499.3983310747 890534.0436248466 917946.5178609604 503723.878474384 -1.0 97234.82361330229 742144.3786493882 1213518.8925937752 1258165.2115319422 426765.20165400987 -1.0 -1.0 -1.0 -1.0 -1.0 -1.0 742856.3401606948 1691653.9349455326 1562517.2803380275 1740402.987651726 1636052.4991206555 1446355.326690518 1059576.5532207098 1275409.0693248785 1164623.3532822349 362702.0755497656 -1.0 -1.0 -1.0 -1.0 -1.0 -1.0 -1.0 -1.0 -1.0 -1.0 -1.0
1744001.93761907 1664517.9808323584 1774203.0165672516 943106.6043931765 2059967.5101116444 1938888.917550414 2140813.6773446663 2233512.6791169997 2263737.826207 2253407.826207 2093125.952271 2168875.952271 1956399.3350111768 2303921.1483899998 2336127.52607 2355417.52607 1962831.151470432 668930.7547195267 1159214.9375421288 1486656.5057762717 2272224.37847 2261714.37847 2094434.515221668 1720726.1674159165 387323.03118349996 8125.42 721816.4522745962 1351335.1786635946 2095009.29343 2028795.378874605 1888221.081308423 1890038.1342239876 1839146.592297893 643199.9596182172 -1.0 -1.0 -1.0 -1.0 -1.0 -1.0 -1.0 -1.0 -1.0 120927.47179212273 486929.9276185505 1878134.6689789998 1737115.8649095665 1785549.2392770122 1741231.9979348457 1834824.261627568 1758937.0530464288 1864148.425021 1662703.7459165493 1366631.1890977467 401401.95585716947 225379.3892811681 -1.0 -1.0 -1.0 -1.0 -1.0 -1.0 -1.0 -1.0 -1.0 -1.0
2137893.4688721346 2036885.9807479838 2183807.917439351 1572632.6940932556 1759327.199718153 1602552.2053893777 1626346.9569189758 2007114.638867333 2298354.280275018 2321795.863723 2320501.421429 2131843.444186026 2242142.70832 2286872.70832 2352561.1538899997 2372241.1538899997 2379866.97914 1950217.288118169 1770096.2621798553 1626935.4184926343 1877919.6397414482 2228401.688965 1664002.6597965094 227620.5868641066 1156317.2978946357 1646071.9698582701 1844015.4899731514 1794069.479521335 2020115.8529443284 1507201.7944870132 1355233.4626735123 1576190.2379497462 834290.9974551739 43333.24882351847 -1.0 -1.0 -1.0 -1.0 -1.0 -1.0 -1.0 -1.0 -1.0 151409.639222154 1091345.7654919403 1878573.7493152798 881140.130102 1738885.243497267 1646014.0914238775 1710597.8783389484 1797296.943391 1773762.672594787 1703957.2268931814 1597000.6847678288 1266125.337725393 394497.63368559093 22683.06637223044 -1.0 -1.0 -1.0 -1.0 -1.0 -1.0 -1.0 -1.0 -1.0
2351739.273564131 2263389.8580274275 1353591.899754507 1762580.45415554 2253178.79087564 2331843.6530159796 2447736.626341775 2430488.4269658746 2608953.64745 2620033.64745 2602943.6717775064 2621857.24915 2665908.5941041554 2610855.966199789 2709483.6933500003 2617188.8720175494 2617588.0802049898 2590393.445551579 2609852.7624849016 2681810.0124500003 2525130.80079 2002334.8715692465 560386.3539955441 1356380.2334249862 1785563.5306245214 2388311.62872 2344402.5067229997 2084468.2943184176 2205570.2794377245 1964769.2835036807 674450.4918924879 611277.7029472083 83295.20257430701 -1.0 -1.0 -1.0 -1.0 -1.0 -1.0 -1.0 -1.0 -1.0 -1.0 566014.993738735 760518.3091236443 642021.7397664497 692011.5459963249 767781.5695526791 1639975.3114653332 1397383.591541533 1654565.531343777 1393482.5188273015 1672958.0440118765 1098075.0744624927 571190.7487390251 770109.5235173125 183876.68934897293 -1.0 -1.0 -1.0 -1.0 -1.0 -1.0 -1.0 -1.0 -1.0
2469229.26922 2324740.9023552337 2125263.673291897 1542839.2787021743 2343535.2514518998 2454229.12203 2519832.45873 2489522.45873 2302265.3704576846 2616513.7591 2566354.5008518426 2633154.34956 2637806.7235524943 2493707.0651491815 2580796.26186572 2675922.208647589 2554571.771224142 2643595.19777081 2714035.21507 2717975.21507 1747645.5073807384 779024.0457660672 1991890.9575922568 2271110.7704515634 2107309.957393088 1622493.1042724438 1654987.11202863 2233335.587481538 2289869.6792793158 2232865.4225112335 1906577.6837316344 1155250.8918064167 34167.78291476426 -1.0 -1.0 -1.0 -1.0 -1.0 35398.33419141204 -1.0 -1.0 -1.0 -1.0 -1.0 -1.0 -1.0 -1.0 -1.0 -1.0 93298.21523664346 205910.24143426405 1062515.7493997398 470857.9017531257 199221.88502703226 1175001.1996654193 1569795.8600075631 447053.03371542477 -1.0 -1.0 -1.0 -1.0 -1.0 -1.0 -1.0 -1.0 -1.0
2030666.4961655212 2686956.905196339 2805861.1077300003 2651761.3883837434 2665371.013364651 2807601.1077300003 2862487.27793 2875457.27793 2952727.56138 2870758.7046166044 2571763.006364074 2503276.065748943 2942845.565812908 3021263.987108754 2802938.0343571976 3102408.865123033 2225672.439112928 1374677.044417339 748796.0652203946 319168.21642156487 865764.9058832475 1904830.4062495194 2551844.951013459 2811024.8971800003 2710521.29579 2214129.04837854 1053401.588067121 2326846.837235594 2445019.3969634604 2446622.1885542953 2175113.2615418206 1864423.8053555025 190451.17231573694 58681.722631946286 9651.005979098714 -1.0 -1.0 -1.0 -1.0 43220.76046230154 1485468.1651291242 325838.52530156216 -1.0 -1.0 -1.0 -1.0 -1.0 -1.0 -1.0 111311.90946846781 207425.97487003607 14978.3 -1.0 34382.3 232072.55129463656 935895.9735009968 36476.1 -1.0 -1.0 -1.0 -1.0 -1.0 -1.0 -1.0 -1.0 -1.0
2246860.8625300787 2423123.384678092 2194305.735745277 1981458.5254528162 2653670.853706412 2826313.6101200003 2818102.8049404444 2704948.1861649174 2981428.04984 2875550.121542045 2552258.0843045283 2740831.563963296 2161449.1672312194 2433982.7568955296 2338180.408477978 724075.0399094414 368441.56027399754 337586.8952818123 1446482.472691786 1613782.506208418 1030881.2761122863 2189604.4981879126 2813751.71939 2666356.9795456845 2722780.38484 2671024.2437762776 922385.9395186652 1831128.8535309774 2116117.2918581646 2132018.2759823482 2148066.9600598896 1936049.2599523924 829249.5675171267 480706.99207310856 65227.97793289657 20140.061173827136 115662.8055745973 15382.4 -1.0 1151311.8864333178 1782956.1692191982 493403.91873543157 57120.76837171965 -1.0 -1.0 -1.0 -1.0 -1.0 -1.0 -1.0 -1.0 -1.0 -1.0 -1.0 -1.0 -1.0 -1.0 -1.0 -1.0 -1.0 -1.0 -1.0 -1.0 -1.0 -1.0 -1.0
1969517.3532220805 2809055.711251235 2948778.636434463 2602515.8509800704 3182884.29976 3179124.29976 3332920.7820705012 1664370.5950881667 1355528.282425012 2239519.969926887 1879750.7549369375 1916861.3154603029 2025948.0586575188 1481143.003589731 614648.9913743315 231879.0766076895 124285.39509960682 1367113.9367440515 1992318.2337477158 2364981.6512117283 2049256.3680496071 3076969.936909429 2764240.040632748 2979579.72051 2836163.75484 2845905.514794156 2588082.133738109 1811167.0990403765 2353926.631718732 1520195.5608854769 1841945.723035947 1924221.9642852386 1337840.972264879 1566473.0274920221 1556339.1742973537 1015515.5269698629 434664.9520499483 393868.3661195318 158334.01038067456 1533025.8275508874 1176475.2991141016 827165.5212592122 57969.60750747702 -1.0 -1.0 -1.0 -1.0 -1.0 -1.0 -1.0 -1.0 -1.0 -1.0 -1.0 -1.0 -1.0 -1.0 -1.0 -1.0 -1.0 -1.0 -1.0 -1.0 -1.0 -1.0 -1.0
-1.0 1894101.6888303643 2463904.0292732036 2308431.3619868318 2941044.108691976 3093659.127488412 3001821.1933825524 3290411.4207143076 2792858.664294924 563323.5499758999 286416.28648562427 118248.51129747744 233275.40300796565 421229.4916656773 511067.174897459 167921.9260968348 1105032.893205909 2132995.84662917 1040135.3887669662 1950745.73006 3147436.2448672187 3196654.86415 3060674.59351 2891338.8217496984 2887877.5907300003 2852067.5907300003 2632339.702480178 2054794.202489737 1748237.1877009063 939077.197399501 761986.7806329156 185271.50073789316 381455.8959115696 822678.0542289086 1501105.9544270122 1412006.7622216311 1708042.992990686 2211576.6231734524 1546054.6888171565 416366.0301313327 -1.0 -1.0 -1.0 -1.0 -1.0 -1.0 -1.0 -1.0 -1.0 -1.0 -1.0 -1.0 -1.0 -1.0 -1.0 -1.0 -1.0 -1.0 -1.0 -1.0 -1.0 -1.0 -1.0 -1.0 -1.0 -1.0
