critload/trunk/output/1999/nbud_ag.asc
ncols 720
nrows 360
xllcorner -180.0
yllcorner -90.0
cellsize 0.5
NODATA_value -9999.0
[rows 54 to 80 of 360, columns 360 to 419 of 720]
-9999.0 -9999.0 -9999.0 -9999.0 -9999.0 -9999.0 -9999.0 -9999.0 -9999.0 -9999.0 -9999.0 -9999.0 -9999.0 659845.9499835647 256652.5746869644 -9999.0 -9999.0 -9999.0 -9999.0 -9999.0 -9999.0 -9999.0 -9999.0 -9999.0 -9999.0 -9999.0 -9999.0 -9999.0 -9999.0 -9999.0 -9999.0 -9999.0 -9999.0 -9999.0 155750.8312578617 347739.5824119786 -9999.0 -9999.0 -9999.0 -9999.0 -9999.0 -9999.0 1068645.2202750638 1338150.813265624 1264907.8827901985 1889720.9379993246 790598.538387168 446618.20343164925 108211.24397334992 -9999.0 -9999.0 66962.96429285173 102154.28468990594 -9999.0 -9999.0 181277.2898614136 117146.48834959921 62228.14913594695 832129.9367666494 516617.6814316636
-9999.0 -9999.0 -9999.0 -9999.0 -9999.0 -9999.0 -9999.0 -9999.0 -9999.0 -9999.0 -9999.0 101436.45335923537 413289.9845746907 -9999.0 -9999.0 -9999.0 -9999.0 -9999.0 -9999.0 -9999.0 -9999.0 -9999.0 -9999.0 -9999.0 -9999.0 -9999.0 -9999.0 -9999.0 367381.7976011165 161759.59575368633 -9999.0 -9999.0 -9999.0 -9999.0 601646.2395840909 29147.802630445585 -9999.0 -9999.0 -9999.0 -9999.0 -9999.0 -9999.0 1274927.1022620169 916754.0902063971 972328.5728292974 294851.21490768244 -9999.0 138099.0779684929 -9999.0 141787.10756598035 -9999.0 238260.43571355817 -9999.0 151625.26206867117 393476.9704153064 594948.3574760458 -9999.0 321848.14685249305 151144.63122500316 -9999.0
-9999.0 -9999.0 -9999.0 -9999.0 -9999.0 -9999.0 -9999.0 -9999.0 -9999.0 73680.80468680736 787280.1010255336 387036.567607714 -9999.0 -9999.0 -9999.0 -9999.0 -9999.0 -9999.0 -9999.0 -9999.0 -9999.0 -9999.0 224356.27698513225 -9999.0 195078.2718043205 -9999.0 368706.79295838496 -9999.0 -9999.0 -9999.0 -9999.0 -9999.0 -9999.0 54408.68086324945 522162.69331281015 -9999.0 -9999.0 -9999.0 -9999.0 -9999.0 -9999.0 -9999.0 7523.134570377095 709263.5097476679 158752.12603208935 194492.39157329276 276661.46082979965 1753.6278019358524 248689.85277830932 -9999.0 656717.1696425315 182787.00294280122 235964.14324749325 97011.55981272567 354589.5689951938 309303.46074400365 302187.5480014204 20872.463046203113 112674.59392433183 368948.5857465605
-9999.0 -9999.0 -9999.0 -9999.0 -9999.0 -9999.0 -9999.0 -9999.0 -9999.0 171738.33849474526 -9999.0 493149.63713094895 -9999.0 -9999.0 -9999.0 -9999.0 -9999.0 -9999.0 -9999.0 -9999.0 -9999.0 421213.67389465333 427959.6982712314 -9999.0 -9999.0 -9999.0 204425.51111075276 552738.8380749653 199644.1655880019 -9999.0 -9999.0 -9999.0 195674.65699244692 114604.89288838528 676208.1800188755 -9999.0 -9999.0 -9999.0 -9999.0 -9999.0 -9999.0 -9999.0 139702.65588024422 1222616.9345333627 1126093.3280535666 1613981.687450671 1222826.9172347093 1087126.7707769359 991878.9974893597 386665.0286369656 398572.7881734207 519210.55448906426 277515.57405571034 19166.79433923334 293490.581643707 26636.41858958837 419904.2976744794 1107235.6014758698 77179.1721134632 199943.13709131873
-9999.0 -9999.0 -9999.0 -9999.0 -9999.0 -9999.0 -9999.0 -9999.0 -9999.0 915072.2434225145 308678.4965088966 -9999.0 -9999.0 -9999.0 -9999.0 -9999.0 -9999.0 -9999.0 -9999.0 -9999.0 -9999.0 3047292.6484443313 5552194.943442477 1902818.8342835424 1539276.143158278 152140.13192045648 209978.88719763042 -9999.0 208022.0084247698 133410.31672361528 -9999.0 395810.66019842704 199376.7471513464 505284.3639229684 1958700.0390065643 75114.77609466098 -9999.0 -9999.0 -9999.0 -9999.0 -9999.0 -9999.0 250137.39560566493 1780298.0486302455 2384711.963733676 4932730.256012587 4968838.830183927 2596676.1638532616 933647.1450946827 2559564.7871104972 2800679.529862855 2252091.098426453 1160269.9878956182 2377745.5696532317 961599.0809491007 846047.8946120017 59190.662571658584 213680.38251705142 248600.71667223843 1489899.8308825651
-9999.0 -9999.0 -9999.0 -9999.0 -9999.0 -9999.0 -9999.0 -9999.0 -9999.0 -9999.0 -9999.0 475514.69713332946 142968.74640776013 -9999.0 -9999.0 -9999.0 -9999.0 -9999.0 -9999.0 -9999.0 1478390.1026209043 525960.5237027649 8209360.712216467 676253.8690032206 1237509.1067085625 -9999.0 -9999.0 195804.1757028583 -9999.0 -9999.0 658220.6065501759 1537493.7991002207 1265546.2579031119 43158.61179646707 770579.4356825256 715662.5616250726 701323.2756267881 104125.05756409213 -9999.0 891364.6609295295 272683.05975577515 -9999.0 -9999.0 190307.02079870034 1280032.182230911 2395906.842609814 2945342.935139506 1394075.839881434 2007557.005120378 1973374.8124757316 1080112.1377862007 1157641.0026199599 263152.79888098105 195084.67488160572 -9999.0 -9999.0 -9999.0 105584.63482876573 214605.5238839814 1163194.4114334309
-9999.0 -9999.0 -9999.0 -9999.0 -9999.0 -9999.0 -9999.0 -9999.0 -9999.0 -9999.0 456800.2051192876 372942.01088176307 -9999.0 -9999.0 -9999.0 -9999.0 -9999.0 -9999.0 -9999.0 702408.3148328227 1632211.0139425914 4319003.759699209 10233078.365772577 566995.7688733654 222850.76212219975 319160.55466416746 242802.18613644823 372699.1325104126 -9999.0 291197.7548918411 251629.0043571482 372304.7267528671 1959351.4587351023 2159523.1982269976 2575319.911926005 3491363.023823634 918874.7482715424 1059646.1315498995 -9999.0 -9999.0 -9999.0 -9999.0 -9999.0 -9999.0 -9999.0 116782.8638536373 552039.6827753715 171375.60459745314 -9999.0 -9999.0 -9999.0 4104.456045987288 82549.60127718741 20062.485277084117 -9999.0 -9999.0 94711.00566610025 72791.47929545131 253735.59582242626 520635.13936793874
-9999.0 -9999.0 -9999.0 -9999.0 -9999.0 -9999.0 -9999.0 -9999.0 -9999.0 -9999.0 1962896.220272484 440942.3468266255 611001.3747473496 -9999.0 -9999.0 -9999.0 446558.092386517 446557.99238538765 -9999.0 2014534.0363273649 9346653.020850532 5158719.974393779 7503124.257548993 436843.72582134895 -9999.0 641183.3565083218 953244.0261118058 958782.8630225938 1295941.956488499 761096.8073567969 2940416.2084668814 1049326.326741035 1307157.8837330455 1623591.6685983203 1020974.751012376 1512438.57938375 2532771.7615081696 242788.96185457142 -9999.0 -9999.0 -9999.0 -9999.0 -9999.0 -9999.0 -9999.0 26191.118004228374 154899.7849497646 66756.72746074671 422440.68660449947 1041343.2680222811 123850.19445516344 888547.8956125906 2004249.1606914517 254007.16362763522 548321.1037324789 506564.43563186435 210574.9123597768 149698.45873408427 215543.50021884538 206332.3042016608
-9999.0 -9999.0 -9999.0 -9999.0 -9999.0 -9999.0 -9999.0 -9999.0 -9999.0 -9999.0 -9999.0 7960100.319429972 736129.727375297 395184.9476429132 471484.315613301 724363.7651831964 399483.5189261928 1085981.7942743257 -9999.0 407484.90156690375 -9999.0 -9999.0 272956.91903975524 -9999.0 889292.7596650439 294573.0704605228 1017111.4978841166 1440629.9194686245 978006.212162893 505484.17540984764 910175.890706511 415898.81928338576 594075.6076428387 1717836.9267800339 1013267.7408108218 372622.32818232174 -9999.0 -9999.0 -9999.0 -9999.0 -9999.0 -9999.0 -9999.0 -9999.0 72065.71894516626 232491.31581951957 13950.018670112924 85446.15675281033 603120.2242497108 412164.8549566511 864785.5449137923 1088087.3082398036 1226195.8146800697 2404130.834919814 280978.319584089 766281.8192741887 168996.66870810278 101489.12253787776 122682.86275059893 292427.2764339254
-9999.0 -9999.0 -9999.0 -9999.0 -9999.0 -9999.0 -9999.0 -9999.0 -9999.0 -9999.0 -9999.0 -9999.0 641582.585865724 1252394.1435388355 735295.3479704852 1006911.2323182691 841520.2212073151 1726527.9880680759 -9999.0 -9999.0 -9999.0 -9999.0 -9999.0 356109.7705288589 1266958.1123940907 3165908.180204737 4442822.100008316 2751584.039186773 571772.8189094004 1104601.1328742765 2786189.096962498 1918710.8358038715 806172.9543113045 317095.0359828121 -9999.0 -9999.0 -9999.0 -9999.0 -9999.0 -9999.0 -9999.0 -9999.0 -9999.0 -9999.0 74462.93262424879 106539.48943442092 14209.340051646825 22410.856884593202 255575.43084873495 162626.53642910492 894348.6106619871 1643251.5267689205 1008732.9141440054 2494848.20358731 437984.20083639736 189186.628145596 1718268.0277990527 136589.34743584343 154501.40911847417 150082.96294812235
-9999.0 -9999.0 -9999.0 -9999.0 -9999.0 -9999.0 -9999.0 -9999.0 -9999.0 -9999.0 -9999.0 -9999.0 -9999.0 -9999.0 -9999.0 -9999.0 -9999.0 -9999.0 -9999.0 397570.36579844635 3522402.7791099353 -9999.0 -9999.0 481683.24009743263 264574.2114258278 -9999.0 33410.27251612123 -9999.0 1274446.7100170986 451611.74839112454 251062.04277387518 932660.6103198922 775330.3191995639 794861.4772533665 -9999.0 -9999.0 1415289.1265381305 1429553.4379237872 263535.379989541 -9999.0 -9999.0 -9999.0 -9999.0 30438.596888108346 121228.53597928898 41760.0191942362 -9999.0 -9999.0 -9999.0 204256.58365228213 541370.0188551238 260677.15242002532 13492.796374383532 736152.3025644447 1057632.312576442 2264768.8349301214 2526119.740678941 1802737.5139837912 316155.6249068747 563420.3046785312
-9999.0 -9999.0 -9999.0 -9999.0 -9999.0 -9999.0 -9999.0 -9999.0 -9999.0 -9999.0 -9999.0 -9999.0 -9999.0 -9999.0 -9999.0 -9999.0 -9999.0 3457561.6260379422 3503895.9144234676 8301636.460849309 10186532.15393167 1031880.9186628601 276936.0092431875 120709.87584839342 2081593.1499925642 597161.7816414284 -9999.0 -9999.0 378293.3077381161 -9999.0 -9999.0 262189.85464270663 935521.7755808467 1088819.4645206663 369384.3743423687 -9999.0 1726855.2668542988 1110328.7980018188 -9999.0 -9999.0 -9999.0 -9999.0 32683.442444561224 96606.85435275431 170267.49935741373 555997.4889915874 223405.4326943446 -9999.0 96395.88564078795 32636.75509102548 16323.307783363838 263821.6357232188 16032.543720716134 119639.86992244725 129091.34812432295 736963.6717004706 2363667.0145297665 1858348.8611185928 342378.4023296803 569703.664558601
-9999.0 -9999.0 -9999.0 -9999.0 -9999.0 -9999.0 -9999.0 -9999.0 -9999.0 -9999.0 -9999.0 -9999.0 -9999.0 -9999.0 -9999.0 -9999.0 5242336.0328517 6813126.504193263 7568739.483647374 7927896.022406155 7155811.266320627 -9999.0 -9999.0 -9999.0 588832.3362636995 3233886.5142641515 1437883.1222503677 567297.5982226494 208616.26793932216 1069690.9125556853 179913.44153173862 722470.4215822448 2193889.438054736 1900526.0570155066 -9999.0 -9999.0 205316.95000569866 -9999.0 -9999.0 -9999.0 -9999.0 -9999.0 299018.07208543224 534708.8318467503 323834.47879497847 632593.4987059096 914821.0783189731 91391.26720849343 538547.8221055293 390920.12053260463 475735.8858485811 248714.71348761814 33282.91460633706 455047.4258182659 267956.47032206086 598502.7804201497 1965045.2870582943 2398352.800736767 317993.63708161726 466111.3909246663
-9999.0 -9999.0 -9999.0 -9999.0 -9999.0 -9999.0 -9999.0 -9999.0 -9999.0 -9999.0 -9999.0 -9999.0 -9999.0 -9999.0 -9999.0 -9999.0 4939924.54429259 6891856.756947417 5972607.583331587 10939593.591289986 9292548.046703372 5389943.565781159 -9999.0 -9999.0 3067352.722195875 5895967.873628164 3623420.8556251796 3647938.85711582 3355010.294995863 3213840.759727923 1664083.855292189 1481620.1361450301 1158746.1986574633 257021.15465142322 -9999.0 -9999.0 -9999.0 -9999.0 -9999.0 -9999.0 -9999.0 -9999.0 545731.0854722029 429073.15665723244 338804.16648823395 2290664.3264050875 336682.91721287323 1900202.0156658464 2218369.173377132 2019628.207540458 698540.4672866687 501216.93019393645 361813.0084533456 674514.1218889207 395655.6749913113 584963.1955063683 221116.29747310258 1465228.9893986299 217466.52615948976 848138.438023316
-9999.0 -9999.0 -9999.0 -9999.0 -9999.0 -9999.0 -9999.0 -9999.0 -9999.0 -9999.0 -9999.0 -9999.0 -9999.0 -9999.0 -9999.0 -9999.0 5435231.343715573 6478753.183106819 8539467.250637714 10553129.859626517 4766043.142912422 1015049.4309011854 6508868.0680531245 9693497.172102802 9828120.591166936 2486646.955957297 9818723.724480111 7459983.171120753 4569167.668423627 -9999.0 -9999.0 -9999.0 -9999.0 -9999.0 -9999.0 -9999.0 -9999.0 -9999.0 -9999.0 -9999.0 -9999.0 -9999.0 2723325.767772291 316388.8195658084 2062555.90273098 2071190.9173640152 380194.40254713735 2237705.340810445 445743.04295053566 409811.84229257307 2108044.8967581564 1617488.5521580093 61495.03405740467 798726.8770728912 692322.0745362787 5660966.345768115 6052330.484050173 579040.3971689772 408642.20247764897 694781.65379444
-9999.0 -9999.0 -9999.0 -9999.0 -9999.0 -9999.0 -9999.0 -9999.0 -9999.0 -9999.0 -9999.0 -9999.0 -9999.0 -9999.0 -9999.0 -9999.0 494481.168420844 6431858.495042277 10780736.716533426 6235411.2119182935 10852443.71704717 6554264.274472881 5034519.638052461 10335048.833994059 5680181.652753051 274961.9020376531 3281187.4860045463 1960327.2713240972 1237122.4455444221 2431706.2183206584 995059.8531512225 -9999.0 -9999.0 -9999.0 -9999.0 -9999.0 -9999.0 -9999.0 -9999.0 -9999.0 -9999.0 -9999.0 1650690.839265448 3138874.1460465873 2225609.548112131 2320015.0036099497 2042278.222449957 491298.49550803425 357765.04374442226 2026353.3159768004 2018615.2825344447 244123.27488712734 1882056.9035796742 4806154.714355253 1668140.322381117 5683726.948131833 1097722.6298184395 2732095.3365751076 5204377.24437654 6262328.880153861
-9999.0 -9999.0 -9999.0 -9999.0 -9999.0 -9999.0 -9999.0 -9999.0 -9999.0 -9999.0 -9999.0 -9999.0 -9999.0 -9999.0 -9999.0 -9999.0 303850.197165595 4785182.920253294 9704823.252078597 6470482.512372058 674019.0380855035 1776042.3762792698 5878853.037853295 6370298.431631169 2345433.7703270144 -9999.0 607524.2247407029 644255.675445684 -9999.0 -9999.0 -9999.0 -9999.0 -9999.0 999124.5141736367 2861146.7765366496 1264798.146909196 3327587.5628643455 -9999.0 -9999.0 225541.69147754624 3337040.797290208 3592829.553550277 3398762.347423792 3508625.016125976 3864784.0584355416 2707696.499844983 2218449.628199892 1902290.3727799933 2123575.8225477627 2461192.2620343473 1714493.0844902555 1196918.865343323 1328064.6955343015 1135697.2324265745 1247651.9886416756 1301081.8899639416 188111.1873432843 1238823.0207152301 1267113.6557492905 1452164.4832581668
-9999.0 -9999.0 -9999.0 -9999.0 -9999.0 -9999.0 -9999.0 -9999.0 -9999.0 -9999.0 -9999.0 -9999.0 -9999.0 -9999.0 -9999.0 -9999.0 -9999.0 2438115.501165539 11774396.020502627 10091752.836637408 7150255.064670816 3609668.280203066 1145037.2202216391 3069244.443007767 3757991.5973026752 4132766.0075303614 4151907.4980419744 1808551.4385297173 -9999.0 195878.15691004373 1478438.4165349149 2572145.3258822253 3323615.71784792 1754284.4866524497 1935535.5538796089 1347916.4119437505 4754274.9852987975 6547627.743544361 5295177.051495134 5613430.588600526 5192577.889751315 6725369.718856964 6980831.202715704 5118214.059217612 4375224.342782975 1774599.797256725 2055336.7221139339 536979.3098534611 382710.81393305445 314058.8646103428 1918957.4443966746 1578696.3272636575 1314348.3313118722 1635052.8435386564 1295700.1368328985 1151232.8362593697 981725.7740499475 1242508.4284518831 944796.0524602764 6968865.482958268
458794.82983035827 -9999.0 -9999.0 -9999.0 -9999.0 -9999.0 -9999.0 -9999.0 -9999.0 -9999.0 -9999.0 -9999.0 -9999.0 -9999.0 3457116.2882357147 5947207.880864039 799138.6967752953 8799431.967758503 13170097.782780942 10003382.207104769 7693311.358861495 4983821.1115143765 5113035.614521198 4875678.977507707 5244017.153311359 5182522.676684704 5088236.459883813 4615683.932791645 1272354.0782704349 7320312.483195836 2735740.817236885 2151899.2276945915 1601787.642137989 1673375.5151888672 1819570.7346093487 2164577.148914203 1959225.6719554476 7635153.5762157105 6559453.02319832 2554194.8759320397 1283834.7809149069 1344070.7969135067 1259197.843858837 1369489.7483525218 2066923.726371455 1484364.7632604155 1267472.3248144237 4285617.052975964 1562508.9365416206 5172609.458885761 1715446.0016577144 1442087.723665919 1376329.2856132435 1180980.1095199366 4969529.783167776 5432829.276981073 1467898.95084207 973274.7056521113 1141098.1353477743 1428271.698725169
6678234.928454345 -9999.0 -9999.0 -9999.0 -9999.0 -9999.0 -9999.0 -9999.0 -9999.0 1565898.0564147045 502022.2736727786 22832536.928453658 30242652.043627895 19752583.333667744 10787235.510174505 11422604.318615265 11439429.441984557 11445037.353366107 8335096.887087151 7340609.562939672 7129230.26985088 6286240.111763917 8044101.179405903 7521444.119771875 4747936.7358841915 3453713.857069807 3652215.4685797403 3238507.805650452 4037338.5472965613 8444830.393572735 2904359.1460689697 1340331.279961123 1711574.7412863816 4246693.974845145 5211297.0989383655 5761652.908912197 6719153.809910882 6565182.193546766 5012762.9792833235 5289366.510458053 5461290.3299214505 2281905.01848922 5113483.483908191 5315030.391105341 2301951.594477931 2309770.691148284 1905203.5562636862 2061443.6285725664 6115440.729290127 5594848.108809129 1859498.5924337115 1495308.745430017 6074391.743968767 6233247.5523146065 5596204.044457601 1375606.6505448027 1024188.1364986264 855293.1105795801 1471633.308374744 5640372.98146761
9055298.79420495 8658859.385350328 9079716.192147322 3275401.0698005725 -9999.0 -9999.0 -9999.0 -9999.0 -9999.0 23101398.45610048 -9999.0 19625074.705409985 30905863.55154878 13954345.285921283 5645396.832744189 5723750.749137826 6729313.771420188 5947385.120458819 6818272.384229504 5450258.888936065 3895884.7878504377 4076965.0508600343 5620218.325239936 7355936.868851393 6778156.641919658 6510634.433558568 7530267.1139721945 4839728.595716948 7576354.321336547 7155679.446355179 1888811.6770245475 5042171.348412205 6874181.6560017355 7016010.261671911 5142249.224962026 5633103.035146494 5400666.117602569 8327515.76517149 6495909.473623281 9134604.665876757 6672896.365788557 1814315.7655532537 6512905.66018657 5639147.278629128 5564367.867713064 4245283.340129466 4839257.963806452 1386002.957641589 1578958.332871381 5026158.452784387 1685086.8224372035 1325190.5415161313 1125624.528160032 1921076.3658188083 2185639.2547716396 5487548.654198506 865991.8464582814 931094.2243310837 910881.1268585734 1951242.6308435542
11378490.193800922 9828333.954162907 11170203.530486377 3138596.5904949764 -9999.0 -9999.0 -9999.0 -9999.0 3119677.3607887095 32377754.223790124 17342820.26756473 13716153.500634346 34810516.02947727 22719417.860927626 7083286.362562925 6443889.053128079 7820453.95903562 10012961.37964354 9580602.89587142 8589013.895851642 10804675.43734257 10905829.804841202 9667464.476488758 9041518.21758981 4749778.682676967 1879333.267159727 2668355.6914955713 502026.7199124531 6223598.449646713 4925823.813184184 1214193.5441621451 4471930.395631857 7338026.84246444 7987101.154293131 3182491.9191646837 5814184.832628215 7444876.926484095 9569025.783539452 7504077.123850966 8272475.010084491 5144349.773576175 681260.2952221993 4919562.280082989 3880611.7031016946 1471439.734847498 5420019.596796104 5748302.034728689 10013808.981998544 7939226.078729797 2213417.5177074005 5632998.516328281 6857917.166778212 6789496.002935823 6268443.791470796 6693566.237581688 5689662.054127257 1113757.3764115404 6998381.092021852 6104584.025141918 1411987.541511347
11127324.364548761 9565073.83487656 2777110.962163084 -9999.0 -9999.0 -9999.0 -9999.0 7375507.965090518 23313645.106077142 37699159.93849642 43986095.911736354 32870402.542458817 13538396.295695722 8873655.901293864 6609730.370509181 10436022.295676295 12826405.461694054 9236275.39193065 5862505.680532379 4315419.6505148485 4389530.582386207 4154785.9865494333 7255047.5219656695 11280376.119282126 6673901.21482222 6330269.88420796 2616304.822529815 3916828.5423314087 69339.19719962735 5780115.397629868 2161408.222305036 6936873.647248246 8157784.23338994 5106948.121131674 7001995.479749838 7372247.334394995 5402999.659997502 6935929.069549464 6919823.048383218 7506098.558824811 5384802.155417696 5928345.703868149 4109607.55842326 5663231.127342487 1723706.0590862813 5974489.927706072 5576812.637553415 7262982.703131566 7749035.43301127 3257818.9345408846 2333174.89918507 2843448.9381941278 2928793.379692792 2528335.7339032115 1083236.3088118797 591335.6020018498 736375.2337587494 684965.1535274632 1254449.5518406653 1031456.2120246168
11688691.22257796 11115049.9361687 5582099.539405039 -9999.0 -9999.0 3801843.3380603027 3976127.423565058 4261395.16600742 6024292.234401796 5766813.760895044 5623782.373914504 21387373.982808348 12404601.486986667 7014461.241230646 7715674.553231487 7437848.071555095 3913983.2311691754 3970516.5518893646 5773911.1619404 3054343.420959223 3743729.938627514 4984351.633061904 4543424.721695334 1737210.2044776184 2136364.3661883636 2056430.1543928757 6672863.058487169 3406704.1266372968 7405424.047938086 9983340.127891708 5718506.9747071 6029213.1574922595 9600080.936601669 5363707.029333837 8744237.783231702 6736390.697483299 7667611.606544044 8880706.854148958 9283027.376850355 6826490.909913636 5240688.558014274 2227495.964269174 5386619.802294232 6096594.211547937 6631857.214872634 4377522.276091056 5244568.841125939 3590012.209053872 3250730.41050396 2742700.5332309045 2623597.8136054575 3052914.5641471995 2885383.159994483 2231558.41007212 306557.063491835 383024.92160032364 335216.02759838966 2107073.0326962136 2077726.8936382942 2890967.010657224
5438643.452828501 2559672.4951509535 -9999.0 5654489.125757905 7132379.466925923 6277703.743061354 6429188.180278378 5017117.944815258 6081228.607725797 8174206.569974668 11962523.588449197 10720897.851831142 7221290.80078131 10986443.41833052 10519821.864488043 7981200.502502153 6326900.809816636 6530980.442209665 6095919.773001205 5371495.539198291 4815513.504258495 4303420.943176086 4134674.2555836244 5611687.001202829 5806020.15590271 8190914.68359844 5932579.679045515 8136801.9902794715 3938730.5781671302 6593707.990835384 1260197.5024321056 2257446.1843915894 5234443.011123331 7443480.109852928 10002488.208095778 8709831.939727824 5343466.23678508 6980469.24360514 9986523.772713352 6296085.120973951 7202072.255869167 7098209.507122243 7622437.377696605 8951555.442376241 6254209.0389180165 3129776.9364207312 5369136.721429894 8369092.288199624 2821943.6625714535 1781687.8304972947 2133186.335211385 2557741.8178788004 2695498.9793823203 2007608.4651269987 1827606.087191129 1939224.802575272 2016454.9627567818 2014363.2454806473 2254147.811995221 2270166.212787861
-9999.0 -9999.0 840156.2543688561 5802302.371541355 5060293.428536329 6535860.26162863 8172119.846885003 8243958.962310005 9652207.326659597 7350095.355606992 7951741.462119227 5898217.273985669 7181808.358742837 6646625.551387219 7229424.456277747 6926607.982220139 9131584.157094032 10427180.585133694 9304183.428727794 4924074.19446622 7798008.991433982 7399736.437537998 6453190.092009909 7613237.766177921 6596069.5380835775 820879.5171661153 1751276.7021024441 4477500.771505385 6677242.616198488 6917487.578875344 6127667.956362899 5916232.2268298585 4397450.846295195 2393108.302024227 1144679.4786506416 10118545.103199817 10603747.441851186 8177693.885205414 9053859.181443635 10479458.890068514 10181467.332306784 10298103.812536271 10343110.215063788 9446895.32679665 8823376.21439726 6377371.779207883 6896422.986277295 2882741.524296209 3728298.3945048396 3369040.7313608276 2435077.3881488014 2641500.1185758538 1708877.0525835077 2268046.73386652 1752811.2165698563 2054350.5799755314 1568926.626120327 1859327.049624201 1751094.006083041 2338972.2044628854
3484079.14091485 6527868.137893954 6682922.518788541 5986341.998784706 5058321.915614419 6752601.1934924945 7477737.442026008 6464760.795605635 8675662.800210688 8594942.395203896 8785263.02817102 6821943.2929981705 5758600.562747825 7480555.326832885 7641371.542284988 7329990.036154287 12087986.28406322 7685393.950839238 5579756.878494225 7042103.457294695 9906697.185002144 10063868.849682763 5420474.895179514 6652903.19093751 4496094.671892818 1575650.0270311916 5379417.004418576 1654606.9179219706 5878656.77250943 4003305.574101938 4969750.572357096 5344243.014329709 4855549.491313804 5965178.381795425 5697994.39655683 5826395.709505638 5980452.319809496 6179826.37579396 2909254.993194919 5406437.161108805 2570024.909055529 5988975.7303807475 3193070.4144147285 6783084.962023349 2843554.7998881526 7103919.069663357 3876065.9121790547 3731604.3860382624 2604661.7883524876 3676117.679935406 3399240.3919749875 2894213.4667650405 2625566.7824280825 2682677.5092088273 2408527.05787849 2452358.8342977427 1950635.369064718 2208896.3185033216 1897611.698273173 2345620.505830233
