critload/trunk/output/1999/nde_ag.asc
ncols 720
nrows 360
xllcorner -180.0
yllcorner -90.0
cellsize 0.5
NODATA_value -9999.0
[rows 135 to 161 of 360, columns 310 to 371 of 720]
-9999.0 -9999.0 -9999.0 -9999.0 -9999.0 -9999.0 -9999.0 -9999.0 -9999.0 -9999.0 -9999.0 -9999.0 -9999.0 -9999.0 -9999.0 -9999.0 26073.52438564974 72480.74475156446 72711.98893123795 96867.77738482135 97077.1610081492 72938.27599204205 73055.45076590095 72929.13199454946 0.0 0.0 0.0 0.0 0.0 0.0 0.0 0.0 0.0 0.0 0.0 0.0 0.0 0.0 0.0 0.0 0.0 0.0 0.0 0.0 0.0 0.0 0.0 0.0 0.0 0.0 0.0 0.0 0.0 0.0 0.0 0.0 0.0 0.0 0.0 0.0 0.0 0.0
-9999.0 -9999.0 -9999.0 -9999.0 -9999.0 -9999.0 -9999.0 -9999.0 -9999.0 -9999.0 -9999.0 -9999.0 -9999.0 -9999.0 -9999.0 -9999.0 72361.91825245714 97096.67883828856 72944.99604688422 73127.58765820437 122486.8283103693 73250.36284577147 73155.11243308512 73771.29744177432 0.0 0.0 0.0 0.0 0.0 0.0 0.0 0.0 0.0 0.0 0.0 0.0 0.0 0.0 0.0 0.0 0.0 0.0 0.0 0.0 0.0 0.0 0.0 0.0 0.0 0.0 0.0 0.0 0.0 16500.568607694328 16576.03653983781 16452.10497634007 0.0 16515.120145083525 16453.07882268446 0.0 0.0 0.0
-9999.0 -9999.0 -9999.0 -9999.0 -9999.0 -9999.0 -9999.0 -9999.0 -9999.0 -9999.0 -9999.0 -9999.0 -9999.0 -9999.0 -9999.0 0.0 42563.38626113043 42578.79376000587 42652.011034398754 42684.922637721815 42748.82343404899 42661.15700491377 42735.00051490758 42727.04082385143 0.0 0.0 0.0 0.0 0.0 0.0 0.0 0.0 0.0 0.0 0.0 0.0 0.0 0.0 0.0 0.0 0.0 0.0 0.0 0.0 0.0 0.0 0.0 0.0 0.0 0.0 0.0 0.0 0.0 0.0 0.0 0.0 0.0 0.0 0.0 0.0 16519.284587935937 16555.479837878658
-9999.0 -9999.0 -9999.0 -9999.0 -9999.0 -9999.0 -9999.0 -9999.0 -9999.0 -9999.0 -9999.0 -9999.0 -9999.0 -9999.0 -9999.0 0.0 0.0 0.0 0.0 0.0 0.0 0.0 0.0 43472.83528927281 0.0 0.0 46320.63989702221 0.0 0.0 0.0 0.0 0.0 0.0 0.0 0.0 0.0 0.0 0.0 0.0 0.0 0.0 0.0 0.0 0.0 0.0 0.0 0.0 0.0 0.0 0.0 0.0 0.0 0.0 50451.23550740461 267361.41969322355 33516.97765336773 0.0 16643.23564111164 66531.63581544737 33252.24821869216 49834.82456328059 49745.00374608757
-9999.0 -9999.0 -9999.0 -9999.0 -9999.0 -9999.0 -9999.0 -9999.0 -9999.0 -9999.0 -9999.0 -9999.0 -9999.0 -9999.0 -9999.0 -9999.0 -9999.0 0.0 0.0 0.0 0.0 0.0 0.0 303790.00285706285 257710.87126052193 0.0 0.0 0.0 0.0 0.0 0.0 0.0 0.0 0.0 0.0 0.0 0.0 0.0 0.0 0.0 0.0 0.0 0.0 0.0 0.0 0.0 0.0 0.0 0.0 0.0 0.0 0.0 0.0 92336.50100942294 282667.7739703122 183264.8246433158 33201.648132096045 0.0 16568.80991797352 0.0 16548.558566243435 49593.192309218095
-9999.0 -9999.0 -9999.0 -9999.0 -9999.0 -9999.0 -9999.0 -9999.0 -9999.0 -9999.0 -9999.0 -9999.0 -9999.0 -9999.0 -9999.0 -9999.0 -9999.0 170495.63083144397 260013.92824584406 0.0 565824.9425507929 302941.9942744781 314422.49093683006 358593.31279012485 259867.64820221887 260515.256862498 260654.715876023 260982.70779753994 260319.15553214194 260506.84876028897 0.0 0.0 0.0 259769.695585497 0.0 0.0 0.0 260171.02892366896 0.0 0.0 0.0 0.0 0.0 0.0 0.0 0.0 0.0 0.0 0.0 0.0 0.0 93093.77261561301 92779.95184825997 46551.423515299015 0.0 46298.26512138593 101395.13660537763 118964.54121765966 218944.49330176253 219515.21644468058 67071.47394459782 33331.03200571669
-9999.0 -9999.0 -9999.0 -9999.0 -9999.0 -9999.0 -9999.0 -9999.0 -9999.0 -9999.0 -9999.0 -9999.0 -9999.0 -9999.0 -9999.0 -9999.0 -9999.0 200824.58427577297 260616.96957111606 565751.476901996 785371.6263684101 354131.31059726496 261739.825150123 261331.13324403294 260269.41387689 260983.86945790306 260927.84672409794 260907.34748602408 261217.358956057 261329.09218901503 260949.326060934 260966.35396492004 261212.10239082397 260839.501805843 261288.903322449 261068.10106309497 260707.70340713495 260931.95945157492 46771.358758905495 0.0 0.0 0.0 0.0 0.0 0.0 0.0 0.0 0.0 0.0 0.0 0.0 46802.541369684084 46747.285245827996 0.0 0.0 0.0 68182.5838520015 136768.8930716683 50900.28754337904 16935.228938715714 0.0 0.0
-9999.0 -9999.0 -9999.0 -9999.0 -9999.0 -9999.0 -9999.0 -9999.0 -9999.0 -9999.0 -9999.0 -9999.0 -9999.0 -9999.0 -9999.0 -9999.0 -9999.0 73952.875088301 264673.69939854706 263917.33334678295 265119.921165193 264996.170010589 265600.0175299519 265528.35537004995 263400.43434788205 264137.93799902796 342065.96651306696 526837.5249264031 343792.32442015 350875.81309206 263897.989114776 264160.007234853 263564.38986262504 263900.8396011349 264495.026988833 264443.91174138704 264537.596388548 264409.894723068 94947.74247926401 0.0 0.0 0.0 0.0 0.0 0.0 0.0 0.0 0.0 0.0 0.0 0.0 47493.93079553591 94251.50004331002 47389.0372510716 47220.946320178205 0.0 0.0 0.0 0.0 0.0 0.0 0.0
-9999.0 -9999.0 -9999.0 -9999.0 -9999.0 -9999.0 -9999.0 -9999.0 -9999.0 -9999.0 -9999.0 -9999.0 -9999.0 -9999.0 -9999.0 -9999.0 -9999.0 12478.288955697208 297714.481705118 264028.62007632 265370.48726401804 265283.6783690799 476455.5299081551 265942.5001725801 265653.50695271406 707928.6768571499 989216.69164184 344470.08296985674 346534.29055421 307387.09654676996 265040.390473101 264342.89845535794 263584.8749978151 262661.231902565 264739.05939258303 265327.443371558 265465.82565402 265361.00264194695 95101.3685476696 0.0 0.0 0.0 0.0 0.0 0.0 0.0 0.0 0.0 0.0 0.0 0.0 141410.178989882 213954.20523314402 190233.444851384 95130.89540957296 0.0 0.0 0.0 0.0 0.0 0.0 0.0
-9999.0 -9999.0 -9999.0 -9999.0 -9999.0 -9999.0 -9999.0 -9999.0 -9999.0 -9999.0 -9999.0 -9999.0 -9999.0 -9999.0 -9999.0 -9999.0 -9999.0 0.0 1033509.8753390498 359297.90185515507 452193.2822256861 722959.82860081 589685.1354126198 498745.2592594798 658652.19221877 1444471.0689074202 1563926.0960287235 965867.5494409202 804317.0684620203 855777.0022012598 899171.7540303601 359181.972212102 269349.54333982995 269144.51324918 267120.02774126193 805113.6549340601 270810.00103504193 270609.986833501 135277.06013914003 0.0 0.0 0.0 0.0 0.0 0.0 243216.19458229607 0.0 0.0 0.0 0.0 0.0 95156.73373811603 95306.76487213201 47850.07910715578 48236.55079002301 0.0 0.0 0.0 0.0 0.0 0.0 0.0
-9999.0 -9999.0 -9999.0 -9999.0 -9999.0 -9999.0 -9999.0 -9999.0 -9999.0 -9999.0 -9999.0 -9999.0 -9999.0 -9999.0 -9999.0 -9999.0 -9999.0 497782.724830911 1624937.9059311296 1622591.9289709996 1625972.6902113594 1631404.2182252095 1583902.8077182001 1635316.0102067501 1629502.75385397 1170132.9598409492 1435226.4288293202 1629726.850209521 1627081.375956592 1617587.9954439697 1621866.5838510396 992861.3346069796 1035579.3815384001 719947.65923663 1351226.48338686 1513364.55309744 1175971.0413321448 1086249.1015807653 453254.51149022894 0.0 243423.145759122 97357.38608653401 243653.80052881996 438226.32604849717 243701.624303121 195071.28699271404 0.0 0.0 97535.413164837 0.0 0.0 0.0 48498.624855393195 0.0 0.0 48342.269540938796 0.0 0.0 0.0 0.0 0.0 196586.52883772601
40398.624519249395 52545.2944580722 -9999.0 -9999.0 114319.66437186868 -9999.0 -9999.0 -9999.0 -9999.0 -9999.0 -9999.0 -9999.0 -9999.0 -9999.0 -9999.0 -9999.0 -9999.0 2146654.008475512 2924536.7280075974 2359751.501135665 1921996.6331746634 1931601.6381008632 1678022.038867929 1626848.966868299 1676743.2021658379 1608058.14597889 1687843.503334749 1344877.512065145 1223945.969747847 1245655.8108310318 1576465.2149343824 1663246.6321401088 1658847.4990700402 1660376.6702168174 1664921.4990450519 1651933.0652442751 1671160.5474925416 1675000.9332566848 1397282.904482762 848254.466617203 1145612.3088583488 1096384.2419182803 1135097.8238950432 1093633.325651628 954943.1253795241 1007035.821565967 951662.8254734204 449595.8805720188 149837.61157878514 49937.32212661882 49835.81322895388 149356.99355403596 248147.94859443425 148870.50810131218 49439.31419592407 147664.5523049685 99065.01472091221 0.0 600618.5110992731 1071235.8090301976 738300.9076622912 603699.6074799614
-9999.0 -9999.0 -9999.0 -9999.0 122187.07184325485 -9999.0 -9999.0 -9999.0 -9999.0 -9999.0 -9999.0 -9999.0 -9999.0 -9999.0 -9999.0 -9999.0 -9999.0 1681587.0659692055 1571814.0723952074 1759286.590353622 1769557.2513178252 1963578.5786941438 1676057.7613641848 1825425.3981306516 1942809.4711499454 1667353.2875778289 1664415.6320431007 1688437.4891851298 1500623.3813460846 1665691.3444074646 1672909.8614781334 1673560.3730755877 1675115.909530368 1669167.4824495234 1673030.2878788225 1493664.0942099898 1677773.608608931 1672944.422411545 1675113.7803405335 1295506.4290665432 895183.3038639019 1143231.1407907137 1247981.8365336605 1332070.647749994 1201798.097104718 1201437.1982315697 1100798.5546453216 751571.2600901528 850824.10005625 586772.4211131127 598734.2832481322 798329.309437312 895478.1665504292 497465.05669493397 693394.7920371809 231453.88420987944 397055.5551817735 444451.7542467991 1675854.9820264503 1739118.6053214506 1546839.2039715117 1277504.352205146
-9999.0 -9999.0 -9999.0 -9999.0 -9999.0 -9999.0 -9999.0 -9999.0 -9999.0 -9999.0 -9999.0 -9999.0 -9999.0 -9999.0 -9999.0 -9999.0 275606.7686170106 2282834.018190732 2245431.285001539 1634319.971248466 2246210.234038715 2181525.0425461754 1557025.7567857534 1569284.2287988006 1848397.128055208 1576643.4970614659 1718745.3914621903 1678270.3946854526 1707756.5745232813 1730226.1730884057 1751142.5101945265 1724837.3186269125 1725725.42250252 1724454.626704725 1729288.3391627688 1730410.1893395195 1395476.0596581197 1732136.763262345 1737267.1553827138 1287362.0701773348 1184181.5706527433 1191032.3709150103 1329720.9786588766 1231841.2185126569 1184530.9205211806 1132033.3718288254 977669.3464010949 565102.9008282366 972484.7342848488 1128142.8576243382 972257.1084308232 1023469.0438466998 1223452.6471512688 1073640.1628083566 1076973.3557442776 512929.1614649392 1181072.9198847106 1284977.1392861593 1726104.9173471828 1616360.5877473115 1622936.9543566143 1797385.0944678197
-9999.0 0.0 264083.08796759596 242672.26226621805 -9999.0 -9999.0 -9999.0 -9999.0 -9999.0 -9999.0 -9999.0 -9999.0 -9999.0 -9999.0 -9999.0 0.0 3855385.4977353252 4699711.363106446 1136828.809168232 1115356.021288735 1094796.4424175068 4509071.559242423 1993369.847688235 2057388.6434327548 1719669.5207747454 1771722.6752345152 1414832.0942442536 1053287.3627838262 1292012.0393908964 1084090.363244159 1193382.7801323356 1550729.9599757923 1691926.6528777117 1616056.16578416 1030875.3787171185 1220759.7048721847 1173306.0206981655 982122.3062681585 1190368.8798812057 1266903.5735290227 1208350.2334009618 944643.1923593737 1094211.7340223182 1171424.5971631536 1154422.7067444646 1156434.9634773983 1176540.8372397386 1184943.2900718711 1203727.9654881319 1190226.3156086362 1228613.2153580422 1176509.2689198006 1328346.6438544928 1667800.2751317467 1422121.4404131523 1790263.445340911 1675991.5680381071 2001781.133250768 1523250.562576995 1522302.5477869504 1510331.807162433 1797510.824231945
18467.286169003542 41205.692180081125 415473.53278931323 -9999.0 -9999.0 -9999.0 -9999.0 -9999.0 -9999.0 -9999.0 -9999.0 -9999.0 -9999.0 -9999.0 -9999.0 362038.5473862846 3488915.359764561 572584.4053948519 624156.7574621381 659427.0882625342 1159428.241534731 1341063.5484726678 1212354.3015158372 1313818.7473202576 1790815.7282199662 2409617.9575518225 1116851.288331781 911923.2379628585 974788.1260901185 880401.9129338829 1695348.0942337764 1645741.986633362 1708895.4848741568 1672163.5083759537 1723326.6579192933 1612160.145222349 1608526.5319021693 1676300.756712128 1248766.5382455902 1380975.992562756 859657.8180063526 1866422.1466786677 1217599.6528099026 1174919.1337081005 1274480.2559270896 1248347.4803875997 1225916.13905702 1076458.3231984004 2073987.1009837745 2459968.085255829 1650954.1529441993 2395293.2894796142 2359929.9081738032 1817321.0408656413 2174389.2322505834 1649716.341248005 2118410.484252714 2140041.3647868987 2121219.6040139603 2062384.0719105355 1842010.3152454153 2148611.013886174
-9999.0 -9999.0 -9999.0 -9999.0 -9999.0 -9999.0 -9999.0 -9999.0 -9999.0 -9999.0 -9999.0 -9999.0 -9999.0 -9999.0 -9999.0 -9999.0 3441210.4300529757 767168.8964808504 385380.98131317826 646092.6288581477 1953514.8654839592 1848681.375243965 1301733.7492620512 2089853.7471912827 4978161.074853408 3774237.7261840077 1090981.1941568444 1629907.0523129674 1537159.4341122294 912510.9960892544 1658934.8226679796 1075454.586135039 1094358.1141519074 1081718.8339473319 1615249.8828626147 1079693.330603504 1000651.7083021128 841495.0006776082 1224240.9241456017 1220609.8169421079 1679891.6832906047 1243629.4384228617 1223732.7536160073 1330023.9733939539 1230122.663035768 1176633.5681767948 3130130.852435116 5588663.228007722 2958663.0072903875 3218268.285205894 4168255.8634358337 2546105.820395226 2246921.7300752057 2459630.9613457713 2320396.3349708244 2257686.5295367856 2204352.386083811 2634948.6657965225 2712704.9414724093 2509036.291746035 2301398.5478323614 2137316.7807659768
-9999.0 -9999.0 -9999.0 -9999.0 -9999.0 -9999.0 -9999.0 -9999.0 -9999.0 -9999.0 -9999.0 -9999.0 -9999.0 -9999.0 -9999.0 -9999.0 196392.4553629695 4976290.637131872 2909361.1746325064 4177896.3437247444 3909322.720782378 4798918.549401782 4742835.203585705 1190417.308438357 1283120.6600870383 1219035.6147637463 1011548.9252185535 890051.3845539637 1667373.959988932 1098156.2458819593 1020504.8270354554 1006348.4193374236 769390.6667540651 1934491.4033478228 2132652.1222602176 2001968.1813116537 887755.8948245418 1891630.887891434 1741104.4933159687 1230653.300614095 1203841.6159695291 1969117.7829892493 1574917.8364106535 1245102.6361952312 1617011.7990758475 2531617.772031101 2278460.6876198384 2058207.8826720747 2085618.536516295 2277096.1701714317 2520217.1166252187 1993999.0065875258 2705920.581575928 2548376.8918630495 2254533.047494256 2744779.157116546 3125585.996471671 3063271.3395567266 2557902.2434490323 2018130.7555819268 3736213.1022341615 3719409.982214053
-9999.0 -9999.0 -9999.0 -9999.0 -9999.0 -9999.0 -9999.0 -9999.0 -9999.0 -9999.0 -9999.0 -9999.0 -9999.0 -9999.0 -9999.0 -9999.0 2820924.022777039 6411034.9702944495 2961594.2856776044 1190473.3034573523 1116961.4885842798 5754207.692500524 1018881.2855234973 967991.3570219091 909813.6553416426 870000.6418306157 1089540.4834468106 875031.6779675453 928932.3998745137 943926.7561436677 873257.5567511534 991922.7090392953 1085573.163464157 1792225.199269091 1590732.8909934806 1125923.304928759 2540272.7617519805 2039969.2177620705 800360.028203205 2388296.031541867 2379436.212568776 1835120.3747770644 6196433.854108107 6738953.364770622 1193563.0676809186 1799486.5644825515 2201867.7555486346 2197250.2370752497 1607645.6497947793 2086932.6551349128 813910.7357072916 1043154.4650628868 2968061.9540902395 3082814.3821432283 2945842.0769352103 3231240.459492485 3645739.17474092 3270840.2639862206 2989747.7590632834 2075864.1104549638 2589296.1737780906 2772903.281740864
-9999.0 -9999.0 -9999.0 -9999.0 -9999.0 -9999.0 -9999.0 -9999.0 -9999.0 -9999.0 -9999.0 -9999.0 -9999.0 -9999.0 -9999.0 -9999.0 220329.6854945771 618634.2101810172 766889.3739363614 694792.1012509314 674270.5176453148 835631.1026672398 1010427.8868013023 727000.8463192591 905391.6323669425 940154.2981832215 795980.0237385989 1106389.1627437042 917004.3997858401 1031788.9725192094 871950.22741439 871143.3882590715 860035.4346673769 1069991.7307382599 1037713.6160274639 1667969.8370841327 2297337.400018003 2165118.9329973864 2674286.013555119 2654032.9833938396 2353959.456192575 1652307.9226339133 2120507.662972543 6369024.338239409 1497520.0395969239 4660402.608542831 1816113.6933052384 5027652.4521017885 1521966.5897179078 1758913.6267596395 1518652.0967266683 1152239.4980937962 2495393.073072367 2942393.1285303957 3866709.586987833 3932492.318941045 4043405.440682074 3845054.767148761 3098087.1254081815 2912150.6645837286 1058192.4351769614 1028795.8445724729
-9999.0 -9999.0 -9999.0 -9999.0 -9999.0 -9999.0 -9999.0 -9999.0 -9999.0 -9999.0 -9999.0 -9999.0 -9999.0 -9999.0 -9999.0 -9999.0 609936.9100114221 572047.5167823989 1199735.2512345598 1272990.3714956415 1212588.3362502675 1553440.2943391209 1154858.8418998932 1049065.8260339878 522976.5691839644 608642.0896322962 871733.6946219951 970638.2085974291 811203.1900681399 800790.3607039915 1034140.3064114645 897987.2373158953 891621.4097241692 992640.4078812804 1763849.4921780182 1666451.894364933 1689792.7667816079 1650358.640942626 2153464.927796774 2270581.9755754424 2016430.0855024494 1544919.8992539423 1520137.6923406487 5561580.068476632 6451999.324884483 7651887.72603862 698758.1172936741 1555062.3010306726 8107672.345761211 5822615.616228596 1816107.8859300513 1548241.6237521586 1620141.0418990748 2442384.4142172677 876684.1674203329 1118232.6145265799 48282560.86047051 2928017.4859567643 2700031.3004265293 1336194.2457847763 1053133.2747817328 1916450.458896409
-9999.0 -9999.0 -9999.0 -9999.0 -9999.0 -9999.0 -9999.0 -9999.0 -9999.0 -9999.0 -9999.0 -9999.0 -9999.0 -9999.0 -9999.0 -9999.0 -9999.0 252438.7555334983 327678.21193936234 418859.0083975211 1685307.7643247887 900292.1416053534 506712.57252528175 657624.1340358588 613985.5128175835 1087214.9581398887 991149.46036919 834593.5627058449 762353.2325874987 991915.2758909961 823910.6432977048 839825.2287591047 1046789.8206871692 1584437.8878997783 1552740.4770393376 1486307.001203286 1330119.6060811428 1590987.9375504805 2128887.807724343 1900836.4344941925 1823174.462350261 5672074.752775289 6319648.597457198 2021048.3680025542 5748586.755899377 1239434.720799336 1368662.4983891759 1367182.0740404348 5705464.421803943 8368328.792746883 1660050.7169516208 1497554.6867360251 1469608.6911246045 1544567.7876294982 441752.2409455095 228238.6902068961 3647599.739831089 1038575.9556214295 1714926.7203426107 1214341.7365993105 1754622.9496294234 2382123.7073007696
-9999.0 -9999.0 -9999.0 -9999.0 -9999.0 -9999.0 -9999.0 -9999.0 -9999.0 -9999.0 -9999.0 -9999.0 -9999.0 -9999.0 -9999.0 -9999.0 -9999.0 173490.8980098068 24948.095848631252 442880.5140281855 1002582.6721055992 951009.7772196212 -146484.55783585017 -94536.64864087179 238436.08025426226 788600.6856100971 968706.2034928354 1170812.0416110775 736025.0146116561 1121964.451606028 1182622.2020672983 701660.434158986 1427953.2402080218 1351317.0329303718 1528288.8384020724 1362541.57950373 1814644.103649087 2092965.4811367309 2111859.5813977458 6367509.274120605 6370703.305445345 5157678.69005879 2072523.2870599537 1872984.7444082312 2123424.781247469 830959.7444212729 601821.7222970941 1257542.6408963988 7289864.106534515 7523400.76528763 1401920.874388029 1375698.891041176 1253768.613037694 715690.9071309785 2748218.506141478 1193017.8459709657 1214191.9751076617 1853103.526433 1668172.765518157 1383304.9445515259 987261.3071259786 945776.4278982477
-9999.0 -9999.0 -9999.0 -9999.0 -9999.0 -9999.0 -9999.0 -9999.0 -9999.0 -9999.0 -9999.0 -9999.0 -9999.0 -9999.0 -9999.0 -9999.0 -9999.0 -9999.0 -9999.0 106999.79199807934 247536.87260373944 122934.11291645895 19102.64051722843 -150411.47149704408 265067.21364032786 1066576.5997328707 827620.3685372202 1054274.9242263148 978089.8338489638 994243.4553366213 970494.4853293675 1075256.2652428455 969576.0254171148 838065.6425353177 715582.6710472014 613775.5943361591 1209365.5668718326 1349458.5711979533 1774955.6810290972 1441216.4315072962 1308352.2232329927 1494596.5247908682 1475443.2263283378 1527529.7994349112 997820.9067725367 816670.5780030453 813702.5617594989 1059269.7156986257 733702.9200176765 464470.4824884414 1852850.1140562564 1672520.625456442 572608.0365071018 341444.8959345325 697913.6186068633 1558650.3952237822 562865.6610613711 3312426.4028585306 1901882.3591337875 1297166.439841666 1488959.036150739 1272743.601155946
-9999.0 -9999.0 -9999.0 -9999.0 -9999.0 -9999.0 -9999.0 -9999.0 -9999.0 -9999.0 -9999.0 -9999.0 -9999.0 -9999.0 -9999.0 -9999.0 -9999.0 -9999.0 -9999.0 -9999.0 4608.25077562964 139538.25201190927 1371264.6466612222 929755.1454316799 389900.2758855814 426115.1765038046 1088514.576332195 1152187.1588626194 937294.5628306028 914631.5418489092 966908.7513945827 951067.2188000546 860431.1397676128 627373.4876231174 590376.2158712905 568326.498798138 688264.7025197514 838345.8366901483 688884.3011283833 618732.1114777022 1362182.593487821 1387914.9440159055 1065692.8727519228 1321024.7643068729 793129.2312955997 862657.2879105058 757973.0605543469 861661.5351650356 605671.2730653249 408582.8360220577 645944.7901469412 841647.6509753882 571189.858472211 303664.1676481347 475611.5503231102 698611.7128273178 1094172.452007395 1701541.9226652056 1251131.2646731979 1602035.585309467 1572240.389917766 1489730.2979518264
-9999.0 -9999.0 -9999.0 -9999.0 -9999.0 -9999.0 -9999.0 -9999.0 -9999.0 -9999.0 -9999.0 -9999.0 -9999.0 -9999.0 -9999.0 -9999.0 -9999.0 -9999.0 -9999.0 -9999.0 -9999.0 -9999.0 713597.3871850864 316149.22738168924 126999.13941725847 346571.69071734615 455107.4377287496 546958.4138775351 1060881.875888586 981923.8695251944 727012.0683154482 637649.430053924 196210.84998676227 452137.354318751 717410.9320170801 591780.3074219304 680076.7258172951 903518.6749665933 948374.2706743614 1083821.0420267903 647744.3401782849 1915350.85914141 802170.0131588146 1002493.237088588 708082.1211214527 582584.3093623425 704268.1173560272 602908.6877072295 430919.6005813818 465402.07469498593 636764.8834809505 1147421.8509774206 863430.5534437184 382431.20566128433 283078.2627921341 171532.5137610979 883236.7139676358 2642266.3182876003 2671341.3372751554 2050211.770272457 1776119.2665797223 1415041.5691932798
-9999.0 -9999.0 -9999.0 -9999.0 -9999.0 -9999.0 -9999.0 -9999.0 -9999.0 -9999.0 -9999.0 -9999.0 -9999.0 -9999.0 -9999.0 -9999.0 -9999.0 -9999.0 -9999.0 -9999.0 -9999.0 -9999.0 -9999.0 68216.0415161805 403057.98850359884 271440.00659776357 338291.2559757972 113642.20034022717 589682.6999036807 646721.3196526398 473705.04617693624 490660.76970740245 209314.32620129274 412699.33902804716 480873.90815626737 586200.3923848463 543151.2786956239 777241.6885206113 825694.758680108 771816.4702647415 771897.1474471809 610306.6494106018 0.0 732385.1892495626 701904.014556418 495735.9976014145 550192.5729995659 789179.8271976076 576166.8864534581 809552.7443370919 878798.8001492213 316363.3849948228 957353.0540488822 174341.32013519172 141549.307689767 268568.81471557997 1091898.8280751528 1891647.4016950172 1952152.907128234 2096395.8962326744 2476654.3800262995 1941916.3988196081
