critload/trunk/output/1999/nde_nat.asc
ncols 720
nrows 360
xllcorner -180
yllcorner -90
cellsize 0.5
NODATA_value -1.0
[rows 58 to 86 of 360, columns 65 to 129 of 720]
20484.26203359158 55087.331537354075 348028.3420246277 164638.51258065167 174551.89628739998 205260.65461054997 201643.69489768 211023.77775343 191484.6339641 264621.85948395 245201.70779975003 155868.53905223 151117.96816013003 77597.161216426 78136.0336736609 0.0 97941.96512191399 239205.19877473 328412.8049685 347633.04212440003 215105.79208020002 219182.83446411998 218128.98792649998 222840.24338281003 225311.05161320005 314369.52590805 317549.31968508 366079.42429749 225113.96232558996 222936.83419310002 222916.3855477 215129.61234174995 219108.63804179998 216367.82629398 217229.18035760004 215965.65878736 214701.80518790003 216491.01417749998 216622.67359194998 215524.08513724996 215547.23971563997 216859.56499609997 218476.92694059998 219146.58594859997 219155.3229857 220084.4143199 219053.08071480002 221971.82978379 227863.96652573196 257103.11474685 257304.37366505404 257058.05770571 216038.713885828 261317.41210230198 261622.65208213497 264390.51653432 264761.72561797797 266108.08051121497 266550.931306278 221078.88463858803 245856.111399925 235861.426850165 218139.861277844 214285.03128670005 214200.125527055
54889.288829593395 24022.496140448995 37287.490158059 13635.055867398389 44993.89152157768 291529.73079015117 588726.0715498663 204663.17890301408 156343.1411859817 156860.16434269297 180496.1578886283 120460.18334307999 156547.07520851 109145.69380346299 103405.331818493 102150.186126078 96352.38412711499 0.0 236858.15482941005 337850.33513420005 351136.74319440004 351522.07525560004 324488.53638281 355517.0602575 354636.15139387996 211883.20942318006 213469.03476450004 226537.15293715 221208.03827902 212197.98051153004 224090.42304435003 220712.27313904994 221337.09786893998 220053.83072699996 220889.56973179994 224017.7777103 223190.71711009997 221744.36460467995 221005.76235219993 220628.39978550002 222274.1419947 222436.20935829997 220297.98445425997 222922.9129805 223791.70352519996 223591.69079798003 223961.72528346 225205.62211579003 228570.5284273 261444.07819038 260860.31811538 262662.983896664 250763.680272644 263589.22515744297 280501.95683971 287428.95113173 279274.10565087793 286640.30349530897 289134.58353685 279781.97450923 266267.43147828 276294.36317591 277668.33649200003 278998.4083204 261731.31396345596
11386.149596000121 -1.0 -1.0 -1.0 -1.0 -1.0 -1.0 -1.0 -1.0 -1.0 -1.0 9269.407830296052 56868.93087559246 67536.75168650235 91793.29458966102 101345.98849401425 195464.49152195425 140990.30061108 203180.6219349862 328520.9052132391 270875.47348881 332170.7550838 363179.21445910004 327250.80247414 354321.979033 355644.62587770005 323314.0062686 209141.70866265002 364756.7488873999 356428.22929862 217835.44058528 229967.03644169995 365138.90503639996 364814.2863128 364314.1969013 225139.7019985 227572.35751438 229507.06845647004 227446.55127715002 225322.0585471 224944.71521623997 227483.84023535004 229060.21923660004 225601.00827438 225893.71091105003 226179.0066414 223926.7341912974 218566.71113276877 282728.4270110839 288747.82730993803 288812.420672775 291610.578938675 292322.13969481 291180.90918712 293102.738048673 297904.513184988 290056.56395161303 256067.97929110198 293265.253742585 301678.73129053 285970.267923036 288927.383774861 290407.559305763 292391.516595323 291460.07075015997
-1.0 -1.0 -1.0 -1.0 -1.0 -1.0 -1.0 -1.0 -1.0 -1.0 -1.0 -1.0 -1.0 -1.0 -1.0 6916.176782410936 85875.77247413975 146500.3101163832 206508.1091954296 207653.5980015822 197052.75066323156 150300.37202748997 213746.62501168 222672.60415784136 183497.26197326469 202068.09436919 307249.40186704 299070.45337254996 371951.17327729997 368390.40467833995 234820.02771887998 234252.5302075 232651.5339264 229474.1226931 368214.66070619994 226307.87206745002 227377.68644204 227097.05619249996 227339.48903077998 228658.39829190003 227630.08474970004 228555.25552848 226683.78120275 226532.87051843997 227455.7081629 239215.55235616 241269.63704416 243504.11680930003 291689.62148990005 285403.5887469022 293566.82143714 296042.143065499 272256.1513657268 281399.344235613 298368.44805055 303177.833112949 302686.801240098 305938.40895465 256333.64606741304 250248.77314374596 290417.188249744 294194.9092376 311864.97730128997 313163.16357994 311284.66377556
-1.0 -1.0 -1.0 -1.0 -1.0 -1.0 -1.0 -1.0 -1.0 -1.0 -1.0 -1.0 -1.0 -1.0 -1.0 -1.0 -1.0 -1.0 6317.866380388028 124976.77162529602 156033.48388492872 174197.1242949046 149799.38396321898 206655.07643814204 178294.68238519266 216038.03374394472 110502.345853744 221008.7138405 239401.11597703001 239320.64598994004 240741.86053190002 242497.53466248 242579.85386610002 240541.01080645004 238915.85865283004 237604.63062284997 377322.7241569001 374017.8494105 233430.7926896 232764.13436222996 237044.3433203 232186.73876125 371358.0287775999 230458.79482019998 231244.54304925 233287.13183668 243448.00652782997 249056.91406764998 242871.16928782992 293478.69498406065 278840.5904347161 290038.05731854704 306837.985131062 311555.00357045 319619.43770705 326179.24289152503 246770.01186762398 289064.6388598554 261394.25189617497 267747.79210599395 264026.76506703097 260889.33114266506 272092.7703372627 330158.6050479759 324983.58253094
-1.0 -1.0 -1.0 -1.0 -1.0 -1.0 -1.0 -1.0 -1.0 -1.0 -1.0 -1.0 -1.0 -1.0 -1.0 -1.0 -1.0 -1.0 -1.0 -1.0 30675.164537379296 93146.08564334284 134289.66945935157 131885.37805008702 129038.65150306311 132799.04071707273 181642.5281538823 229651.01676228715 234125.50308171997 215349.61261950003 226097.32927273 243585.5982529 245547.22670777002 236886.2052643305 243426.65112720005 240642.30953240005 382763.4630377 238071.2501509 237871.04591677999 378162.6019668 235721.886885 236318.52338653 377117.81992070004 375890.89981930004 366418.90000769997 368848.23854110006 236688.23778875003 250534.00465207 340104.7194909897 256086.55782063 304512.08214586996 311709.55188153 317488.377378952 325034.8987439 320443.25712796004 322930.52752732 370399.588384 375474.255168 375411.255168 382427.13454 381301.13454 342368.01021730364 280460.13520238176 361179.9185367067 294189.24127423303
-1.0 -1.0 -1.0 -1.0 -1.0 -1.0 -1.0 -1.0 -1.0 -1.0 -1.0 -1.0 -1.0 -1.0 -1.0 -1.0 -1.0 -1.0 -1.0 -1.0 -1.0 -1.0 105352.40400391497 206240.43237990327 204913.86451915998 133824.86495538865 195159.75703034678 87924.84692856926 293426.0610275254 158997.64642229 333695.67715929996 253571.41588822997 254125.34886177996 248347.33646912 251100.05084015 250167.99092548003 250348.2597527 391145.66550423 249152.00041465 391978.40644245007 389543.1658365 387091.7892732 254400.67144573003 253069.42164295004 252073.27418933998 379231.3366565 386991.5820533 246598.44185098002 250747.25777287 363411.79328 1189780.79328 1196750.335964 1196750.335964 380835.658588 380402.658588 391289.972283 391289.972283 403486.674957 403486.674957 412198.609595 389318.81696811056 406954.4746261444 416727.159223 427738.860904 431364.860904
-1.0 -1.0 -1.0 -1.0 -1.0 -1.0 -1.0 -1.0 -1.0 -1.0 -1.0 -1.0 -1.0 -1.0 -1.0 -1.0 -1.0 -1.0 -1.0 -1.0 -1.0 -1.0 -1.0 116399.94209751347 206677.58289230661 96856.70337837243 153205.98504446138 139984.0626630258 202820.20136989033 226435.81764369714 178754.76172496998 375947.7000628499 330371.66840245 378772.3056776001 252171.15561703002 397186.52324380004 398507.3997902 397612.7372996001 398454.4216257 396210.4655273 396552.21598065 394080.06235450006 395149.9281159 408563.1626341 255382.32484173 257056.17683522002 386613.4824590001 250834.86581763002 250305.66832763003 364552.123542 368425.082598 279420.29703078 1213254.780454 385930.335954 386089.335954 396687.882402 396687.882402 409052.856667 409052.856667 406221.1024830432 359641.14229587314 420885.690253 417604.690253 432762.663512 437315.663512
-1.0 -1.0 -1.0 -1.0 -1.0 -1.0 -1.0 -1.0 -1.0 -1.0 -1.0 -1.0 -1.0 -1.0 -1.0 -1.0 -1.0 -1.0 -1.0 -1.0 -1.0 -1.0 -1.0 -1.0 97079.03485570257 179167.75324629876 127893.94987817659 563312.1690692138 713146.0102580794 512588.1140052498 221468.72065158104 251006.23048548997 250179.4632366 251569.33520208005 250749.54767170004 262413.12265431 267437.49873238 263778.93967431 266718.56925507 262814.83120725 405666.8536962 405742.29779439996 424594.05822999997 260336.83996138995 270120.8439365 254679.08865785005 259275.11990131 262363.10121687 264390.99838258 270687.13157575 914123.7122355001 1009707.8830525001 1176364.5591188923 1117920.3598881408 409214.99924699997 450392.271566 425255.8730742142 474373.5544681862 487515.927403 1155683.295416612 375537.51398309297 449803.224826 440242.224826 466938.388772 1270356.388772
-1.0 -1.0 -1.0 -1.0 -1.0 -1.0 -1.0 -1.0 -1.0 -1.0 -1.0 -1.0 -1.0 -1.0 -1.0 -1.0 -1.0 -1.0 -1.0 -1.0 -1.0 -1.0 -1.0 -1.0 -1.0 60494.959707312766 192501.81376371378 292259.9082753323 471333.4234966713 352194.0217634225 564909.2450615361 249096.07235951495 269960.90818038996 266717.5919319 238512.79119967998 284818.53664724 266428.6446342 268921.12519664003 269173.91361655004 266305.57779462 276649.71617237 274972.21502796 430979.24042909994 263306.89118012995 264627.06746576 275201.58707858995 235293.92712023 267689.42223297 264167.11000625003 264834.09355745 844100.9008386 953265.3903350056 1121190.66308084 676800.991882721 802728.2081723 291354.87099870347 317015.59361924295 298303.75336415676 901729.4813356197 728622.9946274115 679920.3891491587 423183.9533921151 452228.528405 1222211.1407048781 1330059.340307
-1.0 -1.0 -1.0 -1.0 -1.0 -1.0 -1.0 -1.0 -1.0 -1.0 -1.0 -1.0 -1.0 -1.0 -1.0 -1.0 -1.0 -1.0 -1.0 -1.0 -1.0 -1.0 -1.0 -1.0 -1.0 -1.0 -1.0 59605.773600561675 463729.1454712521 756989.5428564779 373530.3125883539 560433.1518410002 702739.8665529483 238786.4507590718 255417.9705559263 241560.06200592994 283310.40010067995 885144.8105629999 286266.29678127996 286887.7249089 292524.85698 295435.14980024996 288944.4210871 293378.353376 293765.62582519 293836.982346 294512.26922595 265401.81406064995 283678.1742914 290529.65032699 294758.90411476 929056.3153379 949173.7437000988 921903.0997924181 620786.1152119738 1000129.1630093589 1088218.381727866 623395.5631756635 486080.74503108236 523087.4986178617 458762.26401676366 764190.5878709562 810646.7710080291 964675.2821737169 1023489.2047201702
-1.0 -1.0 -1.0 -1.0 -1.0 -1.0 -1.0 -1.0 -1.0 -1.0 -1.0 -1.0 -1.0 -1.0 -1.0 -1.0 -1.0 -1.0 -1.0 -1.0 -1.0 -1.0 -1.0 -1.0 -1.0 -1.0 -1.0 -1.0 251524.4069818369 579352.4542031588 544590.6859121998 321685.2583623271 451434.63166699605 689640.1652426174 272375.2235755748 691980.5244321265 824894.1484198639 280368.13981128746 287914.5225659799 290708.09001094 290091.03598145 294951.54202764004 287095.4577476 271001.9115689 280091.99508725 290683.57396287995 298736.90447747 304421.01616512 282281.5872289547 295819.35661419004 292399.33590869 299133.83853141003 311925.62807931006 327963.985337 388432.35507238004 884047.3843949845 557858.4987329717 567976.3341041704 559276.250504109 995695.2410184375 641018.339207597 566386.7637740565 732641.957368664 1001248.2029791337 995119.2805111652
-1.0 -1.0 -1.0 -1.0 -1.0 -1.0 -1.0 -1.0 -1.0 -1.0 -1.0 -1.0 -1.0 -1.0 -1.0 -1.0 -1.0 -1.0 -1.0 -1.0 -1.0 -1.0 -1.0 -1.0 -1.0 -1.0 -1.0 -1.0 46473.92303384324 194858.20054962186 318545.1436484604 -1.0 27209.047290958624 340276.47734845505 536975.8351384567 278795.4901867296 448781.77066120005 859975.4524497133 301679.29889750003 299604.11381973 296559.6901389695 315991.28414650005 299718.34875453543 303166.67216981004 297599.9675426 305154.91942245 313185.35941332 329923.26263626 322314.81996975 324373.83397169004 330909.65864933 320537.04163336 321020.65649354 330083.71042955003 354464.48050335003 1024532.3679775 1340821.3224838786 1290815.679359005 1407447.506465 1380077.900526073 894946.612143922 1354016.9047552596 1028596.8140687217 400572.3891066511 423805.14660193
-1.0 -1.0 -1.0 -1.0 -1.0 -1.0 -1.0 -1.0 -1.0 -1.0 -1.0 -1.0 -1.0 -1.0 -1.0 -1.0 -1.0 -1.0 -1.0 -1.0 -1.0 -1.0 -1.0 -1.0 -1.0 -1.0 -1.0 -1.0 32220.487768062463 156658.72671853297 97582.48225847945 73903.59311210057 -1.0 32405.92587219023 459769.95901863696 274974.5078694118 290790.8188231654 863922.6329257519 305610.16073362 289051.18717136997 296971.82665637997 298663.40979106 306085.74198474 330281.66555671 312934.23724542 320428.90582037997 869318.2826433581 320718.23966637324 996088.87622 889778.1905233045 936823.0170386675 337928.0710824 324570.8940788 331771.08996929997 332775.31996212003 346851.49987430003 366974.3177928 1424770.578334 386340.9932169999 1436216.9307900001 1436216.9307900001 1323875.510943431 1412108.1189040807 1271185.4796629164 663109.6434722834
-1.0 -1.0 -1.0 -1.0 -1.0 -1.0 -1.0 -1.0 -1.0 -1.0 -1.0 -1.0 -1.0 -1.0 -1.0 -1.0 -1.0 -1.0 -1.0 -1.0 -1.0 -1.0 -1.0 -1.0 -1.0 -1.0 -1.0 -1.0 38984.80089018092 590882.4794657832 632166.8656351733 267795.95647794806 -1.0 62000.04448256045 540951.3085700762 244324.43705175404 260201.06794811893 209459.7825598895 319174.45851705 308580.23900824995 311198.12381804 309310.67738358 315864.4062365 331822.46583745 334441.00217750005 998953.599672 339065.3777598089 357892.8338494564 1037242.3556667 823185.7415811222 362304.57380695 361814.98881512997 358424.10728165 370638.5590178 355883.0531743 520331.3319526999 359376.0192685 365028.70252139005 383640.44246596005 414139.22543111 1107980.02232475 408763.4707199139 858589.511268578 801122.627913191 433750.51322614745
-1.0 -1.0 -1.0 -1.0 -1.0 -1.0 -1.0 -1.0 -1.0 -1.0 -1.0 -1.0 -1.0 -1.0 -1.0 -1.0 -1.0 -1.0 -1.0 -1.0 -1.0 -1.0 -1.0 -1.0 -1.0 -1.0 -1.0 -1.0 -1.0 105521.25214742418 800081.7218688952 248532.71149128338 -1.0 -1.0 224617.4386126288 422122.60666510207 468586.8583848728 724944.1532466087 284669.4768017474 313680.74866558 315759.5104813 313361.01351698 321454.13645690994 336076.61434013 333380.1653323 350575.86225299997 362968.63347457 385052.76892743 1054037.8467825 1012667.7523829667 369556.4623839485 366739.42629532993 359949.1336663 355987.44200279994 373011.6872609999 375015.57539939997 360450.0122973 528968.2575902999 367613.34704319993 350279.63380855694 400530.54720380006 1137595.2371524998 542165.94379945 1459167.8176768562 788594.6499660156
-1.0 -1.0 -1.0 -1.0 -1.0 -1.0 -1.0 -1.0 -1.0 -1.0 -1.0 -1.0 -1.0 -1.0 -1.0 -1.0 -1.0 -1.0 -1.0 -1.0 -1.0 -1.0 -1.0 -1.0 -1.0 -1.0 -1.0 -1.0 -1.0 -1.0 169519.4115822197 440064.68246585026 23210.355344270887 -1.0 -1.0 -1.0 273109.70516293973 687840.7750110591 719710.4475028599 333662.91391721 319366.6931414751 326468.39782660664 343426.45006881 354271.89177185996 366150.56644938 379077.60759290005 386784.27184564003 452630.3195421201 456407.52213750005 1143436.6115834722 1096628.056423525 414338.76435081003 403917.43972175 388415.66902879986 387859.6862628999 460827.8665148 387531.99330569996 382731.1448818001 383106.9555072001 391461.2360116 550811.1812154 417097.83438003005 441909.82343669 474963.32333727437 1498496.8930486771
-1.0 -1.0 -1.0 -1.0 -1.0 -1.0 -1.0 -1.0 -1.0 -1.0 -1.0 -1.0 -1.0 -1.0 -1.0 -1.0 -1.0 -1.0 -1.0 -1.0 -1.0 -1.0 -1.0 -1.0 -1.0 -1.0 -1.0 -1.0 -1.0 -1.0 -1.0 56292.23612135519 278697.8265969747 -1.0 -1.0 -1.0 -1.0 118832.52081328645 427014.8367256839 742466.0992944166 277211.89496712585 300816.8980790556 411256.07245070004 352964.6027258 342448.8415692558 381422.66471290996 389942.95223203 1454800.2484476361 555661.4775627599 554117.8115631001 1195356.3040767973 1132232.5142662846 1091730.649599 402347.32011820003 395531.70986974996 379594.9135871 394837.97183846997 383575.42670219997 380948.11351185996 447068.9287509001 531404.5418601001 584826.7153859 419851.7521687 473372.50836931006 429652.47388958395
-1.0 -1.0 -1.0 -1.0 -1.0 -1.0 -1.0 -1.0 -1.0 -1.0 -1.0 -1.0 -1.0 -1.0 -1.0 -1.0 -1.0 -1.0 -1.0 -1.0 -1.0 -1.0 -1.0 -1.0 -1.0 -1.0 -1.0 -1.0 -1.0 -1.0 -1.0 -1.0 -1.0 -1.0 -1.0 -1.0 -1.0 -1.0 198702.17958816752 626949.1921200093 317208.2348438512 359262.36775810004 421853.7038469 439364.07323259994 544630.4805302 397898.15145819995 392936.06471263885 453233.89509740006 467740.96553099994 533204.71165563 1056205.7159820392 1240192.420881 1255438.7104830402 1159429.6822274 1167399.3643119999 450976.62203855993 452532.15510952997 435721.1949865001 438523.3834428 434667.2954986001 434749.8708093 601412.7148766 612666.3158306 637533.3686346 498485.63572402997
-1.0 -1.0 -1.0 -1.0 -1.0 -1.0 -1.0 -1.0 -1.0 -1.0 -1.0 -1.0 -1.0 -1.0 -1.0 -1.0 -1.0 -1.0 -1.0 -1.0 -1.0 -1.0 -1.0 -1.0 -1.0 -1.0 -1.0 -1.0 -1.0 -1.0 -1.0 -1.0 -1.0 -1.0 -1.0 -1.0 -1.0 -1.0 -1.0 267564.7246438059 825057.7409924236 332772.5802668383 326659.0175202684 1094599.3875137772 438252.65720119997 392943.77349289996 387727.4534046999 568382.6807184126 599532.8815562 477888.39643926296 500578.22242984944 471135.87925319787 1536113.9262970001 1235064.1353176 1214745.5211605001 457289.35567411 1104560.956562594 442982.61216320004 443164.63970740006 727763.1194068 734990.1859650001 521125.6181160001 622350.756905 647035.3454736001 647856.1526026
-1.0 -1.0 -1.0 -1.0 -1.0 -1.0 -1.0 -1.0 -1.0 -1.0 -1.0 -1.0 -1.0 -1.0 -1.0 -1.0 -1.0 -1.0 -1.0 -1.0 -1.0 -1.0 -1.0 -1.0 -1.0 -1.0 -1.0 -1.0 -1.0 -1.0 -1.0 -1.0 -1.0 -1.0 -1.0 -1.0 -1.0 -1.0 404114.0637298218 651337.5067576448 461679.2150223282 388461.26635625504 700028.2091930435 827976.685898439 395222.7365620077 371767.1784674282 514386.0931273676 744294.559127 785638.0999970001 519693.4875495001 519543.26163569995 574776.5395658 676418.415453261 716174.5716754171 568235.7635031077 1207512.3818389676 1080481.5514285904 1155730.2971896417 528472.3205319699 485814.11606923 483429.5740832 582690.1268602 564650.9145333 503119.98701399995 670113.4963171
-1.0 -1.0 -1.0 -1.0 -1.0 -1.0 -1.0 -1.0 -1.0 -1.0 -1.0 -1.0 -1.0 -1.0 -1.0 -1.0 -1.0 -1.0 -1.0 -1.0 -1.0 -1.0 -1.0 -1.0 -1.0 -1.0 -1.0 -1.0 -1.0 -1.0 -1.0 -1.0 -1.0 -1.0 -1.0 -1.0 -1.0 -1.0 -1.0 565005.6198790595 914212.6543795373 1048857.414272633 987061.7646730045 932607.4254796526 604259.7557358915 700517.0164071425 1010056.670254428 447054.98570044234 568696.0223224227 521553.2093644 526366.8568105501 574267.1303538 1282411.3585387524 1261022.9136595128 1158244.2308513876 1272868.2632 996369.2950377171 1201259.8095151787 536657.5351219398 1140380.8420170003 493819.88802915 490616.9161399999 487607.5584530999 512332.7994269 677765.6791884
-1.0 -1.0 -1.0 -1.0 -1.0 -1.0 -1.0 -1.0 -1.0 -1.0 -1.0 -1.0 -1.0 -1.0 -1.0 -1.0 -1.0 -1.0 -1.0 -1.0 -1.0 -1.0 -1.0 -1.0 -1.0 -1.0 -1.0 -1.0 -1.0 -1.0 -1.0 -1.0 -1.0 -1.0 -1.0 -1.0 -1.0 -1.0 -1.0 -1.0 129797.00443543291 637243.0190544063 1031880.4184809211 422483.1062117394 862259.5992402288 159672.43870387622 650614.9874500027 1064680.0258859703 1197958.2638727864 617561.5896270114 1263151.8455629507 1266464.6878737945 1414377.1509761 622270.5856580001 608307.9473786 1144460.7288414398 561456.796717851 607402.2722690001 585078.2016820001 571753.6161481699 571295.93436071 541460.566067 539402.1198941 1082613.9350347752 543318.8321074
-1.0 -1.0 -1.0 -1.0 -1.0 -1.0 -1.0 -1.0 -1.0 -1.0 -1.0 -1.0 -1.0 -1.0 -1.0 -1.0 -1.0 -1.0 -1.0 -1.0 -1.0 -1.0 -1.0 -1.0 -1.0 -1.0 -1.0 -1.0 -1.0 -1.0 -1.0 -1.0 -1.0 -1.0 -1.0 -1.0 -1.0 -1.0 -1.0 -1.0 -1.0 -1.0 279939.9703699243 741017.1659283804 1076456.6520284067 1057714.7695268285 660600.3348543958 129245.40491525538 245594.24962278164 622164.4670543282 859840.2348396042 1123236.5444287262 668685.8731131891 620369.4977509 639054.4351486999 513806.4872997094 1206474.7525516562 1297851.4915938368 1332299.3904010197 1245672.0729853786 1280641.40005 519056.3279295475 564418.9962794257 1382045.890450775 1252017.1991772146
-1.0 -1.0 -1.0 -1.0 -1.0 -1.0 -1.0 -1.0 -1.0 -1.0 -1.0 -1.0 -1.0 -1.0 -1.0 -1.0 -1.0 -1.0 -1.0 -1.0 -1.0 -1.0 -1.0 -1.0 -1.0 -1.0 -1.0 -1.0 -1.0 -1.0 -1.0 -1.0 -1.0 -1.0 -1.0 -1.0 -1.0 -1.0 -1.0 -1.0 -1.0 -1.0 -1.0 -1.0 102296.00092339239 918675.1746758133 1215840.7345580333 1001823.9867571357 128701.97670559942 147247.26025359586 1181368.5439112708 1602350.6541169998 842469.1007336495 747602.461251 736273.768549466 1371076.9833360014 565641.7445683379 1627766.878388526 1551660.8604928148 1407512.3624899026 1467225.438386 685942.0116149891 1399081.0039477157 1645822.5933490787 1222146.6664072121
-1.0 -1.0 -1.0 -1.0 -1.0 -1.0 -1.0 -1.0 -1.0 -1.0 -1.0 -1.0 -1.0 -1.0 -1.0 -1.0 -1.0 -1.0 -1.0 -1.0 -1.0 -1.0 -1.0 -1.0 -1.0 -1.0 -1.0 -1.0 -1.0 -1.0 -1.0 -1.0 -1.0 -1.0 -1.0 -1.0 -1.0 -1.0 -1.0 -1.0 -1.0 -1.0 -1.0 -1.0 -1.0 368034.53903622786 761382.2015485973 280706.17238088883 284670.59078309947 401923.64078369807 912817.8380162145 1625782.0674176996 851910.7626778886 734927.692120624 1199267.0972723556 955573.7435621886 929459.2207059335 1457194.0092837042 1232934.8379607187 1160992.4027744087 1256435.0504935747 1468738.5057740598 1351014.7672041112 1566732.859565269 1462283.007054437
-1.0 -1.0 -1.0 -1.0 -1.0 -1.0 -1.0 -1.0 -1.0 -1.0 -1.0 -1.0 -1.0 -1.0 -1.0 -1.0 -1.0 -1.0 -1.0 -1.0 -1.0 -1.0 -1.0 -1.0 -1.0 -1.0 -1.0 -1.0 -1.0 -1.0 -1.0 -1.0 -1.0 -1.0 -1.0 -1.0 -1.0 -1.0 -1.0 -1.0 -1.0 -1.0 -1.0 -1.0 -1.0 129231.3842311439 1216636.4210926287 1482393.4383115 1502736.4959255 1492059.6483709663 879197.2766011914 1456454.4263408314 1486433.0011085612 1496548.2355558188 458233.9250944358 803182.6923574103 431320.001931391 752427.5941434518 761659.5376766914 724993.1622934592 385406.6952739701 1462972.5814300831 1971678.3249346 1734854.0964678158 1597291.0290471497
-1.0 -1.0 -1.0 -1.0 -1.0 -1.0 -1.0 -1.0 -1.0 -1.0 -1.0 -1.0 -1.0 -1.0 -1.0 -1.0 -1.0 -1.0 -1.0 -1.0 -1.0 -1.0 -1.0 -1.0 -1.0 -1.0 -1.0 -1.0 -1.0 -1.0 -1.0 -1.0 -1.0 -1.0 -1.0 -1.0 -1.0 -1.0 -1.0 -1.0 -1.0 -1.0 -1.0 -1.0 -1.0 -1.0 582867.1453121777 1473674.4214612942 1392077.9168764842 1386101.57227207 789995.0255551441 1596324.169139443 1462897.229684006 738444.8636604077 520705.2742216503 445404.7502106627 389665.4735109532 846354.7794498354 863816.0365016734 608606.2997802473 223800.27398360762 1697813.9201835082 1801881.5604247996 1733178.9014239004 1854654.3403625002
-1.0 -1.0 -1.0 -1.0 -1.0 -1.0 -1.0 -1.0 -1.0 -1.0 -1.0 -1.0 -1.0 -1.0 -1.0 -1.0 -1.0 -1.0 -1.0 -1.0 -1.0 -1.0 -1.0 -1.0 -1.0 -1.0 -1.0 -1.0 -1.0 -1.0 -1.0 -1.0 -1.0 -1.0 -1.0 -1.0 -1.0 -1.0 -1.0 -1.0 -1.0 -1.0 -1.0 -1.0 -1.0 -1.0 81373.31002047998 1167828.5322609586 1351604.354786687 935966.5223133517 1574647.203522742 1656010.0130296543 1682212.536828028 382627.5516544662 521300.286878425 768664.2014534662 558880.3638743774 474513.2574875119 406119.2921514333 821739.5963740649 359488.3400607813 662437.8470636191 1820997.8426241335 1675345.5084892 1848362.0088713001
