critload/trunk/output/1999/nde_ag.asc
ncols 720
nrows 360
xllcorner -180.0
yllcorner -90.0
cellsize 0.5
NODATA_value -9999.0
[rows 135 to 161 of 360, columns 372 to 433 of 720]
0.0 0.0 0.0 0.0 0.0 0.0 0.0 0.0 0.0 0.0 0.0 0.0 0.0 0.0 0.0 0.0 0.0 0.0 0.0 0.0 0.0 0.0 0.0 0.0 0.0 61400.49644984018 122549.69122972473 0.0 0.0 0.0 0.0 0.0 0.0 0.0 0.0 0.0 0.0 32256.33211572104 0.0 0.0 0.0 0.0 0.0 0.0 0.0 0.0 0.0 0.0 0.0 0.0 0.0 0.0 0.0 0.0 0.0 0.0 0.0 0.0 0.0 0.0 0.0 0.0
32417.338893341315 0.0 0.0 0.0 0.0 0.0 0.0 0.0 0.0 0.0 0.0 0.0 0.0 0.0 0.0 0.0 0.0 0.0 0.0 0.0 0.0 0.0 0.0 0.0 0.0 0.0 85995.90464833968 0.0 0.0 0.0 0.0 0.0 0.0 0.0 0.0 0.0 0.0 0.0 0.0 0.0 0.0 0.0 0.0 0.0 0.0 0.0 0.0 0.0 0.0 0.0 0.0 0.0 0.0 0.0 0.0 0.0 0.0 0.0 0.0 0.0 73246.98252683789 0.0
0.0 16295.714526189144 0.0 0.0 0.0 0.0 0.0 0.0 0.0 0.0 0.0 0.0 0.0 0.0 0.0 0.0 0.0 0.0 0.0 0.0 0.0 0.0 0.0 0.0 0.0 0.0 0.0 0.0 0.0 0.0 0.0 0.0 0.0 0.0 0.0 0.0 0.0 0.0 0.0 0.0 0.0 0.0 0.0 0.0 0.0 0.0 0.0 0.0 0.0 0.0 0.0 0.0 0.0 0.0 0.0 0.0 0.0 0.0 0.0 0.0 0.0 0.0
16455.109144016573 16529.71352776213 0.0 0.0 0.0 0.0 0.0 0.0 0.0 0.0 0.0 0.0 0.0 0.0 0.0 0.0 0.0 0.0 0.0 0.0 0.0 0.0 0.0 0.0 0.0 0.0 0.0 0.0 0.0 0.0 0.0 0.0 0.0 0.0 0.0 0.0 0.0 33197.8650927951 0.0 0.0 0.0 0.0 0.0 0.0 0.0 0.0 0.0 0.0 58838.745139777675 0.0 0.0 0.0 0.0 0.0 0.0 0.0 0.0 0.0 0.0 0.0 76218.94255669332 74867.47733403306
33077.89081556266 16490.92495601412 0.0 0.0 0.0 0.0 0.0 0.0 0.0 0.0 0.0 0.0 0.0 0.0 0.0 0.0 0.0 0.0 0.0 0.0 0.0 0.0 0.0 0.0 0.0 0.0 0.0 0.0 0.0 0.0 0.0 0.0 0.0 0.0 0.0 16543.517411354092 0.0 0.0 0.0 0.0 0.0 0.0 0.0 0.0 0.0 0.0 0.0 0.0 78709.1843248257 78828.82473834523 0.0 0.0 0.0 0.0 0.0 0.0 0.0 0.0 0.0 0.0 0.0 74183.20115078469
0.0 0.0 0.0 0.0 0.0 0.0 0.0 0.0 0.0 0.0 0.0 0.0 0.0 0.0 0.0 0.0 0.0 0.0 0.0 0.0 0.0 0.0 0.0 0.0 0.0 0.0 0.0 0.0 0.0 0.0 0.0 0.0 0.0 0.0 0.0 0.0 0.0 0.0 0.0 0.0 0.0 0.0 0.0 0.0 0.0 0.0 0.0 0.0 318000.74068116536 78425.03766256552 0.0 0.0 0.0 0.0 66268.16097939956 0.0 0.0 0.0 0.0 78333.50383869332 77364.16161755339 150291.7172976318
0.0 0.0 0.0 0.0 0.0 0.0 0.0 0.0 0.0 0.0 0.0 0.0 0.0 0.0 0.0 0.0 0.0 0.0 0.0 0.0 0.0 0.0 0.0 0.0 0.0 0.0 0.0 0.0 0.0 0.0 0.0 0.0 0.0 150443.597306575 60208.967707371 0.0 0.0 0.0 0.0 0.0 0.0 0.0 0.0 0.0 0.0 0.0 0.0 0.0 322370.30553458893 290243.76900623745 0.0 0.0 0.0 0.0 157537.8261274752 67886.96831810313 0.0 0.0 238231.60859876784 156671.04372553685 154552.34208232127 0.0
0.0 0.0 65096.7436394119 127039.02245275397 0.0 0.0 0.0 0.0 0.0 0.0 0.0 0.0 0.0 0.0 0.0 0.0 0.0 0.0 0.0 0.0 0.0 0.0 0.0 0.0 0.0 0.0 0.0 0.0 0.0 0.0 0.0 0.0 61237.496384155 30264.114618143496 90611.621064396 0.0 77924.2342979014 78027.48789154348 78209.352956127 78180.67888284562 0.0 0.0 0.0 0.0 0.0 0.0 0.0 0.0 0.0 122015.41653534227 0.0 133580.92215465926 79584.72890214725 0.0 0.0 74863.38677470505 0.0 0.0 0.0 315196.29328266566 155397.22968241654 211533.84409687217
0.0 0.0 64516.48756395519 127772.2584542995 0.0 0.0 0.0 0.0 0.0 0.0 0.0 0.0 0.0 0.0 0.0 0.0 0.0 0.0 0.0 0.0 0.0 0.0 0.0 0.0 0.0 0.0 0.0 0.0 0.0 0.0 0.0 0.0 0.0 61311.70557409 30225.973969849398 0.0 0.0 0.0 0.0 0.0 0.0 0.0 0.0 0.0 0.0 0.0 0.0 0.0 0.0 334523.6788690189 224431.74657230786 474674.29070766823 0.0 0.0 0.0 411508.2168181955 0.0 0.0 401944.67403235636 320786.78711072664 160847.6836707325 239108.40102065148
65426.44223929281 130822.477076192 391695.444639119 197332.43790773643 0.0 0.0 0.0 0.0 0.0 0.0 0.0 0.0 0.0 0.0 0.0 0.0 0.0 0.0 0.0 0.0 0.0 0.0 0.0 0.0 0.0 0.0 0.0 0.0 0.0 0.0 0.0 0.0 0.0 0.0 0.0 0.0 0.0 0.0 0.0 0.0 0.0 0.0 0.0 0.0 0.0 0.0 0.0 0.0 0.0 0.0 76244.40471511586 0.0 0.0 80261.10748168621 80890.20686968707 578999.9716787102 246235.45035457227 81014.7102783497 244245.4376899847 158956.2098853464 79942.389210856 77870.21545894432
655995.158370288 328477.485498758 327306.58125759696 196842.09737180098 64630.0934453967 0.0 0.0 0.0 0.0 0.0 0.0 0.0 0.0 0.0 0.0 0.0 0.0 0.0 0.0 0.0 0.0 0.0 0.0 0.0 0.0 0.0 0.0 0.0 0.0 31324.250640497794 0.0 30288.838051922 213055.29215965595 214998.96493024603 30692.031937540592 0.0 0.0 0.0 0.0 0.0 0.0 0.0 78957.51884871148 0.0 0.0 0.0 0.0 0.0 0.0 561873.7286052522 0.0 0.0 0.0 0.0 80986.09468552217 655581.8721616099 325999.32304619247 575087.3701003101 81111.26294298975 485309.2148577796 79949.42175576068 238885.46028588287
668947.2527039795 468636.74569116416 266652.8297105544 262666.45437339257 66115.7780299061 0.0 0.0 0.0 0.0 0.0 0.0 0.0 0.0 0.0 0.0 0.0 0.0 0.0 0.0 0.0 0.0 0.0 0.0 0.0 0.0 0.0 0.0 0.0 0.0 64141.76469350998 191613.57911082404 156259.44442231095 554769.1353823 189293.06117345503 0.0 0.0 0.0 0.0 0.0 0.0 0.0 0.0 0.0 0.0 0.0 0.0 0.0 0.0 0.0 405717.3062730547 162307.5981122674 81538.4830757862 81946.43916618521 219239.77008972064 712237.5789323751 860317.1897562385 165066.6745352201 82558.15964541586 239635.97371285866 911564.7076540261 1413692.6257840046 652570.7444886258
938376.796430014 601955.159647079 467037.8861871373 333356.9430702107 0.0 66559.19124559526 0.0 0.0 0.0 0.0 0.0 0.0 0.0 0.0 0.0 0.0 0.0 0.0 0.0 0.0 0.0 0.0 0.0 0.0 0.0 0.0 0.0 160280.845678336 353844.5754437579 450216.1957675359 609483.23338464 573281.2030222701 437598.7129453 157826.106096027 0.0 0.0 0.0 79869.8365698617 79687.5519788195 0.0 240361.52900358033 0.0 0.0 0.0 0.0 80709.23760638677 80778.97012366816 0.0 81281.55026462287 81136.16750200037 81641.1027850764 81733.36873167631 81974.5296484583 489843.1677997042 820610.0581648989 1483503.3013082969 1738967.47699018 994532.7758596881 1162825.5727045143 1655609.956066322 2824975.0852384977 1711134.85044235
1512283.0819413043 1643513.3422530529 1777415.9497043237 1368336.5381838707 1158804.2312880259 886809.5950406011 406305.5299804449 0.0 0.0 0.0 0.0 0.0 0.0 0.0 0.0 0.0 0.0 0.0 0.0 0.0 0.0 0.0 0.0 0.0 98695.15778133813 329061.2826815754 165396.108306159 297712.45429433224 795915.3785675031 795175.121633973 892665.4027491937 849548.9947152161 752765.9740397542 662020.0121604633 461684.4352490535 165165.1885250118 152369.644599032 160737.5735216959 0.0 79444.193075163 241738.2422533129 242499.31192956795 161399.4969031412 0.0 0.0 81596.1876658245 81865.3793521298 81920.77498894524 82754.03237890857 165176.61952709823 333129.3332923172 83265.4405714102 472478.9033231412 1178048.9214857635 1259265.1207558007 2182549.414763678 2530561.3883566875 2195156.2916555926 2709544.321689511 2703543.3976028627 2835491.554602518 1629881.7476659513
1860647.2124914355 1997973.7354655077 1990241.1129115543 1853239.455687473 1639649.5743484693 1475363.5434373925 1087985.2472094207 340222.49225118564 474447.6946466291 813173.2735511063 270097.66373905964 425331.80885944766 190668.44940024728 62778.685832819574 67147.23887503371 134236.07008832844 98250.8595187142 130981.66367038661 98102.43031547361 65391.70631783833 163754.9503418702 393040.8385753017 361032.6135734003 393777.67689267814 329842.99125018826 527829.1933221058 729659.5141159194 729571.5164593705 931613.2078248613 1029117.7970585835 995149.6118787555 967248.9461063326 961684.4254547325 965988.5788471845 2248450.598321561 2280779.727396084 979509.5172585057 455149.5199977929 160459.3353095548 469964.40158670774 826174.3644073451 509496.0026975399 76969.32969355457 81001.81361504705 81712.10281842221 245568.37442886544 246003.3983945468 575441.7121565109 413670.1052669334 248055.65013570202 500509.5298625592 250250.88090646634 665362.6476805385 6306074.781080055 3060316.5444829864 2446355.5019487026 2463925.992645521 2654832.2424902036 2902496.7489023716 6933875.413608281 2966757.1812929 2738455.373882928
1868205.936531561 2194609.9991006963 2375955.1508356477 2180948.9410601864 1773864.944601634 1801731.1675267012 1465753.7102276261 1465433.0881394858 1386366.064189948 1526711.8429917933 1175030.6570444303 1314539.2407362815 1172107.8934838953 1240811.3898945346 1100275.2181149595 582219.2086231913 852097.5754838554 987360.8919036268 948901.2368824623 845514.6450179067 778043.7619003488 744190.9325963882 644412.7463064642 814097.1988944365 922221.2483814213 853861.9153347317 929452.5067252874 963580.6532940349 968520.635890081 1072953.574326844 1052007.1573089631 996134.4333022598 1090051.7171373577 3095257.6319266614 2726231.9272619616 2766128.6147728134 2203486.812540443 1377112.1042238008 1010062.5220477453 1081351.5668371744 791041.695135985 429211.5000706737 203766.47740517126 357514.6175712203 500616.9058037451 582384.92681262 1561587.6172391495 1350764.8348641703 1176579.010092119 767643.3643198861 1370935.4164868314 1285169.4113530694 1489372.614905474 5239339.898425488 6680769.539346962 3103307.6074638064 2876404.765782072 3141696.78527675 3099980.077134001 3120632.7244706075 3085128.321171124 3488313.8262044494
2216177.6796426866 2845659.2453732383 2444526.86612451 2905077.6575339474 2073874.163431011 2916827.50386519 2253911.086732945 1913811.929146155 1662405.2702273692 1809852.7745846154 1664239.7565770557 1526008.3630677734 1450954.9967352632 1727273.3281769487 963722.5651514347 719576.4295007767 1059493.5557440384 1026077.9675031997 1052388.9315546618 1053955.2938511753 1049071.9474579252 981748.8132033591 1019925.3691590645 1020000.0297116188 1061108.0423512184 1061524.7081385886 1069205.0344923213 1069525.3370181092 1032671.4657824165 1068268.071177751 1060070.3232665632 1072673.471027557 924360.4535728688 2854525.1887758034 2902981.452537761 2667194.998378607 1936175.6510171832 2421753.483053158 1845440.7235261335 1850240.8832654664 1311081.3131490517 1706695.1800612153 2061865.0433884363 1760631.5176254096 1755471.9032169464 2479205.5648497073 2646635.6119096014 2690787.365149693 2560090.399885277 678983.3483582349 515791.78553809767 2627945.3882617415 2630210.8778473297 6855992.92007262 6638970.378177421 6913402.648682307 3128514.9630066473 4508919.477682662 6713778.027913532 5574349.353994997 4610768.876387493 6024253.144750476
2657182.4155254285 2993284.026955521 3155837.8383438294 3165632.9770431905 3089914.00079713 2048255.5175137464 2624237.8154685902 2391930.503769329 1905309.184064457 2090904.2332876278 2003251.2637737682 1859584.0285034557 2073322.1780361515 2421795.1622218136 1568331.737034241 -9999.0 973031.4826454107 1137599.7750419015 1190467.8173428478 1105911.509670269 1095903.3953031106 1097564.6011839726 1103626.6641878085 1103617.2073503197 1085021.2301003763 1113135.5958197995 1123438.2371123713 1152677.8899532075 1138349.6990023674 1108747.750777504 1098968.685789856 1014852.6491395067 4192314.691811282 2398373.7975987666 2693834.31680774 2547538.7615985507 3778406.014134157 2256128.440857929 2592752.974554062 2591374.655809661 2543409.716528575 2538508.2012596843 2604665.7425246197 2733297.3817336885 2758082.061409374 2793620.022739693 2695902.903034488 2877322.4443068695 2832062.350428842 2286847.7513738987 2309601.8903514873 3026147.168753254 3236192.4388625682 6621538.245212613 3407957.5670599765 6390634.847353932 5348578.1052672565 4308447.258823776 4664800.08129012 5820130.375446876 4809952.430302384 4843476.824106398
3073424.53086798 2883501.7925758385 3558399.0108935456 3195702.4879990523 3244336.7727185427 2878288.4349665307 2724918.467338412 3152000.258283962 4318025.127277845 4719583.612721187 5056261.8618671065 4128008.8000434823 2729209.064384851 4832820.634364312 4002293.7721810285 1275043.0675193123 -9999.0 -9999.0 812523.0379971117 1065685.1706533448 1027892.8195061054 1030106.1070010863 983905.2001862704 976911.1671796364 1013666.1835402937 933695.7625095249 1022217.4639186722 1020647.1055751208 1002608.7256471913 857226.5698797066 1048804.9326306202 3403081.1823198325 4854600.927621331 4684948.732874204 4420075.448607606 4067955.6562033044 3442797.9632264315 1935766.3735579974 2746106.661818363 2981733.9709091075 2792623.10769718 2616188.454258304 2808243.383171919 3048545.897614138 2902981.4345867285 2799580.4697841066 3025832.038720796 3104043.494012039 3031474.4154060115 3071868.3112400793 3174919.364755919 3144908.895011995 3224055.0870870305 3223307.272629611 5907794.155180732 6024393.081548571 4677238.810978964 4990001.667885013 2795567.8119897367 6556445.129881246 4598785.320891712 2395997.874303945
1339047.1898139168 1309327.9303178878 1472764.0623364951 1076363.2347997343 1429204.6403232918 3010127.7306814217 3571509.4506694023 3763922.3818151415 4127251.670554009 4316168.430415078 4055648.379299057 4099861.484803914 4607855.329338686 4239757.268816105 3791748.810759222 2483801.6418242306 416495.2012094201 606248.7869914751 876423.7991199393 1022285.9905879337 873509.0261509903 824303.3837239707 731619.6863632458 818075.6268215327 884644.9657510679 861194.7388915911 817599.9763040723 890421.7362611002 873114.7748260201 756361.593154617 892840.5744538254 837193.63311659 4359308.233434318 3361379.658839973 2906554.412859651 3893012.731851139 3899467.6830594344 2294188.1281682667 2816882.8121440937 2952146.1018686295 2927392.5655248193 2588117.2823396744 2684754.744492669 2857810.4833987076 3037847.1827823357 3163840.362899218 3208056.153411943 3221480.127343541 3099261.9153174087 2813516.9575370895 4686129.8140889825 4691977.004957053 2597073.661009339 3223600.952094293 3841980.5827621524 3864253.1999189453 6464492.689067157 4563695.691917913 793595.856633138 1540737.7912216666 4294280.560464133 1789108.8876344818
1861549.3812270705 1157625.8259082716 1120759.0794592123 740646.89377345 993673.0756905474 584935.4319725111 381252.61925826606 3574503.2622783547 3817779.4882869143 3603046.1667872574 3008804.623558715 2800876.7929494963 2590192.3393936465 2967508.7461791006 3333837.2390196156 4074820.8957725423 1903630.47899996 2360806.065371422 936351.7861420098 795213.3313430717 770004.302508397 746929.8354603621 3312890.8291879483 3377470.44441511 776547.1836566197 3698013.757370635 839230.6304383732 941345.4157862278 976462.8065403713 925499.2624504502 853825.394468044 838176.2938688066 3701454.298466143 5287346.3157355245 4235608.800729866 4495045.832133443 4513532.806852874 2476912.629348496 3090050.8408520147 2916617.7709003696 3032200.2850536644 2838836.5525974645 2846708.8601194317 3009363.6937044803 2639196.595598506 3195570.1001038644 3174943.7527411343 3180087.4998289733 4539600.767974861 2833637.0064960574 5073134.915764196 3198927.4763787203 2561813.5355930314 2340752.153955493 1634773.463197154 1800408.7197295846 4789312.816618713 4614080.969594326 475897.84985782084 2856648.1721298345 1943068.3234100463 1492226.9789860863
1620169.1019466065 1766860.9820975226 1140420.6613749848 886919.909410505 878036.7123994296 738767.1633238813 779111.4079063854 994233.7488565268 991569.0321725633 846719.0883027257 744301.0336951308 617449.5065022121 372144.1290195958 556988.0653295221 2660952.304956612 3134025.7970110257 3936932.255599936 2000571.9404814928 961433.9287098368 878044.5132035917 5080880.596780124 4980671.919534012 4348512.636359216 899375.5512276648 4038938.5880394233 824665.5218226301 1074879.4557732209 982073.6013320483 1006366.3619057083 1076669.482266703 1056722.8992053494 1012023.8349725369 930682.7903274643 2380025.217398756 4196209.36495115 5880858.374062501 3204663.233002053 3081368.159824768 4166033.3611801364 3113976.948324051 2479678.3145178845 3172415.350923999 2798173.856576242 3243042.6565666324 3165049.7612383994 3110976.685040236 3046800.225028501 3149837.8808941767 3440260.973914797 5094979.101640766 3977870.9723055772 5721208.910666953 5841266.894134523 3614516.315171732 1783190.8956556243 6853185.815106294 6490098.896245613 6241243.691444984 4514683.053193459 1619873.1422412926 1625549.4308463866 1700137.8907493409
1005640.2196871904 1546894.4251082777 1062701.7447994608 716521.177952587 827160.4191267987 926601.0048122619 963763.7094467401 721627.8108305985 1157646.0565867345 1289372.7295105367 988139.7905010084 1380280.5743494795 886941.5639129163 1171000.9648355262 1863401.171392292 980580.2158062992 5957800.153706053 1619483.0997555638 4182528.8783894004 865334.5799407563 5313362.646808987 5318830.368290894 978348.5471554801 927588.9931109895 808691.691394375 983569.5378277634 1048813.1584406723 965677.8831922383 907974.0809307172 878192.1988813548 1007007.7276269861 1121743.8035432547 1032001.5104819253 949524.0200812959 4195201.232632724 6077917.936592043 3250656.937212648 3117830.439405553 4923745.5454164585 3165213.9091851 3171109.9817225635 3209187.469063201 3251080.402235201 2335229.8361640396 3248486.036949186 5593329.985804273 2960305.549434392 5615096.008787807 2804873.892670115 2778301.152350622 5269168.783587782 3246306.5642567547 3317092.257411198 6378925.972508789 6361108.756141738 5849105.11095685 6473046.041881075 5693731.584769798 1709726.5852838513 1401448.3523309932 1880008.4016124872 3059058.2702367045
1144229.0443880996 1196158.313635618 1090672.207055619 980190.3757663476 743092.5793607138 1639919.0858308412 1716006.7848468008 1612522.5352060886 1996544.6655662456 1768427.6777416877 1612751.4711066212 1616125.9914458669 2058443.404386541 2439410.15437065 2140368.5632797354 720733.9481073107 4263978.897989946 6841227.441870505 1103132.29616438 1191901.4810300313 951784.6122985303 4965986.02754409 1002349.3951154333 965204.8470999594 945155.290823947 997489.0591552047 1131353.3213073316 649156.2363737824 963486.3711090101 1023194.8496575779 992568.1657785397 835880.9007266646 3093620.399821703 3259434.1010873746 4566345.812481837 3127683.7142507895 6326867.525914566 6104313.620133002 3913331.1379509787 6175139.884031438 6365605.87987581 4035718.8779052165 3360132.9060036754 6588117.709669022 3376501.156000328 3259630.786175904 3355929.6458783317 3093412.0444013323 4448844.301199619 2835707.3712464105 3246653.854323352 3506041.4635123373 3566271.2939832364 3458915.1905587176 3782357.841624306 3512614.1449651658 2986467.4313428374 2250241.4880087767 4260363.9940661 2192870.431510796 3418129.545443628 2085312.579861069
1182730.3577874708 1082391.161475364 1406696.0591116743 874526.459288332 1508216.1154149864 1231141.7468398693 1141625.9143112735 1205785.5797885053 1360149.3471766864 1445724.4818869934 1118774.6578947527 1781344.199313487 1769407.3704929564 1658712.990593426 847582.3070582575 433233.0022437683 5529779.369972936 4525330.81675942 10417993.103617461 1246338.0687522735 998011.0323847445 1189311.9427618708 951652.5984685688 1140463.9921867203 1146362.8964332351 1018866.1124204539 850547.1660354945 1002167.9934818733 985907.8459447623 1017160.4174172536 937083.1965517183 1548634.687835475 2850591.308278258 2288315.0460439865 2836933.773058084 3084182.910073126 3951307.3775446266 2818309.798025992 3926912.9454577076 3149297.1096650073 3189225.8247205736 3286824.329429144 3318098.455498886 6652119.051608858 2613637.6433437755 3363251.306948931 3372891.5115192323 3366353.6325707217 3029697.000329183 3095145.202473376 3477467.5861819377 2501005.2460065586 3511575.896697816 3766534.553097345 3891509.197111893 3643678.2516022082 3661336.5407567895 1736596.5669305297 2724113.4348871703 3924657.461014976 3542232.3033755193 3186511.4729589345
1181659.193997838 1127358.4209438905 972787.37822084 965874.4472879686 1050310.1825173055 977881.1267168676 1116782.1736064095 1552942.1249459402 1020926.2107514471 956699.7865869261 855917.417845758 1687124.6781994323 1568246.4639741078 1317241.1327365064 4048077.670658229 5386434.79739977 4891147.829319359 964129.8150613664 5272133.809529553 1361318.784926301 1218598.893768421 1171186.1078264525 844210.251354213 1180871.0255678734 1037574.6638874321 4482447.5251701875 1061487.3071458293 1039987.8449455113 1053514.1559755895 972897.7750364192 1259025.1315281887 1015439.9758903668 1025146.0318875351 848112.4343116943 983699.568491907 3789053.828603484 1095079.7990035424 0.0 1089328.6857395745 3176417.397398644 3307062.874225168 3277398.310943443 2700437.3238440757 3369026.655178349 3399634.2625654503 3381292.971932159 3443052.7499912814 3423052.1716087065 3024482.815539674 3162353.026386008 3515955.8511153753 3549608.3760140734 3092037.723454883 3729196.535510633 3676766.58895874 3522825.477634003 4660931.55816418 4116613.5169736864 3835875.8346801884 3899181.185568134 3502873.6500962493 3614299.843193786
1512156.7529616435 1794601.744075201 1113329.7419601749 1393392.1169032347 1598331.5610302538 909845.8894067836 741290.7090095398 1719295.983696775 1872706.2278398133 1116278.6018246766 1709808.4097016267 1273530.7184784815 1325692.595687034 1093162.42890022 3225481.65543299 5969348.478080402 1569469.1859762974 985489.9592775814 956902.8078575637 5904051.214863857 1193114.774194623 1172445.6964634452 1171193.902146029 796639.4174989336 1025853.4293112501 1135558.0019291125 1319140.6393686598 1021097.641317118 895900.2448732577 1003615.9899641108 0.0 809486.7318194954 870444.1536829604 631610.9207290942 316586.2910690252 1731036.6640494736 2550593.5956818783 2181869.761075886 2545561.2627371936 3239719.2629744858 3123238.4545175424 3364430.126171923 3346990.6831391924 3457654.9217737312 3437099.6011746246 2751803.6904163 3330811.1497091684 3218136.4473839547 1254306.657822315 2914505.575555332 2901162.5160487257 3213487.7862759326 3214075.6443150025 2799923.075279673 3542127.138540477 3444078.8734650007 2846954.5730280383 4116913.2137037795 3370111.586919143 3098467.073075355 4289339.924475154 3072993.1899884064
