critload/trunk/output/1999/nde_nat.asc
ncols 720
nrows 360
xllcorner -180
yllcorner -90
cellsize 0.5
NODATA_value -1.0
[rows 116 to 144 of 360, columns 130 to 194 of 720]
1233760.3860381257 1736457.7863363998 1760144.8193905 1379921.6165964208 805585.5584870242 585539.0542337082 859809.5843117377 1768482.9982308145 1803114.2360552372 880059.4823083483 600521.2323076858 800039.6548243561 243849.410496498 120725.97129841824 230583.38294697963 230585.99103921306 41118.77225610535 175840.17330883388 2412.2711377205983 2412.2706657647677 247179.64336822685 2776.661987941658 28100.49758207441 3337.829355565243 4168.700438916555 87961.66642201194 8173.127097397154 8214.466808148214 60309.97410166542 9091.296324604291 84902.67782094674 334798.2232943533 159955.04961022965 1623002.2795682705 2489767.8954724055 1137488.946070312 2563205.216781719 1233438.6794087642 1631450.1396051298 3645566.229015488 3156146.9411390238 3297950.701786718 3034982.523596434 1454421.9813370816 1920058.9617052935 2715365.439446929 1323347.285732049 1729604.6931217476 3145767.61798265 2608718.7623685277 3006763.113597114 3277603.785584318 3704542.8687207913 3010908.5300619365 2996553.0588983516 2558118.423948265 2856972.2240031473 3234302.8781956783 2859446.2162977536 1485390.548050567 2993698.0309409588 1357988.5477921134 2347947.182806027 3212679.6145173237 3294709.691421856
540022.634339184 -1.0 172192.7403364 1118593.3390785 477676.68835244444 278303.9730601874 248428.3902744255 1541215.8165820884 1809611.6753344308 1419785.5822678092 907289.1485849957 492082.18501602014 382371.50750260067 151673.33834543097 283176.0721312202 222318.7628183883 1862.0406235018102 233887.9183853559 65178.395926164056 2426.5119723330017 2793.053292600041 2793.0526355717684 3357.5285577570507 18644.887511527137 4742.26224054147 5487.343216681228 7020.217989210366 5763.79795189376 49678.693415990805 76780.95093284512 20156.819804101735 13962.786759538914 169315.4026207218 3248054.2356537646 4219233.612344898 338842.1490498226 1472136.919135908 1685916.4360851862 1975783.5801207726 4015489.915263627 3124819.557158373 3830984.333172794 3235475.446477592 2843213.733097598 1695524.5403532502 592427.8360927537 2396049.357171704 2440834.839614268 2925974.0683086803 2865740.8447844638 3401922.882050354 2956522.308726144 3966581.9664599583 2542599.8573457752 3126054.598819847 2016044.561771242 2786690.4821864227 2387417.4837761796 697392.176403158 544062.5775230238 1250456.7241247604 2018675.5157583326 2129298.438488134 3230159.554009353 4043064.919691995
1180460.88393582 -1.0 -1.0 80257.49591072768 439115.4249105196 472682.5825520302 244634.55642724395 286348.25870431215 981604.0312573717 1115436.4787485145 1058030.9683401673 550807.7351151092 409556.44291781675 150205.91311859892 115346.29324337066 283085.7225232518 117381.86836939139 406270.7744596339 293864.6299479326 133120.0125108177 2763.1489129023726 135828.8016632903 268572.7996666613 3261.37373781884 7949.166071944615 5438.831209313878 5927.740618737896 5938.868093628599 5816.1284542082785 5815.884491446812 156337.27498713727 155781.35288846644 459622.5142076588 3855719.3078600536 3137890.989142758 613732.564599394 1725134.1210974976 1774564.103055709 2085149.9600935294 3327147.1924626236 3858029.3077370087 3680990.3411442474 3456269.739519717 2638765.3518915987 2595967.295211657 1255156.4338848537 1645097.9374963692 864896.5198669601 2008699.2266986538 1913629.7435409455 2603326.003203964 2827656.1369534223 2895453.0975677217 1111500.4323449018 1115459.0374762476 1185171.527718313 1980184.551768559 1817354.66372461 2241615.9641985665 1046109.9538249725 1201635.6981982917 2699558.7105342345 3029605.7050962346 2823468.4695190545 4120909.967490682
1163823.4986166987 -1.0 -1.0 -1.0 318676.6888632657 361102.63866813737 239237.21369730102 180434.75634930367 1327339.1220302805 1681351.3789714603 1431635.4512448786 1487144.5684491978 2221670.3037197404 1968551.7594199267 62915.692705338486 284693.7653327099 234115.28411628108 292283.3290541651 416632.5961507559 211228.61750269483 97627.2573147061 2788.6357857550834 5381.852333865303 5382.641410578177 5379.671261826344 4016.2540306884334 5392.9302579018995 5969.66029741939 5851.59938528591 5843.313716202834 6804.597987712973 2576144.7375858943 2675437.200015531 3368579.0510273855 2407225.780732098 1472211.1885779814 2208399.891953318 1425795.447830811 1292817.48838851 2383139.097264798 2777872.730418053 2906557.3941863 2670480.9951049085 1713264.9781653096 1327424.7629362324 963531.6143191187 1390722.5581979617 1394538.6243583462 674414.3334423823 557527.5812775434 1188382.7627490445 456040.62817931216 239541.22569336044 53749.15394295265 248473.65327198303 208296.2118147259 91773.45761920876 404211.3029271403 1211949.3272971134 2738418.9237094317 3704444.6410975587 1856838.7192914372 3592446.8406772637 2326751.995706109 2551309.4867489594
1501795.6291083668 930037.80313232 51790.182926445 -1.0 130908.82104394471 512786.95605235046 414561.3208689346 200548.02018623528 1889814.612635421 2012070.436048797 1952444.3675758182 1953809.8872113896 2961387.0932248165 2799167.1745708613 735288.5904319339 46114.58182337288 62297.35661276632 169448.2918433379 182721.26369146392 137513.18978177392 264108.70485949755 8556.004835351097 3330.726042739205 401763.8797147946 130536.19653957296 429388.52666986175 751734.3884433729 203923.05552275796 23206.55791595979 425483.0208244275 1350927.1676376876 1503174.3841043888 4053682.7344823964 3255480.5502262353 2507042.803192918 3345726.065258252 1722351.5302423371 1096810.4066927447 1350258.5748843893 2583683.2444340037 722837.8683268428 1243418.8137545695 1108170.771066871 1209639.577294304 1978373.2300486367 1414426.4208029462 1113412.1822571806 1735613.0036176986 1006346.9160104169 1544179.1096484482 1266202.3405748967 383587.36497292935 -1.0 -1.0 -1.0 -1.0 -1.0 -1.0 -1.0 1053631.045516597 1176803.3769693524 70834.91871948584 548839.3101043324 3142451.3006861336 1810216.8475228553
917539.2294421882 1529307.262451567 1168039.6042819 -1.0 -1.0 474478.7853029354 528408.6490261828 575554.136529941 374910.59301237913 1155497.7783030204 1920489.2963748653 2433141.256483429 2339150.2925090953 2443054.0892894487 1414692.6209543017 81425.95851220934 34148.79363627859 121976.61808148873 229207.55547923443 229095.81455112074 395592.06798011425 474090.0359099451 1028450.0297380456 1762968.3818443709 1128765.008284592 1211849.4349829867 1558230.2437490302 811491.948096019 79936.74985130948 146032.68524120864 20425.74148188517 464195.14294882724 388263.2658628714 280070.5267279106 1886704.6408883843 1901563.3084359583 2230623.974468691 871625.7103987265 811639.8485155486 864950.1601384791 331358.6464275334 -1.0 -1.0 -1.0 -1.0 -1.0 -1.0 808671.386162151 1337601.537334464 920155.024305236 584134.6687290686 781888.7391953447 -1.0 -1.0 -1.0 -1.0 -1.0 -1.0 -1.0 -1.0 -1.0 -1.0 -1.0 906109.4972897095 2244482.4076250363
-1.0 871743.0581169154 1404368.9782283863 938528.4450729999 -1.0 156544.91720882352 530329.3905984343 598298.2690484541 354494.9074649699 2167607.7658955595 2089698.7691479418 1939339.4871687498 2120466.999607208 2124339.084368665 1665148.3347047763 1071962.4625124172 446896.1741247098 81930.0061871785 143410.1666378373 226463.48390774766 148477.23138501841 51375.24608596947 261501.75171579132 624238.5762060524 649149.9644364512 1686991.3490256541 2799701.9776003007 2061335.7808430225 281346.2321702581 29082.577400180406 7118.197764356352 160126.9707783048 329405.05843404296 680050.7618636047 507271.8186665349 839169.1218326036 820824.9474663323 1707426.9123659637 1582481.2758083958 461474.6468326504 -1.0 -1.0 -1.0 -1.0 -1.0 -1.0 -1.0 -1.0 -1.0 -1.0 -1.0 -1.0 -1.0 -1.0 -1.0 -1.0 -1.0 -1.0 -1.0 -1.0 -1.0 -1.0 -1.0 -1.0 667148.4936614118
-1.0 243404.5380590381 1490521.749587982 1481421.409144498 487822.99539363827 -1.0 12258.329966106068 373544.8654341175 203052.27825211553 1152867.6926739803 2364809.8447123263 2244035.4061798174 2002863.2770676936 2198914.298977968 1635273.985502428 1604803.8014528062 8259.482494064752 2273.644173270604 102371.82697460723 106250.70349173117 51617.65274832367 100555.11260211593 419653.6689034373 518209.19391298137 593979.9504313646 770571.7774106741 1505362.4849615043 1224283.050143302 662868.7689558772 550528.2554849058 7007.442624229535 7007.6879554878715 331868.1285050028 267162.1352793042 411676.54369341116 1288968.228241203 2081725.8851824373 518968.59004872583 -1.0 -1.0 -1.0 -1.0 -1.0 -1.0 -1.0 -1.0 -1.0 -1.0 -1.0 -1.0 -1.0 -1.0 -1.0 -1.0 -1.0 -1.0 -1.0 -1.0 -1.0 -1.0 -1.0 -1.0 -1.0 -1.0 510086.6139556818
586408.8567872241 879381.6672186735 1240574.5273369646 1312557.5702020656 922156.6885521782 87159.57485317653 -1.0 -1.0 40128.37339213202 387442.88122188067 1951419.0633943295 3060021.9478752865 1906298.252193449 2941984.5001366287 1632093.275507215 1410268.0629408918 166074.83364179562 2640.3766998972774 97215.84204999304 153376.17681595145 155446.28825487365 257508.33240254238 590799.1468383076 429029.8026814757 485446.60762506933 667040.2405685906 990957.4319059191 1012019.5081688083 1198695.2207224444 1369639.5271432735 305082.83594763064 81318.51873913834 7476.12453912613 344092.52297105803 67981.65002744805 1664239.008685171 89821.43509973292 -1.0 -1.0 -1.0 -1.0 -1.0 -1.0 -1.0 -1.0 -1.0 -1.0 -1.0 -1.0 -1.0 -1.0 -1.0 -1.0 -1.0 -1.0 -1.0 -1.0 -1.0 -1.0 -1.0 -1.0 -1.0 -1.0 -1.0 306303.0253485744
-1.0 953368.6341527732 1314795.4975814258 1314326.8356202168 1324936.2609342043 848818.4507381469 -1.0 -1.0 17955.03709742892 136024.88565839728 597575.8588069545 1757535.4061276575 3634689.408115057 2069285.8108580273 2138013.9899143605 1881214.6065988664 1496387.9123524535 80018.45239131419 107151.21562913462 315758.80028023303 185396.980812782 258369.92692126386 432000.0073045717 729811.69481835 445438.8643867488 609358.8224435765 640303.294830384 571655.4340642509 1694030.6746161724 1923747.1970566735 1567059.1871821312 77597.32473369116 7515.7341118826025 491070.9780257114 1193691.8125539855 1095570.7681688678 -1.0 -1.0 -1.0 -1.0 -1.0 -1.0 -1.0 -1.0 -1.0 -1.0 -1.0 -1.0 -1.0 -1.0 -1.0 -1.0 -1.0 -1.0 -1.0 -1.0 -1.0 -1.0 -1.0 -1.0 -1.0 -1.0 -1.0 -1.0 143812.56722466197
-1.0 -1.0 349215.1560959231 546150.1991696586 1285637.3885505754 848609.2266976137 684920.8711016536 -1.0 -1.0 -1.0 87320.45514467165 1147564.8852044847 2239539.069483661 3428887.1543914946 2677537.3889338737 2471725.1896813856 2097953.5421371446 872670.799863973 388988.30042743264 4032.8958319465787 439941.16166094714 329676.83167743305 2254769.1850125957 671553.9329192777 883429.5109546237 712699.7253486227 865444.4530094381 633591.3528621672 956057.0377829006 1859491.9554603323 2065374.8229257877 1073413.5363021619 6365.173608686159 6365.17360787514 1015661.4394435216 940028.1401641148 -1.0 -1.0 -1.0 -1.0 -1.0 -1.0 -1.0 -1.0 -1.0 -1.0 -1.0 -1.0 -1.0 -1.0 -1.0 -1.0 -1.0 -1.0 -1.0 -1.0 -1.0 -1.0 -1.0 -1.0 -1.0 -1.0 -1.0 -1.0 -1.0
-1.0 -1.0 -1.0 -1.0 271952.16213842743 1048198.908459881 1336761.1980079447 270516.9909712275 -1.0 -1.0 -1.0 316202.1779176771 1490428.6891767231 2984257.98822016 2419984.6699193222 2186074.42710951 2655929.724875252 2739649.909401953 1416657.1645098813 316597.6555870636 879736.7605768379 496800.7976757062 906641.5312309724 452274.1402042764 807317.7312269923 615366.4992701082 689497.7606825456 1056994.0125888467 1210126.5576821924 1702138.2086626238 1656075.3190913515 1506052.4394851828 466837.9712840389 429047.41720656236 157204.65227691506 1070352.2031210423 -1.0 -1.0 -1.0 -1.0 -1.0 -1.0 -1.0 -1.0 -1.0 -1.0 -1.0 -1.0 -1.0 -1.0 -1.0 -1.0 -1.0 -1.0 -1.0 -1.0 -1.0 -1.0 -1.0 -1.0 -1.0 -1.0 -1.0 -1.0 -1.0
-1.0 -1.0 -1.0 -1.0 -1.0 287329.10972095677 1317000.1522884206 699820.407555175 -1.0 -1.0 -1.0 354727.8001781686 804317.5711382267 1150700.0861155952 3881793.3422062015 1752049.4493671511 2887810.911953399 3110891.23486696 1634287.5233688627 434239.003574221 469897.64455960505 249180.40102196502 414910.8183478523 152821.66667635535 580908.0926372795 308475.0829436241 536569.6686829416 936588.4227089392 1326614.8777837313 1100606.2519473138 1422698.7690050239 1911256.5700140302 1878446.4562627864 1100192.799339143 353421.7870126561 1267960.1813529665 -1.0 -1.0 -1.0 -1.0 -1.0 -1.0 -1.0 -1.0 -1.0 -1.0 -1.0 -1.0 -1.0 -1.0 -1.0 -1.0 -1.0 -1.0 -1.0 -1.0 -1.0 -1.0 -1.0 -1.0 -1.0 -1.0 -1.0 -1.0 -1.0
-1.0 -1.0 -1.0 -1.0 -1.0 301185.8834696028 1221278.8660114703 1314342.556151184 250597.39969097485 -1.0 -1.0 -1.0 60141.8971084837 449933.979106606 2476561.1443063184 3766288.2199629913 2716282.1002567215 3123864.0953790396 2096029.3656616085 322330.4725642667 351021.5515974177 309234.5341743569 402648.51648300834 347352.452429484 582552.1192264569 667726.5428829675 1469770.8491882738 1102165.2862525955 1859387.4160569026 2107453.1559917796 777598.1132271404 2476311.2655978417 2448456.374224623 1618332.3943073452 1634197.0638613007 605918.9580631824 -1.0 -1.0 -1.0 -1.0 -1.0 -1.0 -1.0 -1.0 -1.0 -1.0 -1.0 -1.0 -1.0 -1.0 -1.0 -1.0 -1.0 -1.0 -1.0 -1.0 -1.0 -1.0 -1.0 -1.0 -1.0 -1.0 -1.0 -1.0 -1.0
-1.0 -1.0 -1.0 -1.0 -1.0 206624.1867428983 1045576.0371608946 1353817.1779594645 783835.6792543182 -1.0 -1.0 -1.0 -1.0 238497.46824731253 748849.1338608892 2690314.219657934 4233413.11793401 2451457.0974998446 3014710.3882676843 1398204.2826211706 565133.923109784 219647.51969282646 223198.69563132603 203283.15927834323 474682.72431002435 1141328.0278885982 1828366.603498302 1450400.2451824683 1655229.7378601898 1941463.1511752799 2343347.540354722 2543078.0213572923 2409035.5665872223 2523351.9894361184 1524398.4154558661 -1.0 -1.0 -1.0 -1.0 -1.0 -1.0 -1.0 -1.0 -1.0 -1.0 -1.0 -1.0 -1.0 -1.0 -1.0 -1.0 -1.0 -1.0 -1.0 -1.0 -1.0 -1.0 -1.0 -1.0 -1.0 -1.0 -1.0 -1.0 -1.0 -1.0
-1.0 -1.0 -1.0 -1.0 -1.0 -1.0 91811.70262212891 736005.3373669884 1135698.1341466063 552898.6694639825 108084.16630917726 -1.0 -1.0 -1.0 -1.0 1338662.8816864116 3288792.2519075414 3119062.824425253 3087017.300219072 2537083.3465719232 880088.8609763903 175598.93930685415 236174.22859432394 857985.5654976824 676074.0908569589 1011863.3860232948 1065570.900980993 2080172.378987493 1700782.2441143682 2027943.2542267914 2456654.7580758906 2496651.3247832535 1862014.168398267 2242865.5623895163 1001891.3307119868 -1.0 -1.0 -1.0 -1.0 -1.0 -1.0 -1.0 -1.0 -1.0 -1.0 -1.0 -1.0 -1.0 -1.0 -1.0 -1.0 -1.0 -1.0 -1.0 -1.0 -1.0 -1.0 -1.0 -1.0 -1.0 -1.0 -1.0 -1.0 -1.0 -1.0
-1.0 -1.0 -1.0 -1.0 -1.0 -1.0 -1.0 -1.0 400042.473021664 764975.7385120797 603158.6165863243 24628.5599672284 -1.0 -1.0 -1.0 -1.0 1461856.10842802 4585400.662296016 4132711.996955055 3781116.568772641 2914016.759816946 706675.5392581576 494842.7457641192 639169.689346862 552493.8536865516 827932.5754972212 1015628.5868126417 2101557.7019554093 1361140.8121183608 1451515.7091986884 2394469.2255944884 3152464.3009996973 3138282.0596332937 4580809.398352166 2010293.868284674 -1.0 -1.0 -1.0 -1.0 -1.0 -1.0 -1.0 -1.0 -1.0 -1.0 -1.0 -1.0 -1.0 -1.0 -1.0 -1.0 -1.0 -1.0 -1.0 -1.0 -1.0 -1.0 -1.0 -1.0 -1.0 -1.0 -1.0 -1.0 -1.0 -1.0
-1.0 -1.0 -1.0 -1.0 -1.0 -1.0 -1.0 -1.0 -1.0 371134.98331573786 810053.5142164497 236415.43257125613 -1.0 -1.0 -1.0 -1.0 0.0 2062007.3612081853 4428622.639813583 2253191.954682114 3307946.37736388 3073495.795627513 1716945.4613309219 644164.9417782528 168289.8308532422 1254674.106397896 1086567.117246903 1517129.4259735614 1385484.1771278288 1620774.7717691835 2523733.0054482887 2454964.151949346 3206305.53561952 4544924.1162568545 1761896.2443962006 -1.0 -1.0 -1.0 -1.0 -1.0 -1.0 -1.0 -1.0 -1.0 -1.0 -1.0 -1.0 -1.0 -1.0 -1.0 -1.0 -1.0 -1.0 -1.0 -1.0 -1.0 -1.0 -1.0 -1.0 -1.0 -1.0 -1.0 -1.0 -1.0 218860.35458687105
-1.0 -1.0 -1.0 -1.0 -1.0 -1.0 -1.0 -1.0 -1.0 -1.0 70643.04565782502 -1.0 -1.0 -1.0 -1.0 -1.0 -1.0 -1.0 1550512.7312388944 3856614.814144872 2610101.186261227 1880953.2126137363 2075213.2361077373 1229770.2282462316 245225.9056264222 224214.95310800106 815671.5381940302 810424.4874796302 1292639.821840492 2195272.5751152313 1909254.7426716438 2633200.7931244913 1313850.3611980109 3007435.1615131227 537796.0092729306 -1.0 -1.0 -1.0 -1.0 -1.0 -1.0 -1.0 -1.0 -1.0 -1.0 -1.0 -1.0 -1.0 -1.0 -1.0 -1.0 -1.0 -1.0 -1.0 -1.0 -1.0 -1.0 -1.0 -1.0 -1.0 -1.0 183859.21130024682 715093.5421970646 1315481.208284765 582402.7590036985
-1.0 -1.0 -1.0 -1.0 -1.0 -1.0 -1.0 -1.0 -1.0 -1.0 -1.0 -1.0 -1.0 -1.0 -1.0 -1.0 -1.0 -1.0 258950.01645501307 1557905.1957479033 2629336.28749892 2523064.3588128043 1834285.0877494407 527768.1789187416 1107191.2152723304 247836.8412151716 788405.9068353435 1132484.2259931075 1185293.7248683462 1553875.2143331748 1247815.4777240576 1496891.0046015396 1021917.233709343 1271109.5685875549 250323.11411003035 -1.0 -1.0 -1.0 -1.0 -1.0 -1.0 -1.0 -1.0 -1.0 -1.0 -1.0 -1.0 -1.0 -1.0 -1.0 -1.0 -1.0 -1.0 -1.0 -1.0 -1.0 -1.0 -1.0 -1.0 -1.0 -1.0 1196632.9306989159 758871.464842335 459805.4717539754 -1.0
-1.0 -1.0 -1.0 -1.0 -1.0 -1.0 -1.0 -1.0 -1.0 -1.0 -1.0 -1.0 -1.0 -1.0 -1.0 -1.0 -1.0 -1.0 25327.806646529796 298425.8944259456 1921733.567484109 2201968.464053281 1959956.990876623 1186074.1600997378 667377.4585327755 72928.0928656099 219182.96756954596 1209050.9404596046 1284076.637013002 1914399.532553717 2246738.630335777 866810.1672113647 28500.939849698374 544677.5146584341 847133.8630394186 264994.24771476 -1.0 -1.0 -1.0 -1.0 -1.0 -1.0 -1.0 -1.0 -1.0 -1.0 -1.0 -1.0 -1.0 -1.0 -1.0 -1.0 95554.28037530681 424793.7060631304 98547.79130437158 269319.55654895795 -1.0 -1.0 -1.0 -1.0 384721.39825429855 497872.41788599466 -1.0 182632.62960521938 806963.5533683521
-1.0 -1.0 -1.0 -1.0 -1.0 -1.0 -1.0 -1.0 -1.0 -1.0 -1.0 -1.0 -1.0 -1.0 -1.0 -1.0 -1.0 -1.0 -1.0 534217.3482153248 1329069.904573237 1998995.4114821486 2350590.903786892 735099.1543975535 729363.2015226616 13174.620575697349 236437.1503708567 494412.0599644517 832412.4501402203 846935.6168953863 3472665.523382543 2935595.538520083 1149136.9623161082 311904.7337577643 1714861.837267567 290363.2391183957 -1.0 -1.0 -1.0 -1.0 -1.0 -1.0 -1.0 -1.0 -1.0 -1.0 -1.0 -1.0 -1.0 594263.3125254466 1288530.050765243 2138248.459922291 3148443.5822604555 1816302.6476976038 2179875.6574663837 3279129.413929138 708186.6552215797 -1.0 -1.0 -1.0 -1.0 -1.0 -1.0 -1.0 -1.0
-1.0 -1.0 -1.0 -1.0 -1.0 -1.0 -1.0 -1.0 -1.0 -1.0 -1.0 -1.0 -1.0 -1.0 -1.0 -1.0 -1.0 -1.0 -1.0 1155347.8544736626 1077859.5699857015 1919075.2014736834 2019221.8274368094 820325.4286654139 1038347.7343058345 501736.3098617702 242176.96754635728 210493.92277978826 373428.7791330277 1002071.6500154814 678341.2905336458 1839531.612683224 2437034.2936169025 1753387.5669241503 2109988.363420104 218788.61154882336 -1.0 -1.0 -1.0 -1.0 -1.0 -1.0 -1.0 -1.0 -1.0 -1.0 -1.0 -1.0 -1.0 2214254.5008566203 1849689.394293759 2847884.2016217518 4138288.2931236518 3982680.6549824984 2831527.3503446095 3201146.519938163 310603.82389794034 -1.0 -1.0 -1.0 -1.0 -1.0 -1.0 -1.0 -1.0
-1.0 -1.0 -1.0 -1.0 -1.0 -1.0 -1.0 -1.0 -1.0 -1.0 -1.0 -1.0 -1.0 -1.0 -1.0 -1.0 -1.0 -1.0 1090657.1175938167 2198707.177173133 1873473.138283696 1748787.2927371927 1223227.390053965 1256943.4476309873 1092172.4351562862 834974.1458612056 657816.8226141961 35027.86805971706 727692.9369423819 615167.4510699448 1030406.8824358749 1141242.3613057756 1570505.3687534686 2133933.14208028 3060805.4039993198 195640.31574667888 18871.900703830004 -1.0 -1.0 -1.0 -1.0 -1.0 -1.0 -1.0 -1.0 -1.0 -1.0 -1.0 -1.0 2644725.571530553 4796290.923280216 2943569.0300810607 4791820.879592036 3420933.0980005977 2640623.8306574584 701910.7756068389 -1.0 -1.0 -1.0 -1.0 -1.0 -1.0 -1.0 -1.0 -1.0
-1.0 -1.0 -1.0 -1.0 -1.0 -1.0 -1.0 -1.0 -1.0 -1.0 -1.0 -1.0 -1.0 -1.0 -1.0 -1.0 -1.0 -1.0 -1.0 1463999.1012185537 2466894.6282590446 2241496.3148270412 1570767.1935456162 2038801.6805461342 1438214.4547815453 2599537.2975790836 2341978.9214738426 2068836.2215697216 2188615.401451073 1491091.5453473525 1390972.2146343268 1152106.471450382 1235454.639087002 1790557.4862086943 3201374.9431199483 1955572.2141464653 2849186.535734707 239231.92626524932 -1.0 -1.0 -1.0 -1.0 -1.0 -1.0 -1.0 -1.0 -1.0 -1.0 438631.67616445717 3915333.3375493763 5061949.102645664 4285000.100789668 3548565.6056002295 3661635.026587276 2749549.5342955566 103816.531094769 -1.0 -1.0 -1.0 -1.0 -1.0 -1.0 -1.0 -1.0 -1.0
-1.0 -1.0 -1.0 -1.0 -1.0 -1.0 -1.0 -1.0 -1.0 -1.0 -1.0 -1.0 -1.0 -1.0 -1.0 -1.0 -1.0 -1.0 -1.0 164884.4614990094 1245899.907889581 1501920.065096414 628212.5363752643 819274.2451535995 191106.03255935723 1519210.586139966 2791531.7879906055 2416494.0577587015 2600957.1695370832 2457216.077688308 1635267.4765889072 2764272.308657947 2088968.10671686 762411.5202724953 985639.7019314179 2264365.2343908125 1253465.2651301096 286188.1765792165 -1.0 -1.0 -1.0 -1.0 -1.0 -1.0 -1.0 -1.0 -1.0 94975.20032083394 2402941.004226121 3341631.487715839 4451483.906348123 5271656.668623819 5636678.1092841355 4324510.670483373 1954285.4985529813 -1.0 -1.0 -1.0 -1.0 -1.0 -1.0 -1.0 -1.0 -1.0 -1.0
-1.0 -1.0 -1.0 -1.0 -1.0 -1.0 -1.0 -1.0 -1.0 -1.0 -1.0 -1.0 -1.0 -1.0 -1.0 -1.0 -1.0 -1.0 -1.0 -1.0 -1.0 211754.88876646437 996368.369954264 946909.2995039141 1152709.8215119317 2111959.713767966 1929739.3781455997 2090595.373045479 1937207.268658022 1115384.1730771645 2338977.76290313 1934901.7664349552 877126.2351295757 715467.1716799149 915462.6158493741 1911216.4062334057 2652834.2024027454 1360821.792625063 767315.7871673881 317822.48502052715 134741.9738938482 -1.0 -1.0 -1.0 143035.08043121133 782723.2106981262 132484.073069731 1916019.243634277 4134859.1558183045 4135458.4915556493 4496670.265754662 3155817.3534680363 5695155.476892414 2968520.6344500864 1701762.1717172775 -1.0 -1.0 -1.0 -1.0 -1.0 -1.0 -1.0 -1.0 -1.0 -1.0
-1.0 -1.0 -1.0 -1.0 -1.0 -1.0 -1.0 -1.0 -1.0 -1.0 -1.0 -1.0 -1.0 -1.0 -1.0 -1.0 -1.0 -1.0 -1.0 -1.0 -1.0 -1.0 49763.313275432745 1059098.8748716032 2663708.689336957 3049181.8970265817 3867005.8684535692 1287659.3254601045 2253252.6964976666 1620977.6659705369 1697012.0117985173 1884220.0024778708 998698.3751623156 1921120.9723863858 2322585.4599663303 2996385.108258368 3290067.262215944 793362.5623568994 1253598.0797891235 981129.2814081598 573340.7778465089 101230.5759471884 866120.4922725043 787343.7844190242 1660837.9865488946 2039674.3017684985 1650268.6582467568 1904770.6952091455 4434430.61168802 3489855.4862909806 2798912.5240478823 3104512.455537 2210027.736779132 1589822.2393899779 413544.4734524296 -1.0 -1.0 -1.0 -1.0 -1.0 -1.0 -1.0 -1.0 -1.0 -1.0
-1.0 -1.0 -1.0 -1.0 -1.0 -1.0 -1.0 -1.0 -1.0 -1.0 -1.0 -1.0 -1.0 -1.0 -1.0 -1.0 -1.0 -1.0 -1.0 -1.0 -1.0 -1.0 -1.0 -1.0 -1.0 0.0 1203884.3596658027 3023917.890141352 3705947.222901817 2704388.7644114317 2110314.459476667 2565084.508183023 1755144.927870207 2743682.110179723 2262611.4566771714 2727546.565434536 1954656.655445508 2377572.901115606 935851.9498266231 2029414.6856875173 916784.5812209256 2056534.3531720731 882922.9255394726 1121588.5894732252 1007086.8819233438 1871093.0259771012 1121786.3253304935 1840443.9759794832 3201689.6906664134 3643215.90794753 3047392.1978439 3126378.2329096003 2584662.93600238 1964791.1900113053 -1.0 -1.0 -1.0 -1.0 -1.0 -1.0 -1.0 -1.0 -1.0 -1.0 -1.0
