critload/trunk/output/1999/nde_nat.asc
ncols 720
nrows 360
xllcorner -180
yllcorner -90
cellsize 0.5
NODATA_value -1.0
[rows 87 to 115 of 360, columns 325 to 389 of 720]
-1.0 -1.0 -1.0 -1.0 -1.0 -1.0 -1.0 -1.0 -1.0 -1.0 -1.0 -1.0 -1.0 -1.0 -1.0 -1.0 -1.0 -1.0 -1.0 -1.0 -1.0 -1.0 -1.0 -1.0 -1.0 -1.0 -1.0 -1.0 -1.0 -1.0 -1.0 198561.69393119984 586506.7149032912 834026.717087944 1237714.9404238802 2933077.091973211 1613146.3738014442 1089385.1766022702 1206800.0114653802 754108.9258086247 648104.4850055164 450028.2779544989 962763.8966168256 866208.1840583254 1837666.5536823291 2105559.007415635 3175494.6007597144 2936317.6858421 3526508.2535700025 2330830.8292728495 1818879.265027536 1645689.3968582791 3063632.490929626 2071504.5130766649 1234932.1844882602 1359014.9056027052 1282392.9627589574 2960635.529975512 1951075.2535020215 1833270.0449578015 1853133.2139129324 1750658.667944815 2286251.0116155576 2482491.406622097 2291239.794567038
-1.0 -1.0 -1.0 -1.0 -1.0 -1.0 -1.0 -1.0 -1.0 -1.0 -1.0 -1.0 -1.0 -1.0 -1.0 -1.0 -1.0 -1.0 -1.0 -1.0 -1.0 -1.0 -1.0 -1.0 -1.0 -1.0 -1.0 -1.0 -1.0 -1.0 -1.0 -1.0 105843.32648864224 612549.1643380827 1255703.8881760403 1470395.0199698752 1527616.693763412 1342188.82913572 3012587.857761621 2645453.002837689 2254267.2327155787 1284834.7496214719 3181315.1743712733 595594.6116442569 1483594.7538037545 927840.6216222577 2631751.778703956 3283846.403336154 2582738.7736386787 1052433.1926271773 1162286.9642894724 2104511.0267883185 1495258.4879665966 2446878.073344846 1623829.5646842285 2099014.7175922883 2451402.9777323017 1904751.8647048576 1339332.874030651 455741.0484659018 421937.8661387669 144246.00738308099 1278007.7389322144 2410263.8532486884 2410204.3886543913
-1.0 -1.0 -1.0 -1.0 -1.0 -1.0 -1.0 -1.0 -1.0 -1.0 -1.0 -1.0 -1.0 -1.0 -1.0 -1.0 -1.0 -1.0 -1.0 -1.0 -1.0 -1.0 -1.0 -1.0 -1.0 -1.0 -1.0 -1.0 -1.0 -1.0 -1.0 -1.0 605061.9398612871 980574.1512265012 1717175.347708184 1905431.7276834305 2973114.6457087174 1550215.9175715195 3074525.371330159 2755624.9564535012 1741771.3759283219 2235997.446899697 2644444.6519664023 2124753.8274576925 2311204.5771200475 2375849.6734187063 3467420.8472865503 2257856.1938727335 2011787.6525825905 2077512.4057304296 1155686.3941085346 109972.66097651578 148988.70176781973 602476.703714559 205203.38761439995 169336.63795916314 577471.0502037699 246772.4824929885 253358.97750624156 552444.2309817366 79031.15473926265 -1.0 361767.06931340625 1006657.7556747266 1806426.3809906498
-1.0 -1.0 -1.0 -1.0 -1.0 -1.0 -1.0 -1.0 -1.0 -1.0 -1.0 -1.0 -1.0 -1.0 -1.0 -1.0 -1.0 -1.0 -1.0 -1.0 -1.0 -1.0 -1.0 -1.0 -1.0 -1.0 -1.0 -1.0 -1.0 -1.0 -1.0 -1.0 657909.9334366373 1912208.6426031839 379689.012455561 436822.6452155718 2731210.088552877 3261704.691062131 2716702.1672009896 1553723.9353293818 1956314.552292355 2397778.6496906215 2650361.233575266 2837287.1985684987 2238334.2429175116 2871419.243623365 2820118.846604797 1750248.1359363678 2043399.1689967923 1254643.4691188014 133074.70108826496 612256.776535694 1040497.6684806984 1999215.436578618 1645004.1361151352 482625.85867076303 409284.61555067985 260862.54490831224 135042.33214022045 407817.28386613296 -1.0 -1.0 21949.02424123077 293019.0745243708 145367.1428284025
-1.0 -1.0 -1.0 -1.0 -1.0 -1.0 -1.0 -1.0 -1.0 -1.0 -1.0 -1.0 -1.0 -1.0 -1.0 -1.0 -1.0 -1.0 -1.0 -1.0 -1.0 -1.0 -1.0 -1.0 -1.0 -1.0 -1.0 -1.0 -1.0 -1.0 -1.0 -1.0 1414300.140553754 2689976.205943805 2785927.9360306608 1333773.0208869614 696830.1377961508 723600.4233344293 2759229.8299356326 1034558.6128896384 1324550.9550114844 2724726.081221462 3366475.9607662847 2269471.803376278 989100.135187604 2380794.317240283 2603522.191295682 2675416.7478696667 2216550.515708162 1819709.0030772272 1602470.2086535974 2114430.5524640484 787923.4851528552 903808.0538613913 2402155.7132222825 3119262.0471507837 2525838.7808149206 2256793.924032298 899129.5539780257 177554.32507247868 8717.125395285146 -1.0 -1.0 -1.0 -1.0
-1.0 -1.0 -1.0 -1.0 -1.0 -1.0 -1.0 -1.0 -1.0 -1.0 -1.0 -1.0 -1.0 -1.0 -1.0 -1.0 -1.0 -1.0 18560.951067489998 666693.1511781721 103328.00385091468 -1.0 -1.0 2919.166390524001 -1.0 -1.0 -1.0 -1.0 -1.0 -1.0 -1.0 -1.0 1650268.276769743 2548102.2075926745 2369418.1099273427 2345559.754725578 1460807.9324747475 920097.379656982 1014252.6819913026 1439425.0558717337 3276278.2645589067 2590422.2513735034 2444145.2814781633 1413232.6575981828 768312.6093133332 1607145.7443888383 2106339.476627009 2706140.65242863 2789025.5770651316 1945373.8689476107 1025217.0861172822 98473.6291929358 -1.0 -1.0 -1.0 868557.9344033337 743788.5338823213 1187913.2535102435 3333262.4405503348 1440566.2351621918 492858.5157942277 1255.6890137779992 2180.0632139499994 -1.0 -1.0
-1.0 -1.0 -1.0 -1.0 -1.0 -1.0 -1.0 -1.0 -1.0 -1.0 -1.0 -1.0 -1.0 -1.0 -1.0 -1.0 16007.628568995 34284.767619850005 1408287.518871543 1563311.5156192204 1673555.9558265305 2055063.6341470764 1867077.9777639844 1671325.0419688947 1941652.1990921306 1423508.5849890285 1245880.2090820607 1376999.2923447613 1510879.712778269 1665922.5699253497 1147003.548107054 1361364.3798169096 1385451.6372009541 1906026.3925628276 2072820.2669710752 2147395.54093155 2236803.133033933 1751007.8204512692 1829067.973539095 2409140.1309115216 2372751.9564381046 948144.5225352524 481423.70770933817 328912.78283728845 481407.2129417377 546791.2112031169 1958637.3014957793 2225632.922589293 770559.0045298454 -1.0 -1.0 -1.0 -1.0 -1.0 -1.0 53653.2133033761 2349527.3114396906 1205123.1886200975 385679.14354426565 1107624.7653511888 1275950.905077104 669504.2074011904 42218.97303763914 -1.0 -1.0
-1.0 -1.0 -1.0 -1.0 -1.0 -1.0 -1.0 -1.0 -1.0 -1.0 -1.0 -1.0 -1.0 -1.0 -1.0 -1.0 469353.68621039076 1656152.4395337424 1877620.477724841 1869529.669813558 1921286.6568658266 2172992.5186222624 2099229.213402379 1571081.5344306878 1729111.9731976972 1935509.707018788 1072720.652352795 1591771.617346286 2007790.6253682508 1473659.0031598168 2156594.957807116 1985707.2916788086 2491934.679718503 2249827.8510841858 1821306.8160571535 2603366.859711674 1732127.820929707 2001912.8526931931 2215706.063646212 2760501.802540571 2176195.0996374767 264943.80235103046 -1.0 -1.0 -1.0 -1.0 -1.0 -1.0 -1.0 -1.0 -1.0 -1.0 179172.4838079846 1536658.8972982639 -1.0 321473.61385754787 478592.32408758416 611932.5928358276 1261139.9368721524 599233.0242386858 2309641.1727644857 2816527.011361449 689899.0540332679 170.6150767347999 -1.0
-1.0 -1.0 -1.0 -1.0 -1.0 -1.0 -1.0 -1.0 -1.0 -1.0 -1.0 -1.0 -1.0 -1.0 -1.0 -1.0 -1.0 1148600.915954321 2106297.1913295975 1861261.5788180516 2191156.0600180733 2054512.6460315757 1360908.6683600857 295855.4603886147 954883.8645242848 776394.5644877716 605020.6375446816 1043292.8235860104 3239044.7206188906 2916084.918539782 1513767.9718849466 552270.4602135833 1374788.531376652 1849931.9092335328 1681107.7409991897 1873036.1363317743 1957446.4990944779 2208749.094216712 2195360.083687928 2293083.4222323904 2103353.2675305787 577893.8421900044 -1.0 -1.0 -1.0 -1.0 -1.0 -1.0 -1.0 -1.0 -1.0 -1.0 1924059.761678569 2651395.268864091 310031.84252094105 -1.0 -1.0 480557.1310727399 514632.7718680336 298590.4799168051 1360564.7316553488 1863819.7347559913 1374088.8515823656 420962.9862415269 0.0
-1.0 -1.0 -1.0 -1.0 -1.0 -1.0 -1.0 -1.0 -1.0 -1.0 -1.0 -1.0 -1.0 -1.0 -1.0 -1.0 -1.0 1324203.5294824147 2222674.39534423 2397387.0297243586 2076598.1289001107 2245873.6356582614 1082963.3975036643 558251.9408799914 548776.1774823571 578196.9810790934 674199.8877637804 447871.0977413767 1318764.9165470316 2293821.977317332 1228351.1366585759 1678749.0595915837 1090891.6233285624 1533679.6356246315 1852184.8453939816 795321.4401486483 1008445.9204968059 1167081.978177308 1475864.8295317858 1863536.7519608154 1239448.6307483432 197796.38358355197 -1.0 -1.0 -1.0 -1.0 -1.0 -1.0 -1.0 -1.0 -1.0 -1.0 1376924.2242058567 2482510.186095817 -1.0 -1.0 -1.0 -1.0 -1.0 502929.26399152266 822184.2023387136 1865070.6442753298 1381204.508755166 2191762.937667542 688336.9510786576
-1.0 -1.0 -1.0 -1.0 -1.0 -1.0 -1.0 -1.0 -1.0 -1.0 -1.0 -1.0 -1.0 -1.0 -1.0 -1.0 -1.0 252195.27326384 1056643.468810462 2298269.2232262194 2050981.3226633342 2060971.8753399015 1037351.1993451207 320037.6503802506 531126.7203939962 348758.63396053354 990557.2608003914 1537585.2211466196 2377291.742632124 1831537.000230812 1841214.098134166 2057010.7396884952 1531691.7486032788 1754729.7916448521 2213422.7778061167 2406817.8279319154 1611876.6825175423 1418988.8482577628 715900.6446989973 682631.2827043802 -1.0 -1.0 -1.0 -1.0 -1.0 -1.0 -1.0 -1.0 -1.0 -1.0 -1.0 -1.0 61284.556626026315 582759.1393540812 7841.099320327976 -1.0 -1.0 -1.0 -1.0 -1.0 209805.7495385965 400569.3037041356 920341.0883594574 1220179.4383486472 984762.3743411284
-1.0 -1.0 -1.0 -1.0 -1.0 -1.0 -1.0 -1.0 -1.0 -1.0 -1.0 -1.0 -1.0 -1.0 -1.0 -1.0 -1.0 2787.1600483345005 2089035.1267406736 1718014.9631840517 1760737.8378273258 1231153.6312521757 664623.27049791 2093164.2922933807 977044.8104788933 834553.7545476969 1547712.9926636904 2338167.918244914 1950385.519336107 1645227.1370892564 1954264.0868976784 2626613.472600169 1613050.6839438186 2949614.5710504176 1704186.2492661476 2075070.5010130221 1453631.067181212 -1.0 -1.0 -1.0 -1.0 -1.0 -1.0 -1.0 -1.0 -1.0 -1.0 -1.0 -1.0 -1.0 -1.0 179573.45458492247 935356.7800600666 2129010.3541065794 1074764.6372960017 -1.0 -1.0 -1.0 -1.0 -1.0 -1.0 -1.0 -1.0 706807.6915212685 1389755.2130904556
-1.0 -1.0 -1.0 -1.0 -1.0 -1.0 -1.0 -1.0 -1.0 -1.0 -1.0 -1.0 -1.0 -1.0 -1.0 -1.0 -1.0 186077.6740470961 2001241.2010395266 2448833.749931059 2010840.7464689538 2072182.7612083335 1785948.342930681 2055532.5736465226 1819393.5006562006 1592093.0552543243 1812052.332696702 1152428.5524916174 1127932.723294241 1112261.0043540392 1600295.996511924 2291741.2962822337 1439370.2938308776 2522318.259949198 1583435.310281226 2124842.2796024582 -1.0 -1.0 -1.0 -1.0 -1.0 -1.0 -1.0 -1.0 -1.0 -1.0 -1.0 -1.0 -1.0 -1.0 -1.0 125386.14248076554 1547941.8815089767 1719760.7482651242 1119716.3717338121 -1.0 -1.0 -1.0 -1.0 -1.0 -1.0 -1.0 -1.0 -1.0 -1.0
-1.0 -1.0 -1.0 -1.0 -1.0 -1.0 -1.0 -1.0 -1.0 -1.0 -1.0 -1.0 -1.0 -1.0 -1.0 -1.0 14726.172692260996 565835.9625916379 2323172.421732418 2817987.264615112 1728756.9619768634 2189351.3672848064 3499093.344076629 2845669.0553065487 3639122.585390726 2798393.011135975 1651479.788368691 855182.2627971735 1519182.1052072754 603750.4243736607 2070087.4072709917 2180097.893058256 1979549.301107754 1864057.617099826 1256307.1565775713 60743.55647592211 -1.0 -1.0 -1.0 126241.99007900595 650789.8932530172 51483.976518624186 7895.6733572463845 145577.12491314046 -1.0 -1.0 -1.0 -1.0 -1.0 -1.0 -1.0 185437.00465243013 1263731.7117259705 1810757.3142126398 626726.8688209617 -1.0 -1.0 -1.0 -1.0 -1.0 -1.0 -1.0 -1.0 -1.0 -1.0
-1.0 -1.0 -1.0 -1.0 -1.0 -1.0 -1.0 -1.0 -1.0 -1.0 -1.0 -1.0 -1.0 -1.0 -1.0 -1.0 167964.2943189364 375107.2284294645 1408823.2329632828 1664729.8479071888 1662168.7016174817 2198084.262957188 2689856.7585172327 2274593.3915710957 3648855.7783813328 3752303.02691584 1845857.6202483133 821632.4483049015 469691.52193810814 433172.0439961046 628781.0366252001 1155726.7237804986 1869876.9147774542 1118129.7131214302 114064.05872120232 -1.0 -1.0 91739.40537938316 0.0 -1.0 88347.05974299427 123263.28166189425 -1.0 -1.0 -1.0 -1.0 -1.0 -1.0 -1.0 -1.0 -1.0 379102.7228561689 1690989.4769742459 1366819.166163917 420032.2908365161 -1.0 -1.0 -1.0 -1.0 -1.0 -1.0 -1.0 -1.0 -1.0 -1.0
-1.0 -1.0 -1.0 -1.0 -1.0 -1.0 -1.0 -1.0 -1.0 -1.0 -1.0 -1.0 -1.0 -1.0 -1.0 -1.0 618663.6369436531 1638075.0022970282 2700669.918092638 2225312.1497329734 1309640.8480751587 640879.5352953307 698770.657511921 1725935.4055139653 3996582.551590705 2988131.5690062637 2337830.807292427 1347791.2624226215 1250686.3497918597 713856.9775162843 1194384.4905319721 1059077.1261433593 2101360.558556194 1757622.735199896 1682614.0525041234 302136.82528063416 -1.0 237796.11366542353 65918.64211632562 -1.0 -1.0 -1.0 -1.0 -1.0 -1.0 -1.0 -1.0 -1.0 -1.0 -1.0 -1.0 -1.0 419893.334489227 -1.0 -1.0 -1.0 -1.0 -1.0 -1.0 -1.0 -1.0 -1.0 -1.0 -1.0 -1.0
-1.0 -1.0 -1.0 -1.0 -1.0 -1.0 -1.0 -1.0 -1.0 -1.0 -1.0 -1.0 -1.0 -1.0 -1.0 -1.0 200249.19343650134 1848776.7406283715 2713813.027065874 1182662.1599904716 1826770.694821321 2398159.1680329107 955888.1238717202 1845085.8820168686 2599071.1813553106 3290933.211148967 2938265.3830285785 1654573.7997012946 1477869.5250558655 1783662.7212745736 1777217.9784700107 1492007.1057945793 1841103.476355482 1123024.8339229224 220716.66352674522 -1.0 -1.0 -1.0 -1.0 -1.0 -1.0 -1.0 -1.0 -1.0 -1.0 -1.0 -1.0 -1.0 -1.0 -1.0 -1.0 -1.0 -1.0 -1.0 -1.0 -1.0 -1.0 -1.0 -1.0 -1.0 66570.16735042348 119790.7667737488 18761.345594483053 -1.0 304286.06664353324
-1.0 -1.0 -1.0 -1.0 -1.0 -1.0 -1.0 -1.0 -1.0 -1.0 -1.0 -1.0 -1.0 -1.0 -1.0 -1.0 -1.0 1939248.8905851417 1959625.275658354 1832057.868742392 2907584.919980858 3120647.8920746883 3900177.686203201 1712884.4500304922 886125.5818657295 214387.51519017998 461880.2707926361 1152277.126837575 1255121.0811973698 981488.1900351322 1693768.1348764189 1696504.9765259528 1119453.5264945992 268374.18434175284 -1.0 -1.0 -1.0 -1.0 -1.0 -1.0 -1.0 -1.0 -1.0 -1.0 -1.0 -1.0 -1.0 -1.0 -1.0 -1.0 -1.0 -1.0 -1.0 -1.0 -1.0 -1.0 -1.0 -1.0 -1.0 1132.62363569444 455894.80895659537 1494245.6473086788 1412257.3709807298 1478312.8708610183 1269032.3517310861
-1.0 -1.0 -1.0 -1.0 -1.0 -1.0 -1.0 -1.0 -1.0 -1.0 -1.0 -1.0 -1.0 -1.0 -1.0 -1.0 -1.0 1457531.9330846085 1847601.320884655 1978662.3853048454 418407.4469527113 1442188.9261935959 793837.155965457 816627.8575929627 1380870.1251925975 23800.972057184666 1396776.260278217 1321360.9585704878 1026485.193624235 888099.063904626 1044099.2042872144 554051.0020375093 80412.94061224858 -1.0 -1.0 -1.0 -1.0 -1.0 -1.0 -1.0 -1.0 -1.0 -1.0 -1.0 -1.0 -1.0 -1.0 0.0 15678.873108473163 21169.70112534533 50142.91701013254 -1.0 5565.344229936882 66285.19219975734 62672.07160751485 7436.857604749144 13358.19555202879 4951.691430604132 -1.0 -1.0 -1.0 140080.7548466571 164662.09498553292 430540.3691143801 561071.4410998981
-1.0 -1.0 -1.0 -1.0 -1.0 -1.0 -1.0 -1.0 -1.0 -1.0 -1.0 -1.0 -1.0 -1.0 -1.0 -1.0 -1.0 -1.0 -1.0 157914.03199379085 -1.0 62197.81015449935 606654.1924253082 1578724.137908134 3235549.023118741 1856905.0664475076 1520090.2412212654 1049372.9787585596 844864.0156806454 758031.6531502416 732372.4208957192 99418.51561274623 -1.0 -1.0 -1.0 -1.0 -1.0 20940.082059211833 58320.2952589195 33976.88863971664 18810.5248193479 145707.16876623372 8681.144511396915 82476.14626590004 98843.48253275185 117895.42624119513 0.0 0.0 161350.5348140517 0.17674571968989 116780.15438017074 38023.23547956351 48245.82175167919 13565.722836999636 21091.21088956265 92927.1289103206 35982.872298819144 0.013301876926792 26740.07330780863 -1.0 -1.0 -1.0 -1.0 29397.207479775436 187937.80218213724
-1.0 -1.0 -1.0 -1.0 -1.0 -1.0 -1.0 -1.0 -1.0 -1.0 -1.0 -1.0 -1.0 -1.0 -1.0 -1.0 -1.0 -1.0 -1.0 -1.0 -1.0 -1.0 139807.9204059611 2374342.811734157 1313599.6760402324 251184.14587645794 -1.0 -1.0 -1.0 -1.0 -1.0 -1.0 -1.0 -1.0 -1.0 0.0578003 25660.729671277484 41473.2018869983 11703.0109828251 6748.206285121836 501314.8174814186 17945.256337834304 37057.570491267834 251784.27219052747 35155.00541277881 22381.51314944513 23716.049903040715 51420.75183124249 65259.92559330714 29480.738288905013 15316.681113967783 13743.127489290182 17934.13378695031 16337.338344755895 10634.569062225799 0.19757776001698 0.02695428902749 -1.0 -1.0 -1.0 -1.0 -1.0 -1.0 -1.0 -1.0
-1.0 -1.0 -1.0 -1.0 -1.0 -1.0 -1.0 -1.0 -1.0 -1.0 -1.0 -1.0 -1.0 -1.0 -1.0 -1.0 -1.0 -1.0 -1.0 -1.0 -1.0 -1.0 -1.0 672453.3926072626 527600.558373671 -1.0 -1.0 -1.0 -1.0 -1.0 -1.0 -1.0 0.0 14573.134828399096 394257.27045368584 47299.1429124493 45286.57477664472 5209.910108863146 37389.279230521075 3863.7649330373542 7219.102703655821 4967.269596107387 7164.344832448227 3975.855627423625 11126.602533766401 8215.436700505614 76530.84651282325 158833.0323358303 33244.85409705855 96382.9873614486 3081.274715642551 8298.95720081405 12006.335418918203 10100.17450267603 11552.542461405688 253689.31913251014 89666.73364806244 -1.0 -1.0 -1.0 -1.0 -1.0 -1.0 110590.39478269138 45191.88414257294
-1.0 -1.0 -1.0 -1.0 -1.0 -1.0 -1.0 -1.0 -1.0 -1.0 -1.0 -1.0 -1.0 -1.0 -1.0 -1.0 -1.0 -1.0 -1.0 -1.0 -1.0 -1.0 0.0 13135.46409079565 19460.28488731164 500325.73056502425 0.0 19500.17924009669 26211.817268180563 21631.503854559916 8053.757440785001 4553.225438646 0.0 433947.41422585293 770041.8690524447 50430.8708782774 819176.0941077572 42678.569098824 15995.01748087729 5728.333646213101 4098.161318996044 3868.327754525034 3245.3435500952646 82404.64627347703 195915.08028565996 6752.724548761382 4595.037698983702 2780.4936083676585 12557.89772288284 13835.036963898072 6516.026601231222 17129.859136649007 106666.45794085377 19103.2675327718 15386.344788046546 10935.460117008179 25540.50335931238 0.0 -1.0 -1.0 -1.0 -1.0 -1.0 -1.0 -1.0
-1.0 -1.0 -1.0 -1.0 -1.0 -1.0 -1.0 -1.0 -1.0 -1.0 -1.0 -1.0 -1.0 -1.0 -1.0 -1.0 -1.0 -1.0 -1.0 -1.0 -1.0 -1.0 0.092354606315559 388178.3015330289 2016433.1631195666 509458.01110755326 224032.07691880394 5401.141395011724 5268.0833045105055 5794.6980175981635 63122.94589857331 226515.21785592666 128778.66101404613 830312.788176009 401667.32681851997 23501.0068444186 2435.936017725264 2726.5126580096035 2894.299807806429 2198.7814409686703 2198.5938300508583 4475.818031930318 2299.1152526252076 3016.8540712977365 2011.2086890296594 3285.6622837628456 5264.383816552427 2073.6688495315825 2073.710473903688 2179.8900262488623 2179.854070960681 5059.101642480711 5286.432195890672 8706.957556700749 3062.1954339739227 5157.61867098435 0.014732005563658801 5013.848225104 -1.0 -1.0 -1.0 -1.0 -1.0 -1.0 -1.0
-1.0 -1.0 -1.0 -1.0 -1.0 -1.0 -1.0 -1.0 -1.0 -1.0 -1.0 -1.0 -1.0 -1.0 -1.0 -1.0 -1.0 -1.0 -1.0 -1.0 -1.0 22886.124252856604 16406.599935144965 18351.755078187587 40411.411797411085 67697.3931983827 32231.473541746403 83410.59085533669 84005.65351837409 18946.658461051837 330757.03102123516 101442.59369629314 2863.212096518893 2699.9603085548456 156671.386596503 368888.7637551557 3047.8194427998824 96659.71609844489 2323.2186916460605 7551.112177478485 2287.9067664386503 2526.4938848456313 2790.3129588456154 2021.8282419583036 2681.0783240924948 2873.7326840140167 2047.0621425003224 827475.5013709287 769723.1511120945 845426.4532730404 530154.3510228198 234054.20011415295 235806.97678468795 57074.36314616072 176030.90978452843 -0.0041709428565743995 -1.0 -1.0 -1.0 -1.0 -1.0 -1.0 -1.0 -1.0 -1.0
-1.0 -1.0 -1.0 -1.0 -1.0 -1.0 -1.0 -1.0 -1.0 -1.0 -1.0 -1.0 -1.0 -1.0 -1.0 -1.0 -1.0 -1.0 -1.0 124805.77890159845 43889.9920064277 12033.002674986294 27699.556742029563 24666.22062700067 231230.0869479501 241253.6333161047 2659.2954237764834 2729.85926040303 302715.53924239415 1386008.1994118476 2136370.8790746746 733804.5415962151 97213.80713026639 2109.745698613036 13929.328212263361 2504.880528027946 3196.584430314138 21160.629643366417 80343.45772396082 298765.0298037181 308845.9776733421 124329.13456918094 1642.3827971373637 1585.4676474880011 1585.4676474880011 356672.55239769263 430909.5237878166 1500131.6192405804 1714359.7928732573 1144209.0503027204 1302743.0649517162 1717884.8664193284 1552047.8319399087 1405085.7613950162 405322.74844554253 20377.303644924265 46810.09565032599 0.0 -1.0 -1.0 -1.0 -1.0 -1.0 -1.0 -1.0
-1.0 -1.0 -1.0 -1.0 -1.0 -1.0 -1.0 -1.0 -1.0 -1.0 -1.0 -1.0 -1.0 -1.0 -1.0 -1.0 -1.0 -0.0022367552901993 112281.22727439807 43328.86723590207 15597.017342752724 6618.904711736176 8265.55664230958 9370.187913195396 206058.04506876264 109142.46211838876 165557.38970138808 1593358.8250306444 318443.4947950363 2005242.57996674 1115682.4466419877 829704.813381596 446215.1155308836 2124.4608091359682 2124.4608091534037 2214.2111785145603 481293.53596708836 730540.9228396779 874491.9796994843 1348230.3607515115 1032531.9849905719 681767.1922521566 497133.95916826255 159406.0814430531 41246.10373609688 1222704.8803231672 1760294.8434431364 1460184.5207852235 1457402.8008464936 1964101.84048058 1964531.5653803998 1949226.2775715576 1690438.0835877138 1519947.5959316539 1376847.0860550832 139900.4235595394 84299.84904210902 76362.34010484871 37418.54483464054 -1.0 -1.0 -1.0 -1.0 -1.0 -1.0
237891.71438327566 254217.71379232302 -1.0 -1.0 -1.0 -1.0 -1.0 -1.0 -1.0 -1.0 -1.0 -1.0 -1.0 -1.0 -1.0 -1.0 1395.54410240267 173533.8349298993 29515.40964079803 10154.896443164846 13505.441751541037 46091.28872089938 10633.627746571676 125844.6597659458 186993.90853961592 344849.117124316 282002.2742246536 630115.2814160571 1236199.5084061027 825435.5934543391 770697.1293929992 374121.92425583646 188090.44705078154 2849.039742215697 216515.79242596327 936791.9691901356 1712539.5706944414 1802174.0232412068 1523435.268762 1350396.7451945045 1277466.987176655 973801.3037380466 602317.6884591562 700979.5844041012 191333.87119307276 1689297.129589727 1586234.627711085 1797496.2929820002 1799669.15583 1638474.585721646 1812635.68176615 1710395.96257651 1849806.88236251 1433731.6755761914 1395349.94571676 784259.790693234 838147.3847984246 322920.3405943773 161593.24808426938 72761.57742956387 209797.36692342345 361921.5143084434 153289.05615250152 50735.81264350258 -1.0
-1.0 -1.0 -1.0 -1.0 -1.0 -1.0 -1.0 -1.0 -1.0 -1.0 -1.0 -1.0 -1.0 -1.0 -1.0 -1.0 32216.271087983358 26355.127950193433 14677.922701843017 5425.448544626597 22175.628374326054 37745.689950785745 139551.7951024623 2294.9176476157722 32988.87812751769 2211.347940892097 400981.3220890977 785747.5014949493 1220185.90151197 1834100.1792871957 1725568.1933300777 1018452.7523933251 551021.0421951081 651341.3254648629 1794649.0228428708 1628652.6895627163 1192236.5613486613 1283227.69512838 1471860.3201018467 1650268.17913963 1836522.1609477499 1265396.6718952449 1279066.5592864072 1604175.3141384628 1304280.6987492484 1598625.988968762 1748716.6947704842 1809698.030828 1809698.030828 1820877.5547932002 1821813.88923515 1859190.7011484 1826288.2267311 1896559.47227274 1896508.2059234001 1425603.9066159395 1389399.1267087078 1196776.3940065864 437836.4914902772 166786.5857935817 152265.64973083802 305111.71143274143 217802.47321937777 394433.5243051661 430528.84963832673
