critload/trunk/output/1999/nde_nat.asc
ncols 720
nrows 360
xllcorner -180
yllcorner -90
cellsize 0.5
NODATA_value -1.0
[rows 232 to 260 of 360, columns 195 to 259 of 720]
-1.0 -1.0 -1.0 -1.0 -1.0 -1.0 -1.0 -1.0 -1.0 -1.0 -1.0 -1.0 -1.0 -1.0 -1.0 -1.0 -1.0 -1.0 -1.0 -1.0 -1.0 -1.0 -1.0 334246.38 923729.3400000001 993122.0900000001 965606.8843801892 1098880.63 1037379.6168011198 1080746.4478397733 811895.7364269532 1313566.5526607 905331.8491601539 2348055.137229665 2724853.6107505313 3047422.548962053 3126256.835631119 2575780.8322880077 3697625.892734682 4365257.2482747855 6307819.22434626 5220515.256801176 4862863.0970086325 3680854.0587739293 3495299.6967000184 3154166.2637601076 1955739.2649443662 2046193.242140764 1618633.4201390084 2623369.437828162 1740319.92277491 2211782.2030855846 1862525.6528269236 4043918.962106486 3659581.038286121 3543671.242874985 3478805.5132045066 1907179.0094298671 1066657.908938095 787600.1975245435 1166679.625894255 2793540.929705374 2596745.5224959236 1513988.9877299343 1351329.8761588472
-1.0 -1.0 -1.0 -1.0 -1.0 -1.0 -1.0 -1.0 -1.0 -1.0 -1.0 -1.0 -1.0 -1.0 -1.0 -1.0 -1.0 -1.0 -1.0 -1.0 -1.0 -1.0 -1.0 493721.62 919784.48 988919.48 988592.48 1093465.3599999999 1091109.3599999999 869766.3795000543 929986.858771547 952071.1024044831 932590.3683531618 2383937.3054797123 1646656.867141 1586623.1219283596 3425509.676420013 3331106.954275267 3820467.2515445566 3958183.750370606 3956990.8527852427 3584759.18271372 2525356.850823275 1522810.9108690158 1440224.3753596577 2047416.7675579444 2452858.280520688 1997708.3035899517 1593171.5217649804 2676945.1538830777 2296321.1373377847 1384276.7304738702 2000674.5774304185 3113038.7151170997 1895754.3231777148 3883132.901595584 2758888.236174804 2115157.6013886807 866398.9534650155 2021414.2091576112 2206050.21407196 2453242.3403183757 2842292.4846607475 2783352.3768709283 2210796.760042635
-1.0 -1.0 -1.0 -1.0 -1.0 -1.0 -1.0 -1.0 -1.0 -1.0 -1.0 -1.0 -1.0 -1.0 -1.0 -1.0 -1.0 -1.0 -1.0 -1.0 -1.0 -1.0 -1.0 751872.3185251653 785882.2072423203 1020372.64 785988.2722595 810125.6011670001 744374.6077862245 780677.081139934 714912.5809246536 2229465.9632192366 975627.899440747 1923738.0733627891 941049.7954820949 2542665.2392393993 3057702.4106924986 3749351.210373934 3636619.264504476 3824869.069640954 4072292.2336710286 3437785.4726798944 2152486.166637722 1394399.0741605517 1892481.5902949832 2082651.4487040774 2437037.7599176723 3872108.2253154437 902423.7953783962 1689058.0219772775 2487366.7318221442 2047130.8940686479 2246934.9752169345 2051134.7999822556 3278688.534304967 1778278.4301367379 1531074.4038818358 1121095.32618349 500721.8894184994 1561091.8373428937 2076197.6760798204 1139701.1860911727 1132637.2512401394 1267738.1281503723 2246352.087907244
-1.0 -1.0 -1.0 -1.0 -1.0 -1.0 -1.0 -1.0 -1.0 -1.0 -1.0 -1.0 -1.0 -1.0 -1.0 -1.0 -1.0 -1.0 -1.0 -1.0 -1.0 -1.0 122495.36 882166.0800000001 936185.0 931232.5015869538 724009.0503138001 850038.5095150999 740145.847541378 1005883.2096246595 693209.3873508553 1260907.0936994357 2226064.1303428416 2169614.0466538817 2102408.098520079 3123562.3705151565 1903001.7375293907 2706624.3851637207 3244943.7140054563 3783158.1469187876 3879393.5040952787 3652685.2657955545 2138199.7788475472 2067208.3068048274 2008165.2982532685 2072945.38756068 1803384.2147448661 1445179.493602306 1287603.2388854309 1849570.404233111 3645321.2764081894 4845552.821512522 1594581.1402486116 2284713.9552995926 1571235.9385855813 844829.7522608815 1002282.3168584357 1594956.6567661343 1557697.4026764417 1571857.5437509036 1472860.5139557368 531905.0087765713 1675162.8844027447 2049902.2056287457 2153400.3222363377
-1.0 -1.0 -1.0 -1.0 -1.0 -1.0 -1.0 -1.0 -1.0 -1.0 -1.0 -1.0 -1.0 -1.0 -1.0 -1.0 -1.0 -1.0 -1.0 -1.0 -1.0 -1.0 347849.24 967205.2 645212.4816162318 993591.8737359897 1052000.81 818573.9615770002 1136880.5480200313 1138553.1408350766 1743083.2995436364 1385195.059123898 2754700.9853212996 2358994.340813896 2480574.918426761 3108601.5774830263 3029565.439697904 3294284.2832044642 3081137.1044221087 3758785.8770985375 3945547.7313423133 2560380.76521644 933805.0152738378 2459970.0861091255 1443930.5778810717 871657.1098670089 864855.9859845275 595976.839437839 582473.4143539675 1938244.9797687668 4082044.1369952206 2435134.0195920207 535086.1861136893 918794.5544005773 359668.1497499688 384520.9387993901 1405088.9974873185 1683199.1752740839 2218893.974403804 1914627.102908547 1408229.7864642404 1464654.8753057339 1618121.533200642 1690677.0290320423 1514163.0396954743
-1.0 -1.0 -1.0 -1.0 -1.0 -1.0 -1.0 -1.0 -1.0 -1.0 -1.0 -1.0 -1.0 -1.0 -1.0 -1.0 -1.0 -1.0 -1.0 -1.0 -1.0 -1.0 427372.9581113861 561902.3002353559 695254.4957916178 1047032.91 1033149.2808114 1163832.54 1151404.6167073 918940.8065392999 1139370.1195168 1529141.6831651663 1274855.593121415 1338925.7822231802 2821413.626468268 3682717.8822714533 3066342.0422384674 3652745.9253800046 3301502.073844513 3167056.7088924255 3414771.6884857365 1950763.5389402406 1255121.4100369513 1175428.183923413 1163442.8250067213 678484.2527908776 1168209.7878319202 490939.27124125947 1448222.675528719 1520097.876131142 841566.9797850458 888328.8716479148 426099.62657899864 368297.40478620015 512195.4235018891 373523.3438881876 1742090.0265343287 1738103.243480606 1986633.1609133107 214495.2305827346 775319.866668363 1628092.3896582706 1940904.844776342 1929333.2189472434 2094099.7020427152
-1.0 -1.0 -1.0 -1.0 -1.0 -1.0 -1.0 -1.0 -1.0 -1.0 -1.0 -1.0 -1.0 -1.0 -1.0 -1.0 -1.0 -1.0 -1.0 -1.0 -1.0 -1.0 490416.15936284873 701369.6000930312 953398.5523254545 1057733.48880615 929253.4346362 940485.2473508002 1132232.2624680337 912059.9720917905 1386805.1438537184 1414777.2470269606 1596935.6827520002 1549968.2439672505 2836075.3919726326 3548976.71997893 3801425.789579311 3668719.8601381266 3769611.5133016687 3869740.962286959 3793100.4047644166 949936.5495281762 2834572.4673206834 1922359.1073791452 1028154.1802503798 763744.3778521768 860119.2476106099 775022.3097399799 581418.8770799323 396415.08697227755 671835.2527359861 722963.0257233509 760839.1617937839 535168.9451745551 356622.96203592984 541242.0554160775 596271.9846820763 92464.8184769471 775527.2920838429 1141940.7349444379 1716518.457922067 1906216.5162793086 2233902.2407481656 1849574.4745010561 2038673.7139167883
-1.0 -1.0 -1.0 -1.0 -1.0 -1.0 -1.0 -1.0 -1.0 -1.0 -1.0 -1.0 -1.0 -1.0 -1.0 -1.0 -1.0 -1.0 -1.0 -1.0 -1.0 -1.0 348709.0105182576 669750.7370597564 708729.3897706 769508.5027340001 1062945.919642 897268.382914601 1743914.4892234365 1965029.3928175 1907442.3928395729 1536585.3105855999 1589050.3105855999 1742893.719535713 3133306.469213721 2172005.486201221 1903352.29445003 2637900.448548616 2472594.099918279 3514214.02896583 3354384.9598215283 778300.3410344227 2707572.0300360913 903023.465985939 754218.4611190367 851884.3505913634 1205621.331694402 853277.2546835958 198207.60541380342 490610.3636794202 369150.3135157711 314266.13479372853 584122.6107061866 501111.11589517514 385146.830251619 483693.2863965919 512781.9943069732 538587.7143211835 762477.7229279978 826511.7465860348 603665.5830173887 791595.1401741871 1114500.8812644277 815790.9653564068 1316091.1413436
-1.0 -1.0 -1.0 -1.0 -1.0 -1.0 -1.0 -1.0 -1.0 -1.0 -1.0 -1.0 -1.0 -1.0 -1.0 -1.0 -1.0 -1.0 -1.0 -1.0 -1.0 44095.252702962 568985.1158985852 595643.2844456238 749450.9542024999 828885.7633495 1088383.3995157853 852439.7373477139 1727177.8207935963 1930741.4386257369 2006984.82 1554819.0217729502 1550866.4177233798 3754744.2901724204 2333030.5309797158 1391291.0754350075 1480744.0837445667 1265278.3162816153 1173112.9761380055 1964683.0436781459 2763910.0617659264 996485.4838956423 983645.8146009177 694852.215569635 505807.19396091765 1098462.2738672458 751884.874310549 482279.2261724088 384168.6148773913 355347.16257073486 389559.62566978065 406037.0160935249 495109.12133559753 488529.39626963483 335407.04322252556 101970.75813295039 92665.62296084108 425581.6042285487 172776.64795393817 419363.57010870497 729668.3115212247 831576.8696238131 933073.8043506115 795021.8309006093 480428.6094183697
-1.0 -1.0 -1.0 -1.0 -1.0 -1.0 -1.0 -1.0 -1.0 -1.0 -1.0 -1.0 -1.0 -1.0 -1.0 -1.0 -1.0 -1.0 -1.0 -1.0 -1.0 289219.3863771413 533428.6886704965 516398.6484020331 724881.2727486147 717346.1702729219 1081545.980306305 854132.0443510262 1518757.3156173655 1922825.0473629613 1931542.7778934636 1546807.48856913 1590817.37736724 3114741.0376732606 1654733.998267441 1534136.548181989 1191691.6772847578 629277.9495568254 1125962.4303803127 1779386.535741877 1240682.8254537124 981398.6510609449 891208.6001546307 335347.4529631667 745348.6536656991 1032399.4002590599 845716.2424894596 789280.4576897408 404074.2551535151 461103.5354480795 204553.3877131997 344611.6949249869 357814.60121633613 29519.833086704126 256324.0781070065 681627.7759249902 255106.0488419618 504491.78497365024 677823.9578664023 1201525.026679214 886970.0827295826 452891.8068669793 1579190.5773962534 901461.8286338665 16738.8466506508
-1.0 -1.0 -1.0 -1.0 -1.0 -1.0 -1.0 -1.0 -1.0 -1.0 -1.0 -1.0 -1.0 -1.0 -1.0 -1.0 -1.0 -1.0 -1.0 -1.0 -1.0 155901.2076510367 537629.8740178827 626260.1183172017 774449.5742267999 797244.1326691634 927140.967372488 1176782.4558010225 1652092.1939139739 1998255.225875 1952964.750042143 1574168.4379407973 1618729.52832204 2815129.9154190067 1441882.6455537435 1378501.1083476283 581034.0714862683 120050.66684421092 475163.5459508296 1257615.735592175 1092739.5232264383 899663.7972045486 740644.7205161671 116521.50714004353 757200.1174410987 361724.4595108258 586944.3244762815 787261.7722150901 154785.3575760687 302309.37227114243 202924.99300378328 173868.4187372941 340251.1955620732 361857.22110632004 200657.07862896466 5500.419935926172 20400.668935062517 399041.5781696938 1024862.0865351591 891972.7547051935 363212.67574985675 883416.3224150765 1249525.241192671 160034.2216402798 -1.0
-1.0 -1.0 -1.0 -1.0 -1.0 -1.0 -1.0 -1.0 -1.0 -1.0 -1.0 -1.0 -1.0 -1.0 -1.0 -1.0 -1.0 -1.0 -1.0 -1.0 -1.0 22245.526086488 526918.6150079331 578526.8870622063 865303.5254335001 765422.2018503911 868367.0320578597 1055130.883938465 1217086.1260566125 1677145.2015156387 1094233.581429225 1520677.267438931 3384824.4087256403 2695986.7309885486 1658047.780285985 1391800.6795881572 479739.7124956216 12509.12439255601 832744.2084660414 1114196.4375541313 1189051.7340826953 825044.5693772917 581098.0832454299 424665.05428027874 365922.1412169464 930011.8766761059 1259023.6695367086 593194.1813335981 332102.5226253711 24792.966776852503 104098.24685705894 255129.94630156533 88980.25989684659 275139.368406252 354454.717700368 93665.08452276788 5544.782991145169 234858.7916174397 475054.5084447589 360365.1672403498 670656.5629187427 1052351.2723133299 238435.5270605067 -1.0 -1.0
-1.0 -1.0 -1.0 -1.0 -1.0 -1.0 -1.0 -1.0 -1.0 -1.0 -1.0 -1.0 -1.0 -1.0 -1.0 -1.0 -1.0 -1.0 -1.0 -1.0 -1.0 21482.520501928004 561478.8168661178 530101.7268827866 886208.141599 838916.7415066657 780579.9772152398 1695475.3361374259 1602016.2061711752 1682753.8647140295 987940.7586156243 1254473.6918810166 2607479.7451248737 2689332.8005066807 1630149.8823265817 1472143.47575487 477214.1580253631 893575.0001952125 14289.468521688466 5636.710419071042 1185735.4859764762 655222.5089079619 335382.9828179936 1050055.6974509642 585719.57718495 1711919.3530359818 947314.9453835126 595231.6197769692 277279.5836434418 254846.09093739596 292888.41201631114 165005.1188781365 86037.9683378656 249094.63228555917 420522.2865057869 331907.4370423142 338232.37673689413 224936.5436866125 84812.34968070629 625754.0707066479 258739.7180220329 45350.336086704556 -1.0 -1.0 -1.0
-1.0 -1.0 -1.0 -1.0 -1.0 -1.0 -1.0 -1.0 -1.0 -1.0 -1.0 -1.0 -1.0 -1.0 -1.0 -1.0 -1.0 -1.0 -1.0 -1.0 -1.0 13744.287738796234 1060825.8719235945 1277034.0386403245 826131.0178737782 854948.2268159001 767998.8206153886 1158720.0248803988 1382114.786060172 1673256.4391378092 1021563.8572563746 2689669.488780301 2554243.6602836703 1987533.0430925728 1856448.499835338 1378330.6248741637 482139.3920022324 7691.965069109165 197151.92251724075 723823.3360418106 109714.0779654662 785170.1541227478 258481.00205298615 923773.984928663 1106063.550429077 1149360.9172985388 799164.1637051312 689840.0979784587 631708.9917821968 271058.68102724996 5864.516803210614 406142.9530962182 899494.5194013321 558823.3018975973 169586.9440201313 85450.57591410536 162291.41844427717 501780.98215581995 917428.257025526 1367438.7641271248 349954.922167656 -1.0 -1.0 -1.0 -1.0
-1.0 -1.0 -1.0 -1.0 -1.0 -1.0 -1.0 -1.0 -1.0 -1.0 -1.0 -1.0 -1.0 -1.0 -1.0 -1.0 -1.0 -1.0 -1.0 -1.0 -1.0 162980.2555994335 1748039.6407966067 1644532.6532191618 812510.3270152044 859480.5241597001 787430.0337486498 1163630.6437595268 1274796.0960668023 1601754.944163742 1045489.9382728331 2283153.15904133 1850579.9166544033 2312448.735796813 1870588.8144670976 866431.9396121383 110863.10332810368 190112.3204212638 285535.85886785225 1471873.9614998542 103276.92863304068 485917.769884542 172754.3498075021 67089.38662149583 651764.2541553017 950347.2060857081 1242856.5697869705 1016329.6657838711 1058325.459888691 773424.6476543912 599409.4971400746 170328.14495107732 83415.66997600273 80602.69210678278 81859.97021132914 4736.996487948128 318513.38050686097 1065140.1108152005 698438.23767151 517458.05687670334 -1.0 -1.0 -1.0 -1.0 -1.0
-1.0 -1.0 -1.0 -1.0 -1.0 -1.0 -1.0 -1.0 -1.0 -1.0 -1.0 -1.0 -1.0 -1.0 -1.0 -1.0 -1.0 -1.0 -1.0 -1.0 -1.0 174076.62581416595 1875926.1368489522 1733331.3182743613 615231.4548276791 828468.0744083396 616444.28650574 1079145.728022051 1682908.7789563872 1187623.2805260005 1113158.161080369 2174457.727079788 2212863.9356792355 2200048.8100813148 1097776.941842846 333187.9250614883 117027.40830168006 447172.4759598469 518358.35887434514 174007.59801925725 166722.83528793402 424147.72683932516 344328.11409747694 249126.6408982274 96368.04776758258 274612.486667583 763279.4207332779 951265.9102233469 771290.4956212726 511376.1683711011 239026.50139941118 318664.71816762246 83199.91087906566 228761.0134995772 76788.71479020861 155608.96299700846 509064.1187541842 828331.8618951554 156044.7779855834 -1.0 -1.0 -1.0 -1.0 -1.0 -1.0
-1.0 -1.0 -1.0 -1.0 -1.0 -1.0 -1.0 -1.0 -1.0 -1.0 -1.0 -1.0 -1.0 -1.0 -1.0 -1.0 -1.0 -1.0 -1.0 -1.0 -1.0 1429637.2855704096 1826311.1439325071 2028656.4183904086 803345.1096305631 813221.9347784098 685797.5651547166 1082319.76134982 1082319.8109941138 1108382.2250883966 1144109.794057244 2313234.3033249592 2201482.632078608 2385305.8447246393 2228195.407425861 1276345.4316486637 1015126.5183919626 766176.1286730327 426404.4202693365 368456.14306746906 312212.34545623744 312153.7133243433 728152.0306509121 502374.21679483366 291879.99819906586 370224.996679399 104003.06736613123 187081.64835902143 257463.32222426074 465718.8998338852 394887.8696329012 834413.8571207069 917240.2473320697 418509.4960028203 211421.1013929852 257712.27263745823 261920.645618761 233291.0692362663 -1.0 -1.0 -1.0 -1.0 -1.0 -1.0 -1.0
-1.0 -1.0 -1.0 -1.0 -1.0 -1.0 -1.0 -1.0 -1.0 -1.0 -1.0 -1.0 -1.0 -1.0 -1.0 -1.0 -1.0 -1.0 -1.0 -1.0 304005.9722902356 1781669.130035819 1875530.5318730779 1243016.3417742706 799388.2868537705 663764.3776652139 947112.7671349576 1068196.6678135907 946036.3284570001 926962.8411035175 1101228.0893248054 1209508.5264174924 2481168.0728251725 2547338.249941606 2391502.772794606 1137277.815869179 671950.1011785836 1075005.2836878889 539480.5552116195 489235.8807092728 953649.0425815387 1012786.1067567267 709860.4181392872 577754.2595835847 712254.7468690479 652505.6375242978 379270.0732671807 639632.3164010912 532105.7905452038 95864.75993871635 -1.0 98680.87558869814 334475.9517991168 251917.89240454932 587765.5750013947 138520.81922992517 76274.82408353424 -1.0 -1.0 -1.0 -1.0 -1.0 -1.0 -1.0 -1.0
-1.0 -1.0 -1.0 -1.0 -1.0 -1.0 -1.0 -1.0 -1.0 -1.0 -1.0 -1.0 -1.0 -1.0 -1.0 -1.0 -1.0 -1.0 -1.0 -1.0 1010699.4362570443 1807303.1826114943 1832550.578955324 515834.45532532124 648705.4636600299 612071.1877842227 959222.6614721807 1001262.4262769956 1065867.4199677464 1051432.6722401837 1118848.3199463557 1258768.2108617257 2589027.9806832536 2554430.0404733685 2029088.2981986827 1737846.9902335326 1040635.2978133084 665899.7219165807 304070.94206268096 537500.9348428815 628674.7021464303 347474.8164703949 791708.9765901393 613695.9302388077 697285.0467325514 771797.5823175946 755568.5419007982 1057348.8259472982 629554.2738087217 782529.1430795344 235124.65891946873 -1.0 -1.0 -1.0 -1.0 -1.0 -1.0 -1.0 -1.0 -1.0 -1.0 -1.0 -1.0 -1.0 -1.0
-1.0 -1.0 -1.0 -1.0 -1.0 -1.0 -1.0 -1.0 -1.0 -1.0 -1.0 -1.0 -1.0 -1.0 -1.0 -1.0 -1.0 -1.0 -1.0 388494.3768195892 1144293.3796882234 1459817.8159073046 1339825.0944485802 511809.1899727782 658269.4856624424 669774.776005438 957493.2090258307 1027282.2241896729 1059286.553871225 1112073.6644458706 1078750.9444144145 1251031.4532096596 2661852.6705983514 2539938.3554436024 1874430.0430280208 1495585.594054663 970579.2255759167 504534.9692176163 422031.2784217268 535050.2561045131 606415.7991575748 421846.5481925915 879728.1664449049 810786.3799317766 212102.0067478699 825373.3342425998 1072409.886285812 1207061.6984508154 1035935.7351015355 1258076.669933319 378512.19165755785 -1.0 -1.0 -1.0 -1.0 -1.0 -1.0 -1.0 -1.0 -1.0 -1.0 -1.0 -1.0 -1.0 -1.0
-1.0 -1.0 -1.0 -1.0 -1.0 -1.0 -1.0 -1.0 -1.0 -1.0 -1.0 -1.0 -1.0 -1.0 -1.0 -1.0 -1.0 -1.0 -1.0 870403.1202694208 1630162.4005021486 1471123.4714114817 531993.5077304223 472586.4702073686 804858.8043155932 753164.9487519213 666077.8303712513 973805.3977296716 943433.2043703503 1415154.2188719804 915153.2710269103 1012021.1005587031 2478863.182836997 2246180.899473522 2117911.1408917014 1600517.574314413 1122679.6572969272 451739.8587557308 468826.88831650664 345713.4943905796 263313.4581680602 341205.39950097096 870329.9566199452 818826.0979922488 159238.0724077989 992027.7775971761 1169061.1701276768 1302610.0896403184 1087229.5633513175 990657.7152268752 562661.1282227621 57497.99253805916 -1.0 -1.0 -1.0 -1.0 -1.0 -1.0 -1.0 -1.0 -1.0 -1.0 -1.0 -1.0 -1.0
-1.0 -1.0 -1.0 -1.0 -1.0 -1.0 -1.0 -1.0 -1.0 -1.0 -1.0 -1.0 -1.0 -1.0 -1.0 -1.0 -1.0 -1.0 135707.56940003904 1133497.5513813908 360407.71632993803 1384566.19239716 648421.145979738 516435.6915025159 815656.0644021328 614393.4985038596 934183.1469243229 771529.1035307689 937382.1109020091 1453931.9370181188 908955.9508730847 1041042.8845173899 2375566.042095174 2409832.4001812525 2302347.787255826 2190221.3418878713 1113703.3075189125 2246184.278051634 682994.9115239959 163988.3840439819 336656.5561244632 337658.15707681916 530481.5573176176 789091.1904093326 552418.3348515622 814200.569380199 878585.2809865444 1151329.4044579973 1150582.4001768143 990351.1235262309 1072196.0338626665 434172.96978136915 -1.0 -1.0 -1.0 -1.0 -1.0 -1.0 -1.0 -1.0 -1.0 -1.0 -1.0 -1.0 -1.0
-1.0 -1.0 -1.0 -1.0 -1.0 -1.0 -1.0 -1.0 -1.0 -1.0 -1.0 -1.0 -1.0 -1.0 -1.0 -1.0 -1.0 214331.3507836713 947789.0170509979 1422479.572299787 1116846.9940575457 1294631.4036054122 618880.5950474347 546961.2424524679 568131.2511435223 778356.5352778889 753055.4399736462 852189.9248238325 1412577.7291201598 1341263.210351185 1341579.021875144 949023.9560975635 950771.486651898 2297354.5369577967 2212124.79622241 2040131.8909954953 1620680.8863434633 1697320.4485975786 1930086.4316842116 303549.667269838 10946.542101857633 542522.5933945931 635132.2246933945 740048.9097241971 586894.3091466762 645382.1044144032 518632.9536567421 494942.2866597728 816518.953605963 893340.3490791855 992793.1374427606 0.0167285270012325 -1.0 -1.0 -1.0 -1.0 -1.0 -1.0 -1.0 -1.0 -1.0 -1.0 -1.0 -1.0 -1.0
-1.0 -1.0 -1.0 -1.0 -1.0 -1.0 -1.0 -1.0 -1.0 -1.0 -1.0 -1.0 -1.0 -1.0 -1.0 -1.0 -1.0 70861.35217487626 1567138.1801197499 1373076.7364785438 1578396.4473028085 692669.2722922051 645859.4847444037 515974.98325518734 647143.5861324344 772842.9459612926 747598.4177771934 822290.2755535343 861224.1413374139 872270.9551113264 1377890.801484346 977110.7050559951 945175.6562584938 1012650.0118755006 2281412.318981698 2024915.0116259232 1489038.1926266882 1533431.235672982 1750842.3003275995 438327.50150194234 406664.03651521215 247065.97165869185 155159.87369521253 504248.8305085521 3688.303080194049 472372.2658285683 301759.74551613914 126267.1568199104 655330.6318740415 550185.7067714619 213596.1253708559 -1.0 -1.0 -1.0 -1.0 -1.0 -1.0 -1.0 -1.0 -1.0 -1.0 -1.0 -1.0 -1.0 -1.0
-1.0 -1.0 -1.0 -1.0 -1.0 -1.0 -1.0 -1.0 -1.0 -1.0 -1.0 -1.0 -1.0 -1.0 -1.0 -1.0 -1.0 -1.0 1593100.1602085256 1636163.5547851315 1518153.5937881237 696376.8164498287 704036.8378610184 491489.3291892151 511133.86561570526 718185.3577671358 772988.4881785804 1125151.8045988558 827969.4724882832 703688.9547463468 967826.4175840846 1346603.773672124 858226.5300411276 864798.3872799817 868547.9777692612 2078181.6466149003 1425867.942559509 1516115.2027001386 647513.97257423 1631330.9465148952 267948.4491675548 317742.005764858 212038.10795295396 211308.76992608228 263732.4818012258 139053.8385923398 412081.2213213125 503430.6111423911 209140.6466232434 20752.246131563545 -1.0 -1.0 -1.0 -1.0 -1.0 -1.0 -1.0 -1.0 -1.0 -1.0 -1.0 -1.0 -1.0 -1.0 -1.0
-1.0 -1.0 -1.0 -1.0 -1.0 -1.0 -1.0 -1.0 -1.0 -1.0 -1.0 -1.0 -1.0 -1.0 -1.0 -1.0 -1.0 -1.0 918547.2640029972 1176151.4744333406 1414449.8953818048 715523.0980658825 647350.6497509262 569947.6406834613 682981.1658042533 580348.4338781983 584670.8835721747 527850.4020973692 606837.8537687354 431807.8818970728 698032.0262095118 784242.8226295415 648654.1208474387 736868.5685917193 735861.4404480344 700566.3454909028 1569300.8855028998 1469088.7014803414 756750.9433917435 553486.331210525 418351.4929392676 695408.1577036269 604902.4905750371 196831.21302366862 105132.41869845473 96985.70579284313 108300.08551883893 19309.100400047588 -1.0 -1.0 -1.0 -1.0 -1.0 -1.0 -1.0 -1.0 -1.0 -1.0 -1.0 -1.0 -1.0 -1.0 -1.0 -1.0 -1.0
-1.0 -1.0 -1.0 -1.0 -1.0 -1.0 -1.0 -1.0 -1.0 -1.0 -1.0 -1.0 -1.0 -1.0 -1.0 -1.0 -1.0 -1.0 475295.58718974073 1201240.883522402 955931.9139089545 1429789.2278498444 706661.0605086004 453298.16124455235 462144.750663868 639226.9895671518 623915.5554247567 365535.7405102815 266152.6852283516 538196.4888668247 545867.5948313029 691404.3145835354 401918.3733377062 645142.6305463936 482197.0059334706 427777.2185938772 244843.1750253447 758061.6854890333 407946.2485514186 248738.54150622172 263053.86829123576 22307.261967504826 -1.0 -1.0 -1.0 -1.0 -1.0 -1.0 -1.0 -1.0 -1.0 -1.0 -1.0 -1.0 -1.0 -1.0 -1.0 -1.0 -1.0 -1.0 -1.0 -1.0 -1.0 -1.0 -1.0
-1.0 -1.0 -1.0 -1.0 -1.0 -1.0 -1.0 -1.0 -1.0 -1.0 -1.0 -1.0 -1.0 -1.0 -1.0 -1.0 -1.0 78963.74086084132 739108.6991152177 987009.8799578557 1130325.6818921645 1465243.4813217497 1298969.0595760285 510403.84373502876 589229.9271990093 376081.2707790913 317518.1502142026 238361.73143506603 285832.631109494 264074.7713738034 350272.1565664181 645018.3713162179 730770.1771725055 450146.42321314925 450331.5470960623 486581.29373431543 455099.0732325596 725857.6957906483 489355.1865741049 397672.12086749304 259865.61854938458 -1.0 -1.0 -1.0 -1.0 -1.0 -1.0 -1.0 -1.0 -1.0 -1.0 -1.0 -1.0 -1.0 -1.0 -1.0 -1.0 -1.0 -1.0 -1.0 -1.0 -1.0 -1.0 -1.0 -1.0
-1.0 -1.0 -1.0 -1.0 -1.0 -1.0 -1.0 -1.0 -1.0 -1.0 -1.0 -1.0 -1.0 -1.0 -1.0 -1.0 -1.0 470576.46138586494 1095713.07508104 1462625.7532056335 1147684.9509456041 1445916.1361075072 1329938.4035485045 466614.4466865058 431091.90562593506 237904.13064260705 283557.8905576953 262067.77697944126 262486.61095549254 324630.40733950166 284104.05656182946 192859.038703489 652294.3544224547 458446.51328338275 454823.416184457 377166.7762962924 323706.81544704904 255956.61267233442 451928.5755570566 375314.40088218125 11813.663946655499 -1.0 -1.0 -1.0 -1.0 -1.0 -1.0 -1.0 -1.0 -1.0 -1.0 -1.0 -1.0 -1.0 -1.0 -1.0 -1.0 -1.0 -1.0 -1.0 -1.0 -1.0 -1.0 -1.0 -1.0
