critload/trunk/output/1999/nde_nat.asc
ncols 720
nrows 360
xllcorner -180
yllcorner -90
cellsize 0.5
NODATA_value -1.0
[rows 29 to 57 of 360, columns 390 to 454 of 720]
-1.0 -1.0 -1.0 -1.0 -1.0 -1.0 -1.0 -1.0 -1.0 -1.0 -1.0 -1.0 -1.0 -1.0 -1.0 -1.0 -1.0 -1.0 -1.0 -1.0 -1.0 -1.0 -1.0 -1.0 -1.0 -1.0 -1.0 -1.0 -1.0 -1.0 -1.0 -1.0 -1.0 -1.0 -1.0 -1.0 -1.0 -1.0 -1.0 -1.0 -1.0 -1.0 -1.0 -1.0 -1.0 -1.0 -1.0 -1.0 -1.0 -1.0 -1.0 -1.0 -1.0 -1.0 -1.0 -1.0 -1.0 -1.0 -1.0 -1.0 -1.0 -1.0 -1.0 -1.0 -1.0
-1.0 -1.0 -1.0 -1.0 -1.0 -1.0 -1.0 -1.0 -1.0 -1.0 -1.0 -1.0 -1.0 -1.0 -1.0 -1.0 -1.0 -1.0 -1.0 -1.0 -1.0 -1.0 -1.0 -1.0 -1.0 -1.0 -1.0 -1.0 -1.0 -1.0 -1.0 -1.0 -1.0 -1.0 -1.0 -1.0 -1.0 -1.0 -1.0 -1.0 -1.0 -1.0 -1.0 -1.0 -1.0 -1.0 -1.0 -1.0 -1.0 -1.0 -1.0 -1.0 -1.0 -1.0 -1.0 -1.0 -1.0 -1.0 -1.0 -1.0 -1.0 -1.0 -1.0 -1.0 -1.0
-1.0 -1.0 -1.0 -1.0 -1.0 -1.0 -1.0 -1.0 -1.0 -1.0 -1.0 -1.0 -1.0 -1.0 -1.0 -1.0 -1.0 -1.0 -1.0 -1.0 -1.0 -1.0 -1.0 -1.0 -1.0 -1.0 -1.0 -1.0 -1.0 -1.0 -1.0 -1.0 -1.0 -1.0 -1.0 -1.0 -1.0 -1.0 -1.0 -1.0 -1.0 -1.0 -1.0 -1.0 -1.0 -1.0 -1.0 -1.0 -1.0 -1.0 -1.0 -1.0 -1.0 -1.0 -1.0 -1.0 -1.0 -1.0 -1.0 -1.0 -1.0 -1.0 -1.0 -1.0 -1.0
-1.0 -1.0 -1.0 -1.0 -1.0 -1.0 -1.0 -1.0 -1.0 -1.0 -1.0 -1.0 -1.0 -1.0 -1.0 -1.0 -1.0 -1.0 -1.0 -1.0 -1.0 -1.0 -1.0 -1.0 -1.0 -1.0 -1.0 -1.0 -1.0 -1.0 -1.0 -1.0 -1.0 -1.0 -1.0 -1.0 -1.0 -1.0 -1.0 -1.0 -1.0 -1.0 -1.0 -1.0 -1.0 -1.0 -1.0 -1.0 -1.0 -1.0 -1.0 -1.0 -1.0 -1.0 -1.0 -1.0 -1.0 -1.0 -1.0 -1.0 -1.0 -1.0 -1.0 -1.0 -1.0
-1.0 -1.0 -1.0 -1.0 -1.0 -1.0 -1.0 -1.0 -1.0 -1.0 -1.0 -1.0 -1.0 -1.0 -1.0 -1.0 -1.0 -1.0 -1.0 -1.0 -1.0 -1.0 -1.0 -1.0 -1.0 -1.0 -1.0 -1.0 -1.0 -1.0 -1.0 -1.0 -1.0 -1.0 -1.0 -1.0 -1.0 -1.0 -1.0 -1.0 -1.0 -1.0 -1.0 -1.0 -1.0 -1.0 -1.0 -1.0 -1.0 -1.0 -1.0 -1.0 -1.0 -1.0 -1.0 -1.0 -1.0 -1.0 -1.0 -1.0 -1.0 -1.0 -1.0 -1.0 -1.0
-1.0 -1.0 -1.0 -1.0 -1.0 -1.0 -1.0 -1.0 -1.0 -1.0 -1.0 -1.0 -1.0 -1.0 -1.0 -1.0 -1.0 -1.0 -1.0 -1.0 -1.0 -1.0 -1.0 -1.0 -1.0 -1.0 -1.0 -1.0 -1.0 -1.0 -1.0 -1.0 -1.0 -1.0 -1.0 -1.0 -1.0 -1.0 -1.0 -1.0 -1.0 -1.0 -1.0 -1.0 -1.0 -1.0 -1.0 -1.0 -1.0 -1.0 -1.0 -1.0 -1.0 -1.0 -1.0 -1.0 -1.0 -1.0 -1.0 -1.0 -1.0 -1.0 -1.0 -1.0 -1.0
-1.0 -1.0 -1.0 -1.0 -1.0 -1.0 -1.0 -1.0 -1.0 -1.0 -1.0 -1.0 -1.0 -1.0 -1.0 -1.0 -1.0 -1.0 -1.0 -1.0 -1.0 -1.0 -1.0 -1.0 -1.0 -1.0 -1.0 -1.0 -1.0 -1.0 -1.0 -1.0 -1.0 -1.0 -1.0 -1.0 -1.0 -1.0 -1.0 -1.0 -1.0 -1.0 -1.0 -1.0 -1.0 -1.0 -1.0 -1.0 -1.0 -1.0 -1.0 -1.0 -1.0 -1.0 -1.0 -1.0 -1.0 -1.0 -1.0 -1.0 -1.0 -1.0 -1.0 -1.0 -1.0
-1.0 -1.0 -1.0 -1.0 -1.0 -1.0 -1.0 -1.0 -1.0 -1.0 -1.0 -1.0 -1.0 -1.0 -1.0 -1.0 -1.0 -1.0 -1.0 -1.0 -1.0 -1.0 -1.0 -1.0 -1.0 -1.0 -1.0 -1.0 -1.0 -1.0 -1.0 -1.0 -1.0 -1.0 -1.0 -1.0 -1.0 -1.0 -1.0 -1.0 -1.0 -1.0 -1.0 -1.0 -1.0 -1.0 -1.0 -1.0 -1.0 -1.0 -1.0 -1.0 -1.0 -1.0 -1.0 -1.0 -1.0 -1.0 -1.0 -1.0 -1.0 -1.0 -1.0 -1.0 -1.0
-1.0 -1.0 -1.0 -1.0 -1.0 -1.0 -1.0 -1.0 -1.0 -1.0 -1.0 -1.0 -1.0 -1.0 -1.0 -1.0 -1.0 -1.0 -1.0 -1.0 8479.597582514998 54243.683332317996 15341.5680379186 -1.0 6033.605834071001 34510.668719953996 22170.816571083 -1.0 -1.0 -1.0 -1.0 -1.0 -1.0 -1.0 -1.0 -1.0 -1.0 -1.0 -1.0 -1.0 -1.0 -1.0 -1.0 -1.0 -1.0 -1.0 -1.0 -1.0 -1.0 -1.0 -1.0 -1.0 -1.0 -1.0 -1.0 -1.0 -1.0 -1.0 -1.0 -1.0 -1.0 -1.0 -1.0 -1.0 -1.0
-1.0 -1.0 -1.0 -1.0 -1.0 -1.0 -1.0 -1.0 -1.0 -1.0 -1.0 -1.0 -1.0 -1.0 73680.50838826601 114161.89931302 83888.826808956 42128.021357276004 80522.43838796203 189395.00732881605 170575.366811582 92429.171960986 124399.89319522202 98092.417506348 115134.01220139199 217902.33563156804 128173.88614359799 147137.05768896602 155028.89283830998 102466.09695783601 73241.90427153601 11635.594940522304 -1.0 -1.0 -1.0 -1.0 -1.0 -1.0 -1.0 -1.0 -1.0 -1.0 -1.0 -1.0 -1.0 -1.0 -1.0 -1.0 -1.0 -1.0 -1.0 -1.0 -1.0 -1.0 -1.0 -1.0 -1.0 -1.0 -1.0 -1.0 -1.0 -1.0 -1.0 -1.0 -1.0
-1.0 -1.0 -1.0 -1.0 -1.0 -1.0 -1.0 22017.191435298802 43026.683706006 63928.75604959199 26056.071894744808 54765.89364789401 37754.25308770299 115708.345513888 131535.23199441197 222924.13438961803 133812.18902268802 216601.83539267397 241427.39541628002 238727.10542781002 118948.42432021198 225760.57488889204 243027.86732837997 227574.61966076205 245219.16002141102 244335.24590787 228777.862939684 218247.57866987004 203821.31707876804 205243.469317065 190556.97179517802 108097.268028991 17040.0822139937 -1.0 -1.0 -1.0 -1.0 -1.0 -1.0 -1.0 -1.0 -1.0 -1.0 -1.0 -1.0 -1.0 -1.0 -1.0 -1.0 -1.0 -1.0 -1.0 -1.0 -1.0 -1.0 -1.0 -1.0 -1.0 -1.0 -1.0 -1.0 -1.0 -1.0 -1.0 -1.0
-1.0 -1.0 -1.0 -1.0 -1.0 27393.672203142007 72861.440251822 152603.03566365328 222968.68229133205 150350.343272654 207761.50829775992 263014.242014924 233904.3208846 217844.18019316997 264540.90533252 360362.4958712 353048.37293737 361942.24719872995 267274.69700913003 267676.3479333001 271360.67597305 269860.03890923 269764.24919433997 270771.44870916 273026.665775958 271158.6510307 272026.654908333 268446.861112369 268380.32788710005 218571.64677798 137940.294045177 159242.775940619 113132.963203545 119694.57832480299 149254.66954931655 79782.02795628601 -1.0 -1.0 -1.0 -1.0 -1.0 -1.0 -1.0 -1.0 -1.0 -1.0 -1.0 -1.0 -1.0 -1.0 -1.0 -1.0 -1.0 -1.0 -1.0 -1.0 -1.0 -1.0 -1.0 -1.0 -1.0 -1.0 -1.0 -1.0 -1.0
-1.0 87351.88918433532 19556.103768743873 32780.93068061199 177518.982841554 215417.67794597003 224986.14117973606 233295.12099610607 217841.29681275 336346.68614109 336833.45970440004 358350.49905707 363598.51231284 368034.85942348 272623.58986562 272378.22312551 274448.74765064905 275096.68705925 279621.133027776 276554.141256285 278298.06261123 277844.91814301995 278326.19576231996 277336.81045133003 275774.000610473 262729.72637019085 258925.11427316 274526.82088369096 267675.91120303 328926.8364536099 252038.47081312296 254785.739921815 255366.241972413 255567.72474824998 248734.28287378995 237370.21363691997 177763.06918951703 133630.07013637602 144726.47996587504 122622.51862395299 99011.93922094411 95093.34460721802 49180.74917150299 -1.0 -1.0 -1.0 -1.0 -1.0 -1.0 -1.0 -1.0 -1.0 -1.0 -1.0 -1.0 -1.0 -1.0 -1.0 -1.0 -1.0 -1.0 -1.0 -1.0 -1.0 -1.0
163988.4226803027 231937.16097362805 170307.93588425464 138467.4787205995 184942.10811259196 352679.61121814 389032.58483353 388830.68201482005 387294.27860344003 391405.07751774 397275.31243719003 401102.2130153 411400.00386034005 412017.81742096005 319615.63716466 319279.78132971004 320328.151454488 321252.370353679 322595.70058343105 323577.197985072 322767.471951091 322574.05029571004 326431.20515302 324499.701436 316718.3861395 310166.560284858 317943.481340388 296486.14172574005 284581.04502549 361324.67140562 354993.32964198006 341961.21265443007 268618.16459689103 278299.8001164421 277515.69643342 277199.1115844 276663.77605113003 283814.78306695 279287.875981325 280550.10840099 267599.173406328 269572.20431199553 263193.45128660684 242604.0243293324 164723.05337688414 85154.56650775301 -1.0 -1.0 -1.0 -1.0 -1.0 -1.0 -1.0 -1.0 -1.0 -1.0 6586.8839648232 -1.0 -1.0 -1.0 -1.0 -1.0 -1.0 -1.0 -1.0
76699.39657132002 116955.7536809307 145012.3490458277 207879.707212692 233119.80372316402 372651.94808287005 394157.77224942006 382284.38634112006 390843.35226604005 298391.04751166 310250.67356241995 312635.28647682 319161.49561056006 319265.40803130995 326019.52624921 326108.80969370995 330049.174150493 417779.53617898 420903.13027375 333242.31186313997 429806.7845599 429394.25653424 423864.50382184 415505.75653518294 328393.87840936997 329112.48764112 327031.51518778 303209.35125898 290412.83825891 286955.30262128 284162.36785848 278674.83987469005 281752.71814402094 286342.68904708006 286676.95597091 284738.02997986 282343.662799885 288294.58303596 287077.71737504005 287883.81848290906 280985.612884357 284833.81333266996 274797.246014889 269414.57688576146 266554.37896087323 259387.87935325957 232826.59263064596 148672.9226868955 88665.59210129 31420.525268116002 -1.0 -1.0 -1.0 -1.0 -1.0 -1.0 -1.0 13204.163448820402 170882.32817638497 279749.50594721 285009.98205724 289183.08222831995 125039.80565033601 -1.0 -1.0
151025.35679135003 268868.3217501601 306214.01220967004 417117.87553446006 416388.4079638601 417156.3537852501 428375.04197964 430584.55107134 345192.49238243 346157.6428393801 357627.4417890199 356991.6682362199 369202.87758469 370056.154167174 390191.2919136599 402735.056958094 403301.13110122096 392100.88475329 538104.3132318101 545672.96993158 546792.8063969 544281.8063969 533098.47493451 393017.4092119599 484672.61213611 468188.49299774 487274.8607765001 491127.56632331 480220.92672213004 349339.60687529994 318621.27354291 318084.02696200996 313876.96426523 307849.48210323 307070.44781578 304288.94858966 298275.7907555048 310852.40344887995 297471.10957052 306805.79193246 298246.51995201 307917.0971244951 302567.64682032994 301250.44882964995 299302.592713778 288744.9926624379 366833.9288221171 287844.08304418094 374757.428372775 374024.79527954606 293505.01676909 173427.11709534 -1.0 -1.0 -1.0 -1.0 -1.0 -1.0 209304.61898256798 355909.19706069 251716.57462399395 146261.026387388 115090.07330815801 -1.0 -1.0
289798.65357482 310966.28933604003 403466.02730356995 418362.01439017 433825.08365347993 429021.81473928003 338764.6853566 340274.07264642 352757.18346445006 353942.29659877 366208.92862375 365480.76606473 383814.404459905 396039.68770377006 403898.22064745997 405613.28278983186 402463.84108254395 401423.5502964899 557929.78972508 559747.78972508 557513.4610766999 552173.4610766999 463928.09043800493 407890.27895216 502150.66378546006 509183.37358885 501294.1113747001 501066.70069305005 370959.8880239 343796.20222831 328573.09802065 325968.80651906 321980.87520924 320869.74914902 272293.33085673 274255.03400227 318562.95515677 325433.50993909896 321851.98047853005 322118.18640684604 316819.91331865103 405694.41742861003 397991.59624563 398578.85762936005 380374.6988425248 389470.90032046003 295638.97909479693 303456.24624296 301179.034439145 301002.12686619506 388117.87106895 299597.578342875 130028.64676450001 -1.0 -1.0 -1.0 -1.0 58787.414931354 231367.6434024186 346773.0511067072 216582.237214802 52459.346527120004 -1.0 -1.0 -1.0
465527.7148001001 458760.6245049001 470477.4048919 470043.4437786001 483465.91945680004 382885.39534160006 398905.6133314 400554.30955495 421344.2508123 421220.27750407 441669.8520185499 437660.19611335 456975.55536814 457243.67274297995 477572.0580478 473994.07482413994 479791.84494698 481029.77789489 482983.72760134004 489274.24625411007 646644.46952765 1240770.9071640202 637745.64602501 637806.0308439141 565505.8152365101 563189.5620205101 565133.73698113 566523.6147737498 396529.19282450003 377255.02586560004 368977.6698849399 364328.74600882997 356830.533657 350545.16937834 340689.84363496304 232009.09056511003 190379.60798364802 161537.946955778 235418.93858786806 297803.5453790061 335304.893070141 348447.182682319 439780.93909338 421630.43391838 430673.34966646 432720.46230417996 429284.82690827 425737.13402995 332038.79716293 331208.945943402 333498.91592214 275990.088405455 81529.966587226 -1.0 -1.0 -1.0 -1.0 -1.0 -1.0 347027.57198426506 396282.334134288 358923.4168662 228200.93053388502 229268.36700788897 259756.211922555
475910.12377556006 476645.84861359996 485921.7540663 378392.49068263 389825.3301085001 387507.03514366 410348.46016879997 413457.07463273 431484.85560291004 430635.71799039014 452564.3427908201 448710.2906841601 464551.70762311004 465749.72034515 483198.67074833997 482091.9073115499 481186.50375877996 481364.28314769 618180.0813154199 636605.5661618899 908434.32302373 1163356.4288364896 1269091.91251905 643364.37745525 591374.3160463299 460284.28942891007 548017.6614686301 549798.59819346 442444.9857180001 413109.84878338 376551.84979168 361599.19713918254 361267.8735906276 359823.17706935096 362806.074381655 364871.185312688 327510.73473229195 235971.552960004 142013.71180599605 -1.0 12328.811763963506 63030.35250583999 142277.518611246 185483.163942725 233697.46064205904 258324.82957830693 361009.62005050504 286161.460138903 244308.16889157996 187247.8126778984 87303.19517493599 -1.0 48036.201616824495 183706.9420264672 343235.69029420003 334415.37088668405 282686.785462405 156502.35545713 242422.771415584 360581.6708890301 430308.75934947596 429481.260218784 424459.64751267404 427092.756622414 353653.83823195903
512300.73365445 411790.28702995006 430389.4167639101 433279.78470860014 458997.5309701001 459125.96437616996 489007.57584158 489296.71466512 515206.9908500201 517303.0614117801 533451.65504617 534771.35901133 553311.3928648501 914924.6624272144 586185.6816452647 209811.90387314503 168883.83878184014 359266.54730215203 400798.1443095849 693518.2283108318 1190547.9314172 1335398.4225262702 722603.40925618 715626.53358307 700132.0085561599 687638.4471707499 654661.4536871884 659230.6739989 628187.64147433 615428.74189601 438209.5259410691 425242.895124765 418201.92356306396 406515.8276753599 399712.60743061197 488547.29752863996 402192.479175725 409037.747427888 395823.27293026913 213587.40003016373 -1.0 -1.0 -1.0 -1.0 -1.0 -1.0 -1.0 -1.0 -1.0 43390.92442656901 195685.49483869004 377388.674206489 410734.54438098706 417447.7165260351 413288.7724460249 412726.483539345 405651.45451875 407256.41701852495 363100.738248665 401413.059914249 398462.119791792 396143.40815064 391379.736829181 392292.738623699 387973.664018113
418453.66193910997 421405.53817784996 444224.58545218 444711.11755732005 468874.53698681004 469979.2263527202 497519.8554718599 497372.6187604899 526112.16263155 529028.77591718 544307.68889635 543760.08642106 917975.553682146 239549.1541590825 -1.0 -1.0 -1.0 -1.0 -1.0 77471.20934654807 235643.3553227398 972617.1295690767 1354954.8786957 1272225.5068487332 687298.6200961529 699377.683914 696810.27046037 676599.09019335 644472.6623595976 620762.2829308701 431126.0105903809 432659.191513808 424167.94285866007 424975.14656541205 419238.311462192 416833.323961995 523242.585220956 539431.334857619 500751.92858125264 117863.85735210255 -1.0 65771.954182239 -1.0 27198.13162547391 115011.29264857803 31021.74798316501 -1.0 -1.0 -1.0 104183.72724839245 367122.62259946397 428316.925464149 422576.25709757017 426951.0895397202 423457.152597038 422045.23686538707 417999.89089382195 418147.91835091996 413161.8113711099 413396.445803425 403585.65728999494 403363.10573198786 401111.46518389997 400019.39021675 392805.768829081
485784.51905698003 491827.09812861006 516717.51655719 514981.7981612699 544227.51746499 544967.7488482101 583248.52510344 584558.20680296 623389.54439533 624264.28560861 1160052.78334215 606822.4316339622 345886.0146045103 -1.0 -1.0 -1.0 -1.0 -1.0 107040.02249535236 820094.8104983978 691037.8996526801 1007296.1824095687 1057526.1764273061 1489047.3912241897 1465624.40860283 1492331.03068544 1489016.19575513 1035285.080596447 1339521.389282404 1345651.0740049102 1180611.93191654 853846.022158093 939235.96734416 477117.30166451994 469818.52024412 605267.8800592399 585392.31549446 458969.16902044 453230.20586322004 270158.93625515833 -1.0 -1.0 -1.0 248021.77756396905 457168.05572058004 851773.7304580302 479840.0961485059 473435.98295449314 164592.18971666368 140585.6619587807 317626.46791378065 764859.7240496832 983675.52777612 473683.164938683 984823.8447692802 474384.0078815141 468990.4802626651 466149.2854034241 462864.887853984 461833.87997915 450652.84863756294 449315.35584403604 441353.04466808203 440420.84430606 433432.05028864
507551.34285554 503556.31376020995 532272.3090908 527853.75795672 555041.1299025401 552545.0139851001 590845.21127162 591700.9482523 631643.72479722 630936.83289004 1153489.5108549 1056106.4151935112 413505.6168362129 -1.0 -1.0 -1.0 23423.541812152012 357415.52365925163 1075835.9175318005 1169998.3417179445 1056131.6388527397 1209378.062568618 1148952.2616612692 1345334.9837129875 1190197.1280060147 964982.4404206403 1061557.3314160865 1450150.2849993098 1336957.98565954 1049087.04060436 1267500.8475435202 1278975.21963125 935232.422211515 873294.2473028402 468892.23754273285 607375.8271556101 593108.93973649 598260.23102632 531573.6247627514 439118.0401598979 317579.67364826874 300646.29006970685 84235.01854664186 -1.0 91702.94764097259 99627.55569776247 940511.4448378973 980114.1796097199 988354.2743586701 963998.351819969 976260.0026817351 728439.400341127 1108377.1844558273 764706.6978947228 1006780.7243749499 998643.7979566699 991573.2797901601 990289.1332934799 975914.3204288399 992176.7531950198 464639.66891551006 462732.23009682 451125.11654388 452698.55131365 445177.27133295
582404.16069888 576407.7742705601 612419.21243651 610217.16566933 655905.2567907899 646304.83982545 694191.18126078 693927.6959503999 697747.4348020235 663321.3980911612 558155.3098520573 257536.14450023836 -1.0 -1.0 -1.0 582386.6201878298 1029893.4882595744 1334916.1192527479 1197019.5549943363 1197126.2465827763 1270522.772592118 1311362.740237566 1237400.8606504584 1211925.38003075 1201469.6829657909 1289145.5915767013 1335682.2468337421 1287992.0630377398 1583808.87468798 1531274.11691355 1072616.7877358801 917389.3270479902 974382.5903093247 1047553.7507344203 537267.93950685 984270.5183267619 901967.3190520096 683610.9838338401 583325.7462734095 492476.12206576776 491036.68127393187 503237.27688562905 483483.99200194585 899477.80052671 711749.2197609029 801762.3071507604 964182.5334429264 1100334.88960029 1095528.75017506 1111222.83803594 1304508.96025643 1075990.2917658393 1252241.797234142 776365.6094722329 1089477.7560581602 1082355.066371435 1065402.41362816 1063798.2183117801 1038584.4374700899 516091.2326295449 513871.1436316951 512555.15386757 501310.14586485515 502923.73651535506 494928.57031250006
596817.58533946 584526.24529641 620320.07641942 620379.8191604201 644200.7534701249 662228.4712445701 690773.0880787299 580016.0453978518 221260.79383860255 52203.1148352188 -1.0 -1.0 91127.60493005408 354391.28562893154 1215320.3142794208 1344619.4083528945 1413257.325462401 1236079.1249148576 1306818.1522687813 1316790.714228752 1236017.792896939 1239835.300860206 1254378.6843218103 1146941.1399517306 1208910.2240947452 1357289.7672620476 1194788.2896124767 1191886.0859444165 1086849.2640874097 1039464.8573685926 1090752.7609164321 1099834.09735279 1343877.11739862 1027649.51828937 989515.14638072 995274.5633036301 874207.4833709695 752403.1958783269 902739.0755255427 838271.2618697402 853831.6997654166 950921.5325873395 1238788.705934735 1284292.41051711 1297736.7554871598 997076.8282399799 965716.6885819101 1018862.9229711401 1109031.2407159 1127604.27872903 1027624.2053769139 1301902.4468884768 1061025.1704711472 1138793.695518523 762266.1483555216 926818.4536296786 1083383.99644248 1116277.4372790097 1074072.04803322 1053046.2115150802 1059390.64593065 1053801.2846501202 1042971.8963086401 1043100.65889744 1029812.5250292901
680868.0903199301 674299.7820363002 729382.34391704 727598.17609742 746941.184602903 1104770.1965588047 448634.24498592 -1.0 -1.0 -1.0 -1.0 -1.0 812035.5224560717 1669167.841606037 1852650.8584482248 1626589.9999207696 1410171.2207324742 1457228.482761704 1460259.3473776518 1902989.74790805 1429413.5100542998 1386525.753211605 1283270.4677551137 1280196.63499132 1342935.39994155 1335439.432698807 1227739.749952829 1213005.2339636502 1089356.5382811716 1067036.9182043725 1169075.6967088548 1173238.4269063207 1158295.384522925 1425195.9245485617 1068279.9398482991 1044168.0123728919 1057839.0484592956 981229.9746997829 901027.6316587215 753187.8288969405 841636.5745232699 937820.3887582605 1029928.5055381481 1377355.46531098 1065281.5196303101 1083671.4813338798 1093301.2100694 1036296.3190785211 1088481.7705923999 1167617.932505772 1032472.433379586 1097767.645570245 1168430.5572889326 1167990.8565395405 1176612.5125752324 856147.4905348422 851273.8477346308 929581.3946136364 1058156.86941534 1060695.28372375 1163112.35586883 1164388.5252306 1156876.3128472003 1119501.9550493 1102804.7368887002
688777.0776695801 685520.53084973 737110.7301291601 738216.92465119 1043607.935454308 113019.82358910792 -1.0 -1.0 -1.0 -1.0 -1.0 -1.0 308879.02499602607 1533159.1677642034 1586623.3393397615 2090161.9007780605 1702458.7392173202 1679167.034833579 1509338.01747064 1486164.0845847928 1531636.95167165 1331615.3716105039 1388400.8952398 1350181.5042294778 1264643.3542189724 1185152.1339092571 1258645.9960541402 1145955.422600477 1148695.2253139208 1180523.1861888603 1235899.000901991 1032000.7478693381 1122802.8071647198 1091111.9555237477 1021745.0382772763 1092935.0501209167 1047581.9381209924 982522.254151225 887880.2692609924 857720.7508740462 870250.651485423 774998.5430798529 1122385.3736365144 923256.9325113692 1088884.38259158 1107708.17994466 1072366.2292525 1110204.44642336 1051820.9296587403 1083400.7547128943 1185880.4375590556 1215335.69655701 1213338.28521296 1180904.80403619 1108951.68907036 1057004.9331645798 1385727.5399714413 953067.6231821255 956552.0144388493 1158331.8412566143 889954.9608886761 1147392.2775482305 1174662.9643531302 1178182.5270439999 1159984.40162598
820053.5755585299 820123.0400217299 873182.0861648 882540.908018766 782043.1174173263 -1.0 -1.0 -1.0 -1.0 -1.0 -1.0 -1.0 147693.01714725862 1800095.655232952 1727198.8236988196 1668559.0972306994 1758521.1119694249 1752226.4920822307 1667674.0237372264 1729392.5638057601 1462639.1531918037 1519303.3635746124 1462366.2297954967 1446728.9860153 1381908.0113831935 1755892.8142868057 1399688.6014441282 1403639.266186072 1312729.3886774143 1251644.0373515126 592816.199185061 612138.8192932628 983383.7387394395 1077236.5022296703 1155635.8951071794 1112501.71898642 1066457.177076966 1090052.500943728 807715.8593391294 772110.1032309603 750623.3840481525 775231.946465585 879710.2650014766 1023755.7347317517 1207212.3942543303 1275643.8676300854 1151898.524178313 1223638.1514254701 1267573.919641007 1333384.2306325997 1248547.722341435 1162166.973782462 1318537.6525238801 1315814.7086538803 1164187.84985063 1109203.2603181705 1148149.3870528634 1266161.7755745715 1249135.8231921294 1252499.7206731294 839748.5488898881 946924.5398851975 1065068.7254497572 1126520.970908132 1136959.1769930804
835718.1449314598 837094.98155069 865212.812224946 1369445.149811887 316932.7811505941 -1.0 -1.0 -1.0 -1.0 -1.0 -1.0 -1.0 93339.0599453373 1406718.1241236173 1479618.0333068916 1465107.91536895 1704572.5016566073 1585613.2182319602 1565079.879959287 1653848.0363429436 1579144.9264267695 1512565.039597562 1504001.9423203561 1572288.8575114496 1449496.9508049975 1450156.018929407 1392088.201179183 1186388.2988954422 1188510.6549265631 792827.4599528214 931580.6819971853 -1.0 -1.0 861508.9743136801 957021.9021940264 988343.1070109003 1133613.1295225974 1163571.8169820001 1133352.3723772345 953563.6500199634 694797.8238082766 746782.4694616809 716054.8068028119 961554.9307025368 1298693.3601842634 1299853.5319173636 1311906.9837925716 1099342.7773199258 1285219.4773584798 1248604.953046068 1159174.668995703 1268748.9612666608 1267084.6807037382 1152070.488865433 958392.2922211178 1098754.6008778221 1146758.5295252907 1217323.210726364 1237243.3164465032 1093859.9300532185 1112578.1978162788 1184778.819303916 1044547.3107392619 729997.9462175411 1007338.5182644213
