critload/trunk/output/1999/ndep_tot_corr.asc
ncols 720
nrows 360
xllcorner -180
yllcorner -90
cellsize 0.5
NODATA_value -1.0
[rows 30 to 59 of 360, columns 396 to 461 of 720]
-1.0 -1.0 -1.0 -1.0 -1.0 -1.0 -1.0 -1.0 -1.0 -1.0 -1.0 -1.0 -1.0 -1.0 -1.0 -1.0 -1.0 -1.0 -1.0 -1.0 -1.0 -1.0 -1.0 -1.0 -1.0 -1.0 -1.0 -1.0 -1.0 -1.0 -1.0 -1.0 -1.0 -1.0 -1.0 -1.0 -1.0 -1.0 -1.0 -1.0 -1.0 -1.0 -1.0 -1.0 -1.0 -1.0 -1.0 -1.0 -1.0 -1.0 -1.0 -1.0 -1.0 -1.0 -1.0 -1.0 -1.0 -1.0 -1.0 -1.0 -1.0 -1.0 -1.0 -1.0 -1.0 -1.0
-1.0 -1.0 -1.0 -1.0 -1.0 -1.0 -1.0 -1.0 -1.0 -1.0 -1.0 -1.0 -1.0 -1.0 -1.0 -1.0 -1.0 -1.0 -1.0 -1.0 -1.0 -1.0 -1.0 -1.0 -1.0 -1.0 -1.0 -1.0 -1.0 -1.0 -1.0 -1.0 -1.0 -1.0 -1.0 -1.0 -1.0 -1.0 -1.0 -1.0 -1.0 -1.0 -1.0 -1.0 -1.0 -1.0 -1.0 -1.0 -1.0 -1.0 -1.0 -1.0 -1.0 -1.0 -1.0 -1.0 -1.0 -1.0 -1.0 -1.0 -1.0 -1.0 -1.0 -1.0 -1.0 -1.0
-1.0 -1.0 -1.0 -1.0 -1.0 -1.0 -1.0 -1.0 -1.0 -1.0 -1.0 -1.0 -1.0 -1.0 -1.0 -1.0 -1.0 -1.0 -1.0 -1.0 -1.0 -1.0 -1.0 -1.0 -1.0 -1.0 -1.0 -1.0 -1.0 -1.0 -1.0 -1.0 -1.0 -1.0 -1.0 -1.0 -1.0 -1.0 -1.0 -1.0 -1.0 -1.0 -1.0 -1.0 -1.0 -1.0 -1.0 -1.0 -1.0 -1.0 -1.0 -1.0 -1.0 -1.0 -1.0 -1.0 -1.0 -1.0 -1.0 -1.0 -1.0 -1.0 -1.0 -1.0 -1.0 -1.0
-1.0 -1.0 -1.0 -1.0 -1.0 -1.0 -1.0 -1.0 -1.0 -1.0 -1.0 -1.0 -1.0 -1.0 -1.0 -1.0 -1.0 -1.0 -1.0 -1.0 -1.0 -1.0 -1.0 -1.0 -1.0 -1.0 -1.0 -1.0 -1.0 -1.0 -1.0 -1.0 -1.0 -1.0 -1.0 -1.0 -1.0 -1.0 -1.0 -1.0 -1.0 -1.0 -1.0 -1.0 -1.0 -1.0 -1.0 -1.0 -1.0 -1.0 -1.0 -1.0 -1.0 -1.0 -1.0 -1.0 -1.0 -1.0 -1.0 -1.0 -1.0 -1.0 -1.0 -1.0 -1.0 -1.0
-1.0 -1.0 -1.0 -1.0 -1.0 -1.0 -1.0 -1.0 -1.0 -1.0 -1.0 -1.0 -1.0 -1.0 -1.0 -1.0 -1.0 -1.0 -1.0 -1.0 -1.0 -1.0 -1.0 -1.0 -1.0 -1.0 -1.0 -1.0 -1.0 -1.0 -1.0 -1.0 -1.0 -1.0 -1.0 -1.0 -1.0 -1.0 -1.0 -1.0 -1.0 -1.0 -1.0 -1.0 -1.0 -1.0 -1.0 -1.0 -1.0 -1.0 -1.0 -1.0 -1.0 -1.0 -1.0 -1.0 -1.0 -1.0 -1.0 -1.0 -1.0 -1.0 -1.0 -1.0 -1.0 -1.0
-1.0 -1.0 -1.0 -1.0 -1.0 -1.0 -1.0 -1.0 -1.0 -1.0 -1.0 -1.0 -1.0 -1.0 -1.0 -1.0 -1.0 -1.0 -1.0 -1.0 -1.0 -1.0 -1.0 -1.0 -1.0 -1.0 -1.0 -1.0 -1.0 -1.0 -1.0 -1.0 -1.0 -1.0 -1.0 -1.0 -1.0 -1.0 -1.0 -1.0 -1.0 -1.0 -1.0 -1.0 -1.0 -1.0 -1.0 -1.0 -1.0 -1.0 -1.0 -1.0 -1.0 -1.0 -1.0 -1.0 -1.0 -1.0 -1.0 -1.0 -1.0 -1.0 -1.0 -1.0 -1.0 -1.0
-1.0 -1.0 -1.0 -1.0 -1.0 -1.0 -1.0 -1.0 -1.0 -1.0 -1.0 -1.0 -1.0 -1.0 -1.0 -1.0 -1.0 -1.0 -1.0 -1.0 -1.0 -1.0 -1.0 -1.0 -1.0 -1.0 -1.0 -1.0 -1.0 -1.0 -1.0 -1.0 -1.0 -1.0 -1.0 -1.0 -1.0 -1.0 -1.0 -1.0 -1.0 -1.0 -1.0 -1.0 -1.0 -1.0 -1.0 -1.0 -1.0 -1.0 -1.0 -1.0 -1.0 -1.0 -1.0 -1.0 -1.0 -1.0 -1.0 -1.0 -1.0 -1.0 -1.0 -1.0 -1.0 -1.0
-1.0 -1.0 -1.0 -1.0 -1.0 -1.0 -1.0 -1.0 -1.0 -1.0 -1.0 -1.0 -1.0 -1.0 157115.595092064 157115.595092064 158382.643684832 -1.0 159649.714188104 159649.714188104 162183.83328414403 -1.0 -1.0 -1.0 -1.0 -1.0 -1.0 -1.0 -1.0 -1.0 -1.0 -1.0 -1.0 -1.0 -1.0 -1.0 -1.0 -1.0 -1.0 -1.0 -1.0 -1.0 -1.0 -1.0 -1.0 -1.0 -1.0 -1.0 -1.0 -1.0 -1.0 -1.0 -1.0 -1.0 -1.0 -1.0 -1.0 -1.0 -1.0 -1.0 -1.0 -1.0 -1.0 -1.0 -1.0 -1.0
-1.0 -1.0 -1.0 -1.0 -1.0 -1.0 -1.0 -1.0 176744.205999 176744.205999 178043.788944 178043.788944 179343.38210400002 179343.38210400002 180642.973221 180642.973221 181942.558209 181942.558209 183242.151369 183242.151369 183242.151369 183242.151369 184541.734314 184541.734314 187140.92267700002 187140.92267700002 -1.0 -1.0 -1.0 -1.0 -1.0 -1.0 -1.0 -1.0 -1.0 -1.0 -1.0 -1.0 -1.0 -1.0 -1.0 -1.0 -1.0 -1.0 -1.0 -1.0 -1.0 -1.0 -1.0 -1.0 -1.0 -1.0 -1.0 -1.0 -1.0 -1.0 -1.0 -1.0 -1.0 -1.0 -1.0 -1.0 -1.0 -1.0 -1.0 -1.0
-1.0 178488.85096372 179820.85242308 179820.85242308 179820.85242308 179820.85242308 181152.86225828 181152.86225828 181152.86225828 181152.86225828 182484.86162368 182484.86162368 183816.87145888002 183816.87145888002 185148.87920012002 185148.87920012002 186480.88065948 186480.88065948 187812.89049468 187812.89049468 187812.89049468 187812.89049468 189144.88986008 189144.88986008 191808.91162444 191808.91162444 194472.92082504 -1.0 -1.0 -1.0 -1.0 -1.0 -1.0 -1.0 -1.0 -1.0 -1.0 -1.0 -1.0 -1.0 -1.0 -1.0 -1.0 -1.0 -1.0 -1.0 -1.0 -1.0 -1.0 -1.0 -1.0 -1.0 -1.0 -1.0 -1.0 -1.0 -1.0 -1.0 -1.0 -1.0 -1.0 -1.0 -1.0 -1.0 -1.0 -1.0
201921.40479302002 201921.40479302002 204650.06897632 204650.06897632 208743.07919234 208743.07919234 211471.74766519998 211471.74766519998 214200.4118485 214200.4118485 216929.08461092 216929.08461092 218293.4134854 218293.4134854 219657.74879421998 219657.74879421998 219657.74879421998 219657.74879421998 219657.74879421998 219657.74879421998 219657.74879421998 219657.74879421998 218293.4134854 218293.4134854 215336.23586177998 223079.20265488 186345.19312706002 186345.19312706002 188590.3230937 188590.3230937 -1.0 -1.0 -1.0 -1.0 -1.0 -1.0 -1.0 -1.0 -1.0 -1.0 -1.0 -1.0 -1.0 -1.0 -1.0 -1.0 -1.0 -1.0 -1.0 -1.0 -1.0 -1.0 -1.0 -1.0 -1.0 -1.0 -1.0 -1.0 -1.0 -1.0 -1.0 -1.0 -1.0 -1.0 -1.0 -1.0
206690.81627896 206690.81627896 209483.93188736 209483.93188736 213673.61957032004 213673.61957032004 216466.7395696 216466.7395696 219259.855178 219259.855178 222052.97956816 222052.97956816 223449.5340792 223449.5340792 224846.09517656 224846.09517656 224846.09517656 224846.09517656 224846.09517656 224846.09517656 224846.09517656 224846.09517656 210767.24999408 193384.98552047997 190319.82855079998 189597.60782664 190746.69234088 190746.69234088 193044.85258759998 193044.85258759998 194193.91734288 194193.91734288 193044.85258759998 193044.85258759998 190746.69234088 190746.69234088 188448.54307136 -1.0 -1.0 -1.0 -1.0 -1.0 -1.0 -1.0 -1.0 -1.0 -1.0 -1.0 -1.0 -1.0 -1.0 -1.0 -1.0 -1.0 -1.0 -1.0 -1.0 -1.0 -1.0 -1.0 176957.77257392 176957.77257392 174659.62110895998 174659.62110895998 173510.54537648 -1.0
247160.05075872 247160.05075872 254303.41492704002 254303.41492704002 262875.43800432 262875.43800432 272876.13122016 272876.13122016 281448.16328112 281448.16328112 282876.83341968 282876.83341968 285734.17145088 285734.17145088 285734.17145088 285734.17145088 282876.83341968 282876.83341968 280019.49089664 280019.49089664 278590.80728256004 240072.76047504 225695.47888992002 225695.47888992002 224519.99355888003 224519.99355888003 224519.99355888003 224519.99355888003 225695.47888992002 225695.47888992002 226870.97545056 226870.97545056 223344.48576864 223344.48576864 217467.00745728 217467.00745728 213940.50879168 213940.50879168 209238.51581136 209238.51581136 -1.0 -1.0 -1.0 -1.0 -1.0 -1.0 -1.0 -1.0 -1.0 -1.0 205712.02612944 -1.0 -1.0 -1.0 -1.0 -1.0 -1.0 -1.0 -1.0 -1.0 196308.04690656002 196308.04690656002 193957.04704752 193957.04704752 -1.0 -1.0
252695.48859852002 252695.48859852002 259998.83674564 259998.83674564 268762.84028562 268762.84028562 278987.51069956 278987.51069956 287751.52342442 287751.52342442 289212.19029838 289212.19029838 292133.52175008 292133.52175008 292133.52175008 292133.52175008 289212.19029838 289212.19029838 286290.85425424 286290.85425424 284830.17360296 254138.63531388 236358.93267105997 230750.19258772 229548.38089058 229548.38089058 229548.38089058 229548.38089058 230750.19258772 230750.19258772 231952.01576596 231952.01576596 228346.54623124 228346.54623124 222337.43493248 222337.43493248 218731.95621287997 218731.95621287997 213924.65661126 213924.65661126 212722.83572924 212722.83572924 211521.00106990003 211521.00106990003 -1.0 -1.0 -1.0 -1.0 -1.0 -1.0 -1.0 210319.18937276 209117.3753794 209117.3753794 206713.71983803998 206713.71983803998 205511.88977114 -1.0 -1.0 -1.0 -1.0 -1.0 -1.0 -1.0 195897.29516034 195897.29516034
300007.63763554 300007.63763554 313440.8086111 313440.8086111 329859.14277061995 329859.14277061995 344784.89533816004 344784.89533816004 361203.22715129994 361203.22715129994 362695.8063969 362695.8063969 364188.35513956 364188.35513956 362695.8063969 362695.8063969 358218.06162096 358218.06162096 352247.76810236 352247.76810236 347770.06086850003 347770.06086850003 338646.90838734 311957.61253911996 272633.15893886 272633.15893886 268948.92937598 268948.92937598 268948.92937598 268948.92937598 268948.92937598 268948.92937598 262808.54207842 262808.54207842 254211.99704618004 254211.99704618004 246843.53322766002 246843.53322766002 241931.22010468002 241931.22010468002 239475.06706276 239475.06706276 238247.00227370003 238247.00227370003 238247.00227370003 238247.00227370003 -1.0 -1.0 -1.0 -1.0 -1.0 -1.0 232106.6196689 232106.6196689 230878.53376241997 230878.53376241997 228422.37133498 -1.0 -1.0 225966.22063944 224738.14411847998 224738.14411847998 221053.90517008 221053.90517008 217369.68029996002 217369.68029996002
306395.51239422 306395.51239422 320114.7074673 320114.7074673 336882.62693466 336882.62693466 352126.18420488003 352126.18420488003 368894.1012758999 368894.1012758999 370418.46107669995 370418.46107669995 371942.78972508 371942.78972508 370418.46107669995 370418.46107669995 365845.37448528 365845.37448528 359747.95924548 359747.95924548 355174.91099550005 355174.91099550005 335497.27881726 297883.95474456 278438.16606498 278438.16606498 274675.49050914 274675.49050914 274675.49050914 274675.49050914 274675.49050914 274675.49050914 268404.35979006 268404.35979006 259624.77390774002 259624.77390774002 252099.41800338 252099.41800338 247082.51007324003 247082.51007324003 244574.05970268 244574.05970268 243319.84649910004 243319.84649910004 243319.84649910004 243319.84649910004 242065.60933212002 -1.0 -1.0 -1.0 -1.0 238302.93377628 237048.7205727 237048.7205727 235794.48580206 235794.48580206 -1.0 -1.0 -1.0 230777.57787192 229523.35268664 229523.35268664 225760.66754544002 225760.66754544002 221997.99678227998 221997.99678227998
384334.2358108 384334.2358108 407674.3691922 407674.3691922 431014.5001275 431014.5001275 451242.6072449 451242.6072449 471470.7461616 471470.7461616 471470.7461616 471470.7461616 469914.7232452 469914.7232452 462134.68204620003 462134.68204620003 452798.6301613 452798.6301613 441906.54557560006 441906.54557560006 431014.5001275 431014.5001275 375245.83442820003 344392.62230960006 330309.64430369996 330309.64430369996 323908.2935555 323908.2935555 318787.2291012 318787.2291012 313666.14507810003 313666.14507810003 307264.7943299 307264.7943299 298302.90279320005 298302.90279320005 289341.0185948 289341.0185948 284219.9345717 284219.9345717 282939.677631 282939.677631 282939.677631 282939.677631 284219.9345717 284219.9345717 284219.9345717 -1.0 -1.0 -1.0 -1.0 -1.0 -1.0 273977.77630990004 271417.2281831 271417.2281831 268856.6922868 268856.6922868 265015.88232710003 265015.88232710003 261175.0797057 261175.0797057 258614.54136329997 258614.54136329997 253493.4573402 253493.4573402
392127.4487196 392127.4487196 415940.8540914 415940.8540914 439754.2569675 439754.2569675 460392.53297130007 460392.53297130007 481030.8414192 481030.8414192 481030.8414192 481030.8414192 479443.2667524 479443.2667524 471505.46828940004 471505.46828940004 461980.10763810005 461980.10763810005 450867.1623372001 450867.1623372001 439754.2569675 439754.2569675 427053.75696540007 387880.1940843 337007.3910669 337007.3910669 330476.23900349997 330476.23900349997 325251.33382440003 325251.33382440003 320026.4086797 320026.4086797 313495.25661630003 -1.0 304351.64322840003 304351.64322840003 295208.0373276 295208.0373276 289983.11218289996 289983.11218289996 288676.895247 288676.895247 288676.895247 288676.895247 289983.11218289996 -1.0 289983.11218289996 289983.11218289996 287370.6583455 287370.6583455 284758.1870382 284758.1870382 279533.27187630004 279533.27187630004 276920.8030647 276920.8030647 274308.3467316 274308.3467316 270389.6559927 270389.6559927 266470.9727409 266470.9727409 263858.5139121 263858.5139121 258633.5887674 258633.5887674
487314.39970119996 487314.39970119996 526170.029095 526170.029095 553692.7812166 553692.7812166 577977.5578593 577977.5578593 600643.3276743001 600643.3276743001 595786.3835442 595786.3835442 590929.4215984 590929.4215984 577977.5578593 577977.5578593 561787.7008256001 561787.7008256001 547216.8506195999 547216.8506195999 531027.0037663 531027.0037663 509980.1796966 495386.40577490005 410012.47698190005 400957.8434296 387636.96564149996 387636.96564149996 376980.28071769996 376980.28071769996 368987.7682974 368987.7682974 359663.1632626 359663.1632626 -1.0 -1.0 -1.0 -1.0 -1.0 -1.0 -1.0 -1.0 -1.0 339681.89366480004 345010.243762 345010.243762 346342.31601570005 346342.31601570005 343678.13078669994 343678.13078669994 337017.7008005 337017.7008005 330357.28099470004 330357.28099470004 323696.8611889 323696.8611889 318368.5136368 318368.5136368 311708.0861957 311708.0861957 306379.7360985 306379.7360985 302383.47098050005 302383.47098050005 297055.1437892 297055.1437892
496734.8030116 496734.8030116 536341.560835 536341.560835 564396.3625438 564396.3625438 589150.5946149 589150.5946149 -1.0 -1.0 -1.0 -1.0 -1.0 602352.8342512001 589150.5946149 589150.5946149 572647.7671808 572647.7671808 557795.2440228 557795.2440228 541292.4269659 541292.4269659 519838.7411838 473727.13412380003 408708.86535280006 408708.86535280006 395130.4781595 395130.4781595 384267.78604609997 384267.78604609997 376120.76825819997 376120.76825819997 366615.90682179993 366615.90682179993 -1.0 357111.06873410003 -1.0 347606.1969205 340817.0227811 340817.0227811 -1.0 -1.0 -1.0 346248.3740264 351679.72786600003 351679.72786600003 353037.5507601001 353037.5507601001 350321.8634631 350321.8634631 343532.6789465 343532.6789465 336743.5048071 336743.5048071 329954.3306677 329954.3306677 324522.9794224 324522.9794224 317733.7975001 317733.7975001 312302.4436605 312302.4436605 308228.9256865 308228.9256865 302797.5951956 302797.5951956
613734.4539308801 613734.4539308801 664178.38331688 664178.38331688 701170.6052488001 701170.6052488001 726392.56729848 -1.0 -1.0 -1.0 -1.0 -1.0 723029.6192883999 723029.6192883999 704533.5506155601 704533.5506155601 682674.5260026801 682674.5260026801 660815.45909668 660815.45909668 642319.358704 642319.358704 615415.9200059599 576801.08551876 490053.6168636801 481455.71897620003 463470.31593748 463470.31593748 449635.35880324 449635.35880324 437183.92328696 437183.92328696 424732.47984072 424732.47984072 -1.0 -1.0 -1.0 403980.06528592 397062.59729208 397062.59729208 401213.09606296004 401213.09606296004 405363.58426056005 405363.58426056005 409514.03280836 409514.03280836 412281.04168111994 412281.04168111994 410897.56235628005 410897.56235628005 405363.58426056005 405363.58426056005 395679.11796724 395679.11796724 385994.6490306 385994.6490306 376310.21445712 376310.21445712 366625.74816379993 366625.74816379993 359708.29074324004 359708.29074324004 354174.31000420003 354174.31000420003 347256.85258364 347256.85258364
625064.99331008 625064.99331008 676440.19993608 676440.19993608 714115.3586408001 714115.3586408001 739802.9592616799 -1.0 -1.0 -1.0 750077.96558932 750077.96558932 736377.9257444 736377.9257444 717540.3894659601 717540.3894659601 695277.8115938801 695277.8115938801 673015.19064788 673015.19064788 654177.622064 654177.622064 626777.50199236 626777.50199236 564270.99296972 490344.1770842 472026.73416068003 472026.73416068003 457936.36114483996 457936.36114483996 445255.05181336 445255.05181336 432573.73440551996 432573.73440551996 421301.45376084 421301.45376084 411438.19641872006 -1.0 404393.02067928005 404393.02067928005 408620.14442936005 408620.14442936005 412847.25741096004 412847.25741096004 417074.33001076005 417074.33001076005 419892.42238192 419892.42238192 418483.40177148 418483.40177148 412847.25741096004 412847.25741096004 402984.00006883993 402984.00006883993 393120.74003459996 393120.74003459996 383257.51499792 383257.51499792 373394.2576558 373394.2576558 366349.09268484 366349.09268484 360712.94563220005 360712.94563220005 353667.78066124 353667.78066124
765367.94418078 765367.94418078 807210.33939054 807210.33939054 859513.3991805001 859513.3991805001 -1.0 -1.0 -1.0 915303.30787992 899612.4398244 899612.4398244 878691.20933064 878691.20933064 854283.08881632 854283.08881632 822901.28418678 822901.28418678 793262.8752342 793262.8752342 768854.8204976401 768854.8204976401 742703.29882488 742703.29882488 635656.33101576 575227.4046812401 553710.1482004201 553710.1482004201 535061.88738864 535061.88738864 519282.59757924004 519282.59757924004 504937.75078956 504937.75078956 492027.4155381 492027.4155381 483420.53816058004 483420.53816058004 480551.5918248601 480551.5918248601 483420.53816058004 483420.53816058004 486289.48175556 486289.48175556 484855.00584695995 484855.00584695995 487723.99329378 487723.99329378 489158.46098016005 489158.46098016005 484855.00584695995 484855.00584695995 469075.72151903994 469075.72151903994 456165.38900832005 456165.38900832005 443255.0208679801 443255.0208679801 433213.66210038005 433213.66210038005 424606.74087102007 424606.74087102007 415999.87171572 415999.87171572 407392.98337524006 407392.98337524006
778878.3468966399 778878.3468966399 821459.35105152 821459.35105152 -1.0 -1.0 904847.2531225601 904847.2531225601 931460.3946649601 931460.3946649601 915492.5487872 915492.5487872 894202.0132403199 894202.0132403199 869363.03650816 869363.03650816 837427.27502464 837427.27502464 807265.6839295999 807265.6839295999 782426.7741363201 782426.7741363201 755813.6214374399 755813.6214374399 711458.3325401599 683156.11108224 603065.83021312 563484.33216896 544506.8891443199 544506.8891443199 528449.06067712 528449.06067712 513850.99625728 513850.99625728 500712.76561279997 500712.76561279997 491953.95819904003 491953.95819904003 489034.36874368007 489034.36874368007 491953.95819904003 491953.95819904003 494873.54486528004 494873.54486528004 493413.74734848 493413.74734848 496333.37864064 496333.37864064 497793.16779008 497793.16779008 493413.74734848 493413.74734848 477355.92445951997 477355.92445951997 464217.69660416 464217.69660416 451079.43249024 451079.43249024 440860.82198144007 440860.82198144007 432101.96994176 432101.96994176 423343.17089536006 423343.17089536006 414584.35232512007 414584.35232512007
898819.5139295001 -1.0 -1.0 -1.0 -1.0 -1.0 1070281.0655069 1070281.0655069 1214669.7388768 1214669.7388768 1111792.8470851 1111792.8470851 1073890.7892216 1073890.7892216 1048622.8196869 1048622.8196869 994477.0661092 994477.0661092 954770.147807 954770.147807 913258.434324 913258.434324 878966.0803141001 878966.0803141001 835649.4581582999 835649.4581582999 780658.7821763 664955.5466078 637074.0549240999 637074.0549240999 617768.7791568 617768.7791568 599948.5235111 599948.5235111 586583.3282302 586583.3282302 577673.1933141 577673.1933141 576188.1760298 576188.1760298 582128.2650281 582128.2650281 585098.2882475 585098.2882475 580643.2505811001 580643.2505811001 582128.2650281 582128.2650281 582128.2650281 582128.2650281 576188.1760298 576188.1760298 556882.9030998 556882.9030998 540547.6533892 540547.6533892 527182.4694575 527182.4694575 515302.29997279996 515302.29997279996 501937.1075292 501937.1075292 488571.9207602 488571.9207602 476691.7541128 476691.7541128
-1.0 -1.0 -1.0 -1.0 -1.0 -1.0 1088379.99248784 1088379.99248784 1235210.34229248 1235210.34229248 1130593.75668336 1130593.75668336 1092050.75822976 1092050.75822976 1066355.49613584 1066355.49613584 1011294.1138771198 1011294.1138771198 970915.7339952001 970915.7339952001 928702.0390464001 928702.0390464001 893829.7861377602 893829.7861377602 849780.6607108798 791420.3473996801 682773.99219936 672009.35586768 647847.25943376 647847.25943376 628215.52290048 628215.52290048 610093.91883696 610093.91883696 596502.7121827201 596502.7121827201 587441.90293776 587441.90293776 585931.77335328 585931.77335328 591972.31188816 591972.31188816 594992.559516 594992.559516 590462.18518896 590462.18518896 591972.31188816 591972.31188816 591972.31188816 591972.31188816 585931.77335328 585931.77335328 566300.03970528 566300.03970528 549688.55368512 549688.55368512 536097.3585719999 536097.3585719999 524016.29015807994 524016.29015807994 510425.08638912 510425.08638912 496833.88839072007 496833.88839072007 484752.82286208007 484752.82286208007
-1.0 -1.0 -1.0 -1.0 -1.0 -1.0 1231393.4824685801 1231393.4824685801 1322815.1673938402 1322815.1673938402 1447820.2656833802 1447820.2656833802 1306023.39618526 1306023.39618526 1257513.99949104 1257513.99949104 1190347.03197752 1190347.03197752 1123180.1377895 1123180.1377895 1080267.9580802 1080267.9580802 1037355.7725048601 991612.5714990799 852964.49841632 827429.8052105401 795192.2725996999 795192.2725996999 767560.07706924 767560.07706924 742998.1463436399 742998.1463436399 724576.74229474 724576.74229474 709225.50919406 709225.50919406 698479.7070304 698479.7070304 700014.81156914 700014.81156914 710760.66652716 710760.66652716 718436.2478812599 718436.2478812599 710760.66652716 710760.66652716 704620.1721136802 704620.1721136802 700014.81156914 700014.81156914 686198.7152704201 686198.7152704201 663171.9096146999 663171.9096146999 647820.7175763 647820.7175763 638610.01115232 638610.01115232 623258.7868507 623258.7868507 601767.1179969399 601767.1179969399 578740.3006091401 578740.3006091401 563389.0997716801 563389.0997716801
-1.0 -1.0 -1.0 -1.0 -1.0 -1.0 1251344.18798266 1251344.18798266 1344247.0624216802 1344247.0624216802 1471277.45964226 1471277.45964226 1327183.2354590201 1327183.2354590201 1277887.90258608 1277887.90258608 1209632.71395704 1209632.71395704 1141377.5998415 1141377.5998415 1097770.1685553999 1073565.13466298 947091.3950149601 867355.41965182 840835.60003758 -1.0 -1.0 808075.7636069 779995.8786874801 779995.8786874801 755036.00217628 755036.00217628 736316.1395009801 736316.1395009801 720716.18985662 720716.18985662 709796.2871008 709796.2871008 711356.26298978 711356.26298978 722276.2193953199 722276.2193953199 730076.15845102 730076.15845102 722276.2193953199 722276.2193953199 716036.23834536 716036.23834536 711356.26298978 711356.26298978 697316.32202034 697316.32202034 673916.4422619 673916.4422619 658316.5343451 658316.5343451 648956.5985366399 648956.5985366399 633356.6578339001 633356.6578339001 611516.78675038 611516.78675038 588116.89506978 588116.89506978 572516.9782113599 572516.9782113599
1230755.21628672 -1.0 -1.0 -1.0 -1.0 -1.0 1365579.7357132803 1365579.7357132803 1615968.0787584002 1615968.0787584002 1465735.10260416 1465735.10260416 1787387.9383872 1787387.9383872 1442622.31910784 1442622.31910784 1481143.59869376 1481143.59869376 1273128.63503424 1256500.93375104 1106154.2531212799 1012243.9818451201 988882.89730176 988882.89730176 974620.1843136 974620.1843136 -1.0 -1.0 -1.0 906475.9896979199 881120.00974272 881120.00974272 863687.75989824 863687.75989824 851009.7638649599 851009.7638649599 844670.8233772801 844670.8233772801 849425.06810496 849425.06810496 866857.3270329599 866857.3270329599 881120.00974272 881120.00974272 866857.3270329599 866857.3270329599 847840.2875654399 847840.2875654399 833577.60788352 833577.60788352 811391.1012 811391.1012 787619.8503110402 787619.8503110402 773357.13429504 773357.13429504 770187.6579955199 770187.6579955199 749585.91974016 749585.91974016 724229.93978496 724229.93978496 700458.73734144 700458.73734144 681441.75540288 681441.75540288
1249884.1466392 1249884.1466392 -1.0 1238148.1081614 1285092.1237021 -1.0 -1.0 1386804.1671108003 1641084.154174 1641084.154174 1488516.1920701 1488516.1920701 1815168.295467 1815168.295467 1465044.1796874 1465044.1796874 1504164.1736761 1504164.1736761 -1.0 -1.0 -1.0 1015518.1744197 1004252.5433686001 1004252.5433686001 989768.1531209999 989768.1531209999 954361.8019594998 954361.8019594998 920564.8319337 920564.8319337 894814.7583616999 894814.7583616999 877111.5689439 877111.5689439 864236.5260080999 864236.5260080999 857799.0629633 857799.0629633 862627.2002206001 862627.2002206001 880330.3988631 880330.3988631 894814.7583616999 894814.7583616999 880330.3988631 880330.3988631 861017.7883358998 861017.7883358998 846533.4319122001 846533.4319122001 824002.0929375001 824002.0929375001 799861.3789769001 799861.3789769001 785376.9856544 785376.9856544 782158.2479822 782158.2479822 761236.3085925999 761236.3085925999 735486.2350206 735486.2350206 711345.5702584 711345.5702584 692033.0181543 692033.0181543
