critload/trunk/output/1999/ndep_crit_tot.asc
ncols 720
nrows 360
xllcorner -180.0
yllcorner -90.0
cellsize 0.5
NODATA_value -9999.0
[rows 96 to 127 of 360, columns 426 to 496 of 720]
2889437.5 2889437.5 2889437.5 2889437.5 4045212.5 4045212.5 4045212.5 -9999 -9999 -9999 -9999 -9999 -9999 -9999 -9999 -9999 -9999 2889437.5 2889437.5 2889437.5 2889437.5 2889437.5 2889437.5 2889437.5 2889437.5 2889437.5 2889437.5 1733662.5 1733662.5 2889437.5 4045212.5 4045212.5 -9999 -9999 -9999 -9999 -9999 -9999 -9999 1155775.0 -9999 1155775.0 1155775.0 1155775.0 1155775.0 1155775.0 1155775.0 1155775.0 1155775.0 1155775.0 1155775.0 1155775.0 1155775.0 1155775.0 1155775.0 1155775.0 1155775.0 1155775.0 1155775.0 1155775.0 1155775.0 1155775.0 1155775.0 1155775.0 1155775.0 1155775.0 4045212.5 4045212.5 4045212.5 4045212.5 4045212.5
2911825.0 4076555.0 4076555.0 4076555.0 4076555.0 4076555.0 2911825.0 2911825.0 4076555.0 4076555.0 -9999 -9999 2911825.0 -9999 -9999 2911825.0 2911825.0 2911825.0 2911825.0 1747095.0 1747095.0 1747095.0 2911825.0 2911825.0 4076555.0 4076555.0 2911825.0 2911825.0 2911825.0 1747095.0 2911825.0 4076555.0 4076555.0 -9999 -9999 -9999 -9999 -9999 -9999 1164730.0 -9999 -9999 1164730.0 1164730.0 1164730.0 1164730.0 1164730.0 1164730.0 1164730.0 1164730.0 1164730.0 1164730.0 1164730.0 1164730.0 1164730.0 1164730.0 1164730.0 1164730.0 1164730.0 1164730.0 1164730.0 1164730.0 1164730.0 1164730.0 1164730.0 1164730.0 4076555.0 4076555.0 4076555.0 4076555.0 4076555.0
4107600.0 4107600.0 4107600.0 4107600.0 4107600.0 4107600.0 4107600.0 2934000.0 2934000.0 2934000.0 2934000.0 2934000.0 2934000.0 2934000.0 2934000.0 2934000.0 1760400.0 2934000.0 2934000.0 1760400.0 2934000.0 4107600.0 1760400.0 2934000.0 2934000.0 2934000.0 4107600.0 4107600.0 4107600.0 4107600.0 4107600.0 4107600.0 4107600.0 4107600.0 4107600.0 -9999 -9999 -9999 -9999 1173600.0 1173600.0 1173600.0 1173600.0 1173600.0 1173600.0 1173600.0 1173600.0 1173600.0 1173600.0 1173600.0 1173600.0 1173600.0 1173600.0 1173600.0 1173600.0 1173600.0 1173600.0 1173600.0 1173600.0 1173600.0 1173600.0 1173600.0 1173600.0 1173600.0 1173600.0 4107600.0 4107600.0 4107600.0 4107600.0 4107600.0 4107600.0
4138330.0 4138330.0 4138330.0 4138330.0 4138330.0 4138330.0 4138330.0 4138330.0 4138330.0 4138330.0 4138330.0 4138330.0 4138330.0 4138330.0 2955950.0 1773570.0 2955950.0 2955950.0 2955950.0 2955950.0 2955950.0 4138330.0 4138330.0 4138330.0 2955950.0 2955950.0 2955950.0 4138330.0 4138330.0 4138330.0 4138330.0 4138330.0 4138330.0 4138330.0 4138330.0 -9999 -9999 -9999 -9999 1182380.0 1182380.0 1182380.0 1182380.0 1182380.0 1182380.0 1182380.0 1182380.0 1182380.0 1182380.0 1182380.0 1182380.0 1182380.0 1182380.0 1182380.0 1182380.0 1182380.0 1182380.0 1182380.0 1182380.0 1182380.0 1182380.0 1182380.0 1182380.0 1182380.0 4138330.0 4138330.0 4138330.0 4138330.0 4138330.0 4138330.0 4138330.0
4168745.0 4168745.0 4168745.0 4168745.0 4168745.0 4168745.0 4168745.0 4168745.0 4168745.0 4168745.0 4168745.0 4168745.0 4168745.0 4168745.0 4168745.0 4168745.0 2977675.0 2977675.0 2977675.0 2977675.0 4168745.0 4168745.0 4168745.0 4168745.0 4168745.0 2977675.0 2977675.0 2977675.0 4168745.0 4168745.0 4168745.0 4168745.0 4168745.0 -9999 -9999 -9999 -9999 -9999 -9999 -9999 1191070.0 1191070.0 1191070.0 1191070.0 1191070.0 1191070.0 1191070.0 1191070.0 1191070.0 1191070.0 1191070.0 1191070.0 1191070.0 1191070.0 1191070.0 1191070.0 1191070.0 1191070.0 1191070.0 1191070.0 1191070.0 1191070.0 1191070.0 1191070.0 1191070.0 4168745.0 4168745.0 4168745.0 4168745.0 4168745.0 4168745.0
4198845.0 4198845.0 4198845.0 4198845.0 4198845.0 4198845.0 4198845.0 4198845.0 4198845.0 4198845.0 4198845.0 4198845.0 4198845.0 4198845.0 4198845.0 4198845.0 4198845.0 4198845.0 4198845.0 4198845.0 4198845.0 4198845.0 4198845.0 4198845.0 4198845.0 4198845.0 2999175.0 4198845.0 4198845.0 4198845.0 4198845.0 4198845.0 4198845.0 -9999 -9999 -9999 -9999 -9999 -9999 -9999 1199670.0 1199670.0 1199670.0 1199670.0 1199670.0 1199670.0 1199670.0 1199670.0 1199670.0 1199670.0 1199670.0 1199670.0 1199670.0 1199670.0 1199670.0 1199670.0 1199670.0 1199670.0 1199670.0 1199670.0 1199670.0 1199670.0 1199670.0 1199670.0 1199670.0 4198845.0 4198845.0 4198845.0 4198845.0 4198845.0 4198845.0
4228630.0 4228630.0 4228630.0 4228630.0 4228630.0 4228630.0 4228630.0 4228630.0 4228630.0 4228630.0 4228630.0 4228630.0 4228630.0 4228630.0 4228630.0 4228630.0 4228630.0 4228630.0 4228630.0 4228630.0 4228630.0 4228630.0 4228630.0 4228630.0 4228630.0 4228630.0 4228630.0 4228630.0 4228630.0 4228630.0 4228630.0 4228630.0 4228630.0 -9999 -9999 -9999 -9999 -9999 -9999 -9999 -9999 1208180.0 1208180.0 1208180.0 4228630.0 4228630.0 4228630.0 4228630.0 1208180.0 1208180.0 1208180.0 1208180.0 1208180.0 1208180.0 1208180.0 1208180.0 1208180.0 1208180.0 1208180.0 1208180.0 1208180.0 1208180.0 1208180.0 1208180.0 1208180.0 4228630.0 4228630.0 4228630.0 4228630.0 4228630.0 4228630.0
4258082.5 4258082.5 4258082.5 4258082.5 4258082.5 4258082.5 4258082.5 4258082.5 4258082.5 4258082.5 4258082.5 4258082.5 4258082.5 4258082.5 4258082.5 4258082.5 4258082.5 4258082.5 4258082.5 4258082.5 4258082.5 4258082.5 4258082.5 4258082.5 4258082.5 4258082.5 4258082.5 4258082.5 4258082.5 4258082.5 4258082.5 4258082.5 -9999 -9999 -9999 -9999 -9999 -9999 -9999 -9999 -9999 1216595.0 1216595.0 1216595.0 1216595.0 4258082.5 4258082.5 4258082.5 4258082.5 4258082.5 1216595.0 1216595.0 1216595.0 1216595.0 1216595.0 1216595.0 1216595.0 1216595.0 1216595.0 1216595.0 1216595.0 1216595.0 1216595.0 1216595.0 1216595.0 4258082.5 4258082.5 4258082.5 4258082.5 4258082.5 4258082.5
4287202.5 4287202.5 4287202.5 4287202.5 4287202.5 4287202.5 4287202.5 4287202.5 4287202.5 4287202.5 4287202.5 4287202.5 4287202.5 4287202.5 4287202.5 4287202.5 4287202.5 4287202.5 4287202.5 4287202.5 4287202.5 4287202.5 4287202.5 4287202.5 4287202.5 4287202.5 4287202.5 4287202.5 4287202.5 4287202.5 4287202.5 4287202.5 4287202.5 -9999 -9999 -9999 -9999 -9999 -9999 -9999 -9999 1224915.0 1224915.0 1224915.0 1224915.0 1224915.0 4287202.5 4287202.5 4287202.5 4287202.5 4287202.5 4287202.5 1224915.0 1224915.0 1224915.0 1224915.0 1224915.0 1224915.0 1224915.0 1224915.0 1224915.0 1224915.0 1224915.0 1224915.0 1224915.0 1224915.0 4287202.5 4287202.5 4287202.5 4287202.5 4287202.5
4316007.5 4316007.5 4316007.5 4316007.5 1849717.5 1849717.5 1849717.5 4316007.5 4316007.5 4316007.5 4316007.5 1849717.5 4316007.5 4316007.5 4316007.5 4316007.5 4316007.5 1849717.5 1849717.5 4316007.5 4316007.5 4316007.5 4316007.5 4316007.5 4316007.5 4316007.5 4316007.5 4316007.5 4316007.5 4316007.5 4316007.5 4316007.5 4316007.5 1233145.0 1233145.0 -9999 -9999 -9999 -9999 -9999 -9999 1233145.0 1233145.0 1233145.0 1233145.0 4316007.5 4316007.5 4316007.5 4316007.5 4316007.5 4316007.5 4316007.5 4316007.5 4316007.5 1233145.0 1233145.0 1233145.0 1233145.0 1233145.0 1233145.0 1233145.0 1233145.0 1233145.0 1233145.0 1233145.0 1233145.0 1233145.0 1233145.0 1233145.0 4316007.5 4316007.5
4344480.0 4344480.0 1861920.0 1861920.0 1861920.0 1861920.0 1861920.0 1861920.0 1861920.0 1861920.0 1861920.0 1861920.0 1861920.0 1861920.0 1861920.0 1861920.0 1861920.0 1861920.0 1861920.0 1861920.0 1861920.0 4344480.0 4344480.0 4344480.0 4344480.0 4344480.0 4344480.0 4344480.0 4344480.0 4344480.0 4344480.0 4344480.0 4344480.0 4344480.0 4344480.0 4344480.0 1241280.0 1241280.0 4344480.0 1241280.0 1241280.0 1241280.0 1241280.0 4344480.0 4344480.0 4344480.0 1241280.0 4344480.0 4344480.0 4344480.0 4344480.0 4344480.0 4344480.0 4344480.0 4344480.0 1241280.0 1241280.0 1241280.0 1241280.0 1241280.0 1241280.0 1241280.0 1241280.0 1241280.0 1241280.0 1241280.0 1241280.0 4344480.0 4344480.0 4344480.0 4344480.0
1873987.5 1873987.5 1873987.5 -9999 -9999 1873987.5 1873987.5 1873987.5 4372637.5 4372637.5 4372637.5 4372637.5 4372637.5 4372637.5 4372637.5 4372637.5 4372637.5 1873987.5 1873987.5 1873987.5 1873987.5 1873987.5 4372637.5 4372637.5 4372637.5 4372637.5 4372637.5 4372637.5 4372637.5 4372637.5 4372637.5 4372637.5 4372637.5 4372637.5 4372637.5 4372637.5 4372637.5 4372637.5 4372637.5 1249325.0 1249325.0 4372637.5 4372637.5 1249325.0 1249325.0 1249325.0 1249325.0 1249325.0 4372637.5 4372637.5 4372637.5 4372637.5 4372637.5 4372637.5 4372637.5 1249325.0 1249325.0 1249325.0 1249325.0 1249325.0 4372637.5 4372637.5 1249325.0 1249325.0 4372637.5 4372637.5 4372637.5 4372637.5 4372637.5 4372637.5 4372637.5
-9999 -9999 1885905.0 -9999 -9999 1885905.0 1885905.0 1885905.0 4400445.0 4400445.0 1257270.0 1257270.0 1257270.0 1257270.0 1257270.0 1257270.0 4400445.0 4400445.0 4400445.0 4400445.0 4400445.0 4400445.0 4400445.0 1885905.0 4400445.0 4400445.0 4400445.0 4400445.0 4400445.0 4400445.0 4400445.0 4400445.0 4400445.0 4400445.0 4400445.0 4400445.0 4400445.0 4400445.0 4400445.0 4400445.0 4400445.0 4400445.0 1257270.0 1257270.0 1257270.0 1257270.0 1257270.0 1257270.0 1257270.0 1257270.0 1257270.0 4400445.0 4400445.0 4400445.0 4400445.0 4400445.0 4400445.0 4400445.0 4400445.0 4400445.0 4400445.0 4400445.0 4400445.0 4400445.0 4400445.0 4400445.0 4400445.0 4400445.0 4400445.0 4400445.0 4400445.0
1897680.0 1897680.0 1897680.0 -9999 -9999 1897680.0 1897680.0 1897680.0 4427920.0 1265120.0 1265120.0 1265120.0 1265120.0 1265120.0 1265120.0 1265120.0 1265120.0 1265120.0 4427920.0 4427920.0 4427920.0 4427920.0 4427920.0 4427920.0 1897680.0 1897680.0 4427920.0 4427920.0 4427920.0 4427920.0 4427920.0 4427920.0 4427920.0 4427920.0 4427920.0 4427920.0 1265120.0 1265120.0 1265120.0 1265120.0 1265120.0 1265120.0 1265120.0 1265120.0 1265120.0 1265120.0 1265120.0 1265120.0 1265120.0 1265120.0 1265120.0 4427920.0 4427920.0 4427920.0 4427920.0 4427920.0 4427920.0 4427920.0 4427920.0 4427920.0 4427920.0 4427920.0 4427920.0 4427920.0 4427920.0 4427920.0 4427920.0 4427920.0 4427920.0 4427920.0 4427920.0
1909312.5 1909312.5 -9999 -9999 -9999 1909312.5 1909312.5 1909312.5 4455062.5 1272875.0 1272875.0 1272875.0 1272875.0 1272875.0 1272875.0 1272875.0 1272875.0 1272875.0 1272875.0 1272875.0 1272875.0 4455062.5 4455062.5 4455062.5 4455062.5 1909312.5 4455062.5 4455062.5 4455062.5 4455062.5 4455062.5 4455062.5 4455062.5 4455062.5 4455062.5 1272875.0 1272875.0 1272875.0 1272875.0 1272875.0 1272875.0 1272875.0 1272875.0 1272875.0 1272875.0 1272875.0 1272875.0 1272875.0 1272875.0 1272875.0 1272875.0 1272875.0 1272875.0 4455062.5 4455062.5 1272875.0 4455062.5 4455062.5 4455062.5 4455062.5 4455062.5 4455062.5 4455062.5 4455062.5 4455062.5 4455062.5 4455062.5 4455062.5 4455062.5 4455062.5 4455062.5
-9999 -9999 -9999 -9999 -9999 1920795.0 4481855.0 4481855.0 4481855.0 1280530.0 1280530.0 1280530.0 1280530.0 1280530.0 1280530.0 1280530.0 1280530.0 1280530.0 1280530.0 1280530.0 1280530.0 1280530.0 1280530.0 1280530.0 4481855.0 4481855.0 4481855.0 4481855.0 4481855.0 4481855.0 4481855.0 4481855.0 4481855.0 4481855.0 4481855.0 4481855.0 1280530.0 1280530.0 1280530.0 1280530.0 1280530.0 1280530.0 1280530.0 1280530.0 1280530.0 1280530.0 1280530.0 1280530.0 1280530.0 1280530.0 1280530.0 1280530.0 1280530.0 1280530.0 1280530.0 1280530.0 1280530.0 4481855.0 4481855.0 4481855.0 4481855.0 4481855.0 4481855.0 4481855.0 4481855.0 4481855.0 4481855.0 4481855.0 4481855.0 4481855.0 4481855.0
-9999 -9999 -9999 -9999 1932135.0 1932135.0 4508315.0 4508315.0 1288090.0 1288090.0 1288090.0 1288090.0 1288090.0 1288090.0 1288090.0 1288090.0 1288090.0 1288090.0 1288090.0 1288090.0 1288090.0 1288090.0 1288090.0 1288090.0 1288090.0 4508315.0 4508315.0 4508315.0 4508315.0 4508315.0 4508315.0 4508315.0 4508315.0 4508315.0 4508315.0 4508315.0 4508315.0 1288090.0 1288090.0 1288090.0 1288090.0 1288090.0 1288090.0 1288090.0 1288090.0 1288090.0 1288090.0 1288090.0 1288090.0 1288090.0 1288090.0 4508315.0 4508315.0 4508315.0 1288090.0 1288090.0 1288090.0 1288090.0 4508315.0 4508315.0 4508315.0 4508315.0 4508315.0 4508315.0 4508315.0 4508315.0 4508315.0 4508315.0 4508315.0 4508315.0 4508315.0
-9999 -9999 -9999 -9999 1943332.5 1943332.5 1943332.5 1295555.0 1295555.0 1295555.0 1295555.0 1295555.0 1295555.0 1295555.0 1295555.0 1295555.0 1295555.0 1295555.0 1295555.0 1295555.0 1295555.0 1295555.0 1295555.0 1295555.0 1295555.0 1295555.0 4534442.5 4534442.5 4534442.5 4534442.5 4534442.5 4534442.5 4534442.5 4534442.5 4534442.5 4534442.5 4534442.5 4534442.5 1295555.0 1295555.0 1295555.0 1295555.0 1295555.0 1295555.0 1295555.0 1295555.0 1295555.0 1295555.0 1295555.0 1295555.0 1295555.0 1295555.0 4534442.5 4534442.5 1295555.0 1295555.0 1295555.0 1295555.0 1295555.0 4534442.5 4534442.5 4534442.5 4534442.5 4534442.5 4534442.5 4534442.5 4534442.5 4534442.5 4534442.5 4534442.5 4534442.5
-9999 -9999 -9999 1954372.5 1954372.5 1954372.5 4560202.5 1302915.0 1302915.0 1302915.0 1302915.0 1302915.0 1302915.0 1302915.0 1302915.0 1302915.0 1302915.0 1302915.0 1302915.0 1302915.0 1302915.0 1302915.0 1302915.0 1302915.0 1302915.0 1302915.0 1302915.0 4560202.5 4560202.5 1954372.5 1954372.5 1954372.5 4560202.5 4560202.5 4560202.5 4560202.5 4560202.5 1302915.0 1302915.0 1302915.0 1302915.0 1302915.0 1302915.0 1302915.0 1302915.0 1302915.0 1302915.0 1302915.0 1302915.0 1302915.0 1302915.0 1302915.0 1302915.0 4560202.5 1302915.0 1302915.0 1302915.0 1302915.0 1302915.0 1302915.0 1302915.0 1302915.0 1302915.0 1302915.0 4560202.5 1302915.0 4560202.5 4560202.5 4560202.5 4560202.5 4560202.5
-9999 -9999 -9999 1965270.0 1965270.0 1965270.0 1310180.0 1310180.0 1310180.0 1310180.0 1310180.0 1310180.0 1310180.0 1310180.0 1310180.0 1310180.0 1310180.0 1310180.0 1310180.0 1310180.0 1310180.0 1310180.0 1310180.0 1310180.0 1310180.0 1310180.0 1310180.0 1310180.0 4585630.0 4585630.0 4585630.0 4585630.0 4585630.0 4585630.0 4585630.0 4585630.0 4585630.0 1310180.0 1310180.0 1310180.0 1310180.0 1310180.0 1310180.0 1310180.0 1310180.0 1310180.0 1310180.0 1310180.0 1310180.0 1310180.0 1310180.0 1310180.0 1310180.0 1310180.0 1310180.0 1310180.0 1310180.0 1310180.0 1310180.0 1310180.0 1310180.0 1310180.0 1310180.0 1310180.0 1310180.0 1310180.0 4585630.0 4585630.0 4585630.0 4585630.0 4585630.0
-9999 -9999 -9999 1976017.5 1976017.5 4610707.5 1317345.0 1317345.0 1317345.0 1317345.0 1317345.0 1317345.0 1317345.0 1317345.0 1317345.0 1317345.0 1317345.0 1317345.0 1317345.0 1317345.0 1317345.0 1317345.0 1317345.0 1317345.0 1317345.0 1317345.0 1317345.0 1317345.0 1317345.0 1317345.0 4610707.5 4610707.5 4610707.5 4610707.5 4610707.5 4610707.5 4610707.5 4610707.5 4610707.5 1317345.0 1317345.0 4610707.5 1317345.0 1317345.0 1317345.0 1317345.0 1317345.0 1317345.0 1317345.0 1317345.0 1317345.0 1317345.0 1317345.0 1317345.0 1317345.0 1317345.0 1317345.0 1317345.0 1317345.0 1317345.0 1317345.0 1317345.0 1317345.0 1317345.0 1317345.0 1317345.0 1317345.0 1317345.0 4610707.5 4610707.5 4610707.5
4635435.0 4635435.0 1324410.0 1324410.0 1324410.0 4635435.0 1324410.0 1324410.0 1324410.0 1324410.0 1324410.0 1324410.0 1324410.0 1324410.0 1324410.0 1324410.0 1324410.0 1324410.0 1324410.0 1324410.0 1324410.0 1324410.0 1324410.0 1324410.0 1324410.0 1324410.0 1324410.0 1324410.0 1324410.0 1324410.0 1324410.0 1324410.0 1324410.0 4635435.0 4635435.0 4635435.0 4635435.0 4635435.0 4635435.0 4635435.0 1324410.0 1324410.0 1324410.0 1324410.0 1324410.0 1324410.0 1324410.0 1324410.0 1324410.0 1324410.0 1324410.0 1324410.0 1324410.0 1324410.0 1324410.0 1324410.0 1324410.0 1324410.0 1324410.0 1324410.0 1324410.0 1324410.0 1324410.0 1324410.0 1324410.0 1324410.0 1324410.0 1324410.0 4635435.0 4635435.0 4635435.0
1331370.0 1331370.0 1331370.0 1331370.0 1331370.0 1331370.0 1331370.0 1331370.0 1331370.0 1331370.0 1331370.0 1331370.0 1331370.0 1331370.0 1331370.0 1331370.0 1331370.0 1331370.0 1331370.0 1331370.0 1331370.0 1331370.0 1331370.0 1331370.0 1331370.0 1331370.0 1331370.0 1331370.0 1331370.0 1331370.0 1331370.0 1331370.0 1331370.0 1331370.0 1331370.0 4659795.0 4659795.0 4659795.0 4659795.0 4659795.0 4659795.0 1331370.0 1331370.0 4659795.0 1331370.0 1331370.0 1331370.0 1331370.0 1331370.0 1331370.0 1331370.0 1331370.0 1331370.0 1331370.0 1331370.0 1331370.0 1331370.0 1331370.0 1331370.0 1331370.0 1331370.0 1331370.0 1331370.0 1331370.0 1331370.0 1331370.0 1331370.0 1331370.0 4659795.0 4659795.0 4659795.0
1338230.0 1338230.0 1338230.0 1338230.0 1338230.0 1338230.0 1338230.0 1338230.0 1338230.0 1338230.0 1338230.0 1338230.0 1338230.0 1338230.0 1338230.0 1338230.0 1338230.0 1338230.0 1338230.0 1338230.0 1338230.0 1338230.0 1338230.0 1338230.0 1338230.0 1338230.0 1338230.0 1338230.0 1338230.0 1338230.0 1338230.0 1338230.0 1338230.0 1338230.0 1338230.0 4683805.0 4683805.0 4683805.0 4683805.0 4683805.0 4683805.0 4683805.0 4683805.0 1338230.0 4683805.0 1338230.0 1338230.0 1338230.0 4683805.0 1338230.0 1338230.0 1338230.0 1338230.0 1338230.0 1338230.0 1338230.0 1338230.0 1338230.0 1338230.0 1338230.0 1338230.0 1338230.0 1338230.0 1338230.0 1338230.0 1338230.0 1338230.0 1338230.0 4683805.0 4683805.0 4683805.0
1344990.0 1344990.0 1344990.0 1344990.0 1344990.0 1344990.0 1344990.0 1344990.0 1344990.0 1344990.0 1344990.0 1344990.0 1344990.0 1344990.0 1344990.0 1344990.0 1344990.0 1344990.0 1344990.0 1344990.0 1344990.0 1344990.0 1344990.0 1344990.0 1344990.0 1344990.0 1344990.0 1344990.0 1344990.0 1344990.0 1344990.0 1344990.0 -9999 -9999 1344990.0 1344990.0 4707465.0 4707465.0 4707465.0 4707465.0 4707465.0 4707465.0 4707465.0 4707465.0 4707465.0 4707465.0 4707465.0 4707465.0 4707465.0 4707465.0 1344990.0 1344990.0 1344990.0 1344990.0 1344990.0 1344990.0 1344990.0 1344990.0 1344990.0 1344990.0 1344990.0 1344990.0 1344990.0 1344990.0 1344990.0 1344990.0 1344990.0 1344990.0 1344990.0 1344990.0 1344990.0
1351650.0 1351650.0 1351650.0 1351650.0 1351650.0 1351650.0 1351650.0 1351650.0 1351650.0 1351650.0 1351650.0 1351650.0 1351650.0 1351650.0 1351650.0 1351650.0 1351650.0 1351650.0 1351650.0 1351650.0 1351650.0 1351650.0 1351650.0 1351650.0 1351650.0 1351650.0 1351650.0 1351650.0 1351650.0 1351650.0 1351650.0 -9999 -9999 -9999 -9999 1351650.0 4730775.0 4730775.0 2027475.0 4730775.0 4730775.0 4730775.0 4730775.0 4730775.0 4730775.0 4730775.0 4730775.0 4730775.0 4730775.0 4730775.0 1351650.0 1351650.0 1351650.0 1351650.0 1351650.0 1351650.0 1351650.0 1351650.0 1351650.0 1351650.0 1351650.0 1351650.0 1351650.0 1351650.0 1351650.0 1351650.0 1351650.0 4730775.0 1351650.0 1351650.0 1351650.0
1358205.0 1358205.0 1358205.0 1358205.0 1358205.0 1358205.0 1358205.0 1358205.0 1358205.0 1358205.0 1358205.0 1358205.0 1358205.0 1358205.0 1358205.0 1358205.0 1358205.0 1358205.0 1358205.0 1358205.0 1358205.0 1358205.0 1358205.0 1358205.0 1358205.0 1358205.0 1358205.0 1358205.0 1358205.0 1358205.0 1358205.0 -9999 -9999 -9999 -9999 1358205.0 4753717.5 4753717.5 4753717.5 2037307.5 4753717.5 4753717.5 4753717.5 4753717.5 4753717.5 4753717.5 4753717.5 4753717.5 1358205.0 1358205.0 1358205.0 1358205.0 1358205.0 1358205.0 1358205.0 1358205.0 1358205.0 1358205.0 1358205.0 1358205.0 1358205.0 1358205.0 1358205.0 1358205.0 1358205.0 1358205.0 1358205.0 4753717.5 1358205.0 1358205.0 1358205.0
1364655.0 1364655.0 1364655.0 1364655.0 1364655.0 1364655.0 1364655.0 1364655.0 1364655.0 1364655.0 1364655.0 1364655.0 1364655.0 1364655.0 1364655.0 1364655.0 1364655.0 1364655.0 1364655.0 1364655.0 1364655.0 1364655.0 1364655.0 1364655.0 1364655.0 1364655.0 1364655.0 1364655.0 1364655.0 1364655.0 1364655.0 1364655.0 -9999 -9999 -9999 -9999 1364655.0 1364655.0 1364655.0 1364655.0 4776292.5 4776292.5 1364655.0 4776292.5 4776292.5 1364655.0 1364655.0 1364655.0 1364655.0 1364655.0 1364655.0 1364655.0 1364655.0 1364655.0 1364655.0 1364655.0 1364655.0 1364655.0 1364655.0 1364655.0 1364655.0 1364655.0 1364655.0 1364655.0 1364655.0 1364655.0 1364655.0 1364655.0 1364655.0 1364655.0 1364655.0
1371000.0 1371000.0 1371000.0 1371000.0 1371000.0 1371000.0 1371000.0 1371000.0 1371000.0 1371000.0 1371000.0 1371000.0 1371000.0 1371000.0 1371000.0 1371000.0 1371000.0 1371000.0 1371000.0 1371000.0 1371000.0 1371000.0 1371000.0 1371000.0 1371000.0 1371000.0 1371000.0 1371000.0 1371000.0 1371000.0 1371000.0 1371000.0 1371000.0 -9999 -9999 -9999 1371000.0 1371000.0 1371000.0 1371000.0 1371000.0 4798500.0 1371000.0 1371000.0 1371000.0 1371000.0 1371000.0 1371000.0 1371000.0 1371000.0 1371000.0 1371000.0 1371000.0 1371000.0 1371000.0 1371000.0 1371000.0 1371000.0 1371000.0 1371000.0 1371000.0 1371000.0 1371000.0 1371000.0 1371000.0 1371000.0 1371000.0 1371000.0 1371000.0 1371000.0 1371000.0
1377245.0 1377245.0 -9999 -9999 -9999 1377245.0 1377245.0 1377245.0 1377245.0 1377245.0 1377245.0 1377245.0 1377245.0 1377245.0 1377245.0 1377245.0 1377245.0 1377245.0 1377245.0 1377245.0 1377245.0 1377245.0 1377245.0 1377245.0 1377245.0 1377245.0 1377245.0 1377245.0 1377245.0 1377245.0 1377245.0 1377245.0 1377245.0 1377245.0 -9999 -9999 -9999 -9999 -9999 1377245.0 1377245.0 1377245.0 4820357.5 1377245.0 1377245.0 1377245.0 1377245.0 1377245.0 1377245.0 1377245.0 1377245.0 1377245.0 1377245.0 1377245.0 1377245.0 1377245.0 1377245.0 1377245.0 1377245.0 1377245.0 1377245.0 1377245.0 1377245.0 1377245.0 1377245.0 1377245.0 1377245.0 1377245.0 1377245.0 1377245.0 1377245.0
1383380.0 1383380.0 -9999 -9999 -9999 -9999 1383380.0 1383380.0 1383380.0 1383380.0 1383380.0 1383380.0 1383380.0 1383380.0 1383380.0 1383380.0 1383380.0 1383380.0 1383380.0 1383380.0 1383380.0 1383380.0 1383380.0 1383380.0 1383380.0 1383380.0 1383380.0 1383380.0 1383380.0 1383380.0 1383380.0 1383380.0 1383380.0 1383380.0 1383380.0 -9999 -9999 -9999 -9999 -9999 1383380.0 1383380.0 1383380.0 1383380.0 1383380.0 1383380.0 1383380.0 -9999 1383380.0 1383380.0 1383380.0 1383380.0 1383380.0 1383380.0 1383380.0 1383380.0 1383380.0 1383380.0 1383380.0 1383380.0 1383380.0 1383380.0 1383380.0 1383380.0 1383380.0 1383380.0 1383380.0 1383380.0 1383380.0 1383380.0 1383380.0
1389410.0 1389410.0 1389410.0 -9999 -9999 -9999 1389410.0 1389410.0 1389410.0 1389410.0 1389410.0 1389410.0 1389410.0 1389410.0 1389410.0 1389410.0 1389410.0 1389410.0 1389410.0 1389410.0 1389410.0 1389410.0 1389410.0 1389410.0 1389410.0 1389410.0 1389410.0 1389410.0 1389410.0 1389410.0 1389410.0 1389410.0 1389410.0 1389410.0 1389410.0 1389410.0 1389410.0 -9999 -9999 -9999 -9999 -9999 -9999 -9999 -9999 -9999 1389410.0 -9999 1389410.0 1389410.0 1389410.0 1389410.0 1389410.0 1389410.0 1389410.0 1389410.0 1389410.0 1389410.0 1389410.0 1389410.0 1389410.0 1389410.0 1389410.0 1389410.0 1389410.0 1389410.0 1389410.0 1389410.0 1389410.0 1389410.0 1389410.0
