critload/trunk/output/1999/ndep_nat.asc
ncols 720
nrows 360
xllcorner -180
yllcorner -90
cellsize 0.5
NODATA_value -1.0
[rows 29 to 57 of 360, columns 402 to 468 of 720]
-1.0 -1.0 -1.0 -1.0 -1.0 -1.0 -1.0 -1.0 -1.0 -1.0 -1.0 -1.0 -1.0 -1.0 -1.0 -1.0 -1.0 -1.0 -1.0 -1.0 -1.0 -1.0 -1.0 -1.0 -1.0 -1.0 -1.0 -1.0 -1.0 -1.0 -1.0 -1.0 -1.0 -1.0 -1.0 -1.0 -1.0 -1.0 -1.0 -1.0 -1.0 -1.0 -1.0 -1.0 -1.0 -1.0 -1.0 -1.0 -1.0 -1.0 -1.0 -1.0 -1.0 -1.0 -1.0 -1.0 -1.0 -1.0 -1.0 -1.0 -1.0 -1.0 -1.0 -1.0 -1.0 -1.0 -1.0
-1.0 -1.0 -1.0 -1.0 -1.0 -1.0 -1.0 -1.0 -1.0 -1.0 -1.0 -1.0 -1.0 -1.0 -1.0 -1.0 -1.0 -1.0 -1.0 -1.0 -1.0 -1.0 -1.0 -1.0 -1.0 -1.0 -1.0 -1.0 -1.0 -1.0 -1.0 -1.0 -1.0 -1.0 -1.0 -1.0 -1.0 -1.0 -1.0 -1.0 -1.0 -1.0 -1.0 -1.0 -1.0 -1.0 -1.0 -1.0 -1.0 -1.0 -1.0 -1.0 -1.0 -1.0 -1.0 -1.0 -1.0 -1.0 -1.0 -1.0 -1.0 -1.0 -1.0 -1.0 -1.0 -1.0 -1.0
-1.0 -1.0 -1.0 -1.0 -1.0 -1.0 -1.0 -1.0 -1.0 -1.0 -1.0 -1.0 -1.0 -1.0 -1.0 -1.0 -1.0 -1.0 -1.0 -1.0 -1.0 -1.0 -1.0 -1.0 -1.0 -1.0 -1.0 -1.0 -1.0 -1.0 -1.0 -1.0 -1.0 -1.0 -1.0 -1.0 -1.0 -1.0 -1.0 -1.0 -1.0 -1.0 -1.0 -1.0 -1.0 -1.0 -1.0 -1.0 -1.0 -1.0 -1.0 -1.0 -1.0 -1.0 -1.0 -1.0 -1.0 -1.0 -1.0 -1.0 -1.0 -1.0 -1.0 -1.0 -1.0 -1.0 -1.0
-1.0 -1.0 -1.0 -1.0 -1.0 -1.0 -1.0 -1.0 -1.0 -1.0 -1.0 -1.0 -1.0 -1.0 -1.0 -1.0 -1.0 -1.0 -1.0 -1.0 -1.0 -1.0 -1.0 -1.0 -1.0 -1.0 -1.0 -1.0 -1.0 -1.0 -1.0 -1.0 -1.0 -1.0 -1.0 -1.0 -1.0 -1.0 -1.0 -1.0 -1.0 -1.0 -1.0 -1.0 -1.0 -1.0 -1.0 -1.0 -1.0 -1.0 -1.0 -1.0 -1.0 -1.0 -1.0 -1.0 -1.0 -1.0 -1.0 -1.0 -1.0 -1.0 -1.0 -1.0 -1.0 -1.0 51638.752661053324
-1.0 -1.0 -1.0 -1.0 -1.0 -1.0 -1.0 -1.0 -1.0 -1.0 -1.0 -1.0 -1.0 -1.0 -1.0 -1.0 -1.0 -1.0 -1.0 -1.0 -1.0 -1.0 -1.0 -1.0 -1.0 -1.0 -1.0 -1.0 -1.0 -1.0 -1.0 -1.0 -1.0 -1.0 -1.0 -1.0 -1.0 -1.0 -1.0 -1.0 -1.0 -1.0 -1.0 -1.0 -1.0 -1.0 -1.0 -1.0 -1.0 -1.0 -1.0 -1.0 -1.0 -1.0 -1.0 -1.0 -1.0 -1.0 -1.0 -1.0 -1.0 -1.0 -1.0 -1.0 -1.0 51209.355232599875 67715.58436213096
-1.0 -1.0 -1.0 -1.0 -1.0 -1.0 -1.0 -1.0 -1.0 -1.0 -1.0 -1.0 -1.0 -1.0 -1.0 -1.0 -1.0 -1.0 -1.0 -1.0 -1.0 -1.0 -1.0 -1.0 -1.0 -1.0 -1.0 -1.0 -1.0 -1.0 -1.0 -1.0 -1.0 -1.0 -1.0 -1.0 -1.0 -1.0 -1.0 -1.0 -1.0 -1.0 -1.0 -1.0 -1.0 -1.0 -1.0 -1.0 -1.0 -1.0 -1.0 -1.0 -1.0 -1.0 -1.0 -1.0 -1.0 -1.0 -1.0 -1.0 -1.0 -1.0 -1.0 50048.461395886305 91515.69678149636 102909.950476 99062.8536278
-1.0 -1.0 -1.0 -1.0 -1.0 -1.0 -1.0 -1.0 -1.0 -1.0 -1.0 -1.0 -1.0 -1.0 -1.0 -1.0 -1.0 -1.0 -1.0 -1.0 -1.0 -1.0 -1.0 -1.0 -1.0 -1.0 -1.0 -1.0 -1.0 -1.0 -1.0 -1.0 -1.0 -1.0 -1.0 -1.0 -1.0 -1.0 -1.0 -1.0 -1.0 -1.0 -1.0 -1.0 -1.0 -1.0 -1.0 -1.0 -1.0 -1.0 -1.0 -1.0 -1.0 -1.0 -1.0 -1.0 -1.0 -1.0 -1.0 -1.0 -1.0 -1.0 -1.0 87732.51137933909 105798.136006 105798.136006 101843.06972
-1.0 -1.0 -1.0 -1.0 -1.0 -1.0 -1.0 -1.0 -1.0 -1.0 -1.0 -1.0 -1.0 -1.0 -1.0 -1.0 -1.0 -1.0 -1.0 -1.0 -1.0 -1.0 -1.0 -1.0 -1.0 -1.0 -1.0 -1.0 -1.0 -1.0 -1.0 -1.0 -1.0 -1.0 -1.0 -1.0 -1.0 -1.0 -1.0 -1.0 -1.0 -1.0 -1.0 -1.0 -1.0 -1.0 -1.0 -1.0 -1.0 -1.0 -1.0 -1.0 -1.0 -1.0 -1.0 -1.0 -1.0 -1.0 -1.0 -1.0 -1.0 111812.26246560318 121882.161366 104812.32782119678 115497.8204842987 118835.109224 114772.367213
-1.0 -1.0 -1.0 -1.0 -1.0 -1.0 -1.0 -1.0 4411.053319270203 39643.47601347186 13321.048821823728 -1.0 4482.199244939081 26874.2798546385 18213.380682431827 -1.0 -1.0 -1.0 -1.0 -1.0 -1.0 -1.0 -1.0 -1.0 -1.0 -1.0 -1.0 -1.0 -1.0 -1.0 -1.0 -1.0 -1.0 -1.0 -1.0 -1.0 -1.0 -1.0 -1.0 -1.0 -1.0 -1.0 -1.0 -1.0 -1.0 -1.0 -1.0 -1.0 -1.0 -1.0 -1.0 -1.0 -1.0 -1.0 -1.0 -1.0 -1.0 -1.0 -1.0 -1.0 -1.0 -1.0 10388.064761094342 48532.160470622686 40614.88601946207 87962.76952376353 104631.76979463901
-1.0 -1.0 44502.858784316 69122.29718607 69445.095323296 24882.730644576004 59801.66890075199 144667.870269376 135429.70817023198 74985.667441926 91455.21246784201 85864.59766895401 81631.463422692 168024.532000488 106604.776535748 112362.688013616 123475.85371407999 82573.348061316 47163.90936447601 10504.917073766801 -1.0 -1.0 -1.0 -1.0 -1.0 -1.0 -1.0 -1.0 -1.0 -1.0 -1.0 -1.0 -1.0 -1.0 -1.0 -1.0 -1.0 -1.0 -1.0 -1.0 -1.0 -1.0 -1.0 -1.0 -1.0 -1.0 -1.0 -1.0 -1.0 -1.0 -1.0 -1.0 -1.0 -1.0 -1.0 -1.0 -1.0 -1.0 -1.0 -1.0 -1.0 -1.0 -1.0 -1.0 -1.0 34003.451299644 65350.380571464004
30314.52948389715 90760.35583871773 106172.31218245788 136140.2742217976 101134.27530926536 162291.5760518686 183816.871459 183816.871459 92699.64295295192 169834.98830229192 186480.880659 176226.37365582839 187812.890495 187812.890495 177463.96934507636 166818.5241851542 157365.95412044146 157302.18198905347 148796.9109533367 84774.01356313554 16151.47963340788 -1.0 -1.0 -1.0 -1.0 -1.0 -1.0 -1.0 -1.0 -1.0 -1.0 -1.0 -1.0 -1.0 -1.0 -1.0 -1.0 -1.0 -1.0 -1.0 -1.0 -1.0 -1.0 -1.0 -1.0 -1.0 -1.0 -1.0 -1.0 -1.0 -1.0 -1.0 -1.0 -1.0 -1.0 -1.0 -1.0 -1.0 -1.0 -1.0 -1.0 -1.0 -1.0 -1.0 -1.0 -1.0 -1.0
188160.33933550207 176527.90437899303 214200.411848 214200.411848 216929.084611 216929.084611 218293.413485 218293.413485 219657.748794 219657.748794 219657.748794 219657.748794 219657.748794 219657.748794 219657.748794 219657.748794 218293.413485 182126.47426742627 108257.86841797459 130752.79924581431 98869.52320088817 88496.54666836151 120375.43812930367 68339.83337742872 -1.0 -1.0 -1.0 -1.0 -1.0 -1.0 -1.0 -1.0 -1.0 -1.0 -1.0 -1.0 -1.0 -1.0 -1.0 -1.0 -1.0 -1.0 -1.0 -1.0 -1.0 -1.0 -1.0 -1.0 -1.0 -1.0 -1.0 -1.0 -1.0 -1.0 -1.0 -1.0 -1.0 -1.0 -1.0 -1.0 -1.0 -1.0 -1.0 -1.0 -1.0 -1.0 -1.0
216466.73957 216466.73957 219259.855178 219259.855178 222052.979568 222052.979568 223449.534079 223449.534079 224846.095177 224846.095177 224846.095177 224846.095177 224846.095177 224636.40240223156 224846.095177 224846.095177 210767.249994 193384.98552 190319.828551 189597.607827 190746.692341 190746.692341 187733.885721989 182401.81567637797 140540.97485543086 102936.29185633562 113093.17049544433 97078.14335680116 73980.60730804437 74687.68999556499 42239.03484619131 -1.0 -1.0 -1.0 -1.0 -1.0 -1.0 -1.0 -1.0 -1.0 -1.0 -1.0 -1.0 -1.0 -1.0 -1.0 -1.0 -1.0 -1.0 -1.0 -1.0 -1.0 -1.0 -1.0 24737.849313227183 147709.89556399878 174659.621109 131357.80774532608 48400.925645506104 -1.0 -1.0 -1.0 -1.0 -1.0 -1.0 -1.0 -1.0
272876.13122 272876.13122 281448.163281 281448.163281 282876.83342 282876.83342 285734.171451 285734.171451 285734.171451 285734.171451 282876.83342 282876.83342 280019.490897 280019.490897 278590.807283 240072.760475 225695.47889 225695.47889 224519.993559 224519.993559 224519.993559 224519.993559 219414.77101499776 219436.87910671777 220604.02234626786 226870.975451 223344.485769 223344.485769 214584.8491548098 215204.1701001472 209614.22218693054 196446.73408135874 134182.8809731702 70246.08906487715 -1.0 -1.0 -1.0 -1.0 -1.0 -1.0 -1.0 -1.0 -1.0 -1.0 5746.274621733909 -1.0 -1.0 -1.0 -1.0 -1.0 -1.0 -1.0 -1.0 -1.0 32493.54787960883 113816.96556663608 90537.47106943854 42758.77545174982 -1.0 -1.0 -1.0 -1.0 -1.0 67056.28958491574 131136.42637509073 130854.15670725405 -1.0
278987.5107 278987.5107 287751.523424 287751.523424 289212.190298 289212.190298 292133.52175 292133.52175 292133.52175 292133.52175 289212.190298 289212.190298 286290.854254 286290.854254 284830.173603 254138.635314 236358.932671 230750.192588 229548.380891 229548.380891 229323.25908844857 229548.380891 230750.192588 230750.192588 231952.015766 231952.015766 228346.546231 228346.546231 222337.434932 222337.434932 218731.956213 214295.89524800115 208153.23171753585 207985.40646143767 189273.81670399068 126901.2860492174 65092.29904020077 23695.267485361204 -1.0 -1.0 -1.0 -1.0 -1.0 -1.0 -1.0 11577.914658234813 127519.14202131607 209117.375379 206713.719838 206713.719838 103276.65639166565 -1.0 -1.0 -1.0 -1.0 -1.0 -1.0 -1.0 65735.84380000792 120211.74360318735 160458.18746088192 181706.7437108033 178281.6642814866 167893.4046951732 174818.58440023777 133801.30351871692 90630.14192354707
344784.895338 344784.895338 361203.227151 361203.227151 362695.806397 362695.806397 364188.35514 364188.35514 362695.806397 362695.806397 358218.061621 358218.061621 352247.768102 352247.768102 347770.060869 347770.060869 338646.908387 311957.612539 272633.158939 272633.158939 268948.929376 268948.929376 268948.929376 268948.929376 268519.24700779427 268948.929376 262808.542078 262808.542078 254211.997046 254211.997046 246843.533228 246843.533228 241931.220105 235167.15150414413 233109.81794335842 233059.93027709832 238247.002274 238247.002274 192261.8115240521 126364.59027011911 -1.0 -1.0 -1.0 -1.0 -1.0 -1.0 148415.76137738393 232106.619669 192124.5763799205 108421.34191361477 75598.87003976663 -1.0 -1.0 6332.57818611567 69169.05963921227 87930.4103980602 160108.11557346207 214967.8993764022 217369.6803 217369.6803 213685.460123 213685.460123 211229.297695 211229.297695 207545.058747 207545.058747 202632.745624
352126.184205 352126.184205 368894.101276 368894.101276 370418.461077 370418.461077 371942.789725 371942.789725 370418.461077 370418.461077 365845.374485 365845.374485 359747.959245 359747.959245 355174.910996 355174.910996 335497.278817 297883.954745 278438.166065 278438.166065 274675.490509 274675.490509 236327.24605925955 236194.28347089965 274675.490509 274675.490509 268404.35979 268404.35979 259624.773908 259624.773908 252099.418003 252099.418003 244605.60159370684 247082.510073 237831.5913597369 244574.059703 243319.846499 243319.846499 243319.846499 243319.846499 114669.88757918315 -1.0 -1.0 -1.0 -1.0 39625.26887252544 163072.11357493044 236031.18792599853 177220.0710289769 46132.60853403027 -1.0 -1.0 -1.0 88535.43937382865 229523.352687 229523.352687 225760.667545 225760.667545 221997.996782 221997.996782 218235.330812 218235.330812 215726.870856 215726.870856 211964.185715 211964.185715 206947.277785
451242.607245 451242.607245 471470.746162 471470.746162 471470.746162 471470.746162 469914.723245 469914.723245 462134.682046 462134.682046 452798.630161 452798.630161 441906.545576 441906.545576 431014.500127 431014.500127 375245.834428 344392.62231 330309.644304 330309.644304 323908.293555 323908.293555 318787.229101 213065.23245682634 174082.46647367248 138640.6669404938 204150.39226172844 255622.3012819032 289946.86056276556 298302.902793 289341.018595 289341.018595 284219.934572 284219.934572 282939.677631 282939.677631 282939.677631 282939.677631 284219.934572 236504.07735792964 70640.98763838856 -1.0 -1.0 -1.0 -1.0 -1.0 -1.0 220872.39096931063 271417.228183 256466.58948246553 187275.54124259533 179819.96413977377 206572.84344729208 250417.85281686555 261175.079706 261175.079706 258614.541363 258614.541363 253493.45734 253493.45734 249652.640042 249652.640042 245811.832529 245811.832529 241971.037246 241971.037246 238130.210163
460392.532971 460392.532971 481030.841419 481030.841419 481030.841419 481030.841419 479443.266752 479443.266752 458575.24365753133 436707.4688443215 461980.107638 461980.107638 450867.162337 450867.162337 439754.256968 439754.256968 427053.756965 387880.194084 337007.391067 336068.8287885405 330189.44308117795 330476.239003 325251.333824 325251.333824 293400.49871553504 213879.76426300447 131356.98712103633 -1.0 8384.31033573058 50305.764454053875 89592.45150334541 122311.96331220574 152341.00186294658 216968.29957295084 240167.3322672 240167.3322672 207932.49748439997 159444.06966036215 71976.27870906283 -1.0 40608.09308435001 145657.11015111627 271538.04003347247 271538.04003347247 229819.26526903856 135057.32693558512 185252.73524064996 279533.271876 276920.803065 276920.803065 274308.346732 274308.346732 270389.655993 270389.655993 266470.972741 266470.972741 263858.513912 263858.513912 258633.588767 258633.588767 254714.890541 254714.890541 250796.202298 250796.202298 246877.526534 246877.526534 242958.818325
577977.557859 520502.35023518937 366899.0910771526 219756.60066294912 178332.70428285096 197312.95165322977 159447.08516435628 305622.7945468409 513292.03368291364 577977.557859 561787.700826 561787.700826 547216.85062 547216.85062 528508.3029023636 531027.003766 509980.179697 495386.405775 410012.476982 400957.84343 387104.18299021135 387636.965641 376980.280718 376980.280718 368987.768297 368987.768297 349712.06366442965 194761.18509747268 -1.0 -1.0 -1.0 -1.0 -1.0 -1.0 -1.0 -1.0 -1.0 38016.45120243838 163710.34973264 316461.59839 346342.316016 346342.316016 343678.130787 343678.130787 337017.7008 337017.7008 293768.89139660675 330357.280995 323696.861189 323696.861189 318368.513637 318368.513637 311708.086196 311708.086196 306379.736099 306379.736099 302383.470981 302383.470981 297055.143789 297055.143789 291726.796237 291726.796237 285066.366251 285066.366251 282402.186112 282402.186112 278405.931174
499525.75110229227 148403.7271486022 -1.0 -1.0 -1.0 -1.0 -1.0 41165.1639209796 93365.43868703036 550811.5536541324 572647.767181 559911.9065966348 543093.4276251199 557795.244023 541292.426966 541292.426966 517095.70475810533 473727.134124 400554.8215459431 408382.70488688326 395130.478159 395130.478159 384267.786046 384267.786046 376120.768258 376120.768258 334946.3973601509 112359.16223525329 -1.0 59863.00899566523 -1.0 19433.334242496956 104810.79178010926 28625.3193523836 -1.0 -1.0 -1.0 85248.63463004587 297992.3599114503 351679.727866 353037.55076 353037.55076 350321.863463 350321.863463 343532.678947 343532.678947 336743.504807 336743.504807 329954.330668 329954.330668 324522.979422 324522.979422 317733.7975 317733.7975 312302.44366 312302.44366 308228.925686 308228.925686 302797.595196 302797.595196 297366.24395 297366.24395 290577.059434 290577.059434 287861.377325 287861.377325 283787.867134
199525.20441907787 -1.0 -1.0 -1.0 -1.0 -1.0 70790.74178028062 503359.16653394414 384967.6595083562 603879.2271126941 626064.4419351441 674419.8904946846 660815.459097 660815.459097 642319.358704 632864.3858918041 610338.9690872147 576801.085519 480620.51310524344 445480.7204641094 463470.315937 463470.315937 449635.358803 449635.358803 437183.923287 437183.923287 424732.479841 258190.63442788366 -1.0 -1.0 -1.0 211177.46295051035 397062.597292 375173.47237432445 243461.45918081878 223789.69871566625 149520.00082060642 76228.02029799506 176160.36953018393 323776.919013111 412281.041681 412281.041681 410897.562356 410897.562356 405363.584261 405363.584261 395679.117967 395679.117967 385994.649031 385994.649031 376310.214457 376310.214457 366625.748164 366625.748164 359708.290743 359708.290743 354174.310004 354174.310004 347256.852584 347256.852584 340339.37666 340339.37666 333421.919239 333421.919239 329271.441615 329271.441615 325120.950774
247158.25007114772 -1.0 -1.0 -1.0 12848.329588943447 239724.11826591895 675144.9759257839 712143.5094323045 640738.2217714014 697805.4964467664 658230.3497403566 656625.7037215637 659546.4868798767 606475.3484928926 643283.8138132088 654177.622064 621732.8660991221 626777.501992 564270.99297 490344.177084 466184.6645281382 466412.7067745761 448893.78457468835 457936.361145 445255.051813 445255.051813 402386.0522172413 413478.0301514874 293932.6461439159 282338.0947597236 79925.758969214 -1.0 76962.64990976441 85375.6356992675 381979.69328525866 408620.144429 412847.257411 401457.9344139195 405652.2809714114 308778.8756225018 387859.0744339202 329466.14665510337 418483.401771 418483.401771 412847.257411 412847.257411 402984.000069 402984.000069 393120.740035 393120.740035 383257.514998 383257.514998 373394.257656 373394.257656 366349.092685 366349.092685 360712.945632 360712.945632 353667.780661 353667.780661 346622.596845 346622.596845 339577.431874 339577.431874 335350.329661 335350.329661 331123.213988
-1.0 -1.0 -1.0 274799.05893935566 665744.488490083 859562.1356722587 805962.4674500504 798449.1175277972 807144.1337013686 830783.4941020758 800130.3073578354 779777.969686093 717072.5740837192 749166.7054909832 747390.9919934378 768854.820498 742703.298825 742703.298825 635656.331016 570666.117628654 552392.9486700374 553710.1482 535061.887389 525108.3235119936 512097.894488392 519282.597579 466739.2472243478 485089.5705797517 478484.05052189174 492027.415538 470083.03898733086 430099.8916618537 347951.29753209034 361132.6437398718 429138.78646544623 483420.538161 486289.481756 486289.481756 484855.005847 471459.12199614797 475023.1031514667 370606.8844692926 489158.46098 489158.46098 484855.005847 484855.005847 469075.721519 469075.721519 456165.389008 456165.389008 443255.020868 443255.020868 433213.6621 433213.6621 424606.740871 424606.740871 415999.871716 415999.871716 407392.983375 407392.983375 400220.546277 400220.546277 391613.668899 391613.668899 387310.211025 387310.211025 383006.788781
38864.38807038124 203366.10130634866 595844.1738822911 776208.8903116168 864677.9736365337 859395.0960952089 869600.2356329394 872545.4292081165 845305.4384085889 853635.2555412832 814186.4692599338 791922.0127885038 768601.1844209717 752633.5127178957 761015.8528714281 742554.9678118223 736522.8681567719 753113.1118058818 680157.8129943763 683156.111082 603065.830213 563484.332169 544506.889144 544506.889144 506629.49847025395 501860.96277728194 460804.4369679791 484187.1735190276 471278.66228091205 473194.64047920535 478261.64713161864 491953.958199 489034.368744 489034.368744 491953.958199 491953.958199 494873.544865 494873.544865 452646.6494618069 479759.6704456561 468903.35702435765 430714.1632136052 370677.7182755304 458191.88840355497 493413.747348 493413.747348 477355.92446 477355.92446 464217.696604 464217.696604 451079.43249 451079.43249 440860.821981 440860.821981 432101.969942 432101.969942 423343.170895 423343.170895 414584.352325 414584.352325 407285.30617 407285.30617 398526.498756 398526.498756 394147.075525 394147.075525 389767.688553
409334.522451123 892655.0714244257 1051278.993362482 946640.0778140222 991618.5145892231 1051012.3062912687 1052311.2348321702 1073890.78922 1048622.81969 1036115.7759658573 976215.8126473604 994477.066109 954770.147807 928370.6214172354 893211.9398334232 903098.5576364828 785370.8375194729 809331.5157003627 795046.0504446028 794825.6994223547 759177.5549843739 657636.5591294776 625352.0538126706 619439.6230856357 586659.0379604124 579963.5127281884 519420.93764972215 519374.14231615583 539202.8518014225 524521.5208177927 545734.7336437444 577673.193314 576188.17603 576188.17603 582128.265028 572333.1713368206 585098.288247 568933.4717090946 501329.57320137793 532779.3066549497 566109.9609064955 565882.1409096584 566109.9609064955 459360.2122649731 454756.7641453554 497390.19724324055 556882.9031 556882.9031 540547.653389 540547.653389 527182.469458 527182.469458 515302.299973 515302.299973 501937.107529 501937.107529 488571.92076 488571.92076 476691.754113 476691.754113 466296.627448 466296.627448 455901.466736 455901.466736 451446.400696 451446.400696 448476.368965
229781.2023178193 968233.7495174991 1102823.635318454 1194417.5782221633 1130593.75668 1103884.239004775 1092050.75823 1065561.2003366689 1066355.49614 1020357.7306181906 1011294.11388 983780.6112628035 903326.0488600063 876142.0080672052 928702.039046 875237.1870003678 868888.5005106367 893829.786138 826068.5162344439 678464.9710677357 663721.9742169754 646281.6982020431 610795.7325456261 618490.9172773915 601530.8631830376 575865.9933049289 549534.7385214862 591917.6751901434 538667.0552356945 559706.5795527103 554928.0621622517 571050.0165655802 585931.773353 585931.773353 591972.311888 591972.311888 562101.239362889 578634.6757163747 574160.8638303826 590462.185189 591972.311888 575635.338082934 591972.311888 559745.8401262562 569626.823262838 506559.6739783788 504568.0583576701 477019.4985416202 460415.60108508146 534350.1308262288 536097.358572 536097.358572 524016.290158 524016.290158 510425.086389 510425.086389 496833.888391 496833.888391 382944.23937804525 484752.822862 474181.91 474181.91 463610.962515 463610.962515 459080.559335 459080.559335 456060.303051
100360.57140695801 1047455.0077094451 1286305.4471847983 1287560.783615766 1398564.7014207363 1447372.324102905 1266731.9453174646 1306023.39619 1139578.915907673 1217827.8747748986 1142479.414819024 1170937.7306539477 1055938.556316679 1064171.905893629 1025580.1078177694 1076210.9443732908 1017823.2629146863 940195.8660855806 414290.0935106977 500568.61039572826 699012.2594376393 670426.8874139272 710077.3117439579 704338.6812074177 694232.9715709175 663693.9388048855 525753.0281947374 676999.1171122453 706780.1705748748 709225.509194 557476.6033585303 602568.6188724812 641633.450473272 680641.836779616 691197.0694974805 652519.577363107 678670.7171028496 718436.247881 673631.6954172958 691143.659374569 704620.172114 704620.172114 680484.4595967933 641581.0371011327 667053.8311752466 667135.415790543 644868.3538847226 644868.3538847226 476568.613443061 529396.1305253517 586218.6551116256 620840.6627311454 623258.786851 623258.786851 470369.50948950497 518363.0534339831 546837.3054574156 562723.6091504743 520235.13415175304 368330.01860297984 489821.83077296003 475600.2537518552 478378.6458843704 535756.948237 531151.57596 531151.57596 531151.57596
75650.45650355011 1007363.8783155421 1152501.3659054628 1102344.5585683016 1277633.081300776 1265845.1295547595 1171046.1070835553 1261119.9183945996 1213116.7272508214 1195273.5109226664 1151959.8381429834 1205551.8604631939 1084585.5867121161 1136007.0202934712 1028181.2011818733 862824.1545127744 805930.8659506716 513647.14723299135 771646.0160493786 -1.0 -1.0 750397.4287155736 697559.4948466737 598070.1987575606 670896.5553467756 692236.241327866 675045.7126527901 582446.0287554478 449720.7783248665 684244.5458009954 620693.6672833569 512780.7696013836 691512.2073020492 693012.5629080278 702127.5391618039 659851.6210922253 689665.240520229 669298.9730133518 624762.7783389337 682195.6350432636 676221.2600633329 676087.0215002355 556282.1626830092 632532.5404618346 600791.8564930529 639623.3546134775 636465.5960484516 562039.3393011397 621877.7174330581 603565.7000411922 578465.7130779937 407060.9862826765 552492.9700867156 563854.6602065631 543640.178759155 577668.2841200705 588116.89507 588116.89507 556629.2038582733 556753.8517997585 543102.8835908873 527605.4796308388 529329.3699755137 529409.4136549482 539757.150722 539757.150722 524818.9090768314
