critload/trunk/output/1999/ndep_nat.asc
ncols 720
nrows 360
xllcorner -180
yllcorner -90
cellsize 0.5
NODATA_value -1.0
[rows 116 to 144 of 360, columns 132 to 197 of 720]
623044.8193905 481699.6165964207 275743.55848702416 311161.0542337081 568111.5843117377 732032.9982308144 696684.2360552372 614124.9446559383 343294.23230768583 457075.654824356 140791.410496498 69320.67129841824 90058.58838637061 89389.99103921306 41118.65476419919 175840.05596555173 2412.2711377205983 2412.2706657647677 166157.05257557688 2776.661987941658 28100.49758207441 3337.829355565243 4168.6432837313605 87961.66642201194 8172.8958963971545 8214.466808148214 60309.97410166542 9091.296324604291 84902.67782094674 210800.77167736526 126716.58869294966 1243218.1387830405 1920478.7216743457 851363.7350281422 1780904.877999839 1032904.8043059743 1257588.3790296798 2490736.229015488 2506192.034778324 2772122.973697128 2659367.0445127436 1324354.3189147115 1740781.3507934534 2455501.992049679 998035.519992949 1297379.1218629477 2457653.08855672 2010634.6522999273 1942634.5968581142 2039503.1622861682 2261102.8687207913 2401022.8576514367 1870717.8625849115 2091105.3800023852 2293300.2614339273 1983282.8781956783 1753106.2162977536 1248700.537505757 1839258.0309409588 1150471.1418211933 1449202.1828060274 1961789.614517324 1999872.1783918561 1924201.854688074 2059707.99163234 1251691.1452754578
55170.740336400006 423469.3390785 157812.68835244447 140347.97306018742 127669.39027442549 706486.8165820885 780621.0170421908 742761.609587809 212386.14858499565 267806.18501602014 209701.50750260064 83220.14422686798 105802.07213122021 82211.76281838828 1862.0406235018102 91618.91838535592 29571.99592616405 2426.5119723330017 2793.053292600041 2793.0526355717684 3357.5285577570507 18644.83029709192 4742.205051607873 5487.113060699592 7020.217989210366 5763.56675089376 49678.693415990805 76780.95093284512 20156.819804101735 13962.787376953398 102652.74419488183 2560269.1314644646 3281991.1299350983 272728.3451208896 1288861.2362850278 1410686.098093186 1350776.4034189526 2806626.474000427 2648385.3820231827 3183829.3574991333 2935065.903457992 2519289.611464098 1499830.4527165005 530050.6463090507 1826219.6194408243 2072459.694828168 2392370.33409945 2015683.5856823237 2106947.324694954 1853161.812829774 2418651.9664599583 2116789.9217340252 2022810.6557141473 1663966.834846632 2300608.943252883 1472245.9191668797 511475.89131592796 448726.21391897794 931339.5410897003 1244817.5157583326 1615363.7504208845 1975221.930145123 2449242.698103555 2171504.1163976234 2176860.570492894 174900.40385684432
-1.0 32279.895910727675 161908.4249105196 188866.0092090302 124424.15813924397 151481.6116196022 254704.52940987158 254820.29648371448 229685.74242326728 291432.7351151093 218708.44291781675 80707.3131185989 63421.09324337067 104650.7225232518 46214.30872076138 156590.77445963392 172410.6299479326 81029.61251081771 2763.1489129023726 66796.4815125403 128811.79966666132 3261.316804675359 7949.166071944615 5438.600008313879 5927.509417737896 5938.868093628599 5815.89814013924 5815.884491446812 86770.83044538426 86493.88821059145 285418.2217372388 2579790.3437210536 2184552.2835046276 419909.546644834 1514488.9371472974 1583639.635376599 1587312.8736866792 2946267.1776113734 3065586.2529938086 3083480.679698277 2831097.456141907 2226374.0620812485 2179683.645862467 1014704.5202405037 1194856.9540240793 726476.1771356302 1594259.8202778036 1497784.0149853958 1584556.0032039636 1710556.1369534223 1734293.3646333914 1073114.659443355 909150.4202206477 973532.724840413 1524987.073002509 1407613.83051856 1525903.3621628066 799095.4202049724 917260.6975680417 1629728.7105342343 1764845.7050962346 1656258.4695190547 2419019.967490682 2419258.3341736207 1632791.7503201507 83542.8844680743
-1.0 -1.0 98355.68886326566 110128.63866813738 118497.01532342102 101907.52209546567 273579.1220302804 346221.3789714603 307435.4512448785 326230.49942039786 497494.41577914037 444205.60353362677 45853.28013353848 105243.7653327099 90732.28411628107 112986.3290541651 173296.16102105586 124173.31750269482 62796.15731470611 2788.405856329207 5381.6211328653035 5382.641410578177 5379.440060826344 4016.19743358197 5392.9302579018995 5969.66029741939 5851.59938528591 5843.083532516356 6804.597987712973 1390262.7737201042 1766597.3925173166 2424672.7124272855 1897117.3342823985 1151544.2769310013 1878045.0435375683 1266521.9780308309 1193183.4821472198 1976997.7348661476 1929323.4008611029 2066928.7190182407 1897669.7941508587 1356635.0404777466 1064743.4008353322 809119.4442033607 1144851.9031228016 1031098.9549513963 580841.6520658733 512417.71294123057 896026.3077682344 434384.17088089866 232684.90906361662 48302.276783906156 245483.19065531902 190694.68916561588 86772.43388010627 391594.1472924588 946141.7693175134 1570442.8700973517 2336293.5459284885 1483318.582713087 2088815.0699238137 1350287.0371598387 1541501.5712554094 2015113.6554939728 4964101.249377052 122443.61989003929
28607.892985320002 -1.0 58587.7210439447 156318.95605235043 127791.54812213463 96105.91547916831 901480.6126354212 691347.0773881971 697820.2422087182 682919.8872113896 683424.4780048163 642189.9878508612 222105.5015038538 28632.68182337288 50454.58694228431 99433.29184333791 112676.9636914639 85023.58978177393 122511.78592989758 8555.94848723583 3330.726042739205 278924.8797147946 95484.79653957297 306694.52666986175 327634.38844337297 133298.05552275796 23206.55791595979 213609.0208244275 722718.6725355675 803510.1282556386 2727249.124908896 2244105.5756692253 1714297.6725256478 2309764.427780102 1482521.3975171372 964605.4686277948 1339166.7730562042 2473527.8061634037 617787.8293479598 934540.4495646446 906966.268051445 1097101.200954846 1672474.1626474594 1130409.2425836122 873713.6526413545 1039107.8981736485 723378.4902586789 1218105.4003340933 1186309.1880296166 373511.641363012 -1.0 -1.0 -1.0 -1.0 -1.0 -1.0 -1.0 610944.926965357 644134.5793426915 33386.21871948584 315098.3101043324 1752341.3006861336 1025560.6977411953 1372027.1215941713 1327374.5809905292 306894.89295079076
330056.540095 -1.0 -1.0 225600.78530293543 167290.05597166286 176750.13652994097 199017.59301237913 233708.7783030204 695338.5350404653 1156251.2564834289 565270.2925090954 563041.349095449 493503.24083640176 25390.11547080934 26335.316625889594 61423.91808148873 141117.65547923444 141049.31455112074 177891.06798011423 302453.1837305751 704610.4476045456 1217118.3818443709 794104.0082845922 444923.1199186866 647057.1925920302 394677.94809601904 79936.74985130948 75434.36026862965 20425.511292358126 252570.38780649626 388263.2658628714 267603.6655874776 1310146.6285249842 1493646.117770208 1912286.0827045906 664979.6598894845 639997.8133145086 753196.616951429 330168.2126936534 -1.0 -1.0 -1.0 -1.0 -1.0 -1.0 603252.885238123 1140876.259727644 906445.3008662155 576417.2553992198 767022.9268081845 -1.0 -1.0 -1.0 -1.0 -1.0 -1.0 -1.0 -1.0 -1.0 -1.0 -1.0 554884.8514407076 1274433.8996883063 764151.1021080264 1547820.9847831342 1072043.354771138
370125.6040135862 260044.44507299998 -1.0 124478.32379198352 194620.39059843431 197646.26904845412 177463.90746496993 1097337.7658955597 665558.7691479418 570537.7220414501 665982.9789812078 665929.8278386648 879255.9198637764 662183.8058114174 349178.2240710098 53760.7061871785 90374.0666378373 147518.38390774766 95483.63138501841 33663.64608596947 173212.15171579132 412108.57620605244 454717.96443645115 618711.3490256541 1159631.977600301 857908.4623678925 139136.93433331818 29082.577400180406 7118.197764356352 89090.1236113548 187326.75611925893 395719.67838600464 397320.16965297493 704616.4612656158 694809.1227621794 1551865.9855408836 1305337.6256889957 367616.6981072704 -1.0 -1.0 -1.0 -1.0 -1.0 -1.0 -1.0 -1.0 -1.0 -1.0 -1.0 -1.0 -1.0 -1.0 -1.0 -1.0 -1.0 -1.0 -1.0 -1.0 -1.0 -1.0 -1.0 -1.0 584256.3053473919 555286.6787550269 499335.649069864 1136790.617770417
392001.749587982 391981.409144498 120089.99539363825 -1.0 2334.919966106068 121729.86543411751 114326.07825211552 231122.36237086018 1147229.8447123263 614676.9667368174 740014.6575933936 691037.1549419676 718446.0887616276 884450.0312836061 8259.482494064752 2273.644173270604 67148.12697460724 71162.29699100116 33822.35274832367 64978.41260211594 277374.6689034373 346090.1140734614 416165.95043136465 539579.7774106741 1114338.4849615043 508515.0501433019 305560.12285083724 264709.42487737973 7007.442624229535 7007.4570051664 188501.12850500282 188005.8787571042 268891.16811972717 1003848.5492255678 1943581.5949755742 513296.8241715617 -1.0 -1.0 -1.0 -1.0 -1.0 -1.0 -1.0 -1.0 -1.0 -1.0 -1.0 -1.0 -1.0 -1.0 -1.0 -1.0 -1.0 -1.0 -1.0 -1.0 -1.0 -1.0 -1.0 -1.0 -1.0 -1.0 468917.1706834118 880583.4965485552 709692.5270890101 915079.1742092124
327839.5273369647 319761.5702020657 213307.68855217815 20421.77485317653 -1.0 -1.0 23740.742190332025 229320.76165693064 1054146.2462761295 602454.8916280865 739435.2158990493 844034.5827876289 768060.670955215 519250.9103748918 95167.61786289561 2640.1454988972773 79665.34204999304 109691.80611686445 101867.98825487366 168106.83240254238 394364.1468383077 287812.9932342857 342698.60762506933 470495.2405685906 752002.6832369191 438630.6914746283 586200.2207224445 650830.4570470833 161532.66804587463 81318.51873913834 7476.12453912613 200244.15381245004 67981.65002744805 1595799.6722560208 80160.80860779602 -1.0 -1.0 -1.0 -1.0 -1.0 -1.0 -1.0 -1.0 -1.0 -1.0 -1.0 -1.0 -1.0 -1.0 -1.0 -1.0 -1.0 -1.0 -1.0 -1.0 -1.0 -1.0 -1.0 -1.0 -1.0 -1.0 -1.0 303703.66027120897 566511.6320361024 636838.0581035069 1128849.7323056613
322177.9855251758 321246.6117457669 327421.26093420427 226108.9110693668 -1.0 -1.0 16282.228529651751 87078.85149309109 511247.45374810643 718794.5954488574 684593.0863950568 747871.0776380274 765161.0742483605 651447.7645137664 610770.3209314535 33922.409120114185 35593.692065809606 104639.80028023303 136454.615408382 168671.12692126384 288640.0073045717 360383.69481835 387342.7757590989 429907.8224435766 486038.85962460394 432084.62614747096 853169.6746161723 914212.9683655436 772990.6804753212 77597.32473369116 7515.50342989009 274749.3756674254 762781.1195725043 1067786.3497876476 -1.0 -1.0 -1.0 -1.0 -1.0 -1.0 -1.0 -1.0 -1.0 -1.0 -1.0 -1.0 -1.0 -1.0 -1.0 -1.0 -1.0 -1.0 -1.0 -1.0 -1.0 -1.0 -1.0 -1.0 -1.0 -1.0 -1.0 -1.0 143812.56134689943 901168.2701952439 936914.8408258535 936521.2724530397
71854.98141673314 92298.19916965863 297842.5387282753 326620.2266976138 191815.87110165352 -1.0 -1.0 -1.0 73468.85514467164 397100.4744207346 578094.6056247609 722738.1589864944 775132.0962215734 895155.1896813854 800086.5572454445 371234.13888927305 182299.5218092326 4032.6646309465787 149448.16166094717 222742.73186444305 1142019.1850125955 344328.87527127774 475258.5109546237 389060.2008538727 506335.28711843817 477307.9209932872 748278.3805619007 857190.0606975324 979608.7628086577 701877.536302162 6365.173608686159 6365.17360787514 580106.4394435216 940028.1401641148 -1.0 -1.0 -1.0 -1.0 -1.0 -1.0 -1.0 -1.0 -1.0 -1.0 -1.0 -1.0 -1.0 -1.0 -1.0 -1.0 -1.0 -1.0 -1.0 -1.0 -1.0 -1.0 -1.0 -1.0 -1.0 -1.0 -1.0 -1.0 -1.0 320945.0330200978 473053.7983498821 913091.2839423823
-1.0 -1.0 45376.162138427455 242477.90845988094 367904.1980079447 85297.42768457752 -1.0 -1.0 -1.0 193802.17791767707 738396.507289973 803249.0217333601 893285.7386905219 806881.99427761 1018827.9171765522 1049654.9584259528 745661.3794928811 140059.3221735636 296792.760576838 334025.7976757062 459966.53123097244 232351.1161396564 434464.7312269924 434371.4992701082 508619.76068254554 609757.0125888467 934897.5576821923 860794.6565982238 789008.8756973516 735982.4016041927 268993.5512345989 429047.4173436901 157204.4211384304 993878.0556885424 -1.0 -1.0 -1.0 -1.0 -1.0 -1.0 -1.0 -1.0 -1.0 -1.0 -1.0 -1.0 -1.0 -1.0 -1.0 -1.0 -1.0 -1.0 -1.0 -1.0 -1.0 -1.0 -1.0 -1.0 -1.0 -1.0 -1.0 -1.0 -1.0 -1.0 523929.16197744006 1145004.8969164004
-1.0 -1.0 -1.0 63566.10972095675 343533.1522884205 215760.73867217495 -1.0 -1.0 -1.0 218628.80017816857 430173.57113822666 697544.9228333553 829236.7695982013 704408.0660538512 1205495.014938799 1276151.23486696 786291.2055682627 182575.75732751095 177254.64455960508 176445.80102196502 310194.6310531523 115645.01072475634 434555.0926372796 234649.09574171412 391164.6686829416 681946.4227089392 1020789.7111462312 743697.5092178135 574963.4095988242 891912.7728777804 856930.6657075862 588588.1553343431 229624.86402317355 472975.92428340344 -1.0 -1.0 -1.0 -1.0 -1.0 -1.0 -1.0 -1.0 -1.0 -1.0 -1.0 -1.0 -1.0 -1.0 -1.0 -1.0 -1.0 -1.0 -1.0 -1.0 -1.0 -1.0 -1.0 -1.0 -1.0 -1.0 -1.0 -1.0 -1.0 -1.0 49187.99467925004 640084.9722459718
-1.0 -1.0 -1.0 74460.88346960278 319292.8660114704 344773.55615118396 78229.39969097484 -1.0 -1.0 -1.0 18565.189195641706 228749.3719060709 698952.7900903183 940200.6080501905 1139349.7900564212 1281474.0953790399 976952.5639876084 154972.20996004672 134423.21595677765 220978.8761100069 293412.51648300834 196900.452429484 319301.1192264569 544816.1764880676 587150.8491882738 562125.8536845952 1055732.315971403 1321150.01926728 554053.5364003903 831293.7976784514 799211.6408349734 738543.1107469851 927328.0638613008 284707.7464033474 -1.0 -1.0 -1.0 -1.0 -1.0 -1.0 -1.0 -1.0 -1.0 -1.0 -1.0 -1.0 -1.0 -1.0 -1.0 -1.0 -1.0 -1.0 -1.0 -1.0 -1.0 -1.0 -1.0 -1.0 -1.0 -1.0 -1.0 -1.0 -1.0 -1.0 -1.0 364142.763372842
-1.0 -1.0 -1.0 34957.798671535296 226921.03716089463 334557.17795946443 246048.33329351823 -1.0 -1.0 -1.0 -1.0 66259.63074134452 363727.55456900917 762580.2038540336 1133107.3496885102 1172460.7302479444 1328453.5678203844 632120.6128121706 268440.9231097841 102825.52558269649 100646.36329439603 148316.05927834322 441384.67499905423 830066.0278885982 720696.6034983018 578048.9310194683 695094.7378601898 959959.1507402796 1417806.7875267218 765707.9663462922 898848.8469646224 740410.7142137182 742024.4986234161 -1.0 -1.0 -1.0 -1.0 -1.0 -1.0 -1.0 -1.0 -1.0 -1.0 -1.0 -1.0 -1.0 -1.0 -1.0 -1.0 -1.0 -1.0 -1.0 -1.0 -1.0 -1.0 -1.0 -1.0 -1.0 -1.0 -1.0 -1.0 -1.0 -1.0 -1.0 -1.0 -1.0
-1.0 -1.0 -1.0 -1.0 46260.40262212891 166027.33736698836 327831.87097272626 168115.1849463824 85998.16630917726 -1.0 -1.0 -1.0 -1.0 327193.49346627144 960542.3949070416 1481743.9985352533 1333747.300219072 1216570.1734659234 488972.2250393905 96576.02938865416 111457.51313297394 344257.06388243235 492160.0908569588 736041.3860232948 771296.9009809929 819622.3789874931 857481.4718335683 857656.6182830913 1437493.9741718909 790389.9665582532 561269.988953267 658807.1610066167 427939.71657880675 -1.0 -1.0 -1.0 -1.0 -1.0 -1.0 -1.0 -1.0 -1.0 -1.0 -1.0 -1.0 -1.0 -1.0 -1.0 -1.0 -1.0 -1.0 -1.0 -1.0 -1.0 -1.0 -1.0 -1.0 -1.0 -1.0 -1.0 -1.0 -1.0 -1.0 -1.0 -1.0 -1.0
-1.0 -1.0 -1.0 -1.0 -1.0 -1.0 102093.06187913903 316149.73851207964 300027.4033783843 16634.869967228402 -1.0 -1.0 -1.0 -1.0 347016.09951952007 1146105.0056947162 1528421.9969550548 1399196.5687726408 1086030.843562746 266018.12755190756 197334.7457641192 255276.32408898202 406657.6574911416 606316.5754972212 738457.5868126417 836097.7019554091 673488.0486458607 676859.0300836886 1271773.5354684885 1242293.043763697 982781.9802092939 1330296.5977621651 503840.1559477439 -1.0 -1.0 -1.0 -1.0 -1.0 -1.0 -1.0 -1.0 -1.0 -1.0 -1.0 -1.0 -1.0 -1.0 -1.0 -1.0 -1.0 -1.0 -1.0 -1.0 -1.0 -1.0 -1.0 -1.0 -1.0 -1.0 -1.0 -1.0 -1.0 -1.0 -1.0 -1.0 -1.0
-1.0 -1.0 -1.0 -1.0 -1.0 -1.0 -1.0 64632.98331573785 393890.9517072097 49287.43257125614 -1.0 -1.0 -1.0 -1.0 0.0 441621.5209952854 1140287.1828165834 834311.954682114 1216916.3773638804 1130825.7956275127 670225.4613309217 337684.57992894266 127460.83085324221 508143.10639789613 789963.1172469029 790273.5398495614 669352.9484638287 669097.0524453835 1128497.4824132887 1446745.877998746 1209300.6943237206 1628630.1341624544 498032.32621282054 -1.0 -1.0 -1.0 -1.0 -1.0 -1.0 -1.0 -1.0 -1.0 -1.0 -1.0 -1.0 -1.0 -1.0 -1.0 -1.0 -1.0 -1.0 -1.0 -1.0 -1.0 -1.0 -1.0 -1.0 -1.0 -1.0 -1.0 -1.0 -1.0 120578.40548262603 137823.1690305721 125112.19862079604 139961.115678553
-1.0 -1.0 -1.0 -1.0 -1.0 -1.0 -1.0 -1.0 0.0 -1.0 -1.0 -1.0 -1.0 -1.0 -1.0 -1.0 421302.8751124945 1113951.611965372 1010674.4289762272 736251.1659453362 826135.1958697371 682413.8308659318 189362.10562642218 168419.45310800106 607409.5381940302 606911.6205520802 543142.8218404921 920162.5751152313 852642.1984828438 1182945.8188019912 535793.2749837008 872165.317458573 127273.61329491065 -1.0 -1.0 -1.0 -1.0 -1.0 -1.0 -1.0 -1.0 -1.0 -1.0 -1.0 -1.0 -1.0 -1.0 -1.0 -1.0 -1.0 -1.0 -1.0 -1.0 -1.0 -1.0 -1.0 -1.0 -1.0 -1.0 52604.379532488805 311078.36362033454 679405.4027122651 291243.3904263885 213803.98266897848 517115.1881418066 769404.1526887289
-1.0 -1.0 -1.0 -1.0 -1.0 -1.0 -1.0 -1.0 -1.0 -1.0 -1.0 -1.0 -1.0 -1.0 -1.0 -1.0 13354.016455013063 710912.4721511034 701961.9710228201 977601.9556065046 732472.6594514407 295648.2671580716 643247.3248490306 117166.6962485616 338053.9068353435 677380.7195245074 712783.1060608461 817140.4038821746 726211.6099952577 952638.9356251395 566652.5708323428 671056.3086619846 170836.67474419635 -1.0 -1.0 -1.0 -1.0 -1.0 -1.0 -1.0 -1.0 -1.0 -1.0 -1.0 -1.0 -1.0 -1.0 -1.0 -1.0 -1.0 -1.0 -1.0 -1.0 -1.0 -1.0 -1.0 -1.0 -1.0 -1.0 407639.33420200594 290815.937516735 133876.5912474944 -1.0 17847.63919287197 642874.2602528811 651767.3684062508
-1.0 -1.0 -1.0 -1.0 -1.0 -1.0 -1.0 -1.0 -1.0 -1.0 -1.0 -1.0 -1.0 -1.0 -1.0 -1.0 0.0 49629.83330486556 619643.7922283089 648899.9016837117 870998.242045323 711515.2242145378 415450.3678697755 72927.93835892994 126127.01031199597 673628.9456008046 741105.0728367023 936338.137293717 986488.9698678773 565013.3960785647 28500.98807181851 393001.3361371942 595378.9514547787 199305.37371696002 -1.0 -1.0 -1.0 -1.0 -1.0 -1.0 -1.0 -1.0 -1.0 -1.0 -1.0 -1.0 -1.0 -1.0 -1.0 -1.0 26306.9621420258 91846.70606313039 61141.39130437157 21513.556548957917 -1.0 -1.0 -1.0 -1.0 139512.06578226158 144736.33379300174 -1.0 85890.0870474644 335262.16472772206 -1.0 -1.0 -1.0
-1.0 -1.0 -1.0 -1.0 -1.0 -1.0 -1.0 -1.0 -1.0 -1.0 -1.0 -1.0 -1.0 -1.0 -1.0 -1.0 -1.0 96803.00403542475 600640.2656037371 541305.3164352487 885551.0661258919 442224.94683435356 417102.7484354216 13174.620575697349 189431.7309309867 319450.2334806217 505519.6135541005 388684.14447548625 1409988.490046543 1353155.8183480825 616096.0066231082 227315.43487436432 866349.1932135673 193738.81457395572 -1.0 -1.0 -1.0 -1.0 -1.0 -1.0 -1.0 -1.0 -1.0 -1.0 -1.0 -1.0 -1.0 117945.43943549065 367637.6978287099 338763.4196872558 535610.4711411055 635380.3255599788 547704.9953308341 819716.5393029378 223230.96373262873 -1.0 -1.0 -1.0 -1.0 -1.0 -1.0 -1.0 -1.0 -1.0 -1.0 -1.0
-1.0 -1.0 -1.0 -1.0 -1.0 -1.0 -1.0 -1.0 -1.0 -1.0 -1.0 -1.0 -1.0 -1.0 -1.0 -1.0 -1.0 366820.8033891629 607927.0656635017 797200.8367923835 702648.9707858091 560189.1680442939 536514.3881833345 311289.60172917024 141215.09990344726 159727.51169986324 272445.6584544677 624858.6932856814 410251.7997491457 1263387.2167106238 1787998.1385306024 872516.9936697504 950815.5868185044 104887.09842609336 -1.0 -1.0 -1.0 -1.0 -1.0 -1.0 -1.0 -1.0 -1.0 -1.0 -1.0 -1.0 -1.0 447678.8066621821 641493.2765869289 743049.3299247932 719498.8561556514 694392.1745056184 712681.4546585794 812880.0125557327 107096.59662703033 -1.0 -1.0 -1.0 -1.0 -1.0 -1.0 -1.0 -1.0 -1.0 -1.0 -1.0
-1.0 -1.0 -1.0 -1.0 -1.0 -1.0 -1.0 -1.0 -1.0 -1.0 -1.0 -1.0 -1.0 -1.0 -1.0 -1.0 295819.08232781664 747662.9986185331 711938.7310528959 585324.1338241927 401994.44443706487 695546.4476309873 636465.4351562863 475085.3316794756 266796.99321269605 35027.86805971706 441790.7946136319 415184.88670709473 557100.7789149749 732844.1339794756 1278215.0793621684 1565747.9793387798 1334763.7447678195 140383.21112057887 0.0 -1.0 -1.0 -1.0 -1.0 -1.0 -1.0 -1.0 -1.0 -1.0 -1.0 -1.0 -1.0 702040.7453270532 844060.4596513159 703034.2273154504 832863.5607035359 915457.5008795277 902316.6629859579 219102.77560683887 -1.0 -1.0 -1.0 -1.0 -1.0 -1.0 -1.0 -1.0 -1.0 -1.0 -1.0 -1.0
-1.0 -1.0 -1.0 -1.0 -1.0 -1.0 -1.0 -1.0 -1.0 -1.0 -1.0 -1.0 -1.0 -1.0 -1.0 -1.0 -1.0 437177.4136772538 835063.3422749443 688055.9109916412 545508.6855548162 718249.5257886342 669199.7079019455 1353884.5796486838 1276020.9808038424 998776.2215697216 1509556.7181887731 1078074.8346605527 1036453.0714736268 1071041.147169002 827219.9995567022 1016414.3515222943 1726860.8014840481 1323487.9447814655 1168053.6139612072 123486.56407838929 -1.0 -1.0 -1.0 -1.0 -1.0 -1.0 -1.0 -1.0 -1.0 -1.0 158752.97459001726 1011821.2861172766 942068.5896080536 796668.688770078 966185.4815554793 994525.0265872759 710814.4724471065 75799.941652864 -1.0 -1.0 -1.0 -1.0 -1.0 -1.0 -1.0 -1.0 -1.0 -1.0 -1.0 -1.0
-1.0 -1.0 -1.0 -1.0 -1.0 -1.0 -1.0 -1.0 -1.0 -1.0 -1.0 -1.0 -1.0 -1.0 -1.0 -1.0 -1.0 59154.376286534396 396884.28235248104 593146.9068054138 282919.1612247243 397020.9569664996 69230.56397692724 601868.1674356661 1252743.2210095054 1120359.9540177016 1210196.513718183 1652279.3225093083 1281037.1794279073 2231986.7072606473 1465453.1210593602 604408.6730542954 631413.5829174179 1436341.7762525128 736950.5851291098 185343.07442836653 -1.0 -1.0 -1.0 -1.0 -1.0 -1.0 -1.0 -1.0 -1.0 51191.106291833945 644620.3302802411 883665.2187845391 1028507.7665979235 1088633.44510272 996894.9364674352 769511.786481873 697414.0453872314 -1.0 -1.0 -1.0 -1.0 -1.0 -1.0 -1.0 -1.0 -1.0 -1.0 -1.0 -1.0 -1.0
-1.0 -1.0 -1.0 -1.0 -1.0 -1.0 -1.0 -1.0 -1.0 -1.0 -1.0 -1.0 -1.0 -1.0 -1.0 -1.0 -1.0 -1.0 -1.0 40865.88876646437 361673.0455912639 332273.48456281406 446717.5490121316 650527.7727141659 730863.2466325997 815099.2604333787 830631.635363022 592582.4627606645 1163405.7483361298 766336.3356859551 351497.7521420157 310983.6573251648 462090.30077842413 1476913.3569441054 1207667.8423823456 681059.2159546231 396658.6535033981 206755.22030887712 75428.07285609822 -1.0 -1.0 -1.0 62778.04531519135 306288.0911983702 57990.32801147598 553613.7599254973 1205719.0482667044 1204289.576897949 1102399.3566103631 1168984.548180036 1047494.5697123142 780451.0035179068 567926.1170385274 -1.0 -1.0 -1.0 -1.0 -1.0 -1.0 -1.0 -1.0 -1.0 -1.0 -1.0 -1.0 -1.0
-1.0 -1.0 -1.0 -1.0 -1.0 -1.0 -1.0 -1.0 -1.0 -1.0 -1.0 -1.0 -1.0 -1.0 -1.0 -1.0 -1.0 -1.0 -1.0 -1.0 49763.30123461864 340706.7325264035 765148.4632339572 905425.7818260818 1233863.9264535694 577097.1443847045 813682.1092461662 757668.4241520365 815943.1911857172 870492.5642797707 344602.4206330156 896406.3002488855 973919.1453488304 1368892.0383983683 1589282.895818144 589257.1874798094 599191.6878661935 623399.5112076198 341719.075195229 85967.07635762439 366588.71900172933 384363.0678895942 813399.6591712135 783763.1063057682 701835.4474327568 823482.1125441456 1146974.1131231198 1243114.241148881 1139027.0273019825 1205776.8672950002 840997.9882286119 621758.913088628 228228.55024887956 -1.0 -1.0 -1.0 -1.0 -1.0 -1.0 -1.0 -1.0 -1.0 -1.0 -1.0 -1.0 -1.0
-1.0 -1.0 -1.0 -1.0 -1.0 -1.0 -1.0 -1.0 -1.0 -1.0 -1.0 -1.0 -1.0 -1.0 -1.0 -1.0 -1.0 -1.0 -1.0 -1.0 -1.0 -1.0 -1.0 0.0 379080.2405470029 1022778.9429194523 1414958.5118408161 1035454.0678300315 839312.9064140669 1023037.699460023 739195.066759407 1119064.870204123 1315629.0524783714 1534433.0503715363 1390357.7659779077 1069140.2496676059 577754.5412956232 788771.9444297174 584705.5101836056 868764.680550163 466860.8960229126 631125.9334852253 584624.4949985938 873894.7660058013 699850.5609273934 864997.2556570129 1337958.380867263 1416377.1813226 1294225.4885105002 1293536.8073341001 1038202.1512862301 579301.9889350554 -1.0 -1.0 -1.0 -1.0 -1.0 -1.0 -1.0 -1.0 -1.0 -1.0 -1.0 -1.0 -1.0 -1.0
