critload/trunk/output/1999/ndep_ag.asc
ncols 720
nrows 360
xllcorner -180
yllcorner -90
cellsize 0.5
NODATA_value -1.0
[rows 31 to 61 of 360, columns 426 to 496 of 720]
-1.0 -1.0 -1.0 -1.0 -1.0 -1.0 -1.0 -1.0 -1.0 -1.0 -1.0 -1.0 -1.0 -1.0 -1.0 -1.0 -1.0 -1.0 -1.0 -1.0 -1.0 -1.0 -1.0 -1.0 -1.0 -1.0 -1.0 -1.0 -1.0 -1.0 -1.0 -1.0 -1.0 -1.0 -1.0 -1.0 -1.0 -1.0 -1.0 -1.0 -1.0 -1.0 -1.0 -1.0 0.0 0.0 0.0 0.0 0.0 0.0 0.0 0.0 0.0 -1.0 -1.0 -1.0 -1.0 -1.0 -1.0 -1.0 -1.0 -1.0 -1.0 -1.0 -1.0 -1.0 -1.0 -1.0 -1.0 -1.0 -1.0
-1.0 -1.0 -1.0 -1.0 -1.0 -1.0 -1.0 -1.0 -1.0 -1.0 -1.0 -1.0 -1.0 -1.0 -1.0 -1.0 -1.0 -1.0 -1.0 -1.0 -1.0 -1.0 -1.0 -1.0 -1.0 -1.0 -1.0 -1.0 -1.0 -1.0 -1.0 -1.0 -1.0 -1.0 -1.0 -1.0 -1.0 -1.0 -1.0 -1.0 -1.0 -1.0 0.0 0.0 0.0 0.0 0.0 0.0 0.0 0.0 0.0 -1.0 -1.0 -1.0 -1.0 -1.0 -1.0 -1.0 -1.0 -1.0 -1.0 -1.0 -1.0 -1.0 -1.0 -1.0 -1.0 -1.0 -1.0 -1.0 -1.0
-1.0 -1.0 -1.0 -1.0 -1.0 -1.0 -1.0 -1.0 -1.0 -1.0 -1.0 -1.0 -1.0 -1.0 -1.0 -1.0 -1.0 -1.0 -1.0 -1.0 -1.0 -1.0 -1.0 -1.0 -1.0 -1.0 -1.0 -1.0 -1.0 -1.0 -1.0 -1.0 -1.0 -1.0 -1.0 -1.0 -1.0 -1.0 -1.0 -1.0 -1.0 0.0 0.0 0.0 0.0 0.0 0.0 0.0 0.0 -1.0 -1.0 -1.0 -1.0 -1.0 -1.0 -1.0 -1.0 -1.0 -1.0 -1.0 -1.0 -1.0 -1.0 -1.0 -1.0 -1.0 -1.0 -1.0 -1.0 -1.0 -1.0
-1.0 -1.0 -1.0 -1.0 -1.0 -1.0 -1.0 -1.0 -1.0 -1.0 -1.0 -1.0 -1.0 -1.0 -1.0 -1.0 -1.0 -1.0 -1.0 -1.0 -1.0 -1.0 -1.0 -1.0 -1.0 -1.0 -1.0 -1.0 -1.0 -1.0 -1.0 -1.0 -1.0 -1.0 -1.0 -1.0 -1.0 -1.0 -1.0 0.0 0.0 0.0 0.0 0.0 0.0 0.0 0.0 -1.0 -1.0 -1.0 -1.0 -1.0 -1.0 -1.0 -1.0 -1.0 -1.0 -1.0 -1.0 -1.0 -1.0 -1.0 -1.0 -1.0 -1.0 -1.0 -1.0 -1.0 -1.0 -1.0 -1.0
-1.0 -1.0 -1.0 -1.0 -1.0 -1.0 -1.0 -1.0 -1.0 -1.0 -1.0 -1.0 -1.0 -1.0 -1.0 -1.0 -1.0 -1.0 -1.0 -1.0 -1.0 -1.0 -1.0 -1.0 -1.0 -1.0 -1.0 -1.0 -1.0 -1.0 -1.0 -1.0 -1.0 -1.0 -1.0 -1.0 -1.0 -1.0 -1.0 0.0 0.0 0.0 0.0 0.0 0.0 0.0 -1.0 -1.0 -1.0 -1.0 -1.0 -1.0 -1.0 -1.0 -1.0 -1.0 -1.0 -1.0 -1.0 -1.0 -1.0 -1.0 -1.0 -1.0 -1.0 -1.0 -1.0 -1.0 -1.0 -1.0 -1.0
-1.0 -1.0 -1.0 -1.0 -1.0 -1.0 -1.0 -1.0 -1.0 -1.0 -1.0 -1.0 -1.0 -1.0 -1.0 -1.0 -1.0 -1.0 -1.0 -1.0 -1.0 -1.0 -1.0 -1.0 -1.0 -1.0 -1.0 -1.0 -1.0 -1.0 -1.0 -1.0 -1.0 -1.0 -1.0 -1.0 -1.0 0.0 0.0 0.0 0.0 0.0 0.0 0.0 0.0 0.0 -1.0 -1.0 -1.0 -1.0 -1.0 -1.0 -1.0 -1.0 -1.0 -1.0 -1.0 -1.0 -1.0 -1.0 -1.0 -1.0 -1.0 -1.0 -1.0 -1.0 -1.0 -1.0 -1.0 -1.0 0.0
-1.0 -1.0 -1.0 -1.0 -1.0 -1.0 -1.0 -1.0 -1.0 -1.0 -1.0 -1.0 -1.0 -1.0 -1.0 -1.0 -1.0 -1.0 -1.0 -1.0 -1.0 -1.0 -1.0 -1.0 -1.0 -1.0 -1.0 -1.0 -1.0 -1.0 -1.0 -1.0 -1.0 -1.0 -1.0 -1.0 -1.0 -1.0 0.0 0.0 0.0 0.0 0.0 0.0 0.0 0.0 0.0 -1.0 -1.0 -1.0 -1.0 -1.0 -1.0 -1.0 -1.0 -1.0 -1.0 -1.0 -1.0 -1.0 -1.0 -1.0 -1.0 -1.0 -1.0 -1.0 -1.0 0.0 0.0 0.0 0.0
-1.0 -1.0 -1.0 -1.0 -1.0 -1.0 -1.0 -1.0 -1.0 -1.0 -1.0 -1.0 -1.0 -1.0 -1.0 -1.0 -1.0 -1.0 -1.0 -1.0 -1.0 -1.0 -1.0 -1.0 -1.0 -1.0 -1.0 -1.0 -1.0 -1.0 -1.0 -1.0 -1.0 -1.0 -1.0 -1.0 -1.0 -1.0 -1.0 -1.0 -1.0 0.0 0.0 0.0 0.0 0.0 0.0 0.0 0.0 -1.0 -1.0 -1.0 -1.0 -1.0 -1.0 -1.0 -1.0 -1.0 -1.0 -1.0 -1.0 -1.0 -1.0 -1.0 -1.0 -1.0 -1.0 0.0 0.0 0.0 0.0
-1.0 -1.0 -1.0 -1.0 -1.0 -1.0 -1.0 -1.0 -1.0 -1.0 -1.0 -1.0 -1.0 -1.0 -1.0 -1.0 -1.0 -1.0 -1.0 -1.0 -1.0 -1.0 -1.0 -1.0 -1.0 -1.0 -1.0 -1.0 -1.0 -1.0 -1.0 -1.0 -1.0 -1.0 -1.0 -1.0 -1.0 -1.0 -1.0 -1.0 -1.0 -1.0 -1.0 -1.0 -1.0 -1.0 -1.0 -1.0 -1.0 -1.0 -1.0 0.0 0.0 0.0 -1.0 -1.0 -1.0 -1.0 -1.0 -1.0 -1.0 -1.0 -1.0 -1.0 -1.0 -1.0 -1.0 -1.0 0.0 0.0 0.0
-1.0 -1.0 -1.0 -1.0 -1.0 -1.0 -1.0 -1.0 -1.0 -1.0 -1.0 -1.0 -1.0 -1.0 -1.0 -1.0 -1.0 -1.0 -1.0 -1.0 -1.0 -1.0 -1.0 -1.0 -1.0 -1.0 -1.0 -1.0 -1.0 -1.0 -1.0 -1.0 -1.0 -1.0 -1.0 -1.0 -1.0 -1.0 -1.0 -1.0 -1.0 -1.0 -1.0 -1.0 -1.0 -1.0 -1.0 -1.0 -1.0 -1.0 -1.0 0.0 0.0 0.0 0.0 0.0 0.0 0.0 0.0 0.0 -1.0 -1.0 -1.0 -1.0 -1.0 -1.0 -1.0 0.0 0.0 0.0 0.0
0.0 0.0 0.0 0.0 707.0826874493467 0.0 0.0 -1.0 -1.0 -1.0 -1.0 -1.0 -1.0 -1.0 -1.0 -1.0 -1.0 -1.0 -1.0 -1.0 -1.0 -1.0 -1.0 -1.0 -1.0 -1.0 -1.0 -1.0 -1.0 -1.0 0.0 0.0 0.0 0.0 0.0 -1.0 -1.0 -1.0 -1.0 -1.0 -1.0 -1.0 -1.0 -1.0 -1.0 -1.0 -1.0 -1.0 -1.0 -1.0 -1.0 -1.0 -1.0 -1.0 0.0 0.0 0.0 0.0 0.0 0.0 0.0 0.0 0.0 0.0 0.0 -1.0 -1.0 -1.0 0.0 -1.0 0.0
0.0 0.0 0.0 0.0 2882.15830265498 2262.8373568140587 4326.286604364576 5719.959577004781 5809.380028632411 0.0 -1.0 -1.0 -1.0 -1.0 -1.0 -1.0 -1.0 -1.0 -1.0 -1.0 0.0 -1.0 -1.0 -1.0 -1.0 -1.0 -1.0 -1.0 -1.0 -1.0 0.0 175.81820062069926 519.1929804804432 0.0 -1.0 -1.0 -1.0 -1.0 -1.0 0.0 0.0 0.0 -1.0 -1.0 -1.0 -1.0 -1.0 -1.0 -1.0 0.0 0.0 0.0 0.0 -1.0 -1.0 0.0 0.0 0.0 0.0 0.0 0.0 0.0 0.0 0.0 0.0 0.0 0.0 0.0 0.0 -1.0 -1.0
0.0 0.0 0.0 0.0 0.0 0.0 0.0 4436.060965818081 5771.424893166035 5939.25015027041 5884.391222181199 3635.396278672827 0.0 0.0 -1.0 -1.0 -1.0 -1.0 -1.0 -1.0 -1.0 0.0 0.0 0.0 0.0 0.0 0.0 -1.0 -1.0 -1.0 -1.0 -1.0 -1.0 -1.0 0.0 0.0 0.0 0.0 0.0 0.0 0.0 0.0 0.0 0.0 0.0 0.0 0.0 0.0 0.0 0.0 0.0 0.0 0.0 0.0 0.0 0.0 0.0 0.0 0.0 0.0 0.0 0.0 0.0 0.0 0.0 0.0 0.0 0.0 0.0 0.0 0.0
429.6823690745674 0.0 0.0 0.0 0.0 0.0 0.0 0.0 0.0 6764.068601577606 6365.249119702813 6415.136786901889 0.0 0.0 0.0 0.0 -1.0 -1.0 -1.0 -1.0 -1.0 -1.0 0.0 0.0 0.0 0.0 0.0 -1.0 -1.0 0.0 0.0 0.0 0.0 0.0 0.0 0.0 0.0 0.0 0.0 0.0 0.0 0.0 0.0 0.0 0.0 0.0 0.0 0.0 0.0 0.0 0.0 0.0 0.0 0.0 0.0 0.0 0.0 0.0 0.0 0.0 0.0 0.0 0.0 0.0 0.0 0.0 0.0 0.0 0.0 0.0 0.0
0.0 0.0 0.0 0.0 0.0 0.0 0.0 0.0 2476.9084795406256 0.0 6742.468343895908 0.0 0.0 0.0 0.0 0.0 0.0 -1.0 -1.0 -1.0 -1.0 0.0 1030.762404868586 1017.5326475435293 0.0 0.0 -1.0 -1.0 -1.0 1366.6388162479984 0.0 0.0 0.0 0.0 0.0 0.0 0.0 0.0 0.0 0.0 0.0 0.0 0.0 0.0 0.0 0.0 0.0 0.0 0.0 0.0 0.0 0.0 0.0 0.0 0.0 0.0 0.0 0.0 0.0 0.0 0.0 0.0 0.0 0.0 0.0 0.0 0.0 0.0 0.0 0.0 0.0
0.0 0.0 0.0 0.0 0.0 0.0 0.0 0.0 0.0 0.0 0.0 0.0 0.0 0.0 0.0 0.0 0.0 -1.0 -1.0 -1.0 -1.0 -1.0 -1.0 0.0 0.0 0.0 0.0 0.0 0.0 0.0 0.0 0.0 0.0 0.0 0.0 0.0 0.0 0.0 0.0 0.0 0.0 0.0 0.0 0.0 0.0 0.0 0.0 0.0 0.0 0.0 0.0 0.0 0.0 0.0 0.0 0.0 0.0 0.0 0.0 0.0 0.0 0.0 0.0 0.0 0.0 0.0 0.0 0.0 0.0 0.0 0.0
0.0 0.0 0.0 -1.0 0.0 0.0 0.0 0.0 0.0 0.0 0.0 0.0 0.0 242.8231225665553 0.0 -1.0 0.0 0.0 0.0 0.0 0.0 0.0 1410.7957305033808 0.0 0.0 0.0 0.0 0.0 0.0 0.0 0.0 0.0 0.0 0.0 0.0 0.0 0.0 0.0 0.0 0.0 0.0 0.0 0.0 0.0 0.0 0.0 0.0 0.0 0.0 0.0 0.0 0.0 0.0 0.0 0.0 0.0 0.0 0.0 0.0 0.0 0.0 0.0 0.0 0.0 0.0 0.0 0.0 0.0 0.0 0.0 0.0
0.0 0.0 9951.099599333469 5084.123237901869 -1.0 -1.0 -1.0 -1.0 -1.0 -1.0 -1.0 -1.0 -1.0 0.0 0.0 0.0 0.0 0.0 0.0 0.0 0.0 0.0 0.0 0.0 0.0 0.0 0.0 0.0 0.0 0.0 0.0 0.0 0.0 0.0 0.0 0.0 0.0 0.0 0.0 0.0 0.0 0.0 0.0 0.0 0.0 0.0 0.0 0.0 0.0 0.0 0.0 0.0 0.0 0.0 0.0 0.0 0.0 0.0 0.0 0.0 0.0 0.0 0.0 0.0 0.0 0.0 0.0 0.0 0.0 0.0 0.0
0.0 0.0 1263.974824381956 0.0 -1.0 0.0 -1.0 0.0 0.0 0.0 -1.0 -1.0 -1.0 873.691543257262 4490.433584583442 0.0 0.0 0.0 0.0 0.0 0.0 0.0 0.0 0.0 0.0 0.0 0.0 0.0 0.0 0.0 0.0 0.0 0.0 0.0 0.0 0.0 0.0 0.0 0.0 0.0 0.0 0.0 0.0 0.0 0.0 0.0 0.0 0.0 0.0 0.0 0.0 0.0 0.0 0.0 0.0 0.0 0.0 0.0 0.0 0.0 0.0 0.0 0.0 0.0 0.0 0.0 0.0 0.0 0.0 0.0 0.0
0.0 0.0 0.0 72192.9139507741 -1.0 -1.0 -1.0 1601.79562394118 0.0 0.0 2342.9586959089725 0.0 8989.410539548275 3165.4707140724518 63547.21917433932 74378.0770959193 0.0 0.0 0.0 0.0 0.0 0.0 0.0 0.0 0.0 0.0 0.0 0.0 0.0 0.0 0.0 0.0 0.0 0.0 0.0 0.0 0.0 0.0 0.0 0.0 0.0 0.0 0.0 0.0 0.0 0.0 0.0 0.0 0.0 0.0 0.0 0.0 0.0 0.0 0.0 0.0 0.0 0.0 0.0 0.0 0.0 0.0 0.0 0.0 0.0 0.0 0.0 0.0 0.0 0.0 0.0
0.0 0.0 30187.682188694405 19095.70425348427 11082.58291442478 11027.385097137727 12021.994098393401 -1.0 1144.212989558528 3947.3758369207967 3803.063906518977 0.0 0.0 11389.32299634441 11422.049040580077 108295.45438849821 32033.34794839173 90426.27572564885 0.0 0.0 0.0 0.0 0.0 0.0 0.0 0.0 0.0 0.0 0.0 0.0 0.0 0.0 0.0 0.0 0.0 0.0 0.0 0.0 0.0 0.0 0.0 0.0 0.0 0.0 0.0 0.0 0.0 0.0 0.0 0.0 0.0 0.0 0.0 0.0 0.0 0.0 0.0 0.0 0.0 0.0 0.0 0.0 0.0 0.0 0.0 0.0 0.0 0.0 0.0 0.0 0.0
7184.703089092262 0.0 38198.503565652245 19848.18020877441 13543.365015102947 0.0 13337.499173034135 0.0 13227.739892754591 13336.8957618784 40950.708153271094 0.0 0.0 0.0 0.0 13395.88385244415 12700.890143992518 117117.10882363969 0.0 0.0 0.0 0.0 0.0 0.0 0.0 0.0 0.0 0.0 0.0 0.0 0.0 0.0 0.0 0.0 0.0 0.0 0.0 0.0 0.0 0.0 0.0 0.0 0.0 0.0 0.0 0.0 0.0 0.0 0.0 0.0 0.0 0.0 0.0 0.0 0.0 0.0 0.0 0.0 0.0 0.0 0.0 0.0 0.0 0.0 0.0 0.0 0.0 0.0 0.0 0.0 0.0
21819.56220670818 26588.09789960432 53046.55928754702 29663.822738783034 29434.103332590665 27518.12513483599 13692.311066746355 0.0 0.0 0.0 0.0 0.0 0.0 0.0 40767.097887608375 13654.076903086836 27430.0216169983 65619.21542561527 127115.44951446964 39601.27938715891 0.0 0.0 0.0 0.0 0.0 0.0 0.0 0.0 0.0 0.0 0.0 0.0 0.0 0.0 0.0 0.0 0.0 0.0 0.0 0.0 0.0 0.0 0.0 0.0 0.0 0.0 0.0 0.0 0.0 0.0 0.0 0.0 0.0 0.0 0.0 0.0 0.0 0.0 0.0 0.0 0.0 0.0 0.0 0.0 0.0 0.0 0.0 0.0 0.0 0.0 0.0
31109.741197110114 37805.266428114905 80527.58586254652 80574.38119399831 47380.47642981788 62061.80741344764 31938.45967009286 0.0 0.0 0.0 0.0 9795.093689620086 0.0 16164.816539926378 79313.6773792128 47863.94392400385 16018.30412253041 16246.124119162341 16018.30412253041 122768.05276138558 121431.4118834261 78797.97878594717 0.0 0.0 0.0 0.0 0.0 0.0 0.0 0.0 0.0 0.0 0.0 0.0 0.0 0.0 0.0 0.0 0.0 0.0 0.0 0.0 0.0 0.0 0.0 0.0 0.0 0.0 0.0 0.0 0.0 0.0 0.0 0.0 0.0 0.0 0.0 0.0 0.0 0.0 0.0 0.0 0.0 0.0 0.0 0.0 0.0 0.0 0.0 0.0 0.0
26684.6597186607 52349.52959420028 60559.180315090896 18176.24364554565 57835.65694771907 36796.13263169568 32513.84077456752 16391.886373437934 0.0 0.0 0.0 0.0 32891.32015298731 16357.883800367736 16301.321359804298 0.0 0.0 16336.973803588719 0.0 32226.471761333378 16304.950088334463 79372.09937462119 61731.98134772249 89280.54116180957 89272.95260068071 15338.422859647744 0.0 0.0 0.0 0.0 0.0 0.0 0.0 0.0 101808.58348395473 0.0 0.0 0.0 0.0 0.0 0.0 0.0 0.0 0.0 0.0 0.0 0.0 0.0 0.0 0.0 0.0 0.0 0.0 0.0 0.0 0.0 0.0 0.0 0.0 0.0 0.0 0.0 0.0 0.0 0.0 0.0 0.0 0.0 0.0 0.0 0.0
48765.17477196788 79304.20753911452 198823.71410174482 47577.6251816184 2445.338616755461 0.0 141003.10367337492 95911.08815656626 58381.36109620529 19372.974789861408 19563.597031361154 58241.089162923665 39765.5307800609 0.0 37128.971110382874 19617.007152091774 0.0 0.0 19530.351972588604 58433.77446643527 19144.88409512777 19063.299481515896 18303.55572959913 18303.55572959913 171252.1041351477 118424.58705020646 52391.356038632664 17769.348419112794 0.0 0.0 131397.6085070847 83404.06456219625 31902.995152452597 16016.69145888093 43153.965620246956 195059.0811690201 59751.204964539 73972.78198264581 57378.30235189901 0.0 0.0 0.0 0.0 0.0 0.0 0.0 0.0 0.0 0.0 0.0 0.0 0.0 0.0 0.0 0.0 0.0 0.0 0.0 0.0 0.0 0.0 0.0 0.0 0.0 0.0 0.0 0.0 0.0 0.0 0.0 0.0
84139.44682922449 62799.76084813401 61270.42684771595 153870.11074654045 270995.4115321336 36471.644053779906 89102.61981859565 197015.51750056897 19844.055688141776 18343.70008192455 20148.6802321783 62424.59830325936 40410.91793130986 60777.18543862801 97513.44105412775 40080.584353432794 39814.97828022563 39949.21684279449 155074.10030746803 78823.72252768798 96524.46552881863 57692.967406522446 37450.84621228219 111877.10295905154 36438.81691048424 54750.83430248255 70490.8854572645 241895.6122543235 80863.68774855936 69501.99762531197 67876.60799289666 33848.50263038088 0.0 0.0 15887.7743529956 15763.126410665238 15374.186437974686 30871.590395662228 15107.768025070922 15027.72434483255 0.0 0.0 14938.241643937145 0.0 0.0 14851.89405766122 14376.978332335619 0.0 0.0 0.0 0.0 0.0 0.0 0.0 0.0 0.0 0.0 0.0 0.0 0.0 0.0 0.0 0.0 0.0 0.0 0.0 0.0 0.0 0.0 0.0 0.0
363799.3241953574 230124.4271330212 283264.92893720267 256494.02160374136 160577.55446464175 250052.44571614236 322044.54485600576 209958.3880783264 185047.16831441168 118034.58016009598 120519.40760108727 146259.84959617714 85046.81704938396 171061.47276513625 143074.57118704598 72224.25389530146 93945.2513275531 164755.5620908341 115141.95590126613 69211.68569128333 224219.88210598956 90064.79845915873 65565.74263748818 109502.89270639075 64307.057290108416 64434.27200600028 144746.48223061516 127972.4894969862 165848.93694531245 145794.25635545957 100793.89059207066 20148.43345598686 58461.321181057734 96441.70965368967 18711.612565918804 0.0 18350.08747701972 0.0 0.0 17815.042437357635 0.0 0.0 0.0 0.0 0.0 0.0 16885.574119614772 0.0 0.0 0.0 0.0 0.0 0.0 0.0 0.0 0.0 0.0 0.0 0.0 0.0 0.0 2787.5499997780003 0.0 5922.583532457735 0.0 0.0 0.0 0.0 0.0 0.0 0.0
222586.5565086723 172520.30794363446 97599.01931076952 48613.7558179828 120268.8703680168 72063.98506142305 95156.97083405695 213351.19001127864 201551.9089812171 188445.29342512542 215373.5536601659 242088.5790993684 190522.42688701118 198226.73154842568 317071.23269446974 317356.7259854574 214839.4883939812 237926.07679165286 116926.55792861545 117566.36517369426 205421.30859159198 250880.1850650117 220777.6420426833 88777.35437684818 21903.15172769367 87317.2309647528 64823.44543656429 64720.51975101479 104533.61156059064 125803.09478689036 142073.67525606844 60965.109807962996 59264.9002491759 137603.4718204841 19299.90880058538 0.0 0.0 0.0 18127.329797467988 18013.071529247292 72267.01317257558 18132.93764700667 107804.98414651821 35950.03472935293 35814.81776057784 69879.65550206906 203553.2693011939 68909.12323873941 16472.247275312126 0.0 0.0 0.0 0.0 0.0 0.0 0.0 0.0 0.0 0.0 0.0 0.0 0.0 9347.71459017451 11770.695391514859 0.0 0.0 0.0 0.0 0.0 0.0 0.0
168891.11317192815 192320.5022254581 138751.36288325727 167421.60494893446 250123.83672658808 193500.30184556608 221845.7820890622 250732.9847905992 422701.18557078904 468942.31142493035 478929.8322364653 439793.5988624274 372068.461491617 566857.6432823031 485165.118174141 314319.07420705113 304080.2688233457 305159.67736332654 349897.8964324081 375152.1419241743 181730.9151924525 129885.33810578306 76580.80912378107 126900.24649398541 251754.6799034339 125817.25175976972 50064.34861952289 25056.715732869878 0.0 73790.73166550907 119615.53906145436 120078.45297568232 117551.55269809139 23646.368833730874 0.0 22838.949965380216 0.0 22073.944628689263 171818.9782103412 323802.46169749397 191167.24029734492 42416.755849940884 84706.20212533697 63392.75669152064 42053.665111280534 42033.12416199266 141177.32369233097 233593.0816601662 95372.38471413674 19084.053429724314 0.0 0.0 0.0 0.0 0.0 12929.649642780776 0.0 0.0 13817.516852597942 0.0 16275.561414152513 16356.545339893855 0.0 16230.22605010131 15900.932418005334 0.0 3232.0849885690045 0.0 0.0 0.0 0.0
172563.99439471337 227947.59735283733 142129.722183028 169386.82144626862 252889.10741750998 223696.80887555573 28112.953694820815 451807.99824450084 513883.75728646095 583705.2127618893 580798.0002066346 751739.6032790566 501990.92136426084 920367.5114586732 575128.7116133883 435831.7991873154 478193.07446819026 421761.36611925357 410091.84551532794 299969.9094298063 132282.46727863245 105825.84330436686 51520.3206528436 25823.625799519505 25486.11519409011 51223.101041972266 51223.186085773305 76823.83280361751 25198.480405646005 75289.70910534027 48923.65827969585 121103.64505516944 166726.88782782113 47358.214681484715 46578.312870400856 139478.3322499275 67622.36885036273 45274.978450190014 195339.57022638986 131040.71973778841 130053.35081852814 43111.49260344837 128733.20065572526 169650.36234220525 85436.26690113555 41947.48423010338 159084.89167471914 203764.63651228763 172955.8459580033 0.0 0.0 0.0 0.0 0.0 17116.208326852346 17199.6970044676 16396.98139450208 49634.83081876982 16552.39741357581 0.0 14575.648718353763 16518.06162419595 49295.446542737154 32984.31204355143 32194.296766275518 48173.81157367705 77718.18318463626 62250.22215355025 14953.676973250936 0.0 0.0
