critload/trunk/output/1999/ndep_nat.asc
ncols 720
nrows 360
xllcorner -180
yllcorner -90
cellsize 0.5
NODATA_value -1.0
[rows 87 to 115 of 360, columns 330 to 395 of 720]
-1.0 -1.0 -1.0 -1.0 -1.0 -1.0 -1.0 -1.0 -1.0 -1.0 -1.0 -1.0 -1.0 -1.0 -1.0 -1.0 -1.0 -1.0 -1.0 -1.0 -1.0 -1.0 -1.0 -1.0 -1.0 -1.0 198402.4062870018 572627.4823984907 828436.4148733481 1231959.9724587582 2196793.6051635644 1506625.6173973468 1118848.3553333022 1244516.621637085 769209.9949211552 676694.3513864413 429937.41092579666 985865.4287227223 891885.5460026836 1732870.6474140058 2045845.8913174246 3299221.237410735 3074483.034137899 3853507.859270665 3118416.0722199297 2113814.8062252803 1823687.3173192139 4060839.5197384153 2710142.5465946505 1506680.0573701367 1706830.0725399482 1586777.6347572198 3200627.516409945 2591886.813442836 2428752.384136437 1964773.502957824 1846770.5654534497 2994082.365563382 2453088.6372715766 2240544.9180184645 1969675.5667657466 1406467.382544486 696154.0918570802 450121.4084581801 1210609.8439418331 1364063.4846439487
-1.0 -1.0 -1.0 -1.0 -1.0 -1.0 -1.0 -1.0 -1.0 -1.0 -1.0 -1.0 -1.0 -1.0 -1.0 -1.0 -1.0 -1.0 -1.0 -1.0 -1.0 -1.0 -1.0 -1.0 -1.0 -1.0 -1.0 97816.74734513044 590380.3578013919 1196300.2328494296 1458541.4424679093 1403397.386875092 1235217.0952000113 2927565.5923005636 2685144.012409407 2339049.848739017 1230794.9290973865 3181341.4503309317 602876.2974149565 1494432.9874518756 899891.8488300298 2663422.4398131645 3349011.5417265524 3372271.02725946 1300331.5033461582 1425695.0635154361 2244348.7787579075 1523109.6111911268 2468932.583877118 1712854.2737767329 2219454.8410897143 2562114.1633452834 2020208.0799749703 1397940.608244569 457261.36923365394 422267.4719974166 144169.35428931532 1220351.383156386 2263980.552694934 2262764.713670244 1558035.9002669489 863003.0731095412 492193.47044344846 669096.9929429223 897312.6141464317 668170.9238219693
-1.0 -1.0 -1.0 -1.0 -1.0 -1.0 -1.0 -1.0 -1.0 -1.0 -1.0 -1.0 -1.0 -1.0 -1.0 -1.0 -1.0 -1.0 -1.0 -1.0 -1.0 -1.0 -1.0 -1.0 -1.0 -1.0 -1.0 532297.811110811 920952.9852061977 1465934.2187380472 1850028.6887342809 2190856.8886759086 1501642.175261542 2305812.2335106307 2707304.5055341716 1803595.9424262596 2238393.2060867148 2678135.5320627694 2142431.228098318 2129838.21751071 2257641.0468319044 3525201.3857000587 3009275.376037726 2670332.18006043 2231094.0759090898 1160729.8338423632 109972.66097647922 148988.70176777267 602476.7037138564 205203.3876135093 169336.6379590569 571946.2315113322 246772.48249224896 253358.97750574403 552192.8868345816 79031.15475785224 -1.0 339491.9701303318 941697.2955375476 1697370.4452374915 2290597.9717936073 1199792.9840002966 1468854.6772047803 880164.5980784226 823718.5366160825 680142.341022666
-1.0 -1.0 -1.0 -1.0 -1.0 -1.0 -1.0 -1.0 -1.0 -1.0 -1.0 -1.0 -1.0 -1.0 -1.0 -1.0 -1.0 -1.0 -1.0 -1.0 -1.0 -1.0 -1.0 -1.0 -1.0 -1.0 -1.0 550519.0672255269 1705528.4950947193 354807.92316066945 428822.78391774645 1943763.3211683421 2320860.4619018426 1936480.658928119 1489427.1751138035 1851228.6012401972 2360475.9820671147 2655076.1867892724 2823580.861042288 2207395.0883538374 2746257.831228548 2740781.791688462 2286450.9300943194 2682041.469897055 1285725.4701835914 133074.7010880595 618891.1524518932 1065056.7612586597 2058530.0311274303 1652967.3272615832 484088.75807238504 406823.00931449997 259765.80151510544 135042.3321402731 394693.33428635536 -1.0 -1.0 20971.343894828235 282043.34047684126 125118.66861782757 1756175.0650415241 1423012.7936093595 1317356.4276262368 1087874.4904377465 1183652.4516542046 810199.0795813681
-1.0 -1.0 -1.0 -1.0 -1.0 -1.0 -1.0 -1.0 -1.0 -1.0 -1.0 -1.0 -1.0 -1.0 -1.0 -1.0 -1.0 -1.0 -1.0 -1.0 -1.0 -1.0 -1.0 -1.0 -1.0 -1.0 -1.0 1207015.6240683494 2377384.2456836402 2378224.9662485537 1292868.121819364 653597.6248870805 641162.8120651287 1951115.8299352445 1011517.4994918472 1304286.8614045554 2777540.643117157 3360893.606392324 2272780.790568347 982870.8659248158 2322417.916047256 2581974.5152894664 2724655.5288677234 2255829.6523643346 1873674.8820857715 1633496.6354157878 2134636.51667191 788916.4852577761 919951.5125282566 2307094.96589747 3060664.371319649 2400152.156812317 1822641.3367586676 880048.3439605078 176616.2451793315 8183.429960026885 -1.0 -1.0 -1.0 -1.0 682335.8837835615 936344.2031600336 1201572.954551681 1515886.7504419922 1688114.418163634 1842623.4409303665
-1.0 -1.0 -1.0 -1.0 -1.0 -1.0 -1.0 -1.0 -1.0 -1.0 -1.0 -1.0 -1.0 0.0 441983.212371427 17657.167673779906 -1.0 -1.0 0.0 -1.0 -1.0 -1.0 -1.0 -1.0 -1.0 -1.0 -1.0 1267293.7544939301 1885520.8003825396 1524280.6216115502 1610960.7547331331 1181082.1728515122 784880.0284418098 920609.2721473041 1356574.525534946 2509916.1084794793 2516047.5558767356 2410088.514498522 1241423.9618775714 722389.3918218694 1528144.1447951486 2014632.1137863877 2631173.980343042 2752165.6670045396 1872048.2195863903 940131.2140256931 98473.62642702476 -1.0 -1.0 -1.0 847327.5127669215 714037.7067554578 1133927.6627254758 2364805.588104128 1130952.5046202822 483019.6485974938 0.0 0.0 -1.0 -1.0 184604.61327566503 879948.1286409149 653956.8667999066 646036.2328174402 848714.9271746937 1391686.7820478582
-1.0 -1.0 -1.0 -1.0 -1.0 -1.0 -1.0 -1.0 -1.0 -1.0 -1.0 0.0 0.0 1187503.2141687698 1333917.0338778314 1257395.0520390328 1629570.2584112114 1481379.171979148 1371581.4187714723 1584637.905829418 1092101.7113968132 919366.2975896611 1035788.8138762062 1169510.0076723278 1425373.9149759605 943689.5838533286 1176914.8590991898 1208830.2020008732 1545737.618634024 1454939.384637968 1490788.540928029 1536683.1330380097 1498479.2424870853 1423005.5304092208 2300904.222265895 2307797.9233744233 935785.3449272785 480785.0143125573 326776.99857714016 436223.11388733925 541170.3095780367 1920004.8272207968 2079468.0880911844 753809.0066681161 -1.0 -1.0 -1.0 -1.0 -1.0 -1.0 53613.6183213277 1671641.9082720296 1094562.3964483507 370025.55931460497 1067159.4447822135 1258788.0518249539 637472.2651681753 38808.785782103245 -1.0 -1.0 -1.0 -1.0 301792.5537862794 597046.829106414 698069.8487355475 702530.0588234828
-1.0 -1.0 -1.0 -1.0 -1.0 -1.0 -1.0 -1.0 -1.0 -1.0 -1.0 379739.87252661097 1326782.166350641 1601976.5096697735 1594851.2538589516 1571529.6789728554 1865963.9470081537 1797850.5318186355 1414550.7814811487 1433463.3151056457 1667935.2744833548 958185.9551273242 1434006.2690535658 1583140.3750106029 1332475.9598691235 1961174.0397583398 1709724.4964851048 2283387.9524717173 2130477.319836178 1736874.0941120805 2425152.013680622 1617329.7327945796 1881959.1285530138 2075806.441317349 2583260.794097449 1983398.347674192 255567.31917875013 -1.0 -1.0 -1.0 -1.0 -1.0 -1.0 -1.0 -1.0 -1.0 -1.0 124689.85517038571 1370874.2924142713 -1.0 162212.05914848743 414988.57514146384 552231.2594299176 1160734.1790405426 550563.6336641976 1786329.3646413602 2601409.6779751615 688160.9611105053 0.0 -1.0 -1.0 -1.0 -1.0 0.0 33093.307392708964 445981.92474396166
-1.0 -1.0 -1.0 -1.0 -1.0 -1.0 -1.0 -1.0 -1.0 -1.0 -1.0 -1.0 868118.7770697529 1619092.4598387051 1489423.4543546063 1797217.3482764382 1764578.470434845 1155909.014910262 292570.95636742114 906961.7852724488 825237.506153648 663881.942741358 925705.8229512873 2112253.1813110546 1910603.3847677808 1256314.7167462416 412548.0859935722 1114030.889024648 1590868.1028549534 1526134.9387696905 1632213.0837064874 1781637.0532886775 2050155.9399362959 2051557.0547967677 2146938.542396785 1930294.7665396363 538797.0797316643 -1.0 -1.0 -1.0 -1.0 -1.0 -1.0 -1.0 -1.0 -1.0 -1.0 1671659.5626366786 2401177.076801523 289398.69331028295 -1.0 -1.0 429514.93755395454 484426.1869134317 278994.74355346366 1253448.2683526678 1770247.3867863452 1310767.2615123354 400360.5512088641 0.0 -1.0 -1.0 -1.0 -1.0 -1.0 -1.0
-1.0 -1.0 -1.0 -1.0 -1.0 -1.0 -1.0 -1.0 -1.0 -1.0 -1.0 -1.0 1034679.7306239345 1757081.3708577799 2116918.498157989 1726312.5339196143 1878811.4296421586 1216123.173948743 534254.9322942647 535856.6749992518 595858.6583116946 760810.7406493841 495220.9469180723 1006350.7420440033 1887704.8538197835 1060706.4696243394 1359722.8296316843 984455.9718908734 1635445.5106269112 1164510.281074148 526172.0073313814 704587.9327350855 990354.5163280409 1278315.3439500646 1644659.3380576076 1074683.3194796627 195200.96782116563 -1.0 -1.0 -1.0 -1.0 -1.0 -1.0 -1.0 -1.0 -1.0 -1.0 949238.0842102165 1744921.9763469328 -1.0 -1.0 -1.0 -1.0 -1.0 502929.26399040746 768715.152732042 1603257.4720415063 1193542.736084953 1903406.3782553799 591916.9380449416 232780.1154450602 1053819.540825534 460101.77339951316 -1.0 -1.0 -1.0
-1.0 -1.0 -1.0 -1.0 -1.0 -1.0 -1.0 -1.0 -1.0 -1.0 -1.0 -1.0 245593.37274039615 834175.4465874257 1939416.8202346805 1801084.3432499596 1599624.7721146988 1079622.9988800276 319228.52453896205 464383.42744343897 312071.6681179188 906843.8612601042 1174602.8923531359 2027574.1587964022 1309529.6201815642 1384767.7877869373 1521368.564373061 1369179.3821529476 1476265.0069201505 1245804.411820097 1334297.8009752533 915208.8743132843 1085433.5356814524 626614.1241532703 674037.4212377904 -1.0 -1.0 -1.0 -1.0 -1.0 -1.0 -1.0 -1.0 -1.0 -1.0 -1.0 -1.0 35229.639188879126 354308.9909073588 3819.3485587310083 -1.0 -1.0 -1.0 -1.0 -1.0 208383.78170397563 383879.48044371733 771756.5033859991 1113465.272456649 864380.2029500572 578606.7764145054 70160.44451905761 0.0 126680.39349119496 0.0 -1.0
-1.0 -1.0 -1.0 -1.0 -1.0 -1.0 -1.0 -1.0 -1.0 -1.0 -1.0 -1.0 0.0 1520394.6791509134 1426727.9934084096 1472864.7178781286 772219.8900954378 548403.5144357232 1746476.2922917944 817180.9669476948 705335.50778977 1718890.7354427844 2030854.4389147456 1651449.3029616158 1374419.9443905423 2171100.3287683446 2274445.0706413053 1544702.4198676667 1835474.571053535 1416060.8922672963 1361481.6042982086 1103249.1563161046 -1.0 -1.0 -1.0 -1.0 -1.0 -1.0 -1.0 -1.0 -1.0 -1.0 -1.0 -1.0 -1.0 -1.0 95617.91129867226 619243.2358442559 1341720.3430882767 657708.9960120112 -1.0 -1.0 -1.0 -1.0 -1.0 -1.0 -1.0 -1.0 702163.566928861 1139293.0138221295 1031841.6932577944 742309.5607938846 487028.76374816574 83859.42974686177 119220.90299204632 0.0
-1.0 -1.0 -1.0 -1.0 -1.0 -1.0 -1.0 -1.0 -1.0 -1.0 -1.0 -1.0 101782.58177388752 1367673.126414407 2022215.11426338 1751259.5372333764 1532914.629516195 1326823.6339328052 2259764.91120388 1963763.7250515493 1716336.6042119632 1018680.6653871865 949478.0548480436 976905.9513078944 928975.4482811585 1480356.6172178888 1980227.9489845387 1487848.933659165 2131825.0781235034 1707602.4563669087 1292955.6846919865 -1.0 -1.0 -1.0 -1.0 -1.0 -1.0 -1.0 -1.0 -1.0 -1.0 -1.0 -1.0 -1.0 -1.0 -1.0 33890.2062405292 1018108.6424094422 1102873.6911783502 716006.5723173581 -1.0 -1.0 -1.0 -1.0 -1.0 -1.0 -1.0 -1.0 -1.0 -1.0 1603542.06363289 1235848.5379275463 806643.2605650561 177243.78143355026 83257.5153095553 160327.25997030357
-1.0 -1.0 -1.0 -1.0 -1.0 -1.0 -1.0 -1.0 -1.0 -1.0 -1.0 0.0 436732.11633145437 1586862.3305691623 1796256.3980285 878562.9619761021 1157601.3672877185 1849793.344081469 1545609.0553081846 1986562.5853869512 1546253.0111330985 924057.3487725946 484191.14545649046 873737.3429432553 512011.697668662 1711653.9406810238 1777147.5958499191 1618375.3728775906 1149716.748754014 828601.3085809001 55057.8872721884 -1.0 -1.0 -1.0 84215.97832732125 405298.9869441134 23230.360352296884 7895.6733572380945 127411.74638110983 -1.0 -1.0 -1.0 -1.0 -1.0 -1.0 -1.0 119592.74518316031 799474.6001544383 1033663.063088773 346334.0668644649 -1.0 -1.0 -1.0 -1.0 -1.0 -1.0 -1.0 -1.0 -1.0 -1.0 -1.0 620970.5560020454 954812.0460664998 88923.12529864136 -1.0 -1.0
-1.0 -1.0 -1.0 -1.0 -1.0 -1.0 -1.0 -1.0 -1.0 -1.0 -1.0 69952.252319569 311106.80719313904 717965.6552004591 845663.8479093863 846585.7016195345 1164770.5560629538 1433530.538162988 1245457.8802982941 1987775.7783790536 2069173.026911323 1534169.6202490139 692929.4655679947 286441.004642408 371231.2217961224 520758.4125198119 940315.9575042281 1526671.5744703156 640852.3261803702 69178.9569226491 -1.0 -1.0 42008.34492980633 0.0 -1.0 85601.98566938045 108693.37111068158 -1.0 -1.0 -1.0 -1.0 -1.0 -1.0 -1.0 -1.0 -1.0 199382.74009219953 994056.835318183 827200.5385202006 275015.8464238794 -1.0 -1.0 -1.0 -1.0 -1.0 -1.0 -1.0 -1.0 -1.0 -1.0 -1.0 -1.0 1300138.8547052122 1358238.9562912271 6107.94829005149 -1.0
-1.0 -1.0 -1.0 -1.0 -1.0 -1.0 -1.0 -1.0 -1.0 -1.0 -1.0 400520.048778945 731798.3638682592 1241439.9180983298 1149072.1497283217 680239.9848162205 365820.4332542182 386721.9626667103 936298.6635277773 2164812.5515886075 1644983.4884283487 1292241.8687470797 734213.5733075184 697523.9216028331 579048.4278314062 970081.1252983861 876030.37386394 1308145.5520863214 974597.5633129332 914770.5028294328 174218.0776885574 -1.0 151314.91975966888 45467.06244406201 -1.0 -1.0 -1.0 -1.0 -1.0 -1.0 -1.0 -1.0 -1.0 -1.0 -1.0 -1.0 -1.0 277488.95914731105 -1.0 -1.0 -1.0 -1.0 -1.0 -1.0 -1.0 -1.0 -1.0 -1.0 -1.0 -1.0 -1.0 50223.19539608662 568164.2477046201 236254.69577059828 12037.3316627287 -1.0
-1.0 -1.0 -1.0 -1.0 -1.0 -1.0 -1.0 -1.0 -1.0 -1.0 -1.0 136103.98581954505 808710.4927877887 1245823.0270632473 612383.9214683013 1118424.4507467658 1280318.72182667 513636.0664379515 998953.5975071077 1404512.0978149506 1815830.9467938575 1880048.3831083442 906235.7735388579 803517.0955150252 1577766.9642260044 1431911.9784703099 803699.1002083418 966912.351831067 670815.8172777992 210046.97395428733 -1.0 -1.0 -1.0 -1.0 -1.0 -1.0 -1.0 -1.0 -1.0 -1.0 -1.0 -1.0 -1.0 -1.0 -1.0 -1.0 -1.0 -1.0 -1.0 -1.0 -1.0 -1.0 -1.0 -1.0 -1.0 1031.2151787241976 78368.13756634227 6820.69212319756 -1.0 182018.37148841974 285203.1978856292 617330.2343676304 715503.2393396512 1978.803382331292 -1.0 -1.0
-1.0 -1.0 -1.0 -1.0 -1.0 -1.0 -1.0 -1.0 -1.0 -1.0 -1.0 -1.0 852688.89058518 1208980.2338042022 1299878.1797412385 1719893.1791062728 1604661.1930006142 2002487.2117982295 915574.5049632889 523549.4106495945 151151.5791554678 284623.12608345645 650143.8011002188 689921.8976666597 905313.1019249245 1358927.134878042 874136.9765264919 747595.526494618 254047.7910268554 -1.0 -1.0 -1.0 -1.0 -1.0 -1.0 -1.0 -1.0 -1.0 -1.0 -1.0 -1.0 -1.0 -1.0 -1.0 -1.0 -1.0 -1.0 -1.0 -1.0 -1.0 -1.0 -1.0 -1.0 -1.0 0.0 347778.63851558516 1154950.5762496637 926701.4084046835 1042779.8356648138 969173.7767474471 612202.8311279309 22985.533456677043 38380.453977146884 -1.0 -1.0 -1.0
-1.0 -1.0 -1.0 -1.0 -1.0 -1.0 -1.0 -1.0 -1.0 -1.0 -1.0 -1.0 959700.5161767486 1294810.083292274 1425681.6391934508 364552.9936762688 834281.5279490988 470863.5106809276 507693.27049387345 740376.8180135529 23800.972057267307 769837.5023221496 757897.7158028301 1076686.778919111 849529.1604491579 582283.530418321 389228.87540409365 60494.44061213501 -1.0 -1.0 -1.0 -1.0 -1.0 -1.0 -1.0 -1.0 -1.0 -1.0 -1.0 -1.0 -1.0 -1.0 0.0 15678.873108509702 21169.701125285155 36579.3762226914 -1.0 5565.344229930332 66285.07659853053 62672.0716073004 7436.830256476519 13358.19221833209 4951.6914306026 -1.0 -1.0 -1.0 120969.10056080241 149195.82215404022 370804.4018487642 421859.3003612602 116899.7401452034 -1.0 -1.0 -1.0 -1.0 -1.0
-1.0 -1.0 -1.0 -1.0 -1.0 -1.0 -1.0 -1.0 -1.0 -1.0 -1.0 -1.0 -1.0 -1.0 150404.081913988 -1.0 56084.3098961652 428200.2532590317 813859.6308353682 1609199.023125872 964226.2810039256 912758.8232412762 646302.9951753934 554800.6391171778 506346.3672740745 454105.57250292663 93030.48624658909 -1.0 -1.0 -1.0 -1.0 -1.0 20940.08205921068 58320.29525895805 22255.342717777574 18810.483599424188 145707.0551999249 8681.144511422493 82476.14626587728 98843.2577680282 117895.4262413615 0.0 0.0 161350.53481425293 0.0 116779.9658174404 38023.25230774119 45579.590233443436 13565.72283699436 21091.210889563434 81346.58259536848 35982.872298844435 0.0 25078.201210873198 -1.0 -1.0 -1.0 -1.0 29397.19307079069 174222.21752633335 58634.00503807085 -1.0 -1.0 -1.0 -1.0 -1.0
-1.0 -1.0 -1.0 -1.0 -1.0 -1.0 -1.0 -1.0 -1.0 -1.0 -1.0 -1.0 -1.0 -1.0 -1.0 -1.0 -1.0 139222.61420031838 1300782.8117405686 851471.6924070409 236017.22159266798 -1.0 -1.0 -1.0 -1.0 -1.0 -1.0 -1.0 -1.0 -1.0 0.0 17407.219895704948 41473.20188700062 11702.835531370343 6748.206285124249 256202.32282791406 17945.256337840783 37057.424042302 118456.5880005265 35155.005412772945 22381.539109702724 23716.049903007028 51420.564729854064 65259.96397286606 29480.76705572551 15316.449912971748 13743.127489356038 17934.133786959843 16337.109732627248 10634.569062226778 0.0 0.0 -1.0 -1.0 -1.0 -1.0 -1.0 -1.0 -1.0 -1.0 -1.0 -1.0 -1.0 -1.0 -1.0 -1.0
-1.0 -1.0 -1.0 -1.0 -1.0 -1.0 -1.0 -1.0 -1.0 -1.0 -1.0 -1.0 -1.0 -1.0 -1.0 -1.0 -1.0 -1.0 377706.3255468677 224331.28686548895 -1.0 -1.0 -1.0 -1.0 -1.0 -1.0 -1.0 0.0 5370.781757780216 200603.76552320714 47299.142912463176 45286.37427758328 5209.910108863083 37389.279230500004 3863.587243554109 7218.871502631927 4967.269596138451 7164.344832450818 3975.8556274383295 11126.602533787436 8215.436700498965 60596.66802680611 126969.85920440106 33244.62466339178 96382.98736174988 3081.126743148903 8298.725999814786 12006.335418911107 10100.174502684413 11552.34660176535 124722.19613320033 89666.63792073821 -1.0 -1.0 -1.0 -1.0 -1.0 -1.0 26782.404699931576 37945.54527116802 -1.0 -1.0 -1.0 -1.0 -1.0 -1.0
-1.0 -1.0 -1.0 -1.0 -1.0 -1.0 -1.0 -1.0 -1.0 -1.0 -1.0 -1.0 -1.0 -1.0 -1.0 -1.0 -1.0 0.0 13135.464090805352 19460.053686285664 233996.36204917324 0.0 19500.17924004296 26211.81726813416 5629.323482266348 0.0 0.0 0.0 224850.62110318567 356054.027619457 38258.927465860965 352132.520535416 42678.569098890286 15994.816789360253 5728.333646251767 4098.161319010296 3868.3277545128776 3245.343550082539 37784.33669072608 63451.08028548348 6752.533888347209 4595.037698982403 2780.493608362846 10492.679145691163 13835.023808813345 6516.0103818119105 17129.859136595715 54831.08516812428 19103.267532803577 15386.344788048942 10935.43633647446 25540.454515452562 0.0 -1.0 -1.0 -1.0 -1.0 -1.0 -1.0 -1.0 -1.0 -1.0 -1.0 -1.0 -1.0 -1.0
-1.0 -1.0 -1.0 -1.0 -1.0 -1.0 -1.0 -1.0 -1.0 -1.0 -1.0 -1.0 -1.0 -1.0 -1.0 -1.0 -1.0 0.0 247449.28414337712 912146.3839837393 250702.35710563525 137115.51560069816 5401.141395030163 5268.0833045425925 5794.698017615581 44887.42821368085 121213.23792693771 79947.47253856435 388147.9111782181 197167.19565736508 23501.006844445586 2435.9360177192266 2726.3051596535106 2894.299807805747 2198.5883259537522 2198.5938300510456 4475.818031920546 2299.1152526253813 3016.8540712967783 2011.208689030883 3285.6622837614955 5264.266230224707 2073.6688495332874 2073.6718145733935 2179.8504114848156 2179.854070959771 5059.060911381399 5286.432195893426 8706.957556688376 3062.173110403882 5157.618670983775 0.0 0.0 -1.0 -1.0 -1.0 -1.0 -1.0 -1.0 -1.0 -1.0 -1.0 -1.0 -1.0 -1.0 -1.0
-1.0 -1.0 -1.0 -1.0 -1.0 -1.0 -1.0 -1.0 -1.0 -1.0 -1.0 -1.0 -1.0 -1.0 -1.0 -1.0 22886.06645262399 16406.36873412277 18351.75507822735 40411.23880421028 67697.39319844442 32231.29068324362 43951.80868807826 43951.25164656747 10293.119562167281 148889.36163391292 36569.374422690926 2863.212096511364 2699.9603085472986 66881.07757392807 120864.72860545223 3047.819442800641 29699.783889893075 2323.218691644264 7551.112177470535 2287.906766438931 2526.4371766875324 2790.31295884636 2021.8282419584161 2680.9832862792446 2873.6253526204896 2046.944184178193 346699.79253058817 322427.1511121072 364631.98719092517 312883.9355089257 114473.50061385694 116667.62983336001 29727.72935498201 107889.55507695902 0.0 -1.0 -1.0 -1.0 -1.0 -1.0 -1.0 -1.0 -1.0 -1.0 -1.0 -1.0 -1.0 -1.0 -1.0 -1.0
-1.0 -1.0 -1.0 -1.0 -1.0 -1.0 -1.0 -1.0 -1.0 -1.0 -1.0 -1.0 -1.0 -1.0 110502.07053623185 43889.99200642509 12033.026051942588 27699.556742081535 24666.220627024264 128702.43496517296 136389.3569797779 2659.2954237854374 2729.8592603913344 125377.72676784609 621255.310094308 892759.849732524 222041.38727375373 29767.984708397657 2109.745698612052 13929.328212249906 2504.880528030726 3196.3540087726906 21160.629643369288 47239.415092889074 165979.86877532612 175505.41238097425 79293.83481716336 1642.31717454844 1585.4676474890011 1585.4676474890011 169624.8750678966 154465.29807698776 533850.6729495215 609750.375837753 495598.02408045565 474753.30359172664 647951.3989247993 585760.4918634745 544240.4813519607 271220.338417284 18523.884657442304 46810.09565026848 0.0 -1.0 -1.0 -1.0 -1.0 -1.0 -1.0 -1.0 -1.0 -1.0 -1.0 -1.0 -1.0 -1.0
-1.0 -1.0 -1.0 -1.0 -1.0 -1.0 -1.0 -1.0 -1.0 -1.0 -1.0 -1.0 0.0 112281.24251026222 43328.8672358484 15597.01734276867 6618.725138604344 8265.556642321268 9370.018624264769 168734.531587501 99699.75812895306 66441.50197875958 681422.2646861237 126036.82001658597 718409.5406053879 837584.5250958948 597777.0270615495 278178.24250242964 2124.460809136452 2124.460809153604 2214.211178515407 281534.94404292054 495439.2321903653 585061.0236724928 702797.3163302568 538020.497695245 333309.0878459923 235578.6894424714 77009.85077814308 20458.793325301125 563865.1326716937 620226.8847256697 522593.259557585 621592.1652258222 714194.0493417 714194.0493417 733846.563091257 733906.5410335406 767133.5026284979 700117.2624739227 101961.9632293173 65343.22346124069 64669.813296997476 31494.66469951423 -1.0 -1.0 -1.0 -1.0 -1.0 -1.0 -1.0 -1.0 -1.0 -1.0 -1.0 -1.0
-1.0 -1.0 -1.0 -1.0 -1.0 -1.0 -1.0 -1.0 -1.0 -1.0 -1.0 1395.5441024011654 153083.0042087789 29515.409640856924 10154.66647895846 13505.441751537133 46091.09490788728 10633.627746588683 79262.36777300389 170401.27353934647 133869.69248470388 106542.46843518266 218120.44413583167 579380.1484559064 473827.6053755501 579297.3968266189 206349.05769597713 104119.504756563 2849.03974221703 78677.29149523508 313804.2434056969 593022.8747457335 581994.5078183823 598542.7915992601 555495.7058860072 539714.3716122507 353880.31934359623 246355.40252951623 242246.9939077092 76035.2349948226 501067.1295892087 471745.23652881413 541409.1558303001 541409.1558303001 555012.41708424 555012.41708424 593101.4745897 593101.4745897 613706.7947795667 631190.55815346 369527.5096116966 365310.09698481445 155025.03559129144 78953.85511844287 66166.30742954138 184168.65417458976 361921.4856215038 149339.5682527761 46837.24047570777 -1.0 -1.0 -1.0 -1.0 -1.0 -1.0 -1.0
-1.0 -1.0 -1.0 -1.0 -1.0 -1.0 -1.0 -1.0 -1.0 -1.0 -1.0 32216.242510076965 26354.940961240325 14677.934106695944 5425.448544613749 22175.397173336085 37745.68995074426 93822.79925636019 2294.9176476141574 29423.369634186576 2211.347940892435 158792.21763680526 655335.3056249557 800136.8840891003 724921.5518001675 679672.7138408313 412365.45261069847 207030.1913711984 234009.8343186475 639732.0242175268 542105.5057087584 524707.9200745256 551894.9361070852 585223.5876972303 574522.07407888 574522.07407888 524632.2332892126 400097.5592857655 479295.31413886853 389858.6987486436 474225.9889684983 518666.6947713086 544428.0308276 544428.0308276 558107.14330208 558107.14330208 596408.5838124 596408.5838124 634710.05052632 634710.05052632 607067.8372973722 478306.5370949895 425101.0123335163 156794.42174166074 84798.970203887 68344.38329992267 200514.53876846083 147678.57754613005 147972.52430519328 330192.9531852758 58268.75210333127 -1.0 -1.0 -1.0 -1.0 -1.0
