critload/trunk/output/1999/ndep_crit_tot.asc
ncols 720
nrows 360
xllcorner -180
yllcorner -90
cellsize 0.5
NODATA_value -1.0
[rows 102 to 135 of 360, columns 375 to 449 of 720]
-1.0 -1.0 1812270.0 -1.0 -1.0 -1.0 -1.0 -1.0 -1.0 -1.0 -1.0 -1.0 -1.0 -1.0 -1.0 -1.0 1812270.0 1812270.0 1812270.0 1812270.0 -1.0 -1.0 -1.0 -1.0 -1.0 -1.0 1812270.0 1812270.0 4228630.0 4228630.0 1812270.0 1812270.0 1812270.0 1812270.0 1812270.0 -1.0 1812270.0 1812270.0 1812270.0 1812270.0 1812270.0 4228630.0 4228630.0 4228630.0 4228630.0 4228630.0 4228630.0 4228630.0 4228630.0 4228630.0 4228630.0 4228630.0 4228630.0 4228630.0 4228630.0 4228630.0 4228630.0 4228630.0 4228630.0 4228630.0 4228630.0 4228630.0 4228630.0 4228630.0 4228630.0 4228630.0 4228630.0 4228630.0 4228630.0 4228630.0 4228630.0 4228630.0 4228630.0 4228630.0 4228630.0
-1.0 -1.0 -1.0 -1.0 -1.0 -1.0 -1.0 -1.0 -1.0 -1.0 1824892.5 1824892.5 1824892.5 -1.0 1824892.5 1824892.5 1824892.5 1824892.5 1824892.5 -1.0 -1.0 -1.0 -1.0 -1.0 -1.0 1824892.5 1824892.5 1824892.5 1824892.5 1824892.5 1824892.5 1824892.5 1824892.5 1824892.5 1824892.5 -1.0 1824892.5 1824892.5 1824892.5 1824892.5 1824892.5 4258082.5 4258082.5 4258082.5 4258082.5 4258082.5 4258082.5 4258082.5 4258082.5 4258082.5 4258082.5 4258082.5 4258082.5 4258082.5 4258082.5 4258082.5 4258082.5 4258082.5 4258082.5 4258082.5 4258082.5 4258082.5 4258082.5 4258082.5 4258082.5 4258082.5 4258082.5 4258082.5 4258082.5 4258082.5 4258082.5 4258082.5 4258082.5 4258082.5 4258082.5
-1.0 -1.0 -1.0 -1.0 -1.0 -1.0 -1.0 -1.0 -1.0 1837372.5 1837372.5 1837372.5 1837372.5 1837372.5 1837372.5 1837372.5 1837372.5 1837372.5 -1.0 -1.0 -1.0 -1.0 -1.0 -1.0 -1.0 -1.0 1837372.5 1837372.5 1837372.5 4287202.5 1837372.5 1837372.5 1837372.5 1837372.5 1837372.5 1837372.5 -1.0 1837372.5 1837372.5 1837372.5 1837372.5 1837372.5 4287202.5 4287202.5 4287202.5 4287202.5 4287202.5 4287202.5 4287202.5 4287202.5 4287202.5 4287202.5 4287202.5 4287202.5 4287202.5 4287202.5 4287202.5 4287202.5 4287202.5 4287202.5 4287202.5 4287202.5 4287202.5 4287202.5 4287202.5 4287202.5 4287202.5 4287202.5 4287202.5 4287202.5 4287202.5 4287202.5 4287202.5 4287202.5 4287202.5
1849717.5 -1.0 1849717.5 1849717.5 1849717.5 1849717.5 1849717.5 1849717.5 -1.0 -1.0 -1.0 1849717.5 1849717.5 1849717.5 1849717.5 1849717.5 -1.0 -1.0 -1.0 -1.0 -1.0 -1.0 -1.0 -1.0 -1.0 -1.0 -1.0 -1.0 1849717.5 1849717.5 1849717.5 1849717.5 -1.0 -1.0 1849717.5 1849717.5 1849717.5 -1.0 1849717.5 1849717.5 1849717.5 1849717.5 4316007.5 4316007.5 4316007.5 4316007.5 1849717.5 4316007.5 4316007.5 4316007.5 4316007.5 4316007.5 4316007.5 4316007.5 4316007.5 1849717.5 1849717.5 1849717.5 4316007.5 4316007.5 4316007.5 4316007.5 1849717.5 4316007.5 4316007.5 4316007.5 4316007.5 4316007.5 1849717.5 1849717.5 4316007.5 4316007.5 4316007.5 4316007.5 4316007.5
1861920.0 1861920.0 1861920.0 1861920.0 1861920.0 1861920.0 1861920.0 1861920.0 1861920.0 -1.0 -1.0 -1.0 -1.0 1861920.0 1861920.0 1861920.0 -1.0 -1.0 -1.0 -1.0 -1.0 -1.0 -1.0 -1.0 -1.0 -1.0 -1.0 -1.0 1861920.0 1861920.0 1861920.0 1861920.0 -1.0 1861920.0 1861920.0 1861920.0 1861920.0 1861920.0 1861920.0 1861920.0 1861920.0 1861920.0 1861920.0 1861920.0 4344480.0 4344480.0 1861920.0 1861920.0 1861920.0 4344480.0 4344480.0 4344480.0 4344480.0 1861920.0 1861920.0 1861920.0 1861920.0 1861920.0 1861920.0 1861920.0 1861920.0 1861920.0 1861920.0 1861920.0 1861920.0 1861920.0 1861920.0 1861920.0 1861920.0 1861920.0 1861920.0 1861920.0 4344480.0 4344480.0 4344480.0
1873987.5 1873987.5 1873987.5 1873987.5 1873987.5 1873987.5 1873987.5 -1.0 -1.0 -1.0 -1.0 -1.0 -1.0 -1.0 -1.0 -1.0 -1.0 -1.0 -1.0 -1.0 -1.0 -1.0 -1.0 -1.0 -1.0 -1.0 -1.0 -1.0 -1.0 1873987.5 1873987.5 1873987.5 -1.0 -1.0 -1.0 1873987.5 -1.0 -1.0 -1.0 -1.0 1873987.5 1873987.5 -1.0 1873987.5 1873987.5 1873987.5 1873987.5 -1.0 -1.0 1873987.5 4372637.5 1873987.5 1873987.5 1873987.5 -1.0 -1.0 1873987.5 1873987.5 1873987.5 4372637.5 4372637.5 4372637.5 4372637.5 4372637.5 4372637.5 4372637.5 4372637.5 4372637.5 1873987.5 1873987.5 1873987.5 1873987.5 1873987.5 4372637.5 4372637.5
1885905.0 1885905.0 1885905.0 1885905.0 1885905.0 1885905.0 1885905.0 -1.0 -1.0 -1.0 -1.0 -1.0 -1.0 1885905.0 1885905.0 -1.0 -1.0 -1.0 -1.0 -1.0 -1.0 -1.0 -1.0 -1.0 -1.0 -1.0 -1.0 -1.0 -1.0 -1.0 -1.0 -1.0 1885905.0 1885905.0 -1.0 -1.0 -1.0 -1.0 -1.0 1885905.0 1885905.0 -1.0 -1.0 -1.0 -1.0 -1.0 -1.0 -1.0 -1.0 -1.0 -1.0 -1.0 -1.0 1885905.0 -1.0 -1.0 1885905.0 1885905.0 1885905.0 4400445.0 4400445.0 1257270.0 1257270.0 1257270.0 1257270.0 1257270.0 1257270.0 4400445.0 4400445.0 4400445.0 4400445.0 4400445.0 4400445.0 4400445.0 1885905.0
4427920.0 1897680.0 1897680.0 1897680.0 1897680.0 4427920.0 4427920.0 1897680.0 -1.0 -1.0 -1.0 -1.0 -1.0 -1.0 -1.0 -1.0 -1.0 -1.0 -1.0 -1.0 -1.0 -1.0 -1.0 -1.0 -1.0 -1.0 -1.0 -1.0 -1.0 -1.0 -1.0 -1.0 1897680.0 1897680.0 1897680.0 1897680.0 1897680.0 1897680.0 -1.0 1897680.0 -1.0 -1.0 -1.0 -1.0 -1.0 -1.0 -1.0 -1.0 -1.0 1897680.0 1897680.0 1897680.0 1897680.0 1897680.0 -1.0 -1.0 1897680.0 1897680.0 1897680.0 4427920.0 1265120.0 1265120.0 1265120.0 1265120.0 1265120.0 1265120.0 1265120.0 1265120.0 1265120.0 4427920.0 4427920.0 4427920.0 4427920.0 4427920.0 4427920.0
4455062.5 4455062.5 4455062.5 4455062.5 4455062.5 4455062.5 4455062.5 4455062.5 -1.0 -1.0 -1.0 -1.0 -1.0 -1.0 -1.0 -1.0 -1.0 -1.0 -1.0 -1.0 -1.0 -1.0 -1.0 -1.0 -1.0 -1.0 -1.0 -1.0 -1.0 -1.0 -1.0 -1.0 -1.0 -1.0 1909312.5 -1.0 -1.0 -1.0 -1.0 -1.0 -1.0 -1.0 -1.0 -1.0 -1.0 -1.0 -1.0 -1.0 -1.0 1909312.5 1909312.5 1909312.5 1909312.5 -1.0 -1.0 -1.0 1909312.5 1909312.5 1909312.5 4455062.5 1272875.0 1272875.0 1272875.0 1272875.0 1272875.0 1272875.0 1272875.0 1272875.0 1272875.0 1272875.0 1272875.0 1272875.0 4455062.5 4455062.5 4455062.5
1280530.0 1280530.0 1280530.0 1280530.0 1280530.0 4481855.0 -1.0 -1.0 -1.0 -1.0 -1.0 -1.0 -1.0 -1.0 -1.0 -1.0 -1.0 -1.0 -1.0 -1.0 -1.0 -1.0 -1.0 -1.0 -1.0 -1.0 -1.0 -1.0 -1.0 -1.0 -1.0 -1.0 -1.0 -1.0 -1.0 -1.0 -1.0 -1.0 -1.0 -1.0 -1.0 -1.0 -1.0 -1.0 -1.0 -1.0 -1.0 -1.0 -1.0 -1.0 -1.0 -1.0 -1.0 -1.0 -1.0 -1.0 1920795.0 4481855.0 4481855.0 4481855.0 1280530.0 1280530.0 1280530.0 1280530.0 1280530.0 1280530.0 1280530.0 1280530.0 1280530.0 1280530.0 1280530.0 1280530.0 1280530.0 1280530.0 1280530.0
1288090.0 1288090.0 1288090.0 1288090.0 1288090.0 1288090.0 1288090.0 1288090.0 -1.0 -1.0 -1.0 -1.0 -1.0 -1.0 -1.0 -1.0 -1.0 -1.0 -1.0 -1.0 -1.0 -1.0 -1.0 -1.0 -1.0 -1.0 -1.0 -1.0 -1.0 -1.0 -1.0 -1.0 -1.0 -1.0 -1.0 -1.0 -1.0 -1.0 -1.0 -1.0 -1.0 -1.0 -1.0 -1.0 -1.0 -1.0 -1.0 -1.0 -1.0 -1.0 -1.0 -1.0 -1.0 -1.0 -1.0 1932135.0 1932135.0 4508315.0 4508315.0 1288090.0 1288090.0 1288090.0 1288090.0 1288090.0 1288090.0 1288090.0 1288090.0 1288090.0 1288090.0 1288090.0 1288090.0 1288090.0 1288090.0 1288090.0 1288090.0
1295555.0 1295555.0 1295555.0 1295555.0 1295555.0 1295555.0 1295555.0 1295555.0 1295555.0 -1.0 -1.0 -1.0 -1.0 -1.0 -1.0 -1.0 -1.0 -1.0 -1.0 -1.0 -1.0 -1.0 -1.0 -1.0 -1.0 -1.0 -1.0 -1.0 -1.0 -1.0 -1.0 -1.0 -1.0 -1.0 -1.0 -1.0 -1.0 -1.0 -1.0 -1.0 -1.0 -1.0 -1.0 -1.0 -1.0 -1.0 -1.0 -1.0 -1.0 -1.0 -1.0 -1.0 -1.0 -1.0 -1.0 1943332.5 1943332.5 1943332.5 1295555.0 1295555.0 1295555.0 1295555.0 1295555.0 1295555.0 1295555.0 1295555.0 1295555.0 1295555.0 1295555.0 1295555.0 1295555.0 1295555.0 1295555.0 1295555.0 1295555.0
1302915.0 1302915.0 1302915.0 1302915.0 1302915.0 1302915.0 1302915.0 1302915.0 1302915.0 1302915.0 1302915.0 4560202.5 4560202.5 4560202.5 -1.0 -1.0 -1.0 -1.0 -1.0 -1.0 -1.0 -1.0 -1.0 -1.0 -1.0 -1.0 1954372.5 1954372.5 1954372.5 1954372.5 1954372.5 1954372.5 -1.0 -1.0 -1.0 -1.0 -1.0 -1.0 -1.0 -1.0 -1.0 -1.0 -1.0 -1.0 -1.0 -1.0 -1.0 -1.0 -1.0 -1.0 -1.0 -1.0 -1.0 -1.0 1954372.5 1954372.5 1954372.5 4560202.5 1302915.0 1302915.0 1302915.0 1302915.0 1302915.0 1302915.0 1302915.0 1302915.0 1302915.0 1302915.0 1302915.0 1302915.0 1302915.0 1302915.0 1302915.0 1302915.0 1302915.0
1310180.0 1310180.0 1310180.0 1310180.0 1310180.0 1310180.0 1310180.0 1310180.0 1310180.0 1310180.0 1310180.0 1310180.0 1310180.0 1310180.0 1310180.0 1310180.0 -1.0 -1.0 -1.0 -1.0 -1.0 -1.0 -1.0 -1.0 -1.0 4585630.0 4585630.0 1965270.0 1965270.0 4585630.0 4585630.0 1310180.0 4585630.0 -1.0 -1.0 -1.0 -1.0 -1.0 -1.0 -1.0 -1.0 -1.0 -1.0 -1.0 -1.0 -1.0 -1.0 -1.0 -1.0 -1.0 -1.0 -1.0 -1.0 -1.0 1965270.0 1965270.0 1965270.0 1310180.0 1310180.0 1310180.0 1310180.0 1310180.0 1310180.0 1310180.0 1310180.0 1310180.0 1310180.0 1310180.0 1310180.0 1310180.0 1310180.0 1310180.0 1310180.0 1310180.0 1310180.0
1317345.0 1317345.0 1317345.0 1317345.0 1317345.0 1317345.0 1317345.0 1317345.0 1317345.0 1317345.0 1317345.0 1317345.0 1317345.0 1317345.0 1317345.0 1317345.0 1317345.0 -1.0 -1.0 -1.0 -1.0 -1.0 -1.0 -1.0 1317345.0 1317345.0 1317345.0 4610707.5 1317345.0 1317345.0 1317345.0 1317345.0 1317345.0 1317345.0 1317345.0 1317345.0 1317345.0 1317345.0 -1.0 -1.0 -1.0 -1.0 -1.0 -1.0 -1.0 -1.0 -1.0 1317345.0 -1.0 -1.0 -1.0 -1.0 -1.0 -1.0 1976017.5 1976017.5 4610707.5 1317345.0 1317345.0 1317345.0 1317345.0 1317345.0 1317345.0 1317345.0 1317345.0 1317345.0 1317345.0 1317345.0 1317345.0 1317345.0 1317345.0 1317345.0 1317345.0 1317345.0 1317345.0
1324410.0 1324410.0 1324410.0 1324410.0 1324410.0 1324410.0 1324410.0 1324410.0 1324410.0 1324410.0 1324410.0 1324410.0 1324410.0 1324410.0 1324410.0 1324410.0 1324410.0 1324410.0 1324410.0 1324410.0 -1.0 -1.0 -1.0 -1.0 -1.0 1324410.0 1324410.0 1324410.0 1324410.0 1324410.0 1324410.0 1324410.0 1324410.0 1324410.0 1324410.0 1324410.0 1324410.0 1324410.0 1324410.0 1324410.0 1324410.0 1324410.0 1324410.0 -1.0 1324410.0 1324410.0 1324410.0 1324410.0 1324410.0 1324410.0 1324410.0 4635435.0 4635435.0 1324410.0 1324410.0 1324410.0 4635435.0 1324410.0 1324410.0 1324410.0 1324410.0 1324410.0 1324410.0 1324410.0 1324410.0 1324410.0 1324410.0 1324410.0 1324410.0 1324410.0 1324410.0 1324410.0 1324410.0 1324410.0 1324410.0
1331370.0 1331370.0 1331370.0 1331370.0 1331370.0 1331370.0 1331370.0 1331370.0 1331370.0 1331370.0 1331370.0 1331370.0 1331370.0 1331370.0 1331370.0 1331370.0 1331370.0 1331370.0 1331370.0 1331370.0 1331370.0 1331370.0 -1.0 -1.0 1331370.0 1331370.0 1331370.0 1331370.0 1331370.0 1331370.0 1331370.0 1331370.0 1331370.0 1331370.0 1331370.0 1331370.0 1331370.0 1331370.0 1331370.0 1331370.0 1331370.0 1331370.0 1331370.0 1331370.0 1331370.0 1331370.0 1331370.0 1331370.0 1331370.0 1331370.0 1331370.0 1331370.0 1331370.0 1331370.0 1331370.0 1331370.0 1331370.0 1331370.0 1331370.0 1331370.0 1331370.0 1331370.0 1331370.0 1331370.0 1331370.0 1331370.0 1331370.0 1331370.0 1331370.0 1331370.0 1331370.0 1331370.0 1331370.0 1331370.0 1331370.0
1338230.0 1338230.0 1338230.0 1338230.0 1338230.0 1338230.0 1338230.0 1338230.0 1338230.0 1338230.0 1338230.0 1338230.0 1338230.0 1338230.0 1338230.0 1338230.0 1338230.0 1338230.0 1338230.0 1338230.0 1338230.0 1338230.0 1338230.0 1338230.0 1338230.0 1338230.0 1338230.0 1338230.0 1338230.0 1338230.0 1338230.0 1338230.0 1338230.0 1338230.0 1338230.0 1338230.0 1338230.0 1338230.0 1338230.0 1338230.0 1338230.0 1338230.0 1338230.0 1338230.0 1338230.0 1338230.0 1338230.0 1338230.0 1338230.0 1338230.0 1338230.0 1338230.0 1338230.0 1338230.0 1338230.0 1338230.0 1338230.0 1338230.0 1338230.0 1338230.0 1338230.0 1338230.0 1338230.0 1338230.0 1338230.0 1338230.0 1338230.0 1338230.0 1338230.0 1338230.0 1338230.0 1338230.0 1338230.0 1338230.0 1338230.0
1344990.0 1344990.0 1344990.0 1344990.0 1344990.0 1344990.0 1344990.0 1344990.0 1344990.0 1344990.0 1344990.0 1344990.0 1344990.0 1344990.0 1344990.0 1344990.0 1344990.0 1344990.0 1344990.0 1344990.0 1344990.0 1344990.0 1344990.0 1344990.0 1344990.0 1344990.0 1344990.0 1344990.0 1344990.0 1344990.0 1344990.0 1344990.0 1344990.0 1344990.0 1344990.0 1344990.0 1344990.0 1344990.0 1344990.0 1344990.0 1344990.0 1344990.0 1344990.0 1344990.0 1344990.0 1344990.0 1344990.0 1344990.0 1344990.0 1344990.0 1344990.0 1344990.0 1344990.0 1344990.0 1344990.0 1344990.0 1344990.0 1344990.0 1344990.0 1344990.0 1344990.0 1344990.0 1344990.0 1344990.0 1344990.0 1344990.0 1344990.0 1344990.0 1344990.0 1344990.0 1344990.0 1344990.0 1344990.0 1344990.0 1344990.0
1351650.0 1351650.0 1351650.0 1351650.0 1351650.0 1351650.0 1351650.0 1351650.0 1351650.0 1351650.0 1351650.0 1351650.0 1351650.0 1351650.0 1351650.0 1351650.0 1351650.0 1351650.0 1351650.0 1351650.0 1351650.0 1351650.0 1351650.0 1351650.0 1351650.0 1351650.0 1351650.0 1351650.0 1351650.0 1351650.0 1351650.0 1351650.0 1351650.0 1351650.0 1351650.0 1351650.0 1351650.0 1351650.0 1351650.0 1351650.0 1351650.0 1351650.0 1351650.0 1351650.0 1351650.0 1351650.0 1351650.0 1351650.0 1351650.0 1351650.0 1351650.0 1351650.0 1351650.0 1351650.0 1351650.0 1351650.0 1351650.0 1351650.0 1351650.0 1351650.0 1351650.0 1351650.0 1351650.0 1351650.0 1351650.0 1351650.0 1351650.0 1351650.0 1351650.0 1351650.0 1351650.0 1351650.0 1351650.0 1351650.0 1351650.0
1358205.0 1358205.0 1358205.0 1358205.0 1358205.0 1358205.0 1358205.0 1358205.0 1358205.0 1358205.0 1358205.0 1358205.0 1358205.0 1358205.0 1358205.0 1358205.0 1358205.0 1358205.0 1358205.0 1358205.0 1358205.0 1358205.0 1358205.0 1358205.0 1358205.0 1358205.0 1358205.0 1358205.0 1358205.0 1358205.0 1358205.0 1358205.0 1358205.0 1358205.0 1358205.0 1358205.0 1358205.0 1358205.0 1358205.0 1358205.0 1358205.0 1358205.0 1358205.0 1358205.0 1358205.0 1358205.0 1358205.0 1358205.0 1358205.0 1358205.0 1358205.0 1358205.0 1358205.0 1358205.0 1358205.0 1358205.0 1358205.0 1358205.0 1358205.0 1358205.0 1358205.0 1358205.0 1358205.0 1358205.0 1358205.0 1358205.0 1358205.0 1358205.0 1358205.0 1358205.0 1358205.0 1358205.0 1358205.0 1358205.0 1358205.0
1364655.0 1364655.0 1364655.0 1364655.0 1364655.0 1364655.0 1364655.0 1364655.0 1364655.0 1364655.0 1364655.0 1364655.0 1364655.0 1364655.0 1364655.0 1364655.0 1364655.0 1364655.0 1364655.0 1364655.0 1364655.0 1364655.0 1364655.0 1364655.0 1364655.0 1364655.0 1364655.0 1364655.0 1364655.0 1364655.0 1364655.0 1364655.0 1364655.0 1364655.0 1364655.0 1364655.0 1364655.0 1364655.0 1364655.0 1364655.0 1364655.0 1364655.0 1364655.0 1364655.0 1364655.0 1364655.0 1364655.0 1364655.0 1364655.0 1364655.0 1364655.0 1364655.0 1364655.0 1364655.0 1364655.0 1364655.0 1364655.0 1364655.0 1364655.0 1364655.0 1364655.0 1364655.0 1364655.0 1364655.0 1364655.0 1364655.0 1364655.0 1364655.0 1364655.0 1364655.0 1364655.0 1364655.0 1364655.0 1364655.0 1364655.0
1371000.0 1371000.0 1371000.0 1371000.0 1371000.0 1371000.0 1371000.0 1371000.0 1371000.0 1371000.0 1371000.0 1371000.0 1371000.0 1371000.0 1371000.0 1371000.0 1371000.0 1371000.0 1371000.0 1371000.0 1371000.0 1371000.0 1371000.0 1371000.0 1371000.0 1371000.0 1371000.0 1371000.0 1371000.0 1371000.0 1371000.0 1371000.0 1371000.0 1371000.0 1371000.0 1371000.0 1371000.0 1371000.0 1371000.0 1371000.0 1371000.0 1371000.0 1371000.0 1371000.0 1371000.0 1371000.0 1371000.0 1371000.0 1371000.0 1371000.0 1371000.0 1371000.0 1371000.0 1371000.0 1371000.0 1371000.0 1371000.0 1371000.0 1371000.0 1371000.0 1371000.0 1371000.0 1371000.0 1371000.0 1371000.0 1371000.0 1371000.0 1371000.0 1371000.0 1371000.0 1371000.0 1371000.0 1371000.0 1371000.0 1371000.0
1377245.0 1377245.0 1377245.0 1377245.0 1377245.0 1377245.0 1377245.0 1377245.0 1377245.0 1377245.0 1377245.0 1377245.0 1377245.0 1377245.0 1377245.0 1377245.0 1377245.0 1377245.0 1377245.0 1377245.0 1377245.0 1377245.0 1377245.0 1377245.0 1377245.0 1377245.0 1377245.0 1377245.0 1377245.0 1377245.0 1377245.0 1377245.0 1377245.0 1377245.0 1377245.0 1377245.0 1377245.0 1377245.0 1377245.0 1377245.0 1377245.0 1377245.0 1377245.0 1377245.0 1377245.0 1377245.0 1377245.0 1377245.0 1377245.0 1377245.0 1377245.0 1377245.0 1377245.0 -1.0 -1.0 -1.0 1377245.0 1377245.0 1377245.0 1377245.0 1377245.0 1377245.0 1377245.0 1377245.0 1377245.0 1377245.0 1377245.0 1377245.0 1377245.0 1377245.0 1377245.0 1377245.0 1377245.0 1377245.0 1377245.0
1383380.0 1383380.0 1383380.0 1383380.0 1383380.0 1383380.0 1383380.0 1383380.0 1383380.0 1383380.0 1383380.0 1383380.0 1383380.0 1383380.0 1383380.0 1383380.0 1383380.0 1383380.0 1383380.0 1383380.0 1383380.0 1383380.0 1383380.0 1383380.0 1383380.0 1383380.0 1383380.0 1383380.0 1383380.0 1383380.0 1383380.0 1383380.0 1383380.0 1383380.0 1383380.0 1383380.0 1383380.0 1383380.0 1383380.0 1383380.0 1383380.0 1383380.0 1383380.0 1383380.0 1383380.0 1383380.0 1383380.0 1383380.0 1383380.0 1383380.0 1383380.0 1383380.0 1383380.0 -1.0 -1.0 -1.0 -1.0 1383380.0 1383380.0 1383380.0 1383380.0 1383380.0 1383380.0 1383380.0 1383380.0 1383380.0 1383380.0 1383380.0 1383380.0 1383380.0 1383380.0 1383380.0 1383380.0 1383380.0 1383380.0
1389410.0 1389410.0 1389410.0 1389410.0 1389410.0 1389410.0 1389410.0 1389410.0 1389410.0 1389410.0 1389410.0 1389410.0 1389410.0 1389410.0 1389410.0 1389410.0 1389410.0 1389410.0 1389410.0 1389410.0 1389410.0 1389410.0 1389410.0 1389410.0 1389410.0 1389410.0 1389410.0 1389410.0 1389410.0 1389410.0 1389410.0 1389410.0 1389410.0 1389410.0 1389410.0 1389410.0 1389410.0 1389410.0 1389410.0 1389410.0 1389410.0 1389410.0 1389410.0 1389410.0 1389410.0 1389410.0 1389410.0 1389410.0 1389410.0 1389410.0 1389410.0 1389410.0 1389410.0 1389410.0 -1.0 -1.0 -1.0 1389410.0 1389410.0 1389410.0 1389410.0 1389410.0 1389410.0 1389410.0 1389410.0 1389410.0 1389410.0 1389410.0 1389410.0 1389410.0 1389410.0 1389410.0 1389410.0 1389410.0 1389410.0
1395340.0 1395340.0 1395340.0 1395340.0 1395340.0 1395340.0 1395340.0 1395340.0 1395340.0 1395340.0 1395340.0 1395340.0 1395340.0 1395340.0 1395340.0 1395340.0 1395340.0 1395340.0 1395340.0 1395340.0 1395340.0 1395340.0 1395340.0 1395340.0 1395340.0 1395340.0 1395340.0 1395340.0 1395340.0 1395340.0 1395340.0 1395340.0 1395340.0 1395340.0 1395340.0 1395340.0 1395340.0 1395340.0 1395340.0 1395340.0 1395340.0 1395340.0 1395340.0 1395340.0 1395340.0 1395340.0 1395340.0 1395340.0 1395340.0 1395340.0 1395340.0 1395340.0 1395340.0 1395340.0 1395340.0 -1.0 -1.0 -1.0 1395340.0 1395340.0 1395340.0 1395340.0 1395340.0 1395340.0 1395340.0 1395340.0 1395340.0 1395340.0 1395340.0 1395340.0 1395340.0 1395340.0 1395340.0 1395340.0 1395340.0
1401160.0 1401160.0 1401160.0 1401160.0 1401160.0 1401160.0 1401160.0 1401160.0 1401160.0 1401160.0 1401160.0 1401160.0 1401160.0 1401160.0 1401160.0 1401160.0 1401160.0 1401160.0 1401160.0 1401160.0 1401160.0 1401160.0 1401160.0 1401160.0 1401160.0 1401160.0 1401160.0 1401160.0 1401160.0 1401160.0 1401160.0 1401160.0 1401160.0 1401160.0 1401160.0 1401160.0 1401160.0 1401160.0 1401160.0 1401160.0 1401160.0 1401160.0 1401160.0 1401160.0 1401160.0 1401160.0 1401160.0 1401160.0 1401160.0 1401160.0 1401160.0 1401160.0 1401160.0 1401160.0 1401160.0 -1.0 -1.0 -1.0 -1.0 1401160.0 1401160.0 1401160.0 1401160.0 1401160.0 1401160.0 1401160.0 1401160.0 1401160.0 1401160.0 1401160.0 1401160.0 1401160.0 1401160.0 1401160.0 1401160.0
1406875.0 1406875.0 1406875.0 1406875.0 1406875.0 1406875.0 1406875.0 1406875.0 1406875.0 1406875.0 1406875.0 1406875.0 1406875.0 1406875.0 1406875.0 1406875.0 1406875.0 1406875.0 1406875.0 1406875.0 1406875.0 1406875.0 1406875.0 1406875.0 1406875.0 1406875.0 1406875.0 1406875.0 1406875.0 1406875.0 1406875.0 1406875.0 1406875.0 1406875.0 1406875.0 1406875.0 1406875.0 1406875.0 1406875.0 1406875.0 1406875.0 1406875.0 1406875.0 1406875.0 1406875.0 1406875.0 1406875.0 1406875.0 1406875.0 1406875.0 1406875.0 1406875.0 1406875.0 1406875.0 1406875.0 1406875.0 -1.0 -1.0 -1.0 1406875.0 1406875.0 1406875.0 1406875.0 1406875.0 1406875.0 1406875.0 1406875.0 1406875.0 1406875.0 1406875.0 1406875.0 1406875.0 1406875.0 1406875.0 1406875.0
1412480.0 1412480.0 1412480.0 1412480.0 1412480.0 1412480.0 1412480.0 1412480.0 1412480.0 1412480.0 1412480.0 1412480.0 1412480.0 1412480.0 1412480.0 1412480.0 1412480.0 1412480.0 1412480.0 1412480.0 1412480.0 1412480.0 1412480.0 1412480.0 1412480.0 1412480.0 1412480.0 1412480.0 1412480.0 1412480.0 1412480.0 1412480.0 1412480.0 1412480.0 1412480.0 1412480.0 1412480.0 1412480.0 1412480.0 1412480.0 1412480.0 1412480.0 1412480.0 1412480.0 1412480.0 1412480.0 1412480.0 1412480.0 1412480.0 1412480.0 1412480.0 1412480.0 1412480.0 1412480.0 1412480.0 1412480.0 1412480.0 -1.0 -1.0 1412480.0 1412480.0 1412480.0 1412480.0 1412480.0 1412480.0 1412480.0 1412480.0 1412480.0 1412480.0 1412480.0 1412480.0 1412480.0 1412480.0 1412480.0 1412480.0
1417975.0 1417975.0 1417975.0 1417975.0 1417975.0 1417975.0 1417975.0 1417975.0 1417975.0 1417975.0 1417975.0 1417975.0 1417975.0 1417975.0 1417975.0 1417975.0 1417975.0 1417975.0 1417975.0 1417975.0 1417975.0 1417975.0 1417975.0 1417975.0 1417975.0 1417975.0 1417975.0 1417975.0 1417975.0 1417975.0 1417975.0 1417975.0 1417975.0 1417975.0 1417975.0 1417975.0 1417975.0 1417975.0 1417975.0 1417975.0 1417975.0 1417975.0 1417975.0 1417975.0 1417975.0 1417975.0 1417975.0 1417975.0 1417975.0 1417975.0 1417975.0 1417975.0 1417975.0 1417975.0 1417975.0 1417975.0 1417975.0 -1.0 -1.0 -1.0 -1.0 1417975.0 1417975.0 1417975.0 1417975.0 1417975.0 1417975.0 1417975.0 1417975.0 1417975.0 1417975.0 1417975.0 1417975.0 1417975.0 1417975.0
1423370.0 1423370.0 1423370.0 1423370.0 1423370.0 1423370.0 1423370.0 1423370.0 1423370.0 1423370.0 1423370.0 1423370.0 1423370.0 1423370.0 1423370.0 1423370.0 1423370.0 1423370.0 1423370.0 1423370.0 1423370.0 1423370.0 1423370.0 1423370.0 1423370.0 1423370.0 1423370.0 1423370.0 1423370.0 1423370.0 1423370.0 1423370.0 1423370.0 1423370.0 1423370.0 1423370.0 1423370.0 1423370.0 1423370.0 1423370.0 1423370.0 1423370.0 1423370.0 1423370.0 1423370.0 1423370.0 1423370.0 1423370.0 1423370.0 1423370.0 1423370.0 1423370.0 1423370.0 1423370.0 1423370.0 1423370.0 1423370.0 -1.0 -1.0 -1.0 -1.0 -1.0 1423370.0 1423370.0 1423370.0 1423370.0 1423370.0 1423370.0 1423370.0 1423370.0 1423370.0 1423370.0 1423370.0 1423370.0 1423370.0
1428650.0 1428650.0 1428650.0 1428650.0 1428650.0 1428650.0 1428650.0 1428650.0 1428650.0 1428650.0 1428650.0 1428650.0 1428650.0 1428650.0 1428650.0 1428650.0 1428650.0 1428650.0 1428650.0 1428650.0 1428650.0 1428650.0 1428650.0 1428650.0 1428650.0 1428650.0 1428650.0 1428650.0 1428650.0 1428650.0 1428650.0 1428650.0 1428650.0 1428650.0 1428650.0 1428650.0 1428650.0 1428650.0 1428650.0 1428650.0 1428650.0 1428650.0 1428650.0 1428650.0 1428650.0 1428650.0 1428650.0 1428650.0 1428650.0 1428650.0 1428650.0 1428650.0 1428650.0 1428650.0 1428650.0 1428650.0 1428650.0 1428650.0 -1.0 -1.0 -1.0 -1.0 1428650.0 1428650.0 1428650.0 1428650.0 1428650.0 1428650.0 1428650.0 1428650.0 1428650.0 1428650.0 1428650.0 1428650.0 1428650.0
1433825.0 1433825.0 1433825.0 1433825.0 1433825.0 1433825.0 1433825.0 1433825.0 1433825.0 1433825.0 1433825.0 1433825.0 1433825.0 1433825.0 1433825.0 1433825.0 1433825.0 1433825.0 1433825.0 1433825.0 1433825.0 1433825.0 1433825.0 1433825.0 1433825.0 1433825.0 1433825.0 1433825.0 1433825.0 1433825.0 1433825.0 1433825.0 1433825.0 1433825.0 1433825.0 1433825.0 1433825.0 1433825.0 1433825.0 1433825.0 1433825.0 1433825.0 1433825.0 1433825.0 1433825.0 1433825.0 1433825.0 1433825.0 1433825.0 1433825.0 1433825.0 1433825.0 1433825.0 1433825.0 1433825.0 1433825.0 1433825.0 1433825.0 1433825.0 -1.0 -1.0 -1.0 -1.0 1433825.0 1433825.0 1433825.0 1433825.0 1433825.0 1433825.0 1433825.0 1433825.0 1433825.0 1433825.0 1433825.0 1433825.0
