critload/trunk/output/1999/ndep_tot_corr.asc
ncols 720
nrows 360
xllcorner -180
yllcorner -90
cellsize 0.5
NODATA_value -1.0
[rows 60 to 89 of 360, columns 330 to 395 of 720]
-1.0 -1.0 -1.0 -1.0 -1.0 -1.0 -1.0 -1.0 -1.0 -1.0 -1.0 -1.0 -1.0 -1.0 -1.0 -1.0 -1.0 -1.0 -1.0 -1.0 -1.0 -1.0 -1.0 -1.0 -1.0 -1.0 -1.0 802261.6004624399 -1.0 -1.0 -1.0 -1.0 -1.0 -1.0 -1.0 -1.0 -1.0 -1.0 -1.0 -1.0 1147790.05937946 1147790.05937946 1215307.1332647 1215307.1332647 1310625.3247374601 1310625.3247374601 1384099.7930038802 1384099.7930038802 1455588.42568236 1455588.42568236 1582679.412162 1582679.412162 2109124.3108385513 1548920.8440019803 1515162.3070593602 1515162.3070593602 1507219.17074244 1507219.17074244 1493318.5807312801 1493318.5807312801 1521119.7576318602 1521119.7576318602 1785230.6088438 1785230.6088438 1709770.3174764 1709770.3174764
-1.0 -1.0 -1.0 -1.0 -1.0 -1.0 -1.0 -1.0 -1.0 -1.0 -1.0 -1.0 -1.0 -1.0 -1.0 -1.0 -1.0 -1.0 -1.0 -1.0 -1.0 -1.0 -1.0 735630.6255308801 788031.7108032 -1.0 -1.0 -1.0 -1.0 -1.0 -1.0 -1.0 -1.0 -1.0 -1.0 -1.0 -1.0 -1.0 -1.0 -1.0 1164916.42511328 1164916.42511328 1233440.9324496 1233440.9324496 1330181.38245728 1330181.38245728 1404752.17544384 1404752.17544384 1477307.50186048 1477307.50186048 1819367.03122606 1606294.8340160002 1589020.3118549348 1572032.54866464 1537770.29499648 1537770.29499648 1529708.63782592 1529708.63782592 1515600.6348070402 1515600.6348070402 1543816.6376764802 1543816.6376764802 1811868.3306784 1811868.3306784 1735282.0837952 1735282.0837952
-1.0 -1.0 -1.0 -1.0 -1.0 -1.0 -1.0 -1.0 -1.0 -1.0 -1.0 -1.0 -1.0 -1.0 -1.0 -1.0 -1.0 -1.0 -1.0 760709.0582708399 877269.3367208401 877269.3367208401 950886.31560552 950886.31560552 985649.9069163601 -1.0 -1.0 -1.0 -1.0 -1.0 -1.0 -1.0 -1.0 -1.0 -1.0 -1.0 -1.0 -1.0 -1.0 -1.0 -1.0 1406902.7410452 1552091.88587208 1552091.88587208 1711595.447814 1711595.447814 1795436.9703984002 1795436.9703984002 1873143.726258 1873143.726258 -1.0 -1.0 2030602.3852464 2030602.3852464 1901772.6697872002 1901772.6697872002 1905862.5142704002 1905862.5142704002 1785212.2948968003 1785212.2948968003 1801571.7692700003 1801571.7692700003 1846559.8335576 1846559.8335576 1744314.0107988 1744314.0107988
-1.0 -1.0 -1.0 -1.0 -1.0 -1.0 -1.0 -1.0 -1.0 -1.0 -1.0 -1.0 -1.0 -1.0 -1.0 601530.1373010201 1070381.2252714387 684499.8072512 -1.0 771617.97847014 1130829.999336689 948086.2470938569 1453119.908317974 964522.4657509199 -1.0 -1.0 -1.0 -1.0 -1.0 -1.0 -1.0 -1.0 -1.0 -1.0 -1.0 -1.0 -1.0 -1.0 -1.0 -1.0 -1.0 1427078.3779242 1574349.60232868 1574349.60232868 1736140.5192190001 1736140.5192190001 1821184.3680664 1821184.3680664 -1.0 -1.0 -1.0 -1.0 2059722.1638744 2059722.1638744 1929044.9706312001 1929044.9706312001 1933193.4653784002 1933193.4653784002 1810813.0659828002 1810813.0659828002 1827407.1427950002 1827407.1427950002 1873040.3567595999 1873040.3567595999 -1.0 -1.0
-1.0 -1.0 -1.0 -1.0 -1.0 -1.0 -1.0 -1.0 -1.0 -1.0 -1.0 -1.0 -1.0 -1.0 -1.0 729884.75229184 872916.917624 872916.917624 1095878.858196 1728107.90641395 1527149.9455574397 1163188.05820216 1316737.3690112801 1316737.3690112801 1350391.96074776 1350391.96074776 1291496.3673427198 -1.0 -1.0 -1.0 -1.0 -1.0 -1.0 -1.0 -1.0 -1.0 -1.0 -1.0 -1.0 -1.0 -1.0 -1.0 -1.0 -1.0 -1.0 -1.0 -1.0 -1.0 -1.0 2322169.3164104004 2385271.713116 -1.0 -1.0 2393685.458596 2460994.6619088002 2460994.6619088002 2311652.4156248 2311652.4156248 2166516.645284 2166516.645284 2057139.2105672003 2057139.2105672003 1922520.6386096 1922520.6386096 -1.0 -1.0
-1.0 -1.0 -1.0 -1.0 -1.0 -1.0 -1.0 -1.0 -1.0 -1.0 -1.0 -1.0 -1.0 -1.0 -1.0 739954.59430656 884960.1003660001 884960.1003660001 1110998.131389 1736676.668503106 1525422.5658452932 1262318.4022047722 1587875.0672159628 1799423.950092674 1369022.6194373402 2532875.4383335337 1309314.47402448 -1.0 -1.0 -1.0 -1.0 -1.0 -1.0 -1.0 -1.0 -1.0 -1.0 -1.0 -1.0 -1.0 -1.0 -1.0 -1.0 -1.0 -1.0 -1.0 -1.0 2221996.2292554 2354207.0841186005 2718153.287061749 2993517.9188154065 2418180.0719190002 2426709.897489 2426709.897489 2494947.7310292 2494947.7310292 2343545.0870982 2343545.0870982 2196406.953681 2196406.953681 2085520.4951298002 2085520.4951298002 1949044.6604364002 1949044.6604364002 1904263.5287489998 -1.0
-1.0 -1.0 -1.0 -1.0 -1.0 -1.0 -1.0 -1.0 -1.0 -1.0 -1.0 -1.0 -1.0 -1.0 955283.8018967999 -1.0 1145476.0443152 1145476.0443152 1439409.5858536 1439409.5858536 1852446.2505123636 1670666.0780672 1964599.4123520001 1964599.4123520001 1908406.302096 1908406.302096 -1.0 -1.0 -1.0 -1.0 -1.0 -1.0 -1.0 -1.0 -1.0 -1.0 -1.0 -1.0 -1.0 -1.0 -1.0 -1.0 -1.0 -1.0 -1.0 -1.0 2902593.1234400007 2902593.1234400007 3337009.545944 3337009.545944 2941496.1530800005 -1.0 -1.0 -1.0 2876657.8836000003 2876657.8836000003 3008495.703872 3008495.703872 2632433.672936 2632433.672936 2435757.5492080003 2435757.5492080003 2187210.911824 2187210.911824 -1.0 -1.0
-1.0 -1.0 -1.0 -1.0 -1.0 -1.0 -1.0 -1.0 -1.0 -1.0 -1.0 -1.0 -1.0 -1.0 -1.0 -1.0 -1.0 1160681.1801753999 1458516.4178297 1458516.4178297 1692842.6262544 1692842.6262544 1990677.6539040003 2042199.8816305292 1933738.632042 -1.0 -1.0 -1.0 -1.0 -1.0 -1.0 -1.0 -1.0 -1.0 -1.0 -1.0 -1.0 -1.0 -1.0 -1.0 -1.0 -1.0 -1.0 -1.0 -1.0 -1.0 2941122.36463 2941122.36463 3381305.263663 3381305.263663 2980541.796035 2980541.796035 -1.0 -1.0 2914842.8584499997 2914842.8584499997 3048430.703944 3048430.703944 2667376.797097 2667376.797097 2468089.9795910004 2468089.9795910004 2216244.115298 2216244.115298 -1.0 -1.0
-1.0 -1.0 -1.0 -1.0 -1.0 -1.0 -1.0 -1.0 -1.0 -1.0 -1.0 -1.0 -1.0 -1.0 -1.0 -1.0 -1.0 1459765.1096335999 1641681.14926438 1641681.14926438 1970017.4265478 2375235.345686975 2409277.9372284003 2409277.9372284003 2524639.447981 2524639.447981 2220706.5099267997 -1.0 -1.0 -1.0 -1.0 -1.0 -1.0 -1.0 -1.0 -1.0 -1.0 -1.0 -1.0 -1.0 -1.0 -1.0 -1.0 -1.0 -1.0 -1.0 3476370.6997697996 3476370.6997697996 3999934.084979 3999934.084979 3551799.4241422 3551799.4241422 3680471.584685 3680471.584685 3354353.9513106 3354353.9513106 3312202.5663594003 3312202.5663594003 2961681.569343 -1.0 -1.0 -1.0 -1.0 -1.0 -1.0 -1.0
-1.0 -1.0 -1.0 -1.0 -1.0 -1.0 -1.0 -1.0 -1.0 -1.0 -1.0 -1.0 -1.0 1080726.950732 1267214.1095614 1267214.1095614 1478416.403464 1478416.403464 1662656.7687587002 1662656.7687587002 1995188.170547 1995188.170547 2440061.075166 2440061.075166 2556896.550065 2556896.550065 2249080.286882 2249080.286882 -1.0 -1.0 -1.0 -1.0 -1.0 -1.0 -1.0 -1.0 -1.0 -1.0 -1.0 -1.0 -1.0 -1.0 -1.0 -1.0 -1.0 -1.0 3520787.9905769997 3520787.9905769997 4051040.9003350004 4051040.9003350004 3597180.461303 3597180.461303 3727496.655025 3727496.655025 3397212.244569 3397212.244569 3354522.294981 3354522.294981 2999522.7211949998 2999522.7211949998 2738890.051183 -1.0 -1.0 -1.0 -1.0 -1.0
-1.0 -1.0 -1.0 -1.0 -1.0 -1.0 -1.0 -1.0 -1.0 -1.0 -1.0 -1.0 1608434.5893891999 1646286.0978285114 1913286.3782 1913286.3782 2449040.321187993 2263638.6048640003 1963336.6656400003 1963336.6656400003 2211313.2620920003 2211313.2620920003 2679966.04136 2679966.04136 2946142.615536 2946142.615536 2998467.922544 2998467.922544 2809641.763332 -1.0 -1.0 -1.0 -1.0 -1.0 -1.0 -1.0 -1.0 -1.0 -1.0 -1.0 -1.0 -1.0 -1.0 -1.0 -1.0 -1.0 4017673.7921240004 4017673.7921240004 4550027.119296 4550027.119296 4206500.130156 4206500.130156 4142799.6537800003 4142799.6537800003 3801547.863028 3801547.863028 3576321.283436 3576321.283436 -1.0 -1.0 -1.0 -1.0 -1.0 2284070.3634800003 2317555.803276 2317555.803276
-1.0 -1.0 -1.0 -1.0 -1.0 -1.0 -1.0 -1.0 -1.0 856721.7541854599 1491111.157591912 1568628.0011787196 1658363.3112858825 2639044.147315666 2149197.799827522 1936835.9997100001 2291500.5250592004 2531861.180602381 1987502.329442 -1.0 2238531.1375526004 2238531.1375526004 2712952.313908 2712952.313908 2982405.1135608 2982405.1135608 3035374.4648632 3035374.4648632 2844224.1451745997 2844224.1451745997 -1.0 -1.0 -1.0 -1.0 -1.0 -1.0 -1.0 -1.0 -1.0 -1.0 -1.0 -1.0 -1.0 -1.0 -1.0 -1.0 -1.0 4067125.1958622006 4606030.9761888 4606030.9761888 4258275.6965718 4258275.6965718 4193791.1650090003 4193791.1650090003 3848339.0879834 3848339.0879834 3620340.3145558 3620340.3145558 3369311.3254242004 2610127.1000948 2438854.1533532 2438854.1533532 2312183.7672940004 2312183.7672940004 2346081.3615078004 2346081.3615078004
-1.0 -1.0 -1.0 -1.0 -1.0 -1.0 -1.0 -1.0 -1.0 1032561.7573281601 1801738.8205235202 2907995.16123133 3652899.685354579 3793438.206340806 3340348.3580556186 2896438.2102595596 3497099.2695362545 2489336.5015040003 -1.0 -1.0 -1.0 -1.0 -1.0 2936857.4739312 3582499.8706912007 3582499.8706912007 3689718.5419647996 3689718.5419647996 3850546.3656672 3850546.3656672 2915880.0480064 -1.0 -1.0 -1.0 -1.0 -1.0 -1.0 -1.0 -1.0 -1.0 -1.0 -1.0 -1.0 -1.0 4857469.2589792 4857469.2589792 5158147.187326401 5158147.187326401 5416870.666881599 5416870.666881599 5081229.580305601 5081229.580305601 4778220.6599328 4778220.6599328 4733934.779416 4733934.779416 4500850.7464784 4500850.7464784 3797633.623488 3239330.2544128 2883617.9619632 2883617.9619632 2670551.56488 2670551.56488 2710275.9326128 2710275.9326128
-1.0 -1.0 -1.0 -1.0 -1.0 -1.0 -1.0 -1.0 -1.0 1044814.4387636401 1823118.7831660802 1823118.7831660802 3696962.0879417686 3941746.588258563 3720959.226305981 3693735.04631852 3690581.1341604395 2518875.700416 -1.0 -1.0 2490573.430476 2490573.430476 2971707.0882948 2971707.0882948 3625010.8675848003 3625010.8675848003 3733501.8271392 3733501.8271392 3896238.0810888004 3896238.0810888004 2950480.7380656 -1.0 -1.0 -1.0 -1.0 -1.0 -1.0 -1.0 -1.0 3525954.1833923995 4056616.0906164 9657106.585784758 11415691.332146809 7467464.05073682 4915109.417536801 4915109.417536801 5219355.2785956 5219355.2785956 5481148.8470364 5481148.8470364 5141524.944632401 5141524.944632401 4834920.4313112 4834920.4313112 4790109.041514 4790109.041514 4554259.1649036 4554259.1649036 4022412.333012 3277769.0997312004 2917835.8206228 2917835.8206228 2702241.1150200004 2702241.1150200004 2742436.8637812003 2742436.8637812003
-1.0 -1.0 -1.0 -1.0 -1.0 -1.0 -1.0 -1.0 -1.0 -1.0 1803789.7987231002 2803920.942785252 3722362.3973615556 3616339.5514134644 3761611.0245604534 3744480.847754262 3284505.4851244865 2667509.292846 -1.0 -1.0 2748632.0653142 2748632.0653142 3717333.9543188 3717333.9543188 4294737.5856436 4294737.5856436 4256562.189782 4256562.189782 4409263.9607694 4409263.9607694 3808000.688277 3808000.688277 3562246.0616802 3562246.0616802 -1.0 -1.0 -1.0 -1.0 -1.0 8080354.331460627 5478176.320173 7953308.27682925 9805629.978259996 6699790.450564 5984000.9904868 5984000.9904868 5821755.2580094 5821755.2580094 5716772.956898199 5716772.956898199 5714386.985279801 5714386.985279801 5265825.4462666 5265825.4462666 4991439.310281799 4991439.310281799 4624000.5062286 4624000.5062286 4060698.9078742005 3428800.475458 3197648.3537442 3197648.3537442 3060870.3890012004 3060870.3890012004 3131107.64419 3131107.64419
-1.0 -1.0 -1.0 -1.0 -1.0 -1.0 -1.0 -1.0 -1.0 1168015.3202432399 2630226.4199353512 3053775.033170916 3685067.667059196 3366760.1993049746 2987490.8476312845 3151264.3098000763 2698018.927716 2698018.927716 -1.0 -1.0 2780069.5418132003 2780069.5418132003 3759850.9577048006 3759850.9577048006 4343858.6424856 4343858.6424856 4305246.615572 4305246.615572 4459694.9129123995 4459694.9129123995 3851554.692342 3851554.692342 3602989.2474492 3602989.2474492 -1.0 -1.0 -1.0 -1.0 4380057.44617 10187187.14403957 6342330.065574759 5540832.956358 9650531.113366079 7056502.436574517 6052442.9958328 6052442.9958328 5888341.577952401 5888341.577952401 5782158.5418772 5782158.5418772 5779745.280710801 5779745.280710801 5326053.319543599 5326053.319543599 5048528.8924028 5048528.8924028 4676887.5073956 4676887.5073956 4440388.7097696 3709610.3823100002 3234221.4535932 3234221.4535932 3095879.0910152 3095879.0910152 3166919.68474 3166919.68474
-1.0 -1.0 -1.0 -1.0 -1.0 -1.0 -1.0 -1.0 -1.0 1120128.0812944202 1662457.0677380133 2668324.5887899916 3515567.612691017 1944404.830224948 1927889.2714815 -1.0 -1.0 -1.0 -1.0 2125558.895877 2988936.1041799253 2584754.192268966 3338420.9326758003 3338420.9326758003 4219393.1013972005 4219393.1013972005 4160824.1206146004 4160824.1206146004 4334090.345090999 4334090.345090999 4109576.7947220006 4109576.7947220006 3692274.0007068 -1.0 -1.0 -1.0 -1.0 4375576.3723973995 7813139.434075104 12258869.817816278 12343219.637265127 9470202.333995823 6137520.8249304 6137520.8249304 6227814.227526001 6227814.227526001 6064309.7236332 6064309.7236332 5776346.6390970005 5776346.6390970005 5510346.8696046 5510346.8696046 5537190.8147598 5537190.8147598 5053998.3825204 5053998.3825204 4905136.0375056 4905136.0375056 4565925.2818062 3905270.5514886007 3446371.819026 3446371.819026 3357518.5017396 3357518.5017396 3463386.2938332004 3463386.2938332004
-1.0 -1.0 -1.0 -1.0 -1.0 -1.0 -1.0 -1.0 -1.0 -1.0 1640745.61785416 -1.0 -1.0 -1.0 -1.0 -1.0 -1.0 -1.0 -1.0 -1.0 -1.0 2600520.0891554 3375248.2143742 3375248.2143742 4265938.6933028 4265938.6933028 4206723.6177354 4206723.6177354 4381901.202159001 4381901.202159001 4154910.964778001 4154910.964778001 3733004.7585932 -1.0 -1.0 3903247.601472 4423844.876252599 4423844.876252599 5943693.6470864 5943693.6470864 6548178.813066601 6548178.813066601 6205225.9504696 6205225.9504696 6296515.410974001 6296515.410974001 6131207.2320668 6131207.2320668 5840067.526653 5840067.526653 5571133.4212454 5571133.4212454 5598273.4912902 5598273.4912902 5109750.7953796005 5109750.7953796005 4959246.298094399 4959246.298094399 4616293.5906438 4586351.2275356 3484389.944474 3484389.944474 3394556.4553604 3394556.4553604 3501592.1118668 3501592.1118668
-1.0 -1.0 -1.0 -1.0 -1.0 -1.0 -1.0 -1.0 -1.0 -1.0 -1.0 -1.0 -1.0 -1.0 -1.0 -1.0 -1.0 -1.0 -1.0 -1.0 2780828.2705124 4171700.264373379 3494116.87719 3494116.87719 3499104.8054927997 3499104.8054927997 3741024.444666 3741024.444666 3948027.8407904 3948027.8407904 4030330.5985231996 4030330.5985231996 -1.0 4152537.0571260005 4673786.6406896 4673786.6406896 5170095.720189599 5170095.720189599 6077918.039458401 6077918.039458401 6970877.036769354 6644059.7618832 6384681.726738 6384681.726738 6050483.473226401 6050483.473226401 6225064.9237112 6225064.9237112 5768659.780321999 5768659.780321999 5449425.6253732005 5449425.6253732005 5334700.8435872 5334700.8435872 5057865.1573992 5057865.1573992 4885055.893481201 4509985.9624144 3935094.2623996004 3857341.6498408 3688295.3369664 3688295.3369664 3672839.0754432 3672839.0754432 3645790.2257096 3645790.2257096
-1.0 -1.0 -1.0 -1.0 -1.0 -1.0 -1.0 -1.0 -1.0 -1.0 -1.0 -1.0 -1.0 -1.0 -1.0 -1.0 -1.0 -1.0 2016454.2598046 2146285.3241932523 2810433.2808705997 2810433.2808705997 3531315.638235 -1.0 -1.0 -1.0 -1.0 -1.0 -1.0 -1.0 -1.0 -1.0 4196745.433419 4196745.433419 4723544.2986424 4723544.2986424 5225137.140392399 5225137.140392399 6142624.2381196 6142624.2381196 6714793.1689608 6714793.1689608 6452653.766097 6452653.766097 6114897.6004116 6114897.6004116 6291337.664642801 6291337.664642801 5830073.580793001 5830073.580793001 5507440.823145799 5507440.823145799 5391494.6684368 5391494.6684368 4719362.717192201 4148985.5134266 3926729.096213 3926729.096213 3731466.6652494003 3731466.6652494003 3727561.3437216002 3727561.3437216002 3711940.5331008 3711940.5331008 3684603.7182724 3684603.7182724
-1.0 -1.0 -1.0 -1.0 -1.0 -1.0 -1.0 -1.0 -1.0 -1.0 -1.0 -1.0 -1.0 -1.0 -1.0 -1.0 -1.0 -1.0 -1.0 1838873.40939264 -1.0 -1.0 -1.0 -1.0 -1.0 -1.0 3453618.0134912 3453618.0134912 -1.0 -1.0 4255896.8224768005 4255896.8224768005 4569167.3137152 4569167.3137152 4755092.110336 4755092.110336 5083644.378009601 5083644.378009601 5325601.474048 5325601.474048 5717826.2086656 5717826.2086656 6153348.9895423995 6153348.9895423995 5776405.430784 5776405.430784 5529354.7696128 5529354.7696128 5458041.014067199 5458041.014067199 5182973.9629568 5182973.9629568 5053081.425715201 5053081.425715201 4998146.698956801 3928529.2109824005 3851366.966272 3851366.966272 3835582.5878016003 3835582.5878016003 3831636.7234047996 3831636.7234047996 3750742.2191616 3750742.2191616 3658009.4010368004 3658009.4010368004
-1.0 -1.0 -1.0 -1.0 -1.0 -1.0 -1.0 -1.0 -1.0 -1.0 -1.0 -1.0 -1.0 -1.0 -1.0 -1.0 -1.0 -1.0 -1.0 -1.0 -1.0 -1.0 -1.0 -1.0 -1.0 3110845.5759168 3489087.1562928 4124894.8533420307 3869901.9784224005 3869901.9784224005 4299605.481499201 4299605.481499201 4616093.3047488 4616093.3047488 4803927.575184001 4803927.575184001 5135854.1208624 5135854.1208624 5380296.150312001 5380296.150312001 5776549.0881264 5776549.0881264 6216544.7492256 6216544.7492256 5835729.927096 5835729.927096 5586142.020883201 5586142.020883201 5514095.863036799 5514095.863036799 5236203.834619201 5236203.834619201 5104977.282748801 5104977.282748801 5081819.603601601 4858269.3071568 4141762.8905808004 3890921.0467680003 3874974.5605104 3874974.5605104 3870988.1715312 3870988.1715312 3789262.8693504 3789262.8693504 3695577.6721392 3695577.6721392
-1.0 -1.0 -1.0 -1.0 -1.0 -1.0 -1.0 -1.0 -1.0 -1.0 -1.0 -1.0 -1.0 -1.0 -1.0 -1.0 -1.0 -1.0 -1.0 -1.0 2164989.3113856004 2164989.3113856004 2632814.0203008 6174557.1445170725 2978484.5561856003 2978484.5561856003 3357942.6112512 3357942.6112512 3719207.3081856 3719207.3081856 4132452.5147136 4132452.5147136 4519707.4664448 4519707.4664448 4948547.1200256 4948547.1200256 4964141.240217601 4964141.240217601 5013522.6753024 5013522.6753024 5101889.7785856 5101889.7785856 5229241.651199999 5229241.651199999 5278623.576576 5278623.576576 5146072.94208 5146072.94208 5169464.3675136 5169464.3675136 4974537.1296768 4974537.1296768 4849783.7595648 4849783.7595648 4834189.8028032 4834189.8028032 4818637.6025088 4455217.708032 3948621.4656 4093824.1870848 4794232.9494528 4520907.6993024 4113110.894592 3995391.4871807997 3485204.7605760004 3485204.7605760004
-1.0 -1.0 -1.0 -1.0 -1.0 -1.0 -1.0 -1.0 -1.0 -1.0 -1.0 -1.0 -1.0 -1.0 -1.0 -1.0 -1.0 -1.0 -1.0 -1.0 2186449.7170656 6995596.766214898 7896082.868013979 7273666.8361116545 7871087.525656206 9137725.970676502 8414154.166703388 8668158.716955192 3756073.8632405996 3756073.8632405996 4173415.3531686 4173415.3531686 4564508.9605098 4564508.9605098 4997599.4770806 4997599.4770806 5013348.173622601 5013348.173622601 5063219.1010224 5063219.1010224 5152462.1411406 5152462.1411406 5281076.3862 5281076.3862 5330947.808751 5330947.808751 5197083.269205 5197083.269205 5220706.5615936 5220706.5615936 5023847.1120918 5023847.1120918 4897857.127129801 4897857.127129801 4882108.5956382 4882108.5956382 4897857.127129801 4897857.127129801 4866359.8990962 4866359.8990962 4903106.926465199 4903106.926465199 4677375.045441 4555650.4579662 3549792.9242808004 3519751.770876
-1.0 -1.0 -1.0 -1.0 -1.0 -1.0 -1.0 -1.0 -1.0 -1.0 -1.0 -1.0 -1.0 -1.0 -1.0 -1.0 -1.0 -1.0 -1.0 -1.0 -1.0 1826099.0959921202 2218352.6725830003 6337545.70876446 7962571.966188175 7718298.872898053 9338708.78997222 3350057.0372622004 3649547.723454 3649547.723454 4222025.9104608 4222025.9104608 4611629.0018556 4611629.0018556 4693790.3847822 4693790.3847822 4643433.257619601 4643433.257619601 4468509.4342716 4468509.4342716 4707042.144129 4707042.144129 4805105.40495 4805105.40495 4990630.785768 4990630.785768 5046288.4833426 5046288.4833426 4765349.835257401 4765349.835257401 4455257.716589401 4455257.716589401 4328040.2768874 4328040.2768874 4388998.7948616 4388998.7948616 4129263.2617164003 4129263.2617164003 4147815.7581336005 4147815.7581336005 4092158.2272174 4092158.2272174 4110710.7236346 3788355.0466026003 3304749.4929612 3200897.0192994
-1.0 -1.0 -1.0 -1.0 -1.0 -1.0 -1.0 -1.0 -1.0 -1.0 -1.0 -1.0 -1.0 -1.0 -1.0 -1.0 -1.0 -1.0 -1.0 -1.0 -1.0 -1.0 -1.0 -1.0 -1.0 2841611.7805376 3567628.131089944 3382106.6125624003 3684462.4885679996 3684462.4885679996 4262417.5025536 4262417.5025536 4655747.8778352 4655747.8778352 4738695.2884024 4738695.2884024 4687856.4009232 4687856.4009232 4511259.103307201 4511259.103307201 4752073.825668 4752073.825668 4851075.2454 4851075.2454 5038375.524256 5038375.524256 5094565.6920392 5094565.6920392 4810939.339160801 4810939.339160801 4497880.608104801 4497880.608104801 4369446.0951208 4369446.0951208 4430987.7955872 4430987.7955872 4168767.4051888003 4168767.4051888003 4187497.3910112 4187497.3910112 4131307.3914808 4131307.3914808 4097462.8360024 3267503.447192 3231519.5994248 3231519.5994248
-1.0 -1.0 -1.0 -1.0 -1.0 -1.0 -1.0 -1.0 -1.0 -1.0 -1.0 -1.0 -1.0 -1.0 -1.0 -1.0 -1.0 -1.0 -1.0 -1.0 -1.0 -1.0 -1.0 -1.0 -1.0 2452400.9267872004 3054697.6017416003 3054697.6017416003 3500343.0436016 3500343.0436016 4089135.4424632 4089135.4424632 4334915.5940944 4334915.5940944 4434848.4515028 4434848.4515028 4294402.3836868005 4294402.3836868005 4234983.076356401 4234983.076356401 4191768.9767632005 4191768.9767632005 4734646.0896344 4734646.0896344 4810270.9019136 4810270.9019136 4345719.1932956 4345719.1932956 4189068.0451188 4189068.0451188 4032416.7271068003 4032416.7271068003 4170161.9057372 4170161.9057372 3891971.0838788003 3891971.0838788003 3897372.6924148 3897372.6924148 3789337.3372848006 3743417.7204968 3608442.0444728 3614870.0095812 3331460.507036755 2832988.06563 2826711.1689320006 2826711.1689320006
-1.0 -1.0 -1.0 -1.0 -1.0 -1.0 -1.0 -1.0 -1.0 -1.0 -1.0 -1.0 -1.0 -1.0 -1.0 -1.0 -1.0 -1.0 -1.0 -1.0 -1.0 -1.0 -1.0 -1.0 -1.0 -1.0 3082914.423682 3082914.423682 3532676.377132 3532676.377132 4126907.563214 4126907.563214 4374958.032788 4374958.032788 4475813.988981 4475813.988981 4334070.594161 4334070.594161 4274102.419403 4274102.419403 4230489.142964 4230489.142964 4778380.914838 4778380.914838 4854704.287872 4854704.287872 4385861.426887 4385861.426887 4227763.262301 4227763.262301 4069664.9263110003 4069664.9263110003 4208682.483319 4208682.483319 3927921.960001 3927921.960001 3908074.2766720005 3170190.5123159997 3084404.824313 3011370.3512310004 3032311.206421 3530541.8140192744 2859156.914475 2859156.914475 2852822.03689 2852822.03689
-1.0 -1.0 -1.0 -1.0 -1.0 -1.0 -1.0 -1.0 -1.0 -1.0 -1.0 -1.0 -1.0 -1.0 -1.0 -1.0 -1.0 -1.0 -1.0 -1.0 -1.0 -1.0 -1.0 -1.0 -1.0 -1.0 -1.0 2552534.2969199996 3209921.74592 3209921.74592 3823299.95532 3823299.95532 4048847.36232 4048847.36232 4002087.5398399998 4002087.5398399998 3941574.71648 3941574.71648 3881062.23904 3881062.23904 3930572.6444 3930572.6444 3834302.33008 3834302.33008 4081854.18392 4081854.18392 4288147.381039999 4288147.381039999 4073602.39204 4073602.39204 3925071.30568 3925071.30568 4026842.7425200003 4026842.7425200003 3636260.9248399995 3636260.9248399995 3361203.4584 2747031.96796 2625153.71492 2625153.71492 2631546.2732800003 2631546.2732800003 2591061.05044 2591061.05044 2623023.02068 2623023.02068
-1.0 -1.0 -1.0 -1.0 -1.0 -1.0 -1.0 -1.0 -1.0 -1.0 -1.0 -1.0 -1.0 -1.0 -1.0 -1.0 -1.0 -1.0 -1.0 -1.0 -1.0 -1.0 -1.0 -1.0 -1.0 -1.0 -1.0 2575296.9524447997 3238546.7650048 3238546.7650048 3857394.8781408 3857394.8781408 4084953.6422208 4084953.6422208 4037776.8311296 4037776.8311296 3976724.3744512 3976724.3744512 3915672.2667776 3915672.2667776 3965624.189536 3965624.189536 3868495.3684352 3868495.3684352 4118254.8077248004 4118254.8077248004 4326387.6592576 4326387.6592576 4109929.4290976003 4109929.4290976003 3960073.7916992 3960073.7916992 4062752.7925088 4062752.7925088 3668687.8955296 3668687.8955296 -1.0 2627066.0559456004 2648563.9663648005 2648563.9663648005 2655013.5314432 2655013.5314432 2614167.2747935997 2614167.2747935997 2646414.2712991997 2646414.2712991997
