critload/trunk/output/1999/ndep_crit_tot.asc
ncols 720
nrows 360
xllcorner -180.0
yllcorner -90.0
cellsize 0.5
NODATA_value -9999.0
[rows 64 to 95 of 360, columns 497 to 567 of 720]
1239990.0 1239990.0 1239990.0 1239990.0 1239990.0 1239990.0 1239990.0 1239990.0 1239990.0 1239990.0 1239990.0 1239990.0 1239990.0 1239990.0 1239990.0 1239990.0 1239990.0 1239990.0 1239990.0 1239990.0 1239990.0 1239990.0 1239990.0 1239990.0 1239990.0 1239990.0 1239990.0 1239990.0 1239990.0 1239990.0 1239990.0 1239990.0 1239990.0 1239990.0 1239990.0 1239990.0 1239990.0 1239990.0 1239990.0 1239990.0 1239990.0 1239990.0 1239990.0 1239990.0 1239990.0 1239990.0 1239990.0 1239990.0 1239990.0 1239990.0 1239990.0 1239990.0 1239990.0 1239990.0 1239990.0 1239990.0 1239990.0 1239990.0 1239990.0 1239990.0 1239990.0 1239990.0 1239990.0 1239990.0 1239990.0 1239990.0 1239990.0 1239990.0 1239990.0 1239990.0 1239990.0
1257097.5 1257097.5 1257097.5 1257097.5 1257097.5 1257097.5 1257097.5 1257097.5 1257097.5 1257097.5 1257097.5 1257097.5 1257097.5 1257097.5 1257097.5 1257097.5 1257097.5 1257097.5 1257097.5 1257097.5 1257097.5 1257097.5 1257097.5 1257097.5 1257097.5 1257097.5 1257097.5 1257097.5 1257097.5 1257097.5 1257097.5 1257097.5 1257097.5 1257097.5 1257097.5 1257097.5 1257097.5 1257097.5 1257097.5 1257097.5 1257097.5 1257097.5 1257097.5 1257097.5 1257097.5 1257097.5 1257097.5 1257097.5 1257097.5 1257097.5 1257097.5 1257097.5 1257097.5 1257097.5 1257097.5 1257097.5 1257097.5 1257097.5 1257097.5 1257097.5 1257097.5 1257097.5 1257097.5 1257097.5 1257097.5 1257097.5 1257097.5 1257097.5 1257097.5 1257097.5 1257097.5
1274100.0 1274100.0 1274100.0 1274100.0 1274100.0 1274100.0 1274100.0 1274100.0 1274100.0 1274100.0 1274100.0 1274100.0 1274100.0 1274100.0 1274100.0 1274100.0 1274100.0 1274100.0 1274100.0 1274100.0 1274100.0 1274100.0 1274100.0 1274100.0 1274100.0 1274100.0 1274100.0 1274100.0 1274100.0 1274100.0 1274100.0 1274100.0 1274100.0 1274100.0 1274100.0 1274100.0 1274100.0 1274100.0 1274100.0 1274100.0 1274100.0 1274100.0 1274100.0 1274100.0 1274100.0 1274100.0 1274100.0 1274100.0 1274100.0 1274100.0 1274100.0 1274100.0 1274100.0 1274100.0 1274100.0 1274100.0 1274100.0 1274100.0 1274100.0 1274100.0 1274100.0 1274100.0 1274100.0 1274100.0 1274100.0 1274100.0 1274100.0 1274100.0 1274100.0 1274100.0 1274100.0
1291012.5 1291012.5 1291012.5 1291012.5 1291012.5 1291012.5 1291012.5 1291012.5 1291012.5 1291012.5 1291012.5 1291012.5 1291012.5 1291012.5 1291012.5 1291012.5 1291012.5 1291012.5 1291012.5 1291012.5 1291012.5 1291012.5 1291012.5 1291012.5 1291012.5 1291012.5 1291012.5 1291012.5 1291012.5 1291012.5 1291012.5 1291012.5 1291012.5 1291012.5 1291012.5 1291012.5 1291012.5 1291012.5 1291012.5 1291012.5 1291012.5 1291012.5 1291012.5 1291012.5 1291012.5 1291012.5 1291012.5 1291012.5 1291012.5 1291012.5 1291012.5 1291012.5 1291012.5 1291012.5 1291012.5 1291012.5 1291012.5 1291012.5 1291012.5 1291012.5 1291012.5 1291012.5 1291012.5 1291012.5 1291012.5 1291012.5 1291012.5 1291012.5 1291012.5 1291012.5 1291012.5
1307827.5 1307827.5 1307827.5 1307827.5 1307827.5 1307827.5 1307827.5 1307827.5 1307827.5 1307827.5 1307827.5 1307827.5 1307827.5 1307827.5 1307827.5 1307827.5 1307827.5 1307827.5 1307827.5 1307827.5 1307827.5 1307827.5 1307827.5 1307827.5 1307827.5 1307827.5 1307827.5 1307827.5 1307827.5 1307827.5 1307827.5 1307827.5 1307827.5 1307827.5 1307827.5 1307827.5 1307827.5 1307827.5 1307827.5 1307827.5 1307827.5 1307827.5 1307827.5 1307827.5 1307827.5 1307827.5 1307827.5 1307827.5 1307827.5 1307827.5 1307827.5 1307827.5 1307827.5 1307827.5 1307827.5 1307827.5 1307827.5 1307827.5 1307827.5 1307827.5 1307827.5 1307827.5 1307827.5 1307827.5 1307827.5 1307827.5 1307827.5 1307827.5 1307827.5 1307827.5 1307827.5
1324537.5 1324537.5 1324537.5 1324537.5 1324537.5 1324537.5 1324537.5 1324537.5 1324537.5 1324537.5 1324537.5 1324537.5 1324537.5 1324537.5 1324537.5 1324537.5 1324537.5 1324537.5 1324537.5 1324537.5 1324537.5 1324537.5 1324537.5 1324537.5 1324537.5 1324537.5 1324537.5 1324537.5 1324537.5 1324537.5 1324537.5 1324537.5 1324537.5 1324537.5 1324537.5 1324537.5 1324537.5 1324537.5 1324537.5 1324537.5 1324537.5 1324537.5 1324537.5 1324537.5 1324537.5 1324537.5 1324537.5 1324537.5 1324537.5 1324537.5 1324537.5 1324537.5 1324537.5 1324537.5 1324537.5 1324537.5 1324537.5 1324537.5 1324537.5 1324537.5 1324537.5 1324537.5 1324537.5 1324537.5 1324537.5 1324537.5 1324537.5 1324537.5 1324537.5 1324537.5 1324537.5
3129350.0 3129350.0 3129350.0 3129350.0 3129350.0 1341150.0 1341150.0 1341150.0 1341150.0 1341150.0 3129350.0 3129350.0 3129350.0 3129350.0 3129350.0 1341150.0 3129350.0 1341150.0 1341150.0 1341150.0 1341150.0 1341150.0 1341150.0 1341150.0 1341150.0 1341150.0 1341150.0 1341150.0 1341150.0 1341150.0 1341150.0 1341150.0 1341150.0 1341150.0 1341150.0 1341150.0 1341150.0 1341150.0 1341150.0 1341150.0 1341150.0 1341150.0 1341150.0 1341150.0 1341150.0 1341150.0 1341150.0 1341150.0 1341150.0 1341150.0 1341150.0 1341150.0 1341150.0 1341150.0 1341150.0 1341150.0 1341150.0 1341150.0 1341150.0 1341150.0 1341150.0 1341150.0 1341150.0 1341150.0 1341150.0 1341150.0 1341150.0 1341150.0 1341150.0 1341150.0 1341150.0
3167867.5 3167867.5 3167867.5 3167867.5 3167867.5 3167867.5 3167867.5 3167867.5 3167867.5 3167867.5 3167867.5 3167867.5 3167867.5 3167867.5 3167867.5 3167867.5 3167867.5 3167867.5 3167867.5 3167867.5 3167867.5 1357657.5 1357657.5 1357657.5 1357657.5 1357657.5 1357657.5 1357657.5 1357657.5 1357657.5 1357657.5 1357657.5 1357657.5 1357657.5 1357657.5 1357657.5 1357657.5 1357657.5 1357657.5 1357657.5 1357657.5 1357657.5 1357657.5 1357657.5 1357657.5 1357657.5 1357657.5 1357657.5 1357657.5 1357657.5 1357657.5 1357657.5 1357657.5 1357657.5 1357657.5 1357657.5 1357657.5 1357657.5 1357657.5 1357657.5 1357657.5 1357657.5 1357657.5 1357657.5 1357657.5 1357657.5 1357657.5 1357657.5 1357657.5 1357657.5 1357657.5
3206140.0 3206140.0 3206140.0 3206140.0 3206140.0 3206140.0 3206140.0 3206140.0 3206140.0 3206140.0 3206140.0 3206140.0 3206140.0 3206140.0 3206140.0 3206140.0 3206140.0 3206140.0 3206140.0 3206140.0 3206140.0 3206140.0 3206140.0 1374060.0 1374060.0 1374060.0 1374060.0 1374060.0 1374060.0 1374060.0 1374060.0 1374060.0 1374060.0 1374060.0 1374060.0 1374060.0 1374060.0 1374060.0 1374060.0 1374060.0 1374060.0 1374060.0 1374060.0 1374060.0 1374060.0 1374060.0 1374060.0 1374060.0 1374060.0 1374060.0 1374060.0 1374060.0 1374060.0 1374060.0 1374060.0 1374060.0 1832080.0 1832080.0 1374060.0 1374060.0 1374060.0 1374060.0 1374060.0 1374060.0 1374060.0 1374060.0 1374060.0 1374060.0 1374060.0 1374060.0 1374060.0
3244185.0 3244185.0 3244185.0 3244185.0 3244185.0 3244185.0 3244185.0 3244185.0 3244185.0 3244185.0 3244185.0 3244185.0 3244185.0 3244185.0 3244185.0 3244185.0 3244185.0 3244185.0 3244185.0 3244185.0 3244185.0 3244185.0 3244185.0 1390365.0 1390365.0 1390365.0 1390365.0 1390365.0 1390365.0 1390365.0 1390365.0 1390365.0 1390365.0 1390365.0 1390365.0 1390365.0 1390365.0 1390365.0 1390365.0 1390365.0 1390365.0 1390365.0 1390365.0 1390365.0 1390365.0 1390365.0 1390365.0 1390365.0 1390365.0 1390365.0 1390365.0 1390365.0 1390365.0 1390365.0 1390365.0 1390365.0 1390365.0 1390365.0 1390365.0 1390365.0 1853820.0 1390365.0 1390365.0 1390365.0 1390365.0 1390365.0 1390365.0 1390365.0 1390365.0 1390365.0 1390365.0
3281967.5 3281967.5 3281967.5 3281967.5 3281967.5 3281967.5 3281967.5 3281967.5 3281967.5 3281967.5 3281967.5 3281967.5 3281967.5 3281967.5 3281967.5 3281967.5 3281967.5 3281967.5 3281967.5 3281967.5 3281967.5 3281967.5 3281967.5 3281967.5 1406557.5 1406557.5 1406557.5 1406557.5 1406557.5 1406557.5 1406557.5 1406557.5 1406557.5 1406557.5 1406557.5 1406557.5 1406557.5 1406557.5 1406557.5 1406557.5 1406557.5 1406557.5 1406557.5 1406557.5 1406557.5 1406557.5 1406557.5 1406557.5 1406557.5 1406557.5 1406557.5 1406557.5 1406557.5 1406557.5 1406557.5 1406557.5 1406557.5 1406557.5 1406557.5 1406557.5 1875410.0 1875410.0 1875410.0 1875410.0 1406557.5 1406557.5 1406557.5 1406557.5 1406557.5 1406557.5 1406557.5
3319505.0 3319505.0 3319505.0 3319505.0 3319505.0 3319505.0 3319505.0 3319505.0 3319505.0 3319505.0 3319505.0 3319505.0 3319505.0 3319505.0 3319505.0 3319505.0 3319505.0 3319505.0 3319505.0 3319505.0 3319505.0 3319505.0 3319505.0 3319505.0 3319505.0 1422645.0 1422645.0 1422645.0 1422645.0 1422645.0 1422645.0 1422645.0 1422645.0 1422645.0 1422645.0 1422645.0 1422645.0 1422645.0 1422645.0 1422645.0 1422645.0 1422645.0 1422645.0 1422645.0 1422645.0 1422645.0 1422645.0 1422645.0 1422645.0 1422645.0 1422645.0 1422645.0 1422645.0 1422645.0 1422645.0 1422645.0 1422645.0 1422645.0 1422645.0 1896860.0 1896860.0 1896860.0 1896860.0 1422645.0 1896860.0 1422645.0 1422645.0 1422645.0 1422645.0 1422645.0 1422645.0
3356797.5 3356797.5 3356797.5 3356797.5 3356797.5 3356797.5 3356797.5 3356797.5 3356797.5 3356797.5 3356797.5 3356797.5 3356797.5 3356797.5 3356797.5 3356797.5 3356797.5 3356797.5 3356797.5 3356797.5 3356797.5 3356797.5 3356797.5 3356797.5 3356797.5 1438627.5 1438627.5 1438627.5 1438627.5 1438627.5 1438627.5 1438627.5 1438627.5 1438627.5 1438627.5 1438627.5 1438627.5 1438627.5 1438627.5 1438627.5 1438627.5 1438627.5 1438627.5 1438627.5 1438627.5 1438627.5 1438627.5 1438627.5 1438627.5 1438627.5 1438627.5 1438627.5 1438627.5 1438627.5 1438627.5 1438627.5 1438627.5 1438627.5 1438627.5 1438627.5 1918170.0 1918170.0 1918170.0 1918170.0 1918170.0 1918170.0 1438627.5 1438627.5 1438627.5 1438627.5 1438627.5
3393827.5 3393827.5 3393827.5 3393827.5 3393827.5 3393827.5 3393827.5 3393827.5 3393827.5 3393827.5 3393827.5 3393827.5 3393827.5 3393827.5 3393827.5 3393827.5 3393827.5 3393827.5 3393827.5 3393827.5 3393827.5 3393827.5 3393827.5 3393827.5 3393827.5 3393827.5 1454497.5 1454497.5 1454497.5 1454497.5 1454497.5 1454497.5 1454497.5 1454497.5 1454497.5 1454497.5 1454497.5 1454497.5 1454497.5 1454497.5 1454497.5 1454497.5 1454497.5 1454497.5 1454497.5 1454497.5 1454497.5 1454497.5 1454497.5 1454497.5 1454497.5 1454497.5 1454497.5 1454497.5 1454497.5 1454497.5 1454497.5 1454497.5 1454497.5 1454497.5 1454497.5 1454497.5 1454497.5 1454497.5 1454497.5 1454497.5 1454497.5 1454497.5 1454497.5 1454497.5 1454497.5
3430595.0 3430595.0 3430595.0 3430595.0 3430595.0 3430595.0 3430595.0 3430595.0 3430595.0 3430595.0 3430595.0 3430595.0 3430595.0 3430595.0 3430595.0 3430595.0 3430595.0 3430595.0 3430595.0 3430595.0 3430595.0 3430595.0 3430595.0 3430595.0 3430595.0 3430595.0 1470255.0 1470255.0 1470255.0 1470255.0 1470255.0 1470255.0 1470255.0 1470255.0 1470255.0 1470255.0 1470255.0 1470255.0 1470255.0 1470255.0 1470255.0 1960340.0 1960340.0 1470255.0 1470255.0 1470255.0 1470255.0 1470255.0 1470255.0 1470255.0 1470255.0 1470255.0 1470255.0 1470255.0 1470255.0 1470255.0 1470255.0 1470255.0 1470255.0 1470255.0 1960340.0 1470255.0 1960340.0 1470255.0 1470255.0 1470255.0 1470255.0 1470255.0 1470255.0 1470255.0 1470255.0
3467117.5 3467117.5 3467117.5 3467117.5 3467117.5 3467117.5 3467117.5 3467117.5 3467117.5 3467117.5 3467117.5 3467117.5 3467117.5 3467117.5 3467117.5 3467117.5 3467117.5 3467117.5 3467117.5 3467117.5 3467117.5 3467117.5 3467117.5 3467117.5 3467117.5 3467117.5 3467117.5 1485907.5 1485907.5 1485907.5 1485907.5 1485907.5 1485907.5 1485907.5 1485907.5 1485907.5 1485907.5 1485907.5 1485907.5 1485907.5 1485907.5 1981210.0 1981210.0 1981210.0 1485907.5 1485907.5 3467117.5 3467117.5 3467117.5 3467117.5 3467117.5 3467117.5 3467117.5 1485907.5 1485907.5 1485907.5 1485907.5 1485907.5 1485907.5 1485907.5 1485907.5 1485907.5 1485907.5 1485907.5 1485907.5 1485907.5 1485907.5 1485907.5 1485907.5 1485907.5 1485907.5
3503360.0 3503360.0 3503360.0 3503360.0 3503360.0 3503360.0 3503360.0 3503360.0 3503360.0 3503360.0 3503360.0 3503360.0 3503360.0 3503360.0 3503360.0 3503360.0 3503360.0 3503360.0 3503360.0 3503360.0 3503360.0 3503360.0 3503360.0 3503360.0 3503360.0 3503360.0 3503360.0 1501440.0 1501440.0 1501440.0 1501440.0 1501440.0 1501440.0 1501440.0 1501440.0 2001920.0 2001920.0 1501440.0 2001920.0 2001920.0 2001920.0 2001920.0 2001920.0 3503360.0 3503360.0 2001920.0 3503360.0 3503360.0 3503360.0 3503360.0 3503360.0 3503360.0 3503360.0 3503360.0 3503360.0 1501440.0 1501440.0 1501440.0 1501440.0 1501440.0 3503360.0 3503360.0 3503360.0 3503360.0 3503360.0 3503360.0 3503360.0 1501440.0 1501440.0 1501440.0 1501440.0
3539340.0 3539340.0 3539340.0 3539340.0 3539340.0 3539340.0 3539340.0 3539340.0 3539340.0 3539340.0 3539340.0 3539340.0 3539340.0 3539340.0 3539340.0 3539340.0 3539340.0 3539340.0 3539340.0 3539340.0 3539340.0 3539340.0 3539340.0 3539340.0 3539340.0 3539340.0 3539340.0 3539340.0 1516860.0 1516860.0 2528100.0 3539340.0 1516860.0 1516860.0 1516860.0 1516860.0 1516860.0 2022480.0 2022480.0 2022480.0 2022480.0 2022480.0 2022480.0 3539340.0 2022480.0 3539340.0 3539340.0 2022480.0 2022480.0 3539340.0 3539340.0 3539340.0 3539340.0 3539340.0 3539340.0 3539340.0 3539340.0 3539340.0 3539340.0 3539340.0 3539340.0 3539340.0 3539340.0 3539340.0 3539340.0 3539340.0 3539340.0 3539340.0 3539340.0 1516860.0 1516860.0
3575040.0 3575040.0 3575040.0 3575040.0 3575040.0 3575040.0 3575040.0 3575040.0 3575040.0 3575040.0 3575040.0 3575040.0 3575040.0 3575040.0 3575040.0 3575040.0 3575040.0 3575040.0 3575040.0 3575040.0 3575040.0 3575040.0 3575040.0 3575040.0 3575040.0 3575040.0 3575040.0 3575040.0 3575040.0 3575040.0 3575040.0 3575040.0 3575040.0 1532160.0 1532160.0 1532160.0 1532160.0 1532160.0 2042880.0 2042880.0 2042880.0 2042880.0 2042880.0 2042880.0 2042880.0 2042880.0 2042880.0 2042880.0 2042880.0 2042880.0 2042880.0 2042880.0 2042880.0 3575040.0 3575040.0 3575040.0 3575040.0 3575040.0 3575040.0 3575040.0 3575040.0 3575040.0 3575040.0 3575040.0 3575040.0 3575040.0 3575040.0 3575040.0 3575040.0 3575040.0 3575040.0
3610477.5 3610477.5 3610477.5 3610477.5 3610477.5 3610477.5 3610477.5 3610477.5 3610477.5 3610477.5 3610477.5 3610477.5 3610477.5 3610477.5 3610477.5 3610477.5 3610477.5 3610477.5 3610477.5 3610477.5 3610477.5 3610477.5 3610477.5 3610477.5 3610477.5 3610477.5 3610477.5 3610477.5 3610477.5 3610477.5 3610477.5 3610477.5 3610477.5 3610477.5 3610477.5 3610477.5 3610477.5 3610477.5 3610477.5 3610477.5 2063130.0 2063130.0 2063130.0 2063130.0 2063130.0 2063130.0 2063130.0 2063130.0 2063130.0 2063130.0 2063130.0 2063130.0 2063130.0 2063130.0 3610477.5 3610477.5 2063130.0 3610477.5 3610477.5 2063130.0 2063130.0 3610477.5 2063130.0 3610477.5 3610477.5 3610477.5 3610477.5 3610477.5 3610477.5 3610477.5 3610477.5
3645652.5 3645652.5 3645652.5 3645652.5 3645652.5 3645652.5 3645652.5 3645652.5 3645652.5 3645652.5 3645652.5 3645652.5 3645652.5 3645652.5 3645652.5 3645652.5 3645652.5 3645652.5 3645652.5 3645652.5 3645652.5 3645652.5 3645652.5 3645652.5 3645652.5 3645652.5 3645652.5 3645652.5 3645652.5 3645652.5 3645652.5 3645652.5 3645652.5 3645652.5 3645652.5 3645652.5 3645652.5 3645652.5 3645652.5 3645652.5 2083230.0 2083230.0 2083230.0 2083230.0 2083230.0 2083230.0 2083230.0 1041615.0 1041615.0 1041615.0 1041615.0 2083230.0 2083230.0 2083230.0 2083230.0 3645652.5 3645652.5 2083230.0 2083230.0 2083230.0 2083230.0 2083230.0 2083230.0 2083230.0 3645652.5 3645652.5 3645652.5 3645652.5 3645652.5 3645652.5 3645652.5
1051580.0 3680530.0 3680530.0 3680530.0 3680530.0 3680530.0 3680530.0 3680530.0 3680530.0 3680530.0 3680530.0 3680530.0 3680530.0 3680530.0 3680530.0 3680530.0 3680530.0 3680530.0 3680530.0 3680530.0 3680530.0 3680530.0 3680530.0 3680530.0 3680530.0 3680530.0 3680530.0 3680530.0 3680530.0 3680530.0 3680530.0 3680530.0 3680530.0 3680530.0 3680530.0 3680530.0 3680530.0 3680530.0 1051580.0 1051580.0 3680530.0 2103160.0 2103160.0 2103160.0 2103160.0 2103160.0 2103160.0 2103160.0 2103160.0 2103160.0 2103160.0 2103160.0 2103160.0 2103160.0 2103160.0 2103160.0 3680530.0 2103160.0 2103160.0 2103160.0 2103160.0 2103160.0 2103160.0 2103160.0 2103160.0 3680530.0 3680530.0 3680530.0 3680530.0 3680530.0 3680530.0
1061470.0 1061470.0 3715145.0 3715145.0 3715145.0 3715145.0 3715145.0 3715145.0 3715145.0 3715145.0 3715145.0 3715145.0 3715145.0 3715145.0 3715145.0 3715145.0 3715145.0 3715145.0 3715145.0 3715145.0 3715145.0 3715145.0 3715145.0 3715145.0 3715145.0 3715145.0 3715145.0 3715145.0 3715145.0 3715145.0 3715145.0 3715145.0 3715145.0 3715145.0 3715145.0 3715145.0 3715145.0 3715145.0 1061470.0 1061470.0 1061470.0 3715145.0 2122940.0 2122940.0 2122940.0 2122940.0 2122940.0 2122940.0 2122940.0 2122940.0 2122940.0 2122940.0 2122940.0 2122940.0 3715145.0 2122940.0 2122940.0 2122940.0 3715145.0 2122940.0 2122940.0 3715145.0 3715145.0 2122940.0 2122940.0 2122940.0 3715145.0 3715145.0 3715145.0 3715145.0 3715145.0
1071275.0 1071275.0 1071275.0 3749462.5 3749462.5 3749462.5 3749462.5 3749462.5 3749462.5 3749462.5 3749462.5 3749462.5 3749462.5 3749462.5 3749462.5 3749462.5 3749462.5 3749462.5 3749462.5 3749462.5 3749462.5 3749462.5 3749462.5 3749462.5 3749462.5 3749462.5 3749462.5 3749462.5 3749462.5 3749462.5 3749462.5 3749462.5 3749462.5 3749462.5 3749462.5 3749462.5 1071275.0 1071275.0 1071275.0 1071275.0 1071275.0 3749462.5 3749462.5 3749462.5 3749462.5 2142550.0 2142550.0 2142550.0 2142550.0 2142550.0 2142550.0 2142550.0 3749462.5 3749462.5 3749462.5 2142550.0 2142550.0 2142550.0 2142550.0 2142550.0 3749462.5 2142550.0 2142550.0 2142550.0 2142550.0 3749462.5 3749462.5 3749462.5 3749462.5 3749462.5 3749462.5
1081000.0 1081000.0 1081000.0 3783500.0 3783500.0 3783500.0 3783500.0 3783500.0 3783500.0 3783500.0 -9999 3783500.0 3783500.0 3783500.0 3783500.0 3783500.0 3783500.0 3783500.0 3783500.0 3783500.0 3783500.0 3783500.0 3783500.0 3783500.0 3783500.0 3783500.0 3783500.0 3783500.0 3783500.0 3783500.0 3783500.0 3783500.0 3783500.0 3783500.0 1081000.0 1081000.0 1081000.0 1081000.0 1081000.0 1081000.0 1081000.0 1081000.0 3783500.0 3783500.0 3783500.0 3783500.0 3783500.0 3783500.0 2162000.0 2162000.0 2162000.0 2162000.0 3783500.0 3783500.0 3783500.0 3783500.0 2162000.0 3783500.0 3783500.0 2162000.0 3783500.0 3783500.0 3783500.0 3783500.0 3783500.0 3783500.0 3783500.0 3783500.0 3783500.0 3783500.0 3783500.0
1090640.0 1090640.0 1090640.0 3817240.0 3817240.0 3817240.0 3817240.0 3817240.0 3817240.0 3817240.0 3817240.0 3817240.0 3817240.0 3817240.0 3817240.0 3817240.0 3817240.0 3817240.0 3817240.0 3817240.0 3817240.0 3817240.0 3817240.0 3817240.0 1635960.0 3817240.0 3817240.0 3817240.0 3817240.0 3817240.0 3817240.0 3817240.0 3817240.0 3817240.0 3817240.0 1090640.0 1090640.0 1090640.0 1090640.0 1090640.0 1090640.0 3817240.0 3817240.0 3817240.0 3817240.0 3817240.0 3817240.0 3817240.0 3817240.0 3817240.0 3817240.0 3817240.0 3817240.0 3817240.0 3817240.0 3817240.0 2181280.0 2181280.0 2181280.0 2181280.0 2181280.0 3817240.0 3817240.0 3817240.0 3817240.0 3817240.0 3817240.0 3817240.0 3817240.0 3817240.0 3817240.0
1100200.0 1100200.0 3850700.0 3850700.0 3850700.0 3850700.0 3850700.0 3850700.0 3850700.0 3850700.0 3850700.0 3850700.0 3850700.0 3850700.0 3850700.0 3850700.0 3850700.0 3850700.0 3850700.0 3850700.0 3850700.0 1650300.0 2200400.0 2200400.0 2200400.0 3850700.0 3850700.0 3850700.0 1100200.0 1100200.0 1100200.0 1100200.0 1100200.0 1100200.0 1100200.0 1100200.0 1100200.0 1100200.0 1100200.0 1100200.0 1100200.0 1100200.0 1100200.0 1100200.0 1100200.0 1100200.0 1100200.0 1100200.0 1100200.0 1100200.0 1100200.0 1100200.0 3850700.0 3850700.0 3850700.0 3850700.0 3850700.0 3850700.0 3850700.0 3850700.0 2200400.0 3850700.0 3850700.0 3850700.0 3850700.0 3850700.0 3850700.0 3850700.0 3850700.0 1100200.0 1100200.0
3883862.5 3883862.5 3883862.5 3883862.5 3883862.5 3883862.5 3883862.5 3883862.5 3883862.5 3883862.5 3883862.5 3883862.5 3883862.5 3883862.5 3883862.5 3883862.5 3883862.5 3883862.5 3883862.5 3883862.5 3883862.5 3883862.5 3883862.5 3883862.5 3883862.5 3883862.5 3883862.5 3883862.5 3883862.5 3883862.5 3883862.5 3883862.5 3883862.5 3883862.5 1109675.0 1109675.0 1109675.0 1109675.0 1109675.0 1109675.0 1109675.0 1109675.0 1109675.0 1109675.0 1109675.0 1109675.0 3883862.5 3883862.5 3883862.5 1109675.0 1109675.0 1109675.0 1109675.0 1109675.0 3883862.5 3883862.5 3883862.5 3883862.5 3883862.5 3883862.5 3883862.5 3883862.5 3883862.5 3883862.5 3883862.5 3883862.5 3883862.5 1109675.0 3883862.5 1109675.0 1109675.0
3916745.0 3916745.0 3916745.0 3916745.0 3916745.0 3916745.0 3916745.0 3916745.0 3916745.0 3916745.0 3916745.0 3916745.0 3916745.0 3916745.0 3916745.0 3916745.0 3916745.0 3916745.0 3916745.0 3916745.0 3916745.0 3916745.0 3916745.0 3916745.0 3916745.0 3916745.0 3916745.0 3916745.0 3916745.0 3916745.0 2238140.0 2238140.0 3916745.0 3916745.0 3916745.0 3916745.0 3916745.0 3916745.0 3916745.0 3916745.0 3916745.0 3916745.0 3916745.0 3916745.0 3916745.0 3916745.0 3916745.0 3916745.0 3916745.0 3916745.0 3916745.0 3916745.0 1119070.0 1119070.0 1119070.0 1119070.0 1119070.0 1119070.0 3916745.0 3916745.0 3916745.0 1119070.0 1119070.0 1119070.0 3916745.0 3916745.0 3916745.0 3916745.0 3916745.0 3916745.0 3916745.0
3949312.5 3949312.5 3949312.5 3949312.5 3949312.5 3949312.5 3949312.5 3949312.5 3949312.5 3949312.5 3949312.5 3949312.5 3949312.5 3949312.5 3949312.5 3949312.5 3949312.5 3949312.5 3949312.5 3949312.5 3949312.5 3949312.5 3949312.5 3949312.5 3949312.5 3949312.5 3949312.5 3949312.5 3949312.5 3949312.5 3949312.5 2256750.0 2256750.0 3949312.5 3949312.5 2256750.0 2256750.0 3949312.5 3949312.5 3949312.5 3949312.5 3949312.5 3949312.5 3949312.5 1128375.0 1128375.0 1128375.0 1128375.0 1128375.0 3949312.5 3949312.5 3949312.5 3949312.5 1128375.0 1128375.0 3949312.5 3949312.5 3949312.5 3949312.5 3949312.5 3949312.5 1128375.0 1128375.0 3949312.5 3949312.5 3949312.5 3949312.5 1128375.0 3949312.5 3949312.5 3949312.5
3981582.5 3981582.5 3981582.5 3981582.5 3981582.5 3981582.5 3981582.5 3981582.5 3981582.5 3981582.5 3981582.5 3981582.5 3981582.5 3981582.5 3981582.5 3981582.5 3981582.5 3981582.5 3981582.5 3981582.5 3981582.5 3981582.5 3981582.5 3981582.5 3981582.5 3981582.5 3981582.5 3981582.5 2275190.0 2275190.0 3981582.5 3981582.5 3981582.5 3981582.5 3981582.5 3981582.5 3981582.5 3981582.5 3981582.5 1137595.0 1137595.0 1137595.0 1137595.0 1137595.0 1137595.0 1137595.0 1137595.0 1137595.0 1137595.0 1137595.0 1137595.0 3981582.5 3981582.5 3981582.5 1137595.0 3981582.5 3981582.5 1137595.0 1137595.0 1137595.0 3981582.5 1137595.0 1137595.0 1137595.0 1137595.0 1137595.0 1137595.0 1137595.0 1137595.0 1137595.0 1137595.0
4013537.5 4013537.5 4013537.5 4013537.5 4013537.5 4013537.5 1720087.5 4013537.5 1720087.5 1720087.5 1720087.5 4013537.5 1720087.5 4013537.5 4013537.5 4013537.5 4013537.5 4013537.5 4013537.5 4013537.5 4013537.5 2293450.0 2293450.0 1146725.0 2293450.0 2293450.0 2293450.0 4013537.5 4013537.5 4013537.5 4013537.5 4013537.5 4013537.5 4013537.5 4013537.5 1146725.0 1146725.0 4013537.5 1146725.0 1146725.0 1146725.0 1146725.0 1146725.0 1146725.0 1146725.0 1146725.0 1146725.0 1146725.0 1146725.0 1146725.0 1146725.0 1146725.0 1146725.0 1146725.0 4013537.5 4013537.5 4013537.5 1146725.0 1146725.0 1146725.0 1146725.0 1146725.0 1146725.0 1146725.0 1146725.0 1146725.0 1146725.0 1146725.0 1146725.0 1146725.0 1146725.0
