critload/trunk/output/1999/ndep_crit_tot.asc
ncols 720
nrows 360
xllcorner -180
yllcorner -90
cellsize 0.5
NODATA_value -1.0
[rows 68 to 101 of 360, columns 600 to 674 of 720]
1307827.5 1307827.5 1307827.5 1307827.5 1307827.5 1307827.5 1307827.5 1307827.5 1307827.5 1307827.5 1307827.5 1307827.5 1307827.5 1307827.5 1307827.5 1307827.5 1307827.5 1307827.5 1307827.5 1307827.5 1307827.5 1307827.5 1307827.5 1307827.5 1307827.5 1307827.5 1307827.5 1307827.5 1307827.5 1307827.5 1307827.5 1307827.5 1307827.5 1307827.5 1307827.5 -1.0 -1.0 -1.0 -1.0 -1.0 -1.0 -1.0 -1.0 -1.0 -1.0 -1.0 -1.0 -1.0 -1.0 -1.0 -1.0 -1.0 -1.0 -1.0 -1.0 -1.0 -1.0 -1.0 -1.0 -1.0 -1.0 -1.0 -1.0 -1.0 -1.0 -1.0 -1.0 -1.0 -1.0 -1.0 -1.0 1307827.5 1307827.5 1307827.5 1743770.0
1324537.5 1324537.5 1324537.5 1324537.5 1324537.5 1324537.5 1324537.5 1324537.5 1324537.5 1324537.5 1324537.5 1324537.5 1324537.5 1324537.5 1324537.5 1324537.5 1324537.5 1324537.5 1324537.5 1324537.5 1324537.5 1324537.5 1324537.5 1324537.5 1324537.5 1324537.5 1324537.5 1324537.5 1324537.5 1324537.5 1324537.5 1324537.5 1324537.5 1324537.5 1324537.5 1324537.5 -1.0 -1.0 -1.0 -1.0 -1.0 -1.0 -1.0 -1.0 -1.0 -1.0 -1.0 -1.0 -1.0 -1.0 -1.0 -1.0 -1.0 -1.0 -1.0 -1.0 -1.0 -1.0 -1.0 -1.0 -1.0 -1.0 -1.0 -1.0 -1.0 -1.0 -1.0 -1.0 -1.0 -1.0 -1.0 1324537.5 1324537.5 1324537.5 1766050.0
1341150.0 1341150.0 1341150.0 1341150.0 1341150.0 1341150.0 1341150.0 1341150.0 1341150.0 1341150.0 1341150.0 1341150.0 1341150.0 1341150.0 1341150.0 1341150.0 1341150.0 1341150.0 1341150.0 1341150.0 1341150.0 1341150.0 1341150.0 1341150.0 1341150.0 1341150.0 1341150.0 1341150.0 1341150.0 1341150.0 1341150.0 1341150.0 1341150.0 1341150.0 1341150.0 1341150.0 -1.0 -1.0 -1.0 -1.0 -1.0 -1.0 -1.0 -1.0 -1.0 -1.0 -1.0 -1.0 -1.0 -1.0 -1.0 -1.0 -1.0 -1.0 -1.0 -1.0 -1.0 -1.0 -1.0 -1.0 -1.0 -1.0 -1.0 -1.0 -1.0 -1.0 -1.0 -1.0 -1.0 -1.0 -1.0 1341150.0 1341150.0 1341150.0 1788200.0
1357657.5 1357657.5 1357657.5 1357657.5 1357657.5 1357657.5 1357657.5 1357657.5 1357657.5 1357657.5 1357657.5 1357657.5 1357657.5 1357657.5 1357657.5 1357657.5 1357657.5 1357657.5 1357657.5 1357657.5 1357657.5 1357657.5 1357657.5 1357657.5 1357657.5 1357657.5 1357657.5 1357657.5 1357657.5 1357657.5 1357657.5 1357657.5 1357657.5 1357657.5 1357657.5 1357657.5 -1.0 1357657.5 1357657.5 1357657.5 1357657.5 -1.0 -1.0 -1.0 1357657.5 1357657.5 -1.0 -1.0 -1.0 -1.0 -1.0 -1.0 -1.0 -1.0 -1.0 -1.0 -1.0 -1.0 -1.0 -1.0 -1.0 -1.0 -1.0 -1.0 -1.0 -1.0 -1.0 -1.0 -1.0 -1.0 -1.0 1357657.5 1357657.5 1357657.5 1810210.0
1374060.0 1374060.0 1374060.0 1374060.0 1374060.0 1374060.0 1374060.0 1374060.0 1374060.0 1374060.0 1374060.0 1374060.0 1374060.0 1374060.0 1374060.0 1374060.0 1374060.0 1374060.0 1374060.0 1374060.0 1374060.0 1374060.0 1374060.0 1374060.0 1374060.0 1374060.0 1374060.0 1374060.0 1374060.0 1832080.0 1374060.0 1374060.0 1374060.0 1374060.0 1374060.0 1374060.0 1374060.0 1374060.0 1374060.0 1374060.0 1374060.0 1374060.0 -1.0 -1.0 -1.0 1374060.0 1374060.0 -1.0 -1.0 -1.0 -1.0 -1.0 -1.0 -1.0 -1.0 -1.0 -1.0 -1.0 -1.0 -1.0 -1.0 -1.0 -1.0 -1.0 -1.0 -1.0 -1.0 -1.0 -1.0 -1.0 -1.0 1374060.0 1374060.0 1374060.0 1832080.0
1390365.0 1390365.0 1390365.0 1390365.0 1390365.0 1390365.0 1390365.0 1390365.0 1390365.0 1390365.0 1390365.0 1390365.0 1390365.0 1390365.0 1390365.0 1390365.0 1390365.0 1390365.0 1390365.0 1390365.0 1390365.0 1390365.0 1390365.0 1390365.0 1390365.0 1390365.0 1390365.0 1390365.0 1390365.0 1390365.0 1390365.0 1390365.0 1390365.0 1390365.0 1390365.0 1390365.0 1390365.0 1390365.0 1390365.0 1390365.0 1390365.0 1390365.0 1390365.0 1390365.0 1390365.0 1390365.0 1390365.0 -1.0 -1.0 -1.0 -1.0 -1.0 -1.0 -1.0 -1.0 -1.0 -1.0 -1.0 -1.0 -1.0 -1.0 -1.0 -1.0 -1.0 -1.0 -1.0 -1.0 -1.0 -1.0 -1.0 -1.0 -1.0 1390365.0 1390365.0 1390365.0
1406557.5 1406557.5 1406557.5 1406557.5 1406557.5 1406557.5 1406557.5 1406557.5 1406557.5 1406557.5 1406557.5 1406557.5 1406557.5 1406557.5 1406557.5 1406557.5 1406557.5 1406557.5 1406557.5 1406557.5 1406557.5 1406557.5 1406557.5 1406557.5 1406557.5 1406557.5 1406557.5 1406557.5 1406557.5 1406557.5 1406557.5 1406557.5 1406557.5 1406557.5 1406557.5 1406557.5 1406557.5 1406557.5 1406557.5 1406557.5 1406557.5 1406557.5 1406557.5 1406557.5 1406557.5 1406557.5 1406557.5 -1.0 -1.0 -1.0 -1.0 -1.0 -1.0 -1.0 -1.0 -1.0 -1.0 -1.0 -1.0 -1.0 -1.0 -1.0 -1.0 -1.0 -1.0 -1.0 -1.0 -1.0 -1.0 -1.0 -1.0 -1.0 1406557.5 1406557.5 1406557.5
1422645.0 1422645.0 1422645.0 1422645.0 1422645.0 1422645.0 1422645.0 1422645.0 1422645.0 1422645.0 1422645.0 1422645.0 1422645.0 1422645.0 1422645.0 1422645.0 1422645.0 1422645.0 1422645.0 1422645.0 1422645.0 1422645.0 1422645.0 1422645.0 1422645.0 1422645.0 1422645.0 1422645.0 1422645.0 1422645.0 1422645.0 1422645.0 1422645.0 1422645.0 1422645.0 1422645.0 1422645.0 1422645.0 1422645.0 1422645.0 1422645.0 1422645.0 1422645.0 1422645.0 1422645.0 1422645.0 1422645.0 -1.0 -1.0 -1.0 -1.0 -1.0 -1.0 -1.0 -1.0 -1.0 -1.0 -1.0 -1.0 -1.0 -1.0 -1.0 -1.0 -1.0 -1.0 -1.0 -1.0 -1.0 -1.0 -1.0 -1.0 -1.0 1422645.0 1422645.0 1422645.0
1438627.5 1438627.5 1438627.5 1438627.5 1438627.5 1438627.5 1438627.5 1438627.5 1438627.5 1438627.5 1438627.5 1438627.5 1438627.5 1438627.5 1438627.5 1438627.5 1438627.5 1438627.5 1438627.5 1438627.5 1438627.5 1438627.5 1438627.5 1438627.5 1438627.5 1438627.5 1438627.5 1438627.5 1438627.5 1438627.5 1438627.5 1438627.5 1438627.5 1438627.5 1438627.5 1438627.5 1438627.5 1438627.5 1438627.5 1438627.5 1438627.5 1438627.5 1438627.5 1438627.5 1438627.5 1438627.5 1438627.5 -1.0 -1.0 -1.0 -1.0 -1.0 -1.0 -1.0 -1.0 -1.0 -1.0 -1.0 -1.0 -1.0 -1.0 -1.0 -1.0 -1.0 -1.0 -1.0 -1.0 -1.0 -1.0 -1.0 -1.0 -1.0 -1.0 1438627.5 1438627.5
1454497.5 1454497.5 1454497.5 1454497.5 1454497.5 1454497.5 1454497.5 1454497.5 1454497.5 1454497.5 1454497.5 1454497.5 1454497.5 1454497.5 1454497.5 1454497.5 1454497.5 1454497.5 1454497.5 1454497.5 1454497.5 1454497.5 1454497.5 1454497.5 1454497.5 1454497.5 1454497.5 1454497.5 1454497.5 1454497.5 1454497.5 1454497.5 1454497.5 1454497.5 1454497.5 1454497.5 1454497.5 1454497.5 1454497.5 1454497.5 1454497.5 1454497.5 -1.0 -1.0 1454497.5 1454497.5 1454497.5 1454497.5 -1.0 -1.0 -1.0 -1.0 -1.0 -1.0 -1.0 -1.0 -1.0 -1.0 -1.0 -1.0 -1.0 -1.0 -1.0 -1.0 -1.0 -1.0 -1.0 -1.0 -1.0 -1.0 -1.0 -1.0 -1.0 1454497.5 1454497.5
1470255.0 1470255.0 1470255.0 1470255.0 1470255.0 1470255.0 1470255.0 1470255.0 1470255.0 1470255.0 1470255.0 1470255.0 1470255.0 1470255.0 1470255.0 1470255.0 1470255.0 1470255.0 1470255.0 1470255.0 1470255.0 1470255.0 1470255.0 1470255.0 1470255.0 1470255.0 1470255.0 1470255.0 1470255.0 1470255.0 1470255.0 1470255.0 1470255.0 1470255.0 1470255.0 1470255.0 1470255.0 1470255.0 1470255.0 1470255.0 1470255.0 1470255.0 -1.0 -1.0 1470255.0 1470255.0 1470255.0 1470255.0 -1.0 -1.0 -1.0 -1.0 -1.0 -1.0 -1.0 -1.0 -1.0 -1.0 -1.0 -1.0 -1.0 -1.0 -1.0 -1.0 -1.0 -1.0 -1.0 -1.0 -1.0 -1.0 -1.0 1470255.0 1470255.0 1470255.0 -1.0
1485907.5 1485907.5 1485907.5 1485907.5 1485907.5 1485907.5 1485907.5 1485907.5 1485907.5 1485907.5 1485907.5 1485907.5 1485907.5 1485907.5 1485907.5 1485907.5 1485907.5 1485907.5 1485907.5 1485907.5 1485907.5 1485907.5 1485907.5 1485907.5 1485907.5 1485907.5 1485907.5 1485907.5 1485907.5 1485907.5 1485907.5 1485907.5 1485907.5 1485907.5 1485907.5 1485907.5 1485907.5 1485907.5 1485907.5 1485907.5 1485907.5 1485907.5 -1.0 -1.0 1485907.5 1485907.5 1485907.5 1485907.5 -1.0 -1.0 -1.0 -1.0 -1.0 -1.0 -1.0 -1.0 -1.0 -1.0 -1.0 -1.0 -1.0 -1.0 -1.0 -1.0 -1.0 -1.0 -1.0 -1.0 -1.0 -1.0 1485907.5 1485907.5 1485907.5 -1.0 -1.0
1501440.0 1501440.0 1501440.0 1501440.0 1501440.0 1501440.0 1501440.0 1501440.0 1501440.0 1501440.0 1501440.0 1501440.0 1501440.0 1501440.0 1501440.0 1501440.0 1501440.0 1501440.0 1501440.0 1501440.0 1501440.0 1501440.0 1501440.0 1501440.0 1501440.0 1501440.0 1501440.0 1501440.0 1501440.0 1501440.0 1501440.0 1501440.0 1501440.0 1501440.0 1501440.0 1501440.0 1501440.0 1501440.0 1501440.0 1501440.0 1501440.0 -1.0 -1.0 -1.0 1501440.0 1501440.0 1501440.0 1501440.0 1501440.0 -1.0 -1.0 -1.0 -1.0 -1.0 -1.0 -1.0 -1.0 -1.0 -1.0 -1.0 -1.0 -1.0 -1.0 -1.0 -1.0 -1.0 -1.0 -1.0 -1.0 2001920.0 -1.0 -1.0 -1.0 -1.0 -1.0
1516860.0 1516860.0 1516860.0 1516860.0 1516860.0 1516860.0 1516860.0 1516860.0 1516860.0 1516860.0 1516860.0 1516860.0 1516860.0 1516860.0 1516860.0 1516860.0 1516860.0 1516860.0 1516860.0 1516860.0 1516860.0 1516860.0 1516860.0 1516860.0 1516860.0 1516860.0 1516860.0 1516860.0 1516860.0 1516860.0 1516860.0 1516860.0 1516860.0 1516860.0 1516860.0 1516860.0 1516860.0 1516860.0 1516860.0 1516860.0 1516860.0 -1.0 -1.0 -1.0 1516860.0 1516860.0 1516860.0 1516860.0 1516860.0 -1.0 -1.0 -1.0 -1.0 -1.0 -1.0 -1.0 -1.0 -1.0 -1.0 -1.0 -1.0 -1.0 -1.0 -1.0 -1.0 -1.0 -1.0 -1.0 -1.0 1516860.0 -1.0 -1.0 -1.0 -1.0 -1.0
1532160.0 1532160.0 1532160.0 1532160.0 1532160.0 1532160.0 1532160.0 1532160.0 1532160.0 1532160.0 1532160.0 1532160.0 1532160.0 1532160.0 1532160.0 1532160.0 1532160.0 1532160.0 1532160.0 1532160.0 1532160.0 1532160.0 1532160.0 1532160.0 1532160.0 1532160.0 1532160.0 1532160.0 1532160.0 1532160.0 1532160.0 1532160.0 1532160.0 1532160.0 1532160.0 1532160.0 1532160.0 1532160.0 1532160.0 1532160.0 1532160.0 -1.0 -1.0 1532160.0 1532160.0 1532160.0 -1.0 -1.0 -1.0 -1.0 -1.0 -1.0 -1.0 -1.0 -1.0 -1.0 -1.0 -1.0 -1.0 -1.0 -1.0 -1.0 -1.0 -1.0 -1.0 -1.0 -1.0 -1.0 1532160.0 -1.0 -1.0 -1.0 -1.0 -1.0 -1.0
1547347.5 1547347.5 1547347.5 1547347.5 1547347.5 1547347.5 1547347.5 1547347.5 1547347.5 1547347.5 1547347.5 1547347.5 1547347.5 1547347.5 1547347.5 1547347.5 1547347.5 1547347.5 1547347.5 1547347.5 1547347.5 1547347.5 1547347.5 1547347.5 1547347.5 1547347.5 1547347.5 1547347.5 1547347.5 1547347.5 1547347.5 1547347.5 1547347.5 1547347.5 1547347.5 1547347.5 1547347.5 1547347.5 1547347.5 1547347.5 1547347.5 -1.0 -1.0 -1.0 1547347.5 1547347.5 -1.0 -1.0 -1.0 -1.0 -1.0 -1.0 -1.0 -1.0 -1.0 -1.0 -1.0 -1.0 -1.0 -1.0 -1.0 -1.0 -1.0 -1.0 -1.0 -1.0 -1.0 -1.0 -1.0 -1.0 -1.0 -1.0 -1.0 -1.0 -1.0
1562422.5 1562422.5 1562422.5 1562422.5 1562422.5 1562422.5 1562422.5 1562422.5 1562422.5 1562422.5 1562422.5 1562422.5 1562422.5 1562422.5 1562422.5 1562422.5 1562422.5 1562422.5 1562422.5 1562422.5 1562422.5 1562422.5 1562422.5 1562422.5 1562422.5 1562422.5 1562422.5 1562422.5 1562422.5 1562422.5 1562422.5 1562422.5 1562422.5 1562422.5 1562422.5 1562422.5 1562422.5 1562422.5 1562422.5 -1.0 -1.0 -1.0 -1.0 1562422.5 1562422.5 1562422.5 -1.0 -1.0 -1.0 -1.0 -1.0 -1.0 -1.0 -1.0 -1.0 -1.0 -1.0 -1.0 -1.0 -1.0 -1.0 -1.0 -1.0 -1.0 -1.0 -1.0 -1.0 -1.0 -1.0 -1.0 -1.0 -1.0 -1.0 -1.0 -1.0
1577370.0 1577370.0 1577370.0 1577370.0 1577370.0 1577370.0 1577370.0 1577370.0 1577370.0 1577370.0 1577370.0 1577370.0 1577370.0 1577370.0 1577370.0 1577370.0 1577370.0 1577370.0 1577370.0 1577370.0 1577370.0 1577370.0 1577370.0 1577370.0 1577370.0 1577370.0 1577370.0 1577370.0 1577370.0 1577370.0 1577370.0 1577370.0 1577370.0 1577370.0 1577370.0 1577370.0 1577370.0 1577370.0 -1.0 -1.0 -1.0 -1.0 -1.0 1577370.0 1577370.0 1577370.0 -1.0 -1.0 -1.0 -1.0 -1.0 -1.0 -1.0 -1.0 -1.0 -1.0 -1.0 -1.0 -1.0 -1.0 -1.0 -1.0 -1.0 -1.0 2103160.0 -1.0 -1.0 -1.0 -1.0 -1.0 -1.0 -1.0 -1.0 -1.0 -1.0
3715145.0 1592205.0 3715145.0 3715145.0 3715145.0 3715145.0 3715145.0 2653675.0 1592205.0 1592205.0 1592205.0 1592205.0 1592205.0 1592205.0 1592205.0 1592205.0 1592205.0 1592205.0 1592205.0 1592205.0 1592205.0 1592205.0 1592205.0 1592205.0 1592205.0 1592205.0 1592205.0 1592205.0 1592205.0 1592205.0 1592205.0 1592205.0 1592205.0 1592205.0 1592205.0 1592205.0 1592205.0 -1.0 -1.0 -1.0 -1.0 -1.0 -1.0 2653675.0 1592205.0 1592205.0 2653675.0 -1.0 -1.0 -1.0 -1.0 -1.0 -1.0 -1.0 -1.0 -1.0 -1.0 -1.0 -1.0 -1.0 -1.0 -1.0 -1.0 2122940.0 -1.0 -1.0 -1.0 -1.0 -1.0 -1.0 -1.0 -1.0 -1.0 -1.0 -1.0
3749462.5 3749462.5 3749462.5 3749462.5 3749462.5 3749462.5 3749462.5 2678187.5 2678187.5 1606912.5 1606912.5 1606912.5 1606912.5 1606912.5 1606912.5 1606912.5 1606912.5 1606912.5 1606912.5 1606912.5 1606912.5 1606912.5 1606912.5 1606912.5 1606912.5 1606912.5 1606912.5 1606912.5 1606912.5 1606912.5 1606912.5 1606912.5 1606912.5 1606912.5 1606912.5 1606912.5 1606912.5 -1.0 -1.0 -1.0 -1.0 -1.0 -1.0 2678187.5 2678187.5 -1.0 1606912.5 1606912.5 -1.0 -1.0 -1.0 -1.0 -1.0 -1.0 -1.0 -1.0 -1.0 -1.0 -1.0 -1.0 1606912.5 -1.0 -1.0 -1.0 -1.0 -1.0 -1.0 -1.0 -1.0 -1.0 -1.0 -1.0 -1.0 -1.0 -1.0
3783500.0 3783500.0 3783500.0 3783500.0 3783500.0 3783500.0 3783500.0 2702500.0 1621500.0 1621500.0 1621500.0 1621500.0 1621500.0 1621500.0 1621500.0 1621500.0 1621500.0 1621500.0 1621500.0 1621500.0 1621500.0 1621500.0 1621500.0 1621500.0 1621500.0 1621500.0 1621500.0 1621500.0 1621500.0 1621500.0 1621500.0 1621500.0 1621500.0 1621500.0 1621500.0 1621500.0 -1.0 -1.0 -1.0 -1.0 -1.0 -1.0 -1.0 2702500.0 -1.0 -1.0 -1.0 -1.0 -1.0 -1.0 -1.0 -1.0 -1.0 -1.0 -1.0 -1.0 -1.0 -1.0 -1.0 1621500.0 -1.0 -1.0 -1.0 -1.0 -1.0 -1.0 -1.0 -1.0 -1.0 -1.0 -1.0 -1.0 -1.0 -1.0 -1.0
3817240.0 3817240.0 3817240.0 3817240.0 3817240.0 3817240.0 3817240.0 2726600.0 1635960.0 1635960.0 1635960.0 1635960.0 1635960.0 1635960.0 1635960.0 1635960.0 1635960.0 1635960.0 1635960.0 1635960.0 1635960.0 1635960.0 1635960.0 1635960.0 1635960.0 1635960.0 1635960.0 1635960.0 1635960.0 1635960.0 1635960.0 1635960.0 1635960.0 1635960.0 2726600.0 -1.0 -1.0 -1.0 -1.0 -1.0 -1.0 2726600.0 2726600.0 2726600.0 2726600.0 -1.0 -1.0 -1.0 -1.0 -1.0 -1.0 -1.0 -1.0 -1.0 -1.0 1635960.0 1635960.0 1635960.0 -1.0 -1.0 -1.0 -1.0 -1.0 -1.0 -1.0 -1.0 -1.0 -1.0 -1.0 -1.0 -1.0 -1.0 -1.0 -1.0 -1.0
3850700.0 3850700.0 3850700.0 3850700.0 3850700.0 3850700.0 3850700.0 1650300.0 1650300.0 1650300.0 1650300.0 1650300.0 1650300.0 1650300.0 1650300.0 1650300.0 1650300.0 1650300.0 1650300.0 1650300.0 1650300.0 1650300.0 1650300.0 1650300.0 1650300.0 1650300.0 1650300.0 1650300.0 1650300.0 1650300.0 1650300.0 1650300.0 2750500.0 -1.0 -1.0 -1.0 -1.0 -1.0 -1.0 -1.0 -1.0 -1.0 -1.0 2750500.0 2750500.0 2750500.0 2750500.0 -1.0 -1.0 -1.0 -1.0 -1.0 -1.0 -1.0 1650300.0 -1.0 -1.0 -1.0 -1.0 -1.0 -1.0 -1.0 -1.0 -1.0 -1.0 -1.0 -1.0 -1.0 -1.0 -1.0 -1.0 -1.0 -1.0 -1.0 -1.0
3883862.5 3883862.5 3883862.5 3883862.5 3883862.5 3883862.5 2774187.5 1664512.5 1664512.5 1664512.5 1664512.5 1664512.5 1664512.5 1664512.5 1664512.5 1664512.5 1664512.5 1664512.5 1664512.5 1664512.5 1664512.5 1664512.5 1664512.5 2774187.5 1664512.5 1664512.5 1664512.5 1664512.5 1664512.5 1664512.5 1664512.5 2774187.5 -1.0 -1.0 -1.0 -1.0 -1.0 -1.0 -1.0 -1.0 -1.0 -1.0 -1.0 2774187.5 2774187.5 2774187.5 2774187.5 2774187.5 2774187.5 1664512.5 1664512.5 -1.0 1664512.5 -1.0 -1.0 -1.0 -1.0 -1.0 -1.0 -1.0 -1.0 -1.0 -1.0 -1.0 -1.0 -1.0 -1.0 -1.0 -1.0 -1.0 -1.0 -1.0 -1.0 -1.0 -1.0
3916745.0 3916745.0 3916745.0 3916745.0 3916745.0 1678605.0 2797675.0 1678605.0 1678605.0 1678605.0 1678605.0 1678605.0 1678605.0 1678605.0 1678605.0 1678605.0 1678605.0 1678605.0 1678605.0 1678605.0 1678605.0 1678605.0 1678605.0 2797675.0 2797675.0 1678605.0 1678605.0 1678605.0 1678605.0 2797675.0 2797675.0 -1.0 -1.0 -1.0 -1.0 -1.0 -1.0 -1.0 -1.0 -1.0 -1.0 -1.0 2797675.0 2797675.0 2797675.0 1678605.0 1678605.0 2797675.0 2797675.0 1678605.0 1678605.0 -1.0 -1.0 -1.0 -1.0 -1.0 -1.0 -1.0 -1.0 -1.0 -1.0 -1.0 -1.0 -1.0 -1.0 -1.0 -1.0 -1.0 -1.0 -1.0 -1.0 -1.0 -1.0 -1.0 -1.0
3949312.5 3949312.5 3949312.5 3949312.5 3949312.5 2820937.5 2820937.5 2820937.5 2820937.5 1692562.5 1692562.5 1692562.5 1692562.5 1692562.5 1692562.5 1692562.5 1692562.5 1692562.5 1692562.5 1692562.5 1692562.5 1692562.5 1692562.5 2820937.5 2820937.5 2820937.5 2820937.5 1692562.5 2820937.5 2820937.5 -1.0 -1.0 -1.0 -1.0 -1.0 -1.0 -1.0 -1.0 -1.0 -1.0 2820937.5 2820937.5 2820937.5 2820937.5 2820937.5 2820937.5 2820937.5 2820937.5 2820937.5 2820937.5 2820937.5 2820937.5 -1.0 -1.0 -1.0 -1.0 -1.0 -1.0 -1.0 -1.0 -1.0 -1.0 -1.0 -1.0 -1.0 -1.0 -1.0 -1.0 -1.0 -1.0 -1.0 -1.0 -1.0 -1.0 -1.0
3981582.5 3981582.5 3981582.5 2843987.5 2843987.5 2843987.5 2843987.5 2843987.5 2843987.5 1706392.5 1706392.5 1706392.5 1706392.5 1706392.5 1706392.5 1706392.5 1706392.5 1706392.5 1706392.5 1706392.5 2843987.5 2843987.5 2843987.5 -1.0 2843987.5 2843987.5 2843987.5 2843987.5 -1.0 -1.0 -1.0 -1.0 -1.0 -1.0 -1.0 -1.0 -1.0 -1.0 -1.0 2843987.5 2843987.5 2843987.5 2843987.5 2843987.5 2843987.5 1706392.5 2843987.5 2843987.5 -1.0 -1.0 -1.0 -1.0 -1.0 -1.0 -1.0 -1.0 -1.0 -1.0 -1.0 -1.0 -1.0 -1.0 -1.0 -1.0 -1.0 -1.0 -1.0 -1.0 -1.0 -1.0 -1.0 -1.0 -1.0 -1.0 -1.0
4013537.5 4013537.5 4013537.5 2866812.5 2866812.5 2866812.5 2866812.5 2866812.5 1720087.5 1720087.5 1720087.5 1720087.5 1720087.5 1720087.5 1720087.5 1720087.5 1720087.5 1720087.5 1720087.5 1720087.5 2866812.5 2866812.5 -1.0 -1.0 -1.0 -1.0 -1.0 -1.0 -1.0 -1.0 -1.0 -1.0 -1.0 -1.0 -1.0 -1.0 -1.0 -1.0 2866812.5 2866812.5 2866812.5 2866812.5 2866812.5 -1.0 2866812.5 2866812.5 2866812.5 -1.0 -1.0 -1.0 -1.0 -1.0 -1.0 -1.0 -1.0 -1.0 -1.0 -1.0 -1.0 -1.0 -1.0 -1.0 -1.0 -1.0 -1.0 -1.0 -1.0 -1.0 -1.0 -1.0 -1.0 -1.0 -1.0 -1.0 -1.0
4045212.5 4045212.5 4045212.5 2889437.5 2889437.5 2889437.5 2889437.5 2889437.5 2889437.5 2889437.5 1733662.5 1733662.5 1733662.5 1733662.5 1733662.5 1733662.5 1733662.5 1733662.5 1733662.5 2889437.5 -1.0 -1.0 -1.0 -1.0 -1.0 -1.0 -1.0 -1.0 -1.0 -1.0 -1.0 -1.0 -1.0 -1.0 -1.0 -1.0 -1.0 -1.0 -1.0 2889437.5 2889437.5 2889437.5 2889437.5 -1.0 -1.0 -1.0 -1.0 -1.0 -1.0 -1.0 -1.0 -1.0 -1.0 -1.0 -1.0 -1.0 -1.0 -1.0 -1.0 -1.0 -1.0 -1.0 -1.0 -1.0 -1.0 -1.0 -1.0 -1.0 -1.0 -1.0 -1.0 -1.0 -1.0 -1.0 -1.0
4076555.0 4076555.0 4076555.0 2911825.0 2911825.0 2911825.0 2911825.0 2911825.0 2911825.0 2911825.0 1747095.0 1747095.0 1747095.0 1747095.0 1747095.0 1747095.0 1747095.0 1747095.0 1747095.0 2911825.0 -1.0 -1.0 -1.0 -1.0 -1.0 -1.0 -1.0 -1.0 -1.0 -1.0 -1.0 -1.0 -1.0 -1.0 -1.0 -1.0 -1.0 -1.0 -1.0 -1.0 2911825.0 2911825.0 2911825.0 -1.0 -1.0 -1.0 -1.0 -1.0 -1.0 -1.0 -1.0 -1.0 -1.0 -1.0 -1.0 -1.0 -1.0 -1.0 -1.0 -1.0 -1.0 -1.0 -1.0 -1.0 -1.0 -1.0 -1.0 -1.0 -1.0 -1.0 -1.0 -1.0 -1.0 -1.0 -1.0
4107600.0 4107600.0 2934000.0 2934000.0 2934000.0 2934000.0 2934000.0 2934000.0 2934000.0 2934000.0 2934000.0 1760400.0 1760400.0 1760400.0 1760400.0 1760400.0 1760400.0 1760400.0 2934000.0 2934000.0 -1.0 -1.0 -1.0 -1.0 -1.0 -1.0 -1.0 -1.0 -1.0 -1.0 -1.0 -1.0 -1.0 -1.0 -1.0 -1.0 -1.0 -1.0 -1.0 2934000.0 2934000.0 2934000.0 2934000.0 2934000.0 -1.0 -1.0 -1.0 -1.0 -1.0 -1.0 -1.0 -1.0 -1.0 -1.0 -1.0 -1.0 -1.0 -1.0 -1.0 -1.0 -1.0 -1.0 -1.0 -1.0 -1.0 -1.0 -1.0 -1.0 -1.0 -1.0 -1.0 -1.0 -1.0 -1.0 -1.0
4138330.0 2955950.0 -1.0 2955950.0 2955950.0 2955950.0 2955950.0 2955950.0 2955950.0 2955950.0 2955950.0 2955950.0 2955950.0 1773570.0 1773570.0 1773570.0 2955950.0 2955950.0 -1.0 -1.0 -1.0 -1.0 -1.0 -1.0 -1.0 -1.0 -1.0 -1.0 -1.0 -1.0 -1.0 -1.0 -1.0 -1.0 -1.0 -1.0 -1.0 -1.0 -1.0 2955950.0 2955950.0 2955950.0 2955950.0 2955950.0 -1.0 -1.0 -1.0 -1.0 -1.0 -1.0 -1.0 -1.0 -1.0 -1.0 -1.0 -1.0 -1.0 -1.0 -1.0 -1.0 -1.0 -1.0 -1.0 -1.0 -1.0 -1.0 -1.0 -1.0 -1.0 -1.0 -1.0 -1.0 -1.0 -1.0 -1.0
-1.0 -1.0 2977675.0 2977675.0 2977675.0 2977675.0 2977675.0 2977675.0 2977675.0 2977675.0 2977675.0 2977675.0 2977675.0 2977675.0 2977675.0 2977675.0 -1.0 -1.0 -1.0 -1.0 -1.0 -1.0 -1.0 -1.0 -1.0 -1.0 -1.0 -1.0 -1.0 -1.0 -1.0 -1.0 -1.0 -1.0 -1.0 -1.0 -1.0 -1.0 -1.0 2977675.0 2977675.0 2977675.0 2977675.0 2977675.0 -1.0 -1.0 -1.0 -1.0 -1.0 -1.0 -1.0 -1.0 -1.0 -1.0 -1.0 -1.0 -1.0 -1.0 -1.0 -1.0 -1.0 -1.0 -1.0 -1.0 -1.0 -1.0 -1.0 -1.0 -1.0 -1.0 -1.0 -1.0 -1.0 -1.0 -1.0
-1.0 -1.0 2999175.0 2999175.0 2999175.0 -1.0 -1.0 -1.0 -1.0 -1.0 2999175.0 2999175.0 2999175.0 2999175.0 2999175.0 2999175.0 -1.0 -1.0 -1.0 -1.0 -1.0 -1.0 -1.0 -1.0 -1.0 -1.0 -1.0 -1.0 -1.0 -1.0 -1.0 -1.0 -1.0 -1.0 -1.0 -1.0 -1.0 -1.0 -1.0 2999175.0 2999175.0 2999175.0 2999175.0 2999175.0 -1.0 -1.0 -1.0 -1.0 -1.0 -1.0 -1.0 -1.0 -1.0 -1.0 -1.0 -1.0 -1.0 -1.0 -1.0 -1.0 -1.0 -1.0 -1.0 -1.0 -1.0 -1.0 -1.0 -1.0 -1.0 -1.0 -1.0 -1.0 -1.0 -1.0 -1.0
