critload/trunk/output/1999/ndep_nat.asc
ncols 720
nrows 360
xllcorner -180
yllcorner -90
cellsize 0.5
NODATA_value -1.0
[rows 29 to 57 of 360, columns 396 to 461 of 720]
-1.0 -1.0 -1.0 -1.0 -1.0 -1.0 -1.0 -1.0 -1.0 -1.0 -1.0 -1.0 -1.0 -1.0 -1.0 -1.0 -1.0 -1.0 -1.0 -1.0 -1.0 -1.0 -1.0 -1.0 -1.0 -1.0 -1.0 -1.0 -1.0 -1.0 -1.0 -1.0 -1.0 -1.0 -1.0 -1.0 -1.0 -1.0 -1.0 -1.0 -1.0 -1.0 -1.0 -1.0 -1.0 -1.0 -1.0 -1.0 -1.0 -1.0 -1.0 -1.0 -1.0 -1.0 -1.0 -1.0 -1.0 -1.0 -1.0 -1.0 -1.0 -1.0 -1.0 -1.0 -1.0 -1.0
-1.0 -1.0 -1.0 -1.0 -1.0 -1.0 -1.0 -1.0 -1.0 -1.0 -1.0 -1.0 -1.0 -1.0 -1.0 -1.0 -1.0 -1.0 -1.0 -1.0 -1.0 -1.0 -1.0 -1.0 -1.0 -1.0 -1.0 -1.0 -1.0 -1.0 -1.0 -1.0 -1.0 -1.0 -1.0 -1.0 -1.0 -1.0 -1.0 -1.0 -1.0 -1.0 -1.0 -1.0 -1.0 -1.0 -1.0 -1.0 -1.0 -1.0 -1.0 -1.0 -1.0 -1.0 -1.0 -1.0 -1.0 -1.0 -1.0 -1.0 -1.0 -1.0 -1.0 -1.0 -1.0 -1.0
-1.0 -1.0 -1.0 -1.0 -1.0 -1.0 -1.0 -1.0 -1.0 -1.0 -1.0 -1.0 -1.0 -1.0 -1.0 -1.0 -1.0 -1.0 -1.0 -1.0 -1.0 -1.0 -1.0 -1.0 -1.0 -1.0 -1.0 -1.0 -1.0 -1.0 -1.0 -1.0 -1.0 -1.0 -1.0 -1.0 -1.0 -1.0 -1.0 -1.0 -1.0 -1.0 -1.0 -1.0 -1.0 -1.0 -1.0 -1.0 -1.0 -1.0 -1.0 -1.0 -1.0 -1.0 -1.0 -1.0 -1.0 -1.0 -1.0 -1.0 -1.0 -1.0 -1.0 -1.0 -1.0 -1.0
-1.0 -1.0 -1.0 -1.0 -1.0 -1.0 -1.0 -1.0 -1.0 -1.0 -1.0 -1.0 -1.0 -1.0 -1.0 -1.0 -1.0 -1.0 -1.0 -1.0 -1.0 -1.0 -1.0 -1.0 -1.0 -1.0 -1.0 -1.0 -1.0 -1.0 -1.0 -1.0 -1.0 -1.0 -1.0 -1.0 -1.0 -1.0 -1.0 -1.0 -1.0 -1.0 -1.0 -1.0 -1.0 -1.0 -1.0 -1.0 -1.0 -1.0 -1.0 -1.0 -1.0 -1.0 -1.0 -1.0 -1.0 -1.0 -1.0 -1.0 -1.0 -1.0 -1.0 -1.0 -1.0 -1.0
-1.0 -1.0 -1.0 -1.0 -1.0 -1.0 -1.0 -1.0 -1.0 -1.0 -1.0 -1.0 -1.0 -1.0 -1.0 -1.0 -1.0 -1.0 -1.0 -1.0 -1.0 -1.0 -1.0 -1.0 -1.0 -1.0 -1.0 -1.0 -1.0 -1.0 -1.0 -1.0 -1.0 -1.0 -1.0 -1.0 -1.0 -1.0 -1.0 -1.0 -1.0 -1.0 -1.0 -1.0 -1.0 -1.0 -1.0 -1.0 -1.0 -1.0 -1.0 -1.0 -1.0 -1.0 -1.0 -1.0 -1.0 -1.0 -1.0 -1.0 -1.0 -1.0 -1.0 -1.0 -1.0 -1.0
-1.0 -1.0 -1.0 -1.0 -1.0 -1.0 -1.0 -1.0 -1.0 -1.0 -1.0 -1.0 -1.0 -1.0 -1.0 -1.0 -1.0 -1.0 -1.0 -1.0 -1.0 -1.0 -1.0 -1.0 -1.0 -1.0 -1.0 -1.0 -1.0 -1.0 -1.0 -1.0 -1.0 -1.0 -1.0 -1.0 -1.0 -1.0 -1.0 -1.0 -1.0 -1.0 -1.0 -1.0 -1.0 -1.0 -1.0 -1.0 -1.0 -1.0 -1.0 -1.0 -1.0 -1.0 -1.0 -1.0 -1.0 -1.0 -1.0 -1.0 -1.0 -1.0 -1.0 -1.0 -1.0 -1.0
-1.0 -1.0 -1.0 -1.0 -1.0 -1.0 -1.0 -1.0 -1.0 -1.0 -1.0 -1.0 -1.0 -1.0 -1.0 -1.0 -1.0 -1.0 -1.0 -1.0 -1.0 -1.0 -1.0 -1.0 -1.0 -1.0 -1.0 -1.0 -1.0 -1.0 -1.0 -1.0 -1.0 -1.0 -1.0 -1.0 -1.0 -1.0 -1.0 -1.0 -1.0 -1.0 -1.0 -1.0 -1.0 -1.0 -1.0 -1.0 -1.0 -1.0 -1.0 -1.0 -1.0 -1.0 -1.0 -1.0 -1.0 -1.0 -1.0 -1.0 -1.0 -1.0 -1.0 -1.0 -1.0 -1.0
-1.0 -1.0 -1.0 -1.0 -1.0 -1.0 -1.0 -1.0 -1.0 -1.0 -1.0 -1.0 -1.0 -1.0 -1.0 -1.0 -1.0 -1.0 -1.0 -1.0 -1.0 -1.0 -1.0 -1.0 -1.0 -1.0 -1.0 -1.0 -1.0 -1.0 -1.0 -1.0 -1.0 -1.0 -1.0 -1.0 -1.0 -1.0 -1.0 -1.0 -1.0 -1.0 -1.0 -1.0 -1.0 -1.0 -1.0 -1.0 -1.0 -1.0 -1.0 -1.0 -1.0 -1.0 -1.0 -1.0 -1.0 -1.0 -1.0 -1.0 -1.0 -1.0 -1.0 -1.0 -1.0 -1.0
-1.0 -1.0 -1.0 -1.0 -1.0 -1.0 -1.0 -1.0 -1.0 -1.0 -1.0 -1.0 -1.0 -1.0 4411.0533192719995 39643.476013488 13321.0488218096 -1.0 4482.1992449419995 26874.279854655997 18213.380682447998 -1.0 -1.0 -1.0 -1.0 -1.0 -1.0 -1.0 -1.0 -1.0 -1.0 -1.0 -1.0 -1.0 -1.0 -1.0 -1.0 -1.0 -1.0 -1.0 -1.0 -1.0 -1.0 -1.0 -1.0 -1.0 -1.0 -1.0 -1.0 -1.0 -1.0 -1.0 -1.0 -1.0 -1.0 -1.0 -1.0 -1.0 -1.0 -1.0 -1.0 -1.0 -1.0 -1.0 -1.0 -1.0
-1.0 -1.0 -1.0 -1.0 -1.0 -1.0 -1.0 -1.0 44502.858784316006 69122.29718607 69445.095323296 24882.730644576004 59801.66890075202 144667.87026937603 135429.70817023198 74985.667441926 91455.21246784201 85864.59766895401 81631.463422692 168024.532000488 106604.776535748 112362.68801361602 123475.85371407999 82573.348061316 47163.909364476014 10504.917073766803 -1.0 -1.0 -1.0 -1.0 -1.0 -1.0 -1.0 -1.0 -1.0 -1.0 -1.0 -1.0 -1.0 -1.0 -1.0 -1.0 -1.0 -1.0 -1.0 -1.0 -1.0 -1.0 -1.0 -1.0 -1.0 -1.0 -1.0 -1.0 -1.0 -1.0 -1.0 -1.0 -1.0 -1.0 -1.0 -1.0 -1.0 -1.0 -1.0 -1.0
-1.0 15004.6356439388 30213.056572806006 50152.770495622004 15076.179717544803 40142.551826904004 30314.529483944003 90760.355838858 106172.312182622 136140.274222008 101134.275309088 162291.576051584 183816.87145888002 183816.87145888002 92699.64295301201 169834.98830240202 186480.88065948 176226.37365628203 187812.89049468 187812.89049468 177463.969344774 166818.52418487 157365.95412050802 157302.18198912 148796.91095367802 84774.01356333 16151.479633411202 -1.0 -1.0 -1.0 -1.0 -1.0 -1.0 -1.0 -1.0 -1.0 -1.0 -1.0 -1.0 -1.0 -1.0 -1.0 -1.0 -1.0 -1.0 -1.0 -1.0 -1.0 -1.0 -1.0 -1.0 -1.0 -1.0 -1.0 -1.0 -1.0 -1.0 -1.0 -1.0 -1.0 -1.0 -1.0 -1.0 -1.0 -1.0 -1.0
56332.718474222005 121375.72495889328 176215.39042883203 119502.709269504 133535.30636011998 156866.12511907401 188160.33933567998 176527.90437915997 214200.4118485 214200.4118485 216929.08461092 216929.08461092 218293.4134854 218293.4134854 219657.74879421998 219657.74879421998 219657.74879421998 219657.74879421998 219657.74879421998 219657.74879421998 219657.74879421998 219657.74879421998 218293.4134854 182126.47426776 108257.86841786401 130752.79924574401 98869.52320092001 88496.54666839 120375.43812911656 68339.83337732 -1.0 -1.0 -1.0 -1.0 -1.0 -1.0 -1.0 -1.0 -1.0 -1.0 -1.0 -1.0 -1.0 -1.0 -1.0 -1.0 -1.0 -1.0 -1.0 -1.0 -1.0 -1.0 -1.0 -1.0 -1.0 -1.0 -1.0 -1.0 -1.0 -1.0 -1.0 -1.0 -1.0 -1.0 -1.0 -1.0
178170.75236453602 183812.89271890602 168962.87854288 197957.46841216 201893.26806320003 213673.61957032004 216466.7395696 216466.7395696 219259.855178 219259.855178 222052.97956816 222052.97956816 223449.5340792 223449.5340792 224846.09517656 224846.09517656 224846.09517656 224846.09517656 224846.09517656 224636.4024011409 224846.09517656 224846.09517656 210767.24999408 193384.98552047997 190319.82855079998 189597.60782664 190746.69234088 190746.69234088 187733.88572159997 182401.81567599997 140540.97485534401 102936.29185627202 113093.17049521 97078.14335659999 73980.6073080691 74687.68999551801 42239.034846272 -1.0 -1.0 -1.0 -1.0 -1.0 -1.0 -1.0 -1.0 -1.0 -1.0 -1.0 -1.0 -1.0 -1.0 -1.0 -1.0 -1.0 -1.0 -1.0 -1.0 -1.0 -1.0 -1.0 24737.849313215997 147709.89556393202 174659.62110895998 131357.80774529598 48400.92564564 -1.0
247160.05075872 247160.05075872 254303.41492704002 254303.41492704002 262875.43800432 262875.43800432 272876.13122016 272876.13122016 281448.16328112 281448.16328112 282876.83341968 282876.83341968 285734.17145088 285734.17145088 285734.17145088 285734.17145088 282876.83341968 282876.83341968 280019.49089664 280019.49089664 278590.80728256004 240072.76047504 225695.47888992002 225695.47888992002 224519.99355888003 224519.99355888003 224519.99355888003 224519.99355888003 219414.77101492003 219436.87910664003 220604.02234584 226870.97545056 223344.48576864 223344.48576864 214584.84915462797 215204.17010045555 209614.22218731884 196446.73408028245 134182.8809734841 70246.08906499801 -1.0 -1.0 -1.0 -1.0 -1.0 -1.0 -1.0 -1.0 -1.0 -1.0 5746.2746217462 -1.0 -1.0 -1.0 -1.0 -1.0 -1.0 -1.0 -1.0 -1.0 32493.547879536007 113816.9655664029 90537.4710691484 42758.775451643996 -1.0 -1.0
252695.48859852002 252695.48859852002 259998.83674564 259998.83674564 268762.84028562 268762.84028562 278987.51069956 278987.51069956 287751.52342442 287751.52342442 289212.19029838 289212.19029838 292133.52175008 292133.52175008 292133.52175008 292133.52175008 289212.19029838 289212.19029838 286290.85425424 286290.85425424 284830.17360296 254138.63531388 236358.93267105997 230750.19258772 229548.38089058 229548.38089058 229323.25908883096 229548.38089058 230750.19258772 230750.19258772 231952.01576596 231952.01576596 228346.54623124 228346.54623124 222337.43493248 222337.43493248 218731.95621287997 214295.8952470735 208153.23171808224 207985.40646099052 189273.81670384595 126901.28604937549 65092.29904017001 23695.267485350003 -1.0 -1.0 -1.0 -1.0 -1.0 -1.0 -1.0 11577.914658221602 127519.14202156001 209117.3753794 206713.71983803998 206713.71983803998 103276.656391736 -1.0 -1.0 -1.0 -1.0 -1.0 -1.0 -1.0 65735.843800122 120211.74360339603
300007.63763554 300007.63763554 313440.8086111 313440.8086111 329859.14277061995 329859.14277061995 344784.89533816004 344784.89533816004 361203.22715129994 361203.22715129994 362695.8063969 362695.8063969 364188.35513956 364188.35513956 362695.8063969 362695.8063969 358218.06162096 358218.06162096 352247.76810236 352247.76810236 347770.06086850003 347770.06086850003 338646.90838734 311957.61253911996 272633.15893886 272633.15893886 268948.92937598 268948.92937598 268948.92937598 268948.92937598 268519.2470069048 268948.92937598 262808.54207842 262808.54207842 254211.99704618004 254211.99704618004 246843.53322766002 246843.53322766002 241931.22010468002 235167.15150310693 233109.8179430571 233059.93027586892 238247.00227370003 238247.00227370003 192261.81152381003 126364.59026996003 -1.0 -1.0 -1.0 -1.0 -1.0 -1.0 148415.76137731998 232106.6196689 192124.57638026998 108421.341913812 75598.87003976 -1.0 -1.0 6332.578186128001 69169.05963936 87930.410398248 160108.11557352 214967.89937648 217369.68029996002 217369.68029996002
306395.51239422 306395.51239422 320114.7074673 320114.7074673 336882.62693466 336882.62693466 352126.18420488003 352126.18420488003 368894.1012758999 368894.1012758999 370418.46107669995 370418.46107669995 371942.78972508 371942.78972508 370418.46107669995 370418.46107669995 365845.37448528 365845.37448528 359747.95924548 359747.95924548 355174.91099550005 355174.91099550005 335497.27881726 297883.95474456 278438.16606498 278438.16606498 274675.49050914 274675.49050914 236327.24605938 236194.28347102003 274675.49050914 274675.49050914 268404.35979006 268404.35979006 259624.77390774002 259624.77390774002 252099.41800338 252099.41800338 244605.60159370478 247082.51007324003 237831.59135878886 244574.05970268 243319.84649910004 243319.84649910004 243319.84649910004 243319.84649910004 114669.88757924 -1.0 -1.0 -1.0 -1.0 39625.268872572 163072.11357466358 236031.1879251572 177220.07102902202 46132.608534042 -1.0 -1.0 -1.0 88535.43937388778 229523.35268664 229523.35268664 225760.66754544002 225760.66754544002 221997.99678227998 221997.99678227998
384334.2358108 384334.2358108 407674.3691922 407674.3691922 431014.5001275 431014.5001275 451242.6072449 451242.6072449 471470.7461616 471470.7461616 471470.7461616 471470.7461616 469914.7232452 469914.7232452 462134.68204620003 462134.68204620003 452798.6301613 452798.6301613 441906.54557560006 441906.54557560006 431014.5001275 431014.5001275 375245.83442820003 344392.62230960006 330309.64430369996 330309.64430369996 323908.2935555 323908.2935555 318787.2291012 213065.23245696002 174082.46647372804 138640.666940538 204150.39226166203 255622.30128182002 289946.86056296004 298302.90279320005 289341.0185948 289341.0185948 284219.9345717 284219.9345717 282939.677631 282939.677631 282939.677631 282939.677631 284219.9345717 236504.07735767998 70640.987638314 -1.0 -1.0 -1.0 -1.0 -1.0 -1.0 220872.39096923004 271417.2281831 256466.58948256 187275.541242456 179819.96413964 206572.84344737002 250417.85281696005 261175.0797057 261175.0797057 258614.54136329997 258614.54136329997 253493.4573402 253493.4573402
392127.4487196 392127.4487196 415940.8540914 415940.8540914 439754.2569675 439754.2569675 460392.53297130007 460392.53297130007 481030.8414192 481030.8414192 481030.8414192 481030.8414192 479443.2667524 479443.2667524 458575.2436575299 436707.4688440097 461980.10763810005 461980.10763810005 450867.1623372001 450867.1623372001 439754.2569675 439754.2569675 427053.75696540007 387880.1940843 337007.3910669 336068.82878959656 330189.4430827876 330476.23900349997 325251.33382440003 325251.33382440003 293400.49871525995 213879.76426280398 131356.98712116203 -1.0 8384.310335741602 50305.76445412 89592.451503224 122311.96331204001 152341.00186289402 216968.29957287599 240167.3322672 240167.3322672 207932.49748439997 159444.0696602534 71976.27870903799 -1.0 40608.093084336004 145657.110151066 271538.040033 271538.040033 229819.26526919997 135057.32693568 185252.73524094402 279533.27187630004 276920.8030647 276920.8030647 274308.3467316 274308.3467316 270389.6559927 270389.6559927 266470.9727409 266470.9727409 263858.5139121 263858.5139121 258633.5887674 258633.5887674
487314.39970119996 487314.39970119996 526170.029095 526170.029095 553692.7812166 553692.7812166 577977.5578593 520502.35023555456 366899.09107718465 219756.60066324004 178332.70428290314 197312.951653296 159447.08516468495 305622.79454695183 513292.03368318005 577977.5578593 561787.7008256001 561787.7008256001 547216.8506195999 547216.8506195999 528508.3029013284 531027.0037663 509980.1796966 495386.40577490005 410012.47698190005 400957.8434296 387104.18299144204 387636.96564149996 376980.28071769996 376980.28071769996 368987.7682974 368987.7682974 349712.0636632842 194761.1850972337 -1.0 -1.0 -1.0 -1.0 -1.0 -1.0 -1.0 -1.0 -1.0 38016.45120241601 163710.34973264002 316461.59839 346342.31601570005 346342.31601570005 343678.13078669994 343678.13078669994 337017.7008005 337017.7008005 293768.89139634004 330357.28099470004 323696.8611889 323696.8611889 318368.5136368 318368.5136368 311708.0861957 311708.0861957 306379.7360985 306379.7360985 302383.47098050005 302383.47098050005 297055.1437892 297055.1437892
496734.8030116 496734.8030116 536341.560835 536341.560835 564396.3625438 564396.3625438 499525.75110074604 148403.7271485925 -1.0 -1.0 -1.0 -1.0 -1.0 41165.16392099808 93365.43868685882 550811.5536562467 572647.7671808 559911.9065984831 543093.4276266729 557795.2440228 541292.4269659 541292.4269659 517095.7047588677 473727.13412380003 400554.8215458559 408382.70488810394 395130.4781595 395130.4781595 384267.78604609997 384267.78604609997 376120.76825819997 376120.76825819997 334946.39735925867 112359.16223519197 -1.0 59863.00899568201 -1.0 19433.334242469005 104810.79178014 28625.319352392005 -1.0 -1.0 -1.0 85248.63463018247 297992.35991102696 351679.72786600003 353037.5507601001 353037.5507601001 350321.8634631 350321.8634631 343532.6789465 343532.6789465 336743.5048071 336743.5048071 329954.3306677 329954.3306677 324522.9794224 324522.9794224 317733.7975001 317733.7975001 312302.4436605 312302.4436605 308228.9256865 308228.9256865 302797.5951956 302797.5951956
613734.4539308801 613734.4539308801 664178.38331688 664178.38331688 701170.6052488001 649301.4779439722 199525.20441925028 -1.0 -1.0 -1.0 -1.0 -1.0 70790.74178029335 503359.16653419787 384967.65950793127 603879.2271148184 626064.4419328861 674419.8904961597 660815.45909668 660815.45909668 642319.358704 632864.385891037 610338.969087404 576801.08551876 480620.5131037398 445480.7204637629 463470.31593748 463470.31593748 449635.35880324 449635.35880324 437183.92328696 437183.92328696 424732.47984072 258190.63442765528 -1.0 -1.0 -1.0 211177.46295039606 397062.59729208 375173.4723744 243461.45918085595 223789.69871564404 149520.0008205187 76228.02029793912 176160.36953034066 323776.91901391314 412281.04168111994 412281.04168111994 410897.56235628005 410897.56235628005 405363.58426056005 405363.58426056005 395679.11796724 395679.11796724 385994.6490306 385994.6490306 376310.21445712 376310.21445712 366625.74816379993 366625.74816379993 359708.29074324004 359708.29074324004 354174.31000420003 354174.31000420003 347256.85258364 347256.85258364
625064.99331008 625064.99331008 676440.19993608 676440.19993608 714115.3586408001 655062.047425201 247158.25007088302 -1.0 -1.0 -1.0 12848.32958893641 239724.11826584555 675144.9759239506 712143.5094321324 640738.2217705398 697805.4964458081 658230.3497428192 656625.7037220976 659546.4868776746 606475.3484911403 643283.8138122265 654177.622064 621732.8661009399 626777.50199236 564270.99296972 490344.1770842 466184.66452631523 466412.70677356026 448893.78457435285 457936.36114483996 445255.05181336 445255.05181336 402386.05221685144 413478.03015206696 293932.64614392875 282338.0947595319 79925.75896901336 -1.0 76962.64990980759 85375.63569922447 381979.6932849475 408620.14442936005 412847.25741096004 401457.9344146189 405652.280970185 308778.87562232703 387859.0744334673 329466.14665621286 418483.40177148 418483.40177148 412847.25741096004 412847.25741096004 402984.00006883993 402984.00006883993 393120.74003459996 393120.74003459996 383257.51499792 383257.51499792 373394.2576558 373394.2576558 366349.09268484 366349.09268484 360712.94563220005 360712.94563220005 353667.78066124 353667.78066124
765367.94418078 765367.94418078 776243.5236698235 729818.1778057412 380889.02537107724 176519.33485926437 -1.0 -1.0 -1.0 274799.0589390488 665744.4884924744 859562.1356747478 805962.4674468993 798449.1175282514 807144.1337025178 830783.4941044858 800130.3073550783 779777.96968612 717072.5740823011 749166.7054898014 747390.991992622 768854.8204976401 742703.29882488 742703.29882488 635656.33101576 570666.1176309902 552392.9486697245 553710.1482004201 535061.88738864 525108.3235135418 512097.8944901297 519282.59757924004 466739.24722387944 485089.57058080775 478484.0505229939 492027.4155381 470083.0389875489 430099.89166148007 347951.2975321279 361132.64373920043 429138.7864665263 483420.53816058004 486289.48175556 486289.48175556 484855.00584695995 471459.12199449923 475023.1031497919 370606.8844702329 489158.46098016005 489158.46098016005 484855.00584695995 484855.00584695995 469075.72151903994 469075.72151903994 456165.38900832005 456165.38900832005 443255.0208679801 443255.0208679801 433213.66210038005 433213.66210038005 424606.74087102007 424606.74087102007 415999.87171572 415999.87171572 407392.98337524006 407392.98337524006
757085.2127927599 357691.77784766187 140998.68140560755 45307.262526688806 -1.0 -1.0 38864.38807039409 203366.10130600157 595844.1738820607 776208.8903145245 864677.9736337011 859395.0960932573 869600.2356336713 872545.429206702 845305.4384096388 853635.2555400259 814186.4692611905 791922.0127889904 768601.1844227451 752633.5127171976 761015.8528727769 742554.9678098864 736522.8681553799 753113.1118088226 680157.812993802 683156.11108224 603065.83021312 563484.33216896 544506.8891443199 544506.8891443199 506629.49847041955 501860.9627775169 460804.4369698625 484187.17351848027 471278.6622802166 473194.64047797944 478261.6471322849 491953.95819904003 489034.36874368007 489034.36874368007 491953.95819904003 491953.95819904003 494873.54486528004 494873.54486528004 452646.649460664 479759.67044538667 468903.3570236473 430714.1632150229 370677.7182754515 458191.8884027784 493413.74734848 493413.74734848 477355.92445951997 477355.92445951997 464217.69660416 464217.69660416 451079.43249024 451079.43249024 440860.82198144007 440860.82198144007 432101.96994176 432101.96994176 423343.17089536006 423343.17089536006 414584.35232512007 414584.35232512007
323410.9293926501 -1.0 -1.0 -1.0 -1.0 -1.0 409334.5224502957 892655.0714246369 1051278.993358475 946640.0778085096 991618.5145832242 1051012.3062840041 1052311.234831642 1073890.7892216 1048622.8196869 1036115.7759602148 976215.8126499535 994477.0661092 954770.147807 928370.6214173372 893211.939833919 903098.5576334002 785370.8375214217 809331.5157021824 795046.0504477348 794825.6994210706 759177.5549829247 657636.5591304917 625352.0538130893 619439.6230862419 586659.0379596854 579963.512728693 519420.93764872145 519374.14231694053 539202.85180056 524521.5208166604 545734.7336440178 577673.1933141 576188.1760298 576188.1760298 582128.2650281 572333.1713384913 585098.2882475 568933.4717075621 501329.573201696 532779.306656905 566109.9609055725 565882.1409089405 566109.9609055725 459360.21226666216 454756.76414632075 497390.19724370644 556882.9030998 556882.9030998 540547.6533892 540547.6533892 527182.4694575 527182.4694575 515302.29997279996 515302.29997279996 501937.1075292 501937.1075292 488571.9207602 488571.9207602 476691.7541128 476691.7541128
-1.0 -1.0 -1.0 -1.0 -1.0 -1.0 229781.20231722604 968233.7495156835 1102823.6353203515 1194417.5782259405 1130593.75668336 1103884.239005469 1092050.75822976 1065561.2003401527 1066355.49613584 1020357.7306166438 1011294.1138771198 983780.611263098 903326.0488609922 876142.0080642969 928702.0390464001 875237.1870018769 868888.5005089209 893829.7861377602 826068.5162354412 678464.9710687083 663721.9742162699 646281.6982003079 610795.7325449962 618490.9172775369 601530.8631818026 575865.9933062249 549534.7385220525 591917.6751913961 538667.055235053 559706.579551047 554928.0621632144 571050.0165643191 585931.77335328 585931.77335328 591972.31188816 591972.31188816 562101.2393630001 578634.6757156441 574160.8638291754 590462.18518896 591972.31188816 575635.3380845601 591972.31188816 559745.8401268297 569626.8232649412 506559.6739786256 504568.0583575991 477019.49854361435 460415.6010842461 534350.1308254508 536097.3585719999 536097.3585719999 524016.29015807994 524016.29015807994 510425.08638912 510425.08638912 496833.88839072007 496833.88839072007 382944.23937814945 484752.82286208007
-1.0 -1.0 -1.0 -1.0 -1.0 -1.0 100360.57140702564 1047455.007709322 1286305.4471905695 1287560.7836180294 1398564.701420575 1447372.3241034807 1266731.9453163464 1306023.39618526 1139578.9159059937 1217827.8747794125 1142479.4148192466 1170937.73064824 1055938.5563199436 1064171.9058964557 1025580.1078144282 1076210.944373572 1017823.2629214143 940195.8660840126 414290.0935110611 500568.6103955629 699012.2594384295 670426.8874113003 710077.3117452195 704338.68120594 694232.9715717161 663693.9388043679 525753.0281931193 676999.1171131304 706780.170577305 709225.50919406 557476.6033568466 602568.6188738216 641633.4504730204 680641.8367792653 691197.0694958132 652519.5773641801 678670.717101197 718436.2478812599 673631.6954167848 691143.6593750622 704620.1721136802 704620.1721136802 680484.4595965298 641581.0371025003 667053.8311752634 667135.4157888712 644868.3538851293 644868.3538851293 476568.613441148 529396.1305258675 586218.6551137571 620840.6627331922 623258.7868507 623258.7868507 470369.5094898857 518363.05343471165 546837.3054566757 562723.6091502648 520235.1341515482 368330.0186027283
-1.0 -1.0 -1.0 -1.0 -1.0 -1.0 75650.45650369229 1007363.878313497 1152501.3659027414 1102344.55856715 1277633.0813018573 1265845.1295568603 1171046.107084377 1261119.9183956936 1213116.7272466496 1195273.5109161823 1151959.8381422763 1205551.8604569496 1084585.5867121974 1136007.020292657 1028181.2011791831 862824.1545184423 805930.8659506232 513647.14723302133 771646.0160463654 -1.0 -1.0 750397.428715918 697559.4948465292 598070.1987595903 670896.5553469973 692236.2413282001 675045.7126534848 582446.0287544634 449720.7783248266 684244.545802846 620693.6672820719 512780.76960046677 691512.2073016335 693012.5629078636 702127.5391631316 659851.6210921258 689665.2405196998 669298.973012608 624762.778341323 682195.6350418809 676221.2600651381 676087.0215025529 556282.1626825678 632532.540462322 600791.8564914508 639623.3546138641 636465.596049643 562039.3393027886 621877.7174345889 603565.700042406 578465.7130792618 407060.9862823711 552492.9700853813 563854.6602084796 543640.178757586 577668.284119985 588116.89506978 588116.89506978 556629.2038583367 556753.8518006686
