critload/trunk/output/1999/ndep_crit_tot.asc
ncols 720
nrows 360
xllcorner -180
yllcorner -90
cellsize 0.5
NODATA_value -1.0
[rows 170 to 203 of 360, columns 225 to 299 of 720]
6021034.5 6021034.5 7719275.0 7719275.0 7719275.0 7719275.0 7719275.0 7719275.0 7719275.0 7719275.0 7719275.0 7719275.0 7719275.0 7719275.0 7719275.0 7719275.0 7719275.0 7719275.0 7719275.0 7719275.0 7719275.0 7719275.0 7719275.0 7719275.0 7719275.0 7719275.0 7719275.0 6021034.5 6021034.5 6021034.5 6021034.5 -1.0 -1.0 -1.0 -1.0 -1.0 -1.0 -1.0 -1.0 -1.0 -1.0 -1.0 -1.0 -1.0 -1.0 -1.0 -1.0 -1.0 -1.0 -1.0 -1.0 -1.0 -1.0 -1.0 -1.0 -1.0 -1.0 -1.0 -1.0 -1.0 -1.0 -1.0 -1.0 -1.0 -1.0 -1.0 -1.0 -1.0 -1.0 -1.0 -1.0 -1.0 -1.0 -1.0 -1.0
7724575.0 7724575.0 7724575.0 7724575.0 7724575.0 7724575.0 7724575.0 7724575.0 7724575.0 7724575.0 7724575.0 7724575.0 7724575.0 7724575.0 7724575.0 7724575.0 7724575.0 7724575.0 7724575.0 7724575.0 7724575.0 7724575.0 7724575.0 7724575.0 7724575.0 7724575.0 7724575.0 6025168.5 6025168.5 6025168.5 6025168.5 7724575.0 7724575.0 -1.0 -1.0 -1.0 -1.0 -1.0 -1.0 -1.0 -1.0 -1.0 -1.0 -1.0 -1.0 -1.0 -1.0 -1.0 -1.0 -1.0 -1.0 -1.0 -1.0 -1.0 -1.0 -1.0 -1.0 -1.0 -1.0 -1.0 -1.0 -1.0 -1.0 -1.0 -1.0 -1.0 -1.0 -1.0 -1.0 -1.0 -1.0 -1.0 -1.0 -1.0 -1.0
7729300.0 7729300.0 7729300.0 7729300.0 7729300.0 7729300.0 7729300.0 7729300.0 7729300.0 7729300.0 7729300.0 6028854.0 6028854.0 6028854.0 6028854.0 6028854.0 6028854.0 7729300.0 7729300.0 6028854.0 7729300.0 7729300.0 7729300.0 7729300.0 7729300.0 7729300.0 7729300.0 6028854.0 6028854.0 6028854.0 6028854.0 6028854.0 6028854.0 -1.0 -1.0 -1.0 -1.0 -1.0 -1.0 -1.0 -1.0 -1.0 -1.0 -1.0 -1.0 -1.0 -1.0 -1.0 -1.0 -1.0 -1.0 -1.0 -1.0 -1.0 -1.0 -1.0 -1.0 -1.0 -1.0 -1.0 -1.0 -1.0 -1.0 -1.0 -1.0 -1.0 -1.0 -1.0 -1.0 -1.0 -1.0 -1.0 -1.0 -1.0 -1.0
7733425.0 7733425.0 7733425.0 7733425.0 7733425.0 7733425.0 7733425.0 7733425.0 7733425.0 7733425.0 7733425.0 6032071.5 6032071.5 4640055.0 4640055.0 4640055.0 6032071.5 6032071.5 6032071.5 6032071.5 6032071.5 6032071.5 7733425.0 7733425.0 7733425.0 7733425.0 6032071.5 6032071.5 6032071.5 6032071.5 6032071.5 6032071.5 6032071.5 -1.0 -1.0 -1.0 -1.0 -1.0 -1.0 -1.0 -1.0 -1.0 -1.0 -1.0 -1.0 -1.0 -1.0 -1.0 -1.0 -1.0 -1.0 -1.0 -1.0 -1.0 -1.0 -1.0 -1.0 -1.0 -1.0 -1.0 -1.0 -1.0 -1.0 -1.0 -1.0 -1.0 -1.0 -1.0 -1.0 -1.0 -1.0 -1.0 -1.0 -1.0 -1.0
7736950.0 7736950.0 7736950.0 7736950.0 7736950.0 7736950.0 7736950.0 7736950.0 7736950.0 7736950.0 7736950.0 6034821.0 6034821.0 4642170.0 4642170.0 4642170.0 6034821.0 6034821.0 6034821.0 6034821.0 6034821.0 6034821.0 7736950.0 6034821.0 7736950.0 7736950.0 6034821.0 6034821.0 6034821.0 6034821.0 6034821.0 6034821.0 6034821.0 6034821.0 -1.0 -1.0 -1.0 -1.0 -1.0 -1.0 -1.0 -1.0 -1.0 -1.0 -1.0 -1.0 -1.0 -1.0 -1.0 -1.0 -1.0 -1.0 -1.0 -1.0 -1.0 -1.0 -1.0 -1.0 -1.0 -1.0 -1.0 -1.0 -1.0 -1.0 -1.0 -1.0 -1.0 -1.0 -1.0 -1.0 -1.0 -1.0 -1.0 -1.0 -1.0
7739900.0 7739900.0 7739900.0 7739900.0 7739900.0 7739900.0 7739900.0 7739900.0 7739900.0 7739900.0 7739900.0 6037122.0 6037122.0 6037122.0 6037122.0 6037122.0 6037122.0 6037122.0 6037122.0 6037122.0 6037122.0 6037122.0 6037122.0 6037122.0 6037122.0 6037122.0 6037122.0 6037122.0 6037122.0 6037122.0 6037122.0 6037122.0 6037122.0 6037122.0 -1.0 -1.0 -1.0 -1.0 -1.0 -1.0 -1.0 -1.0 -1.0 -1.0 -1.0 -1.0 -1.0 -1.0 -1.0 -1.0 -1.0 -1.0 -1.0 -1.0 -1.0 -1.0 -1.0 -1.0 -1.0 -1.0 -1.0 -1.0 -1.0 -1.0 -1.0 -1.0 -1.0 -1.0 -1.0 -1.0 -1.0 -1.0 -1.0 -1.0 -1.0
7742250.0 7742250.0 7742250.0 7742250.0 7742250.0 7742250.0 7742250.0 7742250.0 7742250.0 7742250.0 7742250.0 7742250.0 6038955.0 6038955.0 6038955.0 6038955.0 6038955.0 6038955.0 6038955.0 6038955.0 6038955.0 6038955.0 6038955.0 6038955.0 6038955.0 6038955.0 6038955.0 6038955.0 6038955.0 6038955.0 6038955.0 6038955.0 6038955.0 6038955.0 6038955.0 -1.0 -1.0 -1.0 -1.0 -1.0 -1.0 -1.0 -1.0 -1.0 -1.0 -1.0 -1.0 -1.0 -1.0 -1.0 -1.0 -1.0 -1.0 -1.0 -1.0 -1.0 -1.0 -1.0 -1.0 -1.0 -1.0 -1.0 -1.0 -1.0 -1.0 -1.0 -1.0 -1.0 -1.0 -1.0 -1.0 -1.0 -1.0 -1.0 -1.0
7744025.0 7744025.0 7744025.0 7744025.0 7744025.0 7744025.0 7744025.0 7744025.0 7744025.0 7744025.0 7744025.0 7744025.0 7744025.0 7744025.0 6040339.5 6040339.5 6040339.5 6040339.5 6040339.5 6040339.5 6040339.5 6040339.5 6040339.5 6040339.5 6040339.5 6040339.5 6040339.5 6040339.5 6040339.5 6040339.5 6040339.5 6040339.5 6040339.5 6040339.5 6040339.5 6040339.5 -1.0 -1.0 -1.0 -1.0 -1.0 -1.0 -1.0 -1.0 -1.0 -1.0 -1.0 -1.0 -1.0 -1.0 -1.0 -1.0 -1.0 -1.0 -1.0 -1.0 -1.0 -1.0 -1.0 -1.0 -1.0 -1.0 -1.0 -1.0 -1.0 -1.0 -1.0 -1.0 -1.0 -1.0 -1.0 -1.0 -1.0 -1.0 -1.0
7745200.0 7745200.0 7745200.0 7745200.0 7745200.0 7745200.0 7745200.0 7745200.0 7745200.0 7745200.0 7745200.0 7745200.0 7745200.0 7745200.0 7745200.0 7745200.0 6041256.0 6041256.0 6041256.0 6041256.0 6041256.0 6041256.0 6041256.0 6041256.0 6041256.0 6041256.0 6041256.0 6041256.0 6041256.0 6041256.0 6041256.0 6041256.0 6041256.0 6041256.0 6041256.0 -1.0 -1.0 -1.0 -1.0 -1.0 -1.0 -1.0 -1.0 -1.0 -1.0 -1.0 -1.0 -1.0 -1.0 -1.0 -1.0 -1.0 -1.0 -1.0 -1.0 -1.0 -1.0 -1.0 -1.0 -1.0 -1.0 -1.0 -1.0 -1.0 -1.0 -1.0 -1.0 -1.0 -1.0 -1.0 -1.0 -1.0 -1.0 -1.0 -1.0
7745800.0 7745800.0 7745800.0 7745800.0 7745800.0 7745800.0 7745800.0 7745800.0 7745800.0 7745800.0 7745800.0 7745800.0 7745800.0 7745800.0 7745800.0 7745800.0 7745800.0 6041724.0 6041724.0 6041724.0 6041724.0 6041724.0 6041724.0 6041724.0 6041724.0 6041724.0 6041724.0 6041724.0 6041724.0 6041724.0 6041724.0 6041724.0 6041724.0 6041724.0 6041724.0 -1.0 -1.0 -1.0 -1.0 -1.0 -1.0 -1.0 -1.0 -1.0 -1.0 -1.0 -1.0 -1.0 -1.0 -1.0 -1.0 -1.0 -1.0 -1.0 -1.0 -1.0 -1.0 -1.0 -1.0 -1.0 -1.0 -1.0 -1.0 -1.0 -1.0 -1.0 -1.0 -1.0 -1.0 -1.0 -1.0 -1.0 -1.0 -1.0 -1.0
7745800.0 7745800.0 7745800.0 7745800.0 7745800.0 7745800.0 7745800.0 7745800.0 7745800.0 7745800.0 7745800.0 7745800.0 7745800.0 7745800.0 7745800.0 7745800.0 7745800.0 6041724.0 6041724.0 6041724.0 6041724.0 6041724.0 6041724.0 6041724.0 6041724.0 6041724.0 6041724.0 6041724.0 6041724.0 6041724.0 6041724.0 6041724.0 6041724.0 6041724.0 6041724.0 6041724.0 6041724.0 6041724.0 6041724.0 -1.0 -1.0 -1.0 -1.0 -1.0 -1.0 -1.0 -1.0 -1.0 -1.0 -1.0 -1.0 -1.0 -1.0 -1.0 -1.0 -1.0 -1.0 -1.0 -1.0 -1.0 -1.0 -1.0 -1.0 -1.0 -1.0 -1.0 -1.0 -1.0 -1.0 -1.0 -1.0 -1.0 -1.0 -1.0 -1.0
7745200.0 7745200.0 7745200.0 7745200.0 7745200.0 7745200.0 7745200.0 7745200.0 7745200.0 7745200.0 7745200.0 7745200.0 7745200.0 7745200.0 7745200.0 7745200.0 7745200.0 7745200.0 6041256.0 6041256.0 6041256.0 6041256.0 6041256.0 6041256.0 6041256.0 6041256.0 6041256.0 6041256.0 6041256.0 6041256.0 6041256.0 6041256.0 6041256.0 6041256.0 6041256.0 6041256.0 6041256.0 6041256.0 6041256.0 6041256.0 6041256.0 6041256.0 6041256.0 -1.0 -1.0 -1.0 -1.0 -1.0 -1.0 -1.0 -1.0 -1.0 -1.0 -1.0 -1.0 -1.0 -1.0 -1.0 -1.0 -1.0 -1.0 -1.0 -1.0 -1.0 -1.0 -1.0 -1.0 -1.0 -1.0 -1.0 -1.0 -1.0 -1.0 -1.0 -1.0
7744025.0 7744025.0 7744025.0 7744025.0 7744025.0 7744025.0 7744025.0 7744025.0 7744025.0 7744025.0 7744025.0 7744025.0 7744025.0 7744025.0 7744025.0 7744025.0 7744025.0 7744025.0 7744025.0 6040339.5 6040339.5 6040339.5 6040339.5 6040339.5 6040339.5 6040339.5 6040339.5 6040339.5 6040339.5 6040339.5 6040339.5 6040339.5 6040339.5 6040339.5 6040339.5 6040339.5 7744025.0 7744025.0 7744025.0 6040339.5 6040339.5 6040339.5 6040339.5 4646415.0 4646415.0 -1.0 -1.0 -1.0 -1.0 -1.0 -1.0 -1.0 -1.0 -1.0 -1.0 -1.0 -1.0 -1.0 -1.0 -1.0 -1.0 -1.0 -1.0 -1.0 -1.0 -1.0 -1.0 -1.0 -1.0 -1.0 -1.0 -1.0 -1.0 -1.0 -1.0
7742275.0 7742275.0 7742275.0 7742275.0 7742275.0 7742275.0 7742275.0 7742275.0 7742275.0 7742275.0 7742275.0 7742275.0 7742275.0 7742275.0 7742275.0 7742275.0 7742275.0 7742275.0 6038974.5 6038974.5 6038974.5 6038974.5 6038974.5 6038974.5 6038974.5 6038974.5 6038974.5 6038974.5 6038974.5 6038974.5 6038974.5 6038974.5 6038974.5 6038974.5 7742275.0 7742275.0 7742275.0 7742275.0 7742275.0 7742275.0 6038974.5 6038974.5 6038974.5 4645365.0 4645365.0 4645365.0 -1.0 -1.0 -1.0 -1.0 -1.0 -1.0 -1.0 -1.0 -1.0 -1.0 -1.0 -1.0 -1.0 -1.0 -1.0 -1.0 -1.0 -1.0 -1.0 -1.0 -1.0 -1.0 -1.0 -1.0 -1.0 -1.0 -1.0 -1.0 -1.0
7739900.0 7739900.0 7739900.0 7739900.0 7739900.0 7739900.0 7739900.0 7739900.0 7739900.0 7739900.0 7739900.0 7739900.0 7739900.0 7739900.0 7739900.0 7739900.0 7739900.0 6037122.0 6037122.0 6037122.0 6037122.0 6037122.0 6037122.0 6037122.0 6037122.0 6037122.0 6037122.0 6037122.0 6037122.0 6037122.0 6037122.0 6037122.0 6037122.0 6037122.0 6037122.0 7739900.0 7739900.0 7739900.0 7739900.0 7739900.0 6037122.0 6037122.0 6037122.0 4643940.0 4643940.0 4643940.0 4643940.0 4643940.0 4643940.0 -1.0 -1.0 -1.0 -1.0 -1.0 -1.0 -1.0 -1.0 -1.0 -1.0 -1.0 -1.0 -1.0 -1.0 -1.0 -1.0 -1.0 -1.0 -1.0 -1.0 -1.0 -1.0 -1.0 -1.0 -1.0 -1.0
7736950.0 7736950.0 7736950.0 7736950.0 7736950.0 7736950.0 7736950.0 7736950.0 7736950.0 7736950.0 7736950.0 7736950.0 7736950.0 7736950.0 7736950.0 7736950.0 7736950.0 6034821.0 6034821.0 6034821.0 6034821.0 6034821.0 6034821.0 6034821.0 6034821.0 6034821.0 6034821.0 6034821.0 6034821.0 6034821.0 6034821.0 6034821.0 6034821.0 6034821.0 6034821.0 6034821.0 6034821.0 7736950.0 7736950.0 6034821.0 6034821.0 6034821.0 6034821.0 4642170.0 4642170.0 4642170.0 4642170.0 4642170.0 4642170.0 4642170.0 4642170.0 4642170.0 4642170.0 4642170.0 4642170.0 4642170.0 -1.0 -1.0 -1.0 -1.0 -1.0 -1.0 -1.0 -1.0 -1.0 -1.0 -1.0 -1.0 -1.0 -1.0 -1.0 -1.0 -1.0 -1.0 -1.0
7733425.0 7733425.0 7733425.0 7733425.0 7733425.0 7733425.0 7733425.0 7733425.0 7733425.0 7733425.0 7733425.0 7733425.0 7733425.0 7733425.0 7733425.0 7733425.0 7733425.0 6032071.5 6032071.5 6032071.5 6032071.5 7733425.0 6032071.5 6032071.5 6032071.5 6032071.5 6032071.5 6032071.5 6032071.5 6032071.5 6032071.5 6032071.5 6032071.5 6032071.5 6032071.5 6032071.5 6032071.5 6032071.5 6032071.5 6032071.5 6032071.5 6032071.5 6032071.5 4640055.0 4640055.0 4640055.0 4640055.0 4640055.0 4640055.0 4640055.0 4640055.0 4640055.0 4640055.0 4640055.0 4640055.0 4640055.0 4640055.0 4640055.0 -1.0 -1.0 -1.0 -1.0 -1.0 -1.0 -1.0 -1.0 -1.0 -1.0 -1.0 -1.0 -1.0 -1.0 -1.0 -1.0 -1.0
7729300.0 7729300.0 7729300.0 7729300.0 7729300.0 7729300.0 7729300.0 7729300.0 7729300.0 7729300.0 7729300.0 7729300.0 7729300.0 7729300.0 7729300.0 7729300.0 6028854.0 6028854.0 6028854.0 6028854.0 7729300.0 7729300.0 7729300.0 7729300.0 7729300.0 7729300.0 6028854.0 6028854.0 6028854.0 6028854.0 6028854.0 6028854.0 6028854.0 6028854.0 6028854.0 6028854.0 6028854.0 6028854.0 6028854.0 6028854.0 6028854.0 6028854.0 4637580.0 4637580.0 4637580.0 4637580.0 4637580.0 4637580.0 4637580.0 4637580.0 4637580.0 4637580.0 4637580.0 4637580.0 4637580.0 4637580.0 4637580.0 4637580.0 4637580.0 -1.0 -1.0 -1.0 -1.0 -1.0 -1.0 -1.0 -1.0 -1.0 -1.0 -1.0 -1.0 -1.0 -1.0 -1.0 -1.0
7724575.0 7724575.0 7724575.0 7724575.0 7724575.0 7724575.0 7724575.0 7724575.0 7724575.0 7724575.0 7724575.0 7724575.0 7724575.0 7724575.0 7724575.0 7724575.0 7724575.0 6025168.5 6025168.5 7724575.0 7724575.0 7724575.0 7724575.0 7724575.0 7724575.0 7724575.0 6025168.5 6025168.5 6025168.5 6025168.5 6025168.5 6025168.5 6025168.5 6025168.5 6025168.5 6025168.5 6025168.5 6025168.5 6025168.5 6025168.5 6025168.5 4634745.0 4634745.0 4634745.0 4634745.0 4634745.0 4634745.0 4634745.0 4634745.0 4634745.0 4634745.0 4634745.0 4634745.0 4634745.0 2317372.5 2317372.5 4634745.0 4634745.0 4634745.0 4634745.0 -1.0 -1.0 -1.0 -1.0 -1.0 -1.0 -1.0 -1.0 -1.0 -1.0 -1.0 -1.0 -1.0 -1.0 -1.0
7719275.0 7719275.0 7719275.0 7719275.0 7719275.0 7719275.0 7719275.0 7719275.0 7719275.0 7719275.0 7719275.0 7719275.0 7719275.0 7719275.0 7719275.0 7719275.0 6021034.5 6021034.5 7719275.0 7719275.0 7719275.0 7719275.0 7719275.0 6021034.5 6021034.5 6021034.5 6021034.5 6021034.5 6021034.5 6021034.5 6021034.5 6021034.5 6021034.5 6021034.5 6021034.5 6021034.5 6021034.5 6021034.5 6021034.5 6021034.5 4631565.0 4631565.0 4631565.0 4631565.0 4631565.0 4631565.0 4631565.0 4631565.0 4631565.0 4631565.0 4631565.0 4631565.0 4631565.0 4631565.0 2315782.5 4631565.0 4631565.0 4631565.0 4631565.0 4631565.0 2315782.5 2315782.5 -1.0 -1.0 -1.0 -1.0 -1.0 -1.0 -1.0 -1.0 -1.0 -1.0 -1.0 -1.0 -1.0
7713375.0 7713375.0 7713375.0 7713375.0 7713375.0 7713375.0 7713375.0 7713375.0 7713375.0 7713375.0 7713375.0 7713375.0 7713375.0 7713375.0 6016432.5 6016432.5 6016432.5 6016432.5 6016432.5 7713375.0 7713375.0 7713375.0 6016432.5 6016432.5 6016432.5 6016432.5 6016432.5 6016432.5 6016432.5 6016432.5 6016432.5 6016432.5 6016432.5 6016432.5 6016432.5 6016432.5 6016432.5 6016432.5 4628025.0 4628025.0 4628025.0 4628025.0 4628025.0 4628025.0 4628025.0 4628025.0 4628025.0 4628025.0 4628025.0 4628025.0 4628025.0 4628025.0 4628025.0 4628025.0 2314012.5 4628025.0 4628025.0 4628025.0 4628025.0 4628025.0 2314012.5 2314012.5 2314012.5 4628025.0 4628025.0 -1.0 -1.0 -1.0 -1.0 -1.0 -1.0 -1.0 -1.0 -1.0 -1.0
7706900.0 7706900.0 7706900.0 7706900.0 7706900.0 7706900.0 7706900.0 7706900.0 7706900.0 7706900.0 7706900.0 6011382.0 6011382.0 6011382.0 6011382.0 6011382.0 6011382.0 6011382.0 6011382.0 6011382.0 6011382.0 6011382.0 6011382.0 6011382.0 6011382.0 6011382.0 6011382.0 6011382.0 6011382.0 6011382.0 6011382.0 6011382.0 6011382.0 6011382.0 4624140.0 4624140.0 4624140.0 4624140.0 4624140.0 4624140.0 4624140.0 4624140.0 4624140.0 4624140.0 4624140.0 4624140.0 4624140.0 4624140.0 4624140.0 4624140.0 4624140.0 4624140.0 4624140.0 4624140.0 2312070.0 2312070.0 4624140.0 4624140.0 4624140.0 4624140.0 2312070.0 2312070.0 2312070.0 4624140.0 4624140.0 -1.0 -1.0 -1.0 -1.0 -1.0 -1.0 -1.0 -1.0 -1.0 -1.0
7699850.0 7699850.0 7699850.0 7699850.0 7699850.0 7699850.0 7699850.0 7699850.0 7699850.0 7699850.0 6005883.0 6005883.0 6005883.0 6005883.0 6005883.0 6005883.0 6005883.0 6005883.0 6005883.0 6005883.0 6005883.0 6005883.0 6005883.0 6005883.0 6005883.0 6005883.0 6005883.0 6005883.0 6005883.0 6005883.0 6005883.0 6005883.0 6005883.0 6005883.0 4619910.0 4619910.0 4619910.0 4619910.0 4619910.0 4619910.0 4619910.0 4619910.0 4619910.0 4619910.0 4619910.0 4619910.0 4619910.0 4619910.0 4619910.0 4619910.0 4619910.0 4619910.0 4619910.0 2309955.0 4619910.0 2309955.0 4619910.0 4619910.0 4619910.0 4619910.0 4619910.0 2309955.0 2309955.0 4619910.0 4619910.0 4619910.0 -1.0 -1.0 -1.0 -1.0 -1.0 -1.0 -1.0 -1.0 -1.0
7692200.0 7692200.0 7692200.0 7692200.0 7692200.0 7692200.0 7692200.0 7692200.0 7692200.0 5999916.0 5999916.0 5999916.0 5999916.0 5999916.0 5999916.0 5999916.0 5999916.0 5999916.0 5999916.0 5999916.0 5999916.0 5999916.0 5999916.0 5999916.0 5999916.0 5999916.0 5999916.0 5999916.0 5999916.0 5999916.0 5999916.0 5999916.0 5999916.0 5999916.0 4615320.0 4615320.0 4615320.0 4615320.0 4615320.0 4615320.0 4615320.0 4615320.0 4615320.0 4615320.0 4615320.0 4615320.0 4615320.0 4615320.0 4615320.0 4615320.0 4615320.0 4615320.0 2307660.0 2307660.0 2307660.0 4615320.0 4615320.0 4615320.0 4615320.0 4615320.0 2307660.0 2307660.0 2307660.0 4615320.0 4615320.0 4615320.0 -1.0 -1.0 -1.0 -1.0 -1.0 -1.0 -1.0 -1.0 -1.0
7683950.0 7683950.0 7683950.0 7683950.0 7683950.0 7683950.0 5993481.0 5993481.0 5993481.0 5993481.0 5993481.0 5993481.0 5993481.0 5993481.0 5993481.0 5993481.0 5993481.0 5993481.0 5993481.0 5993481.0 5993481.0 5993481.0 5993481.0 5993481.0 5993481.0 5993481.0 5993481.0 5993481.0 5993481.0 5993481.0 5993481.0 5993481.0 5993481.0 4610370.0 4610370.0 4610370.0 4610370.0 4610370.0 4610370.0 4610370.0 4610370.0 4610370.0 4610370.0 4610370.0 4610370.0 4610370.0 4610370.0 4610370.0 4610370.0 4610370.0 4610370.0 4610370.0 2305185.0 2305185.0 2305185.0 4610370.0 4610370.0 4610370.0 4610370.0 4610370.0 2305185.0 2305185.0 2305185.0 4610370.0 4610370.0 4610370.0 -1.0 -1.0 -1.0 -1.0 -1.0 -1.0 -1.0 -1.0 -1.0
7675125.0 7675125.0 7675125.0 7675125.0 5986597.5 5986597.5 5986597.5 5986597.5 5986597.5 5986597.5 5986597.5 5986597.5 5986597.5 5986597.5 5986597.5 5986597.5 5986597.5 5986597.5 5986597.5 5986597.5 5986597.5 5986597.5 5986597.5 5986597.5 5986597.5 5986597.5 5986597.5 5986597.5 5986597.5 5986597.5 5986597.5 5986597.5 5986597.5 5986597.5 4605075.0 4605075.0 4605075.0 4605075.0 4605075.0 4605075.0 4605075.0 4605075.0 4605075.0 4605075.0 4605075.0 4605075.0 4605075.0 4605075.0 4605075.0 4605075.0 4605075.0 4605075.0 2302537.5 2302537.5 2302537.5 4605075.0 4605075.0 4605075.0 4605075.0 4605075.0 2302537.5 2302537.5 2302537.5 4605075.0 4605075.0 4605075.0 -1.0 -1.0 -1.0 -1.0 -1.0 -1.0 -1.0 -1.0 -1.0
7665725.0 7665725.0 7665725.0 5979265.5 5979265.5 5979265.5 5979265.5 5979265.5 5979265.5 5979265.5 5979265.5 5979265.5 5979265.5 5979265.5 5979265.5 5979265.5 5979265.5 5979265.5 5979265.5 5979265.5 5979265.5 5979265.5 5979265.5 5979265.5 5979265.5 5979265.5 5979265.5 5979265.5 5979265.5 5979265.5 5979265.5 5979265.5 5979265.5 4599435.0 4599435.0 4599435.0 4599435.0 4599435.0 4599435.0 4599435.0 4599435.0 4599435.0 4599435.0 4599435.0 4599435.0 4599435.0 4599435.0 4599435.0 4599435.0 4599435.0 4599435.0 2299717.5 2299717.5 2299717.5 2299717.5 2299717.5 2299717.5 2299717.5 2299717.5 4599435.0 4599435.0 4599435.0 4599435.0 4599435.0 5979265.5 4599435.0 -1.0 -1.0 -1.0 -1.0 -1.0 -1.0 -1.0 -1.0 -1.0
7655725.0 5971465.5 5971465.5 5971465.5 5971465.5 5971465.5 5971465.5 5971465.5 5971465.5 5971465.5 5971465.5 5971465.5 5971465.5 5971465.5 5971465.5 5971465.5 5971465.5 5971465.5 5971465.5 5971465.5 5971465.5 5971465.5 5971465.5 5971465.5 5971465.5 5971465.5 5971465.5 5971465.5 5971465.5 5971465.5 5971465.5 5971465.5 5971465.5 4593435.0 4593435.0 4593435.0 4593435.0 4593435.0 4593435.0 4593435.0 4593435.0 4593435.0 4593435.0 4593435.0 4593435.0 4593435.0 4593435.0 4593435.0 4593435.0 4593435.0 4593435.0 2296717.5 2296717.5 2296717.5 2296717.5 2296717.5 2296717.5 2296717.5 2296717.5 4593435.0 4593435.0 4593435.0 4593435.0 4593435.0 5971465.5 -1.0 -1.0 -1.0 -1.0 -1.0 -1.0 -1.0 -1.0 -1.0 -1.0
5963217.0 5963217.0 5963217.0 5963217.0 5963217.0 5963217.0 5963217.0 5963217.0 5963217.0 5963217.0 5963217.0 5963217.0 5963217.0 5963217.0 5963217.0 5963217.0 5963217.0 5963217.0 5963217.0 5963217.0 5963217.0 5963217.0 5963217.0 5963217.0 5963217.0 5963217.0 5963217.0 5963217.0 5963217.0 5963217.0 5963217.0 5963217.0 4587090.0 4587090.0 4587090.0 4587090.0 4587090.0 4587090.0 4587090.0 4587090.0 4587090.0 4587090.0 4587090.0 4587090.0 4587090.0 4587090.0 4587090.0 4587090.0 4587090.0 4587090.0 2293545.0 2293545.0 2293545.0 2293545.0 2293545.0 2293545.0 5351605.0 2293545.0 2293545.0 4587090.0 4587090.0 4587090.0 4587090.0 4587090.0 4587090.0 -1.0 -1.0 -1.0 -1.0 -1.0 -1.0 -1.0 -1.0 -1.0 -1.0
5954520.0 5954520.0 5954520.0 5954520.0 5954520.0 5954520.0 5954520.0 5954520.0 5954520.0 5954520.0 5954520.0 5954520.0 5954520.0 5954520.0 5954520.0 5954520.0 5954520.0 5954520.0 5954520.0 5954520.0 5954520.0 5954520.0 5954520.0 5954520.0 5954520.0 5954520.0 5954520.0 5954520.0 5954520.0 5954520.0 5954520.0 4580400.0 4580400.0 4580400.0 4580400.0 4580400.0 4580400.0 4580400.0 4580400.0 4580400.0 4580400.0 4580400.0 4580400.0 4580400.0 4580400.0 4580400.0 4580400.0 4580400.0 4580400.0 4580400.0 4580400.0 2290200.0 2290200.0 2290200.0 2290200.0 2290200.0 2290200.0 2290200.0 2290200.0 2290200.0 2290200.0 4580400.0 4580400.0 4580400.0 -1.0 -1.0 -1.0 -1.0 -1.0 -1.0 -1.0 -1.0 -1.0 -1.0 -1.0
5945355.0 5945355.0 5945355.0 5945355.0 5945355.0 5945355.0 5945355.0 5945355.0 5945355.0 5945355.0 5945355.0 5945355.0 5945355.0 5945355.0 5945355.0 5945355.0 5945355.0 5945355.0 5945355.0 5945355.0 5945355.0 5945355.0 5945355.0 5945355.0 5945355.0 5945355.0 5945355.0 5945355.0 5945355.0 5945355.0 5945355.0 4573350.0 4573350.0 4573350.0 4573350.0 4573350.0 4573350.0 4573350.0 4573350.0 4573350.0 4573350.0 4573350.0 4573350.0 4573350.0 4573350.0 4573350.0 4573350.0 4573350.0 4573350.0 4573350.0 4573350.0 2286675.0 2286675.0 4573350.0 4573350.0 2286675.0 4573350.0 4573350.0 2286675.0 2286675.0 4573350.0 4573350.0 4573350.0 -1.0 -1.0 -1.0 -1.0 -1.0 -1.0 -1.0 -1.0 -1.0 -1.0 -1.0 -1.0
5935741.5 5935741.5 5935741.5 5935741.5 5935741.5 5935741.5 4565955.0 5935741.5 5935741.5 5935741.5 5935741.5 5935741.5 5935741.5 5935741.5 5935741.5 5935741.5 5935741.5 5935741.5 5935741.5 5935741.5 5935741.5 5935741.5 5935741.5 5935741.5 5935741.5 5935741.5 5935741.5 5935741.5 5935741.5 5935741.5 5935741.5 4565955.0 4565955.0 4565955.0 4565955.0 4565955.0 4565955.0 4565955.0 4565955.0 4565955.0 4565955.0 4565955.0 4565955.0 4565955.0 4565955.0 4565955.0 4565955.0 4565955.0 2282977.5 4565955.0 4565955.0 2282977.5 4565955.0 4565955.0 4565955.0 4565955.0 4565955.0 4565955.0 4565955.0 4565955.0 4565955.0 4565955.0 -1.0 -1.0 -1.0 -1.0 -1.0 -1.0 -1.0 -1.0 -1.0 -1.0 -1.0 -1.0 -1.0
5925699.0 5925699.0 5925699.0 5925699.0 5925699.0 5925699.0 5925699.0 4558230.0 4558230.0 5925699.0 5925699.0 5925699.0 5925699.0 5925699.0 5925699.0 5925699.0 5925699.0 5925699.0 5925699.0 5925699.0 5925699.0 5925699.0 5925699.0 5925699.0 5925699.0 5925699.0 5925699.0 5925699.0 5925699.0 5925699.0 4558230.0 4558230.0 4558230.0 4558230.0 4558230.0 4558230.0 4558230.0 4558230.0 4558230.0 4558230.0 4558230.0 4558230.0 4558230.0 4558230.0 4558230.0 4558230.0 4558230.0 4558230.0 2279115.0 4558230.0 2279115.0 4558230.0 4558230.0 4558230.0 4558230.0 4558230.0 4558230.0 4558230.0 4558230.0 4558230.0 5925699.0 -1.0 -1.0 -1.0 -1.0 -1.0 -1.0 -1.0 -1.0 -1.0 -1.0 -1.0 -1.0 -1.0 -1.0
5915188.5 5915188.5 5915188.5 5915188.5 5915188.5 5915188.5 5915188.5 5915188.5 5915188.5 5915188.5 5915188.5 5915188.5 5915188.5 5915188.5 5915188.5 5915188.5 5915188.5 5915188.5 5915188.5 5915188.5 5915188.5 4550145.0 4550145.0 5915188.5 5915188.5 5915188.5 5915188.5 5915188.5 5915188.5 5915188.5 4550145.0 4550145.0 4550145.0 4550145.0 4550145.0 4550145.0 4550145.0 4550145.0 4550145.0 4550145.0 4550145.0 4550145.0 4550145.0 4550145.0 4550145.0 4550145.0 4550145.0 4550145.0 4550145.0 4550145.0 4550145.0 4550145.0 4550145.0 4550145.0 5915188.5 4550145.0 4550145.0 5915188.5 5915188.5 5915188.5 5915188.5 -1.0 -1.0 -1.0 -1.0 -1.0 -1.0 -1.0 -1.0 -1.0 -1.0 -1.0 -1.0 -1.0 -1.0
