critload/trunk/output/1999/ndep_crit_tot.asc
ncols 720
nrows 360
xllcorner -180.0
yllcorner -90.0
cellsize 0.5
NODATA_value -9999.0
[rows 64 to 95 of 360, columns 71 to 141 of 720]
-9999 -9999 -9999 -9999 -9999 -9999 -9999 -9999 -9999 -9999 -9999 -9999 -9999 -9999 -9999 -9999 1239990.0 1239990.0 1239990.0 1239990.0 1239990.0 1239990.0 1653320.0 1653320.0 1653320.0 1239990.0 1239990.0 1239990.0 1239990.0 1239990.0 1239990.0 1653320.0 1239990.0 1653320.0 1653320.0 1653320.0 1239990.0 1239990.0 1239990.0 1653320.0 1653320.0 1239990.0 1239990.0 1239990.0 1239990.0 1239990.0 1239990.0 1239990.0 1239990.0 1239990.0 1239990.0 1239990.0 1239990.0 1239990.0 1239990.0 1239990.0 1239990.0 1239990.0 1239990.0 1239990.0 1239990.0 1239990.0 1239990.0 1239990.0 1239990.0 1239990.0 1239990.0 1239990.0 1239990.0 1239990.0 1239990.0
-9999 -9999 -9999 -9999 -9999 -9999 -9999 -9999 -9999 -9999 -9999 -9999 -9999 -9999 -9999 -9999 -9999 1257097.5 1257097.5 1257097.5 1257097.5 1257097.5 1257097.5 1257097.5 1676130.0 1676130.0 1676130.0 1676130.0 1257097.5 1676130.0 1676130.0 1676130.0 1676130.0 1676130.0 1676130.0 1676130.0 1676130.0 1676130.0 1257097.5 1257097.5 1676130.0 1257097.5 1257097.5 1257097.5 1257097.5 1257097.5 1257097.5 1257097.5 1257097.5 1257097.5 1257097.5 1257097.5 1257097.5 1257097.5 1257097.5 1257097.5 1257097.5 1257097.5 1257097.5 1257097.5 1257097.5 1257097.5 1257097.5 1257097.5 1257097.5 1257097.5 1257097.5 1257097.5 1257097.5 1257097.5 1257097.5
-9999 -9999 -9999 -9999 -9999 -9999 -9999 -9999 -9999 -9999 -9999 -9999 -9999 -9999 -9999 -9999 -9999 -9999 1274100.0 1274100.0 1274100.0 1274100.0 1274100.0 1274100.0 1274100.0 1274100.0 1274100.0 1274100.0 1274100.0 1274100.0 1274100.0 1274100.0 1274100.0 1274100.0 1698800.0 1698800.0 1698800.0 1274100.0 1274100.0 1274100.0 1274100.0 1274100.0 1274100.0 1274100.0 1274100.0 1274100.0 1274100.0 1274100.0 1274100.0 1274100.0 1274100.0 1274100.0 1274100.0 1274100.0 1274100.0 1274100.0 1274100.0 1274100.0 1274100.0 1274100.0 1274100.0 1274100.0 1274100.0 1274100.0 1274100.0 1274100.0 1274100.0 1274100.0 1274100.0 1274100.0 1274100.0
-9999 -9999 -9999 -9999 -9999 -9999 -9999 -9999 -9999 -9999 -9999 -9999 -9999 -9999 -9999 -9999 -9999 -9999 -9999 1291012.5 2151687.5 2151687.5 1291012.5 1291012.5 1291012.5 1291012.5 1291012.5 1291012.5 1291012.5 1291012.5 1291012.5 1291012.5 1291012.5 1291012.5 1291012.5 1291012.5 1721350.0 1291012.5 1291012.5 1291012.5 1291012.5 1291012.5 1291012.5 1291012.5 1291012.5 1291012.5 1291012.5 1291012.5 1291012.5 1291012.5 1291012.5 1291012.5 1291012.5 1291012.5 1291012.5 1291012.5 1291012.5 1291012.5 1291012.5 1291012.5 1291012.5 1291012.5 1291012.5 1291012.5 1291012.5 1291012.5 1291012.5 1291012.5 1291012.5 1291012.5 1291012.5
-9999 -9999 -9999 -9999 -9999 -9999 -9999 -9999 -9999 -9999 -9999 -9999 -9999 -9999 -9999 -9999 -9999 -9999 -9999 -9999 -9999 2179712.5 2179712.5 2179712.5 1307827.5 1307827.5 1307827.5 1307827.5 1307827.5 1307827.5 1307827.5 1307827.5 1307827.5 1307827.5 1307827.5 1307827.5 1307827.5 1307827.5 1307827.5 1307827.5 1307827.5 1307827.5 1307827.5 1307827.5 1307827.5 1307827.5 1307827.5 1307827.5 1307827.5 1307827.5 1307827.5 1307827.5 1307827.5 1307827.5 1307827.5 1307827.5 1307827.5 1307827.5 1307827.5 1307827.5 1307827.5 1307827.5 1307827.5 1307827.5 1307827.5 1307827.5 1307827.5 1307827.5 1307827.5 1307827.5 1307827.5
-9999 -9999 -9999 -9999 -9999 -9999 -9999 -9999 -9999 -9999 -9999 -9999 -9999 -9999 -9999 -9999 -9999 -9999 -9999 -9999 -9999 -9999 2207562.5 2207562.5 2207562.5 2207562.5 2207562.5 1324537.5 1324537.5 1324537.5 1324537.5 1324537.5 1324537.5 1324537.5 1324537.5 1324537.5 1324537.5 1324537.5 1324537.5 1324537.5 1324537.5 1324537.5 1324537.5 1324537.5 1324537.5 1324537.5 1324537.5 1324537.5 1324537.5 1324537.5 1324537.5 1324537.5 1324537.5 1324537.5 1324537.5 1324537.5 1324537.5 1324537.5 1324537.5 1324537.5 1324537.5 1324537.5 1324537.5 1324537.5 1324537.5 1324537.5 1324537.5 1324537.5 1324537.5 1324537.5 1324537.5
-9999 -9999 -9999 -9999 -9999 -9999 -9999 -9999 -9999 -9999 -9999 -9999 -9999 -9999 -9999 -9999 -9999 -9999 -9999 -9999 -9999 -9999 2235250.0 2235250.0 2235250.0 -9999 2235250.0 2235250.0 2235250.0 1341150.0 1788200.0 1341150.0 1341150.0 1341150.0 1341150.0 1341150.0 1341150.0 1341150.0 1341150.0 1341150.0 1341150.0 1341150.0 1341150.0 1341150.0 1341150.0 1341150.0 1341150.0 1341150.0 1341150.0 1341150.0 1341150.0 1341150.0 1341150.0 1341150.0 1341150.0 1341150.0 1341150.0 1341150.0 1341150.0 1341150.0 1341150.0 1341150.0 1341150.0 1341150.0 1341150.0 1341150.0 1341150.0 1341150.0 1341150.0 1341150.0 1341150.0
-9999 -9999 -9999 -9999 -9999 -9999 -9999 -9999 -9999 -9999 -9999 -9999 -9999 -9999 -9999 -9999 -9999 -9999 -9999 -9999 -9999 -9999 2262762.5 2262762.5 2262762.5 2262762.5 -9999 2262762.5 2262762.5 1357657.5 1357657.5 1357657.5 1357657.5 1357657.5 1357657.5 1357657.5 1357657.5 1357657.5 1357657.5 1357657.5 1357657.5 1357657.5 1357657.5 1357657.5 1357657.5 1357657.5 1357657.5 1357657.5 1357657.5 1357657.5 1357657.5 1357657.5 1357657.5 1357657.5 1357657.5 1357657.5 1357657.5 1357657.5 1357657.5 1357657.5 1357657.5 1357657.5 1357657.5 1357657.5 1357657.5 1357657.5 1357657.5 1357657.5 1357657.5 1357657.5 1357657.5
-9999 -9999 -9999 -9999 -9999 -9999 -9999 -9999 -9999 -9999 -9999 -9999 -9999 -9999 -9999 -9999 -9999 -9999 -9999 -9999 -9999 -9999 2290100.0 2290100.0 2290100.0 2290100.0 -9999 2290100.0 2290100.0 1374060.0 1374060.0 1374060.0 1374060.0 1374060.0 1374060.0 1374060.0 1374060.0 1374060.0 1374060.0 1374060.0 1374060.0 1374060.0 1374060.0 1374060.0 1374060.0 1374060.0 1374060.0 1374060.0 1374060.0 1832080.0 1374060.0 1374060.0 1374060.0 1374060.0 1374060.0 1374060.0 1374060.0 1374060.0 1374060.0 1374060.0 2290100.0 2290100.0 1374060.0 1374060.0 1374060.0 1374060.0 1374060.0 1374060.0 1374060.0 1374060.0 1374060.0
-9999 -9999 -9999 -9999 -9999 -9999 -9999 -9999 -9999 -9999 -9999 -9999 -9999 -9999 -9999 -9999 -9999 -9999 -9999 -9999 -9999 -9999 -9999 2317275.0 2317275.0 2317275.0 -9999 -9999 2317275.0 2317275.0 2317275.0 2317275.0 1390365.0 1390365.0 1390365.0 1390365.0 1390365.0 1390365.0 1390365.0 1390365.0 1390365.0 1390365.0 1390365.0 1390365.0 1390365.0 1390365.0 1390365.0 1390365.0 1390365.0 1390365.0 1390365.0 1853820.0 1390365.0 1390365.0 1390365.0 1390365.0 1390365.0 1390365.0 1390365.0 2317275.0 2317275.0 2317275.0 1390365.0 2317275.0 1390365.0 1390365.0 1390365.0 1390365.0 1390365.0 1390365.0 1390365.0
-9999 -9999 -9999 -9999 -9999 -9999 -9999 -9999 -9999 -9999 -9999 -9999 -9999 -9999 -9999 -9999 -9999 -9999 -9999 -9999 -9999 -9999 -9999 -9999 2344262.5 2344262.5 2344262.5 -9999 -9999 -9999 2344262.5 2344262.5 2344262.5 1406557.5 1406557.5 1406557.5 1406557.5 1406557.5 1406557.5 1406557.5 1406557.5 1406557.5 1406557.5 1406557.5 1406557.5 1406557.5 1406557.5 1406557.5 1406557.5 1406557.5 1406557.5 1406557.5 1406557.5 1406557.5 1875410.0 1406557.5 1406557.5 1406557.5 1406557.5 1406557.5 1406557.5 1406557.5 1406557.5 1406557.5 1406557.5 1406557.5 1406557.5 1406557.5 1406557.5 1406557.5 2344262.5
-9999 -9999 -9999 -9999 -9999 -9999 -9999 -9999 -9999 -9999 -9999 -9999 -9999 -9999 -9999 -9999 -9999 -9999 -9999 -9999 -9999 -9999 -9999 -9999 -9999 2371075.0 2371075.0 -9999 -9999 -9999 -9999 2371075.0 2371075.0 2371075.0 1422645.0 1422645.0 1422645.0 1422645.0 1422645.0 1422645.0 1422645.0 1422645.0 1422645.0 1422645.0 2371075.0 1422645.0 1422645.0 1422645.0 1422645.0 1422645.0 1422645.0 1422645.0 1422645.0 1422645.0 1896860.0 1896860.0 1422645.0 1422645.0 1422645.0 1422645.0 1422645.0 1422645.0 1422645.0 1422645.0 2371075.0 1422645.0 1422645.0 1422645.0 3319505.0 3319505.0 3319505.0
-9999 -9999 -9999 -9999 -9999 -9999 -9999 -9999 -9999 -9999 -9999 -9999 -9999 -9999 -9999 -9999 -9999 -9999 -9999 -9999 -9999 -9999 -9999 -9999 -9999 -9999 -9999 -9999 -9999 -9999 -9999 -9999 2397712.5 2397712.5 1438627.5 1438627.5 1438627.5 1438627.5 1918170.0 1438627.5 1438627.5 1438627.5 1438627.5 1438627.5 1438627.5 1438627.5 1438627.5 1438627.5 1438627.5 1438627.5 1438627.5 1438627.5 1438627.5 1438627.5 1438627.5 1918170.0 1918170.0 1918170.0 1438627.5 1438627.5 1438627.5 2397712.5 2397712.5 3356797.5 3356797.5 3356797.5 3356797.5 3356797.5 3356797.5 3356797.5 3356797.5
-9999 -9999 -9999 -9999 -9999 -9999 -9999 -9999 -9999 -9999 -9999 -9999 -9999 -9999 -9999 -9999 -9999 -9999 -9999 -9999 -9999 -9999 -9999 -9999 -9999 -9999 -9999 -9999 -9999 -9999 -9999 -9999 -9999 2424162.5 2424162.5 1454497.5 1454497.5 1454497.5 1454497.5 1454497.5 1454497.5 1939330.0 1939330.0 1454497.5 1454497.5 1454497.5 1454497.5 1454497.5 1454497.5 1454497.5 1454497.5 1454497.5 1454497.5 1939330.0 1939330.0 1454497.5 1939330.0 1939330.0 1939330.0 1454497.5 1454497.5 2424162.5 2424162.5 3393827.5 3393827.5 3393827.5 3393827.5 3393827.5 3393827.5 3393827.5 3393827.5
-9999 -9999 -9999 -9999 -9999 -9999 -9999 -9999 -9999 -9999 -9999 -9999 -9999 -9999 -9999 -9999 -9999 -9999 -9999 -9999 -9999 -9999 -9999 -9999 -9999 -9999 -9999 -9999 -9999 -9999 -9999 -9999 2450425.0 2450425.0 2450425.0 2450425.0 2450425.0 1470255.0 1470255.0 1470255.0 1470255.0 1960340.0 1960340.0 1470255.0 1470255.0 1470255.0 3430595.0 3430595.0 3430595.0 1470255.0 2450425.0 1470255.0 1470255.0 1470255.0 1470255.0 1470255.0 1470255.0 1470255.0 1960340.0 1470255.0 1470255.0 2450425.0 3430595.0 3430595.0 3430595.0 3430595.0 3430595.0 3430595.0 3430595.0 3430595.0 3430595.0
-9999 -9999 -9999 -9999 -9999 -9999 -9999 -9999 -9999 -9999 -9999 -9999 -9999 -9999 -9999 -9999 -9999 -9999 -9999 -9999 -9999 -9999 -9999 -9999 -9999 -9999 -9999 -9999 -9999 -9999 -9999 -9999 -9999 2476512.5 2476512.5 2476512.5 2476512.5 2476512.5 2476512.5 2476512.5 1485907.5 1485907.5 1485907.5 1485907.5 1485907.5 1485907.5 1485907.5 1485907.5 1485907.5 1485907.5 2476512.5 1485907.5 1485907.5 1485907.5 1485907.5 1485907.5 1485907.5 1485907.5 1981210.0 1485907.5 1485907.5 2476512.5 2476512.5 3467117.5 3467117.5 3467117.5 3467117.5 3467117.5 3467117.5 3467117.5 3467117.5
-9999 -9999 -9999 -9999 -9999 -9999 -9999 -9999 -9999 -9999 -9999 -9999 -9999 -9999 -9999 -9999 -9999 -9999 -9999 -9999 -9999 -9999 -9999 -9999 -9999 -9999 -9999 -9999 -9999 -9999 -9999 -9999 -9999 -9999 2502400.0 2502400.0 2502400.0 1501440.0 2502400.0 2502400.0 2502400.0 2502400.0 1501440.0 1501440.0 1501440.0 1501440.0 1501440.0 1501440.0 1501440.0 1501440.0 1501440.0 1501440.0 1501440.0 1501440.0 1501440.0 1501440.0 1501440.0 1501440.0 1501440.0 1501440.0 1501440.0 2502400.0 2502400.0 3503360.0 3503360.0 3503360.0 3503360.0 3503360.0 3503360.0 3503360.0 3503360.0
-9999 -9999 -9999 -9999 -9999 -9999 -9999 -9999 -9999 -9999 -9999 -9999 -9999 -9999 -9999 -9999 -9999 -9999 -9999 -9999 -9999 -9999 -9999 -9999 -9999 -9999 -9999 -9999 -9999 -9999 -9999 -9999 -9999 -9999 -9999 -9999 2528100.0 2528100.0 2528100.0 2528100.0 2528100.0 2528100.0 2528100.0 2528100.0 2528100.0 2528100.0 1516860.0 1516860.0 1516860.0 1516860.0 1516860.0 1516860.0 1516860.0 1516860.0 1516860.0 1516860.0 1516860.0 1516860.0 1516860.0 1516860.0 1516860.0 1516860.0 2528100.0 2528100.0 3539340.0 3539340.0 3539340.0 3539340.0 3539340.0 3539340.0 3539340.0
-9999 -9999 -9999 -9999 -9999 -9999 -9999 -9999 -9999 -9999 -9999 -9999 -9999 -9999 -9999 -9999 -9999 -9999 -9999 -9999 -9999 -9999 -9999 -9999 -9999 -9999 -9999 -9999 -9999 -9999 -9999 -9999 -9999 -9999 -9999 -9999 -9999 -9999 2553600.0 2553600.0 2553600.0 2553600.0 2553600.0 2553600.0 2553600.0 1532160.0 1532160.0 1532160.0 1532160.0 1532160.0 3575040.0 2553600.0 2553600.0 2553600.0 1532160.0 1532160.0 1532160.0 1532160.0 1532160.0 1532160.0 1532160.0 1532160.0 1532160.0 3575040.0 3575040.0 3575040.0 3575040.0 3575040.0 3575040.0 3575040.0 3575040.0
-9999 -9999 -9999 -9999 -9999 -9999 -9999 -9999 -9999 -9999 -9999 -9999 -9999 -9999 -9999 -9999 -9999 -9999 -9999 -9999 -9999 -9999 -9999 -9999 -9999 -9999 -9999 -9999 -9999 -9999 -9999 -9999 -9999 -9999 -9999 -9999 -9999 -9999 -9999 2578912.5 2578912.5 2578912.5 2578912.5 2578912.5 2578912.5 2578912.5 1547347.5 1547347.5 1547347.5 3610477.5 3610477.5 2578912.5 2578912.5 2578912.5 2578912.5 2578912.5 2578912.5 1547347.5 2578912.5 1547347.5 2578912.5 1547347.5 1547347.5 1547347.5 3610477.5 3610477.5 3610477.5 3610477.5 3610477.5 3610477.5 3610477.5
-9999 -9999 -9999 -9999 -9999 -9999 -9999 -9999 -9999 -9999 -9999 -9999 -9999 -9999 -9999 -9999 -9999 -9999 -9999 -9999 -9999 -9999 -9999 -9999 -9999 -9999 -9999 -9999 -9999 -9999 -9999 -9999 -9999 -9999 -9999 -9999 -9999 -9999 -9999 2604037.5 2604037.5 2604037.5 2604037.5 2604037.5 2604037.5 2604037.5 1562422.5 1562422.5 3645652.5 3645652.5 3645652.5 3645652.5 3645652.5 3645652.5 3645652.5 2604037.5 2604037.5 2604037.5 2604037.5 2604037.5 3645652.5 1562422.5 1562422.5 1562422.5 3645652.5 3645652.5 3645652.5 3645652.5 3645652.5 3645652.5 3645652.5
-9999 -9999 -9999 -9999 -9999 -9999 -9999 -9999 -9999 -9999 -9999 -9999 -9999 -9999 -9999 -9999 -9999 -9999 -9999 -9999 -9999 -9999 -9999 -9999 -9999 -9999 -9999 -9999 -9999 -9999 -9999 -9999 -9999 -9999 -9999 -9999 -9999 -9999 -9999 -9999 2628950.0 2628950.0 2628950.0 2628950.0 2628950.0 2628950.0 2628950.0 3680530.0 3680530.0 3680530.0 3680530.0 3680530.0 3680530.0 3680530.0 3680530.0 2628950.0 2628950.0 2628950.0 2628950.0 2628950.0 3680530.0 2628950.0 2628950.0 1577370.0 3680530.0 3680530.0 3680530.0 3680530.0 3680530.0 3680530.0 3680530.0
-9999 -9999 -9999 -9999 -9999 -9999 -9999 -9999 -9999 -9999 -9999 -9999 -9999 -9999 -9999 -9999 -9999 -9999 -9999 -9999 -9999 -9999 -9999 -9999 -9999 -9999 -9999 -9999 -9999 -9999 -9999 -9999 -9999 -9999 -9999 -9999 -9999 -9999 -9999 -9999 2653675.0 2653675.0 2653675.0 2653675.0 2653675.0 2653675.0 1592205.0 3715145.0 3715145.0 1061470.0 3715145.0 3715145.0 3715145.0 3715145.0 3715145.0 3715145.0 2653675.0 2653675.0 2653675.0 1592205.0 3715145.0 3715145.0 3715145.0 3715145.0 3715145.0 3715145.0 3715145.0 3715145.0 3715145.0 3715145.0 3715145.0
-9999 -9999 -9999 -9999 -9999 -9999 -9999 -9999 -9999 -9999 -9999 -9999 -9999 -9999 -9999 -9999 -9999 -9999 -9999 -9999 -9999 -9999 -9999 -9999 -9999 -9999 -9999 -9999 -9999 -9999 -9999 -9999 -9999 -9999 -9999 -9999 -9999 -9999 -9999 -9999 -9999 2678187.5 2678187.5 2678187.5 2678187.5 2678187.5 2678187.5 3749462.5 3749462.5 3749462.5 3749462.5 3749462.5 3749462.5 3749462.5 3749462.5 2678187.5 2678187.5 2678187.5 2678187.5 2678187.5 3749462.5 3749462.5 3749462.5 3749462.5 3749462.5 3749462.5 3749462.5 3749462.5 2678187.5 3749462.5 3749462.5
-9999 -9999 -9999 -9999 -9999 -9999 -9999 -9999 -9999 -9999 -9999 -9999 -9999 -9999 -9999 -9999 -9999 -9999 -9999 -9999 -9999 -9999 -9999 -9999 -9999 -9999 -9999 -9999 -9999 -9999 -9999 -9999 -9999 -9999 -9999 -9999 -9999 -9999 -9999 -9999 -9999 2702500.0 2702500.0 2702500.0 2702500.0 2702500.0 2702500.0 3783500.0 3783500.0 3783500.0 3783500.0 3783500.0 3783500.0 3783500.0 2702500.0 2702500.0 2702500.0 2702500.0 2702500.0 3783500.0 3783500.0 3783500.0 3783500.0 3783500.0 3783500.0 3783500.0 3783500.0 2702500.0 2702500.0 3783500.0 3783500.0
-9999 -9999 -9999 -9999 -9999 -9999 -9999 -9999 -9999 -9999 -9999 -9999 -9999 -9999 -9999 -9999 -9999 -9999 -9999 -9999 -9999 -9999 -9999 -9999 -9999 -9999 -9999 -9999 -9999 -9999 -9999 -9999 -9999 -9999 -9999 -9999 -9999 -9999 -9999 -9999 -9999 2726600.0 2726600.0 2726600.0 2726600.0 2726600.0 2726600.0 3817240.0 3817240.0 3817240.0 3817240.0 3817240.0 3817240.0 3817240.0 2726600.0 2726600.0 2726600.0 2726600.0 1635960.0 3817240.0 3817240.0 3817240.0 3817240.0 3817240.0 3817240.0 2726600.0 1635960.0 1635960.0 1635960.0 1635960.0 3817240.0
-9999 -9999 -9999 -9999 -9999 -9999 -9999 -9999 -9999 -9999 -9999 -9999 -9999 -9999 -9999 -9999 -9999 -9999 -9999 -9999 -9999 -9999 -9999 -9999 -9999 -9999 -9999 -9999 -9999 -9999 -9999 -9999 -9999 -9999 -9999 -9999 -9999 -9999 -9999 -9999 2750500.0 2750500.0 2750500.0 2750500.0 2750500.0 2750500.0 3850700.0 3850700.0 3850700.0 3850700.0 3850700.0 3850700.0 3850700.0 3850700.0 3850700.0 2750500.0 2750500.0 1650300.0 1650300.0 3850700.0 3850700.0 3850700.0 3850700.0 3850700.0 1650300.0 1650300.0 1650300.0 1650300.0 1650300.0 1650300.0 3850700.0
-9999 -9999 -9999 -9999 -9999 -9999 -9999 -9999 -9999 -9999 -9999 -9999 -9999 -9999 -9999 -9999 -9999 -9999 -9999 -9999 -9999 -9999 -9999 -9999 -9999 -9999 -9999 -9999 -9999 -9999 -9999 -9999 -9999 -9999 -9999 -9999 -9999 -9999 -9999 -9999 2774187.5 2774187.5 2774187.5 2774187.5 2774187.5 1664512.5 3883862.5 3883862.5 3883862.5 3883862.5 3883862.5 3883862.5 3883862.5 3883862.5 3883862.5 3883862.5 3883862.5 2774187.5 1664512.5 1664512.5 3883862.5 3883862.5 3883862.5 3883862.5 3883862.5 3883862.5 2774187.5 1664512.5 1664512.5 1664512.5 3883862.5
-9999 -9999 -9999 -9999 -9999 -9999 -9999 -9999 -9999 -9999 -9999 -9999 -9999 -9999 -9999 -9999 -9999 -9999 -9999 -9999 -9999 -9999 -9999 -9999 -9999 -9999 -9999 -9999 -9999 -9999 -9999 -9999 -9999 -9999 -9999 -9999 -9999 -9999 -9999 -9999 2797675.0 2797675.0 2797675.0 2797675.0 2797675.0 2797675.0 3916745.0 3916745.0 3916745.0 3916745.0 3916745.0 3916745.0 3916745.0 3916745.0 3916745.0 3916745.0 3916745.0 3916745.0 3916745.0 1678605.0 1678605.0 2797675.0 3916745.0 3916745.0 3916745.0 3916745.0 2797675.0 1678605.0 1678605.0 1678605.0 1678605.0
-9999 -9999 -9999 -9999 -9999 -9999 -9999 -9999 -9999 -9999 -9999 -9999 -9999 -9999 -9999 -9999 -9999 -9999 -9999 -9999 -9999 -9999 -9999 -9999 -9999 -9999 -9999 -9999 -9999 -9999 -9999 -9999 -9999 -9999 -9999 -9999 -9999 -9999 -9999 -9999 2820937.5 2820937.5 3949312.5 2820937.5 2820937.5 3949312.5 3949312.5 3949312.5 3949312.5 3949312.5 3949312.5 3949312.5 3949312.5 3949312.5 3949312.5 3949312.5 3949312.5 3949312.5 3949312.5 3949312.5 3949312.5 3949312.5 3949312.5 3949312.5 3949312.5 3949312.5 3949312.5 1692562.5 1692562.5 1692562.5 3949312.5
-9999 -9999 -9999 -9999 -9999 -9999 -9999 -9999 -9999 -9999 -9999 -9999 -9999 -9999 -9999 -9999 -9999 -9999 -9999 -9999 -9999 -9999 -9999 -9999 -9999 -9999 -9999 -9999 -9999 -9999 -9999 -9999 -9999 -9999 -9999 -9999 -9999 -9999 -9999 2843987.5 2843987.5 2843987.5 3981582.5 3981582.5 2843987.5 3981582.5 3981582.5 3981582.5 3981582.5 3981582.5 3981582.5 3981582.5 3981582.5 3981582.5 3981582.5 3981582.5 3981582.5 3981582.5 3981582.5 3981582.5 3981582.5 3981582.5 3981582.5 3981582.5 3981582.5 3981582.5 3981582.5 1706392.5 3981582.5 3981582.5 1706392.5
-9999 -9999 -9999 -9999 -9999 -9999 -9999 -9999 -9999 -9999 -9999 -9999 -9999 -9999 -9999 -9999 -9999 -9999 -9999 -9999 -9999 -9999 -9999 -9999 -9999 -9999 -9999 -9999 -9999 -9999 -9999 -9999 -9999 -9999 -9999 -9999 -9999 -9999 -9999 -9999 2866812.5 2866812.5 4013537.5 4013537.5 4013537.5 4013537.5 4013537.5 4013537.5 4013537.5 4013537.5 4013537.5 4013537.5 4013537.5 4013537.5 4013537.5 4013537.5 4013537.5 4013537.5 4013537.5 4013537.5 4013537.5 4013537.5 4013537.5 4013537.5 4013537.5 4013537.5 4013537.5 4013537.5 4013537.5 4013537.5 4013537.5
