critload/trunk/output/1999/ndep_crit_tot.asc
ncols 720
nrows 360
xllcorner -180.0
yllcorner -90.0
cellsize 0.5
NODATA_value -9999.0
[rows 224 to 255 of 360, columns 568 to 638 of 720]
-9999 -9999 -9999 -9999 -9999 -9999 -9999 -9999 -9999 -9999 -9999 -9999 -9999 -9999 -9999 -9999 -9999 -9999 -9999 5018387.5 5018387.5 1433825.0 1433825.0 1433825.0 1433825.0 1433825.0 1433825.0 5018387.5 5018387.5 1433825.0 1433825.0 1433825.0 1433825.0 1433825.0 1433825.0 1433825.0 1433825.0 1433825.0 1433825.0 1433825.0 1433825.0 1433825.0 1433825.0 1433825.0 1433825.0 1433825.0 1433825.0 1433825.0 1433825.0 1433825.0 1433825.0 1433825.0 1433825.0 1433825.0 1433825.0 1433825.0 1433825.0 1433825.0 1433825.0 1433825.0 1433825.0 1433825.0 1433825.0 1433825.0 1433825.0 1433825.0 1433825.0 1433825.0 1433825.0 1433825.0 1433825.0
-9999 -9999 -9999 -9999 -9999 -9999 -9999 -9999 -9999 -9999 -9999 -9999 -9999 -9999 -9999 -9999 -9999 -9999 -9999 1428650.0 1428650.0 1428650.0 1428650.0 1428650.0 1428650.0 1428650.0 1428650.0 1428650.0 1428650.0 1428650.0 1428650.0 1428650.0 1428650.0 1428650.0 1428650.0 1428650.0 1428650.0 1428650.0 1428650.0 1428650.0 1428650.0 1428650.0 1428650.0 1428650.0 1428650.0 1428650.0 1428650.0 1428650.0 1428650.0 1428650.0 1428650.0 1428650.0 1428650.0 1428650.0 1428650.0 1428650.0 1428650.0 1428650.0 1428650.0 1428650.0 1428650.0 1428650.0 1428650.0 1428650.0 1428650.0 1428650.0 1428650.0 1428650.0 1428650.0 1428650.0 1428650.0
-9999 -9999 -9999 -9999 -9999 -9999 -9999 -9999 -9999 -9999 -9999 -9999 -9999 -9999 -9999 -9999 -9999 -9999 -9999 1423370.0 1423370.0 1423370.0 1423370.0 1423370.0 1423370.0 1423370.0 1423370.0 1423370.0 1423370.0 1423370.0 1423370.0 1423370.0 1423370.0 1423370.0 1423370.0 1423370.0 1423370.0 1423370.0 1423370.0 1423370.0 1423370.0 1423370.0 1423370.0 1423370.0 1423370.0 1423370.0 1423370.0 1423370.0 1423370.0 1423370.0 1423370.0 1423370.0 1423370.0 1423370.0 1423370.0 1423370.0 1423370.0 1423370.0 1423370.0 1423370.0 1423370.0 1423370.0 1423370.0 1423370.0 1423370.0 1423370.0 1423370.0 1423370.0 1423370.0 1423370.0 1423370.0
-9999 -9999 -9999 -9999 -9999 -9999 -9999 -9999 -9999 -9999 -9999 -9999 -9999 -9999 -9999 -9999 -9999 -9999 -9999 1417980.0 1417980.0 1417980.0 1417980.0 1417980.0 1417980.0 1417980.0 1417980.0 1417980.0 1417980.0 1417980.0 1417980.0 1417980.0 1417980.0 1417980.0 1417980.0 1417980.0 1417980.0 1417980.0 1417980.0 1417980.0 1417980.0 1417980.0 1417980.0 1417980.0 1417980.0 1417980.0 1417980.0 1417980.0 1417980.0 1417980.0 1417980.0 1417980.0 1417980.0 1417980.0 1417980.0 1417980.0 1417980.0 1417980.0 1417980.0 1417980.0 1417980.0 1417980.0 1417980.0 1417980.0 1417980.0 1417980.0 1417980.0 1417980.0 1417980.0 1417980.0 1417980.0
-9999 -9999 -9999 -9999 -9999 -9999 -9999 -9999 -9999 -9999 -9999 -9999 -9999 -9999 -9999 -9999 -9999 -9999 4943680.0 1412480.0 1412480.0 1412480.0 1412480.0 1412480.0 1412480.0 1412480.0 1412480.0 1412480.0 1412480.0 1412480.0 1412480.0 1412480.0 1412480.0 1412480.0 1412480.0 1412480.0 1412480.0 1412480.0 1412480.0 1412480.0 1412480.0 1412480.0 1412480.0 1412480.0 1412480.0 1412480.0 1412480.0 1412480.0 1412480.0 1412480.0 1412480.0 1412480.0 1412480.0 1412480.0 1412480.0 1412480.0 1412480.0 1412480.0 1412480.0 1412480.0 1412480.0 1412480.0 1412480.0 1412480.0 1412480.0 1412480.0 1412480.0 1412480.0 1412480.0 1412480.0 1412480.0
-9999 -9999 -9999 -9999 -9999 -9999 -9999 -9999 -9999 -9999 -9999 -9999 -9999 -9999 -9999 -9999 -9999 -9999 1406875.0 1406875.0 1406875.0 1406875.0 1406875.0 1406875.0 1406875.0 1406875.0 1406875.0 1406875.0 1406875.0 1406875.0 1406875.0 1406875.0 1406875.0 1406875.0 1406875.0 1406875.0 1406875.0 1406875.0 1406875.0 1406875.0 1406875.0 1406875.0 1406875.0 1406875.0 1406875.0 1406875.0 1406875.0 1406875.0 1406875.0 1406875.0 1406875.0 1406875.0 1406875.0 1406875.0 1406875.0 1406875.0 1406875.0 1406875.0 1406875.0 1406875.0 1406875.0 1406875.0 1406875.0 1406875.0 1406875.0 1406875.0 1406875.0 1406875.0 1406875.0 1406875.0 1406875.0
-9999 -9999 -9999 -9999 -9999 -9999 -9999 -9999 -9999 -9999 -9999 -9999 -9999 -9999 -9999 -9999 -9999 -9999 -9999 1401160.0 1401160.0 1401160.0 1401160.0 1401160.0 1401160.0 1401160.0 1401160.0 1401160.0 1401160.0 1401160.0 1401160.0 1401160.0 1401160.0 1401160.0 1401160.0 1401160.0 1401160.0 1401160.0 1401160.0 1401160.0 1401160.0 1401160.0 1401160.0 1401160.0 1401160.0 1401160.0 1401160.0 1401160.0 1401160.0 1401160.0 1401160.0 1401160.0 1401160.0 1401160.0 1401160.0 1401160.0 1401160.0 1401160.0 1401160.0 1401160.0 1401160.0 1401160.0 1401160.0 1401160.0 1401160.0 1401160.0 1401160.0 1401160.0 1401160.0 1401160.0 1401160.0
-9999 -9999 -9999 -9999 -9999 -9999 -9999 -9999 -9999 -9999 -9999 -9999 -9999 -9999 -9999 -9999 -9999 4883690.0 1395340.0 1395340.0 1395340.0 1395340.0 1395340.0 1395340.0 1395340.0 1395340.0 1395340.0 1395340.0 1395340.0 1395340.0 1395340.0 1395340.0 1395340.0 1395340.0 1395340.0 1395340.0 1395340.0 1395340.0 1395340.0 1395340.0 1395340.0 1395340.0 1395340.0 1395340.0 1395340.0 1395340.0 1395340.0 1395340.0 1395340.0 1395340.0 1395340.0 1395340.0 1395340.0 1395340.0 1395340.0 1395340.0 1395340.0 1395340.0 1395340.0 1395340.0 1395340.0 1395340.0 1395340.0 1395340.0 1395340.0 1395340.0 1395340.0 1395340.0 1395340.0 1395340.0 1395340.0
-9999 -9999 -9999 -9999 -9999 -9999 -9999 -9999 -9999 -9999 -9999 -9999 -9999 -9999 -9999 -9999 -9999 -9999 4862952.5 1389415.0 1389415.0 1389415.0 1389415.0 1389415.0 1389415.0 1389415.0 1389415.0 1389415.0 1389415.0 1389415.0 1389415.0 1389415.0 1389415.0 1389415.0 1389415.0 1389415.0 1389415.0 1389415.0 1389415.0 1389415.0 1389415.0 1389415.0 1389415.0 1389415.0 1389415.0 1389415.0 1389415.0 1389415.0 1389415.0 1389415.0 1389415.0 1389415.0 1389415.0 1389415.0 1389415.0 1389415.0 1389415.0 1389415.0 1389415.0 1389415.0 1389415.0 1389415.0 1389415.0 1389415.0 1389415.0 1389415.0 1389415.0 1389415.0 1389415.0 1389415.0 1389415.0
-9999 -9999 -9999 -9999 -9999 -9999 -9999 -9999 -9999 -9999 -9999 -9999 -9999 -9999 -9999 -9999 -9999 -9999 4841830.0 1383380.0 1383380.0 1383380.0 1383380.0 1383380.0 1383380.0 1383380.0 1383380.0 1383380.0 1383380.0 1383380.0 1383380.0 1383380.0 1383380.0 1383380.0 1383380.0 1383380.0 1383380.0 1383380.0 1383380.0 1383380.0 1383380.0 1383380.0 1383380.0 1383380.0 1383380.0 1383380.0 1383380.0 1383380.0 1383380.0 1383380.0 1383380.0 1383380.0 1383380.0 1383380.0 1383380.0 1383380.0 1383380.0 1383380.0 1383380.0 1383380.0 1383380.0 1383380.0 1383380.0 1383380.0 1383380.0 1383380.0 1383380.0 1383380.0 1383380.0 1383380.0 1383380.0
-9999 -9999 -9999 -9999 -9999 -9999 -9999 -9999 -9999 -9999 -9999 -9999 -9999 -9999 -9999 -9999 -9999 -9999 -9999 4820357.5 4820357.5 1377245.0 1377245.0 1377245.0 1377245.0 1377245.0 1377245.0 1377245.0 1377245.0 1377245.0 1377245.0 1377245.0 1377245.0 1377245.0 1377245.0 1377245.0 1377245.0 1377245.0 1377245.0 1377245.0 1377245.0 1377245.0 1377245.0 1377245.0 1377245.0 1377245.0 1377245.0 1377245.0 1377245.0 1377245.0 1377245.0 1377245.0 1377245.0 1377245.0 1377245.0 1377245.0 1377245.0 1377245.0 1377245.0 1377245.0 1377245.0 1377245.0 1377245.0 1377245.0 1377245.0 1377245.0 1377245.0 1377245.0 1377245.0 1377245.0 1377245.0
-9999 -9999 -9999 -9999 -9999 -9999 -9999 -9999 -9999 -9999 -9999 -9999 -9999 -9999 -9999 -9999 -9999 -9999 -9999 -9999 4798500.0 4798500.0 1371000.0 1371000.0 1371000.0 1371000.0 1371000.0 1371000.0 1371000.0 1371000.0 1371000.0 1371000.0 1371000.0 1371000.0 1371000.0 1371000.0 1371000.0 1371000.0 1371000.0 1371000.0 1371000.0 1371000.0 1371000.0 1371000.0 1371000.0 1371000.0 1371000.0 1371000.0 1371000.0 1371000.0 1371000.0 1371000.0 1371000.0 1371000.0 1371000.0 1371000.0 1371000.0 1371000.0 1371000.0 1371000.0 1371000.0 1371000.0 1371000.0 1371000.0 1371000.0 1371000.0 1371000.0 1371000.0 1371000.0 1371000.0 1371000.0
-9999 -9999 -9999 -9999 -9999 -9999 -9999 -9999 -9999 -9999 -9999 -9999 -9999 -9999 -9999 -9999 -9999 -9999 -9999 -9999 2046982.5 4776292.5 4776292.5 1364655.0 1364655.0 1364655.0 1364655.0 1364655.0 1364655.0 1364655.0 1364655.0 1364655.0 1364655.0 1364655.0 1364655.0 1364655.0 1364655.0 1364655.0 1364655.0 1364655.0 1364655.0 1364655.0 1364655.0 1364655.0 1364655.0 1364655.0 1364655.0 1364655.0 1364655.0 1364655.0 1364655.0 1364655.0 1364655.0 1364655.0 1364655.0 1364655.0 1364655.0 1364655.0 1364655.0 1364655.0 1364655.0 1364655.0 1364655.0 1364655.0 1364655.0 1364655.0 -9999 1364655.0 1364655.0 1364655.0 1364655.0
-9999 -9999 -9999 -9999 -9999 -9999 -9999 -9999 -9999 -9999 -9999 -9999 -9999 -9999 -9999 -9999 -9999 -9999 -9999 -9999 -9999 2037307.5 4753717.5 4753717.5 4753717.5 1358205.0 1358205.0 1358205.0 1358205.0 1358205.0 1358205.0 1358205.0 1358205.0 1358205.0 1358205.0 1358205.0 1358205.0 1358205.0 1358205.0 1358205.0 1358205.0 1358205.0 1358205.0 1358205.0 1358205.0 1358205.0 1358205.0 1358205.0 1358205.0 1358205.0 1358205.0 1358205.0 1358205.0 1358205.0 1358205.0 1358205.0 1358205.0 1358205.0 1358205.0 1358205.0 1358205.0 1358205.0 1358205.0 1358205.0 1358205.0 1358205.0 1358205.0 1358205.0 1358205.0 1358205.0 1358205.0
-9999 -9999 -9999 -9999 -9999 -9999 -9999 -9999 -9999 -9999 -9999 -9999 -9999 -9999 -9999 -9999 -9999 -9999 -9999 -9999 -9999 2027475.0 2027475.0 4730775.0 4730775.0 4730775.0 1351650.0 1351650.0 1351650.0 1351650.0 1351650.0 1351650.0 1351650.0 1351650.0 1351650.0 1351650.0 1351650.0 1351650.0 1351650.0 1351650.0 1351650.0 1351650.0 1351650.0 1351650.0 1351650.0 1351650.0 1351650.0 1351650.0 1351650.0 1351650.0 1351650.0 1351650.0 1351650.0 1351650.0 1351650.0 1351650.0 1351650.0 1351650.0 1351650.0 1351650.0 1351650.0 1351650.0 1351650.0 1351650.0 1351650.0 1351650.0 1351650.0 1351650.0 1351650.0 1351650.0 1351650.0
-9999 -9999 -9999 -9999 -9999 -9999 -9999 -9999 -9999 -9999 -9999 -9999 -9999 -9999 -9999 -9999 -9999 -9999 -9999 -9999 -9999 2017492.5 2017492.5 2017492.5 4707482.5 4707482.5 4707482.5 4707482.5 4707482.5 1344995.0 1344995.0 1344995.0 1344995.0 1344995.0 1344995.0 1344995.0 1344995.0 1344995.0 1344995.0 1344995.0 1344995.0 1344995.0 1344995.0 1344995.0 1344995.0 1344995.0 1344995.0 1344995.0 1344995.0 1344995.0 1344995.0 1344995.0 1344995.0 1344995.0 1344995.0 1344995.0 1344995.0 1344995.0 1344995.0 1344995.0 1344995.0 1344995.0 1344995.0 1344995.0 1344995.0 1344995.0 1344995.0 1344995.0 1344995.0 1344995.0 1344995.0
-9999 -9999 -9999 -9999 -9999 -9999 -9999 -9999 -9999 -9999 -9999 -9999 -9999 -9999 -9999 -9999 -9999 -9999 -9999 -9999 -9999 -9999 2007345.0 2007345.0 2007345.0 4683805.0 4683805.0 4683805.0 4683805.0 4683805.0 4683805.0 1338230.0 1338230.0 1338230.0 1338230.0 1338230.0 1338230.0 1338230.0 1338230.0 1338230.0 1338230.0 1338230.0 1338230.0 1338230.0 1338230.0 1338230.0 1338230.0 1338230.0 1338230.0 1338230.0 1338230.0 1338230.0 1338230.0 1338230.0 1338230.0 1338230.0 1338230.0 1338230.0 1338230.0 1338230.0 1338230.0 1338230.0 1338230.0 1338230.0 1338230.0 1338230.0 1338230.0 1338230.0 1338230.0 1338230.0 1338230.0
-9999 -9999 -9999 -9999 -9999 -9999 -9999 -9999 -9999 -9999 -9999 -9999 -9999 -9999 -9999 -9999 -9999 -9999 -9999 -9999 -9999 -9999 1997055.0 1997055.0 1997055.0 4659795.0 4659795.0 4659795.0 4659795.0 4659795.0 4659795.0 4659795.0 4659795.0 4659795.0 1331370.0 1331370.0 1331370.0 1331370.0 1331370.0 1331370.0 1331370.0 1331370.0 1331370.0 1331370.0 1331370.0 1331370.0 1331370.0 1331370.0 1331370.0 1331370.0 1331370.0 1331370.0 1331370.0 1331370.0 1331370.0 1331370.0 1331370.0 1331370.0 1331370.0 1331370.0 1331370.0 1331370.0 1331370.0 1331370.0 1331370.0 1331370.0 1331370.0 1331370.0 1331370.0 1331370.0 1331370.0
-9999 -9999 -9999 -9999 -9999 -9999 -9999 -9999 -9999 -9999 -9999 -9999 -9999 -9999 -9999 -9999 -9999 -9999 -9999 -9999 -9999 -9999 1986615.0 1986615.0 1986615.0 1986615.0 4635435.0 4635435.0 4635435.0 4635435.0 4635435.0 4635435.0 4635435.0 4635435.0 4635435.0 4635435.0 4635435.0 4635435.0 1324410.0 1324410.0 1324410.0 1324410.0 1324410.0 1324410.0 1324410.0 1324410.0 1324410.0 1324410.0 1324410.0 1324410.0 1324410.0 1324410.0 1324410.0 1324410.0 4635435.0 4635435.0 4635435.0 4635435.0 4635435.0 4635435.0 1324410.0 1324410.0 1324410.0 1324410.0 1324410.0 1324410.0 1324410.0 1324410.0 1324410.0 4635435.0 1324410.0
-9999 -9999 -9999 -9999 -9999 -9999 -9999 -9999 -9999 -9999 -9999 -9999 -9999 -9999 -9999 -9999 -9999 -9999 -9999 -9999 -9999 -9999 -9999 1976017.5 1976017.5 1976017.5 1976017.5 4610707.5 4610707.5 4610707.5 4610707.5 4610707.5 4610707.5 4610707.5 4610707.5 4610707.5 4610707.5 4610707.5 4610707.5 4610707.5 1317345.0 1317345.0 1317345.0 4610707.5 4610707.5 4610707.5 4610707.5 4610707.5 4610707.5 4610707.5 1317345.0 1317345.0 1317345.0 1317345.0 1317345.0 4610707.5 4610707.5 4610707.5 4610707.5 4610707.5 4610707.5 4610707.5 1317345.0 1317345.0 1317345.0 1317345.0 1317345.0 1317345.0 1317345.0 4610707.5 1317345.0
-9999 -9999 -9999 -9999 -9999 -9999 -9999 -9999 -9999 -9999 -9999 -9999 -9999 -9999 -9999 -9999 -9999 -9999 -9999 -9999 -9999 -9999 -9999 1965270.0 1965270.0 1965270.0 1965270.0 1965270.0 4585630.0 4585630.0 4585630.0 4585630.0 4585630.0 4585630.0 4585630.0 4585630.0 4585630.0 4585630.0 4585630.0 4585630.0 4585630.0 4585630.0 4585630.0 4585630.0 4585630.0 4585630.0 4585630.0 4585630.0 4585630.0 -9999 -9999 -9999 -9999 -9999 -9999 -9999 4585630.0 4585630.0 4585630.0 4585630.0 4585630.0 4585630.0 4585630.0 4585630.0 1310180.0 1310180.0 1310180.0 4585630.0 4585630.0 4585630.0 1310180.0
-9999 -9999 -9999 -9999 -9999 -9999 -9999 -9999 -9999 -9999 -9999 -9999 -9999 -9999 -9999 -9999 -9999 -9999 -9999 -9999 -9999 -9999 -9999 1954380.0 1954380.0 1954380.0 1954380.0 1954380.0 1954380.0 4560220.0 4560220.0 1954380.0 1954380.0 1954380.0 1954380.0 1954380.0 1954380.0 1954380.0 1954380.0 4560220.0 4560220.0 4560220.0 4560220.0 -9999 -9999 -9999 -9999 -9999 -9999 -9999 -9999 -9999 -9999 -9999 -9999 -9999 -9999 -9999 -9999 -9999 1954380.0 4560220.0 4560220.0 4560220.0 4560220.0 4560220.0 4560220.0 4560220.0 4560220.0 4560220.0 4560220.0
-9999 -9999 -9999 -9999 -9999 -9999 -9999 -9999 -9999 -9999 -9999 -9999 -9999 -9999 -9999 -9999 -9999 -9999 -9999 -9999 -9999 -9999 -9999 1943332.5 1943332.5 1943332.5 1943332.5 1943332.5 1943332.5 1943332.5 1943332.5 1943332.5 1943332.5 1943332.5 1943332.5 1943332.5 1943332.5 1943332.5 1943332.5 1943332.5 1943332.5 -9999 -9999 -9999 -9999 -9999 -9999 -9999 -9999 -9999 -9999 -9999 -9999 -9999 -9999 -9999 -9999 -9999 -9999 -9999 1943332.5 1943332.5 1943332.5 1943332.5 1943332.5 4534442.5 4534442.5 4534442.5 1943332.5 1943332.5 4534442.5
-9999 -9999 -9999 -9999 -9999 -9999 -9999 -9999 -9999 -9999 -9999 -9999 -9999 -9999 -9999 -9999 -9999 -9999 -9999 -9999 -9999 1932142.5 1932142.5 1932142.5 1932142.5 1932142.5 1932142.5 1932142.5 1932142.5 1932142.5 1932142.5 1932142.5 1932142.5 1932142.5 1932142.5 1932142.5 1932142.5 1932142.5 1932142.5 1932142.5 -9999 -9999 -9999 -9999 -9999 -9999 -9999 -9999 -9999 -9999 -9999 -9999 -9999 -9999 -9999 -9999 -9999 -9999 -9999 -9999 -9999 1932142.5 1932142.5 1932142.5 1932142.5 1932142.5 1932142.5 1932142.5 1932142.5 1932142.5 4508332.5
-9999 -9999 -9999 -9999 -9999 -9999 -9999 -9999 -9999 -9999 -9999 -9999 -9999 -9999 -9999 -9999 -9999 -9999 -9999 -9999 -9999 -9999 1920802.5 1920802.5 1920802.5 1920802.5 1920802.5 1920802.5 1920802.5 1920802.5 1920802.5 1920802.5 -9999 -9999 -9999 -9999 -9999 -9999 -9999 -9999 -9999 -9999 -9999 -9999 -9999 -9999 -9999 -9999 -9999 -9999 -9999 -9999 -9999 -9999 -9999 -9999 -9999 -9999 -9999 -9999 -9999 -9999 1920802.5 1920802.5 1920802.5 -9999 1920802.5 1920802.5 1920802.5 1920802.5 1920802.5
-9999 -9999 -9999 -9999 -9999 -9999 -9999 -9999 -9999 -9999 -9999 -9999 -9999 -9999 -9999 -9999 -9999 -9999 -9999 -9999 -9999 -9999 -9999 1909312.5 1909312.5 1909312.5 1909312.5 1909312.5 1909312.5 1909312.5 -9999 -9999 -9999 -9999 -9999 -9999 -9999 -9999 -9999 -9999 -9999 -9999 -9999 -9999 -9999 -9999 -9999 -9999 -9999 -9999 -9999 -9999 -9999 -9999 -9999 -9999 -9999 -9999 -9999 -9999 -9999 -9999 1909312.5 1909312.5 -9999 -9999 1909312.5 1909312.5 1909312.5 1909312.5 1909312.5
-9999 -9999 -9999 -9999 -9999 -9999 -9999 -9999 -9999 -9999 -9999 -9999 -9999 -9999 -9999 -9999 -9999 -9999 -9999 -9999 -9999 -9999 -9999 -9999 -9999 1897687.5 1897687.5 1897687.5 -9999 -9999 -9999 -9999 -9999 -9999 -9999 -9999 -9999 -9999 -9999 -9999 -9999 -9999 -9999 -9999 -9999 -9999 -9999 -9999 -9999 -9999 -9999 -9999 -9999 -9999 -9999 -9999 -9999 -9999 -9999 -9999 -9999 -9999 -9999 -9999 -9999 1897687.5 1897687.5 1897687.5 1897687.5 1897687.5 1897687.5
-9999 -9999 -9999 -9999 -9999 -9999 -9999 -9999 -9999 -9999 -9999 -9999 -9999 -9999 -9999 -9999 -9999 -9999 -9999 -9999 -9999 -9999 -9999 -9999 -9999 -9999 -9999 -9999 -9999 -9999 -9999 -9999 -9999 -9999 -9999 -9999 -9999 -9999 -9999 -9999 -9999 -9999 -9999 -9999 -9999 -9999 -9999 -9999 -9999 -9999 -9999 -9999 -9999 -9999 -9999 -9999 -9999 -9999 -9999 -9999 -9999 -9999 -9999 -9999 -9999 1885905.0 1885905.0 1885905.0 1885905.0 1885905.0 1885905.0
-9999 -9999 -9999 -9999 -9999 -9999 -9999 -9999 -9999 -9999 -9999 -9999 -9999 -9999 -9999 -9999 -9999 -9999 -9999 -9999 -9999 -9999 -9999 -9999 -9999 -9999 -9999 -9999 -9999 -9999 -9999 -9999 -9999 -9999 -9999 -9999 -9999 -9999 -9999 -9999 -9999 -9999 -9999 -9999 -9999 -9999 -9999 -9999 -9999 -9999 -9999 -9999 -9999 -9999 -9999 -9999 -9999 -9999 -9999 -9999 -9999 -9999 -9999 -9999 -9999 -9999 1873987.5 -9999 -9999 -9999 -9999
-9999 -9999 -9999 -9999 -9999 -9999 -9999 -9999 -9999 -9999 -9999 -9999 -9999 -9999 -9999 -9999 -9999 -9999 -9999 -9999 -9999 -9999 -9999 -9999 -9999 -9999 -9999 -9999 -9999 -9999 -9999 -9999 -9999 -9999 -9999 -9999 -9999 -9999 -9999 -9999 -9999 -9999 -9999 -9999 -9999 -9999 -9999 -9999 -9999 -9999 -9999 -9999 -9999 -9999 -9999 -9999 -9999 -9999 -9999 -9999 -9999 -9999 -9999 -9999 -9999 -9999 -9999 -9999 -9999 -9999 -9999
-9999 -9999 -9999 -9999 -9999 -9999 -9999 -9999 -9999 -9999 -9999 -9999 -9999 -9999 -9999 -9999 -9999 -9999 -9999 -9999 -9999 -9999 -9999 -9999 -9999 -9999 -9999 -9999 -9999 -9999 -9999 -9999 -9999 -9999 -9999 -9999 -9999 -9999 -9999 -9999 -9999 -9999 -9999 -9999 -9999 -9999 -9999 -9999 -9999 -9999 -9999 -9999 -9999 -9999 -9999 -9999 -9999 -9999 -9999 -9999 -9999 -9999 -9999 -9999 -9999 -9999 -9999 -9999 -9999 -9999 -9999
-9999 -9999 -9999 -9999 -9999 -9999 -9999 -9999 -9999 -9999 -9999 -9999 -9999 -9999 -9999 -9999 -9999 -9999 -9999 -9999 -9999 -9999 -9999 -9999 -9999 -9999 -9999 -9999 -9999 -9999 -9999 -9999 -9999 -9999 -9999 -9999 -9999 -9999 -9999 -9999 -9999 -9999 -9999 -9999 -9999 -9999 -9999 -9999 -9999 -9999 -9999 -9999 -9999 -9999 -9999 -9999 -9999 -9999 -9999 -9999 -9999 -9999 -9999 -9999 -9999 -9999 -9999 -9999 -9999 -9999 -9999
