critload/trunk/output/1999/ndep_tot_corr.asc
ncols 720
nrows 360
xllcorner -180
yllcorner -90
cellsize 0.5
NODATA_value -1.0
[rows 90 to 119 of 360, columns 330 to 395 of 720]
-1.0 -1.0 -1.0 -1.0 -1.0 -1.0 -1.0 -1.0 -1.0 -1.0 -1.0 -1.0 -1.0 -1.0 -1.0 -1.0 -1.0 -1.0 -1.0 -1.0 -1.0 -1.0 -1.0 -1.0 -1.0 -1.0 -1.0 2382314.54936 2651059.787248 3474542.263592466 3474092.0342719997 3474092.0342719997 3460094.717768 3460094.717768 3488089.130736 3488089.130736 3527281.115256 3527281.115256 3485289.869872 3485289.869872 3286530.246328 3286530.246328 3350917.118904 3350917.118904 3493688.0485360003 3493688.0485360003 3776430.5149120004 3776430.5149120004 3670051.9568720004 3670051.9568720004 3714842.9032 3714842.9032 3602865.6474 3602865.6474 3255736.4404720003 -1.0 -1.0 2357325.574736 2296603.2483200002 2296603.2483200002 2298771.918552 2298771.918552 2253230.239752 2253230.239752 2398529.8250559997 2398529.8250559997
-1.0 -1.0 -1.0 -1.0 -1.0 -1.0 -1.0 -1.0 -1.0 -1.0 -1.0 -1.0 -1.0 -1.0 -1.0 -1.0 -1.0 -1.0 -1.0 -1.0 -1.0 -1.0 -1.0 -1.0 -1.0 -1.0 -1.0 2402831.21029 2673890.901122 2673890.901122 3504011.159908 3504011.159908 3489893.297527 3489893.297527 3518128.800354 3518128.800354 3557658.309009 3557658.309009 3515305.432058 3515305.432058 3314834.076617 3314834.076617 3379775.453481 3379775.453481 3523775.936429 3523775.936429 3808953.4008680005 3808953.4008680005 3701658.703183 3701658.703183 3746835.3923000004 3746835.3923000004 3633893.7804750004 3633893.7804750004 3283775.0723330006 3283775.0723330006 -1.0 -1.0 -1.0 -1.0 2318569.1044530002 2318569.1044530002 2272635.217503 2272635.217503 2419186.1330839996 2419186.1330839996
-1.0 -1.0 -1.0 -1.0 -1.0 -1.0 -1.0 -1.0 -1.0 -1.0 -1.0 -1.0 -1.0 1406637.22541996 1600263.34529348 1600263.34529348 -1.0 -1.0 2092871.07477484 -1.0 -1.0 -1.0 -1.0 -1.0 -1.0 -1.0 -1.0 2491513.338794 2594021.3146268004 2594021.3146268004 3197679.0961124 3197679.0961124 3123645.6773784 3123645.6773784 3112256.0067324 3112256.0067324 3226153.6084484 3226153.6084484 3120798.2261448004 3536492.905719519 3120798.2261448004 3120798.2261448004 3152120.1897144 3152120.1897144 2901544.9735483998 2901544.9735483998 2895850.2053696 -1.0 -1.0 -1.0 3248933.1735543995 3248933.1735543995 3368525.7672631997 3368525.7672631997 3345746.3812084002 3345746.3812084002 3026832.6487755994 3026832.6487755994 -1.0 -1.0 2066879.7877214 2066879.7877214 2073497.3186408002 2073497.3186408002 2177172.1711440003 2177172.1711440003
-1.0 -1.0 -1.0 -1.0 -1.0 -1.0 -1.0 -1.0 -1.0 -1.0 -1.0 1177159.1918310001 3625200.9567278167 3354522.4978033784 3595746.847218895 1613569.4391285 1777223.320794 1777223.320794 2110273.1723654997 2110273.1723654997 2093046.510456 2093046.510456 2190664.5245640003 2190664.5245640003 2334220.6167 2334220.6167 2512230.1229250003 2512230.1229250003 2615590.4464350003 2615590.4464350003 3224267.6062049996 3224267.6062049996 3149618.60403 3149618.60403 3138134.228955 3138134.228955 3252978.8824050003 3252978.8824050003 3146747.4764099997 3146747.4764099997 3146747.4764099997 3146747.4764099997 3178329.8802300002 3178329.8802300002 -1.0 -1.0 -1.0 -1.0 -1.0 -1.0 3275947.8582300004 3275947.8582300004 3396534.85719 3396534.85719 3373566.0619050004 3373566.0619050004 3052000.580895 3052000.580895 -1.0 -1.0 -1.0 -1.0 2090738.32461 2090738.32461 2195275.2273 2195275.2273
-1.0 -1.0 -1.0 -1.0 -1.0 -1.0 -1.0 -1.0 -1.0 -1.0 -1.0 1319928.57188708 2195502.5016898504 3557685.910166008 3151354.59027958 1945157.8051234202 2156462.10844206 2156462.10844206 2474866.0893522 2474866.0893522 2608016.6696918 2608016.6696918 2709326.9215612 2709326.9215612 2715116.1425162 2715116.1425162 2833793.7842278006 2833793.7842278006 2836688.4174571997 2836688.4174571997 2645646.1736132004 2645646.1736132004 2709326.9215612 2709326.9215612 2735378.1655878 2735378.1655878 2570387.1202666 -1.0 -1.0 -1.0 -1.0 -1.0 -1.0 -1.0 -1.0 -1.0 -1.0 2408290.7536786 2642751.5858876 -1.0 2703537.7006062004 2703537.7006062004 3178248.859002 3178248.859002 3137513.8811382735 3100095.3089374 2981417.3942030002 2981417.3942030002 2686170.4472753997 -1.0 -1.0 -1.0 -1.0 1910493.83845258 1941886.94647562 1941886.94647562
-1.0 -1.0 -1.0 -1.0 -1.0 -1.0 -1.0 -1.0 -1.0 -1.0 -1.0 -1.0 1712755.1155919002 1712755.1155919002 2283399.0242102966 1960769.0646321003 2173769.2336053 2173769.2336053 2494728.6304109995 2494728.6304109995 2628947.837809 2628947.837809 2731071.1757060005 2731071.1757060005 2736906.859231 2736906.859231 2856536.972489 2856536.972489 2859454.837186 2859454.837186 2666879.344966 2666879.344966 2731071.1757060005 2731071.1757060005 2757331.499289 2757331.499289 2591016.284783 -1.0 -1.0 -1.0 -1.0 -1.0 -1.0 -1.0 -1.0 -1.0 -1.0 2427618.9808429996 2663961.526138 2663961.526138 -1.0 -1.0 3203756.5415100004 3203756.5415100004 3710137.7701763534 3124975.7542370004 3005345.365765 3005345.365765 2707728.8544269996 2707728.8544269996 -1.0 -1.0 -1.0 -1.0 -1.0 -1.0
-1.0 -1.0 -1.0 -1.0 -1.0 -1.0 -1.0 -1.0 -1.0 -1.0 -1.0 -1.0 2014474.3974009003 2014474.3974009003 2379138.3350699996 2379138.3350699996 2593819.704147 2593819.704147 2729098.359873 2729098.359873 2723216.435974 2723216.435974 2890451.7239676844 2779092.470811 2737920.760296 2737920.760296 2711453.3741030004 2711453.3741030004 2770270.070388 2770270.070388 2640873.199868 2640873.199868 2552647.993632 2552647.993632 2482067.865628 2482067.865628 2158575.5321426 -1.0 -1.0 -1.0 -1.0 -1.0 -1.0 -1.0 -1.0 -1.0 -1.0 2064468.6609012 2155634.6302934 -1.0 -1.0 -1.0 -1.0 -1.0 2561470.394055 3004880.061027887 2937897.666358 2937897.666358 2840850.0596989994 2840850.0596989994 2837909.35202 2837909.35202 2396783.5519950003 -1.0 -1.0 -1.0
-1.0 -1.0 -1.0 -1.0 -1.0 -1.0 -1.0 -1.0 -1.0 -1.0 -1.0 -1.0 2030082.64141788 2030082.64141788 2397572.012724 2397572.012724 2613916.7433204004 2613916.7433204004 2750243.5445436 2750243.5445436 2744316.0472168 2744316.0472168 2800625.0122451996 2800625.0122451996 2759134.3013472003 2759134.3013472003 2732461.8445796003 2732461.8445796003 2791734.2554416 2791734.2554416 2661334.8117776 2661334.8117776 2572426.0324224 2572426.0324224 2501299.0462096 -1.0 -1.0 -1.0 -1.0 -1.0 -1.0 -1.0 -1.0 -1.0 -1.0 -1.0 -1.0 2080464.26286384 2172336.59054888 2172336.59054888 -1.0 -1.0 -1.0 -1.0 -1.0 2581316.7892259997 2960660.6380456 2960660.6380456 2862861.1018868 2862861.1018868 2859897.609464 3286493.268352255 2490083.971386921 2415353.9456340005 2362008.612796 -1.0
-1.0 -1.0 -1.0 -1.0 -1.0 -1.0 -1.0 -1.0 -1.0 -1.0 -1.0 -1.0 1917136.4347296003 1917136.4347296003 2394927.401472 2394927.401472 2499444.3211200004 2499444.3211200004 2690560.668384 2690560.668384 2783132.6872320003 2783132.6872320003 2848828.9374720003 2848828.9374720003 2621878.169472 2621878.169472 2639795.285952 2639795.285952 2538264.802752 2538264.802752 2374024.0504031996 2374024.0504031996 -1.0 -1.0 -1.0 -1.0 -1.0 -1.0 -1.0 -1.0 -1.0 -1.0 -1.0 -1.0 -1.0 -1.0 1985818.8726144002 2234038.665747391 2159018.075232 2159018.075232 -1.0 -1.0 -1.0 -1.0 -1.0 -1.0 -1.0 -1.0 2338189.8127488 2338189.8127488 2499444.3211200004 2499444.3211200004 3387483.7771023335 3857029.1812044173 3362136.9968216615 2290410.6508224
-1.0 -1.0 -1.0 -1.0 -1.0 -1.0 -1.0 -1.0 -1.0 -1.0 -1.0 -1.0 1931479.0198496801 1931479.0198496801 2412844.4622975998 2412844.4622975998 2518143.299596 2518143.299596 2710689.4368471997 2710689.4368471997 2803954.0105056 2803954.0105056 2870141.7510976004 2870141.7510976004 2641493.1066976003 2641493.1066976003 2659544.2656816 2659544.2656816 2557254.2071215995 2557254.2071215995 2391784.72794456 -1.0 -1.0 -1.0 -1.0 -1.0 -1.0 -1.0 -1.0 -1.0 -1.0 -1.0 -1.0 -1.0 -1.0 -1.0 2000675.28851552 2563236.338341233 2175170.2384055997 2175170.2384055997 -1.0 -1.0 -1.0 -1.0 -1.0 -1.0 -1.0 -1.0 -1.0 -1.0 2518143.299596 2518143.299596 2995998.2923824172 2298520.2110404 2307545.79526192 2307545.79526192
-1.0 -1.0 -1.0 -1.0 -1.0 -1.0 -1.0 -1.0 -1.0 -1.0 -1.0 1536537.40942436 2449928.9532956625 2266922.9869772 2303290.75150764 2303290.75150764 2500282.947942 2500282.947942 2657876.27821 2657876.27821 2736673.0386296 2736673.0386296 2818500.5957712 2818500.5957712 2585140.7777348002 2585140.7777348002 2366934.38588764 2366934.38588764 2427547.3521812 2427547.3521812 1988103.65265788 -1.0 -1.0 -1.0 1727468.05052896 1727468.05052896 1787242.8420869708 1669885.87619312 1642610.00634356 -1.0 -1.0 -1.0 -1.0 -1.0 -1.0 -1.0 1733529.3724089998 2606369.7521235785 1948421.7659890822 1778989.06497028 -1.0 -1.0 -1.0 -1.0 -1.0 -1.0 -1.0 -1.0 -1.0 -1.0 -1.0 2063869.80692668 2387022.1117599024 2188126.23608616 -1.0 -1.0
-1.0 -1.0 -1.0 -1.0 -1.0 -1.0 -1.0 -1.0 -1.0 -1.0 -1.0 2019815.384615089 3107893.88079427 2283291.0742332 2319921.42851484 2319921.42851484 2518335.987102 2518335.987102 2677067.2040100005 2677067.2040100005 2756432.9084375994 2756432.9084375994 2838851.2931472003 3143411.778428234 3180871.211064508 2603806.5242388 2384024.5952948397 2384024.5952948397 2856947.725240483 2445075.2113572 -1.0 -1.0 1828464.42916632 1828464.42916632 -1.0 1739941.05818976 1681943.1176107198 -1.0 -1.0 -1.0 -1.0 -1.0 -1.0 -1.0 -1.0 -1.0 1746046.145229 2078937.5837047559 1791834.0748846799 1791834.0748846799 -1.0 -1.0 -1.0 -1.0 -1.0 -1.0 -1.0 -1.0 -1.0 -1.0 -1.0 -1.0 2203925.37940296 2203925.37940296 2014668.5929357202 -1.0
-1.0 -1.0 -1.0 -1.0 -1.0 -1.0 -1.0 -1.0 -1.0 -1.0 -1.0 1512497.4077693599 1933660.32936416 1933660.32936416 2391713.42762864 2391713.42762864 2602622.246991527 2625385.8669953737 2631499.5494016 2631499.5494016 2736021.6175615997 2736021.6175615997 2616128.6968239998 2785206.856701742 2345600.58959808 2345600.58959808 2357897.35864912 2357897.35864912 2459345.2562936 2459345.2562936 1795322.1535628801 -1.0 1641613.0768568001 1641613.0768568001 -1.0 -1.0 -1.0 -1.0 -1.0 -1.0 -1.0 -1.0 -1.0 -1.0 -1.0 -1.0 -1.0 1620093.75276472 -1.0 -1.0 -1.0 -1.0 -1.0 -1.0 -1.0 -1.0 -1.0 -1.0 -1.0 -1.0 -1.0 1810693.0544676802 1804544.66027672 1804544.66027672 1749209.40252128 -1.0
-1.0 -1.0 -1.0 -1.0 -1.0 -1.0 -1.0 -1.0 -1.0 -1.0 -1.0 1523031.98513894 1947128.3156506398 1947128.3156506398 2408371.76371556 2408371.76371556 2578629.3578528003 2578629.3578528003 2649828.0010464 2649828.0010464 2755078.0676864 2755078.0676864 2634350.090146 2634350.090146 2361937.7487643203 2361937.7487643203 2606767.9613455967 2374320.16507948 2476474.6495394 2476474.6495394 -1.0 -1.0 -1.0 -1.0 -1.0 -1.0 -1.0 -1.0 -1.0 -1.0 -1.0 -1.0 -1.0 -1.0 -1.0 -1.0 -1.0 -1.0 -1.0 -1.0 -1.0 -1.0 -1.0 -1.0 -1.0 1711863.13075322 1789252.97723802 1789252.97723802 -1.0 1832591.3321471 1823304.57100772 1823304.57100772 1817113.3531173803 1817113.3531173803 -1.0 -1.0
-1.0 -1.0 -1.0 -1.0 -1.0 -1.0 -1.0 -1.0 -1.0 -1.0 -1.0 -1.0 1966677.79547322 1966677.79547322 2325105.57304854 2325105.57304854 2403024.67004214 2403024.67004214 2593147.3578402 2593147.3578402 2646449.789141002 3384813.4949495434 2748628.7510525463 2727290.770332783 2321988.74253342 2321988.74253342 2429143.799026302 2651132.5961695723 1929276.6181370402 -1.0 -1.0 -1.0 -1.0 -1.0 -1.0 -1.0 -1.0 -1.0 -1.0 -1.0 -1.0 -1.0 -1.0 -1.0 -1.0 -1.0 -1.0 -1.0 -1.0 -1.0 -1.0 -1.0 -1.0 -1.0 1611366.70142322 2941796.955533216 3140335.507093669 2181529.990785251 2299249.2042236757 2777025.3032906586 1642534.34022066 1642534.34022066 1558381.71448764 -1.0 -1.0 -1.0
-1.0 -1.0 -1.0 -1.0 -1.0 -1.0 -1.0 -1.0 -1.0 -1.0 -1.0 -1.0 1979891.57623086 1979891.57623086 2340727.57038402 2340727.57038402 2419170.19282082 2937848.695709737 2610570.2833125996 2610570.2833125996 3025063.090220454 2723606.4629185162 2654354.1590890987 2566642.2549324 2337589.79840346 2582431.862777015 2183842.3551059 2183842.3551059 -1.0 -1.0 -1.0 -1.0 -1.0 -1.0 -1.0 -1.0 -1.0 -1.0 -1.0 -1.0 -1.0 -1.0 1297780.1176021202 1297780.10280438 1313229.9200152198 1313229.9200152198 -1.0 1320954.81875548 1320954.81875548 1320954.81875548 1290055.21886186 1290055.21886186 1290055.2336596001 -1.0 -1.0 -1.0 1948514.5469864602 2459019.3048401 3463234.7876704475 3624459.515816496 1653570.2550555803 -1.0 -1.0 -1.0 -1.0 -1.0
-1.0 -1.0 -1.0 -1.0 -1.0 -1.0 -1.0 -1.0 -1.0 -1.0 -1.0 -1.0 -1.0 -1.0 1809765.30208896 -1.0 2024536.8704371199 2362773.898786197 2419494.0532249846 2308793.1879744 2116130.51449728 2116130.51449728 1980319.1700672002 1980319.1700672002 1866616.6708569601 1866616.6708569601 1724488.52698368 -1.0 -1.0 -1.0 -1.0 -1.0 1264870.31289984 1264870.31289984 1298565.65291904 1298565.65291904 1391875.75385856 1453012.0885965598 1565444.3830421434 1544339.4374607806 1324485.11354112 1324485.11354112 1727598.5308743306 1878841.9487371754 2164503.732058801 1858811.2540315469 1818430.5517737386 1497837.1841977313 1672350.4635338967 2026297.0914083198 1440095.404223564 1491973.7509276469 1223399.2076812799 1490766.59009664 -1.0 -1.0 -1.0 -1.0 1572885.0474048 1985511.2956463504 1490766.59009664 -1.0 -1.0 -1.0 -1.0 -1.0
-1.0 -1.0 -1.0 -1.0 -1.0 -1.0 -1.0 -1.0 -1.0 -1.0 -1.0 -1.0 -1.0 -1.0 -1.0 -1.0 -1.0 2037658.3250022999 2323756.9682635 2323756.9682635 2129845.6069736998 -1.0 -1.0 -1.0 -1.0 -1.0 -1.0 -1.0 -1.0 -1.0 1249589.5720539 1646086.360315155 2401509.1440851106 2487432.0221617357 2367750.5298904013 2057209.96283384 2173942.2077426864 2189243.944614596 1333069.3835998 2103059.4121479476 2290863.9715987784 2314134.8559206277 2404550.942310908 2363406.4103360153 2467588.7347327606 2281049.189333597 2228413.480895653 1958104.5259856123 1868110.6357966173 1907909.371403171 1803342.830568503 1364374.4097522 -1.0 -1.0 -1.0 -1.0 -1.0 -1.0 -1.0 -1.0 -1.0 -1.0 -1.0 -1.0 -1.0 -1.0
-1.0 -1.0 -1.0 -1.0 -1.0 -1.0 -1.0 -1.0 -1.0 -1.0 -1.0 -1.0 -1.0 -1.0 -1.0 -1.0 -1.0 -1.0 1609331.3639768402 1609331.3639768402 -1.0 -1.0 -1.0 -1.0 -1.0 -1.0 -1.0 1265412.26659596 1281164.20009956 1446035.9247753539 1991695.8710415813 2272937.6837423537 2217142.1758867796 2155889.6527853007 1123644.03023628 1123644.03023628 1107892.03638372 1107892.03638372 1086889.3410337202 1086889.3410337202 1123644.03023628 1878588.5063586794 1840485.8417987367 2256240.2629288863 1837957.770569806 1178776.12438908 1908774.6497815496 1584173.3915501668 1780617.3695228295 1904565.5526302771 1824450.5140224781 1241784.1802646 -1.0 -1.0 -1.0 -1.0 -1.0 -1.0 1065651.9133747201 1065651.9133747201 -1.0 -1.0 -1.0 -1.0 -1.0 -1.0
-1.0 -1.0 -1.0 -1.0 -1.0 -1.0 -1.0 -1.0 -1.0 -1.0 -1.0 -1.0 -1.0 -1.0 -1.0 -1.0 -1.0 1415966.4313856 1619379.5248390401 2272244.1975615285 1495218.24431104 1495218.24431104 1389549.1620972801 1389549.1620972801 1323505.8800761602 1323505.8800761602 1273313.10435776 1746740.01508728 1848506.2837770951 1586640.3839122818 2311023.849951603 1744907.0137011516 2342670.3191166343 2201664.549839458 1130659.71154368 1130659.71154368 1114809.36717632 1114809.36717632 1093675.53757632 1093675.53757632 1130659.71154368 1130659.71154368 1183494.3310880002 1183494.3310880002 1186136.03322048 1186136.03322048 1246895.78952512 1492841.003138233 1819743.5364476074 1945447.527322176 2271478.09746223 2252267.92540597 1120092.80686464 -1.0 -1.0 -1.0 -1.0 -1.0 -1.0 -1.0 -1.0 -1.0 -1.0 -1.0 -1.0 -1.0
-1.0 -1.0 -1.0 -1.0 -1.0 -1.0 -1.0 -1.0 -1.0 -1.0 -1.0 -1.0 -1.0 -1.0 -1.0 -1.0 -1.0 1813431.8919432082 2695034.5659519546 1421988.141403 2137239.082009656 2220017.2564683873 1315671.3130345 1315671.3130345 1294407.9361595002 2731788.582078493 2180667.0097149624 2292916.424659519 1734087.420557749 1733470.2742063035 2264348.2863015905 1036589.5080975 983431.0200865001 983431.0200865001 935588.4450294999 935588.4450294999 882430.0181165 882430.0181165 855850.814843 855850.814843 866482.5287380001 866482.5287380001 882430.0181165 882430.0181165 927614.702886 927614.702886 967483.530708 1621829.265058154 1706279.421105758 980773.1247075001 1881463.7364812817 1033277.9500870145 940904.332526 -1.0 -1.0 -1.0 -1.0 -1.0 -1.0 -1.0 -1.0 -1.0 -1.0 -1.0 -1.0 -1.0
-1.0 -1.0 -1.0 -1.0 -1.0 -1.0 -1.0 -1.0 -1.0 -1.0 -1.0 -1.0 -1.0 -1.0 -1.0 -1.0 1278127.20326376 2668464.474045039 2481410.807830276 2945248.998077488 2824351.435732209 2690814.053652282 1323583.68769916 1323583.68769916 1302192.43404916 1302192.43404916 1219301.329997 1219301.329997 1149779.73770708 1149779.73770708 1042823.5001897999 1042823.5001897999 989345.3199657201 989345.3199657201 941215.02230276 941215.02230276 887736.9035441199 887736.9035441199 860997.8544090401 860997.8544090401 871693.5068446401 871693.5068446401 887736.9035441199 887736.9035441199 933193.32651408 933193.32651408 973301.92326624 973301.92326624 986671.4401505999 1871915.9488387445 1010736.60947056 -1.0 -1.0 -1.0 -1.0 -1.0 -1.0 -1.0 -1.0 -1.0 -1.0 -1.0 -1.0 -1.0 -1.0 -1.0
-1.0 -1.0 -1.0 -1.0 -1.0 -1.0 -1.0 -1.0 -1.0 -1.0 -1.0 -1.0 -1.0 -1.0 1135050.27014524 1436858.099268416 2487906.9682981716 2393660.8603059184 2768342.865004772 2191955.7663460174 2357520.348429882 1132360.58365444 1105463.6723752 1105463.6723752 1238135.8393705578 1070497.6707094 989806.869891 989806.869891 898357.2973476 898357.2973476 833804.6927594 833804.6927594 804218.1207511601 804218.1207511601 739665.45433464 739665.45433464 699320.06938252 699320.06938252 675112.8497464401 675112.8497464401 672423.16325564 672423.16325564 685871.6111667199 685871.6111667199 710078.8565646 710078.8565646 750424.2157549199 750424.2157549199 782700.55669172 1368174.0749422917 1107794.675987118 796149.0046028 788079.90906388 -1.0 -1.0 -1.0 -1.0 -1.0 -1.0 -1.0 -1.0 -1.0 -1.0 -1.0 -1.0 -1.0
-1.0 -1.0 -1.0 -1.0 -1.0 -1.0 -1.0 -1.0 -1.0 -1.0 -1.0 -1.0 944142.87844248 2098970.3356395066 2403624.9048806108 2392026.1549806218 2489250.7196551245 2492808.590044461 2501174.0874440908 1929927.0227685217 1138923.06900638 1138923.06900638 1111870.2793004 1111870.2793004 1076701.6355813 1076701.6355813 1341021.2240701532 995543.1990944999 903563.6394701999 903563.6394701999 838636.9265563001 838636.9265563001 808878.88845482 808878.88845482 743952.11335428 743952.11335428 703372.91065754 703372.91065754 679025.40044038 679025.40044038 676320.12613378 676320.12613378 689846.5132134401 689846.5132134401 714194.0493417 714194.0493417 754773.2261273399 754773.2261273399 787236.6214509401 787236.6214509401 1664531.2192784033 1804150.5661966796 1039570.2468217849 792647.1493352599 -1.0 -1.0 -1.0 -1.0 -1.0 -1.0 -1.0 -1.0 -1.0 -1.0 -1.0 -1.0
-1.0 -1.0 -1.0 -1.0 -1.0 -1.0 -1.0 -1.0 -1.0 -1.0 -1.0 794429.5264276201 2617349.405727981 3008053.696913055 2669067.733439223 2767499.9657282154 2833665.275887884 2885688.176846793 2404795.9583763094 1943260.2807191378 935903.2892034601 935903.2892034601 867887.04547368 1481727.8731525568 810753.3940697401 1482107.2540989788 737295.8698120201 737295.8698120201 693765.50572032 693765.50572032 625749.2672022 625749.2672022 598542.7915992601 598542.7915992601 571336.32641964 571336.32641964 552291.7533678 552291.7533678 535967.8648790399 535967.8648790399 530526.56871612 530526.56871612 541409.1558303001 541409.1558303001 555012.41708424 555012.41708424 593101.4745897 593101.4745897 631190.55815346 631190.55815346 658397.07544968 935107.0722584013 691044.8836971599 691044.8836971599 2118183.4663941003 1971904.9976842313 2331335.015476386 1761251.6852417225 748178.47777284 -1.0 -1.0 -1.0 -1.0 -1.0 -1.0 -1.0
-1.0 -1.0 -1.0 -1.0 -1.0 -1.0 -1.0 -1.0 -1.0 -1.0 -1.0 1593949.696689559 2932185.019942245 2581493.0256356057 1042347.14527504 2802016.2235842305 2998001.7025913093 2484827.472035138 976687.4378900001 976687.4378900001 941121.84712632 941121.84712632 872726.34764256 872726.34764256 815274.1213680801 815274.1213680801 741407.0010018401 741407.0010018401 697633.91340544 697633.91340544 629238.4191624 629238.4191624 601880.24137992 601880.24137992 574522.07407888 574522.07407888 555371.3092776 555371.3092776 538956.39946368 538956.39946368 533484.7628590399 533484.7628590399 544428.0308276 544428.0308276 558107.14330208 558107.14330208 596408.5838124 596408.5838124 634710.05052632 634710.05052632 662068.27023456 662068.27023456 694898.12130672 694898.12130672 749614.47687168 749614.47687168 2122753.547139334 2295853.736907495 752350.28993328 2029644.7345953833 1125404.378741572 -1.0 -1.0 -1.0 -1.0 -1.0
-1.0 -1.0 -1.0 -1.0 -1.0 -1.0 -1.0 -1.0 -1.0 -1.0 833486.50529658 2877920.26943482 891252.92664738 2529032.223032925 2628903.751821039 2727780.9100770117 2538902.396732597 811480.3255735199 786723.2870989799 786723.2870989799 1451976.9954142086 704199.8588899199 646433.4586166401 646433.4586166401 599670.1719171001 599670.1719171001 558408.4762554 558408.4762554 530900.66333946 530900.66333946 470383.48335540004 470383.48335540004 453878.78928258 453878.78928258 442875.69151698 442875.69151698 434623.34184588003 434623.34184588003 429121.78242432 429121.78242432 429121.78242432 429121.78242432 440124.89599805995 440124.89599805995 453878.78928258 453878.78928258 484137.37663991994 484137.37663991994 522648.34528464003 522648.34528464003 552906.93264198 552906.93264198 585916.27863258 585916.27863258 632679.5442546001 632679.5442546001 657436.5721903801 657436.5721903801 640931.90446446 640931.90446446 627178.00591056 627178.00591056 -1.0 -1.0 -1.0 -1.0
-1.0 -1.0 -1.0 -1.0 -1.0 -1.0 -1.0 -1.0 -1.0 -1.0 1853410.7963906708 2344495.97734253 2789432.7623824347 1821217.0463863432 2101206.606723716 882205.11844272 815832.34307856 815832.34307856 790942.5311264399 790942.5311264399 707976.52483776 707976.52483776 649900.3199059201 649900.3199059201 602886.2389038 602886.2389038 561403.2543012 561403.2543012 533747.91533988 533747.91533988 472906.1781012 472906.1781012 456312.96836724004 456312.96836724004 445250.86033044005 445250.86033044005 436954.25281463994 436954.25281463994 431423.18820096 431423.18820096 431423.18820096 431423.18820096 442485.31213068 442485.31213068 456312.96836724004 456312.96836724004 486733.83433776 486733.83433776 525451.33960992 525451.33960992 555872.20558044 555872.20558044 589058.5826672399 589058.5826672399 636072.6424788 636072.6424788 660962.4438356401 660962.4438356401 644369.26058988 644369.26058988 630541.59905568 630541.59905568 627776.04555828 627776.04555828 638838.1959762 -1.0
-1.0 -1.0 -1.0 -1.0 -1.0 -1.0 -1.0 -1.0 -1.0 -1.0 1701983.7733344894 3064497.2347831377 639415.3124916 2457353.8690991686 644975.43846588 644975.43846588 606054.5087166 606054.5087166 561573.45299304 561573.45299304 517092.39726948 517092.39726948 478171.4675202 478171.4675202 447590.72939508 447590.72939508 422570.12789520004 422570.12789520004 403109.67367151997 403109.67367151997 372528.94087188 372528.94087188 366968.8148976 366968.8148976 361408.65697044 361408.65697044 358628.57534412 358628.57534412 355848.53099616 355848.53099616 358628.57534412 358628.57534412 369748.85392008 369748.85392008 383649.176844 383649.176844 405889.71801947994 405889.71801947994 433690.39049471996 433690.39049471996 461491.052319 461491.052319 486511.65914436 486511.65914436 514312.31031768 514312.31031768 533772.8018197201 533772.8018197201 536552.85149316 536552.85149316 533772.8018197201 533772.8018197201 539332.91181756 539332.91181756 550453.195719 550453.195719
-1.0 -1.0 -1.0 -1.0 -1.0 -1.0 -1.0 -1.0 -1.0 -1.0 648298.73064452 3027897.8520083255 642709.9556364 642709.9556364 648298.73064452 648298.73064452 609177.2574114 609177.2574114 564467.00917016 564467.00917016 519756.76092892 519756.76092892 480635.2876958 480635.2876958 449896.97965131997 449896.97965131997 424747.45732080005 424747.45732080005 405186.73141008 405186.73141008 374448.42871852 374448.42871852 368859.65371040005 368859.65371040005 363270.84658476006 363270.84658476006 360476.44034548 360476.44034548 357682.07157664 357682.07157664 360476.44034548 360476.44034548 371654.01712631993 371654.01712631993 385625.962676 385625.962676 407981.10017891997 407981.10017891997 435925.01804288 435925.01804288 463868.925201 463868.925201 489018.45288443996 489018.45288443996 516962.3493367201 516962.3493367201 536523.11271788 536523.11271788 539317.48683964 539317.48683964 536523.11271788 536523.11271788 542111.8716672399 542111.8716672399 553289.453801 553289.453801
