critload/trunk/output/1999/ndep_crit_tot.asc
ncols 720
nrows 360
xllcorner -180
yllcorner -90
cellsize 0.5
NODATA_value -1.0
[rows 170 to 203 of 360, columns 375 to 449 of 720]
7719275.0 7719275.0 7719275.0 7719275.0 6021034.5 6021034.5 6021034.5 6021034.5 6021034.5 6021034.5 6021034.5 6021034.5 6021034.5 6021034.5 6021034.5 6021034.5 4631565.0 4631565.0 4631565.0 4631565.0 4631565.0 4631565.0 6021034.5 6021034.5 6021034.5 6021034.5 6021034.5 6021034.5 4631565.0 4631565.0 4631565.0 4631565.0 6021034.5 6021034.5 6021034.5 6021034.5 6021034.5 6021034.5 6021034.5 4631565.0 4631565.0 4631565.0 4631565.0 4631565.0 4631565.0 4631565.0 4631565.0 4631565.0 4631565.0 4631565.0 4631565.0 4631565.0 4631565.0 2315782.5 2315782.5 2315782.5 2315782.5 5403492.5 2315782.5 4631565.0 4631565.0 4631565.0 4631565.0 2315782.5 2315782.5 2315782.5 2315782.5 5403492.5 1543855.0 1543855.0 1543855.0 1543855.0 1543855.0 1543855.0 1543855.0
-1.0 -1.0 7724575.0 7724575.0 7724575.0 6025168.5 6025168.5 6025168.5 6025168.5 6025168.5 6025168.5 6025168.5 6025168.5 6025168.5 6025168.5 6025168.5 6025168.5 4634745.0 6025168.5 6025168.5 6025168.5 6025168.5 6025168.5 6025168.5 6025168.5 6025168.5 6025168.5 6025168.5 6025168.5 6025168.5 6025168.5 6025168.5 6025168.5 6025168.5 6025168.5 6025168.5 6025168.5 6025168.5 6025168.5 6025168.5 6025168.5 4634745.0 4634745.0 4634745.0 4634745.0 4634745.0 4634745.0 4634745.0 4634745.0 4634745.0 4634745.0 4634745.0 4634745.0 2317372.5 2317372.5 5407202.5 5407202.5 5407202.5 2317372.5 2317372.5 2317372.5 4634745.0 4634745.0 4634745.0 2317372.5 2317372.5 2317372.5 5407202.5 1544915.0 1544915.0 1544915.0 1544915.0 1544915.0 5407202.5 1544915.0
-1.0 -1.0 7729300.0 -1.0 7729300.0 7729300.0 6028854.0 6028854.0 6028854.0 6028854.0 6028854.0 6028854.0 6028854.0 6028854.0 6028854.0 6028854.0 6028854.0 6028854.0 6028854.0 6028854.0 6028854.0 6028854.0 6028854.0 6028854.0 6028854.0 6028854.0 6028854.0 6028854.0 6028854.0 6028854.0 6028854.0 6028854.0 6028854.0 6028854.0 6028854.0 6028854.0 6028854.0 6028854.0 6028854.0 6028854.0 6028854.0 6028854.0 6028854.0 6028854.0 4637580.0 6028854.0 6028854.0 4637580.0 4637580.0 4637580.0 4637580.0 4637580.0 4637580.0 4637580.0 2318790.0 5410510.0 1545860.0 1545860.0 2318790.0 5410510.0 2318790.0 2318790.0 4637580.0 4637580.0 2318790.0 2318790.0 2318790.0 5410510.0 1545860.0 1545860.0 1545860.0 5410510.0 5410510.0 5410510.0 5410510.0
-1.0 7733425.0 7733425.0 -1.0 7733425.0 7733425.0 7733425.0 7733425.0 7733425.0 7733425.0 7733425.0 7733425.0 7733425.0 6032071.5 6032071.5 6032071.5 6032071.5 6032071.5 6032071.5 6032071.5 6032071.5 6032071.5 6032071.5 6032071.5 6032071.5 6032071.5 6032071.5 6032071.5 6032071.5 6032071.5 6032071.5 6032071.5 6032071.5 6032071.5 6032071.5 6032071.5 6032071.5 6032071.5 6032071.5 6032071.5 6032071.5 6032071.5 6032071.5 6032071.5 6032071.5 6032071.5 6032071.5 4640055.0 4640055.0 4640055.0 4640055.0 4640055.0 4640055.0 4640055.0 2320027.5 5413397.5 1546685.0 1546685.0 5413397.5 2320027.5 2320027.5 2320027.5 2320027.5 2320027.5 2320027.5 2320027.5 5413397.5 5413397.5 5413397.5 1546685.0 5413397.5 5413397.5 5413397.5 5413397.5 5413397.5
-1.0 -1.0 -1.0 -1.0 7736950.0 7736950.0 7736950.0 7736950.0 7736950.0 7736950.0 7736950.0 7736950.0 7736950.0 7736950.0 7736950.0 6034821.0 6034821.0 6034821.0 6034821.0 6034821.0 7736950.0 7736950.0 6034821.0 6034821.0 7736950.0 7736950.0 6034821.0 6034821.0 6034821.0 6034821.0 6034821.0 6034821.0 6034821.0 6034821.0 6034821.0 6034821.0 6034821.0 6034821.0 6034821.0 6034821.0 6034821.0 6034821.0 6034821.0 6034821.0 6034821.0 6034821.0 6034821.0 6034821.0 4642170.0 4642170.0 4642170.0 4642170.0 4642170.0 4642170.0 2321085.0 5415865.0 5415865.0 1547390.0 5415865.0 2321085.0 2321085.0 2321085.0 2321085.0 2321085.0 2321085.0 5415865.0 5415865.0 5415865.0 5415865.0 5415865.0 5415865.0 5415865.0 5415865.0 5415865.0 5415865.0
-1.0 -1.0 -1.0 -1.0 7739900.0 7739900.0 7739900.0 7739900.0 7739900.0 7739900.0 7739900.0 7739900.0 7739900.0 7739900.0 7739900.0 7739900.0 7739900.0 7739900.0 7739900.0 7739900.0 7739900.0 7739900.0 7739900.0 7739900.0 7739900.0 7739900.0 7739900.0 7739900.0 7739900.0 7739900.0 7739900.0 7739900.0 7739900.0 7739900.0 7739900.0 6037122.0 6037122.0 7739900.0 7739900.0 6037122.0 6037122.0 6037122.0 6037122.0 6037122.0 6037122.0 6037122.0 6037122.0 6037122.0 6037122.0 6037122.0 6037122.0 4643940.0 4643940.0 4643940.0 4643940.0 2321970.0 2321970.0 5417930.0 2321970.0 2321970.0 2321970.0 2321970.0 2321970.0 2321970.0 2321970.0 5417930.0 5417930.0 5417930.0 5417930.0 5417930.0 5417930.0 5417930.0 5417930.0 5417930.0 5417930.0
-1.0 -1.0 -1.0 -1.0 7742250.0 7742250.0 7742250.0 7742250.0 7742250.0 7742250.0 7742250.0 7742250.0 7742250.0 7742250.0 7742250.0 7742250.0 7742250.0 7742250.0 7742250.0 7742250.0 7742250.0 7742250.0 7742250.0 7742250.0 7742250.0 7742250.0 7742250.0 7742250.0 7742250.0 7742250.0 7742250.0 7742250.0 7742250.0 7742250.0 7742250.0 7742250.0 7742250.0 7742250.0 7742250.0 7742250.0 7742250.0 7742250.0 7742250.0 7742250.0 6038955.0 6038955.0 6038955.0 6038955.0 6038955.0 6038955.0 6038955.0 6038955.0 4645350.0 4645350.0 4645350.0 4645350.0 2322675.0 2322675.0 4645350.0 4645350.0 2322675.0 2322675.0 2322675.0 5419575.0 5419575.0 1548450.0 5419575.0 5419575.0 5419575.0 5419575.0 5419575.0 5419575.0 5419575.0 5419575.0 5419575.0
-1.0 -1.0 -1.0 7744025.0 7744025.0 7744025.0 7744025.0 7744025.0 7744025.0 7744025.0 7744025.0 7744025.0 7744025.0 7744025.0 7744025.0 7744025.0 7744025.0 7744025.0 7744025.0 7744025.0 7744025.0 7744025.0 7744025.0 7744025.0 7744025.0 7744025.0 7744025.0 7744025.0 7744025.0 7744025.0 7744025.0 7744025.0 7744025.0 7744025.0 7744025.0 7744025.0 7744025.0 7744025.0 7744025.0 7744025.0 7744025.0 7744025.0 7744025.0 7744025.0 7744025.0 6040339.5 6040339.5 6040339.5 6040339.5 6040339.5 6040339.5 6040339.5 6040339.5 4646415.0 3872012.5 4646415.0 4646415.0 4646415.0 4646415.0 4646415.0 4646415.0 2323207.5 2323207.5 5420817.5 5420817.5 1548805.0 5420817.5 5420817.5 5420817.5 5420817.5 5420817.5 5420817.5 5420817.5 5420817.5 -1.0
-1.0 -1.0 -1.0 7745200.0 7745200.0 7745200.0 7745200.0 7745200.0 7745200.0 7745200.0 7745200.0 7745200.0 7745200.0 7745200.0 7745200.0 7745200.0 7745200.0 7745200.0 7745200.0 7745200.0 7745200.0 7745200.0 7745200.0 7745200.0 7745200.0 7745200.0 7745200.0 7745200.0 7745200.0 7745200.0 7745200.0 7745200.0 7745200.0 7745200.0 7745200.0 7745200.0 7745200.0 7745200.0 7745200.0 7745200.0 7745200.0 7745200.0 7745200.0 7745200.0 7745200.0 7745200.0 6041256.0 6041256.0 6041256.0 7745200.0 7745200.0 7745200.0 6041256.0 6041256.0 6041256.0 6041256.0 4647120.0 4647120.0 6041256.0 4647120.0 4647120.0 4647120.0 2323560.0 2323560.0 5421640.0 5421640.0 5421640.0 5421640.0 5421640.0 5421640.0 5421640.0 5421640.0 2323560.0 -1.0 -1.0
-1.0 -1.0 -1.0 7745800.0 7745800.0 7745800.0 7745800.0 7745800.0 7745800.0 7745800.0 7745800.0 7745800.0 7745800.0 7745800.0 7745800.0 7745800.0 7745800.0 7745800.0 7745800.0 7745800.0 7745800.0 7745800.0 7745800.0 7745800.0 7745800.0 7745800.0 7745800.0 7745800.0 7745800.0 7745800.0 7745800.0 7745800.0 7745800.0 7745800.0 7745800.0 7745800.0 7745800.0 7745800.0 7745800.0 7745800.0 7745800.0 7745800.0 7745800.0 7745800.0 7745800.0 7745800.0 7745800.0 6041724.0 6041724.0 7745800.0 7745800.0 7745800.0 6041724.0 7745800.0 7745800.0 7745800.0 6041724.0 6041724.0 4647480.0 7745800.0 6041724.0 4647480.0 2323740.0 2323740.0 5422060.0 5422060.0 5422060.0 5422060.0 5422060.0 5422060.0 5422060.0 2323740.0 -1.0 -1.0 -1.0
-1.0 -1.0 -1.0 7745800.0 6041724.0 7745800.0 7745800.0 7745800.0 7745800.0 7745800.0 7745800.0 7745800.0 7745800.0 7745800.0 7745800.0 7745800.0 7745800.0 7745800.0 7745800.0 7745800.0 7745800.0 7745800.0 7745800.0 7745800.0 7745800.0 7745800.0 7745800.0 7745800.0 7745800.0 7745800.0 7745800.0 7745800.0 7745800.0 7745800.0 7745800.0 7745800.0 7745800.0 7745800.0 7745800.0 7745800.0 7745800.0 7745800.0 7745800.0 7745800.0 6041724.0 7745800.0 7745800.0 7745800.0 7745800.0 7745800.0 -1.0 -1.0 -1.0 6041724.0 6041724.0 7745800.0 3872900.0 3872900.0 3872900.0 3872900.0 6041724.0 4647480.0 2323740.0 2323740.0 5422060.0 5422060.0 5422060.0 5422060.0 5422060.0 5422060.0 2323740.0 -1.0 -1.0 -1.0 -1.0
-1.0 -1.0 7745200.0 6041256.0 6041256.0 7745200.0 7745200.0 7745200.0 7745200.0 7745200.0 7745200.0 7745200.0 7745200.0 7745200.0 7745200.0 7745200.0 7745200.0 7745200.0 7745200.0 7745200.0 7745200.0 7745200.0 7745200.0 7745200.0 7745200.0 7745200.0 7745200.0 7745200.0 7745200.0 7745200.0 7745200.0 7745200.0 7745200.0 7745200.0 7745200.0 7745200.0 7745200.0 7745200.0 7745200.0 7745200.0 7745200.0 7745200.0 7745200.0 7745200.0 7745200.0 7745200.0 7745200.0 7745200.0 7745200.0 -1.0 -1.0 -1.0 -1.0 6041256.0 7745200.0 7745200.0 3872600.0 3872600.0 3872600.0 6041256.0 4647120.0 4647120.0 2323560.0 2323560.0 5421640.0 5421640.0 2323560.0 2323560.0 2323560.0 2323560.0 -1.0 -1.0 -1.0 -1.0 -1.0
-1.0 -1.0 7744025.0 6040339.5 6040339.5 6040339.5 7744025.0 7744025.0 7744025.0 6040339.5 7744025.0 7744025.0 7744025.0 7744025.0 7744025.0 7744025.0 7744025.0 7744025.0 7744025.0 7744025.0 7744025.0 7744025.0 7744025.0 7744025.0 7744025.0 7744025.0 7744025.0 7744025.0 7744025.0 7744025.0 7744025.0 7744025.0 7744025.0 7744025.0 7744025.0 7744025.0 7744025.0 7744025.0 7744025.0 7744025.0 7744025.0 7744025.0 7744025.0 7744025.0 7744025.0 6040339.5 6040339.5 7744025.0 7744025.0 -1.0 -1.0 -1.0 7744025.0 6040339.5 7744025.0 7744025.0 4646415.0 4646415.0 4646415.0 4646415.0 4646415.0 4646415.0 2323207.5 2323207.5 5420817.5 2323207.5 2323207.5 2323207.5 2323207.5 -1.0 -1.0 -1.0 -1.0 -1.0 -1.0
-1.0 -1.0 -1.0 6038974.5 6038974.5 6038974.5 7742275.0 7742275.0 7742275.0 7742275.0 6038974.5 6038974.5 6038974.5 6038974.5 6038974.5 7742275.0 7742275.0 7742275.0 7742275.0 7742275.0 7742275.0 7742275.0 7742275.0 7742275.0 7742275.0 7742275.0 7742275.0 7742275.0 7742275.0 7742275.0 7742275.0 7742275.0 7742275.0 7742275.0 7742275.0 7742275.0 7742275.0 7742275.0 7742275.0 7742275.0 7742275.0 7742275.0 7742275.0 7742275.0 7742275.0 6038974.5 6038974.5 6038974.5 6038974.5 -1.0 6038974.5 6038974.5 4645365.0 4645365.0 6038974.5 4645365.0 3871137.5 2322682.5 4645365.0 4645365.0 4645365.0 4645365.0 2322682.5 2322682.5 2322682.5 2322682.5 2322682.5 4645365.0 4645365.0 -1.0 -1.0 -1.0 -1.0 -1.0 -1.0
-1.0 -1.0 -1.0 6037122.0 6037122.0 6037122.0 6037122.0 6037122.0 6037122.0 6037122.0 6037122.0 6037122.0 6037122.0 6037122.0 6037122.0 6037122.0 6037122.0 6037122.0 6037122.0 6037122.0 6037122.0 7739900.0 7739900.0 7739900.0 7739900.0 7739900.0 7739900.0 7739900.0 7739900.0 7739900.0 7739900.0 7739900.0 7739900.0 7739900.0 7739900.0 7739900.0 7739900.0 7739900.0 7739900.0 7739900.0 7739900.0 7739900.0 7739900.0 7739900.0 6037122.0 6037122.0 4643940.0 4643940.0 6037122.0 6037122.0 6037122.0 6037122.0 4643940.0 4643940.0 4643940.0 4643940.0 2321970.0 2321970.0 4643940.0 4643940.0 4643940.0 4643940.0 2321970.0 2321970.0 4643940.0 4643940.0 4643940.0 4643940.0 -1.0 -1.0 -1.0 -1.0 -1.0 -1.0 -1.0
-1.0 -1.0 -1.0 -1.0 6034821.0 6034821.0 6034821.0 6034821.0 6034821.0 6034821.0 6034821.0 6034821.0 6034821.0 6034821.0 6034821.0 6034821.0 6034821.0 6034821.0 6034821.0 6034821.0 6034821.0 6034821.0 7736950.0 7736950.0 7736950.0 7736950.0 7736950.0 7736950.0 7736950.0 7736950.0 7736950.0 7736950.0 7736950.0 7736950.0 7736950.0 7736950.0 7736950.0 7736950.0 7736950.0 7736950.0 6034821.0 6034821.0 6034821.0 6034821.0 6034821.0 4642170.0 4642170.0 4642170.0 4642170.0 4642170.0 4642170.0 4642170.0 4642170.0 4642170.0 4642170.0 4642170.0 2321085.0 4642170.0 4642170.0 4642170.0 4642170.0 4642170.0 2321085.0 4642170.0 4642170.0 4642170.0 4642170.0 -1.0 -1.0 -1.0 -1.0 -1.0 -1.0 -1.0 -1.0
-1.0 -1.0 -1.0 -1.0 -1.0 6032071.5 6032071.5 6032071.5 6032071.5 6032071.5 6032071.5 6032071.5 6032071.5 6032071.5 6032071.5 6032071.5 6032071.5 6032071.5 6032071.5 6032071.5 6032071.5 6032071.5 6032071.5 7733425.0 7733425.0 7733425.0 7733425.0 7733425.0 7733425.0 7733425.0 7733425.0 7733425.0 7733425.0 7733425.0 7733425.0 7733425.0 7733425.0 7733425.0 7733425.0 6032071.5 6032071.5 6032071.5 3866712.5 4640055.0 6032071.5 4640055.0 4640055.0 4640055.0 4640055.0 4640055.0 4640055.0 4640055.0 4640055.0 4640055.0 4640055.0 4640055.0 4640055.0 4640055.0 4640055.0 3866712.5 4640055.0 4640055.0 2320027.5 4640055.0 4640055.0 4640055.0 -1.0 -1.0 -1.0 -1.0 -1.0 -1.0 -1.0 -1.0 -1.0
-1.0 -1.0 -1.0 -1.0 -1.0 -1.0 6028854.0 6028854.0 6028854.0 6028854.0 6028854.0 6028854.0 6028854.0 6028854.0 6028854.0 6028854.0 6028854.0 6028854.0 6028854.0 6028854.0 6028854.0 6028854.0 6028854.0 6028854.0 7729300.0 7729300.0 7729300.0 7729300.0 7729300.0 7729300.0 7729300.0 7729300.0 7729300.0 7729300.0 7729300.0 7729300.0 7729300.0 6028854.0 6028854.0 6028854.0 6028854.0 6028854.0 3864650.0 4637580.0 4637580.0 4637580.0 4637580.0 4637580.0 4637580.0 4637580.0 4637580.0 4637580.0 4637580.0 4637580.0 4637580.0 4637580.0 4637580.0 4637580.0 4637580.0 4637580.0 4637580.0 4637580.0 4637580.0 4637580.0 4637580.0 -1.0 -1.0 -1.0 -1.0 -1.0 -1.0 -1.0 -1.0 -1.0 -1.0
-1.0 -1.0 -1.0 -1.0 -1.0 -1.0 -1.0 6025168.5 6025168.5 6025168.5 6025168.5 6025168.5 6025168.5 6025168.5 6025168.5 6025168.5 6025168.5 6025168.5 6025168.5 6025168.5 6025168.5 6025168.5 6025168.5 6025168.5 6025168.5 6025168.5 6025168.5 7724575.0 7724575.0 7724575.0 7724575.0 7724575.0 7724575.0 7724575.0 7724575.0 6025168.5 6025168.5 6025168.5 6025168.5 6025168.5 6025168.5 4634745.0 4634745.0 4634745.0 4634745.0 4634745.0 4634745.0 4634745.0 4634745.0 4634745.0 4634745.0 4634745.0 4634745.0 4634745.0 4634745.0 4634745.0 4634745.0 4634745.0 4634745.0 4634745.0 4634745.0 4634745.0 4634745.0 4634745.0 4634745.0 -1.0 -1.0 -1.0 -1.0 -1.0 -1.0 -1.0 -1.0 -1.0 -1.0
-1.0 -1.0 -1.0 -1.0 -1.0 -1.0 -1.0 -1.0 6021034.5 6021034.5 6021034.5 6021034.5 6021034.5 6021034.5 6021034.5 6021034.5 6021034.5 6021034.5 6021034.5 6021034.5 6021034.5 6021034.5 6021034.5 6021034.5 6021034.5 6021034.5 6021034.5 6021034.5 6021034.5 7719275.0 7719275.0 7719275.0 7719275.0 7719275.0 6021034.5 6021034.5 6021034.5 6021034.5 6021034.5 6021034.5 4631565.0 4631565.0 4631565.0 4631565.0 4631565.0 4631565.0 4631565.0 4631565.0 4631565.0 4631565.0 4631565.0 4631565.0 4631565.0 4631565.0 4631565.0 4631565.0 4631565.0 4631565.0 4631565.0 4631565.0 4631565.0 7719275.0 6021034.5 4631565.0 4631565.0 -1.0 -1.0 -1.0 -1.0 -1.0 -1.0 -1.0 -1.0 -1.0 -1.0
-1.0 -1.0 -1.0 -1.0 -1.0 -1.0 -1.0 -1.0 -1.0 4628025.0 6016432.5 6016432.5 6016432.5 6016432.5 6016432.5 6016432.5 6016432.5 6016432.5 6016432.5 6016432.5 6016432.5 6016432.5 6016432.5 6016432.5 6016432.5 6016432.5 6016432.5 6016432.5 6016432.5 6016432.5 6016432.5 6016432.5 6016432.5 6016432.5 6016432.5 6016432.5 6016432.5 6016432.5 4628025.0 4628025.0 4628025.0 4628025.0 4628025.0 4628025.0 4628025.0 4628025.0 4628025.0 4628025.0 4628025.0 4628025.0 4628025.0 4628025.0 4628025.0 4628025.0 4628025.0 2314012.5 4628025.0 4628025.0 4628025.0 4628025.0 4628025.0 4628025.0 4628025.0 4628025.0 4628025.0 -1.0 -1.0 -1.0 -1.0 -1.0 -1.0 -1.0 -1.0 -1.0 -1.0
-1.0 -1.0 -1.0 -1.0 -1.0 -1.0 -1.0 -1.0 -1.0 4624140.0 4624140.0 6011382.0 6011382.0 6011382.0 6011382.0 6011382.0 6011382.0 6011382.0 6011382.0 6011382.0 6011382.0 6011382.0 6011382.0 6011382.0 6011382.0 6011382.0 6011382.0 6011382.0 6011382.0 6011382.0 6011382.0 6011382.0 6011382.0 6011382.0 6011382.0 6011382.0 6011382.0 4624140.0 4624140.0 4624140.0 4624140.0 4624140.0 4624140.0 4624140.0 4624140.0 4624140.0 4624140.0 4624140.0 4624140.0 4624140.0 4624140.0 4624140.0 4624140.0 4624140.0 4624140.0 2312070.0 2312070.0 4624140.0 4624140.0 4624140.0 4624140.0 6011382.0 4624140.0 4624140.0 -1.0 -1.0 -1.0 -1.0 -1.0 -1.0 -1.0 -1.0 -1.0 -1.0 -1.0
-1.0 -1.0 -1.0 -1.0 -1.0 -1.0 -1.0 -1.0 -1.0 4619910.0 4619910.0 6005883.0 6005883.0 6005883.0 6005883.0 6005883.0 4619910.0 4619910.0 6005883.0 6005883.0 6005883.0 6005883.0 6005883.0 6005883.0 6005883.0 6005883.0 6005883.0 6005883.0 6005883.0 6005883.0 6005883.0 6005883.0 6005883.0 6005883.0 6005883.0 6005883.0 4619910.0 4619910.0 4619910.0 4619910.0 4619910.0 4619910.0 4619910.0 4619910.0 4619910.0 4619910.0 4619910.0 4619910.0 4619910.0 4619910.0 4619910.0 4619910.0 4619910.0 4619910.0 4619910.0 2309955.0 2309955.0 4619910.0 4619910.0 4619910.0 4619910.0 4619910.0 4619910.0 4619910.0 4619910.0 -1.0 -1.0 -1.0 -1.0 -1.0 -1.0 -1.0 -1.0 -1.0 -1.0
-1.0 -1.0 -1.0 -1.0 -1.0 -1.0 -1.0 -1.0 -1.0 -1.0 4615320.0 4615320.0 4615320.0 4615320.0 4615320.0 4615320.0 4615320.0 4615320.0 4615320.0 5999916.0 5999916.0 4615320.0 5999916.0 5999916.0 5999916.0 5999916.0 5999916.0 5999916.0 5999916.0 5999916.0 5999916.0 5999916.0 5999916.0 5999916.0 4615320.0 4615320.0 4615320.0 4615320.0 4615320.0 4615320.0 4615320.0 4615320.0 4615320.0 4615320.0 4615320.0 4615320.0 4615320.0 4615320.0 4615320.0 4615320.0 4615320.0 4615320.0 4615320.0 4615320.0 2307660.0 2307660.0 4615320.0 4615320.0 4615320.0 4615320.0 4615320.0 4615320.0 4615320.0 4615320.0 -1.0 -1.0 -1.0 -1.0 -1.0 -1.0 -1.0 -1.0 -1.0 -1.0 -1.0
-1.0 -1.0 -1.0 -1.0 -1.0 -1.0 -1.0 -1.0 -1.0 -1.0 4610370.0 4610370.0 4610370.0 4610370.0 4610370.0 4610370.0 4610370.0 4610370.0 4610370.0 4610370.0 4610370.0 4610370.0 4610370.0 4610370.0 4610370.0 4610370.0 5993481.0 5993481.0 5993481.0 5993481.0 5993481.0 5993481.0 5993481.0 4610370.0 4610370.0 4610370.0 4610370.0 4610370.0 4610370.0 4610370.0 4610370.0 4610370.0 4610370.0 4610370.0 4610370.0 4610370.0 4610370.0 4610370.0 4610370.0 4610370.0 4610370.0 4610370.0 4610370.0 4610370.0 2305185.0 4610370.0 4610370.0 4610370.0 4610370.0 4610370.0 4610370.0 4610370.0 4610370.0 4610370.0 -1.0 -1.0 -1.0 -1.0 -1.0 -1.0 -1.0 -1.0 -1.0 -1.0 -1.0
-1.0 -1.0 -1.0 -1.0 -1.0 -1.0 -1.0 -1.0 -1.0 -1.0 -1.0 4605075.0 4605075.0 4605075.0 4605075.0 4605075.0 4605075.0 4605075.0 4605075.0 4605075.0 4605075.0 4605075.0 4605075.0 4605075.0 4605075.0 4605075.0 4605075.0 4605075.0 4605075.0 4605075.0 4605075.0 4605075.0 4605075.0 4605075.0 4605075.0 4605075.0 4605075.0 4605075.0 4605075.0 4605075.0 4605075.0 4605075.0 4605075.0 4605075.0 4605075.0 4605075.0 4605075.0 4605075.0 4605075.0 4605075.0 4605075.0 4605075.0 4605075.0 4605075.0 4605075.0 4605075.0 4605075.0 4605075.0 4605075.0 4605075.0 4605075.0 4605075.0 4605075.0 4605075.0 4605075.0 -1.0 -1.0 -1.0 -1.0 -1.0 -1.0 -1.0 -1.0 -1.0 -1.0
-1.0 -1.0 -1.0 -1.0 -1.0 -1.0 -1.0 -1.0 -1.0 -1.0 -1.0 4599435.0 4599435.0 4599435.0 4599435.0 4599435.0 4599435.0 4599435.0 4599435.0 4599435.0 4599435.0 4599435.0 4599435.0 4599435.0 4599435.0 4599435.0 4599435.0 4599435.0 4599435.0 4599435.0 4599435.0 4599435.0 4599435.0 4599435.0 4599435.0 4599435.0 4599435.0 4599435.0 4599435.0 4599435.0 4599435.0 4599435.0 4599435.0 4599435.0 4599435.0 4599435.0 4599435.0 4599435.0 4599435.0 4599435.0 4599435.0 4599435.0 4599435.0 4599435.0 4599435.0 2299717.5 2299717.5 4599435.0 4599435.0 4599435.0 4599435.0 4599435.0 4599435.0 4599435.0 -1.0 -1.0 -1.0 -1.0 -1.0 -1.0 -1.0 -1.0 -1.0 -1.0 -1.0
-1.0 -1.0 -1.0 -1.0 -1.0 -1.0 -1.0 -1.0 -1.0 -1.0 -1.0 2296717.5 4593435.0 4593435.0 4593435.0 4593435.0 4593435.0 4593435.0 4593435.0 4593435.0 4593435.0 4593435.0 4593435.0 4593435.0 4593435.0 4593435.0 4593435.0 4593435.0 4593435.0 4593435.0 4593435.0 4593435.0 4593435.0 4593435.0 4593435.0 4593435.0 4593435.0 4593435.0 4593435.0 4593435.0 4593435.0 4593435.0 4593435.0 4593435.0 4593435.0 4593435.0 4593435.0 4593435.0 4593435.0 4593435.0 4593435.0 4593435.0 4593435.0 4593435.0 4593435.0 4593435.0 4593435.0 4593435.0 4593435.0 4593435.0 4593435.0 4593435.0 4593435.0 4593435.0 -1.0 -1.0 -1.0 -1.0 -1.0 -1.0 -1.0 -1.0 -1.0 -1.0 -1.0
-1.0 -1.0 -1.0 -1.0 -1.0 -1.0 -1.0 -1.0 -1.0 -1.0 -1.0 2293545.0 4587090.0 4587090.0 4587090.0 4587090.0 4587090.0 4587090.0 4587090.0 4587090.0 4587090.0 4587090.0 4587090.0 4587090.0 4587090.0 4587090.0 4587090.0 4587090.0 4587090.0 4587090.0 4587090.0 4587090.0 4587090.0 4587090.0 4587090.0 4587090.0 4587090.0 4587090.0 4587090.0 4587090.0 4587090.0 4587090.0 4587090.0 4587090.0 4587090.0 4587090.0 4587090.0 4587090.0 4587090.0 4587090.0 4587090.0 2293545.0 4587090.0 2293545.0 2293545.0 4587090.0 4587090.0 4587090.0 4587090.0 4587090.0 4587090.0 4587090.0 4587090.0 4587090.0 4587090.0 -1.0 -1.0 -1.0 -1.0 -1.0 -1.0 -1.0 -1.0 -1.0 -1.0
-1.0 -1.0 -1.0 -1.0 -1.0 -1.0 -1.0 -1.0 -1.0 -1.0 -1.0 2290200.0 4580400.0 4580400.0 4580400.0 4580400.0 4580400.0 4580400.0 4580400.0 4580400.0 4580400.0 4580400.0 4580400.0 4580400.0 4580400.0 4580400.0 4580400.0 4580400.0 4580400.0 4580400.0 4580400.0 4580400.0 4580400.0 4580400.0 4580400.0 4580400.0 4580400.0 4580400.0 4580400.0 4580400.0 4580400.0 4580400.0 4580400.0 4580400.0 4580400.0 4580400.0 4580400.0 4580400.0 4580400.0 4580400.0 4580400.0 2290200.0 4580400.0 4580400.0 2290200.0 2290200.0 4580400.0 4580400.0 4580400.0 4580400.0 4580400.0 4580400.0 4580400.0 4580400.0 4580400.0 -1.0 -1.0 -1.0 -1.0 -1.0 -1.0 -1.0 -1.0 -1.0 -1.0
-1.0 -1.0 -1.0 -1.0 -1.0 -1.0 -1.0 -1.0 -1.0 -1.0 -1.0 4573350.0 4573350.0 4573350.0 4573350.0 4573350.0 4573350.0 4573350.0 4573350.0 4573350.0 4573350.0 4573350.0 4573350.0 4573350.0 4573350.0 4573350.0 4573350.0 4573350.0 4573350.0 4573350.0 4573350.0 4573350.0 4573350.0 4573350.0 4573350.0 4573350.0 4573350.0 4573350.0 4573350.0 4573350.0 4573350.0 4573350.0 4573350.0 4573350.0 4573350.0 4573350.0 4573350.0 4573350.0 4573350.0 4573350.0 4573350.0 2286675.0 4573350.0 4573350.0 4573350.0 4573350.0 4573350.0 4573350.0 4573350.0 4573350.0 4573350.0 4573350.0 4573350.0 4573350.0 4573350.0 4573350.0 -1.0 -1.0 -1.0 -1.0 -1.0 -1.0 -1.0 -1.0 -1.0
-1.0 -1.0 -1.0 -1.0 -1.0 -1.0 -1.0 -1.0 -1.0 -1.0 -1.0 -1.0 4565955.0 4565955.0 4565955.0 4565955.0 4565955.0 4565955.0 4565955.0 4565955.0 4565955.0 4565955.0 4565955.0 4565955.0 4565955.0 4565955.0 4565955.0 4565955.0 4565955.0 4565955.0 4565955.0 4565955.0 4565955.0 4565955.0 4565955.0 4565955.0 4565955.0 4565955.0 4565955.0 4565955.0 4565955.0 4565955.0 4565955.0 4565955.0 5935741.5 4565955.0 4565955.0 4565955.0 4565955.0 4565955.0 4565955.0 4565955.0 2282977.5 4565955.0 4565955.0 4565955.0 4565955.0 4565955.0 4565955.0 4565955.0 4565955.0 4565955.0 4565955.0 4565955.0 4565955.0 4565955.0 4565955.0 -1.0 -1.0 -1.0 -1.0 -1.0 -1.0 -1.0 -1.0
-1.0 -1.0 -1.0 -1.0 -1.0 -1.0 -1.0 -1.0 -1.0 -1.0 -1.0 -1.0 4558230.0 4558230.0 4558230.0 4558230.0 4558230.0 4558230.0 4558230.0 4558230.0 4558230.0 4558230.0 4558230.0 4558230.0 4558230.0 4558230.0 4558230.0 4558230.0 4558230.0 4558230.0 4558230.0 4558230.0 4558230.0 4558230.0 4558230.0 4558230.0 4558230.0 4558230.0 4558230.0 4558230.0 4558230.0 4558230.0 4558230.0 4558230.0 4558230.0 5925699.0 4558230.0 4558230.0 4558230.0 4558230.0 4558230.0 4558230.0 4558230.0 4558230.0 4558230.0 4558230.0 4558230.0 4558230.0 4558230.0 4558230.0 4558230.0 4558230.0 4558230.0 4558230.0 4558230.0 4558230.0 4558230.0 -1.0 -1.0 -1.0 -1.0 5925699.0 -1.0 -1.0 -1.0
-1.0 -1.0 -1.0 -1.0 -1.0 -1.0 -1.0 -1.0 -1.0 -1.0 -1.0 -1.0 2275072.5 4550145.0 4550145.0 4550145.0 4550145.0 4550145.0 4550145.0 4550145.0 4550145.0 4550145.0 4550145.0 4550145.0 4550145.0 4550145.0 4550145.0 4550145.0 4550145.0 4550145.0 4550145.0 4550145.0 4550145.0 4550145.0 4550145.0 4550145.0 4550145.0 4550145.0 4550145.0 4550145.0 4550145.0 4550145.0 4550145.0 4550145.0 5915188.5 5915188.5 4550145.0 4550145.0 4550145.0 4550145.0 4550145.0 4550145.0 2275072.5 4550145.0 4550145.0 4550145.0 4550145.0 4550145.0 4550145.0 4550145.0 4550145.0 4550145.0 4550145.0 4550145.0 4550145.0 4550145.0 -1.0 -1.0 -1.0 -1.0 -1.0 5915188.5 -1.0 -1.0 -1.0
