critload/trunk/output/1999/ndep_ag.asc
ncols 720
nrows 360
xllcorner -180
yllcorner -90
cellsize 0.5
NODATA_value -1.0
[rows 62 to 92 of 360, columns 142 to 212 of 720]
0.0 154.20245517480598 0.0 0.0 0.0 0.0 651.0921901326482 0.0 0.0 0.0 0.0 0.0 0.0 0.0 0.0 0.0 0.0 0.0 0.0 0.0 0.0 0.0 0.0 0.0 0.0 0.0 0.0 0.0 0.0 0.0 0.0 0.0 -1.0 -1.0 -1.0 -1.0 -1.0 -1.0 -1.0 -1.0 -1.0 -1.0 -1.0 -1.0 -1.0 -1.0 -1.0 -1.0 -1.0 -1.0 -1.0 -1.0 -1.0 -1.0 -1.0 -1.0 -1.0 -1.0 -1.0 -1.0 0.0 0.0 0.0 0.0 0.0 0.0 0.0 0.0 0.0 0.0 0.0
0.0 0.0 0.0 0.0 0.0 0.0 0.0 1639.2860804833688 0.0 0.0 0.0 0.0 0.0 0.0 0.0 0.0 0.0 0.0 0.0 0.0 0.0 0.0 0.0 0.0 0.0 0.0 0.0 0.0 0.0 0.0 0.0 0.0 0.0 -1.0 -1.0 -1.0 -1.0 -1.0 -1.0 -1.0 -1.0 -1.0 -1.0 -1.0 -1.0 -1.0 -1.0 -1.0 -1.0 -1.0 -1.0 -1.0 -1.0 -1.0 -1.0 -1.0 -1.0 -1.0 -1.0 -1.0 -1.0 0.0 0.0 0.0 0.0 0.0 0.0 0.0 0.0 0.0 0.0
4985.651198591985 5765.9062429602445 5814.3589970552885 3999.390205890611 4055.6182450578185 4603.008299242373 0.0 0.0 0.0 0.0 0.0 0.0 0.0 0.0 0.0 0.0 0.0 0.0 0.0 0.0 0.0 0.0 0.0 0.0 0.0 0.0 0.0 0.0 0.0 0.0 0.0 0.0 0.0 -1.0 -1.0 -1.0 -1.0 -1.0 -1.0 -1.0 -1.0 -1.0 -1.0 -1.0 -1.0 -1.0 -1.0 -1.0 -1.0 -1.0 -1.0 -1.0 -1.0 -1.0 -1.0 -1.0 -1.0 -1.0 -1.0 -1.0 -1.0 -1.0 -1.0 0.0 0.0 0.0 0.0 0.0 0.0 0.0 0.0
0.0 5831.884818493586 3994.218211250293 4553.355725907169 1369.1008295807014 787.1036976281814 0.0 0.0 0.0 0.0 0.0 0.0 0.0 0.0 0.0 0.0 0.0 0.0 0.0 0.0 818.423029792471 0.0 0.0 0.0 0.0 0.0 0.0 0.0 0.0 0.0 0.0 0.0 0.0 0.0 0.0 0.0 0.0 0.0 -1.0 -1.0 -1.0 -1.0 -1.0 -1.0 -1.0 -1.0 -1.0 -1.0 -1.0 -1.0 -1.0 -1.0 -1.0 -1.0 -1.0 -1.0 -1.0 -1.0 -1.0 -1.0 -1.0 -1.0 -1.0 -1.0 0.0 0.0 0.0 0.0 0.0 0.0 0.0
5562.837258477384 0.0 1151.3071033301671 0.0 0.0 7583.160105517112 4315.018346399859 0.0 0.0 0.0 0.0 0.0 0.0 0.0 0.0 0.0 0.0 2143.1645992919644 0.0 1155.4370380869263 973.5289032004246 0.0 0.0 0.0 0.0 315.3870711504529 0.0 0.0 0.0 0.0 0.0 0.0 0.0 0.0 0.0 0.0 0.0 0.0 0.0 0.0 0.0 0.0 -1.0 -1.0 -1.0 -1.0 -1.0 -1.0 -1.0 -1.0 -1.0 -1.0 -1.0 -1.0 -1.0 -1.0 -1.0 -1.0 0.0 0.0 -1.0 -1.0 -1.0 -1.0 -1.0 0.0 0.0 0.0 0.0 0.0 0.0
2224.969466534029 593.8623312315079 6272.615436306825 13961.921485357589 0.0 0.0 0.0 0.0 0.0 0.0 0.0 0.0 0.0 0.0 0.0 0.0 0.0 0.0 0.0 0.0 0.0 0.0 0.0 0.0 0.0 0.0 0.0 0.0 0.0 0.0 0.0 0.0 0.0 0.0 0.0 0.0 0.0 0.0 0.0 0.0 0.0 0.0 0.0 -1.0 -1.0 -1.0 -1.0 -1.0 -1.0 -1.0 -1.0 -1.0 -1.0 -1.0 -1.0 -1.0 -1.0 -1.0 0.0 0.0 0.0 -1.0 -1.0 -1.0 0.0 0.0 0.0 0.0 0.0 0.0 0.0
2556.35884111685 1777.4531699187921 6177.735058339103 0.0 0.0 1975.5490131805452 9472.534825211404 0.0 0.0 0.0 0.0 601.0860464986165 0.0 0.0 0.0 0.0 0.0 0.0 0.0 0.0 0.0 0.0 0.0 0.0 0.0 0.0 0.0 0.0 0.0 0.0 0.0 0.0 0.0 0.0 0.0 0.0 0.0 0.0 0.0 0.0 0.0 0.0 0.0 0.0 0.0 0.0 0.0 -1.0 -1.0 -1.0 -1.0 -1.0 -1.0 -1.0 -1.0 -1.0 -1.0 -1.0 0.0 0.0 -1.0 -1.0 -1.0 0.0 0.0 0.0 0.0 0.0 0.0 0.0 0.0
9540.077527254733 0.0 9140.273710325977 2103.3503100923313 2653.1803504352993 2286.8875599347066 0.0 2241.260582328639 1337.3684963846674 0.0 0.0 0.0 0.0 0.0 0.0 0.0 0.0 0.0 0.0 0.0 0.0 0.0 0.0 0.0 0.0 0.0 0.0 0.0 0.0 0.0 0.0 0.0 0.0 0.0 0.0 0.0 0.0 0.0 0.0 0.0 0.0 0.0 0.0 0.0 0.0 0.0 0.0 0.0 0.0 0.0 0.0 0.0 0.0 0.0 -1.0 -1.0 -1.0 -1.0 -1.0 -1.0 -1.0 0.0 0.0 0.0 0.0 0.0 0.0 0.0 0.0 0.0 0.0
0.0 0.0 0.0 2960.227435457751 828.5071573391131 0.0 0.0 1015.1433942453532 6823.722102050624 0.0 1547.913021354569 984.8737144965893 0.0 0.0 0.0 0.0 0.0 0.0 0.0 0.0 0.0 0.0 0.0 0.0 0.0 0.0 0.0 0.0 0.0 0.0 0.0 0.0 0.0 0.0 0.0 0.0 0.0 0.0 0.0 0.0 0.0 0.0 0.0 0.0 0.0 0.0 0.0 0.0 0.0 0.0 0.0 0.0 0.0 0.0 -1.0 -1.0 -1.0 -1.0 0.0 0.0 0.0 0.0 0.0 0.0 0.0 0.0 0.0 0.0 0.0 0.0 0.0
138848.868493608 133801.16461764777 24223.218945141743 0.0 0.0 0.0 15813.189198783704 0.0 0.0 13837.437600349533 0.0 0.0 13812.526323587423 707.3575530951849 7342.55550477306 11331.93476646345 21107.2382051877 34300.06042821152 41141.39003376381 49461.59144965092 9670.517139628497 1403.8175646578854 0.0 0.0 0.0 0.0 0.0 0.0 0.0 0.0 0.0 0.0 0.0 0.0 0.0 0.0 7439.9637339025485 0.0 0.0 0.0 0.0 0.0 0.0 0.0 0.0 0.0 0.0 0.0 0.0 0.0 0.0 0.0 0.0 0.0 -1.0 -1.0 -1.0 -1.0 -1.0 0.0 0.0 0.0 0.0 0.0 0.0 0.0 0.0 0.0 0.0 0.0 0.0
222685.54653564285 55475.70278211939 114665.56379495049 152675.4028067184 176133.00125314665 56460.478282486205 93818.32047867878 38823.2991568183 37747.86130458991 75495.7232380248 26186.872183517247 4718.488270239885 69144.31226085781 37810.830270846425 78146.41855864174 105729.04672273973 116091.88169829667 31572.114878819924 20206.162301914246 8759.500319038783 4243.734324301984 4762.198975215827 1856.7493510507038 0.0 0.0 7171.725468924069 3753.577658994397 0.0 207.9526551070692 388.0350695013591 0.0 0.0 0.0 537.5068408070623 0.0 0.0 2039.3857862007646 851.3024726139016 0.0 0.0 0.0 0.0 0.0 0.0 0.0 0.0 0.0 0.0 0.0 0.0 0.0 0.0 0.0 0.0 -1.0 -1.0 -1.0 -1.0 -1.0 0.0 0.0 0.0 0.0 0.0 0.0 0.0 0.0 0.0 0.0 0.0 0.0
481057.6808253547 366407.13325653895 397138.92098789616 475711.60151306906 416819.4333392118 378459.11012027814 430204.97397654183 426355.1270435693 266278.9299707098 359726.5704916817 435252.27521389676 122844.48984838702 0.0 0.0 0.0 0.0 7844.976703680025 713.7798546860319 12938.384146496623 32246.764631225582 0.0 -1.0 1639.6329724274626 941.1949055819696 0.0 0.0 0.0 0.0 0.0 0.0 0.0 0.0 0.0 0.0 0.0 0.0 0.0 0.0 0.0 0.0 0.0 0.0 0.0 0.0 0.0 0.0 0.0 0.0 0.0 0.0 0.0 0.0 0.0 0.0 0.0 0.0 0.0 0.0 -1.0 0.0 0.0 0.0 0.0 0.0 0.0 0.0 0.0 0.0 0.0 0.0 0.0
638270.9092616779 484030.82605334156 232579.1150505828 271434.13893307245 583486.3538581996 451798.08143051586 618051.9113163797 515236.08098012616 865434.4299816638 520650.41055335634 344500.9416610907 247687.1692109743 116521.71027288855 75399.05865717247 0.0 4388.059412808661 13261.94728316245 14896.78788304035 17119.04939239037 0.0 14432.375287374376 -1.0 -1.0 0.0 0.0 0.0 0.0 10563.052619540904 8995.1942968416 7398.607880177788 0.0 0.0 0.0 0.0 0.0 0.0 0.0 0.0 0.0 2007.0407378186198 0.0 0.0 0.0 0.0 0.0 0.0 0.0 0.0 0.0 0.0 0.0 0.0 0.0 0.0 0.0 0.0 0.0 -1.0 -1.0 -1.0 0.0 0.0 0.0 0.0 0.0 0.0 0.0 0.0 0.0 0.0 0.0
215671.08925163405 577310.9812086197 554160.6783548519 620027.0583059975 803158.2554827875 731901.4560094416 636851.7986631681 560279.4536589583 3488478.792842673 2839709.161081249 554991.5418515439 303328.79082736606 157478.16628376674 118218.92332257789 89510.115350886 214272.68210727698 99114.97750604551 25304.21665437337 22494.016281170734 13292.386735838809 10823.852455075794 4939.639650426631 5642.073714572977 6077.396060621074 0.0 0.0 20194.08983597902 7795.687912956292 0.0 0.0 0.0 0.0 0.0 0.0 0.0 0.0 4403.897442504819 11367.413677066364 0.0 0.0 0.0 0.0 0.0 0.0 0.0 0.0 0.0 0.0 0.0 0.0 0.0 0.0 0.0 0.0 11000.920941667255 0.0 -1.0 -1.0 -1.0 0.0 0.0 0.0 0.0 0.0 0.0 0.0 0.0 0.0 0.0 0.0 0.0
531149.181555067 578299.7620894697 666324.690374689 711152.1262431033 746183.5665349441 862938.4156461154 839758.6847660271 895056.8035191286 665283.2755220215 478034.6580134479 604219.9685680099 580856.3560887162 591267.0503995145 521753.58850489854 351513.92911162943 100641.95800294008 22611.642273838384 183285.48372680793 178422.04602663824 35194.37873455676 76748.71479035994 56186.76824974239 38960.882427450386 66569.34330229677 40924.62549447886 0.0 0.0 0.0 0.0 0.0 0.0 0.0 0.0 0.0 0.0 0.0 6415.568792860682 0.0 0.0 0.0 0.0 0.0 0.0 0.0 0.0 0.0 0.0 0.0 0.0 0.0 0.0 0.0 0.0 0.0 0.0 0.0 0.0 -1.0 0.0 0.0 0.0 0.0 0.0 0.0 0.0 0.0 0.0 0.0 0.0 0.0 0.0
629152.2235059164 3738886.694007362 624466.2138603219 674082.5256368966 693923.5867325333 757164.2972424071 830190.6967969127 763842.3564038761 801789.3922355053 721242.8917094092 654264.7097880916 545731.847590392 607411.1337650035 630656.739177438 535560.6494948211 381013.9128878144 274289.2761195996 365205.45148833765 323278.68026002153 411629.31577381847 199310.50977997744 327262.48689782905 472263.3445714074 425717.3845168961 73383.24658956015 29098.881398525726 0.0 0.0 0.0 0.0 21018.346528400853 114.59548236634336 0.0 3581.2791772978726 0.0 0.0 0.0 2003.9777170016262 0.0 0.0 0.0 0.0 0.0 0.0 0.0 0.0 0.0 0.0 0.0 0.0 0.0 0.0 0.0 0.0 0.0 0.0 0.0 0.0 0.0 0.0 0.0 0.0 0.0 0.0 0.0 0.0 0.0 0.0 0.0 0.0 0.0
612649.7512054513 634670.8814118808 576628.4063752644 608894.154312385 687185.4945469435 705135.9791105019 715895.0841160746 872911.2476900325 983502.5096935389 898970.39556386 896496.63432809 768829.2000918143 550840.8467974865 2451669.0869695055 615457.5326515706 641444.8979931229 501476.2206678268 251595.90992338155 186907.1669011978 682629.1483989796 381815.5805888141 402036.54506850865 746909.5532057387 738173.5244073281 75063.74644307431 130293.96442243639 22945.382004120835 16582.750790392867 0.0 0.0 3898.628538972136 12392.103074711351 0.0 0.0 0.0 4739.9104511683645 3750.650237362102 0.0 0.0 0.0 0.0 0.0 0.0 0.0 0.0 0.0 0.0 0.0 0.0 0.0 0.0 0.0 0.0 0.0 0.0 0.0 0.0 0.0 0.0 0.0 0.0 0.0 0.0 575.074823265596 0.0 0.0 0.0 0.0 0.0 0.0 0.0
595169.4287044726 595728.3829074441 672064.665185378 622420.1967778318 668519.0467097402 668196.7022243558 724378.3645942762 861623.913964713 1040628.8796691328 1003764.2201171784 809508.872971942 779140.7407872702 731932.9007667876 676294.2349969128 678943.012475901 708277.2480075803 748383.1042406178 742980.3087438971 669327.8587590901 763062.5929274859 712293.1821367501 321154.0089082498 828722.419056698 982994.4770009447 718723.7603262739 594825.8255820579 166909.8255732897 0.0 21716.803888452934 0.0 26006.317510998095 15690.947777499277 331.38336223165135 0.0 0.0 0.0 0.0 3677.904434378306 0.0 0.0 1928.3746162264224 564.834671582825 0.0 0.0 0.0 0.0 0.0 0.0 0.0 0.0 0.0 0.0 0.0 0.0 0.0 0.0 0.0 0.0 0.0 0.0 0.0 0.0 0.0 0.0 0.0 0.0 0.0 0.0 0.0 0.0 0.0
600657.3806508919 625444.1817025808 676535.4699879321 704057.2474404152 720059.7420639809 692776.5158316805 720975.0956084264 577949.9917699915 408551.05794022896 769352.5018120994 498238.4431884682 906892.9759834805 96590.29879059824 773281.4064388822 3123420.2733491627 885856.3937375669 943196.2023373287 944350.8424198893 984524.9159208336 845599.761077429 1025469.1209217726 1237437.2253555744 1267093.094184918 1151121.0401025128 1186143.9695153034 463063.62485150166 202214.73197264937 22779.343534817952 19127.16515319052 51279.77245893141 0.0 72802.99766986328 84726.37511163845 12913.886330218336 12286.693996581484 11264.01766137619 0.0 0.0 0.0 7446.593776082938 0.0 7174.978102186652 0.0 0.0 0.0 0.0 0.0 0.0 0.0 0.0 0.0 0.0 0.0 0.0 0.0 0.0 0.0 0.0 0.0 0.0 0.0 0.0 20305.48664391938 34721.226144913846 40008.523193782836 0.0 0.0 0.0 0.0 0.0 0.0
2998410.686363853 632235.7962204427 547022.2247649691 682878.7724990201 615387.1183203493 644211.8276676928 612107.0827082078 349641.96505122475 567504.108601439 166939.2040693054 286407.3154470674 681644.9663437308 903014.1490778694 877470.8673509314 357401.4277480182 993818.4483571368 988819.0539208604 799582.8025945588 895142.3491886972 930966.0243401733 1056944.1769839635 1071133.974627296 1278438.5334834093 1278545.978271453 1035404.6778705497 400991.4468279969 172363.84464747558 33180.52589601371 14922.729049958822 105720.18502382544 45962.98045265108 0.0 0.0 0.0 24495.67668128403 4315.200878042663 0.0 0.0 0.0 0.0 16381.691878106745 45900.27201263477 0.0 0.0 0.0 0.0 18008.884678324364 0.0 0.0 0.0 0.0 0.0 18976.662512178224 56705.76346405954 19062.695826222698 38286.22733590147 30950.64593372518 0.0 19541.582978821418 12824.608553168095 0.0 19922.539863176313 0.0 0.0 15513.691121511578 0.0 0.0 0.0 0.0 0.0 0.0
772141.5331672971 805492.2246522126 816840.8403735444 815920.2678589423 937800.3507871768 737390.3876181674 838247.8131300526 837818.2020448744 972892.9310735903 857038.7042894356 706364.7199970259 627555.3627209589 756559.8639639717 834863.907909394 0.0 87167.89873356167 450550.4411701781 620532.4615970263 354257.72962152 0.0 55442.97338245285 46420.06995460583 9346.508955389356 0.0 472922.7685839628 131419.39744866977 115433.09913608345 7383.969268827256 244175.31244406776 263935.17513451795 400629.31457309646 126732.56028954053 108841.92669931482 114359.91066578198 32477.659509308553 14087.407151833804 26001.098410592916 0.0 25162.352712795913 24309.412872426215 67222.0076566097 39916.05855692621 0.0 30721.861428098884 0.0 34277.82857469587 0.0 0.0 0.0 0.0 17462.47345633634 0.0 0.0 0.0 0.0 24263.6982213785 162737.40296920596 150440.3597585037 26539.932298366464 480444.3444695116 59065.81643658983 126884.40899647957 48399.00177370567 0.0 0.0 0.0 0.0 0.0 5342.813379567987 0.0 0.0
877663.663316735 845879.606608583 921999.9226265618 1055476.4053119135 1014110.0214305901 1049716.5858589353 992831.2100264344 1103342.9130949506 1218564.310572412 1335742.268044478 944807.4776608441 967872.4983571821 966854.8556840059 882054.7903259136 874014.6777547605 202591.31010230837 1008647.9869670493 689054.2922078688 540529.3413446037 637282.4066479469 754250.5225173528 140558.49078156572 236444.37777033768 660691.924842351 204941.33289958898 378307.50586315396 327587.27204902004 38859.802861523705 10458.684968481357 0.0 41463.95774149354 0.0 32157.416224047083 61770.2037882547 0.0 0.0 0.0 0.0 100939.15731987472 145879.23126533686 0.0 -1.0 -1.0 -1.0 -1.0 0.0 24291.111305875915 72242.64661427746 95243.24587599136 8936.188858374291 3966.6930902336903 0.0 0.0 2096.843071238045 0.0 65365.9065566759 5154.296368891394 73791.78449144706 9405.501560987057 224769.72491049394 193844.6648516125 208508.6591830692 247003.6694241095 81979.98747803885 5361.583449439201 0.0 0.0 9497.97724239328 0.0 0.0 0.0
869229.1206988922 869925.327073369 1017484.0384961596 1079645.576609904 1044095.4583624618 1140248.548141013 1396603.2313385066 1396603.2247127537 1208547.9428175846 1326183.9264558067 1163138.9676887349 1375684.219251982 1258759.6497420918 914267.6544173717 451998.76715400215 539783.9272950577 709391.9560765609 1197868.8161936146 100333.16866708206 907646.7060261582 925887.9301888859 425095.6608185861 757990.4974369175 889408.3009759627 756354.2601390348 709560.8503065582 592864.9227197154 361940.8663887703 427642.97649842146 102348.55022063034 8119.31324574609 0.0 30248.672615703184 192071.55650421735 0.0 0.0 0.0 0.0 0.0 0.0 0.0 -1.0 -1.0 -1.0 -1.0 -1.0 0.0 4447.704404306202 81220.94683057586 11110.288683301205 11144.288397510367 11931.2016858099 0.0 0.0 0.0 0.0 29955.158053960957 91834.57359151212 493460.21596388385 279228.6615628504 38898.43111255126 31713.56897330838 6537.874079806607 6496.073452091865 0.0 0.0 7013.577374190374 0.0 7332.321383613084 19304.949289509255 0.0
909167.3502755633 909710.1122357 974496.4070116883 1105626.3524182418 1271687.5990325054 1271687.5990325054 1409968.1985023117 1409968.200034433 1460662.2992768309 1464292.7656488686 1747567.5016683051 1445448.915167774 1406014.4892437458 1316009.7632375245 1181987.1130999855 1001910.142292438 756667.145679394 907435.5873472226 968897.5615628144 658538.8026134259 854544.7548290167 652537.3237932421 659129.7072679616 616025.4056320074 308313.8013812421 519298.4934949233 192511.9882251717 401613.6654611529 468534.4758880239 0.0 216023.2289275613 202734.99058353572 0.0 114981.98123976766 0.0 0.0 -1.0 -1.0 -1.0 -1.0 0.0 0.0 0.0 -1.0 -1.0 -1.0 -1.0 -1.0 0.0 24192.869205817122 0.0 0.0 0.0 0.0 0.0 0.0 0.0 16578.366862380906 124004.30143595728 381927.6960251434 59583.87057645626 0.0 0.0 0.0 77908.38863987873 0.0 34909.8487057333 0.0 26391.40176878108 34461.06017234871 65101.70365362441
835734.8209719163 897823.4167868352 1089673.32620722 1154033.9143048385 1231301.8900987227 1231301.8869128404 1333494.9553308422 1333494.9668968949 1488030.8252743427 1487727.1927730169 1595201.7690903852 1348853.2370547284 560850.4691939317 1284522.2503923879 1281978.3010922608 1185413.8385793413 1495606.9207912125 979963.207160715 970340.5771422805 934639.7118535207 941585.7415405671 310004.12933084735 1016322.28567512 1138126.233059617 1234790.2184307217 1119076.939767227 898533.6795360167 836528.6337890849 464690.77410989185 763895.6057061048 357079.43384342274 327888.0725382302 0.0 46537.51164048255 0.0 91467.10412721634 0.0 0.0 28079.5426387272 0.0 0.0 0.0 109472.76748561264 0.0 -1.0 0.0 0.0 0.0 1977.5918060802567 251667.63407821316 0.0 6963.4057978741375 0.0 0.0 15055.786775193568 351874.86407132255 353087.61156584654 40394.20253242977 0.0 54839.7193437947 27390.094364391876 0.0 0.0 0.0 0.0 35698.85676086588 148724.19858212667 246321.13920409646 89764.98008952018 47506.558791408046 182541.97213280236
1092373.6150347954 1124446.5042981624 1132465.4579318399 1164695.1112957476 1241880.9442639495 1242676.9037873733 1341073.825419257 1345814.0609615662 1501777.5527899833 1500704.2901361852 1531918.423053833 1189846.7720332379 1345108.1887088213 1250069.2418176592 1345601.6374929163 1395990.897325318 1646639.2352631255 1302799.2822868999 1032020.8468135853 1091924.9127386545 959765.4995940384 900138.3367194692 966747.6591884671 1026648.1185234187 1041317.8940538409 802883.5931901849 568644.8937476289 787112.7989515215 626385.6263565274 999535.5899176934 209539.69375507016 165729.0644904893 386099.9155142011 0.0 18447.24170616053 54081.14072248885 0.0 79078.12096319179 110055.77363587137 117498.59347798918 123184.2045000273 82081.42804692921 37228.80582024636 0.0 0.0 0.0 0.0 32496.49514503329 124890.87843379375 241642.96951446362 269089.29108866095 190618.93523237522 340774.37876259786 210761.2207919755 412725.13226339576 391851.8621099285 307192.74759265746 164000.22543917235 114735.87437609128 406448.08466786775 78782.75641358795 0.0 31290.304248004715 75584.9230236725 0.0 44277.9283000386 204449.60590623168 135176.12624746366 526816.1853187806 377959.59565689845 505088.72710861225
972680.742090862 991878.4048862258 1168470.2931234846 1169748.3033242472 1161656.3323798913 1231112.3293092372 1444335.7935755907 1444335.8599961258 1449412.6473449487 1449412.6506107864 1796609.2864460575 1880540.1633534285 2004158.3577597 1765069.591171053 1908331.4643543328 2040962.6608409688 1927536.9852431926 1758689.3021833175 1713317.0829672497 1223331.45938579 1121847.8641008907 1252545.307976109 1316033.9155785115 1686185.912616822 1409535.6049228408 580286.8388209785 965870.7846602997 943514.8639320924 1090590.8683686063 2096317.9801280957 1047818.072725054 1100222.1205870456 733807.6723849244 291106.29255951423 641762.7212750504 81856.5501841203 11125.570921590632 0.0 303452.9326718091 413289.18849027954 0.0 104952.57723258337 99486.63360832803 248794.60737998615 0.0 0.0 0.0 0.0 51933.0779416237 0.0 0.0 0.0 0.0 0.0 0.0 3353.9425530121375 120948.1076779195 144287.09323195857 149110.0874721733 320212.87293329363 0.0 0.0 5860.81356699229 953876.0005518332 1199304.4981540479 695577.810649353 996046.9736230627 951983.4131016849 920686.0150614782 3980022.9224114725 1584973.4868306944
926754.6445119829 814674.3597195965 983232.5142928953 1114442.5261729115 1203272.904372544 1242093.4549238393 1416889.155768682 1457218.8630275028 1462340.9334526616 1462340.9369536934 1726624.3478022965 1825038.7837752607 1785029.130962463 1785029.133587316 1905396.9625945992 1903625.6519647653 1793720.727667224 1779284.6728212829 1173072.8426444724 61975.216889197254 1194382.0881272908 1111795.6538583473 1591615.3530603594 1673422.5975648554 1626722.9909015046 956708.4898214292 857378.2206912609 1021301.9083771594 1319876.9131910175 2698924.516429826 3029145.7348386473 1763948.7601101298 2223527.994266454 1037967.3671382002 945704.7372131448 538156.7658637391 391941.6101852715 387823.361385654 474705.3916430588 425474.65577079816 105013.44433381798 325948.4121522925 308461.9974482468 0.0 -1.0 0.0 0.0 373249.34348218376 453589.56508097943 99233.9953979454 246334.6173758204 0.0 -1.0 -1.0 5743.667479912435 234886.1343557032 -1.0 169229.45221636316 357232.9670701602 466643.63435400935 175043.7035954097 99848.6847998451 211236.9792983623 66176.7519633143 390580.33986789593 1682541.4541793999 1881340.9161443762 2089490.4913353056 1995036.2135750442 1781478.3249123162 1688962.0958325411
944206.2715482492 917888.5877634719 358194.94949416624 416126.5779609144 1145992.4166295358 1221978.8209136832 1348568.503012494 1348568.4929131186 1476728.728986134 1307577.2616447841 2016775.206355961 1908017.5847914454 1826509.5088179973 1943100.0979632577 2046207.8740811048 1677536.4215663306 1896496.2729219366 2127803.0193652497 2090247.4801572291 1551922.3273940166 1291616.2982815818 1137527.7930014096 1457383.256798279 1634763.7056668566 1394019.3572078303 898427.4692564725 1420397.7426695076 1055400.0556063831 1276470.9152127106 2089477.0666414928 1974724.9955510197 1496322.5863598213 2594992.4096069885 1258995.6677178943 1360587.00284775 1437588.0743413165 1034389.1682233261 1291327.8014258626 984421.6068118302 686077.2387782049 485190.88006936415 1416814.8784343353 316457.84536447295 0.0 -1.0 0.0 846039.0350429382 795329.9034634504 61993.919508804036 62263.489972201816 244416.94168965003 0.0 -1.0 -1.0 -1.0 715554.5687496108 730048.6360268141 113971.14605485967 1429370.5035107643 1202487.9984568064 818356.8904022748 480667.8420100458 373456.7353572466 731647.8891223088 463914.80062735203 1110431.903038319 2015095.980094457 849559.7559636768 547636.8751790681 964953.0245157719 1034114.5799118761
926587.1667721313 897572.831076898 1019371.1131915766 270704.63540182484 853543.5389100033 1232503.5567891195 1353867.1228285476 1353688.2681649982 1487711.0516700037 1021140.8929375241 657290.3510889077 1856645.0265937499 2102489.1288386723 2074251.3824198428 1643406.5001023184 1530406.356175291 1991605.538307386 2288111.6725604297 2179450.8957840167 1681609.6608541112 1596879.070680013 997311.9214305568 523760.44194914895 1263898.8101728966 1382054.2332307755 734383.6387450873 151749.69283079618 686867.1978503452 1227982.8822774114 1354053.7495533281 1595157.426906251 1395813.258525993 1331904.6081995307 1162912.4196954237 724828.2012920253 1635963.5845218871 693684.1182483529 505777.17234541435 825724.9752417412 885276.0282806089 1532084.0130706632 1645607.6159447487 1528908.2839014789 -1.0 -1.0 478674.0802991628 184133.5370265292 612599.2538423275 138103.52071356995 377059.45609787945 621066.2027702555 0.0 0.0 -1.0 407106.8098764084 1944165.2988185282 1908723.414813735 1904825.342074217 2083114.5124160345 1759689.2423485434 2156183.96100607 1953901.215913898 2302623.6401082906 1952481.680997527 1581022.9888018481 823651.7230281389 0.0 93064.3680642736 0.0 76740.34014457054 0.0
698476.7457117648 965947.8675797972 1108917.6392476228 831667.017856748 1154264.160106715 1221911.576471769 1371694.2462252106 1371694.248700909 1566149.1005808637 1477675.8622127369 1471732.9596424752 1735498.9917642837 1986591.7443111015 1489526.2337398774 2097055.0212164258 2157396.613664234 1494559.4344085397 1948294.5733436923 2100632.844604819 1691664.9595185993 1229337.8906890375 831335.8439852465 898283.8783349274 632706.0737556572 2026667.8137024704 1474694.449871008 1084728.1203613034 550725.4376874669 1221537.7161158486 1426919.3543929397 1707314.0167951642 1601489.807729359 1762148.7027009684 586313.5696966968 1123730.0146760708 676114.0250633131 1303814.910102266 1004058.6882721306 907023.5764198722 1032773.3562421693 1966205.3107517965 1457205.2636503172 704462.2988460547 -1.0 0.0 1181696.6419871089 536364.0055515958 822839.6743921558 1449465.565274839 1173272.4221037992 0.0 1201040.37686044 756759.3097899863 -1.0 1100110.4276613684 2503100.2234814707 2687766.059053797 2632919.5868656547 2043599.4420116544 827129.6617068483 556963.5519203503 310466.3650862697 -1.0 444576.5757393586 -1.0 0.0 882245.4968174397 267528.4174031715 0.0 0.0 0.0
