critload/trunk/output/1999/nero_tot.asc
ncols 720
nrows 360
xllcorner -180
yllcorner -90
cellsize 0.5
NODATA_value -9999
[rows 27 to 53 of 360, columns 120 to 179 of 720]
3606.32354291 3227.85714478 -9999.0 0.0 1842.64140753 -9999.0 183.76273459 1587.89438323 3070.9209265 4449.79145935 5271.17667387 4642.85059169 1330.56774792 2348.47675952 1778.18735342 -9999.0 -9999.0 -9999.0 0.0 521.55187767 1742.54695347 3958.29847807 5519.6469908 1576.44016061 183.73852149 -9999.0 94.2158422723 157.772795209 0.0 -9999.0 0.0 1447.42114128 2792.13388621 3036.25047969 2362.73958471 161.800355407 3175.70217372 4044.15526238 2271.02165485 1623.7272707 5491.24305124 5040.14012237 3933.37270819 6008.25814523 -9999.0 -9999.0 -9999.0 -9999.0 692.025997483 1288.25200546 2150.59283993 2165.63189291 2102.02008207 1277.22296802 4189.65266994 6483.16233799 7199.79610867 4875.23981538 4073.03973521 1194.06945976
-9999.0 593.089362084 3738.67092701 4403.82234254 567.638738778 225.123535419 2759.4061273 4831.82688135 4239.1227304 6882.00598045 7310.46544413 6631.77824758 6800.62628085 6157.64390398 7174.90978644 7597.93843478 3208.99380395 540.184408606 323.929480847 -9999.0 419.622163035 1645.2348921 5455.0969329 8047.62633236 4351.19380212 3437.06818927 4404.84120737 5870.44786459 5282.45517979 -9999.0 -9999.0 0.0 342.399702566 985.905379664 2025.58393296 3243.63116645 3408.03463464 4567.55342262 3763.98979988 4213.18651772 5407.29728859 5619.94840079 4097.70951685 5329.75270408 3190.37775248 142.009865993 231.214570465 354.001849996 167.471223297 433.096917775 2108.76692559 721.597286518 -9999.0 -9999.0 -9999.0 967.346895054 6102.14182527 6039.58685944 5881.33014469 6410.49080461
-9999.0 -9999.0 -9999.0 -9999.0 95.7593650116 3506.11888079 4867.89725193 5898.99160243 9177.43330537 7852.95839119 8252.16932014 3189.44549112 3866.46706896 3609.42686258 2782.52816243 3188.51597435 2662.58798204 3127.26929269 3571.40182685 4285.76905891 4040.87562997 4004.42776014 3599.59034175 6030.90695436 6485.61142191 4539.46725132 4694.82726383 5871.72804923 977.872453817 -9999.0 853.28067305 2488.78584039 954.38618271 -9999.0 -9999.0 -9999.0 -9999.0 -9999.0 11.1185147138 2437.17495555 5127.33565827 5742.10149443 5348.38357087 6845.90975907 636.415041661 38.1651309671 556.540022275 2091.30313359 5136.85134186 5373.67561961 4577.53843995 6313.95716683 4800.26043188 -9999.0 -9999.0 3244.85272739 6490.42103091 7412.62855978 5777.37276757 5649.2772877
-9999.0 -9999.0 -9999.0 -9999.0 -9999.0 -9999.0 -9999.0 -9999.0 -9999.0 -9999.0 -9999.0 989.314798098 4132.89833982 3390.77968966 4950.49562815 4185.20504672 6726.91385932 4355.89856434 2541.27154335 1253.52506873 875.661234901 226.325551731 0.0 435.002201252 -9999.0 492.908178023 101.355258287 -9999.0 -9999.0 -9999.0 -9999.0 -9999.0 -9999.0 -9999.0 -9999.0 -9999.0 -9999.0 -9999.0 -9999.0 -9999.0 -9999.0 -9999.0 0.0 -9999.0 78.7291057734 139.40152765 -9999.0 204.841461751 1545.29623567 2871.33525029 3713.48606496 2617.73119073 3590.33094588 -9999.0 -9999.0 52.0939311891 3039.25302469 3821.55927931 4657.95772719 9038.1026501
2262.99215988 1545.69091615 1259.96612483 3003.893912 2858.68522578 2167.03788844 262.309306602 0.0 -9999.0 -9999.0 -9999.0 -9999.0 144.138493529 502.122351596 604.220161814 371.021162775 -9999.0 -9999.0 -9999.0 -9999.0 -9999.0 -9999.0 -9999.0 -9999.0 -9999.0 -9999.0 -9999.0 -9999.0 -9999.0 -9999.0 -9999.0 -9999.0 -9999.0 -9999.0 -9999.0 -9999.0 -9999.0 -9999.0 -9999.0 -9999.0 -9999.0 -9999.0 -9999.0 462.77390178 371.740133419 -9999.0 -9999.0 -9999.0 -9999.0 0.0 530.719904149 763.473212003 1120.45592583 1427.67558152 733.706524696 110.460474952 -9999.0 -9999.0 -9999.0 -9999.0
7665.79282238 7282.92829071 8230.02048451 6406.01511372 4940.31203451 6782.20250385 6394.88154297 4170.82284319 1873.63910676 147.392878549 -9999.0 -9999.0 -9999.0 -9999.0 -9999.0 -9999.0 -9999.0 -9999.0 -9999.0 -9999.0 -9999.0 -9999.0 -9999.0 -9999.0 -9999.0 -9999.0 -9999.0 -9999.0 -9999.0 -9999.0 -9999.0 -9999.0 -9999.0 -9999.0 -9999.0 -9999.0 -9999.0 396.073516379 1534.81582391 3472.49033424 3209.95609241 3703.72170632 6635.93676662 5203.96337684 5565.50041832 2930.39171818 -9999.0 -9999.0 402.82221908 4058.19716448 9292.94287704 8723.76164799 7464.1764523 7188.72266993 7496.91040946 8085.23051951 8939.14583127 11355.6106342 5729.39473909 310.444503853
7765.6489596 7244.03893793 4348.14956445 5867.00430995 6748.91341482 4108.68878427 3045.19864383 3859.80268962 3434.3536726 2606.87588237 3063.86869703 3462.38575048 54.5329149442 0.0 -9999.0 0.0 0.0 -9999.0 -9999.0 -9999.0 0.0 -9999.0 -9999.0 -9999.0 -9999.0 2175.21915143 2541.19359881 2379.68466278 -9999.0 -9999.0 -9999.0 -9999.0 -9999.0 -9999.0 0.0 145.199676003 30.5111639518 705.594246188 1454.51632696 2754.34935124 5065.81791973 5004.63950187 6602.97795308 5366.61849629 1595.74860838 1188.80954989 1301.25211914 -9999.0 1196.99899178 6658.08358636 5670.71987447 6029.3345849 6214.19037861 4691.53799611 5510.2513518 6225.97471232 9779.57721337 2433.89601148 -9999.0 -9999.0
6406.17836885 6168.19762666 3264.85849131 2360.47510945 2316.85248755 6632.14874239 9683.48915527 7795.32192535 6027.93323735 7357.12677529 7339.11783184 3955.26718002 1497.7135104 -9999.0 5795.40268212 4255.39250697 3730.7471967 1015.17823673 566.301152126 2588.74803338 6325.98324322 3093.53251495 465.976680761 91.2770559966 5119.56729499 4911.91637086 5159.90475529 5288.32641002 3647.03063919 -9999.0 -9999.0 -9999.0 -9999.0 -9999.0 252.54032055 3496.7080703 3211.70743012 1134.50735702 1100.38613836 1971.64703414 3519.38383359 3929.47401783 4067.87173455 3798.71618564 6218.18601995 2571.39180591 5419.38396237 201.368393634 662.276564074 8276.78063981 5442.43526129 7574.35631614 4494.41765483 1523.39091917 2174.66287349 2430.81061941 615.535628589 -9999.0 -9999.0 -9999.0
2758.10399642 428.714642333 -9999.0 5705.98006359 7367.08746876 7225.75518472 7272.05630965 7297.49739761 10875.0083983 7986.49153312 6378.92902157 8611.161422 7285.85305804 4541.62813151 5801.18067581 7824.50423206 9472.49840041 7206.93245297 9421.60028046 8755.69916753 7984.20475078 7751.60402893 7876.30734706 203.91916857 2688.82190511 7461.17766677 6581.62842038 6255.0611033 3716.9468095 3096.23906127 -9999.0 -9999.0 -9999.0 -9999.0 -9999.0 0.0 746.560961213 1138.31852913 1671.47563261 2752.50685881 2825.39337948 2990.14459288 4034.67332504 3837.49709381 5272.2131009 5325.25175443 6499.39872894 285.560548262 -9999.0 1853.12157114 8722.82158134 7156.57328404 2062.71608026 -9999.0 -9999.0 -9999.0 -9999.0 -9999.0 -9999.0 -9999.0
0.0 -9999.0 5521.09298506 5756.22393163 8530.82589255 8451.07428915 6144.84573333 8428.25682242 5592.23019475 7167.32687112 7038.00908832 7186.78934442 8043.04955546 5931.37026904 10597.8958839 9573.80113994 10006.2676159 5434.72525003 4968.18309857 4916.03390458 5106.39332937 5731.4352006 5268.03139839 2820.88090862 953.88930844 3099.01221965 4359.78485423 3842.1842338 3679.38457675 4043.06434075 2465.98183972 -9999.0 -9999.0 -9999.0 -9999.0 -9999.0 -9999.0 -9999.0 -9999.0 212.834655242 1221.37885221 3225.53243741 3947.22135248 2318.01195657 3107.37325782 2460.07837054 1621.51078079 -9999.0 705.541283015 6387.62678421 7764.07465402 2133.15930921 1038.95183687 -9999.0 -9999.0 -9999.0 -9999.0 -9999.0 -9999.0 0.0
-9999.0 -9999.0 -9999.0 1025.08780872 3272.13327068 4211.45653319 5407.66512393 6598.58143616 11355.1222621 9265.77083439 8969.57954923 7453.6771044 7081.34427572 8041.4132076 6782.39463427 6146.14409343 5544.75751167 5065.47233059 4189.83013202 5703.41580119 4995.76500752 3847.72137064 4212.45262868 5679.9433744 4356.28845791 3414.68629972 3733.08631714 3795.69544399 3981.88683573 4085.01109453 4354.15448027 -9999.0 -9999.0 -9999.0 -9999.0 -9999.0 -9999.0 -9999.0 -9999.0 -9999.0 -9999.0 394.212113129 1064.91151572 406.25404996 -9999.0 -9999.0 -9999.0 5748.12847695 5768.63023352 9017.6742661 6698.07651394 8834.94825653 7794.55624679 3795.83435887 480.148965872 -9999.0 -9999.0 -9999.0 -9999.0 -9999.0
-9999.0 -9999.0 -9999.0 978.333361875 4656.8596646 6778.57693916 6774.62033935 6439.1037071 7390.5531999 6936.42979659 4780.19344019 4083.70691618 4002.33275066 5221.66589491 5676.85634287 5243.30641526 6996.50340769 6277.77681113 6263.0039728 5968.44212528 6392.593121 5419.4792595 5324.77247895 5018.44059914 5376.76764169 4668.95933433 5131.11642743 4833.63056952 5453.01192742 4980.59052443 4394.05369718 4232.81388653 1370.24334742 512.388516735 -9999.0 -9999.0 -9999.0 -9999.0 -9999.0 -9999.0 -9999.0 -9999.0 -9999.0 -9999.0 -9999.0 -9999.0 115.978982048 5907.46835348 14214.3002554 15755.1790474 11116.6616623 10419.4630884 15089.0686289 17081.611948 7589.97536429 708.720403534 0.0 -9999.0 -9999.0 -9999.0
-9999.0 -9999.0 -9999.0 -9999.0 -9999.0 -9999.0 1688.91669927 1949.63240282 2969.31008238 2746.43868915 3080.9435677 3943.11872831 2850.004672 2836.93626145 2278.37687074 2804.58131709 5063.67850657 6613.37119371 5971.43676694 6311.89819042 5462.6235862 5608.35732569 5456.13044804 5234.9987757 5890.5571638 4356.52386217 5286.61243348 5959.98718837 6015.77660471 5039.13032633 5501.83981112 4035.84843956 4609.69154349 4458.25175259 4085.60246599 2562.41055293 1372.21573535 898.506599267 133.216714711 2.77905359506 -9999.0 -9999.0 -9999.0 -9999.0 -9999.0 -9999.0 43.0401744138 5100.16679731 7202.24584135 8781.20857939 8777.02024815 8273.34625217 12485.7515563 17968.9820563 21533.0045245 12699.4042341 1580.36939379 0.0 -9999.0 -9999.0
-9999.0 -9999.0 -9999.0 -9999.0 -9999.0 -9999.0 6266.69457926 9831.29752399 8216.86126996 7657.49077245 7487.28517948 9056.20985441 9275.49176206 6906.58933635 7420.22270618 8554.59412015 5813.31589847 5618.22453916 5534.69794374 4882.82864256 6170.07388239 5297.26910989 4263.87343272 4383.64771578 4902.33682359 4862.7907892 6338.02370798 5435.13735648 6623.73576727 6752.75315195 6202.05025483 5270.32859601 5424.86213483 2772.57385868 3603.00931277 1134.51872153 1986.5366863 2435.77722325 318.918499502 -9999.0 -9999.0 -9999.0 46.7069436507 1442.58413562 2633.48669389 997.155012986 -9999.0 627.758851893 2469.38176181 3830.72926804 5268.11789879 10125.9977605 5152.23492631 5826.47139804 8137.1946586 2830.60905226 543.867427667 1075.62787772 29.8441457215 6.92371599536
7254.71803449 4361.95877189 2532.82934785 541.682635912 -9999.0 -9999.0 -9999.0 1076.02755057 1764.98076638 2438.64610237 2381.40890486 2095.21077132 3290.24041999 6993.33780824 6829.29308918 6144.74449817 5561.75334853 6261.98676432 4060.45951639 4120.27094942 6030.51619983 5412.2308169 5159.34230129 5810.76339833 6108.45737741 4894.40331651 530.891553552 1940.62415423 1581.45425189 3507.49030637 3847.16033861 5009.51765112 5353.98370013 4456.83356032 3446.93351921 4301.18562073 922.987331301 149.560636277 0.0 -9999.0 30.5668975795 1060.29118277 1724.75414117 3556.37301731 4741.69543849 4796.5437575 5073.53688282 3433.29293432 770.484264012 204.846251942 -9999.0 1387.32976063 2793.4848761 3858.16738613 6941.35477013 5840.01978494 7206.58979422 10815.4013786 6066.66808998 -9999.0
6420.58175808 11928.0105466 9971.11107517 6220.84231489 6736.52420835 5182.6731108 4867.82496103 5115.3575881 5891.28306745 4440.67871746 2397.5212161 483.092600946 261.461355397 4091.45778756 5298.84629729 4951.64836075 3648.44011691 3459.48952322 6437.26303346 3651.01590529 3190.89508111 3361.04538321 1753.35256969 1219.03490315 1754.70621916 2081.64324889 3778.73281184 4545.44718805 2315.42058111 272.137133733 1776.11479957 695.676116873 1317.91403813 1405.94202647 1204.06500162 -9999.0 849.474732555 0.0 245.141701298 1167.49823156 0.0 677.513574374 1095.69821929 2006.64166802 3920.551974 4619.72889483 4013.12318506 4295.99615967 1577.78587871 410.818330727 186.942313895 1812.01163546 941.103106281 4775.94573218 7598.69496282 10993.1036988 10894.2773773 9221.24238534 9863.8787706 87.4939521905
5226.87627845 11206.9722393 8776.00265148 8805.04437837 6229.83360595 5976.52009184 5038.88123124 6223.97219738 7414.57788709 5902.2158108 2596.49643783 1443.07231337 -9999.0 -9999.0 -9999.0 0.0 -9999.0 -9999.0 -9999.0 -9999.0 -9999.0 -9999.0 286.147950406 2538.27557249 2045.36774361 2662.76781011 2873.47821864 3988.72893204 7234.02196827 3520.57612952 2632.39717483 144.242519062 219.004024435 -9999.0 0.0 -9999.0 -9999.0 -9999.0 -9999.0 -9999.0 0.0 17.3976842023 489.87014098 3052.24969666 6435.10277168 5939.11237763 1640.01864479 1391.60257906 0.0 440.850990288 448.52238708 2721.80856064 5164.02923492 6443.27136888 9620.96037797 12704.2507605 11732.7297104 12170.8583238 11098.0435367 5689.75068422
7484.63934628 6700.36336652 6747.82405692 7723.93341742 10957.1171962 11430.9015561 12364.7149085 9729.23745475 9970.01616647 6107.79485198 4626.67656184 2932.32127047 2418.70024366 2285.78447507 2530.13478424 4056.11758392 4603.97084378 5675.14983889 7317.68211153 10454.9421838 5643.15242167 4291.65445515 314.980873723 276.797593893 4685.09385951 6669.95946521 7072.30936758 6876.19092786 5165.47644085 5967.81477859 5442.77603292 6650.44992347 6477.78762852 5905.20680544 3432.01712779 2528.23549193 1969.95259168 2397.91577798 3144.62759819 3578.66381799 3160.11514758 2327.49161093 2521.36002981 5123.40342386 1398.77472137 3662.23072873 6121.2847529 2691.05580327 236.452123261 5816.45740771 7226.3340263 9835.71899852 11202.9330888 10319.8750349 9222.98087754 9276.33357333 8894.15990455 8049.91898897 8197.32391266 8922.50495775
6067.14321284 36853.2507064 47024.3309598 46274.2848064 13202.7600767 17289.8201526 15246.7393917 16924.4950955 17518.4373313 15995.1076788 10691.2696691 10077.1305696 8100.76204262 8643.13326167 10079.9399998 13769.3371573 10498.9487528 10529.9642695 11808.5504069 8510.12462319 9380.64066834 13780.2694991 13975.3223706 5914.89696987 1524.32425709 16255.5527825 10407.2619558 7129.76633157 4992.43955966 5655.16957647 5992.00675243 6262.70043622 6424.71475011 5798.43281335 6085.8504297 6718.09500978 7511.48157078 6051.22972585 5709.46095138 6010.790725 5995.00472823 5429.1169753 5138.79907817 4642.48149239 5861.74653787 6602.45712176 5986.6304341 3803.21559659 2983.39350198 3814.4060736 14123.8777776 13536.1806137 11655.7401282 11989.2280848 9871.69550693 10738.0704115 7324.80594803 6742.45833903 6082.61268512 6976.39577305
9008.74856498 20203.1743327 28614.729156 38128.8188769 44401.6013352 4935.91850257 5692.6217898 6772.66860649 5976.66569869 5717.64645722 5064.83119698 6213.77112055 4219.61307227 5887.57192188 5939.45440613 4862.16960222 5772.11093666 6809.36110185 6927.14304849 6651.63294977 6978.27144879 6808.3866792 11464.4673043 8620.87484761 4315.34388825 8370.67070797 9114.61565814 6975.49932944 5873.64494075 5077.59100218 4687.23447812 4866.73840826 4457.00455884 3961.37129319 3499.41299001 5293.86120448 4604.25815679 4535.41760809 4511.56228488 4823.86956864 4896.9880931 4595.62149141 5036.16146344 5664.23860973 5026.61707797 4942.85093858 4870.50381861 4720.75993093 5133.38239212 6964.46680605 6911.39987864 5442.57661728 7169.93607628 7711.6442601 8333.20289982 8175.36656326 8670.12821682 6071.1825352 4975.22352849 6682.0034119
7704.73780031 8580.47932689 7631.5526278 2233.41261655 1171.13393364 2227.75210653 3109.81434903 3954.59560716 4199.42241436 4063.03712593 3320.29901727 3583.90931428 7218.66228467 3789.78813151 4831.2029069 7518.87876611 7373.79764949 7490.24276966 6992.02083136 5426.27591592 7288.39841138 6719.65610401 6836.48570784 5823.83973542 8104.0109977 9794.26163704 11502.7844184 4908.93264671 5403.86789423 5643.10111194 5406.25663993 4760.76102621 4324.99920326 4043.54861774 3694.31205701 3764.60676718 4080.08156413 3849.49678247 3554.38374917 4128.96398335 4947.98509867 3727.64275843 3891.27662168 3897.79586917 3914.06633223 5477.89086699 7046.05091218 8734.74276394 6137.09411577 6319.46538508 6857.48401959 4362.73669723 5106.90624551 5038.41647293 5146.6831868 6269.34962681 6655.63720101 8113.68542723 9418.69436463 11763.5859849
9872.91282805 14473.5184894 9198.02982696 1727.87092075 2194.86507533 2269.15094281 4586.27075948 4613.67927723 4691.40541533 3765.60976744 4136.08945202 4323.18135186 3990.51348911 4546.0782712 5973.71932554 4161.00142192 6561.18913388 6253.78749602 5229.93785735 6000.53104179 5470.29241859 5859.59567525 6150.92806378 6241.18042 5610.10810441 5678.22585875 9595.29422493 6080.67430719 5471.79766461 5644.11522773 4373.19416677 4793.84692209 4857.90107152 4695.48597829 4638.52218202 3992.02484533 4156.53401706 4747.65399678 4061.53575172 3622.05037631 2811.21122103 3423.01722336 4646.64476112 5696.95075273 4092.43174321 6681.14655877 6000.97514072 5967.3150343 5130.24514746 6100.41955034 6387.06904557 5798.69715826 6274.81803537 6334.30921311 5100.24898128 6045.97766479 7185.94935177 7468.15127078 12934.1008933 9038.97091092
25493.5147488 32901.4825815 22841.9961526 2854.0014946 3308.70547826 3585.04202387 3745.20221389 4126.0539801 4099.84518652 4264.33359027 3175.3010665 3575.93268721 3562.44289111 3484.34261015 3128.40991615 4131.31625414 4976.13518298 4101.26178394 4642.62409375 4435.13900337 4940.58416616 5252.66700814 4908.74922992 6272.46052903 4792.83029743 4930.87442671 4940.02663087 5527.29524713 5734.91083435 5910.73806431 6334.59615895 5848.95152441 5498.02561092 4042.97390956 4170.40083389 4156.57262857 4631.14726935 4763.9501928 4707.22592217 4664.69323496 4243.61043217 5242.2426681 5383.87949974 5856.39585706 5183.36152196 5569.09724719 4178.8556579 4399.07031807 5319.78602787 4706.82129026 5097.00574267 5270.76132825 5730.87613506 6323.95751692 7265.41772823 7371.47046491 6210.15414533 6472.56879734 7886.47039385 7417.92380319
49963.4290065 56521.4005443 51786.2661394 34660.4310119 3925.68639513 4758.07310445 4663.98550495 3617.44746557 3428.74731441 4258.88558187 4147.40027285 3499.20302056 3181.36696009 3042.42383953 3254.76951698 3292.15705122 3116.23639588 4107.34324424 3769.27299138 3532.2486717 4284.86982559 4368.7699196 4565.52945158 5835.90287281 5817.86380926 4883.26040534 5439.37175036 4421.32064115 5831.64013673 5782.62417662 5947.20248078 5770.2890166 7020.39315432 6543.87893752 6062.15557221 7059.03256264 5178.08115731 6054.20257419 5073.99173622 4683.00454795 4801.18767938 4862.12983748 5277.09778109 5858.95710735 5534.22795012 5353.31834812 7361.44805098 6206.27538394 4347.16032021 4609.2012439 5524.94904121 5802.53538415 5260.87756947 4827.61153189 4442.68094232 5952.62358401 5250.8419677 6951.46225679 7990.70497335 11287.7318864
41197.0800982 28909.181634 30184.3868514 35565.6503973 38800.5658742 4199.3630092 4780.38305781 3916.66883826 4143.79443133 4295.80360659 3635.17990434 3902.91022067 3405.31078289 4143.31401308 3379.286182 3780.88860811 3271.14296108 4446.44628228 4721.758295 4311.88230971 5632.56594179 4251.27050377 3858.97006541 3869.33867634 5054.53134305 4152.51780323 4228.90550826 4732.29566205 7830.27779154 6052.428774 6498.84653344 6745.26160186 6356.71754186 5209.70531562 4923.95052409 5603.5552206 8299.47440025 6854.26888905 4840.87630381 5629.98494341 5285.94869846 5081.36025982 4038.97338982 4976.91910132 4830.91487329 7618.42831854 6176.95094071 4569.71294192 3131.78409103 3673.5276012 3689.82930781 4598.51604279 4726.48961674 5168.32375412 5394.94132135 5439.9089896 5263.73695338 6097.0319552 5982.12497282 5454.94277143
45666.5037961 46036.6117519 55133.5074069 27058.532978 38188.9263788 27096.4609775 5410.27937978 4147.74467803 3943.2376971 4140.49938412 3290.61934795 3031.02322027 3868.02081623 4379.54217914 5407.65946867 3936.11374776 4482.21131517 3483.53790615 4806.99930668 4392.00137016 5121.66794268 3499.77838779 5677.48013527 4944.59442652 4866.76247726 4052.25932595 4162.7136895 5376.53892925 5103.05705751 5663.83364998 7313.83066381 5509.00989015 6897.5045577 6334.47266153 6659.05645978 7819.70626521 6986.85152339 6234.27752373 4524.22358665 5969.54482184 4990.16168457 4517.31802349 3776.5921611 4783.27893781 3777.72978437 4730.77390159 5071.2247392 5531.99937956 6472.37887029 5860.85239041 5475.2752264 4834.83399894 3976.28197736 4234.20693639 4383.37013005 3455.54942729 4338.0446571 3822.06860665 3785.10844597 1819.55578354
38988.791278 35882.3232184 25179.8593352 11813.3702895 12789.349262 29261.9768267 41440.9563518 40168.5806451 3776.71237802 4322.10704376 4020.04442443 4005.43498182 3072.62623897 4024.28468429 5749.36185647 5627.47970347 6487.15170465 8218.58992794 6560.1365432 7781.78086167 6912.72767983 4657.618289 3513.07569925 3157.61177568 4207.34933615 4364.624334 4245.56104544 4526.8849814 4833.22923271 4448.01588414 3809.06615089 6730.33969507 7462.86834246 5441.76964575 5690.82627663 4875.88749653 1936.92243406 1172.89215929 5219.52931721 5699.10507933 5017.25189982 5770.0198691 7096.25929675 4912.21742145 5640.54704416 4885.46658582 5097.47089647 5504.05871974 6031.24889979 5224.466145 2759.15402879 4176.53033 6199.03285067 5686.42812006 4161.5163207 4247.05131011 7448.55084319 7633.81693088 1955.32074916 0.0
