critload/trunk/output/1999/nero_tot.asc
ncols 720
nrows 360
xllcorner -180
yllcorner -90
cellsize 0.5
NODATA_value -9999
[rows 54 to 80 of 360, columns 360 to 419 of 720]
-9999.0 -9999.0 -9999.0 -9999.0 -9999.0 -9999.0 -9999.0 -9999.0 -9999.0 -9999.0 -9999.0 -9999.0 343.402258412 5308.58774603 19298.99833014 39636.6906784 42270.3302737 71807.985158 50122.7872788 29820.5095145 21410.947733 24135.0815601 21193.5962754 15915.1066734 37494.8450941 33592.2724568 10894.9610798 10735.5676693 7421.89535783 6889.73762399 10214.9153694 13093.0255431 10737.0710576 12233.7433163 14971.35250757 12032.69565448 1736.03518764 -9999.0 -9999.0 -9999.0 -9999.0 -9999.0 8311.13210508 17860.21063901 21681.33110062 25571.93535587 10267.678297120001 9606.15508628 4347.341052374 4865.38473919 5842.676704 5491.495811134 4940.648163371 3151.97439302 4691.08724962 4623.92371037 5248.553723181 5220.50341123 13835.1045323 6889.00504053
-9999.0 -9999.0 -9999.0 -9999.0 -9999.0 -9999.0 -9999.0 -9999.0 -9999.0 -9999.0 1030.18337475 13634.739358198 45254.168172570004 69180.7361961 92053.8697639 141133.605657 88821.3914215 35706.0845082 34557.2182427 31337.7313854 25967.9171121 25973.8749342 22456.6662109 10647.5474611 28544.7531396 10656.0636639 13124.1381476 14333.6309519 10356.7394724 10103.886255931 9681.17385859 11308.6233638 10718.2181702 13316.3418886 11643.696079419999 187.5809423092 -9999.0 -9999.0 -9999.0 -9999.0 -9999.0 -9999.0 8171.139463221 14882.00061008 17272.94464681 7531.9450097 3804.55718176 5623.344210468999 4988.66809415 6200.9644964340005 6716.37058422 6913.77465328 5534.54490954 5917.447079123001 5719.0764189 8262.34670408 4173.39785442 6747.06899109 3787.815043995 2526.51074762
-9999.0 -9999.0 -9999.0 -9999.0 -9999.0 -9999.0 -9999.0 -9999.0 -9999.0 263.10158837849997 34023.681688 57595.5798987 58968.8874819 75779.940949 63585.5558174 97996.3778903 112531.18481 42145.8284561 40186.8438432 38797.0027143 27224.8579245 27697.0961717 20317.837211880003 16950.3566512 11371.258594640001 12403.2627378 8628.42421358 11284.5277257 10067.7439539 9758.65929843 10337.2448337 10248.3328432 12900.3840369 9849.549891327 3802.9420915600003 -9999.0 -9999.0 -9999.0 -9999.0 -9999.0 -9999.0 -9999.0 143.0597401852 8315.37307821 4136.088225972 6215.11246124 8559.6777964 3976.2500063347197 9118.855604069999 5844.51758249 13225.392420070002 4939.316791076 4951.243364 3428.970281457 4599.03812001 4741.16968095 8329.15387202 3487.0504852287 3584.724308324 6960.12111458
-9999.0 -9999.0 -9999.0 -9999.0 -9999.0 -9999.0 -9999.0 -9999.0 -9999.0 649.579954633 16475.5720917 47879.7515633 56752.2282271 69497.0145884 45442.3932513 75015.5153633 42202.6532306 38826.6060422 20376.6409041 21430.9000551 27539.6167283 16829.95413462 19969.39398423 14022.7274077 15881.8944262 15093.957371 9964.180694291 13683.86952468 15116.39133228 8553.50583483 9573.58778396 8897.39212516 12696.51942324 9284.024242492 1847.326559527 -9999.0 -9999.0 -9999.0 -9999.0 -9999.0 -9999.0 -9999.0 402.246301048 16537.32101781 13483.28003755 24512.85020947 20223.53695395 23099.16339192 16781.33844662 9362.99116628 8928.08782366 10978.68733068 6680.8864308600005 4830.8739959524 5100.14319506 2630.5005620726997 4507.0785536 7698.91668101 10958.463358019999 14282.38656974
-9999.0 -9999.0 -9999.0 -9999.0 -9999.0 -9999.0 -9999.0 -9999.0 -9999.0 973.789818812 20130.89598806 54622.6623906 55325.2540217 69471.4452771 49066.3679151 29568.7450393 29858.8854433 27046.385274 23745.5849061 28540.5483423 18644.0133205 49156.6915479 65125.609303829995 23022.4469664 33045.752413 15839.55527335 11540.29535638 7626.98323131 9002.558271062 7471.212023352 12472.9509354 15447.43374172 10321.112813896001 6330.22257811 5559.015919320001 494.4467704832 10.337859441 -9999.0 -9999.0 -9999.0 -9999.0 -9999.0 1957.250107749 25827.69617716 39026.192404299996 73704.29325631 81394.86409278 45991.36604775 13186.1259779 38166.47428739 27674.01525076 24663.72671096 18655.615034399998 28659.45386877 17033.10588064 12463.0739008 5378.09579246 11971.540120360001 11131.50695309 12112.25237378
-9999.0 -9999.0 -9999.0 -9999.0 -9999.0 -9999.0 -9999.0 -9999.0 -9999.0 -9999.0 5378.96847602 32561.89290457 36417.90317469 39790.1794065 25589.9137621 13791.905295 19003.0200139 28824.4401813 34477.9826273 29035.6482417 26763.092317399998 26999.75611534 71536.37807543001 18888.49419751 25911.661420099997 14811.0526777 11245.8264551 9784.33668897 9712.13770777 9245.06875868 21900.2913114 33719.34874699 25321.27045919 4971.528736011 13997.26491106 10867.84654883 8097.516572009999 729.6645168590001 -9999.0 5226.592684479 1987.821336909 -9999.0 -9999.0 898.1038297160001 9000.075697733 34531.33189722 55671.3526648 35274.889379500004 31051.564249850002 21410.473866419998 9088.564669557 8698.752739892001 1559.354388576 689.5424578450001 -9999.0 -9999.0 -9999.0 2614.783676986 7551.02210993 7476.256879789999
-9999.0 -9999.0 -9999.0 -9999.0 -9999.0 -9999.0 -9999.0 -9999.0 -9999.0 -9999.0 4753.7129703400005 17807.06569723 53636.2654671 58482.8788471 27745.1266426 31579.7466416 23658.4366207 43878.4507357 27777.8483176 35385.9384368 36328.5275779 34734.829177319996 86953.43165506 14402.838266350002 14384.306386659999 14476.952205770001 11024.70953902 16030.78734541 9005.35858047 10138.53730492 11813.57414591 11843.17358209 32557.13117311 26755.4028927 39491.94551189 41114.51144301 15881.684970039998 13731.50993838 -9999.0 -9999.0 -9999.0 -9999.0 -9999.0 -9999.0 -9999.0 353.91924609079996 1904.9049230189999 1010.453914048 -9999.0 118.217536143 -9999.0 613.0550044545 765.438079923 155.6625833341 -9999.0 -9999.0 2693.731299093 4406.50186088 15881.27146769 58059.318894318
-9999.0 -9999.0 -9999.0 -9999.0 -9999.0 -9999.0 -9999.0 -9999.0 -9999.0 -9999.0 7421.0285697399995 5233.26268539 37435.0364615 27816.1652642 30307.7895555 33640.3128075 35169.27779904 37744.10004691 22424.7072322 45792.210618900004 76837.03336869 15519.085810092 55839.76338574 8323.81634791 8454.35507892 15863.089986179999 11355.60014241 7493.450253749 14322.96834629 21903.544248449998 44456.58790382 17761.07216939 18993.55564348 23403.79132002 15119.205490569999 13225.91084913 8841.93763189 600.233541264 -9999.0 -9999.0 -9999.0 -9999.0 -9999.0 -9999.0 -9999.0 216.30818094 121.2993551923 2812.541194848 7722.51597889 18446.9473148 6750.71864399 17638.48136545 37731.127446 9470.26625043 8719.05757696 5168.237619400001 10342.16804507 9426.99811033 18542.01143941 15023.574559140001
-9999.0 -9999.0 -9999.0 -9999.0 -9999.0 -9999.0 -9999.0 -9999.0 -9999.0 -9999.0 -9999.0 81995.57347711 62335.154832500004 35615.242232540004 23240.43374896 29994.869656259998 25956.82815686 25006.24686922 4627.83547809 1106.757589082 -9999.0 -9999.0 7639.7204414299995 7553.86096027 30001.48530802 3820.5152649789998 9485.109645061 17292.87339534 19351.36438505 6369.33734468 21703.59371999 9634.124686340001 13321.81989426 23073.50492944 11625.49315887 2424.6240372869997 -9999.0 -9999.0 -9999.0 -9999.0 -9999.0 -9999.0 -9999.0 -9999.0 706.451584229 3608.9445157399996 970.0929692975001 5255.307728723 12948.48927968 10118.11541926 11489.38724111 19184.93221342 22389.95309931 44207.61902734 2252.666789166 5415.985684931 7891.0242232 7151.06007234 7225.34657116 16128.93405466
-9999.0 -9999.0 -9999.0 -9999.0 -9999.0 -9999.0 -9999.0 -9999.0 -9999.0 -9999.0 -9999.0 91.4573621944 6248.7527852 31349.1528097 23045.080174130002 14761.15626601 8253.65346802 3443.658884227 -9999.0 -9999.0 -9999.0 -9999.0 593.787707071 10058.70222721 7230.854874070001 49006.49551229 65851.34585273999 55176.06994081 9735.0342033 22645.925010929997 61230.76363453 43516.16596077 21326.864347900002 4082.9461053200002 -9999.0 -9999.0 -9999.0 -9999.0 -9999.0 -9999.0 -9999.0 -9999.0 -9999.0 329.767227101 3948.592436495 2759.389468753 396.10231278140003 1021.594401324 4399.31517704 4735.61036983 14026.61905257 23769.89641103 22336.76274338 36603.6841372 9810.17921431 4650.100833652 14519.086007169999 8402.51786105 7850.59269978 13332.8404371
-9999.0 -9999.0 -9999.0 -9999.0 -9999.0 -9999.0 -9999.0 -9999.0 -9999.0 -9999.0 -9999.0 -9999.0 -9999.0 -9999.0 -9999.0 -9999.0 -9999.0 -9999.0 -9999.0 1601.232205685 13557.3601533976 0.0 -9999.0 6819.39675797 13013.83720264 8374.48360372 7690.062169616001 7027.60348447 18825.06130265 9756.77716594 11418.17788249 19701.82762457 15591.76329277 2791.3587703 -9999.0 -9999.0 11647.432369777001 11135.87757219 1213.334086408 -9999.0 -9999.0 -9999.0 -9999.0 427.19304063180005 1722.689138192 519.171366668 -9999.0 -9999.0 861.857044599 10884.61580442 14737.436510989999 8546.053553400001 5206.416232734 14957.69938042 18910.81616981 69786.22983859 91983.227902136 37053.40143546 26387.838259750002 67988.01560276
-9999.0 -9999.0 -9999.0 -9999.0 -9999.0 -9999.0 -9999.0 -9999.0 -9999.0 -9999.0 -9999.0 -9999.0 -9999.0 -9999.0 -9999.0 -9999.0 -9999.0 11087.7459574183 16973.541490053998 66826.65925749 133260.53378941398 1871.5632390939 937.1692074759 909.2462040365 46440.81403578 20748.4121726 6304.07496208 5844.02247763 7626.8734982999995 6661.19230952 7058.36727183 8808.8957015 9529.158875289999 6293.940312471999 2132.9361919356 -9999.0 17779.25409715 8494.745568251 -9999.0 -9999.0 -9999.0 -9999.0 1325.7715718680001 6814.83201744 6335.93407597 14332.7989823 1791.398491415 -9999.0 1710.5827169000002 5216.537709265 6229.192748452 11236.73629198 5553.94785476 8522.69136315 5480.03029192 56806.503246060005 113131.356545536 68555.1771285 37460.76040134 72912.51292977999
-9999.0 -9999.0 -9999.0 -9999.0 -9999.0 -9999.0 -9999.0 -9999.0 -9999.0 -9999.0 -9999.0 -9999.0 -9999.0 -9999.0 -9999.0 -9999.0 43507.765980002 79111.77378136301 86975.99178375 133100.00889671998 61958.987628783994 -9999.0 -9999.0 -9999.0 5695.870269711289 60806.29090586 27794.778371890003 7576.68102107 5507.91066353 12313.71236708 5506.806095105 7023.0719607 23539.85313185 13832.865002547 -9999.0 -9999.0 1409.3442488861 -9999.0 -9999.0 -9999.0 -9999.0 -9999.0 11994.07849141 23106.522380889997 15837.14878857 23925.55942624 34867.16271537 6197.215905589999 20363.46889927 12181.98209482 14280.63052483 14678.99363815 5669.719967135 12777.72041886 7071.46573668 24678.05786801 39426.60493422 53638.93759168 31267.10268351 58781.622101880006
-9999.0 -9999.0 -9999.0 -9999.0 -9999.0 -9999.0 -9999.0 -9999.0 -9999.0 -9999.0 -9999.0 -9999.0 -9999.0 -9999.0 -9999.0 -9999.0 47764.13631342 99152.79790032 80519.87237424 203592.82688759 105274.374585572 47039.493486871994 -9999.0 -9999.0 17540.2762826123 83940.399323371 57424.338184680004 40199.84125956 63463.71298218 38467.121287710004 15104.91131388 11994.2817818 12625.075038331 3039.364232133 -9999.0 -9999.0 -9999.0 -9999.0 -9999.0 -9999.0 -9999.0 -9999.0 19117.5732124 83951.95912605 56067.904940930006 68560.58565565999 85936.10621481 125847.55247955001 141509.5090707 130284.61232238 47524.8812848 20336.66438211 24485.63610919 22613.49163836 10803.21237564 10766.87418817 19624.66811924 16508.16018402 14212.05717273 32839.118948179996
-9999.0 -9999.0 -9999.0 -9999.0 -9999.0 -9999.0 -9999.0 -9999.0 -9999.0 -9999.0 -9999.0 -9999.0 -9999.0 -9999.0 -9999.0 -9999.0 34384.201011882 82640.79577654 113421.5317926 115358.368701062 27766.480865611098 7018.1442007742 56027.098646159 113121.12765477701 97448.1198048704 23916.152600551002 170016.994267223 132953.28031052998 67841.665100206 -9999.0 -9999.0 -9999.0 -9999.0 -9999.0 -9999.0 -9999.0 -9999.0 -9999.0 -9999.0 -9999.0 -9999.0 -9999.0 79728.002452973 38442.6714535 41797.98926084 75869.48677819 57053.47034756999 125965.75745693 106627.76358882 52533.21391477 55192.018234870004 20980.242947569997 6934.86150026 25917.184846130003 34794.33868591 67275.19231984 86360.94247593 26786.00751207 18755.679171800002 31560.7782962
-9999.0 -9999.0 -9999.0 -9999.0 -9999.0 -9999.0 -9999.0 -9999.0 -9999.0 -9999.0 -9999.0 -9999.0 -9999.0 -9999.0 -9999.0 -9999.0 836.5851639411001 57373.54608706 137654.59094137 43951.951652382995 135505.478704065 59626.071156039994 35357.0268383953 123289.328106703 44258.756260923 2115.1508290497 35422.3333071699 20827.5122663073 12567.7622864148 16670.807132251 6305.1072740097 -9999.0 -9999.0 -9999.0 -9999.0 -9999.0 -9999.0 -9999.0 -9999.0 -9999.0 -9999.0 31.2689417067 27419.944256615003 108987.83092851 57509.137210019995 76890.7948261 82823.22603999 123172.91366735 92460.80374673 74381.26570922999 65940.56873933 28243.75018997 56935.58298415 67175.62950863 69017.88302521 89786.75334295 51273.84727057 85922.14460752 61800.32687739 78891.32065576999
-9999.0 -9999.0 -9999.0 -9999.0 -9999.0 -9999.0 -9999.0 -9999.0 -9999.0 -9999.0 -9999.0 -9999.0 -9999.0 -9999.0 -9999.0 -9999.0 715.08214658826 15173.74404389 41161.86573379 65963.70417615 3531.334634018 10224.2605366233 35734.223739453 40034.824728153 13341.4338532015 19.2925811634 2216.022467076 2359.079353376615 -9999.0 -9999.0 -9999.0 -9999.0 -9999.0 15503.3099696 104984.067875373 140411.18895891 200099.99061323 123.162518811 -9999.0 4862.8487665412995 106848.001921438 119812.54517956599 91414.51173654 142690.697995305 150821.827070936 118258.85149646 143598.88227032 102086.14051763 81726.80485197 65453.46561395 48845.09906578001 38139.900896679996 65926.44961642999 49382.19362157 56637.02635771 64385.39255969 9743.354577189999 62149.84497943 52353.57790368 68034.29663583
-9999.0 -9999.0 -9999.0 -9999.0 -9999.0 -9999.0 -9999.0 -9999.0 -9999.0 -9999.0 -9999.0 -9999.0 -9999.0 -9999.0 -9999.0 -9999.0 -9999.0 9876.170541163001 92238.31324874099 78749.56602393 64132.941255351005 37304.871470629994 8396.313477392001 19078.476335430398 31857.188118605998 40439.939140179995 24035.01166312 9089.147233297 86.7510870394 2893.6042479445 14781.971197974 30362.221822671003 160830.09120397 265646.6476981 298904.697152 9134.704262799001 103004.33144013 93428.53222054099 65603.205367815 120536.12455441 96400.83473711999 168359.19044061002 163891.27780924 120188.48705442001 93749.48347402 66204.79158264 93484.61603708 80138.52753513 46794.72181679 37070.15475399 70908.68680896 88490.88951851 80167.90958247 86159.52891557 78313.22634429 74304.41146563001 39926.97489438 62369.90543361 45359.06851479 120940.36996553
2504.43378579 -9999.0 -9999.0 -9999.0 -9999.0 -9999.0 -9999.0 -9999.0 -9999.0 -9999.0 -9999.0 -9999.0 -9999.0 -9999.0 13847.6758658558 33558.641727064 804.947715718 558366.39033942 49758.290658804995 76643.28813605799 101957.35702893 55060.23043111 56683.12344684 56369.85464749001 51333.895013810004 51446.52055532001 55294.230963480004 36286.45007749 24413.789543190003 76560.061223312 157608.76047257 273545.3462788 233533.8349974 47515.36221051 205071.9450236 64817.876502679996 202067.97034269 425863.49422039 160755.24474213002 78709.56987028 46270.65163116 43212.35208907 41701.11409349 37905.24413421 254292.96875448 35684.86006379 52693.237896900006 100198.07461702 62961.55333547 90538.08402992 70074.10616981001 75824.30213986 46047.23246018 63567.794690669994 108104.91231323 98229.69550762 66731.52499112999 43232.772788559996 37555.99973594 63657.315587979996
62403.8633978606 -9999.0 -9999.0 -9999.0 -9999.0 -9999.0 -9999.0 -9999.0 -9999.0 1939.1184870701002 496.268474018 14454.937588812 25850.284131196997 22433.807825034 33217.782158502 92967.44305053 74276.140599022 124494.958560344 137135.53482747 86342.10318544999 83212.30774408001 91740.46939969 224027.71980441 64218.504282530004 92267.44064778001 47261.70254395 56751.52638342 46918.73055741 38885.80923425 112618.834843102 74388.50588568 39274.372802419995 195756.75585150003 196332.74098437 295772.20932892995 79227.40665924 289790.97001658997 69935.7269956 106577.71259786001 393282.3308162 125651.61660084 78238.39394588 69408.33656083 68075.73413331 131885.06749305 123320.03502183 268968.8815087 70904.56619869999 125536.45149869 112417.08117281999 93084.22040037 79774.78247922 124083.69619983 132015.90119964 108669.74570523 41634.38455943 32271.761462590002 29372.78009249 62746.188576090004 78580.46734036
71499.141797448 19385.609546192 135799.564619532 28125.148829606598 -9999.0 -9999.0 -9999.0 -9999.0 -9999.0 28079.263320431 1541.67164734 18960.034077507997 66824.37354670001 39556.47324773 27345.32146442 113272.23422789 118637.24818615 103514.77256525 44395.98135711 48854.23635074 48841.40598581 62475.483510930004 68228.42731871 85338.24343619001 24982.32457811 753977.5003140001 34744.429310709995 62656.95392892 62021.03098512 70013.33478349 58160.341731149994 72080.16525667 79460.03190410999 103221.84670755 13067.639370406 92692.82815241 77755.56879879 110046.934683034 255310.18232625 439253.62831327 86347.50126983 37283.75569505 267506.01061486 222562.33279108 117163.25804192999 94534.29074987999 126987.98952066 155377.36600900002 61266.07867137 83390.77567424 64744.95102268 34957.9256544 31307.08023023 54972.00788128 58016.70863326 58561.80481764 25144.012786289997 28618.51714098 28207.81326304 74533.93588101
171518.35843947303 170840.0630876 179211.82090789202 31114.7856328333 -9999.0 -9999.0 -9999.0 -9999.0 3404.66910645207 772100.5331496899 445824.4840705 42904.29631787 102756.24395917 67898.61389753 79504.39636011 74086.31437798 146784.41409076 151936.25082831 204926.76951543 149698.81963781998 135541.586114906 229877.07596041 239848.94559460002 77362.97677534 55761.57315765 25017.40222115 16574.57044242 16021.07353855 108429.85580600999 36257.88574035 6447.421849154 200467.92371203998 300364.10984191 88246.722611901 52102.71603614 247916.37384281 328385.67914798 116608.312456189 86627.225063502 95485.767811722 55001.44320688 62531.22890702 57854.5037344 95638.17153486 53114.762420390005 129985.14996452 307745.72991518 441604.92218224 321504.49658615 66175.20711206 75443.24636308999 69411.02145852 64361.795125239994 49972.08948348 48339.2344678 39483.66181352 29791.42834333 63675.771440900004 52925.48356126 40046.96412525
189386.23842820202 121823.43225087199 25956.949655047 -9999.0 -9999.0 -9999.0 -9999.0 10554.34979322 32602.065103365 45395.716224896 81370.207164074 74694.06564486101 99706.508036962 91297.4543082 88630.10314237 130535.545125075 187848.92626598 209385.67629159 205122.72606802 200339.2773902 324629.9685598 236398.3256504 419470.8212599 295514.74059833 86572.5785295 67323.98471711 45024.70530146 71803.09759089 8258.15747516 49677.769308970004 56092.55309726 322739.38405289 422782.13329251 86191.85584763 84623.57200441 110766.50012864 293973.73629742 310296.9741886 303008.31881739997 425245.24979656003 309122.73229505 98691.26555087 186020.85419615 239458.64479297 114546.79792143 270937.97431972 244434.97189303002 232346.905967 226567.88352328 82931.602919991 59189.32862629 53172.78197256 45959.55050757 69955.94430875001 24919.8043205 15719.13904312 19846.95568839 19830.34778207 38128.64028637 26941.31685701
183846.884671182 143207.582565581 61529.4588127647 -9999.0 -9999.0 18994.2413562049 38174.906754380005 22872.267588267 45997.49841438 48017.50519758 47354.74811521 70551.19278753 107241.342532875 66682.99242512895 100244.91556873999 126527.1490971 65284.826809700004 153065.2159532 249510.23760176 254077.10071210001 319466.982106 265707.8625742 253415.9449368 103866.6740685 25522.8660857 21008.34144513 175716.4107129 36558.40980928 108944.94624013 178491.04179449 106497.98249812 126130.55437253 588793.75569186 401283.49520352 473800.9648556 306935.52605926 299953.76864025 387122.84725525 382192.51445326005 389252.54077172 333531.75580478 336211.4055515 160904.78313445 109004.44979381001 61479.446575840004 51431.31876836 268246.05961096 224261.44958746 150782.74541546 135649.58822194 79398.43282633 81949.68137697999 94131.14500688 59771.135918039996 30941.12411625 38267.8439246 60514.94382324 106649.59997392 62277.390385239996 81767.76129681
70454.3161551892 24792.0556150224 -9999.0 121008.697846686 168136.30368811998 94564.428605738 155214.96417721 71775.33226897 68979.35185887 106101.48318955 138498.660353135 135665.30927254 214658.52879826 173848.434075153 223436.89208154 126124.4937452 142670.5433671 287158.92031970003 249403.812155 259384.4888097 276924.0655577 351464.7243456 263499.15239289997 182367.3550978 165640.96430323 190664.9190576 229140.7519844 238728.76813 437104.64671319997 415082.43636344 397511.6431112 475070.91643760004 459888.45759510004 247902.64725661 186711.47205894202 136590.079282691 242006.53256994 365993.40841289 583557.59749454 333876.71373251 556203.66305049 140119.82786935 171910.01209554 116250.197316487 131243.64986109998 120612.29451739001 139741.17025153 392234.09079847997 372934.16545758 263059.59123342 189727.19252268 189599.89284306 126844.34743563 134870.47831384 107582.03815059 119170.49256662 123196.62112477 140677.29208364 109668.33948754001 97367.66008534
-9999.0 -9999.0 6048.82783951 150050.88929661 173043.62735021 176058.22564823698 166267.712774574 134211.75396332 171465.09976781998 237624.69610939 214117.09249672 113985.074994 153095.48390949998 206307.8195621 505647.4497167 319432.49894350005 380020.58168976 127607.296416753 254934.4000526 291834.98510620004 449443.3252562 219089.55314307997 309124.1933701 157356.7298274 173847.0838382 196274.70455280002 429110.5658349 418037.01806006004 724546.59754956 238590.000232171 357532.94267705997 368125.11365045 471479.47110029997 495094.20446000004 450917.66505340004 376342.79108145 707336.981364554 121237.121405768 457106.73950013204 369888.1406741155 339773.81127418 189345.263171171 204145.835526981 409367.7663271 542972.90244579 382205.81604155 114910.39814433 135144.61360175 145015.707438499 339592.72190600005 348360.69818447 556814.92066349 168722.65189923 129076.37023065 139243.52181772 137173.40494708 126800.39251906 152196.60864757 141595.0558998 178704.44828287998
41732.017749504994 137537.010536497 187114.77834306002 191649.29977651 190389.43421424 188352.97652352 199344.17460611 163731.49554691 214473.89101808998 256641.37154192998 158904.51988391 83313.44399022 177044.79657405 276687.1387456 364393.65753579995 434151.929439 456703.265355027 241959.87357724 252225.6383192 477812.92115219997 216300.42115524 195329.46497864 200416.4736168 141239.71804724997 79554.5855282 298086.19981809997 392487.28556879 233171.04189410002 518833.59473487 477206.53946074 440553.66015397996 469437.58564737 523981.90840565995 618433.33185354 584321.95159222 582746.6203798801 346213.42180947 369554.154346 657004.6441695 549559.4540611 611193.3100383 643979.3461106 290897.31803309 296734.991266 465909.93199959997 482338.53157508996 483928.73621682724 189391.685575315 226846.59249776 614384.780634909 647613.1782461841 624253.216679213 594470.9182025599 640566.019406262 609355.12901251 550236.5075384801 405892.04348582 458727.10653596005 327103.04082863 447255.86557262996
