critload/trunk/output/1999/nero_tot.asc
ncols 720
nrows 360
xllcorner -180
yllcorner -90
cellsize 0.5
NODATA_value -9999
[rows 162 to 188 of 360, columns 420 to 479 of 720]
5121.084196233 3559.3336548 12512.281000889998 27084.943676256 23692.673764249575 15155.33966294 37818.942140722 19394.124891957 42243.40541349001 909080.2184612 1427060.8275356 1684001.0112686 679782.9328387 163240.25556581 329272.6128104 627507.89067787 522489.26357248 643674.48254142 535051.17719133 100127.77062358 225282.15585830002 198556.51352493998 83218.6168229 139827.36796849998 18281.95547565 16977.3255508 12995.662254269999 12484.55895392 7672.30518177 5837.81379278 7057.562227364 8340.17382563 10504.563374966 12302.60293698 8303.84971094 8017.05715738 8671.34227204 8118.93519333 11872.42787369 9140.6526448 2966.81272899 -9999.0 -9999.0 -9999.0 -9999.0 -9999.0 -9999.0 -9999.0 -9999.0 -9999.0 -9999.0 -9999.0 -9999.0 -9999.0 -9999.0 -9999.0 -9999.0 -9999.0 -9999.0 -9999.0
19003.75547324 10162.01321927 25481.367253345004 27597.489091307 48366.838756621226 22716.1569406187 10877.043268673 9680.84766503 5524.46860621 382530.260149 731215.9004504001 815177.8704747 204902.86972093998 358441.5421387 347955.9327945 453018.01079468 579424.2282684 219147.45938531 304463.40451805 563484.1917782 171549.8358502 59267.2633269 67147.75836539999 49613.5754026 21016.97245629 14994.5703402 12927.348550309998 17689.29068434 12867.83100324 10280.94850509 4988.10660035 5789.18841088 8109.506879160001 10254.262363242999 24227.608474110002 25308.91199905 9517.57472824 10556.03280665 16850.46487942 13797.05395007 1860.645621115 -9999.0 -9999.0 -9999.0 -9999.0 -9999.0 -9999.0 -9999.0 -9999.0 -9999.0 -9999.0 -9999.0 -9999.0 -9999.0 -9999.0 -9999.0 -9999.0 -9999.0 -9999.0 -9999.0
24917.11288158 17790.38663107 15247.24916573 18470.825284301096 16419.06823767355 11640.153473924 10481.745084577 6493.54351218 6792.926713479 45243.72330277 101423.53471050001 86103.6570885 261644.0556282 397974.2182747 419593.9075352 755807.1314118 495484.57568781 109157.37453257 53499.08399401 708191.79976 141359.3509875 66647.463573 29034.71067351 48485.46033277 16497.37495838 12070.766608330001 14247.434947310001 18263.181589706997 14996.48519553 11620.89062573 9959.24068244 4790.3150807 6516.56528599 6448.22443672 7067.69337381 10298.1964993 13236.824384837 10968.353095544 13242.014580233 6370.961741873 -9999.0 -9999.0 -9999.0 -9999.0 -9999.0 -9999.0 -9999.0 -9999.0 -9999.0 -9999.0 -9999.0 -9999.0 -9999.0 -9999.0 -9999.0 -9999.0 -9999.0 -9999.0 -9999.0 -9999.0
18145.254336051003 14287.97386204 20205.808757891 15810.244767109263 14280.0218122533 15744.240431114 20087.82995771198 22502.16556425 14436.784513016 32075.097344820002 82071.008753 347973.02574340004 261051.18999769998 289415.2974652 288954.2398991 750731.31800117 347870.93221678893 331008.14556681 34350.38895511 198275.0804172 376072.44285780005 111092.61040990001 21080.83846678 16199.63683444 27249.2810929 21468.646215599998 16506.19142247 22508.917749879998 22770.95558413 13146.19071586 10769.60743407 4615.3918536500005 4741.64502769 6228.13596347 7162.53145991 11112.489346616 10727.535507951 10663.189808022 9511.609981492 740.493392351 -9999.0 -9999.0 -9999.0 -9999.0 -9999.0 -9999.0 -9999.0 -9999.0 -9999.0 -9999.0 -9999.0 -9999.0 -9999.0 -9999.0 -9999.0 -9999.0 -9999.0 -9999.0 -9999.0 -9999.0
33665.572574866 31605.613353719997 12444.989831244 9674.641292175 14020.663442314 14037.203070120999 9151.73887636 9050.27487954 15223.736820780001 27146.1266253 98756.04165880001 177386.6112302 136243.5325579 206864.74266709998 189436.5211982 3047990.9437744 331290.8036899599 497494.7088507 69716.8236683 69602.928163507 67108.3245685 41794.156060969995 21042.9010882579 26251.240214190002 17244.99767373 26002.020950539998 17045.3662261 20025.55054966 15642.38570349 13692.680769390001 2777.790221997 10068.54821762 4226.70283658 4648.97635327 6172.261875149 8370.370203139999 8946.715715786 8433.006415949 3380.2097404710003 -9999.0 -9999.0 -9999.0 -9999.0 -9999.0 -9999.0 -9999.0 -9999.0 -9999.0 -9999.0 -9999.0 -9999.0 -9999.0 -9999.0 -9999.0 -9999.0 -9999.0 -9999.0 -9999.0 -9999.0 -9999.0
50414.681660931994 28119.522166615003 21330.433946812 22275.094195612997 38234.914964760996 26668.106391366 3966.372871899 4333.7392828 9128.53315452 40718.706847659996 94279.27139869999 74507.86420882 75787.37047443 740737.5345999 1735895.449204 1105019.8464703 353827.0106562 178440.88727950002 129235.9296835 16545.89097418 27886.767874999998 37714.683529986 19330.4972753 38029.599814 15000.816750595 9239.298187733 7094.371261006 7323.12167088 15263.183688340001 12079.088870119998 10487.12365677 10185.98220318 4895.633649307 6238.44998431 5961.8346325210005 5504.551564489 5721.578572732 8852.141353347 872.6025713435 -9999.0 -9999.0 -9999.0 -9999.0 -9999.0 -9999.0 -9999.0 -9999.0 -9999.0 -9999.0 -9999.0 -9999.0 -9999.0 -9999.0 -9999.0 -9999.0 -9999.0 -9999.0 -9999.0 -9999.0 -9999.0
61639.009788973 28742.017214535 27410.426806440002 9553.4580436 8164.2371674099995 11953.21081722 3771.08992601 3864.55478732 6525.00481322 57166.775424850006 55030.521704924 17644.61681484 40337.2129049 92461.6295493 2204870.426366 1567170.9294409999 129805.47673180001 32173.018437389997 35230.21209893 28480.61741726 50816.913008999996 66561.47145869999 31099.53361064 23389.19000362 7082.660324300001 7747.89163561 8394.084147727 12080.972652788 18378.88087442 12322.312949889998 11839.340122680002 11067.75427613 6079.391780688 6246.088147498 6396.528211282 5280.09547909 7319.4691243199995 5519.167657377 -9999.0 -9999.0 -9999.0 -9999.0 -9999.0 -9999.0 -9999.0 -9999.0 -9999.0 -9999.0 -9999.0 -9999.0 -9999.0 -9999.0 -9999.0 -9999.0 -9999.0 -9999.0 -9999.0 -9999.0 -9999.0 -9999.0
82582.26242489001 64061.53232047 31584.106660189 4179.65515353 3924.30821768 10602.36221391 22809.205083921002 29594.347250994997 17650.257974783002 41043.41400617 28582.2512719 18269.72695358 10246.6662056982 23883.73121962 115117.877266 46547.97467655 33653.25232549 24606.67868215 20279.56093662 39789.170822889 50052.3961285 50839.90503076 41705.8502938 4273.5069541699995 7066.189564619999 7449.23558676 5832.2861919199995 7469.62802973 5573.193086944 9646.287668647 16931.825638809998 14861.826256257 6224.246587085 6279.100284073 7221.247163847 7692.271799876 13660.54715909 541.1652920066 -9999.0 -9999.0 -9999.0 -9999.0 -9999.0 -9999.0 -9999.0 -9999.0 -9999.0 -9999.0 -9999.0 -9999.0 -9999.0 -9999.0 -9999.0 -9999.0 -9999.0 -9999.0 -9999.0 -9999.0 -9999.0 -9999.0
77239.91445136999 132045.43247681 84608.01694516999 21684.26175923 28539.704284549996 60124.423423559994 41798.128196390004 39922.84210222 18442.51919581 40688.75160069 12748.14834792 30105.80210824 4110.23431484 9670.64703382 15626.18851775 10299.86056231 21965.714530409998 26083.43236754 12256.38522043 23769.44304794 51448.6381009 38988.8006403 43171.30988994 5491.57165573 6804.79865398 6097.95427594 5762.21766115 9226.929464784 18109.11105821 9389.180713702 22567.153666103 16685.343910949 6307.767373965 6309.675330379 7225.04125598 3569.430800524 2699.108209249 -9999.0 -9999.0 -9999.0 -9999.0 -9999.0 -9999.0 -9999.0 -9999.0 -9999.0 -9999.0 -9999.0 -9999.0 -9999.0 -9999.0 -9999.0 -9999.0 -9999.0 -9999.0 -9999.0 -9999.0 -9999.0 -9999.0 -9999.0
70168.83655526 131354.57517415 198077.31263652002 43586.48724609001 80338.9431904 166995.50478187 157105.85943651 134304.8038806 29361.48371395 8972.39718311 3120.991303145 6023.9651073 3463.93673599 18194.7377392 27912.729573746998 10902.1016919 15138.1996431 9372.92585663 6971.07245998 8416.0405147 9466.366682691 42638.38898823 35643.98979288 22310.23026473 7575.29611173 8740.82349682 7649.67314921 17251.250912524 16748.110518029 17032.839681079 17734.076808871003 18459.30372213 6645.228766823 2484.54132909 3043.258631715 5009.196965227 -9999.0 -9999.0 -9999.0 -9999.0 -9999.0 -9999.0 -9999.0 -9999.0 -9999.0 -9999.0 -9999.0 -9999.0 -9999.0 -9999.0 -9999.0 -9999.0 -9999.0 -9999.0 -9999.0 -9999.0 -9999.0 -9999.0 -9999.0 -9999.0
50538.96820670999 222602.01699492 204223.24173042 54914.8534765 88455.42856998 142719.19639640002 101148.1838865 144842.5387923 31708.39176921 3926.8214177399996 5097.63940048 3004.13196277 6542.55099387 17346.59778009 8786.36404633 17070.19809046 9116.879426 25190.96134813 11088.2170906 9602.6804294 6916.22828281 8197.017964880999 3610.041485201 3240.727142033 20343.137245117003 18425.597997233002 13928.361390026 16062.89177929 15554.08773028 14438.498156182999 14823.565761529999 4437.8720124950005 2696.779118801 3325.766554556 4552.04802038 -9999.0 -9999.0 -9999.0 -9999.0 -9999.0 -9999.0 -9999.0 -9999.0 -9999.0 -9999.0 -9999.0 -9999.0 -9999.0 -9999.0 -9999.0 -9999.0 -9999.0 -9999.0 -9999.0 -9999.0 -9999.0 -9999.0 -9999.0 -9999.0 -9999.0
41380.25960402 164092.46256036 261238.80995596 33685.52385608 19820.150361469998 266961.48764519 180019.95258575 169257.033184 58916.533901250004 10223.73274592 20048.7364337 3385.484880347 4937.68431784 14400.30890249 3160.24751248 5969.18087866 6182.035595381 6787.76214789 11070.690189611 7992.7851225594 5928.668440141 2823.582002556 3057.453551771 4989.08889287626 26753.502482654 20503.560970253002 14443.016938297002 17343.370821659002 18058.33388721 16083.611966141 13091.029538215 2808.047312556 3330.763798529 6221.80253708 -9999.0 -9999.0 -9999.0 -9999.0 -9999.0 -9999.0 -9999.0 -9999.0 -9999.0 -9999.0 -9999.0 -9999.0 -9999.0 -9999.0 -9999.0 -9999.0 -9999.0 -9999.0 -9999.0 -9999.0 -9999.0 -9999.0 -9999.0 -9999.0 -9999.0 -9999.0
61778.057802439995 685102.1572629999 45610.70457643 22209.22386781 297115.91956412 254614.15948955002 167429.49782386 115926.4270512 81745.40041711 18188.37038579 12558.78659183 4271.21606929 3037.46570837076 23419.0050632 10230.79772626 2837.1766221939997 3245.87152568 2790.403565093 5386.687910897899 8463.127901459 9803.67544708 6371.8703112 3537.584362653 6209.08679494 29915.073282297 20869.780439344 17718.174731107 17688.953939583 15504.481124468 8860.928060277 16160.371161803998 5285.985590118999 6460.818672625 208.519656646 -9999.0 -9999.0 -9999.0 -9999.0 -9999.0 -9999.0 -9999.0 -9999.0 -9999.0 -9999.0 -9999.0 -9999.0 -9999.0 -9999.0 -9999.0 -9999.0 -9999.0 -9999.0 -9999.0 -9999.0 -9999.0 -9999.0 -9999.0 -9999.0 -9999.0 -9999.0
163304.2994357 623703.9404486 351651.58624334 2745.90586387 287161.49961497996 327285.30153965 344197.01599364 188431.5953247 107955.31120841 84404.74867836 18696.78804163 5045.16164802 6278.778237532 13418.371021620002 7248.525713097 5968.57860827 4685.30750576 2603.771270599 5436.4343107688 5865.097238737 6518.63240119 6071.386832987 3397.1548164039996 3937.1488091399997 19393.20253452 17448.994543381 19410.476347940003 15539.702789204 10988.847532713999 15372.51418482 23520.529830095 1732.9684013425 41.0957370604 -9999.0 -9999.0 -9999.0 -9999.0 -9999.0 -9999.0 -9999.0 -9999.0 -9999.0 -9999.0 -9999.0 -9999.0 -9999.0 -9999.0 -9999.0 -9999.0 -9999.0 -9999.0 -9999.0 -9999.0 -9999.0 -9999.0 -9999.0 -9999.0 -9999.0 -9999.0 -9999.0
711557.7732976 154701.87054304 94422.26179614001 243589.76153821 227248.06231135997 189136.95763530998 334707.06693564996 292834.91121058597 101857.56241022999 177127.58607390002 49500.66758673 10871.733739840001 6514.02106578 13948.40046986 32065.668455400002 4350.762550147 8362.36120221 7015.97440331 5257.41973236 4970.60840227 5753.91003321 4693.9271938599995 6786.861523093 8401.169742152 15090.361444645001 16750.246627284 15003.475171962 11996.421869087 21054.82308364732 29294.51902962 186.4294237581 -9999.0 -9999.0 -9999.0 -9999.0 -9999.0 -9999.0 -9999.0 -9999.0 -9999.0 -9999.0 -9999.0 -9999.0 -9999.0 -9999.0 -9999.0 -9999.0 -9999.0 -9999.0 -9999.0 -9999.0 -9999.0 -9999.0 -9999.0 -9999.0 -9999.0 -9999.0 -9999.0 -9999.0 -9999.0
242695.62530220003 91916.97214659 232284.22927366 188104.79076884998 235835.85945644 204843.59999304003 233645.13723320302 341825.41536368005 1005699.2628441 1439888.8833060998 750218.4248920999 26693.42071255 11541.60918136 29335.54800419 34414.204107 10152.596735840001 4238.511802471 8657.169337862 9246.82454438 5318.0491105500005 6986.500201 6615.2857109 6554.535521987 6467.5054395689995 11147.458095437001 13099.714890274001 12849.912201846899 11915.666026144 1705.5931970005 0.0 -9999.0 -9999.0 -9999.0 -9999.0 -9999.0 -9999.0 -9999.0 -9999.0 -9999.0 -9999.0 -9999.0 -9999.0 -9999.0 -9999.0 -9999.0 -9999.0 -9999.0 -9999.0 -9999.0 -9999.0 -9999.0 -9999.0 -9999.0 -9999.0 -9999.0 -9999.0 -9999.0 -9999.0 -9999.0 -9999.0
1840608.8160463 505990.66306071007 166931.01855466998 337809.3386525 273100.31127181 422774.61869961 492881.6064437 438902.79280683 1055409.22259564 2015495.9396338398 657283.10535188 29894.301132829998 15652.05017776 113959.01532909999 10024.646469012 12009.154338064 9040.352620270001 7534.78293775 6254.410550918 5892.75284433 5116.66411163 4390.0638033092 8315.137379579 7743.256719102 1742.486328887 18619.348296360004 3115.849384549 630.0337088264 -9999.0 -9999.0 -9999.0 -9999.0 -9999.0 -9999.0 -9999.0 -9999.0 -9999.0 -9999.0 -9999.0 -9999.0 -9999.0 -9999.0 -9999.0 -9999.0 -9999.0 -9999.0 -9999.0 -9999.0 -9999.0 -9999.0 -9999.0 -9999.0 -9999.0 -9999.0 -9999.0 -9999.0 -9999.0 -9999.0 -9999.0 -9999.0
383126.916464 210414.62527532 208984.2144223 264798.69187385 652105.6758363601 403502.42400258 15769.177077216002 244933.57349612899 747267.66651854 1868216.51302842 1124229.8653302302 55468.21976331 77583.86039455999 47395.33806015 38285.72104297 49650.227196629996 8148.13873316 10961.29057184 6180.5613431500005 5104.63173981 5216.70365048 4309.8319402199995 11106.824604792 7525.217412242 25066.365539951 4665.3413262105005 644.2427619155 -9999.0 -9999.0 -9999.0 -9999.0 -9999.0 -9999.0 -9999.0 -9999.0 -9999.0 -9999.0 -9999.0 -9999.0 -9999.0 -9999.0 -9999.0 -9999.0 -9999.0 -9999.0 -9999.0 -9999.0 -9999.0 -9999.0 -9999.0 -9999.0 -9999.0 -9999.0 -9999.0 -9999.0 -9999.0 -9999.0 -9999.0 -9999.0 -9999.0
367960.6544603 366662.46193920006 403968.68802734994 2051111.96069594 4657.843779738 0.0 0.0 0.0 194909.4591810479 450667.01219146996 1316779.0876456301 382180.24772877997 91717.06118296 226482.40064998 1702200.6138452 618117.2597581301 92703.25509272 11652.077643870001 13558.81623696 6645.106496836001 4617.34334188 7463.748302755399 12484.049162611 12268.04498259 15336.160732807999 1170.2457372786998 -9999.0 -9999.0 -9999.0 -9999.0 -9999.0 -9999.0 -9999.0 -9999.0 -9999.0 -9999.0 -9999.0 -9999.0 -9999.0 -9999.0 -9999.0 -9999.0 -9999.0 -9999.0 -9999.0 -9999.0 -9999.0 -9999.0 -9999.0 -9999.0 -9999.0 -9999.0 -9999.0 -9999.0 -9999.0 -9999.0 -9999.0 -9999.0 -9999.0 -9999.0
1668589.8719153 726069.3516958 510565.73761071 407661.49576352 0.0 0.0 0.0 0.0 497524.22821119 2699703.8107617926 1645010.54223515 1125602.9369803001 1029887.5155741001 1635845.0233902999 666054.1340937399 394877.16800912993 183708.61771060003 17828.10476264 9143.36058418 10200.47250046 8264.989516232 7128.18708694 8893.006409990001 7921.88048841 1293.5344678849 -9999.0 -9999.0 -9999.0 -9999.0 -9999.0 -9999.0 -9999.0 -9999.0 -9999.0 -9999.0 -9999.0 -9999.0 -9999.0 -9999.0 -9999.0 -9999.0 -9999.0 -9999.0 -9999.0 -9999.0 -9999.0 -9999.0 -9999.0 -9999.0 -9999.0 -9999.0 -9999.0 -9999.0 -9999.0 -9999.0 -9999.0 -9999.0 -9999.0 -9999.0 -9999.0
2667097.1550612 235135.1797286 61074.89958859 45373.63952949001 0.0 0.0 0.0 16523.112433029 586166.1353260799 400539.86305707 49319.74551123 41253.62658892 72425.76299623 781792.4198953001 337734.86859798996 436910.70934248 203122.11330851002 20107.91898586 9499.237926991 9620.765122230001 6955.525019905299 7066.3858669969995 8350.448888677 8301.04003341 -9999.0 -9999.0 -9999.0 -9999.0 -9999.0 -9999.0 -9999.0 -9999.0 -9999.0 -9999.0 -9999.0 -9999.0 -9999.0 -9999.0 -9999.0 -9999.0 -9999.0 -9999.0 -9999.0 -9999.0 -9999.0 -9999.0 -9999.0 -9999.0 -9999.0 -9999.0 -9999.0 -9999.0 -9999.0 -9999.0 -9999.0 -9999.0 -9999.0 -9999.0 -9999.0 -9999.0
1357582.9723213 537668.4147098999 60348.3565634 33478.98934547 0.0 183.655913888 11968.0063851582 415337.30566550005 356129.6654843 241206.6217835 47168.05061947 86611.84209199999 26123.116903429996 57478.2579805 176701.957818 421369.7207682 166760.61187494 10636.04169583 7858.937691880001 7408.17168456 8457.671913824 6412.450175666 11501.51867638 308.88473892 -9999.0 -9999.0 -9999.0 -9999.0 -9999.0 -9999.0 -9999.0 -9999.0 -9999.0 -9999.0 -9999.0 -9999.0 -9999.0 -9999.0 -9999.0 -9999.0 -9999.0 -9999.0 -9999.0 -9999.0 -9999.0 -9999.0 -9999.0 -9999.0 -9999.0 -9999.0 -9999.0 -9999.0 -9999.0 -9999.0 -9999.0 -9999.0 -9999.0 -9999.0 -9999.0 -9999.0
981405.45298554 739058.6693635 37702.116752379996 15144.40256649 16640.112200236 11742.964403384998 36561.362004888004 214153.20932917998 82430.25298861001 22332.3823186 45144.07395774 36701.839234878 8303.567099546 57957.942083600006 46632.97848657 75302.97842002001 120261.37491986 5327.591446276 8611.97813169 11641.761431359999 18997.80443154 2494.569430493 406.142121723 -9999.0 -9999.0 -9999.0 -9999.0 -9999.0 -9999.0 -9999.0 -9999.0 -9999.0 -9999.0 -9999.0 -9999.0 -9999.0 -9999.0 -9999.0 -9999.0 -9999.0 -9999.0 -9999.0 -9999.0 -9999.0 -9999.0 -9999.0 -9999.0 -9999.0 -9999.0 -9999.0 -9999.0 -9999.0 -9999.0 -9999.0 -9999.0 -9999.0 -9999.0 -9999.0 -9999.0 -9999.0
2010737.1994741098 478129.3267345 74340.05478337 142648.00733784 341009.04350828 222279.88021258 302480.41504092 131136.13121304 106087.19604420001 10175.88146252 10824.99150429 100478.878922 268047.76177750004 49334.445506020005 107849.4119827 79419.10100000001 62156.66622233001 5579.28195191 9474.874585759 2457.112020817 2560.660468648 58.87209008864001 -9999.0 -9999.0 -9999.0 -9999.0 -9999.0 -9999.0 -9999.0 -9999.0 -9999.0 -9999.0 -9999.0 -9999.0 -9999.0 -9999.0 -9999.0 -9999.0 -9999.0 -9999.0 -9999.0 -9999.0 -9999.0 -9999.0 -9999.0 -9999.0 -9999.0 -9999.0 -9999.0 -9999.0 -9999.0 -9999.0 -9999.0 -9999.0 -9999.0 -9999.0 -9999.0 -9999.0 -9999.0 -9999.0
1620614.57107812 694864.8334427 56961.988207589995 93058.72051403999 261431.90499889 219215.44486954 213479.94223515003 203183.62261862 99149.61275979 42622.64752195 207188.28583304002 509096.53523690003 614090.4750755001 293959.70595140004 741771.0094823999 164601.64144752 116880.83730136999 8410.325967570001 19569.89054418 13932.486774326999 2626.6281248913 -9999.0 -9999.0 -9999.0 -9999.0 -9999.0 -9999.0 -9999.0 -9999.0 -9999.0 -9999.0 -9999.0 -9999.0 -9999.0 -9999.0 -9999.0 -9999.0 -9999.0 -9999.0 -9999.0 -9999.0 -9999.0 -9999.0 -9999.0 -9999.0 -9999.0 -9999.0 -9999.0 -9999.0 -9999.0 -9999.0 -9999.0 -9999.0 -9999.0 -9999.0 -9999.0 -9999.0 -9999.0 -9999.0 -9999.0
787904.6442495001 93222.63486346001 11385.470432420001 22702.89651225 140769.36474718002 179021.0443265 222224.16057051 97655.31025572201 84157.05320013 47115.09581377 94050.38349431 91942.24873494 118120.96122944 143976.77794936002 85824.21969584 97442.1007525 46522.28704342 31540.74735044 100014.17979692 118335.30324041999 -9999.0 -9999.0 -9999.0 -9999.0 -9999.0 -9999.0 -9999.0 -9999.0 -9999.0 -9999.0 -9999.0 -9999.0 -9999.0 -9999.0 -9999.0 -9999.0 -9999.0 -9999.0 -9999.0 -9999.0 -9999.0 -9999.0 -9999.0 -9999.0 -9999.0 -9999.0 -9999.0 -9999.0 -9999.0 -9999.0 -9999.0 -9999.0 -9999.0 -9999.0 -9999.0 -9999.0 -9999.0 -9999.0 -9999.0 -9999.0
149429.86726566 14506.54956316 8467.268347477 11143.1718856 56668.610690099995 155455.15221366 141979.54655847998 85609.46238574 134786.85330163 182775.56885216 159785.73325411 209258.3692337 23770.06119254 39717.93866412999 50581.85072121 210779.7195732 46442.18978142 25337.79581366 100463.40118289 3343.5462270893 -9999.0 -9999.0 -9999.0 -9999.0 -9999.0 -9999.0 -9999.0 -9999.0 -9999.0 -9999.0 -9999.0 -9999.0 -9999.0 -9999.0 -9999.0 -9999.0 -9999.0 -9999.0 -9999.0 -9999.0 -9999.0 -9999.0 -9999.0 -9999.0 -9999.0 -9999.0 -9999.0 -9999.0 -9999.0 -9999.0 -9999.0 -9999.0 -9999.0 -9999.0 -9999.0 -9999.0 -9999.0 -9999.0 -9999.0 -9999.0
