critload/trunk/output/1999/nero_tot.asc
ncols 720
nrows 360
xllcorner -180
yllcorner -90
cellsize 0.5
NODATA_value -9999
[rows 108 to 134 of 360, columns 420 to 479 of 720]
-9999.0 -9999.0 -9999.0 -9999.0 -9999.0 -9999.0 -9999.0 -9999.0 412.255254788 -9999.0 -9999.0 127007.111192537 698778.74534049 254390.979852963 219099.11797022002 71178.0510355072 46929.8339970518 50760.669381442 49884.571329257 66907.47492943 24401.93268753 54294.01763336101 18839.52622963 17551.091584089998 22086.247627210996 25266.21226459 49149.56328813 86396.02791820999 189891.67901067 411651.12878449 2068813.8896289999 622439.1101813 631321.87012632 552098.5276592 211705.05029155 339870.97526082 189459.992141302 267559.36804522 380159.49371307 260075.54522475 94345.11255326 156805.376906462 635503.63259319 464221.03455061006 723624.6709104 394938.6706052 335486.2993956 22003.4767912205 24486.546120479998 6297.3721907399995 14089.042384870001 9409.014908199999 8168.49028969 11631.423536792001 18526.82893485 30235.56147467 28342.06104324 98636.53093178 136858.48768141 226617.95288197
-9999.0 -9999.0 -9999.0 -9999.0 202.711421446 45881.32261172 93752.31809897 74982.81931808 815.00413607 -9999.0 -9999.0 52772.96523997406 815464.6635148 217185.8769525739 67723.86235394 36953.79408710234 17185.582644414 13265.03550364 12704.82120615 9553.66987839 38543.11343222 15689.167556499999 5857.136862101999 3368.208069591 3333.8295378473 3934.7041002399997 42209.17219839 111649.499208829 105933.97150146999 195927.17142740998 389025.11475877 819422.34369069 1523577.6522141 604598.1038776999 449288.0150251 319636.97205499 125833.86761228001 202987.264174028 204020.60453230998 267382.26522907004 78784.87852149 27350.950811299997 42553.93051987 56045.77613204 136930.8279086 121233.05981860001 9349.84792765 8025.97886731 13002.0513594 11711.191029770001 4253.17507439 4076.049839867 2061.6496649210003 14019.94110351 13053.08606165 44665.32712857 221841.24030434 166338.72690158998 266294.42344465 303981.90095587994
-9999.0 -9999.0 -9999.0 -9999.0 4325.892528404 47759.718514069995 15882.59200318 12224.82557157924 -9999.0 -9999.0 -9999.0 34334.69535381243 492306.09264524997 149649.02688708797 124957.301772259 29222.02948728 29502.405802471003 12032.510262175101 6984.555656590001 6800.8328001380005 6403.717902523 41699.125891906 5297.29594095239 4178.707654350001 3323.832607343 3465.33204491 6940.205381979999 44609.20713617 20018.39465074 56602.426465676996 82687.00506196001 421914.80697204 763181.7493266499 306631.0915177 690500.4413378 326738.82057089004 343939.25729284005 131129.44467144 180888.432629022 205861.49828301 132611.33454084 52081.82880101 16845.33667307 5287.4155899312 9347.693010219999 8333.4558689 8303.65330521 4684.4789119199995 4916.86362103 4107.8115457 3960.39716349 4510.950114290001 4782.45608996 2524.999462055 11018.58064692 6647.43483068 6824.96101053 19969.88312887 32345.928946160002 71768.46228746
-9999.0 -9999.0 -9999.0 -9999.0 -9999.0 -9999.0 -9999.0 -9999.0 -9999.0 -9999.0 -9999.0 62229.3830246 202229.4474343 94255.60983064001 20072.88601623 17134.789334479 7233.35788417 9708.627258696 9902.25032042 7488.85996198 7079.504105364 7813.18782519 10354.74875517 5191.055269702 6663.35918726 3557.425309165 2416.939421052 19041.62418555 59124.990128755 60604.32372628299 96398.72879894201 302978.90733882005 191356.77787971002 123233.83312806 330772.24697767 463631.92261859 567577.6368642772 210039.74285217503 281756.53660876 233797.065730893 129375.10358652 82786.52856949999 61362.444259120006 7469.36924332 9886.70391525 6894.96839129 3322.5131424600004 4155.828840879 6281.229180099999 7621.40958184 7257.36065376 4362.67857887 5910.57442633 9728.3156701535 6805.52271719 4562.013082186 26645.616217389997 45244.26359393 19548.78779473 21788.920685330002
-9999.0 -9999.0 -9999.0 -9999.0 -9999.0 -9999.0 -9999.0 -9999.0 -9999.0 -9999.0 11726.744873595542 293230.6535434 229286.45731596 93574.20646631 13618.163280267341 12714.63088134 6914.499786438 6276.447596615 5760.400060534 5352.79399931 3653.73177123 3175.400646826 2403.839717406 2375.726209004 3434.25625566 9562.813040230001 6538.987003476 8407.11906477 106953.479413901 111162.28058680792 53498.017724387006 156575.66281531 319993.6459176 469797.68495068 144779.39809285 297185.03632795 611528.97887887 604163.82169906 516759.48194028996 278642.38691994996 161905.37996817 38004.47012898 67924.6108824 56482.98948551 26199.37378289 15077.620157500001 7232.6120151899995 8623.752149501 15622.321418570002 18802.24695655 7284.555835589999 5257.22071689 17768.62837808 12205.83056131 39732.744092199995 9738.717947230001 24554.25744097 71319.56389219999 27284.74517936 31181.52726332
-9999.0 -9999.0 -9999.0 -9999.0 -9999.0 -9999.0 -9999.0 -9999.0 -9999.0 -9999.0 314271.841426785 461503.3703382 176795.02561248263 12380.852153730002 5409.20280834 4526.118157479999 6249.368700332 3975.38069042 2555.9210280409998 3101.69648896 3671.697077617 3362.072987085 2453.197884366 2245.642807384 2615.463868324 3048.043900556 15825.96646624 40849.35319625 71484.993400904 73980.4182501753 24810.73216698 21141.222042337 46197.18022676 356730.78563410003 282886.48604037997 240652.19705453003 361785.07952797 329817.7225727 713272.5537133 431885.9169838 262499.33192321996 61383.46313 25054.53762466 22239.17101148 33715.67863711 12830.85481194 6197.16383266 8764.48245513 12246.47476096 13299.37258879 8380.78696058 9438.13036778 14069.86552496 6102.044216002 14453.90823259 6834.079147144 5003.187924281 16900.43316486 21176.76998838 23271.803750699997
-9999.0 -9999.0 -9999.0 -9999.0 -9999.0 -9999.0 -9999.0 -9999.0 -9999.0 12458.2711459798 198990.26124428998 416595.8315207956 251845.422161555 182023.87922837998 8734.859620328 4429.3437030000005 2793.0896292360003 2595.9392241799997 2624.579097152 3136.253988692 3606.1701937099997 3205.8531238530004 3277.179548641 2714.934950289 2152.12781119 3054.925395172 2525.110421497 3725.35638276 92633.493644508 102209.85574892558 79441.28138430431 25714.039387253 48148.08087331 66994.25729316 165085.4748017 306154.37135834 302365.54745933 319578.5079182 526219.2389875001 834229.1738142001 508579.4706934 241266.9131786 75429.42368190999 62252.782630810005 32969.38827186 10200.857417339601 5628.05125178 6652.99669221 8324.40974317 13653.96328507 8417.625290044 14491.728311249999 5010.050569305 5427.305331167 6729.77244283 5825.545776818 4146.642818828 13121.19274853 38976.61392616 25761.40815363
-9999.0 -9999.0 -9999.0 -9999.0 -9999.0 -9999.0 -9999.0 -9999.0 -9999.0 51717.46119271196 143313.61834215 724511.22507628 21159.38791088 10121.79292413 4316.91023153 4101.24615648 2667.252173408 3210.0469546689997 3828.57048372 3782.06099721 3070.92628881 3809.385613115 3637.1066605700003 2782.540011849 2171.540262533 2370.63198199 2714.560594325 2631.183089928 29333.956709675 76777.54064368058 39860.66653164557 53651.1419001198 31842.356519338122 44822.246081762845 66904.74112774 125418.70412333 97133.3607128212 379444.29463922 239850.34838900002 634834.0351504 631553.8300473 588225.1843931 121178.99154632 88282.13872638001 29344.67468222 15902.484122337999 6989.11605565 17598.75094231 37438.02363384 15788.79309232 14487.53677005 17411.03418903 6294.2094555799995 7518.880011769999 9304.25858507 5385.414185388 5481.122927447 6141.5764737 15898.149531269999 21033.88912538
-9999.0 -9999.0 3273.5092903104614 -9999.0 -9999.0 -9999.0 -9999.0 -9999.0 -9999.0 190597.36988086993 220386.3778534 259968.74761299 12557.402700480001 3684.7769582809997 4111.23839041 6521.68277318 5494.00536974 3193.771724327 2336.70924817 2226.12152954 2568.203518252 5236.76219436 3524.4265472949996 2387.112711521 2361.0823811210003 2837.6429420140003 2520.282656552 2507.524307444 18936.267646115997 49790.853444636006 28677.258664121 20849.959736487 76276.211303049 40615.730083889 76555.39212502795 49452.26016945 83143.611708075 139640.8510761713 160059.13117548 377326.6659677 985367.8008014 928754.282216 373155.33655793004 96907.19245619999 13042.340395141 5155.881313978 5647.476042262 29976.35764175 81742.43693371 15996.54522207 13544.935265099999 16478.22797648 17035.14475648443 11858.634529949999 10267.074942356001 5144.584668556 3898.813906118 4502.307071088 8448.85535319 11704.199398608
60972.9680932677 78094.24284809089 66077.393754604 89444.98780681501 29412.240228665156 3286.10442008 5248.71018045 46152.09408517837 38770.633012355 79123.64863298999 44692.55654943 215573.1372337 4661.985663899 4280.2552965899995 4945.533004360001 5020.41303281 8068.41221982 6685.373232972 5668.768438919999 2118.384527459 2103.30756263 3122.90545239 3761.374519 3916.71876198 2605.499743848 2774.8739746399997 2786.306365587 2342.045505178 2194.603019668 9777.530484103001 40584.14557517 15936.541300054 57075.866812443 20040.67147819 70615.58321381299 32423.380841379 70938.031666143 61395.19550399199 56168.219809849994 228679.62777076 647774.0566784 1019095.4397957999 669378.2224896 132137.43802483001 110531.63528604 44541.41372932 9167.4176969 8350.86262742 15871.20032856 18794.73943053 11942.287271149999 20987.91425972 22913.83346208 31869.62914205 14699.03613001 5188.737744251 4087.53028499 3896.397797777 4263.092918994 5490.11623776
16446.934042327623 98329.18550219649 98842.495783062 98388.0871410426 7576.670185619001 1691.375574691 4958.79868061 3643.43862715 4694.7706047226 7625.05178901 10136.80586092 29023.142587730003 3831.932989427 4349.90015935 3714.51903286 2309.15740375 2231.09931144 6232.5537163399995 7638.008914849 2837.58114061 2433.63578834 5481.60767337 4927.40931027 4819.7544251829995 4792.19929699 3630.3095761100003 2625.548406556 2294.228317401 2140.1131585089997 2206.155021475 3556.0291997040003 2892.552640133 2796.6661272369997 17242.35207653 21813.60233484 13289.06032954 29285.917508910003 52577.620588763 56004.426241147 79880.8706944 385666.10774949996 980949.6179351999 1008571.3681604001 543056.6656018001 283605.16122497 233590.1761112 30840.24912961 9742.063560909999 5003.6849234599995 11411.690990431 38500.32482256 94068.51814793001 86159.18611084 153147.09513059998 35135.62180397 7589.68603572 5247.1556289010005 5713.709216764 13062.61119969 20531.6717042
3250.95458174 43379.49338867509 112568.648863008 26358.06943264 4870.6952014447 2895.762929267 4570.06373785 3862.57276517 3675.3980744 5767.9582505 11317.04314514 5910.595300622 2417.883007527 3025.238763301 4056.336867 3079.58201215 1844.2215345 2273.13082885 2694.37954934 2735.648734143 3930.9576623899998 3897.5060162299997 4472.318498000001 5081.281175917 4920.9300366200005 1725.9195588769999 4748.49658087 2828.14416546 2190.187907677 2350.478566448 2379.437463962 2175.6043455950003 2478.992528486 3053.4174565519997 2974.018715542 2501.4728056540002 13602.15400323 23019.503066326 4437.388885955001 55088.25932246394 107818.69623543999 200336.62379999997 370075.46713979996 639260.812036 555564.590282 481189.9133487 94278.71232727 67605.89187784001 40948.40938033 6938.316854465 20442.432111790004 52748.73145059 61802.76673202 98660.38477568001 191268.4849878 19075.396741366 3990.45685512 6358.3191309740005 38299.5674403 26466.64130037
2844.49404722 3648.7124251369996 42661.14650221 5675.4068892 8266.13816025 1424.3597166 5489.00234494 3252.69715516 4336.89968915 6321.736127397 15693.01361348 9290.631212190001 3073.865287486 2434.661472026 2179.591337837 4163.32375578 2757.46071352 2477.60516971 3288.93653067 2797.6194322 6085.856045576 4720.68735375 6016.58804384 5459.3316139 5810.02057977 4969.06448751 4410.94734367 2997.95780396 2169.494548329 2107.080989647 2252.420824866 842.311624765 860.614558002 935.843665072 2590.694978093 1065.768138551 2694.568278961 2202.657295436557 -9999.0 -9999.0 3447.455080281 39607.098911299996 199907.61722024 606561.9050117 274358.63434459997 385254.211265526 310805.59165627 226125.35478450003 43273.64368749 5713.769502458001 6608.632282716 37097.80382159 29302.731593869998 82477.11377139999 36115.88468539 22368.88954377 5499.55848133 3065.97994803 17533.74451467 10018.672924116
3442.36212638 80656.648170007 95751.95653655 4937.8945798 13658.1285488 627.734547383 9333.1797916 6456.60477596 8840.68136712 7837.498685529999 33835.68800132 13286.99069745 2179.85382866 2034.32779411 1588.83496209 1086.53595561 3269.72460482 3346.06609972 1399.81054479 1395.602456278 20079.33090223 17880.84591234 7616.624337933 8103.148911809 8632.455776974 7334.1139223459995 6495.054164279 5742.610147638 1561.0471210360001 3967.51020817 2411.236249275 945.589800048 948.392986527 3706.58870585 3676.1161351700002 1063.711742494 257.55510452199997 -9999.0 -9999.0 -9999.0 -9999.0 33207.17405650708 305422.83918123 384257.40652142 501605.18555249996 411843.0673165 184851.23548889998 225475.51455030002 60023.73114357 16240.01284191 12142.940062919999 64946.054181889995 28241.36388982 83922.40677910001 59903.542136300006 38627.99440475 22588.869170179998 4197.102438137 2517.536076325 6386.085894522001
2916.23626524 85329.602495603 5729.144516785 2965.14000045 4886.41411804 2632.74376963 1977.45177776 8471.82369759 7673.39946982 14835.2441064 54791.01247818 26012.04075362 2822.588568082 1312.28424953 1706.35880717 1318.99162716 1157.27342027 3110.50925674 1080.34553583 3390.7961389390002 15622.90225824 18128.08260814 22995.97052637 18319.62673267 7503.077248227 8241.818024214 7351.511315964 7608.23249692 6366.272019945 1814.482533157 1576.606702331 4357.61435519 5542.316607931 5128.096187734 5299.648174441 3418.27988968 2124.9970674710003 -9999.0 -9999.0 -9999.0 -9999.0 631.2046927738 121374.10176098 147339.66612880002 250935.85499929998 354036.62405579997 248556.6842116 248343.06739812 426472.94747039996 115692.49722502 23975.94601161 14995.674148425998 22821.945335520002 28433.80899335 33689.937145749995 212084.3601441 61808.929261 49831.8150616 3604.85196502 7548.295262199001
2429.30749838 74560.76545494099 2948.2287429 3600.08405232 2519.60600943 3651.80617081 748.059926596 5297.57116944 10506.1164154 1938.55951575 26908.10452386 38148.66524098 16143.4059921871 9064.39147668 4068.3770520460002 2467.3241097950004 1079.46929512 1029.314005643 1098.61526284 17226.89326768 20108.36935407 18158.632094200002 24707.00533274 21552.6246442 7764.6854892148 7583.572701435 7840.749030305 4497.18666517 6188.107661072 5299.991607479 1519.804397676 5565.379788173001 4656.509158644 5110.111179699 5586.042103228 6224.065117067 5292.907866159 1221.634275725 -9999.0 -9999.0 -9999.0 -9999.0 52133.05822074157 123719.2438767 205124.6160914 295374.3945349 368056.9483229 139113.34733299998 164524.6848443 76737.885575 97458.31116509999 64164.9959909 83833.502022 100473.9086925 34707.99219427 75600.20185612 21163.69066803 20909.051029957 15948.91093308 9327.91205469
2628.62004864 72057.37924529999 3409.526522 3141.08883044 4149.9541078 3218.59082653 5950.76842465 158.41469613 540.494245973 15.2127152628 1122.522572519 48292.72993301 32219.27308448 35518.98198383 15210.43873247 3178.2646527340003 2838.62915347 2603.269044373 22597.61861531 31776.85014532 4560.190941315 3405.641687873 29312.221471910998 3211.4153315745 2786.748530593 5910.487656872 6887.594561315 7783.054575824 6829.85510949 6823.892653653 5717.310619700999 1614.565805623 5135.001592369 6130.064071219 16224.234582931 26323.006400719998 2260.1859022149997 5474.088943848 160.103159922 -9999.0 -9999.0 -9999.0 57.8672262648 3157.301178082 102433.95767147 215835.0724252 135896.7956927 138580.6265546 125567.674854 47625.53575327 57104.5283093 62488.771326400005 85177.8994448 80057.9759466 21481.70329615 20369.98607356 9269.166102789999 6536.142509249999 11372.83403814 15482.42364073
2849.38780664 18568.014717468 58326.945170272 4023.59754729 3848.21787514 2300.25420162 6336.52311194 2397.22248261 -9999.0 -9999.0 -9999.0 2006.37993419 8684.70009891 39759.87183704 18436.786210356 4803.292913726999 2097.16881135 1541.344475888 2893.88538866 4803.355107673 3515.44639371 10850.954585788098 15393.38127176 10048.2147559711 10635.5824218492 4262.709325424 7088.088751740001 7884.029445960001 10193.234941588998 8836.967181945 6314.659255725001 1702.661767613 1978.767181192 2342.0441505631 3707.2804131260004 13906.22438086 2955.627459638 1676.4721991679999 4969.389328560001 456.7499013305 -9999.0 -9999.0 -9999.0 -9999.0 -9999.0 10552.141430250002 182785.22414159 125042.6665511 109618.0083477 81623.4206347 66412.15630082 30922.906809703003 77314.07838862 19900.38440214 129427.05135466001 15050.85064569 5652.872412427 3805.406092577 3658.7277003530003 4907.363164883
2850.23350965 2561.68176307 26300.127962917 31210.646560961 3625.94230303 8591.95396618 4147.74970027 4239.67970827 -9999.0 -9999.0 -9999.0 0.0 2913.74948892 7129.7242494 42854.245934 21325.50522386 6759.747792183 2391.230384582 2320.235590453 3113.422123024 9251.578462107 10011.33601312 9886.299476371001 12175.764158279999 9973.724184305 8373.81751191 5954.793396288001 20400.300740571998 3925.584714838 22403.64057013 6811.933958111 6945.168431497 2563.957568241 2083.623472816 2032.4832295089 1750.8523736339998 2371.42737458 4784.63615217 4102.856195634 5036.140371708 90.0593976671 -9999.0 -9999.0 -9999.0 -9999.0 -9999.0 108.8655828339 13922.24428034 18928.33739328 46931.9310259 21452.239040989996 6137.238172104 2036.87145952 -9999.0 40456.4941713 27418.439497400002 47227.0867716 28251.641683100002 27264.198312 24724.5205481
2889.97096109 2418.3604437 2664.08831347 25118.2779444736 88766.93534986701 60980.96393073 2712.40661046 4323.64230134 859.246669151 -9999.0 -9999.0 -9999.0 880.216853781 4412.50002594 46697.805274000006 12546.7627737 8884.815465944 25327.930362670002 17858.88345456 4289.802848878 9488.702426271 6839.269253476999 8825.62743479 7011.648972481 9010.916904095 9045.116864358999 4789.110250888 15309.85844701 16787.9255613 21358.93801455 7173.168382601 6381.750697484 2429.5807601782003 13532.609158852 5452.72211071 2044.0820521270002 2179.707409624 1930.1021322439 4053.5649749269996 3588.57227578 1919.815033638 847.2874786949999 639.4886465565 -9999.0 -9999.0 -9999.0 -9999.0 -9999.0 -9999.0 -9999.0 -9999.0 -9999.0 5979.296880263 -9999.0 9854.73769706 33107.41183653 39149.1576143 19961.99533849 15908.46647307 20404.78531413
4528.37666579 2958.30594358 2486.57851665 2532.05639517 4210.6752514 79466.50869021 2152.5821077 3163.87453671 3351.95110285 109.749660591 -9999.0 -9999.0 -9999.0 1099.18276575 13655.50525567 46929.40231163 31540.3982551 27865.396934379998 13065.328843219999 12394.806889989999 10546.750226580001 8670.964712613 9484.844088220001 6728.19563408 6361.550206999999 9049.12862062 6759.734791362 12473.782438351 35851.55143574 6391.051342083 14928.303865386 8098.896087373 7323.8997370179995 6479.577433081 5975.448239255 6056.1823104039995 4153.9549418 1797.6006296652 5525.0060952759995 9614.927756680001 2479.097345304 618.7690287409 3313.73979487 432.746637716 -9999.0 -9999.0 -9999.0 -9999.0 -9999.0 -9999.0 -9999.0 2077.642385056 25722.14802433 -9999.0 859.220972639 6535.98290395 6434.92031519 9286.84730166 8715.79746452 12020.98944401
3093.26352154 5659.7863055 2116.68153988 2303.89787206 4022.68082874 14368.901580573998 2277.1409613 2240.94914374 2814.24778057 1334.12927978 -9999.0 -9999.0 -9999.0 -9999.0 5893.131088509999 26320.85121522 27522.408749782 26491.388365770003 18954.134210620003 11100.68809806 9257.89321806 9633.20915827 7542.20475104 5697.630367739999 4919.94153992 9718.6947738 6413.61509672 4619.940458132 15479.07405597 30125.36945538 13631.835309708 10393.093279756999 9597.258718403 8536.419180720999 7620.854625496 6843.338135051001 5584.767317383 3270.70710968 1316.502913953 3096.71909875 2461.798867797 1558.662161613 2199.767506733 692.457304198 -9999.0 -9999.0 -9999.0 -9999.0 -9999.0 -9999.0 741.7338379048 6108.523428708 15993.25042652 -9999.0 -9999.0 -9999.0 -9999.0 42.6970013355 623.91427155 1036.703979161
2743.50521279 3390.02368336 2483.42243956 2013.92113588 3705.20165043 12902.2062382431 4094.7636224915 2058.55681337 6663.63646548 4216.78456559 149.506392293 -9999.0 -9999.0 -9999.0 4929.648511485 35810.30811761 67071.96918456 59416.31454778 26701.14168494 21766.72527131 9116.86627277 7767.11254102 5363.22420813 6163.811913869999 6267.05776331 9776.106272 8431.06861516 3972.88901018 7182.65865827 26480.428324026 3044.5946751829997 11299.174286480002 16101.26156273 6192.8500473349995 1642.9214555254 6836.200672023 6496.856112384 3301.76606696 1035.3228933944001 2123.17648486 4497.91242639 3313.9066053899996 2256.6621515389998 105.266309505 -9999.0 -9999.0 -9999.0 -9999.0 -9999.0 1213.208621002 2486.0304360729997 4782.1534364387 27656.222417819998 80.0470283577 -9999.0 -9999.0 -9999.0 -9999.0 -9999.0 -9999.0
2788.62981006 3066.20661862 2705.79319651 2269.5469584 3078.57960589 10001.227320339 3803.6299362893005 2131.06683014 1652.20294826 4937.98028088 2882.54264773 87.1569584397 -9999.0 -9999.0 101.05378838 4034.281036769 12337.891537399999 59536.478751940005 37349.728534249996 12311.03561571 6488.5513825200005 6388.855645668999 6291.5368812 5542.16980277 4864.99045603 5226.50540774 8195.82151358 4667.34728905 5601.24922554 6852.13407394 8580.37025968 3673.110964583 42847.44877873 16858.34419095 13926.32989674 12518.24384822 6841.574080642999 4744.240573449 3373.635887274 1957.17496696 5113.028677149 2517.87506291 739.8980735 655.4742182589999 113.55774619 3164.1510004969996 2767.1427457085 808.9617837760001 1733.4744255239998 3666.099396075 6308.245574565 9512.640903222 19011.6319835571 6917.2896749 22.7753962624 -9999.0 -9999.0 -9999.0 -9999.0 -9999.0
3008.63952384 2864.25957415 2303.26006161 2794.95306109 2878.79905279 2012.54117463 2205.58699979 1779.30590057 5522.38365385 6549.63752974 4954.98551034 125.032748394 -9999.0 -9999.0 -9999.0 -9999.0 837.693299966 14711.461670169001 57109.27378833 22153.29320268 12668.82856308 10650.06712078 6587.79904172 4316.53487365 4793.3656849300005 3880.79358562 7299.96419059 9394.50668849 5931.37397643 5438.88159666 9840.004526737 9863.79870471 25750.278253689998 16517.45195948 3545.470038163 3524.53006549 6114.6877972639995 1204.90946695429 6321.447671170001 1908.37716209 1965.20708041 861.018490852 844.064774631 3159.80841754 769.76009578 810.107358709 867.905914174 3464.102095487 2408.62943794 2535.87700179 3047.777865531 2686.305859647 14755.750030842 23048.618770089997 9446.50878593 4475.614516162999 1675.062752994 227.5184368191 -9999.0 -9999.0
2827.45921293 2533.32615565 2694.88332631 2802.19530588 2888.92101475 1834.04418846 2573.50197544 1864.81602305 7080.31602023 3729.74230597 6505.24094708 318.036359961 -9999.0 -9999.0 -9999.0 -9999.0 -9999.0 3147.27942131 27588.469679099995 29595.073136069997 10502.64705098 7331.350904086999 8872.61144784 6625.59997053 3673.39250033 3264.16271274 6535.857389770001 9164.03250947 6711.17026697 7577.977418550001 7193.73992892 8367.918456956 16062.068695220001 29588.495638490003 1808.078515835 2373.00288506 5426.614765959001 1234.294595502 1685.7486749939999 1996.4909815 2074.20111315 2118.19343794 2035.65706743 2717.0070205 4303.14628981 4759.82880543 5039.88993987 15332.804504914999 5432.94987159 863.095261225 3129.0962914351 2148.142032925 3456.814032579 9544.711472705 43756.34281996 42158.26555324 26148.769159653 22544.11967211 138.168307853 -9999.0
2732.9983301 2979.32836371 2755.44487553 2632.65542385 3869.02104428 3585.89072898 1773.69551329 2681.65949271 2502.17184386 2032.35639051 3509.09637743 2109.0045353 309.848281978 -9999.0 -9999.0 -9999.0 -9999.0 1027.8813744155 11198.626482059999 37563.620953419995 11322.11974954 6247.548082591 8264.094155929999 3680.03054463 3529.64362437 3997.46651162 3320.503136122 3799.2993112430004 7755.47163256 9751.28638033 8254.73744717 3405.29444316 10166.84698231 3862.6442034700003 959.2004095290999 2905.241116025 5422.378259936 810.427938562 830.0996957355 2284.548435246 2034.53002691 4250.71892905 3958.98512319 2797.64493513 4590.08050344 4721.77977279 11581.16010356 32492.762305199998 35405.747634290004 12229.11957945 3229.3241176049996 1924.11380055 2294.0762436 5596.650423004 7477.1378850870005 8259.089091064 7814.693181799 13577.441960734499 15974.274371018 233.0764802863
