critload/trunk/output/1999/nero_tot.asc
ncols 720
nrows 360
xllcorner -180
yllcorner -90
cellsize 0.5
NODATA_value -9999
[rows 54 to 80 of 360, columns 540 to 599 of 720]
12454.8000755 13922.3711315 16573.9697104 18890.9403184 17667.739712 15339.3926168 15783.4770252 17577.3093873 18943.4261538 20735.2682965 24005.0177035 20986.5172615 19131.9458481 18280.2957367 14812.0132716 18038.4493321 17637.7120572 17642.7425894 18942.8737547 24869.4291949 20263.17661 16631.730514 15429.7220671 18166.7014046 20002.649255 19021.6450535 13098.3435881 16531.1031184 15838.9441606 12597.5495912 12546.6984529 14917.755984 15460.3523938 13502.6596207 13657.3539083 14283.0715725 15408.1635507 15856.0519117 11433.0116364 11491.91106 10526.5416625 10624.9724378 6158.15397398 8647.40449421 9450.94335625 15389.6048723 14053.1677349 14073.4842373 13072.6586481 9852.3352985 11265.0903774 11829.2128961 10149.7245289 9371.38609807 9139.95196082 7491.41445551 10112.1837958 10705.199531 11940.2245342 10733.846669
10954.9141928 11157.4330773 15024.9077489 24041.7252442 25416.0313326 21970.8404671 22163.5474673 34293.6158187 25576.4779958 23416.9262623 17448.1770555 15724.2258757 14568.0257581 19227.4799339 17639.1213382 16974.0678522 14996.728083 13604.8101531 12892.8500717 13557.435642 16710.1359645 14856.8402749 19930.555442 17242.9459569 15356.2567492 17293.9633004 13945.536709 17696.9203509 12840.2261931 11612.5810244 12584.2837763 13989.5074729 13146.2496017 13729.7344075 12430.8108977 12572.0112872 11586.0218151 12066.1928615 12326.9608505 12681.8800238 11580.1306805 12134.2172262 9883.31740249 10632.3163384 10863.2232488 14684.5797158 11333.4506384 12969.6214052 9573.52796672 8408.27264153 10183.6857671 12552.1186087 9855.49406229 7475.01406608 8037.9579992 8476.012579 10134.7475148 12236.3496844 12001.2307116 11099.3285137
14162.1380082 18816.4550663 23824.0573882 20789.202416 21525.8908588 33672.7361766 36486.9588897 32110.1688832 31583.0068379 31587.9716194 31829.2227596 34225.9719501 30915.8420318 29872.66213 30916.40715195 21747.2561248 17932.9684555 18891.8001218 14898.4191094 13653.1303346 12202.6847651 11611.3641098 12778.7742234 11287.1157575 11533.6618713 11576.5774189 13439.8570931 11613.5334301 10613.0315362 9684.5301205 10626.5183582 11104.899821 11645.3445699 12274.8548909 11892.389657 13121.1963963 11562.6496749 10818.4151111 12332.5641783 11982.5768308 13546.8620663 12190.7545998 11583.4939207 11118.9567038 11726.5584775 11729.6177158 12441.8690817 9217.52406323 9639.9705492 9449.04913353 9742.14272566 11686.6109816 14398.3754627 11816.801584 10299.0766033 10318.8628437 11589.4657133 13123.9125961 11149.6686113 11162.3738996
19910.3348501 22464.6705041 21689.9740634 24015.5622148 22880.801995 25301.9119388 26896.3396892 24939.2597151 29579.6554683 29275.3662499 26470.8510598 25029.6573149 28096.7095076 35276.7761791 29705.194683 29140.9753386 17401.6852068 14708.3416449 11487.8137202 10578.7643056 10659.7191997 11015.8720307 11921.1610405 11579.2648874 10195.2046359 9029.33318166 9091.65130864 8913.48579233 8938.04124252 10527.956714 10935.4943391 11509.5620722 11710.8557943 12113.6274559 12732.9855923 12732.8322979 13068.0129864 13947.4018929 13275.4061196 13826.4477097 12892.5579923 13034.4018578 75791.8616546 11161.9175472 93556.6128597 11428.5213131 11469.4312207 10661.0617047 13754.5184461 14886.9683678 13650.8473512 14556.5906339 10701.9727583 9205.64596192 11041.3558297 11472.3877533 10739.8284141 9777.7353291 9692.25261497 11630.1697962
19341.1850487 29556.4920747 24196.0680483 27480.2661331 27563.8251817 34226.0851503 21779.3091187 23322.0641468 23441.9704229 26511.9280145 28596.4132254 25527.3047236 31034.8649374 33186.1498359 34463.4997327 33538.9043321 26101.5938253 16536.7719439 11775.3604202 10897.1145188 10035.1386021 9723.64599498 11018.7460771 14931.1389544 13804.6623279 13366.2694936 9569.61671546 10107.0213015 10516.8077382 9965.15102444 12572.2517567 11973.8184894 11937.9389546 11610.3105147 12409.8543282 12413.2787901 12545.9631647 12991.6800542 16557.363531 16359.8766819 12475.2444252 12477.3728822 11921.934444 106249.874374 19056.3835391 17269.2840401 16947.0635775 20161.7919362 18392.7285276 21794.0206041 25475.0855098 26276.0123645 20946.4770963 16698.3819689 12030.7571249 11240.8636431 10428.5343716 14993.0437143 18989.2660244 15544.031266
10509.1512635 19172.1257278 19189.0889018 35062.2237789 31279.4189349 35899.4488607 31398.1787471 29906.7789938 29919.5135595 23777.1164671 26434.2683404 35764.3466168 38019.4737088 37681.3235138 33825.9208653 29444.0317235 32894.4049035 26590.2736697 15593.569073 13032.6830036 16159.5148693 14681.85153 13500.8325019 13855.1122185 15260.7879817 15112.898173 12961.6675954 12232.5477339 13060.0017589 11947.6408786 12528.5415118 15150.4966663 13663.705279 13452.3224717 12530.9568526 10563.3874693 13221.3955198 15684.4616823 14941.2722261 14009.4790472 12231.5685096 13622.7070165 13784.0433978 14413.3020227 23326.4917051 22447.4243713 24217.3667131 28295.9180217 27007.4745898 24576.9792597 27883.6049035 37305.0412193 37482.4209687 25581.8819664 19039.802035380002 13894.19850286 18396.4184599 26527.0783689 22661.7171236 24367.3001771
5632.66398329 9277.73069653 13789.2253373 22174.7852294 34830.0089805 39394.8202368 32210.9622933 32564.9460514 28728.0613375 22133.2998677 22987.8562851 29505.7202889 33568.5108685 33430.6315276 25980.0087839 26647.3813332 25656.2393189 22030.7466775 13701.5557866 12634.907571 12147.3523931 12871.197457 12501.5593099 12019.3223538 12459.9090598 12911.2172148 14687.8219046 10993.6033821 11097.2253286 9065.99135492 12144.4455897 12234.7877349 12864.9467483 13420.1972772 13049.8427735 14015.4087998 14107.3717632 14191.5534256 12899.3016432 11030.4031137 12746.2699055 13519.9168619 16219.1668709 16246.3978279 23292.6290031 28375.0600129 23500.8538576 39421.7768104 56527.4600063 57877.6410758 62651.1908836 80137.1223418 64513.8387004 45543.119333 28054.720722 29298.6021109 24534.000458 24708.0957163 26832.8142742 25781.8497155
7264.90377317 6782.38545957 6747.26078135 12809.2793658 38077.6844664 43376.9397592 42081.9105034 39016.4247739 36303.8615065 29295.7792012 31525.1931965 26940.6975441 21503.3813105 26518.6023322 22010.0859084 22970.8983751 16476.5436043 15582.3970133 14646.986416 17411.2178235 12619.6240216 12099.4874614 14789.1825599 14844.0976893 16314.2058019 13756.9864626 14645.5491181 14163.5699339 15403.7481513 11379.6531798 15115.5403012 13294.4505221 16537.5487194 16188.2728834 14588.8113374 20493.55776304 20093.1742395 19571.5727937 17633.14716145 17799.2679665 23853.7557331 26185.1338408 23174.5386576 24667.6227884 27714.5746195 35924.0605274 55697.0512269 78296.4681643 77326.7271955 59917.6657386 77628.4828872 82146.4047523 78304.6499228 70792.3848659 41987.4080271 40807.6382107 31543.8473371 33085.359787 26794.5095621 30697.4277187
6336.97026674 6639.22231488 6905.81502709 5749.14111501 11113.2953478 18686.4709199 31917.1043583 29967.3277613 31498.1867112 27538.2076824 32851.1503319 28098.4330598 21628.5572347 21288.6661355 16772.6000203 14735.2743387 13834.3116836 13492.7527884 19438.1316184 24951.7751594 19683.1110919 14526.0962596 14626.8164326 13872.0175856 14533.1885178 14920.150831 18446.6428756 15679.766952 15918.9098065 17325.9428061 13741.1171493 15589.8890779 15155.9520226 13520.7611008 11846.551971 18607.3349482 20446.846587 21279.0997232 30415.5661765 27355.1026188 29595.006023320002 24563.0225072 24992.7565368 19097.3607673 35677.2304487 65556.5046005 89633.0614709 89298.7279226 69538.748879 57633.0657007 60195.5025115 74824.7613273 70984.8542575 104921.804883 69972.1147139 56040.7098809 39902.6068313 32399.7031228 29984.8008654 29031.9308861
6076.92080927 6419.49286094 4838.29502228 9880.0750823 20028.51153297 8840.30051443 11272.8928724 10724.0547836 13635.0895524 12714.6239406 28031.7472314 23558.8614917 21627.4187753 16816.9044515 20052.0396377 17608.4828461 18208.2538317 16996.7467312 15677.5070872 15974.7150908 23920.2589972 20005.8871986 18959.7413204 15846.4430729 15332.5335119 16259.2819628 17580.0290197 15742.6377936 12336.1229116 14746.078036 18028.603597 15607.7765745 15450.3172207 15513.0499983 16388.5608284 19212.3261464 19233.6458622 24183.7583175 33359.8739137 28670.6431897 18486.0840621 16931.064712 23402.5215734 33981.5096045 59832.27377385 82324.663773 99843.7299823 68964.9200331 60399.5468778 61402.9651903 66279.8210917 54179.1349752 57207.4489472 113043.165567 128199.793691 68689.4083597 26815.9925135 35073.890935 34564.4369792 57370.9139684
5427.60499908 5846.29591751 4491.02154178 7870.73303431 14027.87239381 10603.665177210001 14345.41471484 11947.0747879 15864.0644834 15026.842805 18849.3232844 21255.6453678 19724.2264497 22075.5301626 14948.6489425 14197.7012716 13597.2412374 13630.5439526 14558.0581521 13946.502785 16444.4913693 20605.1596317 18712.9762566 13334.7560523 13287.2117106 17184.800014058997 22243.2643512 22591.2319185 15264.1597195 18429.5599086 20745.6348428 22501.055032 18669.5927305 19493.9248122 21861.2788235 22822.6685128 27715.6365638 22603.0392847 25050.3259504 36405.1339603 57521.4853065 48028.2007534 54937.7128358 62916.7072384 67735.3391915 87289.3797729 63397.8216887 74142.4233037 72322.3555293 78229.7939927 72897.8157723 60121.668159 77830.8784387 100843.617958 115187.908544 62840.9974543 80075.765036 86144.0294153 61796.3833176 68694.6170136
6553.261325779 15021.65841125 5263.27243681 5280.64863631 9036.64003641 11559.12755182 17735.43803533 17053.8616561 16094.9341478 16537.27560903 13217.0830513 11302.2874168 11296.8867621 11483.8046709 10551.6016168 10193.8620916 9542.11802551 16702.7085737 16656.2438723 13808.1334152 14190.0220389 16263.5669273 17474.0541978 12242.6116278 15238.6615114 26666.6680808 17283.13524544 21964.60163125 21934.0570866 22637.1242276 24589.77224 24807.644108 26615.496096 32070.8619498 29215.1891831 31695.2995006 27961.3090261 29143.4727688 56755.4801228 68441.5539951 65530.9316716 78350.6249498 68463.0313093 70107.4403869 70879.5914132 90510.6510043 83708.7363972 89075.6379277 98028.4188436 105203.314387 96231.7176643 127767.320785 100338.646869 146857.646837 250367.258053 228590.428583 156255.718092 99601.2217378 66388.8149138 99923.9449608
15711.83108132 39431.20925352 9421.02230978 4335.91166331 10139.3328762 20616.20467167 50912.8498168 47086.787065900004 24272.8073978 42116.3177705 42263.81446608 41013.94378643 20742.67449418 7925.489846075 9681.09291863 8497.80191304 8853.18127568 10019.7986734 13589.772688 14455.3508311 14788.2099995 17117.292217 21966.9743449 19624.5781849 22536.3517772 22219.1437291 23164.6266168 27380.5848705 24594.7533898 34819.4777006 33170.6771329 44875.8013523 47435.5445263 36370.6683601 25492.3535528 22159.5458294 18502.6742868 115907.46306780001 74499.09451274999 60024.2336755 71503.7899517 72004.208839 100870.561951 101175.740444 97551.8958753 132277.368655 157510.97994 165033.246166 147664.976923 98428.048945 112814.924187 148617.5224712 135537.586289 166432.486597 172668.454651 129976.068256 44098.5052068 97793.5659476 122448.621771 132460.148319
44454.789833899995 61695.65334402 16122.162240310001 12483.2803684 19902.74003984 80835.119514 381696.68346007995 41008.9611422 32671.2523656 45344.8986193 107670.00431268 67469.9206404 41102.18044726 11874.66417025 18455.26389601 9978.607642986999 16375.29222095 13779.6169 10900.7220425 22289.4534665 23260.3633186 23340.0705405 21647.5754096 12759.19762269 6910.95508527 6699.18952978 12553.0589314 27603.3440855 33148.3662478 35511.3044494 38106.112232 54489.3711095 59417.8160183 45608.1994466 28438.1794332 16223.6177352 57759.78205079 123692.6511023 84849.4477255 92131.2497647 140200.841027 174160.649521 130849.015571 60648.1639723 42466.7548758 110279.287726 148533.171752 172153.375474 88855.1919277 85927.8985651 76117.70973916 73377.3194573 54502.6255401 111325.768666 133486.871259 135545.185909 132483.995605 124910.520668 84746.0808474 62456.1085212
127469.2875471 128331.6072058 92363.2179547 46517.1213224 56192.42768876 95244.3932342 68058.536893 72054.1917711 71576.750073 110616.71665671 110393.7273154 70961.249652 13018.0368442 10784.4755891 16182.25112601 28941.7380138 23249.465817520002 12919.8823641 12385.5016751 12731.4102903 23995.2016825 22748.5185132 18017.971132320003 6123.72025503 6998.39055412 20274.643080846 22448.0708662 34373.4380108 45021.1844838 47490.1833253 48626.8606723 67460.3024359 76140.8056869 48036.8186623 24510.1459525 22812.1603255 33369.57674742 143853.885954 70966.8199793 25293.443628660003 93772.5175665 127477.934385 96340.9398188 128020.675147 171510.11835 160494.999004 119467.027751 88607.3393492 138220.329467 140057.735506 129413.475225 67660.0954462 77923.6416097 109423.439041 87787.9911673 68813.5828246 81947.1644969 75853.9323187 55044.9373016 62064.6308921
142634.9971857 372979.48001324 126798.9829494 136725.3100925 38355.5499534 56084.882989699996 48783.3416953 57045.9269296 71568.45753009999 101121.4365591 31635.194803899998 12869.5135029 15638.4839725 23839.5631889 39431.0234929 52918.3229734 22168.4663087 14407.7533564 18047.51145063 13092.816744 12282.398167520001 13567.20681256 10149.119653630001 20589.150964499997 15136.933641169999 27974.2781642 29180.9586128 37880.0960135 42417.1102776 52954.3770163 63584.5384555 59121.6257189 51031.955609 39108.6262985 31747.7005059 31338.5673186 34871.2218352 143181.783642 7619.84270615 14714.092148020001 192229.682919 194009.243824 112194.983222 144445.868866 155424.603223 71194.3672213 42304.2201172 42442.3855008 78910.9962355 105831.992388 96329.2338286 64204.4845096 60432.1383816 57261.149154 51691.8629996 48300.5471964 46098.4811615 49819.4807431 66658.7655545 58758.3552245
188575.4857816 374784.87063039996 202878.09585430002 71316.48188800001 89891.57243659999 51517.0636059 54419.9641103 59580.8645087 82660.59552804 78738.6125974 98645.9307545 80322.4106343 71634.9540219 74871.9999498 52871.2604081 54113.2541189 56197.036682 30058.2231562 22364.3546522 13912.579229210001 13193.89886651 22733.19628866 10695.4137641 15067.30938853 15088.123330949998 29623.3237788 36008.1781701 44569.9456711 40302.354119 52829.0233366 52327.6936127 46158.3512049 42924.5749583 27395.29531789 31071.0131217 30467.3584285 37839.3170278 52174.73188871 0.0 64509.28005354 237618.866119 129548.4253705 61622.315825289996 100233.624406 38161.6906276 39758.2008483 42619.3293312 49047.8376822 54302.883269 51531.695542 41709.9387463 38250.0164567 43273.713661 38748.3323129 45282.8925147 54173.8084292 51615.7230162 44579.2834879 45065.2025199 42894.7462848
144346.39795800002 265410.4316685 254149.030436 566148.26614257 670994.3495091 240903.6958617 44789.792585 69883.5360312 90199.7145449 113408.7419424 146247.4686747 149959.820013 159230.463333 142439.542599 109229.5822994 66696.82636364 56907.4381633 73129.90841 28861.696286 11073.453962959999 18615.72429936 15196.5956434 20997.67608089 71435.44756090001 19590.10879756 72176.0247849 38249.5200321 43932.8966369 48246.2118831 56009.770971 56573.7932635 55884.46093615 54358.5905086 35449.60927744 28645.7324811 37375.1846837 58287.4975611 166.620580529 182.658133939 131501.080474 118162.6469552 102282.1059252 111952.20241807001 43620.0498679 44062.8677716 38616.1871355 46791.5088751 45133.6227926 43032.4588041 40123.1497757 48109.0200116 52760.08123881 38536.9692107 42369.1474128 40182.7085356 62003.5184421 53174.6859956 49559.7165474 63755.3332038 39085.2057878
155525.3323701 136659.3636059 194443.57177106 422226.15127792995 349684.8775064 306814.03884309996 48373.9761296 47774.8911626 65189.1403055 91389.0431872 114043.29059 171616.547644 211954.712747 251536.989144 203307.622825 137340.388115 142813.4877369 100740.25689635 107745.87442559999 92180.99180944 31684.6859599 18137.5262939 7955.534212519 9227.77238076 71642.1502484 74129.2105436 119514.66488489999 48686.6846008 38236.863902 31370.73155245 41391.25992752 87121.6732165 98671.7515858 45604.85352674 58654.4936174 32280.506796409998 1678.51114617 10614.751755459 36346.468866242 128804.3287659 115491.12909929999 159420.9541563 104265.1243166 40655.38718497 25398.058185219998 21014.2406847 29439.607146 33417.407517 36332.3323732 39416.4712979 45276.23998012 44701.89058314 51923.68081821 50189.1348388 63581.6318219 52533.4285423 61505.2242189 57704.1672682 60796.3594569 43122.6225104
209317.65383000002 127830.5564776 406303.23411301 472595.55774113 125664.7955458 77955.6304601 52741.434649200004 76822.5695164 101860.28189 73391.0316955 80268.5282391 65280.227997379996 78376.9956416 76216.1909696 100824.608721 132922.31998 127396.549427 126187.640251 149650.702591 193751.7686284 180607.0956867 143028.8334714 51513.430631 10555.0379919 43506.323736599996 126828.99763 218549.7726773 116530.7035268 73672.3216517 75592.8977786 62011.8164849 34929.4844339 38000.3460715 51549.9470733 16418.19534091 850.127926334 1155.04402063 18545.6662727 60860.21635706 73724.0517473 75503.78329912 84604.9331696 61028.3023638 53502.124742700005 30258.68195095 28537.17268143 28562.1785223 35546.06292835 49172.59007453 36424.8381582 39942.8590258 52209.253732440004 49514.9318294 53748.3312866 45455.6529247 50190.0967045 54980.0697281 56179.4405508 52807.2138283 63891.5426007
210934.084624 144005.4601263 133520.52227325 138722.760225 151927.224402 140106.093488 129490.285097 126941.488229 105171.408331 81458.87102199999 61523.477425360004 68700.97591523 47985.261662 44288.6241428 40012.202437 45458.9292731 59791.2237582 161721.079576 173628.6495 138192.154589 135868.691848 168858.6172109 176791.3022915 78058.2408416 22248.5179183 22392.778123670003 59151.2310981 77825.5278249 52816.3173554 61232.162715 78666.4427435 34099.0201338 34970.755442379996 4693.7447909 3513.20266249 13572.411109225 42383.19148198 94072.41945449999 83425.16193095 90584.6800415 99473.6809051 108886.8416284 51639.89815360001 19466.622319280003 23870.31993531 29000.20295398 35424.556870500004 38268.4261527 63399.5878273 69522.3237465 47739.1716806 52131.0527624 127780.1600393 76816.2875889 63791.9078862 38578.4672637 43158.0245701 53470.6235675 61451.9320474 56499.3067812
127948.72023 157438.03098 188230.7407655 219783.3117224 260597.9467308 149462.396717 98032.081119 378165.0721975 269390.4229839 171140.832607 102725.09226314 76504.10869007 18398.492573454998 25174.1749729 47905.2835846 71917.9219882 88768.781297 198694.6437827 131376.93920649998 95563.6797491 82986.3831712 129780.92668 192950.8324521 225699.1096779 150913.8970071 79956.3060729 28533.0482587 54698.8273546 21294.109913 27977.3785588 48371.3793175 8975.22566748 5936.327463072001 24447.677039529997 32636.38667489 84163.5460373 110158.27129900001 60965.418452 46073.12144274 41050.988450670004 58585.0263091 63029.0974841 38797.0448188 31925.9175186 47453.9941398 53514.725149499995 90469.08374900001 85658.438788 54359.0981246 49537.22691245 48169.290164 122171.90847679999 219954.1179981 194888.2966998 173853.7628916 70894.83216990001 55484.2674928 63473.0152237 56354.4022578 55399.3285438
145649.016391 188225.1602818 309493.633723 283540.6449492 355426.59620549995 167150.6853449 246793.5937372 107448.54502630001 111271.97127739999 321148.28448679997 411328.9079059 134239.7600992 120434.62627190001 99215.95516731 82395.98168838999 123306.579068 185703.381269 397368.1883318 235742.0341564 317598.6636608 111995.2128759 95628.3316702 181160.12203240002 142930.4772547 101543.62190011 84251.41587509001 81055.0059694 62366.4387917 7820.56379482 3247.83289879 5415.80346095 11910.612173571 59923.46460685 136023.00641829998 128000.7912774 52485.5858212 74666.7374842 59246.410848499996 42530.2991928 88540.4394662 75645.5339363 78106.9777471 58885.0514634 58591.8277559 69084.6741074 82845.7422761 133793.27202560002 107695.0999616 87968.62731869999 120512.3550103 166533.2712354 204189.9603972 239426.8279913 94403.75653720001 63987.8780492 64079.8042324 41753.5733257 48682.9979292 48302.1111623 49516.8275583
113587.83564420001 184019.688502 226758.1506691 86298.0360242 465941.943419 491493.961016 392102.79058629996 157463.5188319 634233.7361907 316834.6797229 537959.3804823001 82987.4405871 108147.03524402 112526.372741 131953.252349 128820.65344349999 614452.2550414 376632.373441 252485.63049401023 188318.5518720249 93615.2057395 12893.4087402 178511.6070431 349395.4969859 261980.244642 165635.5500508 140990.380894 165051.7001137 141041.8830507 141855.5766579 153273.2555356 107229.7630376 237330.3172056 118168.1543158 163825.57406830002 276527.9791403 231843.2208277 50155.49482274 64865.1173026 84694.9645871 56123.927572340006 41544.4091125 43637.5796104 95863.3057721 183713.653289 98801.4385468 74528.4795973 126447.2143986 171211.3927891 202966.9304492 205173.5716944 190242.1012786 335730.2261617 72598.9791642 58880.8643953 91392.5622862 102444.2439404 57637.90668185 147530.97988980002 139923.5006846
154279.86823040002 277862.39154700004 166034.1358386 115562.2917595 128248.4165725 114054.67907859999 9152.950177089999 8641.4333017 88892.1610945 170181.1538274 119044.7449609 99998.4863171 120407.465707 105095.96298 106523.9604253 83788.00315608 504281.052396 265832.91513 207107.22006086 121943.8210633 49586.3126975 136943.4137026 304714.94144461 271262.600471 192898.3552825 113432.98711320001 86639.3643821 95588.9390017 142712.6534663 182415.93946219998 378014.02218790003 350548.031713 203446.050251 85217.5830517 184074.4514174 350988.031158 166295.11466020002 57735.9062312 63810.148047 53968.99714271 63656.5059351 76982.33410701 68816.1237696 73771.3223461 62013.296264599994 57880.1840433 177466.5778297 220408.0849401 185088.9189235 271838.15045595 143170.93704692 258485.7844074 212187.0366924 209320.0040253 111853.4556258 144753.2945252 231545.52259960002 257852.0587122 312002.5053228 312697.90015380003
177410.57208050002 241745.0056183 199279.3071423 81445.772911683 1447.1615648986 42.342401539140006 1322.816999764 19658.098829701925 2928.6096370175997 34938.48355562 96809.33866129999 189292.5340949 115730.664274 157288.593384 153481.4145749 152758.7983768 208034.7235273 322925.193425 278871.86592800677 235546.1892815624 150473.97306066 349271.01126807 324316.887062 263013.94098909694 300908.9074990161 268449.23911150004 208973.79452619998 145307.5495466 181176.2478937 230014.08592830002 253328.74785505 172254.55893645002 79835.64747254 126556.66965622 276934.9529337 132655.85356319998 71566.8967973 138510.13743519998 72183.87337 76109.2008944 105550.25247562 120994.58895409999 94212.6924479 88108.0029234 90605.6122354 262028.17755330002 176195.0457224 115856.8405148 141307.7907251 52787.194463470005 64462.42196827 68852.80927513 214583.52958221 138906.2636149 164548.7135179 173890.5120698 286207.0438355 286902.6384701 218450.07155862 244302.49137272305
57294.526671521 110882.498122883 404366.533763 243494.43851954467 67340.32118076243 79217.6620603 73482.4744705 71435.4040219 51089.56463715239 31543.75146924 50838.39047 100296.059200673 136016.07905453 153763.16596403997 239659.77795880003 204276.06657253 264763.546579022 146475.38900901374 148132.44820500206 121153.91361193713 153710.41926331588 220856.8725940241 258143.4237019533 214166.06065701347 262764.84839549684 216770.94979002015 323026.34740411886 279006.11873904 216742.45051675 192830.65044355998 179901.891893 120844.40389843385 120559.48926613184 140394.418726485 168741.15667722002 214647.4850697 91220.0832175 88667.3966514 91611.6597533 81155.58856377 94233.38778947 93333.3618443 167126.8918008 73554.7108768 196034.2655767 125252.59255570002 158992.60888120002 67729.90771798804 49973.89627791423 37345.67005909 26958.14971552 26532.144669135 40816.62297749031 82130.89494505 72872.52362948 67692.85844684 162154.84831921 108836.72740938 185619.443595 336765.43802808446
