critload/trunk/output/1999/nero_tot.asc
ncols 720
nrows 360
xllcorner -180
yllcorner -90
cellsize 0.5
NODATA_value -9999
[rows 189 to 215 of 360, columns 240 to 299 of 720]
6510.0706933 7556.13557973 9862.48444604 11449.2603992 14087.1941236 13892.47410726 16197.23556303 14532.94197999 23189.2415678 18035.5962573 18039.5796172 14379.4149324 11906.1321837 15050.1582577 13074.355853239 14477.86051685 11940.79536741 11749.64878347 16669.3555224 17528.8412082 46773.855594 34858.51810177 42985.1178901 71678.88264570001 53126.700042 71445.5823938 46225.5098219 49737.9265165 67978.6750493 63922.0694384 37387.00888848 23715.41824939 5721.402751060001 4268.57918855 5776.40752901 5287.621225158 6390.560350489999 9147.71740127 46617.69655051 25323.4696229 43312.1728133 70097.71885685 20512.02833671 23570.593650400002 60788.30662647 29100.065012959 32.2614435905 -9999.0 -9999.0 -9999.0 -9999.0 -9999.0 -9999.0 -9999.0 -9999.0 -9999.0 -9999.0 -9999.0 -9999.0 -9999.0
6486.38844704 10235.1222708 10495.9291368 11850.1551384 14517.9226357 16070.0346296 19060.9471775 17082.1832504 18214.1825477 17619.5847626 15318.1748457 17334.81595802 14151.2676394 16052.30904944 12765.552948019998 12356.3392054 13300.2250089 13069.9329414 21189.14489454 45007.930165800004 53256.1718237 83387.45530371 75596.39407233 80991.42661609 88073.36142022001 65485.2675817 77501.6578699 60332.6540722 53450.8755868 31432.83978393 39721.16216274 58076.828647300004 1914.641087877 4083.23946513 4149.10427666 10078.87685129 68340.8433335 43085.2417132 33914.333812059995 27886.375058050002 110323.6478223 47887.86247593 27750.59540893 38487.39147293 5836.367721059 14402.796836661 4434.27074177 2230.1273476260003 16068.821702062 918.9742567853 -9999.0 -9999.0 -9999.0 -9999.0 -9999.0 -9999.0 -9999.0 -9999.0 -9999.0 -9999.0
10466.0479327 10669.9747846 10716.9056255 1582.22897564 16630.612472 14230.2244552 21610.1728251 20492.4966456 20464.1476749 19447.0066598 16843.3800958 15600.6098999 20816.5222486 18481.4650141 17797.1807826 27069.5281578 20895.3559272 26356.295856589997 31478.5195512 69855.0058879 86235.0992128 58931.55281968 27280.34497005 56894.25803451 68407.80778832 9207.57759845 30433.82748023 36428.79515759 67322.7199991 21962.3246809 64353.53346 4387.6391476 3448.16179737 4310.16204195 6916.93122965 5442.45097318 3429.15325425 35142.2981238 36633.2912641 18936.34290725 36841.8169767 28111.72360941 20440.02858681 31132.0383107 15423.97588166 4477.2860228 17072.83576318 27486.250692 112364.48212067 6374.882176817 -9999.0 -9999.0 -9999.0 -9999.0 -9999.0 -9999.0 -9999.0 -9999.0 -9999.0 -9999.0
12092.8141228 1639.96823066 1585.98526117 1468.40446692 17919.462487 22755.5424681 31084.122226 21270.1112972 21240.04992146 18009.5388694 16856.2938887 14694.0540792 21122.5781764 18429.3923479 16606.54975543 31938.97776 41094.7289984 48881.550713000004 31879.5238419 99654.22704910001 110857.1022635 19258.67109915 25735.93296329 39790.52415248 11233.85025734 64767.81486315 35014.5666512 114786.6218299 65891.6930102 59963.651783299996 42964.5315415 3616.909445181 3447.63873841 7012.8788427300005 2870.7564093700003 7153.94838178 6671.39860687 21466.15386292 30274.469088600003 18867.312430910002 69501.7462692 85234.37970497001 78885.7406216 91669.88774488 58466.6446315 37929.97413698 39892.4339669 49565.3303413 109731.15220144 19031.413086048 61.0391817815 -9999.0 -9999.0 -9999.0 -9999.0 -9999.0 -9999.0 -9999.0 -9999.0 -9999.0
13303.7431316 1529.29703323 1617.45689288 19836.0152043 24201.986919869996 19550.906767 27202.0407692 20007.5933189 18479.2098975 22082.245691059998 14853.0773326 15842.74263157 18130.0597393 13018.800056 13815.6076025 24377.38698337 51754.257002700004 72794.8007723 59325.8674674 75376.75559874001 32530.6353161 29955.82902134 38398.42843978 48506.666167719995 13238.060844636 10570.13422051 10187.80135514 91254.9660153 139578.247715 93659.17014219999 69755.5985933 6433.84759507 4380.96078021 2858.1229572499997 2791.96761659 8032.34694446 71169.3797277 52182.5059245 24585.0105711 43332.648249499995 114918.8879804 178933.39000888 81936.20798268999 44693.393904130004 60441.004040989996 27930.159935059997 40482.3255679 50682.20758253 223140.61103289 147600.33276740002 112.794619792 -9999.0 -9999.0 -9999.0 -9999.0 -9999.0 -9999.0 -9999.0 -9999.0 -9999.0
14484.8893937 1531.26466895 1696.01912365 15469.815367 26396.21801343 20149.4445145 19037.5803081 18686.7227168 17634.5489977 29995.64340182 17051.28726431 16758.6454155 17581.480185 15870.4189195 14954.7319542 32509.3141451 20133.78969352 25583.20114593 59654.76648029999 66067.12042980001 35330.55677347 29031.2818088 35548.7899248 7789.123956533999 9130.68033686 10812.02878456 8656.78219589 107088.6942155 10053.75775234 9913.938024559999 8073.522953830001 63611.4791544 7007.0485388100005 71066.8262264 38149.999929800004 28231.881047199997 2816.6560674459997 4911.04825829 37070.5619504 61470.54923836 60427.006202 141560.42893897998 119015.19762088 176865.28463086998 41739.92535472 57465.068934309995 26061.43756176 39272.0515491 258817.81729977299 149929.71376960698 7408.416398525222 -9999.0 -9999.0 -9999.0 -9999.0 -9999.0 -9999.0 -9999.0 -9999.0 -9999.0
1770.79119718 1996.94943563 2175.10022007 14672.14656 13550.4065399 1977.75052111 17503.5734622 17031.701298 18379.3065736 17128.37789911 15576.2674854 15940.1190784 14993.3739902 20305.6477445 24296.7660859 20417.5541539 3830.305386348 26453.62264573 44163.0328574 58812.910743 5187.073951258 5942.10834483 48008.13538885 12242.016412326 9222.48695135 5607.617402420001 4556.7877181 79494.1406326 79508.6990368 4665.47247074 2592.805303448 42379.5763206 6057.41641731 70884.7132749 23995.45534173 16014.61426424 2777.14808843 15944.49841274 45797.096085900004 40454.00289178 62118.27176886 104945.1307036 16449.60516682 100366.9191205 8194.11879255 33485.65188875 29269.34214537 46196.64655723 230309.31295722 186575.15307058897 46229.811247183 -9999.0 -9999.0 -9999.0 -9999.0 -9999.0 -9999.0 -9999.0 -9999.0 -9999.0
14351.1870553 2050.71217924 1789.68282826 14140.3488478 1581.18160455 17927.931769 18479.44942173 20792.244235629998 17334.53113 24034.555293600002 17266.948935 17589.4022053 8819.50582836 15406.6150656 11855.762344 21709.32017847 18833.58141385 18570.71002536 58386.6444659 46737.62220603 5506.6279758910005 5053.1216055469995 33177.14147815 13313.66662166 8386.69229504 7541.779496782 12884.67665812 93445.3396068 8079.83691279 41409.1344401 6591.07193587 53972.9200308 76493.9362115 24274.76900692 24279.826366330002 2463.826574859 14945.36038944 16754.754273450002 20519.30206609 19788.76602125 18762.30755137 23299.416060620002 31916.73754087 23203.713913990003 24699.67888469 29668.575535580003 108214.56682792 228886.00512948 228894.36653280002 274506.7237891946 2201.0535975519 -9999.0 -9999.0 -9999.0 -9999.0 -9999.0 -9999.0 -9999.0 -9999.0 -9999.0
12906.5588221 16809.7037305 1667.78057256 20245.9122982 21560.27536978 16653.5493869 16970.7173294 1902.1396384 2049.40003904 18841.1496818 20079.83697197 16444.0280709 13041.2801405 16127.8297375 17689.1881303 18485.560752729998 21143.53071861 19233.85343144 60113.07495920001 18277.65257929 35173.97828304 6057.073645928 15302.67859432 8412.859174169 9664.41425206 9341.293891502999 66431.0537858 98743.0301286 7424.35332199 70956.3797232 73592.8087329 7052.021356740001 32781.137960299995 27003.506132399998 50229.551413299996 22572.775299009998 23640.81293906 20809.34278189 17022.86573628 14091.91941934 20186.11092033 22862.02816006 21386.25876358 4316.61899886 5878.825297580001 26099.852324260002 117171.24866856 145809.30583961 325915.21639968 141577.21328848 0.0 -9999.0 -9999.0 -9999.0 -9999.0 -9999.0 -9999.0 -9999.0 -9999.0 -9999.0
12760.6905721 13896.0489575 15030.6749027 1451.12641948 2084.98937028 23835.93079903 14070.896840149999 2485.723631514 1830.90980159 2502.363728835 4434.29615924 10948.521644 8574.28736324 9263.99482501 16873.6780483 18544.1620445 19023.1248735 23630.6062727 26651.176816 25966.39599223 19669.28186385 45301.490494390004 9268.92804719 93260.92678073 10782.405818205 13310.638604402 83906.4548926 87241.2689623 6645.59869482 5319.74800747 68291.0029019 55956.04074330001 29755.4088405 42618.1354872 61520.276436500004 29677.7529253 21287.1578821 15139.58211702 28717.66691079 38321.90209563 15442.43206552 15102.337053399999 2930.91666051 6882.72246642 120687.7474234 165095.14708079 163558.37669309002 244768.94777576 294066.608205645 24096.0487798977 -9999.0 -9999.0 -9999.0 -9999.0 -9999.0 -9999.0 -9999.0 -9999.0 -9999.0 -9999.0
15174.7073643 15025.2207565 16429.1882201 17149.90266198 26474.885766699997 32741.5396636 46112.217915400004 67028.12048299999 53755.932941 80919.9650976 142315.69094190001 28231.893406569998 9225.10732737 1792.997997721 10461.798931 10912.66740811 28918.59659425 62852.6239297 20462.84945728 14770.165243930001 23601.020992640002 77628.75401075999 115373.0454428 93409.22779830001 10456.827471671 10257.118360584 12810.41749922 9194.32670254 4158.09014187 78576.5025283 10357.19876107 59464.9809756 39163.1687232 29136.31726674 35600.037690209996 23269.92981317 10423.92235901 15023.069418179999 37743.80275995 17044.78827428 13696.70906206 16878.97725667 3349.00452748 6706.46559773 99096.38091501 146833.06212632998 176352.28734424754 237511.680857269 35068.6155887917 -9999.0 -9999.0 -9999.0 -9999.0 -9999.0 -9999.0 -9999.0 -9999.0 -9999.0 -9999.0 -9999.0
2264.0209481 33565.4839279 3757.64257403 26107.526586300002 20650.05109301 26655.421322330003 32160.78837 68504.8106349 50831.69161411 59078.68631432 63496.56703937 51763.6152017 21792.25174033 9621.90129113 12561.82158835 20847.68210437 29136.425954450002 59119.9018349 21164.14880629 10085.06567842 24288.97231417 94655.80028696 111391.3138324 82840.4098386 14599.774721553 11123.366319769999 94721.7238697 80612.4084055 35804.8697403 87841.17304260001 5493.248618600001 75524.81871369999 24116.232046800003 19195.664072630003 13778.87870161 16488.35426227 41408.1718002 70799.7111739 21318.62042443 40115.31042693 24173.393461120002 28306.18116875 4467.17103266 6596.851495909999 50948.93234982 67577.16343051 206107.81288754698 59596.073716635 -9999.0 -9999.0 -9999.0 -9999.0 -9999.0 -9999.0 -9999.0 -9999.0 -9999.0 -9999.0 -9999.0 -9999.0
2220.13860661 2907.520419014 44416.5994806 16850.0433552 40226.3406521 30553.2825322 22362.19986212 27282.005234869997 89293.2863596 121434.30112764 85075.29634870001 36675.8684389 10615.94097187 8516.09800493 25511.17131035 37165.40662131 57836.91798354 34232.42567563 10946.4215522 11329.08476783 20571.7766779 101239.28700479 142133.5041573 122860.50570489999 115704.7624519 13208.302806525 26970.81251379 77842.82469592 55716.9542531 57144.426206899996 87247.4607848 133174.30690984 31581.579061599998 22335.5099233 14150.88432266 15383.93872763 88229.605134 31504.78730512 67744.63898368001 96008.81712605 33473.00988485 48814.49365596 6721.593378330001 25939.166659406997 93388.05227575 78987.18887694 19465.967017815 -9999.0 -9999.0 -9999.0 -9999.0 -9999.0 -9999.0 -9999.0 -9999.0 -9999.0 -9999.0 -9999.0 -9999.0 -9999.0
2838.10475699 4003.31800829 93701.66364690001 27366.167418099998 69606.3076024 76599.5148367 81193.5418908 41605.3488069 23356.8783681 40480.490289940004 47433.587969910004 32540.77459194 9196.89032599 7982.45853 15816.26525064 29320.612355610003 73356.19966626 17088.648289290002 23519.73530549 11400.43094765 11497.86763214 105358.5076444 93796.04671001 79157.66919973999 169305.0560068 158521.8546233 9846.52561303 6006.740755753 49720.00549642 121927.05961410001 24031.45718369 15945.63563121 12143.59180059 11698.97936039 67726.2279288 160726.12054530001 113599.39874583 251956.9762309 191930.96612650002 80975.39797018 35063.3704574 66920.50625891 65951.8782079 75242.73492874 123098.82017377 30234.73629891 -9999.0 -9999.0 -9999.0 -9999.0 -9999.0 -9999.0 -9999.0 -9999.0 -9999.0 -9999.0 -9999.0 -9999.0 -9999.0 -9999.0
1800.55339901 3504.17093004 43903.4845387 39715.293464 28568.012759600002 35770.9624414 33875.318158199996 36593.2576561 92580.88884289001 48889.43530946 26755.60954248 11140.56284087 7826.25955112 6882.4789382 12139.18329287 25003.1685671 38199.66230566 45274.664684510004 17578.2726843 13001.57110714 23564.74362842 112904.33855265999 61866.4778972 80760.14723045 115041.32006559 95997.32990052999 111019.64269909999 5515.0205262770005 3573.04673343 103843.86551704 26829.83232362 18921.80251782 49876.09272439 10125.27789791 69897.6059152 86187.01860899999 176416.49286728 181694.2687718 103472.6659216 89876.48180082001 41496.122775100004 76422.74169947 74405.87921345001 86998.11589827 79755.57880293 171.877045453 -9999.0 -9999.0 -9999.0 -9999.0 -9999.0 -9999.0 -9999.0 -9999.0 -9999.0 -9999.0 -9999.0 -9999.0 -9999.0 -9999.0
3653.8648543500003 22885.15168337 18168.48071979 23696.06883179 18627.84267869 15562.3766013 22017.1849104 68995.59030730001 100509.11889787 74127.934656 12495.09484731 10053.42330552 6535.58835543 7399.190814809999 8525.77418711 23741.02633372 43663.10685687 26849.822066599998 18580.25482714 20753.485548179997 75650.78483652 76944.22486122 54972.38089772 95233.49181839 151495.10264737 109401.23275598 44485.42991585 5756.374924488 5886.240158234 5638.652389551 11694.70375737 8163.72523749 83241.52295037 92176.35738937 53342.989557939996 331772.0353248 100268.70680224999 59822.3639659 92801.635144 63162.62410499 35770.509852740004 64979.14194057 170171.42360539 94827.67474412 18070.52130929 -9999.0 -9999.0 -9999.0 -9999.0 -9999.0 -9999.0 -9999.0 -9999.0 -9999.0 -9999.0 -9999.0 -9999.0 -9999.0 -9999.0 -9999.0
2351.822242994 42645.6834502 93341.9912536 106647.9969251 17445.06582447 20029.469485870002 44668.5564249 144235.06278416 188651.61163704 40139.1917353 396223.58493351005 10310.48465242 65870.94843269 149122.36751006 23259.85159098 39708.9741622 65872.2469024 34715.0742787 14845.603433729999 59453.742251820004 125655.24309979999 82887.66463266 137134.94620314 107440.7988188 112933.3208369 87335.66822189 114760.44303225 10564.665493408 4550.549365081 3646.539989987 5513.435831255 8338.19685001 49576.154628590004 57512.11382732 244499.3384979 155580.61320339 420430.6937387 59267.4837367 59442.285311199994 78906.87934 51768.08016311 143480.01852547 45306.41297564 41417.39477838 -9999.0 -9999.0 -9999.0 -9999.0 -9999.0 -9999.0 -9999.0 -9999.0 -9999.0 -9999.0 -9999.0 -9999.0 -9999.0 -9999.0 -9999.0 -9999.0
3955.34282757 102815.66822290001 197236.36461956 136290.4789398 157827.16790447 37360.8262513 23445.82465453 137164.2625611 144965.31885142 133016.80895243998 49255.928673300004 406856.013526602 438526.88579137623 30844.22078761 47893.49752133 100514.77828758 66533.81615854001 24290.79218137 25688.42001975 134000.38384027 116911.96526452001 104309.13816823 162241.94638254002 275582.597323 211499.0126939 336647.69277999 126189.38779002 10475.149529398 4280.524601016 4315.201716575 79926.91308920001 83882.8435618 51996.73258974 32495.95014704 375755.12587710004 209970.349717 525135.2935591 100464.66682049999 97627.27783764 167160.31015509999 310481.9449834 99864.04165355 7095.994821886 -9999.0 -9999.0 -9999.0 -9999.0 -9999.0 -9999.0 -9999.0 -9999.0 -9999.0 -9999.0 -9999.0 -9999.0 -9999.0 -9999.0 -9999.0 -9999.0 -9999.0
87914.2865879 175156.35530014 185565.46727973 103183.26262295 239242.18324503998 157178.67494969998 70029.786594561 162564.28017729998 124295.80071727 134803.92547390002 602620.058899031 116815.0552538 77590.14047122 243245.70882927201 112451.26262737 141490.96960838 59833.18788536 13092.667530570001 56439.29368823 101621.94428957 125735.47547206 153315.12759065 247583.09528953 279040.42944921 384680.02414998 438552.69230974995 138505.26679022 9863.49746242 5052.599448152 7576.4215729669995 8916.587614330001 191706.30449743 69050.50243797 52497.40958367 103913.08238193 216496.23938715 124555.8536741 112003.5432703 49690.142702 212550.921974 578371.9359177001 126924.5454054 6795.407121061 -9999.0 -9999.0 -9999.0 -9999.0 -9999.0 -9999.0 -9999.0 -9999.0 -9999.0 -9999.0 -9999.0 -9999.0 -9999.0 -9999.0 -9999.0 -9999.0 -9999.0
48615.45886880001 167001.46793078003 74363.57158867 89423.34187155 218112.52245467002 135850.58199449 28405.493556565 29196.597011390997 30072.900734796 16704.674602369 91498.40828358999 201892.88890351 239300.70632065 115888.10165891 202753.34208097 79352.75405813 38268.20560392 26883.92814888 53469.486716420004 135478.94990101 147674.22101396002 195439.73061844 183586.76716877997 277875.34288721 298741.84719228 151571.1657915 69056.48688907 103504.10724099 4311.573916585 7682.956095904001 57825.41242086 52712.41459176 42252.72267496 132645.64857581002 151612.82454546 335783.18089320004 58665.262037630004 72034.2565957 96517.85505797001 295672.3461421 441042.12005250005 116843.2850868 545.199188265 -9999.0 -9999.0 -9999.0 -9999.0 -9999.0 -9999.0 -9999.0 -9999.0 -9999.0 -9999.0 -9999.0 -9999.0 -9999.0 -9999.0 -9999.0 -9999.0 -9999.0
121904.2668128 79634.95229389999 123781.7253782 197943.11202280002 11526.087384908 148786.75169546 192237.7233961 128993.47226796001 17329.693198884 25653.741699572 329177.87339122995 382629.70606831 317524.19969062 245247.89895374002 27473.710280735 81716.13487476 43530.834942 42542.18523035 78954.33561237999 203654.13651287 313295.82561781 307177.01710409 225164.28578666 369426.2055678 330364.42728685 68385.01131787 58970.452379120004 15022.264211828 9860.702731086 8778.769460704001 15403.466046795 92397.49640216 54582.642494490006 107528.06139572 444087.1986304 319096.927344 166183.77494925 174427.82461553 259992.4110953 293540.5891782 133070.4914054 26188.90234871 -9999.0 -9999.0 -9999.0 -9999.0 -9999.0 -9999.0 -9999.0 -9999.0 -9999.0 -9999.0 -9999.0 -9999.0 -9999.0 -9999.0 -9999.0 -9999.0 -9999.0 -9999.0
38061.864329669996 228694.8344032 340649.1216139 299430.4885489 100231.24915857 74646.81151882 164467.48465620002 131711.54411523 273722.22272829997 345526.45476528 325510.06603647 249825.71577481998 201177.27517089 273527.95644927 22678.039944387998 123828.69775082999 41557.40899996999 77000.92680986 160161.35739453 133123.38967966 417729.50600369 358559.172794 225225.20642327 96724.02600881 144346.32309807002 103693.16985358 236311.78219042 16284.975578193 10618.432956713 12024.259323891 11592.285609254 80926.30924191 102256.25254999 166166.40119268 448944.6896877 225561.61836350002 178706.1720168 92483.19252398 386674.8852658 248133.993525 297157.406238 85311.86074569999 288.656166758 -9999.0 -9999.0 -9999.0 -9999.0 -9999.0 -9999.0 -9999.0 -9999.0 -9999.0 -9999.0 -9999.0 -9999.0 -9999.0 -9999.0 -9999.0 -9999.0 -9999.0
52565.23593706 381743.9998683 175585.63745706002 209318.82010186 49669.65604782 257502.396999 106669.00604845 61407.80878998 97633.4712255 452684.33491926 263560.89674059 24425.06853131 23389.505229169998 20044.986270560003 21248.455584170002 23398.949053356 108441.10639711999 218781.67949511 156185.25834499 192708.83158993002 336874.38943385 285038.19814295 350729.32029112004 201837.1815409 154469.2593451 186706.59903133998 203121.79203769 114511.73997139 7126.668268512 9001.948165375 39112.36139315 207991.47378162 190431.70307452002 240070.93881428998 336835.76714029995 229173.7808796 186975.6524529 243443.1516415 298351.4448488 257778.862933 173747.6681047 88781.61198702 3082.246192567 -9999.0 -9999.0 -9999.0 -9999.0 -9999.0 -9999.0 -9999.0 -9999.0 -9999.0 -9999.0 -9999.0 -9999.0 -9999.0 -9999.0 -9999.0 -9999.0 -9999.0
88129.67438602001 67378.80007198 55743.54204144 74971.94298456001 62499.66631361999 67432.60819001 61203.047162150004 36400.84924254 42345.18580359 311549.47925628 299816.0630918 206619.96067338 30784.516179392 28870.482207825 32525.898120954 35259.860211265004 22239.522844178 31028.627250775 397903.16950766003 316027.31685109 397435.38501379004 432970.25365183 372707.47218275 328976.5439875 442859.30550715 274520.04609321 180376.71515336 210447.14761224 102539.01336858 30145.73245018 100938.32925025001 151942.55506747 246438.80518574 220691.88591361 171902.8685057 503188.2909892 490202.2851033 538522.5431261 480767.29309159995 271379.2620397 198069.85347221 58981.49518769 488.340849037 -9999.0 -9999.0 -9999.0 -9999.0 -9999.0 -9999.0 -9999.0 -9999.0 -9999.0 -9999.0 -9999.0 -9999.0 -9999.0 -9999.0 -9999.0 -9999.0 -9999.0
14294.17173613 13665.51373845 12891.85025374 10804.96037967 32374.07830053 14249.860878129999 10528.41956635 13385.40559199 23806.8324166 57367.31462905 326723.84739934996 28430.758279761 32620.665719173998 30619.805758095998 32801.815602534996 31279.43300232 32214.949619456 42569.668197539 31188.455607156 241139.68964604 383478.43510693 246875.11778999 470748.95675498 479704.12051679 384360.29010769 251883.17433235 156993.55760845 60984.171946170005 120873.89050382 82026.24647963 149600.09827509001 130110.74632157001 124169.81834296 255894.6803575 246743.7885588 225336.10650571002 511732.83335090004 486197.4667631 595628.8358913 479108.2302746 213978.57531759999 52055.37094065 -9999.0 -9999.0 -9999.0 -9999.0 -9999.0 -9999.0 -9999.0 -9999.0 -9999.0 -9999.0 -9999.0 -9999.0 -9999.0 -9999.0 -9999.0 -9999.0 -9999.0 -9999.0
15071.59692305 17123.385747419998 11289.036932429999 18593.12896148 17308.83388065 13675.18959193 11944.8464136 8232.34709724 33370.146421861 50799.54934436 282381.40323495 310742.24361605 224628.34369086 25269.068207817 38176.94149707 354462.76225107996 416926.93205277 555398.04185912 349597.57214895997 276653.42449824 321236.97369511996 330183.26742453 357222.16403061 404646.46757040004 390300.64265563 293544.95471986 149671.35654846 32440.52988525 78611.79697565 86825.35491601999 143329.84288466 85718.16219363999 94143.89693563999 252992.3236065 305316.4158395 286476.878859 401575.7940083 505287.27447269997 306318.16479529 231643.4592586 107133.4094197 26442.345068090002 -9999.0 -9999.0 -9999.0 -9999.0 -9999.0 -9999.0 -9999.0 -9999.0 -9999.0 -9999.0 -9999.0 -9999.0 -9999.0 -9999.0 -9999.0 -9999.0 -9999.0 -9999.0
4186.96347005 34910.5742084 17711.57966174 11350.598754269999 24880.26756048 18388.29300787 27465.1243646 27924.18830666 23421.935467749998 34206.29613887 372829.93757862 26854.521340139 29971.853239038 27508.443381801 358411.56951761 434745.39741045 425314.06049188 395564.98697404 345727.19434403 236621.89958486002 441313.56483021 463144.99605391 401621.27304805 252366.13083302 294509.79568776995 328722.68307634 128521.83542383999 105846.07623201 124871.70058014 133712.25677967002 142893.51068155002 182400.9554939 181974.57396090002 208310.7541947 193070.4258162 307364.0513844 353451.4069214 402774.1011455 270592.58669920004 124140.89986208 44866.71825174 1520.957858434 -9999.0 -9999.0 -9999.0 -9999.0 -9999.0 -9999.0 -9999.0 -9999.0 -9999.0 -9999.0 -9999.0 -9999.0 -9999.0 -9999.0 -9999.0 -9999.0 -9999.0 -9999.0
