critload/trunk/output/1999/nero_tot.asc
ncols 720
nrows 360
xllcorner -180
yllcorner -90
cellsize 0.5
NODATA_value -9999
[rows 81 to 107 of 360, columns 180 to 239 of 720]
6228.91047678 7787.10881622 13039.478544811 9254.07662054 9730.94922157 10131.3838693 10090.4182 6259.94178877 8770.685484819 6582.13958915 6385.30201384 5219.57607378 5194.24820869 4966.91648971 10234.497504997 11665.901032247999 5332.084745807 14238.890035542001 10003.011898401 3948.04370286 3654.427292329 3835.483208064 3828.80830333 4059.767411501 3581.42698989 3913.90686429 7167.458797708 6289.53471418 5903.84965384 5464.62670951 7504.82322243 5893.87392536 8004.99593166 12380.5977074 11493.4001631 10164.5563 14767.0370653 16992.841142557 11996.2250395 15826.8105042 20116.569763030002 37663.285428867996 55623.99642758 14668.62272919 4205.116597818 648.997984365 2501.206120795 6015.961917538 9283.49840346 7143.83577804 2759.9373177420002 -9999.0 226.328989366 3589.007018894 6495.944619259 5994.6965627889995 1154.94425528 -9999.0 -9999.0 -9999.0
12365.366712542 16905.99179626 25797.58808258 6155.892791807 1952.64774367 4245.2211042 4190.82328307 6644.41896302 8642.36480999 9871.30425283 8280.79324329 6781.05476227 8844.791860631 5897.56375899 5487.71572669 5092.4459552 4782.98990564 8130.296754163 31877.81407011 26265.15017774 3665.0704048999996 75325.88149978001 11188.569616965 18315.961383708 6735.359137048999 3260.84695386 8333.18830732 8640.18177042 4911.18443118 6308.66103144 5812.716678952 10946.1892476 12874.4531274 11759.3216724 71717.092136588 83821.198511851 82141.71556641 120993.98697286 16668.2039083 20041.7493423 81826.117953963 26539.616261069998 1050.5554924978999 28847.566260476302 40582.653291899995 48323.08624984 25977.8477659 44695.90720018 144998.56097581284 49143.993949380005 33893.0072681 9509.27190772 -9999.0 -9999.0 -9999.0 -9999.0 -9999.0 -9999.0 -9999.0 -9999.0
58723.252679640005 19325.276144544998 804.399027645 0.0 0.0 0.0 0.0 1451.60590098 14400.616320930001 12396.70070786 21882.64585984 10305.447567297 9643.423436324001 7243.64105055 6921.34280541 6798.5800655782 5886.31296192 17202.435232358002 6337.104644819 20159.228945793002 8308.124988586 63035.35767871 40603.20994461 38382.12071559 33005.88146833 13638.583045590001 9263.641303691 9250.4726859 6980.37054123 5882.923921601 9113.09224889 12309.2873919 15193.7257062 13346.3445325 14253.3384821 31477.58575347 93396.84082619999 126298.34550992999 93394.7935379 33520.2933034 25987.84483509 34543.162415586004 58753.72082181 106294.62551254 56928.006227189995 124117.29010749 26089.87134727 64143.195923060004 86919.90811625 81426.76068788 13735.98605408 3469.0192900558995 -9999.0 -9999.0 -9999.0 -9999.0 -9999.0 -9999.0 -9999.0 -9999.0
709.315033385 322.422935621 99.5793626201 0.0 0.0 0.0 0.0 0.0 754.572759927 485.6338895081 19860.248495480002 11239.426286261 7802.120969330001 6450.152469769 6528.69662849 5686.97845192 7888.71796325 6466.14778969 9910.475904654 20968.96406226 97108.855236888 47999.81724051 11416.150646687 10726.631130994 6007.0675366880005 9139.639169569 9770.76631762 11106.1667019 9269.073984214 12902.5498978 15592.718662917001 14893.581962563 14765.2926395 16996.21464736 22307.037202500003 15700.99737306 26222.87739297 20298.8526275 30801.9692662 84607.08653839001 76740.82647791998 176727.76442994998 109012.17346451 20819.2726606 25833.9548746 72050.67662268999 41010.90602101 33022.25314539 33169.94541426 31853.54242851 26896.4426098662 -9999.0 -9999.0 -9999.0 -9999.0 -9999.0 -9999.0 -9999.0 -9999.0 -9999.0
0.0 0.0 1660.81096652 3206.19277512 310.581660153 0.0 0.0 0.0 0.0 0.0 3510.77600574 14291.879139289998 10320.0537889 11348.1799921 8870.98767857 7655.39711742 7801.00356438 8222.69260482 12956.9208343 11759.25020209 30727.94169449 131936.66984181 13542.83077318 8284.83161464 8539.89674867 7963.33878115 7207.72443158 12203.3169637 14115.7531021 13869.0310041 13027.059337727 11690.499020765 24661.77653249 30561.919529435 28207.03143622 20526.41580566 26811.1857524 34658.5086441 84023.96283936 75522.12534293 73681.61808808001 55601.46298101 58631.13328049 155958.14547837002 138162.26032985 30889.195191580002 28004.58721421 31710.097546380002 13394.147234389999 42467.12306912 8696.8146328816 -9999.0 -9999.0 -9999.0 -9999.0 -9999.0 1894.002170658 -9999.0 -9999.0 -9999.0
7632.751848233999 7365.84909354 8744.6031418 6032.03032386 23929.842505774002 193.591155198 0.0 903.894477127 1347.34312689 1418.24507029 473.6561825839 51863.67531444 15307.0205369 13941.262285955 12320.8330688 10424.4416609 11096.015562559 70228.01785040999 87757.49541614 11868.860269825 7711.12543762 10555.498321989999 11214.548065034 8930.62825594 11560.0632006 11378.9434143 12151.1082453 17952.1335055 35574.96725690999 99076.68715859999 20956.03560745 14900.28139612 44312.99491696 37858.134093932 191886.12745036 254873.63769803 271776.08379695 275485.80982155 265137.7526915 63017.55257184999 25906.279211189998 17763.0410486 16238.0298599 94624.350208944 359284.49199885 33269.40821585 19175.856657639997 16439.262648812997 7885.244157680001 10631.963763520002 15968.615311046 62003.3076072466 14473.3621319205 -9999.0 -9999.0 -9999.0 -9999.0 274.3524124039 19375.92311191 5157.338984979
20015.862681616 23719.597979366 36638.809727553205 19324.641869135 11488.003612444998 5700.48370521 5679.69773515 6452.50915595 4779.59258034 87008.47766086 16348.711375674 45742.550802681995 59706.06788805 22717.06589392 35984.135281970004 24438.97103141 46641.10870191 91608.00018487999 69745.49994308999 29488.505919605 16415.941002073 73644.45812094999 22442.41302282 12830.8331758 15428.133839123 14840.78781713 14286.5408738 25925.66345162 65758.40968116 50034.58244675 111420.2839154 44245.7209957 189995.64477733 330042.33609824005 186548.47505315018 183220.832613096 204801.00302354002 289693.29273683997 280454.10359379003 42254.13586136 13499.3291325 13775.676047553 13582.8815495 23447.226378475003 252886.29394221 77413.41470027 34289.94487863 7475.29857376 10907.03584189 20548.02210581 97888.33605917999 30395.584239795 73964.2475325723 142094.07004210958 185163.30659916002 33220.500329280396 -9999.0 18978.81449708 25451.27267445 42580.296430336
32288.04852559 45516.11260329 6676.39293514 18013.772706572 23514.7394034939 28845.507837261 2590.95471195 674.507803981 381.286290947 252.020180738 9686.204317900843 932.525243253 273.596043851 511.888139907 979.675296404 2655.65430968 2022.53342312 267.5175645112 8263.162086405 15166.06102282 25341.454851254 42985.504379189995 10558.9720952 12200.4842819 13151.409565754 126637.62724574 149603.01815826 158446.77118923998 241670.0780877 216699.06455846 394557.48464399995 253358.82730886003 195107.814581668 336534.6738340122 213883.485942513 216081.74734445 217236.91457216 84729.99545929 125283.62346587 23033.72030829 10537.065001903999 20266.8279691 14792.4754831 13371.063545219999 10308.082049609 24430.391590370004 58313.76276617 92389.95503393 103607.98503832001 123311.35933802 56009.32845944 94434.68871665001 45519.05977744 36767.83020327 60753.7001351 56533.670083159996 31144.762783444996 15208.25563625 5395.34851577 13844.977952660001
54330.23757722 45290.333264930996 17362.439273132 40021.46408153 27524.511695340003 1100.66860055 0.0 89.169036745 325.127365233 43039.43672425 103432.45605136 22911.218347365102 29588.578102631 491.883256014 0.0 0.0 298.67064315700003 7872.126823564 0.0 6346.25498089 31524.77634747 65457.41848864 21796.864829309998 14997.163487696 24864.99333458 20193.47689455 75451.15728074 183507.289020255 191189.31760998 338674.48679396906 188603.32814746696 175945.4460646274 165007.24442126803 195804.63755914502 312865.35140022 204296.79330378 388177.28340527 24060.6347595 34619.778775650004 25792.8431336 18734.1604245 23942.68486844 7615.581581 10358.8401206 8913.134121089 17711.46490089 21910.75970424 20114.73761113 20204.73116668 2034.285692608 101217.71596327999 81974.67355482001 39166.26935277999 104441.25378185 56211.25740760999 20861.670617789998 24726.81228596 9518.098601076 -9999.0 -9999.0
73391.60580101 41813.08815475999 42340.781547145 119610.74631509 18235.09695168 1137.85768898 0.0 1205.6578803 71180.2075131 54198.92268317 7887.4795972229995 12095.645070092 25877.81610318 1465.64025306 0.0 0.0 0.0 68217.4578977 54352.3553438691 7179.1359560870005 112845.644290953 77084.916291794 99715.46156668 40166.59926479 33294.87258602 76806.54505438 48370.78509615 118172.83950336999 158087.521433776 77589.36852378001 50948.668501659995 166377.49112282 144227.1819709 48532.29687393 114513.91110419 70882.4177201 28989.166692926003 32664.6204559 33080.2853016 25939.2763785 21739.758442235998 94111.53176675999 146529.1285476 9806.43074964 6923.86948214 4642.191492141999 179.24518098 -9999.0 17649.709559535 55596.23902465 52752.65306532 51811.61535028 44813.88698325 27259.06083525 7993.83780655 2277.8603905464997 -9999.0 -9999.0 -9999.0 -9999.0
10243.230602933001 19089.250727257 96672.70624174 63424.919686339 103798.50069056 0.0 0.0 27295.1562002 23235.44650797 61421.32827732 12243.151113368 48554.470464096004 53140.607003239995 508.369546041 194.89330147 0.0 21723.297282170282 164214.024554571 177342.376759778 213948.149577754 190377.08433216307 133256.0827726686 202809.161883945 206015.953039478 212947.11107539263 132808.58498828797 149390.451409365 49211.256325733 4878.06574936 17519.744223232003 12877.4773744 23038.8046444045 44629.1154482 79875.80971752001 43384.491678273 32863.49148582 40202.5647293 55636.9237243 53938.50809669 100248.50463015001 79933.5186127 72321.32753971001 4179.53164997 2548.99618342 87.9406218707 -9999.0 -9999.0 6455.725634478 12273.581745380001 8757.56769556 18234.75623644 5574.314034794899 525.592767342 -9999.0 -9999.0 -9999.0 -9999.0 -9999.0 -9999.0 -9999.0
12940.664047556 17559.491249935 133357.273298964 76708.20107475 28708.334748114 0.0 54.8749874954 90769.87839147999 45561.86844821 73160.67986506 116176.24072658 112241.9813032 2009.90213947 118226.36494967401 79179.5660368856 0.0 58682.245578370625 149337.14941952648 163274.04421294623 188038.61755337098 154756.84994675202 46770.950663932 26712.2661349591 12055.3897296981 0.0 28507.620669738804 0.0 2868.16440636 75253.42947877999 29498.47766179 19085.140684 29069.9950587 28957.4210643 93792.50347159 42383.227089864 28306.0074752 34385.0678405 21882.257524246 169719.1438701 154562.30800812 12861.60399887 485.70872237532 -9999.0 -9999.0 -9999.0 -9999.0 -9999.0 6179.796071225101 11574.39720218 9648.81272668 2209.4483395700004 -9999.0 -9999.0 -9999.0 -9999.0 -9999.0 -9999.0 -9999.0 -9999.0 -9999.0
182664.67561327 136955.235182369 140680.62117532498 168405.741453259 523.380033835 0.0 0.0 51069.745597858004 186452.9805988 149735.30026996 98373.98640330239 170390.691808601 221762.49373469502 129440.57547990799 152237.251772798 28195.9442606318 98389.31563747316 152381.11189227394 173113.8320101168 171472.29859277201 94704.806040618 38643.654560810995 68906.983307902 108406.384610918 56137.904523070305 64454.461383564 79920.88313123501 98247.67421398299 39524.732550939996 164832.3720305 83139.20450925 43161.6128406 167108.52661267 361258.7725457001 31593.9010292 39268.4608437 94113.7898782 75218.84856715 145994.53207931 3457.36961801389 -9999.0 -9999.0 -9999.0 -9999.0 -9999.0 -9999.0 -9999.0 -9999.0 -9999.0 -9999.0 -9999.0 -9999.0 -9999.0 -9999.0 -9999.0 -9999.0 -9999.0 -9999.0 -9999.0 -9999.0
454390.16764431 408247.337976074 155048.393893887 189691.471584924 810.096632005 0.0 0.0 1671.78674545 160824.616042531 154834.3120629 125066.984632211 130773.28378905001 149961.20983911 105465.702395944 97663.74164307701 327622.5756415068 135484.99098430393 100489.9413628901 108995.37498739896 68383.9913047745 37005.05970556801 36755.55561207 213949.1598432 311654.61754664 357374.76288540004 333700.13907792 182670.11065619998 241841.43502669 206987.9351899 388589.5605541 623467.2515867001 284108.87310078 122140.40012696802 194258.73697243002 413626.472443 274334.967181 330063.4854658 205766.23918293003 34497.63922198 -9999.0 -9999.0 -9999.0 -9999.0 -9999.0 -9999.0 -9999.0 -9999.0 -9999.0 -9999.0 -9999.0 -9999.0 -9999.0 -9999.0 -9999.0 -9999.0 -9999.0 -9999.0 -9999.0 -9999.0 -9999.0
470559.28350509 449568.673779717 398032.755293613 263427.7077054962 1107.49717233 0.0 7.75837152116 113644.12957790401 149240.606421872 124088.44570631 114697.531405128 145791.034549297 158823.95847519703 48644.825048421 185563.23769470002 177125.07309724027 56367.722562016665 0.0 0.0 433.181053633 3682.03051826 323788.34286198 68662.9826041 381701.49797299993 386063.61783899995 440053.8910737 329192.15448180004 336212.7145846 80004.4528674 233318.1523582 250206.06608169997 123897.15682190002 428754.88383483 269447.180947 552728.5960563 549546.0875555001 404425.81645251997 111388.45222125998 16514.776966177 -9999.0 -9999.0 -9999.0 -9999.0 -9999.0 -9999.0 -9999.0 -9999.0 -9999.0 -9999.0 -9999.0 -9999.0 -9999.0 -9999.0 -9999.0 -9999.0 -9999.0 -9999.0 -9999.0 -9999.0 -9999.0
352175.29987253 383206.2751493 356493.5585254591 215531.53069450264 38224.065869271995 1275.88179917 86545.282176541 158967.298252252 159230.04571957697 140013.876211863 150892.425835042 127347.619837521 123622.78659110799 1213.63896656 208.330668995 0.0 180.541610508 39570.405842354 81692.361280501 320960.86497161305 126031.2765808 51071.69917916 38277.7141891 60825.0303849 54716.548156384 202316.8366372 283010.71069730003 70924.37304081579 90219.5676476 53271.8954329 80352.641261 358273.97217769 309232.46163708 817943.1740671999 446968.8454292999 570006.14106106 399972.12966846 139899.61347510002 125189.9815019254 7123.265517469418 1909.2130016475 -9999.0 -9999.0 -9999.0 -9999.0 -9999.0 -9999.0 -9999.0 -9999.0 -9999.0 -9999.0 -9999.0 -9999.0 -9999.0 -9999.0 -9999.0 -9999.0 -9999.0 -9999.0 -9999.0
345216.49412489997 406677.015575027 341463.34625822096 328995.905746218 366744.0181248321 36060.5556201271 30025.97277328933 172883.78070502062 175768.2614994318 165174.56969869853 125803.62726169461 107471.120588607 121987.0775334734 155930.86594033803 142072.9815489382 156014.497656032 136756.99446499097 166192.4956656608 123700.65530591099 160207.43083698 63654.51246145 39713.165748110005 45882.455994200005 49749.5069982 48736.41042867 183184.16725969999 484822.5510019 317363.8343411 92880.8464954 36384.1149191888 228252.2434177 246026.81149103 52758.270592529996 177205.696124159 89789.23891105 59076.598832267 69587.943395058 2713.8188601278 5126.932144097869 184.75368254912001 -9999.0 -9999.0 -9999.0 -9999.0 -9999.0 -9999.0 -9999.0 -9999.0 -9999.0 -9999.0 -9999.0 -9999.0 -9999.0 -9999.0 -9999.0 -9999.0 -9999.0 -9999.0 -9999.0 -9999.0
447903.34966796 440565.815777937 259743.03664892772 213475.60393339352 210660.9043456658 223188.1937043662 148698.9031482173 160925.181239453 161480.9367383683 156045.0973689812 152413.2974207401 137508.6057533481 134137.68141581301 139119.239862703 201388.19099636222 285128.38187756995 306339.07117988 195588.541649777 196227.163689538 155369.053117602 174767.092157449 332896.66364156007 123812.59702601 67175.0594313 259969.53842500004 359912.57633579004 566611.90985449 309832.5335016 460180.85914342 504260.46245495003 232549.96258745802 7655.836750372573 198.59445867959926 425.2336132293 24961.70790021274 13196.513622825001 -9999.0 -9999.0 -9999.0 -9999.0 -9999.0 -9999.0 -9999.0 -9999.0 -9999.0 -9999.0 -9999.0 -9999.0 -9999.0 -9999.0 -9999.0 -9999.0 -9999.0 -9999.0 -9999.0 -9999.0 -9999.0 -9999.0 -9999.0 -9999.0
355367.079375004 307192.7367504047 256260.49220331022 260009.277784425 311487.035216177 369415.27171903796 170510.731261082 128999.63133201389 132949.6266504037 141073.1634754599 175133.1648426002 169360.54895122998 192260.658781268 132262.74096681777 195693.018085931 178777.74161293 264549.3299521 134288.1136093 338069.93225989246 326778.51535826316 296384.43159338017 325651.40614257 445806.94832196995 295611.6187188 349230.89794284 659925.12778987 492861.25256662 310888.78168345697 315002.905128448 159894.54186374552 156008.40996547262 67565.06205118766 -9999.0 -9999.0 -9999.0 -9999.0 -9999.0 -9999.0 -9999.0 -9999.0 -9999.0 -9999.0 -9999.0 -9999.0 -9999.0 -9999.0 -9999.0 -9999.0 -9999.0 -9999.0 -9999.0 -9999.0 -9999.0 -9999.0 -9999.0 -9999.0 -9999.0 -9999.0 -9999.0 -9999.0
301303.467531947 259318.27949228563 230203.17526572297 242886.6594902067 243177.56649933298 180700.446830742 161976.67219181103 119392.57025817799 129703.66381357049 175421.507400718 209033.53887002481 200171.25832048428 160321.613766866 131346.4929030604 224740.05127844898 173314.19592268 130497.75266893 48805.80528268 89220.3577545 206432.08611228 201088.94312384998 307299.52526639996 388081.3820961 203398.3927507 422209.47767582996 416099.97921148996 410027.0044844556 361371.799798206 208672.64738093 125605.218490511 78624.4630447 10738.71127606 -9999.0 -9999.0 -9999.0 -9999.0 -9999.0 -9999.0 -9999.0 -9999.0 -9999.0 -9999.0 -9999.0 -9999.0 -9999.0 -9999.0 -9999.0 -9999.0 -9999.0 -9999.0 -9999.0 -9999.0 -9999.0 -9999.0 -9999.0 -9999.0 -9999.0 -9999.0 -9999.0 -9999.0
92973.90266662599 119662.76691304 107186.45762048001 119453.917357945 134357.17413942562 180022.304725271 126441.32824881001 110235.88975884 139131.999207933 165163.83858124 254480.99281958258 201998.0050840016 199069.9406876069 245190.57782371002 127991.70954595 123313.32923779 172158.06836937 102038.50249396 45722.2822498 137057.59396079 94759.57475298 239127.8978212 275019.7147139 449371.12465557 369835.664349182 255614.64740394836 113642.72340882682 66984.370231978 127877.015291392 48212.303323579996 32393.680837714997 604.1992814313259 -9999.0 -9999.0 -9999.0 -9999.0 -9999.0 -9999.0 -9999.0 -9999.0 -9999.0 -9999.0 -9999.0 -9999.0 -9999.0 -9999.0 -9999.0 -9999.0 -9999.0 -9999.0 -9999.0 -9999.0 -9999.0 -9999.0 -9999.0 -9999.0 -9999.0 -9999.0 -9999.0 -9999.0
160250.49643448 94215.95210355001 100069.82478173 97246.83389907269 146667.32151948998 126262.3560190971 126546.0015925 185960.81624709 183003.36719083 253112.98498110002 320545.986335673 247416.39209725 266177.991802285 224375.83733190002 189568.07258744998 208187.51251887 163786.41547078 45462.55794 54543.308981 89613.6965088 80954.20765689999 161060.6049805 629854.4730866 188714.3963605 254698.91144883996 34936.052272337 117664.14312647578 53993.341827136 129246.167471223 86638.662582422 53.6213131903 -9999.0 -9999.0 -9999.0 -9999.0 -9999.0 -9999.0 -9999.0 -9999.0 -9999.0 -9999.0 -9999.0 -9999.0 -9999.0 -9999.0 -9999.0 -9999.0 -9999.0 -9999.0 -9999.0 -9999.0 -9999.0 -9999.0 -9999.0 -9999.0 -9999.0 -9999.0 -9999.0 -9999.0 -9999.0
158064.453885324 117581.50863799 125184.13249949798 144440.386425759 172794.76135056198 151749.48546567 225222.65637211 225145.81720989 196670.53307334398 298687.2765877837 235435.63955186 274267.767979066 308451.69612704 75508.4793037 120508.92180309 90555.25998593 105970.5517986 77589.97422830001 63857.53351066772 51105.049848325 91117.47403489999 751883.5410332001 398532.81979032 132880.24328016 75371.0053388 60408.49747517 78838.67896035001 10314.318178113 78741.63101733 54580.553754958004 -9999.0 -9999.0 -9999.0 -9999.0 -9999.0 -9999.0 -9999.0 -9999.0 -9999.0 -9999.0 -9999.0 -9999.0 -9999.0 -9999.0 -9999.0 -9999.0 -9999.0 -9999.0 -9999.0 -9999.0 -9999.0 -9999.0 -9999.0 -9999.0 -9999.0 -9999.0 -9999.0 -9999.0 -9999.0 -9999.0
228852.72019921 142855.67707788 150134.25000022998 129456.48395122 192347.856386195 192744.8619743141 234216.76877534998 309942.934051702 403734.56671419996 298308.71953083 323128.967371855 339968.74379914 161564.9698904 103751.454042 68066.22036313 84655.58861478057 95488.80244296 106450.04605609999 158655.581936 188653.3394113 128936.2939589 261311.9205939 54401.23217094 23922.77658443 60188.550393089994 68604.62508092 44350.06203368 24748.637922983 49845.2022127929 3312.25585433341 -9999.0 -9999.0 -9999.0 -9999.0 -9999.0 -9999.0 -9999.0 -9999.0 -9999.0 -9999.0 -9999.0 -9999.0 -9999.0 -9999.0 -9999.0 -9999.0 -9999.0 -9999.0 -9999.0 -9999.0 -9999.0 -9999.0 -9999.0 -9999.0 -9999.0 -9999.0 -9999.0 -9999.0 -9999.0 -9999.0
253939.695815921 171322.06717092998 196273.95871445298 225616.83639167997 203652.26770264 202807.2190006 206149.38714854 276678.63230953 295931.190217706 289662.16406255 422264.60340017197 342320.61217216 177017.7251123 91141.6261019 114978.56780904501 116087.5821886 243125.4454939 159340.92057639998 296494.77885269996 220881.3004306 259548.86972381 198737.79140482 120123.47605773 66905.65030709 53692.15669452 72618.01761515999 49727.22835528 9174.2593211755 17280.6023764265 -9999.0 -9999.0 -9999.0 -9999.0 -9999.0 -9999.0 -9999.0 -9999.0 -9999.0 -9999.0 -9999.0 -9999.0 -9999.0 -9999.0 -9999.0 -9999.0 -9999.0 -9999.0 -9999.0 -9999.0 -9999.0 -9999.0 -9999.0 -9999.0 -9999.0 -9999.0 -9999.0 -9999.0 -9999.0 -9999.0 -9999.0
133473.30043247042 140753.702400602 209936.338273087 161029.52341242 198654.11675122997 273415.496461052 263248.306289702 315695.19243644906 347921.91034643 231666.82539136 187040.11646576002 177207.23318227 373517.67940029997 388177.13501330005 269572.3727218 345442.56582244 349741.8795283 222074.64268020002 195611.54638448998 101875.98695536 176696.93813825998 209563.43978537997 166768.6526734 118277.51558686 68216.13277925 61448.773152869995 128170.160435908 69057.671007685 -9999.0 -9999.0 -9999.0 -9999.0 -9999.0 -9999.0 -9999.0 -9999.0 -9999.0 -9999.0 -9999.0 -9999.0 -9999.0 -9999.0 -9999.0 -9999.0 -9999.0 -9999.0 -9999.0 -9999.0 -9999.0 -9999.0 -9999.0 -9999.0 -9999.0 -9999.0 -9999.0 -9999.0 -9999.0 -9999.0 -9999.0 -9999.0
103781.01696609127 198887.791913512 209511.1945463971 231887.17246512 98452.22997796 268996.841781521 228064.78070213262 383982.534703136 245777.54198202002 546279.95318809 110772.98000795001 316250.0109939 404993.49477006 450884.14088248997 590126.8224314899 388298.64302713 61497.65973031 162941.7668323 396797.62647036003 291990.69392950897 264261.762066428 172348.58266641 143986.58853939 183337.74932267 142081.81852348 100151.903526419 62333.702950312 841070.1090625001 6418.2126671959995 -9999.0 -9999.0 -9999.0 -9999.0 -9999.0 -9999.0 -9999.0 -9999.0 -9999.0 -9999.0 -9999.0 -9999.0 -9999.0 -9999.0 -9999.0 -9999.0 -9999.0 -9999.0 -9999.0 -9999.0 -9999.0 -9999.0 -9999.0 -9999.0 -9999.0 -9999.0 -9999.0 -9999.0 -9999.0 -9999.0 -9999.0
