critload/trunk/output/1999/nero_tot.asc
ncols 720
nrows 360
xllcorner -180
yllcorner -90
cellsize 0.5
NODATA_value -9999
[rows 27 to 53 of 360, columns 60 to 119 of 720]
-9999.0 -9999.0 -9999.0 -9999.0 -9999.0 -9999.0 -9999.0 -9999.0 -9999.0 -9999.0 -9999.0 -9999.0 -9999.0 -9999.0 -9999.0 -9999.0 -9999.0 -9999.0 -9999.0 -9999.0 -9999.0 -9999.0 -9999.0 -9999.0 -9999.0 -9999.0 -9999.0 -9999.0 -9999.0 -9999.0 -9999.0 -9999.0 -9999.0 -9999.0 -9999.0 -9999.0 -9999.0 -9999.0 -9999.0 -9999.0 -9999.0 -9999.0 -9999.0 -9999.0 -9999.0 -9999.0 -9999.0 -9999.0 -9999.0 -9999.0 -9999.0 -9999.0 0.0 0.0 220.549578771 1479.77129883 2043.63415274 3694.64355224 2494.37121782 3580.72938136
-9999.0 -9999.0 -9999.0 -9999.0 -9999.0 -9999.0 -9999.0 -9999.0 -9999.0 -9999.0 -9999.0 -9999.0 -9999.0 -9999.0 -9999.0 -9999.0 -9999.0 -9999.0 -9999.0 -9999.0 -9999.0 -9999.0 -9999.0 -9999.0 -9999.0 -9999.0 -9999.0 -9999.0 -9999.0 -9999.0 -9999.0 -9999.0 -9999.0 -9999.0 -9999.0 -9999.0 -9999.0 -9999.0 -9999.0 -9999.0 -9999.0 -9999.0 -9999.0 -9999.0 -9999.0 -9999.0 -9999.0 -9999.0 -9999.0 -9999.0 -9999.0 -9999.0 -9999.0 0.0 6.44079671353 -9999.0 0.0 184.043167136 146.558932676 786.898955301
-9999.0 -9999.0 -9999.0 -9999.0 -9999.0 -9999.0 -9999.0 -9999.0 -9999.0 -9999.0 -9999.0 -9999.0 -9999.0 -9999.0 -9999.0 -9999.0 -9999.0 -9999.0 -9999.0 -9999.0 -9999.0 -9999.0 -9999.0 -9999.0 -9999.0 -9999.0 -9999.0 -9999.0 -9999.0 -9999.0 -9999.0 -9999.0 -9999.0 -9999.0 -9999.0 -9999.0 -9999.0 -9999.0 -9999.0 -9999.0 -9999.0 -9999.0 -9999.0 -9999.0 -9999.0 -9999.0 -9999.0 -9999.0 -9999.0 -9999.0 -9999.0 -9999.0 -9999.0 -9999.0 -9999.0 -9999.0 -9999.0 -9999.0 -9999.0 -9999.0
-9999.0 -9999.0 -9999.0 -9999.0 -9999.0 -9999.0 -9999.0 -9999.0 -9999.0 -9999.0 -9999.0 -9999.0 -9999.0 -9999.0 -9999.0 -9999.0 -9999.0 -9999.0 -9999.0 -9999.0 -9999.0 -9999.0 -9999.0 -9999.0 -9999.0 -9999.0 -9999.0 -9999.0 -9999.0 -9999.0 -9999.0 -9999.0 -9999.0 -9999.0 -9999.0 -9999.0 -9999.0 -9999.0 -9999.0 -9999.0 -9999.0 -9999.0 -9999.0 -9999.0 -9999.0 -9999.0 -9999.0 -9999.0 -9999.0 -9999.0 -9999.0 -9999.0 -9999.0 -9999.0 -9999.0 -9999.0 -9999.0 -9999.0 -9999.0 -9999.0
-9999.0 -9999.0 -9999.0 -9999.0 -9999.0 -9999.0 -9999.0 -9999.0 -9999.0 -9999.0 -9999.0 -9999.0 -9999.0 -9999.0 -9999.0 -9999.0 -9999.0 -9999.0 -9999.0 -9999.0 -9999.0 -9999.0 -9999.0 -9999.0 -9999.0 -9999.0 -9999.0 -9999.0 -9999.0 -9999.0 -9999.0 -9999.0 -9999.0 -9999.0 -9999.0 -9999.0 -9999.0 -9999.0 -9999.0 -9999.0 -9999.0 -9999.0 -9999.0 -9999.0 -9999.0 -9999.0 -9999.0 -9999.0 -9999.0 -9999.0 -9999.0 1987.37641091 2994.49953691 5297.41751018 4562.5589223 5118.25016602 8991.73126924 9876.29292599 5239.49362338 3210.8810301
-9999.0 -9999.0 -9999.0 -9999.0 -9999.0 -9999.0 -9999.0 -9999.0 -9999.0 -9999.0 -9999.0 -9999.0 -9999.0 -9999.0 -9999.0 -9999.0 -9999.0 -9999.0 -9999.0 -9999.0 -9999.0 -9999.0 -9999.0 -9999.0 -9999.0 -9999.0 -9999.0 -9999.0 -9999.0 -9999.0 -9999.0 -9999.0 -9999.0 -9999.0 -9999.0 -9999.0 -9999.0 -9999.0 -9999.0 -9999.0 -9999.0 -9999.0 -9999.0 -9999.0 -9999.0 -9999.0 -9999.0 -9999.0 -9999.0 -9999.0 -9999.0 402.236284566 3280.10669979 6364.48272129 5268.61744456 5066.49344804 4585.27021812 7040.03137703 9601.46558261 9288.04580273
-9999.0 -9999.0 -9999.0 -9999.0 -9999.0 -9999.0 -9999.0 -9999.0 -9999.0 -9999.0 -9999.0 -9999.0 -9999.0 -9999.0 -9999.0 -9999.0 -9999.0 -9999.0 -9999.0 -9999.0 -9999.0 -9999.0 -9999.0 -9999.0 -9999.0 -9999.0 -9999.0 -9999.0 -9999.0 -9999.0 -9999.0 -9999.0 -9999.0 -9999.0 -9999.0 -9999.0 -9999.0 -9999.0 -9999.0 -9999.0 -9999.0 -9999.0 -9999.0 -9999.0 -9999.0 -9999.0 -9999.0 -9999.0 -9999.0 -9999.0 -9999.0 4815.22240099 6555.41926887 7132.73274419 5376.80852439 7828.09513605 5439.31194914 6399.40691548 6378.4733567 9654.88103976
-9999.0 -9999.0 -9999.0 -9999.0 -9999.0 -9999.0 -9999.0 -9999.0 -9999.0 -9999.0 -9999.0 -9999.0 -9999.0 -9999.0 -9999.0 -9999.0 -9999.0 -9999.0 -9999.0 -9999.0 -9999.0 -9999.0 -9999.0 -9999.0 -9999.0 -9999.0 -9999.0 -9999.0 -9999.0 -9999.0 -9999.0 -9999.0 -9999.0 -9999.0 -9999.0 -9999.0 -9999.0 -9999.0 -9999.0 -9999.0 -9999.0 -9999.0 -9999.0 -9999.0 -9999.0 -9999.0 -9999.0 -9999.0 -9999.0 -9999.0 -9999.0 4822.84677022 6860.24343742 9749.80886006 9173.68819538 9869.24246704 6438.67637694 5267.95215242 6838.95162934 6922.92668308
-9999.0 -9999.0 -9999.0 -9999.0 -9999.0 -9999.0 -9999.0 -9999.0 -9999.0 -9999.0 -9999.0 -9999.0 -9999.0 -9999.0 -9999.0 -9999.0 -9999.0 -9999.0 -9999.0 -9999.0 -9999.0 -9999.0 -9999.0 -9999.0 -9999.0 -9999.0 -9999.0 -9999.0 -9999.0 -9999.0 -9999.0 -9999.0 -9999.0 -9999.0 -9999.0 -9999.0 -9999.0 -9999.0 -9999.0 -9999.0 -9999.0 -9999.0 -9999.0 -9999.0 -9999.0 -9999.0 -9999.0 -9999.0 -9999.0 5055.96052431 7509.06615056 7406.98790673 6885.84145338 6325.77961841 6032.4881495 8996.23761878 7097.05177952 6266.97652707 6407.32121746 5729.1541667
-9999.0 -9999.0 -9999.0 -9999.0 -9999.0 -9999.0 -9999.0 -9999.0 -9999.0 -9999.0 -9999.0 -9999.0 -9999.0 -9999.0 -9999.0 -9999.0 -9999.0 -9999.0 -9999.0 -9999.0 -9999.0 -9999.0 -9999.0 -9999.0 -9999.0 -9999.0 -9999.0 -9999.0 -9999.0 -9999.0 -9999.0 -9999.0 -9999.0 -9999.0 -9999.0 -9999.0 -9999.0 -9999.0 -9999.0 -9999.0 -9999.0 -9999.0 -9999.0 -9999.0 -9999.0 -9999.0 -9999.0 -9999.0 -9999.0 -9999.0 1383.16486199 3406.00121141 10510.425652 14036.5971401 13492.1081579 12688.448721 10683.0692342 10303.1645213 15165.4454977 568.860116551
-9999.0 -9999.0 -9999.0 -9999.0 -9999.0 -9999.0 -9999.0 -9999.0 -9999.0 -9999.0 -9999.0 -9999.0 -9999.0 -9999.0 -9999.0 -9999.0 -9999.0 -9999.0 -9999.0 -9999.0 -9999.0 -9999.0 -9999.0 -9999.0 -9999.0 -9999.0 -9999.0 -9999.0 -9999.0 -9999.0 -9999.0 -9999.0 -9999.0 -9999.0 -9999.0 -9999.0 -9999.0 -9999.0 -9999.0 -9999.0 -9999.0 -9999.0 -9999.0 -9999.0 -9999.0 -9999.0 -9999.0 -9999.0 -9999.0 -9999.0 -9999.0 -9999.0 102.332206056 11701.7511217 11569.9769861 5045.33729325 358.195940937 643.578934843 160.456974622 -9999.0
-9999.0 -9999.0 -9999.0 -9999.0 -9999.0 -9999.0 -9999.0 -9999.0 -9999.0 -9999.0 -9999.0 -9999.0 -9999.0 -9999.0 -9999.0 -9999.0 -9999.0 -9999.0 -9999.0 -9999.0 -9999.0 -9999.0 -9999.0 -9999.0 -9999.0 -9999.0 -9999.0 -9999.0 -9999.0 -9999.0 -9999.0 -9999.0 -9999.0 -9999.0 -9999.0 -9999.0 -9999.0 -9999.0 -9999.0 -9999.0 -9999.0 -9999.0 -9999.0 -9999.0 -9999.0 -9999.0 -9999.0 -9999.0 -9999.0 -9999.0 -9999.0 -9999.0 -9999.0 -9999.0 -9999.0 -9999.0 -9999.0 -9999.0 -9999.0 -9999.0
5653.49022981 4777.56239867 3606.8300536 2997.67719214 2302.59139378 1621.79777815 1766.7106172 1606.08467521 603.858262673 -9999.0 -9999.0 254.720319399 714.652386743 916.933045964 188.250766535 -9999.0 -9999.0 -9999.0 -9999.0 -9999.0 -9999.0 -9999.0 -9999.0 -9999.0 -9999.0 -9999.0 -9999.0 -9999.0 -9999.0 -9999.0 -9999.0 -9999.0 -9999.0 -9999.0 -9999.0 -9999.0 -9999.0 -9999.0 514.852153632 445.211110479 680.314473998 -9999.0 0.0 1142.0704094 7458.66749073 5177.98304144 84.9729840211 -9999.0 -9999.0 -9999.0 248.364779805 114.53804382 -9999.0 -9999.0 -9999.0 -9999.0 -9999.0 -9999.0 -9999.0 -9999.0
9943.11309356 9680.64256501 8097.35537499 11696.9940652 9450.91432094 11624.7842256 15920.6241897 20475.0794158 46252.1925931 45245.6153224 39662.2533812 19406.4569062 14401.2395846 11567.2074715 17332.9729249 11416.4917927 5020.95031333 2149.36425395 1490.89102926 1242.45435961 667.793691095 264.916480626 -9999.0 -9999.0 -9999.0 -9999.0 -9999.0 -9999.0 -9999.0 0.0 0.0 216.150233316 0.0 -9999.0 1154.74701238 1683.1845857 2237.00818798 4000.57458878 2762.57404759 2494.09646592 2758.09363421 2761.54453367 4010.77152554 8540.00304612 11212.5972801 15552.1788284 12296.7185039 442.011711452 -9999.0 955.087273153 4480.40342443 932.250672648 -9999.0 378.542291769 4495.62213766 5148.91244932 5426.31457085 3414.99876223 727.516613014 -9999.0
11634.0113367 13246.7788147 17146.0176085 17678.4027768 42803.0024986 93463.4690881 87824.8940277 82922.9218312 134733.848041 124620.952424 98927.5528188 109732.200838 113686.812182 126787.088293 116900.668706 128117.900378 125546.409045 131528.493306 77171.7923499 70383.9728921 64436.6721184 28572.3685297 5486.88200284 1793.09321757 377.818747656 -9999.0 -9999.0 0.0 467.286244553 890.439369246 1842.76668901 2294.40456204 5570.61418404 4924.35867055 5517.95705738 5606.47474098 7392.76474904 12669.6463046 4371.60015224 6352.83686003 7827.53225169 8561.68736915 10908.4027142 13436.6478082 12947.1978568 10219.047957 16029.6571082 10863.1004014 6524.5562289 6964.07619668 6234.80684847 5108.88745265 6416.04173771 12784.8403295 15575.1961921 17496.2046016 15829.5150509 15389.0000362 13702.0323995 9250.54949524
12649.7078573 17125.4347627 23590.7340785 36687.8085198 60931.3381993 69507.7859852 150106.512262 133591.336971 138839.022913 125676.456107 110679.624716 111325.843175 104806.684466 86764.0598099 73782.1127426 57377.6634686 57237.7164385 50416.9373191 24080.0854017 18401.803942 34187.7494281 30734.5282907 26866.3793675 20045.8124909 15836.5060986 24094.391887 11765.5619236 5717.55928837 1224.10916223 1152.17423299 1054.04382457 9736.22431907 10113.2877766 7498.52110746 5422.23089495 9577.57812525 11883.6751548 9914.9631241 8992.93197708 8439.67915937 6450.92085947 6478.92341805 7353.13394559 12919.0974929 9262.89202538 9873.56453623 7255.40826238 7391.94012288 7680.47856067 8545.2478233 8919.71606067 11260.0807004 11182.2334059 12384.3772617 10062.6934373 17197.8127871 13088.4537875 9382.5859812 9501.42742873 10265.9530805
110315.84314 122319.404871 77210.7622093 77969.7967172 66820.8037545 43639.2538678 74227.3561351 109203.1258 71054.9848833 50126.3906078 78713.0374166 54955.712628 45342.6826115 52868.7247731 83176.8732896 43478.3749633 43205.9125075 36611.4922728 15923.9169031 10295.759085 12727.0859691 18824.2353372 14104.0658431 26401.0245791 37990.3334159 48839.1322691 52706.4316958 38100.1579713 33866.4511594 2445.50963525 1233.78325361 1051.77645473 6279.68331997 9894.73329639 8749.63986045 9609.02033712 13261.7905375 16085.0983686 15203.1462853 12906.967473 10424.1148327 7820.45321579 7706.11808887 9221.57024645 10615.7612075 8117.77660695 6743.15281396 7983.75106487 7459.70541727 8401.65577631 9486.76162072 9282.99781161 13479.6986387 16417.361479 9195.07471583 9864.7282304 10863.1752114 11187.1404732 12813.1531093 9764.70288787
100180.05906 91806.2371377 210279.219256 125834.916851 70927.8683654 93360.7499035 83884.9823129 45254.0868323 47102.5555658 47478.3233435 44250.0255086 41514.5827237 51976.6788202 39811.8840887 31685.3518436 21858.9614033 48984.7091746 56554.6781526 40676.9466675 21339.8646166 15725.5989892 7334.9985917 734.986311981 1561.76796651 28708.8729183 119346.85476 84360.1092179 84992.5963808 4534.2253975 4055.75335253 1575.50120792 1503.87223195 5125.23477879 5522.52668717 7908.53532082 10060.7964154 10620.3637093 17444.6707242 12662.3023383 13412.4383438 10055.5673717 7935.81066311 7588.86498142 7770.24302871 12015.0107708 12606.4506614 4576.3977811 4723.56608154 4199.93602943 4224.72746122 5441.02651491 5656.28351656 5385.34298951 6872.53183163 6207.60949218 4923.75668702 7044.18682118 8502.33426551 7791.80568331 7464.34473755
123493.891308 105479.089174 102937.133663 101438.423888 57962.6838056 99262.1948912 41593.7407143 11472.80788 11049.3952424 11394.0660065 8702.31204983 5460.06332321 7585.3876991 9317.87170081 11254.9333038 13417.5573346 11075.9012699 19141.4038596 20480.1051548 14549.7605761 10749.0704938 1604.67635602 2626.17727348 2177.02953463 28601.7064185 18838.5102297 34515.691623 53682.5242106 3294.57884604 2020.05931719 8067.36809971 5479.72863297 5501.13897214 5742.66992668 7651.75781495 7084.12498665 59752.0815288 11364.7548831 12498.2383229 10954.0828011 14430.6036314 10371.546342 7677.6729455 8033.09114857 15814.2191007 15784.031128 8369.01480189 3148.12673254 3742.84021381 8340.17270862 4568.36646478 4587.8628789 5087.57359368 4474.42367908 5109.45071083 8619.80661036 9337.47475753 7671.20137185 6530.55179417 5775.25213664
45948.1226754 43542.5295263 26943.4200565 14226.6101284 8827.30351679 7889.30434178 3707.69065057 2855.03097137 2734.35400676 2763.54840287 2829.73038388 2994.94163257 3897.11921231 9361.89496208 13283.9601747 14107.4735568 20959.9200196 37797.8601539 19480.098742 19813.1297466 7219.6966222 7660.46444393 1494.316515 1757.99446237 746.615237293 896.020018443 21143.0560957 29894.1329039 28113.7467397 1575.05071609 2007.68537768 76803.9282399 32254.5610095 43399.4209049 32956.8895485 32099.8973027 30704.6708091 45586.6238955 65972.3084636 50070.1411021 49191.8672559 44910.2716363 46203.5044506 40113.5723203 33116.9388097 37065.305903 33127.3929268 27625.8651961 36858.1276301 14745.1323873 24771.5884288 28006.8912113 4159.319595 8246.65096821 9324.70536519 7467.07454702 4017.7450806 8789.98831677 5214.7768386 3626.48063931
17147.1825347 6489.99041544 4604.27417284 5756.26452208 4856.90000996 5142.84865158 4956.92504055 4584.70607957 4987.58133576 4028.54922888 2992.68568064 3660.5344448 7173.71038196 7937.54904304 11969.8320424 12738.3666098 13866.8856791 21263.9783401 25864.4205813 21355.0382959 18495.6103678 13108.2838495 1823.85633701 1309.8479223 945.383187195 978.538089652 1035.15604398 1883.79925467 2207.65842712 21865.160203 1920.8173955 1912.72653665 1199.17309572 736.614170992 879.996813185 765.695166699 43305.2891818 33604.5765224 39243.5175495 31184.1208278 29061.9718352 36566.1104436 34123.6718645 39353.6891567 54016.2275942 73780.2729257 54101.9911989 59861.9718749 43724.0267052 32052.8152237 20752.4687759 23578.0969832 16198.4517475 10146.3115026 16238.7005053 33338.7844258 18499.1811016 3091.64893423 0.0 3864.12012572
14994.6676325 20501.7381877 19686.8710461 21124.2037431 27444.7816176 52690.8750797 53001.9714802 33924.0771472 32487.3229676 22912.2495622 16785.283613 7046.39025347 13049.2503613 14663.8150827 25092.4135225 20914.0025219 28828.2325663 30644.0506616 22263.8117135 17296.87345 19844.2866635 16578.4721909 14169.3572297 8475.59446601 2055.21195902 2334.03045972 2813.0421729 2348.06898301 2566.64270501 1829.19372381 1721.69343432 2618.59396078 2577.41702655 2128.8969674 2141.64068122 2294.79491559 2073.82613077 2035.62627494 1673.55701117 6853.60385417 3076.41331887 2848.66159422 3255.65280634 5918.0088804 7023.0079231 6802.84425992 9232.86905013 59032.9249597 46575.4828038 41866.4582611 43849.412793 44854.0026668 38615.6124715 32689.1160071 49124.0047944 13465.6649656 4326.88993523 1861.13431424 6314.60357568 1245.01725476
26610.8065052 18278.2382167 16931.2063006 22626.375174 20699.3066978 39835.0456334 50185.8103628 67704.0019184 54078.5049515 57613.5980778 80324.7241899 55313.1351165 45028.4506777 50649.9937478 35925.816199 22143.1799583 32730.1663583 36624.0217469 27011.6836787 21760.8666312 8922.0585091 11210.7585013 15727.7738567 18154.3879673 18391.833295 29414.5046654 18858.9171236 19891.3480617 4937.08508024 3250.40029796 4819.34171758 6051.06391256 46888.626178 59374.2797295 51570.7320655 43590.0255621 40244.774939 32473.8686383 32691.7998598 29995.8759048 27613.9237447 23009.5537056 21916.7649263 13176.4609512 8434.69784238 4807.06254392 7135.98254242 9746.46108808 7460.17471856 3824.59086566 4534.64444305 45740.9396515 32928.8441007 42540.563284 8330.16113575 0.0 4284.1767986 60139.633842 44547.9503575 13495.8275623
6626.07076245 3881.44387606 14093.1743139 19589.5424389 8273.9056668 9049.92650755 32405.8019986 42314.691896 70894.0558015 82675.3829878 88979.265295 56853.5271647 52448.0815409 36442.556713 46841.6428936 59678.5722456 61585.894695 34597.0826845 27045.3123978 35653.9862335 41570.8201603 39643.2291747 25484.5850548 23500.9766164 28477.912323 23459.7874108 33114.8490533 40468.9392129 44414.5918506 41041.9107102 42768.6493649 58273.9447943 63487.4266532 56392.5800497 52099.5736226 45049.2809923 49454.0489605 49977.5084668 48440.1634158 43927.41127 41616.1527423 51521.9607665 44600.9867688 30965.6488678 20607.0667554 23998.2574171 11721.6894043 5773.46045309 6704.56985871 3604.91664137 4634.18712255 5382.44918231 3543.11080201 34081.8873025 37303.6414911 44537.8720076 26342.0585903 21726.0419041 36152.9676665 42976.0102461
8295.35181616 9564.90045329 14169.6759368 11305.9444677 9956.52122514 8309.68840938 14874.2471393 17679.9356333 19169.9953589 36009.0135702 61608.0811545 68566.7132038 64610.3302951 50029.9483573 46434.8569909 61621.1602009 57741.3391033 56040.0023068 27097.1541964 24076.0068382 24596.4012759 21626.8649228 29213.2032795 33971.3962947 32547.5876424 32133.8410128 30675.9193796 26530.0656209 26135.424288 30477.5085132 36513.3184247 33169.7151452 41923.5529878 41452.6504215 37911.180346 35901.6307028 39183.3823491 43654.495624 29960.6827182 47024.9819984 46077.1957962 50926.546148 35988.2650913 45697.1943154 44442.4567521 40872.9603132 34974.7198671 17423.2019676 14102.4877998 8737.68694367 5764.4146149 9922.65485894 11653.6134992 54733.7509943 45034.2072568 46643.4172696 30209.2806963 34311.6655634 32110.0346459 40391.2056293
38510.9669656 38699.3773222 73052.4916555 70660.2891804 70180.854831 37710.7525216 35688.3127094 30427.2070693 22632.1351952 42676.8314585 22447.4041286 28021.1801908 28583.5506326 18828.7990397 12892.9083559 18502.0454583 27269.5236137 33265.9113236 29199.7621965 21741.847478 14582.5814247 15191.4091089 11854.3432839 13372.7961522 12395.1633425 22078.6181758 26221.8656203 21568.112809 18200.5450604 27071.6290465 26303.5234921 25256.4937908 15858.7979476 18855.9918437 27409.338326 35063.1277442 38243.1414779 43261.6254254 34799.894546 28575.4951941 38295.8739861 47337.0349295 52045.3135519 51046.5127916 36441.4780673 31570.0273436 20723.2206691 16611.0345473 16930.6909499 12962.0256055 8701.35120594 5802.64151349 9739.00485381 10680.7422138 62118.8552031 47074.4098901 41325.5464214 46300.6328801 32907.7035174 36123.3324775
68725.1651974 67826.0860411 65989.4370289 42637.2447082 25177.6023885 49437.1779402 44293.0736279 40477.6404608 51164.5117711 37464.3357069 81747.7170374 89183.7613882 106126.333516 39640.439625 10736.6299243 9372.62875991 16523.1690281 39252.6382133 25653.6213795 18597.7679875 18795.4624949 17633.064934 15625.48808 16679.3325249 12997.3591889 12419.5706329 11056.3629152 19320.8068747 29014.2464069 22761.9497142 16648.2915546 14901.1809696 27212.223339 30795.4828251 29093.3404276 29256.8335789 33186.9741318 32619.730436 34273.7585148 40030.4106682 20498.116044 22781.0850267 34878.5700856 38039.6352937 39762.3411379 38589.1362208 32988.2772518 28406.7281458 18838.2727803 11451.6601396 10608.6234237 8834.35455826 8241.14387922 14482.1244838 5886.32153482 53452.1160298 41754.9831606 59774.6905271 40818.2601566 46673.5335344
