critload/trunk/output/1999/nfert_crit_sw.asc
ncols 720
nrows 360
xllcorner -180
yllcorner -90
cellsize 0.5
NODATA_value -9999
[rows 168 to 195 of 360, columns 378 to 440 of 720]
961237.8033214925 147965.19188445414 848549.6526905819 1601123.280002689 389054.3938288468 -9999 -9999 324073.0094414594 9084216.622886728 105529.41013396242 45144.63656577763 7813.452840531238 5137.88109462955 80524.65676089341 -9999 -9999 -9999 -9999 -9999 -9999 15011.960736205723 7756.8936058707395 17586.668550930986 13497.302735052104 -9999 -9999 -9999 -9999 -9999 -9999 -9999 -9999 -9999 -9999 -9999 -9999 115529.51970636388 72007.12275377665 -9999 123653.61146118006 35735.066504859584 99489.08012041902 -9999 -9999 -9999 -9999 -9999 -9999 -9999 -9999 -9999 -9999 -9999 -9999 -9999 245550.3257596786 -2058536.6688821062 -693054.3605445956 -179330.2783151159 -9999 -9999 -9999 -9999
92539.88519797374 6016711.701026167 5042778.7768573165 782371.3452439787 1552533.748150212 1353366.9188220433 4004391.2989229765 1209206.7072816973 3757397.9278731076 802172.0354513043 311742.4723284041 -9999 15778.206986267127 -9999 -9999 -9999 3000.5641724518796 -9999 -9999 -9999 11606.751572363837 23732.42636314594 59664.08707976505 -9999 37698.089155799746 6969.556071414702 -9999 -9999 -9999 -9999 -9999 101339.127199036 16587.2764789088 7907.585214755041 8055.783036815385 -9999 29049.001523037583 147608.18974317214 21470.60471947674 -9999 255328.09174002727 138244.80762116134 279901.19290122023 332312.192645658 -9999 -9999 -9999 -9999 -9999 -9999 -9999 -9999 -9999 -9999 -9999 31779.370979509215 159791.30152279575 -19055.38967535703 -9999 -9999 -9999 -1181.4171422777595 -9999
4243770.899815718 4108841.5808496634 1511702.7426800444 1916974.7154166123 6404088.93406562 8066348.728455896 2255729.3953301534 2352462.624098819 2262445.426650687 2555416.473676927 3654251.073231417 22239.402308750807 -9999 9045.243383322813 -9999 -9999 -9999 -9999 77994.28065643825 -9999 -9999 230774.2628304042 170494.8654859536 83953.379480957 82167.55273609774 27701.973352901754 15290.911914738095 -10834.350576443589 40185.17223944657 775872.9986819638 -9999 -9999 -9999 -9999 -9999 -9999 99716.36924872731 309504.66027667833 306896.23736060393 478484.74447385274 191366.50128834206 118160.56393080231 209405.48016489012 208223.7044998122 44258.13017101829 -9999 80192.94334445988 -9999 -9999 -9999 -9999 -9999 -9999 -9999 -9999 -9999 -9999 -9999 -9999 -9999 -9999 -9999 -9999
5540961.746628748 581943.6870126101 1379117.4388254115 11471916.229842244 1842115.8670802463 4272565.361381371 2447118.365416501 2277278.105439315 2694450.3235117244 673956.8680161668 2018722.5942071076 3201150.6058520093 56869.40915862643 41517.872847970284 -9999 -9999 8946.117004920192 -9999 43179.46081685026 772774.2179059748 43487.43770979497 65701.71342566721 596007.0193272987 553583.6993105588 977003.852325964 918684.9620106637 -54842.55086479362 183178.4727742134 -9999 -9999 -9999 -9999 768588.9077248395 -9999 -9999 -9999 210789.4131555319 96358.07652707864 627422.483558037 340184.0382442763 40325.65494638677 14646.717634839279 235326.5020069298 443018.5459195005 449340.8342721455 140481.46666126547 189493.19246719437 21432.297742150287 36319.00730842622 -9999 -9999 -9999 -9999 -9999 -9999 -9999 -9999 -9999 -9999 -9999 -9999 -9999 -9999
-9999.0 1066391.2079457417 1147737.574245182 9869388.277342375 8519561.463257901 5816943.423077476 4108194.671938876 3107129.114829355 3949872.79473565 -9999 1192979.924484639 -9999 88853.78051484725 28416.653255275287 61533.61008376177 -9999 -9999 71683.07360650835 92878.95713865395 76295.19806636435 205552.4498952838 572649.100974404 511376.49978835636 610365.0418382371 -9999 -9999 980272.0992761113 486805.6434054725 432660.6075736913 828555.8058037768 -9999 496766.1130498621 -28398.755011845547 248049.62508004805 733638.5937487935 -9999 52611.42321507541 111238.64595211348 215483.7661815774 130881.19389478036 -9999 231150.93179044937 492942.21493202343 233766.75309225224 -9999 -10796.913376661363 -9999 11168.459151508772 -9999 4942.568073971943 -9999 -9999 -9999 -9999 -9999 -9999 -9999 -9999 -9999 114466.0883559096 -9999 172768.69742038674 -9999
-9999.0 1555462.5215743997 2609751.739613947 2558220.327269791 7193382.908061699 9495273.850890193 3450043.935031529 11498026.819211934 -9999 2281122.6814115457 -9999 2494488.3407718847 4027106.825730022 -9999 57830.9251159125 -9999 -9999 -9999 -9999 277341.3566899837 675372.0287657606 1333287.5834497309 532488.2485095472 380950.1542097145 -9999 -9999 568507.1548524662 549740.617700204 -9999 897541.0243635429 -9999 -9999 311907.15868819185 513408.87036876765 140189.82037007564 453708.62866875017 695190.2980406068 816907.8613234845 -9999 72267.43862859161 -9999 418859.26739265345 232551.75504760153 -5003.4473200202 25034.303886958776 -9999 -9999 -9999 -9999 -9999 -9999 -9999 -9999 -9999 -9999 -9999 -9999 -9999 -9999 567918.6056372172 106603.14326211318 16039.590906455796 -9999
-9999.0 3700687.4290947667 5364204.82009504 764393.0053544001 3878772.7637277376 3101209.848961578 3943286.357652453 8372980.476514327 1903373.9042257348 1552378.4410523 1006809.5900989383 -9999 480925.5379082406 -9999 29376.7248680672 -9999 -9999 -9999 4465958.611630542 2001819.3504794172 653837.9601707496 493997.92131937935 540049.5645872031 341781.25055566593 509943.8615746114 247915.0889635904 648349.513004944 838467.3962906336 -107574.25938589971 -694889.2993137778 -9999 1216375.042605516 -9999 1508675.7292984037 675126.1393430106 -9999 400032.71389231586 349140.28419975424 40433.93681734739 208592.72702846493 -9999 28979.058719829583 219845.6530226422 970220.3845537376 -36133.279300597715 -2156.6931004907715 55025.72362398363 -9999 -9999 -9999 -9999 -4772.822447810846 -9999 -9999 -9999 -9999 -9999 -9999 -9999 -9999 -9999 229597.76043366865 -9999
-9999.0 13240.625105205107 4254099.640860939 2436495.7842437886 1947765.6654175776 748341.5401726039 150001.7629765201 1644126.2368906643 -9999 -9999 2284123.6303372425 135010.2515157755 1789312.9340329925 -9999 -9999 -9999 -9999 -9999 127553.30954527347 -9999 1814411.8263957284 684536.0348043753 864457.2526853465 26347.72979962954 -1574702.4837421556 -3439752.9160018372 -1826863.648946708 -1203039.3555808656 -597805.2672120851 -9999 -9999 -9999 -9999 -9999 -9999 -9999 264836.50953291997 669440.0378392667 399559.92572343274 -9999 -9999 58708.29764465813 176420.81298541994 504280.5104089897 -48497.13928358974 -9999 -9999 50612.88780215683 -9999 -9999 20393.720650383675 -11920.644806190556 77483.27173309143 -9999 -9999 -9999 -9999 -9999 -9999 -9999 -9999 -9999 -9999
-9999.0 -9999 -9999 -9999 -9999 841052.928703722 -9999 -9999 -9999 7576591.831571668 -9999 13693588.85743978 -9999 414909.46345235634 -1696325.8568855799 -9999 -9999 -9999 85900.00109465867 -9999 192499.502973735 814587.7755573893 -1477090.2105032299 -461056.9088737192 -75631.52498158802 321711.94425452553 -9999 -9999 -3300287.6641854467 -68785.06602260743 -9999 -9999 72876.77879409518 -43747.675579024544 215194.65418455016 -9999 -9999 -9999 -9999 -9999 -9999 69735.38991466425 -1044.1534027850032 -372397.38802031893 -9999 112535.46978182519 121228.15322331594 46089.5829453006 -9999 -365621.83744533575 -9382.962131405438 12117.250596182123 -430095.7800771333 -9999 -9999 -95542.2019732138 -9999 -9999 -9999 -9999 -9999 -9999 -9999
-9999 -9999 -9999 -9999 -9999 -9999 -9999 -9999 -9999 -9999 -9999 -9999 15589902.412362864 20972797.516270995 -9999 -9999 -9999 -9999 64042.266888484606 -9999 -9999 874825.4303397052 -9999 -9999 -9999 -9999 -9999 -9999 318596.4998992468 -3727880.1642229063 -95348.71547002911 -21210.48479714429 409672.7959130753 -9999 -9999 -9999 -9999 307629.0553805704 -9999 -9999 -9999 131199.08984250523 -8303.450486635455 -9999 -176646.16232112737 -128503.87031629431 64125.25501541902 -18006.592634544293 -9999 -181568.5501007462 9409.821359318792 556631.680383435 -575074.4375597392 -362067.13408828666 -9999 -9999 -9999 -9999 -9999 -9999 -9999 -9999 -9999
4372018.911450879 -9999 -9999 -9999 165999.79215385282 742572.4489510487 -9999 270989.229481206 -9999 -9999 -413254.48305604485 25312834.030006852 22670144.156319864 23868750.653858364 -9999 -9999 7430715.436261789 12303081.145545762 -9999 -9999 -9999 -9999 -9999 -9999 -9999 -9999 324284.685667673 152297.804752818 -9999 384628.99218146736 -2013554.169219836 -473847.2229710722 -1452262.6694109836 -9999 -9999 -9999 -9999 -9999 -9999 -9999 218734.20893420334 -217028.68181496597 -274691.2690079607 236999.80500996648 85190.07786326994 13612.574428145104 74626.80585983495 19202.281431564268 -9999 -94060.61891338755 110740.68314469469 -4163869.3026953842 -572204.9170440728 -331264.2996253151 -9999 -205752.81288879953 -9999 -9999 -9999 -9999 -9999 -9999 -9999
2245868.7149943393 113137.7017618459 761307.2594655106 -9999 -9999 -9999 -9999 -9999 -9999 -9999 -9999 16029598.080006365 26905195.218502667 14476016.793025605 -1465797.9339225988 -9999 26864222.57091857 -9999 1815199.9027312926 -9999 -9999 -9999 -9999 -9999 -9999 -9999 163483.23738590674 412707.7051494752 -9999 318686.2199978473 -1017971.8680755658 1103669.0164342434 -1422682.3303326399 383204.44297877396 -9999 -9999 -9999 -9999 -9999 76902.41637237644 254062.67684013568 681856.1306375989 25216.556824572293 -9999 -44282.58042382382 15457.735443702866 -57430.24371724018 -9999 -9999 -9999 647104.5903366074 -359810.4818387977 -1313298.6461423554 -470071.3276939714 -862402.7736064071 101279.85926851099 87738.82954166649 -390709.4350880465 -9999 -9999 -9999 -9999 -9999
2433044.9638490924 1175552.0985871644 345119.9870230371 33094.710758893474 733773.5407149831 1312886.7122863375 -9999 -9999 -9999 -9999 23248168.337754015 22650869.028758448 26331292.828268684 19613921.971016828 -167284994.22068092 -9999 25716698.37593436 -9999 -9999 606799.8928959165 1616965.5015935968 -9999 75412.15107376633 389802.3210977824 582929.7273034186 466948.05741263984 -9999 -9999 -9999 507222.42166860856 -530756.6861940403 -9999 -2855466.1929754517 624498.4382695269 -9999 -9999 -9999 -9999 -9999 124150.5137070876 332672.82718336367 -9999 6254.311670431912 79003.38794141263 43978.31811444017 -9999 -9999 -9999.0 -9999.0 -9999.0 -9999 -9999 2033199.6152660588 1088068.4366032998 65244.12745803172 1335085.0791146487 1746124.0946430734 1980368.1493435176 -9999 -9999 -9999 -9999 -9999
4480550.474045309 3723743.860482898 1150744.744269377 -9999 -9999 750627.6223361072 -9999 42147.868053081795 -9999 872123.1241864368 54981.56032462449 16847787.717226166 23532253.92215912 3089061.90929114 37969516.36058458 -131406190.53759967 20859866.619414046 -9999 2321332.9581534206 -9999 -9999 -9999 -9999 -9999 -9999 235795.68267200407 417763.8407121578 295308.6346933634 426895.607609905 526599.9151266683 -110586.43426041015 -9999 -1241546.2562000593 -9999 1111849.6121772241 500448.9805096669 -9999 -9999 55966.02449695967 145585.09395201108 275238.9344331013 -99087.36561173061 -211527.58948964896 -37940.902564861346 59133.70559059463 -9999 -9999.0 -9999.0 -9999.0 -9999.0 -9999 673174.2996355647 3436788.6569768027 -836911.5645283437 -835919.2562213003 2402164.910939015 1608792.3726535812 -30496.586120325843 -9999 -9999 -9999 -9999 -9999
40444.862081425425 -9999 -9999 -9999 -9999 -9999 329195.3925568159 -9999 1397275.7553023042 2521041.023709458 2792330.3197492734 7387840.000766705 4012355.6972811343 18113279.806325525 2416583.1066465545 56140721.80492688 137593.03208817416 -9999 -9999 -9999 -9999 -9999 -9999 -9999 -9999 -9999 355805.1517202617 505015.9234052798 224312.1656614999 96384.17758132187 -9999 -9999 -9999 -124891.74132842114 272440.668293104 -9999 -9999 -9999 -9999 197649.1306011827 728407.0946453114 22054.185749917106 -54573.174419719624 -514650.92297411984 179730.1915081164 629747.0104087114 -9999.0 -9999.0 -9999.0 -9999 61257.19167019937 4233995.304813709 1321287.8342978312 393641.79380761477 692536.8610692353 -11048803.795790568 -258759.2022213011 -9999 146111.93673999936 -9999 -9999 -9999 -9999
2287569.4060767465 -9999 1067207.2330246544 806586.648014484 2588270.4828093806 -9999 -9999 270999.6675689472 3392007.097038204 2642120.263122317 2403725.4730358473 3106857.1707501276 1956863.2041910735 21719055.262240134 77183452.982754 162365.9374558749 -9999 247865.1032166495 353423.3161477303 -9999 -9999 -9999 -9999 -9999 -9999 -9999 -9999 -9999 -9999 -9999 -9999 -9999 -9999 -9999 -9999 -9999 66942.24979959935 58702.90003871909 78229.14341647756 261648.7418183618 -917.5742653986214 -7397.941658250301 -17776.812195508734 -34132.36919313699 100174.5891173081 -1230291.2835565684 -9999.0 -9999 -9999 -9999 360626.8640227144 1566234.199453491 14044.637205488714 -9999 -9999 -9999 22565.741834009532 -167631.6608033705 -176065.68496475506 -9999 -9999 -9999 597230.9190411257
-9999 -9999 -9999 1089193.3600034907 -2169250.316046165 -9999 -9999 13559421.560739592 16739.51968658613 2348151.235313009 15246515.733017914 9575453.540931536 6151645.337015354 7681004.973974061 180518.2690535311 312686.07228892064 243161.79732804897 262409.6997783386 606673.1632261391 -9999 -9999 -9999 -9999 -9999 -9999 -9999 -9999 -9999 -9999 -9999 95419.63426499857 -9999 -9999 -9999 -9999 -9999 553614.7001376043 91715.23633617266 76106.44945604219 397012.70600598113 21176.85681491475 -47184.295875960925 -28771.103963487905 -17979.837516561784 17785.810907892454 -9999 -9999 -9999 -9999 -9999 -9999 -9999 -9999 1904.868985262596 -9999 -73987.7986714568 -9999 639121.4485232014 -450454.56878222007 -9999 -9999 -9999 -9999
-9999.0 1239817.4322924747 289601.0221711243 -422422.2819921314 2315050.288965097 9865076.586048782 14955403.533718988 5849288.235301146 -9999 5754394.49821286 5386876.155600184 1182928.4899022959 14819209.007647248 4986842.174452785 130908.30654097123 182461.6839775265 95623.04434190998 90135.19265335044 364338.3238399721 372267.48315300565 -9999 -9999 -9999 -9999 -9999 -9999 -9999 -9999 465789.6677442343 -9999 -9999 -9999 138840.3868766988 724807.2368340668 634368.2646779125 180173.93639361384 410037.69892003015 254635.54601614032 76295.04820553212 394916.9857093038 -75899.56100106586 529548.6905522967 -9999 58674.06768690018 121872.02056853198 -9999 841661.1031113573 -421135.19138388935 549437.534913519 549966.089648826 -9999 -9999 -9999 -9999 -9999 78380.04984041069 297760.76938865025 1584517.3986004451 987227.2346453787 -9999 -9999 -9999 11162193.02942324
-9999.0 -9999.0 4186410.3261061143 1370870.6477578038 535944.8830975489 5747.230328831496 13375344.462792056 2784304.8240386397 -9999 1478782.2353152032 10957586.365267772 6549131.9664593525 6667818.46437818 7611407.780513402 121896.22762258591 116963.37010391983 455323.1296391489 197300.22339943337 309683.3413995345 126213.83683648526 -9999 -9999 -9999 -9999 -9999 278860.2566291523 439981.78483463975 94049.77587551411 301533.2619804699 855235.8233172173 -928985.8269501426 -41381.521657597965 240619.02513020782 461271.8511624699 586778.1585175373 115647.98227042571 -9999 36174.59359174923 261006.21856288056 34349.060500832595 237493.34446131243 665509.8463048127 151121.92787050168 406468.7013655743 348589.9161711246 463926.4519214759 2913367.6485156356 2063528.595075749 5226126.686768419 3489535.543443038 -9999 128986.4355138044 37408.85343538995 41710.14374314732 146388.57919199532 507319.55865095096 828630.1459294785 2668848.2740914975 849802.815859061 -9999 -9999 7690074.992286967 15687999.912256828
-9999.0 -9999.0 -9999.0 -9999 4097121.9964382253 10710854.77323033 11843571.191054862 9199620.863158103 891690.8717048719 16399964.483292427 15517080.256477036 8179453.125567051 19529338.652516518 4223063.702524218 62899.45603130035 230981.75049917033 105025.10689122639 79359.05302527155 31843.739113680083 108705.995967625 162420.20371097967 -9999 -9999 -9999 139384.64068861076 165616.84455538006 157604.2795993283 -9999 588621.2085613798 650403.555630295 290149.08828885766 277093.3776470965 112273.11825579399 320991.37150906905 670992.7084755483 411099.7801498482 236303.93273856858 184163.74356961533 -9999 314300.0960076813 -612981.7796981919 936349.7076144097 320907.8344974939 714774.9788744316 39952.82639008929 -9999 424779.0125797512 -9999 3834171.061058105 2227692.276496903 3043140.909283334 -9999 -9999 -9999 30037.622393274843 577093.5115218937 264047.1781709002 190951.5393309636 -9999 -9999 -9999 20083644.34793129 -9999.0
-9999.0 -9999.0 -9999.0 -9999.0 96830346.43097305 76559245.17328683 3608153.037166424 13123023.58399387 14470194.67075087 14605233.8814616 2061522.658511765 15068604.024365524 17688.396477061895 431617.70352252555 155948.12250435902 310875.69912364293 234834.00053475428 337663.6597235859 141706.3864423158 397188.3168202057 333309.0437446624 325204.0125702246 524630.8528094825 670537.1292179665 317577.46311804565 199035.19207653523 159711.53667670698 347738.54544625647 284456.19460046105 -9999 199941.18214289757 212922.2594513912 142710.562177567 116873.84653500037 358449.75084662234 554233.022491408 484660.448101878 339408.20535012294 66718.20673809224 13399.26901847515 -9999 -155098.16290220237 686171.0011388101 -9999 10626.879497561837 6715.324384035359 229759.91616137195 -9999 59700.5775528175 -9999 91881.72206363623 -276605.7214376382 381999.1764545739 142971.35570728648 27158.44840117447 88692.66529368593 67084.80821076574 252536.0989584897 24018.647218106682 -9999 -9999 -26109580.504276697 -9999.0
-9999.0 -9999.0 -9999.0 -9999.0 -9999.0 24353422.469522063 70090642.83674958 279664.6714174242 147333.28444354946 197843.4305553305 26520.296356821375 13123481.353873225 188368.3186782516 29102.346625272476 19939.983581435685 82075.83801246596 577742.9634464555 461945.61121993343 272575.66162701475 412816.5869798406 182736.47689416195 472408.2516809567 238494.73479222957 143556.53560133558 650164.9873471843 801161.256330436 614102.8930511797 614206.0244077302 1096655.2126634738 93248.4081997883 109118.00435220868 131695.52252603092 70930.1620105505 113288.85494581987 439545.49593718053 277015.98392463586 667048.4408177604 -9999 35184.69710495604 55133.62741618708 -9999 -486008.66517127596 718335.06034106 -9999 -14549.643093382045 -2350131.1287316754 370908.4349209178 176496.34054584728 -18528.562307879656 -520158.0927121925 800864.5889368425 654325.2924884721 54340.86733157304 136047.27799633308 133960.4067604382 36203.72245535362 70529.30596781176 37897.49058102653 337687.97286283696 322165.1596158334 2919985.087087405 -9999 -9999.0
-9999.0 -9999.0 -9999.0 -9999.0 -9999.0 -9999.0 1561233.40276808 739357.3344190677 131067.95559535416 265826.76734325604 41063.83139899271 159138.48535491424 289535.74577503896 -9999 -9999 -9999 192597.00175528228 36108.11677847696 225455.73969255647 348477.2437439829 17021.90255339851 56872.386219646 277899.0654002194 202158.1674537201 262504.28891403787 422582.4630984379 683497.6873594712 534977.8013439708 226182.06115805046 50293.793368519146 177335.18120361035 83493.63618115446 33714.05773401262 724436.2477677234 145656.18789245377 247714.37780197558 372514.3335943946 -9999 -9999 -9999 -9999 -9999 90580.48899970033 14099.29233578221 63201.26945612197 382988.26953744784 721888.5009390968 -9999 698777.8541277407 -9999 -9999 103731.89829250365 -9999 58728.975388930776 143786.7156077886 -9999 31503.169621500543 100225.31173319377 648450.7968705236 -9999 5276684.668235469 3162018.7380402163 -9999.0
-9999.0 -9999.0 -9999.0 -9999.0 -9999.0 -9999.0 2651674.105151067 436807.7606790753 209764.00794553885 147225.5961961115 285378.49840545835 537728.853390056 54365.628656421584 -9999 559121.6638321518 185519.24589029702 210400.40311054766 73155.89618007856 111897.64529723604 36506.08378291998 313703.6572957447 305189.36078685854 433025.0715151101 211978.32359648903 385503.26432172896 190513.55547067677 556583.7297539708 437719.07229626627 396153.3952389354 362233.54932233464 243393.5935319961 96241.56282108385 128005.06574440646 171550.78618595644 504399.56818769797 198273.6066026846 77699.74736357253 10860.090020327112 28877.991303677827 294345.6888755419 -15872.187877285769 -9999 262623.655763535 38253.567678042025 -25212.15929414217 -38914.006831348204 7305.2716945067095 253038.61123932092 -9999 -9999 -9999 198978.46382070472 134218.27207599042 730199.171086579 -9999 163683.30278986128 -9999 -9999 379566.8640242987 723901.5467788823 5612157.684094301 -9999.0 -9999.0
-9999.0 -9999.0 -9999.0 -9999.0 -9999.0 -9999.0 2289342.762100463 1576861.2453626418 277349.3611892041 725973.1962036979 1979337.595403302 1420246.2487932616 225176.07659011878 84389.05777260983 1016137.0333296942 209568.586126739 211774.9918014827 91821.69904896196 179789.19001135504 53162.11603760584 181113.18375692572 162003.80369995438 239715.0526651117 674704.832077934 558999.3154597492 469884.1817672291 247598.4649021574 691330.1763185348 690851.1655644396 2572.431561808165 219986.47289616324 185249.95511055496 108164.97642238547 40233.56817558381 562561.181300903 358137.59545166005 262083.10059790424 94579.84606528436 308599.84435052297 -9999 -9999 -9999 54938.437595225296 199775.04020769557 755751.2526472867 8923.089075062899 -18930.226966574864 -9999 -9999 -9999 -9999 -9999 -9999 1939088.3365294784 -369091.84994461894 375958.11642529693 -10028.856916466711 86301.06406076445 -9999 929400.121107505 5296825.959169062 3888134.7741138004 -9999.0
-9999.0 -9999.0 -9999.0 -9999.0 -9999.0 -9999.0 -9999.0 -9999 -9999 611657.1798561978 1082945.608404448 1152120.56672461 69763.24016842512 164137.47824395454 338732.6745434711 -9999 -9999 -9999 -9999 114858.63163727129 75486.58624986248 -9999 -9999 257271.85875457778 104064.82274831404 168061.33220408068 333965.65047927405 148021.1254538787 467863.3879879108 711576.9650382688 358648.50821945496 72464.47234726117 186192.65063977864 188718.2320578681 366125.44333907735 285124.9030637701 178788.76886141323 29275.151133133513 -9999 -9999 -9999 -9999 -9999 28142.30658277289 250008.5044459808 18240.594003980077 -9999 -9999 -9999 15433.314836472031 -9999 -9999 -9999 611577.011354818 122187.31530906106 -37837.29803021095 1435327.4997844847 334579.1200059394 1521697.013809034 1554324.464161076 3452438.210985401 -9999.0 -9999.0
-9999.0 -9999.0 -9999.0 -9999.0 -9999.0 -9999.0 -9999.0 -9999 -9999 511811.12461956707 1158999.7423015921 1101179.9106446088 66430.76302302185 -9999 -9999 5911.703835621459 20820.01348763294 -15683.833839595763 100934.24378741838 18578.814163496118 -9999 46115.42212533542 -9999 -9999 -9999 48209.94009713461 56169.42536935321 -9999 234056.31413427065 279549.987382952 498096.17131002224 13738.10941748728 96029.98219750065 165904.14101622126 -9999 155608.08945748923 400893.01999536855 77361.46489869985 34622.05644692324 3301.3584815782056 43244.81634897641 177183.74923341654 -9999 123429.12533469786 1160257.403205504 159609.08044463018 -9999 -9999 20349.49984787282 75973.74517561216 29689.55409768938 96023.07844053602 239208.90612194937 -9999 21414.563696940328 81223.16800924843 229575.02734186218 189628.0484958213 158785.32218356334 640672.5961726187 6078999.371819396 -9999.0 -9999.0
-9999.0 -9999.0 -9999.0 -9999.0 -9999.0 -9999.0 -9999.0 -9999.0 351100.6742643992 96466.61751171475 708779.873323528 1157766.315835159 405946.4552758769 -9999 -9999 692367.692900433 -131993.74758591974 -9999 -9999 -9999 12829.550455798439 19276.616071135897 28725.50224500518 -9999 -9999 -9999 -9999 -9999 457645.4739066095 188681.97258705265 349545.96663899324 155552.51357105785 83573.23958610732 -9999 31733.660663677885 329313.1730864999 188645.85357861573 -9999 16508.752108482407 -9999 -9999 162013.63529586187 -9999 -9999 326888.77406368015 -9999 -9999 1089.7773786139446 206477.51671825766 -5911.375739988097 -9999 -59489.294530072664 76673.93944995828 411418.32183222484 300324.2493151706 212414.71562683937 -9999 21618.78902066248 373384.6420412723 205625.13788613948 5955473.090089741 3210916.566489045 -9999.0
