critload/trunk/output/1999/nfert_crit_sw.asc
ncols 720
nrows 360
xllcorner -180
yllcorner -90
cellsize 0.5
NODATA_value -9999
[rows 189 to 215 of 360, columns 366 to 426 of 720]
-9999.0 -9999.0 -9999.0 -9999.0 -9999.0 -9999.0 -9999.0 -9999.0 -9999.0 -9999.0 -9999.0 -9999.0 -9999.0 -9999.0 -9999.0 -9999.0 -9999.0 24353422.469522063 70090642.83674958 279664.6714174242 147333.28444354946 197843.4305553305 26520.296356821375 13123481.353873225 188368.3186782516 29102.346625272476 19939.983581435685 82075.83801246596 577742.9634464555 461945.61121993343 272575.66162701475 412816.5869798406 182736.47689416195 472408.2516809567 238494.73479222957 143556.53560133558 650164.9873471843 801161.256330436 614102.8930511797 614206.0244077302 1096655.2126634738 93248.4081997883 109118.00435220868 131695.52252603092 70930.1620105505 113288.85494581987 439545.49593718053 277015.98392463586 667048.4408177604 -9999 35184.69710495604 55133.62741618708 -9999 -486008.66517127596 718335.06034106 2613.885881503923 -14549.643093382045 -2350131.1287316754 370908.4349209178 176496.34054584728 -18528.562307879656
-9999.0 -9999.0 -9999.0 -9999.0 -9999.0 -9999.0 -9999.0 -9999.0 -9999.0 -9999.0 -9999.0 -9999.0 -9999.0 -9999.0 -9999.0 -9999.0 -9999.0 -9999.0 1561233.40276808 739357.3344190677 131067.95559535416 265826.76734325604 41063.83139899271 159138.48535491424 289535.74577503896 4538.842842495986 4400.25450307329 4975.755613771807 192597.00175528228 36108.11677847696 225455.73969255647 348477.2437439829 17021.90255339851 56872.386219646 277899.0654002194 202158.1674537201 262504.28891403787 422582.4630984379 683497.6873594712 534977.8013439708 226182.06115805046 50293.793368519146 177335.18120361035 83493.63618115446 33714.05773401262 724436.2477677234 145656.18789245377 247714.37780197558 372514.3335943946 1541.3876591262604 1427.2231375067768 4616.931141678523 -8644.301310546674 -1955585.9871619365 90580.48899970033 14099.29233578221 63201.26945612197 382988.26953744784 721888.5009390968 -157034.6586949455 698777.8541277407
-9999.0 -9999.0 -9999.0 -9999.0 -9999.0 -9999.0 -9999.0 -9999.0 -9999.0 -9999.0 -9999.0 -9999.0 -9999.0 -9999.0 -9999.0 -9999.0 -9999.0 -9999.0 2651674.105151067 436807.7606790753 209764.00794553885 147225.5961961115 285378.49840545835 537728.853390056 54365.628656421584 4864.076437447576 559121.6638321518 185519.24589029702 210400.40311054766 73155.89618007856 111897.64529723604 36506.08378291998 313703.6572957447 305189.36078685854 433025.0715151101 211978.32359648903 385503.26432172896 190513.55547067677 556583.7297539708 437719.07229626627 396153.3952389354 362233.54932233464 243393.5935319961 96241.56282108385 128005.06574440646 171550.78618595644 504399.56818769797 198273.6066026846 77699.74736357253 10860.090020327112 28877.991303677827 294345.6888755419 -15872.187877285769 -3098186.1069408706 262623.655763535 38253.567678042025 -25212.15929414217 -38914.006831348204 7305.2716945067095 253038.61123932092 -3729.9050546504945
-9999.0 -9999.0 -9999.0 -9999.0 -9999.0 -9999.0 -9999.0 -9999.0 -9999.0 -9999.0 -9999.0 -9999.0 -9999.0 -9999.0 -9999.0 -9999.0 -9999.0 -9999.0 2289342.762100463 1576861.2453626418 277349.3611892041 725973.1962036979 1979337.595403302 1420246.2487932616 225176.07659011878 84389.05777260983 1016137.0333296942 209568.586126739 211774.9918014827 91821.69904896196 179789.19001135504 53162.11603760584 181113.18375692572 162003.80369995438 239715.0526651117 674704.832077934 558999.3154597492 469884.1817672291 247598.4649021574 691330.1763185348 690851.1655644396 2572.431561808165 219986.47289616324 185249.95511055496 108164.97642238547 40233.56817558381 562561.181300903 358137.59545166005 262083.10059790424 94579.84606528436 308599.84435052297 2409.399151021973 -129102.40620416851 -724336.44874155 54938.437595225296 199775.04020769557 755751.2526472867 8923.089075062899 -18930.226966574864 -100078.39468531337 -2406.3025930844105
-9999.0 -9999.0 -9999.0 -9999.0 -9999.0 -9999.0 -9999.0 -9999.0 -9999.0 -9999.0 -9999.0 -9999.0 -9999.0 -9999.0 -9999.0 -9999.0 -9999.0 -9999.0 -9999.0 -4889.836124757375 -584218.4509917605 611657.1798561978 1082945.608404448 1152120.56672461 69763.24016842512 164137.47824395454 338732.6745434711 4207.123733810863 5213.139455185298 3428.7280954787875 3336.830064423066 114858.63163727129 75486.58624986248 3950.036418721734 4599.560176286515 257271.85875457778 104064.82274831404 168061.33220408068 333965.65047927405 148021.1254538787 467863.3879879108 711576.9650382688 358648.50821945496 72464.47234726117 186192.65063977864 188718.2320578681 366125.44333907735 285124.9030637701 178788.76886141323 29275.151133133513 3109.09243540297 2914.5740591722424 2690.1538302784497 -9999 -2035665.5393097985 28142.30658277289 250008.5044459808 18240.594003980077 245623.58795939412 12136.01452300985 -80583.96129443591
-9999.0 -9999.0 -9999.0 -9999.0 -9999.0 -9999.0 -9999.0 -9999.0 -9999.0 -9999.0 -9999.0 -9999.0 -9999.0 -9999.0 -9999.0 -9999.0 -9999.0 -9999.0 -9999.0 173868.69711038077 -565953.7318340404 511811.12461956707 1158999.7423015921 1101179.9106446088 66430.76302302185 3324.91572783286 4141.292853052725 5911.703835621459 20820.01348763294 -15683.833839595763 100934.24378741838 18578.814163496118 3421.159508133889 46115.42212533542 3850.5475374019857 4796.990533600489 4200.835096833466 48209.94009713461 56169.42536935321 3935.083479481095 234056.31413427065 279549.987382952 498096.17131002224 13738.10941748728 96029.98219750065 165904.14101622126 3830.5962664644258 155608.08945748923 400893.01999536855 77361.46489869985 34622.05644692324 3301.3584815782056 43244.81634897641 177183.74923341654 -9999 123429.12533469786 1160257.403205504 159609.08044463018 1345.7658897239824 -92.62221073737585 20349.49984787282
-9999.0 -9999.0 -9999.0 -9999.0 -9999.0 -9999.0 -9999.0 -9999.0 -9999.0 -9999.0 -9999.0 -9999.0 -9999.0 -9999.0 -9999.0 -9999.0 -9999.0 -9999.0 -9999.0 -9999.0 351100.6742643992 96466.61751171475 708779.873323528 1157766.315835159 405946.4552758769 3278.227581286097 3404.1768372779256 692367.692900433 -131993.74758591974 -229.85788750833535 4863.914911713617 3895.052722851656 12829.550455798439 19276.616071135897 28725.50224500518 3444.089357454022 3924.1209494075088 4223.889677205273 3549.3983015718895 3662.5948238002175 457645.4739066095 188681.97258705265 349545.96663899324 155552.51357105785 83573.23958610732 2556.85269203882 31733.660663677885 329313.1730864999 188645.85357861573 -3220.5590265288897 16508.752108482407 1988.666312964339 3266.2551569350503 162013.63529586187 -123049.7015534807 -171919.72471318266 326888.77406368015 -643581.4847223886 -36712.74820976528 1089.7773786139446 206477.51671825766
-9999.0 -9999.0 -9999.0 -9999.0 -9999.0 -9999.0 -9999.0 -9999.0 -9999.0 -9999.0 -9999.0 -9999.0 -9999.0 -9999.0 -9999.0 -9999.0 -9999.0 -9999.0 -9999.0 -9999.0 388928.8723848787 245838.01376702645 566290.6855828583 427898.30666404363 36068.51826632275 5426.470429377591 2940.866459184886 32162.21394379873 4571.306688460925 -1766.7514042841 3110.5293070151292 55444.841591703014 83957.38238291262 153061.72741966063 463555.0676854666 2746.6745546930492 6212.902465593022 3418.9930194207227 -9999 695190.459340457 296227.7362412932 4057.718319433241 15894.89295716447 132811.43663771005 139788.42807983997 25416.19710842687 -11112.988000804497 -5053672.016033981 -455.70524979004483 991.8266861676227 3476.762726247621 331019.58503890556 97921.23216165467 169183.62993427052 34810.0952302319 -1309346.7573459104 450856.74148629676 446889.1888955207 1966788.1702371456 -296615.81853612757 27156.799175479944
-9999.0 -9999.0 -9999.0 -9999.0 -9999.0 -9999.0 -9999.0 -9999.0 -9999.0 -9999.0 -9999.0 -9999.0 -9999.0 -9999.0 -9999.0 -9999.0 -9999.0 -9999.0 -9999.0 -9999.0 -6138157.829225308 801239.6924944445 -9999 213601.2556795058 54714.47644819898 73847.29492835404 1960.2337039309834 811016.5158538974 352325.9846817189 2527.437340850545 3309.3976006669495 141997.16113101025 163405.37748247565 4380.597506526434 3000.455382408876 4720.580515527033 95313.66997872306 2421.802962669117 4506.673085894185 2246.0609327463962 132876.41098068116 19269.458246828304 3198.5924101872474 140699.01237423177 260164.37055541546 296685.31479474297 56838.68731312642 -9999 -435.29920673409686 4079.3296540302254 155173.36763584436 -948190.5417575215 2509138.921021414 -1796543.8694860227 3085.5308136730455 1009582.1942974216 542683.7790808703 233478.25182566434 528514.8568382825 164024.67597477327 303022.6781180093
-9999.0 -9999.0 -9999.0 -9999.0 -9999.0 -9999.0 -9999.0 -9999.0 -9999.0 -9999.0 -9999.0 -9999.0 -9999.0 -9999.0 -9999.0 -9999.0 -9999.0 -9999.0 -9999.0 -9999.0 2774.0500797770624 498516.6237203691 222021.24549307805 632109.4916593288 336979.4910098113 60860.14179034198 369663.65117440297 4241.455301666967 313450.2957150784 6085.155461887501 7183.254317538002 5131.221920395547 4166.327197414985 93912.0983914138 3266.7264222702556 242567.8979485259 301079.099282402 405181.48101482785 -9999 66263.01793428851 38737.08088447421 100052.55145638913 95467.99280399221 2373.0528355685483 56646.30099392718 -4653.334341700381 32785.68739123447 2097.2941683088447 57124.823671757425 35236.20563336941 -85965.74668846757 -9995500.424588002 688857.9115099998 734442.7548817944 776488.041062761 652872.785892403 325072.5395872998 405014.8547641505 1138849.437060263 97931.95072812594 186482.6886165778
-9999.0 -9999.0 -9999.0 -9999.0 -9999.0 -9999.0 -9999.0 -9999.0 -9999.0 -9999.0 -9999.0 -9999.0 -9999.0 -9999.0 -9999.0 -9999.0 -9999.0 -9999.0 -9999.0 -9999.0 1526773.9984796327 586041.5868494995 588365.9214507756 743627.3605970561 120328.01156626963 2943.460161103557 71196.50339766094 3252.4476431787057 124915.45018177392 565133.366988275 140482.97044969417 3486.1531907380113 3755.195755004341 4430.433602404143 300012.775062233 145627.20748293807 223408.58661442393 2891.2728493471286 3597.6619023244607 561781.4255574952 224563.5461909703 403800.0820918137 40210.17368883651 1314.3385517725592 2197.0693496085755 60258.94953785343 91342.53047162924 192237.28075026133 -117759.07155588797 38473.73085877233 2124.37731915044 7564126.489043903 1337893.3713356263 1340240.2721170678 12912.196776559094 803228.0660433477 207425.9890166599 215894.66318497912 2139753.267024099 2424708.157002002 4339709.443572169
-9999.0 -9999.0 -9999.0 -9999.0 -9999.0 -9999.0 -9999.0 -9999.0 -9999.0 -9999.0 -9999.0 -9999.0 -9999.0 -9999.0 -9999.0 -9999.0 -9999.0 -9999.0 -9999.0 -9999.0 -9999 1393007.3452251377 -9999 557405.4703602239 2923.8914434789453 704.9493843626262 474.2773929890207 6902.5412529475625 50785.87038365554 6546.39163981521 6655.3840630680115 89015.964256311 3215.6658651087037 172139.38446814887 20659.680076075616 87731.9066895305 3570.899889198472 4462.883266376493 290427.65396132786 290925.7338518409 339156.82645242265 3538.158089263431 375984.7747747809 226364.85587185758 5682.0267830701105 125055.45038840643 258797.94514484983 106920.53110900777 175126.92364089598 2358.134420498329 60150.61323033828 3037827.4729346274 1021821.0485885207 989294.0050638514 414073.9077145236 768381.169514964 2135299.7415802632 1067080.1641940025 2275928.3296221527 795054.4788608499 715005.9436007815
-9999.0 -9999.0 -9999.0 -9999.0 -9999.0 -9999.0 -9999.0 -9999.0 -9999.0 -9999.0 -9999.0 -9999.0 -9999.0 -9999.0 -9999.0 -9999.0 -9999.0 -9999.0 -9999.0 -9999.0 -9999.0 835891.3588326105 202566.71435078484 147570.14262975598 46543.019116029885 20354.238290080833 2878.6778465889547 2687.3375937074816 5776.13533129293 4643.043471674642 3679.1804341446223 2123.2854511580395 75903.16167597046 149618.4537166559 275842.31783417566 49889.79302671955 92655.50845658104 4087.3946479093415 685860.2076976515 227255.21138418806 301425.31670186704 82256.12130405392 3140.072381650578 50805.99078443461 150887.05465092426 430901.8082868994 249819.67860649817 643793.2095225364 309090.6238094343 31909.977972517758 97543.60399605148 3199516.4556623427 1002872.8824767069 2685481.2226944137 982557.7506665435 5070.703245961759 597792.2242908984 715816.9291059528 1169987.8676950003 -9999 514018.93109179835
-9999.0 -9999.0 -9999.0 -9999.0 -9999.0 -9999.0 -9999.0 -9999.0 -9999.0 -9999.0 -9999.0 -9999.0 -9999.0 -9999.0 -9999.0 -9999.0 -9999.0 -9999.0 -9999.0 -9999.0 -9999.0 747315.5575338358 -26295.87165124466 41380.365022050624 152643.53113495777 33328.793725416195 119101.452543557 167683.5149686792 3708.6532213833325 6202.758552294567 3468.20428332165 3071.724874946059 62923.35487602029 12399.172385044752 17258.484395307303 10614.78978126744 66448.66276855295 502267.89813885407 105312.87017044857 103014.13100774433 466014.09187209484 3498.657002835537 888772.2138612637 4583.137168935166 19781.55047857474 20086.568978741892 4940.5434170761555 308861.68620220775 58898.61506480842 102102.45541602779 23924.679755686702 2314350.922432495 943644.6925132166 -1696614.6976449399 31982.286626614266 1648217.2464180768 731621.4483213043 1414596.8644994951 3660567.2079359544 -9999 2388691.123062399
-9999.0 -9999.0 -9999.0 -9999.0 -9999.0 -9999.0 -9999.0 -9999.0 -9999.0 -9999.0 -9999.0 -9999.0 -9999.0 -9999.0 -9999.0 -9999.0 -9999.0 -9999.0 -9999.0 -9999.0 -9999.0 2607.248331094609 118563.37804361245 102280.62224886066 62934.18959027137 20836.90797405771 23085.501912477073 341197.7436303958 110210.00413312195 4240.683356889509 3032.597003111649 3233.693039520055 2592.396207749241 180112.8196275609 22908.39443109516 53747.7769760598 -9999 -9999 -6249.087300380741 171937.32705993095 -195.5097377518444 2855.949471353367 97198.6132527354 3575.031467064391 5030.573260373337 4999.079861772893 5117.750057212371 4933.108787425041 431214.45849845675 673414.7573971886 2604.683681310927 412353.0859303278 1343239.3699589346 3341772.9579166668 4607.0197151408875 778703.7240375014 589953.7633642374 1847076.2503182793 4258383.447546699 4359842.870719982 3889682.129443215
-9999.0 -9999.0 -9999.0 -9999.0 -9999.0 -9999.0 -9999.0 -9999.0 -9999.0 -9999.0 -9999.0 -9999.0 -9999.0 -9999.0 -9999.0 -9999.0 -9999.0 -9999.0 -9999.0 -9999.0 -9999.0 -62969.97354272538 -29529.02184927119 66778.64439770734 54117.163501075025 123868.7939791359 245082.48586354803 227407.97795947356 219923.52844039706 17085.31103406492 3785.0331168675652 71701.62607787538 81178.76484566349 1858.6908967168802 115693.76457089829 777330.999359957 4822398.328113266 -3490052.539812932 -1412425.4541384212 -33999.782343335304 3634.285210410204 4218.782629554295 3585.759531411728 3506.7773117648185 4689.331935105861 1902923.221561725 654254.2161035636 5170.132291357951 5257.289006826529 490635.8817664323 331528.10675430734 13475.898472920875 699837.9558294467 4025987.261383452 -9999 4697.095156012843 825244.6866562573 -9999 -9999 1605481.7590633952 4959164.49691698
-9999.0 -9999.0 -9999.0 -9999.0 -9999.0 -9999.0 -9999.0 -9999.0 -9999.0 -9999.0 -9999.0 -9999.0 -9999.0 -9999.0 -9999.0 -9999.0 -9999.0 -9999.0 -9999.0 -9999.0 -94590.96069784445 -59719.475785542105 21864.091827805227 115501.84205536857 872555.273302016 577384.2796271569 291017.6420759455 912567.120157623 30189.56348969011 120541.54788686347 202141.23829261324 64803.30836369739 29096.187932451423 90006.6321998707 34557.19003177026 109416.2199415767 6038976.872719726 4009834.8708588625 730288.9389337118 840634.8641044112 2779.655052987465 24731.490767949817 6197.969810597278 -9999 3638.691575395352 4659.668668070672 4534.757115839563 4998.29704493579 5226.875694973563 2707747.8363839327 1895841.5760606856 365427.6367371959 145447.80388742493 58081.55211881715 4256134.834517852 2541745.0687158434 1707306.7733706043 -9999 -9999 2261539.224538875 8810974.020294094
-9999.0 -9999.0 -9999.0 -9999.0 -9999.0 -9999.0 -9999.0 -9999.0 -9999.0 -9999.0 -9999.0 -9999.0 -9999.0 -9999.0 -9999.0 -9999.0 -9999.0 -9999.0 -9999.0 -243.5187221731423 4283.9124582674485 143287.98724065482 -325609.51314424525 240481.65524741757 169026.80890403848 247706.8228452963 60104.988352709195 11660.179738458122 -84333.96196246978 2192.1082683379946 195104.69828924202 205536.66599355167 94570.83547021866 85727.4084585908 -9999 3846.4562240715054 312884.8491463601 10405403.305961229 26261049.07899444 13136520.456260545 1119322.7934735597 2939978.5166126536 14554980.990162713 957110.6592616102 3785903.0086144446 17718.578992186067 4501.127846416034 4109.2243082247105 278053.04713081016 226512.12529398937 1484245.8159401037 1871908.0564614446 32574.11398028613 1169786.1596971352 1196750.3681123226 205525.732957009 1836775.1979412807 -9999 4151151.1525382455 3730190.855254143 12562314.256093964
-9999.0 -9999.0 -9999.0 -9999.0 -9999.0 -9999.0 -9999.0 -9999.0 -9999.0 -9999.0 -9999.0 -9999.0 -9999.0 -9999.0 -9999.0 -9999.0 -9999.0 -9999.0 -9999.0 -741.1314539448226 -15611.537244431152 -93255.20892527714 253763.43955099906 276265.26550766925 134816.1759226086 39035.73968279628 47095.50422553348 -373992.90881312935 -273230.00608650374 57.03154729451291 17799.688241308468 95215.99499499211 72110.77282323266 1487544.1490369511 2189353.454804157 2633171.829210238 -9999 4135544.519912433 2129258.8194744717 29591854.190220032 6554471.538657481 3250303.465638752 -1760274.3804924171 -9999 3024308.717544457 4052629.0734705934 4756.721871665005 546164.9993173826 246882.59159661338 1409759.4181763944 2010653.9638574952 1610639.2171826926 2479711.0785943815 1605076.2168733513 156473.63037308285 682819.3049420734 7156422.151106428 9043386.436724562 2276139.6997255995 989405.2803114548 11104329.873553544
-9999.0 -9999.0 -9999.0 -9999.0 -9999.0 -9999.0 -9999.0 -9999.0 -9999.0 -9999.0 -9999.0 -9999.0 -9999.0 -9999.0 -9999.0 -9999.0 -9999.0 -9999.0 -9537.790179668697 -2164.6711310827877 133947.63676073356 117099.02221143652 476938.6205550591 -153851.13187322833 -8183.670843931309 1493.7219562042042 82671.97143375402 -8547.324589273705 -11420.220304247454 19943.279599150417 8313.621830110049 -6320.1010692978925 53229.44929743369 963343.5348146427 326205.6301989065 -9999 -9999 2692638.472667448 -9999 -9999 10316759.516241152 13743741.209156403 -9999 5191466.304925327 737060.0735324044 -9999 12024.423717829499 8315.345195560829 816130.6143887686 -21801845.811715856 7773812.074781989 3078470.7717127637 982935.4350487037 473002.8436700919 92743.89041777593 -7432.946803242338 8471692.153618887 3854918.517662912 2178489.557158982 511278.1861819169 4411563.479157821
-9999.0 -9999.0 -9999.0 -9999.0 -9999.0 -9999.0 -9999.0 -9999.0 -9999.0 -9999.0 -9999.0 -9999.0 -9999.0 -9999.0 -9999.0 -9999.0 -9999.0 -9999.0 -193.92855352189716 -135.93612418444982 124673.44466452445 414701.99670939805 -302124.31119936827 -763724.2239444501 623670.1167764069 90864.81298875125 164470.56142080307 75988.639002431 -44291.494968466046 213671.26674435218 -125501.83365013762 561024.6861186422 231253.3973685671 -74413.87060670542 -9999 283864.753385681 -9999 -9999 -9999 -9999 30590902.59691436 23393930.07870251 13594420.29387323 8919488.768375978 7936942.691003257 -9999 -9999 1480399.3605654114 2357664.775508828 3492810.254384177 4434127.941614563 4620722.095123729 711444.7234497943 -9999 -1825463.3495137433 1499334.0508624492 4435401.269497228 3021478.183186177 138529.61342989546 422721.0064722079 1187996.292348292
-9999.0 -9999.0 -9999.0 -9999.0 -9999.0 -9999.0 -9999.0 -9999.0 -9999.0 -9999.0 -9999.0 -9999.0 -9999.0 -9999.0 -9999.0 -9999.0 -9999.0 -9999.0 -12516.2523499998 10412.795268553664 51296.80586566183 481968.8665067642 -57262.934904962516 -9999 -4832116.352532592 -152601.19353946348 277214.71665639064 -618998.1541213149 -268620.4267360416 -44543.91053459269 -222261.69871587737 841914.9791563578 -559935.9831980128 5211.504648175219 -9999 -9999 -9999 -9999 8880500.651648037 -36884083.44119297 1470339.289126062 36662366.128967226 3307787.3752567978 166760.70878339585 -9999 -9999 -2344.1427931903504 -55185.00565481161 1898154.0061117266 6014883.626301925 -3179721.9745330857 4417077.817429282 3293852.3796892692 -9999 -3090238.9110481767 1359683.1863418284 751488.8358950135 1218010.2585320782 2334531.332000703 216143.93997240622 2963775.368988932
-9999.0 -9999.0 -9999.0 -9999.0 -9999.0 -9999.0 -9999.0 -9999.0 -9999.0 -9999.0 -9999.0 -9999.0 -9999.0 -9999.0 -9999.0 -9999.0 -9999.0 -9999 -484.40343657237275 1144.2798899164586 -326.15478096852894 2732.839358633435 -192549.23917963303 -90976.15280079635 -12875103.165849311 -1021447.6169576654 575006.615599541 -253611.71296149073 123422.11867988996 -1130852.072545521 -9999 -9999 -9999 -9999 -9999 -9999 -9999 175697.65953453208 14878868.674767453 -1396297.4753109703 -28780516.93503707 870152.2618966233 -9999 -9999 -68623.16855936419 -9999 4604762.089634319 -16731495.117480747 -10086613.965385169 924086.8416497086 4540966.110689812 2677024.1742327455 1197828.9246862668 -9999 3119883.0745531064 875144.3002992143 168905.65419705812 -143084.99620027456 -2700768.6029180475 1816456.3815962495 1718752.6200143236
-9999.0 -9999.0 -9999.0 -9999.0 -9999.0 -9999.0 -9999.0 -9999.0 -9999.0 -9999.0 -9999.0 -9999.0 -9999.0 -9999.0 -9999.0 -9999.0 -9999.0 -9999 -578.7246415227172 1355.7855878610296 -35563.76819107567 -156363.24206474694 -385990.84328045446 -4545914.449823997 -4362202.12456505 -4212769.607303185 -2379056.8111155983 1065927.864543576 -9999 -9999 -9999 -9999 -9999 -9999 -9999 -9999 -9999 -9999 -9999 -9999 -16464861.726618953 -9999 434696.21817326307 -31288.105057037366 -59272.882222108645 -9999 1575763.2588774082 1263842.6490024035 1643116.0843496395 1927016.1110130334 1104057.7616889058 4464496.383755681 5409565.279038848 5665433.376790833 9225711.633079851 -1613823.0289439722 2103898.825743092 1023670.0805116758 5087062.614866989 3140264.262989731 2563573.350701889
-9999.0 -9999.0 -9999.0 -9999.0 -9999.0 -9999.0 -9999.0 -9999.0 -9999.0 -9999.0 -9999.0 -9999.0 -9999.0 -9999.0 -9999.0 -9999.0 -9999.0 -9999 378.81190249588076 37.570103338947845 -6542.083981003653 -41077.61153049846 -185436.89216939014 -11187873.464791995 -8290290.01073287 -7228948.934609571 -374892.8180971365 4403.990616156951 -9999 -695444.8973245004 -9999 -9999 -9999 -9999 -9999 -9999 -9999 -9999 -9999 -9999 413109.75800476014 -7538622.245454444 -43768.48612424992 -104787.6192657978 -290368.3541701598 669950.0945707819 -1643414.0810474476 -2116265.759789661 -289521.79462048935 -1321928.3740399585 -2841613.2192861536 -9999 7742296.151263289 -485759.8990512447 9100621.834072862 10974215.130052077 14303071.96626405 10480109.719233066 5893209.312023281 12349755.035385817 -2178047.575398623
-9999.0 -9999.0 -9999.0 -9999.0 -9999.0 -9999.0 -9999.0 -9999.0 -9999.0 -9999.0 -9999.0 -9999.0 -9999.0 -9999.0 -9999.0 -9999.0 -9999.0 -9999 80.48631338567303 845.0518772264605 -20.953896970430087 -4884.364955397217 -530.7396723258203 -3892100.717292387 -116182.1349300289 -3162296.9583675214 -406427.10994624 -255302.887211173 -281714.2710814519 -860248.2463372741 -2628505.2308442197 4995448.976258194 -9999 -9999 -9999 -9999 -9999 -9999 -9999 -7017499.055575449 -9999 -9999 -2261777.3697225857 -304671.1898101178 5658011.218807073 -904483.5867107504 -1801448.7938897547 -711226.8229116183 422216.26154102845 -5360413.4090044 2375295.306026538 -3298658.4207051285 5094834.070826119 2258590.347647055 1578583.4560414734 1252216.0213680381 3967381.9064869373 -1443896.4352536353 2002841.375626805 4275551.998480084 2084465.8136627944
-9999.0 -9999.0 -9999.0 -9999.0 -9999.0 -9999.0 -9999.0 -9999.0 -9999.0 -9999.0 -9999.0 -9999.0 -9999.0 -9999.0 -9999.0 -9999.0 -9999.0 -9999 -136.17714263907655 1417.4851856788027 -11.537213762007983 -5659.635931997982 -8001.466645758538 23231.001775000394 81917.95143409066 -12627.669715282225 91966.30012797232 -44489.813799667725 -75885.97320810663 -111613.16939968428 -40121.11281336652 -673098.2011481071 -2339709.3322220095 -6890320.943036646 -957941.5292249535 -3893040.9408821305 -2110046.7671696316 -1471471.5355562938 -383664.54680000927 -329870.204276034 -1575354.37815665 -9999 -1094170.111741998 -276655.6690357363 -2872388.364170444 369487.52296732727 -643999.0044216742 -223584.3915089405 -3445777.366927524 8551882.690540198 -2302782.122341417 -864708.74790754 -6792938.707830641 -4120964.5211916575 2564382.587530224 2748703.404795706 -5179442.466592431 3274333.764521654 4217866.625107493 4108243.693277409 2199415.535327189
