critload/trunk/output/1999/nfert_crit_sw.asc
ncols 720
nrows 360
xllcorner -180
yllcorner -90
cellsize 0.5
NODATA_value -9999
[rows 54 to 80 of 360, columns 488 to 548 of 720]
-9999 -9999 -9999 -9999 -9999 -9999 -9999 -9999 -9999 -9999 -9999 -9999 -9999 5016.293429920429 -9999 -9999 -9999 -9999 -9999 -9999 -9999 9435.681193923072 7375.725629458788 7460.531450180232 -9999 -9999 4706.136913514005 -9999 -9999 -9999 -9999 -9999 -9999 -9999 -9999 -9999 -9999 -9999 -9999 -9999 -9999 -9999 -9999 -9999 -9999 -9999 -9999 -9999 -9999 4041.760937480088 -9999 -9999 -9999 -9999 -9999 -9999 -9999 -9999 -9999 -9999 -9999
-9999 -9999 -9999 -9999 -9999 -9999 -9999 -9999 -9999 -9999 -9999 -9999 -9999 -9999 -9999 2663.977954367648 3150.0256787636554 6990.847570416459 9573.454940294841 -9999 7472.504166268959 8546.05638885868 -9999 3559.4383799680395 -9999 -9999 -9999 3231.645598934753 -9999 -9999 -9999 -9999 -9999 -9999 -9999 -9999 -9999 -9999 4670.515303606344 4485.205203526447 3756.6422431446686 3947.750978609989 -9999 -9999 -9999 -9999 -9999 -9999 -9999 -9999 -9999 -9999 -9999 -9999 -9999 -9999 -9999 -9999 -9999 -9999 -9999
-9999 -9999 -9999 -9999 -9999 -9999 -9999 -9999 -9999 -9999 -9999 -9999 -9999 -9999 -9999 5278.6365998458505 3752.366261806351 9007.339069346766 3326.539767537678 -9999 -9999 -9999 -9999 -9999 -9999 -9999 -9999 -9999 -9999 -9999 -9999 -9999 -9999 -9999 -9999 -9999 -9999 -9999 -9999 -9999 -9999 -9999 -9999 -9999 -9999 -9999 -9999 -9999 -9999 -9999 -9999 -9999 -9999 -9999 -9999 -9999 -9999 -9999 -9999 -9999 -9999
-9999 -9999 -9999 -9999 -9999 -9999 -9999 -9999 -9999 -9999 -9999 -9999 -9999 -9999 -9999 -9999 -9999 -9999 2559.259858919842 -9999 -9999 -9999 -9999 -9999 -9999 4257.155372226195 -9999 -9999 -9999 -9999 -9999 -9999 -9999 -9999 -9999 -9999 -9999 -9999 -9999 -9999 -9999 -9999 -9999 -9999 -9999 -9999 -9999 -9999 -9999 -9999 -9999 -9999 -9999 -9999 -9999 -9999 -9999 -9999 -9999 -9999 -9999
-9999 11848.066790815485 -9999 -9999 -9999 -9999 -9999 -9999 -9999 -9999 -9999 -9999 -9999 -9999 -9999 -9999 -9999 -9999 -9999 -9999 -9999 -9999 -9999 -9999 -9999 1490.6755130987417 -9999 -9999 -9999 -9999 -9999 -9999 -9999 -9999 -9999 -9999 -9999 -9999 -9999 -9999 -9999 -9999 -9999 -9999 -9999 -9999 -9999 -9999 -9999 -9999 -9999 -9999 -9999 -9999 -9999 -9999 -9999 -9999 -9999 -9999 -9999
4649.581520184364 3300.842269132906 -9999 -9999 -9999 -9999 -9999 -9999 -9999 -9999 -9999 -9999 -9999 -9999 -9999 -9999 -9999 -9999 -9999 -9999 -9999 -9999 -9999 -9999 -9999 -9999 -9999 -9999 6044.475518525809 7738.029472231267 -9999 -9999 -9999 -9999 -9999 -9999 -9999 -9999 -9999 -9999 -9999 -9999 -9999 -9999 -9999 -9999 -9999 5749.177227638636 6148.895280131956 5444.057248921404 6690.1614936438045 5061.400703431943 -9999 -9999 -9999 -9999 -9999 -9999 -9999 -9999 -9999
-9999 4520.93618141919 52581673.23644996 -9999 6836.178320236025 -9999 -9999 -9999 -9999 -9999 -9999 -9999 -9999 -9999 -9999 -9999 -9999 -9999 -9999 -9999 -9999 -9999 -9999 -9999 -9999 -9999 -9999 -9999 -9999 6378.090090439647 8387.400160968258 6019.135038916929 7495.165554814709 5800.002954617346 7537.164626708902 -9999 -9999 -9999 -9999 -9999 -9999 -9999 -9999 -9999 -9999 -9999 -9999 -9999 -9999 -9999 -9999 -9999 -9999 -9999 -9999 -9999 -9999 -9999 -9999 -9999 -9999
4926.292416442862 6833.929633745205 -232.49204794319525 -2163896.1387384315 89835317.03550051 -91895114.9608163 5775.1557342808355 -9999 -9999 -9999 -9999 -9999 -9999 -9999 -9999 -9999 -9999 -9999 -9999 -9999 -9999 -9999 -9999 -9999 -9999 -9999 -9999 -9999 -9999 -9999 -9999 6985.574060115771 8120.191325376261 5842.052101010543 7352.693856578676 -9999 -9999 -9999 -9999 -9999 -9999 -9999 -9999 -9999 -9999 -9999 -9999 -9999 -9999 -9999 -9999 -9999 -9999 -9999 -9999 -9999 -9999 -9999 -9999 -9999 -9999
-1187.709321842415 75006665.87166749 32274541.01431388 -341.22165239087 -2993386.3782604653 -24800972.290332418 23808.96855334725 2048.066959015334 -9999 -9999 -9999 -9999 -9999 -9999 -9999 -9999 -9999 -9999 -9999 -9999 -9999 -9999 -9999 -9999 -9999 -9999 -9999 -9999 -9999 -9999 -9999 -9999 -9999 4411.7217621158225 5358.626896061337 7760.777203946591 7732.554042403779 4802.636416765168 -9999 -9999 -9999 -9999 -9999 -9999 -9999 -9999 -9999 -9999 -9999 -9999 -9999 -9999 -9999 -9999 -9999 -9999 -9999 -9999 -9999 -9999 -9999
-335.24185949753337 -33511609.172330253 -151193683.82370862 -2278042.094322781 81247950.44444089 -21980903.001825374 -612.6493256895419 -483.0397402520948 58629656.54909501 44228146.46981003 -27850.42176829998 -9769.57385685808 -9999 -9999 -9999 -9999 -9999 -9999 -9999 -9999 -9999 -9999 -9999 -9999 -9999 -9999 -9999 -9999 32152216.127464876 -9999 -9999 -9999 -9999 -9999 -9999 -9999 3825.1829378467905 7139.493406254626 5544.114058802771 -9999 -9999 -9999 -9999 -9999 -9999 -9999 -9999 -9999 -9999 -9999 6041.864131775043 -9999 -9999 -9999 -9999 -9999 3472604.1040053363 -896366.9723943471 -9999 -9999 -9999
-30650663.920744836 -2762466.70429403 -4514600.800383385 36471021.9455155 -55882014.429373614 -56315900.15409748 -47198054.84833238 15819523.594062353 22287328.145617515 27852723.227027707 37216976.02788915 50514519.60245205 21211649.182573214 6247558.3264375795 -110652036.15541792 -10805684.540225701 -5323008.013387306 -3978023.91182989 -9999 -9999 -9999 -9999 -9999 -2955.312085500587 -9999 -9999 -9999 -9999 15320213.706148213 -9999 -9999 -9999 -9999 -9999 -9999 -9999 -5242979.465085817 -300965.524197445 3214569.808724712 32464975.10755483 29155600.97044851 20228734.776317764 -9999 -9999 -9999 -9999 -9999 -9999 -9999 -9999 -9999 -9999 -9999 -9999 -9999 -9999 48753988.596751764 21379245.713953976 2024033.0387808743 -9999 -9999
-8389741.384301992 -28934552.21881217 -1156460.201501168 -27566951.422751628 -12383529.344935346 16946351.92806984 -1266476.2405327708 19272329.477944396 18341569.3937447 -1856929.2627032176 28805602.49869955 16310358.324947601 19531347.0678963 11620991.514560467 -4403625.472869567 -49560141.35451595 -4877833.293968059 -78501214.35707831 -35713385.89391397 -37628472.45775198 -2913602.4168655574 -1296253.9730722525 -1672692.5871998596 -19589804.71810705 -9999 -32492298.45959199 -9999 -9999 -9999 -9999 -9999 -3662.793330597241 -9999 -9999 -9999 -6673429.779415082 -5483899.472929781 -9999 -9999 7752035.195537174 33321593.362598024 -9999 -9999 21192696.492813557 16174362.927569207 15477503.159897957 32813756.53120062 4818.883933620854 -9999 -9999 -9999 -9999 -509.08219921305954 -1808506.39933465 -9999 -9999 -9999 33312205.176282465 -1225850.621171004 -9999 -9999
-603837.2965045123 -10327138.936760932 -1615616.119386012 -2846074.3181036725 -40492271.32190866 -847187.6223479054 -14289534.435923507 -779009.539897991 -16577280.475599555 -8091806.798857289 -13192885.43445636 14820184.00512922 1404207.335030443 -72459.75200061187 1309470.9085525624 -7146129.529862278 -109746210.65364923 -24953385.293024343 -16809441.774201244 36466560.647001006 1654403.5198809295 -27212871.82316917 26795552.393761486 47114351.228253804 35701615.65917781 19396561.51446791 -73659685.73595327 20835889.923194654 49923751.63612455 44654770.115188986 14406.399097582542 36583162.6176996 -38865646.08256601 -9999 -9999 -9999 -9999 -9999 -9999 6751195.378181712 -1377749.398180957 -96521953.12351228 -16311635.152684066 17235481.261952654 23347592.40791372 38393305.0602231 29095967.106229763 -9999 -9999 -9999 -1084668.574055307 -9999 -3555187.919826106 33505188.86427294 -9999 -9999 -9999 5560826.2761830175 -2365131.0457429886 -1395017.48695833 -9999
-1108037.2362426014 -1206502.4308264048 366059.1484327751 -1461664.9719829378 -3460481.6252045897 -4149124.754089478 -3140636.466083966 -31713845.122165974 -1666956.8190327976 -25439964.427716114 -1324592.3331858707 -1619507.172243587 -7131652.994427285 -1238268.2254685655 -4604878.012336822 -18903826.951367002 -14070808.959565457 -4400056.023119719 -11437165.593028834 -2805625.5780682936 3490610.701197051 -405206.4706815769 8861716.689432533 -12243587.904221892 23609543.45191506 14864759.991921823 -18709379.520882618 48994520.94929865 43825601.32736098 62996012.30787533 13275411.476156242 48679075.74054178 463324.3516930904 30984674.71231167 3814422.5316237593 6465332.066594173 -5824119.277235543 -4874297.357354218 -12090440.428796163 -4201614.672481864 -1778563.1503874033 -101040370.22534552 -667008.2951013983 2955284.472198868 8206686.750131697 11327248.828174485 12374275.663448323 -6761410.81623319 -3859600.585689009 -2132759.513338834 13342902.302340921 10429689.563626409 2735584.629356468 9723366.778322142 -1675157.1635912636 -9999 -686978.6532474707 -80143514.07300387 -3019400.7974442877 -4448306.776628233 -9999
-4796191.968783689 -1619128.1193859153 -1082611.5619358886 -3622415.869962702 -8091983.098198642 -4231878.666629511 -6533741.610885014 26094749.11532496 -5439907.282445647 12142662.140938124 -2195154.0596808563 -11531195.729073307 -4671222.4227982 -337858.4034047234 10222342.944017932 -41768905.81986674 17646419.312825784 1294475.0201700255 -6067102.724015607 -14528677.549166529 1749223.2108101891 -3820307.998613106 -22473999.27257787 -50144618.39254369 -40698825.14074794 -44504926.40008512 -31310162.98823749 -34404722.98017121 -19609450.31678324 -12755841.211135333 -13562572.01747873 -15159328.257016597 -57196865.78793152 2130841.324275654 15873206.786024403 905690.1710966883 -9155990.829547217 -10553362.72623446 -6571644.567925845 -5357793.092039473 -3572676.741828094 -3654725.4465121063 -1659494.7419364701 -6803660.52348383 -1672892.2327280117 -9999 -299613.70087972714 -753575.544359753 -1491588.9785744103 16591758.347539844 7346699.188424347 12806366.70269121 9110895.925407931 -3697986.5593577814 -2550484.7098056427 -993106.3339915302 -538.6360268419371 -8712076.462524274 -213771.58257678323 11995976.967650304 8714881.454970358
-8229199.65106613 -7064094.978310353 -54858607.52822592 140097.92588545932 -15578145.476290328 -8243325.972179015 -53402.91013004234 4270962.9670545235 2225778.641411873 6052902.742486008 -1027057.3529352322 -5764912.601178914 -21833689.46443383 -5865427.35914533 -28227931.177897885 680997.4352263295 -10207769.91691459 -1366190.0993604858 -53615624.09735728 -25462397.054910388 -9524704.899102712 -4151538.408763262 -15756676.223430779 -30502132.640238035 -9999 -3553226.108293448 -8255730.854208352 -38016799.94269111 -2838725.3499067635 -10374388.05799481 -13099274.863562832 -46336717.806014076 -38031779.68323143 -161528716.093134 -286114.76583394426 18745588.400873963 -2013797.6115050642 -38247860.48352147 -5268500.0387266 -3046791.0083227735 -4216694.0636034785 -4989102.7961177 -3301292.4716290864 -2962404.03772494 -11388946.009330617 -8541068.212146614 -9999 -564.4319325159105 -9999 -4669912.172101901 -2410625.564718722 -1926157.5005082672 22674.151551763593 -1702496.029145128 4551384.276636624 -2392130.779948902 -6113290.879678191 148.53299684518277 -9999 13213136.994867854 9074794.18085986
-934218.724393817 -17778218.172543734 -6451015.657485846 2559065.546437571 800280.7155246808 917691.9920050442 3567100.8654141347 1601382.487750938 4969040.83495738 -1074979.7362806886 -8054159.166327798 -1410650.3468198443 -969251.0582960366 17130.63582972471 -20208628.866516076 -14010905.013164291 -13539038.564756036 -17858237.772858568 -188178209.0170024 -5724167.491137509 -23891857.014091447 -10853230.93720885 -19792743.93199585 -37981345.63927533 -17472602.374950763 -64326664.04694795 -40278810.52538244 -114014810.16545841 -40683384.45712346 -18630099.903142404 -33366233.661411654 -9863489.221640183 -22423360.78665 -17925274.667050816 -499085.64125906193 -11921977.028371913 -19011510.649218764 -65377493.061611965 -7175063.15721434 -8706879.380468898 -5560068.536689005 -8665750.54800605 -13411394.5299222 -8269261.968380272 -5831733.544630769 -1909183.706588532 -1225457.694338409 -477.664779659747 1760.0162573687223 1151.0687138358708 823386.4929687085 1088621.2789708518 3143699.0463183993 -187923.1678464218 -3904824.3738357765 -359304.4284087748 -2000679.495311598 -9999 -9999 -9999 1840.9719550559594
-1675643.0723746952 -299586.6493566044 -3762131.513732526 -2108426.054240058 -514276.1174022733 -1668852.2540205629 -94903.5130414898 -1518365.4024930773 -917997.4591054819 -1572246.4104213708 -1639163.370936366 -11105598.591497537 -422841.0055872767 -142095.34485491324 -2906444.3822679305 -8288210.676675484 -7475809.289069736 -12038487.289005678 -24694619.459742285 -17131328.472401123 -18725380.30527847 -20457486.20032056 -1588257.8688209655 11957786.024447579 -7003023.688636347 -13114915.68863883 2394577.6409144253 893168.5993401284 -18199084.457113028 -8282673.64880887 -10078691.838806793 -10895440.439143585 -10323018.99223464 -8970612.414894545 -9015701.288593655 -10356153.723302497 -7639058.434201991 -3390550.653912555 -1992355.7181710347 -1992468.044211231 -7224385.206942381 -2208465.788593122 -1037755.6040858786 -5665870.761931559 -4401718.4859702345 -3193048.6194690727 -3680426.162658554 -1807601.455836529 1214.300056639298 1148.311823249027 2026.573499006821 3809941.0243242593 -867100.5752880577 2586887.0585560603 -2263195.8787371526 -1908301.596278278 -2779232.837262691 4653752.283361579 -9999 -9999 -9999
-2816460.5290484834 -1881268.7394791297 -2727403.0221909387 -5220934.85003201 -1450824.0091780853 -6179158.52274758 -3039279.79253297 662530.0497840395 -1976859.7405362146 575477.7554918196 -2639581.0523852445 -3660647.1281474587 -4079997.108499618 -3134250.36048815 2403704.787624635 -1096062.4012300093 -3380008.2206237884 -4928820.14329386 -4892906.954492274 24599020.82111421 37512045.426201366 -2128966.1120399158 -6729826.899233363 -627517.7759853436 4692.717979170973 -789377.6102463867 -44805142.77668901 -104417513.61446552 -688053.8940717824 -477863.7521230308 -3623117.851756277 -11339633.698383339 -7304080.012846592 -9958043.860271046 -5668872.119353356 -5234887.523473816 -5684609.814276876 -3129038.8523640526 -2961333.4343778566 -1894903.9866480222 -1517989.8540719205 -1021740.5987616823 -1563895.9071013604 -5361952.938671468 -1349043.8205230623 -13943587.019817906 -3166620.1014881553 -1943562.0777703025 -1207.9629542193252 65.21044273163278 2062.2915708032074 16824402.775206 1369415.9774293469 6237978.287719766 -2948853.995918975 -1627347.4315572118 -559226.6952687734 7683026.881166701 6804150.031325307 -9999 -9999
734942.3950322847 407826.20433902135 522587.23816723167 1251975.8197878173 1392008.0054469332 1006256.5806170148 148591.50302605692 -3323134.7072798465 -2098562.9206163357 -2231904.104322203 -568467.5409998992 -3369183.6080258638 -1353817.809466646 -4045415.0821493454 -5380944.6617938625 -74395.06509977061 55712.66839342471 -15664277.226758836 -3898145.781616973 -1042990.3883980409 339757.0207570216 140857.94017648295 -4690988.557435189 -20257284.635882348 -2287965.590465797 2391.3096437911413 -9968.912802355979 -312038.9917502793 -5547503.809928033 19896513.990784887 61403702.972380206 46667.02205224556 -6357017.242005429 -6331824.415020177 -17153798.725842994 -11519773.482740559 -12023779.274118945 -10108572.5182587 -9068381.998464327 -29434881.5250176 -7025069.8238493325 -4396425.357544612 -1970127.6325268317 -2630686.628027184 -1996334.2779210012 -2169701.0786395376 -3948842.247276508 -9999 -9999 -9999 -9999 -2017212.613407078 -1233582.6358272424 6755488.780835833 -2051986.3146937464 -2060386.241609697 360031.9867406155 6298100.598357286 8767774.259550288 -9999 -9999
1905.2409476726327 -11017.16650187806 561677.1423648135 1084491.3460575861 907714.911348942 -453201.3175880624 -230605.11138442438 -4114173.2639370896 207260.8340939575 -2523209.5540988212 -2671529.0821849806 -3210991.4694978367 -1426338.89706256 -1951058.1221611095 -3992451.148995427 3026.973413769556 34815.75445332079 49257.323377870765 -23746.264603938896 -138573.86983254296 -7470.595783662255 315.56515019117825 282.5869727992973 -3055.5949056242357 -23789357.500560433 -19122157.67067058 -2567.501212285614 2085.3776465016354 392359.6843082574 -12307654.996039674 -19356164.85151487 -118814616.42271653 9463920.53702039 -10675053.762531161 -12004080.01034091 -18659341.466396686 -6906969.453771748 -12914505.576109065 -10609822.14150448 -41509679.41114424 4095365.6257923837 -4805825.796889699 -11404291.31850931 -3690085.768849118 -1742393.8659960832 -3459824.9831791106 -308.3039347408465 -9999 -9999 -9999 -9999 4159869.4302569316 408519.32597122155 1835823.4154615956 -513.5648872694334 -9999 -9999 -9999 -9999 -9999 -9999
10.00937529600345 819.579105488893 6476.068884107344 4753.864794785153 470548.926293871 139620.7766221439 305401.1856552278 608016.2275855017 337219.07148406625 -4431970.800537129 511842.01564329775 417248.4403113511 -2471524.9132075943 -3675318.216130142 -3689708.8836477906 -4620294.124951385 167355.31662130565 -86107.24906914677 12279.50631254659 -134.15335100904434 899.2174851263431 -6270.565475472723 117.44491307933316 -43.78528479396737 6.330336197984913 -20407152.411034912 -7615.596341113603 -78.84221734991279 5727.169268741317 -404042.4782701203 35765181.71705518 51482074.89839802 14031886.393217882 -20843966.952869598 -13414158.589415807 -19381837.27991594 -12607907.897970797 -14320817.496409008 -17501336.548320163 -12108827.344620274 -6359082.46379655 -7818386.983438036 -7289269.632227759 -4047799.1468242803 -5736459.574370276 -1364941.6553932214 -9999 -9999 -9999 -9999 -9999 -9999 -9999 -9999 2086.5039499723207 1506.8240745001617 1372.039027345942 -9999 -9999 8672887.546132863 10627579.42513754
-3157.0802333656743 -1064.0833592919535 594728.362954147 4649.759061347308 -107762.61938626143 23.309652937659273 11.318917910958989 2.798391405193208 -244.8025959051755 -388171.78206644737 2.1234973373757042 210085.0021098702 731212.5705381472 -2341602.89253722 221424.6870712873 258828.4657570676 27508.622474359625 13335.236931862168 -6568.111882520907 151.8859144787124 71226.95613760094 -333740.39287136425 -26.826993652048806 4.092048974190026 -20.27288296400587 -4479210.696350884 -7219.700577896781 -8204.060713067516 1778.9293324508028 -6.04128309231628 -11816.862734336322 -4157914.728996152 -15870953.29030169 -13943495.545825433 -49020116.69673219 -11136320.726552714 -12136308.022425314 -7091533.328926778 -6032215.718358396 -6882506.4303423185 2408753.937351516 -4043263.2750091297 9203795.353501648 -440437.97256479156 -919663.1305993272 -9999 -9999 -9999 -9999 -9999 1963.0360985675982 -9999 -9999 15087513.864776686 8752785.796233574 10704781.691326087 4996214.745910511 9440814.51305541 13563521.103044158 18707163.26387678 7834074.053421859
-4179.484203521668 571.8844089171831 1152.0642400316776 4252.154705243654 -887.9711340952416 291910.06097957515 1098.1368256992362 150087.27360439565 49.71450655944565 42.2603361207923 96.56874515464527 -60608.03159643711 175066.7430531016 343080.3711068002 -24935021.290165458 -2776286.7888077395 82682.09904485592 585350.728209688 69922.76130342632 -17120.324177317016 38967.48011193749 223.59792128176474 215.78388745442845 2.5057124147090852 664.8559778426501 -1521.7363993999704 -352.37042595036723 -9883.461948202295 -2470.3053635242613 652.4195162032007 1525.142401028952 -17219620.719680842 -24052445.02339947 1144018.1254938948 -3162200.546510804 -11219326.557057302 -12157033.270887172 -1318039.0985484011 2675213.6165476474 3262731.540499765 12846133.288749304 10966452.254138302 10453409.946393816 14520274.845233839 16290405.472616497 1673.9808563666916 1603.9198668220638 1410.8221293336194 -9999 -9999 -9999 -9999 8554385.809275271 3386793.6249145474 8220652.421285377 10594586.466574026 8097054.745886114 7952294.187535584 6431018.361318812 7250488.488783914 -892362.9504729033
-1554.6341368490507 -2151.140738451837 2045.6738248167787 3353.813276045803 2917.283280260167 2416.5074890995293 3152.7132399513926 275155.9946163844 1815.3133069299977 -5100.71328315973 -6785682.623931325 -5740.151998558164 -38.757634856804586 89330.997144346 723979.4942017262 200980.61844938903 320284.10597126605 -541015.7164356536 -128893.26521612582 3651.806611891503 371.3327769240906 -7564.604275248889 -157.46205228039636 -545.6042252527301 -142.19443079227023 0.5732304661003323 -1006.6855092889556 295.437424409667 -12343.222978790925 -17694.02845743766 -15615.76947027979 -42721398.916355 179481.79947187414 -13326.232168394537 -3788085.2142650574 -3021048.253903811 -1271287.2330618443 -134121.14991084416 26507.970956676763 97437.21517707035 11363254.161836252 14194623.889835782 10498326.083047308 7894144.6467010565 5361203.823437233 13109252.88211769 -9999 11821296.020989995 8143573.565745096 -9999 -9999 -9999 8233501.950875429 6029786.795047445 13629298.035330271 15424682.470437607 57771.47779712432 -7230058.841257101 6683896.546075762 9017706.557609754 10241888.720776543
-7546.854511342253 -337.16249125254575 -619.7580416906434 -1005.2507987878143 -598.8896496013086 2040.1554205582752 2302.284361139143 -356.6107059716238 -2531.6480526514465 -17136.720905368536 -12957.264686464338 -2613.1439143175908 -710.4965621408459 2397.3042986472205 1872182.3718470626 -856359.9060612348 14100.264098442956 -2057249.6182302637 -2187463.862622075 -0.46471765521199104 -6996.911541570214 -0.18031487692749798 -1.0947898552701518 -4694.301847945687 -3561.82553082262 58.989665616383505 68.68914423748828 -519.5924481064715 -586.9330196849663 186.36094197041447 -57.14195151196555 -17287.73923742132 -5204013.803701871 -1139010.8479160978 -1174793.6499139518 -894337.3042193142 -1278831.733088457 -753040.2371693378 -9786.288644240864 395921.94471232477 733352.7356333463 16394997.540590016 13959283.94473372 3028146.137703984 7496962.33924583 -9999 11761405.614980478 16346743.472665215 -9999 -9999 -9999 -9999 1112.3072838630703 125985.94775790954 131362.64301055766 79421.76766339033 -463084.9817762104 -81646.89431314694 -2470.5134873954626 301.85008318759867 -294.7927530767062
-4346.869814727134 -700.3791875157059 -640.0366834652448 -857.1266298746724 -788.9815036361002 1001.7993469255997 665.7152848626514 -870.1493634219685 -916.8946169259074 -148.42719845049325 -1573.1005525329172 -393.80219497955585 -138.8675599940381 242.44671577394945 453.7779007755656 -78.56369895528341 -97251.08532245514 -10896801.947158467 -23202946.234985735 -1.4227523210158335 -233.0917600037693 -0.40310296983062605 -390589.7202281865 -7464.229829840522 -4753.358212501392 -855.3484247730621 -3301450.007471895 -4204735.670050197 211.12400201564654 -82.13428976414664 -2046.321690597639 -104.84398065713337 -627744.8256265785 213.5466328103672 -8959232.329249674 -1336562.315261202 -2483951.7656116635 -1988853.6955175374 -751.4299283563832 -61073.157232664926 -247528.0303403229 -539232.0883737918 18023465.322583728 17522220.681676466 7574828.71000479 16269868.231123328 13127097.79622571 -9999 -9999 -9999 1415.0227210257162 598.6496627328992 4546.157343051513 118.36877400537008 288.59467969518136 3512.8439936394075 -13684.854657698952 -825.9352723968339 171.55185383737432 166.5637859035741 101590.85685487998
