critload/trunk/output/1999/ngw_nat_rec.asc
ncols 720
nrows 360
xllcorner -180
yllcorner -90
cellsize 0.5
NODATA_value -9999
[rows 156 to 181 of 360, columns 177 to 235 of 720]
-9999.0 -9999.0 -9999.0 -9999.0 -9999.0 -9999.0 -9999.0 -9999.0 -9999.0 0.0 0.0 0.0 0.0 480606.9059326631 1023581.117174101 436930.44690985227 -9999.0 -9999.0 -9999.0 -9999.0 -9999.0 -9999.0 -9999.0 -9999.0 -9999.0 -9999.0 -9999.0 -9999.0 -9999.0 -9999.0 -9999.0 -9999.0 -9999.0 -9999.0 -9999.0 -9999.0 -9999.0 7599.566506571902 4204.572203988361 11448.877883548412 15362.829043983298 -9999.0 1872.8997566089067 0.0 -9999.0 -9999.0 -9999.0 -9999.0 -9999.0 -9999.0 -9999.0 -9999.0 -9999.0 -9999.0 -9999.0 -9999.0 -9999.0 -9999.0 -9999.0
-9999.0 -9999.0 -9999.0 -9999.0 -9999.0 -9999.0 -9999.0 -9999.0 -9999.0 -9999.0 0.0 13801.227752420744 33884.95816504462 202047.9391755565 1081379.6300703578 125355.86842583133 -9999.0 -9999.0 -9999.0 -9999.0 -9999.0 -9999.0 -9999.0 -9999.0 -9999.0 -9999.0 -9999.0 -9999.0 -9999.0 -9999.0 -9999.0 -9999.0 -9999.0 14952.792884662176 93527.01091676352 364454.4393993244 198170.88756616198 151837.73495725173 150907.973961926 24296.048132382766 -9999.0 0.0 315.33674688696897 71.87823536504774 0.0 0.0 469.4340748561798 -9999.0 -9999.0 -9999.0 -9999.0 -9999.0 -9999.0 -9999.0 26566.96050375019 13063.951179070194 -9999.0 -9999.0 -9999.0
-9999.0 -9999.0 -9999.0 -9999.0 -9999.0 -9999.0 -9999.0 -9999.0 -9999.0 -9999.0 -9999.0 41633.456233490215 185607.594902478 984062.3332636564 1016577.9173609165 754381.2596823083 -9999.0 -9999.0 -9999.0 -9999.0 -9999.0 -9999.0 -9999.0 -9999.0 -9999.0 -9999.0 -9999.0 -9999.0 -9999.0 -9999.0 -9999.0 -9999.0 3011.549387472678 5500.12916704758 179895.0136288627 526205.5981114968 260081.78217149 743483.5845221705 100442.13472055424 975.3230792018568 1950.4655160632917 6609.377486081166 33821.22674036377 55262.48982960689 0.0 0.0 0.0 -9999.0 14829.098380760252 197.82457304642872 0.0 -9999.0 23463.015682123427 -9999.0 18424.557917743878 20574.548340380486 0.0 7428.471369426102 34410.35341943692
-9999.0 -9999.0 -9999.0 -9999.0 -9999.0 -9999.0 -9999.0 -9999.0 -9999.0 -9999.0 -9999.0 61563.44110325582 116278.08345552861 425385.42645000893 336542.49588598515 360734.56877086236 161822.30573988872 -9999.0 -9999.0 -9999.0 -9999.0 -9999.0 -9999.0 -9999.0 -9999.0 -9999.0 -9999.0 -9999.0 -9999.0 -9999.0 -9999.0 14556.541965789362 19008.56380912356 0.0 199835.23094658868 298441.80711148627 345963.14686722355 703471.0667424576 42661.03215021156 11700.66160306101 24893.14667656079 1247.6311009543026 143492.81629043605 90440.55362483443 96349.41268228981 11254.110233454012 61617.27460421147 42392.27392045003 249737.30202878147 9556.019707122665 13881.952477253952 634.8658294331345 0.0 0.0 152750.62441562538 176548.88747775953 149732.6112645562 180096.94815014643 1762.62152587434
-9999.0 -9999.0 -9999.0 -9999.0 -9999.0 -9999.0 -9999.0 -9999.0 -9999.0 -9999.0 -9999.0 4629.144823997107 160323.121127688 35411.578763227364 249462.44641065 809370.8156022673 341089.2685314 44255.13508877465 -9999.0 -9999.0 -9999.0 -9999.0 -9999.0 68747.20646236501 104065.55676349999 -9999.0 -9999.0 -9999.0 -9999.0 -9999.0 -9999.0 3532.311918821152 94732.51723091002 10555.748658592513 54029.06618907392 100193.33923802765 356661.3152497709 284135.5517127908 15956.526463839426 13.415165733895691 9600.515434779421 59927.27814289149 207775.4509845291 525448.4051662951 267324.02451784664 195475.9081157252 146715.6361577272 274839.1575020291 131603.18664189457 160648.98208780354 16096.256798884086 0.0 0.0 6538.9949101287475 78654.97625102974 3737.4777643985854 40942.95136189691 5692.985368159976 81415.95214738445
-9999.0 -9999.0 -9999.0 -9999.0 -9999.0 -9999.0 -9999.0 -9999.0 -9999.0 -9999.0 -9999.0 -9999.0 -9999.0 -9999.0 12859.548737482424 183180.37806737574 509999.78804790607 801397.8737326952 98564.67330368904 53482.99201260441 -9999.0 48966.76389861197 103113.21538405112 126589.11719842178 102740.14489762642 105895.34686291312 32846.39487507177 25560.854600545546 -9999.0 -9999.0 0.005080036143891024 7137.374331708679 3918.237303537596 12049.960432395674 8092.816584236534 33208.34281215595 471994.48760577675 126649.99400003195 42840.20539862271 0.0 12342.243626513748 98742.75082930342 362925.5392869817 588212.1197211278 103992.28370626977 122037.60621731228 200842.76886342085 86879.75365978466 37392.85486781063 1320.2409397978204 2186.954955145858 35719.374520243575 64663.52919757678 14067.69644602913 4222.7224667038445 5173.761015226291 3918.0206430332446 11915.787089674075 32945.263507331125
-9999.0 -9999.0 -9999.0 -9999.0 -9999.0 -9999.0 -9999.0 -9999.0 -9999.0 -9999.0 -9999.0 -9999.0 -9999.0 -9999.0 -9999.0 98450.24123163345 486158.38835466444 753709.0942762556 746260.0026254413 538871.9471976752 221793.49885275622 385936.20832884294 370593.06642926374 43944.09520453938 -9999.0 80113.6925718899 421554.694423151 35197.466466955426 46937.99503667951 80677.32859816012 12723.521096922703 9759.257027126008 102953.99564221212 184697.22568851456 272986.43255035736 108059.03506279808 179246.32107436843 129674.81421454567 219029.8343190126 291966.7521059593 242045.77876722752 126251.86169557451 628625.8351895183 134417.07722854303 181385.33392698396 197670.62524836016 155476.43424599443 146207.12045117456 106989.34434640822 75014.04341083246 65072.987756805676 50399.544765419676 89641.41387069365 28894.77538434715 7233.659257834298 20139.157741325416 56586.31168569293 17192.604709514002 1605.0670169472787
-9999.0 -9999.0 -9999.0 -9999.0 -9999.0 -9999.0 -9999.0 -9999.0 -9999.0 -9999.0 -9999.0 -9999.0 -9999.0 -9999.0 -9999.0 12896.009322295255 35781.827440987705 46619.32138167735 123377.2636986707 150600.82008925144 297943.2685738068 120774.78457905534 77048.71590352856 10351.28743705 -9999 66462.175868465 71642.13897490091 153937.42607141577 112163.30284022602 36612.09690410258 65491.836141869586 76449.00340540445 189188.2227307013 405111.5737028051 726178.1115337416 137054.17865860843 146341.25556920498 238846.5835237191 375791.9085667091 217101.37132566754 240895.16264889852 96539.21722550759 99556.95759887781 31506.66122511466 155541.7755028829 141233.04874836802 147145.20712087603 149562.83454912857 210618.87630075708 119957.74588206568 73079.36897557689 75356.69186776616 32237.925931926602 47301.08635766145 49762.87062551863 36160.64869060231 79731.59805186755 97454.78827713498 91778.18160968133
-9999.0 -9999.0 -9999.0 -9999.0 -9999.0 -9999.0 -9999.0 -9999.0 -9999.0 -9999.0 -9999.0 -9999.0 -9999.0 -9999.0 -9999.0 -9999.0 -9999.0 -9999.0 -9999.0 140423.23288829988 122849.84027665538 263292.7658315596 118879.65116320252 -9999.0 -9999.0 -9999.0 434900.1289598846 979448.9135302646 1233551.481814855 425603.00992088625 1249977.6937178194 728404.7324332304 425374.64188078674 556392.6382969803 759211.2661122896 360819.70129386726 375627.0242886648 238456.68688258232 275009.600459043 299466.5282410215 62764.706876531214 76538.5259619265 174144.26142413044 269145.1484018018 292290.8843502022 277981.44948549627 138167.8485755625 171904.06312847204 69840.39472533391 141741.9364978228 320182.2760339252 420208.77718685026 344507.99451666395 280407.1192276548 349873.5222926128 49711.54789038946 66100.54387739202 129185.41187249114 3873.914283548534
-9999.0 -9999.0 -9999.0 -9999.0 -9999.0 -9999.0 -9999.0 -9999.0 -9999.0 -9999.0 -9999.0 -9999.0 -9999.0 -9999.0 -9999.0 -9999.0 -9999.0 -9999.0 -9999.0 48621.23778939127 -9999.0 101779.58732205527 160131.98257888516 -9999.0 -9999.0 -9999.0 51654.461841315 647926.6552746642 1250350.6559166654 676557.8064793462 857225.486459366 676786.4445566838 1054880.9571901583 1622458.4902310476 1159863.4134559717 432434.24024064647 352881.47209925315 38008.20178881195 1206106.833256629 7729.269693549274 64925.785966508316 132106.29495375784 216924.70934087483 223921.3242125303 246295.38764797535 394749.01144806866 459297.819932687 444727.58519327786 418595.4448942711 197490.9824871212 291411.0153949827 319088.4729760084 361172.82980317215 291862.8280643388 192350.0265776214 314665.2809751476 218702.35300367698 243874.83184086432 37523.0417564288
-9999.0 -9999.0 -9999.0 -9999.0 -9999.0 -9999.0 -9999.0 -9999.0 -9999.0 -9999.0 -9999.0 -9999.0 -9999.0 -9999.0 -9999.0 -9999.0 -9999.0 -9999.0 -9999.0 -9999.0 -9999.0 -9999.0 -9999.0 -9999.0 -9999.0 -9999.0 -9999.0 164874.50100131708 534261.7241935605 777461.9310358175 490085.54648713535 429538.0150457398 644613.060760805 787661.4431210879 1046111.4273519054 1148866.5440924598 547785.8623924926 139385.83958151672 334498.9648428477 331113.2498027512 26159.593091685132 32487.43862246913 216103.32812034726 401693.7901874198 335518.27178817906 312019.83435601153 154655.60169946507 454057.252412545 460983.7798181709 498840.83085698483 442036.90925589495 242748.9836617035 410281.4846167824 299009.2452703861 711186.4582734117 709652.0630297416 438915.8462549473 424098.33016818983 109447.52603986234
-9999.0 -9999.0 -9999.0 -9999.0 -9999.0 -9999.0 -9999.0 -9999.0 -9999.0 -9999.0 -9999.0 -9999.0 -9999.0 -9999.0 -9999.0 -9999.0 -9999.0 -9999.0 -9999.0 -9999.0 -9999.0 -9999.0 -9999.0 -9999.0 -9999.0 -9999.0 -9999.0 -9999.0 472378.3682256075 1053247.173277006 557665.6745588436 375106.86812855274 578758.4288243406 962748.7870661814 1023991.3514490906 879520.2674533662 1123792.5847655286 86394.39851519029 234749.89270027576 339537.35363911325 390485.36768271524 315064.31428598444 180003.22033593085 318563.93922401936 370208.263187325 294712.4502188016 245681.79386629252 224238.0223896471 223178.3970164864 379705.79279715713 385450.5611018019 529967.364069919 778918.9675083879 615123.1842883584 715501.5720159088 649558.4858667422 710932.5115694395 629266.4341101312 424825.9842618061
-9999.0 -9999.0 -9999.0 -9999.0 -9999.0 -9999.0 -9999.0 -9999.0 -9999.0 -9999.0 -9999.0 -9999.0 -9999.0 -9999.0 -9999.0 -9999.0 -9999.0 -9999.0 -9999.0 -9999.0 -9999.0 -9999.0 -9999.0 -9999.0 -9999.0 -9999.0 -9999.0 -9999.0 645398.6315281393 1096738.169695015 755301.0634937277 452175.75014596 935938.9565937442 664229.629964406 1116310.480071058 296544.79016029584 94237.23769439061 58352.83083154931 684916.5365179471 319800.8588678597 397681.1570642571 381066.9989700653 249899.04125108593 163872.27492433108 135207.78545195577 174719.76849528696 123644.17763442344 118213.69574913316 203024.8464863808 402117.5788842758 802866.9141140337 687421.6441306641 844823.8650774597 874922.82366825 866270.640761 778674.2580892065 852131.05595025 636634.488160387 843138.8737011999
-9999.0 -9999.0 -9999.0 -9999.0 -9999.0 -9999.0 -9999.0 -9999.0 -9999.0 -9999.0 -9999.0 -9999.0 -9999.0 -9999.0 -9999.0 -9999.0 -9999.0 -9999.0 -9999.0 -9999.0 -9999.0 -9999.0 -9999.0 -9999.0 -9999.0 -9999.0 -9999.0 -9999.0 574753.2936915938 1187000.3430630814 638029.6327954396 567760.6631480347 485548.80348161794 149993.61157404186 563823.9575922642 76703.15073388933 165045.1086691678 473590.49390385806 281661.42427076853 436533.94853999186 498013.51938023797 365725.17802537663 215105.6827411498 185002.6606442295 166150.62719944384 456570.4936594702 217127.91041276048 446900.8802280612 545117.1096042163 533533.5590814932 687953.7308078959 808406.4019057173 1254573.0792466116 1232365.4981045 1243167.788837 1226540.278063 1235699.979627 1181114.6461171971 1129442.037580317
-9999.0 -9999.0 -9999.0 -9999.0 -9999.0 -9999.0 -9999.0 -9999.0 -9999.0 -9999.0 -9999.0 -9999.0 -9999.0 -9999.0 -9999.0 -9999.0 -9999.0 -9999.0 -9999.0 -9999.0 -9999.0 -9999.0 -9999.0 -9999.0 -9999.0 -9999.0 -9999.0 -9999.0 317309.2654223341 833432.9487505233 358173.2830848632 211857.50104740576 345940.30502991506 87887.95903680331 260347.49718860092 143017.22041346904 735657.6893388409 380278.2601247193 375946.215698935 377790.5712161141 353876.1250731522 237952.61541386237 225273.10904814283 213770.6910611705 244814.1916458194 289755.55873345834 608867.5365347316 759490.2974375496 751582.0343698355 711487.9188545162 1071497.6779673307 961583.830556576 1137053.127967525 1197628.342653678 1174208.966717905 1220479.581588 1234469.7218465 1226531.1751535 1165512.297290905
-9999.0 -9999.0 -9999.0 -9999.0 -9999.0 -9999.0 -9999.0 -9999.0 -9999.0 -9999.0 -9999.0 -9999.0 -9999.0 -9999.0 -9999.0 -9999.0 -9999.0 -9999.0 -9999.0 -9999.0 -9999.0 -9999.0 -9999.0 -9999.0 -9999.0 -9999.0 -9999.0 -9999.0 195019.20800298027 627023.929935944 90011.8865938601 269880.5397614175 248079.6471416686 251699.43383757834 87917.59692812647 662115.6600449721 229302.62963794352 310286.3030023331 219602.58413918433 212692.48342240555 244860.66250687934 254805.00951326548 435836.92244420026 766138.1975707515 802121.2901550521 1431340.2388934405 1029042.2715794962 476483.59570437076 915712.5999118864 906190.2082806284 974743.0064442604 1139923.799308525 1217597.1908238616 1228731.221054 1231594.5702545 1233248.0759965 1230973.593777 1215963.8086955 1209526.3826525
-9999.0 -9999.0 -9999.0 -9999.0 -9999.0 -9999.0 -9999.0 -9999.0 -9999.0 -9999.0 -9999.0 -9999.0 -9999.0 -9999.0 -9999.0 -9999.0 -9999.0 -9999.0 -9999.0 -9999.0 -9999.0 -9999.0 -9999.0 -9999.0 -9999.0 -9999.0 -9999.0 -9999.0 161417.6767100346 232798.95483151206 106111.01962353586 242820.5616183319 127156.88612594696 296938.3406709403 355293.13950965356 602359.1887735703 124520.61964769442 238174.68704239614 225777.37366163236 248241.96920566953 396949.65886854316 799302.1699537943 1252189.634493256 1483611.2725914 1322387.253188636 1515813.60792785 1489661.1228899595 534540.066627348 501459.8879577685 731073.2630093716 1162719.8313557776 1223351.4002285001 1227261.8686509999 1221026.5746495 1229929.743239 1212172.4172915 1219474.0983105 1211066.098202 1022576.1519118848
-9999.0 -9999.0 -9999.0 -9999.0 -9999.0 -9999.0 -9999.0 -9999.0 -9999.0 -9999.0 -9999.0 -9999.0 -9999.0 -9999.0 -9999.0 -9999.0 -9999.0 -9999.0 -9999.0 -9999.0 -9999.0 -9999.0 -9999.0 -9999.0 -9999.0 -9999.0 -9999.0 42799.542938425 101016.1983880155 438626.49355386454 93065.73376799264 464188.8775490379 147560.25528409227 725001.801039973 901342.2945824809 491166.80853259756 402388.89835402515 268805.6369663505 298121.9152748146 651072.1237826464 1247221.500791744 1500053.4147420349 1483711.6018229148 1328066.3242325506 1539623.3715560574 1553753.6532063591 1550323.2145225871 1411944.9105563294 1194214.5078140988 1193639.5658960512 1211044.8008340225 613689.1404453178 1245710.0203406697 1198106.986911 1223148.39109 1159239.5310865524 937168.7400759596 960072.8131240652 850845.8939034475
-9999.0 -9999.0 -9999.0 -9999.0 -9999.0 -9999.0 -9999.0 -9999.0 -9999.0 -9999.0 -9999.0 -9999.0 -9999.0 -9999.0 -9999.0 -9999.0 -9999.0 -9999.0 -9999.0 -9999.0 -9999.0 -9999.0 -9999.0 -9999.0 -9999.0 -9999.0 108112.52214074999 205752.42874740128 419143.17938045895 407445.2536994958 85081.82737131634 209631.57885264384 129679.5814656482 382752.70188153296 618953.6829706576 986803.5048669275 1003615.2764650552 610107.0692046275 667871.5114891984 1048100.7295384748 1456530.9003605063 1385515.5362682047 1357981.0660911512 1436499.7772303727 1539907.5576070426 1558995.198359 1548603.64386 1453099.1823261462 1281464.9305759044 1211926.1044689256 701291.789979043 1010491.8432109645 553756.0203911284 1447180.8044969998 1178562.215269165 1041373.1306219413 812986.9879552071 851345.4527656615 695683.3001674123
-9999.0 -9999.0 -9999.0 -9999.0 -9999.0 -9999.0 -9999.0 -9999.0 -9999.0 -9999.0 -9999.0 -9999.0 -9999.0 -9999.0 -9999.0 -9999.0 -9999.0 -9999.0 -9999.0 -9999.0 -9999.0 -9999.0 -9999.0 -9999.0 -9999.0 31289.701477176703 200477.25529996236 491516.8036303368 334415.7118522549 154705.16233098294 213928.3739981506 148157.92446041034 238327.400677646 482704.8871379344 599300.7988351093 692744.6115953922 1122880.2110303184 830961.1183547687 1261975.7259992259 1504726.40820915 1503760.6104198152 1250640.042839564 1542937.774529 1548434.315686283 1493525.0667182636 1554157.0371239998 1549475.8872719998 1522828.0592085 726154.355366493 662099.5272720066 614482.5046070525 1226295.0222396299 984468.2527516594 1068583.5256110984 1118902.342179303 1000944.0558784145 669321.6399973559 647146.6036580884 502701.8267303543
-9999.0 -9999.0 -9999.0 -9999.0 -9999.0 -9999.0 -9999.0 -9999.0 -9999.0 -9999.0 -9999.0 -9999.0 -9999.0 -9999.0 -9999.0 -9999.0 -9999.0 -9999.0 -9999.0 -9999.0 -9999.0 -9999.0 -9999.0 -9999.0 -9999.0 68795.94839232041 416422.4551419945 309339.8992991851 196557.47167549745 184828.32170283928 310801.914799549 165436.2845463796 883517.9924695888 742007.9432729026 661817.9921454517 755857.67152348 1069731.8628128213 1178215.2183995054 1145098.3420398817 1374490.7726660012 1374959.2984367113 1382843.559369148 1434779.5893864727 1483725.7899215 1480549.347454 1493071.4914819999 1486317.8744215 1471384.082291 1337245.1319838024 635309.5799087413 606769.5530042916 1192920.97773915 1204170.2721835 1115338.5804813171 1006462.0045148152 723851.3359379742 670750.3347362834 539811.5515263542 484052.29104046844
-9999.0 -9999.0 -9999.0 -9999.0 -9999.0 -9999.0 -9999.0 -9999.0 -9999.0 -9999.0 -9999.0 -9999.0 -9999.0 -9999.0 -9999.0 -9999.0 -9999.0 -9999.0 -9999.0 -9999.0 -9999.0 -9999.0 -9999.0 -9999.0 32352.98817582402 157143.39846360718 433235.47985437594 218594.25693715783 251828.63939416752 251482.7516773132 775069.6265720766 465797.78440590634 790875.4008467916 894260.1884616497 882752.3830182821 1039902.6741636859 1159450.4374378608 1180374.1845401525 1211925.174236265 1318497.5846594537 1337989.5853188788 1384479.9590449343 1469701.3642052212 1515871.818852 1527148.7092545 1251536.0975179998 1248344.5939215 1485206.627188 1477959.8180265 1338383.3688020597 1170471.5081720063 1029751.3967898791 1235217.08317 919223.6296563093 788966.7891696937 737398.9572804723 700621.6782966163 539960.3877762118 961172.3658590628
-9999.0 590.9237364201014 -9999.0 -9999.0 -9999.0 -9999.0 -9999.0 -9999.0 -9999.0 -9999.0 -9999.0 -9999.0 -9999.0 -9999.0 -9999.0 -9999.0 -9999.0 -9999.0 -9999.0 -9999.0 -9999.0 -9999.0 634.9180724150766 31428.69325459179 102677.72438115969 813749.7860105829 422755.17650507344 15533.445437375482 200514.7466410893 958076.89916919 1225978.2056731805 1168159.156837807 1192331.046193837 1258661.0637563546 1022606.4995929189 1028409.8882375538 1178667.5609539498 1215600.55629015 1380118.6261841005 1403314.1376274999 1235709.1346795002 1295050.5604573502 1520656.6669078951 1503051.163183 1507865.907431 1246005.946061 1241158.5199795 1440811.1078205 1419028.1465784176 1296828.6473476684 1387449.7862263317 957784.7706638551 921821.472555412 829014.3304611059 806408.2686896484 780527.9264529062 779078.2641933841 819215.4876919765 923112.5877154648
0.0 -9999.0 1143.5922714577055 -9999.0 -9999.0 -9999.0 -9999.0 -9999.0 -9999.0 -9999.0 -9999.0 -9999.0 -9999.0 -9999.0 -9999.0 -9999.0 -9999.0 -9999.0 -9999.0 -9999.0 -9999.0 -9999.0 8582.479731943336 705714.3584633959 459134.3510109033 1063547.5536725395 46827.58693057444 151692.43706509733 1053108.578515578 849598.7995626753 1357820.605089305 1356658.661777151 1354138.9404739027 1278800.754687126 1330914.0388768048 1039938.4972820369 1372041.9699056144 1238554.4006777876 1368018.8361237338 1372364.4261929968 1383898.0373562388 1199365.121839826 1511108.9942319999 1245533.1605395 1256605.2068215 1491325.5005705 1489461.7396885 1455970.0300485 1246171.0259260053 1158045.753386002 1112129.120415721 883387.9175019208 1034737.1288596098 1004062.9905862184 1150342.138410776 1163659.8000008187 1259439.5828324556 1233780.1443433817 855054.6269628123
0.0 0.0 -9999.0 -9999.0 -9999.0 -9999.0 -9999.0 -9999.0 -9999.0 -9999.0 -9999.0 -9999.0 -9999.0 -9999.0 -9999.0 -9999.0 -9999.0 -9999.0 -9999.0 -9999.0 -9999.0 -9999.0 39620.725224699396 328660.56323968305 353921.54490631167 243933.47476602762 112165.70542304983 694611.8131449297 1061034.5942600814 1057972.7394366278 1289850.241793161 1259832.1695860662 1343634.3714402067 818451.3143786346 1046648.466902288 1130136.1936840115 1253721.7570169277 1199441.2350125017 1132886.8223826226 1311308.0473007136 1404174.3107955 1348980.355911908 1477776.514427252 1445841.5006681122 1235158.5863784999 1233311.05646633 1456610.501362 1312957.1319230155 1082859.6630010158 1050999.550901398 1033955.5107387832 1022113.2227353433 939119.3889204236 907962.874659193 757489.2468868019 1104818.4270483651 926137.084345134 731788.0434141592 668388.4868208405
0.0 0.0 0.0 727.9344054179105 8736.92274999714 -9999.0 -9999.0 -9999.0 -9999.0 -9999.0 -9999.0 -9999.0 -9999.0 -9999.0 -9999.0 -9999.0 -9999.0 -9999.0 -9999.0 -9999.0 -9999.0 0.0012633904058001611 26055.321626382276 241754.14445776728 531994.0612388761 80252.86097859104 187330.30864716813 870074.7665281728 1330762.2191223816 1149089.3540899497 1231955.8540081286 1362010.525041125 1182233.4304570488 1077755.8107926503 1029537.2980571043 1060840.2491276148 1126854.6293335082 1254009.3309800483 1293234.9073340432 1317313.4571877744 1395744.8109044998 1393738.103361 1412765.32712245 1368578.2611903918 1419750.055489 1185048.2717889 1207846.6293985 1378324.73232303 1332021.84717765 1425796.79816165 1049231.7833178185 979142.6941069718 954630.5320226906 1007271.382140028 997232.8490290107 1014710.8718463966 454536.6957523731 407116.42874596064 907808.9992943488
