critload/trunk/output/1999/ngw_ag_rec.asc
ncols 720
nrows 360
xllcorner -180
yllcorner -90
cellsize 0.5
NODATA_value -9999
[rows 84 to 111 of 360, columns 558 to 619 of 720]
5719.643686192143 9144.741392587232 7340.118515044917 7612.442085968675 13069.077116538234 6171.295914171553 0.0 0.0 0.0 0.0 0.0 0.0 0.0 0.0 0.0 2788.7641938184915 5832.8686681360305 162.26209635138775 0.0 0.0 8648.247948981862 0.0 0.0 0.0 0.0 0.0 0.0 0.0 0.0 0.0 0.0 0.0 0.0 0.0 0.0 0.0 0.0 0.0 0.0 0.0 2995.990772639338 35268.37888422886 84591.93983686388 73238.37605762263 44653.23913003476 24.4321702567471 849.6277055898702 45810.10072772295 151376.8239881384 26245.67908056411 20747.268363077914 3449.457787524416 27139.614240267223 7141.274955185609 5209.298368634487 30885.95648006909 20601.175596371646 181.88327085396276 5661.423633201047 16698.617057116393 11300.997105556176 0.0
0.0 10018.277743824568 3504.2714852230406 27695.026005050328 7021.798693262661 9213.316910643493 5579.653226708591 7071.066457806702 3236.6351794395905 7325.504614621195 0.0 0.0 0.0 0.0 0.0 0.0 0.0 0.0 0.0 0.0 0.0 0.0 0.0 0.0 0.0 0.0 0.0 0.0 0.0 0.0 0.0 0.0 0.0 0.0 0.0 0.0 0.0 0.0 0.0 0.0 1385.2482103688262 15107.876505130629 109114.88664162159 65239.76144642181 32.14810350162401 42.497740506100236 1059.6541317555586 107754.9253622176 9229.741066013421 7825.581589524811 220.0009933980979 12876.373450237968 3.3931260006011703 12713.662182850769 33940.45055071204 11800.001820617119 9876.349579172454 4236.989241103452 6471.924044044135 3890.674979008569 2191.6145195294084 862.3027999398369
0.0 0.0 25992.235367971836 34967.93116374478 1607.996815058926 2445.086126164807 26666.009148735295 5979.888102528778 8040.270547663732 220.30286672795987 0.0 0.0 0.0 0.0 0.0 0.0 0.0 0.0 0.0 0.0 0.0 0.0 0.0 0.0 0.0 0.0 0.0 0.0 0.0 0.0 0.0 0.0 0.0 0.0 0.0 0.0 0.0 0.0 0.0 0.06603562697438406 196.62245670991794 911.2188878952289 87540.86095491094 19.43212074124278 0.0 0.0 0.0 16539.3582458994 4385.437518492227 2230.0314167765623 4351.332789053113 629.8584428893282 151.25974101379876 9.92849898395218 894.1732360014597 4652.712320555322 10768.884078697503 61513.56927306749 5601.64923917644 1670.3406698698177 7831.134529418706 7351.396385944565
0.0 0.0 0.0 4356.138113100849 0.0 11.3994172949217 115.90734339277276 0.0 0.0 0.0 0.0 0.0 1743.9837652332358 0.0 0.0 0.0 0.0 0.0 0.0 0.0 0.0 0.0 0.0 0.0 0.0 0.0 0.0 0.0 0.0 0.0 0.0 0.0 0.0 0.0 0.0 0.0 0.0 0.0 0.0 98.71941012921435 68.81684434279279 4496.098067242105 29006.74143083167 8203.752629655603 0.0 0.0 55585.875102478945 6036.3614143319355 4750.453115234081 128.99124668097812 81.20229464917323 9842.514425636116 2829.544202113732 28.982590267127282 1161.228508447577 28800.020952114923 22726.51133364781 54340.23525208108 2189.5210349719523 27269.7491266667 8511.420898729531 11406.660638665715
0.0 0.0 0.0 0.0 0.0 0.0 0.0 0.0 55.49777184528284 665.4087172642996 0.0 12.274065076595024 0.0 0.0 0.0 0.0 0.0 45.42997546001386 0.0 0.0 0.0 0.0 0.0 0.0 0.0 0.0 0.0 0.0 0.0 0.0 0.0 0.0 0.0 0.0 0.0 0.0 0.0 0.0 0.0 83.2505288914103 333.56306423711743 26741.243045999403 55196.97353316542 68013.4723365951 0.0 45866.18563599329 89207.47589579651 10730.023894807335 5114.662268287541 14089.025083230907 8072.288251285792 3924.431693604202 60.59262562144382 9349.629565948233 10313.149643557414 42955.604203634284 194799.50082456126 112831.15473041408 119184.48699011083 13444.742733202751 18690.519299270563 13792.156085897017
193.9896385119001 0.0 32.63419373385216 0.0 0.0 0.0 0.0 0.0 0.0 0.0 0.0 0.0 0.0 0.0 0.0 0.0 0.0 0.0 2.855896730699447e-07 0.0 0.0 0.0 0.0 0.0 0.0 0.0 0.0 0.0 0.0 0.0 0.0 0.0 0.0 0.0 0.0 0.0 0.0 0.0 16.461651521200857 1112.5785290665926 16230.680359303284 52870.20961180474 32019.755204582478 74125.94436576273 35945.083702029246 2951.1757674183527 1303.0262074754096 9026.282498806442 3081.4542043378606 7407.390554483614 13337.825736323013 4659.907999016979 14540.445270867824 15812.947297064107 34715.050476383665 55539.473917994976 33848.56055693516 84964.06567054454 3616.117687501011 24690.69860010308 13024.812424744363 44992.60762118847
0.0 0.0033083137585450725 905.3934250911701 838.1528272540337 1025.2411366687013 1874.0225195085316 0.009808862846779825 0.0 0.0 0.0 0.0 0.0 0.0 0.0 0.0 0.0 0.0 0.0 0.0 0.0 0.0 0.0 0.0 0.0 0.0 0.0 0.0 0.0 0.0 0.0 0.0 0.0 0.0 0.0 0.0 0.0 0.0 214.03422542976844 17.14224831211004 7403.225327122454 18107.85483639432 31721.71432324026 48807.676620800245 71384.16220290358 3009.949979049184 237.70582104119717 0.0 1572.145805050681 3131.678727337923 7292.907832329864 6404.031473776525 11761.795168633049 6490.408410200091 16973.951498749622 26883.344875692997 57850.645253526964 80038.94716543757 9130.821584034822 813.7224413929426 116169.4302715557 202297.64816284264 207290.28253283614
0.0 360.1872382306367 0.0 22.117810519297567 149.80731220618821 0.0 0.0 0.0 0.0 0.0 0.0 0.0 0.0 0.0 0.0 0.0 0.0 0.0 0.0 0.0 0.0 0.0 0.0 0.0 0.0 0.0 0.0 0.0 0.0 0.0 0.0 0.0 0.0 0.0 0.0 0.0 0.0 35.72326439354376 10549.971437968568 4153.475581725575 32692.267754024535 13143.399540628518 813.619057994002 0.0 0.0 467.60939055095025 1582.9949068813376 0.0 1730.3847576910855 2092.888639400133 0.0 6473.734388648374 45255.91014963854 106046.80313561104 68718.23389210636 148962.64920424434 70.45075120766627 36697.37782114425 75434.3151360176 7589.991157820468 19413.5032543711 12566.337177966674
0.0 0.0 0.0 4.494510934313984 2.1595700281440948e-05 0.001118500447213943 0.0 0.0 0.4667449462833935 44.613034892104295 0.0 0.0 0.04992157993044788 0.0 0.0 0.0 0.0 14.872887371608995 0.0 0.03831912224232837 0.0 0.0 0.0 0.0 0.0 0.0 0.0 0.0 0.0 0.0 0.0 0.0 0.0 0.0 0.0 0.0 20347.53243086908 5391.064318387066 48528.00132248608 34642.576109572816 36822.24319897412 0.0 4252.611866157012 0.0 0.0 0.0 11745.1309572748 3077.4502206978245 6938.30846164571 7277.248145409294 60137.296507176485 63076.21180207163 179643.6216184876 259525.2680957295 349929.9991381714 29256.026796301987 38829.28782313164 7528.0439184423885 307883.2593600653 5266.8466366426155 53467.67953366844 21954.165966875447
0.0 2.781508511100857 0.0 3.7576147105029483 0.0 0.0 0.0 0.0 0.0 0.0 5.641538368271647 0.0 0.0 0.0 0.0 0.0 0.0 4.5153258385831273e-10 0.0 0.0 0.0 0.0 0.0 0.0 0.0 0.0 0.0 0.0 0.0 0.0 0.0 0.0 0.0 0.0 0.0 0.0 12353.768780565539 3074.85082858324 47.172701681688274 0.49011603556575634 0.0 112.64748414932991 0.0 0.0 0.0 522.1996166554575 202.99293544612522 0.0 0.0 11.212239260631343 40856.99365067697 240087.19728321373 350046.22401953285 476109.0001681772 747336.378696992 627674.1728297282 76753.05789228971 5589.307743784872 33313.87880833823 4725.189845145102 1095.7700765557533 71758.41189570782
0.0 0.0 1.0162695553183625e-06 4.120298608453419e-06 8.782348202140847 18.579748750045358 14.65325373036151 14.934979528211882 0.0 6.286228628561713e-14 0.0 0.02692154251114086 0.0 0.0 0.0 0.0 6.777758274191911 161.53799952559274 23.0143919943044 15.094920592991157 22.14822920093122 0.0 0.0 0.0 0.0 0.0 0.0 0.0 0.0 0.0 0.0 0.0 0.0 0.0 0.0 0.0 17922.32612483514 31736.145097002875 2894.1927630957175 0.0 5492.055661282025 796.4592528350861 0.0 533.5431693094035 0.0 2745.4847020171155 26.058493435945454 2307.3084990856955 7143.165032408661 208.99448470706932 220594.74394741005 864733.3841219671 1409346.5694588677 443952.1794837339 19264.600747272245 117628.15751949104 21609.143940344697 10268.13735373585 153382.48869720454 14858.766183846688 241644.7395982056 52799.95825804456
0.0 0.0 0.0 0.0 0.0 0.0 25.33249745564992 0.0 24.99479976011371 18.93442458446817 0.0 0.0 0.0 0.0 0.0 0.0 20.1271318859165 0.0 0.0 0.0 1.5657110829226692e-05 0.0 0.0 0.0 0.0 0.0 0.0 0.0 0.0 0.0 82.03509084675783 0.0 0.0 179.0235443410649 700.4591719381967 97.50564486808072 24934.1387770834 48480.92093356566 125400.72216328714 54893.607711314944 53685.998018563776 72435.05794477866 4080.3766281082644 1311.9136183584058 140.60666128171192 12100.486131414184 1691.0890520213725 3045.3106163811713 13278.18166963195 107937.5640383212 499223.0002083766 382569.5725216386 654110.3694944816 909216.3554184698 243988.7755053737 262142.33191875461 601383.9834952181 941735.4139775038 310344.8516100028 47107.3899717757 39468.47991769283 13320.335910057776
0.0 0.0 0.0 0.4102131568881457 0.0 0.0 0.0 0.12498022594777126 18.027403822764935 10.454166489086388 46.984623625257925 29.448709759303604 0.0 0.0007588589521161428 0.0 0.0 15.046706337999826 36.66455637050408 0.0 0.0 0.0 648.8322735725474 0.0 0.0 0.0 0.0 0.0 0.0 22.899109288602112 0.0 0.0 16.11219642473693 128.98364119049546 1589.48209574174 30668.371619713344 16459.244901071488 48698.7460265732 48905.5730307903 107875.21079457809 161355.42627764327 31828.91784395503 54204.77466976305 67231.40764719131 7179.268236820368 26800.9588190507 158763.78902123685 18.661280556041135 22457.699411090045 53718.511144552824 434047.69041511253 313891.9251003865 169848.77454620678 201913.0783426546 256566.44042308364 241132.82125960203 60778.81438347211 155331.43875598695 835551.6962808487 124738.03426776633 57089.66388531025 29533.270900891188 14724.032189686046
0.0 0.0 2.299712185585739e-06 0.0 0.0 0.0 0.0 0.0 0.0 0.0 0.0 0.0 0.0 0.0 0.0 0.0 773.5066146245869 2434.898065430291 1314.4319709809968 0.0 0.0 42994.31492999007 73576.09916012995 34551.767233758575 40500.2581707653 27256.568883911656 30777.474310915135 33928.182697897544 1379.941325967283 0.0 0.0 2344.1910108228394 63792.216545710646 128638.82287666043 21113.51444920258 103418.73344876457 98260.21664849207 90401.70131297837 59301.71935832359 282498.32955481386 348741.51131865743 252148.66979989575 65495.11433337789 174948.22018023042 17047.51969185042 53585.724988254624 23057.910685050127 45906.61071672061 489632.69150342507 257027.80982603924 268620.5863471803 176615.4199784735 80440.28932035416 60687.94242605526 50337.89413274443 0.0 0.0 0.0 56707.69722285243 0.0 35607.38060771288 13234.454552524923
0.0 0.0 0.0 7.731565326536417 0.0 0.0 0.0 0.0 0.0 0.0 0.0 0.0 0.0 0.0 1.9185996068524048e-08 2.0603869883636095 26.989893444968423 13.400671998703992 42.93344183712252 0.0 1176.645332667983 1168.4804277847259 15631.650556264975 26776.67446648208 63461.55471877207 97718.90012639288 29819.660909499216 0.0 0.0 14320.691051253729 34806.500681997815 19014.514039795115 240335.6819826553 228793.67622701175 20898.91299442558 11950.731456957947 94557.41694956704 113175.11262098649 169358.56678836845 227587.02913341028 277431.2571265281 216307.03828099734 414826.9919845872 36053.64816091964 10412.472470335302 8461.846555234364 109909.2763920301 479411.6191305044 171787.32553947618 208405.11493210052 420282.6852054162 198993.23113711254 146081.4359219189 20177.449602630135 0.0 41160.17803418855 0.0 0.0 0.0 63203.147168050695 182233.8081524453 0.0
0.0 28.130941888944232 0.0 0.0 0.0 0.0 0.0 0.0 0.0 0.0 0.0 0.0 0.0 1.7137783933098969e-10 0.0019296635176510738 2.467661729801417 198.21503977880735 0.0 0.0 0.0 16.938333672302342 2.075101211797663 0.0 11.744081276115523 12280.460654790772 0.0 0.0 25301.587794660056 43087.15853100256 58042.88212062634 32241.02820058592 76749.86317104424 142100.7723197058 72821.1238589403 301826.5895797722 154585.6399749052 94223.2192275451 172205.2510235659 215302.96284617952 244693.27799932045 241524.20487794836 102644.3745055112 130073.92236093503 17.657194103822313 -9999.0 0.0 177256.47486780147 91063.76618163454 308261.441380278 222937.91243950647 430869.75993254344 255647.78199744038 10903.855630187332 44807.90285122503 36965.289167552226 0.0 76539.3181235521 265198.337355721 362726.57275973674 191791.64375949366 -9999.0 -9999.0
0.0 0.0 0.0 0.0 0.0 0.0 0.0 0.0 0.0 0.0 0.0 8.995109297041454e-07 0.0 0.0 5.449669732840867 347.7233566328149 195.90239203679383 0.0 0.0 1495.4868821912107 0.0 3.523775479559229 0.0 66.61308850806273 0.0 0.0 0.0 60884.046964094 59115.57648963491 72688.52120506368 187849.48310761794 260532.68896698733 50328.707859792376 210821.72323495868 97445.63902646027 10019.29279563007 1959.1156926174347 11649.541336082499 144470.1953995697 49306.29674901061 118841.56389884118 11070.503409350325 -9999.0 -9999.0 8867.232178405578 206220.62931173274 571701.3620716102 428336.0814449442 356975.40229902015 189068.38683529434 0.0 659080.2152316665 1053838.2069448913 1110252.386513942 94468.58666181167 0.0 694999.0617174193 176247.2562852736 -9999.0 -9999.0 -9999.0 -9999.0
278.5685356271137 69.59553221755704 2493.9221051116956 0.0 0.0 0.0 0.0 0.0 0.0 0.0 0.0 0.0 0.0 12.125229241029723 233.16101326686945 232.4444304130435 786.1004568153535 492.7589310198257 2325.9677471914842 0.0 0.0 0.0 0.0 0.0 0.0 130889.36002283348 5962.014597484751 92788.04321330467 98704.13372713189 251605.60403374073 191465.9977442023 245932.88668478574 254418.9409289841 147431.27901655348 10618.876242722523 3721.752745973736 5409.9434793074015 4984.347691942666 25241.288172959354 16041.934979745742 747.3105189368661 -9999.0 -9999.0 -9999.0 16313.784766275741 195964.50558091083 209705.23299499037 -9999.0 -9999.0 -9999.0 -9999.0 -9999.0 585254.2284746664 1246805.4523035253 253871.42577974504 0.0 689629.4225124867 302683.264390066 -9999.0 -9999.0 -9999.0 -9999.0
0.0 2820.2685823075476 41876.86575116559 560.3327089428183 16.78566794295081 646.0449004674427 64.88974727992137 357.1988025555082 0.0 0.0 9.958574999930374e-06 0.0 0.0 392.7752013584308 766.2123643751207 1351.5435339684652 127.44841718180136 1187.3648674573983 3.939812411833965 0.0 0.0 0.0 6027.674951457059 0.0 5152.6803497209885 109186.95606224089 247052.55029602678 132462.15711886017 301135.14489236026 24616.392156288992 57614.51307131399 94479.13279926723 127280.72538090052 23835.31877528396 14284.933807603036 0.0 124.95891154129977 13889.946437663642 -9999.0 -9999.0 -9999.0 -9999.0 -9999.0 -9999.0 179843.76318594022 12794.184544690646 -9999.0 -9999.0 -9999.0 -9999.0 -9999.0 -9999.0 1381406.094104378 2158584.2253052783 119426.40393703748 337658.6593100728 97824.5208551924 268970.28471617785 215329.22425298113 -9999.0 -9999.0 -9999.0
0.0 0.0 1636.0657665505587 25582.987868382057 9197.772053950199 3359.4280150599584 2436.7857019897933 292.5345923969498 397.3105287131892 63.1102811439124 91.84380414350822 18.53744816083435 5.435667342811707e-11 267.8401317739591 1333.0561085237466 179.84203280904592 0.0 0.0 0.0 0.0 0.0 5931.19665108956 0.0 0.0 8186.979320961935 46840.33717674226 159256.43605954884 105527.45565751489 133239.01757661303 308581.960409173 218087.62043978492 77490.6691056186 18170.633536208603 3175.004617961484 1417.5052239370875 1552.9773659319496 429.3712873600238 53219.009076727685 25093.383855883923 25051.043996611847 -9999.0 -9999.0 -9999.0 -9999.0 -9999.0 -9999.0 -9999.0 -9999.0 -9999.0 -9999.0 -9999.0 304001.31376817735 1857613.0717361125 1228454.3311424004 1226432.6173444993 753319.8122176667 548803.5863497743 0.0 267124.69835737976 2224492.7009189175 -9999.0 -9999.0
0.0 0.0 1697.4301021075773 2804.4892117469212 39990.16387854151 39408.35806267954 57414.20394211845 114789.45963831204 6033.846486548073 11048.932489314215 1970.3233209068062 3791.5510265110647 4448.204033756685 2749.2064783809546 1768.1375404456742 0.0 5793.098396216869 9.12557303685367 0.0 0.0 0.0 2.1948888142124354 0.0 0.0 5359.283145151721 130018.08024015502 145965.47459092943 73297.65118723511 168897.67839822677 255845.91393383854 14568.391258739828 18961.614824338634 14434.547844556611 924.1207658921472 0.0 2056.58114778404 6030.28451055407 6083.210638839663 1681.2232838852021 9641.389683981799 -9999.0 -9999.0 224747.8200911613 499568.0442835843 256097.07303725384 -9999.0 -9999 -9999.0 -9999.0 -9999.0 -9999.0 -9999 903420.8374396833 941360.4819373464 978562.0830110556 8606698.85866725 836416.8157450178 0.0 0.0 1371367.1269075186 184976.0457824285 -9999.0
0.0 0.0 0.0 24791.55370738692 182726.05394880657 139514.4006169684 61504.78115073185 103927.05988491564 54321.083175803644 31821.2843204947 25649.28428584925 19362.54884094088 13728.890576709719 2060.895973041109 22841.81332379086 22405.81129291517 0.0 0.0 0.0 0.0 0.8311800555709 0.0 0.0 0.0 83275.43177795089 43288.94435234426 65247.13671487988 317123.40370672144 205894.56892628226 108400.05651154969 249795.5321085091 54326.58403213468 2689.4798930387137 3328.4077227521266 22475.10148791603 22213.617979182192 19006.354987602917 59980.84496770276 20150.59850664685 71927.10684257932 99232.06470838333 58353.81770324615 758633.8903096789 545857.63238182 33271.50949857992 49404.20773084271 145282.55650274566 54857.843216079236 -9999.0 -9999.0 -9999.0 -9999.0 -9999.0 -9999.0 -9999.0 5857492.897989326 3853540.056372943 1399692.561361308 338414.083852861 0.0 1072499.3418574897 -9999.0
3579.8082651115565 0.0 0.0 0.0 59035.17117323103 11902.47823271373 40020.68664603445 419.76611519038795 23991.041430585625 3760.6228313231804 13410.782825737364 22369.834425571837 55466.66550882436 43026.012766786575 0.0 0.0 0.0 0.0 0.0 904.8945430651413 19052.964982989102 4.838662861284811 0.0 73893.016956166 157231.46922354467 74074.69457189694 116629.52926103932 210818.51903716684 9542.944415304875 196790.06187802996 447626.44851920765 140394.62648986277 81912.09308854051 15501.843062093834 3319.2015932746694 25750.920657008235 259130.81471381948 206057.13802687882 151544.88693207863 137767.1878714304 76949.42896542873 34159.44552390314 92678.36791817473 1186515.1364004794 157186.92577817713 169560.0390405059 66983.15191979536 -9999.0 -9999.0 -9999.0 -9999.0 -9999.0 -9999.0 -9999.0 6377683.827042833 9547552.2457485 4487322.713803143 1009591.001021739 1122971.7372883935 1598117.0324273035 752505.8150564872 -9999.0
14077.897309504237 37645.14715789154 80097.01170842978 20835.0744819528 70733.54763828445 62401.898878014516 65461.366856747314 110721.73456297374 15003.031991983567 1510.9609483226802 3154.434579180981 6104.9467029254765 12329.927243528533 528.1250066877135 71467.11260615315 0.0 0.0 0.0 34396.565007723926 22235.954948165938 27662.844448206764 37110.76533386218 5612.510476182417 214984.665378121 140226.1951864199 127241.87299690783 96660.43944754478 370197.4232938418 186561.9526847019 563191.6083946694 224451.07452642362 211741.51780220724 342347.0737666456 53686.165916906524 28683.216252518123 66891.56183092848 662394.399088015 944106.1939797491 228.4498861407007 53.905413173829466 91987.27190188825 177459.12999347167 157020.0548168642 24282.71531042989 -9999.0 -9999.0 -9999.0 -9999.0 -9999.0 -9999.0 -9999.0 -9999.0 -9999.0 -9999.0 256416.75546258473 3471525.9613585095 3579367.9951365986 0.0 971680.5852327535 383978.8245690736 675463.2773859606 0.0
9852.293768754293 118743.43761874223 56491.0849283673 51528.3344509253 94631.16983439609 204734.05767469155 60441.71196386604 80718.11809220823 62757.25970371045 24037.95856154052 21258.325086635607 0.0 52579.98033450407 94681.28060743671 243397.1290465792 44793.79305887515 55.49136577424954 51036.054831089095 18857.369313702617 3645.41508479964 80984.29782147893 121006.48191946253 37167.40565581118 190713.26254972484 151571.21992642453 136054.81923594326 258265.09904821537 542661.8272943087 265643.33302987955 392085.4868984677 362700.1968152646 40624.5515563614 87342.19845912654 63818.681450769196 47924.15429663987 324130.05322298774 307887.91953536734 183870.91013804244 301913.04396796215 104800.3545192014 131.98156754063635 48693.2177240593 8497.223397085574 -9999.0 -9999.0 -9999.0 -9999.0 -9999.0 -9999.0 -9999.0 -9999.0 -9999.0 -9999.0 -9999.0 -9999.0 7731819.737329433 1523206.9224300333 0.0 2397849.792952371 2126909.4956430574 1649121.6601798872 0.0
103983.97030440895 67607.58820527102 48.008299486722656 88.07503123922736 949.7439626452042 358736.2184305882 8326.364293316381 178052.8119971387 225265.3529241462 185645.94032125792 0.7304449427777729 123199.99106179817 70292.84563860527 70570.82833204958 111981.62900487677 1257.7286968841759 196436.9195580914 62045.6994460332 8455.897395266285 27145.501392065853 87002.53350171084 62220.24067745379 55144.533149154064 243968.9145886244 166471.1818397279 91851.96154209798 106778.25473530423 142967.15864583795 442037.6790195063 390184.49869706895 94165.90952933909 33366.11591125372 93629.4743647657 11159.572117639222 20315.80168569368 195490.37815304153 524305.4457523256 81632.57949752931 240896.83391619337 711353.9284772044 481789.1818013095 5886.995077567791 -9999.0 -9999.0 -9999.0 -9999.0 -9999.0 -9999.0 -9999.0 -9999.0 -9999.0 -9999.0 -9999.0 -9999.0 3278233.8971088175 2081849.0930348819 324024.34308775945 213179.52489615662 4325546.472826859 1383030.8852697369 2379611.5151916198 -9999.0
0.0 19867.278280577942 15519.132294687846 92383.62362715707 534.0064005728133 320506.4164708446 4106.820213499851 9353.103896448813 9161.966041457985 1134.5275422993443 169511.36558423747 41217.262276733185 173792.1347462527 28507.197270042972 12878.592722241263 87887.68417418814 186220.25969718545 54651.909500074136 158929.14123139606 241794.37686817444 393704.4428175301 158487.7480827005 38755.048667675605 375224.16699904966 191098.79630456018 297049.3071582723 97315.4962966771 452085.82514142274 399489.33914347365 133676.26534042318 146130.15153420332 167955.02379110255 13333.426193413528 620.8338331110635 24186.015452184725 120847.81549800202 89450.40245530927 412872.62551415287 87075.26453720951 366995.17011918896 103816.26747692401 0.0 -9999.0 -9999.0 -9999.0 -9999.0 -9999.0 -9999.0 -9999.0 -9999.0 -9999.0 -9999.0 -9999.0 -9999.0 7031559.706605571 2193622.3823084123 2626947.0894722776 2970965.89033506 1054118.5517686275 442714.19669000735 616407.907476639 -9999.0
0.0 6893.447122186536 82297.34440009017 68101.10646873243 73975.86713926528 207889.61534907305 34887.981979592616 13931.6675785778 93441.64195083942 161581.06971714276 233093.74407136705 55557.03438115194 553322.3104431829 287650.9232241668 318634.7381881326 27469.90746121545 727396.869279599 633096.1447690459 739903.1541105364 677685.3621940032 666007.6564536699 175288.34515230366 628116.3444911116 3379.0021225939813 718156.9198830338 659062.627850388 817303.8344801293 849541.1841883824 480518.6447831079 554674.1876495538 224688.70764397155 291683.48184152937 86437.82241148928 83666.13095462657 67363.53345548427 243883.92873156813 230364.4191969845 210354.57472458723 234388.26509922885 189049.69868703422 130761.1000431364 340958.04341572046 199366.4006535676 -9999.0 -9999.0 -9999.0 -9999.0 -9999.0 -9999.0 -9999.0 -9999.0 -9999.0 -9999.0 -9999.0 1477552.1542201706 3235299.6468294756 -9999 -9999.0 -9999.0 -9999.0 2614794.796098 -9999.0
