critload/trunk/output/1999/ngw_nat_rec.asc
ncols 720
nrows 360
xllcorner -180
yllcorner -90
cellsize 0.5
NODATA_value -9999
[rows 130 to 155 of 360, columns 531 to 589 of 720]
50154.63020261696 20197.53399193474 0.0 45592.6617769026 19142.537440527063 6704.59897787041 0.0 164137.1176337086 41832.38927220162 0.0 146740.9901987721 172110.14919106543 84256.05084106499 0.04765745531325 78053.80050014688 484220.93936128565 224259.60272861779 225702.32657079605 338902.8168197417 353166.6810080401 550525.9121078723 861508.60056264 834972.9460748945 407510.3893225817 526121.4680364894 334872.7931113394 247838.37037605594 55017.91452928094 88547.64024534587 120103.36231486993 186814.73945403175 211905.47774741563 198308.64569524856 140376.3708945636 217723.57706621548 49448.951666074594 17385.630792162574 247221.96326877613 278975.5530390415 259886.68195947487 427575.7810969137 458795.0812686823 378905.91275466065 392490.09821593895 453827.1899671579 297597.9116675949 169225.64363036404 111103.40589387028 238596.1794796371 211749.88375946588 247821.01162854835 250736.0113182986 416044.6693558532 760287.5916483126 717671.6137132462 599689.063767709 428627.60098964174 390842.5287370811 224311.0957193136
88903.44765639635 22142.963497584922 61781.14917216092 109470.77987708719 13117.841089121048 0.0 0.0 186620.14564804186 54631.781549631225 0.0 0.01449685080164468 24265.02744045384 282457.88701551413 343110.45718200156 916540.6333979603 578419.1028825834 408262.22167306085 242608.49948864157 232149.92621862495 531762.4977083185 791691.0727836881 527134.3866943409 633669.9505811317 340358.3647290007 430792.01905237616 385007.24185382127 215527.4938335828 201707.19420252187 155330.705368126 138130.86041653916 112802.47313317594 237732.17996890223 161308.05250570347 248879.3752922498 85392.46200230619 30943.523194493573 69305.71505803587 148031.52340349654 255351.90821789225 384110.35204590857 324288.9974683321 466360.604483901 226341.4894827183 99181.04539209763 236888.31351658775 241407.68498528717 45501.50685486602 66614.08159485048 5701.701450550355 212655.37617665261 283932.8039632728 196102.6231486828 374642.59218701255 545500.6684374845 360694.6195842355 453221.7707051021 248534.16033426634 414250.63689907343 383531.8506065481
198101.00312164353 68001.66266606425 71466.47228095886 46684.05960287887 0.014557888313920644 0.01738029773326933 66949.53531658938 0.0 29168.627100180052 123186.5623747752 10091.159945367055 21283.08863620846 512113.00854351744 629603.681957929 816399.5059783051 664617.9518083951 585758.6218214693 295562.89404987724 325040.27469098323 323800.1596936749 317147.81445624225 239038.96096361024 336789.5761890436 425426.64719171793 461464.1437881944 547699.6176890791 277787.8243804213 260899.40611227523 254423.56431706072 291260.2074112853 189370.0076460068 349480.4127509053 236640.74690927277 101020.5757313695 90932.5461224469 35013.086066501084 19441.82478348131 54302.243578027344 46685.90937619725 83459.92880836545 152532.42713283727 333750.26702075807 185716.04640245627 81293.49427467577 114682.46214131781 182340.0299566018 99771.8960082548 26113.40358072007 153848.70958952155 181181.55109800262 233764.94208337564 115470.67417429278 306297.4201716508 228952.64203224608 321626.730154191 152894.86011924857 253359.34401409706 412552.3184667032 210634.70950391353
401770.53480588493 284119.74922656623 118851.33567972595 38467.813428234644 0.01985885417757255 0.0 0.01657511669220478 19495.95270432788 32575.171733183164 9214.134708503725 30215.543463306694 31301.4703002055 246268.68277921996 296522.1642745653 676776.9784888912 648709.4208717437 659606.0952521851 343784.54554978467 313177.13253875985 370978.08443195885 197183.7209253494 152612.01945129683 246265.37804893256 326623.20900799555 460657.9708459655 726222.4756742873 333800.3130263009 300443.8177151635 234569.64173408205 237783.45083912526 268712.07734503254 455861.0417232511 105663.01763982319 129133.23843355998 72262.61305989325 58931.831499195294 115717.79508549187 72397.00900998054 117246.98405776867 383785.9399411009 205589.61909514046 119049.55057525961 133956.69630739928 93374.28643659438 56744.90087809666 60682.955339807755 293454.2794209081 141345.99657639037 288631.0506534029 278702.3743776912 52466.70900673327 177984.70372247795 285996.1037665974 351726.4002751115 30653.224317985918 43247.03886689302 54868.79256317967 201189.88665885784 211290.0640428405
292163.67177281994 192681.9859621202 289517.3880497571 25529.962818287728 0.06960360462160022 164323.15535846446 7114.39573148213 0.0 54752.8482877918 0.0 0.0 7502.075053236499 25017.015422398264 87405.70580676213 586670.0683036248 647201.3159692596 545573.4641633171 347210.8236822153 335781.43732882175 121802.73102594867 34892.28124787725 120727.11598936988 214312.0700729566 261552.5853913325 488522.8479751173 409804.19095913286 392428.9595881542 314169.03787474555 137944.8445329012 118224.06075438553 261536.25726364003 294263.909692933 131467.4147430513 240194.38792704136 282231.1687414689 228903.56047192003 303705.5337197047 296889.2268035737 430711.4855662525 536234.1958476267 464467.7966853563 557040.4287342143 378477.10976124264 158492.36363586024 94810.56037890019 42950.942785498715 30347.286870881944 83217.80664945635 17010.295444081854 127858.21819145176 267535.1736421662 487931.06907349377 179572.24655026547 190404.5507882224 134519.9497852531 3035.087614500655 41338.75034359458 506804.7717960858 553678.273128717
140666.96422001766 486234.36289245327 186254.17338392377 0.049928156228457324 10961.865603602748 34496.420870598544 95174.56142999143 47248.40176359288 108740.91904812798 0.0 0.0 9648.351330345 11457.456065359998 197296.51391812402 1159238.9828664323 770624.4494431533 593820.6674755183 559511.9185372699 276448.5861060553 14914.611200846753 4122.054846861869 9423.892830914821 138925.04824807268 245287.72708327262 326164.6345328615 270045.16221375094 191942.84712306692 189724.28153406698 129483.1110250734 118437.9283178425 212424.15952019577 255375.9585259544 367188.75539561885 311849.86668846995 406059.5417267622 693569.1494727785 849371.5192867302 223329.8871280174 317499.4829174034 554594.8753221203 566495.1577855892 479822.9812485112 243989.5334383763 104026.90419629107 91789.35302523471 130040.56136145508 19560.339124130824 102346.73048809913 170027.1103501774 47292.84294260318 69370.30827068922 344158.9091862269 373740.22288153117 434161.995764261 45585.013876367615 0.0 527.0331053472519 13455.584300908384 -9999.0
121128.76034864271 821217.3837221534 155318.39757350463 2503.287586371567 59393.24464410072 69813.88774374321 363430.7721551122 103268.74945018832 59949.78521384 0.0015917814635065 -9999.0 -9999.0 0.0 279806.3311121 1505245.1265774732 1316514.0126292484 817828.9323895464 796965.8583565758 396552.0739149491 23845.776087004204 71065.11295442905 223057.99853417548 98230.02823291067 212221.44393091428 360337.8957570365 242577.76838853903 179965.29741752957 212984.44763243885 351790.18844697415 339236.1441792649 305914.4867328089 332977.82524194376 315229.3601132934 445117.7254244663 495299.2634604287 542489.2466083664 570082.8990582672 831419.9391897786 509319.33246864006 342520.7872290886 213553.61337320256 350650.04131082376 662771.3674377609 560972.9248467026 295703.01019165106 86169.75320390797 0.0 2006.4007651751758 7776.940528417927 254423.02331624564 0.0 139581.3643261638 73021.86017695915 36467.74795405097 47149.99019984257 -9999.0 -9999.0 -9999.0 -9999.0
575790.7066850311 541121.2805048312 118312.08729699993 -9999.0 -9999.0 -9999.0 -9999.0 -9999.0 -9999.0 -9999.0 -9999.0 -9999.0 -9999.0 612472.29384445 1765809.2168474998 1773715.9947519999 949734.937121176 966717.3066737283 286806.5270388248 42747.88617620882 25182.552097692045 240820.66438460458 412895.38342797797 274482.77328591555 525219.7522509753 236474.0479680734 205005.12942184185 292745.42013793276 315119.6662697961 112917.65802475049 228347.32964949793 937392.1592166213 456393.56894913665 444756.7419861064 505046.2015984242 524633.349569192 487891.2957372328 568659.7769219325 837250.7045004475 396804.4592565512 123853.77635634827 120794.75176551397 907519.3424896784 433848.8056682608 52642.87694190749 -9999.0 -9999.0 0.0 0.008474701346868924 0.0 0.0 -9999.0 -9999.0 -9999.0 -9999.0 -9999.0 -9999.0 -9999.0 -9999.0
235052.99702743476 0.0 44914.523127829096 -9999.0 -9999.0 -9999.0 -9999.0 -9999.0 -9999.0 -9999.0 -9999.0 -9999.0 -9999.0 133060.51635755 501855.3032926 1277430.3151104997 1539512.847183 1172570.934789308 93243.37818142801 179617.54749429712 90932.375722884 429830.6932272024 446604.4972763544 403129.38809319655 429351.2727415285 209616.0449525712 185863.2485151816 195177.54511194452 213633.71792479258 261582.33994429585 200497.95120249077 406540.69904329226 432564.0726742822 384081.94078012404 424642.0507148848 528484.8311769774 469304.2127731107 528333.5394007713 599768.9258208793 650402.3982758961 124494.22120999875 0.027510480033495016 30607.943748960166 58660.67080519793 -9999.0 -9999.0 -9999.0 -9999.0 0.006809181829455259 0.0 -9999 -9999.0 -9999.0 -9999.0 -9999.0 -9999.0 -9999.0 -9999.0 -9999.0
17670.166059249674 1350.305532949875 4694.566196513829 -9999.0 -9999.0 -9999.0 -9999.0 -9999.0 -9999.0 -9999.0 -9999.0 -9999.0 -9999.0 -9999.0 132973.64634069998 315930.27793309995 1830924.858009 1576528.3819492147 237754.78325268248 99789.74743199165 420300.6732870419 350518.1608340595 553688.3396127484 633649.0045140727 327073.38687496225 309443.3349430116 240321.66243241413 226951.71941627085 400204.10107139975 353233.61735584785 209994.03417012971 317238.87123401195 309855.7639848203 379370.56498654484 846571.9829205433 563585.6966985053 597118.322770492 577806.5328446305 559353.5902926503 498243.2848098713 383201.0870220461 1148.2803101151915 1113.8127375948761 -9999.0 -9999.0 -9999.0 -9999.0 -9999.0 1177.974310364565 0.0 2040.9112839021998 -9999.0 -9999.0 -9999.0 -9999.0 -9999.0 -9999.0 -9999.0 -9999.0
2915.0745558252097 213.40063704136702 -9999.0 -9999.0 -9999.0 -9999.0 -9999.0 -9999.0 -9999.0 -9999.0 -9999.0 -9999.0 -9999.0 -9999.0 -9999.0 51327.471632125 844253.5652452 1716822.057388 1042772.6946912403 379620.31426246976 418650.1762040934 439037.8484461788 513758.67864758504 392146.2254052248 253931.919921649 163195.73630083114 131793.4471499047 191237.20585918005 406148.15557634906 395524.36101065465 227482.4355893274 221082.60161700207 224202.8520826976 543075.8636457528 600888.1543506101 612001.0325578847 567646.1769336654 687937.7656764295 602813.8280681103 590062.9883893693 92524.2960454254 -9999 -9999.0 -9999.0 -9999.0 -9999.0 -9999.0 104533.03446315773 0.0 0.0 0.03473515094747232 1313.6282159921789 -9999.0 -9999.0 -9999.0 -9999.0 -9999.0 -9999.0 -9999.0
-9999.0 -9999.0 -9999.0 -9999.0 -9999.0 -9999.0 -9999.0 -9999.0 -9999.0 -9999.0 -9999.0 -9999.0 -9999.0 -9999.0 -9999.0 -9999.0 746420.47136065 1495631.8075354998 1427134.6222599999 455079.07882571954 726293.3952485479 539091.5531447188 596020.6326865226 407892.9872594891 108991.72514383878 114401.17071661948 81067.00520415015 64648.42174756411 47548.167782054705 154960.19498022884 176803.94632557005 126598.17470248017 279344.7251420993 504219.8590625771 495925.3963553491 807616.057514631 604943.1843331405 734254.0315980037 697052.1950995054 726369.3048517583 97845.54181876742 -9999.0 -9999.0 -9999.0 -9999.0 -9999.0 68936.4942915941 250803.90581896572 539467.7060392172 402094.45482427295 0.010649632062478173 -9999.0 -9999.0 -9999.0 -9999.0 -9999.0 -9999.0 -9999.0 -9999.0
-9999.0 -9999.0 -9999.0 -9999.0 -9999.0 -9999.0 -9999.0 -9999.0 -9999.0 -9999.0 -9999.0 -9999.0 -9999.0 -9999.0 -9999.0 -9999.0 68003.0184745 839691.8703625499 1594432.833107564 193229.403262769 741302.8760833736 568546.4009383782 505800.8580549711 534357.1009568438 98865.6896993157 71218.94608843864 20544.80599888608 0.0 0.0 38519.75755013163 47381.51254457666 102602.72159525905 214841.47591078514 413515.2269980934 449395.7903456553 636201.7504212118 618318.1060624035 587286.4466492517 776626.6662911715 570829.3642532551 98660.41277781226 -9999.0 -9999.0 -9999.0 -9999.0 -9999.0 117300.49528083415 230536.18359766566 411619.51665662555 116816.27951589118 -9999.0 -9999.0 -9999.0 -9999.0 -9999.0 -9999.0 -9999.0 -9999.0 -9999.0
-9999.0 -9999.0 -9999.0 -9999.0 -9999.0 -9999.0 -9999.0 -9999.0 -9999.0 -9999.0 -9999.0 -9999.0 -9999.0 -9999.0 -9999.0 -9999.0 -9999.0 200018.14501854999 1635785.424480888 188177.4395915233 278806.0585795205 739767.9902964404 118317.93776398385 788945.2553532236 77745.8953697307 49877.00723998464 20114.36070080199 13429.09588407917 7883.4256722852515 42429.93536446219 17895.255714788564 65777.78454203211 192945.01989424444 419874.0165183605 406205.0840631754 277823.5217646425 384603.97252146853 634599.7872806526 663541.825734697 822290.4671748418 258677.28138159448 196232.0614481446 -9999.0 -9999.0 -9999.0 -9999.0 2504.661856763489 56731.626429316646 36810.480839474985 8391.962381076151 -9999.0 -9999.0 -9999.0 -9999.0 -9999.0 -9999.0 -9999.0 -9999.0 -9999.0
-9999.0 -9999.0 -9999.0 -9999.0 -9999.0 -9999.0 -9999.0 -9999.0 -9999.0 -9999.0 -9999.0 -9999.0 -9999.0 -9999.0 -9999.0 -9999.0 -9999.0 37228.43389725 923825.398166963 188696.98317588223 112235.22732273136 880456.7239569032 103809.4863249796 652530.6428487139 245594.26199262787 184992.27364744394 27302.888878811013 3077.1653996858704 7963.384673058494 40142.68076587816 13086.73492285744 93551.52050583667 126234.89655834423 187930.48377568604 56282.56438361884 70256.06699922566 153312.83058282183 246725.24829888466 954945.0955914943 712277.5883866759 1040719.9482171992 515944.2079575705 51725.94251007444 -9999.0 -9999.0 -9999.0 -9999.0 -9999.0 -9999.0 -9999.0 -9999.0 -9999.0 -9999.0 -9999.0 -9999.0 -9999.0 -9999.0 -9999.0 -9999.0
-9999.0 -9999.0 -9999.0 -9999.0 -9999.0 -9999.0 -9999.0 -9999.0 -9999.0 -9999.0 -9999.0 -9999.0 -9999.0 -9999.0 -9999.0 -9999.0 -9999.0 -9999.0 173298.07377477226 158361.13697993007 101092.56515289299 781915.7613810524 145563.45792793893 432579.93311339384 186057.19433521372 270626.91235061345 17253.555520825095 36944.456033042115 65014.44507211317 93670.09734767301 15451.561017236021 61909.466535059655 210845.53185524693 184452.8705630058 47999.420552490505 77737.01120136828 212431.55049630775 264112.46784502233 268146.65571510687 965119.2362244374 622078.372522753 1093693.7293380087 254412.58072788498 749.796268776896 -9999.0 -9999.0 -9999.0 -9999.0 -9999.0 -9999.0 -9999.0 -9999.0 -9999.0 -9999.0 -9999.0 -9999.0 -9999.0 -9999.0 -9999.0
-9999.0 -9999.0 -9999.0 -9999.0 -9999.0 -9999.0 -9999.0 -9999.0 -9999.0 -9999.0 -9999.0 -9999.0 -9999.0 -9999.0 -9999.0 -9999.0 -9999.0 115749.49831054999 147086.32172885 61254.725841094994 114380.50995782918 247977.91481871562 245970.4008129563 62781.72988708436 116126.71771704829 332217.65678245516 155308.0978766925 144882.16083673507 77298.02153105114 45100.213749892595 9405.749867813889 0.0 29403.849412032712 93315.05112577295 5333.011774931692 42086.81946209651 177608.03753867678 292865.49146918766 87168.61979488195 499671.96203872975 565869.8948260861 771629.8557273615 1137240.0298029736 318772.2189723227 1395.33379979204 -9999.0 -9999.0 -9999.0 -9999.0 -9999.0 -9999.0 -9999.0 -9999.0 -9999.0 -9999.0 -9999.0 -9999.0 -9999.0 -9999.0
-9999.0 -9999.0 -9999.0 -9999.0 -9999.0 -9999.0 -9999.0 -9999.0 -9999.0 -9999.0 -9999.0 -9999.0 -9999.0 -9999.0 -9999.0 -9999.0 -9999.0 232829.29202264998 676596.7011024 497419.4066603999 280132.39084835 68211.55702758 -9999.0 -9999 318033.49224567215 206397.25256868967 471869.48970602505 93076.21445914691 164359.7259031582 48780.36065269573 29589.023393289892 0.0 0.0 1542.5257584389765 5360.953770092116 12089.67646866773 14309.081468820408 117747.26190414942 133393.74838783144 389271.2333631697 420091.38058393425 582976.9930880575 892475.2038256676 1013706.4195454926 414399.5128665632 48312.771826815784 -9999.0 -9999.0 -9999.0 -9999.0 -9999.0 -9999.0 -9999.0 -9999.0 -9999.0 -9999.0 -9999.0 -9999.0 -9999.0
-9999.0 -9999.0 -9999.0 -9999.0 -9999.0 -9999.0 -9999.0 -9999.0 -9999.0 -9999.0 -9999.0 -9999.0 -9999.0 -9999.0 -9999.0 -9999.0 -9999.0 19131.773953275 227811.61664445 274657.96337794996 77646.11179206 -9999.0 -9999.0 -9999.0 494122.86162021395 1044699.3983428942 631357.5111977692 146213.32717604126 138247.56961159717 9823.652586179827 121080.40191610133 172372.93554430883 23371.23873345123 1845.7632659051503 107276.96947036625 17530.949958407742 34269.132305752886 10302.344633854656 100021.07789165954 158368.57650493857 584123.4549307975 457730.4643715363 544163.0197241005 957065.9103988318 896379.4034018298 101970.08956624297 12150.486125377869 -9999.0 -9999.0 -9999.0 -9999.0 -9999.0 -9999.0 -9999.0 -9999.0 -9999.0 -9999.0 -9999.0 -9999.0
-9999.0 -9999.0 -9999.0 -9999.0 -9999.0 -9999.0 -9999.0 -9999.0 -9999.0 -9999.0 -9999.0 -9999.0 -9999.0 -9999.0 -9999.0 -9999.0 -9999.0 -9999.0 -9999.0 -9999.0 -9999.0 -9999.0 -9999.0 -9999.0 382284.09382169996 1870460.6840262036 1219788.512100663 620442.6304545059 176514.30108368048 6645.3381333434345 83115.41380462534 199794.94822125987 15798.809107578285 0.0 0.0 2735.4813012929553 39730.138482682916 50717.56429260138 86332.69955560139 105836.06038774575 786003.8982530518 654071.6656061774 625614.590171976 721683.1660166885 893533.2669747662 839523.2305566476 104276.97765429481 -9999.0 -9999.0 -9999.0 -9999.0 -9999.0 -9999.0 -9999.0 -9999.0 -9999.0 -9999.0 -9999.0 -9999.0
-9999.0 -9999.0 -9999.0 -9999.0 -9999.0 -9999.0 -9999.0 -9999.0 -9999.0 -9999.0 -9999.0 -9999.0 -9999.0 -9999.0 -9999.0 -9999.0 -9999.0 -9999.0 -9999.0 -9999.0 -9999.0 -9999.0 -9999.0 -9999.0 190960.48117696546 1595944.508072697 1638856.9316305146 612910.3290079462 149157.98607197285 464.048404056323 106011.09809809407 411130.4501977576 134173.1475596278 3941.067826788048 35510.969335893526 32612.9076766148 121537.6166494883 43651.873043280946 139617.1224380726 313950.8517820938 886186.9881366448 670596.9463284825 449424.40595611156 495197.14136381034 490311.10277010105 680308.4263811238 281636.9588500218 19401.587696969873 -9999.0 -9999.0 -9999.0 -9999.0 -9999.0 -9999.0 -9999.0 -9999.0 -9999.0 -9999.0 -9999.0
-9999.0 -9999.0 -9999.0 -9999.0 -9999.0 -9999.0 -9999.0 -9999.0 -9999.0 -9999.0 -9999.0 -9999.0 -9999.0 -9999.0 -9999.0 -9999.0 -9999.0 -9999.0 -9999.0 -9999.0 -9999.0 -9999.0 -9999.0 -9999.0 -9999.0 1448325.858459 1719367.6939756218 957123.5347094799 50681.424294735756 13133.195777637284 55541.920543415545 648257.648623242 417088.77275579434 27219.88813183894 25224.370640044566 57828.63804519574 351290.40587593324 209173.60219230756 455394.63496420934 429593.77957821055 555676.1128275035 726886.7907876385 531242.6480354287 384792.3867945558 531671.6596085635 448950.097904762 425556.85246354254 71727.80494536171 -9999.0 -9999.0 -9999.0 -9999.0 -9999.0 -9999.0 -9999.0 -9999.0 -9999.0 -9999.0 -9999.0
-9999.0 -9999.0 -9999.0 -9999.0 -9999.0 -9999.0 -9999.0 -9999.0 -9999.0 -9999.0 -9999.0 -9999.0 -9999.0 -9999.0 -9999.0 -9999.0 -9999.0 -9999.0 -9999.0 -9999.0 -9999.0 -9999.0 -9999.0 -9999.0 -9999.0 832756.36131645 1951560.2244845 897745.8619227301 17554.829075457685 27082.041459400483 63572.74304883719 131254.65682024835 263838.04793786706 292852.30711282074 248978.23679651212 250206.88894499757 322446.4471752631 424228.8940135036 344183.4489838531 730106.052118872 488949.52511837985 508166.4668303772 310729.18118270923 217780.71147308464 363529.5858471537 288730.13308527524 337323.7657117731 96780.99174120225 -9999.0 -9999.0 -9999.0 -9999.0 -9999.0 -9999.0 -9999.0 -9999.0 -9999.0 -9999.0 -9999.0
-9999.0 -9999.0 -9999.0 -9999.0 -9999.0 -9999.0 -9999.0 -9999.0 -9999.0 -9999.0 -9999.0 -9999.0 -9999.0 -9999.0 132915.59385446913 74288.3223452257 -9999.0 -9999.0 -9999.0 -9999.0 -9999.0 -9999.0 -9999.0 -9999.0 -9999.0 65253.47499798139 1529871.224100472 1230981.0093176037 259256.83012258052 17771.156423592995 0.0 98718.79792873115 688395.026298457 614431.8091350562 318169.78341280675 155921.07755429877 281891.85943992896 379646.1092285971 406169.82647595083 614382.5621309817 235932.969679027 729053.0253937115 527086.0732878023 335535.5671362087 247238.43184310634 409216.1654684731 398175.7402867104 48618.6918436081 -9999.0 -9999.0 -9999.0 -9999.0 -9999.0 -9999.0 -9999.0 -9999.0 -9999.0 -9999.0 -9999.0
-9999.0 -9999.0 -9999.0 -9999.0 -9999.0 -9999.0 -9999.0 -9999.0 -9999.0 -9999.0 -9999.0 -9999.0 -9999.0 -9999.0 262443.30834396445 -9999.0 -9999.0 -9999.0 -9999.0 -9999.0 -9999.0 -9999.0 -9999.0 -9999.0 -9999.0 56456.52439763532 1027073.4687924999 879203.2681920625 205395.40196790852 -9999 17018.83782101593 131143.92750387706 365194.6982651005 738165.7657683211 924703.28552025 522834.9475132569 305154.07399514463 225187.36405296007 194802.4639354809 190162.69264938758 8346.404435671691 626496.8904457574 421902.87986639765 670879.8044712301 416321.7811364381 174215.39119627565 355736.1071758847 125038.45777013077 -9999.0 -9999.0 -9999.0 -9999.0 -9999.0 -9999.0 -9999.0 -9999.0 -9999.0 -9999.0 -9999.0
-9999.0 -9999.0 -9999.0 -9999.0 -9999.0 -9999.0 -9999.0 -9999.0 -9999.0 -9999.0 -9999.0 -9999.0 -9999.0 -9999.0 148941.13277023297 -9999.0 -9999.0 -9999.0 -9999.0 -9999.0 -9999.0 -9999.0 -9999.0 -9999.0 -9999 69475.93901135624 520351.18276791624 573237.7161309401 125618.2246030226 -9999.0 -9999.0 -9999.0 -9999.0 240615.10243429997 911130.5150640499 1303112.701798 826412.0966629054 469169.84098729235 142265.14242209104 31874.021144099675 116641.50119736914 238263.83667570862 337977.6628659088 389714.0550940805 190233.92952530587 396386.2545526012 347006.0694233208 38307.3326108038 -9999.0 -9999.0 -9999.0 -9999.0 -9999.0 -9999.0 -9999.0 -9999.0 -9999.0 -9999.0 -9999.0
