critload/trunk/output/1999/ngw_nat_rec.asc
ncols 720
nrows 360
xllcorner -180
yllcorner -90
cellsize 0.5
NODATA_value -9999
[rows 52 to 77 of 360, columns 118 to 176 of 720]
1.8797531493586481 0.4451466345813827 0.0 0.0 0.0 0.0 0.0 0.0 0.0 0.0 6.5630010329581285 37.25059607850832 29.28471025159977 541.5718377458496 413.5082753979516 3533.5919415779877 5262.477729317116 4665.268642111577 3536.097125592444 2318.2306568593153 3585.6250105635986 5298.463264303119 2591.0918737947154 2157.1174869400147 2131.5377623342847 2501.6954764843376 1904.0344018031565 3023.524023281877 3293.3933163064007 3743.493288235074 2728.505201295844 3654.99546027702 5641.707897031591 6607.240456727367 5399.780868154651 4968.759302956813 5904.691980255592 6032.411285203674 5009.624436506802 4195.337853032754 4805.967428512104 4127.819952137565 3861.1119931634807 3066.432760082515 4129.45885764788 4262.903814728954 3355.944124729664 4223.730738279382 4224.7109553575165 4434.76800598449 7240.884110396014 4736.164193180074 5556.229303855159 4737.869682814938 4141.784126892378 4209.297427369925 4487.568538752225 4034.6224330500363 3189.585157399202
1.5836084277655391 3.645011917989463 0.0 0.0 0.0 0.0 0.0 55.95549686091653 1211.4728688476948 0.0 0.0 0.0 0.0 51.629140149404556 856.9783061662797 658.9098823852945 2054.0821037731357 4930.69701271565 4519.498489641686 4134.3677133207975 4026.145918869444 4948.088744684718 4695.447581342065 3525.93233223569 6325.395669546081 3951.8115271123747 1383.0704555306907 4423.6923241722925 3458.540166786493 4225.785283949425 3846.2125654445263 3668.853744091426 4597.786303682926 3227.219502684731 4084.705394748964 3210.5973738485823 2692.7964309772588 2019.6717690524945 400.1948293445028 133.0898581647073 3325.1331943740856 5114.420180440415 4399.266282997883 5505.01840468137 5297.399884677034 6664.085575629581 5865.648601456035 4819.3941525836935 5310.74555900817 5614.616949167683 6274.512117292708 5334.072403101215 2714.437415656313 3895.3542301016773 8599.509685251774 4265.23858211805 3696.853309768396 5550.926712991078 6073.377002642786
0.0 0.0 0.0 0.0 0.0 0.0 0.0 0.0 0.0 0.0 0.0 2930.599049722727 0.0 0.0 58.3654200186413 563.958981140958 598.3585220444097 870.3275830820589 2615.479443790621 411.5749196101753 20.16887624914242 0.0 0.0 26.652683307520203 1915.6790111687842 4607.4651601085425 7492.131545466967 8406.165629029505 3272.5237129714023 3488.0843225772905 2786.921273257032 7779.069660564194 6999.715926546465 6075.130052934633 6906.508345935162 2847.3189834643463 4451.434021619566 2325.957469669053 2729.351718985415 658.5629678554711 3757.4838744579693 3718.1959871252975 2391.0328486976136 4645.789868228783 7255.772252859253 1971.7506515833466 879.5491281855479 7651.091437494573 5846.340804254573 8261.211674882263 5366.157019307524 7736.168608974149 6071.1648052473565 7244.397161711256 6695.1280301228 7346.880907193802 4632.499541791726 3134.510598558222 2548.1434727838678
0.0 3.8420178343195017 360.2573980954474 31.965366448435425 0.0 493.0129639347657 202.27478331381226 0.0 0.0 0.0 0.0 0.0 0.0 0.0 0.0 1243.2908985597392 1936.3019228696958 0.0 0.0 15.741421504358286 3005.840474267613 3475.9928402471214 3260.4810805783245 1907.5655956185901 1494.410831259928 2142.7191959246343 2291.431984690375 3750.966083493776 3454.5480854579314 1903.7503702055521 3205.185953785798 3704.8300281967036 7519.10659555481 6620.077906676516 4910.063708128494 4587.029624269252 4290.933325853528 3450.368411434321 1964.8646258429028 2561.9843491083893 3385.3147986409062 2437.194765712553 2495.9961894914245 3483.3631803985395 4516.4651719604135 3876.441100091069 3459.5582396653394 3081.0140396485135 4641.834138236882 8074.549291791341 5355.187000329372 3617.139119808246 4934.147241427766 6031.339637191849 6066.65416989029 4873.76000599371 2154.808532486182 -9999.0 -9999.0
1218.4313889044286 7104.602909750297 7109.762611152096 7500.688842640543 3470.7533541210687 2208.904463447092 6292.121464721965 2874.6064204475033 0.0 0.0 0.0 0.0 0.0 -9999 -9999 -9999 0.0 2.0267261201156863 2866.8676988020197 6186.458788310137 4062.69938509237 3656.0685894177604 0.0 0.0 130.32355575615227 1744.4544793963512 401.44895905682984 2711.282956417798 2957.38695461811 2370.731010837611 3871.7033836859637 4200.164068974962 4133.450524749896 7312.872685600755 4943.858844629361 5926.805333868191 5936.513014759826 4111.084799775821 7592.40537761527 5344.615322876743 3468.549759864748 3649.5336330579676 4363.058353349214 3751.293108493917 4169.855703716843 5724.458103119496 2400.978312623307 4325.429514880402 4677.324013722699 3085.562180212727 7700.488612533833 8224.738196762337 11599.544801344227 6355.204877126751 4533.968208462541 1023.7681826581038 -9999 -9999.0 -9999.0
9217.351816787792 4303.94258626814 6317.659709807692 6032.331385293755 5087.158164525232 3072.285190499072 3853.4712376044854 2580.4218898557288 97.31202868903263 0.0 0.0 -9999 -9999 -9999 0.0 655.9171985452876 1247.2444615576862 2336.5104998600473 2585.762794849047 5301.450935260017 3959.3934082082073 2007.6297256528644 0.0 0.0 0.0 513.451193307699 2766.9727612429074 3108.814044751536 3023.6620242122917 3442.8775384447163 2544.3946825017943 3265.7979747897666 3864.2497584387797 4213.551778648346 4720.864141172078 4866.349084729999 7171.723209588519 7686.023312845486 5765.075350539098 5509.337872531235 4796.78694251662 6660.76866653523 2854.4611489971353 3835.6168137936256 4484.013351071553 4412.62504895181 4189.157309096733 2857.6857685435634 4395.8061132175535 4487.80624725334 6567.9787782245085 7752.283227996304 7500.234422270191 6642.610842497655 370.74955203882763 -9999.0 -9999.0 -9999.0 -9999.0
3908.864961687525 3859.997994144794 4690.223971284476 5387.323492439816 6114.720037486449 4564.772599057179 1870.8484014180528 2136.946494942355 5802.103348684046 555.1765051611583 74.26239552908753 112.42542509288192 981.8552291603017 2416.8791306631792 2853.9875201255904 1173.1524135114391 1068.5620061065517 2203.9775977114164 8177.741240679902 3652.1416117445847 3422.629416597996 3193.631003759079 4293.9492720275075 4928.419230102195 4592.190412486592 179.97487967621893 1903.5088728461128 1314.0876749153613 3987.5734705811765 5159.636707750844 4729.775083972081 5210.678446696573 5263.651078275427 2210.978174041721 3866.612549529193 4270.105689956423 4424.132667984271 4528.800867954544 4117.3645430634315 6464.643610354104 8450.282820533408 7623.145887648413 6127.699729880521 3896.3432555635977 5205.712531590866 5569.047805237142 3734.622763079127 5547.6927328747615 5272.492044485863 6248.650120017222 5428.399378350687 5224.21819948476 4214.885165156751 601.0558322892854 -9999.0 -9999.0 -9999.0 -9999.0 -9999.0
3830.59435420098 2010.4878968915427 1975.498578009011 1913.0464752731093 1913.972295130534 1787.1308709719121 1441.0680236471646 2721.03623261226 4083.722171720613 3526.5989715634355 1851.798924081555 711.9442873832127 4505.208716577018 4513.633045154092 6615.511608957308 4714.959079240284 1090.3616449609372 431.4164628625866 1379.565731018114 2417.582028344575 2604.2880083782275 2840.2179226435483 3369.6359072175005 2812.661210676989 4186.285887468102 1786.1643149757886 937.1137394094044 657.2716116301086 642.3885769730757 5195.279388640842 4299.2192827376775 5474.01810809679 5627.625975590924 5378.885368877259 6094.406028960581 5305.661540671488 4966.662265813916 907.5964731493629 4969.923825340059 6479.11104434147 3223.3773197956307 4249.188656382699 6293.581934346036 5986.7335705119 8278.32817122081 7688.460340806061 6295.7900182355315 4493.184468295514 6047.840936582188 6168.9713859903395 4862.424439175085 5093.522832752824 2087.7073934330047 -9999.0 -9999.0 -9999.0 -9999.0 -9999.0 -9999.0
1834.0679788101352 2062.1292474255124 1924.189932267495 1777.8203086216552 746.2685658054952 1687.0354171751396 1780.9161445393481 2269.1005794100065 3356.518716363952 2274.5164522898403 2465.5397933738673 2378.088456432945 2596.5493905221283 3704.5202875604423 8549.417461772375 8755.743819471663 8191.870608012928 5067.520472706937 5679.650640635045 9928.86250784368 1108.137162604248 8717.307492300535 3421.870941355019 4054.8590013893036 3456.769365262084 5570.50511661633 3384.6551883538086 3456.7000724470345 5457.189640564879 4464.847314954752 5147.712623470199 5122.426413268059 6037.103446338141 5444.140736314852 4937.112117212384 7264.198404805936 6869.755140207434 6139.030982817548 7817.1767548285 6719.376295449922 5140.102406432625 4763.062274353697 5310.726929314387 8221.937754834125 8829.666525757852 11289.808382383048 8921.501456436263 10039.183304579685 6716.077192561012 6905.608479263149 5816.062392974884 5779.753996039869 1143.9085203484324 -9999.0 -9999.0 -9999.0 -9999.0 -9999.0 -9999.0
1668.083956290382 1788.5416830901254 1681.4476850348158 1991.759258782952 1726.4667593345748 3579.4036146777503 3427.7985860411227 2687.4432971421957 2598.459643041983 1139.5693286767219 1851.1289759412002 1819.7053717915794 1443.8971152083386 1653.704666505466 4944.171039250511 9012.941178442881 348.5329849095044 3042.741808710742 550.9921941266024 5745.757955513276 1847.6514113216401 1143.2291490035905 0.0 0.0 0.0 0.0 219.48221985235537 4087.0605201374374 4793.08904544902 8089.474396931043 11804.039691461907 776.4720118312982 409.5840502474068 5800.213550296069 5728.7745084595335 6188.499612052903 6642.906975044302 8316.345064579804 9031.909876445518 8278.294508841418 5839.096240294545 5590.770468960215 6783.656835360639 6603.243330423439 6605.63243585802 8333.619653029122 8717.733917309155 9702.773181357976 11507.365771316894 9315.951702837696 5219.204981806503 6967.370288567324 1337.6733721409942 -9999.0 -9999.0 -9999.0 -9999.0 -9999.0 -9999.0
2205.4269563107864 476.67420899056646 501.11850803137395 5699.8537056752175 2633.6091562742704 2161.6049218507665 1154.1255122011394 4859.126217920996 3721.263350282983 2666.475687137705 1476.1016999149138 1255.3960740117852 1449.1950596788938 3424.664010669088 4549.8581061828845 5524.903359479908 357.3013101140741 0.0 935.9017573474423 1809.6982013844076 0.0 310.80736950535 1630.284410875245 3000.682327733604 6854.631494183463 5201.988897915255 7754.870529225904 8539.10931077032 12790.982063810872 14251.449836859672 8181.491333379521 16523.139509373974 17211.374377113712 12102.2718741382 7487.613745783938 8107.377194881557 7674.160535846418 8855.262400579162 5352.3368683083045 7592.559923653162 5966.3390795781925 7763.641051034279 6752.749036341057 5975.224724134146 6895.490776566249 6548.6417604438175 7845.105345977157 8522.205730814907 6176.260337650317 6060.046170211948 9662.426588578963 10027.193210212987 7797.909368268395 767.8587608257159 1672.554794987931 930.5905964653404 -9999.0 -9999.0 -9999.0
466.5849749948171 926.655642835015 1865.247214859192 0.0 0.0 0.0 0.0 0.0 0.0 0.7243653775774067 0.0 429.578891732692 538.5388702102496 0.0 0.0 0.0 0.0 0.0 3991.7060507814135 4029.779348998676 6821.5567668777185 4077.4707089080157 8455.883733529981 2508.165204766545 3658.4480073486284 1751.6464555116922 1950.6666387106657 8794.825484808227 7867.519199575967 13528.648668094282 12604.282347069366 10664.555622771879 17660.770232974337 16681.04494899428 12100.743771506868 2403.0086047031214 7704.998468232691 8680.241028756254 13233.142933145658 15448.701817391808 7168.759619589731 5354.082932056667 5722.018925685973 5309.223267428153 5511.406308060089 5353.875782934793 7389.021743450588 9111.797328115566 8680.595422591136 6283.018370338212 4935.328843916233 5148.619304174112 3850.9772738311635 3321.225715428826 2975.8374118837455 3035.5587902982106 364.36324844785565 -9999.0 -9999.0
0.0 0.0 0.0 0.0 0.0 0.0 0.0 0.0 0.0 0.0 0.0 0.0 0.0 0.0 0.0 0.0 0.0 0.0 0.0 0.0 3136.6783736511543 9443.429597394063 11191.856309102799 12458.739886154966 6408.045410594811 5728.7842051984335 10817.71090524254 7388.35723339352 6852.700349283777 3836.2874066687564 10969.630816240793 20086.063901016147 9631.597886955256 8177.057202983705 7449.714946257098 15118.647100562725 7950.133481432877 2292.407510605994 2254.5129248178864 14197.176879731207 6381.147563162225 19966.199614985675 7744.359385594939 20110.460057304248 5042.524871601067 1359.2061906948556 6093.831713292526 6851.440231945561 4844.021897003738 6058.479325430878 4247.2478999056875 3730.3237968499566 1688.2068664594783 4895.79735356377 4198.058800984613 4028.6782418464113 3486.046748139959 -9999.0 -9999.0
0.0 0.0 0.0 0.0 0.0 0.0 0.0 0.0 0.0 0.0 0.0 0.0 0.0 0.0 0.0 0.0 0.0 52.28711246073897 1507.4225110307812 0.0 0.0 0.0 0.0 5934.910352375007 5571.116426314079 8899.742835053434 9811.983094206356 8775.535082475231 4421.193680737158 6375.215075012119 15270.487555145084 4610.323222247722 7006.917467039502 4647.445134637462 13698.011056903728 4530.713686948285 2558.195579100486 707.8359772367058 2949.439424206617 1984.1782859874859 2801.7472740089142 8526.367851465513 21799.396112521856 2837.2015244852364 4499.3285842663 2846.2262227672204 15011.789152303141 5154.878948156121 7197.783176396639 3710.347539123591 5351.040260597497 4929.449150873736 4741.247798417138 2580.2678691674264 1621.76616537838 5394.354734256852 5217.302919671978 277.6792912574293 534.9456184779457
0.0 0.0 0.0 0.0 0.0 0.0 0.0 0.0 0.0 0.0 0.0 0.0 0.0 0.0 0.0 0.0 0.0 0.0 615.2932711462322 0.0 0.0 0.0 0.0 0.0 3970.950416105053 5432.47824058384 4032.25027427105 9257.305173473496 17996.80393449204 16886.93897254495 10686.343377688889 11001.384825200437 12751.36215975483 20860.46476159184 10345.84945649314 5570.932000078985 6252.763920918185 4796.445404569147 6441.582380287167 12425.577739942784 8978.522100429187 7390.252805164563 2813.3685267097303 3110.189595255724 5238.403075818628 6426.286137240712 15656.520350169365 18641.81151930175 16660.1218687338 16879.234772694996 19403.50858038766 3668.869182982439 3808.321708818455 2280.4421651093758 2357.2389550047733 3083.5215957143605 1736.1875516183693 8065.554657000423 7052.945057290339
22.454507368881156 0.0 0.0 0.0 0.0 0.0 0.0 0.0 0.0 0.0 0.0 0.0 0.0 0.0 0.0 0.0 0.0 0.0 0.0 0.0 0.0 0.0 0.0 0.0 0.0 279.16128501317564 5552.030099301451 9906.914838786432 15442.119648981452 16212.722104666687 23297.00469634607 11786.209525088283 20631.21023582295 12497.216424969847 11798.651591865226 12858.211669003429 12584.84197037935 7388.67618076714 9207.183167379706 9679.23342960814 4374.894240411831 2769.1156046449696 5142.038918905942 5446.221383629177 6867.610970925754 7435.435724590682 9182.395950590646 7680.351545259951 7500.135113777458 15535.950774366016 19340.802971154004 8630.689179436127 7590.289750604241 2538.777143889724 2745.4742156639436 2675.2473696132815 3293.841424046398 2607.9981379602013 2422.877089668026
431.138499301616 1915.472498292074 8.653802776486428 0.0 0.0 0.0 0.0 41.7485037662907 43.25913093787318 37.55212404913914 275.74074745897923 1567.4806966899343 0.0 0.0 0.0 0.0 0.0 0.0 0.0 0.0 0.0 0.0 0.0 0.0 0.0 0.0 0.0 3642.819627561588 10199.782079031274 13607.535244762043 16021.511597867187 14772.53115942505 17191.134648588722 17201.607265804047 13777.465681796364 12686.465154094009 7649.498507952072 7395.645988762276 2094.2673956429953 9359.934918206907 7570.368029955015 8524.803480540868 11240.36338118653 7134.618718136992 6794.202142404936 7915.0773039397345 7062.447604867328 7408.7042121771065 9054.467660178372 19643.113472527853 13316.461296205141 20307.326367097183 16918.530452830415 11252.896265465677 12021.702502421764 19384.750922552117 2716.314129709068 3080.354410904526 3217.19966459062
2302.722251605894 10.587791606759097 5.675328963232349 0.0 2.1017024013289936 0.0 0.0 4.7484907679466275 423.452930524376 1567.9333325195264 0.0 0.0 0.0 0.0 0.0 0.0 0.0 0.0 0.0 0.0 0.0 0.0 0.0 702.2565697239866 0.0 0.0 0.0 0.0 0.0 664.8211324906429 7670.539119789106 4879.0808214823155 4175.64223777946 14253.422549635565 16200.945110790273 12622.187078945059 15581.643035796102 7887.16286365363 5126.730258046865 9250.595971077844 8133.8165571725895 9252.664531739232 20698.732038935435 3243.4550188246576 6697.209247813357 6809.634296204641 5375.15319224404 7154.113694965894 8056.809032494096 15191.729117804194 13851.526236913838 13337.793879408819 9299.311188115 17809.331236318878 21309.3322271481 22286.25498104222 6461.280765155022 11057.883566975284 4778.768553618971
15318.420200268589 975.4306444053099 2948.7392060817638 0.0 0.0 0.0 0.0 32.53072084839965 0.0 3035.903523552088 1120.737961804614 718.8163065689082 0.0 50.650935185415484 46.310532561967534 0.0 15.282164716521331 0.0 83.33837813662045 0.0 0.0 0.0 0.0 0.0 0.0 0.0 0.0 0.0 0.0 0.0 0.0 0.0 0.0 9251.355595851306 16853.86985964972 4188.047836572275 11548.789941783223 6541.1235789413995 4589.662209591038 16935.078459592332 5715.274637779817 6980.497844971776 7040.644282274343 20965.421601788745 5328.166988868837 5717.601342070776 4123.681341129128 8994.361082218365 3998.2079015095887 20361.335751265844 14273.672240377444 15100.775121135428 13284.046681281072 5919.600917350657 14421.342945730503 17570.572015512982 19135.402839825336 26963.99940800517 15477.926548770392
24176.297161734125 17012.87931742822 9376.77352342167 1513.3800330203314 0.0 1600.3336203119286 0.0 0.0 0.0 0.0 0.0 522.3891539828905 91.51232701606716 2.1498735625587746 0.0 1.1027496389503162 16.258982205450042 1.1967909017947624 363.7330449554919 256.1853504240888 31.552694194107744 59.1351390432486 52.55911486557759 0.0 0.0 0.0 0.0 167.42458593127856 0.0 292.62590984473525 0.0 256.1949140767274 0.0 912.9399345290412 0.0 0.0 4008.104512664344 1433.3698852188595 2875.854140138641 898.4904866302622 2457.6023177419424 2109.3558732511992 5634.57374359141 924.1784499536452 1736.0642491326078 0.0 1558.9346585512253 7529.804478999484 4968.564831434524 7556.336011986999 15763.588292273587 16966.65120860535 9905.342592094614 17108.51400226098 15297.858949410813 19883.146715486353 19235.396508978327 22290.017076005377 23578.983117625066
19993.73000985797 24107.327495861024 36813.234055455534 16303.254189160434 13267.217348443983 6267.893789313903 625.5466064230244 1494.3744073577375 942.2237958068648 3018.1376171899738 2774.377706611018 934.2497571591874 1460.379976194526 19.684415771952295 3.921966179291036 0.0 0.0 0.0 0.0 0.0 0.0 96.93425186948416 18.535947120901643 2.4028002413642247 0.0 313.5480935468758 0.0 0.0 102.03446503126557 0.0 0.1978120447565577 0.0 0.0 0.0 0.0 3014.070224793609 2241.0744711942816 2316.7198435595224 3399.372708972578 9926.880179807424 4193.296361837285 2994.9197833359076 0.0 4599.793258367961 175.4099545930689 82.72786105185567 4319.689788095898 8967.437833066742 10144.176469927163 7489.043984009794 3671.7750240604682 0.0 0.0 2744.0671636480033 4014.748120729823 23461.893982788646 28537.238478648356 10881.012665654136 11620.982316737649
36359.525310758596 20698.31833289473 30521.204763972168 29276.768378490255 39251.937270089344 19187.75478663824 7953.451166738119 5426.358545410277 1946.3384487582261 868.5371263416606 634.4368368804409 1595.3296025283548 530.3905347538212 12.050215189655974 0.00013171478403952195 78.48486199038038 0.0 0.0 0.0 0.0 0.0 438.1715928873084 0.0 0.0 0.0 302.1614172996902 127.55020939661358 0.595420297057915 0.0 0.0 104.44285812248816 21.665465728322744 75.52055827684633 15.082351983777851 0.0 781.6908392373954 0.0 0.0 979.2341824666507 1219.8048404676388 0.0 0.0 207.26719273752383 1262.1602997292687 0.0 -9999 0.0 0.0 0.0 9333.338598434168 5231.687585612562 149.8209142304069 934.5115871025733 1472.1393831104372 6746.01589074664 6443.5961735208675 5994.36394096656 8787.039063577024 8029.939295919117
29059.633887283748 48773.189939000345 27726.636948227082 42883.46105384189 34247.85460808285 34506.08642016124 31476.148978180674 54000.79493928231 14539.684806638925 3199.299553612808 1187.8599217741846 0.0 848.642075407973 85.66753177992301 0.0 19.857075434984722 0.0 0.0 0.0 0.0 0.0 0.0 0.0 0.0 0.0 253.96642210835847 0.0 0.0 0.0 0.0 0.0 372.7071965401503 984.8979426346325 0.0 258.64270228620524 93.12369314205736 11.943373513100152 0.0 0.0 12791.858398666636 0.0 0.0 0.0 4041.305591153709 0.0 -9999 -9999 0.0 0.0 12181.88254572049 9891.304180739728 24223.10359925487 22432.668411725488 13659.282404739399 14781.995817419804 22644.372808420994 3600.945684941008 2029.634453333387 15848.32483383622
28660.0276305547 28931.04222161382 49634.957992689466 55634.33930939907 61706.5727213425 58733.01885063649 26861.410545548326 75180.65838480725 73325.77030860962 21942.924248793184 10051.190177794413 3139.0456857087697 1207.914670412976 12.555926322183037 8.698154001877256 0.0 0.0 0.0 0.0 0.0 0.0 0.0 0.0 0.0 0.0 232.4517805079343 0.0 0.0 7.321537926333532e-06 0.0 0.0 0.0 0.0 0.0 0.0 562.0870624872191 1044.4202400643537 0.0 0.0 0.0 2603.6450955623823 271.0386564889525 113.74476110172725 8762.979767652754 6999.1950274072315 0.0 0.0 0.0 2846.649218221385 1.1309993766591322 10594.733716237026 22536.737320534885 10835.720902185194 2322.878839922063 4952.114575047057 19195.733843343136 6766.160143267527 5637.472369023732 9636.510554322664
21706.921782433084 39623.73362732104 52022.815233803645 60857.90397648385 89741.3293428707 100013.5842165207 98880.546500293 77848.22926455927 83991.19970075315 73869.9834806848 51843.802346568664 6498.0795017572955 2129.896642535745 0.0 17.225465705433542 0.0 0.0 0.0 0.0 0.0 0.0 0.0 0.0 0.0 0.0 312.9599148735107 0.0 0.0 0.0 0.0 0.0 0.0 0.0 240.316034272441 511.2555764098258 0.0 0.0 189.2129517261713 0.0 0.0 0.0 4110.040654873898 0.0 0.0 2317.2382681997024 665.6867568070971 3073.495615005875 0.0 621.6056960441449 2200.713131833134 7324.681995983915 9403.906637093394 3867.047323075011 6371.580856580371 4688.910500350181 12047.700205952273 15246.236864456347 8637.78728335115 6319.474049005194
6317.587069428354 21514.629731502297 29185.05297362353 93747.52413470938 75878.38879701805 82981.9987622452 86316.86821840939 77467.74611120565 25359.22037963316 71871.81838321223 51960.95417543339 26406.874251687474 1785.8317663237312 26.919171710694286 164.9058266940394 0.0 190.06921868231083 0.0 0.0 0.0 0.0 0.0 236.94977133043295 0.0 341.8298808617541 524.2979715810477 689.9515240301262 269.1483009568382 0.0 0.0 0.0 0.0 0.0 0.0 0.0 0.0 0.0 1174.2950365335075 0.0 35.91070142518149 0.0 3659.4112539642583 5860.31812611775 44.951106261801115 0.0 4432.464956269093 1127.0505619990986 2167.595873444857 0.0 4701.108143504467 0.0 3035.5681174235137 10047.525259085836 8824.621823982856 20409.272310417247 16155.253525973367 6318.933295786523 8994.747038959858 7988.631347896987
