critload/trunk/output/1999/ngw_nat_rec.asc
ncols 720
nrows 360
xllcorner -180
yllcorner -90
cellsize 0.5
NODATA_value -9999
[rows 52 to 77 of 360, columns 472 to 530 of 720]
16268.12151373195 16715.433392769082 15849.490122082656 13227.735537988807 17120.37593607042 22903.529152058734 37977.79113488649 31316.623977925137 12480.91778916368 8870.358262831971 11471.248496735407 11333.731755868663 4564.136278845436 9283.553334306836 4989.936305852129 12091.99199317757 13355.316183928553 10289.864533031501 8510.293344896721 8816.11478335254 8499.300827415193 12225.061233675668 9826.825753362255 10172.684522608617 6180.663759722356 13886.313902035863 12106.55775064848 11940.28264769401 9219.779694838777 3926.0617571436683 3593.8686378091825 5123.856676207231 5036.456304995672 11137.351597648718 5856.5201239685 5934.218993621125 12669.145636093872 11580.4994007242 10733.672202912217 12000.215133267375 5608.257237344038 10932.671296587072 4369.382744248495 10415.512037034403 12206.324408794826 11843.741160886535 13746.46529361603 13134.650974830238 9404.181406156891 3631.094534739328 5998.078355989987 2413.9216068490127 5158.953283969134 5933.9219883116175 10261.217476639555 7954.933070102407 4401.5042703921345 4489.370674872815 4200.917372671302
20676.747350875034 30188.85313049905 9169.026460551204 13545.453960192775 13299.176228726656 25475.13904885748 39137.07610316882 31381.08042363608 15619.25826420796 18190.825368553775 7924.544706385523 13979.390998677098 9315.375124907372 8022.686711197263 16986.665919150364 7881.692398661902 10534.425303690623 15094.241341554058 7779.2797705003395 7921.674450251371 7401.30884487313 7872.713305660549 6975.868434092879 12617.152545702105 7396.282912360572 7595.7879526474 6656.843051780694 5238.2404311776745 3777.279587138706 13246.427216968812 3534.317455406877 10220.475265602769 5589.549899030638 6740.508571545109 6811.70907250816 7603.628275726751 7101.700175306155 7813.90104187017 13352.537144111267 6160.542017323677 7466.026157163716 6253.3871123658755 5856.32535491919 12047.855297618833 12663.136914570414 13845.50285726053 14084.807052043983 4320.44735560338 10028.821553288997 9598.608231587501 8744.71731380967 7035.888507594774 4229.644888681207 3382.846738163696 5584.603315393005 3161.2536587303293 3833.3758151711922 6211.19564589364 7018.803285051116
35043.7146160654 10373.306314251831 17505.11886180895 5850.219282030532 8307.664633532328 14019.941439720335 23923.05004938143 33361.1331128988 15350.241915697847 14004.939646750998 21420.521953934687 6906.33418425247 12524.019060722276 20283.480437573242 2106.5474560444336 4439.242669641974 8920.947414844859 9405.815515634024 11709.063019531513 6582.647646591964 1748.7429853931808 3030.0460743590306 2234.5512929365964 6905.3113633030625 7340.859853833167 5834.00211658654 6524.449849107516 13050.214344073893 12680.668411461913 13842.639987740065 8977.507289545538 6364.267565305338 6905.582865966057 6016.372560018593 7092.638775243964 7908.034596061502 9165.699777998985 8657.733820062385 8950.325063173945 8006.304230785671 9569.908155682759 8138.637532203432 7137.404344575013 7564.981945929548 15897.462864747113 8673.166105211509 13952.814806253773 9023.48400962929 10050.925688180632 4979.65354097422 7350.883789814958 4105.187270210094 4236.707028605322 2901.0507968446564 3246.3972333463144 6275.887116900607 6655.779696844995 6047.219599394607 6374.050592130019
23295.99897518078 27342.900359932097 27606.173901554554 8735.324053616436 10263.954322466978 15830.724820267891 18765.654209684515 34694.37258397354 27599.46281551385 18992.577476458795 6050.025075765845 7629.6555634571405 5195.472939392945 4148.266559296596 4014.829320810141 2974.87380900192 3233.7428557193725 4163.097319006729 6933.192891470089 4473.2899849449495 6264.739835357101 4369.381427672063 13908.422879736529 9919.91040727336 6540.357148884625 2957.4935979196794 3673.4048688593257 4578.851916407723 19729.4119971288 4080.5812664029745 2918.045555500768 7513.730058112111 5845.398492783467 5317.95675359702 7123.945689532946 7832.223244414053 8011.381416175482 10328.907409834654 10699.514471503438 5590.508088305177 9846.985631574065 19204.858720503824 5679.333815383432 7523.916851289395 5701.59966729251 6058.099479964399 9146.093896254526 8815.550687981313 4687.02635534593 6626.736041673084 13431.018685708537 4424.418592521992 5258.60753571228 2421.168889643814 3879.527799201778 5007.2181519605065 6111.724047496461 7542.227829087845 5391.720220837793
27057.28782370317 15997.085429888204 19843.196665720327 13168.675637524604 16094.702778965817 21352.090408719476 30925.235705729567 24782.88855327659 29630.5629540653 9345.809090355247 3238.6924006126733 2205.259640563777 1532.7511222812764 3556.2189820763288 4048.0821260574558 4337.906428908567 4689.760171235738 5805.5562217946 6864.038457469994 7150.8267915025235 4785.22316033323 2697.432096408163 5074.207877044653 7505.122024705554 7108.650011854944 2490.2793243585784 3246.802659278932 3136.9953275059156 2565.5187206871956 9048.309558566196 7678.612296879226 10233.368399413188 7068.9176650799445 11295.076492329448 9265.670095313246 13149.31993970681 9139.984953061492 4243.932180390228 6697.109574621879 10993.405011376939 8534.284136741971 7772.098270887506 9952.635645933224 9731.921894080457 15222.468971672402 8958.585349254468 3325.1937135733865 4813.076172239485 4445.941958601739 3124.3228120026556 2642.567922311276 1848.4727047978788 1417.3617079369296 1505.026397984253 4970.44049366509 5456.443800947104 2845.3703814117976 7446.546959377352 4014.758654188762
12342.582265935558 13551.773223520171 14332.44654786126 17107.471037758274 17819.47104745524 29895.28389924511 25920.682220895054 12446.837173162166 23457.15800527768 3302.200659947328 1019.101691100753 2529.8298975245116 4346.909600012685 3750.533153373979 3175.293617644182 4535.105375923917 4044.937329573739 3873.040150593638 5953.348975223103 2239.8741831748976 17243.925256762177 1412.9694851798497 7171.085922821111 16367.353799983077 8153.210873466472 14488.552256781108 6465.287781052473 14236.372921886556 9929.049991046506 11659.441767677748 13069.951476562765 11846.807990559075 10664.209538378273 17610.345839390953 6560.832985699364 11767.016611988047 6358.1533906533 16135.844091525792 10360.659827013607 12934.256648872464 13119.38759959243 11423.771519187285 13449.167060037023 4040.143843177652 4313.864656497114 5558.140293789939 5464.972169917225 3435.0505368847 10378.000356979574 2724.38624739353 2545.7698837988037 2420.8694651486453 2075.5789690563483 1388.0330760072748 626.5762182791764 1507.257953277019 2050.699856445483 2340.1528248930126 1100.685212966045
16095.576822387122 19077.74541090185 33971.2874493606 31293.52995453169 15857.690668172952 22990.67997392036 31462.598943909004 23516.047525839374 18370.734278621443 4036.4704044662535 3696.168927659084 5263.88934881887 6905.8385125854675 7114.914387709798 2133.2700127062335 2224.038755739097 8635.559275741733 8892.284536259887 6289.630594711553 7578.026766739997 8572.451506524181 2172.6364002311825 7120.734554928443 4222.154052630227 7372.775402630267 8105.609221072378 7106.830237038918 12490.544434385003 7048.7461620208815 7056.173577122219 5376.479482112423 14531.33528283662 2730.8234475079767 16110.049661844942 14780.34284642571 7951.579409376812 7747.229515093135 6262.959143471587 6169.728866816393 17862.925250565393 10285.143967071714 16007.528065106742 15183.671050313556 5142.72357344229 10907.20109748411 10096.956333854077 9609.225626433172 9277.818326295419 2623.7962480511937 2473.2106577505606 2423.9622282888713 2405.609922152836 5233.52636303361 2624.8691493567862 2270.1745247227327 1369.058139117287 1311.681195457562 818.4975258225031 2840.59544777153
15545.062573996629 15481.75935677211 34607.53444932818 39452.13774563844 17809.490163286337 23706.309255733053 37781.26317770985 49727.887961343826 38890.557562259244 12420.255526628449 9158.674999954921 5282.152329281468 3113.3409556066235 2880.5877061349106 637.3169904281734 86.64151431007659 8787.017428532516 14356.311455051784 8183.628852447256 9231.302236516047 12173.291093472366 6695.444916052522 7243.29644397098 7819.685995856474 5414.061184143846 6682.349833916411 4853.009509022621 10071.647259634856 1273.014933297974 793.9993389594465 6628.966268093676 1090.8755334186894 576.0599708667685 3031.358086297517 1384.1987485166753 1186.6165488946135 3021.7980124109895 1372.8944382755294 1081.3593923701137 1478.625780685097 742.6720300408113 1272.0425687606194 8408.441134193303 11662.50475063883 6268.911651635403 4656.546797675914 5585.630963218248 4425.241769696331 4399.360757473184 4921.820223942061 4102.432445238595 2590.5616012148876 2123.180648411136 775.2853673977608 572.6178123836263 1368.4161032692577 264.0637438488995 1123.5675726133393 1303.9283513668538
32442.183284807423 29781.386067364194 44771.53053602892 66830.62866801054 50271.851107206356 31475.176962885347 34286.590494246004 25895.84940109187 31384.238231832114 11725.822212282521 5037.53128798536 3479.596206130277 6315.234737777316 174.94137379414207 653.9803849943102 130.0198627532516 222.427974014755 1531.0940712295812 388.2131602958985 864.825644011069 3523.084511155433 11145.50809363351 10461.181687352326 12465.931853906179 6575.142032106076 6501.551140712634 3547.33899616217 644.6720998032425 14630.011262006805 2317.8393053484265 14815.332911344387 13628.643780093467 2456.068549528604 2340.1024678904237 2581.9556086313496 2238.505597882675 1792.274033054629 199.7829400610757 906.7269511263517 6929.160068355201 785.8378331036563 3166.4725659402447 601.0158075024709 1080.7542123625917 1340.8779032234454 4571.643571690932 4232.655769520699 5184.061711349671 3260.1738065744325 2632.0726492886893 1872.9757850010383 1652.2854980247616 1538.2884738849446 790.1561254548035 1229.7954725605039 1475.3977179793173 354.26550941591165 1932.4786543960445 413.62936414600676
33536.33567806902 31827.23381914581 38045.53605845178 65164.34676622559 59392.217805266315 61826.08021672307 56374.5056451484 54746.8670600521 25065.34000810391 11540.869632342201 4029.059681765917 4640.7495422173515 4197.817027709508 990.3119749730498 1635.5721238055735 111.5879125950537 143.95971957111732 175.65770699830634 0.0 0.0 118.35099780520909 53.663169110223684 10970.94680074373 13121.098087494334 522.2122709310906 3550.457816039943 467.36347062259136 302.66211545991115 2270.6664821573872 2022.1530344021362 727.7821090630415 151.46712374544512 413.8827618807871 4965.233698952624 942.7706800670076 817.0888212641277 959.6618743671552 857.9168025435652 154.41508915732734 1055.404649608323 1002.6392630819579 4626.5434038790145 4122.304015433402 3637.6386169135935 478.4610621499265 1863.5635293775388 1674.7175232819563 3189.8519552167336 4414.579437805841 5059.515957204417 1445.8235137036777 1433.2817429931088 1159.5826215770282 522.8968353127106 330.4035688349389 115.98489913333562 253.766285227033 61.97004169306042 479.42167152675734
13849.166549078394 25732.267091670226 53494.29249653979 55767.0011998739 60834.91754077892 81364.40973206577 71206.30201207599 33726.66539784623 36351.921378315914 12832.271220821292 11462.880743892505 6367.755195851738 1212.3557219576471 38.338812958006756 0.0 0.0 116.98130953854752 1607.713778934812 325.664122871005 0.0 0.0 0.0 162.69827597515544 0.0 6647.252100413905 11929.543815535453 59.22996347213062 0.0 0.0 0.0 1137.1725205977184 902.3598366829073 5442.847651292046 6101.357475601807 2585.7321715236926 2443.4086952240164 191.24046822497732 0.0 0.0 4601.026254311094 813.5837178559356 119.50722233474245 43.344478435358674 673.9691293510599 380.97244631354664 422.40490680728345 239.78240144907735 1360.118295126228 1147.8024905947595 494.822366578968 1338.0914800992523 4050.1250259358426 610.2709306878677 107.75047646448158 0.0 195.32673490026204 0.0 682.6130842854492 597.8450742965805
26842.37298710178 47825.87678681833 45905.55530145748 46714.502301545945 64187.696432103636 65370.19011527623 79597.4225475491 74848.94636012649 31021.924520362692 27150.73129412722 29419.25728669085 8621.414673673326 380.9565468249658 182.33006262217845 0.0 0.0 0.0 0.0 0.0 0.0 284.21041109171733 0.0 0.0 0.0 5678.397710483884 20706.945164500892 0.0 0.0 0.0 0.0 0.0 2066.998304542076 2762.4586133882553 2375.6887228118676 0.0 0.0 0.0 0.0 421.6577689773205 0.0 0.0 0.0 0.0 0.0 8.766784980469561 0.0 0.0 0.0 0.0 549.6215040800784 60.529752453019974 0.0 848.4159466647205 2100.4353559788206 2477.530438386407 103.93317992180383 74.93044260072082 204.70265739895854 167.20150620562708
17493.98970397833 16107.166559039813 31319.89635747936 55481.58041935881 56897.79300632244 66353.82427274527 53302.48792449189 57088.376722929206 19052.3793854845 7945.366518056112 16109.494952299896 6824.915498290596 16.866116224850714 0.0 0.0 0.0 0.0 0.0 0.0 7458.451111654761 19.310609695890612 43.373666096637905 0.0 1541.7657085939163 13257.566514804714 3022.8444901690686 13013.795095527734 416.96917158794554 70.72559878780541 17.488667005020964 0.0 0.0 0.0 0.0 0.0 0.0 0.0 0.0 0.0 0.0 0.0 0.0 0.0 0.0 41.66268942498486 0.0 0.0 0.0 0.0 0.0 0.0 0.0 0.0 0.0 0.0 2285.3864160640674 153.66129906021067 97.6522875671632 127.92114277010246
11092.461094718783 8796.89385484759 12550.933504172219 44333.26572908145 42628.83710279575 47437.89939556331 57825.6474703299 37616.27832216669 15224.139873037278 1416.2562180437233 429.10636791626587 71.6697877193816 0.0 0.0 0.0 0.0 0.0 0.0 112.3846157928824 0.0 0.0 13.578436555339655 0.0 676.3068008053974 1997.3243088830143 0.0 15163.475135415183 130.7534287023121 1076.5033269681687 1841.9555844383406 0.0 0.0 0.0 0.0 64.32516400453471 0.0 408.778893051171 0.0 0.0 0.0 0.0 0.0 0.0 829.2486040626965 690.4100335311401 0.0 0.0 0.0 0.0 0.0 0.0 0.0 0.0 0.0 0.0 104.64035418027004 1076.4680286792823 0.0 0.0
8402.495614651116 18609.580752744787 19644.117606861706 15282.37225421533 20755.399734711824 27215.01211124858 30678.715201763567 37476.59659940132 11277.245455564747 2578.5005047486093 0.0 0.0 0.0 0.0 0.0 0.0 0.0 0.0 0.48870494242520246 0.15383540158289336 0.0 0.0 0.0 56.40114275524991 0.0 0.0 0.0 1280.6772705918395 345.91719539910736 660.6483450387469 0.0 0.0 0.0 0.0 0.0 2070.6424044569017 1736.1223354502524 0.0 874.5101904130893 200.16134396803753 2110.2692255931647 3662.7152023181216 0.0 744.1676011972319 2066.3623656128348 188.12384273716992 702.8981301881071 0.0 0.0 0.0 0.0 0.0 0.0 0.0 0.0 392.5035153493142 0.0 0.0 1411.673365457528
5105.627075566143 11808.138879611815 25270.600595808588 14059.859362875743 10162.631374668663 20183.651838725888 12214.413960093598 16098.817885152926 13834.358188135671 13436.714531469723 0.0 0.0 0.0 0.0 0.0 0.0 0.0 5.237374018605416 51.67149259361347 4.105966941705129 0.02340015718721285 0.0 0.0 0.0 402.68381658582626 0.0 0.0 17.319526728413422 0.0 176.6891972373207 27.19938186318423 0.0 0.0 0.0 0.0 27.91975492735599 1120.8630281891371 210.28490683593085 339.7310820739852 258.38176419964094 186.26301698190832 101.1665511720427 618.0528181583271 1467.3207310335915 811.0451995104333 1377.3753621432747 5808.11781419722 2736.7653697372057 74.77017691099387 203.1884199138984 50.50784354526946 0.0 0.0 0.0 0.0 2380.18071584295 0.0 0.0 4994.226814345451
953.9000396716102 28044.820057767414 12074.693134818133 8453.69883413433 2787.558487396225 8655.22280586109 14439.173707802272 22742.53471650989 11601.042409049212 7910.165118883646 0.0 0.0 0.0 0.0 0.0 0.0 0.0 0.0 16.503824985800104 36.88913389976825 0.0 39.46143001465591 366.46995759736456 387.5581707576145 21.056377486707127 1519.0753817904174 161.49987683371003 0.0 0.0 66.62831449556984 1366.7652001552558 5.556190702352896 1762.4983935158405 1284.958680645611 0.0 16.225175352021576 384.8700682211554 134.8197929404257 0.0 72.05540425953004 0.0 0.8402143369894085 10.815683784957136 0.5077430530462873 106.86922034743974 207.286188514905 318.6093254093801 528.6287106351131 0.0 0.0 3552.5215694458498 0.0 0.0 0.0 1286.4290396010783 0.0 1070.2537035631128 658.788204494308 1236.962294952257
0.0 10383.916598364625 24843.405999994513 40831.82191871105 0.0 0.0 3424.48264350026 1842.2659393851802 25568.664082187686 0.0 0.0 626.0289954691216 0.0 0.0 0.0 0.0 0.0 0.0 1.5383605407006642 0.0 0.0 41.15430902479801 1954.4683132297107 1250.1906246361393 696.8001445106601 2633.888010467743 470.37997095125195 0.0 0.0 0.0 0.0 874.9540085129806 0.0 456.31030677347155 28.4122734465805 0.0 0.0 326.70814673641183 0.0 0.0 0.0 0.0 0.0 0.0 0.0 0.0 0.0 0.0 90.77807625843415 0.0 624.447545196541 2439.789776484306 3578.2395298368106 663.7103518744976 439.532882841971 3976.8064894384897 3318.0689743131397 4319.984219094084 1415.834062385396
0.0 9570.258964608473 34843.61473447784 152.91983844261193 25.94990281311309 74435.58373177587 74.85799248460795 6.752761623535866 0.0 0.0 0.0 0.0 0.0 0.0 0.0 925.510924918499 691.3878541561041 0.0 156.45968485396807 621.8916113113296 2022.5237571059326 1533.7790574789055 1861.9828804419233 4413.8305773290795 1428.8502127579234 0.0 0.0 0.0 0.00016378354284241352 0.0007040096561935099 0.0 165.64387374530196 596.1952868110078 181.66441763764112 7.734344752189321e-05 0.0 0.5894433868208085 157.699938084337 0.0 0.0 13.630913958174308 0.0 0.0 0.0 0.0 0.0 63.311745513047406 349.6598603048475 0.0 518.874290730916 2665.788834482602 3614.919926515646 0.0 0.0 696.8154993004231 0.0 0.0 0.0 1127.925047547341
0.0 0.0 138.60870456333393 94.93068283575597 62813.000904067245 447.82659892369816 605.5515364487702 0.0 0.0 0.0 968.0564549544923 192.70953714736908 1201.9846443974945 0.0 884.1707573163611 0.0 0.0 0.0 3.2409516768857294e-05 0.0 0.0 8.337716721505507e-05 0.0 0.0 0.0 0.0003063956137768088 5.032948853340147e-05 0.0 0.0 5.187989373792585e-05 104.67961681143665 3.9093096248211343 130.40857205475308 62.46798083453294 78.65888091914381 46.85754158476496 11.113263734373572 1.641271502742536e-05 17.844681891076842 127.78938000473859 31.751752259133802 27.01678891769975 88.40124800589882 88.77014655559744 0.0 6.9875131157117405 142.54423964566536 210.9667012445632 597.0608065539179 407.98726147939783 86.62863916173423 0.0 0.0 1774.6876755635085 1349.929717530704 42.80225401887956 0.0 0.0 0.0
0.0 0.0 108.66608844291709 92.60091086799301 13.659585744479513 694.4240296151465 299.1993027099706 0.0 0.0 0.0 0.0 0.0 3.492052249593696e-05 0.00019878504461822645 0.0 0.0 0.0 0.0 4.316706606921834e-05 0.0 0.0 0.0 0.0 0.0 0.0 0.0 0.0 0.0 0.0 0.0 0.0 0.0 0.0 0.0 0.0 74.77862925415609 135.17103054008442 9.6012695415296 0.0 0.0 0.0 49.49944620778917 0.0 0.0 75.17846560826841 0.5297197638564645 235.9939866567245 4.689919871066612 5.06806371351583 325.6083896422258 669.2533403544322 2429.918476395017 376.72038866399424 0.0 40.393781632686846 4.084712410878571 818.1814953084719 1004.1351878830026 1534.158814180689
0.0 0.6736890529170365 45.383137650310275 2.907711809803961 12.747259601085013 444.4566158264694 0.0 3039.4784317552917 0.0 0.0 0.0 0.0 0.0 1.4711990842963085e-06 0.00018509578080604826 0.0 0.0 0.0002154814013320506 0.0 0.0 0.0 0.0 0.0 0.0 0.0 0.0 0.0 0.0 0.0003928977554584899 9.584015031703372e-06 0.0 0.0 0.0 0.0 0.0 0.0 2.4578280436953066e-05 0.0 0.0 0.0 0.0 0.0 0.0 0.0 66.19017014111918 132.77168445484628 49.6588268344736 60.56965553970917 350.61045093842023 350.6055762736767 0.0 0.0 0.0 0.0 1.368293259103258 48.1237524839135 0.0 0.0 1411.928333278742
0.0 0.0 0.0 0.0 2.7385382396827285 865.1330415835209 140.9658927155982 2014.3071205557733 3009.7072676285825 413.8905302757526 0.0 2.1005786045678372e-05 0.0 0.0 0.0 0.0 4.560119876440039e-05 0.0 0.0 6.525101429552105e-05 0.0 0.0 0.0 0.0 0.0 0.0 0.0 0.0 0.0 0.00031985601062987907 0.0 0.0 0.0 0.0 2.523361798119444e-05 0.0 0.0 0.0 0.0 0.0 0.0 0.0 0.0 0.00019745854492992932 53.045181952066955 0.0 0.0 0.0 54.205784478138725 45.31090796840547 0.7745218007884125 0.0 0.8039101261195559 4.548492922282383 30.407117461475664 0.0 525.8753389965628 0.0 339.7589462456137
289.22962028443226 0.0 0.0 0.0 1729.1509175543508 922.9512125676063 2795.6480016938526 1284.3620180454488 2161.23666205199 922.6866246906116 0.0 4.831129201294245e-05 0.0 0.0 0.0 3.538222398414364 14.202505655637479 353.1999815557774 0.0 0.0005965465522055195 0.0 0.0 3.611604271769558e-05 0.0 0.0 3.502835449065105e-05 0.0 0.0 0.00040325933520424175 0.00011176366604393498 0.0 0.0 0.00010143293173830371 0.0 1.8136927668900488e-05 0.0 0.0 0.0 2.0111097655942722 0.0 0.0 7.142039289186811 6.3761787975710424 0.0 0.0 7.130223218436758 542.849766065348 290.47671122277274 23.544896408859135 0.0 0.0 0.0 10.694389929473779 13.571573218126918 19.26424776104454 16.80682075317495 8.885515343345398 352.49014022978326 32.838342748791874
96.06660853075324 0.0 0.0 1400.5915859482202 1193.67213958884 82.70580526986086 0.0 826.3659526115372 603.0678587625772 45.10155072866488 203.34718920073874 29.582780128243026 23.12853764182708 0.0 0.0 0.0 0.0 308.9108162642436 1111.0754766121956 1689.919964418044 514.172018232043 0.00036531317906506917 18.072865031962387 3.9399980850625864 4.6572630577209176e-05 0.0 8.46426981123533 3.406085744188016e-05 2.0636923386863273e-05 0.0 0.0 0.0 6.950289563452453e-05 0.0 0.0 0.0 0.0 0.0 207.53008826686073 223.53775059721895 0.0 0.0 0.0 82.0090044123053 18.396192164279775 0.0 0.0 0.0 0.0 0.0 114.21862429177489 252.93022499732075 71.70266227806087 235.8926391310747 1478.0354234071342 2354.3621486335687 37387.05272686359 1843.1194695320414 35392.85209851929
1144.64810518302 176.69328885957216 1137.011735628957 675.510442928964 228.58476950260317 69.953206655511 0.0 0.0 104.94855985781446 743.7273113362133 201.82101884450452 137.86487312348376 0.0 73.13751971498348 395.8545671088811 153.75375281912744 0.0 49.10363962857213 302.7839713850115 1136.7786474943862 408.3739201224238 768.2104801578982 676.3952205763508 88.09593449252061 4.169681101112498 45.108457454604675 39.60986188528064 0.0 0.0 0.0 6.067257305461984e-05 0.0 2.798423135440784e-05 0.00012465123954763594 0.00011347873272373511 0.0 30.138018791220702 1.8513079970564327e-05 25.078650135254506 18.84358320875838 46.2032348552657 0.0 0.0 148.7496405877316 31.041269321884574 0.0 35.13943404739559 0.0 0.0 1.1936874219861606 30.990580892101608 0.0 683.4361112379555 12495.974952918023 15452.520591007813 22611.101085124992 31364.064845919438 40362.98945440255 31184.00807601567
