critload/trunk/output/1999/ngw_nat_rec.asc
ncols 720
nrows 360
xllcorner -180
yllcorner -90
cellsize 0.5
NODATA_value -9999
[rows 182 to 207 of 360, columns 177 to 235 of 720]
0.0 -9999.0 0.0 655.6660455362094 -9999.0 -9999.0 -9999.0 -9999.0 -9999.0 -9999.0 -9999.0 -9999.0 -9999.0 -9999.0 -9999.0 -9999.0 -9999.0 -9999.0 -9999.0 -9999.0 -9999.0 3212.8144153366748 53656.8973889057 146215.75461298582 493583.41563774995 34619.76807291965 273981.0753610992 1009131.5225335 1215703.6316065 1162312.8762995 1149688.5665165 1322403.5296395 1212259.7227011984 1102146.8921125445 1202314.1059039743 1199268.8912735947 1096315.36327469 1289027.422811 1349137.5725969998 1354508.632323 1281607.2013335 1363217.2463655 1372868.7812265 1326807.160048 1370020.103142 1136063.9161955 1384996.2392615 1338473.7675635 1300537.3162515992 1091229.9893002943 1298166.583303996 1129465.745460032 1116577.0959849379 1152048.5919093692 1120647.9675792258 1085350.3880958888 570431.7290322514 856318.4646454159 819466.1594365251
-9999.0 -9999.0 -9999.0 -9999.0 -9999.0 -9999.0 -9999.0 -9999.0 -9999.0 -9999.0 -9999.0 -9999.0 -9999.0 -9999.0 -9999.0 -9999.0 -9999.0 -9999.0 -9999.0 -9999.0 -9999.0 35460.93804558683 194756.20628590122 60731.95617087632 622837.0854954 69970.73248034382 400063.8722024676 1037859.8175465 1217863.7446275 1164202.54295 1353781.1764824998 1307450.6431264998 1236106.5706818257 1072958.3246193945 1137700.749994996 1258161.2478884691 1129267.7153244277 1269065.924505 1300769.3274785 1302395.0344725 1323004.9603704999 1357978.0324179998 1348525.501562 1369905.8576525 1338384.0947265 1343408.0319195 1318593.2857515 1287665.5345599998 1119841.24491 1158146.8129506505 1058375.410400064 591720.6154147728 1041587.8122171036 1097276.8163665005 1093713.3268498809 1071141.4979560243 1038414.6396944531 984069.5082021932 818787.4925324118
-9999.0 -9999.0 -9999.0 -9999.0 -9999.0 -9999.0 -9999.0 -9999.0 -9999.0 -9999.0 -9999.0 -9999.0 -9999.0 -9999.0 -9999.0 -9999.0 -9999.0 -9999.0 -9999.0 -9999.0 -9999.0 3766.8777665721236 137802.0919564374 48879.23122066581 547029.8869009999 177935.80270047364 199455.6397762578 969689.5992999999 1367118.0740265 1306351.4472889998 1300104.3426309999 1216677.1873813774 1274666.657537631 1181421.9837669895 1123273.035201379 1127492.3482336306 886235.1353374794 1087459.0797736044 1098146.5327837362 1054641.0282416136 1157907.7427276128 1209342.8185434118 1344961.8092739999 1314971.658141 1358187.0717479999 1362400.267028 1337925.9321464999 1327845.0800494999 1313814.6385395 1092388.5283245596 1076228.1097926528 1039945.4181153772 607170.4964497355 1065287.8536351058 1042711.6881873958 960084.7693143431 1018352.23847632 974471.9089968615 906771.3075682025
-9999.0 -9999.0 -9999.0 -9999.0 -9999.0 -9999.0 -9999.0 -9999.0 -9999.0 -9999.0 -9999.0 -9999.0 -9999.0 -9999.0 -9999.0 -9999.0 -9999.0 -9999.0 -9999.0 -9999.0 -9999.0 -9999.0 47693.730556117654 240589.1174638915 302598.36304632557 194186.31190563447 1178870.1084579998 1069171.354236542 1272248.419869 1247015.3566955 1217876.590252 1220723.669795776 1168006.0918793331 1018293.13407407 910233.9813488859 820994.3468409744 801106.1292054497 969967.1897828219 941384.7735048967 930241.95290787 1091781.0369754964 1189446.3813641022 1289283.015020938 1288011.0370295 1333141.6344199998 1332466.5760955 1324409.5440154998 1263474.250307 681519.28765655 1228431.6802107815 1195322.3932992134 600116.5838851567 552790.3276254291 544100.4401027211 991157.0350901524 904326.8552670573 956506.9048695072 917307.5648111835 859468.8669124272
-9999.0 -9999.0 -9999.0 -9999.0 -9999.0 -9999.0 -9999.0 -9999.0 -9999.0 -9999.0 -9999.0 -9999.0 -9999.0 -9999.0 -9999.0 -9999.0 -9999.0 -9999.0 -9999.0 -9999.0 -9999.0 -9999.0 52083.07405099378 429006.79685598356 367222.2005563284 381066.8227143485 1337673.492988 688468.34676415 1145674.8529789962 1087019.4699733958 1209761.0933268187 1132943.4307323273 886846.6110502692 1071162.742858137 745636.5024281638 894143.5894775955 771621.1130325195 750904.7205342193 877666.7738620028 923852.6876265293 1091795.560824535 1150057.4570765889 1316606.4248308192 1326227.8322735 1316750.2266519999 1336689.8517969998 1325620.7853609999 1217873.518313 1292527.2235220082 1302259.0375549998 1299981.5629969998 1225251.6138596055 1161543.3729644315 852773.9339670435 858952.1401756955 927094.8959735208 842893.4844401444 700977.0529301318 825622.5408122514
-9999.0 -9999.0 -9999.0 -9999.0 -9999.0 -9999.0 -9999.0 -9999.0 -9999.0 -9999.0 -9999.0 -9999.0 -9999.0 -9999.0 -9999.0 -9999.0 -9999.0 -9999.0 -9999.0 -9999.0 -9999.0 2307.7102665686316 77189.07862919173 828776.5087424753 401871.14242722606 1129720.6578186103 1319248.677492191 705440.6534026595 794078.2242997176 999797.308455949 1097909.1295076553 1085910.8448458307 885967.5216825984 820970.6676534683 932844.827876156 698065.2828781841 631313.4477689279 615814.3262448395 751903.2598124621 782812.0762044269 1034400.8138256865 1124242.3818252524 1151514.0051556325 1313476.6006949998 1272973.929416 1317791.0423104998 1301030.2900844999 1314295.4876799998 1300712.9863415 1303200.4550745 1285601.336764046 1279783.1816722348 1180639.2896138 1118866.3438641923 954170.6955768482 829465.7670520091 693079.5208265185 616625.3166234192 353216.9525152761
-9999.0 -9999.0 -9999.0 -9999.0 -9999.0 -9999.0 -9999.0 -9999.0 -9999.0 -9999.0 -9999.0 -9999.0 -9999.0 -9999.0 -9999.0 -9999.0 -9999.0 -9999.0 -9999.0 -9999.0 0.0043429701243033435 18035.22201554637 40278.403867084424 429158.12183244637 503781.1475726135 543912.6902421836 1063319.8871435 597269.6780690232 633898.8525495946 868871.7247758517 930244.3418877893 998548.9846761741 939317.6844747212 796415.4704200143 583191.6239804156 626766.348687651 610857.0647327505 648277.6980924682 787604.0530754506 943300.6974403808 1053205.792675004 1177626.7929733114 651830.5970563529 1186078.822594578 1277855.6511719786 1304535.6437589573 1320989.0368294998 1312660.551645 1303355.530215 1309558.0091264998 1218284.8496640418 1244768.4065787813 1177016.4288219293 1111492.3822009084 1019297.7300432363 891401.3238692363 598587.8208869775 775446.1087789265 687417.8834925651
-9999.0 -9999.0 -9999.0 -9999.0 -9999.0 -9999.0 -9999.0 -9999.0 -9999.0 -9999.0 -9999.0 -9999.0 -9999.0 -9999.0 -9999.0 -9999.0 -9999.0 -9999.0 -9999.0 -9999.0 0.0 2145.039523116797 364.505739095166 426145.9434507331 584619.319394753 426619.2707600349 609724.9621598999 461082.19531315 574464.512526098 873735.6552865087 731356.7587158114 864273.2539797074 925446.6789140345 756907.3109285408 733015.8917207819 745753.6457280414 697175.5168870521 608653.6252116252 708126.3637445867 906226.9162212011 1008731.4821174777 1155208.1076601248 1234499.6866585833 1298793.1536227178 1210902.446419432 1269745.5606800006 1265094.1058560435 1287386.8172808294 1282971.3970625454 1288932.255383 1292966.1347111352 1215396.4235092693 1149025.3587502635 1091041.8439886367 999939.9669467432 939550.100635044 757396.9438288382 818934.9868640242 798664.5770841859
-9999.0 -9999.0 -9999.0 -9999.0 -9999.0 -9999.0 -9999.0 -9999.0 -9999.0 -9999.0 -9999.0 -9999.0 -9999.0 -9999.0 -9999.0 -9999.0 -9999.0 -9999.0 -9999.0 -9999.0 0.0 0.0 0.0 0.0 172074.68656767093 392603.1226048591 927928.4546056251 516327.592186667 152486.38957717267 226352.16209665366 311117.75649327034 692107.3489297547 761627.0231830108 723588.3237413903 978890.3254999608 828101.4542530273 780955.7327965315 417781.2183128761 683061.6764997859 851427.3739535487 1002871.6754081127 1116622.6123360784 1182822.7838153907 1194696.7060344617 1183757.9201191328 1210274.8445835866 1218416.0024844112 1215642.4831415252 1302650.5321824765 1314256.0304939998 1232911.1511927105 1173120.0627821581 1121202.2416188754 1079901.6258545348 809571.0375892253 888244.85528593 735615.7568370051 824332.291261792 678404.8644868137
-9999.0 -9999.0 -9999.0 -9999.0 -9999.0 -9999.0 -9999.0 -9999.0 -9999.0 -9999.0 -9999.0 -9999.0 -9999.0 -9999.0 -9999.0 -9999.0 -9999.0 -9999.0 -9999.0 -9999.0 0.0 0.0 0.0 0.0 114242.76448133292 317310.09104908677 326006.93795528373 271068.9211720303 12631.895659753389 47502.66236478279 181092.78200957153 323218.8281979522 748673.0235870276 966706.4004462443 1028052.2778996241 686889.9814623029 773138.7279852558 551300.9510560315 680721.1399248842 804803.8069013634 957284.8554893642 1049023.8688380027 1119072.598760328 1166372.8475612248 1115731.5136831072 1167308.0878925275 1144725.4135121237 1181143.766392667 1192287.5840864405 1215396.4015472191 1168747.0159163827 1089266.0157473988 1084353.7095359426 1012022.9682556853 485416.76717363705 917277.4385243324 858247.6208257354 809411.5598863545 788457.9378870807
-9999.0 -9999.0 -9999.0 -9999.0 -9999.0 -9999.0 -9999.0 -9999.0 -9999.0 -9999.0 -9999.0 -9999.0 -9999.0 -9999.0 -9999.0 -9999.0 -9999.0 -9999.0 -9999.0 -9999.0 0.0 0.0 0.0 0.0 98682.95167813894 143690.61138016486 102719.52591171888 330193.03913380334 59240.04958637663 30070.604310888622 25840.144643578904 97682.089730177 442060.1581246692 877566.7855991601 867313.7700467736 702864.0877893122 872072.0643634289 699923.7889107276 664140.3446551939 806408.5021581411 906419.3944333167 972948.9175787524 1024044.0007930734 1060472.5066602295 1088121.3108371682 1087069.985067649 1113409.166841614 1099549.1781815914 1137519.4221997783 1110006.3934522292 1091372.5335764068 1073322.8695147587 1082160.2856644928 1047189.9635142906 958582.9650624742 906446.3542382626 838908.4847938605 771618.752247563 557191.4035526677
-9999.0 -9999.0 -9999.0 -9999.0 -9999.0 -9999.0 -9999.0 -9999.0 -9999.0 -9999.0 -9999.0 -9999.0 -9999.0 -9999.0 -9999.0 -9999.0 -9999.0 -9999.0 -9999.0 -9999.0 -9999.0 -9999.0 0.0 0.0 0.0 210495.90586592682 142140.33066822402 222457.6088521941 5493.672562393152 241.05480051009297 17305.008104324814 124395.57854584539 168703.26623523785 619674.6927893562 763555.0634889957 841593.0424607615 965176.3180848768 820249.2879215189 610419.5013499506 768175.1283198502 883845.0030629406 915743.6177936534 963692.1725285929 993586.4442890658 1050832.4465575528 947663.9109089924 1040419.6989152846 1074979.8576101742 1078632.479924651 1049021.6003284145 1048146.0631708235 1054086.5682111033 1052143.4203051578 998822.5957462093 909891.8696541657 906152.2176928002 804995.2890724367 543996.2787624404 532893.3789452176
-9999.0 -9999.0 -9999.0 -9999.0 -9999.0 -9999.0 -9999.0 -9999.0 -9999.0 -9999.0 -9999.0 -9999.0 -9999.0 -9999.0 -9999.0 -9999.0 -9999.0 -9999.0 -9999.0 -9999.0 -9999.0 -9999.0 -9999.0 0.0 0.0 207150.2458933694 187743.99604507652 175500.16259676358 257997.25756510894 311.69885813706463 56306.127192941225 217751.10411027947 583386.6003634377 849786.00046939 829050.3562745019 920711.6313355824 897056.537490508 948747.8094419308 740388.3483335682 823209.4227445801 879511.0968347292 922483.1838337923 947226.6024402736 1003005.4418986744 1048185.9523730086 1002408.1260287892 1002162.2447416809 975982.1417290928 1003618.7442081231 1016696.4100850398 1015001.3867980677 1009071.7880887596 1010209.3917944429 901013.9402574308 639212.2329614883 621642.2995570349 547503.2226052483 515463.7052327355 534578.8750495821
-9999.0 -9999.0 -9999.0 -9999.0 -9999.0 -9999.0 -9999.0 -9999.0 -9999.0 -9999.0 -9999.0 -9999.0 -9999.0 -9999.0 -9999.0 -9999.0 -9999.0 -9999.0 -9999.0 -9999.0 -9999.0 -9999.0 -9999.0 -9999.0 0.0 10789.706809783314 216733.28325868872 195109.8310546075 337098.20965408435 369700.4831501343 904369.6477659999 844789.9125518275 1002123.5251827902 861270.2619487506 825597.514592142 1092639.5242132451 924877.4747284868 833743.6043598087 822773.6415831633 762814.8383203766 876822.1532041532 915959.2897585068 954532.2148081083 952901.888614489 942419.9033060342 940028.1490709546 940141.0249629673 915439.8331649866 946482.0682325994 945942.2855944234 958592.7866631671 939581.0220865095 650566.8209363155 607595.7127642671 583228.421449809 502789.92093933217 434036.8639014077 426144.1729814289 565792.5132329315
-9999.0 -9999.0 -9999.0 -9999.0 -9999.0 -9999.0 -9999.0 -9999.0 -9999.0 -9999.0 -9999.0 -9999.0 -9999.0 -9999.0 -9999.0 -9999.0 -9999.0 -9999.0 -9999.0 -9999.0 -9999.0 -9999.0 -9999.0 -9999.0 0.0 947.4670549925734 175647.60455847663 254518.40892256788 223587.99613572628 550758.5780198673 967235.076529 1321188.0351629998 1190533.4910749998 878479.312317764 916928.973864389 1044845.6337665865 1039462.1548358299 969378.3514334203 761945.512410793 785115.6354488689 839229.8598068303 880068.5734399921 867443.1001661016 974689.2745934133 956918.8946182586 927980.452818383 916484.8268352164 890490.3798514124 931047.998651819 877865.4544062286 872322.7134507033 608742.3521020019 575836.8470955169 549665.8528324198 509635.36193860776 528817.019943099 462917.1384724558 481200.0509042881 460151.5262441209
-9999.0 -9999.0 -9999.0 -9999.0 -9999.0 -9999.0 -9999.0 -9999.0 -9999.0 -9999.0 -9999.0 -9999.0 -9999.0 -9999.0 -9999.0 -9999.0 -9999.0 -9999.0 -9999.0 -9999.0 -9999.0 -9999.0 -9999.0 -9999.0 -9999.0 0.0 10413.052871360098 305073.93859577266 230855.85032902143 314328.4702280058 1209869.8051635 1308318.0982345 1242767.3067325 884006.18579535 1278176.3153310001 1134745.4684358616 1166853.090134924 1068013.7442957088 745188.9495491672 672575.7180915611 813570.705046895 875574.5115036338 878524.7067866779 843435.2088448423 806925.5598442183 600292.5008598501 580867.4368400142 791621.6210671357 764021.6010383083 430977.45483417186 493546.57630197715 582114.1183850088 449330.24003966124 398966.2512764353 397330.2757537855 328343.10134832415 645463.4884993575 501668.1802995079 505744.2221676366
-9999.0 -9999.0 -9999.0 -9999.0 -9999.0 -9999.0 -9999.0 -9999.0 -9999.0 -9999.0 -9999.0 -9999.0 -9999.0 -9999.0 -9999.0 -9999.0 -9999.0 -9999.0 -9999.0 -9999.0 -9999.0 -9999.0 -9999.0 -9999.0 -9999.0 0.0 2204.848229497252 235972.06347486775 286818.30005023634 266064.18860197783 388952.65685452987 1200803.3693555 1232427.9455375 1323342.6324555 1310076.2157915 1259878.8961815 1092872.7523834999 994552.6899236286 989706.7909620883 674447.8026833028 651753.9893705447 825583.3674049056 781470.3659728669 802494.8696312447 542027.9537835437 482948.80453966616 489529.4600405156 513309.68362068787 580590.697797398 538339.4420719065 422508.40635182284 384908.5100543381 300455.89689345437 271544.2757986611 362212.37731536484 379382.89086312166 335465.7742048429 288453.09965586 358343.65103718254
-9999.0 -9999.0 -9999.0 -9999.0 -9999.0 -9999.0 -9999.0 -9999.0 -9999.0 -9999.0 -9999.0 -9999.0 -9999.0 -9999.0 -9999.0 -9999.0 -9999.0 -9999.0 -9999.0 -9999.0 -9999.0 -9999.0 -9999.0 -9999.0 -9999.0 -9999.0 6595.046676777908 178694.58074745472 238326.02903393196 273756.6578079928 214859.60658711684 502378.4831901676 1275239.5834279999 1338438.98737 1337018.7055735001 1273883.9003964998 1107307.524733 1051487.3772551646 969860.837945756 766305.6790284031 694447.4420876438 699207.3847569738 687339.0442952145 731247.466014688 492929.41705086146 461889.57848616125 386112.4321658453 478495.42103729537 409330.88485157385 401947.250450995 361505.44485681056 243866.6475952112 64756.36111799815 245887.86170072042 274253.07703322964 298837.4681857744 239826.15936931228 218696.49389415668 316741.71285733354
-9999.0 -9999.0 -9999.0 -9999.0 -9999.0 -9999.0 -9999.0 -9999.0 -9999.0 -9999.0 -9999.0 -9999.0 -9999.0 -9999.0 -9999.0 -9999.0 -9999.0 -9999.0 -9999.0 -9999.0 -9999.0 -9999.0 -9999.0 -9999.0 -9999.0 -9999.0 0.0 3674.3435844750884 154914.49338791016 192651.77451454994 199782.8518460498 192852.10291866417 1285907.1841199999 1380276.0658795 1251420.0785305 1303891.279333 1108056.1456615 1051705.5657603738 954199.6856865734 720700.1475611889 688811.0609127993 658630.5131645402 598846.7399010966 627371.2582912717 401126.3014234494 403820.1436368136 382047.7512862649 308144.3560453138 262539.10117794777 270991.3920491044 250829.7097757554 208630.63969667914 170199.6942116879 144666.17754871942 167257.69790524265 162551.57161797312 152162.8378979109 151878.30377684653 142265.77146595524
-9999.0 -9999.0 -9999.0 -9999.0 -9999.0 -9999.0 -9999.0 -9999.0 -9999.0 -9999.0 -9999.0 -9999.0 -9999.0 -9999.0 -9999.0 -9999.0 -9999.0 -9999.0 -9999.0 -9999.0 -9999.0 -9999.0 -9999.0 -9999.0 -9999.0 -9999.0 -9999.0 50.138737528364224 105691.4981657164 176511.63199977408 71831.85238922074 169418.96385297226 1104070.168788211 1277269.763049 1334875.6566994998 1271722.333068 1264479.1769889998 1095967.2767849895 1141519.5661217747 973775.9305280554 741592.1955701712 614897.0959805886 459656.27015692915 259523.3099478315 232445.28231326368 198832.2258857162 224007.75360898353 279680.71985505184 225314.18001842775 183260.48712092158 138565.64102283696 126145.48872245221 98276.85176370545 166680.8235605027 319032.3597811896 257060.47831905677 153279.29395901528 105654.93094253034 92518.7245148118
-9999.0 -9999.0 -9999.0 -9999.0 -9999.0 -9999.0 -9999.0 -9999.0 -9999.0 -9999.0 -9999.0 -9999.0 -9999.0 -9999.0 -9999.0 -9999.0 -9999.0 -9999.0 -9999.0 -9999.0 -9999.0 -9999.0 -9999.0 -9999.0 -9999.0 -9999.0 -9999.0 0.0 7548.218283956239 180959.09863296372 176848.77860052956 235011.95128594362 343125.8720859673 907847.4312422536 1358712.6756735 1131201.3527759998 1027830.938864776 1228280.8080991171 1116879.8725645863 1000467.1867014917 829462.6645160012 788957.54891577 533593.6085088984 254459.4984770153 88240.47644720893 87665.74674802313 122329.5954856982 181365.7380034955 149449.70347693117 123009.37998560109 114114.43886301882 88227.53861150594 64452.210738519236 56929.59172015858 73323.83502222765 115731.7131206974 339441.7334237777 129090.38978568114 83906.93289799869
-9999.0 -9999.0 -9999.0 -9999.0 -9999.0 -9999.0 -9999.0 -9999.0 -9999.0 -9999.0 -9999.0 -9999.0 -9999.0 -9999.0 -9999.0 -9999.0 -9999.0 -9999.0 -9999.0 -9999.0 -9999.0 -9999.0 -9999.0 -9999.0 -9999.0 -9999.0 -9999.0 -9999.0 0.0 177243.54503241493 242307.955669894 151836.0447404237 138741.92923015778 237887.51836427065 647614.609764358 814299.6270967947 736498.4854017874 1001809.3866205447 1061962.6353807044 1094434.1805405999 986392.2048769268 988541.2125314747 795521.0407364896 454127.7969951975 123303.98606985735 76844.30447473084 88141.68146056219 134812.7875432685 122406.9547009937 102781.6279482477 77444.43572718775 67151.06474191291 49331.31786043898 34477.462488915844 29350.760564641478 63218.21960779647 64033.647244819294 57722.298849586274 53527.03481222818
-9999.0 -9999.0 -9999.0 -9999.0 -9999.0 -9999.0 -9999.0 -9999.0 -9999.0 -9999.0 -9999.0 -9999.0 -9999.0 -9999.0 -9999.0 -9999.0 -9999.0 -9999.0 -9999.0 -9999.0 -9999.0 -9999.0 -9999.0 -9999.0 -9999.0 -9999.0 -9999.0 -9999.0 0.0 17530.818980876877 163535.9233876026 181013.63178369348 127478.90584888622 142017.9966704149 249550.54150661675 625235.2445672485 255554.71754791876 254214.2870817789 481211.1232944629 1057686.6941155707 1298963.3955428295 1057050.8836744998 1230988.7012153142 713569.985417503 228230.28095523574 101264.80959339922 93045.26730368377 125181.49721514566 112567.23087054859 165967.3262136066 41698.63206222992 99084.93980318133 96704.22562797183 44693.69878116173 5333.985200101095 0.0 28514.163358009762 31353.670266468707 58671.8852679395
-9999.0 -9999.0 -9999.0 -9999.0 -9999.0 -9999.0 -9999.0 -9999.0 -9999.0 -9999.0 -9999.0 -9999.0 -9999.0 -9999.0 -9999.0 -9999.0 -9999.0 -9999.0 -9999.0 -9999.0 -9999.0 -9999.0 -9999.0 -9999.0 -9999.0 -9999.0 -9999.0 -9999.0 -9999.0 0.0 5057.469296552678 93657.2099095621 131210.32349449073 156095.23392131046 78981.18855057766 232836.4650415742 223201.2285273151 268636.1015649195 97930.11244416091 164984.74474017214 1332768.5932748667 1018428.5463884999 1331515.3385969999 1121480.2187013829 393027.0016187376 279557.59245916514 244180.81880403508 232516.67053408915 184567.95597459405 147427.58880450722 110414.12954321767 80178.80454336992 112290.47087958436 48959.49338093422 99111.25839286864 0.0 8073.604855843462 80325.8195401165 50187.47798289395
-9999.0 -9999.0 -9999.0 -9999.0 -9999.0 -9999.0 -9999.0 -9999.0 -9999.0 -9999.0 -9999.0 -9999.0 -9999.0 -9999.0 -9999.0 -9999.0 -9999.0 -9999.0 -9999.0 -9999.0 -9999.0 -9999.0 -9999.0 -9999.0 -9999.0 -9999.0 -9999.0 -9999.0 -9999.0 -9999.0 0.0 10503.132705141532 120305.4205461958 104941.56529089106 69349.64882638333 116750.13225804029 107332.73591437066 89418.76896616809 57722.74189998267 47491.1895973647 191986.26626906567 1087973.7413809833 1329334.415446 1209082.5544273078 754079.0894704037 480269.22467928135 325083.17045542103 242517.759010026 161145.52260463132 72248.7238877534 106025.8421253501 100203.34036694825 68107.41037601115 41660.8516534521 53449.78042128565 45063.49865879395 47880.05446721789 0.0 64027.95625142169
-9999.0 -9999.0 -9999.0 -9999.0 -9999.0 -9999.0 -9999.0 -9999.0 -9999.0 -9999.0 -9999.0 -9999.0 -9999.0 -9999.0 -9999.0 -9999.0 -9999.0 -9999.0 -9999.0 -9999.0 -9999.0 -9999.0 -9999.0 -9999.0 -9999.0 -9999.0 -9999.0 -9999.0 -9999.0 -9999.0 0.0 1644.2237637893397 7049.9812458480865 32676.852764972962 154930.02113447737 91035.15313310118 89672.61641913612 80147.33594416577 82568.1346700615 70505.35518311475 30242.016434719193 67878.90969333031 328455.2393382864 989361.7708289011 905243.542178327 438513.41384722444 306838.5408527517 245282.05745572076 249406.016479017 145797.47636011298 88416.83260102253 108956.84338662974 39510.989028363176 21217.317983362056 54440.69899563091 27526.107576488772 19594.83499784688 0.0 0.0
