critload/trunk/output/1999/ngw_nat_rec.asc
ncols 720
nrows 360
xllcorner -180
yllcorner -90
cellsize 0.5
NODATA_value -9999
[rows 156 to 181 of 360, columns 354 to 412 of 720]
0.0 0.0 0.0 0.0 0.0 0.0 0.0 0.0 0.0 4059.4539826694886 0.0 0.0 0.0 0.0 0.0 2239.735632802619 340.62697157391585 0.0 461.42063588471666 0.0 0.0 0.0 0.0 0.0 0.0 0.0 0.0 5862.020951783615 1185.048724693459 0.0 0.0 264.44591273755975 0.0 0.0 0.0 0.0 0.0 0.0 0.0 0.0 0.0 0.0 0.0 0.0 0.0 0.0 0.0 0.0 0.0 0.0 0.0 0.0 0.0 0.0 0.0 0.0 0.0 0.0 0.0
0.0 0.0 0.0 39309.01287918385 0.0 0.0 0.0 0.0 0.0 51015.02316000376 21239.937856880424 11338.611079281582 6266.5362699739535 0.0 71.31322551969049 409.0864646585956 5505.989861965154 17084.884063484722 33022.12338649358 1523.8814498781064 0.0 0.002606915048723438 0.0 438.44360324311265 2253.3669202323986 0.0 0.0 0.0 378.19148815397523 0.0 0.0 0.0 0.0 0.0 0.0 0.0 0.0 0.0 0.0 0.0 0.0 0.0 0.0 0.0 0.0 0.0 0.0 0.0 0.0 0.0 0.0 0.0 0.0 0.0 0.0 0.0 0.0 0.0 0.0
120.8528230710541 0.0 0.0 15350.120946870455 17482.328654007488 7792.3405074860675 13036.421144946513 3677.425588122299 31046.475685512276 174795.78922159728 69963.8219183898 35777.557632183336 25212.055586123355 2847.0008220899254 4474.819063855212 18173.93295969886 0.0 6963.214091180327 69897.57384936127 57641.98053601928 39440.21369010172 0.0032073567757619423 19802.403764618695 0.0 10245.044597244456 0.0 70.14109538235691 1074.4492880207602 0.0 0.0 0.0 0.0 138.9598453117806 0.0 0.0 0.0 0.0 0.0 0.0 0.0 0.0 0.0 166.81118605009394 0.0 0.0 0.0 0.0 420.9679608260062 543.7193626294534 0.0 0.0 0.0 0.0 0.0 0.0 0.0 0.0 0.0 0.0
22140.474757245862 31244.337283338682 36586.60455032767 1180.0968169060204 81660.4708844353 82758.05569726008 13739.230094577628 57490.997943034694 226775.16117303682 265794.99213498435 67479.62646404954 57337.562539338556 33155.87495936998 22456.80253154583 35595.91118998299 0.0 175.5362898327949 7948.078645370081 15849.601854874363 32673.272657851026 12783.874344093672 48267.8910067694 12034.931580181388 1218.543859480587 30945.88714275327 10289.766628894886 1814.8902073538948 0.0 0.0 368.0388181008802 5668.84419165802 3246.981482833433 18100.39921785219 0.0 0.0 0.0 0.0 0.0 2101.2969191616035 0.0 15365.079901398416 0.0 0.0 0.0 14385.926298652126 0.0 9600.294134865682 0.0 0.0 0.0 0.0 5283.555855987388 0.0 0.0 0.0 0.0 0.0 0.0 0.0
326.0821813507812 30013.97130481022 57970.488589678374 27269.536166337544 60564.598099854506 98694.27878751897 64206.90874056407 93128.73662626721 179029.158137277 168571.6684552152 255291.23434985537 369675.2810380914 212911.20683516105 18297.505956550474 34662.09439429314 17183.161635004013 50918.530117218186 55496.75537398333 51114.72712472964 26490.091169933403 69760.4994966404 111281.80689635649 27307.58628601951 6622.909615033172 28713.746140603536 1040.571318350159 12443.944415617356 29541.81594507316 11986.994542361828 2830.3503866739375 502.1584899517035 3135.305368618115 38113.124488705595 0.0 0.0 557.2119113283371 0.0 0.0 3129.1930412946417 2260.9092010886725 28019.680409456512 0.0 1666.7784700238192 0.0 0.0 9748.243366735056 10261.574801233606 0.0 0.0 0.0 0.0 44328.8500493506 0.0 0.0 0.0 0.0 0.0 0.0 0.0
0.0 17247.857623704083 13224.359945512408 14518.764846108386 57284.746952783156 70359.6762925496 116955.83505591165 214889.03239693798 196977.09381021484 148831.4011199936 224862.8203518924 225140.16617758787 108092.256008512 107477.04521739771 129984.11226260486 49323.90823083061 12251.645446894543 9122.227494639352 3090.7717834675786 19525.116898181972 99131.7794788958 109034.33956265937 22122.57286094427 119536.02573507006 53821.57933266593 5248.103939892866 0.0 23750.633883007853 0.0 2021.218402678678 0.0 10234.270415695351 20996.458540214848 0.0 39414.80616602534 2473.731385944328 846.5611116603392 0.0 280.94023202635134 110.49426165640907 0.0 30436.4007033174 0.0 0.0 0.0 0.0 0.0 122120.01221984196 0.0 90013.55563407106 3909.704972271263 179488.02953552874 158306.53702894037 49668.01338657577 0.0 0.0 0.0 0.0 0.0
17725.58520571873 27059.541801604133 1446.1156647407556 36293.637541061726 41051.07165913205 38032.26056292174 188769.38389545152 293737.16394690145 192243.23424551034 220018.19393666805 75146.83475264574 55010.43846249962 95293.9783690812 87036.65824052259 68045.76647350786 71441.8962805255 74978.4932038409 22470.048612205406 29157.596611428013 58467.60411122338 102528.57538127777 42074.794952490396 85926.89910012149 88965.77063116296 27478.936852207207 0.0 2028.2556961315427 0.0 45334.352372046764 191711.89404431594 11353.648303538992 198621.93782064316 159728.721481109 137861.81020565573 0.0 30388.25305560102 0.0 0.0 448.86601208518164 0.0 0.0 0.0 0.0 0.0 102383.54885407248 200940.70556995188 421573.60158672725 31245.713456133653 20409.428230834834 249990.62156231274 263795.34255560185 184867.502317432 242340.07556915176 43352.483549581084 72281.14729954048 13769.780052526798 6708.8119152015415 0.0 0.0
80447.99065804934 147389.69827835457 116536.33508531895 82675.89234187736 58917.649607576954 34027.68096176452 117830.10099973384 364492.70107900724 67650.47254300621 194919.3553125821 207427.56074967879 61705.67957624866 37894.0131831037 151634.9636036529 48931.66359426588 29725.149072635602 114394.94963206231 119655.95494657886 79523.28929866302 89531.13898172828 128422.84383233213 56928.42279775438 31242.098736612163 8071.423331665521 11887.950137766793 0.004115629469559129 1434.4121715086594 52967.6746601941 164970.6497974995 252754.36038615752 34493.50409640833 9592.760299784699 590168.6254271162 415535.3570161065 334394.5317636487 229001.19352040486 174087.07164753135 8079.40304592606 11928.138599151283 0.0 23585.205780349654 1070.2912534240581 36963.495632265054 108486.5933858907 406205.4866652881 382279.81149154506 78353.1274572781 363571.8506615756 250534.54258057324 289501.39964841714 125033.54749905798 115473.93381015702 343191.75317627046 87554.80595734717 189742.0781238175 62107.14031931338 25477.982961572274 20471.83842169251 0.0
52134.748146027465 85045.214188128 108513.956540254 62416.10397746378 97134.12175681737 73330.76835956295 110634.44647283062 178687.1844951006 159487.8928618828 149207.24683132212 160999.11271521926 38574.699917899525 6469.644697907175 7614.9533306531375 5059.536126882696 20706.81154485038 15231.973269495897 83492.8275614587 61042.167555665226 86997.61948235563 31425.860724290585 0.0 0.03244197076312414 0.0 0.012372610115318238 3669.3669714119155 141794.88346455886 391133.3907572418 357815.2284459007 419830.4194261151 320912.39429253875 309374.7176976866 217502.62694726753 423682.45244089206 463952.61578787386 287134.0038531057 270289.6723179767 84139.21918259037 171901.39226798457 62294.25887978848 196929.69557062423 0.0 174684.74865330063 10463.686285213367 0.0 477927.70310276747 546505.1207300246 515742.1885738859 297015.4856612246 121216.51803958586 155498.1745492695 223279.670155791 420942.69615366874 166864.00251768998 105790.24795598502 131923.8557422 78386.21018136917 13892.186355304246 12038.694601686215
58491.539503308944 12721.289930459812 15682.353811362453 74266.75480428778 109138.65769956853 160853.15505968523 93109.27265904851 150067.9919837008 98010.03586140648 4382.056484920704 61070.15106303227 7459.13688568864 20743.046357670522 46320.52572089472 70540.47655629712 28907.06202703996 45216.74637957824 101069.08665053021 28938.09588049102 12605.84080460596 136781.2987062267 34881.4132059165 4818.424454777066 0.11051164877631758 0.023171623203238862 178172.09836172272 320276.7526773062 657762.270499687 431963.7293427471 679623.0476133382 497320.2015875333 378417.4884126621 343484.89308931935 368529.2276797626 352246.49486162566 409124.6269828573 435122.9816361502 326010.3605292606 332152.2460675665 422845.999038239 609955.7410739022 487477.13134851167 77095.3357291254 366550.7981565903 84393.47870998633 533422.9315682804 580953.18520131 552258.7118409491 519057.97859888745 235768.5268992543 205768.1921909211 235173.84394879034 310981.39779961354 183113.2058894058 189871.5093727307 233637.24734937042 169877.12231369168 57065.292401603365 14460.597174355846
70506.99892129113 47848.62068509305 10603.553815345264 36389.38900027408 122767.23625888748 73511.2758352655 54606.95716293373 46689.04033775665 26203.444769324862 35538.14295156018 5750.310271119489 0.0 23779.406515117364 28402.174038362322 59712.27078845885 107343.32902395002 271483.7594052482 223961.27768804866 30140.575098152418 19257.21186213562 21309.55724034369 38610.00400583977 51947.988302186284 61057.47129847769 189967.00837963462 547602.4797989057 608556.077917766 652521.543304255 350149.7181870972 400388.9325357744 622502.1731085691 513059.40484617837 460002.23445155827 449988.63873709465 353514.5758349179 400130.51696397946 432980.01848537097 585311.9206250354 386663.35515007825 422549.85171283 489721.8274734497 522198.7664904505 419212.63108063606 559518.7481530139 555851.2807211665 453993.4551801985 629595.551702223 501281.11903001415 501596.3685312507 399847.10091989324 372033.3149110086 281845.22740408813 333711.4328703575 326288.9543806556 229398.58008223827 210641.71264990597 137888.64505472902 172133.6248846757 67324.89807694303
66433.4658915677 82926.1206676644 51738.65404068237 52023.224709318085 17637.98277593909 30505.868083705187 42617.552406764495 1485.3854063549443 303.82182586395766 4247.5157366767635 601.596519003122 0.0004213255563819249 6290.539530971023 0.0 5295.369285532652 5861.610278996903 295345.8126161188 154246.57160950569 40911.47042682792 5290.427710183362 0.0 0.0 21828.20616247115 464685.2853903135 598609.8718714466 630143.350668315 371442.6813251399 632479.5089226667 581084.4336495431 682376.1410224702 695183.3664777628 519839.2243361289 539501.2323016207 475362.5712891413 408245.69020815386 314955.631848325 363806.88459246553 378247.3030679569 464486.9639775742 462804.95289884246 524612.8320617176 543248.7319512416 410535.15745241183 410451.30956334935 370700.8148973801 487119.0206638883 346419.20414500334 341671.9093017987 194089.07656059897 298587.055984536 293152.2792038172 215296.40856885424 286861.00052924064 436629.355755052 290215.7008653689 336921.8319559978 385327.7568648382 247801.4879292547 181633.87282377036
128722.3147542555 92044.22496242747 39578.20086104758 11318.383782589774 0.0 0.0 0.0 632.3711337218379 -9999.0 -9999.0 -9999.0 -9999.0 -9999.0 -9999.0 -9999.0 102.94991851419259 120006.5307098813 184862.09861177148 21130.428329171806 31448.72718053099 0.0 0.06663048399742837 439883.749221609 682063.5393838534 906914.4401849534 984697.1410347049 341665.9650384107 492285.2063671546 576796.2355115478 721110.7807199999 432364.0559013272 357672.4332421958 321464.21495008405 658190.3378499311 313331.1969989805 230727.13470707048 355370.80608854594 165795.62285958749 172293.56382592785 440779.3518925252 612084.8007007071 553242.1408248912 233995.36242294713 325466.0730993128 206858.594167968 205899.49800382913 265106.92740211077 363670.7890053598 357040.9242045862 367113.5272420823 387815.78415095364 429528.5471634199 305606.9555532802 207862.21906082588 380718.92256193125 354339.71768855717 406292.7393907767 239881.08707382594 223104.11260872916
46972.22961830621 108959.01315971735 27045.549614056898 693.2335880580378 89.14145064280548 0.0 -9999.0 -9999.0 -9999.0 -9999.0 -9999.0 -9999.0 -9999.0 -9999.0 -9999.0 -9999.0 43416.76218016618 175857.3384824548 35667.969373787215 0.04695438945454088 13943.394749920302 35389.47530163534 484500.9809243009 931450.3135192762 925124.1097957324 890304.8184558915 497345.6192177562 397156.16846145113 448899.9394685962 375946.3538181902 218497.344119568 179416.82222490985 180159.95651633653 351014.9757265776 201368.2027916651 177268.46235824487 298602.40248420904 123205.71690559904 159237.8064971646 268548.9752336324 501889.85666654486 381657.1178039114 258103.90759420054 256346.3317311341 439740.052333434 398246.96509603277 464377.3701678749 429941.8265083923 475364.6589790064 497324.139373604 482854.0036209014 126599.84452850134 127983.86573586047 188494.8752131022 374925.92158718634 395152.8080649636 393355.2436481708 291669.9695785452 301161.90737685683
-9999.0 2421.8215925411387 0.0 -9999.0 -9999.0 -9999.0 -9999.0 -9999.0 -9999.0 -9999.0 -9999.0 -9999.0 -9999.0 -9999.0 -9999.0 -9999.0 3663.7821368362324 246286.86252491857 136368.88511500543 160363.4122689476 399616.07056614093 17979.769434854294 67271.13580713933 1078886.2929699484 1098340.755131741 846635.2591265289 788718.3024097946 611030.3386881724 369261.30205482064 258797.19248660686 194571.76311363923 223374.1772737637 228251.71775755327 330749.61210864125 140013.4821943803 289838.2738783211 242030.07079181896 203710.26902376636 274014.4603317408 407972.04859166057 329212.57619949966 471823.17008072714 774386.9842219977 193567.38675631068 362593.0668233773 417624.18408408854 365272.15158496896 374571.7778183278 336747.5263038312 427831.46123133734 393213.17173586716 130667.50975578639 160435.37996962876 167097.7283751007 354232.3934530733 178395.40867511198 278712.2268411659 218157.98468653546 264876.15752934053
-9999.0 -9999.0 -9999.0 -9999.0 -9999.0 -9999.0 -9999.0 -9999.0 -9999.0 -9999.0 -9999.0 -9999.0 -9999.0 -9999.0 -9999.0 -9999.0 -9999.0 34548.18977031221 107268.87938340996 107780.19912927774 -9999 -9999 -9999.0 106013.53213804777 932888.5273697259 750058.023459557 711900.624470889 645677.7782159712 95768.75080729197 142886.87764423317 205832.2305886407 243963.64563594194 268546.32958624046 386164.78732754657 201121.06760711598 224584.57728147862 266499.0000968049 122204.98594125091 281189.0183469486 119533.77876581732 286392.5126242902 301683.101599597 156737.72199262277 462811.75695574004 331529.99754840566 297354.43169167684 412047.9697004774 401650.26302146364 284864.66181245813 145784.09018882943 255276.05861779864 116457.0966484534 122018.41519260468 100495.21376100591 189456.0294096144 148599.18285234147 208765.40848858972 504452.16632342554 287430.99294345215
-9999.0 -9999.0 -9999.0 -9999.0 -9999.0 -9999.0 -9999.0 -9999.0 -9999.0 -9999.0 -9999.0 -9999.0 -9999.0 -9999.0 -9999.0 -9999.0 -9999.0 -9999.0 -9999.0 -9999.0 -9999.0 -9999.0 -9999.0 411475.75386029185 -9999.0 167388.47295450472 535912.9505106537 559594.8057815016 384936.87284763635 180562.85521457568 196329.01570987856 223473.66410528176 237136.24449681566 212704.8783724888 259073.43656257927 280225.300666327 225935.88057830065 154899.35366334865 113317.26045707215 154663.0517319916 203654.469310825 137389.7300379711 121650.64127530754 370565.00308499025 251505.03999058472 424781.35450282914 472760.6801063223 367205.6236408066 101429.62218083814 46725.23900411704 59891.52813673659 149795.80263845113 96638.794298339 95216.63340972934 107192.48544472677 115772.83224372112 237660.95347603533 475743.72113690234 507137.2972286379
-9999.0 -9999.0 -9999.0 -9999.0 -9999.0 -9999.0 -9999.0 -9999.0 -9999.0 -9999.0 -9999.0 -9999.0 -9999.0 -9999.0 -9999.0 -9999.0 -9999.0 -9999.0 -9999.0 -9999.0 -9999.0 -9999.0 77875.48301976827 414836.4446271092 -9999.0 65007.208897440614 765237.1680723297 702653.4087609494 486415.7875411605 355410.72875048907 329514.57443253323 345419.15728749975 369466.7960822996 338811.61626194214 297356.6381104987 230628.14743088046 165318.77115931996 144756.8136585907 239314.25921597664 200740.18532313636 244657.0361731624 268123.2038432723 167772.14939352573 452227.60354562476 458870.0082630906 320807.9580612361 381313.5649646203 149293.45047361084 66487.31506220323 65319.497598403825 66968.33005793986 81778.93015761336 93541.71664271217 119678.28723326344 140448.46350744995 162626.45529815007 171631.30733214854 178130.3103815553 223097.6710834473
-9999.0 -9999.0 -9999.0 -9999.0 -9999.0 -9999.0 -9999.0 -9999.0 -9999.0 -9999.0 -9999.0 -9999.0 -9999.0 -9999.0 -9999.0 -9999.0 -9999.0 -9999.0 -9999.0 -9999.0 -9999.0 -9999.0 -9999.0 -9999.0 -9999.0 92691.77020032525 684815.390545277 662001.9853344784 463761.2467609171 429895.7783239437 358878.3531910477 343312.2956587911 366975.7961789078 349107.7983826768 386263.48906397785 333320.5781788112 192243.34756056534 169379.86646078172 241858.66333655894 312506.7253583555 238238.90687964362 247622.52405808077 235613.21821288316 62656.445887351576 191697.23671782002 172205.7874789735 189242.18848508058 108563.79174625705 106004.58993464979 98528.98324078239 80562.03791940355 96733.62879542269 103569.06684795907 104129.48660816361 109516.3303410984 112214.91653162525 178369.52104794528 185235.8686389504 195460.6834451618
-9999.0 -9999.0 -9999.0 -9999.0 -9999.0 -9999.0 -9999.0 -9999.0 -9999.0 -9999.0 -9999.0 -9999.0 -9999.0 -9999.0 -9999.0 -9999.0 -9999.0 -9999.0 -9999.0 -9999.0 -9999.0 -9999.0 -9999.0 -9999.0 -9999.0 131209.52496721986 638942.198095485 510422.1702228273 323826.65378574975 357835.8417711381 372432.98667155445 368922.54429463646 379972.4686806925 385376.02016334306 453915.78378849645 349841.98890498414 310262.08932117233 284805.29414755275 391260.62451617874 360758.7125743537 335470.8303441909 57477.246095842325 98940.64084801472 109550.31803936674 57434.227210506615 29250.986213119384 72031.1961262337 255763.3307033493 227150.3104763565 178827.27864046517 92241.92651729814 187438.6331599125 159269.2032452255 129584.41683389535 140271.50739615058 141288.57337798702 153432.2863038888 183496.66023169644 278197.8755866951
-9999.0 -9999.0 -9999.0 -9999.0 -9999.0 -9999.0 -9999.0 -9999.0 -9999.0 -9999.0 -9999.0 -9999.0 -9999.0 -9999.0 -9999.0 -9999.0 -9999.0 -9999.0 -9999.0 -9999.0 43420.430331244395 -9999.0 -9999.0 -9999.0 -9999.0 289051.3021146823 591907.0308338532 511847.0197608261 407474.6342948945 365184.6124822113 354139.0661184566 349893.4433437134 356861.7219632225 389279.22118888324 329932.73499492306 250301.04669857668 331184.41918537754 271464.2577295836 432931.21045849164 397425.9487856276 95223.8591868906 108894.04673816268 237910.58587268114 161843.82415993308 143342.8839290575 194217.67432032002 121523.65169918639 242957.35199605644 253143.97883613312 191699.2272935417 167768.50702978103 216628.9793191955 246825.4328358788 156668.1186368028 174300.4322145031 209711.1434309888 189939.6628444011 181971.77429637598 197610.06205306886
-9999.0 -9999.0 -9999.0 -9999.0 -9999.0 -9999.0 -9999.0 -9999.0 -9999.0 -9999.0 -9999.0 -9999.0 -9999.0 -9999.0 -9999.0 -9999.0 -9999.0 -9999.0 -9999.0 -9999.0 -9999.0 -9999.0 -9999.0 -9999.0 59255.842866523715 624515.7171666994 573198.699346798 537591.7350896603 484540.71928149735 385855.6742383419 344624.4295248807 359807.5294655659 379889.3131367209 389995.418823766 361700.76233149733 343295.05970446503 290406.74003619154 405404.06463082373 433227.2261104016 386452.6547583448 59283.80388245217 58878.10342057205 191857.53407530967 124045.73955229804 141156.93182121436 133982.0203651662 151488.82128211905 316977.165043359 267459.2921489075 242569.07601717074 217909.18024762912 224444.89399756273 227286.92747996596 260052.85785983497 202211.43638519634 223165.26712203588 226529.2391202137 204060.96291657584 179103.54776450415
-9999.0 -9999.0 -9999.0 -9999.0 -9999.0 -9999.0 -9999.0 -9999.0 -9999.0 -9999.0 -9999.0 -9999.0 -9999.0 -9999.0 -9999.0 -9999.0 -9999.0 -9999.0 -9999.0 -9999.0 -9999.0 -9999.0 -9999.0 -9999.0 27400.672735172142 516255.6865168184 640443.1456765716 485939.4219553518 431927.9895912189 415538.98644195194 391084.68757517013 335957.2015956184 368657.2475129384 377297.2519320459 380368.1184188521 571113.3953398155 409479.995288023 322400.7512295036 356895.2527011865 111802.60598425183 109349.8352124917 119796.98118264232 145644.25476744556 131091.8925094549 156178.67882980994 166453.66799175332 408874.5384444139 408969.81761968014 378739.5197506325 352301.3750618035 315477.989921779 269630.56330433633 255523.89753853527 184235.11417625527 221657.7081901563 237453.03607272552 194674.2575868453 174524.7004443819 142100.70880545772
-9999.0 -9999.0 -9999.0 -9999.0 -9999.0 -9999.0 -9999.0 -9999.0 -9999.0 -9999.0 -9999.0 -9999.0 -9999.0 -9999.0 -9999.0 -9999.0 -9999.0 -9999.0 -9999.0 98787.76345836137 -9999.0 -9999.0 -9999.0 -9999.0 57183.38873768196 290317.64200739894 495810.1839307641 427556.4006239316 555771.0610274986 382176.2988248436 390924.9573325302 370235.0092746211 390317.94528783375 404667.71959831007 384434.1018576067 328364.56314583455 332888.3817675994 352706.6285643782 59581.81871651002 91661.69140565892 83917.5368576354 158135.36012812384 103630.75101843667 149641.65506042942 502176.15862411115 448185.26502881636 482670.37344937614 511341.4627914561 514804.46394849813 482480.93206783105 394354.6426521374 318708.9752962778 314291.057658031 280077.9952663666 324751.2137402286 235884.47114329145 212175.86190064173 165790.26018637302 178897.31463774075
-9999.0 -9999.0 -9999.0 -9999.0 -9999.0 -9999.0 -9999.0 -9999.0 -9999.0 -9999.0 -9999.0 -9999.0 -9999.0 -9999.0 -9999.0 -9999.0 -9999.0 -9999.0 -9999.0 -9999.0 -9999.0 -9999.0 -9999.0 -9999.0 122865.6994363722 816967.3914856823 803981.4737497797 447387.6578021193 526162.1968927743 405371.26124644344 433781.17747996043 356844.29705880117 465018.2688917251 465087.48481759866 291827.7937578853 279084.27914296504 351362.0129549499 470211.40081039333 6873.961793841496 27086.24916363044 126768.19559834003 152849.6705829283 61795.577529553215 179956.7893150904 193731.16621223788 316813.38331375556 602050.501692017 686232.5409402846 610938.8439499536 514262.4669893415 463737.9372716325 376253.4954814253 384378.4952060221 345723.3419267251 325725.2867766616 331377.54650675115 302406.0258772644 247785.88510093308 143766.74521354443
-9999.0 -9999.0 -9999.0 -9999.0 -9999.0 -9999.0 -9999.0 -9999.0 -9999.0 -9999.0 -9999.0 -9999.0 -9999.0 -9999.0 -9999.0 -9999.0 -9999.0 -9999.0 -9999.0 -9999.0 -9999.0 -9999.0 -9999.0 32447.510979580664 93688.03953423076 272863.55812294 375729.3070236827 410908.6405937505 633217.3695868828 467785.58271518396 335353.0840846254 437570.6900400392 509399.50424230215 485458.6466475444 230554.98596289835 244893.24601550022 182924.37015132964 307431.2548558832 120772.59813101034 13039.278743118097 163681.92121174835 141458.8828022598 66031.94441049773 550992.7251649916 666707.8021208654 658779.569450482 733401.0283058931 657228.8756516419 776033.9325895366 494594.72514405753 498341.1020477705 445617.2226018988 340504.91681383527 424201.1930116163 412275.2661674938 297657.95511367626 315901.70752149384 290035.7630189763 160979.3609910659
