critload/trunk/output/1999/ngw_nat_rec.asc
ncols 720
nrows 360
xllcorner -180
yllcorner -90
cellsize 0.5
NODATA_value -9999
[rows 52 to 77 of 360, columns 59 to 117 of 720]
1693.000341443032 1648.5129062693914 2509.003194728879 2567.0708380044007 5375.040574256905 3660.0515524256225 832.9800099049013 427.6386608508283 701.752776659539 639.7065760559956 378.65876716436884 510.45265096091043 77.10697289003859 0.0 0.0 841.839133011146 106.42783577667043 0.0 469.97469101098864 860.7857760217015 0.0 0.0 0.0 0.0 0.0 0.0 0.0 0.0 0.0 0.0 0.0 0.0 0.0 0.0 0.0 0.0 0.0 0.0 1580.3245518437982 361.94902553401687 2717.156539191535 4880.137475193013 5582.354870997896 5071.764643510948 6437.3352310257 4491.878046100528 6855.578452415224 2503.865178113978 2797.3478684697216 2996.4346274817694 2900.7094364112922 25.139722149868124 0.0 0.0 0.0 0.0 10.369642035721105 0.0 0.0
2710.3445029520653 9644.480522076312 7007.06134394833 5399.929371001717 3308.3880992978206 3396.4207417027733 5878.364346816616 4470.659613995889 3750.2150255222436 1870.6187554108144 1296.3625405928774 1939.4982193211686 1721.1448818687181 2185.259287278337 134.97568108211573 0.0 0.0 0.0 0.0 614.9924821942747 0.0 0.0 0.0 0.0 0.0 0.0 0.0 0.0 0.0 0.0 0.0 0.0 0.0 0.0 0.0 0.0 0.0 0.0 68.6228509318109 322.9451220557177 3080.8707492896983 1228.7717563835763 6839.071640210069 6363.716027814335 8436.398937169568 8082.271165714535 6183.87753796135 5216.128798026411 5330.194048607284 2503.2850868421947 2960.7848831258716 2907.778228908428 68.61104894963724 0.0 9.05159343035929 0.0 0.995113464870314 16.941281487606087 5.299200166970367
7487.9437044036185 4441.026308471056 3782.4082695979446 2577.0412768800215 2397.3713998979415 2087.1643756545564 4482.371348435861 596.0793304766413 109.84488059917996 0.0 1071.9947797699253 1782.413300126633 2162.488307276512 2679.10778104407 2525.4905528297236 1911.6244663592693 706.8309669839616 353.72179422186247 799.6483176494612 610.4027899196592 249.79987504674392 0.0 0.0 0.0 0.0 0.0 0.0 0.0 0.0 0.0 0.0 0.0 0.0 0.0 0.0 0.0 0.0 0.0 0.0 307.90574977190795 667.9810894673324 1495.2595818250331 3600.7093493531643 6796.531562187439 9167.293384601207 9989.78752660527 11472.988047810166 9443.093733140964 10094.423100523936 9440.371679129594 8604.968804944692 4701.585050864322 13.040305904046788 221.96923839252847 253.39152621329646 1.5354861850685717 0.0 0.0 0.0
5480.128357024205 3630.4823380464095 8263.633518757222 5797.674382177183 13312.027827350572 10377.30582433163 4041.827054183865 4296.51787827037 2169.6790253330532 2591.984784118343 1124.5626131001256 2832.8639093444467 3215.139442096661 3432.381997074915 7661.7525287096105 7708.11183639252 6894.285971936318 4732.545696921869 6167.739530020048 5150.995602111897 870.2340401213692 387.29826396842293 0.0 0.0 0.0 0.0 0.0 0.0 0.0 0.0 520.8652683309043 208.56562069950112 551.3011764695477 566.3165572740642 0.0 0.0 0.0 0.0 13.430050356047305 164.5516432372433 1140.3429359532888 2230.8841323657434 6768.170592775146 9469.994596623925 14715.99835081617 13888.1747780562 12130.95157567665 12578.435921418957 10247.134500027201 6830.533120119914 4480.8167274278585 1863.7223744175337 913.3722872955509 1496.280512074851 1500.5743914714446 2642.903741837251 366.0501817747249 1107.8199669244443 320.9821017859389
4732.417094381518 3313.9771107531665 5670.330652320174 10006.397780763551 14590.184695646518 14716.534782793979 16066.492012598888 4827.149069785067 6189.110230814443 6218.260883246951 6149.976741412844 8206.753278850525 4990.889100292847 4960.927421826346 2436.5474215408235 3797.596588693265 4991.724022664657 10581.561080187996 10702.31786327074 8512.722184158929 3872.011523277643 4115.170286127714 480.5033959080554 0.0 0.0 0.0 0.0 0.0 0.0 0.0 147.30501557123753 72.53244828746087 404.22406936437443 356.77457187906975 856.6311722062902 1039.2244190393042 1207.362094786863 0.0 0.0 27.11986355340017 1821.0058375837175 2366.2989380926083 7388.45726380779 13539.95703711377 15427.616617896427 16467.820564523965 10896.655473776325 9355.341101636159 4484.59480427831 3252.1592598905754 2582.6039597123345 2798.0179681302525 2051.0430091983485 3618.166260471301 2258.800053723751 363.1081760024769 412.5299082651068 813.9805257331698 1145.6003162550514
3596.8637882721073 1050.6883818328017 16326.095580762754 10342.027509039764 4754.604320359349 3556.644742758397 4318.236807810436 2844.584563459134 10574.424089506427 17812.116283066727 17948.608292817702 25735.941841743053 23139.81766122557 15083.369895723243 11872.830361560005 21621.398462936388 23943.777640807286 2509.342979634801 63.05733382884629 49.47750857206151 1.613244860180126 8098.4064726456745 4157.882855244641 2981.2169369262847 33.44335890272877 249.94994724687513 0.0 0.0 39.53888243484245 0.0 0.0 316.5469852313314 264.54334413979046 406.51723006276086 1224.807580440903 1376.1782389954446 1612.8136500308208 3407.7313101804575 4875.7011198000655 1816.6416728798501 4642.651182222829 2688.602336707438 4012.976387930361 10749.336584122757 12222.941445765551 12271.700853604762 11005.885441901932 5145.138814564627 4608.480744559567 3611.547513515709 3410.8602373897343 3363.521822143494 3035.9338588093005 3865.6141846817363 3341.613123407501 0.0 2365.5840770751647 5399.653929032284 5215.854959835216
3303.6380157245603 13945.018247246526 16320.820452744074 12360.209078884034 9580.434299242228 2336.735067298904 587.4647743915474 2997.4683126520254 45999.693199374 23271.732148586052 10222.5981521646 12497.073761769734 10951.494534067959 9743.970119321579 7854.069689491062 15142.92184122456 11825.100543450868 4394.942273912885 2279.6801855735757 8.41842232027005 0.12000535473956506 0.0 316.9953793342394 4622.0412088183875 9099.248206342412 5131.923829383368 4212.1337333084675 4970.238417179837 2937.0951180581205 2632.424112403312 1287.597443054183 950.6553173547125 523.7934922269264 1386.9752590998962 1478.7979869984265 2563.8716531906566 2608.3574991567425 2227.2281775583233 4186.101392509457 5335.356510639335 5667.8936868971905 8219.48688203251 5451.596717294462 5083.306872324698 4377.442821989976 5218.042428826749 5078.358891510929 4607.938629390276 3279.2680030236406 3980.9072810221674 2365.9944718207507 4366.35146612341 3277.1855788995963 2697.0507698068145 623.8806920972416 3884.034568953019 3959.8945722023986 4114.365293326487 1033.469980118382
8161.43129916706 7595.003225800321 16343.635362483727 6046.9708780333485 29125.950040370433 312.5305904908347 3305.7820425839213 4223.174737168132 5856.1115043983045 2456.9742869493457 4927.1107156967455 14557.520923759144 28111.795053826343 11848.370794095319 7223.976461826279 8815.494533466679 13802.40723431823 3574.2240261975785 4210.791216035861 1936.4650553343706 996.2525859463105 757.9609318715945 389.4005742022413 0.0 6979.1486523966005 19015.88042230253 14241.26513826753 12635.233653510908 13216.746794532097 10250.06824586269 9123.719346880012 3693.395046616252 585.119261216616 1212.1905491637485 1590.5886790527838 2297.7184073719523 2801.6926815015468 3792.5806959419933 5494.290387467142 8326.81740547244 9175.970249888323 2739.702059123134 3398.8317328678245 4053.1634745208303 4393.933393145127 3145.122098794843 1867.1486578104837 2861.6356990560744 2028.9505609491976 2610.3565748686256 2808.0333995524875 4049.4137021160227 2613.4315567718786 3436.6663619017972 1080.4969454882737 3264.489196432699 3507.310279707733 3980.884102680493 2954.0122121671798
3977.558023114299 3144.5150792090108 768.2573795780215 3728.291262697628 -9999 5936.801562079434 832.3093391004863 -9999.0 -9999.0 -9999.0 -9999.0 -9999 -9999 -9999.0 -9999.0 -9999.0 -9999.0 425.0457110931035 3918.4390292542107 2100.0655781066966 5017.140055858969 9708.939464090503 13708.384077557901 3394.612083555014 9208.016278252759 14182.064539561172 11003.152052117 24695.186053944864 27331.50330941279 9885.317724113409 21474.51329171346 13138.771128889663 5603.475377136361 1686.89526123306 6523.814240636362 4836.223984391797 2757.0159920031547 5430.6476440642155 12260.532679747159 10751.220905531529 18188.719661112842 11065.087430937712 5773.875384341255 2476.077393931711 4741.445456097408 4815.251568038907 4893.44970915784 3161.0925673247775 1494.2082815269516 4513.114900183262 4845.746971915777 3965.4706192953336 3799.9130251542124 2473.9586584371636 1912.136495257209 2084.7600758889425 2182.7824245612187 2049.241354308641 1659.1834765171714
-9999 -9999.0 -9999.0 -9999.0 -9999.0 -9999.0 -9999.0 -9999.0 -9999.0 -9999.0 -9999.0 -9999.0 -9999.0 -9999.0 -9999.0 -9999.0 -9999.0 -9999.0 -9999.0 -9999.0 -9999.0 435.05535265419735 5109.313957958598 12546.265612107065 19522.236188455066 8727.326916398451 9394.042392382175 4466.343084883425 11674.479753834752 12638.52141606569 7788.366893127292 5587.590429245194 8192.405350022244 10112.355039128206 13883.675206852942 15544.136385280699 5942.097803558617 4580.052457618466 5710.456023102943 6471.18485297762 14460.770648854317 14292.981967351774 10707.845616827668 7624.641143771249 7053.419038615585 3729.6011610559144 5193.389547097991 5193.929319484203 7167.348931250276 7050.494203236172 7431.738794795026 9032.658743260077 4402.889138152184 4062.5892478717883 2113.7493695478092 2050.214565539357 1923.7330478760803 2281.2758616209826 1529.1136552165128
-9999.0 -9999.0 -9999.0 -9999.0 -9999.0 -9999.0 -9999.0 -9999.0 -9999.0 -9999.0 -9999.0 -9999.0 -9999.0 -9999.0 -9999.0 -9999.0 -9999.0 -9999.0 -9999.0 -9999.0 -9999.0 -9999.0 -9999.0 -9999.0 360.95029259013955 10158.136010100729 2086.178855574163 9229.869188608898 10395.228926325435 34198.928993915375 13055.092233811461 11967.914154373564 120.88343438736477 8527.727146509464 18021.50475548685 17208.450694277086 13644.139043765645 10633.477765036847 11051.271098570196 8615.91867288696 10824.800784195717 10243.774696876371 14670.029107964298 16472.109749207408 10557.094881224974 9296.018191745472 2873.977433018451 6835.066188189211 16043.29176744122 8909.65588421051 9688.460936109646 7786.822940638145 9807.0907562134 2329.7251344200067 4308.74905158615 1894.9854568974768 881.2201529962935 2234.053673344841 2346.586224299777
-9999.0 -9999.0 -9999.0 -9999.0 -9999.0 -9999.0 -9999.0 -9999.0 -9999.0 -9999.0 -9999.0 -9999.0 -9999.0 -9999.0 -9999.0 -9999.0 -9999.0 -9999.0 -9999.0 -9999.0 -9999.0 -9999.0 -9999.0 -9999.0 -9999.0 -9999.0 1989.1291566609957 6543.320938581594 13961.52873481041 33935.67556187577 28293.30883839319 24790.89483194496 27300.572122868736 32376.79556282047 11976.293670897028 23128.619241931276 17630.12690582287 18624.078650132324 11954.831011198676 7962.6809969433925 7597.40709975323 11508.317164428605 18066.111418459193 8765.17227779503 8067.94194019407 16296.74467316047 10607.613108896363 5476.601870498671 14719.27602975514 18861.61132088799 19835.60943517156 24313.115205012477 10306.05247335618 9163.582339494293 0.0 4064.2625170248407 1941.8563071700546 1870.0990913668543 677.8057309104998
-9999.0 -9999.0 -9999.0 -9999.0 -9999.0 -9999.0 -9999.0 -9999.0 -9999.0 -9999.0 -9999.0 -9999.0 -9999.0 -9999.0 -9999.0 -9999.0 -9999.0 -9999.0 -9999.0 -9999.0 -9999.0 -9999.0 -9999.0 -9999.0 -9999.0 -9999.0 -9999.0 -9999.0 28610.67429606968 59798.48416261213 52342.34436481014 33183.76722338269 38582.40580011467 12482.324713394983 45622.12973352668 3679.0655298384136 42799.94091570526 29515.10615292365 21937.001424489685 17297.095521954594 14948.297378433044 12109.494386044213 9827.830499349417 17951.722698052283 7009.5727945513145 11336.838528531183 17582.83371164162 19830.822789313268 9430.826695121154 9191.578590406363 10453.578167765463 22684.370128578295 19555.172491414552 13131.543283151812 5420.450141228164 0.0 0.0 0.0 0.0
-9999.0 -9999.0 -9999.0 -9999.0 -9999.0 -9999.0 -9999.0 -9999.0 -9999.0 -9999.0 -9999.0 -9999.0 -9999.0 -9999.0 -9999.0 -9999.0 -9999.0 -9999.0 -9999.0 -9999.0 -9999.0 -9999.0 -9999.0 -9999.0 -9999.0 -9999.0 -9999.0 -9999.0 -9999.0 37415.31512476526 54748.944616148765 19437.190890550854 40381.61036502515 28107.290020658693 18142.648433512717 16312.97729293002 6377.309004223873 67072.64164522575 17897.428345969005 38582.32273761768 18517.492981571355 20848.167372697757 14012.291555414158 10587.245218444225 6826.288054949764 4497.426711353486 16898.203986006145 17981.890568296996 19963.000476160167 18143.889538174128 8118.471658546112 9972.925499946426 21515.99254818474 13560.361210221825 12720.358925552857 0.0 0.0 357.4723241221027 0.0
-9999.0 -9999.0 -9999.0 -9999.0 -9999.0 -9999.0 -9999.0 -9999.0 -9999.0 -9999.0 -9999.0 -9999.0 -9999.0 -9999.0 -9999.0 -9999.0 -9999.0 -9999.0 -9999.0 -9999.0 -9999.0 -9999.0 -9999.0 -9999.0 -9999.0 -9999.0 -9999.0 -9999.0 -9999.0 -9999.0 18975.333097040133 49189.81606810719 36737.74136038701 159749.30967938367 174567.5927123679 123380.77740136454 18712.419384049554 61346.94114352757 20255.447113677892 46077.85866740279 34507.31713185365 25144.752512158866 20189.41145450765 7733.367748445852 5576.624173091677 2492.967787575573 7405.127119224721 20156.689551453197 16971.492733250583 12680.926987234381 10491.584204543928 9466.64352425961 14100.440684497335 16029.246669860062 11205.987792414553 5350.014720514196 560.5399205883183 72.74069521780154 0.0
-9999.0 -9999.0 -9999.0 -9999.0 -9999.0 -9999.0 -9999.0 -9999.0 -9999.0 -9999.0 -9999.0 -9999.0 -9999.0 -9999.0 -9999.0 -9999.0 -9999.0 -9999.0 -9999.0 -9999.0 -9999.0 -9999.0 -9999.0 -9999.0 -9999.0 -9999.0 -9999.0 -9999.0 -9999.0 -9999.0 -9999.0 12510.760530961968 45236.07400138121 81708.84783473375 133767.52496506728 89299.55266851248 137333.54335244704 55748.18892669237 57855.530792170386 58956.431350842286 15342.307438303938 17377.33782433528 23851.19508286214 11537.379990313351 7762.00265993176 3455.615576314313 3889.3026598254087 5808.627013533944 14243.258291501064 9804.72908445697 7788.010997169285 7947.926357243661 3952.951247304261 7357.638482275153 10349.975895942987 1254.9073823056694 5884.72547259683 126.57575893736795 7.370146476727301
-9999.0 -9999.0 -9999.0 -9999.0 -9999.0 -9999.0 -9999.0 -9999.0 -9999.0 -9999.0 -9999.0 -9999.0 -9999.0 -9999.0 -9999.0 -9999.0 -9999.0 -9999.0 -9999.0 -9999.0 -9999.0 -9999.0 -9999.0 -9999.0 -9999.0 -9999.0 -9999.0 -9999.0 -9999.0 -9999.0 -9999.0 -9999.0 -9999 11972.948454628899 133164.0116293667 215158.95122032962 100246.38353017572 163569.18578918776 207057.302584093 61340.351325288175 61106.888948787964 42911.087077961136 40735.730917764886 46261.58549017364 8257.042570864107 3448.1426075588856 6208.299179712584 2709.206368082689 3487.89880508755 6886.693867929495 7682.339831086234 9115.56896502027 10525.854600777993 8105.197478471753 12619.652504410646 12029.781108494435 1800.4371289111277 9683.701513608277 900.2246786920759
-9999.0 -9999.0 -9999.0 -9999.0 -9999.0 -9999.0 -9999.0 -9999.0 -9999.0 -9999.0 -9999.0 -9999.0 -9999.0 -9999.0 -9999.0 -9999.0 -9999.0 -9999.0 -9999.0 -9999.0 -9999.0 -9999.0 -9999.0 -9999.0 -9999.0 -9999.0 -9999.0 -9999.0 -9999.0 -9999.0 -9999.0 -9999.0 -9999.0 -9999 53005.04837122367 144329.56356268964 157716.29269020123 100096.19067555637 146310.0682236461 226679.84017019445 78534.62251189047 179633.88154023336 151575.3552313084 24263.483354621207 10145.829676998463 4962.3389882376305 5306.34013219276 3687.2977856064294 3863.401786098672 2675.8579425683256 5371.575418407664 7455.977409607104 8550.869880122942 10514.665371068244 12306.344866762296 22505.742888957804 22279.47366333917 14605.089976101488 8445.65388371607
-9999.0 -9999.0 -9999.0 -9999.0 -9999.0 -9999.0 -9999.0 -9999.0 -9999.0 -9999.0 -9999.0 -9999.0 -9999.0 -9999.0 -9999.0 -9999.0 -9999.0 -9999.0 -9999.0 -9999.0 -9999.0 -9999.0 -9999.0 -9999.0 -9999.0 -9999.0 -9999.0 -9999.0 -9999.0 -9999.0 -9999.0 -9999.0 -9999.0 -9999.0 7548.515870720018 37526.40263273141 73712.20733068165 -9999.0 5844.489511430871 114330.11434374786 194592.6242969315 91059.36878604144 131237.55697030885 138080.9600691098 34794.88233450478 23997.900389202547 10903.420185429724 5256.687969725076 3394.378708387071 3192.047326804744 4532.627254998423 1005.8212235411099 2704.8016310146877 5357.178784393653 9539.194821583662 11661.823227753004 19069.887565888315 25117.449315761984 20623.42950543837
-9999.0 -9999.0 -9999.0 -9999.0 -9999.0 -9999.0 -9999.0 -9999.0 -9999.0 -9999.0 -9999.0 -9999.0 -9999.0 -9999.0 -9999.0 -9999.0 -9999.0 -9999.0 -9999.0 -9999.0 -9999.0 -9999.0 -9999.0 -9999.0 -9999.0 -9999.0 -9999.0 -9999.0 -9999.0 -9999.0 -9999.0 -9999.0 -9999.0 -9999.0 7279.993101089324 32797.74827667386 22415.996869939107 14885.13696319406 -9999.0 9278.295767002584 174801.825049295 97518.65744939065 107741.5942011567 217853.8908461798 64400.02067658425 47356.03414979975 24324.073309096002 8187.620542171437 4703.370578328658 485.1890073198848 4481.652407928924 6299.906434308284 15450.98801891222 5754.70140969808 15835.045153340272 23553.957997350462 38415.89172392699 18124.168428285884 23291.57030898528
-9999.0 -9999.0 -9999.0 -9999.0 -9999.0 -9999.0 -9999.0 -9999.0 -9999.0 -9999.0 -9999.0 -9999.0 -9999.0 -9999.0 -9999.0 -9999.0 -9999.0 -9999.0 -9999.0 -9999.0 -9999.0 -9999.0 -9999.0 -9999.0 -9999.0 -9999.0 -9999.0 -9999.0 -9999.0 -9999.0 -9999.0 -9999.0 -9999.0 -9999.0 8734.190140486426 134048.24444563934 103486.90941311484 48279.73184473577 -9999.0 17583.174777392098 195828.65958499344 93561.67728746781 94531.55450640943 67287.491531507 93399.55320424156 76711.90213362618 49094.08559583828 24644.27034493535 7956.176105293533 6431.43014675554 4170.051903994085 12872.700070501804 3800.194393420103 2575.6584684198215 12454.752264160687 11478.990621905106 21209.02365746925 24880.069450145384 29351.861040873628
-9999.0 -9999.0 -9999.0 -9999.0 -9999.0 -9999.0 -9999.0 -9999.0 -9999.0 -9999.0 -9999.0 -9999.0 -9999.0 -9999.0 -9999.0 -9999.0 -9999.0 -9999.0 -9999.0 -9999.0 -9999.0 -9999.0 -9999.0 -9999.0 -9999.0 -9999.0 -9999.0 -9999.0 -9999.0 -9999.0 -9999.0 -9999.0 -9999.0 -9999.0 -9999.0 22505.982618600126 191417.24880689997 53716.805265146504 -9999.0 -9999.0 59702.70135726271 155239.9006492 167291.96454939974 260672.2761998875 104520.86898922137 102343.93970015086 81499.0853484618 42829.752267321106 23854.898268834168 7505.6657279566425 4545.016504501521 3696.365579992714 1798.546857864172 1001.3208521824848 9552.142114748076 11235.74092511236 11672.782203829658 21070.506838517216 32823.47476207096
-9999.0 -9999.0 -9999.0 -9999.0 -9999.0 -9999.0 -9999.0 -9999.0 -9999.0 -9999.0 -9999.0 -9999.0 -9999.0 -9999.0 -9999.0 -9999.0 -9999.0 -9999.0 -9999.0 -9999.0 -9999.0 -9999.0 -9999.0 -9999.0 -9999.0 -9999.0 -9999.0 -9999.0 -9999.0 -9999.0 -9999.0 -9999.0 -9999.0 -9999.0 -9999.0 -9999.0 30913.93687087254 141082.71544753565 4307.759776487933 -9999.0 -9999.0 -9999.0 96374.79042139999 256276.92470208538 264813.86824679986 119612.69250245 97009.00753214111 78732.41982357424 49182.42132220258 34465.99307434935 19728.605128648454 8173.116628522398 2289.394240244569 489.7111444102418 498.95443661685346 5736.059204878725 14975.951940235602 14001.664290230745 26912.50666882048
-9999.0 -9999.0 -9999.0 -9999.0 -9999.0 -9999.0 -9999.0 -9999.0 -9999.0 -9999.0 -9999.0 -9999.0 -9999.0 -9999.0 -9999.0 -9999.0 -9999.0 -9999.0 -9999.0 -9999.0 -9999.0 -9999.0 -9999.0 -9999.0 -9999.0 -9999.0 -9999.0 -9999.0 -9999.0 -9999.0 -9999.0 -9999.0 -9999.0 -9999.0 -9999.0 -9999.0 -9999.0 11471.411603963033 48829.546613783925 -9999.0 -9999.0 -9999.0 -9999.0 43635.05284814999 161358.60080484083 275289.46199655003 95993.80414879022 83624.0047857301 39766.30682592935 52488.96546441941 28308.766747968493 10233.675634412055 2789.8070898376623 0.0 40.60902432499131 179.73466689147983 788.1197036766616 5328.956775748357 14787.687065900589
-9999.0 -9999.0 -9999.0 -9999.0 -9999.0 -9999.0 -9999.0 -9999.0 -9999.0 -9999.0 -9999.0 -9999.0 -9999.0 -9999.0 -9999.0 -9999.0 -9999.0 -9999.0 -9999.0 -9999.0 -9999.0 -9999.0 -9999.0 -9999.0 -9999.0 -9999.0 -9999.0 -9999.0 -9999.0 -9999.0 -9999.0 -9999.0 -9999.0 -9999.0 -9999.0 -9999.0 -9999.0 -9999.0 -9999.0 -9999.0 -9999.0 -9999.0 -9999.0 -9999.0 69837.5974433098 228069.15651710244 106651.71767989754 104126.34570097995 50143.911424128404 38912.968300292945 95767.39221587713 37627.312058962816 8180.582066362518 2293.7764814092607 1261.3644405676707 4135.744652439832 5903.096733188756 7499.402471075216 3002.479706687801
-9999.0 -9999.0 -9999.0 -9999.0 -9999.0 -9999.0 -9999.0 -9999.0 -9999.0 -9999.0 -9999.0 -9999.0 -9999.0 -9999.0 -9999.0 -9999.0 -9999.0 -9999.0 -9999.0 -9999.0 -9999.0 -9999.0 -9999.0 -9999.0 -9999.0 -9999.0 -9999.0 -9999.0 -9999.0 -9999.0 -9999.0 -9999.0 -9999.0 -9999.0 -9999.0 -9999.0 -9999.0 -9999.0 -9999.0 -9999.0 -9999.0 -9999.0 -9999.0 -9999.0 -9999.0 95448.6359002 246379.94853685584 99398.2904004337 88268.93335362274 105799.58878489172 41616.26783734542 49906.16993768599 46559.09313502045 65011.43660842097 72962.21433147603 34683.38763606178 9040.049065468267 5982.034814489868 227.66942878309538
