critload/trunk/output/1999/ngw_nat_rec.asc
ncols 720
nrows 360
xllcorner -180
yllcorner -90
cellsize 0.5
NODATA_value -9999
[rows 78 to 103 of 360, columns 354 to 412 of 720]
6992.536199196155 5337.40342760135 1737.6927701701952 2214.8693236083595 434.34422186898905 427.52902039552305 1775.4854229183231 793.9328492885641 -9999.0 21842.720243097992 16702.031592978816 36866.5799725565 55564.367122540854 17786.490392183903 74253.3800638632 46051.67270265722 14440.640740677087 29016.831831083822 145407.03758103485 24021.619204981846 16949.96827389245 92861.77414959505 56968.676261312205 39253.62858761252 59607.6020868152 25665.546479957586 18170.28109285855 14301.682695786307 76.38173480019495 0.0 0.0 5306.713931276674 16770.59417339184 14936.172017517261 1165.6928572804368 9610.37735131966 74625.9217779489 74811.57839628123 44463.466005419585 10603.601540884807 44.638902127306245 0.0 1091.1994436200166 999.6945591930998 197.956095144015 441.9340536218225 0.0 646.539276153954 0.0 0.0 0.0 0.0 0.0 0.0 229.02080603500372 0.0 1963.5061204721242 0.0 497.6166519748361
-9999.0 -9999.0 -9999.0 -9999.0 -9999.0 -9999.0 -9999.0 -9999.0 0.0 29582.435476154664 47310.83805432137 30575.530537100265 11796.071410142016 32168.4964823632 116455.67920215764 83705.0144389625 78430.3815645694 210502.53863009266 169015.48627838196 109464.25501204547 22919.458975299185 21586.48898448284 19127.72723658846 4225.239327028023 71649.58436494198 20771.856912501717 15900.105753704393 7145.958314811268 8627.479120658087 18066.361770645675 43294.81931654406 102673.61046852008 0.0 0.0 0.0 11.043223896708861 0.0 558.7599102201237 37040.61997478141 101525.32978116351 144277.01124294003 3328.996280632618 216.88252950078066 3011.5958634096705 1226.307048230048 0.0032990779747758187 27.597017584321506 0.0 0.0 0.0 371.9773350925758 1004.0880274165565 406.26385386621297 4296.299604211245 1254.2369114854282 0.0 2686.734097695357 0.0 0.0
-9999.0 -9999.0 3295.502419789624 5722.8506856695185 -9999.0 -9999.0 1831.7091240349696 2751.2101551628393 27321.677432847366 20145.853757370147 43075.77623951343 18314.83693625317 11068.727489385112 39157.41717905638 91603.71604632368 110644.50931631826 240241.81846848145 105646.34303173833 51637.82886162135 30063.218317735504 24011.337495577467 8343.530258460287 536.9037251664158 20287.83119357381 5234.344735770745 18159.258041637608 4640.79160463719 12222.430825930587 14510.954796445367 10498.682503439337 27027.803153707762 49372.535823481085 5939.681568612982 0.0 0.0 0.0 1002.4957749447258 22891.210763543255 40946.222318266475 33543.22113469177 17925.554197492867 28750.02511632492 37568.25150315129 71539.62073529825 104115.19293058287 62064.15573553811 26939.763843922625 9112.24709875656 5153.205568330065 249.00604519701693 5961.82260643831 10377.600840490586 0.0013666979521992652 3264.852353768869 6819.369166160653 617.7919314496191 0.0 0.0 0.0
-9999 1175.8961761630233 676.2153314584223 3514.0226041438955 8787.3160542246 2736.2248588114066 3880.796353673222 11287.979862271053 2774.3387721420418 0.0 7618.760227694133 2400.484913858568 7915.927356058983 23966.268790786962 49091.858246432 46997.19634780785 87352.28263697344 39965.46762043557 3695.6279560873295 6633.324712170315 8265.76053973183 6874.773789958079 2440.3875354512884 3966.468955864889 325.1684529597061 7773.244139752705 15423.90701829715 10183.390555439439 1517.3639249558173 9308.035054086811 22982.25017420835 77838.5312204533 123459.93700070269 19412.935165034705 0.0 0.0 0.0 0.0 34265.424190545746 12720.6012275947 3568.4945948452496 15517.933836385266 182388.76404587107 160346.1475668112 139057.08834029722 151146.96887068122 117201.36559193708 52579.69843696905 23684.17456792211 9139.522875859915 60300.8073573793 69838.48715033078 37190.45863094937 7318.999511265403 0.0 1282.3663469963658 4.548227193421865 0.0 0.0
1676.617945685634 2469.3602797129547 1724.5128188918272 8986.37230676748 28287.046115471087 33187.05506321988 38627.195881945525 35402.19214123116 22424.847642713587 299.05603322122363 1557.923976495724 896.5424765205833 2632.5777085767354 2068.760987880718 86772.50616940866 34944.52331517919 63611.215699905115 33126.94071439718 3815.60060345864 4665.380646059919 20012.22917280116 0.0 26291.390170695453 46667.79056003152 8338.003324920619 29174.403018779598 20007.55419920769 9179.554956277381 7109.661359199379 7086.631622349043 9413.580301972008 18795.21803521809 49191.4943962636 209596.7985122496 45026.907370670044 0.0 0.0 0.0 0.0 536.8651107369955 2619.459069921542 17255.28901399218 31611.210614807747 79724.93380696444 173711.1653899499 239934.21480477974 93371.26369010314 38731.96052895623 4925.215821119778 9896.275205562835 28334.660508066896 121822.29633012877 155371.43956083426 117212.0190528662 40991.66521337184 1281.698264123721 0.0 0.0 0.0
28143.769865784678 15381.931817847219 3860.9883142429458 7225.240514116341 13188.182388054473 18622.043866867083 24799.676587424474 60708.73823643614 11958.168055758624 5864.260204260793 2862.890529038962 3108.7611518490344 1045.3648358358087 1414.0122979747644 61645.128627399055 12734.36583361091 44201.87610778233 15444.97936835769 8342.890942995149 109748.60165063082 116897.37498261641 21652.07388429111 309252.8881884946 73060.18820234976 81717.65686257662 16511.779833869947 10220.653946447757 23716.442176564673 15945.845591229829 14472.886004607197 24732.74458460887 29457.93683116618 18351.515181891282 18719.881171105426 3364.716606525291 19298.820731246502 6553.593465012892 2043.7899954612271 391.8064636105261 1.7650851413767585 20106.971303247596 0.0 134.23538887120893 1847.59346062036 1295.2340188883052 0.0 0.0 0.0 17.23012580856605 153.46697515982095 319.74575445661634 1029.1351210450055 46050.1762957441 130401.2909003746 139889.61813523126 70035.11892263088 12685.351756835662 0.0 11.328445731670968
18289.043105708053 16666.355929161444 8268.348407294374 7248.52198947044 4852.988340660426 15657.617814108411 20095.341442888588 0.0 16009.631807895337 0.0 0.0 4870.609635504968 17328.440378663137 36456.812531174815 46097.74229810739 12541.130335902053 48128.929025706 22202.622808666103 66572.18593298085 200011.33709646296 60823.59384645314 176203.18624216598 281626.0376615746 91976.12247719597 50648.91051639972 20793.974578673387 108582.26852406154 105092.76989109431 62204.45895490312 136844.54316101767 185813.89478356577 347069.4726675547 280539.03804998717 422470.5168669448 424922.28647030034 354946.26841851545 314284.1596694838 276173.4534161273 30143.065480776368 0.0 3240.0878835662825 0.0 3672.7278824551686 0.0 209.9004258079845 412.33353626339544 2161.9340637965993 380.08013506915046 4422.27371973536 162.64815231957948 2045.8776608523212 107.19510024838806 12792.677942934466 86358.71669581237 108390.03720630013 103233.4501968249 61105.4754849454 23515.307052353146 0.0
-9999.0 11627.97542739158 0.008856027145961074 0.0 669.7339878865444 3527.4919465201187 19692.96932478721 9190.553566026976 22005.799085431343 0.0 28696.489661347638 7469.956997979361 17882.9063534879 16982.324672178882 2355.5773860803124 12125.849623536013 21494.239413566072 65170.85227931746 196494.6932149127 259633.53005652354 155183.28727862315 104250.95809366868 98003.68715313236 274165.8640069482 326167.90873384604 533709.6840009384 868427.8357171864 755622.9477725626 695915.7866116891 570644.5000869608 435046.32772593363 580075.7464985217 651264.8534273807 661097.3433170952 593703.1669451664 504697.0882652147 275586.2909768208 93978.85702092608 6556.881656717948 3352.798622495753 802.8146563863247 0.0 296.2562117155761 123.33584302279331 22.344652732276064 251.4733391034618 98.45260484134224 2730.0613694345216 2575.946575254639 1397.396528002872 4297.799982568226 3987.8926243614665 9360.241539625913 20820.036201632734 25112.60778785398 50736.792693175696 141255.57424472296 89023.10702129782 4192.106863776192
-9999.0 1133.4816607886285 22097.84224152478 5031.988111218983 25262.416363785185 17871.222522091764 37059.36736948821 54422.61631227839 40608.710630226284 37821.987545925855 37480.283546894556 17182.4951385819 1778.2537863628327 8187.689613726378 20654.218837342563 11979.42634494664 30112.7226290392 150461.9725795193 270910.3652927784 93098.78899924907 308533.122066278 652984.0919637175 588774.6387207371 472974.36710275 643034.9967278 670892.7083189 106524.27717626719 378107.4104522 592682.2589968079 619251.7263008661 319448.17093502235 491430.0841535545 466540.0439198607 524636.3331508352 318214.9088496432 277564.4082884195 128795.76781041751 10008.955847021965 2700.831781654551 225.02654828623983 0.0 0.0 497.4272889044974 158.92595991287848 5365.610352776393 0.0 467.99441676186206 2738.8178763231303 1253.9477512487636 2638.253866461357 4514.986049667179 116476.68801547978 112972.42103900733 2271.5335969043176 2326.076550617544 13787.213332427134 74706.19560660332 73057.51521392488 39329.87053993736
-9999.0 -9999.0 123.44381081133157 8717.885585117227 24633.57125667512 35926.31046666748 0.41194845679878006 33967.79327470245 31538.315846617614 36346.665315272774 15708.995194623303 20531.82727569104 4745.281859369401 12100.392802550983 23551.295087657214 20828.538524870368 10538.511452641053 190447.49373298677 135937.24400432606 479120.48376336764 625398.741314927 363509.87583039125 207354.6933635365 865929.3456986948 610383.2014247422 365079.50465644745 479557.11225275655 434313.0133392619 630388.4024909553 400022.9596045179 375869.58195162384 350042.709701964 363298.795699963 404708.8126016041 400159.8888657117 267014.85203654575 169525.48274105488 66475.87102495914 13632.056516692124 2204.6791343313885 1545.565512542045 32.239038758215315 404.96817084591703 267.67465669480066 1413.3748212581236 7830.4446261442345 0.0020792008277541363 1515.1002856580901 2915.758117718863 2318.90551514449 10794.82994738837 39413.13974715617 105978.28771918581 1038.3267804348895 0.0 932.1365322214026 7173.19178912705 16475.34028864612 34948.83073994868
-9999.0 -9999.0 -9999.0 5527.950101772427 10231.120588049529 22092.633792582572 22957.14416194518 36437.422063005484 16650.692690371703 39988.89578254099 86925.22052634158 115511.7968255356 8269.203340464024 42338.63025111812 20058.263635694035 25157.746934737523 5403.11543770814 120142.939807123 364063.6661909022 696750.7625926139 200341.2933761797 210373.12495339784 291224.14927450015 82699.74292605773 96837.26858044465 148128.21871654261 261941.41678080853 243578.9798812151 190506.6241571876 66680.83524659966 5139.496132644363 1574.4743283874022 211.4113052712857 73594.86298660419 328055.7430271023 313758.57949415845 167483.62622789948 25612.852982016688 11386.611545575615 15457.827736865755 11078.023431944788 3964.881984889654 110.81445311198391 96.02891299761635 0.0 0.0 633.7784047938794 3461.612316725376 13242.892616658944 0.0 37598.16764392712 63710.840200565144 26737.308686722292 98709.47623631876 16369.975982918133 14041.839381323216 15970.050835560729 9130.090813697929 46049.161151835586
-9999.0 -9999.0 -9999.0 2843.064737937955 8327.490142753519 14044.040187650331 3982.694359993009 0.0 21880.77618351109 0.0 39289.405278857594 80923.06936398963 49607.922181399226 74201.20649794486 60181.263200867535 3493.7043300437144 6723.193913131072 187673.80892416168 599526.6077471612 567332.9753048683 443152.3591701131 19183.31099391267 0.0 0.0 0.0 0.0 0.0 1141.1940733566678 0.0 0.0 102.62146930390693 8.240912668741622e-05 -9999.0 7180.904009923889 70079.62058898625 270178.2170667464 430625.16123933694 109517.90899866307 143854.03546477304 33705.64346704954 16282.187678028547 10637.154860843752 863.5582418459408 271.8317988698703 14.177831472612711 97.3618853869657 0.0 175.95756084875757 0.0 12413.252138967418 67454.49052177259 265138.22831192083 38402.18667272585 144683.1513793143 32473.565706250152 42309.43074187408 86065.98454109745 63208.219621391734 1932.2996238590974
-9999.0 -9999.0 -9999.0 3271.645409969495 29431.501098997134 6106.579202488354 8169.70135529161 0.0 0.0 0.0 34359.44245191094 29447.744578090897 86720.78264905642 171016.69543988784 137727.4337157078 24155.755824925393 103445.89482643151 321847.79191374587 389726.8549028083 432360.57266727765 152857.84532855632 0.0 26592.60402579608 56238.715409875236 103933.39589993056 34346.75941949178 6812.819008777782 212.74221348172458 209.8759827145163 0.0 203.98562737646546 -9999.0 -9999.0 522.2319463530677 7861.987373463063 17936.349937298153 315540.3698780447 215058.79134853656 136700.3202055532 99583.07686449538 65193.679107393225 11985.360651247378 4793.857812122716 2689.5641201892367 308.4100579414062 34.799164020436855 1.289308039470737 0.0 8.012459216313022 6101.4117524415315 13718.523321927207 562.9857535456308 0.0 45.026286028738674 639.8714208733052 1912.3103745486528 2262.98118342705 514.5307656847315 54.121635662276674
-9999.0 -9999.0 -9999.0 29375.99415442163 71510.28245401953 23704.535668166962 17214.098085349462 1698.4255623151842 776.2461547100212 0.0 39382.01214740093 57863.9449962352 60705.93239649222 129494.59923658283 153830.82387136586 25868.618114174653 46156.88857215851 96011.55610251332 380595.41889666906 394314.77001174947 249636.60678318847 153779.0167773539 54038.15324336154 6662.937828845588 33074.24081150439 15266.463476801484 46163.554448304676 21841.545454550975 393.52407215841583 6347.391156671845 83.01846275532424 326.5379657111083 -9999.0 -9999.0 -9999.0 -9999 71704.20732152555 82067.84661560097 113692.08115587672 149759.03114815254 114804.96032151912 151979.75728624288 124951.14047082941 76177.70693433337 64741.58072354348 44686.89745810796 6332.067115903326 0.0 0.0 7986.913250542359 0.27843759508045257 161.2072864823293 4979.885460719562 2060.610436792626 1934.144658831606 1160.4939477261842 532.6689227603516 955.440685169123 851.1092723494555
-9999.0 -9999.0 -9999.0 10561.802091803967 3585.0547882338183 0.0 0.0 400.84637911298427 1241.1681964261634 4385.573209314428 26562.936254284712 3215.2845448360204 6464.747531906809 97677.79219199078 22217.10083970587 8515.188678912598 42390.34046421297 58579.744664650396 193286.22072144866 167410.16517502363 89047.17300956885 7215.838797845972 2.6001013732749754e-05 -9999.0 -9999.0 -9999.0 7378.406103081799 10031.707515643482 16374.36753484249 0.0 208.74868608294216 3551.2284318855322 124.41207669927614 342.269045282982 -9999.0 -9999.0 9669.0382768077 34383.67139590658 21963.244297894387 39338.934478242045 65212.56341813216 161786.1121627302 106418.26533890105 110871.12267386923 112941.70332027804 120165.80647987987 33076.94755035773 4810.037730654665 0.0 859.5312277545402 64.68558903304873 1108.0279028789193 695.00495319167 1475.3271692138321 647.100587613151 1356.1474642667235 3137.505297547407 1943.9751797209638 583.4931591431371
93397.76495376645 57277.739909069154 59210.85144963375 25662.25082734411 3265.548764580249 453.82494725170517 0.0 0.0 3734.89545407253 701.7512715792528 65916.55828457477 75906.86892190571 10698.461985139249 877.6171158898854 4649.818941592507 7081.788301008591 5245.037129580217 30747.279725673736 42667.172988682345 25177.586919583602 -9999.0 -9999.0 -9999.0 -9999.0 -9999.0 -9999.0 3.2536170686770776 0.0 4225.55213488697 2739.421821728179 22356.393584548994 31374.994913579598 17452.51570096682 70.1497853419885 -9999.0 -9999.0 -9999.0 -9999.0 7686.651049148704 14756.86907066039 54758.811694423246 73301.98796253082 44140.493200863966 157175.6441581908 162478.96437279077 139338.22646505982 132383.86091080858 7851.28921096785 0.0 343.18802684245696 92.42106095475265 607.0347740331689 0.0 1351.6867716734769 696.6496931992356 2321.049068583097 1803.5852209921668 525.3346033360142 204.1299996579175
20375.905030792568 37233.5984077503 4981.829954973235 38060.85030953472 108978.49556223495 147565.77362885568 295703.45830193185 173392.3021589938 155128.1646173727 196268.44910096802 225861.55821814368 69212.2605892252 2369.799231522252 -9999.0 -9999.0 -9999.0 -9999.0 -9999.0 -9999.0 -9999.0 -9999.0 -9999.0 -9999.0 19722.842595563005 83763.13792698146 -9999 0.0 1722.1977858820003 1033.3777824187143 12218.476055189292 7105.24021819611 524.0048249318244 32913.11078933396 6652.950296400697 30.07374582763344 -9999.0 -9999.0 -9999.0 -9999.0 3683.7724452635834 7469.116879386874 20460.118550589257 39459.04685725589 101806.90306476773 139504.1802831497 238989.20806524312 165783.7351939482 7063.322595818008 11827.640803105975 1403.5902400702385 0.0 0.0 12443.366909282728 0.0 1217.2350089954323 7916.820213434413 7886.5004034709655 424.9163845163434 529.728868513525
0.0 2763.1699494731474 86.89088397393827 1152.1809512424145 4639.7882710574295 13919.953856703829 13213.5349951903 62683.4131688349 90982.97440758155 140120.96169830376 225006.22036808543 85449.7692609924 3044.8579168572887 -9999.0 -9999.0 -9999.0 -9999.0 -9999.0 -9999.0 -9999.0 -9999.0 -9999.0 -9999.0 155969.72634252382 140284.98353116284 381.2149349932188 -9999.0 -9999.0 0.0 974.2195942253818 547.0991348214858 19074.351985781217 49784.16584613449 60907.01192330762 4450.006382135255 0.0 -9999.0 -9999.0 -9999.0 -9999.0 -9999.0 -9999.0 2032.9966052221164 30008.49376260407 89585.04755486168 172676.5192814523 67828.71632085294 56567.12255822952 8100.603201492791 1552.2922525918543 0.0 0.0 58449.24164183491 48838.01884104223 4045.2207498879015 1242.8630988251423 10026.533990605401 2907.61558576788 26183.35730369428
7866.720272517894 5955.087331927738 2366.6895916252074 144.09772406288488 768.3273353733986 271.3075022016059 402.2313614829091 926.7458856608926 7322.401790157237 24282.443007827613 41322.39332495466 16118.77841468962 120.83160662568716 -9999.0 -9999.0 -9999.0 -9999.0 -9999.0 -9999.0 -9999.0 -9999.0 -9999.0 -9999.0 45994.46126259641 71316.52825214232 -9999.0 -9999.0 -9999.0 -9999.0 -9999.0 0.0 4271.432820802042 11236.558982322673 9981.661020712045 13812.737382108147 2315.005676021291 727.3465194095912 6543.370367358567 15396.164330639274 -9999.0 -9999.0 -9999.0 -9999.0 -9999.0 5672.928650388282 139884.74704496912 65467.05171025402 84976.74010078456 47447.6408885255 7840.655026834538 4617.201712641977 0.0 18266.034774480446 16890.814332356942 52892.375423380465 75506.97310233972 17525.24954497762 36594.91373595972 14392.110956374414
488.39146713834003 1557.5630763041986 1368.0533219171675 161.42594204936418 0.0 0.0 0.0 32.398852145190695 1696.936272022812 3666.8826953421476 1072.6907129609274 -9999.0 -9999.0 -9999.0 -9999.0 -9999.0 -9999.0 -9999.0 -9999.0 -9999.0 -9999.0 -9999.0 -9999 1246.3828761854181 8747.265993636353 11.913843864162555 -9999.0 -9999.0 -9999.0 -9999.0 -9999.0 6.231262716943076 10120.964826887706 25055.176373112172 39842.04724837518 12392.105960178127 2174.7471738642757 0.0 8.904701669247746 0.0 239.68489950277137 -9999.0 -9999.0 -9999.0 168.66357309229772 55674.40274796574 126933.83724297218 35445.63397907883 10814.428843409612 6758.202765534621 0.0 4696.143915800798 4927.046477418238 35263.34739636984 29176.731143019613 16568.92294547451 50978.712393574184 29236.819952694343 11874.498758807553
0.0 24249.733794890177 44144.91859128263 1415.475841839581 0.0 0.0 15294.221994128056 5982.393149876508 -9999.0 -9999.0 -9999.0 -9999.0 -9999.0 -9999.0 -9999.0 -9999.0 -9999.0 -9999.0 -9999.0 -9999.0 -9999.0 -9999.0 697.6011199402469 10338.897327300758 15456.633685505916 2194.32526198524 -9999.0 -9999.0 -9999.0 -9999.0 -9999.0 -9999.0 -9999.0 -9999 530.6499273765287 15715.31709392212 15865.525962325839 13613.620066874008 3144.3499309379004 0.001077507729668829 282.4523820301484 0.0 18.775663034604204 -9999.0 79.90239829390518 48202.4063599534 104920.91916337272 42988.907674086746 1459.5855884748662 32535.547349424516 3643.9759352628735 367.73724133339033 5691.888570496768 2188.3032987832253 5642.609342227649 1722.156545230306 863.8392845912889 1480.7043313234144 114.0413761307194
0.0 573.8320245601977 33790.477409582934 4511.039945859988 29665.314394769728 14351.506396896253 0.0 -9999 -9999.0 -9999.0 -9999.0 -9999.0 -9999.0 -9999.0 -9999.0 -9999.0 -9999.0 -9999.0 -9999.0 -9999.0 -9999.0 -9999.0 6515.431286170452 22330.465799101967 15141.098865799615 2853.9037098125136 -9999.0 -9999.0 -9999.0 -9999.0 -9999.0 -9999.0 -9999.0 -9999.0 -9999.0 -9999 13188.785215586835 18060.313197610853 7464.814708752901 280.5139712851928 0.0 0.0002714503648554635 0.0 -9999 8287.448809322104 135338.54760121397 155878.63139370328 131968.59859409186 9780.539583922837 36617.71964747326 17681.676582012788 714.3285483264493 1027.5516643581918 4188.3473433159 1925.8782124401928 -9999.0 -9999.0 3520.399829617194 458.57744381922555
6.108846695920056 0.0 0.0 0.0 4538.945774660919 0.0 0.7624647735623515 -9999.0 -9999.0 -9999.0 2055.1968726406894 13081.448863542748 544.499494017746 0.0 351.23274232590666 -9999.0 -9999.0 -9999.0 -9999.0 -9999.0 -9999.0 -9999.0 1424.891968561564 9386.823936367007 9809.213259635824 1679.3230721400314 -9999.0 -9999.0 -9999.0 -9999.0 -9999.0 -9999.0 -9999.0 -9999.0 -9999.0 -9999.0 -9999.0 9515.772387515426 16002.77003873306 4540.240008766755 -9999.0 -9999.0 26.059665659220048 -9999.0 -9999.0 15268.345486755823 188099.53998067928 174415.5521598919 53203.1510796518 11528.598423670464 8860.759996807306 2001.4506589324385 903.8764969708579 91.98165915243685 -9999.0 -9999.0 1039.825378379251 -9999.0 6556.728719221343
0.0 0.0 0.0 0.0 56.11191083164809 0.0 -9999.0 -9999.0 1129.4795223477036 0.0 -9999.0 0.0 0.0 -9999.0 -9999.0 -9999.0 -9999.0 -9999.0 -9999.0 -9999.0 -9999.0 -9999.0 1594.0583549522646 4530.933041829718 1899.847782526101 445.2775626756456 -9999.0 -9999.0 -9999.0 -9999.0 -9999.0 -9999.0 -9999.0 -9999.0 -9999.0 -9999.0 -9999.0 -9999.0 43128.368089892516 20080.700075202505 57.629931005034095 -9999.0 -9999.0 -9999.0 -9999.0 904.5122783221791 32067.07002163634 125528.92318594638 69345.96667158195 32488.022371306313 26985.367625644398 17367.35435263221 5430.407224166707 3287.035576624076 -9999.0 -9999.0 -9999.0 3139.114648768063 26937.926539736833
0.0 0.0 26.615822539514944 4713.5985131006755 625.7206641112546 0.0 917.78590771492 -9999.0 0.0 611.6881570845123 -9999.0 -9999.0 -9999.0 -9999.0 -9999.0 -9999.0 -9999.0 -9999.0 -9999.0 -9999.0 -9999.0 -9999.0 -9999.0 763.2984187874756 -9999 -9999.0 -9999.0 -9999.0 -9999.0 -9999.0 -9999.0 -9999.0 -9999.0 -9999.0 -9999.0 -9999.0 -9999.0 1908.831356365606 32274.153431798997 1421.379269244572 57.16816633725397 -9999.0 -9999.0 -9999.0 -9999.0 -9999.0 -9999.0 33737.47092320294 113436.30741029467 65973.88239878316 36271.315949071155 31902.869586338144 11317.53750099873 5338.377304255532 4389.872904559605 6210.597132424329 -9999.0 0.0 10599.053240356488
1008.9932953921306 0.0 0.0 0.0 0.0 0.0 -9999.0 -9999.0 -9999.0 -9999.0 -9999.0 -9999.0 -9999.0 -9999.0 -9999.0 -9999.0 -9999.0 -9999.0 -9999.0 -9999.0 -9999.0 -9999.0 -9999.0 -9999.0 -9999.0 -9999.0 -9999.0 -9999.0 -9999.0 -9999.0 -9999.0 1215.21432649899 2339.3943338909526 445.51237244615453 -9999.0 10591.198566844709 9040.02099368417 14269.096950051447 1473.2178169297126 405.1309479705198 -9999.0 -9999.0 -9999.0 -9999.0 -9999.0 -9999.0 7158.008048274418 41013.82801087514 4276.673943234505 32008.359994260107 17627.391425053596 10441.609638202739 16105.710645320436 7065.727266054956 7209.946627257526 0.0 -9999.0 690.1427195551227 4447.026325108191
