critload/trunk/output/1999/nh3_ef_fert.asc
ncols 720
nrows 360
xllcorner -180.0
yllcorner -90.0
cellsize 0.5
NODATA_value -9999.0
[rows 140 to 167 of 360, columns 378 to 440 of 720]
0 0 0 0 0 0 0 0 0 0 0 0 0 0 0 0 0 0 0 0 0 0 0 0 0 0 0 0 0 0 0 0 0 0 0 0 0 0 0 0 0 0 0.256940702180065 0.2569407013793434 0 0 0 0 0.25694070263584445 0 0 0 0 0 0 0 0 -9999.0 -9999.0 -9999.0 -9999.0 -9999.0 -9999.0
0 0 0 0 0 0 0 0 0 0 0 0 0 0 0 0 0 0 0 0 0 0 0 0 0 0 0 0 0 0 0 0 0 0 0 0 0 0 0 0 0 0 0.2569407022239634 0.25694086223631674 0 0 0 0 0.256940700137224 0.25694070197815444 0 0 0 0 0 0 0 -9999.0 -9999.0 -9999.0 -9999.0 -9999.0 -9999.0
0 0 0 0 0 0 0 0 0 0 0 0 0 0 0 0 0 0 0 0 0 0 0 0 0 0 0 0 0 0 0 0 0 0 0 0 0 0 0 0 0 0 0 0.2569408627412031 0 0.2569407011158088 0.256940700664713 0 0 0.2569408627173752 0 0 0 0 0 0 0 0.17209500544058018 -9999.0 -9999.0 -9999.0 -9999.0 -9999.0
0 0 0 0 0 0 0 0 0 0 0 0 0 0 0 0 0 0 0 0 0 0 0 0 0 0 0 0 0 0 0 0 0 0 0 0 0 0 0 0 0 0 0 0.2569408625455402 0.25694086197528193 0.25694070210000886 0 0 0 0.2569408629153193 0 0 0 0 0 0 0 0.1858693531520144 0 0 -9999.0 -9999.0 -9999.0
0 0 0 0 0 0 0 0 0 0 0 0 0 0 0 0 0 0 0 0 0 0 0 0 0 0 0 0 0 0 0 0 0 0 0 0 0 0 0 0 0 0 0 0 0.2572754561366329 0 0 0 0 0.2572754563495417 0.25727545217188574 0 0 0 0 0 0.185869352960291 0.18586934691740606 0 0 -9999.0 -9999.0 -9999.0
0 0 0 0 0 0 0 0 0 0 0 0 0 0 0 0 0 0 0 0 0 0 0 0 0 0 0 0 0 0 0 0 0 0 0 0 0 0 0 0 0 0 0 0 0 0 0 0 0 0.25727545618387876 0.25727545271541563 0.25727546052106287 0 0 0 0 0 0 0 0 -9999.0 -9999.0 -9999.0
0 0 0 0 0 0 0 0 0 0 0 0 0 0 0 0 0 0 0 0 0 0 0 0 0 0 0 0 0 0 0 0 0 0 0 0 0 0 0 0 0 0 0 0 0 0 0 0.2572754563768518 0.2572754543029248 0.25727545349135594 0 0 0 0 0 0 0 0 0.12124120615217396 0 0 -9999.0 -9999.0
0 0 0 0 0 0 0 0 0 0 0 0 0 0 0 0 0 0 0 0 0 0 0 0 0 0 0 0 0 0 0 0 0 0 0 0 0 0 0 0 0 0 0 0 0 0 0 0.25727545668763213 0 0 0 0 0 0 0.2572487115663883 0 0 0 0.12124120761988127 0.1308148020439973 0.1503223670332993 -9999.0 0
0 0 0 0 0 0 0 0 0 0 0 0 0 0 0 0 0 0 0 0 0 0 0 0 0 0 0 0 0 0 0 0 0 0 0 0 0 0 0 0 0 0 0 0 0 0 0.25725392051593265 0.17021536187532887 0 0 0 0 0.23558334703215167 0.23558334388448338 0.2572535252673088 0.20805083488392553 0.20805084384148195 0.20805084316187514 0.12124117773160817 0.12124117826838293 0.15032234441281808 -9999.0 0
0 0 0 0 0 0 0 0 0 0 0 0 0 0 0 0 0 0 0 0 0 0 0 0 0 0 0 0 0.2569405168555795 0.25694059638184863 0.2569405711700734 0 0 0 0 0 0 0 0 0 0 0 0 0 0 0 0.25724062368545425 0.17020236323904073 0.1702012226398168 0 0.23529598939995894 0.23529643959905572 0.23546029640458413 0.23556598032537468 0.2353448652793528 0.20805068539125848 0.2080507653965086 0.20805063937813478 0.208050791866703 0.1308143090358363 0.12124124749860181 0.15032245967065 0
0 0 0 0 0 0 0 0 0 0 0 0 0 0 0 0 0 0 0 0 0 0 0.15032223827802765 0 0 0 0.13081475963505684 0.16158530766119888 0.1856921169127454 0.17009988785458552 0.25719763776921467 0.25694105202347706 0.25694084471142187 0 0 0 0 0 0 0 0 0 0 0 0 0 0.18585739824178552 0.17018022091385082 0.1701869596011121 0.23534126428164243 0.2352960899404484 0.23531078776881656 0.23529748318412855 0 0.1856534227995476 0.15032210928300666 0.1503220725567496 0.2080505260448816 0.12124112871639042 0.12124092613426506 0.12124101047574903 0 0.15032246140625194
0.15032280922813987 0.15032280922804955 0 0 0 0 0 0 0 0 0 0 0.15605639374872854 0 0 0 0 0 0 0 0 0 0.20871659729376016 0.21424939780668237 0.13175713888248053 0 0.1314684037030694 0.1856867750073433 0.1856637224805689 0.18572565240494632 0.18591561593439357 0.1857721063284775 0.25694092618085995 0.25694101004389136 0 0.18564650052559534 0.25694057305849277 0.25694063906066245 0.25694045328468984 0.1856466261142866 0.18564671161525884 0.18564671161632326 0 0 0 0.18564662611392083 0.1701712648551251 0.1701830575868446 0.170163247832816 0.23553396949516936 0.23539846743668935 0.23529649569386346 0.2353604199999759 0.1856977375146917 0.1856468925403337 0.1557765162481405 0.15577672719463953 0.21559951028622426 0.15577642433486732 0.12563992067424568 0.12564027351389184 0.1256401293324776 0.21559909825065457
0.1506234459134652 0.15032287917495232 0.15032286911010104 0.1503228092274246 0 0 0.15032280922779132 0 0.1559488061105621 -9999.0 0.15595264758293523 0.15595265034451233 0.15595281630291447 0.1559533097704451 0.15595330959966666 0 0 0 0.1503225770630867 0 0 0.15106066949088393 0.20805093214024648 0.15360736722909302 0.13192525406347927 0.131616946008185 0.16158147442825305 0.18567796384289822 0.1856906149303047 0.18572189701488925 0.1857281748921195 0.18567862074353875 0.1859664150314776 0.18572366916970495 0.18564680920347826 0 0.1856465703437631 0.25694106428217756 0.18564707157139496 0.18564702746841355 0.18564662611410312 0.18564655871391955 0.18564966263443713 0 0 0.18564691578393935 0.18582875960732906 0.1701944918997161 0.1700471415380374 0.23550316520766623 0.23544887103009715 0.2353634853282881 0.23536267346305592 0.1856783774370992 0.18569471069795485 0.15577680415117934 0.15577621920087403 0.13556052833402524 0.13556069687909794 0.13556093186316814 0.15577647056938576 0.12564038424701707 0
0.15050327967449983 0.1506899799987985 0.17746590502043894 0 0.177466065658992 0.17768704556781814 0.15443654579712543 0.17865878023215842 0.17755506019754536 0.11917303410058633 -9999.0 -9999.0 0.15263772392941446 0.1503226371418963 0.15039425350476132 0 0 0 0 0.15032254598367 0.15093554023453426 0.2080508121874508 0.21023598557658504 0.1334765639971083 0.1521924689895073 0.2091102788467613 0.18568912731815895 0.18568582862476352 0.1856717489668482 0.18567355199830704 0.1857115403592152 0.18569371622954425 0.18564737225213807 0.18575676158963988 0.18564666567389065 0.1858050461215018 0.18564670961096613 0.1856721809073329 0.18568571313716473 0.18565693724643587 0.18564907240572306 0.18565541127903384 0.18572627495997157 0.18564680116737223 0.18564676530973034 0.18564703950947065 0.18564669343597492 0.1702017341766149 0.17003978052918695 0.23543100265530315 0.23534158910200503 0.23534490638068323 0.235346680981173 0.18568244962599478 0.15577683340638188 0.1557770313697555 0.1557764756928448 0.15577706723838403 0.15577628610534927 0.13556085545050064 0.1557768761204815 0.1557765539236925 0
0.17847630852280283 0.17746570572572518 0.1796232646550292 0.18124127056900624 0.17978700522005298 0.1806422164238864 0.17823212015600434 0 0.17746579117141031 0.17762549670413988 0.12038121332594474 0.1508586113058993 0.15076018629729115 0.15090596756130703 0.15032238933298767 0.15114698897708387 0.1386614612110614 0.13776196841902297 0.13809248023184215 0.1381800197289119 0.13822791429208894 0.20945445334352547 0.20971598276195028 0.20901767975122476 0.2100571098132418 0.20952924064588727 0.18570183003559157 0.18566870909581373 0.18569990063271574 0.18570120732576917 0.1856898333247669 0 0.18566099757881593 0.18566137749671094 0.1857002110932467 0.1856470721130058 0.1856489769189801 0.18564691320475468 0.18564771619757536 0.18564808909185732 0.18569338734293925 0.23535790086003475 0.23535578809912555 0.2353540212382567 0.1856465394938942 0.18564697540348174 0.1856465249244715 0.18568427466703202 0.2353559587023234 0.23533797241715174 0.23535008048204228 0.23534387487932765 0.23534608471131419 0.2353484401077425 0.15577603999530357 0 0.15577691029113355 0.15577699575192377 0.15577606083088863 0.15577695904753797 0.15577664117189552 0.1557767889944324 0
0.17795979176887936 0.17904117000072686 0.17899958129063595 0.17857745721973123 0.1785633238025166 0.17843658577795285 0.17848707416436327 0.1774659220507526 0.1774660326963998 0.2275921327327764 0.17849454726550637 0.18208620258921546 0.1536261248271221 0.15192613666928584 0.1507347408550893 0.15032200638085097 0.15089111925543983 0.13827688546813682 0.13824131061669015 0.13832899945364174 0.13820451908496337 0.15097382651808644 0.15091912877521127 0.15104457794996148 0.15112920462322482 0.15124507793872802 0.1511539732835643 0.25699262900279407 0.1857028262526505 0.18568012614847754 0.18569001759028242 0.185679390308814 0.18570264038746054 0.18564747532022816 0.18564822275561552 0.18565050518294235 0.18565069632473663 0.1856558690599424 0.18564653723856034 0.23535040366227958 0.23534088733626116 0.2353358287598808 0.23533388024447643 0.2353577747016784 0.23533500238381475 0.23535947580261102 0.23535946821712245 0.23540124326549 0.23533490474089253 0.23534252054756705 0.23534766801871917 0.235348362451357 0 0 0.15577694848179718 0.1557767682725553 0.15577663071045442 0.15577653111961604 0.15577612933198853 0.15577704387388178 0.1557769725774416 0.15577668850761223 0
0.1785300543495941 0.17823278342962062 0.17807794151411985 0.1779454263787955 0.17793252010011273 0.17794233391472364 0.17780766971544612 0.17779853253896774 0.1785680208868183 0.17846841610580957 0.17853619688278324 0.14620906524491997 0.15227265235628992 0.1515730062953621 0.15121240046551637 0.1506803054015644 0.15136739906038613 0.13896726150956146 0.15109615750707148 0.15110959936489538 0.1516073166278154 0.15116188043081363 0.15123898810913197 0.1511917143987466 0.15222752859789315 0.15144240957752797 0.1513196074425285 0.185699699699526 0.18569644994849127 0.18566640970140602 0.18567331617005384 0.1856908976839254 0.18569870098408117 0.1856959310850035 0.1856943257037367 0.18569671941628557 0.18569818030476273 0.18569898107680133 0.18567920337662458 0.18567800891750894 0.1856920723406235 0.23534225197590336 0.2353333850739363 0.1856888069252353 0.1856976896891136 0.23534161783985214 0.2353434228948654 0.2353812528998808 0.23534950257534043 0.23533568176376338 0.23534376567964416 0.2353429673535275 0.155776038281551 0 0.15577678373978354 0.1557766098267322 0.1557764027870542 0.15577655092237372 0.15577701514011205 0.1557760176886026 0.15577709927380692 0.155776449263536 0
0.1786124548888071 0.1785307463486757 0.17870797909354832 0.1550635870626041 0.15540256659151558 0.1782970078344738 0.1779562211411664 0.17789064070729757 0.24622278393194133 0.2462418002188973 0.1802097120668871 0.14628243618756304 0.15098623626567237 0.15129325650479417 0.13861863894000384 0.13901290965189206 0.1392949266260355 0.13926063058556726 0.15124331469641622 0.15123281985385137 0.1509452272234443 0.1512981011152275 0.20917956832388396 0.13860279247070498 0.13853051338442512 0.15215057594183592 0.15129262610794678 0.15132826431246477 0.18569092177375968 0.18567867031466967 0.18567376699465651 0.18568254441195053 0.18567388164689866 0.18567298861776327 0.18568071373727488 0.18567196134321404 0.18567303844200633 0.18567656680447928 0.18567117892280208 0.18568953834472096 0.23532889047883804 0.18567796595319472 0.18567638016626 0.18568047017546416 0.23534815650401172 0.2353276876499889 0.2353418807590386 0.23532782464664342 0.23533429764236147 0.2353465455752425 0.23533599855900394 0.1856837491731698 0.15577608501632625 0.1557766913864811 0.15577663880101472 0.1557768410258029 0.15577673501407027 0.15577710022673816 0.1557770272575939 0.15577639796539922 0.1557764399305667 0.15577604592009825 0.15577693480005123
0.1786201396863269 0.17862233863176513 0.178515978546227 0.15539090782350548 0.1553552506566865 0.17837098252546074 0.16512811957614215 0.17840429512912542 0.17820222828438964 0.18118181867472266 0.1660759201386405 0.18133259913755276 0.13968970598418007 0.15201770441390502 0.15124617490294218 0.15129796440256577 0.15130384579270534 0.1521446270477164 0.1513288148521661 0.15138698530872768 0.15069590665591653 0.13857450198616422 0.13859291868773208 0.13844499705634886 0.15125646706308804 0.15119927863309474 0.15099705535098545 0.15103987786622322 0.1856910438396096 0.18567441749405303 0.18567512709858655 0.18567581296246002 0.1856844862203193 0.18567667515152583 0.18567518036814462 0.18567964253864297 0.18566203502333017 0.18566926132711484 0.18567082629547182 0.18566103235911136 0.18568543122940848 0.18568459061412845 0.1856839059927957 0.1856990481982404 0.23533710053910606 0.2353198599480166 0.2353168499868513 0.2353495263920503 0.23535095505477804 0.23533887479936913 0.18567326459203412 0.1557762369075823 0.15577613772450596 0.125640079329321 0.12563993228534676 0.155776861962348 0.15577682397390508 0.15577640971875717 0.1557764897892185 0.1557770429846015 0.15577649295112564 0.15577685298147823 0.15577686133430815
0.17867905679378032 0.1785687086948982 0.15531699115269856 0.15534060263116278 0.16347064020537222 0.17847404348864138 0.1783702253700182 0.1785604557304125 0.178423584119539 0.18119882815009408 0.16621694919912416 0.1659680328187396 0.16627745737569988 0.13869257238116886 0.13857217955910253 0.1518675803429569 0.15180534821856573 0.15315895319328968 0.15316869032766686 0.15290163422458175 0.20949169092557138 0.13854620049900054 0.150984077193967 0.13858286427254646 0.1512657445122393 0.15113245415550566 0.15105185784985925 0.15102005422937992 0.15103585735485883 0.18566289151184026 0.18569112152087675 0.1856883916221781 0.1856904097768686 0.18567971049560092 0.18566644129506993 0.1856863873077617 0.18567057361308084 0.17004288088861128 0.18568373899943574 0.17003634770395595 0.18567798062899132 0.23530892353709731 0.1856786850684226 0.2353300802381055 0.23532135686038422 0.17005307964823563 0.23533327064202333 0.23532657265809745 0.2353236172872048 0.2353309552503918 0.14973182567591395 0.15577603209975058 0.1557765095588413 0.13556063452426642 0.13556065807957038 0.13556078260064983 0.13556159451050354 0.15577591030469654 0.1557762138995818 0.1557759823860521 0.1557765388433707 0.1557771139519885 0.15577619613114677
0.1787344145254841 0.1785332570841406 0.15531068290786812 0.15523256293745522 0.17839801210834533 0.17870736188875413 0.17840938232501735 0.1784269309191892 0.18122999611399365 0.1659167514932803 0.1513811780031511 0.15140061602095567 0.15197053488397116 0.1388905922468766 0.1395895194703698 0.14008801071075877 0.15320135131486257 0.15336463858792423 0.15248655428761992 0.15216522023140416 0.15136834394736098 0.1514515499292704 0.13951939237881972 0.15137963121014922 0.15114278598299533 0.1511067357066753 0.15118151203864477 0.15121362821781592 0.15120865549464035 0.185703569126699 0.1616075360264133 0 0 0.16155668640710727 0.16155618464629665 0.1700349351808021 0.17005047547151728 0.17002590417362218 0.17003488440354467 0.17000803577065327 0.1700263499396919 0.23533826861884263 0.17003674118801085 0.1700079633900435 0.1700204194391719 0.17002954780733742 0.2353577803154284 0.23534272118083716 0.23531337595874172 0.23531527330212954 0.1256404067826137 0.19743811464989378 0.12563993720065214 0.12564050375250999 0.1256401868397569 0.12564048578156228 0.15577711456533885 0.15577625636130316 0.14265434472696956 0.15577642114216772 0.1557758991688463 0.15577658614778073 0
0.17869627323057513 0.17845782652340966 0.17835641354436635 0.1783696264510617 0.17837838636337724 0.17840581342904363 0.17837672003764732 0.17833572330357655 0.1811423104174318 0.18101123427673663 0.18088351334891686 0.1514698100977193 0.15227646859997518 0.132386996526403 0.13216674587620172 0.15189158560508342 0.1327496487480658 0.13174024759971037 0.15219663157089627 0.15194715621556756 0.15271427703670581 0 0.15352105355458975 0 0 0.15119244931815845 0.13161589285906994 0.13203221894122794 0.13210257254071117 0 0.161609026690993 0 0 0.16156695138775065 0.16155882546024297 0.16158011229554897 0.1615844377947426 0.16159008901885796 0.17005069967731734 0.17005092910865227 0.1700380617852031 0.18567396753919876 0.18568011451094757 0.23535179565616754 0.2353086785284316 0.23535892121086566 0.2353587124814955 0.2353577863305116 0.17206077098549516 0.2352964546778507 0.15577659263674096 0.19743745415028985 0.15577682833767542 0.1256396758080811 0.12563988043375146 0.15577659871226696 0.15577685208783304 0.12564043027257973 0.1426539952654924 0.1426536593027322 0.14265393034716753 0.155776386677209 0.19743765593490756
0.17841536436530864 0.17843196452859875 0.1783994129496743 0.17840248904442865 0.17836758932548177 0.17853869535028546 0.17842889133460757 0.18117562739705984 0.1810554228882101 0.18109338588268345 0.18120724341928246 0.1809995499890108 0.13233121585664628 0.1324403722732865 0.13229213320474256 0.13252995459081962 0.15198264533775527 0.15212639225791325 0.15216408132844686 0.15207091717702828 0.15117410406906823 0.15121130161317853 0 0.13221053902567184 0 0.13081490093042014 0 0 0 0 0 0 0 0.1615876829821634 0 0.16156634275405138 0.1615797707702781 0.16157125412477125 0.1700505555051853 0.18568750840839612 0.18566339747256158 0.1700241661897301 0.23535480301581693 0 0.23535642963686546 0.23531945151666314 0.23532864607676157 0.23530280641519968 0.17206804693495606 0.23529669126759756 0.19743775864438165 0.15577644542888852 0.1256404496911871 0.12564003926950434 0.12564033673108777 0.15577660605296442 0.15577686954332962 0.15577624516872907 0.1426540347435954 0.14265366550818318 0.1426537778311125 0.1998215110478133 0.21559979451183017
0.17843495973353485 0.1783969081214829 0.17840916286236663 0.17839265259074774 0.17834596395867805 0.17857923772449347 0.1784550695495553 0.18104678240241334 0.1811677959396862 0.18116112272734344 0.1812084204446208 0.18135612389030364 0 0.13227929288735887 0.132245818973314 0.15203092785553243 0.15209229278524808 0.15188103023385718 0.15192963996457076 0.15182067855709183 0 0 0 0 0 0 0 0 0 0 0 0 0 0.16155522268926167 0 0.16155491395669946 0.16155519138280963 0.16155486922245324 0.17000827124505682 0.1700088451570756 0.17000814621908922 0.17001289575315576 0.17001741461944642 0.2352964525383446 0.23533576473929066 0.23534066722213182 0.23531093520094287 0.23531286913809094 0.19743721516822393 0.1974374001935288 0 0.12563994871243117 0.1256402781064997 0.12564017752059545 0.15577618249750322 0.15577693685592764 0.15577677872329407 0.15577678944218573 0.15577652946279155 0.21559913375591233 0.21559967354139653 0.15577617323083617 0.21559906671574072
0.17835343248812258 0.1783811366892226 0.17841856939346404 0.17846090030092532 0.1784735108947966 0.1785073485108239 0.15768511674912133 0.1578072459836754 0.1577448797525559 0.15783740673057292 0.1579317143748725 0.1578751980280092 0.18143027736559644 0.1520869172774892 0.15204496119777478 0.15200234693666892 0.13175487335484748 0.15165402863411956 0 0.13196910066231154 0 0 0 0 0 0 0 0 0 0 0 0 0 0.161609207509515 0.161554868993317 0.16155532621713006 0.16155515472406387 0.1615551280632995 0.16155477374027297 0.1615552589968643 0.17000797212791452 0.17000826093226323 0.17002656749122763 0.1700513473573963 0.18564680661445856 0.18564695247627705 0.23529648174915388 0.23529625751293715 0 0 0.19743785406442807 0.1974378569576983 0.15577687979205554 0.15577647592344446 0.15577642664067085 0.1557761113120461 0.15577634630994394 0.15577636480621232 0.15577687468934354 0.21559992757326116 0.1557764545052346 0.14265363840229042 0.21559897487849
0.17835758969501048 0.17835748824542358 0.1783959077360547 0.15534999291986726 0.14403228550957556 0.15547894061819853 0.15815430430118252 0.15792506895664535 0.1576780447613789 0.15798760500020081 0.15822651301321042 0.15795712664971093 0 0.13217564704090268 0.1320975966304788 0.13205493238926247 0.13202680568624017 0.13199032635680877 0.131989768509128 0 0.13197086760610913 0 0 0 0 0 0 0 0 0 0 0 0 0 0.16155495826828906 0 0 0.1615551842810193 0.16155500319323773 0.1615547541910944 0.16155480990550725 0.17000836161196697 0.17000785674010188 0.17000827697499452 0.18564669397980402 0.1856469729471917 0.23529660637446984 0.2352963663644712 0.2352964011824149 0.23529670663999555 0.19743755240930524 0 0.19743774191887767 0.15577595037725497 0.1557766946930275 0.1557761048753177 0.1557770253581659 0.155776094560981 0.2155992498661127 0.15577668631752545 0.15577657518649246 0.15577642356366994 0.1355605591407357
0.1552138116108138 0.15527529702411477 0.15769908636009017 0.157673576659989 0.1443437305269236 0.1580239451545547 0.15786223917657655 0.15781604175040584 0.15781018096246288 0.1578710682508214 0.15770625651505787 0.15805738624246254 0.1322758707932742 0.1322712243371321 0.13216182603470367 0.13211119211587305 0.13207198836297268 0.1320707375551742 0.13204557015468574 0 0.132066951429518 0.13209378371334649 0 0 0 0.13213313972288637 0 0 0 0 0 0 0 0 0 0 0 0.1615991753249096 0 0 0.16155487348460995 0.1700079884922067 0.17000780857151304 0.1700078863524181 0.18564662611440383 0.18564662298387866 0.23529623337360056 0.2352963238061779 0 0 0.2352966647942098 0 0.15577613279543226 0.1557759340406421 0 0.1557762352205197 0.15577622281447664 0.16790904358179498 0.21559892911684805 0.15577706327874433 0.15577642690824509 0.15577642742281414 0
0.1783591685128462 0.15773032519544497 0.15777364568200458 0.1587344779424268 0.15779455562489303 0.15786740519671638 0 0.15780555283726533 0.15784603205930645 0.15793596019543799 0.15766996924568996 0.13230376847619707 0.13233576820650392 0.1323122042964953 0 0 0.13216444895506707 0 0 0 0.13214345468757568 0 0 0 0.1321756100475399 0 0 0 0 0 0 0 0 0 0 0 0 0.16159579533119905 0 0 0.16155505153572156 0.16155494611023888 0.16155479774802034 0.1615549777502451 0.17000783161485394 0.2352963006882255 0.1720601777901019 0.23530590223131173 0.23529652694666323 0 0 0 0 0.15577634614977848 0.15577633633954055 0.1557759260911876 0.1679090528549569 0.16790858754994736 0.15577618877400815 0.13556081755150282 0.1557763085995528 0.21559993667906716 0
