critload/trunk/output/1999/nh3_ef_man.asc
ncols 720
nrows 360
xllcorner -180.0
yllcorner -90.0
cellsize 0.5
NODATA_value -9999.0
[rows 208 to 233 of 360, columns 240 to 299 of 720]
0.16275526773960697 0.22209306347787822 0.22093469574601607 0.22146374422729292 0.22327113387754874 0.16582815023162684 0.2647842425724284 0.17567725917279498 0.25082742669447716 0.228356353576335 0.22846623916163966 0.22230225345743473 0.2222099756204182 0.22216254648441408 0.22204557105007702 0.2220678509824945 0.2214735778701256 0.21850102291783416 0.22173332081521277 0.22187296734641482 0.22146032409374677 0.22142290809689433 0.22140498363164673 0.1621768936064171 0.16139257021820216 0.16141181925551712 0.16208413419244488 0.16125791186020386 0.1618485432582308 0.16296980431130492 0.22411211848209964 0.2259208635704824 0.2275795164395256 0.22203527025341246 0.22989711394161974 0.23841550789279553 0.1623531834345412 0.16306058842057697 0.16321589747027207 0.16188592036102678 0.22648481122901412 0.16296116043304593 0.21384225326445652 -9999.0 -9999.0 -9999.0 -9999.0 -9999.0 -9999.0 -9999.0 -9999.0 -9999.0 -9999.0 -9999.0 -9999.0 -9999.0 -9999.0 -9999.0 -9999.0 -9999.0
0.16319573078433255 0.1614567366136777 0.22134990484446024 0.22213954807046132 0.16496369605172492 0.22291711625777658 0.22375943451137636 0.22191028465520019 0.22743998517113206 0.23137800348174448 0.22338482882465932 0.22364706971141476 0.22345298557865917 0.22193776267209603 0.22946677065951523 0.22223787667182965 0.22199326668489278 0.22151722243625555 0.22205628168523003 0.22199835444698474 0.1623011685874656 0.22209748885017813 0.22137840174212892 0.22122045540180005 0.1619550349930578 0.16072653002924767 0.16169198281961897 0.16162675217359418 0.16424531695322725 0.2242303355414831 0.1630169560285056 0.22656789944306874 0.22901868738473435 0.22190853124570098 0.2352980053283075 0.2232045667999054 0.23118851298950024 0.22955801344033405 0.22195672661766122 0.16346685271674652 0.22653984839459582 0.1618921967978236 -9999.0 -9999.0 -9999.0 -9999.0 -9999.0 -9999.0 -9999.0 -9999.0 -9999.0 -9999.0 -9999.0 -9999.0 -9999.0 -9999.0 -9999.0 -9999.0 -9999.0 -9999.0
0.22638453115708757 0.22279995814348155 0.2235894970120153 0.23664911733327254 0.1654780791191351 0.22748385841148597 0.2219288315793674 0.1622243945890987 0.2219895757899014 0.22296011414237277 0.22369521811399212 0.22404344514067756 0.22399159923915976 0.22300338445075454 0.22684829191790645 0.22196162344972736 0.22167561418033996 0.22178538454440969 0.22221219366130554 0.2215160461965679 0.22281824023542685 0.22274519404021853 0.16193211406216684 0.162124834373032 0.1628365511478682 0.2212109029642217 0.22125420433442938 0.1614238825283083 0.22545107861188216 0.1619000348265946 0.16160153382777787 0.22707883420758937 0.22215526319612705 0.2227918472079806 0.22252244490747414 0.2213071456585782 0.2212870387132966 0.2283056379775003 0.16498487676035292 0.1626545034271252 0.1626529205346423 0.16185992421657142 0.21477233270019772 -9999.0 -9999.0 -9999.0 -9999.0 -9999.0 -9999.0 -9999.0 -9999.0 -9999.0 -9999.0 -9999.0 -9999.0 -9999.0 -9999.0 -9999.0 -9999.0 -9999.0
0.22690660004926466 0.2227642581498888 0.23327498998318327 0.22329127361618117 0.16285838871569705 0.1628846495567562 0.22191301393514418 0.16158121361090622 0.22168488308487128 0.22333106118306786 0.22209193852626904 0.22789386434407716 0.2294666087426339 0.22805653596828043 0.22766953614707452 0.22989895639641447 0.22290544374789883 0.2224349710253013 0.22165012595619402 0.16256194078851496 0.22256493992821225 0.2216653468352896 0.16235392124391826 0.22113608768126838 0.22131194036306975 0.1617450395249597 0.22134343382910635 0.16071735658766853 0.16100092263600096 0.22409808803456727 0.22401793483160704 0.22165282320548393 0.2223673182479411 0.22247836570534635 0.2219648986856805 0.22139459445131207 0.2213570858730049 0.1624142568290162 0.16261181635781755 0.16233171372800106 0.16336409078907718 0.1638970735976084 0.15963680114687304 -9999.0 -9999.0 -9999.0 -9999.0 -9999.0 -9999.0 -9999.0 -9999.0 -9999.0 -9999.0 -9999.0 -9999.0 -9999.0 -9999.0 -9999.0 -9999.0 -9999.0
0.22752335003676494 0.22460766378634855 0.22568568454059537 0.22991808474328326 0.2249440663282832 0.22657731722597602 0.22862467202006895 0.22655527491359706 0.22509347607112817 0.22271656200469547 0.22238940884434966 0.22169911635155226 0.22832521216279278 0.2274057197232657 0.23085423656537293 0.22864757319279727 0.22761115260908818 0.22701754990773204 0.22215476272576326 0.22253821850305083 0.22328249876218617 0.22264820578463454 0.2222148333188014 0.1625396123225719 0.22285440771784 0.22221535053880553 0.22141298021660613 0.2217091243210325 0.22102722767919936 0.22343460445469532 0.22102013330918663 0.2211786231291021 0.22211544475592684 0.22128413334034577 0.22084710948156341 0.22222194732442505 0.22170237126133052 0.2224300691219328 0.22196284233511354 0.1624873713507901 0.23503248545392855 0.16238746462078144 0.15965446688484544 -9999.0 -9999.0 -9999.0 -9999.0 -9999.0 -9999.0 -9999.0 -9999.0 -9999.0 -9999.0 -9999.0 -9999.0 -9999.0 -9999.0 -9999.0 -9999.0 -9999.0
0.13850469709379296 0.13873282574710682 0.2675893142855562 0.16080795632033684 0.1638651127492718 0.16193667109964066 0.1608630945115667 0.16225764501156306 0.2249733995222284 0.2218172240774849 0.22280905277981927 0.22911048002792575 0.23076222917063519 0.22688357063522008 0.2296533604970859 0.22852818529345242 0.2279166323434653 0.23049556038094973 0.22799653966649322 0.22237934152020347 0.2230067803924553 0.2219242779957988 0.22355702201710242 0.22329414200998662 0.22221931454436386 0.2219170888004017 0.22125725525533585 0.22490496212338507 0.22099445854292218 0.22095972062590213 0.22127225610924928 0.22086719853015852 0.22673385426627954 0.22100997031778147 0.1617069781826921 0.22827546628047074 0.22215729126236775 0.22178078124252615 0.22232792507350418 0.22229905047809678 0.16342926705296112 0.22210660867591456 -9999.0 -9999.0 -9999.0 -9999.0 -9999.0 -9999.0 -9999.0 -9999.0 -9999.0 -9999.0 -9999.0 -9999.0 -9999.0 -9999.0 -9999.0 -9999.0 -9999.0 -9999.0
0.13852780532738504 0.1384957408086887 0.2796848260735013 0.162204688405081 0.16254380284415088 0.16158517064580874 0.16205271256168183 0.16044745158171198 0.162361378353543 0.2272380786894894 0.22343177815294907 0.22275180987983745 0.22182477737199302 0.22843985699561425 0.23054367520069644 0.22257007780975013 0.2228690430095377 0.2235514862853285 0.2234339914638126 0.22299548925085957 0.22264229740692792 0.22242219976044153 0.2228481993853955 0.22239114272146912 0.22282345796090042 0.22217745574101352 0.16142394712534924 0.22387741695920194 0.16065470945595337 0.22068175921563707 0.22136910055214787 0.2242684916919523 0.22509222047099547 0.2208632568226402 0.22143090889113048 0.2211831751675171 0.22172260999853274 0.22222815897098885 0.2220394884316015 0.16389157416211014 0.1625931984241025 0.16377523632360375 -9999.0 -9999.0 -9999.0 -9999.0 -9999.0 -9999.0 -9999.0 -9999.0 -9999.0 -9999.0 -9999.0 -9999.0 -9999.0 -9999.0 -9999.0 -9999.0 -9999.0 -9999.0
0.13990217679225847 0.13843661960386708 0.13843661960406764 0.1385833718493001 0.1398260790802663 0.16189085369390346 0.22536654030863307 0.2243755983412304 0.1628174577754381 0.22457575347874423 0.22337273094937926 0.22858417408398174 0.22844560019887658 0.2302838808732602 0.22260947436101497 0.2234162395632095 0.2232268602518445 0.2236182464704735 0.2235153171470252 0.22325107111648493 0.22379682424815908 0.22306584785824035 0.22271727995989038 0.1620157785157761 0.1624193730625353 0.22288756810045868 0.22127568895302 0.22100873126703618 0.22096237832606921 0.22096433690766584 0.16108824215389383 0.22084180478964324 0.2208461866188368 0.22104234927642058 0.2210142170087067 0.22139018406603625 0.22186957062418822 0.2217851097073433 0.22218296273656615 0.2219450723207639 0.1623303759406713 0.16278546529689283 -9999.0 -9999.0 -9999.0 -9999.0 -9999.0 -9999.0 -9999.0 -9999.0 -9999.0 -9999.0 -9999.0 -9999.0 -9999.0 -9999.0 -9999.0 -9999.0 -9999.0 -9999.0
0.14091172872230662 0.13893159741005767 0.13871027799129926 0.1390340341443946 0.13891922250277486 0.2165659383464998 0.16236130576360172 0.16160945241576635 0.22481098926662468 0.22388425233570114 0.22977660103699302 0.2297422399821336 0.23009668409507283 0.2226955696178118 0.22339523252109975 0.22217455234608197 0.22267654927393646 0.22194625656782094 0.22321432331248373 0.22327164527561622 0.2236491655370431 0.22341167931918188 0.2223621900603537 0.22181025989790745 0.22689753293654613 0.22186514218275336 0.2215752049190507 0.2209558656644746 0.22096075727132153 0.16093567044727083 0.2206287711628225 0.22472516137818613 0.16060675266414573 0.2211396756564372 0.22106653850322075 0.2213675488455291 0.22164282794590337 0.22159993751655865 0.22181313211652645 0.22340181776347345 0.16223782730345215 -9999.0 -9999.0 -9999.0 -9999.0 -9999.0 -9999.0 -9999.0 -9999.0 -9999.0 -9999.0 -9999.0 -9999.0 -9999.0 -9999.0 -9999.0 -9999.0 -9999.0 -9999.0 -9999.0
0.14387257161230513 0.13944960569497156 0.13935823198838002 0.1390978647350891 0.13976329221682485 0.16262868117255233 0.2241435787633787 0.16280365078313463 0.16191864527343244 0.2255083769563428 0.2331700903658273 0.23162049680871716 0.23059136669103766 0.2292233251066172 0.22399037496180008 0.2223729469685632 0.22219352620010052 0.22234080437254305 0.22271593009792667 0.22266854697230887 0.2228598216109005 0.223197756340519 0.22276611945529215 0.22276893751314078 0.22283597736265726 0.221911907249252 0.22237530987773166 0.22152813384751527 0.16142710950632436 0.2248729302897857 0.2253667862144359 0.22584926582942919 0.22110411287219622 0.2213299383247014 0.22106534754552834 0.22127176917767313 0.22173242241568106 0.22177763878107723 0.22218154960480688 0.22228118049212778 0.22193843007019592 -9999.0 -9999.0 -9999.0 -9999.0 -9999.0 -9999.0 -9999.0 -9999.0 -9999.0 -9999.0 -9999.0 -9999.0 -9999.0 -9999.0 -9999.0 -9999.0 -9999.0 -9999.0 -9999.0
0.14351708548397768 0.13933922881631966 0.13838494738379511 0.1391403109455402 0.22613584547938673 0.22418151736401895 0.16125088911460544 0.22642435845779088 0.22551016418025105 0.22660629306925117 0.2231657387521686 0.23086904386859755 0.22924043479475006 0.23300636905855696 0.22922384106114901 0.22792828129703768 0.22290964443365172 0.22268667083588356 0.2222993156337174 0.22253334324164625 0.22222440197530885 0.22202932698026961 0.22237947836668065 0.22284093239045724 0.22335433332533416 0.22219903461852508 0.22229932990798326 0.22209343676437387 0.2251105265546403 0.22169708706160068 0.22230782973036378 0.22800075013463839 0.1626597067873964 0.2215030230582441 0.2215219902890566 0.22188145688312386 0.2219160579726513 0.22200796119775582 0.22176552147160353 0.22247810977824747 0.22186405446337754 -9999.0 -9999.0 -9999.0 -9999.0 -9999.0 -9999.0 -9999.0 -9999.0 -9999.0 -9999.0 -9999.0 -9999.0 -9999.0 -9999.0 -9999.0 -9999.0 -9999.0 -9999.0 -9999.0
0.15964768335829738 0.16061655614024548 0.2591588453621877 0.13891158519273608 0.16224428258412105 0.2243229828116191 0.16381622283986316 0.16260031681837162 0.16386068789491076 0.2219916862358834 0.22935581229257737 0.22292657058146528 0.2317337025948454 0.22277964723293475 0.2285852515114883 0.23111793210095485 0.23125062328269597 0.23121278857922659 0.22248653977188845 0.22274999199541035 0.22231851901893473 0.22258437475500242 0.22259874440734664 0.2228334790405195 0.22317745634675448 0.22242815058674353 0.22199388009047472 0.22167038409085496 0.22880226213726615 0.22191304874205695 0.2222183254382231 0.16303629725208052 0.1627928619247437 0.22186578374223428 0.22188979287057511 0.22223513993101346 0.2216603066781333 0.22201144952241905 0.22206637154537215 0.22206653666451426 0.15948732529789045 -9999.0 -9999.0 -9999.0 -9999.0 -9999.0 -9999.0 -9999.0 -9999.0 -9999.0 -9999.0 -9999.0 -9999.0 -9999.0 -9999.0 -9999.0 -9999.0 -9999.0 -9999.0 -9999.0
0.16041465740941296 0.2557066059658888 0.16015868058235447 0.15929695199312116 0.16106184799909884 0.2253005662596817 0.22928937023165488 0.22820749919796915 0.22823429657557803 0.230017012136619 0.1631168125978555 0.22218205726218457 0.22229224765966726 0.2299208219187992 0.22954315477101653 0.23121540422662296 0.231910681779475 0.23260609289007064 0.23294243376796284 0.22272073475251922 0.16422581120639215 0.22318557473159556 0.2233381520299052 0.2247179089911294 0.2240356813102165 0.222608667953689 0.2282010038033288 0.22221536916597287 0.22917188916622971 0.22244373947886584 0.22252286152400721 0.22244364026275068 0.16090069034030843 0.2221433551353799 0.2223058613452794 0.2222584051972339 0.22246462568906597 0.22243877402430293 0.22215193119072563 0.16248479577300992 -9999.0 -9999.0 -9999.0 -9999.0 -9999.0 -9999.0 -9999.0 -9999.0 -9999.0 -9999.0 -9999.0 -9999.0 -9999.0 -9999.0 -9999.0 -9999.0 -9999.0 -9999.0 -9999.0 -9999.0
0.1587957335048188 0.1591067255250076 0.16002463442964365 0.15895610942769745 0.22211169869547726 0.222342993880855 0.224495072239665 0.22779319872814266 0.2281751566741769 0.22225683104534866 0.2221751802938076 0.22231654251579655 0.2309232516671622 0.22912694775769873 0.23039505151071943 0.23059636116026289 0.2315021835583966 0.2309748594771215 0.2312264193261588 0.2305107214092886 0.2307673330991209 0.23170943411741324 0.23371938756265906 0.22436643329181893 0.2239725567138273 0.2228621280435588 0.23466436851099537 0.2311835975375463 0.22262717414217528 0.22282791975352523 0.22217183001842838 0.1639497350362389 0.22253659436483184 0.22230830731248535 0.2224058279468306 0.22231984012324305 0.22255566913396246 0.22878264073923676 0.22281050393987728 -9999.0 -9999.0 -9999.0 -9999.0 -9999.0 -9999.0 -9999.0 -9999.0 -9999.0 -9999.0 -9999.0 -9999.0 -9999.0 -9999.0 -9999.0 -9999.0 -9999.0 -9999.0 -9999.0 -9999.0 -9999.0
0.15878909017676512 0.15878608640196806 0.15901693672174727 0.1589964163430813 0.22375586102165385 0.22519823015196153 0.2244372540793136 0.22932923002040423 0.22208318344025293 0.22299928803867142 0.22248168110688943 0.22259278860037612 0.23037734054580514 0.23127133360844723 0.2319985082974785 0.22327574979051026 0.22254912280547107 0.2298868340474814 0.23271291565316615 0.2333698401298953 0.23282423887816409 0.2343521076695404 0.2341226613187357 0.2242693799944187 0.2238117907947905 0.2228999364536949 0.23148079206870523 0.2329430639761818 0.2350179370048638 0.2327358390342964 0.22979806755494794 0.22164739195767535 0.2226164306740275 0.2223615609949986 0.22974296616962994 0.22899288110404323 0.2301409997534443 0.22304153293695747 0.2028822979720291 -9999.0 -9999.0 -9999.0 -9999.0 -9999.0 -9999.0 -9999.0 -9999.0 -9999.0 -9999.0 -9999.0 -9999.0 -9999.0 -9999.0 -9999.0 -9999.0 -9999.0 -9999.0 -9999.0 -9999.0 -9999.0
0.15880183080417856 0.1588410896651888 0.1590865436646157 0.15900977076281797 0.22615473446548978 0.22566224390795994 0.22700286473380882 0.22989312569176448 0.2228819668008979 0.22342111786022442 0.2228528687665464 0.2228681478532169 0.22274930641965615 0.22279332532549498 0.22277096197577767 0.22247250100891225 0.22309539486779076 0.22999461941673052 0.2307243748686376 0.22951211822994969 0.23175874364549406 0.23227956888205956 0.2331446313309491 0.22321254571648846 0.22275721481558977 0.22381943939708257 0.22391849785467 0.2231549646682954 0.22357979389399588 0.23237305090652943 0.164112587647734 0.2212433691535041 0.22216182948755275 0.2224116946064254 0.22237267584588927 0.22194658498847575 0.22238090134615074 0.22293596377780264 -9999.0 -9999.0 -9999.0 -9999.0 -9999.0 -9999.0 -9999.0 -9999.0 -9999.0 -9999.0 -9999.0 -9999.0 -9999.0 -9999.0 -9999.0 -9999.0 -9999.0 -9999.0 -9999.0 -9999.0 -9999.0 -9999.0
0.16101644439993548 0.15927167832758093 0.1589170825185986 0.25049321530495844 0.24688374191897614 0.24282590119806569 0.24442463293826486 0.23256463115767984 0.22315726088432528 0.22312299645284306 0.22337007514782745 0.22364065266402064 0.22395240929435276 0.22352067396198072 0.223001719426209 0.22293077399677544 0.22287312697515393 0.2383318437720872 0.23049134943771357 0.23124498024851448 0.2338451779235613 0.2325366894347802 0.2238090085626737 0.22314398111351127 0.22362892695958314 0.22371474303468822 0.2237571520719151 0.22235503186969235 0.22287135673607628 0.1629832105527209 0.16265054843524396 0.22200611638589193 0.22223280735636947 0.22274128910403598 0.16298515618258222 0.22210676311210942 0.2234024021680915 0.21064158717693265 -9999.0 -9999.0 -9999.0 -9999.0 -9999.0 -9999.0 -9999.0 -9999.0 -9999.0 -9999.0 -9999.0 -9999.0 -9999.0 -9999.0 -9999.0 -9999.0 -9999.0 -9999.0 -9999.0 -9999.0 -9999.0 -9999.0
0.15893371247090746 0.15934522471694912 0.15886856478683103 0.159208204865654 0.1591686729658859 0.2450082754535912 0.24491531161316382 0.1601017552562419 0.21914635494296023 0.2237812799329081 0.2239230771300358 0.22375293496676985 0.22378383900947693 0.2232824396887548 0.22509512661501338 0.2248283856105735 0.2250763853909758 0.223435929671929 0.22546221797263358 0.22481644651999683 0.22293268167284316 0.22293652982034254 0.2247952862244703 0.23353099774276478 0.22407402627067685 0.22352485422914392 0.2315967802144102 0.22731012578759388 0.16210969223906413 0.22369745959788875 0.2224392056985303 0.2222670221421136 0.22160910508354342 0.16148025138094793 0.22222065638278124 0.22303026195133593 -9999.0 -9999.0 -9999.0 -9999.0 -9999.0 -9999.0 -9999.0 -9999.0 -9999.0 -9999.0 -9999.0 -9999.0 -9999.0 -9999.0 -9999.0 -9999.0 -9999.0 -9999.0 -9999.0 -9999.0 -9999.0 -9999.0 -9999.0 -9999.0
0.15962914116994645 0.1590977175146506 0.15910209248001655 0.15918783780546397 0.15912418124599628 0.23367595640269875 0.24110161860060372 0.16021902102719424 0.22276469605035282 0.22350508175022282 0.2232550141378432 0.2235534386826113 0.2228272462675592 0.22348270346518204 0.2248312986430015 0.2247115245068897 0.22462425128811675 0.22527862652165578 0.2383888423724546 0.23381040803700276 0.22318777243297153 0.22420912089890147 0.23315046992607993 0.22324821816796916 0.2237650548682484 0.22324251928815467 0.16235339438510715 0.22218687703056308 0.222255039026923 0.2222588888911124 0.1632767565436256 0.1598152102354694 0.2148205904452325 -9999.0 -9999.0 -9999.0 -9999.0 -9999.0 -9999.0 -9999.0 -9999.0 -9999.0 -9999.0 -9999.0 -9999.0 -9999.0 -9999.0 -9999.0 -9999.0 -9999.0 -9999.0 -9999.0 -9999.0 -9999.0 -9999.0 -9999.0 -9999.0 -9999.0 -9999.0 -9999.0
0.16024627351575216 0.1599997443448625 0.1593017462351253 0.15925801542687443 0.15911954410106538 0.23597168986659506 0.16018261499288766 0.16059462855307957 0.16075804972722887 0.22360551545403895 0.223408037969583 0.22400657643473687 0.2244293324674899 0.22490734460297448 0.22466109886522911 0.2250614704871758 0.22272519061412716 0.16418611229284147 0.22214256066356844 0.22266445131984103 0.22329483421384333 0.22336326761134956 0.22334343623552882 0.22294525877511068 0.2233880244609574 0.22226756907010303 0.22063234365268145 0.16139991319225833 0.1618136065191823 0.15978926841104543 -9999.0 -9999.0 -9999.0 -9999.0 -9999.0 -9999.0 -9999.0 -9999.0 -9999.0 -9999.0 -9999.0 -9999.0 -9999.0 -9999.0 -9999.0 -9999.0 -9999.0 -9999.0 -9999.0 -9999.0 -9999.0 -9999.0 -9999.0 -9999.0 -9999.0 -9999.0 -9999.0 -9999.0 -9999.0 -9999.0
0.15219869376260844 0.15931516064273313 0.15916851354152306 0.15931721571130836 0.15896020807750277 0.2420881814953803 0.16038012201854973 0.16030415903485604 0.16054014534512 0.1602939721948034 0.2225868534297977 0.22389672544543063 0.22554717611607739 0.22534018342841683 0.17351985426930955 0.16900614722170232 0.22270565965482142 0.22200713648636503 0.22132692149209948 0.2217853014770254 0.22159066378178904 0.16253977150709426 0.2219376079785017 0.22207551603471506 0.22153270680396345 0.1613175132130882 0.15995779281217315 -9999.0 -9999.0 -9999.0 -9999.0 -9999.0 -9999.0 -9999.0 -9999.0 -9999.0 -9999.0 -9999.0 -9999.0 -9999.0 -9999.0 -9999.0 -9999.0 -9999.0 -9999.0 -9999.0 -9999.0 -9999.0 -9999.0 -9999.0 -9999.0 -9999.0 -9999.0 -9999.0 -9999.0 -9999.0 -9999.0 -9999.0 -9999.0 -9999.0
0.15207853474382757 0.15214309034709494 0.2493732342907123 0.15963647137604126 0.25010905630228486 0.15945152421439715 0.23577454377698726 0.2285877406391637 0.1600217013734696 0.15993843244567624 0.22379054700294337 0.2231824464771759 0.225179822852575 0.1716933466814841 0.22267629653002793 0.2216922838844906 0.16288948572199252 0.22144526942343953 0.22138931095717793 0.16247767949450945 0.21946572454426524 0.161914138320724 0.16159471677543 0.22134168806668045 0.22117926359565757 0.21614758805727832 -9999.0 -9999.0 -9999.0 -9999.0 -9999.0 -9999.0 -9999.0 -9999.0 -9999.0 -9999.0 -9999.0 -9999.0 -9999.0 -9999.0 -9999.0 -9999.0 -9999.0 -9999.0 -9999.0 -9999.0 -9999.0 -9999.0 -9999.0 -9999.0 -9999.0 -9999.0 -9999.0 -9999.0 -9999.0 -9999.0 -9999.0 -9999.0 -9999.0 -9999.0
0.15215925848151265 0.15204902227703665 0.15284998385431586 0.20193574544845386 0.197626605951884 0.2261717263635205 0.22910397159224602 0.16057475708639354 0.22759805280504233 0.1600499200871825 0.2427411033348112 0.22379763248646192 0.16704425805568857 0.1648880923231139 0.22172799003760643 0.22153791507998793 0.16746104985706914 0.16255296237695946 0.22190423171526627 0.22253333404614273 0.21945063085043348 0.21964247532993947 0.1604391947761636 0.16187842876856467 0.1599841093356449 -9999.0 -9999.0 -9999.0 -9999.0 -9999.0 -9999.0 -9999.0 -9999.0 -9999.0 -9999.0 -9999.0 -9999.0 -9999.0 -9999.0 -9999.0 -9999.0 -9999.0 -9999.0 -9999.0 -9999.0 -9999.0 -9999.0 -9999.0 -9999.0 -9999.0 -9999.0 -9999.0 -9999.0 -9999.0 -9999.0 -9999.0 -9999.0 -9999.0 -9999.0 -9999.0
0.15216896212445755 0.1528280298967806 0.1529717668366645 0.15211898880930974 0.15930138195456622 0.22633636435649407 0.23128814857393382 0.22971904633865442 0.16050868416259137 0.16039101456323712 0.22728512133380108 0.1526118983219916 0.22298209934313706 0.22285720130620415 0.1658171829748241 0.2218085055522414 0.22298831800507304 0.16210473092777025 0.21920127673385847 0.21946595419400977 0.21937652431458585 0.21950956819766715 0.21957047060501977 0.15988106467477467 -9999.0 -9999.0 -9999.0 -9999.0 -9999.0 -9999.0 -9999.0 -9999.0 -9999.0 -9999.0 -9999.0 -9999.0 -9999.0 -9999.0 -9999.0 -9999.0 -9999.0 -9999.0 -9999.0 -9999.0 -9999.0 -9999.0 -9999.0 -9999.0 -9999.0 -9999.0 -9999.0 -9999.0 -9999.0 -9999.0 -9999.0 -9999.0 -9999.0 -9999.0 -9999.0 -9999.0
0.1531865849188033 0.2032264767304258 0.19817901146537287 0.1954683622668077 0.24833462464496756 0.23170385799538656 0.2324685561963781 0.23225176214314686 0.16044396139796174 0.16436696581814333 0.16009780517195318 0.15206255121310563 0.15304452066377644 0.22226408093812958 0.22253612127172234 0.22225904237878977 0.16223973849006493 0.16200616062259202 0.21914117928554025 0.21919238295674973 0.21925669119353788 0.16159215228500096 0.16204632793228896 -9999.0 -9999.0 -9999.0 -9999.0 -9999.0 -9999.0 -9999.0 -9999.0 -9999.0 -9999.0 -9999.0 -9999.0 -9999.0 -9999.0 -9999.0 -9999.0 -9999.0 -9999.0 -9999.0 -9999.0 -9999.0 -9999.0 -9999.0 -9999.0 -9999.0 -9999.0 -9999.0 -9999.0 -9999.0 -9999.0 -9999.0 -9999.0 -9999.0 -9999.0 -9999.0 -9999.0 -9999.0
0.15275792458820994 0.15505387846401564 0.20039039034036563 0.24955521382233775 0.15891323909674182 0.23678791547632944 0.23774128290093274 0.23122338525329877 0.16112096432883544 0.2210312549175118 0.1523018834697736 0.1542883507005901 0.15480437692202695 0.22221301680668754 0.16508905230087637 0.16718673524370875 0.16474845164679675 0.16213284150429905 0.1611570745314206 0.16154313694111275 0.16148957656070004 0.22195086179618675 0.22249400775369385 -9999.0 -9999.0 -9999.0 -9999.0 -9999.0 -9999.0 -9999.0 -9999.0 -9999.0 -9999.0 -9999.0 -9999.0 -9999.0 -9999.0 -9999.0 -9999.0 -9999.0 -9999.0 -9999.0 -9999.0 -9999.0 -9999.0 -9999.0 -9999.0 -9999.0 -9999.0 -9999.0 -9999.0 -9999.0 -9999.0 -9999.0 -9999.0 -9999.0 -9999.0 -9999.0 -9999.0 -9999.0
