critload/trunk/output/1999/nh3_ef_fert.asc
ncols 720
nrows 360
xllcorner -180.0
yllcorner -90.0
cellsize 0.5
NODATA_value -9999.0
[rows 84 to 111 of 360, columns 441 to 503 of 720]
0.06679458260580949 0.07948922013978031 0.07948926668778808 0 0.07948925784528751 0.08576586124980624 0.08576587997641891 0.05743310628764413 0.08576590020690363 0.08576588684682902 0.08576592827232903 0.08576588656302028 0.0857658876229191 0.08576588801674431 0 0 0 0 0 0 0 0 0.0619680295156506 0 0 0 0 0 0 0 0 0 0 0 0 0 0 0 0.06196802972141931 0 0 0 0 0 0 0 0 0 0 0 0 0 0 0 0 0 0 0 0 0 0 0 0
0.06196817831535785 0.07948922692248019 0.07948915829260317 0.07948919044991275 0.07948918990671555 0.07948919287132925 0.08576589672183048 0.057433123842314936 0.08576586042698492 0.08576591552460526 0.08576587306529433 0.08576596308632366 0.061968141942873596 0.06196817834193658 0.0857658527116386 0.08576582506157959 0 0 0 0 0 0 0.06196802871719717 0 0 0 0 0 0 0 0 0 0 0 0 0 0 0 0 0 0 0 0 0 0 0 0 0 0 0 0 0 0 0 0 0 0 0 0 0 0 0 0
0.06679455131700399 0.06679453426833581 0.0794892931971313 0.07948926240466737 0.07948924790897426 0.07948922979207541 0.07948917694603733 0.05743312384584647 0.0857658757832393 0.08576587332501573 0.061968188836674626 0.06196815382837902 0 0.08576584652281821 0.06196817886222133 0.061968178331784765 0.06196819778450692 0 0 0 0 -9999.0 0 0 -9999.0 0 0 0 0 0 0 0 0 0 0 0 0 0 0 0 0 0 0 0 0 0 0 0 0 0 0 0 0 0 0 0 0 0 0 0 0 0 0
0.05743306815067576 0.06679448493292568 0.0667945820666662 0.079489242552213 0.07948921891457804 0.057433138000778185 0.05743312384551439 0.057433123844301645 0.05743308886738459 0.08576580732065453 0.061968178914840376 0.08576588374628095 0 0 0.061968178839001346 0.0619681823457648 0.06196826837798155 0 -9999.0 -9999.0 -9999.0 -9999.0 -9999.0 -9999.0 -9999.0 0 0 0 0 0 0 0 0 0 0 0 0 0 0 0 0 0 0 0 0 0 0 0 0 0 0 0 0 0 0 0 0 0 0 0 0 0 0
0.057433105474064904 0.05743319586366099 0.06679452013660102 0.06679454313213228 0.07948927752979369 0.07948928512837895 0.0794892601864977 0.05743308212339004 0.05743312496436345 0.06196825760195567 0.06196824640293865 0.06196822612826468 0 0.061968226128231205 0.06196817863891939 0.06196820638570774 0 -9999.0 -9999.0 -9999.0 -9999.0 -9999.0 -9999.0 -9999.0 0 0 0 0 0 0 0 0 0 0 0 0 0 0 0 -9999.0 0 0.05674788094309366 0.056747880981785084 0.08576540814115405 0 0 0 0 0 0 0 0 0 0 0 0 0 0 0 0 0 0 0
0.07948918803191285 0.07948926832873988 0.05743315513062156 0.05743307882284296 0.06679459009822304 0.07948923727938935 0.07948918598599118 0.07948916032894017 0.07948919181816884 0.08576590295344373 0.06196820275166231 0.08576593529226124 0.0857658479210873 0.061968205989100446 -9999.0 -9999.0 -9999.0 -9999.0 -9999.0 -9999.0 -9999.0 0 0 0 0 0 0 0 0 0 0 0 0 0 0 0 0 -9999.0 -9999.0 -9999.0 -9999.0 0 0.06196802856802752 0 0 0 0.06196802888554763 0.09263022886802107 0.09263022974132233 0.06196802878621106 0.0619680283438235 0 0 0 0 0 0 0 0 0 0 0 0
0.07948920035904945 0.07948922265779411 0.07948920145547146 0.07948922449023262 0.07948918504010825 0.07948922773167989 0.07948925099864333 0.0794892253644156 0.07948917040164029 0.07948923895304531 0.05743318913958163 0.05743311010569339 0.061968206666484976 0 -9999.0 -9999.0 -9999.0 -9999.0 -9999.0 0 0 0 0 0 0 0 0 0 0 0 0 0 0 0 0 0 -9999.0 0 -9999.0 -9999.0 -9999.0 0 0 0 0 0 0.0619680283308487 0.09263022996356705 0.09263022979207344 0.06196802901832249 0.061968028979899024 0 0 0 0 0 0 0 0 0 0 0 0
0.061968224819463964 0.07948918051422411 0.07948928823859856 0.07948918523927069 0.07948917287239517 0.057433124764544756 0.07948920354561005 0.07948920700375152 0.07948919516808334 0.07948924649256656 0.07948925458698873 0.08576582205077937 0.05392644555107862 0 -9999.0 -9999.0 -9999.0 -9999.0 -9999.0 0 0 0 0 0 0 0 0 0 0 0 0 0 0 0 0 0 -9999.0 -9999.0 -9999.0 -9999.0 0 0 0 0 0 0 0 0 0 0 0 0 0.061968028764556406 0.07948902318708201 0 0.06196802893016678 0.0619680284792109 0 0 0 0 0 0
0.061968164920477097 0.061968172994824704 0.06196822612212062 0.06196825670025416 0.0794892634953341 0.0794892289903431 0.07948918055626836 0.07948916679832899 0.0794892249885978 0.06679451110809101 0.079489211869161 0.07948923633390247 0.05743316329498431 0.05743305940789134 0 -9999.0 -9999.0 -9999.0 -9999.0 -9999.0 -9999.0 0 0 0 0 0 0 0 0 0 0 0 0 0 0 0 0 0 0 0 0 0 0 0 0 0 0 0 0 0 0 0 0.06196802915171931 0.06196802890955084 0.07948902327469659 0 0.07948902385016289 0 0.08576572189152237 0.08576603843159689 0.08576562662183677 0.061968070516545216 0.05674789498304292
0.06196829736488241 0.04997975534251729 0.04997996779174949 0.04997995792948436 0.04997987043015249 0.04997994997139359 0.06679454363431146 0.057433109753632625 0.05743311531224839 0.057433082184467986 0.05743309102193454 0.057433094351070565 0.05743307417354245 0.05743310923730399 -9999.0 -9999.0 -9999.0 -9999.0 -9999.0 -9999.0 -9999.0 0 0 0 0 0 0 0 0 0 0 0 0 0 0 0.12820294140958124 0.0926302625390988 0.09263026275265912 0.061967989791045085 0.08576554786109665 0.061967989728609854 0 0 0 0 0 0 0 0 0 0 0 0 0.061968029041633774 0.06196809659482171 0.07948935126269377 0.07948921779187446 0 0.07948924102444159 0.07948924102444158 0.08576545967096387 0.08576597001555815 0.0857654800704766
-9999.0 0.08060983241267945 0.05392625423784428 0.053926357128115034 0 0.05392636646101366 0.04997987291722314 0.04997987523951043 0.04997987291722314 0.04997988949234013 0.061968173040439244 0.049979961490197566 0.06196814964770724 0.06679446702370063 0.06196818190687423 -9999.0 -9999.0 -9999.0 -9999.0 -9999.0 -9999.0 -9999.0 0 0 0 0 0 0 0 0 0 0 0 0 0 0.12820301226652364 0.0926305355379959 0.09263008937314202 0.08585138030291463 0.0574329187174749 0.06196798871371649 0 0 0 0 0 0 0 0 0 0 0 0 0.06196804467313764 0.06196801487628541 0.06196801892967124 0.07948927212619249 0.07948874383110766 0.07948872620037495 0.06196805031450602 0.06196806326482836 0.085765318250163 0.08576587811610044
-9999.0 -9999.0 0.08060995762624047 0.08060973181405794 0.061968185829348175 0.07948927269958374 0.06196817031291024 0.061968234469364336 0.06196822718372802 0.061968096902034156 0.06196816733243177 0.06196822401221122 0.049979935429470525 0.04997994461548563 0.06196820025468569 0.06196825838048147 -9999.0 -9999.0 -9999.0 -9999.0 -9999.0 -9999.0 -9999.0 0 0 0 0 0 0 0 0 0 0 0 0 0.12820374034738635 0.09263065282421257 0.09263060009071702 0.0858515275536737 0.057432910755749265 0 0 0 0 0 0 0 0 0 0 0 0 0 0.05674789498304292 0.0619680221292962 0.07948888895407981 0.07948918201458816 0.07948924102444159 0.07948932879581572 0.04997978315868355 0.04997981742256281 0.04997993548820336 0.04997992613690671
-9999.0 -9999.0 0.07948908799824753 0.053926546941858174 0.06196830257795594 0.061968134090725296 0.06196823118193915 0.061968148141024006 0.0794892134887548 0.07948931534150294 0.061968226346282025 0.06196829909422332 0.05392629519029355 0.04997988836182529 0.04997986768875815 0.06196817500037432 0.06158286236519199 -9999.0 -9999.0 -9999.0 -9999.0 -9999.0 -9999.0 -9999.0 0 -9999.0 0 0 0 0 0 0 0 0 0 0 0.09263069690381265 0.09263063952668744 0.08585160503398588 0.0858514424418888 0.057432931422027794 0.057432897029549505 0 0 0 0 0 0.12820348612096796 0 0 0 0.056747823395116664 0.056747894983042925 0.056747894983042925 0.06196803514800544 0.07948903223460192 0.07948903056609509 0.07948927433309223 0.07948906935174002 0.06196798886467594 0.049979857347215786 0.0619682597590128 0.061968163355070986
0.07189921330487464 0.0666373864549659 0.07189914156194642 0.08262096953614566 0.06663719214489311 0.06196801342803044 0.07948907535859896 0.06679447757329651 0.07948923759686492 0.05887855465470385 0.07948904590546585 0.07948905502168435 0.06182612203238078 0.06196819055964872 0.04997994382855373 0.06196811146454942 0.06067877078262696 0.0592001449950426 -9999.0 -9999.0 -9999.0 -9999.0 -9999.0 -9999.0 0 -9999.0 -9999.0 0 0 0 0 0 0 0 0 0 0 0 0 0.08482755600488523 0.08585118622711517 0.12820361607511827 0.12820348749251212 0 0 0 0 0 0.08576564092208465 0 0 0 0 0 0.08576586924973491 0.06196808642929028 0.07948923543490377 0.07948891786061886 0.07948920285187062 0.06196793338139452 0.06196793835331608 0.07948921469184275 0.07948890476743063
0.066637235985526 0.10598162523259967 0.1059814845977114 0.1059814241571753 0.10598150618293288 0.10598147579825982 0.07948925173871242 0.07948925642922379 0.061968263406652214 0.06196826594001153 0.05926252380474261 0.059597852238011714 0.06087100330023614 0.06122178273123418 0.06105208456884272 0.061968292438335223 0.061968062089390506 0.061968071544489044 0.061968234008021233 0.07948904104993086 -9999.0 -9999.0 -9999.0 -9999.0 0 0 0 0 0 0 0 0 0 0 0 0 0 0 0 0 0 0 0 0.12820348604417603 0 0 0 0 0 0.08576564007317704 0.0794889009728086 0.07948887281716575 0 0 0.07948895791351868 0.07948881577453767 0.07948888375368846 0.07948895242338659 0.07948862387730643 0.07948917631787178 0.07948893049244088 0.05743288752513724 0.057432945800363205
0.08262109223080055 0.08262112313342937 0.10598142023162457 0.10598157481500593 0.10598157600397672 0.10598145316767178 0.07948932711258556 0.0794893020512768 0.0794893204146101 0.06679465117321562 0.04997998598201329 0.06196822707366547 0.06196823960908232 0.0794892752938617 0.07932815884069258 0.07948917778828553 0.059070592098898866 0.056651984682273476 0.0794891275053155 0.07948925476319432 -9999.0 -9999.0 -9999.0 -9999.0 0 0 0 0 0 0 0 0 0 0 0 0 0 0 0 0 0 0 0 0.12820356364905458 0 0 0 0.08576587640287044 0.0857652357695275 0.08576537649313888 0.07948909883624 0.0794888868945184 0.07948867720044918 0.07948897902937913 0.07948913439791262 0.07948892732630133 0.07948892274190102 0.07948885009423567 0.07948918093374815 0.07948916970486405 0.07948887915295681 0.07948915882256542 0.07948892291365348
0.10598156669006717 0.08262114177705415 0.10598150873672949 0.08262113915626301 0.10598156080682351 0.10598156587885017 0.10598159229883163 0.10598158519698431 0.08576593094322132 0.07948931873172099 0.0499799997088755 0.049979802739938385 0.061968097711749916 0.06046279812587218 0.08576595336720137 0.07925001846473466 0.07863802314195095 0.07948910464552388 -9999.0 -9999.0 -9999.0 -9999.0 -9999.0 -9999.0 -9999.0 0 0 0 0 0 0 0 0 0 0 0 0 0 0 0 0 0 0 0 0.1282037280898361 0.06196792005448466 0.061967967533887384 0.05743291704490117 0.08576521481250711 0.061967943981059974 0.07948906078293753 0.07948890850487611 0.05743292149818779 0.057432896852704675 0.07948872413988886 0.06196794052004083 0.07948902586864558 0.079489260929189 0.049979868685145236 0.04997996384793695 0.049979871362659425 0.049979898441081805 0.04997985775407013
0.08262109699828278 0.0826209874477714 0.08262103022287963 0.08262101377552206 0.10598150869317517 0.10598150586087769 0.10598142359175423 0.18062296235754485 0.18062307633051133 0.08132274808220487 0.045467390544391 0.06196822220626806 0.06196803645023623 0.18062296949681425 0.18062307096334598 0.08576584607280548 0.061485936014046116 0.07731686284157006 -9999.0 -9999.0 -9999.0 -9999.0 -9999.0 -9999.0 -9999.0 0 0 0 0 0.0794889783178621 0.07948923284969227 0.08576572981313615 0.0857657298379364 0 0 0 0 0 0 0 0 0 0 0 0.08576588399603072 0.08576576710844891 0.0857652391181959 0.08576521827607862 0.08576514691050871 0.06196794902505409 0.07948874094064709 0.07948917958655226 0.0794885553030834 0.0619679438314046 0.06196815448696592 0.06196818187610655 0 0 0 0.06196819419222205 0.06196819419730805 0 0.08576586915600093
0.08262103698931261 0.11435006985840582 0.11435016331038343 0.10598152202853113 0.1059815815404027 0.10598153461106108 0.10598155722600373 0.11435014762980704 0.1806229992656491 0.18062312427414554 0.1806231027868021 0.1806230062035693 0.1806230687654254 0.18062310405396192 0.18062297113058207 0.06196817132751734 0.06196804852940047 0 -9999.0 -9999.0 -9999.0 -9999.0 -9999.0 -9999.0 -9999.0 -9999.0 0 0 0 0 0 0.07948909826966467 0.07948909458750411 0.08576573001352766 0 0.061968130672980806 0 0 0 0 0 0 0 0 0 0.0567480614838416 0.0857658065291159 0.08576588856353316 0.08576538295670684 0.06196796894223589 0.07948907181588276 0.07948913414809974 0.07948893413709726 0.06196792969816913 0.04997975288987369 0.049979863904279276 0.061968170590582836 0.06196815894335105 0.06196816706074032 0.061968194195853775 0 0 0
0.08262104157738066 0.08262104795227576 0.08262107336138064 0.11435006401597121 0.10598152250662057 0.10598144541577435 0.10598150589886604 0.10598144067160972 0.18062312388362334 0.18062306998533567 0.18062301997993827 0.18062300593662925 0.18062306817089452 0.18062304658995648 0.16740442277145695 0.180623132910319 0.13050502045595838 -9999.0 -9999.0 -9999.0 -9999.0 -9999.0 -9999.0 -9999.0 -9999.0 -9999.0 0 0 0 0.07948900228752419 0.07948921452863217 0.07948904073085948 0.16740430552356658 0.0794890022875242 0.07948911803530782 0.07948901474955021 0.07948924189958034 0.061968209279136606 0.061968209279136606 0.06196823934493316 0.061968129822732934 0.057433153815983594 0.05674795541696978 0.05674791135672463 0 0 0 0.08576581563719851 0.08576582160759298 0.08576582751402231 0.07948901852866784 0 0 0.07948886731834603 0.07948893078831212 0.0794889253110249 0.07948946579776461 0.07948950166979285 0.07948947609357188 0.061968216411608996 0.2014232865982566 0.05392648197476651 0
0.08262114476726477 0.0826211086075594 0.08262104067205607 0.08262111089940209 0.1059814772660323 0.10598158222181037 0.10598150540261023 0.10598143677869899 0.167404386499175 0.1806230167864062 0.1806231449985815 0.16740429744302915 0.16740440256287079 0.18062315094337394 0.1806230074115436 0.18062303571827393 0.1305050803552159 0.13050513095661173 -9999.0 -9999.0 -9999.0 -9999.0 -9999.0 -9999.0 -9999.0 -9999.0 0 0 0.12820355033915926 0.2699981295979704 0.1806230175907652 0.18062301183512006 0.18062305827290803 0.1806230242123606 0.18062310986390775 0.07948917130835931 0.07948908297207327 0.07948909451072608 0.08576581277036995 0.05743298304507018 0.05743308408928273 0.057433018303456894 0.05743298955946196 0.05743304592644729 0.06196810878445615 0.06196813013280791 0 0.06196810467581817 0.06196811190020475 0.06196810506071219 0.07948915904476928 0.07948907220891724 0.07948892550508498 0.05743294865880629 0.05743290938232698 0.07948929550840607 0.07948930405866927 0.0794894574907404 0.07948955628332305 0.19782257448475613 0.14719001999620743 0.128088917095661 0.08576583256071374
0.10598155116049737 0.10598142444246347 0.12350293632405943 0.15653274372701279 0.17370649629177987 0.17580357195576152 0.10598158739022906 0.10598146761975295 0.16740440695560121 0.18062313949475106 0.180623125471682 0.18062307511369227 0.16740427528583793 0.16740447799687055 0.18062307368478828 0.18062299339262036 0.1806229787886679 0.1305050855684558 0.19508055374421035 0.19508059190721153 -9999.0 -9999.0 -9999.0 -9999.0 -9999.0 -9999.0 0.08576573406064872 0.2699965131079498 0.2699970689862461 0.26999692224905214 0.18062309832404674 0.18062301187556898 0.1806230574492244 0.18062305265454603 0.1806231321980062 0.1806229649176809 0.1806230288124457 0.16740431800189082 0.0794890022875242 0.08576573406037208 0.05743299142883511 0.05743314785992493 0.05674804118886256 0.06196818082896626 0 0 0 0 0.0619682092791366 0.06196810353439122 0.14374598109892558 0.14354225174163107 0.14344035144893938 0.19812312933995532 0.07948892440300756 0.08576612089033686 0.1840528651962946 0.07948914281382623 0.18556510195410933 0.20369265492677008 0.19954644088744367 0.14719002049761987 0
0.19888587073207611 0.19888586455270998 0.19888596950239038 0.2627917799547395 0.2596583899085922 0.17370656505603907 0.17370647035613093 0.1370529945513594 0.13705281911103345 0.167404323916258 0.18062308728766024 0.18062311103709106 0.1806229717105061 0.1806230426269695 0.18062308139842784 0.1806229426768517 0.18062307649493972 0.18062309523098638 0.16740447022251165 0.16740449718588513 0.16740437997513177 0.19508055887713524 0.18062312773720182 0 0 0.19508056280060052 0.2502380718085912 0.13050517518727617 0.13050519066813446 0.2699983517719918 0.18062307980957104 0.18062301186682547 0.18062294741146512 0.16740433751931155 0.16740433656429798 0.18062316700959719 0.18062296776113454 0.1806229675899095 0.16740450508084612 0.16740451479694163 0.0794891488130744 0.05743314568559875 0 0.06196816569024206 0.0794889986798629 0 0 0 0.18384614763576668 0.19886405123188966 0.19903604659048485 0.1994912976280667 0.18471640475787512 0.18428950156208956 0.18426171640050967 0.19822904585521628 0.19934801828013313 0.1987732635422667 0.19983202497885938 0.20160964497091202 0.200662836534177 0.2035588033977115 0.08576585723117777
0.19888585378068332 0.19888606495407543 0.2627929570592466 0.26279318874494156 0.26279314205930027 0.2596583458479995 0.2596587370417597 0.26279383811740525 0.1370529306338685 0.17580350847698287 0.16740427494998886 0.1806230037583874 0.18062311453771493 0.18062302234529284 0.16740450320371636 0.18062299441892432 0.18062312429240074 0.180623131500124 0.18062309666581278 0.18062300400345221 0.1806230959753403 0.16740439467540014 0.16740432087515103 0.16740447568207809 0.16740446202981382 0.16740445917848346 0.16740445970407333 0.26999821758513604 0.2699970630691062 0.26999810169570243 0.2699981766184088 0 0.18062301181310536 0.18062308089432763 0.1806231456269859 0.18062304676373678 0.1674043646868451 0.1806231323396193 0.18062309735332097 0.16740446555079413 0.18062302687912263 0.07948905070090881 0 0 0.07948905605486764 0.0794890022875242 0.07948900228752419 0.07948900661515884 0.19870556310053622 0.19900146653703685 0.1991797678040663 0.1988602278696164 0.198778379166494 0.14743105561695538 0.14343631039521845 0.1982812278108856 0.19882909859622558 0.1996623502063473 0.20174228119900237 0.2040488913785196 0.20404888996614534 0.1474310552644794 0.1179845526744792
0.21459076596310683 0.21459111549218515 0.2835439367767387 0.2835439915401694 0.28354449914133495 0.28354355373928225 0.262793136155876 0.2627932931169359 0.26279328242804917 0.13705275949531057 0.13705284729236578 0.18062291930188057 0.1806230822132101 0.18062311558147962 0.18062310846524743 0.18062319039893215 0.1806231218889488 0.18062304578928254 0.18062309523030073 0.18062312044773654 0.18062301415020368 0.18062296988098633 0.1806229677779832 0.18062311356414534 0.18062306498040137 0.2699973410242539 0.269997522948135 0.2699977316830243 0 0 0 0 0.2699968616562608 0.1806231528927868 0.1806230370613904 0.1806230308234651 0.1806231082733997 0.18062308940288152 0.1806231664039492 0.18062300258719405 0.16740448904195823 0.16740443328893673 0.07948900228752419 0.07948900228752419 0.07948905802313547 0.19827295774234618 0.19859331754788068 0.19893825213304267 0.19849497852797035 0.1990710861903046 0.19927668024389186 0.1998256794214057 0.19946058281975917 0.20405711734235787 0.20405799646100828 0.20402453986222424 0.1988648929720209 0.20142359306227892 0.14543958165238338 0.14742914339702826 0.14743105404027296 0.12829608077659227 0.11455200740185369
0.21459012363501623 0.2835445342634781 0 0.28354453427878756 0.2835445342684191 0.2835438687637615 0.26279297165607696 0.2627933537444509 0.2627934026520779 0.26279199569366923 0.2596574745489669 0.18062297965728827 0.16740433757074893 0.18062295151211247 0.18062312130090166 0.1806229599739449 0.16740433770733176 0.16740430104123294 0.16740436015266166 0.18062300344148136 0.18062301363390598 0.18062306683827561 0.18062298296795568 0.2699982623184014 0.2699967201730984 0.26999773188486603 0 0 0 0 0 0 0 0 0.18062306063501826 0.18062300787254063 0.18062299778118004 0.1806230468162419 0.180623136454306 0.18062308547162778 0.18062307347587617 0.19790220219239735 0.19802542210816268 0.1981655221773406 0.19791396050202567 0.1982825125673524 0.20404888994534087 0.20399832944649718 0.20404367878337437 0.2040580287830653 0.20404889004328625 0.20377982525201013 0.14741895629396418 0.14747684087520466 0.1442412229447861 0.20404568504206055 0.20129044036883703 0.20009203849023174 0.14723937851150537 0.14618226439018753 0.20165598273446414 0.1978390840805208 0.18150110098856304
0.21459130064458093 0.2835426859549036 0 0 0 0.2835447218610705 0.2835440061058634 0.2835443855338381 0.28354404578774883 0.283544276974911 0.25023803048408677 0.16740439205111882 0.167404411171537 0.1806229683864466 0.18062299555569866 0.18062303193384072 0.18062314873450122 0.16740443293514742 0.18062317790916999 0.1806229846312805 0.18062308857012835 0.1806230935290882 0.18062294475890947 0 0 0 0 0 0 0 0 0 0 0 0.2699968618346433 0.1806230195547448 0.1806231139423356 0.1806230162591218 0.18062313760177284 0.18062316725048125 0.2699981899070615 0.1985207544145016 0.19829023423087377 0.20405381661953167 0.2040557638825907 0.19865474831341168 0.2040820128928299 0.2040187068975861 0.2040712919606561 0.19904754767060823 0.20403942525215654 0.1474356931795196 0.1474310554831011 0.14743068307258142 0.14564689771454464 0.20366353196471876 0.14526081142443797 0.19940808038686833 0.19816986860657212 0.19987843143451542 0.19956312855881825 0.1824638414692083 0.1996016350663761
0.28354254460406664 0.28354358628124027 0.28354369363010323 0.283543585755534 0.28354400220302506 0 0.2835441785373685 0.2835425864302077 0.28354408375178114 0.283544423625043 0.25023701915713453 0.16740447234550115 0.16740448334324257 0.16740432732992758 0.16740440001744067 0.1806230891761118 0.1806230441540894 0.16740439428802067 0.16740430205882206 0.18062309065414425 0.18062311814403853 0.18062311265375075 0.18062314016275327 0 0 0 0 0 0 0 0 0 0.26999752294844503 0 0.2699968616568949 0.18062301948804407 0.1806230900734898 0.1806231796579615 0.18062301948170628 0.26999686173193965 0.2958038093925141 0.2977843392157259 0.19912374935027127 0.19914632890221842 0.19877442101387782 0.1988474526728367 0.20404471071588984 0.20404123295628013 0.14743158898771166 0.147408410397971 0.14743292646588213 0.14743707853431434 0.20404296142114717 0.14742262557655178 0.14589988283605104 0.147341647883826 0.20071998298969845 0.19975044572213857 0.198747506116206 0.19961337654559258 0.2987101232145101 0.27179104784388586 0.2737958351701102
