critload/trunk/output/1999/nh3_ef_man.asc
ncols 720
nrows 360
xllcorner -180.0
yllcorner -90.0
cellsize 0.5
NODATA_value -9999.0
[rows 182 to 207 of 360, columns 240 to 299 of 720]
-9999.0 -9999.0 -9999.0 -9999.0 -9999.0 -9999.0 -9999.0 -9999.0 -9999.0 0.16008445688813797 0.16025198390125647 0.16445863645433348 0.1626561142793832 0.16008445688795964 0.1600844568879719 0.16068324980671742 0.16008445688782755 0.1600844568879956 0.16014175893087898 0.16008445688838432 0.1600844568882944 0.16125109736138385 0.1610899097448969 0.16408549276466355 0.23520910104859483 0.22310666664447054 0.16382658988569893 0.16294970983669174 -9999.0 -9999.0 -9999.0 -9999.0 -9999.0 -9999.0 -9999.0 -9999.0 -9999.0 -9999.0 -9999.0 -9999.0 -9999.0 -9999.0 -9999.0 -9999.0 -9999.0 -9999.0 -9999.0 -9999.0 -9999.0 -9999.0 -9999.0 -9999.0 -9999.0 -9999.0 -9999.0 -9999.0 -9999.0 -9999.0 -9999.0 -9999.0
-9999.0 -9999.0 -9999.0 -9999.0 -9999.0 -9999.0 -9999.0 0.16100525068863236 0.16257696104796662 0.16124141645295684 0.16337967884102814 0.16272646174571034 0.1625769362622568 0.16211701369488216 0.16117338650730897 0.16171448572338518 0.16079566820593233 0.16008445688828604 0.1618835193230615 0.1604983194923198 0.16187292753759502 0.16114587691923846 0.1634656226231497 0.16279775379564684 0.16607313819951225 0.16471555504959537 0.1647635564628638 0.16279622489833695 0.16406740593888458 -9999.0 0.16071010479864517 -9999.0 -9999.0 -9999.0 -9999.0 -9999.0 -9999.0 -9999.0 -9999.0 -9999.0 -9999.0 -9999.0 -9999.0 -9999.0 -9999.0 -9999.0 -9999.0 -9999.0 -9999.0 -9999.0 -9999.0 -9999.0 -9999.0 -9999.0 -9999.0 -9999.0 -9999.0 -9999.0 -9999.0 -9999.0
-9999.0 -9999.0 -9999.0 -9999.0 -9999.0 0.16008445688831363 0.16362837290137966 0.1619097217302864 0.16150474164739173 0.1627264041615217 0.15949463441149023 0.1629738018456729 0.16113987036866587 -9999.0 -9999.0 0.16031437884177183 -9999.0 0.16008445688854808 0.16040484042212175 0.16008445688828946 0.16052885902469774 0.1617058485993117 0.163008023588224 0.16382366703629989 0.1663110497079775 0.16491227461649632 0.1630201586454802 0.16068678227120264 0.16483608298325209 0.16413601855534113 0.16181778553276213 0.1593333097668975 -9999.0 0.15940819292078545 -9999.0 -9999.0 -9999.0 -9999.0 -9999.0 -9999.0 -9999.0 -9999.0 -9999.0 -9999.0 -9999.0 -9999.0 -9999.0 -9999.0 -9999.0 -9999.0 -9999.0 -9999.0 -9999.0 -9999.0 -9999.0 -9999.0 -9999.0 -9999.0 -9999.0 -9999.0
0.16008445688804812 -9999.0 -9999.0 0.16008445688844727 0.16034384758336884 0.16055977252827977 0.1611087500802599 0.16008445688819956 -9999.0 0.16033973741132987 0.1646011460941271 0.16163534591067868 -9999.0 -9999.0 -9999.0 0.16603281027759514 0.16091396407753766 0.16008445688819956 0.1600844568879247 0.1600844568879006 0.1609950183645978 0.16177560418593517 0.1634709159786994 0.16380381863341484 0.16284083658153026 0.1647053977424344 0.16008445688852854 0.16008445688859071 0.1650560372309467 0.16303755312614268 0.16328205389688072 0.16470059273194448 0.16249698494650727 0.1646162112078832 0.16226856441387114 0.16587532407437028 0.21357226731721496 0.2123890873674002 0.1593227058760238 0.2071330113938165 0.15917767104242705 -9999.0 -9999.0 -9999.0 -9999.0 -9999.0 -9999.0 -9999.0 -9999.0 -9999.0 -9999.0 -9999.0 -9999.0 -9999.0 -9999.0 -9999.0 -9999.0 -9999.0 -9999.0 -9999.0
0.160793893515991 0.1600844568879962 0.16032736142752982 0.1610768184049652 0.16125174765512884 -9999.0 -9999.0 -9999.0 -9999.0 0.16008445688880632 -9999.0 -9999.0 -9999.0 0.16206242102691057 0.16392494095836382 0.16535458311001955 0.16321200328323693 0.16327311179938367 -9999.0 0.16008445688808282 0.16041886865043736 0.16134136799728016 0.16348799677381914 0.16106819579159212 0.16296957457061795 0.16478725827668542 0.16289452528996615 0.16542280180957927 0.16363050936425816 0.16377354588674017 0.16279923279786085 0.16639782498691566 0.16111440561372461 0.1625646792626978 0.16567318561887764 0.16455893476547054 0.16330394718409125 0.16380325777530705 0.22699214669320703 0.1631511733503367 0.2219409829730165 0.16222014862363784 -9999.0 -9999.0 -9999.0 -9999.0 -9999.0 -9999.0 -9999.0 -9999.0 -9999.0 -9999.0 -9999.0 -9999.0 -9999.0 -9999.0 -9999.0 -9999.0 -9999.0 -9999.0
-9999.0 0.16062495759888784 -9999.0 -9999.0 -9999.0 -9999.0 -9999.0 -9999.0 -9999.0 0.16027580507860076 0.16321141791066776 0.16277654349987622 0.16342739680249238 0.1604842406053026 0.1616858701436119 -9999.0 0.16008445688850031 0.16170290410021212 0.16317550541210007 0.16345544948768814 0.1632952063016356 0.16429627439969638 0.16163562469128123 0.16193775075769615 0.16445930836935357 0.16318835829299214 0.16160212774651242 0.16457449179784403 0.16332401742596292 0.16335448127932475 0.16396918935827862 0.16464639066256306 0.1628697201807093 0.1635859187912837 0.16504405694227814 0.16361618269989014 0.16759014557123303 0.16510612828934249 0.16547119432764168 0.1670268412992373 0.16098941888446275 0.23008746648169912 0.22162381767527073 0.2089609656541931 -9999.0 -9999.0 -9999.0 -9999.0 -9999.0 -9999.0 -9999.0 -9999.0 -9999.0 -9999.0 -9999.0 -9999.0 -9999.0 -9999.0 -9999.0 -9999.0
0.16056105283616776 -9999.0 -9999.0 -9999.0 -9999.0 -9999.0 0.1600844568880614 0.1647803754791475 0.16236112198693645 0.16135838131712457 0.16177678577731153 -9999.0 0.16008445688828027 -9999.0 -9999.0 -9999.0 -9999.0 0.16008445688840098 0.16117301040655818 0.1628070875556652 0.16289487549555853 0.16317741588711246 0.16137846790389498 0.16255032340152978 0.16440361312675186 0.1629875101759396 0.16361451665055007 0.1636742277600374 0.16659380430698087 0.16291455292836354 0.16247290919237814 0.1616660390289714 0.16262963803783545 0.16168083831728142 0.1633601064056769 0.16949022208352432 0.16787826450435284 0.16597002940343877 0.23642607109825958 0.16348359816743582 0.16017608455793533 0.1623821924345074 0.17085004376106638 0.22280538153363885 0.20794843640929075 -9999.0 -9999.0 -9999.0 -9999.0 -9999.0 -9999.0 -9999.0 -9999.0 -9999.0 -9999.0 -9999.0 -9999.0 -9999.0 -9999.0 -9999.0
-9999.0 -9999.0 -9999.0 -9999.0 -9999.0 0.16008445688848205 0.16008445688854417 0.16008445688823736 -9999.0 -9999.0 -9999.0 -9999.0 -9999.0 -9999.0 0.16008445688810502 0.16008445688848205 0.16008445688848205 0.16008445688820533 -9999.0 -9999.0 0.16295056470635336 0.16257814061642614 0.1623818036705388 0.16385778676858945 0.16352513724779572 0.16317593157916338 0.16244664172864043 0.16294525575121044 0.16261743538457482 0.1625538784031717 0.16416862991481257 0.1644274464866059 0.16530962347303424 0.16421269429502716 0.1670836615554548 0.16661791547431498 0.16846298708308102 0.16439266825732238 0.16332617648142703 0.16109708350601837 0.16305900854536176 0.16610948218476024 0.1623462179009167 0.16081140544719136 0.22202472027656403 0.2222511679110884 -9999.0 -9999.0 -9999.0 -9999.0 -9999.0 -9999.0 -9999.0 -9999.0 -9999.0 -9999.0 -9999.0 -9999.0 -9999.0 -9999.0
-9999.0 -9999.0 -9999.0 -9999.0 -9999.0 -9999.0 -9999.0 -9999.0 -9999.0 -9999.0 -9999.0 0.16008445688803044 -9999.0 0.16008445688791922 0.16008445688825107 -9999.0 -9999.0 -9999.0 0.16175243945705736 0.1639075291484396 0.16260547293402752 0.1640373522676333 0.1630974629182422 0.16341407604817434 0.2217033305243149 0.16218188385421323 0.16384111771945 0.16137545204503198 0.16124140478041998 0.16247270314679788 0.16392318654917265 0.16368618712538693 0.16121660334227336 0.16565453374049208 0.16287925569058928 0.17226571876549004 0.16414264605576276 0.16110653001024675 0.16084258329114987 0.16212882351363986 0.16601961380688393 0.16331403787439083 0.16289012105396014 0.16355847348555896 0.16511655965164115 0.23326178064699707 0.16230121656100402 0.16203004462409934 0.2565239914249602 0.1605795856600257 -9999.0 -9999.0 -9999.0 -9999.0 -9999.0 -9999.0 -9999.0 -9999.0 -9999.0 -9999.0
-9999.0 -9999.0 -9999.0 -9999.0 -9999.0 -9999.0 -9999.0 -9999.0 -9999.0 -9999.0 -9999.0 -9999.0 -9999.0 -9999.0 -9999.0 -9999.0 -9999.0 0.16150925193587723 -9999.0 0.16245833847512775 0.16192116635113282 0.1622692838537904 0.16326013269714462 0.16124955937160979 0.21559810968324103 0.16387622666288815 0.16253843381510732 0.1624491949850655 0.1616463920650071 0.16192710158453863 0.16283417982769272 0.16646884056327865 0.16385535055767741 0.16268643570705363 0.16932880697081973 0.1649286032208998 0.16266852938709192 0.16090606725721898 0.16068689068980016 0.16088720097716241 0.16088579311401388 0.16151877183021018 0.16120218097682837 0.1613197639954233 0.16061672886369935 0.1605420921042275 0.16158722701297967 0.1608579799098643 0.2290946108052225 0.22704774358864313 -9999.0 -9999.0 -9999.0 -9999.0 -9999.0 -9999.0 -9999.0 -9999.0 -9999.0 -9999.0
-9999.0 -9999.0 -9999.0 -9999.0 -9999.0 -9999.0 -9999.0 -9999.0 0.16008445688808198 -9999.0 -9999.0 -9999.0 -9999.0 -9999.0 0.16047308812369415 0.16198616630809792 0.16133330627009126 0.16153046718657033 0.1600844568887251 0.16118083422634813 0.161802353916417 0.1612427270374979 0.1613623938636329 0.16228056086404447 0.2247706151616517 0.1612518738187197 0.1605168309312422 0.16346556503096138 0.16248695331702562 0.16156356421733858 0.16064177788336081 0.16036597064583397 0.16040097790635172 0.1623037793958745 0.1604906839134421 0.16470795311724404 0.16515545726629405 0.16008445688788867 0.16049433590894732 0.16029861708710838 0.16353965428084621 0.16681189630266907 0.1645629853390851 0.2292018624457747 0.1625860871038512 0.16115801604737753 0.16098274130163048 0.1612747361813082 0.2413477503765159 0.2305009395405856 -9999.0 -9999.0 -9999.0 -9999.0 -9999.0 -9999.0 -9999.0 -9999.0 -9999.0 -9999.0
-9999.0 -9999.0 -9999.0 -9999.0 0.16158147206372536 -9999.0 -9999.0 -9999.0 -9999.0 0.16310208519612257 -9999.0 0.16008445688826303 -9999.0 -9999.0 -9999.0 0.1608558594187162 0.16174693762514158 0.16285357669242329 0.1609682229923691 0.1621775409247362 0.1605406210226762 0.16335805824322086 0.16354368898928057 0.16366487943886623 0.2246469345879036 0.1655181171040343 0.16506470451329616 0.1625984987735934 0.16667696665700257 0.16413144931715085 0.16194717761956187 0.1624372435819776 0.16266751049157238 0.1603597527976675 0.16021830373194726 0.16442744366145798 0.16325592325406912 0.16282602367214435 0.16060627470873587 0.16092264254953206 0.16521864893304924 0.22220211596724931 0.16421366581960883 0.22217520149261036 0.22572341742564453 0.16082565402431495 0.16105860281105966 0.22340491359324666 0.2306654251182057 0.22957889733295928 -9999.0 -9999.0 -9999.0 -9999.0 -9999.0 -9999.0 -9999.0 -9999.0 -9999.0 -9999.0
-9999.0 -9999.0 -9999.0 -9999.0 0.16077344495334822 -9999.0 -9999.0 -9999.0 -9999.0 0.16234409885048448 0.1600844568880505 -9999.0 -9999.0 -9999.0 -9999.0 -9999.0 0.16008445688795161 0.16109499490696583 0.16197711247396313 0.16363691751435658 0.16190150809306345 0.1613215912192906 0.16266961751956754 0.16203190999031603 0.16199486784118924 0.16669748644403354 0.1644981748493902 0.16490415061806896 0.16520672327584512 0.16497928488150157 0.16229268270007535 0.16277869768124967 0.16531701475532887 0.1630499090113403 0.1610855478476101 0.16159844019877864 0.16045786802560236 0.16369278154993 0.16241843347207813 0.16248932520438136 0.1624780644643102 0.2216914760517834 0.2274730339720734 0.22822615171007782 0.16166427569978103 0.22424901475686354 0.16073834016196598 0.22254653006746863 0.16600849976099802 0.16637147665092436 0.23319556802074798 -9999.0 -9999.0 -9999.0 -9999.0 -9999.0 -9999.0 -9999.0 -9999.0 -9999.0
-9999.0 -9999.0 -9999.0 -9999.0 -9999.0 -9999.0 -9999.0 -9999.0 -9999.0 0.1604925761958846 -9999.0 -9999.0 -9999.0 -9999.0 -9999.0 -9999.0 0.16041279866165453 0.16008445688773043 0.1624324814210995 0.1621169569185043 0.16287628713923843 0.16354404334201542 0.1633785790701637 0.22660910892984149 0.22519979577687307 0.16155307632584973 0.16303642748400984 0.16275708891992668 0.1636891992823787 0.163432179065251 0.16155968682859473 0.16631996956389156 0.16375106847442883 0.1634100948289046 0.16012258607078933 0.16014727161920436 0.1612745849266363 0.1608976096277491 0.16250054714732143 0.16301520152015692 0.16392684320189804 0.1668809255099289 0.2317062152039867 0.16297205241887947 0.161561543096093 0.2218513363405433 0.22197542688761135 0.22247834289882182 0.16458863422506978 0.23090953957936475 0.20480693079962964 -9999.0 -9999.0 -9999.0 -9999.0 -9999.0 -9999.0 -9999.0 -9999.0 -9999.0
-9999.0 -9999.0 -9999.0 -9999.0 -9999.0 -9999.0 0.1604535978027722 0.1602345410834296 -9999.0 0.1626700642498955 -9999.0 -9999.0 -9999.0 -9999.0 -9999.0 0.16016086710754254 0.16008445688831643 0.1618827759839377 0.16265121218651432 0.1626568403860498 0.16302178255711147 0.1617668687744108 0.1614623625552644 0.22642986578589433 0.223876745898618 0.22262145597121458 0.1647928225594336 0.1653534145125006 0.1675946023543743 0.16689845853986385 0.17236405127593885 0.16402974526442374 0.1639969014562795 0.16041099839401377 0.1603058526629104 0.1605132474246498 0.16018640465000197 0.16064078896881104 0.16028927311374566 0.16061922129621345 0.16088038279564446 0.1605789750593348 0.16057416800950333 0.16039187551820402 0.16041294357202934 0.16045925044338935 0.22788702843956993 0.2274508990730784 0.16455545670457739 0.2228840399599588 0.15939312735297873 -9999.0 -9999.0 -9999.0 -9999.0 -9999.0 -9999.0 -9999.0 -9999.0 -9999.0
-9999.0 -9999.0 -9999.0 -9999.0 0.161420681904204 -9999.0 -9999.0 -9999.0 -9999.0 -9999.0 0.1603823481619445 -9999.0 -9999.0 -9999.0 -9999.0 0.16008445688858738 0.16051924823954636 0.16092447315557895 0.1642314965381788 0.16150946468258437 0.16197587733559524 0.16225840195269442 0.16428715926629978 0.22258513685175346 0.22107612667637425 0.2246245828085695 0.1619022404557372 0.16597545760908425 0.17135565442650363 0.17144563880179597 0.169306660269296 0.1648605021970631 0.161398942447263 0.16146853556354868 0.16193601968763707 0.16008445688741252 0.16008445688718576 0.16021894737742176 0.16051212496252945 0.16063574358050403 0.1615389167474829 0.16127192978614097 0.16164999691928145 0.16074459779933842 0.16151201100049362 0.22787598422296096 0.22565975241817327 0.22897256104466213 0.2223917604512652 0.22259073677897526 -9999.0 -9999.0 -9999.0 -9999.0 -9999.0 -9999.0 -9999.0 -9999.0 -9999.0 -9999.0
-9999.0 -9999.0 -9999.0 -9999.0 -9999.0 0.16093142887960943 0.16033480340483044 0.16555444814660836 -9999.0 0.16513996229444505 0.16337498146090287 -9999.0 -9999.0 -9999.0 -9999.0 -9999.0 -9999.0 0.16087663505223762 0.16251825412978851 0.1626208407604013 0.1609648708182505 0.22104742448662557 0.16251970751805916 0.162285216846921 0.22488352891863286 0.22556498945585401 0.16158173359479502 0.16270941538719116 0.16837231461649138 0.1738079129030733 0.16510340040270305 0.16225519858653797 0.16063419767731765 0.1608705291590467 0.16245011626438885 0.1603012699207291 0.16041770166092972 0.16043107228221046 0.16392917840943366 0.22705539044586007 0.16023654941283466 0.1603417774663499 0.1601821775505864 0.16136057048392283 0.22602368985679155 0.22934012840232967 0.22946443405644656 0.22958609852467177 0.2229462413788942 0.20687098085044575 -9999.0 -9999.0 -9999.0 -9999.0 -9999.0 -9999.0 -9999.0 -9999.0 -9999.0 -9999.0
-9999.0 -9999.0 -9999.0 0.16100852370576715 0.16402496044736573 0.16231338316581412 0.16549938067783768 0.16341697903321506 0.16333493652692832 0.1638263071212258 0.16248278274500047 0.16164610086809456 -9999.0 0.1601760845577609 -9999.0 0.160949365356652 0.16076729200107406 0.16348537606388686 0.1615047136481583 0.16222755061706481 0.16090737937136732 0.2211470205217443 0.22113576071385202 0.16086864857883434 0.2246828836212084 0.22439453534423756 0.16326773521349205 0.16406830057168242 0.16156534482906024 0.1649216708836739 0.16980129234518293 0.163463459889295 0.1616116519603065 0.16071622240131134 0.16061121934158681 0.16056543728896464 0.16051497746362078 0.16017608455730434 0.16358653969885514 0.16136345534708912 0.1602001974546378 0.1601988271075272 0.1602188179166613 0.1613166823033385 0.1626404569914251 0.22694696302179626 0.16316012201011773 0.22319681461343227 0.20522770127853085 -9999.0 -9999.0 -9999.0 -9999.0 -9999.0 -9999.0 -9999.0 -9999.0 -9999.0 -9999.0 -9999.0
-9999.0 0.16323420759605473 0.16787292762158984 0.16258940637042807 0.1611779322138812 0.1635691316749951 0.1628874186478 0.1634379018144146 0.16378070552613752 0.16314168518581343 0.16280594111974173 0.16219995813430188 0.162719783106704 -9999.0 0.1616755819634434 0.16176622828725784 0.16199247006847842 0.16227186704288907 0.16142391217801247 0.16238699717060615 0.16182492684466296 0.22123261709206885 0.16191716047938226 0.1608811785253433 0.22556203888408596 0.2245426555640827 0.16149507801904658 0.16147515797827058 0.16169735199221183 0.1642926149830683 0.16564551446339454 0.16439972596795074 0.16008445688826256 0.16018326445189673 0.16038562899105036 0.16225043670640413 0.160234153482424 0.16024571917828043 0.16150450081468362 0.1609875466943063 0.16034684616268272 0.1606479148136733 0.16031966419835972 0.16155374770646214 0.22376895552102133 0.22639155651503323 0.23349359208358827 0.22329363807470098 -9999.0 -9999.0 -9999.0 -9999.0 -9999.0 -9999.0 -9999.0 -9999.0 -9999.0 -9999.0 -9999.0 -9999.0
-9999.0 0.16361614558363444 0.1635449807827687 -9999.0 0.16358810615301134 0.16370120804893984 0.16113608691356474 0.1634873312204679 0.16268428635982926 0.16277558886365068 0.1625999631212748 0.16316647112757882 0.16042843707116838 -9999.0 0.16189641744399688 0.1627213937378356 0.16303675576976512 0.16189568307190594 0.16129666934934495 0.16208241199648465 0.1618661554602448 0.22137998070746756 0.2188933118913709 0.16198841828004243 0.160992062791464 0.2254319383790968 0.16008445688879422 0.16160338728431706 0.16207946160193484 0.1616678656867736 0.1627773127676944 0.16439283767733107 0.1602312751829276 0.16019527912001602 0.16090009027264904 0.16177583837291518 0.16121399529310593 0.1612924511987325 0.2265933588609837 0.2234312298146757 0.22224391324391804 0.22279769127758137 0.16147182266991178 0.23089998730363498 0.16379112049100616 0.1631094146789327 0.2102242083558215 -9999.0 -9999.0 -9999.0 -9999.0 -9999.0 -9999.0 -9999.0 -9999.0 -9999.0 -9999.0 -9999.0 -9999.0 -9999.0
-9999.0 0.16706702553965105 0.1644414331159283 0.16269816821622804 0.16415223548189636 0.16414437978076188 0.16608292147873616 0.166582207252673 0.1621390039204304 0.1637530049172593 0.1653578525999885 0.16295487156320215 -9999.0 -9999.0 0.1619197838479733 0.16251315668250335 0.1628986656133501 0.1612926606245006 0.1630506924539945 0.1618305743918046 0.16130097427985735 0.22136906565537817 0.2213521109448873 0.2210844628287522 0.22143799131429942 0.22135335642123724 0.16251133424863476 0.16359961635007028 0.16138182165007658 0.16215847087151328 0.16113152264578962 0.1618682540094286 0.1604803806398208 0.16074243827544465 0.16059861177784285 0.1619895269416018 0.22755885211935867 0.23070800338762984 0.22496666758318568 0.22470768192724716 0.22327445780621724 0.16178392628158145 0.22129069257982759 0.2212141517620341 0.1625029405406765 0.22202181678718086 -9999.0 -9999.0 -9999.0 -9999.0 -9999.0 -9999.0 -9999.0 -9999.0 -9999.0 -9999.0 -9999.0 -9999.0 -9999.0 -9999.0
0.16074911400016204 0.18602937710816309 0.16507289201466022 0.16455441322362613 0.16422511016044075 0.16435364680463127 0.16895168089021761 0.16646092288262884 0.16649616961129926 0.16528589453688236 0.16496334170889054 0.16120785483854178 -9999.0 -9999.0 0.16321888362235576 0.16516090756936894 0.1628517808790074 0.21754308870389155 0.16248547034940272 0.161685533674877 0.16246538445847333 0.22169524510251404 0.2208725415101338 0.2211910533909583 0.2211786965583552 0.22134852408536915 0.2209467001416869 0.16163819378348473 0.16323327308069652 0.22102297648328714 0.16168522129299862 0.1622914904352309 0.1655863282149088 0.1603808299340008 0.160335184193023 0.16034810114999296 0.22403260084954016 0.16383132592305819 0.16113089375990067 0.22453406164673853 0.22336116178721638 0.16275628328482658 0.22024509981468363 0.22156782159252925 0.22189193059822576 -9999.0 -9999.0 -9999.0 -9999.0 -9999.0 -9999.0 -9999.0 -9999.0 -9999.0 -9999.0 -9999.0 -9999.0 -9999.0 -9999.0 -9999.0
0.16140184427939275 0.160204487294867 0.16008445688805192 0.1621264549049447 0.16143495723487072 -9999.0 0.16572920887173606 0.17040866810532465 0.16713022231589822 0.16553405859855688 0.16287657748808074 0.16138711502765293 -9999.0 0.16102749952611672 0.16248750835254946 0.16377954752060256 0.16318143553094694 0.1608987779579049 0.1623039658584233 0.16229517904589588 0.21740617343235735 0.2212424346948009 0.1616941446550009 0.221173371768508 0.2216945470965721 0.22162432690819606 0.22093423073100266 0.1621986840982609 0.1643403488490907 0.16167504869701785 0.16405392556140205 0.16223536188789237 0.2291241783524961 0.16470389700417315 0.16229725895764316 0.16517425784985468 0.22620137605024984 0.16273230156704516 0.16126245839673176 0.22156057544450655 0.2162694548583841 0.22396886306796304 0.22212816571153032 0.1642403053172004 0.2218361050912898 -9999.0 -9999.0 -9999.0 -9999.0 -9999.0 -9999.0 -9999.0 -9999.0 -9999.0 -9999.0 -9999.0 -9999.0 -9999.0 -9999.0 -9999.0
0.16040111965916573 0.1611173164405196 0.16284116183604191 0.164363738171803 0.16087920542585732 0.16192216856087305 0.1686534681251486 0.1694052826030348 0.22370837594485343 0.1712340110796955 0.195836741659089 0.1609469114302809 0.19985020335036197 0.199850203350504 0.16594142774801818 0.1648339548902874 0.16190945286962075 0.22119933902609748 0.16138903516312192 0.2179427951782535 0.2217130351295361 0.22120176526355992 0.2214050416054728 0.16108634395920762 0.2215685368963191 0.22112231609494354 0.22166107287844627 0.16342464343015517 0.1635628177106178 0.16182577313942378 0.1631702650659594 0.1649071801669607 0.22802808990480028 0.22743657327353267 0.16390431274564482 0.16767351952829948 0.2338651123393334 0.1617099642117555 0.16121561309625726 0.1622994127303663 0.16189322376653667 0.22190541144162607 0.16229526286821375 0.22194099248438606 -9999.0 -9999.0 -9999.0 -9999.0 -9999.0 -9999.0 -9999.0 -9999.0 -9999.0 -9999.0 -9999.0 -9999.0 -9999.0 -9999.0 -9999.0 -9999.0
0.16485978758650344 0.1635347487933869 0.22353791707736534 0.22228254051398927 0.17205978549770795 0.16808217281718496 0.16167792082231697 0.16740429119826847 0.16797853260219162 0.16822893735324063 0.1684240350730407 0.19021282484320537 0.1922509941520246 0.16230436920942148 0.16386950973685005 0.23436899873503036 0.21816871194991813 0.22099934468831747 0.21793220591727475 0.22176474156720094 0.2217294026468395 0.22109328631864644 0.22134579682804048 0.22152982887429873 0.2209560257720668 0.22170433847449053 0.22144304624021852 0.225403812112288 0.16338233585920053 0.16207433177241962 0.16157851525017636 0.22735787865341686 0.22747388783161954 0.22444760219964374 0.16649105245646112 0.1693347665229431 0.16554933316690998 0.16370743596334253 0.23147678456935486 0.16535498106675822 0.16384441338997288 0.2304184072983561 0.177824433039239 -9999.0 -9999.0 -9999.0 -9999.0 -9999.0 -9999.0 -9999.0 -9999.0 -9999.0 -9999.0 -9999.0 -9999.0 -9999.0 -9999.0 -9999.0 -9999.0 -9999.0
0.1631298372384451 0.1663965499334149 0.22377724644060598 0.22186113348358638 0.22472043094935118 0.1675434195692856 0.20515580864696714 0.1713507220130805 0.16942409358879074 0.1650732233149697 0.17563617509878435 0.162716675312519 0.22112374204751375 0.22353222233534709 0.22750341039257357 0.24030384978157743 0.22185907257926515 0.16064990693017833 0.22149897993710782 0.2217922218149938 0.22159008504282762 0.22152913470825242 0.22114682832671567 0.19992962259360528 0.16180971389274004 0.1613867119669924 0.16230001106383804 0.2238106403612357 0.1627121949112755 0.16346102897243386 0.16198551381965628 0.22219217249722864 0.2279587617780149 0.2280344639988264 0.22699433802440674 0.2323508594299206 0.16515677923565586 0.16475320882542974 0.16142448422709132 0.16361098907699934 0.223381669682213 0.1622191833349014 0.20713836911991582 -9999.0 -9999.0 -9999.0 -9999.0 -9999.0 -9999.0 -9999.0 -9999.0 -9999.0 -9999.0 -9999.0 -9999.0 -9999.0 -9999.0 -9999.0 -9999.0 -9999.0
