critload/trunk/output/1999/nh3_ef_fert.asc
ncols 720
nrows 360
xllcorner -180.0
yllcorner -90.0
cellsize 0.5
NODATA_value -9999.0
[rows 140 to 167 of 360, columns 315 to 377 of 720]
-9999.0 -9999.0 -9999.0 -9999.0 -9999.0 -9999.0 -9999.0 -9999.0 -9999.0 -9999.0 -9999.0 -9999.0 0 0 0 0 0 0.04528688896141384 0.03272100179860251 0 0 0 0 0 0 0 0 0 0 0 0 0 0 0 0 0 0 0 0 0 0 0 0 0 0 0 0 0 0 0 0 0 0 0 0 0 0 0 0 0 0 0 0
-9999.0 -9999.0 -9999.0 -9999.0 -9999.0 -9999.0 -9999.0 -9999.0 -9999.0 -9999.0 -9999.0 -9999.0 0 0 0 0 0.045286885663131084 0 0 0 0 0 0 0 0 0 0 0 0 0 0 0 0 0 0 0 0 0 0 0 0 0 0 0 0 0 0 0 0 0 0 0 0 0 0 0 0 0 0 0 0 0 0
-9999.0 -9999.0 -9999.0 -9999.0 -9999.0 -9999.0 -9999.0 -9999.0 -9999.0 -9999.0 -9999.0 -9999.0 0 0 0 0 0 0 0 0 0 0 0 0 0 0 0 0 0 0 0 0 0 0 0 0 0 0 0 0 0 0 0 0 0 0 0 0 0 0 0 0 0 0 0 0 0 0 0 0.21594061835035314 0 0 0
-9999.0 -9999.0 -9999.0 -9999.0 -9999.0 -9999.0 -9999.0 -9999.0 -9999.0 -9999.0 -9999.0 -9999.0 0 0 0 0 0 0 0 0 0.029964609114652287 0 0.0327210163607752 0 0 0 0 0 0 0 0 0 0 0 0 0 0 0 0 0 0 0 0 0 0 0 0 0 0 0 0 0 0 0 0 0 0 0 0 0 0.21594060429783704 0 0
-9999.0 -9999.0 -9999.0 -9999.0 -9999.0 -9999.0 -9999.0 -9999.0 -9999.0 -9999.0 -9999.0 -9999.0 0 0 0 0 0 0 0 0.02996462035457872 0.02996460510463266 0.03272100106394835 0 0 0 0 0 0 0 0 0 0 0 0 0 0 0 0 0 0 0 0 0 0 0 0 0 0 0 0 0 0 0 0 0 0 0 0 0 0 0.21594061408379633 0 0
-9999.0 -9999.0 -9999.0 -9999.0 -9999.0 -9999.0 -9999.0 -9999.0 -9999.0 -9999.0 -9999.0 -9999.0 0 0 0 0 0 0 0 0 0 0 0.03381494237012416 0.033814942364992405 0 0 0 0 0 0 0 0.032720989820982385 0 0 0 0 0 0 0 0 0 0 0 0 0 0 0 0 0 0 0 0 0 0 0 0 0 0 0.21594061844586793 0 0.21594059934312038 0.21594060247185493 0
-9999.0 -9999.0 -9999.0 -9999.0 -9999.0 -9999.0 -9999.0 -9999.0 -9999.0 -9999.0 -9999.0 -9999.0 0.033814885152594676 0.033814884927880665 0.03381489400672926 0.03381494256748133 0.03381488557981489 0 0 0 0 0.03381494246756376 0 0.030966358302434004 0.030966358740778396 0 0 0 0 0 0 0 0 0 0 0 0 0.15563526263069175 0.15551787941431405 0.15550918884244402 0.15550867247705236 0.15563526662263916 0 0 0 0 0 0 0 0 0 0 0 0 0 0 0 0.15602309946255138 0.15602309852247523 0 0.21594061215784188 0 0
-9999.0 -9999.0 -9999.0 -9999.0 -9999.0 -9999.0 -9999.0 -9999.0 -9999.0 -9999.0 -9999.0 -9999.0 0.1516340435304735 0.15280985982488907 0 0 0.1528098634586898 0.04269488215377058 0.04337585247313541 0.033814946831687565 0 0.03381494233740458 0.033814942653159964 0 0.03381494188428643 0 0 0.03381494296600764 0 0 0.03381494307849999 0.03381482244753468 0 0 0 0 0.15551787787272844 0.15551787909106274 0.1555178765282203 0 0 0 0 0 0.1556352589537448 0 0 0 0 0 0 0 0 0 0 0 0 0 0 0.15602309085047866 0 0 0
-9999.0 -9999.0 -9999.0 -9999.0 -9999.0 -9999.0 -9999.0 -9999.0 -9999.0 -9999.0 -9999.0 0.10219787234606797 0.14735421506382765 0.14740194281540706 0.14914836677872567 0.14735421506418248 0 0 0.0433756771514909 0.03381494283062172 0 0 0 0 0 0.03381488583724439 0 0.033814885324680244 0 0 0 0 0 0 0 0 0.1555178791963679 0 0.15032236626965462 0 0 0 0 0 0 0.15551794697872612 0 0 0 0 0 0 0 0 0 0 0 0 0 0.15602309710112203 0 0 0
-9999.0 -9999.0 -9999.0 -9999.0 -9999.0 -9999.0 -9999.0 -9999.0 -9999.0 -9999.0 0 0.14864628845061822 0.19019990566706116 0.14735402286126417 0.18901737699452753 0.14735421506404056 0.14735421506415192 0 0.19161059220677346 0.04337585257619164 0 0.15032236647306793 0.15032242527288298 0.1503223783522445 0.15032236626986953 0.1503223129321132 0.15032237561808381 0.1503223987390079 0.15032257656388848 0.15032245701504304 0.1503224214421002 0.150322519420815 0 0 0.15032236179427882 0 0 0 0 0 0 0 0 0.1503223662703874 0.15032236627041526 0 0 0 0.1503228092275294 0.1503228092276318 0 0 0 0 0 0 0 0 0 0.15594880147777912 0 0 0
-9999.0 -9999.0 -9999.0 -9999.0 -9999.0 -9999.0 -9999.0 -9999.0 -9999.0 -9999.0 0.1484053709417149 0.14815043786400844 0.14785470357732164 0.14977832689990422 0.14878287662659556 0.1482258199260996 0.14735413321640292 0.14735408047525766 0.14735426997841924 0.12838028614674082 0.14761516515857592 0.15032252403472335 0.15085217827180183 0.15044635512671964 0.15032242417773461 0.15052983492097924 0.15047418880529712 0.15051680551872104 0.1507421351835685 0.1506825565457063 0.15057929796357467 0.1506119242518138 0.19572125894847112 0 0.15032248070338433 0.15032236627029147 0.15528419290081819 0.1526839857231758 0.15032259364776196 0.15032247038991717 0 0 0 0.15032269505785179 0.15555788890935282 0.15032280922812388 0.15594880524177768 0.15594880743414694 0.1503228092277251 0.15032293401953575 0.15032280922814392 0 0 0.15032280922711724 0.1503228092277519 0.15559291708231587 0.15565887041884824 0.15032280922800154 0 0.15032280922752425 0.15417165913388323 0.15073071862217335 0.15158272076230012
-9999.0 -9999.0 -9999.0 -9999.0 -9999.0 -9999.0 -9999.0 -9999.0 -9999.0 -9999.0 -9999.0 0.1481990755651714 0.14795340689679232 0.14801458961067082 0.14802043939481416 0.14773727627283742 0.1473901705211768 0.1473542960956918 0.14738136775800956 0.1475441180897573 0.14786741384182553 0.15065785516807637 0.15064880814830092 0.15094674840673653 0.16328179578073707 0.15082718234704115 0.15076066445886896 0.15059305390408173 0.1514377724272998 0.1514738030665529 0.15090237299959192 0.15070231884640298 0.15381635740713176 0.1505200693042459 0.1503223049832838 0.15523545046820741 0.15435206278591182 0.15094146584068227 0.1503223938915612 0.15032263423889602 0 0 0.15032269505799958 0 0 0.1620304982193193 0 0.15594880636667743 0.15594879957575128 0.15032272801716778 0.1503227756939914 0 0.15032279693643605 0.1503228539734022 0.15032276321378013 0.15600444079312603 0.15594880625094942 0.1503227773207842 0.1503227475977509 0 0.15032276247944332 0.15032280922727406 0.15032280922768057
-9999.0 -9999.0 -9999.0 -9999.0 -9999.0 -9999.0 -9999.0 -9999.0 -9999.0 -9999.0 -9999.0 0.09942297040240758 0.13004539134096915 0.12954961853294186 0.1485820469578276 0.14881235950772936 0.14861366782924487 0.14864575721142373 0.14819391361668866 0.14787788197447874 0.14779124500371715 0 0.15080982489875683 0.150726446224118 0.15071567912009393 0.15076319212676131 0.1507618730405365 0.15076584220782752 0.15079061302192162 0.1507727462299756 0.1507462256382686 0.15153349749381861 0.1510134942055936 0.15421701958632564 0.15152476161800102 0.1510358402464782 0.15259577600585011 0.15083786364370955 0.15038386862982017 0.15032272079424414 0.15454707014263452 0 0 0 0.15032269729022713 0 0.1503228092275394 0.15032280922755006 0.15594880478467196 0.15283841454484398 0.15032280922784796 0.15032306125627545 0.15032338347350424 0.15032280922751823 0.1503228092275565 0.18207474327264483 0.17987170847261555 0.15042473449420957 0.15088561591415292 0.1510253049378578 0.15032309242377465 0.15055661141928303 0.15594880807251216
-9999.0 -9999.0 -9999.0 -9999.0 -9999.0 -9999.0 -9999.0 -9999.0 -9999.0 -9999.0 -9999.0 0.13247555891199977 0.13221529836707172 0.1296650665000769 0.148256059405749 0.1489323336280784 0.1484339364045327 0.14802432422500406 0.14799207093132224 0.14801107643722874 0.14804136691944325 0.14806685891524546 0.1508853547514707 0.15066344648043012 0.15090318180653248 0.1508915109006896 0.15099221333549073 0.15092187212140767 0.15088546802330288 0.15128566318063524 0.1506199462515783 0.15148412887142276 0.1511698233721222 0.15158400289637894 0.15056545730461215 0.15075518524228193 0.15076222752349047 0.19104643771358343 0.15036430885045626 0.15097794027040468 0.15032257960246673 0.15195285617527943 0.15079106385195348 0.15032254160632777 0.16334426341712405 0.15032271448179918 0.1506954885266504 0.15058483914846665 0.15053212057425366 0.1534820431987514 0.1503230065502357 0.15032325708221234 0.15032272926363105 0.17760996934998755 0.17867697234308483 0.17846096017627877 0.17858527564631616 0.17838409359735227 0.1520134845384857 0.15242959104255563 0.17843373587755618 0.15270897045767245 0.1503981310434727
-9999.0 -9999.0 -9999.0 -9999.0 -9999.0 -9999.0 -9999.0 -9999.0 -9999.0 -9999.0 -9999.0 0.1480291029920975 0.1299422316946202 0.13036309475068245 0.14931045689135147 0.14881465889693005 0.14864810527714306 0.14861118599974227 0.14863188517922932 0.14817851878631821 0.14815973824299167 0.14814190112792336 0.15095831453631653 0 0.15097574514149043 0.1510078574712506 0.15100305912648643 0.15100990829187977 0.15184768027059234 0.1529868517914247 0.1509242947163703 0.15124213211664833 0.15119355799108897 0.15158448226591148 0.15175698746125307 0.15164908201158903 0.15070515272751434 0.1505190197982508 0.15048178212341695 0.15071865816495889 0.15087042306328666 0.15148339090379645 0.1506667165194346 0.1515554604541959 0.1507044985695106 0.1512557862799262 0.15156475574305622 0.15130853471236216 0.15181322125986169 0.15188620394273272 0.15034327386443608 0.1503230570007566 0.15175042683237328 0.1780108802444915 0.17800172347081683 0.17806931283437535 0.1788127743708502 0.17894485112893577 0.1780127094872966 0.17808140174175707 0.1778628236229597 0.17797222305107568 0.17866248017787614
-9999.0 -9999.0 -9999.0 -9999.0 -9999.0 -9999.0 -9999.0 -9999.0 -9999.0 -9999.0 -9999.0 0.08679616583220236 0.15123335208719946 0.15151642045139047 0.15142431718963095 0.15224327141689803 0.15136732898194027 0.13106022941247575 0.15063225143093967 0.1506188082534971 0.13107970519179016 0.13783103980854872 0.15103967776544341 0 0.15105641499137232 0.1510889579603523 0.15057630894847607 0.15118587420288004 0.15230927825137539 0.15135646328733204 0.1514967976009414 0.15141149287346864 0.15117897654370546 0.15180179439487695 0.15124807037521756 0.1512435483207305 0.1519968944115247 0.15122100686026096 0.15067817948076406 0.15045860423583443 0.15075438043717573 0.150793973788397 0.15079733154257405 0.1508075660562328 0.15074737589331333 0.15042654395626792 0.15051088886100544 0.15038591886829006 0.15053393569418336 0.15087522044462887 0.1518159828462104 0.15094000461554105 0.17796601480792404 0.1781060644486025 0.1779287657498021 0.17870054686043726 0.17846378818280306 0.17838017315429996 0.1785090538139217 0.17844445873394862 0.17871061231723173 0.1783675016355115 0.17819944184460743
-9999.0 -9999.0 -9999.0 -9999.0 -9999.0 -9999.0 -9999.0 -9999.0 -9999.0 -9999.0 -9999.0 -9999.0 0.10138067929731988 0.10152612332933907 0.15143246555070627 0.13172185910038575 0.13169065286110573 0.13110288028931366 0.13109174939679596 0.1311005984746822 0.13112419769026426 0.13110894118589952 0.13796514136800261 0.13109205930645565 0.15066054954300415 0.15065714208807937 0.1506567322338406 0.1519666465692033 0.15152678821877294 0.15135343013588268 0.15140726820598274 0.15152475200574533 0.15146257018249032 0.15136228849298464 0.15130037108346567 0.15139962639871102 0.15172396862980284 0.15140971591619204 0.15237360198331673 0.15205841925040858 0.15157699359887833 0.15170841022799733 0.15194845108265917 0.15188340790611243 0.15202530843427853 0.19238070922035921 0.15100196208035635 0.1519909746742427 0.15138418038252613 0.15091190544787356 0.15094698780939333 0.15093115673335297 0.177960103470405 0.15514792576281713 0.17793806086367847 0.17855694496530164 0.17870277657551917 0.17841947520274087 0.17844606385505957 0.17865182504505944 0.17866804170487924 0.17903648513465667 0.17870497876986366
-9999.0 -9999.0 -9999.0 -9999.0 -9999.0 -9999.0 -9999.0 -9999.0 -9999.0 -9999.0 -9999.0 -9999.0 0.10094472771123084 0.10122746587502249 0.15137857157043513 0.1310920645119573 0.1311228730091398 0.13110916050927973 0.1311115642452582 0.13113338339806718 0.13114218990981072 0.13140501695814563 0.13143675493784343 0.13117195222995032 0.1506394910413144 0.15064123854356568 0.15081671977130223 0.15063213397734915 0.15152052662952625 0.15142296339192976 0.15140575135981144 0.15138323835172518 0.15135644706384976 0.13175598143400033 0.1514050052676253 0.15166226088483004 0.13203998010326976 0.1515826029763653 0.15135280918970367 0.15093718877015325 0.15150491825329862 0.15121170419003818 0.15093227972543732 0.19223084063841986 0.1920639872117125 0.15142847106285218 0.15159271770553176 0.15194699563004196 0.1509566911160871 0.1511285986506817 0.15101414797721313 0.15116271989492502 0.17805638902349266 0.17832070970245004 0.1782657019900305 0.17832865042122886 0.1783450856249565 0.17840283538917365 0.17845727614297754 0.17863383244134728 0.1787199722761187 0.17867721165846925 0.1785488381605428
-9999.0 -9999.0 -9999.0 -9999.0 -9999.0 -9999.0 -9999.0 -9999.0 -9999.0 -9999.0 -9999.0 -9999.0 -9999.0 -9999.0 0.09258078245834331 0.1383577803231094 0.13109111056308037 0.13110071724054675 0.1311101674745218 0.1311015773234001 0.13113111698563043 0.13113469396859742 0.13122958066448778 0.13143963684871843 0.13114044666265678 0.15087578610611665 0.1511006368975311 0.1507349652867178 0.15168065815667145 0.15144057897447108 0.13178072483561779 0.1317602551545815 0.15133786846349434 0.15137590856160305 0.151467040573516 0.13176323505541648 0.15146688296825983 0.15156348461967092 0.15121169572029192 0.15032220770293067 0.15032226324376868 0.1503223905149259 0.15032260839790806 0.15032225946720437 0.15032221518046085 0.15081363288696803 0.15092948733318193 0.15124959012426373 0.15115855119537672 0.15042743054248375 0.15128813880776312 0.15125784957895538 0.1513096125596987 0.17850341597403274 0.17857539317586982 0.17833057481722725 0.178365013058635 0.17840863663152018 0.17847181377479954 0.17853462823058677 0.17858669314261905 0.17854775677245874 0.17861145329129144
-9999.0 -9999.0 -9999.0 -9999.0 -9999.0 -9999.0 -9999.0 -9999.0 -9999.0 -9999.0 -9999.0 -9999.0 -9999.0 -9999.0 -9999.0 0.09391298071458347 0.1311405392326907 0.1312283700434299 0.13108978760662413 0.1310995240701039 0.13110797311062358 0.13111614824939574 0.13111618036653616 0.13118749915178965 0.1322489043462931 0.13159301625294148 0.13126218314092242 0.13109506421988945 0.1310837828235358 0.16587818842094817 0.16659301953531444 0.16517396176788054 0.16516922969848 0.1898140846694901 0.1900341353790081 0.15175923347194434 0.15142030436471662 0.1513922138581131 0.15128930779528466 0.15032279192699183 0.15032290984192842 0.1503222768349936 0.15032222633851186 0.15032307838951825 0.1503224556212546 0.15032294129254492 0.15083505705319789 0.15123345261018614 0.1512525501971062 0.1513703134551187 0.15122434709515498 0.1511248567243637 0.1783131741501422 0.17874513956789276 0.15517487958464934 0.15517905996672354 0.17836603464476622 0.1783756745131003 0.17845306285891416 0.17852602376107823 0.17856222168359867 0.178559803137589 0.1787062728905756
-9999.0 -9999.0 -9999.0 -9999.0 -9999.0 -9999.0 -9999.0 -9999.0 -9999.0 -9999.0 -9999.0 -9999.0 -9999.0 -9999.0 -9999.0 -9999.0 -9999.0 0.1386358322447585 0.13117876227515007 0.13108423966897323 0.1318951621833341 0.13190343983846176 0.13190176125622038 0.13111534595086902 0.13152704959650774 0.13181154588646662 0.1314840068594714 0.13109873037337988 0.13341457006060223 0.16751736436668405 0.16704758723478813 0.16545318708800794 0.16526571291512074 0.16523246886068987 0.1653754860608191 0.18974036037606407 0.15138743805312788 0.16510822544692944 0.18991990081410604 0.15032298672569858 0.15032243878614118 0.15032270100675008 0.15032285915421817 0.15032282452149245 0.15032286603322523 0.15032287516123735 0.15083026423379522 0.15084061645445376 0.1512334158882438 0.15127528245046315 0.15123403088018364 0.15142155265491145 0.1783304428206238 0.1783155168137641 0.1552011474055634 0.15520641117953357 0.15542343960306715 0.17842915834413284 0.1784314745141267 0.17850458494891286 0.17856034339814644 0.15543528455788105 0.15560248155611806
-9999.0 -9999.0 -9999.0 -9999.0 -9999.0 -9999.0 -9999.0 -9999.0 -9999.0 -9999.0 -9999.0 -9999.0 -9999.0 -9999.0 -9999.0 -9999.0 -9999.0 -9999.0 0.13112583372852177 0.1318444283796409 0.13202790944317075 0.131951116218222 0.1319042518842814 0.13225933816906765 0.13113521166899705 0.1311700789212926 0.13146321676832992 0.13110888853960484 0.1310974044883391 0.1678459211842176 0.1674384205004496 0.16649264415783338 0.16537502222804362 0.16536774069293478 0.16541978482780303 0.19050971393785357 0.19371115908844533 0 0.18967189801034362 0.18964315778533086 0.1503228042701394 0.15032250593884253 0.150322887990468 0.15032302763084618 0.1503221241513363 0.15032243638774181 0.15087497030963423 0.15085144629896166 0.15145108054089554 0.15141828650837758 0.15145381932098956 0.17835750989743393 0.17835872821401713 0.17835071853874546 0.17879204030595347 0.15532086654743837 0.15525998404771274 0.15520702330542036 0.17837797133878908 0.17849382844111178 0.1785187446306348 0.155309809315899 0.1554732572127258
-9999.0 -9999.0 -9999.0 -9999.0 -9999.0 -9999.0 -9999.0 -9999.0 -9999.0 -9999.0 -9999.0 -9999.0 -9999.0 -9999.0 -9999.0 -9999.0 -9999.0 -9999.0 0.0886768449372518 0.13180015141116133 0.13205015963161157 0.1318974183688285 0.13187603517847815 0.13195727173903543 0.13108138247453646 0.13109375292378805 0.13107415352332732 0.13110797984588582 0.13110148985764083 0.16690657352478414 0.16952031780613 0.16548701078716235 0.16523608701515785 0.16527998716903863 0.1654882076360889 0.19015118691362962 0.19117251521416326 0.1682058516489389 0.1650550926527761 0.18982693524823743 0.1503224201196844 0.15032300715892524 0.15032225576138705 0.1503227331655589 0.15032278846482217 0.15032251783275988 0.1508782348546873 0.15078790494955213 0.1514071357550997 0.15137294264111795 0.1512408065632642 0.17837975952366297 0.17837880421078806 0.1783462148570818 0.1783195233931346 0.1786214857099951 0.17864131458250967 0.15518311593156708 0.1551812401816403 0.1783986277414974 0.1784805321669262 0.1784392802375563 0.1783986698253139
-9999.0 -9999.0 -9999.0 -9999.0 -9999.0 -9999.0 -9999.0 -9999.0 -9999.0 -9999.0 -9999.0 -9999.0 -9999.0 -9999.0 -9999.0 -9999.0 -9999.0 -9999.0 0.08205603044609658 0.13183664007526633 0.13182487285949934 0.13184071772324804 0.1318443018271061 0.13181373712930497 0 0 0.13109844363290604 0.13110163239825795 0.1310714551155155 0.16520424881079765 0.16650633121424424 0.16562885367474528 0.16578127413750357 0.1655587898761863 0.16669740945918587 0.16513913093472363 0.19295992408957438 0.16564548200757392 0.1649438697589959 0.19008567989870384 0.15032236531139317 0.15032296350932237 0.15032215772802857 0.1503228824971141 0.15032290194648987 0.15032285004668014 0.15086693381102426 0.15079240580562694 0.15138404880116726 0.15215314103293798 0.1782760899087969 0.17833390130822555 0.17834670950105777 0.1783169816842202 0.17835034895820492 0.17836566024546724 0.17856732421709737 0.17835418802560554 0.15521932901137167 0.15549295511291278 0.1785433083776117 0.17837168455043165 0.17835660999647213
-9999.0 -9999.0 -9999.0 -9999.0 -9999.0 -9999.0 -9999.0 -9999.0 -9999.0 -9999.0 -9999.0 -9999.0 -9999.0 -9999.0 -9999.0 -9999.0 -9999.0 -9999.0 -9999.0 0.1319752090222158 0.13186579461985665 0.13180862186046663 0.13185558950394297 0.13185082170487042 0 0 0.13108761868335717 0.13108078286051458 0.13108660863217705 0.1652125829795181 0.165167199102254 0.165138457465222 0.16595243443629315 0.16502973221362272 0.1651213912381014 0.16504927761216304 0.1650334761413075 0.16477029211459177 0.16486809173518238 0.15032252366126148 0.15032216671149273 0.15032233724743374 0.15032241754669595 0.1503221088550551 0.15032284455801395 0.13081508437484343 0.13125522458017727 0.1507839527034102 0.15133862972643963 0.1513898665565791 0.17831299778077234 0.17829907626392935 0.1783262508473142 0.17837847611203794 0.17839948860649843 0.17837150980888955 0.17839438756217274 0.1783588431522199 0.1785323268170978 0.15541362765558964 0.15533375767257881 0.15531177089931875 0.15518974198100555
-9999.0 -9999.0 -9999.0 -9999.0 -9999.0 -9999.0 -9999.0 -9999.0 -9999.0 -9999.0 -9999.0 -9999.0 -9999.0 -9999.0 -9999.0 -9999.0 -9999.0 -9999.0 -9999.0 -9999.0 0.0886642952306934 0.13184042716543262 0.131831621334374 0 0 0 0 0 0.1651595301343689 0.16510926455187216 0.1651137469749687 0.16504507567357787 0.16505846630501586 0.165004262226133 0.16497435956173362 0.18943288662462585 0.16487686142035574 0.16497211369858844 0.16506296447236019 0.13081478782413544 0.1308147373012742 0.15032276632510205 0.15032295751828284 0.1503224363670154 0.15032268334610613 0.13081516791616773 0.150872379779501 0.15080283471874212 0.15145112549205067 0.13184908316410726 0.1386040202046636 0.17830492428781153 0.17830940658096486 0.17830320518412454 0.1782745135844551 0.17828221266613237 0.17827998213789412 0.15518052630087212 0.1783220024440545 0.15517524240186745 0.15518330808346237 0.15516477347895227 0.15518170707390277
-9999.0 -9999.0 -9999.0 -9999.0 -9999.0 -9999.0 -9999.0 -9999.0 -9999.0 -9999.0 -9999.0 -9999.0 -9999.0 -9999.0 -9999.0 -9999.0 -9999.0 -9999.0 -9999.0 -9999.0 -9999.0 0 0 0 0 0 0 0 0.16513533631133517 0.16510040704436846 0.16504198798951028 0.16504627490143134 0.1650672240446879 0.16500442530242118 0.1650090319815766 0.16480346390257958 0.16489341360834484 0.1649672698187454 0.16489872003725864 0.13081510796561335 0.15032254861833994 0.13081495841745902 0.13081461232269348 0.1308150250976081 0.15032240348995007 0.15032298347738274 0.15090424968842847 0.1508491990867878 0.13156236539677174 0.13175958701937637 0.13161233768411085 0.1551308481027663 0.15514484052784072 0.1551208497701248 0.1551330266814798 0.15513409507437995 0.15514540767476903 0.1551598042025024 0.17837728444347345 0.15520214479333233 0.15514999337183097 0.15515823496336967 0.15514916704802187
-9999.0 -9999.0 -9999.0 -9999.0 -9999.0 -9999.0 -9999.0 -9999.0 -9999.0 -9999.0 -9999.0 -9999.0 -9999.0 -9999.0 -9999.0 -9999.0 -9999.0 -9999.0 -9999.0 -9999.0 -9999.0 -9999.0 -9999.0 0 0 0 0 0 0 0.16509059299890577 0.165038218477873 0.16503612076252466 0.16499837609718052 0.1649766933576804 0.16495604457658722 0.16486233213443358 0.1648613610524851 0.16489012561804112 0.16491870579577914 0.1503221283177154 0.13081454619985963 0.13081456704475275 0.13081486814173585 0.1308149678548164 0.1308147588665164 0.19052498560947811 0.1503227982559673 0.13114268348929128 0.13120846946981518 0.08823255405750412 0.10374417810973396 0.10377068911056526 0.10377174996436256 0.10381073855001974 0.1782425892753222 0.15515167872910932 0.1551444157927867 0.1551284044323086 0.15530381118514816 0.15520370428303634 0.1551315118445582 0.15515680024757472 0.17828610783916707
