critload/trunk/output/1999/nle_nox_gw.asc
ncols 720
nrows 360
xllcorner -180
yllcorner -90
cellsize 0.5
NODATA_value -1.0
[rows 231 to 263 of 360, columns 584 to 656 of 720]
-1.0 0.0 0.14007204834558587 0.0 0.05719162105379578 0.0 0.0 0.0 0.0 0.0 0.0 24.03341984536559 0.0 0.0 0.0 0.0 0.0 0.0 0.0 0.0 0.0 0.0 0.0 0.0 0.0 0.0 0.0 0.0 -1.0 -1.0 -1.0 -1.0 -1.0 -1.0 0.0 0.0 0.0 0.0 0.0 0.0 0.0 0.0 0.0 0.0 0.0 0.0 0.0 0.0 0.0 0.0 0.0 0.0 -1.0 0.0 0.0 0.0 0.0 0.0 0.0 0.0 0.0 0.0 0.0 0.0 0.0 0.0 0.0 0.0 0.0 0.00013614067538546867 0.0 0.0 7.006847242683581
-1.0 -1.0 65.52341896632416 0.13517731994667195 0.011874271238551054 0.0 0.0 0.0 0.0 19.110083060865243 0.0 0.0 367.5227492522505 0.0 0.0 0.0 0.0 0.0 0.0 0.0 0.0 0.0 0.0 0.0 0.0 0.0 0.0 0.0 0.0 0.0 -1.0 -1.0 -1.0 -1.0 0.0 0.0 0.0 0.0 0.0 0.0 0.0 0.0 0.0 0.0 0.0 0.0 0.0 -1.0 -1.0 -1.0 -1.0 -1.0 -1.0 0.0 0.0 0.0 0.0 0.0 0.0 0.0 0.0 0.0 0.0 0.0 0.0 0.0 0.0 0.0 0.0 0.0 0.0 2.7854240743448586 4.916150458606835
-1.0 -1.0 0.0 13.427444658539283 0.0 0.0 0.0 0.0 0.0 0.0 0.0 0.0 0.0 0.0 0.0 0.0 0.0 0.0 0.0 0.0 0.0 0.0 0.0 0.0 0.0 0.0 0.0 0.0 0.0 0.0 0.0 0.0 0.0 0.0 0.0 0.0 0.0 0.0 0.0 0.0 0.0 0.0 0.0 0.0 0.0 0.0 0.0 0.0 0.0 -1.0 -1.0 -1.0 0.0 0.0 0.0 0.0 0.0 0.0 0.0 0.0 0.0 0.0 0.0 0.0 0.0 0.0 0.0 0.0 0.0 0.0 0.0 3.2699768270522585 575.5766025332703
-1.0 -1.0 -1.0 0.0 0.17193417525885535 0.0 0.0 0.0 0.0 0.0 0.0 0.0 0.0 25.281602809163054 0.0 0.0 0.0 0.0 0.0 0.0 0.0 0.0 0.0 0.0 0.0 0.0 0.0 0.0 0.0 0.0 0.0 0.0 0.0 0.0 0.0 0.0 0.0 0.0 0.0 0.0 0.0 0.0 0.0 0.0 0.0 0.0 0.0 0.0 0.0 0.0 -1.0 -1.0 -1.0 0.0 0.0 0.0 -1.0 -1.0 0.0 0.0 0.0 0.0 0.0 0.0 0.0 0.0 0.0 0.0 0.0 0.0 0.0 0.0 37.458068968050505
-1.0 -1.0 -1.0 -1.0 0.0 0.0 77.68634367719267 0.0 0.0 0.0 0.0 0.0 0.0 0.0 0.0 0.0 0.0 0.0 0.0 0.0 0.0 0.0 0.0 0.0 0.0 0.0 0.0 0.0 0.0 0.0 0.0 0.0 0.0 0.0 0.0 0.0 0.0 0.0 0.0 -1.0 0.0 0.0 0.0 0.0 0.0 0.0 0.0 0.0 0.0 -1.0 0.0 0.0 0.0 0.0 0.0 0.0 0.0 -1.0 0.0 0.0 0.0 0.0 0.0 0.0 0.0 0.0 0.0 0.12063453043353513 0.0 0.0 0.0 5.189889728286862 186.35454959874622
-1.0 -1.0 -1.0 -1.0 0.0 0.0 0.0 286.7153351926981 0.0 0.0 0.0 0.0 0.0 0.0 0.0 0.0 0.0 0.0 0.0 0.0 0.0 0.0 0.0 0.0 0.0 0.0 0.0 -1.0 -1.0 0.0 0.0 0.0 0.0 0.0 0.0 0.0 0.0 0.0 0.0 0.0 0.0 0.0 0.0 0.0 0.0 0.0 0.0 0.0 -1.0 -1.0 -1.0 0.0 0.0 0.0 0.0 0.0 0.0 0.0 0.0 0.0 0.0 0.0 0.0 0.0 0.0 0.0 0.0 0.2066573670332092 0.0 0.0 0.0 5.04354718185161 2873.980836060302
-1.0 -1.0 -1.0 -1.0 -1.0 0.0 0.0 0.0 1105.6802151206687 0.0 0.0 0.0 0.0 0.0 0.0 0.0 0.0 0.0 0.0 0.0 0.0 0.0 0.0 0.0 0.0 0.0 0.0 0.0 0.0 0.0 0.0 0.0 0.0 0.0 -1.0 0.0 0.0 0.0 0.0 0.0 0.0 0.0 -1.0 0.0 0.0 0.0 -1.0 0.0 -1.0 -1.0 0.0 0.0 0.0 0.0 0.0 -1.0 0.0 0.0 0.0 0.0 0.0 0.0 0.0 0.0 0.0 0.0 0.0 0.0 0.0 0.0 8.792316528706175 98.61196000026891 2248.6303791990745
-1.0 -1.0 -1.0 -1.0 -1.0 2422.2473929179205 0.0 0.0 0.0 0.0 0.0 0.0 0.0 0.0 0.0 0.0 0.0 0.0 0.0 0.0 0.0 0.0 0.0 0.0 0.0 0.0 0.0 0.0 0.0 0.0 0.0 -1.0 -1.0 -1.0 -1.0 0.0 0.0 0.0 0.0 0.0 0.0 0.0 0.0 0.0 0.0 0.0 -1.0 -1.0 -1.0 -1.0 -1.0 -1.0 0.0 0.0 0.0 0.0 0.0 0.0 0.0 0.0 0.0 0.0 0.0 0.0 0.0 0.0 0.0 0.0 0.0 0.9126163687992468 397.52588663902543 187.38211024129058 6936.033999745772
-1.0 -1.0 -1.0 -1.0 -1.0 -1.0 0.0 0.0 0.0 0.0 0.0 0.0 0.0 0.0 0.0 0.0 0.0 0.0 0.0 0.0 0.0 0.0 0.0 0.0 0.0 0.0 0.0 0.0 0.0 0.0 0.0 -1.0 -1.0 -1.0 -1.0 0.0 0.0 0.0 0.0 0.0 0.0 0.0 0.0 0.0 0.0 0.0 0.0 0.0 0.0 0.0 0.0 0.0 0.0 0.0 0.0 0.0 0.0 0.0 0.0 0.0 0.0 0.0 0.0 0.0 0.0 0.0 0.0 0.1421945782509738 0.0 230.2879318453712 339.10090689795896 2508.7027305455053 5897.5467948775595
-1.0 -1.0 -1.0 -1.0 -1.0 -1.0 0.0 0.0 0.0 0.0 0.0 0.0 898.9599309170206 0.8735803712580532 0.0 0.0 0.0 0.0 0.0 0.0 0.0 0.0 0.0 0.0 0.0 0.0 0.0 0.0 0.0 0.0 0.0 0.0 0.0 0.0 0.0 0.0 0.0 0.0 0.0 0.0 0.0 0.0 0.0 0.0 0.0 0.0 0.0 0.0 0.0 0.0 0.0 0.0 0.0 0.0 0.0 0.0 0.0 0.0 0.0 0.0 0.0 0.0 0.0 0.0 0.0 0.0 0.0 435.3949910416421 113.5093765896626 48.484491615953935 1136.008753440333 6882.856468770867 11225.976533909306
-1.0 -1.0 -1.0 -1.0 -1.0 -1.0 0.0 0.0 0.0 0.0 0.0 0.0 0.0 1723.5628005665533 0.0 0.0 0.0 0.0 0.0 0.0 0.0 0.0 0.0 0.0 0.0 0.0 0.0 0.0 0.0 0.0 0.0 0.0 0.0 0.0 0.0 0.0 0.0 0.0 -1.0 -1.0 -1.0 0.0 0.0 0.0 0.0 0.0 0.0 0.0 0.0 0.0 0.0 0.0 0.0 0.0 0.0 0.0 0.0 0.0 0.0 0.0 0.0 0.0 0.0 0.0 0.0 0.0 0.0 0.00014698456690563847 0.0 191.8726368446803 1405.90417425689 4357.49024716063 14133.190605506708
-1.0 -1.0 -1.0 -1.0 -1.0 -1.0 2752.7200797526457 0.0 0.0 0.0 0.0 0.0 0.0 0.0 0.0 4.908197976875068e-05 0.0 0.0 0.0 0.0 0.0 0.0 0.0 0.0 0.0 0.0 0.0 0.0 0.0 0.0 0.0 0.0 0.0 0.0 0.0 0.0 0.0 0.0 0.0 0.0 0.0 0.0 -1.0 -1.0 -1.0 0.0 0.0 0.0 0.0 0.0 0.0 0.0 0.0 0.0 0.0 0.0 0.0 0.0 0.0 0.0 0.0 0.32454850164891563 98.81100593020454 0.2043526138828188 22.979187656425232 0.0 3.590062816979664e-05 0.0 3.707855137552664 918.8259846775294 5291.122902606033 5919.386102758478 8816.457832991917
-1.0 -1.0 -1.0 -1.0 -1.0 -1.0 -1.0 0.0 0.0 0.0 0.0 0.0 0.0 0.0 1.6446030803906615 0.0 0.0 0.0 0.0 0.0 0.0 0.0 0.0 0.0 0.0 0.0 0.0 0.0 0.0 0.0 0.0 0.0 0.0 0.0 0.0 0.0 0.0 0.0 0.0 0.0 100.90601403262804 238.20505856597805 0.0 0.7245780264824184 -1.0 0.0 0.0 0.0 0.0 0.0 0.0 0.0 0.0 2.8258347316497674 0.0 0.0 0.0 0.0 0.0 0.0 0.0 0.0 0.0 0.08285395207877828 0.0 0.0 0.19453148712545087 48.42785794708449 105.4099377978483 7001.558507725388 6315.317694670197 5737.775520887083 3477.3730601825414
-1.0 -1.0 -1.0 -1.0 -1.0 -1.0 -1.0 0.0 1249.812593896356 0.0 0.0 0.0 1391.3215379806886 0.0 182.61094966710948 0.0 0.0 0.0 0.0 0.0 0.0 0.0 0.0 0.0 0.0 0.0 0.0 0.0 0.0 0.0 0.0 0.0 0.0 -1.0 -1.0 -1.0 -1.0 -1.0 -1.0 -1.0 15.892273697099048 0.0 286.79831879140824 0.0 0.0 562.0955794525343 0.0 0.0 0.0 0.0 0.0 0.0 285.26087681608954 10.618677120033446 0.0 0.0 0.0 0.0 0.0 63.07094130227066 0.0 0.00016188055962633745 0.0 0.00537477247418311 0.006383464999591552 0.00022257620553364337 137.55285769597705 125.77653215559272 130.03040517667583 5339.138730911466 12535.505063111992 7066.292948089409 10541.45629873172
-1.0 -1.0 -1.0 -1.0 -1.0 -1.0 -1.0 0.0 2379.834049552688 0.0 0.0 682.2214927693288 965.4371067880822 651.8416330088467 0.0 155.9563865690485 0.0 0.0 69.20483644559536 0.0 0.0 0.0 0.035230262295946925 0.0007217422717172512 0.0 0.0 0.0 -1.0 -1.0 -1.0 -1.0 -1.0 -1.0 -1.0 -1.0 -1.0 -1.0 -1.0 -1.0 -1.0 -1.0 -1.0 -1.0 -1.0 0.0 0.0 1405.3140874837138 420.921071134694 0.3476338868101035 1.909395329713702e-06 0.0 78.27991414593691 0.0 1619.362260888867 0.09339060440262113 0.0 325.33553378382396 0.0 0.0 0.0 0.016064761555455543 0.00025882152422997 0.0 0.019985396518289147 36.91512174563058 404.48063059782265 0.6691106893919718 383.1567848960138 7962.771917101984 9375.929127882631 10607.826079464408 15825.28999657479 18917.12454944022
-1.0 -1.0 -1.0 -1.0 -1.0 -1.0 -1.0 0.0 2188.455596872804 0.0 0.0 0.0 666.8214878315031 0.0 0.0 0.0 88.87293178352449 173.89359904494808 0.0 0.0 0.0 0.0 33.98419880158539 0.0 0.0 -1.0 -1.0 -1.0 -1.0 -1.0 -1.0 -1.0 -1.0 -1.0 -1.0 -1.0 -1.0 -1.0 -1.0 -1.0 -1.0 -1.0 -1.0 -1.0 3486.424848526998 0.0 0.0 0.0 0.0 492.5310393201184 0.059684240731575786 226.42818424412684 0.0 457.4616282177902 107.77177810796579 109.04021987611904 0.0 0.0 1.5259587498060171e-06 0.0074737028009636405 0.019967676934573953 0.003899212325171858 0.02222374581910616 364.01814849561714 3027.9114296820776 2753.69601776336 3600.3131988341474 10243.729366079304 3837.089362989514 0.0 0.0 15529.081934429909 20120.488453541227
-1.0 -1.0 -1.0 -1.0 -1.0 -1.0 0.0 0.0 0.0 0.0 0.0 0.0 0.0 0.0 0.0 0.0 0.0 0.0 0.0 0.0 0.0 0.0 33.98599987993466 0.0 -1.0 -1.0 -1.0 -1.0 -1.0 -1.0 -1.0 -1.0 -1.0 -1.0 -1.0 -1.0 -1.0 -1.0 -1.0 -1.0 -1.0 -1.0 -1.0 -1.0 -1.0 2973.7498115180056 0.0 0.0 0.0 1.8494127665876552 6487.798690209694 0.0 3396.778350750148 0.0 2945.1103556439157 0.0 0.0 0.00022112027983638315 2.8483948787509504e-05 0.16533360964578417 1.2500365439702437 1128.406409127868 487.5828397201091 1359.301121393719 2847.1919614433077 5845.123883207971 11152.237036002507 0.0 13053.082488601312 13493.222949049652 16945.795954143498 0.0 0.0
-1.0 -1.0 -1.0 -1.0 -1.0 -1.0 1585.599459038697 809.2333620501721 0.0 0.0 0.0 0.0 0.0 0.0 0.0 0.0 -1.0 -1.0 -1.0 -1.0 -1.0 -1.0 -1.0 -1.0 -1.0 -1.0 -1.0 -1.0 -1.0 -1.0 -1.0 -1.0 -1.0 -1.0 -1.0 -1.0 -1.0 -1.0 -1.0 -1.0 -1.0 -1.0 -1.0 -1.0 -1.0 -1.0 2393.3626770556566 0.0 0.0 -1.0 -1.0 0.0 0.0 0.0 0.0 874.2742723032047 148.74351837525077 649.8450906508323 5418.988778837292 5275.61471303081 0.0 2332.9583673770912 3811.646963140541 4090.886664626879 740.4058084800162 6325.414665277027 5561.139533276612 0.0 0.0 0.0 0.0 0.0 14.202192942928406
-1.0 -1.0 -1.0 -1.0 -1.0 -1.0 -1.0 27.95104358352726 0.0 805.983824051921 0.0 0.0 0.0 2075.2310987599612 -1.0 -1.0 -1.0 -1.0 -1.0 -1.0 -1.0 -1.0 -1.0 -1.0 -1.0 -1.0 -1.0 -1.0 -1.0 -1.0 -1.0 -1.0 -1.0 -1.0 -1.0 -1.0 -1.0 -1.0 -1.0 -1.0 -1.0 -1.0 -1.0 -1.0 -1.0 -1.0 667.9337164763635 0.0 -1.0 -1.0 6067.9687356137 0.0 4578.7695196689465 0.0 0.0 0.0 0.0 0.0 317.2192359598752 -1.0 9286.638803950264 0.0 0.0 0.0 5325.3615409040885 7181.817481734861 0.0 1766.648449116206 0.0 2697.8731291229915 0.0 19922.701687602148 0.0
-1.0 -1.0 -1.0 -1.0 -1.0 -1.0 -1.0 -1.0 -1.0 164.5040939879612 760.7347708051288 1692.3097484386378 -1.0 -1.0 -1.0 -1.0 -1.0 -1.0 -1.0 -1.0 -1.0 -1.0 -1.0 -1.0 -1.0 -1.0 -1.0 -1.0 -1.0 -1.0 -1.0 -1.0 -1.0 -1.0 -1.0 -1.0 -1.0 -1.0 -1.0 -1.0 -1.0 -1.0 -1.0 -1.0 -1.0 -1.0 -1.0 -1.0 -1.0 1966.8865713654836 1860.6233718051426 5701.091129132248 4374.972390090086 0.0 0.0 6226.888329480633 0.0 0.0 0.0 8261.71025642505 0.0 0.0 0.0 0.0 5933.419197778562 0.0 0.0 5566.928855872957 5904.744709358703 625.2532701368596 12669.483364657808 4026.350370700175 27802.798932920723
-1.0 -1.0 -1.0 -1.0 -1.0 -1.0 -1.0 -1.0 -1.0 -1.0 -1.0 -1.0 -1.0 -1.0 -1.0 -1.0 -1.0 -1.0 -1.0 -1.0 -1.0 -1.0 -1.0 -1.0 -1.0 -1.0 -1.0 -1.0 -1.0 -1.0 -1.0 -1.0 -1.0 -1.0 -1.0 -1.0 -1.0 -1.0 -1.0 -1.0 -1.0 -1.0 -1.0 -1.0 -1.0 -1.0 -1.0 -1.0 -1.0 456.7012582030362 0.0 7178.331772496981 7571.447409969279 5449.099935134272 9760.958938224894 0.0 3069.0818323265767 4340.558710589465 1446.316541840663 2252.166815746437 2260.0265854309796 11811.047228261066 3996.6288616006514 0.0 0.0 0.0 0.0 0.0 0.0 0.0 18315.18983366593 32667.807099306654 12881.834477575701
-1.0 -1.0 -1.0 -1.0 -1.0 -1.0 -1.0 -1.0 -1.0 -1.0 -1.0 -1.0 -1.0 -1.0 -1.0 -1.0 -1.0 -1.0 -1.0 -1.0 -1.0 -1.0 -1.0 -1.0 -1.0 -1.0 -1.0 -1.0 -1.0 -1.0 -1.0 -1.0 -1.0 -1.0 -1.0 -1.0 -1.0 -1.0 -1.0 -1.0 -1.0 -1.0 -1.0 -1.0 -1.0 -1.0 -1.0 -1.0 -1.0 -1.0 0.0 -1.0 -1.0 -1.0 -1.0 0.0 0.0 0.0 0.0 0.0 0.0 0.0 0.0 0.0 0.0 0.0 0.0 0.0 0.0 18359.544554398883 20029.35703891274 17152.083141852447 11154.39943181664
-1.0 -1.0 -1.0 -1.0 -1.0 -1.0 -1.0 -1.0 -1.0 -1.0 -1.0 -1.0 -1.0 -1.0 -1.0 -1.0 -1.0 -1.0 -1.0 -1.0 -1.0 -1.0 -1.0 -1.0 -1.0 -1.0 -1.0 -1.0 -1.0 -1.0 -1.0 -1.0 -1.0 -1.0 -1.0 -1.0 -1.0 -1.0 -1.0 -1.0 -1.0 -1.0 -1.0 -1.0 -1.0 -1.0 -1.0 -1.0 -1.0 -1.0 -1.0 -1.0 -1.0 -1.0 -1.0 11195.082434537857 0.0 0.0 0.0 0.0 0.0 0.0 5574.2844817791765 7826.804335005334 7177.181238997943 1228.1132958844773 6574.407538822356 22400.89839313488 24257.266956010775 5595.298803066859 3229.5270887618394 7489.831049925238 26.194324753152422
-1.0 -1.0 -1.0 -1.0 -1.0 -1.0 -1.0 -1.0 -1.0 -1.0 -1.0 -1.0 -1.0 -1.0 -1.0 -1.0 -1.0 -1.0 -1.0 -1.0 -1.0 -1.0 -1.0 -1.0 -1.0 -1.0 -1.0 -1.0 -1.0 -1.0 -1.0 -1.0 -1.0 -1.0 -1.0 -1.0 -1.0 -1.0 -1.0 -1.0 -1.0 -1.0 -1.0 -1.0 -1.0 -1.0 -1.0 -1.0 -1.0 -1.0 -1.0 -1.0 -1.0 -1.0 -1.0 8825.892967074251 0.0 0.0 0.0 0.0 10947.989035670214 0.0 16335.905827923933 0.0 18981.093617295734 0.0 22223.183650307503 15512.909054381476 20126.555709533433 169.68948463541608 838.5166870969164 9438.802728427034 549.1999337144167
-1.0 -1.0 -1.0 -1.0 -1.0 -1.0 -1.0 -1.0 -1.0 -1.0 -1.0 -1.0 -1.0 -1.0 -1.0 -1.0 -1.0 -1.0 -1.0 -1.0 -1.0 -1.0 -1.0 -1.0 -1.0 -1.0 -1.0 -1.0 -1.0 -1.0 -1.0 -1.0 -1.0 -1.0 -1.0 -1.0 -1.0 -1.0 -1.0 -1.0 -1.0 -1.0 -1.0 -1.0 -1.0 -1.0 -1.0 -1.0 -1.0 -1.0 -1.0 -1.0 -1.0 -1.0 -1.0 -1.0 7125.223964872732 0.0 14192.504746369885 0.0 0.0 0.0 0.0 0.0 0.0 7404.479882585164 17654.38324192913 3332.2173937678344 12.632844026130766 8184.638455167556 20061.93866421831 17197.90393484142 4095.552951702997
-1.0 -1.0 -1.0 -1.0 -1.0 -1.0 -1.0 -1.0 -1.0 -1.0 -1.0 -1.0 -1.0 -1.0 -1.0 -1.0 -1.0 -1.0 -1.0 -1.0 -1.0 -1.0 -1.0 -1.0 -1.0 -1.0 -1.0 -1.0 -1.0 -1.0 -1.0 -1.0 -1.0 -1.0 -1.0 -1.0 -1.0 -1.0 -1.0 -1.0 -1.0 -1.0 -1.0 -1.0 -1.0 -1.0 -1.0 -1.0 -1.0 -1.0 -1.0 -1.0 -1.0 -1.0 -1.0 -1.0 -1.0 5172.9184895929475 3758.7896625950575 3317.5946216806065 0.0 0.0 0.0 0.0 4308.246611055654 12014.646260958109 12266.191851123745 4039.145787587298 14802.032281658796 14718.869165056243 14533.822877962346 -1.0 -1.0
-1.0 -1.0 -1.0 -1.0 -1.0 -1.0 -1.0 -1.0 -1.0 -1.0 -1.0 -1.0 -1.0 -1.0 -1.0 -1.0 -1.0 -1.0 -1.0 -1.0 -1.0 -1.0 -1.0 -1.0 -1.0 -1.0 -1.0 -1.0 -1.0 -1.0 -1.0 -1.0 -1.0 -1.0 -1.0 -1.0 -1.0 -1.0 -1.0 -1.0 -1.0 -1.0 -1.0 -1.0 -1.0 -1.0 -1.0 -1.0 -1.0 -1.0 -1.0 -1.0 -1.0 -1.0 -1.0 -1.0 -1.0 -1.0 -1.0 -1.0 -1.0 7434.439919958334 3595.657976881347 98.36147880601146 -1.0 -1.0 3308.64539637722 20194.510863862743 13067.514049454416 12369.068041690067 -1.0 -1.0 -1.0
-1.0 -1.0 -1.0 -1.0 -1.0 -1.0 -1.0 -1.0 -1.0 -1.0 -1.0 -1.0 -1.0 -1.0 -1.0 -1.0 -1.0 -1.0 -1.0 -1.0 -1.0 -1.0 -1.0 -1.0 -1.0 -1.0 -1.0 -1.0 -1.0 -1.0 -1.0 -1.0 -1.0 -1.0 -1.0 -1.0 -1.0 -1.0 -1.0 -1.0 -1.0 -1.0 -1.0 -1.0 -1.0 -1.0 -1.0 -1.0 -1.0 -1.0 -1.0 -1.0 -1.0 -1.0 -1.0 -1.0 -1.0 -1.0 -1.0 -1.0 -1.0 -1.0 -1.0 -1.0 -1.0 -1.0 -1.0 -1.0 -1.0 -1.0 -1.0 -1.0 -1.0
-1.0 -1.0 -1.0 -1.0 -1.0 -1.0 -1.0 -1.0 -1.0 -1.0 -1.0 -1.0 -1.0 -1.0 -1.0 -1.0 -1.0 -1.0 -1.0 -1.0 -1.0 -1.0 -1.0 -1.0 -1.0 -1.0 -1.0 -1.0 -1.0 -1.0 -1.0 -1.0 -1.0 -1.0 -1.0 -1.0 -1.0 -1.0 -1.0 -1.0 -1.0 -1.0 -1.0 -1.0 -1.0 -1.0 -1.0 -1.0 -1.0 -1.0 -1.0 -1.0 -1.0 -1.0 -1.0 -1.0 -1.0 -1.0 -1.0 -1.0 -1.0 -1.0 -1.0 7908.788274766468 5099.3283158722215 -1.0 -1.0 -1.0 -1.0 -1.0 -1.0 424.2150720589018 7267.224428154876
-1.0 -1.0 -1.0 -1.0 -1.0 -1.0 -1.0 -1.0 -1.0 -1.0 -1.0 -1.0 -1.0 -1.0 -1.0 -1.0 -1.0 -1.0 -1.0 -1.0 -1.0 -1.0 -1.0 -1.0 -1.0 -1.0 -1.0 -1.0 -1.0 -1.0 -1.0 -1.0 -1.0 -1.0 -1.0 -1.0 -1.0 -1.0 -1.0 -1.0 -1.0 -1.0 -1.0 -1.0 -1.0 -1.0 -1.0 -1.0 -1.0 -1.0 -1.0 -1.0 -1.0 -1.0 -1.0 -1.0 -1.0 -1.0 -1.0 -1.0 -1.0 -1.0 -1.0 595.1908043262285 774.0386240883947 -1.0 -1.0 -1.0 -1.0 -1.0 -1.0 0.0 5125.920478947913
-1.0 -1.0 -1.0 -1.0 -1.0 -1.0 -1.0 -1.0 -1.0 -1.0 -1.0 -1.0 -1.0 -1.0 -1.0 -1.0 -1.0 -1.0 -1.0 -1.0 -1.0 -1.0 -1.0 -1.0 -1.0 -1.0 -1.0 -1.0 -1.0 -1.0 -1.0 -1.0 -1.0 -1.0 -1.0 -1.0 -1.0 -1.0 -1.0 -1.0 -1.0 -1.0 -1.0 -1.0 -1.0 -1.0 -1.0 -1.0 -1.0 -1.0 -1.0 -1.0 -1.0 -1.0 -1.0 -1.0 -1.0 -1.0 -1.0 -1.0 -1.0 -1.0 -1.0 -1.0 -1.0 558.2322526645822 2025.6356598323882 2136.4900156376693 -1.0 -1.0 2537.977103196368 4316.384011733614 2005.3298351020574
-1.0 -1.0 -1.0 -1.0 -1.0 -1.0 -1.0 -1.0 -1.0 -1.0 -1.0 -1.0 -1.0 -1.0 -1.0 -1.0 -1.0 -1.0 -1.0 -1.0 -1.0 -1.0 -1.0 -1.0 -1.0 -1.0 -1.0 -1.0 -1.0 -1.0 -1.0 -1.0 -1.0 -1.0 -1.0 -1.0 -1.0 -1.0 -1.0 -1.0 -1.0 -1.0 -1.0 -1.0 -1.0 -1.0 -1.0 -1.0 -1.0 -1.0 -1.0 -1.0 -1.0 -1.0 -1.0 -1.0 -1.0 -1.0 -1.0 -1.0 -1.0 -1.0 -1.0 -1.0 -1.0 0.0 28.44826602054023 1428.994784735708 0.0 2823.815767207196 0.0 2015.779012407399 0.1474529747873511
-1.0 -1.0 -1.0 -1.0 -1.0 -1.0 -1.0 -1.0 -1.0 -1.0 -1.0 -1.0 -1.0 -1.0 -1.0 -1.0 -1.0 -1.0 -1.0 -1.0 -1.0 -1.0 -1.0 -1.0 -1.0 -1.0 -1.0 -1.0 -1.0 -1.0 -1.0 -1.0 -1.0 -1.0 -1.0 -1.0 -1.0 -1.0 -1.0 -1.0 -1.0 -1.0 -1.0 -1.0 -1.0 -1.0 -1.0 -1.0 -1.0 -1.0 -1.0 -1.0 -1.0 -1.0 -1.0 -1.0 -1.0 -1.0 -1.0 -1.0 -1.0 -1.0 -1.0 -1.0 -1.0 0.0 0.0 0.0 2186.7056425629953 9459.082343580765 0.0 3544.5307323219213 2123.273918438601
