critload/trunk/output/1999/nload_var_nat.asc
ncols 720
nrows 360
xllcorner -180
yllcorner -90
cellsize 0.5
NODATA_value -9999
[rows 78 to 103 of 360, columns 406 to 463 of 720]
0.0 1702.30234703 1230.3967730949312 0.0 3785.101573229197 2070.68424637 2312.0960643759618 1651.07909872 0.0 0.0 16395.92930783771 8895.079478115676 2803.3807914531276 4284.170042309132 1405.6915583603513 937.1740138942429 835.8662022016155 388.7133916628836 729.319688047862 2177.2249917396593 1317.00268381 0.0 0.0 4488.55716358973 6161.4480551994 0.0 0.000257177008217 237.162501994 2069.9562555 2702.9746755 3292.44680513 2631.3926247 0.000390901981436 0.0005983113168 0.0 0.0 256.467381947 2992.10291625 942.1171825792107 3802.993669654834 7999.7994545635065 7030.693156126294 11991.784706011273 1658.907397390155 1899.649184988024 0.0 56.3529859988 2631.220593442356 3125.7190239550837 2436.0145449547285 565.8880055390914 557.0012534332828 398.54343945 0.0 117.515852149 126.516837081 23.83070163026971 0.0
3069.6942740179993 7105.287906962261 1596.1044599830925 0.0 4834.872742098149 2612.15455335 5402.9185077 2610.00984465 0.0 0.0 0.0 0.0 0.0 3463.892667434103 903.2563910406718 223.00890450390364 52.4277608962 0.0 93.2253333375 2472.6522991153374 0.0 0.0 2789.73181457 3346.3057473 0.0 2680.62126676 4836.263407571624 1443.6526098 3074.84443248 3112.42059765 3103.710285 855.71448705 464.4884302897388 0.0007360320609 0.0 0.000114907720144 486.81696214353263 4783.995164729791 2970.696164603287 5944.01680112936 2548.516026219001 10417.75042027115 9699.004057816759 1219.2328334718623 144.60001537628048 0.0 390.3324434839924 2587.4018935851723 2125.0735645985546 194.382177727 104.266847204 0.0 0.0 0.0 0.0 0.0 0.0 0.0
0.0018277460943483172 3858.1501709848744 10772.514622164183 1191.2277896374446 0.0 353.608281 0.0 0.0 0.0 0.0 0.0 2665.3307338357454 4292.634114537986 4080.98655726302 719.4094654763371 0.0 3570.03330938 0.0 26.0185888463 701.4302877951183 0.00021714822661062918 763.189288481 277.709313682 1856.25543313 1174.84026732 1999.5481833 12084.627807826524 956.510208379 6035.79518887 7649.920443 25362.330162574457 16678.49164732528 19171.962566845345 1656.3434079779515 2374.98439909046 6288.995533663228 517.3526402675081 769.3645724803353 3789.2341032018253 1255.5278076609172 1443.1681130766488 2915.9810842610104 8808.57329771607 463.24038548793044 0.0 565.9227691087857 81.2194296562 60.2033172907 78.6237057581 0.0 0.0 0.0 0.0 0.0 0.0 0.0 0.0 0.0
60012.32101856457 9444.694955524898 0.0 2583.236552699208 1284.7949223234198 0.0 3808.11970159 745.950958594 0.0 0.0 0.0 0.0 6705.2535216950455 0.0 3110.1777999188394 0.0 0.0 0.0 0.0 0.0 0.0 384.89275608 1346.40566656 807.828796395 1014.3870511750257 1372.28062315 798.197187037 4437.353633079896 8583.273253777024 9174.409671 6620.03003261 10756.0102965 21254.38937943512 4688.521577739644 12055.667401929692 6640.847179755023 15941.465897545018 6962.853094379541 8000.192028683795 2921.967660303642 4630.994278521403 2293.2637180815263 671.5706927055403 0.0 153.39436534311986 88.635425571 117.160778447 0.0 0.0 0.0 0.0 0.0 0.0 0.0 0.0 0.0 0.0 0.0
208838.64258946924 177774.4735785961 64979.03952576495 2046.220172126219 577.9889262 0.0 9436.28186025 9468.63447 2248.338963 0.0 0.0 0.0 0.0 0.0 4521.652215036589 0.0 0.0 0.0 3280.19721176 4469.5495797 4476.8230401 1031.8488007333385 0.0 380.6655888 693.705150517 2095.49729175 1801.93059285 2381.56001871 3296.5578087 7778.705347788879 10382.786799137572 3963.5074044094185 4988.783549621954 8586.024523663633 1578.8066616384558 1390.6592849272522 6966.900926264391 36819.396409670575 15810.514525114511 1492.756825175379 122.35560125925645 1722.9689158444585 227.44905835324045 252.138256402 227.047711687 0.0 0.0 0.0 245.0907654 0.0 0.0 0.0 0.0 0.0 0.0 0.0 0.0 0.0
75919.35372263446 186536.39344686212 205323.12569372501 121358.04809178386 27298.969891828998 0.0 664.0969309196706 5103.60760912 0.0 0.0 264.983915768 0.0 1005.9835578 0.0 0.0 0.0 1327.48725681 2197.55552898 8892.171650790424 8298.095102335625 2634.10582429 5391.78539659 5161.66143769 1677.50705397 0.0 1202.22834699 1161.94310507 1614.61387587 3408.0660495245684 9993.57248507303 11439.288005049599 16840.757451292542 9268.658268872166 3727.908419725809 480.31454188593045 0.0013536837985985272 5284.309761287643 43345.84550668572 3229.7116746199817 82.69259315801318 0.0 253.02920477141924 295.8704614191935 0.0 75.9317965013 0.0 0.0 0.0 0.0 168.80820147 0.0 0.0 0.0 0.0 0.0 0.0 0.0 0.0
23349.276980193124 113068.13709776536 169751.55532331613 176317.21709429 110975.76061754258 44863.97871673525 1196.27360107 1345.80730845 6362.62966125 583.833622838 0.0 3022.2778818 3299.4116397 0.0 5986.6074 5068.261333502888 3154.85793499 13506.819493453197 12387.343761357024 6453.540684235171 7062.778205324427 1134.9187033 0.0 0.0 0.0 2303.0081032007015 2253.27612037 2512.77062141 777.6228469469718 2242.205499406562 3225.8125374832603 2973.198913391051 1253.6641969543928 3371.8808420665446 422.4405535388742 0.0 0.00019127357401444226 236.37681936011398 0.0 0.0 0.0 541.24062333 433.557400132 0.0 0.0 0.0 0.0 0.0 0.0 0.0 0.0 0.0 0.0 0.0 0.0 0.0 0.0 0.0
26222.55061861786 48358.91980567154 53424.08427788036 100757.48985312687 197293.68191781366 154710.4502087299 20636.928587465063 3883.45424625 6042.03203786 3564.7627884 5069.19928515 0.0 0.0 3243.71331818 8096.288659671344 7998.325193396753 3682.713582398525 6873.88163543181 8955.019675726622 6482.748014120034 2849.0827830218304 0.0 0.0 0.0 0.0 2055.88233986 3111.63462225 2890.39094033 14926.887515025803 1857.9263108740527 1121.2663071606132 82.5932119148 495.47192648951955 348.7449605387845 0.000269921355817 0.0 798.7403561268768 477.6490317425591 2130.44730589381 1426.6762908259916 775.5548239786867 0.0 678.139635247 0.0 0.0 0.0 0.0 0.0 0.0 0.0 0.0 0.0 0.0 0.0 0.0 101.41802364622401 0.0 56.5154903734
144498.54914181834 17167.645711505687 15383.281718517022 32028.961412932833 113426.72410580603 121799.49802838318 90536.00789748436 5293.526428326487 8121.9600378 5376.9291795 2198.7853641 4799.155443 466.36828791 490.203227625 4018.3460853962088 1015.5069212313269 1554.293886524979 1572.9778930106231 2262.7382013480014 3474.771576571222 784.3554845077849 2216.6323265074816 442.2998407069989 341.8726451684827 2957.117659934338 1057.7326064621916 5076.428403493515 295.83923450258237 54.86606588949353 38.46159983165556 1.643262060843521 186.28351617257422 1072.490322 334.1732008905295 25.46704503 187.48034292 0.0 960.936703358 3272.3243098583594 2470.477907970357 674.8114139806893 437.04464544 936.920493495 0.0 0.0 0.0 0.0 0.0 0.0 0.0 0.0 0.0 0.0 0.0 0.0 0.0 -9999 0.0
157919.99455922155 17007.60851533467 13506.2226495 22808.148394219745 29178.517401626195 43991.116130164315 76747.47324648176 23496.35912347138 8983.105065 4896.0156255 4918.5154854 10415.849318373443 6465.868859908181 990.599241775686 0.0 0.0 -9999.0 737.1471870807959 4697.526487676241 1644.3802883282153 331.24084294543604 2194.1485625673886 597.2151229591578 663.3582330499196 757.0396201065253 456.65103500667635 -9999.0 -9999.0 -9999.0 197.41213596131038 137.18432034141512 4622.945258301459 2463.795246137704 894.546969472 290.051320545 244.300427291 376.41844344 184.799869954 1895.6673363700206 0.0 0.0 755.856874275 1418.82959461 1477.01319315 0.0 0.0 0.0 0.0 0.0 24.778420725 0.0 0.0 0.0 -9999 -9999 -9999 -9999 -9999
65698.84379369684 136111.6095405921 40571.27617234661 30406.081582099934 41579.64844616037 30044.56098017301 85167.18560347104 51399.78091241022 1083.34388607 1071.394891619475 4880.754866630281 1990.87786305 547.2957813267419 1197.51875137 0.0 -9999.0 -9999.0 -9999.0 -9999.0 74.75564769460182 34.35448592908549 254.6457252711435 1066.1745075313 0.0 1315.7040855177243 -9999.0 -9999.0 -9999.0 -9999.0 67.88163400168264 62.70371726732445 683.1339138638355 1320.2709662666148 872.237462437 1066.88928367 1553.98223216 308.356986952 265.46451555 791.0178634880783 262.6918131610783 526.17814083 284.431446 0.0 0.0 0.0 0.0 0.0 0.0 0.0 0.0 0.0 0.0 -9999 -9999 -9999 -9999 -9999 -9999
77597.03023024208 187039.45080406935 71949.54394568302 80128.53681608688 122934.19623148598 97261.7991329317 23105.22177636212 6579.888799616418 1545.4508177000698 0.000303969813487 0.0 0.0 911.7258612 0.0 -9999.0 -9999.0 -9999.0 -9999.0 -9999.0 232.63046217328287 214.63933990047957 861.4991166558391 5191.269451006821 5305.256983463623 0.0 1749.0108275224502 9919.03838218809 116.8926616019472 389.3761336848596 801.0390613948232 103.14060646654934 41.93192682373314 196.95610508716663 997.9467939443314 1281.60430167 300.5877222 1970.61037359 4649.23052962 5132.422171204211 4589.5548529771995 1247.987252941945 1352.1786890096987 1313.3143304953696 0.0 285.421666011 0.0 0.0 0.0 0.0 -9999 -9999 -9999 -9999 -9999 -9999 -9999 0.0 0.0
15615.2734815 5810.709028598867 4258.965310682946 7254.588657048878 5881.894124528189 984.1065312261414 405.08321812718555 456.734621620449 251.17856772465473 269.66411352 1748.773168649394 0.0 0.0 0.0 -9999.0 -9999.0 -9999.0 -9999.0 -9999.0 -9999.0 617.696563700132 13765.081709172187 27890.546911310434 8886.06209055 5812.257599394417 -9999.0 -9999.0 -9999.0 1771.4381945823761 18726.100105974987 53789.26133387064 46631.40754984641 12515.73855965681 12146.357893237524 20235.826739615186 1150.360257613588 2387.1906945 4247.919260707716 12466.381735428142 8465.293466831903 3795.268604023423 1299.2745216670464 326.16665937672997 269.970470990418 78.2481867683 0.0 0.0 0.0 0.0 -9999 -9999 -9999 -9999 -9999 0.0 0.0 0.0 480.874250137
6024.091059023398 5123.488022395888 2435.926009587191 1560.2770993951135 702.3257087601646 1219.3414493168289 1417.9092087955312 657.7285709260435 1150.47196875 3254.71997892 2002.4427970660354 618.5547833842512 -9999.0 -9999.0 -9999.0 -9999.0 -9999.0 -9999.0 -9999.0 -9999.0 -9999.0 9527.704983738799 3673.353998805253 -9999.0 -9999.0 -9999.0 -9999.0 -9999.0 -9999.0 -9999.0 20336.177964607596 96236.11786272548 268407.00860289985 234901.43392557124 268564.7858499178 135350.54560990396 72941.01080967595 31080.86155010575 20676.834653518577 5952.929710470876 4061.65340726 1127.35718209 1474.5446475 280.89638643105764 112.02551263473788 100.012083187 0.0 154.647001128 0.0 -9999 -9999 -9999 -9999 -9999 0.0 0.0 0.0 2966.99123543
1602.3237498594758 3396.5923564309824 2356.5238125728592 3028.6065652626676 4869.2399207491635 2962.6659520114063 2378.822297893268 8646.74138239816 4429.4621013 8309.986937412123 4662.038736755486 129.57855718789875 -9999.0 -9999.0 -9999.0 -9999.0 -9999.0 -9999.0 -9999.0 -9999.0 -9999.0 -9999.0 -9999.0 -9999.0 -9999.0 -9999.0 -9999.0 -9999.0 -9999.0 -9999.0 -9999.0 -9999.0 16999.850989091246 300257.03943291923 336920.07587761246 181954.29547061416 228754.85356645827 174477.72457234986 140818.96344484965 82874.83696319157 9426.0829905 0.0 1038.2617126 755.106842137 245.31898123462906 91.5998216962 94.67705043035423 166.89666404935815 0.0 0.0 -9999 -9999 -9999 -9999 -9999 -9999 0.0 0.0
36173.1177994 20025.085949572604 11545.80386180052 14309.776288486222 9691.991349875385 13563.703258335792 17886.189331758476 11972.69950662087 15268.187604415703 9111.381071394897 2198.9856084146872 2.9895850982723457e-05 -9999.0 -9999.0 -9999.0 -9999.0 -9999.0 -9999.0 -9999.0 -9999.0 -9999.0 -9999.0 -9999.0 -9999.0 -9999.0 -9999.0 -9999.0 -9999.0 -9999.0 -9999.0 -9999.0 -9999.0 -9999.0 941.5000564477393 131650.3205114539 209499.95070556257 297802.13962997356 203479.4186876642 187658.55087618774 211848.25797920747 160175.19908128725 50424.507800152685 6144.259395 7546.099387921011 9523.20887360896 3169.1169774 16341.521915232302 7266.753940661187 1781.9706476345996 -9999 -9999 -9999 -9999 -9999 -9999 -9999 0.0 0.0
30971.741301784616 34194.8209522 51693.6301758978 55333.45039844686 40137.32732495984 39330.537194117846 27417.297121112664 20151.545845477664 29767.287255506773 8285.584083 -9999.0 -9999.0 -9999.0 -9999.0 -9999.0 -9999.0 -9999.0 -9999.0 -9999.0 -9999.0 -9999.0 -9999.0 -9999.0 -9999.0 -9999.0 -9999.0 -9999.0 -9999.0 -9999.0 -9999.0 -9999.0 -9999.0 -9999.0 -9999.0 -9999.0 -9999.0 19079.198455068585 117481.61066024113 221219.88091805865 249408.54799037817 291448.624322676 144906.8554735581 159256.94818049355 169742.16632747982 165881.53449944605 219511.91602249414 191397.49032737355 119453.62984529044 43502.00493684939 0.0 -9999 -9999 -9999 -9999 -9999 -9999 -9999 0.0
94563.61409866624 95568.50330305911 13040.403793737369 3345.1322496238427 17115.097383686425 4524.8275511669235 32118.868371378827 13042.148404310781 36119.23373554606 13308.201057725226 -9999.0 -9999.0 -9999.0 -9999.0 -9999.0 -9999.0 -9999.0 -9999.0 -9999.0 -9999.0 -9999.0 -9999.0 -9999.0 -9999.0 15.700839644414105 -9999.0 -9999.0 -9999.0 -9999.0 -9999.0 -9999.0 -9999.0 -9999.0 -9999.0 -9999.0 -9999.0 -9999.0 11784.46462882652 68850.2008836246 83889.66472193325 83806.83034781861 76042.01388801509 100554.91577709538 140642.78826454998 145094.04739971648 133393.9816154879 134968.24595604293 134432.8555590485 101608.01140933692 20021.450190903208 0.0 -9999 -9999 -9999 -9999 -9999 -9999 -9999
61935.911267696756 59522.8755322408 102128.22536102601 134708.98353114258 38048.2754529561 47612.55986926009 18792.016105193772 1626.7944469983352 652.1147948733565 7730.687335100678 0.0007511785369505953 -9999.0 -9999.0 -9999.0 -9999.0 -9999.0 -9999.0 -9999.0 4956.292189522952 7793.8715861313085 45441.12494564369 56269.97811028695 52080.16115858959 37878.01169869983 5906.788224976859 242.11860007419435 0.0 -9999.0 -9999.0 -9999.0 -9999.0 -9999.0 -9999.0 -9999.0 -9999.0 -9999.0 -9999.0 123244.75554981685 200987.21390184877 125837.32835393155 113191.76081809402 89052.1808821647 76958.71617204676 29524.704902605845 27257.925832593635 14713.139078800925 47185.8075658187 187284.92516729154 116594.98974315087 100678.9423393198 6595.484515724596 0.0 -9999 -9999 -9999 -9999 -9999 -9999
17115.80374141575 66667.98771036117 55795.81408470034 47424.699028966585 69662.96951070771 47348.93910534736 17833.48185937327 206.05439800648332 0.0004403605965173008 0.0002493268044699425 1231.7260080567817 0.0030777353355675935 1698.6533473373315 225.78126075954694 85.7224503966936 427.4822339544217 4243.789054512329 5815.723223353591 16167.175415383008 60776.63915672556 36668.54402465735 21491.583513530502 13881.829501931588 35541.67597572608 4707.44129872883 17240.984523329833 5362.014774530757 922.1780800885618 219.45910181789807 0.0 -9999.0 -9999.0 3944.005795242717 -9999 -9999.0 22970.75356207108 28802.628441316305 171510.68592011236 102733.85824339824 18580.86004643324 58205.12195389076 51222.590078979854 62307.3246200266 38769.658405834656 9767.265075042244 1682.18927359 19822.1850798604 14153.255867192602 88940.9042237858 84960.0391659324 87798.19080639281 13998.245585557768 0.0 -9999 -9999 -9999 -9999 -9999
11637.8540601905 7391.0950953842585 8946.535154437519 3168.9378004328964 1055.1453510880256 2210.6952430737515 226.50153964067016 215.92914437523203 1231.4065415951745 184.2443073168556 -9999.0 0.0006445044703324563 1139.8685056287306 5997.822604591623 3717.290232202264 4490.669258853171 23063.21353030833 39635.89361543045 27483.389209745837 44899.14246190182 20976.175299803657 33266.96102972748 29746.972563382064 19848.11654625736 14029.863361640175 14503.645456007283 30931.245333861436 37756.367281895175 17829.32070646985 35137.95703239813 60603.733146691884 64524.17240680649 71798.34425690016 60212.90437922333 74001.93236542126 112671.33516087747 122004.98394696138 91633.43302525999 45299.80782361935 15369.959795905612 4772.2450908845785 5702.582866466167 59571.56561335613 78064.42406924645 70263.2756622597 55986.98624589261 7054.569508002747 0.0 2713.1316441522804 5846.635772014324 25355.84208969109 39627.16546726418 8622.97559432715 0.0 0.0 -9999 -9999 -9999
3469.63888047056 10092.877666886045 5891.989860437604 -9999.0 -9999.0 4781.2045280685215 887.5890673504564 20163.88362297563 5228.181730537151 2534.2055759290697 1776.3673460378159 882.0448900525824 32199.77298892274 18109.928309090094 9514.230005786954 30602.38729468136 37959.62232132127 40699.5213981299 19967.65446901203 27433.42428581409 44506.83197567198 8736.41430599352 6482.664846919272 11025.426363406801 30262.374710810578 28167.48737938822 31402.150349774463 31829.68533833733 43668.04496249351 35600.74148736183 38440.80058296419 55779.34265853832 41717.873197779925 29498.665783233308 54234.35673929528 88865.15987198154 44179.19727616127 30201.670153491017 45351.565903852956 42673.30028282276 39303.577567897795 5853.3575787859245 5505.510553049605 26973.20196522802 0.0 71592.9253960261 139404.6299829106 14106.695584473731 176.00848087576736 346.8466375790075 225.9391306142805 3739.3808711992683 6060.2891633303525 0.0 0.0 -9999 -9999 -9999
1479.3403111746115 165.58422542311817 -9999.0 -9999.0 1285.4001494708082 -9999.0 10691.30185634019 44669.207279374634 31136.11743523219 26806.339338688733 4965.766892715939 20397.980093729053 30912.142383781676 36714.4260669269 29159.97316840713 13137.60625931338 19571.703945022753 12238.18849394817 7760.962654767782 3346.6659641028855 10434.143308486482 4186.895821805201 11015.710499938865 13572.187185390145 7026.843304912373 22753.467921605254 27479.42567506402 16164.049347045566 14124.825082575713 25809.665333422723 34756.11753476276 46033.15854138446 54455.570241218695 52655.77288683085 32998.3722830472 21265.780463425377 33097.054117593994 24378.559430007095 57948.68533018681 21403.892698910255 20415.43897523701 19141.35332924263 15190.129790892846 6005.216129704033 32034.908716020418 86769.47919387983 130684.83893263983 93191.2559751755 2666.66968399 359.5351894626515 139.819398469 432.98047585483175 0.0 -9999 -9999 -9999 -9999 -9999
15055.21394100479 4952.657250454335 -9999.0 -9999.0 -9999.0 7293.087162649214 39180.90687056194 17654.35924395341 74648.1559141351 47074.169125036584 52426.662452421515 46582.580756890864 38413.645389375495 20499.26734508749 21323.98575579848 21412.288951425722 1285.6701088399545 6223.8066803235115 2337.7537038386736 4051.0582262222383 1842.8218543371877 1954.9483858825502 1868.5879360488343 626.1678719460414 1743.2868365467289 21068.717483105203 12835.287611720389 4770.75708947697 4259.678444537032 18972.765475528748 32649.061327078416 46652.52762648613 52327.09513327836 53519.28916472153 77263.95708986571 69044.41750337326 25581.211844562204 19936.277634004866 11560.546788052052 4913.8563759442795 25338.935601795372 25085.3322196094 11300.502648281155 5418.582012918384 0.0 29297.547138040318 101207.56217235909 25373.479910620346 2410.8716403 5781.00077831 6025.05315326 174.46156223234993 0.0 -9999 -9999 -9999 -9999 -9999
19936.467689634366 10063.745532953435 6479.240403178854 8564.74430262094 -9999.0 0.0 16729.77317391063 8393.965410222772 62267.309072086275 20432.217405725027 37185.27199227455 68652.41563742045 12522.551293898387 29142.004962389496 21394.002746668164 11619.136517257735 14840.52883508582 8981.591921940368 1694.96538847 2500.9415993603807 0.0 4590.235000168185 2026.2462569841828 2694.2866488932186 13903.511167574732 9530.93322877915 13610.552347993606 8589.021071300092 9705.898955937842 12427.378573102173 11373.77541174011 8967.71655069694 4290.178723843993 22583.939285144435 46123.68053343415 56756.88840611886 54456.7203788038 34675.45192938186 16896.006734430863 0.0 0.0 17645.482865719576 11625.259300088424 6838.199697606901 6222.430996833798 8073.650916297948 19281.92677860356 17491.125804048133 10743.175074234641 7829.442243669074 10601.236101744114 0.0 0.0 -9999 -9999 -9999 -9999 -9999
27880.666541512488 12041.61738265942 11968.473146406363 0.0 -9999.0 992.0686593920013 7082.749863071301 42381.51994352492 46091.78581293582 96698.3009773565 61500.84343925996 38120.05791647963 14624.011793348545 15337.295957892115 30219.80606186884 37855.867166481396 25309.52472299258 12168.06460537808 8101.042979960282 3359.644271012631 1551.823978125259 2867.0641791575545 9730.880342809538 5307.100539632185 11471.99985022604 27385.582874032178 41381.76823234967 40372.13687716509 19070.4072698721 17067.158078194232 22542.312166651616 33553.22400530738 31615.80640606979 10456.960358017543 5236.99748613687 13713.738473968948 22819.023503433353 85281.0024263932 106250.58339482942 52168.07237250474 0.0 26634.716930993407 25748.117050301524 5503.793927003406 0.0 0.0 5699.66837426 3667.721156686592 7042.3095199538675 14797.979678042375 2567.1074811663534 0.0 -9999 -9999 -9999 -9999 -9999 -9999
