critload/trunk/output/1999/nload_fixed_nat.asc
ncols 720
nrows 360
xllcorner -180
yllcorner -90
cellsize 0.5
NODATA_value -9999
[rows 52 to 77 of 360, columns 177 to 235 of 720]
43337.061749786815 49662.23015771313 28697.334110514075 782.7370142072216 -9999 -9999.0 -9999.0 -9999.0 8130.913537617058 37846.752411962516 39919.00749220499 34816.98740405865 57562.94347224578 51948.874111639314 42122.97345283921 20237.202949891715 960.8164373837214 -9999 36687.090676635955 43526.405216319676 58870.41070590241 48558.77357951184 5047.979862327228 -9999.0 -9999.0 -9999.0 -9999 -9999.0 13062.371011500982 6751.669375045884 -9999.0 -9999.0 -9999.0 -9999.0 -9999.0 -9999.0 -9999.0 4564.66431189468 26308.65185148764 35500.38368599215 59625.973151254344 73392.31916517219 72107.1790494012 72360.85900661499 72747.20017139784 42606.31347174664 47414.81927462525 52524.54331335217 71201.85949421613 72019.57180500227 63210.17946133163 47328.27135181103 34199.63979912106 23257.63157760233 3027.254773978567 -9999.0 -9999.0 -9999.0 -9999.0
71540.31807923719 28387.8908879732 -9999 -9999.0 -9999.0 -9999.0 -9999.0 -9999.0 -9999.0 -9999.0 -9999.0 9660.139344595389 38116.686251087485 24510.622771252554 -9999.0 -9999.0 -9999.0 -9999.0 -9999.0 -9999.0 -9999.0 658.8767795995665 -9999.0 -9999.0 -9999.0 -9999.0 32599.334042229122 37477.738860084166 1865.7221244836371 10448.528662261691 -9999.0 -9999.0 -9999.0 -9999.0 -9999.0 -9999.0 -9999.0 -9999.0 -9999.0 16568.219718019787 57229.419253377644 63596.808296505056 74353.82024564609 66572.98733295099 66253.73672272621 63468.16067841725 34218.28450996955 11517.374395686229 16844.504427445037 42391.954470246485 61040.78832609874 59875.11943642752 49732.421659179796 17356.67946912372 2956.063627113314 -9999.0 -9999.0 -9999.0 -9999.0
17604.325666291585 3712.582349313476 -9999.0 -9999.0 -9999.0 -9999.0 -9999.0 -9999.0 -9999.0 -9999.0 -9999.0 -9999.0 -9999.0 -9999.0 -9999.0 9275.926249099613 41082.76750719045 43141.20538008124 45524.649700377646 2586.923407028932 -9999.0 -9999.0 -9999.0 -9999.0 -9999.0 -9999.0 -9999.0 2733.526992188904 6976.452812436189 -9999.0 -9999.0 -9999.0 -9999.0 -9999.0 9206.1534809147 -9999.0 -9999.0 -9999.0 -9999.0 -9999.0 -9999 28806.381848356406 38209.502056363686 29963.252842657348 60976.1735677274 67502.52122984779 67736.29116601653 56277.20662541167 24760.85013665063 1817.4059066902696 -9999.0 10631.235644900398 24062.670356610713 9093.340602849028 247.71731213631455 -9999.0 -9999.0 -9999.0 -9999.0
-9999.0 -9999.0 -9999.0 -9999.0 -9999.0 -9999.0 -9999.0 -9999.0 -9999.0 -9999.0 -9999.0 -9999.0 -9999.0 -9999.0 -9999.0 23061.513765493968 29725.58881416426 18181.856618431822 -9999.0 -9999.0 -9999.0 -9999.0 12739.003050106154 44751.00731706085 13320.166761918663 -9999.0 19329.11980698741 85369.90215365663 95310.01083257071 92688.09043913425 76815.25802251598 53299.78927310657 57650.75930802501 45345.80741948738 59951.78555480315 88527.89679289401 59067.55740910907 21839.093073593966 -9999.0 -9999.0 -9999.0 -9999.0 -9999.0 -9999.0 4897.874142977038 22239.17313384792 34620.93537082003 43825.81353678694 53338.83231900543 42083.81709184083 29696.11211117863 -9999.0 -9999.0 8623.849984152741 729.3094859652094 -9999.0 -9999.0 -9999.0 -9999.0
-9999.0 -9999.0 -9999.0 -9999.0 -9999.0 -9999.0 -9999.0 -9999.0 -9999.0 -9999.0 -9999.0 -9999.0 -9999.0 -9999.0 -9999.0 -9999.0 -9999.0 -9999.0 -9999.0 -9999.0 -9999.0 -9999.0 12994.435760315971 40113.93863974406 1086.123211653863 -9999.0 5038.50210263927 72330.84260518286 112596.642427354 109865.27265613525 114693.89544958319 100463.59935184219 115869.54570167705 112604.95780547442 114531.58738385601 116879.35276744905 115411.1561166033 93175.74812198074 66212.64831456276 22597.633495633683 -9999.0 -9999.0 -9999.0 -9999.0 -9999.0 -9999.0 -9999.0 -9999.0 -9999.0 2841.5620502748966 15654.373851213519 -9999 19587.937165508178 9044.434444112265 -9999.0 -9999.0 -9999.0 -9999.0 -9999.0
-9999.0 -9999.0 -9999.0 -9999.0 -9999.0 -9999.0 -9999.0 -9999.0 -9999.0 -9999.0 -9999.0 -9999.0 -9999.0 -9999.0 -9999.0 -9999.0 -9999.0 -9999.0 -9999.0 -9999.0 -9999.0 -9999.0 -9999.0 -9999.0 -9999.0 -9999.0 -9999.0 50337.47052391782 114639.93228248299 118352.96447449278 112515.49635948072 107280.48127778931 115041.78379369083 113260.86904096561 116152.30770526758 111695.71152930248 112340.18786086465 119012.02175731548 117720.96179256914 81234.80402915925 31242.717875350754 13162.480448266333 9685.374575793161 5102.399725672239 -9999.0 -9999.0 -9999.0 -9999.0 -9999.0 -9999.0 -9999.0 -9999.0 3392.5899885171357 10018.325391162134 -9999.0 -9999.0 -9999.0 -9999.0 -9999.0
-9999.0 -9999.0 -9999.0 -9999.0 -9999.0 -9999.0 -9999.0 -9999.0 -9999.0 -9999.0 -9999.0 -9999.0 -9999.0 -9999.0 -9999.0 -9999.0 -9999.0 -9999.0 -9999.0 -9999.0 -9999.0 -9999.0 -9999.0 -9999.0 -9999.0 -9999.0 9678.035600267243 59078.64807959365 118809.37544176784 115203.93415397232 107989.04699312038 113238.30357542838 112518.66362791884 112148.64621004676 111292.92679384306 98657.52075727996 113178.8903345922 126843.77462537674 127290.79031217172 122271.55821811252 122285.99728747309 123234.33536311562 114325.81026312325 67911.38456124841 6888.162180977153 -9999.0 4460.008566807267 684.4496674479981 -9999.0 -9999.0 -9999.0 -9999.0 -9999.0 -9999.0 -9999.0 -9999.0 -9999.0 -9999.0 -9999.0
-9999.0 -9999.0 -9999.0 -9999.0 -9999.0 -9999.0 -9999.0 -9999.0 -9999.0 -9999.0 -9999.0 -9999.0 -9999.0 -9999.0 -9999.0 -9999.0 -9999.0 -9999.0 -9999.0 -9999.0 -9999.0 -9999.0 -9999.0 -9999.0 -9999.0 -9999.0 -9999.0 11082.224641358309 88830.21397602097 122622.99793613737 113950.20175334212 115706.15321268843 97999.5417053899 111548.79432120419 113535.46458660038 105380.93207541737 122093.44668148109 127965.32485293517 127373.39010098153 125783.60441524717 125705.54336746587 119899.65930557043 117959.34313698343 59948.224614206 -9999.0 -9999.0 25676.288632471147 6694.914692334901 -9999.0 -9999.0 -9999.0 -9999.0 926.2961157858317 58513.75088939632 5573.8651310948435 -9999.0 -9999.0 -9999.0 -9999.0
-9999.0 -9999.0 -9999.0 -9999.0 -9999.0 -9999.0 -9999.0 -9999.0 -9999.0 -9999.0 -9999.0 -9999.0 -9999.0 -9999.0 -9999.0 -9999.0 -9999.0 -9999.0 -9999.0 -9999.0 -9999.0 -9999.0 3002.2522257776086 -9999.0 -9999.0 -9999.0 -9999.0 12896.55038141891 96555.680567782 123409.54139928675 125973.00492576638 127003.07188669768 117910.26424933506 111332.74369756122 115706.12436171497 109694.6576092692 125008.72965710396 130570.00553797554 130041.30032905526 124963.98758214008 130378.43721227873 128203.81440656222 122377.97150251285 74357.33222613315 -9999.0 -9999.0 -9999.0 -9999.0 -9999.0 -9999.0 -9999.0 -9999 55133.9576016331 110380.73340777704 50592.256655504796 6033.214856769374 -9999.0 -9999.0 -9999.0
-9999.0 -9999.0 -9999.0 -9999.0 -9999.0 -9999.0 -9999.0 -9999.0 -9999.0 -9999.0 -9999.0 -9999.0 -9999.0 -9999.0 -9999.0 -9999.0 -9999.0 -9999.0 -9999.0 -9999.0 -9999.0 -9999.0 -9999.0 -9999.0 -9999.0 -9999 14815.017331532963 89901.27005554899 133769.06060117023 129062.74365766517 133221.84770340577 130477.00687715539 114806.7384741522 127225.58897507882 112462.62663752782 112376.22969771903 127518.7624436745 131325.5488820565 128066.54510921397 121860.56680812486 132693.71610835046 132569.96825602054 128785.45409096581 99962.81044438519 21034.621150966763 -9999.0 -9999.0 -9999.0 -9999.0 -9999.0 -9999.0 11059.522777877695 99065.8008809575 116863.08604595679 98252.87244879638 46250.46610817244 5301.860157643339 -9999.0 -9999.0
-9999.0 -9999.0 -9999.0 -9999.0 -9999.0 -9999.0 -9999.0 -9999.0 -9999.0 -9999.0 -9999.0 -9999.0 -9999.0 -9999.0 -9999.0 -9999.0 -9999.0 -9999.0 -9999.0 -9999.0 -9999.0 -9999.0 -9999.0 -9999.0 -9999.0 2820.0934595046515 95711.47321263561 122101.36800559658 131779.7324314799 137551.3383055168 133321.1077984733 128714.03493086642 131728.71723762562 134012.61945059412 135066.1016205561 129752.54708727456 131683.79964218324 128909.4740879635 128662.78830751477 125030.32542114335 134835.5353242816 133914.09562605317 128838.00244350378 74188.35298746539 91826.31415216358 93560.7583785347 25436.623445043297 -9999.0 -9999.0 9825.410206848996 51607.24764641865 69190.60496710002 116222.54632563224 117784.25616069122 112969.5369843761 102322.50250887897 63799.62888452489 7802.387376548077 -9999.0
-9999.0 -9999.0 -9999.0 -9999.0 -9999.0 -9999.0 -9999.0 -9999.0 -9999.0 -9999.0 -9999.0 -9999.0 -9999.0 -9999.0 -9999.0 -9999.0 -9999.0 -9999.0 -9999.0 -9999.0 -9999.0 -9999.0 -9999.0 -9999.0 -9999.0 -9999.0 7669.611185665913 50912.39780419737 107470.04043018886 140222.36912505628 135449.8414122719 137627.86387653562 124251.32217678412 139571.43411857443 137847.67599215472 136346.32443709206 139345.72512122896 140041.64089770967 141451.4225997622 138610.85918867917 137583.01558135834 136516.17246932 135880.3201309726 124916.69021786944 122666.21412923058 115899.89766109266 68227.86836608294 48901.874914211985 51861.94161571264 113249.7617648288 108189.37234559926 104466.42434158223 118589.09190480883 117726.01762381858 117236.02481226323 111825.1471842285 94844.0235204521 73347.60381007436 4687.805528212294
-9999.0 -9999.0 -9999.0 -9999.0 -9999.0 -9999.0 -9999.0 -9999.0 -9999.0 -9999.0 -9999.0 -9999.0 -9999.0 -9999.0 -9999.0 -9999.0 -9999.0 -9999.0 -9999.0 -9999.0 -9999.0 -9999.0 -9999.0 -9999.0 -9999.0 -9999.0 -9999.0 -9999.0 3774.922998427669 104371.61674023737 144159.022640045 147111.22450474984 146733.86801959667 141709.42940054362 145213.4152287759 145517.60799287606 146773.96173499883 145022.69849415575 142979.29785541908 140462.72277566104 142133.7240352197 140448.15207798054 142544.7518611478 138570.5269148602 89401.84576632081 88951.98041477957 91573.39134288023 83236.57289685591 88304.03029235844 82838.61316143899 124440.93843470835 132833.9890609167 130719.37841900338 123622.60934710447 121703.7355887883 121014.83561714223 118281.45197679024 121140.25189236263 81848.53260994528
12340.214715780286 13671.14990039149 6100.25758205049 -9999.0 -9999.0 -9999.0 -9999.0 -9999.0 -9999.0 -9999.0 -9999.0 -9999.0 -9999.0 -9999.0 -9999.0 -9999.0 -9999.0 -9999.0 -9999.0 -9999.0 -9999.0 -9999.0 -9999.0 -9999.0 -9999.0 -9999.0 -9999.0 -9999.0 -9999.0 26915.74507481031 135820.65933031653 151179.714629602 139926.74555763844 131672.20247607774 144065.75284670622 146074.68556020755 144471.51021725952 140623.5605728195 141376.0118706773 140013.98128220765 139555.77065702085 137912.85252995457 136544.9615434813 91739.47915244152 91396.08779010196 85818.29002582615 86340.72964994355 88658.8380321928 90614.99208000727 82202.66230935905 81364.27418241231 127560.26275935421 130800.5485039771 123980.19633574571 121679.33554460312 115590.00736198718 123247.68393699484 115641.72675042166 95502.681151705
37149.245826035425 40633.118100367974 36452.96949717269 33901.29281393516 27731.914194974026 15598.116990233375 2410.195758065883 -9999.0 -9999.0 -9999.0 -9999.0 -9999.0 -9999.0 -9999.0 -9999.0 -9999.0 -9999.0 -9999.0 -9999.0 -9999.0 -9999.0 -9999.0 -9999.0 4086.9305529255694 2580.471087620782 -9999.0 -9999.0 -9999.0 -9999.0 -9999.0 142260.20606343079 156712.6412731051 157020.4880489788 156169.96157499411 151098.651046577 143439.62180176153 148813.97413261005 152271.92961868047 151838.8615405623 101318.56520060415 147940.64586296404 145352.86559471732 98910.39179047567 99339.86489156315 95440.20620221409 95870.71273807505 91331.40497133367 92061.59701409479 39218.62882153787 38176.887545847116 41963.35196424507 131866.36799561378 137370.2028129421 137416.98550903014 125974.12898559913 120224.26100639945 126688.02440309546 117372.17664712008 88213.83339599708
36946.74287054465 42658.49517106338 41861.489967008674 42479.63685813832 40907.40418098784 41855.56926130739 52588.320492295825 18314.458822943427 -9999.0 -9999.0 -9999.0 -9999.0 -9999.0 -9999.0 -9999.0 -9999.0 -9999.0 -9999.0 -9999.0 -9999.0 -9999.0 -9999.0 -9999.0 15856.588207213319 24354.581322405418 14409.967754116598 -9999.0 -9999.0 -9999.0 14263.612394926206 67896.82084197711 157195.8186950431 158117.71531160554 119546.8366394275 106727.4217774429 145408.42428960573 144842.78450829987 101057.57401415278 100629.36684086491 99664.80518866751 103242.9245726678 99186.32779761577 96896.14458248725 98588.82746223581 95174.95609614499 90298.94277591008 92741.51906707716 82286.88212160763 37316.43468449797 39375.76222909023 39646.23870849366 45423.03256802672 81887.59542765787 132018.48876272258 120263.57108835428 123505.58864162785 131289.6318182775 125424.0940953043 104055.25543081622
42563.77214220236 41884.90658947063 41666.66580017706 41465.20520212176 46616.40795426336 45829.32427488666 63133.25518295862 56623.23206423987 49843.025100131235 36582.00796631351 19630.27742760933 4752.207103287702 -9999.0 -9999.0 -9999.0 -9999.0 -9999.0 -9999.0 -9999.0 -9999.0 -9999.0 -9999.0 -9999.0 5625.812782622778 509.0497927144547 -9999.0 -9999.0 -9999.0 21291.46611847262 134892.24717713002 157603.42685301194 111241.58657133982 114581.38113137017 115354.37866135637 105345.04208269116 108822.98086909609 101827.52376330891 105897.75419384269 114296.7083486817 114034.00045335387 113453.93099779813 109757.8257894419 109315.07055189907 104304.8402294216 103106.328782205 102943.70680037481 105211.86880703272 93894.91053844197 89201.97569600419 43611.98789954326 44180.37558708836 40024.3096350712 93539.18324144155 90303.85248325656 76296.92330524487 127622.25217962371 121115.64297487693 137050.58535545596 132674.42035315617
43008.616666839334 43973.92508013034 44729.16019045637 44857.43320045948 43956.285021835385 42539.753198823775 41394.51533928721 60165.58868287574 53294.99502751275 47924.40206023037 46143.6949554718 56437.08107484784 24373.706139614857 15799.127149140708 16966.26478679259 17249.976541335553 12406.22453637116 9379.455361489418 2023.6200337889381 -9999.0 -9999.0 -9999.0 -9999.0 -9999.0 -9999.0 -9999.0 15785.980272890993 64511.65127073967 106198.94842598397 116686.05501158402 116218.98562815857 121086.11873868477 118843.37059819819 117848.67537198827 111979.9977611795 111940.67793701669 100285.16020152395 82877.71404509644 105934.16633551221 111525.99580092519 114674.88905393363 115815.0089905596 105268.81311231264 107872.06832960552 104810.28442242803 102038.76307756263 102363.59244408073 105916.65902934979 104769.70395947246 100003.8087069583 101601.80563509733 48391.59339640706 105278.80503915797 97166.68538734264 82036.88252377264 83581.6988345701 132091.55349064895 130285.9555252295 90644.11750651523
116219.50694301254 111841.30712574939 52218.61590227201 49207.9195894387 49190.5006697857 49386.073723987894 48725.26732603781 64094.424191492275 63642.2392079011 42001.25399699043 45353.2121728234 46706.0090780761 40447.59052516992 40674.91065780126 48639.631497217655 44382.223849665876 48395.77980625152 43732.09735048955 15403.53603056599 -9999.0 -9999.0 -9999.0 -9999.0 6489.75070516414 61484.00613733742 91046.77860865684 95769.21166639849 121170.43413254886 124411.22728845295 132411.8161192163 132725.07081867143 130993.69250644285 118065.70889758896 125155.9557241775 122206.09972928335 125698.1770753859 118628.04625517997 116188.63214454401 127128.74017364848 125497.30983505148 126402.29520776792 116422.9491651396 48467.347377433434 38636.85850555754 39757.91903290923 114669.92937618824 113292.51926826642 112725.83372086518 109250.69934656387 107066.8521307265 99980.57079049433 107272.75404773212 110090.32635815877 102883.03575960522 96150.34486478647 99621.47631759828 102146.8414522696 99582.98278923865 92271.63940518803
110420.84239907734 107500.91476825667 115477.83166490684 77678.39657569908 78272.24278528019 74747.97624015914 69890.64593866703 46854.66712552613 48391.00044189395 48021.807630399766 48625.45822850412 48435.66811986129 40290.68457822889 46427.9008282269 48392.4727098983 47845.51641755755 46328.448634258086 45457.17359418348 9861.980655330992 -9999.0 -9999 -9999.0 -9999.0 -9999 69158.08321824006 127373.63988939591 125112.40019920874 119427.43041053746 130529.52696401445 127630.17656277488 115885.52854152102 122716.59390812261 128102.32553624653 126916.91639907491 126612.22170916632 126053.50759431395 117869.58998036571 128289.99077878315 123725.31342312174 128296.5527796726 129730.87580398262 125821.4023243743 100542.87126716184 32095.064719406007 48891.06685730072 53356.825983041424 114172.76971393642 106337.86136822631 113914.32592054314 101436.46288813466 107021.33582674815 104989.9375156095 89835.17006039806 85852.71697366753 50057.64579085807 76878.88889696989 87628.14345754666 102071.28768316444 95602.93754196636
115518.25846139545 82064.10224873963 72189.31713565772 69250.44594784618 88744.78734552587 88606.15480515065 78961.47658449846 79945.89004320426 57987.50513459433 54428.38335989232 49827.28372105385 53963.969327437786 51140.667709935035 53317.3099370147 51750.07618518947 54413.219565242725 54353.17268397522 49612.114077082995 26402.34858347839 -9999.0 -9999.0 -9999.0 -9999.0 -9999.0 8453.336416223554 60583.00458066166 145225.2903370764 134675.24625739048 98853.23950936215 99036.64883682648 137763.64480923468 97501.29649417233 94552.3506125621 124341.69153047577 142332.1440032044 143311.65274089493 118328.61769441736 144404.26760350124 142637.13657084893 137806.09018470123 136976.6987435034 137674.95048712596 135537.7651671225 132707.1225749543 136089.24043386115 127256.44002100841 111722.67233563084 121075.95016868757 125301.17042520229 121007.94312338518 121567.97138920065 114978.40219921868 81722.47680994603 85701.80542810816 94035.27307810569 84602.62662838477 96512.39082556893 94409.3341081873 98330.0509504047
93411.18529691121 84270.71200901203 94267.40608417471 87923.15670280368 89438.73238360621 88305.62707150368 70784.46252384584 77920.77822368869 81760.15077489376 58595.05145684261 55320.16507831702 51495.86137688373 49895.72394074361 52258.14525238981 54057.85963307676 54428.611942704214 54576.23054633882 49492.22560994009 25156.583362362624 13661.732228169272 15222.395806925933 1134.9262673956014 5016.084941254154 -9999.0 1145.6770020030006 48154.105699164145 60841.29725201444 61012.37422923813 143860.04243995514 134026.24941572192 148615.9401087276 144261.10649509015 149481.84495728603 147713.35689013216 146440.88084192728 150401.74779602967 149153.55598347876 146268.0303060399 144935.8269538195 138336.20490318752 132637.83269787405 130541.62942726197 140883.4173525017 138022.90236130744 130343.57095469242 124891.11712229348 111766.4910025043 106296.22635474392 121673.23816785234 115045.00232851625 122560.55313801886 122676.95008445694 116319.18828165872 105916.98501595133 114077.23171503062 112105.30117699846 109759.02541800682 107367.31336495715 105887.83518995332
145710.56034910431 118661.89510916246 98672.11992709058 85236.8748519037 83890.50697912106 81099.39063333902 85881.35767451081 83135.54075000167 86996.52870885238 61552.24143161648 60178.619071617875 59147.66983150703 58051.76557833963 58282.715854945374 60253.53689335031 59981.49844677537 59418.564804290545 54051.80003904015 44194.11883616812 15443.195556736766 17836.1633978852 13438.048342341084 -9999.0 -9999.0 -9999.0 28661.0229581318 70476.32742753363 67256.75081479046 69821.99910251187 69048.98031803897 149200.16364734407 168617.15934254698 167560.94048587332 167802.89102359425 168824.13200077214 164225.7238084914 164278.1140114978 161669.80800435724 161777.7322819618 154936.5427215322 152054.08194708583 140580.56453427247 152811.59345109027 149400.77271510137 144968.70185245737 140892.72565052417 138100.24443395378 136386.07778587798 140825.78438960883 134210.4859671396 116288.07730238323 130261.09380639694 112173.21057113331 119654.99434142196 120943.49042151075 117334.10601609077 115630.15444231812 117206.32371878492 114704.092834449
160337.68181878727 156335.28044546375 152815.558191586 142479.83476323058 155770.86743877406 98671.77935630592 97040.81681865724 90832.7471634324 99011.39646320768 63085.1013175135 57380.931303410085 57146.068257642415 48458.38637819799 45530.68301950493 43195.18902113228 41126.28575518891 56523.57892128719 56332.19926622376 53066.41360507938 45738.93784857522 6313.390174438086 -9999.0 -9999 -9999.0 3565.510739561399 5583.180286591407 68369.72895339354 69312.02545901903 69602.27500438604 68413.807919349 165364.16313447084 173857.47095479124 169268.91162209172 173467.84960344716 174308.97448035405 172639.7879175129 167601.25363570062 69629.38058202452 163617.83093182425 157985.84774275785 157212.35494772752 153213.9940431668 159240.30187872887 153274.59910177506 150869.33085033446 141354.14211896938 137126.61133358648 138527.45879331717 140584.18905859452 145013.17007921162 138322.4291614363 141808.67570746937 131524.70919356067 125409.97894994478 129041.32177782411 112540.31149274694 103384.74673672677 111462.53130762499 112699.93621212733
174294.1043547113 145532.683968255 180024.09456697598 184766.53917914492 182735.74955280378 168280.2512947885 167767.67646412013 160561.93253661404 167006.01976908252 40185.89471167763 50035.94511183879 49043.933051863416 64126.59281986517 53510.58511083286 52008.41307652075 49299.14999395664 49869.91575323496 59737.84755376158 61119.93110523258 62792.00159596015 58501.75841251253 46053.08212182124 -9999.0 2048.8763494634845 6110.133861289337 49351.53821392841 79447.4833491174 81833.69530564999 79372.38826129817 186418.34146802448 187002.09612138142 192672.04420707235 191741.71673838384 195966.1927183487 194640.09051824975 193867.7541781246 194037.85811156224 195261.93046882513 192695.2242993088 187597.83007002482 189612.8835898282 182789.3473219426 156210.80067002054 172853.50515557276 162330.77792378067 149839.76873609432 146496.5464325331 136986.92938288845 154144.76801212007 158027.62689688822 159896.4654256239 159240.16926728154 149209.89123154324 136196.83797030797 136150.83769709163 127445.05464890765 121427.12280480682 124919.12923175562 117364.22089572337
144320.1721245092 142364.3749483682 156846.6193072412 182970.54894512726 187216.26454972476 176788.9247067723 174247.39005981077 173980.81750764418 172228.55705086066 165250.67818350217 40785.12580728395 48979.4473657928 49864.472194921276 40006.53214664787 38684.28726636958 41306.051721997654 49252.82719196247 48223.35887606475 47407.314407587444 49174.41114384042 95154.71904744081 77911.34104957801 24796.399759756703 24598.29396871864 49673.58422488023 41689.847394570104 57527.89871138309 60024.050512250455 57372.37410695357 186278.33138017857 190776.47950923385 191952.31262410426 191020.18590270865 194106.7359082344 195417.52446924505 177175.56084531522 129840.68723685472 176329.53796163038 187804.60055822294 181091.23822654618 191192.5514750681 188931.83782608915 184884.30498575876 177737.52451203842 165398.37960194028 148159.27405351854 134470.18965351483 149002.09733428524 156256.26640813597 146229.7347058143 143148.5742067547 146530.0334956596 149282.33070488644 134489.89384891785 128127.66163701998 118747.31089521313 116368.88397644564 119805.31019517084 112933.99890310694
