critload/trunk/output/1999/nload_var_ag.asc
ncols 720
nrows 360
xllcorner -180
yllcorner -90
cellsize 0.5
NODATA_value -9999
[rows 216 to 242 of 360, columns 620 to 681 of 720]
2654.60665995 2038.9809531 821.506235895 1702.21828875 1995.4954065 1582.325388 669.50873361 4876.57004065 1810.05263332 1820.71079686 1578.992793 1775.414142 1194.39596036 11443.739442764274 4218.15408484 8713.89413494 8655.5069028 4325.52872306 1216.39361382 2011.7156879072459 2343.1456044 1752.27083622 778.1891425908854 700.540193788 2023.42181265 3206.15402147 5120.273525787894 4126.316411051789 5427.632966632151 53052.38690058032 18596.854394858794 81914.09394807793 13618.69500057093 -9999.0 -9999.0 -9999.0 -9999.0 -9999.0 -9999.0 -9999.0 -9999.0 -9999.0 -9999.0 -9999.0 -9999.0 -9999.0 -9999.0 -9999.0 -9999.0 -9999.0 -9999.0 -9999.0 -9999.0 -9999.0 -9999.0 -9999.0 -9999.0 -9999.0 -9999.0 -9999.0 -9999.0 -9999.0
2168.3737233 554.5478601 1062.28323099 1128.218379 1856.69874255 1681.7651379 1360.02812175 2806.1770275 2429.513358 2275.60595797 2506.311774501184 2005.05719542 1403.558772 5257.28420943 2805.57844425 3484.19743575 4524.96794509 14218.724690156505 6004.620670942699 2738.18053411 1937.37720011 2196.46455449 965.127824568 853.268826238 597.9471111 4193.4233646 7643.00297698 9236.5387173 13017.785593 15923.162672561135 8759.6568591 18381.86931908982 78626.20870648047 -9999.0 -9999.0 -9999.0 -9999.0 -9999.0 -9999.0 -9999.0 -9999.0 -9999.0 -9999.0 -9999.0 -9999.0 -9999.0 -9999.0 -9999.0 -9999.0 -9999.0 -9999.0 -9999.0 -9999.0 -9999.0 -9999.0 -9999.0 -9999.0 -9999.0 -9999.0 -9999.0 -9999.0 -9999.0
1520.0679945 1212.87520838 1750.35122385 2231.692782 1829.71648725 1665.5999838 1224.29046416 2570.96594415 4101.54131625 1429.6305231 2284.53435961 1232.32882752 1311.80334097 1738.1836215 1345.62804798 1296.0814752 6694.07952406 9824.44601295 17217.70892331174 9964.3251098508 2834.19366061 2278.26127221 997.9948555636391 420.526955475 757.8442404 773.855534865 24965.4655421 8774.74978545 13400.0704672 9531.7420278 6236.927480273774 7423.56643462 37307.84095741763 43350.988741969624 21701.878604606318 -9999.0 -9999.0 -9999.0 -9999.0 -9999.0 -9999.0 -9999.0 -9999.0 -9999.0 -9999.0 -9999.0 -9999.0 -9999.0 -9999.0 -9999.0 -9999.0 -9999.0 -9999.0 -9999.0 -9999.0 -9999.0 -9999.0 -9999.0 -9999.0 -9999 -9999.0 -9999.0
658.51760994 1595.59489987 2506.62067875 2229.7260744 3028.2577785 2577.58719675 1364.9756175 642.42570111 2855.14294163 1701.50757038 1165.85295557 1300.29637129 1523.03357587 2415.90058969 1600.48806982 1512.14627587 3202.31767125 5601.2642858 8033.150061 17157.361010213874 5626.12108824 2063.37027283 1684.16253447 727.202663092 907.50126792 1590.85048751 5371.7369196 10025.502604 8819.0641224 8168.03903977 23069.743015061114 20338.160228416284 13133.547028681045 38475.74628337824 192976.89150572804 13787.811632701094 7156.504311449948 -9999.0 -9999.0 -9999.0 -9999.0 -9999.0 -9999.0 -9999.0 -9999.0 -9999.0 -9999.0 -9999.0 -9999.0 -9999.0 -9999.0 -9999.0 -9999.0 -9999.0 -9999.0 -9999.0 -9999.0 -9999.0 -9999.0 -9999.0 -9999.0 -9999.0
941.193894915 1753.4278269 3100.42778632 2245.9294071 2986.2446688 2819.048316 1164.23854657 377.108066325 8343.21903574 4250.593614 1625.75266612 1105.60756336 2559.94835451 2794.6447596 3028.5973859702676 2583.68707046 2719.957587 5751.72142864 12595.748806 18785.6026827 7494.90020734 2340.35235361 2511.01549494 1457.26542 1404.82892987 1414.7613711 5366.37250511 7306.0630834 10323.4578075 9725.0865816 11926.52835473336 7973.74058514 40489.97366413899 3810.048216539061 32586.6179142 56101.339557789266 87669.48764539196 57368.62731022586 -9999.0 -9999.0 -9999.0 -9999.0 -9999.0 -9999.0 -9999.0 -9999.0 -9999.0 -9999.0 -9999.0 -9999.0 -9999.0 -9999.0 -9999.0 -9999.0 -9999.0 -9999.0 -9999.0 -9999.0 -9999.0 -9999.0 -9999.0 -9999.0
843.895056285 1773.9417663 1638.37572937 1638.25292565 1106.75880822 2308.07082135 1362.19459185 675.210407865 4097.93749657 12709.5324564 9652.18734022 3927.34205902 858.980621565 2367.60578496 1538.01680175 2922.71373803 1894.21776075 3992.82296151 9397.23328318 14368.8591075 15614.5150548 7716.64537858 1871.9181804 1888.7265873 1371.4777311 2883.37687281 6263.4509416 9027.81693202 16824.0984366 7461.2796738 5531.2772733 3123.4390068 4308.372448166792 12998.233538765722 3359.6068830409013 25232.7960378 65468.56539384319 99784.39915817542 -9999.0 -9999.0 -9999.0 -9999.0 -9999.0 -9999.0 -9999.0 -9999.0 -9999.0 -9999.0 -9999.0 -9999.0 -9999.0 -9999.0 -9999.0 -9999.0 -9999.0 -9999.0 -9999.0 -9999.0 -9999.0 -9999.0 -9999.0 -9999.0
2447.66403729 1004.47155276 1032.86732856 729.913515975 590.435284433 877.76141079 1166.08932358 2713.42927995 1694.278782 4427.685972334362 11025.2242431 2484.1556433 2443.696546379846 3460.64170485 3028.72306275 3170.16175553 1737.08834145 1022.9033168 7126.83462116 9790.7744634 10385.0736365 13828.946507425318 2004.35246595 2179.62633488 1680.17733975 1843.0269951 2331.56688555 5726.49605172 4518.8089128 2714.337421865636 2958.81684405 5626.5111137 5663.618466051475 11398.589689209779 14966.332241706561 10120.580344805321 41941.848461680915 194355.21429070676 119754.6718144923 -9999.0 -9999.0 -9999.0 -9999.0 -9999.0 -9999.0 -9999.0 -9999.0 -9999.0 -9999.0 -9999.0 -9999.0 -9999.0 -9999.0 -9999.0 -9999.0 -9999.0 -9999.0 -9999.0 -9999.0 -9999.0 -9999.0 -9999.0
747.426932955 857.516486887 662.00941719 653.56738326 2973.80827957 6656.4792945 7456.82806638 6033.37110863 4512.18936622 1726.76037825 1493.8501869 2205.5672655 3196.89550267 3842.60133555 3875.55963795 4429.9473018 2192.44428369 1121.22084316 8835.73673903 8720.65357845 5977.8540495 10123.240032618114 7421.04177975 8879.75112024 4117.90426292 2664.05977125 2427.22619625 2864.79283035 2945.71090732 4760.898263346166 3119.441265650376 6008.22579154 7695.05097312 5738.983037917373 4818.077370861612 6057.131193238179 19722.513236570638 32009.302356283722 30501.8002959 -9999.0 -9999.0 -9999.0 -9999.0 -9999.0 -9999.0 -9999.0 -9999.0 -9999.0 -9999.0 -9999.0 -9999.0 -9999.0 -9999.0 -9999.0 -9999.0 -9999.0 -9999.0 -9999.0 -9999.0 -9999.0 -9999.0 -9999.0
1020.77847907 5664.03976207 5841.62231872 7818.06531492 6684.23989867 17943.99940935974 4480.2574074 1839.12723697 3652.93642275 3063.64056075 4800.35127112 7156.49884034 5743.157068466943 4703.017465501339 3409.59647415 2781.01382508 2375.2904901 1950.0698163 6329.749521503026 4737.88965249 3736.11734752 3011.52672345 8935.31412393 9468.3158724 7598.29490964 2509.94175105 3740.950821 2999.74191165 3182.82454912 5099.381352549952 5076.501503368665 5070.8237826451 6506.284543496996 3943.7893694230224 7515.979747113723 36183.48527264441 12460.042256541989 7237.493864337271 35016.761011459974 6044.19274932201 5224.146811498119 1800.49417674 -9999.0 -9999.0 -9999.0 -9999.0 -9999.0 -9999.0 -9999.0 -9999.0 -9999.0 -9999.0 -9999.0 -9999.0 -9999.0 -9999.0 -9999.0 -9999.0 -9999.0 -9999.0 -9999.0 -9999.0
1176.83081145 2599.02732255 4675.50665505 6388.7280435 3904.037582017628 5380.1376961992855 6769.176056623035 1742.3043072 4365.65867406 4436.33408789 5548.92854533 6695.6850399 7721.62394063 6012.11926359 3698.563173 8826.22617834 5410.7579532 3059.38724322 3714.2411083 3413.81580754 3844.72973726 2419.726008 4907.7260196 3608.79062805 5118.70203682 4050.9999465 9516.38774856 2767.27916775 4796.34842805 4141.86249852 6006.548731459256 5502.996582421495 5975.32078395 9655.307236463153 8896.31191878 44600.77931064712 32604.03617932251 9673.616357170964 28641.63696084693 31333.866636794377 13252.7321526 2340.23022866 -9999.0 -9999.0 -9999.0 -9999.0 -9999.0 -9999.0 -9999.0 -9999.0 -9999.0 -9999.0 -9999.0 -9999.0 -9999.0 -9999.0 -9999.0 -9999.0 -9999.0 -9999.0 -9999.0 -9999.0
2166.03381713 2183.99086185 10970.4799116 11242.677474 9497.85368888 18554.1847705 7013.599913196925 5943.72095455 19228.530127048703 23198.7724522 28457.1267684 2396.90445799 968.76463752 989.396733938 2234.12766555 5985.19120338 3432.1193874 2818.12604412 4019.3725725 2464.7776944 1423.9358712 3231.90603855 3352.1903955 2523.64181175 3800.01127005 5778.49312622 6710.59941465 5010.25086481 4954.03291874 4026.61600906 3311.055693594117 6007.98138381 7646.22486461 5491.2881556 20915.020797876932 8812.139523979333 42624.02929907104 11078.154541878082 11650.723325726523 25336.874925498134 45409.05608669926 15202.03573302983 -9999.0 -9999.0 -9999.0 -9999.0 -9999.0 -9999.0 -9999.0 -9999.0 -9999.0 -9999.0 -9999.0 -9999.0 -9999.0 -9999.0 -9999.0 -9999.0 -9999.0 -9999.0 -9999.0 -9999.0
1144.88764699 4543.07025915 2001.76254608 14958.8800305 16831.050943 14942.846151 18848.3385139 15231.140382747622 21133.4205159 25627.730068769968 18374.7731805 2088.04391618 2360.7972774 1043.29832087 1236.11830434 1925.29480605 1514.56664512 3089.29959276 3807.9373056 1999.0905804 1883.3181426 1751.7331821 216.61119768 3710.591577 2748.79935225 7629.46120988 4939.19337 4363.84573354 4623.11869985 3501.10743445 4148.445673190809 7636.883704995842 8414.18150722 8959.02836031 18195.7086248 13942.065075716766 45279.01572215903 30554.672917085798 15343.7175442 23467.628501432693 59775.73662451306 26861.710155376306 11230.462052600084 -9999.0 -9999.0 -9999.0 -9999.0 -9999.0 -9999.0 -9999.0 -9999.0 -9999.0 -9999.0 -9999.0 -9999.0 -9999.0 -9999.0 -9999.0 -9999.0 -9999.0 -9999.0 -9999.0
1851.21989955 1704.2926761 2951.7071976 20001.8030481 24631.1836272 20043.2253657 18010.696923 6871.83136718 13442.206660494647 11202.5161371 8174.2793517 1741.94221163 1203.39021528 2093.9965368 941.977758772 1218.64267463 410.928390327 1953.95325915 2510.60396625 975.549515625 1513.43014275 974.096993625 2164.7660535 2845.4605749 2344.43063828 3895.66436752 5729.16172242 3725.07988447 3924.26774538 3140.45144771 3724.12275279 5132.206163276858 12550.1001357 10163.5605328 16519.5515124 20938.231435808935 31770.216726119124 19689.110788716618 10735.3521522 22500.10505299548 38317.94004412171 97730.4461955 21096.8222013 11448.6743369 -9999.0 -9999.0 -9999.0 -9999.0 -9999.0 -9999.0 -9999.0 -9999.0 -9999.0 -9999.0 -9999.0 -9999.0 -9999.0 -9999.0 -9999.0 -9999.0 -9999.0 -9999.0
1059.55054364 1552.703355 1841.0701725 2190.85932735 2520.826596 1562.38008833 2958.59349825 3317.2215705 4995.6566166 6019.95467137 2003.96065762 1451.112993 892.377905738 1592.44809367 1382.49997965 1029.59283525 264.21108988 1476.1364955 2454.1289398 1509.2256192 1604.5673805 1548.7013034 2117.3644992 2551.7975622 4923.8791488 3437.9465229 7304.3626939403875 8300.66276543 10457.6636227 10138.5050777 5370.541502609327 8587.921128525732 9944.096894 18542.8760231 19322.7964776 17554.3348709 37027.6333015 27721.558304736016 42021.17817717994 32487.449826414002 46946.40147581646 30773.76533034556 87333.7625365 11688.3024141 40159.32969253852 -9999.0 0.0 -9999.0 -9999.0 -9999.0 -9999.0 -9999.0 -9999.0 -9999.0 -9999.0 -9999.0 -9999.0 -9999.0 -9999.0 -9999.0 -9999.0 -9999.0
3018.67147365 2873.33314687 917.121641407 1645.74344865 2609.76800648 3077.25686809 1870.53267525 1121.814705 4023.7356102 3668.7335055 1754.05884817 1231.583133 732.590865353 1490.3080353 2300.18019 1775.4270348 373.473788685 1907.47734368 1853.86562475 2370.20410326 2000.31041749 1772.49017663 1778.098272 6811.1420006 2358.46183072 2303.9855979 3609.33014926 10979.735138146754 10329.3763209 7351.956495 12490.698496692119 6680.342378170078 5393.472646145085 8216.31157248 14828.8472833 13645.535652 16568.6568 31369.8075095102 16162.8588261 20954.93800778419 28493.603297344787 10865.6759885 24448.7087625 63996.5792502 25393.1147908 6513.891431494207 0.0 -9999.0 -9999.0 -9999.0 -9999.0 -9999.0 -9999.0 -9999.0 -9999.0 -9999.0 -9999.0 -9999.0 -9999.0 -9999.0 -9999.0 -9999.0
10901.2191717 8043.90847706 7646.96431577 3254.5527795 1428.20315208 2127.14487625 1622.116842 4383.04115193 4410.07224397 3128.47567042 2276.1889785 1226.7698355 1097.3058222 1809.4324032 2217.44995185 3075.7266999 0.0 2033.1620001 2602.176873 2364.7474248 2210.51813775 3702.13831103 4047.815664 2412.22557397 1505.4817866 2194.4413248 4222.87234246 6489.02187779 6090.92276756 6463.9047918 6665.8590378 5530.82938929699 6401.908017 5910.3891887075415 8514.01195545 7949.26327725 22418.113742174286 19445.67430878808 16307.6926958 28582.003845833362 20538.541918011095 17785.197460895248 38158.9157722 27726.7802844 10346.6399231 15166.2577997 161.15191163999535 -9999.0 -9999.0 -9999.0 -9999.0 -9999.0 -9999.0 -9999.0 -9999.0 -9999.0 -9999.0 -9999.0 -9999.0 -9999.0 -9999.0 -9999.0
16686.92641726372 9938.970737035883 24911.2713193 34502.0383575 22652.4593701 3749.03041891 1133.78555536 3680.95669987 4162.7859093 4634.3061975 2193.20241642 0.0 0.0 0.0 0.0 0.0 0.0 1990.47537 3602.8082505 3113.70912248 2639.46232747 5254.7233623 3688.02027713 2277.92101734 2926.63713315 6103.27884975 2810.05122132 4295.965879094209 7883.05146456 5215.09243655 3466.20088657 4367.34337406 6421.38121584 5016.1879584 10923.550377700001 13687.368638549602 17047.91755139488 23195.485845147392 12802.447722632576 22258.968942533105 10573.9295024 6404.00337944 21085.58012262154 58053.441209621065 45418.8242472 27669.203397751753 3131.314673208892 -9999.0 -9999.0 -9999.0 -9999.0 -9999.0 -9999.0 -9999.0 -9999.0 -9999.0 -9999.0 -9999.0 -9999.0 -9999.0 -9999.0 -9999.0
2389.16025056 1400.44393755 1632.818649 3852.71576865 3913.16905875 4682.31044809 5638.11939863 4424.40876759 4248.69696937 5984.55173625 6317.53427902 3868.44533355 327.215319057 0.0 0.0 0.0 582.2652891 1499.9146731 984.9423966 2202.4781394 2879.10308175 2877.1029894 1867.3588275 3629.6173149 2951.23464398 4618.35457875 2967.6694818 6682.00641745 6255.4699674 5121.646905796059 6006.120620860289 5459.58607971 4257.9524523 2982.8623818 5745.609423 7371.512730267785 14274.288835783636 18842.32298826506 13287.118355080434 17304.350135463526 12339.113967494965 25729.684799341085 49930.43369240669 98071.1997606 43584.735032986486 55374.031909261874 9981.486839577205 -9999.0 -9999.0 -9999.0 -9999.0 -9999.0 -9999.0 -9999.0 -9999.0 -9999.0 -9999.0 -9999.0 -9999.0 -9999.0 -9999.0 -9999.0
1085.85135945 1810.0225494 1267.4000093 136.333296206 8121.129463360216 7258.61235559 9184.96589325 6208.01588644 5837.14666575 4502.35037875 2740.0500666 5969.36819783 3429.06372532 1402.73406565 0.0 0.0 0.0 1980.9684708 2067.9838566 3177.098568 0.0 0.0 4217.57539425 4046.96894355 4968.12857887 3379.36861763 3698.16649095 7713.1448316 4441.67582273 4215.50510936 6459.36046602 2982.77000775 1808.85008494 2828.52003975 2548.4312628 4345.9743988 5738.089513049787 7199.208506386738 14135.65717071697 10735.341843836535 9458.948282086978 8316.626315577532 20077.226786697072 83305.11331555356 50383.69884923869 46952.8739964 5657.948970962909 -9999.0 -9999.0 -9999.0 -9999.0 -9999.0 -9999.0 -9999.0 -9999.0 -9999.0 -9999.0 -9999.0 -9999.0 -9999.0 -9999.0 -9999.0
2742.06256837 3405.0093888 3549.37570065 0.0 3496.50032949 6466.652532250836 2638.88726288 2020.66312515 4816.51387065 5217.3639387 3150.6451899 4743.49926353 3917.3194302 0.0 3737.16431055 3305.54183535 2885.5734516 2460.02462385 2813.3038098 3114.56174138 2547.36021622 0.0 3604.96786905 1289.12508007 2744.156184 3729.1243995 5638.7915232 5550.91134072 3131.15326515 5715.75036909 4412.744352 2946.5757721 2127.88402339 3188.4272310234724 3452.33312857 2533.087106071968 2102.2451200519317 4700.722812460065 10736.210523685564 19790.304054326272 10960.810359890824 7548.244410794949 38050.816896808894 130677.82537754324 139758.41386366574 69310.25428343163 55314.18804626838 -9999.0 -9999.0 -9999.0 -9999.0 -9999.0 -9999.0 -9999.0 -9999.0 -9999.0 -9999.0 -9999.0 -9999.0 -9999.0 -9999.0 -9999.0
1360.07335282 1142.97618996 4639.4501652 6014.6089155 4290.86725755 3170.15793502 908.7659694 552.9540366 3302.24994 3729.91980937 1704.70075305 2697.11879377 0.0 0.0 -9999 737.740635975 2417.7054978 1929.0778302 2649.982149 2417.20435635 2678.06267902 1012.86640794 1943.69643517 1723.28750295 6929.15385577 5185.1316531 6376.11527718 5722.12516215 5258.08387178 6162.78606615 1965.09526785 2205.6125035846994 1739.2906464994996 2540.77587075 2015.5877013947481 1870.8354676066617 4387.501955002622 7476.159417701083 11602.80727354846 19438.167235915702 12793.223148975087 14878.790782972615 31320.5206183837 52960.36886813376 192563.231552226 92323.6425154574 102803.69689388963 23727.357405140203 -9999.0 -9999.0 -9999.0 -9999.0 -9999.0 -9999.0 -9999.0 -9999.0 -9999.0 -9999.0 -9999.0 -9999.0 -9999.0 -9999.0
3142.71696375 2948.24383425 4278.7234431 2339.1023742 1855.96049947 2856.60643755 0.0 375.83685342 1879.48300408 2660.00761575 0.0 1866.3435228 0.0 0.0 859.618752458 1548.60841989 2347.52798805 2719.8383013 1289.8784913 0.0 1663.19401515 1569.80886217 1786.758225 2831.65557885 4426.26863055 1215.1800375 1510.31500748 4952.18095553 4789.99065708 2031.17110218 2301.30443925 2105.46384948 1551.2665584606084 2272.089298335184 1357.784973766827 1959.504575499049 5484.36594772844 8321.156260664906 12786.957106687949 17592.207810250802 31992.588279865933 41225.107403557704 29068.877588840616 53023.224488411055 9434.25795889556 51218.72909662454 163471.90841007934 45711.00711766034 -9999.0 -9999.0 -9999.0 -9999.0 -9999.0 -9999.0 -9999.0 -9999.0 -9999.0 -9999.0 -9999.0 -9999.0 -9999.0 -9999.0
2551.93676085 1885.07080238 3140.03863035 2224.3086945 3048.56540415 3379.97087415 110.991840845 782.167505377 2066.1054795 2922.72330675 0.0 0.0 0.0 0.0 0.0 0.0 1671.98622075 3163.3686624 2904.543342 1811.37881887 1429.12793865 1547.54544713 1500.8952105 3391.4867994 3217.0300881 1935.08813295 1610.0322966 3167.4791253 3326.92553226 3174.282741139862 1740.28322317 1894.7436259217277 2155.07318317 2058.226155160465 1548.513730409855 3589.1011511356583 6483.078611298403 10713.661562969839 11119.258414483453 13948.181177274248 26107.106493245938 71832.5760692803 78358.93086876212 90325.78928809187 25573.574468788815 14423.643415792176 55547.691246498856 -9999.0 -9999.0 -9999.0 -9999.0 -9999.0 -9999.0 -9999.0 -9999.0 -9999.0 -9999.0 -9999.0 -9999.0 -9999.0 -9999.0 -9999.0
2415.787488 3757.8506949 5260.0259034 3420.81986634 4679.0262453 5313.611664004493 4509.53864832 2446.830621 1687.1877165 2135.12230571 2222.7069843 2478.3391938 2826.47444032 3946.26544807 3414.30492 5110.8668208 2845.87802362 2311.4269014 5231.8119372 4022.89884675 1697.48830912 1285.71412365 3592.49472313 5321.70308407 2749.87737547 2048.65899 2673.15138363 3345.13420431 2958.00416154 2818.386265531121 1706.0929158 2100.60024653 1825.7287632833584 1978.05097430119 2043.51351961 11562.19922232089 6751.833806410789 13307.86415880084 13609.29924956727 27249.170224306927 93460.18909279375 158773.506110408 237694.0269519899 272214.70009444415 7453.900478512204 24379.685449712793 24223.95244488937 -9999.0 -9999.0 -9999.0 -9999.0 -9999.0 -9999.0 -9999.0 -9999.0 -9999.0 -9999.0 -9999.0 -9999.0 -9999.0 -9999.0 -9999.0
1910.00360754 3060.5221866 4186.93771021 4887.7471995 4570.629588 4860.30646035 3397.41696 4299.8253178505665 4368.18857629 3482.42085704 3145.51434135 2801.88290295 2297.95963155 3162.4252789231678 3054.2503815 2594.73478687 4864.7824866 9512.65062 32100.711022 3406.18148685 1930.7308047 1458.279612 2315.81003009 2553.7388481 2272.81856513 2808.6695271 6289.3837248 4831.08145342 2471.51865598 3786.58594972 2778.02775 2687.778780398808 3914.631218411017 3368.886942110579 3649.4825338400983 7518.704477517311 8941.496150927902 9892.198025332256 10347.587325190612 43462.29044217139 59863.80745803383 122479.37898293018 112298.07018779243 168053.86586582783 24320.05943765642 34806.89768253795 83731.19398658483 -9999.0 -9999.0 -9999.0 -9999.0 -9999.0 -9999.0 -9999.0 -9999.0 -9999.0 -9999.0 -9999.0 -9999.0 -9999.0 -9999.0 -9999.0
317.249719814 219.672254299 0.0 0.0 0.0 573.93617424 867.136624013 2081.29586607 4912.55523801 4909.367220105733 4958.15018985 2644.6780026 2944.5698022 2905.7349951 6402.71485863 2139.14823573 8914.96464885 21487.2761122 13767.025815 755.694968731579 2463.32746935 1668.35116553 1709.19066997 3311.45661397 4262.96836035 4486.5318393 5612.60634525 4978.9930743 2530.81872735 2951.6853105 4048.8721365 4612.89132658 2100.2083947 3261.17915541 3081.683886436665 7826.0134356255 10867.60722822022 10736.765007655416 7542.49375602 23023.321446639115 144911.02123327667 98051.99135988516 100712.87673443368 327754.0029111712 18908.983684948093 43740.136394720095 -9999 -9999.0 -9999.0 -9999.0 -9999.0 -9999.0 -9999.0 -9999.0 -9999.0 -9999.0 -9999.0 -9999.0 -9999.0 -9999.0 -9999.0 -9999.0
478.4746329 669.4145387966099 2881.491207194541 3461.133240897858 341.37138501 2301.21252886 0.0 0.0 0.0 3168.11579962 5744.747723544991 3513.406064546422 5537.73434973 10386.0756753 13299.5077971 4726.46911843 5069.963388905492 27688.09340938223 6474.63693053 1778.24668043 1830.96706013 1200.6258474 3768.70836285 5287.64496052 6922.61715825 6462.55578505 3359.86738287 2442.18320761 2530.06112131 2424.33795502 7919.86385059 2382.03986475 4068.0370807 5964.72950838 7837.438551452216 10634.065459146252 10246.575472501316 38037.24919578994 138521.40863901217 82849.34078623982 141279.37154743777 318615.3825854912 245694.65087779443 307044.7140874901 9548.26564049513 47542.071683779744 -9999 -9999.0 -9999.0 -9999.0 -9999.0 -9999.0 -9999.0 -9999.0 -9999.0 -9999.0 -9999.0 -9999.0 -9999.0 -9999.0 -9999.0 -9999.0
