critload/trunk/output/1999/nload_var_nat.asc
ncols 720
nrows 360
xllcorner -180
yllcorner -90
cellsize 0.5
NODATA_value -9999
[rows 208 to 233 of 360, columns 232 to 289 of 720]
0.0 0.0 0.0 0.0 0.0 0.0 100215.2712268086 69297.41667057804 96294.0277635383 154901.27483260992 153950.88984982207 193758.45636330347 257553.7201186467 357524.5570326029 340870.1385334136 438305.08665237366 256695.14571386724 306126.1389340212 225912.1615179077 138518.97728854843 142066.26001028554 228524.1106725236 231509.58935414912 278474.7089414325 278542.0736814005 355749.25588943966 242990.3404833581 212863.5170292553 170206.75816775742 145546.3649305127 135144.83574363697 87047.91428076405 133497.28448568383 59401.65136996245 9133.045594640935 61774.591576343504 63046.73195918051 59234.22020734832 54174.26497118415 97668.99244031665 42790.84658240655 41930.244135258836 91569.55973601267 81388.65623859323 55435.06401266698 54653.22029230655 77938.97531780433 44532.0397987 0.0 278513.5080374739 15019.308319670808 -9999.0 -9999.0 -9999.0 -9999.0 -9999.0 -9999.0 -9999.0
7246.40518845 15140.8796816 0.0 0.0 15564.7171312 6181.19916007 22106.8795594 74551.0143164898 125861.45954580326 197954.29973640895 172719.77587927468 199128.56704408038 357888.615959721 232847.52072136916 254526.3989488719 230631.29506210884 294308.9511836633 212933.95140627012 162251.1096742077 114651.74272332361 135314.64174547515 234455.8167391732 231727.7217059391 284881.3593172252 280328.70658490335 217280.8130158658 192229.2216547754 135611.15475234998 88617.59207108563 108584.81411182616 140444.03383753938 178339.16935172377 69821.29060268028 17158.854703411642 28426.75928071779 15987.489637722161 25784.43375244261 8247.096597099215 11888.24895986971 27241.971441933052 42121.7386799275 35825.01969370413 109893.30623235056 84699.1596077268 60626.053894910234 56539.51940147125 32558.635850231673 56203.23425554324 46733.96530331076 347660.5969530383 -9999.0 -9999.0 -9999.0 -9999.0 -9999.0 -9999.0 -9999.0 -9999.0
3936.37917956 8652.07754921 0.0 0.0 0.0 8705.66331431 57892.26643079971 28154.778500162465 73168.81979436048 107548.4242606807 136814.3566613648 157980.30725485797 231178.9739431141 111911.17185228776 143897.69189884022 53196.54210882879 225426.68837618752 91114.62736895488 88102.81320775111 137251.57853672508 199318.64291410835 201785.2690021223 221414.75281431974 209171.12797147303 223031.31642248936 147403.6370359035 160565.88031022582 184401.34102139974 146488.4624233807 190369.81167369898 116543.88179696523 116553.17947280106 109234.81694046156 124983.10623008684 24998.098693615073 14113.0886771 26637.90196307991 11200.080816786955 2521.630522646946 49064.05943487934 24071.66985998257 46350.96795753686 44690.26620486258 36439.628080961615 47384.82214523896 60662.90709705531 65306.06345527412 48888.13615454579 124468.78487622697 371225.8025448233 4098.753526852245 -9999.0 -9999.0 -9999.0 -9999.0 -9999.0 -9999.0 -9999.0
4431.33296423 0.0 0.0 0.0 11229.4358005 11429.096034 37145.805928574475 26694.77819908799 48672.98029819942 76092.26230982106 41212.27415904768 69358.73002753427 189409.95410177557 188129.36707777227 153591.7898663447 50567.2349615053 87828.51485182889 152301.8164716232 165295.8944897695 283165.79542345647 297090.1116276814 239006.59782441167 272896.4795324464 251005.07340822677 155982.69984651444 101563.31918689572 145023.93904151177 108047.57019562263 164698.8817549403 109845.63622456254 97472.85134454849 127921.10327377041 137455.25195354724 16784.831702488093 136016.95819469373 53316.00177794034 29312.229164702403 25158.723203538393 56226.082166166445 55945.853829817104 30887.92029454875 41656.65621706002 60101.560743044975 38840.364691519586 30503.09320480842 33004.54832445572 0.0 59498.45572573069 142655.24272481014 175773.58526630016 24995.763010798408 -9999.0 -9999.0 -9999.0 -9999.0 -9999.0 -9999.0 -9999.0
9755.178487770863 0.0 0.0 26243.8720549 0.0 7905.84422512 43272.22100967306 96030.24699096484 46846.217741531844 60668.31694180788 25296.64439641709 57692.091874619044 105078.08796674617 110470.37709936129 79636.40228819534 51623.67509990208 138611.8493747529 157794.80490896883 109417.27298856596 128619.30128647454 175731.50390098998 169269.77720657573 191646.34149350453 152233.79010698642 178738.0814678036 148484.3495483992 76017.17661104511 153232.3173110494 138807.5795126066 73250.23447952578 96579.5934229455 78401.57303747025 64686.57953294496 139481.49534060157 20423.30985522586 69160.22940774861 45072.35429637346 84313.3278768856 71850.83316513603 66060.93893393512 57168.31612404951 36517.72920366559 67185.53371977733 43325.3603145478 51886.46317877788 60164.0812799321 68701.02738355419 73936.61754597662 119202.13692558464 184022.3076848984 10694.439867127492 -9999.0 -9999.0 -9999.0 -9999.0 -9999.0 -9999.0 -9999.0
0.0 0.0 0.0 20962.75578 18515.823372 0.0 72380.83893294349 64872.7221269789 80120.82293368466 53960.55496179697 29332.62071339613 94276.23297129918 99801.30948406871 113702.41102253167 146629.45780621225 134530.4992900727 127336.17815509527 122444.21246218722 100263.4595998424 170273.24283479297 179222.32872654026 115334.29377231804 152766.98116082096 144866.22972130103 107501.36588759517 129227.65802600989 180175.09465319494 140956.82516452987 57918.056541040176 61855.17706714668 117346.26035076634 80754.65269186316 36111.67268286781 76763.9794240652 81338.98558499421 129519.18698122307 29368.836511740257 49010.77830320186 91660.17654382711 58810.06511845645 71380.2945619727 84272.65203066998 101813.812429696 45039.89360246255 68982.97735360358 64210.58505556466 52892.04685364482 59405.12064240695 153713.4589203638 36019.483082783154 -9999.0 -9999.0 -9999.0 -9999.0 -9999.0 -9999.0 -9999.0 -9999.0
0.0 1002.7485909 2232.4772547 27101.507506220736 42876.9339469251 70535.57876717554 82848.86537941436 0.0 15826.232826 39506.870932913094 40408.963873009845 86318.49640617217 92135.08322245575 96384.41877468288 98420.476972303 129051.94874604506 37957.54197339345 78711.27540484899 90513.56687190157 82036.34131343244 102589.52789858612 145936.17762301303 99037.91470509669 98936.97019744548 55118.31346179704 33763.35915902 83496.40374843341 114123.64083266228 113634.91225342757 121498.22949256729 129330.87803391257 59109.26397376245 49918.06986011946 96718.04465377997 98201.60591122147 162128.7851693321 91855.2040761036 56570.97800586433 66757.9845793902 114255.01510501551 109742.20579730204 90168.90431278275 94628.35809598296 72210.69340728257 37052.070672437156 32931.46637605213 37135.164408670506 48023.94714120528 88781.61593471149 56939.51915777937 -9999.0 -9999.0 -9999.0 -9999.0 -9999.0 -9999.0 -9999.0 -9999.0
115933.78831852725 3966.9828705 0.0 1098.32019083 20968.137811858353 46247.44348123782 21370.101189292443 0.0 10707.1421989 29861.656755 28620.956502911977 7431.13497788 80794.77095456704 72157.95648892765 52007.3205471677 51341.69738705223 31869.72726467762 66001.85020560442 52878.298773586735 88474.4097323847 93632.02811928191 120726.21636245231 72709.2318592627 101753.60662867225 114243.8691564403 77341.25017629801 98850.33102222063 68312.18413017377 45718.26582491158 44873.028534104626 67158.8362208273 61857.51477566607 42969.14744773272 111517.17765496804 148135.66119910177 148342.57181229835 78333.28908365787 57307.88197398288 72680.38831936417 129124.5330099815 171337.21009507217 120422.03389180718 101478.82942270683 86786.62948815658 41993.28946653264 48968.79581301054 42291.465655158936 47369.80216420506 118964.92744202467 21481.933281192967 -9999.0 -9999.0 -9999.0 -9999.0 -9999.0 -9999.0 -9999.0 -9999.0
0.0 0.0 0.0 0.0 1034.4925082 16418.30850492067 24449.317438899925 20349.104248743133 10397.618406136426 5777.70738769 11034.4703829 19551.9554749 79104.5423764498 57656.56109642911 53923.82605404289 68687.06687350787 51528.23980608111 45494.35403597942 31319.486684641543 50195.78701402333 48388.794215338894 75532.56557972715 69477.15433729322 75952.31998044973 94021.83706933564 147120.2056796826 110925.97960776332 68808.68191785793 40986.41612398176 68890.21117483237 65791.55122485905 61340.34563595051 62573.11287350455 74762.6147773311 103052.93658135585 127074.9838794309 133864.51392913537 48341.95625025807 87775.16325190291 120762.38602031364 49706.00622013793 173819.12504784815 114434.45418750147 59596.56184673501 49971.198974178 61097.50711357408 47214.35811192804 3355.4580989764054 13388.297716094787 -9999 -9999.0 -9999.0 -9999.0 -9999.0 -9999.0 -9999.0 -9999.0 -9999.0
0.0 0.0 0.0 1682.55431902 3364.65690934 6092.18108153 23181.35782453534 5345.46124219 28213.97790563413 35899.72311346803 27163.561918422918 3536.51460769 17258.583205413743 39030.296037350774 35913.263180686205 26712.42757425012 16033.871569548452 31179.98925302818 38444.72535010569 38341.83369230608 53998.78961983621 91219.65930107645 39253.65519438752 79701.09445565115 68752.28705596615 55958.44270890832 42530.94545785827 47791.389714337594 59283.11071681988 95967.83245471904 124067.10477535159 54714.67315031781 97877.1871087364 99539.46109983843 98647.30850293052 110895.96507666641 106163.88796943674 70634.59216200738 137190.652195883 169101.26795362378 112348.45440348894 160343.0094244098 96193.83119285216 87539.04637639942 51869.82509131394 62199.428779430586 26837.792424333627 28545.676867297283 1483.18258001 -9999.0 -9999.0 -9999.0 -9999.0 -9999.0 -9999.0 -9999.0 -9999.0 -9999.0
0.0 44439.45665730344 2250.31474841 0.0 2987.33639194 4926.62624745 13323.63236730991 13042.847883145645 7741.161270894857 24119.2471196748 44675.60442453028 29702.952604701597 34173.48659154988 20532.605656537846 14816.660957184802 330.246367062 38366.42808312239 50593.51236424627 23555.319856956008 36338.46676386152 67340.06107930165 81146.40987036013 99425.35109204719 92390.16806130881 42345.279700746636 54329.87197750111 25364.20146606316 66433.98109602527 100725.19704168016 97532.93760642665 121018.94373017241 112075.58946121228 164747.34312896407 81867.44561120063 108116.4652352406 47931.99243418432 205596.615355159 135032.411407927 120100.65065564065 131409.15478596138 56766.3897336512 139887.25844034393 111727.95766090552 93907.54119335751 72311.48321599545 63966.812071656146 38108.04269592963 29224.88443132366 774.836558066 -9999.0 -9999.0 -9999.0 -9999.0 -9999.0 -9999.0 -9999.0 -9999.0 -9999.0
61182.34121144914 63155.53988544343 1705.23340406 0.0 0.0 0.0 2080.21067153 9646.07167892762 5122.767722662398 2552.47087748 17941.295812795168 847.71217809 6924.758881108278 22446.161827676486 44267.26180906963 44177.05156815292 74053.3006655617 39615.38504012858 22972.64691059496 55816.793789571406 86363.07125759036 50419.5110693404 79247.35000012466 81273.62224965887 59087.96405123467 40477.16332959678 31837.638212339625 20756.40800527794 75699.89388506647 98255.10824712011 73166.09974312618 110652.4208536998 69865.38048983902 107183.22219919591 114099.84421948493 187409.0549176468 189860.1837478291 76257.35331159575 70913.35201114132 32566.134310814938 40389.70726507148 135595.18873791603 121119.76052575931 87396.18191108273 74395.34716345088 58514.98993304635 42472.22670979541 27397.38075005104 827.4962189144244 -9999.0 -9999.0 -9999.0 -9999.0 -9999.0 -9999.0 -9999.0 -9999.0 -9999.0
71955.64109235386 32269.44831764281 2237.56614113 0.0 0.0 1465.39778306 757.247131582 13580.8705769 1165.7413764 844.983482929 1515.77715413 14242.75510218132 2010.1144170520947 26340.285515387026 64567.47867789082 81243.29464231186 70912.34588883107 23110.857729262792 12843.190265862964 68180.04440029773 33847.07750027991 49963.823510270966 66441.34645757414 36120.99803807567 37875.996653788425 6763.602230109489 1371.6579145808823 0.0 0.0 17017.937618295677 40220.413704469 54783.33090434949 73948.15924664719 131599.969807796 141272.71367652406 104882.51459869082 93365.87070294727 122465.65818038298 58803.74572473969 82131.91109795652 274526.80664170685 144411.98997056374 70069.92781937905 93063.96931235377 67371.61636195016 60342.516215644806 62369.36536302696 9316.068824410972 -9999.0 -9999.0 -9999.0 -9999.0 -9999.0 -9999.0 -9999.0 -9999.0 -9999.0 -9999.0
109991.14417539761 30192.1621762 2807.9290596 0.0 0.0 815.829384026 657.702595687 922.630941653 909.497544563 1114.97636544 8155.896245498146 10132.573552814953 11813.777239598101 33565.56990288309 71747.09396901651 75694.39103071345 64796.89134247894 62719.24875968657 69694.4666575956 82926.04726908787 42405.41718456104 32216.243505829945 35988.33866541233 29548.428135265374 8540.650642013105 6964.877061463537 5229.417356056348 3292.857453983718 0.0 0.024487388769028225 0.028968634435891913 39240.92696431245 34443.37031809336 100162.17954835962 91979.23773782921 118567.34156480807 76396.34495145068 98152.88587131677 99245.11090057553 170742.93740504305 87882.22200789854 89899.33299079051 56414.83206845457 84565.61330263191 51976.973910480054 45047.468396540855 19059.83363602041 11159.774776838392 -9999.0 -9999.0 -9999.0 -9999.0 -9999.0 -9999.0 -9999.0 -9999.0 -9999.0 -9999.0
99384.55319689852 11216.2348039 1875.8082654 0.0 0.0 667.274135115 0.0 927.089465974 12673.286799144344 4666.373693767807 33726.71592147194 1342.78138087 16693.56713714535 63249.74179856338 54479.57417601874 29819.636615300555 42977.38326624917 16716.4859210784 37477.854813153644 43205.0957369753 39315.70518322002 26589.23097598166 14503.633037787515 13692.303615620893 3694.130335847561 10646.269557043399 5739.111705055752 5905.834100625344 6741.231179234083 4407.239627517701 9257.332521964474 20909.346622180794 20269.902011569553 40400.15262722474 137687.1596130959 113773.29666532855 92852.3684260866 82654.89509667915 85471.92477661144 76122.58168464946 138081.29860740853 76331.44867218052 75384.4483807144 78123.61047463062 62784.26872842222 8717.343140447723 510.96942411886357 -9999.0 -9999.0 -9999.0 -9999.0 -9999.0 -9999.0 -9999.0 -9999.0 -9999.0 -9999.0 -9999.0
29059.38976785614 4431.690117985951 0.0 0.0 0.0 603.142254 884.066541547 11569.402566962073 11833.166866048192 22513.779295085704 2267.4025305 12787.525282805642 14968.595899600177 59599.42229402355 31101.95657241105 16505.661740782958 25703.954735452993 7785.5748696025985 8496.681311369364 17372.91320290398 4827.884340722978 32125.282501904025 28363.151683815384 9489.931114088777 25300.272243398336 12101.86982554945 6823.272189992223 12892.089848099551 8952.49874734299 14009.773247337325 25595.1549602015 30069.593392217208 51473.469130393016 41370.7885653379 167167.91216269234 131201.03218206903 112970.23749282067 120812.6262357266 132850.67183214967 107968.82913616257 107460.07419549693 65797.05799323517 56763.8797659373 39664.366700819206 55608.54787559208 5473.444752204092 -9999.0 -9999.0 -9999.0 -9999.0 -9999.0 -9999.0 -9999.0 -9999.0 -9999.0 -9999.0 -9999.0 -9999.0
0.0 3468.9444929532574 0.0 0.0 0.0 567.425873753 2469.0521846789443 9526.08738846842 8997.167667664962 16595.239321217396 39095.86144214698 14809.742390025662 18521.466626879854 24220.17917222534 22541.366790708274 41760.020663527575 30173.376273094684 17503.18282671314 0.0 10267.08502269051 19992.393234571602 27728.43703965192 27419.106283497476 17938.967046532165 13062.40332063294 75538.0871486256 37237.120495257084 3858.2455314251038 13882.547631543743 14459.567119359417 23084.33889270399 11039.278155673783 151392.7353119361 52302.60546458878 153614.61361814602 217546.27048055234 104872.23714692032 182938.77825224123 215630.16194330293 99769.2122825697 70443.87847434277 102018.35262132816 148608.4977091611 87387.6792592221 6609.650805484807 0.0 -9999.0 -9999.0 -9999.0 -9999.0 -9999.0 -9999.0 -9999.0 -9999.0 -9999.0 -9999.0 -9999.0 -9999.0
10121.0183234 0.0 0.0 977.78323953 653.882369344 0.0 0.0 1152.11149122 1609.5186283980306 12873.126270546363 44953.25048564475 37624.95566007439 11751.882441041938 64530.063910954435 21992.375517313267 22442.3770391 84657.87090902557 22647.538934977023 28725.150545975765 7891.760758474118 38296.034270154174 19189.48120063333 62308.98335256954 86407.62971863175 76251.64957778917 23526.679091089954 98800.692325252 107412.41878460099 0.0 41028.3038992377 79569.26061951806 54106.60147854361 69077.90269290074 19026.10495421091 109826.36406119545 166727.74573225426 275351.3397957964 121116.7325496272 142371.39983687352 176785.697570179 43230.57464797663 30780.566774825067 25871.45716906458 21451.828198491847 4067.140560338402 -9999.0 -9999.0 -9999.0 -9999.0 -9999.0 -9999.0 -9999.0 -9999.0 -9999.0 -9999.0 -9999.0 -9999.0 -9999.0
5014.596747836427 2357.37300112112 0.0 1169.00433569 1091.19275847 784.801896548 764.30591832 2092.933635777976 18169.713295767004 13932.9187543878 49142.37256952031 46419.02058925304 22430.836462836087 24917.666099723177 9158.05429125 14601.190989 81449.73305911144 29703.23295341789 32993.41209081228 56508.92035644337 29027.773007746902 0.0 76109.4316618088 45961.51092441909 64940.25484537447 111893.94946783378 175723.2911592869 0.0 24002.917230293577 47520.940305493285 83042.30303286175 128127.11520082247 53751.64106043289 67709.82677449464 33556.145306629856 111464.10951262376 86695.95443680439 192343.82185173282 247271.59232030826 37602.575963377945 4153.200242709568 -9999.0 -9999.0 -9999.0 -9999.0 -9999.0 -9999.0 -9999.0 -9999.0 -9999.0 -9999.0 -9999.0 -9999.0 -9999.0 -9999.0 -9999.0 -9999.0 -9999.0
12985.383855698079 1809.84627003 1447.82449561 0.0 0.0 1882.139877211332 2951.0350296275283 8919.602114276937 13815.961595513341 19915.831668310864 25358.70842205045 39385.81604078845 39835.201987025146 12988.04932271706 11577.5978629 12945.2984446 56665.276547356916 36368.964133033645 52679.35280007251 33192.360661258645 16836.854483764924 108697.2798614471 168209.82636730187 183525.3565842671 0.0 8119.678097954092 50917.3392327018 11549.488677101646 6741.28231144983 15564.38000037442 19880.991552102958 35117.54369321876 64926.38393695012 112738.38960614728 58136.36961767357 128228.0077719544 126677.80164196382 124142.16367665866 -9999.0 -9999.0 -9999.0 -9999.0 -9999.0 -9999.0 -9999.0 -9999.0 -9999.0 -9999.0 -9999.0 -9999.0 -9999.0 -9999.0 -9999.0 -9999.0 -9999.0 -9999.0 -9999.0 -9999.0
2468.48008882 1543.22649914 0.0 0.0 0.0 0.0 11170.409651800712 13249.631317739257 22197.104253541787 23552.868106124235 27525.153604580064 31664.60625394922 36051.15036846635 1647.7151451 24472.694108827043 21678.533967355048 47126.748890582625 66899.332260264 70046.40396857508 74256.84108280095 143468.1939655554 187410.9279875612 134857.4359649774 154857.1195316085 15732.122420676973 73694.87957138322 85254.7900440626 104038.13115631393 58201.69592791028 102089.21078370634 100833.06278395504 85147.60283937199 224263.22185530845 380436.3951332591 204683.49203719382 -9999.0 -9999.0 -9999.0 -9999.0 -9999.0 -9999.0 -9999.0 -9999.0 -9999.0 -9999.0 -9999.0 -9999.0 -9999.0 -9999.0 -9999.0 -9999.0 -9999.0 -9999.0 -9999.0 -9999.0 -9999.0 -9999.0 -9999.0
2191.94970431 0.0 0.0 0.0 0.0 3997.488379480639 43503.84300114727 18394.77070315533 29334.263129252322 7942.019043184814 6705.004122974524 22092.047852642296 34979.12692496683 11139.96352587693 35262.48792281341 81116.88001334474 118217.53859613599 100346.32530022878 57633.33036029391 65684.5482017195 182460.60129613656 228572.28049189245 59584.2181214958 54112.860454357804 40810.6704814188 56417.18317582707 75507.6757045522 32789.07964942258 87131.07322283043 172463.2983214011 218712.09209948042 293618.2542756817 141296.35164785536 51684.61199682155 -9999.0 -9999.0 -9999.0 -9999.0 -9999.0 -9999.0 -9999.0 -9999.0 -9999.0 -9999.0 -9999.0 -9999.0 -9999.0 -9999.0 -9999.0 -9999.0 -9999.0 -9999.0 -9999.0 -9999.0 -9999.0 -9999.0 -9999.0 -9999.0
0.0 0.0 0.0 0.0 0.0 14373.855317553156 55728.2989933346 84049.49344787849 107667.44636648145 73388.14279729029 8098.095722555032 23996.315100740823 32644.190803457754 27895.230018944516 33807.642806460106 79979.49879779252 68654.0930028657 79275.0487239865 106554.84956929086 71133.29413331649 144927.33039628709 199251.11470387012 93574.65948172411 80157.11227293522 197020.11708676085 195390.27179141896 72719.18368535177 27245.940337404852 127462.65873497193 148647.13257398224 218971.80790828087 165164.02981311348 2876.7818606266187 -9999.0 -9999.0 -9999.0 -9999.0 -9999.0 -9999.0 -9999.0 -9999.0 -9999.0 -9999.0 -9999.0 -9999.0 -9999.0 -9999.0 -9999.0 -9999.0 -9999.0 -9999.0 -9999.0 -9999.0 -9999.0 -9999.0 -9999.0 -9999.0 -9999.0
0.0 0.0 0.0 0.0 0.0 14649.880594439164 16879.013217516178 168637.66232229338 71553.08339051 115128.6525773479 27570.862890811582 110657.19124036904 34207.219278514334 61933.59562063125 80439.70373772997 44971.14953311012 84431.58298902186 104957.55386250757 143167.79224190876 236531.21371214354 150295.63106647236 138359.07306745835 172440.61724277816 116587.79021859697 127789.43059176125 184827.91850380774 120882.3478050332 117412.5505253824 55035.86916518555 96240.28575937824 175814.25019510408 8031.214020677619 -9999.0 -9999.0 -9999.0 -9999.0 -9999.0 -9999.0 -9999.0 -9999.0 -9999.0 -9999.0 -9999.0 -9999.0 -9999.0 -9999.0 -9999.0 -9999.0 -9999.0 -9999.0 -9999.0 -9999.0 -9999.0 -9999.0 -9999.0 -9999.0 -9999.0 -9999.0
0.0 0.0 0.0 0.0 1651.41424801 1462.84678087 51713.23677245664 132441.05010294498 161126.64016420016 55395.05660047958 39345.5813572863 54460.20254416005 91763.15324391567 119270.26082195893 121790.89858300616 34040.003644377866 62068.49122822131 122965.00573113313 148800.0038989622 181954.7422832956 151107.1881144347 101716.69007577508 78148.59311711323 91210.51108047593 170825.8277856571 178156.84419534414 148876.20797921414 99583.62156934344 94990.30167470961 205025.1528294746 199777.71177328186 -9999.0 -9999.0 -9999.0 -9999.0 -9999.0 -9999.0 -9999.0 -9999.0 -9999.0 -9999.0 -9999.0 -9999.0 -9999.0 -9999.0 -9999.0 -9999.0 -9999.0 -9999.0 -9999.0 -9999.0 -9999.0 -9999.0 -9999.0 -9999.0 -9999.0 -9999.0 -9999.0
1016.31875467 0.0 0.0 1395.70648381 0.0 1022.11790156 12020.024442142581 36881.46971850912 105954.55522869882 99684.67188175458 71265.20388847322 60134.65416586237 58062.70275388186 76958.88056524447 61354.265649572924 72445.04688208652 60924.24197543546 88027.24976944554 129302.85109402897 156490.92076866276 228706.63430440731 91693.1524383793 212590.56801445235 245455.97511261393 239035.94122770865 255376.19739688653 211693.5977289454 174951.86618556926 195973.62488121516 140633.42903887542 150741.55519766486 -9999.0 -9999.0 -9999.0 -9999.0 -9999.0 -9999.0 -9999.0 -9999.0 -9999.0 -9999.0 -9999.0 -9999.0 -9999.0 -9999.0 -9999.0 -9999.0 -9999.0 -9999.0 -9999.0 -9999.0 -9999.0 -9999.0 -9999.0 -9999.0 -9999.0 -9999.0 -9999.0
