critload/trunk/output/1999/nload_var_ag.asc
ncols 720
nrows 360
xllcorner -180
yllcorner -90
cellsize 0.5
NODATA_value -9999
[rows 81 to 107 of 360, columns 496 to 557 of 720]
3598.76120106 3263.37122943 2887.08591638 3603.07189541 4031.45127756 6290.972294376685 3911.6678159 3597.08259855 5566.0767336 9887.619506482251 14951.980528557384 11624.65148907872 8458.70286609 15940.135167996234 20414.89237793072 18428.60116745798 22795.505727655083 12395.816719268772 15077.641501774999 12945.327963877686 9142.56320188 12556.179399093571 7529.867373458001 8195.988320122158 10569.833633328866 12880.121910599739 11842.78899768972 62972.46895733775 118326.730306 220484.87384531708 117759.10209281622 138228.647844 154839.551118 286130.83761413523 72291.31380831689 71594.28566231635 50312.41848173583 55262.31836385525 11141.750929678834 8871.625867976101 219137.13355899102 76589.87406946949 72363.13881231411 66343.67492808827 55976.17500475665 29021.236300962784 58721.60317059394 23887.1563875 18847.977864079614 6683.30462929 4132.42557187 9816.8266395 28667.153657515726 103152.60535154623 36183.998737418464 23039.746125 42501.27438654596 21249.2271173 53772.86221728894 47847.927645302225 47183.46991622332 49898.72627950119
4089.41074332 2137.65109422 2983.91055253 3238.5983085 3580.18860079 4071.02981263 5191.79398129 3318.20902351 5371.818482030846 9724.20837716529 8775.70240374 10857.569968249245 13105.84840926514 11664.724682 13154.3991047 9703.42130288 18344.398047402672 4313.58501733 5570.87035285 4752.425689133897 5183.86663798 13118.553422362282 12941.988940611105 4454.979388777775 13948.041650775933 16250.13603478112 19133.59041745404 12663.891750244884 13942.279416828334 7764.526336495901 5177.66004321 13008.1140245 135405.57837911628 102641.39751309218 55497.77394867518 57310.44774487411 55504.856722826546 836863.9871487499 296478.8849824031 246584.19880455668 2512.391568653199 169033.58012462256 78361.89129948475 66469.02482621156 75742.58958610182 216520.673511901 40934.060062103 45494.63825930748 26857.79676345997 9086.9518902771 4852.6464555 5025.50336737 9047.20338366 10203.3797283 15300.5495855 39078.46721290975 54749.297490617064 54617.21503990407 37389.39922593102 50475.66992600811 63719.996161805175 66321.08642608479
3130.86308062 2239.43603257 1691.53242786 1215.92124717 2667.14556389 3737.3772333 3289.42160025 4358.1290544 8893.57174957 5303.83057167 4036.41231075 5773.15895058 12301.40604 11019.097461203133 9861.93004387 7426.6473414 3834.37515613 6665.01286132 4657.10342584 4683.929014388833 5620.9420081132 7630.708147925618 7358.44659724 16866.04124369951 8365.895672738392 11615.857799674655 16745.54995113482 14392.832988793523 9156.039580060724 2507.389727754944 413.74145328 809.78083686 7055.60107806 14403.585891872486 15539.681077387975 174274.7994120771 406041.7355221904 643126.9994557045 607544.1026358961 323702.4849958399 115014.45830353566 29592.823010563152 37982.533269245396 68934.96280922872 70010.63824616352 77493.0854648195 57247.108186652345 18764.7671172 2500.97022247 4012.820208 2982.47131698 3344.04540747 14653.2247297 10514.8111253 17952.871396077277 11222.060535 47692.51053477563 58947.53286928819 59294.5537624141 27531.84470317699 21826.967368509653 14559.413103953591
1870.19208375 1976.58139914 1221.05241468 1343.13823667 2356.26323273 3615.9266052 3651.41871506 8795.2600092 9489.48135 8455.26442215 5617.47355182 3368.46035893 4680.4769751 5794.113325195573 4538.3430609 3447.99987263 2418.3742905 2943.67076304 5147.58095147 3329.97045475 3156.2475163 2577.38469706 3457.2826093750464 8853.302463828548 9478.153993181859 15032.164912051076 21328.305877240633 153287.82112424736 97608.4614685976 10185.063595775386 7099.056796800314 9963.51437687 2792.19506202 2190.09777565 3226.05948123 22028.534272317967 39613.14491734784 52390.80274776179 80422.61135426437 115348.42489956558 140458.05401865675 582974.4350121774 172483.11244318917 133499.40938096817 77544.75306860163 68629.98851439652 58355.678561844245 43182.80830556996 0.0 0.0 0.0 0.0 3978.60916356 11376.7885497 18391.01906341294 15894.623436240981 26886.1553527 69936.51303836356 220949.42355139743 33188.0442056046 74821.43524879386 76435.45312715821
1868.76717957 1785.59278878 1784.16073859 1422.71727465 1506.41435767 3732.32267067 3323.63907531 4702.86980688 5588.32274456 7341.8350572 4444.84047592 2632.06418024 2534.84687178 6425.99761771 2280.0792739 3662.76969577 2549.58078375 3361.03005096 3948.41321724 3447.84286431 3989.41697497 4109.905532129688 1978.850311518496 2387.24302 3214.14892939 9521.802058117937 33666.23948575781 158386.5426059903 239961.71276783827 228399.32642756682 118928.6167877646 173416.74506270152 28813.82587152537 39027.80682639064 249577.09369499466 611141.3234435517 728100.2339921389 21034.908843556124 23700.0498253 59104.24748281829 21344.759822205688 27363.880783188615 75319.12180797284 468598.1412727097 100155.08157191433 83029.44205373885 80742.31690297369 80967.3073984941 7738.550218281243 31834.4768488 32991.859409148405 8010.7640736 4137.40776381 9421.691721 13927.553262 10814.6894156 12685.380662 47108.41702121218 59989.3392844577 45160.2465229 74781.61558908486 34150.939872
1341.03919639 1334.84343813 1975.35631104 1720.15522324 2164.95407745 2575.82333493 2959.02661806 2931.36256377 2222.07169635 2721.65799708 3662.87817889 2211.52910125 2551.57323904 1101.98291591 509.32586952 484.155489937 989.247441225 1621.20582479 2068.94849796 1262.35862941 1762.63155201 1205.66160733 1254.52017337 2203.48443546 2199.7662370546823 999.786768585 15888.6509096 21897.482540604815 9621.499356555181 22690.03813010894 297341.3480467419 952844.5698442691 623399.8971910743 850946.603199496 411396.66911950835 530047.1246042564 515420.9282571208 14090.0447475 12679.7806065 41274.3472779 24544.560341408334 12442.684959569373 9890.850171 28844.4111952 86706.25152681908 215850.4283821036 83103.89332487716 86941.5956651019 73003.5547310512 60891.144922748215 54342.96167130925 49429.95487010934 24399.785517993416 9538.163262 21898.44013592565 46322.623193034306 29800.87798635372 17473.9742083 24726.8170859 28698.172596 30576.2428125 22447.672044
943.45169484 1766.85515858 1982.82144308 1552.28454235 1993.74484039 2056.00970081 2313.41683328 2323.71943777 3719.07386408 3673.23939611 3819.41462661 1108.33295586 35.89180455 28.24784283 28.7486334262 88.55634574679013 385.345044315 546.779589203 395.63334492 731.668711995 771.87545577 1112.05399536 3629.9914938 3770.08851945 1231.72819165 9180.334497899501 4137.262149116303 291.00717468 7060.83597331 147051.51526216426 122199.0847274352 87175.39761143319 208307.17012057736 20763.232058184112 5101.839972188489 5110.435432254177 6076.787542690307 8378.079733482917 4493.0993478 7731.80221433 10905.8269618 15131.78158965066 15624.453369657245 15949.8312118 30521.0491138 61249.1714258 32853.0992611 54990.73414471623 57674.700475966994 67085.13340925383 67045.30031993976 54431.761354153794 10281.190051001846 5337.10880955 1408.55884047 11029.623343906856 27536.6977837 30663.079651894608 20417.608162732377 8714.9448477 12945.222654622401 28252.734020403586
1306.33403415 995.21371917 777.188661 992.1984723 1567.18690618 3345.59585423 3351.08535966 4037.0059428613863 2560.80483997 2886.9650784 3043.11583058 -9999 150.157244753 367.002703624 38.44209935241135 122.59632863673625 162.786696187 191.02550150893944 414.04660596388334 3619.11664344 1419.65344638 786.714768680212 1416.987537887084 3072.467611043602 14971.695652580649 32730.347015344647 319193.20011406497 19414.9486064 9474.19364205 274840.5051500147 90989.35872843335 53716.20535756438 29659.347831537838 14796.16307332128 2294.433692412863 209.496819161 0.0 518.720917725 1936.70048407 8446.1346765 15003.2333003 7605.34053022 8039.85751684 9108.235908478047 21042.46747962399 0.0 0.0 1354.35702653 2182.474869509779 6951.817871237031 22946.4350501003 48718.638469551464 49912.10716862197 26102.25660541663 19293.2232195 38565.056667987024 27853.3034499 41547.217895360394 23510.075495 26302.187254771572 6736.5820171960695 11013.60582891115
2142.99108276 1608.28517088 1607.02718715 2338.1813855884525 3056.759549329467 2887.21877535 4801.03322868 4008.047814388945 3983.8928163 4567.276205907961 3852.19483863 1536.96569124 212.754774839 769.4658934595047 584.912385216 323.23157721104974 245.04173584008433 1944.23018762 2731.4388365 9170.553014794958 87189.56103781205 115197.99807648236 119424.21538524942 68862.99081033086 72384.5998725764 61176.29425445879 76307.70053638096 1853065.540023949 51628.54751255627 22561.351026716995 260258.6340630298 124501.07420567544 211231.71474451738 38937.91360787963 1554.3401626238006 674.3949308010097 1651.047858847753 481.98553011 2538.3546819 2093.3115831 1601.61550695 8191.897133203917 7246.455004015943 8098.756117157066 9620.066436722354 50464.04214733511 17411.726011105715 0.0 1875.0744342 2071.5283368 336.647862427 4694.4336546554805 28862.075042520453 7860.82478963 21444.61943306779 29251.709995806144 29949.643210267674 46960.53606506324 66892.9439730116 45175.773101084626 44061.193312464035 41364.92379996997
1036.00350425 1323.5292386465348 1825.6888784873797 2071.05174216 2440.48313109 1697.59950194 2289.28461897 1522.68304759 8745.570896938852 20631.829623911715 7672.03935518 4827.22371369 1632.08767207 6425.023324470649 2924.95501741 2850.1071144 6077.356892283775 4859.69415 18007.1277986 60183.876158681065 155248.54234709975 304031.28510403546 57309.45187601276 60956.70447543396 0.0 689263.5414120954 503736.141924 587619.5263219256 219197.6239942354 20488.3311762 2545.42164766 3008.41934904 17178.018888551775 20932.67958940904 20900.393853035464 17809.28406847718 14576.138993052447 12042.331146606659 1608.82099598 2585.2931454 1629.8518665 1630.44908754 1357.86298144 0.0 0.0 0.0 0.0 0.0 0.0 0.0 0.0 0.0 0.0 24528.4461103 43587.47396768297 20663.83197948623 11378.813663940158 12948.179685445935 9468.273060912456 25122.9180945918 22199.378657692887 21332.56519032819
10311.041055591406 2232.975234560385 2283.7365201 1262.27834208 656.744635575 622.455989857 502.700091692 524.594855281 3879.29995633 4160.622545960204 5275.678854562351 38850.92918253139 41844.9102283 33191.6262989 27711.19678938827 20412.2153088 34911.27091481229 47325.6771243 71452.07707445676 76620.02792065067 125644.5360921618 162126.62710870767 164136.83517915645 125015.84922731876 68809.25901774631 914776.6579805667 805906.9073352864 677612.5559612665 474324.14240199456 148855.11389351074 265398.6342345167 192797.51033797456 256963.57898953694 73977.22081541523 66517.5761010113 163757.24295088154 158369.9456388894 104147.21731801603 30956.24661436565 56046.652057557905 83088.95583892656 74228.00813179539 12726.60403937252 14082.084808152003 4637.07968859 0.0 0.0 0.0 0.0 0.0 948.831691608 0.0 0.0 0.0 0.0 0.0 0.0 2.9710748189038187 1364.30305448 4866.93567135 3556.534091 3990.59369272
29251.162823656898 31069.600848467555 8246.14068280339 39385.19284159482 25597.927909293438 32016.876167565373 8514.25317027 2935.56236306 3387.47990959 3833.16449273 4671.75820578 3578.4636104811802 47826.44911346257 81408.28830162059 69078.75153780635 7740.762968321408 7897.122870218624 6947.31266277 26611.1194947 33471.4180947 50501.95336169051 68046.02826743592 36242.27015756587 5538.090071032502 7699.733936700809 389205.8309222692 944410.7456610544 1045815.782001113 184849.1769700199 873130.6269658827 1190505.8822105639 631370.6250624558 428635.4182255669 130419.46643336257 214650.39961909197 248018.12170560332 638970.0950164057 1755268.146261197 867578.1053629378 629351.4600468256 375247.16317055555 420622.8364699111 343570.3013939643 302779.47035163565 141416.03744578882 30278.44734419824 25679.71551386058 0.0 34044.76501509823 35713.2452197 108650.07464597067 194124.55033069281 0.0 0.0 0.0 0.0 0.0 0.0 0.0 0.0 0.0 6377.943789159577
22626.419622350793 47887.67374397358 0.0 38403.193545832735 30637.974314565585 569.4462155084994 3183.442569885842 10970.771640561421 9767.26464656 14117.8464407 8139.814796026869 14435.198947964249 15439.26656241072 28699.41458247441 38906.40524785355 51478.86985829112 27791.908820157652 102466.21902905198 92423.98222779456 33266.19616689331 267462.63689926325 126819.240127113 164492.5868817187 270631.1116767186 294025.7778709138 1541152.682114761 786223.7923756705 1925429.1143322394 2199823.8824652606 360935.61284715147 623173.3391010569 1058038.280701208 667754.6194073593 619937.8065772917 419627.07489838416 674465.8713188026 355659.3783510031 1022210.8500655601 882117.5276831103 859466.5892989893 127067.69907948293 43325.77728169858 35821.07475 54315.2162685 42957.7243536 14858.9147254 0.0 0.0 22185.363831 101274.412752 92787.50756126583 88854.92241135458 584751.8131923144 37224.87460355522 0.0 0.0 0.0 0.0 0.0 0.0 0.0 0.0
7207.853179796596 12958.84142988158 13505.91967897355 43267.52645090896 33846.03753371003 43072.38776547709 49927.27817975849 263639.55493149103 455190.5880120985 152299.42395024587 130728.03471697253 133556.89560968635 294799.33104762086 320488.34605648904 324354.7023964079 120494.81147976908 178804.3506075124 143990.61060827918 128201.848209 153101.112064 354479.5552064049 258131.118173752 148999.16599696164 344410.6083687291 137302.4847819891 466132.72380545636 1286003.8836057591 520349.76467747556 262883.2859027872 127141.09416625054 369295.5898894579 439263.97472777293 781136.1254553451 2025672.365168922 874369.4098798216 1308608.5874058828 1569539.769817889 940017.1671776094 673084.5281856654 306875.33604132565 66714.95153168653 59777.6991174 64585.1307708 138677.677121 29652.538599 0.0 0.0 0.0 0.0 2463.55410377 34796.7104166 34129.2942698 5573.08778207 36987.8134496635 0.0 0.0 0.0 0.0 0.0 0.0 0.0 7107.60458295
15123.053411208497 381.6973333691766 19883.300771875973 53502.53685923953 59772.07064165278 147493.49301405053 221688.33187086968 495595.199793889 548971.6381791905 538915.0357073034 562820.3640285535 119813.75961922004 541145.9110655742 238411.04667277512 447912.0328855945 364010.34584165225 132272.266592 33888.6613489 36037.2386745 170143.81858 149268.1955765165 125877.51301125388 190461.17662688636 30208.544270692888 0.0 74535.50418196348 98047.98568952497 184877.06728068835 482414.9979086441 86673.22378553958 103515.55645818698 94709.76464710118 71099.55734868183 84640.5488489477 118470.7547923443 71441.2949678 291701.1329911392 173558.16595261559 75355.21742121072 11134.893190473153 5386.5395028 0.0 0.0 0.0 0.0 0.0 0.0 0.0 0.0 0.0 0.0 0.0 0.0 0.0 0.0 0.0 3645.39966885 972.983468835 0.0 0.0 0.0 0.0
23930.65756757774 19551.826181385226 43163.820691943794 97933.24009713941 1050374.9423512141 87290.93731391526 387126.2401801186 358122.07186121325 129257.51644998256 145725.98583865765 115426.52869640438 327772.80621362856 338808.47362985765 383005.35543722706 308622.3868859503 356748.2179206045 440176.19352038257 162942.87255360247 35678.531489572575 20525.669320701632 21867.788512132454 17498.839857359035 427380.8415025051 58354.7455532872 730229.8920658334 519066.32097318093 181371.19621019566 230409.06595901848 252054.68183762862 417045.2189293417 148721.2145370654 0.0 22202.821676187355 8330.1202301 3411.28362371 161954.151181 155377.45006261187 138821.651789 0.0 0.0 0.0 0.0 0.0 0.0 0.0 0.0 0.0 0.0 0.0 0.0 0.0 0.0 0.0 0.0 0.0 0.0 0.0 0.0 0.0 0.0 0.0 3963.33083947
5134.87138993 32000.390981513563 452239.7090294958 382395.9281195726 149140.95046476924 92745.76382463743 133757.86884787344 926386.8558478812 186553.58165131084 327986.6230875424 249456.76361764065 252364.52416043018 137489.6109897113 105091.02720556172 110029.63488493403 103037.73420901161 175191.95468340523 51651.74377589429 29896.4057897745 10935.227017368936 16420.349286599187 175299.16504023847 340870.58858228277 114532.10447539206 176184.6180057829 45641.5594813 1228.5168437372558 0.0 6423.114182347564 37055.4428005 10267.9813442 2237.19154798 364.929141298 0.0 0.0 912.050073971 4823.60833147 0.0 0.0 0.0 0.0 0.0 0.0 0.0 0.0 0.0 0.0 0.0 0.0 0.0 0.0 0.0 0.0 0.0 0.0 0.0 0.0 0.0 0.0 0.0 0.0 4181.5952199
19356.483615337347 260917.21907896845 938373.2795378587 360990.93371449783 95974.6793037857 547861.7145295915 398637.77261484246 164720.59685132926 632875.9444003535 1147028.445990291 149526.4078523255 279602.4173704181 61092.74478416388 33393.34467504932 42136.42782593736 24683.056676279193 28346.637138482245 99759.72550111228 100106.70456148642 838641.3716276656 942424.0930510588 94440.93827595569 101090.85620529755 34257.762276699774 56183.696138435436 7064.54105386 5781.36809595 4112.202615416111 0.0 162.392916991 0.0 0.0 0.0 0.0 0.0 0.0 0.0 7746.88749006 9586.58741726 7309.19154263 0.0 0.0 0.0 0.0 0.0 0.0 0.0 0.0 0.0 0.0 0.0 0.0 0.0 0.0 0.0 3001.05411521 5101.27820514 6029.29676612 0.0 0.0 1837.93748355 2849.74126344
269443.6622027082 328199.7422834482 488736.93236558675 272091.1516109618 118496.8521399175 828325.347343631 335125.66612160596 683933.0642634674 144840.43049143665 110784.68426422776 129469.14230619142 209655.46099624166 112756.91455224034 119375.77886774181 96501.67913894005 86218.01259748045 81298.19488844977 64100.05795303728 32812.4130426 68553.4887198 64074.782178 33867.2403615 18309.301199888094 1091.8673712283721 4303.495697776332 2075.15202665 172.476950123 0.0 0.0 0.0 0.0 0.0 0.0 0.0 0.0 0.0 0.0 0.0 0.0 0.0 0.0 0.0 0.0 0.0 0.0 0.0 20.160744416618485 0.0 0.0 0.015984920084842792 0.0 0.0 0.0 73126.94778065533 0.0 49657.8581523 7929.22521102 31786.8531559 23989.298441794326 11157.9495468 4095.2315361 28050.5002532
174736.9440544552 124090.51135109476 359472.0014342435 85891.79367493268 66829.46770105619 77736.05762463738 68435.56012011612 44896.48561980573 50947.05104738532 47951.57746743639 59137.85541528972 52571.010620817135 228395.93554721653 370581.59157279314 388781.763570041 73026.63749562691 215889.37641036639 172912.05470300606 137432.49541968238 73717.5590289 45505.28682579833 101516.12853497156 53135.3158961 990.436325808 0.0 0.0 0.0 0.0 0.0 0.0 0.0 0.0 0.0 0.0 0.0 0.0 0.0 0.0 0.0 0.0 0.0 0.0 0.0 295.982457045 1484.98264804 3701.6201829682195 0.0 0.0 0.0 0.0 0.0 0.0 3537.19304662 0.0 0.0 0.0 22383.6334708 26414.3109357 78062.13793057152 39045.588388004624 63770.470078586506 95964.61385836294
56762.50237977256 52933.93925735743 54360.498112224755 56157.631222540585 88646.96369134895 100818.3661967619 74494.37209331448 68364.67308407968 40798.094093315594 19616.014559934945 6193.518019420644 0.0 66400.23958990826 85128.04048696712 194054.71521576025 171744.27831867483 50733.2950044444 17714.54419652289 4448.831466734003 15322.100409497154 3734.69680365 0.0 0.0 0.0 0.0 0.0 0.0 0.0 0.0 0.0 0.0 0.0 0.0 0.0 0.0 0.0 0.0 0.0 0.0 902.99166633 759.655168405 6206.146673186696 7929.106319483408 14059.65761718795 0.0 0.0 0.0 0.0 0.0 0.0 0.0 0.0 0.0 0.0 0.5954138812560165 14734.6653077 14171.997147 0.0 78954.9189737804 96326.42536893848 102388.23476639444 430688.7863238352
274547.6420301922 537675.3853479328 342144.3252879448 238381.09733846463 229850.50627423366 87977.56648019103 42847.44662614653 29184.880536351633 3774.852051211147 0.0 0.0 7993.028885351187 55734.73188216631 74847.35358709891 99555.0891548208 85093.85805076314 196571.903838 4974.030266868958 34279.71348 4033.7328405 0.0 0.0 0.0 0.0 0.0 0.0 0.0 0.0 72.742485933 0.0 0.0 0.0 0.0 0.0 0.0 470.623089601 0.0 714.011078475 2220.878994842923 3316.43180925 31581.477546803984 29529.806824843065 17350.6354803 13533.4529218 0.0 0.0 0.0 33792.8676547 0.0 0.0 0.0 0.0 0.0 0.0 3024.50539477 27528.77965359061 27519.747014150624 52905.54172686843 0.0 0.0 0.0 0.0
498424.6118422664 354838.73072741437 273480.531197743 200487.63151165977 257240.95177002522 98857.08498701006 65147.33389383326 5353.860587015542 3481.345223154225 3485.4621756436522 3025.9119491280967 0.0 0.0 10761.6937526 98248.39705708191 143573.1468528794 81637.6983712 93316.8159265 163416.31902375777 4468.12678623 0.0 0.0 0.0 0.0 0.0 0.0 0.0 615.892044 159.850691325 359.18998335 0.0 0.0 0.0 214.775567748 1514.18087687 13003.940327371658 26.652623602904068 6812.415470266694 17022.275478 55036.107791946604 20431.80216652182 42799.970482068755 41215.254135 130930.293342011 12283.0420905 12008.372355 6574.27991122 0.0 0.0 0.0 0.0 0.0 1014.48881438 2262.56204655 9224.9452272 0.0 0.0 0.0 0.0 0.0 0.0 0.0
137221.92372444877 611021.2951045118 119630.65516284117 325676.0986819513 332595.214463558 51693.54543069693 41425.11505248546 26261.998565395188 4623.916142815831 0.0 3957.8649547383325 4213.327740026541 0.0 7744.10000153906 125562.20245633415 143665.74666557423 103652.461728 34019.5439916 170719.03723078177 22687.8308068 12219.53484524845 392.4147712653946 0.0 1007.81237581 4395.01405823 0.0 13.319533433284985 2140.06081406 626.8734124474188 3136.80512765 603.34612569 1106.295404423959 2461.49702895 2734.3732734961263 0.0 1255.5771063853329 47089.1570074 82659.79064761967 48947.074572 0.0 0.0 33185.337247480435 35324.2522395 38340.6051735 53446.7735962 135628.458672 114636.729579 3049.1683431 1496.3835744 0.0 0.0 0.0 0.0 0.0 7673.8194918 18279.5419397 15334.0375752 0.0 41312.76235859591 0.0 0.0 0.0
187366.20523266812 237133.41831317922 605021.6554508707 101711.67520514311 64448.29819910992 111942.43486231739 145657.88641417003 17803.51321735345 6011.812625363433 5323.137264351248 0.0 4532.036738938203 0.0 49161.87960499666 107801.04095182207 137090.50796856268 154753.85836928122 129128.370954 76372.7015663 74907.17432187292 25048.9335064 64925.3547559 5624.16820492 147833.52695437838 16418.60306610222 4531.74332487 6812.4393711 6748.588854359552 197.80299977516233 1820.99082758 4594.281380259452 12571.941322431918 21843.65778571293 28533.7137645 67426.60755206346 72905.79130900883 72083.87659969958 79835.588539566 61029.112203 38639.546478 24885.3038138 45200.46451366914 30840.372719749404 77677.56977839267 25339.4841 38562.22776 46058.590536 145772.1978646541 3214.74887766 2254.30384984 2938.9897671972003 99.73398334368557 0.0 0.0 0.0 2319.00085999792 83210.28381370322 9351.56732266 244905.00044408772 302102.65143 352861.0204277138 910339.6049244434
46748.513529890006 217410.98998807045 358376.4847178314 114207.79389457518 186374.44643949356 278651.3057359467 178715.03259014746 43425.31537256036 18655.545271433562 55937.80700363163 69476.60088055016 29657.287017419392 0.0 0.0 54554.275714215495 71614.36977975932 130897.38832027244 121281.91775928554 149422.2916608616 137852.766232621 159798.41026465618 105655.20555 74155.796055 0.0 0.0 6009.824792260325 17570.797669012973 44011.94650135751 13491.3773716 29196.6025196 62138.51386763146 55470.1065 111945.935119 102489.95706 47804.71753813882 43439.05396407122 45178.430480478215 0.0 0.0 0.0 0.0 0.0 0.0 0.0 289799.6793808725 0.0 63070.771236297296 413444.53157132154 245991.8662068169 23516.483974181963 79005.83304821378 2546.0553846464413 301.12065184415064 352.554912296 332.8141085788961 4360.046317479773 767.9060122020667 485712.7523880776 5004.562210340128 181395.9767141193 169322.79230002954 288775.67974953726
53864.41312387224 280643.2932795226 292834.9013186163 216206.3167959586 119997.03066059545 94468.66491678392 38510.333729691076 52080.68090534569 185559.73812915775 51123.41047115474 65006.33185822801 82146.41264000443 117242.04004401 212521.5546425014 0.0 0.0 93096.21350458403 126635.68774091586 127643.87885484505 126834.6418109408 124313.01123670874 84626.328087 124856.95837167735 94796.0313525 85122.3652348 44989.1908807 88763.12690825059 94735.7582832 106412.07378540972 62160.33393 53047.06173156312 49303.62581619901 33544.9316422 46073.03722538675 46156.5274497136 0.0 0.0 0.0 0.0 0.0 0.0 0.0 0.0 0.0 0.0 0.0 0.0 0.0 97648.61131880037 79496.82956803593 0.0 50180.913269381475 44196.70501385065 43076.62551157293 165608.05231357028 120622.56516823282 161258.53748467093 205444.88150201336 288377.3724135234 189924.00814735322 157304.71628133743 79532.92485098637
