critload/trunk/output/1999/nload_var_ag.asc
ncols 720
nrows 360
xllcorner -180
yllcorner -90
cellsize 0.5
NODATA_value -9999
[rows 189 to 215 of 360, columns 248 to 309 of 720]
0.0 0.0 0.0 0.0 0.0 0.0 8830.437641836443 13094.29831702255 15797.043164883573 16337.807456378445 0.0 0.0 65273.589176545676 150051.44010741185 115381.61788311134 144288.50534441485 120893.18089704232 128790.70290134508 42115.8708802996 45027.39495122509 68275.1737223934 62839.07691130634 58908.86926170136 28471.496940262143 31651.168149822814 17542.278217294323 14228.260330429426 21831.153465054806 28743.444710992728 39279.778627890555 94927.21009341982 36471.1695876 68718.5953058 142438.498982 29758.6217472 17371.565887160003 57208.4107551 32705.68729146187 0.0 -9999.0 -9999.0 -9999.0 -9999.0 -9999.0 -9999.0 -9999.0 -9999.0 -9999.0 -9999.0 -9999.0 -9999.0 -9999.0 -9999.0 -9999.0 -9999.0 -9999.0 -9999.0 -9999.0 -9999.0 -9999.0 -9999.0 -9999.0
0.0 0.0 0.0 15170.402811763932 0.0 29396.512451284194 14203.186013855877 0.0 0.0 0.0 27422.338990025135 64742.71811260855 83566.44868698207 184346.9383729288 114678.30256386957 105271.94339366572 363343.32372999674 147977.52760251262 79935.15997164647 111053.83435741244 83020.07817294067 65301.80847080288 74675.31124571129 32277.02715776684 1920.502562796044 6916.256221721218 10755.663035184087 34823.809691433045 30238.447156140002 38218.74888888559 45743.04254598389 45330.5996935 142329.567441 58252.014531299996 23759.75422164454 35577.2027532 14859.5938567 58816.083110742475 12406.251786593673 2898.5701601034807 31185.256909292642 2918.844953283862 -9999.0 -9999.0 -9999.0 -9999.0 -9999.0 -9999.0 -9999.0 -9999.0 -9999.0 -9999.0 -9999.0 -9999.0 -9999.0 -9999.0 -9999.0 -9999.0 -9999.0 -9999.0 -9999.0 -9999.0
0.0 0.0 0.0 0.0 0.0 0.0 0.0 0.0 0.0 17145.32551256856 0.0 136508.68777535006 240246.55912872907 198323.79303657397 156173.22030883262 193607.27685904872 173163.58119566407 122475.17809457082 101751.41875812146 136070.01142306533 80143.92555089269 28436.060069763083 35009.417835 12621.291878069998 4729.112814180105 9634.09735577732 12841.509452644743 28430.929565986866 9044.915773244493 28940.05280899042 41418.78588189227 13838.10368325 59449.79589692977 21945.58389398 16309.00600859 50669.829687699996 16747.4777535 36680.364239 30647.799086409737 32487.869693990266 132131.1886910085 36874.890874037745 -9999.0 -9999.0 -9999.0 -9999.0 -9999.0 -9999.0 -9999.0 -9999.0 -9999.0 -9999.0 -9999.0 -9999.0 -9999.0 -9999.0 -9999.0 -9999.0 -9999.0 -9999.0 -9999.0 -9999.0
21728.1537758351 0.0 0.0 0.0 0.0 0.0 10343.102474269974 35313.38496977925 70701.0600572907 88710.12081937378 32576.243204783874 95772.25569893411 268924.4568738126 202029.9273027705 279104.10503781564 261290.85573995687 280680.8795233254 154912.88086208934 52408.12399319153 116673.27681275322 53535.17476031734 53929.19464797285 26613.31321612501 6099.170503552129 7161.330989702567 17893.27418282843 7151.077021783733 38336.223613107264 23163.635717226767 13081.55618510033 24505.009524679997 16664.7695292 111490.88145756477 92893.98166658136 142136.2891883832 239875.37126542284 138410.38492351395 54792.389467600005 83129.7972777 87639.95802453127 171598.04327800573 280785.61749957164 0.0 -9999.0 -9999.0 -9999.0 -9999.0 -9999.0 -9999.0 -9999.0 -9999.0 -9999.0 -9999.0 -9999.0 -9999.0 -9999.0 -9999.0 -9999.0 -9999.0 -9999.0 -9999.0 -9999.0
0.0 16644.57538005379 0.0 20117.74174364862 0.0 0.0 0.0 43522.14430633542 136906.15025518276 178529.27999428485 136292.78050220525 255548.33186113415 172778.47477517332 154562.43746045497 251836.04178789226 221317.7415916014 353258.7586803375 127431.54430249736 140266.60548403653 117137.12480957145 136773.68411087213 86946.13092778875 55159.77327255664 28365.088309889943 9265.831692007752 7682.847082579748 14777.63083253671 40900.556937751695 63991.60704602518 34663.58946036863 13788.14383432 32307.6316016 173834.3882390701 321821.392332666 139164.92482761564 125676.5542593 147394.3012918 47369.001875 62098.47835976214 78119.64472669926 462693.5019489002 516578.08763648896 0.0 -9999.0 -9999.0 -9999.0 -9999.0 -9999.0 -9999.0 -9999.0 -9999.0 -9999.0 -9999.0 -9999.0 -9999.0 -9999.0 -9999.0 -9999.0 -9999.0 -9999.0 -9999.0 -9999.0
0.0 23816.07860498389 17767.203659965024 0.0 0.0 0.0 0.0 0.0 16129.752697506196 17372.83644045256 82313.77426301694 112556.36567917853 171195.46326907218 148977.43843725175 225594.46478143943 177465.16271713848 136649.59537146703 93802.25641616397 63785.372330098115 88244.00586137448 75064.03750584862 61987.317669365504 38434.87942378527 38998.93280003422 21689.776964619483 36894.7817713 16121.56295975 14323.73857051 6395.039913515547 12003.720658119999 28994.5891147 70209.5588454 94483.67240738652 271913.50712253415 267147.8740007761 321064.3630730894 114067.51896225581 147179.69411502645 38627.990703179996 65898.82150311915 394392.52787995624 517379.94957204675 81715.07818817323 -9999.0 -9999.0 -9999.0 -9999.0 -9999.0 -9999.0 -9999.0 -9999.0 -9999.0 -9999.0 -9999.0 -9999.0 -9999.0 -9999.0 -9999.0 -9999.0 -9999.0 -9999.0 -9999.0
0.0 18399.124836772324 0.0 0.0 0.0 0.0 0.0 0.0 47103.16976278395 33786.26512748767 112322.34439679637 127882.10989779278 168252.75022691005 124876.1867688476 216931.39655242936 232609.89929266577 193259.11478231274 69021.28123641721 20025.545547038368 82605.90722297302 52326.621749453036 19818.959847562364 9889.336079820228 37382.07793963507 29299.480954000624 46912.002439699994 6761.811645905 5584.67935334657 4722.18544355 4749.74182045 42170.7174992 90844.96278618653 103246.97312311179 151772.3516489597 141884.62889470047 165157.5576861643 96384.0774729626 61094.53859061848 64042.144245613104 101929.7404024226 322418.9992051731 721442.2091051232 97044.5370694267 -9999.0 -9999.0 -9999.0 -9999.0 -9999.0 -9999.0 -9999.0 -9999.0 -9999.0 -9999.0 -9999.0 -9999.0 -9999.0 -9999.0 -9999.0 -9999.0 -9999.0 -9999.0 -9999.0
0.0 28748.242244752357 0.0 0.0 0.0 0.0 0.0 37056.09385683156 19864.86508773464 32445.300268844312 82782.89569019605 170740.5137240478 155845.3395172934 169734.55905983134 176092.1149903416 209856.94892768434 149172.90443953118 103905.47176809818 95573.6025897683 92737.41170128153 42631.21957489633 33010.163921619074 32906.05246620174 39792.96321330724 50311.8803927275 12996.490612243811 5700.058242505 3513.9086372169995 3040.4798934359997 7228.752552059999 25818.692148981998 20946.52337272 17076.49984701 33406.922362779995 66956.42406393494 54470.643292668195 44426.21637599 31354.78648655 232857.9674083175 449123.06458910456 427383.5122812913 944071.6327722007 13392.739521281468 -9999.0 -9999.0 -9999.0 -9999.0 -9999.0 -9999.0 -9999.0 -9999.0 -9999.0 -9999.0 -9999.0 -9999.0 -9999.0 -9999.0 -9999.0 -9999.0 -9999.0 -9999.0 -9999.0
0.0 0.0 16456.351617164357 0.0 0.0 0.0 0.0 12066.664909913963 20745.16927331421 17946.90119675132 88582.30252834491 65840.08369194507 128687.03676013247 178524.67159380828 169674.75168865942 146396.5881341533 141492.96557492134 93548.54011153027 82217.84630412843 95472.95496504498 48927.875357186495 40349.43894299862 39442.543008969995 40139.09948826634 13017.66775748 16644.249340136408 47608.082900344096 6857.67159315 10422.3160942 30531.16957803103 16209.97201147591 15630.79607665 27673.4047174 16024.738686050001 15427.54943203 18438.23211852 13447.522188750001 188259.3606205812 205583.3146300058 378004.36855704617 633252.4908759887 537952.9040914625 -9999 -9999.0 -9999.0 -9999.0 -9999.0 -9999.0 -9999.0 -9999.0 -9999.0 -9999.0 -9999.0 -9999.0 -9999.0 -9999.0 -9999.0 -9999.0 -9999.0 -9999.0 -9999.0 -9999.0
0.0 16886.72339579688 83904.33475125396 0.0 0.0 0.0 0.0 0.0 0.0 29019.544622867572 75592.93134553023 91762.77340035685 157838.84893806317 263422.0454305663 124228.01832623425 94416.46814801716 109126.98248902557 115431.66876339815 83949.26499709662 78652.09226658406 43126.65235611198 35014.396005335126 56076.59062575199 30645.891835449205 22802.887662542576 43929.08188705937 39668.5949907 22422.35756957 19610.48182117 13330.81991554 32176.696316100002 58995.2585105 17769.636044117 9225.431181661 9188.881046823999 23374.369879830003 237090.25551064505 367780.14773473365 471058.71969858045 564472.9602886545 905072.2039422954 149174.74498510789 -9999.0 -9999.0 -9999.0 -9999.0 -9999.0 -9999.0 -9999.0 -9999.0 -9999.0 -9999.0 -9999.0 -9999.0 -9999.0 -9999.0 -9999.0 -9999.0 -9999.0 -9999.0 -9999.0 -9999.0
91744.10689422739 159485.41173730002 318701.80676891305 20107.14306841739 0.0 46582.55235297908 0.0 13975.139910608908 16178.896819682546 90556.51420471164 89964.65130664775 80627.58623702233 181913.54909744114 266800.17116131587 228305.25022230047 182909.58464855162 146323.38058395928 88252.00166488456 114123.37158458482 60831.50077973487 21156.09956376273 51964.3137842024 39766.357791599425 42472.10703048336 23451.972637313458 27143.88956968334 19806.19231942 13794.03584714 22218.826354129997 19461.1310955 64031.978056299995 30659.514866506248 14875.900825707002 13054.967503213 5524.039463286 23533.2388919 117318.29047089998 236959.4308738735 242696.69189521193 723574.0457318919 287771.0620512678 -9999.0 -9999.0 -9999.0 -9999.0 -9999.0 -9999.0 -9999.0 -9999.0 -9999.0 -9999.0 -9999.0 -9999.0 -9999.0 -9999.0 -9999.0 -9999.0 -9999.0 -9999.0 -9999.0 -9999.0 -9999.0
236075.37035723467 300574.60987681657 295506.8731871591 97671.5048731299 72320.57580391876 0.0 37099.48060314223 96858.1697093831 93935.80655409792 148675.99518760626 101248.05051190105 62244.13874963143 165011.82787339843 342833.08442939643 213213.80849131878 189760.54778534206 212812.62750253198 102002.70536779627 78183.81823404765 84286.14032152922 53992.03278343157 91794.58578115032 20699.771987964 51867.20391132716 11105.122817 12937.417083429998 9053.44797225 23033.5719074 23177.38860774 40229.892554390004 42480.525566103206 98606.33616112935 60962.20814841 62273.6571712 8527.24594664 21547.33101147 63990.3738859743 154176.38165363073 265092.86208791164 301387.16516648186 -9999.0 -9999.0 -9999.0 -9999.0 -9999.0 -9999.0 -9999.0 -9999.0 -9999.0 -9999.0 -9999.0 -9999.0 -9999.0 -9999.0 -9999.0 -9999.0 -9999.0 -9999.0 -9999.0 -9999.0 -9999.0 -9999.0
226291.23954294674 363747.2073187338 213853.3381912583 57817.68635661703 18560.652947636074 0.0 108870.31928579671 154393.6123472429 317995.20754615084 177462.9912722709 79745.74464037523 80495.47820660824 162436.01704325379 342977.00285092345 376284.7892543751 254212.62015613343 158259.05169184812 175205.07657994685 23028.911472431526 72286.3916830569 94354.52009951856 66497.058387804 81094.36811838267 128775.94463943003 17800.23074298 21398.32162177 19138.73208454 11046.072569920001 45186.7477988 80770.672385229 173348.16805166018 165494.81391893027 80791.66713174077 102671.31365374873 18801.5288823863 137555.75074463963 247269.71730334134 161703.6854701522 85536.84387942453 -9999.0 -9999.0 -9999.0 -9999.0 -9999.0 -9999.0 -9999.0 -9999.0 -9999.0 -9999.0 -9999.0 -9999.0 -9999.0 -9999.0 -9999.0 -9999.0 -9999.0 -9999.0 -9999.0 -9999.0 -9999.0 -9999.0 -9999.0
86854.27198886221 116846.77972812117 149418.79734168894 104422.33488853152 0.0 0.0 46597.48189865124 99907.119320011 183290.62689176103 169411.82586689043 130926.67798882312 76148.8924965004 61459.085402270066 397483.4744898696 348372.28318582673 289155.1026079333 380877.0901730994 337388.20776256657 120021.59348646135 66689.82435649674 91768.36593272473 162168.42256129638 40098.51586460851 51082.70822244816 45003.464526321666 19346.834568309998 35020.3426419 77723.55261819999 60311.99205797239 199665.48349749998 231985.01152161355 136289.90440952996 38105.9028591994 84087.946638 99866.65905997905 90705.9966637069 241341.22307824407 175739.6038185349 -9999.0 -9999.0 -9999.0 -9999.0 -9999.0 -9999.0 -9999.0 -9999.0 -9999.0 -9999.0 -9999.0 -9999.0 -9999.0 -9999.0 -9999.0 -9999.0 -9999.0 -9999.0 -9999.0 -9999.0 -9999.0 -9999.0 -9999.0 -9999.0
151893.4472882369 153266.0136186381 72528.35001442913 15817.257015066618 0.0 0.0 24007.111349402032 47106.62542600733 103077.4791349826 383129.4568989397 110817.03046252306 104525.66084127121 206488.97566596375 430033.1782868157 295176.08151012944 288848.52531098766 348126.4784149878 297784.8686803166 204338.9229600198 59906.33463236784 42777.819096416184 224343.54237375563 117518.70807596174 55090.13154171657 133786.451177361 46036.61207269273 61599.634387072765 79309.76636204799 122879.82203846735 127700.9941115 77855.9131926 214606.56644907926 61671.29057814099 107461.4025472 103794.10703092102 152652.12154476382 289034.6938307324 0.0 -9999.0 -9999.0 -9999.0 -9999.0 -9999.0 -9999.0 -9999.0 -9999.0 -9999.0 -9999.0 -9999.0 -9999.0 -9999.0 -9999.0 -9999.0 -9999.0 -9999.0 -9999.0 -9999.0 -9999.0 -9999.0 -9999.0 -9999.0 -9999.0
163378.85394986195 106368.42755366492 16982.29901683194 16818.336591513213 0.0 27036.491295709828 12742.541838193187 62390.62355360727 122659.6333648922 248721.12966839364 151779.31704527867 166543.02713079774 323148.34526089235 307995.80394018133 149019.40837921342 317760.5160425372 431146.8015082065 235299.40272566577 142351.23640666268 97285.67672147279 42124.46643821261 80803.9437808005 117301.09904368066 36989.153019175596 254543.3736849256 235806.26418587688 151056.37000700767 321123.5522632238 251221.38401460528 77474.3793742 63150.1947829 123445.91075027641 66944.3234288341 164872.56635546914 287010.2454368471 107907.80741884324 126571.57641398784 -9999.0 -9999.0 -9999.0 -9999.0 -9999.0 -9999.0 -9999.0 -9999.0 -9999.0 -9999.0 -9999.0 -9999.0 -9999.0 -9999.0 -9999.0 -9999.0 -9999.0 -9999.0 -9999.0 -9999.0 -9999.0 -9999.0 -9999.0 -9999.0 -9999.0
919534.2351787724 34401.90623510169 270826.9256096711 15716.633621465853 35431.9944724 95228.9580417 49440.15379041681 85251.37816188035 175431.34848024265 430192.3353797954 134824.0452971461 338654.44460890576 490956.7549825071 361644.4460387201 462370.98906342895 292632.7610056644 343801.87857476284 341340.1937141672 458392.75525434467 117841.79704779538 24449.682034540587 23677.12486090532 17601.157924094325 73772.25451935874 83864.63240857025 278867.47669864947 205801.299238 291554.62210040167 397008.0317330045 113695.27228990942 100609.70475707635 141351.6723259275 109827.54260395044 219242.14767737675 118380.09119257331 416957.4417923492 -9999.0 -9999.0 -9999.0 -9999.0 -9999.0 -9999.0 -9999.0 -9999.0 -9999.0 -9999.0 -9999.0 -9999.0 -9999.0 -9999.0 -9999.0 -9999.0 -9999.0 -9999.0 -9999.0 -9999.0 -9999.0 -9999.0 -9999.0 -9999.0 -9999.0 -9999.0
249346.12524012453 190962.7579919481 35750.83764765418 296446.73092618835 414681.01406782464 97192.71444549067 136038.19772388897 416527.60623936926 506949.8465524386 416522.2769645918 304218.29304747074 565824.7170300174 449801.9955192685 435989.6130569879 490810.8003719059 660935.7223017181 587402.2715055159 839100.7711936958 541787.6941949979 226317.13271993044 21191.036261439913 25994.99160087816 50831.43602998817 286900.1379285086 255804.46719101508 161353.23892807565 333986.94730619114 336931.51911265013 355030.2941465806 183896.67846265604 260292.6798515614 208171.78141853807 236895.72093378092 245098.1715798168 26090.81867114805 -9999.0 -9999.0 -9999.0 -9999.0 -9999.0 -9999.0 -9999.0 -9999.0 -9999.0 -9999.0 -9999.0 -9999.0 -9999.0 -9999.0 -9999.0 -9999.0 -9999.0 -9999.0 -9999.0 -9999.0 -9999.0 -9999.0 -9999.0 -9999.0 -9999.0 -9999.0 -9999.0
156322.47530427994 257387.39582942866 492779.5247903961 244751.76117114528 470718.4600374296 824902.1600444994 539449.9681970265 557432.0883201766 443831.51472709095 192897.043749401 490932.4386969558 447314.7210305433 472524.79334050056 530236.2678694695 608482.1836118333 427858.7208779349 695668.9401427363 692786.984757446 278360.04852992285 217495.73367374926 40636.61363615148 21802.21818919276 44716.89648448075 205829.60196901506 218714.20121549827 242126.51991742026 309937.7183438279 527437.4636456833 257003.76035053728 203125.5082070335 99436.83823418335 238146.83682506054 596654.3508274157 208316.78000284632 28141.78216369493 -9999.0 -9999.0 -9999.0 -9999.0 -9999.0 -9999.0 -9999.0 -9999.0 -9999.0 -9999.0 -9999.0 -9999.0 -9999.0 -9999.0 -9999.0 -9999.0 -9999.0 -9999.0 -9999.0 -9999.0 -9999.0 -9999.0 -9999.0 -9999.0 -9999.0 -9999.0 -9999.0
448428.1586268456 726517.7635641723 754981.6123860772 529940.0720790063 707406.3015809804 680705.8008632921 633427.5700752353 499236.6968684484 412212.0137050889 306332.40518382564 513390.67179147364 500962.069256291 556197.8654797912 603347.6662900022 501412.70233883144 538753.4629708119 592959.1379808809 531493.5043238057 124410.12712062233 231947.9013536363 37099.10642103596 52082.30909301169 175309.84323560528 220837.9987528163 148856.25476939292 183047.75864372222 479029.9444981124 323048.45527213725 126484.03178130923 102621.03380339872 196092.08287966918 270124.5092637551 346062.414285 172065.6370213064 6578.658213122256 -9999.0 -9999.0 -9999.0 -9999.0 -9999.0 -9999.0 -9999.0 -9999.0 -9999.0 -9999.0 -9999.0 -9999.0 -9999.0 -9999.0 -9999.0 -9999.0 -9999.0 -9999.0 -9999.0 -9999.0 -9999.0 -9999.0 -9999.0 -9999.0 -9999.0 -9999.0 -9999.0
531199.2642076768 610631.0423664134 711332.3058296263 683378.7447168557 698686.0645707698 735336.0048780356 738265.6280893034 439343.41427814716 397111.2776021762 457761.3414643861 533218.5610962871 739964.4664202783 611875.5551772197 728551.9999802837 620011.8684563417 727201.3352772237 502370.7781608408 202738.04287791683 314323.5979492423 162401.18834825215 32007.127940651953 57170.673036053355 99161.88685797509 276043.30549863214 189208.02927752453 185018.0561448129 455803.23086560686 292189.4649036898 410429.0041585573 395585.82291803416 299157.7531950865 266260.4052641705 308522.5234279371 141134.4981688863 -9999.0 -9999.0 -9999.0 -9999.0 -9999.0 -9999.0 -9999.0 -9999.0 -9999.0 -9999.0 -9999.0 -9999.0 -9999.0 -9999.0 -9999.0 -9999.0 -9999.0 -9999.0 -9999.0 -9999.0 -9999.0 -9999.0 -9999.0 -9999.0 -9999.0 -9999.0 -9999.0 -9999.0
718215.0713508787 492617.28898493707 552278.0716080121 673733.2879833344 499125.7777769116 563299.7066198324 476494.9896407814 624104.8409058219 429364.0113032843 460003.9951401709 568553.4014098342 760795.2135759987 929539.1424419943 767088.0282784862 525127.0389625868 541471.4204510063 543361.8492425322 518098.7064160713 353939.61464629107 190377.3147273648 53845.294632534744 64259.7648535918 42605.601748415065 291806.80593655433 162430.91271675966 318699.20662369154 517765.18453709956 283712.1042324253 233112.06850699463 213489.79748105883 207541.743018294 206510.13076015085 278632.5075111321 214016.2662108159 3282.3573364686895 -9999.0 -9999.0 -9999.0 -9999.0 -9999.0 -9999.0 -9999.0 -9999.0 -9999.0 -9999.0 -9999.0 -9999.0 -9999.0 -9999.0 -9999.0 -9999.0 -9999.0 -9999.0 -9999.0 -9999.0 -9999.0 -9999.0 -9999.0 -9999.0 -9999.0 -9999.0 -9999.0
419649.3659190786 768231.8469274025 495735.41546455154 534428.2393903788 539778.0293925969 376803.401823126 423123.7039280168 647813.0590281454 661815.3027231476 642262.8514523819 610140.7696804642 613161.7175101207 835449.2926216242 766617.4511849815 604070.979641399 428752.0592525608 282478.66842375364 198831.6969836684 534389.8336914042 324511.3408361371 82588.01957990523 69638.16982110144 161446.5953072781 348708.67560323863 364221.4780094571 382499.3550633923 479037.20987444255 301063.26296670554 218794.85963642033 194642.73225612522 131487.1416692 218320.9029165035 270239.8767170011 146107.3180257975 12084.599328460703 -9999.0 -9999.0 -9999.0 -9999.0 -9999.0 -9999.0 -9999.0 -9999.0 -9999.0 -9999.0 -9999.0 -9999.0 -9999.0 -9999.0 -9999.0 -9999.0 -9999.0 -9999.0 -9999.0 -9999.0 -9999.0 -9999.0 -9999.0 -9999.0 -9999.0 -9999.0 -9999.0
302756.21524682164 653398.9558015692 660740.8657229845 427742.81305793603 607993.9222111078 538793.3940109734 502127.3289213269 695032.1899737921 671048.4179287459 608169.0595039217 956683.9885345221 761213.0359117968 756485.9845669586 881786.6848223119 616515.8534883517 484522.31115000613 757807.2915935632 550155.4378571142 249417.10314698445 426023.40685090417 203497.8717693182 189100.29608725343 149654.02725477834 258930.15373842762 501923.98787009675 302674.1648804334 251894.1204287009 667903.2972533887 532199.6305363555 546868.3448619073 460628.7056748268 290932.611948308 407873.6887374508 162793.58156269562 2062.2475085005863 -9999.0 -9999.0 -9999.0 -9999.0 -9999.0 -9999.0 -9999.0 -9999.0 -9999.0 -9999.0 -9999.0 -9999.0 -9999.0 -9999.0 -9999.0 -9999.0 -9999.0 -9999.0 -9999.0 -9999.0 -9999.0 -9999.0 -9999.0 -9999.0 -9999.0 -9999.0 -9999.0
177548.59297030306 521451.0750754917 683948.8742090366 533496.2523288524 543229.3782819757 442509.9838267731 503416.5441342387 464181.6045530462 548767.1754750201 642222.8714291642 662137.5740047056 557371.6204511295 713591.3693554974 486434.45957700134 781902.3565559934 802605.3917463549 681890.0538480233 498851.08649079 403452.0830635369 394060.20802080835 179938.38479347993 149109.61443374387 264130.0159922723 218193.1783980006 406472.3358430056 400310.7040519622 265741.5141188119 516907.2465039517 613528.8573083153 527321.0051903495 720653.5225707088 581604.7337133837 258781.14174300744 124462.64598372068 -9999.0 -9999.0 -9999.0 -9999.0 -9999.0 -9999.0 -9999.0 -9999.0 -9999.0 -9999.0 -9999.0 -9999.0 -9999.0 -9999.0 -9999.0 -9999.0 -9999.0 -9999.0 -9999.0 -9999.0 -9999.0 -9999.0 -9999.0 -9999.0 -9999.0 -9999.0 -9999.0 -9999.0
151399.8018141189 363787.6994487323 641246.0547637743 455414.2815211646 398322.99618064903 367282.7828279557 692755.1115310441 686905.9936699842 680248.556549722 1038691.6582687497 821636.5954330957 796068.8354771404 678781.0930203537 654854.5412651873 628687.4910895776 774425.3354301457 855417.7350591989 645054.2412588391 346746.2185459513 388771.3888575821 218369.08454919787 183383.49428194252 368850.9606825167 425981.0426975151 341958.89749492577 402016.5142435107 431599.29082413216 413421.9326485795 473871.69299526245 618234.5457988605 439691.8409845005 279054.0406031715 175326.08529625033 55064.265469368926 -9999.0 -9999.0 -9999.0 -9999.0 -9999.0 -9999.0 -9999.0 -9999.0 -9999.0 -9999.0 -9999.0 -9999.0 -9999.0 -9999.0 -9999.0 -9999.0 -9999.0 -9999.0 -9999.0 -9999.0 -9999.0 -9999.0 -9999.0 -9999.0 -9999.0 -9999.0 -9999.0 -9999.0
31583.332447178458 247050.1570297354 742848.2767111328 549250.06552043 575201.6576187212 531890.6284341257 575753.1147904398 768077.8886940519 701133.1256188666 705939.9599761905 663527.6267318313 585312.2558133616 742220.9470025741 705689.3816180506 779754.325049402 448705.4761049954 465075.9794785769 776639.7013290392 352135.3495343692 311503.18834070035 254085.75039682892 289082.4436041396 330517.0247142555 389979.2876908728 294348.4188087247 362807.29624785634 300822.8449205903 431263.1383829034 423969.76162110333 581483.3215010507 362911.8897013976 312189.1934171165 89823.17490052362 16309.5668720123 -9999.0 -9999.0 -9999.0 -9999.0 -9999.0 -9999.0 -9999.0 -9999.0 -9999.0 -9999.0 -9999.0 -9999.0 -9999.0 -9999.0 -9999.0 -9999.0 -9999.0 -9999.0 -9999.0 -9999.0 -9999.0 -9999.0 -9999.0 -9999.0 -9999.0 -9999.0 -9999.0 -9999.0
