critload/trunk/output/1999/nload_tot.asc
ncols 720
nrows 360
xllcorner -180
yllcorner -90
cellsize 0.5
NODATA_value -9999
[rows 52 to 77 of 360, columns 348 to 405 of 720]
-9999.0 -9999.0 -9999.0 -9999.0 -9999.0 -9999.0 -9999.0 -9999.0 -9999.0 -9999.0 -9999.0 -9999.0 -9999.0 -9999.0 -9999.0 -9999.0 -9999.0 -9999.0 -9999.0 -9999.0 -9999.0 -9999.0 -9999.0 -9999.0 -9999.0 -9999.0 -9999.0 -9999.0 30081.63712225886 227103.982665363 61010.470757081894 372589.263711941 275294.295436816 182874.54460533298 611906.89383343 224278.74864753598 219017.396530878 215440.31381822005 291573.38711808 193747.64778622 150397.992518596 174811.350647919 115410.900589684 161051.88198272002 228112.55090390996 239347.98710766004 245465.96625235002 254761.948408272 276156.02445037884 276249.12957851804 302815.67612992204 251280.67378916396 472159.13770344004 88201.78720100899 -9999.0 -9999.0 -9999.0 163126.549486435
-9999.0 -9999.0 -9999.0 -9999.0 -9999.0 -9999.0 -9999.0 -9999.0 -9999.0 -9999.0 -9999.0 -9999.0 -9999.0 -9999.0 -9999.0 -9999.0 -9999.0 -9999.0 -9999.0 -9999.0 -9999.0 -9999.0 -9999.0 -9999.0 -9999.0 -9999.0 33907.3480567847 221386.44441795812 207532.13723448332 201868.95884601006 222106.95537857697 393095.9626065281 635731.41611447 287674.71524612996 235819.79410672002 228351.5034910757 200230.58072252 218443.16733415998 219692.21616801 125939.91705405399 221137.54843875996 176389.033789773 136760.79368550002 222077.169596173 248839.87055922006 246986.347352 309424.22606192005 231752.32395907003 243556.16158320598 327034.66470904707 79493.110068444 2718.1059193267997 -9999.0 -9999.0 73997.56012001887 317215.514351656 250326.18940170298 727216.5273414771
-9999.0 -9999.0 -9999.0 -9999.0 -9999.0 -9999.0 -9999.0 -9999.0 -9999.0 -9999.0 -9999.0 -9999.0 -9999.0 -9999.0 -9999.0 -9999.0 -9999.0 -9999.0 -9999.0 -9999.0 -9999.0 -9999.0 -9999.0 -9999.0 50102.74660529484 325723.60995979 311786.4647328481 221077.2431767927 214016.64579404003 361452.6807413 336250.58823362 248064.54668517 256762.22824597 269681.05016927706 273751.517343089 268432.50508609996 241279.20074831002 276011.3136568616 243415.11880952702 245922.71467938 286140.79526623996 245119.893493632 267027.60899544705 269895.65790722 293081.38212555 274754.262792632 310908.43575023004 488013.38330124004 133148.14747372203 -9999.0 -9999.0 -9999.0 -9999.0 -9999.0 215348.558040444 342007.012321685 379372.21898851 692280.9246821371
-9999.0 -9999.0 -9999.0 -9999.0 -9999.0 -9999.0 -9999.0 -9999.0 -9999.0 -9999.0 -9999.0 -9999.0 -9999.0 -9999.0 -9999.0 -9999.0 -9999.0 -9999.0 -9999.0 -9999.0 -9999.0 -9999 70543.75554381701 291069.821011417 476519.99067244 295548.04425689497 304555.355929327 358558.727860727 317579.27611432003 326743.53885470005 325961.10032227496 314680.9351176666 268145.52989438 339306.011203652 272154.916813487 272925.79967251 150320.482045584 195390.26127937 182620.85157495 236453.36403212 357989.91751498997 285496.542881031 300018.26317668403 266847.036560926 289880.02175604005 291235.95679473004 576793.4758108101 7150.441160560399 -9999.0 -9999.0 -9999.0 -9999.0 -9999.0 -9999.0 551547.2361613649 466415.80728855607 697770.237508048 155595.78109288102
-9999.0 -9999.0 -9999.0 -9999.0 -9999.0 -9999.0 -9999.0 -9999.0 -9999.0 -9999.0 -9999.0 -9999.0 -9999.0 -9999.0 -9999.0 -9999.0 -9999.0 -9999.0 -9999.0 -9999.0 -9999.0 46387.212925959604 611276.92469789 419365.9448124099 304072.65976987 310343.7980960526 174738.79152457003 290455.85903045 364425.83990977006 369654.53082953 385254.91691834 347294.20266025007 325618.943871215 319856.62709905 274448.478167377 133229.47809835 300523.585124734 182751.50925229397 291331.61978742 242133.19558938142 305007.824127628 309696.2519043105 315531.019959915 321092.92182295996 346215.61961706 371930.351156608 291141.088360584 -9999.0 -9999.0 -9999.0 -9999.0 -9999.0 -9999.0 -9999.0 6118.5629268423 186492.635209018 446266.002329541 534509.43860947
-9999.0 -9999.0 -9999.0 -9999.0 -9999.0 -9999.0 -9999.0 -9999.0 -9999.0 -9999.0 -9999.0 -9999.0 -9999.0 -9999.0 -9999.0 -9999.0 -9999.0 -9999.0 -9999.0 -9999.0 -9999.0 103512.11518800401 333625.45741199993 709786.297171456 304841.35258390004 301920.02356056997 279023.69278788497 349405.43129064696 362871.821340599 365617.76663002203 314528.55022780003 312224.60811478 368849.96468539996 198051.0487352 274838.79714704 209002.511050706 307584.15265854006 312642.7073179101 283944.20747049805 421594.17089209997 382228.295698646 300261.44628508 254350.93905783002 349498.85778371 441927.71305392 528914.717162512 297711.634470642 -9999.0 -9999.0 -9999.0 -9999.0 -9999.0 -9999.0 -9999.0 71629.17672191 819220.8702041002 965893.05022027 1187493.57250687
-9999.0 -9999.0 -9999.0 -9999.0 -9999.0 -9999.0 -9999.0 -9999.0 -9999.0 198890.78603145794 51255.0501878054 -9999.0 -9999.0 -9999.0 -9999.0 -9999.0 -9999.0 -9999.0 -9999.0 -9999.0 -9999.0 307443.0729559607 562670.2542540511 611487.43358466 428275.206354 408812.76744046 357286.80371794006 385414.98972139996 405616.98485228996 406907.21526889905 489138.63155416 381591.81115276 604736.9689165701 1750202.8638825999 2752145.2472214303 1322030.46574372 1486741.78036282 635357.0421967598 631655.3695999351 591637.8075917601 626905.0377970319 695387.362835872 618506.04086357 716300.40934747 624532.721766895 706040.3177789801 774877.1460501251 64317.184787004204 55.1334895526 -9999.0 -9999.0 -9999.0 -9999.0 -9999.0 230153.381667133 1150861.6227165197 1665131.0142303498 1618953.6168737102
-9999.0 -9999.0 -9999.0 -9999.0 -9999.0 -9999.0 -9999.0 -9999.0 84330.45245463471 433336.481793454 -9999.0 -9999.0 -9999.0 -9999.0 -9999.0 -9999.0 -9999.0 -9999.0 -9999.0 -9999.0 -9999.0 -9999 990658.343623099 548441.7811660069 346553.8587120499 348390.72104848 387659.57674049 339535.39846211305 422954.63726777 405201.00494489993 379655.63103879994 393560.91911452997 1194484.15935447 887076.8039631301 4866216.26934513 927187.42717341 1208075.6129363838 618974.57048551 618074.3197470099 646049.8103178899 615812.477785641 592709.1440449631 815985.1339218101 1087569.3061495 982901.86468121 586559.58694773 801831.3364802201 44912.281228057 32255.417129695 99127.441847335 -9999.0 455419.7974058841 203481.78818027372 -9999.0 -9999.0 138540.49899197102 780054.015469802 706382.4465340361
-9999.0 -9999.0 -9999.0 -9999.0 -9999.0 -9999.0 -9999.0 -9999.0 -9999.0 22988.3246956623 -9999.0 -9999.0 -9999.0 -9999.0 -9999.0 -9999.0 -9999.0 -9999.0 -9999.0 -9999.0 -9999.0 -9999.0 455612.938283777 498109.02776585 403986.34555800946 481284.7591889 475364.99916899996 502081.05469019996 556098.1496963999 507196.17528682994 517679.22653959005 1144286.19726206 1749238.0289697803 4035298.3526380053 5946366.55756368 893218.985261107 737301.3546552899 795594.3920342999 770467.19036731 783046.928968732 707330.2208701699 670339.62386841 733048.586972568 793592.82087458 1432363.61083914 1173860.1903061098 1065963.31184529 1314987.77542514 87147.682592578 68308.075434869 -9999.0 -9999.0 -9999.0 -9999.0 -9999.0 -9999.0 -9999.0 37952.87755064561
-9999.0 -9999.0 -9999.0 -9999.0 -9999.0 165065.4709644063 36009.7787246234 -9999.0 -9999.0 -9999.0 -9999.0 -9999.0 -9999.0 -9999.0 -9999.0 -9999.0 -9999.0 -9999.0 -9999.0 -9999.0 -9999.0 -9999.0 1191778.889538484 352054.15958454605 689516.0245200602 525044.6742830001 526894.38895555 498996.67244477995 607197.59720229 694196.5544483499 804224.7442059001 1705857.4124408602 5531477.313463695 2501360.157742182 3978154.1047922694 849255.04697366 659379.54589185 893025.4111616899 1475366.535142255 1599359.016022789 886029.65111198 925173.7928256509 1813300.6926662 1181277.43522656 810568.86313473 279437.03675622 445376.41388208 1183596.77368163 1189766.798628977 44261.62918414901 -9999.0 -9999.0 -9999.0 -9999.0 -9999.0 -9999.0 -9999.0 6728.0384501122
-9999.0 14734.9727671277 202784.09927805793 63632.330115726996 121668.67145884798 235171.266055218 99611.89838688362 -9999.0 -9999.0 -9999.0 -9999.0 -9999.0 -9999.0 -9999.0 -9999.0 -9999.0 -9999.0 -9999.0 -9999.0 -9999.0 -9999.0 -9999.0 -9999.0 5687426.028709472 1236273.5690008 636897.10085644 672336.54932826 899255.66164862 835739.1036596498 1149192.03252564 446624.714179615 226760.571442991 -9999.0 -9999.0 493620.4539968216 742275.854158481 1291843.1585406999 1729582.3905094692 1842409.267335964 1426353.9053381803 803765.4041708501 928556.95598509 488293.18981791 256490.85434343998 182422.26388428 173621.91200314 108590.32238457001 186806.048453818 -9999.0 -9999.0 -9999.0 -9999.0 -9999.0 -9999.0 -9999.0 -9999.0 40908.24492510199 281838.855221275
-9999.0 462389.20601970505 1354527.4519549 824886.7447012669 821269.2652480049 193253.597189848 -9999.0 -9999.0 -9999.0 -9999.0 -9999.0 -9999.0 -9999.0 -9999.0 -9999.0 -9999.0 -9999.0 -9999.0 -9999.0 -9999.0 -9999.0 -9999.0 -9999.0 30551.6361122291 538681.2491246811 1233348.69528574 982984.19306822 1012699.69869361 809130.8797778712 813608.66373864 -9999.0 -9999.0 -9999.0 -9999.0 94448.58059608801 462702.503286974 718180.01687755 1679075.42819208 1943416.8911474603 1999344.466441116 1158311.1235318698 1198693.7782768302 1709540.6930150301 653781.2010680699 170011.12596797998 18046.75023116 -9999.0 -9999.0 -9999.0 -9999.0 -9999.0 -9999.0 -9999.0 -9999.0 -9999.0 13224.3335121863 153234.824601256 104710.05071215199
108572.688888244 1803764.7165301393 1589874.7651254 950150.31592044 574626.151079787 817339.9648486401 1060659.838976603 1715419.6666723918 557255.3064719801 -9999.0 -9999.0 -9999.0 -9999.0 -9999.0 -9999.0 -9999.0 -9999.0 -9999.0 -9999.0 -9999.0 -9999.0 -9999.0 -9999.0 -9999.0 -9999.0 -9999.0 -9999.0 -9999.0 -9999.0 -9999.0 -9999.0 243208.57220035914 1203076.921586116 -9999 -9999.0 689628.1833776234 1382939.7649068402 1046604.9076230159 970731.974947973 897378.976231935 1361630.4080919998 781094.81676555 312506.915341862 379245.81846202 110456.24326117599 167012.373667277 -9999.0 -9999.0 569198.6042985271 40329.265727685 96946.139024036 -9999.0 -9999.0 -9999.0 -9999.0 26913.803418356798 61076.869646773004 37427.2304618595
700816.2371076846 2752497.801698 1622038.8613526798 1401151.97519707 1976692.6243793 2161682.90139863 2162938.8723043296 4703819.347985309 465045.81856609817 -9999.0 -9999.0 -9999.0 -9999.0 -9999.0 -9999.0 -9999.0 -9999.0 -9999.0 -9999.0 -9999.0 -9999.0 -9999.0 -9999.0 -9999.0 -9999.0 -9999.0 -9999.0 -9999.0 -9999.0 504758.25067154225 1327485.1584043202 3891327.6697270796 5481684.211550462 199405.94746814392 95151.16592969341 83973.03712068958 1581784.20689628 1218359.28699855 946821.76358148 915000.91493677 966751.9855312201 738341.8893592199 421877.77221424103 334217.33704818 117887.58061585 276470.61383611 71024.4893131746 -9999.0 49621.548696077 210856.586948837 -9999.0 -9999.0 -9999.0 -9999.0 28436.2507855335 437956.002629129 343128.712693175 491821.052347507
335371.933809585 1798727.459070506 2626422.7485558 1986982.2731885999 950148.01965824 2775221.8168769497 3423380.077205381 961710.8157638081 -9999.0 -9999.0 -9999.0 -9999.0 -9999.0 -9999.0 -9999.0 -9999.0 -9999.0 -9999.0 -9999.0 -9999.0 -9999.0 -9999.0 -9999.0 -9999.0 -9999.0 -9999.0 -9999.0 -9999.0 1873172.6246789182 2184478.2320858026 3291392.5243815496 4215148.25171976 571019.099437559 -9999.0 -9999.0 -9999.0 342511.7359536681 2123533.5376360887 1682039.4035628403 1304920.47549215 1039038.5140138599 1088635.58823463 536597.0403490519 371579.03554190695 487488.953408046 444526.24977031 -9999.0 -9999.0 73726.15332211122 -9999.0 -9999.0 -9999.0 -9999.0 -9999.0 346197.50201269 560962.296108524 559657.120305071 407531.016845877
591829.5153544735 579399.026404 882890.3325600999 1139800.25173617 3025592.3644132596 4604948.03176904 1885611.3866419431 -9999.0 -9999.0 -9999.0 -9999.0 -9999.0 -9999.0 -9999.0 -9999.0 -9999.0 -9999.0 -9999.0 -9999.0 -9999.0 -9999.0 -9999.0 -9999.0 -9999.0 -9999.0 -9999.0 -9999.0 -9999.0 1381213.42175942 2805849.62852467 1911302.1926189042 5002373.41955389 1836200.440445518 924947.0271866091 -9999.0 -9999.0 1176215.4149506676 3267531.480450765 2676332.570668532 2386424.52073309 2210095.61169334 1600800.43762542 466872.3755823161 398049.079533318 464978.198675973 112567.53227619229 -9999.0 -9999.0 -9999.0 -9999.0 -9999.0 -9999.0 -9999.0 -9999.0 477009.546424411 388903.874513446 583831.9034730899 683574.698815586
624573.471772267 482329.75208048 1494839.4502110668 5684369.62513314 2240846.3546169503 3371466.13050002 2164114.5601799903 2429297.42803231 570507.954201603 -9999.0 -9999.0 -9999.0 -9999.0 -9999.0 -9999.0 -9999.0 -9999.0 -9999.0 -9999.0 -9999.0 -9999.0 -9999.0 -9999.0 -9999.0 -9999.0 -9999.0 -9999.0 -9999.0 1630065.671767642 2814678.6098667486 5474083.118241046 1879676.3164060216 913306.4253512861 409468.11952570116 1238748.207026903 2321673.711349816 5362320.740978418 2273652.9512852607 5856846.012526253 4195867.529423949 2385546.817736866 -9999.0 -9999.0 -9999.0 -9999.0 -9999.0 -9999.0 -9999.0 -9999.0 -9999.0 -9999.0 -9999.0 -9999.0 -9999.0 2012642.843051414 704090.901722957 1023131.9950579889 982228.567442604
108973.28186613599 104886.9211235951 1111859.024328547 545983.0079267999 1385008.9524408597 630134.46815019 1272691.0818276 865002.4878169079 2821009.74867801 324922.1620992708 -9999.0 -9999.0 -9999.0 -9999.0 -9999.0 -9999.0 -9999.0 -9999.0 -9999.0 -9999.0 -9999.0 -9999.0 -9999.0 -9999.0 -9999.0 -9999.0 -9999.0 -9999.0 343394.00195848866 1606150.882245738 6544615.334742997 1383056.247158731 2804218.7878274405 2612510.103532753 1644428.843096607 4159383.9221319584 2189347.6725628893 142340.87046280262 1550627.4202914382 941659.0237358162 562739.6115401448 1130406.6348489346 428290.3553461277 -9999.0 -9999.0 -9999.0 -9999.0 -9999.0 -9999.0 -9999.0 -9999.0 -9999.0 -9999.0 37665.9801080534 863441.9820877052 1580751.754429542 1251637.734071556 1208957.5729710567
2743758.1121587674 323454.48935793806 1294290.2069913452 284972.183215215 1181904.330854888 1985930.0072737497 1975176.82685947 794873.5562302701 4438750.9103686 4165838.7629622193 247276.41017799647 -9999.0 -9999.0 -9999.0 -9999.0 -9999.0 -9999.0 -9999.0 -9999.0 -9999.0 -9999.0 -9999.0 -9999.0 -9999.0 -9999.0 -9999.0 -9999.0 -9999.0 98584.11723817726 1037144.4978304851 3146663.5925441803 1098318.4983273 251665.26672949604 609500.0580366392 2172559.1243901374 2237197.6449747114 791560.7502805996 4898.4926924184 244635.660611303 175643.59951698003 -9999.0 -9999.0 -9999.0 -9999.0 -9999.0 165889.871745914 555596.679547943 516652.84862910403 1259015.0170203822 253952.81528987703 -9999.0 54239.6646986913 1313701.190248382 1409856.4836670079 1406442.791083094 1707513.407278594 1729749.645093359 1482533.922804405
2024844.5009093878 -9999.0 149021.49317308102 185772.99598336002 85242.17288742223 1389008.6698666401 1557018.98428337 641376.1066362518 1731890.3373436 2709369.67286567 2620631.230914031 2197127.098468383 -9999.0 -9999.0 -9999.0 -9999.0 -9999.0 -9999.0 -9999.0 -9999.0 -9999.0 -9999.0 -9999.0 -9999.0 -9999.0 -9999.0 -9999.0 -9999.0 -9999.0 845983.9300405019 3276239.0489001153 3222324.2972553596 1156054.635560531 491383.97216263297 374205.26179575 401748.74149758235 794247.735223396 169204.092710269 251410.74371037402 373756.062010877 5370.9640255494005 68757.2863227977 400804.9118368121 457205.358378421 947441.87561148 622678.33438728 1049895.15733401 711362.906200078 1067457.40209502 2263707.008828241 653092.635157697 705780.47241055 725724.6222496701 1502472.9949053102 1324111.426172 932051.2358982702 721111.46635665 482449.400650727
-9999.0 -9999.0 -9999.0 -9999.0 -9999.0 286998.1748402885 4616526.728905407 5983176.7364439005 7530491.630229738 5150999.8258718755 3718911.5224396046 4615320.097363009 192955.2755016537 -9999.0 -9999.0 -9999.0 -9999.0 -9999.0 -9999.0 -9999.0 -9999.0 -9999.0 -9999.0 -9999.0 -9999.0 -9999.0 910222.9954658431 1028512.087090479 639495.525247053 1816184.635724725 2796981.363636873 4344205.379249018 4004026.97704094 1251952.4774069 843623.62398853 1242681.7849399298 470161.73807567003 624364.27806429 403331.74607636005 471769.92421789997 261668.58039708002 1611782.469753957 575624.07221263 616907.521859122 843631.1306314 721880.07096376 669544.71641838 652432.27945586 478435.451043147 1693691.2105137699 357912.86685853 574394.8813817201 568979.47924079 548196.47765821 414704.810888169 474824.73779243 797654.65182432 355612.48252677
-9999.0 -9999.0 233194.14384353042 1675799.628590937 1543018.38335443 3326297.34168892 7196797.78121224 7241586.09637145 3387823.09469023 6647627.205172173 3211285.584994251 2544946.09154246 2553043.874121029 -9999.0 -9999.0 -9999.0 -9999.0 -9999.0 -9999.0 -9999.0 -9999.0 665091.6172615341 456774.28116764606 4064450.0500534787 5511376.228509234 4666842.837048229 3241937.404482654 2457010.518974445 2233242.197869157 3335109.867875896 2265731.7240980295 2953632.56702386 2867036.76610634 1212805.28712694 1780983.93792381 1523402.9425271698 459555.166428854 298695.81640224 275072.90323641 302407.69624227 1638130.7954115202 1607635.0709124398 363559.268424826 210659.42451533 603563.923851816 987169.0269043699 917742.0328055599 969162.87924702 1554268.5929376301 1601594.447385422 709673.9056882 624085.4212642801 443928.81262721797 224060.378226676 150762.16858990001 445166.04319181 576597.74251929 508876.25923527003
-9999.0 -9999.0 353994.79319642944 1336934.1057461202 1909585.29930127 2601750.7540501095 2323770.57059658 5065938.942676562 5503041.476904828 9414668.294999061 3256497.56509983 3384463.8230359536 4678657.065650265 6139613.733360232 2422482.87919131 1063282.5775911624 -9999.0 -9999.0 -9999.0 -9999.0 -9999.0 6522571.274213232 966265.5260937548 5043567.187950019 7587416.3764627455 2354478.52655828 660834.58008598 1379281.9705395098 1476247.4012398901 962621.20747871 1090872.40673224 1030540.99604474 689047.38576473 481821.55319979007 588748.6296505 1514028.79920862 1016417.12991776 939212.6718258101 3241767.3551463205 1394409.09910877 1741067.07435974 1241264.5253949398 628000.4805369398 402753.02706861997 342452.96301595 879304.02100114 207588.39107600896 693361.9595333 775345.6217368729 646945.584865944 787824.39084755 1191486.295754297 445905.83599883 200976.14614255 459829.39197502 368986.58367837 251690.63206314 546991.4349850101
-9999.0 -9999.0 643066.7882226161 1767254.2476079697 2440190.3255895 4222679.81931088 4767508.032018609 5943589.526276649 7116440.114147075 4074643.17375687 6328612.5441757515 4484935.831800991 4192738.331208123 2926066.7463837997 2129622.2644365225 857480.4831091503 -9999.0 -9999.0 -9999.0 -9999.0 2842303.6655971026 8794770.42614443 4857193.8908792 4326729.695937269 8404578.305928571 6798267.37142253 3939798.33109733 2935817.47399437 4207989.691486173 5018775.59297516 4421772.73028343 4706146.172476221 3276687.851366056 4176057.77040261 3368914.61715267 1818327.1747040402 1191668.67384011 1459318.30858775 3010127.60129928 1316903.87961864 1401372.65465457 1037262.57103043 174977.86562329298 627170.7300664299 568782.6286569701 2565015.680369685 854871.1036177799 1103012.55516951 1644836.18600844 1444335.1189774491 681755.782060811 540909.070593792 479532.67881913006 3208153.1050530304 3371661.83343384 281891.61364472 359103.5568626529 260422.89521583
-9999.0 1178759.933116148 2533302.101728716 3265941.5671470603 5292707.61344005 6726581.41047452 5240388.0584179 5745376.974783747 5095145.522769217 4542247.093089078 5254707.312134118 15748229.01189662 7416822.8527418235 3881254.2929146285 1024940.1668939246 -9999.0 -9999.0 -9999.0 -9999.0 2712081.6836457374 8476563.519000802 10721017.970021201 11755824.44109313 10007685.63425414 5444181.3825751925 4396064.0934607 5222566.697758781 6344885.873211815 6762719.216552998 5041221.41566131 3676485.44671968 2650385.0686189504 2874457.1941110305 2671403.83307633 2425472.10315568 2913478.39138183 1725007.0479529 964448.4297636899 1224434.8242833798 1784056.80241676 1408499.5706656699 413180.3107423 577779.12898317 1304516.69879043 1771869.5094923398 527192.53291012 421999.39752372005 555191.73323579 749771.1348781 1648768.42201941 2954428.001154029 2582685.779492383 1437599.11239085 262802.64180353517 333143.49445165996 454050.53403363004 231351.41434170998 491352.965197704
-9999.0 -9999.0 -9999.0 1191063.7143245654 1738431.5252800179 3080932.9736686596 7340131.108138935 7970326.255306515 5722601.55347972 5561445.788430431 6794536.005394001 14484014.306626176 6835269.939871385 5340290.974511553 2898013.2074968917 -9999.0 -9999 1314763.237436761 1883574.134994805 4609667.172318667 6920272.26659903 3314627.95931204 2650776.8444127003 3448482.8586505195 4238851.897915869 6838830.857195895 4690762.83368444 3152587.1939066 1670585.9104414103 2163783.60407066 3420682.4354253598 2031190.4061659402 1809898.21976276 1406153.7619204798 1284447.26294241 1161073.6666965599 2019731.84501053 908822.485493333 2271626.6119488133 1965661.7530974802 1767773.3784769299 2657471.73567017 1827207.4225130202 1413933.79693892 2258524.690649675 1577262.698981042 2376238.6199526 537501.5536603001 520023.73995941004 639825.82851547 2712514.21231656 1695586.59030666 835141.93044097 609338.93412108 1046899.1892708291 508451.03539788 165774.793322935 1473253.0189503601
