critload/trunk/output/1999/nload_tot.asc
ncols 720
nrows 360
xllcorner -180
yllcorner -90
cellsize 0.5
NODATA_value -9999
[rows 78 to 103 of 360, columns 348 to 405 of 720]
-9999.0 -9999.0 1740417.965828033 2321590.622532365 5887328.537463161 3886922.613709357 3824558.2813646668 3510249.577886467 2322031.7405104684 4252184.995800991 3015356.4528472098 2479486.5511564515 2476967.3393366146 1203828.2639781164 -9999.0 2748367.326424346 2892119.62816556 3801379.419056458 7819291.1271168515 1826207.4370244099 8936188.17768005 4785272.46634907 5023964.139990776 6276649.29417748 4969723.70641006 5829459.332048844 4494832.3654122 3176641.73919811 2724372.39989126 3351786.3852497 2841302.7196796867 2103127.88468521 2049610.8397144503 2496493.1380273197 1397351.4414957203 996483.9974126599 1439626.22822979 2971527.4318466205 3167260.84717391 3526890.97725035 1794760.9942821502 2780547.24842322 2424537.40994955 2875167.4598360797 3915799.7075673505 3068455.4286074704 1003877.6751887619 1217782.380572191 798426.48924442 1134546.863440417 2781647.1850225916 1249610.41511118 966197.19574567 1532150.8858543336 803235.1400488301 575626.249192997 620119.86323724 350354.51192062604
563972.6977711224 3136492.850436544 2240308.569416393 2453724.253087734 2487375.5017532776 -9999.0 -9999.0 -9999.0 -9999.0 -9999.0 -9999.0 -9999.0 -9999.0 -9999.0 335947.425538436 2805917.58527755 2841268.6206631283 4778702.917819629 6035207.376802274 5030968.9687650595 5163438.53709759 3552040.29820166 2512817.2145995903 2479071.0139998593 2988641.9345291997 2615356.681904901 3218278.5268418007 2804697.6226243004 4031141.4911986403 4915148.257510853 4140267.6998944324 1844625.36601939 2810628.6971231303 1801697.4335234798 1955875.1448140303 1940919.0654217498 3377625.1606129697 2117126.58840791 1208548.36546607 1546370.03093843 4470487.87216942 2680720.978907527 1420733.6277321198 1903917.74383297 2862780.7027099 2909862.1917952304 2445565.6870819 2995345.48199362 3100544.708388664 6058866.877927189 5699830.844916312 4913555.073178007 2303548.342540243 1115190.558797771 1204991.872286711 1016744.92470496 1902272.8748147502 1319461.1638650699
-9999.0 5780.198961612001 -9999.0 -9999.0 -9999.0 -9999.0 -9999.0 -9999.0 817368.123339516 378433.5038224731 -9999.0 -9999.0 1715256.090408677 2698076.866809464 2915313.166947246 2340916.031639219 3128008.4009631397 3073182.79734329 2843136.4616629397 2844462.2111152 3841791.11175538 4130637.35972171 3791416.28376438 2442063.73912376 2827457.770936084 2610670.92327856 2554588.26821242 2634520.2451831894 5104243.805318455 4023397.1225114996 1745569.9568607998 2991599.78904412 2571492.7512263698 3003500.57227124 2119051.6351287696 1895788.826943523 1707401.1817677945 2220057.6243569297 3347963.07458314 853600.6480094972 2235185.0738436696 1371710.69437088 2734899.8424031497 3873524.8048554403 3865169.29941764 3852718.1798302005 3358625.3600247297 3281766.25824948 4872806.998958411 4320087.4990309 4217450.8536883 3428887.86458774 2201192.3043521103 2873677.24377549 1381833.8880111189 1486331.821608002 1539977.6634151898 2927357.89902509
-9999.0 -9999.0 -9999.0 -9999.0 -9999.0 -9999.0 -9999 753752.277862718 657549.5415296345 2114385.446886625 1922578.2088333135 3033816.030651905 3671735.9666774287 3543165.1923960717 4382867.442359912 1587913.5045043149 4047962.6025299705 2803435.0805782294 2300984.4403042505 2856441.93021423 4744335.07026087 1746344.29965124 4457166.95871756 4480676.8729561 5853579.598164372 3421816.88441539 3784329.79208718 1137776.83315497 2763058.98885455 3507162.6784480303 1964323.0163609202 1538483.32681625 1764566.8696297 1883264.56934456 1785966.92467073 1670762.7573895124 2934480.99267627 2961438.5182461245 2010457.6227148296 3782596.658280982 1803532.40398712 584945.96755294 880522.81766 1032050.24861051 3481288.30461427 4171968.2095723096 4049382.4812074797 4114027.21344499 1883031.7511362 1958294.4724927498 1385700.99657543 1569988.30683073 1841838.4079144401 1186428.583126396 1304937.9857329202 664402.0782872029 1129991.3047300002 975960.0820967399
-9999.0 -9999.0 494311.14275444445 1150323.8628017611 1794170.9905194084 5215049.27473014 806044.3937925708 935489.7195398702 1096040.7502604476 2750398.188645734 2601141.652463787 2353096.37343558 3025179.619748412 1519772.497701416 2255754.38618712 3358024.521061452 23028825.255090095 7114485.183531692 1578609.4582958298 1461361.947512 3774463.2815300897 2070870.55619307 3416359.5093543506 3706997.51732567 5309030.115567293 3388486.953332118 2514971.69302486 2798721.57915789 3565271.6361662 3632288.7320185797 5086990.352090729 2411287.355654164 3729382.29045216 2285648.2275684206 1975136.9324078932 1805346.0352521902 2436584.1440099096 2670315.1825926704 3063256.89504401 2480090.4493579003 2217995.9658000898 797597.58748031 309914.78561039 642118.12907789 1397985.54233906 2653325.515971188 1878111.08583316 2514827.93986737 2894060.850329698 1839081.70002456 1805749.85441936 1446673.331390802 1309136.0447178981 1387381.5854152099 2142184.1449776404 2517647.2664473997 2306586.53279138 1341193.0395111
-9999.0 -9999.0 1227561.8104937812 6613192.46206831 7741954.571567239 6712614.37772435 5670969.114615151 4016370.559553657 4712317.911695013 5968754.715377251 2473381.305709058 1723138.3232709928 3282510.81872338 2545465.81471491 1281448.62544756 925829.30466898 1251498.2412143797 1985288.63829956 2172376.5856724 1859336.0834917002 3772626.6005765693 1531216.3835155999 3404475.92890633 3221225.34826283 3015598.3109069816 3284049.94406762 2852085.51044187 5410551.4530181205 2667205.684871259 4154094.60730753 3872362.6864778805 4202195.17793945 3606878.3221473056 2866246.34233813 2405858.00533987 3574455.71935736 3086150.17898994 3561292.94549066 2578372.63344469 2642109.94175138 2953042.62195972 1920563.51825598 1551942.8933114 1805652.8994451503 5022010.89644105 1736580.805360727 3599776.25417411 1327050.5938474569 1320094.87156474 1671325.16335319 1138926.6695865057 965832.46943332 810159.813395279 1720456.87389576 1578327.847040262 1329221.12831693 1338937.793274879 1680069.7319269439
-9999.0 -9999.0 -9999.0 1205350.4103113594 1556864.2080401091 5838837.477948059 7482137.944287976 5719119.264257209 3002154.1054760967 1448907.5925412 1901833.8352706642 2830394.3511817097 2000129.52209557 450135.78437557 2030955.12836233 1237180.55823905 577049.91533706 1230976.18837408 1377466.99088734 2987597.96576403 3279403.61049285 1848127.8498226926 3570601.5864767497 3583709.47638412 3224914.6567915 3110124.1394448103 3933473.8845444103 5524447.627207099 3848649.28372835 4742289.347857929 4057642.10591353 4435861.6069552405 4032233.4326772895 3752889.2885614596 1913789.8513297702 1813473.47239378 2665074.4551754 2569554.9499922497 2377094.6703008506 2066578.5038392798 1938697.2857195302 1700476.4779590499 1533913.8710400402 1414838.5146175826 2750609.93632469 935699.48030057 1325224.3844464472 1820785.4426445395 2388011.3265807 1739388.05588802 5228103.90069603 1898718.91850955 1763440.0689787301 1349101.2425118359 999628.2338798201 1923433.278064823 1154154.893251686 2655080.7357405704
-9999.0 -9999.0 -9999.0 -9999.0 -9999.0 -9999 -9999.0 2090499.4657763164 4674687.202990696 4209061.515707203 4051586.7400848926 3484338.8894528933 3076104.5369178 2939064.00424089 1622454.5034155601 667226.88564272 2441166.88613687 2183217.78460834 2199837.71177608 3317821.0147224204 1822620.05836246 2735068.265919135 2509185.5360768996 2387111.93398014 3695196.4360174197 3631383.882164623 6007456.10458372 4883286.376194799 5425827.24539106 4562481.2501273 3216049.6829558397 2853229.3781276196 1495256.2261700616 2425150.3209107 1859589.6543797604 1694539.98115883 2349520.0516985 1919414.24847308 1605203.19603231 1498064.9532416197 1480520.160341316 2073903.716438869 2731261.2438297435 2309192.7471079105 1486645.7047667387 1730947.4663838728 1141516.3263747569 964484.2610265499 1603595.7674521701 1703651.3944865628 5814581.734957145 788827.3334526971 3541401.713605039 862613.9485957349 843289.0470722171 1773879.9917709397 883857.62153803 1237869.38194421
-9999.0 -9999.0 -9999.0 -9999.0 -9999.0 -9999.0 -9999.0 330973.5472301301 2434863.937121292 2383881.4368680934 3603523.990747104 1914099.35574792 3419662.1272006403 3033044.32574843 2278091.0943763996 3231655.2738525895 2966749.72177076 2326978.2523908704 1617156.127231804 3301438.7806044696 4369102.113840165 3046462.18193781 1734392.1532558198 2201129.9145232 2601396.6816175203 7233400.5125557 4569368.22518832 2711519.6677650297 2464274.8391346 3146563.3347495003 2704232.87194023 2874625.54600738 1415064.89126002 2793344.41305931 2763824.419063 2549853.5453957003 2962951.3902815697 2368121.5421484 1445543.5255092 2195932.66743829 2601727.0904469704 2552827.4489350095 2686879.59163988 2739423.47628463 1788590.54715731 782042.71263019 651837.18004745 822202.21584004 1560711.04702709 1385374.754036154 1857037.4581054598 482994.513432603 1350309.7411061132 1098645.185155365 2913209.0692058853 734455.359545741 705253.9309721501 1353047.6421381598
-9999.0 -9999.0 -9999.0 -9999.0 -9999.0 -9999.0 -9999.0 -9999.0 266446.54874170345 1369944.59974602 3007906.16644372 2890606.01540952 760879.8140805345 2192611.8013533 3883238.06588305 3968641.19495157 4154409.5056416243 4358960.6878957 2521555.5046974537 2908529.5766180805 4611447.396972251 2601693.07291366 1826951.46823375 2104146.1361066 4199315.0438333 3655213.5233475994 4454575.10702559 3868345.92891074 3120820.5484606097 2434347.6926035197 2499538.35097805 2575784.99886016 2430078.9696082203 3135841.0751165003 3775511.74096923 2359370.90876236 2796242.05857018 4770124.22518184 6079769.57400078 1093498.7990087369 3091040.53931903 2963024.16959468 2818640.0942867002 8231681.51721114 2370539.21704857 1595266.7868051743 667213.4351952178 674391.54900286 1979350.366175585 1375993.74846821 878616.0739651 1018362.4499656949 3910459.6291499855 1419728.93953952 2154022.969473509 1032233.16281724 600937.62036281 762279.8486069101
-9999.0 -9999.0 -9999.0 -9999.0 -9999.0 -9999.0 -9999.0 -9999.0 -9999.0 1195274.346252411 2743566.420270787 2181432.49599833 3059075.5579986097 2180483.46275268 2846552.51481281 2155535.6451801998 2456438.7018028502 2757140.42761303 4505181.31886702 1733639.5466285301 5020967.577508921 7738814.0264453 3745589.8982166 3222908.7141484 2818511.4101678594 2376639.97550693 4788057.4043134 3174747.1923470204 5169518.675191799 8325282.61211514 14055464.925922712 8062191.09781746 5604494.3517429 4092505.7280893 5087195.506491891 6411807.025721239 6815249.693656306 4821236.147966309 2006536.0146676344 4681878.00159915 1222648.42099988 1520542.29606487 2544676.93153327 3825745.7164177196 3748237.3068811195 1643719.87811685 1266542.25064722 1142975.92928482 1454022.216487631 1899643.1339400758 701373.7022665128 1240345.00881389 1519212.0624987558 1276099.295176405 3081291.582612079 687801.38472812 894411.80840756 1790829.72819854
-9999.0 -9999.0 -9999.0 -9999.0 -9999.0 -9999.0 -9999.0 -9999.0 -9999.0 246643.87146551203 1034973.8791919099 1152572.21939117 1350973.49003927 911663.1407860899 3394578.6508245296 1977901.34152936 2331027.6538553 4059962.0147616 3298575.4597535497 2689676.74236702 3919184.14556637 3120998.585296 2153806.88039604 3326294.56684012 2792154.09665934 3394226.4187509003 3577433.66773962 9986220.8360746 3868247.7248226 4509569.194683188 10326993.4588141 5282529.8762601 3538628.3059777007 3752581.744294221 3929900.6269504935 5132751.2879006 3681266.8877104768 17139.627111579837 -9999.0 1767352.0402696086 1625270.54714011 908241.2667083702 1345741.8781683499 2438078.3658123403 1919246.44819756 1528215.1698775599 1631358.72801584 1636364.7228086903 1260872.712985884 2123249.814427515 476591.850574508 1810833.377899088 962960.5327241601 1523457.965951341 671802.96457253 1934815.4594908066 1557410.2819194593 1301071.0503062601
-9999.0 -9999.0 -9999.0 -9999.0 -9999.0 -9999.0 -9999.0 -9999.0 -9999.0 655033.187442222 3123842.72019691 2686695.090372556 2744660.60064528 697092.24609633 593658.79550026 1023660.4299906399 3483481.7248604195 3189226.6321593993 2596067.7514816998 2371810.1973274 2411605.9710179674 3074405.9802788002 1759628.1693640999 2053984.36754198 4449527.2778679 2181265.5624551196 5036035.701708743 3827006.346733877 5267703.95365136 4318701.78983775 3654903.8199895397 3667021.5109288837 5279737.34891212 5332571.384210295 4619573.744393763 3986653.5146798124 732982.3845675676 -9999.0 -9999.0 398026.7130829554 88925.53745027303 169343.42272575703 1263219.10281374 2033086.41188003 1524722.85235851 3149770.8837715304 3154827.879291699 2273853.8554143067 2450321.42691981 2262292.68720884 1411174.4941615397 1031375.253274795 4780738.147956744 2486883.5811771904 1008143.1024216241 919791.1748881999 651947.20493246 1816214.93726307
-9999.0 -9999.0 -9999.0 -9999.0 -9999.0 -9999.0 -9999.0 -9999.0 -9999.0 342444.35434317996 663796.08890022 430104.46786707005 2131716.7953196904 2671688.87345468 2302396.99209134 972536.2384077299 3999131.102340914 3965447.2051927997 2021792.0081051101 1460777.17376027 3105990.98629639 3450903.4164432203 2539009.1518837097 2100363.474820331 2360159.842829 3395659.485486383 3338330.460642658 4238078.536788253 2171441.6897734404 2931755.8800641815 1619396.54888012 1865447.07993891 1797783.90226049 2520332.88953798 3274752.42836224 3941316.59682974 3802161.6645249906 590508.0335713931 -9999.0 -9999.0 -9999.0 -9999 967318.7726409648 1700005.18816831 1069199.50263059 1319553.009123247 1643198.3041646322 2308065.87991578 1967697.4073772 1656032.24585232 1889221.70074469 3170836.8169606198 2136732.48693469 2150884.49475618 1443520.566788082 720828.923704064 1578752.6785502427 1072015.730482286
2109581.409208507 -9999.0 -9999.0 -9999.0 -9999.0 -9999.0 -9999.0 -9999.0 -9999.0 707578.4789207099 439893.65097202995 551650.0639452758 749838.57121756 1129776.6292120595 3543493.9728652 2041993.4696884896 2649937.47346644 1186059.9570288497 1299202.9525179 3085508.0823051203 2979411.2249033265 2913606.053211056 3792990.4820145206 2452135.5572099 2190693.3470221 2230703.77042652 3907527.8877857802 1191694.036123957 236105.7821761384 -9999.0 -9999.0 -9999.0 3051935.5942210415 5886418.121958459 7743252.61987 2038514.89689647 2670920.56953506 4867978.95075348 2030847.6932884515 262149.138286364 -9999.0 -9999.0 95811.1912670894 623956.53681006 2191335.150334949 2513220.78168025 2548086.0398308 1152751.3378344001 2867481.0949202604 1365024.82346522 1334261.7484725001 1907420.67031142 2447533.2443304295 2651986.17587434 2375211.55754009 1257837.16797244 1984271.1081516298 1209904.9204763
5010227.839754077 1031767.4637092329 1569955.9247102898 2779877.2048340924 3332452.0985310874 2186662.512695318 4147165.0303764367 1704980.2256996199 3444624.0020132144 3065454.4004544597 1881767.1401444 2237322.57367417 1777445.7252477899 1291537.67266838 1811198.25301946 1460345.97755832 2241849.970480799 2105327.6198477703 1834223.6776114074 655049.165275252 608420.2712404139 541176.6138449691 3902385.244329038 2736056.957358993 1858660.261212768 1511796.516452884 -9999.0 -9999.0 -9999.0 -9999.0 -9999.0 -9999.0 381904.14205945225 1687837.24678727 2832785.80122799 3425172.44858718 4651586.24994694 5093714.996351399 4827244.726984111 2204549.868032101 -9999.0 -9999.0 -9999.0 -9999.0 58386.05247986999 370952.57975755 1629312.30785779 3342319.6949556996 2460190.853886031 1275274.21668333 1379663.8444012436 1884151.0325246202 1543132.6897109128 1445842.93560945 1417277.36230121 2955393.652445522 1574288.4360678 1776935.24960346
3400476.8074251106 2417908.1386232 2324687.798877 2391382.92922022 1659307.18347989 1441316.72266385 2916118.887422669 1779200.18183525 2420643.82957281 1298878.3662828999 1423892.24039444 2150382.4682250298 1844514.1559404638 2813883.056386878 3101920.310622336 2540404.12886931 1522194.70936817 2477566.13937702 373789.09416829835 -9999.0 -9999.0 -9999.0 -9999.0 -9999.0 -9999.0 -9999.0 -9999.0 -9999.0 -9999.0 161472.73306438702 798028.5017289461 -9999 225768.84988686553 744050.808234801 2441957.5105193704 3038866.6296262303 3498643.9669756102 3144510.12766489 1311038.0014323 4139748.6064129 479897.351755406 -9999.0 -9999.0 -9999.0 -9999.0 110610.14637161608 140533.07413547448 312626.70711162203 1936008.1738717502 1467140.0917761698 1604022.0632684599 1575784.15281107 2224725.0247798795 3873706.0208794 3588302.73050508 1728896.82809689 760555.84327666 713019.18119832
1481565.956651423 594915.400057604 1048892.0894748 1723581.45034032 2310212.073169498 700182.24763281 1368477.79163153 2213929.0895031197 1763229.8328514597 1179064.511400185 1460133.7944101999 2119332.5011138623 1687907.3009016002 2347113.2545416 2068542.6999278602 1850191.4580935596 1578830.83235568 2176679.47332598 932991.23126647 -9999.0 -9999.0 -9999.0 -9999.0 -9999.0 -9999.0 -9999.0 -9999.0 -9999.0 -9999.0 798458.4607854601 1780448.14691924 178027.31817162147 -9999.0 -9999.0 181966.5224456159 1705097.5528132769 5191092.387015145 4654832.09398784 2811258.05154502 3982642.41401932 4021571.25637502 731550.020956834 -9999.0 -9999.0 -9999.0 -9999.0 -9999.0 -9999.0 16125.54502945851 340690.853468327 1892117.1717885 2179143.582212379 2427099.483975045 5243439.35385949 4733912.17458941 3443701.424485621 946449.4395463672 935818.20324525
1080286.36001564 848049.829718587 2278318.253483858 1520862.26978639 1502398.47680138 972428.0092637099 1075180.6604434 1605094.3589301342 1260976.1960431002 1251084.25446617 2417247.3510103603 747056.0702548139 1181148.12943848 2026906.3573873797 1737282.3955918201 3414921.4312647884 6576344.239168769 3226936.5711590494 506513.8636137743 -9999.0 -9999.0 -9999.0 -9999.0 -9999.0 -9999.0 -9999.0 -9999.0 -9999.0 -9999.0 749189.7996573685 892931.367880248 -9999.0 -9999.0 -9999.0 -9999.0 -9999.0 6436306.1209460115 12545471.493618138 4338392.036919003 4892638.70822733 1933454.0060472 4320016.6737145 2071292.569530142 1671046.84218829 130070.5207056875 -9999.0 -9999.0 -9999.0 -9999.0 -9999.0 814536.2062720101 2186065.102470085 2208150.54625827 2406668.9759550598 2278771.85352734 1813048.33821704 1382627.2892049132 1377702.8600501101
1353592.451859857 614410.5022487671 654168.6784957651 319692.11877002503 1274525.6468939502 2458879.29608064 782547.2124865 926363.8088231101 956831.2031141799 1002224.1443273181 582779.4776098549 605884.9986753 632393.56714207 1326009.5401267998 2118972.75574993 3528312.4244823894 7458986.465064671 -9999.0 -9999.0 -9999.0 -9999.0 -9999.0 -9999.0 -9999.0 -9999.0 -9999.0 -9999.0 -9999.0 -9999 37108.95046980034 659840.9142963105 26712.378084500266 -9999.0 -9999.0 -9999.0 -9999.0 -9999.0 575401.3140122632 2075253.9441458608 2832064.6136331996 4959797.88939449 4956023.767070007 2443050.1704933126 2418844.0556866257 2358807.434771362 3245820.481896382 316670.78205740754 -9999.0 -9999.0 -9999.0 719181.7232292502 9856631.60943807 2611668.079796121 1689617.61372113 2851137.36336061 1492235.88364034 1369444.21555248 2279899.2035620403
1023389.1424852401 939179.2857767504 2005670.8129915497 2845351.79782484 3254994.0998059297 1363824.84312504 750816.6045536499 894802.21346839 957524.455884284 979402.930017833 407140.510304243 998506.78120544 1938007.32915403 1306413.1653372 -9999.0 -9999.0 -9999.0 -9999.0 -9999.0 -9999.0 -9999.0 -9999.0 -9999.0 -9999.0 -9999.0 -9999.0 -9999.0 -9999.0 723017.6765378331 2293582.837092958 1821063.8446283997 356187.7820884081 -9999.0 -9999.0 -9999.0 -9999.0 -9999.0 -9999.0 -9999.0 -9999 13956851.301305642 8026755.280912862 4042135.3954771906 4608319.689631258 2563633.7932464955 2707990.382787285 3541335.7492561727 1171936.8568250064 33600.09000245447 -9999.0 752532.0751659559 9331523.692147333 1979593.22639254 2144572.407161425 2142302.0128704 2469488.0371960998 2833460.2069757557 4680702.75963537
2066800.3720088797 2222020.8724602 1522031.56837359 1397364.87403805 13493601.036013909 2612949.732626332 893879.24416223 863038.892696201 1018360.477381421 1248721.942022817 964403.9274439099 1506089.74213744 529627.885576222 -9999 -9999.0 -9999.0 -9999.0 -9999.0 -9999.0 -9999.0 -9999.0 -9999.0 -9999.0 -9999.0 -9999.0 -9999.0 -9999.0 -9999.0 145333.614944627 3093277.3888383303 2519399.0011678403 403925.26834793104 -9999.0 -9999.0 -9999.0 -9999.0 -9999.0 -9999.0 -9999.0 -9999.0 -9999.0 -9999 1596056.0533901174 2563830.9723596526 3076566.28252027 1133594.9692553265 1407166.5760162177 1067606.7325328786 3116153.2794704703 -9999 457306.06469373364 1602117.034713973 2173571.575713229 1658661.2858510497 2092892.22967881 1751515.8271281102 2657827.3186339 772676.4371905194
588205.7221864101 446011.13924419996 947210.4587351999 1187001.64797851 1020163.3690992199 776855.5199492131 726879.951064738 432112.76555883 267720.54367183 726369.9380794901 2071262.3949941103 2950505.4078479046 53232.16360779001 -9999.0 -9999.0 -9999.0 263199.5769690306 2916828.787271834 1907025.505586349 153076.4203265799 533103.2969617072 -9999.0 -9999.0 -9999.0 -9999.0 -9999.0 -9999.0 -9999.0 78247.514970019 1858829.05288953 1904421.6064921098 431616.631329456 -9999.0 -9999.0 -9999.0 -9999.0 -9999.0 -9999.0 -9999.0 -9999.0 -9999.0 -9999.0 -9999.0 604932.388348857 3250498.156240861 837729.559524175 -9999.0 -9999.0 1016618.1308208697 -9999.0 -9999.0 570797.8276754834 2039624.16828406 2413757.2636249396 1961459.58690036 2556613.1588351503 2392100.4611494998 1215217.93490927
919202.43360704 478210.137982 316326.4935313 683478.8593102 1094825.49987939 924286.142138797 744025.017450679 521398.364048179 654327.7573440521 502576.92427238997 1963287.4807166301 4171076.2824475924 -9999.0 -9999.0 110908.94197300453 92749.26063773122 -9999.0 195217.63918758632 429306.4071611695 -9999.0 -9999.0 -9999.0 -9999.0 -9999.0 -9999.0 -9999.0 -9999.0 -9999.0 276643.308365724 2240440.3542032 2228611.633498459 159400.46349932702 -9999.0 -9999.0 -9999.0 -9999.0 -9999.0 -9999.0 -9999.0 -9999.0 -9999.0 -9999.0 -9999.0 -9999.0 3029288.0614387384 2117729.63215912 733741.7491436468 -9999.0 -9999.0 -9999.0 -9999.0 40719.3111277412 205229.61023184969 2136572.2726952303 2267095.25335991 2822560.56222722 2213094.22107431 1982116.42317768
1134065.41024672 397106.9648971 640914.717428579 941301.30382137 1749480.3396656502 885869.4378446101 655254.3921044754 739886.4631188461 1068770.14888199 1270520.7138549883 1982766.791146568 2234784.9329614 896838.4388962827 -9999.0 391316.7674703724 51213.8542593446 -9999.0 -9999.0 -9999.0 -9999.0 -9999.0 -9999.0 -9999.0 -9999.0 -9999.0 -9999.0 -9999.0 -9999.0 -9999.0 98871.9909212353 -9999 -9999.0 -9999.0 -9999.0 -9999.0 -9999.0 -9999.0 -9999.0 -9999.0 -9999.0 -9999.0 -9999.0 -9999.0 282122.3923077558 2247744.998943388 1260227.484435542 121247.6748641645 -9999.0 -9999.0 -9999.0 -9999.0 -9999.0 -9999.0 524406.090328188 2219594.79802411 1574818.2823283 2094305.11688506 1690091.942134675
1392168.1722179647 781672.14813183 708854.3499743999 1202164.25567831 1578995.13796364 1501987.46013457 1162138.5182955998 589936.34494159 1054399.85656017 1859833.5052485073 2792600.11863218 715604.0293206678 -9999.0 -9999.0 -9999.0 -9999.0 -9999.0 -9999.0 -9999.0 -9999.0 -9999.0 -9999.0 -9999.0 -9999.0 -9999.0 -9999.0 -9999.0 -9999.0 -9999.0 -9999.0 -9999.0 -9999.0 -9999.0 -9999.0 -9999.0 -9999.0 -9999.0 732544.5965552924 4490833.600884607 348991.06108374085 -9999.0 895974.7731512929 1325998.153888503 2995842.963928195 1437553.6570306798 146036.3462946178 -9999.0 -9999.0 -9999.0 -9999.0 -9999.0 -9999.0 97037.69618907038 287506.39629115694 530010.086028449 2000476.6816492619 1165609.4709551781 1117958.6198317509
