critload/trunk/output/1999/nload_var_ag.asc
ncols 720
nrows 360
xllcorner -180
yllcorner -90
cellsize 0.5
NODATA_value -9999
[rows 135 to 161 of 360, columns 372 to 433 of 720]
0.0 0.0 0.0 0.0 0.0 0.0 0.0 0.0 0.0 0.0 0.0 0.0 0.0 0.0 0.0 0.0 0.0 0.0 0.0 0.0 0.0 0.0 0.0 0.0 0.0 2312.6695344 5551.3902123 0.0 0.0 0.0 0.0 0.0 0.0 0.0 0.0 0.0 0.0 616.425454688 0.0 0.0 0.0 0.0 0.0 0.0 0.0 0.0 0.0 0.0 0.0 0.0 0.0 0.0 0.0 0.0 0.0 0.0 0.0 0.0 0.0 0.0 0.0 0.0
510.81639714 0.0 0.0 0.0 0.0 0.0 0.0 0.0 0.0 0.0 0.0 0.0 0.0 0.0 0.0 0.0 0.0 0.0 0.0 0.0 0.0 0.0 0.0 0.0 0.0 0.0 2476.3600575 0.0 0.0 0.0 0.0 0.0 0.0 0.0 0.0 0.0 0.0 0.0 0.0 0.0 0.0 0.0 0.0 0.0 0.0 0.0 0.0 0.0 0.0 0.0 0.0 0.0 0.0 0.0 0.0 0.0 0.0 0.0 0.0 0.0 5533.24791652 0.0
0.0 247.710755339 0.0 0.0 0.0 0.0 0.0 0.0 0.0 0.0 0.0 0.0 0.0 0.0 0.0 0.0 0.0 0.0 0.0 0.0 0.0 0.0 0.0 0.0 0.0 0.0 0.0 0.0 0.0 0.0 0.0 0.0 0.0 0.0 0.0 0.0 0.0 0.0 0.0 0.0 0.0 0.0 0.0 0.0 0.0 0.0 0.0 0.0 0.0 0.0 0.0 0.0 0.0 0.0 0.0 0.0 0.0 0.0 0.0 0.0 0.0 0.0
148.392438813 119.002938561 0.0 0.0 0.0 0.0 0.0 0.0 0.0 0.0 0.0 0.0 0.0 0.0 0.0 0.0 0.0 0.0 0.0 0.0 0.0 0.0 0.0 0.0 0.0 0.0 0.0 0.0 0.0 0.0 0.0 0.0 0.0 0.0 0.0 0.0 0.0 54.0383914194 0.0 0.0 0.0 0.0 0.0 0.0 0.0 0.0 0.0 0.0 555.162160656 0.0 0.0 0.0 0.0 0.0 0.0 0.0 0.0 0.0 0.0 0.0 3232.78481199 4496.27476616
265.824710069 142.290046965 0.0 0.0 0.0 0.0 0.0 0.0 0.0 0.0 0.0 0.0 0.0 0.0 0.0 0.0 0.0 0.0 0.0 0.0 0.0 0.0 0.0 0.0 0.0 0.0 0.0 0.0 0.0 0.0 0.0 0.0 0.0 0.0 0.0 70.4394005715 0.0 0.0 0.0 0.0 0.0 0.0 0.0 0.0 0.0 0.0 0.0 0.0 475.57465301637 496.9917312006 0.0 0.0 0.0 0.0 0.0 0.0 0.0 0.0 0.0 0.0 0.0 5440.593546
0.0 0.0 3.7559904705249795e-15 0.0 0.0 0.0 0.0 0.0 0.0 0.0 0.0 0.0 0.0 0.0 0.0 0.0 0.0 0.0 0.0 0.0 0.0 0.0 0.0 0.0 0.0 0.0 0.0 0.0 0.0 0.0 0.0 0.0 0.0 0.0 0.0 0.0 0.0 0.0 0.0 0.0 0.0 0.0 0.0 0.0 0.0 0.0 0.0 0.0 2792.94353188 390.6252963132 0.0 0.0 0.0 0.0 626.259697199 0.0 0.0 0.0 0.0 1603.8461505 2677.7048963457537 9797.93165565
0.0 0.0 0.0 0.0 0.0 0.0 0.0 0.0 0.0 0.0 0.0 0.0 0.0 0.0 0.0 0.0 0.0 0.0 0.0 0.0 0.0 0.0 0.0 0.0 0.0 0.0 0.0 0.0 0.0 0.0 0.0 0.0 0.0 1316.09545519 733.374874875 0.0 0.0 0.0 0.0 0.0 0.0 0.0 0.0 0.0 0.0 0.0 0.0 0.0 1772.6793082919999 1173.0838061640002 0.0 0.0 0.0 0.0 1350.6037317670002 148.22753738976002 0.0 0.0 2156.21559191 3613.76551635 5866.8021456 0.0
0.0 0.0 54.659904700460004 1676.14404662 0.0 0.0 0.0 0.0 0.0 0.0 0.0 0.0 0.0 0.0 0.0 0.0 0.0 0.0 0.0 0.0 0.0 0.0 0.0 0.0 0.0 0.0 0.0 0.0 0.0 0.0 0.0 0.0 228.91507569 469.0411119 1692.0680112 0.0 381.954231067 239.920610497 141.199565377 130.15582662 0.0 0.0 0.0 0.0 0.0 0.0 0.0 0.0 0.0 646.68337249 0.0 530.008399834 391.8147642943 0.0 0.0 237.510110706 0.0 0.0 0.0 6736.33489095 6091.2221304 10476.689124608487
0.0 0.0 75.5775983012 1421.3397861415374 0.0 0.0 0.0 0.0 0.0 0.0 0.0 0.0 0.0 0.0 0.0 0.0 0.0 0.0 0.0 0.0 0.0 0.0 0.0 0.0 0.0 0.0 0.0 0.0 0.0 0.0 0.0 0.0 0.0 214.363591065 561.706611863 0.0 0.0 0.0 0.0 0.0 0.0 0.0 0.0 0.0 0.0 0.0 0.0 0.0 0.0 2470.23901665 1447.60884852 2535.636188976 0.0 0.0 0.0 2492.9627071 0.0 0.0 2090.65407246 2364.77012891 995.5978053 4163.39078805
53.9067810048 106.748842368 476.062894485 1667.713675965606 0.0 0.0 0.0 0.0 0.0 0.0 0.0 0.0 0.0 0.0 0.0 0.0 0.0 0.0 0.0 0.0 0.0 0.0 0.0 0.0 0.0 0.0 0.0 0.0 0.0 0.0 0.0 0.0 0.0 0.0 0.0 0.0 0.0 0.0 0.0 0.0 0.0 0.0 0.0 0.0 0.0 0.0 0.0 0.0 0.0 0.0 399.821078241 0.0 0.0 770.403864015 305.76901575 2233.20464453 394.6335314004 181.7210239 394.5978528 4086.406056759722 1907.71526345 3828.78478381
723.394749584 422.4477178668444 355.061134935 1312.7586270293 1082.6910301100806 0.0 0.0 0.0 0.0 0.0 0.0 0.0 0.0 0.24411167170385753 0.0 0.0 0.0 0.0 0.0 0.0 0.0 0.0 0.0 0.0 0.0 0.0 0.0 0.0 0.0 88.024516602 0.0 1095.148809 6659.2415133 4672.66984579 604.021972444 0.0 0.0 0.0 0.0 0.0 3.655565467056452e-07 0.0 740.542199235 0.0 0.0 0.0 0.0 0.0 0.0 3787.34078919 0.0 0.0 0.0 0.0 321.12781461 3079.13985792 402.81264709 439.78338416469995 597.837709901 4831.08691845 2124.05759948 7224.23015415
2645.9261795849948 2610.5116019769985 625.633315875 346.59480048844233 390.160486462 0.0 0.0 0.0 0.0 0.0 0.0 0.0 0.017992037572275143 0.0 0.00022072382456535657 0.0 0.0 0.0 0.0 1.8272479635523864e-05 0.0 0.0 0.07025041731938547 0.0 0.0 0.0 0.0 0.0 0.0 112.801422562 1236.25633387 4437.6701139 23975.8291177 3594.32554035 0.0 0.0 1.3488050592344644e-07 0.0 0.0 0.0 0.0 0.0 1.1451386830765592e-10 0.0 0.0 0.0 0.0 0.0 0.0 2435.71316445 1655.398191039452 389.296752345 325.34290935 1242.5612975532863 3536.306473104 2899.510950672 352.022022825 60.5018554381 584.8927752888305 1433.35033255 2887.1172681 14259.9373947234
3458.74275553 3286.75241895 2423.9014344939214 1705.25825764 0.0 223.594240117 0.0 0.0 0.0 0.0 0.0 27.972079521153663 0.0 0.0 0.0 0.0 0.0 0.0 0.0 0.0 0.0 0.003042516886345617 0.0 0.0 0.0 0.0 0.0 273.37905 490.08592893 584.148436384 2798.58968457 6523.92757123 13240.764345 3191.9472909 0.0 0.0 0.0 436.773890047 634.360552902 0.0 1006.5825738 0.0 0.0 0.0 0.0 214.672779099 383.398339466 0.0 664.501721715 635.931474729 603.698037164 371.535689304 332.027532823 4716.879678963609 6557.45331906 4872.52408418 3213.2632668 1205.72110605 2611.58818477 8113.3283133 5984.72141344 42548.7238785
3066.8991052028327 9384.305955013926 11962.56516741858 4418.5636548 2724.91653532 1752.19293798 1307.42747801 0.0 0.0 0.0 0.0 0.0 0.0 0.0 0.0 0.0 0.0 0.0 0.0 0.0 0.0 0.0 0.0 0.0 160.80144321 287.289221441 82.58738103 200.552324544 1161.55220177 2431.69728796 6089.40781564 15818.1755557 13478.8168733 4419.19617183 3048.2702574 684.99836541 1138.3429980737337 1817.19991303 0.0 1981.68886914 2845.46383181 2117.36576887 2044.0475718 0.0 0.0 323.857756901 612.605267472 489.891255509 505.0806138 1306.97986706 1323.91108227 356.350003484 2303.4593394105386 6385.981338 4875.18457995 9033.58877738 8370.12629115 5303.6001816 6911.6983978 9358.83108157 7418.442014959999 50669.58310389424
2712.23708648 3731.058126 5755.052660211 4539.5789070765595 3808.259749800002 4053.8874308846202 1318.58863035 386.396081199 488.617835456 1178.3532537 647.774494425 1940.5463704097056 653.2675502227235 310.2847125601617 273.043233045 630.864314828 418.88245446 578.3256264 422.131933125 252.718905002 119.173339398 256.09802165 204.178228233 311.390676468 391.676746695 357.687028035 317.76219304 297.805233655 657.852979536 2812.5942768 5823.10365975 33786.6394072 6598.7714016 1904.0633085 17735.160531244714 37192.21669136256 14857.791721541453 5591.697333999687 2796.49552912 6756.357161869217 27631.82542644323 18643.054746866346 893.2741476803874 818.402233273 504.871811317 1016.93257525 2057.78412488 3388.89574516 3486.28058163 1986.81989535 1689.04364202 929.5618426995087 2745.2190429 13612.76485875 10651.648671449999 3632.6162124 6387.206176260001 11674.28810592 7819.527973980001 43348.8956303 24963.02543473 118577.61974939599
7120.7578527437 5361.85132185 5514.357427716 6394.700385835476 4131.675445233137 7602.343487923507 1955.78546997 2252.61246159 4766.4486 3598.39665705 2446.3765816 1440.56267355 655.9247097 1172.11558856 948.788277525 1041.85331878 1796.22002115 2723.6741085 2623.0685982 4136.9995212 862.55443098 747.101140827 533.778938841 410.025440475 570.649196088 532.161093921 492.328480885 552.245032024 654.017015678 4401.4039455 28144.4188642 14328.5806272 4915.227174247 15148.957698894048 17254.456419113492 22394.925154099998 34904.91208411829 22644.101145622313 14530.144942947943 40316.23565749959 15946.814770729072 3317.0593189227507 2769.2047156247286 3294.083764346581 6339.636871842316 2667.17668109 18502.08542858141 18857.502103607996 19826.9066826 1715.6331666 3657.9083598 3013.3389573 4580.06278474 12809.41459656 25489.8305277 8706.58666979 5122.884177529 8523.625752189 15472.8000178 6250.07018295 13347.707215344726 82405.35703849999
17502.64746908988 6322.94509641 2788.93680177 5086.187694850861 3840.7076598721205 6528.624023126756 5631.131344169967 14237.383404781574 10792.016417023056 2376.55206945 1689.91746825 1056.13903453 1012.66288504 933.91128495 1532.98299735 1647.40458383 1138.407633 633.191678505 2661.63808701696 1795.2546408 2948.79899182 2370.177455 369.453864 318.31269075 657.083373705 610.510108583 827.58170124 372.840682252 3133.791349749 11708.4713293453 17916.36672632 9814.5540009 6950.870536225 22587.84813792 12836.73164739 10153.82651573 73076.56543524987 51130.71015380949 37718.50244849185 35696.986391277336 8467.894805970747 4100.876673718029 11465.097468940741 21171.268990273562 23637.290666426008 7271.719736445201 24065.014695275077 10840.05240992431 3772.53537399 591.977384062 310.371586343 4541.241638036096 8662.6433124 17490.504582872 20168.57215289 25041.3226668 23469.15703062 24761.150491 30597.394641299998 27322.1028376 32492.7884519 126281.40616330628
8062.4292107 8227.27835086 11014.229229813838 8014.9054134101 9427.6885122 10276.396904304493 17275.89846972233 4115.00057581 6315.87146353 1402.2927252230002 1859.31951884 2839.0787597228177 3077.14097856 4926.47066229 2432.626525152 -9999 2104.205668055 1297.7568453650001 874.950143549 2225.28881773422 4629.647024831457 2629.59114825 481.419454162 363.460249425 961.348464851 601.471395525 882.709118077 881.617298355 2258.984185952 7552.340313295 10318.28943698 13310.89165234 59225.2949342 18619.84393004 17300.953869650002 16865.76662996 114927.5683604 80798.2233517869 44542.158592202024 20077.330139683272 6326.117510721845 8320.33011038 9591.002353492135 32259.288663378527 11011.776548759999 3498.6951080400004 3509.9802948616266 2836.966478771165 3694.379280102593 1633.89818632 674.070076665 1628.500719744 9902.690979472918 16261.69771094 20628.16779452 27680.8375794 12250.77899499 30239.278648500003 42318.3229749 71070.74237123755 109154.08549820962 62424.0968018
16121.329019470122 14442.343523034971 19988.3048211 9290.97175792 9162.77162422 3633.70529709 3851.06417898 3858.1883628699998 3965.588503843 9793.62804667 11114.97970543 7702.333375128 5087.45624643 3237.370461036 2262.7895739590003 1695.62377792 -9999 -9999 2481.14877192 1710.048348508 1532.991959872 1163.54059553 782.29142592 703.603278788 1137.69630243 444.34766294099995 945.281036116 2507.1547585471 3225.6173678915998 15840.40379648 10441.85052428 57413.4283444 42458.7523975 69085.33153012769 52130.9129563 36638.112726 166679.35393634788 78207.8993626251 17877.84052949183 5020.074943627 5843.498742398028 2585.8499517369996 3603.334060079 3783.918106341 3764.21411119 3092.07260136 5209.672543709999 4225.382212608 11535.230193512996 4429.701502124433 1198.304225712 2648.187898133 5049.07727625 12884.59994829 26853.186783099998 19576.7888553 16978.338266400002 23294.96381628 57211.942774282186 69831.60767639999 163648.7397610964 72737.00799318243
52121.79392796744 30789.753889668602 33498.0828748 25574.951023899997 16105.99793545 3904.66873653 4107.934284319999 3938.20321653 4630.251911966121 3802.85346069 3536.7209604299996 7119.85598328 4395.118026424 1185.00399229 2725.003709288915 2151.573493709 792.416186627 748.761157291 694.4837916500001 1136.797608613 388.45285279968004 1523.0013949099998 1372.899734256 2607.392884543 9468.00043362 2202.2881157379998 6680.6515737 4317.21432683 4421.68421002 5508.49774403 12703.851600549999 16983.76153939 97539.28289527753 125049.5195935761 123248.53324802495 59290.43448798919 156764.45883670702 47048.0637706 27337.951840511967 13926.719231376439 5357.54453094 3055.0133177999996 1692.36296797 1792.8832672439999 3988.93941488 9058.69218177 11792.43517182 11938.87646184 14138.31817373 30791.0773797 13501.22752275 7307.99704595 2555.866726419 9262.449042929278 19847.16957015 14881.76550802 47676.984166949995 12271.92868916 4508.76039075 27129.569432700002 150304.5466926994 138103.37146574754
66876.00225631347 66370.56211790958 29452.7020464 40812.172971320004 46527.341758250004 29058.020114770003 7927.422230165876 4708.508338007883 3345.8275906199997 3158.293684385429 4278.597924092008 3219.0223330680024 2734.798917978002 2424.460603266 5072.09799283 6501.1353274699995 3201.10770839 3705.981820371 1598.4070739659999 763.408429678 334.04954858499997 622.271360495 4525.049575584781 18043.3663954 26360.3879544 204645.848394 13447.467894590001 13913.76418326 3427.50670267 14446.50999995 30963.707801700002 22912.0239536 63059.851154799995 84627.14655467005 165760.05380796117 176079.56435588014 41589.56823517508 14917.702017652453 12355.04004061 7844.453168370001 4128.676912974 4418.22888911 1879.962171866 2068.629121615 3213.6112519999997 13281.2094978 25604.443893 27057.0194129 42668.5167404 78697.46439000001 193092.5536056 30329.1927033 3210.618395556 2960.3879403220003 22666.77497951 13842.133534479999 26189.55762915 16743.8173819 1981.57131491 52651.9093692 156427.350620074 340190.9138115526
78342.34701731477 100673.11839773615 50925.976785076266 59833.43207479159 57720.799476931 58430.12407673728 39886.5706125038 11080.301720343381 11450.809293923561 18061.720958470374 28812.196374589323 17006.73792726957 4849.055178523687 4650.561742014899 5829.596800518627 5688.93217829 5359.91298895 3110.304680588 2079.5339744499997 1668.5076707244775 11070.660486523337 7425.959117867674 10211.41860607 26028.179515950003 111508.39862725628 52930.320908002774 21142.529683206067 6205.722034871696 12016.47290852 10730.047236832253 11934.0743486376 11728.68884500255 30287.414567498177 28603.36423285758 74934.01689807296 76757.18545693075 19374.274774085978 8815.599296509236 4210.10257051 1790.505786549 1391.873053665 1986.815959645 2297.8064974500003 1824.812014293 5953.017581353406 11927.77632948 71598.9103128 76136.2037046 56089.236627499995 81945.0040785 179608.2720772 82111.6054692 18816.29790471 5733.661746330001 20396.742102340002 107756.4322066 101284.1697026 73566.7930375 68869.24674656319 46389.938290781676 198621.8807909392 561954.1854376615
148336.17997993706 119751.39793239348 81524.26873218147 86628.98618472958 74759.72984686194 94209.56280324323 146021.07981432334 87452.24824907482 65508.40362347778 86026.94935820087 103373.06123234 78750.97731094122 30074.954630034837 20276.06266285 8269.5520756 94030.97921620001 96280.8783048 2795.795617912 7668.52860636 4743.419585138574 15988.8867288 12135.48991272 4540.95634987 49029.1015079 64671.39845161668 18202.487965944845 23296.08302264915 3483.7531629610166 3372.55416379 11290.046280229999 2646.645742537 6606.128560379381 8177.570541855665 24901.648420985057 42109.9820597 35847.128918851835 9625.831101936024 5480.460994049217 3791.6698533246035 2119.1056402956942 1727.01702308 2171.8288399499997 1596.2599571310002 777.113680536 4494.718823 29691.7630955 51636.4889436 132224.56814749484 54603.853327000004 86747.18599257786 67802.62838760001 20675.698613300003 7161.6924867 18248.2637166 37272.47433 138931.3202671 191480.34957730002 247262.09473217485 133230.2063436224 195606.77835876617 207585.18974794232 1255097.0379926856
216527.56350442464 264920.3016817071 223851.45474548533 137947.67202480987 243545.21544742148 196029.1076389706 190110.23916041985 75579.74086360748 102632.37832061783 127492.06695234485 93740.2352706 116620.26295060001 121180.8412923133 57989.43787503271 82230.27779578236 196809.77770670148 435083.49199370004 43911.8121648 3951.43056469 8232.495451591309 5540.311944561449 11932.399912197083 3178.0644109776194 15676.329721043501 17694.97183232007 29940.144861581695 8128.568711184841 2400.62614291 3644.60362454 2303.920517960936 2292.070685874213 1459.1124979441076 14732.175146849999 15326.75999853755 10961.493979738409 5396.576157184041 4982.313005307443 3958.9126500746215 2836.869530865 2604.17235705 3291.994702312 1649.193535479 1342.1804643770001 2841.4889615700004 2400.408111307 7062.71198994 10875.23642403 51045.8024859 213677.62160379998 30238.777694099997 45623.9603345 12427.02106146 5265.22519627 5896.73767599 23790.0585048 33276.3148802 102083.56295390925 174028.07899968047 153459.7188368312 542615.5745713408 653987.9966277293 1044954.3733338467
186874.33938614384 210363.04700172174 244572.6737555676 256511.80961870565 231524.69628852617 278856.8244908518 303424.09768324834 209788.24598136373 140199.80448775683 128033.43530089248 113312.56346653 215587.49939183847 225725.51345188377 164256.0019050711 230663.88501538476 169616.52505609262 179881.07206162 55750.77730722 37941.945236249994 2858.45798849 4660.986778406238 4404.086651629999 21709.880875277915 14530.788035668736 6592.193352161317 8775.78093511736 16274.321496625196 2552.47001017 10074.110922551017 2712.558645313844 2129.9382924640004 2375.463251576 19491.28017653 45325.22240733542 20061.027306201027 8392.84841506 8708.87317714429 14000.71423383 3718.98088842 1432.654894848 1519.9512915 2624.6647297600002 1408.3767486 8522.75235588 2543.2985529 6450.354775100001 3315.050132566 5533.16083971 10934.250034232316 68900.7763674 26230.83224459 5311.97914833 4550.20570426 7262.97525212 10272.49852734 37609.7579269 217405.98464747067 227176.02480510875 209692.3440936448 478849.5937446231 765033.4299910446 653050.5377194306
299081.6489158582 197162.97313232342 244311.7303951384 330185.738075255 416377.10484565224 417784.8164529729 435134.80558270426 140238.66983516506 113063.7570071021 137691.3815562798 351333.19371476176 368424.633744 207169.22327134205 191531.00932497895 572208.1597251387 431477.154936 92141.64450271896 17894.663110857244 32986.44244506131 4978.53565675 10365.179870921265 5486.391625399534 31399.57648234546 5668.586742149531 5626.886729186181 32337.271207610567 5786.4433622100005 8711.445300058958 9198.95848526134 1783.6159800828 2240.36360278 4759.435754257 15889.060439373827 38826.989157249955 14263.693911929357 69867.12977790598 7118.103021189632 0.0 12502.1281073 35442.357979749126 11274.045109331235 3557.121930432 2183.358982487 3048.31750208 3452.4042577259997 3228.6039777759997 3694.685903562 6436.656800442 6789.60430508 8675.745029489999 5654.171249202001 5724.44945844 5189.00857682 5889.9546266199995 6783.17333483 48026.86358316 228047.56780624035 300539.621863915 883815.325977626 738649.0549312481 653754.1731716332 864774.6958621633
137504.08185104132 279912.50932264 363428.77960886236 385035.41341403173 305378.05986051715 491849.18986909377 415016.02455030644 372334.9175196878 120503.60772214706 199089.5973924712 157766.2923071895 219053.35952109605 153031.94831894632 160448.97750254552 310968.2354703208 184180.5875033 26249.0370908 27846.1212913052 19792.004723739614 55092.645854985065 17132.065139722457 16840.00255509908 15715.295965354611 22814.64546048487 10941.659224506939 9643.44781085669 3907.064331377699 2402.2919225473734 2519.7309006818728 33339.42058644814 9.31174129596555 21393.324382417777 15114.601650471915 52124.13879046474 28244.60383707082 113775.4189208633 25051.35637611845 26066.9304558 29401.6715494 30300.98358986065 18754.749362535113 10156.932518399999 5017.22986847 4451.91713232 6151.12982413 4803.02576088537 5893.819710818714 4605.4676128539995 2788.6432981869702 18425.587986555445 7798.589353989502 5230.772022131 5102.081878956 2517.51682011 4550.058007942 17917.02774853924 582100.9254154437 760586.5584806616 896164.5444774121 1237459.6657580496 472109.02118498343 868398.7775823222
