critload/trunk/output/1999/nload_fixed_nat.asc
ncols 720
nrows 360
xllcorner -180
yllcorner -90
cellsize 0.5
NODATA_value -9999
[rows 78 to 103 of 360, columns 118 to 176 of 720]
70964.84501498801 97057.2932963621 214204.05831856918 200961.42506536396 350007.8870028357 135199.74548820802 110583.13320466637 99336.39606953831 65280.84238087517 63935.73147930245 155921.4556072252 162221.69424235084 82421.90568767072 7856.628795670652 0.0 794.6965506864043 0.0 0.0 0.0 0.0 0.0 0.0 0.0 0.0 8240.438041279747 10468.69815872242 9374.54787120748 5689.446850977782 0.0 1804.7584365262283 0.0 0.0 3818.31130010909 0.0 0.0 0.0 35671.862745017635 0.0 0.0 0.0 39625.65008730957 21496.55435559103 505.7248005515216 89037.18986553824 0.0 0.0 16423.005621450142 25127.755255046013 0.0 0.0 63945.1327793668 376050.80215739965 438830.0056311511 342259.73078632937 194507.0713709985 381570.0136556616 204228.51770551797 213359.3312920908 210413.76975453366
205432.98219293111 217359.15574609817 337935.09122431895 166223.35286631572 287694.21425041626 149371.52068529086 306662.3030755101 127753.63155640151 135354.67079485522 129358.72874303855 160353.41704452547 203691.219672784 92148.15028199385 45555.81745833627 0.0 0.0 0.0 1411.7674549103072 0.0 0.0 8892.13271760311 0.0 8260.152766415855 9023.706055654762 0.0 0.0 13362.193860130164 18212.340282686222 16856.62136039332 3563.0111314728215 0.0 7061.976131240515 0.0 1267.0805776273396 0.0 0.0 0.0 0.0 0.0 0.0 0.0 0.0 38170.06112424809 10983.515982197083 18168.02491899808 0.0 8109.704864467106 0.0 1734.2626446538432 0.0 85979.19220316122 341163.73705198476 332501.4262893632 367903.6556057399 384224.9572361464 375692.3542309356 313596.6651515313 333042.4686549896 174276.53893972372
135718.2120836237 157883.77631183702 253992.9904229217 131753.17077292144 144602.93773532787 181811.6632560272 154766.51681315366 146601.26591480427 161035.18185170976 165370.95513463326 339247.8115813215 166579.19036986915 102856.88209050908 40659.263059532765 724.6206521142519 0.0 7324.89321989506 4441.561648759732 0.0 0.0 0.0 0.0 0.0 0.0 0.0 0.0 0.0 0.0 18522.2497003867 0.0 23353.191118629264 16015.514558736637 0.0 0.0 0.0 0.0 0.0 0.0 0.0 0.0 0.0 0.0 19076.881628905867 0.0 0.0 5249.758793780169 0.0 3522.215785609622 0.0 25007.238570479974 59614.60629724109 130668.71386247194 61865.96545410538 131911.42685044836 137793.7690489739 381618.8211653117 373945.5824978351 449293.0566147948 387894.963752779
130622.95848203119 138499.1532122897 99441.36289234775 335379.00980028877 347057.0253757031 295601.47686491354 366032.163536258 384906.98541778605 161090.63984046757 125877.3441919074 227404.49528187342 367897.67117825296 91013.43082558112 89361.39086500766 81518.17995047093 0.0 0.0 9182.454943404293 0.0 0.0 7752.532235049824 9374.158719620764 9248.193996436456 12565.428487888144 0.0 0.0 0.0 0.0 0.0 0.0 22388.469183224326 43528.050291832726 0.0 0.0 0.0 35538.89431038657 0.0 0.0 0.0 0.0 0.0 0.0 0.0 6108.926518146926 0.0 0.0 0.0 0.002215661728588775 17011.586874487715 0.0 0.0 0.0 0.0 48630.80264170565 434914.351596654 473577.0550263605 462737.6583534716 437797.3344339942 403328.6508002155
133737.02136155122 164971.80742085548 120718.41973464742 71283.7390234678 119851.22744959769 160456.53561366047 276623.606895075 321506.11244415696 145094.33092211979 295394.31537813443 156566.69307871422 349462.671295585 210387.0837337892 150186.2666730717 115604.71640001766 43595.59346463397 0.0 10230.425511298572 14117.185869240473 2844.117931087249 0.0 702.2021790146277 2893.1937171321165 0.0 0.0 0.0 0.0 0.0 2951.5267951682576 0.0 0.0 0.0 0.0 0.0 0.0 0.0 0.0 0.0 56863.08459335997 5579.008775049506 36589.013977686154 34221.91302401197 13178.294896251662 145143.0480050491 57651.28799982192 49854.288650175644 4960.136828691555 23926.9347691454 78826.53626704552 184165.87250663384 62245.7691957515 130507.31488092079 40290.88767035232 422493.9364893732 308754.8653021679 341720.59025895066 407310.017016772 466896.1272431764 474363.1147122667
142521.02496938224 268256.32978707814 2266.9110192512144 0.0 0.0 0.0 188331.02196798738 252716.54250385732 277283.89262534445 265278.50528080494 157483.55257703282 77234.43794548372 159622.63320632733 0.0 82597.63787241373 73986.26845518862 995.8755122005771 8585.812506889868 7416.133701775739 1076.1173507609226 0.0 0.0 1553.4899683601054 0.0 740.3630873126367 0.0 1212.051472132809 0.0 4593.814896006438 0.0 16044.143645931666 0.0 0.0 1923.23173847279 12297.107321300598 16790.33382566049 0.0 0.0 0.0 49173.20408657847 0.0 28520.956460286536 34086.0025459776 0.0 1881.1264077113535 197444.694454806 0.0 90167.09421832308 44375.50731831589 205330.8251265651 227389.34672150202 0.0 0.0 0.0 0.0 571526.2052060484 501189.91167495336 502893.17108949885 493192.1818619593
319254.1158376455 63367.707556374946 0.0 0.0 0.0 0.0 47655.881879461296 64242.101877205896 97610.91281192409 159373.48873836696 179890.58207099643 173627.08482685537 0.0 0.0 207167.42544267897 0.0 59044.64873773 5765.472521142012 0.0 0.0 0.0 0.0 0.0 0.0 0.0 11153.580667082451 342.6732288262989 0.0 0.0 0.0 0.0 0.0 0.0 3399.3461090471274 0.0 0.0 16288.052714375668 19214.524002069033 70865.11049785718 27639.558162824153 0.0 0.0 14312.053167380289 26409.987255479617 7620.488076150831 153763.80762338772 166007.51038640778 73708.00518983153 0.0 277790.21265934623 283306.10678538354 0.0 185798.5259566704 174411.74687932478 0.0 501657.6771387976 606422.7896086838 505056.6882992795 620394.8097914013
149477.89856700134 0.0 0.0 0.0 0.0 0.0 52929.88436146694 58625.268571649474 58574.27831834618 269834.6187623681 232734.68197591623 136733.58786357788 43340.90474473862 0.0 264992.1983471887 0.0 252856.48003569496 0.0 0.0 7654.715120889358 0.0 1776.7371135195776 387.5363608051586 9101.97401928652 13395.07812510317 8468.075136861322 3896.296373677159 0.0 0.0 0.0 0.0 0.0 0.0 0.0 0.0 0.0 0.0 0.0 4531.766447112674 29801.937692604806 0.0 0.0 0.0 0.0 0.0 1598.0400094735141 189356.43503089526 86378.6658178408 41323.476911810474 268754.8992079379 0.0 0.0 370321.61024628754 0.0 0.0 0.0 162757.33685142902 592721.0642343439 612637.249346681
68130.21732905856 0.0 0.0 0.0 1867.4002688589103 37149.57670452325 0.0 78265.32543040013 134890.62306736747 251596.1126559849 291927.2787434599 164656.5586841731 0.0 18155.609407811822 0.0 0.0 0.0 0.0 46592.823705912684 57723.313115258185 57915.8311045637 18816.858171502343 25821.90970710077 21497.676117845986 0.0 0.0 3187.229989708079 0.0 0.0 0.0 0.0 0.0 0.0 0.0 0.0 10010.051416357634 33050.40809817343 672.7311448193819 4519.179149913087 0.0 11296.829381500347 0.0 0.0 0.0 21576.00977987912 45424.427407768424 78256.80298456487 50347.416352503686 15218.709053389008 164615.01966739327 0.0 423201.2165629086 0.0 0.0 0.0 0.0 240424.761485457 606854.1660686381 198730.32641100112
83625.34497858648 0.0 0.0 0.0 0.0 129070.38718482964 110240.35055030516 81899.31615344761 193151.21831233375 220550.85876266513 227046.65614520086 0.0 0.0 12567.816739711212 0.0 42024.631756594055 34949.445819639164 47131.45552840782 19814.45447021489 2291.2416760466026 10176.11811029219 38532.864879849505 10631.79312447322 0.0 1613.858025788149 0.0 0.0 0.0 0.0 0.0 0.0 0.0 0.0 0.0 0.0 4706.031774683741 4542.131812889139 0.0 0.0 0.0 0.0 0.0 0.0 13891.418193362273 90236.97817698287 68941.38695991512 16427.10367138949 17078.338893242537 0.0 146576.04344603518 33955.225519100706 0.0 0.0 137479.91456284322 35997.10479143247 0.0 0.0 442522.858522257 630395.7050971491
51207.05675744572 949.5559851116766 0.0 0.0 23241.04946319099 91342.4860699552 40086.94846863475 151752.3573978536 172011.84454548245 313485.73786628677 135375.1112562197 0.0 0.0 5879.2612888516815 0.0 22200.222456671465 23606.300795880117 22436.748948306624 14933.324352862805 10485.739779728205 17268.72696105047 48313.232098302455 9472.41866223273 0.008886070359505288 0.0 0.0 0.0 0.0 0.0 0.0 0.0 0.0 0.010394089795272975 0.0 0.0 0.0 0.0 0.008155229496640238 0.0 0.0 0.0 3606.299278130738 331.96393918885684 0.0 0.0 40601.39198511991 8652.061385674118 21155.370258892708 0.0 0.0 210633.60664620163 0.0 0.0 0.0 0.0 0.0 0.0 0.0 172359.20348481924
81690.44488102055 61655.769633008684 90394.13803309423 0.0 61668.137695038684 45103.74627936175 2063.565177759359 281863.55761727766 274335.9739983292 383885.8529699182 239221.73151754696 0.0 0.0 25122.516736439386 0.0 0.0 3494.3840337223096 0.0 130669.93851743083 302251.19774529943 176863.98725421997 111166.09418972519 91513.16131559796 41292.596136775035 0.0 0.0 0.0 0.0 0.0 0.0 0.0 0.0 0.0 0.0 0.002677279240570278 0.0 0.0 0.0 0.0 0.0 0.0 0.0 70536.6088387188 66681.76729259538 0.0 70283.36052306725 0.0 4031.8201581004164 19857.019486694655 112125.33774888227 341881.77642846474 105807.9462971333 178214.54884166378 22056.95172450986 0.015147159039305587 4160.297062024007 22583.091724494225 28007.351789728244 0.0
93643.81701862838 53124.103341503185 73611.2832269345 90703.47155100763 0.0 28838.3885297037 60279.49774073336 80661.1220031386 214842.86943248677 295969.63427072664 0.0 0.0 16706.222433668594 98994.030782146 47087.7606207871 26947.875360539725 33104.45808204931 35613.125436509676 206579.4862608208 260068.76704592654 279241.4151625962 63792.31344477693 74068.2683791134 37950.83095291945 0.0 0.0 71930.17915733693 22631.135438010246 3682.6094324039486 0.0 0.0 0.0 0.0 0.0 0.0 287.3732372633821 0.0 0.0 1753.2099396028423 0.0 44.57387139123392 520.6138791706434 27827.864768056075 62232.0634846093 73240.05331656459 44843.502805662276 119578.04819588363 40680.37669885455 98845.55689405595 164914.7628751325 274389.2509802064 468628.9528230677 324758.0431798829 118699.01348381264 98669.8568848737 30493.97988519289 36591.9440111917 191264.4302884472 0.0
19724.16184592182 35215.24268299708 0.0 0.0 66445.34741657334 59842.895335149005 55561.68633471487 4105.537180348621 77350.9953787583 159498.70664358913 68938.29288743765 227834.0403851027 146044.75439142963 164034.73568448392 145633.41231277038 112617.29043740501 42192.32342348831 76609.0199684097 0.0 0.0 271088.2667457694 9181.02437675855 43025.67166598352 3948.5413080443045 0.0 0.0 0.0 120179.6310045116 0.0 0.0 0.0 0.0 0.0 86526.04959950727 176168.23015106493 0.0 0.0 0.0 0.0 13024.10042598579 6605.061685102761 4916.990056969455 0.0 13482.683842378883 56906.911968188535 20502.314190770703 0.0 150680.71180194584 172670.87156202184 358046.30678760726 364256.9444355679 452011.73262455 398522.8643124528 330474.80457133125 288546.10249324393 310446.3079725293 263999.30700187985 183073.35593145978 7271.535451821859
0.0 0.0 0.0 36717.34580844232 0.0 0.0 0.0 5073.322404209496 895.0648432322913 67451.94359527755 157329.99002461083 199701.97282520458 146782.2815863937 134987.62871696483 270832.0573056661 105499.84379200885 104660.1808848418 0.0 16537.78986740029 15516.994135895644 39914.71672799417 92072.92598078588 60305.389925515374 32231.47896209625 0.0 0.0 0.0 0.0 0.0 0.0 0.0 0.0 0.0 14682.02600897133 74827.24532996952 17734.35327268045 0.0 0.0 0.0 0.0 17665.246991042273 365.8325410564382 16628.202453616304 18473.131854329924 116546.31484897555 59500.879411898946 0.0 0.0 127984.57555486939 345645.1027616259 436917.9299173532 613677.3903995813 274737.6332726179 281192.6252062843 327812.2621113253 353469.00333893707 208834.87814935474 133532.93309659627 10990.354489332747
0.0 0.0 0.0 0.0 0.0 0.0 0.0 0.0 0.0 0.0 143201.961197749 192521.54284284712 210718.06155937247 181670.98965136954 207338.74620770192 168214.57141964423 0.0 54441.04189888621 0.0 25089.18324555622 20620.952444335584 45627.17373452879 87382.96987002227 63160.1005963912 0.0 0.0 882.2981655076102 0.0 0.0 0.0 0.0 0.0 0.0 0.0 0.015350559275562963 0.0 0.0 0.0 0.0 0.0 0.0 0.0 47745.796855703804 88444.70451105903 84479.89874185901 106633.80359550375 145460.66678227554 128434.95459974713 51825.41867060153 76749.79620867116 216511.40048783057 213777.9900881735 276677.5676309237 304714.5152374182 602875.760586103 274331.17737026024 274670.1102888182 321622.0675552775 198594.9800283151
0.0 0.0 0.0 0.0 54478.854974228496 0.0 3121.809757043578 0.0 20057.667895290688 63166.19532261667 0.0 11377.947731427805 53737.44584477974 77600.31097820088 72680.47167485033 0.0 0.0 107940.56249993203 0.0 0.0 22623.85121618262 3622.328765899292 7243.7693316538725 80541.84774548981 96670.94361393474 0.0 0.0 0.0 0.0 17644.630186646114 9596.727330989544 0.0 0.0 0.0 0.0 0.00596430413788977 0.0 0.0 0.0 0.0 2673.039633209454 0.0 8062.1798969869615 0.0 65401.00088682008 0.0 55108.41613897155 46471.80632083052 48130.81132064907 41939.893679270055 311762.4697041369 353800.76004816743 185134.69236483643 167067.21195867672 347401.64354616613 340349.43899248686 301313.57396748185 139436.5577078184 375231.11816572055
49799.97384451219 67314.61377898531 77680.54972499162 34286.11792966071 59557.514234701135 50863.298546589656 0.0 0.0 0.0 0.0 0.0 0.0 0.0 0.0 117598.54772994356 0.0 0.0 105550.47896041862 107059.47230292195 60974.20710163662 65510.16520107964 23565.64463676864 18803.816326807508 9284.054256703814 50195.333825619455 13868.83307547892 0.0 7715.8178702762225 0.0 0.0 0.0 540.5682768604538 0.0 0.0 0.0 0.0 0.0014359529132768895 0.0 0.0 0.0 0.0 0.0 0.0 0.0 172833.60808427044 110741.22994308604 109706.24638678935 128184.4915387737 165103.77353749657 91625.27895169373 281245.7251719433 286693.7492443294 219844.4553293944 224127.43275540948 99806.33805982786 182689.1501583724 335051.95891487255 218686.48227961597 116766.89988321922
176541.30947218323 0.0 167052.67462988445 149482.15457980285 47240.13943769208 2838.505446621474 20516.257429079105 74894.86649799968 0.0 25563.798800074732 88633.15853020473 141011.60484374 0.0 0.0 85342.53152831002 0.0 0.0 0.0 8524.150768306226 16236.05636358793 0.0 26816.124182379477 4784.636724448301 4782.2161434724785 0.0 4408.65175708123 5822.405390555445 16644.134266465877 15760.100631415973 2322.873872047967 0.0 0.0 0.0 0.0 0.0 0.0 0.0 0.0 0.0 0.0 0.0 0.0 0.0 0.0 74207.42532467905 98145.58888857113 166879.61573398093 123606.46745562949 190836.48637492623 165271.7740960476 182929.24785175326 220923.17894143268 345389.13990784605 196784.65909127187 55871.268828062966 215676.4531024753 324241.59811748343 311175.21043176256 119050.46308280308
139648.88172120423 97826.233015606 131635.4477375297 40841.95384322756 16074.616985339155 12389.288568841139 8234.210468861102 19205.99348656669 0.0 25806.145076266377 127834.82863209772 68330.79223708232 0.0 10699.805671173013 0.0 0.0 0.0 0.0 40864.07379288891 25754.02744872738 18188.557018080824 13523.510872413213 5058.338989422195 0.0 13427.123906947223 18234.093796574958 0.0 27251.07107305091 107759.69389374506 104309.32833886768 157555.4794628801 0.0 0.0 0.003430557231993288 0.0 0.0 0.0 0.0 0.0 1180.2500861607807 900.9979459674647 0.0 53712.349319720204 106009.78516744383 115269.23738509468 110367.96920486362 117481.36612557792 93467.52953638049 81409.29376399853 7126.7649907810755 22943.678519804704 264691.22936095507 349960.1149893061 407010.90139511164 140017.64927087817 190944.55268019013 317332.804727419 209482.46077221763 61819.730746355475
176770.79070809408 188466.55179312432 9125.175847675982 20571.634823402313 44500.68054856682 22609.324689652858 0.0 8716.775204473874 58724.80716217389 73035.23425738567 96457.57006965952 71406.73552241555 0.0 11252.075406266908 0.0 40726.33362022147 0.0 0.0 40402.55371663687 111744.10304124636 171332.74804791206 131609.79386816683 40653.83312200348 0.0 10629.424263961979 40190.275815117704 25449.65554720639 90957.13481875398 199619.71985009834 286787.6193497643 127604.74766009538 107893.29820274335 0.0 0.0 0.0 29030.995584494653 17039.74720809244 17708.728145784626 10737.655776894304 0.0 0.0 76785.25803938061 79890.43508771532 82076.26074959767 126695.48758878009 72929.16729386449 173640.75229884175 163722.2346166922 62020.81490340034 267945.89361254976 215489.38945823265 290412.73265185615 478529.52746807574 459132.7427195409 362937.3816124858 175096.48762487018 224587.03335280708 84970.96591523377 103378.22910914889
266134.9428287659 0.0 55981.68627621142 27521.163333720135 0.0 12725.267836512217 40736.19327162346 17647.867078837695 132295.27347943536 0.0 56501.25172076806 5608.798955371185 0.0 5578.220997759085 0.0 0.0 26256.68864102915 24457.52246686014 0.0 230597.21568577696 75914.05405518928 0.0 0.0 0.0 0.0 0.0 6622.192366986208 289981.1555156686 165504.08648187915 232254.77395635517 165944.59653808497 60779.45388593871 30704.221192535606 0.0 26344.887725583707 0.0 14270.70615981601 17451.18706354696 14100.970600535546 0.0 8486.754106788718 41003.44695476273 15728.449579131955 86469.18390376015 95204.28231275767 115001.67969371735 0.0 187266.17296336024 167505.67628459702 262075.5554157432 273440.32453659805 204594.9503062176 275015.02890744194 382048.6955317218 244792.8130470214 95663.71683956643 210000.33455485266 98762.07208179953 145235.00347783766
290592.09486316174 216229.09672567653 28750.78620625885 4983.336501996967 0.0 36718.50602347799 0.0 0.0 95119.34866991953 24940.623366417538 0.0 0.0 9270.749685790954 15306.887735296044 52299.353200566846 28772.621774898027 50951.65482654618 32403.983742094275 34425.86843900135 135609.32283641456 34586.14676440159 31607.635296027383 1854.638764643453 11132.597807492726 0.0 0.0 46914.43142572214 156718.1164509561 160803.52824336593 180563.14252267132 261472.5504001688 66846.49239479264 0.0016957590693084397 0.0 0.0 0.0 0.0 0.0 7485.975340555135 23973.906593033676 48223.66767438101 0.0 58170.57214480038 51185.95358883619 61976.15784944299 48868.2936052623 108062.72450791622 57063.0038057956 214089.24007686944 363738.7395834586 331142.3900910481 336265.66069112596 80033.01885090393 195229.67210297097 265362.24935086514 164078.5465789414 153278.08938143303 118135.33512077412 94771.82800816494
274854.5889436544 231992.39115702294 160803.81114805874 0.0 0.0 0.0 61798.857654689426 23871.54437327327 92916.79372981303 39543.09606339569 0.0 0.0 13103.1345098669 48995.50864881558 0.0 65668.86255848099 0.0 17415.29655752247 12811.125817963983 47702.56671716088 0.0 0.0 0.0 0.0 13659.070691631743 29374.16377534402 148508.74755245371 136985.15756696594 195397.00198680602 183528.729544541 213339.72784554705 148628.2633698817 0.0 0.0 24130.020986746247 0.0 0.0 26726.686629364634 21708.652884503867 29019.954175571398 28055.463052075724 57116.50533584661 58795.280965004145 57026.937134447544 47722.745753326875 20480.096012909176 14771.536749024719 66323.8936157922 119448.40285453871 151578.7694390441 77045.37421061094 64821.163659793834 1815.5270125357956 0.024367643248584675 99939.56120382473 152296.04556513124 105932.97558857549 74059.0933103258 52048.55637442343
591337.0238331484 319545.01451996714 267834.9531813064 106499.78528444194 74088.36484562836 0.0 83120.68551322968 71460.04117034505 69473.60921739157 45868.43360551881 17450.031523886995 8630.898982800247 0.0 0.0 28773.099285428798 0.0 0.0 18004.742744215408 24013.553901941887 0.0 0.0 0.0 9197.581681359277 0.0 53228.19004990166 37694.87573908238 20599.295166451633 155544.5102481962 152574.6023803887 144982.11692166718 76919.92502848823 110310.57211505166 24644.843495426005 0.0 0.0 0.0 0.0 23352.87551184182 14511.105176626965 0.0 0.0 0.0 39468.744926716754 54865.73005253421 68586.6285731966 122089.2903643999 66958.39788295975 64891.43991781034 129760.63616901424 147248.1187391751 78997.7189434387 129526.54620356808 33057.169428853056 44807.83792790426 142897.35860339 155232.8300505521 129536.10641574759 31043.173577404912 156995.45156255367
359578.6148363682 339794.53083705466 310997.3123365338 221460.94975363833 166183.50271350823 117981.82021023298 0.0 29834.070581503285 30011.877219912018 79803.01019451524 0.0 0.0 0.0 0.0 0.0 8767.511742803132 30458.63621589607 57478.28482134964 76368.2497903682 0.0 0.0 0.0 0.0 4011.3033019093427 7986.858696706466 82011.32036463846 153712.53453342535 194003.17973935997 165218.54270982943 134950.06085012513 0.0 10394.713801127216 28285.933808157864 0.0 2587.085142691736 0.0 51256.20908970219 73070.26231951735 3659.2733890524055 20330.49300041782 28548.935785954 35817.65715676823 50166.894247670854 41982.25239478748 41197.397171643795 20883.308211019506 22834.269565740524 47018.56007266093 145442.48575521915 145834.237624632 71270.54701088688 383474.8366477932 275456.7368155485 228575.43316298892 229618.47391113223 497907.14708704245 222002.47984280434 308753.758982721 287064.8438111158
