critload/trunk/output/1999/nload_var_nat.asc
ncols 720
nrows 360
xllcorner -180
yllcorner -90
cellsize 0.5
NODATA_value -9999
[rows 156 to 181 of 360, columns 406 to 463 of 720]
2837.3245266 393.603744105 0.0 51.37462146 0.0 0.0 0.0 0.0 0.0 0.0 29.4619990686 0.0 0.0 1127.55463096 0.000805878461587 0.0 0.0 0.0 219.966812167 0.0 2805.44286094 48.3139430985 403.178610461 444.135801937 9132.86309887 55577.26217711989 249877.66678693588 270987.45038022223 9731.919861941724 64963.014798256474 145166.72109777897 80423.28396464452 146309.56426341156 47128.4754806 4914.916841506447 16576.274742775062 9201.20100638 26885.1040249 11455.8580068 2425.2105180375634 339.802188 -9999.0 -9999.0 -9999.0 -9999.0 -9999.0 -9999.0 -9999.0 -9999.0 -9999.0 -9999.0 -9999.0 -9999.0 -9999.0 0.0 0.0 0.0 -9999.0
0.0 84.4289523 0.0 26.4662442165 76.3786317637 1.7287361172e-05 0.0 0.0 0.0 0.0 0.0 0.0 0.0 1735.10806188 0.0 4696.33944 1984.58457431 499.427652652 98.412396564 51.75057627 157.22317884 1922.44778797 853.403721412 2143.08122839 85055.66981921723 283957.7372070716 162174.3837553922 87398.59886290702 105707.89069607781 259783.54655691521 120007.33093321297 67549.30057813312 108989.55289025491 82729.98205841638 18520.971401309565 16119.271593577105 23361.366057917243 14159.591127 15962.453006152824 6013.568607159558 560.55604527 9.109174071 -9999.0 -9999.0 -9999.0 -9999.0 -9999.0 -9999.0 0.0 0.0 0.0 0.0 0.0 0.0 0.0 0.0 0.0 -9999.0
245.807488924 24.1148996385 0.0 9.739009215 0.0 0.0 0.0 0.0 0.0 0.0 0.0 0.0 0.0 0.0 0.0 0.0 1114.37453381 0.0 0.0 53.5512869471 154.74293121 0.0 9617.95017 83907.50365504753 23618.8493888 319732.39389104495 199400.30780194863 211765.31361099912 55409.98961464076 151615.36667586732 123364.08978892566 158276.05407254054 292994.1523687815 133926.73278082098 28662.334635608197 12748.4619037 49032.62249740712 14544.505285574682 18021.146574401955 34618.15129100639 1058.4405882 0.0 3.48307101165 -9999.0 0.0 0.0 0.0 0.0 10069.1320239 0.0 0.0 0.0 0.0 0.0 0.0 0.0 0.0 -9999.0
2101.43271675 0.0 809.182905825 0.0 0.0 0.0 0.0 0.0 0.0 0.0 0.0 0.0 0.0 0.0 468.92646882 2007.62153259 0.0 686.2129263 0.0 0.000138425840835 0.000128254945975 0.0 26852.6625975 151431.26021984796 88435.54139051371 97779.81415812345 194539.14598336202 196950.37056746468 166460.2010607297 74967.68986868931 126850.8974126009 69428.3744857 92559.416931 131671.69570856367 31762.135491439934 29394.198053538286 19324.9742110253 7999.6654965872085 12628.474943800622 96624.39103748162 11565.799074670193 6050.93715877 3588.48303806 5788.31519437 9970.45385963 0.0 11841.3525409 0.0 0.0 1219.74303974 0.0 0.0 0.0 0.0 0.0 0.0 0.0 -9999.0
12697.9668126 7893.79812109 5069.73684866 0.0 9014.03366527 335.094042855 0.000309659066662 0.0 0.0 0.0 0.0 0.0 0.0 0.0 353.795176644 285.436442235 0.0 0.0 296.944631486 0.0 55.1675898675 460.97724057 27517.7133562 51531.00602301912 155885.21183130983 198928.32260912418 193593.39133657684 155991.80560396067 214588.69235277036 129420.83095088346 68410.06594777555 109871.70939906625 100577.40200939725 85837.32128738871 23633.32678329062 18511.4988787 13722.306027289847 31227.42558697117 30414.402842973526 16841.21581438185 4371.52518675 2767.1841186589872 10581.355535022787 0.0 6061.381491276443 5143.765847225051 3781.67942827 5026.44077595 2074.53605581 0.0 407.08834479 0.0 0.0 1869.4056219 4511.31688822 0.0 -9999.0 -9999.0
203751.74338679278 61524.56493951356 2551.38875235 4695.7332498 3026.972982 48.6228497055 342.103609485 0.0 0.0 0.0 0.0 370.125997639 87.53194386723104 95.1889677277 3610.949001730146 15008.568180538614 664.6001607964931 166.614967806 209.333991382 0.0 45.0794043832 358.737788535 256166.60415461805 109792.41926197437 98946.02885399989 200312.28556183501 89784.31354565476 303964.09999505954 221977.1656804168 163124.49941176834 52109.1099131629 53905.212172325206 66058.55904117328 67963.8987169 9683.1380118 87578.23840149384 59569.13035593511 47917.2136072 34714.731937280725 0.0 2288.14701806 1288.8155574083646 0.0 0.0 577.082325544 748.39690275 2194.81182728 2058.29559634 1880.01459795 0.0 2058.21740869 0.0 0.0 1037.0033971 0.0 0.0 -9999.0 -9999.0
272839.2710830947 58820.80410460183 83597.16161025183 20065.4039030395 12319.142368154007 1613.15400177 4012.1143206 873.27259191 152.083473562 0.0 49.384049175 4467.798482866538 2309.161361953579 136.497980931 1346.47809329 6406.939638136814 558.1086960269087 62.1276089441 0.0 62.6950030219 92.9179841993 173.395755562 53643.68693838051 339572.0845224611 147850.63766218902 214018.62502884993 184353.57162708585 184939.31051783022 215563.43094151386 182293.71404832797 61158.48284217859 51555.65955061606 30341.21626794168 33936.136468538745 80640.56696669824 32756.245324733874 40612.1952668 17251.5606896 0.0 0.0 0.0 0.0 0.0 0.0 0.0 0.0 0.0 1294.05195507 965.092035476 0.0 0.0 2031.7960677 0.0 690.413616135 0.0 -9999.0 -9999.0 -9999.0
364182.881324012 112697.60202544717 202575.47756774747 69768.83494179895 28951.561499184278 23299.990410526716 10912.8899184 9522.52705748333 1332.88563495 0.00117713277225 239.533223961 44.2508161631 146.941570709 788.025479287 16631.670661338496 3173.5547708825234 142.945822818 64.78631731973886 0.0 53.68286121 6653.327223416458 42454.11397200567 74921.94551229534 110519.27517833529 244895.92436209152 287434.6965223371 452407.3758648156 272214.0241349536 281779.0921272514 106688.00849993968 108419.49289880456 56141.746559449384 72896.06752917485 96623.61553113187 48867.07184143543 48828.57526149582 0.0 15090.1150774 18488.5932375 24644.7322493 4364.07029404 2925.82416037 0.0 0.0 0.0 0.0 0.0 0.0 1094.4673447927657 0.0 0.0 0.0 0.0 3699.77110717 743.620546575 -9999.0 -9999.0 -9999.0
443362.1369207667 189641.23857656072 123375.80177313248 151091.16262748302 90195.15516007648 17495.853877799018 14215.019346691744 21703.002443138845 2467.23072491 354.4185621 0.0 308.723430975 53.1429459506 106.3126834526851 946.1118809693046 26604.292109193066 32625.01498944373 0.0 0.0 257.408874731 451.965564135 41113.936322583955 71613.72360933395 66210.13116890212 466315.2887827781 278902.46023394994 324370.3229256277 225823.85852364058 341163.61629263184 157800.87949162733 75572.29415630136 0.0 192349.06420274285 42606.32659932325 103625.6111565492 95700.2886770714 11446.0358377 16255.8692685 21814.860711 8367.476664 0.0 3734.5929243 0.0 0.0 0.0 0.0 0.0 0.0 0.0 0.0 0.0 0.0 640.281499894 0.0 -9999.0 -9999.0 -9999.0 -9999.0
332330.47949278157 205794.46157419123 214458.89829406893 254790.3889011506 187677.74444914644 67574.04463401683 18624.84381453157 21845.373256919003 15096.898659961804 2900.8482496625793 12137.323638387383 382.799328289 167.615165882 51.7885579035 595.2389740041899 7752.08026931279 39526.032693178066 0.0 47.5721136712 0.0 0.0 65.6310014055 4580.79555442 45798.21111830165 104153.75785903394 318248.3638630433 239685.0040513862 326595.51622557093 275100.9897511038 108301.62180502818 5695.701535487582 62917.76858826603 174251.48023170017 130149.3047679143 123354.0736310574 139683.0152261824 25309.232588030507 23060.097311521768 8647.0806135 6540.618303 2516.18929798 3965.8484493 4125.06782415 0.0 0.0 0.0 0.0 0.0 0.0 0.0 0.0 408.43497696 506.054097608 290.46941667 -9999.0 -9999.0 -9999.0 -9999.0
358538.76698885753 350322.0799098708 268100.75781277777 235300.5334458155 158090.38200530072 193543.18721964484 79654.11767663814 27252.39359792124 26219.584815431903 12882.59463429958 73984.27374432042 13362.6315568 28588.63476024089 0.0 215.661026358 3708.0695405875285 826.8774241509224 298.326272606 95.1379434465 52.340635584 0.0 1685.41360988 9323.81799187 77474.43686279314 153673.68903784553 122086.30491598537 83063.8293615 98201.431191 88659.901989 22248.9605493375 7045.215949324276 58717.1706803461 174295.45604764856 123619.5936041915 97031.41953914575 37729.1093325 10590.1616231 15930.2407973 6284.47410675 6164.63010585 1852.30800576 2319.41899038 2347.79260879 0.0 0.0 0.0 0.0 369.72292095 233.829960941 317.071365682 324.024779107 510.605732812 0.0 -9999.0 -9999.0 -9999.0 -9999.0 -9999.0
312354.39591465634 454534.30316553893 321758.3531660074 363713.86262442986 410383.9405144962 271921.45917618833 201868.04324600677 49894.35720592629 20954.795053468944 29043.074443570786 97233.95499979453 250697.782589511 8432.80163591 1008.48523001 224.91989751 157.8479019 404.2079541 596.0557386420684 84.3729278122 56.4801472425 1833.45016545 9607.75744455 37990.9721138 35870.74198376718 98646.9809928593 135006.49892871018 63468.329758464184 225711.88741627318 102522.59428557525 0.0 127533.10726949183 85127.14107826716 92057.6531662 136163.30486013374 44143.25618366712 40543.4401769727 10711.233233789892 19845.9674347 4450.94752875 0.0 1203.36511781 2573.85185723 0.0 0.0 0.0 0.0 0.0 181.40035224 324.950322401 330.760365634 0.0 638.02335312 82.818528534 -9999.0 -9999.0 -9999.0 -9999.0 -9999.0
326238.793140835 230490.7753399869 409408.1811624723 372624.7722281471 431459.3218870938 265653.1906689285 246611.5595765602 196480.2748767823 106059.94434051693 51524.46688764173 46440.8310842513 21793.457118457878 20727.865158515404 6128.355881625476 825.25582125 634.760806316 320.14598364 1764.91643919 1069.6526361 605.192335894 0.0 0.0 26837.2418223 28688.366646 25196.8723582 50802.3808875 44753.4488205 166024.4068332196 80472.42044003669 51174.77670045245 50132.88500410443 58330.279434 38946.8655 0.0 24530.4104164 29390.169168 15371.9614515 0.0 0.0 0.0 5223.46124437 7049.30104463 7028.86432688 1746.30067065 0.0 0.0 0.0 0.0 481.416801937 591.051058725 709.819841903 597.54343608 -9999.0 -9999.0 -9999.0 -9999.0 -9999.0 -9999.0
152293.63885784557 220008.1004218258 411874.9225015084 433467.13803605497 422564.7559374845 315873.1146985032 319052.38544947136 419991.64383906743 173643.5570938946 43596.43980536897 34014.85231755669 64510.71340880866 72356.58023919402 34148.518834223454 61724.47308067066 2222.7678550220844 907.416632284 51291.86903522108 2440.56424634 1192.50332069 92.8311165375 0.0 0.0 19571.8312455 9338.48091375 11326.5997189 18633.0965438 89121.32331190325 93430.0336671099 75239.65222886499 25166.268483338965 69099.70432399711 63133.0716329759 29061.91515977204 26805.655540791835 13340.7341989 0.0 0.0 3031.8944931 0.0 2010.39803539 3453.62682637 1099.323657 5122.359 2338.134365 0.0 0.0 0.0 0.0 0.0 0.0 42.6078654008 -9999.0 -9999.0 -9999.0 -9999.0 -9999.0 -9999.0
187771.35984770383 186040.58475875808 373970.0295302206 197711.91793277458 295306.2060034288 241635.70346627597 283689.6159850322 259772.08720447085 335880.1874351461 173355.48339703438 17261.15430746372 32862.451238453614 41092.77878399866 55962.138578865575 75320.80703276851 85001.31875791805 18253.338110391232 7793.2742427 36020.74545572151 13326.5550656 5484.0834009 0.0 0.0 0.0 17052.905295 13019.4872535 0.0 0.0 49402.9861459 31607.16531 44522.251604914105 45221.65430169994 9347.156208 20453.3886559 20197.266852 12103.7773545 1902.26236005 0.0 3297.67055287 2056.99331513 670.58078625 720.154305997 0.0 748.004638969 832.377815527 0.0 0.0 0.0 0.0 0.0 306.612867345 -9999.0 -9999.0 -9999.0 -9999.0 -9999.0 -9999.0 -9999.0
137630.35371779138 118360.76508956609 205546.9264799866 167463.75475150938 227498.42451367484 520645.78623132553 305366.79771656275 321778.5744354254 313907.85992371634 272006.0109459821 229660.24225721412 268633.1937757137 242166.08664018314 218657.54149436968 25429.567223835962 28070.14475935133 58875.681017585885 7472.52042009351 49136.28444809877 67164.16600067628 63934.78432273527 38057.2149769 0.0 2671.95306578 6041.89006268 0.0 0.0 15583.8131212 15038.049873 28081.5225461 78458.62791650188 37702.160266945684 14289.890866416208 15835.747409266733 6572.33082975 13848.083157 3256.35729495 673.34243634 1390.50190788 1619.76842065 313.487653684 0.0 0.0 0.0 538.332413741 0.0 0.0 0.0 0.0 915.752246018 -9999.0 -9999.0 -9999.0 -9999.0 -9999.0 -9999.0 -9999.0 -9999.0
112590.57032764425 108736.96576600439 122692.31776225935 131076.18614678472 251979.60212653852 490417.76663644705 519711.71007785376 437456.2798206149 419164.8968123483 473503.51688372495 166554.4821372165 155724.0293505377 192549.10458065907 216342.35476824114 199075.02038434506 110796.00720255505 9719.395545 81259.88801909838 6533.8228707 196468.23902904216 31350.266556 53019.373775027896 52945.8673106 15707.286646166818 7739.3185245 0.0 0.0 11556.3880575 2173.2604344 7517.2819404 21776.5578724 53378.443067271895 97737.46735640206 15560.050301878447 3969.5667489 4745.0686269 0.0 0.0 775.682167417 0.0 0.0 0.0 0.0 159.120763605 0.0 0.0 0.0 0.0 920.78049888 -9999.0 -9999.0 -9999.0 -9999.0 -9999.0 -9999.0 -9999.0 -9999.0 -9999.0
114967.12366072438 133375.8106211387 152993.10531861818 179408.3151309122 185156.1151950637 191103.70730315795 238091.39145764982 262481.0242504646 397159.9008548716 323446.4331382197 402462.2534360329 315371.55029063055 229073.7754523206 301711.7845656732 163704.95958230627 166482.10189210266 46584.98208401236 18873.7206158 17508.5516175 12465.046335 0.0 0.0 0.0 32748.5871765 10191.2183475 0.0 0.0 3513.46696335 0.0 24990.49902322232 3247.7419872 8359.804885359117 22265.608149718628 27093.15866910475 3053.76999165 1082.18640037 0.0 0.0 0.0 0.0 0.0 362.603630662 0.0 174.353594029 94.1126426625 0.0 0.0 671.64981675 -9999.0 -9999.0 -9999.0 -9999.0 -9999.0 -9999.0 -9999.0 -9999.0 -9999.0 -9999.0
124430.4817682896 121771.36386059684 123297.05789782332 121313.38513023307 193520.32678086724 198249.4781959319 207214.77119190744 224602.36791939457 230531.21839288968 203914.25937789027 227813.03960893967 240507.8905518979 120052.39172161343 156688.12718018395 170932.65016238956 159064.57332878906 105616.22877320278 13509.297524718435 32807.35454005949 8518.2684891 9701.9240895 0.0 0.0 52024.50367832802 7955.534597574013 5285.848916256179 0.0 0.0 5832.44770702 10423.021243162186 4144.43439844 3938.09898315 3445.2078324 9102.068083544722 0.0 567.28813284 0.0 1021.59424224 0.0 351.326213903 238.857515167 0.0 0.0 0.0 20.6320583292 0.0 225.6329946 0.0 -9999.0 -9999.0 -9999.0 -9999.0 -9999.0 -9999.0 -9999.0 -9999.0 -9999.0 -9999.0
175794.0275537044 156295.98972724282 168462.10355187755 162854.2164792278 166889.6040568616 201388.6401844097 297160.5006026573 308524.9249575699 208226.026140953 198029.46802247572 171049.48628092837 161616.67169206328 223621.92987672036 214079.15502834533 143130.6711425361 128947.60456090991 26852.052261966477 21437.6412472 5207.55500625 12596.877193503664 4805.8418133 0.0 70485.20115089894 48937.98104476681 36564.86513962797 16685.704120648963 8962.68317962 34098.600321 5945.40078525 8531.52381502 0.0 1036.10333846 0.0 0.0 0.0 0.0 0.0 0.0 0.0 315.4273812 346.183955325 0.0 0.0 0.0 113.769278933 0.0 195.5460670861426 -9999.0 -9999.0 -9999.0 -9999.0 -9999.0 -9999.0 -9999.0 -9999.0 -9999.0 -9999.0 -9999.0
257330.97670663934 171839.65566709163 201714.55027972854 236556.2501145737 202803.64757375512 194820.7866505691 215045.50757077383 273302.1527674743 270151.7616733759 244934.4063560714 158853.58268985726 152732.67411416824 180553.8337097753 107071.27629801375 116439.84649852771 38348.71334905974 0.0 50797.681532339106 60125.56590773928 12669.770949066256 0.0 904.6839299558198 33160.59344212509 87427.52209480677 69318.24697895716 21992.955336 18660.6319357 67761.462742552 49397.8513129 8503.766595 0.0 0.0 295.72876179 0.0 0.0 0.0 0.0 0.0 0.0 0.0 151.308035794 9.8344203174 0.0 0.0 62.331329424 -9999.0 -9999.0 -9999.0 -9999.0 -9999.0 -9999.0 -9999.0 -9999.0 -9999.0 -9999.0 -9999.0 -9999.0 -9999.0
260718.79960415512 271720.8659705407 221140.53661564545 242125.4057414295 237187.73685773817 216586.22719457085 199803.5822161351 192742.7452920051 147126.3294414955 94887.99146490352 93371.81659512101 30263.278323896517 22043.5484209 78029.91982452474 46405.1936523333 0.0 30816.848450735637 73052.14772236987 48757.64965428267 8819.835015602353 0.0 20452.860866929244 84931.69257430133 89142.95696580994 180454.6165965193 59389.32088304052 34395.162336 43068.1956165 46845.139836 0.0 0.0 0.0 0.0 0.0 0.0 0.0 0.0 0.0 0.0 0.0 0.0 0.0 206.59052729 -9999 -9999.0 -9999.0 -9999.0 -9999.0 -9999.0 -9999.0 -9999.0 -9999.0 -9999.0 -9999.0 -9999.0 -9999.0 -9999.0 -9999.0
292322.5610516648 198983.75737982252 232765.70340513313 254639.11001940203 205349.39506452726 194661.58092672125 163000.24591432497 132643.05909304362 120288.77913500773 141728.92166794717 73505.72361700577 45498.160809 40435.63139210164 48146.836941582806 57952.11165161147 140811.26994667793 96007.39839110072 32121.22254633419 85614.6885058994 9904.288021312022 0.0 8021.735359591618 30702.727235937567 39259.426800694506 27764.747534968024 63299.66275738831 0.0 19452.661174297613 28120.0116375 0.0 0.0 0.0 0.0 0.0 0.0 0.0 0.0 0.0 0.0 0.0 0.0 0.0 -9999.0 -9999.0 -9999.0 -9999.0 -9999.0 -9999.0 -9999.0 -9999.0 -9999.0 -9999.0 -9999.0 -9999.0 -9999.0 -9999.0 -9999.0 -9999.0
349581.13737334736 295002.1038889258 339093.26196065784 255556.35944789203 224412.3137461339 189593.5824806146 231519.4034298939 176716.16707620918 151946.33009195823 63651.45731355606 51173.04231 84804.50990998432 169974.7022594529 195601.64910606586 162794.06546956382 0.0 26976.4128223417 87630.3183201094 21641.801918012716 0.0 0.0 0.0 13236.182371653998 41684.867958489325 86610.63198229852 65184.798030494785 37777.67184348752 16317.489600307263 91551.42023760949 21312.265898284983 8660.99927351 0.0 0.0 352.355375047 0.0 0.0 0.0 50.5114816365 97.6113606562 0.0 0.0 -9999.0 -9999.0 -9999.0 -9999.0 -9999.0 -9999.0 -9999.0 -9999.0 -9999.0 -9999.0 -9999.0 -9999.0 -9999.0 -9999.0 -9999.0 -9999.0 -9999.0
399974.03333489376 354374.8955084623 340967.6755514305 349704.5858072215 315893.3462520188 262808.07357094454 163842.62483105846 185980.5139897589 160066.98074369924 67308.09405650933 133208.23548335957 198801.78242642962 302873.83313660556 0.0 160154.2322381972 97362.91777400376 105273.83101928297 4764.189429 0.0 -9999 -9999 -9999 0.0 3813.42798881 144447.35030226133 54525.65529664195 42257.61586089444 84448.3777548268 111308.35156159886 33039.95919781611 9213.80636741 5365.97463037 0.0 0.0 354.594080676 461.9565909 59.148395142 150.803682711 0.0 0.0 -9999.0 -9999.0 -9999.0 -9999.0 -9999.0 -9999.0 -9999.0 -9999.0 -9999.0 -9999.0 -9999.0 -9999.0 -9999.0 -9999.0 -9999.0 -9999.0 -9999.0 -9999.0
351081.34440735175 435794.9798958377 433236.8379058102 309606.7634979981 325443.3128433013 300416.1141450922 172618.88771577599 250897.66102905068 233322.13517307513 208362.96183849877 254621.29979652952 338333.9528993859 164315.27461847794 102780.21832766774 50669.065365855975 91171.27533516244 139011.16043646127 32361.986386251236 -9999 -9999 -9999 -9999 10214.8915845 55234.97120831213 132167.31973518786 35824.05562319808 27826.7442619629 89666.72890740355 14066.11127040338 41215.61976034506 0.0 0.0 0.0 0.0 0.0 917.677092146 580.037246595 897.977916 162.03919251 -9999.0 -9999.0 -9999.0 -9999.0 -9999.0 -9999.0 -9999.0 -9999.0 -9999.0 -9999.0 -9999.0 -9999.0 -9999.0 -9999.0 -9999.0 -9999.0 -9999.0 -9999.0 -9999.0
