critload/trunk/output/1999/nload_tot.asc
ncols 720
nrows 360
xllcorner -180
yllcorner -90
cellsize 0.5
NODATA_value -9999
[rows 208 to 233 of 360, columns 580 to 637 of 720]
-9999.0 -9999.0 -9999.0 -9999.0 -9999.0 -9999.0 -9999.0 -9999.0 -9999.0 -9999.0 -9999.0 -9999.0 -9999.0 -9999.0 -9999.0 -9999.0 -9999.0 -9999.0 -9999.0 -9999.0 -9999.0 -9999.0 -9999.0 -9999.0 -9999.0 -9999.0 -9999.0 -9999.0 -9999.0 -9999.0 -9999.0 113892.06464498363 217208.5126971664 584674.0279374879 490547.10473833897 509349.26269175997 -9999.0 -9999.0 12013.468412079399 204078.983022234 828480.8069201711 793772.4293925099 310730.180088416 363602.880372683 254053.014101173 188439.15917956698 657545.315868471 943070.062378361 759301.791713708 868142.3753295741 95643.513989929 293207.535880998 18594.153917397896 91076.78355663101 -9999.0 -9999.0 -9999.0 -9999.0
-9999.0 -9999.0 -9999.0 -9999.0 -9999.0 -9999.0 -9999.0 -9999.0 -9999.0 -9999.0 -9999.0 -9999.0 -9999.0 -9999.0 -9999.0 -9999.0 -9999.0 -9999.0 -9999.0 -9999.0 -9999.0 -9999.0 -9999.0 -9999.0 -9999.0 -9999.0 -9999.0 -9999.0 -9999.0 -9999.0 442261.304147387 1135661.705413511 793306.460180552 608550.854090529 471835.272422784 561633.89550275 134306.27959246692 9879.7072839997 83178.8843383202 55175.500946586 225144.29957527498 514963.642635533 293798.59055584593 149219.93877098 35707.027108452006 28055.045939335498 101394.50630616501 9472.028356099 225623.639343089 863656.6255986381 321200.6253365786 19603.66075521571 -9999.0 -9999.0 -9999.0 -9999.0 -9999.0 -9999.0
-9999.0 -9999.0 -9999.0 -9999.0 -9999.0 -9999.0 -9999.0 -9999.0 -9999.0 -9999.0 -9999.0 -9999.0 -9999.0 -9999.0 -9999.0 -9999.0 -9999.0 -9999.0 -9999.0 -9999.0 -9999.0 -9999.0 -9999.0 -9999.0 -9999.0 -9999.0 -9999.0 -9999.0 -9999.0 477436.69287621515 706521.439596496 618661.401424639 402287.26822201296 1087869.23666994 19516.829368546798 65801.98407300099 105311.690926018 9049.86265855 28958.895117577602 39295.5212579057 97333.924513761 42663.2372980199 25021.5554956382 22179.465555792398 22314.34361827 35597.159461404 17695.234924053002 13855.79655867779 587352.506915561 358981.557283921 94144.748884434 4183.429078214 735.246800978 -9999.0 -9999.0 -9999.0 -9999.0 -9999.0
-9999.0 -9999.0 -9999.0 -9999.0 -9999.0 -9999.0 -9999.0 -9999.0 -9999.0 -9999.0 -9999.0 -9999.0 -9999.0 -9999.0 -9999.0 -9999.0 -9999.0 -9999.0 -9999.0 -9999.0 -9999.0 -9999.0 -9999.0 -9999.0 -9999.0 -9999.0 -9999.0 -9999.0 12639.9282903001 1025670.459764626 864434.6360595459 296667.7093995 12201.961468149 11960.880121683 301788.065435558 100129.16380317899 73767.1346582603 76998.0018317961 39235.668699196605 72613.142359491 50460.121541361805 74833.3503996345 28945.36890739 28272.6647579909 6819.8607601197 5696.1472501484 8942.3855952359 1543.756528552 14479.293344805701 144083.41508826602 442468.01493278285 1430.08005809391 1233.7692639072002 44772.252949148504 12615.8016749857 -9999.0 -9999.0 -9999.0
-9999.0 -9999.0 -9999.0 -9999.0 -9999.0 -9999.0 -9999.0 -9999.0 -9999.0 -9999.0 -9999.0 -9999.0 -9999.0 -9999.0 -9999.0 -9999.0 -9999.0 -9999.0 -9999.0 -9999.0 -9999.0 -9999.0 -9999.0 -9999.0 -9999.0 9117.223966292984 -9999.0 163211.158717869 31394.723508632 356660.810398011 476340.653272936 33097.1890732954 20226.6345056722 14111.702075625799 22461.155425628 100839.26678241999 71008.684897745 213040.280443287 32018.4326338402 45071.2891934573 19373.052100467 24315.7414711871 91354.240009484 20169.6322885271 30640.024258868096 7093.7574832344 4006.3143973475 5168.672027147501 6324.9175149044 17124.3575648778 164222.0058619775 66375.6253655207 195978.907081206 1355.5829101715 36707.603458819 6626.0971198571 -9999.0 -9999.0
-9999.0 -9999.0 -9999.0 -9999.0 -9999.0 -9999.0 -9999.0 -9999.0 -9999.0 -9999.0 -9999.0 -9999.0 -9999.0 -9999.0 -9999.0 -9999.0 -9999.0 -9999.0 -9999.0 -9999.0 -9999.0 -9999.0 -9999.0 -9999.0 -9999.0 161403.9830578185 44280.80669455959 163932.5799106478 40504.0775685791 169842.5206633063 19664.477893345 17804.486106468998 19493.670803914 16489.2811761 34448.665135413 74197.432098397 79289.46719264651 33543.25672595 39418.3704238165 32737.889989601197 14168.362208890201 14371.575888729101 48966.064159117 14267.026337442 7955.248872554999 7418.2519296417 12420.1541107306 6373.3409845592005 7380.5072297727 4962.040985064699 6968.0552528921 33062.984236122 101635.6741890168 423401.49720955896 5449.1552788632 11354.029017632649 41400.6838304836 5744.4578049522
-9999.0 -9999.0 -9999.0 -9999.0 -9999.0 -9999.0 -9999.0 -9999.0 -9999.0 -9999.0 -9999.0 -9999.0 -9999.0 -9999.0 -9999.0 -9999.0 -9999.0 -9999.0 -9999.0 -9999.0 -9999.0 -9999.0 -9999.0 -9999.0 22693.4515399552 4787.9866095533 18165.400942904 46845.66531641899 6230.7647458480005 21812.984273875 65408.5227508286 62355.8153088427 171927.10313695602 26346.42645928 41622.8453265364 42954.0070271359 90802.91282692469 36953.320589047 33899.193242321 17948.658342744 11313.1154291046 57384.282453071704 51151.749169588 2897.3522150885 3485.207205566 63912.387882177994 43047.062576972996 11697.723333983999 11628.566813356001 6897.3928553677 8987.4912265768 26692.71504038962 28929.574631050986 76099.88067307159 56227.0539314002 73459.9334266951 32854.466371353905 9704.9596239239
-9999.0 -9999.0 -9999.0 -9999.0 -9999.0 -9999.0 -9999.0 -9999.0 -9999.0 -9999.0 -9999.0 -9999.0 -9999.0 -9999.0 -9999.0 -9999.0 -9999.0 -9999.0 -9999.0 -9999.0 -9999.0 -9999.0 -9999.0 -9999.0 31981.513204108804 3184.1121625558 3645.4200857276 89199.9661451864 4027.5196654865 8009.420733781601 20536.2729167517 195267.462975628 66018.987987212 94987.128862095 50345.33831069 41130.3603849404 31961.07198195 27252.994066405998 28304.34624482035 13893.238113063 9361.7455172462 24030.2997548577 15911.2363305988 17436.3863919178 16272.5897358916 20315.675030450202 50150.135441523 76147.61745928999 13071.6796149944 13126.366539533801 12986.232521081101 12407.3478782831 11992.157632709801 17826.27053347074 225282.3727232853 170085.510749201 185393.68785216002 49036.716102398
-9999.0 -9999.0 -9999.0 -9999.0 -9999.0 -9999.0 -9999.0 -9999.0 -9999.0 -9999.0 -9999.0 -9999.0 -9999.0 -9999.0 -9999.0 -9999.0 -9999.0 -9999.0 -9999.0 -9999.0 -9999.0 -9999.0 -9999.0 11113.62757528897 56813.7588254259 13153.744301566 19145.260352859397 27119.3867835407 29115.613777466002 113791.016252089 49480.381510470004 70100.45777023901 24684.428159712 25914.453897631698 26588.607044924498 15285.6076524635 28451.7530710187 20016.981082387 14274.631307590498 8977.5830975066 21265.5742206964 8353.4970372885 2803.2237991114 18108.7645225654 19350.466474785477 19794.520622662 2744.4268599132 25025.4980052089 13521.3548206347 31189.231792216902 99313.20390818999 13082.0577052335 13667.678702879999 30132.3367680656 25457.7644236058 35517.5344753183 128860.5594518362 53617.975492734295
-9999.0 -9999.0 -9999.0 -9999.0 -9999.0 -9999.0 -9999.0 -9999.0 -9999.0 -9999.0 -9999.0 -9999.0 -9999.0 -9999.0 -9999.0 -9999.0 -9999.0 -9999.0 -9999.0 -9999.0 -9999.0 -9999.0 -9999.0 53094.2795247481 78193.1458931685 22935.0442760908 23904.773666383073 25373.119778153698 23343.4914963571 27103.563524855 41380.3358978061 22093.614872116203 30288.1415016862 10332.126224598302 9036.008219728099 13542.2759811436 17472.2696621 10358.712488908 3209.3177915813003 4061.7235690712 4795.1665121644 2584.9723119963 3344.3012109891997 5184.3391297983 19235.449134387 19419.88883594005 3674.97861609268 22810.1662088295 4790.125282712501 20311.285863358 32305.54656766777 33525.5694406128 36778.7963153772 10585.5966272283 15180.2912445492 17889.4476315707 13843.0859167595 45494.2875005173
-9999.0 -9999.0 -9999.0 -9999.0 -9999.0 -9999.0 -9999.0 -9999.0 -9999.0 -9999.0 -9999.0 -9999.0 -9999.0 -9999.0 -9999.0 -9999.0 -9999.0 -9999.0 -9999.0 -9999.0 -9999.0 -9999.0 51647.67688847739 26830.893280099 23379.278883592 21754.5899156319 22155.8201091917 21303.9120084391 20918.8425057251 23167.360384818203 23491.562768533004 21149.571661324713 19813.9579576728 4423.672244805401 24209.049725490702 20717.7610318234 12651.342193138 13632.4069942834 7777.5826079871 4652.190432637401 4095.7771854805997 48546.168046167 25088.207240349 44683.905116586 29862.127615624002 54533.205277514 8798.239668854 21930.94206601926 24085.2822701957 6897.5982072012 14918.5600955077 12491.3183601693 12758.6230200426 13406.636286750201 12523.010728009502 11997.475537472199 41261.976283755896 49805.89365500509
-9999.0 -9999.0 -9999.0 -9999.0 -9999.0 -9999.0 -9999.0 -9999.0 -9999.0 -9999.0 -9999.0 -9999.0 -9999.0 -9999.0 -9999.0 -9999.0 -9999.0 -9999.0 -9999 2149.08132064047 3413.9888791488997 1778.9328710857098 22983.585007387 23380.234152425 22801.0743183741 20880.9820240179 21451.255315678896 23024.725200994897 22936.5229599862 18512.3568167499 18553.6475720595 17786.0711698836 18681.9569221732 20799.138097948602 19587.1343737213 30171.183662941 22061.5687083428 5094.939654657899 13463.170789265801 6525.850683872701 5852.049475026 23357.556504494 20756.104763272 19160.1501533497 38117.49257540199 20609.17018087564 18288.5467009457 21485.474615274 14017.133324534701 8038.4785242453 6888.692654725701 8670.1102079171 7217.5278926791 33263.0643142238 13349.5991312907 12840.5926165155 22870.9478566847 18248.1637117694
-9999.0 -9999.0 -9999.0 -9999.0 -9999.0 -9999.0 -9999.0 -9999.0 -9999.0 -9999.0 -9999.0 -9999.0 -9999.0 -9999.0 -9999.0 -9999.0 42983.5843559825 27668.350165387797 25726.0620377294 9240.7276785602 6405.2463517944 3986.207994363 4036.1416679423 4137.4745166640005 4615.477984618001 23164.6209681037 24098.329990153197 25714.3660503377 24600.182978502602 23286.5242716052 22656.1966359749 20625.2930961934 19012.3455151517 4214.0396290073 19153.5555908 8739.7696011191 4912.021877974599 5361.8587033205 3120.123250502 3538.6233217655 6226.224683578999 4249.3594665168 21527.8902474771 20306.374752600103 32718.994353681497 20956.9180511728 18045.4273996845 28834.193861377 12893.866273115398 12449.049544361951 8910.026375714799 32352.328752047 27088.8505476348 9948.4346591568 46729.84502339218 27053.5463700873 27001.6675202331 19988.6073533445
-9999.0 -9999.0 -9999.0 -9999.0 -9999.0 -9999.0 -9999.0 -9999.0 -9999.0 -9999.0 13109.92679254837 -9999.0 50363.4711683711 109365.5575590735 66941.70409722699 24545.480063076102 23074.6291976791 11889.576887233192 12976.330622154299 21030.7165505485 22716.0529091879 14552.226668907599 4347.035947431899 3891.9674124877 3908.9253528199997 4093.0064602026 3995.7201425734 23840.2828296935 24316.135665920698 24262.1762680479 23105.4849024516 23037.324162494802 21310.7227773715 4662.807090771 4764.112160156 10602.571163246399 5237.2400782891 4068.0831625466 3012.7847704534997 5066.781144037201 3824.1227941801 4828.024247355999 9511.7693937992 4400.0280114802 9959.1254710289 5931.185687974799 3730.1296880459 13478.7263058527 8171.1649909466 19638.55439813 15423.2030224388 6690.76683867993 23239.006674525295 9061.9368551231 7672.9438940070995 92260.784143952 13918.613201215 31556.5458576445
-9999.0 -9999.0 -9999.0 -9999.0 -9999.0 -9999.0 -9999.0 -9999.0 -9999.0 -9999.0 -9999.0 75342.58923815771 97195.52077045411 74597.38586351651 38688.368867209996 51015.39785723599 38427.332121198706 17573.0477531628 34265.455761873 21924.745276865302 19978.5797016175 21470.5709160267 12125.8602705229 11480.71501626392 4727.521891471182 3948.3995059348 3984.8197672159995 3873.082295198 4858.8566658003 24737.1702147451 24300.6547396108 23015.9855458449 23668.1769461682 22561.1362374088 3703.8446583442 11533.502194381901 5210.6131728983 53138.545360264005 4193.1548407404 6577.084352327401 5867.4056699919 3516.9785461312003 3404.2509047724 2923.0101676659 14046.271433469003 10526.6329802149 3375.9105310350997 5456.229947919899 3960.2707939961 8383.1164329361 16951.94090875546 5018.1011545283 6880.0981961912 10836.2305388288 34307.191715601795 35297.755679804206 86246.23170062201 7453.187552273001
-9999.0 -9999.0 -9999.0 -9999.0 -9999.0 -9999.0 -9999.0 1892.3070190458 9389.354651964702 294034.95286171115 56750.380827748195 25995.1995529305 126017.70105199389 55518.841220509305 138502.6617768724 71327.1884409995 46808.3608559726 22591.3413717275 19018.3603008169 20963.977577015103 23903.794764068618 20743.252987098298 19386.650683582702 3946.557649723797 12151.700492767199 4562.572290628101 3762.6418850007994 23892.216922215 4090.611446363 4318.4479318011 4293.135894363766 24131.2982258344 24061.8290571601 25119.231253931997 3754.7718950342 4444.5474807805 4773.4319145769 4127.70811466904 3534.6174888223004 3320.4902927113003 3009.26383422698 3073.2125751423 3123.843837684 2899.69902924488 15695.395534388801 9228.367042571 26854.809571082897 13863.525643759673 7416.69076259985 4810.1375916179 5150.9862725924995 7606.1023627055 20042.7812446835 22569.4959132221 17711.335266355898 18168.543992753897 22736.451539416 27892.565020806098
-9999.0 -9999.0 -9999.0 -9999.0 -9999.0 -9999.0 -9999.0 14605.156098341698 28415.2698974505 42109.0915801594 110548.8513986364 22261.0447251715 37060.556264772495 81867.35987031 133688.72872172162 89366.87069658661 61275.34168044251 83195.4419946578 49105.0543655133 17098.9866423107 19236.6818823472 17852.2890572631 10064.2142797503 8110.60185691 19805.2621585928 50860.714994431 27447.747434721998 31062.3292645737 4314.884494389 6503.9209647808 3919.6278392205 4250.1768638743 4324.0040193688 4061.0129747118 3642.166905712 3457.8954754107 4422.4934586362 219723.24298157002 53233.158877609 14392.045836591002 3382.5130106447996 8764.3150097739 8518.470455116867 16492.58552175101 14888.459477233799 30803.4526713123 6937.2015398529 3785.1575478015 6652.0165293302 11599.2691510213 9112.6258238702 15726.7109251431 24692.4623364547 17465.988283485898 29058.0097662602 30763.4508205015 26545.550741860297 16597.778097392
-9999.0 -9999.0 -9999.0 -9999.0 -9999.0 -9999.0 -9999.0 7200.226389180701 21164.50468075231 17683.2616655349 22703.3706809332 237049.49966235057 171521.7877753296 86717.25779788301 76330.1615255956 120403.82444937 139318.42471214148 59776.03068495441 40627.889283166 28237.981985894898 27617.6472092305 18205.8034952068 9856.019311432801 4098.7881369570005 5712.5434134818 16107.5147834714 36246.664848964996 9166.7572118377 3900.2319136153 8098.900135223999 12351.441849188801 4022.4607579297 4421.1325676407 4546.0259570143 4077.2230013952003 3421.7949775934994 3872.7990028309 2157.7911237776 2452.000677750835 3292.9121301 3999.841854285 19207.9189209655 15765.800463598 8646.640993358 46330.6503589904 19020.9301191728 11426.3413427603 3706.6815771474003 12019.416194739999 12267.5883810813 10860.5459547178 16947.909915843502 12465.1756818385 11428.5538247268 11293.4887200814 14535.8670637541 15307.9330208139 27635.042405881002
-9999.0 -9999.0 -9999.0 -9999.0 -9999.0 -9999.0 -9999.0 5123.599932662501 42710.1575133868 27769.5710748572 19427.483620495 23930.864495947 45145.7968158534 92354.30017860909 79772.8627875129 66795.51748662071 46906.2254667346 104457.5539986759 53759.90093490991 46161.03030305609 14438.7917584046 20556.3793314393 6121.45642963627 4000.4581858809006 14106.939537129601 98484.40739370199 13356.6358543623 3929.9312354678004 3417.6258172459998 3636.646191622 4074.5319475277997 4290.6962189445 16514.597081211898 21954.39226834681 24428.3616900632 24057.0194473636 24378.271384799402 51981.195649887 4084.7032230181 2808.3415791688003 20039.6644746422 19352.100711493702 33842.7346686915 34471.2335735086 12593.1796834264 24924.756695570904 12143.73606282764 13747.0184557438 51180.239366416004 34623.6852969923 38525.4099149872 4958.171441045401 10708.534283752599 16613.6139456183 19341.7694877929 29909.8317997378 21851.2320400293 15241.7052337038
-9999.0 -9999.0 -9999.0 -9999.0 -9999.0 -9999.0 -9999 90939.77380289421 25662.8647655771 19598.214191519 23131.9397381711 44727.5199725439 31330.7258219632 63312.9932219824 37226.559048484196 123911.8827183479 58257.3491486024 43341.3122969103 22230.2684161818 12737.3148965404 12274.5508036266 16284.0443639514 11141.9467383511 13321.4443582252 4620.2691791139805 20935.1078539113 17920.1028433326 3649.41211859166 3430.0102666287003 9877.0734706411 9627.3184279589 4265.3206911388 29258.7108088871 8157.2527464087 8454.5288463825 7437.5490493797 7243.709582348601 964.0323655048 4069.4330881396 3966.9310238384314 3717.8487326407094 7342.6252677124 4823.7621263455 21654.382371942913 25024.66252948076 21684.66603374569 30402.871566910595 94872.19251931796 31450.764378437103 41254.4377616942 33244.1718569347 19265.386440066497 19836.1972382086 22230.7148111109 18048.7400969774 24784.8394186209 17356.03237255 21134.4930525382
-9999.0 -9999.0 -9999.0 -9999.0 -9999.0 -9999.0 6361.933548511075 11334.9509837503 4389.0725288089 21441.8672038382 17693.5010848917 38859.5326298224 14859.139394801401 46332.5886217635 31794.672560778803 39581.596778219304 67579.9889958003 102419.54523110531 31226.5936900589 33167.0737919399 6812.3786394735 29674.899149288 9157.909458501501 5573.6138798672 38255.5659851545 51834.919725342 21133.8418397664 3834.73207407621 3783.5648670795003 4049.6486576637 3991.05249169986 4516.5622163873995 12410.4065843592 8619.976344194201 15752.7424340514 7711.2682846053 8001.992504327401 43203.627145761 4711.3442857868 3527.97589047368 5441.4645982932 4897.9087562763 6161.1498727586 29394.735802967603 39860.7864938954 34792.997067544 26295.0434127673 10138.2629399651 19354.6835242248 35145.1945031007 34854.3899380882 40735.6181035754 17051.1127276324 23409.403168227 20001.6307283907 16420.7101442737 13084.653029605499 17871.8252795479
-9999.0 -9999.0 -9999.0 -9999.0 -9999.0 -9999.0 4661.3321388533 77107.17064381401 65505.3814944211 43991.95031699169 44075.1695195264 42318.0904204308 47534.2938614326 17430.7201752966 20831.884631079 32287.0512803213 24419.709497374002 27581.02884381 33458.1204429181 27133.832349732198 52740.028807357696 118327.9304809236 18904.1986298267 79131.2094961019 49699.082095779704 10972.681830130601 54978.434286011005 6189.7738028484 7630.0346636833 2563.4050987049995 9118.8768105091 11309.8279762743 8923.639385608 1903.1621327428002 7333.09802069829 8182.547795095101 11202.369045327709 13780.624961257501 25648.9593567356 7906.779849594599 10121.2775417048 8215.7530417456 4017.9237257581 4787.5702144757 5292.2952888573 4214.2331476996005 19038.3398296898 24657.426042798 27230.051662123202 27735.5240929165 17098.9557980175 22982.537106934098 16940.0649051183 16619.5618061072 17282.9379334025 15540.065264465298 10228.361700599 13040.986462398
-9999.0 -9999.0 -9999.0 -9999.0 -9999.0 -9999.0 -9999 29399.92056824531 7128.4606863298995 3999.2431273585003 46445.7411852384 40781.5918818846 19614.7766135004 36917.0203438945 34189.0391802072 34530.4535363387 21924.4074443057 30717.6135527304 63173.0406352907 17750.956737458 14152.158476057699 61235.3300477728 16254.5260992895 14582.4573231048 12180.0919508294 31697.732698760603 65383.21338956479 7710.9209526374 13637.116097998 16947.386401852298 6732.3975351032 39894.9714796675 12382.4238256417 975.9084584366 2541.0804286067996 10994.2104692658 20598.690852379103 5057.9356243934 12122.3165828355 14036.2587999615 5411.1759774114 5518.00741066639 2857.0845456801 6568.913286425401 6062.0573762929 40090.2445238078 14365.110276032501 7400.219037529199 29502.435231044998 23509.117836418904 16783.1890471442 13888.5090805799 13306.1496956661 17669.282771000202 19264.6165879508 17488.578153814 9083.6799995418 11013.967359562
-9999.0 -9999.0 -9999.0 -9999.0 -9999.0 2986.53089698248 7343.57402830646 7098.37435557227 17784.625314366 12446.294064314501 7341.376714575601 14677.523648651999 11121.1044952113 9509.124643207699 33343.7842734419 29923.692052671904 23634.3734690281 14748.5495125134 20001.4503848255 113030.6258962765 51091.529711774405 17007.70673521 11910.2657064816 27412.9849246877 16916.4986369338 12691.7713095191 63701.105766092194 11977.205261601901 12350.5247645106 28633.988136680797 25626.607042047195 6478.122763310201 969.523187479979 947.0216931991 4753.0681267537 9058.2914588883 5247.6030747821005 6856.8992528549 9216.206525140999 12454.221752193258 15526.8140429701 11837.7357860202 13036.935649262501 6243.3742394516 8488.0956438472 4854.3325989342 4054.3067928544 17732.672890216498 26123.4029453347 24344.3003755397 26455.0611670679 16827.200729017 13892.3318521839 22255.8311463397 19734.2621975253 19719.25516793478 6477.8535192626 16965.689419863
-9999.0 -9999.0 -9999.0 -9999.0 -9999.0 -9999.0 118317.08416848998 11129.115419666365 23199.07418387215 4939.9481292233995 8558.0514497105 13485.8901827886 11170.9126635129 41079.8554749708 15047.940648879201 9506.978127748902 17676.6287335842 14967.196754926801 11124.9635225877 12197.780942959002 7068.7618671092 9070.0138907176 56379.47085878169 48910.382131119695 121545.3951148993 63536.717858106 104631.57903648671 7677.6187408375 13867.5374129585 25032.4609422469 11533.8084934559 5286.3852659947 1712.454626447 2197.17734196279 11194.8217005637 5884.0037923822 12749.275052510899 11608.3079485 31744.0950597375 15050.977478003599 36703.758239422896 16711.929640736555 42801.277028675904 57984.57950974955 39742.0867908695 6704.929014261901 4897.796542666 16702.201828311 16965.5973830426 18962.0900988194 10734.492012030982 8453.7161010878 8046.017019897001 10245.4059534309 6955.155847807199 7808.820209334301 7210.7078620729 15755.943828788
-9999.0 -9999.0 -9999.0 -9999.0 -9999.0 -9999.0 1288.7799348508 24980.284430338463 8922.0483864821 4295.8519199118 2733.40723324591 13342.2274328208 42709.874738005296 10976.6689458579 10444.6851866913 14143.8837575409 46533.5004319905 12535.2359710864 24452.623054616903 18380.8866004577 48670.8961776054 62110.9783642534 28623.7403367123 16631.9634248805 15778.0472930242 29659.6525534634 40646.3603837601 6468.3842189294 4112.8418061842 7944.7733968599005 8236.7846536791 96603.92259097431 5190.1473697737 5956.1900422645995 13695.5762233844 44260.0697983578 21207.5423920195 32215.442050443402 9742.081426397199 3809.2455345863 5229.9516438448 7358.7889302966 10559.1648026727 21849.8662974855 18728.4112099142 17691.8929071194 17404.2981058298 31841.9010705034 28466.732430657 29394.0669084755 29708.8321752314 15425.7198864692 10938.9923283267 8354.9041991915 7309.746678687659 7021.9750075442 9536.7285060044 15155.877950145
