critload/trunk/output/1999/nload_var_nat.asc
ncols 720
nrows 360
xllcorner -180
yllcorner -90
cellsize 0.5
NODATA_value -9999
[rows 182 to 207 of 360, columns 174 to 231 of 720]
-9999.0 -9999.0 -9999.0 0.0 -9999.0 0.0 1031.9085089009056 -9999.0 -9999.0 -9999.0 -9999.0 -9999.0 -9999.0 -9999.0 -9999.0 -9999.0 -9999.0 -9999.0 -9999.0 -9999.0 -9999.0 -9999.0 -9999.0 -9999.0 15865.385300828832 76160.32465843717 148489.44663901045 537864.0135409569 67471.84073552338 333403.4053298639 1066660.9848193873 1259180.5396589749 1180191.4691867 1165231.6976482 1333588.6701052499 1224082.2293080338 1112561.9627159347 1211687.0838058572 1207172.94987486 1104933.7348210772 1297291.1998995345 1356632.4557913698 1362165.7833261173 1291799.5719849437 1374497.04343205 1383224.09916318 1340244.561986099 1379506.4241092901 1145465.22072445 1392200.7627917498 1345289.2875063 1307262.12836122 1098741.58010354 1305468.4781137833 1136612.29719753 1123434.426176254 1158219.3788004902 1126521.5870360069
-9999.0 -9999.0 -9999.0 -9999.0 -9999.0 -9999.0 -9999.0 -9999.0 -9999.0 -9999.0 -9999.0 -9999.0 -9999.0 -9999.0 -9999.0 -9999.0 -9999.0 -9999.0 -9999.0 -9999.0 -9999.0 -9999.0 -9999.0 -9999.0 50450.57545767496 209053.79443645806 62161.5807153271 671501.4755342447 119279.43328061196 455659.11373191053 1083338.580077576 1251773.931512964 1183818.6913559 1364029.1290610002 1318089.4319294 1248911.4813469637 1082068.1769604946 1147785.4626005853 1265906.794182586 1136446.2484899706 1277805.9744220246 1306470.08416119 1308163.002521691 1329179.9796607431 1363969.9283241997 1355749.3839966697 1379281.74999597 1348760.25609625 1353225.5359676396 1327922.47823308 1295954.05119872 1126914.08606265 1163788.8777880734 1064959.3696752952 597713.5787437893 1046794.2132178311 1101734.8357112452 1100004.4135662632
-9999.0 -9999.0 -9999.0 -9999.0 -9999.0 -9999.0 -9999.0 -9999.0 -9999.0 -9999.0 -9999.0 -9999.0 -9999.0 -9999.0 -9999.0 -9999.0 -9999.0 -9999.0 -9999.0 -9999.0 -9999.0 -9999.0 -9999.0 -9999.0 5875.323085996997 153187.5260154873 54444.410864408164 582633.1528741973 217559.049913489 249524.77143044933 1037598.8257174261 1383526.29684255 1324653.8942632999 1311003.0588889502 1224753.1957340892 1285485.4299203486 1189139.5604359964 1131231.9597240877 1136779.394935793 893916.2980309903 1095150.9734044783 1105818.8459575435 1061971.4627731894 1164448.1858807497 1216167.6466580727 1351677.561491 1324181.0936950534 1368838.4201759 1371135.2521599499 1345545.7951987998 1335795.299378 1321595.7055466499 1097969.8962295854 1081417.4010565323 1044006.7415583361 613871.0914752324 1070956.4815437873 1047043.3633906235
-9999.0 -9999.0 -9999.0 -9999.0 -9999.0 -9999.0 -9999.0 -9999.0 -9999.0 -9999.0 -9999.0 -9999.0 -9999.0 -9999.0 -9999.0 -9999.0 -9999.0 -9999.0 -9999.0 -9999.0 -9999.0 -9999.0 -9999.0 -9999.0 -9999.0 50144.246992981374 256579.5327180948 353307.71364510147 226014.48578842715 1265783.163987748 1131768.0753945708 1278573.79407824 1257387.6483250833 1230458.2033446135 1231603.3737091057 1178688.0147343478 1027741.3737485916 917274.2240939157 826983.8551046919 809134.1534610474 976558.4332437172 947836.9990703407 937307.3891136384 1099773.9805821462 1196588.116775298 1296075.9429962083 1295683.6460341455 1342221.1645275499 1340930.52359935 1332072.47514845 1271524.7618453782 687440.1069105499 1234573.1717867823 1202327.3061817507 606454.7096045628 560876.5156315941 550402.387607662 996113.929838165
-9999.0 -9999.0 -9999.0 -9999.0 -9999.0 -9999.0 -9999.0 -9999.0 -9999.0 -9999.0 -9999.0 -9999.0 -9999.0 -9999.0 -9999.0 -9999.0 -9999.0 -9999.0 -9999.0 -9999.0 -9999.0 -9999.0 -9999.0 -9999.0 -9999.0 52499.42920793923 481917.4737042294 400050.3543760099 427535.36721061484 1435899.3077888242 738808.3453349265 1149814.0406117532 1094691.4754069317 1217130.417750563 1143154.3817952676 894867.1415865379 1080971.4553910755 754663.1266790237 899798.2200850559 778723.7195172403 759212.347024242 885129.3280573568 931000.661025657 1098439.2938761641 1156049.7348866495 1324106.7288361192 1334985.4171654999 1323774.24106543 1343935.83273455 1332919.1778608598 1224890.3001077827 1299329.3279694372 1309154.12873064 1306119.72557381 1232084.1641347578 1169189.1526660973 860842.4573294212 864343.463567073
-9999.0 -9999.0 -9999.0 -9999.0 -9999.0 -9999.0 -9999.0 -9999.0 -9999.0 -9999.0 -9999.0 -9999.0 -9999.0 -9999.0 -9999.0 -9999.0 -9999.0 -9999.0 -9999.0 -9999.0 -9999.0 -9999.0 -9999.0 -9999.0 5573.421183883269 101358.5990540729 906205.9208849242 437405.821172316 1222512.8571621631 1418111.6753653523 766656.4615876594 801672.6526242213 1004392.4945250473 1101767.3547161678 1089850.0678535812 891656.940469638 826134.5480234018 940855.0135477071 705454.1433464854 638177.2896944246 621685.1627672545 758709.6164873618 790446.1314015388 1042127.8152576683 1131937.5767484754 1159838.600401618 1321281.82638015 1282865.7549179 1327383.77955957 1308120.2283619898 1320979.4161424201 1307545.1672999999 1308461.3508855402 1293213.6951930951 1285063.0774660348 1189715.2880573822 1126388.1137329454 962168.6609255561
-9999.0 -9999.0 -9999.0 -9999.0 -9999.0 -9999.0 -9999.0 -9999.0 -9999.0 -9999.0 -9999.0 -9999.0 -9999.0 -9999.0 -9999.0 -9999.0 -9999.0 -9999.0 -9999.0 -9999.0 -9999.0 -9999.0 -9999.0 2077.5788231801243 34314.9952316525 54115.26892158201 489309.9212443307 544414.3999902916 611402.8949217636 1156575.6746584957 658811.7823611631 643937.8590007881 874196.3212498581 934665.6229110868 1003096.0703697058 944405.3043270212 800946.7822399465 587982.7302747234 634682.3776891256 617999.3250944727 653885.7414925684 793562.2777872754 949446.3395006042 1059373.8399553588 1184181.313401395 658870.620102443 1193093.929837227 1288267.0235483714 1313968.0760421024 1329804.4485758299 1320605.48935595 1309384.4461245001 1315828.5508508 1225048.8591957774 1251379.507473857 1185217.6673922655 1116862.3628769112 1026343.2614896212
-9999.0 -9999.0 -9999.0 -9999.0 -9999.0 -9999.0 -9999.0 -9999.0 -9999.0 -9999.0 -9999.0 -9999.0 -9999.0 -9999.0 -9999.0 -9999.0 -9999.0 -9999.0 -9999.0 -9999.0 -9999.0 -9999.0 -9999.0 0.0 5931.1636995662375 10890.223439495689 516111.84876756306 694293.4280377395 491276.19318100356 692544.9515861659 516250.0496746916 582859.618713098 879472.2308574563 736497.4360021703 868706.7449597704 930591.4054968832 761029.5123248475 738337.753079837 752432.7657006838 704362.2704997465 615812.3606100294 714622.2267229288 913182.3690042953 1015721.6474140099 1162070.2321529912 1241845.521453829 1306854.2179553397 1221606.108265375 1280307.094812894 1274311.8174706374 1295223.2899129651 1290354.7355125216 1295246.8330159325 1298341.1099559509 1223308.9628767213 1155072.8549840427 1097310.668125912 1007265.4078926536
-9999.0 -9999.0 -9999.0 -9999.0 -9999.0 -9999.0 -9999.0 -9999.0 -9999.0 -9999.0 -9999.0 -9999.0 -9999.0 -9999.0 -9999.0 -9999.0 -9999.0 -9999.0 -9999.0 -9999.0 -9999.0 -9999.0 -9999.0 1336.45679417 1383.7528782 5037.0813765 28910.222055 232461.39163759616 445036.5261615615 1018788.2885128837 599485.9551001824 213212.84625218285 249575.21726475365 318321.2321138703 697463.7643309281 765771.29005392 727946.380229073 983456.8098075235 834636.4001142659 787935.4883800315 426023.87194240896 691226.9558337573 859437.8474935254 1010629.826902459 1124736.9656453866 1191292.1251093093 1203603.4922623066 1191971.4483312902 1219771.8746119905 1227857.817710287 1223848.3063313083 1309749.9228349715 1320924.2453671999 1240403.9768842715 1178828.416515632 1127550.1066640592 1085739.2676477886 817785.1049558119
-9999.0 -9999.0 -9999.0 -9999.0 -9999.0 -9999.0 -9999.0 -9999.0 -9999.0 -9999.0 -9999.0 -9999.0 -9999.0 -9999.0 -9999.0 -9999.0 -9999.0 -9999.0 -9999.0 -9999.0 -9999.0 -9999.0 -9999.0 0.0 0.0 0.0 0.0 179020.97434655903 376688.4550231932 406072.0965976846 328032.2722172761 75303.59198916737 115565.49554962764 194800.36643597067 332855.35507960507 755634.3875810389 972317.0187140453 1033338.8013689461 693096.8315266301 780589.4016199418 558745.6322218808 688502.4238598205 813461.130651344 966856.9371414038 1058889.2099096456 1129586.3680397014 1175263.523984322 1123851.2190133524 1177196.0786923226 1154186.1164026156 1188828.1407982258 1199385.384987862 1224048.9450288832 1177008.5449704553 1097882.2434775645 1092290.5056052827 1020959.7162447575 492004.0179383619
-9999.0 -9999.0 -9999.0 -9999.0 -9999.0 -9999.0 -9999.0 -9999.0 -9999.0 -9999.0 -9999.0 -9999.0 -9999.0 -9999.0 -9999.0 -9999.0 -9999.0 -9999.0 -9999.0 -9999.0 -9999.0 -9999.0 -9999.0 0.0 0.0 0.0 0.0 159036.913160278 198420.50010536492 146469.95671683006 415673.54267066985 114874.14429383277 114351.82443464057 75482.67476209582 115323.30117898327 448624.30566992034 883504.8871020804 873125.6974011868 711425.6947845994 880267.6671016259 707903.793004828 672645.5727788674 815633.2067261764 915982.914635367 983389.1107300924 1034391.2561973081 1068713.1204423232 1096875.0220817218 1097899.8272911068 1124278.1576812638 1107056.9358037454 1145023.735493409 1117135.847587517 1099245.5896507776 1082053.2796866808 1090668.1700063837 1054834.337969264 965359.5189783871
-9999.0 -9999.0 -9999.0 -9999.0 -9999.0 -9999.0 -9999.0 -9999.0 -9999.0 -9999.0 -9999.0 -9999.0 -9999.0 -9999.0 -9999.0 -9999.0 -9999.0 -9999.0 -9999.0 -9999.0 -9999.0 -9999.0 -9999.0 -9999.0 -9999.0 0.0 0.0 0.0 249763.98902948856 177829.9359437523 271527.810339073 79017.20311258873 56495.57004201089 92048.43580354693 202514.34585636397 183594.4453776236 627479.3435258833 776874.0481365741 855507.0160170451 974211.7035552863 829663.5020834712 620038.6885834932 777429.7758642726 891976.6881921383 924968.8779673891 973274.0653642191 1002066.1650041884 1058404.0491003788 954454.8236572046 1048038.3367712627 1083373.3550108608 1087674.873768274 1058953.1331134916 1057608.8114032093 1062563.566177769 1061412.6806236065 1004359.6207293309 916755.7618142572
-9999.0 -9999.0 -9999.0 -9999.0 -9999.0 -9999.0 -9999.0 -9999.0 -9999.0 -9999.0 -9999.0 -9999.0 -9999.0 -9999.0 -9999.0 -9999.0 -9999.0 -9999.0 -9999.0 -9999.0 -9999.0 -9999.0 -9999.0 -9999.0 -9999.0 -9999.0 0.0 0.0 266645.97900034365 222614.19461636996 224467.84345495715 332973.8877091706 67001.18995163737 124701.20446934871 274605.38123872125 598446.304902546 879941.7220491187 844375.9894467106 941429.2212720297 904647.4028153827 958288.2939229002 748607.8981288604 830834.5544397389 889015.1955923163 934143.5277890197 957878.8929772722 1011392.5909784855 1056335.2485321332 1013050.7531341075 1011814.2339546083 985357.4325410507 1010858.0391697303 1024733.6807327049 1021609.0649811929 1016021.206162851 1017942.7207851929 909698.130362953 644321.862807411
-9999.0 -9999.0 -9999.0 -9999.0 -9999.0 -9999.0 -9999.0 -9999.0 -9999.0 -9999.0 -9999.0 -9999.0 -9999.0 -9999.0 -9999.0 -9999.0 -9999.0 -9999.0 -9999.0 -9999.0 -9999.0 -9999.0 -9999.0 -9999.0 -9999.0 -9999.0 -9999.0 0.0 71450.20765306741 254580.3355361006 241034.55569246097 410714.1015928284 461847.5565198478 984742.5747117848 905618.7902390847 1011264.6823777074 870722.7165885902 836999.4037170862 1112087.9806233363 932585.1139921206 841882.389070147 831134.930203134 770970.9756882743 888241.634717953 928555.9329613713 963385.7495390086 960359.7914054834 950290.151275099 951368.1540785903 949605.1503959046 923954.5477961396 958242.5391503058 954764.999244512 966836.6276968825 948505.6828671898 655178.2379495155 612842.3299422818 587399.8157435447
-9999.0 -9999.0 -9999.0 -9999.0 -9999.0 -9999.0 -9999.0 -9999.0 -9999.0 -9999.0 -9999.0 -9999.0 -9999.0 -9999.0 -9999.0 -9999.0 -9999.0 -9999.0 -9999.0 -9999.0 -9999.0 -9999.0 -9999.0 -9999.0 -9999.0 -9999.0 -9999.0 0.0 17090.96884959118 231339.7651521067 300052.93213860726 271532.44700865255 613244.7378599779 1030408.7416935478 1384103.752125683 1206654.9335538999 883246.2361642586 927701.672234742 1066050.5112957016 1048588.2264068043 976520.7127962552 768342.6301677416 795248.0006623421 853510.4286410726 892502.4120744638 876721.4087946668 983130.0092233432 965592.2555515183 939317.7833913619 930477.8175893163 902637.4740061525 940983.0577507889 886201.3009844103 881337.9993680428 615355.818975102 582079.112854217 554568.1242399558 514353.2141662534
-9999.0 -9999.0 -9999.0 -9999.0 -9999.0 -9999.0 -9999.0 -9999.0 -9999.0 -9999.0 -9999.0 -9999.0 -9999.0 -9999.0 -9999.0 -9999.0 -9999.0 -9999.0 -9999.0 -9999.0 -9999.0 -9999.0 -9999.0 -9999.0 -9999.0 -9999.0 -9999.0 -9999.0 0.0 37432.77001056475 354936.42733084544 276081.07232593093 364471.56139639445 1290379.2871288008 1380670.5675483306 1258445.1912608503 892928.0926798725 1284122.74900696 1142627.5852452489 1178374.3102119989 1075927.4366513097 753264.9327089138 683278.4760943928 826728.703287187 887146.5064923185 887653.2071269734 853359.054415924 817343.8253622203 608733.52222565 590944.4190320143 807110.8624264289 773944.3697010014 437746.3287788791 499900.9261328051 590192.0651013071 456901.00643371633 404547.37123623845 404385.65844059654
-9999.0 -9999.0 -9999.0 -9999.0 -9999.0 -9999.0 -9999.0 -9999.0 -9999.0 -9999.0 -9999.0 -9999.0 -9999.0 -9999.0 -9999.0 -9999.0 -9999.0 -9999.0 -9999.0 -9999.0 -9999.0 -9999.0 -9999.0 -9999.0 -9999.0 -9999.0 -9999.0 -9999.0 0.0 17799.81373450031 283122.9558808389 332974.38446572295 308575.7266832041 456081.1198562613 1284550.3913028669 1248084.1931849075 1386588.5075086632 1318871.8300576499 1265337.16168474 1103550.0658725 1006096.372194396 999262.0818340739 684903.2719002127 662280.2473233738 836763.2607337174 793649.3365068191 813272.0908082164 547993.0313631145 489850.0030778068 497475.46119365044 519487.6587411767 587570.6748455879 544475.4454239506 431344.9012283163 397215.48159467865 324324.7695799344 288908.49058894 374148.29650576774
-9999.0 -9999.0 -9999.0 -9999.0 -9999.0 -9999.0 -9999.0 -9999.0 -9999.0 -9999.0 -9999.0 -9999.0 -9999.0 -9999.0 -9999.0 -9999.0 -9999.0 -9999.0 -9999.0 -9999.0 -9999.0 -9999.0 -9999.0 -9999.0 -9999.0 -9999.0 -9999.0 -9999.0 -9999.0 19658.34458625861 238019.82298765282 279211.71661323344 310534.0348284464 259520.49594170775 603674.4447275756 1305733.8512307284 1386411.48559972 1378562.2672097 1285377.6251779501 1119690.9581316 1062996.5918105962 982308.039303326 778849.1259207329 706082.1896512076 712234.5838775078 700366.0957237477 742434.9852213062 499475.73492155166 470366.25470996974 391402.29389139725 485308.96394973184 415835.32287718524 409637.08388863644 369227.14939099515 251108.88441794994 74562.1827461868 257440.79063037233 288026.4377136114
-9999.0 -9999.0 -9999.0 -9999.0 -9999.0 -9999.0 -9999.0 -9999.0 -9999.0 -9999.0 -9999.0 -9999.0 -9999.0 -9999.0 -9999.0 -9999.0 -9999.0 -9999.0 -9999.0 -9999.0 -9999.0 -9999.0 -9999.0 -9999.0 -9999.0 -9999.0 -9999.0 -9999.0 -9999.0 0.0 26743.54384257092 201716.1266997534 217302.04845712738 240493.81882119895 242194.68351370483 1363623.0357526373 1429922.08341579 1314772.8216278083 1320753.6197307499 1122731.4499183001 1062808.0544114204 969607.7344122787 733046.7212322546 702422.4149709096 670762.1904389512 609707.4396431659 639479.6899680932 409400.4588178179 411388.79060153535 388497.25889979594 314271.262941736 268486.86911121884 277859.6231238242 257417.04290814232 216195.25598404752 178841.1808171361 154858.55429373542 181729.72723689914
-9999.0 -9999.0 -9999.0 -9999.0 -9999.0 -9999.0 -9999.0 -9999.0 -9999.0 -9999.0 -9999.0 -9999.0 -9999.0 -9999.0 -9999.0 -9999.0 -9999.0 -9999.0 -9999.0 -9999.0 -9999.0 -9999.0 -9999.0 -9999.0 -9999.0 -9999.0 -9999.0 -9999.0 -9999.0 -9999.0 5791.718906808356 169207.50246145474 204061.2094397723 80030.08236777753 212015.88064430963 1189836.0047036912 1363817.0462906666 1412561.0753448661 1313901.1740044095 1280767.5717750501 1112945.2853519279 1159433.6346902314 990813.2075987472 757651.1742888816 626664.6102947991 469421.30371154915 268283.4736367004 241211.49723024553 206349.9046919044 231384.73078842607 288065.56290732103 232575.30921267465 189194.15072004587 144850.7538258041 132880.99753938706 107873.03597992568 180651.46925128176 351937.5021064942
-9999.0 -9999.0 -9999.0 -9999.0 -9999.0 -9999.0 -9999.0 -9999.0 -9999.0 -9999.0 -9999.0 -9999.0 -9999.0 -9999.0 -9999.0 -9999.0 -9999.0 -9999.0 -9999.0 -9999.0 -9999.0 -9999.0 -9999.0 -9999.0 -9999.0 -9999.0 -9999.0 -9999.0 -9999.0 -9999.0 0.0 21792.425793970688 227507.93851274648 191599.87210591297 269345.93070190976 392492.11096649454 996930.2369566717 1449481.4288616532 1204635.6546805156 1051655.9191817974 1243896.4118559703 1138739.174881756 1016436.997826145 842044.8658242028 799697.6791776294 544734.5309031664 264648.33994625806 96457.72557936137 96648.29794906423 131894.8884120752 189355.49987670282 156248.61635838816 129562.84025316183 119724.00173852273 92541.76239593758 69732.52128426381 63233.29851696889 80615.5466150518
-9999.0 -9999.0 -9999.0 -9999.0 -9999.0 -9999.0 -9999.0 -9999.0 -9999.0 -9999.0 -9999.0 -9999.0 -9999.0 -9999.0 -9999.0 -9999.0 -9999.0 -9999.0 -9999.0 -9999.0 -9999.0 -9999.0 -9999.0 -9999.0 -9999.0 -9999.0 -9999.0 -9999.0 -9999.0 -9999.0 -9999.0 6816.01996822 241155.75169432926 275815.3005484773 168964.5622980367 172395.01205209742 284260.9898002741 734795.0878641331 903073.9972381364 794500.6244097084 1039203.7648493053 1103859.308756474 1112307.9731549623 1000939.7030199212 1003406.2397905804 811760.7654099223 469213.68811125256 133274.02588878447 86903.63939983712 97302.46365514753 143053.46714787572 128886.29337355965 108425.86816491808 81896.81572307655 70423.14370740626 53346.042043240785 39833.14391378085 40178.16736925492
-9999.0 -9999.0 -9999.0 -9999.0 -9999.0 -9999.0 -9999.0 -9999.0 -9999.0 -9999.0 -9999.0 -9999.0 -9999.0 -9999.0 -9999.0 -9999.0 -9999.0 -9999.0 -9999.0 -9999.0 -9999.0 -9999.0 -9999.0 -9999.0 -9999.0 -9999.0 -9999.0 -9999.0 -9999.0 -9999.0 -9999.0 0.0 30441.832725442328 222196.5771103705 204626.50655787217 153362.1535976187 186215.1997709244 314560.79475943936 721609.8272915677 318460.33151151985 350860.7724184038 576639.2778456215 1143976.6111900094 1318272.2496453545 1069231.7253990998 1245379.0012434088 728493.6703162683 242355.50665146115 108869.11231696108 100257.2830421685 131790.52211300418 117225.33343901811 169394.2336124397 44765.201828266414 102061.67296521673 99480.11575214163 49564.802722495515 20692.41219060483
-9999.0 -9999.0 -9999.0 -9999.0 -9999.0 -9999.0 -9999.0 -9999.0 -9999.0 -9999.0 -9999.0 -9999.0 -9999.0 -9999.0 -9999.0 -9999.0 -9999.0 -9999.0 -9999.0 -9999.0 -9999.0 -9999.0 -9999.0 -9999.0 -9999.0 -9999.0 -9999.0 -9999.0 -9999.0 -9999.0 -9999.0 -9999.0 0.0 25095.0195648392 116582.87761245882 150018.6589091387 189526.35947652633 116470.01525306032 330672.3708642831 338803.637534999 368576.95594304515 142830.58246569455 219453.02760856086 1389039.3088331083 1036670.0072444233 1341530.1745293487 1130302.1265566386 402916.39463840256 287411.12251176644 247940.41211927217 235235.50139841487 188012.37957292257 149942.14349047278 112139.66301449332 82183.57822623604 113861.25752459423 51518.65276039928 102484.4731458188
-9999.0 -9999.0 -9999.0 -9999.0 -9999.0 -9999.0 -9999.0 -9999.0 -9999.0 -9999.0 -9999.0 -9999.0 -9999.0 -9999.0 -9999.0 -9999.0 -9999.0 -9999.0 -9999.0 -9999.0 -9999.0 -9999.0 -9999.0 -9999.0 -9999.0 -9999.0 -9999.0 -9999.0 -9999.0 -9999.0 -9999.0 -9999.0 -9999.0 0.0 68383.05666764986 139695.0944939188 125239.12831389703 101743.00926825001 177847.34419920715 185892.24782071405 150775.99794979117 98628.27669833892 83528.91656132383 240555.83919223092 1173683.3152057256 1397259.0027109052 1253584.2034424138 765857.2335396921 483973.68331151415 328695.6676266931 244737.20221636415 164074.94486144723 73577.67252504815 107136.113016796 101388.50483681746 69117.8084549023 42537.97370188091 54855.16819977803
-9999.0 -9999.0 -9999.0 -9999.0 -9999.0 -9999.0 -9999.0 -9999.0 -9999.0 -9999.0 -9999.0 -9999.0 -9999.0 -9999.0 -9999.0 -9999.0 -9999.0 -9999.0 -9999.0 -9999.0 -9999.0 -9999.0 -9999.0 -9999.0 -9999.0 -9999.0 -9999.0 -9999.0 -9999.0 -9999.0 -9999.0 -9999.0 -9999.0 0.0 20389.25835798908 57693.50804025712 50407.317443299675 200656.85040925414 141034.931839446 139011.6219477271 133407.4317420228 127245.9595399154 108707.04641113163 51134.371585251574 113651.7589755541 377167.72509323584 1082216.2093529385 995008.7143580162 510874.04148449586 342681.52152022056 250807.84168120683 252882.22762198493 146841.58127907568 89229.45306812054 109638.01882904708 40667.623374065464 21757.893700042103 56109.21025386254
