critload/trunk/output/1999/nload_var_ag.asc
ncols 720
nrows 360
xllcorner -180
yllcorner -90
cellsize 0.5
NODATA_value -9999
[rows 189 to 215 of 360, columns 248 to 309 of 720]
0.0 0.0 0.0 0.0 0.0 0.0 8830.437641832765 13094.298317008474 15797.043164890212 16337.807456406337 0.0 0.0 65273.5891765299 150051.44010746514 115381.61788296586 144288.50534434238 120893.18089713858 128790.7029010977 42115.870880290844 45027.39495122193 68275.17372237725 62839.076911304575 58908.86926170302 28471.496940269066 31651.168149803074 17542.278217290826 14228.26033040689 21831.153465077805 28743.44471101182 39279.7786279234 94927.21009341783 36471.1695876 68718.5953058 142438.498982 29758.6217472 17371.5658872 57208.4107551 32705.68729144171 0.0 -9999.0 -9999.0 -9999.0 -9999.0 -9999.0 -9999.0 -9999.0 -9999.0 -9999.0 -9999.0 -9999.0 -9999.0 -9999.0 -9999.0 -9999.0 -9999.0 -9999.0 -9999.0 -9999.0 -9999.0 -9999.0 -9999.0 -9999.0
0.0 0.0 0.0 15170.402811778571 0.0 29396.512451258954 14203.186013877432 0.0 0.0 0.0 27422.338990012144 64742.7181126691 83566.4486868773 184346.93837306782 114678.30256374483 105271.94339354816 363343.3237301387 147977.52760263253 79935.15997168026 111053.83435731754 83020.0781729616 65301.808470792064 74675.31124573376 32277.027157718643 1920.5025627987611 6916.256221719026 10755.663035182131 34823.809691422946 30238.4471561 38218.7488888855 45743.04254598389 45330.5996935 142329.567441 58252.0145313 23759.754221644544 35577.2027532 14859.5938567 58816.08311074289 12406.251786613493 2898.5701601034802 31185.256909274616 2918.8449532837894 -9999.0 -9999.0 -9999.0 -9999.0 -9999.0 -9999.0 -9999.0 -9999.0 -9999.0 -9999.0 -9999.0 -9999.0 -9999.0 -9999.0 -9999.0 -9999.0 -9999.0 -9999.0 -9999.0 -9999.0
0.0 0.0 0.0 0.0 0.0 0.0 0.0 0.0 0.0 17145.325512552416 0.0 136508.6877755201 240246.55912810005 198323.79303643038 156173.2203086592 193607.27685885422 173163.5811957062 122475.17809451559 101751.4187581841 136070.011422966 80143.92555089561 28436.060069763345 35009.417835 12621.2918781 4729.112814178427 9634.097355778227 12841.509452652974 28430.92956603842 9044.915773245 28940.052808970366 41418.7858818945 13838.1036832 59449.79589692773 21945.583894 16309.0060086 50669.8296877 16747.4777535 36680.364239 30647.79908642265 32487.869693992365 132131.1886908118 36874.89087405508 -9999.0 -9999.0 -9999.0 -9999.0 -9999.0 -9999.0 -9999.0 -9999.0 -9999.0 -9999.0 -9999.0 -9999.0 -9999.0 -9999.0 -9999.0 -9999.0 -9999.0 -9999.0 -9999.0 -9999.0
21728.153775808434 0.0 0.0 0.0 0.0 0.0 10343.10247426512 35313.38496978652 70701.06005721856 88710.12081930973 32576.243204811602 95772.25569888539 268924.45687375806 202029.92730308062 279104.10503788997 261290.85573990204 280680.8795230753 154912.88086205066 52408.12399328723 116673.27681271368 53535.17476031879 53929.19464797601 26613.313216095034 6099.1705035555315 7161.330989703876 17893.274182870042 7151.077021783721 38336.22361310665 23163.63571721948 13081.556185100426 24505.0095247 16664.7695292 111490.88145734172 92893.98166658366 142136.28918808012 239875.3712654248 138410.38492351316 54792.3894676 83129.7972777 87639.95802450861 171598.0432785039 280785.6175004727 0.0 -9999.0 -9999.0 -9999.0 -9999.0 -9999.0 -9999.0 -9999.0 -9999.0 -9999.0 -9999.0 -9999.0 -9999.0 -9999.0 -9999.0 -9999.0 -9999.0 -9999.0 -9999.0 -9999.0
0.0 16644.5753800623 0.0 20117.741743656734 0.0 0.0 0.0 43522.144306288035 136906.1502552187 178529.2799943672 136292.78050214273 255548.33186105517 172778.47477485912 154562.43746062185 251836.04178773955 221317.74159153475 353258.7586792822 127431.54430238328 140266.60548418597 117137.12480960219 136773.68411087652 86946.13092779028 55159.773272557446 28365.08830988929 9265.831692007669 7682.847082578416 14777.630832523317 40900.55693775258 63991.60704602518 34663.58946036863 13788.1438343 32307.6316016 173834.3882395712 321821.3923326263 139164.92482718176 125676.554259 147394.301292 47369.001875 62098.47835976214 78119.64472669941 462693.5019489065 516578.08763662825 0.0 -9999.0 -9999.0 -9999.0 -9999.0 -9999.0 -9999.0 -9999.0 -9999.0 -9999.0 -9999.0 -9999.0 -9999.0 -9999.0 -9999.0 -9999.0 -9999.0 -9999.0 -9999.0 -9999.0
0.0 23816.07860496246 17767.20365996804 0.0 0.0 0.0 0.0 0.0 16129.752697478572 17372.83644044108 82313.77426299824 112556.36567930985 171195.46326910437 148977.43843735007 225594.46478125567 177465.16271696647 136649.59537133362 93802.2564161306 63785.372330127226 88244.00586137874 75064.03750585864 61987.31766936014 38434.87942378263 38998.932800033865 21689.776964650824 36894.7817713 16121.5629597 14323.7385705 6395.039913510192 12003.7206581 28994.5891147 70209.5588454 94483.67240738776 271913.5071225706 267147.8740008041 321064.36307259364 114067.51896203669 147179.69411502648 38627.9907032 65898.82150311914 394392.5278799676 517379.94957184006 81715.07818804972 -9999.0 -9999.0 -9999.0 -9999.0 -9999.0 -9999.0 -9999.0 -9999.0 -9999.0 -9999.0 -9999.0 -9999.0 -9999.0 -9999.0 -9999.0 -9999.0 -9999.0 -9999.0 -9999.0
0.0 18399.124836766703 0.0 0.0 0.0 0.0 0.0 0.0 47103.1697628053 33786.26512749135 112322.34439665457 127882.109897885 168252.75022701954 124876.18676870415 216931.39655244583 232609.89929236242 193259.11478245206 69021.2812365134 20025.5455470817 82605.90722297184 52326.6217494526 19818.959847592298 9889.33607981864 37382.07793963496 29299.48095399769 46912.0024397 6761.8116459 5584.67935334457 4722.18544355 4749.74182045 42170.7174992 90844.96278618557 103246.97312341542 151772.35164876803 141884.62889468117 165157.55768655753 96384.07747292817 61094.53859059849 64042.14424560311 101929.74040192417 322418.9992051734 721442.2091062742 97044.53706955106 -9999.0 -9999.0 -9999.0 -9999.0 -9999.0 -9999.0 -9999.0 -9999.0 -9999.0 -9999.0 -9999.0 -9999.0 -9999.0 -9999.0 -9999.0 -9999.0 -9999.0 -9999.0 -9999.0
0.0 28748.242244763765 0.0 0.0 0.0 0.0 0.0 37056.09385685973 19864.86508775279 32445.30026887303 82782.89569028803 170740.51372406006 155845.3395170765 169734.5590598062 176092.11498999086 209856.94892806123 149172.90443958167 103905.47176814829 95573.60258975804 92737.41170128652 42631.219574898605 33010.16392157102 32906.052466179426 39792.96321330676 50311.88039272752 12996.49061225448 5700.0582425 3513.90863722 3040.47989344 7228.75255206 25818.692149 20946.5233727 17076.499847 33406.9223628 66956.42406397495 54470.64329261874 44426.216376 31354.7864866 232857.9674080175 449123.0645891333 427383.5122812572 944071.632771445 13392.739521288406 -9999.0 -9999.0 -9999.0 -9999.0 -9999.0 -9999.0 -9999.0 -9999.0 -9999.0 -9999.0 -9999.0 -9999.0 -9999.0 -9999.0 -9999.0 -9999.0 -9999.0 -9999.0 -9999.0
0.0 0.0 16456.351617177468 0.0 0.0 0.0 0.0 12066.664909908002 20745.169273280222 17946.901196734256 88582.30252836694 65840.08369202437 128687.03676029437 178524.6715937324 169674.75168859598 146396.58813411053 141492.96557514506 93548.54011161099 82217.84630408025 95472.95496503814 48927.87535722044 40349.4389429989 39442.543009 40139.099488266824 13017.6677575 16644.2493401464 47608.08290034422 6857.67159315 10422.3160942 30531.169578038898 16209.97201145577 15630.7960767 27673.4047174 16024.7386861 15427.549432 18438.2321185 13447.5221888 188259.3606207903 205583.31462980754 378004.36855694064 633252.4908756539 537952.9040904106 -9999 -9999.0 -9999.0 -9999.0 -9999.0 -9999.0 -9999.0 -9999.0 -9999.0 -9999.0 -9999.0 -9999.0 -9999.0 -9999.0 -9999.0 -9999.0 -9999.0 -9999.0 -9999.0 -9999.0
0.0 16886.7233958035 83904.3347510626 0.0 0.0 0.0 0.0 0.0 0.0 29019.54462286894 75592.93134550663 91762.77340039896 157838.84893808793 263422.04543026316 124228.0183263609 94416.46814792842 109126.9824892711 115431.66876341659 83949.26499708636 78652.0922665572 43126.6523561369 35014.39600531586 56076.590625752404 30645.8918354492 22802.887662582576 43929.081887061104 39668.5949907 22422.3575696 19610.4818212 13330.8199155 32176.6963161 58995.2585105 17769.6360441 9225.43118166 9188.88104682 23374.3698798 237090.25551064432 367780.1477347339 471058.719698274 564472.9602887174 905072.2039426472 149174.7449851228 -9999.0 -9999.0 -9999.0 -9999.0 -9999.0 -9999.0 -9999.0 -9999.0 -9999.0 -9999.0 -9999.0 -9999.0 -9999.0 -9999.0 -9999.0 -9999.0 -9999.0 -9999.0 -9999.0 -9999.0
91744.10689413449 159485.41173723983 318701.80676842685 20107.14306841817 0.0 46582.552352985804 0.0 13975.139910603859 16178.896819660797 90556.51420471293 89964.6513064832 80627.58623690694 181913.54909776885 266800.1711611903 228305.25022228633 182909.58464891533 146323.38058402075 88252.00166471991 114123.37158453312 60831.50077973275 21156.099563770345 51964.31378420248 39766.357791631934 42472.107030483705 23451.972637313647 27143.889569675786 19806.1923194 13794.0358471 22218.8263541 19461.1310955 64031.9780563 30659.51486652625 14875.9008257 13054.9675032 5524.03946329 23533.2388919 117318.290471 236959.4308738736 242696.6918952216 723574.0457305805 287771.0620516487 -9999.0 -9999.0 -9999.0 -9999.0 -9999.0 -9999.0 -9999.0 -9999.0 -9999.0 -9999.0 -9999.0 -9999.0 -9999.0 -9999.0 -9999.0 -9999.0 -9999.0 -9999.0 -9999.0 -9999.0 -9999.0
236075.37035706197 300574.60987640935 295506.87318754 97671.50487321599 72320.57580385827 0.0 37099.48060317019 96858.16970956183 93935.80655402086 148675.99518771213 101248.05051199751 62244.13874979828 165011.8278734442 342833.08442935825 213213.8084918816 189760.54778517043 212812.6275019559 102002.70536774263 78183.81823404816 84286.14032154014 53992.03278342392 91794.5857811513 20699.771987926695 51867.20391132717 11105.122817 12937.4170834 9053.44797225 23033.5719074 23177.3886077 40229.8925544 42480.52556610516 98606.33616112878 60962.2081484 62273.6571712 8527.24594664 21547.3310115 63990.37388597403 154176.3816537849 265092.86208822706 301387.16516656266 -9999.0 -9999.0 -9999.0 -9999.0 -9999.0 -9999.0 -9999.0 -9999.0 -9999.0 -9999.0 -9999.0 -9999.0 -9999.0 -9999.0 -9999.0 -9999.0 -9999.0 -9999.0 -9999.0 -9999.0 -9999.0 -9999.0
226291.23954308333 363747.20731844404 213853.33819125165 57817.68635661075 18560.65294766884 0.0 108870.31928578291 154393.61234720284 317995.2075464157 177462.99127251847 79745.7446403033 80495.4782064045 162436.01704306385 342977.00285105605 376284.78925429157 254212.62015641917 158259.05169234012 175205.0765798255 23028.911472432694 72286.39168305653 94354.52009949932 66497.05838780261 81094.36811833546 128775.94463893004 17800.230743 21398.3216218 19138.7320845 11046.0725699 45186.7477988 80770.67238526145 173348.1680516625 165494.81391913028 80791.66713174077 102671.31365354867 18801.5288823763 137555.75074484138 247269.7173033346 161703.6854702232 85536.84387933195 -9999.0 -9999.0 -9999.0 -9999.0 -9999.0 -9999.0 -9999.0 -9999.0 -9999.0 -9999.0 -9999.0 -9999.0 -9999.0 -9999.0 -9999.0 -9999.0 -9999.0 -9999.0 -9999.0 -9999.0 -9999.0 -9999.0 -9999.0
86854.27198906655 116846.77972820729 149418.7973415665 104422.33488832263 0.0 0.0 46597.481898637154 99907.11932021767 183290.62689183778 169411.82586665225 130926.67798875655 76148.89249665698 61459.085402227334 397483.4744902177 348372.2831851102 289155.1026081606 380877.09017304215 337388.2077621424 120021.59348638784 66689.82435653187 91768.36593272044 162168.4225608928 40098.515864608526 51082.70822236482 45003.46452632666 19346.8345683 35020.3426419 77723.5526182 60311.99205797246 199665.483497 231985.01152141468 136289.90440992627 38105.90285919957 84087.946638 99866.65905998039 90705.99666370678 241341.22307829946 175739.60381875312 -9999.0 -9999.0 -9999.0 -9999.0 -9999.0 -9999.0 -9999.0 -9999.0 -9999.0 -9999.0 -9999.0 -9999.0 -9999.0 -9999.0 -9999.0 -9999.0 -9999.0 -9999.0 -9999.0 -9999.0 -9999.0 -9999.0 -9999.0 -9999.0
151893.4472883731 153266.01361851324 72528.35001438587 15817.25701504964 0.0 0.0 24007.111349403942 47106.62542601155 103077.47913513824 383129.4568991618 110817.03046262836 104525.66084106742 206488.97566591296 430033.1782863973 295176.08151001035 288848.5253112875 348126.4784143618 297784.8686806087 204338.92295951024 59906.33463235621 42777.8190964535 224343.54237409978 117518.7080760833 55090.13154165591 133786.45117736203 46036.61207263982 61599.63438709532 79309.76636208568 122879.82203857109 127700.994111 77855.9131926 214606.56644931776 61671.2905781638 107461.402547 103794.10703093148 152652.12154471898 289034.69383121235 0.0 -9999.0 -9999.0 -9999.0 -9999.0 -9999.0 -9999.0 -9999.0 -9999.0 -9999.0 -9999.0 -9999.0 -9999.0 -9999.0 -9999.0 -9999.0 -9999.0 -9999.0 -9999.0 -9999.0 -9999.0 -9999.0 -9999.0 -9999.0 -9999.0
163378.85394995782 106368.42755384107 16982.29901684243 16818.336591519044 0.0 27036.49129571352 12742.541838182773 62390.62355378488 122659.63336473481 248721.1296685671 151779.31704559823 166543.02713083752 323148.3452612052 307995.803940345 149019.40837911205 317760.5160422687 431146.8015080341 235299.40272568417 142351.23640674437 97285.67672162669 42124.46643809992 80803.94378083356 117301.09904387472 36989.15301918015 254543.3736853851 235806.26418632994 151056.37000719897 321123.5522632189 251221.38401459416 77474.3793742 63150.1947829 123445.91075030986 66944.32342882662 164872.56635576687 287010.24543690786 107907.80741885836 126571.57641414646 -9999.0 -9999.0 -9999.0 -9999.0 -9999.0 -9999.0 -9999.0 -9999.0 -9999.0 -9999.0 -9999.0 -9999.0 -9999.0 -9999.0 -9999.0 -9999.0 -9999.0 -9999.0 -9999.0 -9999.0 -9999.0 -9999.0 -9999.0 -9999.0 -9999.0
919534.2351751825 34401.90623515838 270826.92560939636 15716.633621454894 35431.9944724 95228.9580417 49440.153790426346 85251.37816175944 175431.34848031902 430192.33538015914 134824.04529701913 338654.44460889546 490956.75498293835 361644.44603866735 462370.9890631057 292632.7610054645 343801.87857482804 341340.1937141367 458392.7552543944 117841.79704783246 24449.682034501202 23677.124860892196 17601.157924079016 73772.25451946491 83864.63240857025 278867.47669821687 205801.299238 291554.6221004602 397008.0317328354 113695.27228987675 100609.70475707612 141351.67232540573 109827.54260385282 219242.147677382 118380.09119267605 416957.44179233885 -9999.0 -9999.0 -9999.0 -9999.0 -9999.0 -9999.0 -9999.0 -9999.0 -9999.0 -9999.0 -9999.0 -9999.0 -9999.0 -9999.0 -9999.0 -9999.0 -9999.0 -9999.0 -9999.0 -9999.0 -9999.0 -9999.0 -9999.0 -9999.0 -9999.0 -9999.0
249346.12523989525 190962.7579919243 35750.837647629975 296446.7309266003 414681.0140675814 97192.71444541209 136038.19772405876 416527.6062397874 506949.8465524212 416522.276964805 304218.29304732004 565824.717030275 449801.9955184999 435989.6130566505 490810.8003713082 660935.7223012899 587402.271505353 839100.7711937638 541787.6941951265 226317.13271953005 21191.036261465546 25994.991600860867 50831.43603002008 286900.13792846934 255804.46719061094 161353.2389280168 333986.94730594056 336931.51911305153 355030.294146584 183896.6784625541 260292.67985155605 208171.78141853554 236895.72093358028 245098.1715793146 26090.818671116132 -9999.0 -9999.0 -9999.0 -9999.0 -9999.0 -9999.0 -9999.0 -9999.0 -9999.0 -9999.0 -9999.0 -9999.0 -9999.0 -9999.0 -9999.0 -9999.0 -9999.0 -9999.0 -9999.0 -9999.0 -9999.0 -9999.0 -9999.0 -9999.0 -9999.0 -9999.0 -9999.0
156322.4753042551 257387.39582940174 492779.5247905039 244751.76117129673 470718.4600370461 824902.1600452026 539449.9681965514 557432.0883193467 443831.51472736994 192897.04374939055 490932.4386971115 447314.7210303182 472524.7933399853 530236.2678688697 608482.1836121406 427858.72087793186 695668.940143085 692786.9847576437 278360.0485299161 217495.73367337926 40636.613636071546 21802.218189199204 44716.8964844725 205829.60196909035 218714.20121513057 242126.51991767823 309937.7183433185 527437.4636457383 257003.7603510157 203125.50820749538 99436.83823418384 238146.8368250605 596654.3508272156 208316.7800030684 28141.782163692053 -9999.0 -9999.0 -9999.0 -9999.0 -9999.0 -9999.0 -9999.0 -9999.0 -9999.0 -9999.0 -9999.0 -9999.0 -9999.0 -9999.0 -9999.0 -9999.0 -9999.0 -9999.0 -9999.0 -9999.0 -9999.0 -9999.0 -9999.0 -9999.0 -9999.0 -9999.0 -9999.0
448428.15862724534 726517.7635635653 754981.6123862106 529940.0720782431 707406.3015801536 680705.8008645703 633427.5700766776 499236.696868013 412212.0137045276 306332.4051838513 513390.67179090384 500962.06925555086 556197.8654791184 603347.6662904919 501412.7023388388 538753.4629710058 592959.1379808874 531493.5043240951 124410.12712110007 231947.90135320183 37099.106420961485 52082.30909295479 175309.8432358357 220837.99875302834 148856.2547695947 183047.75864335758 479029.94449785136 323048.45527214644 126484.03178159091 102621.0338034039 196092.08287977526 270124.5092637546 346062.414285 172065.63702129375 6578.658213135161 -9999.0 -9999.0 -9999.0 -9999.0 -9999.0 -9999.0 -9999.0 -9999.0 -9999.0 -9999.0 -9999.0 -9999.0 -9999.0 -9999.0 -9999.0 -9999.0 -9999.0 -9999.0 -9999.0 -9999.0 -9999.0 -9999.0 -9999.0 -9999.0 -9999.0 -9999.0 -9999.0
531199.2642083718 610631.0423680582 711332.3058296051 683378.7447159545 698686.0645702428 735336.004877133 738265.6280901191 439343.41427839495 397111.27760193456 457761.3414638918 533218.5610963877 739964.4664217547 611875.5551772906 728551.9999811546 620011.8684566477 727201.3352769199 502370.7781604568 202738.04287833706 314323.597949793 162401.1883485763 32007.127940685918 57170.67303605577 99161.88685797676 276043.30549867405 189208.02927753556 185018.0561446875 455803.230865597 292189.46490366274 410429.0041585943 395585.82291853824 299157.75319506065 266260.4052641727 308522.5234279388 141134.49816879618 -9999.0 -9999.0 -9999.0 -9999.0 -9999.0 -9999.0 -9999.0 -9999.0 -9999.0 -9999.0 -9999.0 -9999.0 -9999.0 -9999.0 -9999.0 -9999.0 -9999.0 -9999.0 -9999.0 -9999.0 -9999.0 -9999.0 -9999.0 -9999.0 -9999.0 -9999.0 -9999.0 -9999.0
718215.071350557 492617.2889854398 552278.0716078922 673733.2879831463 499125.77777637355 563299.7066195725 476494.9896405194 624104.8409061752 429364.01130307605 460003.99514082173 568553.4014098413 760795.2135757549 929539.1424405393 767088.0282774803 525127.038962696 541471.4204508928 543361.8492421272 518098.7064158194 353939.6146463026 190377.31472756062 53845.29463256216 64259.76485360564 42605.601748411704 291806.8059363788 162430.91271736097 318699.20662319066 517765.1845370729 283712.1042323555 233112.06850682586 213489.79748111157 207541.74301779584 206510.1307597005 278632.50751116185 214016.26621018787 3282.357336471768 -9999.0 -9999.0 -9999.0 -9999.0 -9999.0 -9999.0 -9999.0 -9999.0 -9999.0 -9999.0 -9999.0 -9999.0 -9999.0 -9999.0 -9999.0 -9999.0 -9999.0 -9999.0 -9999.0 -9999.0 -9999.0 -9999.0 -9999.0 -9999.0 -9999.0 -9999.0 -9999.0
419649.3659194475 768231.8469277695 495735.4154646798 534428.2393896017 539778.0293938372 376803.4018229745 423123.70392761315 647813.0590262297 661815.302724128 642262.8514523027 610140.7696805354 613161.7175101552 835449.292621152 766617.4511851142 604070.9796417248 428752.059252643 282478.66842313507 198831.69698370146 534389.8336912091 324511.34083602676 82588.01957985999 69638.16982113096 161446.59530722076 348708.67560279864 364221.47800922807 382499.3550638116 479037.20987444744 301063.2629666793 218794.85963646646 194642.7322558222 131487.141669 218320.90291612377 270239.8767170833 146107.31802587057 12084.599328434857 -9999.0 -9999.0 -9999.0 -9999.0 -9999.0 -9999.0 -9999.0 -9999.0 -9999.0 -9999.0 -9999.0 -9999.0 -9999.0 -9999.0 -9999.0 -9999.0 -9999.0 -9999.0 -9999.0 -9999.0 -9999.0 -9999.0 -9999.0 -9999.0 -9999.0 -9999.0 -9999.0
302756.21524648916 653398.9558024505 660740.8657228108 427742.81305712136 607993.9222094319 538793.3940124721 502127.3289211584 695032.1899734621 671048.4179277339 608169.0595040089 956683.9885352282 761213.0359119967 756485.984565773 881786.6848231563 616515.8534880616 484522.3111502485 757807.2915918803 550155.4378568279 249417.10314701442 426023.4068511363 203497.8717696649 189100.29608763033 149654.0272548271 258930.15373863932 501923.98787016934 302674.16488041176 251894.1204283522 667903.2972536244 532199.6305362901 546868.344861892 460628.7056748294 290932.6119483582 407873.68873769144 162793.58156277443 2062.2475085000665 -9999.0 -9999.0 -9999.0 -9999.0 -9999.0 -9999.0 -9999.0 -9999.0 -9999.0 -9999.0 -9999.0 -9999.0 -9999.0 -9999.0 -9999.0 -9999.0 -9999.0 -9999.0 -9999.0 -9999.0 -9999.0 -9999.0 -9999.0 -9999.0 -9999.0 -9999.0 -9999.0
177548.59297018714 521451.0750755046 683948.8742089139 533496.2523298447 543229.3782839973 442509.9838274277 503416.5441348275 464181.6045513935 548767.1754750968 642222.8714303204 662137.5740045249 557371.6204518992 713591.3693560376 486434.4595777781 781902.3565564321 802605.3917459822 681890.0538471444 498851.0864919314 403452.083063885 394060.2080214063 179938.38479329334 149109.61443383398 264130.01599221234 218193.1783977568 406472.335842974 400310.70405208453 265741.5141187983 516907.2465039835 613528.8573083703 527321.0051901954 720653.5225706947 581604.7337134149 258781.141743063 124462.64598372638 -9999.0 -9999.0 -9999.0 -9999.0 -9999.0 -9999.0 -9999.0 -9999.0 -9999.0 -9999.0 -9999.0 -9999.0 -9999.0 -9999.0 -9999.0 -9999.0 -9999.0 -9999.0 -9999.0 -9999.0 -9999.0 -9999.0 -9999.0 -9999.0 -9999.0 -9999.0 -9999.0 -9999.0
151399.80181376537 363787.6994490271 641246.0547643167 455414.28152110614 398322.9961802355 367282.7828279117 692755.1115300911 686905.9936700794 680248.5565493613 1038691.6582701128 821636.5954318878 796068.8354786916 678781.0930215952 654854.5412655226 628687.491088949 774425.3354301215 855417.735058771 645054.241256882 346746.21854613395 388771.3888571385 218369.08454936172 183383.4942813454 368850.9606824679 425981.04269714706 341958.8974949393 402016.5142435267 431599.29082433216 413421.93264870316 473871.692995235 618234.5457988607 439691.840984699 279054.0406034081 175326.08529658534 55064.265469376835 -9999.0 -9999.0 -9999.0 -9999.0 -9999.0 -9999.0 -9999.0 -9999.0 -9999.0 -9999.0 -9999.0 -9999.0 -9999.0 -9999.0 -9999.0 -9999.0 -9999.0 -9999.0 -9999.0 -9999.0 -9999.0 -9999.0 -9999.0 -9999.0 -9999.0 -9999.0 -9999.0 -9999.0
31583.332447230794 247050.15702981994 742848.2767106753 549250.0655204204 575201.6576190342 531890.628435753 575753.1147906418 768077.888694042 701133.1256189162 705939.959975958 663527.6267336821 585312.2558128589 742220.9470027166 705689.3816175605 779754.3250497013 448705.47610521485 465075.9794786036 776639.7013282303 352135.349534531 311503.1883404837 254085.75039663567 289082.44360357395 330517.02471454925 389979.28769119544 294348.41880875384 362807.2962478416 300822.84492048103 431263.13838294137 423969.7616210886 581483.3215009766 362911.8897012653 312189.1934165999 89823.17490049834 16309.566872005198 -9999.0 -9999.0 -9999.0 -9999.0 -9999.0 -9999.0 -9999.0 -9999.0 -9999.0 -9999.0 -9999.0 -9999.0 -9999.0 -9999.0 -9999.0 -9999.0 -9999.0 -9999.0 -9999.0 -9999.0 -9999.0 -9999.0 -9999.0 -9999.0 -9999.0 -9999.0 -9999.0 -9999.0
