critload/trunk/output/1999/nload_tot.asc
ncols 720
nrows 360
xllcorner -180
yllcorner -90
cellsize 0.5
NODATA_value -9999
[rows 52 to 77 of 360, columns 58 to 115 of 720]
64359.44098375234 65446.674767364995 64307.5144966117 76270.94218132179 104281.391548138 145205.0926250183 124655.9087383222 58105.33500978972 53120.3544186351 54515.566735502594 46195.193037920006 63957.131364815694 65180.739136904 53690.764120677 33080.7343177304 23686.644342749198 46491.717423800095 33578.2780758231 33281.72241242733 75801.847056284 81147.1091100669 21774.257085637 15557.747064866 15221.9960866194 11885.1101587446 13416.4059765487 12633.088133268 22245.435358109 26263.0354985901 21604.2557719472 18421.784039078 29021.84485392 28447.61447945 25407.336481167 16008.336531228 18932.2954322562 27485.488223779103 35135.5485176954 38288.489864801195 110030.198608064 79828.89975764221 105171.3467309202 127912.52129901509 139349.19448838322 143517.0821598333 142896.34799239298 118348.02505879599 125966.61964636241 71053.68125873551 69115.26444265491 67802.254536385 62743.397473701996 16611.4356433218 7735.752286 9832.9835797764 17750.235496920002 64520.37983325433 48675.1155850806
95413.087652241 62238.9010257406 162193.97821475263 138488.1638393614 134164.6461537542 90311.32062377 73004.45360171811 127439.79258823831 100544.19449328355 96015.76916840172 89762.32209366473 65901.35005414186 127478.4540324522 141864.1729550799 175365.61991591 56485.837196299995 13777.61198005 9762.80542734 16552.6189915631 39283.8563561307 59125.5473728047 19841.74012517 19778.371261238997 17804.066497940003 15799.14255897 16851.754745146 13028.4314512973 12450.5065936232 11279.043214252 19476.558351735 29046.131467551302 22807.7766457198 16680.7086388807 14944.2818587086 27321.087879419 30902.896167523 29201.585965815 29363.195860629003 33290.662568499 54263.974496420604 70954.660009474 118952.52975714655 80405.8223481618 122648.405192279 138205.996350395 151001.6972795817 141486.094842417 128157.7470216945 98209.846831487 90931.47742091899 71721.12266201759 62303.512958246996 64030.49204012076 22025.74465686507 10988.81859834 22366.09641775 9485.30669162 56598.481112789006
91837.36145909439 107623.10768250201 87840.08761339501 94622.407524649 96255.14010359 89577.815933437 85195.89838889102 59418.164721896 46973.86736082799 27507.411007848197 14523.7455217729 42569.69356539701 49301.289806958994 82879.889016781 85391.97699744001 153602.27521522378 138581.5618495653 36438.531676643 30986.911374772997 60841.41363441601 50792.2252476595 56578.687572790004 26802.985021279997 20489.398700762 24033.242874417003 21688.088102300997 15176.261985514 14813.497148209 12547.041495618001 15420.923303247 14888.151568244 14776.75997189 26401.310197037998 31248.444208205 27937.7649146203 18135.1892384567 21913.706398034097 23340.489291066002 23429.082141849398 20201.0136920456 57479.1777282898 73498.56761674001 82101.8238537037 99834.39329135719 134608.93563187402 155580.727921882 146014.6063380593 148775.8747905298 155815.229818213 140690.5290940864 127808.13232166701 121162.03746537399 78946.966883574 19530.460980776 37020.859031663 33641.84339528 10082.52012461 69898.16459100001
72605.0384968054 51015.512905933 68341.8640739447 164345.21705870942 117041.2551220975 191012.82561015018 162015.1056514389 63410.3785569388 46141.36445553 35452.551453496 32338.534014997 32191.84723228 82125.531043396 69359.702762278 76651.95595330402 172639.03257272101 166288.253121085 182962.424292639 136132.518747136 153829.3126224273 81064.76310444302 57354.533339867994 50660.744417890004 14620.624236366 19624.976099229603 22107.6199330398 20875.3354542039 20351.648844164 14668.440488485001 15691.016181171999 16421.237591409 75446.22512156738 67535.87493557 96794.598296356 99312.39004183699 27026.346929331 21694.177692161 16028.4223032694 17827.7515665169 25354.8766109994 46367.609228766996 73017.3669005604 76979.7989051305 140617.144139349 154301.49129083293 170759.492454463 170451.40663307998 173464.932476983 168956.1576315864 155390.817984789 124805.66336590759 108705.27188591899 68807.60498039 47769.881993687995 58178.224248738 56990.1620601 55657.199483703 101827.85796206
67157.815839217 152532.32799295802 54176.0177769261 200922.92669480998 165952.31273058 211102.56635462499 153489.0879008123 126329.307225291 69739.25191774999 114782.85645607 82153.02676294 68131.734344608 88368.821365621 97555.093915807 82702.514409547 32547.483156126 56479.467500768995 79012.43574647 137330.581523071 148818.14723181998 137815.98459369 134737.5951097942 101815.67919457 81012.2052001475 30554.07738062 31714.983327026097 20474.775931810498 7340.5554080219 9810.981478837299 16715.1809475794 13352.2493783791 38989.383352386 39208.53272427899 87715.10247660009 111890.3566798684 122883.71542610318 119644.11130293323 84860.683914722 14217.211509943001 20752.417928299998 26245.9639184356 82697.5108516422 86793.74732632781 151747.276554776 171486.3699618081 173042.028653359 172325.20287568102 160410.54223857 158772.437374367 103460.468406588 95505.357739052 84318.726855812 71389.66714169449 64740.539524323 76714.54333432 61377.6863892261 54268.2552603636 94976.98837130419
16108.30997042 49477.5691928787 616382.0398387401 190747.797168524 119737.84890443001 55967.317157649995 43341.873592008 41262.16764539901 20643.527019146997 79966.72498691 128688.14522311001 151180.10814482998 186228.56533813 172876.74146574998 156103.3924208 147379.10099044 146178.64724576 187933.66100984998 72440.78349791 15214.13411088 15380.304145314001 35524.925630622995 125764.57332606602 142361.371382693 128430.2349934 64776.51236215001 79923.55543015749 30978.48598866 17375.225712516 32149.4491509547 16832.3908057463 22414.05616598 61320.22288881101 64026.019104278 97283.2180771208 121881.93822355001 89457.28950958251 88140.9594443406 126712.70275977316 143450.39359599169 102971.6658485088 146093.2474594623 87024.95123801 88770.94593625 165880.86442258378 162282.418502193 147439.7156262593 141967.033021437 98834.953449975 91586.185511417 89900.3732189747 86482.597347993 95628.141327145 82933.291653298 83887.86588054302 71576.45538818999 59774.34960401 51826.80277864601
19635.398756594 46421.447107441796 137165.65819558088 164495.9285361172 106860.06074326 55921.68676654 10169.6552058332 2224.9962185316 9424.8673677535 145982.55722784103 100249.832401072 31390.651735383 41601.38031292999 78446.342428565 55195.315419701 43317.681359345 68352.20100136299 67588.114775064 25665.513865205 25220.81710137 4726.295418439 1055.0304118011 0.0 8456.772292935 79549.445350983 177021.085730346 151078.847064254 100857.25033758109 104150.742021744 98070.4467474 100379.16943503599 116262.05059095 94786.59561578289 83642.66150426 112098.69445766999 88144.36999368199 85252.1847905722 85189.93661385201 81369.81439157 89813.9066027443 100978.29950242737 97119.45403248501 95618.69536720299 90629.548026654 94510.7297748926 96673.804999528 89560.22316755199 90490.01423761892 90451.49506297937 79387.38380089623 81917.41072836543 67298.081040937 90075.492222011 82873.7418122533 71728.5179357543 24883.740151562997 35028.2564868367 33249.8180291855
75024.832278 80745.03244010001 80804.31817603 141218.387834928 47443.044166458 106429.23193463826 2140.2760418055 9562.832110144498 9536.7755972899 11266.426412281002 3938.3779568881 8335.2230336255 32319.954855967997 71730.68287069 26049.6607871111 18968.743447268 24472.505156366 35844.753613827 9129.859859465998 20221.906890595 8320.488708804001 5317.208825887 8363.556062452 3639.060862153 0.0 61623.31607123401 166646.23835757002 164672.52892602002 160286.73948275 171750.20841425 171183.59077247515 164626.33839165902 98550.78364889 58918.710615100004 62009.669185597006 68994.1181124 76952.74113524001 92331.74829759999 98371.26754484045 102345.38363842558 111931.080422731 98773.73533676579 77318.20382895801 76881.03585529901 83156.695687169 88016.15422037701 80264.67768845611 78724.51008071398 81252.7951483728 60432.108664129 66667.2252898906 86326.787762894 88090.27394380899 71603.092934371 56606.992560602994 30172.155133541 138255.78618992202 66981.01738253579
73153.1241167635 31303.142964476 25096.045782521305 2813.7468298428003 11411.13855843085 -9999 14693.144817371602 2360.844214954 -9999.0 -9999.0 -9999.0 -9999.0 -9999 -9999 -9999.0 -9999.0 -9999.0 -9999.0 1188.3276060581998 9148.157150841002 4307.577102208 9329.223579000001 19326.514663677004 39223.579339465 15433.764226963001 41454.310242711 124972.407443851 122045.11111463298 185568.62734613498 220237.74209160102 135897.66447828698 244727.46881538403 203722.130910767 120815.75497859999 77521.58269884999 145127.880254764 130875.92864870999 80227.06419839 104438.72681914999 174959.043404338 171896.87121880322 186383.64026811524 110418.061169896 92591.32832377299 81323.06201890201 87475.04755823399 81658.990699266 89055.83495159 82576.280975577 71727.6672588779 98819.7730079038 110094.1595032473 84281.41809298602 45467.496547438 49567.00561379299 84098.729912532 111797.602203483 364640.587445934
10554.077520402101 -9999 -9999.0 -9999.0 -9999.0 -9999.0 -9999.0 -9999.0 -9999.0 -9999.0 -9999.0 -9999.0 -9999.0 -9999.0 -9999.0 -9999.0 -9999.0 -9999.0 -9999.0 -9999.0 -9999.0 -9999.0 2349.05808598788 13294.859827237402 25183.545610292 46624.599176029995 52483.569493261006 52312.396453788 24418.949212868 83278.783142963 102947.59523919999 75184.961332305 46301.802863973004 91974.65096659001 131889.62493494997 155077.57473173353 164657.5840978768 87994.9859368689 84369.7628966923 104218.1527953 98880.31915226909 186428.62536974472 156210.34541283402 133471.442678479 128647.98262413466 123824.1837084801 95788.865049562 96905.12057655709 116605.55905947738 143712.382279958 139326.170489151 135877.001235477 88297.76736977 49878.161480035 43822.859752412 97975.799857106 116498.519041963 201758.1377746235
-9999.0 -9999.0 -9999.0 -9999.0 -9999.0 -9999.0 -9999.0 -9999.0 -9999.0 -9999.0 -9999.0 -9999.0 -9999.0 -9999.0 -9999.0 -9999.0 -9999.0 -9999.0 -9999.0 -9999.0 -9999.0 -9999.0 -9999.0 -9999.0 -9999.0 788.45219386256 21492.106055107 28077.605923771 30163.344661647003 37118.022571114 126581.79691776249 59670.419462759 92453.05714470343 2266.7616248570002 90405.55159664601 207391.42757134 178165.578369677 149734.906637508 98314.52548665 96667.147676789 97217.5273228389 111918.9204954806 123756.1556568327 191761.160651704 219623.217943169 177888.561707052 172251.989719003 126882.691264536 137650.6827387709 230003.62641002 176742.2074656671 167263.786463178 145585.20435162215 91292.45198828171 48298.195718270996 124709.86705549399 315400.71320388396 232716.43490141002
-9999.0 -9999.0 -9999.0 -9999.0 -9999.0 -9999.0 -9999.0 -9999.0 -9999.0 -9999.0 -9999.0 -9999.0 -9999.0 -9999.0 -9999.0 -9999.0 -9999.0 -9999.0 -9999.0 -9999.0 -9999.0 -9999.0 -9999.0 -9999.0 -9999.0 -9999.0 -9999.0 5015.585386287899 20590.950257580098 36637.5750696525 65557.3101538367 64663.74245108 96915.2700219425 92981.921854402 206464.47937189398 140359.460865961 194441.728067322 154908.757110007 132121.34138748498 113993.96989979199 143090.766966403 106850.34732925998 126775.82730551701 184846.09827615359 117143.4724413541 130436.494325104 223984.3384622417 181703.1588315792 154445.9402799 221924.45777844504 240101.847436131 275033.82796086 290858.012203054 171215.572538605 97827.45985085398 51934.6248607158 51276.430252862 205422.7326819597
-9999.0 -9999.0 -9999.0 -9999.0 -9999.0 -9999.0 -9999.0 -9999.0 -9999.0 -9999.0 -9999.0 -9999.0 -9999.0 -9999.0 -9999.0 -9999.0 -9999.0 -9999.0 -9999.0 -9999.0 -9999.0 -9999.0 -9999.0 -9999.0 -9999.0 -9999.0 -9999.0 -9999.0 -9999.0 49051.214853383004 124431.471850016 113149.10357878401 64849.842298013995 104834.45714349399 33120.498321847 193311.256355774 16643.07718921026 233860.581034332 206397.25570125 176375.944297142 129452.77000219101 135240.070340529 134649.374473515 133265.395512502 170050.312057776 98992.477870778 162215.504683705 214391.59991686878 246416.6339648062 118080.528194168 114168.85440237951 137780.92377665575 246592.79549882901 261439.83508756204 155537.71494768 97550.84162825989 12017.2457818689 14298.175328017
-9999.0 -9999.0 -9999.0 -9999.0 -9999.0 -9999.0 -9999.0 -9999.0 -9999.0 -9999.0 -9999.0 -9999.0 -9999.0 -9999.0 -9999.0 -9999.0 -9999.0 -9999.0 -9999.0 -9999.0 -9999.0 -9999.0 -9999.0 -9999.0 -9999.0 -9999.0 -9999.0 -9999.0 -9999.0 -9999.0 58448.065281671996 131931.0114710419 33814.808046973994 76695.16764169419 53140.5253838082 63922.925911390004 89667.450337374 31567.440950624998 284863.362931383 128504.75219597801 214862.12231716904 136494.89656549902 192607.323567965 172733.65707953 140767.132535862 132095.9927736258 117488.8844857047 158992.51212563325 176847.18944150998 199904.9276201336 180198.841717574 110294.99559293 136678.67763115102 248382.676489115 152163.147232532 140098.041893432 16960.711176557747 12109.0547616229
-9999.0 -9999.0 -9999.0 -9999.0 -9999.0 -9999.0 -9999.0 -9999.0 -9999.0 -9999.0 -9999.0 -9999.0 -9999.0 -9999.0 -9999.0 -9999.0 -9999.0 -9999.0 -9999.0 -9999.0 -9999.0 -9999.0 -9999.0 -9999.0 -9999.0 -9999.0 -9999.0 -9999.0 -9999.0 -9999.0 -9999.0 45285.888557775696 104087.09262594 58200.68536196701 237355.669893611 308395.564690186 219435.129557297 76613.68449297 204840.19896593 103045.268800306 214086.158700782 173160.18684578684 193406.57524275 241733.163345301 130608.24228921099 164782.73136110802 129834.79919999398 161076.31498107 197040.8938405049 170155.21223442146 150104.19893119897 117958.87444607899 125652.47534075 183699.395644432 181632.763975686 162545.972483314 91492.992532765 61182.002007769996
-9999.0 -9999.0 -9999.0 -9999.0 -9999.0 -9999.0 -9999.0 -9999.0 -9999.0 -9999.0 -9999.0 -9999.0 -9999.0 -9999.0 -9999.0 -9999.0 -9999.0 -9999.0 -9999.0 -9999.0 -9999.0 -9999.0 -9999.0 -9999.0 -9999.0 -9999.0 -9999.0 -9999.0 -9999.0 -9999.0 -9999.0 -9999.0 25785.680672712202 74021.6797653151 111768.58294098332 197972.093288894 143579.03234538579 265319.497666356 190776.670986679 243852.63830252597 259558.979156551 102199.35735890298 149319.02621987788 149489.54921661498 167859.463112087 211075.55277826102 133945.457504571 89969.065146098 109403.85859922 177622.98195739498 146091.34611560215 123610.005724791 126974.86146214302 100749.32229307001 129577.93124534999 171045.5620856 101534.8066301 128471.69410564999
-9999.0 -9999.0 -9999.0 -9999.0 -9999.0 -9999.0 -9999.0 -9999.0 -9999.0 -9999.0 -9999.0 -9999.0 -9999.0 -9999.0 -9999.0 -9999.0 -9999.0 -9999.0 -9999.0 -9999.0 -9999.0 -9999.0 -9999.0 -9999.0 -9999.0 -9999.0 -9999.0 -9999.0 -9999.0 -9999.0 -9999.0 -9999.0 -9999.0 -9999 18222.7408815061 190007.471172231 326069.49328158505 148631.6889203143 237531.28423981 393810.397849803 219754.774562598 223698.37307606096 167796.257232112 172015.51021446282 279785.29228481196 152859.94903844802 149281.663197456 98065.56707566298 65247.772654730245 89454.58055391001 121693.39089509401 111653.98186623 117487.84963992599 119217.32863325998 137114.69829485 187759.90647354 155274.32312571688 85811.67775750099
-9999.0 -9999.0 -9999.0 -9999.0 -9999.0 -9999.0 -9999.0 -9999.0 -9999.0 -9999.0 -9999.0 -9999.0 -9999.0 -9999.0 -9999.0 -9999.0 -9999.0 -9999.0 -9999.0 -9999.0 -9999.0 -9999.0 -9999.0 -9999.0 -9999.0 -9999.0 -9999.0 -9999.0 -9999.0 -9999.0 -9999.0 -9999.0 -9999.0 -9999.0 -9999 82298.50373904052 225936.65258020101 223424.66981518 129291.76373539 185559.973086375 334245.93097413704 235536.79929440102 561718.7888698231 511063.60315547 286606.13406525 201875.248923015 137120.352612969 161362.926106112 93130.755953868 78073.7484869895 91513.957555 86027.04915538999 93051.62548134 128145.507512391 106258.722844623 140400.77235053 182469.50013274903 177742.27123597218
-9999.0 -9999.0 -9999.0 -9999.0 -9999.0 -9999.0 -9999.0 -9999.0 -9999.0 -9999.0 -9999.0 -9999.0 -9999.0 -9999.0 -9999.0 -9999.0 -9999.0 -9999.0 -9999.0 -9999.0 -9999.0 -9999.0 -9999.0 -9999.0 -9999.0 -9999.0 -9999.0 -9999.0 -9999.0 -9999.0 -9999.0 -9999.0 -9999.0 -9999.0 -9999.0 14202.0129537918 63080.79327432579 116927.6971120733 -9999.0 8345.5404129446 133238.348506588 365812.72080894304 362772.905029498 386772.155717361 733289.740680923 287607.30184098997 226815.46282824 276466.848140469 87650.30729281402 159367.406224427 135483.370137067 88170.9276972 70158.87969873 79191.75009116999 92757.94304894998 100710.66424283001 156031.41202815901 131193.12085253102
-9999.0 -9999.0 -9999.0 -9999.0 -9999.0 -9999.0 -9999.0 -9999.0 -9999.0 -9999.0 -9999.0 -9999.0 -9999.0 -9999.0 -9999.0 -9999.0 -9999.0 -9999.0 -9999.0 -9999.0 -9999.0 -9999.0 -9999.0 -9999.0 -9999.0 -9999.0 -9999.0 -9999.0 -9999.0 -9999.0 -9999.0 -9999.0 -9999.0 -9999.0 -9999.0 17791.351876764948 118430.81696528499 39117.5259851534 24186.5312624025 -9999.0 12969.40744655474 373727.10843379097 491718.60351051 344098.17747081 658674.0861466799 340992.740697195 201010.07621862 160051.50162558001 133369.775863621 86972.18757789001 60808.771081390005 153742.046199442 95137.74826082 283588.25126085 113411.80574375001 236179.299371475 327330.4893735591 342211.011926961
-9999.0 -9999.0 -9999.0 -9999.0 -9999.0 -9999.0 -9999.0 -9999.0 -9999.0 -9999.0 -9999.0 -9999.0 -9999.0 -9999.0 -9999.0 -9999.0 -9999.0 -9999.0 -9999.0 -9999.0 -9999.0 -9999.0 -9999.0 -9999.0 -9999.0 -9999.0 -9999.0 -9999.0 -9999.0 -9999.0 -9999.0 -9999.0 -9999.0 -9999.0 -9999.0 63530.377401046906 779209.057292091 400905.156770283 100427.0144957102 -9999.0 29494.683958527097 254462.81191109098 568979.2803596689 523817.91780663596 193585.436314823 351777.71109772 244020.69592523 195111.26309052 155622.11771512002 103681.79780775 100908.82803421999 98820.27759554998 246930.66627381998 105693.74933063 98363.60415145599 239505.602803587 568305.39565678 154237.80724576098
-9999.0 -9999.0 -9999.0 -9999.0 -9999.0 -9999.0 -9999.0 -9999.0 -9999.0 -9999.0 -9999.0 -9999.0 -9999.0 -9999.0 -9999.0 -9999.0 -9999.0 -9999.0 -9999.0 -9999.0 -9999.0 -9999.0 -9999.0 -9999.0 -9999.0 -9999.0 -9999.0 -9999.0 -9999.0 -9999.0 -9999.0 -9999.0 -9999.0 -9999.0 -9999.0 -9999.0 60367.31480056581 369557.84373942995 111345.11139962409 -9999.0 -9999.0 84503.875187715 175819.537597328 201185.32005938797 665350.511324127 382720.51672340906 343028.91250563797 268706.73010719696 201907.91452872 150878.38916709 96245.86507779 101002.2333143 91379.40092114001 75441.397343362 63752.78881549716 210421.76441970398 289059.28658374003 168620.24653172103
-9999.0 -9999.0 -9999.0 -9999.0 -9999.0 -9999.0 -9999.0 -9999.0 -9999.0 -9999.0 -9999.0 -9999.0 -9999.0 -9999.0 -9999.0 -9999.0 -9999.0 -9999.0 -9999.0 -9999.0 -9999.0 -9999.0 -9999.0 -9999.0 -9999.0 -9999.0 -9999.0 -9999.0 -9999.0 -9999.0 -9999.0 -9999.0 -9999.0 -9999.0 -9999.0 -9999.0 -9999.0 67155.75715166371 210365.86445279798 9402.75073016329 -9999.0 -9999.0 -9999.0 119036.485282129 337749.95402601984 401677.54568006494 323548.87754359003 319358.80038693803 321053.43577032 192249.14151047598 176407.72869090998 123316.56102484302 103589.2087799373 81363.7042927178 55990.94356126631 55341.75590191001 229025.33433680702 382758.72075507697
-9999.0 -9999.0 -9999.0 -9999.0 -9999.0 -9999.0 -9999.0 -9999.0 -9999.0 -9999.0 -9999.0 -9999.0 -9999.0 -9999.0 -9999.0 -9999.0 -9999.0 -9999.0 -9999.0 -9999.0 -9999.0 -9999.0 -9999.0 -9999.0 -9999.0 -9999.0 -9999.0 -9999.0 -9999.0 -9999.0 -9999.0 -9999.0 -9999.0 -9999.0 -9999.0 -9999.0 -9999.0 -9999.0 24062.49136105386 100059.72278993762 -9999.0 -9999.0 -9999.0 -9999.0 51919.590895160196 183471.786942935 365840.797876852 245570.17246219 288989.88779797603 268857.67719616904 253990.33565345703 207300.12006648 107808.7812153332 105731.030053001 65748.60408732 22125.123429568997 35663.07867278223 138932.03895461
-9999.0 -9999.0 -9999.0 -9999.0 -9999.0 -9999.0 -9999.0 -9999.0 -9999.0 -9999.0 -9999.0 -9999.0 -9999.0 -9999.0 -9999.0 -9999.0 -9999.0 -9999.0 -9999.0 -9999.0 -9999.0 -9999.0 -9999.0 -9999.0 -9999.0 -9999.0 -9999.0 -9999.0 -9999.0 -9999.0 -9999.0 -9999.0 -9999.0 -9999.0 -9999.0 -9999.0 -9999.0 -9999.0 -9999.0 -9999.0 -9999.0 -9999.0 -9999.0 -9999.0 -9999.0 121129.02300018631 277718.569479591 311337.65437107603 323016.37894949 252391.49528704298 213615.163498739 385797.711065633 271162.17908110097 176100.56811577 85485.859199867 78282.180079395 124532.3232636 458440.57015282
-9999.0 -9999.0 -9999.0 -9999.0 -9999.0 -9999.0 -9999.0 -9999.0 -9999.0 -9999.0 -9999.0 -9999.0 -9999.0 -9999.0 -9999.0 -9999.0 -9999.0 -9999.0 -9999.0 -9999.0 -9999.0 -9999.0 -9999.0 -9999.0 -9999.0 -9999.0 -9999.0 -9999.0 -9999.0 -9999.0 -9999.0 -9999.0 -9999.0 -9999.0 -9999.0 -9999.0 -9999.0 -9999.0 -9999.0 -9999.0 -9999.0 -9999.0 -9999.0 -9999.0 -9999.0 -9999.0 116176.25291312402 413553.02995030204 336430.915147539 354564.231209199 387170.793498905 249861.08009953698 291347.570582296 300916.31099850003 343463.90667523 314324.20137296803 283025.3317228392 266237.14870587003
