critload/trunk/output/1999/nload_fixed_ag.asc
ncols 720
nrows 360
xllcorner -180
yllcorner -90
cellsize 0.5
NODATA_value -9999
[rows 196 to 223 of 360, columns 248 to 309 of 720]
0.0 22199.48083733623 0.0 0.0 0.0 0.0 0.0 44239.965489840266 20831.43864019721 39446.99019282697 72102.97843361196 238094.97839623992 338666.17438832356 368924.7969076938 251300.1161315092 626666.2479126387 477233.2670256184 377269.3100501517 169080.04319664196 25671.342355513472 14222.330136701396 8554.53341903898 14473.866146120576 4496.751158313246 9365.231280152479 12600.410618645521 0.0 0.0 0.0 0.0 0.0 0.0 0.0 0.0 319.38452075705607 76119.47095498127 0.0 0.0 1178.9818725025268 313169.30291586666 449541.2323457427 1345719.791812555 22024.6135994316 -9999.0 -9999.0 -9999.0 -9999.0 -9999.0 -9999.0 -9999.0 -9999.0 -9999.0 -9999.0 -9999.0 -9999.0 -9999.0 -9999.0 -9999.0 -9999.0 -9999.0 -9999.0 -9999.0
0.0 0.0 16630.948288672535 0.0 0.0 0.0 0.0 13619.774840191998 20622.40619849978 21461.948417615746 77112.43365573307 133691.5386403756 261161.13475940563 491333.7737110676 372163.92559380404 402413.2913878895 459647.5296703549 404632.190365389 92784.15040981975 34360.033559861855 22141.354760679566 7549.260651871096 0.0 8082.488221573174 0.0 434.77703547259676 5977.04333995578 0.0 0.0 1758.7807153411027 6216.40436290423 0.0 0.0 0.0 0.0 0.0 0.0 737228.5632092096 65279.354471092454 784257.3381320593 891640.0042653462 864991.8498745892 -9999 -9999.0 -9999.0 -9999.0 -9999.0 -9999.0 -9999.0 -9999.0 -9999.0 -9999.0 -9999.0 -9999.0 -9999.0 -9999.0 -9999.0 -9999.0 -9999.0 -9999.0 -9999.0 -9999.0
0.0 13827.384668706503 74345.2161101374 0.0 0.0 0.0 0.0 0.0 0.0 35168.83713003106 67700.70285009338 144817.89191880103 160484.8878129121 466657.95064193686 239099.87733013908 161076.6547115716 381985.0651375289 505151.6328355834 86546.03913381365 50804.97478754281 26864.1848060631 12839.022657884136 6804.038785997597 4771.324873750797 9.639967353930508 21269.65336103889 0.0 0.0 0.0 0.0 0.0 0.0 0.0 0.0 0.0 0.0 54043.92640795567 5870.06671059609 418409.614090726 749794.4396512826 1153290.700092353 326537.3940808772 -9999.0 -9999.0 -9999.0 -9999.0 -9999.0 -9999.0 -9999.0 -9999.0 -9999.0 -9999.0 -9999.0 -9999.0 -9999.0 -9999.0 -9999.0 -9999.0 -9999.0 -9999.0 -9999.0 -9999.0
73488.27004216552 68944.64323136017 140826.28333657316 12692.312184561833 0.0 36689.6172082142 0.0 17747.784546696137 17207.372401289205 61388.27185568706 100708.5025954168 78754.06868795307 240429.09729073112 435577.2743873097 277422.7004937137 184004.62100508466 436593.7611985792 443308.2880229801 174947.5471911669 40772.44312516725 41766.91180362966 4333.201722807514 23462.575189468065 9044.667243146296 5793.050580616352 44793.21080632421 0.0 0.0 0.0 0.0 0.0 1037.8796715337533 0.0 0.0 0.0 0.0 0.0 2180.2296975763925 218390.3090577784 1288116.4497424196 535606.6176053513 -9999.0 -9999.0 -9999.0 -9999.0 -9999.0 -9999.0 -9999.0 -9999.0 -9999.0 -9999.0 -9999.0 -9999.0 -9999.0 -9999.0 -9999.0 -9999.0 -9999.0 -9999.0 -9999.0 -9999.0 -9999.0
182456.609883638 230247.45176819066 234391.93894426004 60098.306782784006 47162.248001741726 0.0 31205.927376869815 86369.88349423815 87606.04759187912 109053.67271028785 110461.95154110248 53561.43009226172 159806.36689955578 475152.3245595418 220092.7713041184 177248.39672282958 477311.0395190441 395454.73163975734 33034.58445535184 65155.27174505986 46054.51064587607 10018.599808648712 31684.3540631733 62.45660869453622 0.0 0.0 0.0 0.0 0.0 0.0 75723.53585029484 37951.60361227122 0.0 0.0 0.0 9.086070257473849e-40 10564.88803192597 477291.98713621515 244920.38776977293 770575.6171583374 -9999.0 -9999.0 -9999.0 -9999.0 -9999.0 -9999.0 -9999.0 -9999.0 -9999.0 -9999.0 -9999.0 -9999.0 -9999.0 -9999.0 -9999.0 -9999.0 -9999.0 -9999.0 -9999.0 -9999.0 -9999.0 -9999.0
157151.19099841666 160334.195456556 124808.47995074833 32194.58456718925 15055.252463731158 0.0 82142.6244216171 118640.28932499715 160387.98737138428 98744.57294588155 59370.45956765671 71197.5647012255 166141.29718243616 513046.16648504394 363575.4866797084 258309.0628535808 155368.58114465987 463400.2419205745 49714.86013706731 12617.723671143463 66169.11564280068 53832.183651097395 87844.17989226454 0.0010202012885910964 0.0 0.0 0.0 0.0 0.0 124074.42418503854 75752.07456863749 3834.273986089718 277.2153964402234 2094.3718677213274 11.872404696996567 89832.50275325861 56804.018799665406 289852.77550897683 271873.71675386804 -9999.0 -9999.0 -9999.0 -9999.0 -9999.0 -9999.0 -9999.0 -9999.0 -9999.0 -9999.0 -9999.0 -9999.0 -9999.0 -9999.0 -9999.0 -9999.0 -9999.0 -9999.0 -9999.0 -9999.0 -9999.0 -9999.0 -9999.0
81056.03937843346 110443.94189169271 82114.78100863351 79971.6019168774 0.0 0.0 41709.48091055284 86911.57031508232 130288.80249936222 125408.09286524773 104101.12894924346 70832.71456839304 94467.51659976266 605420.3668098823 572825.79177789 503264.39463283936 474324.6568239578 425168.5972438576 206985.45789721218 159144.43590986813 107481.25025897955 115485.42297110723 6582.566651111477 227397.17842793517 159081.46581457334 0.0 0.0 0.0 24880.33893902754 0.0 32242.79634318532 133673.39834707373 8029.513384170434 0.0 26997.66555691962 8943.340736393217 437954.11762070056 376483.6314610469 -9999.0 -9999.0 -9999.0 -9999.0 -9999.0 -9999.0 -9999.0 -9999.0 -9999.0 -9999.0 -9999.0 -9999.0 -9999.0 -9999.0 -9999.0 -9999.0 -9999.0 -9999.0 -9999.0 -9999.0 -9999.0 -9999.0 -9999.0 -9999.0
65045.36949432691 82057.93839048677 42878.22112621413 13759.773733260361 0.0 0.0 21439.759495186056 40024.479369588444 96039.50783456174 309006.3777430382 93784.04344022163 102137.44590596258 231098.45936568707 598486.9182821027 531475.9500437897 561552.2884161125 529501.6575256382 593274.1444053913 258679.89759448974 112306.50418344379 149880.3046231465 145826.86077190028 238785.66449121668 190332.2259688441 63352.08439323798 124301.67434376018 42856.96367980468 59542.512297814326 185202.7375454289 0.0 0.0 473651.05350968224 117706.80461573621 0.0 113411.99391546853 234657.00170728102 558191.6579687876 0.0 -9999.0 -9999.0 -9999.0 -9999.0 -9999.0 -9999.0 -9999.0 -9999.0 -9999.0 -9999.0 -9999.0 -9999.0 -9999.0 -9999.0 -9999.0 -9999.0 -9999.0 -9999.0 -9999.0 -9999.0 -9999.0 -9999.0 -9999.0 -9999.0
60801.60869164217 58316.557418158925 12224.392854787571 13009.881741020954 0.0 24923.08778963648 13970.102373907228 59692.65653671513 106212.0382459652 190100.84906023293 150300.6948070418 157551.2047863025 483665.13639999484 510621.773616755 256488.58259288792 436909.7972087314 554131.9923309658 588907.0756393159 383383.95267285564 220261.3810974733 166861.5277490001 189368.06058896644 267931.5310309253 69552.75261741986 317367.7706466149 194511.63547067007 141485.68829480105 125377.66256478106 421367.8479624058 0.0 0.0 250089.09921199016 166729.92190467336 185644.57776523315 495674.4245610921 65485.46267684164 179777.11132005355 -9999.0 -9999.0 -9999.0 -9999.0 -9999.0 -9999.0 -9999.0 -9999.0 -9999.0 -9999.0 -9999.0 -9999.0 -9999.0 -9999.0 -9999.0 -9999.0 -9999.0 -9999.0 -9999.0 -9999.0 -9999.0 -9999.0 -9999.0 -9999.0 -9999.0
244753.75461481756 13640.303817341626 30912.24630020366 13772.426875325105 0.0 0.0 43607.483474173656 80441.47786664059 135804.84942568094 392945.49211984087 126566.34165620086 371210.63723570446 527475.4957740618 579968.0335051325 460243.25205189426 249306.60182853558 520958.2313371719 418889.46297786315 528646.3877336057 170551.43223306755 124114.0718233988 112017.2565938078 80683.71645362097 193858.75184213507 2815.9102464397406 583928.4273047831 0.0 225648.4514755398 340013.1538401646 162336.90951972327 78429.47713292387 100101.36775859426 65793.75095874716 201828.31411961798 130949.58643282397 198891.70984706114 -9999.0 -9999.0 -9999.0 -9999.0 -9999.0 -9999.0 -9999.0 -9999.0 -9999.0 -9999.0 -9999.0 -9999.0 -9999.0 -9999.0 -9999.0 -9999.0 -9999.0 -9999.0 -9999.0 -9999.0 -9999.0 -9999.0 -9999.0 -9999.0 -9999.0 -9999.0
75931.29321610478 80648.39473457569 17762.334780370027 63890.012542399716 193452.5184354186 97452.12204598793 118489.96906654125 294081.9518572126 373912.6821135788 374823.8091404951 284996.17203248 593033.985609725 651928.8851424 586526.6691173495 544370.4372166918 628708.14637771 478247.6387636469 542025.5322012362 672786.9843628735 466957.97852246993 120411.31058513446 128802.50246263912 77349.61261427992 519041.2264565307 750241.692996589 562776.4222787832 155645.58127005945 209840.2540409485 100675.89756041601 183490.6556114459 263707.9245914439 83018.01392736445 77886.28642431971 345840.3531326854 58844.83887778387 -9999.0 -9999.0 -9999.0 -9999.0 -9999.0 -9999.0 -9999.0 -9999.0 -9999.0 -9999.0 -9999.0 -9999.0 -9999.0 -9999.0 -9999.0 -9999.0 -9999.0 -9999.0 -9999.0 -9999.0 -9999.0 -9999.0 -9999.0 -9999.0 -9999.0 -9999.0 -9999.0
71920.0412578449 122884.43308259825 247413.96461049607 179053.80437550327 424031.6919459538 680721.6789957975 362065.2240484486 411290.6529066533 550843.1567524301 175787.01720200945 422720.16521768854 459265.60576988175 606339.9791390146 611757.9801351302 500270.1369838594 266736.77348106814 494487.38448691514 529075.8542533563 217863.52851608393 480571.9879662207 174759.58496362847 67843.00289550079 152214.5126100275 272817.51806890965 672110.7050758695 846724.3182393218 486265.7125566815 639505.9788182616 165737.3247149843 153554.11494250462 83845.37437741616 18304.491909839493 31302.62873738439 215009.1544859316 47352.62569992794 -9999.0 -9999.0 -9999.0 -9999.0 -9999.0 -9999.0 -9999.0 -9999.0 -9999.0 -9999.0 -9999.0 -9999.0 -9999.0 -9999.0 -9999.0 -9999.0 -9999.0 -9999.0 -9999.0 -9999.0 -9999.0 -9999.0 -9999.0 -9999.0 -9999.0 -9999.0 -9999.0
652560.7319997546 937339.6318784344 794698.0828887895 823368.6868977569 810428.7157368463 670666.7929734297 619177.1855513223 529091.1735311871 353555.9148364724 259752.43038364867 469486.3818983962 548966.2218964491 627571.9578878816 623961.601518508 554614.2788501612 410715.3448449942 417183.5655921125 589327.5397089049 228034.59131389993 343867.9815127981 185842.00647513854 165712.1875618452 417988.6843651644 533811.9662609716 534359.6793163052 446591.71419364243 621509.7687291487 355048.3530668536 163798.49499740909 111762.64816279609 234092.4551162247 99782.09600724539 0.0 115339.59799070627 6842.5669440148395 -9999.0 -9999.0 -9999.0 -9999.0 -9999.0 -9999.0 -9999.0 -9999.0 -9999.0 -9999.0 -9999.0 -9999.0 -9999.0 -9999.0 -9999.0 -9999.0 -9999.0 -9999.0 -9999.0 -9999.0 -9999.0 -9999.0 -9999.0 -9999.0 -9999.0 -9999.0 -9999.0
900478.8838456282 1331777.6826269417 891888.785037395 939696.1616890455 920121.3338157573 467211.15157386696 764144.6021038808 341073.1024976051 368869.37108846544 402064.9364281082 512106.6070742124 730641.4941102453 418318.56708670943 769636.0544918454 572053.4694363524 506329.7575450801 455615.42287354317 446011.87676366296 501091.1377022069 349799.8530644237 127429.91314781409 81344.28549314423 272917.8245392233 630445.5566073259 716560.9482369644 305967.85901031253 324992.072163403 397519.2396393373 743714.4846864057 561366.6762404618 276716.4321679394 47756.05794482731 208587.17436406118 131735.30776110385 -9999.0 -9999.0 -9999.0 -9999.0 -9999.0 -9999.0 -9999.0 -9999.0 -9999.0 -9999.0 -9999.0 -9999.0 -9999.0 -9999.0 -9999.0 -9999.0 -9999.0 -9999.0 -9999.0 -9999.0 -9999.0 -9999.0 -9999.0 -9999.0 -9999.0 -9999.0 -9999.0 -9999.0
479102.09259344306 642287.9111435602 748829.5299521079 567382.8147238538 433887.4429116265 490998.98409642745 626339.7701414805 366985.0352718248 400306.9187331239 481882.32175017823 520141.5087101588 762706.4324582451 796569.5181484608 747977.7471165197 415355.46484230406 515451.7045431072 507614.2398498728 604220.0028821806 316761.2604696974 82910.8913491394 267959.26459693786 261461.5411965944 140652.00032188828 558684.3088196212 443827.40526563907 482775.7544618094 253736.11701192716 229142.06409664455 311714.05814217415 449648.62605588837 49528.19496170416 176441.33343329953 241035.72402783818 154461.74821281215 5078.426892764232 -9999.0 -9999.0 -9999.0 -9999.0 -9999.0 -9999.0 -9999.0 -9999.0 -9999.0 -9999.0 -9999.0 -9999.0 -9999.0 -9999.0 -9999.0 -9999.0 -9999.0 -9999.0 -9999.0 -9999.0 -9999.0 -9999.0 -9999.0 -9999.0 -9999.0 -9999.0 -9999.0
646701.2293395525 427023.80183023034 386024.63036332023 587085.4191913983 652814.5389351628 616589.0659778256 576895.9241382868 687201.5155897702 577086.9665188721 697055.6401376972 550663.5829154645 507588.7096558449 742169.169577848 701808.4696598859 436118.8215132751 544822.6482053569 421847.5993418649 296145.31272229855 584891.5365577908 386935.43947197316 330584.28966474 363654.2960098691 440765.3028251792 532181.6284382014 617127.8847997718 632209.9561971885 300444.2752445526 273127.80890332075 190635.83348353358 43686.64621157779 0.0 207356.62951487623 263223.2374259167 166623.53235982943 20948.379796035144 -9999.0 -9999.0 -9999.0 -9999.0 -9999.0 -9999.0 -9999.0 -9999.0 -9999.0 -9999.0 -9999.0 -9999.0 -9999.0 -9999.0 -9999.0 -9999.0 -9999.0 -9999.0 -9999.0 -9999.0 -9999.0 -9999.0 -9999.0 -9999.0 -9999.0 -9999.0 -9999.0
250851.86972351084 395838.9732225495 518635.04098218906 424833.8019348785 785560.0957075681 717873.4416475277 795358.3773860416 813276.7278725378 970604.9607782662 1116833.6315109911 776731.0330667719 720747.7577940034 847482.6258292269 1007455.6569268437 846875.3270269386 467146.39958275144 1018332.5241271198 678507.3299891722 319194.5471689856 579668.6877428637 338875.8965713351 500270.79906696966 345434.2342206729 505623.8864293607 594606.8916458307 481345.0048125883 312168.0345926478 364687.02271137567 298693.8166297099 235749.15836910796 210137.3741521706 188629.67237964182 484556.0571823086 112786.88263332559 1842.8413439339336 -9999.0 -9999.0 -9999.0 -9999.0 -9999.0 -9999.0 -9999.0 -9999.0 -9999.0 -9999.0 -9999.0 -9999.0 -9999.0 -9999.0 -9999.0 -9999.0 -9999.0 -9999.0 -9999.0 -9999.0 -9999.0 -9999.0 -9999.0 -9999.0 -9999.0 -9999.0 -9999.0
275310.6032709129 598534.1365924955 479795.98513908614 757804.1179091552 850160.2148900026 762659.8831895723 827949.8165778725 774303.0709926066 1211836.9521039033 1380414.4071776795 1179600.985670475 765372.1465481009 971013.2856539625 786489.3334672219 975019.857371568 1036521.4848320177 996522.5528028556 781820.1953660686 646565.172241115 683632.7837625936 309537.5392457067 337716.722478666 445770.7985877876 451602.60607524315 649901.716572026 588867.7123009154 188084.0306702017 471901.2289740165 410863.80159862974 325128.59499580465 331194.5291423054 306242.6309785852 151180.719248937 101674.5679011736 -9999.0 -9999.0 -9999.0 -9999.0 -9999.0 -9999.0 -9999.0 -9999.0 -9999.0 -9999.0 -9999.0 -9999.0 -9999.0 -9999.0 -9999.0 -9999.0 -9999.0 -9999.0 -9999.0 -9999.0 -9999.0 -9999.0 -9999.0 -9999.0 -9999.0 -9999.0 -9999.0 -9999.0
314894.2428031346 457902.48398537294 539859.7031896834 505608.2695708939 486300.71667976445 740230.5509410884 965936.202588909 557265.9969799208 608245.7625806386 785150.2425948872 754884.4654171121 1009784.2160903084 826665.3869044048 804855.8473144773 821466.791848051 958319.9752358786 1138350.0779502292 798420.969013118 465687.69132586604 657625.5438870615 444558.4050312383 351348.1234486546 468881.5001565322 606732.378054853 599599.8401920608 449233.7148004733 369691.30470766785 401704.5345622969 197787.462976765 110409.33508413928 504199.449159301 155920.7577335919 188100.74126741468 38425.541898223164 -9999.0 -9999.0 -9999.0 -9999.0 -9999.0 -9999.0 -9999.0 -9999.0 -9999.0 -9999.0 -9999.0 -9999.0 -9999.0 -9999.0 -9999.0 -9999.0 -9999.0 -9999.0 -9999.0 -9999.0 -9999.0 -9999.0 -9999.0 -9999.0 -9999.0 -9999.0 -9999.0 -9999.0
118145.23512302921 385845.8061918801 666634.2957643246 834435.1608635796 843321.1488889658 756574.729746247 517801.78687535814 592795.897815958 581847.1267460837 729934.972994042 697625.1373243178 1058602.314915141 1214225.0687832835 1070073.7385694394 996202.4669832985 526762.1030147851 547895.4919783964 940241.9035107698 531316.157596469 464233.48469751625 528566.9178313643 451910.971603426 405470.47057645075 547589.9863178045 413455.5972382461 405752.9768481584 368864.544156519 443802.34895205864 200888.46113091143 453534.21356802335 449868.9422477347 624251.7949844002 172077.84371500165 43302.5973433148 -9999.0 -9999.0 -9999.0 -9999.0 -9999.0 -9999.0 -9999.0 -9999.0 -9999.0 -9999.0 -9999.0 -9999.0 -9999.0 -9999.0 -9999.0 -9999.0 -9999.0 -9999.0 -9999.0 -9999.0 -9999.0 -9999.0 -9999.0 -9999.0 -9999.0 -9999.0 -9999.0 -9999.0
370935.42897530476 305447.4291972053 1039221.9273078619 1040342.451699858 1058124.8511605584 517723.8894126309 629404.802948831 478644.9108471242 439934.9349080449 379494.11419701984 462671.06936469744 768622.9810222335 1126804.3414662392 933849.9372698123 731690.2904207665 831670.1756769842 896917.7306879681 743752.1222540931 649157.3763394315 488558.34022080526 532936.4386418265 418049.2896521971 467596.09809246525 669702.829664275 555201.2694004102 445533.09090560285 463455.1004035286 495981.75004308217 479810.21899029904 443266.43882417126 652206.8081202573 1111874.7341758085 20446.01857972928 -9999 -9999.0 -9999.0 -9999.0 -9999.0 -9999.0 -9999.0 -9999.0 -9999.0 -9999.0 -9999.0 -9999.0 -9999.0 -9999.0 -9999.0 -9999.0 -9999.0 -9999.0 -9999.0 -9999.0 -9999.0 -9999.0 -9999.0 -9999.0 -9999.0 -9999.0 -9999.0 -9999.0 -9999.0
318962.1931111239 393685.9566735764 1112308.992325291 1154557.8793087984 1009718.5246624821 748461.9565188686 774570.5104728913 388188.73769164254 461739.6592012853 525331.3646914242 541071.5808164439 392183.61905293755 807333.1752224489 849382.4505591044 757482.2632853633 921113.6628693268 920979.957682682 785847.7063837791 812493.9124641708 600656.8162411381 467454.51122094865 546887.2297413939 626546.0500805427 673582.2577601385 592558.2368337245 484097.3096633876 462984.3972925949 560211.0908284318 587870.0710469327 429557.32477469783 742165.2345151681 797817.3603800936 7925.8881545753 -9999.0 -9999.0 -9999.0 -9999.0 -9999.0 -9999.0 -9999.0 -9999.0 -9999.0 -9999.0 -9999.0 -9999.0 -9999.0 -9999.0 -9999.0 -9999.0 -9999.0 -9999.0 -9999.0 -9999.0 -9999.0 -9999.0 -9999.0 -9999.0 -9999.0 -9999.0 -9999.0 -9999.0 -9999.0
302602.19838042394 639185.670788834 730142.4087512809 1243371.610695845 869336.5039267344 932352.3211214584 722044.9454828858 625244.43655245 509217.7773830606 428087.9312702327 373106.16293699143 429842.8556319228 388687.38159564085 428770.90794366924 447379.01781868545 512219.1986643098 582270.2418242648 706638.3497912934 728355.6826210369 758027.2566000315 548983.2343045702 756923.9963470054 940814.3297222271 854452.172193096 590736.4923383085 572218.9208847261 444799.71816288907 722537.7363201672 597992.7803022054 563935.1455059829 699505.4455289363 595164.6037213252 10303.965390440993 -9999.0 -9999.0 -9999.0 -9999.0 -9999.0 -9999.0 -9999.0 -9999.0 -9999.0 -9999.0 -9999.0 -9999.0 -9999.0 -9999.0 -9999.0 -9999.0 -9999.0 -9999.0 -9999.0 -9999.0 -9999.0 -9999.0 -9999.0 -9999.0 -9999.0 -9999.0 -9999.0 -9999.0 -9999.0
182906.75945267672 500126.8323511919 850270.8209561601 864146.9000558468 810340.7585815747 556843.2838351219 763865.0322453617 765823.0195292021 613347.5075906789 609503.150553902 380617.40560654236 467169.2456448881 443658.9102368289 488445.9953194334 583894.12272308 606815.2126165745 779562.3948016786 643476.534343133 676955.7687360987 596873.1544484808 645942.9428621731 1040967.547523666 1137949.264841587 621347.5629416078 469894.93900032045 647044.5929167876 636924.2963709978 559608.5142226305 497029.4861958982 674715.8563792213 743742.7642027058 286394.9056920882 3411.716853665385 -9999.0 -9999.0 -9999.0 -9999.0 -9999.0 -9999.0 -9999.0 -9999.0 -9999.0 -9999.0 -9999.0 -9999.0 -9999.0 -9999.0 -9999.0 -9999.0 -9999.0 -9999.0 -9999.0 -9999.0 -9999.0 -9999.0 -9999.0 -9999.0 -9999.0 -9999.0 -9999.0 -9999.0 -9999.0
1018591.2176804548 720921.7445029872 456705.58398209163 593941.0674880693 496986.2296173711 904096.092453803 785318.7179977228 952799.5308589975 895821.7751467545 437128.9914668684 884298.3566331055 811724.524147173 377833.4627495549 1076639.1633718675 1023777.432155857 1381842.2076844787 1034335.7862784928 619287.3686244206 616923.4066325572 670185.7608903106 994908.2204047713 995899.3484215916 1175887.9680911219 947779.9489394248 202976.90285227637 625067.329252764 901047.3007408523 564609.1283450318 597269.9705507009 557706.9181916091 586720.7893810956 129026.430296834 -9999.0 -9999.0 -9999.0 -9999.0 -9999.0 -9999.0 -9999.0 -9999.0 -9999.0 -9999.0 -9999.0 -9999.0 -9999.0 -9999.0 -9999.0 -9999.0 -9999.0 -9999.0 -9999.0 -9999.0 -9999.0 -9999.0 -9999.0 -9999.0 -9999.0 -9999.0 -9999.0 -9999.0 -9999.0 -9999.0
893081.6779650742 647691.2878435984 798203.6857032126 415218.9200984391 935974.2183328967 788724.287516324 844117.5273114772 817523.1713866569 590398.261275533 847092.1354263771 659745.1723589931 832060.2627779908 946083.1921026942 1192642.7481946258 1659663.9055932397 1443691.2687588295 1216867.8328143684 785553.2333299192 1188923.438264511 818731.4154751196 627849.0143454456 1167358.0348813017 901856.9825207135 297321.4423082391 811686.9373087417 728727.336646085 771421.7659932523 601192.4326591076 690312.8981133843 715748.921651512 361529.30095815216 0.0 -9999.0 -9999.0 -9999.0 -9999.0 -9999.0 -9999.0 -9999.0 -9999.0 -9999.0 -9999.0 -9999.0 -9999.0 -9999.0 -9999.0 -9999.0 -9999.0 -9999.0 -9999.0 -9999.0 -9999.0 -9999.0 -9999.0 -9999.0 -9999.0 -9999.0 -9999.0 -9999.0 -9999.0 -9999.0 -9999.0
604272.9866194826 1149634.9117403596 1029488.3398249914 839090.6729320338 960920.0042210734 843378.2041229525 989163.3468880905 746838.656257432 439344.17204750795 575907.9895425178 736219.0949723648 981367.2275100704 839271.8586644982 1016429.1971045156 1160374.1767159104 1475242.785499959 1239530.0270491545 791356.6162809712 922516.3255341599 1053274.530224061 1093891.2490728118 1166770.1072441873 975753.1525358809 850247.8201695209 797872.0113701766 763508.0911840771 840528.3669167005 796605.2534509487 760965.0991294737 619993.5984379502 73070.32198244102 -9999.0 -9999.0 -9999.0 -9999.0 -9999.0 -9999.0 -9999.0 -9999.0 -9999.0 -9999.0 -9999.0 -9999.0 -9999.0 -9999.0 -9999.0 -9999.0 -9999.0 -9999.0 -9999.0 -9999.0 -9999.0 -9999.0 -9999.0 -9999.0 -9999.0 -9999.0 -9999.0 -9999.0 -9999.0 -9999.0 -9999.0
963263.1142282404 1314977.3345730097 1288727.4233433104 1192923.58069297 733166.2851289258 560022.0157041205 511461.7854374834 615611.7467067708 605249.5000269882 552913.3930580668 742169.2491525987 674477.6262698577 828021.2744396166 792450.2584879054 875443.9966924884 1124506.0694781898 926354.7815369396 887853.6927405873 1033893.9701547772 800416.1184301275 831748.8500902558 778859.5710970452 203014.5774305941 574123.2591487817 632142.6469550976 744010.6486783637 715606.1113526488 642467.4666613017 528851.7771593282 304646.3981104935 -9999.0 -9999.0 -9999.0 -9999.0 -9999.0 -9999.0 -9999.0 -9999.0 -9999.0 -9999.0 -9999.0 -9999.0 -9999.0 -9999.0 -9999.0 -9999.0 -9999.0 -9999.0 -9999.0 -9999.0 -9999.0 -9999.0 -9999.0 -9999.0 -9999.0 -9999.0 -9999.0 -9999.0 -9999.0 -9999.0 -9999.0 -9999.0
