critload/trunk/output/1999/nload_var_nat.asc
ncols 720
nrows 360
xllcorner -180
yllcorner -90
cellsize 0.5
NODATA_value -9999
[rows 52 to 77 of 360, columns 174 to 231 of 720]
4778.0789958952255 4201.553049956036 3457.4343687246724 2927.637727151181 3287.1187815358703 1779.5095035119289 71.79269064364838 -9999 -9999.0 -9999.0 -9999.0 778.2779040761419 3243.123457537489 3720.5254182210156 3021.031830091349 6556.9601892542205 6230.623513360685 4760.016961435791 2438.113168375286 105.13777166562863 -9999 4875.356580713044 5590.300054676319 11790.50494964659 8929.014930398158 895.7777104674722 -9999.0 -9999.0 -9999.0 -9999 -9999.0 3005.8002858760183 1891.9988011641158 -9999.0 -9999.0 -9999.0 -9999.0 -9999.0 -9999.0 -9999.0 815.4518209023191 4237.631342012359 5624.78036456785 10670.964360855658 9813.12370887781 11789.683240278797 13033.941658984993 13188.237465882172 7693.989072053359 8865.113868704746 9604.803602317828 15144.886074943875 13535.398250237735 12412.962995288372 11767.64345499897 11069.874603128941 7656.15902435767 1012.0606276684332
3891.6208055286615 5823.865754314695 7231.2959245707925 6784.444612387819 2123.7978119268023 -9999 -9999.0 -9999.0 -9999.0 -9999.0 -9999.0 -9999.0 -9999.0 -9999.0 1299.8002760581107 4402.695449437514 2788.5551684974434 -9999.0 -9999.0 -9999.0 -9999.0 -9999.0 -9999.0 -9999.0 102.49776210098356 -9999.0 -9999.0 -9999.0 -9999.0 6016.4530437708745 9247.82471486583 299.9495687363629 1708.913850338309 -9999.0 -9999.0 -9999.0 -9999.0 -9999.0 -9999.0 -9999.0 -9999.0 -9999.0 3451.857815180212 9730.556143662354 9299.661916804947 11190.372375903917 11897.83734579901 13060.732858533793 14465.434303182752 8328.824799280457 3060.272226143772 4139.662232504967 10286.060830343515 14113.919170051257 16973.60375020247 13323.876200220213 5471.619119286283 1015.4496152536863
4959.908941905038 3243.4130814992027 2949.7645982838676 2417.3030487934125 352.69357843432414 -9999.0 -9999.0 -9999.0 -9999.0 -9999.0 -9999.0 -9999.0 -9999.0 -9999.0 -9999.0 -9999.0 -9999.0 -9999.0 1143.0465898799866 5067.886636779545 5094.822981668758 5049.486266568358 383.5664415485676 -9999.0 -9999.0 -9999.0 -9999.0 -9999.0 -9999.0 -9999.0 627.715471681096 1758.7882306638107 -9999.0 -9999.0 -9999.0 -9999.0 -9999.0 1421.4617383353004 -9999.0 -9999.0 -9999.0 -9999.0 -9999.0 -9999 5097.843098833591 5388.17044823631 4986.229060812651 10610.727737792602 15082.088085402218 15036.122673883485 14534.508997438332 7090.809166139371 732.9186020677305 -9999.0 3002.951369439603 7141.995096739288 3109.37605159897 87.51765495868543
2195.846459981182 -9999.0 -9999.0 -9999.0 -9999.0 -9999.0 -9999.0 -9999.0 -9999.0 -9999.0 -9999.0 -9999.0 -9999.0 -9999.0 -9999.0 -9999.0 -9999.0 -9999.0 2695.485311093034 3769.235062819437 2224.9768375681765 -9999.0 -9999.0 -9999.0 -9999.0 1918.064467035046 7288.482264785146 2374.435776801337 -9999.0 3202.343066040089 16895.582770253375 21952.693827729294 22056.556660325747 17927.19768620401 11165.326757193427 10799.927786565 6514.84359457262 10250.522845846845 14999.012445815992 9381.683365060928 2913.1190294160324 -9999.0 -9999.0 -9999.0 -9999.0 -9999.0 -9999.0 750.0099159899621 4138.300827882082 6109.965075379971 8322.572948773064 12166.684728764569 11224.026059809163 8295.415358561371 -9999.0 -9999.0 3080.313683264259 317.5148591907905
-9999 -9999.0 -9999.0 -9999.0 -9999.0 -9999.0 -9999.0 -9999.0 -9999.0 -9999.0 -9999.0 -9999.0 -9999.0 -9999.0 -9999.0 -9999.0 -9999.0 -9999.0 -9999.0 -9999.0 -9999.0 -9999.0 -9999.0 -9999.0 -9999.0 1907.897643644029 6018.223398540934 179.02418905635685 -9999.0 827.1186410882304 12114.755307227146 21060.828926425995 22473.01943062475 24306.188797776813 19586.35066572782 23738.641032952957 20537.420361846565 23064.287977493976 21984.06859198094 22988.119353896684 18336.027412539275 10583.254262647235 3317.0111403163196 -9999.0 -9999.0 -9999.0 -9999.0 -9999.0 -9999.0 -9999.0 -9999.0 -9999.0 608.2606241451035 3926.44769482648 -9999 5435.537520641822 3186.5448478577364 -9999.0
-9999.0 -9999.0 -9999.0 -9999.0 -9999.0 -9999.0 -9999.0 -9999.0 -9999.0 -9999.0 -9999.0 -9999.0 -9999.0 -9999.0 -9999.0 -9999.0 -9999.0 -9999.0 -9999.0 -9999.0 -9999.0 -9999.0 -9999.0 -9999.0 -9999.0 -9999.0 -9999.0 -9999.0 -9999.0 -9999.0 8300.142475932178 23141.171545237015 23138.14471825722 22331.68976566927 18718.63116815068 20163.654463629166 18600.777293521376 18330.008343486425 19952.983223535506 19008.20086279735 21402.138713774508 21559.82991838086 11620.771444050755 4988.093160189248 2156.4638479586674 1475.591062136839 535.3397047092618 -9999.0 -9999.0 -9999.0 -9999.0 -9999.0 -9999.0 -9999.0 -9999.0 890.8450307618643 3294.723028067867 -9999.0
-9999.0 -9999.0 -9999.0 -9999.0 -9999.0 -9999.0 -9999.0 -9999.0 -9999.0 -9999.0 -9999.0 -9999.0 -9999.0 -9999.0 -9999.0 -9999.0 -9999.0 -9999.0 -9999.0 -9999.0 -9999.0 -9999.0 -9999.0 -9999.0 -9999.0 -9999.0 -9999.0 -9999.0 -9999.0 1680.6438960507576 9661.953974206352 19270.639843307163 19970.562996087676 16929.946714929618 16287.147957841618 16672.722250193154 17698.958249984244 16493.58761486594 14307.74044828406 14889.444827322812 17354.00249582824 16724.182012008263 17971.476743787473 18062.688786601917 17678.745637954373 16644.514584266748 9393.782821251589 987.9218968928471 -9999.0 906.5980034527336 188.5137186880018 -9999.0 -9999.0 -9999.0 -9999.0 -9999.0 -9999.0 -9999.0
-9999.0 -9999.0 -9999.0 -9999.0 -9999.0 -9999.0 -9999.0 -9999.0 -9999.0 -9999.0 -9999.0 -9999.0 -9999.0 -9999.0 -9999.0 -9999.0 -9999.0 -9999.0 -9999.0 -9999.0 -9999.0 -9999.0 -9999.0 -9999.0 -9999.0 -9999.0 -9999.0 -9999.0 -9999.0 -9999.0 1578.72096045369 13156.452733024034 20440.499259037628 19011.25292929789 17876.75024306157 14402.135581665103 17884.549905767817 19075.616539403596 15208.689555342626 18337.135557778893 19894.54198041483 20460.044202518475 20042.330751562833 20325.086763184132 17270.95483249958 17309.855707086568 9296.308733539 -9999.0 -9999.0 5432.040577728853 1947.2970142730996 -9999.0 -9999.0 -9999.0 -9999.0 228.7487760316684 17176.80274324368 2178.9015862691567
-9999.0 -9999.0 -9999.0 -9999.0 -9999.0 -9999.0 -9999.0 -9999.0 -9999.0 -9999.0 -9999.0 -9999.0 -9999.0 -9999.0 -9999.0 -9999.0 -9999.0 -9999.0 -9999.0 -9999.0 -9999.0 -9999.0 -9999.0 -9999.0 -9999.0 486.3150617143916 -9999.0 -9999.0 -9999.0 -9999.0 1925.629728814189 14484.655216129997 20578.58522323324 21391.189444433632 21329.307791769304 18619.270708474964 18058.287226608787 21607.059768005038 19184.82442539081 20101.942625706026 21157.08086597449 22486.039172894743 19959.426351509912 21494.74800605128 20501.29614157779 19419.574090677146 11504.048648582851 -9999.0 -9999.0 -9999.0 -9999.0 -9999.0 -9999.0 -9999.0 -9999 14280.403819866908 39129.39457278297 23658.756573095205
-9999.0 -9999.0 -9999.0 -9999.0 -9999.0 -9999.0 -9999.0 -9999.0 -9999.0 -9999.0 -9999.0 -9999.0 -9999.0 -9999.0 -9999.0 -9999.0 -9999.0 -9999.0 -9999.0 -9999.0 -9999.0 -9999.0 -9999.0 -9999.0 -9999.0 -9999.0 -9999.0 -9999.0 -9999 2206.789923027035 12661.450214920997 20979.04955319976 18599.76051362485 20653.348429014237 19527.881781375614 16368.599570467803 22122.050715411176 20503.50665193217 19287.05214625097 22836.971033365488 22347.196330533505 22175.833061936035 21574.64771469514 23198.862352336546 23883.832219399446 23157.527134014203 19561.75243235482 4666.254601258239 -9999.0 -9999.0 -9999.0 -9999.0 -9999.0 -9999.0 3133.333458922306 30366.008145692504 45453.13997885321 45229.03874610364
-9999.0 -9999.0 -9999.0 -9999.0 -9999.0 -9999.0 -9999.0 -9999.0 -9999.0 -9999.0 -9999.0 -9999.0 -9999.0 -9999.0 -9999.0 -9999.0 -9999.0 -9999.0 -9999.0 -9999.0 -9999.0 -9999.0 -9999.0 -9999.0 -9999.0 -9999.0 -9999.0 -9999.0 367.7334640363486 15545.471654004401 18545.997205763408 19614.08263280008 20750.033521373178 18792.350407433703 23792.382667073565 22344.267545474395 27708.012567405873 26318.4472745339 30318.31043687541 27296.72721243576 25751.38014578648 26000.72916871523 23681.414268305634 28017.736324638372 28787.867031936814 24625.581940206244 11839.355759544615 15785.603178906422 17516.318168645306 5386.370962036702 -9999.0 -9999.0 2353.442027670004 13000.334229241354 19931.236720499986 36771.98923732777 49947.84907950877 55501.375518323905
386.54163547295536 -9999.0 -9999.0 -9999.0 -9999.0 -9999.0 -9999.0 -9999.0 -9999.0 -9999.0 -9999.0 -9999.0 -9999.0 -9999.0 -9999.0 -9999.0 -9999.0 -9999.0 -9999.0 -9999.0 -9999.0 -9999.0 -9999.0 -9999.0 -9999.0 -9999.0 -9999.0 -9999.0 -9999.0 1011.8637889040873 6277.110478207633 17879.069933781146 23720.824740883723 22536.135929228116 25281.222760684366 24825.823747335882 27817.895942785584 29991.297360575278 29951.373235117957 27363.307935091038 26880.318137670318 25247.636185327774 28806.12079726084 30086.763382891648 29484.82949089998 29816.74216588738 24323.27191571056 24442.700666969427 21278.676255427345 11534.307759477071 7578.380899545014 9486.941963544357 24320.146797731188 27833.64356705075 31959.389847737777 41294.80294255117 53862.07006458141 55279.08751489677
3577.814003985702 -9999.0 -9999.0 -9999.0 -9999.0 -9999.0 -9999.0 -9999.0 -9999.0 -9999.0 -9999.0 -9999.0 -9999.0 -9999.0 -9999.0 -9999.0 -9999.0 -9999.0 -9999.0 -9999.0 -9999.0 -9999.0 -9999.0 -9999.0 -9999.0 -9999.0 -9999.0 -9999.0 -9999.0 -9999.0 -9999.0 430.65274792033085 19454.941904082636 27305.680102505023 28684.580401450145 25875.473164803312 32666.086948306365 29238.95556884407 28731.90912882395 28050.71698975117 30047.16862625424 31318.368527330913 31142.389756368953 32514.416931250285 34117.26019432945 33759.5869696522 38971.87763019977 25039.4622351792 21706.600415650435 20831.24191849976 18945.37562019409 21566.942407701554 23576.796074361013 41282.69576950164 40099.831364483274 47421.35813369661 53777.70821089552 54348.74580094171
5387.446012092513 295.51390676384597 565.4788390933842 1013.1248146067132 1202.53838901471 684.3962818738098 -9999.0 -9999.0 -9999.0 -9999.0 -9999.0 -9999.0 -9999.0 -9999.0 -9999.0 -9999.0 -9999.0 -9999.0 -9999.0 -9999.0 -9999.0 -9999.0 -9999.0 -9999.0 -9999.0 -9999.0 -9999.0 -9999.0 -9999.0 -9999.0 -9999.0 -9999.0 3817.038183689687 24310.649646913484 26602.840695467996 26893.859266241554 26297.129701412272 31213.480246713763 31119.315034982472 32273.49785491049 37734.646851900536 36931.971746712734 38030.29547420237 41003.237009279146 42743.12747281542 40884.38391520871 25911.262129488478 25620.82228679804 24498.457751993843 22489.67327110645 25065.5536475472 26330.642189652724 26437.886550490948 28184.134882737686 46886.24256820578 46723.6537164629 55672.07121795427 53892.96844479689
2381.4960631790213 8279.944223046301 7229.050553634067 4817.4195424835725 5285.766238026027 5277.751513312309 6021.5985335208425 4857.3155928719725 1957.0803282816264 341.4752059049167 -9999.0 -9999.0 -9999.0 -9999.0 -9999.0 -9999.0 -9999.0 -9999.0 -9999.0 -9999.0 -9999.0 -9999.0 -9999.0 -9999.0 -9999.0 -9999.0 751.565048466331 562.4808203392181 -9999.0 -9999.0 -9999.0 -9999.0 -9999.0 26139.57035140921 31443.82313114489 31382.60488732119 31883.008063895875 35317.90592167302 38818.04569054847 33842.98544143996 35426.13155698953 37292.16153143768 25690.218266795844 41118.25242711594 40718.23071262267 27532.269209604325 26952.915634236855 31180.387902035916 28324.060302924954 28992.432913576326 29382.720266765205 12946.15602642212 16737.567398602885 16934.36868855493 53645.57186242623 48952.623445177924 50721.12075727986 50212.94669515087
3992.844668246398 3033.672827889213 2904.642957262027 3337.6515154363497 9289.589722846616 8637.069519693328 7517.580338892672 5851.6300099541595 6131.464972099608 8077.095155308175 2096.3392393390727 -9999.0 -9999.0 -9999.0 -9999.0 -9999.0 -9999.0 -9999.0 -9999.0 -9999.0 -9999.0 -9999.0 -9999.0 -9999.0 -9999.0 -9999.0 2412.0971202086803 4980.951836919581 3918.773726793404 -9999.0 -9999.0 -9999.0 1720.507973660795 13289.686847452878 33012.51823065691 33396.64848114446 25434.074600442495 23995.776304197105 38347.04771064429 39330.11969090014 26467.821417297215 27373.19727185508 25077.612463882488 24804.640719252195 27220.688847014226 26577.05582437274 29783.04965705418 30711.12262360502 32092.047637639917 28553.628805322845 24355.988353272354 16001.952210482037 17279.238560589776 17894.58063984634 11720.151518373277 38033.309843902134 60496.08566347743 45179.02896237572
3194.1747817553055 3563.229219593304 4006.4804293084226 4383.544194517638 4185.4517997423745 4027.5094983009426 3989.009248008236 8851.554936639643 9980.60228135034 15160.590763704377 8896.19156440213 7173.767948852766 5164.630319474488 2639.54522907797 809.9228586924988 -9999.0 -9999.0 -9999.0 -9999.0 -9999.0 -9999.0 -9999.0 -9999.0 -9999.0 -9999.0 -9999.0 1075.3218607682215 138.33720658854529 -9999.0 -9999.0 -9999.0 2284.9112323893773 30036.55460876998 39290.89880122807 27114.45094201017 26605.236038439853 24959.71269420364 23907.636571708845 23881.495743503914 24964.36771915109 28068.381839197315 27531.497329608323 26842.641312486125 27631.203014151855 29238.90637225811 29995.94888795094 35211.99775082839 37522.576420165016 37568.96762592518 33604.40489721728 30988.578511358028 30749.966018615807 12980.78752079674 22439.68262201163 19778.7153203288 42888.00628655847 41850.26707621344 37384.60088274514
6798.459651818444 11556.215841200286 5143.658671746489 4318.943011535668 4925.633860025651 5294.647679662631 5461.546130470518 5037.087173633612 4620.9297468782315 4466.387866994786 7363.671088064265 10003.663133377244 7205.919359360629 8339.057098674197 7127.87129234116 3040.08545740014 2177.7668939530918 2682.193922289407 2760.972545695647 1442.1721485340388 1496.0128907705835 319.1882498867621 -9999.0 -9999.0 -9999.0 -9999.0 -9999.0 -9999.0 -9999.0 2740.611451021507 13892.760281210325 19644.493526186016 21861.68587222597 22073.550422231434 23730.348791715223 23088.780750621787 25194.366325291714 24367.5802254905 24420.12505472331 20950.10690188605 16542.69665679956 23208.36310300179 23581.59228361481 22592.02715024637 24237.621974000413 37171.352381327364 34161.169454264505 37714.594620571974 40705.43361821736 40552.787193729266 35620.85624555022 35415.91064367754 40143.22296184168 40058.40540640267 20129.55632819294 40115.631332342025 37641.93428814135 32234.31949623736
19462.486243646585 27620.146687075172 16054.017103104517 14613.674380487457 14472.639407552622 5852.136071045992 6222.093180221299 7015.8268119543 7802.691867454105 6665.600921762197 8584.356020388715 7840.458428952902 4728.877986621567 4862.313807126602 5790.604163053893 4487.7148230300745 4891.957181673736 11108.77531764435 8670.431569219129 9275.318137869475 9309.263463838448 1745.4433312777114 -9999.0 -9999.0 -9999.0 -9999.0 1135.19101106586 9599.432394249576 13025.132962063171 13477.318495028505 18221.977628531135 19797.30372629905 22233.82261804372 21479.889187338566 23952.91956323715 20852.796552911048 23101.5829483225 23747.60990237864 26140.13618070411 24254.03761178304 24021.092855458985 26523.443076714517 27248.242754448525 24247.141618762085 26908.30954530041 12894.481476676568 12666.57534664246 13587.52564839077 39539.493164221734 41990.76689008359 41183.84532565484 44913.33462053616 37140.84556174348 37346.67312950568 44242.20767299789 44374.651328431246 43388.3483823988 43257.55836218855
19757.73492840552 23129.766586204107 24105.403000207723 24942.766860031647 23782.18333074333 19298.59787991315 12670.478340451917 12634.508416159813 9771.84413785487 9331.273656601967 6175.345402985874 6814.779938346053 6900.320995200234 6833.971661403878 6521.142036150704 4019.636371315109 5517.054318623103 4709.421736876699 5474.655964467448 5129.428838441908 4658.833811677518 1211.702119687009 -9999.0 -9999 -9999.0 -9999.0 -9999 9166.254621826936 16264.458883312092 17461.331595801254 17532.063796957536 18429.825122160535 19506.996859894127 15162.452826378967 18604.094526697398 18683.92062124347 21623.83144061509 23223.163063623673 24828.68130257504 22888.106247558288 28937.87942629885 22776.697877566243 27110.819148697406 24950.54508900738 30575.95991122571 26134.227149298156 8844.196131243996 17748.072032519274 19623.59390025858 44826.94606068359 51783.33283746368 44641.430945086846 48900.41815791536 40413.83836379185 41600.23412365047 35376.09859095194 36527.54246376248 22053.24357976693
29261.195415541566 11895.679313402634 12318.291283465403 31565.44011722257 21588.085026699388 10326.94804619829 7409.523050552816 10990.026687214136 12607.674818568345 11871.309221739539 13356.366860564742 10841.945111320672 9439.391931616674 18635.806162749148 15291.076198200213 19366.113304704973 16213.717085685295 12814.23487745053 6043.79077587728 6034.97094555677 5304.887668832002 2646.1444323506144 -9999.0 -9999.0 -9999.0 -9999.0 -9999.0 1290.3774123607463 6855.779244938339 16098.521229982609 17522.7008920945 10830.386370347851 10147.593303053518 16593.945725265323 11072.617596104676 12494.097710578892 17436.603052974206 22503.11439533562 24388.785281625045 18863.478574102617 27742.285258180764 33308.88931573106 36086.63211381877 36489.6645762266 34739.62263481403 34652.164906617516 32765.78312009571 37208.45593055885 39579.17481464159 56537.39157016918 51102.21085701244 48642.917167157684 48463.270605914804 45681.09629202536 44906.33851725732 32425.91095215697 36527.41344679984 43819.99584265732
7116.1288687377155 9819.509595608499 8932.803505955117 11026.74181814779 6648.726987293974 14233.683691740287 15015.914336111322 14666.512765575782 10129.482808758323 10659.29812665515 8221.744096486313 20590.34852183624 17139.88848869239 16589.28472475299 15430.958085201264 14672.0012779964 6588.505517854192 13648.00403050824 13352.304047620792 13731.123639339177 4275.103511860908 2507.530504468378 1840.9529114414286 1554.6408850810672 159.29247175677867 743.332957109546 -9999.0 191.57053072609946 5229.545209855859 6573.226524365557 7850.106733501879 17478.808333839876 16516.737706428103 21176.525916822393 20286.052133039862 22728.937262763975 19358.141805837862 21219.68334057271 22507.83133047034 24476.640385834256 26722.19955084509 32417.635331412508 34880.4150560725 38550.89457080294 37416.54757940303 37819.27558745828 37789.63667974256 44232.276310807574 47643.63605601654 54825.31834934571 67825.23234925608 55196.10992280767 41316.93110774376 43783.29892265315 45620.175356296066 47844.14892074827 47940.12921757266 54355.25687679638
4933.695069682239 2792.682571637349 16373.811945702972 13309.51476422566 8384.39640060153 8467.012168693416 11920.629784201285 8653.404419914932 9052.345624727988 12931.87417842619 15028.506093108317 15030.434323921616 18564.614863433515 7783.39107563613 7226.924697029963 7145.050128657367 6439.211042222629 16623.181913746685 15499.688291453625 15444.607725834454 4592.247182880848 12349.303779042879 1830.8005853762338 2569.226912729803 2115.1499603364164 -9999.0 -9999.0 -9999.0 3076.6103733282007 8165.750781506359 8282.883551649551 8940.210631908134 10313.02618988102 21754.546952735916 26249.305927453035 28406.441561926666 29259.177255805756 30428.52915984785 33013.409103308615 34698.00300107222 36743.05845295377 38326.040446573184 45517.986805127795 43873.174969344174 38425.01304781252 43670.744219699736 46969.21222329862 48392.41044862264 51025.50071645581 54928.92741167625 52648.85316485201 49269.96224912117 44025.58122799042 35660.332687446775 42221.549075813055 37606.80207902169 49211.10931784705 56175.334634909246
7305.531817093464 6005.511023369554 9974.762389700663 11925.104304367725 12126.176985831224 10727.43866977802 12616.073858644426 18178.781979150932 12164.256570734067 12641.212983327754 11886.557568673594 15611.379199054321 15024.714395886493 7651.205448691911 7339.742903307589 5350.0402878440145 3105.2137925070674 2398.0608096307183 2073.191188311084 6451.418359172807 6414.914820106232 4916.073597230619 5372.134937263782 714.2933225210141 -9999.0 -9999 -9999.0 530.4181309311006 807.8489462235931 6743.489470526469 6624.882734320974 6585.991793093952 9926.91250414101 23624.967108269146 23203.640052388764 12443.645991328283 29862.710651462836 27502.414974625928 25712.362687717075 34432.63772709938 15585.316782155482 40640.31336194574 44159.497720792126 43768.43622699247 47652.13092403318 41353.95086361111 45714.048775774936 47054.31544395555 53820.83841251062 58589.73176176351 53948.583858382815 51462.37002983548 42552.70392624839 41373.548981488704 40800.05026743061 50778.41482920931 59859.609553705224 57073.81574717592
15688.048869578251 9003.433245280205 6607.856602608493 13481.33084385568 12577.182644584007 17598.56922268703 19671.398987962082 17366.40074242124 17154.27375117849 14191.10108442987 12853.576261327951 8272.293240431474 3249.0736598473613 11387.072130608209 8942.326322386587 9069.810483504833 3747.1641957311413 3343.833491614247 2809.572216666358 3091.9447049220375 5730.298555988417 5985.923406496421 6790.557267331855 7411.636054799471 8349.530179980766 -9999.0 350.49965190551546 1111.0226763766627 5178.798579466589 9340.620834942589 9137.041356440004 8394.452692801826 20955.367288435533 20962.21517969358 16901.744206648633 16145.432769846157 19285.15963989132 26112.554958700224 30258.32850545541 31692.32411779778 28429.099752204893 35102.863249071204 39051.547862215164 37630.81799293176 40185.9978097674 38660.837388999484 44307.56671703725 45660.57241591932 44636.02916024566 52647.548515066905 61857.288028791525 60485.12044550991 51382.25496892178 48984.259076706076 42387.046107018454 48852.413037806764 68176.55015138203 68549.78112815839
6752.524692269437 9360.936859636542 8328.96797381072 11197.010606130778 9607.786390051782 15016.476394398795 22683.563275344753 22556.06094950524 20598.18364606771 18549.797457198216 20296.71339267981 17016.45733505935 15899.595198674831 3068.8417680230514 10712.880186927196 11825.147176056718 4048.095412615128 3454.0988783494154 4102.583781227348 9517.490293447534 9225.178364619253 9744.760714151564 8747.49694115558 15524.38480286619 10326.528717671998 5028.3024403742975 4710.782505705358 10704.437222119777 9022.2045299799 11988.833825636912 12941.325223919546 13854.631400246431 33758.176427131424 25075.514901910152 19857.16552039075 18912.004027721334 25074.592630605603 25253.243680474967 29530.19109209477 15200.094937255295 26828.50707932964 32060.53193154705 38664.42156339383 37151.156875151915 33456.38823321084 40867.494797871266 45212.02269054159 36112.89178352971 33424.389523901446 41660.95848396518 52120.104270694756 59587.32804183403 64860.23684177568 72035.83407006529 63868.4309741004 59047.40937446359 72383.92243628213 82172.35400883005
