critload/trunk/output/1999/nload_var_nat.asc
ncols 720
nrows 360
xllcorner -180
yllcorner -90
cellsize 0.5
NODATA_value -9999
[rows 52 to 77 of 360, columns 348 to 405 of 720]
-9999.0 -9999.0 -9999.0 -9999.0 -9999.0 -9999.0 -9999.0 -9999.0 -9999.0 -9999.0 -9999.0 -9999.0 -9999.0 -9999.0 -9999.0 -9999.0 -9999.0 -9999.0 -9999.0 -9999.0 -9999.0 -9999.0 -9999.0 -9999.0 -9999.0 -9999.0 -9999.0 -9999.0 8042.662191633421 58371.93994815342 17178.46696862553 32489.772831025726 73827.8745112615 61000.08351620996 54952.21269232588 86633.98529252196 79589.67656161304 57875.53326901119 48688.05461834489 33584.677621141804 16037.881759239379 5586.828731117574 3234.6501063138357 12788.79135060242 23938.021833960527 26319.554568919833 17466.774729415276 29888.3289074376 33069.19617019463 36638.83254588524 31083.437939871965 21146.74945843056 10914.497984403852 4922.743081020554 -9999.0 -9999.0 -9999.0 489.438751219
-9999.0 -9999.0 -9999.0 -9999.0 -9999.0 -9999.0 -9999.0 -9999.0 -9999.0 -9999.0 -9999.0 -9999.0 -9999.0 -9999.0 -9999.0 -9999.0 -9999.0 -9999.0 -9999.0 -9999.0 -9999.0 -9999.0 -9999.0 -9999.0 -9999.0 -9999.0 3352.141108234312 29085.628492167518 101537.01990169048 81405.7982649909 74081.8408037969 118392.38955511249 50272.17568683463 56782.738302453865 67611.35221234494 85343.23847851784 57135.91103891093 53214.164779937666 45210.72433762386 19450.255446643332 5840.797645064019 5161.14946965721 8329.803597201213 21324.21148705621 28187.844904134538 27820.21180176967 25722.513435403504 22786.94365788332 28356.464049568356 26837.07619268021 2206.2273545179123 159.33861105489686 -9999.0 -9999.0 2972.6588564591684 1550.6873655040185 3339.85960264 2420.45476042452
-9999.0 -9999.0 -9999.0 -9999.0 -9999.0 -9999.0 -9999.0 -9999.0 -9999.0 -9999.0 -9999.0 -9999.0 -9999.0 -9999.0 -9999.0 -9999.0 -9999.0 -9999.0 -9999.0 -9999.0 -9999.0 -9999.0 -9999.0 -9999.0 18356.310331032346 58579.6457789108 101782.16880577285 106884.73695471784 95630.87488030453 140862.46142119443 128017.89292054836 68393.68242341517 59046.671010196675 59775.13182612434 59951.6755394409 78800.7998394567 63702.45129666917 75927.16151846052 40945.865757307365 47199.954610374865 16103.930048137549 16553.85923006633 25674.062265339944 33870.04950975326 28433.468409722478 30653.53912865067 28006.407471997973 39839.515320713144 14275.609760829875 -9999.0 -9999.0 -9999.0 -9999.0 -9999.0 622.999994224 1026.2298186 1892.13491025 2525.414540125175
-9999.0 -9999.0 -9999.0 -9999.0 -9999.0 -9999.0 -9999.0 -9999.0 -9999.0 -9999.0 -9999.0 -9999.0 -9999.0 -9999.0 -9999.0 -9999.0 -9999.0 -9999.0 -9999.0 -9999.0 -9999.0 -9999 38719.69892464108 136624.59532709757 97044.39001077683 133977.70036870945 132688.4737316278 137075.64831105346 111110.51914841129 115179.2505869879 97108.66407570853 60360.92572491155 47924.34508729607 51945.858776447836 51337.841608150615 32715.999575363665 24147.41189653078 27822.99400876838 28835.764619227204 40929.36210070072 26060.021924867033 28040.377747041122 32418.092661208848 38212.84766444771 33721.56201155567 32742.96370045699 26416.804667407057 220.47789038831905 -9999.0 -9999.0 -9999.0 -9999.0 -9999.0 -9999.0 5186.167824500539 4158.170689294453 6716.6888731337995 3788.67744788
-9999.0 -9999.0 -9999.0 -9999.0 -9999.0 -9999.0 -9999.0 -9999.0 -9999.0 -9999.0 -9999.0 -9999.0 -9999.0 -9999.0 -9999.0 -9999.0 -9999.0 -9999.0 -9999.0 -9999.0 -9999.0 14989.500276009318 273774.047957 217552.7289634529 198323.51363316327 156755.24000982536 56540.2230672254 63319.497435237165 101433.6477401958 113528.9429995938 63325.1946453153 59764.204967250495 56468.7916467078 59824.36515349695 22126.470811288124 13538.770474399329 25837.409440156614 25935.643749798855 22039.589980548026 31389.62357059466 36973.35573878008 48349.63308577237 40059.246524529684 41059.54007838614 43587.451023029746 31031.93059929734 9693.910447896837 -9999.0 -9999.0 -9999.0 -9999.0 -9999.0 -9999.0 -9999.0 319.41836979112173 2118.35247637 11737.585786952453 19856.523648382074
-9999.0 -9999.0 -9999.0 -9999.0 -9999.0 -9999.0 -9999.0 -9999.0 -9999.0 -9999.0 -9999.0 -9999.0 -9999.0 -9999.0 -9999.0 -9999.0 -9999.0 -9999.0 -9999.0 -9999.0 -9999.0 34618.509697545946 295426.46988479997 398800.35278545 232947.4332448132 145469.76609683246 73708.40453900016 73204.19580870627 122538.79232728771 99777.89675792192 56793.563746052736 58870.816536685066 60716.06327579402 16066.61160612957 18896.71915595537 22589.968958879064 36221.68411538029 47735.299269616844 29972.80264047664 37518.27404933995 48146.24529346591 32717.625824865398 31278.601566513178 43614.65631775363 48934.439545412795 52494.66439421635 7105.922120687498 -9999.0 -9999.0 -9999.0 -9999.0 -9999.0 -9999.0 -9999.0 2525.414767308291 8560.22221903916 14533.495200730546 14406.530658915028
-9999.0 -9999.0 -9999.0 -9999.0 -9999.0 -9999.0 -9999.0 -9999.0 -9999.0 7498.500326971259 5210.913083698212 -9999.0 -9999.0 -9999.0 -9999.0 -9999.0 -9999.0 -9999.0 -9999.0 -9999.0 -9999.0 16646.769242606624 367540.97761904995 520572.8505652999 300377.33654919255 213136.7282294345 144093.9895024623 110817.83531516288 85458.83264228635 70354.89639920705 75116.22267053564 46583.79979450699 63764.88379412629 36421.02256459618 20392.140643764105 60405.839686423766 71168.36009107444 94690.9147706071 83609.39620193839 64492.41187776371 86710.10313995215 49061.61293709857 61874.944317013236 65432.65379615055 63824.69243598078 42557.6910330252 11527.668375389823 2007.9812230158905 0.0 -9999.0 -9999.0 -9999.0 -9999.0 -9999.0 11656.371398716548 15386.186876653685 35923.00899165276 15046.69251026415
-9999.0 -9999.0 -9999.0 -9999.0 -9999.0 -9999.0 -9999.0 -9999.0 4171.107473611998 17676.738095214227 -9999.0 -9999.0 -9999.0 -9999.0 -9999.0 -9999.0 -9999.0 -9999.0 -9999.0 -9999.0 -9999.0 -9999 187222.53872082793 361457.21241334995 194066.21385176465 166447.94969659916 192200.6320260657 60874.47900811263 85034.4916992657 77201.064494516 43903.34033606547 63792.8887608095 67477.58411213319 103416.3132977057 67680.59962172684 73886.31704359644 75670.08101433021 116616.84741202625 104158.77601963707 92758.48450179983 100534.28115283915 75698.67458632609 70115.24672852874 45731.89055320589 44906.29494376181 39401.35735217667 17964.473413763193 0.0 0.0 3608.0455982185977 -9999.0 6682.238070575677 7272.876968359446 -9999.0 -9999.0 5955.952890370771 10777.054648545836 13898.861206601707
-9999.0 -9999.0 -9999.0 -9999.0 -9999.0 -9999.0 -9999.0 -9999.0 -9999.0 5581.905082687079 -9999.0 -9999.0 -9999.0 -9999.0 -9999.0 -9999.0 -9999.0 -9999.0 -9999.0 -9999.0 -9999.0 -9999.0 207709.47526840097 300232.14155485696 241447.99724496662 211893.93044669562 224770.6253976636 159167.9890302252 122131.9184006564 75776.4274513919 78227.70831521724 137917.83529339012 87821.53457892024 53138.79297567171 67853.52596050197 80543.30012356277 75995.77381383529 54766.50629063146 69006.5865663369 83128.16260492243 90180.95423223302 76577.31092215845 70501.04779180308 44242.541090844665 27668.1510151932 18552.171686921727 16574.077221720567 9541.032947802287 0.0 0.0 -9999.0 -9999.0 -9999.0 -9999.0 -9999.0 -9999.0 -9999.0 720.2040499616771
-9999.0 -9999.0 -9999.0 -9999.0 -9999.0 3050.2847816506983 2213.8896251577257 -9999.0 -9999.0 -9999.0 -9999.0 -9999.0 -9999.0 -9999.0 -9999.0 -9999.0 -9999.0 -9999.0 -9999.0 -9999.0 -9999.0 -9999.0 53602.04615111547 124470.07645596915 403712.34705883125 313568.65184822417 248292.16161718077 163958.95958377115 107519.52098642488 134113.00282970496 169194.8369147784 158119.4061768707 66132.76362852928 18479.593805456916 50702.83694343682 75253.62276029901 78677.78782558521 46272.086537985524 20246.90635542793 9675.179749184397 25267.926276820792 35966.70126865985 45265.63986499786 19125.085961174642 14625.570012580763 0.0 0.0 0.0 1978.292448 661.320876825 -9999.0 -9999.0 -9999.0 -9999.0 -9999.0 -9999.0 -9999.0 361.9801723502459
-9999.0 4013.7496924815237 15969.457580515103 9443.957501494904 8036.967647733185 8941.158918295185 1405.3496806710518 -9999.0 -9999.0 -9999.0 -9999.0 -9999.0 -9999.0 -9999.0 -9999.0 -9999.0 -9999.0 -9999.0 -9999.0 -9999.0 -9999.0 -9999.0 -9999.0 156561.01760340302 621595.0413659808 351494.30470283295 321276.2405803613 265181.54894726025 234911.2961478302 242687.17001833022 108353.76195531843 4750.9220686779245 -9999.0 -9999.0 31931.65491667533 136276.1194232791 104365.8746461829 9944.8469347704 14570.709418235832 8328.725178804492 16810.65849536576 9800.846817476217 18518.4747665837 7727.59593233701 0.0 0.0 0.0 4721.545586852105 -9999.0 -9999.0 -9999.0 -9999.0 -9999.0 -9999.0 -9999.0 -9999.0 4135.990988610687 28376.970351475105
-9999.0 52623.669272294974 178195.45624464258 80170.06252127614 29269.45635452723 12374.218768566294 -9999.0 -9999.0 -9999.0 -9999.0 -9999.0 -9999.0 -9999.0 -9999.0 -9999.0 -9999.0 -9999.0 -9999.0 -9999.0 -9999.0 -9999.0 -9999.0 -9999.0 6957.010358634707 79935.71140770134 313173.7368629797 420365.0425544051 321782.875523629 204413.7433938518 13214.929280814767 -9999.0 -9999.0 -9999.0 -9999.0 6817.626181560872 45458.4600839951 55075.60363336084 57986.71361204001 60711.790936746314 96922.13611392371 15328.574345564151 12851.50292941367 16849.191065144005 3426.79865122 5526.99507937 0.0 -9999.0 -9999.0 -9999.0 -9999.0 -9999.0 -9999.0 -9999.0 -9999.0 -9999.0 947.135232688294 11655.152420612218 7903.569539690443
80124.07555737403 79804.05480603999 94068.54905811357 44830.67118688859 21633.304205082768 16033.870155107561 13445.872572350117 10176.381332951425 1020.2373692288814 -9999.0 -9999.0 -9999.0 -9999.0 -9999.0 -9999.0 -9999.0 -9999.0 -9999.0 -9999.0 -9999.0 -9999.0 -9999.0 -9999.0 -9999.0 -9999.0 -9999.0 -9999.0 -9999.0 -9999.0 -9999.0 -9999.0 1357.6318032965223 2577.429776658923 -9999 -9999.0 25048.128478881354 160805.90512181763 158146.41781084653 134936.79197139488 125990.33069735982 40656.8639488037 43825.22752033902 15339.02074878355 8266.595561124532 6294.39302846 3912.063415667985 -9999.0 -9999.0 7739.886624176523 0.0 2302.59970890058 -9999.0 -9999.0 -9999.0 -9999.0 2656.7585580852456 4092.9056727458797 2726.3607009497046
104625.06835982 76177.42472377 85183.33076097403 66210.85342825684 99763.83318890948 87278.9755404176 148824.64324135976 7373.7319478260215 1002.7150671538429 -9999.0 -9999.0 -9999.0 -9999.0 -9999.0 -9999.0 -9999.0 -9999.0 -9999.0 -9999.0 -9999.0 -9999.0 -9999.0 -9999.0 -9999.0 -9999.0 -9999.0 -9999.0 -9999.0 -9999.0 1351.281204385235 8205.281228482205 11466.769500310367 22339.53038189477 780.5242127805082 435.1502677766489 2700.3261760511723 71330.30151092117 132753.01226230222 163644.42767153858 86814.69313376186 82341.22454006138 37176.62015985545 20291.774652909582 12791.457214189139 1632.66096 1161.0098103518444 264.09489940183045 -9999.0 0.0 1829.2564358407967 -9999.0 -9999.0 -9999.0 -9999.0 2659.0209403224753 18981.36234123999 22446.183584706683 26538.380226112706
193847.73674375 108620.779284095 98944.09264675001 129989.58378778603 127994.58778318584 137859.23448060447 92016.19779750107 9668.135284951819 -9999.0 -9999.0 -9999.0 -9999.0 -9999.0 -9999.0 -9999.0 -9999.0 -9999.0 -9999.0 -9999.0 -9999.0 -9999.0 -9999.0 -9999.0 -9999.0 -9999.0 -9999.0 -9999.0 -9999.0 4936.117074152228 13594.649918767078 28284.43591489545 70325.00445528566 1312.6458156449626 -9999.0 -9999.0 -9999.0 131.9426300731251 57927.16840615399 145715.37112421938 93964.64128306748 107283.17486528 18563.926574987694 29083.353046637236 14890.807252654778 2404.370782015919 2728.0804603820848 -9999.0 -9999.0 1105.891150181731 -9999.0 -9999.0 -9999.0 -9999.0 -9999.0 21448.96585794025 47607.64258438131 37197.63740891285 29442.925486485074
53380.953542395 240020.7088798 252203.1904413 617144.8550905981 204632.36326085814 22727.465046883513 5980.684317576679 -9999.0 -9999.0 -9999.0 -9999.0 -9999.0 -9999.0 -9999.0 -9999.0 -9999.0 -9999.0 -9999.0 -9999.0 -9999.0 -9999.0 -9999.0 -9999.0 -9999.0 -9999.0 -9999.0 -9999.0 -9999.0 27342.91500798486 48368.97552595553 41768.8376473451 37747.937760022905 1728.4846964368226 3579.2838656311833 -9999.0 -9999.0 406.1567476856887 21033.732203542717 174569.79083513643 143529.4633703373 92896.73784130371 26097.212029595597 8296.359644498798 4250.4891258642865 1761.0394037157955 1335.2708536389969 -9999.0 -9999.0 -9999.0 -9999.0 -9999.0 -9999.0 -9999.0 -9999.0 33549.54949588268 21158.502464543646 17859.56866582955 10513.54001809386
25037.333081423745 90402.70208297655 61678.887066644515 42779.28566904949 58055.72741974721 110308.81616560991 74821.03734095574 22660.947151168893 7928.4755541555105 -9999.0 -9999.0 -9999.0 -9999.0 -9999.0 -9999.0 -9999.0 -9999.0 -9999.0 -9999.0 -9999.0 -9999.0 -9999.0 -9999.0 -9999.0 -9999.0 -9999.0 -9999.0 -9999.0 26870.131858498902 71014.53428699903 133317.89537582986 6100.4678137663595 1357.8436504925605 3296.6587299643793 1795.3134887219849 4403.568292383801 2033.8147802967992 4475.624939948868 21116.936458641845 57117.525039798296 17999.358002640787 -9999.0 -9999.0 -9999.0 -9999.0 -9999.0 -9999.0 -9999.0 -9999.0 -9999.0 -9999.0 -9999.0 -9999.0 -9999.0 5647.962977184697 56521.329070787244 37122.209875100256 21986.579757448315
63815.961337130226 6036.317945419684 70414.5727770904 261965.36373190512 559002.3335403932 313066.49380223756 197406.19511239073 157415.23993679453 23358.344210672418 838.9740415588328 -9999.0 -9999.0 -9999.0 -9999.0 -9999.0 -9999.0 -9999.0 -9999.0 -9999.0 -9999.0 -9999.0 -9999.0 -9999.0 -9999.0 -9999.0 -9999.0 -9999.0 -9999.0 3048.3365119417026 24900.195612529005 79030.20681354792 7232.98372010345 2291.926489510665 8264.407913561243 1467.3752891080326 7736.255879272009 7874.0912473934195 1093.3739374278916 1013.6377133140544 900.3723586013078 1266.5703289229994 11020.476641570545 1881.451742403276 -9999.0 -9999.0 -9999.0 -9999.0 -9999.0 -9999.0 -9999.0 -9999.0 -9999.0 -9999.0 1840.47924377168 8182.929876735842 12770.838749835515 25377.845531362378 22431.62558502853
9976.657241048137 18699.153929635067 10747.577307918998 75677.45327412408 21705.16706037848 98479.53796742836 65817.86372696697 166112.3524449271 16862.975016328703 1451.7953267828057 2665.442547418551 -9999.0 -9999.0 -9999.0 -9999.0 -9999.0 -9999.0 -9999.0 -9999.0 -9999.0 -9999.0 -9999.0 -9999.0 -9999.0 -9999.0 -9999.0 -9999.0 -9999.0 982.247703083306 21610.062347972467 61280.08995897158 13668.2438684659 5123.174844293547 3161.096117787396 6672.8515120330785 5271.314542304434 1070.3292121763368 843.4924900430951 6468.205927526942 0.00048263895112962544 -9999.0 -9999.0 -9999.0 -9999.0 -9999.0 923.062780800041 1776.7463176414142 7560.856086414886 5667.607515015253 611.8416624177905 -9999.0 530.6213540294822 603.4836949730426 1389.5227789148794 10380.96665414714 12616.689775961106 7391.239477169548 17365.423794674694
9346.309451827456 -9999.0 48468.496216660904 23287.88320544543 1161.1196069555826 273877.40726330003 301091.7513858329 306331.57193672395 77579.46071865674 14937.057018317184 23734.31691262894 1882.9890539634757 -9999.0 -9999.0 -9999.0 -9999.0 -9999.0 -9999.0 -9999.0 -9999.0 -9999.0 -9999.0 -9999.0 -9999.0 -9999.0 -9999.0 -9999.0 -9999.0 -9999.0 24505.634942198765 20006.06313944049 33503.59397758311 6347.545598143046 5831.949014088876 6486.789143271372 1246.813161198381 4778.378802407999 0.0 0.0 7002.739108580276 398.0502978456241 398.246352961188 5530.742191965464 2637.4905625107613 9295.934263588895 12369.276575235162 16828.885690647032 27970.08174075572 13285.441466227188 219.89112893578516 380.854824975 3421.4678523265384 8029.922959313051 7906.264589287366 4710.246592193915 6117.050418341406 9733.972451269894 6784.496387631244
-9999.0 -9999.0 -9999.0 -9999.0 -9999.0 1893.3685939794545 16235.232063509116 132480.2517399845 16384.201803078457 2000.6595158900475 7812.540201051806 12726.884077919798 1588.2410365945534 -9999.0 -9999.0 -9999.0 -9999.0 -9999.0 -9999.0 -9999.0 -9999.0 -9999.0 -9999.0 -9999.0 -9999.0 -9999.0 4423.169017922856 3591.4846547683956 15444.445689425835 6228.067313382276 3937.5771366334047 11075.240933791814 26517.631666885787 17400.983300113665 12272.29551933973 32442.65739833468 10959.858920141864 8214.810476433442 6787.30957689578 8791.158493742227 7196.169917769461 5598.207115582953 8811.706892656672 12059.996111763394 28599.938055061768 23249.06409338141 13936.746200010473 11834.933646978818 6645.854428921952 3684.2960229418086 2606.09535529 6954.973863185085 10108.684673384283 11315.024193381425 13479.001375402746 6871.085705247746 6492.670543973725 5665.281863046774
-9999.0 -9999.0 6595.400981081586 51461.871542442044 262358.58865111216 76006.21529652787 1867.3209718219607 3558.0126397248146 135635.0118798234 5814.070779813389 9468.908370942583 11285.32718278188 1058.3988331747776 -9999.0 -9999.0 -9999.0 -9999.0 -9999.0 -9999.0 -9999.0 -9999.0 9448.49822996333 27060.96262139196 10422.35301524022 14274.218260145142 26719.111019637683 15321.451480257356 8389.521483838405 6176.08068140696 4298.892111593961 13392.346001613103 46934.12436345848 38662.03221497983 14329.308652255942 14923.83014016268 19682.00404135017 8217.739720319665 8489.166875505334 9225.180605583813 10340.284075561834 41842.01549016449 1274.704520549247 3842.5854318592296 7684.391142456123 9875.189211253593 10186.226665226728 5796.927804619254 3610.6151883743546 3381.5106292505884 5119.971130546444 4322.79799197166 3905.99585696 3603.230568359931 2895.8144928235274 1126.30732939 0.0 4615.752168613351 4792.501361764441
-9999.0 -9999.0 10657.53041129269 99274.8006459044 1063653.212548973 451191.0837231495 8090.541630962538 4421.784808311775 2693.187287336064 1103.1427556890415 14772.627257359356 7739.39850347758 7267.229377955307 87553.54523905471 4480.81258428683 628.1909111985672 -9999.0 -9999.0 -9999.0 -9999.0 -9999.0 3626.2461123056482 64448.8667749092 41032.41428243759 29043.394581571465 8580.582627967102 5178.749393220323 28947.45681186839 20334.93940258308 14190.636568155773 9755.85290363555 16256.475690477662 9349.035258541942 7903.844825781462 10412.358191650113 14957.506620810083 9988.016914783473 0.0 10059.72903990489 20835.68179735253 19860.12365569236 7092.027375695827 5818.5039873815485 3261.3618721640737 1858.924062 3084.3773197121427 1656.9724799713872 3950.739932823474 3543.833997140423 1204.0359156219142 2040.083496 549.3082777760857 2143.2845006136986 4136.18715754 1834.84846721 0.0 0.0 5444.280731385208
-9999.0 -9999.0 16741.42633406914 110165.25854774858 348418.662163998 89734.20072574262 32164.194561136348 11554.509160850901 9372.33735416916 9204.655640952315 8494.331019796582 5644.897905545271 2924.7968844387087 11721.900891557825 2546.767569996994 842.7277557086518 -9999.0 -9999.0 -9999.0 -9999.0 871.7899642729888 1190.9869412792916 25869.80071140694 43803.33636480687 24777.803593160774 43126.08549103645 68015.204055298 56520.55779379206 50505.09261220688 25255.824020795364 39944.091050457435 26161.733416320083 10971.04643608833 15564.168710315878 19506.871780793903 7979.3359524963325 27143.590290472537 52532.032521072964 28989.44130361008 31577.147602497214 19831.332648048225 15942.899810676565 7270.5421512549065 5772.299193805318 1527.80615861 1590.136304316924 7389.98949696893 5141.327996927571 3383.866831699238 1061.7577500322238 1554.2316957741784 1250.153783226564 2638.4110752277356 3815.302381261634 1262.33348764 3351.97588935 0.0 0.0
-9999.0 13452.398568453538 6519.598588875013 34748.44870322624 158776.5642557516 127209.9018952009 23494.134812012555 0.0 3245.006818522067 0.003555287288053991 1064.4577875216787 2902.303403297941 1610.6648601634352 1883.979241062224 248.16113631047247 -9999.0 -9999.0 -9999.0 -9999.0 12671.847436333357 43311.629550379825 21044.023134367068 9410.969016644027 27698.840593102814 13360.168638242922 35066.68006166533 76182.72313965109 30609.140261107645 15817.610294591155 64148.90674696489 109690.40527793294 84267.75999337954 64017.690636410625 72189.76796407701 24653.867375491576 8357.510813631083 13232.223732803577 8425.947670273967 33501.61707423345 45265.31804673828 89846.31596245318 4049.018478 6099.560757919349 4099.350823932705 3574.9357783146006 3811.76090415 2322.84880637361 1847.92088408 3458.79074055 2443.29338963 1840.806264 4933.263262816437 4293.790029261958 0.0 2970.49460985 0.0 0.0 2159.70433924
-9999.0 -9999.0 -9999.0 7705.5749949974825 31361.243389219027 13697.956874515256 8620.965702498193 18961.303208594512 16589.967188674877 0.0 2030.351035079174 2839.3131224743192 3311.8252947634205 3023.5811130781535 713.9228006458113 -9999.0 -9999 2259.613221839829 36611.69502020714 35329.039809955786 38990.64107650544 31729.08354081968 43239.99523606682 14360.27255604153 4540.868504550607 450.90916394204515 26751.731117714866 107480.29655095121 129138.17441968809 143844.43740462128 79648.52207660451 81719.97550326653 52765.92218565996 25814.203444867824 27073.800814611503 34228.56736512424 32835.58847924622 19038.922651563385 12360.241797623992 16444.503978264474 15622.008627954956 11232.105439984105 9369.839530532068 12140.94286804327 1228.2450524383344 230.706156082 0.0 0.0 2003.75119507 0.0 2768.69556904975 3982.3634481199756 4701.109251 0.0 0.0 3426.196335 0.0 4174.36335075
