critload/trunk/output/1999/nload_fixed_nat.asc
ncols 720
nrows 360
xllcorner -180
yllcorner -90
cellsize 0.5
NODATA_value -9999
[rows 78 to 103 of 360, columns 177 to 235 of 720]
171825.96247895923 183201.6026901203 188798.67157078697 196299.59279431513 184804.96862942222 201208.58109293325 188034.00766200767 195651.80065239655 192089.55203564427 187053.7003451919 203035.97678904113 46975.39932077259 42527.5439099853 44213.938654809135 46215.52090526347 54240.43759330325 48177.855207170855 44746.70450251145 21250.859781763105 42147.19284405116 54011.38898199042 99421.96841493867 57929.13091145625 51542.23580856164 54703.43615782896 55727.50814260086 64681.853612270366 62613.90887420723 177335.85757206663 193872.68073671617 201625.01828974052 219681.32154192758 215899.04759511835 214041.61036158298 219236.1151985283 132512.30013292248 207176.90796036972 216788.1521912423 217315.16420582993 211021.70985594828 214835.5621165201 175295.12009639683 203731.04441145362 197627.87027549147 203715.28028566253 183975.77498321692 188581.8475563579 155184.14888302225 167987.55832427114 144519.1709388753 131982.3921399783 129713.70541441269 126931.52867279312 128942.79851300415 129675.36828411433 123110.04272275192 126149.97223564025 118680.6215634246 131915.35542850228
213034.65674422888 198678.37451644224 179005.33744877664 196826.64085878577 192461.0061984207 142382.79682095855 152722.28834603974 189640.21440571203 187490.89092254738 193214.9932856882 205703.65726968108 197268.1352023836 58027.31279054714 108486.16769928021 41150.45922030594 46551.98462549852 42383.30916803565 35110.60180889165 39101.7456945486 47099.959896698645 56652.76320069737 124443.04253692209 160202.17063067222 64367.69065772834 64660.416483995126 65587.93782062482 61666.47678646019 63853.48730430129 199915.48013883602 193948.9506276315 219209.9639767382 222319.35643342338 67428.18288100458 68464.20187934302 216675.87359285852 209076.9375413874 223973.2405550887 220384.80623769862 210461.8220516888 219125.06032275653 197290.51173334007 219245.54113511776 218869.4019338811 213008.1777220479 178260.28516396615 396367.99258308864 418951.6849763332 175809.18584331224 147877.1445478131 128937.62131749948 65228.250227806275 142855.48315491423 58011.67727537753 59173.233183767625 49168.47063865314 54956.78375728429 63874.99037307421 56950.61896775986 65065.78038641858
218030.67035235112 217362.41369172424 219878.70824347768 232854.58590015184 217658.8651627369 122078.78771481208 105441.89698505093 456753.7843297611 444720.18004283437 437308.5708142355 448681.65739251726 464561.7005078047 235139.2261122458 230983.77452244665 225163.2794445283 145924.39928877374 146799.76950554986 68201.41735627507 137851.23127319108 148876.19680322066 148822.5896567188 218665.31941873816 213311.3404108516 446691.15664722875 145170.83440519808 73645.34708674382 215050.0127399991 198757.39967950003 196079.78661476762 193711.0296722961 238362.11453547847 455876.8836107978 487393.14819122985 454010.03699091316 226907.56826844497 483893.00526556064 242843.3331042508 255821.90580353615 255800.64378491955 241169.83052275912 246061.08793738083 210523.35322609675 205522.7257664646 454556.76655434427 446533.00284080586 387537.46245462983 386455.3988962466 398262.90374570363 265420.3370386379 4570.458260689659 -9999.0 -9999.0 -9999.0 -9999.0 69802.58626497716 148571.94172894963 172215.46681469493 80405.13370390468 1905.1031791387766
466153.3764352816 476190.2247040569 463546.294417873 469216.3557958282 468523.7712180621 375428.68509433564 350594.27246432466 450819.496231034 454003.0698722796 444647.7520057354 390531.3877114231 455273.414646598 439276.15631826775 462521.8853600774 476393.26198932814 474455.37138861435 459842.89445896144 456344.54774149606 256504.9478318896 292376.09645438334 281741.19778308726 265045.66636685724 442119.76681892504 439829.6288185798 440011.0631399568 426194.35648093454 441967.84343322745 463408.8222898015 463685.2916352131 468844.6261776829 456579.5589006855 142925.40501621753 456732.872849594 476865.96447823057 448728.76265808195 444786.3234882404 479540.73037054413 482836.0050795586 493847.82537643367 256019.70844913603 226559.77800740764 446097.08996356867 478800.12937562075 454224.03341656824 431426.9490834675 373338.4740201098 230382.0090631518 148071.28434089362 54278.49384340121 40110.12534022898 118880.18174997352 156204.03423538257 155782.28761027314 87265.91257044145 -9999.0 10508.444226274725 83978.2589097953 171799.91447075453 160750.93868488388
478788.5555642572 473063.48333863774 454345.59114559414 474082.578423128 474142.6299254763 389747.6493958542 191507.2729029474 123954.8788346571 185493.0748309284 224991.31143366106 306206.1855673641 468321.6221066117 487904.8341436878 486463.60978916526 446960.3533001934 447642.0092282141 495085.43654404226 500612.77657607826 517786.60469197587 324030.21776124014 313611.82568206347 251485.61320133408 224508.01211523134 318193.6152437316 182667.3147918454 438456.0684748402 423578.00858914765 472297.21053357096 419257.4777981255 527584.3144014829 524538.8479037128 456404.646686593 487927.13631913526 395510.5389248193 538216.9206078883 545872.9863220955 555205.3363135206 461554.4552152189 84079.77682001871 230114.5956409179 325321.87266126997 532538.0549459037 525469.357144262 477425.9298651023 350447.45684290293 80379.42167950554 2292.5345698840038 49913.683158836546 223464.657480834 355571.26942232985 310679.37836027803 307108.9926545953 292642.85384713917 269361.44328611187 89856.56132359778 -9999.0 -9999.0 -9999.0 -9999.0
496613.4754275775 488686.1188449227 508153.817113822 455557.80822501 130905.12007088537 34539.908520697536 -9999 -9999 -9999 -9999 127724.83573825037 460923.9396475307 433513.44848770404 390659.61760885525 411251.56285174063 449709.3068335533 458994.7966760108 468305.8265981203 489409.23953185906 499990.3505487635 459566.1269162158 478553.04365906277 475102.2887223059 501417.9725362083 345523.8448057462 397424.9347373081 352540.3657932031 376573.3101816447 451260.44110078766 534995.2193202307 544540.8180008661 540524.0044142917 466718.59660784283 500404.7512049158 524596.6376157993 547503.020758924 554644.2784884193 561604.5661352056 444819.0241228835 400187.5677535104 369350.5165277785 414850.0076839882 481489.5420279455 333874.2702966267 41121.88437462443 135245.76298973832 107525.98432001207 108852.1806955707 95518.83377865564 304548.74040611647 265580.63272479543 240454.5949257953 261722.81169605986 135565.47169518098 2563.862360379498 -9999.0 -9999.0 -9999.0 -9999.0
635719.8297523424 477035.5521398573 132641.67009091473 40765.61449885488 21392.415303872087 8231.6902057696 -9999 -9999 -9999 -9999 -9999 95787.82098268902 52699.57494693032 381906.8590904756 409481.40566375636 450081.8917944057 513383.24143621785 513351.8906235081 514016.558892362 522968.86542674043 507079.23103384144 530623.8571099902 502316.6792394691 283214.0596743586 334201.88638197706 472956.639586845 510454.460457247 547394.5233373343 536900.2618310133 598086.0407308555 599091.4404426441 586282.2536840502 600865.0881784655 610974.3141527734 576604.986752261 597240.1190874139 594552.091077117 601361.338336078 562417.1634005196 585320.442272847 611275.1448466749 528389.6456726012 411919.91643503204 112991.54429809956 277217.2629449998 139151.17238340064 348190.4280003976 380215.33646995795 420425.92984493065 444056.9217028645 417470.51553293807 126066.13962573519 95716.85345070544 510.3984422387361 -9999.0 -9999.0 -9999.0 -9999.0 -9999.0
122435.56217324937 -9999 -9999 -9999 -9999 79331.92453136265 137019.66864257766 19582.1923006651 -9999 -9999 -9999 -9999 -9999 193659.54475418 414918.99477392336 456625.62665234716 537820.3792469118 559124.0255290776 552566.8545306743 573088.9237464193 566865.8248683884 562659.3853247331 508174.22407519695 467450.9812427893 328881.01522301807 506439.27453324513 531272.7899394116 561078.5782391152 550981.1380930354 483000.3042974243 575708.7742025395 562395.4908433529 565303.0820935759 577702.9409381053 526727.7064329111 576223.099181355 609210.9217519212 546712.5027278602 586348.8668532535 562653.0656658869 545059.4985215241 314802.2169497371 133498.86317112888 412086.547224218 419059.59961133165 274761.16939739615 274820.66324066685 326122.87521471945 447982.80282591586 454799.26882008556 477351.5722619646 272513.437468908 128162.10567990936 2062.9070735798678 -9999.0 -9999.0 -9999.0 -9999.0 -9999.0
437614.99148896756 162060.59899802864 85296.06372272565 362395.0309535258 544816.4601598672 659529.1572644592 499597.79052861035 350697.2143365047 9668.380158057204 -9999 56565.58753154814 49787.84840384228 92874.79732160928 58617.46014345784 408295.6588551697 560804.467961776 595366.1739181286 625668.8730212299 633917.9719432408 631561.3283841221 447364.7380213642 421074.6430534888 590606.2272635414 625395.5733042287 577334.9670420567 565981.1690917405 619100.1509602643 641147.4009458829 641571.1264026727 659007.1675406417 624300.2220261999 530585.7709207044 213517.16297583195 652002.6331850903 679876.2699774153 618421.3885876391 677203.6642233084 452758.8510758867 279133.0405194824 130172.51243510227 18895.57954726222 144100.46382737937 363907.20392659993 392843.08336420095 354614.3194864234 468744.41660806077 433046.0839481717 198413.22893800924 478034.49685898866 498973.7766945763 471345.75351911184 216335.76884377215 196622.06649228817 7832.58244402493 1562.8498139740034 909.0693805812081 -9999.0 -9999.0 -9999.0
623365.5983812009 677204.91600284 628796.9903842451 589622.3040986209 602133.4773940205 610325.9672897529 622607.8573891267 577395.3932167479 530505.0383808286 491045.2125685384 265781.9933232553 443498.83811007213 84381.65232734583 415966.46771334927 319876.05515099346 176762.8544110772 209854.63658977574 215107.8058333224 364621.04284130805 377867.4218090986 428226.57213674654 492999.3573022324 550511.3534755618 396358.55357060605 417866.64498613897 582408.3991198364 632375.1064325842 626294.1478232625 595291.6232532483 656514.7331250809 599262.0407770154 523394.1526808836 561703.4801183373 453435.6037137416 515505.06058392505 491666.29874882207 127235.65564176749 3895.153211617161 52909.89781964114 293284.3477620229 327052.1813239942 192897.31909306673 213397.0740747635 410023.8866773773 450749.9972561354 538844.9414110489 566590.2370277377 188260.80289297842 363818.78526088217 397914.7752371662 204933.66833306817 216687.9599264854 232626.836320985 99904.1121169775 30586.151387083042 2206.0322705794947 725.7469458808882 17908.192055432137 2570.0025609799914
641601.367868198 777153.3731555289 783510.7034824695 607608.7596005206 597752.9879942321 754741.6303360075 665795.6107475102 527859.5528955453 331607.66690340446 85224.2643278222 32562.328640683627 6713.147000225577 0.0 175708.21462893265 0.0 0.0 0.0 0.0 227038.46977061304 151998.69928355035 30703.667168577922 164919.95611041438 608275.5537737793 639881.4598685917 551906.4885339966 652359.5593899033 681063.2806339746 661474.2832218417 343091.5378206732 225091.6559881741 467717.8294099999 387857.20506411616 224101.69744198342 152481.86983209968 121015.49447459786 21569.46064874627 0.00801030873579932 18549.950897321458 276131.2810189427 400072.0672548894 415008.9624174246 269701.8886456097 586835.0394585858 531496.6792684754 556045.3031285555 549340.8670246501 630053.7782649742 517174.33700218564 347123.4959064281 191331.71233287454 206072.25210271325 316170.90804166236 296087.836140798 162057.37226914972 189510.83433707926 261112.45023597372 175818.58603861718 50845.67837220692 72779.94505037658
0.0 511734.88805512444 549818.6164283203 487896.4077229767 516698.3584176889 699877.050707731 502930.9168072532 340430.1033630356 38341.06215466746 -9999 8923.91782070306 6069.3901156327365 81098.77723591946 295166.5560566681 0.0 0.0 0.0 -9999 -9999 0.0 0.0 -9999 122064.79156018328 495451.55102308607 472446.43747635954 595993.6445170236 669990.5005287043 659560.7101074194 736634.3312650663 563089.3300953121 91034.21611577942 0.018525479365893254 6769.642678470242 18631.54890660769 6403.438290241563 13678.224458810937 0.0 218439.23252962573 415978.7231225944 153523.87334276276 253198.9236717077 600994.7742078891 596355.0700858237 637517.9915219055 607996.4765050624 612460.3908827154 581559.7833349752 499011.0873536364 401057.8138965898 281686.5968496103 101976.97106355449 77586.84447410276 22243.30945787139 59006.283869663836 118716.44053135722 173333.57385656904 184848.26107696813 272298.13848964835 298840.88011329935
0.0 202367.8449778709 304137.90967361076 377154.67183281435 533492.1954498604 419151.542101238 0.0 0.0 19283.826802577216 -9999 38895.66253459924 256179.53793999995 191062.56237629295 0.0 0.0 0.0 0.0 -9999 -9999 -9999 106859.54657519724 30951.938248578874 0.0 121328.74100773306 212631.54531864455 491784.00715184107 629479.3320279978 711668.3768344313 558897.5445414819 654622.9612034854 403451.2090078506 110381.8356447468 270631.33060029 663316.5752191059 566403.3643638442 566160.8787482906 274341.88096280023 680575.677405441 623700.611621941 497157.4254534603 684952.4262149528 569552.6186997469 603961.1914541579 639986.4407317296 547380.366898908 377856.9392388043 609239.5476393981 489096.4284175644 247311.25893069577 11308.937298623818 -9999 48121.01715339465 329207.5254210678 352339.5894722812 280900.86744604656 131538.1176812218 130886.62318810026 38676.62687742515 6758.241355339132
160818.06793357688 172023.9841445738 50477.8765330189 207143.208800591 0.0 202524.18045349803 88007.20610785169 43909.79785949899 -9999 -9999 150071.32813177368 284360.664969488 214598.7520950264 0.0 0.0 0.0 0.0 0.0 -9999 0.0 16026.884681848851 71676.60894844723 65635.70626581476 3161.536754658627 1105.5019032361602 18341.305093447092 55630.50793474226 0.0 59979.988872552334 38486.60414141624 297478.99869272474 730547.294961749 951159.4783500655 972500.6198601497 921690.1295157459 908013.2005045646 358107.8042580137 785422.0431344672 619727.3442142173 606253.2241452857 629002.3164424661 581533.5836751396 410323.5330587873 491615.7174076587 400864.7944249537 110172.02525800937 87704.36006973645 4347.756409757917 -9999.0 -9999.0 22438.023003035312 378593.35248399765 381650.55336042313 267107.7868167093 1976.7202370255707 4663.852422661114 -9999.0 -9999.0 -9999.0
13799.099872023155 17507.247765345528 46219.397345246856 322965.27092926245 0.0 149495.6688363585 63448.150097156 47625.51568327766 -9999 8231.572486005618 307232.90240707377 311880.0434967452 81011.53917356038 0.0 0.0 0.0 0.0 0.0 -9999 8183.2559541496385 16633.64439925424 0.0 0.0 5119.3515126693055 0.0 0.0 4791.931921749342 -9999 5689.707079808226 -9999 256195.84543282792 606018.762901406 903309.3028390735 1013337.4724084298 1022739.325651772 1015041.4701946571 688396.2145359479 834235.4544856168 646959.0048730449 749748.0775292219 458490.9254045108 395040.6183712564 94726.98636147883 94450.19251495188 12776.53703217498 -9999.0 -9999.0 -9999.0 -9999.0 -9999.0 0.0 200551.24017666889 179090.11304617417 38079.311004104806 -9999.0 -9999.0 -9999.0 -9999.0 -9999.0
106142.5628705222 0.0 11654.207085134549 1754.383783083043 76738.89146619131 69781.32664757241 3999.139137076355 9609.815719321003 -9999 -9999 117018.07269659768 36698.959194738665 70426.3748152248 57897.82055938744 16341.759489558666 3093.45592475262 61187.71467920509 0.0 0.0 20637.04941624682 0.0 0.0 0.026642459055466382 0.0 0.0 0.0 0.0 0.0 29395.139420366402 33167.02695129888 62847.76066013619 540409.3506315944 460887.9160823736 788561.1882049205 854916.627843767 581930.691092794 543515.9943679238 829002.9367344842 827170.4121828196 476468.9728749599 320915.48961585946 197173.2334463476 252.5234880176461 -9999.0 -9999.0 -9999.0 -9999.0 -9999.0 -9999.0 -9999.0 -9999.0 -9999.0 -9999.0 -9999.0 -9999.0 -9999.0 -9999.0 -9999.0 -9999.0
38786.629121127466 32114.654151971503 109985.13121186168 121550.06332555003 73263.89487237814 59877.74249245184 7634.782004353301 66308.92378950372 -9999 -9999 198446.06398249915 38376.764721729465 59216.830102049134 1883.308069753377 39.42538719397733 0.0 10792.79247359987 18415.208040057005 3795.3251366389636 6065.298493004798 6902.615474284114 12996.06819284143 21415.267302413307 0.0 0.0 117512.53791336124 39408.41136368996 115216.81883752093 233893.26179725476 119192.34775506447 252830.9486554812 572814.2822870365 425073.1431416275 359487.2770502771 291314.4977485294 64358.89135427218 690575.2809300266 517577.98322820716 600230.8886937038 304092.17830079 45016.11614829272 104211.7341912809 -9999.0 -9999.0 -9999.0 -9999.0 -9999.0 -9999.0 -9999.0 -9999.0 -9999.0 -9999.0 -9999.0 -9999.0 -9999.0 -9999.0 -9999.0 -9999.0 -9999.0
192725.5338552222 28323.027286790257 159811.45296688133 122004.88415265935 101697.67303805107 71764.53658369232 0.019615280438218346 48612.564323681356 -9999 1200.1734566170567 31256.2556827277 102640.40055219369 113494.35821214467 60400.31284427252 0.0 16239.583012157671 26756.91928146225 6433.942525289965 9848.990354882646 446.92423275905645 -9999 -9999 0.0 326707.4129607539 178512.2446840267 876499.9098886255 493063.6653022733 526655.693599584 462822.7215837645 434143.33186011907 719364.0242367781 713891.6589301167 501889.1733930382 725290.4271328975 719953.617221308 87652.0973166146 560495.6518913942 191810.75177092582 177122.9908790616 98516.36264797939 88776.06490309181 13811.893354339933 -9999 -9999.0 -9999.0 -9999.0 -9999.0 -9999.0 -9999.0 -9999.0 -9999.0 -9999.0 -9999.0 -9999.0 -9999.0 -9999.0 -9999.0 -9999.0 -9999.0
145119.7525205676 43421.43973817731 62979.83492384654 69892.60169613163 86229.08380404294 74760.77246818914 0.043405893977875996 16526.301062163475 55731.05382206784 46713.60340000081 50916.463319124225 105823.62541315622 189808.63268001497 161272.9272337396 173753.58514170407 30136.091665178912 175984.53789291947 0.0 -9999 0.0 0.0 0.0 17457.283982763343 559850.2768224314 737010.0125257513 845162.3200262855 773038.4991934557 566637.8916969546 753863.5715685987 656572.299380483 532537.3117124046 1100739.3200051705 728807.8264889609 627936.5001826652 317695.53707905655 267153.57887490006 310286.6068183981 27411.45330296879 79792.43636035561 40831.45189456174 49361.923887161814 387.85628960706384 0.0 405.28136251408426 -9999.0 -9999.0 -9999.0 -9999.0 -9999.0 -9999.0 -9999.0 -9999.0 -9999.0 -9999.0 -9999.0 -9999.0 -9999.0 -9999.0 -9999.0
88701.892508492 74133.35134563182 131720.62868267047 129546.70454967578 31525.70459240233 108743.17418949696 62613.15996069873 0.0 125439.47159482549 263922.2334220795 22550.00446744493 42489.22837869616 9123.092063752136 193551.11267852678 207301.5014058302 137725.79124641354 46667.104977289244 37248.42931652223 30270.978888416146 17145.911416292663 622.367714312715 190.8718096563418 160800.6337069608 205521.5659381628 392775.75924361584 531274.8766832623 800821.2760478128 900431.7480716452 654389.921837357 638244.5204890314 474417.4071070577 433526.9548003793 715776.8470900543 530740.5707243204 134373.64309666897 99121.19944962606 13475.610613428067 38924.67570675564 9719.890143796687 15373.422309381538 1275.3538508681597 661.585179428899 15101.65552618542 -9999.0 -9999.0 -9999.0 -9999.0 -9999.0 -9999.0 -9999.0 -9999.0 -9999.0 -9999.0 -9999.0 -9999.0 -9999.0 -9999.0 -9999.0 -9999.0
58660.130650968975 96226.56616022895 220997.18283860336 24787.346303648228 20325.82615922066 201304.26495576324 284880.45178544126 269304.67247248406 347919.47145931644 76015.2528314449 23409.80757915274 71963.00213285373 48203.98367528176 25424.24759141629 127621.90620414792 143502.98939423586 109434.54083807937 0.0 145658.22010506594 0.0 24024.962237244974 16859.546580671875 12974.647679874697 16830.75254385227 135427.34411182028 246605.2867249192 448935.63721573196 383609.07069700514 0.0 233355.11034977305 267522.31067631743 316918.58748472447 160085.1079825799 40106.02611626027 0.0 0.08919479482311543 1719.194863474551 161.21238117676367 0.0008666681266600547 -9999.0 -9999.0 -9999.0 -9999.0 -9999.0 -9999.0 -9999.0 -9999.0 -9999.0 -9999.0 -9999.0 -9999.0 -9999.0 -9999.0 -9999.0 -9999.0 -9999.0 -9999.0 -9999.0 -9999.0
108657.47935682427 184864.5695740623 162459.1551723379 54165.05583816006 150658.09795749717 222522.83013293167 198550.75162487652 164234.92047848357 178816.7814681204 23824.747024972174 143061.5181908231 119962.35296715959 168276.32391992465 25191.208734820317 25880.21444490822 100871.09104969513 130883.21938809204 53302.91530076159 373402.4824021468 548792.4032127808 543149.1952140288 0.0 0.0 0.01163668468241866 400023.58549314045 305522.31890455616 407629.82920058543 0.0 219408.3198111231 194382.74249775277 34892.61870197088 33298.98271537245 3068.6778097880856 4066.905974225528 767.9070894088745 -9999.0 -9999.0 -9999.0 -9999.0 -9999.0 -9999.0 -9999.0 -9999.0 -9999.0 -9999.0 -9999.0 -9999.0 -9999.0 -9999.0 -9999.0 -9999.0 -9999.0 -9999.0 -9999.0 -9999.0 -9999.0 -9999.0 -9999.0 -9999.0
107653.60805890657 219180.3495446711 82510.57414206215 106691.71240868764 156730.21466787625 232462.63586780755 213879.68146669996 317746.4892117236 129217.841406148 191721.90441982256 2560.0503688183912 176046.85783342848 150570.2035125595 130106.08716953354 0.0 151364.73322091217 182709.44144872256 25876.318886991292 136270.0564350098 448983.31697147666 242633.18542682394 274182.22151433525 193078.3666443444 112652.72703893768 713839.4954952229 292172.38592351845 0.0 160872.02174812945 140438.52580266108 0.0 77466.13621964723 0.020454289159268436 19277.858610234773 92854.53140620375 121629.1286406392 -9999.0 -9999.0 -9999.0 -9999.0 -9999.0 -9999.0 -9999.0 -9999.0 -9999.0 -9999.0 -9999.0 -9999.0 -9999.0 -9999.0 -9999.0 -9999.0 -9999.0 -9999.0 -9999.0 -9999.0 -9999.0 -9999.0 -9999.0 -9999.0
53848.34906238664 183405.1974357272 155469.62369636254 238131.65590208344 94387.79550199685 112408.50668964513 94716.52105484008 179204.61079656347 70730.94100751817 318411.55637762195 370471.1800686811 246578.10024604594 146485.40885682576 4669.813846708446 0.0 97240.71842302154 291299.25505175156 350972.03341426316 180707.10213589817 71322.54702367983 249994.1598766805 459532.61693150835 117574.90024763583 544006.3003828808 666267.6423965644 562579.9439548329 0.0 25451.526934960642 0.018755416369062944 8002.822013043454 29142.661882199485 0.0 34062.85154038779 7676.162567990243 0.0 -9999.0 -9999.0 -9999.0 -9999.0 -9999.0 -9999.0 -9999.0 -9999.0 -9999.0 -9999.0 -9999.0 -9999.0 -9999.0 -9999.0 -9999.0 -9999.0 -9999.0 -9999.0 -9999.0 -9999.0 -9999.0 -9999.0 -9999.0 -9999.0
71677.91769648569 20683.085336616055 5903.7971992023595 4306.878497369267 55512.59960619667 145963.29984522433 273058.78664079984 133648.5873990684 370289.10530493443 716216.4618907638 436509.0981116197 137694.41916250729 285846.1342308494 22402.596203236295 22380.067222259855 62193.00957390186 370635.16472769197 103152.99397723957 110911.8836069712 83693.39849963246 583758.6971439811 680663.2524233519 649228.0020651647 751809.7453422769 815775.4758841352 0.0 0.0 0.0 0.0 0.0 22230.703919661246 0.0 13173.124695860817 8892.878219631855 -9999.0 -9999.0 -9999.0 -9999.0 -9999.0 -9999.0 -9999.0 -9999.0 -9999.0 -9999.0 -9999.0 -9999.0 -9999.0 -9999.0 -9999.0 -9999.0 -9999.0 -9999.0 -9999.0 -9999.0 -9999.0 -9999.0 -9999.0 -9999.0 -9999.0
154899.44994922305 107143.32917354704 64883.95985861344 52705.51251069658 138306.61544853848 205717.22046189924 179673.7925243065 46633.15041867859 193929.78879591133 208843.78022930722 161230.9596713077 20260.318515353792 0.0 85408.0259676858 14054.590162207189 141302.13593037604 553898.8921289898 186407.59133478501 159584.99936614852 322631.1618613625 665663.2666616333 708758.3210747185 929803.5980656627 597527.9978042158 0.0 0.0 0.0 0.0 0.0 0.0 0.0 40900.259285682085 96220.02334786026 -9999.0 -9999.0 -9999.0 -9999.0 -9999.0 -9999.0 -9999.0 -9999.0 -9999.0 -9999.0 -9999.0 -9999.0 -9999.0 -9999.0 -9999.0 -9999.0 -9999.0 -9999.0 -9999.0 -9999.0 -9999.0 -9999.0 -9999.0 -9999.0 -9999.0 -9999.0
