critload/trunk/output/1999/nload_var_nat.asc
ncols 720
nrows 360
xllcorner -180
yllcorner -90
cellsize 0.5
NODATA_value -9999
[rows 104 to 129 of 360, columns 464 to 521 of 720]
-9999 -9999 -9999 0.0 1858.5828664100177 833.965212555 0.0 0.0 6388.653967363283 6742.09536964 4979.70957536 7000.0254165523775 7689.620277511367 5301.08394559 0.0 0.0 228.355051876 144.49446648 0.0 45.8404987838 0.0 0.0 0.0 0.0 0.0 0.0 496.420238816 3333.163637034617 7717.848064786903 14312.239869275116 2290.00124681 2821.92242295 4313.505535939799 3195.0670013244235 12079.190712265241 5437.678798044141 24362.45482286421 43216.319914162035 49574.520819270765 78713.46055806318 97593.8883329401 97665.50263527312 77878.11164777742 58649.26643951623 40913.60885235913 35578.91119242611 16597.103882988304 16666.34915334061 0.0 0.0 6398.9596875 0.0 1490.15956395 467.7289090014316 589.6649680909072 0.0 0.0 543.7882711982868
-9999 -9999 -9999 0.0 0.0 280.55470464 2482.35476295 8956.73841367 6568.01597089 8896.4876832 5097.365418637798 6702.712145523134 3215.2225053183865 6267.169918542185 4897.199180406229 1557.984831517855 431.123326016 391.96328421 0.0 0.0 0.0 0.0 0.0 0.0 0.0 0.0 279.172662142 308.4828118223702 1219.9225559867564 824.8439087998566 1477.5144332066673 6228.667860463413 11201.764379115692 1693.198317944571 4380.86100956652 16089.237491737462 18816.814265303812 30243.990243086686 24495.371072118724 100853.1203904424 98336.32467141263 84619.94934635158 48877.70667079509 47177.78879559194 36611.28457401655 31559.92970916168 25036.132185088543 18380.17436254044 18242.77153220987 15661.195254870012 0.0 15481.8835732 0.0 0.0 0.0 1241.565744 712.494893775 0.0
0.0 0.0 0.0 5107.12665469 5217.06039536 6943.96522654 7786.0507347 5461.09866855 6398.3975445 5792.20159567 3096.5624092903613 3531.508256147498 4365.765185618263 6206.8605766321 7071.059876583504 10743.408056561413 4343.361236955032 1059.02020819 87.6643659225 0.0 0.0 482.44258638 454.116552562 423.96837354 0.0 2699.58819086 3560.27784131 883.649826502 1850.61563834 818.619087257177 3982.255479795899 4573.856485562917 4631.29048245 1938.48663375 3874.85199532 17913.504218298935 20927.283423188168 18257.618731619878 29854.39991666597 71855.59914590017 35052.84303710132 31871.681983982733 37305.52652593822 28621.672717832516 15074.364743220067 26663.550643588766 20269.855013355147 19569.425806041392 22696.43806502878 19589.394054192937 17655.552433231238 15673.12933553046 16555.035367162112 0.0 0.0 0.0 0.0 7471.15170937
12852.7935126 12989.6294364 19833.1847569 11161.366292 7313.64706972 8578.99595025 7202.44127813 8592.45909 5904.254916 4452.93387142 6328.876494471428 3337.52966599 3476.50039298 3462.77626425 8441.391714077792 3144.96507798203 6850.236065038568 7491.981954 1881.36263824 412.67190194748923 645.936869531 1609.7584787204116 0.0 0.0 0.0 3556.0906779 3992.1799008 3264.0568065964617 4692.414712951255 4889.474645604419 4909.457994978135 4111.181966666907 11066.541967773745 5312.54716275 15065.515749556314 25077.287034254525 23132.07413451883 43469.36812430415 41692.13944732177 30075.52442602835 44357.20294534807 45568.556947066354 54756.19772608677 41853.23933920484 32268.958804301452 25313.09789899118 15717.173241355802 11954.443351783193 18295.635803460533 26960.928454501627 18178.263430081017 17273.06768022167 18072.67565494396 0.0 21953.78370673616 0.0 0.0 0.0
7315.902776291703 8692.723147262426 10320.513748103403 6343.643907294478 4977.2483424 0.0 10762.9105421 10065.6789187 0.0 5873.02503375 7967.0081205 8785.07819587 8605.0133325 6131.648005346116 5027.826589624004 5341.2494121528 5503.3005987 8765.139824683065 3598.69889981 1822.3444785 1075.036979131781 1455.925447900629 2925.31760764 2713.56962167 2838.85052625 5288.918929048969 11019.391359750847 7755.303416143423 9014.146700098492 11995.770533473178 14329.100579670478 9804.761552108404 19890.65457953493 15950.415069337505 19392.94182161045 26089.238236926416 36962.80498743717 78841.46099420999 30265.45753046022 88154.65806265775 129907.31917697273 59401.522172001896 125896.3570467245 39494.318793117214 39159.51762060644 46682.23636628207 35747.67570478443 30627.882136847184 12294.290175584078 24347.863481614862 31436.900878544933 22295.515100852812 10987.340339106293 19419.05257876861 16797.310709985843 37842.11840070892 28213.284855919672 21925.14925955115
13372.9445543 16300.4283922 0.0 0.0 0.0 0.0 3168.5786658 1226.63087775 0.0 0.0 9213.666084 6477.731085 10655.977449 5651.33897047 3910.923112543761 5975.008310848527 5161.21668255 2658.2806774917703 6366.27026243 3509.66184004 3098.2702083577683 4261.403799942292 4653.95219021 9074.43068175 10169.7626857 10522.831492697673 12266.784001477448 9392.481834220258 17459.01388890809 13656.041644712543 28932.993951875083 14699.271686317705 16237.934588477463 23162.056136930863 18697.407034536813 23248.122025968016 23975.073340686013 52077.37746359495 10638.785551572098 43797.260219369244 50996.17200858554 63786.77506453401 63395.84139313974 133349.3722821091 56539.029315777196 63242.396501351905 56454.22545204635 41495.767934064424 35272.599517905735 22602.28365364894 10189.256371752597 26002.81454598493 18471.563797202947 37642.96970561642 10623.426522747328 0.0 9713.88362815054 19883.343919571278
7437.51869745 0.0 0.0 0.0 0.0 765.927009188 459.951457222 0.0 0.0 2412.66519506 13156.55523 0.0 5303.3069115 2405.5128387 1982.18254946 4202.071853225333 5842.30844063 2625.11795936 1496.82148621 3577.87091595 0.0 6111.274467651069 4873.098110451261 7090.555858530879 14612.5004279234 7567.849801536131 6157.686899674802 7329.436266109882 13923.410264225151 16386.071664625273 17268.04741095256 13292.7035623714 12481.237711636539 18158.10056066206 4990.738781401174 3580.830508828571 3881.1702619765674 9249.219901145127 5292.522646975132 3168.3556560019906 15367.273153652905 13726.090618973289 65007.10258307576 125439.70874417259 116800.55582059687 153572.98507842488 82903.60735538654 70584.46508644914 58895.16578272186 56969.08414265826 45456.22848570803 29725.66278164922 30843.194793276583 15450.007400152685 6769.919578694195 8596.927397941494 0.0 9069.039475392447
9664.63734112 6215.3660745 0.0 0.0 0.0 0.0 0.0 696.013590825 1814.2157079 0.0 0.0 6499.86006735 12220.273173799462 8435.896218 6587.9154495 5964.829161 3873.4958262 6429.660055456405 3670.36727636 2193.59860702 1611.0597401436708 6001.838825820141 5806.23443070893 7685.165771065036 7579.513010509023 0.0 0.0 6239.3507944181 3370.5967555185816 2563.4439366306756 4618.731262119033 1728.6689847395678 11999.17985516752 10264.689891415466 6233.870249328185 7845.017577136855 3524.556586778277 8497.547799838449 9077.841425824126 642.7177517671382 988.7615711102358 8087.151555879105 5309.1315130219355 30310.583609064943 75496.12182309887 79700.52450459274 159448.5383727952 82946.51626520877 68533.58784622644 63403.65718604406 43154.10008588802 37693.41667916129 39168.16824538712 31565.34521454369 18490.506562632916 29444.866343095717 15755.552017817185 13870.387634795843
0.0 0.0 0.0 0.0 0.0 0.0 0.0 0.0 0.0 0.0 17616.3375806 4637.26070775 0.0 9371.727375179453 8066.474617746204 7764.529439306409 4938.628563 0.0 4943.120740655677 0.0 4546.193288863771 6686.6405897462155 6938.2210157500485 4708.647720310802 3020.57513212 5142.2915615863585 4924.762518705288 7404.140491974158 5893.876641441579 7498.589463670376 14716.701696028009 8331.129209929237 6319.17568935315 4364.804049216784 2675.683639755286 4766.202908168663 4980.8729905230275 4480.674517518113 15942.610118504599 462.45360295838935 3942.1950381784 961.365405960313 7972.459963603631 12522.1194706 94935.18249572063 64286.47574001601 75340.15502348257 114380.38335712848 65823.48546827794 96136.56430156187 71721.4563974474 52743.81494307481 47441.49371509995 0.0 21283.51321527558 17952.786108590946 16186.672419269997 11414.102260914484
17377.3880141 13494.1018125 0.0 0.0 0.0 0.0 0.0 0.0 0.0 7414.258602 0.0 0.0 5926.03424944 7643.28657675 9646.531131765623 10004.714807756538 11925.918563713738 4320.10318189 3470.23838951 5641.3773885 4885.37011462 3819.3490254 13119.304069899046 10092.434310750414 3945.4304396018115 3066.4806367747915 7698.644638065867 12766.38068508824 9969.201083307698 10884.696402818758 5531.3066468188035 6786.652113521689 246.0867060262403 764.3817446251654 3672.3363945225965 8775.28343870734 53480.2753977878 34408.326684155996 42225.704093904904 18454.311088075337 1716.25557251 68.89937187 73.8928148055 0.0 43633.00770536038 141141.15363768797 85422.0180748782 164134.65443227184 140081.13121192995 63956.22896795203 94304.11633665627 69628.62812100144 49156.645817989076 40774.51657626815 22346.374902636984 16407.88624256653 14941.167591962227 14825.251745962012
0.0 0.0 8063.70344437 0.0 0.0 0.0 0.0 0.0 7913.554335 0.0 10467.5806207 5884.476975 6311.5591047 8303.5723875 15184.210120028149 8707.795773492915 13978.526971621639 0.0 13177.8507645 9287.02110656 7376.81674305 7953.7545516 13818.494435457378 21148.701993801475 12664.170392745322 8422.66995536 7434.1283949 12229.4949744 10640.669833625674 5967.5429163899225 5129.836547963123 2105.219091549742 1403.695545248269 5611.991546332081 14394.734694305118 10210.877039536648 34006.873938655095 512.826596025 0.0 5929.54338375 6158.0541015 1312.412005009925 1613.8039410333556 0.0 699.546855336481 3485.8153005983845 59137.91618619496 150377.91025268217 163508.42528469645 93463.19528882565 89528.25638575877 100729.60378245088 58087.83878697274 49722.40006417961 35846.19561691847 16802.1874590706 17796.49446434554 21195.796254006294
0.0 0.0 16636.22873414275 0.0 0.0 0.0 0.0 0.0 0.0 11358.4558222 14516.111388 5615.982603 4282.50053025 8769.2882655 12436.258579843763 13055.4953085 15997.533730859272 9765.28879125 7962.0355965 3496.77804525 5354.87413582 10413.7549113 5639.71415186 7002.7296039 6436.63041446 0.0 0.0 15620.095544180083 6780.384165737856 6128.775488348043 4307.091949827936 2373.70075016358 4402.171135939253 12095.894287726589 23160.11824822302 60588.27476832982 7126.22207715 3400.5432495 0.0 1117.03263045 60.6196874205 0.00011884425274 7.90605980561e-05 6.34429994062e-05 7.06994619739 6.63238794667e-05 151.00197942861706 16797.132843 85449.33101700668 156732.94800369203 123110.91110902946 85782.65719471508 93546.86679699626 49313.98967902879 26750.11486569375 22845.606487592828 16924.858574341117 18362.26403845834
21075.878124378705 6076.13922945 10933.718911658727 18344.507904389793 16034.3724701 0.0 0.0 15884.416280909923 18069.461502128215 14527.6085036 11928.7619197 5595.53189265 1974.3339231 7289.17643859904 13581.2823077716 16097.242278667916 13035.3032812 10438.3009819 2948.4391002 2127.41052967 3496.96795474 1581.67230401 3480.49494844 1253.54862454 791.85553872 0.0 7523.404575 0.0 7765.082814867306 6180.498284079997 5966.060392723706 3154.854648428308 4729.61835225 10145.085321681812 21243.00524871091 59720.51518061585 12986.9595075 0.0 0.0 0.0 0.0 0.0 0.0 5.70882087202e-05 37.51297445838999 98.84624109947455 0.000110389518461 3076.9071129 22322.8515949 59801.67305235955 175357.52278824666 82290.91287970476 128559.70612250634 90965.7858165341 49097.00342440432 24663.66873311753 23564.018067716264 26337.237009432523
15955.286503800602 21504.181703473547 0.0 4795.6706982 15541.210464424574 18425.61099 0.0 19823.5888144 17761.4486741 17933.8306489 0.0 7012.6958964 4030.4553933 6032.97384742 6573.22339665 9081.845085556015 13317.287965076848 7852.3767405 0.0 259.663559243 0.0 2635.27715756 0.0 862.364608312 0.0 0.0 0.0 0.0 7816.84597309 10812.263355 4882.70386012 6395.013291333161 12314.793607142503 11666.334351415837 15902.30717965058 18827.7525244 17257.084752 0.0 0.0 0.0 59.5776453945 13.8390927522 0.0 0.0 63.9768671325 0.0 9.133364304e-05 54.418424445 2677.8395862 76817.423916155 160453.95143746427 184839.66040895678 166946.86197267074 94538.81241661322 90053.87253665927 41521.78392962304 24323.30657204358 28655.47267348778
11280.401913375903 18912.960700893993 18659.006726874588 8985.98518425 9871.631357067166 12776.342409257932 0.0 9231.43454775 14405.3919187 14750.282547 26276.073724038553 9643.5211455 5565.1550229 4525.94663299 0.0 0.0 13773.6318637 9616.872447 0.0 0.0 3468.4876026 3497.02151006 1258.59269486 0.0 0.0 0.0 0.0 0.0 4937.81778 8518.35602925 8448.12615383 13396.195307034395 10204.805842464855 8792.647644 10315.3614825 14421.3133894 0.0 0.0 0.0 0.0 0.0 0.0 0.0 0.0 0.0 6.70978537144e-05 0.0 229.72820876625985 0.0 4499.073162 106511.897353 238619.26561627217 243377.12039405323 251132.67085492006 110952.42148907331 73757.45004418756 69613.00282849415 35062.03570247025
13181.600456482083 15518.290095466626 11887.412985036415 17350.55577862285 7846.433230884183 9938.035590888963 10866.950749887148 9846.656575393134 9569.2513125 14240.145 10902.1391899 0.0 6635.7101109 0.0 0.0 0.0 13346.7594585 12118.8934177 0.0 0.0 0.0 0.0 0.0 0.0 0.0 0.0 0.0 0.0 9995.1703635 13388.4208102 17479.922988252685 17627.46234921236 18132.103095512794 10634.072850451292 13349.89424757843 14075.952527334115 25305.444261 457.667420513 0.0 9.54746418011 35.5749977385 0.0 0.0 0.0 60.142698804 168.83515341 0.0 6.28000294252e-05 0.0 53.2872561004 900.0305469 8633.613825 100523.4340311286 228589.28570944167 195407.10587314208 144070.26330404062 76180.88885539753 109830.45882355617
12900.136138598587 8858.04279653 10013.89719035592 14315.348127277357 9402.159249259024 20698.178335791003 4794.593777372911 6545.1071054819295 12973.074455831496 8451.7351924514 14197.395297622536 16786.18930996972 8033.88417187 3766.2780492 0.0 14479.4742727 12061.4386556 18412.1161526 6160.09092 1173.04086308 1442.16292613 2147.40914175 1914.0316728 4422.498436095109 6028.550277 0.0 0.0 0.0 0.0 21057.7397625 28896.8772787 16631.6048415 27661.51971 24804.839104434428 17579.567454061245 20166.70300761818 7454.5840425 0.0 0.0 0.0 0.0 0.0 158.360558006 0.0 28.394952933 343.385495696 105.691676438 0.0 163.833090666 0.0 0.0 89.21817399 6661.7452635 0.0 161490.15803615653 291510.6739665442 219270.89105214563 110853.57470767252
24388.409089018158 0.0 16390.98126135306 17293.87296 0.0 0.0 0.0 0.0 6026.135657873827 15078.487467358891 21168.93090532122 21501.471765651382 10745.1107775 5594.55241774 2701.1573061 11219.721444 16139.372139 13995.285131159879 20357.785638 6147.69440587 5570.51049551 7000.33470713 7134.92190563 11594.2129087 12556.8120885 0.0 2982.08411865 0.0 16391.5812638 13141.626104752482 30196.5370702 2091.7879122 8564.6601 19399.8224235 19705.0871456 20050.2497606 903.246688012 0.0 0.0 0.0 0.0 0.0 0.0 0.0 0.0 1241.4467238 0.0 830.307059197 409.35776775 0.0 9.94817442825e-05 62.05539945 0.0052722651172587 1080.62994233 23187.2874188 122097.05742687472 114265.49304612569 75062.0386711699
14703.4500337 45818.30760536912 17422.0728322 8040.36353081 11481.0619531 15856.586258638255 17502.67018469076 22574.68516938173 22589.92574805531 23214.940016759385 20330.7551136388 16007.0599087 25764.811579563546 0.0 0.0 4970.9228913 13366.3029247 13069.0767296 18541.541412 0.0 0.0 0.0 1533.51183143 3042.71134755 8599.51485675 16302.9138176 0.0 10241.559228241666 12864.860714680288 16554.859184886605 24397.577325 413.55716886 691.21079475 7125.068286 9210.254826 3944.5366872 0.0 122.245693752 0.0 593.3100471986621 0.0 0.0 0.0 0.0 0.0 0.0 1145.51035977 799.228072298 881.4538665 8.53269543596e-05 621.5075262 31.5735623418 0.0 55.9875624 0.0 546.2259307557622 5550.104515780681 68674.3556708044
18694.1378085 16409.4119333 14941.7688112 16313.7897525 13810.1276512 14906.346714 16378.54667027903 24393.1719281 16078.728462 19957.60812 21843.340509096553 8245.120884 11513.7444735 17379.904474454634 15239.00722264299 0.0 0.0 0.0 0.0 27600.370893 0.0 0.0 0.0 0.0 0.0 2950.776491394564 1552.1993163342167 14224.2619365 15338.873613089529 25980.505658779068 31045.2889939 295.891307422 106.978194828 144.250907294 0.0 0.0 275.641186672 611.946746389 1678.1092613694977 0.0 0.0 1042.4377128 1323.18385673 797.31786645 0.0 0.0 679.909278 2500.69177159 2656.22208232 793.852831777 566.002774575 8.51034407929e-05 0.00026581397229 9.21408235312e-05 52.2263511 0.0 995.4473216587031 8652.32797760921
10558.8034959 0.0 16449.8707462 13161.2916887 18051.3148395 21186.758265 20167.8246862 30950.9576025 30783.1650285 28895.1143827 10286.1565909 13388.0329931 706.738060912 0.0 11239.788576 17300.8136888 0.0 17385.0381788 15878.6599687 14049.3349384 21708.733506 4838.84155294 1511.80660552 0.0 2509.43583109 7192.177299118468 12010.0322396 11704.814646306797 19346.9723475 28173.753846976597 33241.4189344 953.073840337 0.0 0.0 194.42117232 0.0 2790.28920893449 1367.0190687 0.0 918.070101337 0.0 0.0 915.358897324 0.0 0.0 449.202070665 2664.82485953 0.0 10447.3912185 16926.760962 282.48969273 9.66752531437e-05 45.8396570917 0.0 0.0 0.0 0.0 8.70003582975e-05
-9999.0 3825.4677651 14696.3498906 21525.845553 15371.8771537 25252.4660115 28343.1374587 24923.4431944 6208.01290125 1679.70297596 9384.24238762 13365.0429638 0.0 0.0 583.317498172 864.20754 0.0 0.0 15080.3865169 0.0 0.0 11875.4675077 11094.6417266 10875.549006 9564.558003 7304.150997 9343.27431113 18354.2102857 18555.7522384 26703.5119673 24664.0710799 224.60956128 0.0 1094.8310811 1049.05786961 1593.0150034847848 1035.05758706 2836.63653562 0.0 0.0 895.619775248 0.0 0.0 645.4155825 0.0 2959.2106611 4794.26581058 0.0 59038.282215 0.0 0.000147477337875 153.138162937 381.4738050017073 0.0 0.0 0.00028002278468829014 0.0 0.000213952527967
-9999.0 -9999.0 319.11751224 9983.17296112 13564.1933175 13963.7301619 8527.90943925 1806.34690215 0.0 -9999 9427.265385 19218.66680013847 17684.397417626293 17648.5628966 16358.321727 11901.606945 9910.01381587 12761.2775235 14999.020113 10651.027467 14343.8306944 13281.2066865 8253.0040725 0.0 0.0 9187.6110525 0.0 0.0 24029.8923765 24229.032612 19674.4808468 0.0 75.2672448045 0.0 1231.59763058 1372.6503265172416 0.0 3092.6590596 2208.33879761 0.0 0.0 0.0 0.0 0.0 0.0 7243.94041455 0.0 2152.65381705 5394.022755001737 0.0 22820.41842988497 0.002918427739506997 0.000272443790385 0.0 0.0 0.0 0.0 157.664348438
-9999.0 -9999.0 -9999.0 -9999.0 -9999.0 -9999.0 -9999.0 -9999.0 11914.6866817 -9999.0 7913.888889 23801.6445214 24900.0634972 20321.2951673 14748.6064785 15929.7474278 16430.7716505 17030.9979304 0.0 0.0 13717.6922025 0.0 10012.6703726 9912.70368788 9554.547927 10651.751877 11824.3384324 0.0 13097.296431 0.0 0.0 0.0 78.2525425654 0.0 0.0 858.491170313 0.0 0.0 2163.40741305 0.0 0.0 1866.52356187 1128.95524939 0.0 0.0 5642.6685711 12868.14373924538 761.6756691 5186.102563627915 20356.22319504133 7912.70035875 1082.927464269534 14468.488245002041 16912.630713156337 0.0 0.0 1253.807655912463 0.0
-9999.0 -9999.0 -9999.0 -9999.0 -9999.0 -9999.0 -9999.0 0.0 33318.22356562321 -9999.0 0.0 7430.64349275 7480.95176888 9735.83384287 8744.10630975 13408.875351 20953.352805 14438.8316231 0.0 9527.9605995 9229.959732 7609.0777395 8854.81548 14293.6635968 14668.1703563 14045.0826667 18120.5494076 0.0 0.0 0.0 0.0 0.0 1680.15820867 116.699473993 0.0 0.0 0.0 0.0 2921.44768481 0.0 6721.02554175 3174.79133002 1923.17968013 8760.04521705 0.0 868.9379328 2486.2943625 3853.03599769 12429.067366224743 904.910509687 80028.78597041137 12967.328761097677 9688.839491377967 143.088120713 12254.245838131004 11728.677825593082 0.0 0.005359727777226543
-9999.0 -9999.0 -9999.0 -9999.0 -9999.0 -9999.0 0.0 0.0 15273.884654237874 -9999.0 -9999.0 -9999.0 -9999.0 29.249261877952506 224.47341378 0.0 961.375723331 3970.99604981 0.0 2166.0018075 5245.1871705 5512.40917875 3126.00740305 0.0 2305.34347252 3360.8513598 6703.0570308 1257.99350985 214.42692765 5112.9724185 9657.536883 0.0 0.0 94.7228492831 0.0 673.243679625 0.0 0.0 0.0 0.0 3350.48036719 5116.38866831 0.0 0.0 2129.18859345 1490.46839707 11704.7035174 9138.560939660536 199.0560285 3930.43865044 23353.797918977813 38600.405439085094 58518.70393052103 51726.58253412357 7491.867703752943 3547.1767906453333 4655.648057542976 25905.17767743246
