critload/trunk/output/1999/nman_crit_sw.asc
ncols 720
nrows 360
xllcorner -180
yllcorner -90
cellsize 0.5
NODATA_value -9999
[rows 56 to 83 of 360, columns 496 to 557 of 720]
-9999 -9999 -9999 -9999 -9999 -9999 -9999 -9999 -9999 -9999 -9999 -9999 -9999 -9999 -9999 -9999 -9999 -9999 -9999 -9999 -9999 -9999 -9999 -9999 -9999 -9999 -9999 -9999 -9999 -9999 -9999 -9999 -9999 -9999 -9999 -9999 -9999 -9999 -9999 -9999 -9999 -9999 -9999 -9999 -9999 -9999 -9999 -9999 -9999 -9999 -9999 -9999 -9999 -9999 -9999 -9999 -9999 -9999 -9999 -9999 -9999 -9999
-9999 -9999 -9999 -9999 -9999 -9999 -9999 -9999 -9999 -9999 -9999 -9999 -9999 -9999 -9999 -9999 -9999 -9999 -9999 -9999 -9999 -9999 -9999 -9999 -9999 -9999 -9999 -9999 -9999 -9999 -9999 -9999 -9999 -9999 -9999 -9999 -9999 -9999 -9999 -9999 -9999 -9999 -9999 -9999 -9999 -9999 -9999 -9999 -9999 -9999 -9999 -9999 -9999 -9999 -9999 -9999 -9999 -9999 -9999 -9999 -9999 -9999
-9999 -9999 -9999 -9999 -9999 -9999 -9999 -9999 -9999 -9999 -9999 -9999 -9999 -9999 -9999 -9999 -9999 -9999 -9999 -9999 -9999 -9999 -9999 -9999 -9999 -9999 -9999 -9999 -9999 -9999 -9999 -9999 -9999 -9999 -9999 -9999 -9999 -9999 -9999 -9999 -9999 -9999 -9999 -9999 -9999 -9999 -9999 -9999 -9999 -9999 -9999 -9999 -9999 -9999 -9999 -9999 -9999 -9999 -9999 -9999 -9999 -9999
-9999 -9999 -9999 -9999 -9999 -9999 -9999 -9999 -9999 -9999 -9999 -9999 -9999 -9999 -9999 -9999 -9999 -9999 -9999 -9999 -9999 -9999 -9999 -9999 -9999 -9999 -9999 -9999 -9999 -9999 -9999 -9999 -9999 -9999 -9999 -9999 -9999 -9999 -9999 -9999 -9999 -9999 -9999 -9999 -9999 -9999 -9999 -9999 -9999 -9999 -9999 -9999 -9999 -9999 -9999 -9999 -9999 -9999 -9999 -9999 -9999 -9999
-9999 -9999 -9999 -9999 -9999 -9999 -9999 -9999 -9999 -9999 -9999 -9999 -9999 -9999 -9999 -9999 -9999 -9999 -9999 -9999 -9999 -9999 -9999 -9999 -9999 -9999 -9999 -9999 -9999 -9999 -9999 -9999 -9999 -9999 -9999 -9999 -9999 -9999 -9999 -9999 -9999 -9999 -9999 -9999 -9999 -9999 -9999 -9999 -9999 -9999 -9999 -9999 -9999 -9999 -9999 -9999 -9999 -9999 -9999 -9999 -9999 -9999
-9999 -9999 -9999 -9999 -9999 -9999 -9999 -9999 -9999 -9999 -9999 -9999 -9999 -9999 -9999 -9999 -9999 -9999 -9999 -9999 -9999 -9999 -9999 -9999 -9999 -9999 -9999 -9999 -9999 -9999 -9999 -9999 -9999 -9999 -9999 -9999 -9999 -9999 -9999 -9999 -9999 -9999 -9999 -9999 -9999 -9999 -9999 -9999 -9999 -9999 -9999 -9999 -9999 -9999 -9999 -9999 -9999 -9999 -9999 -9999 -9999 -9999
-9999 -9999 -9999 -9999 -9999 -9999 -9999 -9999 -9999 -9999 -9999 -9999 -9999 -9999 -9999 -9999 -9999 -9999 -9999 -9999 -9999 -9999 -9999 -9999 -9999 -9999 -9999 -9999 -9999 -9999 -9999 -9999 -9999 -9999 -9999 -9999 -9999 -9999 -9999 -9999 -9999 -9999 -9999 -9999 -9999 -9999 -9999 -9999 -9999 -9999 -9999 -9999 -9999 -9999 -9999 -9999 -9999 -9999 -9999 -9999 -9999 -9999
9018.18097027609 9675.168698389587 -9999 -9999 -9999 -9999 -9999 -9999 -9999 -9999 -9999 -9999 -9999 -9999 -9999 -9999 -9999 -9999 -9999 -9999 3314.1539781168367 -9999 -9999 -9999 -9999 -9999 -9999 -9999 -9999 -9999 -9999 -9999 -9999 -9999 -9999 -9999 -9999 -9999 -9999 -9999 -9999 -9999 -9999 -9999 -9999 -9999 -9999 -9999 368.17941272917886 -90.17844120665451 -9999 -9999 -9999 -9999 -9999 -9999 -9999 -9999 -9999 -9999 -9999 -9999
5216.7734497052425 6569.302656098348 9033.374172330876 5628.434315272669 2184.511948932474 628.2517327949398 -11066.310246569457 -1080.6765216747974 -532.3540367434584 -397.8421754009042 -9999 -9999 -9999 -9999 -9999 -9999 -9999 -9999 -9999 -9999 1556.1209516282065 -9999 -9999 -9999 -9999 -9999 -9999 -9999 -524.3503815454392 -30.099562376218714 326.43284468600905 4773.581870117946 3095.744335740453 2095.942834481076 -9999 -9999 -9999 -9999 -9999 -9999 -9999 -9999 -9999 -9999 -9999 -9999 -9999 -9999 5461.762139689744 2252.291836385161 203.77011957846264 -9999 -9999 -9999 -9999 -9999 -9999 -9999 -9999 -9999 -9999 -9999
2826.470065421407 -187.11348315911263 6877.443048868831 1715.3866579456735 2487.9830620226594 1473.792414038504 -440.4065879456418 -4956.509786427049 -487.83211260814744 -7850.906526364818 -3664.0184230120617 -3763.223568137441 -312.06224715645567 -129.63836114340765 -167.2859873189204 -1959.1763894527019 -9999 -3249.5548014380115 -9999 -9999 -9999 -9999 -9999 -9999 -9999 -9999 -9999 -667.4097189134986 -548.4447917713236 -9999 -9999 792.7815650945944 4640.253939683746 -9999 -9999 2704.965834575143 2106.038444498242 1608.458594911472 3475.703990729541 -9999 -9999 -9999 -9999 -9999 -9999 -180.86872680609594 -9999 -9999 -9999 3938.388649764502 -122.59732184926126 -9999 -9999 1816.0246714983289 -9999 -9999 -9999 -9999 -9999 -9999 -9999 -9999
-1657.8938369437585 -809.261606046664 -237966340.90729827 1995.7843515353345 20457015.93882703 -1533123.4645545853 131.546879371329 -719.0252677218688 -10975.718637201358 -2495.588088106022 -1681.1122886513717 6723.48338309712 57174506.980026215 -2721.5593382550796 3198.9934314507136 5135.101210029594 5938.364174657045 3506.7916468322715 -7366.705244111879 2781.2924838271147 8516.60804157145 5467.785452079956 -9999 5317.125578354974 -3886.9533035925488 -9999 -9999 -9999 -9999 -9999 -9999 732.1007195544404 -147.60822394278463 -10185.320193821237 -1773.0396162536917 1901.6581770778096 3596.2412079865935 5391.82282999297 3041.4969573065464 -9999 -9999 -9999 -108.47770517603243 -9999 -355.55434741704323 3690.8532688517557 -9999 -9999 -9999 557.0358834590927 -236.53675825002347 -141.86953629006422 -9999 68.05992578378378 1821.5256112385125 4002.4271221280856 -173.54212716437672 -9999 -159.84691124936217 -118.96713570956125 -9999 -9999
-9815811.104378153 -169545619.9463466 -6846230.33658682 -13068874.46810101 -44870970.2011622 -12175717.179148505 -18464730.00612547 -1890.5717523115559 -1412.6197340152087 -24211554.139999084 -1152.281906956586 -6578398.5533636175 29284585.29177669 -2427252.3133092206 1001.0173971712807 -1410.0123429317778 2723.5088172275496 1727.0904005518576 -2711.5561253343794 8147.956980405518 7218.341044743461 10427.628528302283 3086.662507032564 9797.5100619579 61.6279390774634 3685.050692605601 573.5947936949281 1016.5925947715151 -582.4701747413789 -487.478483584245 -1209.1649593776187 -39983666.270531096 -191.98415105836222 -10105.047527283152 -35779867.654506326 330.82194132840397 917.0639515077254 1177.0685799679693 1245.4234964709528 -731.9248173008442 -385.9986584344232 -213.2972810616375 1364.9253721393159 1100.4666595937379 314.6058981527445 1030.9726199061213 -167.53246960621254 -9999 -68.71055800013411 -8249.340785065735 -28061560.866748545 -446.22384114082377 -9999 12.818721766661895 690.0367800188922 -1242.6726017994342 2145.757249632913 -144.42665558174176 -66.62331575078188 -9999 -259.8713988825 -9999
-37658225.973876245 1636.9801868207626 -5258847.839216188 -1154.7426874343037 -17254194.042151123 -37.31060523373085 1494.3019864253135 -4229.091275450259 2590.6846192228118 5041668.169912523 -32484104.811406635 -1480.8758487502305 6542780.363020802 -21283740.483030606 -75812958.3474545 -5360.287861901997 -4079.2033129960273 -4473.416987577596 -3196.2915041461433 -3471.7920985894834 -2133.7086524367437 -1457.7277495120284 -1649.7734596051178 -2116.257799301234 -5805.04622357196 230.0085379822929 2902.1606458202446 103.89249800297975 -915.6906520202485 -1055.4418168060927 -167012513.17556936 -78260690.26941796 -42475722.77227076 -19559350.191318933 -18986992.732212927 -805.8707873923156 -172.2301429867623 -9999 -30.07485551527575 -75.99739994043713 -149.76852575285787 1866.4126995868505 820.2309357393657 1601.480127404492 1137.3349368617953 -369.83563950128826 -255.11966183976585 -99.32056545563835 -9999 -888.0501622254125 -25.139032781844282 1417.3208024050896 925.2633149386771 3319.365523764659 410.80075841779484 -517.7504527306631 -161.5890951338623 -9999 -9999 -215.97329539258052 -19.41549584287801 -9999
23953312.400412593 10991749.687398037 -6069654.868531134 -34977404.503632866 -49185194.60393008 -34647054.99586145 -2823.075425324303 2806017.887894362 -27370207.56941016 -3197877.1092282343 -126106417.77392864 -50814479.87632557 -16241255.229753572 -6022750.906601256 -23862221.143800218 -3050.5183158490127 -9999 -355.35814664350386 -825.6556509832519 -3802.0602002886494 -283.9009250829459 -1041.1754095942701 -1311.038756029343 -4749.656906747344 -4049.65866514391 -16267.808860595653 -40.29278571582362 3011.0915307794744 -5301398.960705482 -270630199.67793435 -74027959.13856675 -31584390.456642374 -31537600.741858374 -22664175.166716397 -16166827.224221438 -14035050.83577184 -73955852.95084183 -871.9036923514341 -9999 -9999 -9999 -470.0206618834382 -242.3571726586926 -203.71611434827494 1.2609393193420797 -7335927.140053733 538.2339236857777 -246.79346934646367 -611.3902269897409 -9999 -9999 1808.9958449987462 1155.037838467859 3101.559273303519 930.5496990556653 -9999 -9999 -9999 -9999 -9999 -9999 -9999
23600521.078746464 -10866505.036766937 -69260656.74330905 -20754199.223297767 -16545731.588430166 1184259.337655104 -46787994.93027395 -16112955.163912734 -17468008.313705787 -26637668.4772913 -271816620.1232779 -6253357.375103716 -22830394.424921192 -12408525.515855184 -27820893.664303243 -3842.461131051671 -7707603.092473699 -6433.309735659006 -83417836.60200924 -11402.621278687187 -4068.745320240938 -1863.196309938242 -3470.7214347655836 -7417560.863706301 -41368917.04832601 -2243.5963000144234 -10491413.718236588 -1901.9372764559196 -19008960.66484302 -151551165.89918193 -54122488.81013026 -870.7750155485433 -556.062459915309 -866.6617209732476 -15730893.054582834 -13924160.5448929 -12252821.30491177 -11314235.340289762 -122.55802523640654 -9999 -9999 -9999 92.13779107756466 117.32043796139966 378.55615719590253 -30.101004686023145 -390.52148953190806 -36.25229306069869 -200.80781732806966 -9999 -9999 -9999 -9999 -9999 -9999 -9999 -9999 -9999 -9999 -9999 -9999 -9999
-10967463.881699903 -20677529.12290294 -26795538.230009682 -119186348.9869036 -726082.1618980514 -3934444.7537668278 -26816317.423313335 -22593431.350790262 -27395463.30830798 -28245180.805572294 -31835202.479874164 -21122040.53278778 -21785688.85089167 -25259583.832506906 -3462097.255906682 1438.2974756023539 -66756442.987277664 -38156108.70295792 282.78414229982616 100.9680716631265 -25198291.628206007 -2485870.969932073 -11152683.103933694 -13011199.34820885 -13227664.89862481 -28227472.141543075 -29581769.41429905 -1035.7189442236138 -18534389.49950335 -6253362.571678181 -4453075.184100234 -10782762.794266202 -722.5107717725521 -220.86866572564514 -103.78593900269108 -566.6437405697992 -16864964.73011265 -10819780.582944872 -368.0794242080436 -180.7782234063659 -9999 -9999 -9999 457.4216619834261 -97.21205478124331 300.5218163238828 -249.3782899224562 -7384344.08334699 -331.09561405504684 532.1077168548593 -9999 -9999 -9999 -9999 -9999 -9999 -9999 -9999 -9999 -9999 -9999 -9999
-26640381.415211324 16507345.818384677 -42497018.319515176 -55898936.63872924 -53108147.36819987 -33114199.29266578 21323186.231799547 -12262350.760897787 -33072748.869939834 -48472817.166385494 -39132908.651786566 3019.222765333046 5163.436967725716 -12305528.71341685 -16284594.846401684 -14205163.22232321 11088982.026282243 -10641223.389947288 -4480.962373909793 -10442.795641009698 -75.07598465869005 -41396652.45321167 -419.751193944465 -12716712.355590142 -13216428.148793248 -13662595.474823302 -14367189.066318441 -25593374.298235238 -35720809.95350365 -313.9684171513723 -23502983.244386297 -9427212.390479669 -3267910.4863989116 -3080221.0894081327 -3496966.2977456176 -536.2489187591863 -134.91787383995637 -1767.1954963418732 -70113621.3902855 -194.77304425987262 -9999 -9999 -9999 2427.0132223850646 157.60388689872073 758.5585085768644 -49684064.49663235 -12792462.052047497 -72.10745804795681 985.4442970004332 872.189291556305 -9999 -9999 -9999 -9999 -9999 -9999 -9999 -9999 -9999 -9999 -9999
-27837029.04213811 -30385335.028841127 -12719041.197380958 -34896035.10856514 -16994652.539184228 -41547397.91453373 -47780122.542934276 -1782579.27530273 2318621.968419716 -11835163.121419307 -109872445.27744384 -29357365.695943486 8161163.251180756 3153851.0538961967 -28554502.7862896 -43058383.564674705 -16065810.533910308 9037584.942519357 -21812099.66311174 -7372251.369470265 -612.5602290515469 2481.0906518192996 6474.9964498549625 4898046.780067293 -6450578.799481828 -9123786.301436845 -24195590.811412685 -20438357.717829738 -18870847.128808152 -25810481.04697944 -36083522.981301226 -192193887.48247007 -702.5772401078383 -6972418.980662419 -3002807.446855647 -2934622.187146021 -13761516.374221819 -216.9918070447543 -394.92371709919223 -9999 -9999 -9999 -9999 -202.44358441702792 -135.51994222144492 809.2201811797862 -19571583.88897091 -9836220.520902734 37.68501349010454 712.13174123009 1313.2996369546513 -9999 -9999 -9999 -9999 -9999 -9999 -9999 -9999 -9999 -9999 -9999
4744833.476212 -28668406.613413982 -32888918.26945629 -32183402.105689436 -21274329.713740315 -26345279.706962295 -44096217.29030916 163658.5344019209 2113817.344325997 3264748.67143293 -1996942.8308448636 -7434538.055947192 -18518345.239811014 22113.395195049277 18816.273724415438 -216829.6417721351 -46674650.207436845 -43570404.566231824 -191013.31042578822 153077.76453870666 17767113.074693765 -1310.7016389212972 -1935.8100661691535 -11882.6499072196 1021.5852849838019 -14900451.916508175 -19535919.336151775 -29068594.963610213 -16816872.5211021 -20375041.052388996 -13665494.12842325 -4151.383079420682 448.1975603655877 -8770544.412904266 -18210762.734695002 -5903869.904092267 -11118372.301308136 -346.0171000278093 -9999 -9999 -9999 -9999 -9999 505.6116666040036 44.19606480004662 202.95056302058865 -9999 -9999 -9999 -9999 -9999 -9999 -9999 3376.9323365734963 -9999 244.21052947197893 -9999 -9999 -9999 -9999 -9999 -9999
5773291.592161998 -33862289.47089415 9592253.911850559 9184314.528313601 -33320496.227374975 -39677932.043631196 -36375087.154366955 -55048910.902381904 2905879.8902378064 -1551417.4798032744 318652.33743854833 -10150.911244112616 63966.225047895314 -455105.2235882888 1588415.8403054054 -700769.1392532993 154201.1555843391 -248817346.1065716 -450895.3118705419 -1327047.511781421 416887.51216712967 -1991422.283654918 5405.775742286192 7102.286000241998 1424.4774995419864 -13675993.90785322 -28300843.92858427 -19914643.138170585 -11981807.70071732 -20702575.12143881 -16763241.751888448 -22996621.890433416 -15402936.318993136 -12484935.301120533 -14609725.31076116 -7267161.4030166855 -573.7152916505987 -136.50781632120572 -9999 -9999 -9999 -9999 -9999 -9999 -9999 -9999 -9999 -9999 -9999 -9999 -9999 1198.403396621152 1451.4081910844586 -9999 -9999 -9999 -9999 -9999 -9999 -9999 -9999 -9999
-18351.143442798875 -5131136.139293463 22589.244797476647 3611093.1484830454 4722718.195402973 -22901523.968447283 5334414.799845261 10315925.089014726 1284331.1743161979 615819.5825590364 -395600.2035037732 10684.685291579246 1894827.4217964998 -1917206.7336774634 -2910936.494748343 375772.3684845046 -582523.1961695814 -10806047.663564896 -9999 -9999 545094.4426566764 -4258550.231948337 -1071196.7800477445 -415.8330562043195 -1587.2540544391316 -1394.489003482295 -57536199.04239396 -11535178.983834106 -15803788.791708274 -6947989.181122443 -6791172.589962016 -706.2786218275338 319.24354472603466 -415.34487376825075 1343.8944569270984 -45.79674428582405 -97.99783523726892 -9999 -9999 -9999 -9999 -9999 -9999 -9999 -9999 2067.0985541788896 1076.531429675994 1412.8506941033595 591.7698545996133 1224.0005341657204 2034.9712843018963 3014.835052558381 1111.1841352460376 718.7695606452128 113.1714315866156 84.41932439832806 -9999 -9999 -9999 -9999 -9999 -9999
111415.58978744278 1615064.6298166793 718500.4572570993 -3212294.096064002 8135243.309459424 14442391.487620698 -332719146.3760252 -13470601.45435106 1792686.298084521 5073690.192546347 1697916.4841793037 -616700.490827743 461568.21581982926 15761.210022189101 224460.3821954814 209425.2135091389 686739.4474309046 -9999 -9999 -9999 -9999 -9999 -9999 -1722.1342853913775 -2405.4850508354566 7859276.385203041 -7851912.750661348 -12815044.924709143 -1252.444321234 -152.54746930389788 328.05538139093363 401.8382854204126 1839.6835098932054 1619.39702429731 1477.3659958248631 2060.3931780244106 2249.6934730293874 -9999 -9999 -9999 -9999 -9999 -9999 -9999 1087.4609306315292 393.44453956547557 1121.7086349849299 1440.3750891793045 1057.5105172587942 1057.5260972653682 829.3096187120345 903.9894500919595 -109.27024611560088 -194.08263465459174 -270.7350957565777 -9999 -9999 -9999 -9999 -9999 -9999 -9999
-9999 -9999 -52861430.042905115 -412211.6356366731 -426210.1132646969 3399452.539224835 2594027.564220255 4284100.264559559 2465708.4423758434 -1829594.7473046961 -434773.9065388512 151828.99264988495 4780.045902584013 -388475.03409153776 -9999 -55653.216168942425 -151286.55114652307 195327.9368476335 -9999 -9999 -9999 -9999 -12751816.158489415 -116281507.56632431 3029586.755100779 -461293.5722282242 -34460200.30222113 -20932253.647816613 -12703082.437554955 -1705754.4958309126 3269483.0723143113 4484047.543096948 1495.662617179859 2025.4048127245248 1352.5189468502633 1017.4095912153296 617.4439195568701 1730.8970262670146 -9999 1547.7072395841906 975.7781119495885 -9999 -9999 -9999 1005.3028627457176 709.9898817081606 1860.30030254665 2177.2258375590736 11159133.398945155 -723.0781919429536 723.7598195569569 1021.4105589414478 1173.3079994581115 807.5997536278509 -123.15865027905829 -9999 -9999 -9999 1650.1437944814443 -9999 -9999 -9999
-9999 -9999 -9999 -9999 -9999 -9999 7716923.780299789 -1967260.615821296 145910.83235321165 -24235890.703699924 -8153713.273367077 -59487.58739338146 -312215.77171504695 -121629.21895803233 -167838.8692486145 -363635.7579886607 -618795.4685517043 -9999 -9999 -9999 -9999 -9999 -1228767.2819270515 -872033.6374419534 -62155832.88464215 -10418355.580919119 -12882119.109187357 -6352326.784940779 -2801113.255401526 -4432235.052899516 -4983703.77147835 5336673.722137797 8800834.497786678 2351.1106562405353 2002.9946288356878 379.14575565948667 924.0089183752415 -9999 1464.4240291527478 2228.0982683059146 -9999 -9999 -9999 -9999 -9999 4961011.473732872 3242943.4487079913 7871680.06269122 -51053392.61101891 -9999 -5293954.473155704 314320.5102961076 -521136.47814290103 -568.6618039579098 657.31650149055 559.2250876693554 -9999 -9999 -9999 816.3780889014355 639408.4213401261 5613792.501330143
-9999 -9999 -9999 -9999 -9999 -9999 -9999 -9999 -748036.0998713127 -35360750.02797694 -79937447.73718612 -303856.34116019006 -324468.6489674083 -144872.37491025237 -5361852.327662166 -442029.78811148537 -510980.5614827965 -234061.19243446775 -11621370.91605345 -14867685.50141961 93942.03230539765 -246263.15353492324 -9999 -52141.81292481172 -7841118.266468194 34682.170807692644 -7419082.924532192 -19354929.09877491 -2684924.632386224 -22191661.551362626 -9999 -2758513.7675722945 -1042310.5693499201 -861472.3130347766 2625.7028765983955 2506.7498689650006 893.7886427561235 2323.935109287105 1674.7819875718205 -9999 -9999 -9999 -9999 -9999 687799.4129466433 43001.269156045666 -9999 1750014.6484975822 -3287679.2074869466 -9999 -151888.92205368166 -9999 5266345.195761792 20968613.116233658 -1887492.5106823437 706663.3389212589 2651517.042468454 5745778.460118463 1762047.6811636896 8013034.354768301 6370826.885971715 6767647.838056456
-9999 -9999 -9999 -9999 -9999 -9999 -599643.4128585489 -9999 -4575714.543608722 -1230000.2016891213 -84430.59923787953 -58658.20622959438 -1433005.3752932183 -358256.4903725588 92156.53554467569 -311325.5041132546 -709165.2394743166 -77600.78887964656 -143009.9553812745 267637.27907978155 -843193.6623263009 235020.91931611073 12806.706989863036 -4728.784700083127 -57309.86324960597 467839.6437360015 867087.7009863973 -2589498.6673072237 -13603169.260845602 -12617261.028558947 -6124236.068085667 -14055693.28955963 -19317865.150888212 -15219803.949572869 2863288.9188833633 5178277.955326745 8031313.122271459 7339337.490806149 2238.587044884275 -9999 8587897.28735235 1336751.9480097413 2924367.764955195 99964.01791547424 1410824.1331411644 -211634.5687398249 -9999 -9999 -312134.05110766453 -8723664.256199697 -9999 -9999 -9999 8630140.085949492 5092030.417160863 -9999 -9999 -9999 1626145.4069433657 1791642.3814820284 5230653.474775594 6266046.279534918
-9999 -9999 -9999 -9999 -9999 -798415.4787055865 -3166490.2685235525 -37697269.76698995 -9999 -1119972.768777445 -670847.254043947 -9999 -857090.710957937 -1791667.9972875002 -660660.7707692719 -9999 -405226.6756132696 -316420.1032193816 -246006.14847174892 -9999 -402173.42096954375 1675204.5273603534 1391198.7132168359 -9999 846995.2915209931 512873.72325718484 3211783.2391204173 625881.9863584869 508370.96545909997 3787177.9666141276 -5235209.5960942 -4445599.0748122735 -11268219.803492287 -3884552.3185351784 3772757.6776078483 1051912.2542057212 3402891.2331908057 -1390840.238142376 18.84540279415385 -1225109.1692760463 -9999 -4849984.889033025 3839364.0749899987 -1300330.053273014 -9999 -4962498.801256863 -2818448.0794343064 444547.939102982 -9999 -9999 -9999 -9999 -827555.7342128697 -9999 -1175807.750071716 1692195.3766801814 1110780.6652195046 113500.38029815888 -254332.07078704322 3927426.629314551 3061198.583042245 3567605.936671766
-9999 -9999 -9999 -9999 -3357499.384512466 -19286497.77971655 -9999 -9999 -9999 -9999 -9999 -9999 -9999 -9999 -9999 -9999 -9999 -9999 -9999 -9999 -9999 78153.32135757177 -332925.5584856378 1655902.0131089615 -9999 -9999 1971254.5316851311 1225779.7386319053 4457901.109570253 1354996.4101719721 -9999 -9999 -4121333.752789282 2562179.860197616 -9999 35.12014973438526 -4979.272713411239 -5627.919321104042 -1412458.494510839 -2117323.619375618 385254.3101764138 -9999 -9999 66384.03211204939 536151.4902344152 -9999 -3771420.905633746 -3935965.299689294 -9999 -9999 -9999 -825913.1785611406 -612388.6183848331 -9999 -9999 -9999 -9999 -9999 -9999 2054738.7538470738 2701299.7752691945 3504086.600247356
