critload/trunk/output/1999/nman_crit_sw.asc
ncols 720
nrows 360
xllcorner -180
yllcorner -90
cellsize 0.5
NODATA_value -9999
[rows 135 to 161 of 360, columns 366 to 426 of 720]
-9999 -9999 -9999 -9999 -9999 -9999 -9999 -9999 -9999 -9999 -9999 -9999 -9999 -9999 -9999 -9999 -9999 -9999 -9999 -9999 -9999 -9999 -9999 -9999 -9999 -9999 -9999 -9999 -9999 -9999 -9999 -1111489.9476471227 -1102696.9682339984 -9999 -9999 -9999 -9999 -9999 -9999 -9999 -9999 -9999 -9999 -382136.2609928153 -9999 -9999 -9999 -9999 -9999 -9999 -9999 -9999 -9999 -9999 -9999 -9999 -9999 -9999 -9999 -9999 -9999
-9999 -1296032.7694051648 1876562.5438790757 -9999 -9999 -9999 -518389.9920940467 -9999 -9999 -9999 -9999 -9999 -9999 -9999 -9999 -9999 -9999 -9999 -9999 -9999 -9999 -9999 -9999 -9999 -9999 -9999 -9999 -9999 -9999 -9999 -9999 -9999 -640903.1501081685 -9999 -9999 -9999 -9999 -9999 -9999 -9999 -9999 -9999 -9999 -9999 -9999 -9999 -9999 -9999 -9999 -9999 -9999 -9999 -9999 -9999 -9999 -9999 -9999 -9999 -9999 -9999 -9999
-9999 -9999 -9999 -9999 7563943.232323158 4329560.698703674 -9999 -1786952.7425698126 -9999 -9999 -9999 -9999 -9999 -9999 -9999 -9999 -9999 -9999 -9999 -9999 -9999 -9999 -9999 -9999 -9999 -9999 -9999 -9999 -9999 -9999 -9999 -9999 -9999 -9999 -9999 -9999 -9999 -9999 -9999 -9999 -9999 -9999 -9999 -9999 -9999 -9999 -9999 -9999 -9999 -9999 -9999 -9999 -9999 -9999 -9999 -9999 -9999 -9999 -9999 -9999 -9999
-9999 14277864.801589824 5578540.360267091 8027793.075990299 806406.9566231504 8083654.5301809935 5469482.47457685 3104303.1809981675 -9999 -9999 -9999 -9999 -9999 -9999 -9999 -9999 -9999 -9999 -9999 -9999 -9999 -9999 -9999 -9999 -9999 -9999 -9999 -9999 -9999 -9999 -9999 -9999 -9999 -9999 -9999 -9999 -9999 -9999 -9999 -9999 -9999 -9999 -9999 -6483959.309455585 -9999 -9999 -9999 -9999 -9999 -9999 -9999 -9999 -9999 -9999 -3162424.383557212 -9999 -9999 -9999 -9999 -9999 -9999
7980363.778209602 -9999 23134329.34746172 -9999 10413921.581417799 4563456.241614707 2813066.2920149523 8472510.50899962 -9999 -9999 -9999 -9999 -9999 -9999 -9999 -9999 -9999 -9999 -9999 -9999 -9999 -9999 -9999 -9999 -9999 -9999 -9999 -9999 -9999 -9999 -9999 -9999 -9999 -9999 -9999 -9999 -9999 -9999 -9999 -9999 -9999 -2221294.22566623 -9999 -9999 -9999 -9999 -9999 -9999 -9999 -9999 -9999 -9999 -9999 -9999 -4927336.95916647 -4710617.663290025 -9999 -9999 -9999 -9999 -9999
30147862.241802316 57176158.3699553 38660721.68336779 -874840.9245461088 -549479.1900005036 -24324110.469704524 -9999 -9999 -9999 -9999 -9999 -9999 -9999 -9999 -9999 -9999 -9999 -9999 -9999 -9999 -9999 -9999 -9999 -9999 -9999 -9999 -9999 -9999 -9999 -9999 -9999 -9999 -9999 -9999 -9999 -9999 -9999 -9999 -9999 -9999 -9999 -9999 -9999 -9999 -9999 -9999 -9999 -9999 -9999 -9999 -9999 -9999 -9999 -9999 -4321858.640100855 -5510961.288732954 -9999 -9999 -9999 -9999 -790343.3093198213
79516622.1997286 70169411.13337687 78032637.70477794 76507403.48256072 -9999 -9999 -9999 -9999 -9999 -9999 -9999 -9999 -9999 -9999 -9999 -9999 -9999 -9999 -9999 -9999 -9999 -9999 -9999 -9999 -9999 -9999 -9999 -9999 -9999 -9999 -9999 -9999 -9999 -9999 -9999 -9999 -9999 -9999 -9999 -1918383.2746666044 -953505.9458059301 -9999 -9999 -9999 -9999 -9999 -9999 -9999 -9999 -9999 -9999 -9999 -9999 -9999 -6121135.527480567 -3399060.393064138 -9999 -9999 -9999 -9999 -3743699.8570038634
-9999 -9999 -9999 -9999 -9999 -9999 -9999 -9999 -261211359.36069775 28274978.68546598 -9999 -9999 -9999 -9999 -9999 -9999 -9999 -9999 -9999 -9999 -9999 -9999 -9999 -9999 -9999 -9999 -9999 -9999 -9999 -9999 -9999 -9999 -9999 -9999 -9999 -9999 -9999 -9999 -3069640.8548129313 -938813.9245271122 -1034191.549993579 -9999 -1653498.4176100136 19245789.106650326 -3550372.8153975205 15569014.255569663 -9999 -9999 -9999 -9999 -9999 -9999 -9999 -9999 -9999 -5307944.249833267 -9999 -7676410.956113028 -6344309.08489114 -9999 -9999
-9999 -9999 -9999 -9999 -9999 -9999 -9999 -9999 153913118.2653748 65886505.04660387 -9999 -9999 -9999 -9999 -9999 -9999 -9999 -9999 -9999 -9999 -9999 -9999 -9999 -9999 -9999 -9999 -9999 -9999 -9999 -9999 -9999 -9999 -9999 -9999 -9999 -9999 -9999 -9999 -9999 -2660366.9916693275 -4329.101369986228 -9999 -9999 -9999 -9999 -9999 -9999 -9999 -9999 -9999 -9999 -9999 -9999 -9999 -9999 -4627706.927474344 -4937076.963884782 -6820768.818044892 -9999 -9999 -9999
-9999 -9999 -9999 -9999 -9999 -9999 635074140.8077085 552669157.0296776 198998565.33359814 91342883.60975109 -9999 -9999 -9999 -9999 -9999 -9999 -9999 -9999 -9999 -9999 -9999 -9999 -9999 -9999 -9999 -9999 -9999 -9999 -9999 -9999 -9999 -9999 -9999 -9999 -9999 -9999 -9999 -9999 -9999 -9999 -9999 -9999 -9999 -9999 -9999 -9999 -9999 -9999 -9999 -9999 -9999 -9999 -9999 -9999 -9999 -9999 568924.7952413256 -9999 -9999 -1244495.4956894182 -2196310.1411109203
-9999 -9999 -9999 -9999 -9999 66663844.31101814 341857019.67665905 474743125.72769195 283768551.7630139 138049491.3072521 74117624.54187703 -9999 -9999 -9999 -9999 -9999 -9999 -9999 -9999 -9999 -9999 -9999 -9999 -9999 -9999 -9999 -9999 -9999 -9999 -9999 -9999 -9999 -9999 -9999 -9999 3075477.9130066517 -9999 16284341.900731692 23059586.261642344 42145252.757805556 40706364.03557302 -9999 -9999 -9999 -9999 -9999 -9999 -9999 31540654.993315004 -9999 -9999 -9999 -9999 -9999 -9999 -2281069.812072084 -9999 -9999 -9999 -9999 -329247.6368796489
84580981.48838769 -9999 50363691.98027626 15807362.083945114 203627265.97896504 101057017.3049637 42820057.17168231 49241067.34964364 152558385.45476857 312319332.2720948 53997889.545881234 -9999 -9999 -9999 -9999 -9999 -9999 -9999 -9999 -9999 -9999 -9999 -9999 -9999 -9999 -9999 -9999 -9999 -9999 -9999 -9999 -9999 -9999 -9999 -9999 -2475262.5553574604 -9056525.44499387 17613885.622401655 17497102.832820613 59417554.24373731 -9999 -9999 -9999 -9999 -9999 -9999 -9999 -9999 -9999 -9999 -9999 -9999 -9999 -9999 -9999 -2314205.2835909952 23339751.461935323 16970187.625029948 36431456.83534303 11113789.254540307 88190615.31893443
133173649.12157893 134287643.5689955 -16871659.602419194 17136568.872572426 90522312.67159061 125705901.14944217 92123372.33477673 77365032.33856085 62108501.73686172 52274519.7932777 -9999 -1235812.911377126 -9999 -9999 -9999 -9999 -9999 -9999 -9999 -9999 -9999 -9999 -9999 -9999 -9999 -9999 -9999 -9999 -9999 -9999 -9999 -9999 -9999 -2718501.6482367953 -4340855.728433643 -28400513.183630195 45792866.0623045 47255837.23048343 17683615.612626 43053078.56120236 -9999 -9999 -9999 168166366.33138737 122630254.53419124 -9999 3561788.3864892516 -9999 -9999 -9999 -9999 69788372.61620222 17103633.45230092 -9999 53759138.604910724 59138009.713530034 58029675.954177245 55745170.90334827 54758370.148008585 46188297.51265903 22740534.541906126
152095694.65237033 58822856.28909234 143981390.85188332 251507868.7762024 255454485.62885734 73079566.77988751 154461287.6840824 49165658.18065531 9824468.616957003 51690214.81423097 77652779.23209968 66034585.28113386 36389768.9312592 -9999 -9999 -9999 -9999 -9999 -9999 -9999 -9999 -9999 -9999 -9999 -9999 -9999 -9999 -9999 -9999 -9999 -10658080.525911562 -4886480.479736581 -18899858.04421611 6673341.803862858 16561693.674299417 121128060.3024721 48511957.97553257 48011506.71648291 82899051.25956285 25615707.858501527 13909015.493015788 -3400506.048464184 197887747.83770138 85514358.35979731 -9999 26351284.659481134 6658322.910602365 78591675.34340847 85895276.78970057 -9999 -9999 35613421.85665469 74940589.0102362 140118744.23074478 100986056.25907227 54980835.03033134 -4519247.696608735 102526188.1710948 -514223017.45991075 -474743834.21207684 299389113.3433809
429258394.1724791 346126921.84544617 129918347.5892782 332462705.240945 303258953.6028923 34292856.29766146 -19056890.704375163 -6948207.661134534 -6182029.360206086 17418750.031558968 49831896.50876125 293045414.82758456 249293951.1723671 193169641.95656052 136137318.5777638 -879019.5991203862 17771147.2799336 193119460.9515082 212032156.14387435 199357942.29142046 -5095017.521791128 1479235.1842670778 -1394786.603810017 -1714575.4246438653 3075138.528775019 110772656.96198648 51652275.83530792 41906695.17310936 66496646.92432842 5084945.020535911 58979876.28805775 93535359.43901257 378303907.73593986 211540561.64767036 77118295.46900503 30556437.415129572 -14461627.792065261 20796688.35891582 -8161215.423542904 -41561707.07483407 60094813.83804581 40925569.47640734 50275662.82433759 110408823.14888486 40186473.020513736 86540121.1798363 52045055.04397242 45025445.8417788 120853533.84640168 92243941.41836405 75060601.62657982 81173782.23514247 92427360.69857144 13631259.130312804 -10044260.335646106 52302282.60981126 -5842133.09690048 77062806.44264442 -37392493.84835415 -484857434.43560743 -57855657.546849966
382732876.96697295 767830406.5705402 85967488.73822223 284386236.9679631 367726421.2755923 30283010.350251794 -3676672.314917903 -51484391.20170087 -51122137.236516275 -34242646.7201058 154929153.13848194 99777560.37154478 400607269.38216877 277163134.9526239 109516970.55209294 17369968.862479825 82456720.04870158 85733975.97137718 -16853521.358446542 118089639.85152479 175739729.48607028 65370342.413560204 4161193.640425318 6972150.1264716815 11822391.907088233 7402397.643394551 58724475.97875527 96956475.12046221 -26366047.67198531 248794340.528938 -92692695.99333715 323287353.9441685 170887738.49331072 71280035.57131809 -42541638.41724417 1255120.416501751 10722347.276688768 -7741080.966930223 -21802754.922057748 62425844.97369424 15910759.10408839 108236925.78363201 82140452.09624898 121348461.08578664 110430749.16207007 64644779.15801712 97616606.7330169 191349422.71346867 207114065.5556709 236977022.8821817 158717088.52136016 52916568.562447004 125140484.61038768 138175473.5749428 63564407.22392605 -12662115.077868769 87143108.39852083 7971209.773208707 -129594567.21183318 59630917.28682625 -421513720.1469016
328655994.44697326 139380728.64752662 239643405.5673351 238075692.37193406 -721193.7722471497 142261501.31743667 109361965.56662802 4069079.3913637125 -6993941.548407945 141083064.32149497 -82250347.85696135 78950012.3022412 83596621.95326242 11085474.76268884 12414621.494664205 28384172.11509493 94954440.61233655 327566293.41456646 251201824.19805902 -233663130.02332246 -472847550.5799742 -406365919.2387601 -187981469.18316308 4051454.4989796937 4444108.986663451 -498455.41688824963 13823059.647680717 33820112.169035554 46410042.042503856 34810128.020142324 12429164.944870653 -39786578.82940323 174503930.89516938 -51108089.17494584 16524216.47551945 -5220998.207580968 -10854188.549618358 -8543743.691468466 -11528797.331362244 -26637769.540309124 -32694983.61372586 -34266018.67601107 30773089.596758462 43610178.11275693 64195150.014512785 62025661.638277985 148708115.68565798 241095813.80467257 136015178.55331492 161065896.23853332 113356286.91742723 86166174.38278478 9972521.777517268 193843796.29429996 75722241.51584533 66971373.785498165 9319879.709106049 13253730.413745003 -124544918.98031147 -116768944.3287152 81747439.26092237
-134059505.63977449 74835378.2848933 -23675906.16117268 41276189.639841706 30996041.29984124 -25994540.284378804 -10279548.512489231 -47476935.01050863 16654571.865271358 -84703575.78153388 -6785740.5143818995 219206155.89082098 30361599.64453273 -51709061.555590294 -31350341.458555054 -68680565.25494003 -75458500.53030728 93930094.73186788 -110812750.81367312 36872048.16134807 -514658534.3075517 -9999.0 -382199674.8183193 -125139505.05343625 -11735493.736977583 9438528.310592974 82161776.74323057 12736532.748364415 18547455.157923847 -13248795.011233283 10253015.220254485 -108896972.4572243 165374991.64015222 477080.42125117284 -20099568.338836927 659935.0133338963 -14223682.549312226 -11735522.71138524 -14896204.43421499 -35173985.5948036 -2451085.1394581995 -2200798.2078088704 -699979.3663495306 32279428.241583318 35504761.86454252 35342367.63311191 88635569.61190778 58375827.87390042 10608527.455586923 4186308.4921083427 -5143278.909171298 -3486601.8973369463 42845311.88405553 104697684.76357272 154717389.36524138 43735244.68618129 6459688.215874235 16761101.055192256 -904609240.8142564 -498345793.4134752 225232279.8612384
7240147.8870555 -39481712.53043962 -55818249.03213186 212518501.79434207 136117572.10976616 186451328.17208543 108029798.98840117 3545295.0480108084 -8524957.144204117 -29382468.284294892 -9904407.551139941 -38062912.55810696 -34301240.801956795 -9944970.980882406 -11520229.742200168 297703614.7146084 -7221019.244392567 -7082501.044388278 -584127732.5716926 -37336633.76687925 -238568698.9428313 -1209663219.6047113 -9999.0 -9999.0 -286210529.8026704 -10298093.713447858 -8344354.4780073175 -5134186.907017537 -8639822.673078973 -8821633.625160318 96393815.06279482 19520148.377073556 45612202.1844837 117961949.94102941 -21201512.755780224 -2796457.308946459 -14188075.848237997 -8052867.700260885 -20409054.67910211 -643970.4002183459 665919.9055589893 -12201500.39244563 -7081939.11731497 21873417.14490965 47553631.38001689 -172069264.92521578 27201610.7473015 -272936378.158782 -92956990.42431515 27463862.442064907 -8124815.4410995515 -14357726.588239562 -7363416.271166458 12544743.234573714 75149186.41527429 30476949.33298761 -30199125.857810806 -16515786.34310486 -119523339.93853804 -950878047.5103781 34957264.072220676
-4352167.825632539 -270153802.49141127 -3277592.479764535 78090264.23392022 106914747.6859286 36405784.79922505 214076.93312968363 1759802.2238346993 -7203809.344030908 -9526278.075343646 -16206911.295621281 -45944362.78660594 -176865773.42313382 -740044835.1157298 -314057743.2781431 -779324126.2912664 -792908800.2872475 -906022507.2035433 -1270289403.5767133 -71423843.05183278 8088741.113768596 -1386009202.0618107 -1100333553.117162 -478338701.4748725 -167088647.15770304 -57673208.524115674 -13787615.311805548 -197275247.86675864 -871850249.6820927 -251226628.09596297 -15160937.119559031 -15206094.125705535 -14863779.522529373 -13674319.601067614 -18319445.50829186 -19425063.976377875 -6333115.382616374 11603899.763447784 796887.8045045268 584152.7047968898 -377160.1793643126 14908866.534339832 -5857522.52600144 20800037.730793644 48310128.03579965 -32815170.87711896 -67807889.0036148 -118715413.12144297 -18257659.765055925 -40207324.37694937 -12645765.49711188 -26345605.049576018 -28133268.79582449 -21828207.851713225 132113818.27502917 11590948.499345252 -57640582.74574257 -321826522.7398552 -11227564.249863828 -2112000840.7557275 -23002923.880353414
-63055189.091644056 -12577514.628120668 85631191.84344175 85362380.2511929 62119672.76853087 -21040915.44789468 -12041204.638371099 -15431481.957025561 -11073261.891540082 -8059299.356886231 -12619441.017007085 -135519874.64567927 -205153467.52178866 -393434971.67687976 -578166353.0330771 789400179.593427 -42050244.242848076 106950031.83968146 36006395.92954048 120728804.53385173 -214765427.56966785 42077056.6770059 -2629617.059582823 -1467709513.9223025 -1624237751.5656424 -283887545.66457766 -23117756.67802764 -1364984450.0598135 77084004.31225388 -32882494.803634163 -7040578.976700071 -5738252.922272002 -10610003.525860943 -11986190.219059238 -17978425.743462466 -10973786.814285625 -2357189.2396922573 -3325821.449908363 -16578536.087785736 -13459910.16314601 -1570582.8464663457 -9440517.656821359 -6841856.805255725 53133730.684656866 -30435219.143518306 -17182747.332051583 -30497878.53896305 -12069242.650751142 -24627817.666270696 -32161590.332679223 -14396559.904349906 -21759830.507745434 -19140549.47830451 -19451847.484879486 -11345011.722485328 -8534823.402533976 613990.5162199222 -16413934.63104447 -33083070.27785867 -3288142401.395717 -1038980.1019244561
-14186523.600677844 -44495960.15702293 -4165743.8073844775 56847822.700555146 12700632.82946202 34901930.96719567 20275169.51488111 -5998377.544657978 841472.5984353196 -8585542.888980735 -41873870.63776451 -187918161.0639664 -8513872.313697025 -162773525.48684672 -20957645.99782302 100163792.70034918 99411387.59034334 36160579.49884212 5406744.892507652 251610881.94483832 -3269133.8352143657 -734084958.9171433 -126307531.70777881 179707729.39623594 -5349776201.086419 252786084.20557362 4005285.409979106 8405998.425356997 -112783004.07329918 -12440150.146168081 12692916.013943706 7760534.703353404 26826875.85587925 63140312.998430245 -3274264.305646749 15262465.039129535 -32603874.623812195 -2314373.505865898 5972871.515903915 19239397.806299336 -321153.0774971483 -17405010.44969798 9543963.088385664 40399005.28979022 -22214134.052383922 -348772563.1952484 -27316665.19077987 -33181244.91255163 -25227178.06951548 -45003745.56743227 56759938.00380524 -7536770.33154964 -12358893.98213843 15551758.428154616 1665288.630403233 -15794191.889945233 -9367307.836443068 -13464010.229056021 44028113.54684071 -9515772913.903788 22974818.32418397
25099160.601678126 6991084.5084190145 10481345.093532838 47191501.4223156 26390575.063877363 31630183.555245016 31844859.94077277 18598657.92392905 2023060.9088651822 -484734.86759024835 38259.255114444015 6932741.897081892 1562812.5873689638 -13607273.026161455 -2571587.9037855873 -16785692.26816202 -15803935.052005928 -9447666.792098138 365388.7344114398 -1050855.7583576075 -243783740.47447336 -5955244.768825892 -11936410.044852221 -99189528.38705958 -1952504724.4445043 -383364799.83819115 -2440269.383718284 -54577503.305822164 -116492337.6763373 -899955.8162436887 15252823.215500316 60377823.80391417 55105665.4653552 -44030453.89810056 -187734083.24164903 -21176224.954818275 666691513.4774004 157193692.6861417 16662594.157992851 -2305705.8321463224 -11452969.196343005 -9287930.347428532 26822905.58288752 93786416.93264154 33395625.586783756 -557367611.3297265 -398482197.04926634 -42855923.298377246 -44085060.47779202 -29486474.08847956 -15944578.850658061 -4995501.78304415 -10647353.22372174 -15521899.809545873 -13973813.753442694 -5050209.183680539 -11482754.61932939 -8924458.398058066 -27060363.154653378 -3684331905.4216814 96768801.64166455
7443719.799922478 36853870.987693116 38599165.95647502 31469338.032171566 19813943.85649553 17832798.159624785 28524498.216341253 27588774.236642417 21446618.373476632 14996944.58668697 16100342.123475011 14166340.87895486 24774133.413231265 -12166276.60838823 21455830.612330448 19049295.68435621 -22500108.44133085 -14508471.24484372 -20941349.607044876 23614601.39840483 44485746.11569506 -2109350.3206827273 -3172759.272970581 -40482580.156757586 38432906.646397784 -439351023.54257476 -384901286.3707858 -724361835.078229 -61472231.79284724 72001316.08361612 81695120.1424428 16687605.629568005 126534518.51889983 -285021644.7505862 774846179.9205674 1328452009.2373104 1183128893.8655634 527357515.06915444 58369552.998219654 16773795.729832321 7067754.835206429 95420927.22521693 161542316.31082624 -117918787.11977953 1926895.8033328622 -91225105.1952013 -680641724.4487365 -165033010.05337486 -44534390.12091322 -216487424.26787582 -33837742.62660784 -13416300.64913279 -950371.8373788119 -1445786.3639364524 -5532150.452319129 -15007684.121231677 -6873909.234890289 31208727.767481603 -7057638926.705846 -7510643195.668665 -4639433.392313883
6065895.509760568 23161011.906223018 21265910.703932486 -19166166.741866093 15959333.56122963 30209882.772076346 19830036.181957245 15209055.569104707 23072836.459436327 21480209.60138422 34943203.91976907 15405970.299529767 11618056.7971397 11256947.553463055 12592068.20494066 10365806.807471683 -3786764.5404610676 4823310.834148838 5126392.905085796 14908773.934507804 8775850.917009309 -991472.7822326198 -1695044.4236648262 -19082650.823615592 -332607783.12710196 -509662628.3737181 530317566.6780149 -176911598.00719997 21642596.46405042 15047372.707215931 12325810.223353345 37338738.454623535 110754612.85408841 1188384204.6578946 156336677.58489478 1337719571.48546 213895149.11971468 638759917.2038127 84457352.92664155 37094355.62253726 13464244.059355792 -2842577.1977980994 19749911.298642267 2730097.62431727 -1369248660.9542277 -3469669748.863277 -2458892361.309845 -231658664.99483755 -40788330.688408315 -169383227.07535288 -49642961.325701945 -23295283.516438678 -21455246.071190592 -44158193.726936966 -11583494.739655381 -5058522.325937693 12961123.432294633 90482593.47358131 -5942938959.819184 -555679668.6125724 -58855752.79158121
17939855.38990767 19872206.43407205 28390765.498170413 38773055.66242612 66103123.03247201 43237806.143193685 26096716.15046939 15923046.186506761 18423343.419517204 20213338.111500513 18602985.577978775 8712122.38567357 7351674.14416711 -8309229.575575706 15484841.538626876 19737468.918097105 12048018.211248932 8102068.526880312 9481284.11532331 19431864.192689817 1274938.747039498 367006.661519502 2447887.1433942267 64211462.41451074 14073357.441789284 -239650254.15366304 256436438.32922485 440860988.5616716 52454999.55969485 -1061374037.9904196 199124877.94402483 -1519717.5497030695 -209184947.00070283 212410218.85233057 263398575.73107177 483600862.7815986 -377959244.98356396 155023928.66883215 53953763.90182245 -13850908.749347491 25060863.554819994 35299318.714044996 66829413.2550912 -9999 23052245.138596356 11361805.511559406 1402998.562004127 -995702175.7499791 -980795441.2909162 -552987464.9078007 -899520258.2624 -95967654.42537943 -352468743.7040926 -14412968.790040491 -584732176.3981901 927674715.5898287 -250755133.78795236 -8458240229.778914 -10059729860.047361 -2004418725.311349 -250451256.44919515
24922643.160726678 33934117.36364161 34704468.89495728 35242309.15461626 45534981.13752193 37326598.31781576 31220416.00951728 35541648.784117915 22889263.198278394 24975921.298006453 19370285.35183333 15756064.672916617 5930976.273750224 7872205.013972101 48065419.80976051 18775874.544609234 -4866585.450142663 1438873.337251769 6657702.690313399 12700097.544229224 5296827.935814455 22615854.306985527 100409075.83233353 51272055.19435558 79666593.02430518 55303985.337891124 6913966.07971161 90124992.59018499 125516123.59905553 62193317.66050086 -194368630.97880298 -71190142.81346579 199697104.9162922 -175029559.19841403 -187007083.69861645 62477029.452463575 -9999 151215818.00786063 79575291.30540405 22262891.943740062 23158245.51599604 38555742.94787349 57149465.83116497 46580892.9675398 85495319.21149513 128467340.03908986 178842569.81691188 -366717800.437763 -360410641.4420921 -99551340.3774363 174443100.99895653 206186369.98467106 -5067160151.650782 -10890780701.65049 1307456286.93587 452224075.2677332 -2918030581.4340663 -8980394401.60555 -10417115249.769258 -9215327033.16463 -1236736286.261124
