critload/trunk/output/1999/nman_crit_dep.asc
ncols 720
nrows 360
xllcorner -180.0
yllcorner -90.0
cellsize 0.5
NODATA_value -9999.0
[rows 87 to 115 of 360, columns 330 to 395 of 720]
-9999 -9999 -9999 -9999 -9999 -9999 -9999 -9999 -9999 -9999 -9999 -9999 -9999 -9999 -9999 -9999 -9999 -9999 -9999 -9999 -9999 -9999 -9999 -9999 -9999 -9999 -512394.5331593638 1597279.4828871666 1755441.950854076 1443054.2340670126 -375832.9344191344 1051070.1430735572 952530.1714802476 1535403.3668951523 2284903.004851666 2802561.8390549636 2228673.556545126 1312675.7870705966 1807978.6026585028 260038.05786378676 -63974.861536403376 -3271806.410977997 -3412413.489512706 -6961438.68754963 -5290111.861336614 -311542.4319111367 -5998913.352023281 -9313491.574388795 -9488409.198029995 -4155774.8506906694 -3960024.2917748005 -122141.48494623398 -9352476.285039587 -7893660.268030287 -6168119.527781272 521154.44608286064 854241.3902870179 -2268.092726904319 -519.7291854555198 -405.5046516484684 -338.5711601394248 8461849.732203856 2002318.3124265193 2022732.984488847 4964057.433810396 1296369.9688028367
-9999 -9999 -9999 -9999 -9999 -9999 -9999 -9999 -9999 -9999 -9999 -9999 -9999 -9999 -9999 -9999 -9999 -9999 -9999 -9999 -9999 -9999 -9999 -9999 -9999 -9999 -9999 3702183.1866810983 2173612.450279501 1568343.3512055604 1163438.995770398 2991556.840238344 2927107.002108678 -1874914.670974443 -138067.19858622132 1266283.1207683578 2114125.7473107493 -2597459.6954663373 3434846.4365261346 881392.6988965455 1778976.779800768 -550354.7106382125 -2907819.508663112 -10403320.59484741 -1462661.3057477004 -2642574.4489251156 -1052762.7704630815 -972521.8911612777 -1410162.4764610447 -760340.6639396773 -1252249.6094022815 -661168.1983427652 1161383.9275190115 815773.8070658266 1932142.2427516498 1419541.8780888878 924291.4639351738 8515111.442400634 164.23130814363802 184.01582813532283 439.4854991184965 2735830.8244337714 3063000.022662807 2696018.477351676 2089255.3036265522 1872048.5916708738
-9999 -9999 -9999 -9999 -9999 -9999 -9999 -9999 -9999 -9999 -9999 -9999 -9999 -9999 -9999 -9999 -9999 -9999 -9999 -9999 -9999 -9999 -9999 -9999 -9999 -9999 -9999 2370123.46488319 2494487.799068936 2295912.685928459 829746.7309095941 1622846.4129219414 2052691.675805285 71208.80406000948 -763841.579837243 2640983.1342758485 297222.8174043022 -690989.9907271801 2828987.463324278 -148002.03329969 -71830.82840902904 -3410512.0922794663 -7654170.438972621 -5094000.104904304 -6282691.244795852 1499581.5060742095 1417301.2278302207 -17256.598928980533 35274.74032737373 107241.64232070945 225838.7122948769 120978.88274259359 1359136.7148776508 1600197.7274934181 459038.66289007326 -4087284.351437286 -9999 2957380.598037123 1845863.469993011 112.62428708996623 114.09847389015617 2058188.2568801984 378.0578962547581 2581460.065093557 2240783.6007140903 2609459.352282442
-9999 -9999 -9999 -9999 -9999 -9999 -9999 -9999 -9999 -9999 -9999 -9999 -9999 -9999 -9999 -9999 -9999 -9999 -9999 -9999 -9999 -9999 -9999 -9999 -9999 -9999 -9999 6752051.611132466 5302321.404153454 5888915.000978998 2823806.807933866 856575.6557913704 2210163.668769928 3089655.7538867877 4108120.0945494897 2368287.814162089 1967869.8194341755 958051.2262000829 -491068.1773936346 637661.7112048268 6390.959634237231 -4596133.8198084505 -2572185.3400152354 -4133999.763588543 5064240.7176273605 2156534.55522879 2541834.6731972066 1975078.0144369376 -187566.644239406 61087.08308559602 545730.4560767836 453401.8786068857 526211.0490337776 541851.522849463 1371112.8181433443 -9999 -9999 536.3576750804245 566.0876530263196 575.7322956470089 635.1201572584469 723.0638842356948 660.1157712438944 4895520.213969109 4073610.8422289877 4205740.818384029
-9999 -9999 -9999 -9999 -9999 -9999 -9999 -9999 -9999 -9999 -9999 -9999 -9999 -9999 -9999 -9999 -9999 -9999 -9999 -9999 -9999 -9999 -9999 -9999 -9999 -9999 -9999 3065946.226861557 1239000.3131020854 1228292.2289529173 1496482.945745328 1586065.912206468 2695237.860675898 1965888.29749255 3124285.541217714 2922635.5539804045 -195870.8701028404 -2754485.7798724244 457103.10721416445 2669018.411523045 609368.9149116135 389762.273093058 1147387.5353856836 -996443.4959865409 4484440.054473769 3427585.0263098446 364546.439863315 -4708561.746441348 -2677311.0841351515 -743214.3510645768 -2369947.1772296634 -790000.6678148821 110788.32994806375 528457.2241393034 649914.6615369454 -857088.8513400782 -9999 -9999 -9999 -9999 708.2470897787769 4198144.242963516 584.2930657119695 619.4168113927586 508.19682125755617 497.67804447474566
-9999 -9999 -9999 -9999 -9999 -9999 -9999 -9999 -9999 -9999 -9999 -9999 -9999 6495820.4626099635 5572692.9804841885 5369659.473460306 -9999 -9999 3359575.3396492824 -9999 -9999 -9999 -9999 -9999 -9999 -9999 -9999 4914637.060389927 1302069.8483684899 2261416.73247225 1073009.4437538658 1462209.8735154385 2713182.9094002466 1918320.1377301563 3092378.126398559 1107073.5831403597 753603.7979804735 545965.3708165453 3930928.9831808573 4402673.817055586 2738957.824746734 2059863.050456655 252300.01352303883 361806.6002683764 1767156.578515316 1604943.4249258116 379631.0753529092 -9999 -9999 -9999 1731261.21909612 3315046.090762979 3373898.319215564 912354.3168577696 4830038.826793914 1960763.6300976954 1056345.426708136 -185417.2630868651 -9999 -9999 916.7516220825256 660.5200890795426 5446097.89333028 4864582.319596488 9641123.129834663 775.557243466845
-9999 -9999 -9999 -9999 -9999 -9999 -9999 -9999 -9999 -9999 -9999 10112455.825496059 10000744.438188434 10302182.629978687 12044176.611104801 8507640.751161054 4817987.311691369 4178531.5638823668 4808064.415695536 2585144.526770071 4979275.357908274 4245621.487251307 3495345.719238273 2055555.1652296532 2576693.53200788 2686924.193564576 2097415.440890783 6060878.613781321 4080765.8786745523 3458452.269675048 2668474.416474273 2467295.613072549 1939292.3731268758 1543882.9966419593 527713.8649287178 612904.2750376319 1150721.3067180582 -299194.02477230475 -1179937.7291578033 -210702.47514230476 998914.5906964969 2162377.2106355377 1830778.426465408 789672.8651904289 -9999 -9999 -9999 -9999 -9999 -9999 -4635085.248502378 2743773.5864840713 3282238.43183571 3759084.382759662 3033458.582841257 2955470.3946429007 2971083.0345915984 1346009.5360082816 -9999 -9999 -9999 -9999 908.2694056709729 648.7529630127193 3253112.7486516763 9129529.580989014
-9999 -9999 -9999 -9999 -9999 -9999 -9999 -9999 -9999 -9999 -9999 6423173.872205796 10043814.426143575 10071316.338381754 9891116.616696399 6365609.038939409 3032580.2376428903 4230905.0103652775 3247351.8002188723 3201696.715492161 2610448.839172008 3599456.971009703 3575173.0905893254 1701255.2093303578 2082457.7394397017 958674.187176831 1253115.0888198372 797815.1706619574 2713215.877867015 4616864.204863891 -3332052.335015212 5302135.398403469 8753228.394262703 8336740.880959975 2451577.7242148216 1610985.8356267994 1643622.3836116835 -9999 -9999 -9999 -9999 -9999 -9999 -9999 -9999 -9999 -9999 899641.4158815645 1084827.063138767 -9999 -5434689.958811873 -1321178.7872404251 4016214.5653520008 2474782.3135568523 4231875.873103061 2144406.658610749 1213148.4153381456 2753839.1020339066 466204.9004339074 -9999 -9999 -9999 -9999 1180.9029175067474 1143.757960656736 686.5236497914319
-9999 -9999 -9999 -9999 -9999 -9999 -9999 -9999 -9999 -9999 -9999 -9999 4748919.024934953 6322603.538385149 10235432.435072614 6998279.024741585 5001594.189324346 6470436.006751257 5974216.792713341 8028872.554670707 4724883.790410229 4676959.569073329 3310984.866181841 1327916.8497284588 1579896.6307089783 3422837.166752783 3815827.7371180593 2426249.0374771543 1525854.124871421 1672512.970101803 2732325.6009362945 2364248.142784156 1915248.486676036 2483785.991831101 2802249.0758830854 1419722.5838937298 1607475.0396664198 -9999 -9999 -9999 -9999 -9999 -9999 -9999 -9999 -9999 -9999 2610752.038245397 2590265.5776292854 -2546593.0222022696 -9999 -9999 -3721912.12015808 2897095.8856651885 3732730.8423862658 2489587.963885506 4972117.678048989 5126437.1194826355 3748095.023175206 1439416.2071214763 -9999 -9999 -9999 -9999 -9999 -9999
-9999 -9999 -9999 -9999 -9999 -9999 -9999 -9999 -9999 -9999 -9999 -9999 4793329.414366466 4236301.227013994 2923924.7341604503 4130659.4847209495 10654416.992728056 10794202.35179723 7068335.363794233 7146221.384633746 8144913.14822604 6367267.712150393 5834709.348930534 4459594.995230279 3226837.3073277897 4056947.9477735125 3893322.4257907458 5219399.277569645 4258380.079540422 1089760.0439402342 1899102.1460943175 1416307.238819614 3874761.5113518788 3695040.090516051 2561532.040250528 3435616.0928257713 3286378.4581511673 -9999 -9999 -9999 -9999 -9999 -9999 -9999 -9999 -9999 -9999 -559060.2169250071 -1415638.1990011563 -9999 -9999 -9999 -9999 -9999 2424649.631488767 4526821.115342907 2039509.3439885299 4522373.310697997 4107468.158812563 5661115.878476062 2025815.4267853897 1644201.023404222 -3741484.1129593356 -9999 -9999 -9999
-9999 -9999 -9999 -9999 -9999 -9999 -9999 -9999 -9999 -9999 -9999 -9999 5143542.6324925665 8453143.156134192 4396126.773983588 4773599.160487749 728035.9078988805 10298196.040745728 9692477.091641013 6924286.143382953 9771122.622704005 8917740.019903228 4279316.201663652 2181003.861093341 4747996.274686483 4343136.946847472 4221214.5254513 6589515.503318696 5917451.864280026 1682423.1016185938 1317711.2521503991 2810658.256037381 1577087.9813794417 3153029.544663466 956992.6783775619 -9999 -9999 -9999 -9999 -9999 -9999 -9999 -9999 -9999 -9999 -9999 -9999 -1795765.3626381007 2805607.929148145 -1988327.0640600414 -9999 -9999 -9999 -9999 -9999 -1269881.0950954196 2453771.769861784 967989.526794997 3489985.279435115 4082982.6418393548 5484985.276907049 1903788.4417098681 4316061.971967337 518268.0401770832 -873005.5154363485 -9999
-9999 -9999 -9999 -9999 -9999 -9999 -9999 -9999 -9999 -9999 -9999 -9999 8406176.995550616 6529695.099251021 6863618.4508044105 6115664.2758345995 2688672.685495947 11992184.228968238 6155398.724996836 8696503.179913176 9994736.277587714 7616441.762443029 7191136.15445545 6781867.510913051 7281146.879212159 6830768.967315197 2254584.13977336 7044258.228454734 3419826.6810806827 7729412.152662696 1454939.337008558 273323.73397814826 -9999 -9999 -9999 -9999 -9999 -9999 -9999 -9999 -9999 -9999 -9999 -9999 -9999 -9999 3089855.7326741507 4206391.875806899 3574629.7611973775 879694.8100705085 -9999 -9999 -9999 -9999 -9999 -9999 -9999 -9999 363257.47518272843 2537416.033976942 4858786.97353856 10639065.196565611 2588008.397319594 3799404.0895251296 4038400.3128238493 3310130.429903005
-9999 -9999 -9999 -9999 -9999 -9999 -9999 -9999 -9999 -9999 -9999 -9999 9760590.902013022 7334593.419001081 3946498.98844685 4502366.047854477 838228.7244744846 1381481.4094544228 6478291.64443173 7396320.959653487 8276387.644893533 2380518.075752781 2610934.2406587075 8133941.001761045 9256112.764908206 8109353.379788734 4115549.805953404 9165368.992667537 2749078.0137470467 7759385.590926957 56684.48996098917 -9999 -9999 -9999 -9999 -9999 -9999 -9999 -9999 -9999 -9999 -9999 -9999 -9999 -9999 -9999 -376530.08359554276 4019247.622508462 4312455.95484969 893320.787942401 -9999 -9999 -9999 -9999 -9999 -9999 -9999 -9999 -9999 -9999 398825.0051650003 8301178.154808996 10923901.574136807 2453656.029833395 -424054.0842853511 4801787.9460869655
-9999 -9999 -9999 -9999 -9999 -9999 -9999 -9999 -9999 -9999 -9999 6978976.426888393 10867625.026781125 5975598.957520424 5409275.335283109 4678472.754552004 2620205.013317417 156178.30112386073 1001842.9944673253 -221523.41148481373 590294.8844428763 2570707.6382167772 2707751.992460249 2732520.793956041 8977479.919796363 6525733.292464563 9112780.918511936 6997717.549478321 2842025.8826551596 1507385.5220117676 -9999.0 -9999 -9999 -9999 529737.799286052 2955950.0336272013 3500911.2919001295 745854.9455070965 1628800.2387450994 -9999 -9999 -9999 -9999 -9999 -9999 -9999 825061.38166977 3686877.9677956025 5266997.813340163 3149771.935189078 -9999 -9999 -9999 -9999 -9999 -9999 -9999 -9999 -9999 -9999 -9999 883473.9282290388 3572223.301107518 751368.6223050902 -9999 -9999
-9999 -9999 -9999 -9999 -9999 -9999 -9999 -9999 -9999 -9999 -9999 7385561.16155807 7079654.497879208 6303051.539613261 4524101.657499345 4471414.942645584 2552491.863880812 1509769.3171400938 1313550.3624360098 -169450.99474221986 -467572.3398618072 8197602.184623068 7929181.663338834 2716133.43302358 7249077.6674953215 8671246.058983194 8231576.175034942 9386773.302632486 4319344.913098039 817080.435430396 -9999 -9999 215996.45843670348 328481.2343148168 -9999 1398248.6716179117 1719988.9001068515 -9999 -9999 -9999 -9999 -9999 -9999 -9999 -9999 -9999 2319919.6503998274 4125771.3408318195 3084768.472645319 1188016.2804171992 -9999 -9999 -9999 -9999 -9999 -9999 -9999 -9999 -9999 -9999 -9999 -9999 2041882.5133110022 2428441.137894442 1103682.2540597583 -9999
-9999 -9999 -9999 -9999 -9999 -9999 -9999 -9999 -9999 -9999 -9999 4407251.327357729 4218784.232130571 3215566.411790856 2622318.8987550065 4022077.124420545 3697199.950499365 3970640.45884274 2808610.096938239 -852162.275545693 905424.2660826012 1906312.057329859 3242437.663400597 3548229.882135983 11936510.800341275 10975805.718052512 9628058.940322535 1670033.9225674327 3864361.617277798 3599885.4296893124 621665.1137954463 -9999 1578014.2437229587 -9999.0 -9999 -9999 -9999 -9999 -9999 -9999 -9999 -9999 -9999 -9999 -9999 -9999 -9999 2078346.7098602979 -9999 -9999 -9999 -9999 -9999 -9999 -9999 -9999 -9999 -9999 -9999 -9999 -9999 552980.3415916034 5476215.168246744 2468297.9298893404 357516.2266060961 -9999
-9999 -9999 -9999 -9999 -9999 -9999 -9999 -9999 -9999 -9999 -9999 1562776.457553964 1201032.8934898707 2173545.5419538883 4777891.879737232 3678775.3092947947 2402057.4586504814 3941089.554829543 2676799.025445685 1656365.2846849076 381857.3353302964 156674.9573051774 3366789.6336421343 3386165.208043912 8558781.123007588 10868007.180925941 4309508.76292699 3360327.2977985903 3388852.0618523303 -1280835.842009648 -9999 -9999 -9999 -9999 -9999 -9999 -9999 -9999 -9999 -9999 -9999 -9999 -9999 -9999 -9999 -9999 -9999 -9999 -9999 -9999 -9999 -9999 -9999 -9999 -9999 1989122.8151622976 3226111.3755335803 515172.43428662675 -9999 2017146.3543229818 2822048.8809863166 3229893.068522853 2974631.359172878 98452.96441548961 -9999 -9999
-9999 -9999 -9999 -9999 -9999 -9999 -9999 -9999 -9999 -9999 -9999 -9999 1097691.223308985 2455659.4970948272 2683675.9466620097 1132693.3987827064 1941785.8077219203 -89733.42505300221 2595777.753644455 3358453.6410242734 3891905.4840522083 3056433.890552065 2762915.990584945 3239103.398304591 9160166.344459977 7898289.250818028 4520726.307845844 3987190.62913579 2454544.088962509 -9999 -9999 -9999 -9999 -9999 -9999 -9999 -9999 -9999 -9999 -9999 -9999 -9999 -9999 -9999 -9999 -9999 -9999 -9999 -9999 -9999 -9999 -9999 -9999 -9999 1490266.921520563 4412859.65540104 4011246.794759434 4226867.976508023 4024116.809988334 5335214.711386819 4318951.292503628 2386770.8393059624 1277025.2424785078 -9999 -9999 -9999
-9999 -9999 -9999 -9999 -9999 -9999 -9999 -9999 -9999 -9999 -9999 -9999 1643129.9416214174 2739922.8685052055 1963805.1846484472 3375715.015205811 1847717.51910782 2198440.969795039 2955830.1607182184 2761336.1044818256 3235315.337570741 3501325.853448016 3053169.534300936 9509373.035467852 14539299.149228076 5938896.763289044 3816355.454981561 -9999.0 -9999 -9999 -9999 -9999 -9999 -9999 -9999 -9999 -9999 -9999 -9999 -9999 -9999 -9999 2978293.26863287 4060752.6218587323 2733520.550302499 -9999.0 -9999 1909860.1673160905 3728880.518515153 4131601.451490868 2529625.627217239 1687186.4138545052 1983453.7372682737 -9999 -9999 -9999 1152857.4160585788 2374946.2479331684 5283188.405858219 4294668.842390714 3956866.2237378564 -9999 -9999 -9999 -9999 -9999
-9999 -9999 -9999 -9999 -9999 -9999 -9999 -9999 -9999 -9999 -9999 -9999 -9999 -9999 -9999.0 -9999 -9999.0 2408002.457141402 2074372.508493256 1398822.2730874966 3438732.815666859 1276444.4044632958 2622349.0605474445 2379793.084511091 3908959.7108044224 1465829.518496231 688575.5955139427 -9999 -9999 -9999 -9999 -9999 2443290.708378369 3449316.370938494 3281418.1664548567 3998184.2641966557 4625546.1145783905 6260730.393299974 6363795.571555902 6023866.566824331 4159418.1637484427 5831915.021043101 6504913.531993594 5862377.787931074 5305659.743442916 5618004.742057984 5671036.735755675 5666617.8398535 5294344.788209828 4336244.208413925 4566620.581720041 4387387.892880121 2474597.76038162 2377003.3845837824 -9999 -9999 -9999 -9999 961410.2151596297 2035274.7036274285 2551100.116968036 -9999 -9999 -9999 -9999 -9999
-9999 -9999 -9999 -9999 -9999 -9999 -9999 -9999 -9999 -9999 -9999 -9999 -9999 -9999 -9999 -9999 -9999 1102154.0989365457 1254957.7384167488 601381.7405828169 -9999.0 -9999 -9999 -9999 -9999 -9999 -9999 -9999 -9999 -9999 3680579.0383238774 5236418.205448596 5126286.211458693 4977096.847332439 5325358.727468937 5397842.39673727 5909920.382355776 5790864.646130974 2521696.6350103207 6098016.869993279 5513032.15301361 5437633.277889261 5094189.490314945 5167845.132366225 4985524.9669323135 5566090.700045191 5737874.759387847 4698540.346439685 4941775.744935953 4826764.053815468 5146155.592276606 2290942.8880348327 -9999 -9999 -9999 -9999 -9999 -9999 -9999 -9999 -9999 -9999 -9999 -9999 -9999 -9999
-9999 -9999 -9999 -9999 -9999 -9999 -9999 -9999 -9999 -9999 -9999 -9999 -9999 -9999 -9999 -9999 -9999 -9999 3487499.9393491056 2506585.9093021164 -9999 -9999 -9999 -9999 -9999 -9999 -9999 2704949.5040784203 5018376.696174316 5108774.313771625 5870406.864450101 5570848.995058873 5890247.488416721 5988784.027359321 2275471.8819113066 3098880.5613045557 4165409.548088351 6238120.354190821 4679398.904008797 3135874.233450047 2887861.522855699 15899164.726366747 15469753.182743436 5717751.430034794 6740432.6286574695 2134827.051598229 6869366.352871939 6002951.958872079 5378539.0746138245 4971354.02584054 4825861.379022847 4090987.6454211073 -9999 -9999 -9999 -9999 -9999 -9999 4166199.867532611 3722090.497238942 -9999 -9999 -9999 -9999 -9999 -9999
-9999 -9999 -9999 -9999 -9999 -9999 -9999 -9999 -9999 -9999 -9999 -9999 -9999 -9999 -9999 -9999 -9999 3452689.534488588 1175712.4834591225 5812266.545577405 3824323.282359022 1235183.2693239164 1529283.3521791133 4771442.113386317 3949066.2140189274 3338829.487729049 4292486.083561074 6038906.300565607 6210521.627537105 6477766.121864204 5560286.974798209 6102281.651506114 5450806.389692164 5991242.55116705 5217126.490869408 6466308.429866871 5522477.736579938 5025278.49266751 3603235.1410656176 6225279.446804972 4868903.22166137 3322293.3349000276 11370151.77223158 12251732.457569506 11446935.028334431 12198446.417199867 2620680.0843934338 6297081.861945429 5264161.485846435 4892779.966870924 9272038.93492399 9297034.696532233 3284073.926124468 -9999 -9999 -9999 -9999 -9999 -9999 -9999 -9999 -9999 -9999 -9999 -9999 -9999
-9999 -9999 -9999 -9999 -9999 -9999 -9999 -9999 -9999 -9999 -9999 -9999 -9999 -9999 -9999 -9999 -9999 5578226.436307605 4705483.884767574 800444.3754937472 5630266.364483421 5715583.988287961 2662695.256226347 2107309.9276846796 1948464.8118864985 4900295.588466129 5767886.053685949 5559273.4851291645 6018455.18272518 6868482.069818905 5836487.109949616 2605963.2456456665 4619195.214384914 7445336.70395719 7904384.048172269 5360564.391758188 5087795.131403626 8066331.458293817 5964001.79583558 29124139.876335584 13894699.376502752 2522392.403281542 14027953.61205239 17914125.942203432 29665548.964862533 28669596.897923402 20975160.19994872 14232562.52851005 13157328.185325598 25739403.10114641 11354366.786997912 11904054.009137895 11936225.332052687 -9999 -9999 -9999 -9999 -9999 -9999 -9999 -9999 -9999 -9999 -9999 -9999 -9999
-9999 -9999 -9999 -9999 -9999 -9999 -9999 -9999 -9999 -9999 -9999 -9999 -9999 -9999 -9999 -9999 4492707.16086871 5328697.45255999 5676477.354298412 4733548.113292858 4847410.539051636 5070878.84638544 2768976.0070543718 3771944.077403533 2727633.7029723614 2903817.5161206173 3847681.001213295 5417389.633999068 6840411.739636765 6446875.675513117 7621483.510734752 6741272.8304451145 8314667.663845887 7890583.11266568 27653439.471418757 7412944.282702588 28454170.392917868 31249887.689678784 31701541.65439376 3806337.948373574 3591394.4166128957 3501935.9851184855 3490300.1135445856 2433428.929345938 2884543.6038312763 3615248.5645083305 3569240.8978667487 3462372.126179059 3505014.202731129 3296215.2590834554 11732551.352071043 -9999 -9999 -9999 -9999 -9999 -9999 -9999 -9999 -9999 -9999 -9999 -9999 -9999 -9999 -9999
-9999 -9999 -9999 -9999 -9999 -9999 -9999 -9999 -9999 -9999 -9999 -9999 -9999 -9999 1482874.330681976 5491922.398330558 5531068.308127218 5828411.806000907 5024552.934600077 5949021.118316782 5618416.233198561 3226721.7174686925 3584635.569937497 4110726.1122904466 5469797.13787119 7367652.738074613 8467535.034028077 8410509.527876893 9211776.618991649 9082631.50503299 9749384.484202225 9368928.014046097 9311843.148922093 32135700.469728634 32152200.3135202 31164196.600318406 26171687.890682794 5310399.317787075 5553496.99727941 5553496.99727941 5520641.26782155 4581218.417688315 2597460.2838666174 4976587.405113285 5045286.623549187 4807876.089128667 3002274.29482087 2525699.5659183855 4350224.546062406 4066915.178693866 3635662.6816132558 3173144.9579213443 1899297.4072255208 -9999 -9999 -9999 -9999 -9999 -9999 -9999 -9999 -9999 -9999 -9999 -9999 -9999
-9999 -9999 -9999 -9999 -9999 -9999 -9999 -9999 -9999 -9999 -9999 -9999 4018275.401417287 4940764.41748221 5844076.373227372 5898977.296041653 5682337.655336006 5680778.333313281 5662822.671131459 15430204.002904536 16384497.775170144 5178835.088327535 4254429.7948718155 7688554.140390006 7715214.665437625 30224523.95690179 13179745.36454205 30928936.95339693 31791284.732237253 31605557.30858368 32355667.405528437 32280281.460887417 32476336.574691072 32451258.666314527 4807946.19504572 4858077.882229546 5267289.046988653 5298737.92966742 5560543.556381723 5579393.753662898 5421026.610307694 4280562.403150812 3946053.395825023 4827924.642482655 -9999.0 -9999.0 4519508.662865481 1982782.7494104952 2434287.194574544 4251308.221035521 3927013.339891601 3662788.1816374157 3608840.466167878 4664486.360937923 -9999 -9999 -9999 -9999 -9999 -9999 -9999 -9999 -9999 -9999 -9999 -9999
-9999 -9999 -9999 -9999 -9999 -9999 -9999 -9999 -9999 -9999 -9999 12823107.795588594 4803301.132499685 4816869.738278179 5293580.666148234 5145883.273890132 5007282.3106334405 4986451.7863072865 5752448.758733327 15523963.157868663 6470465.572759233 7622895.268819797 9185886.954890292 5680951.669618298 32863792.238919687 13255553.89581032 33658133.39205903 33097173.820265554 29439841.095629998 5432973.812344831 6000495.513890858 5898925.511470359 6129836.831280364 -9999.0 6366377.211750771 6372664.6437532045 6580305.945735163 6283819.823116104 6631197.301815112 6587267.023116208 6727490.39696625 5741309.122308957 -9999.0 -9999.0 -9999.0 -9999.0 -9999.0 -9999.0 5604302.872006405 -9999.0 5598853.648809799 4765022.904683391 5735516.527580229 670295.8966464312 3198669.829234867 2427897.476514452 8482953.362034878 10155294.630097808 14022335.366484609 -9999 -9999 -9999 -9999 -9999 -9999 -9999
-9999 -9999 -9999 -9999 -9999 -9999 -9999 -9999 -9999 -9999 -9999 11507328.43472686 4957062.201210663 5646338.0987728955 2489169.4788083816 5136644.425869715 4864638.449254374 5663619.372193599 15270738.507926036 24432380.923935805 25917377.623525333 8009305.372670282 28157010.18109457 28766252.46736256 4366563.364934673 4036788.5557363494 5179846.066819092 4996625.188068467 5477358.146374261 5344239.934100838 5951542.490518593 5957871.125583157 6176697.551968359 6164022.669029965 -9999.0 -9999.0 6574688.1137529705 5490738.101575769 5751134.933233594 6768045.897266206 5076246.653083052 3280743.8107791347 -9999.0 -9999.0 -9999.0 -9999.0 -9999.0 -9999.0 -9999.0 -9999.0 5288833.966903087 5540314.846448463 2325951.1162420292 4302794.287846953 1532966.4250091342 356732.5971168476 4079466.070333099 3853869.8134980733 714848.2643813165 3753457.091537635 4072728.821486426 -9999 -9999 -9999 -9999 -9999
