critload/trunk/output/1999/nox_em.asc
ncols 720
nrows 360
xllcorner -180
yllcorner -90
cellsize 0.5
NODATA_value -1.0
[rows 116 to 144 of 360, columns 462 to 527 of 720]
0.0 1098519.388175603 1125932.6475655108 1148339.7406677788 1010332.3613882513 951993.4640995297 561910.6362581284 862013.0437286939 731240.2079070172 757391.2873330056 738664.7896843891 733556.0316273294 772224.9292871401 772247.8414196165 782053.5848998955 787134.558601299 767996.5301289314 766831.8532286284 619626.3056909266 524676.2469880576 105634.282294944 0.0 152935.955290662 70667.56627938946 132950.05139146018 147472.10914862965 0.0 0.0 0.0 0.0 2801.7992001314124 0.0 30262.726863984775 105218.49079967415 71849.24092386127 432729.5107497992 858065.49142092 858065.49142092 0.0 0.0 0.0 926412.95954622 0.0 0.0 0.0 0.0 0.0 0.0 0.0 0.0 528929.2149683838 2711689.1966142408 1951820.7184088188 2422007.1345630074 1366003.7214994826 2480499.848941897 2162473.8882972635 2189550.262658841 1544140.1226841866 1759358.2416959554 1410006.7400237399 1306199.3935448395 1125822.4098557674 1185810.838270005 953073.3099871811 1015565.1495858736
0.0 984372.6102094724 823409.728220652 961672.094230838 892755.785915562 965727.7986691897 852295.8649505796 812963.4605244182 780481.0089337067 766657.5245290147 747802.914555412 645162.3531716131 766122.6336909677 771280.7954921344 791360.4193792471 791360.4193792471 782373.1426516741 772129.0823549768 741320.1886345025 720886.414248647 548690.1285660361 0.0 0.0 122099.65910421884 135550.33884666796 116987.3118117221 0.0 175526.939745924 115887.36025965385 0.0 0.0 111302.15144048494 253745.36475999758 54692.33126044224 502088.69953116 502088.69953116 682731.7091100218 862667.3479557601 201080.4273629384 0.0 0.0 681078.0984748607 0.0 0.0 0.0 0.0 0.0 0.0 0.0 0.0 0.0 2793584.210664061 2337838.845298812 1549194.5586078183 748240.907027836 1222232.121649563 0.0 1875597.527820189 1611200.4968460412 1749672.7430581066 1574369.7930654 1443805.8905920212 1188805.9981158767 1027521.4853897518 1023271.1787441382 1046498.7681308285
0.0 0.0 0.0 0.0 992919.6890784069 1061325.0350446664 971898.6492973433 962621.860901924 660835.0340364263 116033.01271668775 445606.07241840503 293802.01446536137 775322.2019322555 811413.1749480108 804544.3720383774 804539.9085944765 784332.2792455747 768867.7658184553 760256.8978825554 729350.0999154608 681813.2434886064 183364.64618478811 164822.864160636 164822.864160636 145042.94670537976 40973.79059069304 14196.384432307823 186024.13365373202 229110.61072262403 229110.61072262403 157411.17481447037 0.0 0.0 172807.51484309539 0.0 308105.60561181593 440949.2733412863 680505.7547763605 739796.8505464827 0.0 0.0 0.0 0.0 0.0 0.0 0.0 0.0 0.0 0.0 0.0 0.0 0.0 3716835.796367236 3786622.052955368 3237062.1081862873 3168152.102835415 2490473.9670217517 1884154.338698281 2618070.406227415 1760350.0689974541 1884503.5048033518 1766823.247681928 1776109.745007866 1899171.9373582802 1626038.3623111201 1478610.7539831686
668965.9153008318 0.0 0.0 0.0 650381.3748990116 905305.8790132743 781645.3175219626 960145.1271586118 811794.6773311016 438790.7071791069 446887.2729548489 500147.68016324175 608843.4611022616 799680.3171585419 813856.33486524 808672.1921808778 772878.2987568598 783237.9147850311 769340.8844837578 748705.1733174045 463313.9434115825 87519.84926435808 99015.82045795638 133681.0331337857 114608.92167632219 175296.226176504 186982.63922082802 186982.63922082802 230291.12311929604 179194.77802394168 240141.0105366003 0.0 0.0 268200.0775167844 545136.9191705601 245010.43268071837 382502.0603334492 388125.2690215128 831797.82924056 0.0 0.0 0.0 0.0 0.0 0.0 0.0 0.0 0.0 0.0 0.0 0.0 0.0 0.0 0.0 2589642.063239274 3414646.197140202 2526974.6110851844 2308544.890834436 1595127.7852146109 1808063.0726315652 1789369.413795 904953.5093477819 1498848.7224462354 1429222.811554609 877521.2016233308 1508599.5876008414
0.0 0.0 0.0 0.0 0.0 747518.104496335 801482.9870197156 1047806.2490845836 891839.5348568829 725888.005071044 809073.5444716497 493510.90778944874 790198.839141898 861799.6943620378 867491.327485007 872701.43668524 855349.8136858185 855336.8128678293 853167.5054792361 807037.310434355 240030.0000198796 197599.89448488 189999.900446832 189999.900446832 195527.18150550002 195527.18150550002 204508.98814177202 204508.98814177202 261163.503727476 261163.503727476 0.0 150701.35906433844 411781.61116392 197980.9598909958 354688.65517231013 576217.88278032 839770.6310558177 853294.4051657643 0.0 0.0 0.0 0.0 0.0 0.0 0.0 124397.81075925799 0.0 0.0 0.0 0.0 0.0 0.0 0.0 0.0 0.0 4122409.9231570233 3707331.6642223937 3730281.7108487375 2303944.397277453 725084.5227866059 758737.9222904884 451415.86832728866 324586.8602466511 1612906.1546035197 2082184.180982595 1941820.602104302
0.0 0.0 0.0 0.0 878008.1838842871 894380.5022647864 856515.016890459 990392.9090943414 926841.8687283586 170097.56953906466 842673.5221217122 786557.2546481031 782736.3531307599 816911.6215981151 744968.1270666362 871804.1196731353 859585.052783365 859580.7702611353 852182.2209024428 854651.9926580315 700029.2698136553 198578.35179480002 190940.72479272002 190940.72479272002 196495.3753425 196495.3753425 205521.65727762 205521.65727762 262456.70957646 262456.70957646 337444.3370994 0.0 413820.6341532 0.0 275663.018862188 579071.1464472 948454.6810902 948454.6810902 0.0 0.0 0.0 0.0 0.0 0.0 655663.096796565 1917104.6045661438 1912633.7453921428 1929095.2339912434 0.0 0.0 0.0 0.0 0.0 0.0 0.0 0.0 1316649.3153424663 3021607.754509692 1654079.1088829346 0.0 0.0 593918.1047776614 282377.85171364085 770011.9296312 847599.9322506001 1599473.1892559999
0.0 945889.7937895539 800752.2722053996 799869.9119403234 754498.7495736366 0.0 0.0 633579.7820458612 902952.027418923 944172.6280411786 894203.1219569003 859444.0920826452 825242.2795483274 348451.54269176174 796686.6246542903 98361.28867056931 845793.210952512 866815.7698866068 800147.6169687244 857697.9893338836 885690.7452780256 240866.02038989498 201634.47630156603 201634.47630156603 209309.160883488 209309.160883488 222565.399235268 222565.399235268 300707.47254966 300707.47254966 302351.062204888 394896.6097245 210218.67682228668 289808.6425657982 0.0 0.0 719325.7628062799 0.0 0.0 0.0 111013.55041357654 706069.53532014 843288.4772615528 1719702.7372610588 2483007.28422852 2001475.775303565 3180728.2430844 3073285.3887281357 3391753.5379903144 0.0 0.0 0.0 0.0 0.0 0.0 0.0 0.0 0.0 0.0 0.0 624016.8845790261 0.0 369680.0150631005 753031.1090072126 621968.2917569948 1067476.6833453
1149711.148304488 1052342.9015692703 1077959.9953237898 0.0 478654.76154659805 890519.3941804424 533264.1616984325 0.0 812200.4180254831 917128.7372946225 658973.0574092646 720982.7208076388 782337.8216150525 304440.7301361832 799020.6214025503 843246.2581491588 833936.885921337 849781.4540398391 790221.5840696205 841128.1720209145 708737.991012476 900497.7298096719 804639.3014589633 234263.4867780513 210303.15228220797 210303.15228220797 223622.343382188 223622.343382188 302135.50675506 302135.50675506 169667.84358796512 396771.94012949994 402218.4975913409 0.0 0.0 0.0 0.0 0.0 0.0 85561.19442058494 709422.5994767401 783058.3079286 1807110.5742638183 2071144.9562184047 2266164.4045092883 1945708.8746458166 3137849.7282407037 2092596.1848955548 1904418.08829657 2391117.517649087 0.0 0.0 0.0 0.0 0.0 0.0 0.0 0.0 0.0 0.0 0.0 0.0 0.0 0.0 0.0 0.0
1128245.382132 1089883.609814226 86287.07099073078 975352.4064642864 1009393.6285536571 990619.8813467056 934903.6581118914 995767.5638239871 878579.4508582358 935914.9391241592 865448.1066169555 835551.8128859344 790026.6108959253 820117.0520109413 660658.1893820949 767781.3354862613 774077.7941556992 787454.9341552979 798931.60139068 804217.2533677935 823667.3278877744 844866.8473664228 855066.7862457967 617316.7758813346 216210.8382264 216210.8382264 242268.82485719997 242268.82485719997 350726.36831999995 350726.36831999995 140284.9765892165 476086.41306000005 602150.724048 0.0 0.0 0.0 0.0 0.0 1329160.310076 1209307.462656 1195500.570958195 1235386.2581283771 1656068.7792512407 1774822.3800918276 2121954.9822741607 2104658.5132477595 1738129.6079229687 261402.71836899035 0.0 2001425.2834664884 0.0 0.0 0.0 0.0 0.0 0.0 0.0 0.0 0.0 0.0 0.0 0.0 0.0 0.0 0.0 0.0
-1.0 -1.0 -1.0 1169039.4734386492 0.0 1023942.2049599943 0.0 996789.7562768401 938193.2432070583 959794.6295533156 0.0 585246.5252882565 333176.43469180726 834276.0407351354 806403.6045816995 830966.7337242332 793434.0637581483 785335.4545284365 749191.5987826202 687109.0715319371 827435.6446443297 771583.2791338204 794225.8114152956 703473.7658315465 241701.28547872906 217195.693576308 243372.37614183401 243372.37614183401 352323.9512304 150258.96259527077 236517.3302059894 478255.01966070005 604893.56232056 0.0 0.0 0.0 0.0 1257617.80780288 1482488.0791440029 1407949.729716564 1648528.8307243863 1645393.6903128305 1587788.7864311843 1856939.4390089798 2203595.10155574 0.0 0.0 1950320.2900367011 1365868.8254269361 0.0 3289746.060572958 136467.934024618 0.0 0.0 0.0 0.0 0.0 0.0 0.0 0.0 0.0 0.0 0.0 0.0 0.0 0.0
-1.0 -1.0 -1.0 -1.0 1062164.9212890712 1028941.7052807787 964686.5952823533 956846.1271898054 924332.1327758996 893819.583219892 876157.9449976333 -1.0 679599.6545585191 803502.7550946792 757408.5467012797 784188.2437277758 765419.0225777845 754707.9124715478 760943.4200933579 750267.503507724 794452.8920633562 783839.6712200842 830160.2023359423 684877.1560508065 172723.75846896146 105367.92942152092 0.0 256537.18557456 387292.97939792 387292.97939792 535814.5043936 535814.5043936 591201.8199592412 0.0 0.0 0.0 575609.7707725599 1350665.1657376 1542506.25046672 1034423.8845051202 1389677.5543530327 1423547.1220097756 1593510.8776022217 1443000.2025934476 1102515.7452157792 0.0 0.0 0.0 0.0 0.0 0.0 0.0 0.0 0.0 0.0 0.0 0.0 0.0 0.0 0.0 0.0 0.0 0.0 0.0 0.0 0.0
922893.0094824651 -1.0 -1.0 -1.0 -1.0 -1.0 -1.0 -1.0 -1.0 -1.0 886956.0356477469 -1.0 828406.7297935118 844596.0001985992 798402.9425497027 814487.1094857961 784921.0352743646 779559.6462957378 775243.3041605109 764377.0649010813 808674.3201669166 700936.760303365 64043.88157103403 0.0 0.0 224823.96398022 257655.40271592 257655.40271592 286916.1040646666 296896.87946518796 102952.61507214198 538150.0603952 688032.73083688 0.0 0.0 0.0 0.0 578118.78992692 1287767.00007208 1238451.4281416584 1198967.5533845625 1597610.6370706253 1695316.3179348651 790562.9729285773 0.0 0.0 144051.7674884433 0.0 0.0 0.0 0.0 314687.6080642394 0.0 0.0 0.0 702079.4996349886 0.0 0.0 0.0 0.0 0.0 0.0 0.0 0.0 0.0 0.0
440791.8826744462 840659.7657831226 -1.0 -1.0 -1.0 -1.0 -1.0 -1.0 -1.0 723055.1499285486 522466.1517827555 -1.0 811088.1950041563 804905.0892418224 771132.9452118741 774646.1267127962 767478.1903256992 767493.3462399702 777874.2919823332 674276.6628108303 489706.55502555595 16040.860059617029 109098.02990086215 202846.785063 42737.86383532506 230084.152279512 263772.496127952 263772.496127952 421462.58095264004 421462.58095264004 401628.93943225977 404004.3412846087 789883.91271904 789883.91271904 0.0 0.0 0.0 300943.29370259726 1126968.9499266401 1501748.9209590212 1299529.540942546 1573597.9761979622 778855.4007781355 0.0 0.0 575814.2537719503 169610.8027040977 0.0 0.0 0.0 0.0 0.0 2062229.063408705 0.0 0.0 0.0 0.0 0.0 0.0 0.0 0.0 0.0 0.0 0.0 0.0 0.0
856673.7262602759 830353.864974662 -1.0 -1.0 -1.0 -1.0 -1.0 -1.0 831749.2729362355 521470.33124606125 441775.6935326465 -1.0 -1.0 -1.0 -1.0 788772.59176496 765442.0244871348 765974.9483678723 768440.0788599477 690359.7502910643 722023.4552927002 255344.76008990733 203692.86436200002 203692.86436200002 231043.839356688 231043.839356688 264872.698177248 264872.698177248 423220.51251136 423220.51251136 606760.01339664 105841.93031962251 390917.5310195746 793178.53938496 0.0 0.0 0.0 0.0 636990.0235827201 1040820.7183245098 1273373.8106001492 1201965.0928780437 0.0 0.0 0.0 0.0 0.0 0.0 0.0 0.0 0.0 0.0 1827716.6444858517 0.0 98784.9316942934 0.0 0.0 0.0 0.0 0.0 0.0 0.0 0.0 0.0 0.0 0.0
718913.3717943166 855603.3948674999 -1.0 -1.0 -1.0 -1.0 -1.0 729195.5478307845 762811.0480838176 620264.4682718823 488637.149603876 798351.1344725 -1.0 -1.0 -1.0 -1.0 -1.0 -1.0 -1.0 -1.0 -1.0 -1.0 -1.0 -1.0 -1.0 -1.0 -1.0 -1.0 -1.0 -1.0 -1.0 490367.19381059904 468005.9064665239 0.0 0.0 0.0 0.0 536641.615596401 685840.8646224999 0.0 1090201.3419290483 0.0 0.0 0.0 1388784.9897485492 0.0 0.0 0.0 0.0 0.0 0.0 0.0 1074665.3894085945 0.0 0.0 0.0 0.0 933944.3041118146 2101544.4816143005 0.0 0.0 0.0 279386.4494276019 362422.5023136297 775581.9209829578 2333311.762062202
859012.12487424 414421.52605686476 820691.8927692801 674955.3852294331 698299.054632399 738026.4140600895 744764.7757280085 755658.9114700004 529486.9835670721 482828.85764766805 679777.6481097084 561257.3720114413 760018.2041779201 -1.0 -1.0 -1.0 -1.0 -1.0 -1.0 -1.0 -1.0 -1.0 -1.0 -1.0 -1.0 -1.0 -1.0 -1.0 -1.0 -1.0 -1.0 -1.0 764758.89385216 0.0 0.0 42779.50755267788 1121169.9862104957 1201802.7546828801 0.0 90347.98735113512 739602.6880023365 0.0 0.0 185604.2721268274 1384375.3792900965 761916.8146902653 217257.2796618836 0.0 0.0 0.0 0.0 0.0 0.0 0.0 0.0 0.0 0.0 700028.9479124341 2187077.4390488137 1846760.885740539 0.0 0.0 1974509.8150358158 1853797.4128761897 671536.7210077262 0.0
811061.5590831002 202899.97162158275 640842.3292666903 759769.1720957 772592.2546628 654916.5599771618 782209.5793498999 782209.5793498999 700126.9112497373 733577.6484674542 665106.4764296808 622250.6453891993 535016.2971068941 493145.43838112854 628385.2161182078 688273.084920222 -1.0 -1.0 -1.0 -1.0 -1.0 -1.0 -1.0 -1.0 -1.0 -1.0 -1.0 -1.0 -1.0 -1.0 -1.0 -1.0 572522.7657552001 556405.8309606725 968098.1634769347 1371636.4471915446 1560942.3650469342 1666061.9262891707 1790411.9043255385 847031.8666971951 1076778.400253547 0.0 0.0 0.0 0.0 0.0 0.0 0.0 0.0 0.0 0.0 0.0 1025424.9785964042 0.0 0.0 0.0 0.0 0.0 0.0 0.0 353731.8048420204 3808961.6362198656 5042767.97105178 4555697.450348907 4182455.812095533 4362433.379203638
814147.4224525201 814147.4224525201 693224.5351858581 762659.88221644 775531.7530417601 587779.3015281472 785185.6689710799 785185.6689710799 701150.9890342291 747926.0625037993 722197.5825317671 693265.0076976874 609249.7943401582 590315.6294718554 571018.6189995193 588152.6247412618 704736.32401224 -1.0 -1.0 -1.0 -1.0 -1.0 -1.0 -1.0 -1.0 -1.0 -1.0 -1.0 -1.0 -1.0 -1.0 -1.0 -1.0 -1.0 1768281.1948978803 809796.319724571 984704.556352586 981058.1617419492 160460.15854500653 445709.30119916797 539921.8547349966 0.0 0.0 0.0 0.0 0.0 0.0 0.0 0.0 0.0 0.0 0.0 0.0 0.0 0.0 0.0 0.0 0.0 0.0 326531.09737421665 3379478.737225859 2431356.2224705336 3607415.9596193135 3281097.63989246 3092403.055933397 5025821.358628378
739649.649922 739649.649922 704120.6045034 704120.6045034 290304.408405173 0.0 113129.83316311717 520620.4986836082 507954.4544114332 710580.4683478 684741.1444059999 660277.3782452156 609630.6278245929 585284.2998764471 583875.8080333795 585308.9599525211 618150.9142337209 663741.1305726432 -1.0 -1.0 -1.0 -1.0 -1.0 -1.0 -1.0 -1.0 -1.0 -1.0 -1.0 -1.0 -1.0 -1.0 -1.0 -1.0 -1.0 1495156.0576320002 678160.3755357587 1187693.6178606888 682017.2564853847 0.0 0.0 0.0 0.0 0.0 0.0 0.0 0.0 0.0 0.0 0.0 0.0 0.0 0.0 0.0 0.0 506437.4115445418 0.0 0.0 0.0 31617.405830316246 2410098.0838129004 2911445.5061843144 2771974.139126201 4400935.247267295 4735594.883986165 4084627.7851634463
742328.883421 742328.883421 706671.1411137 706671.1411137 729362.402475 729362.402475 732604.0571233 732604.0571233 573299.3057778166 713154.4045278999 687221.482783 687221.482783 671013.4389535 646401.549029481 636918.4914513979 629519.4431607948 615757.5005934926 683979.8740171001 -1.0 -1.0 -1.0 -1.0 -1.0 -1.0 -1.0 -1.0 -1.0 -1.0 -1.0 -1.0 -1.0 -1.0 -1.0 -1.0 -1.0 1500571.962576 400938.80804092623 0.0 0.0 0.0 212379.46494170465 0.0 0.0 0.0 0.0 0.0 0.0 0.0 0.0 0.0 0.0 0.0 0.0 766874.8898630938 2741266.9691217076 0.0 0.0 0.0 0.0 983915.6759248963 3079764.134363761 536840.6386258444 626674.8568168255 1208647.4225737741 4427499.882661734 4067360.0230398756
637600.1195104801 637600.1195104801 621334.81486152 621334.81486152 637600.1195104801 637600.1195104801 644106.2620900801 644106.2620900801 634347.07699848 625671.057883483 624587.85161796 624587.85161796 627840.93441888 627840.93441888 637600.1195104801 637600.1195104801 642165.1689363145 666877.6517630401 -1.0 -1.0 -1.0 -1.0 -1.0 -1.0 -1.0 -1.0 -1.0 -1.0 -1.0 -1.0 -1.0 -1.0 -1.0 -1.0 -1.0 -1.0 503683.4984164332 0.0 0.0 0.0 0.0 0.0 0.0 0.0 0.0 0.0 121145.36829659157 0.0 0.0 0.0 0.0 0.0 2038131.3117433046 0.0 0.0 2124633.656062237 2979070.955967037 870401.6609509578 0.0 2840726.045081025 705248.9940459463 0.0 0.0 174359.19387219567 1053679.9944805177 3808474.6472217888
639795.77629604 639795.77629604 623474.46000996 623474.46000996 639795.77629604 639795.77629604 646324.32360184 646324.32360184 622022.4394081436 630728.2215851132 626738.6990105801 626738.6990105801 630002.98421424 630002.98421424 639795.77629604 639795.77629604 669174.1294399201 -1.0 -1.0 -1.0 -1.0 -1.0 -1.0 -1.0 -1.0 -1.0 -1.0 -1.0 -1.0 -1.0 -1.0 -1.0 -1.0 -1.0 -1.0 -1.0 -1.0 572823.4960085942 0.0 0.0 0.0 0.0 721108.2137878388 0.0 0.0 0.0 0.0 0.0 0.0 0.0 0.0 399326.37942920486 1131961.9137206883 0.0 1307912.3545723497 1155803.592122896 0.0 0.0 1131798.6351129692 1810520.0311495042 0.0 0.0 1503123.281922258 1113928.1019647643 2399724.086742364 0.0
563337.4775048 563337.4775048 556787.0402374801 556787.0402374801 566612.69324108 566612.69324108 566612.69324108 566612.69324108 268488.3185748883 516991.67400105885 551627.8308299157 576438.34044992 596089.65804664 596089.65804664 590492.6208511391 582799.6133112289 -1.0 -1.0 -1.0 -1.0 -1.0 -1.0 -1.0 -1.0 -1.0 -1.0 -1.0 -1.0 -1.0 -1.0 -1.0 -1.0 -1.0 -1.0 -1.0 -1.0 -1.0 -1.0 910048.0652412274 0.0 0.0 1840252.12618284 -1.0 309071.7337563769 0.0 1892173.543578278 0.0 0.0 0.0 0.0 0.0 0.0 0.0 0.0 0.0 0.0 0.0 0.0 3076497.0726761287 2002690.192739354 54209.460186242126 400827.39817152545 3022858.589687173 2211042.6164509747 300236.03342594486 625850.0741675505
565178.729226 565178.729226 558606.8820501 558606.8820501 568464.6499071 568464.6499071 568464.6499071 568464.6499071 543558.651274297 568464.6499071 578322.4119504 578322.4119504 598037.9592917999 598037.9592917999 621039.3866184 587629.0508307151 -1.0 -1.0 -1.0 -1.0 -1.0 -1.0 -1.0 -1.0 -1.0 -1.0 -1.0 -1.0 -1.0 -1.0 -1.0 -1.0 -1.0 -1.0 -1.0 -1.0 -1.0 -1.0 -1.0 -1.0 -1.0 -1.0 -1.0 0.0 889695.9801752758 0.0 0.0 0.0 0.0 0.0 0.0 0.0 0.0 0.0 0.0 0.0 0.0 1226711.548332741 3322174.6226425557 3656625.7912715278 3474414.17684413 3466089.3291223967 4252021.921543229 2891982.1104677594 119680.47543095425 4203249.192183204
527418.83947284 527418.83947284 520826.09071122 520826.09071122 527418.83947284 402242.40394143504 202095.10568997788 452409.2419571611 527418.83947284 527418.83947284 543900.67346772 543900.67346772 573567.96999276 573567.96999276 -1.0 -1.0 -1.0 -1.0 -1.0 -1.0 -1.0 -1.0 -1.0 -1.0 -1.0 -1.0 -1.0 -1.0 -1.0 -1.0 -1.0 -1.0 -1.0 -1.0 -1.0 -1.0 -1.0 -1.0 -1.0 -1.0 -1.0 -1.0 -1.0 0.0 0.0 0.0 0.0 0.0 0.0 0.0 0.0 0.0 0.0 0.0 0.0 117454.27649709675 157735.23451543786 2448210.955597846 3931319.5996040935 4273003.307467801 3926450.115212259 2752768.9233143805 1381479.076070371 1150232.397169686 3391559.853252494 3729916.549990469
529052.05110912 529052.05110912 507733.7649887458 145898.67985212186 328377.46578220825 453848.4160669539 529052.05110912 529052.05110912 529052.05110912 529052.05110912 545584.92295296 520508.4940554364 575344.08759168 575344.08759168 -1.0 -1.0 -1.0 -1.0 -1.0 -1.0 -1.0 -1.0 -1.0 -1.0 -1.0 -1.0 -1.0 -1.0 -1.0 -1.0 -1.0 -1.0 -1.0 -1.0 -1.0 -1.0 -1.0 -1.0 -1.0 -1.0 -1.0 -1.0 -1.0 1266073.4865541998 0.0 0.0 0.0 0.0 0.0 0.0 0.0 0.0 0.0 0.0 0.0 0.0 1403709.3035934097 2619873.3388435626 3951175.1676923325 4286235.141830401 4105314.0420372803 2757957.626253868 0.0 2020930.1271957 3398121.312374526 3223680.379831664
296879.5203748727 322986.09430061607 451920.97310576 451933.4424613725 455200.0703638837 505516.61382920004 530643.66377792 530643.66377792 533960.1610780801 533960.1610780801 529863.0233689015 529898.3676064801 563382.9422454087 587024.52862944 -1.0 -1.0 -1.0 -1.0 -1.0 -1.0 -1.0 -1.0 -1.0 -1.0 -1.0 -1.0 -1.0 -1.0 -1.0 -1.0 -1.0 -1.0 -1.0 -1.0 -1.0 -1.0 -1.0 -1.0 -1.0 -1.0 -1.0 -1.0 -1.0 1303349.4898084057 830103.7949483148 0.0 0.0 0.0 0.0 0.0 0.0 0.0 0.0 0.0 0.0 0.0 0.0 0.0 2470206.2371726017 3927254.1688176743 3475200.5657791295 3302293.102357279 2339620.2594686593 1997276.9980094219 1976982.1389822406 1131146.9089246928
532195.48613 532195.48613 528869.24882 528869.24882 506933.5560918191 532195.48613 506957.60008778947 506933.5560918191 510259.75220681913 459759.9361265185 504955.19306363165 555479.0531400001 -1.0 -1.0 -1.0 -1.0 -1.0 -1.0 -1.0 -1.0 -1.0 -1.0 -1.0 -1.0 -1.0 -1.0 -1.0 -1.0 -1.0 -1.0 -1.0 -1.0 -1.0 -1.0 -1.0 -1.0 -1.0 -1.0 -1.0 -1.0 -1.0 -1.0 -1.0 1850291.075109128 1128735.8973509553 315665.5455088634 0.0 0.0 0.0 0.0 0.0 0.0 0.0 0.0 0.0 0.0 0.0 0.0 2013289.9935960774 2533495.6511459546 3449116.401699162 3107148.212096424 3199421.9950631503 3034264.9021689524 767415.1842761887 0.0
527840.6069371898 527840.6069371898 547315.0657387514 535058.1965430686 535117.1108252096 535117.1108252096 535117.1108252096 509725.40930903715 516396.7500058818 542985.3018519256 559663.6004792148 -1.0 -1.0 -1.0 -1.0 -1.0 -1.0 -1.0 -1.0 -1.0 -1.0 -1.0 -1.0 -1.0 -1.0 -1.0 -1.0 -1.0 -1.0 -1.0 -1.0 -1.0 -1.0 -1.0 -1.0 -1.0 -1.0 -1.0 -1.0 -1.0 -1.0 -1.0 -1.0 -1.0 380176.1783513464 1420095.5130031416 0.0 0.0 0.0 0.0 0.0 0.0 0.0 0.0 0.0 0.0 0.0 0.0 1854275.3664477495 56905.781773057766 1804740.3566422646 3625418.5449569467 3142356.620879542 1613840.5579193134 318315.6258110143 2936194.9634787
