critload/trunk/output/1999/nox_em.asc
ncols 720
nrows 360
xllcorner -180
yllcorner -90
cellsize 0.5
NODATA_value -1.0
[rows 30 to 59 of 360, columns 68 to 135 of 720]
-1.0 -1.0 -1.0 -1.0 -1.0 -1.0 -1.0 -1.0 -1.0 -1.0 -1.0 -1.0 -1.0 -1.0 -1.0 -1.0 -1.0 -1.0 -1.0 -1.0 -1.0 -1.0 -1.0 -1.0 -1.0 -1.0 -1.0 -1.0 -1.0 -1.0 -1.0 -1.0 -1.0 -1.0 -1.0 -1.0 -1.0 -1.0 -1.0 -1.0 -1.0 -1.0 -1.0 -1.0 -1.0 -1.0 -1.0 -1.0 -1.0 -1.0 -1.0 -1.0 -1.0 -1.0 -1.0 -1.0 -1.0 -1.0 -1.0 -1.0 -1.0 -1.0 -1.0 14600.721939 14600.721939 14600.721939 14600.721939 14600.721939
-1.0 -1.0 -1.0 -1.0 -1.0 -1.0 -1.0 -1.0 -1.0 -1.0 -1.0 -1.0 -1.0 -1.0 -1.0 -1.0 -1.0 -1.0 -1.0 -1.0 -1.0 -1.0 -1.0 -1.0 -1.0 -1.0 -1.0 -1.0 -1.0 -1.0 -1.0 -1.0 -1.0 -1.0 -1.0 -1.0 -1.0 -1.0 -1.0 -1.0 -1.0 -1.0 -1.0 15953.8252148 15953.8252148 15953.8252148 16840.1486416 16840.1486416 16840.1486416 16840.1486416 15953.8252148 15953.8252148 15953.8252148 15953.8252148 15953.8252148 15953.8252148 15067.5004424 15067.5004424 15067.5004424 -1.0 -1.0 -1.0 -1.0 -1.0 15067.5004424 15067.5004424 15067.5004424 15067.5004424
-1.0 -1.0 -1.0 -1.0 -1.0 -1.0 -1.0 -1.0 -1.0 -1.0 -1.0 -1.0 -1.0 -1.0 -1.0 -1.0 -1.0 -1.0 -1.0 -1.0 -1.0 -1.0 -1.0 -1.0 -1.0 -1.0 -1.0 -1.0 -1.0 -1.0 -1.0 -1.0 -1.0 -1.0 -1.0 -1.0 -1.0 -1.0 -1.0 -1.0 -1.0 -1.0 -1.0 16446.8472552 17360.5607893 17360.5607893 17360.5607893 17360.5607893 17360.5607893 17360.5607893 17360.5607893 17360.5607893 17360.5607893 17360.5607893 16446.8472552 16446.8472552 16446.8472552 16446.8472552 16446.8472552 16446.8472552 16446.8472552 16446.8472552 -1.0 -1.0 -1.0 -1.0 -1.0 -1.0
-1.0 -1.0 -1.0 -1.0 -1.0 -1.0 -1.0 -1.0 -1.0 -1.0 -1.0 -1.0 -1.0 -1.0 -1.0 -1.0 -1.0 -1.0 -1.0 -1.0 -1.0 -1.0 -1.0 -1.0 -1.0 -1.0 -1.0 -1.0 -1.0 -1.0 -1.0 -1.0 -1.0 -1.0 -1.0 -1.0 -1.0 -1.0 -1.0 -1.0 -1.0 -1.0 -1.0 16938.6362662 17879.671406 17879.671406 17879.671406 17879.671406 17879.671406 17879.671406 17879.671406 17879.671406 17879.671406 17879.671406 16938.6362662 16938.6362662 16938.6362662 16938.6362662 16938.6362662 16938.6362662 16938.6362662 16938.6362662 16938.6362662 16938.6362662 16938.6362662 -1.0 -1.0 -1.0
-1.0 -1.0 -1.0 -1.0 -1.0 -1.0 -1.0 -1.0 -1.0 -1.0 -1.0 -1.0 -1.0 -1.0 -1.0 -1.0 -1.0 -1.0 -1.0 -1.0 -1.0 -1.0 -1.0 -1.0 -1.0 -1.0 -1.0 -1.0 -1.0 -1.0 -1.0 -1.0 -1.0 -1.0 -1.0 -1.0 -1.0 -1.0 -1.0 -1.0 -1.0 -1.0 -1.0 18397.4404446 18397.4404446 18397.4404446 18397.4404446 18397.4404446 18397.4404446 18397.4404446 18397.4404446 18397.4404446 18397.4404446 18397.4404446 18397.4404446 18397.4404446 18397.4404446 18397.4404446 18397.4404446 18397.4404446 18397.4404446 18397.4404446 18397.4404446 18397.4404446 18397.4404446 -1.0 18397.4404446 18397.4404446
-1.0 -1.0 -1.0 -1.0 -1.0 -1.0 -1.0 -1.0 -1.0 -1.0 -1.0 -1.0 -1.0 -1.0 -1.0 -1.0 -1.0 -1.0 -1.0 -1.0 -1.0 -1.0 -1.0 -1.0 -1.0 -1.0 -1.0 -1.0 -1.0 -1.0 -1.0 -1.0 -1.0 -1.0 -1.0 -1.0 -1.0 -1.0 -1.0 -1.0 -1.0 17918.3065337 18913.7677874 18913.7677874 18913.7677874 18913.7677874 18913.7677874 18913.7677874 18913.7677874 18913.7677874 18913.7677874 18913.7677874 18913.7677874 18913.7677874 -1.0 18913.7677874 18913.7677874 18913.7677874 18913.7677874 18913.7677874 18913.7677874 18913.7677874 18913.7677874 18913.7677874 18913.7677874 18913.7677874 18913.7677874 18913.7677874
-1.0 -1.0 -1.0 -1.0 -1.0 -1.0 -1.0 -1.0 -1.0 -1.0 -1.0 -1.0 -1.0 -1.0 -1.0 -1.0 -1.0 -1.0 -1.0 -1.0 -1.0 -1.0 -1.0 -1.0 -1.0 -1.0 -1.0 -1.0 -1.0 -1.0 -1.0 -1.0 -1.0 -1.0 -1.0 -1.0 -1.0 -1.0 -1.0 -1.0 -1.0 -1.0 20451.213927 20451.213927 20451.213927 20451.213927 20451.213927 20451.213927 20451.213927 20451.213927 20451.213927 20451.213927 -1.0 -1.0 20451.213927 20451.213927 20451.213927 20451.213927 20451.213927 20451.213927 20451.213927 20451.213927 20451.213927 20451.213927 20451.213927 20451.213927 20451.213927 20451.213927
-1.0 -1.0 -1.0 -1.0 -1.0 -1.0 -1.0 -1.0 -1.0 -1.0 -1.0 -1.0 -1.0 -1.0 -1.0 -1.0 -1.0 -1.0 -1.0 -1.0 -1.0 -1.0 -1.0 -1.0 -1.0 -1.0 -1.0 -1.0 -1.0 -1.0 -1.0 -1.0 -1.0 -1.0 -1.0 -1.0 -1.0 -1.0 -1.0 -1.0 -1.0 -1.0 -1.0 -1.0 20991.6812384 20991.6812384 20991.6812384 20991.6812384 20991.6812384 20991.6812384 20991.6812384 -1.0 -1.0 -1.0 -1.0 20991.6812384 20991.6812384 20991.6812384 20991.6812384 20991.6812384 20991.6812384 20991.6812384 20991.6812384 20991.6812384 20991.6812384 20991.6812384 20991.6812384 20991.6812384
-1.0 -1.0 -1.0 -1.0 -1.0 -1.0 -1.0 -1.0 -1.0 -1.0 -1.0 -1.0 -1.0 -1.0 -1.0 -1.0 -1.0 -1.0 -1.0 -1.0 -1.0 -1.0 -1.0 -1.0 -1.0 -1.0 -1.0 -1.0 -1.0 -1.0 -1.0 -1.0 -1.0 -1.0 -1.0 -1.0 -1.0 -1.0 -1.0 -1.0 -1.0 -1.0 -1.0 -1.0 -1.0 -1.0 -1.0 -1.0 -1.0 -1.0 -1.0 -1.0 -1.0 -1.0 -1.0 23683.6476819 23683.6476819 23683.6476819 23683.6476819 23683.6476819 23683.6476819 23683.6476819 23683.6476819 23683.6476819 23683.6476819 23683.6476819 23683.6476819 23683.6476819
24642.831707 -1.0 -1.0 24642.831707 24642.831707 24642.831707 24642.831707 -1.0 -1.0 -1.0 -1.0 -1.0 -1.0 -1.0 -1.0 -1.0 -1.0 -1.0 -1.0 -1.0 -1.0 -1.0 -1.0 -1.0 -1.0 -1.0 -1.0 -1.0 -1.0 -1.0 24274.4057269 24274.4057269 24274.4057269 -1.0 -1.0 24274.4057269 24274.4057269 24274.4057269 24274.4057269 -1.0 -1.0 -1.0 24274.4057269 24274.4057269 -1.0 -1.0 -1.0 -1.0 -1.0 -1.0 -1.0 -1.0 -1.0 -1.0 -1.0 -1.0 -1.0 -1.0 24274.4057269 24274.4057269 24274.4057269 24274.4057269 24274.4057269 24274.4057269 24274.4057269 24274.4057269 24274.4057269 24274.4057269
27764.9981218 27764.9981218 27764.9981218 27764.9981218 27764.9981218 27764.9981218 29027.0437249 29027.0437249 29027.0437249 29027.0437249 25993.7015319 25993.7015319 25993.7015319 25993.7015319 -1.0 -1.0 -1.0 -1.0 -1.0 -1.0 -1.0 -1.0 -1.0 28254.0240476 -1.0 -1.0 30514.3446331 30514.3446331 30514.3446331 30514.3446331 30514.3446331 30514.3446331 29384.1847693 29384.1847693 29384.1847693 29384.1847693 28254.0240476 28254.0240476 28254.0240476 28254.0240476 -1.0 27123.8633259 27123.8633259 27123.8633259 -1.0 27123.8633259 27123.8633259 27123.8633259 27123.8633259 27123.8633259 27123.8633259 -1.0 -1.0 -1.0 -1.0 -1.0 -1.0 -1.0 28254.0240476 28254.0240476 28254.0240476 28254.0240476 28254.0240476 28254.0240476 27123.8633259 27123.8633259 27123.8633259 27123.8633259
28420.8112144 28420.8112144 28420.8112144 28420.8112144 28420.8112144 28420.8112144 29712.6665091 29712.6665091 29712.6665091 29712.6665091 26607.6763543 26607.6763543 26607.6763543 26607.6763543 25450.8210802 25450.8210802 25450.8210802 -1.0 -1.0 -1.0 27764.5327261 27764.5327261 28921.3880002 28921.3880002 30078.2432744 30078.2432744 31235.0976703 31235.0976703 31235.0976703 31235.0976703 31235.0976703 31235.0976703 30078.2432744 30078.2432744 30078.2432744 30078.2432744 28921.3880002 28921.3880002 28921.3880002 28921.3880002 27764.5327261 27764.5327261 27764.5327261 27764.5327261 27764.5327261 27764.5327261 27764.5327261 27764.5327261 27764.5327261 27764.5327261 27764.5327261 27764.5327261 27764.5327261 27764.5327261 27764.5327261 27764.5327261 -1.0 -1.0 -1.0 28921.3880002 28921.3880002 28921.3880002 28921.3880002 28921.3880002 27764.5327261 27764.5327261 27764.5327261 27764.5327261
31717.4127263 31717.4127263 31717.4127263 31717.4127263 31717.4127263 31717.4127263 33038.9720204 33038.9720204 33038.9720204 33038.9720204 29586.3807426 29586.3807426 29586.3807426 29586.3807426 29586.3807426 29586.3807426 30769.8357207 30769.8357207 31953.2898005 31953.2898005 34320.2011044 34320.2011044 36687.1119591 36687.1119591 40237.4759952 40237.4759952 42604.3886466 42604.3886466 42604.3886466 42604.3886466 42604.3886466 42604.3886466 40237.4759952 40237.4759952 39054.0205679 39054.0205679 36687.1119591 36687.1119591 35503.6551842 35503.6551842 34320.2011044 34320.2011044 34320.2011044 34320.2011044 33136.7461262 33136.7461262 31953.2898005 31953.2898005 31953.2898005 31953.2898005 31953.2898005 31953.2898005 31953.2898005 31953.2898005 31953.2898005 31953.2898005 33136.7461262 33136.7461262 33136.7461262 33136.7461262 33136.7461262 33136.7461262 31953.2898005 31953.2898005 31953.2898005 31953.2898005 30769.8357207 30769.8357207
32427.7612072 32427.7612072 32427.7612072 32427.7612072 32427.7612072 32427.7612072 33778.9183642 33778.9183642 33778.9183642 33778.9183642 30249.0022747 30249.0022747 30249.0022747 30249.0022747 30249.0022747 30249.0022747 31458.9621085 31458.9621085 32668.9210238 32668.9210238 35088.8420691 35088.8420691 37508.7626553 37508.7626553 41138.6412382 41138.6412382 43558.5636613 43558.5636613 43558.5636613 43558.5636613 43558.5636613 43558.5636613 41138.6412382 41138.6412382 39928.6809451 39928.6809451 37508.7626553 37508.7626553 36298.8009845 36298.8009845 35088.8420691 35088.8420691 35088.8420691 35088.8420691 33878.8822353 33878.8822353 32668.9210238 32668.9210238 32668.9210238 32668.9210238 32668.9210238 32668.9210238 32668.9210238 32668.9210238 32668.9210238 32668.9210238 33878.8822353 33878.8822353 33878.8822353 33878.8822353 33878.8822353 33878.8822353 32668.9210238 32668.9210238 -1.0 -1.0 -1.0 -1.0
37278.1500267 37278.1500267 37278.1500267 37278.1500267 37278.1500267 37278.1500267 37278.1500267 37278.1500267 37278.1500267 37278.1500267 33382.5604305 33382.5604305 34618.9527569 34618.9527569 35855.3436754 35855.3436754 37091.7336553 37091.7336553 39564.5173694 39564.5173694 43273.688717 43273.688717 48219.2545027 48219.2545027 53164.8209923 53164.8209923 58110.3837277 58110.3837277 58110.3837277 58110.3837277 56873.99234 56873.99234 54401.2114415 54401.2114415 50692.0363397 50692.0363397 46982.8647574 46982.8647574 44510.0829204 44510.0829204 42037.2982678 42037.2982678 40800.90688 40800.90688 39564.5173694 39564.5173694 38328.1264509 38328.1264509 38328.1264509 38328.1264509 38328.1264509 38328.1264509 38328.1264509 38328.1264509 38328.1264509 38328.1264509 38328.1264509 38328.1264509 38328.1264509 38328.1264509 38328.1264509 38328.1264509 37091.7336553 37091.7336553 37091.7336553 37091.7355324 35855.3436754 35855.3436754
38071.8903311 38071.8903311 38071.8903311 38071.8903311 38071.8903311 38071.8903311 38071.8903311 38071.8903311 38071.8903311 38071.8903311 34093.3543851 34093.3543851 35356.072439 35356.072439 36618.7890551 36618.7890551 37881.5047126 37881.5047126 40406.9398618 40406.9398618 44195.0882722 44195.0882722 49245.9568932 49245.9568932 54296.8262331 54296.8262331 59347.6917388 59347.6917388 59347.6917388 59347.6917388 58084.9746435 58084.9746435 55559.5423699 55559.5423699 51771.3901253 51771.3901253 47983.2414753 47983.2414753 45457.8082431 45457.8082431 42932.3721354 42932.3721354 41669.6550401 41669.6550401 40406.9398618 40406.9398618 39144.2232457 39144.2232457 39144.2232457 39144.2232457 39144.2232457 39144.2232457 39144.2232457 39144.2232457 39144.2232457 39144.2232457 39144.2232457 39144.2232457 39144.2232457 39144.2232457 39144.2232457 39144.2232457 37881.5047126 37881.5047126 37881.5047126 37881.5047126 36618.7890551 36618.7890551
41741.1539893 41741.1539893 41741.1539893 41741.1539893 41741.1539893 41741.1539893 43180.5023387 43180.5023387 43180.5023387 43180.5023387 38668.1141564 38668.1141564 39957.0530398 39957.0530398 41245.9899663 41245.9899663 42534.9254252 42534.9254252 45112.7992783 45112.7992783 48979.6134825 48979.6134825 54135.3624118 54135.3624118 60580.0465553 60580.0465553 65735.7952399 65735.7952399 67024.7326557 67024.7326557 65735.7952399 65735.7952399 63157.9223653 63157.9223653 59291.1091395 59291.1091395 55424.2998275 55424.2998275 52846.4230391 52846.4230391 51557.4863572 51557.4863572 50268.549186 50268.549186 47690.6760667 47690.6760667 45112.7992783 45112.7992783 43823.862841 43823.862841 43823.862841 43823.862841 43823.862841 43823.862841 43823.862841 43823.862841 43823.862841 43823.862841 45112.7992783 45112.7992783 45112.7992783 45112.7992783 45112.7992783 45112.7992783 43823.862841 43823.862841 43823.862841 43823.862841
42587.5467116 42587.5467116 42587.5467116 42587.5467116 42587.5467116 42587.5467116 44056.0809806 44056.0809806 44056.0809806 44056.0809806 39452.1943093 39452.1943093 40767.2692332 40767.2692332 42082.3421606 42082.3421606 43397.4135905 43397.4135905 46027.5594452 46027.5594452 49972.7817212 49972.7817212 55233.0746785 55233.0746785 61808.4388161 61808.4388161 67068.7315238 67068.7315238 68383.8049503 68383.8049503 67068.7315238 67068.7315238 64438.5866674 64438.5866674 60493.3653896 60493.3653896 56548.148105 56548.148105 53917.9992554 53917.9992554 52602.9265777 52602.9265777 51287.8534007 51287.8534007 48657.7082947 48657.7082947 46027.5594452 46027.5594452 44712.487017 44712.487017 -1.0 44712.487017 44712.487017 44712.487017 44712.487017 44712.487017 44712.487017 44712.487017 46027.5594452 46027.5594452 46027.5594452 46027.5594452 46027.5594452 46027.5594452 44712.487017 44712.487017 44712.487017 44712.487017
49420.9398829 49420.9398829 47923.3373793 47923.3373793 49420.9398829 49420.9398829 49420.9398829 49420.9398829 49420.9398829 49420.9398829 45597.528031 45597.528031 45597.528031 45597.528031 46938.631063 46938.631063 46938.631063 46938.631063 49620.8411992 49620.8411992 52303.0475178 52303.0475178 56326.3606861 56326.3606861 63031.8778823 63031.8778823 67055.1910506 67055.1910506 68396.2930645 68396.2930645 68396.2930645 68396.2930645 65714.0870005 65714.0870005 63031.8778823 63031.8778823 60349.6708002 60349.6708002 60349.6708002 60349.6708002 59008.5677682 59008.5677682 59008.5677682 59008.5677682 57667.4647361 57667.4647361 53644.1513134 53644.1513134 50961.9452493 50961.9452493 49620.8411992 49620.8411992 49620.8411992 49620.8411992 50961.9452493 50961.9452493 50961.9452493 50961.9452493 52303.0475178 52303.0475178 52303.0475178 52303.0475178 52303.0475178 52303.0475178 52303.0475178 52303.0475178 53644.1513134 53644.1513134
50376.3091188 50376.3091188 48849.7560658 48849.7560658 50376.3091188 50376.3091188 50376.3091188 50376.3091188 50376.3091188 50376.3091188 46478.985883 46478.985883 46478.985883 46478.985883 47846.0141318 47846.0141318 47846.0141318 47846.0141318 50580.0747802 50580.0747802 53314.1315373 53314.1315373 57415.2204345 57415.2204345 64250.3637539 64250.3637539 68351.4526512 68351.4526512 69718.4798622 69718.4798622 69718.4798622 69718.4798622 66984.4233646 66984.4233646 64250.3637539 64250.3637539 61516.3062186 61516.3062186 61516.3062186 61516.3062186 60149.2779698 60149.2779698 60149.2779698 60149.2779698 58782.249721 58782.249721 54681.1605643 -1.0 51947.1040668 51947.1040668 50580.0747802 50580.0747802 50580.0747802 50580.0747802 51947.1040668 51947.1040668 51947.1040668 51947.1040668 53314.1315373 53314.1315373 53314.1315373 53314.1315373 53314.1315373 53314.1315373 53314.1315373 53314.1315373 54681.1605643 54681.1605643
55994.3848813 55994.3848813 54438.982702 54438.982702 55994.3848813 55994.3848813 55994.3848813 55994.3848813 55994.3848813 55994.3848813 51535.7989701 51535.7989701 51535.7989701 51535.7989701 51535.7989701 51535.7989701 52928.6586446 52928.6586446 54321.5164688 54321.5164688 55714.375879 55714.375879 57107.2347605 57107.2347605 59892.9562242 59892.9562242 62678.6734586 62678.6734586 64071.5320758 64071.5320758 64071.5320758 64071.5320758 64071.5320758 64071.5320758 64071.5320758 64071.5320758 62678.6734586 62678.6734586 64071.5320758 64071.5320758 66857.2535395 66857.2535395 66857.2535395 66857.2535395 65464.3917504 65464.3917504 62678.6734586 62678.6734586 58500.0965497 58500.0965497 57107.2347605 57107.2347605 58500.0965497 58500.0965497 59892.9562242 59892.9562242 59892.9562242 59892.9562242 59892.9562242 59892.9562242 61285.8148414 61285.8148414 61285.8148414 61285.8148414 62678.6734586 62678.6734586 64071.5320758 64071.5320758
57028.1325858 57028.1325858 55444.0151445 55444.0151445 57028.1325858 57028.1325858 57028.1325858 57028.1325858 57028.1325858 57028.1325858 52487.2339041 52487.2339041 52487.2339041 52487.2339041 52487.2339041 52487.2339041 53905.8080408 53905.8080408 55324.380293 55324.380293 56742.9541605 56742.9541605 58161.5274895 58161.5274895 60998.6779166 60998.6779166 63835.8240362 63835.8240362 65254.3970961 65254.3970961 65254.3970961 65254.3970961 65254.3970961 65254.3970961 65254.3970961 65254.3970961 63835.8240362 63835.8240362 65254.3970961 65254.3970961 68091.5475231 68091.5475231 68091.5475231 68091.5475231 66672.9712328 66672.9712328 63835.8240362 63835.8240362 59580.1037799 59580.1037799 58161.5274895 58161.5274895 59580.1037799 59580.1037799 60998.6779166 60998.6779166 60998.6779166 60998.6779166 60998.6779166 60998.6779166 62417.2509764 62417.2509764 62417.2509764 62417.2509764 63835.8240362 63835.8240362 65254.3970961 65254.3970961
62896.2380529 62896.2380529 62896.2380529 62896.2380529 61283.5159258 61283.5159258 61283.5159258 61283.5159258 62896.2380529 62896.2380529 57767.7385056 57767.7385056 57767.7385056 57767.7385056 59211.9314338 59211.9314338 59211.9314338 59211.9314338 59211.9314338 59211.9314338 60656.1273768 60656.1273768 60656.1273768 60656.1273768 60656.1273768 60656.1273768 62100.3211272 62100.3211272 62100.3211272 62100.3211272 63544.5137814 63544.5137814 63544.5137814 63544.5137814 63544.5137814 63544.5137814 63544.5137814 63544.5137814 66432.8990896 66432.8990896 69321.288783 69321.288783 72209.6751876 72209.6751876 72209.6751876 72209.6751876 69321.288783 69321.288783 66432.8990896 66432.8990896 66432.8990896 66432.8990896 66432.8990896 66432.8990896 67877.09284 67877.09284 67877.09284 67877.09284 69321.288783 69321.288783 69321.288783 69321.288783 70765.4814372 70765.4814372 72209.6751876 72209.6751876 75098.0604958 75098.0604958
64006.4929464 64006.4929464 64006.4929464 64006.4929464 62365.3027791 62365.3027791 62365.3027791 62365.3027791 64006.4929464 64006.4929464 58787.4642691 58787.4642691 58787.4642691 58787.4642691 60257.1503319 60257.1503319 60257.1503319 60257.1503319 60257.1503319 60257.1503319 61726.8394628 61726.8394628 61726.8394628 61726.8394628 61726.8394628 61726.8394628 63196.5263624 63196.5263624 63196.5263624 63196.5263624 64666.2121463 64666.2121463 64666.2121463 64666.2121463 64666.2121463 64666.2121463 64666.2121463 64666.2121463 67605.5837142 67605.5837142 70544.9597446 70544.9597446 73484.3324282 73484.3324282 73484.3324282 73484.3324282 70544.9597446 70544.9597446 67605.5837142 67605.5837142 67605.5837142 67605.5837142 67605.5837142 67605.5837142 69075.2706138 69075.2706138 69075.2706138 69075.2706138 70544.9597446 70544.9597446 70544.9597446 70544.9597446 72014.6455286 72014.6455286 73484.3324282 73484.3324282 76423.703996 76423.703996
70120.7845037 70120.7845037 70120.7845037 70120.7845037 68451.2439814 68451.2439814 66781.703459 66781.703459 68451.2439814 68451.2439814 62793.1252896 62793.1252896 64288.1999512 64288.1999512 64288.1999512 64288.1999512 64288.1999512 64288.1999512 65783.2734779 65783.2734779 65783.2734779 65783.2734779 64288.1999512 64288.1999512 64288.1999512 64288.1999512 64288.1999512 64288.1999512 64288.1999512 64288.1999512 64288.1999512 64288.1999512 62793.1252896 62793.1252896 62793.1252896 62793.1252896 62793.1252896 62793.1252896 67278.3470046 67278.3470046 70268.4951929 70268.4951929 74753.7203127 74753.7203127 76248.7927044 76248.7927044 74753.7203127 74753.7203127 73258.645651 73258.645651 73258.645651 73258.645651 73258.645651 73258.645651 74753.7203127 74753.7203127 74753.7203127 74753.7203127 76248.7927044 76248.7927044 77743.867366 77743.867366 80734.0144194 80734.0144194 83724.1662962 83724.1662962 86714.3133496 86714.3133496
71306.5580351 71306.5580351 71306.5580351 71306.5580351 69608.7848428 69608.7848428 67911.0116506 67911.0116506 69608.7848428 69608.7848428 63854.9848573 63854.9848573 65375.3418938 65375.3418938 65375.3418938 65375.3418938 65375.3418938 65375.3418938 66895.6977762 66895.6977762 66895.6977762 66895.6977762 65375.3418938 65375.3418938 65375.3418938 65375.3418938 65375.3418938 65375.3418938 65375.3418938 65375.3418938 65375.3418938 65375.3418938 63854.9848573 63854.9848573 63854.9848573 63854.9848573 63854.9848573 63854.9848573 68416.0536586 68416.0536586 71456.7665774 71456.7665774 76017.838841 76017.838841 77538.1935693 77538.1935693 76017.838841 76017.838841 74497.4818045 74497.4818045 74497.4818045 74497.4818045 74497.4818045 74497.4818045 76017.838841 76017.838841 76017.838841 76017.838841 77538.1935693 77538.1935693 79058.5506058 79058.5506058 82099.2623706 82099.2623706 85139.9790403 85139.9790403 88180.6908051 88180.6908051
81115.7369188 81115.7369188 79389.8672928 79389.8672928 77664.0026529 77664.0026529 75938.1333201 75938.1333201 75938.1333201 75938.1333201 69548.069408 69548.069408 69548.069408 69548.069408 69548.069408 69548.069408 71093.5811816 71093.5811816 71093.5811816 71093.5811816 71093.5811816 71093.5811816 71093.5811816 71093.5811816 69548.069408 69548.069408 69548.069408 69548.069408 68002.5576344 68002.5576344 68002.5576344 68002.5576344 66457.0458608 66457.0458608 64911.532914 64911.532914 64911.532914 64911.532914 68002.5576344 68002.5576344 72639.0941285 72639.0941285 75730.1211953 75730.1211953 78821.1447425 78821.1447425 78821.1447425 78821.1447425 78821.1447425 78821.1447425 77275.6341421 77275.6341421 78821.1447425 78821.1447425 80366.6576893 80366.6576893 83457.6812365 83457.6812365 85003.1979963 85003.1979963 86548.7097699 86548.7097699 89639.7333171 -1.0 -1.0 -1.0 98912.8098248 98912.8098248
82429.952239 82429.952239 80676.1205382 80676.1205382 78922.2939042 78922.2939042 77168.4625014 77168.4625014 77168.4625014 77168.4625014 70674.8684951 70674.8684951 70674.8684951 70674.8684951 70674.8684951 70674.8684951 72245.4202341 72245.4202341 72245.4202341 72245.4202341 72245.4202341 72245.4202341 72245.4202341 72245.4202341 70674.8684951 70674.8684951 70674.8684951 70674.8684951 69104.316756 69104.316756 69104.316756 69104.316756 67533.765017 67533.765017 65963.2120857 65963.2120857 65963.2120857 65963.2120857 69104.316756 69104.316756 73815.9731654 73815.9731654 76957.0802202 76957.0802202 80098.1836983 80098.1836983 80098.1836983 80098.1836983 80098.1836983 80098.1836983 78527.6331515 78527.6331515 80098.1836983 80098.1836983 81668.7366296 81668.7366296 84809.8401077 84809.8401077 86380.3969137 86380.3969137 87950.9486528 -1.0 -1.0 -1.0 94233.1568012 94233.1568012 100515.368526 100515.368526
90864.7262845 90864.7262845 90864.7262845 90864.7262845 89083.0668075 89083.0668075 87301.4027887 87301.4027887 87301.4027887 87301.4027887 78178.3588792 78178.3588792 0.0 78178.3588792 78178.3588792 78178.3588792 79773.8358691 79773.8358691 79773.8358691 79773.8358691 81369.3104367 81369.3104367 79773.8358691 79773.8358691 79773.8358691 79773.8358691 78178.3588792 78178.3588792 76582.8831005 76582.8831005 74987.4036883 74987.4036883 73391.9266984 73391.9266984 73391.9266984 73391.9266984 71796.4509197 71796.4509197 73391.9266984 73391.9266984 74987.4036883 74987.4036883 78178.3588792 78178.3588792 79773.8358691 79773.8358691 79773.8358691 79773.8358691 82964.7874266 82964.7874266 84560.2632054 84560.2632054 87751.2199102 87751.2199102 90942.1714677 90942.1714677 94133.1242364 94133.1242364 97324.0757939 97324.0757939 100515.028562 100515.028562 103705.989809 103705.989809 108492.412301 108492.412301 114874.325408 114874.325408
92276.9851948 92276.9851948 92276.9851948 92276.9851948 90325.9549699619 90467.6343949 88658.2789827 88658.2789827 88658.2789827 88658.2789827 88658.2789827 88658.2789827 88658.2789827 88658.2789827 0.0 79393.4407755 81013.7153594 81013.7153594 81013.7153594 81013.7153594 82633.9874835 82633.9874835 81013.7153594 81013.7153594 81013.7153594 81013.7153594 79393.4407755 79393.4407755 77773.1674216 77773.1674216 76152.8903777 76152.8903777 74532.6157938 74532.6157938 74532.6157938 74532.6157938 72912.3424398 72912.3424398 74532.6157938 74532.6157938 76152.8903777 76152.8903777 79393.4407755 79393.4407755 81013.7153594 81013.7153594 81013.7153594 81013.7153594 84254.2620674 84254.2620674 85874.5354214 85874.5354214 89115.0873566 89115.0873566 92355.6340646 92355.6340646 95596.1820025 95596.1820025 98836.7287104 98836.7287104 102077.276648 102077.276648 105317.833196 105317.833196 110178.648338 110178.648338 116659.751901 116659.751901
