critload/trunk/output/1999/nox_em.asc
ncols 720
nrows 360
xllcorner -180
yllcorner -90
cellsize 0.5
NODATA_value -1.0
[rows 30 to 59 of 360, columns 408 to 475 of 720]
-1.0 -1.0 -1.0 -1.0 -1.0 -1.0 -1.0 -1.0 -1.0 -1.0 -1.0 -1.0 -1.0 -1.0 -1.0 -1.0 -1.0 -1.0 -1.0 -1.0 -1.0 -1.0 -1.0 -1.0 -1.0 -1.0 -1.0 -1.0 -1.0 -1.0 -1.0 -1.0 -1.0 -1.0 -1.0 -1.0 -1.0 -1.0 -1.0 -1.0 -1.0 -1.0 -1.0 -1.0 -1.0 -1.0 -1.0 -1.0 -1.0 -1.0 -1.0 -1.0 -1.0 -1.0 -1.0 -1.0 -1.0 -1.0 -1.0 -1.0 -1.0 -1.0 -1.0 -1.0 69100.3530453 69100.3530453 67394.1706314 67394.1706314
-1.0 -1.0 -1.0 -1.0 -1.0 -1.0 -1.0 -1.0 -1.0 -1.0 -1.0 -1.0 -1.0 -1.0 -1.0 -1.0 -1.0 -1.0 -1.0 -1.0 -1.0 -1.0 -1.0 -1.0 -1.0 -1.0 -1.0 -1.0 -1.0 -1.0 -1.0 -1.0 -1.0 -1.0 -1.0 -1.0 -1.0 -1.0 -1.0 -1.0 -1.0 -1.0 -1.0 -1.0 -1.0 -1.0 -1.0 -1.0 -1.0 -1.0 -1.0 -1.0 -1.0 -1.0 -1.0 -1.0 -1.0 -1.0 -1.0 -1.0 -1.0 -1.0 72189.8243536 72189.8243536 71309.4602051 71309.4602051 69548.731908 69548.731908
-1.0 -1.0 -1.0 -1.0 -1.0 -1.0 -1.0 -1.0 -1.0 -1.0 -1.0 -1.0 -1.0 -1.0 -1.0 -1.0 -1.0 -1.0 -1.0 -1.0 -1.0 -1.0 -1.0 -1.0 -1.0 -1.0 -1.0 -1.0 -1.0 -1.0 -1.0 -1.0 -1.0 -1.0 -1.0 -1.0 -1.0 -1.0 -1.0 -1.0 -1.0 -1.0 -1.0 -1.0 -1.0 -1.0 -1.0 -1.0 -1.0 -1.0 -1.0 -1.0 -1.0 -1.0 -1.0 -1.0 -1.0 -1.0 -1.0 -1.0 84403.9748744 84403.9748744 82588.8346826 82588.8346826 80773.6937972 80773.6937972 78958.5601947 78958.5601947
-1.0 -1.0 -1.0 -1.0 -1.0 -1.0 -1.0 -1.0 -1.0 -1.0 -1.0 -1.0 -1.0 -1.0 -1.0 -1.0 -1.0 -1.0 -1.0 -1.0 -1.0 -1.0 -1.0 -1.0 -1.0 -1.0 -1.0 -1.0 -1.0 -1.0 -1.0 -1.0 -1.0 -1.0 -1.0 -1.0 -1.0 -1.0 -1.0 -1.0 -1.0 -1.0 -1.0 -1.0 -1.0 -1.0 -1.0 -1.0 -1.0 -1.0 -1.0 -1.0 -1.0 -1.0 -1.0 -1.0 -1.0 -1.0 -1.0 91601.3381409 86927.7988442 86927.7988442 85058.3828398 85058.3828398 83188.9661211 83188.9661211 81319.5569029 -1.0
-1.0 -1.0 -1.0 -1.0 -1.0 -1.0 -1.0 -1.0 -1.0 -1.0 -1.0 -1.0 -1.0 -1.0 -1.0 -1.0 -1.0 -1.0 -1.0 -1.0 -1.0 -1.0 -1.0 -1.0 -1.0 -1.0 -1.0 -1.0 -1.0 -1.0 -1.0 -1.0 -1.0 -1.0 -1.0 -1.0 -1.0 -1.0 -1.0 -1.0 -1.0 -1.0 -1.0 -1.0 -1.0 -1.0 -1.0 -1.0 -1.0 -1.0 -1.0 -1.0 -1.0 -1.0 -1.0 -1.0 -1.0 105795.283678 102909.950476 102909.950476 99062.8536278 99062.8536278 96177.5314513 96177.5314513 94253.9784334 -1.0 -1.0 -1.0
-1.0 -1.0 -1.0 -1.0 -1.0 -1.0 -1.0 -1.0 -1.0 -1.0 -1.0 -1.0 -1.0 -1.0 -1.0 -1.0 -1.0 -1.0 -1.0 -1.0 -1.0 -1.0 -1.0 -1.0 -1.0 -1.0 -1.0 -1.0 -1.0 -1.0 -1.0 -1.0 -1.0 -1.0 -1.0 -1.0 -1.0 -1.0 -1.0 -1.0 -1.0 -1.0 -1.0 -1.0 -1.0 -1.0 -1.0 -1.0 -1.0 -1.0 -1.0 -1.0 -1.0 -1.0 -1.0 -1.0 -1.0 108764.446582 105798.136006 105798.136006 101843.06972 101843.06972 98876.7704787 98876.7704787 -1.0 -1.0 -1.0 -1.0
-1.0 -1.0 -1.0 -1.0 -1.0 -1.0 -1.0 -1.0 -1.0 -1.0 -1.0 -1.0 -1.0 -1.0 -1.0 -1.0 -1.0 -1.0 -1.0 -1.0 -1.0 -1.0 -1.0 -1.0 -1.0 -1.0 -1.0 -1.0 -1.0 -1.0 -1.0 -1.0 -1.0 -1.0 -1.0 -1.0 -1.0 -1.0 -1.0 -1.0 -1.0 -1.0 -1.0 -1.0 -1.0 -1.0 -1.0 -1.0 -1.0 -1.0 -1.0 -1.0 -1.0 -1.0 -1.0 125944.897555 121882.161366 121882.161366 118835.109224 118835.109224 114772.367213 114772.367213 111725.318952 111725.318952 -1.0 -1.0 -1.0 -1.0
-1.0 -1.0 157115.595092 157115.595092 158382.643685 -1.0 159649.714188 159649.714188 162183.833284 -1.0 -1.0 -1.0 -1.0 -1.0 -1.0 -1.0 -1.0 -1.0 -1.0 -1.0 -1.0 -1.0 -1.0 -1.0 -1.0 -1.0 -1.0 -1.0 -1.0 -1.0 -1.0 -1.0 -1.0 -1.0 -1.0 -1.0 -1.0 -1.0 -1.0 -1.0 -1.0 -1.0 -1.0 -1.0 -1.0 -1.0 -1.0 -1.0 -1.0 -1.0 -1.0 -1.0 -1.0 -1.0 -1.0 -1.0 125103.159605 125103.159605 121975.582557 121975.582557 117805.473851 117805.473851 114677.900787 114677.900787 112592.839462 -1.0 -1.0 -1.0
179343.382104 179343.382104 180642.973221 180642.973221 181942.558209 181942.558209 183242.151369 183242.151369 183242.151369 183242.151369 184541.734314 184541.734314 187140.922677 187140.922677 -1.0 -1.0 -1.0 -1.0 -1.0 -1.0 -1.0 -1.0 -1.0 -1.0 -1.0 -1.0 -1.0 -1.0 -1.0 -1.0 -1.0 -1.0 -1.0 -1.0 -1.0 -1.0 -1.0 -1.0 -1.0 -1.0 -1.0 -1.0 -1.0 -1.0 -1.0 -1.0 -1.0 -1.0 -1.0 -1.0 -1.0 -1.0 -1.0 -1.0 -1.0 -1.0 -1.0 -1.0 -1.0 136869.187374 131522.729922 131522.729922 128314.862397 128314.862397 125106.992829 125106.992829 121899.127347 -1.0
183816.871459 183816.871459 185148.8792 185148.8792 186480.880659 186480.880659 187812.890495 187812.890495 187812.890495 187812.890495 189144.88986 189144.88986 191808.911624 191808.911624 194472.920825 -1.0 -1.0 -1.0 -1.0 -1.0 -1.0 -1.0 -1.0 -1.0 -1.0 -1.0 -1.0 -1.0 -1.0 -1.0 -1.0 -1.0 -1.0 -1.0 -1.0 -1.0 -1.0 -1.0 -1.0 -1.0 -1.0 -1.0 -1.0 -1.0 -1.0 -1.0 -1.0 -1.0 -1.0 -1.0 -1.0 -1.0 -1.0 -1.0 -1.0 -1.0 -1.0 -1.0 -1.0 -1.0 -1.0 -1.0 -1.0 -1.0 -1.0 -1.0 -1.0 -1.0
218293.413485 218293.413485 219657.748794 219657.748794 219657.748794 219657.748794 219657.748794 219657.748794 219657.748794 219657.748794 218293.413485 218293.413485 215336.235862 223079.202655 186345.193127 186345.193127 188590.323094 188590.323094 -1.0 -1.0 -1.0 -1.0 -1.0 -1.0 -1.0 -1.0 -1.0 -1.0 -1.0 -1.0 -1.0 -1.0 -1.0 -1.0 -1.0 -1.0 -1.0 -1.0 -1.0 -1.0 -1.0 -1.0 -1.0 -1.0 -1.0 -1.0 -1.0 -1.0 -1.0 -1.0 -1.0 -1.0 -1.0 -1.0 -1.0 -1.0 -1.0 -1.0 -1.0 -1.0 -1.0 -1.0 -1.0 -1.0 -1.0 -1.0 -1.0 -1.0
223449.534079 223449.534079 224846.095177 224846.095177 224846.095177 224846.095177 224846.095177 223539.83562882702 224846.095177 224846.095177 210767.249994 193384.98552 190319.828551 189597.607827 190746.692341 190746.692341 193044.852588 193044.852588 194193.917343 194193.917343 193044.852588 193044.852588 190746.692341 190746.692341 188448.543071 -1.0 -1.0 -1.0 -1.0 -1.0 -1.0 -1.0 -1.0 -1.0 -1.0 -1.0 -1.0 -1.0 -1.0 -1.0 -1.0 -1.0 -1.0 -1.0 -1.0 -1.0 -1.0 -1.0 176957.772574 176957.772574 174659.621109 174659.621109 173510.545376 -1.0 -1.0 -1.0 -1.0 -1.0 -1.0 -1.0 -1.0 -1.0 -1.0 -1.0 -1.0 -1.0 -1.0 -1.0
285734.171451 285734.171451 285734.171451 285734.171451 282876.83342 282876.83342 280019.490897 280019.490897 278590.807283 240072.760475 225695.47889 225695.47889 224519.993559 224519.993559 224519.993559 224519.993559 225695.47889 225695.47889 226870.975451 226870.975451 223344.485769 223344.485769 217467.007457 217467.007457 213940.508792 213940.508792 209238.515811 209238.515811 -1.0 -1.0 -1.0 -1.0 -1.0 -1.0 -1.0 -1.0 -1.0 -1.0 205712.026129 -1.0 -1.0 -1.0 -1.0 -1.0 -1.0 -1.0 -1.0 -1.0 196308.046907 196308.046907 193957.047048 193957.047048 -1.0 -1.0 -1.0 -1.0 -1.0 184553.076808 181026.582635 181026.582635 -1.0 -1.0 -1.0 -1.0 -1.0 -1.0 -1.0 164569.624048
292133.52175 292133.52175 292133.52175 292133.52175 289212.190298 289212.190298 286290.854254 286290.854254 284830.173603 254138.635314 236358.932671 230750.192588 229548.380891 229548.380891 229548.380891 229548.380891 230750.192588 230750.192588 231952.015766 231952.015766 228346.546231 228346.546231 222337.434932 222337.434932 218731.956213 218731.956213 213924.656611 213924.656611 212722.835729 212722.835729 211521.00107 211521.00107 -1.0 -1.0 -1.0 -1.0 -1.0 -1.0 -1.0 210319.189373 209117.375379 209117.375379 206713.719838 206713.719838 205511.889771 -1.0 -1.0 -1.0 -1.0 -1.0 -1.0 -1.0 195897.29516 195897.29516 192291.830218 192291.830218 188686.358387 188686.358387 185080.88426 185080.88426 180273.584658 180273.584658 175466.289649 175466.289649 171860.822411 171860.822411 168255.352876 168255.352876
364188.35514 364188.35514 362695.806397 362695.806397 358218.061621 358218.061621 352247.768102 352247.768102 347770.060869 347770.060869 338646.908387 311957.612539 272633.158939 272633.158939 268948.929376 268948.929376 268948.929376 268948.929376 268948.929376 268948.929376 262808.542078 262808.542078 254211.997046 254211.997046 246843.533228 246843.533228 241931.220105 241931.220105 239475.067063 239475.067063 238247.002274 238247.002274 238247.002274 238247.002274 -1.0 -1.0 -1.0 -1.0 -1.0 -1.0 232106.619669 232106.619669 230878.533762 230878.533762 228422.371335 -1.0 -1.0 225966.220639 224738.144118 224738.144118 221053.90517 221053.90517 217369.6803 217369.6803 213685.460123 213685.460123 211229.297695 211229.297695 207545.058747 207545.058747 202632.745624 202632.745624 198948.527793 198948.527793 195264.29823 195264.29823 191580.061628 191580.061628
371942.789725 371942.789725 370418.461077 370418.461077 365845.374485 365845.374485 359747.959245 359747.959245 355174.910996 355174.910996 335497.278817 297883.954745 278438.166065 278438.166065 274675.490509 274675.490509 274675.490509 274675.490509 274675.490509 274675.490509 268404.35979 268404.35979 259624.773908 259624.773908 252099.418003 252099.418003 247082.510073 247082.510073 244574.059703 244574.059703 243319.846499 243319.846499 243319.846499 243319.846499 242065.609332 -1.0 -1.0 -1.0 -1.0 238302.933776 237048.720573 237048.720573 235794.485802 235794.485802 -1.0 -1.0 -1.0 230777.577872 229523.352687 229523.352687 225760.667545 225760.667545 221997.996782 221997.996782 218235.330812 218235.330812 215726.870856 215726.870856 211964.185715 211964.185715 206947.277785 206947.277785 203184.61421 203184.61421 199421.938655 199421.938655 195659.25591 195659.25591
469914.723245 469914.723245 462134.682046 462134.682046 452798.630161 452798.630161 441906.545576 441906.545576 431014.500127 431014.500127 375245.834428 344392.62231 330309.644304 330309.644304 323908.293555 323908.293555 318787.229101 318787.229101 313666.145078 313666.145078 307264.79433 307264.79433 298302.902793 298302.902793 289341.018595 289341.018595 284219.934572 284219.934572 282939.677631 282939.677631 282939.677631 282939.677631 284219.934572 284219.934572 284219.934572 -1.0 -1.0 -1.0 -1.0 -1.0 -1.0 273977.77631 271417.228183 271417.228183 268856.692287 268856.692287 265015.882327 265015.882327 261175.079706 261175.079706 258614.541363 258614.541363 253493.45734 253493.45734 249652.640042 249652.640042 245811.832529 245811.832529 241971.037246 241971.037246 238130.210163 238130.210163 234289.405096 234289.405096 230448.587798 230448.587798 226607.785176 226607.785176
479443.266752 479443.266752 427621.86165755 353910.0151875 461980.107638 461980.107638 450867.162337 450867.162337 439754.256968 439754.256968 427053.756965 387880.194084 337007.391067 337007.391067 330476.239003 330476.239003 325251.333824 325251.333824 320026.40868 320026.40868 313495.256616 -1.0 304351.643228 304351.643228 295208.037328 295208.037328 289983.112183 289983.112183 288676.895247 288676.895247 288676.895247 288676.895247 289983.112183 -1.0 289983.112183 289983.112183 287370.658346 287370.658346 284758.187038 284758.187038 279533.271876 279533.271876 276920.803065 276920.803065 274308.346732 274308.346732 270389.655993 270389.655993 266470.972741 266470.972741 263858.513912 263858.513912 258633.588767 258633.588767 254714.890541 254714.890541 250796.202298 250796.202298 246877.526534 246877.526534 242958.818325 242958.818325 239040.132577 239040.132577 235121.434351 235121.434351 231202.751099 231202.751099
490850.25857169996 441564.2460762 577977.557859 577977.557859 561787.700826 561787.700826 547216.85062 547216.85062 523280.61157718004 531027.003766 509980.179697 495386.405775 410012.476982 400957.84343 387636.965641 387636.965641 376980.280718 376980.280718 368987.768297 368987.768297 359663.163263 359663.163263 -1.0 -1.0 -1.0 -1.0 -1.0 -1.0 -1.0 -1.0 -1.0 339681.893665 345010.243762 345010.243762 346342.316016 346342.316016 343678.130787 343678.130787 337017.7008 337017.7008 330357.280995 330357.280995 323696.861189 323696.861189 318368.513637 318368.513637 311708.086196 311708.086196 306379.736099 306379.736099 302383.470981 302383.470981 297055.143789 297055.143789 291726.796237 291726.796237 285066.366251 285066.366251 282402.186112 282402.186112 278405.931174 278405.931174 274409.688962 274409.688962 270413.413664 270413.413664 266417.173997 266417.173997
-1.0 576214.90161662 344508.8305540999 481273.5233203999 572647.767181 535737.94509858 514171.17512247 557795.244023 541292.426966 541292.426966 511087.76382942 473727.134124 408708.865353 408708.865353 395130.478159 395130.478159 384267.786046 384267.786046 376120.768258 376120.768258 366615.906822 366615.906822 -1.0 357111.068734 -1.0 347606.196921 340817.022781 340817.022781 -1.0 -1.0 -1.0 346248.374026 351679.727866 351679.727866 353037.55076 353037.55076 350321.863463 350321.863463 343532.678947 343532.678947 336743.504807 336743.504807 329954.330668 329954.330668 324522.979422 324522.979422 317733.7975 317733.7975 312302.44366 312302.44366 308228.925686 308228.925686 302797.595196 302797.595196 297366.24395 297366.24395 290577.059434 290577.059434 287861.377325 287861.377325 283787.867134 283787.867134 279714.375103 279714.375103 275640.846752 275640.846752 271567.354721 271567.354721
699600.44818661 675919.04183829 200900.4145691999 449185.03138179996 538480.4008267 662283.28146322 660815.459097 660815.459097 642319.358704 617495.52791458 601503.7855176299 576801.085519 490053.616864 481455.718976 463470.315937 463470.315937 449635.358803 449635.358803 437183.923287 437183.923287 424732.479841 424732.479841 -1.0 -1.0 -1.0 403980.065286 397062.597292 397062.597292 401213.096063 401213.096063 405363.584261 405363.584261 409514.032808 409438.1206065968 412281.041681 412281.041681 410897.562356 410897.562356 405363.584261 405363.584261 395679.117967 395679.117967 385994.649031 385994.649031 376310.214457 376310.214457 366625.748164 366625.748164 359708.290743 359708.290743 354174.310004 354174.310004 347256.852584 347256.852584 340339.37666 340339.37666 333421.919239 333421.919239 329271.441615 329271.441615 325120.950774 325120.950774 320970.483723 320970.483723 315436.502984 315436.502984 309902.524888 309902.524888
634084.47770424 677800.54869937 532647.7423708 670302.2671745 601593.7828067 599796.3596306 638432.97633879 502266.24884769996 625328.47489861 654177.622064 612905.3244148301 626777.501992 564270.99297 490344.177084 472026.734161 472026.734161 457936.361145 457936.361145 445255.051813 445255.051813 432573.734406 432573.734406 421301.453761 421301.453761 411438.196419 -1.0 404393.020679 404393.020679 408620.144429 408620.144429 412847.257411 412847.257411 417074.330011 417062.18678107735 419892.422382 419892.422382 418483.401771 418483.401771 412847.257411 412847.257411 402984.000069 402984.000069 393120.740035 393120.740035 383257.514998 383257.514998 373394.257656 373394.257656 366349.092685 366349.092685 360712.945632 360712.945632 353667.780661 353667.780661 346622.596845 346622.596845 339577.431874 339577.431874 335350.329661 335350.329661 331123.213988 331123.213988 326896.122543 326896.122543 321259.97549 321259.97549 315623.83113 315623.83113
727534.5332369 714832.4499704 751083.6499568201 803373.8140362101 771526.08399613 726303.2923023 616779.0049275 695992.2621861 720041.26147496 768854.820498 742703.298825 742703.298825 635656.331016 575227.404681 553710.1482 553710.1482 535061.887389 535061.887389 519282.597579 519282.597579 504937.75079 504937.75079 492027.415538 492027.415538 483420.538161 483420.538161 480551.591825 480551.591825 483420.538161 483420.538161 486289.481756 486289.481756 484855.005847 484855.005847 487723.993294 487723.993294 489158.46098 489158.46098 484855.005847 484855.005847 469075.721519 469075.721519 456165.389008 456165.389008 443255.020868 443255.020868 433213.6621 433213.6621 424606.740871 424606.740871 415999.871716 415999.871716 407392.983375 407392.983375 400220.546277 400220.546277 391613.668899 391613.668899 387310.211025 387310.211025 383006.788781 383006.788781 377268.854998 377268.854998 368661.941991 368661.941991 360055.061873 360055.061873
842444.7693731 849197.53219509 820025.24346375 837084.89555803 787895.47612745 740259.0026105 718105.4700671 682287.9013316 733521.6054841 691749.3457818 709062.6285312499 749455.804739895 631769.2853691999 683156.111082 603065.830213 563484.332169 544506.889144 544506.889144 528441.3423223662 528449.060677 513850.996257 513850.996257 500712.765613 500712.765613 491953.958199 491953.958199 489034.368744 489034.368744 491953.958199 491953.958199 494873.544865 494873.544865 493413.747348 493413.747348 496333.378641 496333.378641 497793.16779 497793.16779 493413.747348 493413.747348 477355.92446 477355.92446 464217.696604 464217.696604 451079.43249 451079.43249 440860.821981 440860.821981 432101.969942 432101.969942 423343.170895 423343.170895 414584.352325 414584.352325 407285.30617 407285.30617 398526.498756 398526.498756 394147.075525 394147.075525 389767.688553 389767.688553 383928.467805 383928.467805 375169.624133 375169.624133 366410.81393 366410.81393
1037516.2584024799 1073890.78922 1048622.81969 1026931.70669944 961104.48802435 994477.066109 954770.147807 903422.26649772 873524.6625957 893016.38602428 675823.7248295001 731857.9903893 747535.6143394001 747013.3549886 730680.2263847099 664955.546608 637074.054924 637074.054924 617768.779157 617768.779157 599948.523511 599851.7529979289 586509.304670932 586583.32823 577673.193314 577673.193314 576188.17603 576188.17603 582128.265028 582128.265028 585098.288247 585097.8149587576 580550.3449772301 580643.250581 582128.265028 582128.265028 582128.265028 582103.5638101914 576188.17603 576127.5095547389 556882.9031 556882.9031 540547.653389 540547.653389 527182.469458 527182.469458 515302.299973 515302.299973 501937.107529 501937.107529 488571.92076 488571.92076 476691.754113 476691.754113 466296.627448 466296.627448 455901.466736 455901.466736 451446.400696 451446.400696 448476.368965 448476.368965 442536.279967 442536.279967 430656.113319 430656.113319 415805.912103 415805.912103
1092050.75823 1047081.28226783 1066355.49614 986868.4079795199 1011294.11388 961095.80038892 842244.9614553 788785.4333316 928702.039046 822389.2897541 842465.43982856 893829.786138 798313.73132178 526702.8774714 682773.992199 672009.355868 647847.259434 647847.259434 628215.5229 628215.5229 610093.918837 610093.918837 596188.1179618641 596502.712183 587441.902938 587441.902938 585931.773353 585931.773353 591972.311888 591972.311888 594693.2366729369 594951.4878351258 590386.9674298518 590462.185189 591972.311888 591972.311888 591972.311888 591898.1006604187 585931.773353 585931.773353 566257.4815021232 566300.039705 549660.3920802294 549688.553685 536097.358572 536097.358572 524016.290158 524016.290158 510425.086389 510425.086389 496833.888391 496833.888391 484637.752717744 484752.822862 474181.91 474181.91 463610.962515 463610.962515 459080.559335 459080.559335 456060.303051 456060.303051 450019.764516 450019.764516 437938.698988 437938.698988 422837.37429 422837.37429
1246749.9682275 1306023.39619 1077134.994377 1198245.4161056 1114708.04695004 1159630.37803337 1010412.7986002001 1024285.9301377 984809.6334393 1073240.475270336 1001831.5154426299 891395.6659204 852771.7821440011 827210.759565376 795192.2726 795192.2726 767560.077069 767560.077069 742657.640194713 742998.146344 723583.196275833 724549.5289378572 709225.509194 709225.509194 698040.7574283001 698267.304814688 700014.811569 700014.811569 710760.666527 710140.2849090131 717836.016618898 718436.247881 710720.7393387153 710714.6964608568 704620.172114 704620.172114 700014.811569 699818.994488378 686198.71527 686110.4932418905 663171.909615 663171.909615 647585.398245891 646065.83283649 638353.966711672 638546.2189746812 623258.786851 623258.786851 601767.117997 601767.117997 578740.300609 578740.300609 563389.099772 563052.6230913909 549573.035736 549432.4209501611 535756.948237 535756.948237 531151.57596 531151.57596 531151.57596 531151.57596 528081.358083 528081.358083 511195.017511 511195.017511 488168.235319 488168.235319
1091505.3084496001 1228702.6754426002 1177376.8428356 1149279.4431432001 1118739.2806920002 1203217.631807981 1046345.5450442 1132430.20607715 974849.9029781999 700293.1992341001 946920.952797858 867020.3822377699 840835.600038 -1.0 -1.0 808051.351216935 779949.0351057039 779412.742724063 755036.002176 755036.002176 736316.139501 735754.820015314 720567.869382931 720716.189857 709686.72109862 709711.9359578192 711356.26299 711356.26299 722160.676624688 721564.137943268 730076.158451 730076.158451 722224.5404805057 722218.8569432055 716035.5226659596 715985.134109165 710500.519304011 711214.1632825859 697050.0270638639 697136.2854342939 673916.442262 673862.6692575715 658316.534345 658316.534345 648882.5947830401 647390.50443918 633164.7824878109 633086.313376652 610596.915235863 611411.056521073 588116.89507 588116.89507 572447.8384570911 572516.978211 558477.070028 558477.070028 544437.138 544437.138 539757.150722 539757.150722 539757.150722 539757.150722 536637.190003 536637.190003 519477.261489 519477.261489 496077.405575 496077.405575
1532295.9008317 1179497.2097216002 699318.7693836 845250.3753318001 1179261.6210621998 878409.4462861 1036653.7396114001 1035972.9361898 1106124.707645506 1011405.026818815 988645.756383239 549302.7207105589 974378.0855707909 974458.252614439 -1.0 -1.0 -1.0 904565.56321148 880437.829312414 881120.009743 863687.759898 863687.759898 850786.340676764 850630.513682753 844670.823377 844641.6792132877 849354.6943397427 849425.068105 866857.327033 866721.5256819469 881120.009743 880940.952318221 866857.327033 866828.3448990429 847807.9934758389 847484.696701288 832876.299691537 833533.7731417563 810177.3667435601 810316.0177007801 787619.850311 787619.850311 773357.134295 773357.134295 769868.8008554471 770187.657996 749520.0651372331 749547.003140896 724229.939785 724190.5458186034 700458.737341 700259.716115542 681441.755403 681441.755403 664009.502531 664009.502531 646577.301132 646577.301132 640238.303115 640238.303115 638653.522575 638653.522575 635484.046276 635484.046276 613297.578954 613297.578954 581602.597955 581602.597955
1330496.7117516 1330175.5126363002 1197150.7977195 1178874.5793960998 1431869.9987715 1445799.43769022 -1.0 -1.0 -1.0 1015457.9749414887 1004100.639907746 661454.7482506379 987940.81014088 988828.630446388 950519.639107549 954258.9828620349 919764.379994167 920180.870443762 894548.173262588 894814.758362 877111.568944 877111.568944 864236.526008 864236.526008 857487.510142505 857799.062963 862626.6359214105 816294.062361308 880329.4142202839 880232.6043654326 894490.550210248 894616.870563106 879938.0693221 879528.903625556 860828.2022505951 859907.6540843501 846366.4281549699 846452.282107668 823217.623261474 822696.40014492 796829.01149406 799861.378977 785376.985654 784659.790439094 781990.681652974 781797.485841833 760504.142460812 761236.308593 735403.7123108823 735486.235021 711296.9946673305 711146.542746211 692033.018154 692033.018154 674329.825662 674329.825662 656626.685442 656626.685442 650189.163974 650189.163974 648579.75209 648579.75209 645361.014417 645361.014417 622492.4326841059 622829.715416 590642.117302 590642.117302
