critload/trunk/output/1999/nox_em.asc
ncols 720
nrows 360
xllcorner -180
yllcorner -90
cellsize 0.5
NODATA_value -1.0
[rows 150 to 179 of 360, columns 204 to 271 of 720]
-1.0 -1.0 -1.0 -1.0 -1.0 -1.0 -1.0 -1.0 -1.0 -1.0 -1.0 -1.0 -1.0 -1.0 -1.0 -1.0 -1.0 -1.0 -1.0 -1.0 -1.0 -1.0 -1.0 -1.0 -1.0 -1.0 -1.0 -1.0 -1.0 -1.0 -1.0 -1.0 -1.0 111344.24816360004 74246.82604379999 -1.0 -1.0 -1.0 -1.0 -1.0 -1.0 -1.0 -1.0 -1.0 -1.0 -1.0 -1.0 -1.0 -1.0 -1.0 -1.0 -1.0 -1.0 -1.0 -1.0 -1.0 -1.0 -1.0 -1.0 -1.0 -1.0 -1.0 -1.0 -1.0 -1.0 -1.0 -1.0 -1.0
-1.0 -1.0 -1.0 -1.0 -1.0 -1.0 -1.0 -1.0 -1.0 -1.0 -1.0 -1.0 -1.0 -1.0 -1.0 -1.0 -1.0 -1.0 -1.0 -1.0 -1.0 -1.0 -1.0 -1.0 -1.0 -1.0 -1.0 -1.0 -1.0 -1.0 -1.0 -1.0 -1.0 -1.0 104677.99414560001 -1.0 -1.0 -1.0 -1.0 -1.0 -1.0 -1.0 -1.0 -1.0 -1.0 -1.0 -1.0 -1.0 -1.0 -1.0 -1.0 -1.0 -1.0 -1.0 -1.0 -1.0 -1.0 -1.0 -1.0 -1.0 -1.0 -1.0 -1.0 -1.0 -1.0 -1.0 -1.0 -1.0
-1.0 -1.0 -1.0 -1.0 -1.0 -1.0 -1.0 -1.0 -1.0 -1.0 -1.0 -1.0 -1.0 -1.0 -1.0 -1.0 -1.0 -1.0 -1.0 -1.0 -1.0 -1.0 -1.0 -1.0 -1.0 -1.0 -1.0 -1.0 -1.0 -1.0 -1.0 -1.0 -1.0 378870.233999 367030.552729 -1.0 -1.0 -1.0 -1.0 -1.0 -1.0 -1.0 -1.0 -1.0 -1.0 -1.0 -1.0 -1.0 -1.0 -1.0 -1.0 -1.0 -1.0 -1.0 -1.0 -1.0 -1.0 -1.0 -1.0 -1.0 -1.0 -1.0 -1.0 -1.0 -1.0 -1.0 -1.0 -1.0
-1.0 -1.0 -1.0 -1.0 -1.0 -1.0 -1.0 -1.0 -1.0 -1.0 -1.0 -1.0 -1.0 -1.0 -1.0 -1.0 -1.0 -1.0 -1.0 -1.0 -1.0 -1.0 -1.0 -1.0 -1.0 -1.0 -1.0 -1.0 -1.0 -1.0 -1.0 -1.0 -1.0 151793.29130600003 -1.0 -1.0 0.0 146169.144853 -1.0 -1.0 -1.0 -1.0 -1.0 -1.0 -1.0 -1.0 -1.0 -1.0 -1.0 -1.0 -1.0 -1.0 -1.0 -1.0 -1.0 -1.0 -1.0 -1.0 -1.0 -1.0 -1.0 -1.0 -1.0 -1.0 -1.0 -1.0 -1.0 -1.0
-1.0 -1.0 -1.0 -1.0 -1.0 -1.0 -1.0 -1.0 -1.0 -1.0 -1.0 -1.0 -1.0 -1.0 -1.0 -1.0 -1.0 -1.0 -1.0 -1.0 -1.0 -1.0 -1.0 -1.0 -1.0 -1.0 -1.0 -1.0 -1.0 -1.0 -1.0 -1.0 -1.0 -1.0 -1.0 -1.0 -1.0 -1.0 -1.0 -1.0 -1.0 -1.0 -1.0 -1.0 -1.0 -1.0 -1.0 -1.0 -1.0 -1.0 -1.0 -1.0 -1.0 -1.0 -1.0 -1.0 -1.0 -1.0 -1.0 -1.0 -1.0 -1.0 -1.0 -1.0 -1.0 -1.0 -1.0 -1.0
-1.0 -1.0 -1.0 -1.0 -1.0 -1.0 -1.0 -1.0 -1.0 -1.0 -1.0 798946.5647089479 238505.4506158901 441339.75406415004 -1.0 846948.81250908 839585.480606 802867.98209021 754644.5803241701 786155.75913 -1.0 -1.0 -1.0 -1.0 -1.0 -1.0 -1.0 -1.0 -1.0 -1.0 -1.0 -1.0 334361.2136403 -1.0 -1.0 -1.0 -1.0 -1.0 -1.0 -1.0 -1.0 -1.0 -1.0 -1.0 -1.0 -1.0 -1.0 -1.0 -1.0 -1.0 -1.0 -1.0 -1.0 -1.0 -1.0 -1.0 -1.0 -1.0 -1.0 -1.0 -1.0 -1.0 -1.0 -1.0 -1.0 -1.0 -1.0 -1.0
-1.0 -1.0 -1.0 -1.0 -1.0 -1.0 -1.0 -1.0 -1.0 -1.0 989322.84885721 564307.4083335398 621759.4855395901 1061664.34576447 -1.0 719914.3130920299 703470.4997635 -1.0 -1.0 -1.0 -1.0 -1.0 -1.0 -1.0 -1.0 -1.0 -1.0 -1.0 -1.0 -1.0 -1.0 -1.0 -1.0 -1.0 -1.0 -1.0 -1.0 -1.0 -1.0 -1.0 -1.0 -1.0 -1.0 -1.0 -1.0 -1.0 -1.0 -1.0 -1.0 -1.0 -1.0 -1.0 -1.0 -1.0 -1.0 -1.0 -1.0 -1.0 -1.0 -1.0 -1.0 -1.0 -1.0 -1.0 -1.0 -1.0 -1.0 -1.0
-1.0 -1.0 -1.0 -1.0 -1.0 -1.0 1360019.54549 947536.5004685 930969.3758244 461523.18899099994 0.0 0.0 742210.3986358 -1.0 756726.0420464299 670033.7652074399 470869.8847691999 760559.5630019 852377.15280466 1076836.2552 -1.0 -1.0 -1.0 -1.0 -1.0 -1.0 -1.0 765782.64 630697.92185263 -1.0 -1.0 -1.0 -1.0 -1.0 272316.57455302996 -1.0 -1.0 -1.0 -1.0 -1.0 -1.0 -1.0 -1.0 -1.0 -1.0 -1.0 -1.0 -1.0 -1.0 -1.0 -1.0 -1.0 -1.0 -1.0 -1.0 -1.0 -1.0 -1.0 -1.0 -1.0 -1.0 -1.0 -1.0 -1.0 -1.0 -1.0 -1.0 -1.0
-1.0 -1.0 -1.0 -1.0 -1.0 812783.5644423001 430125.45721909986 0.0 1537274.2186599101 59722.709715000354 1157019.3130760998 1020066.4487890999 0.0 399951.98057200015 924609.3936731 1042226.4975779 974385.6550895 1246519.3460282001 1112111.6526141 1223145.936560105 -1.0 1375813.7014530732 1232658.56571246 1245472.52863379 -1.0 1190944.52631 -1.0 877095.47228979 446771.4780316 272202.36410709994 585696.717498 622603.58794044 239944.4781048 0.0 520915.310565 -1.0 -1.0 -1.0 -1.0 -1.0 -1.0 -1.0 -1.0 -1.0 -1.0 -1.0 -1.0 -1.0 -1.0 -1.0 -1.0 -1.0 -1.0 -1.0 -1.0 -1.0 -1.0 -1.0 -1.0 -1.0 -1.0 -1.0 -1.0 -1.0 -1.0 -1.0 -1.0 -1.0
-1.0 -1.0 -1.0 -1.0 1616095.05746555 30422.791930899955 311671.27514240006 505932.88228300004 490291.84447500017 0.0 1539976.0656836 0.0 484404.753821 924220.1658405999 924749.0123687 163790.12974920007 1054712.2835276998 0.0 1000207.0774668 961168.925401 668305.9862723 729092.9002175 924204.7827792 1022114.4879723999 983036.186903 974992.8074646599 549945.1968487 865149.9913357 342400.6507345 605990.2453322 637426.69434423 759176.1 315823.69073880004 0.0 -1.0 -1.0 -1.0 -1.0 -1.0 -1.0 -1.0 -1.0 -1.0 -1.0 -1.0 -1.0 -1.0 -1.0 -1.0 -1.0 -1.0 -1.0 -1.0 -1.0 -1.0 -1.0 -1.0 -1.0 -1.0 -1.0 -1.0 -1.0 -1.0 -1.0 -1.0 -1.0 -1.0 -1.0
-1.0 -1.0 -1.0 -1.0 1868352.1724128998 0.0 1448826.0981123 1061631.770503 776575.0770309998 1085146.80944 1835686.0072815001 1473760.9200340002 2261814.52223 1889848.2852759997 0.0 1277794.5083650998 1374572.5963932 1113012.3003796 1154287.8974177 190784.09067260008 1003539.7317097001 0.0 0.0 0.0 0.0 0.0 0.0 752843.4929788999 0.0 0.0 711340.2908741999 843009.14475797 606383.65373406 651516.558560865 -1.0 -1.0 -1.0 -1.0 -1.0 -1.0 -1.0 -1.0 -1.0 -1.0 -1.0 -1.0 -1.0 -1.0 -1.0 -1.0 -1.0 -1.0 -1.0 -1.0 -1.0 -1.0 -1.0 -1.0 -1.0 -1.0 -1.0 -1.0 -1.0 -1.0 -1.0 -1.0 -1.0 -1.0
1615094.00397 -1.0 -1.0 1495203.4785798 609554.9908848 731086.1687194002 1250858.8419541002 1050067.6628100001 1170099.1139850002 2371239.3352418 1919944.0466144 2121508.3045194 2147722.61064379 1533428.1607267 1241480.9835565 1516874.2609216 1200632.8138847 0.0 779730.8340945 1143690.3369831 0.0 0.0 0.0 0.0 0.0 278432.4382427002 0.0 0.0 0.0 0.0 520125.16698790004 535603.8720177 491209.4254983 673298.512853577 600550.5333761148 -1.0 -1.0 -1.0 -1.0 -1.0 -1.0 -1.0 -1.0 -1.0 -1.0 -1.0 -1.0 -1.0 -1.0 -1.0 -1.0 -1.0 -1.0 -1.0 -1.0 -1.0 -1.0 -1.0 -1.0 -1.0 -1.0 -1.0 -1.0 -1.0 -1.0 -1.0 -1.0 -1.0
1640325.6504091201 1823390.2024118833 1675043.191055 0.0 587665.5927070999 1165511.5512941 1265318.188546 1430736.855861 1303600.0676570002 2656117.8917769003 2365232.7134042997 2093956.885723 1700600.3255373999 2061872.3524479996 1879952.3714206 1613589.0605191998 0.0 265978.3588609998 393731.78684599977 484654.7012318999 65801.94582799985 837487.9850218999 1029258.8729857 0.0 0.0 0.0 0.0 0.0 0.0 903124.7626847001 574831.8784996001 469043.41570520005 636579.8129637899 759415.666331827 647585.759345851 653761.8612857274 -1.0 -1.0 -1.0 -1.0 -1.0 -1.0 -1.0 -1.0 -1.0 -1.0 -1.0 -1.0 -1.0 -1.0 -1.0 -1.0 -1.0 -1.0 -1.0 -1.0 -1.0 -1.0 -1.0 -1.0 -1.0 -1.0 -1.0 -1.0 -1.0 -1.0 -1.0 -1.0
1590278.04335105 1496384.5425919 1034220.8791940003 0.0 0.0 366153.52869000006 1225889.4781090003 2318392.4730755 856863.747306 1359563.564631 1556549.7549130002 1977034.6845116003 2121026.1065301998 2041661.2810785999 1805092.8296683999 516465.87362099974 434699.91256900015 1402514.0886106 559660.5163004999 1260512.3593151001 1076647.6275872998 417434.9123346999 1403151.294388885 1127127.31756852 932885.28627776 205016.7349216002 0.0 0.0 0.0 717130.44899778 390449.51437759993 566250.1089017 701660.65416056 752814.3983697019 465582.00731049303 583594.285718975 542644.1264625611 553773.0450916697 -1.0 -1.0 -1.0 -1.0 -1.0 -1.0 -1.0 -1.0 -1.0 -1.0 -1.0 -1.0 -1.0 -1.0 -1.0 -1.0 -1.0 -1.0 -1.0 -1.0 -1.0 -1.0 -1.0 -1.0 -1.0 -1.0 -1.0 -1.0 -1.0 -1.0
1813751.158136604 1788748.7211579802 583130.0518929998 2078442.33340654 953377.5264249998 686887.3324259999 2398447.223449 2560785.8651046 1211135.4347859998 1620497.241436 2135928.7076621 2324155.6251967 2208993.8245886 2053618.6023443001 2008803.6197739998 1858347.5175124998 1701092.1216352 1593734.1914883 1324290.3237327999 1312482.6535693998 258086.76958040008 1122204.8396826 1003044.4406483999 1127598.1760849 1048404.6675366701 962197.4602369801 883536.2555365199 754502.7307955999 0.0 655421.2507873102 617716.2892607941 0.0 328048.42411180004 801283.05 639123.9183595601 670898.0030717883 562098.0654179631 567679.807063502 516389.30011932 -1.0 -1.0 -1.0 -1.0 -1.0 -1.0 -1.0 -1.0 -1.0 -1.0 -1.0 -1.0 -1.0 -1.0 -1.0 -1.0 -1.0 -1.0 -1.0 -1.0 -1.0 -1.0 -1.0 -1.0 -1.0 -1.0 -1.0 -1.0 -1.0
1806344.804339217 1781186.95159445 946331.7293160001 1766144.6867913003 1529788.3931905997 2190193.9888514997 2834643.2862034896 2847063.72157034 1715632.525187 1293734.2329689998 2201532.30708729 2607167.58502007 2145090.4233489 2105556.5529541 1888489.6530775002 1065736.9890334 1750056.0013298998 1660999.0610849997 1408559.6007399 1573505.1314623998 1308575.0854486998 1359910.7209882098 1390749.67689299 1139611.98468193 1186170.03841 1354575.96800203 1360658.49195 1360658.49195 785802.7685872999 648984.6755780899 743163.5005419 0.0 86862.6424755 660163.1617262 679261.18 679261.118528 578001.6997253358 568405.884776929 378627.81099027 -1.0 -1.0 -1.0 -1.0 -1.0 -1.0 -1.0 -1.0 -1.0 -1.0 -1.0 -1.0 -1.0 -1.0 -1.0 -1.0 -1.0 -1.0 -1.0 -1.0 -1.0 -1.0 -1.0 -1.0 -1.0 -1.0 -1.0 -1.0 -1.0
1900396.308271382 1697685.01593308 1353963.8523665257 1012357.7094007996 1138210.079279 1918264.7678894 2442637.1738021 2418576.0376321003 2509111.9505212996 1154774.300907 2107612.342528 1952188.3314741799 900026.4079629998 2065806.2242756998 1134394.9353933001 1260567.3857628999 1645719.725135644 1685577.39908718 1480589.6570131101 1363259.3358363733 1591494.757799761 1394404.776691582 1178656.244274605 1297016.065932229 1162299.66905351 1284463.30342 1153045.41406 1153045.41406 843013.38853251 763450.2845741 880137.0941220187 907679.6 748475.459225232 787681.28 701528.64 701528.64 639991.04 630930.726887063 572125.832583756 0.0 0.0 -1.0 -1.0 -1.0 -1.0 -1.0 -1.0 -1.0 -1.0 -1.0 -1.0 -1.0 -1.0 -1.0 -1.0 -1.0 -1.0 -1.0 -1.0 -1.0 -1.0 -1.0 -1.0 -1.0 -1.0 -1.0 -1.0 -1.0
-1.0 1434229.27082527 1937000.51223421 1179064.7677389998 1322218.70984 2213364.70232361 2381389.3037031 2302688.6024514 1650464.265632 2347893.039876 1583719.8115325002 1755787.3343107002 1765504.3983220998 1485420.0293851998 1391142.56185142 1395581.4435512999 1043958.1367511002 1531784.0966678902 640337.7149057998 566419.9272300999 584006.2477845602 1206745.3250422012 1337618.445782585 1377169.367337024 1246248.851686371 1285736.54549 1154188.38633 1154188.38633 1004074.128880783 884127.38891201 790040.360682897 869072.538859016 788462.08 748961.5647976829 702224.04 702224.04 640625.44 631553.7167181928 573634.554367719 407659.98099069006 185236.56082658004 0.0 -1.0 -1.0 -1.0 -1.0 -1.0 -1.0 -1.0 -1.0 -1.0 -1.0 -1.0 -1.0 -1.0 -1.0 -1.0 -1.0 -1.0 -1.0 -1.0 -1.0 -1.0 -1.0 -1.0 -1.0 -1.0 -1.0
-1.0 1561161.002955 1876981.46513 1662512.6013814 1505462.1120049998 2089134.3710941998 1668674.9354339999 2268326.9052486997 1315548.4067819996 1329534.442626 1983711.0453433 1547203.018907 1642467.1003257998 1319434.0319324997 1281230.311952795 1505016.0313471248 1102158.1625822901 1102173.79009521 835851.80940336 870268.6442856299 654269.6286470001 1386512.61836171 1213211.811489636 1134121.8964138161 1043243.69717888 1127670.268711835 1041534.72732 1041534.72732 839117.393428182 957745.2427 641358.8959613671 878586.6 807683.12 526187.22318317 749110.68 749110.68 705952.04 705952.04 653276.463327158 615230.094637885 530205.38031231 440412.40062642 394154.21877443005 535188.5734490311 402784.3255429 0.0 437071.72789837 431143.79022101604 487076.08 -1.0 -1.0 -1.0 -1.0 -1.0 -1.0 -1.0 -1.0 -1.0 -1.0 -1.0 -1.0 -1.0 -1.0 -1.0 -1.0 -1.0 -1.0 -1.0
-1.0 1523408.8213440098 1946151.03620769 1191132.30077877 2043709.0451316996 1995800.5507295998 1016651.1515259999 1147380.253649 1539383.8964 1552354.7647199999 1034081.0746320002 897163.5375359999 1315095.5949885002 1536700.508324 1116629.9905333002 1402643.48537913 1103089.0264840398 1103089.76156925 1353552.10937197 1525925.95716235 1042442.8730876499 1427514.26671981 1332924.10758 1293779.088695395 1128651.525720983 1168199.42466 1042409.7792 1042409.7792 958549.898327 958549.898327 839754.20969266 800157.613450311 808361.7 808361.7 573555.5091933 725884.293151824 706545.15 706545.15 669520.95 649155.2606352309 613984.65 613984.65 558448.35 558448.35 524509.5 524509.5 505997.4 505997.4 487485.3 487485.3 469831.265041015 -1.0 -1.0 -1.0 -1.0 -1.0 -1.0 -1.0 -1.0 -1.0 -1.0 -1.0 -1.0 -1.0 -1.0 -1.0 -1.0 -1.0
-1.0 1576614.036205718 1587064.0529731698 69813.30522599956 0.0 1135739.9400749998 379591.23768000025 1378584.526263 1283943.4213480002 720764.1665110001 1567203.9095205 1208091.1699627 1156431.3391965998 1082628.4276905 1142950.41079154 1142896.5341620198 897168.6503163 931678.6966599299 328011.18848580006 1186836.51708171 1217978.841711631 1375905.59137 1226041.44365 1226041.44365 1085169.01622 1085169.01622 952642.792345811 913070.910223333 950291.297477 950291.297477 907786.74 868180.977040133 744262.6809513301 457213.53233225003 324470.40365259995 281359.3470334 724378.274327531 775015.21 722524.14 722524.14 663857.65 663857.65 614454.29 614454.29 580489.48 580489.48 555787.8 555787.8 534173.83 534173.83 524910.7 452569.89232065994 -1.0 -1.0 -1.0 -1.0 -1.0 -1.0 -1.0 -1.0 -1.0 -1.0 -1.0 -1.0 -1.0 -1.0 -1.0 -1.0
-1.0 1348785.4568626 971396.5019563001 0.0 869959.0308349999 0.0 0.0 1634781.6967697 1137376.10088 0.0 475963.4631910003 1591513.3456554 1440910.0457492801 1443650.82891052 1143810.11916157 912944.9308616 1552138.53668122 1657198.1876866329 1567291.213119525 1532781.4374390398 1266084.647868323 1337209.2505045668 1147638.3756625368 1226883.2351 967037.559154192 1046294.438432557 991862.849151 989933.812665 950943.760807 950943.760807 908410.02 908410.02 865152.4 595161.28581953 285175.61853328 241714.3924434001 330487.73068289994 775547.33 723020.22 723020.22 664313.45 664313.45 614876.17 614876.17 580888.04 580888.04 556169.4 556169.4 534540.59 534540.59 525271.1 525271.1 519091.44 519091.44 -1.0 -1.0 -1.0 -1.0 -1.0 -1.0 -1.0 -1.0 -1.0 -1.0 -1.0 -1.0 -1.0 -1.0
-1.0 1409902.8714577002 0.0 0.0 862654.114476 37387.95653600013 32571.257879999932 1458567.2808327002 0.0 0.0 1285397.81663337 1315018.44731122 1087400.6684524 800978.3147697002 1566658.428474198 1739318.209628334 1596778.47038 1596778.47038 1419709.01878 1385170.033397641 930257.5453278599 1121168.817046504 1085929.652377858 1125593.63953 1017551.27664 1017551.27664 951525.438022 950511.873271 940864.964858 941254.731815 927516.0 927516.0 818708.18560817 325678.2568982 336551.58921154996 248071.77968069992 0.0 685769.39480652 760563.12 760563.12 708003.88 708003.88 667811.52 667811.52 643077.76 643077.76 621435.72 621435.72 612160.56 612160.56 602885.4 602885.4 596701.96 589607.2283897089 -1.0 -1.0 -1.0 -1.0 -1.0 -1.0 -1.0 -1.0 -1.0 -1.0 -1.0 -1.0 -1.0 -1.0
1744766.80115 622340.4161351998 423665.9888750003 0.0 1222961.5745628998 1220791.5478460998 1227975.8514120001 1764402.7278994 0.0 1460741.6111581 1334221.7230194698 1368715.0407507299 1571780.53983918 1951913.563996639 1774794.57063 1740231.539607049 1424807.388281615 1528513.010038125 1385909.3069237731 1385912.210362575 1136647.62374434 1240299.91019 1126194.3503 1126194.3503 978410.4385978649 1018094.32699 952033.251463 950862.967725 941269.561211 941269.561211 928011.0 928011.0 909450.78 241473.74712050008 293857.13711340004 251012.38476190006 672719.55719547 825929.79 760969.02 760969.02 708381.73 708381.73 668167.92 668167.92 643420.96 643420.96 621767.37 621767.37 612487.26 612487.26 603207.15 603207.15 597020.41 588042.8778779802 -1.0 -1.0 -1.0 -1.0 -1.0 -1.0 -1.0 -1.0 -1.0 -1.0 -1.0 -1.0 -1.0 -1.0
1358256.06910401 810469.0216521001 91351.8442350002 785154.5167469999 740274.805681 0.0 1602060.5849584 1925774.7971223001 1738087.1587764001 1743691.3968518001 746447.3189211998 897161.6614308199 1469031.524181203 1641886.100245346 1403023.7143706921 1368480.210819144 1276873.6594949781 1311439.5109135031 1231852.86641 1231852.86641 1120699.42336 1120699.42336 1042591.57694 1042591.57694 964483.792412 964483.792412 916054.88 833327.7992687 931086.888743 931086.888743 944351.493386 944351.493386 910314.09933034 539312.2610533 268238.5599302 520333.03477519995 735031.87668002 727812.21772728 798453.24 798453.24 758221.1 758221.1 736557.64 736557.64 721083.74 721083.74 705609.84 705609.84 717988.96 717988.96 708704.62 708704.62 711799.4 711799.4 705817.0131583121 -1.0 -1.0 -1.0 -1.0 -1.0 -1.0 -1.0 -1.0 -1.0 -1.0 -1.0 -1.0 -1.0
422211.96562070004 0.0 0.0 634638.9700395002 626350.6033969999 1135812.5569574 1599731.6850754 1771474.172855 1671349.6626768 2079815.06138 1227354.480872 1853434.50723786 1677105.76098 1642521.00337653 1265239.5163430169 1472745.93052 1311954.585172123 1277354.18160144 1232322.55614 1232322.55614 1120502.00413 1119867.59239 1042989.10376 1042989.10376 964851.537737 964851.537737 916404.16 916404.16 931656.648425 931500.432475 944711.562523 944711.562523 944711.562523 809205.02778134 834975.31868753 832275.9132624599 794079.045381836 834084.985689827 798757.68 798757.68 758510.2 758510.2 736838.48 736838.48 414891.3383259501 721358.68 705878.88 705878.88 718262.72 718262.72 708974.84 708974.84 712070.8 712070.8 631510.63579921 -1.0 -1.0 -1.0 -1.0 -1.0 -1.0 -1.0 -1.0 -1.0 -1.0 -1.0 -1.0 -1.0
200831.25187109993 0.0 174269.23192599998 652159.8642976999 1166556.1494240002 1450682.7685004 1267155.9957678001 1294232.6683684802 1328632.04844265 1605412.307856245 1481633.1908434802 1435527.9141627871 1307798.44047277 1238635.091998232 1169509.35617912 1169507.867551665 1134884.93844 1130032.28195 1062101.3345 1059807.25628 994892.200112 995360.928314 962138.227471 962138.227471 925973.1 925973.1 907391.7 907391.7 922876.2 922876.2 944998.397258 944998.397258 960926.775935 876633.5734102001 966236.181815 966236.181815 948268.166216 950045.117886 901197.9 901197.9 888810.3 888810.3 895004.1 804330.59659351 0.0 901197.9 891907.2 891907.2 873325.8 873325.8 860938.2 860938.2 888810.3 843864.87050702 832176.64924351 892190.12396258 -1.0 -1.0 -1.0 -1.0 -1.0 -1.0 -1.0 -1.0 -1.0 -1.0 -1.0 -1.0
54708.25959499995 0.0 630173.3608320002 1235204.6638824 0.0 1244366.3515030001 1384962.2847757 1541930.85935139 1640388.244361171 1605814.71912922 1470474.6509770409 1505079.20363597 1218033.58636239 1238903.876585423 1169777.461714486 1204514.8959105678 1128212.11514 1117812.00108 1054083.92268 1054083.92268 993011.177522 993948.570065 961606.808159 922629.009079864 846731.341551792 926185.39 907599.73 907599.73 923087.78 923087.78 945215.049027 912916.20974964 961147.079468 924555.08312232 921501.1169000249 966457.70259 947870.363685 948348.870088 901404.51 901404.51 889014.07 889014.07 895209.29 804452.52678351 674692.4000581501 901404.51 892111.68 892111.68 873526.02 873526.02 861135.58 861135.58 889014.07 843545.6096478499 725927.0804945 851596.22445064 882818.85 -1.0 -1.0 -1.0 -1.0 -1.0 -1.0 -1.0 -1.0 -1.0 -1.0 -1.0
0.0 352992.3574989503 923606.0071537 1314106.5432844 1212926.7771225 1323572.958137 1399764.07959153 1481962.493503811 1369974.141392424 1404585.34674 1314364.85786 1279751.880922589 1218129.64495 1045072.4525309321 989462.870298791 1127909.1065 1057879.54853 1053152.1201 1006440.47811 1006440.47811 966604.343103 966604.343103 942751.636548 898567.6198547151 917031.68 917031.68 910835.52 910835.52 932079.717549 932079.717549 958637.122298 958637.122298 987850.31895 987850.31895 1014407.7237 1014407.7237 976322.56587234 1019719.22696 1003784.76056 1003784.76056 1011752.00615 1011752.00615 1032997.90764 1032997.90764 963901.0485187001 1054243.85871 1059555.28761 1059555.28761 1038309.4109 1038309.4109 1022374.9445 1022374.9445 1083456.97481 996336.46302108 1080873.2325020658 1110302.128575947 -1.0 -1.0 -1.0 -1.0 -1.0 -1.0 -1.0 -1.0 -1.0 -1.0 -1.0 -1.0
1402811.1620511399 1409257.30465789 848633.6288837 1497002.20298418 1528311.3415322201 1528212.21127775 1484368.521589617 1484367.798805641 1300851.553049939 1370080.370379617 1141394.454948873 1279852.169575631 1183610.6303489408 1183609.5015756309 1093382.053953183 1126062.38114 1046357.66538 1046357.66538 1006518.44437 1006518.44437 966679.223365 966679.223365 942775.777515 942775.777515 917102.72 917102.72 910906.08 910906.08 932151.92328 932151.92328 958711.385361 913742.4407462879 987926.845082 942958.791524549 1014486.30716 1014486.30716 1019798.22189 1019798.22189 1003862.52109 1003862.52109 1011830.38388 1011830.38388 1033077.93124 1033077.93124 1054325.52817 1054325.52817 1059637.36853 1059637.36853 1038389.84596 1038389.84596 1022454.14517 1022454.14517 1083540.90733 901937.95317034 1029632.0821561299 1126036.0764 -1.0 -1.0 -1.0 -1.0 -1.0 -1.0 -1.0 -1.0 -1.0 -1.0 -1.0 -1.0
