critload/trunk/output/1999/nox_em.asc
ncols 720
nrows 360
xllcorner -180
yllcorner -90
cellsize 0.5
NODATA_value -1.0
[rows 180 to 209 of 360, columns 408 to 475 of 720]
2360314.9534310973 2364321.1757 2415189.217457879 2416828.960147037 2515080.97151 2515080.97151 2614582.34095 2614582.34095 2747850.5332644423 2746121.7867418365 2859616.3251167103 2566306.147232302 2502764.33732591 1922416.95759833 1756493.0734923198 1770979.9426493298 2296734.742069374 -1.0 -1.0 -1.0 1609316.464885856 806763.1790440001 1434117.0787914 1210256.3521843 320742.9011279999 159007.3011783997 0.0 0.0 0.0 839900.3475024999 398805.80796949996 0.0 284596.13397696 385329.6955704569 241664.02462285 354415.93865160993 93105.99547732994 484083.8383738671 -1.0 -1.0 -1.0 -1.0 -1.0 -1.0 -1.0 -1.0 -1.0 -1.0 -1.0 -1.0 -1.0 -1.0 -1.0 -1.0 -1.0 -1.0 -1.0 -1.0 -1.0 -1.0 -1.0 -1.0 -1.0 -1.0 -1.0 -1.0 -1.0 -1.0
2359914.6404913557 2364138.03222 2416887.2681511664 2416609.1156489123 2512847.429461958 2512907.8467180505 2614379.81191 2614379.81191 2747738.4261047225 2731763.4313664213 2858544.760997982 2202408.98216696 1873282.50572496 1787756.5589609598 2367593.48961849 2012215.61402232 -1.0 -1.0 -1.0 -1.0 1021031.521385 528722.4439902273 685277.1512887 1140703.5987755 440590.9026075003 187147.5852069999 0.0 0.0 161696.80704099988 0.0 538456.1703575702 0.0 298034.41178791004 434528.56549228006 0.0 0.0 435702.29104651697 -1.0 -1.0 -1.0 -1.0 -1.0 -1.0 -1.0 -1.0 -1.0 -1.0 -1.0 -1.0 -1.0 -1.0 -1.0 -1.0 -1.0 -1.0 -1.0 -1.0 -1.0 -1.0 -1.0 -1.0 -1.0 -1.0 -1.0 -1.0 -1.0 -1.0 -1.0
2339663.24956 2339663.24956 2390909.86779 2388745.471435013 2482127.857210238 2484359.45838 2574794.57882 2574794.57882 2680903.1159915463 2674919.559866049 2722035.225939999 1986603.8714140202 552275.64859091 2047792.4789505 1738630.1780589097 1977750.5152284799 -1.0 -1.0 -1.0 1797323.86195262 761592.2261508 1445907.2157606 1180145.5318015001 1028678.5091336 875454.3425085001 0.0 0.0 0.0 213981.32787399995 482998.2765117999 459005.2402397578 413591.0128118 453147.85703876265 502973.50268847495 182398.06352441 0.0 -1.0 -1.0 -1.0 -1.0 -1.0 -1.0 -1.0 -1.0 -1.0 -1.0 -1.0 -1.0 -1.0 -1.0 -1.0 -1.0 -1.0 -1.0 -1.0 -1.0 -1.0 -1.0 -1.0 -1.0 -1.0 -1.0 -1.0 -1.0 -1.0 -1.0 -1.0 -1.0
2339134.53088 2339134.53088 2387954.702784772 2387955.00952096 2478969.0468962234 2478969.26648414 2569507.528187364 2571868.6797969737 2675771.8835172355 2668464.290934338 1850485.134895493 1667459.6715231398 920251.2480282001 1317086.6344103317 1825574.44969146 2107285.83380611 -1.0 2041781.69464 1852363.19649189 1026960.5967481 1029890.1545213 1444662.4058471 1295426.955095446 1209035.1083338698 949583.93902522 874847.2974444 714670.9529508 355070.0404569998 90629.29270999995 756883.0903990902 507548.55761013995 556865.3965478899 357158.4418921999 751370.67910311 426049.3385640001 855979.341589875 -1.0 -1.0 -1.0 -1.0 -1.0 -1.0 -1.0 -1.0 -1.0 -1.0 -1.0 -1.0 -1.0 -1.0 -1.0 -1.0 -1.0 -1.0 -1.0 -1.0 -1.0 -1.0 -1.0 -1.0 -1.0 -1.0 -1.0 -1.0 -1.0 -1.0 -1.0 -1.0
2327025.1681625564 2329378.27934 2359507.38188 2359507.38188 2430001.5497729178 2432415.627579201 2499085.4460916296 2484939.950658068 2554917.7547316467 2542275.892674164 1139167.035280886 867362.07316103 596951.4795202101 141877.94606703008 1517921.2260948932 1826483.30207994 1772035.72380456 1812176.6305270998 1615545.36978365 893576.7973457 1173098.53674829 1303597.497496321 830575.0013106241 1400529.9575130958 531910.47850939 681541.0715602699 0.0 0.0 0.0 1058125.2797868869 0.0 228998.19154426001 382408.9273829899 674286.4644581999 732253.36990151 -1.0 -1.0 -1.0 -1.0 -1.0 -1.0 -1.0 -1.0 -1.0 -1.0 -1.0 -1.0 -1.0 -1.0 -1.0 -1.0 -1.0 -1.0 -1.0 -1.0 -1.0 -1.0 -1.0 -1.0 -1.0 -1.0 -1.0 -1.0 -1.0 -1.0 -1.0 -1.0 -1.0
2328490.45574 2328490.45574 2356265.202344917 2355529.5379661517 2430026.870976739 2431923.832747855 2496118.8455456113 2491253.799100296 2558426.610817785 2517000.000618752 1703456.1421114998 1933900.1975478 1712932.6854295002 1652023.6127135998 1509753.59395569 1394415.2370231 1077497.8410561997 1204548.6820382 754563.6451125 711856.0898008 752351.3846948 1427359.66393896 1364252.966905324 1427757.87484 1201833.809494099 509539.66017079004 0.0 623553.35325214 822061.5891712001 1156356.11682 0.0 468779.54866599 727747.3963335 917281.5673941281 -1.0 -1.0 -1.0 -1.0 -1.0 -1.0 -1.0 -1.0 -1.0 -1.0 -1.0 -1.0 -1.0 -1.0 -1.0 -1.0 -1.0 -1.0 -1.0 -1.0 -1.0 -1.0 -1.0 -1.0 -1.0 -1.0 -1.0 -1.0 -1.0 -1.0 -1.0 -1.0 -1.0 -1.0
2338246.9802215537 2340146.039808753 2334146.798233713 2330206.6101103686 2359230.5903276233 2361208.721525611 2370772.805712441 2366073.3414953747 2368190.404554985 2379342.467755542 1654601.8754508002 1637682.0820308 1598153.5468952002 1279955.9708192 1353550.8713846 1384491.9659166 1237935.6933402 1243003.8743893001 947677.3347581 751902.1449686 854206.4292207999 860316.26450633 1202415.79815597 938206.8774353799 667660.77308559 768339.11773588 223558.57710640004 0.0 320400.0182358001 848712.847213441 80190.61792260001 377917.75450989994 577051.0548926999 -1.0 -1.0 -1.0 -1.0 -1.0 -1.0 -1.0 -1.0 -1.0 -1.0 -1.0 -1.0 -1.0 -1.0 -1.0 -1.0 -1.0 -1.0 -1.0 -1.0 -1.0 -1.0 -1.0 -1.0 -1.0 -1.0 -1.0 -1.0 -1.0 -1.0 -1.0 -1.0 -1.0 -1.0 -1.0
2318940.6415175963 2322864.073742328 2328120.631896975 2323872.664919736 2358121.5107215745 2360140.1622021436 2369810.742759688 2369813.3769697687 2377924.978783257 2370658.980492248 2106151.04696598 1652050.0021167002 1373335.2939569 1676978.84057061 1419519.626186091 1517015.922427139 1307745.9264798 1195319.8339228 789735.8110248 761049.9918476999 703214.8586598 816939.6172406899 768683.1238490001 855566.4745611702 492474.3526179299 601349.4911616 352242.72506609 627940.49905233 236822.46198460006 282191.9867015 0.0 0.0 -1.0 -1.0 -1.0 -1.0 -1.0 -1.0 -1.0 -1.0 -1.0 -1.0 -1.0 -1.0 -1.0 -1.0 -1.0 -1.0 -1.0 -1.0 -1.0 -1.0 -1.0 -1.0 -1.0 -1.0 -1.0 -1.0 -1.0 -1.0 -1.0 -1.0 -1.0 -1.0 -1.0 -1.0 -1.0 -1.0
2299113.9325272013 2286834.5095157092 2269658.992197228 2272005.9633066347 2222931.690635568 2223303.8965168926 2171107.1582573703 2175171.52840988 2121142.096983814 2118539.8074633568 2036944.6185101713 1464314.765411 1369585.9768287 1504172.791182666 1275549.3527329436 1439829.480315308 1044561.16129656 1050227.3651524999 617524.4928764001 801647.5130309 558368.1420869001 492909.9564703001 758913.6152267 755682.4770968999 574394.6075793699 303542.5739763399 210731.30039137008 501636.5512176 223965.74411198997 84640.32338037982 146885.0763355 493175.12212720007 -1.0 -1.0 -1.0 -1.0 -1.0 -1.0 -1.0 -1.0 -1.0 -1.0 -1.0 -1.0 -1.0 -1.0 -1.0 -1.0 -1.0 -1.0 -1.0 -1.0 -1.0 -1.0 -1.0 -1.0 -1.0 -1.0 -1.0 -1.0 -1.0 -1.0 -1.0 -1.0 -1.0 -1.0 -1.0 -1.0
2303641.5179852103 2294168.4689393225 2270400.930635579 2272720.927145088 2225710.9356119814 2224325.3207148435 2171631.368570658 2175932.4257 2126680.9390186863 2114927.2458689013 2010548.95349 1513059.3355309 1403312.5230266 1209877.94671515 1245801.9096571351 1521617.6686031201 1196722.230128 1056787.29127365 916125.711374 1045253.56064126 969898.1982635 822885.7260449 551312.6680773699 455094.98116963997 229446.51279585995 244379.33498588996 109457.61301514995 123119.8481585799 559222.2445008201 465178.65388552006 468459.57663637004 716360.545929 -1.0 -1.0 -1.0 -1.0 -1.0 -1.0 -1.0 -1.0 -1.0 -1.0 -1.0 -1.0 -1.0 -1.0 -1.0 -1.0 -1.0 -1.0 -1.0 -1.0 -1.0 -1.0 -1.0 -1.0 -1.0 -1.0 -1.0 -1.0 -1.0 -1.0 -1.0 -1.0 -1.0 -1.0 -1.0 -1.0
2253405.5620986624 2243814.4706594427 2168930.9223311734 2178982.904210687 2077188.1235700857 2077596.706996542 1965996.489696885 1973694.774756401 1883616.780151972 1881212.3214982687 1788509.7853352653 1453701.3118168302 1036092.1086393001 1174543.4311263491 1175329.19774972 1240428.8266358098 1063994.2907395 1027734.179462 715629.5250083001 713391.1178063601 569133.4513991899 784597.9779544999 460260.7913381299 628824.5695500001 410495.73213220004 474585.1582859501 358374.40205756994 618636.96150024 432224.79690370004 459096.1766697 539908.68888394 513375.12848375 -1.0 -1.0 -1.0 -1.0 -1.0 -1.0 -1.0 -1.0 -1.0 -1.0 -1.0 -1.0 -1.0 -1.0 -1.0 -1.0 -1.0 -1.0 -1.0 -1.0 -1.0 -1.0 -1.0 -1.0 -1.0 -1.0 -1.0 -1.0 -1.0 -1.0 -1.0 -1.0 -1.0 -1.0 -1.0 -1.0
2258562.9518422745 2246800.0434858007 2174421.2514579617 2176813.4905331987 2078035.561695838 2066506.1030918157 1955538.7506737413 1964873.6416592028 1879840.6609843203 1882432.8822451173 1798401.3905940622 1488091.0006995702 1270131.27309867 1328175.3760606751 1150569.2547099213 1006228.5921289239 827491.3369912 891325.9043900999 712132.6505989342 823988.767904086 576266.41458095 573063.9303729001 417907.0022292 820642.5961039001 449472.54346308 455925.8330863101 572130.51381065 815790.22329913 484645.18763954 393096.42414399 574331.38429432 -1.0 -1.0 -1.0 -1.0 -1.0 -1.0 -1.0 -1.0 -1.0 -1.0 -1.0 -1.0 -1.0 -1.0 -1.0 -1.0 -1.0 -1.0 -1.0 -1.0 -1.0 -1.0 -1.0 -1.0 -1.0 -1.0 -1.0 -1.0 -1.0 -1.0 -1.0 -1.0 -1.0 -1.0 -1.0 -1.0 -1.0
2137270.3311774977 2134991.1992204115 2042020.880048403 2048927.9233964088 1940448.8784665498 1932063.8442289564 1821844.56501186 1821863.0742016528 1722398.6474080295 1722050.8570235844 1617637.4757830696 1357663.202352593 947320.9308980901 1114728.09270234 1031464.4314228601 763103.5305486511 448615.22643716005 557778.731425073 587746.842865635 574228.742914061 301288.2565058399 301060.3320143699 412753.75813757 708634.7187804 160133.04891080002 417696.24456170003 465282.22964582004 435624.37569271005 393097.19356251 411388.87931731 392976.7165223 526205.4027044399 -1.0 -1.0 -1.0 -1.0 -1.0 -1.0 -1.0 -1.0 -1.0 -1.0 -1.0 -1.0 -1.0 -1.0 -1.0 -1.0 -1.0 -1.0 -1.0 -1.0 -1.0 -1.0 -1.0 -1.0 -1.0 -1.0 -1.0 -1.0 -1.0 -1.0 -1.0 -1.0 -1.0 -1.0 -1.0 -1.0
2126983.1728395782 2137276.8771472727 2037790.3777290303 2035516.0195670584 1938702.562767442 1936519.1171546264 1824660.0202679315 1819858.1184522416 1720343.557278609 1713145.959449432 1623788.817124604 1624325.88066 1152092.90717092 743407.2103473909 796572.86911607 946111.2153576501 656691.4954570599 514391.683356117 468417.74329021 466496.7235056 368150.7035223399 461981.9231204299 395220.19187231007 349979.3047309 411830.0286395 630658.17256051 462549.35379374 539869.40371602 452595.22433821997 423011.26431401 243300.83323220006 -1.0 -1.0 -1.0 -1.0 -1.0 -1.0 -1.0 -1.0 -1.0 -1.0 -1.0 -1.0 -1.0 -1.0 -1.0 -1.0 -1.0 -1.0 -1.0 -1.0 -1.0 -1.0 -1.0 -1.0 -1.0 -1.0 -1.0 -1.0 -1.0 -1.0 -1.0 -1.0 -1.0 -1.0 -1.0 -1.0 -1.0
2004055.8017488064 1993717.3250032135 1905371.7999552828 1903451.7923412125 1798662.6927700443 1796481.6853143692 1688733.8136841338 1691704.7772948113 1569729.5109455553 1555171.350687506 1454475.4441862723 1462275.304741465 1321585.88897 695950.0892416401 625826.6644492 869705.93125365 593199.74811084 574878.4962975995 356250.55028567 640605.8454214099 545470.17744436 688245.330290799 338003.73587502 234894.05222562002 380615.77971832996 552820.87084056 462676.63623234 524580.55466677 209371.336211766 429819.25486641005 208517.95825279993 -1.0 -1.0 -1.0 -1.0 -1.0 -1.0 -1.0 -1.0 -1.0 -1.0 -1.0 -1.0 -1.0 -1.0 -1.0 -1.0 -1.0 -1.0 -1.0 -1.0 -1.0 -1.0 -1.0 -1.0 -1.0 -1.0 -1.0 -1.0 -1.0 -1.0 -1.0 -1.0 -1.0 -1.0 -1.0 -1.0 -1.0
2003728.657408992 2001241.755051487 1896134.5004485731 1907736.9076216556 1791899.5447540972 1786376.9828894031 1687863.9613854608 1689626.8727558577 1577345.5585088215 1567708.4082457218 1478693.709468662 1460727.095644329 1327252.1011046858 836962.8502890699 703963.7145785799 910035.6403339598 727666.588653148 630617.6096147725 763552.81171515 761288.9119773901 848804.796037 822186.620879428 283841.62948 528425.726143 373212.2752998401 497391.42291678005 566300.0344489301 336711.179107772 130018.95765853004 276684.09575452004 292090.61142473004 465522.28902249003 -1.0 -1.0 -1.0 -1.0 -1.0 -1.0 -1.0 -1.0 -1.0 -1.0 -1.0 -1.0 -1.0 -1.0 -1.0 -1.0 -1.0 -1.0 -1.0 -1.0 -1.0 -1.0 -1.0 -1.0 -1.0 -1.0 -1.0 -1.0 -1.0 -1.0 -1.0 -1.0 -1.0 -1.0 -1.0 -1.0
1869038.3982984407 1865209.523752865 1783357.2307640887 1787384.8471438722 1694231.1258778665 1692143.824097107 1604077.5606496271 1601587.5888985659 1510892.402866818 1519327.9366158522 1399843.8936080781 1358873.367819144 1243614.5993998174 1183200.804317557 657857.80420495 702250.5987653801 646536.9515553401 805309.94146744 461426.66306999 458824.16761852 419943.03040229995 334735.9215751999 709981.62102013 506962.55002734996 486887.97346030996 515230.32468896 415179.4844693748 226246.05350227357 147723.36074094992 264422.8350545099 320041.86451516 -1.0 -1.0 -1.0 -1.0 -1.0 -1.0 -1.0 -1.0 -1.0 -1.0 -1.0 -1.0 -1.0 -1.0 -1.0 -1.0 -1.0 -1.0 -1.0 -1.0 -1.0 -1.0 -1.0 -1.0 -1.0 -1.0 -1.0 -1.0 -1.0 -1.0 -1.0 -1.0 -1.0 -1.0 -1.0 -1.0 -1.0
1873703.9642257101 1865222.3805269732 1779344.264024106 1783353.578880334 1696898.997668715 1713979.18981 1609055.956485644 1606677.052779567 1511871.4687424307 1519270.1671166616 1118090.3358035302 1170063.549138104 1097626.554894438 1024456.8825741201 916837.4452199601 701567.78435744 362458.5937022 282943.4712112399 320923.41209111013 281155.82956790004 324737.5313780001 65934.28219840012 429880.33802621 681914.50591764 374787.12900128996 656807.780960712 347240.66093232005 350793.67536469 159874.08597862598 0.0 246971.42143884004 -1.0 -1.0 -1.0 -1.0 -1.0 -1.0 -1.0 -1.0 -1.0 -1.0 -1.0 -1.0 -1.0 -1.0 -1.0 -1.0 -1.0 -1.0 -1.0 -1.0 -1.0 -1.0 -1.0 -1.0 -1.0 -1.0 -1.0 -1.0 -1.0 -1.0 -1.0 -1.0 -1.0 -1.0 -1.0 -1.0 -1.0
1761818.7145706406 1763977.4688513135 1701126.1574459558 1685041.0310739821 1637228.972021523 1649706.5383380144 1561272.9909208626 1554056.2830917744 1469114.995250476 1170753.6120333099 1058127.79613182 1102900.03427123 991320.97005936 983726.2681707001 868117.22780972 862719.37026791 716893.40339716 332573.08235784003 219949.52382014017 510773.5595598 406726.22608806 673947.12835819 435800.73600021 660175.456183346 517875.77558855596 602855.898209914 359697.93872992805 371418.598866 0.0 0.0 274771.35129998 473687.3124378701 -1.0 -1.0 -1.0 -1.0 -1.0 -1.0 -1.0 -1.0 -1.0 -1.0 -1.0 -1.0 -1.0 -1.0 -1.0 -1.0 -1.0 -1.0 -1.0 -1.0 -1.0 -1.0 -1.0 -1.0 -1.0 -1.0 -1.0 -1.0 -1.0 -1.0 -1.0 -1.0 -1.0 -1.0 -1.0 -1.0
1759128.8467347056 1763784.0852777746 1707915.269489973 1689292.6912401388 1640434.1339347162 1628946.4552399851 1561358.1960501017 1551785.7053422935 0.0 1191675.11753029 1071225.3022751398 1100039.5107493298 972257.08596812 962750.0943289701 855824.220489395 833257.5711435099 691566.50956255 692135.4197028 483186.7393374201 655325.1795476 597895.26562485 523032.36034004 598262.86622764 688008.769685829 601810.367587442 414547.08153820003 328536.261305073 396663.01960514 0.0 240480.971924347 266109.12572477 400757.40689544997 -1.0 -1.0 -1.0 -1.0 -1.0 -1.0 -1.0 -1.0 -1.0 -1.0 -1.0 -1.0 -1.0 -1.0 -1.0 -1.0 -1.0 -1.0 -1.0 -1.0 -1.0 -1.0 -1.0 -1.0 -1.0 -1.0 -1.0 -1.0 -1.0 -1.0 -1.0 -1.0 -1.0 -1.0 -1.0 -1.0
1668909.1050317762 1668697.3377289225 1631729.9112772238 1627386.5485923805 1574830.2191295188 1575662.8458075346 1516973.5387798946 1530805.886081103 1455038.1112225526 1158332.32145939 1054969.08028356 1076598.6898038902 1014370.5595629311 992884.656288608 888997.14316359 775486.53691722 680914.77772568 774644.8912887 675632.28054625 504642.93407956004 721916.07759702 469247.5342398 498611.88008098 573130.01307147 575876.62522641 494964.80588458 413860.50855590997 462315.29504813 0.0 325525.1982772 349110.59317922 373030.83236035006 382935.63158946997 -1.0 -1.0 -1.0 -1.0 -1.0 -1.0 -1.0 -1.0 -1.0 -1.0 -1.0 -1.0 -1.0 -1.0 -1.0 -1.0 -1.0 -1.0 -1.0 -1.0 -1.0 -1.0 -1.0 -1.0 -1.0 -1.0 -1.0 -1.0 -1.0 -1.0 -1.0 -1.0 -1.0 -1.0 -1.0
1655764.2871675722 1661166.8141474768 1621177.9782452644 1614915.9751978049 1585129.9201279792 1578727.5371401908 1520356.142976717 1521456.468168169 1457437.3274290147 1144809.07578853 1034316.5623192799 1064361.287851394 960074.3472218399 935382.2958767699 832486.51189503 862959.48878076 840293.76299408 908822.142058 713252.48920927 655016.79405011 742811.82212064 530642.4798858599 524509.8052095999 587364.1523039 547152.5410981199 576004.66493717 378347.28276791 223699.33337269002 70078.76984368998 0.0 0.0 304797.84869310004 464456.70115542 492592.84659728303 -1.0 -1.0 -1.0 -1.0 -1.0 -1.0 -1.0 -1.0 -1.0 -1.0 -1.0 -1.0 -1.0 -1.0 -1.0 -1.0 -1.0 -1.0 -1.0 -1.0 -1.0 -1.0 -1.0 -1.0 -1.0 -1.0 -1.0 -1.0 -1.0 -1.0 -1.0 -1.0 -1.0 -1.0
1336985.245803023 1495269.4871254584 1474562.6167379983 1547128.6015084807 1536996.6337963399 1533085.5825722707 1479267.9368459766 1477140.967504601 1420791.3350917734 1055136.44980201 992696.14907471 1041246.2530274 968635.4228799801 926693.23483802 839439.04923058 796897.6710888699 865402.98542773 894856.021134 627905.9047407 652889.83482962 700928.27762036 731824.64253755 566807.19237379 512093.48928554996 521025.70513118 483599.1203513299 495106.3927906 37610.714576140046 0.0 0.0 529983.7981921401 553899.0109837 500836.2384716 512056.503886 -1.0 -1.0 -1.0 -1.0 361768.3810440992 -1.0 -1.0 -1.0 -1.0 -1.0 -1.0 -1.0 -1.0 -1.0 -1.0 -1.0 -1.0 -1.0 -1.0 -1.0 -1.0 -1.0 -1.0 -1.0 -1.0 -1.0 -1.0 -1.0 -1.0 -1.0 -1.0 -1.0 -1.0 -1.0
1271862.298700535 1270331.133804915 1260988.46455529 1455086.305115049 1501135.2480128808 1529555.829783479 1353566.737161109 1485875.1630556048 1402489.8040674988 1101795.1584478358 1043954.8049512099 1044263.9586307269 976203.0889627201 948581.2101725901 855528.949189158 903509.62338507 877158.6408108267 873013.426644039 571340.1342172001 721775.5035832836 742974.5606122499 781819.87431994 708373.5483013401 701300.624630321 657652.415141125 657182.625259158 605711.618040109 598909.378603961 553271.5348505 556274.958722368 517339.162119619 540341.24091481 490191.02498922 -1.0 -1.0 -1.0 -1.0 -1.0 8983.940237279981 -1.0 -1.0 -1.0 -1.0 -1.0 -1.0 -1.0 -1.0 -1.0 -1.0 -1.0 -1.0 -1.0 -1.0 -1.0 -1.0 -1.0 -1.0 -1.0 -1.0 -1.0 -1.0 -1.0 -1.0 -1.0 -1.0 -1.0 -1.0 -1.0
1239706.220148412 1239761.853628964 1234799.586514917 1204477.8216117101 1157707.843832568 1177212.2877209042 1128597.53013166 1316079.2419500612 1361113.6535979593 1342728.7060341581 1034709.0536578589 1147890.87767473 1020399.1505 963773.315986939 904996.546981533 943621.548501 871797.354632 699637.58634486 505645.3788621 564671.8479923 745968.38841069 754112.8968802099 683032.90646916 706787.877859269 658797.7463072151 672706.1843742561 594298.946790024 593787.6908710201 555047.987628271 547826.99460961 516453.874079069 540449.98216164 507835.17108090996 -1.0 -1.0 -1.0 -1.0 -1.0 -1.0 407861.32710597 245453.25098094 400947.304044685 -1.0 -1.0 -1.0 -1.0 -1.0 -1.0 -1.0 351157.490195024 0.0 360050.51588736597 -1.0 -1.0 -1.0 -1.0 -1.0 -1.0 -1.0 -1.0 -1.0 -1.0 -1.0 -1.0 -1.0 -1.0 -1.0 -1.0
1218515.27796851 1265618.79987 1185304.44890872 1222977.224724152 1212620.144728385 1203220.646773064 1154739.8950506211 1063510.90024611 989749.66851429 1357327.2231736083 1308771.2627066541 1223969.8006108494 945909.31593574 951463.62282183 921129.9691525301 941798.381165 870112.958528 763144.9843144601 510079.48444010003 0.0 671273.08192185 755995.14567367 690892.66302398 693307.554817257 674581.801955052 660860.864608334 591402.3586346986 591399.899667877 549445.369896409 550387.94270461 522294.31791742996 534331.98432956 503900.94700581 516549.544011044 -1.0 -1.0 -1.0 -1.0 -1.0 -1.0 -1.0 -1.0 432138.85 -1.0 -1.0 -1.0 -1.0 -1.0 -1.0 294603.746322206 0.0 33256.67328632 -1.0 -1.0 -1.0 -1.0 -1.0 -1.0 -1.0 -1.0 -1.0 -1.0 -1.0 -1.0 -1.0 -1.0 -1.0 -1.0
1190885.76164167 1226299.0664222408 1222756.931973095 1221602.077895432 1180592.9481895908 1171152.043306155 1096581.124253902 1058932.401361871 976545.4239077 1024812.2050068601 1226068.3492633027 1072098.87821956 861656.76690273 919391.006124003 877728.28214219 944837.40659 777807.97764819 688992.818219 428740.8971645 675833.26117195 557560.2553762 775812.8426906031 694468.62656535 710597.48877899 666071.327725625 672684.726787587 623945.2763927401 623145.3056750001 564358.96164327 563169.64637044 528935.6469325101 522977.30934200005 511653.97018961003 534077.20028539 -1.0 -1.0 -1.0 -1.0 -1.0 -1.0 -1.0 -1.0 -1.0 -1.0 -1.0 -1.0 -1.0 -1.0 388257.26633446 185618.44647032995 0.0 0.0 -1.0 -1.0 -1.0 -1.0 -1.0 -1.0 -1.0 -1.0 -1.0 -1.0 -1.0 -1.0 -1.0 -1.0 -1.0 -1.0
1218074.275967453 1233350.19727 1218812.531245873 1185450.19370713 1103075.7088811798 1104040.4235856668 1066103.0590449749 1024341.0832136099 1031045.3407492301 992136.1696251801 923849.8778152999 1048771.8986591499 928808.9768098381 932492.85766253 847997.2212239 760070.4333527 635288.7191442 679159.8886753999 589211.9912157 528258.1586507 276600.3371629 686608.94688063 703386.92579146 709523.598135225 655582.6382265431 668098.1292974531 620521.60195456 612531.819733944 567355.5327588529 558311.83070783 524356.8368671 516629.45164897 514144.71809235995 529653.381987448 -1.0 -1.0 -1.0 -1.0 -1.0 -1.0 -1.0 -1.0 -1.0 -1.0 -1.0 -1.0 -1.0 473160.12179048 357567.28009439004 269070.25542673003 0.0 216258.75070518 334995.63539565 -1.0 -1.0 -1.0 -1.0 -1.0 -1.0 -1.0 -1.0 -1.0 -1.0 -1.0 -1.0 -1.0 -1.0 -1.0
1211018.62009 1185308.601291377 1196114.6560949867 1203649.37118 1157883.7550219768 1064207.13795665 1037149.2545839199 1051284.28440911 940217.2437919001 967569.3304037 993078.07672005 1065852.1585278772 1023415.630197232 941196.4805897 690201.7360073 659342.7580021 615769.6132423 884688.975411387 805009.5471396301 598236.3071988 562381.0562928 515936.991872 474198.09826410003 725875.26578808 681098.162468053 685627.1606578201 619225.92783725 625052.139253826 581326.1546329501 583040.95167193 565953.2004712401 541682.53281243 524845.47011033 546204.76904155 -1.0 -1.0 -1.0 -1.0 -1.0 -1.0 -1.0 -1.0 -1.0 -1.0 -1.0 -1.0 -1.0 494016.68555261195 55013.72103088995 334001.63111191 356952.78337032 366370.22059724 166607.62461056 -1.0 -1.0 -1.0 -1.0 -1.0 -1.0 -1.0 -1.0 -1.0 -1.0 -1.0 -1.0 -1.0 -1.0 -1.0
1167402.35411168 1132509.85416625 1177181.09808228 1200935.86735 1173976.08925 1089657.35329107 1036049.68770633 946881.8582008999 957567.9356006 928108.2900139999 1049495.10892403 1071038.71601 963619.56868243 957984.6217687799 919689.89653141 931042.9700565301 875759.547795057 865276.648425316 810743.39692361 799714.69980312 760436.2045692999 586316.5871598 456476.4588759 510825.75971959997 665850.25893648 668778.329898 616064.03667701 617515.51608782 591659.1111634601 581002.50956098 555796.74705678 0.0 545534.98716517 545869.4952136499 -1.0 -1.0 -1.0 -1.0 -1.0 -1.0 -1.0 -1.0 -1.0 -1.0 -1.0 -1.0 502854.209601294 210429.63580241008 0.0 38331.79739999003 342533.32966464997 320690.57615251996 0.0 -1.0 -1.0 -1.0 -1.0 -1.0 -1.0 -1.0 -1.0 -1.0 -1.0 -1.0 -1.0 -1.0 -1.0 -1.0
