critload/trunk/output/1999/nue.asc
ncols 720
nrows 360
xllcorner -180.0
yllcorner -90.0
cellsize 0.5
NODATA_value -9999.0
[rows 135 to 161 of 360, columns 420 to 479 of 720]
-9999.0 -9999.0 -9999.0 -9999.0 -9999.0 -9999.0 -9999.0 -9999.0 -9999.0 -9999.0 -9999.0 -9999.0 -9999.0 -9999.0 -9999.0 -9999.0 -9999.0 -9999.0 0.45787064858851356 0.6915166817005072 0.6194842055116534 0.6640108279788175 0.6913471473061429 0.6913493395629119 0.6569485228332117 -9999.0 0.6911952469592407 0.6911955458604896 0.6912428788103984 0.6912428914346908 0.6913714061650362 0.6913729089909969 0.36520646846806853 0.2140879737800713 0.6520111474302629 0.6918726400551757 0.6921105608627541 0.6921079071187657 -9999.0 -9999.0 -9999.0 -9999.0 -9999.0 -9999.0 -9999.0 -9999.0 -9999.0 -9999.0 -9999.0 -9999.0 0.623711914782572 -9999.0 -9999.0 -9999.0 -9999.0 0.6327053295922934 0.5874875990487554 0.49216355577287557 0.450179482917531 -9999.0
-9999.0 -9999.0 -9999.0 -9999.0 -9999.0 -9999.0 -9999.0 -9999.0 -9999.0 -9999.0 -9999.0 -9999.0 0.6296132757387389 -9999.0 -9999.0 -9999.0 -9999.0 -9999.0 0.49469161184096255 0.5025408119730965 0.6785171444294813 0.6082644847031415 0.691585366653741 0.5920084687425249 0.671866221902332 0.6913711811850238 0.6912071531990611 0.6912074145275502 0.6911713327071394 0.6911719296133368 0.6911956597323833 0.6911950252868535 0.32532118256408443 0.3269658783409212 0.6914492403712127 0.6914512223537908 0.6915618682365001 -9999.0 -9999.0 -9999.0 -9999.0 -9999.0 -9999.0 -9999.0 -9999.0 -9999.0 -9999.0 -9999.0 -9999.0 -9999.0 -9999.0 0.6913275775099892 -9999.0 -9999.0 -9999.0 -9999.0 -9999.0 -9999.0 0.6326460932671619 -9999.0
-9999.0 -9999.0 -9999.0 -9999.0 -9999.0 -9999.0 -9999.0 -9999.0 -9999.0 -9999.0 -9999.0 -9999.0 -9999.0 -9999.0 -9999.0 -9999.0 -9999.0 -9999.0 0.5980696933558535 0.6345595330036935 0.5323847199168469 0.48715355263173654 0.6915884450152527 0.6011639724384751 0.691372047745713 0.5565918252245708 0.6912066738328245 0.6912077608207348 0.6911714184092045 0.6911704474472506 0.6911955386628058 0.5817768192339626 0.24689070116255077 0.6912898713822251 0.6914503071857304 0.6914411645024428 -9999.0 -9999.0 -9999.0 -9999.0 -9999.0 -9999.0 -9999.0 -9999.0 -9999.0 -9999.0 -9999.0 -9999.0 -9999.0 -9999.0 0.6913251815181528 0.6913251249995498 -9999.0 -9999.0 -9999.0 -9999.0 -9999.0 -9999.0 -9999.0 -9999.0
0.6179671870516686 -9999.0 -9999.0 -9999.0 -9999.0 -9999.0 -9999.0 -9999.0 -9999.0 -9999.0 -9999.0 -9999.0 0.6296124733209528 0.6296151473415975 -9999.0 -9999.0 -9999.0 -9999.0 0.6919027193394572 0.5980636440626526 0.5954370561029929 0.6919210653127138 0.5910758213201139 0.6917893197021657 0.6531162970133244 0.6915305326879505 0.6912787724716443 0.6912795797591876 0.6911473567289272 0.298894193344116 0.24897018383297082 0.3266460939287662 0.6911082439559223 0.6911083173741034 -9999.0 -9999.0 -9999.0 -9999.0 -9999.0 -9999.0 -9999.0 -9999.0 -9999.0 -9999.0 -9999.0 -9999.0 -9999.0 -9999.0 -9999.0 -9999.0 0.6317006610048481 0.6317014092631983 0.6317894044415981 -9999.0 -9999.0 -9999.0 0.6321785768283354 0.6321780791591476 -9999.0 -9999.0
0.6289304371062842 0.6284600459539902 -9999.0 -9999.0 -9999.0 -9999.0 -9999.0 -9999.0 -9999.0 -9999.0 -9999.0 -9999.0 -9999.0 0.6296150698775596 0.629681608200715 -9999.0 -9999.0 -9999.0 -9999.0 0.691902842580903 0.539983328203298 0.5386692148599443 0.6667172181852472 0.640631476799372 0.4559535810389011 0.3860356137229286 0.6912791140128564 0.6912800491645977 0.5177548636119929 0.21095284500408398 0.22328037257425104 0.2883487619180571 0.6910993347007429 0.6910984142178631 -9999.0 -9999.0 -9999.0 -9999.0 -9999.0 -9999.0 -9999.0 -9999.0 -9999.0 -9999.0 -9999.0 -9999.0 -9999.0 -9999.0 -9999.0 -9999.0 0.6317013257378236 -9999.0 -9999.0 -9999.0 -9999.0 -9999.0 -9999.0 0.6361258228386032 -9999.0 -9999.0
0.6145640534700505 0.625205884097649 -9999.0 -9999.0 -9999.0 -9999.0 0.624537576244811 -9999.0 -9999.0 -9999.0 -9999.0 0.6293660414818772 0.6295248056890961 0.6297038159722296 0.6298614952342915 -9999.0 -9999.0 -9999.0 -9999.0 -9999.0 -9999.0 0.29708988784659535 0.6919646118193371 0.541338026857086 0.6130670451718959 0.6916835536180973 0.6914063555104006 0.6914068963399193 0.6911835026150377 0.5897218747944545 0.40725260434117594 0.691036466787607 -9999.0 -9999.0 -9999.0 -9999.0 -9999.0 -9999.0 -9999.0 -9999.0 -9999.0 -9999.0 -9999.0 -9999.0 -9999.0 -9999.0 -9999.0 0.6313109376005756 0.6313109648613907 0.6313110271604796 -9999.0 -9999.0 -9999.0 -9999.0 -9999.0 -9999.0 -9999.0 -9999.0 -9999.0 -9999.0
0.6160022881211956 0.6138700374097713 -9999.0 -9999.0 -9999.0 -9999.0 0.626059022745812 0.6284812010708658 -9999.0 -9999.0 0.6293644925139031 0.6293648431217915 0.6297035422793307 -9999.0 0.6298621897767543 -9999.0 -9999.0 -9999.0 -9999.0 -9999.0 -9999.0 -9999.0 0.32666072944529395 0.4821376137810054 0.6916829193751262 0.687073823625434 0.6768845477496326 0.6914068486619803 0.6911824348916151 0.6911941778128956 0.691035786153364 -9999.0 -9999.0 -9999.0 -9999.0 -9999.0 -9999.0 -9999.0 -9999.0 -9999.0 -9999.0 -9999.0 -9999.0 -9999.0 0.6908713533181318 0.6312504078812297 0.6313139305312032 0.6313110429517389 -9999.0 -9999.0 -9999.0 -9999.0 -9999.0 0.6314621908112839 -9999.0 -9999.0 -9999.0 -9999.0 -9999.0 -9999.0
-9999.0 0.6182913901597868 -9999.0 0.6253904822614369 0.6274260985539197 -9999.0 -9999.0 0.6270278044861108 -9999.0 -9999.0 -9999.0 0.6297491246767852 0.6299959110087594 0.6299971293559733 0.6303319141698716 0.6084083656859415 -9999.0 -9999.0 -9999.0 -9999.0 -9999.0 -9999.0 0.2439906792955508 0.5784854099260428 0.6919148536511828 0.6919152304421926 0.6916607602121719 0.691662997638017 0.6913717953015861 0.6913813703734106 0.6911471597205915 -9999.0 -9999.0 -9999.0 -9999.0 -9999.0 -9999.0 -9999.0 0.6909088913826061 0.6908977370385909 0.6909092382712073 0.6909095342476473 0.6567650074951196 0.6567637724118816 0.6312806062728206 0.6312808392961251 0.6313116723298412 0.6313095517319952 -9999.0 -9999.0 -9999.0 -9999.0 0.6355062779176532 0.6355069130398795 0.6357908648766768 -9999.0 -9999.0 -9999.0 -9999.0 -9999.0
-9999.0 0.6166881840463642 0.6235547077083715 0.6245294289419414 -9999.0 -9999.0 -9999.0 0.6233645176579711 -9999.0 -9999.0 0.6295698465279335 0.6295690675463756 0.6298180524688148 0.6298167146845084 0.630331493415735 0.6099643340544278 0.6308161728727434 -9999.0 -9999.0 -9999.0 -9999.0 -9999.0 0.5497418842963409 0.6785658068279624 0.6919151111475367 0.5449286912733368 0.6916643684133552 0.6916626683880132 0.6913718570074384 0.6913825829765072 0.6911492130838613 0.6911474052001784 -9999.0 -9999.0 -9999.0 -9999.0 0.6908975497681027 0.6908846843405629 0.6908975260825576 0.6567648547256584 -9999.0 -9999.0 -9999.0 -9999.0 -9999.0 -9999.0 0.6313092295373199 -9999.0 0.6313087014540458 0.6313092295373199 0.6313413841323745 0.6313418090282239 0.6315219539334689 -9999.0 -9999.0 -9999.0 -9999.0 -9999.0 -9999.0 -9999.0
-9999.0 -9999.0 0.6199809604701279 -9999.0 -9999.0 0.6295236788972897 0.629658078979454 0.6078964646673082 0.624134666599392 0.629862734486277 0.6300865776433572 0.6300863886517579 0.6303552567372477 0.6303513734038833 0.6260841877953077 0.6295560036343342 0.631209324595489 0.6432153513344129 -9999.0 -9999.0 -9999.0 -9999.0 -9999.0 0.5876770111633443 0.2815011625642875 0.533607219033523 0.6920631430217654 0.6920618759211437 0.6182175692943692 0.6124179400004904 0.6913728897349327 0.6913721584328854 0.6910867715052287 0.691085907630197 -9999.0 0.6909853432290175 0.65695004205183 0.6569492883402879 0.6570420463039431 -9999.0 -9999.0 0.6571018033350606 0.6570705323023646 0.6570705323023646 0.6570107141887932 0.6315499923492309 0.6315528233618404 0.6315528233618404 0.6315528233618404 0.6315522145793617 0.6316119525311872 0.6355929205643098 0.6357328123288536 -9999.0 -9999.0 -9999.0 -9999.0 -9999.0 -9999.0 -9999.0
-9999.0 0.6290671851993277 -9999.0 -9999.0 -9999.0 -9999.0 0.6296578389086916 0.6060665825256919 0.6290320510675219 0.6254203028958711 0.6300849152057254 0.6300862255247156 0.6303520582145621 0.6303530883018117 0.6308414477101996 0.6427771698825859 0.6433067294659053 0.6432136992330394 -9999.0 -9999.0 -9999.0 -9999.0 -9999.0 -9999.0 0.32197933723879646 0.20019810537959026 0.594593179875887 0.5826033978597213 0.6332620197800977 0.6916950900398262 0.6856060109947599 0.6913714182132031 0.6910857102344873 0.6910878441969612 0.6569488401517994 0.6569469958779355 0.656949826888145 0.656949669995202 0.6570411513459876 0.6570417500233448 0.6571031558421007 0.6571027764303423 0.6570728109837621 0.6570701033093782 0.6570089596655428 0.6315529003415264 0.631552360863343 0.6315524735459027 0.48516408997643634 0.6315527376960063 0.631611661263347 -9999.0 -9999.0 -9999.0 -9999.0 -9999.0 -9999.0 -9999.0 -9999.0 -9999.0
-9999.0 0.6297720302918018 0.6300857815508121 0.6300857815546647 0.6305509834947801 0.6107195782642901 0.6152774857147786 0.6155872864121846 0.6308810573269396 0.6308794043236247 0.631163289824377 0.6311637650144442 0.6314646567477359 0.6314672402071501 0.6437716298460053 0.6440425899291481 0.6434062953933369 0.6442154496353873 0.6445947583164714 -9999.0 -9999.0 -9999.0 -9999.0 -9999.0 0.6926091210479094 0.20958397327268172 0.4314685462867492 0.5471308828558828 0.6417707945219425 0.6396504686844262 0.6846449784148809 0.6917473954021155 0.6913140204793653 0.6913139753391311 0.657465455624901 0.657465056070444 0.657436923889485 0.6574338724447499 0.6574953758438361 0.6574953928249366 0.6575556529309041 0.657554485664044 0.6574659790874425 0.6574667996649322 0.6573125269504967 0.6573161467510606 0.631791948012981 0.621948488404616 -9999.0 -9999.0 -9999.0 -9999.0 -9999.0 -9999.0 -9999.0 -9999.0 -9999.0 -9999.0 -9999.0 -9999.0
0.6297730516870216 0.6297745637361782 0.6300841324257462 0.6300879455716314 0.6305537166986359 0.6085434045136593 0.6306195438418689 0.6306178466067913 0.6308806743010187 0.6309357446110434 0.6312172823167144 0.6312157785434934 0.5946692183316545 0.6314639967017135 0.6440431880416861 0.6440431880416861 0.6408772552986595 0.6335346842842613 0.6172710917594627 -9999.0 -9999.0 -9999.0 -9999.0 -9999.0 -9999.0 0.4935852259149066 0.5317478431116665 0.5574410847311377 0.4943908554927524 0.4002720490824722 0.6917485015031085 0.6917477243828767 0.6913140838684773 0.657793721944937 0.6574650139062265 0.6574645125588964 0.6574356670916579 0.6532555365031816 0.6444273966710001 0.6574934893658451 0.657555286571236 0.6575544924936726 0.6574636533978201 0.6574649879314738 0.6573136972708434 0.6587309132248903 -9999.0 -9999.0 -9999.0 -9999.0 -9999.0 -9999.0 -9999.0 -9999.0 -9999.0 -9999.0 -9999.0 -9999.0 -9999.0 -9999.0
0.6309225651759652 0.630924359268658 0.6312920319572595 0.6312920021358057 0.6242604705429509 0.6075827522541974 0.6322137482580213 0.6320923203899966 0.6324470286704145 0.6324480638082712 0.597227681767693 0.6171916713901443 0.6097546581864902 0.6308039271645858 0.6440912331372053 0.6346379948819983 0.6376796083385693 0.6369507136481074 0.6033452462247749 -9999.0 0.6451256937938444 -9999.0 -9999.0 -9999.0 -9999.0 0.5515892930775581 0.48940404534461873 0.45250440625572097 0.4325916411732769 0.6324016886661663 0.386515981762667 0.280318320841537 0.6587724829133784 -9999.0 0.6583165346021043 0.6572179712378896 0.6417638836325322 0.618642617535851 0.6524153920339049 0.6580274566699698 0.6579978115433669 0.6579990681686478 0.6577918449391915 0.6577907723788595 0.6576134437627349 -9999.0 -9999.0 -9999.0 -9999.0 -9999.0 -9999.0 -9999.0 -9999.0 -9999.0 -9999.0 -9999.0 -9999.0 -9999.0 -9999.0 -9999.0
0.6309246753960724 0.6309251634659736 0.6312925418731283 0.6314676613961498 0.6118986600768348 0.510236806908506 0.6123644626943459 0.6320912762427413 0.6272178106478506 0.6305860023132512 0.6192238647891194 0.5184416258245204 0.6319183093928723 0.5721417561361711 0.613878890953463 0.6317766505679455 0.6422288599049979 0.558507364433657 0.6328701369885366 0.61946203876259 0.6451252632689992 -9999.0 -9999.0 -9999.0 -9999.0 0.6272043945902117 0.4706286368442539 0.57854218739429 0.35006188467626836 0.6425654834361479 0.5416000829318012 0.5963110840592599 0.6587722833245042 0.6587724869453421 0.6583173989214598 0.6527340376061701 0.6571358336388119 0.6572973026381607 0.6567608582957244 0.6580283461035377 0.6571125076257079 0.6579977818962527 0.657791984768244 0.6483457548220989 -9999.0 -9999.0 -9999.0 -9999.0 -9999.0 -9999.0 -9999.0 -9999.0 -9999.0 -9999.0 -9999.0 -9999.0 -9999.0 -9999.0 -9999.0 -9999.0
0.6327481355585588 0.6327464959362801 0.6331809300943652 0.6333507689407702 0.6042816265561062 0.452941533611663 0.44420744032931575 0.6296043208712553 0.6342393154875889 0.6338366746180293 0.6227668320526969 0.6351320581367267 0.6219694703068555 0.5249143307996019 0.5763884547226603 0.3324652302429981 0.3865299978936787 0.49397052206277187 0.5412298907670274 0.6468365502642067 0.6388739015743466 0.6456539247794371 0.6458099130029578 -9999.0 -9999.0 0.663934055606835 0.432827146250153 0.6160929927948425 0.2644133897795549 0.6032513275418571 0.6555650908730216 0.641192178928336 0.6520837212042537 0.6598702513877751 0.6592467342217135 0.6592366946720589 0.6588580936838855 0.6587576691402514 0.6450290324758305 -9999.0 0.6537166030055035 -9999.0 -9999.0 -9999.0 -9999.0 -9999.0 -9999.0 -9999.0 -9999.0 -9999.0 -9999.0 -9999.0 -9999.0 -9999.0 -9999.0 -9999.0 -9999.0 -9999.0 -9999.0 -9999.0
0.6329212029797657 0.6329190074145443 0.6333504784931984 0.6216653344968323 0.6114328569457712 0.4109708396198226 0.45037739626369255 0.49850877808494376 0.5915295777097417 0.5481578365521319 0.5114451432378058 0.5434129004715605 0.5666012411047578 0.5748602107600762 0.5813156036815836 0.5324839054085289 0.5636816989441916 0.5300479839663716 0.5570316342448765 0.6128350117459995 0.6146477701815776 0.6456536795319927 0.6455829770470501 0.6458095110108033 -9999.0 -9999.0 0.42054625003024715 0.5705548428074385 0.40988699586572863 0.419023320382057 0.6418990853732872 0.6362866058603963 0.6575044170503204 0.6590250570366794 0.6592443905671794 0.6592454659900506 0.6449385529697453 0.6588571166828169 -9999.0 -9999.0 -9999.0 -9999.0 -9999.0 -9999.0 -9999.0 -9999.0 -9999.0 -9999.0 -9999.0 -9999.0 -9999.0 -9999.0 -9999.0 -9999.0 -9999.0 -9999.0 -9999.0 -9999.0 -9999.0 -9999.0
0.6309559896933989 0.6352855509183243 0.6357804426991857 0.6259258631475157 0.6104699816775744 0.5286215870671584 0.5995833667903034 0.49588410619470863 0.5518592968732181 0.506951557019294 0.5160351899881765 0.4641448661665994 0.5538461353155193 0.6021290053911122 0.6133309576654542 0.580923540048427 0.5716157152215106 0.5229000960496186 0.5555437871566756 0.5876847392098085 0.6151973773862515 0.6153802795171753 0.6459079966851057 0.6459080773371924 0.6459497947745465 0.6638217278105167 0.5565414045265279 0.6012668209705707 0.5252656308389414 0.5892107997658228 0.6393711925771378 0.6504753082887975 0.6581866983076748 0.6478607955190921 0.6601600593124871 0.6545677007258086 -9999.0 -9999.0 -9999.0 -9999.0 -9999.0 -9999.0 -9999.0 -9999.0 -9999.0 -9999.0 -9999.0 -9999.0 -9999.0 -9999.0 -9999.0 -9999.0 -9999.0 -9999.0 -9999.0 -9999.0 -9999.0 -9999.0 -9999.0 -9999.0
0.6223355158298954 0.6339245734046259 0.628078365874158 0.6294753255913195 0.6350844555854427 0.6012730999763777 0.5249278660335135 0.4980858460625617 0.42776737517399355 0.4030593449194913 0.3622653276611999 0.4872591329313317 0.5301884890300016 0.6177232508678316 0.6161219981211408 0.5944409847844359 0.6034628554407258 0.605414489508961 0.5660407630466564 0.5862408485505002 0.6151963795106745 0.6153797338824518 0.6150005818167427 0.6459081432380475 0.6457227515269773 0.6459499012388498 0.5853410327108463 0.6629031636169769 0.6404775240037692 0.592169897328152 0.5456979759280749 0.6629787836502306 0.6622797677488027 0.5340494674048427 -9999.0 -9999.0 -9999.0 -9999.0 -9999.0 -9999.0 -9999.0 -9999.0 -9999.0 -9999.0 -9999.0 -9999.0 -9999.0 -9999.0 -9999.0 -9999.0 -9999.0 -9999.0 -9999.0 -9999.0 -9999.0 -9999.0 -9999.0 -9999.0 -9999.0 -9999.0
0.6279361960179449 0.6023764213736923 0.5741812972641044 0.5960254183171029 0.633225679014468 0.6244618683455118 0.5199679759843143 0.4091372644334983 0.44143546519922156 0.5302227413998369 0.5126470393419095 0.5819106621361051 0.5822087917275762 0.6197051246330639 0.5569430334831701 0.5561152618227044 0.5958542926982138 0.6114208665547666 0.5854570326542023 0.5763874058141593 0.6160703870442031 0.6160674117155694 0.6153942660421037 0.6153935935617159 0.6458622714736802 0.6458623188328242 0.6378235891289507 0.6624639250848984 0.6528550866849915 0.6134351809609764 0.6631357899345753 -9999.0 -9999.0 -9999.0 -9999.0 -9999.0 -9999.0 -9999.0 -9999.0 -9999.0 -9999.0 -9999.0 -9999.0 -9999.0 -9999.0 -9999.0 0.6595040659687258 0.6595034791427761 0.6594751668244785 -9999.0 -9999.0 -9999.0 -9999.0 -9999.0 -9999.0 -9999.0 -9999.0 -9999.0 -9999.0 -9999.0
0.6002228595322526 0.6044439687448491 0.5686293837787169 0.5924532221151981 0.6227497423402951 0.6313695888296723 0.4492566417222878 0.48502538643176896 0.43208877293393017 0.5742887841708834 0.6405749922961937 0.6197629611633501 0.6091549549920916 0.5671743401999644 0.39364249814704616 0.42432818117611837 0.5966749744538641 0.6030897768783876 0.5836817724008233 0.5928900312377129 0.6160698942530832 0.6160680587384398 0.6153927980124339 0.615394457477115 0.6352894802493376 0.6373554885498445 0.637055100007267 -9999.0 -9999.0 -9999.0 -9999.0 -9999.0 -9999.0 -9999.0 -9999.0 -9999.0 -9999.0 -9999.0 -9999.0 -9999.0 -9999.0 -9999.0 -9999.0 -9999.0 -9999.0 -9999.0 -9999.0 0.6595019772312422 0.6594758468125849 -9999.0 -9999.0 -9999.0 -9999.0 -9999.0 -9999.0 -9999.0 -9999.0 -9999.0 -9999.0 -9999.0
0.6037348862991989 0.5800844844229138 0.550105050919666 0.5623706025303281 0.5553642151533434 0.6180723707381675 0.46842575319636875 0.43776550206195597 0.4508619092737862 0.5428327366939368 0.6206745602289807 0.62099274731921 0.6198270633940414 0.5553651503507265 0.47186798272738584 0.420172259969687 0.47600169008970294 0.5973878292327062 0.5403932995872748 0.5956732349653732 0.6071456187593613 0.6166506455857939 0.6055014382410265 0.6118745746529667 0.6367784894329229 0.6374098007501809 0.6370196747897667 -9999.0 -9999.0 -9999.0 -9999.0 -9999.0 -9999.0 -9999.0 -9999.0 -9999.0 -9999.0 -9999.0 -9999.0 -9999.0 -9999.0 -9999.0 0.6343882589674132 -9999.0 -9999.0 -9999.0 -9999.0 -9999.0 -9999.0 -9999.0 -9999.0 -9999.0 -9999.0 -9999.0 -9999.0 -9999.0 -9999.0 -9999.0 -9999.0 -9999.0
0.6123832020243867 0.6113683508258114 0.5447882559309114 0.594374431041757 0.6115792456427995 0.537821651910129 0.5506335438956719 0.5624042770614457 0.49742979505872303 0.5582260209841116 0.6189360410048855 0.6129795511341262 0.6106207708444936 0.48966051137592975 0.44044574358279376 0.4613175883905326 0.576669368435554 0.5784116509824425 0.6011925497850014 0.5290123415982219 0.6165724373130518 0.6139555097506018 0.6099594263741009 0.6147803148504126 0.6374100911990709 0.6374102043799346 0.63645659585417 0.6373350083650781 -9999.0 -9999.0 -9999.0 -9999.0 -9999.0 -9999.0 -9999.0 -9999.0 -9999.0 -9999.0 -9999.0 0.6342893630672244 -9999.0 -9999.0 0.6343861227623921 -9999.0 -9999.0 -9999.0 -9999.0 -9999.0 -9999.0 -9999.0 -9999.0 -9999.0 -9999.0 -9999.0 -9999.0 -9999.0 -9999.0 -9999.0 -9999.0 -9999.0
0.6029734884981683 0.6195737841566625 0.6084252020587143 0.6214200495505852 0.6061044189664178 0.6263552818599362 0.5794078365303775 0.6198912288147541 0.6177984325129002 0.6067036997709488 0.6220563638468116 0.5973142561364112 0.5900441571761619 0.45370146801233585 0.4180792012309807 0.5155065524805198 0.5247455933177897 0.5299852333680393 0.5741708926854443 0.5430610331716685 0.5892514815208216 0.617329465703657 0.6160821196548621 0.6161515323514203 0.6152537623844127 0.615253618752452 0.6373114486256622 0.6370839626424392 0.636703342923981 -9999.0 -9999.0 -9999.0 -9999.0 -9999.0 0.6346980890270286 0.6347594878083512 0.6344418374226148 0.6344426519206556 -9999.0 0.6342152588654996 -9999.0 -9999.0 0.6343210272628756 -9999.0 -9999.0 -9999.0 -9999.0 -9999.0 -9999.0 -9999.0 -9999.0 -9999.0 -9999.0 -9999.0 -9999.0 -9999.0 -9999.0 -9999.0 -9999.0 -9999.0
0.6299174408347697 0.6239495059954803 0.6252656188999905 0.6325553010645137 0.6177170630094602 0.5882815952950446 0.5793613542276105 0.6181485266426208 0.6165038796116712 0.5966385720141558 0.6193231082152224 0.6075866403626977 0.6054782554414129 0.5942550252882004 0.5487670823198103 0.4237697150314338 0.5098534533189213 0.5425581430897016 0.5180007570415615 0.5169541504306355 0.5995775032826219 0.6172653744432038 0.6160824721755367 0.6160837488648685 0.61511734649163 0.6152543871509445 0.6352023036598878 0.6370859816999553 0.6364304376843652 0.6364298003642983 0.6358061529753632 0.635802371714967 0.6351679750840612 0.6351670237737445 0.6347588255557273 0.6347581465251916 0.63444199797622 0.63444267092421 0.6342154700177202 -9999.0 -9999.0 -9999.0 0.6343205572545161 -9999.0 -9999.0 -9999.0 -9999.0 -9999.0 -9999.0 -9999.0 -9999.0 -9999.0 -9999.0 -9999.0 -9999.0 -9999.0 -9999.0 -9999.0 -9999.0 -9999.0
0.6277089980535596 0.6388464587549438 0.6339842026032625 0.6270895696748437 0.6140237284544736 0.6111535553434778 0.613007046960223 0.6317912662369605 0.6198036278178279 0.6142008818475152 0.5742496932629743 0.6157619162999571 0.598564203461705 0.5662970457178137 0.48889814836669837 0.5587378197588381 0.5192369385840166 0.4439945780714596 0.45352381084120974 0.5090642415098108 0.6176160556697893 -9999.0 0.6163531118275835 0.6156258604528969 0.6101592533362429 0.61219571639807 0.5176382721885705 0.5488099702008228 0.6076327384263076 0.6323065810437483 0.6264278654874921 0.6324211035822145 0.6350962873750096 0.6350941458533701 0.6346519102809378 0.6347135466744118 0.6343959967094533 0.6343977236318558 0.6341916278092681 0.6341295780496953 -9999.0 -9999.0 -9999.0 -9999.0 -9999.0 -9999.0 -9999.0 -9999.0 -9999.0 -9999.0 -9999.0 -9999.0 -9999.0 -9999.0 -9999.0 -9999.0 -9999.0 -9999.0 -9999.0 -9999.0
0.6363985369576346 0.6320202424808109 0.6349156610375627 0.636152455947005 0.6297888374723606 0.6331562617544098 0.6361377429651219 0.6335538263760909 0.6040629300510072 0.5376507030070311 0.5142132670569386 0.5041925649994476 0.6070503293586668 0.5870142294212322 0.5488557510390455 0.5367012583771463 0.5406525773813824 0.5083816481800922 0.4809531648255316 0.595199987370033 0.6169625716625581 0.584261013211447 0.5385910318714802 0.5540463630026472 0.5579189892798967 0.5872334169435146 0.5947148389138898 0.5394920273654792 0.6335688841671845 0.6365329363501956 0.6357794561243947 0.6355277718222451 0.6288100889485381 0.6350334325496696 0.6346515507902074 0.6346527006914021 0.6343350139472538 0.6343971414177787 0.6341922564616017 0.6341284476501292 0.6340151256665449 -9999.0 -9999.0 -9999.0 -9999.0 -9999.0 -9999.0 -9999.0 -9999.0 -9999.0 -9999.0 -9999.0 -9999.0 -9999.0 -9999.0 -9999.0 -9999.0 -9999.0 -9999.0 -9999.0
