critload/trunk/output/1999/nue.asc
ncols 720
nrows 360
xllcorner -180.0
yllcorner -90.0
cellsize 0.5
NODATA_value -9999.0
[rows 189 to 215 of 360, columns 360 to 419 of 720]
-9999.0 -9999.0 -9999.0 -9999.0 -9999.0 -9999.0 -9999.0 -9999.0 -9999.0 -9999.0 -9999.0 -9999.0 -9999.0 -9999.0 -9999.0 -9999.0 -9999.0 -9999.0 -9999.0 -9999.0 -9999.0 -9999.0 -9999.0 0.7947945250404467 0.7481671282196812 0.6712593557347295 0.7133014853386762 0.720269769354918 0.6915563460944213 0.7356983585924218 0.7235423944360034 0.6957402329859329 0.6908338165120607 0.7015085192512022 0.7401792416589904 0.7570231964978928 0.7251398316237451 0.7464900632109909 0.7132384524946358 0.7357522441861353 0.7122945493496412 0.7083324988481412 0.7598355284491324 0.7822152527507461 0.79693807939719 0.7586475877763558 0.8052026003277959 0.6995293275662494 0.7021131742198365 0.7010920591706126 0.7066919689109158 0.6989971641107277 0.7502740142263647 0.7301848365459603 0.7668934685069901 -9999.0 0.6918965599298947 0.6987504630075052 -9999.0 0.6630661450049087
-9999.0 -9999.0 -9999.0 -9999.0 -9999.0 -9999.0 -9999.0 -9999.0 -9999.0 -9999.0 -9999.0 -9999.0 -9999.0 -9999.0 -9999.0 -9999.0 -9999.0 -9999.0 -9999.0 -9999.0 -9999.0 -9999.0 -9999.0 -9999.0 0.6692833045633638 0.8140106311717984 0.7226857748056703 0.7378181952744891 0.6938470186545602 0.704095356754828 0.7205582524431079 0.6884151340417848 0.6886976870941633 0.6887122302042374 0.7052590302588895 0.6940945316318927 0.7197629007409257 0.7253144886076307 0.6906348814207469 0.6944027447924841 0.7143727537221253 0.7141254356717985 0.7558950849681084 0.7784388562102117 0.7831127101325001 0.7463046316183074 0.7195877731400951 0.6949200422025075 0.7131645949566284 0.704138789438223 0.6923863124864521 0.7701418878285294 0.7118358701498373 0.7579932704646093 0.7975609818078793 0.6870788928843302 0.686795424474617 0.6867945623262329 0.6864992541315751 0.658623904072413
-9999.0 -9999.0 -9999.0 -9999.0 -9999.0 -9999.0 -9999.0 -9999.0 -9999.0 -9999.0 -9999.0 -9999.0 -9999.0 -9999.0 -9999.0 -9999.0 -9999.0 -9999.0 -9999.0 -9999.0 -9999.0 -9999.0 -9999.0 -9999.0 0.6657065071644314 0.7710203977946524 0.7299446399279881 0.719478414338884 0.7355434307747665 0.6851148839001809 0.6943754333978576 0.6882465794876478 0.7758637011447547 0.7084525570780008 0.7092311162988616 0.6996978666419074 0.7064039034379036 0.6930490610028106 0.7356475792176776 0.7296892956243642 0.7338521381682998 0.7084354661411728 0.7318737239073235 0.7206542606524523 0.7659149257110625 0.7336112613140622 0.7448948229270252 0.7707900444748319 0.7215534572627386 0.7103753375884504 0.7083098892066864 0.7164485651813665 0.7560025053110673 0.7255956735251797 0.7021792258109678 0.6913288129393441 0.7272964574583874 0.8322195649543492 0.7051373449363719 0.6599931476662526
-9999.0 -9999.0 -9999.0 -9999.0 -9999.0 -9999.0 -9999.0 -9999.0 -9999.0 -9999.0 -9999.0 -9999.0 -9999.0 -9999.0 -9999.0 -9999.0 -9999.0 -9999.0 -9999.0 -9999.0 -9999.0 -9999.0 -9999.0 -9999.0 0.6632388191033965 0.6681989323459101 0.6730338496272287 0.6575329905278504 0.6271848401549492 0.6437083927368701 0.6728147091542727 0.6762160162630456 0.6507431974566735 0.7230543457721655 0.7127671805521368 0.7019703838176273 0.7156053692180452 0.6944835189230184 0.7161533818655039 0.703806433699415 0.7263325390374988 0.7669118376969353 0.7557775948302722 0.7406951387336 0.7668670149261788 0.7684425920117949 0.7773770234904998 0.7448163869649229 0.720443361200361 0.7221757939846841 0.7203105733403478 0.7169983576946812 0.7581832135560095 0.7623569455659847 0.7261559245403927 0.7282282825857394 0.7598422846329607 0.6862702495698252 0.7141319246812816 0.6588710688267992
-9999.0 -9999.0 -9999.0 -9999.0 -9999.0 -9999.0 -9999.0 -9999.0 -9999.0 -9999.0 -9999.0 -9999.0 -9999.0 -9999.0 -9999.0 -9999.0 -9999.0 -9999.0 -9999.0 -9999.0 -9999.0 -9999.0 -9999.0 -9999.0 -9999.0 0.6732102904626961 0.661598339644122 0.6637583835839801 0.6577331175268212 0.6520561772064056 0.6761662589862607 0.6749101223527103 0.670169289116028 0.6791750812348893 0.6885479636582121 0.6885322287020259 0.6883257593276099 0.7063895097441095 0.6992699614202963 0.6881262161758539 0.6879598019180759 0.7290945831236576 0.7095911665583483 0.7179891634486609 0.7591837495306482 0.7154474760862456 0.7632907351875028 0.7794540508771592 0.757683628165555 0.7017111387105672 0.7259499871427085 0.7263828953100535 0.8232152422072644 0.7719565672692135 0.7327368267988592 0.7059644795699094 0.6862713491974075 0.6862730387539626 0.685962297550007 -9999.0
-9999.0 -9999.0 -9999.0 -9999.0 -9999.0 -9999.0 -9999.0 -9999.0 -9999.0 -9999.0 -9999.0 -9999.0 -9999.0 -9999.0 -9999.0 -9999.0 -9999.0 -9999.0 -9999.0 -9999.0 -9999.0 -9999.0 -9999.0 -9999.0 -9999.0 0.6739937760916749 0.6619604854645051 0.6665538828335201 0.6526910564631541 0.651872610627226 0.6766031652704807 0.6776805023763963 0.6779665134635483 0.6675698755417142 0.6976642905509616 0.6949640166906997 0.7059945179951592 0.6918305658170586 0.6877726414341897 0.6763396152599632 0.6771780769704226 0.6872692020466316 0.6872434532572261 0.6970160999476378 0.6977932114474937 0.6875258345986012 0.7364194781280596 0.742239346110931 0.7813319044914534 0.6899903614395003 0.7098492995589036 0.74118884517167 0.6865390782881294 0.7312363636211651 0.815588964816402 0.7149650374518401 0.6982217973371961 0.6867216084794505 0.699715880742747 0.7957544220569203
-9999.0 -9999.0 -9999.0 -9999.0 -9999.0 -9999.0 -9999.0 -9999.0 -9999.0 -9999.0 -9999.0 -9999.0 -9999.0 -9999.0 -9999.0 -9999.0 -9999.0 -9999.0 -9999.0 -9999.0 -9999.0 -9999.0 -9999.0 -9999.0 -9999.0 -9999.0 0.6700006798215229 0.6744330947246349 0.658795915877743 0.6347440998848378 0.66827351545813 0.677680222016715 0.6779654179649272 0.6544975500145784 0.6698388168173113 0.6881419225906787 0.6879664947590706 0.6878681782343689 0.6904028095264263 0.6770074331972523 0.6767812235540538 0.6771763858314898 0.6770477834831196 0.6778389535996129 0.6875262582099815 0.687525307074849 0.7752854300762965 0.7325605831645161 0.755144540865592 0.7220078095873891 0.7067470806755789 0.6869119530872854 0.6986797274942782 0.7911539483779191 0.7605823927470596 0.6861584068485785 0.6929472590577951 0.6857856147793933 0.685404615530985 0.7289517263114393
-9999.0 -9999.0 -9999.0 -9999.0 -9999.0 -9999.0 -9999.0 -9999.0 -9999.0 -9999.0 -9999.0 -9999.0 -9999.0 -9999.0 -9999.0 -9999.0 -9999.0 -9999.0 -9999.0 -9999.0 -9999.0 -9999.0 -9999.0 -9999.0 -9999.0 -9999.0 0.6708830377549682 0.6712315004710314 0.6586150445607033 0.665910936378217 0.676477176695145 0.6771041583379138 0.6772064598544693 0.6764906368585394 0.6771382387348573 0.6775974594448546 0.677026236421614 0.6757319250631507 0.6747245740532105 0.6743202498519054 0.6649213078146802 0.6764891364630661 0.6764048829702802 0.6768563185097028 -9999.0 0.8961925123735254 0.7559282265774206 0.6869586661855283 0.6903899993957419 0.7348560653649655 0.723272577666334 0.6944540223978103 0.6993395506412042 0.7854458133579498 0.6937525436289036 0.6859019247673721 0.6855584713463422 0.8438745765125657 0.7179711742850109 0.754438617575551
-9999.0 -9999.0 -9999.0 -9999.0 -9999.0 -9999.0 -9999.0 -9999.0 -9999.0 -9999.0 -9999.0 -9999.0 -9999.0 -9999.0 -9999.0 -9999.0 -9999.0 -9999.0 -9999.0 -9999.0 -9999.0 -9999.0 -9999.0 -9999.0 -9999.0 -9999.0 0.6377269461744043 0.6493342374768091 -9999.0 0.6712637360863424 0.676078713737045 0.6757661594804059 0.6772056750484533 0.6629427452381936 0.6695148134676198 0.677181360466234 0.6768716474757362 0.6741695068588079 0.6731351370310213 0.6766126094351637 0.6764875485420234 0.6765314694062949 0.6742787377445416 0.6768069844809627 0.6870785920409114 0.6870785920409114 0.7084424302071031 0.6901477540344731 0.6868233141008826 0.7348472084409798 0.7411876447243634 0.7644663281201205 0.7158926523242893 -9999.0 0.6859021690337944 0.6859190034651651 0.7360055976787565 0.8297317459731477 0.6884690613300267 0.6670544227515794
-9999.0 -9999.0 -9999.0 -9999.0 -9999.0 -9999.0 -9999.0 -9999.0 -9999.0 -9999.0 -9999.0 -9999.0 -9999.0 -9999.0 -9999.0 -9999.0 -9999.0 -9999.0 -9999.0 -9999.0 -9999.0 -9999.0 -9999.0 -9999.0 -9999.0 -9999.0 0.6710705452147624 0.6628977377960047 0.6736190709793385 0.653490243245084 0.6681775491728472 0.6700380004722267 0.6701728420355174 0.6764749036501478 0.6734436408437587 0.6763746942055653 0.6761932469080951 0.6761468834817445 0.6759162212808886 0.6738553564578988 0.6758140497117723 0.6714988019545396 0.6707296564368393 0.6673522421380962 -9999.0 0.7097998906379526 0.693737161279868 0.7068462082458589 0.7091031323355887 0.6864694693669284 0.7023488398877169 0.7149562264599368 0.7138919325212177 0.6860491886132751 0.7039401071748226 0.6975019716464105 0.8244737738000841 0.6915129752943799 0.663804031925836 0.6648533376840139
-9999.0 -9999.0 -9999.0 -9999.0 -9999.0 -9999.0 -9999.0 -9999.0 -9999.0 -9999.0 -9999.0 -9999.0 -9999.0 -9999.0 -9999.0 -9999.0 -9999.0 -9999.0 -9999.0 -9999.0 -9999.0 -9999.0 -9999.0 -9999.0 -9999.0 -9999.0 0.6726201756298585 0.6736199681999873 0.6720229541824783 0.6583538649783942 0.6736607904555357 0.6763212133634054 0.6752057976119811 0.6764754988877411 0.6711774732944782 0.6688692567836205 0.6745542988992442 0.676192689124231 0.6759168490102772 0.6759165575577273 0.6704550861294734 0.673466332996305 0.672149091299418 0.6759604505101265 0.6865835793002769 0.8122913270938028 0.7492935296999457 0.7829117785784049 0.6974933902676158 0.686466555152495 0.6862837132711036 0.70323439102531 0.7222252896943384 0.7217506659182562 0.7058677173806462 0.6979529140708984 0.5322938353317404 0.6801587323422287 0.6701480813588937 0.6713344169801385
-9999.0 -9999.0 -9999.0 -9999.0 -9999.0 -9999.0 -9999.0 -9999.0 -9999.0 -9999.0 -9999.0 -9999.0 -9999.0 -9999.0 -9999.0 -9999.0 -9999.0 -9999.0 -9999.0 -9999.0 -9999.0 -9999.0 -9999.0 -9999.0 -9999.0 -9999.0 -9999.0 0.6702705366668545 -9999.0 0.6554512000488033 0.6756643986837741 0.6756173468750308 0.6758267318176931 0.6758288720576197 0.6750483178957871 0.6758289289671957 0.6755894383611353 0.6747882013508585 0.6752856494387415 0.6725635824014767 0.6749433756016024 0.6741630123200005 0.6750681155577328 0.6750683451238322 0.6621846883574506 0.7270369821069215 0.7844565730702407 0.6861982203382265 0.8538964893189614 0.7696119433816865 0.68917053518175 0.7123030831361098 0.7708821567436693 0.7054346423649879 0.7077436407511459 0.6856316891555084 0.7055824250695677 0.6830838646298042 0.6677724389499088 0.6670628626788053
-9999.0 -9999.0 -9999.0 -9999.0 -9999.0 -9999.0 -9999.0 -9999.0 -9999.0 -9999.0 -9999.0 -9999.0 -9999.0 -9999.0 -9999.0 -9999.0 -9999.0 -9999.0 -9999.0 -9999.0 -9999.0 -9999.0 -9999.0 -9999.0 -9999.0 -9999.0 -9999.0 0.673652641954113 0.6228549011152504 0.6690466006825636 0.6741495671044831 0.6748924569455386 0.6758276402879588 0.6758736502251526 0.675829057884823 0.6758308015709329 0.6755458492967598 0.6755446686279214 0.6739822735866611 0.6735917623800527 0.672019816329801 0.6746952915256952 0.6738588309418654 0.6750682747538161 0.6446838305784243 0.771901007570946 0.7675761134179667 0.7075810281546275 0.6861075917320092 0.70152367679653 0.7263037440359701 0.7750344408407891 0.7398369232783693 0.8304185711497399 0.762619082775901 0.7047098596952183 0.7161598279327087 0.6824814673550204 0.6666608321922441 0.6643280150691165
-9999.0 -9999.0 -9999.0 -9999.0 -9999.0 -9999.0 -9999.0 -9999.0 -9999.0 -9999.0 -9999.0 -9999.0 -9999.0 -9999.0 -9999.0 -9999.0 -9999.0 -9999.0 -9999.0 -9999.0 -9999.0 -9999.0 -9999.0 -9999.0 -9999.0 -9999.0 -9999.0 0.6496819130045751 0.6685369871556605 0.6717323300288608 0.6667573265425184 0.6744567434936739 0.6735385325318423 0.6724221368397881 0.6752827488163352 0.6752847142830614 0.6749732946570105 0.6749739603949664 0.6735231278585285 0.674410868581894 0.6742687462013561 0.6743684146973506 0.6743382462595348 0.673368706428883 0.673358894092549 0.673130854526423 0.6694565889122538 0.6744220530388585 0.6664663831596448 0.6855210302062524 0.6897757403226733 0.6902152071763001 0.6856834393938919 0.7597268417012527 0.697787196324586 0.7066476388143027 0.6935289886665938 0.6755955195343374 0.6654996197313396 0.6775484204963557
-9999.0 -9999.0 -9999.0 -9999.0 -9999.0 -9999.0 -9999.0 -9999.0 -9999.0 -9999.0 -9999.0 -9999.0 -9999.0 -9999.0 -9999.0 -9999.0 -9999.0 -9999.0 -9999.0 -9999.0 -9999.0 -9999.0 -9999.0 -9999.0 -9999.0 -9999.0 -9999.0 0.6729300251633317 0.6708467793314337 0.669816046700005 0.6735032176600771 0.6746001800742032 0.6744623499110225 0.6620806023072026 0.673384170448437 0.6752849331290978 0.6749737993709296 0.674972413406997 0.6746700879574303 0.6710085003734498 0.6739143744085432 0.6739530427762843 -9999.0 -9999.0 0.674293482217438 0.6735630880413529 0.6743747177048774 0.6744214535616438 0.6618441700485788 0.6606037855530629 0.660763493765612 0.685420590837788 0.6855723268194913 0.685657281661738 0.780995231420871 0.8073210869612929 0.6851773006928953 0.6619818583372354 0.6685349624690112 0.6624325432759132
-9999.0 -9999.0 -9999.0 -9999.0 -9999.0 -9999.0 -9999.0 -9999.0 -9999.0 -9999.0 -9999.0 -9999.0 -9999.0 -9999.0 -9999.0 -9999.0 -9999.0 -9999.0 -9999.0 -9999.0 -9999.0 -9999.0 -9999.0 -9999.0 -9999.0 -9999.0 -9999.0 0.6695632154266772 0.6695614074448452 0.6712879419321767 0.6719405871188322 0.6710403650644556 0.66661000617525 0.6597411680861317 0.6689162172710139 0.6742149305057451 0.6745065328471908 0.6733840727043826 0.6727646126190759 0.6742080765929126 0.6704610749272367 0.6718276825030035 0.6633301385703254 0.660564024053309 0.6724305912180072 0.6740714124907835 0.6741033963243849 0.6741037417912539 0.6600916871515127 0.66019988201827 0.6601578269311883 0.6705424234078808 0.6636771972148251 0.6599859803096085 0.6597240817244858 0.8067970222402712 0.7563029478081089 0.6902306111231802 0.6625808303466735 0.6508793105112658
-9999.0 -9999.0 -9999.0 -9999.0 -9999.0 -9999.0 -9999.0 -9999.0 -9999.0 -9999.0 -9999.0 -9999.0 -9999.0 -9999.0 -9999.0 -9999.0 -9999.0 -9999.0 -9999.0 -9999.0 -9999.0 -9999.0 -9999.0 -9999.0 -9999.0 -9999.0 0.6548253083517821 0.6715661104989985 0.6576993007874747 0.6676355753646047 0.6435854638802955 0.6399905266123757 0.6641279598778196 0.651717775728401 0.6741167921233341 0.6712141609148494 0.6709959787060222 0.6733244547557741 0.6736526073598602 0.6721370706277991 0.673357376720175 0.6726552689799546 0.6622205441587565 0.6637047614935355 0.6669864691739283 0.6700574700644057 0.674055987604748 0.673805220269203 0.6602007855419152 -9999.0 0.6601577181840553 0.660157848372221 0.6599867263449772 0.6599845062384644 0.6597232836574689 0.6775571282612928 0.670523038813741 0.8026756745588628 0.7224391634710121 0.7000657371676081
-9999.0 -9999.0 -9999.0 -9999.0 -9999.0 -9999.0 -9999.0 -9999.0 -9999.0 -9999.0 -9999.0 -9999.0 -9999.0 -9999.0 -9999.0 -9999.0 -9999.0 -9999.0 -9999.0 -9999.0 -9999.0 -9999.0 -9999.0 -9999.0 -9999.0 0.6704310962542159 0.6716186141419429 0.6706545201241518 0.6548456984284083 0.6599341816025006 0.6651758103224963 0.6645206763476927 0.6716918606079555 0.6708866711910753 0.6726340574043489 0.6743737341396998 0.6698178568191113 0.6701325398081271 0.6721163731455922 0.6723886456739754 -9999.0 0.6737991421096218 0.6705473525885554 0.6656194892161024 0.6748882256628929 0.678826064698803 0.6658558054971363 0.6772539369677429 0.7012638660341949 0.6701564935929509 0.6920604894443684 0.6600459590838433 0.6597252270215134 0.65972366975197 0.6598150257009623 0.6608012004132601 0.6709715732732036 0.6709637846973098 0.6928114088066291 0.6656922149266331
-9999.0 -9999.0 -9999.0 -9999.0 -9999.0 -9999.0 -9999.0 -9999.0 -9999.0 -9999.0 -9999.0 -9999.0 -9999.0 -9999.0 -9999.0 -9999.0 -9999.0 -9999.0 -9999.0 -9999.0 -9999.0 -9999.0 -9999.0 -9999.0 -9999.0 0.6703039222371721 0.6700041630715774 0.668690104326285 0.656718269364229 0.6497833366789854 0.6619064077031398 0.6722248206661343 0.6721071497736744 0.6715333631196458 0.6691262727225576 0.6743752826317632 0.6737908605815709 0.6713167737312363 0.6723399318601772 0.6507185809514866 0.5953524827341272 0.6185543737210483 -9999.0 0.6336407262562499 0.6776279681511582 0.6957027514897118 0.7233741447647375 0.684191187537455 0.6664994406676128 -9999.0 0.6702002227226308 0.68818099032937 0.6597236502989118 0.6626578481177605 0.6598232037430084 0.6637675889405126 0.6649531320718169 0.6748419087366302 0.682658777541221 0.6724268158315885
-9999.0 -9999.0 -9999.0 -9999.0 -9999.0 -9999.0 -9999.0 -9999.0 -9999.0 -9999.0 -9999.0 -9999.0 -9999.0 -9999.0 -9999.0 -9999.0 -9999.0 -9999.0 -9999.0 -9999.0 -9999.0 -9999.0 -9999.0 -9999.0 0.6654095465301427 0.6696101916666728 0.6727723167791245 0.6680886644251495 0.6532734809407911 0.6655349412233728 0.6723749966825013 0.673459887234422 0.6667519081322004 0.6739006243897266 0.6733619809546836 0.6724232655478145 0.6729632670082184 0.6732087549308026 0.6709112866456168 0.6428246612049822 0.6696208934418992 -9999.0 -9999.0 0.6512763202024349 -9999.0 -9999.0 0.6721463377971855 0.6794063800892676 -9999.0 0.6734535054237051 0.6617617797241083 -9999.0 0.6594795142949854 0.6594808170099453 0.6734517974632591 0.6862532939465277 0.7172921459758206 0.6942810541544727 0.6905652246427434 0.6648915560990268
-9999.0 -9999.0 -9999.0 -9999.0 -9999.0 -9999.0 -9999.0 -9999.0 -9999.0 -9999.0 -9999.0 -9999.0 -9999.0 -9999.0 -9999.0 -9999.0 -9999.0 -9999.0 -9999.0 -9999.0 -9999.0 -9999.0 -9999.0 -9999.0 0.6697115884254515 0.6697383772699099 0.6638918922231158 0.6451428209357222 0.6506017255072564 0.6516597024409106 0.6542012875353356 0.6716032265505214 0.6708381400286936 0.6726297119308285 0.673073387151127 0.6684962491910992 0.6724154802123087 0.6693989769338989 0.6700690095202115 0.6082768333032158 -9999.0 0.6730198461863749 -9999.0 -9999.0 -9999.0 -9999.0 0.7279053037001157 0.6965576728989041 0.7072047211805851 0.6819459332520468 0.6801745219137625 -9999.0 -9999.0 0.684558413379984 0.6936042308667301 0.7057986932219779 0.6962199885821345 0.7000298264936977 0.6930953411037147 -9999.0
-9999.0 -9999.0 -9999.0 -9999.0 -9999.0 -9999.0 -9999.0 -9999.0 -9999.0 -9999.0 -9999.0 -9999.0 -9999.0 -9999.0 -9999.0 -9999.0 -9999.0 -9999.0 -9999.0 -9999.0 -9999.0 -9999.0 -9999.0 -9999.0 0.6673888625443932 0.6681035793788686 0.6619837794179988 0.6562169754984329 0.6537776078045586 -9999.0 0.6596103770124525 0.6684541406015839 0.6704966637624005 0.6666918901355009 0.6701116466764285 0.6722784636981818 0.6721845833149792 0.6686777556808534 0.6057953308532705 0.6722194474187695 -9999.0 -9999.0 -9999.0 -9999.0 0.6732875796173067 0.684709382990124 0.7315865387454465 0.7416116134117646 0.6766523086032836 0.660690079268044 -9999.0 -9999.0 0.6604595538553085 0.6742425356581202 0.6742925332293687 0.7066612511406052 0.6912574721837133 0.6958207129379135 0.6941012343803532 -9999.0
-9999.0 -9999.0 -9999.0 -9999.0 -9999.0 -9999.0 -9999.0 -9999.0 -9999.0 -9999.0 -9999.0 -9999.0 -9999.0 -9999.0 -9999.0 -9999.0 -9999.0 -9999.0 -9999.0 -9999.0 -9999.0 -9999.0 -9999.0 -9999.0 0.6689320195125114 0.6689306153775618 0.6702672583969803 0.6684459458024103 0.6637396996244986 0.6667683034542764 0.6640821965775212 0.651420870036619 0.6582173497363908 0.6597678180888675 0.6377853827070176 0.6095677179408094 -9999.0 -9999.0 -9999.0 -9999.0 -9999.0 -9999.0 -9999.0 0.6707560216460136 0.6719248747117785 0.6720489250473486 0.6849936379581363 0.6787649786296586 -9999.0 -9999.0 0.6753556318949362 -9999.0 0.6872995038299016 0.6793266377531824 0.6701641460089903 0.6765119527905858 0.7041592576922568 0.6979044010378346 0.7055437746882917 -9999.0
-9999.0 -9999.0 -9999.0 -9999.0 -9999.0 -9999.0 -9999.0 -9999.0 -9999.0 -9999.0 -9999.0 -9999.0 -9999.0 -9999.0 -9999.0 -9999.0 -9999.0 -9999.0 -9999.0 -9999.0 -9999.0 -9999.0 -9999.0 -9999.0 0.6682385748869016 0.6682371680542917 0.670843148115976 0.6696011089074828 0.6686623539251307 0.6712782197996532 0.6691660599834146 0.6635459475494466 0.6564642418176938 0.6581899150520777 -9999.0 -9999.0 -9999.0 -9999.0 -9999.0 -9999.0 -9999.0 -9999.0 -9999.0 -9999.0 -9999.0 -9999.0 0.6640703377037379 -9999.0 0.6707042016914638 0.6649681424370417 0.6688827522449963 -9999.0 0.6783969940385978 0.6830984941950107 0.7127571860484481 0.7087592638489336 0.6929342225144267 0.7098716298960226 0.5059737023209577 0.5900941596254194
-9999.0 -9999.0 -9999.0 -9999.0 -9999.0 -9999.0 -9999.0 -9999.0 -9999.0 -9999.0 -9999.0 -9999.0 -9999.0 -9999.0 -9999.0 -9999.0 -9999.0 -9999.0 -9999.0 -9999.0 -9999.0 -9999.0 -9999.0 -9999.0 0.6682386517967501 0.6682439105587037 0.6699640292022631 0.6709158079523129 0.6713658523724614 0.6723575224163686 0.6701598477210707 0.6684443260343771 0.6678968262330391 0.6722778734478749 -9999.0 0.6538535447551247 -9999.0 -9999.0 -9999.0 -9999.0 -9999.0 -9999.0 -9999.0 -9999.0 -9999.0 -9999.0 0.6619339136582977 0.6733181390012674 0.6730222565492392 0.6772303905460748 0.6780386214743062 0.6773967077292826 0.703956209592323 0.6982707722446387 0.6946586814512469 0.6985032853733165 0.6837944268361936 -9999.0 0.41258012430296426 0.4877312671289073
-9999.0 -9999.0 -9999.0 -9999.0 -9999.0 -9999.0 -9999.0 -9999.0 -9999.0 -9999.0 -9999.0 -9999.0 -9999.0 -9999.0 -9999.0 -9999.0 -9999.0 -9999.0 -9999.0 -9999.0 -9999.0 -9999.0 -9999.0 -9999.0 0.673670158099238 0.6736681698155597 0.6746372746791794 0.6692421574398972 0.6703402490207212 0.6730503489544228 0.6718541570239742 0.6727740959477254 0.6736447535044197 0.6733834092394253 0.6733972434859183 0.6722494007645337 0.6672882743265 0.6458451510287578 -9999.0 -9999.0 -9999.0 -9999.0 -9999.0 -9999.0 -9999.0 0.6722578967014615 -9999.0 -9999.0 0.6826073126346031 0.6782411017156578 0.6810090627268929 0.6819705465168634 0.7082167418319402 0.6765534645279943 0.6973165370101874 0.5792730599509714 0.5611355006493088 0.4962872427367094 0.5418654734657842 0.5606540338101054
-9999.0 -9999.0 -9999.0 -9999.0 -9999.0 -9999.0 -9999.0 -9999.0 -9999.0 -9999.0 -9999.0 -9999.0 -9999.0 -9999.0 -9999.0 -9999.0 -9999.0 -9999.0 -9999.0 -9999.0 -9999.0 -9999.0 -9999.0 -9999.0 0.6737900014562482 0.673669619787369 0.6745642797434396 0.6465642734092876 0.6408196971023039 0.6654737364065817 0.6740652038878165 0.6754182829283764 0.6662400146991052 0.6005696707903808 0.5446171484077105 0.5080023266273462 0.5308799528875326 0.5407350881461943 0.6724612765076282 0.6716098714788656 0.6720304469929397 0.6674291838168939 0.672985574587249 0.6727823579102502 0.6729668612090771 0.6726526956135066 0.5294862195881073 -9999.0 0.6121250809797091 0.6190275818380084 0.6794171289780877 0.7015034806519538 0.6917716174424886 0.6914690642147141 0.5510751337590641 0.495265463774426 0.4048711035867147 0.4326082312272812 0.5516836834839165 0.5601609548015589
