critload/trunk/output/1999/nue_crit_sw.asc
ncols 720
nrows 360
xllcorner -180.0
yllcorner -90.0
cellsize 0.5
NODATA_value -9999.0
[rows 78 to 103 of 360, columns 177 to 235 of 720]
0.0013255431551164785 0.0006198145769033918 -9999.0 -9999.0 -9999.0 -9999.0 -9999.0 -9999.0 -9999.0 -9999.0 -9999.0 -9999.0 -9999.0 -9999.0 -9999.0 -9999.0 -9999.0 -9999.0 -9999.0 -9999.0 -9999.0 -9999.0 -9999.0 -9999.0 -9999.0 -9999.0 -9999.0 -9999.0 0.00010684537833802534 -9999.0 -9999.0 -9999.0 -9999.0 -9999.0 -9999.0 -9999.0 -9999.0 -9999.0 -9999.0 -9999.0 -9999.0 -9999.0 -9999.0 -9999.0 -9999.0 -9999.0 -9999.0 -9999.0 -9999.0 -9999.0 -9999.0 -9999.0 -9999.0 -9999.0 -9999.0 -9999.0 -9999.0 -9999.0 -9999.0
-9999.0 -9999.0 0.000590093654187164 -9999.0 -9999.0 0.0003866845457706557 0.00010617087398575495 -9999.0 -9999.0 -9999.0 -9999.0 -9999.0 -9999.0 -9999.0 -9999.0 -9999.0 -9999.0 -9999.0 -9999.0 -9999.0 -9999.0 -9999.0 -9999.0 -9999.0 -9999.0 -9999.0 -9999.0 -9999.0 -9999.0 -9999.0 -9999.0 -9999.0 -9999.0 -9999.0 -9999.0 -9999.0 -9999.0 -9999.0 0.002912324158308994 -9999.0 0.0008066331049806435 -9999.0 -9999.0 -9999.0 0.0009397079296208178 -9999.0 -9999.0 -9999.0 -9999.0 0.0013286787874637145 0.007837627615501067 0.0017779587388915752 0.001986541502519128 0.0015812869571913111 0.004552978341507385 0.0020072089110818783 -9999.0 -9999.0 -9999.0
0.0016157650533887642 -9999.0 -9999.0 -9999.0 0.0011223238322148068 -9999.0 0.004225947679262038 -9999.0 -9999.0 -9999.0 -9999.0 -9999.0 -9999.0 -9999.0 -9999.0 -9999.0 -9999.0 -9999.0 -9999.0 -9999.0 -9999.0 -9999.0 -9999.0 -9999.0 -9999.0 -9999.0 -9999.0 0.0026716861555912425 0.004851282824806819 0.008620405545534867 -9999.0 -9999.0 -9999.0 -9999.0 -9999.0 -9999.0 0.003936068533095995 -9999.0 -9999.0 0.003070543159983624 0.0024332674656716486 0.0031919351182849924 0.0003018259571737712 -9999.0 0.0011014937772099267 -9999.0 -9999.0 -9999.0 0.003049629382775253 -9999.0 -9999.0 -9999.0 -9999.0 -9999.0 0.0037720639135612865 -9999.0 0.000420798731658046 -9999.0 -9999.0
0.0008689729807625903 -9999.0 -9999.0 -9999.0 -9999.0 0.011231024665323684 0.010022619136518092 -9999.0 -9999.0 -9999.0 -9999.0 0.003679987857355434 -9999.0 -9999.0 -9999.0 -9999.0 -9999.0 0.014626839071978332 0.012292176687474319 0.002644066934025558 0.014884392410774234 0.007849675825544382 -9999.0 0.0039333377862288505 0.0025012505151856186 -9999.0 0.0037047881570801766 -9999.0 -9999.0 0.003880512124762945 -9999.0 -9999.0 -9999.0 -9999.0 -9999.0 -9999.0 -9999.0 -9999.0 -9999.0 -9999.0 0.0019607713223875048 -9999.0 -9999.0 0.002291100648929742 0.012624323280231858 0.029041721308485785 0.012624436450556623 0.002749220275898776 0.00034793429721239873 0.003299437474470307 0.000363891786689924 -9999.0 -9999.0 0.00041358810752289613 -9999.0 -9999.0 0.0010480822041521423 0.0017562855659231588 0.0013386578834895413
0.0023687268784223017 0.0064034273313869185 -9999.0 0.010707601716163827 0.02113883494594119 0.04708620768048664 0.017144504646298738 -9999.0 0.005129338904912481 -9999.0 0.004186468090515706 -9999.0 -9999.0 -9999.0 -9999.0 0.006015087307608824 -9999.0 -9999.0 -9999.0 -9999.0 0.0066544250305930665 0.056305332061896245 0.03694677928185459 0.006816860553077467 0.23895928384491102 0.028850171708151563 0.064747534413537 0.01801090253564044 -9999.0 -9999.0 -9999.0 -9999.0 -9999.0 0.0010035413310482844 -9999.0 -9999.0 -9999.0 0.6037665203161828 -0.24892418248212234 -0.6485222944153678 0.1269206655662607 -9999.0 -9999.0 0.038067725093928896 0.013520064909964567 0.001089559308310345 0.32447454710753587 0.26770919874702953 0.02611065303136819 -9999.0 0.002702605987264621 0.036933843979708655 0.011958621211384688 0.006208719037292188 0.007910987028156681 -9999.0 -9999.0 -9999.0 -9999.0
-9999.0 -9999.0 -9999.0 0.07138141329651813 0.21030424326332853 -9999.0 -9999.0 -9999.0 -9999.0 -9999.0 -9999.0 0.0033478006730346625 0.009648706679909911 0.019533519093922574 0.001112897944977288 0.0005170612596629266 -9999.0 -9999.0 0.00032955116119056364 -9999.0 0.034317120947170585 0.0012144000882293412 0.03361372780367126 0.0013898291160837281 0.11393084834695699 0.07947903032132031 0.10656805171064547 0.11083264269176978 0.025579050831886583 0.0008604513795504184 -9999.0 -9999.0 0.001519475973473125 -9999.0 -9999.0 -9999.0 -9999.0 -9999.0 0.0773686254684578 0.16645701147191744 0.36588105939700505 0.09176110909295715 -9999.0 0.009316179744077821 0.05519858140692305 0.029368955336910862 0.03109768275372094 0.012819244454977001 0.02271431382555069 0.001544811482245522 0.026106843949367103 0.03137431479137188 0.032484408208524614 0.00966234277693403 0.036946790404334635 -9999.0 -9999.0 -9999.0 -9999.0
-9999.0 -9999.0 -9999.0 -9999.0 -9999.0 -9999.0 -9999.0 -9999.0 -9999.0 -9999.0 -9999.0 -9999.0 0.0008544209270755236 0.012896962479943761 0.0011150881332064875 0.0011957331860758167 0.0014024434708616057 -9999.0 -9999.0 -9999.0 -9999.0 0.0042512519806335025 0.03051265424585233 0.8522188054075353 0.13105857469213253 0.010497676337455374 0.009063490738904565 0.0007832771610697078 0.0007905092920088623 -9999.0 -9999.0 0.00094273515930014 -9999.0 0.0009978980703037115 0.0032527361467824503 -9999.0 0.0052755939523495676 0.007899768954473368 0.004290460265817475 0.008623186927234681 -9999.0 -9999.0 0.04826807905299996 0.09887894376982914 0.21626783110244485 0.04256192224481157 -9999.0 -9999.0 0.04263613092214494 0.014974934664830058 0.025382134435719062 0.051629821168200106 0.05051011631050432 0.15671429257529304 -9999.0 -9999.0 -9999.0 -9999.0 -9999.0
-9999.0 -9999.0 -9999.0 -9999.0 -9999.0 -9999.0 -9999.0 -9999.0 -9999.0 -9999.0 -9999.0 -9999.0 -9999.0 -9999.0 0.0024480689038136054 -9999.0 -9999.0 -9999.0 -9999.0 -9999.0 -9999.0 -9999.0 0.003505734006384572 0.041831865281543784 0.277077080570655 0.011409432439025372 -9999.0 -9999.0 -9999.0 0.009063778126620892 -9999.0 0.003875807887725292 -9999.0 0.002860663900799403 0.004619454479404902 0.01974580977271011 0.015869685007816922 0.01156985820594972 0.004288278817725712 -9999.0 -9999.0 0.03517685293831376 0.10427782156285711 0.08263344234593484 0.06633823797696059 0.019814724871627463 0.28227525283792765 0.11438259366481787 0.015053658629454092 0.00484183686230517 0.012794132479387196 0.019216233095150793 0.041131137503934635 0.013477796839922309 -9999.0 -9999.0 -9999.0 -9999.0 -9999.0
1.0738147770045339 -9999.0 -9999.0 0.02952502629072878 -9999.0 -9999.0 -9999.0 0.1416450921817853 -9999.0 -9999.0 -9999.0 -9999.0 -9999.0 -0.00024499813829386205 0.06537948102671402 -9999.0 0.000918230899982262 -9999.0 -9999.0 0.0025973783009219063 58.30147666359984 -3.2055188605784903 0.011793589138293897 -9999.0 0.008742825556705962 0.0029413577357163714 -9999.0 -9999.0 -9999.0 -9999.0 0.005313245009363398 0.04433449947041658 0.03450077640902757 0.012565697466860795 0.005123258914054308 0.0511604660196012 0.01581158595822482 0.17988189857488157 1.2586607164012429 0.4807905477217193 -1.216855436235796 0.4209148535251113 0.06298469320721733 0.038087762423112806 -9999.0 -9999.0 0.48711905499502023 0.2936237476423475 0.024983363897909762 0.0033608639026713777 0.0069647963366429415 0.009545448421751729 0.019447264842851253 0.1246610875637303 0.07499974239761502 0.02304088088696229 -9999.0 -9999.0 -9999.0
0.06758279321253145 -9999.0 0.17104463994126562 0.2417958067434837 0.1480976591936796 0.2311835865062962 0.09482189228079121 0.031147845777750847 -9999.0 -9999.0 -9999.0 -9999.0 0.013685459963088118 0.13487702938033896 -0.5227337452114791 -0.07783633583493 -0.02644980368596201 -0.12579496184398348 1.0040695228396008 0.3314401962057637 0.16826300541291989 1.4187443258012764 0.10018429963682705 0.05600915091032711 0.13240290052208287 0.015821764712449008 -9999.0 0.013094790669055126 0.011467730454808133 -9999.0 0.00881522024043392 0.0614460237037856 0.02876851431223377 0.09124459413650367 0.041628015584723926 0.18611162964828182 -4.378787623766187 -1.2851714734645963 0.9574624044902642 0.4707587547827639 0.2788954552712031 0.42072743937462703 0.16125671288194393 -9999.0 0.01044430914334743 -9999.0 0.043677925959432685 0.3150318662752993 0.07114328332003535 0.028868798864717233 0.009330032772845318 0.012249292322662081 0.03412129631111755 0.1689198881080736 0.16347063486844454 0.0822020333913622 0.12110720309094075 0.15660439559727463 0.044752729875750706
0.3824749255304957 0.00996734653370241 -9999.0 1.489492714495548 21.206408760368475 -9999.0 -6.003724285645109 0.16750696345314064 -0.38406347081614345 -9999.0 -9999.0 -9999.0 -9999.0 -0.028036989893348845 -9999.0 -9999.0 -9999.0 -9999.0 -9999.0 -9999.0 -9.484256211028246e-06 -0.008881497213105879 0.036164456498568205 0.042754371165743196 0.05599339530124244 -9999.0 -9999.0 -0.0006201016010487458 -2.4945360595598958 0.783915507496479 0.26788036074715804 0.32130156129907234 0.37050074778636394 0.15495264072670814 -0.5175022679318013 -0.09346861871745467 -0.32677565148230403 -0.6968353305098183 -2.358070559318731 0.21647188149807867 0.08544316804569224 0.07772574403856086 0.009625669706327328 0.00393682537135652 -9999.0 -9999.0 0.02474238757263332 0.006536707760830252 0.043001967264109375 0.3863648046928196 0.09135980319135387 0.0739319901474838 0.07348205643764064 0.036265849807884006 0.06747493893975069 0.04045883816821867 0.03896361462608183 0.05416116907499487 0.057958144950933786
-2.11325441481702 -1.1282961660193331 0.996578212674251 7.593446033522188 2.7331865237908466 0.6461495553482476 -0.4769255661809526 -0.1694681165141496 -9999.0 -9999.0 -9999.0 -9999.0 -0.04323058124581183 -0.24083653708418964 -0.14228828431993756 -0.02588051693060565 -9999.0 -9999.0 -9999.0 -8.341985304609375e-06 -0.00586474790514658 -9999.0 -0.006541414993270529 0.07141354600872375 0.11577303986339738 0.02155639973043557 0.00988366372965763 0.03831711361910614 0.021411637134527997 0.9541687869925802 -0.47965490869569666 -0.05975829865040624 -0.7804343659791023 -0.9823891610838215 -3.0351937353772502 -0.3007407150209011 -0.2431154359261388 3.7987492962894223 0.22927848455000338 0.6166865626311981 -9999.0 0.006892738877234254 -9999.0 -9999.0 0.02943954118967947 -9999.0 -9999.0 0.004918478711461659 0.02836891853474723 0.02640047148554102 0.15854522986506756 0.11454194755810304 0.003940291308105321 0.0987332973724295 0.07523833135110804 0.04654598435453673 0.12700511058524153 0.0531192746025567 0.01316239089051688
-0.877710884293367 -0.45664770649876807 -0.5060691159189619 -0.25597581799597924 -0.4635705115957363 -0.13403696920734914 -0.15448181892828625 -0.04113868756548953 -9999.0 -9999.0 -9999.0 -0.29470428758835837 -0.11269692957648121 -0.0260284439247546 -0.1638773090612329 -0.07350648358521002 -9999.0 -9999.0 -9999.0 -9999.0 -0.10670723735315442 -0.20389690611716654 -0.0012741219039537853 0.830854451857746 0.360126712633303 0.7628615230497034 0.13340942921207524 0.20106688862149796 0.34731776136027553 0.18757752878265446 -0.4674178097105996 -1.5578099364619693 -0.15557368571149782 1.083800990956646 1.6307508982429837 1.2020058292855234 -0.9752719540729502 0.12072628823199158 0.02404246586603809 0.002560572516889565 -9999.0 -9999.0 -9999.0 0.03711899589393713 0.07229047311142148 0.17048033388927705 -9999.0 -9999.0 0.007345822878589832 -9999.0 -9999.0 0.12906638642052892 0.05078814445807925 0.06186838493367042 0.04422093017931797 0.32119104584744523 0.06039875932658038 0.11512837361021297 0.0438924823057338
-1.6885064319535967 -0.525088506203287 -0.2285746580529045 -0.10174892231705647 -11.10911774083229 -0.47175001719621684 -0.13708619595297042 -0.23956961329323542 -9999.0 -9999.0 -0.04020356167200163 -0.0830724065395074 -0.12050331492317176 -0.07439874515149743 -0.46187028456313156 -0.11318651027402879 -9999.0 -9999.0 -9999.0 -0.0041652765263214125 1.5802176816916684 -3.1122033861400586 -0.8547878278616603 -0.11456483255826415 -0.07454816989547383 -0.32642429619878804 -0.46917447397657724 5.785965831850434 -2.6312335461440375 -1.334887782130443 0.47656578773803693 -9999.0 0.08260464339301221 -9999.0 0.010971022706498284 -9999.0 -3.6814627179208146 0.012572909594042971 0.04037991770353796 -9999.0 -9999.0 0.04884346886395717 0.2734684143518292 0.06507863776963331 0.03687558846437275 -9999.0 -9999.0 -9999.0 -9999.0 -9999.0 0.10350959039869616 0.02202805319520953 0.013273661653810444 0.028338687582699414 0.08385403551090767 0.007244464200017372 -9999.0 -9999.0 -9999.0
-1.479940754057051 -2.971113550230333 -1.586364659034413 -0.429795009413602 -2.378746841816718 -1.4854289685660746 -0.27054049585252843 -0.05054968722788884 -9999.0 -9999.0 -0.2158923978832427 -0.1948188365706981 -0.195400337410913 -0.17816581998200562 -0.13005770998392502 -9999.0 -0.07928401161525882 -0.04290489981340382 -9999.0 -0.07081242252656966 1.6734453524321296 -0.3304879758959521 -0.13535557076992227 -0.018323418674209533 -0.003450847181887915 -0.0037580983489604145 -0.006673867453283668 -9999.0 -0.019052605711467937 -9999.0 -9999.0 0.4296596836900481 0.1367898708396275 -9999.0 -9999.0 -9999.0 -76.16588633979683 0.010949235197167114 -9999.0 -9999.0 0.0023036355381905204 0.23102529142557648 -0.32806555204596954 0.01418997917591214 0.0002828582669967697 -9999.0 -9999.0 -9999.0 -9999.0 -9999.0 0.07867845756701186 0.02260239146186169 0.018372583940963937 0.005484522798564499 -9999.0 -9999.0 -9999.0 -9999.0 -9999.0
-1.7675914642595398 -5.557620781566001 -6.600894508026891 -2.03400503352609 -0.7941468214555186 -1.1784265993925436 -0.3339183210640704 -9999.0 -9999.0 -9999.0 -0.06759907016997065 -0.3055454135311688 -0.4084997356481216 -0.7190042372509656 -0.1717870974311098 -0.0872426777667553 -0.17677993604518485 -0.1719321770224187 -0.0011842920297782304 -0.18905308141501406 1.602451527480646 -0.30029935318072326 -0.07317711332995464 -0.02783285293042829 -0.009151987523817295 -0.07997472224566546 -0.19038059348323452 -0.033120722583223 -0.17531986257580498 -0.6770315139258316 -0.3936570788741133 -0.2645855960769628 -33.29333666935374 0.3410878395803059 0.09882129452206775 -0.5883564145725532 -2.6871947979845268 -9999.0 0.06169445729322535 0.23944465490828637 0.16722336212444142 -2.1850893804334977 0.01852574679518861 -9999.0 -9999.0 -9999.0 -9999.0 -9999.0 -9999.0 -9999.0 -9999.0 -9999.0 -9999.0 -9999.0 -9999.0 -9999.0 -9999.0 -9999.0 -9999.0
12.862769876481929 -0.5616112169389564 3.5879162298861598 -2.098842476612412 -1.0030930967120024 -12.38158442297733 -1.2874535961851052 -9999.0 -9999.0 -9999.0 -9999.0 -0.3944158226855194 -0.6370875392867924 -0.14880047071592678 -0.16415308485243804 -0.13333366408059893 -0.06247835906079918 -0.09302576083623536 0.23891312984182395 -1.2093967320808763 -0.1760921397841415 3.872310529617262 -0.15328194113625 -0.00383030024977509 -0.005593264748540917 -0.16213344058441043 -1.1103862785183294 -1.6503820039421475 -4.440455715609754 -0.855284334474769 -1.1804649764924748 31.76947310549955 37.81581899973498 -29.982214614712895 1.2928351750811318 -0.5703352506912096 4.934513081353732 -7.717601194070442 -1.133973534589714 -13.059079579793408 -0.13315090744529784 0.10177814792998352 -9999.0 -9999.0 -9999.0 -9999.0 -9999.0 -9999.0 -9999.0 -9999.0 -9999.0 -9999.0 -9999.0 -9999.0 -9999.0 -9999.0 -9999.0 -9999.0 -9999.0
1.3286186717528596 -1.072380169547904 0.47777622942320047 1.1183688923414663 -153.74839572886407 0.8825620532669687 -0.3428549251510047 -9999.0 -9999.0 -9999.0 -0.6051730394808618 -0.27165221074760204 -0.14896948445530328 -0.1531022911922454 -0.17043729171033484 -0.18957111513589645 -0.07876545948105226 -0.08625325279251198 -0.2116570979792123 -0.00400373187350409 -9999.0 -9999.0 -9999.0 -9999.0 -0.5750112434894763 3.049347964193137 -15.638950894464315 2.917688686734719 -3.6088968147242757 -10.705504977200984 -0.6228700629890738 -3.1078345560743696 0.3428923094700901 0.22361662367501528 0.08451822751255719 -0.3966003337187936 -1.0504819595140358 -0.18934673392618626 -2.4987760955849545 -0.6858097946926122 -0.021784774164302544 0.16042380097556574 -9999.0 -9999.0 -9999.0 -9999.0 -9999.0 -9999.0 -9999.0 -9999.0 -9999.0 -9999.0 -9999.0 -9999.0 -9999.0 -9999.0 -9999.0 -9999.0 -9999.0
160.9806809904949 2.3556426169402167 1.156464973266969 1.0507644248821277 0.820481309372935 0.9158603804281936 -1.8153960814991659 -0.01872548163880377 -9999.0 -0.51731037922775 -4.80588419460104 -0.7714743610112751 -0.2386202830797564 -0.29929364543208425 -3.2394060059505367 -0.612799529704962 -9999.0 -9999.0 -9999.0 -9999.0 -0.01854714259051529 -0.1086628705050374 -0.2044242460644761 0.2978707939140997 0.07153077399790349 0.043847755078753665 0.09802392493777956 -0.08788912310818275 11.59191349454657 0.6733760625071279 0.1236183928054091 2.533436584699088 0.08796209555381448 0.13945402119705277 1.0530550422899678 -0.8248023116020441 -0.4243149574595841 -0.10438500329573251 -1.159809487310264 -6.609490421288864 -0.06529658877214281 0.3448005381859486 0.019676118843628097 0.0017175749671278849 -9999.0 -9999.0 -9999.0 -9999.0 -9999.0 -9999.0 -9999.0 -9999.0 -9999.0 -9999.0 -9999.0 -9999.0 -9999.0 -9999.0 -9999.0
-1.3214754402568039 2.8391921878152964 0.9944939767754898 1.1208621498878157 1.6065544026113143 1.1449210735314996 0.9628411871475259 1.6009681037098835 -0.29895946543574653 -0.23119645375848616 -0.7360771098379935 -0.2780440924493707 -0.8194163839667735 1.4670758243752808 0.5789155510930734 0.5956942019574737 0.7117765721681171 1.3640702888628158 -3.2225660855999303 -0.08978907174517664 -0.1669704504698752 -0.16103277160655943 -0.1360963399058245 2.285684849851326 -0.6110270903774879 0.17711006089525433 0.07765873336451257 0.07013536430767821 -0.42286559744736324 -2.4646841598860507 0.38101019528996044 -0.4612982112020371 0.07197018753237798 0.28688248619896495 0.8620843028759826 -0.9608335126885977 -0.1798719001302317 -1.2386192703998133 0.0885065513727064 0.11278726413487629 0.004164886722175444 0.017074247744358215 0.000189925490796516 -9999.0 -9999.0 -9999.0 -9999.0 -9999.0 -9999.0 -9999.0 -9999.0 -9999.0 -9999.0 -9999.0 -9999.0 -9999.0 -9999.0 -9999.0 -9999.0
-5.557670030501094 1.2531656560596578 1.0748461532972187 -11.432753303190221 1.3734595160639986 1.249744704657404 0.7952339196439071 -2.34216976830488 -0.4060817551695848 -0.4876092769684835 -4.0063489139198 39.96991987655533 1.4802360124277352 0.875729090217707 1.026896343409934 0.7840817513309096 0.9418200656177811 1.239921632468833 15.456040654555828 -3.0694194295193484 -0.6020707115457413 -0.1895569269829387 -0.08710355008025895 -0.08683011120184503 -1.5368847439427946 -0.7500136257928923 -0.1973307441107115 -0.4017682785980726 -1.1540069339429895 -1.0260074084287307 -0.7929839722624048 0.9269987571458626 1.4214570939698419 7.2378328814440565 -0.005371126813562062 -4.672597703463077e-05 -0.0023287058899178286 0.1676409641174287 0.052495105043878644 -9999.0 -9999.0 -9999.0 -9999.0 -9999.0 -9999.0 -9999.0 -9999.0 -9999.0 -9999.0 -9999.0 -9999.0 -9999.0 -9999.0 -9999.0 -9999.0 -9999.0 -9999.0 -9999.0 -9999.0
1.402501145492075 1.1694212796318246 0.7481482395418503 1.2706601384786578 -5.687017866920634 1.4123522380585642 1.8353984180000174 -3.44068321064429 -1.255412269309262 7.103366447021301 1.723628062356556 1.804415618898517 -2.4232265340144803 4.196691421687212 11.53439697520268 1.65194766826901 7.063226221785196 -1.1267639282879351 20.64825794126352 3.5994857152289446 1.350301881317971 -0.13781354250604694 -1.0971612022655086 -0.2812422504503583 -2.0640916504360254 -1.1591789050088688 -0.6174456023805336 -0.784479483722758 11.471051523544546 -11.90568941608011 2.6813781734491005 7.449370384813426 -0.42947979255523827 -0.13306600806110883 -0.08986137156833061 -9999.0 -9999.0 -9999.0 -9999.0 -9999.0 -9999.0 -9999.0 -9999.0 -9999.0 -9999.0 -9999.0 -9999.0 -9999.0 -9999.0 -9999.0 -9999.0 -9999.0 -9999.0 -9999.0 -9999.0 -9999.0 -9999.0 -9999.0 -9999.0
-2.2736845659336677 1.02017899292075 1.008257801976572 1.403434195769192 2.9299635298235684 1.8273999293463277 5.850779199559441 1.6967751382836342 -0.831516299297191 -0.7592622032075509 -0.44044875490838015 2.591081096018071 4.4742556660632955 2.0556898598806135 -0.956790908643053 13.67140469737934 6.841844022151973 -1.0356415121404896 1.8758053995035497 -1.9834416292455532 0.33726448072901155 0.26284438188395726 -0.401015912681156 -0.2991752394024435 -4.164484002408804 -0.6010364254088543 -0.831507549524261 -1.6506115460079496 -6.084098233143842 9.348903068783851 -2.330066302363192 -0.5867187103176819 -0.04073458565638328 -0.07385315903185542 0.060741890316203015 -9999.0 -9999.0 -9999.0 -9999.0 -9999.0 -9999.0 -9999.0 -9999.0 -9999.0 -9999.0 -9999.0 -9999.0 -9999.0 -9999.0 -9999.0 -9999.0 -9999.0 -9999.0 -9999.0 -9999.0 -9999.0 -9999.0 -9999.0 -9999.0
3.350566271649045 -1.2739682526820235 -350.4598288616511 1.4709836927003634 0.5312105385268858 0.6060405553870543 0.9251148558025909 1.022955387909112 -1.4160804580160165 -0.5851366794303946 -0.5721772020703817 -2.5443374921614414 1.2476208098038515 -0.46676463702117027 -0.33597723630421733 -30.029810851996082 -2.361916095628148 -7.191955243160406 -0.20311475926238104 -0.2159566821136592 0.6112422639966415 0.04799804805003496 0.8102231155175518 0.09661602556567334 0.4171669428004376 5.576937993789297 -0.38885659906015463 -0.32958362889749954 -0.4485618235679407 -0.17993594007780897 -0.045763346145101635 -0.11795930612598353 -0.28818082231917513 -0.03377927415174568 0.0016975318246712546 -9999.0 -9999.0 -9999.0 -9999.0 -9999.0 -9999.0 -9999.0 -9999.0 -9999.0 -9999.0 -9999.0 -9999.0 -9999.0 -9999.0 -9999.0 -9999.0 -9999.0 -9999.0 -9999.0 -9999.0 -9999.0 -9999.0 -9999.0 -9999.0
-0.8880611383226734 -0.2282550693102534 -0.04347072413209589 -0.3474439175347913 0.49079135508721083 0.35676224637562803 0.41880918520024624 1.3320625881350423 1.502314210057882 1.574505096721645 -4.430498226451622 1.7391514326592332 -0.8084474113413244 -0.248185049756037 -0.5650876975927009 -1.3860903877791888 2.549748937595531 -0.13489519306846623 -0.16547548991155514 -14.711136416853513 0.08229438914689038 0.07145527864677338 0.08112518181082175 0.0388588886389562 0.1834078002884156 -0.5988488863101296 -0.6611367994952669 -0.3486935698380654 -0.024037391661532875 -0.05730720522179516 -0.15728927893706104 -0.3049018787792414 -1.076965812807294 -9999.0 -9999.0 -9999.0 -9999.0 -9999.0 -9999.0 -9999.0 -9999.0 -9999.0 -9999.0 -9999.0 -9999.0 -9999.0 -9999.0 -9999.0 -9999.0 -9999.0 -9999.0 -9999.0 -9999.0 -9999.0 -9999.0 -9999.0 -9999.0 -9999.0 -9999.0
-0.14327397402413977 -0.11673523313903007 -0.6005258822178736 1.456867459604378 0.4234521833859209 0.6422423845688825 1.218744437684046 0.9035056356568887 0.5887197818626647 1.1709818439855106 1.1886481561863136 -0.2766622800928112 -1.278039549485955 -0.3452670148476777 -0.36467949142892825 -0.8360624468969282 0.5382515177911101 -0.2741592355227429 0.8962812227011612 3.1461713737316677 0.13394920110834613 0.07149471218075616 0.03772886123384134 0.2890373486526887 -0.44327995601398246 -0.6437550331776375 -0.4560841102764067 -0.14882826610851652 -0.1718297644449276 -0.9203267981199914 -0.15911709107163835 -0.37447401242270184 0.12682550632566997 -9999.0 -9999.0 -9999.0 -9999.0 -9999.0 -9999.0 -9999.0 -9999.0 -9999.0 -9999.0 -9999.0 -9999.0 -9999.0 -9999.0 -9999.0 -9999.0 -9999.0 -9999.0 -9999.0 -9999.0 -9999.0 -9999.0 -9999.0 -9999.0 -9999.0 -9999.0
