critload/trunk/output/1999/nue_crit_dep.asc
ncols 720
nrows 360
xllcorner -180.0
yllcorner -90.0
cellsize 0.5
NODATA_value -9999.0
[rows 52 to 77 of 360, columns 472 to 530 of 720]
-9999.0 -9999.0 -9999.0 -9999.0 -9999.0 -9999.0 -9999.0 -9999.0 -9999.0 -9999.0 -9999.0 -9999.0 -9999.0 -9999.0 -9999.0 -9999.0 -9999.0 -9999.0 -9999.0 -9999.0 -9999.0 -9999.0 -9999.0 -9999.0 -9999.0 -9999.0 -9999.0 -9999.0 -9999.0 -9999.0 -9999.0 -9999.0 -9999.0 -9999.0 -9999.0 -9999.0 -9999.0 -9999.0 -9999.0 -9999.0 -9999.0 -9999.0 -9999.0 -9999.0 -9999.0 -9999.0 -9999.0 -9999.0 -9999.0 -9999.0 -9999.0 -9999.0 -9999.0 -9999.0 -9999.0 -9999.0 -9999.0 -9999.0 -9999.0
-9999.0 -9999.0 -9999.0 -9999.0 -9999.0 -9999.0 -9999.0 -9999.0 -9999.0 -9999.0 -9999.0 -9999.0 -9999.0 -9999.0 -9999.0 -9999.0 -9999.0 -9999.0 -9999.0 -9999.0 -9999.0 -9999.0 -9999.0 -9999.0 -9999.0 -9999.0 -9999.0 -9999.0 -9999.0 -9999.0 -9999.0 -9999.0 -9999.0 -9999.0 -9999.0 -9999.0 -9999.0 -9999.0 -9999.0 -9999.0 -9999.0 -9999.0 -9999.0 -9999.0 -9999.0 -9999.0 -9999.0 -9999.0 -9999.0 -9999.0 -9999.0 -9999.0 -9999.0 -9999.0 -9999.0 -9999.0 -9999.0 -9999.0 -9999.0
-9999.0 -9999.0 -9999.0 -9999.0 -9999.0 -9999.0 -9999.0 -9999.0 -9999.0 -9999.0 -9999.0 -9999.0 -9999.0 -9999.0 -9999.0 -9999.0 -9999.0 -9999.0 -9999.0 -9999.0 -9999.0 -9999.0 -9999.0 -9999.0 -9999.0 -9999.0 -9999.0 -9999.0 -9999.0 -9999.0 -9999.0 -9999.0 -9999.0 -9999.0 -9999.0 -9999.0 -9999.0 -9999.0 -9999.0 -9999.0 -9999.0 -9999.0 -9999.0 -9999.0 -9999.0 -9999.0 -9999.0 -9999.0 -9999.0 -9999.0 -9999.0 -9999.0 -9999.0 -9999.0 -9999.0 -9999.0 -9999.0 -9999.0 -9999.0
-9999.0 -9999.0 -9999.0 -9999.0 -9999.0 -9999.0 -9999.0 -9999.0 -9999.0 -9999.0 -9999.0 -9999.0 -9999.0 -9999.0 -9999.0 -9999.0 -9999.0 -9999.0 -9999.0 -9999.0 -9999.0 -9999.0 -9999.0 -9999.0 -9999.0 -9999.0 -9999.0 -9999.0 -9999.0 -9999.0 -9999.0 -9999.0 -9999.0 -9999.0 -9999.0 -9999.0 -9999.0 -9999.0 -9999.0 -9999.0 -9999.0 -9999.0 -9999.0 -9999.0 -9999.0 -9999.0 -9999.0 -9999.0 -9999.0 -9999.0 -9999.0 -9999.0 -9999.0 -9999.0 -9999.0 -9999.0 -9999.0 -9999.0 -9999.0
-9999.0 -9999.0 -9999.0 -9999.0 -9999.0 -9999.0 -9999.0 -9999.0 -9999.0 -9999.0 -9999.0 -9999.0 -9999.0 -9999.0 -9999.0 -9999.0 -9999.0 -9999.0 -9999.0 -9999.0 -9999.0 -9999.0 -9999.0 -9999.0 -9999.0 -9999.0 -9999.0 -9999.0 -9999.0 -9999.0 -9999.0 -9999.0 -9999.0 -9999.0 -9999.0 -9999.0 -9999.0 -9999.0 -9999.0 -9999.0 -9999.0 -9999.0 -9999.0 -9999.0 -9999.0 -9999.0 -9999.0 -9999.0 -9999.0 -9999.0 -9999.0 -9999.0 -9999.0 -9999.0 -9999.0 -9999.0 -9999.0 -9999.0 -9999.0
-9999.0 -9999.0 -9999.0 -9999.0 -9999.0 -9999.0 -9999.0 -9999.0 -9999.0 -9999.0 -9999.0 -9999.0 -9999.0 -9999.0 -9999.0 -9999.0 -9999.0 -9999.0 -9999.0 -9999.0 -9999.0 -9999.0 -9999.0 -9999.0 -9999.0 -9999.0 -9999.0 -9999.0 -9999.0 -9999.0 -9999.0 -9999.0 -9999.0 -9999.0 -9999.0 -9999.0 -9999.0 -9999.0 -9999.0 -9999.0 -9999.0 -9999.0 -9999.0 -9999.0 -9999.0 -9999.0 -9999.0 -9999.0 -9999.0 -9999.0 -9999.0 -9999.0 -9999.0 -9999.0 -9999.0 -9999.0 -9999.0 -9999.0 -9999.0
-9999.0 -9999.0 -9999.0 -9999.0 -9999.0 -9999.0 -9999.0 -9999.0 -9999.0 -9999.0 -9999.0 -9999.0 -9999.0 -9999.0 -9999.0 -9999.0 -9999.0 -9999.0 -9999.0 -9999.0 -9999.0 -9999.0 -9999.0 -9999.0 -9999.0 -9999.0 -9999.0 -9999.0 -9999.0 -9999.0 -9999.0 -9999.0 -9999.0 -9999.0 -9999.0 -9999.0 -9999.0 -9999.0 -9999.0 -9999.0 -9999.0 -9999.0 -9999.0 -9999.0 -9999.0 -9999.0 -9999.0 -9999.0 -9999.0 -9999.0 -9999.0 -9999.0 -9999.0 -9999.0 -9999.0 -9999.0 -9999.0 -9999.0 -9999.0
0.030874192107892523 -9999.0 -9999.0 -9999.0 -9999.0 -9999.0 -9999.0 -9999.0 -9999.0 -9999.0 -9999.0 -9999.0 -9999.0 -9999.0 -9999.0 -9999.0 -9999.0 -9999.0 -9999.0 -9999.0 -9999.0 -9999.0 -9999.0 -9999.0 -9999.0 -9999.0 -9999.0 -9999.0 -9999.0 -9999.0 -9999.0 -9999.0 -9999.0 -9999.0 -9999.0 -9999.0 -9999.0 -9999.0 -9999.0 -9999.0 -9999.0 -9999.0 -9999.0 -9999.0 -9999.0 -9999.0 -9999.0 -9999.0 -9999.0 -9999.0 -9999.0 -9999.0 -9999.0 -9999.0 -9999.0 -9999.0 -9999.0 -9999.0 -9999.0
0.024143155328331046 0.03914879908143611 0.01566713381761808 -9999.0 -9999.0 -9999.0 -9999.0 -9999.0 -9999.0 0.002971372973772388 -9999.0 -9999.0 -9999.0 -9999.0 -9999.0 -9999.0 -9999.0 -9999.0 0.002407350285694873 -9999.0 -9999.0 -9999.0 -9999.0 -9999.0 -9999.0 -9999.0 -9999.0 -9999.0 -9999.0 -9999.0 -9999.0 -9999.0 -9999.0 -9999.0 -9999.0 -9999.0 -9999.0 -9999.0 -9999.0 -9999.0 -9999.0 -9999.0 -9999.0 -9999.0 -9999.0 -9999.0 -9999.0 -9999.0 -9999.0 -9999.0 -9999.0 -9999.0 -9999.0 -9999.0 -9999.0 -9999.0 -9999.0 -9999.0 -9999.0
0.02657629069021076 0.03358657533983972 0.02713523387838383 -9999.0 -9999.0 -9999.0 -9999.0 -9999.0 -9999.0 -9999.0 -9999.0 0.006926150406003408 -9999.0 -9999.0 -9999.0 -9999.0 -9999.0 -9999.0 -9999.0 0.00828890047190548 0.011994590563396065 0.010223043375813697 -9999.0 -9999.0 -9999.0 -9999.0 -9999.0 -9999.0 -9999.0 -9999.0 -9999.0 -9999.0 -9999.0 -9999.0 -9999.0 -9999.0 -9999.0 -9999.0 -9999.0 -9999.0 -9999.0 -9999.0 -9999.0 -9999.0 -9999.0 -9999.0 -9999.0 -9999.0 -9999.0 -9999.0 -9999.0 -9999.0 -9999.0 -9999.0 -9999.0 -9999.0 -9999.0 -9999.0 -9999.0
0.025584388002225247 0.03931945015856323 -9999.0 0.022525912073299664 -9999.0 -9999.0 -9999.0 0.008048131597813838 -9999.0 0.0031945003641164053 -9999.0 0.006800000693489131 0.006241735356481684 -9999.0 -9999.0 -9999.0 -9999.0 0.008959330209836277 0.010014326158582786 -9999.0 0.01182428289637234 0.011036324316766155 -9999.0 -9999.0 -9999.0 -9999.0 -9999.0 -9999.0 -9999.0 -9999.0 -9999.0 -9999.0 -9999.0 -9999.0 -9999.0 -9999.0 -9999.0 -9999.0 -9999.0 -9999.0 -9999.0 -9999.0 -9999.0 -9999.0 -9999.0 -9999.0 -9999.0 -9999.0 -9999.0 -9999.0 -9999.0 -9999.0 -9999.0 -9999.0 -9999.0 -9999.0 -9999.0 -9999.0 -9999.0
-9999.0 0.03154024609248606 0.03900426351725183 0.03026356716183932 -9999.0 -9999.0 -9999.0 0.012951600242746494 0.009278616383787809 0.009287011283196613 0.0032705677827986356 0.020245814702817288 0.01250025824429816 0.010302288358557204 0.024972313830944445 0.01784186979786846 -9999.0 0.008943118796292494 0.020431079598038734 0.018394259174941984 0.02653181155913989 0.018523519820982794 -9999.0 -9999.0 0.009699150620000868 0.009825396540110701 -9999.0 -9999.0 -9999.0 -9999.0 -9999.0 -9999.0 -9999.0 -9999.0 -9999.0 -9999.0 -9999.0 -9999.0 -9999.0 -9999.0 -9999.0 -9999.0 -9999.0 -9999.0 0.0018352895035144829 -9999.0 -9999.0 -9999.0 -9999.0 -9999.0 -9999.0 -9999.0 -9999.0 -9999.0 -9999.0 -9999.0 -9999.0 -9999.0 -9999.0
0.44588973592872594 0.12497441695221648 0.09154623249977456 0.030166202058028904 0.0052843768961582755 -9999.0 0.004765621860258688 0.015178685324948964 0.03940993754564017 0.03771989307626581 0.0204248652569769 0.05655495069709159 0.04138347984318512 0.04910431878276215 0.056148468882931915 0.05130220219814884 0.057229070394386024 0.017752289480042177 0.025815219918246462 0.04882285930854227 0.04508085386175644 0.040321486145853055 0.06249711108210677 0.040856017638046076 0.02445903132506434 0.03866204954523559 0.04119838262701174 0.011493800977420735 0.006714589502158335 0.01018359197509118 0.006143504622237512 0.005973958031535558 0.0029330859696788674 0.003088110909826014 -9999.0 -9999.0 -9999.0 -9999.0 -9999.0 -9999.0 -9999.0 -9999.0 -9999.0 -9999.0 0.002217946269190567 -9999.0 -9999.0 -9999.0 -9999.0 -9999.0 -9999.0 -9999.0 0.0022868793211582553 0.0022622438718350865 0.010736095357949699 0.011424095913863732 0.0067143232141247625 0.0021817614298873405 -9999.0
0.0921421203326451 0.4525533688865513 0.4186025842104271 0.07839800421484738 0.011118031339284002 0.025345870540670428 0.009515076735630592 0.009070430373753257 0.041877517248234915 0.03428789450351286 0.033388315649146426 0.03679903629464641 0.028706156937637176 0.08238710352683833 0.0855624253781613 0.33500692129126214 0.06646483623380402 0.0749347120252518 0.38122347238940735 0.34943065981087 0.04988605302462205 0.06651577897996487 0.04557799832442495 0.029147264873466507 0.03445472633447119 0.031334943954328516 0.031374720983736844 0.019969407958810182 0.01754162375691066 0.023987286811940945 0.02046121548095296 0.02243724329131476 0.021234701421186376 0.008974633631793223 0.010750007011612215 0.012295427498835663 0.005790609639477527 0.005744890576015525 0.0026214140111749467 0.002773309493409849 -9999.0 0.0024476979161072907 -9999.0 -9999.0 -9999.0 -9999.0 -9999.0 -9999.0 -9999.0 -9999.0 -9999.0 0.004801982059203434 0.0023657432619422786 -9999.0 -9999.0 0.014336611387385793 0.033400525036377714 -9999.0 -9999.0
0.16473042335035984 0.18768055051150725 0.11318526032413591 0.16401749788538852 0.08081466503147933 0.016480040894487253 0.044035504905069495 0.044707537108199115 0.04504379381198915 0.3021864100635698 0.4142431384465858 0.36791340963899466 0.3973245095910074 0.39330539983379603 0.3428020807590983 0.12385187094224026 0.3840554416687189 0.10254783520776604 0.39040049090561973 0.41730723731275876 0.16046427882729425 0.3973880548346906 0.09246312670499243 0.35209301070734744 0.09440232931650933 0.07674713931305245 0.34767027621306396 0.05691811560105421 0.3556890470556185 0.35652340329752896 0.028191699087973556 0.04166401087279015 0.049228772951882445 0.0663396327067611 0.04543833417853702 0.046768592469081806 0.3090634548352029 0.018763300942388126 0.009555337874168518 0.012450565105166532 0.019748750551190436 0.019212584766435132 0.006903513416617689 0.002937606867933877 0.009042625658736316 0.003180538542387002 -9999.0 0.008975277137661742 0.006747545504373271 -9999.0 -9999.0 -9999.0 -9999.0 -9999.0 -9999.0 0.04629850554542409 0.016232080865858974 0.014475401401860679 0.007152045147405747
0.04138815489701793 0.15312579621143366 0.03888638469986893 0.07578886347143234 0.13788344383314072 0.09587091165030655 0.07900495817792086 -9999.0 0.03246731429867306 0.07278102922342967 0.09719247258455686 0.38591382597260787 0.39655890632964386 0.3969934549391587 0.3854159754763044 0.39558235822500926 0.3758525517517425 0.3547810367075455 0.3572991611780829 0.36020316661436985 0.4204508072098567 0.3779880424143946 0.334572881897339 0.30619541990870425 0.2991670044012973 0.29649050115783765 0.31237670908398785 0.3446781020574799 0.3614106195998458 0.37425983774631305 0.27094900795096494 0.07786341159839871 0.07077103521218789 0.282024206771304 0.06106241702772072 0.1885742128230576 0.27156425235714304 0.3033403408078092 0.04503754935319037 0.058243044176052805 0.03329265503083212 0.05195370037895077 0.0378343097714478 0.021135733491508275 0.05308359766626978 0.016305632603354433 0.00647028785683271 0.01705915533846662 0.02114508260028997 0.009230453882042754 0.024387512784822152 0.02280484026682554 0.01004183128594018 0.006595764446835275 0.038365324988064185 0.3296861795433129 0.02206320584364294 0.050334453875978506 0.3374034928385835
0.04239862162873326 0.21843923728699083 -9999.0 0.08167623240597684 0.39830531782042816 0.13047908470119168 0.08029826750026114 0.04025408082220087 -9999.0 0.42995047039413775 0.4011333718518896 0.4031160051006599 0.4324069073650162 0.4309016865443547 0.40064678047875646 0.3881528794606673 0.37341312684004213 0.3950170349601428 0.40032915195976976 0.38461648488514033 0.3478411624183381 0.3559613992096981 0.3306336258069756 0.13083900174612845 0.34845926552882683 0.06474621904244185 0.3424636022850927 0.08679546880781591 0.3391563487712545 0.11894733754957765 0.11713359964552847 0.10987944880438129 0.11449409654980691 0.2882086138216229 0.25017300538801346 0.06130219826223316 0.278671051144088 0.33522828812788436 0.2494615470736137 0.07710444759714713 0.07019277939392923 0.0843351755922325 0.07025777619603002 0.06629113804558806 0.05001553662818358 0.03610649773947591 0.0382455736812565 0.051038050355941784 0.019703198913357967 0.01688760480538588 0.04331351552893496 0.020758677895294293 0.020929872125424173 0.043081437775251905 0.3590883112895512 0.3563333876185058 0.32944509971705216 0.35447720409822425 0.37048999460799115
0.04563993102463819 0.031806523122527845 0.03505087319299306 0.05445806040016266 0.11681836536417749 0.12461906858540765 0.05905981222013652 0.057553008797152964 0.09110163316718076 0.42920812402442726 0.43631891086597907 0.4386968632745283 0.37725581421306426 0.3734617274293739 0.3808675758869366 0.3845623780092414 0.40707569225192775 0.379080856464713 0.38699952721332903 0.2839832112166638 0.2989067200418065 0.09333515219440525 0.26394562602787175 0.21601986097358888 0.3961358177316225 0.20032097604293142 0.2698895828651039 0.2656903216770086 0.2885726808236831 0.3067857236802035 0.10119255779310882 0.3113141917100579 0.23811314848633636 0.3021787442971609 0.3218450759907132 0.28924278822593213 0.2290124421473082 0.20905597439637574 0.2242661572331288 0.07444396001190906 -9999.0 0.006121709647066628 0.03431635028666937 0.002991721409827331 0.03101757727485982 0.06234084130017535 0.05702689282215794 0.061800426128430744 0.07481544471253813 0.06264111556237832 0.07224415719329565 0.06804854396417526 0.24606872538971156 0.3584201121953426 0.3856797324970206 0.3533149622781353 0.34210409450885165 0.312119709921687 0.2841027982741483
0.23836293287186278 0.037652894062398405 0.02792659075718627 0.017155520825667292 0.06441559355373601 0.03378929278082162 0.04115323729831207 0.1267829956708699 0.3749014544120493 0.3731338658393891 0.3965154928640937 0.38559763975131695 0.37416939677896943 0.35707576154687737 0.36523715461870043 0.3803764889617928 0.4144652701352789 0.4182903468141304 0.3803761418053055 0.38208319970609894 0.315701224474588 0.3272615383041924 0.25112330274821765 0.3808988571839987 0.2752327107513642 0.12825170289628832 0.12232809333688348 0.1323023961760926 0.13174816960345187 0.0723352763530178 0.3230683279350798 0.28621119533342637 0.2894624250375311 0.31424617107487973 0.31411069688323195 0.12845113329747312 0.12086087711239923 0.10105342446180451 0.0873283446702757 0.017031161377690836 0.20347921849776665 0.022744927390716613 0.21936523381963632 0.05974416852625727 0.09922229852301391 0.05836619579009621 0.11387425657519928 0.24530261746527926 0.26479688637430787 0.09912473102016107 0.3372357872939354 0.10433139663510647 0.2933849548375411 0.2896143432400436 0.3780987330360534 0.08663274480049857 0.05101433132722605 0.07207752447768687 0.2551238672396374
0.18040987515337542 0.21776524779528722 -9999.0 0.029047799156390833 -9999.0 0.0531778104499889 0.383697422453278 0.37288732539231145 0.34750154158867524 0.36195252893240104 0.3817526786097188 0.3758556326217113 0.34356002854170087 0.13287022801530995 0.12835539379924538 0.1408912092930613 0.12066991638787239 0.13343808696201367 0.11671247946561229 0.12701653264491 0.13255202949102582 0.1349902432741431 0.1314806181564072 0.13013960798504684 0.12842877310578754 0.13080908768339472 0.13559336356732418 0.1344646171980844 0.05600851868398265 0.136728063086539 0.10725354940793551 0.14754783884079015 0.15311131804040257 0.1449559926874482 0.12152144299175399 0.13386655653303348 0.12654384571601254 0.1315562727828389 0.12045222489412419 0.025802615779981625 0.10403832290673869 0.11938078915078723 0.032037989643499125 0.023344918361303056 0.09525344691275797 0.07858538100946703 0.2521001450302857 0.25429104594882995 0.2674491980626152 0.2974835844073983 0.30926593246500017 0.08941591092774794 0.31233102567895354 0.2973512798475597 0.3068404583406124 0.33412561669319285 0.06750343120278847 0.015710477669197375 0.004925487544903989
0.21063188377870115 0.04161247057903582 0.0639995495964578 0.10477287636308265 0.08822058070858035 0.19829055289277245 0.36656770930806876 0.3720353623732693 0.373018614832885 0.3660807494224831 0.15865894758927218 0.13109265965260541 0.13083349792265045 0.12677573748356305 0.13692028566793513 0.12967548497053794 0.12386547317898855 0.1387873843682051 0.13007074953086564 0.13107883132087644 0.13689445328506505 0.14047527160851053 0.1279263909098613 0.07915400751879471 0.13358490424022684 0.0777443336351969 0.13421599676206503 0.13551411971383118 0.14057128766446833 0.13147107483504256 0.068670044380219 0.1347079985242848 0.13511072347762423 0.1356756260172515 0.12323456754878745 0.04045171197342259 0.037973677253651486 0.06050052090062294 0.061653705997772215 0.06327906926681175 0.06321764156329487 0.05830846375090602 0.026812265244864342 0.02230533958563979 0.02429217723421523 0.1377639330243593 0.02250544845980766 0.09501018737438123 0.2815867389806867 0.2788418465253093 0.34144549098194693 0.32333732517897257 0.3625700639667274 0.03602262430520113 0.3397863895528532 0.31243374706581056 0.2624135104605665 0.27618237421400305 0.23984751467606366
0.32261161433965285 0.03668172335311458 0.0648926410417846 0.14943445119136292 0.10794865532463287 0.3396289001781955 0.1997496788785815 0.11619777639732587 0.0914321869177622 0.11720256991645403 0.1365284556441947 0.07899578870364715 0.14184169989368772 0.14668381369085673 0.08287997124710621 0.07895003679827764 0.08190753185575185 0.08184722037636914 0.08118943633750829 0.07954566770965643 0.08059134252668819 0.07992190599819309 0.08013266388867611 0.13568291025534723 0.13116299548793217 0.1355989363810993 0.07497210553045384 0.14217129075949017 0.138017725917348 0.13950374830894322 0.1348016921396092 0.06904015612299595 0.0677549039209691 0.05900228625112538 0.06100976196521963 0.06567161495646277 0.06416750296730442 0.06382642592249664 0.06198111565353894 0.059494472980201066 0.06178778563701721 0.06321971153515635 0.06442499907363183 0.058436588197792086 0.027255893952658126 0.03144281263584815 0.029785357716467564 0.15103204617056665 0.2733626624619855 0.2908008602553403 0.2970254961085744 0.302620779041053 0.33533504271308606 0.3518468439668256 0.36432148787714574 0.35779738443995185 0.07784968230585292 0.27274807139825563 0.2715613414057007
0.40300788743793325 0.2215629817591347 0.06207132840572399 -9999.0 0.19396205205424027 0.12595187336199362 0.14116127522823935 0.1277907403170832 0.12038543032497996 0.14861823393584883 0.13706185890651548 0.08249214199325862 0.08005079989850619 0.07897085060428459 0.07705579369056159 0.07991984251727763 0.07881749302126427 0.06730453037518516 0.0787062350712752 0.076996326644874 0.07918618241849244 0.07849900921178135 0.0797379163555158 0.13312588880490056 0.0744522512436057 0.13372933675851026 0.1309627406166893 0.12764191477882708 0.12951691523045883 0.13849472838114363 0.13622820434733626 0.06812895201970165 0.0650938799279716 0.06560503060223519 0.06329428668487488 0.06348163021478778 0.059553789123265886 0.06279942610098989 0.06183886906130008 0.062353453075621075 0.05921834537286382 0.05942285169326197 0.06286626631844734 0.06347802293988324 0.06319012166675594 0.0286875587959439 0.0254402002765913 0.021386595222547263 0.03419408755414005 0.2986464896542699 0.3069108750880955 0.2972605142264705 0.2809247541190515 0.3189640697242715 0.30242700350177626 0.08328543632619229 0.0040465924466635715 0.26101156673769055 0.2789608100926215
0.1780427585711522 0.14830381730463757 0.014057622929796315 0.014028651784148924 0.13088987964761775 0.14346606084301716 0.12568139087494265 0.03623905158150312 0.1285066964703834 0.047420570514492305 0.08281418258944458 0.08358492797074626 0.08039957065185097 0.07953035375088259 0.07823233300070186 0.07774647418363383 0.0766210780284313 0.05887516575932235 0.07910122696678548 0.07908417652018224 0.07929797378193973 0.07928721578699618 0.07915992833669705 0.0789703893230054 0.0770319717687506 0.13523548193781568 0.07432262947398877 0.07352384459361959 0.13716932824635905 0.13551410214893078 0.13372177262676896 0.1360300136943845 0.06517336698152747 0.06520878696617334 0.06331537921041963 0.06359784349056682 0.06291279269498562 0.06283553952997584 0.0614341501298435 0.05877132231149023 0.06127618560827387 0.05920129661366524 0.06281071090176199 0.06118169456270246 0.0646891914954199 0.05975517516784159 0.02556836426816772 0.03343693405870468 0.0344476266612751 0.08845707561227244 0.2892484228235858 0.28841252520393273 0.28977052491315464 0.29877442877176213 0.283998734896194 0.314989489117443 0.29909182432834663 0.29452204935632487 0.3034004460730907
0.037627871140337735 0.02713519179520489 0.017770600073879653 0.025729381290364086 0.1341637005511641 0.036361229290512144 0.03449746902242842 0.0328225815955731 0.03702500837657612 0.07632841802856466 0.07356138858574163 0.07525631887989996 0.07165805288343607 0.05124062056683951 0.04994103538229234 0.05358773599060938 0.054472675436361404 0.05448178409035333 0.05303118689460093 0.05331148755700521 0.06088924794642323 0.07251635331283506 0.0730434239858144 0.07308651627480034 0.07081770289655834 0.07098563854934424 0.06933847883558308 0.06953948459894675 0.06537686233690938 0.1318376809940893 0.06544036061201938 0.06593261297205127 0.06420100508834728 0.06413280649233859 0.0603441159159786 0.06125073196103452 0.05996284772710897 0.058738174913667375 0.055541373675562174 0.05345850537972148 0.05535270257224374 0.040101886998360536 0.04642846388122939 0.04814466039751281 0.05691955900354659 0.05466010896787309 0.04864143034479104 0.015791909535868287 0.01569622935653558 0.01267982980844225 0.2842234206371531 0.2871014216099404 0.27122343605982824 0.2506342145667685 0.23208217953607738 0.04927785982852276 0.058781657214932066 0.021651057313125534 0.013449395185452495
0.03977889115519512 0.03446006080987243 0.03292664287652004 0.026817449395590793 0.04213353800562497 0.045468032909404266 0.035610603001533125 0.03520470913939577 0.03286494298115748 0.03327094289690972 0.03572243569696887 0.06460597028524999 0.05483235257825046 0.05497525562405356 0.04979941803137211 0.05535752239683383 0.056284570813991054 0.05451579685489181 0.05511267306503996 0.05333396601854575 0.06255130367430102 0.05902356474769236 0.06003839735430073 0.056156199285839266 0.0710116635443717 0.06976547173928487 0.06930040242348122 0.0698439681900613 0.06626760660539828 0.06630991760474524 0.06203465382941928 0.06389773096363896 0.06318447021226258 0.06330582835889363 0.06116424660043461 0.061337106182234896 0.054906843564990336 0.060246796190582076 0.05567489127938676 0.057010588693023084 0.04945540692164072 0.04375947911026747 0.04550606084934818 0.0468253967314031 0.04905014984356276 0.04621017398016753 0.04764313775257053 0.024315019536381495 0.021375672553992236 0.056526920477782905 0.12708369310094436 0.2868509466557051 0.11275833391421122 0.04923501867791464 0.047639549064763816 0.02571799908100321 0.011367006760598684 0.0167200856473367 0.016894554496059325
