critload/trunk/output/1999/nue_crit_gw.asc
ncols 720
nrows 360
xllcorner -180.0
yllcorner -90.0
cellsize 0.5
NODATA_value -9999.0
[rows 52 to 77 of 360, columns 360 to 419 of 720]
-9999.0 -9999.0 -9999.0 -9999.0 -9999.0 -9999.0 -9999.0 -9999.0 -9999.0 -9999.0 -9999.0 -9999.0 -9999.0 -9999.0 -9999.0 -9999.0 0.3457082988865747 0.34039253476515946 0.3783087092578761 0.4551477244647665 0.3315704372082647 0.3248832360623823 0.4133566158870442 -9999.0 -9999.0 -9999.0 0.26500011107780647 -9999.0 -9999.0 -9999.0 0.6279266249182011 -9999.0 -9999.0 -9999.0 -9999.0 -9999.0 -9999.0 -9999.0 0.4874257829661206 0.49971434050186603 0.6065052528926573 0.5644956409680619 -9999.0 -9999.0 -9999.0 0.9563127660497666 0.8190239193898262 0.8054918129756009 0.7181747449450323 0.7700376797189731 0.8280585432947626 0.8588400516047708 0.7703999018984808 0.7866218649134973 0.859682920331329 0.7492391559356185 0.7478486801110282 -9999.0 -9999.0 -9999.0
-9999.0 -9999.0 -9999.0 -9999.0 -9999.0 -9999.0 -9999.0 -9999.0 -9999.0 -9999.0 -9999.0 -9999.0 -9999.0 -9999.0 0.31903314522522064 0.33732164945759063 -9999.0 0.27422832069303205 0.3116530001812015 -9999.0 0.387937644939805 -9999.0 -9999.0 -9999.0 -9999.0 -9999.0 -9999.0 -9999.0 -9999.0 0.6221412442279468 -9999.0 -9999.0 -9999.0 -9999.0 0.48406038331279294 -9999.0 -9999.0 0.4666627091004552 0.657458364756044 -9999.0 -9999.0 -9999.0 0.4231461397061564 0.7630931778426542 0.9455847389454469 0.9090635645531125 0.881946401251516 0.7649519310660496 0.7529369175617523 0.7733432607198286 0.6725569506723654 0.7165222870284564 0.6883530425164661 0.6647406168544255 0.8357936218985133 0.8957607368185495 0.7317717694553303 0.6377691059927596 0.7330293785163061 0.6600373209524105
-9999.0 -9999.0 -9999.0 -9999.0 -9999.0 -9999.0 -9999.0 -9999.0 -9999.0 -9999.0 -9999.0 -9999.0 -9999.0 0.31288112113159483 0.26192450162557784 -9999.0 -9999.0 -9999.0 -9999.0 -9999.0 -9999.0 -9999.0 -9999.0 -9999.0 -9999.0 -9999.0 -9999.0 -9999.0 -9999.0 -9999.0 -9999.0 -9999.0 -9999.0 -9999.0 0.49148417212157897 0.48847415323268684 -9999.0 -9999.0 -9999.0 -9999.0 -9999.0 -9999.0 0.9192669328638557 0.9409933822740321 0.9598191010646744 0.9294643689057089 0.8149655926602106 0.7835385630373238 0.6462157495869522 -9999.0 -9999.0 0.6729649621525396 0.5983725073967917 -9999.0 -9999.0 0.870249868593208 0.5906328425756187 0.5627791821661174 0.6425160937424321 0.6285934813602639
-9999.0 -9999.0 -9999.0 -9999.0 -9999.0 -9999.0 -9999.0 -9999.0 -9999.0 -9999.0 -9999.0 0.247241121361398 0.24263678521663382 -9999.0 -9999.0 -9999.0 -9999.0 -9999.0 -9999.0 -9999.0 -9999.0 -9999.0 -9999.0 -9999.0 -9999.0 -9999.0 -9999.0 -9999.0 0.4749418723234911 0.4583868676073577 -9999.0 -9999.0 -9999.0 -9999.0 0.5706693632209876 0.7683881341479563 -9999.0 -9999.0 -9999.0 -9999.0 -9999.0 -9999.0 0.6680295141933242 0.8808611616653985 0.8642142316697419 0.877537435740615 -9999.0 0.7901401208990515 -9999.0 0.7147388426330703 -9999.0 0.6034804476054838 -9999.0 0.5427392042931357 0.6248467229509724 0.6219076926369435 -9999.0 0.5616258721049443 0.5565909470890946 -9999.0
-9999.0 -9999.0 -9999.0 -9999.0 -9999.0 -9999.0 -9999.0 -9999.0 -9999.0 0.2728692382486916 0.20365437425401434 0.19214952533209373 -9999.0 -9999.0 -9999.0 -9999.0 -9999.0 -9999.0 -9999.0 -9999.0 -9999.0 -9999.0 0.6922339083540141 -9999.0 0.4991498618004941 -9999.0 0.47173842721658404 -9999.0 -9999.0 -9999.0 -9999.0 -9999.0 -9999.0 0.490625604409254 0.6329983869651569 -9999.0 -9999.0 -9999.0 -9999.0 -9999.0 -9999.0 -9999.0 0.6362013367471374 0.94044708921793 0.6935007106435003 0.7441886216188561 0.8002423502766693 0.6747160099949219 0.8326088108308339 -9999.0 0.8022985214850183 0.6945610937116782 0.6605395844974987 0.6785131959408263 0.5883762120836135 0.6881472573982761 0.7083546562916543 0.710348078605667 0.7081539492993598 0.6984739335520254
-9999.0 -9999.0 -9999.0 -9999.0 -9999.0 -9999.0 -9999.0 -9999.0 -9999.0 0.2584159214656299 -9999.0 0.21472145995983707 -9999.0 -9999.0 -9999.0 -9999.0 -9999.0 -9999.0 -9999.0 -9999.0 -9999.0 0.6593392490314699 0.6347590862758055 -9999.0 -9999.0 -9999.0 0.4379887274323055 0.4151352525272509 0.41111609127207793 -9999.0 -9999.0 -9999.0 0.49142210715231155 0.47548579384146256 0.571532717073425 -9999.0 -9999.0 -9999.0 -9999.0 -9999.0 -9999.0 -9999.0 0.4777278593529414 0.8262322372599284 0.7623818391278366 0.7999724889626895 0.7716552130539759 0.8451238913361873 0.8875254765846898 0.8203177899816623 0.8196871802093877 0.8008540149295397 0.631375594325169 0.6329153148927217 0.6269398221808538 0.6336525984857989 0.9960251748163443 0.6663600457494245 0.15389638052378646 0.1466346091034085
-9999.0 -9999.0 -9999.0 -9999.0 -9999.0 -9999.0 -9999.0 -9999.0 -9999.0 0.3193173988497392 0.15281110653642468 -9999.0 -9999.0 -9999.0 -9999.0 -9999.0 -9999.0 -9999.0 -9999.0 -9999.0 -9999.0 0.7358830568853539 0.8137236477153923 0.7044974122687901 0.6940332911770344 0.3810520656604881 0.4076884125280869 -9999.0 0.39586964191218843 0.49769476238932364 -9999.0 0.4750879056372601 0.46747495306451337 0.5214193400472724 0.5919974940395064 0.6549638763072436 -9999.0 -9999.0 -9999.0 -9999.0 -9999.0 -9999.0 0.5817499277487134 0.7561606395020583 0.630086192249701 0.5861669511411917 0.6205471704959292 0.6999677310805562 0.7341070590491385 0.6771508660520851 0.6407325192810688 0.5629080966794173 0.6837528963207785 0.6664727651201622 0.8220737057922316 0.7998707201610066 0.21510963305344474 0.2351999169052744 0.1739205778638167 0.4994366412550931
-9999.0 -9999.0 -9999.0 -9999.0 -9999.0 -9999.0 -9999.0 -9999.0 -9999.0 -9999.0 -9999.0 0.15526240661351387 0.21262418868781136 -9999.0 -9999.0 -9999.0 -9999.0 -9999.0 -9999.0 -9999.0 0.6583381782796454 0.6230319760443813 0.6343822292111982 0.705094813062455 0.695031466396302 -9999.0 -9999.0 0.3865967809689632 -9999.0 -9999.0 0.4869019759356935 0.5739249227170653 0.5969874960739295 0.5549168494119184 0.7822323883431602 0.9886992252387046 0.9929134159534099 0.7447222275050075 -9999.0 0.6810852067805946 0.6525740457171881 -9999.0 -9999.0 0.5774558939173099 0.5829402734844803 0.6457197996790509 0.5845747476225222 0.6210133182392149 0.6096946392619841 0.6192753988048687 0.5803371737780706 0.7009315526454226 0.6402883231342422 0.7339190364276182 -9999.0 -9999.0 -9999.0 0.17616038324148878 0.16772494755331444 0.42445907664537436
-9999.0 -9999.0 -9999.0 -9999.0 -9999.0 -9999.0 -9999.0 -9999.0 -9999.0 -9999.0 0.23281898188217817 0.21258069091791496 -9999.0 -9999.0 -9999.0 -9999.0 -9999.0 -9999.0 -9999.0 0.5785854471497814 0.6451556904398829 0.6477281820470807 0.6239905776324319 0.7082526012464921 0.5318929905481778 0.5735364616568916 0.47962176603911333 0.5126816899874539 -9999.0 0.436769619322821 0.5457117195531378 0.6622579713741735 0.73463039690681 0.6326212306399543 0.6713969205894437 0.7264269848153146 0.9900359627585488 0.9898877187887822 -9999.0 -9999.0 -9999.0 -9999.0 -9999.0 -9999.0 -9999.0 0.5656007630724731 0.549894083680791 0.7790690653612832 -9999.0 -9999.0 -9999.0 0.21141622131346516 0.26959568966633113 0.23494889175599823 -9999.0 -9999.0 0.13508898195063673 0.18629475621639424 0.15990187734053565 0.1722146183684479
-9999.0 -9999.0 -9999.0 -9999.0 -9999.0 -9999.0 -9999.0 -9999.0 -9999.0 -9999.0 0.4375447709678502 0.29228358572770696 0.19800030907398103 -9999.0 -9999.0 -9999.0 0.4665675647526184 0.425923786726243 -9999.0 0.5253468550259365 0.5506735149867524 0.586621782880963 0.6831951127801383 0.6516070459314665 -9999.0 0.6023215129886019 0.6394340348684897 0.6254999237272423 0.6446247881945112 0.7060027739512839 0.5594697549934183 0.7514401422111456 0.7977866834396933 0.9894073998685121 0.9886800159564584 0.9587277048714835 0.5098374704218706 0.434088656085981 -9999.0 -9999.0 -9999.0 -9999.0 -9999.0 -9999.0 -9999.0 0.29213751052361914 0.8609855777355967 0.23427953768667792 0.23332814283475445 0.4090793896566029 0.21060803776821677 0.4806662710089117 0.5634580358166632 0.6025353551390188 0.2640214089230832 0.2503055446334854 0.1712559901966502 0.1842478876580739 0.22321553820942805 0.17415396168274722
-9999.0 -9999.0 -9999.0 -9999.0 -9999.0 -9999.0 -9999.0 -9999.0 -9999.0 -9999.0 -9999.0 0.35344576674440037 0.2728514510335617 0.23804535572675908 0.26490311146997036 0.36366487773716244 0.3947078541525478 0.4627023978842186 -9999.0 0.6710301877500369 -9999.0 -9999.0 0.6662088021091511 -9999.0 0.5394884317459415 0.6386414639706757 0.5244100409961515 0.7065732029418 0.7729047569397202 0.7328865420568591 0.7494994518847117 0.9138909144093358 0.9773130793728584 0.9895978698808149 0.9898795503751726 0.681891783586929 -9999.0 -9999.0 -9999.0 -9999.0 -9999.0 -9999.0 -9999.0 -9999.0 0.19822960294962527 0.27379908261803626 0.17900294328176658 0.333992607223807 0.6878630539958134 0.47052996673445746 0.5541894489550756 0.5243319926365775 0.6357445256461234 0.5630551158448378 0.9969490828213552 0.5804729367494553 0.11320547123776938 0.13759698773880785 0.1381768253631877 0.18485260881707555
-9999.0 -9999.0 -9999.0 -9999.0 -9999.0 -9999.0 -9999.0 -9999.0 -9999.0 -9999.0 -9999.0 -9999.0 0.46046110333457296 0.3173605506341971 0.30428501062218144 0.27963709174259477 0.3462443070667206 0.5418903757983594 -9999.0 -9999.0 -9999.0 -9999.0 -9999.0 0.45897946823252017 0.33437095012977003 0.4068604739625516 0.4248709292981752 0.489589154379907 0.7618023878658716 0.8418635819822526 0.790344848280863 0.9604371501130193 0.9654209380766304 0.9808592691215252 -9999.0 -9999.0 -9999.0 -9999.0 -9999.0 -9999.0 -9999.0 -9999.0 -9999.0 -9999.0 0.27023328015029996 0.2948103287405258 0.1044284505544593 0.5058964202131281 0.5005209716774689 0.3655190697044142 0.6594665350186613 0.6416589541569497 0.7373718824822146 0.7312600101662907 0.6734933963259705 0.3444563807579344 0.441455589581189 0.11044400947296916 0.17510865844253448 0.24990479507782762
-9999.0 -9999.0 -9999.0 -9999.0 -9999.0 -9999.0 -9999.0 -9999.0 -9999.0 -9999.0 -9999.0 -9999.0 -9999.0 -9999.0 -9999.0 -9999.0 -9999.0 -9999.0 -9999.0 0.6391285532971526 0.5431017678386986 -9999.0 -9999.0 0.45731127770335067 0.46132073203650537 -9999.0 0.402139511079722 -9999.0 0.6629831107237382 0.6434763580310995 0.7542214436121621 0.823073886662529 0.9578427857670689 0.6416464605130843 -9999.0 -9999.0 0.6002412233519865 0.9878645181477337 0.5324756656298896 -9999.0 -9999.0 -9999.0 -9999.0 0.2538113000939658 0.3591446623046386 0.28594255860597634 -9999.0 -9999.0 -9999.0 0.5640389305324377 0.6177567498775481 0.5726049883814187 0.31082329969931916 0.6251026546086109 0.5608868401203779 0.4340498960096352 0.5530534658808409 0.45613393605823144 0.2448551621372841 0.389915858987169
-9999.0 -9999.0 -9999.0 -9999.0 -9999.0 -9999.0 -9999.0 -9999.0 -9999.0 -9999.0 -9999.0 -9999.0 -9999.0 -9999.0 -9999.0 -9999.0 -9999.0 0.6526104233514701 0.55577333717655 0.6209100259154846 0.6772405340106409 0.7114526171531944 0.4762869296610231 0.5831167404853113 0.48694629637868103 0.517366658173959 -9999.0 -9999.0 0.5314590360847044 -9999.0 -9999.0 0.764797668361357 0.9030832047882617 0.8184326803176395 0.8147013086553778 -9999.0 0.9937665383911628 0.8280184601166666 -9999.0 -9999.0 -9999.0 -9999.0 0.5372705616960805 0.47514020251148154 0.36613951373919473 0.3474488743920933 0.2518524526582118 -9999.0 0.25073436602354415 0.23231308643535364 0.32354643751149115 0.3863581601086386 0.3596775715716752 0.5078468144582136 0.34466093914986584 0.3692342769968893 0.4932480212853279 0.5249519876241997 0.24294686449033423 0.27645193551178915
-9999.0 -9999.0 -9999.0 -9999.0 -9999.0 -9999.0 -9999.0 -9999.0 -9999.0 -9999.0 -9999.0 -9999.0 -9999.0 -9999.0 -9999.0 -9999.0 0.5848751692816381 0.6240679253331302 0.6779287433601926 0.6384689378216909 0.9374347363659331 -9999.0 -9999.0 -9999.0 0.5838268843210784 0.48462529961038026 0.5246263818599141 0.5444676056245363 0.5204296939634496 0.7688511433787928 0.6327899741043408 0.6746489646245959 0.9327911460828442 0.8144729424742938 -9999.0 -9999.0 0.6536003851468207 -9999.0 -9999.0 -9999.0 -9999.0 -9999.0 0.5192052722845208 0.37909433021798217 0.48106871107016497 0.47068011054732645 0.5458934234174907 0.5882778746963887 0.5299360424370952 0.4451765752560974 0.46292691815017106 0.5711024285311653 0.44252499055692407 0.6940900773494987 0.5433455410612081 0.7037011390931832 0.476658033710102 0.5223726905338599 0.1454966380435413 0.2049626073172229
-9999.0 -9999.0 -9999.0 -9999.0 -9999.0 -9999.0 -9999.0 -9999.0 -9999.0 -9999.0 -9999.0 -9999.0 -9999.0 -9999.0 -9999.0 -9999.0 0.6256218791022479 0.6364688463467966 0.6845204358661446 0.6371660789744005 0.694899211807816 0.7613426789449844 -9999.0 -9999.0 0.7024553515816361 0.5103794073207394 0.43006850005746755 0.446744212989506 0.49585010465807755 0.6817719523166853 0.7825245799391963 0.850730467290969 0.8174170868061545 0.7032914763800185 -9999.0 -9999.0 -9999.0 -9999.0 -9999.0 -9999.0 -9999.0 -9999.0 0.4668191498541713 0.295669246546158 0.31196298829843094 0.45129303628361744 0.23815498718422726 0.39622396635073454 0.4224689953859675 0.41389641852523373 0.42615591810162623 0.25716238046977447 0.4221214796941809 0.6880827224347298 0.4542470206979615 0.32934687500200627 0.21433458320474813 0.5111419636914151 0.18349256367814937 0.27365047182325597
-9999.0 -9999.0 -9999.0 -9999.0 -9999.0 -9999.0 -9999.0 -9999.0 -9999.0 -9999.0 -9999.0 -9999.0 -9999.0 -9999.0 -9999.0 -9999.0 0.6126968031180478 0.6278529843768046 0.5784614916579492 0.6117605365696211 0.5969983748008383 0.6706754158618021 0.7490852967544699 0.7400463491148429 0.7256682499280095 0.5668776738186363 0.5318637406660995 0.5302127907424468 0.5814891044597635 -9999.0 -9999.0 -9999.0 -9999.0 -9999.0 -9999.0 -9999.0 -9999.0 -9999.0 -9999.0 -9999.0 -9999.0 -9999.0 0.43695408777682426 0.22832677746282903 0.3462878186869455 0.46738246650384846 0.43914683360638734 0.4261415010429951 0.37873738698142667 0.356641555525969 0.6202293224547575 0.41483102613808864 0.1051314138956328 0.5584900546720374 0.3051674113587353 0.5926071356403217 0.6976010556882812 0.4104508694153407 0.3469019171661929 0.37343269455120737
-9999.0 -9999.0 -9999.0 -9999.0 -9999.0 -9999.0 -9999.0 -9999.0 -9999.0 -9999.0 -9999.0 -9999.0 -9999.0 -9999.0 -9999.0 -9999.0 0.5015740709588941 0.6594210426099647 0.5812004230426987 0.6631531096492914 0.7158218183294774 0.7449051760249619 0.7151467430305077 0.7613014921933835 0.7722022707854538 0.6102341937547924 0.5936900642416157 0.5719244460790227 0.5987350838581535 0.7175916469593349 0.7718289399489624 -9999.0 -9999.0 -9999.0 -9999.0 -9999.0 -9999.0 -9999.0 -9999.0 -9999.0 -9999.0 -9999.0 0.44117911219690675 0.48622186844531295 0.4415145343424401 0.476215630670016 0.5421831582685245 0.40417107305794386 0.3333853643234289 0.45796780276937527 0.36948531807292784 0.18367517825804605 0.43664559192342695 0.5349961192893076 0.36215650380215264 0.5948783500810886 0.3563536022454469 0.603486125130684 0.7108588651211012 0.6434277126794437
-9999.0 -9999.0 -9999.0 -9999.0 -9999.0 -9999.0 -9999.0 -9999.0 -9999.0 -9999.0 -9999.0 -9999.0 -9999.0 -9999.0 -9999.0 -9999.0 0.5146981244785656 0.5627557351355865 0.5855207983804386 0.6676175878025401 0.6184622539965506 0.6484812978393444 0.7484008872002322 0.7816843377972991 0.7617639819335468 -9999.0 0.6195487715280367 0.5858051049503271 -9999.0 -9999.0 -9999.0 -9999.0 -9999.0 0.5126090160794028 0.5918535508589724 0.45715850507591094 0.6334538730536744 -9999.0 -9999.0 0.5811633857094117 0.4563164188415893 0.4255912280957978 0.4458912717255028 0.4906005851316436 0.5094085532966895 0.543153976180107 0.4119825348634723 0.39544913842908413 0.5367073923522646 0.471551399314157 0.4659399049976654 0.3699216231365741 0.4222111353106257 0.5034369479214459 0.5534384017071338 0.6203944110719717 0.3595126085741067 0.5046778783592674 0.3843960175005651 0.40266583506386894
-9999.0 -9999.0 -9999.0 -9999.0 -9999.0 -9999.0 -9999.0 -9999.0 -9999.0 -9999.0 -9999.0 -9999.0 -9999.0 -9999.0 -9999.0 -9999.0 -9999.0 0.5679773294267766 0.6619278812122217 0.6550577969680775 0.6895445952613795 0.8108461839608677 0.6917728194368066 0.6680215517585492 0.6950438257754393 0.9917259435582219 0.9896559150503269 0.682714839673348 -9999.0 0.3062526065261311 0.4759035752521002 0.5005119706350487 0.497122753727255 0.4089967143375545 0.4533787571000617 0.5528954412632286 0.5810239316296356 0.8266358383801578 0.9588012159010366 0.6709982859140997 0.5956755163434466 0.5739124327949714 0.6161309285049769 0.6419261318179376 0.6038789132043324 0.7213344481491184 0.5703121595100131 0.4019119819466333 0.2670473383883313 0.25847131839868864 0.44221512466469876 0.4043268439049879 0.3943680507559346 0.3877080590769389 0.35844908706996115 0.5285717078202001 0.38455625832486123 0.5212507399165303 0.5756542253753024 0.6397096985386976
0.4465807742638173 -9999.0 -9999.0 -9999.0 -9999.0 -9999.0 -9999.0 -9999.0 -9999.0 -9999.0 -9999.0 -9999.0 -9999.0 -9999.0 0.5639100020661276 0.4617008613989598 0.45968253069071685 0.3070200217032988 0.6673696131687156 0.6998691483220688 0.754539812550283 0.7855448169664572 0.7671724270784432 0.7415149580898972 0.7708127809473971 0.9336359862878094 0.939068256426839 0.8508132920475959 0.7755263736924318 0.6325464707266489 0.5350291110003894 0.536717626064937 0.43112314434013865 0.46731536387715195 0.5198448793971561 0.47910534488831114 0.5524018767097937 0.673552024428777 0.9294872251879225 0.6784585571137767 0.6012266363317894 0.5753873043684808 0.5677027409399383 0.6499001362992134 0.6322618578075281 0.7156010736784859 0.9679380275998698 0.5931508933208168 0.4281108439060185 0.4510283306311841 0.5684988933913179 0.47955970458738717 0.4023726595392397 0.4152656451674804 0.5308671418900429 0.5559888300971358 0.4408709430676661 0.37531146126348686 0.37414390898151073 0.4195593490273187
0.5678892462121972 -9999.0 -9999.0 -9999.0 -9999.0 -9999.0 -9999.0 -9999.0 -9999.0 0.5516320437286253 0.566934934093361 0.6455825573740346 0.6466308422415395 0.7035072614367047 0.6235214769270551 0.5663875127738522 0.589920538781949 0.6770784493080425 0.6631916940065725 0.7328207425067585 0.736965431775266 0.8169102510596546 0.7573969402910012 0.7740482742156557 0.9067145492099168 0.9031955855907092 0.918667970491488 0.8864786807666936 0.7255168220390269 0.6819884593710823 0.8582846776903028 0.6497409929417884 0.5552070495893838 0.6287513630200587 0.6773425606784391 0.6560483457933094 0.7247020445550107 0.5682584222415568 0.6833647375592725 0.94334274783244 0.8990674245840965 0.8401812896467452 0.9528013755826262 0.987553830743506 0.7326183669479608 0.7212553409367021 0.6972467476507703 0.8463809547511595 0.6912931278183867 0.7523058175837808 0.7840731572391199 0.6378929924816553 0.566059396427762 0.5758950676892385 0.5206276000524693 0.34967325900892576 0.3170402807258068 0.29331218371949175 0.40665582169931513 0.4900101434778383
0.5698294917491946 0.601878882298621 0.5236626065719184 0.42528833541082445 -9999.0 -9999.0 -9999.0 -9999.0 -9999.0 0.5872288327804057 -9999.0 0.6862979109205795 0.7694917209185075 0.799882613257626 0.6587361153419767 0.7098660810408263 0.723208751234251 0.7772097869799374 0.8058826657980647 0.8100028456431766 0.8584650044784847 0.8823525798492132 0.7280281199838887 0.6762546906209786 0.8124358929986236 0.9855109063712507 0.7652044550515125 0.7742957257569117 0.7225571052869878 0.6180299462463101 0.6812721856471572 0.846836934071261 0.9461477887269281 0.7327504304806277 0.9320438119524787 0.7127894104672786 0.6804251943659099 0.7321068421943424 0.9401378629181453 0.8117609400627811 0.8205126851991559 0.9723938606054356 0.9663881451923891 0.9944199743558488 0.9826478942905721 0.7141646915150738 0.814072903128718 0.6822178109840515 0.9578207634071093 0.9825429628026205 0.908225078637992 0.9887485641898562 0.9357889824989057 0.5999509607614569 0.544224466806417 0.5187434510599281 0.3750333979300579 0.29711007164239506 0.33157188790769215 0.4637726016558374
0.6293767114871576 0.6476833702035125 0.5539705106805113 0.42140456754067396 -9999.0 -9999.0 -9999.0 -9999.0 0.5715649305455103 0.3282473973062828 0.39591254212810223 0.7896290241833471 0.7631396860791244 0.7826615202347682 0.7562359061858015 0.7636039210348978 0.7754678824983072 0.7391243100771573 0.715070803109234 0.7557049769059397 0.8111453027766728 0.7922298236110623 0.8119085840212913 0.8206530798230399 0.7836203528988149 0.7820320533875765 0.7618794153524693 0.8312311568721218 0.8008360492808283 0.5850876735180294 0.746382858580825 0.7013929457768678 0.9564380565099954 0.7127859407727615 0.5607766353719202 0.7118642883910526 0.7763418143723523 0.7667892554319156 0.8580247040511246 0.7441224101896 0.7895801842392801 0.8023968184730184 0.9234509390475866 0.9384593969630649 0.9841999860501461 0.9922546327207966 0.9867500054998475 0.9865402112762482 0.9948189171138471 0.9233312731624121 0.9951398207498323 0.9929439574631193 0.9491902545909522 0.9902254345511137 0.8580493341349311 0.6423295733835627 0.3021686033057299 0.5830256154913738 0.592964122245451 0.48505262937838284
0.6245461049164257 0.5103298716589629 0.40205955876576993 -9999.0 -9999.0 -9999.0 -9999.0 0.6804624794003648 0.6208755509964841 0.6066871378439282 0.6597901126852891 0.7077432274953034 0.6571106458869715 0.7139958947114156 0.691551805201987 0.7098819347167227 0.7327720755641737 0.7154318681132774 0.7138709491742959 0.7566487658650654 0.8149050129638028 0.800093509775238 0.819323652217162 0.8001723231597488 0.8493313738940925 0.8922229414901616 0.8399854818830019 0.8017647572261403 0.8165069552151762 0.9190983729610578 0.6397612090296715 0.7372430284775571 0.6545603336609669 0.9091582188688623 0.8099553054144186 0.9506168918138964 0.9766360050341363 0.8684803889807888 0.9405991083404024 0.7623094701374036 0.8456524582012361 0.9901496044615045 0.9609104716919857 0.993962647130417 0.9937518790758612 0.9573577755187078 0.9946304843089359 0.9958173090400609 0.9958148678893456 0.9752064369785802 0.9963166764081742 0.9290620354920885 0.945358970561184 0.9492437073512295 0.37633517491522395 0.9951877488658939 0.6017377645311544 0.45215471398450413 0.349091217781349 0.6806309586530597
0.39326759092647084 0.6026010957137193 0.58676222136361 -9999.0 -9999.0 0.4375407661306381 0.5162134291632953 0.5289395863662675 0.6147421185254689 0.6532525188868604 0.6604884344188103 0.8071010500235016 0.7342089397600259 0.6443986720832455 0.5590863969974113 0.5230371170310079 0.6011550351677226 0.6316963624667233 0.7388441219266121 0.7643525140679279 0.8207779201357415 0.8934129546872192 0.8673012864939487 0.8296309296113927 0.8206443178723352 0.9070750484322831 0.9234432649836776 0.8845674922071387 0.8629364369629989 0.8662152004158806 0.8136282417013363 0.6983691327978878 0.7627669521332474 0.912511485251018 0.9821728830867755 0.9908364219706556 0.95223918887771 0.9779313411478132 0.7314316371179669 0.8362235582561263 0.9101819023723441 0.980077486134211 0.989597835356211 0.9397567786977555 0.9938118098094856 0.9294146135172485 0.9890291769311416 0.9719245766105432 0.9945882898958573 0.9943959616461134 0.9952830711587756 0.7950390095872509 0.7666607220388272 0.6723143742776987 0.9949681534098445 0.9942546740204863 0.9799526532255833 0.5580094152705493 0.5931241504335093 0.5728007746462713
