critload/trunk/output/1999/nue_crit_dep.asc
ncols 720
nrows 360
xllcorner -180.0
yllcorner -90.0
cellsize 0.5
NODATA_value -9999.0
[rows 130 to 155 of 360, columns 531 to 589 of 720]
0.3833840725754638 0.4298367777246848 0.4699317687481071 0.39850521987384246 0.5118898300174717 0.5769962297356033 0.5656999324371139 0.39999835588039007 0.5006170652887759 0.5746365024926471 0.27910445611318874 0.3235486999052163 0.37745665694289166 0.41405918671366826 0.32528046952480366 0.06738194222018802 0.2880554645369551 0.11535626723429661 0.12048327277182166 0.03201340321283123 -9999.0 0.15828976786450807 -9999.0 0.0600413876360327 0.29237847938644707 0.5173513114884599 0.33009571871434906 0.4017645830687694 0.34205171209268587 0.3793298768451367 0.9326948606310151 -10.163828134925865 0.5741210064213792 0.7660109204988915 -6.08950253337202 2.0875027550864202 0.5750294679417809 0.6713425827521502 0.9363723019171523 1.6875339660529374 -0.18386378658244526 -0.14326460956217316 -0.18251507245605603 -0.1693830980582351 -0.18311083227515326 -4.063697325693573 -8.107870861935895 1.0827685019345459 -1.7520575418297928 -0.5883276277380624 1.156389272292529 1.3578382549916586 5.144273008393722 -0.42730268121756354 -0.2785110076888985 -0.7382207527316319 -9.093753573000734 -0.5197264006428469 3.525283403366413
0.3754647773848593 0.42579683640735483 0.3912513103594118 0.3952279374083421 0.45525022014862404 0.5082327276518319 0.5950325130397468 0.3599916711190492 0.48153751410648965 0.49253448866574995 0.4169367538998481 0.4024904120186295 0.2685343208010779 0.19149981780653152 0.06167123492139064 -9999.0 0.19804437810575576 0.020357109394974964 0.19877240571674948 0.1257071477162858 0.06781533519001016 0.38253928444745083 0.2710412913182191 0.303908634383259 0.28510004548593393 0.4980815101855391 0.70633040054359 0.38703793606911296 0.4728299627890312 0.36425770819461795 0.5306619882996272 -1.8695937597053776 0.6625544656466077 0.555195018906448 0.48346915200580226 0.6678853228643047 2.2992632406074636 0.7627662533053164 2.291454533051869 -0.16591067285009514 -0.030795100392077526 -0.16197542266791684 31.3605073901279 -7.859069315704554 -5.438784417476639 -3.0795275020590758 -0.8121431573068211 -1.0200486346706397 -1.674898551230443 1.4332174698232667 3.334836501268886 1.9072192581773686 -168.23903611135717 -1.7838339931732645 2.779313941093893 -6.3900002050103195 1.9577070246237396 -0.7971223648559393 5.841364314682604
0.39003820839483494 0.39979034667119606 0.42945923207999703 0.47798425099119385 0.450457688165183 0.44066531810048415 0.4879763062841937 0.5076780737191988 0.5554226584926385 0.4032286922848274 0.49647000672523234 0.3702368306980214 0.22082188817826934 0.06805155870819217 0.13596091094498167 -9999.0 -9999.0 0.14834277119581354 0.09724247912288138 0.1938882120819356 0.3126696647132435 0.31696757793637714 -9999.0 -9999.0 0.4014035614860884 -9999.0 0.7756370480330763 0.4946723156708567 0.4744684044525024 -0.832684080662945 -0.5536907626119729 -0.35332241937838604 0.7347390335585345 0.6622631069403755 0.5798780919386984 0.47588495656308016 1.2932255428979318 0.5032200113954661 2.4418341823086815 -5.173817145504428 4.149085930438303 -0.2701111732112397 1.3233991113111192 1.487174834133497 1.1139669239376329 3.2240345203703114 1.1105955357803718 0.9512685093624944 1.3552710598686117 -0.5673213671249083 35.79369839767138 3.1345498816459716 3.1257305301869445 1.2366642877505791 1.004035726428669 0.8927871942326332 1.050036205847897 -1.175651679440444 0.8629430855001321
0.5631103631445388 0.4220882230553168 0.382948840324461 0.43563392826373215 0.45035802818673776 0.44803859589595574 0.4758038872663322 0.4938906152084248 0.3115579160418061 0.4714699150044239 0.46757324339912143 0.5048412760549233 0.3086902023340813 0.24500468198001268 -9999.0 -9999.0 -9999.0 0.43158673632483063 -9999.0 0.40248242788694216 0.4174579012246115 0.16303639244782545 0.10742356762864574 -9999.0 0.16307236572746175 -0.3338379621394668 -0.3713689251193306 -6.034142649437183 0.5296488028649835 1.3560988318174383 -0.4361072110729967 -0.901726736001546 1.8061139862405167 0.6201803416437398 0.5844757521781293 2.6218350971595012 4.846813060006842 0.49862214293037765 -480.7590741745247 -1.202142502325174 1.297307613644151 0.9010823665801597 0.9226804095240332 1.3407442329851305 -1.0802456774172227 3.050281892589867 2.352359126485269 1.085021230949234 1.0050149713699068 -86.90481467729724 -0.679954630765701 -7.75226767498218 2.4913210293772807 1.135562899822383 0.6545398036335768 0.664340935206173 0.6823469438684141 0.7213849467412821 0.7407390633081173
0.5041133667532803 0.515437484493658 0.40142598415065844 0.4411607577624179 0.4619019787315731 0.3459219792800413 0.4402551013131034 0.6613490975787644 0.3626465477459849 0.5155811799052762 0.46907518303749707 0.4733414955925902 0.5019667644207727 0.5363977181625056 0.02640277091201286 -9999.0 -9999.0 0.3378984482332924 0.38089895824484465 0.4338899414571396 0.4205903022273021 0.17427074863410702 -9999.0 0.16778613018497113 0.11788087750805976 -0.8992151531785321 -9999.0 -0.5274719712683652 0.3669339879442191 0.80987399972641 -1.245811645031407 -0.408667985739988 -1.0875678450568143 -0.43311899633548834 0.5608527071408369 1.2814880572498237 1.3894693640626192 -0.878081406288888 -0.41673748177681175 -9999.0 -0.0580978958199929 -0.14240488283577182 -0.39365661773003124 0.7635501296086035 0.7436263135122976 0.7902838983292138 -3.760586518862987 0.880922323242846 0.7253963695732445 0.9925783138855749 6.490611755831667 5.666248359071479 1.1481747208485784 0.8467684302549766 0.9284156744235085 0.6276200648388535 0.8787080458471336 0.7362829527393875 -1.272980261139773
0.4705491999812884 0.6099735349331715 0.4040691625806513 0.4498317625404523 0.43212251100041454 0.392987423491412 0.37830735973699986 0.6696053395515503 0.3651255493765752 0.5133810064630143 0.3610263546248127 0.14338047090640527 0.2621202941831225 0.5049124306805082 0.0655636236960361 -9999.0 -9999.0 0.18289240279013325 0.40917232042484425 0.4945502756703798 0.4826668851234536 0.4422673660929773 0.2111693195226493 0.06491527012486656 0.1683262239656232 -0.4330121970771924 -9999.0 -7.770367643889675 0.47939059709996074 0.7693800175802699 -2.018778836991641 -0.09757226999711371 -0.26222915094172644 -0.17867740595552478 -9999.0 -9999.0 -0.5359315468903546 0.6569042643666 0.46332916983259753 21.289648598273914 -0.06570683682838319 -0.04275000701484837 2.2897039390704768 0.7250884208861464 0.7990172988856462 1.0630484118301262 1.3806156691607128 0.785431333627973 1.1159818979944984 2.822675895403662 1.508913362737711 1.7253371401211663 1.700411932557095 0.9243251856937258 0.6166593979407645 0.5540327500559696 0.12708179631803515 0.17695574133291433 -9999.0
0.33886811255469057 0.45433692435448314 0.42753628587861936 0.426928230929239 0.36030099322640197 0.31682416390511847 0.19411490083637847 0.13672385703847809 0.0871636999310659 0.20694786902727083 -9999.0 -9999.0 0.13907119216628844 0.5039853033986231 -9999.0 -9999.0 -9999.0 0.21053338032413826 0.39181886036159486 0.4670238427763543 0.44213045527469946 0.42171979654264513 -9999.0 -9999.0 0.40948145012594966 0.1795058641808946 -9999.0 -9999.0 -9999.0 1.1601679143811816 0.5378131140472323 -0.8981985894880501 0.18786768179798732 -9999.0 -9999.0 -9999.0 -9999.0 -0.03990698073886989 0.23810415406439 0.2700779301769362 0.28391028638863186 -0.568052570038329 -0.13426194776473452 -0.1091421984741377 -0.3006489226361172 1.0986907097503469 -7.457112564247702 4.868075846657707 5.571825477156343 0.35955312382047583 0.3697367992202668 0.2721527263832327 0.28041551758149796 0.22212950936102374 0.15790813932053685 -9999.0 -9999.0 -9999.0 -9999.0
0.47024794945631543 0.35228633018747224 0.3470501618688484 -9999.0 -9999.0 -9999.0 -9999.0 -9999.0 -9999.0 -9999.0 -9999.0 -9999.0 -9999.0 0.29098320799507693 -9999.0 -9999.0 -9999.0 0.25586135457819553 0.424468250513764 0.493991285206291 0.45896646278721365 0.4428853505902685 0.2839125718378493 0.5369824023071634 0.2488301057615045 0.26685888132755875 -9999.0 -9999.0 -0.16908305549412758 -9999.0 -9999.0 -1.0618818212917216 -0.29828153947424324 -9999.0 0.11447554820650245 0.14134821393668417 0.07716074422609712 0.17797281445348612 0.22977077695192963 0.2697001947606115 0.36310997013234114 0.3025023852769341 0.10046739893928769 -0.22718948991566784 0.1158359866449032 -9999.0 -9999.0 0.19953360410011736 0.6455404016354932 0.3697970918255032 0.315169225476452 -9999.0 -9999.0 -9999.0 -9999.0 -9999.0 -9999.0 -9999.0 -9999.0
0.3260201334898921 0.4467864008913801 0.3812860869015077 -9999.0 -9999.0 -9999.0 -9999.0 -9999.0 -9999.0 -9999.0 -9999.0 -9999.0 -9999.0 0.2433635093579423 0.41200098387910694 0.3862277846270126 -9999.0 0.2043333532505919 0.4388082862794943 0.429700457739927 0.4924735413704862 0.4550251364063577 0.4461835431808753 2.450932863426212 0.4848379519831152 0.20675729459998224 -9999.0 -9999.0 0.54183209861983 -9999.0 -9999.0 -9999.0 1.382218242826641 -9999.0 -9999.0 -9999.0 -9999.0 -9999.0 -9999.0 0.2326419633727792 0.32069931829641474 0.34021079540347304 0.1817888903263302 0.015013411604678298 -9999.0 -9999.0 -9999.0 -9999.0 0.234300828871579 0.2567145808670293 -9999.0 -9999.0 -9999.0 -9999.0 -9999.0 -9999.0 -9999.0 -9999.0 -9999.0
0.4375068810924795 0.43362877620867357 0.2856487639979027 -9999.0 -9999.0 -9999.0 -9999.0 -9999.0 -9999.0 -9999.0 -9999.0 -9999.0 -9999.0 -9999.0 0.30218683637276905 0.45661028069237647 -9999.0 0.04868071327575767 0.4555349047243808 0.4994891119717406 0.43819696239371203 0.4664470434253616 0.2497882187490713 0.48244456235993816 0.28081803379716813 0.22509650747320642 -9999.0 0.4221736788341794 0.49153507540416236 0.6301505469963495 9.766339088899754 0.7228964067822107 1.4692498227423822 0.882134196359145 0.07184998945277435 -9999.0 -9999.0 -9999.0 -9999.0 0.21197805207409423 0.2689624498035693 0.29336595167190704 0.064124361289462 -9999.0 -9999.0 -9999.0 -9999.0 -9999.0 0.045940279005703785 0.2165906089555917 0.05977125810641191 -9999.0 -9999.0 -9999.0 -9999.0 -9999.0 -9999.0 -9999.0 -9999.0
0.2742904149273112 0.14475352321655016 -9999.0 -9999.0 -9999.0 -9999.0 -9999.0 -9999.0 -9999.0 -9999.0 -9999.0 -9999.0 -9999.0 -9999.0 -9999.0 0.0008799839435703999 0.19174300421133333 -9999.0 0.3614665874117625 0.4752283515375121 0.4545280789736952 0.6140643100850748 0.2711597265808922 0.625022204159558 0.24114224468315662 -9999.0 -9999.0 0.48458459072369153 0.5094698746689763 0.9641408103651333 -1.8941982960606167 0.9128093517110026 0.6715515632374404 0.44925505958521633 0.42537025515711385 0.11937253534838937 0.12939459589850608 -9999.0 -9999.0 0.1665306543691984 0.2682712511486203 -9999.0 -9999.0 -9999.0 -9999.0 -9999.0 -9999.0 0.23495451998580746 0.3149801396339612 0.2784801252363785 0.28206170258666163 -9999.0 -9999.0 -9999.0 -9999.0 -9999.0 -9999.0 -9999.0 -9999.0
-9999.0 -9999.0 -9999.0 -9999.0 -9999.0 -9999.0 -9999.0 -9999.0 -9999.0 -9999.0 -9999.0 -9999.0 -9999.0 -9999.0 -9999.0 -9999.0 0.24884226740853616 0.13774045507827837 0.2148148353390039 0.4540367934605527 0.24613495818472025 0.5463483584442066 -9999.0 0.3464004778657948 -9999.0 -9999.0 0.27273804573260346 0.39282991850927274 0.4537454109723957 0.7271050725830182 0.691187653949994 -9999.0 0.5587864112382509 0.5123124641226842 -9999.0 0.5110552442595389 0.06914421756419131 -9999.0 0.07224189110275471 0.21087443937063896 0.18177124473099 -9999.0 -9999.0 -9999.0 -9999.0 -9999.0 0.17871640599767155 0.2329509347670703 0.1589972739714724 0.19140961348661176 0.12436870982463627 -9999.0 -9999.0 -9999.0 -9999.0 -9999.0 -9999.0 -9999.0 -9999.0
-9999.0 -9999.0 -9999.0 -9999.0 -9999.0 -9999.0 -9999.0 -9999.0 -9999.0 -9999.0 -9999.0 -9999.0 -9999.0 -9999.0 -9999.0 -9999.0 0.20484338020620796 0.21725717435535924 0.10575166788449661 0.46450533701793034 0.5114152491261286 0.7246962369681232 0.6937754223237387 -9999.0 -9999.0 0.36035437748636295 0.3310043096857252 0.35156277035220657 0.5157626843520385 2.0406919418115526 0.4326280315090959 -9999.0 0.5905939166997832 0.2866469734774666 0.1427767511658177 -9999.0 -9999.0 -9999.0 -9999.0 0.20173375583455286 0.1511433270138451 -9999.0 -9999.0 -9999.0 -9999.0 -9999.0 0.15924020602187547 0.21129142252428162 0.18310506970728097 0.17677289294295795 -9999.0 -9999.0 -9999.0 -9999.0 -9999.0 -9999.0 -9999.0 -9999.0 -9999.0
-9999.0 -9999.0 -9999.0 -9999.0 -9999.0 -9999.0 -9999.0 -9999.0 -9999.0 -9999.0 -9999.0 -9999.0 -9999.0 -9999.0 -9999.0 -9999.0 -9999.0 0.1530970971387 -9999.0 0.47317805865919266 0.46105171663284095 0.5818593061284801 0.7619172390548626 -9999.0 -9999.0 -9999.0 0.37469803799356816 0.3825621688795924 0.3394914824047344 0.41116671454501214 1.0897423329660154 0.46642433885665635 0.4815540077615631 0.42773223190614623 0.46798589530835055 0.40777293847955437 0.4789508949038941 0.30960524504488257 0.0618058950990577 0.0782099853192062 0.19519069183659243 0.0534800549614253 -9999.0 -9999.0 -9999.0 -9999.0 0.03953686417332678 0.11676371525592297 0.08953391940463054 -9999.0 -9999.0 -9999.0 -9999.0 -9999.0 -9999.0 -9999.0 -9999.0 -9999.0 -9999.0
-9999.0 -9999.0 -9999.0 -9999.0 -9999.0 -9999.0 -9999.0 -9999.0 -9999.0 -9999.0 -9999.0 -9999.0 -9999.0 -9999.0 -9999.0 -9999.0 -9999.0 -9999.0 0.07129372691473168 0.45916401591078054 0.47414320397421006 0.451190332228622 0.5110551091369117 -9999.0 -9999.0 -9999.0 0.2561563166547482 0.6434091276280097 0.6090391097170329 0.6732351642152627 -0.9765207084534548 0.5447878078666033 0.5632316901071888 0.5674352707239411 0.46517669469014467 0.45417982738747936 0.49055394540485686 0.3547903660755694 0.19156335558037083 0.041012152872362456 0.05796025527594192 0.14369705019522766 -9999.0 -9999.0 -9999.0 -9999.0 -9999.0 -9999.0 -9999.0 -9999.0 -9999.0 -9999.0 -9999.0 -9999.0 -9999.0 -9999.0 -9999.0 -9999.0 -9999.0
-9999.0 -9999.0 -9999.0 -9999.0 -9999.0 -9999.0 -9999.0 -9999.0 -9999.0 -9999.0 -9999.0 -9999.0 -9999.0 -9999.0 -9999.0 -9999.0 -9999.0 -9999.0 0.36621143027341224 0.461942220994856 0.46929140053189183 0.7328812839262789 0.6955503334016491 0.6626475757700553 0.7048530646226144 0.12977455912965855 0.12563662329627415 0.5091460384859298 0.4723498021586297 0.5815968929957026 1.4979096189309857 0.5278652708136499 0.6019647821667579 0.5212856737639355 0.47948919533479106 0.48235742660062464 0.45443834580773107 0.44020414083911436 0.3673494931780422 0.22899409774338067 0.08720856538046522 0.027354962640474937 0.17212327192704208 0.04835632024412383 -9999.0 -9999.0 -9999.0 -9999.0 -9999.0 -9999.0 -9999.0 -9999.0 -9999.0 -9999.0 -9999.0 -9999.0 -9999.0 -9999.0 -9999.0
-9999.0 -9999.0 -9999.0 -9999.0 -9999.0 -9999.0 -9999.0 -9999.0 -9999.0 -9999.0 -9999.0 -9999.0 -9999.0 -9999.0 -9999.0 -9999.0 -9999.0 0.03604985059423094 0.42107183235561507 0.48227970180716717 0.4657754836597758 0.4149004461605688 0.4033769155899545 0.382874446097313 0.43543612144323995 0.45025003959521903 0.26645291090832557 0.42920962022285347 0.4839185023296635 0.4980477518109878 0.9285973145965746 0.508545883838114 0.6298264297377497 0.5119387986317534 0.44718342322508936 0.4612380348446328 0.4442294240848681 0.3389807685027234 0.3500410793324102 0.3429741692059192 0.07612116243183316 0.04424977996569178 0.0658799153335493 0.14131678533794303 0.039040506563194695 -9999.0 -9999.0 -9999.0 -9999.0 -9999.0 -9999.0 -9999.0 -9999.0 -9999.0 -9999.0 -9999.0 -9999.0 -9999.0 -9999.0
-9999.0 -9999.0 -9999.0 -9999.0 -9999.0 -9999.0 -9999.0 -9999.0 -9999.0 -9999.0 -9999.0 -9999.0 -9999.0 -9999.0 -9999.0 -9999.0 -9999.0 0.1541930448678668 0.3660033967818219 0.41158403621378753 0.40976024376501763 0.2622049590483484 -9999.0 -9999.0 0.4026770479739121 0.339713065987543 0.22951135652605925 0.5427705789571774 0.3890769017302145 0.37920708250942764 0.5685540136466478 0.4568485199363007 0.5753779727008662 0.429653654766507 0.45150617857963976 0.4269404812419605 0.41451608135013834 0.44373448585691677 0.4048108064150293 0.38061476007719697 0.12773936833136465 0.07916962747555492 0.08045466743614715 0.04356556837413933 0.10224120960167676 0.020890930176029145 -9999.0 -9999.0 -9999.0 -9999.0 -9999.0 -9999.0 -9999.0 -9999.0 -9999.0 -9999.0 -9999.0 -9999.0 -9999.0
-9999.0 -9999.0 -9999.0 -9999.0 -9999.0 -9999.0 -9999.0 -9999.0 -9999.0 -9999.0 -9999.0 -9999.0 -9999.0 -9999.0 -9999.0 -9999.0 -9999.0 0.02959262080802423 0.03678238509036484 0.12542226426638212 0.028776773678140143 -9999.0 -9999.0 -9999.0 0.22368335793949815 0.1918215077535708 -9999.0 0.24023293893748313 0.387598871943115 0.40467516374676266 0.5417847589919523 0.5019073944760482 0.4599268930462425 0.43321539642201146 0.34917654159697864 0.4549517487709259 0.3816655818794743 0.43398133646180603 0.42670545970077856 0.3741344412343571 0.3492203401945425 0.24972306819766885 -9999.0 0.03716594250667599 -9999.0 0.14436656859257416 -9999.0 -9999.0 -9999.0 -9999.0 -9999.0 -9999.0 -9999.0 -9999.0 -9999.0 -9999.0 -9999.0 -9999.0 -9999.0
-9999.0 -9999.0 -9999.0 -9999.0 -9999.0 -9999.0 -9999.0 -9999.0 -9999.0 -9999.0 -9999.0 -9999.0 -9999.0 -9999.0 -9999.0 -9999.0 -9999.0 -9999.0 -9999.0 -9999.0 -9999.0 -9999.0 -9999.0 -9999.0 0.17818965840889736 -9999.0 -9999.0 -9999.0 0.3682282692262514 0.36108563863311716 0.5139881724990548 0.5199942825195495 0.5142718626041589 0.3856813409171511 0.43110046287715953 0.3648135314904004 0.37504352620768927 0.43765300164284954 0.4241566747679952 0.38030038398244975 0.37772187717942735 0.09703045842916008 0.03688210377315799 -9999.0 0.025663971436711126 -9999.0 0.13248567613174456 -9999.0 -9999.0 -9999.0 -9999.0 -9999.0 -9999.0 -9999.0 -9999.0 -9999.0 -9999.0 -9999.0 -9999.0
-9999.0 -9999.0 -9999.0 -9999.0 -9999.0 -9999.0 -9999.0 -9999.0 -9999.0 -9999.0 -9999.0 -9999.0 -9999.0 -9999.0 -9999.0 -9999.0 -9999.0 -9999.0 -9999.0 -9999.0 -9999.0 -9999.0 -9999.0 -9999.0 0.06782576988116684 0.10834405622865505 0.06931886757630992 0.1035315217254873 0.4019078661162667 0.29540464120850524 0.3736111949850864 0.38355686168382425 0.4074486561189497 0.35077166827405787 0.2921546066307485 0.38974192557256576 0.36228264619374706 0.361441000785369 0.40889494956373523 0.3782014276796383 0.2850164846671097 0.10599246696439359 0.11164855185609274 0.03994828319923218 0.0477439379454141 -9999.0 0.08189837815987741 0.013092031683741281 -9999.0 -9999.0 -9999.0 -9999.0 -9999.0 -9999.0 -9999.0 -9999.0 -9999.0 -9999.0 -9999.0
-9999.0 -9999.0 -9999.0 -9999.0 -9999.0 -9999.0 -9999.0 -9999.0 -9999.0 -9999.0 -9999.0 -9999.0 -9999.0 -9999.0 -9999.0 -9999.0 -9999.0 -9999.0 -9999.0 -9999.0 -9999.0 -9999.0 -9999.0 -9999.0 -9999.0 0.18378041606844375 -9999.0 0.2699407119668711 0.3848211365140272 0.25037292748452994 0.27458274597450555 0.3819672070813533 0.2851201468646202 0.19541993249934486 0.31222610570522397 0.391988273475136 0.24901245316447704 0.05021106107984051 0.2567768133461782 0.18213064916357438 0.24430226227958138 0.160428468040176 -9999.0 0.019410455067918508 0.08156750604446515 0.06858538366260136 0.0650203109306102 0.050650694727546186 -9999.0 -9999.0 -9999.0 -9999.0 -9999.0 -9999.0 -9999.0 -9999.0 -9999.0 -9999.0 -9999.0
-9999.0 -9999.0 -9999.0 -9999.0 -9999.0 -9999.0 -9999.0 -9999.0 -9999.0 -9999.0 -9999.0 -9999.0 -9999.0 -9999.0 -9999.0 -9999.0 -9999.0 -9999.0 -9999.0 -9999.0 -9999.0 -9999.0 -9999.0 -9999.0 -9999.0 0.12452359923247219 -9999.0 0.3122192939166317 0.30577771220821603 0.2615492286878352 0.23576385056220603 0.1997030292061122 0.39016539064601236 0.3690138226900126 0.3178148332651649 0.23223071937826845 0.3295583342110894 0.14927192491182156 0.13785200284328247 0.11861216273331708 0.0729642756884522 0.056379900704684544 0.1409252067525389 0.07287835777769616 0.10567725564467684 0.12235187789269132 0.0750234713984903 0.10798086125065101 -9999.0 -9999.0 -9999.0 -9999.0 -9999.0 -9999.0 -9999.0 -9999.0 -9999.0 -9999.0 -9999.0
-9999.0 -9999.0 -9999.0 -9999.0 -9999.0 -9999.0 -9999.0 -9999.0 -9999.0 -9999.0 -9999.0 -9999.0 -9999.0 -9999.0 0.015842554430799658 -9999.0 -9999.0 -9999.0 -9999.0 -9999.0 -9999.0 -9999.0 -9999.0 -9999.0 -9999.0 0.01899076470415284 0.0952390176228593 0.03927714086035804 0.29492297804148215 0.11502935819438992 0.14590453771111422 0.3885858225756972 0.32422000764793313 0.34707908216846384 0.3781842464803285 0.3296353833690375 0.2301005360921368 0.32728086497664627 0.1344673999136523 0.11482273884529443 0.039001909364746574 0.04897300781472613 0.06488326097483883 0.04322980567171212 0.06975789206602298 0.08476380672104662 0.10351265542607549 0.3317950345179473 -9999.0 -9999.0 -9999.0 -9999.0 -9999.0 -9999.0 -9999.0 -9999.0 -9999.0 -9999.0 -9999.0
-9999.0 -9999.0 -9999.0 -9999.0 -9999.0 -9999.0 -9999.0 -9999.0 -9999.0 -9999.0 -9999.0 -9999.0 -9999.0 -9999.0 0.05296771015480072 -9999.0 -9999.0 -9999.0 -9999.0 -9999.0 -9999.0 -9999.0 -9999.0 -9999.0 -9999.0 -9999.0 0.07148323609873386 -9999.0 0.23351641742293536 -9999.0 0.11140076932936638 0.27531737452675786 0.1924370833581858 0.11636910935337091 0.13181398710076433 0.35983892946794327 0.3083282765745208 0.16521121448956824 0.3002320566255496 0.23410398548101122 0.10918527561858428 0.13419852408753918 0.030456577023342566 0.0452704958727279 0.1601779348142168 0.16072519123375317 0.0691598741060475 0.07411537163452643 -9999.0 -9999.0 -9999.0 -9999.0 -9999.0 -9999.0 -9999.0 -9999.0 -9999.0 -9999.0 -9999.0
-9999.0 -9999.0 -9999.0 -9999.0 -9999.0 -9999.0 -9999.0 -9999.0 -9999.0 -9999.0 -9999.0 -9999.0 -9999.0 -9999.0 0.02596050019973383 -9999.0 -9999.0 -9999.0 -9999.0 -9999.0 -9999.0 -9999.0 -9999.0 -9999.0 -9999.0 0.025645282570095088 0.06701664132929364 0.017779641314222966 0.17148150916127616 -9999.0 -9999.0 -9999.0 -9999.0 0.11179022556998593 0.07425606295817042 0.033609039030956585 0.10266806303683235 0.25616157025523945 0.290224156589671 0.3542455489412793 0.27609624846507114 0.19277705791053298 0.05119666691435008 0.026007819808850002 0.10463249462515595 0.07816703112930581 0.021243879006209682 0.06107905589532407 -9999.0 -9999.0 -9999.0 -9999.0 -9999.0 -9999.0 -9999.0 -9999.0 -9999.0 -9999.0 -9999.0
