critload/trunk/output/1999/nue_crit_dep.asc
ncols 720
nrows 360
xllcorner -180.0
yllcorner -90.0
cellsize 0.5
NODATA_value -9999.0
[rows 78 to 103 of 360, columns 590 to 648 of 720]
0.04368014942131244 0.04020613069073692 0.03857237774027508 0.020834725086803913 0.009833685588427796 0.010297315201215598 0.01585609126049704 0.02157702042861552 0.03908535028307221 0.24355739172024624 0.20503263849324047 0.09239842732646673 0.1836922144445419 0.1069272551065922 0.19609774172954175 0.06055470785409526 0.08450976200745774 0.14470770352105233 0.16766506650978033 0.18133518696278508 0.3191620670836214 0.23844823750645824 0.176886500109767 0.2336675259403482 0.1343037801920382 0.3360879820836325 0.2274526912427745 0.1983049076790743 0.13948922812561473 0.051439127363326724 0.01529434545661006 -9999.0 -9999.0 -9999.0 0.003625372223490924 -9999.0 -9999.0 -9999.0 -9999.0 -9999.0 -9999.0 -9999.0 -9999.0 0.004680811644823956 0.0077138948223147066 0.003491555034036116 0.0027528622227613424 -9999.0 -9999.0 -9999.0 -9999.0 -9999.0 -9999.0 -9999.0 -9999.0 -9999.0 -9999.0 -9999.0 -9999.0
0.12403219261671827 0.015933796041766823 0.12296733542472003 0.008363930771426338 0.04826095777297212 0.01932124117453892 0.0372275155126951 0.04607541940083017 0.35295600286873047 0.2319359310528442 0.33196390197748693 0.22897088085677866 0.24984243934905886 0.20753797769435872 0.14379545689578746 0.09581674032127388 0.10518465948240376 0.104965517418581 0.25874598982221875 0.27111107652121674 0.34002819443885496 0.40605760451193496 0.27565251807452185 0.18801065794196392 0.3223819201849207 0.33311928430535714 0.22287996841576355 0.45555613111734816 0.1383877920666024 0.07713263603286592 0.021052719304964298 -9999.0 -9999.0 -9999.0 0.007342262513417361 -9999.0 -9999.0 -9999.0 -9999.0 -9999.0 -9999.0 -9999.0 0.010883783327118852 0.014607052959480386 0.013890295391549092 0.0130008675734521 -9999.0 -9999.0 -9999.0 -9999.0 -9999.0 -9999.0 -9999.0 -9999.0 -9999.0 -9999.0 -9999.0 -9999.0 -9999.0
0.04440093364527349 0.049721661289679 0.05401859479606095 0.10308175303522019 0.020758977012213797 0.017642647071375448 0.16433192033086116 0.10940876111689449 0.10713372551365392 0.2650608528216763 0.2602303400252492 0.21376234778241213 0.23704548049518853 0.2240010965988591 0.15636513388177342 0.057701026700176405 0.1456602863654999 0.29444216917939087 0.35364745094436556 0.359316065590951 0.40833329709774796 0.46005131065824667 2.0264309581024595 -4.321557278068595 1.3270765934760196 18.46405398723514 -0.4554087020932475 0.8857326946802305 0.6921736973156716 0.7529241803685208 0.07935845315271732 -9999.0 -9999.0 -9999.0 -9999.0 0.013064977570956359 -9999.0 -9999.0 0.005051825610818866 0.02086653367833882 0.024253508264232376 0.019994916824461376 0.02635583932777361 0.029272688640757032 -9999.0 0.0036019535379486554 -9999.0 -9999.0 -9999.0 -9999.0 -9999.0 -9999.0 -9999.0 -9999.0 -9999.0 -9999.0 -9999.0 -9999.0 -9999.0
0.05283546490875901 0.052343008780832714 0.05727921388777973 0.14609946765196544 0.12987084716940958 0.07650846263839418 0.11909077047200903 0.11522199566373965 0.12507694094715374 0.09512110968696788 0.2542579595674944 0.24664121345592113 0.2203624230561672 0.2317773304463032 0.117910533604986 0.09779812094699139 0.12173898937321878 0.2838089376631933 0.3854093789785784 0.4360513839764348 0.48128415372150823 0.6021131507678087 0.925329663065528 -43.689913222356026 0.5486670861511304 6.425741851043032 0.4101554814808086 0.6148399438076392 0.43354346742302813 -3.6090443766071783 0.22766883671591928 -9999.0 -9999.0 -9999.0 -9999.0 0.007730314252343814 0.018765418643452127 0.01187960298763598 0.004839570137574156 0.019037883178621706 0.05034145833826156 0.04472888130915523 0.04669534514275847 0.014541612676926061 -9999.0 -9999.0 -9999.0 -9999.0 -9999.0 -9999.0 0.004019798986145676 -9999.0 -9999.0 -9999.0 0.000441395465760486 -9999.0 0.002309333816689497 -9999.0 -9999.0
0.05441098204750783 0.05450610332641791 0.10989528213431282 0.11468647315205073 -9999.0 0.08482479523768835 0.10366628551911258 0.12278170709958933 0.14327512806014786 0.1477075876122918 0.25946649596901394 0.263018193226459 0.28415480728014825 0.139984405057919 0.0983404255100006 0.09739220809529453 0.25515608954363406 0.4205322448601732 0.4651502787675827 0.5562665622168355 0.8881377729665366 0.6578173690555167 -2.5550601240772295 0.6535026596241303 -2.682060554828136 -0.1277241974154459 -0.28372202286118753 3.471004049435647 0.8359831014902247 -0.6673041937207114 0.46678812176223206 -0.09602058781392332 -9999.0 -0.053593949573008934 0.5205445770566881 0.4972329872506314 0.17403978682344076 0.1403096079347139 0.09592534330153571 0.31012221283336083 0.2936643169227124 0.2702912358172468 0.031484384248742524 -9999.0 -9999.0 -9999.0 -9999.0 -9999.0 -9999.0 -9999.0 -9999.0 -9999.0 -9999.0 -9999.0 -9999.0 -9999.0 -9999.0 -9999.0 -9999.0
0.054203337761553776 0.0886270523640371 0.12130482939379536 0.13463041682090446 0.12305540563041843 0.08094290834929094 0.09775102146572445 0.12652909881268953 0.12570263827461822 0.12689201024660768 0.2193438645198484 0.23335330177603442 0.22151885151194697 0.08177673463086717 0.17260752084228428 0.2796593951080354 0.46238826600725297 0.3156995179238884 0.44630276025806676 0.49095798065874086 0.5623717727995845 0.4448569779995584 0.7914325313326253 0.5972789801883691 0.6123061542117394 -1.682132368204365 -0.628468387793019 -1.4119559049344839 0.5243535626699809 0.7972080838555747 0.7070530860171742 -9999.0 -0.11311784497422638 -1.3106795334347916 0.5371860060334628 0.5636102201352267 0.3829735847460829 0.5135670220786404 0.500785096112888 0.45609343899697713 0.38048188612616274 0.08035274260552286 0.00946074142383661 -9999.0 -9999.0 -9999.0 -9999.0 -9999.0 -9999.0 -9999.0 -9999.0 -9999.0 -9999.0 -9999.0 -9999.0 -9999.0 -9999.0 -9999.0 -9999.0
0.056007598407245465 0.05282483256398904 0.052893154089626436 0.05594885968587693 0.08115528010520803 0.040835581364765956 0.05983307048577631 0.06094742563607443 0.10645742320238917 0.10208686346993869 0.2902039936637515 0.2670777479960243 0.27194584964211144 0.14354036889634958 0.3126990996876685 0.35235762079680816 0.40921571252911115 0.33517836609024976 0.4447835815382634 0.4065865572369537 0.5532269863963122 0.615029928487028 1.4242495681663978 0.8568585648242091 0.6833760105827377 -0.4966553439328211 -0.08957200893306069 -1.415995427980277 -0.5028160245395381 -9999.0 -0.17608393529108585 0.5443391675808003 -0.22359358772045038 1.84811486504073 -0.3016631454885588 0.5634109844264884 0.5382277955533993 0.6558242764379633 0.35487008110220947 0.545271209437616 0.07571241870441317 0.031145559962422874 -9999.0 -9999.0 -9999.0 -9999.0 -9999.0 -9999.0 -9999.0 -9999.0 -9999.0 -9999.0 -9999.0 -9999.0 0.005292592835754044 0.00100060812456259 -9999.0 -9999.0 -9999.0
0.10508811345398664 0.10503494761565972 0.056085236944007966 0.056085236944007966 0.05669253219188624 0.05685123078686428 0.05938782666268704 0.05980034099910495 0.05585977099837861 0.10707188964809472 0.2846438696095902 0.26730122863181205 0.2851239875405421 0.3130522021783733 0.3278542566303662 0.5934127687517894 0.33021675062075634 0.3356782209142019 0.5816976419874543 0.4040922401287514 0.79727272714417 0.6016694288620065 1.8104855432664526 1.6163956814045268 1.6223864203972154 0.7273311845283805 -0.47204513692180544 -0.14523639155680274 -0.43203659978961256 -0.05810740130546317 0.5876429716212753 -0.6490834864331197 -0.9915331222447834 0.8765553622066173 0.479667066882498 1.5302314678119926 0.47694755101749636 0.5264085382981942 0.5892768293108462 -1.9412781831847894 -9999.0 -9999.0 -9999.0 -9999.0 -9999.0 -9999.0 -9999.0 0.0015107896552482706 -9999.0 -9999.0 -9999.0 -9999.0 -9999.0 -9999.0 0.002321522012802179 0.011436602129876244 -9999.0 -9999.0 -9999.0
0.11942520074567962 0.06156659682024962 0.10525031002015246 0.047144990404651164 0.03011237347568655 0.13235214789088773 0.05288396124940144 0.06672427258814333 0.1364154077145202 0.03338380933177755 0.10440845427022057 0.2532795052918657 0.12582040412362108 0.14002798058873106 0.17931356460529482 0.15227829309774124 0.33136758585741916 0.24930589117119353 0.5736435272250067 0.557138586754221 1.9027006334828296 0.8493794870663354 11.984643168455099 5.590810333046281 -6.969470799176069 0.6415195280807017 -1.0685061816672288 -0.14327184490566158 -0.22719476554119986 0.8571832642181538 0.6452075750615479 0.5825297438558067 140.14903725006732 -9.816514580794399 -1.1299164242486601 -3.028744236722758 0.6567674265589462 2.1648536475761326 3.5966075121713375 -0.1596746461183246 -9999.0 -9999.0 -9999.0 0.005777510103146751 0.004112262546843057 0.003612410117934446 -9999.0 -9999.0 -9999.0 -9999.0 -9999.0 -9999.0 -9999.0 0.0010193032091624194 0.0026702121373588365 0.012812539647838024 -9999.0 -9999.0 -9999.0
0.11944891476290898 0.11946069171124765 0.0755747806358886 0.05271704392482907 0.10460050414404093 0.13302605241194917 0.13910204808051702 0.1469893215158779 0.12188363179567459 0.10988549362458498 0.09162358122648677 0.1246793323690885 0.14965261050741233 0.19499516862402283 0.2043074429053667 0.16972338808643034 0.2124525843339775 0.2177146684156487 0.3069342658426678 0.4606199572792793 0.7279204492647948 0.8576554431656666 -4.821579282558884 0.5291436533084514 1.3818266896698213 0.8035571193031732 -0.5033813238336153 -2.2468152109800372 0.993951786802671 1.536318713653142 1.2586743224796597 0.5908760924375519 -1.7243902086924285 0.5335165260830322 0.6101386088979954 0.5858500419135009 0.5038940567105434 1.2969515933081162 9.030107861989695 -9999.0 -9999.0 -9999.0 -9999.0 0.005101529747640272 -9999.0 -9999.0 -9999.0 -9999.0 -9999.0 -9999.0 -9999.0 -9999.0 -9999.0 -9999.0 -9999.0 -9999.0 4.51293148588533e-05 -9999.0 -9999.0
0.06539402465573527 0.059443287599370766 0.2658499674918266 0.2731129782327536 0.11914789987715396 0.11622356142919688 0.11235927137767983 0.12710900403418968 0.1408396260575208 0.1177218790977166 0.12043836488986283 0.1270388214019678 0.16298998551378063 0.18121262811693134 0.284743335669457 0.32185834634810623 0.22861106232225117 0.35065148842352767 0.5732934948331285 0.8240976548600895 1.4101022316596201 3.372026660910584 -2.2052284773664153 0.6331774481905652 0.8190462533197227 0.8326298490705285 0.6410399206379896 0.6555643485633047 -0.5684755715787946 1.1416976634214322 0.541457056520204 0.589196436366595 0.4335018131806953 0.5401820667254914 0.4954969800632615 0.9465845966496687 0.4316753337537074 0.915493259155762 0.27721396835601947 0.12648321580345376 -9999.0 -9999.0 -9999.0 -9999.0 0.004325309103059209 -9999.0 -9999.0 -9999.0 -9999.0 -9999.0 -9999.0 -9999.0 -9999.0 -9999.0 -9999.0 -9999.0 -9999.0 -9999.0 -9999.0
0.13245013724246998 0.15746074522146147 0.20146491960677188 0.09893752404589701 0.11054923594466877 0.08475064013949621 0.13353220829178483 0.14049821105835453 0.13410042225179544 0.10911720669240259 0.10002129107778017 0.13485961191960513 0.1750190892963822 0.14601934836393127 0.13713020255634856 0.2682523487881234 0.23720301295010432 0.2565744321506098 0.6270759532362946 0.5731139616414459 0.7547326944548601 0.76156880349184 0.8072411930649693 0.8901919952940847 -0.578525994152712 1.1020870953456379 0.6318889386039098 -1.0950836827802917 -0.05562181403535272 -11.187777828328148 0.5249982648874552 0.5530794153412344 0.48145588478244267 0.520570650085854 -9999.0 -198.17684247921076 0.6595030348746712 -0.09490806136778893 -9999.0 -9999.0 -9999.0 -9999.0 -9999.0 -9999.0 -9999.0 -9999.0 -9999.0 -9999.0 -9999.0 -9999.0 -9999.0 -9999.0 -9999.0 -9999.0 -9999.0 -9999.0 -9999.0 -9999.0 -9999.0
0.3892249807388542 0.15752720560234315 0.11820405218513898 0.11606708220667593 0.12312097948426474 0.13786429631698885 0.12380276807591456 0.12325634949980165 0.13765177663103675 0.1154516114225765 0.14510030979133673 0.22866454884328438 0.18442796522612884 0.14962044872524363 0.17361636688327026 0.24390074780279275 0.2663499828668779 0.6566265157817115 0.6529608771598041 0.7474991570774281 1.0627057609607864 0.9884641370179561 0.9242491710481171 1.1324310745692496 11.663221417688158 1.011084788708017 -7.02970887005444 4.244518847702862 0.5868116333321486 0.6198154595882319 0.5787785366245521 0.7244196888209908 -9999.0 -0.11779579497436313 2.1604923670343403 0.993382268604262 -0.6295133683551093 -0.1977165011771755 -9999.0 -9999.0 -9999.0 -9999.0 -9999.0 -9999.0 -9999.0 -9999.0 -9999.0 -9999.0 -9999.0 -9999.0 -9999.0 -9999.0 -9999.0 0.020216644235073192 -9999.0 -9999.0 -9999.0 -9999.0 -9999.0
0.3667099620143443 0.11966595463937109 0.12370793154075445 0.13646366706792382 0.11764177577208729 0.12177581575820919 0.09538292898741675 0.09423083620919688 0.16106019277245087 0.13431345657809737 0.1745764098576791 0.1540253429240442 0.18680504124608682 0.17204140355805464 0.18119957153650684 0.18791359553590148 0.29494130277575126 0.6289127686709312 0.6683303740659854 0.7719548275241181 0.7444007100313264 1.0325759375976968 0.8592000210483762 0.9417632158400231 9.435008707324853 -0.2959840729250548 -1.095894623926583 5.458128744474442 0.6872773541738066 3.9034916613700923 -2.4844818088215646 0.9769935713087852 -0.16634377311956863 0.21442042735899322 0.7712939316166889 -0.16075454649092297 -0.4361219966799541 -0.14228558159030583 -9999.0 -9999.0 -9999.0 0.0021161093935260296 -9999.0 -9999.0 -9999.0 -9999.0 -9999.0 -9999.0 -9999.0 -9999.0 -9999.0 -9999.0 -9999.0 0.010988455900943696 -9999.0 -9999.0 -9999.0 -9999.0 -9999.0
0.13927529608993724 0.1351507227397362 0.1413563071420615 0.14543623596194255 0.15211233323438444 0.12395724804539529 0.14972573947288037 0.12806673670045343 0.17090182285350541 0.17665102429595966 0.17890813446993475 0.17008028884140414 0.24124045216878529 0.20626263069264086 0.2673681092433908 0.6588033772712665 0.4130777379351813 2.009697276621447 0.8176616472701017 0.8615600021651455 0.9685158545923823 0.8194857280551011 0.9353904488409781 0.6709078536379922 0.7610188680330464 -6.721761951474028 0.9321297060814504 -11.344415108703974 15.04169589607278 -0.7992028807435494 1.0985726097281192 2.5614347041402277 -0.1161988767658118 0.059726618078484374 0.0263615847795163 -0.062464327615266366 -9999.0 -9999.0 -9999.0 -9999.0 -9999.0 -9999.0 -9999.0 -9999.0 -9999.0 -9999.0 -9999.0 -9999.0 -9999.0 -9999.0 -9999.0 -9999.0 -9999.0 0.023202520168363275 0.2422996410183673 -9999.0 -9999.0 0.07233872767689635 0.08865578060031155
0.11286591048165465 0.10946583858399954 0.12304732270024167 0.13928063104325905 0.13378165020298285 0.11411336384502788 0.16701706832156565 0.15874755133602228 0.166374704955321 0.14770157894204017 0.18354267103833824 0.19388706058226923 0.20898179620533058 0.18517006181060014 0.22430486359953927 0.4448133791128573 0.4453300659169995 0.38407839375304076 0.391678370539547 0.9040574815707494 0.9053677142900053 1.012917339927804 0.9154403291769135 0.9240653606148886 2.012042690057445 -0.26076897891780965 0.730839578576694 8.222935818694204 -0.528436381896675 1.2894733120382518 1.1324417691736763 1.967416557957372 -0.04425805459756609 0.008220962804957281 0.03016913838438548 0.0035393534213342755 0.0026899271279462894 -9999.0 -9999.0 -9999.0 -9999.0 -9999.0 -9999.0 -9999.0 -9999.0 -9999.0 -9999.0 -9999.0 -9999.0 -9999.0 -9999.0 -9999.0 -9999.0 0.2882832226530976 -9999.0 0.08348162798895797 -9999.0 -9999.0 -9999.0
0.1656794054763842 0.16021158110247172 0.14986627905326405 0.17049837408119214 0.14417100595644092 0.15157823345751456 0.19601621841897277 0.19343280894058892 0.21806778761447032 0.20439783605104828 0.22873259345422992 0.22207846717229093 0.26287929828778495 0.39084697548749153 0.5505154257015895 0.4958564788118713 0.5829679877884812 0.5537564862829528 0.4617158647029913 0.7869400567854796 1.1405572969649918 1.4687334026497116 1.2160039156419473 0.9637901675936215 -1.6624762201893144 -0.5676279489650599 0.8949603304560806 -0.2582697610731513 0.651017859209265 0.8032334048456475 0.3292668057351778 0.023578661375481362 0.010061591428702355 -9999.0 0.039724133047448866 0.005596488144829219 0.004805679617647793 -9999.0 -9999.0 -9999.0 -9999.0 -9999.0 -9999.0 -9999.0 -9999.0 -9999.0 -9999.0 -9999.0 -9999.0 -9999.0 -9999.0 -9999.0 -9999.0 0.07297540030652737 0.09517788469207679 0.2726294621202051 0.18746229517583762 -9999.0 -9999.0
0.17463150963822233 0.16365258100129915 0.1725472907497382 0.17992974801063763 0.21166067031023109 0.30659244517130696 0.23576817363402872 0.2730732263400291 0.2134100000228824 0.2874055150197957 0.2184705572335962 0.29045511377660715 0.3927438802365475 0.5187053298426575 0.48268557670500073 0.6679482375172271 0.6093717813652764 0.5499993575375567 0.8975261723841232 1.3680097145345265 0.6434369627151488 0.9005461031694956 0.6507920145312579 3.63731001982177 0.723174977124232 0.6948560339065113 0.7526520960639 -0.4388769554079553 -0.3674529734030556 -0.29434546329691225 0.06901422534517736 0.0050261473127210556 -9999.0 -9999.0 -9999.0 -9999.0 -9999.0 -9999.0 -9999.0 -9999.0 -9999.0 -9999.0 -9999.0 -9999.0 -9999.0 -9999.0 -9999.0 -9999.0 -9999.0 -9999.0 -9999.0 -9999.0 -9999.0 -9999.0 -9999.0 -9999.0 0.024428871498594806 -9999.0 -9999.0
0.21817836203231325 0.3479866761950717 0.3283490320372397 0.16694812830276165 0.20191638852532806 0.21055933245618397 0.1821462985597316 0.21610191730648826 0.23377837528122014 0.3481653015386998 0.4283205647896517 0.374329563128721 0.3840662694503369 0.4250910846745685 0.5279363509309278 0.5372669260662305 0.43003594120683447 0.5005827823130102 0.5186913047593524 0.976608480084429 8.832415193034397 0.7995693185008192 31.515009730930807 -0.2801476856994715 -5.545954584178841 0.7141450793411371 -0.9866448584962191 -0.06306765236905917 -0.09347412756729451 0.17957015441794635 -9999.0 -9999.0 -9999.0 -9999.0 -9999.0 -9999.0 -9999.0 -9999.0 -9999.0 -9999.0 -9999.0 -9999.0 -9999.0 -9999.0 -9999.0 -9999.0 -9999.0 -9999.0 -9999.0 -9999.0 -9999.0 0.2423488206244173 -9999.0 -9999.0 -9999.0 -9999.0 -9999.0 -9999.0 -9999.0
0.370457986685571 0.43791196103642194 0.14991082071370856 0.7515141170068675 0.190343104224475 0.28732530152392943 0.17990617727403796 0.6378245383537088 0.45585880309836907 0.2826155594451459 0.3473670803792229 0.39800407300421464 0.3148955567093202 0.342866653530211 0.4404872771751546 0.44051291552115485 0.5154450996770333 0.5170947494847894 0.6583264901480929 0.9608905125247295 -2.0383679772574452 -1.018370330510447 -0.15641818395067977 -9999.0 -9999.0 -9999.0 -0.16725916938303892 -9999.0 -0.09307137356208627 0.07938689657727835 -9999.0 -9999.0 -9999.0 -9999.0 -9999.0 -9999.0 -9999.0 -9999.0 -9999.0 -9999.0 -9999.0 -9999.0 -9999.0 -9999.0 -9999.0 -9999.0 -9999.0 -9999.0 -9999.0 -9999.0 -9999.0 -9999.0 0.03077609728374559 -9999.0 -9999.0 -9999.0 -9999.0 -9999.0 -9999.0
0.4129654716755824 0.3328671653338847 0.20799205250012498 0.19866913485085824 0.24964456097241608 0.25942028042759885 0.32858347452647424 0.3616367884184805 0.2935757003051536 0.3568544660539542 0.38622647003186106 0.3332143860793827 0.37341261792102404 0.3672798531220963 0.5068938276664067 0.5558716744792195 0.7274081129483823 0.6589379408736008 0.721269578184584 1.602819262905998 1.2015689702490906 -0.04593878461922016 -9999.0 -0.020080933970851627 -9999.0 -9999.0 -9999.0 -0.06373416152240025 0.1595638282411523 -9999.0 -9999.0 -9999.0 -9999.0 -9999.0 -9999.0 -9999.0 -9999.0 -9999.0 -9999.0 -9999.0 -9999.0 -9999.0 -9999.0 -9999.0 -9999.0 -9999.0 -9999.0 -9999.0 -9999.0 -9999.0 0.25920470753168817 0.2408894986106635 0.6697674934184792 0.053124989670360646 -9999.0 -9999.0 -9999.0 -9999.0 -9999.0
0.44375159085216925 0.40971558798382307 0.37556067211129146 0.5213626682728997 0.3526315857536822 0.35518407823463677 0.3755625445406826 0.3833443458416434 0.39537772535192833 0.263215032788561 0.31430225504208187 0.30220544588370524 -9999.0 -9999.0 0.45924599243505565 0.5813074902185577 0.5736737296607775 0.40998801932655876 0.43199694840592756 1.6450651588377256 -0.06872360626169574 -0.09933792141684288 -0.3220389013835791 -9999.0 -0.04391385590114101 -0.24345979803167384 0.241594028288273 0.1940273698366108 -9999.0 -9999.0 -9999.0 -9999.0 -9999.0 -9999.0 -9999.0 -9999.0 -9999.0 -9999.0 -9999.0 -9999.0 -9999.0 -9999.0 -9999.0 -9999.0 -9999.0 -9999.0 -9999.0 -9999.0 -9999.0 0.14293333224269011 0.24788172210586504 0.17625703178211768 0.30582913947001844 0.14659935466875765 -9999.0 -9999.0 -9999.0 -9999.0 -9999.0
0.2614512800164431 0.36443251155568707 0.5085691647816338 0.5516602251773518 0.43004060005620165 0.4862559819303583 0.4765396119279205 0.5031996232952919 0.4220318790222307 0.16264980634572146 -9999.0 -9999.0 0.34035398284207197 0.43516839356193915 0.5147342161388376 0.4356952629960459 0.36264918655335115 0.3366089750520835 -9999.0 0.4072584583922329 0.38807258459594657 0.39747265444597885 -0.7929634444565755 -9999.0 0.4171376018279819 0.4545319208487277 -9999.0 -9999.0 -9999.0 -9999.0 -9999.0 -9999.0 -9999.0 -9999.0 -9999.0 -9999.0 -9999.0 -9999.0 -9999.0 -9999.0 -9999.0 -9999.0 -9999.0 -9999.0 -9999.0 -9999.0 -9999.0 -9999.0 -9999.0 0.131305719209875 0.3309765769551567 -9999.0 0.407069963782918 -9999.0 -9999.0 -9999.0 -9999.0 -9999.0 -9999.0
0.47870935591291813 0.48258426579833935 0.4705141586309402 0.48684668155060973 0.36078087935449654 0.3413539529643821 0.3981291950111623 0.3649531696038047 0.19809657404555733 -9999.0 -9999.0 -9999.0 0.3568721758633619 0.41135838443198774 0.35765640243903746 -9999.0 -9999.0 -9999.0 -9999.0 -9999.0 0.4226544000111404 0.3721552076835734 0.8877229904305994 -9999.0 0.42261186818120283 0.3706114901200288 -9999.0 -9999.0 -9999.0 -9999.0 -9999.0 -9999.0 -9999.0 -9999.0 -9999.0 -9999.0 -9999.0 -9999.0 -9999.0 -9999.0 -9999.0 -9999.0 -9999.0 -9999.0 -9999.0 -9999.0 -9999.0 -9999.0 -9999.0 0.11826688351262432 0.2753463372426881 0.7220050465857889 0.26505960825903246 -9999.0 -9999.0 -9999.0 -9999.0 -9999.0 -9999.0
0.4920079341318053 0.4727795349880306 0.4800500194442309 0.48579488780113633 0.4032628840168223 0.3371715125765415 -9999.0 -9999.0 -9999.0 -9999.0 -9999.0 -9999.0 0.33614786372423283 0.2216859361548509 -9999.0 -9999.0 -9999.0 -9999.0 -9999.0 -9999.0 0.4277094601584743 0.3937186587055721 -0.16949864295613978 -0.6281662156802839 -0.1260740131717933 -0.8739036118959057 0.234911644396397 -9999.0 -9999.0 -9999.0 -9999.0 -9999.0 -9999.0 -9999.0 -9999.0 -9999.0 -9999.0 -9999.0 -9999.0 -9999.0 -9999.0 -9999.0 -9999.0 -9999.0 -9999.0 -9999.0 -9999.0 -9999.0 -9999.0 0.23002994446742853 -0.3919337379080796 0.3406246386056473 0.29108057584809927 -9999.0 -9999.0 -9999.0 -9999.0 -9999.0 -9999.0
0.4708605661158308 0.47815485316056516 0.48590839480376335 0.4772249328619576 0.5020025283638729 0.3849510391282703 0.38216512731674274 1.067037778762975 -9999.0 -9999.0 -9999.0 -9999.0 -9999.0 -9999.0 -9999.0 -9999.0 -9999.0 -9999.0 -9999.0 0.42655929687245225 0.4141503301207161 0.6851814733519315 0.735481527144704 2.7855916003594396 -5.291312262393233 -9999.0 0.17238413168164704 0.21610970426468853 -9999.0 -9999.0 -9999.0 -9999.0 -9999.0 -9999.0 -9999.0 -9999.0 -9999.0 -9999.0 -9999.0 -9999.0 -9999.0 -9999.0 -9999.0 -9999.0 -9999.0 -9999.0 -9999.0 -9999.0 0.2370729384618413 -9999.0 0.4043483325864047 0.34536989395563505 0.18479106627736652 -9999.0 -9999.0 -9999.0 -9999.0 -9999.0 -9999.0
