critload/trunk/output/1999/nue_ara.asc
ncols 720
nrows 360
xllcorner -180.0
yllcorner -90.0
cellsize 0.5
NODATA_value -9999.0
[rows 81 to 107 of 360, columns 180 to 239 of 720]
-9999.0 -9999.0 0.6668277236350337 0.6673386659944702 -9999.0 -9999.0 -9999.0 -9999.0 0.6663458110353836 -9999.0 -9999.0 -9999.0 -9999.0 -9999.0 0.6694053902202987 0.6668845007429308 0.6850087521021172 0.6688589876339699 0.6679072223768827 -9999.0 0.6672552626531032 0.6672546078549815 -9999.0 0.6673697917209527 -9999.0 -9999.0 0.6676782041027791 -9999.0 -9999.0 -9999.0 -9999.0 -9999.0 -9999.0 -9999.0 -9999.0 -9999.0 -9999.0 0.6678383569697668 -9999.0 -9999.0 0.6673709834355445 0.6656902033786717 0.6683558803870009 0.6664403932184667 0.666836325161639 0.6668358752669495 0.6691423172957008 0.6666474951191367 -9999.0 -9999.0 0.6662496921560538 -9999.0 -9999.0 0.6661626200641889 0.6660568994987465 0.6660575321835642 -9999.0 -9999.0 -9999.0 -9999.0
0.662070549162237 0.6566594694712915 0.6857226000789234 0.6644236232622673 -9999.0 0.6683080421132205 -9999.0 0.6683131120590704 -9999.0 -9999.0 -9999.0 -9999.0 0.6611328565947081 -9999.0 -9999.0 -9999.0 -9999.0 0.6599847724860548 0.6591174660635825 0.6623885090801006 0.6579697567405236 0.6561925857600803 0.6572009832306686 0.6565444631795909 0.6645989065285548 -9999.0 -9999.0 -9999.0 -9999.0 -9999.0 0.6694267530211597 -9999.0 -9999.0 -9999.0 0.6645337982306992 0.6525227861506449 0.6556903047941615 0.6551555090268272 -9999.0 -9999.0 0.6555685084365124 0.6675107591787365 0.6754194977807296 0.38549471884083125 0.5062548315614096 0.6655029032069226 -9999.0 0.6665993679143277 0.6703287397086413 0.671270785554626 0.673551339137616 0.6753960805652864 -9999.0 -9999.0 -9999.0 -9999.0 -9999.0 -9999.0 -9999.0 -9999.0
0.6570795311951758 0.6529673718608171 -9999.0 -9999.0 -9999.0 -9999.0 -9999.0 -9999.0 0.6683935456730534 0.6683862615921549 0.668250891655052 0.6683854086739092 0.6684033722206226 -9999.0 -9999.0 0.6683862636044914 -9999.0 0.6611298538540696 0.6591104633094069 0.6592379744336315 0.6685986578906458 0.65948692489771 0.6616083781915411 0.6586346397406252 0.6603724289702001 0.6590633176241004 0.6690628687309643 -9999.0 -9999.0 0.6692533342820974 -9999.0 -9999.0 -9999.0 -9999.0 -9999.0 0.6573362754214791 0.6513915166544487 0.6550729870849827 0.6628547789872727 -9999.0 0.6610214064463891 0.6592357547019574 0.6635730664261374 0.6621984343315946 0.6636975497020277 0.6645051959133209 0.683760284984643 0.665889404662662 0.6673526273660599 0.6664504699058516 0.6653042912963975 0.5613332134058805 -9999.0 -9999.0 -9999.0 -9999.0 -9999.0 -9999.0 -9999.0 -9999.0
-9999.0 -9999.0 -9999.0 -9999.0 -9999.0 -9999.0 -9999.0 -9999.0 -9999.0 0.6696086995739492 0.6617712117956093 0.6698939136947899 0.6697828146630073 0.6697826300811689 -9999.0 -9999.0 -9999.0 -9999.0 0.6698806821439942 0.6527886744060245 0.6459536034631378 0.6467809078695878 0.6559271724963722 0.6558918426149505 0.6703349772012202 0.6703344255851985 -9999.0 -9999.0 0.6708543031077259 -9999.0 0.6712415198331061 0.6603181448977845 -9999.0 0.669442126091831 0.6539736434002326 0.6749562698999328 0.6518407899482564 -9999.0 -9999.0 0.649242115082364 0.6480490657119073 0.6531544469856837 0.6573745324256192 -9999.0 -9999.0 0.6562630423321708 0.6598825608764858 0.6596840819432265 0.6606593894124674 0.660581824746482 0.41761502371681575 -9999.0 -9999.0 -9999.0 -9999.0 -9999.0 -9999.0 -9999.0 -9999.0 -9999.0
-9999.0 -9999.0 -9999.0 -9999.0 -9999.0 -9999.0 -9999.0 -9999.0 -9999.0 -9999.0 -9999.0 0.6698950260739571 -9999.0 -9999.0 -9999.0 -9999.0 -9999.0 -9999.0 -9999.0 0.6581795288388963 0.6522656717572146 0.6446298508764214 0.6607613691719858 -9999.0 -9999.0 -9999.0 0.6708916290562202 -9999.0 0.6708544569686901 -9999.0 0.6712414483939343 0.6748527813544587 0.6450590535136201 0.6378861898156678 0.6542846824870935 0.6712794670266712 -9999.0 -9999.0 0.6456027707104545 0.6427891141688847 0.654710545205212 0.6621809496914179 0.6592303294978376 0.6610198815756002 0.6560264231081933 0.6572262194591337 0.6575847194166459 0.6611900885266039 0.6611383785573864 0.6598829558559482 0.663495469526273 -9999.0 -9999.0 -9999.0 -9999.0 -9999.0 0.6715890519124628 -9999.0 -9999.0 -9999.0
0.6525555085649015 -9999.0 -9999.0 -9999.0 0.6699484337691103 -9999.0 -9999.0 -9999.0 -9999.0 -9999.0 0.6715156840611917 0.6495137205500109 -9999.0 0.6711906744286886 -9999.0 -9999.0 0.671766036843368 0.6302202415190806 0.6240693982956317 0.6463164930442763 -9999.0 0.6628458236184819 0.6717906245202963 -9999.0 -9999.0 -9999.0 -9999.0 0.6541799271030706 0.6358744560605986 0.6237475408701715 0.6583405602127866 0.6731787639462004 0.639555560157878 0.6133376430758494 0.6125805782230805 0.6106357653723463 0.6224995794350805 0.625118720762197 0.6338320246812994 0.6542116425256691 0.6594466503869422 -9999.0 -9999.0 0.6551193499722622 0.6225702542154705 0.6548566149146541 0.6698523841444565 0.6563171264386698 0.6606534984568695 0.6633260606256687 0.5172928140735452 0.6550410165781942 0.6614420346423792 -9999.0 -9999.0 -9999.0 -9999.0 0.6823551338927938 0.6682244594424342 0.6671260614029932
0.75551701863816 0.6675607323401903 0.71941769712718 0.7242631524595028 0.6670935111897376 -9999.0 -9999.0 -9999.0 -9999.0 0.6596066569614036 0.7886761323284261 0.7397623738033569 0.6340944631674521 0.6477332046803387 0.6487352895287756 0.6463634059512118 0.6557421924293511 0.6402411410022525 0.6577092756882611 0.6233358483190979 0.6336926622886957 0.6565745156539745 0.6478582082047046 -9999.0 0.6748679764038451 0.6732471676550317 -9999.0 0.6448453526633039 0.6388955743991327 0.6469506713335721 0.6610626339155234 0.6683844392345507 0.6191459133959559 0.6068436615788775 0.6073097185598006 0.605547629207087 0.6188509256028868 0.6225831338517914 0.6355552491621177 0.5817596968636394 -9999.0 0.6584451906356736 -9999.0 0.655610922939471 0.6272481252698894 0.6540111271427326 0.6613446334116958 0.6656520696404036 0.6592894709403818 0.6537721474264503 0.5270682895959417 0.45025825600263186 0.658239102362687 0.6585913494704174 0.6609744082406467 0.6649643858450683 -9999.0 0.6667574761430438 0.6853609278308207 0.5099134990974572
0.7555574975619556 0.7653280501169784 -9999.0 0.6972154512315548 0.7006488642077965 0.6964212861553162 -9999.0 -9999.0 -9999.0 -9999.0 0.708525434704027 -9999.0 -9999.0 -9999.0 -9999.0 -9999.0 -9999.0 0.6728531265850108 0.6412293359835933 0.6334534865278932 0.6189186934511147 0.6393917948931113 -9999.0 -9999.0 0.6742412796624916 0.6066704550365868 0.5928536976752324 0.6136118952520332 0.6196284546954667 0.5954534410697944 0.5917958946684532 0.37736066751946373 0.5884303139488274 0.5847814141727586 0.5905403033005907 0.5940160175091638 0.6112163601980322 0.6284719008621169 0.6342491099878842 0.66414403975614 0.6626788373902952 -9999.0 -9999.0 0.6566480149492406 0.6706250197744531 0.6662584176592798 0.5193381218955785 0.6430143828540179 0.6507867787423848 0.6501093263133306 0.6531948399476376 0.6489886179770353 0.6517850550400657 0.652790596097225 0.6584796527030643 0.6595890649750623 0.40596081010558893 0.6639418661482281 0.6641199576000311 0.7144810119282168
0.7595030759869591 0.7682560846168928 0.7245054406503353 0.7524246501268218 0.7442869439003249 -9999.0 -9999.0 -9999.0 -9999.0 0.6895788640587667 0.6999622910340043 0.6991818073330702 0.7105357650188682 -9999.0 -9999.0 -9999.0 0.6728213968175509 0.5288560680854028 -9999.0 0.648424820697539 0.6414715627565986 0.6288296673811794 0.6498272722548161 0.6743115496704664 0.6618913441089982 0.6369300225052807 0.602854433026157 0.5935677771832322 0.5868089903916253 0.5846628739599096 0.5851133485618484 0.5819714619355821 0.5892157971451534 0.5864204777020141 0.5991587522205524 0.6084748718596458 0.6106169542307741 -9999.0 0.6642643307226956 -9999.0 -9999.0 0.659361878152201 -9999.0 -9999.0 0.6694493554998061 0.6655121936821852 0.6633290661164154 0.5920684334118249 0.5587088894737512 0.6562880787701214 0.6478196369949377 0.6483203860709685 0.6529778430838771 0.6504550133016991 0.6644255940369825 0.6627512951853095 0.6639053946790461 0.6632232199622664 -9999.0 -9999.0
0.7490805380130161 0.7351965026179726 0.7653496961933547 0.7559303987104874 0.7612723454442598 -9999.0 -9999.0 -9999.0 0.6759060493697633 0.6699382552789848 0.6318749354191834 0.6819008739875092 0.6751852522241972 -9999.0 -9999.0 -9999.0 -9999.0 0.5920885649877706 0.5775701223952352 0.5811929469313479 0.5804252574036157 0.5829867874381782 0.5820451037557273 0.6148274516827725 0.6132890882333389 0.590743058549676 0.5922958542181546 0.5719063067784508 0.5730776564823093 0.7908481035885859 0.7693762734205551 0.7760879732921717 0.7654272123605452 1.277606180088132 1.2783110595331435 1.1850904483193 0.6164266168997173 -9999.0 -9999.0 -9999.0 0.6494469645131951 0.6506139630493799 0.6588639683601152 -9999.0 -9999.0 0.66411905565799 -9999.0 -9999.0 0.5455032993556947 0.641998197396159 0.6518872554346474 0.6528935006468222 0.5502687259501051 0.5946646356514868 0.6026428698189105 0.6024078717702809 -9999.0 -9999.0 -9999.0 -9999.0
0.7425049345225104 0.75891177042965 0.7654644291004552 0.7238593848410007 0.7658356554693916 -9999.0 -9999.0 0.6563510439959254 0.6715405228268208 0.6928787603547248 0.7028923104948349 0.7241706049565558 0.6913725167475073 -9999.0 -9999.0 -9999.0 0.5754308552350351 0.5885551909305563 0.5805407004846078 0.5780988861013961 0.5741296104562368 0.572409608574541 0.5705613665290087 0.5705302342615622 0.5722961106267155 0.5682157241969875 0.5608443362054409 0.5579849060048451 -9999.0 0.7271725094320873 -9999.0 0.6735787051562634 -9999.0 1.3384275696720511 0.6216747843577711 0.7877935496434155 -9999.0 -9999.0 0.6553877321130279 0.651779983980748 0.6574182435917681 0.6550385295681331 -9999.0 -9999.0 -9999.0 -9999.0 -9999.0 0.5929482255388335 0.6667139806502868 0.6652568192150317 0.6639105689455482 0.5974041216929749 0.5596002437778224 -9999.0 -9999.0 -9999.0 -9999.0 -9999.0 -9999.0 -9999.0
0.7478040836210417 0.7630152702032513 0.7718399942853795 0.7376462806183454 0.7369805491291634 -9999.0 -9999.0 0.6636476611297449 0.659659448511446 0.6629113535040763 0.6683816700173022 0.6732574813184659 -9999.0 0.6766227869319161 0.6806718912419064 -9999.0 0.5560916028521291 0.5660079134138132 0.5606844568592737 0.5569551045592008 0.5580713509187646 0.5533158831100911 0.5496588709157292 0.5515441580335739 -9999.0 0.5473158231233988 -9999.0 -9999.0 0.7468377670746004 0.7293643145320122 -9999.0 -9999.0 -9999.0 1.3220284019567836 0.6269230532415198 -9999.0 -9999.0 0.7190071700427004 0.6548341812543376 0.373755972904317 0.66752595009916 0.6872093745732397 -9999.0 -9999.0 -9999.0 -9999.0 -9999.0 0.5543159545188784 0.6634076476568534 0.6647350640267262 0.6609109199830013 -9999.0 -9999.0 -9999.0 -9999.0 -9999.0 -9999.0 -9999.0 -9999.0 -9999.0
0.763534848350189 0.770285785710797 0.7680774793498903 0.7500295210769685 -9999.0 -9999.0 -9999.0 0.6665802949380212 0.6761873908173281 0.6780990610936265 0.6897076983554503 0.684902315728362 0.6811013804610133 0.6744961022772273 0.6925988239268311 0.5650591663427663 0.5593622826557488 0.558708093378239 0.5551602104105717 0.5513316273709281 0.551981130284273 0.5531823302852501 0.784019720601478 0.7849365553978764 0.7834609324456436 0.782060095957273 0.7645599943623977 0.7611182458890955 0.7599171140653644 0.7531431823943134 0.7653945739239858 0.7384364769029028 0.7789905911081267 0.7695049213770794 -9999.0 0.8417033971544274 0.8156921014647973 0.820914240047677 0.5305580269932979 0.5146170304894359 -9999.0 -9999.0 -9999.0 -9999.0 -9999.0 -9999.0 -9999.0 -9999.0 -9999.0 -9999.0 -9999.0 -9999.0 -9999.0 -9999.0 -9999.0 -9999.0 -9999.0 -9999.0 -9999.0 -9999.0
0.7578118850326991 0.7630460564667456 0.7621913293584683 0.7555499927537879 -9999.0 -9999.0 -9999.0 -9999.0 0.6820514290379192 0.6757219891538124 0.6782398773191047 0.6721620530028278 0.6668062775018858 0.6612482529308571 0.6813689047320919 0.5377005838735175 0.5442429088075805 0.5406706915653677 0.5406547336160541 0.5397019545364407 0.5354810345032283 0.5365291502951416 0.7531324315362848 0.7773584658809669 0.7786922620100211 0.7762435166961644 0.771407305886521 0.7674262549166363 0.7582429291950794 0.7556940650031022 0.7639076542905711 0.7630338460170938 0.7602255454198061 0.7639689613618601 1.1364699256026387 0.7243502895251158 0.6308718615675838 0.6206161792691849 0.6617705424197735 -9999.0 -9999.0 -9999.0 -9999.0 -9999.0 -9999.0 -9999.0 -9999.0 -9999.0 -9999.0 -9999.0 -9999.0 -9999.0 -9999.0 -9999.0 -9999.0 -9999.0 -9999.0 -9999.0 -9999.0 -9999.0
0.7741596585761559 0.772203942725652 0.7718091464890479 0.73827722460931 -9999.0 -9999.0 -9999.0 0.6950797227132901 0.6898967073787788 0.6869863952285405 0.679776745279894 0.6721286483834914 0.6857743857005304 0.6869819448502218 0.5399474697577827 0.5383488934836907 0.5429929025379502 -9999.0 -9999.0 -9999.0 -9999.0 0.5137448841555101 0.5850610570993172 0.7540914857485878 0.7601991172641391 0.7677979487087554 0.761683919683839 0.5822902280915634 0.5820359622642746 0.708509849096336 0.7220524374801501 0.6950992530634496 0.5575491964736515 0.6518403532484786 0.6437581298393822 0.5771666520916358 0.6087739783141991 0.6233736924035376 0.6447321601233139 -9999.0 -9999.0 -9999.0 -9999.0 -9999.0 -9999.0 -9999.0 -9999.0 -9999.0 -9999.0 -9999.0 -9999.0 -9999.0 -9999.0 -9999.0 -9999.0 -9999.0 -9999.0 -9999.0 -9999.0 -9999.0
0.769887072231502 0.7786618352107649 0.7900666403830373 0.7713883666278956 0.7396296567239922 -9999.0 0.6895099203323891 0.694605217829929 0.6910719404561806 0.6861593392334489 0.6822768008112158 0.689256268237527 0.6938721569327385 -9999.0 -9999.0 -9999.0 -9999.0 0.7483529840203893 0.7395318244317916 0.38861651953666565 0.7817370186013298 0.6880106762968922 0.6821378507092803 0.6821380312428302 0.6828218056100773 0.824980223230392 0.8232884821933114 0.682467893119223 0.596410243385061 0.6824380787505748 0.6954788342861422 0.746276464479473 0.5868563419512265 0.6000733573792515 0.5426802103563209 0.558269824189633 0.6097507126844721 0.6061824328832212 0.6129316846139038 0.6265454855161188 0.6403950834583467 -9999.0 -9999.0 -9999.0 -9999.0 -9999.0 -9999.0 -9999.0 -9999.0 -9999.0 -9999.0 -9999.0 -9999.0 -9999.0 -9999.0 -9999.0 -9999.0 -9999.0 -9999.0 -9999.0
0.7749589831535977 0.779672324593779 0.7931653353798368 0.7905502939879696 0.7928835115959572 0.7099786512233962 0.7193905653451451 0.7233766312419599 0.7210243187216797 0.7092758571901874 0.8040500397730442 0.8088127962150327 0.8093925887867084 0.79454956918456 0.8024175071928047 0.7859558836724042 0.7698176966337308 0.7664938932604319 0.7625185446681519 0.408805498353097 0.5558733666695042 0.5512685634469153 0.6821378249837182 0.6821388388927396 0.7017353937278703 0.8317697221401036 0.8564439131086509 0.8116494650729855 0.5515860681289932 0.6824189541593957 0.6548179781199496 0.7430822623076998 0.5429417368868722 0.5834136239311729 0.5675191599065871 0.6130803892640043 0.5940408107762167 0.6058642288860994 0.6034514860234884 0.6588122013856749 -9999.0 -9999.0 -9999.0 -9999.0 -9999.0 -9999.0 -9999.0 -9999.0 -9999.0 -9999.0 -9999.0 -9999.0 -9999.0 -9999.0 -9999.0 -9999.0 -9999.0 -9999.0 -9999.0 -9999.0
0.7756281268366002 0.7943040747025331 0.7951171090183894 0.798720991498082 0.7980539093757555 0.7259720058271125 0.7351257926886412 0.7194700728142868 0.7248476127911448 0.728344081675985 0.8093506917588436 0.8040138956457722 0.7997780017592553 0.7872999953066275 0.7883817507699464 0.7758644916450965 0.7805606773858227 0.7666229294211799 0.3380788520756054 0.3899156016612795 0.3791277910619192 0.8370467464291731 0.5414587851768874 0.6922342538295816 0.8382673894282262 0.8555150715585285 0.8454787305502122 0.789220767339655 0.8251752546659997 0.8358757650491951 0.5501839977708863 0.6418298769441507 0.695680650050388 0.6831840906274361 0.4403185556779088 0.766673799484169 -9999.0 -9999.0 -9999.0 -9999.0 -9999.0 -9999.0 -9999.0 -9999.0 -9999.0 -9999.0 -9999.0 -9999.0 -9999.0 -9999.0 -9999.0 -9999.0 -9999.0 -9999.0 -9999.0 -9999.0 -9999.0 -9999.0 -9999.0 -9999.0
0.782897110179984 0.8007147964665601 0.8011783885343696 0.8023750303949906 0.8013315693304381 0.7308828868859991 0.7369379033389857 0.7362183492820566 0.7334648971241572 0.7269479253741834 0.8073319077124727 0.8043481865475921 0.798357616763389 0.8006692991283367 0.7934883523259929 0.7879459163524333 0.7704329777944079 0.7453162011188702 0.3471748777240501 0.8484850214492005 0.8460972777534493 0.8359500282658588 0.8174277542438925 0.8354034524659577 0.8651848355465293 0.851786382312484 0.8483501046750022 0.8636583569753317 0.8440053074778774 0.8399034474972104 0.6582463342243832 0.6562769679722208 -9999.0 -9999.0 -9999.0 -9999.0 -9999.0 -9999.0 -9999.0 -9999.0 -9999.0 -9999.0 -9999.0 -9999.0 -9999.0 -9999.0 -9999.0 -9999.0 -9999.0 -9999.0 -9999.0 -9999.0 -9999.0 -9999.0 -9999.0 -9999.0 -9999.0 -9999.0 -9999.0 -9999.0
0.7927712867367673 0.8000302040270147 0.7967501260703468 0.8030848785678585 0.8013778913743747 0.703282066819878 0.724880862439367 0.6972719632827779 0.7320983880729697 0.7208928063028108 0.8058606844971615 0.7893370358029135 0.8071928202459562 0.8092922488829555 0.8024443586526426 0.7707768688428387 0.7417936533905307 0.5810112251923379 0.6100111364589581 0.4400328909485826 0.42426571494610005 0.826570424566032 0.8349892105081589 0.79469959405613 0.8639801448681758 0.8645546774142107 0.8617077808465713 0.8604229921261608 0.8507165390390232 0.6591877490170616 0.6645675628102062 0.6824459145647181 -9999.0 -9999.0 -9999.0 -9999.0 -9999.0 -9999.0 -9999.0 -9999.0 -9999.0 -9999.0 -9999.0 -9999.0 -9999.0 -9999.0 -9999.0 -9999.0 -9999.0 -9999.0 -9999.0 -9999.0 -9999.0 -9999.0 -9999.0 -9999.0 -9999.0 -9999.0 -9999.0 -9999.0
0.79417918998321 0.7860224407590636 0.7521478305377777 0.7597468443934184 0.7898899509961331 0.7092885997422378 0.6654083245081188 0.6665821010018959 0.7269528499366199 0.6994824307786252 0.7755635641652407 0.779012215768603 0.8100871080903193 0.7913466489091266 0.7676587294675872 0.4456470386576848 0.4060654643807542 0.5751638076607802 0.692893122309963 0.5815569289847395 0.6987835129246891 0.8311792575961171 0.8369819417766642 0.6575339062733658 0.6575569688949466 0.7318690548451179 0.7021658729961083 0.7277990293602609 0.6981220623991775 0.6577499398764615 0.5614391868908765 0.5619399906012988 -9999.0 -9999.0 -9999.0 -9999.0 -9999.0 -9999.0 -9999.0 -9999.0 -9999.0 -9999.0 -9999.0 -9999.0 -9999.0 -9999.0 -9999.0 -9999.0 -9999.0 -9999.0 -9999.0 -9999.0 -9999.0 -9999.0 -9999.0 -9999.0 -9999.0 -9999.0 -9999.0 -9999.0
0.7832337923638474 0.7404146880765506 0.7663003150579434 0.7977844323133201 0.7652289459557542 0.7338418009890438 0.6759940934995415 0.6926242353552566 0.6878125502948369 0.6626088775495835 0.6241736263557184 0.6285380767814918 0.7842662928855971 0.7334932676387074 0.4026715123335701 0.38326099027963795 0.5268467185797228 0.6927786609038339 0.6926048186936509 0.717927886838799 0.6924415455307419 0.7817962000681132 0.6654693679203707 0.6631834485070437 0.6570821917627794 0.5280497962489396 0.7087605658108256 0.7401109516482092 0.7537803508771325 0.7093584665347852 -9999.0 -9999.0 -9999.0 -9999.0 -9999.0 -9999.0 -9999.0 -9999.0 -9999.0 -9999.0 -9999.0 -9999.0 -9999.0 -9999.0 -9999.0 -9999.0 -9999.0 -9999.0 -9999.0 -9999.0 -9999.0 -9999.0 -9999.0 -9999.0 -9999.0 -9999.0 -9999.0 -9999.0 -9999.0 -9999.0
0.7713091185217236 0.7732602520814911 0.7800012450704659 0.7807311386600544 0.7119327297964899 0.7134657300462786 0.6893550556328969 0.6677065154143265 0.6241774616244965 0.6227934639428714 0.6251907098912831 0.6303375566418069 0.6316918679571427 0.6701510112998532 0.556256016601149 0.6175832060149935 0.609397664901264 0.6927769361357321 0.6925929575336699 0.6923770714619253 0.6826444248322696 0.6610438608606494 0.6629355108393532 0.6704817026837671 0.6707090043990331 0.6619453366407848 0.712471541932717 0.683009344655412 0.7177637067872643 0.7419361662837937 -9999.0 -9999.0 -9999.0 -9999.0 -9999.0 -9999.0 -9999.0 -9999.0 -9999.0 -9999.0 -9999.0 -9999.0 -9999.0 -9999.0 -9999.0 -9999.0 -9999.0 -9999.0 -9999.0 -9999.0 -9999.0 -9999.0 -9999.0 -9999.0 -9999.0 -9999.0 -9999.0 -9999.0 -9999.0 -9999.0
0.6206874230878643 0.7597643289034072 0.7666383408620436 0.747281033949752 0.6477791731128081 0.6495921414494753 0.639727841670221 0.6297502381534258 0.638346914373104 0.6376797398908508 0.6327895396850078 0.629816089896798 0.6510785210895776 0.6627982176636985 0.6242413498384015 0.6925766726182141 0.6909890812674623 0.7201140596831175 0.8729534203076139 0.8608891953777529 0.6768712375417426 0.6788048629915178 0.6752059584774104 0.6759989821519541 0.6706241630786575 0.6656844742809035 0.6708210961448601 0.6715742018556939 0.6951908935614269 0.6771055364979247 -9999.0 -9999.0 -9999.0 -9999.0 -9999.0 -9999.0 -9999.0 -9999.0 -9999.0 -9999.0 -9999.0 -9999.0 -9999.0 -9999.0 -9999.0 -9999.0 -9999.0 -9999.0 -9999.0 -9999.0 -9999.0 -9999.0 -9999.0 -9999.0 -9999.0 -9999.0 -9999.0 -9999.0 -9999.0 -9999.0
0.6280868010019869 0.7599422103536402 0.7758007403199888 0.6307817445974803 0.638511483694924 0.6459363530220266 0.6366542311073092 0.6306495631306507 0.6339475342693621 0.6282663862309935 0.6258304147593577 0.6368472741787642 0.6538321769548607 0.6720455467849553 0.625620476734498 0.6153066425908138 0.677880024413437 0.6872365575951249 0.6687220356465724 0.6659541046930832 0.6743454263783651 0.669215041711595 0.6700172834700872 0.6729063278644957 0.668984977371268 0.668597083291456 0.6780740947424087 0.5038516600041834 0.7199511891978244 -9999.0 -9999.0 -9999.0 -9999.0 -9999.0 -9999.0 -9999.0 -9999.0 -9999.0 -9999.0 -9999.0 -9999.0 -9999.0 -9999.0 -9999.0 -9999.0 -9999.0 -9999.0 -9999.0 -9999.0 -9999.0 -9999.0 -9999.0 -9999.0 -9999.0 -9999.0 -9999.0 -9999.0 -9999.0 -9999.0 -9999.0
0.6087564841952439 0.6512648235071233 0.6439243162511468 0.6398134792828695 0.6525436018181726 0.6453152186532027 0.6524408097713409 0.6290589428264799 0.6466297098379483 0.6502771631388065 0.6548354026274317 0.6626128807104692 0.653697472128103 0.6434552436114259 0.6721533590825607 0.668517763296704 0.6762082995828166 0.6677099529268494 0.669319076254727 0.6685883704187081 0.6723157456481695 0.6681792349183505 0.6737718084269994 0.6753564063001861 0.6758585579120747 0.6763122560621352 0.6813927184921936 0.6930501782917174 -9999.0 -9999.0 -9999.0 -9999.0 -9999.0 -9999.0 -9999.0 -9999.0 -9999.0 -9999.0 -9999.0 -9999.0 -9999.0 -9999.0 -9999.0 -9999.0 -9999.0 -9999.0 -9999.0 -9999.0 -9999.0 -9999.0 -9999.0 -9999.0 -9999.0 -9999.0 -9999.0 -9999.0 -9999.0 -9999.0 -9999.0 -9999.0
0.6410466049048577 0.5031472203619007 0.4848872828792794 0.5008802177037535 0.6112617029289362 0.5355294802121762 0.5167774438714222 0.4743649129372913 0.5616716672003753 0.47445568001561284 0.5625970881949004 0.5660408929187041 0.5217564416923713 0.48551645143548094 0.47576464183220657 0.48659870044283016 0.5849392969222975 0.5400863883770247 0.46117348548122183 0.47205091073408495 0.45875186413529134 0.4733774295605885 0.498498998024328 0.4893420704584835 0.4829855905117918 0.47903510651537 0.4932317630662466 0.5397423566121458 0.5122839867875211 -9999.0 -9999.0 -9999.0 -9999.0 -9999.0 -9999.0 -9999.0 -9999.0 -9999.0 -9999.0 -9999.0 -9999.0 -9999.0 -9999.0 -9999.0 -9999.0 -9999.0 -9999.0 -9999.0 -9999.0 -9999.0 -9999.0 -9999.0 -9999.0 -9999.0 -9999.0 -9999.0 -9999.0 -9999.0 -9999.0 -9999.0
