critload/trunk/output/1999/nue_crit_gw.asc
ncols 720
nrows 360
xllcorner -180.0
yllcorner -90.0
cellsize 0.5
NODATA_value -9999.0
[rows 208 to 233 of 360, columns 240 to 299 of 720]
0.15540486497541922 0.12077266363586961 0.08283498878446348 0.09042092684208745 0.11005453875704276 0.061645932656056175 0.12784450797292227 0.12183662000695124 0.16366444030829042 0.1529696946776794 0.1194940283315241 0.14034043738212026 0.11610536297199792 0.10192956524180828 0.10332927384603526 0.09928061332127203 0.07694452081701085 0.06570344975610373 0.08518576962783068 0.09826008075013548 0.09212187431210772 0.09289159808718458 0.10180828525296548 0.08911556278256283 0.07557962849701336 0.11756765934271594 0.13958630076914944 0.12575991173796255 0.2428324636969022 0.2629483749687635 0.1998955439145851 0.19985953392419495 0.2803391471177628 0.2047544194562422 0.26256485006006103 0.22802774456190755 0.2662335050990932 0.2038978397320211 0.2539749234353924 -9999.0 0.8704384940961607 0.08372323048244575 0.0786804924223947 -9999.0 -9999.0 -9999.0 -9999.0 -9999.0 -9999.0 -9999.0 -9999.0 -9999.0 -9999.0 -9999.0 -9999.0 -9999.0 -9999.0 -9999.0 -9999.0 -9999.0
0.11350617195972924 0.0992893124676084 0.09914260888004753 0.10551653353822807 0.11108172563642538 0.11013777304494311 0.07742452245724014 0.1274297172008188 0.1647534750820869 0.2334993406491426 0.175495896861875 0.19226136613886352 0.17004344349792633 0.0834916769860672 0.1394627940554862 0.09188547266688815 0.0877433959707043 0.07683756038444589 0.0948603145884512 0.10061021535155597 0.070296281724257 0.11779179292462508 0.0957802808950859 0.08353148161990206 0.09728920544047055 0.18516313729943007 0.19274146475955076 0.27231580876934425 0.35871304979059493 0.46202226701110216 0.3127924923540256 0.23370889278754953 0.29239264559603717 0.1967553304644312 0.1900987517227309 0.2627068788526229 0.312832103630933 0.3150366730702573 0.23360971235583847 0.0983306931350466 0.28429828589012096 0.08276654063167527 -9999.0 -9999.0 -9999.0 -9999.0 -9999.0 -9999.0 -9999.0 -9999.0 -9999.0 -9999.0 -9999.0 -9999.0 -9999.0 -9999.0 -9999.0 -9999.0 -9999.0 -9999.0
0.10022254050632207 0.1820025871907283 0.15083104979810566 0.13586022972727732 0.10043383164240381 0.08575551401657155 0.14038499265070553 0.10722116791700409 0.09426805039487442 0.181720285997134 0.1910438190241716 0.13504971217004028 0.13935809674201816 0.123180046252455 0.13909878379096927 0.08681600831811599 0.08223258225081141 0.08630528947337679 0.09902845054542209 0.10678845781868955 0.11797155181489564 0.12847315641023263 0.07193541385662668 0.0841786355868504 0.1046288197434923 0.14864811473491146 0.19672271157453375 -9999.0 0.37860193095405986 0.322734829369553 0.40154034724666515 0.23538514176531047 0.21042628305210637 0.22266076648523675 0.17770691278877557 0.1773761064617471 0.19066812713603945 0.3185498633560711 0.24734084011031443 0.195907636286218 0.14514678225229852 0.08075980876771403 0.08921290368287838 -9999.0 -9999.0 -9999.0 -9999.0 -9999.0 -9999.0 -9999.0 -9999.0 -9999.0 -9999.0 -9999.0 -9999.0 -9999.0 -9999.0 -9999.0 -9999.0 -9999.0
0.11663840883408329 0.17141126103242832 0.15517788728468337 0.19710508860585443 0.08111243902327897 0.1072435012318206 0.12040376243379293 0.12935288090361519 0.14993891243005497 0.1168187871615238 0.09687641804421636 0.13780751998957025 0.15307297942954126 0.16132137897676693 0.14351371009020739 0.14787872738782815 0.1075686591890486 0.11642779790238758 0.0866037258746323 0.0844336078696911 0.11357740084287239 0.09790914726950144 0.07791921639561665 0.11871289109553403 0.14166032300236334 0.2004633178833137 0.11360333889615419 0.133896638631374 0.25364421557457373 0.3288023854488104 0.18093434436057834 0.1766372242142104 0.19956054081960273 0.2113051081460442 0.1842126008418441 0.17702588535499203 0.19446853453227297 0.12351605046425437 -9999.0 0.18786761612965952 0.1514549592091852 0.12316823413774104 0.08762333306781227 -9999.0 -9999.0 -9999.0 -9999.0 -9999.0 -9999.0 -9999.0 -9999.0 -9999.0 -9999.0 -9999.0 -9999.0 -9999.0 -9999.0 -9999.0 -9999.0 -9999.0
0.1183579105219077 0.10078826881527359 0.11248583735949362 0.13463183800144932 0.07859636661796199 0.08319560258765919 0.10143733629163453 0.1163897038624544 0.06979730815269836 0.11246752284111346 0.10953713949780798 0.10256199794345196 0.1467434081888899 0.13931367945416934 0.18181949929959512 0.15156741572692245 0.14684006712148107 0.1751323067804585 0.10770199629802245 0.12529629046094296 0.16176650462214276 0.1430486176731757 0.1523759574698794 0.09202070530124137 0.16824860037837294 0.1339161308364315 0.12854169956151962 0.1728064483782304 0.16242663893796117 0.15089314758526576 0.1639075381094309 0.16030454833821714 0.18696915756702703 0.20543221296650727 0.16442143934407039 0.18887348300440232 0.1745412717822211 0.1938352562315366 0.16246654722404302 0.15229442498931822 0.19638688080346633 0.07509624941825634 0.06627492933391618 -9999.0 -9999.0 -9999.0 -9999.0 -9999.0 -9999.0 -9999.0 -9999.0 -9999.0 -9999.0 -9999.0 -9999.0 -9999.0 -9999.0 -9999.0 -9999.0 -9999.0
0.0965211738576297 0.045251279491823455 0.07270048577942115 0.07558346022947368 0.0818393494556142 0.07438254694339905 0.06532596892584425 0.0729859099179678 0.07400760153740397 0.11414052934104467 0.12112564625431402 0.1721500849516269 0.1823310918415878 0.16220238024198697 0.17728042140705486 0.17386031966253068 0.20531509655232447 0.22510342237216366 0.17970566529136753 0.1370826331722253 0.18290982504611383 0.1511836066102136 0.18549476706868498 0.18450189066460207 0.16541552876953958 0.14359847681118595 0.1293249244025303 0.13883658123720627 0.19987325198350192 0.15504331027548676 0.15388600927537796 0.15879879471651812 0.21621651991833044 0.16356402393693525 0.15327292964187436 0.2749732622243731 0.1773579293231395 0.17407195637010384 0.18798478595040263 0.18217571804086877 0.13207879454905927 0.1643667291407777 -9999.0 -9999.0 -9999.0 -9999.0 -9999.0 -9999.0 -9999.0 -9999.0 -9999.0 -9999.0 -9999.0 -9999.0 -9999.0 -9999.0 -9999.0 -9999.0 -9999.0 -9999.0
-9999.0 0.04418029366800289 0.058471594848608956 0.07727578304597026 0.07570862958632972 0.07507022636777627 0.08099947240187277 0.06773864199159164 0.07013425181067154 0.08294628553063148 0.14030475902258704 0.1450567719238746 0.12024718722674144 0.19422340812082572 0.1823811733790765 0.1263354753991483 0.15833402905396327 0.14082533601014327 0.14167369524219045 0.13882208274227162 0.147003166006951 0.13851787343292155 0.16465898360919884 0.14433753016893308 0.15271664388442707 0.13261003380980216 0.09789791808818768 0.11396033051986505 0.10636892521989862 0.1388801793879288 0.1356280189265406 0.1507396095719782 0.17341806442351515 0.1491514354354123 0.15186443043204248 0.15908459299383867 0.1977226404491083 0.1575154181690172 0.18986939857497442 0.16927642367266435 0.17439482236222517 0.1035082832155351 -9999.0 -9999.0 -9999.0 -9999.0 -9999.0 -9999.0 -9999.0 -9999.0 -9999.0 -9999.0 -9999.0 -9999.0 -9999.0 -9999.0 -9999.0 -9999.0 -9999.0 -9999.0
-9999.0 -9999.0 0.025611645056683688 -9999.0 0.04710461143909064 0.0818889353150405 0.10578365815723902 0.09624913228610828 0.09586960302589151 0.07520236907972917 0.13956006945659155 0.1694451926832596 0.16362050134952388 0.18923274308482038 0.1377912809850324 0.14827910559749186 0.1452287266810894 0.16052256853539718 0.15936037894478838 0.1746530094250339 0.222262319000114 0.21009039761375503 0.15529247702771876 0.09413639598056822 0.1069510923279999 0.15442083416535493 0.11932014930014781 0.10637654552068514 0.14832060548426726 0.14531523287834325 0.11090803941844592 0.12328992927103315 0.1371099262658248 0.12807102354301858 0.14341268365788618 0.16424055275626598 0.20408426420674133 0.1659772785412621 0.2020445303673825 0.2109810904532796 0.12415483716529352 0.1685587784610671 -9999.0 -9999.0 -9999.0 -9999.0 -9999.0 -9999.0 -9999.0 -9999.0 -9999.0 -9999.0 -9999.0 -9999.0 -9999.0 -9999.0 -9999.0 -9999.0 -9999.0 -9999.0
0.2867537094315727 -9999.0 -9999.0 -9999.0 0.04773473757025005 0.09054550019209286 0.09518140193640842 0.08495094610921636 0.09397466860288063 0.08163557441953005 0.19695509450472315 0.17736746629163466 0.18224699028108507 0.1432853042998228 0.16223902130893825 0.13526336701258146 0.15213084228892126 0.1212545272939862 0.16560871881876219 0.20993807113570823 0.22932304371713144 0.1936765888410221 0.1521751340362692 0.13938674582880523 0.2091304144760172 0.1927915391475254 0.145968555065012 0.10879658964185278 0.1221931618522994 0.13222945596902808 0.12464306622523937 0.1516250245239068 0.14829911230137072 0.1190196221597888 0.13052767497334916 0.2070364004955106 0.22936779936104448 0.15264775847536421 0.21435263906230034 0.2298532100752465 0.17188327967536288 -9999.0 -9999.0 -9999.0 -9999.0 -9999.0 -9999.0 -9999.0 -9999.0 -9999.0 -9999.0 -9999.0 -9999.0 -9999.0 -9999.0 -9999.0 -9999.0 -9999.0 -9999.0 -9999.0
0.06888887926454124 0.04663147221507237 0.04786112174213955 -9999.0 0.021145447448631734 0.09722948826189419 0.1059294938723669 0.08747257086117252 0.08545603945419643 0.09714398216328839 0.22786565175657406 0.19377937899326253 0.19543275644776767 0.20150905851878906 0.2009550408688514 0.16882369270671094 0.1552956784522259 0.14614422409713604 0.17018967797303772 0.219601954740953 0.2097222735329128 0.1775074313262471 0.16402283601857975 0.17984771316061882 0.19042958808544985 0.16709140590239732 0.18195228774545683 0.11253862794955537 0.12105313642600118 0.21386739579019945 0.15383374909193173 0.16260488174529597 0.1386283477811358 0.1408907325612149 0.12460497237363016 0.17172815653785048 0.21506688320723116 0.1564808965627428 0.19419961877929642 0.17005360751692403 0.3635045738649284 -9999.0 -9999.0 -9999.0 -9999.0 -9999.0 -9999.0 -9999.0 -9999.0 -9999.0 -9999.0 -9999.0 -9999.0 -9999.0 -9999.0 -9999.0 -9999.0 -9999.0 -9999.0 -9999.0
0.020276384344861877 0.04657780324136292 0.04484515952815741 0.051821621031498025 0.10915264024039448 0.11142564640123724 0.09584270348346395 -9999.0 0.11582639559002526 0.15574600389144624 0.16088761544271862 0.20769762938809985 0.18961804589552134 0.25283352278137045 0.21287476577186534 0.21314586654206397 0.1841719859335243 0.18888417011708497 0.2065553606642073 0.1950019057145996 0.15978618838290382 0.1440523988158909 0.15162012511657538 0.16682009731243197 0.14981745453535464 0.19044854882377393 0.2043065891198252 0.1889886109147732 0.1229187331161994 0.17395434099261725 0.17701983790784387 0.14979642728246542 0.1204360325758047 0.13499821738768422 0.12305256242051199 0.18053738423521518 0.18899064138028993 0.21149269316921898 0.15697019581243454 0.20935562989813827 0.2790928774632176 -9999.0 -9999.0 -9999.0 -9999.0 -9999.0 -9999.0 -9999.0 -9999.0 -9999.0 -9999.0 -9999.0 -9999.0 -9999.0 -9999.0 -9999.0 -9999.0 -9999.0 -9999.0 -9999.0
0.019496881195966584 -9999.0 0.10788304401896603 -9999.0 0.10316844966639736 0.1148599464030073 0.10821222343248353 0.0992648585138914 0.09514498151423073 0.13722034443289 0.1613491035310038 0.17749683888461884 0.25389840541624664 0.16967684742185316 0.21382445441386255 0.2508820398157589 0.3170133482499147 0.3446108610627485 0.2014480241138439 0.20935830984137754 0.1717522500596223 0.16934659113352332 0.1821483873309327 0.15988989249462623 0.1804999339846721 0.18390744571877193 0.1634067526982436 0.11725087253768351 0.14411562087915636 0.16468163670591318 0.18855504350785632 0.149987886468098 0.11287845279802995 0.15059675276137907 0.16298452193241875 0.1572246262328329 0.13344604494849477 0.19631774003894634 0.15485957509191486 0.164293174603759 0.025295480117258157 -9999.0 -9999.0 -9999.0 -9999.0 -9999.0 -9999.0 -9999.0 -9999.0 -9999.0 -9999.0 -9999.0 -9999.0 -9999.0 -9999.0 -9999.0 -9999.0 -9999.0 -9999.0 -9999.0
-9999.0 -9999.0 -9999.0 0.09335335818134882 0.0665875445327584 0.11861278337796358 0.29146724285994086 0.20170614822031163 0.20392306381478803 0.18562570920065624 0.11314798433256414 0.16776217112652564 0.18132821329127188 0.25101086388678284 0.25098706430390905 0.28784645382783636 0.32160757046367655 0.5105460797559096 0.2862112158362783 0.17079130089360012 0.11113288614025564 0.20649740089682805 0.21256216281958676 0.2085448078974978 0.16634008443099574 0.13976174838360433 0.19289695660119496 0.16428188428182713 0.1703384784607026 0.18475124408806504 0.20315293603505274 0.20080846795053484 0.10835089977316804 0.16776457374480136 0.1937166659096233 0.15363899642085344 0.1655881851942524 0.15685097650948193 0.1645958000554708 0.12023987463073485 -9999.0 -9999.0 -9999.0 -9999.0 -9999.0 -9999.0 -9999.0 -9999.0 -9999.0 -9999.0 -9999.0 -9999.0 -9999.0 -9999.0 -9999.0 -9999.0 -9999.0 -9999.0 -9999.0 -9999.0
-9999.0 -9999.0 0.04961425042620332 0.022813996324588533 0.09408125161570888 0.09375498207214861 0.21386230573714263 0.20244775852866925 0.21655932991782248 0.16282203401665418 0.1693940706825156 0.19959550604798673 0.28515078816390893 0.2979615832939397 0.3132603647199289 0.32199107270764 0.4564909604097766 0.3798744855138549 0.3072081474520622 0.2591440909661139 0.20394056667787822 0.1948591842856125 0.2116982188500518 0.18027471194718725 0.15869539232692612 0.14165079327087646 0.19550653734396892 0.20569034861699562 0.196321001695458 0.22068790918604017 0.16928739977082238 0.14562661911531571 0.22439186685230764 0.1578887288721591 0.17414112252082736 0.1608023266732565 0.1527681812488708 0.1733006540074879 0.20165206919243914 -9999.0 -9999.0 -9999.0 -9999.0 -9999.0 -9999.0 -9999.0 -9999.0 -9999.0 -9999.0 -9999.0 -9999.0 -9999.0 -9999.0 -9999.0 -9999.0 -9999.0 -9999.0 -9999.0 -9999.0 -9999.0
0.10380211279062067 0.037422955727756696 0.1551281938267454 -9999.0 0.1262676899998512 0.2199494140863643 0.2344176087511554 0.261674182551771 0.18027101833050635 0.18487985977733973 0.18407808267650422 0.19508769359915504 0.2908010854861397 0.3674301059518934 0.36266208996436333 0.227486901775992 0.2793175410928371 0.31586493908601687 0.34619779715647186 0.4377463348420304 0.2935055541124826 0.26521498483740386 0.18583815754603183 0.1931839053001411 0.16389701213281233 0.1332530968641716 0.17751366294336568 0.19193501390202958 0.21020486161238922 0.21186714963367687 0.21262180010463388 0.17633082648456055 0.17902892088433864 0.12718889828239516 0.18253135422320882 0.17052616460412795 0.16975171592098862 0.179733355361262 0.2723485271170621 -9999.0 -9999.0 -9999.0 -9999.0 -9999.0 -9999.0 -9999.0 -9999.0 -9999.0 -9999.0 -9999.0 -9999.0 -9999.0 -9999.0 -9999.0 -9999.0 -9999.0 -9999.0 -9999.0 -9999.0 -9999.0
0.11044326023261368 0.12529125021283488 -9999.0 0.04525147693655689 0.14747818066225302 0.21968542864305396 0.22781580418163275 0.2683844686846071 0.20170949941023886 0.20320768943610998 0.18040662049463135 0.1786971184782209 0.1932811499562492 0.21950359963718216 0.23909804376561308 0.20465434416823255 0.23375918232221812 0.31650354708889733 0.3107364504828741 0.2843610809365106 0.2885890598523162 0.266915133747049 0.22865280693832948 0.1848865046775829 0.13913843849380286 0.16737683437589837 0.1780951264559334 0.16305192912546745 0.18203794622342132 0.2355657806039252 0.1342037079396802 0.15615305908363974 0.1437030201720317 0.1293355535047886 0.13894969711457153 0.155705987611571 0.1556888101270137 0.22686841398207636 -9999.0 -9999.0 -9999.0 -9999.0 -9999.0 -9999.0 -9999.0 -9999.0 -9999.0 -9999.0 -9999.0 -9999.0 -9999.0 -9999.0 -9999.0 -9999.0 -9999.0 -9999.0 -9999.0 -9999.0 -9999.0 -9999.0
-0.3235573259242551 0.09162478640442155 0.08451536745691664 0.04745497960036643 0.05630730763710724 0.08646938504250631 0.1777790568658711 0.41689158160813927 0.21051688459038548 0.19024627994603313 0.1843570310470218 0.1791588973071109 0.19865460511650554 0.20624845039482323 0.214386890909129 0.21710486016416827 0.25544628357615606 0.3370734772603874 0.26244582792327026 0.263529400319931 0.26274666532179697 0.24440888471385847 0.21040720398263443 0.2544084038736816 0.17223341916126136 0.2570751756247268 0.18454485489867867 0.11173290729034303 0.18143804801982474 0.10282301330768895 0.09642008136544934 0.14615101557053983 0.1457781695396438 0.15677168118729615 0.09809842256415073 0.1657787434860032 0.21748150722497717 0.9985909669166759 -9999.0 -9999.0 -9999.0 -9999.0 -9999.0 -9999.0 -9999.0 -9999.0 -9999.0 -9999.0 -9999.0 -9999.0 -9999.0 -9999.0 -9999.0 -9999.0 -9999.0 -9999.0 -9999.0 -9999.0 -9999.0 -9999.0
0.018925798191149708 0.09917417906451553 0.08295033449794548 0.09769900421842222 0.07388757852219485 0.3044374744590332 0.20306328651623293 -9999.0 -0.5197497533922769 0.18835621799860655 0.19093415795904628 0.18157668263021123 0.21185813321092098 0.20536606168062402 0.2533995116504845 0.2678721395730983 0.30110620688040735 0.233383604989186 0.2738395118368177 0.23680034597917077 0.19722633699724004 0.19079649613578512 0.2529062699319655 0.4571946010259269 0.24492836813319083 0.2699362360710253 0.20351256111460356 0.16854965714294265 0.07184655401933042 0.14786273476927503 0.153188358219853 0.13277943237372566 0.11808458925106032 0.16726919544703744 0.2565859430482072 0.31496289613695005 -9999.0 -9999.0 -9999.0 -9999.0 -9999.0 -9999.0 -9999.0 -9999.0 -9999.0 -9999.0 -9999.0 -9999.0 -9999.0 -9999.0 -9999.0 -9999.0 -9999.0 -9999.0 -9999.0 -9999.0 -9999.0 -9999.0 -9999.0 -9999.0
0.21038203072804965 0.09849439778257085 0.10215492166593337 0.0955206683170125 0.10058091860010354 0.3326193365109287 -9999.0 -9999.0 -8.132058255659388 0.1957267299624496 0.17164471682681812 0.17406463179124534 0.16987103983454735 0.18085156888304843 0.2614967697433158 0.27290898277341075 0.2641995171359792 0.2234787670296556 0.23975668827051894 0.23861674455962803 0.30007047730808495 0.31856161748073986 0.43914898885770404 0.23763523517368268 0.19937307263245097 0.16170650642305182 0.10496737279354036 0.09913815396558208 0.10444026301402073 0.0887015632742661 0.07786791922914416 0.08506558249757697 0.05956202244767347 -9999.0 -9999.0 -9999.0 -9999.0 -9999.0 -9999.0 -9999.0 -9999.0 -9999.0 -9999.0 -9999.0 -9999.0 -9999.0 -9999.0 -9999.0 -9999.0 -9999.0 -9999.0 -9999.0 -9999.0 -9999.0 -9999.0 -9999.0 -9999.0 -9999.0 -9999.0 -9999.0
0.14562663823346889 0.17842787495900858 0.1179526573986544 0.10938603971539504 0.10627170205917884 0.12541414892041852 -9999.0 -9999.0 -0.38027347784549675 0.19225421141426108 0.1782480805199702 0.18153144190987455 0.190077068485185 0.2078048153327154 0.2245319544681026 0.24474019531389618 0.18385131927897191 0.12553692985347623 0.19026094791211295 0.21070314584296596 0.21257829346739007 0.2593170747457952 0.20891522340207966 0.18813601596621415 0.2358271229185855 0.14941069376056243 0.0837572875117853 0.0860743638953908 0.07328399269129304 0.05785631613991575 -9999.0 -9999.0 -9999.0 -9999.0 -9999.0 -9999.0 -9999.0 -9999.0 -9999.0 -9999.0 -9999.0 -9999.0 -9999.0 -9999.0 -9999.0 -9999.0 -9999.0 -9999.0 -9999.0 -9999.0 -9999.0 -9999.0 -9999.0 -9999.0 -9999.0 -9999.0 -9999.0 -9999.0 -9999.0 -9999.0
0.08500553422389956 0.12481389573170502 0.1155154939167778 0.1187089533830202 0.09699187140626829 -9999.0 -0.05216723369302977 -0.07622069099905997 -0.5092244400816971 -0.5546645327783329 -1.9414592562177908 0.18274589043559542 0.20448044244680033 0.19965782999493414 0.17737104028182316 0.1498416358899431 0.1713371700411505 0.1900471744953504 0.17558364286075373 0.1654980527411989 0.12596276438653806 0.14364499460676056 0.15184434063054894 0.1868460564304082 0.1430883234406856 0.09253403304377462 0.062037371994592715 -9999.0 -9999.0 -9999.0 -9999.0 -9999.0 -9999.0 -9999.0 -9999.0 -9999.0 -9999.0 -9999.0 -9999.0 -9999.0 -9999.0 -9999.0 -9999.0 -9999.0 -9999.0 -9999.0 -9999.0 -9999.0 -9999.0 -9999.0 -9999.0 -9999.0 -9999.0 -9999.0 -9999.0 -9999.0 -9999.0 -9999.0 -9999.0 -9999.0
0.13878579774700864 0.12916296574363714 0.13009656200767042 0.1395642103609271 0.09909469646001826 0.13824243174707784 0.16586243960897387 1.324574574766658 -0.7167294049541992 -2.573707383225702 1.2691229338121055 0.20319317819367735 0.18909498477018677 0.1292683652424585 0.14319471353380947 0.12232605867829881 0.10735331816384136 0.1795633191632807 0.16197298139104585 0.10132771397135745 0.1356540720110666 0.16545529499600173 0.13430337623773475 0.11503896933317037 0.10653592824605485 0.07101766439735155 -9999.0 -9999.0 -9999.0 -9999.0 -9999.0 -9999.0 -9999.0 -9999.0 -9999.0 -9999.0 -9999.0 -9999.0 -9999.0 -9999.0 -9999.0 -9999.0 -9999.0 -9999.0 -9999.0 -9999.0 -9999.0 -9999.0 -9999.0 -9999.0 -9999.0 -9999.0 -9999.0 -9999.0 -9999.0 -9999.0 -9999.0 -9999.0 -9999.0 -9999.0
0.1142427702847258 0.11784307973462177 0.1245191352989146 0.20297307205750859 0.149084513996033 1.4039516182277538 0.23441313228615956 -0.3062582036063905 0.48401190763208896 -0.7050470082050241 0.12277681202671005 0.2006672065395673 0.13583050921282866 0.10522809515942719 0.11375442842732562 0.10745047657705373 0.13656653540656452 0.15838222328989737 0.156521331894964 0.16554600357389437 0.1549756483050034 0.0993451869794291 0.06713514712511919 0.10565137426590461 0.08880234516083917 -9999.0 -9999.0 -9999.0 -9999.0 -9999.0 -9999.0 -9999.0 -9999.0 -9999.0 -9999.0 -9999.0 -9999.0 -9999.0 -9999.0 -9999.0 -9999.0 -9999.0 -9999.0 -9999.0 -9999.0 -9999.0 -9999.0 -9999.0 -9999.0 -9999.0 -9999.0 -9999.0 -9999.0 -9999.0 -9999.0 -9999.0 -9999.0 -9999.0 -9999.0 -9999.0
0.1452126011228929 0.1350275195024811 0.12724469519704834 0.07966870455555315 0.09754733384588277 1.139557042486373 0.39486517338245036 0.6234769772652742 -0.44063649036665764 -0.3103754911361683 0.4188851254157361 0.12855084961869717 0.15208550110196653 0.1372277898172559 0.11087358163389759 0.10679424179090012 0.1570568056168883 0.12530674595519872 0.13581065471392254 0.11890308147092489 0.15809004427173848 0.10531002061183188 0.07238713830740108 0.08007576359591277 -9999.0 -9999.0 -9999.0 -9999.0 -9999.0 -9999.0 -9999.0 -9999.0 -9999.0 -9999.0 -9999.0 -9999.0 -9999.0 -9999.0 -9999.0 -9999.0 -9999.0 -9999.0 -9999.0 -9999.0 -9999.0 -9999.0 -9999.0 -9999.0 -9999.0 -9999.0 -9999.0 -9999.0 -9999.0 -9999.0 -9999.0 -9999.0 -9999.0 -9999.0 -9999.0 -9999.0
0.14394826874936548 0.1828475092562205 0.16149472254535516 0.12463563566842603 0.06928196018402036 0.3994554118823979 0.4148167912384208 0.4394056828584665 -0.6957490895755479 -0.04263672850746484 -0.9772162026112369 0.09668032664692301 0.16289274917190688 0.12024726176523425 0.12289916866902131 0.14467290808902383 0.12840381426363554 0.11605011539229781 0.13545962591487637 0.14252154490395516 0.1381221412918102 0.10362184030470149 0.12113381186557426 -9999.0 -9999.0 -9999.0 -9999.0 -9999.0 -9999.0 -9999.0 -9999.0 -9999.0 -9999.0 -9999.0 -9999.0 -9999.0 -9999.0 -9999.0 -9999.0 -9999.0 -9999.0 -9999.0 -9999.0 -9999.0 -9999.0 -9999.0 -9999.0 -9999.0 -9999.0 -9999.0 -9999.0 -9999.0 -9999.0 -9999.0 -9999.0 -9999.0 -9999.0 -9999.0 -9999.0 -9999.0
0.11908228057316546 0.14546937651111813 0.14367940928521897 0.10256033961017082 0.08672146546483656 0.2678916839689273 0.16500272589593273 0.27789670361194474 -0.26248547144592327 6.551006079550143 0.15246003801695565 0.3169312735399943 0.1847506695858706 0.10848160099455764 0.09163937906894482 0.09682155423756157 0.1048931502093979 0.09536575302268113 0.09365846247213495 0.10922119385784518 0.111710533426549 0.1804425150705036 0.1835380654591166 -9999.0 -9999.0 -9999.0 -9999.0 -9999.0 -9999.0 -9999.0 -9999.0 -9999.0 -9999.0 -9999.0 -9999.0 -9999.0 -9999.0 -9999.0 -9999.0 -9999.0 -9999.0 -9999.0 -9999.0 -9999.0 -9999.0 -9999.0 -9999.0 -9999.0 -9999.0 -9999.0 -9999.0 -9999.0 -9999.0 -9999.0 -9999.0 -9999.0 -9999.0 -9999.0 -9999.0 -9999.0
