Model Version1.4/trunk/output/2010/fle_ag.asc
ncols 720
nrows 360
xllcorner -180
yllcorner -90
cellsize 0.5
NODATA_value -1
[rows 62 to 92 of 360, columns 71 to 141 of 720]
-1.0 -1.0 -1.0 -1.0 -1.0 -1.0 -1.0 -1.0 -1.0 -1.0 -1.0 -1.0 0 0 0 0 0 0 0 0 0 0 0 0 0 0 0 0 0 0 0 0 0 0 0 0 0 0 0 0 0 0 0.3896285234385128 0.2470496440171252 0.21913874532960465 0.22006044719603743 0 0 0 0 0 0.2998458235994227 0 0 0 0.5383637604608127 0.342265521428226 0.13316152336929962 0 0 0 0 0 0 0.3781196977591194 0.3721186513424194 0.36013800992012296 0 0.4168856765255181 0 0.488873581703464
-1.0 -1.0 -1.0 -1.0 -1.0 -1.0 -1.0 -1.0 -1.0 -1.0 -1.0 -1.0 -1.0 -1.0 0 0 0 0 0.20786977738690604 0.2078776946325504 0.20469637017981468 0.1977999149438953 0 0 0 0 0 0.4044597720450282 0 0 0 0 0 0 0 0 0 0 0 0 0 0 0.34507325449385523 0 0 0 0 0 0 0 0 0 0 0 0 0.5979234789855423 0.472097149230466 0.47265530599539524 0 0 0 0 0 0 0 0.3728462597173727 0.39762827863223504 0.4711065501194964 0.4528543523496045 0 0
-1.0 -1.0 -1.0 -1.0 -1.0 -1.0 -1.0 -1.0 -1.0 -1.0 -1.0 -1.0 -1.0 -1.0 -1.0 -1.0 0 0 0 0 0 0 0 0 0 0 0 0 0 0 0 0 0 0 0 0 0 0 0 0 0 0 0 0 0 0 0 0 0 0 0 0 0 0 0.3439700126396745 0.46459502477320946 0 0 0 0 0.359990171080781 0 0 0.34738473054112123 0.3163856917454923 0 0.26911251867506564 0.4014892823774901 0.4461229124346141 0 0.36611988901567677
-1.0 -1.0 -1.0 -1.0 -1.0 -1.0 -1.0 -1.0 -1.0 -1.0 -1.0 -1.0 -1.0 -1.0 -1.0 -1.0 -1.0 0.20937258245951573 0 0 0.2091045471332329 0.20878970478839212 0 0.20137739352868825 0 0 0 0 0 0 0 0 0 0 0 0 0 0 0 0 0 0 0 0 0 0 0 0 0 0 0 0 0 0.46941530578166707 0.5728244762513451 0 0 0 0 0 0 0 0 0 0 0.360891154543624 0 0 0.44258287877001945 0.5439146177865709 0.5327124519836592
-1.0 -1.0 -1.0 -1.0 -1.0 -1.0 -1.0 -1.0 -1.0 -1.0 -1.0 -1.0 -1.0 -1.0 -1.0 -1.0 -1.0 -1.0 0.1990112404886708 0 0.20981182939537008 0.21023999789333248 0.20940889145462396 0.20869283543680459 0 0 0 0 0 0 0 0 0 0 0 0 0 0 0 0 0 0 0 0 0 0 0.45568819511162767 0.46605991015493364 0 0 0.46467063998987534 0.4707538594903869 0 0.3446089404398007 0.30990965198291937 0 0 0 0 0 0 0 0 0 0 0 0 0 0 0.3763819217217131 0.40714691549893284
-1.0 -1.0 -1.0 -1.0 -1.0 -1.0 -1.0 -1.0 -1.0 -1.0 -1.0 -1.0 -1.0 -1.0 -1.0 -1.0 -1.0 -1.0 -1.0 0 0 0 0.21031655271696487 0.20976066245876068 0.20935642604940566 0 0 0 0 0 0 0 0 0 0 0 0 0 0 0 0 0 0 0 0 0.45620441432138353 0.428231643965354 0.41607806164601707 0.43614830314637676 0.4448080907737147 0.32452602011898163 0.31860286492143325 0.4723036364864429 0.32304366163956383 0.3033230013706671 0.47629728494269047 0 0.3570662748997712 0 0 0 0 0 0 0 0 0 0 0 0.3368159295333214 0.3393450370164364
-1.0 -1.0 -1.0 -1.0 -1.0 -1.0 -1.0 -1.0 -1.0 -1.0 -1.0 -1.0 -1.0 -1.0 -1.0 -1.0 -1.0 -1.0 -1.0 -1.0 0.0 0 0.21036775699824029 0.20966506897233003 0.21020419770366022 0.21020223271360347 0.2092415444179269 0 0.2032116049702406 0 0 0 0 0 0 0 0 0 0 0 0 0 0 0 0 0 0.38804262946106916 0.44547817655321625 0.44311446039006236 0.45452748047315034 0.4677192335276025 0.31243581882381327 0.4312203634308054 0.5499776478069139 0.3164074819029058 0.46757414321160723 0.47384965697692166 0.41132504468907577 0.39180460374876036 0.35731693654348046 0 0.2752055470992577 0 0 0 0 0 0 0 0 0
-1.0 -1.0 -1.0 -1.0 -1.0 -1.0 -1.0 -1.0 -1.0 -1.0 -1.0 -1.0 -1.0 -1.0 -1.0 -1.0 -1.0 -1.0 -1.0 -1.0 -1.0 0.0 0.20075439760283534 0.20273024146455354 0.20356444267641793 0 0.2108048699540089 0 0 0.46045636584437666 0.4448619845854558 0.4502043323501694 0 0 0 0 0 0 0 0 0 0 0.36424054218941854 0 0 0 0 0 0 0.4696790332799999 0.31028180916624115 0.31682067786322815 0.3018869336136503 0.33476246168170376 0.3206615488793603 0.45936196220653036 0.4693696117582242 0.43785963172870457 0.4454614105490828 0.4227137474920582 0.38734496491342335 0.43381980538778603 0.36298390662279634 0.3595450657341347 0.4566267824963258 0.3938747408276614 0.35124598797435497 0 0 0 0
-1.0 -1.0 -1.0 -1.0 -1.0 -1.0 -1.0 -1.0 -1.0 -1.0 -1.0 -1.0 -1.0 -1.0 -1.0 -1.0 -1.0 -1.0 -1.0 -1.0 -1.0 -1.0 0 0 0 -1.0 0 0 0.4635763210131981 0.43413344449379915 0 0.38398366994253363 0 0 0.46263145193020133 0 0.2610634183517807 0 0 0 0 0 0 0 0 0 0 0 0 0 0.4478014138901717 0.32270284251454295 0 0.38958922128864854 0.45899544925716357 0.4069293711152694 0.4214758785798174 0.46418527310399216 0 0.3979834857621739 0.4651593642558833 0.4722376468275194 0.4652337384037271 0.47668916581115656 0.47334741370064987 0.4673007931673062 0.44640347134573827 0.47933834951005 0.4128674660067039 0.11133215981344126 0.1703056873338442
-1.0 -1.0 -1.0 -1.0 -1.0 -1.0 -1.0 -1.0 -1.0 -1.0 -1.0 -1.0 -1.0 -1.0 -1.0 -1.0 -1.0 -1.0 -1.0 -1.0 -1.0 -1.0 0.3682815053047735 0.49158229442826645 0 0 -1.0 0 0.47223337419978395 0.4638902003509571 0 0.447160114993875 0 0 0 0 0 0 0 0 0.43067464399432365 0.45384073132639446 0 0.42619401153576714 0.4106516063123528 0 0 0 0 0 0 0 0 0 0 0.36233225742903385 0.34829209463775024 0.44735790446861134 0.4700251896187112 0.456453328979395 0.4574108598660861 0.30921725280166446 0.4705271102878514 0.379059226961066 0.4695832381211446 0.47110064323528156 0.47181226306797974 0.4721105298067465 0.4711297469654244 0.47978081434042785 0.4886170731639414
-1.0 -1.0 -1.0 -1.0 -1.0 -1.0 -1.0 -1.0 -1.0 -1.0 -1.0 -1.0 -1.0 -1.0 -1.0 -1.0 -1.0 -1.0 -1.0 -1.0 -1.0 -1.0 0.4692606011793204 0.4801396023090833 0.4862191694695753 0.4276654882291076 -1.0 0 0.4370927898320633 0.46988845039842075 0.4565975521053512 0.4433003054013379 0 0 0 0 0 0 0 0 0.4122784129580509 0.38114250814830586 0 0.41240841167112335 0 0 0 0 0 0 0 0 0 0 0 0.45425616577512345 0.46259365858896523 0.47494018936535476 0.47178373814476504 0.4646014642149064 0.46545633497392036 0.3924713916550399 0.3905770715287499 0.39493697231056296 0.3955852383625294 0.39554165270358127 0.49105529769628675 0.39591105664758597 0.48722029033763126 0.4810493589608911 0.4961743398616016
-1.0 -1.0 -1.0 -1.0 -1.0 -1.0 -1.0 -1.0 -1.0 -1.0 -1.0 -1.0 -1.0 -1.0 -1.0 -1.0 -1.0 -1.0 -1.0 -1.0 -1.0 -1.0 -1.0 0.4143427698260947 0.43895156087511783 0.4121931024870184 -1.0 -1.0 0 0 0.32977140931236804 0.46424827029009014 0.3997655546495276 0 0 0 0 0 0 0 0 0 0 0.3945237641489968 0.45504768597446954 0 0 0 0 0 0 0 0 0.3975676540731765 0 0 0 0.42480884906737887 0.4617727693134259 0.4472971877836494 0.4473036008710569 0.3889528295326786 0.39335367975513175 0.3453957615024756 0.3525350338683164 0.3605666647865281 0.396467974368622 0.3934311335302986 0.39695547832242484 0.3978757884847788 0.4953545856434801
-1.0 -1.0 -1.0 -1.0 -1.0 -1.0 -1.0 -1.0 -1.0 -1.0 -1.0 -1.0 -1.0 -1.0 -1.0 -1.0 -1.0 -1.0 -1.0 -1.0 -1.0 -1.0 -1.0 -1.0 0 0.3980196961120016 0 -1.0 -1.0 -1.0 0 0.42789736841962 0.40887369532235085 0 0 0 0 0 0 0 0 0 0 0.4149815633905835 0.4213789433388659 0 0 0 0 0 0 0 0 0 0 0 0 0.40510307619457014 0.4110051815535665 0.4732058765842888 0.4627332884223869 0.389101063283486 0.3896475350008407 0.39234302055696135 0.35499053847967554 0.36525724958560046 0.47672596814901774 0.4742927023904753 0.4234320937000001 0.5733941838167761 0.44239018813944414
-1.0 -1.0 -1.0 -1.0 -1.0 -1.0 -1.0 -1.0 -1.0 -1.0 -1.0 -1.0 -1.0 -1.0 -1.0 -1.0 -1.0 -1.0 -1.0 -1.0 -1.0 -1.0 -1.0 -1.0 -1.0 0 0 -1.0 -1.0 -1.0 -1.0 0 0.26029136651018475 0 0.25884560617443064 0 0 0 0.4586340958235259 0 0 0.2648624346971332 0 0 0.1771590545494913 0.3667567872266932 0 0 0 0 0 0 0 0 0 0 0 0 0.4255136207068793 0.4629472514786926 0.377318568878526 0.3832908630805871 0.38522974420324096 0.3922496807620652 0.276401436955369 0.29036588953069503 0.4450918380105025 0.3772842484036115 0.3628362832810809 0.4560781288818099 0.4704613296209133
-1.0 -1.0 -1.0 -1.0 -1.0 -1.0 -1.0 -1.0 -1.0 -1.0 -1.0 -1.0 -1.0 -1.0 -1.0 -1.0 -1.0 -1.0 -1.0 -1.0 -1.0 -1.0 -1.0 -1.0 -1.0 -1.0 -1.0 -1.0 -1.0 -1.0 -1.0 -1.0 0.2609381531090988 0.2595994839974612 0.25918074093425747 0 0 0 0 0 0.2208367415907002 0 0 0 0.3130825794210032 0 0.15837086657837113 0 0 0 0 0 0 0 0 0 0 0 0 0.46747426886892335 0.3812093266846013 0.38550412635174625 0.38548358471930394 0.5383345425325464 0.4974062457147669 0.09912254841706375 0.08887972408360974 0.18045714635037152 0.20471321085258906 0.22366377334272394 0.3081266473612087
-1.0 -1.0 -1.0 -1.0 -1.0 -1.0 -1.0 -1.0 -1.0 -1.0 -1.0 -1.0 -1.0 -1.0 -1.0 -1.0 -1.0 -1.0 -1.0 -1.0 -1.0 -1.0 -1.0 -1.0 -1.0 -1.0 -1.0 -1.0 -1.0 -1.0 -1.0 -1.0 -1.0 0 0.2574825845638694 0.25815599305694936 0.2564827615831177 0.25331239253787724 0 0 0 0.2504884908943188 0 0.24966276961425474 0.27743986916635954 0.25235388968308375 0 0 0 0 0.2519204304769273 0 0 0 0 0 0 0 0 0.4517309935834052 0.3708727704154324 0.3860775334474999 0.544615355174623 0.5294648336710553 0.4149677807849823 0.13552798906329688 0.131139214911263 0.1749097904192469 0.21229744002880313 0.23571401278938875 0.395245685604801
-1.0 -1.0 -1.0 -1.0 -1.0 -1.0 -1.0 -1.0 -1.0 -1.0 -1.0 -1.0 -1.0 -1.0 -1.0 -1.0 -1.0 -1.0 -1.0 -1.0 -1.0 -1.0 -1.0 -1.0 -1.0 -1.0 -1.0 -1.0 -1.0 -1.0 -1.0 -1.0 0 0 0.257040746544568 0.25689683685890524 0.2582221407613387 0.4426091273307238 0.25811244754980905 0.25473490263050985 0.2543635223424684 0 0 0 0 0 0.25503891857038363 0.229337177617769 0.30186729640697546 0.32710914250093137 0.35157283321717686 0.29236887949044243 0 0 0 0 0 0 0 0.47068807042305133 0.35491922045871904 0.37422340248571406 0.5280876729185486 0.4975469130482619 0.3097692683363786 0.29977955314461585 0.173543994427392 0.1560101116375562 0.1243030728168762 0.2272167877406793 0.2071198761867001
-1.0 -1.0 -1.0 -1.0 -1.0 -1.0 -1.0 -1.0 -1.0 -1.0 -1.0 -1.0 -1.0 -1.0 -1.0 -1.0 -1.0 -1.0 -1.0 -1.0 -1.0 -1.0 -1.0 -1.0 -1.0 -1.0 -1.0 -1.0 -1.0 -1.0 -1.0 -1.0 -1.0 0.2593449383851103 0 0 0 0 0.32618327081553966 0.25501520964629276 0.34547349179956877 0.25749208372038207 0.2577876390670756 0 0 0 0.2692312661613503 0.34643578413752535 0.3639351249727893 0 0.3492332934608491 0.39847258323846874 0 0 0 0 0 0 0 0 0.3539613562517532 0.3643575784011479 0.5131386905497705 0.4900111650728754 0.5305330638738774 0.483662586043674 0.1854303052500248 0.18364941840766372 0.1639310789632522 0.2514967208730283 0.20719501963342732
-1.0 -1.0 -1.0 -1.0 -1.0 -1.0 -1.0 -1.0 -1.0 -1.0 -1.0 -1.0 -1.0 -1.0 -1.0 -1.0 -1.0 -1.0 -1.0 -1.0 -1.0 -1.0 -1.0 -1.0 -1.0 -1.0 -1.0 -1.0 -1.0 -1.0 -1.0 -1.0 -1.0 -1.0 0 0.26068818522050724 0 0.2582557282264298 0.3859971959324329 0.4363969115219067 0.25416919935975224 0 0.5367548465400853 0.2619310659756143 0 0.2584486719659608 0 0 0 0.2996532059447407 0.4164309040673025 0 0 0 0 0 0 0.274503498544741 0 0 0.336475290113296 0.29656140392710234 0.5016341290843768 0.5318607930713164 0.5156308635296621 0.4408942493694007 0.47854327866738555 0.24415143372277823 0.24976664692861333 0.145406657674524 0.20818278914050792
-1.0 -1.0 -1.0 -1.0 -1.0 -1.0 -1.0 -1.0 -1.0 -1.0 -1.0 -1.0 -1.0 -1.0 -1.0 -1.0 -1.0 -1.0 -1.0 -1.0 -1.0 -1.0 -1.0 -1.0 -1.0 -1.0 -1.0 -1.0 -1.0 -1.0 -1.0 -1.0 -1.0 -1.0 -1.0 -1.0 0 0.2058318246392526 0.26089226985708425 0.4646579344528601 0.4388235388871532 0.3446625331591087 0.20859105184371465 0.24029528267000597 0.5209014450703233 0.45998516567483083 0.22266007962488074 0 0 0.26638784649666913 0.28929123928822204 0.3804783578768896 0.3749597471594362 0.39030062490859097 0 0.5229170738805001 0.40700952881938207 0.12613729472977353 0.3302231088067334 0 0.43211368319171073 0.36851377777977284 0.362890523249841 0.4446728581125706 0.47231288460766674 0.4021227135290599 0.33925653523826066 0.08668450881159695 0.1242790535778741 0.10688878886493026 0.2539195023444725
-1.0 -1.0 -1.0 -1.0 -1.0 -1.0 -1.0 -1.0 -1.0 -1.0 -1.0 -1.0 -1.0 -1.0 -1.0 -1.0 -1.0 -1.0 -1.0 -1.0 -1.0 -1.0 -1.0 -1.0 -1.0 -1.0 -1.0 -1.0 -1.0 -1.0 -1.0 -1.0 -1.0 -1.0 -1.0 -1.0 -1.0 -1.0 0 0 0 0.5012784116401965 0.4991722361809452 0.3622463674551072 0.20585503038204903 0 0.22716362009518865 0 0.21049432790972866 0.1064437067838714 0.12272090339237389 0.006453314995351303 0.039059655191867396 0.10651563175458847 0 0.10592839114357101 0.04590313629455308 0.005613180044702297 0.49892780492983924 0.15396999020275354 0.23307605009981533 0.45144427685262445 0.413683115416597 0.5965924062177992 0.5809580577270312 0.5853598365045433 0.5879335799564027 0.5842191811846028 0.582771460740836 0.5676165729845117 0.46045125224658595
-1.0 -1.0 -1.0 -1.0 -1.0 -1.0 -1.0 -1.0 -1.0 -1.0 -1.0 -1.0 -1.0 -1.0 -1.0 -1.0 -1.0 -1.0 -1.0 -1.0 -1.0 -1.0 -1.0 -1.0 -1.0 -1.0 -1.0 -1.0 -1.0 -1.0 -1.0 -1.0 -1.0 -1.0 -1.0 -1.0 -1.0 -1.0 -1.0 0 0.6350483191991183 0 0.35095598109606824 0.3526218719162467 0.32451875686131315 0 0.23241312644786072 0.22899850468384922 0.1964377225543574 0.11841256703509612 0.05844396647044825 0.004014479404725188 0.014035364662601755 0.14195594211767232 0.18571937868021945 0.0891409822854482 0.08137684187136783 0.01929528819701331 0.08508518687907997 0.1670079469230892 0.5576645273285945 0.142233898362835 0 0.4983593839847825 0.613562364317487 0.6198057156561135 0.5808846862156597 0.57468833042384 0.5822444689277572 0.5099357987224731 0.42345790217145846
-1.0 -1.0 -1.0 -1.0 -1.0 -1.0 -1.0 -1.0 -1.0 -1.0 -1.0 -1.0 -1.0 -1.0 -1.0 -1.0 -1.0 -1.0 -1.0 -1.0 -1.0 -1.0 -1.0 -1.0 -1.0 -1.0 -1.0 -1.0 -1.0 -1.0 -1.0 -1.0 -1.0 -1.0 -1.0 -1.0 -1.0 -1.0 -1.0 0 0.24329078770341997 0 0 0.24781066016415326 0.362766951091753 0.056153287351125104 0.2307692782341312 0.1519956191458953 0.0 0.16947869211469646 0.24520951668385135 0.2629507537090523 0.20620897541310865 0.2795716965807777 0.2798328509121941 0.10643599222693959 0 0.24554770327640735 0.026170501695721046 0.42351258047024404 0.5288780564599257 0.15430769847162076 0 0.18657341193005536 0.5563442943536016 0.6012650367233706 0.576812879209131 0.5585974122671548 0.5497564673193825 0.41783728485950516 0.34586727972597264
-1.0 -1.0 -1.0 -1.0 -1.0 -1.0 -1.0 -1.0 -1.0 -1.0 -1.0 -1.0 -1.0 -1.0 -1.0 -1.0 -1.0 -1.0 -1.0 -1.0 -1.0 -1.0 -1.0 -1.0 -1.0 -1.0 -1.0 -1.0 -1.0 -1.0 -1.0 -1.0 -1.0 -1.0 -1.0 -1.0 -1.0 -1.0 -1.0 -1.0 0.24734484551460417 0.24612702413992346 0.21282128531528 0.2945600092747723 0.3506267519818867 0.0001771268135516354 0.2284703419593062 0.1994910608864573 0.053538003899145974 0.24498180458022417 0.23674930686748805 0.2248513331268316 0.2619528761613467 0.26397033341900716 0.36800147483588486 0.13400403628098154 0 0 0 0.38003893677732803 0.5241544720876579 0.24445442565515654 0.3348648046985346 0.46615821292289883 0.44139449889584026 0.33554514963069443 0.3777785766977819 0.3719353562064324 0.3827456362135964 0.4019171036873632 0.36638447808126323
-1.0 -1.0 -1.0 -1.0 -1.0 -1.0 -1.0 -1.0 -1.0 -1.0 -1.0 -1.0 -1.0 -1.0 -1.0 -1.0 -1.0 -1.0 -1.0 -1.0 -1.0 -1.0 -1.0 -1.0 -1.0 -1.0 -1.0 -1.0 -1.0 -1.0 -1.0 -1.0 -1.0 -1.0 -1.0 -1.0 -1.0 -1.0 -1.0 -1.0 0.12037647950928665 0.2753486689271965 0.2894713885461668 0.27702195116160355 0.0957086041906732 0.21714696628364852 0.22757349705915228 0.2549008950599943 0.10858626304756577 0.11690732900208926 0.16042770416257204 0.3191921180498227 0.25412108602715644 0.16930852221542375 0.30990329659172816 0.145342528767002 0.10840009046589658 0 0 0 0.5521414069396753 0.3252059904542562 0.4704180310482077 0.31285682385348834 0.3098486088451029 0.5266495034788308 0.47792700380667713 0.46541228109178967 0.45943056206375105 0.43020920840836535 0.32791349355262556
-1.0 -1.0 -1.0 -1.0 -1.0 -1.0 -1.0 -1.0 -1.0 -1.0 -1.0 -1.0 -1.0 -1.0 -1.0 -1.0 -1.0 -1.0 -1.0 -1.0 -1.0 -1.0 -1.0 -1.0 -1.0 -1.0 -1.0 -1.0 -1.0 -1.0 -1.0 -1.0 -1.0 -1.0 -1.0 -1.0 -1.0 -1.0 -1.0 -1.0 0.0 0.26658955583380356 0.24997911793143252 0.22263268284260573 0 0.2330097714014 0.22368068304898425 0.24204399313901914 0.314305601165697 0.27667185712860537 0.3172693974423699 0.23141801157632094 0.27534912620892127 0.17478345448525012 0.2086920387695188 0.10716810087681812 0.13735215480705304 0.08527777736373182 0 0 0.6098283372285714 0.35219986605361153 0.33891438561414367 0.5586618255759542 0.3445023096971927 0.4900637288990766 0.5572870732348156 0.5839282808039478 0.5058096325775092 0.4895274891850721 0.4521447864345014
-1.0 -1.0 -1.0 -1.0 -1.0 -1.0 -1.0 -1.0 -1.0 -1.0 -1.0 -1.0 -1.0 -1.0 -1.0 -1.0 -1.0 -1.0 -1.0 -1.0 -1.0 -1.0 -1.0 -1.0 -1.0 -1.0 -1.0 -1.0 -1.0 -1.0 -1.0 -1.0 -1.0 -1.0 -1.0 -1.0 -1.0 -1.0 -1.0 -1.0 -1.0 0 0.5354393649852162 0.5052098169806821 0.10300188332304307 0.11423263874281303 0.17881523156455353 0.1407477260112195 0.11936862839767393 0.40095934091736 0.3999125099826214 0.4137631777354292 0.43788983561547223 0.39079341730737915 0.32536693074286654 0.21527018945531531 0.07601100151855823 0 0 0 0.26760601556442454 0.42826999092249746 0.3825649802632411 0.3448245209814895 0.4853548658667075 0.47603862439346195 0.4308967015064133 0.5285560479799618 0.5512857152515649 0.49532350458674246 0.44544076436243846
-1.0 -1.0 -1.0 -1.0 -1.0 -1.0 -1.0 -1.0 -1.0 -1.0 -1.0 -1.0 -1.0 -1.0 -1.0 -1.0 -1.0 -1.0 -1.0 -1.0 -1.0 -1.0 -1.0 -1.0 -1.0 -1.0 -1.0 -1.0 -1.0 -1.0 -1.0 -1.0 -1.0 -1.0 -1.0 -1.0 -1.0 -1.0 -1.0 -1.0 -1.0 0.5103086704276562 0.4596110775352198 0.5596138385457371 0.4606131442303256 0.21221584821417305 0.42456418533790785 0.35753348213258157 0.33737735920361206 0.3946401028654797 0.11883488032781728 0.11864617041262367 0.37656290418280847 0.44872665797889927 0.4278016175006571 0.26720064315008335 0.11420293267374412 0.07010911052424434 0.0 0.0 0.03348263482472478 0.01910330518559271 0.3041307563813757 0.5395344747329837 0.5356897863205577 0.56478927709758 0 0.46112222649354334 0.22459354985832808 0.4188037713209436 0.5551499849668932
-1.0 -1.0 -1.0 -1.0 -1.0 -1.0 -1.0 -1.0 -1.0 -1.0 -1.0 -1.0 -1.0 -1.0 -1.0 -1.0 -1.0 -1.0 -1.0 -1.0 -1.0 -1.0 -1.0 -1.0 -1.0 -1.0 -1.0 -1.0 -1.0 -1.0 -1.0 -1.0 -1.0 -1.0 -1.0 -1.0 -1.0 -1.0 -1.0 -1.0 0.1307911905958184 0.2692794097325104 0.4447679731249053 0.45927796624621403 0 0.20820793958855652 0.4568136028469449 0.2298396958384974 0.17640394674217982 0.21623800906791976 0.2788789900842319 0.0 0.3951287462717532 0.4597492734323494 0.4001300099225521 0.11091185532793581 0.1558203040856724 0 0 0.03008119340011526 0.08466839396763663 0.04773885006589922 0.04738988917999279 0.4199712556169544 0.30834065727416116 0.46329787369080333 0.3559866752196506 0 0 0.273316380061986 0.5814559343688249
-1.0 -1.0 -1.0 -1.0 -1.0 -1.0 -1.0 -1.0 -1.0 -1.0 -1.0 -1.0 -1.0 -1.0 -1.0 -1.0 -1.0 -1.0 -1.0 -1.0 -1.0 -1.0 -1.0 -1.0 -1.0 -1.0 -1.0 -1.0 -1.0 -1.0 -1.0 -1.0 -1.0 -1.0 -1.0 -1.0 -1.0 -1.0 -1.0 -1.0 0.20571305727488073 0 0.4635037091031213 0.40230967233541176 0 0.24341976424278666 0.40159439287423865 0.35178020417498457 0.23902345202371822 0.16211045929243062 0.17699271009877995 0.36601658471030796 0.311709676680992 0.31807649576496555 0.4454481762205978 0.1759044516036397 0.11278600682109939 0.007466743772580663 0 0 0.09580611013667041 0.07648233672010825 0.0751035625087539 0.06902449101292102 0.11732992843658861 0.06202804858392956 0.17770877430450824 0 0 0.24966933891501536 0.33253806364906596
-1.0 -1.0 -1.0 -1.0 -1.0 -1.0 -1.0 -1.0 -1.0 -1.0 -1.0 -1.0 -1.0 -1.0 -1.0 -1.0 -1.0 -1.0 -1.0 -1.0 -1.0 -1.0 -1.0 -1.0 -1.0 -1.0 -1.0 -1.0 -1.0 -1.0 -1.0 -1.0 -1.0 -1.0 -1.0 -1.0 -1.0 -1.0 -1.0 -1.0 0.20508828578195462 0.38290916488185417 0.5173505319290644 0.3962742280558551 0 0.24525291927272796 0.05578637542800486 0.010359441254364757 0.211943107464067 0.20348827023938462 0.33428933654294374 0.35347101824861604 0.09326725059596205 0.19255865065859842 0.5547235128123514 0.3105393243530215 0.16282914705115425 0.09553323800084132 0.08573904247392473 0.0933554582888947 0.09461547967213847 0.07552789904788719 0.1266129262995733 0.1951678070246177 0.2556870670786454 0.23426187344886493 0.1481656962015736 0.2443236888576189 0.31867255562032765 0.27222900426198643 0.27380180344146426
