Model Version1.4/trunk/output/2010/fle_ag.asc
ncols 720
nrows 360
xllcorner -180
yllcorner -90
cellsize 0.5
NODATA_value -1
[rows 93 to 123 of 360, columns 355 to 425 of 720]
0.17905591129509665 0.24321230447404965 0.08891634936814502 0.0 0.0 0.028827774033486846 0.038237921450789705 0.08827251054936217 0.08498978070283483 0.12294247602569687 0.025027791075180616 0.03164330486119409 0.1851909363240486 0.2376709006260447 0.236384617016209 0.154662831182746 0.11209174091693429 0.11648081339175444 0.16613930709687422 -1.0 -1.0 -1.0 -1.0 -1.0 -1.0 0.12571943727107102 0.057353729586006874 0.09199895844815083 0.06478173159295332 0.09196438815334082 0.11868363500480578 0.05295112061764737 0.004791120272421864 -1.0 -1.0 -1.0 -1.0 0.26222691247960933 0.1911733277064765 0.15022003821234278 0.39959838396522235 0.3687473490262678 0.5400872472303203 0.43552517474355906 0.4550867760541117 0.4735252324326317 0.3910541555457232 0.46447426506655204 0.37659063265433207 0.40141220760828494 0.4108950095299397 0.5405621795354962 0.48053607831297873 0.27085897145407684 0.30293344605695094 0.4589557270440037 0.4427575010225052 0.37111057266296904 0.22560606833107913 0.3363930387585834 0.20292953675072112 0.31720249085441765 0.292162944320315 -1.0 -1.0 -1.0 -1.0 -1.0 -1.0 -1.0 -1.0
0.38679456411653707 0.2898612567051377 0.2616268039357148 0.1812191940027252 0.3341488807025339 0.18846620589989263 0.19645304101352232 0.19025773906451943 0.1829739324463575 0.16248982647835575 0.04700727120482016 0.1474018088344823 -1.0 -1.0 -1.0 -1.0 -1.0 -1.0 -1.0 -1.0 -1.0 -1.0 -0.0 0.1407213147414625 0.0 0.15560971561412693 0.1379501681844028 0.05070362715871732 0.031189160931641875 0.053305436400921564 0.06457744365172675 0.13773570079822248 0.06741350795020365 0.041385382229266 -1.0 -1.0 -1.0 -1.0 0.17770112269664576 0.08661176722293563 0.23202051429816498 0.30087973109613386 0.4492259274973429 0.4029947139887178 0.4147510335214909 0.4324304395604993 0.27698497099756847 0.24190806297717912 0.43931101054781624 0.42531273041302253 0.5476481155958675 0.5372215312528168 0.5273889215117211 0.5274958418813528 0.5539799661585951 0.5493527259764521 0.5246838996881091 0.548939732982163 0.5336718629170518 0.4565278757761053 0.3292341665507964 -1.0 -1.0 -1.0 -1.0 -1.0 -1.0 -1.0 -1.0 -1.0 -1.0
0.30327567856011417 0.2573162463612875 0.28807232426034723 0.37765404585495305 0.371076971134253 0.2772034050574616 0.2831851793577726 0.27354517970257153 0.18792017275523157 0.16084904376943834 0.25904735304681237 0.2910352022070878 -1.0 -1.0 -1.0 -1.0 -1.0 -1.0 -1.0 -1.0 -1.0 -1.0 0.16202207826780446 0.16041298156926095 0.1276299867134721 -1.0 -1.0 0.040572845085229084 0.04396339233650492 0.018266828184728478 0.028744986349951245 0.15176382346248293 0.14201418417120062 0.03911862495351461 0.05518210912313391 -1.0 -1.0 -1.0 -1.0 -1.0 -1.0 0 0.3710070637688308 0.3524555903121769 0.20678650351324632 0.23239824218183855 0.22483786767863992 0.2611405188635415 0.3214263412632974 0.3740682704688011 0.5433146928847032 0.5173707315569498 0.516235800765248 0.4718282799627221 0.26532813396547933 0.475015172923788 0.2611786477343335 0.4624318191048915 0.25886736432464785 0.42646585931503583 0.0 -1.0 -1.0 -1.0 -1.0 -1.0 -1.0 -1.0 -1.0 -1.0 -1.0
0.2477108438152022 0.26253271677282736 0.2534082000575652 0.2669928640441724 0.2781402544001502 0.2827815182036829 0.35070410335474334 0.26366480410524884 0.2252175954566463 0.22460669551164805 0.24082739002780118 0.2424662509980265 -1.0 -1.0 -1.0 -1.0 -1.0 -1.0 -1.0 -1.0 -1.0 -1.0 0.14276893842144456 0.14544060654258956 -1.0 -1.0 -1.0 -1.0 -1.0 0.038565472885501745 0.045378309657180274 0.038911933405305243 0.006924339110301873 0.0 0.06804478070707536 0.023672905912819578 0.04546302090640092 0.14902711397024812 -1.0 -1.0 -1.0 -1.0 -1.0 0.37559144850509996 0.19251580727242898 0.2020635236547454 0.40508260970742344 0.3212114007247184 0.25480054694130644 0.23852086051279356 0.3699280721367216 0.5394764303769299 0.5336271953765132 0.4912674529700436 0.5184007068680426 0.5178695308422072 0.46650064404985386 0.4490374290356918 0.4724716308567029 0.455663508361203 0.35928763420768256 0.23266569007532434 -1.0 -1.0 -1.0 -1.0 -1.0 -1.0 -1.0 0.26618746996828246 0.24924705035004024
0.27247765077219294 0.2122760784318491 0.23157742599551245 0.17880211774406155 0.18156410078821017 0.17746047914581017 0.18550815642462196 0.21640827187316766 0.19472382307009198 0.2380696833543343 -1.0 -1.0 -1.0 -1.0 -1.0 -1.0 -1.0 -1.0 -1.0 -1.0 -1.0 0.0 0.14917631775639048 0.11844759809757754 0.06584882934200893 -1.0 -1.0 -1.0 -1.0 -1.0 0.00742488337011355 0.08589770163220907 0.09003046459389133 0.06851299736750298 0.05566621145651231 0.0261139108093774 0.0 0.06209841248471491 0.1313443383214049 0.06393694055140749 -1.0 -1.0 -1.0 0.29963392762037183 0.3242770415610623 0.22936474109240762 0.3984314092990283 0.3919388372491051 0.15784593432327904 0.18397412578653174 0.2737971467630862 0.09885083557277363 0.1660075298258689 0.1339808981915162 0.0 0.14883601255586668 0.0 0.10073824010285494 0.49674205500505936 0.27289152414463386 0.2528787590843856 0.4440495833715672 0.4486124591813157 0.4608981266415441 0.24839199819222701 0.3679466379295083 0.25456136042790517 0.2871441076917194 0.3252735464123907 0.3271542026342609 0.40081625972611556
0.20711876335229976 0.25680077142438895 0.2678406440426378 0.18442675723698848 0.18977664565523442 0.22667944429864384 0.21280042964374227 -1.0 -1.0 -1.0 -1.0 -1.0 -1.0 -1.0 -1.0 -1.0 -1.0 -1.0 -1.0 -1.0 -1.0 0.10508028651597333 0.10094490038076948 0.09977815112079996 0.0779495510290207 -1.0 -1.0 -1.0 -1.0 -1.0 -1.0 -1.0 0.0 0.08334584237343524 0.09799375601712157 0.06259357111195442 0.10228102691138415 0.02894708332869039 0.038529706487037574 0.07988855850190514 0.08771343727215228 0.041723189350395956 -1.0 0.3414750046626871 0.3273628124161003 0.21749175472087645 0.14749909481306764 0.12311219377697295 0.1708098899269615 0.08206460247402521 0.06921343264136502 0.11566486335787907 0.10199484449645684 0.18331046721705413 0.09229397538593125 0.1059657585939981 0.15913410380643647 0.2719417849393295 0.40340293763435914 0.3877689866909616 0.2633840396785442 -1.0 0.3221794367583652 0.31868593792370803 0.2656639251253789 0.3315910853963627 0.358664898323602 0.28626362365014074 0.3210131741306728 0.31061261034702187 0.30486452125470864
0.21182345049751375 0.18116344713375704 0.20327681252814925 0.2338063548154018 0.19576618884945324 0.1390085659563647 0.0 -1.0 -1.0 -1.0 -1.0 -1.0 -1.0 -1.0 -1.0 -1.0 -1.0 -1.0 -1.0 -1.0 -1.0 0.11747415316814334 0.0722468324895099 0.10032398462443907 0.07899218591461339 -1.0 -1.0 -1.0 -1.0 -1.0 -1.0 -1.0 -1.0 -1.0 0.0 0.0 0.0 0.05870928487014795 0.0957007691513717 0.08907039963883495 0.06521375354758656 0.058666308618565303 0.0 0.19202226141124742 0.18413034391261063 0.21277628309438237 0.21398983772327 0.11223232599651996 0.1950431229829564 0.18552692266547832 0.13380920542667613 0.11575289859258185 0.11773290775512663 0.0 -1.0 -1.0 0.1908302358535735 0.3440926856641438 0.22872058036724882 0.3426474836602198 0.2329635224111899 0.40791509439522045 0.31931438097636516 0.3698371303718622 0.4043040324557741 0.29236533922044566 0.31172872810584107 0.2723233922075772 0.3702687215925303 0.3443912712592834 0.4104390931523462
0.21825069734364208 0.0931903698880087 0.17129815180700067 0.16465909355519748 0.15152038380477056 0 -1.0 -1.0 -1.0 0.16170417752449076 0.16139916242746424 0.1512958289130013 0.15676175118701774 0.18737032263023015 -1.0 -1.0 -1.0 -1.0 -1.0 -1.0 -1.0 0.14078177409533252 0.04602548042338353 0.08556393061771474 0.08617753580582257 -1.0 -1.0 -1.0 -1.0 -1.0 -1.0 -1.0 -1.0 -1.0 -1.0 -1.0 0.0 0.06770744444112853 0.13063890442478585 -1.0 -1.0 0.1280962774803211 -1.0 -1.0 0.18243085825889005 0.1688452947601533 0.1870979242390919 0.19763068017844082 0.1586700793995157 0.16457831293884767 0.09949970864775269 0.1572820513324505 0.16990329458944936 -1.0 -1.0 0.0 -1.0 0.26105335681713643 0.2714573717875551 0.24677509191338168 0.38139281541668413 0.2742634267734033 0.26677224946679706 0.30249860798086253 0.3325264656509775 0.4167549983604531 0.4597115212577445 0.44477981945725203 0.4201262787816263 0.4357691771423393 0.4016163201910677
0.24859630189789808 0.23884596882779305 0.11596754861662713 0.11070962557316233 0.18414734927029733 -1.0 -1.0 0.17149403194284835 0.09650102992207422 -1.0 0.1342961641737625 0.1699468077890096 -1.0 -1.0 -1.0 -1.0 -1.0 -1.0 -1.0 -1.0 -1.0 0.12712986899052595 0.036582426390337326 0.06156728206356366 0.06168258715944431 -1.0 -1.0 -1.0 -1.0 -1.0 -1.0 -1.0 -1.0 -1.0 -1.0 -1.0 -1.0 0.07886299311997524 0.03338203960146751 0.11549954029377253 -1.0 -1.0 -1.0 -1.0 0.17477051856417558 0.18941122738356914 0.16994354765377198 0.17344576493027708 0.13411374260959422 0.08711535075742113 0.14605704199543992 0.0 0.17763819558875313 -1.0 -1.0 -1.0 0.08608858087615141 0.17140900839098133 0.27650189085261456 0.2886761891611096 0.4154225496496066 0.34384322522536226 0.32137119974006906 0.37566685776119574 0.3832069515310616 0.4174950791029753 0.42876574297423037 0.46065580282479923 0.4690746531124491 0.4688929388110196 0.4821899611843637
0.14717995293133587 0.1967770703320986 0.2658163273392235 0.10464775115803492 0.07141005930231435 0.17493504761373996 -1.0 0.10444031696437776 0 -1.0 -1.0 -1.0 -1.0 -1.0 -1.0 -1.0 -1.0 -1.0 -1.0 -1.0 -1.0 -1.0 0.07305143976630374 0.0 -1.0 -1.0 -1.0 -1.0 -1.0 -1.0 -1.0 -1.0 -1.0 -1.0 -1.0 -1.0 0.06509928922868004 0.10798075423564438 0.02778766262944594 0.16024483500816078 -1.0 -1.0 -1.0 -1.0 -1.0 -1.0 0.2044554358349584 0.16928381884805882 0.20009659821497605 0.18814136449934363 0.1638729258695962 0.15222617013423453 0.13728636689576326 0.18698673908478194 0.17936808127823278 -1.0 0.19178775115317165 0.25924092387741654 0.25932363629727273 0.27877351970587366 0.27468642029429086 0.430512726017304 0.47630340521403064 0.4349912222173049 0.37713495312890755 0.4187124588498711 0.43416186520854744 0.4108955074040989 0.4321471107795486 0.4816736623397924 0.46900308369519655
0.08048873471843919 0.09498940619068019 0.1294553974877889 0.13933628187537045 0.18039432899528793 -1.0 -1.0 -1.0 -1.0 -1.0 -1.0 -1.0 -1.0 -1.0 -1.0 -1.0 -1.0 -1.0 -1.0 -1.0 -1.0 -1.0 -1.0 -1.0 -1.0 -1.0 -1.0 -1.0 -1.0 -1.0 0.10459681116074225 0.14389914931068581 0.09950139704960675 -1.0 0.1303581992488352 0.10011777988910886 0.0 0.0 0.0038557060001472455 -1.0 -1.0 -1.0 -1.0 -1.0 -1.0 0.19955478414965125 0.21507051980980943 0.07720966900923529 0.16932343065085856 0.17307200353941282 0.16233410315268934 0.14891650956446215 0.14014217051997296 0.1482812724334562 0.20066720211073785 -1.0 0.1829169570434628 0.1859733767844835 0.3213910685859274 0.3591634297963006 0.30949065683542454 0.4193957948621115 0.4346210332603173 0.38382917240127246 0.41629095375491876 0.41740121905563454 0.36534024745157556 0.40663873508945886 0.4531548189553794 0.45522821843495326 0.455549589991385
0.19032815080124216 0.08898443140739527 0.11728724371641765 0.15555054192091147 -1.0 -1.0 -1.0 -1.0 -1.0 -1.0 -1.0 -1.0 -1.0 -1.0 -1.0 -1.0 -1.0 -1.0 -1.0 -1.0 -1.0 -1.0 -1.0 -1.0 -1.0 -1.0 -1.0 -1.0 -1.0 0.015866404018801565 0.07601777778713607 0.05614515227592582 0.07407031514359365 0.030366335736365786 0.12538722741227412 0.067732963093307 0.022823803600133145 0.06600075650150415 -1.0 -1.0 -1.0 -1.0 -1.0 -1.0 -1.0 -1.0 0.2004181496666727 0.11108521709566593 0.17883768843121683 0.21010451739223454 0.16604266218186925 0.1435482097164092 0.1678267655582717 0.18733992669338775 0.1888847197917029 0.19050545557264403 -1.0 0.19021603441954613 0.16845211680119235 0.2272642915159449 0.3344493414235039 0.3433114701149545 0.40887310330580345 0.4695605371155314 0.40546641209138995 0.3234257933707033 0.41516565729501453 0.3824243959430163 0.4233881111086886 0.3889864129153895 0.4786111590163891
0.07828118058321641 0.07085913899495877 0 -1.0 -1.0 -1.0 -1.0 -1.0 -1.0 -1.0 -1.0 -1.0 -1.0 -1.0 -1.0 -1.0 -1.0 0.37675813874599295 0.2213088919043292 0.555004001725677 0 -1.0 0.16407895492788496 0.13668315696645697 0.10557100433829396 0.33584200879442955 0.32249071304970994 0.22579230781681778 -1.0 -1.0 -1.0 0.003335026059613815 0.04357303053649481 0.09059798066589977 0.057274914008863226 0.08127447521473445 -1.0 -1.0 -1.0 -1.0 -1.0 -1.0 -1.0 -1.0 -1.0 -1.0 -1.0 -1.0 0.1761933961137056 0.17729833574233253 0.16011163424093264 0.08436471989430758 -1.0 0.0 0.17660761623841942 0.1861123165639591 0.18587818396915226 -1.0 0.18403365040994268 0.34833160348893405 0.3075339487093025 0.3149027436975581 0.32536387182430176 0.3337874036848876 0.40956858167454535 0.35932731897984277 0.2738073324486074 0.28449778388742236 0.3774168396965668 0.42285706381171917 0.43944413515782843
0.1797393028943507 0.12884334155324856 -1.0 -1.0 -1.0 -1.0 -1.0 0.0 0.0 0.1606436043234046 0.19305504959087227 0.10586390787241051 0.0889451264795312 0.07328324994622765 0.09270894376496636 0.04727329075778458 0.07372815980779583 0.06388318024887284 0.14587062945871732 0.13470501917154523 0.09428042910978868 0.12382478378992334 0.16006124986990145 0.12267028785051189 0.25913931622590564 0.1965667584733652 0.21775626932432338 0.27387730950072187 0.07493534671213634 -1.0 -1.0 -1.0 -1.0 0.0 0.0226223509147025 0.0788398636705998 -1.0 -1.0 -1.0 -1.0 -1.0 -1.0 -1.0 -1.0 -1.0 -1.0 -1.0 -1.0 0.17048899694550035 0.17484503701531118 0.1450697855872236 0.10226975051456035 -1.0 0.17354678081970526 0.1757338200410516 0.17944451518787174 0.1874416176098991 0.18400119405161597 0 0.21057093236992735 0.05948780637717455 0.07588264383180253 0.2528870633213302 0.3067099138161467 0.3811989197860828 0.3204354650108308 0.28673410160173424 0.3406251845615748 0.30887988088476337 0.35268807517524475 0.37042450783474756
-1.0 -1.0 -1.0 -1.0 -1.0 0.18283062755414478 0.11365366221543681 0.10692539004297143 0.09657299231238622 0.08618476567390831 0.08706536805018751 0.07208810263955216 0.12334383563712066 0.0992245153541119 0.10826795386967895 0.12751075076371635 0.12747843600366285 0.13654841315515961 0.1507901534478052 0.1287245384022793 0.1303817561118852 0.12486746233325105 0.1971569062941702 0.22456265811794593 0.24344010924287987 0.2002543487694259 0.1475803656682221 -1.0 -1.0 -1.0 -1.0 -1.0 -1.0 0.0 -1.0 -1.0 -1.0 -1.0 -1.0 -1.0 -1.0 -1.0 -1.0 -1.0 -1.0 -1.0 -1.0 -1.0 -1.0 0.1883550918598081 0.18133776118608474 0.15992931099908272 -1.0 -1.0 -1.0 0.21347175824801493 -1.0 -1.0 -1.0 0.0 0.14794383654761256 0.016355057739917297 -1.0 0.3320907944382602 0.2893366968031872 0.2235885019736599 0 -1.0 -1.0 0.32182248480485576 0.37856837582403663
-1.0 -1.0 0.17569406857933387 0.13424161098202347 0.14309320849578736 0.15279047373972843 0.09808830150650563 0.054101608437265795 0.057101797390250876 -2.117027790142212 0.3618075276744837 0.3268202928996257 0.25709170256008285 0.2739417267592376 0.30092454805627245 0.09553757049779775 0.07651388534300803 0.10184021225850519 0.05801908857394173 0.12989901263203824 -36.252138380252816 0.16978069556792932 0.2435036651983097 0.23858615956357598 0.18908932722094324 0.15503927970061276 0.2757600032804141 -1.0 -1.0 -1.0 -1.0 -1.0 -1.0 0.2311787401221554 0.19846852832109516 -1.0 -1.0 -1.0 -1.0 -1.0 -1.0 -1.0 -1.0 -1.0 -1.0 -1.0 -1.0 -1.0 -1.0 -1.0 -1.0 -1.0 0.1810111683013172 0.18143871576666162 -1.0 -1.0 -1.0 -1.0 -1.0 0.1785009701071044 0.11870841427995962 -1.0 -1.0 -1.0 -1.0 -1.0 -1.0 -1.0 -1.0 -1.0 -1.0
0.17856909410285152 0.17549493212970185 0.14088426575417587 0.14311618167183066 0.11499085593705038 0.08615209200880479 0.05746983665767781 0.11435990222654091 0.09346543706243991 0.0 0.24265252969494458 0.220105831773735 0.0 0.288671308920424 0.0 0.11506424984990082 0.21430825888421015 -0.36579436839947127 0.46356088076290075 -1.6616874447022347 0.9374465398174822 0.861911041546181 0.26051413014307084 0.2015102592620377 0.1722256293410776 0.24487083291189998 0.24066823626793687 0.2774171489134606 -1.0 -1.0 -1.0 -1.0 -1.0 -1.0 -1.0 -1.0 -1.0 -1.0 -1.0 -1.0 -1.0 -1.0 -1.0 -1.0 -1.0 -1.0 -1.0 -1.0 -1.0 -1.0 -1.0 -1.0 0.17212047373372427 0.18069362025737337 0.18198048579402726 0.1526313136871576 0.17463881220641497 0.18223296779728398 0.0 0.1722649232294701 -1.0 -1.0 -1.0 -1.0 -1.0 -1.0 -1.0 -1.0 -1.0 0 0.2534700664013191
0.10186170488791915 0.08018213228344245 0.09654067364582826 0.0982465363748214 0.15174321811631067 0.0998398657928215 -4.793215356013236 0.0 0.0 0.13638836943352317 0.0 0.0 0.009222862619464303 0.0699808477148391 0.04842350683537748 0.23758617296394954 0.0 0.10350295944695952 0.18943263073485442 0.09171728160158332 0.12350818885714693 0.07627555955904146 0.22612706453474582 0.21545028713499098 0.1835714040115284 0.24969518985381636 0.2655261167381859 0.1899299719818651 -1.0 -1.0 -1.0 -1.0 -1.0 -1.0 -1.0 -1.0 -1.0 -1.0 -1.0 -1.0 -1.0 -1.0 -1.0 -1.0 -1.0 -1.0 -1.0 -1.0 -1.0 -1.0 -1.0 -1.0 -1.0 -1.0 0.18366462229496633 0.0 -1.0 -1.0 -1.0 -1.0 -1.0 -1.0 -1.0 -1.0 -1.0 -1.0 -1.0 -1.0 -1.0 0.19815078448500328 0.2083233482541917
0.29610016354576146 0.05307896538881554 0.08822226425821561 0.1697867483448198 0.20184264547134423 0.19811961831109604 0.0 0.0 0.0 0.0 0.0 0.0 0.0 0.18638084875047206 0.16979828697568994 0.10277916929158012 0.046200780266409065 0.0 0.0 0.00024842758646504375 0.010229887242918389 0.021548186320120327 0.03047703061621505 0.04192367652305581 0.17123912927542062 0.24319063733915522 -1.0 -1.0 -1.0 -1.0 -1.0 -1.0 -1.0 -1.0 -1.0 -1.0 -1.0 -1.0 -1.0 -1.0 -1.0 -1.0 -1.0 -1.0 -1.0 -1.0 -1.0 -1.0 -1.0 -1.0 -1.0 -1.0 -1.0 -1.0 -1.0 -1.0 -1.0 -1.0 -1.0 -1.0 -1.0 -1.0 -1.0 -1.0 -1.0 -1.0 -1.0 -1.0 -1.0 -1.0 -1.0
0.24465612793840638 0.0424905123336771 0.0 0.0 0.0 0.0 0.0 0.0 0.0 0.0 0.0 0.17115030157087036 0.1526402612010407 0.09742636442719542 0.06382141237613563 0.0 0.0 0.0 0.0 0.0 0.017611636762907387 0.051535950909038786 0.08688498295941845 0.010362188650930677 0.08839982116158163 0.1448089259198839 0.24487567189547688 0.23731414045636598 -1.0 -1.0 -1.0 -1.0 -1.0 -1.0 -1.0 -1.0 -1.0 -1.0 -1.0 -1.0 -1.0 -1.0 -1.0 -1.0 -1.0 -1.0 -1.0 -1.0 -1.0 -1.0 -1.0 -1.0 -1.0 -1.0 -1.0 -1.0 -1.0 -1.0 -1.0 -1.0 -1.0 -1.0 -1.0 -1.0 -1.0 -1.0 -1.0 -1.0 -1.0 -1.0 -1.0
0.13634101428118514 0.022235712409288382 0.0 0.0 0.0 0.0 0.0 0.1416815863593552 0.12834590275286517 0.14024216571796652 0.14265686183299747 0.0 0.0 0.02112450726775479 0.0 0.0 0.0 0.0 0.0 0 0 0.0 0.15929651241136675 0.11379362495631702 0.003631943842812984 0.1378648432005492 0.1347583797388637 0.15000686841436411 0.1288207576561015 -1.0 -1.0 -1.0 -1.0 -1.0 -1.0 -1.0 -1.0 -1.0 -1.0 -1.0 -1.0 -1.0 -1.0 -1.0 -1.0 -1.0 -1.0 -1.0 -1.0 -1.0 -1.0 -1.0 -1.0 -1.0 -1.0 -1.0 -1.0 -1.0 -1.0 -1.0 -1.0 -1.0 -1.0 -1.0 -1.0 -1.0 -1.0 -1.0 -1.0 -1.0 -1.0
0.0 0.0 0.0 0.0 0.0 0.0 0.041526756421691756 0.0 0 0.0 0.026310273787620252 0.0 0.0 0.0 0.0 0.0 0.0 0 0 0 0 0 0 0.0 0 0.0747978777369446 0.013333961271893867 0.012392539774822423 0.3406768369875545 0.0817739996573743 0.1610541545184724 0.16669527230868425 0.12409787459666198 0.12922878234871063 -1.0 -1.0 -1.0 -1.0 -1.0 -1.0 -1.0 -1.0 -1.0 -1.0 -1.0 -1.0 0.22654337084629048 -0.0 0.10842770872013435 0.6565002715496805 0.8486565127133207 0.23479397043167993 -1.0 -1.0 -1.0 -1.0 -1.0 -1.0 -1.0 -1.0 -1.0 -1.0 -1.0 -1.0 -1.0 -1.0 -1.0 -1.0 -1.0 -1.0 -1.0
0.0 0.06427992681656831 0.0 0.00930796788869817 0.0 0.0 0.0 0.0 0.0 0 0 0.0 0.0 0.0 0.0 0.0 0.0 0 0 0 0 0 0 0 0 0.006344657634309225 0.008241761626892996 0.0 0.0 0.004816872157926643 -0.041323547160827 0.054816461534838164 0.06104412221472668 0.0 0.11695508412666757 0.04256257511086756 -1.0 -1.0 -1.0 -1.0 -1.0 -1.0 -1.0 -1.0 -1.0 0.11421303180151025 0.1212417307274778 0.242510410457221 0.48776298452893446 0.1498510654885332 -0.546544210637543 0.0 0.0 -1.0 -1.0 -1.0 -1.0 -1.0 -1.0 -1.0 -1.0 -1.0 -1.0 -1.0 -1.0 -1.0 -1.0 -1.0 -1.0 -1.0 -1.0
0.0 0.0 0.0 0.0 0 0 0 0 0 0 0 0 0.0 0.0 0 0.0 0.0 0.0 0 0.0 0 0 0 0 0.0 0.0 0.0 0.0 0.09609610531155431 0.09760934083230338 0.19781024399877575 0.0 0.0 0.216735643558701 0.0 0.13906700255820706 0 -1.0 -1.0 -1.0 -1.0 -1.0 -1.0 -1.0 0.07539395076061085 0.0646649680790433 0.0 0.1912487809623702 0.09213576692213925 0.1084123838730452 -0.01850498187230946 0.0 0.0 0.0 0.07362838164134332 0.07076971283786657 0.288298612529528 0.30052452874092317 -1.0 -1.0 -1.0 -1.0 -1.0 -1.0 -1.0 -1.0 0.0 0.38715234350736705 -1.0 -1.0 -1.0
0.0 0.0 0.0 0.0 0 0 0 0.0 0 0 0 0 0.0 0 0 0 0 0 0 0 0 0 0.0 0 0 0.0 0.0 0 0.0 0.0 0.11618533319065351 0.0 0.0 0.0 0 0.2819771813921632 0.2193145237358397 0.3984158847827236 0.0 0.0 -1.0 -1.0 -1.0 -1.0 -1.0 0.0 0.0 -0.19618229933762465 0.12723791646255325 0 0 0 0 0 0 0 0 0 0 0.11968808011338194 0.28883106962931265 0.27510407457035563 0.2848612451286826 -1.0 0.27421436686594264 0.16733710702392665 0.169293669226311 0.17223547653076152 0.12346191770635136 0.117411545184842 0.3418224682092255
0.0 0.0 0 0 0 0 0 0 0 0 0.0 0.0 0 0 0 0 0 0.0 0.0 0 0 0 0 0 0 0 0 0 0 0 0.0 0.0 0.0 0 0 0 0 0.050066576907950855 0.12261122721713874 0.2122255471803538 0.2105546903276462 0.19277975725475294 -1.0 -1.0 0.0 0.0 0.08969691293678043 0 0 0 0 0 0.0 0 0 0 0 0 0 0 0 0 0.0 0.19510704394195666 0.22033387222106052 0.3462259474537362 0.16141625214296432 0.1577451337548594 0.1552349443837537 0.3301789200376454 0.0
0 0 0 0 0 0 0.0 0 0 0 0.0 0 0 0 0 0 0 0 0 0 0 0 0 0.0 0 0 0 0.0 0.0 0.0 0 0 0.0 0.0 0 0 0 0 0 0 0 0.15230381925172762 0.15196831610256029 0.11728785372789087 0.0 0.0 0 0 0 0 0 0 0.0 0 0 0 0 0 0 0 0 0 0 0 0 0 0.17611960071655672 0.13941812960651745 0.14948319822053327 0.32707800609853777 0.3039169110870066
0.0 0 0 0 0.0 0 0.0 0.0 0.0 0.0 0.0 0.0 0 0 0 0 0 0 0 0 0 0 0 0 0 0 0.0 0.0 0.0 0 0 0 0 0.0 0 0 0 0 0 0 0.0 0 0 0 0 0 0 0 0 0 0 0 0 0 0.0 0 0 0 0 0 0 0 0 0 0 0 0.0 0.14997082451008498 0 0 0
0.0 0 0 0.0 0.0 0.0 0 0.0 0.0 0.0 0.0 0 0 0 0 0 0 0 0 0 0 0 0 0 0.0 0 0.0 0.0 0.0 0.0 0.0 0.0 0 0 0 0.0 -0.0 0.0 0 0 0.0 0 0 0 0 0 0 -0.0 0 0 0 0 0.0 0 0 0 0 0 0 0 0 0 0 0 0 0 0.15253062466002704 0.15390788693660937 0 0 0
0 0 0 0 0.0 0.0 0 0.0 0.0 0.0 0.0 0 0 0 0 0 0 0 0 0 0 0 0 0.0 0.0 0.0 0.0 0.0 0.0 0.0 0.0 0.0 0 0 0.0 0.0 0.0 0.0 0.0 0 0.0 0.0 0 0 0.0 0 0 0 0 0 0 0 0 0 0 0 0 0 0 0 0 0 0 0 0 0 0.15780331419300184 0.2176887854080613 0 0 0
0 0 0 0 0.0 0 0 0 0.0 0.0 0.0 0.0 0.0 0 0 0 0 0 0 0 0 0 0 0 0.0 0 0 0 0 0 0.0 0 0 0 0 0 0 0 0 0.0 0 0.0 0 0 0 0 0.0 0 0 0 0 0 0 0 0 0 0 0 0 0 0 0 0 0 0 0 0.15694806495742444 0 0 0 0
