Model Version1.4/trunk/output/2010/fnat.asc
ncols 720
nrows 360
xllcorner -180
yllcorner -90
cellsize 0.5
NODATA_value -1
[rows 155 to 185 of 360, columns 207 to 275 of 720]
-1.0 -1.0 -1.0 -1.0 -1.0 -1.0 -1.0 -1.0 0.0 0.1421834681245631 0.12737421749794867 -1.0 0.0 0.1389018429222538 0.055217732364242815 0.07321847201054733 0.11115529427306955 -1.0 -1.0 -1.0 -1.0 -1.0 -1.0 -1.0 -1.0 -1.0 -1.0 -1.0 -1.0 0.014922731691324348 -1.0 -1.0 -1.0 -1.0 -1.0 -1.0 -1.0 -1.0 -1.0 -1.0 -1.0 -1.0 -1.0 -1.0 -1.0 -1.0 -1.0 -1.0 -1.0 -1.0 -1.0 -1.0 -1.0 -1.0 -1.0 -1.0 -1.0 -1.0 -1.0 -1.0 -1.0 -1.0 -1.0 -1.0 -1.0 -1.0 -1.0 -1.0 -1.0
-1.0 -1.0 -1.0 -1.0 -1.0 -1.0 -1.0 0.0 0.04020140699069532 0.2597667354752466 0.09706839946861275 -1.0 0.05878249863476111 0.10299822418648205 -1.0 -1.0 -1.0 -1.0 -1.0 -1.0 -1.0 -1.0 -1.0 -1.0 -1.0 -1.0 -1.0 -1.0 -1.0 -1.0 -1.0 -1.0 -1.0 -1.0 -1.0 -1.0 -1.0 -1.0 -1.0 -1.0 -1.0 -1.0 -1.0 -1.0 -1.0 -1.0 -1.0 -1.0 -1.0 -1.0 -1.0 -1.0 -1.0 -1.0 -1.0 -1.0 -1.0 -1.0 -1.0 -1.0 -1.0 -1.0 -1.0 -1.0 -1.0 -1.0 -1.0 -1.0 -1.0
-1.0 -1.0 -1.0 0.027797730698099918 0.008999636714206265 0.2710819314123317 0.14379654036115472 0.3632815288863043 0.47802742483928845 0.15724195852183379 -1.0 0.08212461230584171 0.2794602389203215 0.5269726468639607 0.7536212921899743 0.5671955032904764 0.11117506137250643 -1.0 -1.0 -1.0 -1.0 -1.0 -1.0 -1.0 0.027797730698099918 0.06007042428140962 -1.0 -1.0 -1.0 -1.0 -1.0 0.049948578765255325 -1.0 -1.0 -1.0 -1.0 -1.0 -1.0 -1.0 -1.0 -1.0 -1.0 -1.0 -1.0 -1.0 -1.0 -1.0 -1.0 -1.0 -1.0 -1.0 -1.0 -1.0 -1.0 -1.0 -1.0 -1.0 -1.0 -1.0 -1.0 -1.0 -1.0 -1.0 -1.0 -1.0 -1.0 -1.0 -1.0 -1.0
-1.0 -1.0 0.0 0.18652060431185777 0.31470679316783895 0.5564312144243112 0.3079263845085126 0.5861155954934242 0.5861772623170093 0.44137105107994856 0.4491606993724333 0.6124696716631225 0.6397562195765422 0.6420628156469352 0.8614534102272453 0.8073356208883287 0.3329985733252514 -1.0 0.004137393397122455 0.12502601055964957 0.1322733139272349 -1.0 0.055524857340906786 -1.0 0.04988130789202181 0.09566351580999691 0.11432389433271345 0.24912728013183383 0.15617868851841263 0.016956812631917225 0.3705662029736702 0.02777405822002188 -1.0 -1.0 -1.0 -1.0 -1.0 -1.0 -1.0 -1.0 -1.0 -1.0 -1.0 -1.0 -1.0 -1.0 -1.0 -1.0 -1.0 -1.0 -1.0 -1.0 -1.0 -1.0 -1.0 -1.0 -1.0 -1.0 -1.0 -1.0 -1.0 -1.0 -1.0 -1.0 -1.0 -1.0 -1.0 -1.0 -1.0
-1.0 0.0 0.08535032730810996 0.026114401777690473 0.2531624123874202 0.3628013332098143 0.2585656674679557 0.7243902649346041 0.25570990504823915 0.7265536014111821 0.47552807778865214 0.668092873919439 0.48165623947887415 0.6952313091083051 0.5295345523392443 0.7326968816508265 0.7266099088765721 0.4266551449766828 0.7206073656735957 0.5110216100184166 0.6449120902902836 0.3704938545034224 0.11369309334595114 0.03743658592820179 0.5513856461374624 0.5318507789811927 0.7533514258602664 0.5278992278482402 0.027795959198399427 0.11906429449399535 0.6187543234790674 -1.0 -1.0 -1.0 -1.0 -1.0 -1.0 -1.0 -1.0 -1.0 -1.0 -1.0 -1.0 -1.0 -1.0 -1.0 -1.0 -1.0 -1.0 -1.0 -1.0 -1.0 -1.0 -1.0 -1.0 -1.0 -1.0 -1.0 -1.0 -1.0 -1.0 -1.0 -1.0 -1.0 -1.0 -1.0 -1.0 -1.0 -1.0
-1.0 0.0 0.25546574138431605 0.26523126056710317 0.3905861731126061 0.2803186775805717 0.39210057823590483 0.6674572561895354 0.5925429423472268 1.0 0.879607195471346 0.45027453703781856 0.5862176255382401 0.7021164092548658 0.605408110732073 0.6455467443526609 0.3955200146668703 0.47352074653673726 0.31327838860828594 0.4299930976874281 0.33709607871161923 0.41856992011668237 0.44673342541623956 0.3630333449061403 0.5842530178042692 0.5032993223465024 0.4556331165959419 0.8614622730916469 0.7779208805378661 0.5677732449267935 0.20777897582537194 -1.0 -1.0 -1.0 -1.0 -1.0 -1.0 -1.0 -1.0 -1.0 -1.0 -1.0 -1.0 -1.0 -1.0 -1.0 -1.0 -1.0 -1.0 -1.0 -1.0 -1.0 -1.0 -1.0 -1.0 -1.0 -1.0 -1.0 -1.0 -1.0 -1.0 -1.0 -1.0 -1.0 -1.0 -1.0 -1.0 -1.0 -1.0
0.0 0.0 0.04036000706585077 0.10970114390719422 0.4374138156945807 0.43521576755513175 0.8337511363547788 0.6957969024800675 0.7783069591079089 0.9188910825823166 0.75786262141292 0.5168175673651015 0.6464495729290998 0.5643313459554694 0.39572283485947113 0.5029899118674928 0.5845711790408016 0.2798437393762508 0.4001059921124115 0.3904401634879331 0.39270659966420296 0.3375445651981816 0.19840124114460778 0.3366916257809331 0.4206510174880043 0.3381765324071183 0.4458220504552298 0.6953017249143958 0.7376970862103118 0.864333021153564 0.9445107968977176 0.3020954383884932 -1.0 -1.0 -1.0 -1.0 -1.0 -1.0 -1.0 -1.0 -1.0 -1.0 -1.0 -1.0 -1.0 -1.0 -1.0 -1.0 -1.0 -1.0 -1.0 -1.0 -1.0 -1.0 -1.0 -1.0 -1.0 -1.0 -1.0 -1.0 -1.0 -1.0 -1.0 -1.0 -1.0 -1.0 -1.0 -1.0 -1.0
0.2238670790955246 0.03937453276787805 0.1486961984408119 0.34565956386827057 0.38980486026790506 0.37034244159391555 0.6953100935778788 0.6408916923170813 0.6131483678602246 0.5641462580121401 0.5489782683112167 0.6695311488424308 0.5961348047084222 0.44894086670653527 0.5020319481528861 0.4459747115083606 0.4735365647285304 0.3349309457108121 0.4321918999795645 0.5568095215881137 0.3630334951406755 0.4185908237821359 0.4461829279235091 0.3633830671302606 0.31306920086377615 0.3073256939215157 0.7506159154573845 0.6438748483379718 0.5819183158074398 0.9035595463661287 0.978383569847095 0.49025354049225817 0.10573872936441989 -1.0 -1.0 -1.0 -1.0 -1.0 -1.0 -1.0 -1.0 -1.0 -1.0 -1.0 -1.0 -1.0 -1.0 -1.0 -1.0 -1.0 -1.0 -1.0 -1.0 -1.0 -1.0 -1.0 -1.0 -1.0 -1.0 -1.0 -1.0 -1.0 -1.0 -1.0 -1.0 -1.0 -1.0 -1.0 -1.0
0.3086058960978721 0.17138802178651194 0.2936161017691071 0.44594395403561377 0.5855804228247359 0.2845223930136542 0.2562500070235729 0.44660095162877017 0.4789465630090489 0.6721271023678046 0.640295463864077 0.6976615225207485 0.28012881817228935 0.47502283964454395 0.5293361912237045 0.5011755172635943 0.5295399936107036 0.5293386884617297 0.5012990762219527 0.8060274144511925 0.612037053547134 0.5567024293935284 0.5013365195471127 0.4458050635237874 0.5013097192437214 0.40372495786360807 0.5869182179804335 0.5883363682638514 0.7046885474017068 0.9470978643780279 0.9730273786199126 0.8614461107624809 0.9445575269117734 0.6489652077187424 0.20916004644809724 -1.0 -1.0 -1.0 -1.0 -1.0 -1.0 -1.0 -1.0 -1.0 -1.0 -1.0 -1.0 -1.0 -1.0 -1.0 -1.0 -1.0 -1.0 -1.0 -1.0 -1.0 -1.0 -1.0 -1.0 -1.0 -1.0 -1.0 -1.0 -1.0 -1.0 -1.0 -1.0 -1.0 -1.0
0.7783882412470045 0.4459305478737983 0.33645689797140604 0.5300918541998898 0.6397950837240562 0.4528107481318414 0.36302042782669675 0.31540054134196005 0.6214490283559789 0.6684430231704137 0.585967530843413 0.6674729857598807 0.5291196210201848 0.5845183122486768 0.41876427065418065 0.3908504430766697 0.5299348785588094 0.47517805831654064 0.3952660315975156 0.5568464183491618 0.6521828428000573 0.7045946438892495 0.6409708519435057 0.6678923989822648 0.5852689498038476 0.4871850373883773 0.612585240470296 1.0 0.3391086419176637 0.7236259120906481 1.0 0.9723013303825419 0.972284685561417 0.8617234100330298 0.8822549440839584 0.24109675370030353 -1.0 -1.0 -1.0 -1.0 -1.0 -1.0 -1.0 -1.0 -1.0 -1.0 -1.0 -1.0 -1.0 -1.0 -1.0 -1.0 -1.0 -1.0 -1.0 -1.0 -1.0 -1.0 -1.0 -1.0 -1.0 -1.0 -1.0 -1.0 -1.0 -1.0 -1.0 -1.0 -1.0
0.5287983056720265 0.41827101313585546 0.5565439873907412 0.8344352983977956 0.8337150479489639 0.42466554916861676 0.29894819425261726 0.30727155489826363 0.6398128108125484 0.640552198650625 0.6131253283148637 0.5613258590201637 0.4739737561577869 0.5569603155098566 0.5845792029870389 0.556925915596978 0.6678010465361506 0.6675473354925547 0.7230938027271657 0.8415798313613169 0.6678932210372015 0.8062524559485983 0.9170229774853865 1.0 1.0 0.7245645770455613 0.6130205974857642 0.8473162414963528 0.5034573319369143 0.5633652899091931 0.9185394088716013 1.0 1.0 0.9445851744824998 0.9168856181353047 0.8057413720283984 -1.0 -1.0 -1.0 -1.0 -1.0 -1.0 -1.0 -1.0 -1.0 -1.0 -1.0 -1.0 -1.0 -1.0 -1.0 -1.0 -1.0 -1.0 -1.0 -1.0 -1.0 -1.0 -1.0 -1.0 -1.0 -1.0 -1.0 -1.0 -1.0 -1.0 -1.0 -1.0 -1.0
0.39062364278117356 0.3081292762266265 0.5339528038394139 0.6123270684178812 0.6424530969439302 0.5845320638078527 0.22815589984389475 0.30751626715813546 0.4735740916554269 0.4190516307664023 0.5845280719842536 0.3628637260158137 0.390515853228027 0.6120549632353346 0.6399160375063451 0.6952171565711851 0.6129308552357506 0.9723107093042616 0.8343181028646149 0.8062326105896969 0.8892827908176335 0.9168938293550599 1.0 1.0 1.0 0.8614798151239758 0.8407669324142872 0.9806624462351264 1.0 0.9725077795147132 1.0 1.0 1.0 1.0 0.9445942621614792 0.7383660684713131 0.3104102098155429 0.0 -1.0 -1.0 -1.0 -1.0 -1.0 -1.0 -1.0 -1.0 -1.0 -1.0 -1.0 -1.0 -1.0 -1.0 -1.0 -1.0 -1.0 -1.0 -1.0 -1.0 -1.0 -1.0 -1.0 -1.0 -1.0 -1.0 -1.0 -1.0 -1.0 -1.0 -1.0
0.44576659322344914 0.5261663290233604 0.5916159851462905 0.5843140286770958 0.5292540567271242 0.44633922335371123 0.5566000657169601 0.33574140936482433 0.39120420686937313 0.2814731090390886 0.3903568113850517 0.4457715644522015 0.4457742442257197 0.41933826200188884 0.5308336837089904 0.5011887398934828 0.4734355990005038 0.47462006008330293 0.702084719573303 0.916846874947312 0.9446338604355223 0.9722985920062485 1.0 1.0 1.0 0.9722940464683044 0.889110370416085 0.9168425251028269 0.9722851808113071 1.0 0.9722895975384139 1.0 1.0 1.0 0.9445794229730304 0.8054325070635797 0.6450619788999773 0.5875756946781133 0.07042777039022458 -1.0 -1.0 -1.0 -1.0 -1.0 -1.0 -1.0 -1.0 -1.0 -1.0 -1.0 -1.0 -1.0 -1.0 -1.0 -1.0 -1.0 -1.0 -1.0 -1.0 -1.0 -1.0 -1.0 -1.0 -1.0 -1.0 -1.0 -1.0 -1.0 -1.0
0.5014964400505778 0.6127892964286913 0.6974141290033312 0.5019175740470974 0.5850884379032554 0.36674584376749775 0.36934462851524785 0.31907361722699923 0.5013540304143469 0.27975020540146084 0.3627043810435281 0.4734651262938101 0.3352674549152299 0.25176550717143875 0.2517761886609175 0.25178430124581597 0.27947498719434605 0.31677560892864215 0.9179287730669564 0.9168807490802645 0.8614730991377046 0.9168727403249216 0.9722861864998568 1.0 1.0 0.9168565845627772 1.0 0.8337327898030195 1.0 1.0 0.8060265072538543 1.0 1.0 1.0 1.0 0.861347040467079 0.9168768913560708 0.8891256235710108 0.7801308092721114 0.8176696535355069 0.6606638853474515 0.7174237061615255 0.7665431031235097 0.8708151792876828 0.6467427511706401 0.27786269446859313 -1.0 -1.0 -1.0 -1.0 -1.0 -1.0 -1.0 -1.0 -1.0 -1.0 -1.0 -1.0 -1.0 -1.0 -1.0 -1.0 -1.0 -1.0 -1.0 -1.0 -1.0 -1.0 -1.0
0.4736056303147544 0.5906814170555865 0.5594716334921422 0.4206919302567413 0.3625658841950542 0.418845117692203 0.44700701095728046 0.3353040939186307 0.2529790532509048 0.39034626778041054 0.4457541063410296 0.3902976216145011 0.2518165305613109 0.2517762217607422 0.2517690358577752 0.6674410610301115 0.806022556877454 0.6796284669563045 0.9445936447901068 1.0 0.9725911278314484 0.9723065602062393 1.0 1.0 1.0 1.0 1.0 0.9722892383760638 0.944560230101909 1.0 1.0 0.8891646333244969 0.9445566312397875 1.0 1.0 1.0 0.9722930282604729 1.0 0.9722300549370412 1.0 1.0 1.0 0.9725300403343419 1.0 1.0 1.0 0.8611567569319526 0.336481410317607 -1.0 -1.0 -1.0 -1.0 -1.0 -1.0 -1.0 -1.0 -1.0 -1.0 -1.0 -1.0 -1.0 -1.0 -1.0 -1.0 -1.0 -1.0 -1.0 -1.0 -1.0
0.39042260077585417 0.35891357802081364 0.39063297193604546 0.3082517046604904 0.49367292990015915 0.4219410503816668 0.4482424707892324 0.2800199149514617 0.33509998502155214 0.3902882104553447 0.36259681645600583 0.25181153573576576 0.25176862871597544 0.2518129614421413 0.2795295648243287 0.3626911364178617 0.6675165799303505 0.8894905387755295 1.0 1.0 1.0 1.0 1.0 0.9722824675609176 0.9445919469012384 1.0 1.0 1.0 0.972285771142029 0.916861930307633 0.7246480633362559 0.695202779654077 0.6674262125674877 0.8894553569228545 1.0 1.0 1.0 1.0 1.0 1.0 1.0 1.0 1.0 1.0 1.0 1.0 1.0 1.0 0.45386655726974773 -1.0 -1.0 -1.0 -1.0 -1.0 -1.0 -1.0 -1.0 -1.0 -1.0 -1.0 -1.0 -1.0 -1.0 -1.0 -1.0 -1.0 -1.0 -1.0 -1.0
0.25667757018697146 0.3639142853367828 0.31742180255471236 0.2279140384809028 0.22407969241859402 0.36978311392819896 0.19673258952543204 0.2796580350606613 0.2518288723186452 0.25174596847848846 0.2517959825286837 0.25188158707010916 0.41814703589520785 0.778403455196149 0.8614739386029874 0.9722950776042233 0.9445901552084677 0.9225852892899467 0.972280126625001 0.9445893502506592 1.0 0.916872936218675 0.9722950776042233 1.0 1.0 1.0 1.0 1.0 1.0 1.0 0.5567086945961426 0.667458733050763 0.5844182860498709 0.7228991919737583 1.0 1.0 1.0 1.0 1.0 1.0 1.0 1.0 1.0 1.0 1.0 1.0 1.0 1.0 1.0 0.6111598372726007 0.15684655469222158 -1.0 -1.0 -1.0 -1.0 -1.0 -1.0 -1.0 -1.0 -1.0 -1.0 -1.0 -1.0 -1.0 -1.0 -1.0 -1.0 -1.0 -1.0
0.25768126434025085 0.36262287191617765 0.2816961418933344 0.19861560092065902 0.5011806759151002 0.28153153356151484 0.19637254598481538 0.22405637588125496 0.2517728283610572 0.25179873313132206 0.39038164133535797 0.8337689588336759 0.9722962330533085 1.0 1.0 1.0 0.9722887781735943 0.7517858840881364 0.9172136909543429 0.9722852592532167 1.0 1.0 1.0 1.0 1.0 1.0 1.0 1.0 1.0 0.8891342660013031 0.6398902869643972 0.6674529932224113 0.6121211158198847 0.5566004965224038 0.8060325321359485 1.0 1.0 1.0 1.0 1.0 1.0 1.0 1.0 1.0 1.0 1.0 1.0 1.0 1.0 1.0 0.7448932374151188 -1.0 -1.0 -1.0 -1.0 -1.0 -1.0 -1.0 -1.0 -1.0 -1.0 -1.0 -1.0 -1.0 -1.0 -1.0 -1.0 -1.0 -1.0
0.1260006986914201 0.47369902512559814 0.25258487988226763 0.47349372308935866 0.5566788190212313 0.30815414733259266 0.28023320465726614 0.2518479435995429 0.2794690761532601 0.6397551791259289 0.9445819591759586 1.0 0.9722854980810105 0.861413890840926 0.9445749127572026 0.972288603240607 0.9722909314937342 0.9168821864178006 1.0 1.0 1.0 0.9722819119792407 1.0 1.0 1.0 1.0 1.0 1.0 1.0 1.0 0.5846127791043739 0.6399089302568609 0.3079593453878837 0.5861710703584295 1.0 1.0 1.0 1.0 1.0 1.0 1.0 1.0 1.0 1.0 1.0 1.0 1.0 1.0 1.0 1.0 0.9389075993548918 -1.0 -1.0 -1.0 -1.0 -1.0 -1.0 -1.0 -1.0 -1.0 -1.0 -1.0 -1.0 -1.0 -1.0 -1.0 -1.0 -1.0 -1.0
0.22578311034988544 0.3630516844014548 0.24012253607140163 0.5842787158739178 0.8614539315836739 0.8337966847423529 0.7787770311799591 0.4745096760879059 0.5016845010331882 0.833734674652773 0.9722827467657374 0.9445654935314882 0.9168800049939421 0.9445848161309522 0.9722903717721567 1.0 1.0 1.0 1.0 1.0 1.0 1.0 1.0 1.0 0.9722827449842237 0.9445827801361879 1.0 1.0 1.0 0.9722883687789113 0.7510267874640278 0.5995681941525184 0.6120550154184947 0.5843132865352438 0.6397396890149079 1.0 1.0 1.0 1.0 1.0 1.0 1.0 1.0 1.0 1.0 1.0 1.0 1.0 1.0 1.0 1.0 0.30187667607697904 -1.0 -1.0 -1.0 -1.0 -1.0 -1.0 -1.0 -1.0 -1.0 -1.0 -1.0 -1.0 -1.0 -1.0 -1.0 -1.0 -1.0
0.363074233872802 0.3922399435947532 0.5012227770145518 0.6954725309646022 0.7782809236215037 0.7229080548491823 1.0 0.6952598415174018 0.9722915341680572 1.0 0.9722898560137873 0.833742125286046 1.0 0.9723030400538115 0.9445797415993217 1.0 1.0 1.0 1.0 1.0 1.0 1.0 1.0 1.0 1.0 1.0 1.0 1.0 1.0 1.0 0.9168648480880789 0.9449083750627583 0.9445813911541094 0.6674687333533296 0.8891594554941554 1.0 1.0 1.0 1.0 1.0 1.0 0.8060724863804024 1.0 1.0 1.0 1.0 1.0 1.0 1.0 1.0 1.0 0.6164942954295033 -1.0 -1.0 -1.0 -1.0 -1.0 -1.0 -1.0 -1.0 -1.0 -1.0 -1.0 -1.0 -1.0 -1.0 -1.0 -1.0 -1.0
0.4199340688362639 0.5305495014237452 0.7786807142813372 0.7228974604341123 0.6120294493648706 0.7228791424323254 0.9445748667131912 0.9723868144640897 0.9168568248110365 0.9445755417282977 0.88918003519645 0.9445723464928526 0.9445711541303468 1.0 1.0 1.0 1.0 1.0 1.0 1.0 1.0 1.0 1.0 1.0 1.0 1.0 1.0 1.0 1.0 1.0 0.9189554647537401 1.0 1.0 1.0 1.0 1.0 1.0 1.0 1.0 1.0 0.9445735751541731 0.5014601012760209 1.0 1.0 1.0 1.0 1.0 1.0 1.0 1.0 0.972289289647933 0.919291221348335 0.6853332363299491 -1.0 -1.0 -1.0 -1.0 -1.0 -1.0 -1.0 -1.0 -1.0 -1.0 -1.0 -1.0 -1.0 -1.0 -1.0 -1.0
0.6121517236614854 0.41989035341594483 0.695701741566635 0.7784245719354596 0.8060170589951066 0.9722887645123917 0.9446062229037178 0.9445785290003861 0.9722897644879046 0.9170793073155589 0.8891655996632848 0.9445723321077505 0.9723995007181003 1.0 1.0 1.0 1.0 1.0 1.0 1.0 0.9722878285748021 0.9445795289758813 1.0 1.0 1.0 1.0 1.0 1.0 0.9722861481971952 1.0 0.9722861466577829 0.9722887645124788 1.0 1.0 1.0 1.0 1.0 1.0 1.0 1.0 0.9445785288368488 0.861443079516941 1.0 1.0 1.0 1.0 1.0 1.0 1.0 1.0 0.9722869573291939 0.8898333874951226 0.9562056225523765 0.1388893372632449 -1.0 -1.0 -1.0 -1.0 -1.0 -1.0 -1.0 -1.0 -1.0 -1.0 -1.0 -1.0 -1.0 -1.0 -1.0
0.8061148477480252 0.8060551955539552 0.8337511327121683 0.9168894228539458 0.9722871283522846 0.9722876418494293 1.0 1.0 0.9722862233802076 1.0 0.8614372759139094 0.8891497251816827 1.0 1.0 1.0 1.0 1.0 1.0 1.0 1.0 0.9722876418494562 1.0 1.0 1.0 1.0 1.0 1.0 1.0 1.0 1.0 1.0 1.0 1.0 0.9724347619721196 1.0 1.0 1.0 1.0 1.0 1.0 1.0 0.944577736855775 1.0 1.0 1.0 1.0 1.0 1.0 1.0 1.0 0.9446799987271031 0.9723785589126334 0.990412749131986 -1.0 -1.0 -1.0 -1.0 -1.0 -1.0 -1.0 -1.0 -1.0 -1.0 -1.0 -1.0 -1.0 -1.0 -1.0 -1.0
0.9176196675873725 0.9446291705608719 0.9445760947209555 0.9722877225073403 0.9722871438364588 0.9168621702381254 0.9722877225073561 0.8614359752749395 0.9722871438364216 0.9722880475480359 0.9722871438364574 0.9722872078595334 1.0 1.0 1.0 1.0 1.0 1.0 1.0 1.0 1.0 1.0 1.0 1.0 1.0 1.0 1.0 1.0 0.972287498426271 1.0 0.9722880475480359 1.0 1.0 1.0 1.0 1.0 1.0 1.0 1.0 1.0 1.0 1.0 1.0 1.0 1.0 1.0 1.0 1.0 1.0 1.0 0.835612741891739 0.9373582102165866 1.0 -1.0 -1.0 -1.0 -1.0 -1.0 -1.0 -1.0 -1.0 -1.0 -1.0 -1.0 -1.0 -1.0 -1.0 -1.0 -1.0
0.9452974184712153 1.0 1.0 0.946176347125589 1.0 0.9722871438364332 0.9168615595556805 0.8614381028140089 0.9445752554076655 0.9445748343322121 1.0 0.944574543765432 1.0 1.0 1.0 1.0 1.0 1.0 0.9772121465663833 1.0 1.0 1.0 0.9740124769749815 1.0 1.0 1.0 1.0 1.0 1.0 1.0 1.0 1.0 1.0 1.0 1.0 1.0 0.9722874984262665 1.0 1.0 1.0 1.0 1.0 1.0 1.0 1.0 1.0 1.0 1.0 1.0 0.9723101107815983 0.8930100963595868 0.9150435767892895 0.9091222800317854 0.9153487086662444 0.8730106273840008 0.7503193445888592 0.3611086007901056 -1.0 -1.0 -1.0 -1.0 -1.0 -1.0 -1.0 -1.0 -1.0 -1.0 -1.0 -1.0
0.8895714629164926 1.0 1.0 1.0 1.0 0.9445765100837314 0.9168659594966013 0.9445728654059242 0.9465947874455705 0.9722862233802492 1.0 1.0 1.0 0.9722888682342721 1.0 1.0 1.0 1.0 1.0 1.0 1.0 1.0 1.0 1.0 1.0 1.0 1.0 0.9784711901698087 1.0 1.0 1.0 1.0 1.0 1.0 1.0 1.0 1.0 1.0 1.0 1.0 1.0 1.0 1.0 1.0 1.0 1.0 0.9722888687105093 0.9445753507283399 1.0 0.9554185010810765 0.959043815461889 0.9043285025228893 0.9445744464081117 0.9445737691874769 0.8892580118029566 0.813748529413439 0.756562863171455 0.4557889970628398 0.373311255088894 0.14076376291175316 0.11110623353819139 -1.0 -1.0 -1.0 -1.0 -1.0 -1.0 -1.0 -1.0
1.0 1.0 1.0 1.0 1.0 0.9722853754328822 1.0 0.9722897644879748 1.0 1.0 0.9458032477905137 1.0 1.0 0.9722853754327732 1.0 1.0 1.0 1.0 1.0 1.0 1.0 1.0 1.0 1.0 1.0 1.0 1.0 1.0 0.9950750201824027 0.9881707316707221 1.0 1.0 1.0 1.0 1.0 1.0 1.0 1.0 1.0 1.0 1.0 1.0 0.9722869566749442 0.9445775287859306 0.9445795288220332 0.944611427113536 0.9722869566748674 0.9722861488128746 0.9624003912594836 0.9513523976747795 0.9476545448397865 0.9169109787119365 0.9445715242456333 0.916893918476884 0.861691141188889 0.9108992223865342 0.670645753135856 0.4854395373386003 0.36924640003853476 0.700771673127758 0.7018653278281197 0.4999822443755024 0.05555089246225316 -1.0 -1.0 -1.0 -1.0 -1.0 -1.0
1.0 1.0 1.0 1.0 1.0 0.9722880882260364 0.9445702343681018 0.94457023436798 0.9722856665557993 0.9722880882260665 0.972284567812181 1.0 1.0 1.0 1.0 1.0 1.0 1.0 1.0 1.0 1.0 1.0 0.972691484784815 1.0 1.0 1.0 1.0 1.0 1.0 1.0 1.0 1.0 1.0 1.0 1.0 1.0 1.0 1.0 1.0 1.0 0.9506531574139522 0.925661707475412 0.8406119615966927 0.8605691395256484 0.8638603467787611 0.8616109472215193 0.9417104068145081 0.9051593285716016 0.9326924464183258 0.9750228787023048 0.9794727650640043 0.9797527514020605 0.9627248519214826 0.9545769221422536 0.9628894757585544 0.7552072282936871 0.8074818765163043 0.7249645871852377 0.6162090175458883 0.6408930480661286 0.6958792130254258 0.8068559179427792 0.9722174683797721 0.4967579786605467 -1.0 -1.0 -1.0 -1.0 -1.0
1.0 1.0 1.0 1.0 1.0 1.0 1.0 1.0 0.9722836213182309 1.0 0.9747855726231764 1.0 1.0 0.9722915342065732 1.0 1.0 1.0 1.0 1.0 1.0 1.0 1.0 1.0 1.0 1.0 1.0 1.0 1.0 1.0 1.0 1.0 1.0 1.0 1.0 1.0 1.0 1.0 1.0 0.9798160503149947 0.9309534209899348 0.9254507568085187 0.9448094612111858 0.9411794015995198 0.8621228393546603 0.9043345523934688 0.9477655622947432 1.0 1.0 0.9897408017374573 1.0 0.9722882073927195 0.946150458361282 0.9445748327005818 0.8437574588214287 0.9113702145861046 0.9171021229186114 0.8345357743367927 0.8074753778636913 0.7515015114163213 0.861775839688271 0.8350686062211222 0.6415686734379208 0.6863764789044435 0.807867344901307 0.1843104439988689 0.055549167301903124 0.10865085559970819 -1.0 -1.0
0.9723767564630327 1.0 1.0 0.9722924080654349 1.0 1.0 1.0 1.0 1.0 1.0 1.0 1.0 0.9722827467656558 0.9722845562564877 1.0 1.0 1.0 0.980899837243129 1.0 1.0 0.9729831435544055 1.0 1.0 1.0 1.0 1.0 1.0 1.0 1.0 1.0 1.0 0.9822537920387815 0.9753092585026006 0.973671895723848 1.0 1.0 0.9783906739487026 0.9495632018653946 0.9559383258327021 0.9413553985213933 0.972292408065513 1.0 0.9914473081340778 0.810707445715421 0.9522991945059148 1.0 1.0 1.0 0.9298708143364114 0.9641445597634893 0.9722924080654349 0.972286429843537 0.9445751548311724 0.8756311418836192 0.889568491314699 0.8618595527010867 0.8617990141420017 0.8893038800731667 0.8654267304307572 0.9722827467656925 0.9449094594680609 0.7791142598637949 0.7564219465661634 0.659605508120304 0.37344842869759987 0.55567308728955 0.6402703825264261 0.5164192830123175 0.2111328513451073
