Model Version1.4/trunk/output/2010/fnat.asc
ncols 720
nrows 360
xllcorner -180
yllcorner -90
cellsize 0.5
NODATA_value -1
[rows 62 to 92 of 360, columns 69 to 137 of 720]
-1.0 -1.0 -1.0 -1.0 -1.0 -1.0 -1.0 -1.0 -1.0 -1.0 -1.0 -1.0 -1.0 -1.0 0.027611270795226902 0.5538921447857952 0.9720594273769084 0.8063197581096719 0.610312068386278 0.9162342752622346 0.6388567446837632 0.8884243532793311 1.0 1.0 1.0 1.0 1.0 1.0 1.0 1.0 1.0 1.0 1.0 1.0 1.0 1.0 1.0 1.0 1.0 1.0 1.0 1.0 1.0 1.0 0.972387111139301 0.9723871118810543 0.9166298948246069 0.9445084411278493 1.0 1.0 1.0 1.0 1.0 0.9778033255884706 1.0 1.0 1.0 0.9721215164247924 0.916364551535877 0.9805923454117256 1.0 1.0 1.0 1.0 1.0 1.0 0.9880128098477488 0.9391720165951118 0.9557563849202806
-1.0 -1.0 -1.0 -1.0 -1.0 -1.0 -1.0 -1.0 -1.0 -1.0 -1.0 -1.0 -1.0 -1.0 -1.0 -1.0 0.08284398211470875 0.35957776973607547 0.44457522433282837 0.5004581725844737 0.5479464605132105 0.5805128650860503 0.8570313913405014 0.9699323168548974 1.0 1.0 1.0 1.0 1.0 0.9721897212212366 1.0 1.0 1.0 1.0 1.0 1.0 1.0 1.0 1.0 1.0 1.0 1.0 1.0 1.0 0.9723851351179807 1.0 1.0 1.0 1.0 1.0 1.0 1.0 1.0 1.0 1.0 1.0 1.0 0.8894757116612886 0.7510425508163101 0.917220605493526 1.0 1.0 1.0 1.0 1.0 1.0 1.0 0.9766576091338975 0.9261152232545439
-1.0 -1.0 -1.0 -1.0 -1.0 -1.0 -1.0 -1.0 -1.0 -1.0 -1.0 -1.0 -1.0 -1.0 -1.0 -1.0 -1.0 -1.0 0.4430364357777079 0.8052706070210244 0.8330147823772772 0.5277465947306027 0.7781615174315922 0.41631565577141755 0.9164469068298938 1.0 1.0 1.0 1.0 1.0 1.0 1.0 1.0 1.0 1.0 1.0 1.0 1.0 1.0 1.0 1.0 1.0 1.0 1.0 1.0 1.0 1.0 1.0 1.0 1.0 1.0 1.0 1.0 1.0 1.0 1.0 0.9445746731937563 0.9724472572446489 1.0 1.0 1.0 1.0 0.972191589038371 1.0 1.0 0.9447664105768837 0.9766156573814381 1.0 0.9723192737441411
-1.0 -1.0 -1.0 -1.0 -1.0 -1.0 -1.0 -1.0 -1.0 -1.0 -1.0 -1.0 -1.0 -1.0 -1.0 -1.0 -1.0 -1.0 -1.0 0.4806328257387619 0.8329544844373646 0.47281833747978974 0.6084752138043646 0.16492487462523797 0.6379755746869277 0.9987937450582467 1.0 1.0 1.0 1.0 1.0 1.0 1.0 1.0 1.0 1.0 1.0 1.0 1.0 1.0 1.0 1.0 1.0 1.0 1.0 1.0 1.0 1.0 1.0 1.0 1.0 1.0 1.0 1.0 1.0 0.9721309793726136 0.8612182222664534 1.0 1.0 1.0 1.0 1.0 1.0 1.0 1.0 1.0 1.0 0.9763718791477599 1.0
-1.0 -1.0 -1.0 -1.0 -1.0 -1.0 -1.0 -1.0 -1.0 -1.0 -1.0 -1.0 -1.0 -1.0 -1.0 -1.0 -1.0 -1.0 -1.0 -1.0 0.3820363786749839 0.6948493053920415 0.49192249219502465 0.5794797202854802 0.8560658988205975 0.6780220739527633 0.8606486931951967 1.0 1.0 1.0 1.0 1.0 1.0 1.0 1.0 1.0 1.0 1.0 1.0 1.0 1.0 1.0 1.0 1.0 1.0 1.0 1.0 1.0 0.9443904517649623 0.8886581087987098 1.0 1.0 0.9442677170707132 0.9721338595534412 1.0 0.8898321130515973 0.8340322005343025 1.0 1.0 1.0 1.0 1.0 1.0 1.0 1.0 1.0 1.0 1.0 1.0
-1.0 -1.0 -1.0 -1.0 -1.0 -1.0 -1.0 -1.0 -1.0 -1.0 -1.0 -1.0 -1.0 -1.0 -1.0 -1.0 -1.0 -1.0 -1.0 -1.0 -1.0 0.22131524675400122 0.2500909170128097 0.4163342725186627 0.5159162344339568 0.4113915240064916 0.6075879107650407 0.8886455398379179 1.0 1.0 1.0 1.0 1.0 1.0 1.0 1.0 1.0 1.0 1.0 1.0 1.0 1.0 1.0 1.0 1.0 1.0 1.0 0.9445147144807219 0.9447559775036587 0.6122053076982686 0.6113003790121027 0.6389226516687817 0.6950723052860456 0.5556951840785546 0.6668002631217224 0.5414383221295802 0.472844068496056 0.9164705046401214 1.0 0.9461305959503866 1.0 1.0 1.0 1.0 1.0 1.0 1.0 1.0 1.0
-1.0 -1.0 -1.0 -1.0 -1.0 -1.0 -1.0 -1.0 -1.0 -1.0 -1.0 -1.0 -1.0 -1.0 -1.0 -1.0 -1.0 -1.0 -1.0 -1.0 -1.0 -1.0 -1.0 0.13856242509046493 0.5363336341669025 0.9062482322321532 0.46878692707107184 0.7101695747974521 0.8096705396526115 0.7771839176038124 0.9426445402199625 1.0 1.0 1.0 1.0 1.0 1.0 1.0 1.0 1.0 1.0 1.0 1.0 1.0 1.0 1.0 1.0 1.0 0.9724356427095214 0.9170697397890979 0.6403000419781871 0.8066940032045139 0.8062201422765525 0.4194735748806122 0.33460525058758567 0.3630571629375812 0.3353498491361028 0.6839770294902845 0.6964649582597527 0.9194127671124793 0.9620183847801096 0.9721396750575242 1.0 0.9825004440867308 1.0 1.0 1.0 1.0 1.0
-1.0 -1.0 -1.0 -1.0 -1.0 -1.0 -1.0 -1.0 -1.0 -1.0 -1.0 -1.0 -1.0 -1.0 -1.0 -1.0 -1.0 -1.0 -1.0 -1.0 -1.0 -1.0 -1.0 -1.0 0.4428124004999168 0.7163042553567075 0.6222601287083013 0.38807338410577275 0.5820922394286892 0.7783584836216415 0.9445598935477478 0.7834444658977789 0.9723746214233829 0.972142350521451 1.0 1.0 1.0 1.0 1.0 1.0 1.0 1.0 1.0 1.0 0.9646815788988449 1.0 1.0 1.0 1.0 1.0 1.0 0.6949591434726731 0.3701025702985713 0.39495150840020593 0.36357063910651716 0.7387862723905165 0.44633598618117803 0.5443200935860419 0.7267380351859265 0.8993063031814812 0.8728755705368682 0.8677564381356787 0.9168333296380375 0.8610597646899842 0.9284293174284817 0.9442847015069746 0.9174150233535963 0.9476300220839085 0.9739204999231447
-1.0 -1.0 -1.0 -1.0 -1.0 -1.0 -1.0 -1.0 -1.0 -1.0 -1.0 -1.0 -1.0 -1.0 -1.0 -1.0 -1.0 -1.0 -1.0 -1.0 -1.0 -1.0 -1.0 -1.0 0.08296163740073817 0.30489766245386424 0.36022424784699697 -1.0 0.05532669723744548 0.44358572866569734 0.5916466264221143 0.9235860657763835 1.0 0.9461933413012387 1.0 1.0 0.9723159593314628 1.0 0.9952989489010068 1.0 1.0 1.0 1.0 1.0 1.0 1.0 1.0 1.0 1.0 1.0 1.0 1.0 0.9724302100309836 0.9172906291561997 1.0 0.9745509456086761 0.6962751965424032 0.9470009519515254 0.9749276910955257 0.9721450641119711 1.0 0.8609530253936659 0.7498179164526008 0.6683133791083711 0.3618701141752026 0.5176298461100537 0.5501900212614559 0.637795598821809 0.9201141414647562
-1.0 -1.0 -1.0 -1.0 -1.0 -1.0 -1.0 -1.0 -1.0 -1.0 -1.0 -1.0 -1.0 -1.0 -1.0 -1.0 -1.0 -1.0 -1.0 -1.0 -1.0 -1.0 -1.0 -1.0 0.019193021534173762 0.13960910814214922 0.08375381861772944 0.08369802398616735 -1.0 0.02786196076698284 0.39896387882725226 0.9222889611499306 0.9167499903326134 0.9444629064957113 1.0 1.0 1.0 1.0 1.0 1.0 1.0 1.0 0.9276181220630648 0.9721476490239865 1.0 0.8629720910668789 0.9442953067304097 1.0 1.0 1.0 1.0 1.0 1.0 1.0 1.0 1.0 1.0 0.9178262223991671 0.9722594058345296 0.8623096439552951 0.58348349128958 0.25131559507282475 0.196887785154922 0.16933081460877755 0.30648720094203563 0.2509506670180127 0.3342338249560127 0.2466202819661546 0.19849940907949998
-1.0 -1.0 -1.0 -1.0 -1.0 -1.0 -1.0 -1.0 -1.0 -1.0 -1.0 -1.0 -1.0 -1.0 -1.0 -1.0 -1.0 -1.0 -1.0 -1.0 -1.0 -1.0 -1.0 -1.0 0.03500278490485783 0.6445925922759832 0.6803346987001163 0.34580198438046594 -1.0 0.05527979127549016 0.585915914702646 0.7400222130571557 0.8248508247070473 0.6734774142372154 1.0 1.0 1.0 1.0 1.0 1.0 1.0 1.0 0.976102406303178 0.9739936593162101 1.0 0.7911716110460756 1.0 1.0 1.0 1.0 1.0 1.0 1.0 1.0 1.0 1.0 1.0 0.9443551032991784 0.7790852447488963 0.6949140268492008 0.39297505916713876 0.24107696055931524 0.22341162069975445 0.09150206715828774 0.055427415841259896 0.14440723449092457 0.11377088280971144 0.2257132015759233 0.2619935588537143
-1.0 -1.0 -1.0 -1.0 -1.0 -1.0 -1.0 -1.0 -1.0 -1.0 -1.0 -1.0 -1.0 -1.0 -1.0 -1.0 -1.0 -1.0 -1.0 -1.0 -1.0 -1.0 -1.0 -1.0 -1.0 0.06688567486467004 0.8701385778888923 0.2576269004485801 -1.0 -1.0 0.27674909106601503 0.4158278581523557 0.5225567474200679 0.8192446954034978 0.8715639070241696 1.0 1.0 1.0 1.0 1.0 1.0 1.0 1.0 1.0 1.0 0.9446290886210776 0.9721526891503354 1.0 1.0 1.0 1.0 1.0 1.0 1.0 1.0 0.9188485990121681 1.0 1.0 1.0 0.9723684599368967 0.6673419735829669 0.09086987474515405 0.04962897470569596 0.018768239515865152 0.07370620585472415 0.09792646238404809 0.12356171672898478 0.19899267412129504 0.3074778115682688
-1.0 -1.0 -1.0 -1.0 -1.0 -1.0 -1.0 -1.0 -1.0 -1.0 -1.0 -1.0 -1.0 -1.0 -1.0 -1.0 -1.0 -1.0 -1.0 -1.0 -1.0 -1.0 -1.0 -1.0 -1.0 -1.0 0.1938866701148016 0.45950234890067065 0.027804480087020973 -1.0 -1.0 -1.0 0.30574167781978345 0.649958995261853 0.7255225783687348 1.0 0.9442308615182813 0.9444441482129241 1.0 1.0 1.0 1.0 1.0 1.0 1.0 0.9724200558987124 0.9447339488565433 1.0 1.0 1.0 1.0 1.0 1.0 1.0 1.0 1.0 1.0 1.0 1.0 0.9724200566931968 0.9444688369722688 0.5359858444550943 0.18191627204005292 0.11852676941441899 0.11497423593295887 0.33742249491847 0.16804075165912044 0.334475242363873 0.2791560802478292
-1.0 -1.0 -1.0 -1.0 -1.0 -1.0 -1.0 -1.0 -1.0 -1.0 -1.0 -1.0 -1.0 -1.0 -1.0 -1.0 -1.0 -1.0 -1.0 -1.0 -1.0 -1.0 -1.0 -1.0 -1.0 -1.0 -1.0 0.02764726969834358 0.41669390466349654 -1.0 -1.0 -1.0 -1.0 0.11069346182638677 0.3529510874476739 0.7222251510390857 0.8335546643133318 0.8611916535748553 1.0 1.0 0.9724176790430069 1.0 1.0 0.9722613708338905 1.0 1.0 0.9196217807685177 0.9722093352219476 1.0 1.0 1.0 1.0 1.0 1.0 1.0 1.0 1.0 1.0 1.0 1.0 0.8937842515170942 0.1432350780881437 0.11758161631382182 0.044106490791446164 0.16950480920939354 0.1803810058931112 0.3342741078317089 0.3348984093368776 0.33581513359787135
-1.0 -1.0 -1.0 -1.0 -1.0 -1.0 -1.0 -1.0 -1.0 -1.0 -1.0 -1.0 -1.0 -1.0 -1.0 -1.0 -1.0 -1.0 -1.0 -1.0 -1.0 -1.0 -1.0 -1.0 -1.0 -1.0 -1.0 -1.0 -1.0 -1.0 -1.0 -1.0 -1.0 -1.0 0.2210777824436367 0.6326898031024608 0.9164648578716263 1.0 1.0 1.0 1.0 1.0 0.9816102842904061 1.0 1.0 1.0 0.8340318136189582 1.0 0.9722108039008167 1.0 1.0 1.0 1.0 1.0 1.0 1.0 1.0 1.0 1.0 1.0 1.0 0.5574451674991975 0.11536638472154186 0.16857378894821828 0.16874875779897447 0.3064458174472471 0.3900177228066737 0.3351681934090647 0.3070088592360564
-1.0 -1.0 -1.0 -1.0 -1.0 -1.0 -1.0 -1.0 -1.0 -1.0 -1.0 -1.0 -1.0 -1.0 -1.0 -1.0 -1.0 -1.0 -1.0 -1.0 -1.0 -1.0 -1.0 -1.0 -1.0 -1.0 -1.0 -1.0 -1.0 -1.0 -1.0 -1.0 -1.0 -1.0 -1.0 0.27732464304682547 0.7591812118760755 0.9214866464968027 0.9204265909223797 0.9302012040544462 1.0 1.0 1.0 0.9772567325327407 1.0 0.9445246558943758 0.9724131524027996 0.8900544014376568 1.0 1.0 1.0 1.0 0.9866506987025645 1.0 1.0 1.0 1.0 1.0 1.0 1.0 1.0 0.7782997774593465 0.3066626363602707 0.1307151576957077 0.1694611344602769 0.2243895397212301 0.27897305359114866 0.3071626327907651 0.30686083080178206
-1.0 -1.0 -1.0 -1.0 -1.0 -1.0 -1.0 -1.0 -1.0 -1.0 -1.0 -1.0 -1.0 -1.0 -1.0 -1.0 -1.0 -1.0 -1.0 -1.0 -1.0 -1.0 -1.0 -1.0 -1.0 -1.0 -1.0 -1.0 -1.0 -1.0 -1.0 -1.0 -1.0 -1.0 0.3615816644051542 0.6121999245028924 0.45796065006945996 0.4254426275546287 0.7253080599392768 0.810773997465589 0.9459154528004173 0.8493123640181648 0.9831894471832322 1.0 1.0 1.0 1.0 1.0 0.9446240946197929 0.9473123550753791 0.7869325120643513 0.9465524875931279 0.845735320032562 0.972164215918918 1.0 1.0 1.0 1.0 1.0 1.0 1.0 0.9724109096540056 0.36710555850633314 0.19986088013072748 0.1453237641538717 0.17573069113166567 0.22669538390061644 0.2796336298255952 0.30686599534566456
-1.0 -1.0 -1.0 -1.0 -1.0 -1.0 -1.0 -1.0 -1.0 -1.0 -1.0 -1.0 -1.0 -1.0 -1.0 -1.0 -1.0 -1.0 -1.0 -1.0 -1.0 -1.0 -1.0 -1.0 -1.0 -1.0 -1.0 -1.0 -1.0 -1.0 -1.0 -1.0 -1.0 -1.0 -1.0 0.5244532987026306 0.8048515805997345 1.0 0.9446853185679458 0.8062598109236275 0.4842571810187699 0.6762264381874976 0.8892604020064576 0.928750611614709 0.9822315660050633 1.0 1.0 1.0 0.9724088316010804 0.9502440432349198 0.8614619330073097 1.0 0.742700999806976 0.9445749805486234 1.0 1.0 1.0 1.0 1.0 1.0 1.0 1.0 0.7506118981188133 0.41916051885798894 0.1971507924753776 0.2516917540245978 0.14481931374054505 0.2418443357660241 0.27937946922154
-1.0 -1.0 -1.0 -1.0 -1.0 -1.0 -1.0 -1.0 -1.0 -1.0 -1.0 -1.0 -1.0 -1.0 -1.0 -1.0 -1.0 -1.0 -1.0 -1.0 -1.0 -1.0 -1.0 -1.0 -1.0 -1.0 -1.0 -1.0 -1.0 -1.0 -1.0 -1.0 -1.0 -1.0 -1.0 -1.0 0.13838764785805627 0.5382020162451825 0.944443334398977 0.9186262678915182 0.7748431536408329 0.14689247639972003 0.5479702585569486 0.8333349984015346 0.9962534768568785 0.9721686172363577 1.0 0.9723112815633702 1.0 1.0 1.0 0.9119377848577339 0.9314500473887692 1.0 1.0 1.0 1.0 1.0 1.0 0.8628984661817231 1.0 1.0 0.8334395942062706 0.5285784605709113 0.2591447124449668 0.15534891688095798 0.11563163476206612 0.224686094726328 0.30625948728684194
-1.0 -1.0 -1.0 -1.0 -1.0 -1.0 -1.0 -1.0 -1.0 -1.0 -1.0 -1.0 -1.0 -1.0 -1.0 -1.0 -1.0 -1.0 -1.0 -1.0 -1.0 -1.0 -1.0 -1.0 -1.0 -1.0 -1.0 -1.0 -1.0 -1.0 -1.0 -1.0 -1.0 -1.0 -1.0 -1.0 -1.0 -1.0 0.22151863059214433 0.6883901943599717 0.9443676072129203 0.9164266484963794 0.5652050660384337 0.06795713396032431 0.21706939013659746 0.5053156603157949 0.6837425618947489 0.8888388650504704 0.9779706759324643 1.0 1.0 0.8074569961285468 0.9167456779166682 0.9721707020770983 0.9721707028138978 0.9721707022539384 1.0 0.9443880255061649 0.9721706992143879 0.972404573961733 0.9731645790262282 1.0 0.8894776232098618 0.529767131990177 0.2793820393926684 0.3079717166680033 0.25159922057139955 0.44500151751021066 0.4454702147917942
-1.0 -1.0 -1.0 -1.0 -1.0 -1.0 -1.0 -1.0 -1.0 -1.0 -1.0 -1.0 -1.0 -1.0 -1.0 -1.0 -1.0 -1.0 -1.0 -1.0 -1.0 -1.0 -1.0 -1.0 -1.0 -1.0 -1.0 -1.0 -1.0 -1.0 -1.0 -1.0 -1.0 -1.0 -1.0 -1.0 -1.0 -1.0 -1.0 -1.0 0.05541735197368421 0.7214422775689223 0.9721080043859649 0.7434252405576861 0.05953335290719209 0.14990608343819742 0.7984473214816636 1.0 0.9723563797043683 1.0 0.9721726671905183 0.7778861217058617 0.5838751645831889 0.8891955478481162 0.8910645727936645 0.9202525817799494 1.0 0.991843672025774 0.9460107184959113 0.9723563801625236 0.8953585090453909 0.9443911538834759 0.9721726678068674 0.9447588203416667 0.8339544684495446 0.39064561466947334 0.28069180431468504 0.25258992565353655 0.08584713690263863
-1.0 -1.0 -1.0 -1.0 -1.0 -1.0 -1.0 -1.0 -1.0 -1.0 -1.0 -1.0 -1.0 -1.0 -1.0 -1.0 -1.0 -1.0 -1.0 -1.0 -1.0 -1.0 -1.0 -1.0 -1.0 -1.0 -1.0 -1.0 -1.0 -1.0 -1.0 -1.0 -1.0 -1.0 -1.0 -1.0 -1.0 -1.0 -1.0 -1.0 -1.0 0.27814049526690027 0.557046985634469 0.6112460193977113 0.24990714454926358 0.4098557965651892 0.7042151263599314 1.0 0.9721746574176742 0.9722196857593857 0.7783893402576397 0.36354577837377616 0.4505575487163247 0.7239099340185877 0.6532587876973089 0.7337576441619172 0.8076998033356321 0.9721746575590532 0.958284186070101 0.9196123829546656 0.8061054294824346 0.8612788329552157 0.6606007222883498 0.9444844479339276 1.0 0.6122947154059386 0.30711786784899986 0.19753495141691502 0.0853727501247145
-1.0 -1.0 -1.0 -1.0 -1.0 -1.0 -1.0 -1.0 -1.0 -1.0 -1.0 -1.0 -1.0 -1.0 -1.0 -1.0 -1.0 -1.0 -1.0 -1.0 -1.0 -1.0 -1.0 -1.0 -1.0 -1.0 -1.0 -1.0 -1.0 -1.0 -1.0 -1.0 -1.0 -1.0 -1.0 -1.0 -1.0 -1.0 -1.0 -1.0 -1.0 0.11075493344469887 0.8818608602144327 1.0 1.0 0.944698035957259 0.7905711882940238 0.9011850100303861 0.9169734984627691 0.9443976928893457 0.44486350580127565 0.25244026542941395 0.34454510435537244 0.2619691619053065 0.2826419193217002 0.2847891641827142 0.41546242743155376 0.7918608677579342 1.0 0.9723096360900704 0.9171512514196678 0.6118478554040405 0.4746576254828814 0.9723540846952254 1.0 0.9722209744885157 0.2805545373894652 0.19790531530700398 0.018271373400920724
-1.0 -1.0 -1.0 -1.0 -1.0 -1.0 -1.0 -1.0 -1.0 -1.0 -1.0 -1.0 -1.0 -1.0 -1.0 -1.0 -1.0 -1.0 -1.0 -1.0 -1.0 -1.0 -1.0 -1.0 -1.0 -1.0 -1.0 -1.0 -1.0 -1.0 -1.0 -1.0 -1.0 -1.0 -1.0 -1.0 -1.0 -1.0 -1.0 -1.0 -1.0 -1.0 0.4153823762456485 0.972178578144758 0.9444441684649449 0.8897796615696018 0.6504068675610347 0.9762662773962094 0.8893241121981742 0.7544336975027858 0.4182722144790883 0.3398800330236518 0.30488595218136333 0.25258281715651587 0.2546359177186059 0.22841932649272836 0.22413660958265366 0.8338990836652883 1.0 1.0 1.0 0.7796981226342364 0.4480216033843901 0.916622651300608 0.8608928915491252 0.8891503250701833 0.307688041504118 0.22498980058487872 0.23504501270808
-1.0 -1.0 -1.0 -1.0 -1.0 -1.0 -1.0 -1.0 -1.0 -1.0 -1.0 -1.0 -1.0 -1.0 -1.0 -1.0 -1.0 -1.0 -1.0 -1.0 -1.0 -1.0 -1.0 -1.0 -1.0 -1.0 -1.0 -1.0 -1.0 -1.0 -1.0 -1.0 -1.0 -1.0 -1.0 -1.0 -1.0 -1.0 -1.0 -1.0 -1.0 -1.0 0.08614332724980303 0.7390614350610012 0.861458831080486 0.5536323323175094 0.9171842348703824 0.944532112422745 0.9723088743885172 0.37377148540019994 0.37294200576549386 0.4244529327891496 0.42231381600031165 0.3371711849178005 0.3398152161724593 0.5885100878918926 0.34849478235738807 0.6162890824079266 0.972223236163438 1.0 1.0 1.0 0.7214740555648169 0.7031775532085548 0.5562577381691679 0.5286135183573446 0.5143485091744081 0.3677996503586868 0.5839487246148388
-1.0 -1.0 -1.0 -1.0 -1.0 -1.0 -1.0 -1.0 -1.0 -1.0 -1.0 -1.0 -1.0 -1.0 -1.0 -1.0 -1.0 -1.0 -1.0 -1.0 -1.0 -1.0 -1.0 -1.0 -1.0 -1.0 -1.0 -1.0 -1.0 -1.0 -1.0 -1.0 -1.0 -1.0 -1.0 -1.0 -1.0 -1.0 -1.0 -1.0 -1.0 -1.0 -1.0 0.6555190225684756 0.8889164300356959 0.7677418281204169 1.0 0.972182352627232 0.9167150818987622 0.44629716216288157 0.32048103726603844 0.3360917527482232 0.3550207823602241 0.47672082663338716 0.5738206584685999 0.8064968871215913 0.43039625553516514 0.5903079706719836 0.5005013590764601 0.9721823530913486 1.0 1.0 0.7034425212809736 0.8893183359530822 0.8615846038497502 0.5626569078539883 0.7789955909181993 0.30723359096210684 0.3901569587125343
-1.0 -1.0 -1.0 -1.0 -1.0 -1.0 -1.0 -1.0 -1.0 -1.0 -1.0 -1.0 -1.0 -1.0 -1.0 -1.0 -1.0 -1.0 -1.0 -1.0 -1.0 -1.0 -1.0 -1.0 -1.0 -1.0 -1.0 -1.0 -1.0 -1.0 -1.0 -1.0 -1.0 -1.0 -1.0 -1.0 -1.0 -1.0 -1.0 -1.0 -1.0 -1.0 -1.0 0.9164801110083256 0.9027120137135871 0.5636458138136675 0.8349101346839002 0.9738925865452411 0.7312501025609334 0.48587465872041624 0.39473098891996533 0.45946416523020467 0.3541450451519709 0.3413640242884536 0.5885022651186291 0.7222960273038097 0.5288676224999999 0.5284530108686494 0.7802857418599687 1.0 1.0 1.0 0.9446577684510248 0.8889018028910476 0.8612512496014063 0.6436529722876755 0.36339537713527176 0.16995222240770472 0.22030711304014447
-1.0 -1.0 -1.0 -1.0 -1.0 -1.0 -1.0 -1.0 -1.0 -1.0 -1.0 -1.0 -1.0 -1.0 -1.0 -1.0 -1.0 -1.0 -1.0 -1.0 -1.0 -1.0 -1.0 -1.0 -1.0 -1.0 -1.0 -1.0 -1.0 -1.0 -1.0 -1.0 -1.0 -1.0 -1.0 -1.0 -1.0 -1.0 -1.0 -1.0 -1.0 -1.0 -1.0 0.9487065300089816 0.44258411369395656 0.29568150601483484 0.7591443038847886 0.9723891943293576 0.5569247456683092 0.529192131225896 0.5016217115702526 0.530084168448382 0.5569240950487212 0.41850409249738646 0.6426149721924147 0.6395537928312234 0.8066020908811048 0.7510144522474128 0.8893127418667994 0.9723891932337122 0.9722264443123151 0.9446968754921857 0.9446968761864823 0.83532720921137 0.6945724965247282 0.28125717364073577 0.1969730302984729 0.6127429023232485 1.0
-1.0 -1.0 -1.0 -1.0 -1.0 -1.0 -1.0 -1.0 -1.0 -1.0 -1.0 -1.0 -1.0 -1.0 -1.0 -1.0 -1.0 -1.0 -1.0 -1.0 -1.0 -1.0 -1.0 -1.0 -1.0 -1.0 -1.0 -1.0 -1.0 -1.0 -1.0 -1.0 -1.0 -1.0 -1.0 -1.0 -1.0 -1.0 -1.0 -1.0 -1.0 -1.0 0.09085253765938858 0.9744372202046568 0.43231730600322493 0.5437918346316476 1.0 0.9459850933309528 0.5123743753551581 0.6404765937833556 0.5844922737271275 0.5842514004034911 0.4741211581580498 0.8892695893803476 0.8611780579155539 0.4777389563491529 0.5565192671103069 0.5842524493298148 0.7513003974076593 1.0 1.0 0.9723874757644986 0.9723473915088547 0.8895098185823295 0.8066321622703915 0.5847718547741915 0.6399968222580761 0.8613370776099357 0.9172313251149793
-1.0 -1.0 -1.0 -1.0 -1.0 -1.0 -1.0 -1.0 -1.0 -1.0 -1.0 -1.0 -1.0 -1.0 -1.0 -1.0 -1.0 -1.0 -1.0 -1.0 -1.0 -1.0 -1.0 -1.0 -1.0 -1.0 -1.0 -1.0 -1.0 -1.0 -1.0 -1.0 -1.0 -1.0 -1.0 -1.0 -1.0 -1.0 -1.0 -1.0 -1.0 -1.0 0.2389596315673794 1.0 0.40097620863849653 0.8238060953157998 1.0 0.9169210803953091 0.42434583650897706 0.61666395906837 0.7227955879064002 0.611788583693983 0.7231495680663163 0.8064641898586271 0.6954171665637023 0.529377745539815 0.47293148596071993 0.5397170185403436 0.7224427875713457 0.9165681405509222 1.0 1.0 0.9723856983274853 0.9447320161669747 0.9445748541130297 0.8616534105160312 0.8336068203449871 0.7500569525815591 0.9172077543157988
-1.0 -1.0 -1.0 -1.0 -1.0 -1.0 -1.0 -1.0 -1.0 -1.0 -1.0 -1.0 -1.0 -1.0 -1.0 -1.0 -1.0 -1.0 -1.0 -1.0 -1.0 -1.0 -1.0 -1.0 -1.0 -1.0 -1.0 -1.0 -1.0 -1.0 -1.0 -1.0 -1.0 -1.0 -1.0 -1.0 -1.0 -1.0 -1.0 -1.0 -1.0 -1.0 0.32414664604142507 0.9808709910365938 0.8707976734071624 0.9447682423966768 1.0 0.9186151088311939 0.7553990745784854 0.6951053955211569 0.6674120448713433 0.6948736859198585 0.6670260553666362 0.5839861650646768 0.5566007875135082 0.5288688350683738 0.39086651929161415 0.1946053244320509 0.5237610499601529 0.777760458336243 0.9445364448148957 0.9721911943232245 0.9189608628692884 0.8887647744695781 0.8613410701556993 0.8061865610190606 0.6459648318183604 0.4674472114101371 0.7519644390906116
