Model Version1.4/trunk/output/2010/fnat.asc
ncols 720
nrows 360
xllcorner -180
yllcorner -90
cellsize 0.5
NODATA_value -1
[rows 62 to 92 of 360, columns 207 to 275 of 720]
1.0 1.0 1.0 1.0 1.0 1.0 1.0 1.0 1.0 1.0 1.0 1.0 0.8890216133487625 0.6950116341284358 0.8066557168987271 0.8066557168987271 0.19514352906043525 -1.0 -1.0 0.1394546268991004 0.6126432490947777 0.8335324200231439 1.0 1.0 1.0 1.0 0.8061206714198614 0.11124466509885898 -1.0 -1.0 -1.0 -1.0 -1.0 -1.0 -1.0 -1.0 -1.0 -1.0 -1.0 -1.0 -1.0 -1.0 -1.0 -1.0 -1.0 -1.0 -1.0 -1.0 -1.0 -1.0 -1.0 -1.0 -1.0 -1.0 -1.0 -1.0 -1.0 -1.0 -1.0 -1.0 -1.0 -1.0 -1.0 -1.0 -1.0 -1.0 -1.0 -1.0 -1.0
1.0 1.0 1.0 1.0 1.0 1.0 1.0 1.0 1.0 1.0 1.0 1.0 1.0 1.0 1.0 0.9720618993001674 0.8886953428320831 0.6122228423874043 0.6958519127325364 0.9723869748955771 1.0 1.0 1.0 1.0 1.0 1.0 0.8888916148896889 0.8057887989990125 0.055881966891357285 -1.0 -1.0 -1.0 -1.0 -1.0 -1.0 -1.0 -1.0 -1.0 -1.0 -1.0 -1.0 -1.0 -1.0 -1.0 -1.0 -1.0 -1.0 -1.0 -1.0 -1.0 -1.0 -1.0 -1.0 -1.0 -1.0 -1.0 -1.0 -1.0 -1.0 -1.0 -1.0 -1.0 -1.0 -1.0 -1.0 -1.0 -1.0 -1.0 -1.0
1.0 1.0 1.0 1.0 1.0 1.0 1.0 1.0 1.0 1.0 1.0 1.0 1.0 1.0 0.9169549754433504 0.9723828417971113 1.0 1.0 1.0 1.0 1.0 1.0 1.0 1.0 1.0 1.0 1.0 1.0 0.8614666247308446 0.22254312534778506 -1.0 -1.0 -1.0 -1.0 -1.0 -1.0 -1.0 -1.0 -1.0 -1.0 -1.0 -1.0 -1.0 -1.0 -1.0 -1.0 -1.0 -1.0 -1.0 -1.0 -1.0 -1.0 -1.0 -1.0 -1.0 -1.0 -1.0 -1.0 -1.0 -1.0 -1.0 -1.0 -1.0 -1.0 -1.0 -1.0 -1.0 -1.0 -1.0
1.0 1.0 1.0 1.0 1.0 1.0 1.0 1.0 1.0 1.0 1.0 1.0 1.0 1.0 1.0 1.0 1.0 1.0 1.0 1.0 1.0 1.0 1.0 1.0 1.0 1.0 1.0 1.0 0.8895193093614457 0.5841169837661757 0.08374111793237995 -1.0 -1.0 -1.0 -1.0 -1.0 -1.0 -1.0 -1.0 -1.0 -1.0 -1.0 -1.0 -1.0 -1.0 -1.0 -1.0 -1.0 -1.0 -1.0 -1.0 -1.0 -1.0 -1.0 -1.0 -1.0 -1.0 -1.0 -1.0 -1.0 -1.0 -1.0 -1.0 -1.0 -1.0 -1.0 -1.0 -1.0 -1.0
1.0 1.0 1.0 1.0 1.0 1.0 1.0 1.0 1.0 1.0 1.0 1.0 1.0 1.0 1.0 1.0 1.0 1.0 1.0 1.0 1.0 1.0 1.0 1.0 1.0 1.0 1.0 1.0 1.0 0.6938015069460796 0.13898163409465505 -1.0 -1.0 -1.0 -1.0 -1.0 -1.0 -1.0 -1.0 -1.0 -1.0 -1.0 -1.0 -1.0 -1.0 -1.0 -1.0 -1.0 -1.0 -1.0 -1.0 -1.0 -1.0 -1.0 -1.0 -1.0 -1.0 -1.0 -1.0 -1.0 -1.0 -1.0 -1.0 -1.0 -1.0 -1.0 -1.0 -1.0 -1.0
1.0 1.0 1.0 1.0 1.0 1.0 1.0 1.0 1.0 1.0 1.0 1.0 1.0 1.0 1.0 1.0 1.0 1.0 1.0 1.0 1.0 1.0 1.0 1.0 1.0 1.0 1.0 1.0 1.0 0.6954425305719348 0.2231893571905772 0.02777779068754176 -1.0 -1.0 -1.0 -1.0 -1.0 -1.0 -1.0 -1.0 -1.0 -1.0 -1.0 -1.0 -1.0 -1.0 -1.0 -1.0 -1.0 -1.0 -1.0 -1.0 -1.0 -1.0 -1.0 -1.0 -1.0 -1.0 -1.0 -1.0 -1.0 -1.0 -1.0 -1.0 -1.0 -1.0 -1.0 -1.0 -1.0
1.0 1.0 1.0 1.0 1.0 1.0 1.0 1.0 1.0 1.0 1.0 1.0 1.0 1.0 1.0 1.0 1.0 1.0 1.0 1.0 1.0 1.0 1.0 1.0 1.0 1.0 1.0 1.0 1.0 1.0 0.8893604087695052 0.6124775629813565 0.11128875941207843 -1.0 -1.0 -1.0 -1.0 -1.0 -1.0 -1.0 -1.0 -1.0 -1.0 -1.0 -1.0 -1.0 -1.0 -1.0 -1.0 -1.0 -1.0 -1.0 -1.0 -1.0 -1.0 -1.0 -1.0 -1.0 -1.0 -1.0 -1.0 -1.0 -1.0 -1.0 -1.0 -1.0 -1.0 -1.0 -1.0
1.0 1.0 1.0 1.0 1.0 1.0 1.0 1.0 1.0 1.0 1.0 1.0 1.0 1.0 1.0 1.0 1.0 1.0 1.0 1.0 1.0 1.0 1.0 1.0 1.0 1.0 1.0 1.0 1.0 1.0 1.0 1.0 0.5840038504006115 0.41803516321734946 0.2788839500580391 -1.0 -1.0 -1.0 -1.0 -1.0 -1.0 -1.0 -1.0 -1.0 -1.0 -1.0 -1.0 -1.0 -1.0 -1.0 -1.0 -1.0 -1.0 -1.0 -1.0 -1.0 -1.0 -1.0 -1.0 -1.0 -1.0 -1.0 -1.0 -1.0 -1.0 -1.0 -1.0 -1.0 -1.0
1.0 1.0 1.0 1.0 1.0 1.0 1.0 1.0 1.0 1.0 1.0 1.0 1.0 1.0 1.0 1.0 1.0 1.0 1.0 1.0 1.0 1.0 1.0 1.0 1.0 1.0 1.0 1.0 1.0 1.0 1.0 1.0 1.0 0.917039481042389 1.0 0.6956716250978637 0.5847332513141706 0.5013136114528577 0.08370428363717705 -1.0 -1.0 -1.0 -1.0 -1.0 -1.0 -1.0 -1.0 -1.0 -1.0 -1.0 -1.0 -1.0 -1.0 -1.0 -1.0 -1.0 -1.0 -1.0 -1.0 -1.0 -1.0 -1.0 -1.0 -1.0 -1.0 -1.0 -1.0 -1.0 -1.0
1.0 1.0 1.0 1.0 1.0 1.0 1.0 1.0 1.0 1.0 1.0 1.0 1.0 1.0 1.0 1.0 1.0 1.0 1.0 1.0 1.0 1.0 1.0 1.0 1.0 1.0 1.0 1.0 1.0 1.0 1.0 1.0 1.0 1.0 1.0 1.0 0.861027173642837 0.555891305428652 0.16711541754824027 -1.0 -1.0 -1.0 -1.0 -1.0 -1.0 -1.0 -1.0 -1.0 -1.0 -1.0 -1.0 -1.0 -1.0 -1.0 -1.0 -1.0 -1.0 -1.0 -1.0 -1.0 -1.0 -1.0 -1.0 -1.0 -1.0 -1.0 -1.0 -1.0 -1.0
1.0 1.0 1.0 1.0 1.0 1.0 1.0 1.0 1.0 1.0 1.0 1.0 1.0 1.0 1.0 1.0 1.0 1.0 1.0 1.0 1.0 1.0 1.0 1.0 1.0 1.0 1.0 1.0 1.0 1.0 1.0 1.0 1.0 1.0 1.0 1.0 1.0 1.0 0.6665593205536876 0.5569898694380158 0.19529824025151743 -1.0 -1.0 -1.0 -1.0 -1.0 -1.0 -1.0 -1.0 -1.0 -1.0 -1.0 -1.0 -1.0 -1.0 -1.0 -1.0 -1.0 -1.0 -1.0 -1.0 -1.0 -1.0 -1.0 -1.0 -1.0 -1.0 -1.0 -1.0
1.0 1.0 1.0 1.0 1.0 1.0 1.0 1.0 1.0 1.0 1.0 1.0 1.0 1.0 1.0 1.0 1.0 1.0 1.0 1.0 1.0 1.0 1.0 1.0 1.0 1.0 1.0 1.0 1.0 1.0 1.0 1.0 1.0 1.0 1.0 1.0 1.0 1.0 1.0 1.0 0.9723543817630622 0.30558198746372356 -1.0 -1.0 -1.0 -1.0 -1.0 -1.0 -1.0 -1.0 -1.0 -1.0 -1.0 -1.0 -1.0 -1.0 -1.0 -1.0 -1.0 -1.0 -1.0 -1.0 -1.0 -1.0 -1.0 -1.0 -1.0 -1.0 -1.0
1.0 1.0 1.0 1.0 1.0 1.0 1.0 1.0 1.0 1.0 1.0 1.0 1.0 1.0 1.0 1.0 1.0 1.0 1.0 1.0 1.0 1.0 1.0 1.0 1.0 1.0 1.0 1.0 1.0 1.0 1.0 1.0 1.0 1.0 1.0 1.0 1.0 1.0 1.0 1.0 0.9163222975242747 0.11089895009624563 -1.0 -1.0 -1.0 -1.0 -1.0 -1.0 -1.0 -1.0 -1.0 -1.0 -1.0 -1.0 -1.0 -1.0 -1.0 -1.0 -1.0 -1.0 -1.0 -1.0 -1.0 -1.0 -1.0 -1.0 -1.0 -1.0 -1.0
1.0 1.0 1.0 1.0 1.0 1.0 1.0 1.0 1.0 1.0 1.0 1.0 1.0 1.0 1.0 1.0 1.0 1.0 1.0 1.0 0.9804978222702331 1.0 1.0 1.0 1.0 1.0 1.0 1.0 1.0 1.0 1.0 1.0 1.0 1.0 1.0 1.0 1.0 1.0 1.0 1.0 1.0 0.5555549697921829 -1.0 -1.0 -1.0 -1.0 -1.0 -1.0 -1.0 -1.0 -1.0 -1.0 -1.0 -1.0 -1.0 -1.0 -1.0 -1.0 -1.0 -1.0 -1.0 -1.0 -1.0 -1.0 -1.0 -1.0 -1.0 -1.0 -1.0
1.0 1.0 1.0 1.0 1.0 1.0 1.0 1.0 1.0 1.0 1.0 1.0 1.0 1.0 1.0 1.0 0.995525688563927 1.0 1.0 1.0 1.0 1.0 1.0 1.0 1.0 0.9768486634081284 1.0 1.0 1.0 1.0 1.0 1.0 1.0 1.0 1.0 1.0 1.0 1.0 1.0 0.9163317119963298 0.47091498668001275 0.1669221184775072 0.05560664591772367 -1.0 -1.0 -1.0 -1.0 -1.0 -1.0 -1.0 -1.0 -1.0 -1.0 -1.0 -1.0 -1.0 -1.0 -1.0 -1.0 -1.0 -1.0 -1.0 -1.0 -1.0 -1.0 -1.0 -1.0 -1.0 -1.0
1.0 1.0 1.0 1.0 1.0 1.0 1.0 1.0 1.0 1.0 1.0 1.0 1.0 1.0 1.0 1.0 0.9977890251536372 1.0 1.0 1.0 1.0 1.0 1.0 1.0 1.0 1.0 1.0 1.0 1.0 1.0 1.0 1.0 1.0 1.0 1.0 0.8049274749526898 0.49869130060381683 0.2213156089989842 0.11060727158348503 0.40678436872861384 0.813533650782272 0.2970415874893257 0.027651817895871258 -1.0 -1.0 -1.0 -1.0 -1.0 -1.0 -1.0 -1.0 -1.0 -1.0 -1.0 -1.0 -1.0 -1.0 -1.0 -1.0 -1.0 -1.0 -1.0 -1.0 -1.0 -1.0 -1.0 -1.0 -1.0 -1.0
1.0 1.0 1.0 1.0 1.0 1.0 1.0 1.0 1.0 1.0 1.0 1.0 1.0 1.0 1.0 1.0 1.0 1.0 1.0 1.0 1.0 1.0 1.0 1.0 1.0 1.0 1.0 1.0 1.0 1.0 1.0 1.0 1.0 1.0 0.6378281318546782 0.055357744064805085 -1.0 -1.0 0.3434391984303701 0.9751698184271232 0.7738008241211315 0.13506349908632181 -1.0 -1.0 -1.0 -1.0 -1.0 -1.0 -1.0 -1.0 -1.0 -1.0 -1.0 -1.0 -1.0 -1.0 -1.0 -1.0 -1.0 -1.0 -1.0 -1.0 -1.0 -1.0 -1.0 -1.0 -1.0 -1.0 -1.0
1.0 1.0 1.0 1.0 1.0 1.0 1.0 1.0 0.9737230780404847 1.0 0.9931637232763186 1.0 1.0 1.0 0.9916644375586927 1.0 1.0 1.0 1.0 0.8447028938977668 0.5446621502396551 0.4753707071281815 0.4437313565448558 0.47682800000301123 0.3790078291300209 0.4709946045737929 0.49868716592385465 0.49868716592385465 0.49868716592385465 0.6272462277066352 0.6376961553797932 0.6098949631790673 0.5264913865768899 0.24919771250902228 -1.0 -1.0 -1.0 0.14300456451614876 1.0 0.8510467615789212 0.2307409614757539 -1.0 -1.0 -1.0 -1.0 -1.0 -1.0 -1.0 -1.0 -1.0 -1.0 -1.0 -1.0 -1.0 -1.0 -1.0 -1.0 -1.0 -1.0 -1.0 -1.0 -1.0 -1.0 -1.0 -1.0 -1.0 -1.0 -1.0 -1.0
1.0 1.0 1.0 1.0 1.0 1.0 0.9728057066650501 1.0 1.0 0.976527384098844 0.9817686522250954 0.9723589347909007 0.998050251775567 1.0 0.9927385707798028 1.0 1.0 1.0 0.7153959699221986 0.027658347985933505 -1.0 -1.0 -1.0 -1.0 0.2769397871954289 0.5282328964194374 0.5786997981731504 0.3065811820652174 0.027896968909846546 -1.0 -1.0 -1.0 -1.0 -1.0 -1.0 -1.0 -1.0 0.6915522248072801 1.0 0.6871571791599015 0.799265812843871 0.23082914221689432 -1.0 0.020795347512887082 0.10124624936684992 -1.0 -1.0 -1.0 -1.0 -1.0 -1.0 -1.0 -1.0 -1.0 -1.0 -1.0 -1.0 -1.0 -1.0 -1.0 -1.0 -1.0 -1.0 -1.0 -1.0 -1.0 -1.0 -1.0 -1.0
1.0 1.0 1.0 1.0 1.0 1.0 1.0 1.0 1.0 1.0 0.9856405009960927 1.0 1.0 0.9849919404067393 0.9722640522436966 0.8989252292688644 0.6080480467127146 0.41060233043911293 0.13359502199108045 0.059913487692248496 0.30181280401829047 0.44566275068233063 0.5012657727146869 0.24505428986281916 -1.0 0.05536766741821922 0.42286905107853834 0.6657489313976782 0.6739473121839099 0.2503050710019382 -1.0 -1.0 -1.0 -1.0 -1.0 -1.0 0.35501458120233587 0.9555355194150514 0.92218017399017 0.9941707209108163 0.9073144622931115 0.841764958450859 0.6060245144979481 0.7039057173818488 0.6066120295814132 0.4888151292848985 -1.0 -1.0 -1.0 -1.0 -1.0 -1.0 -1.0 -1.0 -1.0 -1.0 -1.0 -1.0 -1.0 -1.0 -1.0 -1.0 -1.0 -1.0 -1.0 -1.0 -1.0 -1.0 -1.0
1.0 1.0 1.0 0.994731115125926 1.0 1.0 1.0 0.8339543701722762 0.45547451829221647 0.6087265182665662 0.6682723200383336 1.0 1.0 0.9447127584751163 0.7925839492077517 0.18333690655311935 0.0 0.2234071540338347 0.6171588113763097 1.0 0.9722184864149146 0.9167013753846125 0.9166555566032571 0.899212923921592 0.3585553105380316 -1.0 -1.0 -1.0 -1.0 -1.0 -1.0 -1.0 -1.0 -1.0 0.03574412266595102 0.26629146337713805 1.0 0.9527921861327971 0.9874116446739167 0.9769833620479628 0.9725266676228259 0.9510816073617135 1.0 0.9551520106337424 0.7566943880093465 0.1812867187150939 0.11515192412424778 -1.0 -1.0 -1.0 -1.0 -1.0 -1.0 -1.0 -1.0 -1.0 -1.0 -1.0 -1.0 -1.0 -1.0 -1.0 -1.0 -1.0 -1.0 -1.0 -1.0 -1.0 -1.0
1.0 1.0 0.9904829069283898 1.0 1.0 1.0 1.0 1.0 0.8592753121561154 0.7866621577114515 0.7226160019977445 0.8703339117341223 1.0 0.774434702442165 0.1107056583416251 0.5009218378962785 0.7523866018308105 0.8619116063104012 0.8348746168215423 0.9587718521747564 0.718814527683104 0.6762373330895065 0.7712402049206006 0.4662120216854125 0.04924414415304741 -1.0 -1.0 -1.0 -1.0 -1.0 -1.0 -1.0 -1.0 -1.0 0.08344651088394818 0.5292824688300373 0.9589972345466323 1.0 0.9797861981458662 0.9840645818921383 0.9724996998075426 1.0 0.9733351749582775 0.9490940942881306 0.8738809087350947 0.7369009344425604 0.21570530269216687 0.022304198504598565 -1.0 -1.0 -1.0 -1.0 -1.0 -1.0 -1.0 -1.0 -1.0 -1.0 -1.0 -1.0 -1.0 -1.0 -1.0 -1.0 -1.0 -1.0 -1.0 -1.0 -1.0
1.0 1.0 1.0 1.0 0.9854658865205711 1.0 0.9769292408292796 0.9726564040725711 0.9746157167328674 0.9733074119523207 1.0 1.0 0.7963346783487402 0.21602213410864754 0.5643281425059999 0.7542945370922935 1.0 1.0 0.8897869986262709 0.9474157965362714 0.8261379415104092 0.2884210247492909 0.27975084745551304 0.045480684253190476 -1.0 -1.0 -1.0 -1.0 -1.0 -1.0 -1.0 -1.0 -1.0 -1.0 0.5828209079170327 0.7939932221883249 0.6821604435564202 0.7553179433323722 0.8226105619087163 0.8606010858138564 0.7587531917689224 0.8945368468047812 0.7170875563123313 0.8823280126394757 0.6103510823482917 0.3135247820061348 0.42530874142264 0.0770797306917967 -1.0 -1.0 -1.0 -1.0 -1.0 -1.0 -1.0 -1.0 -1.0 -1.0 -1.0 -1.0 -1.0 -1.0 -1.0 -1.0 -1.0 -1.0 -1.0 -1.0 -1.0
1.0 1.0 1.0 1.0 0.9769663269472612 0.9527782464498681 0.9722220356673482 0.9488808635378495 1.0 1.0 1.0 0.7190284770708553 0.33397163944056996 0.8061217814570655 0.8895863361328578 0.8624014597519323 0.6815473145351312 0.6984102884087265 0.9447494232291396 0.9721785782791985 0.9523228147419678 0.842897182911214 0.5449949810364326 0.028761587869218903 -1.0 -1.0 -1.0 -1.0 -1.0 0.03465378823495357 -1.0 -1.0 -1.0 -1.0 -1.0 -1.0 -1.0 -1.0 -1.0 -1.0 0.05577416839422584 0.09977291852688536 0.5849650437534565 0.24637520199401727 0.10433231139194957 0.6120336211960976 0.8117882783098538 0.14599352150308276 -1.0 -1.0 -1.0 -1.0 -1.0 -1.0 -1.0 -1.0 -1.0 -1.0 -1.0 -1.0 -1.0 -1.0 -1.0 -1.0 -1.0 -1.0 -1.0 -1.0 -1.0
0.977399172483696 0.9097450892254096 0.8474235568785004 0.9721805132953664 1.0 0.9042158059022568 0.9749272708565627 0.7080250042819389 0.4469980504652785 0.28174468953868087 0.17761236516151613 0.3382208379800262 0.6953038291322718 0.9170554036016534 1.0 1.0 0.8163582949178203 0.39554611146607593 0.8896648499795495 1.0 0.9722836793012908 0.897730684829023 0.7506955674081752 0.1048010901526122 0.05338690457822797 0.005012984659550583 -1.0 -1.0 -1.0 -1.0 0.018623701449120077 0.6684267108943238 0.15568421683060954 -1.0 -1.0 -1.0 -1.0 -1.0 -1.0 -1.0 0.0554697730505808 0.07429209453188346 0.0 -1.0 0.0 0.09246639183808039 0.46757896781525154 0.0 -1.0 -1.0 -1.0 -1.0 -1.0 -1.0 -1.0 -1.0 -1.0 -1.0 -1.0 -1.0 -1.0 -1.0 -1.0 -1.0 -1.0 -1.0 -1.0 -1.0 -1.0
0.9722243596095689 0.8745496046634242 0.9169678633852041 0.7792236753868905 0.8649850264830952 0.7514501647781434 0.24488403405786766 0.20433585114169295 0.12237758726520642 0.4802546477794353 0.5350410871967713 0.3668302551790593 0.6403618069930506 1.0 0.983103452731791 1.0 0.9721823516606102 0.34717649541056755 0.6951292350331694 0.8642369827611293 0.9586787042098976 0.8998322253972801 0.7786004272181276 0.34110475402644813 0.1577899192407463 0.06082184822512673 0.019597048282810153 0.021866927657284804 0.0 -1.0 0.5037360633121936 0.9186198124172795 0.1896650966757662 0.017871775551582866 -1.0 -1.0 -1.0 -1.0 -1.0 -1.0 -1.0 -1.0 -1.0 -1.0 -1.0 -1.0 -1.0 -1.0 -1.0 -1.0 -1.0 -1.0 -1.0 -1.0 -1.0 -1.0 -1.0 -1.0 -1.0 -1.0 -1.0 -1.0 -1.0 -1.0 -1.0 -1.0 -1.0 -1.0 -1.0
0.6577545827544106 0.5924604212256165 0.5572857831556844 0.57577176661597 0.2349274815014712 0.2811263001578979 0.11820308528107898 0.043436735159430015 0.3989485022331147 0.6128426749748357 0.7498607772247973 0.6719224313637526 0.9723910262031592 0.9919629506112114 1.0 1.0 0.9723910269991773 0.9751153093702876 0.7902451893320073 0.5461657502623114 0.6724244125180866 0.7292986664267969 0.7797604065353748 0.5759422745609185 0.6267138508424848 0.5962210512643782 0.41602633400142486 0.1877882754801839 0.13339910647382033 0.0189341759134623 0.7488177572394162 0.7236229144290433 0.44078889785651243 0.04062302045952959 -1.0 -1.0 -1.0 -1.0 -1.0 -1.0 -1.0 -1.0 -1.0 -1.0 -1.0 -1.0 -1.0 -1.0 -1.0 -1.0 -1.0 -1.0 -1.0 -1.0 -1.0 -1.0 -1.0 -1.0 -1.0 -1.0 -1.0 -1.0 -1.0 -1.0 -1.0 -1.0 -1.0 -1.0 -1.0
0.17977364274897897 0.14975651576632934 0.035481356418595844 0.08940290519295291 0.18865168368557522 0.22938781242417397 0.08412826793002252 0.3250642494280438 0.6256529507086265 0.32825157827895973 1.0 0.9811326374024975 1.0 1.0 0.9727053436331743 1.0 1.0 0.9819736126085152 0.8699772978407463 0.7517480084278438 0.4733906129564374 0.33128741145768925 0.0876597741193567 0.1424615130070603 0.3548637386416764 0.6423396121737173 0.5762120275178204 0.7786772108668281 0.9229906758142092 0.7498763513224086 0.23095581486051758 -1.0 -1.0 -1.0 -1.0 -1.0 -1.0 -1.0 -1.0 -1.0 -1.0 -1.0 -1.0 -1.0 -1.0 -1.0 -1.0 -1.0 -1.0 -1.0 -1.0 -1.0 -1.0 -1.0 -1.0 -1.0 -1.0 -1.0 -1.0 -1.0 -1.0 -1.0 -1.0 -1.0 -1.0 -1.0 -1.0 -1.0 -1.0
0.5515015210499493 0.1993810177515853 0.6829286538200021 0.82727277719925 0.6406765168576711 0.6399568670902094 0.7581282052199523 0.9190473091289569 0.9455413503007573 1.0 1.0 1.0 1.0 0.9730806892754555 0.9257909548795766 0.7724968658584134 0.972123250318124 0.972123250318124 0.5816455395023907 0.05559580076349755 -1.0 0.1647126131950741 0.7322006705422635 0.7600813649869747 0.8001844707174256 0.4890429669732083 0.4545160241095802 0.45421656984356185 0.1390378833169916 -1.0 -1.0 -1.0 -1.0 -1.0 -1.0 -1.0 -1.0 -1.0 -1.0 -1.0 -1.0 -1.0 -1.0 -1.0 -1.0 -1.0 -1.0 -1.0 -1.0 -1.0 -1.0 -1.0 -1.0 -1.0 -1.0 -1.0 -1.0 -1.0 -1.0 -1.0 -1.0 -1.0 -1.0 -1.0 -1.0 -1.0 -1.0 -1.0 -1.0
0.6881758969596682 1.0 0.9723463184883705 1.0 1.0 1.0 0.8214960083396369 1.0 1.0 1.0 1.0 0.9079593914241754 0.6758286074499633 0.8936823840132143 0.8489780328520538 0.22159235812287384 0.22171086128821502 0.027679320521774395 -1.0 -1.0 0.11583248514600457 0.8125271845309542 0.8964965867453824 0.7305420585849046 0.08569576790554062 0.0685187968016161 -1.0 -1.0 -1.0 -1.0 -1.0 -1.0 -1.0 -1.0 -1.0 -1.0 -1.0 -1.0 -1.0 -1.0 -1.0 -1.0 -1.0 -1.0 -1.0 -1.0 -1.0 -1.0 -1.0 -1.0 -1.0 -1.0 -1.0 -1.0 -1.0 -1.0 -1.0 -1.0 -1.0 -1.0 -1.0 -1.0 -1.0 -1.0 -1.0 -1.0 -1.0 -1.0 -1.0
1.0 0.8064953027551571 0.9446521664658549 1.0 1.0 1.0 0.8983159461622842 1.0 1.0 1.0 1.0 0.7401215448039593 0.3103872521770946 0.2529717288622851 0.08304261574342982 -1.0 -1.0 -1.0 -1.0 -1.0 0.0652485415006211 0.591681723649895 0.5833173451189112 0.14620215887358878 -1.0 -1.0 -1.0 -1.0 -1.0 -1.0 -1.0 -1.0 -1.0 -1.0 -1.0 -1.0 -1.0 -1.0 -1.0 -1.0 -1.0 -1.0 -1.0 -1.0 -1.0 -1.0 -1.0 -1.0 -1.0 -1.0 -1.0 -1.0 -1.0 -1.0 -1.0 -1.0 -1.0 -1.0 -1.0 -1.0 -1.0 -1.0 -1.0 -1.0 -1.0 -1.0 -1.0 -1.0 -1.0
