Model Version1.4/trunk/output/2010/fnup_max_sw.asc
ncols 720
nrows 360
xllcorner -180.0
yllcorner -90.0
cellsize 0.5
NODATA_value -9999.0
[rows 81 to 107 of 360, columns 180 to 239 of 720]
-9999.0 -9999.0 0.005247678032831358 -9999.0 -9999.0 -9999.0 -9999.0 -9999.0 9.439275449965442e-05 -9999.0 -9999.0 -9999.0 -9999.0 -9999.0 0.005668940344272263 0.003349657986066249 0.0001626194955055629 0.0067792897304351125 0.002739694954694607 -9999.0 -9999.0 -9999.0 -9999.0 -9999.0 -9999.0 -9999.0 -9999.0 -9999.0 -9999.0 -9999.0 -9999.0 -9999.0 -9999.0 -9999.0 -9999.0 -9999.0 -9999.0 -9999.0 -9999.0 -9999.0 -9999.0 0.004386795362195132 0.009568145859329212 0.0006710231441815385 -9999.0 -9999.0 0.0007411942170324742 -9999.0 -9999.0 -9999.0 -9999.0 -9999.0 -9999.0 -9999.0 -9999.0 -9999.0 -9999.0 -9999.0 -9999.0 -9999.0
0.003226712643009873 0.009529884305260958 0.018509243525363397 0.0035948985517925964 -9999.0 -9999.0 -9999.0 -9999.0 -9999.0 -9999.0 -9999.0 -9999.0 0.0017181743484018055 -9999.0 -9999.0 -9999.0 -9999.0 0.0026801243059295693 0.0250068106246456 0.014089313904957405 0.0014517743289773387 0.12281878715243245 0.011419438159470009 0.023744561303296483 0.003990055190938063 -9999.0 -9999.0 -9999.0 -9999.0 -9999.0 -9999.0 -9999.0 -9999.0 -9999.0 0.05007574693783698 0.14895938334186823 0.0673692987365229 0.036105341662758694 -9999.0 -9999.0 0.014920362389581021 0.0020335981491448364 3.909878588118134e-05 0.18162795928668737 0.1672026762184523 0.004405732579261239 -9999.0 7.034506567371673e-05 0.017807831530052245 0.006969764630340611 0.004032860625802381 0.0005285128955379393 -9999.0 -9999.0 -9999.0 -9999.0 -9999.0 -9999.0 -9999.0 -9999.0
0.05784902840828235 0.6083596985742683 -9999.0 -9999.0 -9999.0 -9999.0 -9999.0 -9999.0 -9999.0 -9999.0 0.0033010410979915066 -9999.0 -9999.0 -9999.0 -9999.0 -9999.0 -9999.0 0.009386491366041796 0.00012003556012775464 0.010429076949135176 -9999.0 0.04042236277400567 0.022480704675460705 0.030065833219976565 0.02562478144399346 0.0053129946800483455 -9999.0 -9999.0 -9999.0 -9999.0 -9999.0 -9999.0 -9999.0 -9999.0 -9999.0 0.007794315772414393 0.047671260375131246 0.05238983196770451 0.0318361795228805 -9999.0 0.002605000987919436 0.21920058636363468 0.012636978998702367 0.014891927898137581 0.00406908437017485 0.013543708103649974 9.800354900306373e-05 0.007837863668269324 0.009747113092035468 0.008215659122372005 0.0014308450956258005 0.023556752166268864 -9999.0 -9999.0 -9999.0 -9999.0 -9999.0 -9999.0 -9999.0 -9999.0
-9999.0 -9999.0 -9999.0 -9999.0 -9999.0 -9999.0 -9999.0 -9999.0 -9999.0 -9999.0 0.0017822249263333568 -9999.0 -9999.0 -9999.0 -9999.0 -9999.0 -9999.0 -9999.0 -9999.0 0.00785115542705216 0.3462642389315482 0.05790810988363034 0.0024904686828250765 0.0019482558888535813 -9999.0 -9999.0 -9999.0 -9999.0 -9999.0 -9999.0 -9999.0 0.00013600419008934106 -9999.0 0.00015581156923126093 0.000712474853496258 0.000150851976416552 0.0015914446871419013 -9999.0 -9999.0 0.01478144380734373 0.04120360068661186 0.0669316087041339 0.018178845479698644 -9999.0 -9999.0 0.016461780505353938 0.004104440313377927 0.006947984269598804 0.014583274305696062 0.015900740566572737 0.15104868067207594 -9999.0 -9999.0 -9999.0 -9999.0 -9999.0 -9999.0 -9999.0 -9999.0 -9999.0
-9999.0 -9999.0 -9999.0 -9999.0 -9999.0 -9999.0 -9999.0 -9999.0 -9999.0 -9999.0 -9999.0 -9999.0 -9999.0 -9999.0 -9999.0 -9999.0 -9999.0 -9999.0 -9999.0 0.00021147017321321697 0.010485253231213907 0.10909344275580256 0.002068228287522119 -9999.0 -9999.0 -9999.0 -9999.0 -9999.0 -9999.0 -9999.0 -9999.0 0.00014034651218328863 0.005181798242757182 0.005034729332331802 0.0014920774274938915 -9999.0 -9999.0 -9999.0 0.014748322667132982 0.04043274484400479 0.03270624353882063 0.015219197028146789 0.0038802456057851404 0.07323094838071645 0.046425315120600004 0.0041104013911616825 0.0005845334287251488 0.0029067306720679466 0.0034684368915935525 0.012656057288237868 0.005152013336550911 -9999.0 -9999.0 -9999.0 -9999.0 -9999.0 0.0016569750286848045 -9999.0 -9999.0 -9999.0
0.020122040767571323 -9999.0 -9999.0 -9999.0 0.019552291542920573 -9999.0 -9999.0 -9999.0 -9999.0 -9999.0 -0.001843720688641903 0.02119879381668733 -9999.0 -9999.0 -9999.0 -9999.0 -9999.0 0.12328472182728217 0.18710437314952322 0.001351335129261235 -9999.0 0.0004125820534323074 -9999.0 -9999.0 -9999.0 -9999.0 -9999.0 0.0005038210516683033 0.01291631721113398 0.020067305537913485 0.0012185466709945607 -9999.0 0.009861280232986729 0.006203899907128391 0.07590589930638061 0.17587616584061602 0.16927723433534597 0.32944226638713325 0.12736716651179517 0.010186507053212744 0.007940259279668536 -9999.0 -9999.0 0.09084140157082525 0.14183538940973342 0.004652533791941187 -9999.0 0.0017423701114218071 0.000859575388928638 0.002107103226992721 0.08294901857488533 0.0324676291125628 0.009792353117153528 -9999.0 -9999.0 -9999.0 -9999.0 2.906473316789132e-05 0.0018500967433158315 0.0012967215863974738
0.028574014844487825 0.020219833901926127 0.02462198070296848 0.002674076864528034 0.004583156098436264 -9999.0 -9999.0 0.008567511224284457 -9999.0 0.01033544416728762 0.020991197895902626 -0.1961066935336022 -0.05667908477303746 -0.013769749706019397 -0.10447383426719023 0.04120377852437977 0.034479999369422545 0.06726140527289268 0.10107437489115062 0.032114952265990517 0.015543572992834532 0.03810203338991472 0.002507580113290199 -9999.0 0.0001964225612717583 0.0001885486531738622 -9999.0 0.0018186255369046784 0.018835952938555174 0.0071060608329291085 0.01583889060359906 0.002062187426594115 0.07587994566299608 0.3716693137029139 0.4976098004808789 0.30335469382537184 0.1365912608494688 0.1014869565142283 0.1073505286767163 0.003743308510145795 -9999.0 0.002411027374231414 -9999.0 0.00012761810863173343 0.14754849547518506 0.016612133137345005 0.0046475587701644075 0.00047567377400837397 0.0025135457177429435 0.009849261066637926 0.46938620068316456 0.13942736460501173 0.038201781901324276 0.060358595074088535 0.07403093737190192 0.021746784545410635 -9999.0 0.004002668531822996 0.0012347962648516064 0.17091817832281198
0.09359962952245034 0.31044813712904745 -9999.0 0.025113000945146343 0.028820929014423787 0.18949244111019797 -9999.0 -9999.0 -9999.0 -9999.0 -0.024231126693066214 -9999.0 -9999.0 -9999.0 -9999.0 -9999.0 -9999.0 -9999.0 -0.0033951422996824684 0.014613542789896768 0.014269070574501838 0.012497239788385165 -9999.0 -9999.0 -9999.0 0.2377830117677916 0.3285679797777917 0.09804364086879451 0.11395378561316744 0.18503137622937996 0.10352618086013611 -3.3090590148062975 -0.13643628446406866 0.4881095764163024 2.295113812391541 0.28783900935094714 0.08948446719151455 0.025481822615671446 0.025169221889175385 0.0013067090463486047 0.0006214729348440471 -9999.0 -9999.0 0.0011181816576247437 0.0007232645982325551 0.0028794280162286745 0.24364039020035955 0.03768542292220752 0.02620327847284752 0.029878800043675626 0.012668726486440749 0.03006832700241578 0.01592644716798294 0.015638408445508747 0.0236321216519103 0.021823047702408116 0.1267455581901817 0.012969053923720043 0.009247399305930019 0.008183361502135797
-0.7721698690830545 -1.912750314262743 0.02309371500358443 0.13351695899433078 0.06589166877632771 -9999.0 -9999.0 -9999.0 -9999.0 -0.051910118348492074 -0.8282163226553034 -0.19810459717498619 -0.02564228810183289 -9999.0 -9999.0 -9999.0 -9999.0 -0.01498010987430117 -9999.0 -0.003554709037487722 0.01693584987281432 0.03641764986858934 0.0027112909304945927 7.04426329263447e-05 0.002267253184919346 0.0032519239495114424 0.0832258124888047 1.5137584834997102 -0.21253624049295639 0.21658566841433596 0.8627323481079211 1.0123526625854542 -0.46960021229773 -1.6260892485813252 0.2529036574418076 0.07886119486372989 0.16172895121826503 -9999.0 0.0009051387391276718 -9999.0 -9999.0 0.005119283903830228 -9999.0 -9999.0 0.0006652412354643378 0.0022503722795586874 0.004522904173005259 0.0025742705621380605 0.07437711842154802 0.0009875713193163915 0.04651699199950796 0.03481165552547784 0.01839422583882833 0.06007540501452907 0.01394369629999715 0.007205026937023984 0.005079330287415124 0.0037385342288372915 -9999.0 -9999.0
-0.1679050973702254 -0.607357188211885 -0.1827053032477814 -0.16183054411595615 -0.0720170424800534 -9999.0 -9999.0 -9999.0 0.5663045441685305 -0.21336324725625708 -9999.0 -0.15952340012536367 -0.06812801672492343 -9999.0 -9999.0 -9999.0 -9999.0 -0.4603853031028183 1.5634304187279298 -0.005647210444464042 0.3701475238229237 0.15142921781191793 0.16095511556686978 0.03328604817192126 0.02361912889834672 0.08555964757820773 0.04678440594607884 0.4531123409750799 0.3355788634675544 0.4577228908180137 0.04448275189488133 0.13646530367444806 0.1010253549793944 1.544163820886769 -0.0044032838246259864 0.0012029955236868533 -9999.0 -9999.0 -9999.0 -9999.0 0.00831998436373321 0.017473222399105596 0.023696902366578527 -9999.0 -9999.0 0.0012398363692382535 -9999.0 -9999.0 0.08815411419020304 0.021298753988000976 0.018552675595523 0.014739824316068791 0.18089255776672492 0.0077302255623614355 0.0006631101343677584 0.016593946292548015 -9999.0 -9999.0 -9999.0 -9999.0
-0.12781750909096298 -2.3826487930872435 -0.4411452314356333 -0.04963745126833315 -0.6138726841723494 -9999.0 -9999.0 0.15072796596115656 0.030810005910259553 -0.47805787027681174 -0.013875741017220954 -0.2043386727026863 -0.12608402789906487 -9999.0 -9999.0 -9999.0 -0.010626005412468238 1.0582959851926477 0.7579202090019437 1.381491590602808 -0.3608398322055246 -0.33301523082089307 3.1108432095317005 1.3275218979317742 0.5049747004129402 0.31338722377302447 0.26266399015097824 0.08915520052542865 -9999.0 0.004687941749871265 -9999.0 -9999.0 -9999.0 -8.643654064263005 -9999.0 -9999.0 -9999.0 -9999.0 0.00832242451128817 0.055522942761285284 0.013370288061913786 0.00962114059654981 -9999.0 -9999.0 -9999.0 -9999.0 -9999.0 0.05885261888469559 0.0006484500903653679 0.0006175615609419156 0.0029200217780596858 0.04563426167511839 0.006917049788250836 -9999.0 -9999.0 -9999.0 -9999.0 -9999.0 -9999.0 -9999.0
-0.5162109112411387 -2.1572888185021997 2.1228823013145646 -0.2828019538813589 -0.1486124014685687 -9999.0 -9999.0 0.28692368761778575 0.04428196426796141 0.10950797109226365 -0.29303599735150226 -0.3089632124164309 -9999.0 -0.13559199168808023 -0.08503060449414217 -9999.0 -0.36756175237672123 0.741331007994146 13.836961970398752 -0.5130294689006599 -0.03742828568489515 -0.0071646964592289916 -0.027428189623159183 -0.05093711744515355 -9999.0 0.1653823658733556 -9999.0 -9999.0 0.042999362146864666 0.009792636775897144 -9999.0 -9999.0 -9999.0 0.22680596542069495 -9999.0 -9999.0 -9999.0 -9999.0 0.03241790396859306 5.3809977359836605 0.0018802967426999715 -9999.0 -9999.0 -9999.0 -9999.0 -9999.0 -9999.0 0.04875399881452418 0.002133571855888618 0.0013719244523057008 0.0006282638690878862 -9999.0 -9999.0 -9999.0 -9999.0 -9999.0 -9999.0 -9999.0 -9999.0 -9999.0
-1.9422871289799657 -1.6801235543233475 21.329431497307386 -0.3167426703216293 -9999.0 -9999.0 -9999.0 -0.31281182011683156 0.7027779256789629 0.19894927161646633 0.4245243769509326 -0.9227317232670538 -0.14704755026110505 -0.6366681930433123 -0.2789148093108908 -0.017946110385151284 -1.6009245289430536 0.6159399115343259 -3.803440543948556 -0.16880353716426383 -0.060166609187470466 -0.02038359229402005 -0.11201066938302225 -0.2777772600750216 -0.04776213001157283 -1.6062291900257057 0.22249422822460785 0.31616718412754097 0.05836925093220333 0.0838218326078278 0.027299428637721668 0.005824884670326345 0.11752803279579899 0.1287427830517427 -9999.0 0.002629432369592599 0.009057644946467432 0.010502536006205284 0.06281045404489577 0.0006547068643381732 -9999.0 -9999.0 -9999.0 -9999.0 -9999.0 -9999.0 -9999.0 -9999.0 -9999.0 -9999.0 -9999.0 -9999.0 -9999.0 -9999.0 -9999.0 -9999.0 -9999.0 -9999.0 -9999.0 -9999.0
7.747488051679831 -1.4915721212526354 3.091003629882216 -1.748106815449301 -9999.0 -9999.0 -9999.0 -9999.0 1.5676070189733495 0.3303801214536341 -0.2651721737146703 -0.28596769589954785 -0.1708791778016435 -0.05750973893642699 -0.23259835830813438 0.12789926559010276 1.0906873544163205 -1.7105385521813683 0.39174293911424335 0.4352644168425208 -0.05117517898369759 -0.04817627297323555 -0.5024950426027311 -8.69528054898834 5.951157520009965 0.8670296840383726 0.38761359089818637 -1.0059675042169718 0.24452678048615586 0.32601159751506936 0.35799252139896676 0.15883837318548386 0.12327934290655046 0.11779563321511 0.02861593901275272 0.012758257453327544 0.2034746061935203 1.408369257813548 0.012924029564811333 -9999.0 -9999.0 -9999.0 -9999.0 -9999.0 -9999.0 -9999.0 -9999.0 -9999.0 -9999.0 -9999.0 -9999.0 -9999.0 -9999.0 -9999.0 -9999.0 -9999.0 -9999.0 -9999.0 -9999.0 -9999.0
0.44203084672577614 3.250118264527859 0.3358708653958344 -0.1504837150262969 -9999.0 -9999.0 -9999.0 -0.8382621709412915 -0.55534676480293 -0.8020867992693502 -3.3157505474848055 -0.30513376490133826 -0.2550605696745101 -0.18013323540442389 0.17810136570698817 0.12018823689380063 0.11218331233856917 -9999.0 -9999.0 -9999.0 -9999.0 0.1063621284450755 0.021926874889687475 0.19933848404230015 0.2303401719628994 0.38257270939843907 0.21525765513123798 0.17099765125043728 -9999.0 0.028370030058080434 0.031413887232846265 0.0024464529377532887 0.32364854094947915 0.028736211616220954 0.16076094827779716 0.21195192584789566 0.2726784125746106 -0.03933680319220474 0.00241810047723721 -9999.0 -9999.0 -9999.0 -9999.0 -9999.0 -9999.0 -9999.0 -9999.0 -9999.0 -9999.0 -9999.0 -9999.0 -9999.0 -9999.0 -9999.0 -9999.0 -9999.0 -9999.0 -9999.0 -9999.0 -9999.0
0.4372415347201651 0.49023143708925604 0.4477764096503541 2.355304973377337 -0.0032177401174228633 -9999.0 -0.6713737887945882 1.4784039869199443 -4.622122373790077 -1.3844765542696653 -56.13365172079451 0.3998740479974955 1.0653517640417256 -9999.0 -9999.0 -9999.0 -9999.0 -0.1566662139954686 -0.2588627918899185 -0.6067761763812467 0.04002559626727284 0.00016988105657200872 -9999.0 -9999.0 -9999.0 0.041513690813277465 0.06013334853270294 -9999.0 0.017099590269048354 -9999.0 0.0061920818805457495 0.15455296115399225 0.15956691290169092 0.07442600070036806 2.51850205232956 0.4107827783537211 0.1887972980555246 -0.30834513796869695 0.06779366483643735 0.006341162132328871 0.0006586251994333097 -9999.0 -9999.0 -9999.0 -9999.0 -9999.0 -9999.0 -9999.0 -9999.0 -9999.0 -9999.0 -9999.0 -9999.0 -9999.0 -9999.0 -9999.0 -9999.0 -9999.0 -9999.0 -9999.0
0.2806191881719156 0.6186223937611929 0.4638245673312247 0.2690781825514591 0.4416403977167143 -0.15345719559288695 -0.1613245531534782 1.9189585364965405 -1.0762835077653963 -2.3910592760167875 0.14135158630551706 0.06056076786712637 0.06369410648755645 0.08114879832920151 0.10781692440963009 0.19498540388559324 -0.09412721329593164 -0.2759029900288445 -0.2531186249396957 1.3320000059259645 0.09492808208548449 -9999.0 -9999.0 -9999.0 0.00016595852065163822 0.09264309108714447 0.30235399433558013 0.07992763357265918 0.051550200300665795 0.02017014907544313 0.07065508676481831 0.1386804634989907 0.011502870898265237 0.18322944260545374 0.06852106764810657 0.009170531907002306 0.035407660708273794 0.0013705838541934554 0.0066396863362609745 5.1753114065123683e-05 -9999.0 -9999.0 -9999.0 -9999.0 -9999.0 -9999.0 -9999.0 -9999.0 -9999.0 -9999.0 -9999.0 -9999.0 -9999.0 -9999.0 -9999.0 -9999.0 -9999.0 -9999.0 -9999.0 -9999.0
1.4800362051973919 0.40250272615369187 0.2779311767196241 0.263603679028727 2.155845144310071 -0.3322257527866328 -0.4572184255927232 0.6399019115598672 0.4261500328445347 0.3956165002850595 0.11555121736610403 0.10603178834444162 0.09882461806043207 0.11774154306764037 0.14877586709863835 0.33971808114165664 -9.366148176043522 -0.43741404345266377 -0.45212029608943793 -0.683345123852341 -1.2556880209778136 -1.5820522683493148 -19.554100293112405 0.0018865718340227012 0.4243472379086359 0.9162763648469687 0.7516163472088595 0.13817283943447692 0.2656039365427012 0.348676695915599 0.33532824235165676 -0.0037833892237595763 -9999.0 3.321074372386816e-05 0.010171137935523175 0.011363540624665337 -9999.0 -9999.0 -9999.0 -9999.0 -9999.0 -9999.0 -9999.0 -9999.0 -9999.0 -9999.0 -9999.0 -9999.0 -9999.0 -9999.0 -9999.0 -9999.0 -9999.0 -9999.0 -9999.0 -9999.0 -9999.0 -9999.0 -9999.0 -9999.0
0.33132738103777587 13.399507063733987 0.49508753248620696 0.348103606850458 1.8024693129407194 -0.8156767357422274 1.177110495751081 0.6622764364028978 0.6033034606984844 -0.41923260734704576 -1.1204610478770778 0.41347084202636836 0.20566214633532545 0.1306280136115723 0.651461757006481 0.5636353554868019 0.13201521868157795 0.04849717078109114 -0.5379391367638845 -2.2532095144018918 -0.30485559834026876 4.430209830917666 1.8882751168562961 1.1384466317659703 2.816380428108461 0.549495984231076 0.5377879242371892 0.7034173279188338 0.581798772822095 -0.8019073269851854 -0.21455980462803748 0.159517222511905 -9999.0 -9999.0 -9999.0 -9999.0 -9999.0 -9999.0 -9999.0 -9999.0 -9999.0 -9999.0 -9999.0 -9999.0 -9999.0 -9999.0 -9999.0 -9999.0 -9999.0 -9999.0 -9999.0 -9999.0 -9999.0 -9999.0 -9999.0 -9999.0 -9999.0 -9999.0 -9999.0 -9999.0
0.2829206048238814 0.614938027286107 0.24868525569320707 0.4366301070540296 0.23418020509904022 -1.1351289319204156 -1.449796119629904 -0.12812192128604633 1.8328050051124418 1.1633581289697852 0.5527666968761534 -1.9210588087972564 0.33636841759871433 0.1425820737477816 0.6749004426042103 0.4685545571708779 0.15528534632437233 0.1444214289103125 0.0998751770772611 -5.481187998397294 -0.5503158231008694 0.24727810553460447 -1.5385832762236695 -0.6682132851567413 1.863432475618644 2.4598398858989476 -7.721659581475888 -1.725568944870284 -2.5271617541547915 -0.08949202999205287 0.24604481872168413 0.003924892402647246 -9999.0 -9999.0 -9999.0 -9999.0 -9999.0 -9999.0 -9999.0 -9999.0 -9999.0 -9999.0 -9999.0 -9999.0 -9999.0 -9999.0 -9999.0 -9999.0 -9999.0 -9999.0 -9999.0 -9999.0 -9999.0 -9999.0 -9999.0 -9999.0 -9999.0 -9999.0 -9999.0 -9999.0
-0.3278988691785086 -0.5299650738435139 -0.5520296676968736 -0.3709638830861348 1.6910218040924747 -0.5428496969860224 -0.34387100924191455 -0.4164823045668511 -0.5091449915202975 -1.416819992859964 -0.39729466790859375 -0.27560068496254464 -3.4551414529375535 5.9182459480922 13.696342932349696 -0.43671186040612664 -5.952028060568701 0.1667041429707984 -9999.0 0.22115959503478239 0.00029281577024916234 0.04721377355471048 0.20015227975605993 -0.4619381957785942 -0.5210902229583031 -0.3359807226972589 -0.10549619867447266 -0.0973120851184977 0.4700448130224011 0.02811563513760737 0.12274457358418493 6.376525074150763e-05 -9999.0 -9999.0 -9999.0 -9999.0 -9999.0 -9999.0 -9999.0 -9999.0 -9999.0 -9999.0 -9999.0 -9999.0 -9999.0 -9999.0 -9999.0 -9999.0 -9999.0 -9999.0 -9999.0 -9999.0 -9999.0 -9999.0 -9999.0 -9999.0 -9999.0 -9999.0 -9999.0 -9999.0
-0.3520910235404616 -0.5851999267579304 -0.8631306364728061 0.3172040174205451 -0.440284696867727 1.1857593318013213 -0.5330276101494409 -0.7633598978741215 -2.2156909624072556 -0.8046665760933348 -0.3597560345228457 -0.7917099239880934 -2.2419738079921916 7.955276674472721 -0.43663955794410303 -0.5268158413608287 0.46339350455212935 -9999.0 -9999.0 0.0012908409119013167 -9999.0 0.01164109013031599 -0.700415113439524 -0.44061296454021626 -0.41150061129695364 -0.05547696045125589 -0.15611802092951982 0.08970313598575558 0.35441866628782215 0.04424994350428967 -9999.0 -9999.0 -9999.0 -9999.0 -9999.0 -9999.0 -9999.0 -9999.0 -9999.0 -9999.0 -9999.0 -9999.0 -9999.0 -9999.0 -9999.0 -9999.0 -9999.0 -9999.0 -9999.0 -9999.0 -9999.0 -9999.0 -9999.0 -9999.0 -9999.0 -9999.0 -9999.0 -9999.0 -9999.0 -9999.0
-1.1949462726706706 -0.9504739387837313 -1.4773478850584156 13.499685069989148 2.65602297939151 0.8246673182865004 -1.1078099100851808 0.9075341013512874 -0.8738899719087114 1.0937618754058585 -7.106666941943365 -0.6368520912526506 -1.9352230759014772 0.06067928302008623 -1.225096800056283 0.18904295070068208 0.7895302966699018 -9999.0 -9999.0 -9999.0 0.0015230171072333361 -0.6457236284310717 -0.724818237045581 -0.3550405996025787 -0.12795659942644316 0.17811703029725645 0.11942162338324334 0.006161425852056866 0.04883599042907001 0.024091856379039368 -9999.0 -9999.0 -9999.0 -9999.0 -9999.0 -9999.0 -9999.0 -9999.0 -9999.0 -9999.0 -9999.0 -9999.0 -9999.0 -9999.0 -9999.0 -9999.0 -9999.0 -9999.0 -9999.0 -9999.0 -9999.0 -9999.0 -9999.0 -9999.0 -9999.0 -9999.0 -9999.0 -9999.0 -9999.0 -9999.0
-1.2337920695575841 -0.9852922514642911 -0.8070490899230953 0.5749475143629353 -0.4110416413817432 -2.9725244545188483 1.9244692033716533 -6.371430816455955 0.6695818661954919 0.46351460264340083 -1.2074935304256122 -0.6184517442007785 -0.36902000587705375 -0.17034075170684349 0.6165816224373436 -9999.0 -9999.0 -0.08899762897177894 1.378924573001616 -1.449549393720952 -0.243800387368574 -0.6982093679177039 -0.2580316584785642 -0.10495957046882796 -0.05058618766023738 -10.141835249701193 0.017272783176294042 0.013097162299174523 0.0475512596129011 0.00180908505180323 -9999.0 -9999.0 -9999.0 -9999.0 -9999.0 -9999.0 -9999.0 -9999.0 -9999.0 -9999.0 -9999.0 -9999.0 -9999.0 -9999.0 -9999.0 -9999.0 -9999.0 -9999.0 -9999.0 -9999.0 -9999.0 -9999.0 -9999.0 -9999.0 -9999.0 -9999.0 -9999.0 -9999.0 -9999.0 -9999.0
-1.1456514162894682 -0.6906350297834396 -1.6103663514625581 -1.217466680266646 -0.820949354137155 0.6444851489603378 -1.2109454487123155 -1.0434579642339912 -1.3488914830976446 0.7461289263326265 -1.1557388305861642 -0.6006061271748152 -0.31028867494087653 0.00048066754414732995 0.7231015812786342 2.8319476367572753 -0.12955349314125106 -0.39717072304766327 0.19842426680597972 -0.36657098213656514 -0.41612593365347456 -0.24675228569728677 -0.6579349754761797 -0.37738917838649916 -0.07067454302683117 -0.06480552479035984 0.021179867747659658 0.05024416140714767 0.012585991170373513 -9999.0 -9999.0 -9999.0 -9999.0 -9999.0 -9999.0 -9999.0 -9999.0 -9999.0 -9999.0 -9999.0 -9999.0 -9999.0 -9999.0 -9999.0 -9999.0 -9999.0 -9999.0 -9999.0 -9999.0 -9999.0 -9999.0 -9999.0 -9999.0 -9999.0 -9999.0 -9999.0 -9999.0 -9999.0 -9999.0 -9999.0
0.2878653552536513 0.3824964789493084 0.3716985438448826 -0.5045490566120386 0.3213492180004775 0.5165391154364706 0.5088521322449736 -1.0183706568339301 -0.9085631910294051 0.38450518119929145 0.11682476310920918 0.7196098596521311 -3.0851180973457795 -1.28612807100695 1.1434257484871662 -0.576375411970574 -0.9321305853486723 -0.9396111402647968 -0.9873653388004374 -0.5585074137347478 -0.2633404123943924 -0.5383893300439063 0.801356691156038 -0.13454832172172254 -0.3256966366984878 0.1280153464696575 0.11718544144224703 0.047590171535786034 -9999.0 -9999.0 -9999.0 -9999.0 -9999.0 -9999.0 -9999.0 -9999.0 -9999.0 -9999.0 -9999.0 -9999.0 -9999.0 -9999.0 -9999.0 -9999.0 -9999.0 -9999.0 -9999.0 -9999.0 -9999.0 -9999.0 -9999.0 -9999.0 -9999.0 -9999.0 -9999.0 -9999.0 -9999.0 -9999.0 -9999.0 -9999.0
-0.37157926350913933 0.7427817731089661 0.9265531812506489 4.523274721935855 0.29285091914509226 -0.2674721956498152 -0.1744271135839617 -0.4861952660646637 -0.3244632094998305 -0.6256268803400655 1.9449869326562366 0.17785104348481917 -0.42071892830292307 -0.6175144309759388 -1.4490140200007031 -0.5949688755486685 0.09509742551608166 -0.44161015007517435 -0.28659205490047157 -0.13677006035852568 -0.20632445714712105 -0.1768264742792654 -0.10894948049463109 -0.088953634830354 -0.1914196634136674 -0.10497276723457295 0.05663494664112357 0.022087814367330937 0.006179511068861072 -9999.0 -9999.0 -9999.0 -9999.0 -9999.0 -9999.0 -9999.0 -9999.0 -9999.0 -9999.0 -9999.0 -9999.0 -9999.0 -9999.0 -9999.0 -9999.0 -9999.0 -9999.0 -9999.0 -9999.0 -9999.0 -9999.0 -9999.0 -9999.0 -9999.0 -9999.0 -9999.0 -9999.0 -9999.0 -9999.0 -9999.0
