Model Version1.4/trunk/output/2010/fnup_max_sw.asc
ncols 720
nrows 360
xllcorner -180.0
yllcorner -90.0
cellsize 0.5
NODATA_value -9999.0
[rows 81 to 107 of 360, columns 540 to 599 of 720]
0.004064623296288743 9.857263078411178e-05 -9999.0 -9999.0 12.954594148342073 13.261298407893637 -9999.0 -9999.0 -9999.0 0.19053705716262462 0.0003544842853691881 -9999.0 -9999.0 -9999.0 0.00029776343591743403 0.0001591442204998088 0.001113517437555377 0.001634712663732154 0.003350572879690801 0.014300228053706331 0.005897593691095155 0.012979913536985046 0.00466261525482782 0.003103860629358356 0.009937807776475854 0.013083527627400868 0.018834819534241664 0.01856954153553576 0.012398969786853377 0.008780556460779257 0.02501253790162018 0.0056151640346864765 0.018733164195298656 0.004466444604062642 -9999.0 -9999.0 -9999.0 -9999.0 -9999.0 0.01110056756008049 5.1602065699972535 0.08177610054429585 0.016405538764081996 0.07468946790226931 2.031317266746305 0.012151692943748578 0.017522498049494562 0.001890046379914434 0.0006899358571819403 -9999.0 -9999.0 0.0161908680958699 22.70303786838318 25.12587932050742 25.9024305908194 23.340289098456317 29.18395887635746 18.850644099121144 17.115291796750483 19.24975423905718
-9999.0 0.681931581230116 11.206024168635713 0.002167449544175606 -9999.0 -9999.0 -9999.0 -9999.0 13.488702575200564 -9999.0 10.788515014830944 0.00034484648680998815 0.0003274500576566228 0.00010338201700780592 0.0001018059611520927 0.001372929590324594 0.0059889489345504995 0.00851460288862127 0.008240514087846951 0.004891825757412312 0.006506996653187885 0.007616147606486846 0.0024170975683363237 0.0008206269750633985 14.398220945793506 0.003791425795971343 0.0077034662871997865 0.007211826853598165 0.005248609970875202 0.004625324354447175 0.0031725525698145978 0.058285244641630055 0.030140581999273313 0.016427387289059053 -9999.0 -9999.0 -9999.0 -9999.0 0.000763638474217691 0.16760828304344644 0.032200348138584904 0.007002294222101921 0.6368344500215907 0.02851542292860445 0.021322363009510917 0.003374297712074808 0.00033620635167492976 -9999.0 -9999.0 9.030509704282537 -9999.0 18.66479435477344 24.7137347204005 24.57342914155337 -9999.0 22.742721871756153 19.791517798677074 20.449393985356757 19.486232344294386 18.786031694932365
0.0002773200153406814 -9999.0 11.242974618536438 13.471702456603145 -9999.0 -9999.0 -9999.0 13.542641554146414 13.092553781763096 -9999.0 -9999.0 -9999.0 -9999.0 -9999.0 -9999.0 0.00027379663283084814 0.0019549421532278036 0.000266082597952006 0.001258808536971225 0.4813143162833899 0.007223280071803154 0.022699283726284936 0.0006197975401236041 0.0024247913875665794 14.182204363017028 0.0011571177982212333 0.0396345928639574 0.004895758278196053 0.0006929300735038128 0.040701145222754496 0.0038674225964095226 0.00821264832186152 0.0699310589142914 0.02164617858204395 0.006208510594365236 -9999.0 0.053135572806544136 0.029167369100217753 0.07223724742802484 0.1246333688498823 0.015187266013876051 0.007162719058996777 0.006295943088408377 0.030283931190502406 0.002832018498153773 5.883625443838182 5.196032805253042 8.007191559053458 11.131661193957887 11.175664188129286 4.325448930957355 26.747078347231756 30.209747013882247 31.78881983205858 23.527718002544884 22.668816587275717 28.998376893183003 23.497421908394298 21.96761688037535 18.60598629597813
-9999.0 0.0025662500804983506 -9999.0 -9999.0 -9999.0 -9999.0 -9999.0 -9999.0 -9999.0 13.550908704762309 13.069283347387373 -9999.0 10.277332559994546 0.0023425658963633273 0.5965671808159277 -9999.0 -9999.0 -9999.0 0.0015178379188024998 0.008095777778809241 0.0076664669885800505 0.007242217536624875 0.003889665765121549 0.00025969849114555315 9.257090558803881 -9999.0 7.8497013277366445 8.060182170682829 8.90396449893868 -9999.0 -9999.0 11.595037721292384 11.870342510084562 0.0007153073935557464 0.0038409643481496216 12.224115060975139 11.3668039886893 13.014806980884396 0.01961622660950127 11.187964736507375 9.789019013719239 9.791477852563553 6.2942848633011526 6.524352530976529 -9999.0 4.307308838841595 5.815803831228464 10.89099991351572 4.251555970311451 -9999.0 -9999.0 18.829432425418776 18.26240383144596 17.277961013574103 23.63881835612172 17.401115350872338 10.376400674066605 18.42779279460764 8.741829289294143 0.09047710036772698
-9999.0 -9999.0 -9999.0 -9999.0 14.680542011225297 14.884042932249645 -9999.0 -9999.0 -9999.0 -9999.0 -9999.0 13.637680510023062 10.836851077238986 -9999.0 2.6241895850564654e-05 22.412652737723004 -9999.0 -9999.0 20.98499746352817 0.0031364779345829158 0.002331844143897252 0.5173129576987873 0.007196493278823081 0.008449887684049895 0.0010265702682622628 9.895287983297049 0.013274511642588218 0.0034421498425201073 10.376274803907501 10.409561173067228 -9999.0 -9999.0 -9999.0 -9999.0 -9999.0 11.710500617186398 11.555943281593787 12.223209266697854 6.609085025658439 11.970779071107625 11.756903748230096 11.107532640386989 4.259953244123237 -9999.0 -9999.0 -9999.0 -9999.0 -9999.0 -9999.0 -9999.0 -9999.0 -9999.0 -9999.0 -9999.0 11.251365547242708 -9999.0 6.524222537071805 5.570930186331255 0.030509928633005032 0.26675985880854564
11.626086265777987 11.180833618072242 -9999.0 -9999.0 0.0007414263048023876 0.0036709417562660355 -9999.0 0.15550959052740765 0.010862026788179331 -9999.0 -9999.0 0.030332561685709986 10.72420168473993 10.47795745109616 10.410238633846092 -9999.0 -9999.0 -9999.0 10.311865237996155 -9999.0 0.8173558681314227 2.444032910061703 0.0003049298490710005 0.005597438559988647 10.001907619723216 0.004794618888606611 9.700913119529758 -9999.0 -9999.0 -9999.0 -9999.0 -9999.0 -9999.0 -9999.0 -9999.0 -9999.0 -9999.0 -9999.0 12.666758313155318 -9999.0 -9999.0 -9999.0 12.054307433163846 12.119156237788795 -9999.0 -9999.0 -9999.0 -9999.0 -9999.0 -9999.0 -9999.0 -9999.0 -9999.0 -9999.0 -9999.0 8.522295660731583 6.0711644112579 19.49396857840015 0.39300816999513266 0.003321999889583677
13.301528406152794 12.7299902066523 13.816229995060201 0.08968044223938787 -9999.0 -9999.0 -9999.0 22.61617901303895 0.018899619693756642 -9999.0 14.923790261720502 0.04317135860264434 -9999.0 -9999.0 0.0004343053305236848 -9999.0 -9999.0 0.002180779987905725 -9999.0 -9999.0 10.113285469661085 0.0005737277167053177 -9999.0 20.179495279531285 9.71683179811392 -9999.0 -9999.0 -9999.0 -9999.0 -9999.0 -9999.0 -9999.0 -9999.0 -9999.0 -9999.0 12.269209803688762 -9999.0 -9999.0 -9999.0 -9999.0 -9999.0 -9999.0 -9999.0 -9999.0 -9999.0 -9999.0 -9999.0 -9999.0 -9999.0 -9999.0 -9999.0 4.0384929863196435 -9999.0 -9999.0 35.24757943104449 26.85489781366709 23.67993140604565 23.83917208611886 20.4863608992247 0.28782624565438564
0.0052693430560782385 -9999.0 -9999.0 9.012559766819882 0.07862037824813427 -9999.0 -9999.0 -9999.0 0.0030448524224570618 -9999.0 -9999.0 -9999.0 11.006785285307073 -9999.0 11.003682451692752 -9999.0 0.3271754621201146 -9999.0 -9999.0 -9999.0 -9999.0 13.565671749181394 -9999.0 -9999.0 12.519489610133405 12.927718384815895 -9999.0 8.100236085825018e-05 -9999.0 -9999.0 -9999.0 -9999.0 -9999.0 -9999.0 -9999.0 -9999.0 -9999.0 -9999.0 12.868202316771624 -9999.0 12.455288322574143 -9999.0 -9999.0 -9999.0 12.000295834504925 -9999.0 11.886891681518991 -9999.0 -9999.0 -9999.0 -9999.0 -9999.0 49.68422360370545 31.827532434670616 10.266938054418343 12.037301316297027 22.632584947140714 21.499278868644772 1.5458182609673663 15.479763186141096
-9999.0 -9999.0 -9999.0 -9999.0 -9999.0 -9999.0 -9999.0 -9999.0 -9999.0 -9999.0 -9999.0 -9999.0 -9999.0 0.0008287286237852532 -9999.0 0.0011944312229879759 -9999.0 0.015432600136113162 -9999.0 13.74646224999711 0.01262925704630528 -9999.0 -9999.0 -9999.0 -9999.0 -9999.0 -9999.0 12.777465551527552 -9999.0 -9999.0 -9999.0 -9999.0 -9999.0 -9999.0 -9999.0 -9999.0 -9999.0 -9999.0 -9999.0 -9999.0 -9999.0 -9999.0 -9999.0 -9999.0 -9999.0 -9999.0 -9999.0 11.660121945255723 4.4110575503662055 9.496712823805156 8.954474281698436 48.99282240626533 51.80463999393345 51.99843014615818 21.952664915169816 9.868463360929036 22.07644213423879 0.5483264705795091 0.36079795974800133 16.71596065439488
-9999.0 -9999.0 -9999.0 -9999.0 -9999.0 -9999.0 -9999.0 -9999.0 -9999.0 -9999.0 -9999.0 -9999.0 -9999.0 0.001040169876384894 -9999.0 -9999.0 -9999.0 11.04890078976866 12.253053206085285 -9999.0 0.02598191541679522 -9999.0 -9999.0 -9999.0 -9999.0 -9999.0 -9999.0 -9999.0 -9999.0 -9999.0 -9999.0 -9999.0 -9999.0 -9999.0 -9999.0 -9999.0 -9999.0 -9999.0 -9999.0 -9999.0 7.951533219242243 -9999.0 -9999.0 -9999.0 -9999.0 -9999.0 -9999.0 -9999.0 52.71483909980529 49.940561426795256 52.727759859681676 49.33204577398023 52.005708657723396 31.18169910111922 27.079900767072857 19.74193464667805 8.257997975871374 1.0598030437319415 1.8924491682395108 20.97987011598294
14.754967763378136 -9999.0 -9999.0 -9999.0 -9999.0 -9999.0 14.114835817148434 -9999.0 -9999.0 -9999.0 -9999.0 -9999.0 -9999.0 -9999.0 -9999.0 -9999.0 -9999.0 -9999.0 -9999.0 -9999.0 -9999.0 -9999.0 -9999.0 -9999.0 -9999.0 -9999.0 8.252745633929383 -9999.0 8.279833104064213 -9999.0 -9999.0 -9999.0 -9999.0 -9999.0 -9999.0 0.0008896118529875245 8.171722349357239 -9999.0 -9999.0 -9999.0 -9999.0 -9999.0 -9999.0 -9999.0 -9999.0 -9999.0 -9999.0 -9999.0 -9999.0 52.52914027699939 52.5159485640223 26.731027547278952 30.723836612988293 21.345744047582897 19.96787810357404 20.110678507168256 0.2204959872839326 11.849045142982805 23.501050807956148 20.63732711106391
14.745441318135823 14.430515645344324 13.527260001458208 -9999.0 -9999.0 13.039616718153553 9.907511802694158 11.145690691412607 -9999.0 -9999.0 -9999.0 -9999.0 -9999.0 -9999.0 -9999.0 -9999.0 -9999.0 -9999.0 -9999.0 -9999.0 -9999.0 -9999.0 -9999.0 -9999.0 -9999.0 -9999.0 -9999.0 -9999.0 13.527146939278754 13.567358233223203 -9999.0 0.0010640903620051352 -9999.0 -9999.0 -9999.0 0.00028682143593150637 8.353369815196572 -9999.0 -9999.0 -9999.0 -9999.0 -9999.0 -9999.0 -9999.0 -9999.0 -9999.0 -9999.0 32.004178435895135 52.72323233331062 52.73270764668402 52.73032609124011 30.789021075239827 30.94734403233675 20.40067120887099 0.5746163129084136 11.526732972224425 17.296215808445062 16.760542026585874 16.842908702822385 19.66990793209435
-9999.0 14.222890060911988 -9999.0 -9999.0 14.511674079844333 15.048077556275313 12.63592410799762 11.895277310213062 11.50207068611459 -9999.0 -9999.0 -9999.0 -9999.0 -9999.0 -9999.0 -9999.0 -9999.0 -9999.0 -9999.0 -9999.0 -9999.0 -9999.0 8.917495054212571 -9999.0 -9999.0 -9999.0 -9999.0 0.014444656013383067 -9999.0 -9999.0 -9999.0 -9999.0 -9999.0 -9999.0 -9999.0 -9999.0 -9999.0 -9999.0 -9999.0 -9999.0 -9999.0 -9999.0 -9999.0 -9999.0 -9999.0 -9999.0 -9999.0 -9999.0 52.31950102427837 52.96092302549941 28.66124811620668 25.104435449706692 19.198596710587726 14.053035988802945 0.38822952010741785 13.43116808965526 20.41513579935592 18.646409129277007 23.906768151416312 2.1096787697036845
14.976876438282405 -9999.0 -9999.0 -9999.0 -9999.0 14.265110656444023 15.208323109332113 15.037616683498374 14.088400429694067 13.398649924602605 -9999.0 -9999.0 -9999.0 -9999.0 -9999.0 -9999.0 -9999.0 -9999.0 -9999.0 -9999.0 -9999.0 -9999.0 -9999.0 -9999.0 -9999.0 -9999.0 -9999.0 -9999.0 -9999.0 -9999.0 8.250949370202095 -9999.0 -9999.0 -9999.0 -9999.0 -9999.0 0.0003172859285700804 -9999.0 -9999.0 -9999.0 -9999.0 -9999.0 -9999.0 -9999.0 -9999.0 -9999.0 52.74045335827068 52.53360535174924 50.55525201314805 52.73238108725281 24.7593431056762 24.747344300364635 15.891698377569082 14.564068608167508 11.282951093631628 9.213222123299053 17.619618264012807 17.733454246220862 21.414930404838476 16.67619323621735
-9999.0 -9999.0 -9999.0 -9999.0 -9999.0 -9999.0 -9999.0 -9999.0 -9999.0 -9999.0 -9999.0 -9999.0 -9999.0 -9999.0 -9999.0 -9999.0 -9999.0 -9999.0 -9999.0 -9999.0 -9999.0 16.581480488970595 16.74506917843765 -9999.0 -9999.0 -9999.0 -9999.0 -9999.0 -9999.0 -9999.0 -9999.0 -9999.0 -9999.0 -9999.0 -9999.0 -9999.0 -9999.0 -9999.0 -9999.0 -9999.0 -9999.0 -9999.0 -9999.0 -9999.0 -9999.0 -9999.0 35.15620941798527 29.96172697595189 52.34743360972967 26.90953858262752 22.139638302164936 16.09631549947557 15.898003089925696 16.512073131595788 7.366282934127457 14.201726160995081 18.058474390349364 19.41859615784839 16.670991479099836 22.72593943871642
-9999.0 -9999.0 -9999.0 -9999.0 -9999.0 -9999.0 -9999.0 -9999.0 -9999.0 -9999.0 -9999.0 -9999.0 -9999.0 -9999.0 -9999.0 -9999.0 -9999.0 -9999.0 -9999.0 -9999.0 -9999.0 0.0017506185995732726 17.78495103324214 -9999.0 -9999.0 -9999.0 -9999.0 -9999.0 -9999.0 -9999.0 -9999.0 -9999.0 -9999.0 -9999.0 -9999.0 -9999.0 -9999.0 -9999.0 -9999.0 -9999.0 34.59667512805927 34.95818058886538 29.3420135698529 42.87596367249691 28.314609572125104 44.49572710521145 16.53448325021782 16.11349364383738 19.449388709351602 8.76104241319533 11.94444094822863 8.49470064286442 7.713177150580277 7.405562422957064 11.35476409394119 10.576601156208076 9.625474590995282 15.006185478482733 12.863527452185357 26.748277939619065
-9999.0 -9999.0 -9999.0 -9999.0 -9999.0 -9999.0 -9999.0 -9999.0 -9999.0 -9999.0 -9999.0 -9999.0 -9999.0 -9999.0 -9999.0 -9999.0 -9999.0 -9999.0 -9999.0 -9999.0 -9999.0 -9999.0 -9999.0 -9999.0 -9999.0 -9999.0 -9999.0 -9999.0 -9999.0 -9999.0 -9999.0 -9999.0 -9999.0 -9999.0 19.047397463921016 19.818269801774377 18.650487683081494 17.804626162812276 15.789132982212449 38.261049367638556 30.421115712905497 34.663081436425806 29.064174609713152 31.29479145771396 18.615680768230092 18.875661006366503 16.72957371165942 13.301681699600596 11.347916860825375 9.767619783880164 11.382266842639847 20.61895873665397 10.137375905170794 9.645983173079335 8.431497942282705 23.710966420373023 13.468467462664771 21.848617573567715 30.390165784829115 12.508247822223918
-9999.0 -9999.0 -9999.0 -9999.0 -9999.0 -9999.0 -9999.0 -9999.0 -9999.0 -9999.0 -9999.0 14.978649242334313 15.009793677906577 15.068148616828271 -9999.0 -9999.0 -9999.0 -9999.0 -9999.0 -9999.0 -9999.0 -9999.0 -9999.0 -9999.0 -9999.0 -9999.0 -9999.0 -9999.0 -9999.0 -9999.0 -9999.0 -9999.0 -9999.0 19.86677190205682 21.302842451757623 19.154161872574747 18.048400118613884 16.72010251829444 18.00436608345575 14.022376862885721 18.63760516883076 19.902171068461524 21.826567627039967 25.398550330736494 19.703680034323426 13.473177679060095 17.528037631597375 0.6169604138313544 13.346889401099439 19.696730833714977 16.696031462829193 14.922632669598112 10.09584042386819 10.884448494891519 11.299898887502033 10.603640058586056 13.354002497805705 15.714719615197216 23.807602638019954 24.40513025573806
-9999.0 -9999.0 -9999.0 -9999.0 -9999.0 -9999.0 -9999.0 -9999.0 -9999.0 16.204561637108288 -9999.0 16.096202733628846 14.905809352971714 16.202596065592115 0.8967676783503568 15.07070974700823 14.809678223071469 16.145030848105712 15.36597936638167 0.05514431115271841 -9999.0 -9999.0 -9999.0 -9999.0 -9999.0 -9999.0 -9999.0 -9999.0 -9999.0 -9999.0 -9999.0 -9999.0 -9999.0 1.1396206918705167 1.1711241936644619 -9999.0 -9999.0 -9999.0 -9999.0 26.58726685907139 17.850942852254896 18.6778820241325 16.729616266029872 15.527033327065011 13.333706573611375 2.7369613422443906 12.825905887685312 13.414447357523308 10.332018720723521 23.2191950398333 23.203951035526266 11.126479459551613 14.52302492668433 18.791845035823624 13.707743206964627 16.941148407423324 14.132143868554065 16.9436370889793 17.492162358264316 16.42731182265517
-9999.0 -9999.0 -9999.0 -9999.0 -9999.0 -9999.0 -9999.0 -9999.0 14.855919741805632 -9999.0 -9999.0 -9999.0 -9999.0 48.89085709954838 15.490688072286842 18.079357717094393 19.987798589974908 16.479459623004644 14.347372487436035 14.233269237512415 -9999.0 -9999.0 -9999.0 -9999.0 -9999.0 -9999.0 -9999.0 -9999.0 -9999.0 -9999.0 -9999.0 -9999.0 -9999.0 15.258838651341478 -9999.0 -9999.0 -9999.0 -9999.0 11.520363117774936 23.054853209988458 21.066022502130817 14.556908295339237 11.82185633465327 14.351727277967683 12.549740939154496 11.359835464670967 10.23067956255869 9.316553593032696 10.549218628797146 13.992013345026361 9.951437830659179 11.638926951488017 18.933144768347223 18.01060252002417 27.654892704001924 21.17988882740613 20.583220324664737 22.133787034563877 20.737623971843625 9.218720271382342
-9999.0 -9999.0 -9999.0 -9999.0 -9999.0 -9999.0 -9999.0 -9999.0 -9999.0 -9999.0 -9999.0 -9999.0 -9999.0 -9999.0 -9999.0 -9999.0 -9999.0 27.916420970517947 5.089874189802321 1.624897913909338 16.22691404587215 -9999.0 17.270311837939126 -9999.0 -9999.0 -9999.0 15.92274721521255 13.994101925906278 -9999.0 -9999.0 -9999.0 -9999.0 -9999.0 16.190847732292568 0.5546452467613568 0.06430672525513226 -9999.0 -9999.0 11.643266132560084 6.105836512955869 22.33006262329048 12.508987461164391 9.827616363280244 20.763393628646533 12.136004233648828 11.228545022629051 9.30828156639876 8.467405449155095 8.140134320466714 10.75916175121862 14.087885938930848 18.712654131978287 19.223878706808346 22.967774114596462 28.56325756872352 21.66365319814356 16.803618578692358 16.420981836513374 0.06406526125921976 -9999.0
-9999.0 -9999.0 -9999.0 14.868144726672481 -9999.0 -9999.0 -9999.0 -9999.0 -9999.0 -9999.0 -9999.0 -9999.0 -9999.0 -9999.0 -9999.0 -9999.0 -9999.0 -9999.0 -9999.0 19.35320111048544 27.89534145221446 21.357979004337594 18.714504887365273 0.14747486761227455 17.551859478562378 0.018804643374167068 15.968143386345098 14.777717856210378 -9999.0 -9999.0 -9999.0 0.7702587672865514 19.688884184654373 0.5752565770136833 1.4243406337489495 -9999.0 -9999.0 24.28953551547762 16.869970033295004 22.65634549655755 26.56548007980213 17.752562190298967 8.768492517741258 2.714123406453842 8.951770905506555 8.683728456033517 8.791293332391973 9.508989121722044 11.592705073168636 8.192501226744001 18.333728274279235 19.534603828672182 20.358813122153908 21.052427100830453 31.821072372804778 10.655710941648975 -9999.0 -9999.0 -9999.0 -9999.0
-9999.0 -9999.0 -9999.0 -9999.0 -9999.0 -9999.0 -9999.0 -9999.0 19.516362437127466 14.626527031850644 -9999.0 -9999.0 -9999.0 -9999.0 -9999.0 -9999.0 -9999.0 -9999.0 -9999.0 -9999.0 46.329253495014505 41.428863747149684 26.7957180857025 25.660460197702918 18.633323453523257 1.5271589289583176 -9999.0 -9999.0 -9999.0 -9999.0 -9999.0 0.01639407443634859 26.459907184982562 36.12266449476222 -9999.0 -9999.0 10.965172093056756 14.508570448883276 23.17650847764089 20.234610308835066 11.64793837603552 12.870690156784207 9.42453148607999 9.47374864862043 6.788991399142515 11.60415971482104 7.022062522386132 12.248497794755336 20.07918892267184 18.892241715469314 19.498683351878586 20.027493311853238 22.436871994254197 21.20904265253531 24.60762715378304 0.1864570384985123 0.009851526037824283 0.007702726808203219 -9999.0 -9999.0
-9999.0 60.816013084337904 61.70813463677623 -9999.0 -9999.0 -9999.0 -9999.0 -9999.0 -9999.0 -9999.0 -9999.0 -9999.0 -9999.0 -9999.0 -9999.0 -9999.0 -9999.0 -9999.0 -9999.0 -9999.0 -9999.0 -9999.0 18.08605352194267 16.293447294670703 23.48054383832689 38.3045659456679 38.81773793236154 45.02277632448282 5.641344126496085 -9999.0 12.3448145550753 25.03436862296538 13.233492737280352 5.44773916162969 0.2326437047048871 12.085505591400292 11.022388076084898 10.815863345174193 25.631734674055394 10.912001616931484 9.050111867065667 9.390377981010674 7.023436641422885 11.293151956123236 7.844878130548053 12.449512596002853 6.829719084541928 9.493538220693717 10.831835315434775 19.63894880969552 20.033502186875516 18.135226742441244 19.67648320783152 19.751294518834847 21.20670049818346 21.158940113084583 19.373077542457604 21.108706149674216 -9999.0 -9999.0
-9999.0 -9999.0 -9999.0 71.94307619649837 -9999.0 -9999.0 -9999.0 -9999.0 -9999.0 -9999.0 -9999.0 -9999.0 58.87514576270999 74.88478304676406 68.60327539855285 74.69099268896618 61.775379354334504 63.33506941985993 28.65493183155272 31.326866833953517 37.09195113552887 18.13099498684244 38.092130738258824 34.208181267004385 25.517118941468617 18.23853989167282 7.7141191674801695 26.610238211796737 36.17942602838537 33.295844326621854 28.066088744316115 6.77252104744881 34.03664379604096 34.72219064509303 26.226036326588503 10.231003298179175 5.013035916417015 8.841442367317002 12.999343829628438 14.36482105544497 9.927822830970264 10.646775010495327 8.411817370543314 9.676263398989501 9.854482697861991 8.400068224240487 6.272617076584094 5.056061095401507 10.686520559392068 19.939190308894734 22.069318221166956 18.428309288263204 18.050035697242407 21.591094659581742 18.7776121417971 18.59097511843618 18.60443050312328 27.028071624124035 0.058808761664064624 12.482878684991187
11.569028578156654 -9999.0 -9999.0 72.1152757625134 71.81655413668578 -9999.0 77.67577987512404 -9999.0 -9999.0 -9999.0 86.0995283255911 93.94858672301835 95.70902230809143 2.722910866862593 0.4744705066903805 0.43195009450834165 62.0568639410385 37.38666521380442 56.02578583406813 35.93128175621314 27.665561984399762 11.760618946701584 55.19299626651709 34.95468145046947 50.19708311624593 14.559788849507557 2.712936159955382 21.613277110070566 30.686155815035622 27.950730861170076 36.90336355540207 33.97862279648391 36.24093835277593 16.098420008604513 10.391338976374433 8.479818277638541 8.940451129636086 11.277402063380983 10.370910261491343 10.851652472182693 7.24395736276168 5.365106620096221 5.670350263060085 8.85154468031286 10.197174615248706 8.660007810951907 5.741402350684589 9.43171647516429 13.736908770772775 17.94690760855423 16.878522303675027 19.721250262566848 18.27393614944137 19.83311995232926 20.254930437602965 17.81211990663589 17.55179927373088 18.110404710997557 17.543920587390524 17.37360629965687
-9999.0 -9999.0 -9999.0 -9999.0 -9999.0 -9999.0 -9999.0 -9999.0 62.63796557173297 74.62155987371106 74.94047067493726 54.31212836777495 48.22307841339825 63.04616324825068 53.09913072490907 55.16434548105432 2.1706926278655763 -9999.0 35.210731441342006 4.0726156181419215 42.103761046237906 18.55652221377499 13.588835187470247 52.83366283026858 39.08547293935709 43.429068120450005 6.8604809842487 16.558718390110144 20.69947904220843 20.476240458984634 17.98506644501166 21.56787832975386 18.4465924056075 18.09361311458225 14.603086994702776 14.270016230030738 6.362846746534443 1.624631867475108 7.303579994925614 0.9005925337321915 7.550059426133331 1.8917523248994346 5.255094763721992 8.305680895926834 5.001221737453043 7.658538699974445 6.259675863290106 20.030761761445792 21.21398050110798 19.344784959713163 18.053006241569115 19.860476599141155 19.161018618526942 15.843820705900146 13.542398395935592 17.546211607625313 16.63623192040182 19.237084364552885 20.071187854039767 18.058507162436246
