Model Version1.4/trunk/output/2010/fnup_max_gw.asc
ncols 720
nrows 360
xllcorner -180.0
yllcorner -90.0
cellsize 0.5
NODATA_value -9999.0
[rows 189 to 215 of 360, columns 366 to 426 of 720]
-9999.0 -9999.0 -9999.0 -9999.0 -9999.0 -9999.0 -9999.0 -9999.0 -9999.0 -9999.0 -9999.0 -9999.0 -9999.0 -9999.0 -9999.0 -9999.0 -9999.0 -0.13854631609721593 -0.16805810610173116 0.1241766269328595 -0.005512623783832278 -0.0038445227453511015 0.003864083260161722 -0.040375699078316646 0.019708806195068648 0.004830683609278483 0.0228774061313905 0.019875792624744277 0.011766834996792973 0.02149674830823712 0.0144900601561698 0.012816602440660622 0.01642378438314408 0.01379178966598801 0.010984064692170066 0.017724252223609873 0.006518214399594375 0.007475297169666911 0.005602722121423885 0.006837858526241232 0.0067301873812205155 0.009552791784187433 0.007221560664591971 0.006718565539788077 0.0073336817465990654 0.010294006579425197 0.005176338497346661 0.006145382791678123 0.002147252564627318 -9999.0 -0.003675523734344528 -0.006659497806892053 -9999.0 6.664456230535851e+16 0.18974067249731033 -9999.0 0.13179914020379133 0.24881624670731026 0.19038542856568527 0.17999526118441475 0.2271148397434846
-9999.0 -9999.0 -9999.0 -9999.0 -9999.0 -9999.0 -9999.0 -9999.0 -9999.0 -9999.0 -9999.0 -9999.0 -9999.0 -9999.0 -9999.0 -9999.0 -9999.0 -9999.0 0.2448056699815882 -0.022021347618812585 -0.012521508119817682 -0.009069518382793143 0.002514552195459813 0.0022704362112499466 0.01123906171302746 0.022764405624281763 -9999.0 -9999.0 0.012812756891758566 0.021695297821343693 0.017230940609650244 0.01090576937179851 0.02923190685999013 0.020654085497586492 0.009327830359755505 0.017072430626580367 0.006834534094659191 0.00791968286264083 0.005130354883094792 0.007983485160947032 0.007228077192113665 0.006761162115676139 0.0050837590523724625 0.005858298994584082 0.0037321990232542577 0.004186873298800236 0.0008329770468572813 -0.00245709218247059 -0.013090311956746512 -9999.0 -9999.0 -9999.0 -9999.0 2.7580323767314296e+16 0.11159136204065492 0.12106875444426451 0.1717527222952725 0.300629273333441 0.2277147916959833 0.8055069009878624 0.203658933624115
-9999.0 -9999.0 -9999.0 -9999.0 -9999.0 -9999.0 -9999.0 -9999.0 -9999.0 -9999.0 -9999.0 -9999.0 -9999.0 -9999.0 -9999.0 -9999.0 -9999.0 -9999.0 0.21998418493797184 -0.03855419410439267 -0.01776280506071572 -0.024157775279542062 -0.0033587657250027923 0.04622664125955382 0.006706379776491329 -9999.0 0.006005138193556494 0.005174079131565075 0.014407581115296208 0.025349619912716958 0.021323762317531202 0.01913641908556273 0.007588646423983934 0.017252615631141693 0.015281877053797644 0.012440013512196764 0.01715828796730272 0.01745947640693996 0.009534118327721924 0.012596419294912786 0.004455578269930605 0.004873443938918399 0.006019545011088258 0.007772213147105284 0.003165388539410054 0.004098398853085751 0.0005371366289153858 -0.0031927169694260177 -0.004909775810648152 -0.0065751142633456005 -0.01200461883497353 -0.03157682248841939 -9999.0 -3.8885545133652344e+16 0.11607409042464857 0.10832741303052633 0.0020550296720697 0.22277038532130988 0.15801617936875148 0.2172238479802645 -9999.0
-9999.0 -9999.0 -9999.0 -9999.0 -9999.0 -9999.0 -9999.0 -9999.0 -9999.0 -9999.0 -9999.0 -9999.0 -9999.0 -9999.0 -9999.0 -9999.0 -9999.0 -9999.0 0.28300728147554083 0.4206347645827727 0.15590520066894695 0.07598871050217852 0.12030386077595491 0.08925122243530394 0.1439309517727866 0.14820578891079006 0.3053789892561314 -0.007645267369584312 0.018923409860321257 0.028121860482269792 0.019732037120645106 0.020717252994439554 0.015263328150887143 0.009470187698253526 0.008783858653383133 0.01092738042820107 0.007110919611393134 0.010782170547560992 0.005095452877595029 0.005334673555532314 0.0009257686801299019 0.0017754035128191628 0.0069325792357679316 0.0033011080735487275 -0.0026189751711426395 -0.002922437580206077 -0.008876575954329134 -0.007198196797202011 -0.01815149774155994 -0.011742130757843203 -0.01986789961836602 -9999.0 -9999.0 -3.533054800663044e+16 0.14015281705472815 0.14558979489236065 0.20524477167867 0.08412848063732851 0.1322996514866165 -9999.0 -9999.0
-9999.0 -9999.0 -9999.0 -9999.0 -9999.0 -9999.0 -9999.0 -9999.0 -9999.0 -9999.0 -9999.0 -9999.0 -9999.0 -9999.0 -9999.0 -9999.0 -9999.0 -9999.0 -9999.0 -9999.0 7.683698304348704 0.1502622534391469 0.15034613192060065 0.08857081985600732 0.1190885227822754 0.15440540640265107 0.2949645496730219 -9999.0 -9999.0 -9999.0 -9999.0 0.02005624250726455 0.017885794151915237 -9999.0 -9999.0 0.016254342118680907 0.009864882571636044 0.017836577421872533 -0.0013929771589789985 0.010122291099853362 0.000472688184945243 0.0036088388203984315 -0.0015703930564872667 0.0032568038235356194 -0.0005105487211681632 -0.0003028206806023212 -0.014220694331894608 -0.007977172639954073 -0.011306386043122387 -0.03533802630264388 -9999.0 -9999.0 -9999.0 -9999.0 -1.9345955063017244e+16 0.10966391940014644 0.036386929672023845 0.15589881291877725 0.09277447452564551 0.014882748915306655 0.6201724077900399
-9999.0 -9999.0 -9999.0 -9999.0 -9999.0 -9999.0 -9999.0 -9999.0 -9999.0 -9999.0 -9999.0 -9999.0 -9999.0 -9999.0 -9999.0 -9999.0 -9999.0 -9999.0 -9999.0 0.009595750535521492 0.854157689491431 0.12731793414405498 0.11643519161631218 0.0939604323796173 0.07161240440767429 -9999.0 -9999.0 0.2859868413992055 -0.006471712620059933 0.020278994541056698 0.02029951890211056 0.015600676922650181 -9999.0 0.15077954783278266 -9999.0 -9999.0 -9999.0 -0.0007525260585776134 0.0033009409526319113 -9999.0 -0.0014511864666645479 -0.005739406666575675 -0.0005470101452405857 -0.00021462709459625398 -0.005227716052767338 -0.006814709267509769 -9999.0 -0.011987378178389047 -0.017503972473317628 -0.01653031511842399 -0.02140555692962454 -0.01391962824045145 -0.02492580190062738 -0.033161337986574724 -9999.0 0.1459024135740885 0.04337637963655549 0.12104663215204725 -9999.0 0.0011242501347962714 0.1263933797525119
-9999.0 -9999.0 -9999.0 -9999.0 -9999.0 -9999.0 -9999.0 -9999.0 -9999.0 -9999.0 -9999.0 -9999.0 -9999.0 -9999.0 -9999.0 -9999.0 -9999.0 -9999.0 -9999.0 -9999.0 0.22700324132003386 0.1577921124750397 0.1254666286327747 0.12636498299616694 0.0875576024819833 -9999.0 -9999.0 0.37727961498401896 0.3516569257731777 -9999.0 -9999.0 -9999.0 0.005976405615975512 0.12963989342635532 0.1498871064582776 -9999.0 -9999.0 -9999.0 -9999.0 -9999.0 0.0012242210038972306 -0.00353422727699509 -3.728648034027943e-05 0.0002606943524436424 -0.005052627888651793 -9999.0 -0.014332025998021877 -0.02312587478308629 -0.0686332126446551 -0.09783298054545662 -0.02350874182779553 -9999.0 -9999.0 -0.009610200833422957 -9999.0 -9999.0 0.10565840934069352 2.022206210392559e+16 -5.718562889428637e+16 0.08157447650535701 0.12569256353909125
-9999.0 -9999.0 -9999.0 -9999.0 -9999.0 -9999.0 -9999.0 -9999.0 -9999.0 -9999.0 -9999.0 -9999.0 -9999.0 -9999.0 -9999.0 -9999.0 -9999.0 -9999.0 -9999.0 -9999.0 0.10689002125944903 0.1795307206812262 0.1567541970457905 0.1192379824894801 0.07421082562258445 -9999.0 -9999.0 0.1837417299216441 -9999.0 -9999.0 -9999.0 0.16495471912124723 0.15168734760062216 0.14468725424344686 0.1709096432679541 -9999.0 -9999.0 -9999.0 -9999.0 -0.004631177567827463 -0.0034086028015315804 -9999.0 -0.0035969896563640556 0.002708572362444885 -0.013315486334707572 -0.011685919170692591 -0.026929142060590914 -9999.0 -0.08540880460408386 -9999.0 -0.03454820950050142 -0.04900826197435723 -0.024675069583991335 -0.046290417256716884 -0.04142585775005847 4.614165446673996e+16 0.11914471461972757 0.10359739508553822 0.05641615984704663 -1.844341129268207e+16 0.17876672995664852
-9999.0 -9999.0 -9999.0 -9999.0 -9999.0 -9999.0 -9999.0 -9999.0 -9999.0 -9999.0 -9999.0 -9999.0 -9999.0 -9999.0 -9999.0 -9999.0 -9999.0 -9999.0 -9999.0 -9999.0 0.3762642706624228 0.2702200554180617 -9999.0 0.1038391072848979 0.07844328741184095 0.07050323979569832 -9999.0 0.19216927976628312 0.07053409147786271 -9999.0 -9999.0 0.21146176789399138 0.20695254977203717 -9999.0 -9999.0 -9999.0 0.2316996813912704 -9999.0 -9999.0 -9999.0 -0.001656750385875754 -0.001701847347880174 0.0015422707732147486 -0.018443592295015732 0.3951443662111036 -0.015422815965369468 -9999.0 -9999.0 -9999.0 -9999.0 -0.029994001891536014 -9999.0 0.17304452785956526 -6.351284030240409e+16 -9999.0 0.21069247034031202 0.1609964645169656 0.1534558090819219 0.029405837754192258 0.10994111486681617 0.09249201462517853
-9999.0 -9999.0 -9999.0 -9999.0 -9999.0 -9999.0 -9999.0 -9999.0 -9999.0 -9999.0 -9999.0 -9999.0 -9999.0 -9999.0 -9999.0 -9999.0 -9999.0 -9999.0 -9999.0 -9999.0 0.3384076828079756 0.16507167643194068 -9999.0 0.14902388263667837 0.1273892762670956 0.1445126481900838 0.09969742963576232 -9999.0 0.14326343963551888 -9999.0 -9999.0 -9999.0 -9999.0 0.20693201652032994 -9999.0 0.15963883818128125 0.19032446742060574 0.15734403152979692 -9999.0 -0.007672720148724424 -0.004321305965081907 -0.00468536986940243 -0.006923989562429825 -9999.0 -0.015717574628734278 0.4478309221279447 -0.03655632200242143 -9999.0 -0.008116440108827182 -0.007316541444043433 -0.1697756968189282 4.914710350474558e+16 0.10623076984464659 0.11372933837054916 0.09889842925859385 0.08540734943375505 0.07929396923944962 0.21519290790826556 0.20797736568966002 0.12503711130742773 0.11049951002299548
-9999.0 -9999.0 -9999.0 -9999.0 -9999.0 -9999.0 -9999.0 -9999.0 -9999.0 -9999.0 -9999.0 -9999.0 -9999.0 -9999.0 -9999.0 -9999.0 -9999.0 -9999.0 -9999.0 -9999.0 0.192030370241949 0.10325966528503047 0.10091180678427465 0.13926291342205271 0.13093420821286814 -9999.0 0.11231683019811271 -9999.0 0.0869304810440719 0.1534230799851933 0.09709227172283849 -9999.0 -9999.0 -9999.0 0.24698952058841758 0.1604969053744864 0.15832761432973586 -9999.0 -9999.0 -0.009123787196641964 -0.00725676480619694 -0.006459820790377195 -0.00808953736952324 -9999.0 -9999.0 -0.013819296209553316 -0.02595889058515975 -0.02274793202588715 -0.027141718937224925 -0.01012918247145799 -0.044935712615004605 0.0571158260891387 0.12503583027690324 0.12291527710233757 0.09324526455357299 0.08748431096006488 0.08436757200904314 0.05045519532249689 0.018499763059451085 0.19321225573154796 0.33105840994603886
-9999.0 -9999.0 -9999.0 -9999.0 -9999.0 -9999.0 -9999.0 -9999.0 -9999.0 -9999.0 -9999.0 -9999.0 -9999.0 -9999.0 -9999.0 -9999.0 -9999.0 -9999.0 -9999.0 -9999.0 -9999.0 0.13063839323055793 -9999.0 0.1579967781148663 -9999.0 -9999.0 -9999.0 -9999.0 0.113761103574646 -9999.0 -9999.0 0.15253224294418136 -9999.0 0.18445086533896898 0.13369304899438716 0.14742363258338448 -9999.0 -9999.0 0.16073355688101623 -0.012396217942962867 -0.013145489616313758 -9999.0 -0.031068929695479384 -0.016064004141407146 -0.024920695295358345 -0.005466398900554878 -0.06578721853868762 -0.024772950095493525 -0.008922534154868461 -9999.0 -0.03800728278324793 0.11320363700470662 0.10536719347924048 0.1102717308707764 0.091833613639657 0.09560163679800261 0.08353775426237288 0.0204792015856613 0.15944954579944784 0.16955345369255512 0.17098303384457483
-9999.0 -9999.0 -9999.0 -9999.0 -9999.0 -9999.0 -9999.0 -9999.0 -9999.0 -9999.0 -9999.0 -9999.0 -9999.0 -9999.0 -9999.0 -9999.0 -9999.0 -9999.0 -9999.0 -9999.0 -9999.0 0.1346529331229947 0.19959330577129242 0.1462736362667962 0.10556115174564282 0.08444598871779607 -9999.0 -9999.0 -9999.0 -9999.0 -9999.0 -9999.0 0.19102117593672852 0.13932510037497856 0.12343871979102315 0.14244499413512016 0.15906100765087905 -9999.0 0.1897429853696338 -0.015322720473809791 -0.011229033547623078 -0.013048611316609348 -0.05459890204162234 -0.009107288690478495 -0.012366259029495823 -0.006297991241504214 -0.0032566444628908775 -0.024632721374140364 -0.048504019715800296 -0.0017614486770051118 -0.05987006427221739 0.10886143005619532 0.09754019697296978 -9999.0 0.08087990483043407 -9999.0 0.0855034892567947 0.0806746077545431 0.15975469110097285 -9999.0 0.22631606894379663
-9999.0 -9999.0 -9999.0 -9999.0 -9999.0 -9999.0 -9999.0 -9999.0 -9999.0 -9999.0 -9999.0 -9999.0 -9999.0 -9999.0 -9999.0 -9999.0 -9999.0 -9999.0 -9999.0 -9999.0 -9999.0 0.1736454587409196 0.30863369193669427 0.14656855398837468 0.1488630132409942 0.07533402723212264 0.07119611395891791 0.07852391483411685 -9999.0 -9999.0 -9999.0 -9999.0 0.15331139275295758 0.13556553959706405 0.13636437365241114 0.1493878423357199 0.038632703393874895 0.039239890193881743 0.11615909068114096 0.15458227240386127 0.10923061430203475 -9999.0 0.11230288552496309 -9999.0 -0.009628021558455775 -0.0057735208774061415 -9999.0 -0.0166375800444954 -0.01483933948547589 -0.009818067016348289 -0.0285844303294576 0.09389438254198199 0.09114350209138967 0.22655922063149542 -9999.0 0.08548469235984585 0.06984339963921568 0.07678842680138247 0.11659445222035345 -9999.0 1.3931515744338883
-9999.0 -9999.0 -9999.0 -9999.0 -9999.0 -9999.0 -9999.0 -9999.0 -9999.0 -9999.0 -9999.0 -9999.0 -9999.0 -9999.0 -9999.0 -9999.0 -9999.0 -9999.0 -9999.0 -9999.0 -9999.0 0.007166535291730529 0.18636235028360154 0.11548992879344303 0.09786985686884782 0.11357669970484455 0.12740475242683905 0.1792637155880152 0.09891360400948597 -9999.0 -9999.0 -9999.0 -9999.0 0.15405573970693615 0.18049687297288783 0.07998246863408583 -9999.0 -9999.0 0.03918238114573836 0.04025760689332004 -9999.0 -9999.0 0.2005164102938159 -9999.0 -9999.0 -9999.0 -9999.0 -9999.0 -0.022437956536818255 -0.008485960424984533 -9999.0 0.07726279121864163 0.0800964568391704 0.01611003061554157 -9999.0 0.15836209375340066 0.0791964998532892 0.09415456426267167 0.3126029311928702 0.3128042734856118 0.22065478920342677
-9999.0 -9999.0 -9999.0 -9999.0 -9999.0 -9999.0 -9999.0 -9999.0 -9999.0 -9999.0 -9999.0 -9999.0 -9999.0 -9999.0 -9999.0 -9999.0 -9999.0 -9999.0 -9999.0 -9999.0 -9999.0 4.144192256882059e+16 0.7324309026764558 0.1470274906742159 0.10744338133957722 0.10843816058409915 0.12450230067077953 0.3443859396226993 0.1584897953925038 0.1726300118267899 -9999.0 0.17078655998502246 0.16886069929626812 -9999.0 0.19495644853334473 0.04322456737993826 0.048450129523280414 0.05197184896827932 0.039856006658486605 -9999.0 -9999.0 -9999.0 -9999.0 -9999.0 -9999.0 0.07864134940175938 0.08372374779547224 -9999.0 -9999.0 -0.033740049428840124 -0.04185216712957663 -0.02059835479537471 0.07178651949834731 0.08143971096228893 -9999.0 -9999.0 0.107639941542203 0.17314522860260487 -9999.0 0.2255106225721712 0.16840822252464022
-9999.0 -9999.0 -9999.0 -9999.0 -9999.0 -9999.0 -9999.0 -9999.0 -9999.0 -9999.0 -9999.0 -9999.0 -9999.0 -9999.0 -9999.0 -9999.0 -9999.0 -9999.0 -9999.0 -9999.0 41.72302347768939 3.463709740808793 0.2579398264383345 0.12311644299251134 0.10406113314357 0.1745216692702423 0.13579084711426248 0.20107968951447958 0.11474146550914095 0.19084749768801892 0.18255452924131346 0.17747216305785013 0.19477628074534648 0.1955217020617545 0.1836534349497383 0.15575149847449157 0.05229603163504756 0.04937219436683551 0.046509065197343095 0.0067719477562501375 -9999.0 0.1207985055216252 -9999.0 -9999.0 -9999.0 -9999.0 -9999.0 -9999.0 -9999.0 0.08751259415573016 0.07408902275538697 -0.05585154221125978 -0.009259326426236654 -0.01971636254984016 0.09402586428540645 0.11247291314139145 0.12977002819302277 -9999.0 -9999.0 0.1729371573622395 0.8635724444463387
-9999.0 -9999.0 -9999.0 -9999.0 -9999.0 -9999.0 -9999.0 -9999.0 -9999.0 -9999.0 -9999.0 -9999.0 -9999.0 -9999.0 -9999.0 -9999.0 -9999.0 -9999.0 -9999.0 -9999.0 0.33394977072648163 0.19276495443746622 5.215103556140685 0.15421712082545314 0.18059173308365542 0.13861407917564944 0.12695176313559867 0.18523943049763963 0.4080715005431886 -9999.0 0.20392506540275 0.19574190831138874 0.20773040525768327 0.22127119505992618 0.3156548047627166 -9999.0 0.1738833383009955 0.026631650992391797 0.03008342496189658 0.07081716205121912 0.30065987998080596 0.26747348934555576 0.03548006371829974 0.2612347500606516 0.17929752950076652 0.11985536720329913 -9999.0 -9999.0 0.0709931995827302 0.06783930370114291 0.12327467045782545 0.08997733461762612 -0.014860621681647446 0.08825396563489477 0.10101905755843794 0.097869819843387 0.20982908113883755 -9999.0 0.20858353820678685 0.2031960818421 0.6987176838489425
-9999.0 -9999.0 -9999.0 -9999.0 -9999.0 -9999.0 -9999.0 -9999.0 -9999.0 -9999.0 -9999.0 -9999.0 -9999.0 -9999.0 -9999.0 -9999.0 -9999.0 -9999.0 -9999.0 0.12903463342201213 0.031558327792506904 2.29452571344158 0.16573747763235108 0.2304990676814701 0.19841957167948382 0.13213560428746765 0.11773165556056255 0.6457829573066999 0.599909553618388 -9999.0 0.2107548449885169 0.2424007683195669 0.23773888398782567 0.3542831152233969 0.38124276572632465 0.4710793710321472 0.3075999728155547 0.26549330528930526 0.024046604609516138 0.06809563013840367 0.3261115388913215 0.26089552833855995 0.23905349320583472 -9999.0 0.24303872870881163 0.12007922736505565 -9999.0 0.070840365881426 0.05070497430523703 0.08973052344828344 0.13877690078799834 0.24433252507589487 0.16161624906540817 0.159131625968686 0.08961510862106212 0.22033998856480888 0.128091615885615 0.23550980010048275 0.13837993821800465 0.16588347346781984 1.0064098374335833
-9999.0 -9999.0 -9999.0 -9999.0 -9999.0 -9999.0 -9999.0 -9999.0 -9999.0 -9999.0 -9999.0 -9999.0 -9999.0 -9999.0 -9999.0 -9999.0 -9999.0 -9999.0 3.11660124353566e+16 0.16642005277282151 0.26862459545637823 0.20335404295514423 0.23006661882076002 4.144789701001811 0.1567823232523074 -9999.0 0.1503895465344277 -9999.0 0.4773033869135068 0.4195113582513332 0.3327607928707759 0.3282305030783155 0.33837299987934316 0.6210655603569875 0.29536587723719937 -9999.0 -9999.0 0.3118852821573738 -9999.0 -9999.0 0.059015248160301154 0.13484093215922527 -9999.0 0.6110714166764887 0.2565410759390202 -9999.0 -9999.0 -9999.0 0.05083765593648621 0.07991967170521203 0.28207233844357704 0.31121815353850796 0.24549747563361105 0.1141096136402541 0.2408632081534873 0.24320348884203594 0.2575732335845141 0.2116246955750929 0.17588104266037755 0.039746801145706626 0.04865437269950762
-9999.0 -9999.0 -9999.0 -9999.0 -9999.0 -9999.0 -9999.0 -9999.0 -9999.0 -9999.0 -9999.0 -9999.0 -9999.0 -9999.0 -9999.0 -9999.0 -9999.0 -9999.0 -9999.0 0.0006361646137586843 0.18453176587920442 0.23547912346322464 0.8321897121829336 0.305158646377136 0.24021500613906213 0.19753259549531185 0.1759529949169693 0.1557129628943019 0.6874464448349674 0.46914312777057443 0.5279686681655242 0.04467038622325839 0.007602898075705106 0.8882895293602099 -9999.0 0.33814454001374383 -9999.0 -9999.0 -9999.0 -9999.0 0.0783827564848122 0.22708881835286668 0.5530104433087585 0.2593360725777811 0.2279311829600779 -9999.0 -9999.0 0.17872751980079205 0.2519919186822252 0.16968246128616107 0.19734791249062586 0.19964769590922601 0.13767344448333738 -9999.0 0.15986476962417154 0.28828233526216435 0.15646608348850924 0.06634397368223761 0.002617691612590548 0.08546275928705997 0.04236040883716048
-9999.0 -9999.0 -9999.0 -9999.0 -9999.0 -9999.0 -9999.0 -9999.0 -9999.0 -9999.0 -9999.0 -9999.0 -9999.0 -9999.0 -9999.0 -9999.0 -9999.0 -9999.0 4.615134210117251e+16 0.3536449253562668 0.11420592963766266 0.2870771128597952 39.9401860176775 -9999.0 28.95012789620564 6.403095814923449 0.1993448402936647 0.8360700365157945 0.5351400168101408 0.5984374708716511 0.5773708746529799 0.02296754436845595 0.8235383302036188 0.026066890376065688 -9999.0 -9999.0 -9999.0 -9999.0 0.01128413477585451 0.09743295895548658 0.25364213164573235 0.2577942398868855 0.35730136537471513 0.31325545933548626 -9999.0 -9999.0 0.011800954696010621 0.6921648186990665 0.33104741547561445 0.2277529208090622 0.19439931863065962 0.23352261637970584 0.19715100586025755 -9999.0 0.19239466603668517 0.12422045746578485 0.12200206472838968 0.10508261585554972 0.08183895627052962 0.09715329835229257 0.050953921893351975
-9999.0 -9999.0 -9999.0 -9999.0 -9999.0 -9999.0 -9999.0 -9999.0 -9999.0 -9999.0 -9999.0 -9999.0 -9999.0 -9999.0 -9999.0 -9999.0 -9999.0 -9999.0 -9999.0 -9999.0 0.03786894304326446 0.48870679083452956 28.877616702955695 -9999.0 3.3273005957104265 7.123870407669356 0.6087143144593439 0.9248683789778894 1.2962522043556344 1.1092532589492505 -9999.0 -9999.0 -9999.0 -9999.0 -9999.0 -9999.0 -9999.0 0.0006606906888525419 0.003999112041012844 0.009617531287210563 0.012688640598896492 0.19571937166618023 -9999.0 -9999.0 0.5190437969155028 -9999.0 0.02593385034753944 0.09441864002745798 -9999.0 0.16434475672249688 0.16394712619005472 0.1305996103916114 -9999.0 -9999.0 6.974218076758521 0.009925161717390463 0.07108922469322719 0.05385422708983095 -9999.0 0.0810169072878422 0.09588075288970635
-9999.0 -9999.0 -9999.0 -9999.0 -9999.0 -9999.0 -9999.0 -9999.0 -9999.0 -9999.0 -9999.0 -9999.0 -9999.0 -9999.0 -9999.0 -9999.0 -9999.0 -9999.0 -9999.0 -9999.0 0.15085192469513214 13.634473475433163 -5.029574590069516e+16 -9999.0 0.13155542475941684 5.175045415300532 3.548231871534166e+16 3.9228970146445694 -9999.0 -9999.0 -9999.0 -9999.0 -9999.0 -9999.0 -9999.0 -9999.0 -9999.0 -9999.0 -9999.0 -9999.0 -9999.0 -9999.0 0.42434695349858753 0.5198535401107838 0.6109393002720074 -9999.0 0.02170724475249299 0.3594556027770455 0.5051454800097562 0.34259311851094787 0.22728154733578687 0.2000494897872452 0.8107325452118755 0.7321849804093619 1.2095039439436892 0.38021763809224307 1.0568821009503895 0.23934393718427133 0.12208889295411514 0.1723337029487288 0.09939528500451969
-9999.0 -9999.0 -9999.0 -9999.0 -9999.0 -9999.0 -9999.0 -9999.0 -9999.0 -9999.0 -9999.0 -9999.0 -9999.0 -9999.0 -9999.0 -9999.0 -9999.0 -9999.0 -9999.0 0.1403734676158879 0.031217313723085283 0.3786260315956497 10.623946679665046 -9999.0 111.19632759717645 -9999.0 -2.4935082826639056e+16 -9999.0 -9999.0 -2.1249076988907652e+16 -9999.0 -9999.0 -9999.0 -9999.0 -9999.0 -9999.0 -9999.0 -9999.0 -9999.0 -9999.0 -9999.0 0.5180067896498879 0.6653805068747737 0.6221970694986412 0.5436428626388623 -9999.0 -4.263352719305966e+16 190.4854625840811 0.7785110981620232 -9999.0 -9.123266479346795e+16 -9999.0 0.9103992435888745 1.3253876906095228 0.4015485373733168 0.5074290987294586 1.0422821592197864 0.7461375950450642 1.248644868955917 0.7979970666468434 0.013388860370430055
-9999.0 -9999.0 -9999.0 -9999.0 -9999.0 -9999.0 -9999.0 -9999.0 -9999.0 -9999.0 -9999.0 -9999.0 -9999.0 -9999.0 -9999.0 -9999.0 -9999.0 -9999.0 -9999.0 -9999.0 -9999.0 -9999.0 -9999.0 0.40154050118344997 -9999.0 -9999.0 4.981900478723343 2.3766462822377354 -9999.0 2.44095433051712e+16 3.32024708810477e+16 0.46292875779770787 -9999.0 -9999.0 -9999.0 -9999.0 -9999.0 -9999.0 -9999.0 -5.495515872285934e+16 -9999.0 -9999.0 0.6803929070922378 0.5050374110175802 0.11105158809971342 200.8640978333057 1023.7941107725572 0.7909759538329298 0.17640963473145027 -9999.0 0.5395477554223262 2.5104235877110708 0.3642772961495292 1.0501218548722981 0.4918097110792688 0.25782353113143 0.3526407728020742 0.9987069814625243 0.6808358080096479 0.4819267513067707 0.08067433264027249
-9999.0 -9999.0 -9999.0 -9999.0 -9999.0 -9999.0 -9999.0 -9999.0 -9999.0 -9999.0 -9999.0 -9999.0 -9999.0 -9999.0 -9999.0 -9999.0 -9999.0 -9999.0 -9999.0 -9999.0 0.026584497963252126 476.0251922068041 -9999.0 0.7295150548752802 0.45361482608565373 0.22483955195558913 0.771449672424694 8.350250064680592 -9999.0 -9999.0 701.6519900874345 8.639571285554133 0.8300424793693976 0.8584213707718995 1.0918294898889758 2.933852092742844e+16 -9999.0 2.4734638738787692e+16 4.359390511403497e+16 1.7702456396044566 -3.696100776836718e+16 -9999.0 20.803442239525083 2.098558104080512 0.03752161045995454 0.3038860234795531 0.33613084366881757 0.5069419554511635 0.7388589082341013 0.3708499759487918 1.0058119029532493 2.866010024149472 0.27063972696917543 0.9097391006611992 0.8919575895181867 0.1563538217187339 0.4975413533262454 0.3519210513253713 0.9672731155079639 0.7619355689625351 0.03569381531419737
