Model Version1.4/trunk/output/2010/fnup_max_gw.asc
ncols 720
nrows 360
xllcorner -180.0
yllcorner -90.0
cellsize 0.5
NODATA_value -9999.0
[rows 81 to 107 of 360, columns 549 to 609 of 720]
0.5191409243851437 1.987322262747322 -9999.0 -9999.0 -9999.0 2.2731607125311966 1.9328379494887218 2.4529389074904335 2.9207249495871546 3.7949471368127785 3.402555845964101 2.6992769777827808 3.8963446093348217 1.6976154405260697 1.6143125342137195 2.673032976737174 1.6805872727239184 1.6691735451917282 1.9658433428686841 1.784381999584683 1.8929158483387223 2.4751301797527687 2.3019211249562828 4.144710535549955 2.783357399533486 -9999.0 -9999.0 -9999.0 -9999.0 -9999.0 0.0197200093816541 0.023789349642277087 0.01999131267133688 4.403328269846341 3.047171241276075 1.1416183189697817 2.526711873322173 5.834128339304114 8.533100362863422 5.53777418085179 -9999.0 -9999.0 4.384099000599353 -9999.0 -9999.0 -1.2921141967219397e+17 -9999.0 -1.1792881045309122e+17 53.33363062784897 37.71983153634594 19.95301145867538 10.148227949010154 2.7990633505706577 3.4732665675916627 0.3595065761521642 28.176981153465885 23.29961110498011 48.73626691995048 5.650447835028219 4.24981141148222 1.6074664398670009
-9999.0 -6.017449266790854e+16 3.3271719415248837 2.3756104092212396 2.9019599533964437 5.164453696490167 2.540732841898805 3.9740976958642347 3.911143656788091 3.5154559437616664 3.0283422036201513 2.879067378248751 2.194563702728533 1.7781377824688174 2.3379735363003884 -1.2504664945218976e+17 2.048776577226025 2.082431352104364 2.178386613887917 2.350367335944167 2.9448758934474784 2.718202440531929 6.398841469939654 4.64348603926431 2.377664577605575 -9999.0 -9999.0 -9999.0 -9999.0 1.4701888144267103 4.060327034325669 2.7530908836546844 2.8405747284017844 0.660212880111092 2.9282212456457177 2.8329661276946516 2.725281705015212 4.062734860952429 -9999.0 -9999.0 -9999.0 -9999.0 -2.5471611858497482e+17 -9999.0 71.62986590329511 -9999.0 -9999.0 41.11385533906031 22.97851928825292 22.614000865199387 30.760713903231917 4.611501362246375 0.6003967405911887 0.8405794841951858 24.37132342193809 24.26539067670494 5.312691437532475 74.88068595880053 1.8236657828987812 5.027024832104504 9.15127686748257
-9999.0 -9999.0 -9999.0 -9999.0 -9999.0 -9999.0 2.057207040236742 2.0546508033353605 2.9262397811819096 2.0349714250197506 0.4747473689940515 3.373948042072868 2.8109396469115278 2.6168436873428034 2.7673328481419786 -9999.0 2.413706911998813 6.759404458292762 5.063793084733577 3.655001707036082 8.237917996699666 5.0884933318084515 3.8766485135801485 5.597759617088698 2.839834324185469 3.016437796245763 -9999.0 3.023301979898676 2.909969287831854 2.9549915707215137 6.253500536860189 3.176654194277344 3.0655172446208323 2.9604454473909128 7.0526355047723905 4.680856035538551 1.906291018559917 -2.0728505989881504e+16 -9999.0 -7.050471909216546e+16 9.359794272506154e+16 -4.230816034754658e+16 -2.2647965806931734e+17 1.6456347800563194e+17 2.8011166193743453e+17 -9999.0 219.48205961014898 -1.4922869724095427e+17 28.86941062597184 101.83607835096429 7.011635218765421 2.2349069632976826 0.6575717571709225 0.6366214309848415 66.34585262523626 63.06390760934313 8.556205514838075 2.5477409183799384 8.848529555833501 4.757748247689756 7.620899476402827
1.154507227083267e+17 0.11967986876141475 -9999.0 -1.0404420857570914e+17 3.0534700451763284 0.4546821757329634 -9999.0 -9999.0 -9999.0 1.8287262766656986 2.101671170612734 1.757347123891934 1.9515782540822622 2.49550852285593 1.8432365194164018 5.84177265337986 -9999.0 -9999.0 0.1490608831560559 -9999.0 -9999.0 -9999.0 -9999.0 -9999.0 3.996245375411051 2.7131501065795316 4.27225774562626 -9999.0 -9999.0 3.452452940303563 -6.282995560911784e+16 7.016729399230155e+16 -9999.0 0.911298248607746 -5.2805645751919624e+16 -9999.0 -9999.0 1.1343236879600753 -9.387066516717398e+16 -9999.0 -9999.0 -9999.0 1.2527659119306365e+17 204.91618664320126 168.94630796700457 15636.397587979942 1728.040475070683 12.548040079930953 1.3201753674032595e+17 11.357736549799137 2.4223825668788344 2.6055236651621305 1.5519789743451935 0.2865031118182441 142.18783364682082 110.62641121024664 6.99071607220571 7.5712787210526225 5.273792886819461 3.9181816558460225 11.597647428165486
-9999.0 -9999.0 -9999.0 6.732097436222801 -9999.0 3.1406483952880544 2.8623436469327466e+17 -9999.0 -9999.0 1.4099252930502642 2.372880523111604 1.89988320070623 0.4510150089872222 1.6525377078458832 2.237464778970132 2.1763358198326834 12.93505556063784 5.577376934601063 3.457965012306716 -5.387005502894477e+16 -9999.0 -9999.0 -9999.0 -9999.0 -9999.0 -9999.0 4.52051961329056e+16 -8.606221132554094e+16 -9999.0 3.914804197152162e+16 0.9844182728624717 -9999.0 3.725021805783291 1.1335063500029668e+16 -9999.0 -9999.0 -9999.0 -9999.0 -9999.0 -9999.0 -9999.0 -9999.0 -9999.0 -9999.0 -9999.0 9.957491098973338e+16 -9999.0 2.3208608959934372e+16 -9999.0 5.963088102190486 0.47213715876552953 2.373007241015207 0.4968624042602938 -9999.0 -8.563139536397835e+16 101.56826898308333 6.4436297275285925 5.44402774537184 6.8916589029765 15.823907531655246 12.985383725133378
-9999.0 -9999.0 6.990188463044368 12.902793045998587 3.691764700656174e+16 -1.0218326969951131e+17 -9999.0 -9999.0 -9999.0 -9999.0 -9999.0 0.5750390340917784 0.4130906120950286 1.8270882954518337 1.712064144309654 1.6294293255560925 3.3085509587773205 10.157947753228347 -9999.0 -9999.0 -9999.0 -9999.0 -9999.0 -9999.0 -9999.0 -9999.0 -9999.0 -9999.0 -9999.0 9.335741980314994e+16 -9999.0 -9999.0 -9999.0 -9999.0 -9.272709565709357e+16 -9999.0 -9999.0 -9999.0 -9999.0 -9999.0 -9999.0 -9999.0 -9999.0 -9999.0 -9999.0 -9999.0 7.1920094627298664e+16 2.0358569588543007 62.40660073575694 1.6218776846399108 3.1330527265966217 2.7994482801614153 5.3448818241929576e+16 -9999.0 1.8954264671560858e+17 -9999.0 10.989826592824818 16.951447512974887 7.076387895295434 4.042339530858403 28.651424858392204
-9999.0 -1.1336807778338002e+17 12.169252569084614 -9999.0 -9999.0 16.25861805070064 -9999.0 -9999.0 24.375171253272544 -9999.0 -9999.0 -9999.0 3.7179748577489424 -9999.0 0.2513247661233088 8.710347524294288 -9999.0 -9999.0 -9999.0 -9999.0 -9999.0 -9999.0 -9999.0 -9999.0 -9999.0 -9999.0 -6.23899166559769e+16 -9999.0 -9999.0 -9999.0 -9999.0 -9999.0 -9999.0 -9999.0 -9999.0 -9999.0 -9999.0 -9999.0 -9999.0 -9999.0 -9999.0 -9999.0 -3.123891118195623e+16 -9999.0 -9999.0 1.8544188551547677e+17 129.54884855961615 84.7172586037618 19.206072187960146 48.235735888328975 6.704413084315485 3.150532074826426 15.25580187337635 -9999.0 -1.5593639269824474e+17 14.07144943478359 17.428809491922717 5.735817426424836 24.839887405730526 11.491237832221262 9.146221703129198
-9999.0 -9999.0 -9999.0 -8.834104419323227e+16 -9999.0 -5.411032438807899e+16 -9999.0 19.92426411039444 -9999.0 -9999.0 -9999.0 -9999.0 6.303146188558062e+16 -9999.0 -9999.0 -9999.0 -9999.0 -9999.0 6.236605411851866 -9999.0 -9999.0 -9999.0 -9999.0 -9999.0 -9999.0 -9999.0 -9999.0 -9999.0 -9999.0 -9999.0 -9999.0 -1.2769346552342794e+17 -9999.0 -9999.0 -9999.0 1.2183966590664707e+17 -9999.0 1.0185731982026531e+17 -9999.0 -9999.0 -9999.0 -9999.0 -9999.0 -4.4338476350367744e+17 355.0682487598274 98.99727535263871 1046.7825477827244 -9999.0 24.884748746963766 7.714634353310671 6.062762660379599 3.8952256390030633 4.3733350476794435 -9999.0 11.983834562799345 8.919943438145774 20.217709921024277 6.397541500877285 5.098682693199628 12.784538725692522 3.4334994852940883
-9999.0 -9999.0 -9999.0 -9999.0 5.769784585563248 -9999.0 5.7534468779894254 -9999.0 16.432739483590993 -9999.0 -9999.0 7.496888230375758 -9999.0 -9999.0 -9999.0 -9999.0 -9999.0 -9999.0 11.840087150794924 -9999.0 -9999.0 -9999.0 -9999.0 -9999.0 -9999.0 -9999.0 -9999.0 -9999.0 -9999.0 -9999.0 -9999.0 -9999.0 -9999.0 -9999.0 -9999.0 -9999.0 -9999.0 -9999.0 -9999.0 -9999.0 -9999.0 -9999.0 1637.7684213294901 3.5633934671269645e+17 -9999.0 -9999.0 7.886839000727709e+16 11.72382397103978 6.108770586046591 5.600588174240992 4.977022190246525 5.1231802955795445 1.11560133310468 11.674366275661392 18.67730378631208 18.41201746527753 14.10131735257582 4.879484254667905 2.879996792200651 9.541139113546663 6.4056268018556155
-9999.0 -9999.0 -9999.0 -9999.0 7.369515852192805 -9999.0 -9999.0 -9999.0 37.06269682152244 -9999.0 -9999.0 19.450265288068824 -9999.0 -9999.0 -9999.0 -9999.0 -9999.0 -9999.0 -9999.0 -9999.0 -9999.0 -9999.0 -9999.0 -9999.0 -9999.0 -9999.0 -9999.0 -9999.0 -9999.0 -9999.0 -9999.0 -9999.0 -9999.0 -9999.0 -9999.0 -9999.0 -9999.0 -9999.0 -9999.0 3.9867113195131725e+17 -2.033242431489169e+17 -9999.0 1.7130033415020573e+17 -1.9721775578377613e+17 1354.1638933886538 -9999.0 15.05662393521247 35.708294639425425 6.708771750831074 1.336589458776952 5.23956803026649 5.768873923200667 5.765637491354629 15.237404911337325 31.586790438346537 233.61142676937303 21.473450037419983 15.594477172931558 17.080586800047683 14.867924729568582 11.227371467781841
-9999.0 -9999.0 -9999.0 -9999.0 -9999.0 -9999.0 -9999.0 -9999.0 -9999.0 -9999.0 -9999.0 -9999.0 -9999.0 -9999.0 -9999.0 -9999.0 -9999.0 -9999.0 -9999.0 -9999.0 -9999.0 -9999.0 -9999.0 -9999.0 -9999.0 -9999.0 0.9362881439408133 -9999.0 -9999.0 -9999.0 -9999.0 -9999.0 -9999.0 -9999.0 -9999.0 -9999.0 -9999.0 -9999.0 -9999.0 -9999.0 3.682663284558186e+17 -9999.0 -9999.0 1012.9794682449534 -9999.0 572.9536758883326 52.56987499067608 4.744030524656206 9.982639838704257 7.2843612039266175 10.116903825089445 18.689262697187306 135.64663888700196 -9999.0 32.889020634392644 17.005668163461745 1.989600181819412e+17 13.229915273830787 25.968334583723475 9713.326498719718 16.15651364524805
-9999.0 -9999.0 -9999.0 -9999.0 -9999.0 -9999.0 -9999.0 -9999.0 -9999.0 -9999.0 -9999.0 -9999.0 -9999.0 -9999.0 -9999.0 -9999.0 -9999.0 -9999.0 -9999.0 -7.1855452734786456e+16 7.070038709547649 -9999.0 0.6173295959126146 -9999.0 -9999.0 -9999.0 7.761082614106721 8.717070079690789e+16 -9999.0 -9999.0 -9999.0 -9999.0 -9999.0 -9999.0 -9999.0 -9999.0 -9999.0 -9999.0 -5.3543832272058323e+17 -9999.0 -9999.0 -9999.0 -1.7922555617802198e+17 738.8652494449467 1.4816928948723386e+17 5.165447161981925 14.644637237471773 6.5541399907713656 5.349662387893958 8.22309495982173 1.6364485134345504e+17 7.990270595626506 6.324082055225768e+16 1273.7276404286822 411.98482403756134 16.853248340120107 17.23894639098905 16.190109810771556 13.943853643562619 11.9143489646652 9.093250923230158
-9999.0 -9999.0 -9999.0 -9999.0 -9999.0 -9999.0 -9999.0 -9999.0 -9999.0 -9999.0 -9999.0 -9999.0 -9999.0 -4.2808985923337336e+16 -9999.0 -9999.0 -9999.0 -9999.0 1.4600793311046067 -9999.0 -9999.0 -9999.0 -9999.0 -9999.0 -9999.0 -9999.0 -9999.0 -9999.0 -9999.0 -9999.0 -9999.0 -9999.0 -9999.0 -9999.0 -9999.0 -9999.0 -9999.0 -9999.0 -9999.0 328.3318585195656 -9999.0 -9999.0 -1.745604323034581e+17 -1.8700041217353738e+17 -9999.0 5.516629593136521 21.056651002611723 1186.1623031186084 735.0803310009796 -9999.0 26.965940136811216 -1.1460826957916973e+17 -1.3904761775472696e+17 7.333017055884406e+16 24.640536310155937 30.065670506529337 -3.5078540011056828e+16 551.9982962463474 350.3569350249264 14.008921812717254 6.247557961655529
-9999.0 -9999.0 -9999.0 -9999.0 -9999.0 -9999.0 -9999.0 -9999.0 -9999.0 -9999.0 -9999.0 -9999.0 -9999.0 -9999.0 -9999.0 -9999.0 -9999.0 -9999.0 -9999.0 -9999.0 -9999.0 10.688668281344475 -9999.0 -9999.0 -9999.0 -9999.0 -9999.0 7.034372479468428 -9999.0 -9999.0 -9999.0 -9999.0 -9999.0 -9999.0 -9999.0 -9999.0 -9999.0 -9999.0 -9999.0 3.782581545202396e+17 -4.1210390060713786e+17 -9999.0 1.9951604295940467e+17 -9999.0 -9999.0 11.25363962571521 16.169396018623715 34.903428549396544 5.59005051105802e+16 8.634257828997947 32.87470558952479 -1.0821792143296384e+17 32.97765034629469 2.1624201348999472e+17 20.17384463567616 59.48426028438642 39.2898784100772 44.14124669262516 47.89248110017619 7.618711276625341 3.175893253901597
-9999.0 -9999.0 -9999.0 -9999.0 -9999.0 -9999.0 -9999.0 -9999.0 -9999.0 -9999.0 -9999.0 -9999.0 1.5822452126892886e+17 -1.0353486565213963e+17 -9999.0 -9999.0 -9999.0 -9999.0 -9999.0 -9999.0 -9999.0 -9999.0 -9999.0 -9999.0 -9999.0 -9999.0 -9999.0 -9999.0 -9999.0 -9999.0 -9999.0 -9999.0 -9999.0 -9999.0 -9999.0 -9999.0 -9999.0 -9999.0 -9999.0 69.41234881462083 -2.0882324279229053e+17 -1.5360680687068502e+17 28.662744832499108 22.407840904363372 110.52513512799237 8.942177341877903 6.500063256403657 3.03418590975291 3.883674513939034 3.020603990617855 3.4143568143069207 108.63348839542499 4185.644054037263 -2.8478502756097002e+17 5.4238737001768005 15.61203909382821 4.218507267663021 18.83323274422284 9.493603921581755 2.6876969533734045 1.9439932434943539
-9999.0 -9999.0 -9999.0 -9999.0 -9999.0 -9999.0 -9999.0 -9999.0 -9999.0 -9999.0 -9999.0 -9999.0 4.3206707342247626 -9999.0 -9999.0 -9999.0 -9999.0 -9999.0 -9999.0 -9999.0 -9999.0 -9999.0 -9999.0 -9999.0 -9999.0 -9999.0 -9999.0 -9999.0 -9999.0 -9999.0 -9999.0 -9999.0 -9.215070836029013e+16 -1.6979407473231062e+17 -3.82997102181295e+17 1.5651491676366717e+17 -4.202219072939472e+17 83.66274710480019 8.178764507966475e+16 2.063975467905033e+17 23.99525858160388 36.18533389599508 15.324896467836789 13.166436402384251 5.277581413704769 6.249973923387872 6.270702527205826 5.171329593601841 5.270169338014898 2.6130709134801986 4.182700159426471 21.995448804604308 14.810139640049085 7.043476694614027 4.450664563451875 102.41440818162293 8.11049313909232 9.434132640599776 4.69864792473579 1.6819389684590162 2.570273999657731
-9999.0 -9999.0 -9999.0 -9999.0 -9999.0 -9999.0 -9999.0 -9999.0 -9999.0 -9999.0 -9999.0 -9999.0 -9999.0 -9999.0 -9999.0 -9999.0 -9999.0 -9999.0 -9999.0 -9999.0 -9999.0 -9999.0 -9999.0 -9999.0 -9999.0 27.341470651978156 15.903955912848632 9.167705042675758 -1.4902096461906797e+17 -7.667607913301094e+16 17.032401148492283 13.423049703083 10.4125662052239 11.26756651873164 6.153702002437364 4.44000408336627 4.416175688339888 29.627474773951217 -5.295256232706043e+16 -9999.0 13.815361321579948 5.537536290946924 3.7498374055996138 6.536577924898073 5.192918843912792 5.2822305862775245 2.6525127730961597 8.295099980518332 3.1078063882138864 6.789099591987194 6.6593926743729766 1303.1020327952963 10.931360133342766 6.55248814606001 5.316383206610649 13.156300082486434 8.050047082828542 5.44840969620309 2.91155705529974 2.402544784721917 1.6626450535578658
-9999.0 -9999.0 -9999.0 1.0888951889530832e+17 -6.6129672796752936e+16 -9999.0 -9999.0 -9999.0 -9999.0 -9999.0 -9999.0 -9999.0 -9999.0 -9999.0 -9999.0 -9999.0 -9999.0 -9999.0 -9999.0 -9999.0 -9999.0 -9999.0 -9999.0 -9999.0 97.69551178920062 84.11282766484327 34.38043654317641 34.91007192450123 -1.0959704985077098e+17 23.211583975175703 14.712834118209848 4.829371267347686 5.879836638797503 8.985416394011702 7.359454988912192 3.990313013155068 -7.813937482677128e+16 -9999.0 6.589488615244586 7.630676032062494 4.545467810560238 4.935442812921749 5.690192694947753 3.545682831987617 10.780368223057406 7.958623115201105 5.224548388305403 7.3696797294195635 7.044624811397342 5.189951933774513 7.131715717491273 4.8801778637496565 4.433453418538235 2.1430302340083895 2.618288090452865 7.396464346546673 7.3069522539960525 3.1818089231105935 3.369144709125872 2.298803369732651 1.8372609075942141
63.973830290477046 -9999.0 -9999.0 -9999.0 1.3905233749546112e+17 83.96464814988936 -7.359179490959624e+16 -9999.0 -1.0610233763620858e+17 -7.336443122231931e+16 9.03687181467931 -9999.0 -9999.0 -9999.0 -9999.0 -9999.0 -9999.0 -9999.0 -9999.0 -9999.0 -9999.0 -9999.0 -9999.0 -9999.0 89.70538107141583 38.9995358291958 -9999.0 -9999.0 -9999.0 -9999.0 88.78588407829733 3381.4878793211988 197.24140677751151 7.956006900225286 1.391123151081193e+17 575.3570753172909 6.687752782374237 5.8257227030471554 5.471311659164534 6.1436805212363765 2.7616851091056436 4.4026533889402755 3.9584987338295976 7.15894452869307 9.228579283032449 12.725178139324825 29.88347682620426 4.292788268824826 4.41698089471429 8.11088093325144 3.7441190340094677 5.928844184159157 26.074152462504603 -9999.0 -9999.0 3.0867727364029767 9.189179702376167 3.7305873720541283 10.69827173899851 1.2083975377077374 0.014081368379082517
-9999.0 -9999.0 -9999.0 -9999.0 6.127011557202879e+17 16.24302789992916 10.413766765474454 26.33213901932142 37.36775256738136 1353.9653963382702 1523.2522727133407 -9999.0 -9999.0 -9999.0 -9999.0 -9999.0 -9999.0 -9999.0 -9999.0 -9999.0 -9999.0 -9999.0 -9999.0 -9999.0 20.723799107865492 -9999.0 -9999.0 -9999.0 -9999.0 -9999.0 185.59689875311315 3.241689386307724e+17 43.23548953797229 -1.7829903692088192e+17 1006.5341653924283 3992.8780737369443 2.6819255296461435 5.269101851986479 2.594265112685883 3.267001780397843 9.807354734522015 6.427490383700928 9.292077963059052 9.464256650427368 7.066099117578461 21.326669125213957 7.745239535108039 7.065019355928211 13.253378127872207 6.652290660855949 6.439079529833119 -9999.0 -9999.0 9.303596415963245 5.260360883391437 3.3053571333226173 3.269982578603708 6.339925583488997 3.7580727146278 -9999.0 0.36660752218944664
-9999.0 -9999.0 -9999.0 -9999.0 -9999.0 -9999.0 -9999.0 -9999.0 25.49310069564009 23.711250007307456 23.081656911294193 23.85655654402091 -9999.0 -1.1456264078805178e+17 -9999.0 -9999.0 -9999.0 -9999.0 -6.886693344541883e+16 -9999.0 -9999.0 -9999.0 -9999.0 -9999.0 10.194470130160354 28.66073291897463 16.637606016931944 -9999.0 -9999.0 -5.5131226559910184e+16 -9999.0 -9999.0 320.3133897091208 1.4305550700907808e+17 5.803213281696176 29.944027912305533 2.4251286560579075 2.0824694983516743 2.347723231923727 3.8760270891401927 3.667403108527544 5.1624237171975205 12.398774055774869 7.260492085686846 7.4237828378788295 7.7937616208084535 4.585667353779737 3.158733588820013 4.966482749447862 8.825484250618617 -9999.0 -9999.0 -9999.0 3.886611623140824 5.385291178942539 6.424911428299071 -9999.0 -9999.0 -9999.0 -9999.0 -9999.0
-9999.0 -9999.0 -9999.0 -9999.0 -9999.0 -9999.0 -9999.0 -9999.0 -9999.0 -9999.0 24.57124147820698 20.033421683805425 16.039861457289724 51.41872242215449 16.74968658100262 31.566970214703343 16.47439044542279 262.4344722853439 656.3672602487053 -9999.0 -9999.0 -9999.0 9.317619844431219 12.37395022822822 11.107604508889814 45.65966110417628 -9999.0 -9999.0 -3.8623533068395936e+17 -9999.0 -9999.0 10.560001613259987 -7.985656992130778e+16 14.309604744427794 1.422759803980899 1.746309665373041 2.322791957670976 2.257130642272237 5.4955471816377335 7.596825707926314 13.091124631456381 10.07027186380999 6.257667829917916 5.776515678491289 9.629991716496427e+16 15.423752473005774 1.8299191958366496 -9999.0 -9999.0 -9999.0 -9999.0 -9999.0 -9999.0 4.492572168530445 6.767254412098046 -9999.0 -9999.0 -9999.0 -9999.0 -9999.0 -9999.0
6.67448535706933e+16 -9999.0 -9999.0 -9999.0 -9999.0 -9999.0 -9999.0 -9999.0 -9999.0 -9999.0 -9999.0 15.984337361470496 9.450906714945686 16.543148912099145 22.079394042785882 18.663391030221106 27.048130368626218 -9999.0 -9999.0 -9999.0 -9999.0 -9999.0 13.731494353413092 19.199611932091283 70.31223108127902 -9999.0 -9999.0 1.6100506935441792e+17 8.857967855010987e+16 1.3125603965389792e+17 11.248635746735008 80123.14703387249 -1.6304831475388058e+17 8.582521043931793 2.870889768901839 1.4529671966905493 3.68848491423023 1.9723358644883013 2.829643534821392 8.503119660740804 11.532129984608183 5.729753172843076 9.648510397611819 12.555191371246263 12.319195956199541 24.053697978195647 1.1448846923584288 0.6775337247710078 0.7050770326414546 -9999.0 -9999.0 -9999.0 -9999.0 -9999.0 -9999.0 -9999.0 -9999.0 -9999.0 -9999.0 -9999.0 0.3423407729132832
-9999.0 -9999.0 -9999.0 -9999.0 -9999.0 -9999.0 -9999.0 -9999.0 -9999.0 -9999.0 -9999.0 -9999.0 -9999.0 3.747834136292079 3.218582274326666 3.9008741811947325 11.200628939199296 18.577328285179064 15.26832619429777 20.119633197959693 -9999.0 28.595448414182627 23.38683865171473 25.326866978169672 -9999.0 1.4766281814524427 97.96751016317528 -1.7002391666811968e+17 -8.617209892113878e+16 1323.8946001156646 175.20486280706436 3184.238039061562 -9.604611350475722e+16 10.006074870660669 3.6209826703453873 3.351758954310191 5.534253912180668 3.1245074360356124 3.733366448924898 21.09205701123996 5.8348874178905294 6.171966427862872 15.523209040118699 3611.9273663522144 10.283564321824247 5.474311218311501 4.734186277790131 4.573765777462353 2.049136664004574 -9999.0 -9999.0 3.7063088069093935 3.9748956158750204 3.697446477097112 -9999.0 -9999.0 -9999.0 -9999.0 -9999.0 -9999.0 -9999.0
-9999.0 -9999.0 -9999.0 91.24077026453102 -3.7415984825593856e+17 31.320862076942642 -9999.0 18.771131526830114 19.67014499613202 2.10316009393899e+17 2.2045506802505357e+17 -2.411417816225655e+17 3.2491588784081875 5.169173879352354 4.095123337110916 5.991694682999453 4.6932735556676946 5.445398121941934 3.790220187283469 8.860953361251557 6.761894590456257 5.894283473335874 4.8967950771647955 5.317188401278657 5.562018593137376 1.804631236414815e+17 168.9962458062963 192.06438002393062 753.0229263759209 155.2774975239314 5187.4547238073 2152.2809945436347 -1.6310813230081366e+17 2.7995273125394107 2.740284859611587 2.256382335352903 2.0744977742047177 1.6943601292682888 1.6984027826209058 3.626899334466344 12.795968469248837 24.411774462699093 9.075377102557809 5.097322336143452 4.0873352121416735 4.700837881603909 3.187993810943496 4.313997927288949 1.5021921557768256 0.5517988472809469 1.8059017442490624 5.107629349187539 2.0928348447369065 29.881587532129306 17.62858060317519 5.675983020618024 1.6640135627680035 -9999.0 -9999.0 -9999.0 -9999.0
-9999.0 47.744325582392825 20.36596273767038 9.588374531467291 6.842826354591724 10.229196404887011 16.946854394301802 20.443461775994376 4.764850372132157 9.832894460352268 -9999.0 -1.2924142405662589e+17 -5.551312293561066e+16 8.265126265163596 13.155188793428781 5.701177226654196 55.802083743779455 8.486287036159776 20.686096544119856 7.666045404459949 6.33468749533338 5.453709520357589 4.702919350921142 1034.172694808771 149.69983757812278 1.1763453135985043e+17 5.7072463267686584e+16 704.1886681335427 21.37192003488698 9.313286940426064 125.39920965237734 508.7033386336238 1.927104875265531 1.3916965032386064 4.397809128785748 3.527152332460603 4.171788966011117 8.575965581373719 3.6420679297468213 5.567351609308102 10.411679717809687 12.005028015552735 5.237524088180593 9.68586073505954 11.610090996760153 3.901799045089521 4.212823242242254 2.1583421572235877 2.7038450542810466 2.9932806812296273 4.297075400348188 1.909862461595671 2.0779807150146197 3.5810273156148127 3.3790613505595153 4.369268264427048 -9999.0 -9999.0 -9999.0 -9999.0 -9999.0
19.710120578017463 24.518510626314104 15.890901821140057 7.321344988436802 5.818071458757595 6.690402597616402 9.323944197550983 2.2950414279811056 -9999.0 3.0702019150680755 2.730850543071759 2.796298708690502 1.4358692069147356 1.0064315973455482 5.013156878052288 5.221405556655647 5.298354984586403 8.930966907558062 21.136715110635652 19.492743028385647 16.903252234501515 29.660410332191553 229.371309324099 5.831252153168629 2253.0852784769995 -9999.0 1937.1193439513097 7.883123705677523 11.386135204689811 5.301666906980637 6.323948935180337 8.7924855263351 1.1598359068878008 1.4652751525316146 3.2654787171361286 1.5987240283062696 2.921249108668991 2.4400677740216445 2.1291066008845974 9.009346494349808 10.62966142606198 7.601026799779695 3.2961561342601695 6.760204616443537 8.443445355381904 2.886197074646888 1.9158104153957547 161.30853234544935 441.10942874319653 7.934012954528832 6.253006727591964 4.995001438971711 20.572630685892182 -9999.0 -9999.0 -9999.0 -9999.0 -9999.0 -9999.0 -9999.0 -9999.0
