Model Version1.4/trunk/output/2010/fnup_max_sw.asc
ncols 720
nrows 360
xllcorner -180.0
yllcorner -90.0
cellsize 0.5
NODATA_value -9999.0
[rows 54 to 80 of 360, columns 480 to 539 of 720]
-9999.0 -9999.0 -9999.0 -9999.0 -9999.0 -9999.0 -9999.0 -9999.0 -9999.0 0.0005238376576239569 0.004792624628103379 0.0051887467095508314 -9999.0 -9999.0 -9999.0 -9999.0 -9999.0 -9999.0 -9999.0 -9999.0 -9999.0 -9999.0 -9999.0 -9999.0 -9999.0 -9999.0 0.00044271324332174905 0.0006197814569156375 -9999.0 -9999.0 -9999.0 -9999.0 -9999.0 -9999.0 -9999.0 -9999.0 -9999.0 -9999.0 -9999.0 -9999.0 -9999.0 -9999.0 -9999.0 -9999.0 -9999.0 -9999.0 -9999.0 -9999.0 -9999.0 -9999.0 -9999.0 -9999.0 -9999.0 -9999.0 -9999.0 -9999.0 -9999.0 -9999.0 -9999.0 -9999.0
-9999.0 -9999.0 -9999.0 -9999.0 -9999.0 -9999.0 -9999.0 -9999.0 -9999.0 -9999.0 0.0012167107741953137 0.0014619089307591393 -9999.0 -9999.0 -9999.0 -9999.0 -9999.0 -9999.0 -9999.0 -9999.0 -9999.0 -9999.0 -9999.0 -9999.0 -9999.0 -9999.0 0.0003482760512230598 0.0005388298514297437 -9999.0 -9999.0 -9999.0 -9999.0 -9999.0 -9999.0 -9999.0 -9999.0 -9999.0 -9999.0 -9999.0 -9999.0 -9999.0 -9999.0 -9999.0 -9999.0 -9999.0 -9999.0 -9999.0 -9999.0 -9999.0 -9999.0 -9999.0 -9999.0 -9999.0 -9999.0 -9999.0 -9999.0 -9999.0 -9999.0 -9999.0 -9999.0
-9999.0 -9999.0 -9999.0 -9999.0 -9999.0 -9999.0 -9999.0 -9999.0 -9999.0 -9999.0 -9999.0 -9999.0 -9999.0 -9999.0 -9999.0 -9999.0 -9999.0 -9999.0 -9999.0 -9999.0 -9999.0 -9999.0 -9999.0 -9999.0 -9999.0 -9999.0 -9999.0 -9999.0 -9999.0 -9999.0 -9999.0 -9999.0 -9999.0 -9999.0 -9999.0 -9999.0 -9999.0 -9999.0 -9999.0 -9999.0 -9999.0 -9999.0 -9999.0 -9999.0 -9999.0 -9999.0 -9999.0 -9999.0 -9999.0 -9999.0 -9999.0 -9999.0 -9999.0 -9999.0 -9999.0 -9999.0 -9999.0 -9999.0 -9999.0 -9999.0
-9999.0 -9999.0 -9999.0 -9999.0 -9999.0 -9999.0 0.0006623483105694188 -9999.0 -9999.0 -9999.0 -9999.0 -9999.0 -9999.0 -9999.0 0.0003755686725182088 -9999.0 -9999.0 0.001731910456749769 0.0002619862172185847 -9999.0 -9999.0 -9999.0 -9999.0 -9999.0 -9999.0 0.0010601338671609025 0.0014106377556664406 -9999.0 -9999.0 -9999.0 -9999.0 0.000986045179681114 0.0018951708116296206 -9999.0 -9999.0 -9999.0 -9999.0 -9999.0 -9999.0 -9999.0 -9999.0 -9999.0 -9999.0 -9999.0 -9999.0 -9999.0 -9999.0 -9999.0 -9999.0 -9999.0 -9999.0 -9999.0 -9999.0 -9999.0 -9999.0 -9999.0 -9999.0 -9999.0 -9999.0 -9999.0
-9999.0 -9999.0 -9999.0 -9999.0 -9999.0 -9999.0 -9999.0 -9999.0 -9999.0 -9999.0 -9999.0 -9999.0 -9999.0 -9999.0 -9999.0 -9999.0 -9999.0 -9999.0 -9999.0 -9999.0 -9999.0 -9999.0 -9999.0 -9999.0 -9999.0 0.0006978171165189758 -9999.0 -9999.0 -9999.0 -9999.0 -9999.0 -9999.0 -9999.0 0.0029769067390582895 -9999.0 0.0004906613094911564 -9999.0 -9999.0 -9999.0 -9999.0 -9999.0 -9999.0 -9999.0 -9999.0 -9999.0 -9999.0 -9999.0 -9999.0 -9999.0 -9999.0 -9999.0 -9999.0 -9999.0 -9999.0 -9999.0 -9999.0 -9999.0 -9999.0 -9999.0 -9999.0
-9999.0 -9999.0 -9999.0 -9999.0 -9999.0 -9999.0 -9999.0 -9999.0 -9999.0 -9999.0 -9999.0 -9999.0 -9999.0 -9999.0 -9999.0 -9999.0 -9999.0 -9999.0 -9999.0 -9999.0 -9999.0 -9999.0 -9999.0 -9999.0 -9999.0 -9999.0 -9999.0 -9999.0 -9999.0 -9999.0 -9999.0 -9999.0 -9999.0 -9999.0 -9999.0 -9999.0 -9999.0 -9999.0 -9999.0 -9999.0 -9999.0 -9999.0 -9999.0 -9999.0 -9999.0 -9999.0 -9999.0 -9999.0 -9999.0 -9999.0 -9999.0 -9999.0 -9999.0 -9999.0 -9999.0 -9999.0 -9999.0 -9999.0 -9999.0 -9999.0
0.1302281752085131 5.2481144269476125 -9999.0 -9999.0 -9999.0 -9999.0 -9999.0 -9999.0 -9999.0 -9999.0 3.760606100386177e-05 2.1315094884075347e-05 -9999.0 -9999.0 5.413453760510702e-06 -9999.0 -9999.0 -9999.0 -9999.0 -9999.0 -9999.0 -9999.0 -9999.0 -9999.0 -9999.0 -9999.0 -9999.0 -9999.0 -9999.0 -9999.0 -9999.0 -9999.0 -9999.0 -9999.0 -9999.0 -9999.0 -9999.0 -9999.0 -9999.0 -9999.0 -9999.0 -9999.0 -9999.0 -9999.0 -9999.0 -9999.0 -9999.0 -9999.0 -9999.0 -9999.0 -9999.0 -9999.0 -9999.0 -9999.0 -9999.0 -9999.0 -9999.0 -9999.0 -9999.0 -9999.0
-9999.0 0.0015655545432454487 -9999.0 0.00011088656212117385 -9999.0 -9999.0 -9999.0 -9999.0 -9999.0 -9999.0 -9999.0 0.021842570525075707 0.0026734302714502335 4.687594704567219 7.620184551005448e-06 -9999.0 -9999.0 3.192186055162185e-05 -9999.0 -9999.0 -9999.0 -9999.0 -9999.0 -9999.0 -9999.0 -9999.0 -9999.0 -9999.0 -9999.0 -9999.0 -9999.0 -9999.0 -9999.0 -9999.0 -9999.0 -9999.0 -9999.0 -9999.0 -9999.0 -9999.0 -9999.0 -9999.0 -9999.0 -9999.0 -9999.0 -9999.0 -9999.0 -9999.0 -9999.0 -9999.0 -9999.0 -9999.0 -9999.0 -9999.0 -9999.0 -9999.0 -9999.0 -9999.0 -9999.0 -9999.0
-9999.0 7.98056023379426e-05 -9999.0 0.0006042182663540137 7.021040057518663e-05 -9999.0 -9999.0 -9999.0 -9999.0 3.232533633608215e-05 0.0012604157581757932 4.957750061499662 0.5266082449779658 2.7315276714836476 -9999.0 -9999.0 8.67242459391344e-06 -9999.0 3.4496339905805554e-06 -9999.0 -9999.0 -9999.0 -9999.0 -9999.0 -9999.0 -9999.0 -9999.0 -9999.0 -9999.0 -9999.0 -9999.0 -9999.0 -9999.0 -9999.0 -9999.0 -9999.0 -9999.0 -9999.0 -9999.0 -9999.0 -9999.0 -9999.0 -9999.0 -9999.0 -9999.0 -9999.0 -9999.0 -9999.0 -9999.0 -9999.0 -9999.0 -9999.0 -9999.0 -9999.0 -9999.0 -9999.0 -9999.0 -9999.0 -9999.0 -9999.0
0.003970597556318666 0.024660130277553153 0.00013885476905715425 0.0030440143454900704 0.00010780352189384608 0.002852358012113684 5.07277207704459 4.467412813023143 -9999.0 4.478900800011209 4.946209265624681 4.955828123487821 0.0017964263392616395 5.021868944620074 5.111785250427754 5.363569096825026 7.688548224890004e-05 5.963788316414787e-05 -9999.0 -9999.0 -9999.0 -9999.0 -9999.0 -9999.0 -9999.0 8.134534605770277e-06 -9999.0 -9999.0 -9999.0 -9999.0 -9999.0 -9999.0 -9999.0 -9999.0 -9999.0 -9999.0 9.508471825718998e-05 -9999.0 -9999.0 -9999.0 -9999.0 -9999.0 -9999.0 -9999.0 -9999.0 -9999.0 -9999.0 -9999.0 -9999.0 -9999.0 5.434124456323025 -9999.0 -9999.0 -9999.0 -9999.0 -9999.0 -9999.0 -9999.0 -9999.0 -9999.0
0.008288429779452254 0.003056458486647851 0.004821659237844341 0.16382944390800905 0.024082939538556416 4.663817662405752 4.8994827901754645 5.053603951457744 5.137323528573655 5.057703252690882 4.813282283213007 0.003751226564153543 4.436182669149766 0.012573604806661967 4.665099206941145 0.0013320084384915646 0.0003238408951823731 0.0016235943543184473 0.0004303702821591595 0.00020348592176017003 0.0002812998733462988 0.003682051798145131 5.03518328029292 3.8366177890214597 2.820952867745989 4.534505186641153 -9999.0 -9999.0 -9999.0 -9999.0 -9999.0 -9999.0 -9999.0 -9999.0 -9999.0 -9999.0 0.0004195069306446417 -9999.0 -9999.0 -9999.0 -9999.0 -9999.0 -9999.0 -9999.0 5.100116730262517 4.237693801263305 5.037035209448699 0.0009539161572854653 4.913455953791829 0.00038293816079647904 -9999.0 -9999.0 -9999.0 -9999.0 -9999.0 -9999.0 -9999.0 -9999.0 -9999.0 -9999.0
0.004210874719621615 0.008103427788421512 4.524955749883307 3.8895506220109395 4.736255187361864 4.968606336892919 5.116046426910784 13.521272220303882 4.997282694807522 5.010550705342966 4.759412707119197 18.324566863987002 4.8308281424785795 0.007298625167599852 0.02589157350099609 0.0020571313141107693 0.0017726506888466474 0.014608093749345352 0.0010119127592840037 0.008034139083225105 0.001124545537481193 0.002448460083643308 4.309158298894731 4.401494325536878 4.784362696857396 4.507001199957966 5.073872088369122 4.850565390693621 0.002468463705293323 5.4152643973503 5.429068934822458 5.0521098804085875 -9999.0 5.138040708416412 -9999.0 -9999.0 -9999.0 -9999.0 -9999.0 -9999.0 -9999.0 -9999.0 -9999.0 5.101771222882212 3.09310618432888 -9999.0 -9999.0 4.860087141325443 0.020790920926281608 -9999.0 -9999.0 3.974720258987316 0.005323096838716155 4.610855661472783 5.172475320956046 -9999.0 -9999.0 -9999.0 -9999.0 -9999.0
0.0014579003473087322 4.827029364537091 14.664573597019341 11.61970663733976 13.742348345519202 13.039584139782908 11.274476864878089 4.998314047871652 14.494141345909531 4.983930064869647 14.825272972318007 16.302389377123998 4.516918640705445 16.623683632410067 4.979227903028895 0.9819113481532821 4.942048827916245 4.977997142638176 15.707407693940324 0.017276761604682136 0.12011373751531941 0.19383264929725158 0.03660077676103639 0.22635148664459126 4.00974077018203 4.002398487299741 4.110691084458212 0.0036440068297689332 0.048112795790054855 4.1846630576695825 0.0028523041031869156 0.0011645934563472029 0.0020002646078850802 0.0019264175390350104 5.505079293094542 0.0001269928134908101 0.00014215457307324922 4.9440333566793396e-05 1.215049600532826e-06 0.000262762069709524 4.51792680255634 -9999.0 -9999.0 -9999.0 -9999.0 -9999.0 -9999.0 4.881518277352824 4.371176440432139 4.895136158437902 3.724949681282676 4.698801966610595 0.006543888434744388 0.004660806664519843 0.0007218815467698797 -9999.0 -9999.0 -9999.0 4.096240038660052 -9999.0
0.0009992888423373389 0.008912943808363482 4.93269119870412 12.583352281388777 13.66874244601347 12.378985992988973 12.810863351168663 13.228802566315593 13.433778841393075 11.943482288088655 0.5927195511209307 12.547478889529645 4.890972596556631 14.182205032843077 14.019725829386358 12.713978941894048 1.9999378991051218 12.69334485714501 13.21308889730521 14.653300735766111 15.849975986990799 0.42324255810517286 1.6064539521950987 12.274229647446882 4.903214157390688 13.642512782083141 5.082744302104873 0.14442900123179156 0.05122078490176223 0.2499788474281064 0.14942853815250598 0.03801508341050665 0.00820190471171709 0.017457891465724216 0.008431012275239852 0.0009902822797912953 0.0048431158695797375 0.00032132850427273605 0.0001728772209630958 0.0004647694653591311 0.0029279205336231314 0.00019229849797417476 0.0015849859894042854 0.0009890733784740887 3.820709739580956 4.968688691637832 5.23324824347941 2.7251912508042815 0.15730620690394628 4.640591092346711 3.2775247156427194 5.203122321922293 5.312794844534249 0.09916713518067892 4.643547878829712 0.049070170781580845 5.355996212548643 5.501166469737914 0.13383480876473483 0.04312459327141005
-9999.0 14.145982822211963 12.144439704595028 11.447967466417325 12.24235041010522 12.674997698637887 11.55242218170127 10.795836248489602 10.29635600302026 12.322618175153249 12.014657324818872 11.59688739212441 10.405944882708573 10.854151334707154 12.177318402982712 1.1002601598719333 12.186570553953699 0.032637782513491184 1.8898314496574613 13.748069955227486 12.6440212629545 0.21254145104260855 0.053232311368648 4.793699151827568 0.016681675955679296 0.06432376987334752 13.233800281126072 10.062283474057596 0.1427048230462537 0.603215528657619 11.815667610090523 4.56832192403445 4.244780953547134 4.7474618778161535 0.11499917934673709 0.1544644340489377 0.03228928072692417 0.01374885504528542 0.015842085712521912 0.007774023578645318 4.7139882366418435 0.0019739840831552013 0.0019209614728733862 0.0027635468994814225 4.885387054098877 0.20846174162695677 16.928706722700134 16.097366090754427 15.052123917861051 1.3941761287998438 17.502068124786643 5.201858017180297 5.1487178009133645 -9999.0 0.24927479133316116 0.26927195814798693 5.433940654008695 0.01213538247301475 0.03290661921742161 0.020187767879888532
0.03654718549592645 12.36436208320424 12.237396705807758 12.472339731619853 10.213930997958057 9.28714104925915 9.277020441164119 9.763526584440845 10.760906270362955 9.650738566071473 10.220563041758936 0.12099938312578139 8.115475578527555 4.924567641378818 0.08059077906415167 0.04455547362328492 0.11490950749430694 0.010690477911976002 1.0215155466150279 9.273617037404778 9.191317557586494 3.9386712638718615 4.825853518273508 0.07140936694371179 5.180326724979924 0.14988491417283292 10.72806756245945 10.017411922568666 9.15839784285673 0.25064707409065207 9.902588776247077 5.114931888674202 4.711307296763563 4.5207900609036695 5.073594671632573 5.4699158981016405 4.658163070203831 4.366760108409883 4.352811599328205 4.454512676687796 4.958151565166325 4.880548481577741 0.011981201347786631 0.09118216523743995 0.07792903339646325 14.381875384153041 18.006860956081972 0.7219685971179005 0.8404617661339832 0.5260981685838604 0.6261995314469455 0.5727125851802007 14.28403110209338 4.82690623350762 -9999.0 -9999.0 -9999.0 4.812565752606659 5.667836486006296 0.6295431915272496
9.375829561112761 9.3117491395061 9.331676150613353 9.299501630204247 9.471356917741563 7.869664640036896 8.810664824993122 0.08726805189836626 0.38456267615347833 10.489369696817985 0.9741385606358328 0.11567582530454636 0.12659199738169472 0.18324660398302267 0.022832599889240458 0.011206856018977862 0.002101719655311073 0.8979495626238059 9.919061382380965 0.4092249543260471 0.26400985096145174 -9999.0 9.589634868635747 8.14501698177672 0.7518952961797868 1.024570306794384 9.419483779738982 9.277784874132475 9.14991665102481 0.2962076881883543 10.26499070757084 5.091926700245599 0.05802994470433466 5.11992120199179 10.089494031796493 5.115040838814185 5.055975627207341 4.9997596622927905 5.046358071386723 0.13549125651088004 9.651223233353758 0.0858860090081508 0.06627366804749954 0.055497594100440535 9.408286387213463 10.881557131004884 14.472895153733573 0.3725359282357184 4.989750478869028 5.1992374619223645 9.05395183689815 1.1653874852002772 11.132845273172846 13.739715005165076 5.04407799523682 -9999.0 -9999.0 -9999.0 0.005399453956428085 0.023415905308919783
8.109050885785795 8.804645140261078 8.68562353169576 8.020544542312185 0.16576087122279096 10.285639072208136 0.3685857872858554 5.147062609378715 1.2243213207807353 0.4005384368485364 1.1844965589228769 0.6880637526047567 0.3057656268917878 0.6082487007757735 0.3140222017929226 0.941672773512958 0.41571636620213953 0.678306953049963 3.838666304637482 10.328144939152901 0.04484398575789402 0.11406447236649223 2.642092118577902 11.704857396058797 0.4129835466817346 0.8791650391358722 9.98946235000204 0.688173090639209 9.462428950427615 9.476487289531018 0.20773903212234182 0.0035828122514340124 12.218483762664944 11.561467723166231 0.01315971050710715 0.00998414571398271 9.980673103628117 0.5793762129898079 1.0606729625792128 0.8569068876132419 0.25882836901765033 7.823702358173538 10.868995735617423 5.109029545650109 10.311127085145499 0.22107513109076765 0.27211973855492383 12.857307740777607 4.834224031907138 4.70322687476005 5.127926299491016 5.259298240400307 11.633601631143543 0.5718050914604059 4.834387711319919 5.052642958768167 -9999.0 -9999.0 -9999.0 0.0036095405942926703
8.619493128073769 8.181785770463769 8.705337731584983 0.3131248970166771 0.35794603335578407 0.1935381595616866 0.12834750028595196 0.587966845345219 1.3259038090849113 1.6661584317090472 1.466549685703514 9.51292265025209 0.3145967212483101 9.832627962970134 9.511623743638616 0.0006927935884073942 10.011126245875023 0.000691278630031454 10.233066895552584 10.379507603567863 11.347278850469213 10.742274113446939 0.0012483349607033114 1.5313640191160707 12.03587862546475 11.965946560672354 12.19698074207575 0.009362822889486934 0.008480650554177129 0.010503112065848334 3.7536258458597236 3.91132271222693 0.00026050625383230476 0.0019522880647849389 2.5177150055285633 2.4919213935438336 0.015195832400330985 3.1969778226825114 0.021261906806035652 0.34881029006004177 8.950250525399008 8.450267763492551 10.66354158314202 0.4692921514057065 12.322450601383876 4.7838386419117915 13.47379978300474 12.502501473577402 0.5233462539613919 0.464178266481531 0.3332121155789322 5.3013646591254195 4.391533137720858 14.6113557098686 18.333289341088673 5.111097753699734 5.297744095014916 -9999.0 -9999.0 9.438452106960834e-05
7.255674513186619 7.674854970689591 9.555345090826044 0.010775750319564615 3.600360477285795 10.046777051699978 0.002138328251045118 3.7407168538514086 0.00040248099161632533 0.0006912480134296366 0.0005701265480723877 0.00039933353157846184 0.0002862068515167732 0.0011371740953430563 0.0027189121994684188 9.800641150666753 9.860017246622885 10.063849805738373 3.796944364480261 10.95321033344074 11.168534551692792 11.183713322637916 11.425713309152872 3.8278966677988318 0.002080398433381991 3.89936360767529 3.6661038733177302 3.886738328213964 0.000809575819130049 0.008142250134804912 3.888420261110967 3.8992536098706143 0.007286064580109836 0.00013983110820289828 0.013986593350969665 0.0005324129373045583 0.004177936573250157 0.011320997865017075 0.002352148679564952 0.18816285793793197 0.1989371341218763 8.932981382128919 8.709138057936894 9.746889912917416 10.124766008895278 10.688791068069998 13.417132127145669 14.076034171513326 5.240970401527054 9.891661079678093 0.28711021538007886 0.38210878715866387 5.090260092594067 0.3262810242432983 5.130869252023616 -9999.0 -9999.0 -9999.0 -9999.0 4.203973048628242
2.2440135742555785 9.508732804583488 9.896262750816888 0.0008616121244727576 0.0021948506961762845 0.006434519427065662 3.667494974205334 0.002016100392496084 -9999.0 -9999.0 0.0004808419090238938 0.000531797073008444 0.0003398539352179457 0.00827904942415179 3.769270277880478 9.861098697671773 0.0028537628814456093 10.168554729466678 10.274494904842062 10.263151781347748 10.746926619562354 11.493310610492808 11.759709753143847 0.0010849976517817224 0.0003478845041727519 0.0001844496781176355 0.00037808885862573947 3.8943498593846684 3.9013468465394956 -9999.0 -9999.0 -9999.0 3.89556162356959 3.898673535754525 -9999.0 -9999.0 5.073176184587562e-05 4.061693268105602 3.8763195723922754 2.7851117013987854 0.0071185692135751445 8.612593891652022 9.167259382279173 8.928175612633076 9.905845398934908 10.160156036704514 10.373384990952447 5.118417145487341 0.001042690438409898 10.203588686856909 9.104544600201598 0.7673500503656688 7.197354704154959 4.991918313901665 -9999.0 5.674659717717717 -9999.0 -9999.0 -9999.0 0.014576335745190697
8.806304314546713 0.00426087213973034 3.6885085054248883 0.0009868711935413377 3.7030682411027858 -9999.0 -9999.0 -9999.0 -9999.0 -9999.0 -9999.0 -9999.0 0.0003607950106146132 0.0016917349478724588 0.0017150941653702773 0.0012771843040479411 0.002985569201626296 10.498492358608962 0.0017628129575975018 0.0013198679936930874 11.47802598471148 11.362229192202511 11.816408066592563 11.746236719829785 0.0018983609606512575 0.006878626769499491 0.002253657761691249 -9999.0 -9999.0 -9999.0 -9999.0 -9999.0 -9999.0 3.76812321368081 -9999.0 -9999.0 -9999.0 0.00032762381951164505 0.0004612336737512379 0.001568667776652459 0.016648358533163075 11.363100473351155 5.070435864769704 8.197088455331285 9.133967010139042 9.714209075591345 9.70874773758854 11.087672961443264 12.442287812903714 1.6189033714524956 12.906950320125892 7.287348393789694 4.924201144667202 0.006625959194284153 -9999.0 -9999.0 -9999.0 -9999.0 -9999.0 -9999.0
0.0020358952100137076 0.0009581192545560953 -9999.0 -9999.0 -9999.0 -9999.0 -9999.0 -9999.0 -9999.0 -9999.0 0.000323330295926301 -9999.0 0.0007013555173776601 -9999.0 -9999.0 -9999.0 -9999.0 0.08123127082465137 -9999.0 0.0009299815203752417 0.006625781867489225 11.944318486536474 0.002167775882035398 0.0003275369641486087 0.0006506272173917995 0.0010011939685528846 3.9183751769843225 -9999.0 0.0006278139822028838 0.008768809599985135 -9999.0 -9999.0 -9999.0 3.9426819401267363 -9999.0 -9999.0 -9999.0 -9999.0 0.0006170221460049038 4.005342172622976 4.37509781112144 3.1320295782226837 8.942270479157282 0.28253477009948635 11.093166031485543 8.842145973973507 9.287780828237278 0.12000117541695149 0.06546027939300077 4.602645859756669 0.008291898789230858 5.3895983011799675 5.2403398445912615 -9999.0 -9999.0 -9999.0 -9999.0 -9999.0 -9999.0 -9999.0
0.0015938333791005008 0.0009926666795429672 0.0007591736866615952 5.1621472010844357e-05 -9999.0 -9999.0 -9999.0 -9999.0 -9999.0 -9999.0 -9999.0 -9999.0 -9999.0 0.0007094390142105314 -9999.0 0.0021667639070855446 -9999.0 -9999.0 -9999.0 0.0004257670359233402 0.000290231337768344 0.00025883474749873624 3.8638780901699583 3.8641672986388675 0.0010022207079808515 0.0037319030462356945 0.0019315936382397953 0.0024650037594336214 0.004596512160016512 -9999.0 -9999.0 -9999.0 -9999.0 -9999.0 -9999.0 -9999.0 -9999.0 -9999.0 -9999.0 3.939106599279774 3.968932013679291 0.0023910150604631057 0.44122705996902417 8.804683055176044 5.343829845659503 0.1323337132526564 0.04650889703539873 0.02063057828300407 0.0006022208860887028 0.004616536581222421 0.003625935612033654 0.002082797566758535 0.00039559743545048516 -9999.0 -9999.0 -9999.0 -9999.0 -9999.0 -9999.0 -9999.0
0.00036130122169501154 3.9841945995972323 2.7783206508209785e-05 -9999.0 -9999.0 -9999.0 -9999.0 -9999.0 -9999.0 -9999.0 -9999.0 -9999.0 -9999.0 -9999.0 -9999.0 0.0016170784251633428 -9999.0 -9999.0 3.7741535271739464 -9999.0 -9999.0 0.00022843182089653962 0.01641046661343992 0.0007383666855103427 0.004337211888078879 0.1626971631362795 0.03385608829858458 0.000540864329882795 0.0004893517136883192 0.0013333690726137274 -9999.0 0.00021097475561184504 -9999.0 -9999.0 -9999.0 -9999.0 -9999.0 -9999.0 -9999.0 3.851892636195965 0.0007402967087631073 0.002995208699241663 12.068013758113773 12.329019912330956 14.320442999234096 -9999.0 -9999.0 -9999.0 0.00139494067245227 0.002673738329870376 0.002776345339281678 0.00874921832473904 0.0154440204913423 0.0014394897393948103 -9999.0 0.0018700989829530652 0.0013047918220650176 -9999.0 -9999.0 -9999.0
-9999.0 -9999.0 -9999.0 -9999.0 -9999.0 -9999.0 -9999.0 -9999.0 -9999.0 -9999.0 -9999.0 -9999.0 -9999.0 -9999.0 -9999.0 -9999.0 -9999.0 -9999.0 -9999.0 -9999.0 -9999.0 -9999.0 0.008168266643382096 0.025383826876978974 0.005326019358212853 3.919859133781692 3.954803979490807 -9999.0 0.0015614369971831406 -9999.0 -9999.0 0.0009931323732503266 3.9966873092209467 -9999.0 -9999.0 -9999.0 -9999.0 -9999.0 -9999.0 0.00520551139291078 3.811589973037311 3.783391092992511 3.764937386784658 3.7915671040564436 0.40488827165506774 -9999.0 -9999.0 -9999.0 0.11234480540620968 0.0015267151100380515 0.0023725153079068428 0.046206278356338226 0.005784484653827459 -9999.0 0.0005107258536085414 0.0004576483661030511 -9999.0 -9999.0 -9999.0 -9999.0
-9999.0 -9999.0 -9999.0 -9999.0 -9999.0 -9999.0 3.8132355259020843 3.8440673648277004 -9999.0 -9999.0 -9999.0 -9999.0 -9999.0 -9999.0 -9999.0 -9999.0 -9999.0 -9999.0 -9999.0 -9999.0 -9999.0 -9999.0 -9999.0 -9999.0 0.04215115123229925 3.84548322585208 3.9920131849019023 -9999.0 -9999.0 -9999.0 4.015448883494025 0.0030190907752591194 0.0015689180495129312 0.00030830383559208923 4.127151086080408 3.408869180974841 2.434670114171133e-05 0.00033634945876211413 -9999.0 0.00030598599555231354 13.811410675224332 1.9912032084634308e-05 11.378144987929403 11.24122394957257 1.8706771993479252 12.55753167829614 -9999.0 3.981980915783041 0.15193182839612013 0.07582881918498047 0.0002971035941617431 0.000350406725938212 0.01206722218399293 8.503855673461216e-06 0.0009199881728038945 -9999.0 -9999.0 -9999.0 -9999.0 -9999.0
