Model Version1.4/trunk/output/2010/fnup_max_dep.asc
ncols 720
nrows 360
xllcorner -180.0
yllcorner -90.0
cellsize 0.5
NODATA_value -9999.0
[rows 81 to 107 of 360, columns 427 to 487 of 720]
1.3861675077768063 1.348835877335415 1.372692668648806 1.466945078774527 1.0632112051304818 1.6590059814720957 -9999.0 -9999.0 -9999.0 -9999.0 -9999.0 -9999.0 1.6226091448281654 0.04863349237276185 0.01409058261488361 -9999.0 0.6884468211800191 0.6280418411806151 0.7184130946924698 0.720972488183119 0.7584217815674279 0.7928015469287896 0.17174637320578634 0.7618447467652829 0.07609360327194209 0.03582142432998014 0.052930439738938566 0.0003548713629975146 -9999.0 -9999.0 -9999.0 -9999.0 -9999.0 -9999.0 -9999.0 -9999.0 -9999.0 -9999.0 -9999.0 -9999.0 -9999.0 -9999.0 -9999.0 -9999.0 -9999.0 -9999.0 -9999.0 -9999.0 -9999.0 -9999.0 -9999.0 -9999.0 0.003063806597852922 -9999.0 -9999.0 -9999.0 -9999.0 -9999.0 0.004753578034181427 -9999.0 -9999.0
1.1832091916521839 -9999.0 1.340325856321027 1.4195960582554128 1.2714446692554118 -9999.0 -9999.0 1.5396985307623248 1.052789394538776 -9999.0 0.7521974086575919 0.7314645235202543 0.7838600033029227 0.9152886775783424 0.7895886265757852 0.7582354037898504 0.023286042099843546 0.5426260748800529 0.8031046401659926 0.7906173636317102 0.7874577839802965 0.7363536897334898 -9999.0 0.7043132816307545 0.048890335304020954 0.08043756347764879 0.803189307060358 -9999.0 -9999.0 -9999.0 -9999.0 -9999.0 -9999.0 -9999.0 -9999.0 -9999.0 0.006416021615492042 -9999.0 -9999.0 -9999.0 -9999.0 -9999.0 -9999.0 -9999.0 -9999.0 -9999.0 -9999.0 -9999.0 -9999.0 -9999.0 -9999.0 -9999.0 -9999.0 -9999.0 -9999.0 -9999.0 0.000990726300395191 -9999.0 -9999.0 -9999.0 -9999.0
-9999.0 -9999.0 0.7669608141365224 1.353199079004443 1.4660362655323296 1.5335657057825065 1.517602758717945 1.124948615599277 1.125058985952606 -9999.0 -9999.0 -9999.0 0.7372423050266252 1.3322907883664272 0.8045087119322617 0.8224028386321458 0.13246720087685046 0.7735543341052808 0.773542028387567 0.6332281219882675 0.12737526602570223 0.0888282111235389 0.11796405140946087 0.08095473445523238 0.06689252659469022 0.13166944000624228 0.0004178866474879059 -9999.0 -9999.0 -9999.0 -9999.0 -9999.0 -9999.0 -9999.0 -9999.0 0.016063502062678436 0.021534007430980016 -9999.0 -9999.0 -9999.0 -9999.0 -9999.0 -9999.0 -9999.0 -9999.0 -9999.0 -9999.0 -9999.0 -9999.0 -9999.0 -9999.0 -9999.0 -9999.0 -9999.0 -9999.0 -9999.0 -9999.0 -9999.0 -9999.0 -9999.0 -9999.0
0.583836380384546 0.5593861510462124 -9999.0 0.6083328670498456 1.2445036154716256 1.1926393856373563 1.182718045511625 1.4222212641504923 0.7002834421266106 0.8144514076958502 1.112419198485816 0.7160274572909198 0.705710890747095 0.7572795515002915 0.8182734661257414 0.8203096152013566 0.8792425614170348 -9999.0 0.6578749529248857 0.7997512047327512 0.12434735983674806 0.061351071856953654 0.11846237429958935 0.1537253096009923 0.07040230711631879 0.059546798944049795 0.01102755132622642 0.012806593733005845 -9999.0 -9999.0 -9999.0 -9999.0 -9999.0 -9999.0 -9999.0 -9999.0 0.0006808023498222658 -9999.0 -9999.0 -9999.0 -9999.0 -9999.0 -9999.0 -9999.0 -9999.0 -9999.0 -9999.0 -9999.0 -9999.0 -9999.0 -9999.0 -9999.0 0.0009463698343941776 -9999.0 -9999.0 -9999.0 -9999.0 -9999.0 -9999.0 -9999.0 -9999.0
0.6801481848182745 0.48871100575614 0.6827287225728708 0.8139320833226836 0.5837052908278136 1.0147247306773106 0.5109790634590071 0.6933704246819955 0.6502652176436303 0.6175747274594897 0.52420493788836 0.6133681111224633 0.7493094308443979 0.7800557345217587 0.7371647452731361 0.6983942737519381 0.7789193439165004 0.13176078487431342 0.6920919764145286 0.699222802872506 0.07418021658648714 0.02474453878200001 0.08905447133196459 0.02489995910852984 0.01101750935426039 -9999.0 0.006464144635197399 0.009319092997943557 0.01629404924948245 -9999.0 -9999.0 -9999.0 -9999.0 -9999.0 -9999.0 -9999.0 0.017516180874346494 -9999.0 -9999.0 -9999.0 -9999.0 -9999.0 -9999.0 -9999.0 -9999.0 -9999.0 -9999.0 -9999.0 -9999.0 -9999.0 -9999.0 -9999.0 -9999.0 -9999.0 -9999.0 -9999.0 -9999.0 -9999.0 -9999.0 -9999.0 -9999.0
-9999.0 -9999.0 0.6907073601740993 0.8280183912667837 0.8097490754340229 -9999.0 -9999.0 0.3594901039899633 0.2588325871005071 0.36852536514841083 0.6563867927663355 1.0909489410504485 0.6875879131308186 0.7469739306063627 0.7354441960482488 0.6508752522709828 0.6180100628256925 0.7214479959625452 0.5677161706912301 0.7062098442032042 0.04895317871580795 0.03587892227767683 0.01795387796248851 0.004938639585311859 0.0003528187620816485 1.040010548186485e-05 -9999.0 0.00012306788751673863 0.004244083778151642 0.014852498610108709 0.008770802245053312 -9999.0 -9999.0 -9999.0 -9999.0 -9999.0 -9999.0 -9999.0 -9999.0 -9999.0 -9999.0 -9999.0 -9999.0 -9999.0 -9999.0 -9999.0 -9999.0 -9999.0 -9999.0 -9999.0 -9999.0 -9999.0 -9999.0 -9999.0 -9999.0 -9999.0 -9999.0 -9999.0 -9999.0 -9999.0 -9999.0
0.5769270583328225 0.5181257484848377 0.6677127840551997 0.3778460167231014 0.0028560504596701133 -9999.0 -9999.0 -9999.0 0.11172318220050198 0.8477064016638726 1.119725785239472 1.0978545015816676 1.1096134259919193 1.1102340036405927 0.6802593630146317 0.7027811627450478 0.7307553264041989 0.7099164057032141 0.5195797733586619 0.642284021830535 0.0700616145676364 0.04929197915820868 0.03178461319038645 0.012447535932655802 0.0014871051745903821 0.00022368607430375367 -9999.0 -9999.0 0.0007560525780519389 0.022832304835217997 0.011935714507269221 -9999.0 -9999.0 -9999.0 -9999.0 -9999.0 -9999.0 -9999.0 -9999.0 -9999.0 -9999.0 -9999.0 -9999.0 -9999.0 -9999.0 -9999.0 -9999.0 -9999.0 -9999.0 -9999.0 -9999.0 -9999.0 -9999.0 -9999.0 -9999.0 -9999.0 -9999.0 -9999.0 -9999.0 -9999.0 -9999.0
0.786415755698051 0.7821610488827333 0.5604720417396706 -9999.0 -9999.0 -9999.0 -9999.0 -9999.0 0.09980636448018958 1.1055012299717524 1.022417795155706 0.9576144280201315 0.9922317269895035 0.9787324137966943 0.931728050459149 0.645585634862311 0.6593672594077108 0.6149430094945123 0.7468815764645559 0.7264857059530195 0.06828705069323063 0.03757044578437615 0.04032836541919504 0.014874284280910218 0.0024180259523054865 5.590243351789472e-05 -9999.0 0.0011527683880796689 0.022210542272238207 0.01779309940045895 -9999.0 -9999.0 -9999.0 -9999.0 -9999.0 -9999.0 -9999.0 -9999.0 -9999.0 -9999.0 -9999.0 -9999.0 -9999.0 -9999.0 -9999.0 -9999.0 -9999.0 -9999.0 -9999.0 -9999.0 -9999.0 -9999.0 -9999.0 -9999.0 -9999.0 0.042820996810430056 1.5826405480577947 0.1499018846170662 -9999.0 -9999.0 -9999.0
0.741375257711252 0.6543379636974033 0.543422815487759 0.45942384878888826 0.5283665904032806 -9999.0 0.24586784613831486 0.6935625017934844 0.9046392695470823 1.0716960777462083 1.094508305839424 1.1219919285054123 1.094151780031435 1.078049732986319 1.1518822329027043 1.0314382116488447 0.8655196010811017 0.8720972494560033 0.8949764563498044 0.6064788540309168 0.6915827627236156 0.03190118446432581 0.04583118003540383 0.038283315044522065 0.5244690485620638 0.0037011856111953253 0.006066742691842506 0.0063810817383493455 -9999.0 -9999.0 -9999.0 -9999.0 -9999.0 -9999.0 -9999.0 -9999.0 -9999.0 -9999.0 -9999.0 -9999.0 -9999.0 -9999.0 -9999.0 -9999.0 -9999.0 -9999.0 -9999.0 -9999.0 -9999.0 -9999.0 -9999.0 -9999.0 -9999.0 -9999.0 -9999.0 -9999.0 0.002660686859821868 -9999.0 -9999.0 -9999.0 0.114478987474144
0.5369097668790345 -9999.0 -9999.0 -9999.0 -9999.0 -9999.0 -9999.0 0.21213799455924814 0.4909368141153679 0.1933243231067745 0.6305697874297594 0.7769116488222997 0.8966880177127101 0.7393157120437001 0.9670735841958844 0.9267331163462526 0.8995337209810328 0.7913030828110743 0.7903984637143207 0.8742360004568417 0.5579541390918299 0.6859937158108733 0.12866972865572335 0.09058089156271348 0.01676560163225661 0.010797365887470847 0.4246521904900381 -9999.0 -9999.0 -9999.0 -9999.0 -9999.0 -9999.0 -9999.0 -9999.0 -9999.0 -9999.0 -9999.0 -9999.0 -9999.0 -9999.0 -9999.0 -9999.0 -9999.0 -9999.0 -9999.0 -9999.0 -9999.0 -9999.0 -9999.0 -9999.0 -9999.0 -9999.0 -9999.0 -9999.0 -9999.0 -9999.0 -9999.0 -9999.0 -9999.0 0.0011893363179012702
-9999.0 -9999.0 -9999.0 -9999.0 -9999.0 -9999.0 -9999.0 -9999.0 -9999.0 0.005039122892318866 0.027758103081853384 0.014757008027655416 0.016363594087472583 0.04866611936442638 0.2003045709528062 0.7678685712344852 0.8949930963178726 0.9308926482872234 0.8675273939608213 0.7970691168245283 0.9199626794004777 0.8072712215984291 0.6793821237832236 0.673389387154721 0.031088453307539198 0.49966004960578064 0.4729407308113078 -9999.0 -9999.0 -9999.0 -9999.0 -9999.0 -9999.0 0.0006323506259938117 -9999.0 -9999.0 -9999.0 -9999.0 -9999.0 -9999.0 -9999.0 -9999.0 -9999.0 -9999.0 -9999.0 -9999.0 -9999.0 -9999.0 -9999.0 -9999.0 -9999.0 -9999.0 -9999.0 -9999.0 -9999.0 -9999.0 -9999.0 -9999.0 -9999.0 -9999.0 -9999.0
-9999.0 -9999.0 -9999.0 -9999.0 -9999.0 -9999.0 -9999.0 -9999.0 -9999.0 -9999.0 -9999.0 -9999.0 0.014221675368050057 0.028979255280573598 0.022266872049770264 0.2761144801365313 0.12184052024778495 0.5618594164632082 0.836449208987929 0.8070106178659735 0.9494567890489267 0.8910222013284579 0.8911999998496071 0.6066588794023514 0.1024222762100731 0.10012206815398067 0.570581430489974 0.4570235215713723 -9999.0 -9999.0 -9999.0 -9999.0 -9999.0 -9999.0 -9999.0 -9999.0 -9999.0 -9999.0 -9999.0 -9999.0 -9999.0 -9999.0 -9999.0 -9999.0 -9999.0 -9999.0 -9999.0 -9999.0 -9999.0 -9999.0 -9999.0 -9999.0 -9999.0 -9999.0 -9999.0 -9999.0 -9999.0 -9999.0 -9999.0 -9999.0 -9999.0
-9999.0 -9999.0 -9999.0 -9999.0 -9999.0 -9999.0 -9999.0 -9999.0 -9999.0 -9999.0 -9999.0 -9999.0 0.010932503917882811 0.00951121843874707 0.0012502793452128136 0.0026140847426116853 0.006135249747177643 0.019739637164655544 0.015570104502206009 0.0940799127930891 0.1517801933389138 0.7679255099125459 0.7622942295325057 0.6813418645792162 0.769049865963528 0.6215733634422538 0.4620980234193671 0.5474215255361894 -9999.0 -9999.0 -9999.0 -9999.0 -9999.0 -9999.0 -9999.0 -9999.0 -9999.0 -9999.0 -9999.0 -9999.0 -9999.0 -9999.0 -9999.0 -9999.0 -9999.0 -9999.0 -9999.0 -9999.0 -9999.0 0.002440322093114584 8.56474429547165 0.20261137159611975 6.527966102081359 0.1868334088329976 0.01853564607746024 -9999.0 -9999.0 -9999.0 -9999.0 -9999.0 -9999.0
-9999.0 -9999.0 -9999.0 -9999.0 -9999.0 -9999.0 -9999.0 -9999.0 -9999.0 -9999.0 -9999.0 -9999.0 -9999.0 -9999.0 -9999.0 1.1905640423065362 0.1404827176192486 0.005755111076204949 -9999.0 -9999.0 0.004273251169466515 0.001429718503488218 0.012079126124491755 0.005376478192592907 0.051021829594977725 0.09305621843962779 0.06975139239111915 0.603197776634288 0.22905470977162704 -9999.0 -9999.0 -9999.0 -9999.0 -9999.0 -9999.0 -9999.0 -9999.0 -9999.0 -9999.0 -9999.0 -9999.0 -9999.0 -9999.0 -9999.0 -9999.0 -9999.0 -9999.0 -9999.0 -9999.0 0.046351296874190574 0.3467381868997497 9.740832059177901 10.022605939895811 0.05670236081694158 0.016455001455590187 -9999.0 -9999.0 -9999.0 -9999.0 -9999.0 -9999.0
-9999.0 -9999.0 -9999.0 0.022859689622836906 -9999.0 -9999.0 -9999.0 -9999.0 -9999.0 -9999.0 -9999.0 -9999.0 -9999.0 -9999.0 -9999.0 -9999.0 1.4668116915667242 1.8945093057073619 1.1108731501581113 0.09892549670434866 0.0891067440738161 0.07801054049434376 0.00710409597607055 0.010167280238918611 0.008313612885274244 0.05191198022146216 0.10476453623095036 0.06973163621551359 0.40478182329224993 0.2233236502744629 -9999.0 -9999.0 -9999.0 -9999.0 -9999.0 -9999.0 -9999.0 -9999.0 -9999.0 -9999.0 -9999.0 -9999.0 -9999.0 -9999.0 -9999.0 -9999.0 -9999.0 -9999.0 -9999.0 0.7442911311889352 2.6339132528035982 3.1303390650215714 0.6959605153542292 0.09192897534907778 -9999.0 -9999.0 -9999.0 -9999.0 -9999.0 -9999.0 -9999.0
1.1291607738469291 0.6199192930277586 1.1004681726772187 0.7226800719268895 0.5992081271283516 0.05965477452957498 -9999.0 -9999.0 -9999.0 -9999.0 -9999.0 -9999.0 -9999.0 -9999.0 -9999.0 -9999.0 0.12371076105714474 0.013336992049924876 0.027642766839634993 0.017474677078667452 0.02604601288558378 0.02688987576912581 1.7006895278754413 1.7292237414758675 1.8734358153113428 1.092240799906364 0.07967598048791645 0.05871929318971656 0.05404151498275349 0.48066842309580193 0.5508381261058058 -9999.0 -9999.0 -9999.0 -9999.0 -9999.0 -9999.0 -9999.0 -9999.0 -9999.0 -9999.0 -9999.0 -9999.0 -9999.0 -9999.0 -9999.0 -9999.0 -9999.0 -9999.0 -9999.0 0.8417053618442765 0.7591627597224853 1.7126249936466642 8.70096687573678 8.050639465174704 7.599296331201051 -9999.0 -9999.0 -9999.0 -9999.0 -9999.0
0.8138347396165497 0.7781629671181405 0.19823174113744602 0.2829705138757171 0.8075531696255135 1.147325245290095 1.7465293353573115 0.06614526367845319 0.013890593842596033 -9999.0 -9999.0 0.06049728948312966 -9999.0 -9999.0 0.10418297577129176 0.2155969570306384 0.2047934469700199 0.3874558430113347 2.0088560461203158 0.8929453071508209 3.124492868793929 0.047128442015950074 1.6947506377606474 0.9732596074771482 0.08160556254231884 0.023488638708365133 1.0302406838758598 0.06205785386046238 0.04265406717835381 0.018505748076979463 0.8015938936146985 0.012036914620728475 -9999.0 -9999.0 -9999.0 -9999.0 -9999.0 -9999.0 -9999.0 -9999.0 -9999.0 -9999.0 -9999.0 -9999.0 -9999.0 -9999.0 -9999.0 -9999.0 -9999.0 -9999.0 -9999.0 -9999.0 -9999.0 0.3939482593570574 0.09649204286752594 0.16571872655295117 0.00889308671982087 -9999.0 -9999.0 -9999.0 -9999.0
0.37433834038566793 0.4418051744626684 0.7773063391478844 0.8071793367579898 0.8515980069247818 0.3356813786837867 0.5278972493085297 0.4652618021201284 0.9910042077758835 0.8629093206655577 0.19998065724482345 0.15634514582579082 0.41399586292716606 0.3977947395682378 0.15534298604222382 25.16941095443428 0.16699974224709263 1.0575926382138379 1.9794797472081302 1.3944394044506756 1.4593959546972022 1.9173349197646046 0.13338016846821277 0.10028303361894127 1.0796253888102358 0.8993508386357512 0.746844640705559 0.8830319439113462 0.8608515580780547 0.8405823317146226 0.01842681567742662 0.009319572326733376 0.00660578525797013 0.002517584393776425 -9999.0 -9999.0 -9999.0 -9999.0 -9999.0 -9999.0 -9999.0 -9999.0 -9999.0 -9999.0 -9999.0 -9999.0 -9999.0 -9999.0 -9999.0 -9999.0 -9999.0 -9999.0 -9999.0 -9999.0 -9999.0 -9999.0 -9999.0 0.05139330497328762 -9999.0 -9999.0 -9999.0
0.9348348863714595 0.9257804928627198 0.8543862282422827 0.33966818012418304 0.31005772989804814 0.290301905269893 0.12150926193897642 0.10709105786537662 0.1599954669037963 0.16313843043550075 0.07397367987297278 0.16622306316798469 0.2880483963355709 0.5349301828263909 4.22901642851636 0.985697658003502 0.2644966605158858 0.34450878624181785 1.02032652356869 1.0253506045669654 0.3236435289168791 1.369992256024624 0.8599212943564957 0.09612987193180536 0.10875716679288021 0.018942370557444424 0.02668599012354921 1.3043432429718702 1.0886788779261578 1.2048170457037477 1.012971745430737 0.9231886827197348 0.0013684717950099815 0.005689038946652884 -9999.0 -9999.0 -9999.0 -9999.0 -9999.0 -9999.0 -9999.0 -9999.0 -9999.0 -9999.0 -9999.0 -9999.0 -9999.0 -9999.0 -9999.0 -9999.0 -9999.0 -9999.0 -9999.0 -9999.0 -9999.0 -9999.0 -9999.0 0.36154285349371074 -9999.0 -9999.0 -9999.0
1.0192514486524662 0.9135470718741001 0.9169384910199659 0.9082961336826401 0.740347598665641 0.21745802439073147 0.8060410161501635 0.7774426679234152 0.11608489562685526 0.11182671597396579 0.07167672177509164 0.1407308655053745 0.16083641977518653 0.25989983583162096 0.2008909781324625 0.8958615778854909 0.5575329437882399 0.18705616580733408 0.5772712441525523 0.735042930928671 0.6977894550184448 0.7178394904149096 1.4047406207501347 0.08540668965828097 0.10308107191857456 0.015280092607668815 0.04656799063516098 1.0204190599138732 1.2834307180209765 1.18189508769241 1.3117033576261456 0.03374221794230792 -9999.0 -9999.0 -9999.0 -9999.0 -9999.0 -9999.0 -9999.0 -9999.0 -9999.0 -9999.0 -9999.0 -9999.0 -9999.0 -9999.0 -9999.0 -9999.0 -9999.0 -9999.0 -9999.0 -9999.0 -9999.0 -9999.0 -9999.0 -9999.0 -9999.0 -9999.0 0.1789475393771465 0.0025908383933259246 0.08226817609603836
1.0327183867603207 1.0476296382010721 1.1764947582849203 1.1302296521922106 0.8121043829298014 0.8518860131759821 0.9288922997764718 0.28448127434317294 0.7163378043974782 0.19127941159269343 0.1727516605632023 0.17292502012677616 0.12144876886570465 0.12450928806991512 0.12661475417255866 0.6396098783588362 0.6922254116998963 0.7638664023602308 0.981138232411067 0.36392266476155755 0.3210640233774221 1.3087185063856936 1.7723470731256075 1.3562234846104866 1.0133349772201392 0.09161109714965963 0.02395842485954606 0.34184163337671586 1.530476330865114 0.886724919719717 1.0504138813026618 0.5287056284414794 -9999.0 -9999.0 -9999.0 -9999.0 -9999.0 -9999.0 -9999.0 -9999.0 -9999.0 -9999.0 -9999.0 0.13583970025290787 0.744325697932196 0.8728498424259696 0.20540428743467393 -9999.0 -9999.0 -9999.0 -9999.0 -9999.0 -9999.0 -9999.0 -9999.0 -9999.0 -9999.0 -9999.0 0.19435252140952147 0.9640419582380284 0.12088511234476655
0.9966900808208986 1.0099817433633091 0.9336251039160041 0.7620970919517077 0.8858684308162086 0.8360511626383593 0.19251029938258116 0.7603889581202093 0.7711888025449235 0.8355266808496826 0.7550683074372156 0.7833646328843828 0.7542569270449155 0.6373323916776468 0.17770882841579513 0.26221729751859146 0.7815110432750829 0.785395313262057 0.4987064422172656 0.17487251336256 0.6422685816624183 0.7351436897819973 0.2891453940178351 1.6997030147840835 0.3399167654058991 1.0941345150349784 1.109263686109753 0.12717923445580795 0.2772662355457635 0.010389770736268173 0.5692525825501007 -9999.0 -9999.0 -9999.0 -9999.0 -9999.0 -9999.0 -9999.0 -9999.0 -9999.0 -9999.0 -9999.0 -9999.0 -9999.0 -9999.0 0.047075389424286046 0.14912594697941786 0.9471527440089211 -9999.0 0.05533569373934243 -9999.0 -9999.0 -9999.0 -9999.0 -9999.0 -9999.0 -9999.0 -9999.0 -9999.0 0.014334646657883152 1.006433069735805
1.228528227681589 0.9566228650781508 0.8602999614608994 0.8889348886493172 0.7534372875912445 0.16776189708003036 0.6904088447191813 0.8433516944793122 0.7448128539269108 0.7734800565531114 0.6183538790537464 0.6912581075071501 0.8373647647091436 0.9973543892988229 0.8341564375058275 0.7750219535476581 0.23246287201458457 0.17420717275301875 0.10626165630327225 0.5730254938767241 0.21056523485902853 0.2637573871294978 2.036050518535364 0.3042772050127175 1.9313986902399523 1.5198516193995855 0.35017542783354505 1.5964833135086545 1.3727766782817017 1.8446515727752946 0.8695288870579774 -9999.0 -9999.0 -9999.0 -9999.0 -9999.0 -9999.0 -9999.0 -9999.0 -9999.0 -9999.0 -9999.0 -9999.0 0.0012836759422596806 0.019137305408044692 0.07129571674012952 0.050114939847541534 0.09368562901431597 0.17041196809666082 0.9003060514899314 0.20016316627495667 5.038628730438288e-05 2.3650395269597102e-05 0.2669573989815147 0.003435160774752939 0.09556827118329556 0.39243599571067694 0.1572235409413588 -9999.0 -9999.0 -9999.0
1.0693178867301913 1.1620313373056288 0.7075685478269209 0.09142281441295512 0.09104180556106391 0.13395073659283147 0.20752061395482832 0.6530136087808588 0.7813334804468784 0.8387986988300072 0.8410669186945936 0.9834625907883765 0.9394614534266881 1.1467198754349484 1.0289420337218242 0.8819827152576518 0.6426176703221035 0.28926408545827953 0.15122764379851644 0.1392437626573486 0.21962289548616198 0.32457068704902453 1.437576017457333 1.0428204086660378 1.1151478422824916 1.495958517925419 0.3813643776671043 0.39558225252761253 1.589514842030359 0.29435809270328694 1.0753629224225756 0.47251567660642474 -9999.0 -9999.0 -9999.0 -9999.0 -9999.0 -9999.0 -9999.0 -9999.0 -9999.0 -9999.0 0.9937867487436673 1.3425130399770289 1.461699680250383 1.076523762542178 1.2609529877540266 0.18106762281422017 0.08105618426029176 0.044395826216841634 0.09334615381981629 1.1190093978418707 0.5877286150264649 0.8024292728891796 1.29471173349375 0.8455825651073979 15.795338294136418 15.989726169651615 0.10754222073971442 0.013296441443272583 -9999.0
0.8355921040912351 0.1400645687847431 0.14669232633449078 2.0047359525472386 3.133194631835626 1.9858842761468174 0.6767884856877882 0.8541212674980341 0.8683152201775725 1.0623713349276085 2.0283544396605 0.9855074040591636 1.1944498666272299 1.1344883769823513 0.9572292503682851 0.9436969282092813 2.698698169999577 2.872235531071117 0.2022347449407732 0.06535607249861508 0.0955371628004952 0.2110623092877994 0.2417298538210211 1.6616308625707905 1.092856806958991 2.3081468581520204 0.369578236422102 0.37208089012548284 1.825811916688278 0.26827995045319053 0.22496539471514834 1.5500922308807308 6.174208548909457 2.910479689074051 -9999.0 -9999.0 -9999.0 -9999.0 -9999.0 -9999.0 0.0007157678517461335 1.4748477041656523 6.687982179561236 7.049957068716621 0.22357815331145398 0.04415675839556195 0.9893732601647406 1.5105966220993585 1.2444418222351146 1.809593391067133 0.12071401718861824 1.3629911409060262 0.14249119707345334 1.0393705732562293 0.2775126365384378 0.5543463169537993 0.20641888302920855 0.6537395838050678 -9999.0 -9999.0 -9999.0
0.15679098493595273 1.955726805748038 1.8396719459643707 2.4167993732799595 1.8915984457430992 2.081092406484966 3.326156300327178 2.1742927297157446 2.5169046865285876 4.034352486391509 2.830369082066014 2.968329173982807 3.076331614946664 3.634180506467894 4.15624901261115 4.238202167585515 4.040521655992755 3.594064672180196 4.983120078142641 3.9037788338435004 0.09060075310079467 0.21717952976977703 0.06716123132799592 1.7721988362053722 1.7075232497165103 0.5086399891117189 1.3168612189069555 1.4098797820228004 0.27417098125690137 0.324013299198632 0.29555127065142894 0.2258049640337347 0.23671153898327824 1.2155039285935112 1.190118665301223 -0.24205393369831535 4.335455461331893 -9999.0 -9999.0 2.1186198640630765 3.8761970205096845 4.639715681734943 0.2520526154772108 0.16194975156838545 0.06386577939415594 0.19335276724396258 0.1167191093351265 1.2300741469986178 1.1223801556418889 0.08817354184395727 1.3649963551293178 1.2282702982974234 0.9947987427618531 0.027018563632525226 0.4014769559724472 0.8085017176825957 -9999.0 0.34671710210632994 0.1072092134511273 -9999.0 -9999.0
2.2878645816162453 2.0594909763187617 -9999.0 -9999.0 55.86154579267154 2.8503164906093086 6.046094469460986 1.6874468863018282 1.8709008859266485 1.1725393268846767 0.5435420377358676 0.3943420917234293 1.7622261402617072 1.6778498592889919 1.7447871276154248 1.051589670286533 2.363676967463574 2.315994994907272 2.584286732305549 2.28164437495173 2.2688825184744226 1.0951131303345722 0.768429544191811 0.990674585402683 1.3212781344986029 0.16533076284465834 0.33538756941747083 0.1999617008823981 1.3266783143634837 1.982925227951022 0.4484070170222728 1.8405019842034873 0.5131435238887845 1.9415792975954016 0.18926671840702253 1.0891472328913503 1.2176104466284472 0.16699583527727857 -0.7296386614983951 -0.5619136704502313 0.1279511689298016 0.06229271617496995 1.0883527949121 0.4096502279157977 1.0280092369746454 -9999.0 0.2376178781827832 0.040970091936881524 1.056236724378644 1.0559397698740807 1.4617865197170563 1.1564487394690552 1.2833742206290206 0.1342950753422067 0.5462341453132921 1.0178177953959315 -9999.0 -9999.0 0.5141903413154812 0.0011636799072968446 0.02467795213687602
