Model Version1.4/trunk/output/2010/fnup_max_sw.asc
ncols 720
nrows 360
xllcorner -180.0
yllcorner -90.0
cellsize 0.5
NODATA_value -9999.0
[rows 81 to 107 of 360, columns 540 to 599 of 720]
0.0040462245159782 9.777213825048491e-05 -9999.0 -9999.0 -0.0073199263761945495 -0.007291297222304934 -9999.0 -9999.0 -9999.0 0.19053705716262462 0.00035391939443418357 -9999.0 -9999.0 -9999.0 0.00029693622505381616 0.0001587891379173681 0.0011104639984817267 0.0016288687579422228 0.0033281433804020787 0.014185279062919609 0.00586326903239345 0.0128549353032026 0.004651826010626118 0.0030970377673093627 0.009896739844032377 0.013047065108684775 0.018774453233872706 0.018505673951837134 0.012365482897765458 0.008764448271400193 0.024952318117065192 0.005596892227746523 0.0186302703453816 0.0044534933997795725 -9999.0 -9999.0 -9999.0 -9999.0 -9999.0 0.01110056756008049 -0.1164011717991127 0.08177610054429585 0.01638029773309782 0.07449074555149908 2.031317266746305 0.012128811169694205 0.017460363752772812 0.0018830811547646596 0.0006887358239279123 -9999.0 -9999.0 0.016166957638327657 -0.4837006232474519 -2.0301779263597712 -1.7014375126335677 -0.3579858265715942 -0.8359634156175783 -1.070332202556312 -0.526367790465343 -0.05497371351465776
-9999.0 0.681931581230116 -0.021284589242779622 0.0021543434903808847 -9999.0 -9999.0 -9999.0 -9999.0 -0.0034170836953223093 -9999.0 -0.0003807032234254677 0.00034401834314183485 0.00032646723683857907 0.00010297011017592387 0.00010102504185460042 0.0013692781671820762 0.005933216330294721 0.008436897979603597 0.0081754467624331 0.0048621780651535475 0.0064635125937036 0.007579684432397226 0.0024124404168287404 0.0008187387737348876 -0.0030933134437220317 0.0037838423984976636 0.007688410114549477 0.0071966158243637396 0.005235339567047614 0.004612482955952174 0.003165580141082036 0.05765039253568685 0.029849453281777818 0.01636570059919483 -9999.0 -9999.0 -9999.0 -9999.0 0.0007635125756231011 0.16539953161979676 0.0320900955327504 0.006992336865086683 0.6368344500215907 0.028428690127067974 0.0212838343838077 0.0033705692273305913 0.0003358471247724414 -9999.0 -9999.0 -0.7831783873900551 -9999.0 -0.10445454423509148 -1.9995650285639455 -1.6908099925242228 -9999.0 -0.8929916879759106 -2.8269186744743107 -2.0233832096772493 39.21758540425004 -1.0843678261311054
0.0002762657824093338 -9999.0 -0.06820506444710685 -0.02084513235113313 -9999.0 -9999.0 -9999.0 -0.0023856857117944027 -0.004523071424900347 -9999.0 -9999.0 -9999.0 -9999.0 -9999.0 -9999.0 0.00027342152661694665 0.0019529656614865705 0.0002657726040326712 0.0012550930236975204 0.4813143162833899 0.007179201375265391 0.022554725307637972 0.000618230715381438 0.002416426816624996 -0.0036156028103372824 0.0011540784576963721 0.0389106790057191 0.004868050888965727 0.0006908327749964875 0.03928701091495168 0.0038486181217587934 0.008171934521725077 0.06898469942034662 0.021554652026772307 0.006185293080191083 -9999.0 0.052843964283297906 0.029039930145995093 0.0717543861870805 0.122418820063622 0.015151022667572275 0.007151451164086447 0.0062845369413104145 0.030103754494684665 0.0028274406626488894 -0.0002608401204101575 -4.797097264654048e-05 -0.3221670635850661 -0.007270663275623668 -0.0015307955830568389 -0.00021433226920729789 -1.0735223747396703 -1.2338413059599458 -1.9771884181759913 -1.7002544531335855 -0.4912965811398158 -0.9743895905840133 -2.52128789150261 -1.3011776788330203 -0.6052573920347798
-9999.0 0.0025487827819718756 -9999.0 -9999.0 -9999.0 -9999.0 -9999.0 -9999.0 -9999.0 -0.005366397687907403 -0.0027992700789279895 -9999.0 -0.00032237201118485585 0.002325181086879099 0.5965671808159277 -9999.0 -9999.0 -9999.0 0.0015132117728876998 0.008059356551921363 0.0076412791367160135 0.007221223900581157 0.0038772445358734014 0.0002592870644365412 -0.002377252419884364 -9999.0 -5.277572478928935e-05 -0.0008776345047844384 -0.0006760579978831884 -9999.0 -9999.0 -0.0007955449333576515 -0.00010830698798804227 0.000709124140905688 0.0038307032678339225 -0.012917696366322333 -0.003558631392566743 -0.017481860628636464 0.019526158059003287 -0.006330991916477973 -0.007046054674325379 -0.0035791822134255188 -0.00037544424724172086 -0.0001779834170947388 -9999.0 -0.0003584263174220975 -0.0007145128831578461 -0.00012724913325990475 -7.913800572564485e-05 -9999.0 -9999.0 -0.42873083782923443 -0.36784791869517014 -0.12170127063044041 -0.4290669218235804 -0.04600894196098956 -0.010724668149539911 -0.25432147172450986 -1.72142404190776 0.08939611042858124
-9999.0 -9999.0 -9999.0 -9999.0 -2.615140046059213 -0.021182492936557263 -9999.0 -9999.0 -9999.0 -9999.0 -9999.0 -0.0018111442945908708 -0.006392211762896042 -9999.0 2.608682803602958e-05 -0.0006298838826920335 -9999.0 -9999.0 -0.0005931151088378003 0.003082494369093184 0.002327605447071661 0.5173129576987873 0.0071767221186527595 0.008425595502500412 0.001022951930028996 -0.0900550765989665 0.013181770408396807 0.00343329623531926 -0.0006321019368439968 -0.0012863433743565073 -9999.0 -9999.0 -9999.0 -9999.0 -9999.0 -0.0010233350425869236 -0.00023880096176942452 -0.0485632082490045 -0.00026085235391049634 -0.0007639953777448018 -0.0002821642916517389 -0.002443301656213793 -4.9500966776263195e-05 -9999.0 -9999.0 -9999.0 -9999.0 -9999.0 -9999.0 -9999.0 -9999.0 -9999.0 -9999.0 -9999.0 -0.0008186506972980247 -9999.0 -0.000541081288831879 -0.0043149431294683595 0.030428558846307744 0.26675985880854564
-0.09892207913454705 -0.4030736794394384 -9999.0 -9999.0 0.000736316345238029 0.00364232382048404 -9999.0 0.13600404850290668 0.010080297996800297 -9999.0 -9999.0 0.02952566915894378 -0.10050451653221534 -0.0062153730648828905 -0.021601323892173445 -9999.0 -9999.0 -9999.0 -0.00222921359192497 -9999.0 0.8173558681314227 2.444032910061703 0.000304725849950692 0.00558931672431447 -1.4895771317431354 0.004774297573520648 -0.01671699425218343 -9999.0 -9999.0 -9999.0 -9999.0 -9999.0 -9999.0 -9999.0 -9999.0 -9999.0 -9999.0 -9999.0 -0.0002580998254797791 -9999.0 -9999.0 -9999.0 -0.00015249413601590243 -6.282702023697441e-05 -9999.0 -9999.0 -9999.0 -9999.0 -9999.0 -9999.0 -9999.0 -9999.0 -9999.0 -9999.0 -9999.0 -0.7638470146064203 3.458491168148704 -1.1004305111743362 0.39300816999513266 0.003319535706408712
-0.06624694598871445 -0.29561814624681243 -0.02221493224784053 0.08335685581392487 -9999.0 -9999.0 -9999.0 -0.0015514596565802828 0.01856950796573794 -9999.0 -0.008337706940562156 0.04237709550197951 -9999.0 -9999.0 0.0004322120200867843 -9999.0 -9999.0 0.0021412309862294332 -9999.0 -9999.0 -0.0004931032733891119 0.0005706201433188119 -9999.0 -0.0002080881796709436 -0.0011309550510968343 -9999.0 -9999.0 -9999.0 -9999.0 -9999.0 -9999.0 -9999.0 -9999.0 -9999.0 -9999.0 -8.005712691947911e-05 -9999.0 -9999.0 -9999.0 -9999.0 -9999.0 -9999.0 -9999.0 -9999.0 -9999.0 -9999.0 -9999.0 -9999.0 -9999.0 -9999.0 -9999.0 -1.78924969177032e-05 -9999.0 -9999.0 -0.8410951891343331 -2.2792220922495026 -3.0076599075703907 -3.7712159469242685 -1.5847554208677546 0.28199789581270157
0.005197354383203699 -9999.0 -9999.0 -0.002006105616936314 0.07855093301151461 -9999.0 -9999.0 -9999.0 0.003032778593324888 -9999.0 -9999.0 -9999.0 -0.014327325156216262 -9999.0 -0.01432316884246726 -9999.0 0.3258862073075521 -9999.0 -9999.0 -9999.0 -9999.0 -0.009214474677971185 -9999.0 -9999.0 -0.00028719587189198034 -0.0008120039606091949 -9999.0 8.080623984154015e-05 -9999.0 -9999.0 -9999.0 -9999.0 -9999.0 -9999.0 -9999.0 -9999.0 -9999.0 -9999.0 -0.00017414612001696603 -9999.0 -0.0001494743626647685 -9999.0 -9999.0 -9999.0 -0.0005641995902958657 -9999.0 -0.0002300101479044063 -9999.0 -9999.0 -9999.0 -9999.0 -9999.0 -1.0210444411243835 -2.2569913420554992 -1.4168099518348387 -1.223079493077485 -1.2870268358254433 -2.7395405159887196 1.4811888254685297 -1.5247762040358903
-9999.0 -9999.0 -9999.0 -9999.0 -9999.0 -9999.0 -9999.0 -9999.0 -9999.0 -9999.0 -9999.0 -9999.0 -9999.0 0.0008246322118566563 -9999.0 0.0011894936191104153 -9999.0 0.013897611964251258 -9999.0 -0.0032609320909017417 0.011347861576059192 -9999.0 -9999.0 -9999.0 -9999.0 -9999.0 -9999.0 -0.009209935161858881 -9999.0 -9999.0 -9999.0 -9999.0 -9999.0 -9999.0 -9999.0 -9999.0 -9999.0 -9999.0 -9999.0 -9999.0 -9999.0 -9999.0 -9999.0 -9999.0 -9999.0 -9999.0 -9999.0 -0.0005621994874572314 -0.00018380058088263802 -1.4610731391587004 -1.0619263134222792 -1.316524552245488 -1.2288331578925655 -1.3478652836794027 -1.2705262492981622 -1.2310201499929674 -17.270112143123935 0.5408841900539152 0.35601189036772196 -2.407850883599519
-9999.0 -9999.0 -9999.0 -9999.0 -9999.0 -9999.0 -9999.0 -9999.0 -9999.0 -9999.0 -9999.0 -9999.0 -9999.0 0.0010378335775942675 -9999.0 -9999.0 -9999.0 -0.0029778408165320428 -0.0007077387107712889 -9999.0 0.02492149884671954 -9999.0 -9999.0 -9999.0 -9999.0 -9999.0 -9999.0 -9999.0 -9999.0 -9999.0 -9999.0 -9999.0 -9999.0 -9999.0 -9999.0 -9999.0 -9999.0 -9999.0 -9999.0 -9999.0 -0.0009995140112535076 -9999.0 -9999.0 -9999.0 -9999.0 -9999.0 -9999.0 -9999.0 -1.4576301507956393 -1.5682866238823627 -1.4839532868753973 -1.4734467843819785 -1.3349813622798985 -1.3205271584304026 -1.2766396516241791 -4.4365666073346395 -0.6135918316233555 1.027413856080265 1.8924491682395108 -1.9478519384862807
-0.6599949031436968 -9999.0 -9999.0 -9999.0 -9999.0 -9999.0 -0.03875554620068251 -9999.0 -9999.0 -9999.0 -9999.0 -9999.0 -9999.0 -9999.0 -9999.0 -9999.0 -9999.0 -9999.0 -9999.0 -9999.0 -9999.0 -9999.0 -9999.0 -9999.0 -9999.0 -9999.0 -0.005357211101911698 -9999.0 -0.0036202182494323803 -9999.0 -9999.0 -9999.0 -9999.0 -9999.0 -9999.0 0.0008805873745652216 -0.028814731027991952 -9999.0 -9999.0 -9999.0 -9999.0 -9999.0 -9999.0 -9999.0 -9999.0 -9999.0 -9999.0 -9999.0 -9999.0 -1.9193818270228002 -1.7714691543093284 -1.4678525663200048 -1.3901946542684613 -2.2475332164767696 -2.6190422891240277 -1.3824393275624458 0.21387976285671018 -1.1225114044262559 -1.6491533379168892 -1.0997674796313057
-6.795386974920321 -4.31785734374763 -0.7691650386853189 -9999.0 -9999.0 -0.08633029483044737 -0.2765816489489891 -0.2880436613526762 -9999.0 -9999.0 -9999.0 -9999.0 -9999.0 -9999.0 -9999.0 -9999.0 -9999.0 -9999.0 -9999.0 -9999.0 -9999.0 -9999.0 -9999.0 -9999.0 -9999.0 -9999.0 -9999.0 -9999.0 -0.0019455516021564304 -0.006352563667611231 -9999.0 0.001050445145446405 -9999.0 -9999.0 -9999.0 0.0002865062906059891 -0.0005298849286575555 -9999.0 -9999.0 -9999.0 -9999.0 -9999.0 -9999.0 -9999.0 -9999.0 -9999.0 -9999.0 -0.9173329260038169 -1.2649714421275802 -1.449268968849466 -1.6999375072839225 -1.3390161088921877 -0.4724215683416523 -2.7570164956161958 0.5636160383369506 -0.5287350095610304 -0.81303183948672 -1.844684255653639 -1.1877897505996684 -1.2806263654062802
-9999.0 -1.0409803676321852 -9999.0 -9999.0 -0.802192587854227 -1.6160612023261938 -0.4473172768277365 -0.1116141769010169 -0.690925216627891 -9999.0 -9999.0 -9999.0 -9999.0 -9999.0 -9999.0 -9999.0 -9999.0 -9999.0 -9999.0 -9999.0 -9999.0 -9999.0 -0.0004494599841998001 -9999.0 -9999.0 -9999.0 -9999.0 0.013234874506001932 -9999.0 -9999.0 -9999.0 -9999.0 -9999.0 -9999.0 -9999.0 -9999.0 -9999.0 -9999.0 -9999.0 -9999.0 -9999.0 -9999.0 -9999.0 -9999.0 -9999.0 -9999.0 -9999.0 -9999.0 -1.400082619232948 -0.6279290295043557 -1.8519361213547496 -1.5468250624182995 -1.4746632988807036 -0.22312768155046728 0.38035095396279306 -0.3012346931866131 -0.9883217181708451 -0.9147189411969392 -1.3026450152484492 1.9430892308718009
-0.17799192437299527 -9999.0 -9999.0 -9999.0 -9999.0 -0.27234770045806056 -2.938354226803434 -0.048717555830333326 -0.07548944344387715 -0.10640005172039436 -9999.0 -9999.0 -9999.0 -9999.0 -9999.0 -9999.0 -9999.0 -9999.0 -9999.0 -9999.0 -9999.0 -9999.0 -9999.0 -9999.0 -9999.0 -9999.0 -9999.0 -9999.0 -9999.0 -9999.0 -0.004380434495373306 -9999.0 -9999.0 -9999.0 -9999.0 -9999.0 0.00031714147380230566 -9999.0 -9999.0 -9999.0 -9999.0 -9999.0 -9999.0 -9999.0 -9999.0 -9999.0 -1.259986338256667 -1.3149369926587406 -1.3686009507961858 -1.070670159170731 -1.5765723795654423 -1.0347420856024512 -0.45361537240418615 -0.7794691388960515 -2.2621154013963185 -0.4233276673084426 -1.1761057287984937 -1.327112998795872 -3.895728973977238 -1.66434216975396
-9999.0 -9999.0 -9999.0 -9999.0 -9999.0 -9999.0 -9999.0 -9999.0 -9999.0 -9999.0 -9999.0 -9999.0 -9999.0 -9999.0 -9999.0 -9999.0 -9999.0 -9999.0 -9999.0 -9999.0 -9999.0 -0.0004327432570991993 -0.03458873115355598 -9999.0 -9999.0 -9999.0 -9999.0 -9999.0 -9999.0 -9999.0 -9999.0 -9999.0 -9999.0 -9999.0 -9999.0 -9999.0 -9999.0 -9999.0 -9999.0 -9999.0 -9999.0 -9999.0 -9999.0 -9999.0 -9999.0 -9999.0 -1.3912287149171043 -2.530891119978281 -1.3651377923117491 -1.6217322575490767 -2.71627168665034 -2.369732093750931 -4.061500248215325 -1.2167244132460246 -0.7800631800265598 -1.0732835245185506 -1.2297471158592093 -0.6607763747417238 -1.7835355123161338 -6.6044581861618745
-9999.0 -9999.0 -9999.0 -9999.0 -9999.0 -9999.0 -9999.0 -9999.0 -9999.0 -9999.0 -9999.0 -9999.0 -9999.0 -9999.0 -9999.0 -9999.0 -9999.0 -9999.0 -9999.0 -9999.0 -9999.0 0.001748907090939574 -0.00826427497595597 -9999.0 -9999.0 -9999.0 -9999.0 -9999.0 -9999.0 -9999.0 -9999.0 -9999.0 -9999.0 -9999.0 -9999.0 -9999.0 -9999.0 -9999.0 -9999.0 -9999.0 -3.5291110320974473 -1.2575418240457292 -1.1805805274904808 -1.2370273327945007 -2.2615219060862572 -1.5449962215706363 -1.6418982568496958 -1.2032518242159995 -1.3111200887485994 -0.6171312866806954 -1.6570725823874288 -0.6479176088112419 -0.55302226506453 -0.23005351809821747 -0.7578149083510467 -0.5868478921726108 -1.0065241828107796 -0.7821112490075257 -4.114922923124762 -2.6573018092885965
-9999.0 -9999.0 -9999.0 -9999.0 -9999.0 -9999.0 -9999.0 -9999.0 -9999.0 -9999.0 -9999.0 -9999.0 -9999.0 -9999.0 -9999.0 -9999.0 -9999.0 -9999.0 -9999.0 -9999.0 -9999.0 -9999.0 -9999.0 -9999.0 -9999.0 -9999.0 -9999.0 -9999.0 -9999.0 -9999.0 -9999.0 -9999.0 -9999.0 -9999.0 -9.869968877833402 -8.9356267785631 -16.622052408413076 -3.0561314524990424 -0.8812510928881238 -0.2712840920438945 -0.21957709999686786 -0.320435707378208 -0.24762163875921595 -0.44752167456713254 -0.6096445303986257 -0.8723862778273147 -0.3025180063984233 -0.41538418837749574 -0.11020875842884666 -1.3265098932357473 -0.9244096230472453 -0.8873262140566247 -0.39482039077906333 -0.7354497751268918 -0.7224176155661847 -1.5673934759201196 -0.9099961467907406 -0.7934039331422907 -0.7262403882927508 -0.42147762195417077
-9999.0 -9999.0 -9999.0 -9999.0 -9999.0 -9999.0 -9999.0 -9999.0 -9999.0 -9999.0 -9999.0 -0.43664193432527965 -0.5776131357152944 -0.5986404008252826 -9999.0 -9999.0 -9999.0 -9999.0 -9999.0 -9999.0 -9999.0 -9999.0 -9999.0 -9999.0 -9999.0 -9999.0 -9999.0 -9999.0 -9999.0 -9999.0 -9999.0 -9999.0 -9999.0 -7.935194996405489 -0.1295730279999218 -1.0493840704995154 -0.46031351210968235 -1.3969191056920374 -2.158457461799154 -0.09665702177809762 -0.7095116654372711 -2.3885298478256187 -1.5426162741705018 -0.20676569713539136 -1.896165187574196 -0.3881239045326297 -1.4502571776307347 0.5972048578811043 -0.9791910116079869 -0.6642459595433694 -0.5764257773992003 -0.8650321584180525 -3.2578322638653785 -0.41754621783066054 -0.6287410538477494 -0.3439000000648229 -1.1956294399953842 -1.0719951011721787 -0.9256326010960496 -0.8691587813377263
-9999.0 -9999.0 -9999.0 -9999.0 -9999.0 -9999.0 -9999.0 -9999.0 -9999.0 -0.30129511299812517 -9999.0 -2.016373009996118 -0.27931831982999317 -1.814120875849972 0.8754362474947723 -0.5003121236373962 -0.208532545040048 -1.4823476499991073 -0.44261615972172214 0.055095062595513375 -9999.0 -9999.0 -9999.0 -9999.0 -9999.0 -9999.0 -9999.0 -9999.0 -9999.0 -9999.0 -9999.0 -9999.0 -9999.0 1.1063225884336458 1.1437045276583178 -9999.0 -9999.0 -9999.0 -9999.0 -1.6728792706669788 -1.691502615452123 -0.6340225441984043 -1.6708905073990694 -1.0075974926388018 -0.676435454426255 2.551694520215857 -0.06667301426268855 -2.128539498490943 -1.7681694896641647 -6.256312734244939 -1.5457141271486796 -1.174471581152931 -0.21144704223881847 -0.3564110019023563 -0.8552876406197135 -0.5036190759746767 -1.0146913061385676 -0.7729469067314162 -1.672863600552777 -4.955760288899902
-9999.0 -9999.0 -9999.0 -9999.0 -9999.0 -9999.0 -9999.0 -9999.0 -0.24338672564742533 -9999.0 -9999.0 -9999.0 -9999.0 -0.041171723339479674 -0.17415525594266587 -0.029632447538013792 -0.06443771719286859 -0.3794853774742517 -0.19787119978881212 -0.025584378065899124 -9999.0 -9999.0 -9999.0 -9999.0 -9999.0 -9999.0 -9999.0 -9999.0 -9999.0 -9999.0 -9999.0 -9999.0 -9999.0 -0.07765971868360594 -9999.0 -9999.0 -9999.0 -9999.0 -0.028560719560972885 -0.2093442855580156 -0.6784250909939744 -1.6789232750175795 -0.6137881279048403 -0.7634584666175259 -0.5542381497848613 -2.368756324892255 -1.2062115554062487 -1.3910253427142114 -2.490266850965602 -1.1756490996242044 -0.4268171575105264 -0.6760052805135284 -0.041727556948263814 -0.02253346544308648 -0.1048560998584356 -0.4669823378829349 -0.1367535540538869 -0.3253963104356515 -0.9630217239823554 -0.02039257816550444
-9999.0 -9999.0 -9999.0 -9999.0 -9999.0 -9999.0 -9999.0 -9999.0 -9999.0 -9999.0 -9999.0 -9999.0 -9999.0 -9999.0 -9999.0 -9999.0 -9999.0 -0.47627368072260867 3.815382776622423 1.4604391572563453 -1.693014899751078 -9999.0 -0.010068571120824599 -9999.0 -9999.0 -9999.0 -0.021399550463942617 -0.16099856707898044 -9999.0 -9999.0 -9999.0 -9999.0 -9999.0 -0.5122491994685049 0.5465095998254264 0.06390264392804228 -9999.0 -9999.0 -0.05500689672040306 -0.9148071516302223 -1.4020769252929446 -4.249140891000539 -0.205832984629651 -0.9491661085944295 -0.42420377171461976 -2.1108384508163094 25.587073124240526 -1.2622456473733248 -0.6702170947409019 -0.4867027207717056 -1.1643513502115581 -0.10446081997814224 -0.04573307904810209 -0.058332338166387304 -0.006586906682014567 -0.022882856450954992 -0.7091527011362108 -2.31342261359321 0.06406526125921976 -9999.0
-9999.0 -9999.0 -9999.0 -0.40792001472836686 -9999.0 -9999.0 -9999.0 -9999.0 -9999.0 -9999.0 -9999.0 -9999.0 -9999.0 -9999.0 -9999.0 -9999.0 -9999.0 -9999.0 -9999.0 -0.5221905661653988 -0.6121852235435803 -4.093777437459224 -1.062483347866112 0.14159087951256483 -0.04016170278587012 0.018792236500305964 -0.15094075741304075 -1.9561695668711883 -9999.0 -9999.0 -9999.0 0.5815216739633087 -10.57706087536225 0.569215216453728 1.3716242512267627 -9999.0 -9999.0 -0.600361723358883 -0.5589318143652336 -0.9253613636494948 -10.40711216985111 -3.309867612682202 -0.6931356897119478 2.714123406453842 -2.28172520591289 -1.3697976595148331 -1.8797758299322134 -0.45965276181586084 -0.9580863722510402 -0.16627887146010928 -0.14990341476262628 -0.030523468783661484 -0.05030665620962585 -0.0711942472491022 -0.019998439328209806 -0.042592782494143534 -9999.0 -9999.0 -9999.0 -9999.0
-9999.0 -9999.0 -9999.0 -9999.0 -9999.0 -9999.0 -9999.0 -9999.0 -0.013132931378033811 -0.0017898441138415367 -9999.0 -9999.0 -9999.0 -9999.0 -9999.0 -9999.0 -9999.0 -9999.0 -9999.0 -9999.0 -0.009949546173545395 -0.6904444704853657 -1.5679967834721285 -3.1641961954249567 -0.6387337765221682 1.4756118064146238 -9999.0 -9999.0 -9999.0 -9999.0 -9999.0 0.016195304158157304 -0.08016562053069935 -4.140409051411146 -9999.0 -9999.0 -0.004172797114204777 -0.8299117815593752 -1.5598330816863686 -0.847309434290688 -1.2627175986490426 -1.5148468445533463 -2.4109860852881995 -16.596586787011123 -5.924137698015474 -1.0207739505807736 -4.13436776030768 -1.1521604702308306 -0.28595236867314866 -0.02599183008575135 -0.046475916178232685 -0.05241135984568258 -0.049501116320099584 -0.023682721946469008 -0.09205202537048045 0.1864570384985123 0.00983857856695352 0.0076937574844838305 -9999.0 -9999.0
-9999.0 -0.823462845994562 -1.681648531635787 -9999.0 -9999.0 -9999.0 -9999.0 -9999.0 -9999.0 -9999.0 -9999.0 -9999.0 -9999.0 -9999.0 -9999.0 -9999.0 -9999.0 -9999.0 -9999.0 -9999.0 -9999.0 -9999.0 -0.7165334461401328 -0.7901786970976891 -0.8655728971730489 -0.3880995367307517 -1.6011001936838147 -1.4742975373361178 5.48855532707595 -9999.0 -0.11617042121849874 -5.915862831650664 -0.1266885978903438 -2.7143930923429522 0.2326437047048871 -1.435771924696835 -0.7480074373827689 -1.5771419707999694 -5.592208479123789 -1.8743936649701367 -0.2097373631025805 -0.43165438952157104 -0.9882964505946542 9.99924594738128 -0.3253581694699775 -0.08832719167141004 -0.8093343706353195 -0.3032518936003402 -1.3076196274692558 -0.04355305259078033 -0.07787597710695639 -0.03940566650758518 -0.10451782459354328 -0.09986373158913364 -0.05955364910601339 -0.07511498795063454 -0.17652524898596939 -0.11399431566373708 -9999.0 -9999.0
-9999.0 -9999.0 -9999.0 -0.7713338053447282 -9999.0 -9999.0 -9999.0 -9999.0 -9999.0 -9999.0 -9999.0 -9999.0 -10.317612971301683 -1.9471099980448414 -1.0867272803977404 -2.4085684111578765 -0.6664558286378909 -0.6071957752321321 -1.485414116462398 -1.1382946656829211 -0.6851148569260171 -0.7477105574126082 -0.6549679493499249 -0.8013134211876459 -0.6325339084893535 -1.1073720681847916 6.497089904296598 -3.2144724298750464 -1.1136455298324985 -1.240562009534267 -21.806675618169677 6.77252104744881 -3.1319494479633403 -2.6638717157344236 -5.129104787296584 -0.22628543759451888 -4.642098204664586 -0.20492858212996604 -1.5703924356244678 -2.2959793241270874 -0.778778962140594 -0.6783175823499242 -2.0249058358156486 -0.5272227234912362 -0.36512675693818464 -1.2111035085852033 -128.0974317363185 -1.5615814044253709 -0.606012075523747 -0.05312053855691199 -0.04166948483567202 -0.07505593742507788 -0.0661433700959451 -0.16441876450925205 -0.14270521048304644 -0.13675316875563862 -0.053987069823881025 -0.6905777168246127 0.058808761664064624 -1.0608466385596662
-2.3549990716566906 -9999.0 -9999.0 -2.0690888969614956 -1.0837122546294 -9999.0 176.39767389204465 -9999.0 -9999.0 -9999.0 -0.0370393262294132 -0.06367732036059319 -0.8602565329416526 2.7228948633718093 0.4737360161372767 0.42800055087314265 -3.6480406750909316 -2.8074161037727525 -3.8665656418700345 -0.9459399964037833 -0.16291619559200488 -0.18626664550071362 -1.8115561019788173 -0.22774251775016732 -2.681121799351314 -0.8376018526759264 2.523702632616154 -23.617228041705758 -0.8341538312610165 -1.1510205615281983 -1.2672707729412718 -3.1719142870161505 -9.729106371288538 -0.4742079216038525 -0.5195529448059468 -0.13582216032061734 -0.992993601056049 -2.9082316096390426 -1.3822402111405474 -2.295697072135073 -2.089520724065624 5.837004720583132 11.990164688568862 -0.8019588402792508 43.30104017907618 -0.7034840342591343 -1.555206431325344 -0.8521018805008702 -0.27760100347064076 -0.04867668679216138 -0.07155893352520386 -0.05775713446204435 -0.05818232449102263 -0.09222738396347166 -0.19517735819928952 -0.34991621530043265 -0.33725903691709547 -0.19023718566187273 -0.10061096675386619 -1.5448265612288483
-9999.0 -9999.0 -9999.0 -9999.0 -9999.0 -9999.0 -9999.0 -9999.0 -0.5266680760020446 -1.3303902361744364 -9.298651366767029 -2.0407116163183416 -1.7846899333878332 -1.6242154667400055 -0.4196455508517316 -0.59459967157856 2.1706926278655763 -9999.0 -1.643696145936423 4.0726156181419215 -7.870161549823237 -4.3327980840000455 14.248747913089417 -2.8421671660678447 -3.2647716746909303 -1.5069612322824772 5.782043834851253 -0.026117633364872325 -1.903345855349721 -2.7873830311088272 -1.0738384937952656 -0.7670137988225563 -1.6488965370984072 -0.6888764839296257 -1.071105615950196 -1.208029506682874 5.845352673344884 1.5893805446551619 -6.137381116255008 0.8926782793775541 -2.1489924149670734 1.8917523248994346 -1.7320801462070559 -0.40644166045080493 8.794044843587683 -0.6214481790921242 -0.2583964915283092 -1.5966293445480124 -0.1586561393963316 -0.06360941630237398 -0.10545286149189763 -0.04815297278718925 -0.37330217717031106 -0.7199700555822247 -0.42577647018654835 -0.4927725462945618 -1.8923638065693904 -3.0510756858327706 -0.22143704209263274 -0.23378687612435942
