Model Version1.4/trunk/output/2010/frnfe_agri.asc
ncols 720
nrows 360
xllcorner -180.0
yllcorner -90.0
cellsize 0.5
NODATA_value -9999.0
[rows 54 to 80 of 360, columns 427 to 487 of 720]
-9999.0 -9999.0 0.9999 0.9999 -9999.0 -9999.0 -9999.0 -9999.0 -9999.0 -9999.0 -9999.0 -9999.0 0.9999 0.9999 -9999.0 -9999.0 -9999.0 -9999.0 0.9999 -9999.0 0.9999 -9999.0 -9999.0 -9999.0 -9999.0 -9999.0 -9999.0 -9999.0 -9999.0 -9999.0 -9999.0 -9999.0 -9999.0 -9999.0 -9999.0 -9999.0 -9999.0 -9999.0 -9999.0 -9999.0 -9999.0 -9999.0 -9999.0 -9999.0 -9999.0 -9999.0 -9999.0 -9999.0 -9999.0 -9999.0 -9999.0 -9999.0 -9999.0 -9999.0 -9999.0 -9999.0 -9999.0 -9999.0 -9999.0 -9999.0 -9999.0
-9999.0 -9999.0 -9999.0 0.9999 -9999.0 -9999.0 -9999.0 -9999.0 -9999.0 -9999.0 -9999.0 0.9999 0.9999 0.9999 -9999.0 -9999.0 -9999.0 -9999.0 0.9999 -9999.0 -9999.0 0.9999 -9999.0 0.9999 -9999.0 -9999.0 -9999.0 -9999.0 -9999.0 -9999.0 -9999.0 -9999.0 -9999.0 0.9999 -9999.0 -9999.0 -9999.0 -9999.0 -9999.0 -9999.0 -9999.0 -9999.0 -9999.0 -9999.0 -9999.0 -9999.0 -9999.0 -9999.0 -9999.0 -9999.0 -9999.0 -9999.0 -9999.0 -9999.0 -9999.0 -9999.0 -9999.0 -9999.0 -9999.0 -9999.0 -9999.0
-9999.0 0.9999 0.9999 -9999.0 -9999.0 0.9999 0.9999 -9999.0 -9999.0 -9999.0 0.9999 0.9999 -9999.0 0.9999 0.9999 -9999.0 -9999.0 -9999.0 0.9999 -9999.0 0.9999 -9999.0 -9999.0 0.9999 0.9999 0.9999 0.9999 -9999.0 -9999.0 -9999.0 -9999.0 -9999.0 -9999.0 -9999.0 0.9999 -9999.0 0.9999 -9999.0 -9999.0 -9999.0 -9999.0 -9999.0 -9999.0 -9999.0 -9999.0 -9999.0 -9999.0 -9999.0 -9999.0 -9999.0 -9999.0 -9999.0 -9999.0 -9999.0 -9999.0 -9999.0 -9999.0 -9999.0 -9999.0 -9999.0 -9999.0
-9999.0 -9999.0 0.9999 0.9999 -9999.0 0.9999 0.9999 -9999.0 -9999.0 0.9999 0.9999 -9999.0 -9999.0 -9999.0 0.9999 0.9999 0.9999 0.9999 0.9999 0.9999 0.9999 -9999.0 0.9999 -9999.0 -9999.0 0.9999 0.9999 0.9999 0.9999 0.9999 0.9999 -9999.0 -9999.0 0.9999 -9999.0 -9999.0 -9999.0 -9999.0 -9999.0 -9999.0 -9999.0 -9999.0 -9999.0 -9999.0 -9999.0 -9999.0 -9999.0 -9999.0 -9999.0 -9999.0 -9999.0 -9999.0 -9999.0 -9999.0 -9999.0 -9999.0 -9999.0 -9999.0 -9999.0 0.9999 -9999.0
-9999.0 -9999.0 -9999.0 0.9999 0.9999 -9999.0 0.9999 0.9999 -9999.0 -9999.0 0.9999 -9999.0 0.9999 -9999.0 0.9999 0.9999 0.9999 0.9999 0.9999 0.9999 0.9999 -9999.0 -9999.0 -9999.0 -9999.0 0.9999 -9999.0 0.9999 0.9999 -9999.0 0.9999 -9999.0 0.9999 -9999.0 -9999.0 -9999.0 -9999.0 -9999.0 -9999.0 -9999.0 -9999.0 -9999.0 -9999.0 -9999.0 -9999.0 -9999.0 -9999.0 -9999.0 -9999.0 -9999.0 -9999.0 -9999.0 -9999.0 -9999.0 -9999.0 -9999.0 -9999.0 -9999.0 -9999.0 -9999.0 -9999.0
-9999.0 -9999.0 -9999.0 -9999.0 -9999.0 0.9999 -9999.0 0.9999 0.005347523900726069 0.9999 0.9999 0.9999 0.9999 0.9999 0.9999 0.9999 0.9999 0.9999 0.9999 0.9999 0.9999 0.9999 -9999.0 -9999.0 0.9999 0.9999 0.9999 0.9999 -9999.0 0.9999 -9999.0 0.9999 0.9999 -9999.0 -9999.0 -9999.0 -9999.0 -9999.0 -9999.0 -9999.0 -9999.0 -9999.0 -9999.0 -9999.0 -9999.0 0.9999 -9999.0 -9999.0 -9999.0 -9999.0 -9999.0 -9999.0 0.9999 -9999.0 -9999.0 -9999.0 -9999.0 -9999.0 -9999.0 -9999.0 -9999.0
0.9999 0.9999 0.9999 0.9999 0.9999 0.9999 0.9999 0.9999 0.9999 0.9999 0.9999 0.9999 0.9999 0.002757117854996036 0.9999 0.9999 0.9999 0.9999 0.9999 0.9999 0.9999 0.9999 0.9999 0.9999 0.9999 0.9999 0.9999 -9999.0 0.9999 0.9999 -9999.0 0.9999 0.9999 -9999.0 0.9999 -9999.0 -9999.0 0.9999 0.9999 -9999.0 -9999.0 0.9999 0.9999 -9999.0 0.9999 0.9999 0.9999 0.9999 -9999.0 -9999.0 -9999.0 -9999.0 0.9999 0.9999 0.9999 -9999.0 -9999.0 -9999.0 -9999.0 -9999.0 -9999.0
0.9999 0.9999 0.9999 0.9999 -9999.0 0.9999 0.9999 0.007973131528055394 0.9999 0.9999 0.9999 0.9999 0.9999 0.9999 0.9999 0.9999 0.9999 0.9999 0.9999 0.9999 0.9999 -9999.0 -9999.0 -9999.0 0.9999 0.9999 0.9999 0.9999 0.9999 0.9999 0.9999 0.9999 0.9999 0.9999 0.9999 0.9999 -9999.0 0.9999 0.9999 0.9999 0.9999 0.9999 0.9999 0.9999 0.9999 0.9999 0.9999 0.9999 0.9999 -9999.0 -9999.0 -9999.0 -9999.0 -9999.0 0.9999 -9999.0 0.9999 -9999.0 -9999.0 -9999.0 -9999.0
0.9999 0.9999 0.9999 0.9999 0.9999 0.9999 0.03277225398265421 0.9999 0.9999 0.9999 0.9999 0.9999 0.019718615738458758 0.9999 0.9999 0.9999 0.9999 0.9999 0.9999 0.9999 0.9999 0.9999 0.9999 0.9999 0.9999 0.9999 0.9999 0.9999 0.9999 0.9999 0.9999 0.9999 0.9999 0.9999 0.9999 -9999.0 -9999.0 0.9999 -9999.0 0.9999 0.9999 0.9999 0.9999 0.9999 0.9999 0.9999 0.9999 -9999.0 0.9999 -9999.0 -9999.0 0.9999 0.9999 -9999.0 0.9999 -9999.0 0.9999 0.9999 -9999.0 -9999.0 -9999.0
0.03910297210533541 0.9999 0.9999 0.9999 0.9999 0.9999 0.9999 0.16369159359882002 0.07439850770624552 0.9999 -9999.0 0.9999 0.9999 0.9999 0.9999 0.9999 0.03613182023008146 0.018861095547634876 0.9999 0.9999 0.9999 0.9999 0.9999 0.9999 0.9999 0.9999 0.9999 0.9999 0.9999 0.9999 0.9999 0.9999 0.9999 0.9999 0.9999 0.9999 0.9999 0.9999 0.9999 0.9999 0.9999 0.9999 0.9999 0.9999 0.9999 -9999.0 0.9999 0.9999 0.9999 0.9999 -9999.0 -9999.0 0.9999 0.9999 0.9999 0.9999 0.9999 0.9999 0.9999 0.9999 0.9999
0.9999 0.9999 0.9999 0.9999 0.9999 0.9999 0.17089033955463484 0.17395866588131398 0.14762704117012962 0.9999 0.9999 0.9999 0.9999 0.9999 0.9999 0.9999 0.9999 0.9999 0.9999 0.9999 0.9999 0.9999 0.9999 0.9999 0.9999 0.9999 0.9999 0.9999 0.9999 0.9999 0.9999 0.9999 0.9999 0.9999 0.9999 0.9999 0.9999 0.9999 0.9999 0.9999 0.9999 0.08937682470605016 0.09889688162427271 0.9999 0.9999 0.06435602544390198 0.9999 0.9999 0.9999 0.9999 -9999.0 0.9999 0.9999 0.9999 0.9999 0.9999 0.9999 0.9999 0.9999 0.9999 0.9999
0.9999 0.013101468629216663 0.03368873118845084 0.08160349976531858 0.9999 0.09830978312040602 0.07569139059374747 0.1691096797990332 0.24790633998587894 0.08687793050382803 0.06359691447712192 0.12421472017444661 0.15798859919505717 0.9999 0.12908465705774083 0.9999 0.9999 0.9999 0.9999 0.9999 0.9999 0.9999 0.9999 0.9999 0.9999 0.9999 0.3851853115670476 0.9999 0.5180171467730581 0.47284141064112195 0.5551683486650298 0.5030415616948747 0.41548582106209636 0.9999 0.9999 0.9999 0.9999 0.9999 0.9999 0.9999 0.9999 0.1514549513031899 0.14794691315053626 0.1326983269760626 0.9999 0.9999 0.14807010930176187 0.10732216889204872 0.9999 0.9999 0.9999 0.9999 0.9999 0.9999 0.9999 0.9999 0.9999 0.9999 0.9999 0.9999 0.16642557727918852
0.9999 0.9999 0.9999 0.9999 0.9999 0.9999 0.9999 0.9999 0.9999 0.09074629339362818 0.08225132362725297 0.14081582905404763 0.3912277355877903 0.1675058439644567 0.9999 0.9999 0.9999 0.08923074625751015 0.05290255004457966 0.9999 0.2006379678306489 0.06295366004678378 0.9999 0.03421710899953174 0.9999 0.9999 0.9999 0.9999 0.14434081114256925 0.25074661399552495 0.3893421514310496 0.4579553802516476 0.4438598044434522 0.3899890807068611 0.9999 0.9999 0.9999 0.9999 0.9999 0.1927357153898779 0.3103157627770485 0.06481975205377448 0.9999 0.13580440138542216 0.9999 0.9999 0.9999 0.9999 0.9999 0.9999 0.9999 0.9999 0.9999 0.9999 0.9999 0.09386572654258966 0.20178446319782856 0.09740952172909229 0.1650518580672267 0.2234303472818986 0.9999
0.9999 0.14131313536760004 0.11287215167204652 0.20645457610519008 0.2724610202726852 0.07414247550350322 0.9999 0.9999 0.9999 0.9999 0.9999 0.0909787376982871 0.2803710221166368 0.3319214772236289 0.164001736988806 0.07738227644780477 0.05710426320222338 0.10044972125170333 0.9999 0.11463960310758525 0.21338910697300753 0.9999 0.06339954901690086 0.10019391891203462 0.12161318180204621 0.15041327417463946 0.9999 0.14040334791399234 0.07125657868070583 0.9999 0.24150265956484726 0.4429106887433178 0.5343490808046278 0.49571036000301766 0.49646933018619477 0.21033852477680293 0.9999 0.31318710519636167 0.38815486839203134 0.36234755042946554 0.431210672329026 0.1767248852153142 0.4577699071842749 0.41682080848192526 0.40468958183095693 0.9999 0.9999 0.9999 0.9999 0.9999 0.9999 0.9999 -9999.0 0.9999 0.9999 0.9999 0.1611922875847936 0.14190692893841095 0.21930787247020567 0.19585917781442316 0.14429377669976562
0.10610691110739995 0.33401980484804594 0.190399972132036 0.9999 0.9999 0.9999 0.9999 0.9999 0.11537410582765102 0.9999 0.9999 0.9999 0.9999 0.0230878143733146 0.05756357802130129 0.9999 0.17004694094701794 0.11512995583513345 0.13279592752607725 0.2070544476526819 0.23860989983865766 0.5494390375369497 0.5577088903293321 0.5253488036194368 0.5120157836522629 0.2926090449279083 0.5118808393483586 0.5721573058840728 0.5165834253712528 0.44509971308767177 0.3010986666873137 0.37246423000701573 0.5672834056606975 0.5570608761078888 0.31609208292530055 0.34111937383605095 0.4266421422205396 0.4006413154524271 0.5605345709612193 0.2839736087994639 0.2884666122646726 0.4056877433761841 0.3049392280522352 0.4451948966179689 0.5327272753640399 0.9999 0.9999 -9999.0 0.9999 0.23270853027869864 0.9999 0.9999 0.9999 -9999.0 0.08585575075135643 0.17777378375665737 0.18070279182439353 0.15369657030239947 0.18559189859429642 0.23156472566055009 0.24294219093060243
0.9999 0.09625458470010602 0.11822416144152978 0.07772907235815184 0.9999 0.9999 0.9999 0.9999 0.17106941303602516 0.3084912221835573 0.2031186866083572 0.9999 0.9999 0.9999 0.0665239676359563 0.9999 0.9999 0.9999 0.9999 0.41704338549069236 0.3190141173687169 0.45563646500210175 0.571176339408201 0.47629419063531875 0.5709283720797446 0.41690315083540197 0.9999 0.35942779137089353 0.4766226623348734 0.5568672396249654 0.5602276608802689 0.39751390840073425 0.5252196678545467 0.5142710664474446 0.4945610390186377 0.4524895609163436 0.41804198926549685 0.4528198196722582 0.4828080401169219 0.3955394527718445 0.4384499804080837 0.5184298183386733 0.5687675357322055 0.5492133029624237 0.37490789360609955 0.9999 0.9999 0.9999 0.9999 0.9999 0.9999 0.9999 0.9999 0.9999 0.20542427667827767 0.21102203820940382 0.18366056153327157 0.2710657248903933 0.3529317497610342 0.37674226372858133 0.3066957014502628
0.03629990215494157 0.9999 0.9999 0.9999 0.20918289663136616 0.9999 0.15177376153698918 0.17421687010247897 0.28567860405266937 0.26684718583145595 0.4382960530644709 0.4575806481577742 0.1781410081085079 0.07894679366195308 0.11857971230745502 0.15036259376840116 0.20797195294641274 0.25271138918077246 0.171994429424458 0.9999 0.3092765515924406 0.9999 0.4896266221406024 0.5256386956156869 0.51402911678316 0.45939104962405475 0.9999 0.9999 0.5282849754985603 0.5501394635744564 0.3618087408829545 0.30345087502591284 0.5149485482361068 0.3474647458371866 0.3743968518473632 0.3961637589713239 0.4942932585105926 0.30178340270090065 0.4487494019076903 0.4875377413178482 0.4478025290609332 0.36431404995056443 0.5605147491361722 0.4696474600859382 0.3235209827792667 0.2161384493417245 0.9999 0.9999 0.9999 0.9999 0.9999 0.9999 0.9999 0.3434494406460282 0.34007418490521746 0.3897280573281333 0.3422707157613716 0.2122015313315246 0.45697046722093715 0.36719771584241806 0.4125174900269629
0.9999 0.14883596957045525 0.1713446129859075 0.45375373644629496 0.528896529077014 0.23486659509683938 0.23419778860393586 0.3388475533149181 0.2984048149791313 0.4771753770586154 0.5752034495868185 0.5759229611817339 0.5586699647561387 0.37178247530641606 0.3448531133110687 0.300509552732209 0.49130863915617473 0.24002951545480572 0.11239036851297274 0.5727221163851663 0.43071905120627946 0.41189731878557495 0.5221344611041362 0.4967872395977071 0.46008896296646745 0.3669800868842449 0.413530101162138 0.4750935617116955 0.5168710438927725 0.4608936665707309 0.3899614291512965 0.39437977151948633 0.300501556684397 0.46326278618400546 0.5714863376895076 0.4586263140155618 0.573858739109769 0.5336374870862165 0.5505198520652451 0.4681869921239499 0.9999 0.3322723850449376 0.5379038761210562 0.5645745632825769 0.4726240026306978 0.46122790647501377 0.9999 -9999.0 0.9999 -9999.0 0.9999 0.27476464431527353 0.4556463829026047 0.5321964035051641 0.40955050976500074 0.49105974208516406 0.48402840315934986 0.4482253925225923 0.3222642772626561 0.4864145736339991 0.5368620769084945
0.1837630114827652 0.09711384581494689 0.1418733888950393 0.09704976225376527 0.1932920130520453 0.35297080389124674 0.5649877099728663 0.5483059901339514 0.5274870506645893 0.5623673252292747 0.5677048891320081 0.5769147549042755 0.5441696799578334 0.4175740714414133 0.5646867415555852 0.5679013312813606 0.49694158166903285 0.9999 0.3802234906274059 0.5711752737841773 0.479292396786394 0.40474476510210877 0.4506884152250785 0.4966719496365309 0.9999 0.9999 0.9999 0.9999 0.4190320964024381 0.3700642062650882 0.2883282150371733 0.4298437880243893 0.477101749632525 0.5228237038549028 0.5536358972199558 0.46772527647685375 0.4300988476949785 0.39745104667869907 0.9999 0.569946271046746 0.5677823976939264 0.5631084018120958 0.40608936170118054 0.5644545713172928 0.472891472302435 0.286867537363184 0.9999 0.9999 0.9999 0.9999 0.9999 0.5661687606810377 0.5583843233751915 0.531549649080647 0.49652737110752887 0.12358894490427588 0.09583568446155713 0.09862512492471988 0.10383547318817471 0.1036404892136818 0.12319142125779944
0.2849874243020789 0.9999 0.11701263366663911 0.18384818396618244 0.5247528101107546 0.49812036083188144 0.5201385752550427 0.5717343323914379 0.5745352430086097 0.5737826646512332 0.5737074878750106 0.5740430700478955 0.5412984503919913 0.4723361849063458 0.5723227409739299 0.4704718999166124 0.2764330807844992 0.4742467972981963 0.4931355958888739 0.46170792043566644 0.48760753293472975 0.49207853871694746 0.4537754378533723 0.22327091387339526 0.24183455390416897 0.2894858894444146 0.2624326401071051 0.4536056816416126 0.38808543154513125 0.4095376429176415 0.43586188149369753 -9999.0 0.10968173582072731 0.32414721919926004 0.48553899778966214 0.4924293836351992 0.4922539404426648 0.9999 0.5684733983307222 0.5682241894763687 0.5681678672782062 0.5685532460530568 0.523454225025707 0.5509429395765325 0.5589444204456632 0.9999 0.9999 0.9999 0.9999 0.9999 0.3832818286962237 0.4945658411232138 0.5477951861323003 0.5253577687561105 0.5498643805302383 0.39698249115212575 0.4938936299076793 0.09257245605613475 0.08361149760451489 0.576007173326741 0.5862200986668905
0.23533064224481567 0.9999 0.32711377792709456 0.45793862926327766 0.5446738259858839 0.5609617111919628 0.564345642347877 0.5649750475696358 0.5252763536372341 0.5663557995533861 0.5632624021974806 0.5443693245000263 0.2967841730797507 0.4509991722449523 0.5249299111561444 0.47519238176640954 0.22067266360256332 0.5697201636836267 0.4555880180604744 0.5293609011395612 0.5010846867846799 0.5167057491408119 0.41658596771246353 0.44107395198267 0.4756161218839119 0.4237691185947936 0.4244257527973507 0.3422065127308057 0.4538904393315521 0.5457836886945159 0.5475639712003987 0.5602300837998012 0.56438883423053 0.5598621932774205 0.5470776299411024 0.4701565518103366 0.5450489052244408 0.44132211269539445 0.5265119023954372 0.5689739366465064 0.5688985439809202 0.5551978759833401 0.554279928368284 0.5685488582303914 0.5079460987177502 0.5131912337995191 0.9999 0.9999 -9999.0 0.9999 0.5140545666074179 0.5301935070161515 0.5377935385831153 0.5111982996163219 0.4077102132966015 0.1033212243739455 0.5425922361951265 0.5606632600556698 0.5734421778715578 0.5708440241641853 0.5766872775528661
0.19323992194160058 0.3073853498249044 0.5258194635390462 0.357228237887711 0.5347629647934474 0.5746972256094868 0.5684433462692127 0.5577362397522942 0.5574718339323 0.5351765651877697 0.529051194074452 0.3919553531823421 0.48613108534796007 0.5685148363759412 0.5739928130078543 0.5521528991131209 0.5760335594461767 0.5150144985523939 0.5532797085051325 0.505758453336349 0.5216852566562152 0.5054933444935419 0.5431644896086698 0.5544570469864857 0.48754420821886624 0.43949075089111367 0.4752773610885523 0.4199618811937566 0.43216624142835725 0.469327172380317 0.9999 0.9999 0.9999 0.5673317559672929 0.5671517485194465 0.5669971382712969 0.5642939062191682 0.5599323673045891 0.5663455935029355 0.5132087642985071 0.4791588436127007 0.5345044134658885 0.49399537182105296 0.5582963659810205 0.5618140119377614 0.5485667210898433 0.48668651600006435 0.9999 0.9999 0.448167768096601 0.4721632345729031 0.4942279096268522 0.9999 0.4451643624990366 0.9999 0.5792705554787663 0.5800834491642237 0.5800834491126665 -9999.0 -9999.0 -9999.0
0.49581899307599536 0.4812456809536895 0.5048627572338563 0.5316732314101682 0.5486094313338201 0.5159591916793279 0.5767359122306798 0.5327641586877307 0.5764365616693318 0.5770741448367988 0.5772314690023599 0.27877132036885877 0.49528057806575754 0.5510789667305737 0.5579793883051912 0.567848519335689 0.5557775511889353 0.48425940200810214 0.5166705493045259 0.4363520364907599 0.5664443382928236 0.5572599252019 0.5249363601410337 0.5555443473210081 0.49420767119000014 0.3886881693809447 0.34769622744076867 0.43806428154962274 0.9999 0.9999 0.9999 0.9999 0.9999 0.9999 0.9999 0.9999 0.9999 0.9999 0.9999 0.9999 0.9999 0.9999 0.9999 0.9999 0.9999 0.9999 0.9999 0.9999 0.9999 0.39629131580550436 0.9999 0.9999 0.9999 0.9999 0.5810102796043494 -9999.0 -9999.0 -9999.0 -9999.0 -9999.0 -9999.0
0.5711690684278753 0.48532485474306714 0.40908326823983354 0.5371101765402355 0.5769996222159582 0.5771642895212065 0.5766609411622677 0.5365444419599605 0.4224257251687301 0.5693877225552331 0.5743596603572615 0.44773415674663775 0.5349362149639467 0.32404311405510433 0.5433723383662435 0.4612055308848521 0.36828671534313406 0.30985544487160366 0.5559687135323335 0.42185553658817654 0.5725332298050269 0.574027980011826 0.5187389621341447 0.5326577279399396 0.4084297571482731 0.4864884022900582 0.9999 0.9999 0.9999 0.9999 0.9999 -9999.0 0.9999 -9999.0 -9999.0 0.5728994302794405 -9999.0 -9999.0 0.5536969627141753 0.5506928408781232 0.5548206147502976 0.9999 0.9999 0.9999 0.9999 0.9999 0.9999 0.9999 0.9999 0.9999 0.9999 0.9999 0.9999 0.9999 0.9999 0.9999 0.5529701091615179 -9999.0 -9999.0 -9999.0 -9999.0
0.6684865473942128 0.6590787837157407 0.5217931202114067 0.5874691555449408 0.5472232919947053 0.5684835517243909 0.48959300930935445 0.5679477397885375 0.537609451292384 0.5621052615548237 0.5326131951047313 0.5382750863160286 0.37737852114638787 0.3536006957010211 0.5235617633278515 0.5568766407175806 0.45869860636640325 0.43513844443870336 0.4467316621631341 0.5757192387477637 0.5425584715602528 0.5141118363415843 0.42633453180281045 0.5260627164834613 0.3551711783767682 0.9999 0.9999 0.9999 0.9999 0.09115471991916044 0.9999 -9999.0 -9999.0 -9999.0 0.5718958141849699 0.5757833304026675 -9999.0 -9999.0 -9999.0 -9999.0 -9999.0 0.5381306971479651 0.540290324218323 0.9999 0.9999 0.5381306978833743 -9999.0 0.5747862984374672 0.10532125432359558 0.5800834490881778 0.5360433852189198 0.9999 -9999.0 0.5491753617227477 0.9999 0.5512633779315262 -9999.0 -9999.0 -9999.0 -9999.0 -9999.0
0.6288663681266898 0.6124744686340103 0.5358068126590543 0.5998012072583951 0.4577334637588669 0.4110201256163402 0.4935053303094812 0.2868647369090861 0.501928887998385 0.47518389712745673 0.5769945744112562 0.5631782741281657 0.5238013143137868 0.4424356632750606 0.5051639555430952 0.5788682411495736 0.5315227382292946 0.4714118187211246 0.5291473344271622 0.4897943208391842 0.4154247982483066 0.4113491175208671 0.41934957515542465 0.3197319368833285 0.2184998634565728 0.9999 0.9999 0.9999 0.5947362155791305 0.9999 0.9999 -9999.0 -9999.0 -9999.0 0.5718958136694373 0.5757833305439193 -9999.0 -9999.0 -9999.0 -9999.0 -9999.0 -9999.0 -9999.0 -9999.0 -9999.0 -9999.0 -9999.0 0.5728994303010605 0.5728994299497696 -9999.0 -9999.0 -9999.0 -9999.0 -9999.0 -9999.0 -9999.0 -9999.0 -9999.0 -9999.0 -9999.0 -9999.0
0.615164845861442 0.6561128103681642 0.5908528350796775 0.5658709819177062 0.5758257223444709 0.9999 0.2599432375043128 0.9999 0.9999 0.9999 0.9999 0.9999 0.4738084850825653 0.5378371971476645 0.45221155246182076 0.382509175430056 0.4629170601720039 0.4192963646625925 0.32773510846971643 0.27500307369881377 0.3316163774104735 0.42698556425358875 0.2898783011367496 0.9999 0.9999 0.9999 0.9999 0.5451717048039868 -9999.0 0.5936110002567125 0.5441933961465908 -9999.0 -9999.0 -9999.0 -9999.0 -9999.0 -9999.0 -9999.0 -9999.0 -9999.0 -9999.0 -9999.0 -9999.0 -9999.0 -9999.0 -9999.0 -9999.0 -9999.0 -9999.0 -9999.0 -9999.0 -9999.0 -9999.0 -9999.0 -9999.0 -9999.0 -9999.0 -9999.0 -9999.0 0.5765501058540007 0.5718958117342563
