Model Version1.4/trunk/output/2010/fsro_nat.asc
ncols 720
nrows 360
xllcorner -180
yllcorner -90
cellsize 0.5
NODATA_value -1
[rows 84 to 111 of 360, columns 567 to 629 of 720]
0.007827991111414186 0.0 0.0 0.0 0.0 0.0 0.008127731404756844 0.010234972209579493 0.010223210072632737 0.0 0.0 8.741274205502304e-07 0.0 0.0 0.0 0.0 0.0 0.0 0.0 0.0 0.0 0.0 0.0 0.0 0.0 0.0 0.0 0.0 0.0 0.0 0.0 0.0 0.007101559197382399 0.01002387212157942 0.012315227622121405 0.014182522770584429 0.0 0.0 0.004999334602649424 0.0 0.00044457503470206826 0.0004268911736716512 0.0006044410896283505 0.0010698116354125253 0.0 0.0 0.0018653597010353854 0.002531629610817777 0.0038422500852554565 0.007587381733576449 0.00928536595037135 0.011166444836701879 0.012701606109929816 0.007928244227345102 0.006620863411512831 0.001577432975357819 0.001431397654370514 0.0004119343786022757 0.001647554569943845 0.0009777089894836752 0.0004526460555381348 0.000438903359126022 0.0013493009185709822
0.006414314713976811 0.0 0.0 0.0 0.0 0.0 0.0 0.0 0.0 0.0 0.0 0.0 0.0 0.0 0.0 0.0 0.0 0.0 0.0 0.0 0.0 0.0 0.0 0.0 0.0 0.0 0.0 0.0 0.0 0.0 0.0 0.004496888800881526 0.009416609097252705 0.011885736184713773 0.013073141535833464 0.0 0.0 0.007595607497455835 0.0027944334284323593 0.001535303803106981 0.0005805422236891434 0.0003939731963755666 0.00028318643135342314 0.0004065041759480723 0.001024541851218326 0.0 0.0 2.148043735948371e-08 0.0027130990564146786 0.008977538366469785 0.013280710961934663 0.01261746680918467 0.012734964055130051 0.003706724001034598 0.0007311888453218404 0.000374720425224674 0.0012288356079537066 0.0016070741240942616 0.0005086209063060962 0.001606029738272094 0.0042379068575251234 0.004323711415622413 0.010807220239847188
0.0 0.0 0.0 0.0 0.0 0.0 0.0 0.0 0.0 0.0 0.0 0.0 0.0 0.0 0.0 0.0 0.0 0.0 0.0 0.0 0.0 0.0 0.0 0.0 0.0 0.0 0.0 0.0 0.0 0.003393796077877212 0.0034023831183959403 0.005789910828014067 0.00846525226289052 0.011693464160964442 0.0 0.0 0.0 0.0 1.792186538049374e-08 0.0 0.0 5.251557823525214e-10 0.0005114214379082848 0.0004040684259489678 0.0008364061482107779 0.001394921097863728 0.0018345550173574832 0.0016251808585862186 0.0024666251496880116 0.00903741768170186 0.014642937294669381 0.014866671125117113 0.007734782123364775 0.004435593618267055 0.005288831559653103 0.0041524581238114085 0.0019021785774137481 0.000295991453095037 0.00035005247589106674 0.0075552392667326985 0.010075238552582725 0.008154152978169252 0.006439654048598882
0.0 0.0 0.0 0.0 0.0 0.0 0.0 0.0 0.0 0.0 0.0 0.0 0.0 0.0 0.0 0.0 0.0 0.0 0.0 0.0 0.0 0.0 0.0 0.0 0.0 0.0 0.0 0.0 0.0 0.0019202812402578586 0.0026610538994190367 0.005208614830434791 0.0 0.008276221947494654 0.0 0.0 0.0 0.0 0.0 0.0 0.0007281667401591423 0.0 0.0006423857496479485 0.0005057916321607434 0.0007612167145558095 0.001538578455825399 0.0010393050927717082 0.0 0.004002405392014215 0.009348188400396154 0.011348340052113864 0.006340864059442727 0.004244219669697895 0.0 0.006475197817912348 0.008358984825402776 0.009778850610667727 0.00463453661311521 0.0041284242537673625 0.005228996409505613 0.0045527617802600204 0.005397477985107568 0.007191793549286028
0.0 0.0 0.0 0.0 0.0 0.0 0.0 0.0 0.0 0.0 0.0 0.0 0.0 0.0 0.0 0.0 0.0 0.0 0.0 0.0 0.0 0.0 0.0 0.0 0.0 0.0 0.0 0.0 0.0 0.0 0.0 0.0 0.0 0.008072441550899822 0.009357579484386983 0.0 0.004466598885565731 0.0 0.0 0.0 0.000793801175809225 0.0010112191732925403 0.0008784549915146429 0.0007834407772287791 0.0010700756639405518 0.0011361378260193557 0.0016750915396131175 0.004530441961144871 0.006353523549337455 0.0064754776857233794 0.002754807733938545 0.011623491074863563 0.012542291952025183 0.010470877376285522 0.005932869123885795 0.007233195965994941 0.006864763763235767 0.005819256637777051 0.0014193416919826907 0.0006501137478021964 0.004555736674396423 0.007241233697742976 0.008947078643714535
0.0 0.0 0.0 0.0 0.0 0.0 0.0 0.0 0.0 0.0021057822836239486 0.0 0.0 0.0 0.0 0.0 0.0 0.0 0.0 0.0 0.0 0.0 0.0 0.0 0.0 0.0 0.0 0.0 0.0 0.0 0.0 0.0 0.0 0.00800232538004816 0.008848099610161784 0.009180813437839119 0.0053065115409693725 0.0 0.0 0.0 1.0033082544468652e-08 0.0005842447478505453 0.000652750164563333 0.0008136430728222779 0.0007423377613154682 0.0014144157745283822 0.0011742956887361644 0.0 0.006945231030540281 0.008237623333978435 0.005893311290335882 0.009925681465273197 0.01612852159977804 0.013975173708502967 0.00899561518585108 0.008881538617911019 0.006968941802506357 0.005354643780499191 0.0006108783258465599 0.00023136185411520694 0.0015554765590350976 0.00896585340677475 0.010152779123907075 0.013265642844137166
0.0 0.0 0.002304394616521602 0.0 0.0 0.0 0.0 0.0 0.0022323569655828338 0.0 0.0 0.0 0.0 0.0 0.0 0.0 0.0 0.0 0.0 0.0 0.0 0.0 0.0 0.0 0.0 0.0 0.0 0.0 0.0 0.0 4.0882934591748194e-07 0.010951156173299541 0.008493456865393023 0.006412620921715678 0.004243467734839983 0.002980567544237731 1.284908252935526e-08 0.0 0.0 0.0 0.001050728835559161 0.0006323146133406406 0.0 0.0 0.0 0.0014740542900356641 0.0 0.0 0.005649476926542949 0.012726286890514724 0.01218450670118958 0.011133804307414084 0.008560754974219209 0.008468124536703774 0.009831703473475967 0.010169965808274973 0.007553750804055501 0.00011382003062111791 0.0009713873637022819 0.006492288645003852 0.009646347452215943 0.01198780036544657 0.013234085396636666
0.0 0.0 0.0 0.0 0.0 0.0 0.0 0.0 0.0 0.0 0.001786870429405059 0.0 0.0 0.0 0.0 0.0 0.0 0.0 0.0 0.0 0.0 0.0 0.0 0.0 0.0 0.0 0.0 0.0 0.0 0.010232430167216588 0.012282059838355744 0.00977676632998299 0.007704507902157877 0.0 0.0 0.0 0.0 0.0 0.0 0.0007070363661300643 0.0 0.0 0.0016520669720187229 0.00120594885146802 0.0 0.003208313506980056 0.004158872358939703 0.009502180899059867 0.014132382277774117 0.016237818964911124 0.010633972041959948 0.005358571565238966 0.009905557065688799 0.009490044080725865 0.01179512002043718 0.009796053845932857 0.004366479202785453 0.0037567502576511423 0.008128749944770008 0.009399074180203092 0.009958767668057672 0.013803731104933057 0.013562573078463565
0.005340218832748307 0.0 0.0 0.0019578055454620245 0.0 0.0 0.0018909397975933758 0.001974641571834845 0.002137773628421153 0.0 0.0014890682068167149 0.0 0.0 0.0 0.0 0.0 0.0 0.0 0.0 0.0 0.0 0.0 0.0 0.0 0.0 0.0 0.0 0.0 0.011964188190938647 0.007419542768304529 0.008574023820352066 0.0 0.0 0.0 0.0 0.0 0.0 0.0 0.000623842072952132 0.0 0.0008793743166602609 0.0008566528340065177 0.0011046322297491634 0.0018501876470471746 0.002169873195462041 0.00604696342942357 0.010743384066021352 0.010507777607326138 0.010317016113551392 0.006871886873174149 0.011871967794124989 0.011816999496702816 0.012239442471673296 0.01065147745235161 0.011498858602604117 0.009521689782396947 0.005669764869182075 0.008208819764836747 0.010998924694074262 0.012865078112310586 0.014005543301099347 0.015519480112452395 0.015039767679717108
0.0 0.005029065961157814 0.0 0.0 0.0 0.0 0.0 0.0019079620973212537 0.0011551480272263492 0.0 0.002244317146812688 0.001823369651275681 0.0 0.0 0.0 0.0 0.0 0.0 0.0 0.0 0.0 0.0 0.0 0.0 0.0 0.0 0.0 0.0071433377798422815 0.01220516785815146 0.0 0.0 0.0 0.0 0.0 0.0 0.0 0.0 0.0 0.0 0.0 0.0 0.0015971386118928492 7.3752183095213244e-09 2.8684460681448543e-08 0.005076239438443679 0.009979904527772341 0.01163515788728355 0.011175815349070027 0.011967262071480026 0.007450417809330572 0.010179400169953829 0.013047452524234674 0.01251941037774193 0.012813712399810558 0.013409700007068304 0.01197288884253817 0.008476875293998038 0.00814834313291266 0.014674639899669523 0.014235910041548939 0.016615587112264008 0.015233485454656708 0.01244516640909494
0.002093746485124923 0.0022543134729061482 0.0026165158656012858 0.0 0.0 0.0 0.0014751811582471143 0.0011247648379516947 0.001847159603215254 0.0018602304471961517 0.0019250238943639571 0.0023502456463999765 0.0 0.002117213343188255 0.0 0.0 0.0 0.0 0.0 0.0 0.0 0.0 0.0 0.0 0.0 0.0 0.0 0.008327086322253433 0.012646862021029435 0.0 0.0 1.2656821334856898e-08 0.0 0.0 2.960872409498895e-08 0.0 0.0 0.0 0.0 0.0 0.0015537350718272773 0.0044322636679199326 0.006483025071154662 0.002955789371860894 0.0030993786444484463 0.0 0.008663063534649202 0.010090388689717794 0.011151800716206075 0.0090147349490588 0.013741359076070027 0.009166256316621622 0.01204008375759574 0.009696054686083188 0.009524503512881281 0.009603315637890141 -1.0 0.009694627677180226 0.009195813252901879 0.012387079535162873 0.012294483534828824 -1.0 -1.0
0.0023635057709604818 0.0 0.003085997554829693 0.0 0.0028880261413651897 0.0 0.0012395488828886572 0.0017326832719307967 0.0020494419435724397 0.001573002325457072 0.0 0.002262782567133691 0.0020126293392409137 0.0 0.0 0.0 0.0 0.0 0.0 0.0 0.0 0.0 0.0 0.0 0.0 0.0 0.004736312146837614 0.008842691096693294 0.013952107626115151 0.012178040431418912 0.0 0.005546880234440261 0.0 0.006140794787332123 0.0 0.0 0.0 0.0 0.0014569176988074783 0.0023303361301009974 0.0 0.008825402565263766 0.010353543399073491 0.008176957975174596 0.008861642189576245 0.00988977460254384 0.009677692169954224 0.010358628626401111 0.005138217212650275 0.007854091962617219 0.012921604776531467 0.015303504040246212 0.014919869742569668 0.014328618377621878 0.008705176428942453 -1.0 -1.0 -1.0 -1.0 -1.0 -1.0 -1.0 -1.0
0.0017235645906425537 0.0022013495398727585 0.0020655062175332305 0.002185709554070953 0.0015290288940721442 0.0 0.0021688150109172703 0.0030529567126652913 0.003548289521048095 0.0 0.0 0.0 0.0028324160496053514 0.0 0.0 0.0 0.0 0.0 0.0 0.0 0.0 0.0 0.0 0.0 1.1649068395567761e-07 0.008629201525559684 0.012480248768785032 0.012316609776638262 0.012946120651498345 0.013446044807866467 0.0116383219172705 0.0 0.005151695601902591 0.005579066550718981 0.0036482623327998855 0.004040397085472044 0.007133421609089615 0.001256948762032512 0.0002924078405220144 0.00048100481339499843 0.003799469911518223 0.009650717138367616 0.011310505299955033 0.010780781091580588 0.011192335333051699 0.013648544739077161 0.01596501631265619 0.014316941200087438 0.008938147534973226 0.011212939596497877 0.012860834047566702 0.01783838256833958 0.013478830306128346 -1.0 -1.0 -1.0 -1.0 -1.0 -1.0 -1.0 -1.0 -1.0 -1.0
0.0 0.0 0.0 0.0 0.0 0.0 0.009071647886870477 0.0050588791972392575 0.001418184513221748 0.0018325955584803464 0.0 0.0 0.0 0.0 0.0 0.0033996472138816173 0.0 0.0070753495727006715 0.0 0.0 0.0 0.0 0.0 0.008674886715510121 0.011305498578043542 0.01618570913736315 0.012644982836138992 0.012344138208876209 0.012848669339782676 0.012611854052571581 0.009878457467195973 0.0033440390765175753 0.007191471870881353 0.0 0.00328382808720597 0.003007783086503058 0.001566733733335228 0.00023563698806271718 0.0005077014729029196 0.0039658013282005845 0.012538152019051774 0.015195350295456364 0.01445058460947151 0.015224488821102942 0.014036562433508188 0.016771064269198763 0.01695355170511179 0.017405817535779335 0.01852510096912783 0.016215379290917698 0.01659682015786466 0.015993877853427967 0.013471196926741614 -1.0 -1.0 -1.0 -1.0 -1.0 -1.0 -1.0 -1.0 -1.0 -1.0
0.0 0.0 0.0 0.0 0.0 0.007034928519524703 0.0016296098335338897 7.862953917045033e-05 0.00017766848661938213 0.00035451866524615646 0.0 0.007193808722127731 0.004435750688853734 9.23685720453479e-09 0.006358448481917212 0.0 9.102404122912209e-09 0.008347335924882496 0.0 0.0 0.006918433652837431 0.009346511051648142 0.005310401109890071 0.012326535805902504 0.014425701486212661 0.014927620443010936 0.014095249111177315 0.013233089901437341 0.014362974394713516 0.014698267447336903 0.012691056265133885 0.011454103330249703 0.007873927464480578 0.00466161100339197 0 0.006095679781536774 0.00038676646379510836 0.0005328089613172596 0.003986755149316038 0.012174319297954027 0.012880156813540449 0.011759243832495974 0.012551699069730082 0.013598616535459903 0.015449180221044226 0.017137588238388103 0.018246253154152754 0.017055281919085362 0.017391887506874867 0.016504667322830128 0.018418329872666096 0.013090315509417054 0.014336142195619593 -1.0 -1.0 -1.0 -1.0 -1.0 -1.0 -1.0 -1.0 -1.0 -1.0
0.0 0.0 0.0 0.0 0.0034177276692783803 0.0017454537456729885 0.001069127199993489 0.0021627490986206076 0.0 0.0 0.0 0.0025227803092101025 0.002176363829610153 0.0 0.0 0.0 0.0 0.0 0.0 0.0037880920685746436 0.00629636067362708 0.007664106331523129 0.009803482161434193 0.012686608063011853 0.013813288800304564 0.010466207856463213 0.0032907293694745027 0.012443121679056285 0.010712078650482645 0.011308036126894978 0.009836454798029533 0.011741543834805374 0.010760736748653767 0.0 0.00343107 -1.0 0.006900787219436775 0.008474461855286625 0.012995460134962207 0.010256811864638091 0.009927882290711296 0.0089115594599289 0.011508838903479889 0.014711069722204415 0.01602764205818463 0.016105289626387912 0.018141677585190016 0.01658382108543691 0.01580866454074919 0.016093638696276617 0.01451770968248349 -1.0 -1.0 -1.0 -1.0 -1.0 -1.0 -1.0 -1.0 -1.0 -1.0 -1.0 -1.0
0.0 0.0 0.001536756540752337 0.0 0.0 0.0022649146483097534 0.0060017417215432875 0.0031234057153779614 0.0 0.0 0.002043896374883388 0.0 0.0 0.0 0.0 0.0 0.0 0.0 0.006731137663009497 0.0035001171279260158 0.012972756066861543 0.0126409216055488 0.013488715284363954 0.01856604091740256 0.01563916977497594 0.0 0.0 6.24334372246529e-10 0.0 1.036774690902662e-09 0.0 0.0 0.0 -1.0 -1.0 0 1.961945329527007e-09 0.004946697701355644 0.004666730238939387 0.0 0.006436260134718244 0.0023165444807670276 0.011848275848105085 0.009444235651121251 0.0090447691506452 0.016789117820719037 0.018030094647521158 0.013062248901862123 0.008781174211740107 -1.0 -1.0 -1.0 -1.0 -1.0 -1.0 -1.0 -1.0 -1.0 -1.0 -1.0 -1.0 -1.0 -1.0
0.0 0.0 0.0 0.001365225373435646 0.002914466944108497 0.010827728518367741 0.005496557732330627 0.0022567064208328905 0.0023154085865344097 0.0026586588680216267 0.0 0.0 0.0 0.0 0.0 0.0 0.007685385027914487 0.008669703470733012 0.008252446711668839 0.012901628027953303 0.014135853575461675 0.014185214484305457 0.014485832425934878 0.011061493626239989 0.0 0.0 0.0 4.2340126353205883e-11 0.0 0.0 0.0 0.0 -1.0 -1.0 -1.0 0.02077989820261029 0.022240879960386633 0 -1.0 -1.0 -1.0 -1.0 -1.0 0.01138939358294367 0.005689493867988847 0.013242128691214772 0.017262449860050464 0.014416179565492808 0.0149762140970034 -1.0 -1.0 -1.0 -1.0 -1.0 -1.0 -1.0 -1.0 -1.0 -1.0 -1.0 -1.0 -1.0 -1.0
0.0 0.0018522547178586495 0.0 0.0 0.009995275893852571 0.0036251158893359607 0.001418290967137395 0.002567391379188844 0.0017909558684109721 0.0023076446420620756 0.0 0.0 0.0 0.0 0.0 0.009246173595620787 0.01184660436757711 0.013499772995788457 0.008672890857257051 0.0153445219984884 0.01777062601324383 0.010978453322343736 0.0 4.976448836410056e-09 0.0 0.0 0.0 0.0 0.0 -1.0 -1.0 -1.0 -1.0 -1.0 -1.0 0 0.007713211994447433 -1.0 -1.0 -1.0 -1.0 -1.0 -1.0 0.019112578805317342 0.008803185294445728 0.012652266905695434 0.015552707085729365 0.015680752567969178 0.015231811255006684 0.014650869382383242 -1.0 -1.0 -1.0 -1.0 -1.0 -1.0 -1.0 -1.0 -1.0 -1.0 -1.0 -1.0 -1.0
0.0008657735857416959 0.0010446958985613462 0.0017842906536841368 0.0020258179222625633 0.005822514733714347 0.0 0.0 0.0 0.0 0.0 0.0 0.0 0.0031021475831916247 0.0 0.0 0.009881200698046136 0.008886843315254236 0.011996445829767385 0.008494763817466134 0.013531885426117827 0.013901173052183295 0.0 0.0 6.299652752042618e-11 0.0 0.0 0.0 1.0291631080949027e-09 8.592340774558087e-05 0.002566926791660056 0 -1.0 -1.0 -1.0 -1.0 -1.0 -1.0 -1.0 -1.0 -1.0 -1.0 -1.0 0.011089147276989656 0.008878978579823765 0.009612146750016351 0.009433595779048225 0.010276976837353777 0.012716438172455637 0.01590904658861136 0.016733127172119402 0.00985504574550124 -1.0 -1.0 -1.0 -1.0 -1.0 -1.0 -1.0 -1.0 -1.0 -1.0 -1.0 -1.0
0.0005813243908838737 0.0013147039204826564 0.0024204330572469056 0.00232358327699062 0.0014197835607400898 0.0029351124818451165 0.0 0.003012475393663824 0.0 0.0 0.0 0.0 0.006067650509859113 0.0 0.0 0.010588765018331198 0.013648415752126395 0.00933332955403654 0.004131049126618213 0.007556074939482143 0.008453734376542317 0.010475362830165572 0.0 0.0 0.0 0.0 0.0 9.467384054594362e-10 0.0 0.0 0 -1.0 -1.0 0 0 0.02692811691201823 -1.0 0.0 -1.0 -1.0 -1.0 -1.0 0.0 0.01705013525020387 0.01061091212044252 0.021056062728443032 0.005923565898981114 0.012875806580164096 0.014121742434392123 0.015375150526797528 0.015068474067624538 0.013494584007431563 -1.0 -1.0 0.0 -1.0 -1.0 -1.0 -1.0 -1.0 -1.0 -1.0 -1.0
0.004151460897079999 0.0024264736617870064 0.0045004122477424816 0.00588373376096082 0.0032689474840911976 0.0 0.0 0.0 0.0 0.0 0.0 0.008970465802000328 0.0 0.0 0.0 0.010122512501800098 0.006537887648018783 0.004429181745196366 0.009239430873870646 0.009154271938065332 0.014419806062190675 0.008585104174983937 0.0 0.0 0.0 0.0 0.0 0.0 0.0 0.0 0.00010891966053021708 0.0 0.0016130068621811175 0.004537792028372949 0.0 0.006533367341526398 0.006893415180700167 0.005994006358766084 0 -1.0 -1.0 -1.0 -1.0 -1.0 -1.0 -1.0 0.004756822188752501 0.00925540450901287 0.010737893231970816 0.015134378676474259 0.01759356944815177 0.014953924532838121 -1.0 -1.0 -1.0 -1.0 -1.0 -1.0 -1.0 -1.0 -1.0 -1.0 -1.0
7.244994658351118e-08 0.0048593538602110875 0.003985961641280065 0.004830386936083397 0.006341344579760542 0.0 2.333447246556261e-07 0.0 0.0 0.0 0.008433059688873206 0.007618727004105465 1.1397527826100692e-07 0.0 0.009323235003845166 0.009386649196573945 0.010450253333415607 0.011323135175254778 0.005907636581049216 0.011982828280246582 0.013478255856648767 1.864546989000354e-08 0.0 0.0 0.0 0.0 0.0 0.0016380821497309424 0.0034615388019418212 0.0033059142580761183 0.0009181299562030648 0.0007000338636103376 0.0015864421963215495 0.0012871083193159384 0.0 0.0033939180879850807 0.0028248150922481575 0.0 -1.0 -1.0 -1.0 -1.0 -1.0 -1.0 -1.0 0.01647816292406965 0.005596296251070034 0.008267588339485205 0.012815040090039548 0.014649991656394211 0.010828328436593527 0.013142500058170905 -1.0 -1.0 -1.0 -1.0 -1.0 -1.0 -1.0 -1.0 -1.0 -1.0 -1.0
0.005091095613447627 0.0 0.0 0.00865652940226773 0.0 1.4295786584375423e-08 0.0 0.0 0.0 0.006974086137662528 0.008836348507342029 0.007926710021373259 0.007606382062622945 0.009824618266002685 0.010285658923743918 0.011401327103996607 0.006469811729908156 0.008411439798439422 0.00572978821969503 0.007714245621986118 0.014252719983508586 4.8913651383399566e-09 6.926132507100425e-10 0.0 0.0 0.0 0.003818595529102241 0.008917781928524092 0.0 0.0 0.0 0.0 0.0011900481623736338 0.0033294174495514103 0.009790872885710438 -1.0 -1.0 -1.0 -1.0 -1.0 -1.0 -1.0 -1.0 -1.0 -1.0 0.009767632065565789 0.010550125039527895 0.009629989558199825 0.013320537368141693 0.012203836285792649 0.011719167807285906 0.013248848483007197 0.006327847542315942 -1.0 -1.0 -1.0 -1.0 -1.0 -1.0 0.013569473969161024 -1.0 -1.0 -1.0
0.012447920087790774 0.0 0.0 0.0 0.0 0.0 0.0 0.0 0.0 0.007592058152820739 0.00926022707082911 0.008683764094387916 0.009057892840159029 0.012901324177569022 0.009055049636739062 0.006412590418250755 0.008449732727996772 0.009427335496626709 0.007735726307054915 0.009715740628232425 0.014092382660801142 0.0 0.0 3.8310219864591e-10 3.2404938021992573e-10 0.0 0.0017662807166989338 0.00470259509647532 0.007388696095166746 0.008215223650054422 0.0 0.0 0.005642454792642559 0.038672582926948806 -1.0 -1.0 -1.0 -1.0 -1.0 -1.0 -1.0 -1.0 -1.0 -1.0 -1.0 -1.0 0.0026855815710383293 0.01213848554233417 0.01626468708225601 0.012682994745277218 0.013428633908507275 0.01275799607024506 0.009840805751823889 -1.0 -1.0 -1.0 -1.0 -1.0 0.016141706825798678 0.012544624082527843 0.005523704633008487 0.009938503824916413 0.01345805685330746
0.0 0.0 0.0 0.0 1.0087995130856229e-07 0.01194864339086602 0.009699062060783982 0.0 0.0 0.007218320769471268 0.010761213424809884 0.009543223282943956 0.004463412958384131 0.004489415046930232 0.0 0.00691670934012928 0.014695990389007593 0.014059942320110194 0.008671685139866506 0.0060132898970738195 0.0004941809535206193 0.0 0.0 6.524520049535426e-05 0.0 2.152128203502089e-09 0.0012453238470465742 0.005972438459709844 0.005464500579047969 0.002079383129987583 0.0 0.0042251217938162776 0.0036473876978116463 -1.0 -1.0 -1.0 -1.0 -1.0 -1.0 -1.0 -1.0 -1.0 -1.0 -1.0 -1.0 0.01124410643713151 0.010090685812860616 0.014437314900206603 0.016579440207306933 0.01131934868385456 0.015548265372593061 0.013177526619533194 -1.0 -1.0 -1.0 -1.0 -1.0 0.008986853779384758 0.012131354309127072 0.011951133425707305 0.013731225447112926 0.014887182676140162 0.016785424039067902
0.01516849179065385 0.0 0.012205777181087072 0.0 1.6086560143376117e-07 0.012773549795204894 0.01327869986100469 0.009110831112142908 0.010199369811074215 0.0054979688816454144 0.005556520436334618 0.0 0.0 0.004585199805846093 0.006538716950390474 0.010091499315760566 0.008454281278034366 0.0 0.0 0.0 0.0007151274426695623 0.0 0.0 0.00020100375257751186 0.0 0.0 9.763591862325545e-05 0.0018571177119447863 0.0037904956216190423 0.0 0.0 0.0 0.0001508667154086971 -1.0 -1.0 -1.0 -1.0 -1.0 -1.0 -1.0 -1.0 -1.0 -1.0 -1.0 -1.0 0.01574831080326898 0.01151448219486515 0.01511121013198244 0.026833458507565047 0.02047341455264247 0.01672086483879855 0.017571797049395314 -1.0 -1.0 -1.0 0.013495969347641815 0.012880235031304347 0.014269468684975214 0.012138786251624881 0.011350343655595651 0.011237322175184862 0.013540382417854211 0.009081371096645217
0.020421422006492895 0.015908389036098303 0.01483889463012609 3.847784674769895e-08 0.01287896878730202 0.016609953450547863 0.01737357897394093 0.013740170987536509 0.010517756990570983 0.0035246673709237093 0.0037511584659506774 0.0076447798468280955 0.015568339387155728 0.01340688986362978 0.013328637070205443 0.01274838078749072 0.013072992827414162 0.0069608095174173825 2.733485551999106e-08 0.0 0.0 0.00020146479653026535 5.593475552832287e-10 0.0001821356590002172 0.0002440574201303025 0.00012906132016427715 0.0 0.002826931658140151 7.225438644063388e-09 1.556373177080044e-10 0.00033501586093248354 0.0006349544550241188 0.00030291399806494854 0.00041085451028638015 -1.0 -1.0 -1.0 -1.0 -1.0 -1.0 -1.0 -1.0 -1.0 -1.0 -1.0 0.02317593673933406 0.029955814403357532 0.0 -1.0 -1.0 -1.0 0.01741120485237751 -1.0 -1.0 0.010168008411359444 0.012603162476989864 0.01462505107556193 0.01570190288796698 0.016270118576557684 0.01976758639893856 0.014152507898181418 0.015212157151878175 0.01596155561797379
