Model Version1.4/trunk/output/2010/fsro_nat.asc
ncols 720
nrows 360
xllcorner -180
yllcorner -90
cellsize 0.5
NODATA_value -1
[rows 28 to 55 of 360, columns 378 to 440 of 720]
-1.0 -1.0 -1.0 -1.0 -1.0 -1.0 -1.0 -1.0 -1.0 -1.0 -1.0 -1.0 -1.0 -1.0 -1.0 -1.0 -1.0 -1.0 -1.0 -1.0 -1.0 -1.0 -1.0 -1.0 -1.0 -1.0 -1.0 -1.0 -1.0 -1.0 -1.0 -1.0 -1.0 -1.0 -1.0 -1.0 -1.0 -1.0 -1.0 -1.0 -1.0 -1.0 -1.0 -1.0 -1.0 -1.0 -1.0 -1.0 -1.0 -1.0 -1.0 -1.0 -1.0 -1.0 -1.0 -1.0 -1.0 -1.0 -1.0 -1.0 -1.0 -1.0 -1.0
-1.0 -1.0 -1.0 -1.0 -1.0 -1.0 -1.0 -1.0 -1.0 -1.0 -1.0 -1.0 -1.0 -1.0 -1.0 -1.0 -1.0 -1.0 -1.0 -1.0 -1.0 -1.0 -1.0 -1.0 -1.0 -1.0 -1.0 -1.0 -1.0 -1.0 -1.0 -1.0 -1.0 -1.0 -1.0 -1.0 -1.0 -1.0 -1.0 -1.0 -1.0 -1.0 -1.0 -1.0 -1.0 -1.0 -1.0 -1.0 -1.0 -1.0 -1.0 -1.0 -1.0 -1.0 -1.0 -1.0 -1.0 -1.0 -1.0 -1.0 -1.0 -1.0 -1.0
-1.0 -1.0 -1.0 -1.0 -1.0 -1.0 -1.0 -1.0 -1.0 -1.0 -1.0 -1.0 -1.0 -1.0 -1.0 -1.0 -1.0 -1.0 -1.0 -1.0 -1.0 -1.0 -1.0 -1.0 -1.0 -1.0 -1.0 -1.0 -1.0 -1.0 -1.0 -1.0 -1.0 -1.0 -1.0 -1.0 -1.0 -1.0 -1.0 -1.0 -1.0 -1.0 -1.0 -1.0 -1.0 -1.0 -1.0 -1.0 -1.0 -1.0 -1.0 -1.0 -1.0 -1.0 -1.0 -1.0 -1.0 -1.0 -1.0 -1.0 -1.0 -1.0 -1.0
-1.0 -1.0 -1.0 -1.0 -1.0 -1.0 -1.0 -1.0 -1.0 -1.0 -1.0 -1.0 -1.0 -1.0 -1.0 -1.0 -1.0 -1.0 -1.0 -1.0 -1.0 -1.0 -1.0 -1.0 -1.0 -1.0 -1.0 -1.0 -1.0 -1.0 -1.0 -1.0 -1.0 -1.0 -1.0 -1.0 -1.0 -1.0 -1.0 -1.0 -1.0 -1.0 -1.0 -1.0 -1.0 -1.0 -1.0 -1.0 -1.0 -1.0 -1.0 -1.0 -1.0 -1.0 -1.0 -1.0 -1.0 -1.0 -1.0 -1.0 -1.0 -1.0 -1.0
-1.0 -1.0 -1.0 -1.0 -1.0 -1.0 -1.0 -1.0 -1.0 -1.0 -1.0 -1.0 -1.0 -1.0 -1.0 -1.0 -1.0 -1.0 -1.0 -1.0 -1.0 -1.0 -1.0 -1.0 -1.0 -1.0 -1.0 -1.0 -1.0 -1.0 -1.0 -1.0 -1.0 -1.0 -1.0 -1.0 -1.0 -1.0 -1.0 -1.0 -1.0 -1.0 -1.0 -1.0 -1.0 -1.0 -1.0 -1.0 -1.0 -1.0 -1.0 -1.0 -1.0 -1.0 -1.0 -1.0 -1.0 -1.0 -1.0 -1.0 -1.0 -1.0 -1.0
-1.0 -1.0 -1.0 -1.0 -1.0 -1.0 -1.0 -1.0 -1.0 -1.0 -1.0 -1.0 -1.0 -1.0 -1.0 -1.0 -1.0 -1.0 -1.0 -1.0 -1.0 -1.0 -1.0 -1.0 -1.0 -1.0 -1.0 -1.0 -1.0 -1.0 -1.0 -1.0 -1.0 -1.0 -1.0 -1.0 -1.0 -1.0 -1.0 -1.0 -1.0 -1.0 -1.0 -1.0 -1.0 -1.0 -1.0 -1.0 -1.0 -1.0 -1.0 -1.0 -1.0 -1.0 -1.0 -1.0 -1.0 -1.0 -1.0 -1.0 -1.0 -1.0 -1.0
-1.0 -1.0 -1.0 -1.0 -1.0 -1.0 -1.0 -1.0 -1.0 -1.0 -1.0 -1.0 -1.0 -1.0 -1.0 -1.0 -1.0 -1.0 -1.0 -1.0 -1.0 -1.0 -1.0 -1.0 -1.0 -1.0 -1.0 -1.0 -1.0 -1.0 -1.0 -1.0 -1.0 -1.0 -1.0 -1.0 -1.0 -1.0 -1.0 -1.0 -1.0 -1.0 -1.0 -1.0 -1.0 -1.0 -1.0 -1.0 -1.0 -1.0 -1.0 -1.0 -1.0 -1.0 -1.0 -1.0 -1.0 -1.0 -1.0 -1.0 -1.0 -1.0 -1.0
-1.0 -1.0 -1.0 -1.0 -1.0 -1.0 -1.0 -1.0 -1.0 -1.0 -1.0 -1.0 -1.0 -1.0 -1.0 -1.0 -1.0 -1.0 -1.0 -1.0 -1.0 -1.0 -1.0 -1.0 -1.0 -1.0 -1.0 -1.0 -1.0 -1.0 -1.0 -1.0 -1.0 -1.0 -1.0 -1.0 -1.0 -1.0 -1.0 -1.0 -1.0 -1.0 -1.0 -1.0 -1.0 -1.0 -1.0 -1.0 -1.0 -1.0 -1.0 -1.0 -1.0 -1.0 -1.0 -1.0 -1.0 -1.0 -1.0 -1.0 -1.0 -1.0 -1.0
-1.0 -1.0 -1.0 -1.0 -1.0 -1.0 -1.0 -1.0 -1.0 -1.0 -1.0 -1.0 -1.0 -1.0 -1.0 -1.0 -1.0 -1.0 -1.0 -1.0 -1.0 -1.0 -1.0 -1.0 -1.0 -1.0 -1.0 -1.0 -1.0 -1.0 -1.0 -1.0 -1.0 -1.0 -1.0 -1.0 -1.0 -1.0 -1.0 -1.0 -1.0 -1.0 -1.0 -1.0 -1.0 -1.0 -1.0 -1.0 -1.0 -1.0 -1.0 -1.0 -1.0 -1.0 -1.0 -1.0 -1.0 -1.0 -1.0 -1.0 -1.0 -1.0 -1.0
-1.0 -1.0 -1.0 -1.0 -1.0 -1.0 -1.0 -1.0 -1.0 -1.0 -1.0 -1.0 -1.0 -1.0 -1.0 -1.0 -1.0 -1.0 -1.0 -1.0 -1.0 -1.0 -1.0 -1.0 -1.0 -1.0 -1.0 -1.0 -1.0 -1.0 0.0 -1.0 0.026695644423499816 0.018874493374287205 0.014728576807305174 -1.0 0.02091098454675185 0.0148183139796814 0.01079897964032716 -1.0 -1.0 -1.0 -1.0 -1.0 -1.0 -1.0 -1.0 -1.0 -1.0 -1.0 -1.0 -1.0 -1.0 -1.0 -1.0 -1.0 -1.0 -1.0 -1.0 -1.0 -1.0 -1.0 -1.0
-1.0 -1.0 -1.0 -1.0 -1.0 -1.0 -1.0 -1.0 -1.0 -1.0 -1.0 -1.0 -1.0 -1.0 -1.0 -1.0 -1.0 -1.0 -1.0 -1.0 -1.0 -1.0 -1.0 -1.0 -1.0 -1.0 0.019591999273198654 0.018955116414522553 0.01727183847952719 0.02340714455287914 0.01771300851815549 0.013630423789542963 0.0065703025355820935 0.010350574126368365 0.005776462828097422 0.0037594380711521904 0.01061402094791476 0.005850905805155564 0.01352358962097567 0.012655326083566955 0.006444754121878313 0.009333852614062048 0.012031196957064352 0.001943395239713192 -1.0 -1.0 -1.0 -1.0 -1.0 -1.0 -1.0 -1.0 -1.0 -1.0 -1.0 -1.0 -1.0 -1.0 -1.0 -1.0 -1.0 -1.0 -1.0
-1.0 -1.0 -1.0 -1.0 -1.0 -1.0 -1.0 -1.0 -1.0 -1.0 -1.0 -1.0 -1.0 -1.0 -1.0 -1.0 -1.0 -1.0 -1.0 0.026953086570874144 0.023775234242960346 0.020435831945363466 0.021350787985073453 0.02674322271008985 0.015871337048249435 0.02293505674131558 0.0215997796127415 0.021944720401354936 0.020434219661394543 0.013953665443157808 0.005682080181541251 0.00688702023597431 0.011747132124522844 0.008440683156938692 0.007398721949191351 0.003984952201693789 0.0025669015006468967 0.003350438310685 0.008094920387389251 0.003888697358067795 0.0027803564051421324 0.0029006773926486817 0.0029150330564197096 0.002791977920050167 0.0012421179850560737 -1.0 -1.0 -1.0 -1.0 -1.0 -1.0 -1.0 -1.0 -1.0 -1.0 -1.0 -1.0 -1.0 -1.0 -1.0 -1.0 -1.0 -1.0
-1.0 -1.0 -1.0 -1.0 -1.0 -1.0 -1.0 -1.0 -1.0 -1.0 -1.0 -1.0 -1.0 -1.0 -1.0 -1.0 -1.0 0.01989148729355603 0.023465328802530144 0.011040846595813768 0.010971236991010278 0.02179257224125913 0.019209041777337055 0.02139847853506005 0.012024873025813806 0.013507133324346483 0.010621156765172892 0.010622653041819778 0.009590110203118713 0.004313272389237567 0.0035098693488924896 0.008591668022089886 0.0033720008671473513 0.004957457463181975 0.003700517433844588 0.002981094982306202 0.0024716456957565446 0.0016484865331249088 0.001731463615395727 0.0021121676010191085 0.003197141881688639 0.0038049043466933017 0.00428746764943366 0.004356341841939263 0.002274576774193339 0.0036229478377571025 0.0029665753120896817 0.0012642770655523002 0.0 -1.0 -1.0 -1.0 -1.0 -1.0 -1.0 -1.0 -1.0 -1.0 -1.0 -1.0 -1.0 -1.0 -1.0
-1.0 -1.0 -1.0 -1.0 -1.0 -1.0 -1.0 -1.0 -1.0 -1.0 -1.0 -1.0 -1.0 0.0162959299508985 0.007584734295822538 0.016172462980960412 0.017192582023717103 0.007708313694867997 0.005895492192857208 0.007457331114978507 0.007934838397786947 0.01955255765099605 0.022358954884577835 0.017336813090081327 0.013223964014195778 0.008451370204091225 0.004761475286003971 0.0029070939507368177 0.002502249695750293 0.0022612288470861414 0.0015324609441469865 0.0022580939756951797 0.002589557872041198 0.0026779701392274187 0.0027069445187476076 0.002228812368986793 0.0011079048072448912 0.0006949981530466262 0.0008305149538377499 0.001230659226311887 0.001992757744100951 0.0034369858896511275 0.002323227464389936 0.002569181098107931 0.0023535946415478787 0.002090074395540515 0.0029429010621466654 0.0033859112821797875 0.0027423985128186704 0.002964432544951663 0.0028691591379432662 0.0032867489988959754 0.003896438726199801 0.0035965052388722716 0.0018094141952938977 -1.0 -1.0 -1.0 -1.0 -1.0 -1.0 -1.0 -1.0
-1.0 -1.0 -1.0 -1.0 -1.0 -1.0 -1.0 -1.0 -1.0 -1.0 0.005936130721363598 0.00706836439817307 0.0076160471392760064 0.009776229244793754 0.007645986996772207 0.005564816840941126 0.007251554678946993 0.007944335995758363 0.016999663212416055 0.022093515640186735 0.020567311872512956 0.017112432468690122 0.012857029901259174 0.008984481311463996 0.00834769552567366 0.008017115793727847 0.004009704582829059 0.001990884277162344 0.0018064314198267214 0.001960290647483125 0.0015804944354998226 0.0015650617605942846 0.0018871204108402598 0.002320662570982626 0.002422074613514798 0.0027142481219852715 0.0025100960973278887 0.001945867737102486 0.00227577052246278 0.002343797214097297 0.0031260024208295918 0.005738306189904409 0.005490658699166087 0.005081835375093716 0.002118835847022751 0.0022466134192653717 0.0027026483064711455 0.0028081195034477895 0.003091143434681733 0.0033436986859485727 0.0019054778660944176 0.0017421734869075866 0.0020518695786927634 0.0022540351171430923 0.0022067340078579184 0.0022684925517107773 0.0025753115538650314 0.0030536577714097455 0.0 -1.0 -1.0 -1.0 -1.0
-1.0 -1.0 -1.0 -1.0 -1.0 -1.0 -1.0 -1.0 0.02436015609303778 0.0064302534148599185 0.008579072997299295 0.008817647045912546 0.014277439841975905 0.013448868122355061 0.011565781692453352 0.012253149161757225 0.016709419140221133 0.018527357890712182 0.01770255633368648 0.01774124158117242 0.016037377808706597 0.012032223507534344 0.010158544772248618 0.006847181669254905 0.00555371768294094 0.004890187431357129 0.003086851576046344 0.0024767576763264952 0.001784107828197196 0.006077936174936881 0.006530481641264111 0.0022821921880354875 0.0027210087497852374 0.0025958261712881927 0.002089346279498614 0.0021562363382070264 0.0030305319368965273 0.002488183967805048 0.004047918648151682 0.00831459047388682 0.007258419924800248 0.005815947916341344 0.005748259675300508 0.006093337053618069 0.006967579541143606 0.005240153976513888 0.007280523289870171 0.0035817874158616076 0.0020436444357428054 0.005220383184766362 0.003769898450329038 0.0016598569456324134 0.0015181701276923846 0.001356322839360506 0.0011296698523925713 0.0014283938370347365 0.0013900919071038545 0.0015958559811019876 0.0020038349604086327 0.0011792149932812136 0.001484308316225055 0.002332938989159284 -1.0
-1.0 -1.0 -1.0 -1.0 -1.0 -1.0 -1.0 0.02220645007584673 0.028687749737264102 -1.0 -1.0 0.022081546046219435 0.019938442833960675 0.01336240445049143 0.019389931697656338 0.016368056456684467 0.015920225264247495 0.015140283349908695 0.02143421847953463 0.018101777749550678 0.010896222052988515 0.008330177870650868 0.006410657117031452 0.003745981751441105 0.0025558736549391864 0.0013684444753357782 0.001139548476872669 0.0017242835670102377 0.001780135657724858 0.0021293112783791843 0.005681471489727903 0.0036621308592250366 0.0 0.0 0.0022023023164731664 0.001513799534729125 0.002852114666419161 0.002830170393997365 0.003645344453704055 0.00413590433122698 0.0033292733607666438 0.006143074535269157 0.004672467804658699 0.004984733808197462 0.0031722215291898636 0.006518788492648873 0.008601440294299293 0.007600414257896971 0.0056778063555048205 0.015109531111328359 0.007480927899041654 0.010416612348342456 0.0030226724818184576 0.0018127902766601595 0.0023794738227166886 0.002407440382990013 0.001622568379693509 0.0016771370682500018 0.003146294623815509 0.0014885483992279102 0.0011780256958907073 0.0022136200517828227 0.00426705028066558
-1.0 -1.0 -1.0 -1.0 -1.0 -1.0 -1.0 -1.0 -1.0 -1.0 0.019994809932936196 0.014466277915719758 0.00980196288003773 0.012560935501180367 0.015438979689218873 0.01571878818815652 0.019040688111466343 0.019795300569154625 0.017451727755925732 0.00972097875431671 0.00844292941525049 0.003898301821602709 0.0037946616726308104 0.00286433219619603 0.0018251378676507135 0.001895572427982363 0.0014491129608880354 0.000998223889465463 0.00149025762083945 0.001810377743715721 0.0 0.0 0.0 0.0 0.0017440195611804056 0.0018590934458647351 0.00435543336695446 0.005145683101804474 0.005164157287001069 0.004832607961385792 0.0036419812814514263 0.004811686978511231 0.0024372113570318883 0.007721295890634064 0.009059952291232555 0.007184696898880605 0.002922348186415046 0.0064756875268739186 0.00507775594630744 0.0012198034306042395 0.0014411410937786786 0.0014579998966451867 0.0012499890420328947 0.003123928452764782 0.00444145177913602 0.0039155065022206375 0.0028579921144498157 0.002651201774141493 0.002045444701175273 0.0013780156214646903 0.0011614291128047658 0.0018150300417856962 0.002381722878877485
-1.0 -1.0 -1.0 -1.0 -1.0 -1.0 -1.0 -1.0 0.020076546503100264 0.02096187752725148 0.017670381937653325 0.017126610983063024 0.013616378773289148 0.018653683605475584 0.015228534378616437 0.015165485610914025 0.014704356866767097 0.008684085582869655 0.007721914437455237 0.005969938844317728 0.0020725899884071024 0.0023357867332802545 0.0021265153529362903 0.0015215367961259956 0.0016138219713421082 0.0021659162123930024 0.0024311446050016353 0.0022850063142951737 0.0020797920188240877 0.0025036396788502774 0.004540854350443669 0.0034657496185671256 0.0038426242737448746 0.0034134446669997465 0.004209092698224295 0.003720045106634621 0.00190964552649766 0.005119032638565915 0.005888004349972958 0.004623926855349404 0.0059361577668452575 0.005271919615920782 0.0025402166232155877 0.002648710084280339 0.0028725833907497734 0.0026539407113375757 0.001557791151293357 0.002966420903558703 0.00486609373548239 0.0014706300613706606 0.001311077724585849 0.001131879013145668 0.0008417486886629342 0.0009321031013659085 0.0024941204026142825 0.0029658236681605545 0.004468290634100967 0.0038789217709408242 0.0022013807181681688 0.0022136642991951107 0.0010956437121288228 0.0008952706443992307 0.0007537703751961235
-1.0 -1.0 -1.0 -1.0 -1.0 -1.0 0.012774513459644915 0.022543827662177444 0.021505209111624474 0.007255303215829747 0.006100355416034757 0.010121098036708055 0.00883522010044238 0.014852374353101239 0.013481851017136158 0.010501434877177647 0.0042601462106773335 0.004805365766342917 0.0027694502839013934 0.0021532166159073446 0.0019410194034818185 0.0023042769306852976 0.0018706167385346805 0.0022703290217335687 0.0026612650517311483 0.002583894898886388 0.001898162883761604 0.00253592054375116 0.002481311088772726 0.002094571781687879 0.003292860201981475 0.0036591725981303135 0.002493786631905268 0.0022933384125996773 0.0024884269338893415 0.0031765379081535434 0.003963064044365865 0.002765068334719545 0.0033670706066878256 0.0030147504578589843 0.0027058636074589176 0.0022070014535040833 0.002434562055724293 0.002024008880296104 0.002215125630441943 0.001254196381047743 0.0011851478758884053 0.0009334632114304962 0.0008796004506108624 0.0007769886578511284 0.0006951026788337147 0.0 0.0013712166723693433 0.001496929072356287 0.0014625530284220862 0.0014207666876024426 0.002281937095896408 0.0019026621845802422 0.0016799953614472418 0.0014721601864467757 0.0008209354544656834 0.0008326120196847361 0.0009156758515430959
-1.0 -1.0 -1.0 -1.0 -1.0 0.011971243068702512 0.020817961005183124 0.01778021765252891 0.007458716662200467 0.005568852778527685 0.005171191544991047 0.011574445492553511 0.012875727434144611 0.00968592852068447 0.008525911059258175 0.0049634938062285226 0.0030249855039855894 0.0024073108103762645 0.0021646451072304443 0.002357127228399803 0.002241273933749235 0.0022688986667145517 0.0028342302280583375 0.0027706881410319477 0.002856279690400664 0.0024179707914705594 0.0015542768015138133 0.0015580810782350994 0.0011852393885771128 0.0010443090914788737 0.0023160141024369746 0.001696292120087884 0.0013645112334887746 0.0021720109712149924 0.0021652874824699612 0.002835670666499748 0.0023805711540663636 0.003615348682356415 0.002602301973507042 0.0027480435692504575 0.0025932687401475944 0.0017477338092815793 0.0010297730091300237 0.001293423835433076 0.0010172555062415464 0.001026606495566671 0.0008145536259262423 0.0010315996681930948 0.0006249130372219773 0.0006893138230394545 0.0007503235743740276 0.0006804636120424258 -1.0 -1.0 -1.0 -1.0 -1.0 -1.0 -1.0 -1.0 -1.0 0.0017992787300642385 0.0013967674943407232
-1.0 -1.0 -1.0 -1.0 -1.0 0.01712002299078339 0.01742968077159881 0.007855125086344315 0.0061342302020001025 0.01170418435056546 0.01193734786387776 0.013651610300099471 0.012469900376427588 0.009527425430644814 0.002601882636009514 0.002331852289692853 0.00248802822031828 0.0021250835748314488 0.002101965789949663 0.0017863396486044233 0.001444608549021877 0.0014897573827298445 0.0019676449069257963 0.0018617483875075272 0.0016276866337755443 0.0011909796817042785 -1.0 -1.0 -1.0 -1.0 -1.0 0.0003466253437262553 0.0007129267743875731 0.0008994828092140777 0.0009664741291071011 0.0010084181731713215 0.0019551001067538054 0.004945478131250284 0.0035447412532074885 0.002359380852763622 0.0020484738509382473 0.001936591574843822 0.0015941541883937073 0.0011912659591238079 0.0010560497244911779 0.0008279626261200265 0.0006733239396812049 0.0007567873691230123 0.0011494326722172492 0.001243575149426104 0.0011443066596591846 0.0005178741785184549 -1.0 0.001306324920974547 -1.0 0.0017499556892451224 0.0008111534743617326 0.0005592462366151582 -1.0 -1.0 -1.0 0.002030501802855632 0.0010522791368908523
-1.0 -1.0 -1.0 0.015649449697387366 0.007014323094338437 0.005594252461102569 0.0059687708541418085 0.005578357565260285 0.0047797610612749135 0.004364910420915712 0.008177931701178413 0.012427869334767251 0.007189803768167038 0.004496593870388826 0.0019156635406871066 0.002179271134631331 0.002414863140458201 0.0020820203349670003 0.001985456626551357 0.00201814058521257 0.00198014260050238 0.0018457690438579072 0.0017419572205961073 0.0014880411801834075 0.0013319677723743757 -1.0 -1.0 -1.0 -1.0 -1.0 0.0006918439432501561 0.0006711923958951211 0.0005622713596472428 0.0009544168397361723 0.0007761961526307203 0.0014204846817691395 0.002347737884803998 0.0036654658126779732 0.0033130898865125196 0.0017417545718873336 0.0027411707734369415 0.004125257838843382 0.004172044499108268 0.0016857541694203166 0.001457948448207887 0.0011683559342205877 0.0015798535342460742 0.0037116542250525348 0.00328383950010602 0.002126923498924289 0.0007801983147980379 0.0004969523522977781 -1.0 -1.0 -1.0 0.0011274465392872017 0.0007197966525269574 0.0009086026256174726 0.0008435978670212396 0.0009077039031025871 0.0005415065059307014 0.00021427435593978223 0.0007148884277147227
-1.0 -1.0 0.01662228033614462 0.009447467568902117 0.0053035600537394935 0.004227863426221045 0.004589903464450002 0.004069060900059345 0.005890465936478607 0.005255823872855371 0.006509984933370362 0.004833461679941146 0.003038201539345166 0.00219435534905121 0.002323189153595624 0.002265272800953898 0.002639320760574343 0.002500562495758837 0.0021576663103288953 0.002271015870489209 0.002083468495018427 0.0022517948778619295 0.0016648913853609846 0.001359309748096006 0.0011506963964475784 0.0 -1.0 -1.0 0.0008903496227083801 0.0004955077842855426 0.0004661014986033261 0.0005236996348263247 0.0006996807878810454 0.0006563779135008847 0.0009121449664514048 0.0017053644040946844 0.0012266437508790472 0.0012031564718067243 0.0022350950008110655 0.0030095606851224133 0.003034068785071338 0.002114610243843708 0.0036279966413767573 0.0026679815013686495 0.00127974590261076 0.0015122885600135057 0.0017709211499094377 0.0026500489291034937 0.004080514638189897 0.004025303101720763 0.0024398973896410073 0.0009495064747159056 0.0008162672391352242 0.0008133946370231523 0.00047310031491752 -1.0 0.0015602205495406293 0.0009137668048096947 0.0011492777454007153 0.0008518244761105907 0.000775797612985657 0.0005798907022708834 0.0012742106218057267
0.007282164878370542 0.0042969057194102425 0.005551431708606859 0.004084045723325474 0.0034521020727603297 0.004143822325466565 0.0046928392692244005 0.007718186392289938 0.006351394903433773 0.005727986100014783 0.0024895046767407403 0.0017682079388942036 0.001246625086950178 0.0018787951532641227 0.002601081600956371 0.0024497462683837545 0.002082397240642798 0.002619988884795379 0.003025078370806406 0.0029085678205472585 0.002487764607158414 0.002054120915273824 0.0014722674984686199 0.0009914621655657586 -1.0 -1.0 -1.0 0.0008312666563906886 0.0008270244508116389 0.0006492215583799312 0.0005722806578734582 0.0005520145882888583 0.0007400668257929087 0.0008233066243375775 0.0011033247222921713 0.00119704224460098 0.0015311814140750483 0.0014088705331452983 0.0013375361938221869 0.0019936233860812806 0.004097951585694268 0.0033492798251326325 0.002379036060620463 0.0015640166656586988 0.0017050007017334725 0.0017923803054332203 0.0018524910834098 0.00160567531077244 0.0018589436453324475 0.0026767098836993184 0.0024358684457222147 0.0008035228432840436 0.0007694181555934466 0.0009731722672305562 0.0013311978568848503 0.0008742058419973021 0.0006572250786519848 0.0008351115199669662 0.0010439572825857643 0.0011657201402600402 0.0008230306760083682 0.0015524942605074593 0.001569100129600297
0.0064227326349906725 0.004780337198979224 0.004468612366897481 0.003773367716213678 0.0046380805191609045 0.004294272892932042 0.00864446817472832 0.010101882539510455 0.006387259793801384 0.0055524715226793215 0.002653490014188898 0.002824609985854354 0.0018738192441973994 0.002745661175848322 0.002800240423503102 0.002527903411890829 0.002767623523840859 0.003107285803421736 0.0031806229282803173 0.003299372820881493 0.0016836464692344007 0.0006941835451147358 -1.0 -1.0 0.0012762239953845326 0.0017050592354893464 0.002730783997696014 0.0006799881962217306 0.000760915920764096 0.0007510562244533947 0.000667841212581572 0.0008283331533007519 0.001138811464365472 0.0015357295165205 0.0011930091305120923 0.0010636871200403438 0.0015497718921535677 0.0013373046176375083 0.0014538492151019893 0.0011805502220110134 0.0017487796743337041 0.0018045106937583655 0.0021061282128133018 0.002820764436715257 0.004199564940080235 0.0026567408667101944 0.0013663517712892274 0.0020958112597824884 0.0017491427015725598 0.0018113644828026477 0.0018206280986182131 0.0010222657295024507 0.0011492564991009175 0.000860060227760859 0.00221546400301622 0.003458689818096132 0.0017628818417354906 0.0008457288565731574 0.000915159294511075 0.0007949627482965733 0.0009833000348870638 0.001717431531645198 0.0012226214363990743
0.006730836866528204 0.005229129360163695 0.0042976597860881 0.0043703782550955535 0.004115769091491149 0.003524372569665365 0.010948880533679387 0.010423915089908808 0.005878187824131015 0.0033547790840079677 0.003939677391233981 0.0024657661378159894 0.0026285767102896783 0.0029476389642563903 0.002650852752482268 0.003038195545135542 0.0032146188568823344 0.0030920865647010016 0.003725174412771378 -1.0 -1.0 -1.0 -1.0 -1.0 0.0007596821045786258 0.0006135591422025612 0.0010188233436923646 0.0014252373584206894 0.0008150970488645141 0.0007940675157717627 0.0013201199638587686 0.0025949735698710848 0.0018557521734246624 0.0018490131405998567 0.0015825080554889232 0.0013777182383944986 0.0014359845568667564 0.0015509614113532041 0.0017868831864393236 0.001781550749267031 0.0010581603554388362 0.0015298072185727792 0.001793911196582326 0.0016461368885728371 0.001946934891498057 0.0028842291025118236 0.0010774240830510994 0.0013592740525042739 0.0011116788020219357 0.0011360338812822775 0.0012369451567760337 0.0012522471309526267 0.0013538406848977245 0.0017191737758916817 0.0023618547387779815 0.0027620255463436335 0.0006962652851837623 0.0006660312035183119 0.0008115144201303699 0.0009299873658779509 0.0011934225755366563 0.0024549680553618692 0.0016024014094987043
0.012133702990537351 0.00880390524297659 0.004984004702846595 0.005223306664469584 0.0042892596112654195 0.003078023430448381 0.008246137786551398 0.0032319307477027544 0.003287559555968162 0.0035097185657294314 0.0024456906256616418 0.002776690474546682 0.002431308881163528 0.0023946054507615363 0.0023805197361267583 0.0029001614087547875 0.0024046861641675243 0.0 -1.0 -1.0 -1.0 -1.0 -1.0 -1.0 0.0011792721235410557 0.0008423830125199486 0.0008014682489802099 0.0018097429935646976 0.0010030401357432087 0.0011047832934378942 0.0012085906538226057 0.0013590442116395306 0.0016775135270539019 0.001936232762944615 0.0016483235232514141 0.0013798636782569556 0.001568999672476977 0.001289260016817511 0.0017347851703606511 0.001979468226647037 0.001381406032141593 0.0015056941842331599 0.0015944008670962392 0.0017617681339309181 0.0012985006753976067 0.001138675358951862 0.0009546136087441714 0.0007936189223179393 0.0009189317407144153 0.00166155783597018 0.0015029098950964034 0.0013713460983339628 0.0014782616242663023 0.0008754801641173433 0.0023514605409904513 0.0014849717043129889 0.002942499911161811 0.0027210110508649214 0.00157422870332129 0.0024288749739471258 0.0013877081789136915 0.0009970765476491328 0.0015759554999438426
