Model Version1.4/trunk/output/2010/fsro_nat.asc
ncols 720
nrows 360
xllcorner -180
yllcorner -90
cellsize 0.5
NODATA_value -1
[rows 140 to 167 of 360, columns 315 to 377 of 720]
-1.0 -1.0 -1.0 -1.0 -1.0 -1.0 -1.0 -1.0 -1.0 -1.0 -1.0 -1.0 0.0 0.0 0.0 0.0 0.0007747784531240643 0.0 0.001904209781224228 0.0 0.0 0.0 0.0 0.000192017415824196 0.00023323812795206998 0.00023406519049758756 0.0 0.0007463097520957779 0.0006325052367889241 0.0 0.0 0.0010372823083269794 0.000291673999627245 0.00010985758710127115 9.77705610163697e-05 0.00010991044253695903 0.0 0.0 0.0 0.0 0.0 0.0 0.0 0.00171970095626408 0.0013039391146512805 0.0 0.0 0.0 0.0013995562369789425 0.0013770430813886167 0.0022022284514620766 0.0015877056696085696 0.0012116650490567355 0.0016928833208576122 0.0 0.0 0.002091682044599774 0.0 0.0 0.0013338984985275775 0.0 0.004979442420669376 0.0
-1.0 -1.0 -1.0 -1.0 -1.0 -1.0 -1.0 -1.0 -1.0 -1.0 -1.0 -1.0 0.0006836199407832223 0.0 0.00015881453714277805 0.0 0.0 0.0 0.0005549887023621076 0.0013771190356186077 0.0008824973839888324 0.0007934116788434876 0.0009107307970987542 0.00023591612932751438 0.00019115728363466002 0.00024379276117126623 0.00020271212717789256 0.00020041557629512418 0.0003918840847563841 0.00013413630446388147 0.00017915321543027327 0.0006078664827704752 0.0003982164642245732 8.336465910624657e-05 8.552417876615423e-05 9.050045950004618e-05 0.00010106217021004115 0.00010844266392154186 0.0001127186836367669 0.0 0.0 0.0 0.0 0.0 0.0014328406823717395 0.0007956209613209007 0.0008958959579363516 0.0 0.0 0.0018861826362251816 0.0015309209214188289 0.0008156398061768753 0.0006622450370216379 0.0006790316292826519 0.0006101856153579472 0.0 0.0 0.0 0.0 0.0 0.0033799210726020356 0.005007679308483706 0.010835266041217722
-1.0 -1.0 -1.0 -1.0 -1.0 -1.0 -1.0 -1.0 -1.0 -1.0 -1.0 -1.0 0.00031055122505087166 0.000215565441421356 0.00042412532880812496 0.0004471147547405195 0.0002227089635900048 0.00027655617598722535 0.000658867984736143 0.0015547605857817474 0.0011544499647091508 0.0023938037944400622 0.0012594118727678881 0.0007575750371474542 0.0 0.0 0.0003939941597839079 0.000567804762687481 0.0 0.00011927495283406256 0.00012440199755454329 0.00018720633678077464 0.00022898805934285096 0.00011441679761167911 8.504338645881966e-05 8.248813588263156e-05 0.00011723312153392434 0.00012470831197494982 0.000132031769690844 0.0001652764540778281 0.00016590167208089846 0.0004690743762840715 0.0010049955245000784 0.0017652259846509572 0.0010300100217396216 0.0011423978501177653 0.0 0.0023337727991666426 0.0013069926926599991 0.0017557810555236721 0.00109960739450151 0.0 0.0 0.0005496837854195456 0.0006018914690307018 0.0 0.0 0.0 0.0 0.0 0.0023673825495796282 0.0076605869772123315 0.010005459015066527
-1.0 -1.0 -1.0 -1.0 -1.0 -1.0 -1.0 -1.0 -1.0 -1.0 -1.0 -1.0 0.0 0.0003684186550394538 0.000999199874771913 0.000527930568465878 0.0004596154073324912 0.00041525373625400674 0.0006327058281532154 0.0006997246837982856 0.0027682180880067354 0.002404732672996358 0.0053925530291489675 0.00392711432570339 0.0017518753799249387 0.00034474537812578446 0.0009236716363279511 0.001023386323845124 0.0018150463071761886 0.0004127659467602633 9.325552457065909e-05 0.00014149652684904626 0.00014056842275629952 0.0001698392818909603 0.00016452275633378839 0.0001585984356487714 0.00015548617819807577 0.00012414860932433318 0.00010736136609509385 0.00019924164558018313 0.00023830290218294318 0.00023643533068890156 0.0005495975116176631 0.0 0.000984839565325347 0.0008784545554204772 0.0005990875388487968 0.0015773639889264384 0.0010613312618529811 0.0 0.0009964940474636488 0.0007973493146603628 0.0006245359095379408 0.0 0.0008834057237690974 0.0 0.0 0.0 0.0 0.0 0.0019872528743063987 0.007039123420390529 0.010211513365303593
-1.0 -1.0 -1.0 -1.0 -1.0 -1.0 -1.0 -1.0 -1.0 -1.0 -1.0 -1.0 0.000208372028696994 0.0006604151730166555 0.0006403979958224853 0.0004793209713125253 0.000565148302027118 0.00045342137479441997 0.00047365520205257033 0.0018490739633258155 0.0 0.0032783607930112948 0.0058445221848805245 0.0024145283101572722 0.0 0.0 0.0009005527771034112 0.0004600614030671308 0.0005798485906988004 0.002200168654741864 0.0012991430149949033 0.0001129200606912599 0.0001333172873218256 0.0003940241627411164 0.00046463491084500967 0.00010413416921834365 0.0 0.0 0.0 0.0 0.0 0.0 0.0 0.0 0.0 0.0008978273130968188 0.0005930812850669339 0.0007375423406968012 0.0005676807754776482 0.0007319015203602564 0.0006208404278574927 0.0004773399727920068 0.0 0.0 0.0 0.0 0.00022540741246977132 0.00014929509498813146 0.0001478549436891421 0.00022020184412875035 0.0014456699736917732 0.007135871404257843 0.009213111365601505
-1.0 -1.0 -1.0 -1.0 -1.0 -1.0 -1.0 -1.0 -1.0 -1.0 -1.0 -1.0 0.0 0.0 0.0 0.0 0.0 0.0 0.0 0.0 0.0 0.0 0.0 0.0 0.0 0.0 0.0 0.0004949449163491015 0.0006244170277386992 0.0 0.0025927344049384146 0.0 0.0 0.0 0.0 0.0 0.0 0.0 0.0 0.0 0.0 0.0 0.0 0.0 0.0007165370800560419 0.0008626720220881761 0.0005862420075429003 0.0007819898536729906 0.0 0.0 0.0 0.0 0.0 0.0 0.0 0.0 0.0 0.0001997159098490219 0.0002317483881504949 0.00019656923360133517 0.0011723414952972896 0.0029517127154803082 0.0026439498375823846
-1.0 -1.0 -1.0 -1.0 -1.0 -1.0 -1.0 -1.0 -1.0 -1.0 -1.0 -1.0 0.0 0.0 0.0 0.0 0.00047225741192782314 0.0 0.0 0.0 0.0 0.0 0.0 0.0 0.0 0.0 0.0 0.0 0.0 0.0 0.0 0.0 0.0 0.0 0.0 0.0 0.0 0.0 0.0 0.0 0.0 0.0 0.0 0.0 0.0 0.0 0.0 0.0 0.0 0.0005759605070799455 0.0016640878177645265 0.0 0.0008404674794421689 0.0010044254730861154 0.0 0.0 0.0 0.0 0.0 0.00042309590149074464 0.00022598878710034803 0.0 0.0007413603074754428
-1.0 -1.0 -1.0 -1.0 -1.0 -1.0 -1.0 -1.0 -1.0 -1.0 -1.0 -1.0 8.724120303780235e-05 0.0 0.0 0.0 0.0 0.000662894282787004 0.0 0.0 0.0 0.0 0.0 0.0 0.0 0.0 0.0 0.0 0.0 0.0 0.0 0.0 0.0 0.0 0.0 0.0 0.0 0.0 0.0004750652405553537 0.0 0.0 0.0 0.0 0.0 0.0005173573349333331 0.0 0.0 0.0 0.0 0.0009566822396345309 0.0012793441823356908 0.0006523949764193739 0.0014788847579697351 0.0 0.0 0.0 0.0 0.0 0.0 0.0 0.0 0.0 0.0
-1.0 -1.0 -1.0 -1.0 -1.0 -1.0 -1.0 -1.0 -1.0 -1.0 -1.0 0.0 0.0 0.0 0.00019638057674331046 0.0 0.0 0.000619419450891023 0.0010340909247912972 0.0 0.0 0.0 0.0 0.0 0.0 0.0 0.0 0.0 0.0 0.0 0.0 0.0 0.0 0.0 0.0 0.0 0.0005244677378877768 0.000502690970542595 0.0 0.0 0.0 0.0 0.0 0.0010622892532142088 0.0 0.0 0.0 0.0008009142788851677 0.0 0.0003465062345608627 0.0 0.0008023401766335184 0.0006474990971918521 0.0 0.0006432094729447297 0.0007606562333139461 0.0 0.0 0.0 0.0 0.0 0.0 0.0
-1.0 -1.0 -1.0 -1.0 -1.0 -1.0 -1.0 -1.0 -1.0 -1.0 0.0 0.0 0.0 0.00021486053193507998 0.0 0.0 0.0 0.0005911494947457012 0.0008534856195439907 0.0008558690541982614 0.0 0.0012359833755715996 0.0025791418711020608 0.0025359017251134434 0.0 0.0 0.0 0.0 0.0 0.0 0.0 0.0 0.0 0.0 0.0 0.0002441095902819745 0.0 0.0011419256773249177 0.0025648493200559922 0.005021972473772527 0.0047256311901999245 0.001890685218322277 0.0 0.0005166385929133887 0.001025650319613744 0.0007600671116955082 0.0 0.000868613826366259 0.0003096764692580366 0.00028568256629170715 0.00025475258956668124 0.0004128799530134055 0.00027171983558743997 0.00030527672656004563 0.0004133472961010839 0.0009231041950529303 0.0008826583150038617 0.0 0.0 0.0 0.0 0.0 0.0
-1.0 -1.0 -1.0 -1.0 -1.0 -1.0 -1.0 -1.0 -1.0 -1.0 0.0013765423952882118 0.0 0.0 0.0 0.0 0.0 0.0 0.000417462413288436 0.00047133075418440216 0.0009569591569989129 0.001478277285871113 0.0009539333658306879 0.001333609347685512 0.005527701762533525 0.0 0.0 0.0 0.0 0.0 0.0 0.0 0.0007703481063577476 0.0006185903142552856 0.00036811819376689653 0.0 0.0 0.0 0.0039637497156710284 0.004627561759246769 0.0 0.0 0.0 0.00048561427816759875 0.000797463530641754 0.0006277224771793859 0.0009745576081161687 0.0 0.0 0.0006118283501744976 0.0007051883043326988 0.000507470238081715 0.0006358522682629047 0.00023486295991422348 0.0 0.0006739320160870385 0.0 0.0015181246493008596 0.0 0.0 0.0 0.0 0.0 0.0006421802779049978
-1.0 -1.0 -1.0 -1.0 -1.0 -1.0 -1.0 -1.0 -1.0 -1.0 -1.0 0.0004721818923666074 0.0004850456168366688 0.0005821195683232493 0.0006914929588005913 0.0 0.0 0.0 0.0008344049842522334 0.000813676138341324 0.001049096183689094 0.002787533270436904 0.0039039699944665267 0.0062091468171494866 0.0 0.0 0.0 0.0 0.0 0.0 0.0 0.0 0.00041514408846025686 0.0002495049911481722 0.0 0.00026093951637201716 0.0008307300833825656 0.0 0.0 0.0 0.0 0.0005733449082212094 0.0007249174588777849 0.0009131353624759809 0.0005464469430405336 0.0006367630612068725 0.0 0.0 0.0 0.0006351157451798031 0.0 0.0 0.0 0.0005041857093279227 0.0008364497992219756 0.0 0.0011875517189440942 0.0 0.0 0.0 0.0 0.0 0.0
-1.0 -1.0 -1.0 -1.0 -1.0 -1.0 -1.0 -1.0 -1.0 -1.0 -1.0 0.00047225849810026506 0.0008105739227622466 0.0011289195439811181 0.0009711626727899687 0.0011013993383626474 0.0010170824813417153 0.001102845627510851 0.0010771191713580238 0.001249942832816655 0.0017087028841171307 0.0031695479867676524 0.005383070615507708 0.005023681069006504 0.007191934110925287 0.0033296001148338476 0.003993413962970822 0.0 0.0 0.0 0.0 0.0 0.0 0.0003317401235088765 0.00024665323349548325 0.0 0.0012083478389701004 0.0 0.0 0.0 0.0 0.0 0.0 0.0008776605876556251 0.0006892384653360302 0.0007955561591427851 0.0010416287778505346 0.0 0.0 0.0 0.0 0.0 0.0 0.0 0.0 0.0009175032809952544 0.0 0.0 0.0 0.000468045710282571 1.2410043929175066e-08 0.0 0.0006526677530403637
-1.0 -1.0 -1.0 -1.0 -1.0 -1.0 -1.0 -1.0 -1.0 -1.0 -1.0 0.0004705193521527458 0.0005181983806581437 0.001193704896837325 0.0012153205089328505 0.001137242453346573 0.0011399970583920779 0.0015634709831969524 0.00161864963837808 0.0021364742489529687 0.002345746045723011 0.0021899482654108193 0.005094845515998432 0.004571315225513472 0.0059785806074003425 0.00567832123593491 0.00300140572117196 0.0032622254320683573 0.0020253666912412745 0.0025039364542092735 0.0 0.0008089551612380731 0.0 0.0006194059880702185 0.0 0.000652910501962188 0.0 0.0 0.0 0.0 0.0 0.0 0.0018303825194990345 0.0008939003399110553 0.001124223465545991 0.0 0.0 0.0 0.0 0.0 0.0 0.0 0.0 0.0 0.0 0.0011746151786179058 0.000870455295112837 0.0 0.0 0.0 0.0 0.0 0.0
-1.0 -1.0 -1.0 -1.0 -1.0 -1.0 -1.0 -1.0 -1.0 -1.0 -1.0 0.0006661858762121279 0.001460433887765305 0.0014713683024557885 0.0015746943425891632 0.0014417888788205591 0.001396759094225354 0.0015097499348575827 0.0022109770441199315 0.0033112231720807987 0.0046034495716480986 0.001973483149320579 0.005932327155733636 0.0055621720032403765 0.004431496879086757 0.0034224675584278883 0.0036667941156862667 0.005876099650599223 0.005968069753139154 0.003371320433174464 0.0023600451513795077 0.0011131829167580804 0.0013254317434211102 0.0009584211958555566 0.0 0.0 0.0 0.0 0.0 0.0 0.0 0.0 0.0 0.0 0.0 0.0 0.0 0.0 0.0 0.0 0.0 0.0 0.0 0.0 0.0 0.0 0.0 0.0 0.0 0.0 0.0 0.0 0.0
-1.0 -1.0 -1.0 -1.0 -1.0 -1.0 -1.0 -1.0 -1.0 -1.0 -1.0 0.0009952267839196218 0.001287988558858526 0.0017022327465624702 0.001671161547466348 0.001977276397471209 0.0015686469771447303 0.0023133050604582104 0.003185331459467426 0.009659453663049348 0.009830854431870985 0.009408069873999973 0.008527764235109862 0.007380281491420143 0.0076993207954057915 0.007590952912262528 0.0062503525079463445 0.005773328323002065 0.0028977352569920494 0.001603426687080005 0.002177923592977402 0.0016875805132060982 0.002436659956546624 0.0017636516018951509 0.0014609472414867852 0.001908083100468359 0.0016318758967095981 0.001259129117510622 0.0 0.0 0.0010122776475962134 0.0009538155991989933 0.0010562250812815787 0.0 0.0 0.0008826082396025388 0.0 0.0 0.0 0.0 0.0 0.0 0.0 0.0 0.0 0.0 0.0 0.0 0.0 0.0 0.0 0.0 0.0
-1.0 -1.0 -1.0 -1.0 -1.0 -1.0 -1.0 -1.0 -1.0 -1.0 -1.0 -1.0 0.0016052539833423308 0.001670495996605314 0.001473742384705985 0.001692163360934457 0.004311261277003056 0.006260824578218016 0.007395242789811604 0.012215946800018519 0.011339473815467795 0.010522060472569714 0.009833368515026326 0.008707869263611378 0.006274873033350934 0.009196057423051296 0.0031077102331183953 0.002488592723513999 0.001863179603575788 0.001502646025453545 0.0024874602899243423 0.0020892724861747915 0.003104283532845563 0.0030524135618984843 0.0028507135564102993 0.003619154443864634 0.0019001874806239536 0.001422803796066636 0.002035233207774017 0.0012804140137236794 0.0011348413904576995 0.0010836152424774685 0.001083974149629664 0.0 0.0 0.0012282986497328143 0.0 0.0014129370842899725 0.002145474125472103 0.0017241912513283203 0.0014135670741685844 0.0 0.0 0.0 0.0 0.0 9.266624837897292e-08 5.415805078138079e-08 0.0 0.0 0.0 0.0 0.0010332967317437096
-1.0 -1.0 -1.0 -1.0 -1.0 -1.0 -1.0 -1.0 -1.0 -1.0 -1.0 0.0 0.000990995931710069 0.0015420743143427294 0.0015426640590473603 0.0017529253372178934 0.005479259453888057 0.007283923816580596 0.011262176708089067 0.01450356940319825 0.00791514255348081 0.007999718134876451 0.009836370385760497 0.007233134262153676 0.004128355080691261 0.003983020763727148 0.002130009442585404 0.002424415191439943 0.002217888508541841 0.0017886819853369605 0.0015687180504099926 0.001608640755652381 0.002797354435449263 0.004026485297425009 0.0027422229536939726 0.002852968988688049 0.0025344406960824757 0.0026651658390287364 0.0 0.0015682440539737071 0.0013145036789436139 0.0013813210766478077 0.0015186817802045362 0.0015860923314195189 0.0016604509186754076 0.0014109641575860905 0.0 0.0017981595318190499 0.003696142825549577 0.001518298696845997 0.0013382342150602986 0.0 0.0 0.0 0.0 0.0 0.001965024391175001 0.0015732589501775912 0.0022222219289266304 3.519263978622824e-08 0.0 0.0 0.0015494722366199093
-1.0 -1.0 -1.0 -1.0 -1.0 -1.0 -1.0 -1.0 -1.0 -1.0 -1.0 -1.0 -1.0 -1.0 0.0011259817925561647 0.0010263691449782558 0.0063557805049760776 0.008009704823617908 0.010714040457762187 0.010951132054373614 0.009958593139676362 0.008968020275555884 0.010308383305382245 0.006471288401881219 0.0019058579780426394 0.0034026074898690652 0.0023168054813854713 0.002841882472307622 0.002138859542613886 0.001986461774874074 0.00199434956999947 0.0016584979688114949 0.0017016561827775884 0.002701161521213109 0.0033715782353080856 0.0032511197751227652 0.001990927580105949 0.0027776327612022127 0.001975192065694471 0.0016490922605984313 0.001480785005437281 0.001869228223786966 0.0014138033374953398 0.002813315988801742 0.0040522834261478985 0.003840017616098462 0.0016128178804735624 0.0033482080147944006 0.003991745533392037 0.0014780092818497488 0.0014688309305582996 0.0018648083613279091 0.0014471575771950113 0.0021891081037791033 0.001160566042788549 4.0799454148423346e-08 0.002460953506888733 0.0019884878995323546 0.0029967370283100273 0.001965695728143597 0.0 6.346955293062658e-08 0.003901216686069123
-1.0 -1.0 -1.0 -1.0 -1.0 -1.0 -1.0 -1.0 -1.0 -1.0 -1.0 -1.0 -1.0 -1.0 -1.0 0.000530066791924726 0.004210795733367915 0.007019394937979295 0.013160637194697148 0.01126971826918639 0.010131526424426681 0.009433419509543638 0.007537472842801121 0.002474954603846872 0.0022845124436116962 0.0039372531673228985 0.0022537576656769254 0.002294465614964262 0.002150382981584853 0.0025941504627115105 0.002878171038172153 0.002895911944010525 0.00181668371512841 0.0019342222978123485 0.0019571341052724116 0.001850085916963885 0.001963797529506583 0.0024316984403731728 0.002856523311082793 0.0018248340708238915 0.0018269014799642295 0.00238492069090974 0.0012321534706486324 0.0 0.0015654542530811532 0.0015094768747276265 0.002094918038729219 0.006248450324299739 0.003241674098047481 0.0017727619007442126 0.0019536042872138363 0.002040664200333401 0.001516538365739352 0.0020390482439612647 0.0 0.0025653357082819207 0.0025789594364349225 0.0033020820287402272 0.004266100281955342 0.0032806594598081724 0.0025678004118107932 0.003970221463756924 0.005193019426662554
-1.0 -1.0 -1.0 -1.0 -1.0 -1.0 -1.0 -1.0 -1.0 -1.0 -1.0 -1.0 -1.0 -1.0 -1.0 -1.0 -1.0 0.004910022636734095 0.012444085226366369 0.011851219474381258 0.00757966086668745 0.011343026790722485 0.004555569656079637 0.002692021838527368 0.003241321145039462 0.003406193845205267 0.003234300980909589 0.0035828517990302475 0.002425037153494705 0.002796419697789373 0.003909189258295223 0.004727353085242489 0.0021909786659241657 0.0020980838469471636 0.0019411704407037078 0.0020385318436085776 0.0026447618792652477 0.003243301891935438 0.002426958590644973 0.0022720474318335105 0.0022682432989621516 0.0042536678461646635 0.0014705402756805238 0.0013341567441250036 0.0017911679887206472 0.001637756859843587 0.0026823062778629173 0.005970131637067463 0.001901551029877807 0.0018308702938689362 0.0018718217726566085 0.002312093413694155 0.0018944901581833132 0.002122633124000886 0.002383927262361543 0.002207987453506062 0.0033947879110155605 0.002710707442716573 0.00232603106397251 0.002763811391397549 0.0037580316979644937 0.003932210912481347 0.005174680495164762
-1.0 -1.0 -1.0 -1.0 -1.0 -1.0 -1.0 -1.0 -1.0 -1.0 -1.0 -1.0 -1.0 -1.0 -1.0 -1.0 -1.0 -1.0 0.0012566389213278654 0.0024220079582814896 0.0046675111355514035 0.01020662363112919 0.009046854132877941 0.00954653694755052 0.005701554725977745 0.005678684783589473 0.0073790609781167315 0.005749172230620403 0.0032329504404535023 0.0032215242310691247 0.002822570282906217 0.0045439839030423776 0.0022208234969096127 0.002678443606313129 0.002321698655368553 0.0023754759092343373 0.0033077744151181108 0.002787468139285222 0.0024478289888837696 0.002397816515885127 0.002505657823594103 0.0030406708217874034 0.0012154632704193848 0.0013288229607879884 0.0018837485927433375 0.002426369745689575 0.005888373227693691 0.005032862554747844 0.0020354792917176264 0.0024201309225237093 0.00202962719913328 0.002385710959524616 0.00229771724857099 0.002687072992173948 0.0026754692785288074 0.0022170571639542973 0.004105796298041215 0.00213304523931156 0.0038824969126651687 0.0046240830807746 0.005528596579598028 0.0041600345067365745 0.00891878594567353
-1.0 -1.0 -1.0 -1.0 -1.0 -1.0 -1.0 -1.0 -1.0 -1.0 -1.0 -1.0 -1.0 -1.0 -1.0 -1.0 -1.0 -1.0 0.0012045536877428897 0.0020416291071802158 0.0024110970785135 0.008208333028123923 0.00521639989147069 0.008655422163484432 0.007138028115505948 0.007938924598157884 0.0092154945411076 0.0073996409874711126 0.006665822099019819 0.00558890188228747 0.002181948338805788 0.0025620225985688396 0.0020426928824364967 0.002140915949919852 0.002661806806446632 0.002695755393652918 0.0033727484504266552 0.002624784990681967 0.003101248945111027 0.0026808465493722996 0.002242192012333765 0.0024750354856073087 0.001537853541356519 0.0017028632086027301 0.0017672150278982566 0.0025690169302424585 0.006996222586818126 0.0020815960248214763 0.001697747836970182 0.0028477791386604906 0.0022283780548854573 0.002902983552078128 0.002606937204400312 0.0028668847505562895 0.003381336117612091 0.0031129137732509786 0.0024103429263345466 0.0022996914236802658 0.0034641432962123067 0.006935669014629229 0.004654972237713584 0.00454959270144542 0.003898574159955128
-1.0 -1.0 -1.0 -1.0 -1.0 -1.0 -1.0 -1.0 -1.0 -1.0 -1.0 -1.0 -1.0 -1.0 -1.0 -1.0 -1.0 -1.0 0.008717467452735047 0.0022271760576874095 0.0034454709668717666 0.00690774674090528 0.009095070433461461 0.006545563097423486 0.006262930734350645 0.008105638017001758 0.009655569156727039 0.00845751012710292 0.004905502487652568 0.004248703370543015 0.004087667857053137 0.0029861204298864746 0.0025276689350560992 0.002305693746100285 0.002679242671423495 0.0032697511195050252 0.0026756432675787527 0.0023542607282468295 0.002740709707269122 0.004167713090228623 0.003703549814723467 0.002082325489480414 0.0013242840572553003 0.0013666342778554308 0.0017671218644717845 0.004308152220916962 0.0077109846856321775 0.0019626402032396567 0.0020065440701273174 0.0020691207281526747 0.0025150752205339707 0.0030969267520072753 0.00260831671563947 0.0023594311575233597 0.0025262874426337832 0.0046836281571493305 0.004277313988239695 0.0051314804520686715 0.005900763004418686 0.003604045030823455 0.002686788434168237 0.0024951690106029202 0.0
-1.0 -1.0 -1.0 -1.0 -1.0 -1.0 -1.0 -1.0 -1.0 -1.0 -1.0 -1.0 -1.0 -1.0 -1.0 -1.0 -1.0 -1.0 -1.0 0.000877467683654214 0.003352989232929726 0.002011477654122421 0.006283002048123413 0.006984371884268774 0.0064092203984934815 0.006572106370127985 0.005270255576622405 0.004733576844114201 0.007777299087249389 0.009110191353439533 0.009077510687870988 0.002978419816933092 0.0025032918948173933 0.00233157200452395 0.00206531195010991 0.0031386642173373636 0.0025414149842903555 0.0022526384283126514 0.002831650999655235 0.0040212858762019715 0.0029265400354826707 0.0038451570875577845 0.001823474977805948 0.001488732752510281 0.0017804196739449954 0.0050794060924019965 0.00905872270295214 0.003766026805979089 0.0024290588133286874 0.0028458108918412287 0.0024818135860316362 0.0 0.001894058008243389 0.0019905851280996394 0.0047500122105738375 0.0 0.0033557203399543424 0.005342811803215173 0.007295719534227794 0.0040855017470746895 0.0 0.0 5.088832587554969e-09
-1.0 -1.0 -1.0 -1.0 -1.0 -1.0 -1.0 -1.0 -1.0 -1.0 -1.0 -1.0 -1.0 -1.0 -1.0 -1.0 -1.0 -1.0 -1.0 -1.0 0.0007425633570694969 0.0012209800528228988 0.004348550695893267 0.007917842375056878 0.0072243105700407996 0.0057609252108973205 0.004418476488099817 0.006049108278166556 0.005077493810009128 0.006494121558925642 0.006132109513041362 0.00224094586060921 0.0021886866060820127 0.002380991768906615 0.0021394062656176953 0.0020077345971628215 0.002547492381946882 0.0023995768967274805 0.0025746020144313893 0.0020271291045950083 0.0023163954041581546 0.003533882230531853 0.003097087561719206 0.0014282557866108683 0.0017221620608149255 0.004184600758204418 0.010417400006788993 0.002243401735311112 0.0021448386237522985 0.002573809359694639 0.0023602751101864743 0.0028468130381313628 0.0021675218766253617 0.0022349827248123503 0.004017895604880549 0.004274847140758646 0.0045227830616876115 0.006016924518523147 0.0027079596911263417 0.004558161634236148 0.003727622775200527 0.0 0.0
-1.0 -1.0 -1.0 -1.0 -1.0 -1.0 -1.0 -1.0 -1.0 -1.0 -1.0 -1.0 -1.0 -1.0 -1.0 -1.0 -1.0 -1.0 -1.0 -1.0 -1.0 0.0007469888441916171 0.002086919639741921 0.0023122262306472666 0.004797025383285686 0.004062750483656051 0.0032496212562038666 0.003664551824822488 0.0026379311397915347 0.003816313596318329 0.0019947707154020448 0.001982476603556235 0.0021426180414335127 0.0028036915816670154 0.0035157306217851528 0.002588979365983697 0.003433751765790558 0.0020727994339727112 0.0022207835092441803 0.003316080673154652 0.00475123361315853 0.0020403160169719147 0.004774530104988971 0.00574557922151666 0.00279260553107378 0.005047391871873985 0.0037428978996388762 0.0017230258756790661 0.0023686341135130636 0.0026049001783985566 1.6138063739658507e-08 0.001986099806406671 0.0016228371779620375 0.0018833238676327331 0.002792427176547042 0.0033450137423795155 0.004051311645273451 0.003404227031146845 0.0009127180169275882 0.0 0.0019487051536957226 0.002817411305210018 0.001689536391832227
-1.0 -1.0 -1.0 -1.0 -1.0 -1.0 -1.0 -1.0 -1.0 -1.0 -1.0 -1.0 -1.0 -1.0 -1.0 -1.0 -1.0 -1.0 -1.0 -1.0 -1.0 -1.0 -1.0 0.0004134803818078615 0.0029575809682009053 0.004937718740838785 0.005476076651898218 0.004203076225800372 0.0018403010967288776 0.0020419745014152147 0.001597016563937024 0.0016915647953012307 0.0018630622955086431 0.0024990238479255305 0.0034540371323387347 0.0028894392615540277 0.0020579041329173778 0.0017340248525302825 0.0019905698599284234 0.005388593242578474 0.004799918910134921 0.004298627691526765 0.005602201118842897 0.005974605259383933 0.004240059389917624 0.005564340851436407 0.0013407749609680275 0.0006661010588571138 0.000934750970235481 0.0003319512741416962 0.0 0.0005767358013375715 0 0.000922392809423074 0.0008365658151967959 0.0016317383291545896 0.0029665837283599492 0.0 0.001334150172989868 0.0 0.0 0.0010873262612693198 0.004137476362162368
