Model Version1.4/trunk/output/2010/fsro_nat.asc
ncols 720
nrows 360
xllcorner -180
yllcorner -90
cellsize 0.5
NODATA_value -1
[rows 56 to 83 of 360, columns 63 to 125 of 720]
0.0240907700448922 0.023489894493729818 0.0208049971842527 0.020438807527166657 0.019727833629780395 0.016324864181307457 0.01328255449570834 0.014288463939187446 0.020885431738909836 0.023530287515772127 0.020097241511572033 0.024059201061004593 0.02404900234952317 0.02184010345633183 0.020524527161619534 0.014535707267689511 0.01692569556371981 0.017194744446648688 0.017044565901637537 0.0 0.0 0.0 0.0 0.0 0.0 0.0 0.0092686287935365 0.01249016507285414 0.017064217675327432 0.020495218808270616 0.019061597617940802 0.017605074578223006 0.015140860963967856 0.0 0.0 0.008756800544664552 0.012176647863398163 0.013383196818507958 0.018053536461946657 0.020116627359343046 0.02063825962009295 0.02012024481918115 0.018018266006622242 0.018586729885712385 0.01694489555344733 0.016848527598466653 0.01687082724706967 0.014314816166210288 0.011031436066131963 0.01196612222012946 0.010318183611973463 0.001528936206549761 0.0042010273868046556 0.0015744711032253246 0.00102372990147093 0.0016306769653998887 0.0020961366350323056 0.0025454862024036217 0.0018450289994635957 0.001555630653517914 0.0005918241285034184 0.00072230437709601 0.00032987535997639096
0.023494679466185223 0.0201385116795288 0.020619172723477724 0.01696915470153747 0.021906517179634055 0.023137716571081383 0.023886505758092293 0.024317282046833463 0.023173459660129143 0.02275595616925336 0.021397085930619134 0.01968514686182966 0.023495878022761412 0.023574022925062634 0.004198521615708302 0.004985957294981559 0.011434664370337817 0.02131247568135429 0.018606341233937125 0.018171200650150602 0.018315991276870832 0.015847264095249773 0.0 0.0 0.011440318906758267 0.0 0.011674960789872235 0.012517158858886598 0.01507461478304605 0.018072932586660713 0.0182508880949611 0.01631622488670584 0.014993934400565954 0.014238250920337071 0.016044802926182797 0.01830523349089777 0.016468076717146243 0.013920218385108495 0.01107225847688705 0.01855652087202871 0.01867936829265055 0.013862752229992977 0.012887732833373145 0.014978631058527734 0.013114177549009901 0.01319343534692141 0.014379101034409921 0.017319042113233554 0.015390773098461357 0.012760532206978011 0.009952337408317644 0.0 0.002094807409583219 0.0016207186476217684 0.001311735144972194 0.001039947864804034 0.0011927486660313295 0.0011794210995929508 0.0010135541665633474 0.000816469265195885 0.0009148351297425325 0.00045474763311255547 0.0003521596820718478
0.022331071813767176 0.02090997130148238 0.015042181572400608 0.012077082283010009 0.00940146696794224 0.010256799308606254 0.014521042122563521 0.020202031520775668 0.02140114837275567 0.021990781846886024 0.019879079915102522 0.022287225589988375 0.02112775356076216 0.016767284715288874 0.016054984416422467 0.0011927932769832143 8.865231706207013e-05 0 0.008492707282993414 0.023716409476159845 0.02113474264606057 0.01721146230816555 0.015448436211246206 0.014495201752612685 0.01504835618476736 0.014875882351141012 0.011519276820679703 0.013480066934934896 0.015442870617442107 0.014644180411440708 0.013442542497086004 0.009862428211907122 0.009656151284323402 0.00898932247889705 0.01120972000705798 0.015064727632911673 0.012516328346192145 0.010707565275280256 0.011049073953468677 0.011750486338199126 0.013212457259342232 0.010550961452758578 0.01073397181371078 0.010770829398406012 0.007785384934044692 0.0074438125134684546 0.01066347055510495 0.011226389422371473 0.015612659911756055 0.012303241190429597 0.001673159850892527 0.0034545766812470306 0.0018594483532160216 0.0013457612352207372 0.0006830182667260063 0.0019537705959589598 0.002458284986288733 0.0017770349301997174 0.000672937135351148 0.0006987424605311638 0.0010438425070556543 0.0008390794566025101 0.0005786146621788869
0.023912018261168014 0.001922960754412852 0.006226718237907656 0.006578318369189735 0.003816942938679006 0.002283982288089552 0.0037968121732794955 0.004240217353307931 0.0076887652811966035 0.010568528336960675 0.008483864217183517 0.014833009378437272 0.013874637751535348 0.009089304632226113 0.01556954702493184 0.006982030026430016 0.005359794869566953 0.006050710233643055 0.0037441465671012937 0 0.021602006846503798 0.0207109831676429 0.01922735729165906 0.017285492070140667 0.02035063637894432 0.019326305615412095 0.018976506816330868 0.017682570374843568 0.012301744633264078 0.011309662919129488 0.011774204978312004 0.009731576650294444 0.011367849357431487 0.014557799178825825 0.014738392418998655 0.015883938822006775 0.012094415339150668 0.004589559883070272 0.0038369886958180464 0.007234619964239375 0.009785374324214578 0.009344015715890733 0.012834177783306335 0.00992265860005434 0.007603499403612474 0.009398738897788876 0.01141110995569278 0.012891044275798545 0.013846087743142742 0.007867496622911342 0.004025047042114559 0.0036819344352670867 0.0034531757377352754 0.0023300350832405215 0.0023614824322148 0.001665801321488921 0.0022374555495764965 0.001911663520709526 0.001939067496077268 0.0016710182155075188 0.002171033623619429 0.004546514262204887 0.004852239289216779
0.0 0.005130040233703812 0.0025058289472349566 -1.0 -1.0 -1.0 -1.0 0.0 0.0 -1.0 -1.0 -1.0 -1.0 0.008150429546242304 0.004010734225218156 0.001968167680077177 0.0033449304449524836 0.012552671003643302 0.016348064866911562 0.013402419550174915 0.02056047368893874 0.0250972876140117 0.023670106149504756 0.0215607105266986 0.022415616058916465 0.025356769376243496 0.025174838821635563 0.02282187311358506 0.01821053133308945 0.014803186003487566 0.016360476037399634 0.015386219283661722 0.010826610461369379 0.013081721088249712 0.017093148425982616 0.0181976194226007 0.019230723125689908 0.013615451698664505 0.008372564356281201 0.007855183077346577 0.0067919721767207685 0.00928351432911451 0.011994803921164827 0.011727663345636274 0.012957763390809663 0.013448386743771544 0.013778754542742317 0.012349957856768545 0.008448226576651086 0.004646915203578411 0.0025845118648557927 0.0029460897696006578 0.0019774413629310853 0.0020327285237815157 0.0016698825919652482 0.0013334600136756984 0.0010891702727371848 0.001300753238515678 0.0010076459316536459 0.0018102842801581182 0.0024002449612614183 0.0024890052464650978 0.001984453277291984
-1.0 -1.0 -1.0 -1.0 -1.0 -1.0 -1.0 -1.0 -1.0 -1.0 -1.0 -1.0 -1.0 -1.0 -1.0 -1.0 -1.0 0.0006503194337859994 0.000893051656566188 0.01495871474828005 0.019452398923082467 0.022606247514158677 0.020354672515034037 0.015192767336138975 0.023880097861784744 0.02356925060516142 0.022763064350682764 0.020473726128690306 0.022459011947163675 0.019075017390897835 0.01752508254287719 0.017245619358400386 0.010749067418678374 0.010896831239930375 0.01479489291821057 0.011375730560535419 0.018681054153388454 0.021607688672961214 0.018479088378231513 0.01710284357341264 0.016818123488073978 0.014091297381888438 0.0137104049120117 0.015795574744019075 0.020130988032499946 0.019493886640984504 0.018342314767643097 0.014459534675901362 0.006843245062395731 0.008095674441445334 0.004516614243801775 0.002702817262996348 0.002810633242941367 0.0021131456336359713 0.0015576081588142825 0.001269424975563475 0.0019039718587046187 0.0017384856529225098 0.0014860198000404053 0.0020160159911947985 0.0015563285202400167 0.0010948425100035144 0.0012165392260225726
-1.0 -1.0 -1.0 -1.0 -1.0 -1.0 -1.0 -1.0 -1.0 -1.0 -1.0 -1.0 -1.0 -1.0 -1.0 -1.0 -1.0 -1.0 -1.0 -1.0 0.004645529503690105 0.020832917503510868 0.014409802854159968 0.018779129809300615 0.01699708574845029 0.02310160412186222 0.020613164647272943 0.01995947487892445 0.0013554276845519448 0.024689015819977348 0.02415705648681823 0.0219325143188403 0.019889890911980776 0.009685323085629942 0.008278695800271164 0.008867435169840699 0.014054115367239765 0.014938954111094341 0.019167724203892504 0.021168378599219037 0.02205792326292929 0.021441746642328976 0.018595182016014206 0.020085445105834456 0.021722132794708214 0.022522220781225292 0.021992744446817356 0.0203968132618944 0.01580655681320391 0.01336316234971517 0.007324228142363301 0.006179990124041347 0.0030363189531644515 0.0009438008627607522 0.001214872643527733 0.0012851703403906965 0.0008883305417129292 0.0010217243142176624 0.00227211812829516 0.0014730104421109627 0.0010853469428953252 0.0018525955616946646 0.0020680881554734445
-1.0 -1.0 -1.0 -1.0 -1.0 -1.0 -1.0 -1.0 -1.0 -1.0 -1.0 -1.0 -1.0 -1.0 -1.0 -1.0 -1.0 -1.0 -1.0 -1.0 -1.0 -1.0 0.020960903987617845 0.02255528487347835 0.007010398203813033 0.00600723995181382 0.006908142481707719 0.00613040625595565 0.012286569472389814 0.021944764737739438 0.025435340470210507 0.024734846587731507 0.022434323366462196 0.016121436607153438 0.013493743083380085 0.013076531995858452 0.013325146274190455 0.015549566506095628 0.017971854261231237 0.016899271760718194 0.018714415926657374 0.02160927669237324 0.021981281937590823 0.020545428648773505 0.021636655814707143 0.02252670872913318 0.025724664110520178 0.02520355897656997 0.02175743210088795 0.015684026289063666 0.0 0.007035701633245491 0.007648654708661645 0.004374876565509445 0.0021367129037677714 0.001482676468118728 0.0015508932260058874 0.0020994103869875227 0.0 0.0 0.0 0.0 0.0
-1.0 -1.0 -1.0 -1.0 -1.0 -1.0 -1.0 -1.0 -1.0 -1.0 -1.0 -1.0 -1.0 -1.0 -1.0 -1.0 -1.0 -1.0 -1.0 -1.0 -1.0 -1.0 -1.0 -1.0 0.006840746876699311 0.006706044159098833 0.006987456374613683 0.006706376673559285 0.00666187644741982 0.012570503423971436 0.023323170906399335 0.011340831914944342 0.024733064640021236 0.01583181990654867 0.02086979343925353 0.017153910043325653 0.013610867091362236 0.019429849623898154 0.019393349750176078 0.016613612200045785 0.015486560025369033 0.01703872846491315 0.021126891267069247 0.02345777267722662 0.019848071985366315 0.020136509064352326 0.0221531310066574 0.02436970568923809 0.023570376883272563 0.019797553393522776 0.01155317288610169 0.0 0.0 0.0 0.0 0.0 0.0 0.0 0.0 0.0 0.0 0.0 0.0
-1.0 -1.0 -1.0 -1.0 -1.0 -1.0 -1.0 -1.0 -1.0 -1.0 -1.0 -1.0 -1.0 -1.0 -1.0 -1.0 -1.0 -1.0 -1.0 -1.0 -1.0 -1.0 -1.0 -1.0 -1.0 0.006961618424924548 0.022420338766928904 0.014817262426739877 0.006779812386999892 0.004700161219577066 0.007905618849390795 0.018967230233737593 0.016275917397050133 0.015621834500950203 0.02457416645335957 0.022058489919777588 0.01366392343430939 0.017714736312078507 0.022396337730421486 0.019817570039450855 0.019915853108042413 0.019024839632097758 0.01582772148843223 0.02063957710287907 0.021598964200863584 0.02071432265314827 0.01903282461126972 0.02216933194788493 0.023378702841938336 0.020722416998012687 0.018729345044903402 0.0 0.0 0.00579148051242606 0.0 0.0 0.0 0.0 0.0 0.0 0.0 0.0 0.0
-1.0 -1.0 -1.0 -1.0 -1.0 -1.0 -1.0 -1.0 -1.0 -1.0 -1.0 -1.0 -1.0 -1.0 -1.0 -1.0 -1.0 -1.0 -1.0 -1.0 -1.0 -1.0 -1.0 -1.0 -1.0 -1.0 0.02054002898407388 0.02310154021488613 0.005794869750240844 0.004296137727208387 0.00585437443920986 0.00812136775289298 0.017203903421678074 0.015070917453328706 0.01803245625463929 0.018390554586596032 0.017724744192118485 0.022539806957301706 0.02238008833511949 0.020693284526909616 0.020489360382456263 0.021670456094326853 0.019974587758816168 0.018975042026821137 0.020138930176884652 0.02100306372143184 0.017724049453690636 0.018170544457137724 0.022050541589120388 0.021755338079487953 0.019895043360347496 0.013574373257494143 0.010161391914615655 0.0 0.0 0.0 0.0 0.0 0.0 0.0 0.0 0.0 0.0
-1.0 -1.0 -1.0 -1.0 -1.0 -1.0 -1.0 -1.0 -1.0 -1.0 -1.0 -1.0 -1.0 -1.0 -1.0 -1.0 -1.0 -1.0 -1.0 -1.0 -1.0 -1.0 -1.0 -1.0 -1.0 -1.0 -1.0 0.021613501467333995 0.006227492894562005 0.005323091333528176 0.004613254395632279 0.005554881309297431 0.007411735267497391 0.01947145116029873 0.02473401779947347 0.0255569895595775 0.02142452464104372 0.02386554189331482 0.018934485578681347 0.020174463091219348 0.022803650723880756 0.02152257830390079 0.020322830732522907 0.0196454110062718 0.02023946913724926 0.02165966224176354 0.01808538126274481 0.018989147989765132 0.01204088596505418 0.02075415975231342 0.021231041262917413 0.0186172334989551 0.01157992573194398 0.008837210728805877 0.009185154125242994 0.008524748067271746 0.0 0.0 0.0 0.0 0.0 0.0 0.0
-1.0 -1.0 -1.0 -1.0 -1.0 -1.0 -1.0 -1.0 -1.0 -1.0 -1.0 -1.0 -1.0 -1.0 -1.0 -1.0 -1.0 -1.0 -1.0 -1.0 -1.0 -1.0 -1.0 -1.0 -1.0 -1.0 -1.0 -1.0 0.0 0.0024707359228382944 0.004972659337719585 0.006964064561355669 0.0058013323777551615 0.00648641319394555 0.00954931715734658 0.024972300772000907 0.02172543303170737 0.015085605193084982 0.014224550565262633 0.007977533068562512 0.01620853224418681 0.01962809897178399 0.019927365614026377 0.01579970905612649 0.013263396971931017 0.018341912203726874 0.01727214574896385 0.01649448296365569 0.014468039987441162 0.007449693098144463 0.018749369696913994 0.019336477069521962 0.016966744824794343 0.013220965624567928 0.011317518532385083 0.007124397237451843 0.0059724168827898555 0.005113171092917876 0.0 0.0 0.0 0.0 0.0021166920462160877
-1.0 -1.0 -1.0 -1.0 -1.0 -1.0 -1.0 -1.0 -1.0 -1.0 -1.0 -1.0 -1.0 -1.0 -1.0 -1.0 -1.0 -1.0 -1.0 -1.0 -1.0 -1.0 -1.0 -1.0 -1.0 -1.0 -1.0 -1.0 -1.0 0.0 0.01749276133164937 0.0151786255121132 0.013934172621469088 0.005899130745324361 0.005609472167179871 0.009800466320666112 0.018722181681431384 0.00800963264102363 0.012331202678629161 0.010721340736474815 0.020381021392531402 0.018354149639137788 0.020340029196898493 0.012759268614256488 0.011395115724457984 0.01574576874025223 0.013138571660007179 0.01112658436710923 0.009472137056745588 0.011202742513995835 0.008672417408174558 0.014884571253410252 0.01993862984859667 0.017632727929841822 0.015723487907858588 0.010028571636534601 0.0053609577650954345 0.0 0.0030321721918953877 0.0035473046762672573 0.0 0.0 0.0023602139013900302
-1.0 -1.0 -1.0 -1.0 -1.0 -1.0 -1.0 -1.0 -1.0 -1.0 -1.0 -1.0 -1.0 -1.0 -1.0 -1.0 -1.0 -1.0 -1.0 -1.0 -1.0 -1.0 -1.0 -1.0 -1.0 -1.0 -1.0 -1.0 -1.0 -1.0 0.018831086703278616 0.013859522290181137 0.01625257300978261 -1.0 0.0012714399900706974 0.0056036469681685665 0.007121390527062353 0.010421176071817449 0.025576688616873917 0.021271963932746787 0.022928168317434713 0.02076033837491755 0.01575759161224666 0.013400438955229129 0.008211495679769748 0.010202995811185474 0.012601038949553816 0.00791734783466804 0.008256303262535087 0.006542470132575043 0.006000514383511293 0.005930373838527374 0.014231980956364918 0.021431761108097636 0.02011683628170526 0.014973465254518406 0.00994652044856499 0.008894335975537822 0.0 0.0 0.0 0.0 0.0
-1.0 -1.0 -1.0 -1.0 -1.0 -1.0 -1.0 -1.0 -1.0 -1.0 -1.0 -1.0 -1.0 -1.0 -1.0 -1.0 -1.0 -1.0 -1.0 -1.0 -1.0 -1.0 -1.0 -1.0 -1.0 -1.0 -1.0 -1.0 -1.0 -1.0 0.0032935914211946757 0.002706327575297738 0.0012825548250884698 0.0017696959226468276 -1.0 0.0037383827044657966 0.006473771454959311 0.008269467123231147 0.008931322661069153 0.012778010804696888 0.020718640230343 0.021744589432222197 0.01419129803775736 0.01335027526250189 0.010674622350378207 0.010028720997876309 0.011915691757891837 0.011161528502552422 0.005940303182158206 0.004723204590021322 0.0037808199748290273 0.004944008813404099 0.008885154691991436 0.014691789078062845 0.021390239730760995 0.02322676407970216 0.0204509007022414 0.015532529254412225 0.012959876481574014 0.0 0.00748083952429443 0.0 0.0
-1.0 -1.0 -1.0 -1.0 -1.0 -1.0 -1.0 -1.0 -1.0 -1.0 -1.0 -1.0 -1.0 -1.0 -1.0 -1.0 -1.0 -1.0 -1.0 -1.0 -1.0 -1.0 -1.0 -1.0 -1.0 -1.0 -1.0 -1.0 -1.0 -1.0 0.005402669804618691 0.005684796838779819 0.0020676780032111096 0.0015571367030892875 -1.0 0.0025739466675091176 0.0047719398306627706 0.008012202861111189 0.01068488867213813 0.008322177164480544 0.011334960995074408 0.015646938607126654 0.0178974575450201 0.010944005493627626 0.008054234124555406 0.007665438531028531 0.011138261797439332 0.00894580325846495 0.0066054730101567614 0.006067267632171511 0.007290812617826419 0.007134299511413268 0.007633598729776268 0.008537391687664346 0.017377161981762704 0.01958031024896243 0.022648265291816738 0.020067698317661243 0.02045284846874765 0.015166572157639608 0.009364346249808716 0.006471573115302922 0.006741673712492166
-1.0 -1.0 -1.0 -1.0 -1.0 -1.0 -1.0 -1.0 -1.0 -1.0 -1.0 -1.0 -1.0 -1.0 -1.0 -1.0 -1.0 -1.0 -1.0 -1.0 -1.0 -1.0 -1.0 -1.0 -1.0 -1.0 -1.0 -1.0 -1.0 -1.0 -1.0 0.008055620834030029 0.005930960442753843 0.00405343857803707 -1.0 -1.0 0.0038680473385387273 0.004904652736878803 0.006636334876541037 0.00807286508379089 0.014993989487257295 0.020915787635597802 0.018004286770641326 0.014948220017314556 0.010028999040612085 0.007019944579293525 0.009777253158972692 0.00934637268676534 0.006726958127350722 0.007599497604363341 0.008803468274703448 0.009243420841472876 0.007375937435109405 0.010023400028754976 0.013473288454783093 0.022545409388900057 0.024682503258628353 0.02339056337089447 0.025197060638565996 0.022879725363814045 0.020547902532055483 0.016575098614601196 0.008308241855973768
-1.0 -1.0 -1.0 -1.0 -1.0 -1.0 -1.0 -1.0 -1.0 -1.0 -1.0 -1.0 -1.0 -1.0 -1.0 -1.0 -1.0 -1.0 -1.0 -1.0 -1.0 -1.0 -1.0 -1.0 -1.0 -1.0 -1.0 -1.0 -1.0 -1.0 -1.0 -1.0 0.007392259053435136 0.007151831138141172 0.0059445263327532055 -1.0 -1.0 -1.0 0.0026906972467327884 0.006169409740854274 0.007731369735523833 0.012623567260626765 0.018132831494802777 0.012749308465979735 0.01201412434800564 0.00994167588215126 0.00808223746735446 0.006094887244998361 0.0079588414703159 0.009174024651649302 0.008402983322850197 0.008593996234566987 0.011086178233756438 0.008097552339861432 0.008744531766066177 0.012322048925916484 0.02447415500291235 0.027228800964923215 0.020286563433088434 0.018272030606983285 0.022897008302574143 0.022430774116300654 0.021625639955956913
-1.0 -1.0 -1.0 -1.0 -1.0 -1.0 -1.0 -1.0 -1.0 -1.0 -1.0 -1.0 -1.0 -1.0 -1.0 -1.0 -1.0 -1.0 -1.0 -1.0 -1.0 -1.0 -1.0 -1.0 -1.0 -1.0 -1.0 -1.0 -1.0 -1.0 -1.0 -1.0 -1.0 0.007124610894064334 0.00576630770669358 -1.0 -1.0 -1.0 -1.0 0.002515106420945868 0.004215019955176138 0.007691390358206108 0.00970355256419169 0.01747039830273161 0.02428244740842381 0.020685207167878222 0.008223518200727292 0.006529757736649762 0.00692737990305082 0.007311771220495249 0.00648070277031371 0.005821920310300966 0.010765722262803597 0.006698147494971008 0.007811093373197037 0.006680011904070886 0.0147045315508412 0.01854524112702394 0.01251831597025251 0.020699769636671046 0.014937555178336524 0.026382439981405718 0.025532134381296548
-1.0 -1.0 -1.0 -1.0 -1.0 -1.0 -1.0 -1.0 -1.0 -1.0 -1.0 -1.0 -1.0 -1.0 -1.0 -1.0 -1.0 -1.0 -1.0 -1.0 -1.0 -1.0 -1.0 -1.0 -1.0 -1.0 -1.0 -1.0 -1.0 -1.0 -1.0 -1.0 -1.0 -1.0 -1.0 -1.0 -1.0 -1.0 -1.0 -1.0 0.0030314132826255173 0.006270518664386967 0.008595971016358617 0.019686770804501676 0.025747011683074954 0.02495617902417466 0.019774283153463083 0.0177506615009554 0.013150629185611213 0.00807214462031116 0.007060473863667568 0.010697174334883831 0.012770191240620685 0.004108215873130879 0.008086472747355265 0.012396690839327583 0.014709942928051866 0.01197702027118733 0.008006404495351735 0.020083498603080445 0.019436358609987853 0.01982069920064953 0.018773715224267722
-1.0 -1.0 -1.0 -1.0 -1.0 -1.0 -1.0 -1.0 -1.0 -1.0 -1.0 -1.0 -1.0 -1.0 -1.0 -1.0 -1.0 -1.0 -1.0 -1.0 -1.0 -1.0 -1.0 -1.0 -1.0 -1.0 -1.0 -1.0 -1.0 -1.0 -1.0 -1.0 -1.0 -1.0 -1.0 -1.0 -1.0 -1.0 -1.0 -1.0 -1.0 0.004221985029265319 0.007552554633574249 0.009264130034137001 0.015395071754850258 0.023119630635473384 0.026738164039696255 0.01827848583974816 0.02377379356282639 0.020608422057224317 0.016097056640376663 0.014915402340006793 0.01768647113301424 0.011239499856021073 0.008273442274362114 0.009311846864198807 0.015775104490121226 0.008698262590730536 0.006904428603661329 0.013748344413275684 0.01518272418577389 0.024200723076243144 0.020171055533576274
-1.0 -1.0 -1.0 -1.0 -1.0 -1.0 -1.0 -1.0 -1.0 -1.0 -1.0 -1.0 -1.0 -1.0 -1.0 -1.0 -1.0 -1.0 -1.0 -1.0 -1.0 -1.0 -1.0 -1.0 -1.0 -1.0 -1.0 -1.0 -1.0 -1.0 -1.0 -1.0 -1.0 -1.0 -1.0 -1.0 -1.0 -1.0 -1.0 -1.0 0.0044966159331112894 0.004586187011893445 0.0034905509892536033 0.00536052806448434 0.007050399590501328 0.007915042801200953 0.011782905978505316 0.017411647030545048 0.022600207036052082 0.027496804923105286 0.02435609926505174 0.018512306978725634 0.015663840599223468 0.02029150167383676 0.016742043412896458 0.014170643596243777 0.015689224183783504 0.017749285767754277 0.018050490766884374 0.010487398556005084 0.010624438966890805 0.010292557504084776 0.0176362987952325
-1.0 -1.0 -1.0 -1.0 -1.0 -1.0 -1.0 -1.0 -1.0 -1.0 -1.0 -1.0 -1.0 -1.0 -1.0 -1.0 -1.0 -1.0 -1.0 -1.0 -1.0 -1.0 -1.0 -1.0 -1.0 -1.0 -1.0 -1.0 -1.0 -1.0 -1.0 -1.0 -1.0 -1.0 -1.0 -1.0 -1.0 -1.0 -1.0 -1.0 -1.0 0.0070250873808232455 0.007663244651706971 0.007629845231170424 0.008486385818087576 0.006277572613039634 0.005426096865412347 0.007170177392011647 0.01302527275809989 0.019348602466292476 0.020948570084319024 0.016112518783114444 0.008496750368779093 0.014880377748912009 0.019572606891943987 0.013713759168003398 0.010414443241583995 0.016159921731308972 0.01602164308904108 0.013000839177939847 0.007213817292491261 0.007588463286108343 0.010139898648091283
-1.0 -1.0 -1.0 -1.0 -1.0 -1.0 -1.0 -1.0 -1.0 -1.0 -1.0 -1.0 -1.0 -1.0 -1.0 -1.0 -1.0 -1.0 -1.0 -1.0 -1.0 -1.0 -1.0 -1.0 -1.0 -1.0 -1.0 -1.0 -1.0 -1.0 -1.0 -1.0 -1.0 -1.0 -1.0 -1.0 -1.0 -1.0 -1.0 -1.0 -1.0 -1.0 0.006564504736080035 0.007157182374167772 0.015296763367294072 0.01750719676931044 0.005968957198658911 0.004929210341995185 0.005878330623569451 0.011174458284675034 0.012562462076327299 0.0137666127316524 0.015463533549813915 0.009496781571752632 0.021850215635055514 0.016217434353510432 0.012062187892730692 0.016712690451596818 0.014935122453004577 0.010717276001108573 0.011008368310305543 0.010878522040854086 0.011164789950709091
-1.0 -1.0 -1.0 -1.0 -1.0 -1.0 -1.0 -1.0 -1.0 -1.0 -1.0 -1.0 -1.0 -1.0 -1.0 -1.0 -1.0 -1.0 -1.0 -1.0 -1.0 -1.0 -1.0 -1.0 -1.0 -1.0 -1.0 -1.0 -1.0 -1.0 -1.0 -1.0 -1.0 -1.0 -1.0 -1.0 -1.0 -1.0 -1.0 -1.0 -1.0 -1.0 -1.0 -1.0 0.008428090839174451 0.016691356496814826 0.007559707475582906 0.0069253459221070455 0.005068762813468046 0.008805915934272221 0.014319487057759251 0.011079535025837682 0.014013567653799283 0.02016069895708571 0.024175044233311117 0.018087130076156917 0.018674280707373897 0.020221539551352995 0.015803341029099534 0.016973355642615404 0.01985627631322027 0.019681404745498073 0.012808340571656446
-1.0 -1.0 -1.0 -1.0 -1.0 -1.0 -1.0 -1.0 -1.0 -1.0 -1.0 -1.0 -1.0 -1.0 -1.0 -1.0 -1.0 -1.0 -1.0 -1.0 -1.0 -1.0 -1.0 -1.0 -1.0 -1.0 -1.0 -1.0 -1.0 -1.0 -1.0 -1.0 -1.0 -1.0 -1.0 -1.0 -1.0 -1.0 -1.0 -1.0 -1.0 -1.0 -1.0 -1.0 -1.0 -1.0 0.005303224784558772 0.006326531734665772 0.007155584696645821 0.012484845201999809 0.010828848171715904 0.0032573514586427266 0.015099132196251532 0.022553689932578527 0.025314492087202704 0.02355939848651543 0.02116451091253067 0.018398293232655533 0.014702839456668514 0.01581267223492888 0.017644715328670568 0.017081679748019763 0.017916783868718287
-1.0 -1.0 -1.0 -1.0 -1.0 -1.0 -1.0 -1.0 -1.0 -1.0 -1.0 -1.0 -1.0 -1.0 -1.0 -1.0 -1.0 -1.0 -1.0 -1.0 -1.0 -1.0 -1.0 -1.0 -1.0 -1.0 -1.0 -1.0 -1.0 -1.0 -1.0 -1.0 -1.0 -1.0 -1.0 -1.0 -1.0 -1.0 -1.0 -1.0 -1.0 -1.0 -1.0 -1.0 -1.0 -1.0 -1.0 0.01060157059796489 0.01232583899382541 0.013151682428856275 0.007098209586360545 0.0037750650698272353 0.00811036194151446 0.020923416675882975 0.02431993858426038 0.024402234255462063 0.01996101246881394 0.00563408904818368 0.0 0.0 0.0 0.0137477121740998 0.012837208367765208
