Model Version1.4/trunk/output/2010/n_fix_agri.asc
ncols 720
nrows 360
xllcorner -180.0
yllcorner -90.0
cellsize 0.5
NODATA_value -9999.0
[rows 56 to 83 of 360, columns 372 to 433 of 720]
0.0 0.0 0.0 0.0 0.0 0.0 0.0 0.0 0.0 0.0 11203.0 0.0 19678.4 0.0 37194.7 0.0 0.0 0.0 0.0 0.0 0.0 5448.79 52556.3 -9999.0 -9999.0 -9999.0 -9999.0 -9999.0 -9999.0 -9999.0 984.525 67095.2 0.0 19410.0 24538.0 0.0 19470.3 0.0 66243.3 3201.99 30098.0 12295.6 45153.2 39650.0 38830.9 2753.78 14522.8 18228.3 2805.660577062925 3183.5891096941195 -0.032676623261068016 -0.44911218900233507 0.05044099299993832 0.0003633779560914263 4725.110504348573 -0.019552578713046387 12634.552293865621 395.64477429641556 0.00010245074599879445 0.0 6006.784446928068 4292.859634120163
0.0 0.0 0.0 0.0 0.0 0.0 0.0 0.0 0.0 19812.8 20730.9 0.0 0.0 0.0 20622.2 55763.8 19999.2 0.0 0.0 0.0 18214.6 11491.3 68227.8 -9999.0 -9999.0 -9999.0 -9999.0 -9999.0 -9999.0 -9999.0 17044.6 102405.0 102104.0 131080.0 97783.1 97287.2 81934.3 37090.6 37768.0 43088.9 33299.0 0.0 37834.2 3506.12 25698.1 0.0 2132.4312679955183 4872.6179656459135 25.218972563248826 -9999.0 -9999.0 354.5783537937168 681.087363020386 8992.386115430854 -0.0022950266138650477 -0.04969492356758565 -0.04520881841744995 7009.762777460011 2451.288116140233 -0.051207745185820386 1592.560165368588 1323.7093510081759
0.0 0.0 0.0 0.0 0.0 0.0 0.0 0.0 0.0 194899.0 228929.0 79870.8 60798.1 15176.0 20950.1 0.0 20748.3 13354.0 0.0 38968.5 19909.2 30342.8 194923.0 7472.25 0.0 -9999.0 -9999.0 -9999.0 -9999.0 -9999.0 25714.1 136961.0 200427.0 373024.0 372759.0 238441.0 92272.5 223117.0 245436.0 194102.0 100897.0 208826.0 87930.2 83300.4 429.6351589807746 13978.455152058334 3447.9719933598535 319106.0 4309.441611388145 2354.5209490581983 -9999.0 -9999.0 -9999.0 21610.10160248402 9797.735717183969 0.3577572844806127 0.0 0.49803185704513453 4803.110222125571 5676.312889703782 -0.4573368687997572 424.01220679760445
7127.05 0.0 0.0 0.0 0.0 0.0 0.0 0.0 59621.4 20109.1 284285.0 21330.4 62767.8 0.0 0.0 18199.6 0.0 0.0 63169.3 141767.0 95890.3 0.0 63820.3 63872.8 41740.6 10220.2 -9999.0 93392.7 27047.6 -9999.0 -9999.0 9815.05 134472.0 213971.0 241442.0 125112.0 181769.0 171769.0 98692.0 105071.0 27606.5 16871.2 -9999.0 -9999.0 -9999.0 874.9283725094283 2209.200881884899 246208.0 27182.810746699455 14841.759620249155 2724.06 2382.0305267805743 11762.256561348055 7024.702638522896 4301.528762664937 -0.19935625098878518 0.0020757340535055846 -0.04912728194176452 -0.2968292748555541 0.0017977141251321882 5064.041112848005 0.2493590775411576
0.0 0.0 0.0 0.0 0.0 0.0 0.0 18537.6 56438.5 143089.0 363740.0 21033.8 20384.4 29010.5 0.0 33676.2 0.0 28837.0 19635.1 31046.0 153890.0 150002.0 208463.0 304885.0 78487.3 92282.3 -9999.0 -9999.0 -9999.0 -9999.0 -9999.0 -9999.0 -9999.0 15011.4 68181.7 17681.3 -9999.0 0.0 -9999.0 -0.00500179392543032 4466.332195213923 -0.0031874265741862473 -9999.0 -9999.0 0.3990652624925133 3320.973302117971 31957.691528415133 133555.65223915136 407674.0 55081.15102526138 353959.0 13666.031615120184 19683.504340549116 789.82749968805 15224.58512454608 7568.878845468571 1387.722442467144 1708.1061555937922 740.6360924232577 8039.8448334670975 18158.889374385413 16097.866523495235
30217.4 0.0 0.0 0.0 22084.7 22084.6 0.0 65317.0 351480.0 217700.0 232910.0 19535.6 0.0 33161.2 82551.8 76528.1 114213.0 62796.5 220100.0 85759.6 92352.5 134012.0 89151.9 138624.0 251169.0 23655.0 -9999.0 -9999.0 -9999.0 -9999.0 -9999.0 -9999.0 -9999.0 0.003341367211760371 5480.55 3911.4237601398454 36466.65272614974 65232.40540345307 0.0 87052.50859847218 390728.4593202742 -0.04736324211262399 29450.20389578311 12948.189888066525 17689.21564836547 15011.050674983824 47011.96854356452 34495.51371017561 33738.904640376626 1892.5499114827398 24989.367416893423 32937.48084230392 4148.899475357117 21923.35012853946 0.33120702058658935 5193.5470887359115 512.489532224834 1688.6847380945546 1510.296905189054 0.23881545552285388 2272.0570343613035 31517.74307172984
22351.8 19390.5 22580.0 35903.4 19622.5 42027.7 0.0 33014.8 -9999.0 -9999.0 22298.4 0.0 66704.1 21855.6 78406.3 111207.0 79166.4 46379.3 71696.6 34907.4 43314.4 129823.0 84065.5 31315.1 -9999.0 -9999.0 -9999.0 -9999.0 -9999.0 -9999.0 -9999.0 -9999.0 3498.735909969517 22958.381753583177 0.0 0.0 129344.21993241031 84410.90888223404 126582.4787292183 249870.90940849335 289746.222366426 622239.9692915448 1773.7310395406457 34182.29123395527 588.8390653025999 988.7809372749762 3591.8828428584966 29777.21967383515 28176.357880001044 15860.44502966071 78964.17842441 8331.798751311231 6593.697464386467 1030.8224949063733 11802.563980444946 7647.733314298268 2359.7272184675967 18155.017539491644 5346.19032326914 6315.651885875966 49908.13635237454 403678.0
22458.3 36261.9 30476.7 0.0 37346.2 67701.3 -9999.0 -9999.0 -9999.0 -9999.0 0.0 9515.35 0.0 237776.0 326671.0 213152.0 47493.2 83879.1 211026.0 151071.0 66400.4 28276.4 -9999.0 -9999.0 -9999.0 -9999.0 -9999.0 -9999.0 -9999.0 -9999.0 -9999.0 0.0 6941.228741405452 12572.057927703041 0.0 3819.142076491239 2348.0243538112154 9286.261068638778 261098.42012027735 485532.23203264055 208031.66587077308 673183.4652711019 79274.40256042253 28916.31680803455 389409.0 0.4674218011787161 1832.6070858682506 15543.36550878259 109786.19089897675 157377.38424427854 -0.0497226242441684 25603.78035451792 -0.08877533837221563 7122.429131918936 7323.595938287777 445144.0 25803.730392922007 11908.550842030672 8099.071304004785 29503.527518839604 34785.67130206723 182714.54911743835
-9999.0 -9999.0 -9999.0 -9999.0 -9999.0 -9999.0 -9999.0 107869.0 838466.0 -9999.0 -9999.0 34781.4 22409.2 0.0 0.0 0.0 110773.0 22038.0 21903.3 83450.8 67734.3 75394.5 -9999.0 -9999.0 113596.0 124882.0 23569.6 -9999.0 -9999.0 -9999.0 -9999.0 1.0052805009763688e-05 619.7954601838064 0.0375419632273406 -9999.0 -9999.0 0.0 22701.4 28173.041795468154 2397.1962462214287 0.0 123909.76121528179 182097.77245330642 557176.0 671032.0 422996.0 75599.33364042471 234663.19592840198 133045.7225295151 76850.11987384828 98972.53591442114 15463.626312159555 5922.540877609514 49949.92776497986 0.0 9051.911330538656 32835.01908440594 27780.63484882837 48177.129425444815 91383.06677684953 88135.18675474386 502408.0
-9999.0 -9999.0 -9999.0 -9999.0 -9999.0 699884.0 1033890.0 3002660.0 4105010.0 125583.0 24802.0 9510.1 157476.0 43076.5 0.0 0.0 34979.6 0.0 0.0 23007.9 82011.9 94495.2 31556.7 -9999.0 139459.0 92401.5 -9999.0 -9999.0 -9999.0 -9999.0 6319.892947925964 660.5289311034794 -0.04929502891172888 0.13895447127288207 0.04459390197735047 -9999.0 0.013708494938327931 0.0 0.0 489.53351150161325 0.0 878.0894409571083 0.0 213303.71509198856 672405.0 475547.0 86578.08254181434 246332.44419175293 26035.386383686215 35201.09162930431 14426.412291999528 26480.49824828824 7335.980682921538 777.1229614963813 4430.139799324628 16454.434753378853 453930.0 468853.0 470084.0 179360.64505715948 518929.0 419603.0
-9999.0 -9999.0 -9999.0 -9999.0 1664270.0 2735040.0 2633400.0 2982770.0 2610170.0 -9999.0 -9999.0 -9999.0 40173.4 245424.0 178852.0 26724.3 18600.3 70326.4 17436.9 69462.2 175859.0 155214.0 -9999.0 -9999.0 16831.6 -9999.0 -9999.0 -9999.0 -9999.0 -9999.0 27212.696064776886 26100.622871032378 40070.48179015677 51721.08010818559 99605.46956201545 5629.504614243644 47597.112339172316 3773.3820404947037 24688.999269283842 19418.218751589513 0.0 11946.05699006081 0.0 77316.60504738527 460069.0 554402.0 59330.76068069777 141894.40898131463 424809.0 12928.883102180363 5017.15345132674 29660.028863462998 36098.286575344275 4795.132858218334 53348.66933428333 31491.032181371236 100008.83062878589 220598.5983359326 243289.00866672932 259110.92216678255 217548.8754575752 143877.06537737628
-9999.0 -9999.0 -9999.0 -9999.0 1936970.0 2834190.0 2182610.0 4172790.0 3930900.0 1776120.0 -9999.0 -9999.0 853399.0 500034.0 329880.0 302141.0 473991.0 350301.0 143002.0 128988.0 93991.1 23154.6 -9999.0 -9999.0 -9999.0 -9999.0 -9999.0 -9999.0 -9999.0 -9999.0 34903.53974945363 326320.0837064385 172306.72395053087 515169.0 266004.1327312893 538817.0 613128.0 555400.0 82177.72533791288 -0.00676568495327956 13223.726010288352 7611.391244225204 306.9824157541225 -0.038119467222713865 52022.07283336343 321323.0 27263.577133281884 76631.11756817694 552925.0 578770.0 18624.343719518685 49329.15638701891 9726.44779950686 17702.955703205836 47680.7319489785 159963.67148671718 598707.0 686172.0 637198.0 775925.0 524252.0 317027.8714447763
-9999.0 -9999.0 -9999.0 -9999.0 1677410.0 2841970.0 3366930.0 3817620.0 1487480.0 336449.0 2068430.0 3499060.0 3390690.0 182364.0 689087.0 571207.0 519055.0 -9999.0 -9999.0 -9999.0 -9999.0 -9999.0 -9999.0 -9999.0 -9999.0 -9999.0 -9999.0 -9999.0 -9999.0 -9999.0 626025.0 96141.23365044352 104283.11056866802 213736.5422523657 227780.24250678133 555705.0 374319.4264695585 236268.29119092968 127349.21656806461 0.0022856490541016683 0.0 87267.06383143987 102534.07302091786 547575.0 654722.0 108230.60518337665 73832.0789623359 104421.01056607103 126755.96772850474 47766.15435813955 122696.51489397301 44116.775176226045 441052.0 57837.73686980276 71393.03717895626 455599.0 604659.0 536722.0 183744.25843873364 426127.34510213416 278304.62949655857 182840.0160522008
-9999.0 -9999.0 -9999.0 -9999.0 46631.4 2458060.0 4523210.0 1916030.0 3763180.0 1435960.0 1829590.0 3703820.0 2166490.0 19409.7 215523.0 129499.0 83901.0 129214.0 0.0 -9999.0 -9999.0 -9999.0 -9999.0 -9999.0 -9999.0 -9999.0 -9999.0 -9999.0 -9999.0 0.0 336250.0 796031.0 160153.1388164665 561038.0 535334.0 381298.18540908775 293035.42468832573 284594.1032620531 137500.2672116258 17362.908737222213 383555.0 455480.0 372880.79773246014 566966.0 195191.98603487597 325990.0864368893 553157.0 643845.0 691662.0 725556.0 780782.0 114141.66484160902 486147.0 165839.56934447 199492.50716125546 258827.52309380635 532729.0 493348.0 454659.0 155413.58463445993 293405.3353090668 224943.01525344048
-9999.0 -9999.0 -9999.0 -9999.0 4478.0 379170.0 322520.0 761547.0 200178.0 627504.0 2032670.0 2170290.0 795694.0 0.0 28714.1 30726.299999999996 -9999.0 -9999.0 -9999.0 -9999.0 -9999.0 199361.0 477564.0 408674.9183671756 639466.0 0.0 -9999.0 52265.4 802678.0 896760.0 783897.0 871005.0 961736.0 690954.0 543791.0 156935.03697580413 201176.1085011773 370111.0 88156.25724364148 98783.60248596517 290241.07374167105 251810.13644391298 261509.43761043844 304443.24055465544 35691.0799881779 236789.65657337554 255055.20882720657 288364.8210007512 635124.0 708438.0 916956.0 878585.0 881859.0 261672.35660484817 451547.79133295384 471626.0 82520.05285685541 118984.69843252521 266107.01828453643 711578.0 387105.64129481075 657026.0
-9999.0 -9999.0 -9999.0 -9999.0 -9999.0 236207.0 880596.0 774293.0 733054.0 421593.0 153103.0 265888.0 444576.0 522343.0 208388.0 102731.0 0.0 73594.1 308092.0 551305.0 648727.0 525058.9505976408 613022.007102743 447201.8859889683 1001220.0 1453470.0 1256640.0 1224540.0 1136470.0 1551520.0 1677250.0 1174370.0 1019430.0 596288.0179473981 740779.5532779989 299174.41715416795 84044.57065642014 101319.85680430825 283592.4406770902 309882.2159334302 277939.26823461114 359338.889026881 285542.66115566663 244175.94988297526 214691.58320620965 274712.47986622655 195146.65231450644 719385.0 1025390.0 693463.0 818284.0 684604.0 826587.0 780579.0 267383.63121428725 327680.5874297644 715915.0 591491.0 734240.0 867013.0 799157.0 902135.0
-9999.0 -9999.0 360343.0 398203.0 7039.26 691702.0 1188930.0 885043.0 809703.0 527610.0 621528.0 494563.0 503003.0 415351.0 560032.0 428981.0 104136.0 1146410.0 904916.6868804519 707809.0653328092 509500.11812474555 475928.91639878217 570393.4341867638 670787.7723289012 517199.06196174864 1258980.0 1519070.0 840819.2564224685 379606.34643615177 412670.97425241995 423609.2952166049 452050.1799422101 699851.203759842 500524.08492770646 461653.622101478 444712.0 326246.54639446706 568544.0 320781.4478105585 283102.09234947234 343268.42280792876 273249.7422371802 551496.0 564119.0 345756.0625267882 190368.95212559804 191471.92934334083 262188.4362215326 785631.0 532844.0 237109.84120891252 558490.0 596774.0 669639.0 718979.0 828576.0 616995.0 778727.0 604038.0 575260.0 922041.0 830002.0
653353.0 439427.0 938804.0 763548.0 802299.0 943961.0 812644.0 727554.0 746510.0 727558.0 695516.0 787196.0 548078.0 266781.0 272643.0 406557.0 380825.0 1393900.0 905391.7478347414 405257.4525682556 512621.25711490295 390793.1189098266 1063210.0 1084410.0 923042.0 549956.0 1175090.0 1177610.0 1143840.0 779330.9446723147 972415.0 767536.0 793827.0463332066 782766.1885328449 636609.2864944753 750405.2045913849 630704.0 593391.0 366986.8315409629 286627.02896334446 671877.0 644928.0 622921.0 308515.41654811014 209994.5509057692 151920.16697153397 273277.2441553515 612038.0 642329.0 410437.38108010736 221908.93740693346 504810.0 592059.0 733231.0 825957.0 888297.0 309059.1958125504 655172.0 522988.0 862607.0 956612.0 908122.0
892260.0 513981.0 578672.0 614452.0 683527.0 633092.0 784391.0 572470.0 664410.0 778674.0 546249.0 854896.0 123171.0 506670.0 210958.0 373818.0 904477.0 1008630.0 505290.99483019963 866782.0 800684.0 1031530.0 1152700.0 1240210.0 1133310.0 1532770.0 664335.0 1307650.0 672699.0 284612.3573665401 1055370.0 983332.0 972583.0 525212.0446851505 823604.4396283234 394748.71242941846 349711.436849278 463928.05967544444 359482.3549105163 237214.58203282478 176108.99272878398 397284.91567247454 532240.5456152195 378722.895000186 158447.64803497118 179259.35817742627 186051.59778592217 386743.678431535 919593.0 935515.0 347855.2696534084 758041.0 790666.0 897143.0 908033.0 918489.0 182418.1683172013 865290.0 966350.0 976589.0 921704.0 978900.0
1974760.0 706497.0 749578.0 621431.0 800316.0 1148690.0 1057420.0 1122040.0 1647710.0 1137740.0 1228680.0 737815.0 282461.0 129114.0 69901.4 44996.6 646594.0 425855.0253541381 327199.0005450763 721221.0 1033460.0 1149220.0 634548.576190112 840720.0 901959.0 1609210.0 1141700.0 1027080.0 715233.0 190070.6250876388 621235.8711590312 663084.9191854311 464538.4344103117 921826.0 1158460.0 1092360.0 896950.0 527939.9587724728 622867.0 670159.0 659325.0 638628.0 743810.0 634002.0 195696.72659716077 744964.0 678890.0 281238.4013192117 697550.0 706814.0 676341.0 629396.0 688105.0 755779.0 945081.0 592626.0 692576.0 886294.0 887442.0 964126.0 992043.0 966301.0
1907790.0 928176.0 653893.0 1155700.0 1495820.0 921988.0 597060.0 446445.0 530027.0 445292.0 766385.0 882011.0 562178.0 410177.0 363913.0 193355.0 0.0 593288.3369330992 591215.6143806732 990631.0 1409680.0 780931.7201006613 1037280.0 912124.0 978376.0 1106920.0 814586.5339279495 1103130.0 864490.0 1293360.0 512850.490036592 781964.0 244503.06618130207 1118530.0 943851.0 629740.0 743966.0 908854.0 651889.0 663198.0 663835.0 724620.0 169426.84304952796 74196.67425514606 122926.18735502311 114541.69909673475 214535.23844982192 215962.3300755766 334497.1172665658 933632.0 868498.0 1096440.0 686493.0 761067.0 814947.0 595012.0 921750.0 858369.0 915352.0 995426.0 940919.0 893279.0
1697180.0 712404.0 460569.0 446287.0 213362.0 282000.0 670119.0 329700.0 460687.0 606299.0 506581.0 204919.0 229632.0 137386.0 771655.0 203113.0 318348.0 932027.0 1140520.0 1209570.0 1475170.0 1082910.0 1509550.0 764779.0 795172.0 988637.0 1158850.0 1180640.0 991177.0 625322.6669904782 1058760.0 501311.1173918755 28456.33087460613 483299.3714685583 813676.0 512730.0 969898.0 913191.0 752245.0 798908.0 839331.0 611186.0 215096.12580473965 238907.96522837237 324188.39626141405 668852.0 415828.1578995349 891842.0 373562.1170840957 665775.0 1091220.0 1187210.0 1097560.0 1156510.0 931126.0 976830.0 946833.0 784095.0 797254.0 933121.0 1015570.0 990263.0
669834.0 1241790.0 742684.0 481006.0 382269.0 615908.0 556387.0 446364.0 394652.0 543422.0 369379.0 359611.0 365882.0 317933.0 324805.0 351638.0 620914.0538650331 1174890.0 584257.4558469433 625871.6145787686 1050460.0 1631640.0 2197410.0 1675060.0 697437.0 1108790.0 1674670.0 981997.0 1419210.0 1107010.0 1372450.0 920036.0 1052410.0 1052165.6438525517 1197570.0 1875030.0 1128900.0 762772.0 941160.0 887421.0 868073.0 944250.0 680812.0 803678.0 776840.0 778042.0 817534.0 849834.0 974180.0 858221.0 996198.0 1148760.0 997442.0 906577.0 1044580.0 897657.0 812968.0 703977.0 557623.0 909849.0 1025540.0 974408.0
462538.0 483579.0 764250.0 559392.0 835753.0 932318.0 619965.0 413386.0 912726.0 714443.0 581929.0 240492.0 350736.0 256713.0599819673 847809.4303049776 975142.0 1893500.0 2060720.0 1952950.0 1716680.0 1126270.0 687888.8930954904 581930.7226991003 2218090.0 1899810.0 1374100.0 1404210.0 2064620.0 2248800.0 2218420.0 2096570.0 960327.0 1636010.0 1209670.0 1157020.0 851211.0 1165580.0 1089600.0 919286.0 987296.0 814700.0 772322.0 785316.0 834961.0 716801.0 854578.0 772423.0 939377.0 1147270.0 1117440.0 1299010.0 1264960.0 1265760.0 942981.0 905341.0 913646.0 840842.0 743972.0 715008.0 881923.0 845886.0 946779.0
594540.0 582671.0 633307.0 764114.0 2015060.0 836056.0 454159.0 864556.0 1275610.0 931640.0 480516.0 600572.0 136435.0 740916.1014075468 1126810.0 804883.0160840424 1221200.0 1245450.0 1382740.0 1495940.0 1379240.0 1491160.0 1617100.0 1629480.0 1688440.0 1225240.0 906078.4063262688 1017610.0 831220.6024890739 1304400.0 1074560.876550614 1424310.0 954295.719768693 1523630.0 1248370.0 1143900.0 939338.0 1187350.0 1218950.0 1168560.0 1135270.0 1090210.0 999888.0 1031540.0 917900.0 936523.0 867494.0 1099010.0 1188850.0 1016930.0 778719.0 1082180.0 1209270.0 738878.0 836136.0 856980.0 1047140.0 662008.0 681561.0 922913.0 319224.4862698292 727867.0
1210520.0 1004520.0 992892.0 309121.0 1077320.0 977236.0 643158.0 581530.0 743359.0 735419.0 551879.0 456075.0 631817.0 333838.0 322359.0599937975 1288300.0 1402110.0 1156130.0 914693.6573164008 1272550.0 1262740.0 1322440.0 1904140.0 1556670.0 242279.69186039298 246841.33189356103 180016.8592072533 385112.7178809191 419392.3800240663 232028.0093683651 525698.3728862437 335899.714432017 154434.69577806874 131000.67562141424 575345.0 1072770.0 1259730.0 1199610.0 1190430.0 1235760.0 869594.0 416339.4085934743 821979.0 799191.0 822944.0 901647.0 922182.0 844280.0 1016560.0 918371.0 975210.0 1006900.0 612098.0 345610.0 -0.4058672084938735 731572.0 791720.0 923104.0 917736.0 501265.0 955940.0 132765.72413536347
1357600.0 1339980.0 863391.0 1403870.0 718935.0 727481.0 674369.0 463263.0 1030170.0 910847.0 842515.0 870247.0 1163350.0 950027.0 596469.0 196842.0 491024.2775164029 270243.41405618214 668341.0 864040.0 1670630.0 2193120.0 1500750.0 1264730.0 1026450.0 436977.9868663646 228175.97618076994 7209.660843037331 86376.68522638972 284021.3354875675 1109910.0 1546860.0 1036280.0 84763.49491494594 194499.55161141098 79801.0136946774 367285.0102992626 1165720.0 1248360.0 1193090.0 580791.0 424977.89324196475 911540.0 1218380.0 1227080.0 1177900.0 1190150.0 1171960.0 894862.0 990251.0 900791.0 995291.0 649419.0 675772.0 109395.11137961573 812007.0 15289.521855191084 1526050.0 1088660.0 789738.0 199196.56148916378 242143.1895856714
1235470.0 593337.0 730842.0 1496100.0 200824.0 927144.0 719550.0 1327260.0 1238070.0 785373.0 709934.0 709271.0 1053890.0 1082040.0 1438240.0 1384790.0 1377960.0 958640.0 662940.0 1089940.0 1188680.0 2755860.0 1640980.0 2602770.0 1773170.0 1261860.0 871764.0 874826.0 916829.0491357647 1092980.0 1631750.0 2109170.0 2312320.0 1252450.0 391362.7470559471 111153.99110395521 120560.03837585248 105802.95412601213 775109.0 1115160.0 1158760.0 1548650.0 1316880.0 1253190.0 1249440.0 1336790.0 1105270.0 1165980.0 992502.0 815082.0 1011320.0 858595.0 771212.0 795822.0 446470.74183258566 494625.881307331 0.0 861475.0 1160680.0 1038490.0 995767.0 945805.0
