Model Version1.4/trunk/output/2010/n_fix_agri.asc
ncols 720
nrows 360
xllcorner -180.0
yllcorner -90.0
cellsize 0.5
NODATA_value -9999.0
[rows 84 to 111 of 360, columns 372 to 433 of 720]
981306.0 497907.0 1527190.0 930595.0 485940.0 845752.0 755166.0 1017180.0 669632.0 652857.0 303933.0 243738.0 300107.0 0.0 423112.0 247346.0 256698.0 172639.0 115740.0 86712.9 934041.0 1261300.0 2102670.0 2554200.0 1563260.0 1435420.0 1335070.0 1729900.0 1499170.0 2174730.0 1735710.0 1875470.0 1873880.0 2179560.0 1591960.0 242784.74646021775 -0.0007567524153273553 71380.4 16409.94745805487 641893.8112047106 2193800.0 2215080.0 1757030.0 1257390.0 963607.0 1194770.0 1173780.0 1117570.0 828080.0 710086.0 739807.0 632181.0 578625.0479982222 755734.0 930708.0 909173.0 906256.0 484684.9030541087 917125.0 976684.0 844953.0 869720.0
717372.0 550366.0 636758.0 849671.0 746685.0 528814.0 504893.0 0.0 0.0 251953.0 29979.3 0.0 30549.8 146302.0 0.0 0.0 0.0 0.0 297191.0 576649.0 1154270.0 1980440.0 1998440.0 1203410.0 1194250.0 1920360.0 1355140.0 1924410.0 2351330.0 2030720.0 1790230.0 1680120.0 1541020.0 1557190.0 1271580.0 693857.6079568965 795062.025195672 235250.0707341245 0.0 0.0 1176520.0 1742820.0 1263360.0 1269440.0 1090290.0 937496.0 1534770.0 1033170.0 684443.0 769627.0 749834.0 942600.0 992092.0 1236780.0 867342.0 858226.0 626935.0 1424720.0 1137740.0 813260.0 747179.0 717005.0
514924.0 755734.0 597291.0 172240.0 336417.0 522581.0 406640.0 425648.0 0.0 640888.0 441691.0 401383.0 731286.0 283943.0 59749.4 0.0 353919.0 365255.0 573290.0 1117440.0 669017.0 1334960.0 857853.1665279445 916643.212360063 1968710.0 2320900.0 1065020.0 1574340.0 2369560.0 1910200.0 2041870.0 2026910.0 1034975.359609173 233275.1624105974 628368.3448035815 1466230.0 1536790.0 1165540.0 165464.1637421758 140394.6419905629 177422.77768544416 1433610.0 833876.0 1738150.0 1249310.0 923246.0 1311160.0 1633450.0 581555.3263172726 249982.11950270052 629977.0 37817.700443230846 1085130.0 746035.0 860914.0 -0.09737527114339173 558833.9861602738 1319790.0 1160990.0 780771.0 54906.75741627296 35777.01278706279
539943.0 352373.0 620289.0 604956.0 667392.0 80670.8 391459.0 692304.0 623439.0 675738.0 750517.0 444351.0 488698.0 2147180.0 1850310.0 2413.0787352947664 72357.13186653875 67749.65045537747 109269.6515955322 719759.0 1542300.0 1759380.0 1120090.0 1318920.0 1762130.0 2267640.0 1450150.0 883655.0 2449970.0 2269110.0 2519970.0 1532600.0 434630.06322641677 74416.91655714702 11783.264633407525 1406080.0 1367670.0 694911.4904929925 553837.1143225607 462299.9109487705 293113.98595881904 582041.355471214 1333980.0 1585260.0 1030190.0 950372.0 987402.0 794293.9634796134 1317060.0 388726.0 -9999.0 66487.81624274605 778669.0 952262.0 1325260.0 970154.0 868340.0 827567.0 417184.0 2639.5 -9999.0 -9999.0
184112.0 108928.0 1351540.0 852786.0 1402230.0 885806.0 543340.0 831964.0 545028.0 793880.0 994294.0 3732990.0 5182270.0 5156050.0 3398240.0 422631.0 12140.843704306084 27350.144546994692 144590.28993977123 1187230.0 1604450.0 1520100.0 1408330.0 1747010.0 2292190.0 2055080.0 1691060.0 1684140.0 1788780.0 2490910.0 2301370.0 1472800.0 420733.443919543 572818.7929546156 523603.4221570506 518984.40022664197 1084120.0 749029.0 716021.4129317736 963799.8082597957 494724.09302040143 110014.71740696233 2555050.0 3162410.0 1112460.0 1188190.0 1388080.0 624099.0 277318.0 -9999.0 -9999.0 -9999.0 -9999.0 59593.67180643922 901373.0 1375660.0 1488660.0 834894.0 0.0 -9999.0 -9999.0 -9999.0
38246.1 313825.0 606922.0 3220120.0 6097000.0 1847780.0 1660910.0 1812640.0 1821800.0 1648730.0 6576900.0 5605010.0 2733070.0 14330.7 -9999.0 1409780.0 516396.0 13058.522785505222 51109.43054228365 1123170.0 586902.550967876 1307770.0 1541510.0 1517350.0 1926390.0 2214070.0 1723550.0 1688680.0 1877780.0 1863360.0 2194530.0 1165420.0 544072.2204391942 42825.09648117637 683852.564991041 503914.15772967396 311852.49516053434 255820.89090728326 74574.60021913782 259712.38774083412 620009.3640387101 1514370.0 2538670.0 3459070.0 1896590.0 1650020.0 994964.0 90459.95620137491 -9999.0 -9999.0 -9999.0 -9999.0 -9999.0 58128.85292058872 789123.0 1256340.0 1262620.0 1058400.0 698799.0 659865.0 367761.6152891703 260202.0
453760.0 157868.0 2259450.0 6443670.0 3189640.0 3655380.0 616045.0 894229.0 1549050.0 1668590.0 1794330.0 1848860.0 4110640.0 -9999.0 -9999.0 125161.87748720916 10.434064341738122 17923.448736673134 190683.1894919086 443659.1371752867 703680.1597212667 1275560.0 1232570.0 1693710.0 1593750.0 2066500.0 1666800.0 1856860.0 1644810.0 1814420.0 1737260.0 707538.3402319554 184991.11679450065 1266050.0 150796.36286289286 978842.0 1722820.0 1142210.0 1865790.0 2201280.0 1711150.0 2370790.0 3382930.0 3047820.0 2830540.0 1506450.0 9994.013333118302 22491.3 -9999.0 -9999.0 -9999.0 -9999.0 -9999.0 -9999.0 364.22154846521994 891579.0 225175.09161199533 69777.703989234 12415.785436202299 -9999.0 -9999.0 -9999.0
272726.0 391644.0 857370.0 2038100.0 393301.0 89660.0 181651.0 384439.0 230891.0 494845.0 505298.0 1366100.0 1363080.0 84043.4 -9999.0 -9999.0 -9999.0 -9999.0 376852.38734089304 953449.0 224964.8172891992 490848.8110874282 407549.0100778398 338969.39902840514 351462.8967990726 441156.84109930205 561234.3922500032 930920.0 1488840.0 1789010.0 1872320.0 234247.02209814626 1177930.0 2873260.0 2854090.0 1896630.0 2989980.0 1949760.0 2212260.0 2758360.0 2528400.0 2530080.0 2406250.0 1866200.0 3317290.0 818884.0 -9999.0 -9999.0 -9999.0 -9999.0 -9999.0 -9999.0 -9999.0 -9999.0 -9999.0 5553.115100472694 0.0 -9999.0 -9999.0 -9999.0 -9999.0 -9999.0
310145.0 208015.0 190304.0 205775.0 83733.0 -9999.0 -9999.0 -9999.0 1144810.0 3317310.0 2373680.0 971288.0 2211030.0 3637310.0 1934850.0 144215.0 -9999.0 -9999.0 23024.762219222932 148119.479179446 1016370.0 1001960.0 985643.0 43530.0973206397 280693.7013644879 212431.9119339377 119980.97146624778 366668.78740544245 592687.5102641298 939362.0 1705140.0 655189.8190598206 1061310.0 971022.0 1485570.0 1620450.0 2479820.0 2515040.0 2827440.0 2550470.0 1260680.0 153349.05778527725 880385.0 92744.29358680279 1299930.0 513812.0 -9999.0 -9999.0 -9999.0 -9999.0 -9999.0 -9999.0 -9999.0 -9999.0 -9999.0 -9999.0 -9999.0 -9999.0 -9999.0 -9999.0 -9999.0 -9999.0
436294.0 255962.0 -9999.0 -9999.0 -9999.0 -9999.0 -9999.0 -9999.0 212512.0 2042660.0 2774790.0 4005580.0 3127540.0 2482600.0 3532960.0 2581180.0 -9999.0 -9999.0 -9999.0 -9999.0 949.8214218925423 85331.23045769753 778166.0 1518740.0 1182800.0 186735.82450042467 217528.28443913616 339930.7324977082 252764.2578783196 222337.11564987438 540491.5047960932 1410170.0 471857.63863514515 440545.4778776539 470959.1980581852 183980.59184963664 880506.0 487960.0 1049440.0 864775.0 714300.0 922208.0 300292.5760575109 648960.0 301288.0 33024.6 -9999.0 -9999.0 -9999.0 -9999.0 -9999.0 -9999.0 -9999.0 -9999.0 -9999.0 -9999.0 -9999.0 -9999.0 -9999.0 -9999.0 -9999.0 -9999.0
-9999.0 -9999.0 -9999.0 -9999.0 -9999.0 22563.7 165425.0 -9999.0 29120.0 672011.0 3664350.0 2814270.0 3525500.0 1657690.0 285767.0 3256210.0 317239.0 -9999.0 -9999.0 -9999.0 -9999.0 81272.68200131826 42310.265652512375 406531.0 950140.0 327556.869634062 148080.9037857111 133999.76637281256 383657.29077949264 1186220.0 837972.0 537991.1644518394 172893.71453756632 395500.1441744989 340581.64530965034 286086.7031188991 131375.23413837852 245687.7140979784 292122.1494065628 151401.14301316114 608092.3525497373 655292.6151620757 825922.0 401217.0 -9999.0 -9999.0 -9999.0 -9999.0 -9999.0 -9999.0 -9999.0 -9999.0 -9999.0 -9999.0 -9999.0 -9999.0 -9999.0 -9999.0 -9999.0 -9999.0 -9999.0 -9999.0
-9999.0 -9999.0 -9999.0 -9999.0 -9999.0 6639.63 321890.0 185630.0 -9999.0 -9999.0 506561.0 2959630.0 4234150.0 2766410.0 1056120.0 2254150.0 3252480.0 1061980.0 -9999.0 -9999.0 -9999.0 -9999.0 -9999.0 -9999.0 0.0 59812.729247882075 347187.56896918104 735197.2485757 1216647.0907395668 852136.0 936260.0 1409510.0 277188.1011086141 340260.85485353245 413143.12519002554 134810.87782282356 1351680.0 1685960.0 1185370.0 1672510.0 1120490.0 1033930.0 813196.0 2.7426039196143392e-05 -9999.0 -9999.0 -9999.0 -9999.0 -9999.0 -9999.0 -9999.0 -9999.0 -9999.0 -9999.0 -9999.0 -9999.0 -9999.0 -9999.0 40750.327647110505 -9999.0 -9999.0 -9999.0
-9999.0 -9999.0 -9999.0 -9999.0 -9999.0 58388.0 32016.3 -9999.0 -9999.0 -9999.0 -9999.0 -9999.0 1458080.0 3493650.0 2037140.0 2526080.0 1187180.0 3194020.0 5075490.0 1918400.0 5572.19 -9999.0 -9999.0 -9999.0 -9999.0 -9999.0 900818.0 2861128.649394426 2131532.467522086 287623.0651247152 145440.42159172182 1129560.0 1198430.0 527354.3727541114 219501.38957950502 181659.84043109673 21196.789099101123 38009.37470091673 439260.65349976043 1064200.0 1675610.0 2882250.0 2871660.0 884925.5967512606 20028.324810730905 -9999.0 -9999.0 -9999.0 -9999.0 -9999.0 -9999.0 -9999.0 385115.0 221133.87481807987 377134.6768264361 1156520.0 589636.7779961284 870857.0 921896.0 820810.0 116655.73696916946 -9999.0
-9999.0 -9999.0 -9999.0 -9999.0 -9999.0 15015.1 461320.0 31400.0 -9999.0 -9999.0 -9999.0 -9999.0 -9999.0 644995.0 1955560.0 1964600.0 3449400.0 2966120.0 3669340.0 6043930.0 3411420.0 1431640.0 332708.0 -9999.0 -9999.0 -9999.0 538504.0 6979010.0 1608265.781729504 251846.24146832092 1265240.0 673170.0 823886.0 1352550.0 2044760.0 1390140.0 1643130.0 1342500.0 1549340.0 1420670.0 2666760.0 3021760.0 3089000.0 1979610.0 820679.8576615291 918354.0 710608.0 91055.36895699962 530384.0 97140.52281955365 281394.0 641655.7303366462 580267.5794318682 943923.0 465772.8296435888 991303.0 1028260.0 533214.5762290563 913179.7970248439 987798.0 1362020.0 1582720.0
-9999.0 -9999.0 -9999.0 -9999.0 1557280.0 2022680.0 1058680.0 282121.0 -9999.0 -9999.0 -9999.0 -9999.0 -9999.0 -9999.0 -9999.0 -9999.0 935196.0 1248430.0 2517810.0 2573780.0 3735590.0 4261160.0 3782250.0 1951060.0 175616.0 -9999.0 1929850.0 8407540.0 733725.3461466978 3193644.9795098375 1509520.0 1626190.0 3306720.0 3153800.0 1790090.0 1589330.0 741793.0 1110760.0 168074.0 560208.0 1951240.0 2078290.0 943979.0 64352.53973713238 -9999.0 51876.19877407173 251194.59259828448 723756.592344459 1979950.0 1078635.029221435 1112790.0 708384.0 1017640.0 1137970.0 625302.0278548887 829087.2722281453 1091610.7975313715 880508.0 987384.0 1244010.0 838825.3655486745 643917.9301439679
-9999.0 -9999.0 -9999.0 -9999.0 148432.0 2122870.0 1645750.0 274927.0 -9999.0 -9999.0 -9999.0 -9999.0 -9999.0 -9999.0 -9999.0 -9999.0 -9999.0 -9999.0 872359.0 1368530.0 2396590.0 3221620.0 607456.0 1459060.0 3038240.0 -9999.0 148857.58350759122 1557287.5179870403 1278292.8352516878 498192.0 1942200.0 951161.0 1419030.0 916688.0 867077.0 622997.0 77040.2 -9999.0 -9999.0 241897.0 370310.6939515902 704121.0 1224790.0 1180100.0 1481110.0 597464.3478787972 984764.0 1116070.0 578757.3012638162 503935.7706293585 822000.0 459014.4318389338 799195.0 810566.0 463906.92807692336 1206260.0 1295310.0 1013940.0 500820.5148666495 616840.504662034 708894.4755630206 209094.06282031324
-9999.0 -9999.0 -9999.0 -9999.0 166796.0 3447120.0 1480800.0 362540.0 -9999.0 -9999.0 -9999.0 -9999.0 -9999.0 -9999.0 -9999.0 -9999.0 -9999.0 -9999.0 -9999.0 254239.0 2600130.0 581834.0 -9999.0 -9999.0 705610.0 -9999.0 -9999.0 247157.0 1015000.0 1027940.0 829059.0 1907670.0 1990490.0 1326710.0 32701.6 127304.0 -9999.0 -9999.0 395537.0 -9999.0 948435.0 678875.0 787182.0 1003690.0 643609.3953265257 729871.0 200449.81807722128 938308.0 993979.0 1315770.0 931628.0 973672.0 1283990.0 1199820.0 1255140.0 1546560.0 1358690.0 1206410.0 1239710.0 821781.0 339871.51904996 980899.0
-9999.0 -9999.0 -9999.0 -9999.0 200135.0 2575590.0 1112430.0 152116.0 -9999.0 -9999.0 -9999.0 -9999.0 -9999.0 -9999.0 -9999.0 -9999.0 -9999.0 -9999.0 -9999.0 -9999.0 1090330.0 1512020.0 1112760.0 -9999.0 -9999.0 -9999.0 -9999.0 34185.3 9346.55 1360550.0 779582.0 1775790.0 2968200.0 1303080.0 272275.0 29982.9 -9999.0 -9999.0 -9999.0 7898.4 787980.0 613994.0 950340.0 576523.0229571066 340556.5978167131 373680.2393536314 1002420.0 1177970.0 1200920.0 628614.4635960641 1874040.0 1353640.0 1772530.0 1583830.0 1544290.0 1503730.0 1560410.0 1801150.0 1679130.0 995170.0 1270630.0 1314500.0
-9999.0 -9999.0 -9999.0 -9999.0 -9999.0 82375.6 -9999.0 -9999.0 -9999.0 -9999.0 -9999.0 -9999.0 -9999.0 -9999.0 -9999.0 -9999.0 -9999.0 -9999.0 -9999.0 239659.0 1283620.0 1049440.0 360602.0 -9999.0 -9999.0 -9999.0 -9999.0 -9999.0 -9999.0 302757.0 1252800.0 611305.0 1006390.0 1292590.0 994888.0 871193.0 204184.0 46711.9 -9999.0 105595.0 22361.161048756083 539655.0 940890.0 1804150.0 1078410.0 607271.9355429034 1493480.0 1020040.0 1225870.0 1338370.0 950083.0 1459420.0 1617000.0 1966680.0 988919.0 1565670.0 1539480.0 1503240.0 1034560.0 1163180.0 1092360.0 281085.81132581364
-9999.0 -9999.0 -9999.0 -9999.0 -9999.0 -9999.0 -9999.0 -9999.0 -9999.0 -9999.0 -9999.0 -9999.0 -9999.0 190088.0 494407.0 37191.8 -9999.0 303020.0 343604.0 506971.0 1023990.0 129241.0 -9999.0 -9999.0 -9999.0 -9999.0 -9999.0 -9999.0 53209.2 54665.6 1112070.0 1122650.0 898406.0 972183.0 1704910.0 1478010.0 552353.0 84116.2 -9999.0 150218.0 501361.0 261693.2869874851 967966.0 723900.9618199788 711448.0690836404 701646.5995409151 1101350.0 1420460.0 1015360.0 743275.0 1098980.0 1323620.0 1180890.0 1809290.0 1836450.0 2059610.0 1471450.0 1470530.0 1284500.0 985965.0 310464.4189603827 903877.0
-9999.0 -9999.0 -9999.0 -9999.0 -9999.0 -9999.0 -9999.0 -9999.0 -9999.0 -9999.0 -9999.0 -9999.0 71276.9 2998520.0 2233570.0 1856000.0 1868550.0 2142560.0 466166.0 250460.0 104268.0 -9999.0 -9999.0 -9999.0 -9999.0 -9999.0 -9999.0 -9999.0 -9999.0 66888.1 1574400.0 1600250.0 1109110.0 1911040.0 611035.0 519338.0 213605.0 239156.0 92191.3 -9999.0 114028.0 210160.0 832908.0 1065800.0 673871.6126719336 725770.2191152361 1086790.0 872958.0 611521.8400082471 504487.6114642626 273964.0700375415 975523.0 562929.8877522992 2228540.0 1639290.0 1717110.0 1998720.0 881163.0 158420.7752686279 158039.57389898482 247917.93710375542 514698.7692989757
11855.610807523422 1052.559857872926 15919.74010481636 0.0 -9999.0 30247.5 547865.0 716029.0 258315.0 24408.8 31426.5 -9999.0 -9999.0 -9999.0 713490.0 2837740.0 2627200.0 4256030.0 1506360.0 -9999.0 -9999.0 -9999.0 -9999.0 -9999.0 -9999.0 -9999.0 -9999.0 -9999.0 -9999.0 -9999.0 -9999.0 1280850.0 1065120.0 863224.0 363137.0 -9999.0 -9999.0 8300.99 341667.0 107615.0 -9999.0 24149.6 312063.0 217728.82483095056 243130.67451072353 113548.81262212142 364793.5828593136 1193210.0 938379.0 502623.1642469063 99526.08900421392 269622.4005024542 436568.4165801136 969611.0 1501960.0 1140750.0 263181.3797933194 277238.9414445396 1403360.0 3002580.0 1748210.0 1025210.0
1092410.0 1190930.0 1215620.0 1119390.0 1071380.0 1185860.0 1295330.0 1325490.0 940532.0 984258.0 128539.0 2129.6374572950535 -9999.0 -9999.0 -9999.0 -9999.0 442515.0 2721780.0 792166.0 -9999.0 -9999.0 -9999.0 -9999.0 -9999.0 -9999.0 -9999.0 -9999.0 -9999.0 -9999.0 -9999.0 -9999.0 497531.0 448492.0 1114910.0 159119.0 -9999.0 84773.3 95294.8 107293.0 18106.4 28746.9 0.0 57901.24618542654 21282.330638779153 466786.991150007 490986.55852120253 343652.51071939874 476714.4639280103 290602.9431580703 1062350.0 782486.0 301328.05828436185 262902.19676923146 389264.0503159605 355316.89401999797 311634.4826287673 556361.2783364017 1160570.0 2071620.0 1411220.0 805298.0 589003.1082522766
1273060.0 1280670.0 1272180.0 1266790.0 1290190.0 1286990.0 1285680.0 1278940.0 1285380.0 170358.0 -9999.0 -9999.0 -9999.0 -9999.0 -9999.0 -9999.0 -9999.0 -9999.0 -9999.0 -9999.0 -9999.0 -9999.0 -9999.0 -9999.0 -9999.0 -9999.0 -9999.0 -9999.0 -9999.0 -9999.0 -9999.0 -9999.0 31704.2 119871.0 107519.0 -9999.0 -9999.0 -9999.0 56986.1 -9999.0 -9999.0 -9999.0 -9999.0 460834.0 383087.0 -9999.0 217273.05582795566 130911.39039614837 512668.0 0.0 -9999.0 -9999.0 788645.0 376610.68838123966 323160.29127638915 422914.82765416545 265132.0 -9999.0 -9999.0 210359.99985677667 2479450.0 562729.6226608241
1190910.0 1261770.0 1235010.0 380882.2801011489 1273390.0 1258740.0 1259740.0 1282400.0 1237410.0 744618.0 -9999.0 -9999.0 -9999.0 -9999.0 -9999.0 -9999.0 100061.0 56881.6 -9999.0 -9999.0 -9999.0 -9999.0 -9999.0 -9999.0 -9999.0 -9999.0 -9999.0 -9999.0 -9999.0 -9999.0 -9999.0 -9999.0 -9999.0 -9999.0 -9999.0 168733.0 114027.0 -9999.0 -9999.0 -9999.0 -9999.0 -9999.0 126696.0 113769.0 -9999.0 -9999.0 -9999.0 -9999.0 -9999.0 -9999.0 -9999.0 -9999.0 -9999.0 -9999.0 -9999.0 -9999.0 0.0 -9999.0 -9999.0 467317.0 1180070.0 578800.3162166467
385559.5487147062 277172.3517975904 381782.1240611434 296281.04696378205 300110.56396290404 1226540.0 1303510.0 1278110.0 1297950.0 1277510.0 189493.0 -9999.0 -9999.0 -9999.0 -9999.0 -9999.0 -9999.0 -9999.0 -9999.0 -9999.0 -9999.0 -9999.0 -9999.0 -9999.0 -9999.0 -9999.0 -9999.0 -9999.0 -9999.0 -9999.0 -9999.0 -9999.0 -9999.0 -9999.0 -9999.0 931340.0 898832.0 1497710.0 2508000.0 1026060.0 463369.0 -9999.0 51517.4 -9999.0 -9999.0 -9999.0 -9999.0 -9999.0 -9999.0 -9999.0 -9999.0 -9999.0 0.0 97461.33026726692 453144.3233689916 423340.1611094914 6376.526254202025 -9999.0 -9999.0 298282.0 649955.7214501421 635005.1101529236
292605.12468413706 169539.26628972543 7555.2216978108045 10698.37638896075 188407.99650001782 1272560.0 1289530.0 110056.19270209363 1281440.0 745013.0 58241.1 -9999.0 -9999.0 -9999.0 -9999.0 -9999.0 -9999.0 -9999.0 -9999.0 -9999.0 -9999.0 -9999.0 -9999.0 -9999.0 -9999.0 -9999.0 -9999.0 -9999.0 -9999.0 -9999.0 -9999.0 -9999.0 -9999.0 -9999.0 -9999.0 -9999.0 -9999.0 149862.0 -9999.0 -9999.0 -9999.0 -9999.0 -9999.0 -9999.0 -9999.0 -9999.0 -9999.0 -9999.0 -9999.0 -9999.0 -9999.0 -9999.0 33421.46278148047 78108.84564592215 34038.94187000327 167525.0 -9999.0 -9999.0 -9999.0 220439.0 916184.0 1286450.0
2043.7961412760196 53614.527434430085 11746.802307357779 24532.62223703391 51195.20584180113 76386.54823225853 59624.69261084893 1263140.0 427596.0 -9999.0 -9999.0 -9999.0 -9999.0 -9999.0 -9999.0 -9999.0 -9999.0 -9999.0 -9999.0 -9999.0 -9999.0 -9999.0 -9999.0 -9999.0 -9999.0 -9999.0 -9999.0 -9999.0 -9999.0 -9999.0 -9999.0 -9999.0 -9999.0 -9999.0 -9999.0 -9999.0 -9999.0 -9999.0 -9999.0 -9999.0 -9999.0 -9999.0 -9999.0 -9999.0 -9999.0 -9999.0 -9999.0 -9999.0 -9999.0 -9999.0 -9999.0 -9999.0 -9999.0 -9999.0 -9999.0 -9999.0 -9999.0 -9999.0 -9999.0 36751.25884554401 723573.0 108612.74050280533
