Model Version1.4/trunk/output/2010/n_fix_agri.asc
ncols 720
nrows 360
xllcorner -180.0
yllcorner -90.0
cellsize 0.5
NODATA_value -9999.0
[rows 140 to 167 of 360, columns 372 to 433 of 720]
0.0 0.0 0.0 0.0 0.0 0.0 0.0 0.0 0.0 0.0 0.0 0.0 0.0 0.0 0.0 0.0 0.0 0.0 0.0 0.0 0.0 0.0 0.0 0.0 0.0 0.0 0.0 0.0 0.0 0.0 0.0 0.0 0.0 0.0 0.0 0.0 0.0 0.0 0.0 0.0 0.0 0.0 0.0 0.0 0.0 0.0 0.0 0.0 54762.10249350633 3425.508496144408 0.0 0.0 0.0 0.0 3514.101193216684 0.0 0.0 0.0 0.0 -0.0013611354370368645 0.04813840299175354 -0.002722270874073729
0.0 0.0 0.0 0.0 0.0 0.0 0.0 0.0 0.0 0.0 0.0 0.0 0.0 0.0 0.0 0.0 0.0 0.0 0.0 0.0 0.0 0.0 0.0 0.0 0.0 0.0 0.0 0.0 0.0 0.0 0.0 0.0 0.0 -0.3999932875158265 0.0010864359210245311 0.0 0.0 0.0 0.0 0.0 0.0 0.0 0.0 0.0 0.0 0.0 0.0 0.0 49772.49925224314 42067.824859463726 0.0 0.0 0.0 0.0 5623.825823907129 528.112969987691 0.0 0.0 -0.19845582256675698 -0.0018189236579928547 0.00018309590814169496 0.0
0.0 0.0 1547.7393616339978 -0.04423826352285687 0.0 0.0 0.0 0.0 0.0 0.0 0.0 0.0 0.0 0.0 0.0 0.0 0.0 0.0 0.0 0.0 0.0 0.0 0.0 0.0 0.0 0.0 0.0 0.0 0.0 0.0 0.0 0.0 -0.0008545655146008357 -0.05042735593451653 0.44616677539306693 0.0 0.00043941686453763396 7.926059333840385e-05 -0.050689774441707414 0.0015380783006548882 0.0 0.0 0.0 0.0 0.0 0.0 0.0 0.0 0.0 12540.603195160897 0.0 6539.60091859175 1617.7570373464623 0.0 0.0 1540.2982299599898 0.0 0.0 0.0 -0.2994999378279317 0.024993820014060475 -0.20083606633124873
0.0 0.0 0.0007689587146160193 465.4110474490153 0.0 0.0 0.0 0.0 0.0 0.0 0.0 0.0 0.0 0.0 0.0 0.0 0.0 0.0 0.0 0.0 0.0 0.0 0.0 0.0 0.0 0.0 0.0 0.0 0.0 0.0 0.0 0.0 0.0 0.0008545724413124844 0.0004272862206562422 0.0 0.0 0.0 0.0 0.0 0.0 0.0 0.0 0.0 0.0 0.0 0.0 0.0 0.0 39571.22993444101 11757.756896942665 25046.928634719225 0.0 0.0 0.0 22402.889388959447 0.0 0.0 -0.3933103618910536 -0.4933463610941544 0.026715071056969464 0.4503479388949927
-0.049493436083139386 0.0370237701717997 -0.3953853191342205 5763.565063270566 0.0 0.0 0.0 0.0 0.0 0.0 0.0 0.0 0.0 0.0 0.0 0.0 0.0 0.0 0.0 0.0 0.0 0.0 0.0 0.0 0.0 0.0 0.0 0.0 0.0 0.0 0.0 0.0 0.0 0.0 0.0 0.0 0.0 0.0 0.0 0.0 0.0 0.0 0.0 0.0 0.0 0.0 0.0 0.0 0.0 0.0 4708.342974817409 0.0 0.0 -0.005053817265434191 0.004565441136946902 82126.87438962067 9063.041259975886 -0.049743767296604346 0.2222289142664522 0.001556429808260873 -0.04063715496158693 0.011621120655036066
0.2338867613580078 938.4281305029581 -0.24542197652044706 2812.770050023566 468.7741087758477 0.0 0.0 0.0 0.0 0.0 0.0 0.0 0.0 0.0 0.0 0.0 0.0 0.0 0.0 0.0 0.0 0.0 0.0 0.0 0.0 0.0 0.0 0.0 0.0 -0.05164794273878215 0.0 0.0013244560614111833 0.3986819721176289 -0.35305816697655246 0.0017883006657939404 0.0 0.0 0.0 0.0 0.0 0.0 0.0 -0.05164794273878215 0.0 0.0 0.0 0.0 0.0 0.0 0.00994816713500768 0.0 0.0 0.0 0.0 -0.025708017201395705 96412.97497586085 1762.7218320271932 16463.68023683323 0.0013243732901173644 -0.3955681634834036 -0.0003417714760871604 0.4209900336136343
1253.7470392893883 3655.4550159781356 -0.4826963421655819 8131.268646603712 -0.030346580599143635 0.0 0.0 0.0 0.0 0.0 0.0 0.0 0.0 0.0 0.0 0.0 0.0 0.0 0.0 0.0 0.0 0.0 0.0 0.0 0.0 0.0 0.0 0.0 0.0 -0.04813855096290354 0.4185481101158075 0.04208424128592014 0.06954892270732671 0.1545414028223604 0.0 0.0 0.0 0.0 0.0 0.0 0.0 0.0 0.0 0.0 0.0 0.0 0.0 0.0 0.0 0.20639049290912226 0.03015736603992991 0.006378233549185097 -0.023632722710317466 25969.98733505969 67187.82391432859 77523.33709746948 0.018829307111445814 0.04600222734734416 -0.43099992035422474 -0.3017279902123846 0.15167353581637144 0.31527660554274917
-0.08966061123646796 -0.4792775348178111 941.1031197848497 -0.14434776690904982 0.0 0.051269554780446924 0.0 0.0 0.0 0.0 0.0 0.0 0.0 0.0 0.0 0.0 0.0 0.0 0.0 0.0 0.0 0.0 0.0 0.0 0.0 0.0 0.0 -0.14620935340644792 0.4591973389033228 -0.06182870455086231 0.35815435682889074 -0.2698675737483427 -0.22521902702283114 0.13922029381501488 0.0 0.0 0.0 0.051269554780446924 -0.04907836356869666 0.0 0.4515990102372598 0.0 0.0 0.0 0.0 0.051269554780446924 -0.04841316969395848 0.0 0.051269554780446924 -0.05020147280447418 0.051269554780446924 -0.0008056688675424084 -0.020013370871311054 63594.11003059431 -0.3032228203956038 0.03704749001190066 -0.28640791529323906 -0.18801880825776607 0.14898667484521866 -0.2022714065387845 817447.0423040956 -0.3931573936715722
0.35180547542404383 -0.1127622410422191 8032.0097358187195 -0.5177604440832511 -0.22939972043968737 0.033325677970424294 -0.20223940405412577 0.0 0.0 0.0 0.0 0.0 0.0 0.0 0.0 0.0 0.0 0.0 0.0 0.0 0.0 0.0 0.0 0.0 -0.46078489074716344 -0.4033825741498731 -0.0005492609343491495 -0.35046411969233304 0.507387287914753 0.41024754219688475 -2.17956741922535 0.9547419366426766 -0.24032557080499828 -0.10226476471871138 0.0003962283954024315 0.0011603335733525455 -0.0007324562902795151 0.0015990208339644596 0.0 -0.0003295622591394931 -0.4020996118779294 -0.3012085333757568 -0.0006592732534045354 0.0 0.0 0.0016296624526148662 -0.0004028940384159796 0.0016296624526148662 -0.0003295622591394931 -0.0007324562902795151 0.19860827043885365 -0.0003295622591394931 28609.583678593568 238194.65614301374 -0.3843077040510252 -2.4577338655944914 4.676817029481754 1.4102175508160144 684297.9096990933 313799.0793181185 473782.7612678702 12970.695952662732
4.534147005993873 0.6278999710921198 325.3320300243795 3.2864359591621906 -0.06994832726195455 -0.2655346452957019 -0.25900428160093725 0.2974244289798662 -0.20510839705821127 0.19076443673111498 0.29766810053843074 0.045715248910710216 0.14764380242559128 -0.000988873107417021 -0.050378451371216215 0.04863267553446349 -0.10296647019276861 0.19604510403587483 -0.10296647019276861 -0.0021912686352152377 -0.40353459323523566 -0.407623968902044 -0.20617780019529164 -0.057648761838208884 0.44396942033199593 -0.31216548243537545 -0.4109815319534391 -0.2616891413927078 -2.5161765068769455 41429.08050634456 -1.3177503105252981 -1.7356876719277352 -0.06744564650580287 2.4580390923656523 1.9168072810862213 4.189299474703148 -0.30801402090582997 0.29528700845548883 -0.0015748476143926382 0.09765580293606035 0.29415820800932124 0.39675807440653443 0.048516741568164434 -0.0012023955350741744 -0.000988873107417021 0.3982542241574265 0.4974362792709144 0.1947011830052361 -0.4033198779216036 -0.3532716284680646 -0.20587184248142876 0.34844945049553644 105493.74987134594 1932210.0 491993.47155700857 -3.942565935663879 551295.3446779209 395487.3255692753 438516.2388548651 2005780.0 25588.242796500912 67219.41993685416
40042.14813385182 124434.96734591667 124443.95599364163 240562.77526702033 505206.7352296221 386738.1391897956 0.2503670630976558 -0.09793085418641567 0.10208182199858129 -0.10192793502938002 0.1006159617099911 -0.39889486343599856 -0.2470090283313766 -0.2996830268530175 -0.05160529783461243 -0.08801288332324475 0.704347169958055 3.419799236115068 -3.484650382772088 -0.6402585032628849 -0.09045396989677101 0.1515510914614424 0.3496089018881321 0.05368018848821521 -2.7468876417260617 -0.04547149897553027 0.45120195485651493 4.057007629657164 114773.60550021357 88107.89001564239 0.8268747963011265 -3.4475718904286623 114077.84771200083 120447.88221405493 130817.05474725785 196837.3597010516 562.4226355107967 -0.5107732913456857 0.34875518968328834 -0.2487488166661933 -0.39700376393739134 0.2533570956729818 83049.39889524312 -0.38394166686339304 0.048034475767053664 -0.05081164266448468 -0.4215106803458184 -0.44387832994107157 0.17605644615832716 0.39501964522060007 -0.07205340010114014 0.3198238007025793 300388.16333197604 2178900.0 2428620.0 131203.6716451496 178106.2659310829 225225.37918232498 339063.28464281093 -2.708434999920428 204919.89948111842 98013.03573459666
250846.8862923549 139920.837400642 51445.31562626874 212250.35679322924 415828.3810410821 332704.3879697765 332518.6074805709 166538.93462908338 0.4279774271417409 -2.0587178799323738 0.38409241545014083 -0.2666632158216089 -0.06683433870784938 -2.7598582026548684 -0.003875595983117819 0.41522185574285686 3.5348520390689373 -0.5062857849989086 1005.3268425774295 -0.5218505023512989 3.009337126277387 -1.2661766412202269 -1.6212477274239063 -2.623292949516326 2.7325421585701406 -4.621888327412307 -2.2718829326331615 191626.92786696856 383949.2350370141 46175.00747617986 160967.99511290737 71380.84144417685 125320.1269930962 380324.6656898826 147169.12584207952 306.94107230193913 2990.3639214592986 41914.68551662844 143888.01056068402 0.13177448231726885 0.4439076934941113 -0.4138192639220506 66606.7352299157 66729.0856943638 -0.244505132897757 69.24316329276189 -3.713531558867544 124766.27334465925 3.6204540466424078 -0.06359854992479086 0.042449083644896746 207553.88244785788 756021.9188075791 2594750.0 2333630.0 2112160.0 610180.2802504877 1105740.0 1495040.0 1400260.0 1143380.0 1118480.0
507009.88891473203 241187.45208864752 276084.13642927725 288896.5729973349 236742.1932975247 9910.32516675815 134995.67382531427 443785.87177991215 174765.22110020323 208426.64062689757 333620.6852713567 3.7219248092733324 125026.5969857066 41695.60531618539 14205.972383230692 -9999.0 2639.7842402781826 82192.86392053147 63576.3479610451 790.4434182695113 1897.2550969196018 -3.2980338255874813 -3.212583764689043 96515.77556158067 174158.5333268519 79077.75955042499 4.974519510753453 279291.0089688995 394626.4476386928 432353.6575486867 260586.43000030983 321220.00428623264 1382660.0 223814.13066082064 552135.7798710321 201322.35248439736 980503.0 92289.01977443183 124271.7353807236 83645.66925050528 95499.23671127972 -3.1251533122267574 4.925538360606879 -3.1182866995222867 94865.96786323679 66954.07333125058 -3.3035286008380353 100284.38225706108 121571.5167225427 1.899110447615385 -4.4587699433323 323992.96093923086 522105.68147198716 2039330.0 480521.3302531459 1981830.0 1503810.0 1137670.0 1267950.0 1235590.0 1474280.0 968357.0
1210537.731514133 521358.0985627442 621062.2555546814 742027.8562153619 489083.12244325783 340227.79031698406 198792.19161978364 514943.76457395474 655391.0111866081 363490.98541098787 316587.42324720835 338994.8858649605 248753.8042462992 363163.2302845386 293402.9020679933 613562.0 -9999.0 -9999.0 222338.35266193014 228432.59277262678 116111.89193912712 221567.58834694885 363027.9195010951 467843.7070080617 99621.6831982981 97407.87221509987 123052.999469887 236519.79175405554 443376.1434274595 92663.12805356632 340058.22265012166 579480.6241877149 1581170.0 1516510.0 1153310.0 1052480.0 970890.0 40146.830445699394 196725.2693926019 41912.8255840668 1426.6699206763878 -2.6779171358793974 26856.855162239634 77140.5759417254 77973.18939381698 154070.23708255403 178426.8439488383 132667.26493839733 119872.76748841023 22306.888502996648 229710.83618127485 217946.14367655828 63805.244141703006 667968.4448107257 1520110.0 1713030.0 1189200.0 1435690.0 982914.0 1458050.0 1159800.0 2707.8642275221646
2677800.0 2252370.0 2623690.0 1620430.0 2074170.0 721274.2877191486 839223.0701450061 652656.2287335021 595686.3452144489 690945.859374061 1036228.8727610053 588102.4132520249 364274.1622731532 536457.7484517 704349.5844191082 389994.03995649354 367507.23896775785 1054908.8967814245 920118.0676826031 619222.0911115683 1011369.3431488925 954505.4673261861 1023396.922923199 766724.5985988621 572117.5786287242 126243.81526863761 577150.702419032 451041.1940800911 591521.5748010874 505121.0495763093 610198.4543090211 470487.0054441178 1470680.0 1000570.0 940206.0 1064050.0 1163030.0 -0.6211869700346142 167394.59304888896 153256.22318182187 109181.8957155135 84014.5097365391 86287.88070871751 169746.34384167334 251380.8866490135 196419.21538051195 236050.1964877448 240750.9697080357 91266.16180191236 297390.2027888114 1189870.0 1182310.0 37989.78484925674 514127.6556033094 977242.0 950138.0 1766490.0 1190480.0 251776.88427360787 271200.22557964845 971110.0 0.42810093431035057
2570670.0 2781770.0 2861620.0 3063550.0 2461610.0 2616680.0 2650720.0 870889.6526347572 804346.1945336196 604910.7482139033 441721.976623493 461641.2698347911 1195490.0 290370.65978977294 381052.0282749648 497552.50396641996 226203.7228995317 204908.78488066455 119967.93457068142 98151.79870602896 463522.35828216095 64127.89529399271 838839.0 1435680.0 332091.35989828093 1246840.0 483813.44411521906 542697.8353126427 452997.5638106656 570286.2253016048 228566.25121934735 684126.8462704888 1537020.0 1457920.0 1281020.0 1343390.0 1289080.0 13443.518983633956 330973.6971665274 224643.47865904868 253015.81340879505 249608.27278216043 181014.81842021504 500269.0132347476 194683.4803761691 311852.86053985683 586639.9884307096 1666760.0 1151310.0 1490190.0 1416210.0 1655240.0 118058.55285632715 57166.88430681371 559358.9616295495 709149.7715176885 1310350.0 1192510.0 0.450714399892604 -0.3466489352285862 71605.99418710056 331461.0646251819
2791430.0 2777510.0 3054920.0 3214120.0 3072840.0 3044670.0 3064000.0 2874070.0 2667110.0 1924550.0 1762340.0 1421540.0 1018950.0 1098940.0 452806.52084405744 475297.92579725245 521345.9801504058 220738.55108781694 267841.9496154471 448783.4992535191 1532420.0 1554580.0 1488810.0 706263.8878788305 756899.9297098645 510070.4844254311 446090.33455801406 346730.7428561363 279727.560269844 395424.72213824 376112.831148437 405573.24650791835 173595.37322930922 162042.88818217057 1210320.0 1638480.0 1366150.0 1404300.0 1123110.0 1704430.0 1256460.0 1363280.0 1387400.0 493834.6658511099 387975.6626668314 1704740.0 501946.01881883293 1707430.0 1782440.0 1417040.0 1164030.0 1654980.0 1638450.0 903484.0 718237.8848945115 1964700.0 1784870.0 1659740.0 844292.0 0.35043273284099996 8562.980682518682 627900.0083158215
2799180.0 2728410.0 3192460.0 3369300.0 3134350.0 3047340.0 2921350.0 3162320.0 2850240.0 2632610.0 2837340.0 2749450.0 1870900.0 1759200.0 1820240.0 1701060.0 1289940.0 169802.01886015898 1069720.0 685056.8972548814 1518240.0 1561560.0 543585.0470483224 589219.9108561786 347361.71119811607 401850.1789668256 278861.8544000231 307792.1922298119 753138.2851887726 433522.6286232321 243761.32547442312 481841.8014709023 404189.7800445 757411.7871095475 1256050.0 1862330.0 1987480.0 1903560.0 1365830.0 1869860.0 942917.0 1387760.0 1748210.0 116029.24484410067 1854380.0 1637340.0 1476320.0 1567950.0 1351200.0 344811.6643713532 1458660.0 1512010.0 506068.9391930471 1709350.0 1898660.0 1657900.0 1796150.0 1655100.0 11998.807647187496 48607.677826414816 85245.02186586778 2058710.0
2323440.0 2579530.0 2581220.0 3129990.0 3064550.0 2889330.0 2789900.0 3076390.0 2683440.0 2511720.0 2485810.0 2573200.0 2528440.0 2300210.0 2290880.0 1386930.0 2272310.0 1958450.0 786913.3528411569 1135696.5980337763 781703.0075055358 1524110.0 352378.2859789574 280478.3198930947 37684.802396769635 289100.6208699102 32921.17889265739 108510.88136331807 528935.1085854988 154266.86633956223 202454.05670063978 56061.03259369137 628376.9697549846 896640.3624377558 1441520.0 1708160.0 1822730.0 1854520.0 1191900.0 1765600.0 1890340.0 1064940.0 1690990.0 1727990.0 1754400.0 1632850.0 670542.3741326437 481656.27918908466 1189960.0 372327.3739294696 503654.4282787342 579018.9706043205 1696210.0 683659.6274664351 1815150.0 442610.77776421374 198132.33390763286 120886.3567805913 803577.0 223527.5370479253 1040220.0 1602010.0
2509420.0 2251000.0 2684860.0 2915660.0 2743550.0 3048920.0 2639170.0 2946940.0 2781320.0 2845590.0 2982210.0 2674470.0 2112980.0 2567880.0 2155290.0 1510910.0 2010670.0 1791440.0 2674980.0 308953.8766479909 214480.51376265998 552125.4203107965 274413.80308280827 267082.6544362239 328352.7581078019 160194.63917889306 252423.31472340785 75954.60250709218 394965.5448523825 291393.9977071249 152331.40670883795 103813.28594229172 772396.4487843538 924706.6540883627 1263160.0 316983.5367948448 1035200.0 917463.0 1088500.0 721900.7118655782 655537.2484460901 738042.3136568817 605376.7260294978 1826800.0 239506.40793143283 477027.9032094984 464602.8923585054 425630.41546113044 154587.32398968237 290541.53543710127 450373.07742153853 68595.66452099965 1731730.0 1820540.0 1815880.0 548770.7851363518 946180.0 178337.574603384 25898.582092097146 1027180.0 1036030.0 990050.0
2644400.0 2606320.0 2626560.0 2456740.0 2884960.0 3195860.0 2850130.0 2924830.0 1853890.0 1888180.0 2831260.0 2558930.0 2653890.0 2590660.0 1664790.0 2092350.0 1754710.0 462902.80101759615 1934730.0 686761.0309690633 300661.779480129 220714.73621196067 177696.91511407588 401054.17192843766 312014.52060391894 1413940.0 175860.24375851278 231102.35599070508 574756.8645152983 225486.42887035199 18178.84237565723 30404.458526952076 54303.28750575043 24895.25408896961 32435.827819774277 976595.0 4071.8895266838954 0.0 0.09204217448132113 304506.83310697903 353609.7140346281 433511.4299998507 27843.872529457323 330204.7842213372 230939.5080829903 295727.99956505094 401281.89552836865 411595.38665828365 401017.6105091218 308106.3784194153 525832.0955771676 481750.2715122814 264279.3643967812 1757800.0 578104.2754503409 113748.97087133233 897775.0 106359.51446548465 1387950.0 1055230.0 1033380.0 1381660.0
2731300.0 2492220.0 2382970.0 2370240.0 2584150.0 2393390.0 2468890.0 2654040.0 2767230.0 2560720.0 2725530.0 2747460.0 2783160.0 2422930.0 1710980.0 2022510.0 1254290.0 657317.2111135583 895396.5454822832 1963610.0 1062041.3085023083 676308.4679114406 520683.04582722473 21413.087036977755 488224.3515770616 438173.09536539204 277891.38811644237 41627.65205529344 147501.46184431238 0.2607721401145682 0.0 1512.2278748382814 3273.067900882219 38378.699904846726 7878.386535613128 0.5525198301766068 8166.058350733016 0.1861577625386417 -2.2122209446970373 234720.70091272448 241658.88938025245 408339.2136756135 562228.9115516234 663434.4843808587 231579.47718606703 120326.94007658027 326292.7375275644 271671.5883586302 896543.0 806043.0 241338.53963892767 52513.61282332335 124517.02011167142 79305.42342913826 77609.13238532376 99550.02509004949 863309.0 1499680.0 1697150.0 1636410.0 1143280.0 1129420.0
2260610.0 2064250.0 1957230.0 2327560.0 2113740.0 2196190.0 2521290.0 2796070.0 2768870.0 2828360.0 2407000.0 1988150.0 2632680.0 1029965.8134935183 501279.2939036274 827999.2771765182 377576.9093018807 92722.0628122068 809017.3875943809 835782.6316425945 1117212.064592857 802879.4242441212 628733.3543833293 1786290.0 1677130.0 149866.91317059612 198962.81573486316 594564.5164296784 181767.30890842716 5070.916869902911 0.44403086687088944 84820.0 -0.0027098665304947644 0.0 0.0 0.49700918002054095 933224.0 -3.6422719634138048 2.409212371567264 95049.11453457712 890155.0 94577.03381854529 333470.8626160864 382657.30140807806 342433.12377910805 1014740.0 1551360.0 183970.80357617326 1806.3427741428313 0.0 28700.121000975836 464804.24526897515 243287.83605362102 31198.047255144455 59242.61016744189 112083.75961259613 17850.933381647803 1222800.0 1517340.0 1511300.0 1044760.0 1110860.0
629683.1715780915 1818280.0 2102230.0 2346120.0 2309730.0 2503570.0 2233910.0 2635200.0 2671990.0 2288930.0 1359830.0 627280.5268665804 842867.4696157242 45887.5571745989 48821.74836428737 24766.78512578446 132411.66764828528 26222.673370444143 49271.14449961722 381424.40820784704 274872.29430984065 40638.616486180574 827375.4714905099 1829900.0 1955190.0 1029050.0 53757.499999972584 0.001208467030664906 0.04638066588086076 0.39776622416684404 -0.0038086329150246456 -0.0019043512147618458 0.0 0.0 0.0 0.0 0.05615178734296933 764573.0 -4.603272350272164 47501.279907111544 0.0 764817.0 61221.941262339475 299124.2367533797 1445670.0 516215.6970361923 249078.30043437425 1108840.0 296333.72668401536 1054330.0 226973.51092731417 520037.91979254596 472072.686691771 139813.00300501706 420311.4999001594 772252.0 0.0 910660.0 314093.22199130687 559372.962953233 610336.0884914959 1141300.0
1965280.0 2005190.0 1065524.9202712635 2360090.0 1415263.5696415608 2457220.0 2489180.0 2688140.0 2195050.0 1001580.0 192241.85874898825 18923.30026273383 72247.12001036198 12278.63348384833 2867.7685847306857 170706.3872529662 43372.351913564766 81040.69201665322 152161.1404648534 309971.9691452533 1015580.0 819255.0 71769.64549201808 66915.82614137151 0.007458654203219339 109817.70735145675 -0.26837145452736877 -0.018218949138827156 -0.0011719297035597265 0.0048034286592155695 -0.050329671379586216 0.0 0.0 0.0 0.0 0.0 0.0 0.0 0.19403173367027193 142554.30180501007 29613.859099200694 201.93100052257068 15687.399902717676 139790.84488185914 159616.32908571325 282203.5479724521 208528.22059694212 198445.30731179495 1707610.0 1273060.0 90236.68266302743 121154.4548921755 57727.62908857595 7076.978913709987 0.7943704589270055 -0.20825191965559497 1595.247772259434 20305.920715714106 32621.040298784035 867758.0 466159.956419992 888139.1475164972
2259530.0 2171850.0 1031818.6332310328 2128100.0 1459779.6734535198 2600950.0 2792580.0 2229690.0 784090.0175288763 200563.11704978452 231313.36136640725 165502.39823906904 160639.6273167352 23443.454742545742 222652.36420365126 523013.52445601067 432322.86952778976 35817.3480988669 0.050177027987956535 193716.07429485137 328901.1514891694 54925.68826283605 83442.27943422878 87210.4876708127 6781.465124691924 -0.001410039738402702 7479.12691052298 -0.011199899796338286 0.00047002128849271685 -0.050006134471914265 -0.0014098554820520803 0.0 0.0 0.0 0.0 0.0 0.0 0.0 -0.20388788892887533 851631.0 4298.720397042809 -1.2600717849563807 -3.062743747839704 28663.413391417358 50691.90696651605 134597.87437312026 210106.5476511079 30448.810579153243 6905.341187086422 1201980.0 406207.8147902626 84818.21807797044 34940.7095347303 49163.8464344854 97206.4883436854 134175.57281638356 894921.0 809088.0 85702.6807247827 483359.6291108823 347744.11211013806 177188.66690015455
2405880.0 2191310.0 2357900.0 1369191.17168543 2322170.0 2301260.0 2000940.0 305678.3169089659 28786.034973498026 132245.68215867813 941804.5156189983 329664.154399685 24624.59716792032 6088.492584052816 117382.63308676795 48732.399902502046 128134.56184389896 6678.124144866626 145872.63919127051 191626.3500745272 168153.19404677453 172496.89016032725 171768.85235582493 117501.73390192477 12439.75495617633 0.0 8429.937866101522 5655.787176509795 -0.04920040114666335 -0.003320294024888426 -0.02092290482687531 13785.510449195943 0.0 0.0 0.0 0.0 0.0 0.0 0.0 0.0 -0.515838454477489 4.032288721064106 895478.0 72518.51798838167 0.0008727650856599212 0.042114094423595816 916192.0 275850.02250799956 94041.73980571097 987316.0 309897.6202767561 10532.405088705244 32757.095944738947 62421.370315031614 895093.0 767213.0 21284.37043751753 -0.19766197528224438 21077.14544764522 145563.58507978282 0.05721945263212547 22174.883422465005
2610660.0 2241720.0 2458950.0 2382750.0 2710310.0 1347300.0 284547.5196837568 173725.03024316073 186272.45227385848 443286.2379533754 82934.32162553212 11000.839599842322 0.38186649791896343 30129.411514312655 24440.901031469723 66032.28407187946 121097.28211946588 11164.353271189379 82560.517251293 108318.42414809694 38594.80969123758 0.14184643025510013 21872.533142259083 -0.011810380266979337 0.0 0.0 4523.650744612336 0.050073279737262055 0.0 0.0 8514.066485561969 -0.022399904519261327 0.03859255768475123 0.0 0.0 0.0 0.0 0.0 0.0 0.0 0.1550903334573377 -4.842988681979477 4.244230923475698 20166.507109185215 -0.3385009673656896 -0.1394040081067942 1364.6640018428443 67140.72433515266 186051.87561001023 76565.71849669423 151325.80024535535 340419.93781936774 64907.386474767234 190002.27645826782 1946.3867676105438 0.0 0.0 896186.0 938921.0 8639.391937084787 5423.628692113096 386512.06389443204
