Model Version1.4/trunk/output/2010/n_up_max.asc
ncols 720
nrows 360
xllcorner -180.0
yllcorner -90.0
cellsize 0.5
NODATA_value -9999.0
[rows 58 to 86 of 360, columns 330 to 395 of 720]
-9999.0 -9999.0 -9999.0 -9999.0 -9999.0 -9999.0 -9999.0 -9999.0 -9999.0 -9999.0 -9999.0 -9999.0 -9999.0 -9999.0 -9999.0 -9999.0 -9999.0 -9999.0 -9999.0 -9999.0 -9999.0 -9999.0 -9999.0 -9999.0 -9999.0 -9999.0 -9999.0 2209777.72917 479449.77300000004 -9999.0 -9999.0 -9999.0 -9999.0 -9999.0 -9999.0 -9999.0 -9999.0 -9999.0 -9999.0 1614041.7567999999 590252.0822 0.0 0.0 0.0 0.0 0.0 0.0 0.0 0.0 0.0 0.0 2826058.213 4223638.606000001 2904229.845 973382.5310000001 311936.77900000004 430511.29000000004 0.0 426902.608 266812.91769000003 0.0 773728.0210000001 411050.772 626468.843 3929873.5300000003 154055.176
-9999.0 -9999.0 -9999.0 -9999.0 -9999.0 -9999.0 -9999.0 -9999.0 -9999.0 -9999.0 -9999.0 -9999.0 -9999.0 -9999.0 -9999.0 -9999.0 -9999.0 -9999.0 -9999.0 -9999.0 -9999.0 -9999.0 -9999.0 -9999.0 -9999.0 -9999.0 514374.7763 4594822.8579 -9999.0 -9999.0 -9999.0 -9999.0 -9999.0 -9999.0 -9999.0 -9999.0 -9999.0 -9999.0 -9999.0 -9999.0 0.0 936153.9268400001 287352.78 0.0 0.0 0.0 0.0 0.0 0.0 0.0 1920347.297 743721.3476000001 7774496.95 665704.3733999999 1207014.6770000001 0.0 0.0 367338.31024 0.0 0.0 1230575.8630000001 2692687.6350000002 1798426.5750000002 0.0 1062218.96 1144192.3020000001
-9999.0 -9999.0 -9999.0 -9999.0 -9999.0 -9999.0 -9999.0 -9999.0 -9999.0 -9999.0 -9999.0 -9999.0 -9999.0 -9999.0 -9999.0 -9999.0 -9999.0 -9999.0 -9999.0 -9999.0 -9999.0 -9999.0 -9999.0 -9999.0 -9999.0 -9999.0 -9999.0 94131.12819 -9999.0 -9999.0 -9999.0 -9999.0 -9999.0 -9999.0 -9999.0 -9999.0 -9999.0 -9999.0 -9999.0 -9999.0 766139.4312 678363.10256 0.0 0.0 0.0 0.0 0.0 0.0 0.0 496367.971 1939688.938 4747181.153 9885929.02 746136.9047 392766.9009 569528.1724 0.0 644042.63 0.0 596122.7228000001 376797.2472 569337.263 2699908.5300000003 2607831.8200000003 3554069.2 5569552.23
-9999.0 -9999.0 -9999.0 -9999.0 -9999.0 -9999.0 -9999.0 -9999.0 -9999.0 -9999.0 -9999.0 -9999.0 -9999.0 -9999.0 -9999.0 -9999.0 -9999.0 -9999.0 -9999.0 -9999.0 -9999.0 -9999.0 -9999.0 3093731.3175999997 702579.5480000001 -9999.0 -9999.0 -9999.0 -9999.0 -9999.0 -9999.0 -9999.0 -9999.0 -9999.0 -9999.0 -9999.0 -9999.0 -9999.0 -9999.0 -9999.0 2121304.7460000003 811999.2353000001 1217408.21081 0.0 0.0 0.0 898447.6490000001 898447.6490000001 0.0 2199369.271 7559517.9 6276454.899 7310736.587 764888.8687 0.0 610910.0800000001 1526513.681 1411491.3560000001 2223980.341 1063964.4510000001 3759973.58 1448919.956 1640836.868 2443309.583 1675321.791 2687245.187
-9999.0 -9999.0 -9999.0 -9999.0 -9999.0 -9999.0 -9999.0 -9999.0 -9999.0 -9999.0 -9999.0 -9999.0 -9999.0 -9999.0 -9999.0 -9999.0 -9999.0 -9999.0 -9999.0 117356.1983 2112185.8208 611852.8570000001 1305904.2161 4284100.26033 1452058.8031400002 -9999.0 -9999.0 -9999.0 -9999.0 -9999.0 -9999.0 -9999.0 -9999.0 -9999.0 -9999.0 -9999.0 -9999.0 -9999.0 -9999.0 -9999.0 -9999.0 4658095.2 683404.5702 744804.52893 903553.72217 1406225.3403 804430.066 1539080.1569 0.0 377761.32790000003 -9999.0 -9999.0 396118.173 0.0 1030708.316 327759.5431 1284177.62 1789728.5450000002 1361831.372 915751.903 1186250.043 627376.31 737212.773 2350775.02 1543277.692 603842.0773
-9999.0 -9999.0 -9999.0 -9999.0 -9999.0 -9999.0 -9999.0 -9999.0 -9999.0 -9999.0 -9999.0 -9999.0 -9999.0 -9999.0 -9999.0 1259954.96 7731818.930000001 4667754.0151 -9999.0 4215519.66 8476473.0501 7107758.111300001 10570506.4707 2185559.2946 -9999.0 -9999.0 -9999.0 -9999.0 -9999.0 -9999.0 -9999.0 -9999.0 -9999.0 -9999.0 -9999.0 -9999.0 -9999.0 -9999.0 -9999.0 -9999.0 -9999.0 0.0 766339.2858000001 1069179.7380000001 1155068.4882 0.0 1470894.546 2514784.085 -9999.0 -9999.0 -9999.0 -9999.0 0.0 160695.45690000002 0.0 3714837.984 4980009.408 3566592.48 838054.6020000001 1300483.7780000002 3261893.074 2521542.419 1167042.58 548334.1688000001 -9999.0 -9999.0
-9999.0 -9999.0 -9999.0 -9999.0 -9999.0 -9999.0 -9999.0 -9999.0 -9999.0 -9999.0 -9999.0 -9999.0 -9999.0 -9999.0 -9999.0 0.0 3340290.69 0.0 0.0 13022968.758800002 11528887.7836 6425821.0247 2779871.5560000003 2621517.9760000003 4960089.86 6533550.54 1716314.347 -9999.0 -9999.0 -9999.0 -9999.0 -9999.0 -9999.0 -9999.0 -9999.0 -9999.0 -9999.0 -9999.0 -9999.0 -9999.0 -9999.0 -9999.0 -9999.0 -9999.0 -9999.0 -9999.0 -9999.0 -9999.0 -9999.0 733136.822 6174730.32 -9999.0 -9999.0 610631.131 429231.6556 0.0 0.0 0.0 2147057.506 433347.74230000004 419094.5077 1634264.5 1281628.2380000001 1506947.4684 -9999.0 -9999.0
-9999.0 -9999.0 -9999.0 -9999.0 -9999.0 -9999.0 -9999.0 -9999.0 -9999.0 -9999.0 -9999.0 -9999.0 -9999.0 -9999.0 -9999.0 0.0 134664.101 0.0 4550739.6175999995 13068246.301 11509821.796 9523247.063000001 11636941.327 13194725.544 6110444.934 14529853.14 1920932.266 -9999.0 -9999.0 -9999.0 -9999.0 -9999.0 -9999.0 -9999.0 -9999.0 -9999.0 -9999.0 -9999.0 -9999.0 -9999.0 -9999.0 -9999.0 -9999.0 -9999.0 -9999.0 -9999.0 -9999.0 5077978.180000001 6021214.21 14734321.58 16928355.51 2204298.5470000003 495736.8636 166908.4868 2631940.311 758843.679 0.0 0.0 708423.8238 0.0 0.0 442636.39090000006 1618949.3760000002 1749027.885 574935.0750000001 -9999.0
-9999.0 -9999.0 -9999.0 -9999.0 -9999.0 -9999.0 -9999.0 -9999.0 -9999.0 -9999.0 -9999.0 -9999.0 -9999.0 -9999.0 0.0 -9999.0 0.0 0.0 0.0 8055810.5430000005 14107712.674 12721771.634 4537411.2696 6441132.5 10265876.39 3000410.754 -9999.0 -9999.0 -9999.0 -9999.0 -9999.0 -9999.0 -9999.0 -9999.0 -9999.0 -9999.0 -9999.0 -9999.0 -9999.0 -9999.0 -9999.0 -9999.0 -9999.0 -9999.0 -9999.0 -9999.0 9206882.41 11387981.110000001 12790659.09 13213696.43 12096558.65 -9999.0 -9999.0 -9999.0 589614.1481999999 3741360.5020000003 2150097.697 531790.2568000001 379108.9929 1340698.337 363301.00015000004 1410267.1583 3066402.79 2775875.6410000003 -9999.0 -9999.0
-9999.0 -9999.0 -9999.0 -9999.0 -9999.0 -9999.0 -9999.0 -9999.0 -9999.0 -9999.0 -9999.0 -9999.0 -9999.0 -9999.0 -9999.0 -9999.0 -9999.0 0.0 0.0 1012774.7201000002 1504891.2494 2283678.1341000004 7101617.82 13060910.06 5917367.5 -9999.0 -9999.0 -9999.0 -9999.0 -9999.0 -9999.0 -9999.0 -9999.0 -9999.0 -9999.0 -9999.0 -9999.0 -9999.0 -9999.0 -9999.0 -9999.0 -9999.0 -9999.0 -9999.0 -9999.0 -9999.0 8315081.28 11858259.699000001 10141067.31 18238921.470000003 16059105.700000001 9195336.040000001 -9999.0 -9999.0 5411222.19 6361533.167 4626104.34 5884211.41 4414197.26 4993999.23 2762855.667 2526718.865 1597918.74 326094.912 -9999.0 -9999.0
-9999.0 -9999.0 -9999.0 -9999.0 -9999.0 -9999.0 -9999.0 -9999.0 -9999.0 -9999.0 -9999.0 -9999.0 -9999.0 -9999.0 -9999.0 -9999.0 -9999.0 814327.459 6576487.5 1206844.012 1580013.039 2587221.373 5982719.248000001 4614334.34 8076880.0200000005 12188023.32 4334785.07 -9999.0 -9999.0 -9999.0 -9999.0 -9999.0 -9999.0 -9999.0 -9999.0 -9999.0 -9999.0 -9999.0 -9999.0 -9999.0 -9999.0 -9999.0 -9999.0 -9999.0 -9999.0 -9999.0 9276572.58 10230915.959 13474025.290000001 17073385.45 7362841.2 1705861.4100000001 11153051.91 16392902.9 18951677.36 2962962.145 10032253.66 8330523.5200000005 5021947.095 -9999.0 -9999.0 -9999.0 -9999.0 -9999.0 -9999.0 -9999.0
-9999.0 -9999.0 -9999.0 -9999.0 -9999.0 -9999.0 -9999.0 -9999.0 -9999.0 -9999.0 -9999.0 -9999.0 -9999.0 2146448.997 4548698.9350000005 6799458.38 8415046.244 5824471.598 0.0 0.0 699498.162 774722.586 780471.054 0.0 2922133.1920000003 1306958.455 11968195.030000001 0.0 -9999.0 -9999.0 -9999.0 -9999.0 -9999.0 -9999.0 -9999.0 -9999.0 -9999.0 -9999.0 -9999.0 -9999.0 -9999.0 -9999.0 -9999.0 -9999.0 -9999.0 -9999.0 860680.0730000001 10140714.21 17010192.32 9856351.01 19390321.720000003 13864389.110000001 8593900.81 17457228.69 9902842.51 319595.16490000003 3136229.8451 1890910.7624000001 1220661.992 2009519.171 0.0 -9999.0 -9999.0 -9999.0 -9999.0 -9999.0
-9999.0 -9999.0 -9999.0 -9999.0 -9999.0 -9999.0 -9999.0 -9999.0 -9999.0 -9999.0 -9999.0 -9999.0 1480948.48 2900755.341 4594475.996 2007949.053 742795.1663 1103358.641 10058300.67 2243848.6895 10147153.577 0.0 1300208.36 3385817.0500000003 1443342.1530000002 3114207.822 11627830.17 8388302.45 1652267.892 -9999.0 -9999.0 -9999.0 -9999.0 -9999.0 -9999.0 -9999.0 -9999.0 -9999.0 -9999.0 -9999.0 -9999.0 -9999.0 -9999.0 -9999.0 -9999.0 -9999.0 118592.87220000001 8319965.83 7824743.08 16631586.73 1070404.995 2994219.734 9963516.860000001 10545343.27 3994916.904 0.0 710101.755 759853.545 -9999.0 -9999.0 -9999.0 -9999.0 -9999.0 2766826.414 6252278.46 3624503.2199999997
-9999.0 -9999.0 -9999.0 -9999.0 -9999.0 -9999.0 -9999.0 -9999.0 -9999.0 752330.1610000001 7043379.86 8655696.841 9299435.805 14984716.56 5387352.63 722695.655 10442344.0 18837349.465 13007834.422 -9999.0 0.0 0.0 555180.7778 2441920.723 2626589.9044000003 823651.653 7604467.53 15808204.610000001 14298643.26 6630500.03 -9999.0 -9999.0 -9999.0 -9999.0 -9999.0 -9999.0 -9999.0 -9999.0 -9999.0 -9999.0 -9999.0 -9999.0 -9999.0 -9999.0 -9999.0 -9999.0 -9999.0 5465929.15 23056535.48 22602013.39 17592454.220000003 9512266.83 3216148.969 6171164.010000001 10022955.360000001 11355590.07 5318062.640000001 3166609.0390000003 0.0 1270388.666 3784983.778 6368633.752 9204586.38 4656669.36 5436824.2 3966200.02
-9999.0 -9999.0 -9999.0 -9999.0 -9999.0 -9999.0 -9999.0 -9999.0 -9999.0 963917.0970000001 8326439.33 15491638.690000001 19662820.76 20400985.726 18107921.37 15688783.836000001 20223355.240000002 10964143.41 -9999.0 -9999.0 -9999.0 -9999.0 -9999.0 1429507.695 19495204.19 1785505.469 8111366.12 18141607.11 18450910.94 14043893.38 867034.696 -9999.0 -9999.0 -9999.0 -9999.0 -9999.0 -9999.0 -9999.0 -9999.0 -9999.0 -9999.0 -9999.0 -9999.0 -9999.0 8342858.48 12709387.24 157159.5135 19166691.720000003 29181478.700000003 23539411.5 19088115.2 11965617.4 13426203.780000001 11278119.93 12100489.83 10003534.860000001 13013041.47 10298808.85 2852078.1520000002 20621144.22 8025732.42 6277568.78 4518761.8 4220986.12 5058737.88 5949171.2
-9999.0 -9999.0 -9999.0 -9999.0 -9999.0 -9999.0 -9999.0 -9999.0 -9999.0 557032.905 4118546.6300000004 9360351.44 19856025.310000002 21198854.017 20196828.014000002 19974608.060000002 19667587.61 11494017.040000001 -9999.0 -9999.0 1740845.4987 13500440.701000001 2955549.399 4927133.86 19662302.88 20566391.89 3039159.9480000003 17826924.39 16820189.21 17362256.560000002 11413651.48 -9999.0 -9999.0 -9999.0 -9999.0 -9999.0 -9999.0 -9999.0 -9999.0 1509696.705 0.0 25278840.95 28953988.14 18107733.05 23934577.48 21459970.29 24543627.900000002 25677031.82 19918253.3 18230046.89 16972857.88 15441310.17 16289656.46 18221195.85 12286173.35 7273094.95 6533656.470000001 8655187.200000001 8582801.700000001 23094343.28 8029954.08 3594238.08 4546430.52 3465963.04 13227313.04 14239679.0
-9999.0 -9999.0 -9999.0 -9999.0 -9999.0 -9999.0 -9999.0 -9999.0 -9999.0 -9999.0 3028479.85 15839477.5 19994739.468000002 19563493.73 20338729.488 20255075.39 19010456.740000002 13787083.75 -9999.0 -9999.0 2696483.46 6970838.996 0.0 5152470.51 21228972.27 19984283.0 20801062.150000002 18689583.0 17219380.53 18415200.76 14906834.47 13967364.84 14937424.700000001 5513656.5 -9999.0 -9999.0 -9999.0 -9999.0 -9999.0 18433102.93 0.0 20200921.62 29929109.1 13063829.020000001 13440704.42 13969000.870000001 16247461.01 14556971.22 16230370.97 12161387.81 8837857.6 9491810.57 13601529.700000001 18629096.970000003 3694605.3540000003 11709796.450000001 5855092.430000001 9113405.07 19272833.580000002 16697795.04 4481361.46 14340840.28 17539114.4 16393954.44 10896132.208 12188641.976
-9999.0 -9999.0 -9999.0 -9999.0 -9999.0 -9999.0 -9999.0 -9999.0 -9999.0 3662918.16 12070758.81 17188459.563 19922631.740000002 19431740.35 17297180.23 14715524.89 12211257.3 3781230.2 -9999.0 -9999.0 4781950.91 11652300.0 0.0 4788566.8270000005 20471090.2 19932518.54 17547610.52 19302446.900000002 21494715.330000002 19751260.54 18548966.810000002 16062530.770000001 18137110.970000003 5151093.42 -9999.0 -9999.0 -9999.0 -9999.0 2836039.173 28444323.6 18821442.310000002 14867887.540000001 26779092.23 20407473.35 17014629.61 15087751.14 18859812.51 24980942.25 23646542.04 20965689.14 25125607.32 22746525.45 25375190.17 16297683.600000001 6946100.8100000005 3143001.95 1782141.6030000001 985193.726 14714406.74 3776919.02 2901945.3 12249929.38 15428958.28 21451245.46 5627948.46 11051413.98
-9999.0 -9999.0 -9999.0 -9999.0 -9999.0 -9999.0 -9999.0 -9999.0 -9999.0 3425558.455 7947763.12 15490732.4 15987638.26 8613980.43 2326567.6610000003 -9999.0 -9999.0 -9999.0 -9999.0 5959917.227 18349624.205000002 19455428.652000003 20122992.45 19630370.87 21849062.95 23828058.98 22453452.45 22293921.87 23498863.85 14511656.72 18573589.650000002 15374586.040000001 4568554.925 -9999.0 -9999.0 -9999.0 -9999.0 5809365.98 17312716.63 28575441.400000002 32919748.400000002 24425786.66 32235911.400000002 21012086.48 15283957.040000001 25189494.880000003 32182593.3 21648054.89 14055110.190000001 10390826.71 11403752.91 9625659.01 18016786.26 18824373.04 12545266.360000001 8970929.22 5927042.44 4740685.29 0.0 5261932.52 5243499.92 17513843.9 19766347.26 6926217.92 16625967.36 19578334.74
-9999.0 -9999.0 -9999.0 -9999.0 -9999.0 -9999.0 -9999.0 -9999.0 -9999.0 -9999.0 0.0 -9999.0 -9999.0 -9999.0 -9999.0 -9999.0 -9999.0 -9999.0 -9999.0 -9999.0 -9999.0 5175716.26 13786279.859000001 12472504.22 20900918.830000002 23109465.17 20889466.62 23203366.23 23943899.32 18708344.38 22087158.28 18878585.66 9196642.51 -9999.0 -9999.0 11018897.450000001 11595062.49 12181785.22 17576164.54 15952351.8 14175481.98 17434818.61 29417125.87 15859627.74 15536553.01 14836449.870000001 7685197.96 8546856.120000001 14633052.5 7502280.390000001 9786743.23 12388418.163 10875891.950000001 3843086.2580000004 5025119.11 3023677.69 15195505.49 4051881.35 9032827.65 23576369.3 13465153.04 12681172.94 22480498.06 19277268.94 20931683.98 15069800.06
-9999.0 -9999.0 -9999.0 -9999.0 -9999.0 -9999.0 -9999.0 -9999.0 -9999.0 -9999.0 -9999.0 -9999.0 -9999.0 -9999.0 -9999.0 -9999.0 -9999.0 -9999.0 -9999.0 -9999.0 10545755.22 29109434.53 25147428.900000002 17819756.46 15188502.34 17181292.810000002 13606273.01 10932423.26 9780316.81 7227639.21 9262695.75 4243343.94 -9999.0 13208964.89 17134118.650000002 15092388.520000001 18564985.78 14377055.0 18317804.01 23518154.880000003 32272163.0 29421174.75 16529693.84 26878466.34 22214015.34 16117414.280000001 12723181.68 15182864.51 14203859.450000001 12127301.89 11023052.26 11431847.9 7793725.599 10034831.290000001 9119454.85 9207718.08 7720048.930000001 7889325.07 6985618.46 20216697.3 6569299.36 5550729.74 11913167.76 14832699.345999999 20050851.468 21200601.74
-9999.0 -9999.0 -9999.0 -9999.0 -9999.0 -9999.0 -9999.0 -9999.0 -9999.0 -9999.0 -9999.0 -9999.0 -9999.0 -9999.0 -9999.0 -9999.0 -9999.0 -9999.0 2424257.484 12075655.13 11236124.57 7285924.25 10303434.46 -9999.0 -9999.0 -9999.0 -9999.0 -9999.0 -9999.0 -9999.0 -9999.0 -9999.0 1896671.942 14809437.72 12569171.23 16255429.3 18617479.98 18220254.25 27588479.82 21058801.61 22106767.1 16663895.38 14928538.350000001 14278916.74 17619925.400000002 15357284.14 20323035.37 23087090.400000002 19586868.95 11183618.6 19997383.01 17759305.740000002 14397876.13 8200008.3440000005 8682611.3 2873523.42 9532448.82 15433695.26 22675467.4 24714509.36 22616257.132 21258813.08 15253313.44 6100675.28 6530491.8 20395441.987999998
-9999.0 -9999.0 -9999.0 -9999.0 -9999.0 -9999.0 -9999.0 -9999.0 -9999.0 -9999.0 -9999.0 -9999.0 -9999.0 -9999.0 -9999.0 -9999.0 -9999.0 -9999.0 -9999.0 0.0 -9999.0 -9999.0 -9999.0 -9999.0 -9999.0 -9999.0 5928949.180000001 3628785.16 -9999.0 -9999.0 8160058.61 16414936.34 16030516.370000001 14913025.49 13048398.55 17250332.099 17884644.470000003 15481704.81 18610971.17 17876111.220000003 24732406.93 18339025.32 16569370.51 16220966.74 17246169.05 17886021.560000002 30792932.94 17126091.51 12415455.030000001 18497943.86 26899358.09 23722317.3 12376390.4 15400668.360000001 3755336.2 8332605.4799999995 17495649.14 9051575.98 18646120.86 14560063.354 17477137.26 19024742.32 17378156.18 20448393.1 20462703.14 20855198.6
-9999.0 -9999.0 -9999.0 -9999.0 -9999.0 -9999.0 -9999.0 -9999.0 -9999.0 -9999.0 -9999.0 -9999.0 -9999.0 -9999.0 -9999.0 -9999.0 -9999.0 -9999.0 -9999.0 -9999.0 -9999.0 -9999.0 -9999.0 -9999.0 -9999.0 1468801.84 8906512.01 20117260.46 15523288.22 13161802.5 21349179.28 20954801.89 20183407.86 20032751.86 18817534.67 21595219.36 18254457.87 16007859.120000001 17310100.159 10850092.110000001 18603061.73 18755330.220000003 23633759.82 20366772.69 27653673.85 9466964.1 23611973.55 23372465.82 14256000.55 13299523.270000001 16881911.09 16918080.3 14147575.31 11018120.63 15923974.33 8150560.220000001 3618002.26 18658865.12 21772091.62 14218087.092 10284657.459999999 14549326.86 16249129.7 20367785.16 24428526.58 23371149.4
-9999.0 -9999.0 -9999.0 -9999.0 -9999.0 -9999.0 -9999.0 -9999.0 -9999.0 -9999.0 -9999.0 -9999.0 -9999.0 -9999.0 -9999.0 -9999.0 -9999.0 -9999.0 -9999.0 -9999.0 2382767.057 7838984.78 10326185.870000001 16785714.88 5785767.13 6352904.58 8523469.13 21248898.880000003 19149872.39 18043574.78 17852865.470000003 11443264.8 13923992.39 21665286.17 10052509.83 18480842.05 15809887.72 15312581.68 14288384.528 14616904.06 16552198.08 19938038.67 23100225.720000003 24464886.6 16630421.5 19722318.11 15990545.450000001 17338033.900000002 16484779.520000001 12766612.98 26651517.2 21784186.71 18847936.580000002 21310703.150000002 23427055.080000002 20194130.330000002 14854705.14 6876704.890000001 5496878.8 3041160.98 10148622.473000001 10742314.22 16823119.94 29125985.5 18090070.76 13919407.62
-9999.0 -9999.0 -9999.0 -9999.0 -9999.0 -9999.0 -9999.0 -9999.0 -9999.0 -9999.0 -9999.0 -9999.0 -9999.0 -9999.0 -9999.0 -9999.0 -9999.0 -9999.0 -9999.0 -9999.0 5971038.7 18905762.59 21512452.720000003 19802154.02 20451163.59 18752811.44 22085286.85 22805281.29 18658227.720000003 15149061.07 15557068.120000001 12439524.68 11398159.806 14407370.989 14606775.975000001 17660072.87 15993899.9 14738873.039 15274482.190000001 10776941.56 17530061.45 23245867.7 24306803.73 14449875.99 4728244.4 26720971.970000003 6420273.706 21831819.900000002 18053649.900000002 29674135.59 30830338.0 19588787.46 16463464.05 16023466.14 25366162.580000002 26420931.130000003 15416816.8 15074992.46 16225945.450000001 10770832.93 8458275.1 12995986.74 12299979.56 20523808.03 15721521.3 20295757.298
-9999.0 -9999.0 -9999.0 -9999.0 -9999.0 -9999.0 -9999.0 -9999.0 -9999.0 -9999.0 -9999.0 -9999.0 -9999.0 -9999.0 -9999.0 -9999.0 -9999.0 -9999.0 -9999.0 -9999.0 -9999.0 6305789.2700000005 9356255.48 17149043.01 21624985.69 20923552.54 19179897.66 19285933.59 19188360.29 16746261.84 13456287.9 9963429.762 16858135.69 16080291.700000001 14479053.82 14457985.520000001 11288124.43 13361892.5 15643306.91 11361310.290000001 17847957.38 22176598.51 18356444.92 10128826.51 16929732.6 16015709.71 13939905.43 22802844.900000002 19289182.11 28865312.96 21736200.42 21234963.2 9747742.158 8346460.100000001 10288674.88 0.0 6968381.42 4073632.31 4230761.8100000005 2845350.42 1903362.01 1426006.12 10958187.790000001 13647550.4 20926847.9 24035813.1
-9999.0 -9999.0 -9999.0 -9999.0 -9999.0 -9999.0 -9999.0 -9999.0 -9999.0 -9999.0 -9999.0 -9999.0 -9999.0 -9999.0 -9999.0 -9999.0 -9999.0 -9999.0 -9999.0 -9999.0 -9999.0 -9999.0 -9999.0 -9999.0 -9999.0 10708652.02 22226173.75 22782165.01 22187791.78 21412066.39 17039334.84 17360090.88 14210921.450000001 10985717.82 12218366.38 18228799.27 17984630.62 17274593.6 14193360.610000001 16400435.700000001 15081301.18 14292452.24 15129146.23 14456067.01 12249874.67 15269468.17 14650827.554000001 9711568.24 9918915.622 0.0 0.0 3992647.648 488308.34580000007 0.0 495231.3421 2380793.228 0.0 0.0 0.0 0.0 4926462.97 7437907.906 13258810.84 20050639.394 19701609.194 14702376.9
-9999.0 -9999.0 -9999.0 -9999.0 -9999.0 -9999.0 -9999.0 -9999.0 -9999.0 -9999.0 -9999.0 -9999.0 -9999.0 -9999.0 -9999.0 -9999.0 -9999.0 -9999.0 -9999.0 -9999.0 -9999.0 -9999.0 -9999.0 -9999.0 -9999.0 2545406.094 17290883.28 20076736.35 18908269.6 17448059.86 16093321.09 13295050.67 12819260.190000001 16849131.64 16587602.24 18613442.87 21633766.11 20934357.400000002 19528666.3 19103298.5 13959325.93 10050967.96 13255527.01 14554417.13 11088387.530000001 3448954.861 6664150.46 10269322.646 7949990.004000001 8388663.789 0.0 11111974.610000001 7324228.538000001 6946158.0122 11616095.48 4396123.248000001 965567.6041000001 0.0 5045355.271000001 5359956.778 6949372.87 13996672.14 21765075.34 14829898.78 8214280.08 8748686.74
