Model Version1.4/trunk/output/2010/n_up_max.asc
ncols 720
nrows 360
xllcorner -180.0
yllcorner -90.0
cellsize 0.5
NODATA_value -9999.0
[rows 203 to 231 of 360, columns 198 to 263 of 720]
-9999.0 -9999.0 -9999.0 -9999.0 -9999.0 -9999.0 -9999.0 1480851.116 1722734.0 2398.39196 445340.14400000003 2188079.0 246682.64 112202.148 0.0 24546.010400000003 55256.7888 0.0 0.0 0.0 0.0 0.0 0.0 0.0 0.0 0.0 0.0 0.0 0.0 0.0 0.0 0.0 0.0 40928.4622 0.0 1756509.7 3770700.81 5645072.1899999995 13825714.95 10349493.75 4237729.06 0.0 50791.3199 880273.379 1494530.69 1876050.13 911855.367 1202660.5289999999 1295639.105 1747108.7 5452539.71 4344605.0 1793563.07 141440.731 0.0 0.0 730628.2609999999 2087720.3599999999 1268922.8059999999 10644900.03 822980.999 1182295.277 2220328.18 10892307.49 1345632.28 10381685.459999999
-9999.0 -9999.0 -9999.0 -9999.0 -9999.0 -9999.0 -9999.0 0.0 512507.62 125552.91520000002 492826.016 2554410.84 1119040.208 324610.884 20884.377200000003 26928.883199999997 0.0 359094.672 0.0 0.0 0.0 0.0 0.0 0.0 0.0 0.0 0.0 0.0 121322.6036 599.34138 0.0 13135.5978 0.0 61718.3708 873946.5059999999 1058267.884 921499.45 2490257.75 4094350.38 3201846.3 1547820.93 126448.6877 506642.72099999996 33214.6731 0.0 474789.447 166131.786 0.0 520558.887 4382047.84 7161305.76 4078744.7199999997 303800.02999999997 160892.743 0.0 261075.171 267551.11699999997 1864218.3 1567576.46 1382900.53 896195.987 2852585.7199999997 10365730.62 8374921.14 1394396.6099999999 8211290.02
-9999.0 -9999.0 -9999.0 -9999.0 -9999.0 -9999.0 -9999.0 -9999.0 869984.5 869540.22 622990.8640000001 1158620.96 1895620.2 1064450.452 302422.928 1714.67568 1103717.144 877086.8520000001 677637.304 28201.975199999997 294988.132 196223.15600000002 23253.462 369179.828 0.0 0.0 0.0 0.0 0.0 4820974.2 0.0 26312.100000000002 3321.0696000000003 0.0 0.0 0.0 0.0 306773.432 365720.388 3677859.2199999997 4217597.49 1369228.79 40500.9853 913438.764 3688871.82 4406275.56 103097.5438 215559.558 1709397.26 9963058.93 15216660.049999999 2283838.65 40233191.1 110768.89409999999 7750882.76 23130891.9 2716311.51 3778530.5 1195538.5999999999 1551111.28 315232.989 8924799.06 10520377.07 11179118.57 10074541.36 117250.3464
-9999.0 -9999.0 -9999.0 -9999.0 -9999.0 -9999.0 -9999.0 -9999.0 -9999.0 3661234.88 144268.5932 546122.764 1226120.8800000001 1984154.48 1236178.46 803500.296 869187.86 1989378.6 1497920.66 191657.796 1516.9159280000001 0.0 0.0 0.0 0.0 0.0 0.0 0.0 5055105.164 0.0 450277.78 5703142.696 5967390.3441200005 114943.04920000001 97946.888 94164.5332 0.0 286361.44 39532.413700000005 3266619.19 6562247.18 3684332.48 899271.4569999999 3966295.33 14314875.84 11796294.22 9027511.7 1361869.15 377150.66099999996 8839343.97 9270809.58 9734601.2 1792475.24 40686587.9 43911130.9 2175149.66 4412131.04 11376270.97 11985039.44 10136977.43 8096710.632 12282903.41 12770587.0 12346333.299999999 11550632.66 3905349.9899999998
-9999.0 -9999.0 -9999.0 -9999.0 -9999.0 -9999.0 -9999.0 -9999.0 -9999.0 3736440.7600000002 0.0 101434.1796 1457737.832 1923104.28 1190469.708 1646164.6400000001 1667658.6 777823.976 1201175.324 718642.816 268070.892 113364.936 103887.21800000001 0.0 21126.4332 297820.8 166732.15600000002 0.0 125497.76320000002 5477779.368 4817157.58968 4830499.2568 6290051.896 0.0 815526.496 17424.8148 61833.2052 0.0 10990.21564 0.0 190392.364 2363223.38 3121185.7199999997 9220165.049999999 16102583.43 10715246.37 17935308.38 9088363.03 42526632.199999996 7257948.04 8155891.27 7076683.33 33790014.3 3856236.48 11226580.19 29775330.68 12785051.11 11684382.03 12865040.19 312647.714 11851464.66 12640517.45 11590707.78 13394249.34 2635462.91 2463209.73
-9999.0 -9999.0 -9999.0 -9999.0 -9999.0 -9999.0 -9999.0 -9999.0 -9999.0 0.0 1668792.28 43640.858400000005 462204.4 437094.92 1047950.812 773640.084 504588.712 1052609.624 1187345.96 680345.88 112552.21 0.0 0.0 403444.54 309168.324 0.0 247107.00400000002 43804.0164 45877.7316 105273.9844 233885.844 5095845.64 5739674.768 32427.078 327114.172 0.0 126435.96 0.0 0.0 0.0 0.0 3696150.88 1886659.83 12714597.33 10280087.51 11667473.66 14825793.33 7163508.28 34739649.6 34732128.8 30196280.599999998 14020825.99 16011366.87 15446084.74 17770817.74 15198314.67 13769859.58 12251289.19 10640991.9 9145064.49 11807817.16 12999219.32 13665495.049999999 14419952.16 12895580.01 15398958.87
-9999.0 -9999.0 -9999.0 -9999.0 -9999.0 -9999.0 -9999.0 -9999.0 -9999.0 -9999.0 0.0 146611.9404 0.0 34857.442800000004 155677.244 436077.672 173966.26 209329.416 263212.92 18234001.88 20519010.52 19693539.812 352269.612 34588.4236 275311.124 4995629.86 140704.7016 684224.904 612557.944 0.0 59506.556800000006 3547425.664 6489081.676 66640.31480000001 0.0 0.0 0.0 0.0 0.0 4526.89148 0.0 2025472.31 3721842.4699999997 2433945.76 9304532.31 10804663.31 23692709.09 24849891.61 10646860.81 25212380.74 26225123.61 16144082.129999999 17407334.79 19371915.48 18907452.36 15012322.6 16675117.76 10773801.17 10101831.12 12406190.81 13657477.34 16569490.81 7598841.7299999995 17155173.11 13322640.58 13663077.65
-9999.0 -9999.0 -9999.0 -9999.0 -9999.0 -9999.0 -9999.0 -9999.0 -9999.0 -9999.0 -9999.0 0.0 0.0 9467.9132 114745.8808 96781.49560000001 105250.3916 30227.892 191878.404 290.94518400000004 0.0 22730835.52 1000279.568 5544171.652 5115824.4520000005 271831.952 383963.628 638782.72 0.0 0.0 440620.052 444894.332 185849.984 352332.424 100184.22080000001 0.0 0.0 0.0 0.0 151137.4684 708044.4400000001 5024297.3 10881053.15 14282388.67 15260656.73 14116662.469999999 6027666.03 10254449.64 14165050.76 7296263.83 13961787.709999999 17097424.11 19733504.8 20583032.88 15383057.75 14779204.66 13014328.07 13564689.469999999 12708312.09 14754090.56 14679809.23 14760281.79 18220386.99 16038670.06 7316234.24 4775049.93
-9999.0 -9999.0 -9999.0 -9999.0 -9999.0 -9999.0 -9999.0 -9999.0 -9999.0 -9999.0 -9999.0 -9999.0 0.0 40418.2964 331.751536 5344.70372 107372.0584 489570.516 762004.544 171394.032 105085.242 21622004.56 8926170.424 113709.636 5252777.592 19726.798 124928.62520000001 900362.528 0.0 0.0 0.0 128765.2128 427041.936 251474.736 267049.048 332802.488 0.0 0.0 839365.948 673928.332 476330.972 6364519.352 10731066.91 15630908.4 18643472.28 16467812.28 3295399.6799999997 3658318.57 13855677.28 4051266.94 13482954.49 18059052.4 14071067.62 13227301.01 12850978.98 12029170.42 11840854.959999999 15123455.85 17692305.96 17766654.44 14879822.219999999 8470018.97 20237532.7 16101200.139999999 16720712.61 11429064.299999999
-9999.0 -9999.0 -9999.0 -9999.0 -9999.0 -9999.0 -9999.0 -9999.0 -9999.0 -9999.0 -9999.0 -9999.0 -9999.0 -9999.0 0.0 0.0 0.0 7228.0526 1068691.028 1998647.2 50786.87239999999 138158.058 18391437.86 13246188.284 5006070.44 6181482.12 667408.14 252216.22400000002 30480.2124 0.0 0.0 406709.232 23903.796000000002 18512.688000000002 1671166.8800000001 324229.416 1674813.04 1645322.04 111842.4344 517230.776 736711.224 6346493.84 12160959.01 9115518.49 13928911.07 12239000.74 9172072.22 10168860.25 12940879.4 11112344.61 9531271.0 15739006.469999999 18395339.599999998 13670504.44 16367369.31 15370446.98 15690806.2 16461245.01 15859258.69 15378048.36 19156578.86 18815658.31 17040830.09 18374402.23 15907270.94 16504919.37
-9999.0 -9999.0 -9999.0 -9999.0 -9999.0 -9999.0 -9999.0 -9999.0 -9999.0 -9999.0 -9999.0 -9999.0 -9999.0 -9999.0 -9999.0 -9999.0 491957.37200000003 0.0 0.0 136033.0208 38298.0084 16910.6756 0.0 22366852.236 525734.908 1325319.412 0.0 0.0 148150.22160000002 0.0 566061.7440000001 2760418.88 469623.876 140736.2608 1310679.62 3203963.52 1841709.12 1567879.44 250504.98 246200.06 409157.368 52157.246399999996 19255.4016 88663.42760000001 6012350.852 694313.541 3369976.4699999997 1678575.41 775009.039 1530442.51 9024624.25 14463707.1 16841904.93 16186588.08 17213190.71 15263638.19 16235124.1 15554263.39 16886667.12 18218869.4 15787945.39 19651058.03 19995228.64 14097565.01 18721890.05 20736752.66
-9999.0 -9999.0 -9999.0 -9999.0 -9999.0 -9999.0 -9999.0 -9999.0 -9999.0 -9999.0 -9999.0 -9999.0 -9999.0 -9999.0 -9999.0 -9999.0 -9999.0 -9999.0 305067.16000000003 0.0 99769.3552 1061179.632 73187.9296 5170071.04 4701883.1076 138422.6344 585435.416 5229377.824 5358752.16 902695.764 3336864.52 4378287.48 3157574.56 3105026.96 5448895.04 12407897.8 4666563.92 5370946.88 3720553.92 420045.292 924270.92 29157.636800000004 14839.28904 15030.589880000001 5151023.3776 8109933.81 2610415.96 1505355.27 1180255.26 193052.221 4813889.49 14991788.129999999 18218976.84 15986951.129999999 14359382.86 14204991.58 19388367.23 19693026.78 19961881.95 25049918.03 21368352.13 18386932.419999998 17244616.91 16477898.209999999 16555845.93 20147699.43
-9999.0 -9999.0 -9999.0 -9999.0 -9999.0 -9999.0 -9999.0 -9999.0 -9999.0 -9999.0 -9999.0 -9999.0 -9999.0 -9999.0 -9999.0 -9999.0 -9999.0 -9999.0 -9999.0 6379.73824 11689.86472 218002.068 15541.2208 8249.52892 4397608.4512 28289.146 357288.444 83247.348 5900106.574 4684534.28 943152.8200000001 5550910.92 75035.9812 276227.26 918590.264 11342207.96 10852825.88 7571634.24 7881511.88 4994502.308 6160119.9120000005 269403.732 261639.556 0.0 0.0 28945.3016 493359.152 2088647.03 10345827.36 11106771.16 3280935.57 12685816.84 20936671.64 16608034.91 16373278.51 15301228.76 20304414.099999998 24002069.14 18128874.97 21064189.49 18902711.57 20429420.54 22419558.52 20718783.32 20101110.759999998 6731089.14
-9999.0 -9999.0 -9999.0 -9999.0 -9999.0 -9999.0 -9999.0 -9999.0 -9999.0 -9999.0 -9999.0 -9999.0 -9999.0 -9999.0 -9999.0 -9999.0 -9999.0 -9999.0 -9999.0 -9999.0 0.0 234055.896 9436.23144 31918.9136 56915.1788 0.0 20512.8672 26390.5384 5247212.41816 0.0 82708.3904 4807023.808 155923.896 553726.08 806882.952 4270174.24 6642782.64 5280583.392 429529.904 16589.108799999998 1967179.92 1473655.312 733005.316 130727.70479999999 47732.524 89367.0752 116491.1352 7877393.359999999 2024935.1099999999 1980025.19 11802673.47 11867929.84 20757555.73 20306630.05 20396382.74 16168229.27 18652913.57 19981731.49 19410969.919999998 16761754.69 19552750.43 22084023.4 22464750.47 19810619.86 16530503.52 17124284.11
-9999.0 -9999.0 -9999.0 -9999.0 -9999.0 -9999.0 -9999.0 -9999.0 -9999.0 -9999.0 -9999.0 -9999.0 -9999.0 -9999.0 -9999.0 -9999.0 -9999.0 -9999.0 -9999.0 -9999.0 -9999.0 0.0 1915.16852 42296.988 2157.02536 0.0 7478.595880000001 5650.536880000001 4719928.076 4519547.378400001 7068234.36 6098279.2 102509.7968 0.0 74075.72360000001 2076151.08 0.0 4786427.6 13512.178719999998 150439.7956 1382539.612 5240899.996 2403600.7600000002 416901.628 425257.156 194640.6 397877.252 3147333.9299999997 9925750.39 4852702.1899999995 4211137.66 14588592.67 22880274.669999998 22193075.0 20358241.54 16106746.73 25149555.2 17727049.37 17329682.53 18060247.669999998 20043321.47 12785722.61 17363579.85 18005171.24 16059513.42 18660407.509999998
-9999.0 -9999.0 -9999.0 -9999.0 -9999.0 -9999.0 -9999.0 -9999.0 -9999.0 -9999.0 -9999.0 -9999.0 -9999.0 -9999.0 -9999.0 -9999.0 -9999.0 -9999.0 -9999.0 -9999.0 -9999.0 0.0 0.0 0.0 17833.0928 0.0 0.0 1367.288552 29235.922000000002 4440487.9056 5097225.0528 7275360.76 6112485.436 312210.876 284869.272 399508.832 234268.844 0.0 0.0 0.0 20939.9888 155622.092 1044554.368 233827.628 0.0 183279.288 9620862.53 11557079.06 2472355.56 15585246.4 10916387.48 15530492.29 22704113.36 21698582.4 17756111.89 17704312.38 14064151.17 12516464.54 18129412.169999998 14542541.2 15470607.92 17206233.97 13252052.5 13903313.49 13444840.15 14965075.86
-9999.0 -9999.0 -9999.0 -9999.0 -9999.0 -9999.0 -9999.0 -9999.0 -9999.0 -9999.0 -9999.0 -9999.0 -9999.0 -9999.0 -9999.0 -9999.0 -9999.0 -9999.0 -9999.0 -9999.0 -9999.0 0.0 0.0 0.0 0.0 0.0 0.0 0.0 0.0 999.368028 5326486.708 5245816.184 5281508.8732 1331487.244 1399796.06 0.0 312649.028 0.0 0.0 0.0 0.0 9676.050720000001 307002.076 926446.36 8159294.12 123550.13160000001 3436602.6999999997 8386873.84 3583540.33 3025362.67 3999306.27 17489257.79 21601107.46 23963686.2 15509823.52 17151130.68 14834563.12 15215505.07 14204252.93 14317575.27 16622445.299999999 18422642.79 17254407.38 20037412.27 14092783.93 13992340.959999999
-9999.0 -9999.0 -9999.0 -9999.0 -9999.0 -9999.0 -9999.0 -9999.0 -9999.0 -9999.0 -9999.0 -9999.0 -9999.0 -9999.0 -9999.0 -9999.0 -9999.0 -9999.0 -9999.0 -9999.0 -9999.0 0.0 0.0 0.0 0.0 0.0 0.0 0.0 0.0 0.0 0.0 5024311.198 4986204.6896 218483.116 1072159.476 0.0 81353.6428 0.0 0.0 0.0 0.0 0.0 869434.512 7083073.312 293871.304 611628.02 2531998.19 11097088.129999999 10526447.43 15284844.16 16750016.87 20967614.36 10532141.75 14203635.15 18507654.69 17592829.95 15514362.86 19343618.47 18392761.04 17589015.83 24408675.82 23628339.099999998 22763272.509999998 21697252.83 16948552.56 18865658.2
-9999.0 -9999.0 -9999.0 -9999.0 -9999.0 -9999.0 -9999.0 -9999.0 -9999.0 -9999.0 -9999.0 -9999.0 -9999.0 -9999.0 -9999.0 -9999.0 -9999.0 -9999.0 -9999.0 -9999.0 -9999.0 0.0 0.0 0.0 0.0 0.0 0.0 0.0 0.0 0.0 0.0 73454.3444 637843.604 205583.676 547838.604 0.0 0.0 0.0 0.0 0.0 0.0 0.0 51177.685600000004 0.0 430688.096 584837.936 9330147.349 9418738.344 12645499.98 15728678.799999999 16169384.25 16733403.959999999 16231377.129999999 11423007.37 18287066.94 17090829.98 16779724.03 17986758.71 19316301.849999998 21312483.33 21386536.349999998 23258987.24 24071649.97 23673611.63 25723472.82 23778969.98
-9999.0 -9999.0 -9999.0 -9999.0 -9999.0 -9999.0 -9999.0 -9999.0 -9999.0 -9999.0 -9999.0 -9999.0 -9999.0 -9999.0 -9999.0 -9999.0 -9999.0 -9999.0 -9999.0 -9999.0 -9999.0 0.0 0.0 0.0 0.0 0.0 0.0 0.0 0.0 0.0 1915.2604400000002 23037.45 5193556.600000001 134933.3512 5410149.228 5509298.7360000005 5709871.24 0.0 6132596.0 7546172.4 6236603.48 0.0 0.0 6251.98476 261386.776 740113.796 10480852.58 12632620.61 13386580.81 18869136.57 16607000.799999999 23294093.259999998 19687090.72 18887817.7 19907436.73 19131343.89 22431403.78 20623766.07 20417373.83 20823376.16 23937672.29 21470514.14 20625189.65 25667577.16 25130269.72 25131894.75
-9999.0 -9999.0 -9999.0 -9999.0 -9999.0 -9999.0 -9999.0 -9999.0 -9999.0 -9999.0 -9999.0 -9999.0 -9999.0 -9999.0 -9999.0 -9999.0 -9999.0 -9999.0 -9999.0 -9999.0 -9999.0 0.0 0.0 0.0 0.0 0.0 0.0 0.0 0.0 0.0 4421.934160000001 4399863.83096 6427628.5600000005 156144.50400000002 2218872.2 7889754.04 0.0 22870.7684 6114472.44 347633.78 6219291.88 0.0 0.0 283586.988 133539.69079999998 898395.4400000001 15025698.879999999 13426306.75 16195975.65 20962685.55 21614309.15 25089026.189999998 22563514.69 22691502.59 23497074.28 18142318.4 17952324.19 20085035.05 19746155.86 18777920.009999998 20986846.12 19282444.82 22122849.53 20779352.62 22060776.07 21783379.419999998
-9999.0 -9999.0 -9999.0 -9999.0 -9999.0 -9999.0 -9999.0 -9999.0 -9999.0 -9999.0 -9999.0 -9999.0 -9999.0 -9999.0 -9999.0 -9999.0 -9999.0 -9999.0 -9999.0 -9999.0 -9999.0 0.0 0.0 0.0 120936.9992 0.0 0.0 0.0 0.0 0.0 0.0 13290.666840000002 428748.58400000003 50417.200800000006 7754876.76 1865945.36 0.0 180497.176 1425172.108 0.0 0.0 0.0 6260043.08 1169619.188 64345.225600000005 7105658.056 9435312.24 12389084.84 15603619.16 16533068.24 22092564.88 22965676.04 25372157.45 25825272.22 25666811.65 22499198.419999998 19476347.16 21315303.63 21593828.4 15320272.5 18459091.81 23863780.43 23879923.29 22451696.509999998 21026504.91 22948928.83
-9999.0 -9999.0 -9999.0 -9999.0 -9999.0 -9999.0 -9999.0 -9999.0 -9999.0 -9999.0 -9999.0 -9999.0 -9999.0 -9999.0 -9999.0 -9999.0 -9999.0 -9999.0 -9999.0 -9999.0 -9999.0 0.0 0.0 0.0 0.0 89004.9104 0.0 0.0 0.0 0.0 30416.0216 0.0 0.0 2933213.16 9112320.68 4768181.48 176728.456 0.0 0.0 0.0 368505.748 3177674.4 0.0 965984.216 57891.3692 838690.336 1586355.36 10238968.8 14240828.56 8457482.6 25189281.88 25890206.27 25932027.29 26756723.3 21943935.07 21404922.02 20644434.84 18040975.62 20178131.81 21515531.5 17071799.669999998 18407305.73 24104432.599999998 20480642.56 16084291.77 12760930.83
-9999.0 -9999.0 -9999.0 -9999.0 -9999.0 -9999.0 -9999.0 -9999.0 -9999.0 -9999.0 -9999.0 -9999.0 -9999.0 -9999.0 -9999.0 -9999.0 -9999.0 -9999.0 -9999.0 -9999.0 0.0 0.0 0.0 0.0 0.0 0.0 0.0 0.0 0.0 0.0 0.0 47614.2536 0.0 4452283.08 7234747.44 5231825.96 0.0 0.0 1006141.0 0.0 0.0 0.0 3273776.7600000002 474022.248 428442.184 737587.528 609017.492 16514010.16 12545915.68 8861516.96 19594019.56 24514343.06 23079790.75 21440887.56 19529932.86 25739736.55 19825177.98 20157060.14 18492653.38 21852449.91 18916329.59 26265601.63 20413009.08 18515094.91 12788220.59 13443362.85
-9999.0 -9999.0 -9999.0 -9999.0 -9999.0 -9999.0 -9999.0 -9999.0 -9999.0 -9999.0 -9999.0 -9999.0 -9999.0 -9999.0 -9999.0 -9999.0 -9999.0 -9999.0 -9999.0 -9999.0 -9999.0 0.0 0.0 0.0 0.0 0.0 0.0 0.0 0.0 0.0 0.0 161480.46 12446228.44 3077037.32 7094814.5600000005 950056.012 0.0 0.0 49384.63280000001 0.0 0.0 0.0 3141212.8000000003 1349557.1840000001 757714.944 883354.264 445088.896 10755298.76 5592841.76 7056545.2 8679837.08 23121235.73 20996327.7 15469546.95 21750637.08 20428359.57 16333471.99 14795642.98 22588709.37 21184643.16 17588518.919999998 22074662.69 23287673.72 22891367.849999998 20917601.04 17037647.18
-9999.0 -9999.0 -9999.0 -9999.0 -9999.0 -9999.0 -9999.0 -9999.0 -9999.0 -9999.0 -9999.0 -9999.0 -9999.0 -9999.0 -9999.0 -9999.0 -9999.0 -9999.0 -9999.0 -9999.0 0.0 0.0 0.0 0.0 0.0 0.0 0.0 0.0 0.0 0.0 48208.056800000006 8594198.28 13575772.040000001 2036334.4000000001 9889412.36 464972.724 0.0 0.0 66787.6932 80166.18960000001 0.0 7435.50072 418441.288 540776.084 498632.29600000003 856391.064 208901.988 9354759.68 8178765.84 4965319.24 3408822.56 3769240.88 17487718.72 18392519.3 19614904.47 18463107.38 12574683.59 7303730.91 22101442.11 15756532.62 9990429.27 11196362.69 13553864.89 3433473.51 9117586.709999999 10936895.09
-9999.0 -9999.0 -9999.0 -9999.0 -9999.0 -9999.0 -9999.0 -9999.0 -9999.0 -9999.0 -9999.0 -9999.0 -9999.0 -9999.0 -9999.0 -9999.0 -9999.0 -9999.0 -9999.0 -9999.0 0.0 0.0 0.0 0.0 0.0 0.0 0.0 0.0 0.0 45348.732 1840943.12 6330591.68 5668200.84 6948094.92 4613311.6 796528.164 0.0 0.0 0.0 35804.2188 697891.876 151236.742 317813.4 585196.424 8523052.2 1439081.136 7907678.44 1771405.6400000001 13077902.68 14015854.36 6483316.76 5153050.5200000005 17485604.56 15495198.25 17804553.9 11468884.25 18234448.2 15628947.62 17497947.0 14386404.02 12222629.57 7469913.7299999995 12368680.82 2159879.75 1671229.2 10002113.37
-9999.0 -9999.0 -9999.0 -9999.0 -9999.0 -9999.0 -9999.0 -9999.0 -9999.0 -9999.0 -9999.0 -9999.0 -9999.0 -9999.0 -9999.0 -9999.0 -9999.0 -9999.0 -9999.0 -9999.0 0.0 0.0 0.0 0.0 0.0 0.0 0.0 0.0 0.0 30097.2124 1819510.44 6902931.5600000005 5274415.5600000005 6604528.600000001 2657070.16 348770.52400000003 0.0 0.0 71869.64360000001 0.0 25389.223199999997 279920.912 529788.58 364436.756 1226056.536 13986225.48 13476467.8 23504556.8 16666168.4 10664527.76 22772996.16 7727852.28 10162230.92 17220416.05 7054846.149999999 5100566.27 13599876.07 14054938.19 6592545.26 3223065.6999999997 14955486.84 22617261.55 8498289.12 7620759.49 906961.475 7487010.12
-9999.0 -9999.0 -9999.0 -9999.0 -9999.0 -9999.0 -9999.0 -9999.0 -9999.0 -9999.0 -9999.0 -9999.0 -9999.0 -9999.0 -9999.0 -9999.0 -9999.0 -9999.0 -9999.0 -9999.0 0.0 0.0 0.0 0.0 0.0 0.0 0.0 0.0 0.0 0.0 442964.012 915111.0920000001 7207094.84 4580986.4 2150269.24 290605.08 3614095.24 0.0 90478.0816 97635.126 2362374.64 444784.028 323380.688 1867508.0 1136537.18 2444306.0 2938421.96 22641458.64 17095205.0 18998148.16 10537938.6 9756741.16 18151672.2 2457603.7600000002 15745654.32 11664425.049999999 7114864.82 12922453.44 13135480.1 1102609.715 11844870.53 9838535.97 14316688.89 12185079.29 7756254.76 0.0
