Model Version1.4/trunk/output/2010/n_up_max.asc
ncols 720
nrows 360
xllcorner -180.0
yllcorner -90.0
cellsize 0.5
NODATA_value -9999.0
[rows 58 to 86 of 360, columns 462 to 527 of 720]
0.0 0.0 0.0 0.0 0.0 0.0 0.0 0.0 0.0 0.0 0.0 0.0 0.0 0.0 0.0 0.0 0.0 0.0 0.0 0.0 0.0 0.0 0.0 0.0 0.0 0.0 0.0 0.0 0.0 0.0 0.0 0.0 0.0 0.0 0.0 0.0 0.0 0.0 0.0 0.0 0.0 0.0 0.0 121777.4556 0.0 0.0 0.0 0.0 0.0 0.0 369.77532299999996 217622.8425 0.0 119702.3067 0.0 0.0 0.0 0.0 0.0 0.0 0.0 0.0 0.0 0.0 0.0 0.0
0.0 0.0 0.0 0.0 0.0 0.0 0.0 0.0 0.0 0.0 34624.7883 0.0 0.0 0.0 0.0 0.0 0.0 273920.133 0.0 0.0 0.0 0.0 0.0 0.0 0.0 0.0 0.0 0.0 0.0 0.0 0.0 0.0 0.0 0.0 0.0 0.0 0.0 0.0 0.0 0.0 0.0 0.0 0.0 0.0 0.0 0.0 0.0 0.0 0.0 0.0 0.0 0.0 0.0 0.0 0.0 0.0 0.0 0.0 0.0 0.0 0.0 0.0 0.0 0.0 0.0 0.0
0.0 0.0 9106.649519999999 36049.3461 0.0 0.0 57863.15640000001 5296.20846 0.0 9253.98294 14578.54866 327614.82 13037.93172 0.0 0.0 0.0 0.0 143458.32630000002 740255.991 679555.674 0.0 0.0 0.0 0.0 0.0 0.0 0.0 0.0 3910.55223 2771.57547 0.0 0.0 3007.6628100000003 0.0 0.0 0.0 0.0 0.0 0.0 0.0 0.0 0.0 0.0 0.0 0.0 0.0 0.0 0.0 0.0 0.0 0.0 0.0 0.0 0.0 0.0 0.0 0.0 0.0 0.0 0.0 0.0 0.0 0.0 0.0 0.0 0.0
5698.11165 0.0 24117.299700000003 16397.64537 30497.9223 192550.57739999998 309787.524 634898.967 188100.44819999998 19427.23365 9591.4965 287261.913 7162.527419999999 131531.54009999998 0.0 0.0 0.0 0.0 0.0 98944.362 0.0 16186.854809999999 0.0 0.0 0.0 0.0 0.0 0.0 0.0 100770.1296 340937.472 126370.56659999999 4653.93804 0.0 0.0 5038.72167 0.0 0.0 0.0 0.0 0.0 0.0 0.0 0.0 0.0 0.0 0.0 0.0 0.0 0.0 0.0 0.0 0.0 0.0 0.0 0.0 0.0 0.0 0.0 0.0 0.0 0.0 0.0 0.0 0.0 0.0
0.0 0.0 14113.61871 0.0 351723.273 48960.267900000006 182796.0147 732736.296 588374.889 328882.05 108930.6126 36354.4377 0.0 23928.6498 0.0 0.0 132515.4366 293428.302 0.0 10638.15675 0.0 46965.2175 6453.930660000001 0.0 0.0 0.0 0.0 7633.10013 124100.55119999999 245247.261 89685.6927 16421.34018 0.0 0.0 3804.48747 0.0 316.32930000000005 0.0 0.0 0.0 0.0 0.0 0.0 0.0 0.0 0.0 0.0 0.0 0.0 0.0 0.0 0.0 0.0 0.0 0.0 0.0 0.0 0.0 0.0 0.0 0.0 0.0 0.0 0.0 0.0 0.0
2073841.023 1685870.19 1160108.418 994696.647 902384.919 416978.445 951529.533 1258584.144 882231.18 514418.868 0.0 19399.11549 131427.7707 320960.667 2397.4796100000003 0.0 0.0 202528.2204 194497.5687 264380.043 9904.62186 150077.57069999998 14532.139350000001 74733.8133 334302.447 218367.8781 0.0 10195.080539999999 32335.884000000002 4343.39496 206444.67839999998 150768.3306 139553.58419999998 2407.18707 13601.060039999998 18035.67165 0.0 0.0 0.0 0.0 0.0 0.0 0.0 4058.19648 0.0 0.0 0.0 0.0 0.0 0.0 0.0 0.0 0.0 0.0 5672.8866 0.0 0.0 0.0 0.0 0.0 0.0 0.0 0.0 0.0 0.0 0.0
1366583.223 776455.731 1371817.122 1103130.888 1009781.466 1226425.194 5908981.113 5745843.183 1257933.792 534546.306 5575941.114 896385.9 1419668.205 262517.454 3883.1274599999997 0.0 10815.71241 131109.0504 304730.559 230202.8499 113580.6294 440226.138 244513.224 418224.156 723088.611 824756.322 1137580.416 122549.9877 17869.28196 463574.253 185022.753 69317.0028 122638.2156 133819.2489 73167.4692 381166.047 133854.87480000002 22208.37312 12778.10175 54861.0168 17161.28295 48458.157900000006 14515.06761 45667.3827 0.0 0.0 0.0 0.0 0.0 0.0 0.0 0.0 0.0 0.0 13277.98812 0.0 0.0 0.0 0.0 0.0 0.0 0.0 18120.958619999998 2687.7230999999997 40475.5653 101227.5279
104183.9994 1003636.596 1527389.928 355821.447 579530.58 1698755.289 7237951.515 6479939.958 4691749.314 1079919.06 516178.64400000003 7063829.331 6624743.7 886085.472 42172.458 7764.46167 28312.0701 11529.78456 223162.7895 198716.4882 75415.0092 215312.18010000003 148271.1702 1123014.444 1317572.5050000001 5234004.204 611278.278 780706.929 676554.969 6506790.888 159076.3383 311908.341 50292.0549 94896.87719999999 208086.8172 337224.249 276937.575 390863.943 116352.9939 206470.02300000002 236104.31610000003 288129.846 160901.1495 92844.68190000001 49283.292 161106.2973 72884.3748 88046.90130000001 46056.398400000005 33309.977399999996 0.0 10956.781410000001 0.0 0.0 0.0 0.0 0.0 0.0 0.0 0.0 0.0 58081.93290000001 14112.37539 0.0 0.0 284990.463
1127700.804 1635451.173 1846370.847 1685970.612 6718542.63 6446446.83 5840710.89 1882364.9610000001 5986229.541 1398510.246 1161547.8 1631838.372 768118.314 1568362.104 848008.797 40939.4193 78362.8731 232275.6078 142378.7898 769748.976 6321634.239 4801811.826 5480351.325 5589651.108 4685822.025 1683345.294 5574814.953 1251482.874 6361167.033 8123247.957 1642167.492 6866425.98 1448345.859 5510681.16 1500455.313 1377027.111 6012303.396 1070242.683 7072300.644 7665756.408 425067.198 619680.252 503066.4 685829.658 482386.641 730366.8150000001 5700842.172 222249.18839999998 153310.92 147695.1783 336428.046 279328.575 106185.5055 16479.80013 40775.8749 15416.18769 751.216335 30528.288 78262.6902 0.0 0.0 0.0 0.0 0.0 0.0 914631.621
7319472.66 2099580.138 5800300.599 5438377.32 5804384.427 6817360.269 7669682.43 4884796.263 5065809.309 4651977.42 2313751.572 1016246.73 333238.452 797828.88 2352480.99 1098009.366 659861.007 0.0 24900.8304 495831.234 1415127.696 5262875.529 6500524.077 6647266.92 6296124.66 6339796.275 5728902.948 5320558.404 5483610.258 5737156.68 2972491.2 7198488.06 5842676.292 5657918.94 4611273.036 4772852.034 5688148.353 6839314.431 8715960.12 8889498.9 4646633.535 4109177.382 1543655.901 5014902.528 1389902.646 5076824.646 5113258.704 6345379.26 841187.274 1125331.323 708168.771 1361021.757 758563.878 295164.168 1106363.52 138404.2305 50461.8159 215420.7315 341862.789 32675.8842 305435.904 222505.50360000003 63062.8641 50300.1843 756498.054 7597091.67
8362689.87 6370852.974 5591451.531 2641170.8082 6266667.54 8314845.96 7194373.149 5218436.403 4571417.457 3863540.388 2340231.897 2107374.798 0.0 541375.002 5581909.05 1519829.586 384735.81 45805.343400000005 0.0 5966503.791 5921770.572 5440567.476 6129220.905 7034489.37 5561920.29 5490596.76 5797020.147 5236871.013 6613506.0 5338584.153 5740958.37 5619758.58 6113069.7 6225671.454 5010424.185 895529.922 6989189.484 5718442.323 6144941.73 5129113.425 5222735.421 1886061.447 1814396.004 5205063.54 4442214.99 2947077.261 5134335.369 7043288.25 4594739.271 1860255.384 1713390.6 2348916.009 1516453.494 1319377.71 927514.329 554979.792 474281.151 844977.009 223756.953 166209.6477 422898.561 155934.5643 106986.0123 923734.158 6738892.431 6648077.469
6572359.281 5018862.024 5211124.725 6730091.16 7668580.1790000005 6691180.026 4580938.419 6006528.652799999 4484843.1726 4149028.179 2149300.983 1069305.411 53242.070700000004 407887.863 1365323.166 1194106.047 259550.223 127103.64719999999 496797.198 6904825.44 6978994.26 6734873.16 4603404.255 5678732.595 6289016.217 5223629.655 6817267.0200000005 6835013.022 6967087.08 1107056.91 3845160.771 1418790.708 2133969.891 1179052.311 7572801.501 1242045.888 5059216.243199999 4305890.448 4487620.08 1212209.568 2218776.27 4853256.582 2245720.449 6627263.814 7314776.7360000005 5667308.397 3642074.013 3016496.1204 4250430.489 2242820.166 74659.2141 135136.929 797188.0920000001 1518.997518 706397.04 1284131.979 963137.838 1086558.867 1418510.961 1234282.02 976620.687 1325257.179 3909567.138 7607612.07 8351557.374 7171804.5
6830283.624 5227574.805 7259219.46 5085824.37 5862846.768 6415375.785 6224145.996 5936751.1433999995 6119360.421 6335839.17 6648797.16 1193756.961 31596.1086 77350.7628 107858.9664 142480.40730000002 129543.9018 1819995.726 4754132.8950000005 4638391.758 5748117.024 4575570.624 4933768.725 4205123.43 4315154.859 5178171.963 7054836.78 7942567.26 7483514.388 6457003.095 4275393.9636 4897945.0893 1809527.4239999999 1132248.8159999999 298202.16 7421396.64 7096728.288 7695223.2 7723829.76 0.0 5843376.855 5066496.243299999 5650148.907299999 7103836.7385 7157542.185 7537891.4664 6854483.8914 5225896.801200001 4763146.965 1759228.4610000001 3041184.63 2757205.56 3875610.156 1477092.852 2446423.38 1249022.535 2622137.97 4472850.873 4013601.9390000002 2065733.142 5205448.491 2099486.889 6227612.946 5625102.465 7952657.28 1398469.599
4743093.648 4769254.5114899995 5117062.785 3777180.3372 5056305.084 2559685.05 4707694.893 5050313.238 5971178.6742 5755713.231 5118516.513 1131810.933 0.0 19272.10557 0.0 220998.45630000002 5748083.55 6043039.701 5077934.07 4643094.855 6013570.626 5387912.874 4965143.427 8050090.53 6607236.798 7673732.784 7059727.152 7438466.88 6813317.15424 7265085.359999999 7609552.848 7767808.319999999 7628303.76 7565448.384 7460368.32 7640170.944 7944688.8 7808946.72 3250782.7199999997 8136238.56 6409459.344 8083636.26 8096547.66 7870770.312 7575601.362 7615086.336 7351250.9628 7794332.433 8740252.68 473762.304 6732321.12 6421305.465 647028.51 523315.779 4595779.356 3457625.1 4236938.7933 4285038.062100001 4690256.3736000005 4930887.57 5006261.454 1997111.442 5516075.256 5683115.298 6073783.1790000005 6254822.526
6593612.88 5637934.962 4485783.792 3502743.27 3963146.3397 4364605.9991999995 4192332.7755 5929921.491 5237440.5492 5616843.951 5830525.23 70635.8784 28961.2266 49017.891 283010.715 2200477.947 6720442.2795 6727769.0208 6183795.48 5972885.37 5476598.8368 7540879.535999999 7527972.912 7357706.784 7449320.976 7057992.897600001 7344003.744 7797937.4399999995 7678501.392 7713693.024 7848416.16 8213947.68 7301966.448 84789.90239999999 7881912.4799999995 69448.06079999999 8056274.88 8068484.64 8001872.64 7571456.64 135134.2272 8044445.76 7859542.56 7945655.04 6974396.448 850132.005 1129649.469 502681.968 772687.488 54118.224 18627.4968 167855.50559999997 218004.207 258196.91700000002 473045.004 509964.435 604879.962 4088565.2883 4630982.049 4857720.579 6350070.402 5288736.585 6814206.54 347383.608 5722889.583 5790289.482
6024009.732 6116510.349 3432926.07 4296900.17175 4293753.61575 4092599.95734 4724837.28705 4366456.155 4287367.6134 5373492.9921 2035324.404 1501.849266 45543.2898 31492.578299999997 831257.451 4829525.907 6836371.11 5668022.827799999 4195418.361 5627521.6788 8474399.781 306385.92 7738504.896 7964218.56 148316.66879999998 206662.63199999998 73057.6992 64946.846399999995 58564.099200000004 84027.1584 72783.9312 132790.94879999998 76963.944 7963076.64 7642314.24 8049745.4399999995 60401.419200000004 8053756.8 7833395.52 8078322.72 7886011.68 48915.46079999999 22501.9728 3312095.04 48500.856 40768.3008 63433.655999999995 68188.1424 255179.592 895710.336 261230.5968 18411.00048 15152.78064 14320.116 273068.937 736019.139 411804.321 6219244.446 4301306.856480001 4740164.673 5350383.738 5337608.625 7706372.325 7322561.832 8266834.68 7227849.54
6577552.533 4428053.8143 4674988.404 4460714.157 4343419.046810385 4347696.557889 4390424.7345 4612079.7594 4566166.70145 5765552.196 4501526.136 1801482.213 226840.1475 0.0 2409601.98 6677018.133 7799403.744 5749851.6945 5179498.968 6800283.747 7648603.584 124743.048 110477.5392 263887.75680000003 384086.256 71202.5184 0.0 0.0 41330.7696 78868.3152 80264.67839999999 89759.01120000001 73665.84479999999 8001228.4799999995 70499.2128 8099521.4399999995 8065234.56 7817736.575999999 7982577.12 8093548.319999999 8130909.6 11059.26096 12101.30688 10608.84672 4130.32464 15821.68224 6689.42592 0.0 0.0 0.0 371164.99199999997 556770.912 0.0 0.0 19325.56128 159447.1824 258813.795 349910.895 772577.529 4826888.3949 5041935.174 5489671.443 4316467.518 6698226.303 6913727.133 2729230.86
4859420.58 4624605.7302 4422138.4803 4618153.80798 5441303.904 5604970.245 5385942.69 5462265.801 4994151.995399999 6165272.403 5336443.9689 3952602.747 1406512.923 1524389.223 5718296.472 6730889.754 5524324.206 446280.15 5483371.158 378547.902 71732.7792 74815.3776 44818.896 0.0 0.0 0.0 0.0 0.0 0.0 0.0 43312.7328 67754.7984 68602.7472 81715.5024 88072.19039999999 7828505.76 82667.3952 87270.2112 8121510.72 7953414.24 7980205.4399999995 8201269.4399999995 83767.152 69226.9968 38438.784 0.0 0.0 0.0 0.0 0.0 0.0 135165.5568 0.0 0.0 0.0 19326.08832 92422.9095 250263.579 771549.399 5631785.31 3267158.04 5486825.60307 5825739.404399999 5844852.102 6352320.333 7194655.2870000005
64633.0338 46619.9571 41262.6825 104858.02230000001 90396.537 326311.725 83624.74680000001 89965.2006 349609.629 368646.771 403603.191 261513.234 155521.87769999998 546996.243 5996264.568 230369.74169999998 219920.5935 155480.5134 109341.14730000001 61727.5104 0.0 0.0 0.0 0.0 0.0 0.0 0.0 0.0 43335.278399999996 0.0 26323.364159999997 0.0 0.0 0.0 0.0 97789.344 0.0 43989.3936 241424.14080000002 8118846.24 51552.710399999996 32093.808 22085.23056 19373.463359999998 13035.778079999998 0.0 43729.3872 320132.88 0.0 0.0 0.0 482645.664 0.0 0.0 0.0 0.0 4803.06192 52407.6117 106117.1229 219304.1937 5639056.341 5556348.5427 6488671.89 4584269.7993 4497325.149 1090566.183
160.5521952 0.0 0.0 2912.244432 672.347856 17106.60576 41245.4673 36261.906 63282.1188 72702.18059999999 84121.1184 222241.2981 204688.24980000002 260511.405 186499.4346 262493.544 149544.8559 58644.057 64431.233400000005 97124.811 48660.4365 6934.61664 0.0 0.0 0.0 0.0 0.0 0.0 0.0 0.0 0.0 58823.52 0.0 59115.148799999995 0.0 0.0 0.0 9425.31984 26277.07248 36261.2304 124850.2128 338787.168 29689.6272 170252.3664 49890.48479999999 17783.6472 97431.2496 0.0 0.0 0.0 0.0 0.0 0.0 0.0 0.0 0.0 0.0 32536.249799999998 36173.1999 122918.6112 8662856.01 6168849.339 3644983.86 1500187.521 1025289.492 423687.591
252147.3552 0.0 0.0 0.0 0.0 0.0 2726.907888 3819.8687999999997 3934.67742 35233.776 15483.90816 0.0 88354.4496 5489089.392 40241.5536 4773.19632 13943.04477 0.0 29997.945600000003 58558.459200000005 3196.2340799999997 0.0 0.0 0.0 0.0 0.0 0.0 0.0 0.0 0.0 0.0 0.0 0.0 69897.8016 0.0 0.0 107368.8816 0.0 0.0 16140.27792 560987.232 44975.2512 206799.36959999998 430164.192 505791.504 8608.1736 7196.028479999999 8219.7744 0.0 1376.824656 0.0 0.0 0.0 0.0 0.0 0.0 0.0 495309.26399999997 51206.9136 14767.28016 8069919.359999999 7676296.608 6764987.805 0.0 0.0 0.0
430284.24 0.0 0.0 0.0 0.0 0.0 0.0 0.0 0.0 0.0 0.0 0.0 128282.7072 494410.368 0.0 0.0 0.0 0.0 0.0 0.0 0.0 0.0 0.0 0.0 0.0 0.0 0.0 0.0 0.0 0.0 0.0 0.0 0.0 0.0 0.0 0.0 0.0 0.0 0.0 0.0 493312.368 189580.9728 94666.3392 96104.28 425455.968 0.0 11627.17584 0.0 0.0 3899.7446400000003 1922.0563200000001 0.0 0.0 0.0 0.0 0.0 0.0 18236.520959999998 97589.0688 164134.31040000002 103035.44159999999 236302.1904 307170.624 0.0 0.0 0.0
0.0 0.0 0.0 0.0 0.0 0.0 0.0 0.0 0.0 0.0 0.0 0.0 0.0 0.0 0.0 0.0 0.0 0.0 0.0 0.0 0.0 0.0 0.0 0.0 70701.83039999999 38097.672 0.0 0.0 0.0 0.0 0.0 0.0 0.0 0.0 0.0 0.0 0.0 0.0 0.0 0.0 0.0 0.0 153612.5424 559877.52 471138.624 0.0 0.0 0.0 79966.608 12304.36368 7336.04544 681.4187999999999 3311128.8 3303516.0 276.5706816 54.3580272 0.0 145.4612832 7587531.359999999 385.605888 6806633.76 5632584.816 3827598.7199999997 8347376.64 0.0 1964.5357439999998
0.0 0.0 0.0 0.0 0.0 0.0 0.0 0.0 0.0 0.0 0.0 0.0 0.0 0.0 0.0 0.0 0.0 99177.5088 0.0 0.0 0.0 0.0 0.0 119159.6448 0.0 0.0 0.0 0.0 0.0 0.0 0.0 0.0 0.0 0.0 0.0 0.0 0.0 0.0 0.0 0.0 63984.119999999995 0.0 519801.984 69931.18079999999 0.0 0.0 5558.1345599999995 5538.78048 55640.784 0.0 7405.3512 1430.758416 3452.6097600000003 86.07792959999999 258.653664 366.92817599999995 64.6461408 44.433864 143.4424272 59.843342400000004 2928.40992 5791294.128 8746463.04 8752524.0 3863613.12 7575877.92
0.0 190512.6624 0.0 0.0 0.0 0.0 0.0 0.0 0.0 0.0 0.0 0.0 0.0 0.0 0.0 0.0 0.0 0.0 0.0 0.0 0.0 37022.2176 0.0 0.0 0.0 0.0 0.0 0.0 0.0 0.0 0.0 0.0 0.0 0.0 0.0 0.0 0.0 0.0 0.0 6057.944159999999 138970.7856 236968.0176 0.0 122866.49279999999 0.0 0.0 7069.74384 9344.24352 0.0 0.0 4478.25888 934.0085760000001 771.9876959999999 0.0 1157.5116 4351.65216 2117.564736 0.0 376.6872 1366.359984 7846.0152 4613.5617600000005 5322.6648 10825.284479999998 9549.672 291712.5408
358079.76 651778.656 0.0 0.0 0.0 0.0 0.0 0.0 0.0 0.0 0.0 0.0 0.0 0.0 0.0 0.0 0.0 0.0 0.0 0.0 0.0 0.0 0.0 0.0 0.0 0.0 0.0 0.0 0.0 0.0 0.0 0.0 0.0 0.0 0.0 0.0 0.0 0.0 42859.4784 30774.744 0.0 0.0 0.0 0.0 0.0 0.0 0.0 0.0 0.0 0.0 0.0 0.0 0.0 0.0 0.0 104.0488224 1104.2600639999998 2909.694144 0.0 0.0 4251.54384 2453.523456 39019.4064 1072075.488 0.0 0.0
0.0 22939.73808 0.0 0.0 0.0 0.0 0.0 0.0 0.0 0.0 0.0 0.0 0.0 0.0 0.0 0.0 0.0 37587.6144 0.0 0.0 0.0 0.0 0.0 0.0 0.0 0.0 0.0 0.0 0.0 0.0 0.0 0.0 0.0 0.0 0.0 0.0 0.0 0.0 0.0 0.0 0.0 0.0 0.0 0.0 0.0 0.0 0.0 0.0 0.0 0.0 0.0 0.0 0.0 0.0 0.0 0.0 0.0 63198.5376 10680.28992 7749.6547199999995 3756.3312 5871483.2639999995 5992254.4799999995 259450.3728 1301662.896 6610132.751999999
0.0 602356.944 0.0 0.0 0.0 0.0 0.0 0.0 0.0 0.0 0.0 0.0 0.0 0.0 0.0 0.0 0.0 0.0 0.0 0.0 0.0 0.0 0.0 0.0 0.0 0.0 0.0 0.0 0.0 0.0 0.0 0.0 0.0 0.0 0.0 0.0 0.0 0.0 0.0 0.0 0.0 0.0 0.0 0.0 0.0 0.0 0.0 0.0 0.0 0.0 0.0 0.0 0.0 0.0 0.0 0.0 0.0 0.0 0.0 0.0 394987.2 4516009.584 8854681.92 3971070.7199999997 2782083.12 3805053.12
-9999.0 0.0 0.0 -9999.0 0.0 0.0 0.0 0.0 0.0 0.0 0.0 0.0 0.0 0.0 0.0 0.0 0.0 0.0 0.0 0.0 0.0 0.0 0.0 0.0 0.0 0.0 0.0 0.0 0.0 0.0 0.0 0.0 0.0 0.0 0.0 0.0 0.0 0.0 0.0 0.0 0.0 0.0 0.0 0.0 0.0 0.0 0.0 0.0 0.0 0.0 0.0 0.0 0.0 0.0 0.0 0.0 0.0 0.0 0.0 0.0 4777960.176 4741928.208 0.0 1597373.328 10046442.78 27593237.321999997
