Model Version1.4/trunk/output/2010/n_up_max.asc
ncols 720
nrows 360
xllcorner -180.0
yllcorner -90.0
cellsize 0.5
NODATA_value -9999.0
[rows 87 to 115 of 360, columns 330 to 395 of 720]
-9999.0 -9999.0 -9999.0 -9999.0 -9999.0 -9999.0 -9999.0 -9999.0 -9999.0 -9999.0 -9999.0 -9999.0 -9999.0 -9999.0 -9999.0 -9999.0 -9999.0 -9999.0 -9999.0 -9999.0 -9999.0 -9999.0 -9999.0 -9999.0 -9999.0 -9999.0 1806510.2110000001 9868502.358000001 17964288.529 15165880.4 10846390.445 15423961.190000001 18186368.42 18217476.53 21031836.54 21586533.1 21709247.12 18881587.01 19405304.93 14314132.58 12566511.21 6019036.76 9464904.35 5923775.088 7870657.850000001 12185418.619 10970550.998 1587774.1770000001 6707389.3205 7094362.5566 6346036.0788 11336956.983000001 4679163.5 7121596.218 7014530.413000001 10207073.47 10180967.610000001 58205.7904 1758305.534 1649303.462 2651995.28 22354205.02 15937004.34 18392484.32 13487331.62 13609270.206
-9999.0 -9999.0 -9999.0 -9999.0 -9999.0 -9999.0 -9999.0 -9999.0 -9999.0 -9999.0 -9999.0 -9999.0 -9999.0 -9999.0 -9999.0 -9999.0 -9999.0 -9999.0 -9999.0 -9999.0 -9999.0 -9999.0 -9999.0 -9999.0 -9999.0 -9999.0 -9999.0 7445313.59 19225289.842 14571125.822 14836285.09 16015427.23 17586416.21 7269881.74 9898628.85 11844727.73 17113768.32 5129024.67 20802910.04 14203930.07 18345204.57 8227653.720000001 3480318.3800000004 2867938.227 12925060.72 12178753.268000001 9370014.610000001 6019825.350000001 3580351.6100000003 5055709.34 4174849.602 6555066.100000001 9279573.93 13957772.290000001 18563664.009 17700735.866 11617560.845 14672369.42 296102.872 657913.008 3500747.14 12672689.98 16684178.7 15639823.26 14683032.58 18077455.33
-9999.0 -9999.0 -9999.0 -9999.0 -9999.0 -9999.0 -9999.0 -9999.0 -9999.0 -9999.0 -9999.0 -9999.0 -9999.0 -9999.0 -9999.0 -9999.0 -9999.0 -9999.0 -9999.0 -9999.0 -9999.0 -9999.0 -9999.0 -9999.0 -9999.0 -9999.0 -9999.0 3297918.69 12576398.01 13056967.110000001 12738129.58 11470783.06 16282735.700000001 11389134.57 9053213.290000001 15472112.26 11265773.200000001 8748487.99 12972976.39 10943571.804 10444521.450000001 2987273.08 808988.587 8775467.184 8681916.870000001 14218466.020000001 21436608.017 7424577.5571 6606836.0919 7314066.664356067 7352495.710426064 6520038.769448743 21400392.904 20049992.556 9867165.286 115375.7781 -9999.0 14599848.04 5520266.4 106272.46160000001 523779.176 11323265.1 5812333.92 13593784.84 15398197.64 15917679.84
-9999.0 -9999.0 -9999.0 -9999.0 -9999.0 -9999.0 -9999.0 -9999.0 -9999.0 -9999.0 -9999.0 -9999.0 -9999.0 -9999.0 -9999.0 -9999.0 -9999.0 -9999.0 -9999.0 -9999.0 -9999.0 -9999.0 -9999.0 -9999.0 -9999.0 -9999.0 -9999.0 5416570.478 9204069.38 22107202.59 21171946.62 10661701.49 8945082.3 11612729.26 15108525.190000001 12106151.200000001 9313059.58 7218058.430000001 5063865.95 9081708.46 4304583.25 4720323.19 7641625.42 4369273.524 13055931.35 21707185.016000003 15835981.81 15145600.690000001 3823861.14 4606778.0 6862779.803 6819469.734 7065852.791800001 7530281.3377 13351167.676 -9999.0 -9999.0 1248608.4679999999 0.0 171023.6088 1891210.526 4070691.06 3500648.04 9625523.54 9206608.02 11128295.76
-9999.0 -9999.0 -9999.0 -9999.0 -9999.0 -9999.0 -9999.0 -9999.0 -9999.0 -9999.0 -9999.0 -9999.0 -9999.0 -9999.0 -9999.0 -9999.0 -9999.0 -9999.0 -9999.0 -9999.0 -9999.0 -9999.0 -9999.0 -9999.0 -9999.0 -9999.0 -9999.0 1545820.012 2515535.011 2437808.285 15481059.814000001 19696334.658 20039731.470000003 11270834.3 17729409.94 15810723.39 5703365.36 1536327.507 8779885.642 17582073.080000002 7262989.228 5603285.05 5641455.16 10544293.386 8974683.85 11108608.39 5018667.973 1416529.3868 2877126.5952000003 4469970.582 3462438.5730000003 3285418.95 3125958.99 6014823.100000001 5365631.095000001 407967.2674 -9999.0 -9999.0 -9999.0 -9999.0 3726596.04 9971402.36 956554.822 2218928.28 1915109.482 1602839.436
-9999.0 -9999.0 -9999.0 -9999.0 -9999.0 -9999.0 -9999.0 -9999.0 -9999.0 -9999.0 -9999.0 -9999.0 -9999.0 1826051.942 898116.3235 1053446.779 -9999.0 -9999.0 1816339.338 -9999.0 -9999.0 -9999.0 -9999.0 -9999.0 -9999.0 -9999.0 -9999.0 7766646.36 6320061.572000001 10088234.134 11824243.222000001 15020619.768000001 18205307.527000003 17117883.112 14095469.520000001 5108497.79 5602108.05 5887881.296 13895744.39 19967687.3 12309301.4 9048823.08 4081905.443 3342844.7800000003 3205135.7800000003 2063488.152 1011321.949 -9999.0 -9999.0 -9999.0 6126532.17 15348256.55 12713565.59 5895263.44 13134860.97 15617395.255 8012349.818 678874.768 -9999.0 -9999.0 225464.392 1280241.188 10338211.1 10910711.8 9820037.02 168308.2688
-9999.0 -9999.0 -9999.0 -9999.0 -9999.0 -9999.0 -9999.0 -9999.0 -9999.0 -9999.0 -9999.0 2449538.267 12232407.99 11295339.440000001 14654591.600000001 4483240.08 1254414.821 2332551.529 5014537.88 1930322.372 3099477.667 3577359.676 4458664.32 1316522.757 1644440.8420000002 1512400.274 2601252.39 13315247.99 10417485.76 11109714.77 13525224.790000001 13116841.1 12827574.518000001 13381737.897 6517293.816000001 6377494.464000001 9517892.89 2390203.343 181021.5407 2085628.699 4522916.75 5756730.54 4401285.57 4012557.7800000003 -9999.0 -9999.0 -9999.0 -9999.0 -9999.0 -9999.0 1294654.097 9871216.52 12993256.1 18462516.16 14245607.64 12655209.93 16117288.341 10126370.111 -9999.0 -9999.0 -9999.0 -9999.0 7712.4971399999995 811401.07 7775108.52 15627931.26
-9999.0 -9999.0 -9999.0 -9999.0 -9999.0 -9999.0 -9999.0 -9999.0 -9999.0 -9999.0 -9999.0 1047520.584 7376706.260000001 12059989.26 10617234.43 3671098.31 1922791.926 2492632.9450000003 5761085.44 5569905.33 4912456.67 8394681.790000001 4934807.9 5356463.442 6442533.13 3441384.3970000003 4919370.368 2512359.4650000003 4030747.1380000003 392082.24 2522506.382 6448774.761 9657253.221 7895278.336 1776431.641732 6662567.3950000005 1077648.253 -9999.0 -9999.0 -9999.0 -9999.0 -9999.0 -9999.0 -9999.0 -9999.0 -9999.0 -9999.0 48703.2007 719611.915 -9999.0 433457.20330000005 4110166.39 16335571.23 12596532.949000001 16513839.65 7985897.92 2153087.2770000002 14356744.688000001 1304558.3166 -9999.0 -9999.0 -9999.0 -9999.0 580783.478 562616.466 6552939.932
-9999.0 -9999.0 -9999.0 -9999.0 -9999.0 -9999.0 -9999.0 -9999.0 -9999.0 -9999.0 -9999.0 -9999.0 2270497.735 1496345.994 7977635.38 2610343.538 2988969.137 6040116.83 11285546.8 7672368.66 8824239.71 9552661.47 8815812.39 2965748.1040000003 3940317.051 7392136.73 11024747.14 6687619.84 5632820.688 5965829.298 5407491.100000001 4662638.42 3537885.45 3625630.8000000003 3426667.1890000002 3936957.893 3134100.299 -9999.0 -9999.0 -9999.0 -9999.0 -9999.0 -9999.0 -9999.0 -9999.0 -9999.0 -9999.0 185177.41 2830249.5100000002 1660725.814 -9999.0 -9999.0 2464297.847 12925096.030000001 18904985.77 11517830.104 7824601.84 11325800.200000001 13300288.32 4778949.5600000005 -9999.0 -9999.0 -9999.0 -9999.0 -9999.0 -9999.0
-9999.0 -9999.0 -9999.0 -9999.0 -9999.0 -9999.0 -9999.0 -9999.0 -9999.0 -9999.0 -9999.0 -9999.0 2361292.6920000003 1669752.227 1524677.561 3689388.89 4107327.466 6837828.58 10639856.370000001 10605793.99 10844395.43 9352759.790000001 11067307.46 8024326.970000001 2893457.941 7237855.57 7145260.98 8372907.29 5410916.17 7404412.84 10006399.678000001 9310140.620000001 8000457.41 6865323.3 4908125.3100000005 5248549.0200000005 1935543.544 -9999.0 -9999.0 -9999.0 -9999.0 -9999.0 -9999.0 -9999.0 -9999.0 -9999.0 -9999.0 1161749.611 716073.853 -9999.0 -9999.0 -9999.0 -9999.0 -9999.0 6691988.864 15593602.200000001 9252817.189000001 11288406.91 6670588.65 15690163.280000001 18033992.823 9041737.540000001 58884.56849 -9999.0 -9999.0 -9999.0
-9999.0 -9999.0 -9999.0 -9999.0 -9999.0 -9999.0 -9999.0 -9999.0 -9999.0 -9999.0 -9999.0 -9999.0 3500892.3400000003 7764398.29 2773440.4280000003 3543782.22 5354443.71 8299038.7700000005 10912414.26 11287053.360000001 12804465.3 9738545.08 8472563.88 3522137.19 5748267.91 5182578.17 6241066.04 7161891.99 6685571.86 7722803.11 6888463.12 8984711.89 7235089.62 6184169.86 144781.0045 -9999.0 -9999.0 -9999.0 -9999.0 -9999.0 -9999.0 -9999.0 -9999.0 -9999.0 -9999.0 -9999.0 -9999.0 202947.48528999998 4696896.182 484194.66018000006 -9999.0 -9999.0 -9999.0 -9999.0 -9999.0 2744589.804 7926200.48 8980074.51 13298711.14 14018293.63 16396825.841 22020367.061 14813674.92 6653628.08 1067159.4175 -9999.0
-9999.0 -9999.0 -9999.0 -9999.0 -9999.0 -9999.0 -9999.0 -9999.0 -9999.0 -9999.0 -9999.0 -9999.0 5211473.5200000005 2940668.588 5822477.76 5447579.720000001 10450900.790000001 10923478.06 4420423.59 9547741.610000001 10614821.58 4808492.26 3308735.3200000003 5077625.08 6986777.930000001 2181205.807 1677724.048 5612983.53 3676465.43 6103863.15 5638265.49 3071136.684 -9999.0 -9999.0 -9999.0 -9999.0 -9999.0 -9999.0 -9999.0 -9999.0 -9999.0 -9999.0 -9999.0 -9999.0 -9999.0 -9999.0 7331497.69 11318279.17 6937002.600000001 2664631.486 -9999.0 -9999.0 -9999.0 -9999.0 -9999.0 -9999.0 -9999.0 -9999.0 4466938.63 6537599.42 12259596.690000001 13397484.98 17330548.18 20729888.96 18179235.8 9479499.15
-9999.0 -9999.0 -9999.0 -9999.0 -9999.0 -9999.0 -9999.0 -9999.0 -9999.0 -9999.0 -9999.0 -9999.0 8049950.260000001 4158223.3000000003 2302861.704 3766906.1100000003 5562290.140000001 6344265.4 2505284.518 4161259.96 5117160.51 8813682.02 9783871.35 9839366.9 6857072.53 4909161.07 4102970.2120000003 6414155.66 2553808.697 4733576.21 2542202.3000000003 -9999.0 -9999.0 -9999.0 -9999.0 -9999.0 -9999.0 -9999.0 -9999.0 -9999.0 -9999.0 -9999.0 -9999.0 -9999.0 -9999.0 -9999.0 816254.208 12177912.89 9937705.25 2697661.637 -9999.0 -9999.0 -9999.0 -9999.0 -9999.0 -9999.0 -9999.0 -9999.0 -9999.0 -9999.0 4620219.34 9108461.67 13801631.47 11901977.01 2837928.258 9232388.0
-9999.0 -9999.0 -9999.0 -9999.0 -9999.0 -9999.0 -9999.0 -9999.0 -9999.0 -9999.0 -9999.0 940141.697 11032727.200000001 4315552.890000001 3241194.352 7659456.970000001 6769221.25 3457213.87 5597023.41 3656068.02 6238982.75 9173926.41 12225487.23 9866826.31 11126804.81 4882902.2 3514764.4620000003 4556237.62 7661493.180000001 6002076.19 0.0 -9999.0 -9999.0 -9999.0 529152.1290000001 4931888.94 6879682.7 747818.72 2135660.615 -9999.0 -9999.0 -9999.0 -9999.0 -9999.0 -9999.0 -9999.0 899318.6290000001 14307011.73 8909595.75 3271836.37 -9999.0 -9999.0 -9999.0 -9999.0 -9999.0 -9999.0 -9999.0 -9999.0 -9999.0 -9999.0 -9999.0 2210190.609 12639649.99 3716177.41 -9999.0 -9999.0
-9999.0 -9999.0 -9999.0 -9999.0 -9999.0 -9999.0 -9999.0 -9999.0 -9999.0 -9999.0 -9999.0 7697709.470000001 11830627.27 10060301.57 8895695.38 8526658.8 6618835.96 5070739.63 6770610.11 3273719.5700000003 3054202.008 6777895.74 10650002.110000001 12326956.4 11979847.33 11518133.77 8718262.63 5627131.07 11511413.1 5177917.25 -9999.0 -9999.0 420781.031 649248.501 -9999.0 2170419.779 2515731.5700000003 -9999.0 -9999.0 -9999.0 -9999.0 -9999.0 -9999.0 -9999.0 -9999.0 -9999.0 2082250.709 11615401.05 5679837.13 1340360.538 -9999.0 -9999.0 -9999.0 -9999.0 -9999.0 -9999.0 -9999.0 -9999.0 -9999.0 -9999.0 -9999.0 -9999.0 6081088.2 7909946.11 4884266.343 -9999.0
-9999.0 -9999.0 -9999.0 -9999.0 -9999.0 -9999.0 -9999.0 -9999.0 -9999.0 -9999.0 -9999.0 5168724.88 7426469.82 5002049.91 7073146.19 9621374.73 11245952.52 11932826.18 8021702.260000001 2532331.978 5922463.91 7425492.91 9959550.370000001 10388037.22 11423408.81 8946694.790000001 9321074.950000001 6389697.600000001 9130024.31 8192826.29 1027383.2910000001 -9999.0 1279031.776 0.0 -9999.0 -9999.0 -9999.0 -9999.0 -9999.0 -9999.0 -9999.0 -9999.0 -9999.0 -9999.0 -9999.0 -9999.0 -9999.0 963430.996 -9999.0 -9999.0 -9999.0 -9999.0 -9999.0 -9999.0 -9999.0 -9999.0 -9999.0 -9999.0 -9999.0 -9999.0 -9999.0 1224805.0320000001 8231514.28 5487397.63 1207940.1521 -9999.0
-9999.0 -9999.0 -9999.0 -9999.0 -9999.0 -9999.0 -9999.0 -9999.0 -9999.0 -9999.0 -9999.0 313600.3508 2064182.5820000002 4783881.19 10377161.74 5867874.65 5588855.03 11512943.200000001 7269010.760000001 6329470.510000001 4025622.48 4479414.83 9965341.21 10342016.52 5126105.71 5811096.17 10437153.43 8609990.4 9168888.85 798412.0650000001 -9999.0 -9999.0 -9999.0 -9999.0 -9999.0 -9999.0 -9999.0 -9999.0 -9999.0 -9999.0 -9999.0 -9999.0 -9999.0 -9999.0 -9999.0 -9999.0 -9999.0 -9999.0 -9999.0 -9999.0 -9999.0 -9999.0 -9999.0 -9999.0 -9999.0 1647836.487 3931215.31 252086.7998 -9999.0 2470703.0810000002 2992683.7490000003 3734456.22 5679742.970000001 582548.5583500001 -9999.0 -9999.0
-9999.0 -9999.0 -9999.0 -9999.0 -9999.0 -9999.0 -9999.0 -9999.0 -9999.0 -9999.0 -9999.0 -9999.0 2144672.904 5170666.930000001 5846594.49 3008539.116 5498936.938 2546510.12 8744509.73 11442935.24 13566349.17 11717364.56 10677202.58 10704520.75 8112001.7 6225423.71 9584075.6 10496026.97 5147644.8100000005 -9999.0 -9999.0 -9999.0 -9999.0 -9999.0 -9999.0 -9999.0 -9999.0 -9999.0 -9999.0 -9999.0 -9999.0 -9999.0 -9999.0 -9999.0 -9999.0 -9999.0 -9999.0 -9999.0 -9999.0 -9999.0 -9999.0 -9999.0 -9999.0 -9999.0 573242.549 15342242.08 12458545.0 10342428.47 10797903.93 13042831.34 3510695.5730000003 1969860.1560000002 639527.658 -9999.0 -9999.0 -9999.0
-9999.0 -9999.0 -9999.0 -9999.0 -9999.0 -9999.0 -9999.0 -9999.0 -9999.0 -9999.0 -9999.0 -9999.0 2663312.069 4393505.600000001 4380123.11 8609519.6 7348211.09 11342548.91 11247035.360000001 10459457.58 13577495.360000001 9769865.05 10219349.58 8868895.09 10041140.01 12529671.110000001 7108926.99 0.0 -9999.0 -9999.0 -9999.0 -9999.0 -9999.0 -9999.0 -9999.0 -9999.0 -9999.0 -9999.0 -9999.0 -9999.0 -9999.0 -9999.0 194608.86389999997 17551.529089999996 240585.5262 0.0 -9999.0 340791.1348 5920254.6899999995 7347880.845 2496565.3219999997 233569.75641000003 338216.7692 -9999.0 -9999.0 -9999.0 3534274.4140000003 13307579.835 16224733.14 19777978.44 7114517.74 -9999.0 -9999.0 -9999.0 -9999.0 -9999.0
-9999.0 -9999.0 -9999.0 -9999.0 -9999.0 -9999.0 -9999.0 -9999.0 -9999.0 -9999.0 -9999.0 -9999.0 -9999.0 -9999.0 0.0 -9999.0 0.0 9011594.57 9127011.19 4096148.3200000003 8197663.760000001 3345175.24 5198361.74 5075059.22 5713405.17 3590245.472 493971.01050000003 -9999.0 -9999.0 -9999.0 -9999.0 -9999.0 165575.1383 134113.16999999998 4175349.3609999996 7294886.216999999 10378789.689 14691803.629999999 15927179.219999999 15195019.45 7365570.119999999 12142487.67 17938497.23 18507048.15 18905998.91 17053057.52 16748774.879999999 12898233.139999999 13664692.481999999 13469831.224 9778739.66 9896559.719999999 1329509.643 21682.577999999998 -9999.0 -9999.0 -9999.0 -9999.0 1606213.0590000001 11335891.798 3900034.2260000003 -9999.0 -9999.0 -9999.0 -9999.0 -9999.0
-9999.0 -9999.0 -9999.0 -9999.0 -9999.0 -9999.0 -9999.0 -9999.0 -9999.0 -9999.0 -9999.0 -9999.0 -9999.0 -9999.0 -9999.0 -9999.0 -9999.0 2365813.549 5083121.67 2839241.79 0.0 -9999.0 -9999.0 -9999.0 -9999.0 -9999.0 -9999.0 -9999.0 -9999.0 -9999.0 4682206.054 14105441.44 20424782.439999998 20898226.058 20795565.91 18261133.34 20597906.9 20437280.15 18523015.939999998 20486349.25 20684116.7 20831486.66 20617344.77 20694418.5 21023379.373 20807602.75 20699732.06 13977916.0 14049215.299999999 14071770.819999998 14039265.93 1833690.579 -9999.0 -9999.0 -9999.0 -9999.0 -9999.0 -9999.0 -9999.0 -9999.0 -9999.0 -9999.0 -9999.0 -9999.0 -9999.0 -9999.0
-9999.0 -9999.0 -9999.0 -9999.0 -9999.0 -9999.0 -9999.0 -9999.0 -9999.0 -9999.0 -9999.0 -9999.0 -9999.0 -9999.0 -9999.0 -9999.0 -9999.0 -9999.0 9141356.45 5365489.205 -9999.0 -9999.0 -9999.0 -9999.0 -9999.0 -9999.0 -9999.0 2051169.71 9751982.09 12238630.574 19358464.81 20291889.22 20412745.599999998 20314851.39 6222016.1 3354320.3 1805447.3809999998 300912.86699999997 1245975.5999999999 3723016.3 20280909.669999998 19802689.27 19211311.73 20299913.779999997 20067364.2 6238742.97 20670100.83 14254329.559999999 14285722.94 14139844.03 13084858.379999999 7683862.53025 -9999.0 -9999.0 -9999.0 -9999.0 -9999.0 -9999.0 821882.6220000001 566586.8494000001 -9999.0 -9999.0 -9999.0 -9999.0 -9999.0 -9999.0
-9999.0 -9999.0 -9999.0 -9999.0 -9999.0 -9999.0 -9999.0 -9999.0 -9999.0 -9999.0 -9999.0 -9999.0 -9999.0 -9999.0 -9999.0 -9999.0 -9999.0 6171583.367 8500936.92 78921710.25999999 8979550.415 9137967.7 11645832.469999999 11479349.959999999 7341762.118 5431146.914 6549456.102 17088815.61 19073782.7 16143544.129999999 20766503.99 16602218.219999999 21043541.08 20624772.91 707511.358 154882.141 648972.735 773326.3049999999 2265371.242 383056.16699999996 976385.627 2676844.111 6315599.819999999 4585276.96 6263331.739999999 4859548.83 4928679.33 13998085.84 14189102.899999999 14226867.129999999 13865474.835099999 13751688.472 2072789.9349999998 -9999.0 -9999.0 -9999.0 -9999.0 -9999.0 -9999.0 -9999.0 -9999.0 -9999.0 -9999.0 -9999.0 -9999.0 -9999.0
-9999.0 -9999.0 -9999.0 -9999.0 -9999.0 -9999.0 -9999.0 -9999.0 -9999.0 -9999.0 -9999.0 -9999.0 -9999.0 -9999.0 -9999.0 -9999.0 -9999.0 18363380.412929997 22194577.459999997 5289161.0 21594118.07 22788828.66 3821317.1599999997 5854567.16 7160455.859999999 24000428.779999997 20169758.669999998 20480330.83 16149914.979999999 18506234.849999998 20747879.419999998 6138354.64 2082712.1949999998 298193.734 210547.3751 1263849.223 2713358.57 480082.85699999996 1291211.346 202144.3595 3375303.44 1306696.578 3789761.1199999996 2197929.695 104430.7021 178070.6795 2025369.123 14276180.219999999 14126695.68 1134518.257 14049918.804499999 7820381.034999999 635423.157 -9999.0 -9999.0 -9999.0 -9999.0 -9999.0 -9999.0 -9999.0 -9999.0 -9999.0 -9999.0 -9999.0 -9999.0 -9999.0
-9999.0 -9999.0 -9999.0 -9999.0 -9999.0 -9999.0 -9999.0 -9999.0 -9999.0 -9999.0 -9999.0 -9999.0 -9999.0 -9999.0 -9999.0 -9999.0 7687889.043 25229643.3514 24942628.696999997 24098783.86 23600149.63 24015908.59 4060129.15 1596846.775 3770025.0399999996 2811063.01 2120996.937 415983.973 27728.6502 157721.64239999998 64584.6952 473245.71499999997 0.0 205793.09439999997 434643.78599999996 454198.229 224478.933 15975.489239999999 0.0 50240.252 125723.16719999998 182906.83239999998 25831.05864 739202.948 158560.4258 220689.49719999998 448030.70399999997 668443.137 592594.779 13357259.66 4716256.214 -9999.0 -9999.0 -9999.0 -9999.0 -9999.0 -9999.0 -9999.0 -9999.0 -9999.0 -9999.0 -9999.0 -9999.0 -9999.0 -9999.0 -9999.0
-9999.0 -9999.0 -9999.0 -9999.0 -9999.0 -9999.0 -9999.0 -9999.0 -9999.0 -9999.0 -9999.0 -9999.0 -9999.0 -9999.0 813083.12 13702830.83 23696715.45 24098295.88 24344264.91 22916760.75 24823949.25 7764331.109999999 3697966.6599999997 2245014.343 11423630.776999999 19037.64507 46782.3715 0.0 0.0 29175.510899999997 6829.25299 108156.4294 282741.034 45284.81509999999 39568.1294 126604.24219999998 574273.841 17972.818489999998 0.0 0.0 0.0 508258.27999999997 697003.522 17398.411809999998 8673.763169999998 168286.4094 311130.626 898707.3439999999 84121.78779999999 11260409.6 8310922.93 5011481.403 1016367.455 -9999.0 -9999.0 -9999.0 -9999.0 -9999.0 -9999.0 -9999.0 -9999.0 -9999.0 -9999.0 -9999.0 -9999.0 -9999.0
-9999.0 -9999.0 -9999.0 -9999.0 -9999.0 -9999.0 -9999.0 -9999.0 -9999.0 -9999.0 -9999.0 -9999.0 3183627.607 17994614.93 24413937.61 24422368.82 24829805.009999998 24826606.029999997 24818744.13 24739745.59 6635877.359999999 1936716.7119999998 24058254.41 0.0 0.0 0.0 12560859.844229998 0.0 0.0 16578.280089999997 0.0 0.0 0.0 0.0 0.0 0.0 0.0 0.0 0.0 0.0 0.0 61162.0577 249044.9306 26111.97246 0.0 0.0 0.0 184224.9206 92943.3818 12407.59636 13382770.17 13768870.79 7737817.529999999 0.0 -9999.0 -9999.0 -9999.0 -9999.0 -9999.0 -9999.0 -9999.0 -9999.0 -9999.0 -9999.0 -9999.0 -9999.0
-9999.0 -9999.0 -9999.0 -9999.0 -9999.0 -9999.0 -9999.0 -9999.0 -9999.0 -9999.0 -9999.0 4164914.7219999996 21986860.64 25260257.59 24037162.83 24477049.689999998 24045838.029999997 24829777.9 23778750.31 24505108.54 5096625.779999999 742025.0989999999 165205.3579 13702613.95 0.0 13625648.66 0.0 18325.70936 332655.96599999996 23310.12685 0.0 0.0 0.0 0.0 0.0 0.0 4242.227019999999 93848.8558 46595.854699999996 104772.55919999999 0.0 54011.524099999995 0.0 0.0 0.0 0.0 0.0 0.0 0.0 0.0 140068.9659 8524289.474 304776.04199999996 2381651.454 13242367.479999999 9046699.9873 10473441.543 9782616.389999999 5320424.251999999 -9999.0 -9999.0 -9999.0 -9999.0 -9999.0 -9999.0 -9999.0
-9999.0 -9999.0 -9999.0 -9999.0 -9999.0 -9999.0 -9999.0 -9999.0 -9999.0 -9999.0 -9999.0 13469440.84 25030581.669999998 25243747.599999998 24130529.669999998 24696505.139999997 25523739.68 24914279.77 6083971.9799999995 1891274.93 1287274.974 518267.29199999996 145728.1784 40369.7721 0.0 58219.2672 0.0 48139.227 0.0 0.0 0.0 0.0 0.0 0.0 0.0 0.0 0.0 192742.8826 53209.0681 0.0 106621.46119999999 91523.0889 0.0 0.0 0.0 0.0 0.0 0.0 0.0 0.0 15652.256709999998 60425.75009999999 199442.848 93412.3848 609820.473 7190331.08 17262563.599999998 17542935.22 1723800.194 14927362.42 9104015.136 -9999.0 -9999.0 -9999.0 -9999.0 -9999.0
