Model Version1.4/trunk/output/2010/nbud_nat.asc
ncols 720
nrows 360
xllcorner -180
yllcorner -90
cellsize 0.5
NODATA_value -1.0
[rows 58 to 86 of 360, columns 198 to 263 of 720]
-1.0 -1.0 -1.0 -1.0 -1.0 50969.692807952 294470.30535528 507554.28379584 497271.28379584 468387.28379584 483900.28379584 482372.28379584 481772.54035968 476911.54035968 433109.54035968 524093.54035968 529036.7984374401 528732.7984374401 515234.79843744 515208.79843744 516939.79843744 481589.24551175 315722.548603448 31502.992644453 -1.0 29400.7020973668 8235.7910486834 -1.0 -1.0 -1.0 -1.0 -1.0 -1.0 -1.0 -1.0 -1.0 -1.0 -1.0 -1.0 -1.0 -1.0 -1.0 -1.0 -1.0 -1.0 -1.0 -1.0 -1.0 -1.0 -1.0 -1.0 -1.0 -1.0 -1.0 -1.0 -1.0 -1.0 -1.0 -1.0 -1.0 -1.0 -1.0 -1.0 -1.0 -1.0 -1.0
-1.0 -1.0 -1.0 -1.0 -1.0 -1.0 67602.23288089401 398291.1295432 514459.24242504 491797.92130489997 495222.92130489997 432280.92130489997 481041.4902148 490025.4902148 456543.4902148 515250.4902148 537002.06066215 536021.06066215 530694.06066215 530124.06066215 504138.78440129 500953.06066215003 285901.09501783305 -1.0 -1.0 164823.17385808 44529.472719898 -1.0 -1.0 -1.0 -1.0 12376.047055789 311366.38153961 37683.055200450006 -1.0 -1.0 -1.0 -1.0 -1.0 -1.0 -1.0 -1.0 -1.0 -1.0 -1.0 -1.0 -1.0 -1.0 -1.0 -1.0 -1.0 -1.0 -1.0 -1.0 -1.0 -1.0 -1.0 -1.0 -1.0 -1.0 -1.0 -1.0 -1.0 -1.0 -1.0 -1.0
-1.0 14832.8939897096 -1.0 -1.0 -1.0 -1.0 54119.1100415838 405261.45971830003 526754.3787541001 532705.29596688 543041.13255248 508963.13255248 487345.13389522 507705.13389522 483957.13679883 533018.13679883 551976.12565461 553003.12565461 531858.12855822 552519.12855822 543398.12855822 524434.12855822 367952.57280432 -1.0 -1.0 -1.0 -1.0 -1.0 -1.0 -1.0 -1.0 307891.05758058 523150.12990096 304971.187776 38183.737634406 -1.0 -1.0 -1.0 -1.0 -1.0 -1.0 -1.0 -1.0 -1.0 -1.0 -1.0 -1.0 -1.0 -1.0 -1.0 -1.0 -1.0 -1.0 -1.0 -1.0 -1.0 -1.0 -1.0 -1.0 -1.0 -1.0 -1.0 -1.0 -1.0 -1.0 -1.0
-1.0 -1.0 -1.0 -1.0 -1.0 114542.67137791999 429864.36709858 565117.93254496 545538.93254496 562069.93254496 552136.35684864 497450.35684864 546390.93254496 497720.93254496 494483.50982544 547862.50982544 558266.07284848 548469.07284848 527321.65012896 564890.65012896 566308.65012896 551605.65012896 476227.04102512 113424.722872656 -1.0 -1.0 -1.0 -1.0 -1.0 -1.0 69690.73859774001 470154.97546026 557904.22582528 501369.22582528 293515.16666633997 46169.41004956199 -1.0 -1.0 -1.0 -1.0 -1.0 -1.0 -1.0 -1.0 -1.0 -1.0 -1.0 -1.0 -1.0 -1.0 -1.0 -1.0 -1.0 -1.0 -1.0 -1.0 -1.0 -1.0 -1.0 -1.0 -1.0 -1.0 -1.0 -1.0 -1.0 -1.0
-1.0 -1.0 -1.0 -1.0 61892.882661432 476820.57965544 574482.4550427 560700.4550427 580939.1849060201 564345.1849060201 560052.1849060201 565409.1849060201 583393.1849060201 582919.1849060201 577004.4550427 576105.4550427 564242.4550427 563793.4550427 547914.72678672 586278.72678672 584645.9840646801 545081.67525792 359332.4384816 441947.45118885 451974.45118885 121413.73716791 -1.0 -1.0 55869.123950802 278291.905034452 377309.02085454 543380.9840646801 577911.9840646801 576164.9840646801 553667.9840646801 387520.49811642 48190.25814406399 -1.0 -1.0 -1.0 -1.0 -1.0 -1.0 -1.0 -1.0 -1.0 -1.0 -1.0 -1.0 -1.0 -1.0 -1.0 -1.0 -1.0 -1.0 -1.0 -1.0 -1.0 -1.0 -1.0 -1.0 -1.0 -1.0 -1.0 -1.0 -1.0
-1.0 -1.0 -1.0 -1.0 -1.0 31184.781167179997 234117.458259805 510511.7274934 594896.9524051701 578890.9524051701 591278.9524051701 549745.9524051701 601872.9524051701 600838.9524051701 596603.05890295 600402.05890295 601388.05890295 602249.05890295 600469.16703112 600469.16703112 596191.26048578 593180.26048578 593044.36861395 587833.36861395 555218.5751962 330155.1685806 232029.32069041 254641.30363055 553137.13534574 505805.26048578 502482.26048578 564331.26048578 594043.26048578 597152.26048578 576890.26048578 486923.15099848004 419712.79701 27949.1747593552 -1.0 -1.0 -1.0 -1.0 -1.0 -1.0 -1.0 -1.0 -1.0 -1.0 -1.0 -1.0 -1.0 -1.0 -1.0 -1.0 -1.0 -1.0 -1.0 -1.0 -1.0 -1.0 -1.0 -1.0 -1.0 -1.0 -1.0 -1.0
-1.0 -1.0 -1.0 -1.0 -1.0 -1.0 -1.0 26198.290832767998 524245.85292604007 620373.73374256 632181.6598799201 624465.6598799201 625285.6598799201 627938.6598799201 627490.80925852 630573.80925852 630573.80925852 627366.80925852 619463.8698946 627035.8698946 625424.94541056 625796.94541056 625159.0192732001 394648.3330502 398157.02194660006 407523.0192732 409960.0192732 400980.0192732 392260.94541056 593100.94541056 612064.94541056 621889.94541056 618743.0192732001 617844.0192732001 620862.0815626 606143.0815626 613821.0815626 489982.4711054 121420.171557675 -1.0 -1.0 -1.0 -1.0 -1.0 -1.0 -1.0 -1.0 -1.0 -1.0 -1.0 -1.0 -1.0 -1.0 -1.0 -1.0 -1.0 -1.0 -1.0 -1.0 -1.0 -1.0 -1.0 -1.0 -1.0 -1.0 -1.0
-1.0 -1.0 -1.0 -1.0 -1.0 -1.0 -1.0 -1.0 165331.01495470403 640345.98317804 642151.81094678 609290.81094678 584460.81094678 630623.81094678 637018.15708543 634873.15708543 636379.15708543 636467.15708543 634570.31590765 637441.31590765 635611.48981504 629417.48981504 418112.6620463 415139.6620463 401358.6620463 399945.6620463 411040.6620463 417369.6620463 399038.48981504 400656.48981504 618794.48981504 623304.48981504 627425.6620463 618671.6620463 600651.82254465 627179.82254465 601060.82254465 509531.29711475 339076.18145208 42825.597412605 -1.0 -1.0 -1.0 -1.0 -1.0 -1.0 -1.0 -1.0 -1.0 -1.0 -1.0 -1.0 -1.0 -1.0 -1.0 -1.0 -1.0 -1.0 -1.0 -1.0 -1.0 -1.0 -1.0 -1.0 -1.0 -1.0
-1.0 -1.0 28789.2765201 13832.848137805002 -1.0 -1.0 -1.0 -1.0 -1.0 673984.752868 677659.912788 678697.912788 676454.31584 668561.31584 655094.752868 659284.752868 671338.172908 673883.172908 454654.59294799995 671148.592948 663852.012988 452661.012988 451836.012988 450154.012988 444574.433028 435877.433028 439951.433028 441755.433028 432940.433028 440004.433028 646416.8530679999 657385.8530679999 659561.273108 630819.273108 616475.113188 640670.113188 621145.113188 559221.113188 375677.774874 59833.1400196 -1.0 -1.0 -1.0 -1.0 -1.0 -1.0 -1.0 -1.0 -1.0 -1.0 -1.0 -1.0 -1.0 -1.0 -1.0 -1.0 -1.0 -1.0 -1.0 -1.0 -1.0 -1.0 -1.0 -1.0 -1.0 -1.0
-1.0 -1.0 118301.29972436 202201.3581886 96743.36326394 -1.0 -1.0 -1.0 65864.05142984001 380281.3900985 683570.7856885 688464.7856885 564305.57068 525911.57068 660133.3900985001 660533.3900985001 458431.1923035 459638.1923035 452122.9945085 460157.9945085 454425.79671350005 448765.79671350005 457878.79671350005 450402.79671350005 441966.5989185 441357.5989185 432650.5989185 442098.5989185 433984.5989185 433527.5989185 435679.40112349996 432257.40112349996 671465.2033285 604681.2033285 620511.8077385 652463.8077385 653300.8077385 590673.8077385 235819.16258 74746.49310260001 5635.45652294 -1.0 -1.0 -1.0 -1.0 -1.0 -1.0 -1.0 -1.0 -1.0 -1.0 -1.0 -1.0 -1.0 -1.0 -1.0 -1.0 -1.0 -1.0 -1.0 -1.0 -1.0 -1.0 -1.0 -1.0 -1.0
-1.0 -1.0 59363.330662149994 25580.41170964 -1.0 -1.0 -1.0 91986.49503946002 645431.924562 709145.518789 500351.2099357 504441.2099357 502640.2099357 481553.2099357 487843.2099357 476556.2099357 489080.518789 504371.518789 502884.86251769995 502401.86251769995 495114.497662 498854.497662 497077.8413907 497272.8413907 495534.16768169997 493153.16768169997 464501.4939727 478376.4939727 463469.8202637 485639.8202637 455804.1465547 478746.1465547 474076.7991367 436923.7991367 671812.1254277 643902.1254277 700961.4517187 698949.4517187 675257.7780097 398412.6345324 270788.44543799997 49724.95093779999 -1.0 -1.0 -1.0 -1.0 -1.0 -1.0 -1.0 -1.0 -1.0 -1.0 -1.0 -1.0 -1.0 -1.0 -1.0 -1.0 -1.0 -1.0 -1.0 -1.0 -1.0 -1.0 -1.0 -1.0
-1.0 -1.0 -1.0 -1.0 -1.0 66530.17393302999 304342.7504291 496030.91434749996 501656.610985 500309.610985 513595.6254305 508512.6254305 508989.6254305 496909.6254305 496026.6254305 468222.6254305 426789.610985 484431.610985 495379.63186049997 500016.63186049997 502488.62063 502405.62063 500351.6415055 503263.6415055 502027.6447205 501865.6447205 500099.6479355 497708.6479355 495860.6511505 496849.6511505 495746.65436549997 496243.65436549997 477422.6607955 438129.6607955 454421.6640105 692222.6640105001 690679.6672255 487515.6672255 484112.6704405 477131.6704405 459954.65599500004 236416.457422 159449.57515691 102729.66498983 -1.0 -1.0 -1.0 -1.0 -1.0 -1.0 -1.0 -1.0 -1.0 -1.0 -1.0 -1.0 -1.0 -1.0 -1.0 -1.0 -1.0 -1.0 -1.0 -1.0 -1.0 -1.0
-1.0 -1.0 58714.95981649001 313985.3033066 436887.897396 491737.86184200004 530664.751542 537594.751542 558189.285362 557989.285362 557505.6233600001 530370.6233600001 547287.6233600001 541082.6233600001 550242.6233600001 535342.6233600001 531266.6233600001 555582.6233600001 555172.6233600001 553360.6233600001 533895.285362 526997.285362 467063.125304 476856.125304 546869.3956619999 549171.3956619999 544774.057664 544762.057664 524539.6839020001 508162.683902 529921.1500820001 532026.1500820001 515401.794202 502494.794202 512641.43832200003 522252.43832200003 519728.06455999997 519969.06455999997 517396.90450199996 497791.90450199996 518899.726562 507814.726562 442481.133645 511187.53073999996 342493.98844 295808.41293620004 216041.01376049002 41883.2802168 -1.0 -1.0 -1.0 -1.0 -1.0 -1.0 -1.0 -1.0 -1.0 -1.0 -1.0 -1.0 -1.0 -1.0 -1.0 -1.0 -1.0 -1.0
-1.0 -1.0 -1.0 347756.8630631 541809.6565401 536881.6565401 529521.6878251 554989.6878251 551739.3065961 525316.3065961 545260.701008 555902.701008 555390.701008 555641.701008 554084.701008 535347.701008 562211.701008 547088.701008 563552.701008 564879.701008 560526.3065961 505396.3065961 441378.1184412 540406.1184412 546104.2753111 554255.2753111 551400.8808992 551797.8808992 534833.4502831 528379.4502831 522970.8315121 483226.8315121 475482.4189981 383976.4189981 452495.0064841 483423.0064841 524667.575868 512178.57586800004 510841.38771310006 516740.38771310006 502022.1814561 519265.1814561 511203.957097 479254.957097 470535.7689421 398270.0901464 279036.71518279996 68329.94708114001 -1.0 -1.0 -1.0 -1.0 -1.0 -1.0 -1.0 -1.0 -1.0 -1.0 -1.0 -1.0 -1.0 -1.0 -1.0 -1.0 -1.0 -1.0
-1.0 -1.0 -1.0 38294.57849158 587644.3694894 605353.0960808 593439.5047607999 522575.5047608 530334.9317616001 607407.9317616001 531964.1769696 526102.1769696 585637.2403848001 622947.2403848001 626936.3404416 576313.3404416 630662.2403848001 634835.2403848001 625798.9951768001 623583.9951768001 622093.9317616001 618071.9317616001 607378.6865536 617827.6865536 600799.1961376001 610703.1961376001 601747.8508728 602801.8508728 592008.5239288 587304.5239288 571573.1969848 492121.1969848 501358.9517768 526855.9517768 505091.769984 544589.769984 548930.7065688 563706.7065688 570800.5614176 570800.5614176 549885.4613608001 527242.4613608001 383063.4613608 425583.4613608 519537.3796248 566355.3796248 559182.2161528 340100.7300629 273949.4462445 84921.19588042001 -1.0 -1.0 -1.0 -1.0 -1.0 -1.0 -1.0 -1.0 -1.0 -1.0 -1.0 -1.0 -1.0 -1.0 -1.0 -1.0
16722.033745255 45817.067604410004 -1.0 15726.58095684 527285.2484409 602977.4655782001 604278.5420482 615669.5420482 602374.6370564001 631727.6370564001 626492.0829384001 641215.0829384001 636434.8796942 634583.8796942 643944.7135264 642803.7135264 638347.8796942 642173.8796942 629642.4338122 624110.4338122 617445.6370564001 635792.6370564001 628029.1911744 621441.1911744 612494.2994104 598495.2994104 604384.0196962 608141.0196962 573088.7585202 590145.7585202 589622.4973442 579485.4973442 557869.0514622 583381.0514622 582455.402336 575642.402336 576444.6055802 572653.6055802 567341.9935304001 570612.9935304001 569221.1596982 526864.1596982 563334.1596982 569114.1596982 563471.3444042 569834.3444042 569162.7138161999 559439.7138161999 565862.8985222001 776775.7490097 253173.61380288002 -1.0 -1.0 -1.0 -1.0 -1.0 -1.0 -1.0 -1.0 -1.0 -1.0 -1.0 -1.0 -1.0 -1.0 -1.0
192816.65742234 -1.0 -1.0 -1.0 348593.86428704 684419.2059382 678509.2867141999 687457.2867141999 691556.5972962 679559.5972962 719833.1189301 720352.1189301 724848.2742210999 727453.2742210999 721893.2742210999 724182.2742210999 721601.9078782 723263.9078782 716700.7525872 710436.7525872 679903.1934451 705049.1934451 699573.6718112 693825.6718112 681260.5722811001 680501.5722811001 667400.2616991 671230.2616991 647252.9511171 604758.9511171 630946.0256321001 607015.0256321001 617857.5039982 626978.5039982 635108.7150501 634606.7150501 634810.3487072 635287.3487072 628173.9448561 630574.9448561 618109.1934162 630073.1934162 625134.7895651 615723.7895651 617469.0381252 618480.0381252 617153.8828342 619105.8828342 609700.3236921 774869.9680488 127210.83853002 -1.0 -1.0 -1.0 -1.0 -1.0 -1.0 -1.0 -1.0 -1.0 -1.0 -1.0 -1.0 -1.0 -1.0 -1.0
-1.0 -1.0 -1.0 38987.756202720004 72437.4346941 687326.4297172001 701734.8462132 701596.8462132 692458.6585852001 708432.6585852001 728194.8478645999 724186.8478645999 734777.2540506 733042.2540506 734561.2540506 734840.2540506 733381.4709572 733718.4709572 725118.0647712001 722815.0647712001 714984.8375546 718881.8375546 710579.6482752 708513.6482752 692389.2128106001 692002.2128106001 680993.4004386 679963.4004386 669673.5880666 649540.6458723948 655821.5777566 650986.5777566 647881.3884772001 649270.3884772001 626051.7653846 610965.7653846 628566.9822912 643021.9822912 636052.1612606 642296.1612606 626097.5761052 631794.5761052 633894.7550746 636540.7550746 632399.1699192 627123.1699192 625134.7637332 621105.7637332 616998.5365166 610517.5365166 446985.5663802 -1.0 -1.0 -1.0 -1.0 -1.0 -1.0 -1.0 -1.0 -1.0 -1.0 -1.0 -1.0 -1.0 -1.0 -1.0
485136.3322765 -1.0 25951.988881365003 150934.78466154 576416.5071797001 777969.1764627 802061.8575344 795199.8575344 801944.3400391 807884.3400391 829387.8033621 829113.8033621 837610.9827474 835715.9827474 835977.9827474 837478.9827474 837767.9827474 838439.9827474 828494.7371731 829308.7371731 812082.2546683999 772405.2546683999 792041.7059746999 777992.7059746999 746417.1294554 748683.8823039576 736034.5337544 759157.5337544 747469.1366204 747409.1366204 731025.7394864 723112.7394864 722118.4085414 723190.4085414 701070.6032799839 713434.2099744 704999.0584147 714890.0584147 710701.9452184 708280.9452184 701305.7274697 699926.7274697 687384.4627137 691141.4627137 685229.2171394 685979.2171394 675463.8670127001 674896.8670127001 588309.5281207999 303836.13339395 100906.07120235 30754.736576530002 -1.0 -1.0 -1.0 -1.0 -1.0 -1.0 -1.0 -1.0 -1.0 -1.0 -1.0 -1.0 -1.0 -1.0
684672.2915826 507850.4499756 414243.66987630003 765260.6628133 690123.2729385002 780830.1618623 806661.8468656 794482.8468656 814335.0321859 820942.0321859 834833.1981129 832727.1981129 841200.6784026 843418.6784026 817347.6784026 739352.6784026 814559.6784026 834731.6784026 824772.0315519 837990.0315519 821662.8462316 822068.8462316 806087.4943502999 778105.4943502999 736914.0146946 724124.7461501234 746081.5156456 767136.5156456 751450.5162796 753699.5162796 743181.5169136 741331.5169136 728530.6841086 733361.6841086 727010.1844256001 726694.1844256001 721399.8319103001 715709.8319103001 712217.5181815999 711869.5181815999 704547.9991053 703064.9991053 699442.3328613 690558.3328613 538398.4894764 318896.52778814 135777.50350924 73195.75115224 259181.07365258178 549753.2218302013 218674.82700834644 11739.282746060002 -1.0 -1.0 -1.0 -1.0 -1.0 -1.0 -1.0 -1.0 -1.0 -1.0 -1.0 -1.0 -1.0 -1.0
849362.7705213 864812.8458834001 871989.2978022 859713.2978022 884803.0840194 883591.0840194 887268.1746096 854958.4573624864 893515.1867862 910389.1867862 951009.0957848 945339.0957848 951290.5477036 955252.5477036 836262.7148528001 939890.7148528001 954063.7148528001 957121.7148528001 944307.0957848 946485.0957848 873130.0640048 918503.0640048 907133.9486502 904481.9486502 866650.8136922 879765.8136922 812680.5755562 853209.5755562 840565.8337068 844031.8337068 821838.9247082 818727.9247082 809608.3056402 810450.3056402 798234.9568994 787282.9568994 775013.5637908 792764.5637908 783114.3378314 762231.3378314 752474.8415448 768768.8415448 760306.4092294001 468612.92110760004 32688.1120092 -1.0 -1.0 256340.05406732654 713584.9156793908 550570.7237007034 91047.77178443072 -1.0 -1.0 -1.0 -1.0 -1.0 -1.0 -1.0 -1.0 -1.0 -1.0 -1.0 -1.0 -1.0 -1.0 -1.0
867571.6286321001 835319.6286321001 877390.2160843 881940.2160843 898368.2721161 877426.2721161 899903.2011224 894713.2011224 900716.0508803 938523.0508803 959528.0136812 953085.0136812 963788.6011334001 959885.6011334001 950812.3354232 972408.3354232 967163.3354232 936390.2927666609 956830.0136812 921431.3991885299 940708.1441112001 939686.1441112001 915651.4073963001 862876.3207014676 1805966.6508693001 1862376.6508693001 859133.0073853 865080.0073853 715870.2514085851 436935.68676303315 809552.745881442 351896.55037310126 376736.4178965357 303019.5287299816 358055.2855269989 395920.13017764 373317.72419048 399785.72419048 497722.7791769791 479883.8341561 429246.6074476 393314.85987479996 321193.07155283 -1.0 -1.0 -1.0 115129.2606800473 738801.8658092 608564.1859244423 151183.8991151924 -1.0 -1.0 -1.0 -1.0 -1.0 -1.0 -1.0 -1.0 -1.0 -1.0 -1.0 -1.0 -1.0 -1.0 -1.0 -1.0
1019562.2608384 1015419.2608384 2023573.7411583997 2033963.7411583997 1051963.2136064 1039700.2136064001 1016130.8189985835 992101.6242842481 972262.0215072291 1068054.6588416002 2004851.6194816 2091441.6194816 2033325.6080128 1088923.6080128 2102937.5722495997 1098301.8886606875 1130891.5601024 1131048.5601024 1077085.0707349547 1085515.5171845993 1014406.7041040801 1026045.1934734528 1968782.2136064 1957014.0822974863 1955505.2486912 2003275.2486912 1979336.3795968 1399217.0556088805 33737.780487738 -1.0 -1.0 -1.0 -1.0 468852.9763767576 979375.9542308 1091354.482469681 557537.31747951 24014.106653475 -1.0 -1.0 -1.0 -1.0 -1.0 -1.0 -1.0 -1.0 582412.781026554 830415.0711040001 1255010.4758386945 1433235.4499664116 481859.2930499922 -1.0 22944.015350796282 66055.26399841765 -1.0 -1.0 -1.0 -1.0 -1.0 -1.0 -1.0 -1.0 -1.0 -1.0 -1.0 -1.0
1921209.378188497 2036371.0006496 1997477.6772420164 2007925.7582854242 2060136.2976416 2016148.6355340285 2092025.7118016002 2091375.7118016002 2006456.6465270722 2014917.2047704002 2059006.6189303999 2018836.6189303999 2078430.1704831999 2004280.1704831999 2050821.9159224 2130181.9159224 2113736.0128656 2139856.0128656 1122702.6189303999 1079296.612740818 1980871.3017136 2070091.3017136 1987259.156224662 1957628.6363235088 1831202.0988601597 1187664.6445749844 766429.7299366037 271398.8553255193 196289.92964243848 676091.1931261995 900115.25282912 928723.1246739998 508804.75972620916 -1.0 98361.6196758 750750.2528704079 1226762.019420215 1271571.421151361 431667.69694714004 -1.0 -1.0 -1.0 -1.0 -1.0 -1.0 749466.7552576077 1708874.8816750331 1579194.272603408 1757821.2125305512 1651955.072257149 1460466.3634810122 1069634.6153164667 1286750.5399596998 1174439.7790390537 370253.32868419634 -1.0 -1.0 -1.0 -1.0 -1.0 -1.0 -1.0 -1.0 -1.0 -1.0 -1.0
1769767.9344174499 1701270.4564603968 1805321.5145140546 958072.6792526052 2090613.9966500485 1966801.044501815 2172615.7987787235 2267052.0905216 2298204.6356736002 2287874.6356736002 2128597.4133504 2204347.4133504 1992606.363982773 2340319.9585024 2373221.9082239997 2392511.9082239997 1993250.5155034557 685244.8655191131 1181975.3094677906 1510365.8055921672 2306072.9797632 2295562.9797632 2124075.4260045686 1745617.9384942204 394228.88309168455 8054.85 801800.970212312 1368833.6247635426 2122134.5274112 2055167.0327984593 1911882.5325065046 1913698.4025122258 1860966.7962398531 652025.4933128532 -1.0 -1.0 -1.0 -1.0 -1.0 -1.0 -1.0 -1.0 -1.0 121704.20273056129 492253.23140771355 1899027.4984448 1756631.224233942 1805694.332447223 1760553.3484945046 1854068.868615745 1777002.89658911 1883082.0043776 1679985.209961646 1380489.998598848 404538.3463157468 227354.53822605615 -1.0 -1.0 -1.0 -1.0 -1.0 -1.0 -1.0 -1.0 -1.0 -1.0
2169629.2510702563 2066158.0082463715 2239772.4762402 1597571.6070029936 1785460.5729677812 1628159.2132026176 1651783.1219249526 2047257.4599977382 2346034.3246286 2356604.3246286 2356324.4925329 2167325.583788685 2278902.3207849003 2323632.3207849003 2390023.2332365 2409703.2332365 2416704.5985433003 1981870.9430147745 1798014.0948576087 1656011.7569605866 1907858.1671452834 2262585.8137232 1688336.2803533725 309486.8268146644 1172580.807662312 1668926.68853104 1868635.818691841 1817997.9082135581 2046270.5670107028 1527013.9305987097 1372861.193287909 1596294.4440698228 873714.2953750486 44438.62811225665 -1.0 -1.0 -1.0 -1.0 -1.0 -1.0 -1.0 -1.0 -1.0 153210.64306651 1102568.626339301 1898851.2698608756 901744.2834379 1759062.9085604523 1665675.4487812105 1730037.2105069556 1816418.2014076 1792374.0656122284 1721438.3927830062 1613099.0279085455 1278882.4204612074 398187.85757343844 23066.94095573897 -1.0 -1.0 -1.0 -1.0 -1.0 -1.0 -1.0 -1.0 -1.0
2390303.521878444 2299732.939238429 1375991.4707082561 1792669.9204297152 2306458.811460994 2371684.452199967 2504134.6385375 2486804.6385375 2654503.5880626 2665583.5880626 2662900.8431542004 2667170.8431542004 2728498.7922134 2657840.887007757 2758501.2494604 2665075.5554190907 2664192.1378227104 2637091.3804154373 2656104.559009228 2729330.2469991 2566740.5618418 2035637.0925220596 594135.5942919416 1378171.8243561538 1813145.132757369 2424877.7191209 2379392.4961332 2115682.4386297176 2238485.68656988 1993455.919788892 684197.8168313154 620489.6405198001 98590.3620181993 -1.0 -1.0 -1.0 -1.0 -1.0 -1.0 -1.0 -1.0 -1.0 -1.0 579934.7655895 778976.9022549901 657871.467178937 709074.835457962 786451.6616103523 1658965.1568649001 1414126.0823950996 1673496.7034456432 1408676.3812773756 1690971.1353353094 1110535.4956785645 577264.2146891117 778453.5972995484 192102.1346543098 -1.0 -1.0 -1.0 -1.0 -1.0 -1.0 -1.0 -1.0 -1.0
2509247.9873792 2364164.5383161446 2203031.6820044285 1569626.0858742616 2448549.513459321 2495600.3235032 2562476.70295 2532166.70295 2510439.4702792 2662499.4702792 2684971.4530264 2678901.4530264 2739612.1303128 2547996.2363430425 2627945.9248438077 2724034.075945531 2600588.847903741 2768020.1475656 2762010.0697371997 2765950.0697371997 1779952.1915263825 794216.3395135478 2019428.302427296 2203097.521740838 2081474.3902874007 1587908.6145917347 1668129.4008151824 2266708.609240315 2323902.1854562536 2266212.9253264153 1933774.7443917138 1172992.023697033 35092.75895541342 -1.0 -1.0 -1.0 -1.0 -1.0 36233.28622257647 -1.0 -1.0 -1.0 -1.0 -1.0 -1.0 -1.0 -1.0 -1.0 -1.0 96740.99361678 224285.7324025724 1075084.5983262965 475928.7299748329 201388.2060961991 1186836.1431158672 1585631.1088773422 475076.66585090995 -1.0 -1.0 -1.0 -1.0 -1.0 -1.0 -1.0 -1.0 -1.0
2071252.514178517 2737627.2109549865 2857981.3737078 2731035.8777251453 2771281.3737078 2859721.3737078 2916213.603209 2929183.603209 3009425.2638761997 2926174.9929012395 2630163.6565380655 2552544.4025357766 3078940.704817656 3169127.3706404 2877948.998629804 3165749.4264812684 2273990.878957238 1403707.105696721 766046.2195550798 335943.6158122815 883464.8650225992 1986760.7283016643 2458516.289062044 2652638.9546156 2561792.9681869997 2094078.024586135 1033418.0398618372 2365887.1228186814 2554924.4338274 2485752.336648333 2251638.8286479805 1893823.5337978695 282949.39136612933 60376.76363712522 9758.895809780006 -1.0 -1.0 -1.0 -1.0 43648.19148936057 1517110.2075852246 330019.9507294076 -1.0 -1.0 -1.0 -1.0 -1.0 -1.0 -1.0 114905.86748310999 224257.4988362903 15037.9 -1.0 34438.5 248876.31911297163 945860.5491274372 36444.6 -1.0 -1.0 -1.0 -1.0 -1.0 -1.0 -1.0 -1.0 -1.0
