Model Version1.4/trunk/output/2010/nbud_nat.asc
ncols 720
nrows 360
xllcorner -180
yllcorner -90
cellsize 0.5
NODATA_value -1.0
[rows 29 to 57 of 360, columns 396 to 461 of 720]
-1.0 -1.0 -1.0 -1.0 -1.0 -1.0 -1.0 -1.0 -1.0 -1.0 -1.0 -1.0 -1.0 -1.0 -1.0 -1.0 -1.0 -1.0 -1.0 -1.0 -1.0 -1.0 -1.0 -1.0 -1.0 -1.0 -1.0 -1.0 -1.0 -1.0 -1.0 -1.0 -1.0 -1.0 -1.0 -1.0 -1.0 -1.0 -1.0 -1.0 -1.0 -1.0 -1.0 -1.0 -1.0 -1.0 -1.0 -1.0 -1.0 -1.0 -1.0 -1.0 -1.0 -1.0 -1.0 -1.0 -1.0 -1.0 -1.0 -1.0 -1.0 -1.0 -1.0 -1.0 -1.0 -1.0
-1.0 -1.0 -1.0 -1.0 -1.0 -1.0 -1.0 -1.0 -1.0 -1.0 -1.0 -1.0 -1.0 -1.0 -1.0 -1.0 -1.0 -1.0 -1.0 -1.0 -1.0 -1.0 -1.0 -1.0 -1.0 -1.0 -1.0 -1.0 -1.0 -1.0 -1.0 -1.0 -1.0 -1.0 -1.0 -1.0 -1.0 -1.0 -1.0 -1.0 -1.0 -1.0 -1.0 -1.0 -1.0 -1.0 -1.0 -1.0 -1.0 -1.0 -1.0 -1.0 -1.0 -1.0 -1.0 -1.0 -1.0 -1.0 -1.0 -1.0 -1.0 -1.0 -1.0 -1.0 -1.0 -1.0
-1.0 -1.0 -1.0 -1.0 -1.0 -1.0 -1.0 -1.0 -1.0 -1.0 -1.0 -1.0 -1.0 -1.0 -1.0 -1.0 -1.0 -1.0 -1.0 -1.0 -1.0 -1.0 -1.0 -1.0 -1.0 -1.0 -1.0 -1.0 -1.0 -1.0 -1.0 -1.0 -1.0 -1.0 -1.0 -1.0 -1.0 -1.0 -1.0 -1.0 -1.0 -1.0 -1.0 -1.0 -1.0 -1.0 -1.0 -1.0 -1.0 -1.0 -1.0 -1.0 -1.0 -1.0 -1.0 -1.0 -1.0 -1.0 -1.0 -1.0 -1.0 -1.0 -1.0 -1.0 -1.0 -1.0
-1.0 -1.0 -1.0 -1.0 -1.0 -1.0 -1.0 -1.0 -1.0 -1.0 -1.0 -1.0 -1.0 -1.0 -1.0 -1.0 -1.0 -1.0 -1.0 -1.0 -1.0 -1.0 -1.0 -1.0 -1.0 -1.0 -1.0 -1.0 -1.0 -1.0 -1.0 -1.0 -1.0 -1.0 -1.0 -1.0 -1.0 -1.0 -1.0 -1.0 -1.0 -1.0 -1.0 -1.0 -1.0 -1.0 -1.0 -1.0 -1.0 -1.0 -1.0 -1.0 -1.0 -1.0 -1.0 -1.0 -1.0 -1.0 -1.0 -1.0 -1.0 -1.0 -1.0 -1.0 -1.0 -1.0
-1.0 -1.0 -1.0 -1.0 -1.0 -1.0 -1.0 -1.0 -1.0 -1.0 -1.0 -1.0 -1.0 -1.0 -1.0 -1.0 -1.0 -1.0 -1.0 -1.0 -1.0 -1.0 -1.0 -1.0 -1.0 -1.0 -1.0 -1.0 -1.0 -1.0 -1.0 -1.0 -1.0 -1.0 -1.0 -1.0 -1.0 -1.0 -1.0 -1.0 -1.0 -1.0 -1.0 -1.0 -1.0 -1.0 -1.0 -1.0 -1.0 -1.0 -1.0 -1.0 -1.0 -1.0 -1.0 -1.0 -1.0 -1.0 -1.0 -1.0 -1.0 -1.0 -1.0 -1.0 -1.0 -1.0
-1.0 -1.0 -1.0 -1.0 -1.0 -1.0 -1.0 -1.0 -1.0 -1.0 -1.0 -1.0 -1.0 -1.0 -1.0 -1.0 -1.0 -1.0 -1.0 -1.0 -1.0 -1.0 -1.0 -1.0 -1.0 -1.0 -1.0 -1.0 -1.0 -1.0 -1.0 -1.0 -1.0 -1.0 -1.0 -1.0 -1.0 -1.0 -1.0 -1.0 -1.0 -1.0 -1.0 -1.0 -1.0 -1.0 -1.0 -1.0 -1.0 -1.0 -1.0 -1.0 -1.0 -1.0 -1.0 -1.0 -1.0 -1.0 -1.0 -1.0 -1.0 -1.0 -1.0 -1.0 -1.0 -1.0
-1.0 -1.0 -1.0 -1.0 -1.0 -1.0 -1.0 -1.0 -1.0 -1.0 -1.0 -1.0 -1.0 -1.0 -1.0 -1.0 -1.0 -1.0 -1.0 -1.0 -1.0 -1.0 -1.0 -1.0 -1.0 -1.0 -1.0 -1.0 -1.0 -1.0 -1.0 -1.0 -1.0 -1.0 -1.0 -1.0 -1.0 -1.0 -1.0 -1.0 -1.0 -1.0 -1.0 -1.0 -1.0 -1.0 -1.0 -1.0 -1.0 -1.0 -1.0 -1.0 -1.0 -1.0 -1.0 -1.0 -1.0 -1.0 -1.0 -1.0 -1.0 -1.0 -1.0 -1.0 -1.0 -1.0
-1.0 -1.0 -1.0 -1.0 -1.0 -1.0 -1.0 -1.0 -1.0 -1.0 -1.0 -1.0 -1.0 -1.0 -1.0 -1.0 -1.0 -1.0 -1.0 -1.0 -1.0 -1.0 -1.0 -1.0 -1.0 -1.0 -1.0 -1.0 -1.0 -1.0 -1.0 -1.0 -1.0 -1.0 -1.0 -1.0 -1.0 -1.0 -1.0 -1.0 -1.0 -1.0 -1.0 -1.0 -1.0 -1.0 -1.0 -1.0 -1.0 -1.0 -1.0 -1.0 -1.0 -1.0 -1.0 -1.0 -1.0 -1.0 -1.0 -1.0 -1.0 -1.0 -1.0 -1.0 -1.0 -1.0
-1.0 -1.0 -1.0 -1.0 -1.0 -1.0 -1.0 -1.0 -1.0 -1.0 -1.0 -1.0 -1.0 -1.0 14418.424143009997 70302.78229654 16573.331717558 -1.0 7939.5404176600005 42385.14637888 25643.484532359995 -1.0 -1.0 -1.0 -1.0 -1.0 -1.0 -1.0 -1.0 -1.0 -1.0 -1.0 -1.0 -1.0 -1.0 -1.0 -1.0 -1.0 -1.0 -1.0 -1.0 -1.0 -1.0 -1.0 -1.0 -1.0 -1.0 -1.0 -1.0 -1.0 -1.0 -1.0 -1.0 -1.0 -1.0 -1.0 -1.0 -1.0 -1.0 -1.0 -1.0 -1.0 -1.0 -1.0 -1.0 -1.0
-1.0 -1.0 -1.0 -1.0 -1.0 -1.0 -1.0 -1.0 95369.83581538 147430.65616885002 99674.35102005 70251.78709155001 109405.54276162002 247367.16086456002 213211.43853932002 112859.47039151 170170.10341617 105850.27033628999 165012.82497884 282741.67885976 153015.79343996 195172.04097232 193013.7202872 126313.41828494001 91739.01352034 11771.443199262001 -1.0 -1.0 -1.0 -1.0 -1.0 -1.0 -1.0 -1.0 -1.0 -1.0 -1.0 -1.0 -1.0 -1.0 -1.0 -1.0 -1.0 -1.0 -1.0 -1.0 -1.0 -1.0 -1.0 -1.0 -1.0 -1.0 -1.0 -1.0 -1.0 -1.0 -1.0 -1.0 -1.0 -1.0 -1.0 -1.0 -1.0 -1.0 -1.0 -1.0
-1.0 32644.14734492 61916.732591010004 81233.92227037 34490.811488308005 76083.40609684 46388.00526892 148505.74482619 162580.66269521002 288076.05297444004 178768.82513265003 288137.73785020004 314672.3225428 307920.3225428 152784.46240962 297587.33817477 317970.6610798 291163.86750557 318244.3146436 315136.3146436 293776.57638298 283118.03738490003 260816.30453522003 265897.65630080004 241514.96563977003 135046.71138095 15857.885073704001 -1.0 -1.0 -1.0 -1.0 -1.0 -1.0 -1.0 -1.0 -1.0 -1.0 -1.0 -1.0 -1.0 -1.0 -1.0 -1.0 -1.0 -1.0 -1.0 -1.0 -1.0 -1.0 -1.0 -1.0 -1.0 -1.0 -1.0 -1.0 -1.0 -1.0 -1.0 -1.0 -1.0 -1.0 -1.0 -1.0 -1.0 -1.0 -1.0
100035.49297194999 197386.941194012 289677.79468752 198845.61759744002 266919.4810128 353922.65930456005 302912.15625152003 280215.79011348996 340728.003761 481093.003761 468148.71981449996 482754.71981449996 340932.06175540003 348490.06175540003 348516.4144202 350250.4144202 349581.4144202 350178.4144202 349598.4144202 349537.4144202 349805.4144202 342535.4144202 344031.06175540003 266471.79325576 181242.7646048 201055.54468726 123217.3389814 159620.44893255 182558.50099369662 89869.19913268 -1.0 -1.0 -1.0 -1.0 -1.0 -1.0 -1.0 -1.0 -1.0 -1.0 -1.0 -1.0 -1.0 -1.0 -1.0 -1.0 -1.0 -1.0 -1.0 -1.0 -1.0 -1.0 -1.0 -1.0 -1.0 -1.0 -1.0 -1.0 -1.0 -1.0 -1.0 -1.0 -1.0 -1.0 -1.0 -1.0
289424.0819566 303252.05280985 291687.35265680007 452142.3594176 452730.62940800004 479258.1111008 485250.0146644 490691.0146644 352845.918228 352171.918228 354959.84374599997 355918.84374599997 356153.7900392 357450.7900392 358619.7473096 358530.7473096 358119.7473096 353452.7473096 351020.7473096 307223.63165859424 288998.7473096 336211.7473096 333604.2436884 328461.3497772 326597.4752908 334833.19891599996 335574.6804996 334745.6804996 322754.4630784 302101.077324 195586.27946589235 169211.35678504 183818.80147229 152977.39169340002 129707.621892444 119094.43944931001 54881.06197148 -1.0 -1.0 -1.0 -1.0 -1.0 -1.0 -1.0 -1.0 -1.0 -1.0 -1.0 -1.0 -1.0 -1.0 -1.0 -1.0 -1.0 -1.0 -1.0 -1.0 -1.0 -1.0 -1.0 56367.836952640006 228805.16546778003 252262.037124 184845.23557239998 60577.8761597 -1.0
518868.43557040003 522853.43557040003 513045.7723064 519121.7723064 522078.5427008 526972.5427008 542039.8141312 543147.8141312 407650.6069848 409188.6069848 408118.06310240005 406792.06310240005 412546.9977968 412098.9977968 412840.9977968 412866.9977968 406390.06310240005 400101.06310240005 369715.128408 347527.128408 382380.66106079996 379020.00989840005 365388.4343656 365527.4343656 360947.155 344302.155 326562.155 357487.155 363760.6965531 362927.7916302 335415.9304926437 371149.7361904 359854.8531752 366679.8531752 341235.02729938366 347271.9437273559 340941.81875609246 306741.86987928743 204149.29499732045 104235.4631017 -1.0 -1.0 -1.0 -1.0 -1.0 -1.0 -1.0 -1.0 -1.0 -1.0 6412.090419499 -1.0 -1.0 -1.0 -1.0 -1.0 -1.0 -1.0 -1.0 -1.0 61843.84586104 191772.25440218224 150929.1245839689 63575.973428599995 -1.0 -1.0
523367.31606890005 497457.31606890005 509158.7305449 367050.7305449 393073.9934728 399083.9934728 411111.1737392 410527.1737392 417115.45962930005 416909.45962930005 418399.3310434 416375.3310434 416678.09683379997 420940.09683379997 421940.09683379997 422109.09683379997 410255.3310434 402130.3310434 408397.565253 415017.565253 415926.6823578 395887.677714 382739.26917730004 378887.2633571 367436.245625 353707.245625 365341.8046795908 377194.245625 378654.2633571 365994.2633571 335950.5663848291 376720.30405140005 371755.2049307 371520.2049307 360418.04738360003 373012.04738360003 358147.9367818 350779.4471181376 349914.95677606284 329535.00367423915 289082.52352722274 172168.16981361428 86315.76431158 30302.1767609 -1.0 -1.0 -1.0 -1.0 -1.0 -1.0 -1.0 12789.092071978 203149.6141836 331705.680114 344573.62168760004 294446.62168760004 119584.04229856 -1.0 -1.0 -1.0 -1.0 -1.0 -1.0 -1.0 71977.40195178 164575.42692004004
564265.7046091 566028.7046091 438311.71716440003 439114.71716440003 452002.1560975 448346.1560975 468257.3818417 467303.3818417 480762.8325067 482999.8325067 483803.0574275 480686.0574275 477591.2706164 484061.2706164 483461.0574275 481001.0574275 480634.3826651 479835.3826651 459860.49471379997 438799.49471379997 470771.81995140004 472007.81995140004 464782.0236887 447491.3594467 416163.182807 415710.182807 401703.0691786 385133.0691786 386934.0691786 358311.97287574434 349159.946319398 391267.28049407067 358611.5347327 397875.5347327 370525.5677374 400857.5677374 397121.32874870003 395538.32874870003 393248.4871137 381373.2634222929 378429.32032731874 378768.23162783496 385614.3617534 385271.3617534 299105.29125542 170533.61368472 -1.0 -1.0 -1.0 -1.0 -1.0 -1.0 267113.82122928 379740.8155756 300481.77028945007 178435.97827142 121767.74004919999 -1.0 -1.0 10650.569037140001 85654.9144708 135458.76372569002 240003.6923329 328098.8801046 372099.32586630003 372558.32586630003
427817.32958130003 422413.32958130003 437742.4748292 437874.4748292 465413.5199425 464158.5199425 478843.11512310005 477080.11512310005 492547.1722181 492373.1722181 494025.6341325 494347.6341325 493000.0840652 494794.0840652 492833.6341325 487509.6341325 488444.2483893 489393.2483893 485140.41271340003 485810.41271340003 481990.0269702 482061.0269702 467939.63970369997 443098.637738 429356.05100100004 429291.05100100004 425218.1826198 417110.1826198 335867.9935959552 352662.4091114 404875.1826198 415202.1826198 403062.7233361 411814.7233361 412867.66116819996 413106.66116819996 405035.9124241 405741.9124241 388049.38901082263 398633.73061910004 389064.58429931785 400107.1516983 399023.85025619995 399023.85025619995 398965.85025619995 393532.85025619995 145967.7370666 -1.0 -1.0 -1.0 -1.0 77763.31615520999 295485.79000127147 363222.5214527567 209540.43384377004 48901.65999947001 -1.0 -1.0 -1.0 152455.5653979174 387101.6302467 386760.6302467 383852.74988380005 379348.74988380005 368527.8695209001 380176.8695209001
503642.0636165 491672.0636165 507858.92283450003 519645.92283450003 541892.7820524999 546787.7820524999 565283.4779795001 564484.4779795001 580366.1494455 580251.1494455 580875.1494455 578508.1494455 566031.5800305 569669.5800305 568503.5984199999 1164214.59842 561393.084086 561884.084086 534611.926954 538839.926954 548098.7820524999 548415.7820524999 507575.0070405 486771.8775245 474435.2049765 451786.2049765 442429.272916 410195.272916 375358.1248215 271819.31242719997 223513.43208192004 210493.93966657002 289491.63685768005 372353.6667048 414208.2860014 449627.520213 442637.00798999995 425781.00798999995 435824.847665 438272.847665 436316.07592950005 437108.07592950005 436326.07592950005 433673.07592950005 437785.847665 360375.975116 101938.2376093 -1.0 -1.0 -1.0 -1.0 -1.0 -1.0 381252.67514505005 421023.97131349996 376033.8892176 262362.58641772997 276519.09692745004 307218.9437891 394954.5106528 418366.687355 418367.687355 416154.09496200003 416157.09496200003 411733.959098 411733.959098
503292.8911605 513172.8911605 538131.4684265 537799.4684265 558851.0456925 556604.0456925 571102.3642915001 571248.3642915001 591878.6579334999 583857.6579334999 585386.6579334999 588263.6579334999 586857.0410785 591501.0410785 1164847.0437307036 1109981.8429345565 1191441.018582 566646.0185819999 554132.525898 559866.525898 518603.04569249996 520419.04569249996 544475.948632 512563.68175650004 476250.1454805 412411.495701483 431076.47747973946 419763.102292 447413.2652455 459130.2652455 393660.2340239 270835.03103506 156231.22343768002 -1.0 22211.149782094002 93333.41442829999 146462.6916462 187146.205577 237151.11563030002 334842.6427062 363821.98501040007 370915.98501040007 320547.2937958 245238.14010313558 117584.94772309999 -1.0 53291.594383200005 217343.74217170003 400455.94254116074 387735.31444600003 327043.221622 168894.46562879998 297460.4638757704 435791.9254905 435257.4882495 435875.4882495 431513.0759655 433621.0759655 429784.445061 423963.445061 423072.826635 425242.826635 422478.389394 424292.389394 420082.564826 420082.564826
564230.1978095 592745.1978095 626293.141915 624668.141915 655874.0439104999 651524.0439104999 671737.7637485 1188724.6481012742 728974.0160931884 248049.41103115285 213312.2404314619 479573.25790468 412778.05497128464 706498.7748678041 1189422.4663511 1300855.7637485 663758.954765 661622.954765 649173.7304974999 651051.7304974999 619510.549917983 630149.9087885001 595880.3329314999 585131.4040325 548652.5370735 521919.055001 507600.46570580173 450379.6377645 452043.3090655 468064.3090655 476788.068904 487456.068904 492576.34465682245 249792.83980493335 -1.0 -1.0 -1.0 -1.0 -1.0 -1.0 -1.0 -1.0 -1.0 57127.95524256 227476.38391096 449112.434585 487827.848149 499482.848149 497311.7596115 497430.7596115 485020.057356 491400.057356 445432.42322500004 483413.342375 480172.6401195 479741.6401195 474365.47577 475038.47577 469817.7735145 469571.7735145 461342.5964395 464794.5964395 461763.969996 461763.969996 457161.80564649997 457161.80564649997
608025.3817835001 606311.3817835001 641933.433095 644017.433095 670068.5781765 670353.5781765 1176661.96063026 299729.91933344887 -1.0 -1.0 -1.0 -1.0 -1.0 103685.2013290271 241330.33622814517 1234090.338946999 1322533.678145 1270210.9184741809 639529.9405287429 657620.9137675001 647104.7138305 637166.7138305 606488.6829485099 601955.3349415001 539465.9592046991 515554.0146095708 508036.89259849995 527266.8925985 519208.6325915 508510.6325915 516486.94407200004 525929.944072 477821.0260690511 123849.2262072 -1.0 81821.14241705 -1.0 38792.65124266301 118894.59298080001 31208.611306240004 -1.0 -1.0 -1.0 123303.2708485613 440995.28764498694 508155.839599 508075.61885699996 507214.61885699996 503903.04736950004 506377.04736950004 500849.13810800004 500533.13810800004 495319.215875 493971.215875 483399.3066135 486796.3066135 484624.17660999997 484764.17660999997 477499.26734849997 478900.26734849997 474209.1243735 474209.1243735 470563.773628 470619.773628 461796.6436245 465928.6436245
709654.5472098 707527.5472098 743365.419413 743571.419413 1437786.0038164 721192.8473227655 467374.90043792606 -1.0 -1.0 -1.0 -1.0 -1.0 132937.2103598007 1035204.241957132 852584.3051453932 1241905.1328742784 1307692.3304628956 1373144.4966380883 1353763.1139838 1382388.1139838 1381623.3283904 1300016.7629509561 1300467.3447361947 1313371.0757384 1203691.652875076 1098978.0404085012 1222047.966792 576794.966792 588272.5347502 594573.5347502 574685.0683808 571464.0683808 574695.5755781999 320543.6807240407 -1.0 -1.0 -1.0 305621.01988254464 540895.7114946 1055626.757528 563931.1765685419 570590.39310032 173640.7330894249 163932.5236873966 362284.03971780534 917900.2555945406 1225019.069559 558824.069559 1220252.1435364 563229.1435364 557678.373363 556552.373363 549723.7722554 549799.7722554 540821.1579312 538433.1579312 529542.5568236001 531273.5568236001 521590.9424994 523427.9424994 519016.23308679997 519016.23308679997 514179.4629134 514236.4629134 508261.7535008 508261.7535008
723364.6783418001 726063.6783418001 763312.382833 767135.382833 1435265.7777924 1352737.3827750473 538849.9536899761 -1.0 -1.0 -1.0 32193.57090904085 462225.5604767954 1345781.64172314 1446891.3027336542 1339646.2919021253 1430633.8827224025 1363999.6241938192 1232853.1450591178 1076343.4910941692 1146372.5966904545 1292836.5516953082 1380021.1315263999 1270680.5076304006 1262500.472081 1266632.3343828 1262350.318888 1200939.3886431952 1125938.352006573 581380.6144743662 595015.2300182 580846.2186528 587650.2186528 522671.411652125 556126.9448783828 392725.87511857005 365101.07335087715 93712.52640072624 -1.0 110582.25451574667 116499.97209317597 1174792.3748225393 1220088.1170208 1234428.1297829999 1196326.0072687545 1202366.5976264225 861904.3172961983 1128702.288129718 953265.5525478543 1246147.1423124 1246421.1423124 1237594.1297829999 1239081.1297829999 1224317.1044914 1233034.1044914 551722.0657392 551722.0657392 543131.0404476 543203.0404476 534684.0016954 534684.0016954 528598.9893988001 528598.9893988001 523730.9768694 523730.9768694 517645.9645728 517645.9645728
845077.2729298 842466.2729298 848947.1797785388 789357.388537108 734059.3818610571 322993.71620122646 -1.0 -1.0 -1.0 545080.8017602514 1223866.0604733787 1594187.4028069759 1484824.037159565 1422626.8625822305 1508460.761045367 1485700.495370314 1504714.9781171726 1452395.4251084388 1350301.2223401128 1410996.4304612116 1472740.7278833403 1519889.9406703 1472153.0765054 1492148.0765054 1389465.8262422 1150343.5302220837 1247949.7838544662 1361721.4681513 675989.6736156 1284283.6368567988 1126962.3462336557 657329.8780397999 551790.2226987834 527010.4775929886 598275.5959780484 635792.1962540001 611469.4914584815 1102615.471229 852684.8241799173 958565.4498595169 1150169.749068594 1317676.2815965 1320963.2668527 1320963.2668527 1319724.2605209 1283015.0595232975 1285243.290471549 989159.4996950615 1323162.2109977999 1322514.2109977999 1319724.2605209 1319724.2605209 1306095.4512414 620188.4512414 610005.5998106999 610005.5998106999 598854.7757874 598854.7757874 590107.8685018 590181.8685018 582381.9949554 582380.9949554 575314.0940016 575314.0940016 567880.1930478 567880.1930478
826584.3150516 776419.420708446 278904.12493575853 51130.828415752 -1.0 -1.0 145428.60946136495 401831.2544099767 1114787.0360520838 1405096.4089844981 1558378.058260694 1462876.1781444736 1603807.1628129333 1587639.0821852263 1435729.1525959568 1407748.3366656 1471041.2962696194 1327276.137146845 1355650.3889295056 1385103.6062167315 1400793.5113664 1454096.008339055 1269313.7104568295 1142524.0849839337 1384826.1581682467 1399746.5640512002 1362955.1276544 1345031.5722944 1295301.4579328 1302637.4579328 1102988.9806849286 860983.5604908001 1169165.4654157746 1046339.4735932364 1088910.1979227616 1259610.0560078735 1284269.4731109876 1334297.719392 1339244.006272 1318208.006272 1266892.719392 1339266.719392 1344287.4464576 1343431.4464576 1231220.0281990245 1305801.3458560235 1267074.5776702508 1160735.1908989854 962436.0219559212 1235720.389504148 1342198.5689792 1343026.5689792 1329157.1816832 1319518.1816832 1317809.4935615999 1317809.4935615999 1306460.8333311998 1306461.8333311998 1297635.8304384 1297635.8304384 1290070.7329152 1289745.7329152 1282418.6075008 1282505.6075008 1274940.4820864 1274373.4820864
552310.71942195 -1.0 -1.0 -1.0 -1.0 -1.0 775907.4866189554 1516316.7308912056 1673783.8119116705 1506032.704228644 1628173.607484861 1739682.7835947648 1723992.5345023277 1780632.9251475 1673850.4287820002 1586098.245223162 1480608.5416330448 1428237.4482339998 1603250.7026840001 1310750.1899910504 1432703.2322081402 1425793.3079060826 1312266.294359639 1245564.092727772 1457394.3588349852 1429453.0973606105 1425333.3282320343 1447836.7401026809 1377781.5694877096 1352162.3083761625 1372635.854695276 1249183.8331865594 1144935.087656782 852547.9439971566 999379.8546556548 1201426.8094153015 1347859.4716189487 1407248.680989 1390202.0085915 1424829.0085915 1425172.5846895 1333330.4208916873 1438052.830179 1397087.679470614 1236003.1276991968 1312934.9536401357 1395927.3442176783 1395364.5727983331 1395927.3442176783 1118333.255229796 1117541.474234778 1231292.9655447798 1413682.806511 1413682.806511 1398620.8073605 1399573.8073605 1388030.0820725001 1388030.0820725001 1377769.029182 1377769.029182 1366225.3180805 1366225.3180805 1354550.6353520001 1354681.6353520001 1344420.539902 1306810.4893390627
-1.0 -1.0 -1.0 -1.0 -1.0 -1.0 375433.1614916583 1642704.9168649164 1753308.6231401016 1895867.6272434713 1831360.0064856 1763324.7878847588 1725564.2153560002 1711408.4328309626 1785812.9587552 1535813.4613927412 1634942.0648224 1643367.3865627525 1489394.5369604852 1391009.3420385998 1437590.7239231998 1308776.3739397216 1303033.0267267139 1332700.3135248 1551323.7832745747 1298906.9303030833 1436677.7032124125 1396826.853567875 1295223.3027838126 1425068.7599115921 1338406.8641853873 1258464.7466869925 1087910.8268397697 945990.8118862597 1039615.5936353713 864052.542042071 1335248.3826828331 1144608.1475649117 1417399.6936344001 1444908.6936344001 1402538.0300472 1459758.0300472 1381042.4382165407 1421947.183416167 1417882.0980031635 1458453.6670912001 1459758.0300472 1419410.5499722974 1459758.0300472 1379059.5612441404 1411746.873908979 1252999.8706717163 1275962.7195197311 1196511.6305223699 1180223.597623899 1383460.917703111 1411498.0000359998 1411498.0000359998 1399433.4281952 1401063.4281952 1389324.5078248 1382333.5078248 1373102.6163072 1372549.6163072 1059099.636009481 1365483.0011872
-1.0 -1.0 -1.0 -1.0 -1.0 -1.0 139642.57783994186 1619871.2134507862 2024233.8475285 1970532.5587053658 1992183.8208122926 1897229.1213519 1856018.159220718 1934988.1924703 1582751.1621887144 1700881.9691740419 1660411.8111825127 1574457.5946250642 1642587.1719230148 1608174.1011451392 1576506.5292521147 1439119.2957234667 1419017.8492305488 1491311.7323396825 719751.8069540947 661475.5223777298 1173176.8744663803 1369321.3569089593 1496564.0032179349 1391496.4653529543 1306625.2860860429 1419784.313957647 1013285.3724723281 749339.608744876 677778.4359805728 718302.3102433 1106273.6682770313 1334950.0410574654 1437747.0523637645 1516366.15743867 1493446.851105648 1447166.9463306789 1496844.6979819797 1569644.7603658 1492262.7804731992 1534436.720016104 1572749.5925146001 1572749.5925146001 1524940.2284993008 1437628.7821807575 1513339.9949866752 1513408.5355185864 1494468.1166856275 1494468.1166856275 1102030.1929161332 1232825.0781654255 1389667.4885450958 1473497.015978139 1502476.6037494 1500545.6037494 1152455.2133699316 1275797.672168567 1383196.265245182 1423445.4948005104 1333690.585677833 898023.8190033208
-1.0 -1.0 -1.0 -1.0 -1.0 -1.0 112285.50996009752 1585477.9394169154 1715173.0184692582 1698325.5152236288 1818454.0393272643 1747465.2518383563 1559482.2429317127 1820409.316696893 1718348.359045633 1655132.833570682 1749557.68140804 1797272.0699506002 1705055.6409279257 1591402.0960084647 1258448.165818559 1690007.8266355 1502504.2306426521 988922.1092077335 898935.527471094 -1.0 -1.0 826989.1296419188 1047099.0095248007 1222795.6419261498 1443187.062591203 1495990.4581541251 1464858.8626518056 1190491.4575731384 852672.503680636 677075.891552137 696173.7506071124 1149016.1401504774 1545983.0530204428 1545552.931766566 1558821.6564962757 1243220.8961039053 1518323.8259002743 1476107.1865980588 1382843.9460815403 1514279.0418139256 1509076.1150555643 1508934.0993195733 1241231.604237311 1417096.7165584113 1361988.0472705816 1450468.450677534 1474928.533309099 1301629.8173522153 1462545.7642487967 1419112.090604805 1367261.3671797104 907538.3325871197 1318705.4818711434 1356254.9099492473 1340175.879506094 1424360.4348057476 1487746.0419799 1487693.0419799 1432945.8961958943 1433549.2336749227
