Model Version1.4/trunk/output/2010/nde_ag.asc
ncols 720
nrows 360
xllcorner -180.0
yllcorner -90.0
cellsize 0.5
NODATA_value -9999.0
[rows 54 to 80 of 360, columns 496 to 557 of 720]
0.0 0.0 0.0 0.0 0.0 3424.0982458372064 0.0 0.0 0.0 0.0 24315.30126422095 39642.62123690179 0.0 6446.718131446474 6981.29122873865 6970.673620968142 0.0 0.0 18466.702165494895 0.0 0.0 0.0 0.0 0.0 0.0 0.0 0.0 0.0 0.0 0.0 0.0 0.0 0.0 0.0 0.0 0.0 0.0 0.0 0.0 0.0 0.0 5866.627602093529 0.0 0.0 0.0 0.0 0.0 0.0 0.0 0.0 0.0 0.0 0.0 0.0 0.0 0.0 0.0 0.0 0.0 0.0 0.0 0.0
0.0 0.0 0.0 0.0 0.0 0.0 0.0 3800.4387584556716 2942.668180893237 1397.6581522604101 4756.052136495892 41099.1896196733 3182.277420743236 4250.222903948657 0.0 2993.2140223954802 0.0 0.0 4669.778771062689 4493.589767142229 0.0 0.0 0.0 0.0 0.0 0.0 0.0 0.0 0.0 0.0 6223.812369011517 11466.296597675382 5474.896784486375 5462.347907704781 0.0 0.0 0.0 0.0 0.0 0.0 0.0 0.0 0.0 0.0 0.0 0.0 0.0 0.0 0.0 0.0 0.0 0.0 0.0 0.0 0.0 0.0 0.0 0.0 0.0 0.0 0.0 0.0
0.0 0.0 0.0 0.0 0.0 0.0 0.0 3038.3773689455015 12020.804185096946 7521.013017470153 882.1570299592778 0.0 0.0 0.0 0.0 0.0 0.0 0.0 0.0 0.0 0.0 0.0 0.0 0.0 0.0 0.0 0.0 0.0 0.0 0.0 0.0 0.0 0.0 0.0 0.0 0.0 0.0 0.0 0.0 0.0 0.0 0.0 0.0 0.0 0.0 0.0 0.0 0.0 0.0 0.0 0.0 0.0 0.0 0.0 0.0 0.0 0.0 0.0 5322.431240787923 0.0 0.0 0.0
0.0 2118.82474723479 4314.484351116208 0.0 0.0 0.0 0.0 0.0 0.0 5228.654168732411 11297.889228650243 0.0 0.0 0.0 0.0 2727.4904119829966 4543.207972249453 3661.0195220166956 0.0 0.0 0.0 0.0 0.0 0.0 0.0 0.0 0.0 0.0 0.0 0.0 0.0 0.0 0.0 0.0 0.0 0.0 0.0 0.0 0.0 0.0 0.0 0.0 0.0 0.0 0.0 0.0 0.0 0.0 0.0 0.0 0.0 0.0 0.0 0.0 0.0 0.0 0.0 0.0 0.0 0.0 0.0 0.0
0.0 0.0 0.0 0.0 0.0 0.0 0.0 0.0 0.0 3465.770735427095 0.0 0.0 0.0 0.0 0.0 0.0 6297.992257289623 6460.1416366994845 0.0 8921.839868686284 0.0 0.0 0.0 0.0 0.0 0.0 0.0 0.0 0.0 0.0 0.0 0.0 0.0 0.0 0.0 0.0 0.0 0.0 0.0 0.0 0.0 0.0 0.0 0.0 0.0 0.0 0.0 0.0 0.0 0.0 0.0 0.0 0.0 0.0 0.0 0.0 0.0 0.0 0.0 0.0 0.0 0.0
0.0 0.0 0.0 0.0 0.0 0.0 0.0 0.0 0.0 0.0 0.0 0.0 0.0 0.0 0.0 0.0 0.0 0.0 0.0 0.0 7148.022303365975 6393.49984114769 0.0 0.0 0.0 0.0 0.0 0.0 0.0 0.0 0.0 0.0 0.0 0.0 0.0 0.0 0.0 0.0 0.0 6317.800215076859 12504.53880163559 12427.532583659107 6187.98518001728 6225.774072056345 0.0 0.0 0.0 0.0 0.0 0.0 0.0 0.0 0.0 0.0 0.0 0.0 0.0 0.0 0.0 0.0 0.0 0.0
0.0 0.0 0.0 0.0 0.0 0.0 0.0 0.0 0.0 0.0 0.0 0.0 0.0 0.0 0.0 0.0 0.0 0.0 0.0 0.0 0.0 7420.992891484535 7767.674677413066 5805.674174121132 6801.3676641827105 13476.507466442745 6741.20234205421 0.0 0.0 0.0 0.0 0.0 0.0 0.0 0.0 0.0 0.0 0.0 0.0 0.0 0.0 0.0 0.0 0.0 0.0 0.0 0.0 0.0 0.0 0.0 0.0 0.0 0.0 0.0 0.0 0.0 0.0 0.0 0.0 0.0 0.0 0.0
0.0 8028.5020716930285 0.0 0.0 0.0 0.0 0.0 0.0 0.0 0.0 0.0 0.0 0.0 0.0 0.0 0.0 0.0 0.0 0.0 0.0 0.0 0.0 0.0 7510.632803675557 7611.785555856914 13619.985684860036 6918.3292334891985 0.0 0.0 0.0 0.0 0.0 0.0 0.0 0.0 0.0 0.0 0.0 0.0 0.0 0.0 0.0 0.0 0.0 0.0 0.0 0.0 0.0 0.0 0.0 0.0 0.0 0.0 0.0 0.0 0.0 0.0 0.0 0.0 0.0 0.0 0.0
8632.678448031382 0.0 7792.158047642433 0.0 0.0 0.0 0.0 0.0 0.0 0.0 0.0 0.0 0.0 0.0 0.0 0.0 0.0 0.0 0.0 0.0 0.0 0.0 0.0 0.0 0.0 7201.091385098305 21455.014591139738 24496.292468952564 23342.124501898645 9912.8753087208 0.0 0.0 0.0 0.0 0.0 0.0 0.0 0.0 0.0 0.0 0.0 0.0 0.0 0.0 0.0 0.0 0.0 0.0 0.0 0.0 0.0 0.0 0.0 0.0 0.0 0.0 0.0 0.0 0.0 0.0 0.0 0.0
36221.06661589596 38792.57670956978 17586.77138855128 11021.926221249812 0.0 0.0 0.0 0.0 0.0 7508.795769717633 0.0 0.0 0.0 0.0 0.0 0.0 0.0 0.0 0.0 0.0 10221.640146351987 0.0 0.0 0.0 0.0 0.0 0.0 0.0 13857.933053072138 47076.92504219636 14634.700907099144 0.0 0.0 0.0 9979.649575971125 0.0 0.0 0.0 0.0 0.0 0.0 0.0 9868.495444610866 0.0 0.0 0.0 0.0 0.0 24149.118833025837 7808.552239258238 0.0 0.0 0.0 11156.450154685714 0.0 0.0 0.0 0.0 0.0 0.0 0.0 0.0
66793.54237668766 96627.12635308268 121983.62674633703 52647.340126892115 22400.6982245049 33993.951661820814 22298.89287354448 21166.53259606202 21331.38740301054 9960.200292139962 0.0 0.0 0.0 0.0 0.0 11031.9146622326 0.0 0.0 0.0 0.0 9297.669379435489 0.0 0.0 0.0 0.0 0.0 0.0 0.0 10538.727074678394 10803.484559011598 53501.61058895381 50519.02912352194 32697.589503699935 10991.026307599486 0.0 0.0 0.0 0.0 0.0 0.0 0.0 0.0 0.0 0.0 0.0 0.0 0.0 0.0 23025.093156252908 16759.809370639752 16551.973777646246 0.0 0.0 0.0 0.0 0.0 0.0 0.0 0.0 0.0 0.0 0.0
94357.5155689995 85432.19385078759 80294.22583116827 68449.74175686648 50250.00920631498 60016.581830315234 74228.13516309184 74149.10084155027 87477.29175862453 30929.103363860744 36887.043444847506 63775.76223329308 14490.875914428409 20094.73606996454 9986.557947690111 10459.659475887007 0.0 10926.36723870714 0.0 0.0 0.0 0.0 0.0 10908.972609691247 0.0 0.0 0.0 20957.695631468418 10266.914088767237 0.0 0.0 47363.79040526101 113287.73957418834 0.0 0.0 19630.90587289209 46979.08358462009 9421.082033290428 10640.37892448326 10891.578627846668 0.0 0.0 0.0 0.0 10315.005063307126 23377.664518313726 0.0 0.0 0.0 7395.5836863991535 7790.007784998751 0.0 0.0 12351.100953183075 0.0 0.0 0.0 0.0 0.0 0.0 0.0 0.0
184891.46850161496 177210.88605721024 1663702.160595477 105647.65887714169 1557631.1363070535 1599468.7239557153 85378.7206748706 130724.36715812239 157621.26535896404 175873.8519592728 119558.17717687147 106521.73438774982 1249435.0405247621 52337.30506127227 23498.51397026168 42442.63530190272 47466.52826686208 46714.0142804223 20806.337666137908 8592.103459929991 25265.255868322623 10390.234452045162 22090.63742812187 35612.493833260145 34378.52364214638 0.0 0.0 0.0 0.0 0.0 0.0 119183.39797518836 67618.75255097497 56217.31351171688 20088.736710645495 64735.16435053043 92723.70499039663 106203.98417248735 17311.709189209298 0.0 0.0 0.0 19459.749087904773 0.0 14528.013055117795 83080.0093099653 0.0 0.0 0.0 16358.118753199557 63912.46155609473 10424.186073500263 0.0 7075.735725665549 33975.41820610779 25924.58872462121 13921.03582684054 9420.604889923667 9094.44969369135 8754.727798257849 0.0 0.0
1017337.0304512477 1264843.1608751428 1375915.8504396093 1588685.3357388382 2066347.567148907 1850376.518649605 996782.9690293695 956865.394951449 136996.5522915799 1206896.7060444755 127943.9572515307 1158628.696249479 982147.4789076261 1226454.4986513073 101685.87140386151 123681.35222806847 89246.85973237937 144705.21221173243 107001.983490664 52875.55573583978 134774.49917899896 56013.88173694357 19751.31123405011 61482.43816483661 75395.73857020466 54790.47342340576 74242.48668720372 87499.53206077816 34576.9646956127 23418.312276262626 108449.36124441001 1477676.313368172 75566.96035085944 130395.88941616387 1530606.8494212849 55890.51968417934 118220.65168320025 67725.05479310433 115734.91756469569 119281.74589135693 56289.24096748027 39038.37225553849 71052.83397918583 60084.214593163604 928080.964737058 58227.2769935104 40714.61958573077 0.0 8988.292222007392 68755.51522377414 1465031.168038155 20644.414396396118 0.0 10409.514535204264 38098.85306201354 44848.06930736876 30854.499270729324 24136.52831092493 1302.0358770079783 9347.766212033051 13891.551570977499 0.0
1212696.7190032904 103477.4901269626 1298400.651576237 1427012.721107372 1487673.7627591863 1283739.1337337275 1218395.734139223 171143.7903467426 160654.74983345845 1017408.6139302753 1123416.8637036642 619565.2668766943 1015741.4827507113 1391811.2340846222 1021333.7142173597 124611.42916958139 122101.31540139517 145905.73475701053 148615.6990387083 134932.57337676763 99183.40155184496 62946.78836882447 94056.14975159494 132177.41452454432 56540.82577066356 48690.196046085686 112943.49942072538 76894.63605524527 64335.483729801395 91112.6066154108 1597239.540118664 1725835.664693458 1237327.9437158518 1664638.398782059 1884320.539336299 144980.90024139994 76449.46293037875 0.0 8247.016703218338 48013.607242937236 63261.23738976334 125135.4279597428 101402.47673488429 70067.81179773316 75312.46451428108 38428.69766453725 30898.848650731306 8081.96448223016 4112.746717620698 6957.344952851127 19064.7655924363 51065.831455128624 55957.73167794639 89659.16792672848 66036.23798408394 34696.38677332153 18858.250433742836 0.0 9428.46852827478 14099.347666326203 2019.9208857697042 0.0
1683267.1711686552 286040.68683656177 1123438.5514558875 853369.2511883179 851006.6510963785 319137.03399066825 176583.83873927855 1069269.242695894 132649.8965419713 1190448.343522442 1343223.9998256792 1086960.0422837872 661437.4303271044 444304.45609283505 776519.195236444 126236.30700012142 10303.655277439251 7940.995445809371 64463.21613973433 10101.098105565183 82998.85922199415 135323.2683595247 117511.78731543856 126645.94477395403 140619.6211491385 169092.43400788365 133514.88485676155 152240.02550548842 702871.2411588214 1638838.837903936 1865135.0690952002 1420096.8159396444 1350903.6509387917 1077973.2522961802 1023855.4601970223 1468590.6476156132 1304706.0676942407 75998.24213593961 0.0 20770.658488305507 0.0 18551.522677098175 23900.09732379509 66303.13176323989 40601.122900610215 883385.7852713411 42241.28230121644 37181.40590056396 12821.251562498855 3665.739526372443 0.0 22241.61701921589 17107.740140721187 46460.24441783562 13208.390393487683 0.0 0.0 0.0 0.0 0.0 0.0 0.0
424986.98904845107 1499641.057375139 1424700.9664766032 1567236.170602938 1576545.689895553 504040.32290825655 1092492.1727159943 737970.5835608662 806789.2532141086 1011818.1080659673 1063387.4907637239 1095678.8276170138 957759.2395907481 730266.7190540707 848285.602110069 140735.7208696387 129482.40749686293 139830.2454195673 750509.22842131 94121.1611155002 146917.0482065262 80918.69711774372 166966.9268162704 974881.0486678354 714314.188988882 154805.8188724481 1141873.225543905 155360.49821410206 1098341.8040413917 1219081.5831534888 1717218.569778697 156970.07833767915 108109.97010852635 90849.63890563117 672604.2505839389 756007.4151890276 1073641.796761519 1176554.0813761805 34228.24169880346 9335.721771270451 8361.635910648538 8499.966568700602 27441.467244576692 54961.61442103278 65119.84088499617 61960.35787810197 28126.40690948542 15141.465181612755 10476.813337385147 0.0 0.0 0.0 7501.473170968611 0.0 0.0 0.0 0.0 0.0 0.0 0.0 0.0 0.0
1509861.4216296123 1556185.350161357 1651855.864221825 1776739.9080470651 361015.91387904895 1680696.4583869711 1273239.080891863 1831072.3067526692 1803689.7129239351 1632326.4592774995 1181151.3314063733 1447870.255767812 1036920.0297195531 1112946.6256938116 1925468.20537286 347242.84785019 1366078.8227598325 1197227.669176248 272248.71412015974 228497.36229572617 945443.9958470021 183329.35288525614 615475.5909870449 627835.2401365887 680084.9255768337 911676.4793069108 1025522.2096444585 148579.27096605406 1136577.2572202603 1034590.2285295425 1116162.7770328687 1294222.8863151844 137738.74705100027 33978.92969214282 10012.752702161904 64505.447569171214 856129.3968627676 1256997.1783474702 65711.90744383089 10582.675674189897 8594.960901648865 8541.643285108865 8302.633068482792 52213.963971616395 46249.814467442346 54319.65352220131 48609.214448181076 952634.7347959208 33416.13148355655 28860.582349583332 0.0 0.0 0.0 7148.6494108910265 6888.641272518644 0.0 0.0 0.0 7090.114536416482 7334.429556984214 0.0 0.0
1613650.9885462394 562146.2611145065 1644982.7197056618 1684969.5241747715 1919601.8678166394 1817593.64836746 570187.5688905708 1918713.710137112 1874985.0397440246 1957212.7547410657 1678163.2252744231 402790.0499554684 382874.7180638956 485886.96934161405 538016.2163192922 618443.6475918134 586769.6838015949 437925.19095861044 338954.48785267514 288493.5076429625 273400.16390120017 253859.0436261068 238770.29610665483 738026.5425980601 782503.2607691847 737179.0709711635 1281162.0363577814 1014694.5254820853 1280589.3985535796 90129.1908252785 1275509.273713132 1353030.3713499617 880990.6923403713 1032453.2035031938 767700.1166504306 60936.28127829242 10910.73337487062 1058133.5345469373 1456942.1216005317 26793.95279398242 8596.873849163308 17321.68537221274 8095.77199838474 16395.03387629029 36899.82075602193 106492.56681262956 173810.98913213174 1502723.3120863757 63287.341121882375 54120.32223685192 4466.825599737202 0.0 0.0 0.0 0.0 0.0 0.0 0.0 0.0 0.0 13839.225978964781 7095.872212892521
1560300.2304126353 1645250.9540093383 607606.6360235492 1957804.622771495 1795719.6665860983 1994399.872216662 1930843.2541710506 657896.0987767458 655195.0552146591 433124.67818406713 584172.7201167509 641041.8893655172 593381.7494889247 470458.27215371554 504263.3069530323 452147.49334386183 414894.7143549667 365312.646842574 387596.5767239495 404574.2541306471 269824.3729285684 306988.3852923928 307162.63578137197 1788718.843736723 759868.5545936245 886665.2790586315 861972.2418945971 950331.1281165811 1319103.5935165114 1305690.8285107124 1740010.1618227768 1597516.6949933933 107936.69000541091 857392.7060642664 1031548.2095250691 932431.5985787783 147469.83464753063 19612.493212550908 93345.51476825029 0.0 0.0 0.0 0.0 4965.84558963416 53482.63271237894 1656328.6847093187 1864532.4931799246 1338438.3664114838 24780.74073668393 15582.948329537478 3500.238072104414 0.0 0.0 0.0 0.0 6655.868357381676 0.0 0.0 0.0 0.0 0.0 0.0
550640.9468370465 1641709.2678938117 1633357.2553542857 1583284.9671590794 1609458.2210643892 1880882.913176633 2008026.9757954841 661592.7163311283 594406.0302455099 538995.3619653034 565978.85192211 461446.259609379 433641.38826658926 472255.9333723762 414568.77857925696 454496.22200863063 483577.4851356425 503258.47104228695 486322.0422878796 343668.3279054174 342147.4216264285 404685.4552697572 473866.9152271927 296921.27513642027 342069.05503549596 864988.0212649164 979351.7280021638 905901.7432949477 819930.9044449893 1132849.6636444712 1091098.6239447673 142015.26618944755 9249.127319311638 854100.102886274 1223693.5560109038 1280421.1059884233 1198715.6478586607 74343.43953561575 11847.772716410445 10466.127082654222 0.0 0.0 0.0 -819.3294878142767 27568.762339088655 2130.045952094021 3776.1695555430024 0.0 0.0 0.0 0.0 0.0 0.0 7027.593129227905 7674.802206136708 7279.033014735425 0.0 0.0 0.0 0.0 0.0 0.0
521535.92062811827 1870341.6196284997 605116.4863050254 568926.4581382069 1898107.7704819455 1935459.7692451084 1966618.53929326 1946966.156793646 528508.0650707679 649288.3084500373 448060.43602083315 481660.21997501096 415917.027861857 444649.5090742046 434873.79138733173 462952.0772212154 515286.80360696866 521927.5651054529 454738.0653598483 486548.6012379555 336419.0257695988 362465.87999889464 281904.71421613335 415696.3081593161 369450.477293454 1310599.5725323125 217957.33962996575 786441.3473945877 880426.070043954 991581.2723559377 964835.7034480503 1248523.3890106315 1310513.284486041 1064875.212558927 1358523.3732481385 1254917.90862747 96545.75293606715 8270.142192292347 0.0 0.0 0.0 0.0 0.0 0.0 0.0 0.0 7736.706803194666 15227.477242031811 12365.737828407991 0.0 0.0 -15963.195574251975 2552.617515830633 0.0 7431.995668043132 7665.335424607991 3987.180356132944 0.0 0.0 0.0 0.0 20368.49865947809
527719.8455753261 517752.9437306152 558065.5680239127 536305.555969356 430384.6849365006 1909696.7149548633 656691.0616266353 562086.6548452505 541590.5675753069 585556.2103212018 565824.9825340302 437669.1024547732 394069.04526426725 356738.0758969523 411433.94361371076 333523.5396994231 534360.369997263 378191.9859446071 460070.4334901052 430690.7822975546 447104.1966869994 583909.4001088473 458875.3773551319 212612.00598305734 205114.12062467655 150742.64300277905 860989.2045470346 982407.2652130758 1159137.3151759722 674324.4303012325 652339.2934436195 58616.13440124408 59446.289447142524 34985.36962544464 18311.26217325921 26379.06944762831 8973.342804991298 0.0 0.0 0.0 0.0 0.0 7414.689315243375 0.0 0.0 9595.672527490025 17599.23841533464 18071.251554714574 10627.957866019166 7361.860257664461 18449.00563219488 37418.889080485824 29591.57462456006 10258.328275482516 -9148.509004449963 4700.9600069786375 7265.34557592797 7397.278428001994 7288.716513742687 0.0 58797.684707864355 351810.3228975637
422967.2855588652 473626.8662527637 371769.05221547716 389401.92595591827 384691.61448092293 436935.1033030347 484308.15957163944 614580.7884006811 527012.924325794 344706.41900285997 316410.9925329607 476120.5863581226 503916.4602173036 397534.5257587035 540506.7511479005 461066.1300768467 551553.0704105775 434132.50164830213 453747.65597982187 458700.32407170575 470215.0962132145 465784.9488013925 445120.8461435464 364109.65813135257 301036.7958780059 499447.6842639296 1612317.7207010386 901356.057930369 151244.83086948944 58137.342856760595 59087.146271536374 27000.405930976056 32333.426349990776 32415.691932511865 38100.38105369752 28912.54340186529 14203.737991181892 8568.644398421682 7934.546705487872 4612.073650533997 0.0 0.0 0.0 0.0 23578.66376204028 50588.96963915665 43087.615107505626 13144.540656872665 8707.364679080349 8774.870479877702 1919.2069170325813 42802.605433581455 6158.0158626662505 8045.210024877158 -26650.13458011633 0.0 7862.142610741427 0.0 0.0 30081.419772415993 393560.4707370351 434266.94940258574
481780.1262437791 445957.52080351487 484291.87397115876 418905.10314564715 505354.0020324325 447634.96379838616 373638.4731118883 383233.76047848683 466599.9581361511 568979.9197509955 411935.16018549376 483482.3856954017 387930.1936542321 499056.81570502295 379479.93062149856 397706.00834495964 599932.5452084639 539800.4745602754 485731.9598407723 439598.99627790414 373768.1328398411 433578.0015740904 604519.2952279396 550755.7923182514 483576.76191097585 627204.6083326661 1738238.0076970123 1507899.9058314718 1460975.2944035109 406689.8687960449 435404.39777270076 259110.25675856374 50961.907271430966 28507.38587732329 14052.62806236 12742.52951774323 11400.036063231011 5233.16914375224 0.0 12136.240668335804 5563.807178014631 0.0 0.0 0.0 6521.806576647138 6142.455740956608 25708.377513729523 94323.25224638502 1655777.9633202665 90539.26441958669 58367.83047918459 60767.14468737838 55024.95280686283 22191.0092228559 16821.099297048655 0.0 0.0 0.0 4656.027124888833 7445.253176037528 397822.7580605878 441091.23994039604
543946.0176571339 374672.48012522666 387617.8985829193 478428.5788238082 429404.24013367516 359451.04164559324 386958.82623798714 546971.6215112436 480381.3338586715 439842.0316409693 489530.84331873513 535293.5300476433 531397.296290539 539609.3377333966 569415.0351156127 518352.46725507523 577055.5286828582 404590.45278220915 411057.02878419287 440288.80155095184 419210.6927495618 402971.33405393787 504704.9445421976 551123.2089740207 459398.30102992913 584172.3373042771 472968.4498204691 508237.8986962145 456668.4291990067 284151.39057317347 320783.0892482101 374211.6527562933 920252.5617298551 129147.30633745866 34271.43639554097 -6154.8273252313475 13560.237073522592 0.0 6227.169812860568 13476.701941512423 0.0 0.0 0.0 0.0 36713.83930815845 349441.4541857113 453637.4244300947 527696.19052274 408828.9983423684 17849.365516731697 440277.3995209203 688945.423976975 623093.9725097563 179173.36557445006 73427.47230237814 19423.701160312165 0.0 0.0 14666.153404958452 8477.694845166754 1831908.3551520377 530581.7619756407
495481.36182249757 495883.8478295463 485226.36384630436 484407.3254054812 479861.7729747776 480511.83877657424 436057.4031365628 450191.30658074183 463973.65564998594 485718.5326979486 453477.343231137 541872.0422155083 590435.7811398671 558682.9471344826 527543.6845080759 530774.5839128431 498537.36828250205 546858.2146613451 152807.40976457478 158522.89272712285 502933.35776429565 572126.6327501624 449310.3062700084 541263.6232106239 1857212.7212600664 475771.61363248393 1387757.3699779608 1107319.7250514897 228247.89376480354 1618116.0082340464 0.0 370759.11675508064 389217.4271432204 228470.91713204174 134904.2987993866 50563.97543308002 -4298.800441430811 46821.85597820233 5152.825288999953 0.0 0.0 0.0 31232.73521485541 159800.6216231238 735081.7549236631 690478.7164867204 179547.67580890568 466449.17363462504 675794.7024793858 663764.4790952783 519561.19447922776 497987.57875959796 570094.062117134 259097.13911437127 231347.82228248514 507432.953281153 466698.2450667978 419335.0517664594 1651731.1923334429 439862.34112043324 499187.05558438157 488908.6741072197
