Model Version1.4/trunk/output/2010/nde_nat.asc
ncols 720
nrows 360
xllcorner -180
yllcorner -90
cellsize 0.5
NODATA_value -1.0
[rows 232 to 260 of 360, columns 195 to 259 of 720]
-1.0 -1.0 -1.0 -1.0 -1.0 -1.0 -1.0 -1.0 -1.0 -1.0 -1.0 -1.0 -1.0 -1.0 -1.0 -1.0 -1.0 -1.0 -1.0 -1.0 -1.0 -1.0 -1.0 334212.38 923701.3400000001 993082.0900000001 965593.8843801741 1098880.63 1037344.8193310716 1080627.447840007 812487.6470530403 1313309.7829589 908929.01258734 2347771.8550351406 2303678.6688508033 2998697.0147815654 2631050.0069680912 2293948.3849578984 3618344.1151163136 4552120.065028 6469157.66271536 4558317.670555251 4128838.290498599 3102929.640530445 2929014.2351629273 3039499.6460570055 2015244.7232336714 2143882.5624383814 1705010.6141664167 2623555.850045335 1857011.5430209192 2321413.9191596657 2196943.951882731 4357401.823632678 3809294.5920097725 3689928.362480304 3718589.9208417255 1934048.3289825688 1165458.2898420612 863117.1013825145 1268474.256145275 3013405.122353555 2818427.699275167 1642648.8125005276 1471664.913436323
-1.0 -1.0 -1.0 -1.0 -1.0 -1.0 -1.0 -1.0 -1.0 -1.0 -1.0 -1.0 -1.0 -1.0 -1.0 -1.0 -1.0 -1.0 -1.0 -1.0 -1.0 -1.0 -1.0 493714.62 919767.48 988902.48 988582.48 1093450.3599999999 1090991.3599999999 868694.9033818041 929794.697554124 949396.4592059988 927502.1234194452 2380050.5226427056 1198376.6541015562 1487717.1439512724 3038054.4930725396 2643946.679282325 3122941.2773468173 4028795.523278407 3618554.6677621296 3418829.0376680773 2034720.0207175585 1467201.6109459084 1449547.4499851277 2110923.356959736 2551105.341345981 1875488.9031661227 1698273.682865529 2870794.426131892 2387690.379949866 1285285.5854784052 2080575.2573517486 3247906.9129592343 1957818.6236955705 4054231.828905274 2947239.2870152574 2277673.3081001514 945348.7294076249 2199428.40200352 2403375.2463574894 2669570.7913634796 3093398.848658453 3019617.5052566286 2404478.6617831937
-1.0 -1.0 -1.0 -1.0 -1.0 -1.0 -1.0 -1.0 -1.0 -1.0 -1.0 -1.0 -1.0 -1.0 -1.0 -1.0 -1.0 -1.0 -1.0 -1.0 -1.0 -1.0 -1.0 751774.3876647316 786226.665962022 1020370.64 781928.2635975 809821.6498749999 744224.8148872997 780490.1623110502 711752.9413482321 2191859.5496073356 979716.6272885818 1907460.6676796342 993953.4464762729 2748253.315402144 2626067.8842309467 3412350.7416374055 3781638.4699564152 3875858.8639617353 4132982.2697413606 3514637.724802703 2208096.8753159633 1287987.9637475037 1928481.888365453 2182855.2935026037 2588951.5566990236 4116558.127606711 963643.8496440214 1803016.3128292288 2609487.129708588 1990672.8092039442 2350873.840456228 2110654.5056198016 3385281.5446451353 1900307.0910387386 1546923.1438410224 1227876.2310541733 557693.9259866999 1712880.7227627556 2269478.5377398646 1245089.5432307904 1237265.8137687442 1376280.1439452306 2437825.523585791
-1.0 -1.0 -1.0 -1.0 -1.0 -1.0 -1.0 -1.0 -1.0 -1.0 -1.0 -1.0 -1.0 -1.0 -1.0 -1.0 -1.0 -1.0 -1.0 -1.0 -1.0 -1.0 122493.95999999999 882140.0800000001 936166.0 931233.3928833157 721745.8695103 851273.1052644 739326.7890349391 974191.6725082487 688346.5996379675 1271407.7626762437 2180398.750468192 2134362.238740498 2241926.272401808 3025152.7818867946 1954824.016826178 2067729.4214824957 3157463.9387362297 3858833.0153581165 3856290.4352138345 3458826.673074033 2012049.9620932166 1980423.1635319374 2040079.0136138527 2181072.6556833507 1901208.5842638125 1545965.7439766377 1372467.443665472 1933292.328398486 3795125.2936700694 5066818.582443838 1672545.9659129393 2389663.87249373 1643593.6600246746 926130.3638484016 1107616.4047193804 1749484.0704466351 1712155.0147767984 1728947.7794324944 1617732.5103978242 583115.6777361076 1824122.649756459 2222808.7043611538 2341177.607147483
-1.0 -1.0 -1.0 -1.0 -1.0 -1.0 -1.0 -1.0 -1.0 -1.0 -1.0 -1.0 -1.0 -1.0 -1.0 -1.0 -1.0 -1.0 -1.0 -1.0 -1.0 -1.0 344033.75826952996 967170.2 645207.4128907402 993595.0510583406 1051873.81 818435.8192700002 1136688.5480200213 1138350.857614128 1742844.2052771293 1395823.1314720355 2446343.4408536255 2206923.8132374194 2574437.519190812 3317669.641627779 3112177.150557891 3433956.441290646 3188722.841939677 3527605.324018706 3812964.438178952 2321439.341659361 816889.5645007715 2462680.303038347 1503549.0013379212 918917.2826524335 922364.5611966255 649157.1084432737 630164.099857535 2014287.237876171 4233301.06233874 2537405.754663111 573476.9016668897 995832.228570179 395722.4498327007 426048.6645331152 1541184.151752439 1847552.032821517 2426548.2415823354 2092008.203716851 1551733.1728871714 1591084.6879013781 1756994.6855710605 1822274.7358367452 1632105.8377690068
-1.0 -1.0 -1.0 -1.0 -1.0 -1.0 -1.0 -1.0 -1.0 -1.0 -1.0 -1.0 -1.0 -1.0 -1.0 -1.0 -1.0 -1.0 -1.0 -1.0 -1.0 -1.0 427344.2727627679 561928.3197827011 695248.9799950507 1046949.91 1032527.1920383 1163495.54 1151152.6048819001 910719.3730235 1078779.7785703 1543529.351794541 1173085.7517981727 1302206.693873043 2894697.446480736 3470569.9522772003 2964440.1671961304 3780749.3331723977 3660613.9047061605 2859810.511878487 3379185.011177161 1778827.0696530305 1237174.0993451648 1202587.1914918832 1211124.9946215793 731359.7789089595 1261601.4681201433 608747.6728472101 1555549.8136306708 1610865.5582368593 897125.579436824 946764.0159474222 453995.6861250617 402760.3643737964 560040.0267670199 8827.51414647392 1904611.7085503426 1901928.4188880597 2179693.7706624214 139637.83022737686 849065.3659165492 1767044.5167553662 2105046.4310299796 2080013.546941544 2255616.6847415697
-1.0 -1.0 -1.0 -1.0 -1.0 -1.0 -1.0 -1.0 -1.0 -1.0 -1.0 -1.0 -1.0 -1.0 -1.0 -1.0 -1.0 -1.0 -1.0 -1.0 -1.0 -1.0 490414.27747340046 701377.1297332041 953396.7051498492 1057365.3006347646 896467.2919682 1198482.7000000002 1131823.980168077 923143.3631258698 1375908.808131168 1430792.2624254415 1623284.816954 1610561.0286057321 2888928.767930041 3466390.5405462147 3909310.5430511115 3316468.8201651108 3491097.428705827 3937164.643419504 3149779.983989515 3390913.79423908 2918351.8853605725 2162102.809948559 1081904.3771564446 806616.0266368826 951677.7067351153 914661.3929703528 625379.6461766729 428266.58952007897 719550.5867475491 774028.2212466206 826015.2699846285 582210.907528604 388368.5072525971 592341.3432403419 649010.5900242224 110793.85634730077 846585.7933552208 1240289.9455321503 1859251.491824321 2056142.9485428669 2415430.317051908 1973774.566057071 2175904.8337811134
-1.0 -1.0 -1.0 -1.0 -1.0 -1.0 -1.0 -1.0 -1.0 -1.0 -1.0 -1.0 -1.0 -1.0 -1.0 -1.0 -1.0 -1.0 -1.0 -1.0 -1.0 -1.0 348745.0483289543 669728.7370599845 699591.1058126 764427.7678119 1062304.6146605 906006.7820842916 1742806.6589840339 1964361.1387985 1907102.9229727876 1562836.5701062 1615282.5701062 1811014.885277095 2979811.8869872447 2203938.0573562584 1940888.5262478488 2368216.7542619132 2350660.651501034 3862366.824348304 2800432.6398977903 3570947.267735284 1054957.6095040087 948873.4420948254 797914.6603567781 906927.4059707872 1286865.5402675204 816978.9793193537 214240.88238193604 526675.1745972706 401953.4605246819 343923.77633607556 632689.1282028544 545694.2401862196 419627.4293963536 526932.5346525578 559891.9695967721 61436.25458077983 828766.2797683604 897335.9293280176 663827.5825891115 854380.7971708253 1245099.2561494652 874557.4887809525 1407131.5098350658
-1.0 -1.0 -1.0 -1.0 -1.0 -1.0 -1.0 -1.0 -1.0 -1.0 -1.0 -1.0 -1.0 -1.0 -1.0 -1.0 -1.0 -1.0 -1.0 -1.0 -1.0 44138.9311163415 568917.1935724595 593617.1228238726 742513.1799715 825807.1429554999 1087457.443243751 874947.7581082731 1725443.9300890225 1929906.9192096558 2006764.82 1583346.5332995704 1578802.9714539843 3784521.0670385496 2195730.7361821015 1391429.9492899328 1550917.7341047972 1480000.8689274262 1160921.823474776 1989770.2499574781 2316651.5398509954 1062880.501879772 1034687.3374174734 743154.5599142201 541431.0270255777 1165948.4206928443 799600.0426441906 517680.6628983717 413106.3025171737 383547.34156877024 418482.21718615305 434676.5415227362 538192.6293997942 529225.9524271219 363269.7691869689 111693.73027604574 110125.5686669545 461503.1726188796 201312.50547475574 473581.97511155694 697629.7012199275 886278.0896298531 936377.3378076452 928413.2466432706 506290.84026942763
-1.0 -1.0 -1.0 -1.0 -1.0 -1.0 -1.0 -1.0 -1.0 -1.0 -1.0 -1.0 -1.0 -1.0 -1.0 -1.0 -1.0 -1.0 -1.0 -1.0 -1.0 337868.06123804516 596415.2358165891 513740.5049695417 717718.5008631329 709648.4765816851 1080655.3158246477 865228.2027197565 1604018.111216064 1921525.8749171046 1930469.9267155118 1575241.9718030817 1620118.7340384 3175762.9685874563 1668879.3414192726 1574223.1315176284 1258136.0667781937 773227.125147229 1205284.9083149226 2153334.8405682086 1446073.9334662526 1047481.63688785 949388.0933066484 362655.7214435712 791556.6505020314 1094140.5662092844 893406.2431020094 835499.7457825476 429863.325243931 508353.9589797874 218642.60749878857 369930.61203951587 367039.18382808263 40018.296264775636 278638.38093097764 736746.9349395303 276546.1666759064 455530.9264139437 640617.9236043559 1290042.1602911628 954153.0472278803 585367.4591111708 1780779.8352388996 970509.7757792401 15862.5169014574
-1.0 -1.0 -1.0 -1.0 -1.0 -1.0 -1.0 -1.0 -1.0 -1.0 -1.0 -1.0 -1.0 -1.0 -1.0 -1.0 -1.0 -1.0 -1.0 -1.0 -1.0 155905.19921046286 510389.04511109093 623921.2486431319 770349.7820095001 789328.62199263 951218.3207467264 1173820.7324034516 1650139.6764292566 1996656.962197 1951623.128223383 1608309.9086100403 1654145.1700586001 2874649.2008792334 1473189.7285540495 1451847.5692835692 651325.0582932686 134188.08693852037 503296.9185127593 1361916.6176180206 1159005.514984388 958334.2219501891 779809.4056105135 124298.58441561906 806127.35686781 384937.5173100229 616539.9191324038 828070.2821482269 152998.87738791984 336119.55845720676 216634.42644250975 188315.08825669193 366346.38507054886 386049.3132815595 214506.62390771118 7524.997626864226 27747.029288845053 343787.2760750055 1096978.9868698549 948069.1634865929 461290.8947179462 899894.9375846412 1389534.9198054916 169530.19510810464 -1.0
-1.0 -1.0 -1.0 -1.0 -1.0 -1.0 -1.0 -1.0 -1.0 -1.0 -1.0 -1.0 -1.0 -1.0 -1.0 -1.0 -1.0 -1.0 -1.0 -1.0 -1.0 22213.472217609997 485868.9869294786 577486.8362936326 858864.3453425001 751115.8674443406 833262.3069407449 1063101.1842575832 1213520.3734417195 1675677.9672324266 1093668.961312018 1553914.3786333273 3418444.5554252667 2646268.568398333 1755962.0918764533 1436556.8739660704 582574.1650002089 15083.567711087566 892879.0003479384 1177305.1543859714 1241339.3449315592 868134.1783721903 611344.3195214019 420740.69096450077 377504.9964455251 941119.4879383733 1314674.8735813168 622349.777518336 353439.5683272973 27913.106643692852 111422.17335679912 274583.17286228243 95583.67954300751 295486.6143187334 378240.39053041505 99761.13643761828 6622.549871521716 282606.68549920793 546444.2208224991 462009.0850341839 677308.9451610189 1174163.1125809716 258659.51316256897 -1.0 -1.0
-1.0 -1.0 -1.0 -1.0 -1.0 -1.0 -1.0 -1.0 -1.0 -1.0 -1.0 -1.0 -1.0 -1.0 -1.0 -1.0 -1.0 -1.0 -1.0 -1.0 -1.0 21181.255647345002 561573.485120338 528536.6669754935 881044.5947024 840441.6598941018 768701.1637181614 1707786.5292629264 1599570.8446405407 1680950.1890662806 987862.0391069005 1283659.144189167 2634727.66826679 2746353.2300135633 1700230.1041610774 1519665.8474334276 555919.0426961378 934155.9212446315 12875.040242523222 13669.143478708234 1218959.8310117412 681570.2040417823 350358.11692730285 1087451.177889172 599340.0101764522 1628482.2967640085 990244.2483074574 612287.8397513154 284538.65797776723 324555.4449914062 311270.8820574001 176364.0088419724 91995.35688275204 264716.0275503165 444388.620908331 341212.3742112033 352563.38121466193 236233.00667026208 115345.50706641801 572641.5944690611 279016.1952927646 48589.92321685354 -1.0 -1.0 -1.0
-1.0 -1.0 -1.0 -1.0 -1.0 -1.0 -1.0 -1.0 -1.0 -1.0 -1.0 -1.0 -1.0 -1.0 -1.0 -1.0 -1.0 -1.0 -1.0 -1.0 -1.0 12957.59035447137 1300498.682017081 1236066.6744251917 825301.39892326 841763.1936830999 720608.2370600025 1220045.3636613425 1379621.4308299257 1670775.2520181222 1021254.2071092107 2718302.02540333 2360458.81218137 2017751.6282407609 1827653.9169043852 1423529.4797049086 534731.3185266098 12715.197808704665 211738.16159155357 742626.2216989299 111889.86931108491 805652.7203838845 266279.6512984191 987451.0880154776 1135709.1003332252 1196291.499115648 818363.1864783206 709764.2180910003 673538.7470253552 319690.4115577993 6640.009146358498 434713.30177629774 981971.3829503543 602057.716906993 180200.77467093812 90769.98133489581 171498.4858940795 643292.6407208124 1001803.3735163623 1436194.744072747 375624.124126077 -1.0 -1.0 -1.0 -1.0
-1.0 -1.0 -1.0 -1.0 -1.0 -1.0 -1.0 -1.0 -1.0 -1.0 -1.0 -1.0 -1.0 -1.0 -1.0 -1.0 -1.0 -1.0 -1.0 -1.0 -1.0 150757.49489519623 1970413.6533293314 1814455.4774272626 811663.8919771297 848952.6514316001 789449.7772357659 1158058.5583356859 1268096.329384645 1599334.9845487806 1044693.4429420349 2304925.3181796977 1804804.860229485 2379572.816425378 1971028.78592766 913549.739432267 114939.21474605698 212136.53294051494 309284.8988435171 1549183.1810773194 112774.67640990614 510155.4808059284 176364.61477729346 50373.73905462841 636131.5254087225 944187.5468476193 1286664.262108875 1040050.3290701887 1281071.8707094693 909948.710518864 634155.2594932886 179911.24793356538 88229.61071261829 84987.51024322507 85740.53236017664 5255.8048052206805 333066.00755054003 1259422.240603289 729567.4905727342 551283.19946326 -1.0 -1.0 -1.0 -1.0 -1.0
-1.0 -1.0 -1.0 -1.0 -1.0 -1.0 -1.0 -1.0 -1.0 -1.0 -1.0 -1.0 -1.0 -1.0 -1.0 -1.0 -1.0 -1.0 -1.0 -1.0 -1.0 143233.04715332386 2063611.2263371833 2041222.3879613923 614884.7144830506 827881.3544809464 621293.8245529683 1077826.9054516656 1680592.787348486 1186937.5327232908 1112639.1941614691 2194374.6805074085 2004750.095518683 2162744.15065749 1239205.3891842107 364478.1028399365 131782.05812850414 472587.69536627823 568678.2201438985 198124.16761644706 180311.1294161707 444141.5422410906 364364.50612495845 259320.44901274052 105818.429680729 298867.87176189886 788789.0874034162 979382.5917060608 961050.5068409427 606716.2239298123 462801.2989880906 336631.5029212165 87378.99933866145 239860.17480471797 81177.4496882603 161067.1813988454 597277.8292775425 962760.2735170453 84392.29625862211 -1.0 -1.0 -1.0 -1.0 -1.0 -1.0
-1.0 -1.0 -1.0 -1.0 -1.0 -1.0 -1.0 -1.0 -1.0 -1.0 -1.0 -1.0 -1.0 -1.0 -1.0 -1.0 -1.0 -1.0 -1.0 -1.0 -1.0 1612706.286312677 2119993.612422104 2289436.9308119672 803058.0330723503 813362.2370728133 693656.3804534881 1081110.4442947963 1081110.2657441078 1071769.5331322034 1142966.6891689815 2327283.739132382 2235363.0844040196 2305216.2869189666 2107000.2996582803 1108007.8668507768 1070036.2712778796 794084.799802877 467352.99613045197 413553.9551453358 357067.64029240963 337785.9561199571 891474.843271347 538132.8221308773 316035.69501902827 392764.0028789401 106497.85978425274 49137.13364528063 280761.79032686946 556731.7286792595 466812.5864490091 990901.7594392637 1088598.722316166 490991.1106101338 220524.0800587557 267380.4478560895 628686.6575563481 268370.6912378491 -1.0 -1.0 -1.0 -1.0 -1.0 -1.0 -1.0
-1.0 -1.0 -1.0 -1.0 -1.0 -1.0 -1.0 -1.0 -1.0 -1.0 -1.0 -1.0 -1.0 -1.0 -1.0 -1.0 -1.0 -1.0 -1.0 -1.0 311989.58180018555 2025296.324906554 2179131.0976584842 1356043.8034345377 799150.1772734135 663738.251114504 987150.9544658865 1066964.7577547627 839951.1763720773 923941.3870501328 1100412.5145572019 1186574.7914915488 2498822.8022824945 2591976.7934741178 2493035.770865186 1898200.8562984709 1082533.193248615 1215129.3271226224 572777.9504173121 525950.632326277 1013782.281699183 1089475.4084911658 766160.162147546 618571.5715150149 749649.4075176403 686598.542754672 389541.9623041373 614207.8450114031 495803.6812382531 27050.604183279076 -1.0 102905.66761301213 449810.15350746614 290378.2875537516 689646.5171708985 143789.00329402412 76826.56091882556 -1.0 -1.0 -1.0 -1.0 -1.0 -1.0 -1.0 -1.0
-1.0 -1.0 -1.0 -1.0 -1.0 -1.0 -1.0 -1.0 -1.0 -1.0 -1.0 -1.0 -1.0 -1.0 -1.0 -1.0 -1.0 -1.0 -1.0 -1.0 1007063.9573097047 2046515.5515650169 2015225.0566021549 515521.3241901763 648499.6515413874 613238.075136753 933318.0093540826 1000239.3473777173 1064886.330551111 1050094.7418607161 1084449.7880248423 1267993.5135329925 2597149.7264795066 2587145.370141794 2287819.3464829843 2806297.460812398 2699909.3897056878 1019417.8186812229 372737.72490433574 562865.5487565561 667125.9643580483 378801.5904508321 839197.796282728 650783.8310873285 725817.4488102177 761741.3237828664 783294.804559535 1093259.8750457899 646277.6891970827 797801.2911792079 232815.66611461164 -1.0 -1.0 -1.0 -1.0 -1.0 -1.0 -1.0 -1.0 -1.0 -1.0 -1.0 -1.0 -1.0 -1.0
-1.0 -1.0 -1.0 -1.0 -1.0 -1.0 -1.0 -1.0 -1.0 -1.0 -1.0 -1.0 -1.0 -1.0 -1.0 -1.0 -1.0 -1.0 -1.0 377580.7285141841 1248486.5634532608 1326510.8922366423 1521001.1338981877 511595.6075597782 643407.4754990764 662692.8899121347 956882.5007495587 1026791.7300414997 1058667.7430877513 1110757.51448239 1077833.9046801683 1260398.2402009256 2668521.002507605 2572693.101719462 2472829.187658493 1737808.0048256866 1192061.6504703495 553459.8235764442 557413.2410545729 552225.1989722184 638046.1064230335 449543.9597644495 924732.6759963699 822993.514215623 227128.7233474142 852908.9690698772 1085785.1586472893 1243481.2405862873 1076106.0318892458 1293686.4326487475 396555.6567030309 -1.0 -1.0 -1.0 -1.0 -1.0 -1.0 -1.0 -1.0 -1.0 -1.0 -1.0 -1.0 -1.0 -1.0
-1.0 -1.0 -1.0 -1.0 -1.0 -1.0 -1.0 -1.0 -1.0 -1.0 -1.0 -1.0 -1.0 -1.0 -1.0 -1.0 -1.0 -1.0 -1.0 865149.8774176046 1769439.4305900624 1661208.5323711513 531667.5682024223 471961.18317031 789557.6207391494 735737.4155891086 665339.3947817126 973612.6885927299 943205.6758362553 1415032.436950601 914939.7357483648 1011803.473788414 2477845.985632791 2260750.3877090304 2170345.369872572 2115517.4768117117 1316451.431149661 553865.9536544763 1875469.0114570053 359867.81452693447 299393.8184170098 388769.3441321469 827356.9049856124 844334.3949769037 188627.42066341708 1012693.4722915197 1182144.8845053003 1335045.6498927262 1119820.5309321827 1017223.7776551293 581437.7312707684 57873.57586324057 -1.0 -1.0 -1.0 -1.0 -1.0 -1.0 -1.0 -1.0 -1.0 -1.0 -1.0 -1.0 -1.0
-1.0 -1.0 -1.0 -1.0 -1.0 -1.0 -1.0 -1.0 -1.0 -1.0 -1.0 -1.0 -1.0 -1.0 -1.0 -1.0 -1.0 -1.0 133289.6990800383 1136865.0914511527 471665.4965667346 1574389.8259353456 643469.0229446033 505488.6531857564 644144.2331830903 607174.9838393178 933481.2093266153 782423.2965218623 937369.9402171746 1453748.2338622562 908778.361730793 1040977.6164502478 2374920.4509845744 2422355.2781954817 2335060.6526500336 2373913.916460649 2205922.933257484 1592022.761717741 2751232.708221368 215611.1635952883 391945.4561750173 380116.5525592224 587442.8498914414 823179.3535379127 612513.0568982795 838677.76413089 906801.540074802 1183906.387143279 1186429.3470443068 1020558.7478531979 1105580.8404664383 446513.6100552167 -1.0 -1.0 -1.0 -1.0 -1.0 -1.0 -1.0 -1.0 -1.0 -1.0 -1.0 -1.0 -1.0
-1.0 -1.0 -1.0 -1.0 -1.0 -1.0 -1.0 -1.0 -1.0 -1.0 -1.0 -1.0 -1.0 -1.0 -1.0 -1.0 -1.0 222972.15122008597 1237428.6611017974 1901140.2321466268 1296330.5709271731 1387706.2836731484 615131.8564766409 517784.7598463674 555861.899387592 778263.0379449418 752467.6637604747 851783.1628798301 1412025.1550841564 1340835.3519530157 1341265.547265629 949005.0014567549 950771.4404781576 2297136.3696455443 2211475.5800468526 2053721.0363175112 1876391.9969813833 1866848.076519448 2000595.4666029832 335775.4129374741 31055.676914619795 585305.153425659 699401.1394896503 778950.25494923 618065.73679378 667041.5093503449 552840.3845736107 563653.0943198028 903535.5923978366 983690.126465716 1061935.8511739175 0.0 -1.0 -1.0 -1.0 -1.0 -1.0 -1.0 -1.0 -1.0 -1.0 -1.0 -1.0 -1.0 -1.0
-1.0 -1.0 -1.0 -1.0 -1.0 -1.0 -1.0 -1.0 -1.0 -1.0 -1.0 -1.0 -1.0 -1.0 -1.0 -1.0 -1.0 70654.67306694039 1542681.4090883993 1518151.0498258513 1826779.931178733 689451.0151508627 643272.2933512785 505274.44914219005 595397.7646166206 772815.5735658214 747458.1062405175 822152.8176676957 860224.9401193148 871144.8897820748 1377659.2966015488 977110.7050559951 945155.4443753627 1012566.0892833069 2281166.4828606984 2039039.0305881086 1578059.937043347 1594894.8628636417 1847980.7087652863 405243.10567737557 459433.4946574259 287648.3392704991 184410.09462731698 568322.5185313605 22627.49147209795 533776.2020928105 347950.56248616835 157640.26628510133 741186.8364824594 608165.5060060201 216560.8438999884 -1.0 -1.0 -1.0 -1.0 -1.0 -1.0 -1.0 -1.0 -1.0 -1.0 -1.0 -1.0 -1.0 -1.0
-1.0 -1.0 -1.0 -1.0 -1.0 -1.0 -1.0 -1.0 -1.0 -1.0 -1.0 -1.0 -1.0 -1.0 -1.0 -1.0 -1.0 -1.0 1600129.3399813082 1836934.3137475287 1715719.9964539884 698220.6536603138 700404.678370635 488772.94250085205 507334.31141018437 718086.9991052395 772849.7312132173 1123989.010254637 827176.7005763465 703426.3493011526 967728.5282715643 1346561.1983242873 858194.4385041338 864706.1597227157 868483.2759064648 2077906.71527742 1422892.7426486784 1546356.3241226773 667394.8422045667 1807007.916396504 275387.06500679516 326491.0896158962 221307.18453612726 251972.3429229758 307191.07976339344 173834.42117272917 472008.2218045689 567727.1212146449 241370.9773969629 33673.201183293364 -1.0 -1.0 -1.0 -1.0 -1.0 -1.0 -1.0 -1.0 -1.0 -1.0 -1.0 -1.0 -1.0 -1.0 -1.0
-1.0 -1.0 -1.0 -1.0 -1.0 -1.0 -1.0 -1.0 -1.0 -1.0 -1.0 -1.0 -1.0 -1.0 -1.0 -1.0 -1.0 -1.0 1052390.8437887442 1318163.7755182278 1480461.3299745102 712745.889950656 644129.3929803927 567631.6927149429 681739.7314207606 662533.7480186677 583355.0237369518 527246.6839461914 639361.7076426875 458965.44019819325 697601.2885970478 784016.7016269903 648707.2616244932 737008.0098892024 735886.5532400934 690406.9423143319 1568601.2777857513 1451207.0665824644 722429.3142298678 503993.4172866 664519.659532384 602396.2889218959 689658.0345708167 228476.45573308403 118750.6622151358 107639.09030218607 119845.40929256479 17165.631549444377 -1.0 -1.0 -1.0 -1.0 -1.0 -1.0 -1.0 -1.0 -1.0 -1.0 -1.0 -1.0 -1.0 -1.0 -1.0 -1.0 -1.0
-1.0 -1.0 -1.0 -1.0 -1.0 -1.0 -1.0 -1.0 -1.0 -1.0 -1.0 -1.0 -1.0 -1.0 -1.0 -1.0 -1.0 -1.0 471870.04059891484 1193077.9256531498 1067363.507427399 1424720.751467832 703000.340682296 452471.6369869122 463736.1220563125 638834.6133312138 623594.7988170079 365215.4925854439 261374.4335590836 567887.1950847334 576955.2980512372 691406.2255932407 401890.33561063453 795439.9189167123 482262.6768006235 427846.4988677618 233904.33658824366 723512.8771051799 389347.2651883701 265421.8949060633 213716.17635069267 22283.395308691754 -1.0 -1.0 -1.0 -1.0 -1.0 -1.0 -1.0 -1.0 -1.0 -1.0 -1.0 -1.0 -1.0 -1.0 -1.0 -1.0 -1.0 -1.0 -1.0 -1.0 -1.0 -1.0 -1.0
-1.0 -1.0 -1.0 -1.0 -1.0 -1.0 -1.0 -1.0 -1.0 -1.0 -1.0 -1.0 -1.0 -1.0 -1.0 -1.0 -1.0 78881.33442884134 717142.6295427213 1057297.3587717635 1127387.5322232381 1462338.3791312487 1286758.107730793 508853.6775442026 608888.3482732982 379483.0282700029 317581.7304604483 234022.18054730888 280700.34908279334 259256.78390424047 350278.69163846684 645123.3029290808 730665.4063371796 450165.74333970336 438837.95501405967 486621.74953171914 455180.57245097996 683117.151715463 455738.45378836576 393212.9948655317 211184.67744645925 -1.0 -1.0 -1.0 -1.0 -1.0 -1.0 -1.0 -1.0 -1.0 -1.0 -1.0 -1.0 -1.0 -1.0 -1.0 -1.0 -1.0 -1.0 -1.0 -1.0 -1.0 -1.0 -1.0 -1.0
-1.0 -1.0 -1.0 -1.0 -1.0 -1.0 -1.0 -1.0 -1.0 -1.0 -1.0 -1.0 -1.0 -1.0 -1.0 -1.0 -1.0 469619.98019358044 1187937.0564093974 1689792.849227253 1137410.797271398 1440643.871391845 1321637.025022227 465157.5371766477 429743.61289970146 233435.7488078751 278464.7173788287 257281.05707517779 257692.90622075024 319044.3648742901 279030.6597747163 189104.4251341729 652175.3473302821 458464.0973789128 452810.3492425689 376715.0853105569 323651.25447518035 256048.31597298136 451337.2322257747 378497.96874631144 11630.133192858799 -1.0 -1.0 -1.0 -1.0 -1.0 -1.0 -1.0 -1.0 -1.0 -1.0 -1.0 -1.0 -1.0 -1.0 -1.0 -1.0 -1.0 -1.0 -1.0 -1.0 -1.0 -1.0 -1.0 -1.0
