Model Version1.4/trunk/output/2010/nde_nat.asc
ncols 720
nrows 360
xllcorner -180
yllcorner -90
cellsize 0.5
NODATA_value -1.0
[rows 232 to 260 of 360, columns 585 to 649 of 720]
-1.0 89774.71354939834 166656.24418330574 223402.62779076124 355047.4362211283 358630.56513750716 358156.6232513253 360580.7534118444 360202.92287610687 361338.73677666154 361635.02985496307 1625091.78412721 361514.96919803123 450572.8773268195 360830.0337934316 359264.57388392754 318915.99846910586 325278.3379739491 357510.48271438014 446309.36215863633 402031.63518417714 340093.56505997805 292496.2370097897 356368.45190843317 356238.66067232046 357716.1156983302 447287.6330673065 1283441.3106802518 1219685.902040697 1329490.18987048 1442421.53356645 1217624.6739389 1624941.1453698 544915.3309023244 488736.54494494316 392443.6276691851 406473.8034716716 457230.5591232978 546311.671743993 640363.3035763743 414107.8504626607 368964.8085396888 368899.23256053025 368669.4857921103 369063.5865496346 1153609.0270978531 1657855.41941827 1666740.1278325 1666740.1278325 1678345.494503 1678345.494503 1701556.227844 804044.0295869665 575316.6725477523 623561.7308721873 683960.3281214644 683540.3822629505 697937.2642182756 648163.8184898886 665839.5379280666 410020.28644744016 532340.0258105721 273180.88925356366 330941.94311891467 331091.6769387388
-1.0 1470.4636484151615 388039.7121775778 485010.6184266426 529101.8790072959 846609.6269431745 356274.09043858625 358424.8401501061 358521.7106662201 360006.6082154 359374.28785053414 359607.16882251797 360245.07336848316 345163.3719089162 449389.0156746077 379177.4546377505 358290.03555879375 356616.966561135 296866.58714260964 361389.68361063383 260980.71588849596 335354.86347444967 354638.032656575 354751.08948714053 354742.5183210724 356046.28102082346 355874.3093652351 357592.4872829506 285291.87609592977 736100.8427544707 807464.5510778907 813097.7178094137 813273.3352206578 409317.36587116646 363442.1290931362 409786.2793285874 410483.7379458968 365845.30638487183 365997.2096799045 366538.7333253625 366344.9431030345 366715.28584045917 367045.4498976281 366757.4528026212 366956.07969208213 368046.63179109426 828145.1920516562 1291162.6538687202 1659508.68919 1671063.647316 1671063.647316 1553216.145284644 565698.6556122984 668329.847179645 620648.2699422801 680032.649588282 777077.4807128087 496863.67106896604 596096.7109326721 560525.2253563082 458990.3071891629 477815.7543762833 305708.91245439195 329739.8012747151 329786.8527462692
-1.0 -1.0 24934.07969905759 359690.7206608766 617341.6403819891 580444.359266701 356519.11745598953 359072.75406277034 359037.409039271 360270.3096695209 359915.19194804295 358622.9894010026 358755.31096196413 356190.33386579854 356119.88658478094 353854.53438303445 329870.6405578247 351973.8428408409 317735.5990863372 350838.75072896905 394236.8445779733 350114.95722582145 349359.02347057196 349387.7364158996 349380.2443195741 350012.5860628241 350098.61079389765 350824.6276855991 350424.93863984436 306206.783484126 352711.3942584315 354613.21347312717 354546.19508572435 356327.54594727093 356811.4253051003 357775.09405192273 357825.11195717915 403857.35666346387 1568527.047914235 329736.89035802794 359905.7289544553 360534.39961700095 360564.77145880554 406800.3189295718 451631.182694699 544205.7387884408 454392.2686101726 547775.534749917 866322.8253932265 1655019.7709167 1655019.7709167 1675151.2640756 605242.6766678327 755146.9612107645 566664.8858403431 1724037.9647049 1726917.9647049 640308.3349090376 492466.286289816 555760.4453168946 454704.49160042923 474147.7145664874 206442.51750147142 327002.2099959249 362988.1029980279
-1.0 -1.0 -1.0 353345.703453301 491279.30491955474 533142.115082291 355246.90079671406 357211.94343437883 356941.656378079 358391.487187239 403852.19859989465 402243.52176641184 357221.11767192197 354731.2221358855 398913.9187593999 352300.06617922283 352132.35315136384 350266.19302550756 393932.6664861863 349005.44988665095 349153.27664576296 348130.07682834554 347904.3569315317 781631.0659084991 347738.9322572537 348603.44808484963 348546.4974726375 319983.2221175193 295694.46908911207 347563.96162967646 339418.9677856849 352509.67285044055 352471.0578219882 354454.86275213753 355295.69491363154 356239.25200883654 356136.5190506332 536256.1961838971 1607435.78804 1073749.8015634865 329154.13432391605 359684.9318612113 359375.1711505108 495054.9219343505 495261.3674784618 451411.88845973613 496191.6636723832 498999.9428271653 1633201.7588 595438.4221859679 458751.4438506271 555787.7277654987 602635.0830744706 704878.3974222373 516916.40766585874 717613.4985499725 1719088.35542 734312.2865697448 783845.9998572244 553203.8792347418 452792.32009127614 418969.5863187661 523251.8400550606 605346.7072359581 361388.3865481285
-1.0 -1.0 -1.0 317452.78138353006 458238.2926154492 455865.1883265142 583053.524376692 337136.31562107697 361330.1375328219 362069.4172930964 361798.2760372779 359696.0115909602 404705.0124128141 355302.7665667197 375958.288472616 350550.01489135216 350238.60832362814 347770.88896415464 391105.65546097234 388076.5982411165 344886.62266743917 343671.61925280804 338424.9108707685 686351.3141254215 255292.3424902177 269451.8849001628 1244517.860601825 1545850.97265622 343738.4343337831 344582.041265322 268521.63273081306 345485.9830033065 336364.12358390546 1186397.8898938654 1301647.0007836656 1311550.1364680037 1311550.1364680037 352135.821064749 352616.0172472328 353619.4493378182 353550.844630956 1330549.258900854 1330549.258900854 801479.1288471819 446480.6426268606 629019.335562652 673865.3348191482 1631340.1071898001 1631340.1071898001 -1.0 1373473.0828968605 789542.4348522841 743414.5156898256 657887.539341631 751354.0186697729 572118.7808069361 1145312.3524755267 635127.37007664 683647.9191593698 451530.8112664388 451100.19020695816 574164.7915600012 522442.31233643077 601851.8256505259 394443.45407442865
-1.0 -1.0 -1.0 -1.0 565061.8217268254 388025.04170623265 381122.4298139003 383484.6411415017 493773.25995433395 360097.02941877954 359823.9736634109 403227.7575101155 613237.8392398832 461828.3914781644 485758.6345691007 435835.886908613 392392.8751671539 345417.4419969009 345989.813466994 385624.4810181219 386105.60472435044 342074.5407620268 342177.6591217929 427137.5225019627 341133.92197133205 341386.8393811897 513069.7956816808 514021.1302309463 342211.6380352965 343379.74194375623 316686.11276237934 290884.21007163334 344105.6549833623 1556144.53641341 780420.7028117228 784690.040023476 783511.629202256 350504.92626587587 350365.51577243255 351950.31608774373 351810.4816013914 1589594.5108973 1325084.6512600852 800344.265108071 577151.0825291711 1609447.6921874 715521.6913547339 1623628.5476078 1622371.79616268 1184977.9289161616 1139883.3503216105 693041.7254211439 647210.6500865035 1075556.478579052 1683188.0914781 759606.3822948986 807443.2394107344 680453.7089611295 437701.1666782517 648664.7615078912 798509.6995774204 572354.3434322126 468113.6749063479 706691.2827637998 870840.9350093637
-1.0 -1.0 -1.0 -1.0 115187.25444090055 951181.2737844647 534559.3105982157 134978.13544887793 598848.2856161413 545232.5315849796 454798.29547832074 629106.6094804066 764681.3507056442 547491.7658355822 652888.5464888585 737049.4903054265 650924.2109493407 472123.7001765419 386072.3902888209 383772.0983998607 431487.8854411501 381325.40196878987 339500.3988789762 380754.3022928932 338213.6150424751 421850.9951784687 337715.5569682822 337461.14534127415 337739.6367465802 1014652.344636045 1228886.837609618 1147623.71186674 1524199.3513493 1529577.63925254 340398.91360249306 343190.8109706839 385548.8470238258 388705.3147824597 345439.4689313079 348144.28902366967 347789.62737868994 1535348.940805204 1052948.9443912676 399107.00918789255 400108.9247624888 1615792.869614 1615792.869614 1635550.235027 1635550.235027 1662156.17030701 1662272.45900191 750028.3043271705 655894.4168729201 663833.2663981493 854184.062782854 767602.0173006256 815379.3618980723 737105.877766335 884191.1492790999 705355.1735571927 605621.3107181792 578430.7622120775 473174.66649347695 661142.9481799866 531831.602666175
-1.0 -1.0 -1.0 -1.0 150107.6292823 862219.2365144968 601701.101304696 122200.7418262046 468583.17658685765 636169.2771963292 347304.5226963399 471116.2107248842 716397.8188073738 791723.7416816985 746886.4652988152 734715.317978008 733318.7288691717 639940.223315834 554659.8539067586 423704.5460557088 473755.35606854525 590458.3895417553 463514.3328898818 463440.57547698525 506019.7836072434 609192.0928281271 336644.2969511945 335913.54918408074 336321.3154016634 673611.1588500115 1357642.89606523 1517617.567440029 1517959.52802211 1523576.69251038 316595.45138579496 341324.3470611952 341253.43633829633 343360.26079384226 343768.7120031078 346248.0233304292 346229.9918462451 348786.1389376998 350043.6754477797 353566.5148914489 397889.9385518423 536912.3844709254 714330.2163588065 678142.2170770532 723386.0437248463 735860.7918534302 644311.1719135235 699417.5616299259 746374.0555465772 614229.3388241748 707829.9236860941 812312.1090176348 811283.70934744 780481.9200782022 732197.5687935144 702660.9589024798 551269.970302088 471283.51274027105 470089.3957795509 547148.5341134452 398729.73448961123
-1.0 -1.0 -1.0 -1.0 -1.0 1182178.465178784 1139622.5806461852 403893.89065065654 123477.33546883514 407105.64055973926 894001.6975329644 657536.9542165837 420685.8295381553 431687.6036264305 1313447.0360796086 731372.0513632606 775358.2737717802 762244.7050575592 720484.9515624699 713736.1180297316 629675.2895858265 668791.2608057727 627636.3990531834 458382.084581285 417119.9701718458 332779.061732842 332779.30418542656 331883.69106669095 331883.6990960324 333179.23790487315 998579.768108586 1000098.0363517569 1000446.511760686 501826.6553150932 333854.1688502612 336436.24121801404 377843.78164971736 338958.01194860204 339424.7085903302 343504.4751524031 343467.60287955566 348438.92596370185 348139.1844547325 353652.8926642852 353684.6523078232 359569.188049984 404682.281880868 732928.7078300818 732101.9083233676 795572.2593367284 794977.2883759888 712565.3963513448 476160.1404864597 476719.38243997743 767395.0901008354 774848.8017737789 822908.6253345411 743205.7625539083 693947.8997369868 763820.6190719744 509675.82993354194 479508.1574923798 532724.7183329795 616336.6662666772 375369.69393397466
-1.0 -1.0 -1.0 -1.0 -1.0 623629.3549422375 678532.4860613968 669550.4701154915 281307.02201042173 178515.98456634837 495765.39362641546 913407.1721324793 575676.4689855181 592132.127676279 404010.4631691686 391528.6693160129 391866.90554922924 634888.9450381268 716673.3058410112 668035.4025946716 710761.3885477388 707358.6810566578 708462.8344012798 581291.0795918169 332919.3178311061 331096.3927382562 330798.24351328105 330315.349463475 371490.52989610593 331047.3186585869 331044.79929937405 331355.30782471184 331383.2082526525 746399.8538208287 995467.9788996598 1128451.250797033 1254022.5132599606 1519271.12764584 1519271.12764584 1535951.91030516 1407724.9772830303 1341399.6452917904 908482.1970274996 526613.9288171995 395743.6107782169 446672.0682374177 358051.366217433 410267.68015471747 638051.6066828109 697918.7873598305 1115892.7610264681 614482.3316095828 519521.0414962655 574444.998526098 1289082.267077335 771082.2984918155 770873.6251653321 739516.2229350723 643680.5001722695 659582.5129784968 558063.5297508667 424120.29809842055 583655.3235492054 612359.0102909278 373431.6335430359
-1.0 -1.0 -1.0 -1.0 -1.0 96720.41967520739 988883.706001411 1097926.6228160765 1089308.0259008545 229499.94488390253 416930.51310310984 488013.25459239964 887989.4575521192 361208.58105646033 352691.01753429265 389462.2066318716 316697.5584278902 285200.88200242055 403007.3680286724 372937.3968197603 372978.6257596873 578264.5284369212 702439.2001910048 535775.3807879714 329475.4716026087 328039.19706803164 327929.72700078203 326763.9034138193 327268.23820194404 326612.8251084199 326583.5262574916 326842.4934907345 326611.42013468116 984276.4958777666 984256.0433364866 991993.3530738696 950419.0608783035 404598.8774378276 422808.23652398476 795029.0729065281 578673.4768797741 900334.4592078 900334.4592078 1591522.6309406 486907.4761967018 588057.5253018037 768735.5817634457 601993.2112570744 601012.0233294219 618094.1514346224 999661.9303653453 774000.0002560606 389480.5299014912 683163.9654294846 781934.3490695148 785201.6440516447 540863.1495718496 703842.3679731225 653697.1994867465 465480.69942963787 413455.9323538287 487990.2152870076 595568.1878158327 427318.3234378625 426805.981713898
-1.0 -1.0 -1.0 -1.0 -1.0 -1.0 297086.19713503437 496652.7495276298 1009346.8658439091 582573.2605015562 411512.2521822765 526257.2180727391 393991.4672348986 325737.5157426857 525779.6754756856 339215.76497072534 314880.99475456093 306432.9552573481 353590.45021934994 325352.4708037937 255799.5674721104 253013.92159056154 344417.74140090094 369262.8139850306 328059.75241986575 326284.9107993904 180851.44547997162 179653.1214754891 179269.79701662145 179246.04267451458 177651.29995797513 186043.25664131826 157681.50402233633 148149.96037354623 95348.76875676808 81.06148763909107 51026.52099567112 8588.444375003983 154069.62381528702 221694.85165202708 279996.0179381343 523236.4985765222 697028.278858151 928542.5476827 284217.0551871953 411489.56451172 575099.4805189423 737376.4859667731 507002.2783656887 428006.0207824065 663016.5661939194 531317.2456544014 331042.54796644545 533796.2174348364 486430.9964744808 684112.1381201383 634764.2133361212 505225.32502537704 450005.1525965562 462724.69351056847 462092.90965204115 539241.6744318679 357452.7623632936 348704.7977508542 617761.6639613973
-1.0 -1.0 -1.0 -1.0 -1.0 -1.0 64809.77032765983 555787.4622794555 844091.582073831 586238.7886582215 1684239.3677771955 687303.6460559446 508778.74748918426 296313.89716475736 247177.80478649662 287109.6506304742 311031.77512431156 233774.08406076513 255989.16446837786 595572.3300463156 366563.5561543733 273350.84068341367 341845.0331881807 248931.36971995572 226200.77889498157 245945.7026754218 231096.2348143626 179143.50355998182 208483.9703596812 161424.2640997918 73907.3065802357 8524.41781690475 -1.0 -1.0 -1.0 -1.0 -1.0 -1.0 -1.0 11049.321463216398 1576.5783453877305 245044.22990457588 156438.91268179758 466725.9782944852 338944.0401104032 300398.31531329156 274586.02994538966 386100.1987070836 375741.70847100974 385813.96045834536 301573.6053388807 250148.10866359566 218871.17229152974 447621.0695208842 447484.532546471 499342.55295329867 550272.3467315957 615955.8142461777 512979.7518607635 475323.8237395751 711959.6576887588 610625.4748353714 411761.47557800566 484928.5174430179 686015.6606755535
-1.0 -1.0 -1.0 -1.0 -1.0 -1.0 336677.28955552256 267535.1985387125 555432.2416193481 456950.22300094774 2252985.6690477333 2449368.052797282 862276.8687353292 552924.2010127044 911475.3444564644 827016.637157647 976955.8249192982 1041450.0773126589 1115502.2279834358 1336450.8612413905 1337830.9208960205 1333309.70309124 356277.4788648102 329909.7707481891 235989.6581025771 86657.26907210064 -1.0 -1.0 -1.0 -1.0 -1.0 -1.0 -1.0 -1.0 -1.0 -1.0 -1.0 -1.0 -1.0 -1.0 -1.0 -1.0 -1.0 626198.9687397279 463113.24036413897 763103.3385235753 572392.950557312 343804.9803208959 286481.17440788844 239861.38518631482 214633.45706035633 536245.9278376193 217428.5439438892 251466.23516124306 251670.92655853136 447474.1697669529 446838.49018121784 511287.5124720279 510287.71260666027 569925.2272584824 473799.1112031593 497686.823991864 372794.0952670481 437780.531000211 563296.689720545
-1.0 -1.0 -1.0 -1.0 -1.0 -1.0 460900.7263758326 615196.6262016272 656462.4228345546 879176.8856145809 930474.5269308762 2337992.2167298873 2721249.7786969002 2392780.3301231684 1085890.0655654073 816155.6921467017 891556.6737994106 1178981.9225388526 1158232.2404457126 1411754.8468689544 1002831.9113616159 733600.8976338679 793637.6013064232 72199.62157329013 -1.0 -1.0 -1.0 -1.0 -1.0 -1.0 -1.0 -1.0 -1.0 -1.0 -1.0 -1.0 -1.0 -1.0 -1.0 -1.0 -1.0 -1.0 -1.0 150732.70292766736 880996.2970927194 1232367.053109316 1300550.0521112364 1089707.9722949849 340527.2246366073 299536.08143916295 61922.82194427757 1073732.7618222132 2392567.718583289 289813.1790444405 289843.63383384165 555239.8521632829 1462807.036608612 678388.277226063 522020.280505433 487214.437010954 325260.32109516626 349868.6229727665 349794.6693682794 289688.4191972881 252506.6547225088
-1.0 -1.0 -1.0 -1.0 34465.15891051 479028.40269599226 501318.18297276564 470215.6204578148 843615.483368812 776490.2649441343 394438.2789145467 912648.5132082213 1075105.061269523 992060.2625253927 1039871.93241894 1151527.4124027586 659591.2854327994 619778.0924930223 650840.4722774553 863095.2110819385 852722.3366671368 986141.2242047034 453048.462061129 -1.0 -1.0 -1.0 -1.0 -1.0 -1.0 -1.0 -1.0 -1.0 -1.0 -1.0 -1.0 -1.0 -1.0 -1.0 -1.0 -1.0 -1.0 -1.0 -1.0 -1.0 105370.06485437907 991096.8130442374 1528039.0966430318 1233650.5083613214 563288.2628059061 154909.7591686691 215582.37288284482 2625860.0920338235 1002547.4338565242 125038.14111770192 352111.3959230102 518894.4880170564 487150.9806906927 311786.35289541696 306561.2990620064 358906.83193347184 430893.9268970582 502098.99792980065 348486.8993743006 292368.32226221083 250924.89819433374
-1.0 -1.0 -1.0 -1.0 -1.0 467972.3961382802 660499.2757582504 735609.711356622 805583.7821515735 708262.9583517851 795619.7615424909 923135.4241600808 679571.9390451176 854244.0602773904 76030.97425586045 -1.0 -1.0 -1.0 -1.0 -1.0 -1.0 -1.0 -1.0 -1.0 -1.0 -1.0 -1.0 -1.0 -1.0 -1.0 -1.0 -1.0 -1.0 -1.0 -1.0 -1.0 -1.0 -1.0 -1.0 -1.0 -1.0 -1.0 -1.0 -1.0 -1.0 435892.08631845325 1223470.3206732133 414055.145834873 -1.0 56932.966557980006 610345.4007704937 606869.9469009336 727360.8839588934 563189.7566174485 228881.92105689168 208413.84614839515 104655.62709772863 433875.55116821703 352702.8148717408 345768.1555209688 558867.9876955417 483883.7672927514 402103.6411586284 520857.0529102372 348456.6571697838
-1.0 -1.0 -1.0 -1.0 -1.0 -1.0 113587.45572191704 926011.9140449741 1627846.663883688 1327549.3628533706 890120.7246859609 870632.2581613958 138662.96932381377 -1.0 -1.0 -1.0 -1.0 -1.0 -1.0 -1.0 -1.0 -1.0 -1.0 -1.0 -1.0 -1.0 -1.0 -1.0 -1.0 -1.0 -1.0 -1.0 -1.0 -1.0 -1.0 -1.0 -1.0 -1.0 -1.0 -1.0 -1.0 -1.0 -1.0 -1.0 -1.0 84207.74105017933 654346.3697632822 -1.0 -1.0 73921.88041112601 494103.28217643336 31271.900453395818 489507.99098531256 812504.1590703331 317867.3612329147 365273.6456219408 332289.34044775955 1223851.2652935246 1258683.127945 625497.3429074055 439679.4032978 370603.34232401766 459926.5652688639 1027770.7983167308 842532.7773900728
-1.0 -1.0 -1.0 -1.0 -1.0 -1.0 -1.0 -1.0 79534.62630829104 56662.17886186089 72572.43368457696 -1.0 -1.0 -1.0 -1.0 -1.0 -1.0 -1.0 -1.0 -1.0 -1.0 -1.0 -1.0 -1.0 -1.0 -1.0 -1.0 -1.0 -1.0 -1.0 -1.0 -1.0 -1.0 -1.0 -1.0 -1.0 -1.0 -1.0 -1.0 -1.0 -1.0 -1.0 -1.0 -1.0 -1.0 -1.0 -1.0 -1.0 82577.86507203271 338915.364055466 34900.89984726683 47022.789570955036 372663.6787616124 1278618.474981964 2130409.56663333 1028946.7962857264 1181844.0382173567 1251617.5488045025 1701354.9270124324 1262075.211903927 833551.2147890768 506209.8890624554 110895.06734074817 1406687.3790185347 1032080.9742537824
-1.0 -1.0 -1.0 -1.0 -1.0 -1.0 -1.0 -1.0 -1.0 -1.0 -1.0 -1.0 -1.0 -1.0 -1.0 -1.0 -1.0 -1.0 -1.0 -1.0 -1.0 -1.0 -1.0 -1.0 -1.0 -1.0 -1.0 -1.0 -1.0 -1.0 -1.0 -1.0 -1.0 -1.0 -1.0 -1.0 -1.0 -1.0 -1.0 -1.0 -1.0 -1.0 -1.0 -1.0 -1.0 -1.0 -1.0 -1.0 571259.4746655192 823750.0590905304 280597.2124670289 303236.0010810298 54601.95324516303 546103.9387405054 1041737.4846359794 1981467.2196143526 2478974.2184996395 2283658.512611365 2457559.349477282 2772337.6009120825 2033617.5828999612 2591925.1379905767 1317260.1017690008 1101288.1572647726 1052504.4842165173
-1.0 -1.0 -1.0 -1.0 -1.0 -1.0 -1.0 -1.0 -1.0 -1.0 -1.0 -1.0 -1.0 -1.0 -1.0 -1.0 -1.0 -1.0 -1.0 -1.0 -1.0 -1.0 -1.0 -1.0 -1.0 -1.0 -1.0 -1.0 -1.0 -1.0 -1.0 -1.0 -1.0 -1.0 -1.0 -1.0 -1.0 -1.0 -1.0 -1.0 -1.0 -1.0 -1.0 -1.0 -1.0 -1.0 -1.0 -1.0 -1.0 38877.55908702584 -1.0 -1.0 -1.0 -1.0 779185.268083236 1046299.747794331 815318.3667634218 1204187.278897157 1284835.5548100304 596122.8716246324 1334536.3563434875 1130117.69478886 1131089.855705252 1051258.3748290988 313393.1508154596
-1.0 -1.0 -1.0 -1.0 -1.0 -1.0 -1.0 -1.0 -1.0 -1.0 -1.0 -1.0 -1.0 -1.0 -1.0 -1.0 -1.0 -1.0 -1.0 -1.0 -1.0 -1.0 -1.0 -1.0 -1.0 -1.0 -1.0 -1.0 -1.0 -1.0 -1.0 -1.0 -1.0 -1.0 -1.0 -1.0 -1.0 -1.0 -1.0 -1.0 -1.0 -1.0 -1.0 -1.0 -1.0 -1.0 -1.0 -1.0 -1.0 -1.0 -1.0 -1.0 -1.0 -1.0 202454.01568462347 892517.8144008447 953677.732157386 1121372.7746669266 1122115.415773065 636613.4585548835 1172762.6880970953 1109515.418630072 1100142.8397478426 763436.2687137031 651793.0480296388
-1.0 -1.0 -1.0 -1.0 -1.0 -1.0 -1.0 -1.0 -1.0 -1.0 -1.0 -1.0 -1.0 -1.0 -1.0 -1.0 -1.0 -1.0 -1.0 -1.0 -1.0 -1.0 -1.0 -1.0 -1.0 -1.0 -1.0 -1.0 -1.0 -1.0 -1.0 -1.0 -1.0 -1.0 -1.0 -1.0 -1.0 -1.0 -1.0 -1.0 -1.0 -1.0 -1.0 -1.0 -1.0 -1.0 -1.0 -1.0 -1.0 -1.0 -1.0 -1.0 -1.0 -1.0 164643.2455188718 600621.2528905299 920626.8851298738 1142677.2532301722 841080.0335166178 1347272.6706957791 848393.7844955362 1269935.8095431381 774390.2406266792 1015168.3188530948 665588.6477151902
-1.0 -1.0 -1.0 -1.0 -1.0 -1.0 -1.0 -1.0 -1.0 -1.0 -1.0 -1.0 -1.0 -1.0 -1.0 -1.0 -1.0 -1.0 -1.0 -1.0 -1.0 -1.0 -1.0 -1.0 -1.0 -1.0 -1.0 -1.0 -1.0 -1.0 -1.0 -1.0 -1.0 -1.0 -1.0 -1.0 -1.0 -1.0 -1.0 -1.0 -1.0 -1.0 -1.0 -1.0 -1.0 -1.0 -1.0 -1.0 -1.0 -1.0 -1.0 -1.0 -1.0 -1.0 -1.0 304822.2781396829 984146.237406917 1214648.3017372696 414722.969074332 465288.2069851509 1030825.2091542184 876861.3272295143 766236.9719158919 394023.37438001833 537099.2437460101
-1.0 -1.0 -1.0 -1.0 -1.0 -1.0 -1.0 -1.0 -1.0 -1.0 -1.0 -1.0 -1.0 -1.0 -1.0 -1.0 -1.0 -1.0 -1.0 -1.0 -1.0 -1.0 -1.0 -1.0 -1.0 -1.0 -1.0 -1.0 -1.0 -1.0 -1.0 -1.0 -1.0 -1.0 -1.0 -1.0 -1.0 -1.0 -1.0 -1.0 -1.0 -1.0 -1.0 -1.0 -1.0 -1.0 -1.0 -1.0 -1.0 -1.0 -1.0 -1.0 -1.0 -1.0 -1.0 -1.0 53732.94534092009 473674.99166553555 528578.4613359343 333793.05616438796 668151.0270983193 726577.6962435899 504847.32214727614 376738.07236036746 513723.28383431665
-1.0 -1.0 -1.0 -1.0 -1.0 -1.0 -1.0 -1.0 -1.0 -1.0 -1.0 -1.0 -1.0 -1.0 -1.0 -1.0 -1.0 -1.0 -1.0 -1.0 -1.0 -1.0 -1.0 -1.0 -1.0 -1.0 -1.0 -1.0 -1.0 -1.0 -1.0 -1.0 -1.0 -1.0 -1.0 -1.0 -1.0 -1.0 -1.0 -1.0 -1.0 -1.0 -1.0 -1.0 -1.0 -1.0 -1.0 -1.0 -1.0 -1.0 -1.0 -1.0 -1.0 -1.0 -1.0 -1.0 -1.0 -1.0 -1.0 -1.0 25388.952982594124 754329.0071566857 628404.4890432721 -1.0 -1.0
-1.0 -1.0 -1.0 -1.0 -1.0 -1.0 -1.0 -1.0 -1.0 -1.0 -1.0 -1.0 -1.0 -1.0 -1.0 -1.0 -1.0 -1.0 -1.0 -1.0 -1.0 -1.0 -1.0 -1.0 -1.0 -1.0 -1.0 -1.0 -1.0 -1.0 -1.0 -1.0 -1.0 -1.0 -1.0 -1.0 -1.0 -1.0 -1.0 -1.0 -1.0 -1.0 -1.0 -1.0 -1.0 -1.0 -1.0 -1.0 -1.0 -1.0 -1.0 -1.0 -1.0 -1.0 -1.0 -1.0 -1.0 -1.0 -1.0 -1.0 -1.0 -1.0 -1.0 -1.0 -1.0
-1.0 -1.0 -1.0 -1.0 -1.0 -1.0 -1.0 -1.0 -1.0 -1.0 -1.0 -1.0 -1.0 -1.0 -1.0 -1.0 -1.0 -1.0 -1.0 -1.0 -1.0 -1.0 -1.0 -1.0 -1.0 -1.0 -1.0 -1.0 -1.0 -1.0 -1.0 -1.0 -1.0 -1.0 -1.0 -1.0 -1.0 -1.0 -1.0 -1.0 -1.0 -1.0 -1.0 -1.0 -1.0 -1.0 -1.0 -1.0 -1.0 -1.0 -1.0 -1.0 -1.0 -1.0 -1.0 -1.0 -1.0 -1.0 -1.0 -1.0 -1.0 -1.0 73825.2190024596 121013.36476881822 -1.0
-1.0 -1.0 -1.0 -1.0 -1.0 -1.0 -1.0 -1.0 -1.0 -1.0 -1.0 -1.0 -1.0 -1.0 -1.0 -1.0 -1.0 -1.0 -1.0 -1.0 -1.0 -1.0 -1.0 -1.0 -1.0 -1.0 -1.0 -1.0 -1.0 -1.0 -1.0 -1.0 -1.0 -1.0 -1.0 -1.0 -1.0 -1.0 -1.0 -1.0 -1.0 -1.0 -1.0 -1.0 -1.0 -1.0 -1.0 -1.0 -1.0 -1.0 -1.0 -1.0 -1.0 -1.0 -1.0 -1.0 -1.0 -1.0 -1.0 -1.0 -1.0 -1.0 0.00502777 0.0 -1.0
