Model Version1.4/trunk/output/2010/nfert_crit_sw.asc
ncols 720
nrows 360
xllcorner -180
yllcorner -90
cellsize 0.5
NODATA_value -9999
[rows 196 to 223 of 360, columns 378 to 440 of 720]
-9999.0 -9999.0 -9999.0 -9999.0 -9999.0 -9999.0 -9999.0 -9999.0 31564637.222559195 47077682.01133664 32489596.31431853 37695313.79712926 64461970.32885166 -9999 -9999 58317989.0671425 -9999 -9999 -9999 72778405.84932119 68832039.4924569 87642485.95190792 59973967.10609521 -9999 -9999 -9999 -9999 123568313.13106051 223750726.76247612 -9999 308686820.18703973 182344075.7422219 287297832.73854285 146454127.2946085 86423583.5408774 0.0 113009659.43736923 -9999 220414269.12986392 60092266.88029079 139448551.7637567 136162744.34349874 162416462.9783039 0.0 43426529.78433711 38863717.12191712 48350329.618011855 0.0 19102529.572208963 97081874.53205396 156979285.48166704 27111773.79561658 51688604.94265571 66668019.56031721 116978680.36154765 157559670.85957244 144790123.63353625 199799756.63414696 212797612.3588003 87133543.03609762 354162392.9269865 -9999.0 -9999.0
-9999.0 -9999.0 -9999.0 -9999.0 -9999.0 -9999.0 -9999.0 -9999.0 0.0 19145490.132286966 -9999 39531373.50114231 56867596.02678513 78255563.96999317 -9999 56525191.39132468 30950244.95529628 -9999 -9999 80916870.02204576 75081472.52734748 -9999 -9999 -9999 66869582.479459666 -9999 -9999 -9999 388199099.6083642 406142059.4474406 240116690.86922908 295010327.5138516 756780.2343250865 133165840.2997649 75336435.92958105 -9999 -9999 -9999 93223077.4461354 0.0 64318023.53710413 0.0 -9999 52000725.88871433 33902351.06629273 38901387.916645385 32733079.555571973 5737347.309034766 38783393.736261025 65599478.79688343 49173860.72651692 7734685.73025899 63706106.25567938 20821963.17143194 162918459.9282257 106808216.87051634 84974314.23789774 154069642.27473292 135995804.14207432 149459994.96138754 502771041.07129717 -9999.0 -9999.0
-9999.0 -9999.0 -9999.0 -9999.0 -9999.0 -9999.0 -9999.0 -9999.0 21734516.234009802 27476805.7428065 -9999 23673109.73385871 40859929.09334835 36301650.57919257 73859552.112991 -9999 79230946.03245102 -9999 -9999 -9999 -9999 77922688.73991594 -9999 69136155.09506339 71826196.3580027 43305048.597125314 -9999 217321186.54081494 528862083.067676 396695767.0855733 338325552.5556383 -9999 204814006.78213724 195638.5691805565 65722269.01934756 -9999 106822367.29753375 282578745.0096254 13878823.08093452 0.0 183447090.3284464 162735502.69463027 156041357.67481527 168241260.75070423 174910600.45285267 67422199.47199674 109447519.65103719 1267560.4523586652 19929419.506161623 15588487.380962688 47289566.969430886 47182045.961152315 94001811.85924326 3656712.0737787746 96967559.99287917 -9999 202250475.75890243 207540803.2842688 300348390.80368507 215229282.06346908 263237171.8116564 232316261.97937015 -9999.0
-9999.0 -9999.0 -9999.0 -9999.0 -9999.0 -9999.0 -9999.0 -9999.0 87090395.51705547 82747268.66685264 33957156.683143765 30097373.818838466 48314261.61148079 -9999 69068911.82144867 -9999 16844566.42308016 69492967.24975607 105314526.16382252 -9999 -9999 -9999 80514439.36927475 82733712.84177803 79225344.9851069 -9999 -9999 160313494.5792844 249377912.8868102 265355462.6381836 312987465.512775 -9999 -9999 160547094.33735558 88992700.42439166 280522741.7766647 46613292.08769656 269075579.6847398 802377924.8458775 286870643.14499205 159079136.27980265 144547501.9734393 191847778.44117096 184181470.80082607 212556611.44952208 24621456.106410354 98938545.50890182 102893453.12329425 68802127.27795775 25496588.11553932 0.0 68026387.95098422 58183264.798694454 -9999 -9999 -9999 226596012.32929555 176536831.12459186 339660883.7994387 192276233.66605806 61650331.67565238 61278529.72211911 -9999.0
-9999.0 -9999.0 -9999.0 -9999.0 -9999.0 -9999.0 -9999.0 -9999.0 -9999 71083496.80362852 -9999 22240390.549726136 -9999 -9999 -9999 -9999 86373158.3591281 -9999 -9999 73168656.78168404 -9999 80917059.30872329 99468154.36651449 101486857.28829409 -9999 -9999 46361618.035738885 305003313.1277408 215427957.7061877 -9999 73908982.7869923 137119709.4765674 92223163.83727796 216664382.7872891 149611162.22820675 257147252.92772177 221003641.09214565 -9999 354907162.7496518 143838657.69803676 161793594.53919077 172550873.8617879 202905784.60206246 155922320.93539304 196983121.7539115 60412526.29496308 122943687.41163689 78764865.68510042 17112388.885289803 64437125.010354854 0.0 68385136.3852726 79832410.54910186 91021164.13269211 77610414.97657312 -9999 -9999 142201928.5525315 17537732.944003567 99718246.51280391 57420468.06627067 23449857.58332379 75784951.09790719
-9999.0 -9999.0 -9999.0 -9999.0 -9999.0 -9999.0 -9999.0 -9999.0 -9999.0 34963802.79162173 8555696.894043759 22529892.964705557 40132439.11087205 47212988.94091356 -9999 -9999 -9999 -9999 -9999 -9999 66563500.81743855 101028536.83906722 93561417.51908189 109108408.42796753 90659538.10422875 -9999 36970018.42309398 191613711.7200947 258608776.7426184 206200184.27411282 217290699.20543954 258269268.81146666 191344027.3415152 234873625.52890208 197815656.18099752 175729232.69231498 72198611.21611378 101432346.38011879 573424868.4366001 159845039.41935998 200389002.40129012 318202078.8787759 257918749.2010246 -9999 222216076.65325043 223704906.6919673 104071041.58721262 -9999 31065399.020219572 50601020.077125005 25931988.25531196 63849364.39124888 65574824.69585954 34056632.36904125 88027279.29870602 126047504.85493618 133914494.29450671 0.0 63455913.3953697 12052865.367475048 12835189.787907805 8056643.647774231 0.0
-9999.0 -9999.0 -9999.0 -9999.0 -9999.0 -9999.0 -9999.0 -9999.0 -9999.0 19761054.623762183 0.0 20854697.329851065 21067529.97377895 59201425.86660087 84912419.08150722 54881501.49434869 -9999 -9999 -9999 -9999 75767934.34544602 73333694.56007485 85369908.37969448 85810485.25700048 334776094.66645753 354128041.45097554 81757716.67796619 79114365.20209248 88433622.65144831 -9999 173030813.1083611 -9999 539496120.6701881 460163435.07892114 -9999 276149759.3707979 338119885.6568244 565199131.7528294 0.0 186545225.38542402 218745787.93699497 141460858.42495537 -9999 245196623.1948878 220454824.85622543 184454684.40854147 79695103.81607763 -9999 0.0 33882406.39002066 55839885.31512826 52306388.93342824 63114100.09390233 136373784.83355096 135100079.09731922 138947653.1318842 35674150.9870908 7882319.327430626 118840042.18273984 60519313.66413043 123760137.33761609 0.0 61265667.49313974
-9999.0 -9999.0 -9999.0 -9999.0 -9999.0 -9999.0 -9999.0 -9999.0 -9999.0 4136204.720792541 15848194.297349289 25761324.452244375 37958784.207351714 31403335.366937183 40730701.5561616 36091699.70617561 59760025.58738342 -9999 -9999 -9999 -9999 73431061.62034887 85295552.6185491 109742939.45898262 -9999 -9999 206977050.4143896 262836688.72063574 -9999 -9999 122085185.8604751 -9999 -9999 -9999 -9999 -9999 899331009.9509943 320468528.9607332 -9999 220812547.4542087 210587323.6069226 1156865205.8879938 -9999 237817416.262237 230280296.89575619 139997481.73261863 43974081.538830705 94436271.03301801 66434450.82728708 44513303.841757454 95276749.07982582 0.0 228459844.13050735 299563893.51499027 268909112.07835937 249381970.13452595 228164558.3546343 201780059.94216597 201940073.43844232 0.0 197239714.77106994 15521263.710282676 8822314.071086343
-9999.0 -9999.0 -9999.0 -9999.0 -9999.0 -9999.0 -9999.0 -9999.0 -9999.0 0.0 0.0 24749818.5226552 28486720.674433094 36726960.366604105 41880681.17315615 23289064.280624144 40152893.38401198 60066867.09327976 -9999 79127385.92641899 76551978.17459227 -9999 94266800.19989276 286693050.1118891 307137084.45856875 173659057.31672445 111614790.9729071 -9999 -9999 -9999 -9999 -9999 -9999 206298984.8628565 208459323.16724664 -9999 -9999 6743023883.664036 0.0 3466784065.7628164 235779177.77216867 271927003.64111173 -9999 -9999 98776285.40613906 69157151.03064549 -9999 72884897.27768388 109226236.36040065 53816120.17779926 0.0 206003097.18284574 235121967.5123986 213522273.03690624 199805456.23055565 -9999 105431963.26145469 79960119.19473344 183037854.29382 146792203.48446974 167202340.89095107 228706266.27417415 299348280.8354431
-9999.0 -9999.0 -9999.0 -9999.0 -9999.0 -9999.0 -9999.0 -9999.0 0.0 0.0 5579439.7011176925 20762039.431296553 22092051.35043752 19181348.62557564 40614082.44960402 40966404.04312855 56017670.6375106 64335663.94612019 75550510.16809776 77165360.12436026 80298817.77989702 83744329.56195395 93091562.77198544 97838742.84611537 408452017.8689672 317923733.69312686 242450898.02425602 140553918.6515808 -9999 74151709.63608675 -9999 -9999 -9999 -9999 -9999 -9999 -9999 178254478.79428425 205507157.95209605 0.0 622439132.6010528 3298468088.756047 171316959.72032318 127785733.04203224 58240419.365409285 -9999 -9999 54887717.03157727 61673344.57934841 19477768.187057257 97797071.69705386 143132730.20685074 140597460.47663787 167110337.46723312 92641600.88628429 -9999 266314458.36811182 193799386.55680788 207568326.5521197 197285734.30478698 58395679.34004158 121168789.84849541 158740232.04537225
-9999.0 -9999.0 -9999.0 -9999.0 -9999.0 -9999.0 -9999.0 -9999 12949066.17414154 18236828.240504473 0.0 16549289.78403828 22454315.495837633 36624057.688845515 39529220.53857188 25816941.279300425 13629516.788289884 -9999 63753511.7974977 70835107.21259573 78921882.74254034 81578460.08127256 53808728.92026146 -9999 101891997.58150627 632565192.0913222 1952375494.7353106 659553074.3831556 204517401.10996154 216911097.0261947 243819338.15971863 89946647.68106343 123322033.09130974 136012916.80036008 -9999 -9999 235813884.48262212 232948472.92378265 162351259.62773338 200627271.69966152 733876436.6463816 171050753.12750402 116065877.32144642 147250799.42058834 51518071.269576505 -9999 70811011.73372243 41748571.01366483 71931064.64783965 13468759.6401432 68914220.2438843 64517448.506309666 124628657.92341954 120783389.60279945 183488600.0952786 206094793.6796931 160696361.64792413 113117497.98951332 194063895.0487529 97964771.19930223 128559499.08322439 155060780.50165898 128321252.0155531
-9999.0 -9999.0 -9999.0 -9999.0 -9999.0 -9999.0 -9999.0 0.0 0.0 0.0 17249251.98899381 15108469.636706457 25062993.112339936 37726128.335024655 41566658.28894214 0.0 15249967.701488586 -9999 69038815.07456546 71705522.30606087 78145592.47798154 44912890.89766845 49900239.71798036 50418991.63248705 65901556.06723938 84443851.63205174 1024069937.3562719 930854525.22591 188076896.71137178 218998559.29930627 0.0 -9999 233167705.07098904 152025489.74093306 -9999 255941211.82423043 501221570.8400651 212410423.51813054 165877673.7919726 90401887.27622013 94796671.66993727 68263758.31984544 145632447.20307982 34652545.068098165 93917650.28880847 57137459.55854346 20758042.03957761 13594543.86003331 56313811.975016415 26563093.885300145 78167014.51975459 0.0 70515569.1045825 145791326.02045104 246074191.45251647 144371951.5727607 85411724.30354898 127152453.9202396 161957736.88738966 85770654.75541931 82136656.99688561 77181971.57553111 68407443.72498892
-9999.0 -9999.0 -9999.0 -9999.0 -9999.0 -9999.0 0.0 0.0 6566340.07339455 16892717.753574274 18443777.558507662 0.0 25365327.95778148 -9999 34818766.95834557 -9999 9835806.611757457 47089140.788061455 58206714.92566802 47236447.94967851 71270013.70780994 25447905.242904317 70742811.13107094 -9999 -9999 94341074.17499518 -9999 -9999 815798488.7096 320103721.17927253 -9999 199396888.5850634 234727711.50675368 -9999 -9999 -9999 243617038.73257712 138458399.83406523 116430932.94747144 45046494.30170391 63383402.26373713 116175887.46199124 22946776.581337396 22203558.575146988 72900418.69980106 40218822.86416828 35403744.93473878 111509420.84631158 82213047.41159317 56230586.034401126 47187201.895248465 0.0 8145103.582367771 3781829.2970857425 15198106.783989038 0.0 65460785.815958336 61267104.42242289 64202701.099963605 168847443.41640893 92965333.96965998 124518923.46227267 5608996.260552219
-9999.0 -9999.0 -9999.0 -9999.0 -9999.0 -9999.0 -9999 0.0 10665628.115298785 13822525.611132529 478553.9193466881 11726858.192342194 28246078.207476895 43417247.15902477 51225257.97124467 49804958.57688127 9055348.689024149 40330467.13514989 39145645.75216519 65722758.485912934 58815424.15399899 19214972.565551553 -9999 92463294.80616239 -9999 -9999 -9999 -9999 642516500.9033093 635522224.2564762 266168140.82152882 144149320.0241708 176449194.94949713 -9999 -9999 47284967.62989305 120577808.39562896 187799083.94059932 169969853.27142224 40138515.40561776 13930133.994875629 -9999 0.0 48235170.5230346 84233631.53715868 36074323.94138333 24208840.368724465 78186330.25890964 111785200.89729053 63667885.89027659 33350195.36906823 65983871.79164716 16903122.04678045 83736467.77974634 24538603.47668295 64366380.24180184 7002861.072930241 25543212.590483513 40165882.839382984 82086450.54873021 122347508.72201337 5578483.093777023 103306282.7347274
-9999.0 -9999.0 -9999.0 -9999.0 -9999.0 -9999.0 0.0 11660936.444630818 5774940.291621878 16320520.143545864 0.0 -9999 0.0 0.0 41433157.87623946 0.0 6346707.230723939 14360879.433847817 33268138.769206207 88255610.03353377 8281692.078106895 333675876.58266133 -9999 -9999 -9999 -9999 445434552.21066934 0.0 215701539.90515602 548935041.5365261 414307528.4798918 405924006.4714246 -9999 -9999 48623985.85514778 14531626.062126324 126415038.599835 167319060.10905603 0.0 38119466.937167965 29172582.71734182 -9999 0.0 27542881.040973805 64166077.5527675 59504488.52484351 64729926.35474252 37766233.322953366 105142046.74996944 47586909.27087331 68226587.16229482 72115677.36241598 44514534.505280435 148660883.91413218 159003306.28141198 68654767.45691448 49101442.85097528 89625557.91634914 73165416.88351546 75845302.79707877 0.0 195718783.74335265 0.0
-9999.0 -9999.0 -9999.0 -9999.0 -9999.0 -9999 -9999 -9999 0.0 0.0 0.0 0.0 0.0 0.0 57803520.3827002 30821000.740760736 10973982.96822031 5644026.07742713 -9999 -9999 -9999 -9999 -9999 -9999 -9999 140847475.14807457 1027816978.0050174 194152084.21397218 163387334.87375042 944831195.9680959 -9999 -9999 536071207.0009313 -9999 151768572.11778462 420387793.5839013 -9999 182402972.59362903 83725352.18672623 68991128.86035644 -9999 -9999 0.0 107408572.12402897 79863132.57365154 5236527.074926755 0.0 74086055.70266907 63659486.79712004 36770190.44578048 51718478.47828643 38451593.82987075 4600441.736591717 74740872.08665283 171537718.91079816 124402953.52383418 3943051.9032605034 112384356.22053473 124896583.65384983 116229944.81827866 0.0 147700888.79555497 582705.0856375147
-9999.0 -9999.0 -9999.0 -9999.0 -9999.0 -9999 -9999 -9999 0.0 0.0 0.0 0.0 0.0 0.0 0.0 0.0 -9999 -9999 -9999 -9999 -9999 -9999 -9999 -9999 -9999 -9999 -9999 -9999 -9999 -9999 472982411.5206387 417485355.439858 554521309.5383384 -9999 241308222.1462683 163109631.28837237 57856130.026118 47705944.449250884 37026278.75117362 46335198.80715861 17335451.01662295 67194240.42889492 16410817.120965507 0.0 16886852.97563331 4403119.542777403 58541749.279078275 18956202.40441632 41656513.26246734 37973730.777277246 52917301.36681516 60733489.01484118 20080682.297177732 117916049.318159 57135497.3600708 55265963.69993705 3989731.755785438 29058791.97050894 45615826.58996874 11031831.968098413 210862005.215872 136768833.13894278 143645743.36757612
-9999.0 -9999.0 -9999.0 -9999.0 -9999.0 -9999 -9999 17849101.93480976 0.0 0.0 0.0 0.0 0.0 0.0 0.0 -9999 -9999 0.0 -9999 -9999 -9999 -9999 -9999 -9999 -9999 -9999 -9999 -9999 -9999 0.0 178305238.00623506 443633564.227188 680566350.4150689 -9999 0.0 0.0 8998785.26162289 0.0 0.0 -9999 31179309.632875126 12664572.683273211 52918922.12725997 52522489.873183556 38416689.39653971 69528305.01598136 10437765.811829504 46218647.338302895 0.0 67214075.27759756 36198842.72682586 184516778.1149309 169985474.5612164 142645011.17300108 153314453.48865736 79806418.25693934 165085718.06577012 212692475.80020347 193053509.10878617 257508167.6886334 15598487.153397886 249581005.69083482 -9999.0
-9999.0 -9999.0 -9999.0 -9999.0 -9999.0 -9999 -9999 -9999 0.0 0.0 -9999 0.0 0.0 0.0 0.0 28736592.487052258 0.0 0.0 0.0 88627006.91377334 -9999 -9999 -9999 -9999 -9999 -9999 -9999 0.0 -9999 -9999 153144003.04492986 695675955.8374702 633555129.2890204 0.0 0.0 6049697.789848833 35979344.367664345 0.0 60338939.620899454 0.0 75134629.98231323 27249262.262123294 50794405.97000725 71490274.13751146 49271159.48782019 14411401.899891365 41927469.60699348 40612866.37631324 87533029.63128754 140748441.71798882 335277166.43423647 168489328.2472845 165240822.32664844 161849805.73137134 165727343.64170748 100229482.70659128 49257114.587918214 244994053.5197319 320407443.7861228 388288975.71044344 -9999.0 -9999.0 -9999.0
-9999.0 -9999.0 -9999.0 -9999.0 -9999.0 -9999 -9999 -9999 51217.20888256139 0.0 0.0 36415901.63426467 152444687.98099035 58303805.30664203 17488012.70993926 34139628.50494938 0.0 0.0 0.0 0.0 0.0 0.0 0.0 0.0 0.0 0.0 0.0 46839056.90025379 0.0 -9999 0.0 36548704.59146637 69603406.96153508 135064326.50693 14196274.027146894 3204129.7216948285 48010823.449893236 83490132.82599966 31811494.705834594 9488156.201278621 0.0 3625516.3026510277 52623230.89803237 142630954.52904093 0.0 67698828.62812328 26284553.9326972 21496788.43022481 139249358.5493226 196242368.2067733 273011438.57328945 331856693.14224124 232737765.32056364 336332812.6237479 575911478.3361956 639798835.7114387 737633194.3913718 975780915.5729424 -9999.0 -9999.0 -9999.0 -9999.0 -9999.0
-9999.0 -9999.0 -9999.0 -9999.0 -9999.0 -9999 -9999 -9999 -9999 0.0 0.0 -9999 -9999 0.0 138383603.2304744 99275690.81999213 0.0 0.0 0.0 4678213.344905889 0.0 0.0 0.0 0.0 0.0 0.0 0.0 0.0 0.0 53209617.04905969 0.0 0.0 141324075.471536 45381516.141974084 15669367.390730582 14658396.6392712 -9999 17240617.053019486 12206020.691690989 209610571.60449573 43961807.152384154 0.0 46315627.00488294 75703411.00195174 9071922.965582633 69233285.60795967 74048689.33324553 68004570.05548172 170827221.38449326 198443696.58648852 195604696.2435452 305307567.9227106 300370402.05358493 216530834.43935937 652123904.2242243 847262976.7631096 -9999.0 -9999.0 -9999.0 -9999.0 -9999.0 -9999.0 -9999.0
-9999.0 -9999.0 -9999.0 -9999.0 -9999.0 -9999.0 -9999 -9999 -9999 0.0 -9999 -9999 -9999 18219964.087868646 -9999 -9999 72541887.72912939 0.0 0.0 0.0 0.0 653130.1368900117 2272908.2151427744 1072905.2875552233 -9999 -9999 -9999 -9999 -9999 -9999 -9999 0.0 2235425.633608261 0.0 -9999 130255076.69374304 -9999 -9999 237001472.71551546 222320211.20721394 187236091.47281975 0.0 39364236.312452175 147569499.31499252 17425710.497288812 18725620.641575027 19187647.021472793 67704758.09759098 85245331.89707108 170394162.18466204 196333619.3991997 265032254.09040433 446585465.5115643 393695173.3416258 448967245.4011516 -9999.0 -9999.0 -9999.0 -9999.0 -9999.0 -9999.0 -9999.0 -9999.0
-9999.0 -9999.0 -9999.0 -9999.0 -9999.0 -9999.0 -9999.0 -9999 0.0 2114441.704041236 -9999 -9999 31060254.71433579 -9999 123089930.57339907 0.0 15975541.697135193 5704506.313808053 2413542.724073542 0.0 0.0 0.0 0.0 0.0 -9999 -9999 -9999 -9999 -9999 -9999 -9999 -9999 0.0 0.0 0.0 167395758.90199113 7814479.795874378 159811864.76924857 115579272.96680728 39759960.28754662 48078225.3969744 5897526.625283154 51462570.80637502 80743840.10713834 50994317.42614335 18577297.600757793 17705912.76927428 9528947.105005672 50362726.07850376 110054729.11158781 247337694.20530242 312920201.92706853 737829151.98933 1249274689.7038639 -9999.0 -9999.0 -9999.0 -9999.0 -9999.0 -9999.0 -9999.0 -9999.0 -9999.0
-9999.0 -9999.0 -9999.0 -9999.0 -9999.0 -9999.0 -9999.0 -9999 -9999 -9999 -9999 -9999 0.0 -9999 0.0 0.0 5387074.9477489395 5271788.265136796 0.0 0.0 0.0 0.0 0.0 0.0 -9999 -9999 -9999 -9999 -9999 -9999 -9999 -9999 -9999 0.0 66384536.39069035 0.0 0.0 8633724.242297351 11021606.51285195 44497297.931534216 27214524.60016806 46776568.605176054 33157093.57936895 24321126.141887978 23777431.70597028 29821640.02041817 44126234.47735014 30341930.91660425 23144266.238864683 50144263.03795505 304635592.32902086 461942205.47293496 1339525879.3990996 -9999.0 -9999.0 -9999.0 -9999.0 -9999.0 -9999.0 -9999.0 -9999.0 -9999.0 -9999.0
-9999.0 -9999.0 -9999.0 -9999.0 -9999.0 -9999.0 -9999.0 -9999.0 -9999 -9999 -9999 3824619.6348582148 0.0 0.0 0.0 0.0 0.0 0.0 -9999 -9999 0.0 -9999 -9999 1381723.7614681842 -9999 -9999 -9999 0.0 -9999 -9999 -9999 -9999 -9999 -9999 412936192.1482485 -9999 0.0 70862842.84096968 0.0 0.0 0.0 9938647.798271857 45959815.52020781 34599443.26865824 9471916.621126335 31615654.714798298 52555225.629848175 48663551.25637388 177697228.42978218 285457336.1844941 461035841.4613514 610548708.0121944 -9999.0 -9999.0 -9999.0 -9999.0 -9999.0 -9999.0 -9999.0 -9999.0 -9999.0 -9999.0 -9999.0
-9999.0 -9999.0 -9999.0 -9999.0 -9999.0 -9999.0 -9999.0 -9999.0 -9999 -9999 -9999 -9999 -9999 0.0 0.0 0.0 -9999 -9999 -9999 -9999 0.0 -9999 0.0 0.0 -9999 -9999 -9999 -9999 -9999 -9999 -9999 -9999 -9999 -9999 260817165.21557277 0.0 0.0 0.0 20169.65941615265 1726074.6789400391 10005865.470985273 14253363.756224653 11846627.226897473 9264017.656270506 30889893.948189728 77301155.1778105 71973198.56509665 84905648.45235021 176204743.363944 604788561.7020664 534998832.30853385 593083167.8564624 588733045.1360387 -9999.0 -9999.0 -9999.0 -9999.0 -9999.0 -9999.0 -9999.0 -9999.0 -9999.0 -9999.0
-9999.0 -9999.0 -9999.0 -9999.0 -9999.0 -9999.0 -9999.0 -9999.0 -9999.0 -9999 -9999 -9999 -9999 0.0 0.0 -9999 -9999 0.0 0.0 0.0 0.0 0.0 0.0 -9999 -9999 -9999 -9999 -9999 -9999 -9999 -9999 -9999 -9999 -9999 97636296.81741555 0.0 111651505.92842127 0.0 133086835.82029502 63414106.52508798 51649842.06359878 22831227.70916933 20116943.57633254 38112517.67026412 67350815.2052721 114475210.629528 152091158.31769082 77892284.22335614 275611856.08578736 399013048.3279242 532463942.5430467 530142424.0365472 541893808.3755633 -9999.0 -9999.0 -9999.0 -9999.0 -9999.0 -9999.0 -9999.0 -9999.0 -9999.0 -9999.0
-9999.0 -9999.0 -9999.0 -9999.0 -9999.0 -9999.0 -9999.0 -9999.0 -9999.0 -9999 -9999 -9999 -9999 -9999 -9999 7668175.063502953 -9999 0.0 3062538.8807042646 -9999 0.0 -9999 -9999 24007656.32176508 -9999 -9999 -9999 -9999 -9999 -9999 -9999 -9999 -9999 0.0 0.0 0.0 0.0 62715752.76478561 115893758.24590456 -9999 -9999 -9999 -9999 220363930.40873867 116556993.23699 39576571.445075326 -9999 532207333.4070261 0.0 807639894.5659109 380243968.9833754 -9999 130069206.16602533 -9999.0 -9999.0 -9999.0 -9999.0 -9999.0 -9999.0 -9999.0 -9999.0 -9999.0 -9999.0
