Model Version1.4/trunk/output/2010/nfert_crit_sw.asc
ncols 720
nrows 360
xllcorner -180
yllcorner -90
cellsize 0.5
NODATA_value -9999
[rows 189 to 215 of 360, columns 372 to 433 of 720]
-9999.0 -9999.0 -9999.0 -9999.0 -9999.0 -9999.0 -9999.0 -9999.0 -9999.0 -9999.0 -9999.0 -60050787.87513276 719674701.8103614 50851429.427829474 182886960.46843272 226416522.87827718 277684008.1459987 535679066.26468337 197530501.3486452 279000296.6437333 296909096.01786035 197175072.2722416 178786280.6751996 146063975.0535218 251016418.31705627 225012858.07232136 262737669.5898734 172387137.52133742 184835932.75073662 209935256.87798175 138922575.32562613 122977047.52575336 104797290.30286022 212657904.8323074 154678600.24431062 229334622.6629402 218529652.71889988 249867898.0390535 180828467.79346916 270193658.99578893 198575074.49911082 119196614.83276144 116508087.76356567 -9999 96187540.27181588 103085123.17550685 -9999 -11941567.17193456 55930074.15502702 -9999 13529377.904905 -45077636.47021346 41811671.00281734 52001910.60096051 57208648.46268963 5259088.49946417 59127518.94658353 5125329.744371754 25834546.57550829 26067754.248747326 62129018.58367312 56663548.110379145
-9999.0 -9999.0 -9999.0 -9999.0 -9999.0 -9999.0 -9999.0 -9999.0 -9999.0 -9999.0 -9999.0 -9999.0 166832919.0828856 187331858.1637568 104969299.05710006 165569159.6784845 232280936.96272716 249065435.38474795 245659280.1391431 246070291.4950217 -9999 -9999 204823205.91435307 196842053.14174783 223066836.78055462 167465625.17241415 227788297.46127206 202182437.48887977 226326848.87728497 229326181.0910458 96544169.01135781 103639440.4107074 149220831.06772265 210591871.1315365 216672600.27342406 222117024.75750947 207835007.75931433 183781344.94313148 197738548.230442 194457675.28358254 259003451.06682315 91779924.83088653 60556148.51103592 -9999 -9999 -9999 -9999 -36776046.63748862 68155734.00628997 49673069.31916292 71993135.82819289 59656595.18567007 68027474.02974819 3468793.4042093433 75063090.03153294 -555682.9955640078 -12693161.669261934 21378206.949866265 -4275194.285526767 16358006.342609327 27141955.127379842 -8342729.550079108
-9999.0 -9999.0 -9999.0 -9999.0 -9999.0 -9999.0 -9999.0 -9999.0 -9999.0 -9999.0 -9999.0 -9999.0 96372927.20472549 224297157.98886386 125566869.45301552 92040611.94087654 207847361.40375504 136682949.38573593 329080283.0831833 -9999 194548609.79952893 169697457.19503176 192869451.43347043 192839050.53918406 180934917.95360437 230537802.70218349 212566481.95437723 223160268.72745642 177383540.1538328 208935229.33630437 144640610.55981806 135658046.95426545 101086723.62992449 228160053.49579984 219000556.48035064 94943646.74753961 210639380.58967444 146500524.3680316 182318047.44166887 170094302.69319504 243510027.9487637 198523684.41925982 179729057.7937796 76918255.20570765 50319974.81685081 15793499.720351279 -11739503.564900858 -49341499.11986689 47710623.142186224 59249486.42625896 -43016105.964868315 52966049.120150864 96951202.23141693 68975508.12900247 -6579148.972681384 -5662758.97649961 -1362153.8872496167 31818175.66901891 66279886.25500965 19702626.181904677 13427593.80511298 55407268.248524144
-9999.0 -9999.0 -9999.0 -9999.0 -9999.0 -9999.0 -9999.0 -9999.0 -9999.0 -9999.0 -9999.0 -9999.0 99752504.0295139 60979811.575301886 62101224.62337936 19591970.737845425 45674352.39229141 42781729.32712542 62343257.27983249 75745163.11523221 51345574.65585067 196592502.8323001 121572855.64710692 233552978.97137865 268538940.9266398 325826725.2966395 211875716.47042614 301281577.6731251 237388535.74907842 115452878.46727945 121556594.00276947 152570969.9338268 120930401.0574241 281151431.8146025 257205591.7428783 51148942.170023434 216984134.4927941 200899440.90644115 133691336.02753541 89200219.29868014 134283741.53881118 289372792.23697054 351355212.2615907 173249553.63528967 95704788.82232724 -9999 -19076294.230489396 -15606276.446583152 41289817.28410376 41422964.3664661 35675951.86181553 85751165.57890643 153480043.79876286 -98941946.7317187 -6280822.035276117 -5863489.597600096 22707344.38232541 -15087317.93003225 -13228719.09585072 26499050.71538472 -721948.1439409624 16679910.1144995
-9999.0 -9999.0 -9999.0 -9999.0 -9999.0 -9999.0 -9999.0 -9999.0 -9999.0 -9999.0 -9999.0 -9999.0 -9999.0 -2607181.973629821 -7315011.769374378 40106156.471311815 53520135.93969583 51329092.86329788 53534656.76004344 81751420.576639 41150879.04387644 -9999 -9999 -9999 -9999 274904728.7381561 260871608.39414278 -9999 -9999 181656670.25102466 166361079.83310688 153873551.22990632 219772775.53556764 206155239.69198993 244763802.27404523 165452589.6045556 139234590.68564516 225562218.80538505 122631911.66922937 188331205.30304682 52342696.57281251 135791680.68286648 270547084.8538161 237379759.418923 -9999 -9999 -9999 -9999 -115417427.61416347 87332877.79868934 248892314.1466619 40487172.50922998 39761183.66480017 81894982.55145745 -16819154.385548405 33323371.42077463 -8556094.160755355 -29281398.87187827 -1462717.6129257567 29030132.21554409 10509044.089948276 -4185614.770484214
-9999.0 -9999.0 -9999.0 -9999.0 -9999.0 -9999.0 -9999.0 -9999.0 -9999.0 -9999.0 -9999.0 -9999.0 -9999.0 71356293.55176921 -5193404.1686489135 38933399.821801566 42866799.30985791 42927240.81212784 79084876.61160429 -9999 -9999 41176968.1764849 140481319.65230024 64409868.17944179 215575030.86720267 277729447.4404399 -9999 66046975.53743127 -9999 -9999 -9999 268538997.08883166 295902709.0550509 -9999 307003687.29224217 314481077.6804165 217274670.78301495 291031779.8919621 244060966.4530236 164124188.68901086 -9999 147721913.6382754 189818994.87770757 291237178.437506 167105061.9283717 202214480.1837792 111088656.75515251 43362726.35309147 -9999 39749410.26075275 50251623.192458466 66232126.438881986 -9999 4417676.165149981 89705627.18571642 55773796.88524153 72366220.13223357 108102121.07584655 98818341.67828552 -9160622.209297039 14854097.26356926 6909437.493414362
-9999.0 -9999.0 -9999.0 -9999.0 -9999.0 -9999.0 -9999.0 -9999.0 -9999.0 -9999.0 -9999.0 -9999.0 -9999.0 -9999.0 48458436.35754035 47806848.69761655 33148926.452486143 25231471.687445574 57697250.57719963 -9999 -9999 50625193.89673138 26621865.031540077 -9999 -9999 -9999 342657590.235157 83280946.42111771 90776795.2243924 -9999 -9999 -9999 -9999 -9999 244110020.3916348 259837146.12666267 263389831.30882525 230399615.8189194 230118076.55544835 -9999 100365511.92615685 86090582.13637933 105165834.01323754 5836072.494542418 137213678.207816 -9999 -9999 131616618.55982512 -16883099.986529164 -30541666.74231418 52890706.21496971 -16276176.0728129 -19749387.08463601 61213204.650766514 42810848.822302625 8212277.106608855 -9999 18332919.066734575 13591336.233332261 17026942.761063773 43308952.13591149 36678376.05487828
-9999.0 -9999.0 -9999.0 -9999.0 -9999.0 -9999.0 -9999.0 -9999.0 -9999.0 -9999.0 -9999.0 -9999.0 -9999.0 -9999.0 31586304.999201577 47093211.25942707 32500502.31057609 37711163.08267643 64496717.827242784 -9999 -9999 58336316.024631016 -9999 -9999 -9999 72810010.72686408 68887058.83973749 87727322.37608676 60028469.89746923 -9999 -9999 -9999 -9999 123569566.75999834 223753582.09215435 -9999 308711968.78212285 182370579.58785516 287342297.00359553 146475826.41409573 86450082.28877161 -183687687.47761574 113047632.77938673 -9999 220438712.1894587 60096457.65338417 139457793.46685576 136185872.20311874 162427784.79696515 -47162139.901533596 43651599.11733233 39064207.028783195 48493194.5660678 -8735301.200036585 19336815.554329645 97444512.94723412 157269706.62405062 27371338.68626979 51746986.9937452 66841436.693972744 117193411.33269249 157777657.1779753
-9999.0 -9999.0 -9999.0 -9999.0 -9999.0 -9999.0 -9999.0 -9999.0 -9999.0 -9999.0 -9999.0 -9999.0 -9999.0 -9999.0 -224324089.49473554 19183830.238472316 -9999 39556453.79597207 56907608.50681613 78328237.60021167 -9999 56548207.81868051 30983906.40252433 -9999 -9999 80944232.820462 75112582.74435577 -9999 -9999 -9999 66914630.29062375 -9999 -9999 -9999 388211168.30285954 406169136.0367698 240131815.82702443 295051520.9694678 756780.2343250865 133188596.18568629 75343898.66206253 -9999 -9999 -9999 93230096.30960588 -43074723.75024326 64377026.37088186 -45174405.24540651 -9999 52073895.377947345 33992609.54446075 39121933.737959094 33013799.811285533 6074550.120962418 39150742.25584827 65958219.904791884 49433851.96526388 7734685.73025899 63975740.37567 20879285.093251422 163332644.62828887 106891010.94357045
-9999.0 -9999.0 -9999.0 -9999.0 -9999.0 -9999.0 -9999.0 -9999.0 -9999.0 -9999.0 -9999.0 -9999.0 -9999.0 -9999.0 21768803.776926655 27512153.595632832 -9999 23693616.215203103 40917169.610455684 36349306.65904703 73896449.91315868 -9999 79281586.34941319 -9999 -9999 -9999 -9999 77947066.24375808 -9999 69198125.38376813 71851818.1129936 43314693.71325999 -9999 217332074.68508714 528904835.8047979 396727954.32889086 338343509.5665044 -9999 204836822.29516634 195638.5691805565 65732261.831236996 -9999 106836280.3281489 282627165.75547063 13888394.168921843 -58725299.0397781 183607093.63282445 162831595.88682753 156178622.65042523 168399111.20913482 175131154.4542099 67561292.05638523 109671774.27019219 1575639.7688024617 20140242.371180005 15756762.595033662 47546141.64742998 47269334.80434985 94304595.42541395 3761225.8529846948 97154928.58453482 -9999
-9999.0 -9999.0 -9999.0 -9999.0 -9999.0 -9999.0 -9999.0 -9999.0 -9999.0 -9999.0 -9999.0 -9999.0 -9999.0 -9999.0 87129448.5580421 82803117.91817674 33975452.38331248 30152789.237437293 48382964.378211826 -9999 69155074.6072264 -9999 16858472.326321505 69525256.05148941 105342572.82328676 -9999 -9999 -9999 80551960.25819826 82769400.84346905 79256791.17004047 -9999 -9999 160316855.62273872 249381245.08645195 265361929.95955795 313005173.8754536 -9999 -9999 160573835.29188275 89001128.25727683 280546035.2570409 46626836.05226082 269118756.02024513 802614939.9025728 286998126.0984446 159212414.3482367 144640290.7495993 192032596.9148045 184388863.62992713 212809219.32700795 24759513.584636323 99110354.65784891 103121828.26794298 69309083.11497296 25626986.024468508 -14973508.267651299 68243061.5446401 58326395.81081074 -9999 -9999 -9999
-9999.0 -9999.0 -9999.0 -9999.0 -9999.0 -9999.0 -9999.0 -9999.0 -9999.0 -9999.0 -9999.0 -9999.0 -9999.0 -9999.0 -9999 71138524.95392969 -9999 22289902.542180546 -9999 -9999 -9999 -9999 86390304.26199335 -9999 -9999 73196143.48707332 -9999 80934046.73490001 99540323.06597802 101556239.19463749 -9999 -9999 46388659.450509876 305006121.66353244 215433736.10927227 -9999 73910395.41303706 137121960.55407462 92233857.82931998 216681609.7023802 149637690.87947685 257176155.40104365 221020231.8683519 -9999 354955941.6004443 143996033.70490423 161932413.78288528 172664893.62624282 203000259.35457113 156059371.9678682 197128733.65966702 60564668.38358297 123183026.8952998 78897275.53465298 17219978.84497276 64938041.331553996 -39406778.59950218 68627884.72763671 80052443.69061705 91159481.64126827 77701902.79108563 -9999
-9999.0 -9999.0 -9999.0 -9999.0 -9999.0 -9999.0 -9999.0 -9999.0 -9999.0 -9999.0 -9999.0 -9999.0 -9999.0 -9999.0 -9999.0 34989829.747984864 8569638.670863388 22582555.960679237 40176495.681144565 47272148.587545566 -9999 -9999 -9999 -9999 -9999 -9999 66588427.276414685 101097715.62200876 93645321.7915445 109178104.4191713 90696189.96473666 -9999 36983351.20563319 191616796.29315642 258619018.21557942 206206016.09156358 217301554.80077258 258280815.81569508 191376942.7452446 234909883.09679347 197827180.82771644 175758806.19799352 72209842.42571582 101449613.4817835 573453573.2465988 160009144.905355 200573404.47730842 318268610.4375743 258112840.17027238 -9999 222477624.88792333 223913588.0642767 104143284.11623642 -9999 31162162.13517804 50852522.66516862 25991608.04812745 64046207.16204614 65730337.32790406 34140689.907947265 88132274.37171943 126162111.24764451
-9999.0 -9999.0 -9999.0 -9999.0 -9999.0 -9999.0 -9999.0 -9999.0 -9999.0 -9999.0 -9999.0 -9999.0 -9999.0 -9999.0 -9999.0 19775251.369814336 -426950.1091869337 20897362.545280512 21125573.557378545 59258622.06160755 84989791.50105686 54964594.06691028 -9999 -9999 -9999 -9999 75792148.79419735 73380931.60469925 85410349.79281658 85878584.50869271 334854412.5786069 354221792.5344624 81813442.95593463 79144339.91456342 88486089.59674568 -9999 173117746.4204043 -9999 539542153.3314514 460219242.82800686 -9999 276173779.2924874 338173576.91200495 565275496.0227777 -38984243485.08235 186757792.9729679 218989564.03673652 141575221.34252128 -9999 245417132.61219522 220678522.0789355 184705039.84223124 79731904.08788612 -9999 -512870.59870437224 34010254.90253605 55948157.77291935 52330127.82318959 63221780.42087228 136589413.33256006 135247275.26733342 139125608.68857843
-9999.0 -9999.0 -9999.0 -9999.0 -9999.0 -9999.0 -9999.0 -9999.0 -9999.0 -9999.0 -9999.0 -9999.0 -9999.0 -9999.0 -9999.0 4155189.260486023 15899606.321001982 25805690.969095338 38019345.31314119 31473590.262482394 40791093.92499742 36153621.869170256 59821337.64799728 -9999 -9999 -9999 -9999 73476663.24804969 85327216.53234276 109806586.69561905 -9999 -9999 207071998.50939223 262906611.370791 -9999 -9999 122160066.61872494 -9999 -9999 -9999 -9999 -9999 899456668.4180077 320496436.288959 -9999 221005125.66456425 210732011.27093238 1157008902.42544 -9999 237979624.09576625 230473270.86430016 140080318.28820246 43974081.538830705 94456971.91867824 66593652.70554267 44528907.0970304 95333905.18935317 -66396891.88033586 228535601.42580232 299650489.67332834 268983143.73698866 249470964.1502952
-9999.0 -9999.0 -9999.0 -9999.0 -9999.0 -9999.0 -9999.0 -9999.0 -9999.0 -9999.0 -9999.0 -9999.0 -9999.0 -9999.0 -9999.0 -3383302.910604189 -1598319.4829595578 24807792.663631976 28537751.40395522 36777810.14679524 41933006.53950082 23342015.703302674 40216119.60965903 60100511.38530709 -9999 79137459.6367058 76572180.18547222 -9999 94273539.0148097 286748319.67148787 307192082.10444605 173696754.9841318 111643365.91933504 -9999 -9999 -9999 -9999 -9999 -9999 206388223.72191694 208596917.54745767 -9999 -9999 6744261009.643719 -1185263051.6932445 3467156993.1755137 235962143.20259237 272008165.01419973 -9999 -9999 98835159.24233098 69157151.03064549 -9999 73023764.29386592 109488836.49884483 53869254.28527431 -65767926.43641817 206034639.97276703 235201155.602666 213559546.55952138 199864448.41273463 -9999
-9999.0 -9999.0 -9999.0 -9999.0 -9999.0 -9999.0 -9999.0 -9999.0 -9999.0 -9999.0 -9999.0 -9999.0 -9999.0 -9999.0 -6102171.905859663 -2457866.226238019 5619052.924467583 20800740.68589934 22114987.216590326 19229614.707294367 40699366.52101301 41023181.215611234 56064775.92357706 64359110.539164044 75570201.10842916 77188782.72920462 80315233.34216066 83760623.88030411 93115752.85955736 97882610.61048084 408537240.6132956 318018972.130643 242539247.43841964 140576710.4263486 -9999 74202907.428144 -9999 -9999 -9999 -9999 -9999 -9999 -9999 178439986.62763038 205794751.25669652 -689412591.5479478 622473491.1785048 3298819448.0344963 171407242.71518663 127891061.53981201 58267901.81936316 -9999 -9999 54969932.634237245 62037462.383264594 19477768.187057257 97939130.8699395 143144864.72691634 140645134.88702878 167167344.2456878 92656248.8903558 -9999
-9999.0 -9999.0 -9999.0 -9999.0 -9999.0 -9999.0 -9999.0 -9999.0 -9999.0 -9999.0 -9999.0 -9999.0 -9999.0 -9999 12985382.975917688 18284450.023850705 -3343509.1690575914 16591314.993360445 22494942.826449737 36673256.88735403 39583993.713949434 25833516.617939148 13644916.11889917 -9999 63775783.36397978 70884163.18028137 78950980.98044753 81600922.4936687 53808728.92026146 -9999 101938933.41540527 632621169.1082329 1952518234.2174976 659707961.2386035 204567756.6174315 217021144.56104308 243847394.15191376 89978150.5670606 123372310.89913781 136053053.10269555 -9999 -9999 235962858.3293011 233166000.36526498 162599281.41867122 200862587.9071943 733965062.4912115 171225500.4684906 116227995.01543094 147383126.65394285 51578435.32653698 -9999 70884063.36528905 41857469.53501924 72419197.6369405 13491398.320638664 69070883.83918935 64526986.37199602 124683669.5060664 120818857.34990884 183541213.28410786 206135818.16283125
-9999.0 -9999.0 -9999.0 -9999.0 -9999.0 -9999.0 -9999.0 -9999.0 -9999.0 -9999.0 -9999.0 -9999.0 -9999.0 -1336488.9630936189 -1135756.4573986817 -3306727.299567583 17284583.205046505 15152980.59903867 25112924.794474423 37765791.910887554 41589012.487877026 -23194263.541081984 15260753.40050937 -9999 69068939.6485563 71729244.47588569 78170540.37003875 44923312.025535405 49906233.014944136 50419775.1358982 65901556.06723938 84458629.24156673 1024125715.5987806 931037141.2996846 188198555.58130503 219072588.888057 -22945749.59438819 -9999 233178921.58919695 152117226.98977432 -9999 256129715.92594624 501403086.47373605 212664830.5020134 166024448.4301366 90534060.85202843 94948528.88116589 68263758.31984544 145753500.58318016 34726708.65588126 93974221.85472056 57235737.61589986 20894637.30782034 13690021.270003274 56439145.51848884 26661856.482162498 78669867.1691338 -57054974.528133556 70548598.61221603 145830840.86131525 246149908.67620203 144411136.55519113
-9999.0 -9999.0 -9999.0 -9999.0 -9999.0 -9999.0 -9999.0 -9999.0 -9999.0 -9999.0 -9999.0 -9999.0 -625027.4768600429 -4812478.5783680035 6588384.74339423 16937395.812712055 18480038.508975342 -3350594.914876478 25409177.758960005 -9999 34839302.96709859 -9999 9842063.071602317 47105120.43560351 58250882.66890422 47252722.01815208 71287138.0958031 25449924.59296982 70745304.44780955 -9999 -9999 94343510.14454733 -9999 -9999 815900132.7468007 320146927.41715705 -9999 199424855.9100966 234738488.4146375 -9999 -9999 -9999 243718116.57926095 138582472.19806352 116559403.68377136 45144321.78380201 63454232.75468356 116187949.48713051 22954241.952536255 22287823.721494365 73047728.52599506 40383682.88442735 35594101.97469454 111552842.20663847 82260438.94387531 56531282.76061717 47256590.67541357 -20120260.132899813 8432613.945670377 3812791.221229691 15235788.105889944 -7939200.522712231
-9999.0 -9999.0 -9999.0 -9999.0 -9999.0 -9999.0 -9999.0 -9999.0 -9999.0 -9999.0 -9999.0 -9999.0 -9999 -939784.8770873128 10694420.54366505 13863144.16956056 518643.0515382555 11773857.261948517 28291006.76724761 43467710.78127784 51277315.003815904 49852997.267983094 9070865.653894207 40367477.74501682 39171137.527843915 65748575.532497466 58859872.72745963 19219741.640029717 -9999 92466426.02347282 -9999 -9999 -9999 -9999 642649998.8830159 635639114.3096607 266208194.5558471 144205275.13529205 176472388.2990961 -9999 -9999 47346575.27113562 120670065.89651047 188053585.2997857 170154926.81156963 40256044.29485847 13943150.643922608 -9999 -29325836.712339785 48295827.623051174 84283098.54037334 36107176.60558156 24242603.19678276 78245097.37696397 111847077.47536111 63701777.84330418 33399340.020661898 66150417.52371592 16903122.04678045 84141160.8476978 24596885.53235483 64425345.14953098
-9999.0 -9999.0 -9999.0 -9999.0 -9999.0 -9999.0 -9999.0 -9999.0 -9999.0 -9999.0 -9999.0 -9999.0 -13281412.169497551 11706703.693200959 5780283.472603366 16370417.690160992 -720845.0051671129 -9999 -35479788.142084785 -3276501.295049153 41473639.8394102 -1487602.015264598 6378830.403699063 14384559.675082356 33308049.17919056 88293121.9502086 8284671.685353972 333685694.6202787 -9999 -9999 -9999 -9999 445478826.8780286 -270020988.0657383 215818234.33391616 549063488.6103436 414361742.41057223 405938912.5217456 -9999 -9999 48631719.29441211 14601843.811521452 126571477.63500033 167561513.75207242 -9693162.49677805 38249364.8300197 29198511.280032232 -9999 -14363601.899261434 27544496.847375832 64174660.03235371 59522416.30783869 64755323.67186648 37803153.563859746 105206423.2954967 47631338.818631634 68276959.04634234 72602223.59795721 44632916.07087658 149143334.49711257 159093527.73950613 68703950.24633814
-9999.0 -9999.0 -9999.0 -9999.0 -9999.0 -9999.0 -9999.0 -9999.0 -9999.0 -9999.0 -9999.0 -9999 -9999 -9999 -728584.5884211304 -130123.14151786422 -7271603.770386316 -2084484.9852543147 -247865674.9239716 -3386442.706242644 57837970.66571135 30855693.9381307 11001455.062546616 5654223.302792534 -9999 -9999 -9999 -9999 -9999 -9999 -9999 140853655.29135203 1027896929.6244361 194189636.66176024 163442773.7227484 944841919.3908961 -9999 -9999 536099604.6557096 -9999 151864312.78021872 420613558.3690313 -9999 182701590.63002107 83880254.55185291 69083303.63842852 -9999 -9999 -913359.0978010983 107444366.50128374 79896034.069742 5260927.554709159 -16279650.93902231 74117085.37642628 63708818.27939056 36813547.1366873 51753702.5836865 39010100.007200725 4600441.736591717 75215507.71387868 171609055.48040774 124451228.24770378
-9999.0 -9999.0 -9999.0 -9999.0 -9999.0 -9999.0 -9999.0 -9999.0 -9999.0 -9999.0 -9999.0 -9999 -9999 -9999 -465925.0320455223 -4347010.376392216 -10878580.962251209 -47955360.80348553 -110609493.29772703 -17698865.1171917 -37470939.693066396 -10169498.695368478 -9999 -9999 -9999 -9999 -9999 -9999 -9999 -9999 -9999 -9999 -9999 -9999 -9999 -9999 473026325.4401203 417541521.938102 554547677.9639751 -9999 241368336.56761912 163312183.07033753 58024740.55162403 47836921.49194789 37144858.53021737 46400323.915474564 17370712.228415523 67322302.05100554 16546303.622671425 -31608797.86521205 17015732.511434346 4418197.915726386 58569797.42289064 18972531.1861454 41682303.548565455 37997076.09287171 52947513.840460494 60733489.01484118 20080682.297177732 117957822.06674564 57164970.13470873 55282512.129312254
-9999.0 -9999.0 -9999.0 -9999.0 -9999.0 -9999.0 -9999.0 -9999.0 -9999.0 -9999.0 -9999.0 -9999 -9999 17921282.728403933 -268855.391561917 -1025808.1614930137 -3502316.2664405387 -304448865.28123796 -120329159.62564608 -158939609.7252654 -11710463.69022115 -9999 -9999 -7236461.837499442 -9999 -9999 -9999 -9999 -9999 -9999 -9999 -9999 -9999 -9999 -9999 -32613841.060728885 178312495.23553377 443684744.49483424 680718652.83302 -9999 -11890202.976995453 -21840967.882601585 9086207.00628305 -8053760.035036051 -29029762.1641944 -9999 31324247.895100906 12843699.317079382 53168330.986771025 52692318.57999643 38563558.20598755 69804591.40442355 10622056.727683831 46360317.40071388 -3609119.9801641195 67255927.56106485 36234278.32047685 184574015.4101396 170027622.31510064 142688489.8162425 153330309.8751931 79828178.95404547
-9999.0 -9999.0 -9999.0 -9999.0 -9999.0 -9999.0 -9999.0 -9999.0 -9999.0 -9999.0 -9999.0 -9999 -9999 -9999 -369601.62590665993 -1535020.919007425 -9999 -66549360.43426938 -24509136.005234975 -262126517.49603283 -1275669.1164766497 28788078.538546376 -3534083.310821303 -12738071.785140892 -19259475.83038532 88628597.83517417 -9999 -9999 -9999 -9999 -9999 -9999 -9999 -170778683.75430772 -9999 -9999 153191706.62846315 695862547.5822875 633665418.1267129 -14144768.697597062 -10027135.172698325 6158268.06558441 36049184.30251925 -38725426.18764318 60502178.857567094 -2380611.053518193 75374500.22891219 27461356.404442366 50966892.92538658 71652554.0593179 49382649.5328426 14554095.788133655 42224030.52042525 40887668.06778023 87587590.52551197 140808369.77128112 335351235.54901046 168531797.4680158 165283569.23268715 161901924.96675283 165758205.45739612 100239159.27526371
-9999.0 -9999.0 -9999.0 -9999.0 -9999.0 -9999.0 -9999.0 -9999.0 -9999.0 -9999.0 -9999.0 -9999 -9999 -9999 55927.1187515991 -757846.1196985795 -868875.7642466286 36430025.05976375 152457213.65597263 58316842.65499153 17502516.24946958 34151174.517155364 -2716008.910440749 -3397879.290267508 -1009225.8081647104 -19913917.54373824 -2546279.565874362 -87012087.59818377 -8832964.143316153 -65785076.37605132 -20227482.5501654 -29776914.55007844 -6199499.100123313 46876976.480661534 -50932254.372326285 -9999 -16430710.613077572 36554607.882928565 69691826.5707052 135137173.24496558 14228180.705521582 3256783.85073821 48223586.48036374 83693591.32111901 31940703.53201927 9710230.990938274 -24149281.701571137 3802724.3393112477 52813182.419739105 142863228.86332077 -55664823.54641557 67963134.99724166 26537257.35597769 21555787.976388074 139282170.6257248 196333909.5192259 273091559.31504583 331952288.3157447 232799100.9655645 336420472.3546794 575986129.6895369 639866264.3587447
