Model Version1.4/trunk/output/2010/nh3_tot_agri.asc
ncols 720
nrows 360
xllcorner -180.0
yllcorner -90.0
cellsize 0.5
NODATA_value -9999.0
[rows 112 to 139 of 360, columns 126 to 188 of 720]
191943.7073945732 571326.6719949046 15637.80237310931 2315.135849031869 599252.208921754 223945.91252234578 102888.08775143992 184821.3484434112 21842.884859220463 134708.53210418564 1888862.3914696916 36735.452215829995 25808.57712996628 8928.295019479805 22418.709429355895 810.7521871398268 2925.133824868617 459644.48185311863 557305.6015318059 50.89847253860238 26199.031786912336 137.76484945884425 482843.04431925376 631210.3203119556 1929.402348864517 10046.513431609783 829901.3184512672 1671176.3727025248 3982688.98579822 888117.368753274 1015930.0013943376 2716373.848600409 2721531.0723647266 2302898.6921212776 2646184.7941167383 2395400.563419764 134227.54442315607 80353.19591940781 86256.26164601838 622915.9397698974 460001.76648292906 865365.4053663069 947210.2022322675 1034322.996644665 699354.7587813733 652439.9418553393 629386.1917230987 94943.76455447727 0.0 19535.87102398768 518479.40680551884 1164173.1304929624 1973178.6795164316 1678964.7522328377 626678.6354075503 761260.6020155051 2078718.6139369886 629175.1821445754 250461.46453039104 343429.4280703906 511585.5488627151 761953.1933546736 744471.386867355
124262.33979170269 78568.21101042513 614250.5460646511 708461.9950711471 315392.47447688587 0.0 3268.8836131834773 134787.3909208131 249106.64336470186 404857.8469257274 518299.9603532328 301798.0135152325 1752367.1225728467 1773196.7723435978 46010.994481356305 2007.1578822111048 3996.1534374708513 318.9393251085716 352185.89151210344 11714.681627762722 48.34961835243763 31439.730889936614 11949.229473187841 681597.2643607736 48325.65125139329 314344.98302359047 729540.4207432533 1417741.954589166 3687247.8799879556 795343.6007815115 3223504.011317383 2700929.634873164 2205568.1586643104 2297923.341338569 3209814.745417415 1734951.1609214644 143120.87279251133 0.0 68412.1843878888 216165.80381367978 518936.86395077425 552075.4699715286 951668.1939039306 906002.3716838888 690130.6410461059 280289.0643056554 742062.2992911674 12636.17421798714 16191.941745711745 0.0 359805.1337972966 1217983.9687731587 1801868.647116814 1472817.7993990746 492322.3284170218 204103.88376007185 1356072.6992082694 644155.6688006438 317026.68546137377 113808.40189378572 5453750.13750339 724397.7762349716 110989.42887488217
20967.943952790432 20198.40167693086 1449952.958546782 1866828.4436072204 1631343.3614624555 287790.0659884035 232688.96482755727 73923.62229090637 190793.2528437867 116362.25332540947 849117.7306308274 221267.9239343294 2398179.970120557 104664.42765682258 145714.80585607848 16378.636737922992 664227.5928285844 515670.54874875076 6487.050423712176 126545.8451220122 5561.014865200503 5189.415950241189 14210.611474332232 641854.9525716499 22502.11604932295 143685.54583692938 674675.7547284872 1278354.4121567484 4516145.437844875 3743320.4125866257 3470263.0877083205 2660826.8509946205 3040249.8375339103 2626078.364761052 3393566.8694017325 1731826.5332577336 11534.535767142143 51282.89083280617 67972.96416387179 116210.68363367357 182865.07994381536 556677.0428225622 709914.3216002986 634297.3795763123 325088.70354697417 54092.27650553453 441169.56405764696 12320.114779981044 27134.187517307448 226867.12699045977 764929.3401474686 823513.7898872471 1168556.5542791758 1613665.759391424 572849.8042404084 263809.04474958155 218434.48933389236 489933.10379062704 570895.4685884161 202656.90774311064 866204.0181873566 601020.234888912 371823.97074423503
23049.31628303827 2912.609814579666 771.3238574717406 1061561.4649295595 451134.1923049472 0.0 0.0 0.0 0.0 1445.2025853832788 8152.926788921731 157701.116469183 1369476.0953793188 1775082.714015352 88414.64425541385 71269.68913031211 30949.740608965956 393.41724808470923 117819.60825455439 6114.79288176926 265807.4973222007 696.443020126025 0.0 2595.3861532923643 0.0 91034.52602671634 6061.877590727264 2585.3822712526007 2390245.0680124876 2362352.688381594 2645066.5342753213 2760153.878158356 3020440.496039077 2875224.6731799375 2289697.293413725 2157879.468966866 2723550.9690933037 2486042.3066598335 1454783.193440231 1750639.7331343112 427999.1224170211 321264.1253445131 641154.1717162487 569804.7011364632 288286.00924564525 100414.33632118949 1893431.8178992015 107769.78010653373 1161.158005080015 278315.60097511706 957162.7771174595 492221.7371848096 788545.2466063878 1149817.4302318632 292744.45579481334 172005.45001343093 125614.7497800149 130.20274769064184 387473.2492948669 1111047.3624051728 1659535.0732163105 1296711.3471787137 541364.4688974519
9364.01398955454 67258.6198711853 3552.5001317935403 0.0 5710.847115450282 0.0 0.0 0.0 34859.733846545045 2958.369891062261 1442926.9928812652 2068029.8305241205 1835988.2155546942 1607052.7010193446 67942.09595228771 90012.23997065086 2251.8256493149975 9495.224393316435 64790.93384491909 503.61471945428144 69739.63100848993 139918.14580822788 618.080970066971 114649.47159237841 3741.2707147285437 0.0 1345.8718142346468 8776.209747437384 6456.858386365169 2299830.3884645244 3153690.619056869 2728723.2668220205 2587885.7444951185 2626502.252567604 2330867.911374688 2150288.370906131 3421240.6033765106 378328.33977575385 162672.25424141568 434095.95213579404 315800.4296992316 173283.20315968632 447338.51111595676 183197.32821585928 42516.61003190737 31305.90984692252 309.1090375738383 477392.6198410245 221126.3890705807 33871.65355923637 758521.5767592216 500334.7646042182 101686.87889396168 347298.3437485514 372613.35318411025 263408.9691080001 45835.58999605379 5125.516266912462 3888.5144348788995 74106.05122408613 79763.09630952428 560719.0165290826 752084.464854383
5608.155595386157 55933.78909028251 82842.93458805447 0.0 0.0 -9999.0 0.0 0.0 0.0 40209.50157409358 3381.7296009484917 2250062.5892255204 1915820.1560108298 2185662.3096498637 56058.62002602517 5839.014866161183 7220.011138109709 101034.4811647734 30250.206041014855 698.7418994797242 1256.4098926132383 173288.0358847792 279318.18738946 1080.6652766218594 21228.45800599755 54.426025349779465 127705.55548444741 58896.02145321958 14541.42828482376 2421608.9125368684 3094421.3006853797 2541948.7666776082 2587083.3059211355 3013156.3093459285 2746717.3103481573 2666948.155184526 2870255.859532269 47410.697335161225 45889.01240396139 792603.0559356017 705791.9086786959 331883.0103055713 446651.2879683995 139347.0569216891 7157.134707840886 0.0 0.0 0.0 299036.8146634389 831902.0801560126 372231.63575684896 218031.11849329516 75674.6630310811 410302.07532120775 210642.50037991407 271603.7879100388 19969.61306191492 40763.606243694005 301873.81151483033 603442.0147461178 174689.88912315707 1016354.6692429235 1733002.15059716
-9999.0 35588.81342958163 128897.11772934248 0.0 0.0 -9999.0 -9999.0 13232.902271281326 265599.7117115513 409606.6572100884 124773.046680181 69718.00813715746 41159.64650379446 11722.936651603686 79999.21891739646 14633.521865169716 105355.53148715952 37643.979187910394 31228.542031399265 36174.54916744593 39574.03370514569 15625.933672530238 10827.80029402433 2348.868655343317 4430.438904365577 2302141.0462175864 2272745.0979225677 78582.39735426976 20904.28632882998 2401917.0317854476 2616240.8441888397 2621968.764865594 2540131.153669608 2531836.41632078 2403853.944071195 2672095.1382225086 2109957.574861086 3743.086843128751 289724.59845558816 811836.9223420045 540737.385230917 376125.3165001526 197028.08312475806 65467.473296747674 11419.362927388118 5006.325660208793 46501.66184551189 165795.2626826102 259746.0827299759 1031075.9732703241 875393.3774031746 750177.1722006504 135811.05348119818 250874.3729375136 243988.88474990043 75704.1860996151 286215.5730331344 5682736.15948253 620831.4028949483 315533.7524271011 112552.80414729545 164909.3867287057 236849.64161549805
-9999.0 -9999.0 57310.16581221905 232.2309218328964 0.0 -9999.0 -9999.0 -9999.0 0.0 24323.556838173823 26908.59071137941 60730.67456823324 27245.476500356344 152202.7347291651 28210.660069518643 13167.344620044545 19821.636031721202 668630.6936031407 35930.66534931575 16347.668709667472 73818.45966599115 19226.77236876925 0.0 0.0 18610.441573979133 203.01030329708175 2377229.530372155 2377716.4172265898 2376245.1102537564 770.5560031433021 2382437.320461779 2636140.8951315144 2585589.8093885332 2546968.6720765373 2578899.649237207 130980.14758754642 313616.99348731403 74147.9486353433 142988.33934925302 368938.7458386447 246598.17180312236 576003.3648487829 362990.92479675164 1049002.4762956563 174624.4680609166 187995.14394922263 188815.60258448464 716085.1007062597 1116054.4076886296 1228779.277503557 891439.8531782775 679122.2923781675 2412375.1334131435 733170.7514298989 827985.6222389434 3667540.017479142 2000804.6460390333 1131643.8040907534 408644.1454775484 1245173.817305785 2112525.7780960095 2726034.6476063575 28198.07495105337
-9999.0 -9999.0 0.0 0.0 0.0 0.0 0.0 -9999.0 0.0 0.0 0.0 711.3456568596642 2449437.4286089116 1260816.9819311542 1345389.23752623 1307645.2946471034 161977.5645878338 228950.93853590658 29298.585728137685 13799.799640456875 37731.093520394854 0.0 0.0 0.0 67595.25891383788 60749.91271940703 352.7074155792952 0.0 0.0 0.0 384.20262331808516 2245647.44808384 2464007.347238238 2169949.829781876 1814116.1771249443 1920591.3729568187 68101.08356910874 217487.71052274978 345259.68975610734 288693.7654068 512785.74952063453 807760.8536664221 719469.3500858232 927933.1278703497 1891257.6228540556 530194.2327169629 0.0 23478.89354318842 108490.44099632035 601200.8309152776 280078.30174358387 1095583.4734394385 1700782.8452001147 873606.1586383013 369697.4968216294 0.0 -9999.0 -9999.0 -9999.0 -9999.0 -9999.0 -9999.0 -9999.0
-9999.0 -9999.0 -9999.0 0.0 0.0 0.0 0.0 -9999.0 -9999.0 0.0 142003.5328849587 23855.896200136613 189027.02074506003 53575.64586914512 1266321.0858383572 2438823.006202213 777340.8483040214 149838.0504916151 766563.692539564 28722.531176057673 0.0 41575.19876352272 0.0 14391.842692136268 16607.450118163284 26772.60047823102 55.48690024811363 0.0 0.0 3849.1932378097745 0.0 28675.106480166916 2394046.5297140074 2528894.1011798894 2992915.677877278 2381556.0081856716 2321494.114874839 3153524.053678612 459461.4357900096 389942.12299138756 590837.6918877781 1317932.836401686 811334.5872853227 706505.8062878873 13935.987534399483 -9999.0 -9999.0 -9999.0 -9999.0 -9999.0 -9999.0 0.0 0.0 101707.50807930306 42932.72364563055 42798.3888993523 -9999.0 -9999.0 -9999.0 -9999.0 -9999.0 -9999.0 -9999.0
-9999.0 -9999.0 -9999.0 -9999.0 -9999.0 0.0 0.0 0.0 -9999.0 0.0 515847.53864078294 217914.5074372835 922.5204133251965 2776349.0134437317 1190814.4069754048 790628.2869719395 66149.73511233309 375686.42521590245 2084034.592834449 2728241.3046781844 3100846.01545228 55856.85361281976 173803.1974909616 12247.550181386536 60224.642997590934 0.0 402.2184817660348 0.0 0.0 0.0 1921.884584512767 24290.700701080514 216833.27923748628 2509001.1194065083 3129403.151612631 2562571.070007462 2274708.5453384556 2597592.5539387115 2849939.1948627513 598004.7521001565 858547.203169285 687768.3400743136 225889.7770250205 9510.804787740188 -9999.0 -9999.0 -9999.0 -9999.0 -9999.0 -9999.0 -9999.0 -9999.0 -9999.0 -9999.0 -9999.0 -9999.0 -9999.0 -9999.0 -9999.0 -9999.0 -9999.0 -9999.0 -9999.0
-9999.0 -9999.0 -9999.0 -9999.0 -9999.0 960.5440278731157 0.0 0.0 0.0 -9999.0 2956.5254191082445 67046.5137875769 291262.5284343218 4634.911006833823 812019.3149292513 575691.8115513034 163421.79584227048 169737.07903787147 265589.2520472628 2229462.490070438 143053.45443821154 23503.060170162113 302657.27595686197 480481.39817130857 0.0 0.0 0.0 0.0 0.0 0.0 14929.70492725659 7939.475947307467 261572.4794135514 162590.5732043764 2800609.262906669 2399652.961559665 2102727.3151724315 2246661.6873112316 2940289.531109259 562141.5038844647 178019.74412451594 43228.92847949298 -9999.0 -9999.0 -9999.0 -9999.0 -9999.0 -9999.0 -9999.0 -9999.0 -9999.0 -9999.0 -9999.0 -9999.0 -9999.0 -9999.0 -9999.0 -9999.0 -9999.0 -9999.0 -9999.0 -9999.0 -9999.0
-9999.0 -9999.0 -9999.0 -9999.0 0.0 0.0 2366.7324022479897 0.0 0.0 0.0 -9999.0 -9999.0 18196.999803369075 501171.3866631954 2754549.9463766674 1063208.481763246 339522.8418972956 291427.5345389163 301216.4360421416 726649.8324913249 3207646.085823809 17368.388030587732 22405.666891369423 205875.27265565432 15841.739063721832 0.0 0.0 0.0 0.0 0.0 64221.17095503026 125352.55231667472 16825.15793777959 2873.069896043639 85619.60020965959 2293325.304976221 2547673.4451072393 2398173.5934947003 1208713.2498466442 369284.9412434271 0.0 -9999.0 -9999.0 -9999.0 -9999.0 -9999.0 -9999.0 -9999.0 -9999.0 -9999.0 -9999.0 -9999.0 -9999.0 -9999.0 -9999.0 -9999.0 -9999.0 -9999.0 -9999.0 -9999.0 -9999.0 -9999.0 -9999.0
-9999.0 -9999.0 -9999.0 -9999.0 -9999.0 0.0 0.0 3097.9455566090774 0.0 1606.1974143899474 -9999.0 -9999.0 0.0 2469167.7932259277 3325389.9458118654 1815702.079291923 185298.60419885235 521379.96061835333 325955.07430783677 110050.64851445892 154704.9299162696 30093.816809394903 14844.491266139617 132554.21643607673 139954.1842696038 0.0 0.0 0.0 0.0 57742.29124922562 167053.98310949717 104573.59265982705 52990.317167932764 248522.84328362855 40932.88855330849 2595317.0751326047 2738951.6420353726 2616674.9579827404 2405047.85499102 205397.63429129505 -9999.0 -9999.0 -9999.0 -9999.0 -9999.0 -9999.0 -9999.0 -9999.0 -9999.0 -9999.0 -9999.0 -9999.0 -9999.0 -9999.0 -9999.0 -9999.0 -9999.0 -9999.0 -9999.0 -9999.0 -9999.0 -9999.0 -9999.0
-9999.0 -9999.0 -9999.0 -9999.0 -9999.0 -9999.0 0.0 0.0 0.0 486.67346406159726 1610.9370604186497 -9999.0 -9999.0 -9999.0 1816500.4385625722 1702046.2278989889 232541.29230612676 405746.3877396603 310867.4277013419 89300.50346641216 552788.2552867108 207860.29158755232 359499.57209508994 259325.91640384553 0.0 136149.9218071783 9494.975665340495 0.0 1062.433062053452 8865.061504767351 16044.601595436143 52024.78849142217 44070.844218940016 42479.09665601126 56175.05872052847 338344.8334136157 2439531.854143695 2754319.773866044 2410302.543369189 123459.41431138733 -9999.0 -9999.0 -9999.0 -9999.0 -9999.0 -9999.0 -9999.0 -9999.0 -9999.0 -9999.0 -9999.0 -9999.0 -9999.0 -9999.0 -9999.0 -9999.0 -9999.0 -9999.0 -9999.0 -9999.0 -9999.0 -9999.0 -9999.0
-9999.0 -9999.0 -9999.0 -9999.0 -9999.0 -9999.0 -9999.0 -9999.0 0.0 0.0 0.0 0.0 -9999.0 -9999.0 -9999.0 1368156.3395820942 1868502.8098359725 126334.70118220939 76816.26204740368 237639.52558419044 35839.80066055035 58847.52323449268 1722568.6162642988 7883.985476797052 12543.193697031216 126497.21074461272 70361.92188150392 138515.5473707086 5590.901819444965 0.0 0.0 7165.404669080086 2947.21831211952 74252.40652117915 291973.9772462 253710.623057431 496290.77721946436 1389185.4814192331 1942849.0143591943 952385.2557329652 -9999.0 -9999.0 -9999.0 -9999.0 -9999.0 -9999.0 -9999.0 -9999.0 -9999.0 -9999.0 -9999.0 -9999.0 -9999.0 -9999.0 -9999.0 -9999.0 -9999.0 -9999.0 -9999.0 -9999.0 -9999.0 -9999.0 -9999.0
-9999.0 -9999.0 -9999.0 -9999.0 -9999.0 -9999.0 -9999.0 -9999.0 -9999.0 1181.3773987971172 0.0 0.0 -9999.0 -9999.0 -9999.0 2203890.010512246 2947210.4589262754 2527445.0178401195 159314.34439359797 413747.39642951376 45461.70673454405 0.0 163624.63517780384 78322.40562694342 29531.783116382296 4791.295796807464 188564.4662351377 863978.1403774982 108264.0876748724 73383.88093443814 7721.08731691075 28750.313094766727 24701.86276509061 202182.23949018784 306900.51877848315 42768.31397351595 1739220.7679307596 3107377.941295821 4160515.822470736 1267874.649781171 -9999.0 -9999.0 -9999.0 -9999.0 -9999.0 -9999.0 -9999.0 -9999.0 -9999.0 -9999.0 -9999.0 -9999.0 -9999.0 -9999.0 -9999.0 -9999.0 -9999.0 -9999.0 -9999.0 -9999.0 -9999.0 -9999.0 -9999.0
-9999.0 -9999.0 -9999.0 -9999.0 -9999.0 -9999.0 -9999.0 -9999.0 -9999.0 0.0 256342.78485632216 2472.913509571821 0.0 -9999.0 -9999.0 -9999.0 408497.68398603774 1895704.756454733 1672209.3750849152 87514.90376199047 58763.605904103715 0.0 113554.68872119767 178154.7621382285 61746.505484626134 45199.27490064773 44998.82355639593 158904.64769932214 2770.2800632082985 34363.703719988174 33864.17424781834 8602.273247285411 1322697.323940463 28671.519772750384 1660432.8164236262 12948.30673066624 2071571.907218136 1953050.176857341 1872066.1765091303 3921.7456632734225 -9999.0 -9999.0 -9999.0 -9999.0 -9999.0 -9999.0 -9999.0 -9999.0 -9999.0 -9999.0 -9999.0 -9999.0 -9999.0 -9999.0 -9999.0 -9999.0 -9999.0 -9999.0 -9999.0 -9999.0 -9999.0 -9999.0 -9999.0
-9999.0 -9999.0 -9999.0 -9999.0 -9999.0 -9999.0 -9999.0 -9999.0 -9999.0 0.0 69145.51094843344 0.0 0.0 -9999.0 -9999.0 -9999.0 -9999.0 19214.34613118147 2359000.0841060346 1494226.7277427763 146241.2720642347 105145.06070428406 9183.699951477489 1512723.7332612674 234740.57437931746 98608.26431496373 51317.73068835085 86437.79805247707 29911.099811792737 0.0 2728.293212797573 7908.021939561091 33105.31944221524 127406.18674348913 188280.28063866642 177920.10643636924 54813.0927795542 1878821.9065470996 1147624.0717516684 -9999.0 -9999.0 -9999.0 -9999.0 -9999.0 -9999.0 -9999.0 -9999.0 -9999.0 -9999.0 -9999.0 -9999.0 -9999.0 -9999.0 -9999.0 -9999.0 -9999.0 -9999.0 -9999.0 -9999.0 -9999.0 -9999.0 -9999.0 -9999.0
-9999.0 -9999.0 -9999.0 -9999.0 -9999.0 -9999.0 -9999.0 -9999.0 -9999.0 -9999.0 0.0 0.0 0.0 33432.078986623266 0.0 -9999.0 -9999.0 -9999.0 -9999.0 1703312.7518379982 431393.2079190157 34816.983611443 11714.03229466372 0.0 273888.42737429775 205606.71549334 187332.96287648554 148420.63285711964 3689.147095997856 433.067620356364 263.58363277073033 49.59605836456051 7244.318927379599 15930.291522727548 11228.209884887947 1618124.7436728561 275701.05030686443 274982.41356041527 987971.5225949686 -9999.0 -9999.0 -9999.0 -9999.0 -9999.0 -9999.0 -9999.0 -9999.0 -9999.0 -9999.0 -9999.0 -9999.0 -9999.0 -9999.0 -9999.0 -9999.0 -9999.0 -9999.0 -9999.0 -9999.0 -9999.0 -9999.0 -9999.0 -9999.0
-9999.0 -9999.0 -9999.0 -9999.0 -9999.0 -9999.0 -9999.0 -9999.0 -9999.0 -9999.0 -9999.0 -9999.0 0.0 1885.7856595506867 2062.6856687107284 0.0 -9999.0 -9999.0 -9999.0 -9999.0 1460501.6973992668 244149.13320683377 10273.02134655395 19829.720932528053 98365.03889085735 159086.7697544544 82505.7713974868 118267.39811545837 45002.53478176142 56564.908356870095 4830.2856788023355 8726.95519468446 45024.85362058344 4936.719527537903 11933.905817472052 295488.0449507148 1373776.0295900772 143732.97614780095 129872.0992546259 -9999.0 -9999.0 -9999.0 -9999.0 -9999.0 -9999.0 -9999.0 -9999.0 -9999.0 -9999.0 -9999.0 -9999.0 -9999.0 -9999.0 -9999.0 -9999.0 -9999.0 -9999.0 -9999.0 -9999.0 -9999.0 -9999.0 -9999.0 -9999.0
-9999.0 -9999.0 -9999.0 -9999.0 -9999.0 -9999.0 -9999.0 -9999.0 -9999.0 -9999.0 -9999.0 -9999.0 -9999.0 9498.904035493324 235228.3843438314 13336.233543019702 -9999.0 -9999.0 -9999.0 -9999.0 16403.156571315456 1398828.4464990771 218482.2158010673 377969.1390134206 106942.18836006706 16056.566019332555 1549608.346555055 159656.88494261945 425284.2892469631 275345.3465099966 881.962531134292 4941.337644703768 11699.615606701302 3183.3900768867443 18829.307266297386 128509.72285112542 235780.53841115237 158107.89784482904 166162.04417407422 -9999.0 -9999.0 -9999.0 -9999.0 -9999.0 -9999.0 -9999.0 -9999.0 -9999.0 -9999.0 -9999.0 -9999.0 -9999.0 -9999.0 -9999.0 -9999.0 -9999.0 -9999.0 -9999.0 -9999.0 -9999.0 -9999.0 -9999.0 -9999.0
-9999.0 -9999.0 -9999.0 -9999.0 -9999.0 -9999.0 -9999.0 -9999.0 -9999.0 -9999.0 -9999.0 -9999.0 -9999.0 -9999.0 23484.911192189753 -9999.0 -9999.0 -9999.0 -9999.0 -9999.0 -9999.0 -9999.0 1623500.4783216894 303007.95519389916 365963.6673215091 39654.47906278316 1351250.2196798674 74893.65713310009 419149.6336831284 486550.18340232305 12410.351319221867 43749.9761217043 144541.79435062807 1336666.2329820993 1331619.1356883477 355159.0991181793 2420636.5765761063 1808571.7077725255 709374.5423898853 -9999.0 -9999.0 -9999.0 -9999.0 -9999.0 -9999.0 -9999.0 -9999.0 -9999.0 -9999.0 -9999.0 -9999.0 -9999.0 -9999.0 -9999.0 -9999.0 -9999.0 -9999.0 -9999.0 -9999.0 -9999.0 -9999.0 -9999.0 -9999.0
-9999.0 -9999.0 -9999.0 -9999.0 -9999.0 -9999.0 -9999.0 -9999.0 -9999.0 -9999.0 -9999.0 -9999.0 -9999.0 -9999.0 -9999.0 -9999.0 -9999.0 -9999.0 -9999.0 -9999.0 -9999.0 -9999.0 621443.6203692425 2435484.613243438 1762977.7743504376 228510.78592253424 1405544.4446386928 98398.08231695463 1519014.1811359543 460076.38979380456 131141.81760817755 43919.3175872216 74260.79905526794 90717.37761707151 1446442.4970125663 1758866.4359022272 2684534.1820756053 2661469.308765969 684758.5622944616 -9999.0 -9999.0 -9999.0 -9999.0 -9999.0 -9999.0 -9999.0 -9999.0 -9999.0 -9999.0 -9999.0 -9999.0 -9999.0 -9999.0 -9999.0 -9999.0 -9999.0 -9999.0 -9999.0 -9999.0 -9999.0 -9999.0 -9999.0 -9999.0
-9999.0 -9999.0 -9999.0 -9999.0 -9999.0 -9999.0 -9999.0 -9999.0 -9999.0 -9999.0 -9999.0 -9999.0 -9999.0 -9999.0 -9999.0 -9999.0 -9999.0 -9999.0 -9999.0 -9999.0 -9999.0 -9999.0 4437.22241329238 3002853.011331265 390961.9063554271 2051247.4106059142 1433937.055194485 1912377.988928562 602505.9182738963 434482.8582462516 99841.11257998367 86034.10069651042 59345.177831007706 52356.26223257711 1607745.8441577945 401126.5632984231 3772695.5198400314 3500859.699187639 1727362.0798446015 0.0 -9999.0 -9999.0 -9999.0 -9999.0 -9999.0 -9999.0 -9999.0 -9999.0 -9999.0 -9999.0 -9999.0 -9999.0 -9999.0 -9999.0 -9999.0 -9999.0 0.0 101217.53581278684 140983.4312435925 1160.9808074371765 -9999.0 -9999.0 -9999.0
-9999.0 -9999.0 -9999.0 -9999.0 -9999.0 -9999.0 -9999.0 -9999.0 -9999.0 -9999.0 -9999.0 -9999.0 -9999.0 -9999.0 -9999.0 -9999.0 -9999.0 -9999.0 -9999.0 -9999.0 -9999.0 -9999.0 -9999.0 1015636.8652705993 2463951.2708490686 2106681.9974818667 694179.1451102829 1951664.5210283506 177500.09244149885 420131.70844257355 234015.02801235087 174084.10068661455 262481.3822287471 1515006.2266632437 38525.55729605918 243069.23908873892 2768040.4686131417 3584368.0131133916 2629968.564260303 116483.83454710398 -9999.0 -9999.0 -9999.0 -9999.0 -9999.0 -9999.0 -9999.0 -9999.0 -9999.0 -9999.0 -9999.0 -9999.0 -9999.0 4723.548878251283 17019.74669028631 396474.9885915778 313624.7198163381 2672779.95025432 584624.0516266846 8609.874953375465 204795.1986295115 -9999.0 -9999.0
-9999.0 -9999.0 -9999.0 -9999.0 -9999.0 -9999.0 -9999.0 -9999.0 -9999.0 -9999.0 -9999.0 -9999.0 -9999.0 -9999.0 -9999.0 -9999.0 -9999.0 -9999.0 -9999.0 -9999.0 -9999.0 -9999.0 -9999.0 1357319.982480043 2014565.7303168513 1651412.5279145874 2181544.6640304415 2471928.724169183 1893646.5179370183 272640.2890042516 2749798.9327735035 658566.9131093257 532720.0735004476 239935.15972760523 112324.88444202217 314324.4929107627 55872.281137690996 2039331.1394728268 2106085.7359419013 2109598.005183532 -9999.0 -9999.0 -9999.0 -9999.0 -9999.0 -9999.0 -9999.0 -9999.0 -9999.0 -9999.0 -9999.0 -9999.0 -9999.0 1253107.7755775703 2018855.4740091984 1773110.968475271 109681.35938669876 324236.0673159773 90124.80347413933 14720.899725121379 113723.99032438971 -9999.0 -9999.0
-9999.0 -9999.0 -9999.0 -9999.0 -9999.0 -9999.0 -9999.0 -9999.0 -9999.0 -9999.0 -9999.0 -9999.0 -9999.0 -9999.0 -9999.0 -9999.0 -9999.0 -9999.0 -9999.0 -9999.0 -9999.0 -9999.0 24226.02036386665 1784332.6420608244 1954404.3230354083 2255271.273280586 254174.75107854846 1719548.8562361884 2276953.1117080296 2727825.5805461034 2814407.6069987016 776403.5161282318 2241845.8010318037 2084177.8052874398 1923103.9018678942 1951665.8521599718 97937.4532856936 159259.4739849945 577320.811733633 3539056.6718304204 1543781.4216613192 -9999.0 -9999.0 -9999.0 -9999.0 -9999.0 -9999.0 -9999.0 -9999.0 -9999.0 -9999.0 -9999.0 -9999.0 1703316.578329647 80871.00378116233 1589545.5859771299 41463.46324587297 32513.24055145834 8829.525117069239 5370.7719090927585 -9999.0 -9999.0 -9999.0
