Model Version1.4/trunk/output/2010/nh3_tot_agri.asc
ncols 720
nrows 360
xllcorner -180.0
yllcorner -90.0
cellsize 0.5
NODATA_value -9999.0
[rows 112 to 139 of 360, columns 567 to 629 of 720]
61465.50533783559 199560.90741947078 2993045.3427321315 1521783.8493410852 3156748.450890262 2647049.379005765 56233.53524696912 547204.2606706796 710443.803507841 677969.5024531533 76370.93796797603 248082.48024614825 1532221.907215125 1150227.053247581 647894.3711263401 446600.17582909187 528521.6278020084 409288.1851127817 1421399.4121465134 9492115.175043728 8708063.53176092 6880375.137855342 7072797.634981496 7824898.423417793 4464550.846473542 3854713.605424171 4442271.873446383 5490582.776203412 4820477.866093754 7773786.644726493 9905855.407137183 10298760.467539383 7475237.361313943 5308006.758625306 174544.508937319 -9999.0 -9999.0 -9999.0 -9999.0 -9999.0 -9999.0 -9999.0 -9999.0 -9999.0 -9999.0 -9999.0 1244101.821753206 -9999.0 -9999.0 -9999.0 -9999.0 -9999.0 484257.15640435426 1161820.340961105 2132596.226511925 2305030.700143256 767630.5161002552 264847.06468664075 861070.0859432656 818404.8067425512 596808.8785429087 0.0 905099.7118416061
61115.10865240687 1968470.3461737675 971647.8438560725 645203.676752412 287261.52312943945 206109.18266571464 1211833.1659815935 2694098.22095279 868242.9651047611 52982.445576562386 39110.90564194013 209545.6869110862 1084064.7000108012 2557298.328117184 279502.590671894 5745430.462777124 5999015.802435599 6934147.774259146 7941265.235330014 8533132.118982943 8874685.369040444 6812525.283051385 8073191.218450275 6364023.918251153 5328366.699072294 5502118.107078231 4890164.21462488 4762933.841067573 6543008.442912849 5602220.543681571 4398184.248467005 7686351.82203814 6619571.341721489 6154927.0359944515 3145997.8088485594 -9999.0 -9999.0 -9999.0 -9999.0 -9999.0 -9999.0 -9999.0 -9999.0 -9999.0 -9999.0 3327851.570677797 3004638.7464987347 -9999.0 -9999.0 -9999.0 -9999.0 120622.24488722015 283360.00181398593 2635952.654334253 1527259.3457120957 219706.10834771235 969591.891093398 0.0 231863.13680070854 483571.8716492723 208336.5412271741 0.0 -9999.0
107965.33744649662 5045.030943997597 1838271.1948455307 289643.56781081564 473480.0995784606 342271.212851687 352417.94782916165 587198.416999273 485967.41202009143 576185.3784665095 2342112.3193431525 1919374.971626988 1045231.0332450758 2444373.8101249565 897057.6226145623 1425853.273868345 8427431.054551933 9338240.940005448 7828201.471684931 9091032.882685639 7813835.85666793 6997574.2670532875 8223547.155905358 9129813.816938434 6399033.519766293 7109654.114141114 7143494.867925905 7045743.270570664 6576488.592977644 5817783.730648141 6509357.447545405 5298012.419961 8644483.23067797 7519525.389885576 5453641.138115204 0.0 -9999.0 -9999.0 -9999.0 -9999.0 -9999.0 -9999.0 -9999.0 -9999.0 -9999.0 -9999.0 -9999.0 -9999.0 -9999.0 -9999.0 0.0 0.0 568260.5318342766 2151329.2430292005 3029965.701043554 285143.43859083345 522460.1331618927 -9999.0 496986.87446361256 -9999.0 -9999.0 -9999.0 -9999.0
1967329.0514415486 107736.67260525904 1983627.6910773413 2876798.144257918 4393592.96401219 667190.4437372907 2452620.2065029116 198875.66840150586 60998.4181823207 349496.1530884965 136912.1597501838 817460.9654934946 2936370.4889631164 433935.81900370936 2043409.776923571 455353.12969809043 5346961.6959679555 7146225.461594214 6355352.394908768 5682383.927435484 6613066.647724994 10692427.441525603 10810508.357859654 11225491.292080566 11236765.184279146 7231352.314977898 7866837.509548417 5920837.560689451 6777419.156319145 4255906.958058784 6351409.938389027 6881097.165902545 7076170.070956099 7823892.05412696 6050063.921227791 6156353.791624547 714349.1201725565 -9999.0 -9999.0 -9999.0 -9999.0 -9999.0 -9999.0 -9999.0 -9999.0 -9999.0 -9999.0 -9999.0 -9999.0 -9999.0 -9999.0 -9999.0 -9999.0 635971.212445207 455683.3676979723 850250.0606423691 1089252.0688273425 -9999.0 -9999.0 -9999.0 -9999.0 -9999.0 -9999.0
62694.81834098018 2744619.8468401292 4507635.799306629 5636392.126271735 5867358.799333747 3901304.7474554135 5230541.11972476 97111.85128122315 2736496.462013422 321329.54359601025 245681.13874246104 52244.3682043209 165746.15485138938 17081.67609770688 30108.911704911145 355237.7153646811 2898076.5005867807 6480115.8486560555 1399924.6134878013 4338027.796709455 6274033.232459131 5644140.437746364 6352017.443147156 7911836.863949296 1630105.731721588 5929382.92183697 7216935.69879019 6131857.325843791 4019119.6181161613 5666718.336219141 7384619.359459961 8100277.061190739 6311472.568726286 7412834.175420797 6729692.328814925 5581672.879435287 4605878.028814867 -9999.0 -9999.0 -9999.0 -9999.0 -9999.0 -9999.0 -9999.0 -9999.0 -9999.0 -9999.0 -9999.0 -9999.0 -9999.0 -9999.0 -9999.0 -9999.0 1624177.731657168 811294.6558880039 2801493.7580442945 -9999.0 -9999.0 -9999.0 -9999.0 -9999.0 -9999.0 -9999.0
2513757.7685872708 8031606.325703028 4981758.617640513 5094892.686631499 4124062.37698219 6705342.075407909 6013986.169588353 6052884.867455158 4490247.811304702 3551731.749180702 4112919.0653152815 659790.4731099118 2469706.074719903 2763197.1907019415 2206128.1625621486 270129.16012460843 244800.9594285244 5655537.528588474 5054933.842040733 6712363.802163607 9367378.71844228 7127477.294479475 7907172.984292067 4952311.381689942 2773006.3931040615 454598.320785483 4178119.9946916793 6832370.953513148 6683364.214616358 6417487.453443765 5294556.929305185 6553582.831093109 5063870.974581722 1986026.8719644258 5737193.694960891 7468580.456010204 2903066.203291469 -9999.0 -9999.0 -9999.0 -9999.0 -9999.0 -9999.0 -9999.0 -9999.0 -9999.0 -9999.0 -9999.0 -9999.0 -9999.0 -9999.0 -9999.0 -9999.0 1612655.6044304962 1328996.3628317816 300589.8077010365 -9999.0 -9999.0 -9999.0 -9999.0 -9999.0 -9999.0 -9999.0
9232030.641393643 10511986.70486685 8443475.418846145 7237752.189891604 9594410.91874246 6118866.516654649 5183130.932050874 5437540.781858407 5225892.375322846 446063.4024575759 3804749.9459359613 2534595.2455107863 3815496.749800355 2760413.0632648123 3088512.387579099 474296.76901043777 5806781.629105809 6619187.647316651 7192395.9002399985 7848470.355052532 8485914.590569796 6342214.361999912 7139352.5506119635 8238936.528010572 5132286.227525669 656456.2471167255 6714086.245955097 4864518.564586659 3810819.6110489247 4607341.133808629 5247673.771877272 849025.5883444004 5598267.942161941 6817748.109553309 8271394.930189183 6198747.936744418 2267234.9773966894 -9999.0 -9999.0 -9999.0 -9999.0 -9999.0 -9999.0 -9999.0 -9999.0 -9999.0 -9999.0 -9999.0 -9999.0 -9999.0 -9999.0 -9999.0 -9999.0 -9999.0 0.0 0.0 -9999.0 -9999.0 -9999.0 -9999.0 -9999.0 -9999.0 -9999.0
9952623.81501772 10143245.561515803 8939550.585285658 8443051.947229974 8674654.633100595 8612733.900390478 7003639.763661066 8154111.476210754 1159005.3413297394 2654078.2250756146 1220967.735211634 1233170.7102727818 4221990.347412046 2160603.8984278725 235506.2671108706 2845295.339655669 6437784.248508876 5664531.4491808815 7904241.935895812 8402509.54294381 8046645.950399719 5050234.259291269 5585727.931313198 6214039.786597584 6969315.507137333 4423238.090123327 4844432.813175914 2807009.125493153 277014.89348004037 2214935.096568863 378287.3518459033 2318201.0778964637 3481522.335658547 5425480.944575299 4172533.274947851 3270708.9267291813 674614.7120022773 420155.21498531214 -9999.0 -9999.0 -9999.0 -9999.0 -9999.0 -9999.0 -9999.0 -9999.0 -9999.0 -9999.0 -9999.0 -9999.0 -9999.0 -9999.0 -9999.0 0.0 475872.1801482204 -9999.0 -9999.0 -9999.0 -9999.0 -9999.0 -9999.0 -9999.0 -9999.0
8273410.721964128 7738683.02514389 8727262.253645293 8544202.346611975 7439572.225317862 7106589.657715695 7001714.362570384 2700227.091216319 3243338.553525805 2473065.272652537 3695370.812621619 1461330.6233238035 293783.28988289606 238343.17614447867 538252.2071043485 4272859.722035896 6061398.473227481 8411290.866798963 7452372.262323456 5953522.084985248 4539006.515523224 4010405.651929601 5021913.945266083 3356438.1040400257 4682085.001476066 3582124.804886427 3138761.0354315476 452249.62056699995 446551.5635898738 2930075.9101598896 1829861.6571332105 2247960.6383833922 2684279.1881761802 4085618.556476126 3965551.855973258 3376222.5107239815 2569286.8223273642 158794.6044375986 -9999.0 -9999.0 -9999.0 -9999.0 -9999.0 -9999.0 -9999.0 -9999.0 -9999.0 -9999.0 -9999.0 -9999.0 -9999.0 -9999.0 -9999.0 -9999.0 -9999.0 -9999.0 -9999.0 -9999.0 -9999.0 -9999.0 -9999.0 -9999.0 -9999.0
6247793.808972706 7745609.757883986 9314281.244827418 9063435.250365634 6200382.732377108 5040100.0026117815 6890137.897621817 2888297.0520485393 2985382.820922378 2874424.030990942 644970.5126080896 2400751.071829392 2861594.2837305446 3381481.318211595 3246677.4444125216 5693866.242724812 7663174.656861197 8565018.912942246 5353150.458435866 6075556.209815386 4438784.680775691 2185256.1577857165 1987921.0987712496 1584713.7891307569 4416370.635534218 2282710.1353285755 4831746.9687406765 3831329.182369758 2131801.1620588745 1684831.252579005 753535.1495203631 5210544.755639391 4862876.420690833 4080952.744936198 3247346.4201863096 2082665.2338243604 517432.01893585926 -9999.0 -9999.0 -9999.0 -9999.0 -9999.0 -9999.0 -9999.0 -9999.0 -9999.0 -9999.0 -9999.0 -9999.0 -9999.0 -9999.0 -9999.0 -9999.0 -9999.0 -9999.0 -9999.0 -9999.0 -9999.0 -9999.0 -9999.0 -9999.0 -9999.0 -9999.0
2514903.348292415 5483080.699209676 6363802.420337008 7646969.106764162 6099346.617942607 3158234.758323048 5109766.710255766 4089265.214762029 4220641.274605492 3859970.1048401417 2997534.984148005 3687393.8966956865 3304832.595315863 128962.97142148943 396900.38713378494 4110905.432659569 6994171.310071589 6255900.270951872 7302347.997470566 5304409.036178921 4887170.675687289 504701.5172307826 1863887.3288682546 3229083.0132560222 5382458.981962942 4978770.31849137 6221598.274283849 4410864.069564269 2007747.7280477146 3692415.1513475226 3301061.798314435 2226354.889066453 2520150.9146038694 3042808.029259293 1903263.3267366453 4315867.414541896 1157234.150281419 -9999.0 -9999.0 -9999.0 -9999.0 -9999.0 -9999.0 -9999.0 -9999.0 -9999.0 -9999.0 -9999.0 -9999.0 -9999.0 -9999.0 -9999.0 -9999.0 -9999.0 -9999.0 -9999.0 -9999.0 -9999.0 -9999.0 -9999.0 -9999.0 -9999.0 -9999.0
2268739.82618721 1757024.252251951 390332.5703457849 3680266.610718485 2232750.1763948933 4087708.9220396043 867552.7409045488 3650821.644496054 3897649.659722113 4818349.222792341 3612355.9520060215 4752022.377159655 2999044.35228163 3251061.464696398 3059849.9142634417 2689627.0372683117 4615131.624571238 5596593.921425321 6483060.014029819 6004376.484239773 3190450.1434396217 2306793.1768653775 2250748.002715449 5983964.174618988 7402620.59157835 5485414.805172206 5449488.216055429 4466490.400005966 3456628.6874896633 2835384.8368903697 273233.073723816 221078.52363883445 737864.702549915 1820971.3426866725 2070587.2692251531 2661589.128380459 0.0 -9999.0 -9999.0 -9999.0 -9999.0 -9999.0 -9999.0 -9999.0 -9999.0 -9999.0 -9999.0 -9999.0 -9999.0 -9999.0 -9999.0 0.0 0.0 -9999.0 -9999.0 -9999.0 -9999.0 -9999.0 -9999.0 -9999.0 -9999.0 -9999.0 -9999.0
3856801.9250966324 397963.5040249889 1800819.1838291686 1118810.1897307527 4531260.368569161 4440662.5876923315 4396781.4338971805 3749780.6568789403 2931668.7972534546 4504450.486980143 327798.4960216435 3412008.4201672687 3666679.956025022 4380492.720735166 3837468.666884635 5170901.279744936 4854156.945725892 6339858.505304713 6930730.622291856 4773493.240646328 1009755.3113699399 3272913.5216898774 3145969.877163465 4358052.879768437 3498176.5037387325 4069222.585048225 3365557.149926413 181189.2802892028 380388.53578862565 556073.654013244 2192248.538407988 30691.033326459215 413173.0977913593 2893686.7041787636 1074596.1542735498 -9999.0 -9999.0 -9999.0 -9999.0 -9999.0 -9999.0 -9999.0 -9999.0 -9999.0 -9999.0 -9999.0 -9999.0 -9999.0 -9999.0 -9999.0 0.0 -9999.0 -9999.0 -9999.0 -9999.0 -9999.0 -9999.0 -9999.0 -9999.0 -9999.0 -9999.0 -9999.0 -9999.0
5325097.307667459 1201498.891839947 1387289.5379306567 6207071.366631254 1358298.3785857018 932452.2760259075 834014.4616183784 3759857.959118236 2454700.4436803265 299245.1149755219 501165.91805186676 242836.38736106883 3650997.0240367814 2668167.2457580804 4941133.416844572 5974060.105267188 5976547.749092969 5971519.441669274 5248300.287942085 5280558.076235839 2493277.500040618 2188515.0067412225 4444848.740210067 3553751.0945456987 2569404.9476253814 518935.20240167016 3313985.207688563 483009.10482358106 685469.6946288787 633231.1931861762 639052.4463243213 507373.02906536194 1635597.3738094764 3912119.211325277 404564.624848821 -9999.0 -9999.0 -9999.0 -9999.0 -9999.0 -9999.0 -9999.0 -9999.0 -9999.0 -9999.0 -9999.0 -9999.0 -9999.0 -9999.0 -9999.0 0.0 -9999.0 -9999.0 -9999.0 -9999.0 -9999.0 -9999.0 -9999.0 -9999.0 -9999.0 -9999.0 -9999.0 -9999.0
730558.8795231301 1141921.2148545505 727682.8897713214 1257077.374309945 4936290.762674173 4608142.922902683 3562981.5531916535 3215556.3019507923 2432911.755190794 3065411.3268593275 290026.9797401799 2692588.949167239 3791902.8803043757 3174084.9825779605 4521913.089481664 4955285.912656515 5971216.775331193 4865886.920142367 6331316.924116157 4515367.063867572 2909643.2425066256 461284.02329500974 3785957.820596051 2522778.768738209 561093.7160565973 2547476.8285065815 271876.3795520632 460225.9610172145 3075192.6320980894 2723804.5138910064 2505338.9450832233 893577.564491333 2751867.270793398 195527.50608648587 -9999.0 -9999.0 -9999.0 -9999.0 -9999.0 -9999.0 -9999.0 -9999.0 -9999.0 -9999.0 -9999.0 -9999.0 -9999.0 -9999.0 0.0 0.0 -9999.0 -9999.0 -9999.0 -9999.0 -9999.0 -9999.0 -9999.0 -9999.0 -9999.0 -9999.0 -9999.0 -9999.0 -9999.0
432679.6746919394 796498.1420744106 419637.3667877497 3926388.3722569617 4794068.79329426 1229058.3790157405 3178170.3950055456 2150809.386471186 2562825.349409486 453020.39402380376 2368983.3356746947 266499.550184561 535562.5980460522 239753.25222739053 745000.786372372 6088668.651701321 4627376.5077839345 3162092.9898869274 5680063.074700142 4889211.499915537 558022.1027600681 1856091.5145313875 2443165.2021226273 3196478.949212784 3405204.8845550274 4052112.1088353186 913712.5051802549 595962.971135271 3347014.0847412823 2397711.4098929423 3068759.769891472 3425893.342728447 1287175.5207903422 -9999.0 -9999.0 -9999.0 -9999.0 -9999.0 -9999.0 -9999.0 -9999.0 -9999.0 -9999.0 -9999.0 -9999.0 -9999.0 -9999.0 -9999.0 1627186.9502961596 -9999.0 -9999.0 -9999.0 -9999.0 -9999.0 -9999.0 -9999.0 -9999.0 -9999.0 -9999.0 -9999.0 -9999.0 -9999.0 -9999.0
1000339.8621840917 1082347.5369406065 4082875.7979970835 5259531.678966078 3381834.4383655023 4032999.5922333077 2711115.8681287635 713216.8946271107 3107164.8592005176 264952.1191165976 621469.0271737124 2646175.080996579 476983.3325366056 381428.1003440707 3618523.278945529 4012274.5433130595 3204626.0222574933 1540016.0388182455 2706766.8254808346 3140966.160303523 289979.78804170445 711829.0957101777 3487234.745593249 3434530.5657227123 3005454.135091444 3384924.0044991216 3863104.286019142 640830.3899724318 469589.16277856595 389850.3737376658 3384914.017523652 4997236.977671708 488558.60765455913 -9999.0 -9999.0 -9999.0 -9999.0 -9999.0 -9999.0 -9999.0 -9999.0 -9999.0 -9999.0 -9999.0 -9999.0 -9999.0 -9999.0 -9999.0 -9999.0 -9999.0 -9999.0 -9999.0 -9999.0 -9999.0 -9999.0 -9999.0 -9999.0 -9999.0 -9999.0 -9999.0 -9999.0 -9999.0 -9999.0
5580204.6196425585 3643147.840313941 5544040.001389186 961144.5228677635 3659781.2461620066 207509.91598016108 237234.63062416704 940619.8617078916 630949.5071422103 3213527.8405401944 3450137.245780628 5287174.5896816235 634347.0157315801 7446984.215102759 3033743.474405348 5665637.729614025 4956353.575291149 772446.5488957601 4070459.7237075483 2790035.402845069 282010.81198796636 3280871.112229748 4455621.895970057 2953792.12385051 2925350.377354635 3100055.34834403 843984.4582397246 355277.98522529134 2778022.5918152514 6104712.751093722 5421352.746370744 1590287.9422682284 530496.1484970172 -9999.0 -9999.0 1734410.8850657209 58885.83784656959 -9999.0 -9999.0 -9999.0 -9999.0 -9999.0 -9999.0 -9999.0 -9999.0 -9999.0 -9999.0 -9999.0 -9999.0 -9999.0 -9999.0 -9999.0 -9999.0 -9999.0 -9999.0 -9999.0 -9999.0 -9999.0 -9999.0 -9999.0 -9999.0 -9999.0 -9999.0
2650101.695533763 4020345.1227717516 3853450.8870890215 3460767.839465671 200118.07404615014 374653.73235820135 393592.9775800691 443994.5401446492 515464.5106497769 4386687.392868309 1461365.9709259318 7297310.419555253 1700651.9916943717 1439198.9123965367 6274888.505204574 5972392.167499775 4520504.464706709 738065.9725191772 364224.1465529885 3384404.2236869456 3207762.104702388 559248.401152397 3464550.476230774 4177256.159801103 4176210.447836522 2965254.457803729 989469.0308907756 952937.4255058183 5191298.592653492 6063582.597580759 3028484.6810327554 -9999.0 -9999.0 -9999.0 2217200.0803113407 6512032.493552653 3545801.4992915755 -9999.0 -9999.0 -9999.0 -9999.0 -9999.0 -9999.0 332912.1988166416 -9999.0 -9999.0 -9999.0 -9999.0 -9999.0 -9999.0 -9999.0 -9999.0 -9999.0 -9999.0 -9999.0 -9999.0 -9999.0 -9999.0 -9999.0 -9999.0 -9999.0 -9999.0 -9999.0
1220922.0022257362 3925763.15729038 2310137.3906067684 301980.22778640984 8220.929359825514 449849.5456727326 3504311.8951021186 1996926.375184827 2716495.077111738 3908499.293603846 2326296.505608578 2773732.625682837 3392566.865469076 5728486.688876277 4685695.9649131205 5252692.164077004 4030431.59832058 2803801.363457345 4332801.603105412 2982277.559988783 4321322.081119375 740343.374072579 3359328.559468313 337966.5357290127 5960674.319449122 3682447.3141432796 883141.331702882 1938209.6315223838 5621381.790869604 234053.6136905874 -9999.0 -9999.0 -9999.0 902194.1322664861 7904433.81019583 132587.99455953971 350204.1015578701 -9999.0 -9999.0 -9999.0 0.0 176928.4275555519 -9999.0 -9999.0 -9999.0 -9999.0 -9999.0 -9999.0 -9999.0 -9999.0 -9999.0 -9999.0 -9999.0 -9999.0 -9999.0 -9999.0 -9999.0 -9999.0 -9999.0 -9999.0 -9999.0 -9999.0 -9999.0
1827538.0341712912 6041131.205393083 2084277.9051518477 1389107.631123736 965068.9935492245 665931.9068989595 4779954.395829691 4965776.728592599 5493470.154459571 4110173.851874823 5779700.640889343 3519324.5288196267 5984970.398708451 4841405.205858222 4611722.904218578 4901749.962881638 3455299.9992877496 4667194.8440351505 5005100.600322826 5263840.342830235 4490382.491827735 545066.228877688 3989055.277291108 3644445.142872904 1525158.1936282408 5825594.988232994 4649694.851187985 1615131.6967013562 507020.54343122354 -9999.0 -9999.0 -9999.0 -9999.0 2295734.72182482 9264256.820930578 378377.4559305961 644960.0568743402 -9999.0 -9999.0 -9999.0 -9999.0 -9999.0 -9999.0 -9999.0 -9999.0 -9999.0 -9999.0 -9999.0 -9999.0 -9999.0 -9999.0 -9999.0 -9999.0 -9999.0 -9999.0 -9999.0 -9999.0 -9999.0 -9999.0 -9999.0 -9999.0 -9999.0 -9999.0
1119618.074087394 5986608.951823653 1268596.9329830133 399818.46077332395 3100761.115487435 5748053.297773237 6417994.056108167 4896390.115656314 1833636.4424211776 2600563.6328196144 4462872.86330282 6547468.054928559 6779981.017209312 4577951.447186148 1852476.6138753863 2400794.4213195867 4077780.896296728 4585934.0479591545 7118043.26386108 5917534.755701253 6925402.130298204 4709571.968364036 4867411.205048371 3093203.946530078 1122563.2789291802 5062758.960508337 1288992.6091372874 5281.297343391077 -9999.0 -9999.0 -9999.0 -9999.0 -9999.0 11025042.759145286 4021727.4358581584 853800.9544641259 -9999.0 -9999.0 -9999.0 -9999.0 -9999.0 -9999.0 -9999.0 -9999.0 -9999.0 -9999.0 -9999.0 -9999.0 -9999.0 -9999.0 -9999.0 -9999.0 -9999.0 -9999.0 -9999.0 -9999.0 -9999.0 -9999.0 -9999.0 -9999.0 -9999.0 -9999.0 -9999.0
2197170.171855965 719580.5242527865 346256.36205221753 0.0 11219.529619167792 397231.46611176693 1386133.7651060668 5905647.004304474 6060869.5990554495 6297606.470297246 2375638.2215197477 6262411.54424395 7421653.883915059 7519450.074855877 4517629.087031765 3397437.263989147 5177093.842506202 5469733.5045177 5474774.326964889 8702759.733184401 3208784.508229452 2551592.7150851814 275706.2903508806 2249359.1855647336 737559.217986818 939835.8000709866 -9999.0 -9999.0 -9999.0 -9999.0 -9999.0 -9999.0 -9999.0 5705704.394491708 6236241.019423818 1265486.0181507487 -9999.0 -9999.0 -9999.0 -9999.0 -9999.0 -9999.0 -9999.0 -9999.0 -9999.0 -9999.0 -9999.0 -9999.0 -9999.0 -9999.0 -9999.0 -9999.0 -9999.0 -9999.0 -9999.0 -9999.0 -9999.0 -9999.0 -9999.0 -9999.0 -9999.0 -9999.0 -9999.0
302203.2683652259 857916.3492849814 921255.8375079565 936889.0770954355 753551.0101127638 256989.97849669092 4142810.6862326944 6705254.130726831 5780709.526902461 5122990.193861011 3075198.2445540526 6726249.671580288 5614093.721216994 3433431.3683592384 1800593.3119959137 4542066.957674587 4381546.738122282 4385309.168319695 6542440.885173439 6036702.696984202 181425.73442423018 948186.0187736682 -9999.0 -9999.0 -9999.0 -9999.0 -9999.0 -9999.0 -9999.0 -9999.0 -9999.0 -9999.0 -9999.0 209553.66726120832 1318921.5864566748 -9999.0 0.0 -9999.0 -9999.0 -9999.0 -9999.0 -9999.0 -9999.0 -9999.0 -9999.0 -9999.0 -9999.0 -9999.0 -9999.0 -9999.0 -9999.0 -9999.0 -9999.0 -9999.0 -9999.0 -9999.0 -9999.0 -9999.0 -9999.0 -9999.0 -9999.0 -9999.0 -9999.0
0.0 334317.99273236486 1858893.7255233596 3006042.607793998 1880667.518190832 972794.4761657545 395470.6269112743 193204.1045598631 371366.36438063695 3191453.136281417 1801786.907245366 3628130.2213526955 3392097.69850698 3926893.0678114714 2224403.1965565677 1700981.7188260793 1804797.0621779226 759977.205952671 354907.5501156078 -9999.0 -9999.0 -9999.0 -9999.0 -9999.0 -9999.0 -9999.0 -9999.0 -9999.0 -9999.0 -9999.0 -9999.0 -9999.0 -9999.0 -9999.0 91801.40811471979 -9999.0 -9999.0 -9999.0 -9999.0 -9999.0 -9999.0 -9999.0 -9999.0 -9999.0 -9999.0 -9999.0 -9999.0 -9999.0 -9999.0 -9999.0 -9999.0 -9999.0 -9999.0 -9999.0 -9999.0 -9999.0 -9999.0 -9999.0 -9999.0 -9999.0 -9999.0 -9999.0 -9999.0
192691.1362979039 877440.6120824788 510116.0377378372 8923448.955104293 13798412.142756153 11193496.30679861 602722.0877911162 779759.075158137 1588689.482175936 -9999.0 -9999.0 235314.20299867506 1318994.018287503 2508714.9985472583 755255.032341653 -9999.0 -9999.0 -9999.0 -9999.0 -9999.0 -9999.0 -9999.0 -9999.0 -9999.0 -9999.0 -9999.0 -9999.0 -9999.0 -9999.0 -9999.0 -9999.0 -9999.0 -9999.0 -9999.0 -9999.0 -9999.0 -9999.0 -9999.0 -9999.0 -9999.0 -9999.0 -9999.0 -9999.0 -9999.0 -9999.0 -9999.0 -9999.0 -9999.0 -9999.0 -9999.0 -9999.0 -9999.0 -9999.0 -9999.0 -9999.0 -9999.0 -9999.0 -9999.0 -9999.0 -9999.0 -9999.0 -9999.0 -9999.0
27598.228964421724 30128.604159797975 0.0 1684254.7664527395 12036903.79414105 18308895.923177753 7508813.540068303 104041.02984880943 -9999.0 -9999.0 -9999.0 -9999.0 918459.9696785477 1355074.8937340884 -9999.0 -9999.0 -9999.0 -9999.0 -9999.0 -9999.0 -9999.0 -9999.0 -9999.0 -9999.0 -9999.0 -9999.0 -9999.0 -9999.0 -9999.0 -9999.0 -9999.0 -9999.0 -9999.0 -9999.0 -9999.0 -9999.0 -9999.0 -9999.0 -9999.0 -9999.0 -9999.0 -9999.0 -9999.0 -9999.0 -9999.0 -9999.0 -9999.0 -9999.0 -9999.0 -9999.0 -9999.0 -9999.0 -9999.0 -9999.0 -9999.0 -9999.0 -9999.0 -9999.0 -9999.0 -9999.0 -9999.0 -9999.0 -9999.0
0.0 0.0 0.0 725348.1348050324 8685184.489173597 15000509.82587105 951073.3916738703 -9999.0 -9999.0 -9999.0 -9999.0 -9999.0 66441.1508665455 1077901.78023998 100598.35594552655 -9999.0 -9999.0 -9999.0 -9999.0 -9999.0 -9999.0 -9999.0 -9999.0 -9999.0 -9999.0 -9999.0 -9999.0 -9999.0 -9999.0 -9999.0 -9999.0 -9999.0 -9999.0 -9999.0 -9999.0 -9999.0 -9999.0 -9999.0 -9999.0 -9999.0 -9999.0 -9999.0 -9999.0 -9999.0 -9999.0 -9999.0 -9999.0 -9999.0 -9999.0 -9999.0 -9999.0 -9999.0 -9999.0 -9999.0 -9999.0 -9999.0 -9999.0 -9999.0 -9999.0 -9999.0 -9999.0 -9999.0 -9999.0
