Model Version1.4/trunk/output/2010/nh3_ef_man_agri.asc
ncols 720
nrows 360
xllcorner -180.0
yllcorner -90.0
cellsize 0.5
NODATA_value -9999.0
[rows 140 to 167 of 360, columns 378 to 440 of 720]
0 0 0 0 0 0 0 0 0 0 0 0 0 0 0 0 0 0 0 0 0 0 0 0 0 0 0 0 0 0 0 0 0 0 0 0 0 0 0 0 0 0 0.18770414255975443 0.18770414255975446 0 0 0 0 0.1877041425597544 0 0 0 0 0 0 0 0 -9999.0 -9999.0 -9999.0 -9999.0 -9999.0 -9999.0
0 0 0 0 0 0 0 0 0 0 0 0 0 0 0 0 0 0 0 0 0 0 0 0 0 0 0 0 0 0 0 0 0 0 0 0 0 0 0 0 0 0 0.18770414255975448 0.1877041425597544 0 0 0 0 0.18770414255975437 0.1877041425597544 0 0 0 0 0 0 0 -9999.0 -9999.0 -9999.0 -9999.0 -9999.0 -9999.0
0 0 0 0 0 0 0 0 0 0 0 0 0 0 0 0 0 0 0 0 0 0 0 0 0 0 0 0 0 0 0 0 0 0 0 0 0 0 0 0 0 0 0 0.18770414255975443 0 0.1877041425597544 0.1877041425597544 0 0 0.18770414255975446 0 0 0 0 0 0 0 0.13477770137424017 -9999.0 -9999.0 -9999.0 -9999.0 -9999.0
0 0 0 0 0 0 0 0 0 0 0 0 0 0 0 0 0 0 0 0 0 0 0 0 0 0 0 0 0 0 0 0 0 0 0 0 0 0 0 0 0 0 0 0.18770414255975443 0.1877041425597544 0.18770414255975443 0 0 0 0.1877041425597544 0 0 0 0 0 0 0 0.1440121808308409 0 0 -9999.0 -9999.0 -9999.0
0 0 0 0 0 0 0 0 0 0 0 0 0 0 0 0 0 0 0 0 0 0 0 0 0 0 0 0 0 0 0 0 0 0 0 0 0 0 0 0 0 0 0 0 0.18904731546462963 0 0 0 0 0.18904731546462963 0.18904731546462963 0 0 0 0 0 0.1440121808308409 0.1440121808308409 0 0 -9999.0 -9999.0 -9999.0
0 0 0 0 0 0 0 0 0 0 0 0 0 0 0 0 0 0 0 0 0 0 0 0 0 0 0 0 0 0 0 0 0 0 0 0 0 0 0 0 0 0 0 0 0 0 0 0 0 0.1890473154646296 0.18904731546462963 0.1890473154646296 0 0 0 0 0 0 0 0 -9999.0 -9999.0 -9999.0
0 0 0 0 0 0 0 0 0 0 0 0 0 0 0 0 0 0 0 0 0 0 0 0 0 0 0 0 0 0 0 0 0 0 0 0 0 0 0 0 0 0 0 0 0 0 0 0.1890473154646296 0.18904731546462963 0.1890473154646296 0 0 0 0 0 0 0 0 0.11948056961295041 0 0 -9999.0 -9999.0
0 0 0 0 0 0 0 0 0 0 0 0 0 0 0 0 0 0 0 0 0 0 0 0 0 0 0 0 0 0 0 0 0 0 0 0 0 0 0 0 0 0 0 0 0 0 0 0.18904731546462958 0 0 0 0 0 0 0.18887187874822808 0 0 0 0.11948056961295042 0.12783801509886827 0.14401267682986124 -9999.0 0
0 0 0 0 0 0 0 0 0 0 0 0 0 0 0 0 0 0 0 0 0 0 0 0 0 0 0 0 0 0 0 0 0 0 0 0 0 0 0 0 0 0 0 0 0 0 0.18888602968435836 0.13351026109580283 0 0 0 0 0.17577121563190842 0.1757712156319084 0.1888839070754158 0.18888578863012542 0.18888578863012545 0.18888578863012542 0.11949024543117576 0.11949024543117577 0.14402322778569082 -9999.0 0
0 0 0 0 0 0 0 0 0 0 0 0 0 0 0 0 0 0 0 0 0 0 0 0.14307272435382887 0 0 0 0 0 0 0 0 0 0 0 0 0 0 0 0 0 0 0 0 0 0 0.18884074495062944 0.15311018841372753 0.13345777426551583 0 0.1746533454757834 0.17465334547578346 0.17510071085317458 0.1582159346539644 0.175703994993183 0.18811662542299123 0.18783282610786098 0.18770404874295574 0.18770404874295576 0.1269875525186828 0.11944149202960705 0.14396695301542778 0
0 0 0 0 0 0 0 0 0 0 0 0 0 0 0 0 0 0 0 0 0 0 0.1430727243538289 0.14307272435382887 0 0 0.1273958992773119 0.12705630977180746 0.14322346786179266 0.13315969001498093 0.1877041425597544 0 0 0 0 0 0.18770414255975437 0 0 0 0 0 0 0 0 0 0.1439664751495757 0.17487858872974588 0.17093533567014507 0.17483645050564572 0.17465334547578346 0.1749360255259039 0.17482619877145567 0 0.14310582519619444 0.1430725988894221 0.14307729854090057 0.18789719947973446 0.11882385401632334 0.11910540573300296 0.1192597046659366 0 0.14396695301542778
0.14307263653904592 0.14307263653904595 0 0 0 0 0 0 0 0 0 0 0.14611253084420128 0 0 0 0 0 0 0 0 0.14307272435382887 0.18803269287227842 0.18783100683134574 0.12708802301250954 0.12730174002574213 0.12743441311512926 0.14321873119743922 0.14321557339210736 0.14307265833936958 0.14420361882673435 0.14307502748571804 0.18770414255975443 0 0 0 0.1877041425597544 0.18770414255975443 0 0.14307265833936963 0 0.1430726583393696 0 0 0 0.1430726583393696 0.13297863908928242 0.181366713021765 0.1695855085727383 0.16720932815446996 0.17513290829881814 0.15606734040957748 0.1704151478983882 0.1499940788731025 0.14775113673202125 0.14575488516913254 0.14659303720169764 0.16177500947179624 0.14329409936430282 0.15634001475286724 0.11878067695673764 0.11867868623002842 0.18898645047913898
0.14309825843248553 0.14307263653904595 0.14307263653904595 0.14307263653904592 0.14307263653904595 0 0.14307263653904595 0.1746531594950591 0.1458501992894554 -9999.0 0.14585052704261264 0.14585052704261264 0.14585052704261264 0.14585052704261264 0.14585052704261267 0 0 0.14307272435382887 0.14307272435382884 0.14307272435382884 0 0.14329140578982086 0.18807530282898977 0.14345912343283893 0.12716331757410007 0.12712870509973478 0.1451829205382401 0.143207678776939 0.14328267174756676 0.14329293292241918 0.13948378075972126 0.14324399280214273 0.14354070511255881 0.1442611122819256 0.1430726583393696 0 0 0 0.1430726583393696 0.14307265833936958 0 0.14307265833936963 0.14309950789759845 0 0 0.14307265833936958 0.14375285459608386 0.15207544741298878 0.13283471432768035 0.17008151835142105 0.15651424269539604 0.1674126580445989 0.17146166864732013 0.19760015275634793 0.16026747381028597 0.14453805939675132 0.1433658614556925 0.12706578129697063 0.12727918853714726 0.15933141109274573 0.1554793617087982 0.11880452030457277 0
0.14310479438450815 0.1432239926567286 0.14307272930780926 0.14307272930780923 0.14307272930780923 0.1431058654818661 0.14498222746650985 0.14399093410688993 0.14307739183898407 0.12586112337048178 -9999.0 -9999.0 0.14331753006846654 0.14307272435382887 0.14308097851040125 0.14307272435382887 0.14307272435382887 0.14307272435382887 0.14307272435382887 0.14307272435382887 0.1432993119896447 0.18831142911125667 0.18811821703289286 0.12736915155622 0.1434787091204562 0.188059864955515 0.1553025768819164 0.16261292151733509 0.14358438504654839 0.14184301897062468 0.14182660238787598 0.14331108670656562 0.14320452089013547 0.14310424588027784 0.1430726583393696 0 0.14307265833936958 0.14329530085093994 0.14333239668888506 0.14311293204577769 0.14321399448071248 0.143433407365579 0.14330398314352605 0.1430726583393696 0.1430726583393696 0.14307265833936963 0.14307265833936955 0.13338832037875822 0.15304522068234788 0.168749226068988 0.18967221273680807 0.20583713012123805 0.22207266351658642 0.19324860435427 0.16767688164651756 0.1433277285079226 0.14339740523759695 0.14331108761220493 0.14321469637467676 0.14326792908666558 0.14334298209441917 0.14329895321816818 0
0.14345355746579902 0.14307272930780926 0.1440264915573689 0.1448768293990657 0.14489523496314952 0.14569122153235584 0.1444009945509242 0.14307272930780926 0.14307272930780923 0.14324937047772193 0.10061228816706527 0.1435986089774701 0.1433625563352903 0.14333471622501065 0.14338386482675058 0.14335293279810946 0.13291520671601664 0.13288597908727878 0.13283984472410423 0.132844423162759 0.13291767160665996 0.18803639826344629 0.18807530282898974 0.1880558510122492 0.18812253907534823 0.18806696645022672 0.15204062986821432 0.1480249542520173 0.14831235724783912 0.14246358340651924 0.14740320986889952 0 0.1430726583393696 0.14318162551463082 0.14320767877693896 0.14307265833936963 0.14307265833936958 0.14309319050585553 0.14316820351871087 0.14320767877693896 0.14333397516392016 0.17485182762932194 0.17495066688434754 0.17494334627008168 0.14732199578267852 0.14375049953788324 0.1430726583393696 0.14349021540388807 0.16352221367324613 0.1941569139313232 0.1909021794874994 0.1627080230424246 0.17489136617297468 0.1749016162879947 0.14947977982354943 0 0.14347053627821515 0.14310510301188895 0.14327121616951083 0.1438038001843509 0.14332183493129286 0.14328543163131136 0
0.2380271485562212 0.14372016861401782 0.14370337518150886 0.14350429789020075 0.1434974773960076 0.1434390828656544 0.1323055643667367 0.1430727293078092 0.14307272930780926 0.17572623934617798 0.14346520334065332 0.1436599417146538 0.1442439108460487 0.14344056774462724 0.14331821752796797 0.14307272435382887 0.1622294872489926 0.16858595500053628 0.13280321547430765 0.16580241610360866 0.13275672004685693 0.143221274847193 0.14346187235531135 0.1432669987741582 0.14326459237335676 0.14344262952746364 0.1704800959868992 0.1602737555628173 0.14780498612304224 0.154197420581588 0.1494217407650929 0.14324320339954408 0.14326530612244898 0.143171361673229 0.14325267613471984 0.1430924008253382 0.14307265833936963 0.14308371424358593 0.1430726583393696 0.1748196082363893 0.17485622098796436 0.1581079094091145 0.14730545677092574 0.1598630572405666 0.16484018015625918 0.17096685649468835 0.1749696998734759 0.1751526645779148 0.17485109539833316 0.17487745489523765 0.19229095279686118 0.1519896157505738 0 0 0.14322822019444728 0.1431463772210533 0.20546920090029153 0.19481855134941686 0.1431921557262858 0.14331698133670892 0.14309990009828258 0.14328820532495118 0
0.2554083012688167 0.22198569824535536 0.20627769434198906 0.18518063113387875 0.18620819110907397 0.19225234175588332 0.21744189591360916 0.19487532474610175 0.14349681197612418 0.14345089550708107 0.1434776807122966 0.11901975367514656 0.1435539510629763 0.14335087058343957 0.17665453712734475 0.1741648436160436 0.17547258585515832 0.13298773906468644 0.14338111540354914 0.14323674589509072 0.14344709668955896 0.14329140578982086 0.14343541324411122 0.1432817806539422 0.14358933425534362 0.14337664755320395 0.1432896870314188 0.14333792132605888 0.14737216954979454 0.16191631746418822 0.15686406871151468 0.15452335015282748 0.1455604668876183 0.1537030433113947 0.1454700260029356 0.15104625377341716 0.14960979388424656 0.1433166116185975 0.143175309333638 0.15199648179510494 0.1433513380053968 0.16406257888285217 0.16247763269818416 0.15051930684664167 0.15247333330371848 0.1686354394904854 0.17209127669744714 0.14189534758062677 0.17490600911647236 0.22049516685748244 0.1975843405841901 0.163756164038583 0.14186804737191064 0 0.1435031119631039 0.1432888987455549 0.17873896077512882 0.19370688920084397 0.14317550956308592 0.14307249704393996 0.14307249704393993 0.14333535536907144 0
0.20380110582040878 0.25654960171837315 0.22337514509958692 0.1905796344589222 0.1928290397576219 0.18913644136827715 0.18470316262108716 0.16944980284494257 0.162261599708023 0.1859619813631444 0.22504350988239957 0.11904043831209628 0.16700873049817774 0.14330103070942726 0.17087727099991842 0.1689508752851818 0.13306131530960152 0.13301590369586525 0.14327284283411082 0.1434941708727364 0.14323193274006313 0.1435804028515766 0.18810000220550602 0.13289759994671782 0.1328148385521949 0.14349795032727772 0.14351719066963564 0.1433092804683889 0.15408144328481874 0.17205874412335329 0.17050971069976406 0.16631543348705236 0.1707881721907026 0.17491217164569178 0.15308192176418026 0.16459034027276778 0.15853985366311535 0.14323767754062186 0.16125009257900136 0.15490931075958053 0.1533682394056204 0.1542390040992565 0.14591636478715403 0.1432621486604272 0.16253519695038807 0.15553030304570625 0.17490381270808042 0.17209512596305604 0.18113900806783853 0.16629495399332653 0.18379722329371764 0.1550989475300401 0.14337036785248347 0.14307249704393996 0.1431245266644512 0.17059606578817935 0.18808700023792305 0.14327745716205165 0.1431675330473326 0.14307249704393993 0.14307249704393996 0.14307249704393993 0.14307249704393993
0.1815432925271081 0.21231464104409906 0.17777717592486675 0.16976317476155103 0.18211716718349638 0.17609373381484528 0.162366749455523 0.15464447126308897 0.15656342073164048 0.20254695731787414 0.23005899940953412 0.22329375404910562 0.1332344694292538 0.1435106627932258 0.14327456166010016 0.1706256965366133 0.14328762451223304 0.143547080201205 0.14329312454132645 0.14334915206363014 0.14313600215749037 0.13282399590927127 0.13295605166722976 0.132998653076423 0.14346771375698072 0.1432625297333389 0.14329111181863238 0.14328478479751655 0.15674728394525778 0.15709673624406578 0.1654324308585075 0.18083948589995963 0.1614228462955129 0.1643298491752999 0.17693131537652898 0.14865397155894355 0.15477480129587348 0.1679854907967113 0.15769722424965815 0.15053652269854856 0.14328661838236853 0.14326214866042722 0.14307009528351713 0.14334265667263657 0.17487965144396087 0.17479690669866227 0.15806981097633024 0.17488916968662263 0.1679454001695242 0.17490893764280488 0.14320215245975657 0.14307249704393996 0.14179007917955025 0.1186786862300284 0.14541114910511707 0.1804912367826866 0.19332565523071668 0.16626140034725534 0.14307527211654025 0.14315053910548722 0.14307249704393996 0.14314637722105333 0.14362057177994517
0.17880596686887976 0.18773031333961832 0.18684265164434005 0.19404310843749104 0.22389919312220075 0.17329814673598892 0.1598380293647142 0.16854564696295765 0.1831312437749769 0.21427170716708377 0.24221805962668372 0.25271260313976895 0.20990858636418322 0.13286273643392277 0.13282364370680608 0.14346324680993092 0.14344366041515974 0.14380740879755613 0.1440085570278761 0.14392069502515567 0.18817409131938817 0.13281765622112512 0.14339554967846038 0.13292471407413545 0.1432783430529998 0.1436436369383023 0.14336538874422125 0.14329954770141728 0.21852920563991593 0.14322899390401217 0.1398488633519736 0.16427584826274222 0.14477805116514833 0.14327004227184448 0.14322741504208042 0.14325504428578403 0.1432597805486376 0.15897306510009687 0.14328267174756673 0.1328120701280558 0.14329766876637084 0.1749104018981754 0.14326530612244898 0.17483718276262633 0.17482986013433705 0.1328516967013455 0.1584135044309979 0.17385630384783607 0.1764088339220396 0.17489063401215674 0.13979478429346714 0.14331004753475673 0.14307249704393996 0.14352377156348087 0.14379034793983372 0.14545656218014985 0.15242340240263375 0.19094708564875004 0.1432920191243805 0.14307249704393998 0.1432729497876708 0.14307249704393996 0.14323896959279658
0.1851815550963854 0.20960791795173836 0.1866880202562559 0.18602753782452564 0.19958629291954796 0.18266825249835836 0.18396591437698803 0.1876956279682331 0.20693978040292732 0.20088838048539812 0.17541147643354962 0.14332234226180685 0.1822576246247947 0.13293739022731194 0.13316162643030444 0.13339067109945235 0.14402674495475223 0.14373152458956567 0.14365837459050318 0.170251103871908 0.14330206193798659 0.14353471237219928 0.13308806721174157 0.14344194226762103 0.14329579844068996 0.14328642514529796 0.14330751477150325 0.14331595033125807 0.14331454441616867 0.13840790066942643 0.1271316985343883 0 0 0.12703090410321022 0.12703172366398885 0.13282662724928543 0.1328387578103143 0.1328169225561028 0.13282581853314976 0.1328266272492854 0.13282177492984568 0.17492577626579642 0.13277001347677472 0.13284765333937634 0.1327319972243156 0.13282339237569257 0.17494041798800022 0.16093120390680346 0.17481521448785858 0.17474051360334414 0.14151033707518912 0.17466692866355074 0.14752941528709196 0.14205785355401632 0.1441180020570699 0.14824665247916907 0.16957324637483415 0.15348229185236 0.16009876861930275 0.1432299539866189 0.1431571286731566 0.1431730819435782 0
0.21043495671589832 0.17767935869474893 0.1747605775714252 0.18910838465947977 0.1948472749313558 0.1982642786200213 0.19835147802000935 0.19465710671528383 0.22541166774622323 0.2143750549170597 0.1773950729497394 0.14332784184514002 0.14362746238389487 0.17385138494493935 0.1272275396353365 0.14347492949610274 0.12743583948827703 0.12707196324995532 0.14357834173194423 0.1434378186854054 0.14376895332339332 0.1435436447289779 0.1439097110065773 0 0 0.1433098579992101 0.12708857288099315 0.12728218068417774 0.12730090452160495 0 0.1271398921805052 0 0 0.12693254563652648 0.1269735310244335 0.12703172366398885 0.1270513926610345 0.12706614382717385 0.1328419925692714 0.13284360993970007 0.1328298620987439 0.14328819702610793 0.14779337414533758 0.13925068001014967 0.17490088414536756 0.1749470065934534 0.17494700659345336 0.17494188213163916 0.13400493972492517 0.17470169309802505 0.14486217782024588 0.1646468801319777 0.1630302369886527 0.15801172741202352 0.14305566878166573 0.14811897490987072 0.15618090867080084 0.15311466308555696 0.15703414379398614 0.1326936762609765 0.1326204702896564 0.14318556669736004 0.17572999862940303
0.19027287008533736 0.18288978589210025 0.1933519301406847 0.19472106881487838 0.17665163389715471 0.20022322589821526 0.19510106152564394 0.14348428300620136 0.1434035880077338 0.14348731221515781 0.1435388054893453 0.1434349865035843 0.1272635712084288 0.12728533141060777 0.12727427308280906 0.12735702538246996 0.14349004779337726 0.17824351702304145 0.1806205835438645 0.14353883502155673 0.1435209302211113 0.14340849625744265 0.1433372728110667 0.1273680119356578 0 0.16409970093136686 0 0 0 0 0.1377365272292944 0 0 0.1270333627809296 0.13773652722929436 0.12701041458360912 0.12700385773419845 0.12694730081948127 0.1328403751928095 0.1420310515144986 0.15034474900963468 0.1328306708073376 0.17492943674506636 0 0.1749367576061678 0.17483059240301438 0.17486281093820988 0.17468338027118926 0.1340444573581687 0.17474490814740795 0.17465309198545118 0.18549887922507696 0.15926699497037972 0.1736087718886926 0.14486242120589443 0.14570839681106115 0.15631906765207162 0.19153293196718643 0.17176058875613084 0.1883076416362023 0.18228921286041483 0.1553332589933206 0.1707905589596047
0.1486888545898481 0.17869048832299037 0.1803046031211686 0.16003436984656405 0.1387237926970166 0.14353424023800176 0.1434826715591683 0.1434570191613628 0.14349199367776402 0.1434900660228886 0.14350300868203136 0.1435536740527938 0.14375022097369855 0.1272928223766711 0.12725607974019443 0.14357490651051058 0.14354570601562147 0.18081097809739766 0.17588494823051595 0.16538649606220457 0.12702555885342617 0 0 0 0 0 0 0 0 0 0 0.1377365272292944 0 0.1268612218874154 0 0.1377663111250727 0.1269907437398896 0.12686122188741542 0.1511357936433226 0.13263491933197025 0.13261873757028733 0.14321156765230042 0.13282420109635337 0.16198068744599034 0.17486573977119857 0.17491333039332518 0.17472147003822605 0.1747287945903585 0.1748914684749927 0.14334502040143923 0 0.1419070206558407 0.11894425306228792 0.11897945432669399 0.1432868184803763 0.15640877755305074 0.14333154195547243 0.17302053157925418 0.17466336107909883 0.20887284374020848 0.21233713136909702 0.14318938141066895 0.1498272043815546
0.16129907092252763 0.1743172006842254 0.16331758445111366 0.13379187626283826 0.14349015772042287 0.1435037988333334 0.1272479837190514 0.1272842944325836 0.12726542467509022 0.12729344311219337 0.12732031624929774 0.1273037351474826 0.14356744078087402 0.1435515462738965 0.16635149878651304 0.15881021851073762 0.1271544967390459 0.14350851708722506 0 0.12738527340585226 0 0 0 0 0 0 0 0 0 0 0 0 0 0.1269899241021635 0.1268612218874154 0.1268612218874154 0.1268612218874154 0.1268612218874154 0.1268612218874154 0.1268612218874154 0.13265757278401905 0.13265352761151078 0.15182957636690378 0.14931254572454788 0.14307265833936963 0.14307265833936963 0.17465334547578346 0.17465334547578343 0 0 0.17465309198545115 0.17465309198545118 0.1433741809204283 0.14385655748046625 0.14308151596417545 0.14320151890885294 0.15611748837659223 0.1852647492041295 0.19931444599029935 0.16446975700150837 0.14307249704393996 0.1522218873661062 0.14614249954911762
0.18810368938553057 0.17316622364540324 0.1434820061162792 0.1272550737923396 0.11907331730024917 0.12731086009501794 0.12738577685886526 0.12731945862155267 0.12722510927746153 0.12731831511527042 0.12738406185900647 0.1273274630816201 0 0.127270508275088 0.12729895922524653 0.1272841260553373 0.12727488546508614 0.12726102421279506 0.12726078102900018 0 0.1272542150153102 0 0 0 0 0 0 0 0 0 0 0 0 0.1377365272292944 0.12686122188741542 0 0 0.12686122188741542 0.1268612218874154 0.1268612218874154 0.12697599002534035 0.13261873757028736 0.13261873757028733 0.1507982256947498 0.14319188911013706 0.1430726583393696 0.17465334547578346 0.17465334547578346 0.17465334547578346 0.1746533454757834 0.14262290442545883 0.14257120300545756 0.17498568732226072 0.14337314099617354 0.1433804204129349 0.1432722563412487 0.1433838867583856 0.203401273026987 0.21541149677525245 0.17548385011740256 0.14326324143560704 0.14307249704393996 0.12690448704385832
0.16000214457259976 0.12722225498838433 0.12725198662305529 0.12723282953554788 0.11921055853590774 0.1273509038700036 0.12730059038467711 0.1272871534155665 0.12744522602004785 0.12733117938816646 0.1274029264866961 0.12735776435033436 0.1273621769180555 0.1274270870943154 0.12732132960978843 0.12725299907600704 0.12729020528431215 0.12728923261336764 0.12728120799534565 0 0.12728825994025494 0.12729798657381516 0 0 0 0.12731087402932842 0 0 0 0 0 0 0 0 0 0 0.13773652722929436 0.12708171396170584 0 0 0.14074481137278305 0.13261873757028736 0.13261873757028733 0.13937476145746533 0.14319741555971635 0.14307265833936963 0.17465334547578343 0.17477713337386128 0.13898560636389934 0.1389856063638993 0.17465334547578346 0 0.14335511524123853 0.14336551480782164 0 0.14341681564105654 0.1433287685424396 0.17249594603414006 0.18007845401310807 0.1769366427819893 0.14307249704393993 0.1430724970439399 0
0.143442909531653 0.1273131692999151 0.1272013757769297 0.12752009757139193 0.12747066092707898 0.12730259159999383 0 0.12719651453924385 0.12729544436028944 0.1271684898778686 0.12738377602504125 0.1273745762371868 0.12740715316127516 0.12727415593646893 0.1272097094293754 0 0.12732230220918755 0 0 0 0.12731476450713924 0 0 0 0.12732594943762623 0 0 0 0 0 0 0 0 0 0 0 0 0.12706614382717382 0 0 0.1268612218874154 0.12686122188741542 0.12686122188741542 0.12696041611897696 0.13280964389366798 0.17481155299500728 0.13400493972492517 0.17470755303097538 0.17465334547578346 0 0 0.1389856063638993 0.14169173108131075 0.1433662081032828 0.14398868092226708 0.1433831934915397 0.15262487305844974 0.1528408849887588 0.14344107740838027 0.12700746302201874 0.1432791907549541 0.18770337057956776 0
