Model Version1.4/trunk/output/2010/nh3em_man_crit_sw.asc
ncols 720
nrows 360
xllcorner -180
yllcorner -90
cellsize 0.5
NODATA_value -9999
[rows 168 to 195 of 360, columns 378 to 440 of 720]
19611515.662139196 12326480.493006678 26317532.530610133 10379575.23045179 14443065.45593583 -9999 -9999 15372821.074176442 8246711.365806807 17758434.304433946 14744745.301724399 20872343.13075467 19245372.513350558 21949894.52127605 31558005.548908785 -9999 -9999 -9999 -9999 -9999 8309240.12818743 20167915.522636604 19940543.01475426 17025098.400663827 -9999 -9999 -9999 -9999 -9999 -9999 -9999 -9999 -9999 -9999 -9999 -9999 28188753.09119796 14032606.568119112 -9999 13485981.852650335 14400049.021847233 21095868.787359964 13744267.206865907 0.0 12817823.759248706 21847304.05117335 30152100.123337835 0.0 -9999 -9999 -9999 985663.8916487565 6432592.205632045 -9999 -9999 3824921.7012695647 1687777.6860878703 2387031.2963214703 0.0 663508.7032015709 1512968.3923822434 -9999 -9999
17424034.08090661 11311195.071365884 23935535.496596403 14523911.153699685 14294694.835964132 14773814.719149781 11238882.122666474 15663020.00023961 9008981.263468415 16247698.933851521 14780451.958142592 -9999 13248163.357023783 -9999 -9999 -9999 25953126.79813754 -9999 -9999 -9999 22647882.512587648 14422777.112502614 12510520.731266519 -9999 19182690.61279999 13117774.996783135 -9999 -9999 -9999 -9999 -9999 6971928.837921325 18979055.77235191 8391960.114186117 10926384.456723923 -9999 18215840.343423806 14567502.510136263 12046617.232705371 -9999 14536079.973673878 13405007.992409658 13847452.686585715 18437308.617340088 9615944.846935239 -9999 -9999 73164092.67616758 0.0 0.0 0.0 3415437.4307838967 -9999 0.0 2717872.13863089 5119655.178651529 3832966.6913830084 3929477.3941657366 -9999 -9999 -9999 2036753.2006053333 -9999
16882831.376088742 15501425.279615132 14259669.24021855 12949156.029080035 13377582.25805574 9540164.621454773 13465782.918075107 15118317.140048005 13053152.9151619 18561944.7401468 14570040.708639398 24424328.256693296 -9999 16582703.248783432 -9999 -9999 -9999 -9999 11392853.563748432 -9999 -9999 11159136.583584018 12325050.256249242 14313660.405301422 12942299.488792824 7619439.0287582185 6869100.743959815 7046784.1460762685 8283981.310606439 4788916.3627413465 -9999 -9999 -9999 -9999 -9999 -9999 11602776.215583669 13590722.724648118 19911931.522861306 13605187.044922797 24265397.190836195 24717952.070220012 13615573.763196217 24117744.271631468 7965992.097746843 0.0 18515950.448996007 5318232.527435533 3110878.577699728 0.0 0.0 0.0 -9999 5107921.8612941485 -9999 -9999 -9999 -9999 -9999 -9999 -9999 -9999 -9999
26983977.981852926 29286391.612271804 14771536.199090272 8392280.61896425 22057922.42197582 11591258.522879906 11517361.125577033 14839277.387692539 14880496.076909708 20763857.612642605 11660051.55495301 18684251.358922627 15245923.291599523 15089861.264694128 -9999 -9999 12852423.79525249 -9999 12426651.018450784 5937058.248776187 8178098.144577134 8671589.043802377 11053839.294419046 11661010.850982944 6395709.599373827 6239312.771763946 2117977.873877736 4394985.348249792 -9999 -9999 -9999 -9999 6660758.401614805 -9999 -9999 -9999 14804918.016629286 15427310.42148067 14819862.505035458 13320401.454365555 14153526.609407282 14186962.086569143 14267294.443288505 10333627.117053146 18317710.283002444 6870335.131450719 5964591.781721975 5545216.8170008985 5759958.8814511085 2136286.675708911 0.0 -9999 -9999 -9999 -9999 -9999 9941713.354176803 -9999 -9999 -9999 -9999 -9999 65532963.059924744
-9999.0 31367777.616447706 35249330.05088948 12620700.24884093 12501268.724742088 7616563.153277647 13579070.175607065 14949830.149419244 13513088.611775221 -9999 16003267.256695988 -9999 12112364.695891252 9550068.516368039 15442478.135428471 -9999 -9999 21858071.80325908 20402834.184434623 15024075.942421429 11777875.115307756 9515258.77918907 10310504.971078996 13083195.781971946 -9999 -9999 7530628.004562305 7841192.0128631685 6158933.923768622 6863884.377570919 -9999 7160264.620042594 2786852.65227705 8243671.250861699 10838353.8766786 9450524.899994588 11066143.865330297 14176412.425354712 8181902.478036892 9548714.8857434 -9999 7321952.486716649 5967672.203162103 11781432.576875916 1279328.087082578 263472.6614342528 3395655.6765866685 6340231.94299673 1432823.9640718338 7172294.468431123 0.0 -9999 -9999 -9999 -9999 -9999 -9999 -9999 -9999 4212315.558270019 -9999 13292604.852440314 35841635.766196996
-9999.0 31321010.908360023 17138310.222834263 11576166.469221683 8952665.963949015 13709584.9006526 12447644.250612775 16874618.312462132 -9999 13213400.422933536 -9999 12614135.144568061 7611520.97077058 -9999 11592128.542368649 -9999 -9999 -9999 -9999 13866431.231398704 12656179.58345779 8904104.420660203 12600742.068143489 11419521.36148457 5323531.379927618 -9999 10653805.309110614 10793254.934008671 -9999 5499846.280112212 -9999 -9999 8136708.331693934 8502510.950866977 8288637.797667378 8435200.212965617 8864635.679973718 6769434.722021943 -9999 9464357.637828035 -9999 4556029.005416939 3497155.181273405 7855257.1205017995 3586702.8001024667 0.0 1549674.346243351 0.0 0.0 0.0 0.0 -9999 -9999 0.0 -9999 -9999 -9999 -9999 49620527.26509877 36482705.74093285 16136912.662168628 24710524.73906522 48917552.99514937
-9999.0 31661729.018894296 10165214.188896012 12602833.719760243 10300500.278014796 13084322.677315626 12287350.551334586 9890425.39490776 15555036.784180395 13014809.526468111 13761190.867518315 -9999 10189060.716562023 -9999 21768649.962046836 -9999 -9999 -9999 34249136.72872097 16156577.104360536 8593971.572003907 7457700.701530236 6978065.224434439 5829347.171062523 6516769.18514818 4856755.572168358 4917894.238729914 4280808.075225348 1049660.2166510597 0.0 -9999 5936907.649369359 -9999 8899395.39194895 9511491.126714041 -9999 9333394.495391212 10539683.386068907 11486870.879309582 8779610.6998532 -9999 4223370.546789001 5718416.977066049 3007262.785826181 0.0 682143.1128274148 8142403.08398788 0.0 973453.8394202901 0.0 0.0 719605.1526411499 -9999 -9999 0.0 -9999 2607215.1030314732 -9999 11248712.358592996 -9999 5873374.852555015 34088496.18565982 0.0
-9999.0 69175989.03435332 11973922.640013825 17230993.64039574 14616944.277970703 7111684.610354478 10053338.981923914 8453262.258605748 -9999 -9999 8047963.405049025 10407845.0391849 8456498.484476812 -9999 -9999 -9999 -9999 -9999 37811639.32924823 42534084.96711934 24938788.19666168 13569981.357944716 17784655.170744013 5146377.931010045 0.0 0.0 0.0 0.0 0.0 -9999 -9999 -9999 -9999 -9999 -9999 -9999 9272292.105167562 8364960.012329114 8402569.44572366 -9999 -9999 7335222.456603796 4055863.629861676 2444089.315093102 0.0 -9999 0.0 8807290.544903977 673475.5868545729 0.0 14877096.022422943 2646869.3192554796 1421405.1200831782 -9999 1018906.9171710253 -9999 12113556.808949957 -9999 0.0 10141784.48448828 0.0 0.0 0.0
-9999.0 34442879.0853765 15211169.829593414 15108249.969708176 21558276.841383457 13216104.600442717 -9999 -9999 -9999 0.0 -9999 0.0 -9999 59280908.30400996 0.0 -9999 -9999 -9999 47217447.34980639 31166006.903462537 14536548.149638068 22492374.32495924 0.0 0.0 6102172.147305188 4858598.355463019 -9999 0.0 0.0 1556227.441294762 -9999 -9999 5619966.963354015 4250372.90138549 12438116.251697885 -9999 -9999 -9999 -9999 -9999 -9999 4682847.428904379 5561150.778636681 0.0 0.0 5772584.378003597 11032635.93022329 0.0 0.0 0.0 16870904.055696037 5712815.059075947 0.0 0.0 -9999 1506719.384642232 -9999 170259.4675855526 0.0 0.0 0.0 0.0 -9999
-9999 45642376.40635257 17903285.000757813 22670575.403087046 26808854.186947633 -9999 -9999 -9999 -9999 -9999 -9999 -9999 0.0 0.0 -9999 -9999 -9999 -9999 37162220.27465333 27715767.445064623 34514464.55563764 23015510.767627265 27387536.866812713 -9999 -9999 -9999 -9999 -9999 4182990.503398635 0.0 3638450.8819139493 4581320.781707355 9181856.84960421 -9999 -9999 -9999 -9999 967270.1806919468 -9999 -9999 1123822.5020304697 1987669.543307628 612980.0036566543 0.0 175045.84025295853 0.0 10152891.958013402 0.0 0.0 0.0 613058.2440274137 1813626.4992489312 127155.96258101187 0.0 -9999 0.0 -9999 0.0 0.0 0.0 0.0 0.0 -9999
0.0 31901263.272298593 -9999 -9999 13063399.97000682 10861192.943960898 -9999 13451154.943026649 -9999 -9999 7862487.459007149 0.0 1139846871.981931 0.0 -9999 -9999 414504217.5463637 0.0 16302559.677175196 25611279.88738653 21771852.152987137 -9999 -9999 -9999 -9999 -9999 8606972.606626855 7171285.494953903 -9999 10414647.560065765 0.0 0.0 0.0 -9999 -9999 -9999 -9999 -9999 -9999 653110.3031667343 1063193.2512037565 40832.97735124102 0.0 6476472.198695737 2097268.296004801 139271.81029845212 7605234.550238338 2452504.0443985607 0.0 0.0 0.0 0.0 561367.1987989882 0.0 0.0 1273287.945809252 0.0 0.0 0.0 0.0 4978801.88284943 0.0 -9999
0.0 50335658.14435394 18860794.915701665 -9999 -9999 -9999 -9999 -9999 -9999 -9999 -9999 11005673.879404368 0.0 0.0 89518479.7472441 -9999 164767012.32557365 -9999 37705388.41800496 26778375.106295932 -9999 -9999 -9999 -9999 -9999 -9999 10567361.842273885 8342055.227535852 -9999 10115506.392370438 356182.37632844516 6084375.136140854 0.0 4231295.607754981 -9999 -9999 -9999 -9999 -9999 548422.8502446591 15518.53048883182 2598369.3376713274 1059532.9966508173 0.0 0.0 0.0 0.0 0.0 -9999 0.0 1125110.8693644677 0.0 183462.51677171304 0.0 213818.5962655341 12063371.055102443 1780882.669778473 533584.8702023197 2908931.165006222 0.0 1949948.7196767884 0.0 -9999
0.0 179470617.33220783 70703568.41988021 16545434.41033073 7000233.751274733 6721027.5189103745 -9999 -9999 -9999 -9999 0.0 0.0 0.0 0.0 64260056.3289109 -9999 343273176.70413005 39105318.848998494 42741943.263651974 32402149.918673288 25006132.531560995 -9999 17548960.147045325 19746665.34765757 19467571.292258054 15720346.903128928 -9999 -9999 -9999 17588645.21374331 5801977.026312943 -9999 0.0 11765021.14449555 -9999 -9999 -9999 -9999 -9999 1509257.0646004803 523919.4727169585 0.0 139023.13093373494 4772448.02749534 1456161.792119463 0.0 0.0 -9999.0 -9999.0 -9999.0 0.0 0.0 806155.4630318776 1328140.275936965 249486.24233931917 12360189.575142214 17366612.904210363 4271835.469268094 0.0 -9999 0.0 0.0 29529611.207082987
59513013.20602971 95990743.69872744 46711683.764962144 -9999 -9999 8768836.492364887 -9999 8998627.648749316 -9999 10100908.608219024 22835605.75807356 0.0 0.0 46706237.673561685 0.0 44854853.0557044 0.0 35686883.529307514 30144775.83695939 -9999 -9999 -9999 -9999 -9999 -9999 18533890.93363231 15725810.931892019 18168219.700093795 27116473.349907175 15548279.91684208 7788589.874457325 -9999 0.0 -9999 13243854.344720809 4391502.845999574 -9999 -9999 2000835.212067082 3342288.5446702424 570765.2106168163 0.0 0.0 0.0 1138662.2946786515 0.0 -9999.0 -9999.0 -9999.0 -9999.0 0.0 591205.6935073654 3461178.917809289 0.0 0.0 8628858.096423436 2339713.1205611164 2305420.855244904 0.0 0.0 -9999 0.0 0.0
92020229.91319774 -9999 -9999 -9999 -9999 -9999 9404449.396790253 -9999 5114956.189240648 9839180.88435931 13917262.894288583 0.0 126835783.24807712 0.0 42035398.944916144 0.0 9735611.011932699 -9999 -9999 -9999 -9999 -9999 -9999 -9999 -9999 -9999 19505135.417083163 25884611.592068754 20832033.324125584 16879329.58618015 -9999 -9999 -9999 3833823.3898434676 9833706.12278297 -9999 -9999 -9999 -9999 921916.5522543757 2087294.3450797647 2001642.0812809463 0.0 0.0 4280053.765486863 2852639.7034206362 -9999.0 -9999.0 -9999.0 0.0 1687879.5561445223 2780448.0786223277 9769267.625926249 9860277.912386961 5404103.583220229 0.0 1500888.4090748853 0.0 2805692.5736360704 9870120.33810749 0.0 9266018.137821343 0.0
0.0 -9999 51996315.105175756 57939208.48764853 16239560.856471466 -9999 -9999 15538627.346350186 5526729.20152427 12861524.592225289 17389360.282785926 0.0 0.0 0.0 473871518.47829396 22077255.957681738 -9999 20978272.2001744 17287382.165222354 21491194.084638435 -9999 -9999 -9999 -9999 -9999 -9999 -9999 -9999 -9999 -9999 -9999 -9999 -9999 -9999 -9999 -9999 4282882.289218422 3769270.414990737 2252647.3982884814 2996756.835314408 0.0 0.0 0.0 0.0 4027503.841819159 0.0 -9999.0 -9999 0.0 0.0 5684924.67218351 3694702.1174493846 3688583.277961548 0.0 3257056.6820848556 3368122.1470323144 1006136.661211704 3058224.108303148 2938858.050978301 0.0 -9999 -9999 75443291.67194903
-9999 -9999 -9999 41175185.54996059 0.0 -9999 -9999 0.0 4009837.398920125 18785028.586377013 0.0 266163466.33628836 0.0 0.0 21670537.683102123 17795553.827400915 20349705.632902283 19877676.589106265 18013251.49129051 15919299.842067052 15185739.210927565 28985483.39424214 -9999 -9999 -9999 -9999 -9999 -9999 -9999 -9999 14414085.83924291 -9999 -9999 -9999 -9999 -9999 3158840.318186707 3274098.194696812 2661417.664038508 9348297.618675953 6346938.701256684 0.0 0.0 0.0 3847600.5083370055 0.0 0.0 0.0 0.0 0.0 187624.05707968568 0.0 4027959.0585120968 2370590.0564266774 0.0 2951371.6862552143 0.0 9026171.240725398 3415865.7002814678 -9999 3280381.8808783125 0.0 103968780.49796395
-9999.0 0.0 16284017.14454758 0.0 11574528.445576483 1874238.9651588125 0.0 0.0 -9999 0.0 0.0 0.0 113322566.80139557 0.0 18194312.50003588 20202403.94838293 15795368.859913157 11276227.830160437 19849500.533283528 17291480.615122676 -9999 -9999 -9999 -9999 -9999 -9999 -9999 -9999 13726658.019123128 -9999 -9999 -9999 22297346.755349625 10490543.650710825 6120772.905736115 2045001.7978605288 2916248.498819581 3760519.825870267 2857992.9666382372 2322527.5014248863 3467226.4245438892 4863644.82588906 0.0 1401220.0537601528 3976633.3532992424 0.0 7724419.384332218 0.0 8209558.565033908 15176856.411321405 6373553.122648049 -9999 -9999 -9999 3910714.144785711 7351415.459513782 13077541.371471485 22484782.95943738 4836364.122182803 -9999 662596.4692363774 21668450.397727802 58443661.46980672
-9999.0 -9999.0 0.0 15271762.14221377 10093980.920424923 4776418.921835914 0.0 0.0 -9999 0.0 0.0 0.0 602830753.9148784 0.0 14786454.115395121 11414416.688004987 17341235.28238787 16251639.11774059 21059371.643323824 14226884.649060817 -9999 -9999 -9999 -9999 -9999 14868365.801616883 10998607.356578907 11312658.179341527 11245758.410681533 11914200.02787242 339524.42209176754 9831654.072263548 24673659.849243 18748655.17900201 11912194.516095279 7216709.907858961 8513926.902327804 4719192.724109679 3184864.7814783235 9722811.29648894 1683667.660416892 7286932.727627465 4172878.0118258814 8264999.149860017 8300778.203971103 4923011.443993942 30446671.3621809 13487339.06087514 17775122.427675568 41559936.909781635 0.0 5966919.011196107 0.0 747502.0116138778 1015382.7369164756 2081645.3022499743 13821514.539632648 14556211.79833146 4681377.786879201 0.0 0.0 11586412.624745212 40786020.587367274
-9999.0 -9999.0 -9999.0 -9999 324417369.0881034 0.0 0.0 0.0 41380167.76287656 34012651.304798916 0.0 495500473.4179233 6096681710.979837 35823185.06088878 13080906.997686405 19613458.585675377 14852102.854271742 19370540.86724523 17683278.076253332 18482008.887865376 15723914.701842902 -9999 -9999 -9999 15756384.896071346 15496680.327751646 14971309.187978052 -9999 14446873.155371962 15169399.572296191 15184705.981234595 21138447.081640203 24382024.603407606 18216477.306990016 6591250.039937172 6621648.451034374 2429439.3164849128 4043238.9622336775 -9999 8351397.467176092 0.0 10606815.302639265 5434200.187860966 4912166.472019584 16910469.62094496 4443744.467144894 3168343.1919973865 7308387.110286425 30880940.228231255 12277957.740441889 29107600.638118636 0.0 0.0 0.0 2280232.673430767 7151007.6682501845 2736245.526473859 2801284.3873514445 4749413.443020021 1430005.91232804 388078.04890336766 42673872.14720303 -9999.0
-9999.0 -9999.0 -9999.0 -9999.0 0.0 365800666.6462408 66343233.075667456 0.0 73282905.37840658 0.0 30470595.215539113 200670156.09850377 0.0 7942819.433132136 18095451.35021982 13831241.948775671 15276251.903429767 17434468.107941624 14681596.409663945 19419147.246779796 13883505.076989993 10461694.47759882 8180685.369206867 8762634.815715985 9715768.44685607 10909671.443184856 14102544.057729978 11634222.925365536 14853716.12852513 -9999 11352062.242119174 21722068.55769691 17216900.762068182 13965947.416884677 11693480.426370494 7579526.25175059 395203.1146304661 6399969.7054905845 7428655.426208203 6133711.201041616 0.0 1929757.4450859819 4608051.337216933 2142576.5020775264 21268492.864046358 7042115.456251582 1587098.8498733824 2074261.855048013 8521761.773019368 9001673.02499777 5082799.462783229 1303713.614603381 2944160.3577606427 1108958.4956095424 6009748.015759676 7449327.061023402 7994929.232680108 1176287.2605481124 3361084.95747014 8514321.082885114 2369252.392848871 0.0 -9999.0
-9999.0 -9999.0 -9999.0 -9999.0 -9999.0 0.0 420506022.6343323 12392761.469088752 10660016.832718404 13193497.017763054 16187800.247331679 280415992.5003756 12986188.27429031 22632295.985383302 19456992.911919087 12938718.959267652 10485626.877033139 9696684.45233828 16747331.46675603 15076349.145841058 17237047.197146833 10077859.848029267 10798088.680753762 13802648.17759362 8103065.384237426 7174367.460121303 6119407.518975715 12392433.793891607 9037181.220868386 13366378.111027306 12746996.465597378 14562517.281314643 10561955.311981227 15782224.431404492 11572100.52138726 6936385.107829689 6737705.058088823 -9999 5750172.62513312 5847347.837820043 -9999 0.0 5881778.4086025385 -9999 1401609.7854407039 0.0 3901532.766508245 4779914.936018674 5332335.392019984 475097.8459861143 5516522.240045508 8659759.10518912 2378591.268762438 2441753.2782356613 6806564.13238019 5875862.280862054 4510116.781105324 5551442.144502678 2411525.39511102 4568056.328576607 24290588.807172462 -9999 -9999.0
-9999.0 -9999.0 -9999.0 -9999.0 -9999.0 -9999.0 39357631.8503408 10600696.296235796 6911569.384326186 9818185.89025782 13559769.33424809 14752592.462375727 14184935.601546228 16320334.731045347 -9999 -9999 12019022.911401113 13097506.248837616 14805926.174721671 9806249.789062593 14379048.120577589 11109969.248765232 13167388.87126175 15030197.660898218 5617935.207552132 6025257.627228607 8741339.180776777 12262057.111284582 12631397.297048233 12962127.712568615 12099141.790890466 10708833.639371369 11522424.116370792 11335540.317561889 15099657.76871654 5308430.48814555 3511340.176358662 -9999 -9999 -9999 -9999 0.0 7166355.405361104 5239995.285860736 7666782.602128536 6307434.37789907 6355428.524702801 313701.2132359408 7046460.387570179 0.0 0.0 2010490.3408858024 0.0 1498913.4018803984 2650437.0921919197 0.0 2366197.4078143523 7133080.645812247 5017413.451206811 0.0 31175121.549097918 7198582.654286937 -9999.0
-9999.0 -9999.0 -9999.0 -9999.0 -9999.0 -9999.0 20082385.620883163 13830019.732206568 7631601.105263217 5423852.174472205 12005754.789504174 6490554.657264184 19075902.170918815 -9999 12797455.725974146 9924005.598947221 11321124.21465702 12698471.881021554 11979007.322862089 15361548.306638084 14658767.748968137 14618821.01076032 10034967.541074337 12159295.46817838 8268043.630679205 7823586.714272379 5855799.504312751 12883952.150496915 12811834.25958528 5527985.232684304 12251371.986471158 8537457.817444997 10625048.774238354 9917177.806380525 14175178.058465235 11843605.740424361 10463201.281123638 4476612.666420152 2921224.707761718 915789.0773644609 0.0 0.0 5060617.947667472 6138453.615863682 0.0 5600976.3924744325 9060334.853213094 6445918.273625244 0.0 0.0 0.0 2941696.8081855536 6420261.8626086265 1808329.69299097 1141000.441298527 5162048.305367087 0.0 0.0 1318006.033702027 2233824.909198617 12525339.614745647 -9999.0 -9999.0
-9999.0 -9999.0 -9999.0 -9999.0 -9999.0 -9999.0 17069818.984705158 12125926.6493765 14255209.720012506 4066768.5408226247 9626798.249576392 9145112.326168388 16368143.163126737 18319263.688035563 10245729.433882624 13013303.803105148 7126249.424024906 15324687.640693093 17738078.704695273 21558730.532662082 13822902.194589343 17463106.446062207 16815102.9531044 6618275.673117911 7050779.408526703 8787184.098629005 7146284.0089825075 16411136.166519301 15050961.412213692 2993248.856027908 12096818.914934805 11690211.881933957 7794984.014125103 5200966.901143917 7835213.916893732 17307253.690932136 21295453.67268502 10111690.560978994 5552275.572897075 -9999 0.0 0.0 4376162.244220301 3817782.3160142736 3344533.526001208 7727314.947977691 14338970.13975738 0.0 0.0 0.0 2143810.384811929 0.0 0.0 2429448.9262166065 0.0 1737267.1735267357 0.0 5335309.8602653425 0.0 2798506.9219325404 0.0 23137678.729793716 -9999.0
-9999.0 -9999.0 -9999.0 -9999.0 -9999.0 -9999.0 -9999.0 0.0 0.0 8490716.938319692 11451584.58167603 11159455.675341608 13386876.1761658 20450102.822419252 8155072.196328026 -9999 -9999 -9999 -9999 18296029.56075762 16965341.70990143 -9999 -9999 12003952.676712029 9862083.2755554 8661000.147402084 12861737.501648717 11730773.24131396 14421460.254721386 9600153.695312284 8398973.249798382 13137085.793457838 7140554.393454645 10945950.675917361 3055599.7824569913 7931692.015285904 15803169.647024237 19757368.713767342 -9999 -9999 -9999 -9999 0.0 8142518.238007645 23303810.955194745 3784879.5960248304 3710106.092080981 8104751.653352125 0.0 3291242.9601543876 0.0 0.0 0.0 2633273.465871273 1065974.0476995471 0.0 12537262.067871938 2568697.0515233553 20481984.509798117 13545445.588880384 0.0 -9999.0 -9999.0
-9999.0 -9999.0 -9999.0 -9999.0 -9999.0 -9999.0 -9999.0 10563002.009222247 0.0 8117664.814028153 9074283.434936218 9337548.889834242 17708282.808107715 -9999 -9999 10134303.843695506 9330607.633639505 3755343.2596820006 14128022.000350174 18274802.37779395 -9999 16261151.409708072 -9999 -9999 -9999 15471020.305131506 17065484.137027085 -9999 18933066.74138592 19119638.394618325 12596083.81696318 16922635.745310955 14197119.74756226 9569209.961409215 -9999 8610018.938770493 10822024.601351291 17015738.301911037 9712226.826486016 11670610.583634537 6436620.856876275 2486151.951671683 -9999 4188199.611936732 4702404.722930893 6191062.37414126 -9999 523765.7382364147 9001735.544590877 5693162.163188622 6202623.9080158 9288690.644840574 8471274.355584085 0.0 1548895.591984897 719758.1540862201 7310077.391104323 9153425.027015578 33596934.738989435 3845633.5077764527 17053407.46667515 -9999.0 -9999.0
-9999.0 -9999.0 -9999.0 -9999.0 -9999.0 -9999.0 -9999.0 -9999.0 13970078.55500942 10846997.9917603 7025394.067208981 5583796.925399673 12978643.543495206 -9999 -9999 12500532.601810778 6408748.822876271 -9999 -9999 -9999 22311599.71998075 20671367.28842332 22460967.169636305 -9999 -9999 -9999 -9999 -9999 14155433.030939138 15402965.234685518 15299189.408978852 13389506.138652122 13386499.200156176 -9999 5853525.864483929 5058682.028114647 6808493.0122794835 382141.44662021386 7984563.780364236 -9999 -9999 7455895.372177864 0.0 0.0 5474379.56086086 0.0 0.0 7277776.220357566 4056625.776110959 784848.7838044415 -9999 1691838.7989482903 1438006.518054729 1838063.9577571002 4581750.188449516 3870181.697996397 9574756.030713595 14821540.053998146 36467039.57877016 19186864.037040066 30654073.21148265 17272709.267735727 -9999.0
