Model Version1.4/trunk/output/2010/nh3em_fert_crit_sw.asc
ncols 720
nrows 360
xllcorner -180
yllcorner -90
cellsize 0.5
NODATA_value -9999
[rows 168 to 195 of 360, columns 378 to 440 of 720]
40028766.09613804 24021514.89329062 523951.3598594198 20211103.71682006 28629755.913778707 -9999 -9999 30517723.982349094 16364288.576496867 36035111.65700574 28655362.033777446 0.0 0.0 0.0 0.0 -9999 -9999 -9999 -9999 -9999 0.0 0.0 0.0 0.0 -9999 -9999 -9999 -9999 -9999 -9999 -9999 -9999 -9999 -9999 -9999 -9999 356361.8356228691 10533033.581321064 -9999 11686613.161765853 12508245.27291112 12890356.672855461 10129862.338788826 0.0 9426362.961002326 17281075.49683524 24268449.56692052 0.0 -9999 -9999 -9999 3541.453748482822 1779.2646638275476 -9999 -9999 3346548.4663698236 1276792.1992947846 111980.42821745352 0.0 513540.63592368073 1190516.2128417431 -9999 -9999
35475227.92464018 22551578.342800856 827599.4241848725 28509277.30694002 28465290.23373667 29542874.330785546 22463786.760009177 31234730.426962472 17993073.01893774 32331223.08101634 28683363.133576106 -9999 0.0 -9999 -9999 -9999 0.0 -9999 -9999 -9999 0.0 0.0 0.0 -9999 0.0 0.0 -9999 -9999 -9999 -9999 -9999 0.0 0.0 18939078.031337034 0.0 -9999 0.0 10897646.395525608 8606712.467502207 -9999 10644290.63694894 10019523.653912418 10370271.423149815 12284287.204750791 6916635.592856811 -9999 -9999 346686.6130479859 0.0 0.0 0.0 34279.90878319848 -9999 0.0 1909760.854672075 3419900.281970309 3335496.862936948 3348842.624989253 -9999 -9999 -9999 601.7132984523344 -9999
34185555.54377605 30816935.459340252 28881472.13551394 25748912.315150052 26697546.342093837 19127210.745418716 27012101.031362984 30346353.199942354 26177239.205167305 36037817.22837906 29036231.85752324 0.0 -9999 0.0 -9999 -9999 -9999 -9999 0.0 -9999 -9999 25059727.427203074 27794910.370722238 0.0 0.0 0.0 0.0 0.0 0.0 10810304.55670734 -9999 -9999 -9999 -9999 -9999 -9999 26049694.61921387 10160161.100765446 1069554.2759034403 9958479.087348718 664466.2948699066 398184.10305828025 10423793.272217661 726842.3287095353 346201.4263089083 0.0 376737.4487653134 4197722.801686992 2444090.0462100785 0.0 0.0 0.0 -9999 0.0 -9999 -9999 -9999 -9999 -9999 -9999 -9999 -9999 -9999
930901.9556144767 492963.4190143828 30032693.897276986 16993014.34592611 1152444.1975433119 23310370.59075366 23039823.94086201 29449803.15443016 29616762.016662214 41788107.08512057 23407011.744059477 37289643.476689436 0.0 0.0 -9999 -9999 0.0 -9999 0.0 12827906.10745108 18789305.88577546 19462446.417379692 24804365.426025692 26150017.731748473 14338881.47764353 14005986.55771953 0.0 9869971.964135611 -9999 -9999 -9999 -9999 14943444.797525236 -9999 -9999 -9999 33250458.550818972 34658301.92625582 32155597.724922236 29103875.783851407 30932806.99391688 30978704.43544104 10921143.661832351 7738521.560719461 537593.680749922 5420775.458518114 4549889.6061162455 176526.09968304815 188724.5036973248 47378.6508216653 0.0 -9999 -9999 -9999 -9999 -9999 8655034.318594946 -9999 -9999 -9999 -9999 -9999 46047893.77824082
-9999.0 63119656.73083208 800997.1226287449 25567943.082822792 25010006.044253957 15141168.151313508 27275685.80258988 29776164.932273693 27056141.19214815 -9999 32073628.118534993 -9999 0.0 0.0 0.0 -9999 -9999 0.0 0.0 33648787.138090305 26307300.25598575 21024685.23404678 23975069.22440831 26989835.6622895 -9999 -9999 16904777.27399178 17613474.66612459 13827561.903385606 15414335.424852705 -9999 16071287.959666463 6249642.938699297 18501879.450742353 24328221.30166051 22732082.347814836 24844096.007533967 31854877.44863704 18391336.814548116 21032197.402001135 -9999 16662538.22873435 13265217.643500658 780260.5911517874 2658.134036321551 19545.14465013674 136185.8766421141 259695.42248753828 973.1132201627436 6441.457540717089 0.0 -9999 -9999 -9999 -9999 -9999 -9999 -9999 -9999 3637151.1101568285 -9999 12145267.754411938 20792906.517177697
-9999.0 64056724.37944365 34344991.65758766 23266409.98393272 17892957.041161675 27507163.119113944 25021253.180023298 21387104.885329507 -9999 26554175.07622514 -9999 25214401.606611732 15180497.472767232 -9999 0.0 -9999 -9999 -9999 -9999 31077384.381050248 28693657.37367284 20042157.03972174 27157537.53929448 24615629.423103414 12758825.030615294 -9999 23916721.8333 20366643.475016415 -9999 12371386.815532967 -9999 -9999 18257080.115566283 18998186.30746615 17964111.486802593 18927517.481710345 19571980.600400813 15108585.835924132 -9999 21264750.920292694 -9999 10040896.170583822 7847616.510392142 84169.64087687932 31502.79364575702 0.0 65741.5878979038 0.0 0.0 0.0 0.0 -9999 -9999 0.0 -9999 -9999 -9999 -9999 717628.9169778265 21290454.110517994 9152303.67398282 14474594.386185173 1922868.20381948
-9999.0 64222293.75440319 20413243.539557084 25164799.38029907 20454760.080311283 26121658.982532747 24696562.682286333 19947438.013899695 31420745.59747856 26184722.474095996 27586597.105483063 -9999 20361619.54914408 -9999 0.0 -9999 -9999 -9999 9003676.07472426 36249972.4434706 18997070.092937768 17049247.965567823 15521121.010793567 12934404.654834354 14222290.061425222 10906229.77688921 10935335.04189754 9468565.206727559 2359733.678735712 0.0 -9999 13326507.629450966 -9999 14132808.110329753 21355946.155316744 -9999 20576077.422198553 23396131.996768117 25815151.503189918 19729402.227036133 -9999 9487693.51703765 12952273.422068777 6672351.302939265 0.0 28386.388190063328 60226.3338198458 0.0 41463.65837710121 0.0 0.0 31447.07016713292 -9999 -9999 0.0 -9999 1440164.859654636 -9999 7024856.058228952 -9999 42559.423986222086 110174.8239929118 0.0
-9999.0 139448572.78939232 24133013.642420467 34538900.06608854 29473806.253028393 33181197.66351525 46974333.63690353 39289786.47546363 -9999 -9999 16176577.861314707 20892883.107887294 16941327.056551326 -9999 -9999 -9999 -9999 -9999 92833818.70538062 97875086.0779642 59688555.36999766 34115046.20551434 43734306.66456522 12286360.124741253 0.0 0.0 0.0 0.0 0.0 -9999 -9999 -9999 -9999 -9999 -9999 -9999 21867002.09807347 20103976.405878343 18876938.167666513 -9999 -9999 16378230.276945788 9197391.048417268 17091.429959383826 0.0 -9999 0.0 62514.64604450375 4779.245896756799 0.0 21909.812009243702 5977.215324318133 812286.4386984828 -9999 594554.0070601304 -9999 6547159.161049077 -9999 0.0 157446.84837146715 0.0 0.0 0.0
-9999.0 0.0 0.0 0.0 0.0 61366755.17737859 -9999 -9999 -9999 0.0 -9999 0.0 -9999 14685778.326601861 0.0 -9999 -9999 -9999 110743858.4169631 77331276.8747327 35861514.3627062 52566068.89859434 0.0 0.0 14534376.998038076 11517638.441508312 -9999 0.0 0.0 3721757.665987686 -9999 -9999 12481424.57814695 10074363.853997404 27741641.642287627 -9999 -9999 -9999 -9999 -9999 -9999 10472918.693307158 27814.50180467844 0.0 0.0 237384.33945870312 68986.42734085364 0.0 0.0 0.0 45170.268139120286 245835.1916619689 0.0 0.0 -9999 798486.2973261181 -9999 0.0 0.0 0.0 0.0 0.0 -9999
-9999 0.0 0.0 0.0 0.0 -9999 -9999 -9999 -9999 -9999 -9999 -9999 0.0 0.0 -9999 -9999 -9999 -9999 89805746.47625728 63363668.76982609 75407124.3412853 51439617.27607478 58605432.60196075 -9999 -9999 -9999 -9999 -9999 9953594.324335663 0.0 8028400.908884147 10210628.588955048 20418871.157615963 -9999 -9999 -9999 -9999 2159852.6210126695 -9999 -9999 2524112.513906424 4506598.364703762 3197.258186210989 0.0 7245.397042093645 0.0 52524.34868597001 0.0 0.0 0.0 4075.0992023347344 912634.4620469161 64579.34191183282 0.0 -9999 0.0 -9999 0.0 0.0 0.0 0.0 0.0 -9999
0.0 175755084.64434963 -9999 -9999 60494609.217976876 50441303.79680797 -9999 62166637.56668694 -9999 -9999 36702377.09136697 0.0 283100733.8694584 0.0 -9999 -9999 103282917.36924015 0.0 38743696.70461348 59121304.354019225 52994811.47975358 -9999 -9999 -9999 -9999 -9999 19254399.66032927 16017240.261763318 -9999 23532580.259557758 0.0 0.0 0.0 -9999 -9999 -9999 -9999 -9999 -9999 1473907.066302259 2403352.7620791923 91728.67761519161 0.0 268281.52044734714 86962.4677778035 5925.80178309448 38188.38866187666 18392.42530243364 0.0 0.0 0.0 0.0 85300.55786955253 0.0 0.0 660487.4650149303 0.0 0.0 0.0 0.0 0.0 0.0 -9999
0.0 306364.29050457955 71501161.13801768 -9999 -9999 -9999 -9999 -9999 -9999 -9999 -9999 2733276.7836710773 0.0 0.0 22318187.957679003 -9999 41162989.95904439 -9999 83396505.71916458 58339309.08347375 -9999 -9999 -9999 -9999 -9999 -9999 23541664.322457116 18585064.59829131 -9999 22561800.09388912 821744.6217198482 13318689.827093584 0.0 9481898.856283523 -9999 -9999 -9999 -9999 -9999 1255603.0110195219 119.14143491201472 5649282.373850377 45036.58956964972 0.0 0.0 0.0 0.0 0.0 -9999 0.0 224320.18857433047 0.0 94112.65743061766 0.0 21365.783171067487 488208.7652008073 911939.6406655572 280563.2417700811 19011.139574259123 0.0 0.0 0.0 -9999
0.0 812595323.0090812 318621588.39958465 75107344.38976076 32197458.78078611 30519211.042560264 -9999 -9999 -9999 -9999 0.0 0.0 0.0 0.0 15998018.983061114 -9999 85418468.41516584 91018283.8704042 94581104.33839825 67845955.02329654 54013925.79895056 -9999 38562926.311148405 43951809.60849939 43283503.11416653 34988062.33804775 -9999 -9999 -9999 38853304.09543149 12883787.911279427 -9999 0.0 26260467.468783278 -9999 -9999 -9999 -9999 -9999 3376425.3476055786 1043540.6554642151 0.0 5687.8241166997295 43313.31501050301 15226.719316440267 0.0 0.0 -9999.0 -9999.0 -9999.0 0.0 0.0 444052.78663417994 610687.5591378536 33447.57965343888 566585.0209774291 748701.1528168967 629114.2443120463 0.0 -9999 0.0 0.0 16918884.50393462
275531474.7703298 432679506.06733626 208766388.5461509 -9999 -9999 39793800.521061845 -9999 41592816.05570731 -9999 47170880.133229055 200744.52337243987 0.0 0.0 64630.73069627744 0.0 11052983.385755563 0.0 84895042.6414628 70143659.87152083 -9999 -9999 -9999 -9999 -9999 -9999 41181598.09537728 34973559.45597391 40345917.88219898 60259107.67772162 34462402.756516926 17237542.73553573 -9999 0.0 -9999 29579925.533799175 9851384.687425489 -9999 -9999 4495778.342762825 7503841.5847017635 1281597.1204003205 0.0 0.0 0.0 45782.99213868735 0.0 -9999.0 -9999.0 -9999.0 -9999.0 0.0 121383.56000278336 658050.6325019784 0.0 0.0 609446.2692774495 387694.7995902758 285117.2639827657 0.0 0.0 -9999 0.0 0.0
421359015.6018746 -9999 -9999 -9999 -9999 -9999 43167487.40023899 -9999 23698387.681545746 46171339.6224926 65824297.85646263 0.0 58458.22811553398 0.0 55537.2178797786 0.0 21215075.12417637 -9999 -9999 -9999 -9999 -9999 -9999 -9999 -9999 -9999 43307751.42643132 57492221.05242395 46220959.8041269 37449847.30273917 -9999 -9999 -9999 8521478.336449482 21883788.883833416 -9999 -9999 -9999 -9999 2130559.71541011 4581326.251265519 77727.37427334987 0.0 0.0 5220691.808856125 3494231.1839827145 -9999.0 -9999.0 -9999.0 0.0 222310.52710972712 1518132.7743404726 5364816.928191123 4746069.750628825 2865951.312660364 0.0 144072.71995017046 0.0 312522.98997064115 288130.42925190297 0.0 5406920.024284031 0.0
0.0 -9999 234397314.46336883 260769908.292905 74323689.21307468 -9999 -9999 73093082.83576798 29367912.39923242 62496654.46428862 82317293.05009428 0.0 0.0 0.0 116561280.64593428 48186425.68962695 -9999 46431639.6689499 39339322.29465968 47576286.05053478 -9999 -9999 -9999 -9999 -9999 -9999 -9999 -9999 -9999 -9999 -9999 -9999 -9999 -9999 -9999 -9999 9606616.297615161 8448538.532885877 5049120.75166661 6592774.518503324 0.0 0.0 0.0 0.0 4890826.148718274 0.0 -9999.0 -9999 0.0 0.0 521453.4965984161 4498973.494274305 4357585.99592031 0.0 1866596.8368472212 1612089.7743993262 507130.042373888 375339.8610176635 347093.39175973204 0.0 -9999 -9999 43967547.06776017
-9999 -9999 -9999 185191639.28566614 0.0 -9999 -9999 0.0 45526015.0425745 88864288.27652192 0.0 66386673.21806352 0.0 0.0 47386092.028016694 39436272.28982289 45076933.43404179 44017391.882859 38568495.52711099 37103596.68260671 34109541.01292527 59063947.55801802 -9999 -9999 -9999 -9999 -9999 -9999 -9999 -9999 32031567.84384186 -9999 -9999 -9999 -9999 -9999 7073795.1127411565 7343355.14073039 5971130.732441502 55822.29606205548 3141.557477337768 0.0 0.0 0.0 4579428.099571517 0.0 0.0 0.0 0.0 0.0 228862.56219815544 0.0 4630890.191078758 3145595.404173366 0.0 1547963.892691492 0.0 353138.11702602654 264481.4745078589 -9999 53252.45980158886 0.0 55336916.00956698
-9999.0 0.0 73934594.87900671 0.0 52713291.715145536 460668.0904569087 0.0 0.0 -9999 0.0 0.0 0.0 28264807.521339554 0.0 40456640.81703308 44855993.55935399 35039729.71874908 24983639.358744677 44013201.95396202 38251017.3939233 -9999 -9999 -9999 -9999 -9999 -9999 -9999 -9999 30515081.957812045 -9999 -9999 -9999 49239319.06393759 23281131.800610967 13655533.80258129 4794478.572097131 6528823.008854379 8447750.104521805 6551753.704680325 4913214.417736118 79310.53834584016 420550.17667146755 0.0 1692961.8772104506 4837892.036448685 0.0 686851.9305753707 0.0 1049311.9482684904 1872787.8966270469 632200.959191338 -9999 -9999 -9999 5144406.151811624 9106493.217961317 154180.76069037354 12085029.593934461 2630779.701189915 -9999 9182.860560070932 10184979.37634588 29860343.03080913
-9999.0 -9999.0 0.0 69878583.07700878 46441017.102538876 22033468.660543 0.0 0.0 -9999 0.0 0.0 0.0 149961190.80051333 0.0 32895039.8726348 24166216.29809131 37871494.01576428 35595446.07170559 45460300.9170008 31469341.61087933 -9999 -9999 -9999 -9999 -9999 32836165.780229755 24286902.259018026 25057476.70103713 24966687.224438876 26401101.449099205 754937.954108591 20442268.815659277 54984234.95803162 39770000.47227605 26182578.007194594 15922786.65823805 17079564.25290443 10595591.068631358 6931548.5119654285 16131075.051806727 36226.1920260834 416585.4689063278 259516.57732938015 158928.51273357746 10028495.993614033 5947030.04997214 2220736.5694776936 1013109.8580991953 21773139.199267577 4026344.311321861 0.0 7225277.761918041 0.0 864797.4799071016 1267200.5457904276 2494079.9405094124 960320.9409962766 1105497.8946588158 2536235.2599375634 0.0 0.0 6189927.476197563 3883707.476806932
-9999.0 -9999.0 -9999.0 -9999 80157730.77429716 0.0 0.0 0.0 15472.649801634405 46728.44871786023 0.0 123145967.12157586 1560230864.7886038 69870.42447881452 29113250.20378584 43418825.45165194 33580458.503832996 42263071.8098891 39760906.33226428 40882200.93118087 34867714.40016281 -9999 -9999 -9999 34928604.277545474 34352766.86739703 33267181.604075808 -9999 32129042.764778864 33701285.981693804 33589021.889013246 47015240.26786615 54352585.33294248 39951022.174077876 14871047.109684804 14369819.158526208 5451940.248693073 9063681.743788438 -9999 14799845.86406444 0.0 449551.0241432463 139607.76697327758 5898607.271005215 20280795.171547763 5354039.330608082 3818603.5093834028 8888467.892703965 3648309.3014352103 15033170.157002892 35666768.41430369 0.0 0.0 0.0 2796425.013393136 8879012.22044462 3452202.9635292683 3508468.778587867 2598390.1415010155 750174.5887298096 29852.1391635409 6016570.859007591 -9999.0
-9999.0 -9999.0 -9999.0 -9999.0 0.0 91344747.3121217 16426184.57345927 0.0 19848341.363348935 0.0 34999.19052328213 49726100.0379243 0.0 19153137.10202545 39083533.52054085 30843342.353672955 33839279.904795684 38148831.011822015 32346909.89909911 42943659.98393308 30771375.110901035 22588158.123485614 18091328.34431175 19117834.73637763 21525091.895736255 24196446.502109054 31265741.892325822 25816256.100780945 32930776.892278593 -9999 25242771.491525028 47652099.558046035 38396241.269231014 30990626.217730455 25671547.955298483 16694915.949489987 887998.6753615036 14361744.937868573 16665076.529567823 13834367.849848405 0.0 66191.76265038936 5573863.041584906 2589474.8850763147 25186205.61827668 8528403.039802695 1925955.5445696623 2522900.6149275643 664802.8625667542 11104745.719143346 411387.63041462103 99268.92425192961 3194595.0259276247 1353029.6745221282 7388751.941821438 9102312.969863126 9479501.841928652 1481233.0406436517 4264437.50602488 4668802.192058326 1266838.5520830385 0.0 -9999.0
-9999.0 -9999.0 -9999.0 -9999.0 -9999.0 0.0 105072996.78888048 6068016.57305587 23694587.990153976 29341470.998811178 35983311.99500248 69382920.12633018 28858404.717246525 40637090.73181405 43388488.09565978 28807286.154656786 23165861.337173168 21332556.272247534 36657275.68852784 32849505.556475416 38391217.6048424 22343047.09863822 23956076.023374233 30675186.71048094 18005898.173361294 15939743.762799216 13583225.278832426 27567502.852207974 20046656.884513974 29724028.407979485 28322869.058600493 32388617.584985487 23440803.32786298 35027669.05788368 25742161.589094907 15453224.380542131 15109172.08436005 -9999 12464365.723187154 12488911.965956599 -9999 0.0 7148539.721094527 -9999 1686067.8692263556 0.0 4724343.687371917 5862719.13391983 6462188.298122989 578272.8907350247 6696571.608346381 582544.8121009007 2889256.5321182925 2913728.1665739086 7908160.622376693 7191750.269547758 5509524.514302305 6905753.217313943 2958547.0284503167 5761027.142402084 31435761.388455115 -9999 -9999.0
-9999.0 -9999.0 -9999.0 -9999.0 -9999.0 -9999.0 19908305.459771175 24277120.469687555 15332092.409633812 21437714.797333345 30096116.73717365 32275439.481868647 31868172.41666419 35985112.01340256 -9999 -9999 26543196.55060513 28761012.12721794 32591393.708633915 21704622.588539712 33406763.207942158 26286280.0352612 29342523.011700496 33518313.812064495 12515904.7106237 13438336.696403686 19335211.269627806 27301983.771598637 28085595.663357954 28787798.300332256 26940959.62641811 23823248.919171374 25633002.713207558 25211004.994700357 33582159.0665009 11899871.241686692 7852132.318330179 -9999 -9999 -9999 -9999 0.0 8700993.011283644 6342449.205649832 9216773.025680995 7639957.985523095 7704052.599424478 381423.07485030056 8492175.687021323 0.0 0.0 2414172.6674146503 0.0 1834166.4883021947 3056059.9988570083 0.0 2890457.928426368 8853233.380836586 6272518.9786551595 0.0 39536037.111191265 9108357.755397225 -9999.0
-9999.0 -9999.0 -9999.0 -9999.0 -9999.0 -9999.0 11496941.664382564 32774884.208117444 16248094.976641782 11902779.200697681 26904841.243843727 17915712.50872235 42661125.580651864 -9999 28356055.534796264 21928355.04013404 25001773.432165843 28191439.77593268 26437913.13487719 33672901.938621216 31006870.290632464 32623694.53166438 23032443.861419577 27088185.802489493 18776303.793684725 17619090.018410012 13110347.138503697 29622256.069412243 28381924.91307167 12307271.819328837 27307103.324988518 18991101.69687812 23635355.390273158 22053380.504520543 31576760.28107947 25721497.419633485 23305886.578256305 9975885.753512464 6527031.721523642 2049923.6952912635 0.0 0.0 6105009.055379449 7569188.463383414 0.0 6748470.787787504 10943378.198398644 7799700.206607644 0.0 0.0 0.0 3585271.991898568 8445626.016914597 2226950.999946747 1488674.5989337855 6245286.829623894 0.0 0.0 1664568.6714921687 2813515.756076455 15883880.910097746 -9999.0 -9999.0
-9999.0 -9999.0 -9999.0 -9999.0 -9999.0 -9999.0 8293376.775816 7270517.615963185 7405370.867057411 2063210.6242614696 4815521.987653921 4509231.546710678 7434492.829741257 9036661.69127065 6119949.036512023 28658339.67982615 15764702.828318972 34156290.82933495 39250390.01760049 47608869.02956151 30989825.9084392 39062762.912574776 34673768.5636977 14980334.987249024 15762259.85956415 19798017.066201113 15678127.225419085 36494242.374549456 33333320.68011325 6624342.540965265 28182915.84415439 26049159.35227746 17331823.079503257 11564880.06205677 17412309.278362956 37504591.30154565 45483487.92792127 22465220.6384202 12417504.871865073 -9999 0.0 0.0 5271963.3793024095 4695444.304954145 4043215.2179604084 9707390.163434977 17365952.538742512 0.0 0.0 0.0 2542262.4579079435 0.0 0.0 3001414.8992989524 0.0 2111838.718236765 0.0 6766891.507073605 0.0 3685038.327347911 0.0 29067569.193541367 -9999.0
-9999.0 -9999.0 -9999.0 -9999.0 -9999.0 -9999.0 -9999.0 0.0 0.0 4225951.572882834 5640945.831385473 5410053.073006187 6384089.651687818 9754795.522570996 4903959.844087944 -9999 -9999 -9999 -9999 40170271.63057224 38139765.21648234 -9999 -9999 26557272.462750595 21564344.315196224 19988888.033157602 28436692.42132872 26764681.62114936 31706986.91484809 21451849.15720129 18041879.427879415 29251932.360972382 15904898.49697257 24427894.004619617 6787509.513609326 17607071.688676983 35078629.70061823 30575249.453343116 -9999 -9999 -9999 -9999 0.0 9864881.666050816 28229562.222042203 4576438.392582048 4488483.384126769 9256166.4327443 0.0 3748833.897975915 0.0 0.0 0.0 3260864.69025391 1318257.9477180252 0.0 16243884.626550559 3348977.0820346964 26267949.784505554 17905428.83609225 0.0 -9999.0 -9999.0
-9999.0 -9999.0 -9999.0 -9999.0 -9999.0 -9999.0 -9999.0 5930107.324055921 0.0 4102926.595980456 4516664.188581456 4524317.674285304 8339067.141866926 -9999 -9999 4910863.876271427 20463964.90284088 8357597.488948349 31530653.174209673 40611812.80973937 -9999 7877636.948352367 -9999 -9999 -9999 34834914.82424663 38391681.6696308 -9999 39794242.56070939 40689014.88779506 28196082.53144135 37756651.31391599 31660742.111311786 21290407.062596615 -9999 19162528.10810978 24633400.432844073 37762939.50350039 21678783.44143669 26269274.142393205 14424950.936722077 5636176.198300169 -9999 5066341.856611131 5683435.068351067 7506036.50120973 -9999 478015.9347017041 10128972.088101376 6313154.908182792 8159323.798379241 12218947.906348119 11143665.346284254 0.0 1877587.9203400016 871681.8371676184 9163639.461049875 11139785.17472313 42203070.46044024 4782940.446012478 21601089.15815733 -9999.0 -9999.0
-9999.0 -9999.0 -9999.0 -9999.0 -9999.0 -9999.0 -9999.0 -9999.0 5792209.589277113 5698195.002545338 3494429.0794119714 2660318.726994263 6084002.626821573 -9999 -9999 6041545.388864248 3175772.4659310756 -9999 -9999 -9999 50128778.6220732 9929536.678484932 10827117.422019664 -9999 -9999 -9999 -9999 -9999 31672840.15054631 33654729.80271016 34178752.00197373 29898916.382408343 29854686.468368426 -9999 13020611.67450478 11167009.993572168 13606320.812146239 852658.2249654846 17802236.09860042 -9999 -9999 17138900.795514334 0.0 0.0 6016284.331341122 0.0 0.0 6907310.316262313 4856334.263716993 926698.5368782546 -9999 2083296.0837214561 1711715.0033167605 2172489.8784795273 5528348.312202072 4681323.884000937 12215278.346712604 17391772.90374371 45392392.88248057 23765817.162718 38576244.49468164 22027142.704230666 -9999.0
