Model Version1.4/trunk/output/2010/nh3em_crit_sw.asc
ncols 720
nrows 360
xllcorner -180
yllcorner -90
cellsize 0.5
NODATA_value -9999
[rows 112 to 139 of 360, columns 504 to 566 of 720]
0.0 0.0 0.0 0.0 0.0 0.0 0.0 0.0 -9999 -9999 -9999 0.0 -9999 -9999 -9999 -9999 0.0 117343.04143745484 -9999 -9999 -9999 2831920.739551107 1023834.016056657 2325427.5131023913 2222092.5991224735 2952281.580555871 3922844.8852373566 -9999 -9999 10017467.12309648 -9999 -9999 -9999 -9999 -9999 -9999 -9999 -9999 -9999 0.0 0.0 590026.4484413433 -9999 -9999 -9999 -9999 -9999 -9999 -9999 -9999 0.0 -9999 0.0 -9999 1369132.3567113 1267632.2764885402 1800652.878831785 0.0 0.0 0.0 0.0 2017613.1687470356 0.0
12454358.998336602 4282147.36392025 0.0 0.0 0.0 0.0 0.0 0.0 0.0 1658818.0190676088 -9999 -9999 -9999 -9999 -9999 0.0 7063.650926820768 256141.0585493765 868236.8155491765 2719867.37400088 1947984.2853319617 3195665.8279530494 5420999.448575981 2019600.2552130742 0.0 4135513.696148104 7004918.515569952 7738565.870005266 8040020.616520482 5467062.662912306 -9999 -9999 -9999 -9999 -9999 -9999 -9999 -9999 -9999 -9999 -9999 -9999 -9999 -9999 -9999 -9999 -9999 -9999 0.0 1240504.1812732122 0.0 0.0 1453870.9096519314 -9999 2943032.104687532 0.0 0.0 1090829.1382525866 1746743.5500129638 319821.8368592926 0.0 0.0 0.0
4614018.465309819 0.0 0.0 0.0 0.0 0.0 0.0 0.0 0.0 0.0 1598788.0182698672 -9999 -9999 -9999 0.0 0.0 0.0 -9999 -9999 0.0 1438760.5669161596 5440431.721831523 5243483.255116082 4007030.3163416125 4175451.3314618366 3555068.0194891496 4867294.284397009 4752825.67842618 7389263.753286533 10414450.62207219 4152773.258021776 -9999 5590598.640509205 3358270.0269719167 10274490.540822675 -9999 3047862.9340648293 4216650.25661055 9907188.4348241 -9999 -9999 -9999 -9999 -9999 -9999 3556447.328224022 -9999 -9999 0.0 -9999 -9999 4653483.911354895 -9999 14699026.689984886 1121540.5681340112 0.0 0.0 0.0 0.0 2911060.268547848 963107.8118688385 4543491.993590463 0.0
0.0 0.0 83525131.09927273 0.0 0.0 0.0 0.0 0.0 0.0 0.0 831824.7725890264 2323807.9697191687 -9999 994280.7030300449 1276180.8612295464 98314.63625929953 313045.98222979566 648592.6399412018 953937.9363753699 1800263.88977685 1652457.234088554 3782800.104505653 4498002.0647312235 1784985.7282602666 6258362.424350383 4843629.3574544005 6047664.011667956 9812567.51107351 8894881.576713659 8059728.1496520545 7502020.135170223 7629804.443473906 8935440.597753521 8155233.816426465 4810466.191377904 1723985.5345480922 4798897.221895641 1475881.7877170392 1694603.1468740387 850783.0494121291 0.0 950047.0836480013 -9999 866228.8551832406 -9999 2564910.280333305 1487558.7111996887 667436.8397276544 0.0 0.0 1557266.987767974 2085716.738605253 -9999 -9999 2145670.558983722 0.0 0.0 13288044.861118775 -9999 0.0 9656304.7502702 224523.356279111 0.0
0.0 0.0 0.0 0.0 0.0 0.0 0.0 0.0 0.0 0.0 0.0 0.0 0.0 2128443.376897718 2371184.6264544064 3252726.4013276435 1709622.6634233778 -9999 4353397.300345174 2824422.203650083 6844809.923122851 -9999 7111219.931987166 9032963.6019894 5869666.528374312 6848629.45771556 10913517.617506156 7320851.470319074 5878751.427791549 9643469.294368077 8006791.826436954 7589453.207362341 5750744.988403138 5811309.502774393 6467532.24324055 6893860.48357515 6417616.698721749 1337297.142319288 2506560.0427715015 1495176.7290952203 2829599.1427981006 1771494.666243335 1430570.6254753314 0.0 1495824.4638228691 2239389.721850304 4496266.073347608 -9999 0.0 2198336.554246474 7949605.660379766 -9999 551959.3661010566 0.0 1670654.067049905 574420.0829645775 0.0 0.0 0.0 0.0 8573836.25825093 2810946.191266008 0.0
0.0 0.0 0.0 0.0 0.0 0.0 0.0 0.0 0.0 0.0 0.0 0.0 0.0 1881896.135338528 2498943.315641323 2031853.121832228 884010.6959321431 4760119.36685728 -9999 -9999 -9999 1873127.844158195 5697055.239733517 -9999 6714526.862700854 9256279.78613634 8376066.820310297 8724661.045209095 11075086.114806915 5442210.0508714495 6588518.423586047 12039719.48964234 11617985.765408214 8201596.818659645 5751153.1972519625 5846160.91476854 4568628.5990618365 2393026.946271321 2718575.1529862164 2060011.012235284 1943016.136025019 4192351.7271816474 3318756.697703771 2742453.7928397553 2218674.7318952577 4048637.0261951284 1530286.444475959 -9999 -9999 0.0 -9999 -9999 1217995.8976476265 0.0 8278249.751391189 122748.63015922226 687344.8258781581 0.0 0.0 5539490.450072804 11020344.886636378 0.0 3976633.9123240383
0.0 0.0 0.0 0.0 0.0 0.0 0.0 0.0 0.0 0.0 0.0 644070.141372659 434295.7950447985 1825816.6023453902 2460912.2945889407 0.0 1661818.6067338432 1422285.9063514306 4770332.39581082 2409360.537310203 -9999 -9999 -9999 6976716.219390502 6097906.662662795 10571404.700938571 9064216.074426811 5633604.467454257 6603126.7387058195 6554196.76751255 7164989.911217434 8032565.742750617 6308399.207897719 8195509.381337868 5769517.729754137 6532688.948077063 2692545.425350228 82986.09954286237 2152884.0462271604 3119345.136209785 3276242.092839088 3532791.9320341656 3191048.4719270635 -9999 4607573.575505299 4375687.641830197 1667953.3865907942 -9999 -9999 -9999 702002.838665178 579094.1460904093 1946434.9309227995 6674547.335403638 3026177.011065297 4113272.0051902295 1158532.3236340682 938606.9673402813 0.0 2762492.1564461095 2918092.2596501587 2860650.1268211757 3664177.5405945284
0.0 0.0 0.0 0.0 0.0 0.0 0.0 0.0 0.0 0.0 0.0 0.0 0.0 2882275.0489502503 1136911.2397717268 2172306.50221313 1375604.3018283318 -9999 -9999 -9999 -9999 2525282.872803434 2594314.94621944 -9999 -9999 -9999 -9999 -9999 5649050.932156538 8617089.5852972 -9999 -9999 -9999 8447189.715023704 8112912.1989099365 -9999 6772792.705963001 4027405.4705518256 2716402.9395709857 2859856.069800316 7560902.164696677 5155557.585393589 3482494.980967997 4022456.9725355124 5649770.870098835 5381022.102918899 2102318.9574635443 -9999 -9999 7766515.242757777 5428472.656155158 7372080.74392289 1020418.0101173606 1682362.2318554374 891846.5920538456 116398.75234149599 116789.57027321272 42589.95074353529 276124.21120607806 841146.5939735499 4643118.553038487 2531245.9368713037 0.0
0.0 0.0 0.0 0.0 0.0 30001148.520887814 0.0 0.0 0.0 0.0 0.0 0.0 0.0 0.0 2838209.8243455114 2412274.9870227124 638388.4383212174 1406106.0130446546 4632348.678086375 3557635.936622886 -9999 -9999 -9999 -9999 13775373.915713608 -9999 12088319.307354884 11517820.177796451 12480765.705536993 12954459.049437128 -9999 -9999 10816923.171378225 6735343.093515197 6023503.450908739 5232586.169925481 6721029.963560282 3665478.9573900388 2126415.2688616486 3646131.666555205 9130458.007255077 -9999 6837754.802508236 4398607.2635375075 7960375.715712581 8507146.166884376 2589744.4594678474 -9999 -9999 7176249.843495637 11125585.393561464 5171679.822074712 -9999 4536493.709217818 16172902.677887077 11600703.141046606 3331827.0621819375 11515021.476708388 12271985.757216677 12910790.741628401 6076470.490114368 799036.319424055 0.0
0.0 0.0 0.0 0.0 0.0 0.0 0.0 0.0 31800529.640466288 0.0 0.0 0.0 0.0 0.0 2091603.8442876993 3484755.022382042 4431089.145125717 0.0 0.0 1848698.1943915123 4365463.090026878 -9999 -9999 -9999 -9999 -9999 -9999 12595507.841137446 8504182.367078668 6589121.136911316 10865440.898869723 3880592.187879456 5552810.418010543 4127933.16908036 4295966.59925684 4613056.45829126 4091962.693077479 4537363.559457009 6633594.96885264 2310178.2879821258 5057223.960227557 7537068.391835848 5262537.033008892 7545684.083162844 7105600.1032388415 6136591.601134929 3353145.2544747433 12421266.123329133 -9999 7373218.134558864 6362085.7138778735 11573527.296338387 11490287.690170567 8110461.413672764 14775580.067431739 12589246.488036318 -9999 10916699.15995164 8462982.875505723 4327124.542108417 5610511.364053978 3749827.408995937 1510386.4036966849
0.0 0.0 -9999 0.0 -9999 0.0 0.0 0.0 0.0 0.0 0.0 0.0 0.0 0.0 0.0 0.0 10252495.671692826 7784747.4121940965 3700320.3216902455 1058694.3232240134 0.0 3794568.3740319423 5021777.590014774 -9999 -9999 -9999 -9999 -9999 -9999 -9999 -9999 12112327.912397359 8023359.804898161 7139721.311403724 5462351.871620453 7740185.721297315 8534071.829483569 5498040.408457812 5001157.323034129 4669893.14277125 3968482.512252204 8443655.471921537 6696488.74905435 4534533.183766648 6042212.403514184 3918330.443977744 1350115.1817936313 1809533.6315943452 8858313.862209216 6199498.641646385 9808595.834523033 9778889.137557449 11579262.074695721 5541643.100400474 9670760.867834728 10722832.817123719 -9999 1918446.3629908874 6089487.068747461 11117321.469898975 870765.1662700418 4276540.977533687 6398499.699991022
1135477.5066026552 507657.49254623096 0.0 10344570.52814425 3173621.674743844 458518.5092656707 0.0 0.0 0.0 0.0 0.0 0.0 0.0 0.0 0.0 0.0 0.0 0.0 6874664.132135818 5734832.104773185 4830004.2330686245 1235820.489531458 0.0 2322701.8183426196 7341036.472519508 4273592.867701586 4288862.639205874 -9999 -9999 -9999 12780228.828402555 -9999 6954684.86365336 18108956.819076672 10611293.94224039 9618921.25840144 -9999 7154969.051765737 8541302.572238874 13320817.910406591 7442067.790087127 -9999 4419673.692921117 2324437.6137678265 5020388.281967125 -9999 6944142.86474506 5106034.394356713 2882962.7615086916 6726542.540591029 4863154.688247857 -9999 6228474.916070707 2060787.7471924797 7451381.056561871 8951453.805777127 -9999 7558614.650671041 6533726.712961052 4019041.4039156986 3282787.685455419 3865569.001639906 5724596.616983199
0.0 548021.7966524422 7591754.482431773 0.0 0.0 13841177.686628224 0.0 0.0 6509610.234723097 0.0 0.0 0.0 0.0 0.0 0.0 0.0 0.0 0.0 0.0 0.0 2820860.79572377 7577960.479444354 7471086.389860679 6422801.961584964 12592961.316936024 11961771.890047975 0.0 10650116.752997156 12687237.64181678 7534592.616685625 7114779.82257153 8421770.549523698 -9999 -9999 11927861.319851762 9929934.534624057 12404128.953860877 12681002.046358366 11157426.769607043 6844144.5374892475 8180416.847224528 9423165.898593549 5046976.67193025 -9999 -9999 8720424.850383503 10476925.742950624 10363104.17428971 6921365.286408753 6913964.269504929 4376132.499639592 4025241.5932114525 12396678.55708741 4331639.346214988 4398927.771455716 6019131.227127219 19577836.441087775 2981285.5194947515 5766263.622247457 3834317.688288651 0.0 1986613.9442718804 1429134.937451126
12495850.210680522 -9999 0.0 4265421.148896132 0.0 0.0 7692935.532022489 0.0 2517080.304054511 0.0 0.0 0.0 0.0 0.0 0.0 0.0 0.0 0.0 0.0 0.0 0.0 0.0 0.0 0.0 5330995.207804956 21561837.314005293 10107875.073670413 0.0 3982149.0771804396 10271080.822034445 9489623.397391876 12727796.719471397 9426844.856146708 9005566.007210953 13167970.082486825 13445086.476789337 10939146.648150072 9999115.104534285 9246622.451990541 8471145.645793865 4903734.069297147 9696185.012685718 -9999 10003567.678739766 12633286.87615434 7644234.411826903 10528861.19108109 8105742.217144103 11077241.097777734 -9999 6500514.231681184 -9999 -9999 6203890.611906484 6556692.673399562 3775367.3947632536 10201001.070915459 12865309.927350987 3779942.951308584 3373889.586665527 1631990.9354252433 2826741.539945833 1153904.5310664824
0.0 0.0 0.0 0.0 0.0 0.0 0.0 0.0 332289.6580112392 0.0 1222427.8394182958 0.0 0.0 0.0 0.0 0.0 0.0 0.0 0.0 0.0 0.0 0.0 0.0 0.0 0.0 0.0 0.0 0.0 18738259.865670346 8151829.754274548 6953172.707863598 12221825.526269147 7814795.404567022 12290723.91103299 13517828.938914206 8672721.68157683 9553724.944907233 9321268.01885305 10950539.334204916 11545549.511154974 4815701.342361632 3228147.0156125566 13189977.312724527 8670564.86151789 9544734.087014075 8300305.74818226 7725579.995492753 -9999 -9999 -9999 -9999 -9999 -9999 6226901.182824785 8911519.571169266 3765078.401422938 595116.3865813857 5948879.994897397 7237842.188569916 889912.9962174925 2407988.9881361695 4451317.3938739 1511071.6380345626
0.0 7921062.945414178 0.0 0.0 0.0 0.0 19655158.12661817 0.0 3765726.7295179395 0.0 0.0 0.0 0.0 0.0 0.0 0.0 0.0 0.0 0.0 0.0 0.0 0.0 0.0 0.0 0.0 0.0 0.0 0.0 0.0 0.0 0.0 9252832.872346528 14398323.187839907 13463325.303248024 33107414.907340024 23702947.724491194 9878614.71755929 7801744.953511678 7302411.0012405235 3891262.1573296967 10577993.467582885 11500418.459345207 10729204.96557672 10045951.25544697 8250075.617978226 7795907.287117503 -9999 -9999 -9999 31318771.277905524 -9999 -9999 -9999 4358880.714289817 12828559.991626853 5432194.888726175 1395879.7844776646 7716586.415286673 4459016.479404352 2925241.522398525 3597348.394824216 2730331.489349968 971276.9667214893
10460416.605580155 0.0 0.0 5513418.955661348 0.0 0.0 0.0 0.0 17378950.69015603 0.0 2326166.6941682696 0.0 5822387.964892218 0.0 0.0 0.0 0.0 0.0 0.0 0.0 0.0 0.0 0.0 0.0 0.0 0.0 0.0 0.0 0.0 0.0 0.0 0.0 6895994.839902621 22120554.962175786 21901214.2272062 25932525.61494842 10232421.537263375 10472212.50018857 12042979.848145192 15041594.708020614 12917021.442803396 10252071.232773928 10679099.157062214 8837999.866070334 8156165.947535081 -9999 170927.47768296063 -9999 -9999 12243073.492716163 -9999 -9999 264432791.9056775 5233646.613282878 9089496.272941284 8722130.167008532 0.0 250210.93361873072 266355.55884538253 0.0 4886791.529442352 1065555.0753632493 1109137.3140512684
2431177.1460813126 648220.1107489495 0.0 0.0 0.0 0.0 0.0 0.0 0.0 0.0 10638401.436401915 19504190.41794376 0.0 0.0 0.0 0.0 0.0 4148306.2080721613 0.0 0.0 0.0 0.0 0.0 0.0 0.0 0.0 0.0 0.0 0.0 0.0 0.0 7470997.738897767 0.0 15099091.300586961 23030408.057947688 28281822.929033354 26545452.576669145 15427939.03214346 16791263.538353186 19318909.829019412 16090007.526843525 11446093.205495194 9613241.365653677 -9999 7805359.939784103 -9999 21882018.931643564 -9999 8811763.230254542 11045933.806773836 20369978.73848445 0.0 3236517.390586077 1904388.0593723226 1152765.9417706067 2848607.055363088 0.0 1466034.5876230001 1070904.3229472772 0.0 0.0 0.0 0.0
4861987.851020183 0.0 0.0 0.0 0.0 0.0 0.0 5405845.41898674 27071999.930532128 1863565.8475382228 23164880.55552811 26200385.561996236 0.0 0.0 0.0 12247441.696365207 2868875.281012971 0.0 0.0 0.0 0.0 0.0 0.0 0.0 0.0 0.0 0.0 0.0 0.0 0.0 0.0 2792265.965888148 0.0 13112834.427993482 21418303.72987301 19123498.74408845 34035347.71867643 33501279.556820482 27641404.689174354 35938838.43783836 46357312.7156657 38046331.56149004 9034863.180574302 6069330.099611964 6462355.378687632 13472286.695804097 29164741.74264629 -9999 10045971.206221731 -9999 19387111.799832325 6721302.63579169 3421915.254315125 2094730.851562731 0.0 0.0 0.0 729656.1459472838 4471071.857786814 4149104.486907496 2303451.5277254144 0.0 478329.50990073755
11942942.423516303 3141830.5422794605 1707193.619720726 0.0 2623351.916260467 17835607.97051359 13743541.41102022 32497859.70032423 9640583.950387506 0.0 23375677.028561257 42363496.88588612 14906876.572557501 0.0 0.0 2085473.287858781 3461516.127616108 2219396.0788107696 8983090.786376655 10227580.093037091 1640259.4756345865 0.0 0.0 0.0 0.0 0.0 0.0 0.0 0.0 0.0 0.0 0.0 0.0 0.0 21589361.974542417 11936132.270077484 13421350.308838964 30860640.308875795 26285221.75166964 14314896.375945762 26549515.747753 10708156.305767065 -9999 8700034.161589101 9586748.546496008 17419452.73126582 16199934.507425632 10819992.070145268 16445183.4695266 16517796.856947284 17239691.33062621 3416446.7316942373 3776679.5767967515 1955114.2783314083 3455527.025209454 7051566.123347884 0.0 4207499.5247453 1871279.3994040585 3824074.613642228 1226216.762852571 0.0 0.0
38756774.50358648 9501813.352460977 0.0 0.0 21736427.08470208 15250702.45544244 13045351.935367169 12538660.038856516 19258206.889868706 0.0 23246909.446518738 18788701.614801817 12771687.564777132 10611345.325564595 21486923.202269994 14874669.081829604 14906529.92850586 14283927.512312617 11624704.228763185 13702038.912404662 7494242.49359041 3091365.9281664914 4472753.106232026 2179604.420895156 3574781.0318791326 867385.5941097338 990761.3309609044 0.0 0.0 0.0 0.0 0.0 0.0 16063097.493497174 11229188.020485858 6276624.188081792 0.0 14068384.206887618 37476711.656935185 11132020.618394347 11560711.83741691 11013136.634146644 -9999 -9999 13586841.66674557 20773884.533165976 15059142.530378435 10905469.88723084 10253657.110753484 -9999 -9999 322557.75298761914 -9999 6792732.116307242 1555453.2268307405 1334987.1521811383 723584.0261998207 3384382.3629192524 4929971.099840645 4241867.914129621 0.0 0.0 0.0
87145789.77488717 0.0 56527665.763172954 27015981.484317966 9270924.422100406 17249129.774079364 7185544.1271822 79245.83649741055 21948935.08718354 42267470.711623356 0.0 14099241.196059797 17240572.758926447 10799723.444423776 15118177.93176943 0.0 18994319.17111533 10636223.394027343 858767.1773851698 0.0 4437868.403788887 3148859.3539728904 1213291.9388653126 5949025.444499582 5410716.977229743 0.0 0.0 2174998.7788845384 0.0 0.0 0.0 0.0 0.0 16224621.970992953 13142212.127778424 24184372.81188839 3342481.0174037633 9406199.891675 41937130.59256387 18489623.613937557 24473580.16972405 -9999 -9999 -9999 14489129.750053838 19293972.347392052 42735479.5059839 20754445.09050357 6284232.27086327 4161681.5959798275 -9999 6000559.719277378 7142211.133395432 10388511.531677626 788097.8765828373 1863376.5566982566 10764278.993246634 4604918.122350346 5536593.019399555 3019618.0422149645 408491.4243291323 0.0 0.0
10918147.858892184 0.0 0.0 22458434.506989203 0.0 25090443.322696142 16317037.668380907 0.0 13395947.284937443 21624365.10099513 12232125.015679417 20650316.209520534 24931031.99804859 18169016.361260682 17200406.01439929 7443196.648398496 5622196.574251473 12587795.327035585 2255209.5790837314 5828732.693401989 5691032.723812776 5436278.568890924 4584865.725940818 3881766.4576731184 2633707.9014442987 0.0 1021134.3384747994 1083096.2793033686 3894912.408309701 0.0 0.0 0.0 0.0 0.0 26694622.335402638 22579296.907797538 18062133.797803715 20813749.45653835 47806264.932567805 18585285.22039437 24717792.689580444 10551758.898165526 -9999 -9999 13483758.651602179 30432212.25265626 41917160.610900864 70407048.60795642 1247437.036340519 -9999 2916039.936961471 3433353.3317330843 4799903.176437497 -9999 7493773.444455247 0.0 2710677.4977109907 2953097.96932073 7079436.2550366055 4703196.706609288 5353841.16120881 3228765.434647036 4195112.357432375
161364518.919339 86443271.51955143 0.0 5176177.117035398 6638003.039105706 14022326.748811346 18105301.494728312 0.0 17212042.838260986 26403523.052892983 26190183.373739395 14930485.687209267 7421151.8146317825 8475847.237415254 9474139.146479834 14305893.75241206 14562521.333118828 11091166.407312097 2324818.96684505 0.0 0.0 0.0 6014636.352243885 3194240.485329482 3241244.5793843837 0.0 4211636.842733512 0.0 2727060.9707380002 0.0 0.0 56472900.70795369 0.0 24372944.060862325 65858522.04387106 40516803.43065358 28331130.44415503 37801160.64927874 28630909.95167342 51127466.111726865 18957200.245477386 13070243.999395883 -9999 -9999 19146408.815552708 31320748.74835913 33832884.61500357 78659022.4790094 0.0 1793557.295203155 2663792.863272807 7022926.0506195165 3007243.7866155747 -9999 5782167.208036011 802886.3687814827 1127332.3405812471 2248330.3328944845 7710004.694372492 15749074.168632856 18988746.6618225 -9999 -9999
26484148.969053842 63625400.74313938 26209845.684254587 9938811.03908023 3578060.261190617 0.0 0.0 9277382.871965867 22570824.996708468 3573951.2174013434 11511370.811951777 12051808.864627 17079841.31226244 15462104.936894743 3573463.429232018 17199827.892689846 15817508.604587 15727160.53434262 0.0 0.0 0.0 0.0 0.0 0.0 159670.324383605 5137682.879616942 5884866.381469878 0.0 6072033.107550124 6984239.830557879 21050883.86840696 51094865.46386194 23861801.9468885 32026173.889477655 47459662.28636753 50474828.95338025 35851184.55259075 -9999.0 -9999.0 38459683.454993606 21713485.876297608 -9999 -9999 -9999 29710176.002649702 38998719.163791694 70679696.36934127 32282319.455181345 623790.4320303716 -9999 -9999 12556610.150817921 1339556.972910766 -9999 -9999 -9999 4074577.149747815 4003469.9862553924 6155093.79338565 2067059.54417944 -9999 -9999 -9999
31340155.711683407 0.0 29577480.216459394 15293781.645313542 21242240.335568454 17255554.711726062 2132407.2750802264 0.0 5396607.341353472 3685529.168046039 7673501.57005252 6127966.327588532 17455099.896934528 25242767.495439038 0.0 17852729.517730393 19921354.779212683 0.0 0.0 0.0 0.0 0.0 0.0 9587898.192903554 2645544.5955979708 3644240.1510086893 3211434.6503010127 4882230.2822043635 5035297.72140264 14044472.937746597 -9999.0 -9999.0 -9999.0 -9999.0 -9999.0 -9999.0 -9999.0 -9999.0 -9999.0 -9999.0 21891137.648725558 -9999 -9999 -9999 29428848.511275876 51528441.91862329 42395986.26364904 97754778.51527256 7913455.315523859 6352008.424656886 6524892.606003919 8062858.404978383 2133828.321833759 -9999 -9999 3949284.4518170683 -9999 -9999 20934736.650853965 13896904.016795343 -9999 9279112.680970995 5371407.977693919
-9999.0 50526607.98013934 27953398.096986033 7753378.412810752 3667118.685646331 0.0 0.0 0.0 15415842.064013097 7602816.42986725 47279103.08251009 16489410.460978243 25591355.380917355 35476989.71515751 45753293.10436202 16775563.754288934 6247643.837052943 0.0 0.0 0.0 1051373.652906863 0.0 0.0 0.0 9286873.168154214 3950407.2311528283 0.0 5119444.635214239 0.0 28704723.442333672 -9999.0 -9999.0 -9999.0 -9999.0 -9999.0 -9999.0 -9999.0 -9999.0 -9999.0 -9999.0 43606213.38875569 64610001.15660481 39330655.813592166 -9999 28334569.621268712 112541842.93198855 45072258.040240355 54456320.20522537 12305194.627938725 11384809.0351517 7353297.746178858 6752406.845778634 1660842.6921098707 -9999 -9999 1755849.9780127858 -9999 -9999 -9999 7453536.66497895 -9999 -9999 -9999
-9999.0 32813535.123515718 5169831.670573051 0.0 11901400.800615432 18889598.91852968 925599.6279375426 0.0 3223537.2909085737 0.0 0.0 0.0 22771001.164897878 32319823.205144383 35404222.32644297 32201997.04254407 3634755.6577015007 5006321.170343789 4804822.716074394 4735697.811832134 6416919.217468483 1145816.3560052097 0.0 3432475.655556241 3465967.3821816724 3650303.9104045234 2327089.6361180474 0.0 19532100.2658308 19517242.00284026 -9999.0 -9999.0 -9999.0 -9999.0 -9999.0 -9999.0 -9999.0 -9999.0 -9999.0 -9999.0 -9999.0 83145149.92685162 110440486.85538393 -9999 22526443.24404899 52971864.976983175 60204440.30771209 59098926.199661285 11316221.887542792 9654069.799537383 10249612.033277586 2805365.106644738 2812822.898138264 -9999 1901181.7493829601 5071953.555719963 6340218.804599195 6238997.170589126 6468504.700248321 7154227.952571789 6977117.730342788 10820807.713906277 -9999
