Model Version1.4/trunk/output/2010/nh3em_fert_crit_sw.asc
ncols 720
nrows 360
xllcorner -180
yllcorner -90
cellsize 0.5
NODATA_value -9999
[rows 112 to 139 of 360, columns 504 to 566 of 720]
0.0 0.0 0.0 0.0 0.0 0.0 0.0 0.0 -9999 -9999 -9999 0.0 -9999 -9999 -9999 -9999 0.0 56575.551665275794 -9999 -9999 -9999 0.0 1023746.092645712 0.0 939166.8457951546 1857234.9557520966 1889386.9937018564 -9999 -9999 0.0 -9999 -9999 -9999 -9999 -9999 -9999 -9999 -9999 -9999 0.0 0.0 589963.0371937075 -9999 -9999 -9999 -9999 -9999 -9999 -9999 -9999 0.0 -9999 0.0 -9999 785242.8045077986 746868.662900039 1113001.7203033976 0.0 0.0 0.0 0.0 456175.5212624124 0.0
4658508.86049713 1791075.2053121158 0.0 0.0 0.0 0.0 0.0 0.0 0.0 1404586.1991070758 -9999 -9999 -9999 -9999 -9999 0.0 2544.827127627478 102748.8451198427 174963.75232975822 0.0 1947816.9990139185 3195391.3949537277 0.0 1275130.4418248946 0.0 4135158.552184852 0.0 0.0 0.0 3945293.1320246123 -9999 -9999 -9999 -9999 -9999 -9999 -9999 -9999 -9999 -9999 -9999 -9999 -9999 -9999 -9999 -9999 -9999 -9999 0.0 799272.2779914851 0.0 0.0 1377308.4649616582 -9999 2067338.1244737438 0.0 0.0 612215.3310235579 1234379.4496531084 70296.63917236005 0.0 0.0 0.0
366436.96790075564 0.0 0.0 0.0 0.0 0.0 0.0 0.0 0.0 0.0 1353794.433466982 -9999 -9999 -9999 0.0 0.0 0.0 -9999 -9999 0.0 0.0 2493808.389121064 5243032.988095213 2533819.290537869 2752855.630967442 2315177.572704423 2343571.4863748588 2287689.368096784 3478099.290967506 0.0 3069633.1161190257 -9999 3279126.7466610665 2451508.25330075 0.0 -9999 2367047.858513975 2860365.375396495 0.0 -9999 -9999 -9999 -9999 -9999 -9999 1504651.7675190838 -9999 -9999 0.0 -9999 -9999 694937.4308350363 -9999 18760.01025716804 289359.26352368435 0.0 0.0 0.0 0.0 462926.6143795361 158205.25654870988 610016.7746733823 0.0
0.0 0.0 47599185.01217954 0.0 0.0 0.0 0.0 0.0 0.0 0.0 682637.0308888132 1964805.0982617002 -9999 994195.567115525 0.0 59615.568789551624 207761.28623532294 319838.7176291895 432922.2014876315 765035.0211211521 612811.7854341639 0.0 0.0 986019.4872243806 3485582.044514159 3290107.5929574855 2142191.946471441 0.0 2915048.2347456133 3405284.1833150717 3170808.1299763448 3361503.0033042775 2637164.310353437 2961395.4591411357 3907066.848077307 1480963.2333158774 3937973.6890915665 1274442.7582133792 1694457.6200732738 850709.987034336 0.0 773866.5451376246 -9999 705587.4228985035 -9999 2088016.8817949758 968597.156956195 328120.7416725828 0.0 0.0 1353643.8623136505 1754446.534788587 -9999 -9999 479893.76683788415 0.0 0.0 359112.3552387074 -9999 0.0 523046.74437589524 37840.35601529655 0.0
0.0 0.0 0.0 0.0 0.0 0.0 0.0 0.0 0.0 0.0 0.0 0.0 0.0 443969.5619071997 2370980.9973171465 0.0 843850.1541772299 -9999 0.0 998138.0318094974 917974.18600952 -9999 3428854.1435955158 0.0 2555491.312772128 3208227.9487769846 0.0 4692504.917694348 4405538.370807332 3400842.8474590178 5796549.507571354 5445280.650097471 4006619.6092264308 3364189.64789836 5111886.274112015 5605503.048021425 5119691.196363989 1039622.6851926204 1889678.90719045 1495048.405339327 2829356.243040346 1771342.5572711797 1131369.7447042312 0.0 1010351.0625124293 1447485.6819271804 2119907.512584175 -9999 0.0 1086902.586710603 33643.676086374006 -9999 431825.3614091641 0.0 1581266.2563823813 544649.5137000885 0.0 0.0 0.0 0.0 255834.51246494293 2686609.156085076 0.0
0.0 0.0 0.0 0.0 0.0 0.0 0.0 0.0 0.0 0.0 0.0 0.0 0.0 1580991.781546258 1308.4713472965843 1248955.6813224126 336049.0540356101 0.0 -9999 -9999 -9999 1575464.809631888 2540470.1437164918 -9999 4985044.598263713 2838323.578903771 4827641.28664102 5374502.537397477 0.0 3366242.5740133943 4613059.712655211 0.0 0.0 3770697.834196741 3942818.3640386024 4254383.761347986 3459069.4883523444 1949835.699427574 2718341.9277963554 2059834.2602244234 1942849.3260214454 4191991.8565807887 2164722.529650139 1841218.7436544565 1493435.4401387142 1742633.3654880088 937065.0458812985 -9999 -9999 0.0 -9999 -9999 905170.0801024612 0.0 368384.6438736917 37968.796237999064 650425.4545063382 0.0 0.0 289803.6435971907 101737.3708806472 0.0 346423.8883511329
0.0 0.0 0.0 0.0 0.0 0.0 0.0 0.0 0.0 0.0 0.0 543535.2561469834 374099.8960134733 1465169.5926723604 1895971.727412093 0.0 1661675.8954976976 1148653.0699286147 3050644.8025084324 1867357.0021512718 -9999 -9999 -9999 3530996.427395739 3973501.569856933 0.0 4466775.488232084 3621098.8344912035 4262423.077240869 4947412.3262887355 5684774.117460237 5814566.061168598 4900093.359494511 5288871.169607738 4333499.7144417055 5166736.123854635 2692314.33459524 59935.87781416281 1792792.7452824872 2159926.901868044 2234463.168365903 2524455.991767355 2081349.4289988542 -9999 4607177.927279846 3156666.5299008954 1155340.0654371474 -9999 -9999 -9999 445197.0029417446 397630.3207418385 1441957.9199821346 409867.47634474305 2864085.229019436 898137.9012187818 86913.21062987835 888490.963271328 0.0 133930.92378908745 2785971.707977303 2716932.0785174374 693579.9673161876
0.0 0.0 0.0 0.0 0.0 0.0 0.0 0.0 0.0 0.0 0.0 0.0 0.0 2455870.8519868595 973998.5445519531 1699399.917584582 1085667.8594138778 -9999 -9999 -9999 -9999 1572558.201315144 1846908.183835306 -9999 -9999 -9999 -9999 -9999 4123851.710551828 5226368.7746003 -9999 -9999 -9999 4115108.6992995753 3907026.145974261 -9999 6772211.0813764045 3034021.5699353195 2130490.2326090457 2859610.4986655787 158720.4811894993 2401718.3580704555 1638722.5797032292 4022111.5444229203 5649285.708081696 5380561.349009191 2102138.4502626113 -9999 -9999 74338.40908698877 4046620.5860067494 478912.9467137615 776783.7799365607 1078745.4385988852 107181.20342330867 110315.95103936989 110548.28752661163 40299.30777278386 56782.10390613781 115466.35717139988 635034.2970088751 456570.71222389705 0.0
0.0 0.0 0.0 0.0 0.0 19867597.5512087 0.0 0.0 0.0 0.0 0.0 0.0 0.0 0.0 2402430.8599346527 2026803.2501283372 540968.7454692087 280923.91392541776 762673.2132124602 574507.5705800052 -9999 -9999 -9999 -9999 0.0 -9999 0.0 0.0 1677357.3424285618 0.0 -9999 -9999 0.0 6734730.5431878315 1753229.805556677 2235567.4147749683 6720454.470508266 3665178.8871506224 2126251.14443157 3645841.9137139423 0.0 -9999 6837136.696025924 4398259.846054435 11650.167818660413 22300.86733426802 2589551.5959813907 -9999 -9999 7175633.571971233 11124632.756355692 5171274.60636687 -9999 1717286.634806739 0.0 417139.2662480509 3177934.03735801 247501.5902087167 229353.3743555515 100831.56646294035 1564081.2029676894 186414.65770712288 0.0
0.0 0.0 0.0 0.0 0.0 0.0 0.0 0.0 20806084.549441963 0.0 0.0 0.0 0.0 0.0 1753254.6338399483 2942969.4069287223 840496.3243489831 0.0 0.0 392560.6541874152 711964.7100076443 -9999 -9999 -9999 -9999 -9999 -9999 0.0 8503453.670983125 2415467.772906483 420233.29691244406 3880285.650419616 5552364.576799602 4127605.8305732454 4295629.787977109 4612690.374827408 4091644.063147887 4537009.9895469295 6632999.020547127 2309989.48654435 1586520.9920052267 527875.507324297 5262136.619521099 1105687.843325788 1050186.2771989119 6136124.530325932 2349182.262390089 231945.77273859907 -9999 7372586.796820417 6361540.953700033 11572488.973661121 41304.22010552873 8109819.040859119 578196.009167185 187729.50929950827 -9999 139292.67007341015 457288.8054967218 4136496.8322603996 755744.0846832232 981029.4894032538 321997.62852128193
0.0 0.0 -9999 0.0 -9999 0.0 0.0 0.0 0.0 0.0 0.0 0.0 0.0 0.0 0.0 0.0 692797.316293162 495711.78978843964 674489.8289940872 36270.59866961703 0.0 682259.7475163126 818384.863852158 -9999 -9999 -9999 -9999 -9999 -9999 -9999 -9999 1799219.8629870277 8022691.44363161 7139149.136825379 5461905.866827058 3036133.729560815 2980165.7424388235 5497600.872319795 5000756.963636622 4669515.194674384 2402816.8646536986 0.0 0.0 1398699.5590061534 4242243.8567658225 3421679.8698488753 1178220.8075457155 1579577.7174519654 6210559.66180063 6198967.804584402 9807820.32300973 0.0 0.0 4364115.2525175 799635.2230287655 306048.0214130841 -9999 1822735.2437075838 5799115.600411939 482215.5802712173 259009.5944936766 580318.640411749 940753.7841856816
960058.0291157503 429229.6843625018 0.0 7835784.6571084 2108421.9444423723 396900.50796487293 0.0 0.0 0.0 0.0 0.0 0.0 0.0 0.0 0.0 0.0 0.0 0.0 4150204.0273303203 338574.18633465876 217521.3832980684 56154.92881105529 0.0 79815.32193151805 240111.66126995115 456856.0137575004 723981.2068795227 -9999 -9999 -9999 0.0 -9999 4921921.87108501 0.0 4060177.7395744184 9618095.218701553 -9999 7154389.145977551 8540525.565685993 0.0 2904986.7393055325 -9999 3801585.131801611 2027895.2984299432 4380282.036826979 -9999 5907317.99715207 4303353.79170827 2514674.8707651217 5812833.734985125 3912540.152334307 -9999 761781.97184829 1621767.5922159166 773243.4567909447 6919052.078191891 -9999 7202425.485481328 6224465.176388986 3841069.9734355365 629393.7231982778 598342.0656364228 1079712.5974724258
0.0 415114.4578005534 5750587.047778043 0.0 0.0 8741723.924074294 0.0 0.0 4268008.508783354 0.0 0.0 0.0 0.0 0.0 0.0 0.0 0.0 0.0 0.0 0.0 1633998.3893111947 494690.1571008423 473316.74186416465 412672.5053893894 727652.010737286 477882.95246213133 0.0 250694.28887419976 106659.11096585884 1226693.6476527562 1332741.5488344897 1487594.839640009 -9999 -9999 1639868.7467088904 1319365.7803574053 1070696.2823596888 1542864.9830780516 738082.0988425602 5939877.520774011 6921053.820423375 7626149.5577171175 3748662.1315398044 -9999 -9999 7302592.196718841 5956881.453886021 5798916.693294386 5841169.828892061 5342751.064510074 1472486.6392476638 1748376.2849039373 3020249.6143523445 3413066.1673722374 532930.2080619582 4705527.083189241 90679.58355595874 2304623.253289152 5500673.820203626 3652938.2697358346 0.0 1895432.166466975 1098330.3783131777
10899489.927886253 -9999 0.0 2907754.7396274577 0.0 0.0 4805645.550295018 0.0 2104676.6676940187 0.0 0.0 0.0 0.0 0.0 0.0 0.0 0.0 0.0 0.0 0.0 0.0 0.0 0.0 0.0 3040001.1235485636 1316145.7617637161 641934.3160694437 0.0 123106.59771427032 293092.20059276535 351993.38877761236 2032117.9944916724 7617006.801106123 7831334.957594634 1704623.5153802305 1628892.7208532207 956887.8626495017 1285803.4234720755 1191693.1083122683 1085824.6593335774 4252279.894216401 7107570.084149947 -9999 8366025.719589591 7270935.98786942 4273773.881662189 6048048.060073789 6754334.016315832 3842170.90868099 -9999 2640719.957531606 -9999 -9999 4846333.8194924565 1240788.1111542997 582253.3993956214 732051.6750691055 608426.9939018502 3606727.7926288964 3213188.0548265567 1558257.2909925885 588937.1365171842 884488.6732872047
0.0 0.0 0.0 0.0 0.0 0.0 0.0 0.0 171411.94511551503 0.0 735718.190662598 0.0 0.0 0.0 0.0 0.0 0.0 0.0 0.0 0.0 0.0 0.0 0.0 0.0 0.0 0.0 0.0 0.0 1189224.685352495 519399.52126167755 453963.1560432579 761256.4409543189 4041248.9836111357 6770776.191785031 6746094.377532963 961475.9408271848 7954779.576791541 7761227.175199632 6278917.449484097 6604005.743847911 2732249.6799619566 1701658.3472221126 7172813.112083335 4735364.704873914 5403099.621832129 6926400.403851054 6662613.3104966795 -9999 -9999 -9999 -9999 -9999 -9999 2394247.231669921 1553224.9191656837 2984029.671178384 146853.54032659275 967516.2536465138 1753616.1970490322 847691.103572647 2298828.5632671537 1318983.4897383845 1156990.5569660577
0.0 6728103.31198549 0.0 0.0 0.0 0.0 8565456.259082295 0.0 1945983.2968933166 0.0 0.0 0.0 0.0 0.0 0.0 0.0 0.0 0.0 0.0 0.0 0.0 0.0 0.0 0.0 0.0 0.0 0.0 0.0 0.0 0.0 0.0 5484273.78557656 8031926.078960054 5703629.99161172 18766466.153858114 13862315.427109286 5804518.66919001 4419819.626751925 4135567.822200036 2213871.688711002 6049581.9567953 6569365.137429217 9039132.29968703 8377632.586678965 6874710.412637591 6768990.46294111 -9999 -9999 -9999 13143727.248920513 -9999 -9999 -9999 3434442.264232751 1233547.471851978 1016544.6364152597 382132.75965947966 2137625.9099613284 3529669.6677741855 784197.0602053752 872698.6305999195 441505.93687738484 742465.8863659007
8877216.116807595 0.0 0.0 4674429.740444641 0.0 0.0 0.0 0.0 9714946.447421448 0.0 1920321.0159605066 0.0 3493013.244538467 0.0 0.0 0.0 0.0 0.0 0.0 0.0 0.0 0.0 0.0 0.0 0.0 0.0 0.0 0.0 0.0 0.0 0.0 0.0 3811932.238834943 9302528.811231585 10511532.80352431 11435255.196413662 8751878.983922174 8847849.06712604 10323439.227264471 12985483.010529758 11201299.288106801 8579242.578547897 9171912.020771196 7425886.456326933 7113895.735699714 -9999 63935.28105496042 -9999 -9999 4964973.897442779 -9999 -9999 88307006.77843247 4091503.031594599 1646477.8516844139 1401553.7297456781 0.0 83725.88346339221 84037.00527117522 0.0 1247493.157398407 271530.5176707424 855963.942240252
1215817.4771594168 355949.41391327727 0.0 0.0 0.0 0.0 0.0 0.0 0.0 0.0 8877444.595321985 12225441.790595893 0.0 0.0 0.0 0.0 0.0 2058638.756758526 0.0 0.0 0.0 0.0 0.0 0.0 0.0 0.0 0.0 0.0 0.0 0.0 0.0 4758216.941244659 0.0 6469061.117072473 11068237.411258686 12511995.757552333 22638101.29277997 13160057.369318096 14285200.382539287 16366509.846840795 13683448.131576631 9936225.861135576 8374053.430498154 -9999 6708335.095039706 -9999 8150720.29669183 -9999 2993974.9331716765 4318390.123543643 7729916.170444479 0.0 2542235.2218737113 616601.4564466397 437659.86760279175 2182249.2292888947 0.0 518084.230277185 382869.87187611783 0.0 0.0 0.0 0.0
2512991.3021605616 0.0 0.0 0.0 0.0 0.0 0.0 3393920.3098009746 17028210.802736502 1162902.3824719912 14502932.812729176 15775428.849792257 0.0 0.0 0.0 10263504.502949724 2393297.6462376895 0.0 0.0 0.0 0.0 0.0 0.0 0.0 0.0 0.0 0.0 0.0 0.0 0.0 0.0 1763018.2121503067 0.0 5148769.679353913 10300808.20502475 9104605.669376848 14719122.628064783 16228729.37758095 13229368.638104143 16622430.171155974 20268143.802823737 23029094.75011684 7735326.479472051 5123385.423114967 5426616.413276979 5032739.171091389 10916978.595911277 -9999 3872093.18254232 -9999 7205738.795585151 5244898.919466182 2679045.6183024677 679985.1342356603 0.0 0.0 0.0 562617.9618746403 3451136.178195163 1068389.698925556 446033.8705682963 0.0 371617.07303756615
6242128.760015016 2636249.3102618004 1428807.751337665 0.0 2187380.501365463 11180241.927752566 8589087.696629602 20478809.55508868 6088937.085821076 0.0 14165067.062904734 26318139.556268476 9228824.447744755 0.0 0.0 1206686.7103497428 2867771.382849695 1849036.1039758937 5612142.208691607 6273541.585790509 929362.0452889634 0.0 0.0 0.0 0.0 0.0 0.0 0.0 0.0 0.0 0.0 0.0 0.0 0.0 9858622.58185978 5534691.49889122 6148856.8901201375 14900598.538889501 12602550.31407865 6117620.199829647 14632225.080461673 9109008.205826003 -9999 7301742.1558378665 6453399.348615809 6505358.549383399 6413736.2690706095 4396547.294092368 6192105.980496195 6322427.861417436 6694712.196102939 2677874.115512968 2915304.6154828602 1526390.0285971935 901644.8208800555 1034292.4350074007 0.0 3265438.9930047514 1439448.6962672453 845245.4882672356 388781.44090124115 0.0 0.0
21786335.88322005 5752518.089885011 0.0 0.0 13595860.080511019 9521783.605864821 8255079.567071371 7938607.653542674 12261318.31150726 0.0 19342485.010273706 11452709.234856414 7935227.946678782 6650965.575815549 13436872.043050967 9291312.448263358 9312318.751007268 8962584.119189655 7241288.700074878 11406682.391000874 6177841.8693307405 2563673.0720574744 3739837.7215661183 1805801.4064542856 2957166.95247477 721056.0813880329 821861.3051290063 0.0 0.0 0.0 0.0 0.0 0.0 6806975.567309416 5032920.8841056395 3078608.4423174174 0.0 6741417.540202624 23653590.52520874 9598001.429274052 9966370.899885347 9471647.135242179 -9999 -9999 5073799.586784222 7742276.110947996 5542065.403529563 4190826.9511637115 3925933.2225184417 -9999 -9999 120198.64948790279 -9999 2337198.2572907424 458300.2299839598 345149.859367215 564245.4299804149 2658686.6258489997 3752920.0380044845 1006455.1475900605 0.0 0.0 0.0
39814253.254069604 0.0 34816117.12255148 16988435.135110438 5732933.226753087 10827895.624435425 4564457.219475514 50491.209841727585 13979960.809223218 26631041.569137648 0.0 8368422.801551933 10652639.050709104 6666672.919617434 9574715.916231347 0.0 11720827.556274688 6626507.90399046 718324.7848438752 0.0 3702462.2585429708 2618637.1105046845 1008506.0284172838 4972014.851394874 4499391.149726854 0.0 0.0 1798870.9845982702 0.0 0.0 0.0 0.0 0.0 8955831.50668522 6132518.336018789 10858203.787009494 1505073.0237019411 4281031.3859377615 19104069.73864544 7376858.125857026 5594262.748372006 -9999 -9999 -9999 5434010.741720394 5747001.220939991 16704080.180163255 7663893.701314367 2376262.0406925143 1610024.614759927 -9999 2345605.230811789 2360983.48450743 3607117.733196646 602390.5579722921 456077.29286755185 1523553.1635819683 3504575.4199377773 4349032.953830444 2288946.700243891 116088.3414525043 0.0 0.0
5525084.671962732 0.0 0.0 13583159.06417035 0.0 15681394.860879697 10272715.494722698 0.0 8459072.581702247 13618748.316442903 7729917.361946315 12281910.213825896 14970901.884291656 10767213.182323122 10914371.037792187 4644852.603287875 3571900.8836739776 7931731.670625672 1881582.9322637427 4867754.018555853 4711469.050342031 4530145.8833021 3817183.972749704 3228861.3972856244 2191725.8613379067 0.0 847350.197546205 894344.7510455343 3215699.230944407 0.0 0.0 0.0 0.0 0.0 10252327.375289278 7751441.8036624165 7850080.073069989 9930521.900829518 21534719.764776733 6782884.837311723 5847703.277715125 9202464.932528773 -9999 -9999 5056354.907063632 11398308.475582546 1615083.8074249704 2608106.4081561533 470439.27859686565 -9999 1100166.249023042 1372216.8192350825 1894694.2477934062 -9999 2586728.1351056164 0.0 615458.4853570114 2272039.012978167 5529106.317060863 3705421.0602943054 4204102.800038799 976199.5370342969 1033317.7058077576
97887884.21072446 57303760.46599852 0.0 3252672.922524726 4005142.1992781213 8540995.733187133 11496374.374979991 0.0 11039271.971920077 15706760.295055604 15632360.994630188 12532243.224077355 6210483.063101706 5312304.65679577 5894032.991968156 8961831.474809172 9358854.80551539 9393382.943471653 1928451.3792759187 0.0 0.0 0.0 5003945.119352379 2677092.4107266637 2712929.4374215594 0.0 3461151.5624463805 0.0 2258596.7669965466 0.0 0.0 33521939.66563524 0.0 14473782.258725503 14901493.41145952 13195069.222369166 9767360.799897835 13904123.027869849 10735394.817770675 21973810.29303389 6395554.054924462 10952596.961585885 -9999 -9999 7138553.624260866 1079980.411118981 1388822.049880638 2885520.634558594 0.0 660365.873605552 990068.5448253647 2888953.9510383112 1130701.4226243168 -9999 2117216.630683122 221285.70100956646 254297.22250099614 1731425.8639898747 5949345.525681993 0.0 0.0 -9999 -9999
17430650.392921552 40248235.83144603 16333784.721386129 5994151.089119937 2942574.0194894737 0.0 0.0 5799486.93757427 14078741.101782864 2232446.648355607 9667262.99646702 7247641.2613408575 10690877.82432017 12910894.994804999 2977913.1045220587 14402808.227163456 10111109.488943156 13283577.233820263 0.0 0.0 0.0 0.0 0.0 0.0 133118.10269630712 4295039.845656992 5035022.05828504 0.0 5061668.255169594 3969221.478267087 12325149.199062757 30247893.86280885 14973588.929533754 20447382.35343011 13444322.921567783 8389584.166444115 11206718.018064244 -9999.0 -9999.0 15403492.72098795 8022546.435938001 -9999 -9999 -9999 11116819.56070096 1338060.7700406704 2666523.993053087 1233025.038885706 248631.11120810514 -9999 -9999 2408348.8837242667 537631.4427463826 -9999 -9999 -9999 3169419.607980453 3127921.4775721505 4712096.648302604 1495367.0867434808 -9999 -9999 -9999
18826173.308092423 0.0 18656567.40631197 9351287.193306586 12802772.799882526 10725390.135983398 1340849.8971392792 0.0 3354808.5569589497 3068761.16213768 6271330.864540979 3599925.0435948344 14605381.428769428 15524752.637642963 0.0 11176107.399413064 12504430.904351 0.0 0.0 0.0 0.0 0.0 0.0 5990357.545057477 2232111.5091343317 3062006.06805241 2704363.12576488 4068062.0817124494 4239696.833719139 8186754.851897779 -9999.0 -9999.0 -9999.0 -9999.0 -9999.0 -9999.0 -9999.0 -9999.0 -9999.0 -9999.0 8751403.398979474 -9999 -9999 -9999 10784005.815838378 1922991.6749157172 1612207.3621487743 3518493.305474384 3070324.935496058 2356408.8773730793 2442011.7407452003 3059762.8594466317 906386.2165357108 -9999 -9999 1375756.5159847967 -9999 -9999 0.0 0.0 -9999 0.0 5064793.273777833
-9999.0 29749859.22565185 17774378.04793946 6410840.739387643 2096500.5560996644 0.0 0.0 0.0 9325531.868619971 4687161.8185983235 28567134.640750118 9737627.118505532 15645529.075712783 21482376.44163322 27275233.31599235 10359278.904241154 5100268.137818293 0.0 0.0 0.0 881305.5746043666 0.0 0.0 0.0 7728013.01320767 3321480.2767269006 0.0 3021086.1362355053 0.0 16734759.398846025 -9999.0 -9999.0 -9999.0 -9999.0 -9999.0 -9999.0 -9999.0 -9999.0 -9999.0 -9999.0 1206115.3882811223 24168335.427456778 14641650.88241087 -9999 10529207.59106738 4096410.187415122 1609167.119350504 1944517.835282327 4468526.426098817 3892569.0573774436 2688865.144027935 2559272.889744295 707067.8201668048 -9999 -9999 672382.2145393594 -9999 -9999 -9999 0.0 -9999 -9999 -9999
-9999.0 20717622.65144914 4307987.708842201 0.0 7376087.494192362 11424572.561214348 539161.8755180957 0.0 1910083.1359716628 0.0 0.0 0.0 13733614.405866433 19732901.876618702 21295616.134967607 19799306.72396552 3038848.450503433 4223393.115477051 3980913.1425380325 3926904.249421275 5499643.38377622 949952.240340626 0.0 2830813.0719124903 2960226.796363735 3084191.920731176 1382810.3102329096 0.0 11798101.842898903 10471186.971643308 -9999.0 -9999.0 -9999.0 -9999.0 -9999.0 -9999.0 -9999.0 -9999.0 -9999.0 -9999.0 -9999.0 2535017.3566538757 3987204.4717819137 -9999 8051527.702548618 2070853.9444788047 2221755.7895939783 21467620.066094946 4158867.558679198 3714232.11639777 3483233.39282412 1027106.7666316034 585122.1483970872 -9999 725458.3940816886 4961342.855060213 6208577.896101771 0.0 0.0 0.0 0.0 0.0 -9999
