Model Version1.4/trunk/output/2010/nh3em_crit_dep.asc
ncols 720
nrows 360
xllcorner -180.0
yllcorner -90.0
cellsize 0.5
NODATA_value -9999.0
[rows 120 to 149 of 360, columns 469 to 535 of 720]
-9999.0 3516878.8592412826 3572460.5295277764 3556259.582365575 3704771.978206993 3596520.330352997 3585079.4477562285 -9999.0 -9999.0 -9999.0 -9999.0 -9999.0 -9999.0 -9999.0 -9999.0 -9999.0 -9999.0 -9999.0 -9999.0 -9999.0 -9999.0 -9999.0 -9999.0 896866.2186290366 927253.2320671238 -9999.0 886080.8148365478 879530.1297705462 -9999.0 3462246.6280001756 3429203.39314132 662466.6392997061 1344990.0 1344990.0 1344990.0 1344990.0 1344990.0 1344990.0 173459.52610766562 4707465.0 4707465.0 4707465.0 2017485.0 2017485.0000000005 2017485.0 2017485.0 2017485.0000000002 2017485.0 -3879408.4470843873 -2622886.342155159 -2638076.3579858798 -1007860.6337295405 1523500.4860244957 627092.9337936874 629043.0964599652 -9999.0 -9999.0 -9999.0 -9999.0 -368077.1361437375 -9999.0 -28968.142430588603 -28826.83617701521 -470335.1756752776 174995.86718953447 -9999.0 -9999.0
3395804.080705856 -9999.0 3839394.484816024 3567472.854679497 3590962.4560173247 3617210.6528462716 3611036.9444717416 291267.3336074527 -9999.0 -9999.0 -9999.0 -9999.0 -9999.0 -9999.0 -9999.0 -9999.0 -9999.0 -9999.0 -9999.0 -9999.0 -9999.0 -9999.0 -9999.0 -9999.0 4589465.670593804 -9999.0 835985.7631249125 652277.8400236343 -9999.0 -9999.0 -9999.0 161271.37440025155 1351650.0 1351650.0 1351650.0 865394.1844838685 713847.066665925 -298724.50329781417 -1659736.0771871351 955712.92710084 4730775.0 4730775.0 2027475.0000000002 2027475.0 2027475.0 2027474.9999999995 2027475.0 2027475.0000000005 2027475.0000000002 -710827.964427525 -1917569.660865423 -321902.5590369888 2703300.0000000005 3379125.0 2028570.3588592047 982159.8451244774 -9999.0 -9999.0 -9999.0 -9999.0 -9999.0 -9999.0 -21827.096639865544 -612.5169350514772 310978.4219571692 337469.824464479 -308172.4406919316
3545387.129978039 3506394.732554268 3490238.0200339463 -9999.0 3565995.877979114 206414.86426280392 423559.02659305814 253724.99017680075 570512.9145348778 -9999.0 -9999.0 276890.9213934516 242806.43696375695 -9999.0 877269.418884228 -9999.0 -9999.0 -9999.0 -9999.0 -9999.0 -9999.0 -9999.0 -9999.0 837648.7721724109 -9999.0 722173.9839443299 738701.4764292705 1002133.5275661092 1144584.6376382492 -9999.0 959223.1614109867 1358205.0 1358205.0 1089450.4686533997 -9999.0 -27376.20820910065 -1261517.0089289092 -9999.0 -1282320.9082938686 -9999.0 776819.6913504547 369277.3347485645 2037307.5 2037307.5 2037307.5 1865676.825319999 2037307.5000000002 2037307.4999999998 2037307.5 2037307.5000000002 2037307.5 1570221.1601936212 1885815.0719988027 1180445.3325711817 2716410.0 1579458.9606270867 1746591.965771215 1265428.6073125503 -9999.0 -9999.0 -9999.0 -9999.0 -9999.0 -9999.0 -9999.0 -9999.0 -1029838.6747176959
4776292.5 3558253.719140658 150294.45162471625 264911.8786947683 242484.43224076994 241164.82392174893 456366.7713650547 255592.95701483896 242816.07573722434 -9999.0 -9999.0 276778.8007968691 -9999.0 292782.1654782824 -9999.0 -9999.0 -9999.0 -9999.0 -9999.0 -9999.0 -9999.0 -9999.0 -9999.0 1140535.599271052 -9999.0 696849.5462616514 651391.0867823665 -686813.3012718338 -609208.7238735454 -931504.9945320869 1364655.0 100103.27993907759 1112130.543532562 -9999.0 -9999.0 -1287762.3162814234 -1651604.5651908524 -2036685.9777610744 -1661539.2963664676 1836866.2191421909 2419377.2202844336 4692189.846538974 -1821824.5240101865 -993415.8544986295 2046982.5 2046982.4999999995 2046982.5 2046982.5 2046982.5 2046982.4999999998 2046982.4999999998 2046982.5000000002 2046982.4999999995 2046982.5 2729310.0 2729310.0 2729310.0 2729310.0 2729309.9999999995 2729310.0000000005 2257953.6941934708 -69335.32086403761 -9999.0 -9999.0 -9999.0 -1085687.420032946 -9999.0
28779.051227110478 142471.6036014449 123465.0397543041 200741.0036496906 224203.41876703897 273847.33699341805 -9999.0 361072.8072038968 320053.5846748235 338006.83113144356 -9999.0 -9999.0 -9999.0 -9999.0 -9999.0 -9999.0 -9999.0 -9999.0 -9999.0 -9999.0 -9999.0 -9999.0 -9999.0 1194512.5819277477 -9999.0 -9999.0 354487.04518889147 -1188399.0112402518 1371000.0 -410671.5890458552 947674.5184406196 -9999.0 -9999.0 -413011.5742145595 -728111.3732976852 -1190542.8590272176 219298.84825908951 -993298.8374487226 3276813.572470071 4798500.0 4798500.0 2056500.0000000005 -490873.64864853455 2056500.0 2056499.9999999998 2056500.0000000002 2056500.0 2056500.0000000002 2056500.0000000002 2056499.9999999998 2056500.0 2056499.9999999998 2056499.9999999995 4113000.0 4113000.0000000005 2056500.0 2056499.9999999998 2742000.0 2742000.0 2654773.174499526 2742000.0000000005 2742000.0 2742000.0 3427500.0 459040.1800823295 -786922.9946209851 -978441.8353580061
32734.841696472387 127366.74980889444 122333.8639518477 1377245.0 364851.9866135553 475905.8603375359 -9999.0 310585.27720544103 -9999.0 341924.9044548689 343632.30421526503 354074.2786366455 381848.578393999 -9999.0 318534.47851303656 292793.9003447256 -9999.0 -9999.0 -9999.0 -9999.0 -9999.0 -9999.0 948698.4284103271 1073937.1479082275 -9999.0 -9999.0 -816366.5513361124 1377245.0 275579.8418308175 1125992.5297994069 -9999.0 -951995.0260220249 -799874.3869094595 -1062558.7305197397 -1054477.1518123867 -1008643.879011646 -9999.0 1970245.6172835114 4820357.500000001 4820357.5 -984358.0720762021 2065867.5 2065867.5 -2621189.488951253 2065867.5 2065867.4999999998 2065867.5 2065867.4999999998 2065867.5 2065867.5 2065867.5000000002 2065867.5 4131735.0 4131735.0 4131735.0 4131735.0 4131735.0 4131735.0 4131735.0 4131735.0 4131735.0000000005 2754490.0 2754490.0000000005 2754490.0 2754489.9999999995 2754490.0 1381716.6893106392
114968.96955151256 183235.5111407656 -9999.0 -9999.0 -9999 365150.4020141293 -9999.0 -9999.0 -9999.0 -9999.0 -9999.0 -9999.0 -9999.0 -9999.0 -9999.0 -9999.0 -9999.0 819197.9141432745 1146192.131449295 1195601.4090408692 -9999.0 -9999.0 -9999.0 -9999.0 -9999.0 458441.772188335 -973456.293098853 1383380.0 1056406.214983529 -9999.0 -9999.0 -9999.0 -841840.630269822 -946345.1295537472 -315939.3519142504 -1100953.540264056 -971052.164015579 2372363.913323217 4841829.999999999 2075069.9999999995 2075070.0000000002 2075070.0000000005 2075070.0 2075070.0000000005 2075070.0 1690204.7671840945 2075070.0 2075070.0 2075070.0 2075070.0 2075070.0 4150140.0 4150140.0 4150140.0 4150140.0 4150140.0 4150140.0000000005 4150140.0 4150140.0 4150140.0 4150140.0 4150140.0 4052115.163833151 4150140.0000000005 2766760.0 2766760.0 2766760.0
-9999 -9999 -9999 253339.2319087016 -9999 310248.66890355246 -9999.0 -9999.0 -9999.0 -9999.0 -9999.0 -9999.0 -9999.0 -9999.0 -9999.0 1021197.9459202839 1304327.2923097808 1192923.2232302236 -9999.0 -9999.0 -9999.0 887348.1218604596 862661.5712537229 834821.2271079444 -9999.0 -9999.0 446815.237141273 1389410.0 319732.0333262407 1056848.2792698252 -9999.0 -9999.0 -854114.4729349776 -929498.9435009584 -979837.2408489274 -1116543.440422456 2771433.2512604576 4862935.0 4862935.0 2084115.0 2084115.0000000005 1600293.3252731343 2084115.0 2084115.0 799289.2445552954 1944801.8589760307 2084115.0000000002 1309222.9509780472 338848.9971627025 2084115.0 2084115.0 2084115.0000000005 4168230.0 4168230.0 4168230.0 4168229.9999999995 4168230.0 4168230.0 4168229.9999999995 4168230.0000000005 4168230.0 4168230.0 4168230.0 4168230.0 4168230.0 4168229.9999999995 4168230.0
-9999 -9999 526632.6880914079 419063.522118904 -9999 -9999.0 -9999.0 -9999.0 -9999.0 -9999.0 -9999.0 -9999.0 449982.9260796736 494555.52723997046 -9999.0 1123885.9451742182 -9999.0 1103170.3169160224 -9999.0 -9999.0 -9999.0 -9999.0 -9999.0 621726.1560902579 614830.038972531 -9999.0 -9999.0 135250.2169279831 1395340.0 463314.88660285936 887553.7846579687 -9999.0 -964147.6557105172 -1050358.2570748206 -1068414.8340593337 2761314.594480499 4883690.0 4883690.0 298052.07607336086 2093009.9999999998 2093009.9999999998 2093009.9999999998 2093010.0 2093010.0 2093010.0000000002 -1781017.9959961968 1379861.997455487 2093010.0 2093010.0 2093009.9999999998 2093010.0 2093010.0 2093010.0 2093010.0000000005 2093009.9999999995 4186020.0000000005 4186020.0 4186020.0 4186020.0 4186020.0 4186020.0 4186020.0000000005 4186019.9999999995 4186019.9999999995 4186020.0 4186020.0 4186020.0000000005
-9999 273286.37081846094 662826.908251528 479836.38131622167 -9999 -9999 -9999 -9999 -9999.0 -9999.0 -9999.0 400746.3885918617 438953.48789134895 395929.74214904156 -9999.0 -9999.0 -9999.0 -9999.0 -9999.0 -9999.0 -9999.0 -9999.0 -9999.0 -9999.0 693574.765280054 610284.1704139466 -9999.0 87278.72354127094 1401160.0 174793.63862704905 452675.2992570341 -9999.0 -167731.94676582812 -991903.5980086854 3165183.949862455 4904060.0 4904060.0 2101740.0 1289740.001699922 2101740.0 2101740.0 2070727.3484901863 2101740.0 2101740.0 2101740.0 -642560.0958847058 2101740.0 1718823.8933084114 2101740.0 1749569.9364492632 2101740.0 4203480.0 4180020.548716601 3870715.393930475 4203480.0 4203480.0 4203480.0 4203480.000000001 4203480.0 4203480.0 4203480.000000001 4203480.0 4203480.0 4203480.0 4203480.0 4203480.0 4203480.0
-9999.0 -9999.0 364074.2437701068 514724.0054299683 -9999.0 -9999 -9999 -9999 -9999 -9999 -9999 -9999 -9999 -9999 -9999 -9999 -9999 -9999 -9999 -9999 -9999 -9999 -9999 -9999 619761.1104145508 467116.001291301 -411832.5149464004 1406875.0 1406875.0 -35560.75501280674 664394.1541716795 -9999.0 -9999.0 2463495.830820762 4924062.5 2110312.5 1582737.5190860354 -92559.11247317902 2110312.5 2110312.5 2110312.5 2110312.4999999995 2110312.5 2110312.5 2110312.5 2096818.222396764 2110312.5 2110312.5 4220625.0 4220625.0 -62553.31318135094 703920.3362803283 4163408.8484363365 3972723.613002831 3717351.072791444 2854746.4869897533 2079443.389776578 1443130.5222298224 993119.535125112 4220625.0 4220625.0 4220625.0 2724156.298104991 4220625.0 4220625.0 3065568.015749337 4220625.0
385269.433584786 1011441.6825984048 1192321.0975999054 399844.66199955385 505026.221465399 -9999.0 -9999 -9999 -9999 -9999 -9999 -9999 -9999 -9999 -9999 -9999 -9999 -9999 -9999 -9999 -9999 -9999 -9999 -9999 -9999 -9999.0 -70999.91358463373 304968.08839392266 1068265.6467115888 -312280.1833461106 -9999.0 -9999.0 -9999.0 2843647.629814361 4943680.0 2118720.0 1379582.5558197817 -73824.70987697408 545995.2893944762 934750.0973824697 2118720.0 2118720.0000000005 2118720.0 2118720.0 2118720.0 2118720.0 2118720.0 2118720.0 3559133.4091347 3987239.7248892104 3185200.103587457 294643.9450955768 655676.8518248957 4237440.0 4045864.102208902 679535.7807010817 743981.2293212819 2367437.0864706747 3084757.297305567 3107318.450314069 -677196.1895969736 1398606.6181574436 3241960.901607115 4237440.0 4092993.4859177293 2685128.761804276 4237440.0
-9999.0 -9999.0 456285.29855353857 482757.5278863568 -9999.0 570519.7021629307 630324.7609227814 548948.4595294246 -9999.0 -9999 -9999 -9999 -9999 -9999 -9999 -9999 -9999 -9999 -9999 -9999 -9999 -9999 -9999 -9999 -9999 -9999.0 -9999.0 -9999.0 -893383.1257231823 -1293447.9356292095 -1314381.2481332107 2320914.4220089377 3341589.170286654 4002037.4233944933 2126962.5 2126962.5000000005 2126962.5 2126962.5 2126962.5 2126962.5 2126962.5 2126962.5 2126962.5 2126962.5 2126962.5 85493.12493437783 2126962.5 2126962.5 2126962.5 4253925.000000001 4253924.999999999 4253925.0 4253925.0 2859841.3631568784 -1495985.6920803387 -2901195.3460601703 -2424133.4981244304 -2071584.855893515 -2111632.0030254037 -2447856.5164590525 -1468355.4212964945 -1002296.2474111333 1919494.5731159174 3869857.235351431 4253925.0 3764718.5983252246 4253925.0
-9999.0 454501.25851049274 -9999.0 -9999.0 483488.74260912085 527199.4067053664 520794.26474162895 546381.258733271 555962.7335754267 -9999.0 -9999 -9999 -9999 -9999 -9999 -9999 -9999 -9999 -9999 -9999 -9999 -9999 -9999 -9999 -9999 -9999 -9999 -9999.0 4981795.000000001 -757112.4053873959 3575366.919969217 4981795.0 4981795.0 329832.15678506345 2135055.0 2135055.0 2135055.0 2135055.0 2135055.0 2135055.0 2135055.0 2135055.0 2135055.0 2135055.0 2135054.9999999995 2135055.0 2135055.0 2135054.9999999995 2135055.0 4270110.0 4270110.0 4270110.0 2926994.393743539 -1075469.228903746 -131818.6067342905 -1400398.5491485002 -941870.4175864353 -806867.1418879437 -5041847.352321781 -4733420.170852043 -1172119.9118968225 1707844.2924674125 -1240292.6273765608 2465292.679740603 4270110.0 4270110.0 4270110.0
-9999.0 -9999.0 -9999.0 -9999.0 -9999.0 594412.7509927836 593569.7320218139 597328.4507603198 595817.7072418312 568001.5687428532 -9999.0 -9999 -9999 -9999 -9999 -9999 -9999 -9999 -9999 -9999 -9999 -9999 -9999 -9999 -9999 -9999 -9999 -9999 -9999.0 797288.7559087914 1978158.088579927 407538.22577445745 2142975.0 2142974.9999999995 2142975.0 2142975.0 2142975.0 2142975.0 2142975.0000000005 2142975.0 2142975.0 2142974.9999999995 2142975.0 2142975.0 2142975.0 2142975.0 2142975.0 2142975.0 753793.6144953799 4285950.0 4285950.0 4285950.0 3398624.2767174803 -73055.20732432994 -564453.7497298135 -705691.9189859412 -2212270.688321325 -2617329.784755869 -1960138.2686387482 -2028794.9131880198 -1206914.6364322242 -1799223.5071070183 -1057600.542938759 -18483.231529620825 2206724.1484711524 4285950.0 4285950.0
-9999.0 -9999.0 -9999.0 -9999.0 -9999.0 -9999.0 -9999.0 599395.7854348673 605004.9177750231 588898.0982113287 -9999.0 -9999 -9999 -9999 -9999 -9999 -9999 -9999 -9999 -9999 -9999 -9999 -9999 -9999 -9999 -9999 -9999 -9999 -9999.0 2150737.5 2150737.5 2150737.5 2150737.5 2150737.4999999995 2150737.5 2150737.5 2150737.5 2150737.5 2150737.5 2150737.5 2150737.5000000005 2150737.5 2150737.5 2150737.5 2150737.5 2150737.5 59648.84452510904 105999.88235799555 4301475.0 4301475.0 4301475.0 3591359.273816552 1813641.8651950548 -836221.6938666869 2682828.1393498355 2721248.363067689 2158580.270898698 -2301267.6996619897 -1908577.325816136 -1479088.8202957425 -1038337.5034709675 -2259030.7132136836 877672.0972521901 -1381299.9154492968 3267657.475487331 4301475.0 4301475.0
-9999.0 -9999.0 -9999.0 -9999.0 -9999.0 -9999.0 -9999.0 -9999.0 -9999.0 -9999.0 -9999.0 -9999 -9999 -9999 -9999 -9999 -9999 -9999 -9999 -9999 -9999 -9999 -9999 -9999 -9999 -9999 -9999 -9999 -9999 1256112.9822624205 2158335.0 2158335.0 2158335.0 2158335.0 2158335.0 2158335.0 2158335.0 2158334.9999999995 2158335.0 667509.3466120468 2158335.0000000005 2158335.0 2158335.0 2158335.0 2158334.9999999995 -1342220.670874058 2158335.0 2158335.0 652536.031043791 -86515.83621310093 1919573.950293522 4316670.0 40704.70132406866 4316670.0 4316670.0 4316670.0 4073191.2700374397 3057462.5451387228 -1420063.5846190827 -429020.38653288956 -2261831.9141480327 -1714230.980495527 2332746.147285807 -1334738.0050869214 4316670.0 4316670.0 3637015.8786547836
-9999.0 -9999.0 -9999.0 -9999.0 -9999.0 -9999.0 -9999.0 -9999.0 -9999.0 -9999.0 -9999 -9999 -9999 -9999 -9999 -9999 -9999 -9999 -9999 -9999 -9999 -9999 -9999 -9999 -9999 -9999 -9999 -9999 -9999 -9999 1160794.0413606795 2165767.5 1596259.1525029242 2165767.5 2165767.5 846799.099703026 2165767.5 2165767.5 2165767.5 2165767.5 2165767.5 2165767.5 2165767.5000000005 2165767.5 565320.5667480432 -575057.0939181101 2165767.5 36717.44379987427 4141632.05587327 4331535.0 4331535.000000001 3597855.9625035683 1005714.9318872453 4331535.0 4331535.0 2101804.58678124 1937609.0820112291 2173368.9467526292 4331535.0 -1889574.9941992606 -1374676.6930457396 -656745.3286134234 -1124082.8582889088 839010.9007559442 3098017.258210087 -9999 -9999
-9999.0 -9999.0 -9999.0 -9999.0 -9999.0 -9999.0 -9999.0 -9999.0 -9999.0 -9999 -9999 -9999 -9999 -9999 -9999 -9999 -9999 -9999 -9999 -9999 -9999 -9999 -9999 -9999 -9999 -9999 -9999 -9999 -9999 -9999 -9999 752507.2781183483 2173034.9999999995 2173035.0 -9999.0 -9999 1406174.8086330406 2173035.0000000005 -856443.478092806 2173035.0 2173035.0 2173035.0 2173035.0 2173035.0 2173035.0 2173035.0 2173035.0 2173035.0 2173035.0 4346070.0 2173035.0 -274855.95119975327 961791.4365527836 3709130.712972128 3832212.893511109 -493042.4077204495 472926.1390830136 3461534.534211554 3477960.891672826 636897.7543908472 -1360811.443461124 2196662.513877175 3544903.9774772217 4346070.0 4346070.0 -9999 -9999
-9999.0 -9999.0 -9999.0 -9999.0 -9999.0 -9999.0 -9999.0 -9999.0 -9999.0 -9999 -9999 -9999 -9999 -9999 -9999 -9999 -9999 -9999 -9999 -9999 -9999 -9999 -9999 -9999 -9999 -9999 -9999 -9999 -9999 -9999 -9999 -9999 -9999 -9999 -9999 -9999 2180137.5 164881.92463670412 2180137.5 2180137.5 2180137.5 2180137.5 2180137.5 2180137.5000000005 2180137.5 2180137.5 2180137.5 1871680.4293729272 2180137.5 2180137.5 1681015.5301627954 -133687.67513330863 -961791.3069738222 -837701.1667587922 -835934.5910972679 -1712136.8955342458 -254766.26048978246 3198817.974260616 -1786391.2597312704 -1470896.0821937174 -1337888.6191998373 3370042.5325242453 4360275.0 4360275.000000001 286540.02734277863 -9999 -9999
-9999.0 -9999.0 -9999.0 -9999.0 -9999.0 -9999.0 -9999.0 -9999 -9999 -9999 -9999 -9999 -9999 -9999 -9999 -9999 -9999 -9999 -9999 -9999 -9999 -9999 -9999 -9999 -9999 -9999 -9999 -9999 -9999 -9999 -9999 -9999 -9999 -9999 -9999 -9999 2187067.5 2187067.5 2187067.5 2187067.5 2187067.5 2187067.5 2187067.5 2187067.5 2187067.5 2187067.5 2187067.5 1676207.2305730497 1843240.2121759169 1139481.550936404 582573.5389521075 -1257315.2481774916 -9999.0 -1277495.6093510268 -209024.8963396162 1482128.824139751 3262981.322012231 -612029.591779859 -886991.3601152272 -713712.0809919013 3943445.5443103453 1493991.3530262546 4082341.7440145314 1013408.8721200111 -9999 -9999 -9999
-9999.0 -9999.0 -9999.0 -9999.0 -9999.0 -9999.0 -9999.0 -9999 -9999 -9999 -9999 -9999 -9999 -9999 -9999 -9999 -9999 -9999 -9999 -9999 -9999 -9999 -9999 -9999 -9999 -9999 -9999 -9999 -9999 -9999 -9999 -9999 -9999 -9999 -9999 -9999 471449.95542129735 2193840.0 1477220.0216676923 1018048.1443475743 2193839.9999999995 2193840.0 2193840.0 2193840.0 2193840.0 2193840.0 2193839.9999999995 2193840.0 2141376.0522370264 -867546.911904122 -1865329.3895370082 -1204590.7819605805 -9999.0 -1449553.1385061385 31119.720557204917 4387680.0 935088.40907267 -574018.0563231426 -385569.9235390978 -679223.3135035171 3632423.268393554 41355.92285083048 -9999 -9999 -9999 -9999 -9999
-9999.0 -9999.0 -9999.0 -9999.0 -9999.0 -9999.0 -9999.0 -9999 -9999 -9999 -9999 -9999 -9999 -9999 -9999 -9999 -9999 -9999 -9999 -9999 -9999 -9999 -9999 -9999 -9999 -9999 -9999 -9999 -9999 -9999 -9999 -9999 -9999 -9999 -9999 -9999 2420505.943743964 2842072.424078041 2200440.0 2200440.0 2200439.9999999995 2200440.0 2200440.0 2200440.0 2200440.0 2200440.0 2200440.0 2200440.0 2200440.0 2200439.9999999995 2200440.0 291775.39542659133 -1236082.1873035221 -720747.5057301407 -585172.5353208641 687460.1431896888 966642.1888869538 1144162.345333763 1908665.2628200082 3787329.9049477405 696177.1425547372 -9999 -9999 -9999 -9999 -9999 -9999
-9999.0 -9999.0 -9999.0 -9999.0 -9999.0 -9999 -9999 -9999 -9999 -9999 -9999 -9999 -9999 -9999 -9999 -9999 -9999 -9999 -9999 -9999 -9999 -9999 -9999 -9999 -9999 -9999 -9999 -9999 -9999 -9999 -9999 -9999 -9999 -9999 -9999 -9999 1773207.4712796463 2342218.318461367 3103955.635124471 2206875.0 2206875.0 2206875.0 2206874.9999999995 2206875.0 2206875.0 2206875.0 2206875.0 2206875.0 2206875.0 4413750.0 4413750.0 748225.2506102712 193738.83799268497 -659939.3756183455 -313271.0002183008 -285572.71375651454 -92846.1998143725 3643654.6612575785 4413750.0 1017936.647765628 -9999 -9999 -9999 -9999 -9999 -9999 -9999
-9999.0 -9999.0 -9999.0 -9999.0 -9999 -9999 -9999 -9999 -9999 -9999 -9999 -9999 -9999 -9999 -9999 -9999 -9999 -9999 -9999 -9999 -9999 -9999 -9999 -9999 -9999 -9999 -9999 -9999 -9999 -9999 -9999 -9999 -9999 -9999 -9999 -9999 -9999 2895080.182623332 2031324.7507330324 4426275.0 1633037.6551773646 2213137.5 2213137.5 2213137.4999999995 2213137.5 2213137.5000000005 2213137.4999999995 2213137.5 4426275.0 4426275.0 4426275.0 950355.5593781045 3555786.97661263 1179580.964362476 -719726.2840879497 -124589.94082908863 1382887.3161841268 3947628.561417008 -9999.0 -9999 -9999 -9999 -9999 -9999 -9999 -9999 -9999
-9999.0 -9999.0 -9999 -9999 -9999 -9999 -9999 -9999 -9999 -9999 -9999 -9999 -9999 -9999 -9999 -9999 -9999 -9999 -9999 -9999 -9999 -9999 -9999 -9999 -9999 -9999 -9999 -9999 -9999 -9999 -9999 -9999 -9999 -9999 -9999 -9999 -9999 3097974.9223153563 2003639.8446752948 4438485.0 2219242.5 1311019.888361946 2219242.5 2219242.4999999995 2219242.5 2219242.5 2219242.5 4438485.0 2219242.5 4438485.0 4438485.0 4438485.0 3552281.52724709 4082003.786911606 4402865.635307213 4032620.205272038 525361.253832147 -9999 -9999 -9999 -9999 -9999 -9999 -9999 -9999 -9999 -9999
-9999 -9999 -9999 -9999 -9999 -9999 -9999 -9999 -9999 -9999 -9999 -9999 -9999 -9999 -9999 -9999 -9999 -9999 -9999 -9999 -9999 -9999 -9999 -9999 -9999 -9999 -9999 -9999 -9999 -9999 -9999 -9999 -9999 -9999 -9999 -9999 -9999 3079814.229630056 2220409.7887287415 4450335.0 2225167.5 2225167.5 2225167.5 2225167.5 2225167.5 2225167.5 2225167.4999999995 2225167.5 2225167.5 4450334.999999999 4450335.0 4450335.0 4450335.0 4450335.0 4450335.0 4450335.0 -9999 -9999 -9999 -9999 -9999 -9999 -9999 -9999 -9999 -9999 -9999
-9999 -9999 -9999 -9999 -9999 -9999 -9999 -9999 -9999 -9999 -9999 -9999 -9999 -9999 -9999 -9999 -9999 -9999 -9999 -9999 -9999 -9999 -9999 -9999 -9999 -9999 -9999 -9999 -9999 -9999 -9999 -9999 -9999 -9999 -9999 -9999 -9999 1931670.9909192864 2591497.785526392 4461854.999999999 4461855.000000001 4461855.0 2230927.5 2230927.5 2230927.5 2230927.5 2230927.5 2230927.5 -814719.5416887887 -1377921.5170847357 4461855.0 4461855.0 4461855.0 4221812.5892672585 1111681.9020185294 479589.198890227 -9999 -9999 -9999 -9999 -9999 -9999 -9999 -9999 -9999 -9999 -9999
-9999 -9999 -9999 -9999 -9999 -9999 -9999 -9999 -9999 -9999 -9999 -9999 -9999 -9999 -9999 -9999 -9999 -9999 -9999 -9999 -9999 -9999 -9999 -9999 -9999 -9999 -9999 -9999 -9999 -9999 -9999 -9999 -9999 -9999 -9999 -9999 -9999 -9999 4473030.0 2256803.283546976 4473030.0 4473030.0 2236515.0000000005 2236515.0 2236515.0 2236515.0 2236515.0000000005 2236515.0 -1028200.0327905316 1755210.5567092872 4473030.0 4473030.0 2998062.6603194177 1002859.3028014898 -9999 -9999 -9999 -9999 -9999 -9999 -9999 -9999 -9999 -9999 -9999 -9999 -9999
-9999 -9999 -9999 -9999 -9999 -9999 -9999 -9999 -9999 -9999 -9999 -9999 -9999 -9999 -9999 -9999 -9999 -9999 -9999 -9999 -9999 -9999 -9999 -9999 -9999 -9999 -9999 -9999 -9999 -9999 -9999 -9999 -9999 -9999 -9999 -9999 -9999 -9999 2765988.427815881 1511668.4787373785 2498536.6155465273 4483875.0 2241937.5 2241937.5 2241937.5000000005 -955422.7762331202 125988.53409392154 2241937.5 -933557.6452894333 -1635578.1031927937 4483875.0 1353082.5989649054 -9999 -9999 -9999 -9999 -9999 -9999 -9999 -9999 -9999 -9999 -9999 -9999 -9999 -9999 -9999
