Model Version1.4/trunk/output/2010/nin_crit_sw_agri.asc
ncols 720
nrows 360
xllcorner -180
yllcorner -90
cellsize 0.5
NODATA_value -9999
[rows 84 to 111 of 360, columns 434 to 495 of 720]
-9146382.770335263 -97259362.4248174 -5859444.960054041 14249243.060422221 -8891848.059382826 40805318.3491053 -65657447.47239196 -40504594.70644405 -22903915.47625913 -16485313.577434365 -9999 -108433985.58519678 -1719642.680647513 26194095.12369375 51209107.58548473 -4860690.63676339 -22416509.83995416 -10988086.802559528 -6438010.930565654 -25280441.8144168 -9401188.376089325 -9999 -9999 -9999 -9999 -9999 -9999 -9999 -9999 -185043050.64238676 -9999 -9999 -9999 -9999 -9999 -9999 -9999 -9999 -9999 -9999 -9999 -9999 -9999 -9999 -9999 -13090401.467848178 -9999 -9999 -9999 -9999 -9999 -9999 -9999 -9999 -9999 -9999 -9999 -9999 -9999 -9999 -9999 -9999
68746307.90548554 -48097705.63759379 34849974.78203233 -6702141.711822285 17809885.426721178 -181501764.13283154 -102809914.4075919 -12101061.490792774 -12064136.70193604 -16048196.205858465 44517812.773822695 56866331.09334994 102127427.4827019 3947527.57848588 48993336.85851357 -6176163.536187398 -11753185.661255417 -17704186.103618376 -9999 -3399636.2049560533 -30469380.51884006 -15386103.595689336 -9999 -9999 -9999 -9999 -9999 -9999 -9999 -1498544060.7173283 -9999 -9999 -9999 -9999 -9999 -9999 -9999 -9999 -9999 -9999 -9999 -9999 -9999 -9999 -9999 -9999 -9999 -9999 -9999 -9999 -9999 -9999 -9999 -9999 -9999 -9999 -9999 -9999 -9999 -9999 -9999 -9999
88914461.16869365 200540263.10983863 89311910.40776208 89203886.60951653 -13222131.785179637 49590082.71652122 -43850735.412227534 -66105958.73623537 -47794726.999392346 -21294255.321998212 76826079.12042516 24828985.373389326 49114195.67457436 38133551.016342424 6205416.588477762 -5277624.275432882 -12021989.23963957 -4345593.91341769 -21788110.74567949 -9999 -14362174.628449768 -1421801333.2795606 -32889299.688558355 -10239973.33775805 -9999 -9999 -9999 -9999 -9999.0 -9999 -9999 -9999.0 -9999 -9999 -9999 -9999 -9999 -9999 -9999 -9999 -9999 -9999 -9999 -9999 -9999 -9999 -9999 -9999 -9999 -9999 -9999 -9999 -9999 -9999 -9999 -9999 -9999 -9999 -9999 -9999 -9999 -9999
-9999.0 269560454.6236574 51532598.28250854 90405621.14328764 49001980.72913109 -10474032.247828823 35204388.89856947 -36783273.226919346 -42245447.8157242 -76347086.5753062 64037291.579317644 -101156106.60297921 -60433245.395522475 2537210.801177931 -29620267.020259544 4006225.0677638254 -18579849.14472133 -63905672.89093579 -11925845.228746057 -9999 -9999 -688835891.0874844 -2383987525.1202927 -1082587305.7655463 -9999 -9999.0 -9999.0 -9999.0 -9999.0 -9999.0 -9999.0 -9999.0 -9999 -9999 -9999 -9999 -9999 -9999 -9999 -9999 -9999 -9999 -9999 -9999 -9999 -9999 -9999 -9999 -9999 -9999 -9999 -9999 -9999 -9999 -9999 -9999 -9999 -9999 -9999 -9999 -9999 -9999
-9999.0 362283400.4125296 -34387710.79391892 72975566.14600225 29970408.957123797 -36386960.55321748 -49735790.276848644 -19455189.797792837 -30187872.90603167 -50555416.71826413 34803711.769578844 25727555.503898058 10981742.663709342 60411906.844235465 -20311649.858937345 -13049506.26674258 114053.71615807788 -3341755.788438862 -221810513.8863569 -9999 -39274056.18945303 -664591638.614048 -655902150.7139359 -9999 -9999.0 -9999.0 -9999.0 -9999.0 -9999.0 -9999.0 -9999.0 -9999 -9999 -9999 -9999 -9999 -9999 -9999 -9999 -9999 -9999 -9999 -9999 -9999 -9999 -9999 -9999.0 -9999 -273256493.5457689 -183375626.51350993 -558142278.1215508 -9999 -9999 -9999 -9999 -9999 -9999 -9999 -9999 -9999 -9999 -9999
57455785.93868452 62111900.94004965 -266255091.47685197 -204508378.9970261 -193074614.08200946 -28775802.5440249 -32433755.9278288 -78550621.04233815 -40480827.32378807 -66438660.34808707 7135093.603457592 -5861423.3279597815 14949647.081456387 42261660.49399192 34094350.88029634 -8624139.476727996 -43389103.26455185 -380181320.169322 -538307962.8038092 -90536487.61276764 -1136695833.5593443 -9999.0 -9999.0 -9999.0 -9999.0 -9999.0 -9999.0 -9999.0 -9999 -9999 -9999 -9999 -9999 -9999 -9999 -9999 -9999 -9999 -9999 -9999 -9999 -9999 -9999 -9999 -9999.0 -9999.0 -9999.0 -9999.0 -9999 -195262174.69086102 -9999 -9999 -9999 225592170.65556505 -177967782.0899244 87662191.75404441 157287320.03416228 196911646.29998022 -9999 -9999 -9999 -9999
26913927.723253965 20175060.30378476 32837809.229886737 63935491.27468608 50425423.55640193 75580125.87647434 69379551.96443513 -20436679.315773457 -50368018.527409345 -21074154.593581192 12986229.51020872 5541183.058407387 6035911.0453558415 15781162.171315927 -11706463.747087253 -16454641.585260864 -129576764.78614633 -210976244.4924878 -1728601121.9599118 -1424233701.04409 -9999 -9999.0 -9999.0 -9999.0 -9999.0 -9999.0 -9999 -9999 -9999 -9999 -9999 -9999 -9999 -9999 -9999 -9999 -9999 -9999 -9999 -9999 -9999 -9999 -9999 -9999.0 -9999 -9999.0 -9999.0 -9999.0 -9999 -9999 -9999 -9999 -9999 241427340.76625633 120233457.20374113 104609064.38659258 -498506702.61545587 -849669350.3046699 -9999 -9999 -9999 -9999
-9999.0 -9999.0 39683885.23632609 74720918.09708232 53339699.32795158 93076658.11185555 50747859.32532652 40530886.37939323 36775055.82381268 21876063.296561085 16019810.700390061 -20643268.617203906 -63648037.10487354 -37290649.63218334 -8895068.01858702 87077515.95077816 188688158.22357976 -72392158.95473294 -501031560.3510796 -82382942.64030986 -9999 -9999.0 -9999.0 -9999.0 -9999.0 -9999.0 -454591684.0316476 -9999 -9999 -9999 -9999 -9999 -9999 -9999 -9999 -9999 -9999 -9999 -9999 -9999 -9999 -9999 -9999 -9999.0 -9999.0 -9999.0 -9999.0 -9999 -9999 -9999 -9999 -9999 -9999 -9999 -9999 -9999 -9999 -9999 -9999 -2289258.464481324 23907244.282202296 -9999
-9999.0 -9999.0 -9999.0 -9999.0 -9999 57519644.1069565 71881306.45372397 94349040.21315578 52409660.424058884 33134253.504235733 39804291.12633532 19816054.80322487 -20908237.434550352 -116553935.05678686 -42714926.42075738 -63961825.09392119 -71679141.40544254 -45441490.76278537 -117530390.37812287 -33725194.9184208 -591172307.6192358 -9999 -9999.0 -9999.0 -9999.0 -9999.0 -9999.0 -9999.0 -9999 -9999 -9999 -9999 -9999 -9999 -9999 -9999 -9999 -9999 -9999 -9999 -9999 -9999 -9999 -9999 -9999 -9999 -9999 -9999 -9999 -9999 -9999 -9999 -9999 -9999 -9999 -9999 -9999 -9999 -9999 -1299057498.240284 -53161850.771094196 33852897.39270803
-9999.0 -9999.0 -9999.0 -9999.0 -9999.0 30306824.932029177 38403764.443520576 83833518.89335923 78163730.05050161 104450777.79908097 89097060.3151969 72695379.2469996 45649684.258567594 5683998.709173206 -27561675.58201498 -30238106.870437887 -8181057.131941002 -38991642.00184492 2990434.920081211 -2101702.265399766 -41280010.57781577 -9999.0 -9999.0 -9999.0 -9999.0 -9999.0 -9999.0 -9999.0 -9999 -9999 -9999 -9999 -9999 -9999 -9999 -9999 -9999 -9999 -9999 -9999 -9999 -9999 -10892949.071234627 -37097620.84730478 -107020504.2023097 -47055749.16546772 -6523875.88910922 9029255.73141481 -9999 -9999 -9999 -9999 -9999 -9999 -9999 -9999 -9999 -9999 -9999 -9999 177601255.97446036 -326226844.10630524
-9999.0 -9999.0 -9999.0 -9999.0 -9999.0 -9999.0 -9999.0 -9999.0 81656270.65607052 36541660.38150315 49804658.477466166 -9999 -9999 83038468.66986093 86666799.62249713 76300550.87829632 74526397.24051395 36296699.76513712 14092667.047306698 11927285.799463222 -8245252.239163453 -158784864.9088799 -9999.0 -9999.0 -9999.0 -9999.0 -9999.0 -9999.0 -9999.0 -9999 -9999 -9999 -9999 -9999 -9999 -9999 -9999 -9999 -9999 -9999 -9999 -9999 8576425.814630194 13885549.252190497 -438183961.84202087 -16054842.332190827 -12891192.26963538 -5464726.475271706 -9999 -9999 -9999 -9999 -9999 -9999 -9999 -9999 -9999 -9999 -9999 -9999 160788717.79604775 99238817.40874612
-9999.0 -9999.0 -9999.0 -9999.0 -9999.0 -9999.0 -9999.0 -9999.0 -9999.0 103420870.94277236 25269009.68157114 13545514.39552387 14091455.144063234 19455445.815340966 18752955.10504824 41530012.76110893 35470560.68156197 40730858.313002594 28057238.639212873 4613151.943417669 -3649640.02140355 12643874.768854424 -125445619.70616649 -9999.0 -9999.0 -9999.0 -9999.0 -9999.0 -9999.0 -9999.0 -9999 -9999 -9999 -9999 -9999 -9999 -9999 -9999 -9999 -9999 -9999 -9999 20390430.770359818 33104243.748551417 11036487.554973893 -174422251.3328852 -4800931.638462322 -9999 -9999 -9999 -9999 -9999 -9999 -9999 -9999 -9999 -9999 -9999 -9999 -9999 -12947380.418273907 -9999
-9999.0 -9999.0 -9999.0 -9999.0 -9999.0 -9999.0 -9999.0 -9999.0 -9999.0 40789319.22205521 37437360.679723084 29831723.62268385 27561967.445545334 28377546.731235 18704884.84401316 -87789495.47699003 -4040715.227165805 -15993077.137477286 -9384453.832111476 20366408.862779792 7121352.628209716 -6031321.462860334 5595279.503242676 -168371232.96845013 -9999.0 -9999.0 -9999.0 -9999.0 -9999.0 -9999.0 -9999.0 -9999 -9999.0 -9999 -9999 -9999 -9999 -9999 -9999 -9999 -9999 -9999 -9999 37267185.46848348 54956815.85564306 -671958894.1455729 -140875155.91089702 -469839304.0020206 -46348146.508106165 -9999 -9999 -9999 -9999 -9999 -66772.81315235914 -9999 -9999 -9999 -8371231.900074118 -14022699.927741539 -11139457.856263386 13458315.901427872
21374171.735368535 27863552.061514903 -9999.0 -9999.0 27884856.300472867 -9999.0 -9999.0 15070343.317860804 42731108.087191574 13106343.906131474 9960280.970393356 -23880971.488825135 9219672.327008985 25467035.27483914 13395375.444198877 -12247903.497198656 -1349886.9016223997 -33918779.53007724 -2030681.8086910339 -9831935.196009627 -3386570.341210724 6207880.008136629 15169309.21190069 -8655566.853800943 -167385419.31106156 -9999.0 -9999.0 -9999.0 -9999.0 -9999.0 -9999.0 -9999 -9999.0 -9999.0 -9999 -9999 -9999 -9999 -9999 -9999 -9999 -9999 -9999 -9999 -9999 -9999 -24286212.017215148 -44572887.88714869 -15783201.907207988 -18216138.685622133 -9999 -9999 -9999 -9999 -9999 -4001421.924927171 -9999 -9999 -9999 -9999 -9999 -76655968.35993142
-6602362.710264364 -7754716.194213113 12605002.776703795 19684505.57999663 -1011555.4228563476 -23933168.75610713 -13490570.589992324 828179.1192510468 13511283.042835783 5022734.371740518 -3273798.9307462685 -18057938.97496766 -58196847.92955891 -56106806.27691852 4816223.514984282 1377938.4007423976 9750170.432369584 2893509.7804940357 -70524209.85955106 -10114188.926945157 -39944522.961637095 -3040931.066133948 10692434.17414862 48866376.19603186 -2724348.6033193613 -880278535.9121026 -760754132.4804724 -9999.0 -9999.0 -9999.0 -9999.0 -9999 -9999 -9999 -9999 -9999 -9999 -9999 -9999 -9999 -9999 -9999 -9999 -9999 -9999 -9999 -9999 -9999 -9999 -9999 -130831762.46594676 -9999 -9999 -9999 -9999 -9999 -6123308.387545859 2426050.7661897903 -3634772.466676351 -9999 -9999 -78965651.03522384
12295565.283548357 23454049.978161633 26071938.765384417 32356457.280864395 15752191.957036352 8256757.244320457 -10032781.26087669 10298815.523771057 8807613.853766268 7041777.171639969 4423213.989521717 -16173821.422292456 -13685054.066004215 -1903140.0482678176 -137141295.03331304 -52048809.317352585 -28056418.91788526 -2165875.7218692745 36226209.09879127 139080.94787511593 -109877624.06774515 -360654509.5546845 -467768339.93596166 16529632.5526872 31305503.058712058 -1673688565.5754392 -871200870.9964415 -9999.0 -9999.0 -9999.0 -9999.0 -9999 -9999 -9999 -9999 -9999 -9999 -9999 -9999 -9999 -9999 -9999 -9999 -9999 -9999 -9999 -9999 -9999 -9999 -9999 -169758212.28386799 -9999 -9999 -9999 103703330.43356477 -184245615.39649323 -34998786.9395452 8748508.752465494 -3146341.444604605 4695542.558557444 -4510184.767636946 -23920562.665414922
-11278639.644955138 32746800.397536166 29274581.36330449 24583255.250747275 6437266.142570384 6726510.93702127 6664041.784931035 7012130.798463878 -13719489.186120575 -5461140.165503589 13000301.707960853 -13837820.968640424 -15025771.767822217 -12150296.33548474 -26393564.718767244 -37186361.791978486 5014539.293883848 18327964.85952109 33296861.261408944 8068126.761052228 -6376558.041394098 -124125091.00658719 -92989221.0457404 -261235109.82927716 -188080090.0238928 -9999.0 -9999.0 -9999.0 -9999.0 -9999.0 -9999.0 -9999.0 -9999 -9999 -9999 -9999 -9999 -9999 -9999 -9999 -9999 -9999 -9999 -9999 -9999 -9999 -9999 -9999 -9999 -9999 -9999 -84088737.71308275 254243365.56701037 -12585102.376861546 -559678574.0786765 -37183096.855794206 26821210.31048268 4758750.131756271 -18490861.800643038 -89002160.92756565 3608241.190147462 6302728.762896617
-7496698.432573789 -741291.0443267783 6035169.197775249 9203714.142113172 17076223.056899052 21472877.764698528 33787230.50807157 24619849.567519065 34797585.82991073 10609324.034272986 -5446484.132993042 -38129384.69383161 -9987781.418866733 -5582571.213791074 -14138690.494423933 -23052567.174090955 -33831031.996522404 642845.5266405354 19157668.010811076 -3856143.9300352307 -4019264.1254078792 -2079268.4681253303 -13684567.198430805 -136418074.76128885 -1055765391.3622011 -9999.0 -9999.0 -9999.0 -9999.0 -9999.0 -9999.0 -9999.0 -9999 -9999 -9999 -9999 34112125.67759181 17447700.828870118 66938816.12024177 -46552269.778308034 -9999 -9999 -9999 -9999 -9999 -9999 -9999 -9999 -9999 -9999 -9999 -9203079.47552139 -54015129.05904511 -257484870.3049926 -22312462.343362823 -25585464.218476944 22924052.358062986 53424234.00256576 48626707.27940098 -21172420.44601433 10886786.454770938 6833988.241167941
-4044163.0526130134 -5469651.534404706 16568895.28106485 5486522.107037551 -26284375.153649695 4856666.397316288 13036822.073734667 19269835.036738288 6055632.484436086 2470088.5525768604 -10080425.35152964 -44089853.41556023 -76096889.67131107 -9320569.192586124 -4803940.321559054 -8223673.065208463 -20679955.23038026 -6138047.211492556 -4092074.993909469 -7194145.395460246 -580572.8167424414 542770.1672794217 -4979855.304420061 -62349432.2948836 -9999 -9999.0 -9999.0 -9999.0 -9999.0 -9999.0 -9999.0 -9999.0 -9999.0 -9999 -9999 -9999 -9999 -9999 7766345.222912342 12752808.022613134 3953840.720835355 -9999 -29170179.46366307 -9999 -9999 -9999 -9999 -9999 -9999 -9999 -9999 -9999 251256036.9184749 -64420714.540642455 -24045166.73946767 -15069620.639732432 11507848.711182998 -165477006.92005765 -58743024.07587023 11483389.94506486 11268787.737833474 -6578870.759069416
-23171083.769654952 -8470781.276453407 -16061586.608933732 9512505.412470821 -1283490.9925499652 -5401401.309694871 -20856857.422486573 -7871514.634874117 -938375.455245316 24112684.86517554 29773861.100555692 11873161.021814292 -25513820.488710854 8925659.154253507 5335792.421919007 -34930197.40640745 -23922760.919031758 -21227531.55457796 -155956781.22405988 -2152342.4751289533 -29522865.428407937 -29998782.93190024 -109814385.27720822 -33740135.8446511 -9999.0 -9999.0 -9999.0 -9999.0 -9999.0 -9999.0 -9999.0 -9999.0 -9999.0 -9999 -9999 -9999 52997773.62444476 26003500.940132637 -2001938.8300822224 -2550789.045319743 -2473493.862676683 4957463.359468992 -3681751.7889007297 70895990.70814839 -780507802.9297553 -889424274.2024657 -36628361.59487325 -12496570.514752153 -320246588.39422786 -12234460.925232295 -8546682.427284142 -9999 -9999 -9999 -230008450.54940993 -330111915.56228215 53353675.031233884 -8488818.288180446 -9999 -9999 12926852.197090855 -29020085.773762725
6678897.1828705855 -18743701.43392531 -35185320.9856506 -28605007.266425725 -43795315.09299092 -35196933.60736049 -137051264.59768003 -39501332.64778903 -30514510.24308683 -15493088.70092528 10122493.034667537 24139789.658798087 19464898.54873694 9847989.084601033 2787125.46611194 -9860609.714467138 -227685863.85257235 -39512021.83466612 -25421688.539410345 -8482995.129414147 -7593515.258997617 -27805050.110002592 -9466294.523157813 -16296134.16523138 -259718253.63382268 -9999.0 -9999.0 -9999.0 -9999.0 -9999.0 -9999.0 -9999.0 -9999.0 -9999 -9999 71418983.35380615 -7951995.6055936515 -8717579.901613442 -5497225.056684823 -6549581.139030854 -7626581.187960652 -2472171.48431543 -35695322.707602225 -3026580.4269835474 -4139328.605694797 -62365120.80432362 38611179.57286423 -6468898.140569345 -85153016.96543209 -1184023332.4300232 -624567769.8783411 2390441.5779793607 -7798601.605659178 -9999 -9242234.21843262 52857730.543847926 -274892594.82085955 16413127.550221374 32652224.542354625 17179916.944768384 5044693.155298469 12651697.251244098
-92731760.33750163 -24991438.493422966 -21259373.97851368 -69389258.63425407 -17820695.165980294 -100619707.38555399 -16681712.30127902 -50806793.93102982 -44118466.15976277 -12506326.3143794 -24621405.8083988 9452690.248058364 31461154.44377917 19705550.440841123 6857029.167607708 6645211.8440196905 -22743179.75320392 -129145033.69300117 -34712491.55225529 3692923.4106292366 -8936464.393406566 -15464651.812006824 -10457607.59801094 -5783382.015181867 -37411169.71150953 -255268813.1715413 -155373155.9447519 -9999.0 -9999.0 -9999.0 -9999.0 -9999.0 -9999.0 -2473056814.190124 -148908394.00071877 -10074141.12598234 -65656060.34210797 -9576401.00232981 3653360.5065533826 682504.8878168656 -15222402.324635636 -10844592.798926562 -24537434.073191803 -4551558.14850064 -8232830.19597696 7937810.5894383695 66030896.77851629 -120744893.81514779 -39569897.301941745 -140174342.03585523 -205627354.277039 -9999 -9999 -9999 -9999 -8698399.892455019 79076691.58629093 184942019.76392007 33201346.552330658 96938173.9828605 -231314272.26496664 9862187.527694259
-42311937.74906258 -71675953.66274942 -91948957.40643409 -52669700.5322037 -40590670.94328141 -87007312.84670873 -61150396.10411539 -134727613.20364812 -151430692.1832133 -132106358.43175712 70879787.76230392 -46326497.82771669 27275597.311320752 47276341.00712863 -6179402.96750012 14693544.610076696 -29498584.00505034 -9313019.800770096 -12015606.082530731 -2908109.1072007287 -11704872.755992122 3472057.0373405092 -14760212.433452033 -6375775.170679815 -5407381.428715965 -5572069.736230322 -14302663.996418042 -37296076.426931664 -93137612.04741986 -113596197.04070741 -9999 -9999 -162918697.60220712 -17701494.04683024 -58956112.02609787 -22945193.066107556 -4223799.430936813 105909.8437280338 2588786.779262441 4418440.996678295 -21046201.87784404 -23202511.901777364 3532801.1598343225 -5673869.38855361 -15821570.771593511 -2257001.556384327 9614856.62525502 18854463.140429437 -157795336.3646399 -9999 -12580146.214675026 -9363488.409176387 -9999 -9999 -9999 21877427.271741603 11198820.223841827 3859460.1650208 2209934.716595089 7108756.360323694 -33151760.242093105 9209648.949632963
-264813576.32397637 -144192219.76071706 -23932871.528805535 -8829887.712411107 28694270.223580666 -101529306.64861411 -40963565.84321451 -115896215.8646943 8772534.122865224 14930545.673625447 20001336.993772928 10179024.465495998 -182453641.5687692 -38763236.75870819 -47297663.487402365 -21662878.19058382 -6145964.577351072 -11843781.484947577 10698075.936682642 10819954.547262842 -13655748.26455326 -7969088.391770942 -14770639.404410165 -13014630.37260859 -25835979.9646162 -9651204.396287313 -51462074.78465691 -8429613.696504332 -15406665.027090192 -17624703.69150495 -12679147.165270995 -16646582.024528619 -3717647.1709944704 -4542245.359021703 1504589.9474877727 -6584968.095170354 6673401.518513095 983870.4406687163 -9999 20964859.981653802 12771388.937269568 -26215829.861265697 2802279.337184444 -25164249.266119413 -22808856.479835957 -409864701.22575986 3066308.6925575742 4650318.628075035 -8211245.199053729 -9999 -9999 8389037.611173697 -6882433.78239523 -7011567.567005846 -5316691.335838586 9570215.852812923 8187201.818246299 10095783.735136498 9343875.114478612 8479966.857252048 58515990.9688528 11069925.977510829
-63177817.076568276 -24945272.330173824 -72698424.17167918 -53447585.26432094 -102815598.7425962 -14248913.657528922 84067927.12442163 924612.4117400976 92327151.21944585 103334972.00117539 243716091.87326533 236693670.2358504 139737841.60405797 50648531.71141176 26886579.685359765 -16225997.329911843 -54524544.29796103 11041439.829202402 -618501.3341858373 -8586960.79480298 -10812733.729386427 -3496744.2703769645 -793851.3919122145 -10354320.033482501 -2531979.1539850095 4299213.83555425 4110432.9499187167 -257443143.9348962 -841587706.55767 -50798165.34631557 -5639253.872927855 2528298.9582559695 -1352209.929325836 19158609.148673363 3861419.8194823987 -9999 -9999 -9999 -9999 6759390.211835353 21190688.45202564 19981427.062399603 21557965.241819527 10683155.851954669 6077963.799933685 736324.2508264856 1280536.5412732721 9693637.991826987 -108748.49899152387 973780.8892042661 39409825.79142929 16106867.687038003 8079901.912717601 4226054.3601131765 -2012512.520498712 7672167.922134626 15604605.247813454 7536463.800946184 18152528.843031615 15451448.87227398 28662678.166093633 28180976.579629406
-31896934.940746434 -9211008.970965663 -9999 61225136.67721844 -9999 -6951252.309153205 -618216332.141074 95347427.10666329 222767885.17170045 -9999 475530800.53408176 412609911.2138378 53405158.80936779 70846587.2969404 -260219494.99917185 16004620.539323542 -8576007.694397938 -18167578.475242008 -20552874.822852172 -7947824.560517615 -1122854.0507557194 -3329047.6425180393 -96311288.47607383 -58638018.43159545 -683961.3619533645 -1493046.7375941812 3150558.4910286926 34233029.509452626 -43062458.31415245 -90048627.63738905 -3689248.653122762 1071239.3872333565 -1229630.4951491123 -9999 -9999 -9999 -9999 -9999 -9999 -9999 -9999 8980509.363397315 -3745.7672230151948 5495554.466249028 -25118935.58685171 -11451379.356596883 6581178.519557754 -8229811.463691579 6532904.004830844 20841823.138826743 21940938.523476183 16762940.165499147 -3412563.607218083 -2757729.09399259 -1732247.2478545299 25836462.288406648 24716739.68861011 -4191053.92683006 21008085.46800996 5492135.539343752 57970218.031882495 30833344.679441582
2155195.227954519 11009506.019683557 20156602.042079363 17629757.075439967 -9999 -9999 -39778795.283828765 -302282221.17763937 157738053.1845148 -9999 -9999 -9999 347103167.64439994 55250804.74464459 85997377.29535311 40883042.26517185 46727552.16255814 -10230901.863336135 10555165.3377536 -5848626.660569589 2218338.043794655 810087.1094956625 -49593848.968204595 -29164513.892064605 8198220.516536677 4280198.914763713 7718996.146135485 -203407570.87644315 8316655.6745165745 -12436632.39107548 -9999 -9999 -9999 -9999 -9999 -9999 -9999 -9999 -9999 -9999 -9999 -67591151.17181718 -4232515.845853105 26016021.840918504 26306164.88452029 17715174.883878913 9551718.235334575 4828201.580430953 10832764.044242673 -1948100.2246211094 -2703698.2724392675 11828006.094710343 9959806.761794575 -3905005.2871227222 22370974.283731382 -1191836.4670383262 -4045211.2665849784 -3666913.031315438 27373433.18646616 38133740.09360054 40693087.10585873 23374899.50367045
43963908.00718187 19508925.060972933 -9999 -9999 -9999 -9999 -9999 -74628827.53597392 -12873549.050071204 -9619158.30224668 35568048.06741656 361834246.341333 -9999 -207629989.40331617 7529503.36614946 5405911.264364183 -14845611.62200786 -7007794.782014135 24322254.801590208 -14570560.417053051 -55416044.10314816 -3327208.590579547 4398670.581586571 7704921.179507707 16832531.064421616 -64158824.98787546 11436627.351486778 30592867.541898068 6036568.065876954 -96852778.48414192 -9999 -9999 -9999 -9999 -9999 -9999 -9999 -9999 -9999 -2039551.074677003 -9999 60007587.360192 16749424.094803747 9706712.656511117 19670173.315845683 28199763.795296587 -2096735.2534468323 43622018.776810184 28523025.15612864 -1962757.2211878262 -27766833.265015196 -5562299.766443415 -416756.0420420517 14339036.84531998 16591262.626999076 -8465932.033738248 -5399030.423245468 -8781989.83754915 -12221848.599350126 -8921221.857988045 15476374.085993119 -4181667.4485907797
