Model Version1.4/trunk/output/2010/nin_crit_sw_agri.asc
ncols 720
nrows 360
xllcorner -180
yllcorner -90
cellsize 0.5
NODATA_value -9999
[rows 196 to 223 of 360, columns 248 to 309 of 720]
-9999 361389263.10477954 -9999 -9999 -9999 -9999 -9999 262427561.54237217 -9999 269724945.96834266 319087882.9108289 323674986.7743557 285770415.5889137 270418163.90778303 350586040.2073678 265310807.27321845 319415548.69431376 293958313.5295483 355026721.6680309 244843713.31391892 197383476.78460184 170051771.78070432 114025578.55489022 159684515.64526126 102792946.83010903 -9999 -37962449.82994758 -9999 -9999 -21722334.967582796 105724258.167156 -9299821.682583699 -16174207.695209175 -35037871.03286236 19288396.099483926 116692666.55255833 58644774.90403183 -61911038.67777711 -5655808.597595834 30614758.642817426 36734296.85935284 137721868.92321774 287795119.8780904 -9999.0 -9999.0 -9999.0 -9999.0 -9999.0 -9999.0 -9999.0 -9999.0 -9999.0 -9999.0 -9999.0 -9999.0 -9999.0 -9999.0 -9999.0 -9999.0 -9999.0 -9999.0 -9999.0
-9999 -9999 237175736.76185834 -9999 -9999 -9999 -9999 -9999 261169454.88479254 278038375.19417137 245674437.03248492 356815481.689209 549087735.2049482 240345023.13219455 317237290.5270818 254662712.52770397 308761891.19547206 293680996.7268361 396558602.74707466 262153442.31521648 172385007.885338 144164413.40596315 58924057.11550158 62529872.406915 172387669.0025455 148066638.57622004 82009886.33640416 -9999 -9999 154155808.0758775 247122715.58142844 -14994483.184063524 -74735524.54108623 -159220618.52012232 -87452510.77594604 -44378323.11044217 -3076480.6966670174 24621560.925612055 21932517.070109323 61930848.01601026 96317536.04128182 219560182.81197652 -9999.0 -9999.0 -9999.0 -9999.0 -9999.0 -9999.0 -9999.0 -9999.0 -9999.0 -9999.0 -9999.0 -9999.0 -9999.0 -9999.0 -9999.0 -9999.0 -9999.0 -9999.0 -9999.0 -9999.0
-9999 296016321.00169873 274399959.912453 -9999 -9999 -9999 -9999 -9999 -9999 320640464.7953147 346517782.3042819 374795741.2695172 498978896.20680934 281179442.0294778 401475326.1827435 597143410.1624856 306155159.0712957 475026576.80087745 388457701.6272464 283030564.12222844 165326798.19584075 76884566.38434826 130605183.12377284 83459730.34915935 105538358.1144121 167842773.9844385 -9999 -9999 -9790177.100721514 -56543699.61251232 -224654212.860794 -186836576.56136972 -8717119.022152774 -11058511.761210296 -9186581.829789545 -178823312.8091187 -9999 -5179283.28235166 54140112.263710015 95973541.5812868 130394121.84794542 235650131.6541392 -9999.0 -9999.0 -9999.0 -9999.0 -9999.0 -9999.0 -9999.0 -9999.0 -9999.0 -9999.0 -9999.0 -9999.0 -9999.0 -9999.0 -9999.0 -9999.0 -9999.0 -9999.0 -9999.0 -9999.0
410381917.4741514 382094211.0358164 346585280.74444216 372188352.6862283 -9999 -9999 -9999 375498968.2521827 300013366.1330067 238035190.72684354 506136161.7659125 573927378.2380214 578640595.5160286 299563752.5250921 330585682.2234706 505178594.28739613 307223652.2090652 568588418.357885 280749418.90164924 212455934.3343071 384263236.5142137 108489276.71507007 114455061.45089878 99721172.02061667 142842339.63517678 -9999 -9999 -189852342.6879947 -52904928.00525705 -9999 -5899300.545000017 56741209.85022846 -14755860.071566574 -28456706.780097984 -7284946.036327524 -12158895.60502787 -24170568.09528615 -60203656.42774951 -7932646.596581883 88919450.03355598 95684368.95440075 -9999.0 -9999.0 -9999.0 -9999.0 -9999.0 -9999.0 -9999.0 -9999.0 -9999.0 -9999.0 -9999.0 -9999.0 -9999.0 -9999.0 -9999.0 -9999.0 -9999.0 -9999.0 -9999.0 -9999.0 -9999.0
421222276.6677361 399008120.10183215 353218963.387237 388174313.69182 433974296.9645694 -9999 444771787.1426503 451362212.2321429 503029459.1572606 424719780.43962896 570690602.4572935 639616381.6443855 741710211.2952952 310191421.5596806 373751149.89968586 372353928.7575715 236913799.99276912 314825164.5451703 298693219.9233781 291596174.3980344 167866348.08369866 56527210.76651223 114913013.4625175 34865239.54656403 -9999 -9645948.081960399 -9999 -31330919.65850218 -43278592.38272139 -9999 123057250.70069762 20340246.19888415 -9999 69366810.54771325 -9999 -19237784.023978505 166616940.14751747 120979809.88681127 -41834855.75674838 155690016.850315 -9999.0 -9999.0 -9999.0 -9999.0 -9999.0 -9999.0 -9999.0 -9999.0 -9999.0 -9999.0 -9999.0 -9999.0 -9999.0 -9999.0 -9999.0 -9999.0 -9999.0 -9999.0 -9999.0 -9999.0 -9999.0 -9999.0
400859404.6628824 440411432.58315563 364782273.2887477 475311629.83086175 470254786.2999606 -9999 509533409.18233013 492736564.33718413 607952316.2479627 569366931.0349544 639924708.5430235 518462582.73324406 410525019.0828856 267533735.26050013 246697155.9222844 329085679.4663087 409834231.5421026 253689281.74692398 -9999 225147205.26778436 101460989.69858234 123875231.45187873 195883863.54811126 27872916.82135997 35490160.1059873 -8853595.459968258 -215880723.0193351 -170145978.51685804 -22545142.281382196 72947477.69372195 27987177.396275345 1478667.9023034514 44393172.40607661 51021365.55054808 -28296939.883691873 56730601.63835784 55079285.88143064 -18461799.372342177 188776563.7923325 -9999.0 -9999.0 -9999.0 -9999.0 -9999.0 -9999.0 -9999.0 -9999.0 -9999.0 -9999.0 -9999.0 -9999.0 -9999.0 -9999.0 -9999.0 -9999.0 -9999.0 -9999.0 -9999.0 -9999.0 -9999.0 -9999.0 -9999.0
256872263.7458804 248477556.4080037 349874431.0248798 481119461.3173232 -9999 -9999 497236048.9422273 455592719.3451597 735252462.1165988 621020191.1232296 717856896.1679772 455345965.0371484 389822455.7185775 240925138.53235298 240605077.13540408 259403050.8896372 162816884.11553374 167637789.07481003 322562720.6218905 310531776.3453388 177427307.39465052 152436252.91315967 82561560.62581342 476210456.7760214 161679589.0216924 -468668417.10237485 -11492782.670143759 -20010630.348746773 -70248843.381524 -14554490.335045986 4656353.391407028 75185787.60419184 225003143.58159575 -9999 53425596.52683061 98191300.69960342 121693744.82260531 250936852.9601822 -9999.0 -9999.0 -9999.0 -9999.0 -9999.0 -9999.0 -9999.0 -9999.0 -9999.0 -9999.0 -9999.0 -9999.0 -9999.0 -9999.0 -9999.0 -9999.0 -9999.0 -9999.0 -9999.0 -9999.0 -9999.0 -9999.0 -9999.0 -9999.0
382132245.61801773 521026059.63964874 470154041.1448457 412708081.0886626 -9999 -9999 470703141.50929874 432561284.7561195 524796622.1297727 360225626.79002655 763890359.4849722 512724965.2993123 238464168.47453803 200774248.83913383 422354609.8098044 268727156.57832587 210455819.99377683 167804282.96261126 256104321.72233343 335939183.6228687 421638476.01505274 137567694.2933941 329890968.38997513 465378761.31663793 55237079.147823386 103766949.74589096 -9999 39353482.963747546 97135468.79338413 -20842921.006471463 -18023455.255114906 109085944.48055373 188784731.97938186 21926078.645412188 73209540.11572528 182745825.88712808 171553810.95880324 -9999 -9999.0 -9999.0 -9999.0 -9999.0 -9999.0 -9999.0 -9999.0 -9999.0 -9999.0 -9999.0 -9999.0 -9999.0 -9999.0 -9999.0 -9999.0 -9999.0 -9999.0 -9999.0 -9999.0 -9999.0 -9999.0 -9999.0 -9999.0 -9999.0
345224787.3232547 503161954.9961087 470020113.64349395 446180045.2936911 -9999 540257123.665923 508315736.34188616 460306226.54019666 548042915.5202748 670223419.9400009 499999102.6002064 483763513.23464805 246669306.45933205 268156381.25917742 541226230.8022773 228175411.46870053 193232702.07732204 184503991.5433897 287767571.8686976 410173828.324807 471588412.60422635 236975873.84672174 155800267.6856784 206453384.48700273 54853663.278966226 77588458.27903451 91911827.0441631 26284750.265846916 61982835.66433456 -17231682.712152265 -15301636.300859004 110796825.51364973 152041393.83612657 66087767.78403165 -79359479.67585547 125126967.39572592 246593284.46579343 -9999.0 -9999.0 -9999.0 -9999.0 -9999.0 -9999.0 -9999.0 -9999.0 -9999.0 -9999.0 -9999.0 -9999.0 -9999.0 -9999.0 -9999.0 -9999.0 -9999.0 -9999.0 -9999.0 -9999.0 -9999.0 -9999.0 -9999.0 -9999.0 -9999.0
308168929.11454034 499827090.6724658 733043491.7630376 464492995.2924832 575072381.7344909 749144254.1504977 436657446.64683455 454697397.47995275 695209252.2351108 668857998.1494973 656037679.8642833 288371307.7873339 243546270.13983902 290909496.51442957 223540267.94102326 356094754.99214137 179877308.6603763 223532934.89958984 194659913.22576094 237777866.63175905 531943773.5920303 385712395.9546747 411449029.3441147 158072362.69862518 -5539863.915060977 122474642.99155447 -14555893.73054659 63098546.37506669 23982505.218018457 67035196.98483449 71827351.11047944 37631230.40274285 45694946.1731714 -13198243.327481259 28672671.901272744 16826127.19879364 -9999.0 -9999.0 -9999.0 -9999.0 -9999.0 -9999.0 -9999.0 -9999.0 -9999.0 -9999.0 -9999.0 -9999.0 -9999.0 -9999.0 -9999.0 -9999.0 -9999.0 -9999.0 -9999.0 -9999.0 -9999.0 -9999.0 -9999.0 -9999.0 -9999.0 -9999.0
613736597.7498674 609848635.4822397 467605061.59596753 785708297.043189 753656597.4266163 452665686.10936534 411937767.7723836 313995025.96501154 294772828.1366199 334315336.14139456 321576987.4522456 274389798.41946644 258120762.04819843 232336970.0193257 236924323.88182306 282818715.8284133 172990269.66616055 135087143.196792 191064874.5242809 210211469.68979913 529246443.6930132 344403644.07852095 305227157.25875396 207974394.7328971 208032758.00986496 171700882.57084224 59307687.939801894 65785452.492555924 11821973.557372272 37582637.666052096 52767232.495845474 22660349.71476808 5894659.93712975 58051575.92768778 366720226.1852473 -9999.0 -9999.0 -9999.0 -9999.0 -9999.0 -9999.0 -9999.0 -9999.0 -9999.0 -9999.0 -9999.0 -9999.0 -9999.0 -9999.0 -9999.0 -9999.0 -9999.0 -9999.0 -9999.0 -9999.0 -9999.0 -9999.0 -9999.0 -9999.0 -9999.0 -9999.0 -9999.0
532643996.73471546 413482011.63242406 379104553.12968606 359660086.9112264 238390589.48697817 419612704.9469056 258861784.39481217 273836769.4784539 270675008.73561597 553344032.8710314 346030148.48338 300024241.1524847 241276072.61155173 242856506.9711396 268514067.9143933 262262355.30949238 176707039.79229748 140452802.35824957 133126342.6686293 256865052.87209225 466507525.9631705 345765552.1229134 285716611.5723521 136817902.3924856 218106951.8858161 149557831.93514612 107988180.08520521 44989090.48937151 41283187.595684595 34559077.947194226 63209232.464079686 -23882868.711035006 -11461506.59103933 162216072.96986738 434032067.15612733 -9999.0 -9999.0 -9999.0 -9999.0 -9999.0 -9999.0 -9999.0 -9999.0 -9999.0 -9999.0 -9999.0 -9999.0 -9999.0 -9999.0 -9999.0 -9999.0 -9999.0 -9999.0 -9999.0 -9999.0 -9999.0 -9999.0 -9999.0 -9999.0 -9999.0 -9999.0 -9999.0
388119821.27523607 158243677.5705939 202607346.8209588 195904206.82414928 200479646.88221756 235097758.96783966 223175763.86831748 277426954.0245505 315885499.96814317 340761516.45120025 311102863.0074734 294704609.80110675 256512250.8971269 235399907.8219059 209345701.22250262 218355335.7237057 264115128.08037934 188875795.506268 225679768.317912 301465584.5636512 475651793.3542009 318326092.6636505 216564384.96598306 170767284.85576206 109722115.14430556 229012364.53982645 101253453.09521972 114807427.30297017 52804402.926361725 85749987.09645212 65743030.44829038 12884771.775728123 -20156636.952940032 180341260.33668816 293072276.0786966 -9999.0 -9999.0 -9999.0 -9999.0 -9999.0 -9999.0 -9999.0 -9999.0 -9999.0 -9999.0 -9999.0 -9999.0 -9999.0 -9999.0 -9999.0 -9999.0 -9999.0 -9999.0 -9999.0 -9999.0 -9999.0 -9999.0 -9999.0 -9999.0 -9999.0 -9999.0 -9999.0
306122151.7289338 122895729.3963201 126439396.69381708 135537723.96561503 163200780.32057786 244986943.22924295 236214402.46222 361452772.3858719 338187291.63374835 360141498.92188853 330849450.6950101 239792170.25822592 273810394.90899795 189078177.13082564 231813126.3023102 215847868.14642334 242830498.7408432 182640682.11599973 126003697.39473668 214869300.75570855 294562509.3835864 181779925.07677677 303432020.98607063 189199150.61206806 72141347.56624836 194807228.49320573 104869897.56580961 130397565.64604416 87402284.42984271 72486515.4070292 12841073.683838956 16591874.504406264 63897939.04606348 180897947.9273452 -9999.0 -9999.0 -9999.0 -9999.0 -9999.0 -9999.0 -9999.0 -9999.0 -9999.0 -9999.0 -9999.0 -9999.0 -9999.0 -9999.0 -9999.0 -9999.0 -9999.0 -9999.0 -9999.0 -9999.0 -9999.0 -9999.0 -9999.0 -9999.0 -9999.0 -9999.0 -9999.0 -9999.0
160769155.77714026 160944813.30929923 182788134.40182087 318480407.8304172 282959065.95239496 251451450.52636185 239000925.97916135 270861389.31517124 339508343.1858407 388756959.4869659 302003082.9382892 190790904.52173895 167487272.25007772 150621099.068288 352328015.5910893 292686483.6244462 221229146.80089667 128051736.0257291 74955921.6452456 58841955.105368175 274780203.66675436 402569154.530735 415118308.76861775 144387564.21400425 195570682.33225286 135421351.92004657 44775695.46731687 138618604.43996784 132896816.18812294 98335734.77119164 35327115.20347943 55864009.754181966 101277117.32676113 201632751.97856614 383221300.64454836 -9999.0 -9999.0 -9999.0 -9999.0 -9999.0 -9999.0 -9999.0 -9999.0 -9999.0 -9999.0 -9999.0 -9999.0 -9999.0 -9999.0 -9999.0 -9999.0 -9999.0 -9999.0 -9999.0 -9999.0 -9999.0 -9999.0 -9999.0 -9999.0 -9999.0 -9999.0 -9999.0
177218630.55422604 205368286.83010027 268226909.98299497 221436587.8726592 221937621.4814843 250486610.11880755 246425908.33392477 220699722.02754426 325038876.0137341 258432735.76071358 289598576.37998 277181645.7027961 202251577.45231715 199364744.5420291 182707364.89839038 133111979.75655662 52684069.9319706 146878334.8090943 169812751.69943672 105816637.02432542 366044994.463118 309027621.0196114 278372195.8933532 163194109.1746378 179873211.8161038 155085975.48503873 71602823.7026828 115007260.3959593 168770252.21094024 68571743.02625023 -13925049.720489604 68223686.64503059 101989748.6578504 193256880.74089298 1142298214.8858492 -9999.0 -9999.0 -9999.0 -9999.0 -9999.0 -9999.0 -9999.0 -9999.0 -9999.0 -9999.0 -9999.0 -9999.0 -9999.0 -9999.0 -9999.0 -9999.0 -9999.0 -9999.0 -9999.0 -9999.0 -9999.0 -9999.0 -9999.0 -9999.0 -9999.0 -9999.0 -9999.0
262264118.51609468 186240726.62669587 196279209.85497978 234732303.92696255 252446887.59088314 269551808.7790589 248418386.69302773 231080052.7939927 220975539.5026344 161585086.68048164 179690728.585765 178335016.8730308 137950982.28521192 140531554.11657366 118134302.79415311 155671844.64310187 162529971.22135606 193802367.150562 115701017.83812065 141023750.17985502 206994111.14869398 272575974.2557042 232231791.96375084 198181643.95959485 134285637.39258268 94280288.69362552 104092098.57105474 75614095.21703751 94833203.21858719 39017250.46094121 39992020.174122244 62243992.03566181 80479726.52173096 482780659.5685299 1218725480.2889278 -9999.0 -9999.0 -9999.0 -9999.0 -9999.0 -9999.0 -9999.0 -9999.0 -9999.0 -9999.0 -9999.0 -9999.0 -9999.0 -9999.0 -9999.0 -9999.0 -9999.0 -9999.0 -9999.0 -9999.0 -9999.0 -9999.0 -9999.0 -9999.0 -9999.0 -9999.0 -9999.0
482807544.79496527 240659876.14463913 161571646.2126364 207499212.46575266 246571023.33258733 264021888.0142211 255176334.19889644 252660235.40362152 162196138.85708785 151664050.7488852 149163972.5453106 180174556.504905 118609378.54877475 -51111803.659779355 121525277.31733648 129403658.63399433 138226311.31577876 222623515.25842202 215954521.44650954 208705906.69040635 187509189.58395302 244243035.77213222 164142760.72198644 204850760.66294453 107118388.07483904 94665491.16153279 103621651.48600714 61917970.675798185 58791121.5284222 47197140.01119829 37887903.356513225 46058428.97231279 93611139.0530482 327281760.76906294 -9999.0 -9999.0 -9999.0 -9999.0 -9999.0 -9999.0 -9999.0 -9999.0 -9999.0 -9999.0 -9999.0 -9999.0 -9999.0 -9999.0 -9999.0 -9999.0 -9999.0 -9999.0 -9999.0 -9999.0 -9999.0 -9999.0 -9999.0 -9999.0 -9999.0 -9999.0 -9999.0 -9999.0
938180261.9568236 420201963.139679 207827307.20042285 221603340.55643207 263732544.79441905 230250951.50278562 230792679.45776838 231641142.90510577 208072427.8671934 234298217.21631333 257291593.32957762 188250544.39265582 150504624.88076758 157758252.67362168 140024974.91639102 168671743.2151031 168067766.8434173 215002749.69970185 224906083.56933132 253711114.2736906 264320137.2790762 290406020.4768709 182078166.6023385 160708296.5376181 168498728.51623437 90146085.14825292 112669892.47326508 91508080.51825081 35483970.858636245 23306176.567853518 77918683.53418285 57651874.58189089 93182800.5246431 540944293.6584576 -9999.0 -9999.0 -9999.0 -9999.0 -9999.0 -9999.0 -9999.0 -9999.0 -9999.0 -9999.0 -9999.0 -9999.0 -9999.0 -9999.0 -9999.0 -9999.0 -9999.0 -9999.0 -9999.0 -9999.0 -9999.0 -9999.0 -9999.0 -9999.0 -9999.0 -9999.0 -9999.0 -9999.0
1712681624.5223668 441411764.3268957 204723385.82064933 213665766.35561636 228371492.05965033 208972564.73626858 221540131.25566995 214250244.7430616 201049483.32596076 254594735.28660068 224341482.2849036 180896179.81012478 138329348.46586734 110096764.83145294 146005663.58299664 255063956.45730346 212017711.49628687 144098608.8849152 215546040.0337043 261927108.7479062 286704585.8197646 233252056.25895178 228864199.5415156 166906173.60967776 116760097.84607643 157616994.43009907 140418598.0746412 79347926.36724764 35630778.78118757 66707501.83707468 76617634.76521988 126007404.85832529 361211770.16235197 637928066.4671539 -9999.0 -9999.0 -9999.0 -9999.0 -9999.0 -9999.0 -9999.0 -9999.0 -9999.0 -9999.0 -9999.0 -9999.0 -9999.0 -9999.0 -9999.0 -9999.0 -9999.0 -9999.0 -9999.0 -9999.0 -9999.0 -9999.0 -9999.0 -9999.0 -9999.0 -9999.0 -9999.0 -9999.0
622046893.3971937 617708030.7434076 294651941.98896474 289108504.3551661 243929088.21365362 218094709.73406702 249011089.3232373 211121843.54941827 231493814.6517298 270210095.1303094 185066423.8607609 198355611.4211697 144130500.83660978 126848485.26558493 145401822.05841967 152178901.72298494 129559320.10002866 94211321.49949369 172676624.10739443 216314970.7210766 286108845.7321231 214927807.40754682 231726103.35539937 153813622.74511406 111373044.52124894 133129426.37497392 112138118.3589925 67725338.48427528 56570616.91484788 65569973.15355081 75984822.47384097 152420561.11898923 412443359.7592723 -9999.0 -9999.0 -9999.0 -9999.0 -9999.0 -9999.0 -9999.0 -9999.0 -9999.0 -9999.0 -9999.0 -9999.0 -9999.0 -9999.0 -9999.0 -9999.0 -9999.0 -9999.0 -9999.0 -9999.0 -9999.0 -9999.0 -9999.0 -9999.0 -9999.0 -9999.0 -9999.0 -9999.0 -9999.0
1005525504.6531434 620186376.0460522 173581137.48740894 222838381.16461515 259792707.67932668 200387903.1542137 254035542.84570944 246569374.59695768 260916122.14315736 214790545.2746447 190945585.62159553 192617246.4628377 157449420.31934556 155936559.1260808 167753209.63047534 65397494.30646727 117261874.96043149 134227099.29735318 93073835.8223978 200759427.37814265 266185106.10690004 162238874.1800208 192537027.90417516 153339375.22255474 115548682.20546766 113164816.91500491 127152167.52839938 93732434.33084023 35185318.29941354 50571019.78302203 51514055.589931116 147697047.12797582 163892135.80459157 -9999.0 -9999.0 -9999.0 -9999.0 -9999.0 -9999.0 -9999.0 -9999.0 -9999.0 -9999.0 -9999.0 -9999.0 -9999.0 -9999.0 -9999.0 -9999.0 -9999.0 -9999.0 -9999.0 -9999.0 -9999.0 -9999.0 -9999.0 -9999.0 -9999.0 -9999.0 -9999.0 -9999.0 -9999.0
509866828.1923479 229690496.41027883 164199568.43684497 181383620.91801846 210239798.9077351 224530074.5915364 232271550.67579922 248130119.51802653 155163048.91170645 224317601.5758951 211996496.0805758 201598413.2537304 177799221.5248183 210079346.5545386 202800387.98700923 194382803.57736164 175443139.76132926 107982151.05924416 84133950.35854822 101945140.80037864 205103280.0374767 166475811.26039484 154011964.18338028 152083634.20603782 148313729.5126573 89378549.73970643 72337452.93177004 79030220.58756231 57619738.62745215 49462389.32371104 60026171.55349016 76542407.30344886 312301028.9535506 -9999.0 -9999.0 -9999.0 -9999.0 -9999.0 -9999.0 -9999.0 -9999.0 -9999.0 -9999.0 -9999.0 -9999.0 -9999.0 -9999.0 -9999.0 -9999.0 -9999.0 -9999.0 -9999.0 -9999.0 -9999.0 -9999.0 -9999.0 -9999.0 -9999.0 -9999.0 -9999.0 -9999.0 -9999.0
597632520.3501289 134028248.35542521 191100468.39046898 215233547.33540246 211974849.9949768 297102091.2330772 257664101.58704627 256152130.71530837 172851540.92170095 181612883.88094044 244496987.85835573 207803114.42412743 217757772.0271949 183549483.6555708 142942553.13713077 171333547.0622338 120061887.51022449 104766052.39743507 104808814.81550966 169872389.1434022 179101599.96122822 139771333.62100363 102325326.57752998 -70399389.20807168 -88761115.16959532 76529123.6654 77887800.93322419 69568557.82917877 76622361.95049557 55985034.47246822 46041866.963303514 145840325.6101834 871297338.3528314 -9999.0 -9999.0 -9999.0 -9999.0 -9999.0 -9999.0 -9999.0 -9999.0 -9999.0 -9999.0 -9999.0 -9999.0 -9999.0 -9999.0 -9999.0 -9999.0 -9999.0 -9999.0 -9999.0 -9999.0 -9999.0 -9999.0 -9999.0 -9999.0 -9999.0 -9999.0 -9999.0 -9999.0 -9999.0
114411406.63833313 119990544.12898876 157548153.4310323 174285452.3058047 267752945.4680957 221145675.15413365 247788052.96308538 222598691.28400832 253596407.16570756 120554800.05992302 174867224.00252563 247137618.36793712 255924081.77296323 151246848.31806156 136050346.7355275 127898814.07961386 129233508.49357839 112138627.45849219 86145896.57341881 106004511.11179757 134270452.82296157 112676283.78745814 86161402.72798339 53824510.80971602 121854403.47708338 85987750.58384079 85468171.95073599 59642505.534942314 51198850.00864606 45130673.09532839 58206843.8852084 -27086601.018413477 -9999.0 -9999.0 -9999.0 -9999.0 -9999.0 -9999.0 -9999.0 -9999.0 -9999.0 -9999.0 -9999.0 -9999.0 -9999.0 -9999.0 -9999.0 -9999.0 -9999.0 -9999.0 -9999.0 -9999.0 -9999.0 -9999.0 -9999.0 -9999.0 -9999.0 -9999.0 -9999.0 -9999.0 -9999.0 -9999.0
153205426.48334014 160998790.4368316 130823036.297278 173479851.46044385 227302914.67844588 214766894.7014759 191672641.693047 209449016.34546345 125111602.767762 73928396.64891607 82200594.2986758 227745218.8150222 250713491.09266216 141330626.29913375 135585335.23882574 141695355.64678007 137026982.12538087 107904108.90536569 107255426.83796164 80272243.70125224 74975703.48294352 87813367.28688706 110879319.22134766 132548767.3258654 53104040.35657337 114243323.72814119 77695290.4620278 54585819.82032159 66445751.898974955 46540957.63295177 58599056.4362908 -9999 -9999.0 -9999.0 -9999.0 -9999.0 -9999.0 -9999.0 -9999.0 -9999.0 -9999.0 -9999.0 -9999.0 -9999.0 -9999.0 -9999.0 -9999.0 -9999.0 -9999.0 -9999.0 -9999.0 -9999.0 -9999.0 -9999.0 -9999.0 -9999.0 -9999.0 -9999.0 -9999.0 -9999.0 -9999.0 -9999.0
171467425.59089372 175694088.60368085 182656095.7172905 180726488.2765174 225405217.26590702 203788768.41529438 204393098.19647962 213725267.82732525 41998988.77738687 202527915.61391854 142232687.77011594 -4714596.191747732 215413277.25150815 183777855.7889225 191723241.64638177 120422922.79149091 62527258.104159854 141639672.0164179 110410187.47591297 102714583.03218125 92030552.0430326 103759672.40508527 96073464.65540507 114176424.59082684 90366270.68812892 126714092.37224254 71102915.04950564 84768356.8143464 73822070.83311014 103896161.97267133 318319869.03612775 -9999.0 -9999.0 -9999.0 -9999.0 -9999.0 -9999.0 -9999.0 -9999.0 -9999.0 -9999.0 -9999.0 -9999.0 -9999.0 -9999.0 -9999.0 -9999.0 -9999.0 -9999.0 -9999.0 -9999.0 -9999.0 -9999.0 -9999.0 -9999.0 -9999.0 -9999.0 -9999.0 -9999.0 -9999.0 -9999.0 -9999.0
165581638.6814142 170841050.2506421 192318593.01674002 193537279.6080293 227706854.30707487 219295269.21056536 215235210.18551594 51756112.55363846 137707864.26867273 4752944.570039521 143969622.5619255 183366678.61930344 170620609.68146616 176854231.7250925 167434361.2588319 111160628.0543791 130686187.9241385 130539637.55489032 53184820.05329457 88837900.71710487 89031577.70279932 52290060.214608505 95243728.98117961 104375722.54151514 94639000.48600188 81754125.26826373 91201456.70007193 61719233.01381691 49424724.207938336 -119052417.92738637 -9999.0 -9999.0 -9999.0 -9999.0 -9999.0 -9999.0 -9999.0 -9999.0 -9999.0 -9999.0 -9999.0 -9999.0 -9999.0 -9999.0 -9999.0 -9999.0 -9999.0 -9999.0 -9999.0 -9999.0 -9999.0 -9999.0 -9999.0 -9999.0 -9999.0 -9999.0 -9999.0 -9999.0 -9999.0 -9999.0 -9999.0 -9999.0
