Model Version1.4/trunk/output/2010/nin_crit_sw_agri.asc
ncols 720
nrows 360
xllcorner -180
yllcorner -90
cellsize 0.5
NODATA_value -9999
[rows 140 to 167 of 360, columns 372 to 433 of 720]
-9999 -9999 -9999 -9999 -9999 -9999 -9999 -9999 -9999 -9999 -9999 -9999 -9999 -9999 -9999 -9999 -9999 -9999 -9999 -9999 -9999 -9999 -9999 -9999 -9999 -9999 -9999 -9999 -9999 -9999 -9999 -9999 -9999 -9999 -9999 -9999 -9999 -9999 -9999 -9999 -9999 -9999 -9999 -9999 -9999 -9999 -9999 -9999 -11893874.89947403 -6314459.646634972 -9999 -9999 -9999 -9999 -1023585.4106004504 -9999 -9999 -9999 -9999 -9999 -9999 -9999
-9999 -9999 -9999 -9999 -9999 -9999 -9999 -9999 -9999 -9999 -9999 -9999 -9999 -9999 -9999 -9999 -9999 -9999 -9999 -9999 -9999 -9999 -9999 -9999 -9999 -9999 -9999 -9999 -9999 -9999 -9999 -9999 -9999 -9999 -9999 -9999 -9999 -9999 -9999 -9999 -9999 -9999 -9999 -9999 -9999 -9999 -9999 -9999 -24972726.184813634 -4353589.621306096 -9999 -9999 -9999 -9999 -4514978.2768107 -150927447.90901744 -9999 -9999 -9999 -9999 -9999 -9999
-9999 -9999 -92503249.43548417 -9999 -9999 -9999 -9999 -9999 -9999 -9999 -9999 -9999 -9999 -9999 -9999 -9999 -9999 -9999 -9999 -9999 -9999 -9999 -9999 -9999 -9999 -9999 -9999 -9999 -9999 -9999 -9999 -9999 -9999 -9999 -9999 -9999 -9999 -9999 -9999 -9999 -9999 -9999 -9999 -9999 -9999 -9999 -9999 -9999 -9999 -6191389.917169854 -9999 -103440033.32293388 -7243076.553158199 -9999 -9999 -10513542.711823588 -9999 -9999 -9999 -9999 -9999 -9999
-9999 -9999 -9999 65650952.31251026 -9999 -9999 -9999 -9999 -9999 -9999 -9999 -9999 -9999 -9999 -9999 -9999 -9999 -9999 -9999 -9999 -9999 -9999 -9999 -9999 -9999 -9999 -9999 -9999 -9999 -9999 -9999 -9999 -9999 -9999 -9999 -9999 -9999 -9999 -9999 -9999 -9999 -9999 -9999 -9999 -9999 -9999 -9999 -9999 -9999 -5824682.62415291 -5975564.321295507 -56251345.30111271 -9999 -9999 -9999 -50920232.99959292 -9999 -9999 -9999 -9999 -9999 -9999
-9999 -9999 -9999 77154091.13986327 -9999 -9999 -9999 -9999 -9999 -9999 -9999 -9999 -9999 -9999 -9999 -9999 -9999 -9999 -9999 -9999 -9999 -9999 -9999 -9999 -9999 -9999 -9999 -9999 -9999 -9999 -9999 -9999 -9999 -9999 -9999 -9999 -9999 -9999 -9999 -9999 -9999 -9999 -9999 -9999 -9999 -9999 -9999 -9999 -9999 -9999 6396130.065130922 -9999 -9999 -9999 -9999 -187444606.29302907 -124366384.20973933 -9999 -9999 -9999 -9999 -9999
-9999 229872122.4580378 -9999 123123213.1730834 59123071.547107294 -9999 -9999 -9999 -9999 -9999 -9999 -9999 -9999 -9999 -9999 -9999 -9999 -9999 -9999 -9999 -9999 -9999 -9999 -9999 -9999 -9999 -9999 -9999 -9999 -9999 -9999 -9999 -9999 -9999 -9999 -9999 -9999 -9999 -9999 -9999 -9999 -9999 -9999 -9999 -9999 -9999 -9999 -9999 -9999 -9999 -9999 -9999 -9999 -9999 -9999 -43236622.68182329 -12851244.977877207 -418507831.32582116 -9999 -9999 -9999 -9999
-5039035.965978283 -3615074.797213453 -9999 -376092219.4692599 -9999 -9999 -9999 -9999 -9999 -9999 -9999 -9999 -9999 -9999 -9999 -9999 -9999 -9999 -9999 -9999 -9999 -9999 -9999 -9999 -9999 -9999 -9999 -9999 -9999 -9999 -9999 -9999 -9999 -9999 -9999 -9999 -9999 -9999 -9999 -9999 -9999 -9999 -9999 -9999 -9999 -9999 -9999 -9999 -9999 -9999 -9999 -9999 -9999 -5457270.62915144 -136906356.28471282 -36941638.50259024 -9999 -9999 -9999 -9999 -9999 -9999
-9999 -9999 -3640124.545576288 -9999 -9999 -9999 -9999 -9999 -9999 -9999 -9999 -9999 -9999 -9999 -9999 -9999 -9999 -9999 -9999 -9999 -9999 -9999 -9999 -9999 -9999 -9999 -9999 -9999 -9999 -9999 -9999 -9999 -9999 -9999 -9999 -9999 -9999 -9999 -9999 -9999 -9999 -9999 -9999 -9999 -9999 -9999 -9999 -9999 -9999 -9999 -9999 -9999 -9999 -27455322.442137327 -9999 -9999 -9999 -9999 -9999 -9999 -518352091.9926411 -9999
-9999 -9999 -6669354.019887054 -9999 -9999 -9999 -9999 -9999 -9999 -9999 -9999 -9999 -9999 -9999 -9999 -9999 -9999 -9999 -9999 -9999 -9999 -9999 -9999 -9999 -9999 -9999 -9999 -9999 -9999 -9999 -9999 -9999 -9999 -9999 -9999 -9999 -9999 -9999 -9999 -9999 -9999 -9999 -9999 -9999 -9999 -9999 -9999 -9999 -9999 -9999 -9999 -9999 -1687099094.206613 -1803659305.226495 -9999 -9999 -9999 -9999 -233101862.41986698 -22449231.268264204 -268918483.83447474 58442409.83532998
-9999 -9999 -10027475.65180055 -9999 -9999 -9999 -9999 -9999 -9999 -9999 -9999 -9999 -9999 -9999 -9999 -9999 -9999 -9999 -9999 -9999 -9999 -9999 -9999 -9999 -9999 -9999 -9999 -9999 -9999 62665678.16144541 -9999 -9999 -9999 -9999 -9999 -9999 -9999 -9999 -9999 -9999 -9999 -9999 -9999 -9999 -9999 -9999 -9999 -9999 -9999 -9999 -9999 -9999 -291229728.0070402 -2312043620.2760186 -1237610993.264346 -9999 -61721408.03734168 100227617.63936438 -37807969.28022395 -262580565.4813949 -380461383.82645184 5370275.225374632
-11520586.195102785 -12163571.2862713 -13797032.359667033 -4195028.427404452 -16666840.303171858 5598563.326862472 -9999 -9999 -9999 -9999 -9999 -9999 -9999 -9999 -9999 -9999 -9999 -9999 -9999 -9999 -9999 -9999 -9999 -9999 -9999 -9999 -9999 -9999 -53924498.99046545 -4102514.285235187 -9999 -9999 -29016832.595490053 161479845.6138461 35252828.187033564 242111312.83387 145341529.50714797 -9999 -9999 -9999 -9999 -9999 104674593.46233232 -9999 -9999 -9999 -9999 -9999 -9999 -9999 -9999 -9999 -191971295.1818874 -248269264.53074318 -1214850691.4551344 72801096.222198 -62807614.15632198 -32995422.01736661 -22011185.87660866 -9999 201327139.26480135 -6208847.420014026
75431773.13464098 -14874898.413698204 -16151564.362468593 36098101.417089745 -5812439.478000466 65789107.57937667 -12834900.285125304 -9820563.732501702 -9999 -9999 -9999 -9999 -9999 -9999 -9999 -9999 -9999 -9999 -60646544.487575576 -9999 -9999 -9999 -9999 -9999 -9999 -9999 -9999 -43667956.71693778 27528327.44372906 -8829572.720172059 -15830960.400456943 -16039153.25748932 -20032434.18540058 -28219873.708294097 -34219900.10682536 -46916887.885981195 63262468.24111314 92315125.44994564 115551894.9130837 -9999 -9999 -9999 16097308.318004591 119388348.9114258 -9999 45692818.930183105 -9999 65740731.76320156 -9999 -9999 -9999 -19931898.02269643 -184095319.64939284 -549161731.8495207 -205437282.4564793 -1234448067.1871471 -62697510.63703144 39598861.13913638 -48035318.02579458 -211055769.82983652 -28609514.796836805 34027176.73522901
-16355987.292430138 -17199934.673728988 62782363.67257803 8896904.6000513 -13555922.743723497 106271770.09415227 -5555016.074086489 -17826076.51113798 -10715899.649936384 -25621187.561450616 -33521384.992176834 -9999 -35218823.49446345 44825516.865314685 -640765602.4438314 -9999.0 -477819461.34450835 -198074717.0801408 -424335216.2532045 -1778740.177076543 84451438.91075407 -9999 -9999 -25219556.857874487 -17174144.460108392 -26040649.24231708 -9999 -10418224.327096632 -32366370.57788158 -61084887.283664614 -25076458.53605562 -20101211.134007286 -23884618.202874202 -37310809.63681908 -12400705.426568164 -10084961.68561738 -3433695.7766018687 66485235.94584619 42260560.10461594 -9891793.232113786 -71124672.27125376 -9999 -9999 -9999 -13494220.093502354 5668024.095100916 -9999 -245166737.74086523 -331091490.97639155 -9999 -9999 30417760.269559197 -1266182226.2345085 -742337192.8358998 265833926.53114384 32230542.66976174 -378763269.9635889 18091638.1624965 -30448535.802295398 314513190.6542679 224569432.3037336 -15561734.925810875
-54505304.46829567 -11611733.095118348 -137468827.76364428 -375953543.7815757 -302453373.6445134 -41803753.55143066 -41171969.611080095 -24092856.89653792 -32096410.830279056 244284167.49509886 -21134828.337169524 -21202823.205265876 -104643098.6589438 -39167214.55299062 -247500536.87370765 -1576494663.4069824 -9999.0 -9999.0 -276148490.77885455 -12852033.718024503 -10727764.381877806 -9631758.786223432 -16176901.353462934 -17215588.7582988 -16986426.56944833 -25850408.799816232 -15249422.604833588 121670866.03863725 -20839890.99031674 -8674965.716522649 -21304720.823545747 -12892636.02068973 -60747384.781807914 2837036.2637575306 -2119044.7829893236 -18624799.91462558 -11733269.21373365 48364920.2236605 55964300.92010238 -215509614.00656897 -23191316.01765318 -9999 -151210135.68057343 -256913226.55193737 -53674735.807323135 -63639041.10262903 -42371342.02173187 -16736044.178064575 -322983767.91791695 -27011070.521019172 -275955480.7159282 -666066910.267412 -75390919.60424897 -1205419827.07714 163465852.2851855 -53927491.85193226 104481654.45529959 220593162.81169057 455815285.166276 110980166.99345103 -10380408.514107708 -13985109.283560365
-12154262.317902043 -25521416.88570828 -36467231.02122086 -359191133.2380993 -479312956.84163934 -277985175.9223101 -1046917853.2269329 -891970332.2807521 -618269787.9520545 -760504031.8999382 -928202717.8066412 -533392964.92959005 -376997488.7815751 -75057874.00188681 -70020971.46350913 -1495407882.9210613 -674299352.1848781 -291187514.5848946 -117026845.04609884 -92660418.17258579 -30996810.182170063 -115908034.63376635 274851491.31972706 -10086918.834138297 -22536997.903054383 -35532442.218124665 -24528364.4925612 -22734825.5035175 -26733184.852476813 -21744680.05880306 -14163819.224844202 -5602706.168137345 -5508053.499136406 -42770.65472293156 -2359110.356066105 51355011.593188286 -4073194.3089207765 -9999 47317106.21703937 -45301323.51225774 -33310935.071855683 -136889463.61605301 -140519641.32065207 -649509878.4680307 -392331755.6216388 -79231959.52382684 -82397582.14006038 -92063719.75912395 117662742.98298633 7945552.318927264 -247191213.61507598 -464611614.88785595 -17423914.998953547 -1711593835.6219509 -27797108.888621777 245655015.116827 -106272034.60853903 679455627.2467427 99332760.08149135 64881013.59173043 4775444.220084229 -9999
-33013554.27694226 -49924381.52784869 -52700867.11272555 -46676890.52958436 -260485472.81413954 -634397931.6551275 -339457107.6241031 -1136084148.7564776 -1951931277.7328875 -368777520.82195604 -310672460.49317074 -31255568.82750955 -26967760.553545304 -31923196.400422487 39807405.410230786 -221109628.52014768 -826019654.2671614 -1435104843.000539 -4400511591.747148 -71420152.68982473 -31945826.24357547 -1123012860.6319163 151199318.76815537 -55556600.52421741 -10208315.004048495 -11061418.920332192 -20408213.38735739 -16980424.855592135 -29255671.255552955 -14996382.532348955 -6975162.492308831 -12413825.547131522 -20164613.68053937 -11177310.55965986 -396812.8423495861 -15032282.459185489 -2794039.512637611 -112188514.7217596 -43145127.19006316 -23386145.300958555 -36221731.403335206 -18612333.226906907 -2775175024.919046 -804613800.9634863 -231342703.87172437 -41850765.87810445 -45179159.780959964 -69132463.42146452 -13037530.211764323 -12352280.668218762 5535682.968753738 -26346228.882807888 -27235256.46741065 -3297211468.465943 -3572614.4472818812 336735553.91268915 -20619465.617862705 1075460168.549944 -9999 -9999 42585528.48908932 20556785.57529656
85989184.5969721 -1192094.76358318 -44695736.91392709 -82891592.1184797 -242626306.16779155 -1243763999.8906257 -158387357.7843665 -306115923.51743007 -280791333.7177607 374901712.5479975 -5072444.223445703 -4460707.491308989 -13963273.53598327 -14637233.82739812 -1711279758.0346966 -1583640450.481988 -180905426.9613858 541476382.1035799 -6315879310.575439 90061751.84451194 -19421470.01837946 -17890808.050591756 -20836126.71879265 -18034181.970232848 -2971408.3173616976 13387565.948383994 -2146396.020838186 20351757.54338979 -8265451.853757566 17787821.27499155 -37059018.53428762 -15042027.237635892 -3147040.443361165 30744390.981242098 7809030.479493418 -22685054.901850455 -37774854.735775724 -16066589.725172136 -60620339.835466266 -451833495.0880538 -41198854.68516472 -46157417.939656645 -1235735346.493507 -1043233640.6023192 -46875365.74098774 -23872414.512989093 -19609157.030833494 41339765.682582006 -4502030.752551315 -24608490.626610592 -12786581.040411066 -18115185.484011773 222287684.77812907 -11914147801.50878 -1345252.0707251793 8591724.56582909 66932846.55027529 348392909.2049683 69076477.33330135 -9999 77591379.18836674 35498873.16960473
382802255.82026553 97648832.93589564 34285795.9453152 -55897683.61689788 4108060.8316659397 37064089.14880851 17501701.74361354 -39882061.04109575 -72516498.2040958 -5328661.699236876 -28120283.519503724 -21382166.89699656 -25027086.33967146 -44895135.11248026 -332698513.8169168 -17724606.644082062 -54741376.109193794 -115797975.54012877 -2161723013.608322 -608040145.2446647 -82454147.16068213 -145366975.94414118 -121891636.8421019 -1152362.7375105382 15813860.186882814 42073535.055753484 10810230.641820537 -30552717.296854287 -168782168.92038605 -37467167.53647875 1029297075.3171917 235391068.55756643 -20628296.48751908 -15758806.602287484 -18468861.370615367 -27046178.780034844 -175499076.69968027 -28758915.328841344 -46121863.88682713 -592108672.6979227 -1192267291.0462532 -57053630.66620903 -1016757874.8277562 -2006117007.0572553 -29063661.53011468 -3338667.5852036458 -20320045.394315563 -59183063.91378272 -18692584.25093923 -5537015.736025412 -21441373.333105173 10535179.81159943 20658810.226803165 -4331330779.0069895 29838431.674651574 64959327.84750829 66868215.51045029 49961396.93576778 25442295.120813783 78118612.29020719 64191075.15908039 46476541.615251325
289005324.5636204 241198053.31818688 217946503.4934027 174190185.39893964 229988776.88808894 55838775.924911916 96862377.60340737 5466387.859595995 -372784.32447457546 50212560.579721704 -35118051.52153835 -20501583.772347644 -39876955.93982911 80697973.7046969 143112211.27601284 -16289169.405034631 -12967430.435719088 -86187022.57283229 387866188.2173882 -510971407.6689813 -374089790.84668535 -900360634.8899416 114510574.93831761 112107405.59051172 137287703.94818142 21862398.439673193 91593269.19550385 -384179673.5213907 1817017754.3891895 4182034957.7153974 2541586925.495686 424387070.68007857 -14398020.764478674 -5449853.540916223 -10103204.304221852 -28461000.23568562 -55898428.282039955 -77957458.6358454 -20019356.174514927 -71313247.37655453 -399289279.7468236 -182778993.3307062 -77617501.39177208 -166994973.6631821 -56598236.07132163 -20235571.59290186 -15116095.44586686 -19648931.57061953 -6805691.410234117 -16672423.87254461 -7371236.770933912 64087814.90881912 -7400062138.263862 -6936410791.506859 23393061.2406113 -19241229.843434133 41551911.61333945 25139251.08025412 73696898.49079072 77320788.40731828 123758816.49770129 59214217.89934941
156668277.28580335 124887836.5896889 146436296.2744872 260012338.70676008 232735915.56298813 71409810.77438304 78780476.43109156 65907148.669267096 22918617.472323727 48124335.79154619 -37589463.85266732 10897019.931038748 33660055.88216644 75248361.14003552 37167124.73724787 -2307061.966186595 19844415.019166596 -26119905.80237905 -659580294.5027808 33168370.644935545 3542138297.6520085 536295422.03518355 851877238.4046583 -324195.0059278415 3428872.9680508194 -13137197.489205243 714382504.1722543 3119712370.7635255 1663273029.9359996 2426539222.237887 6296199.7572771795 -77968095.0805222 -53240505.55001636 115309193.9348614 -24899711.16908416 -27580452.181561504 42574146.360536605 -4844476.767756209 -1768017677.6910872 -2449992518.6794066 -1876090111.2893403 -63708323.096883945 -52473093.45249259 -322878192.4914934 -23496548.192947675 -25982030.94313152 -127193683.15459335 -38818205.51111649 -1065759.026782293 -3046280.124628382 28747289.526422862 462561590.01976657 -4307974709.36517 -977984899.3827808 -119545226.90745509 136279981.12865528 -5998743.5793428775 32324545.171166014 116215815.29424784 81472638.40263598 107327437.47014908 99438464.77842121
278345012.85802716 148762538.54930276 194977434.3747427 198976348.01421294 172309847.48337045 46744585.170121804 60058923.725189485 28545924.91903221 15330097.508821987 78931848.09335057 49325390.373187765 36765171.391366586 37402922.510449745 75677219.52067234 44995185.11458508 10205389.55756957 34541475.59372476 277755713.9009947 214408356.17418993 900820464.3941572 2144801234.823814 2939711453.1611667 455990097.17865133 -931330745.7513784 692346048.6314753 -17478826.97812648 -394953278.90665066 2143773582.6382806 1978541360.653487 -360083426.53483266 -1914685674.3542578 -49946803.7476475 96112804.55012028 13990224.86921754 54126214.37606787 92774879.11079672 217886101.84756327 -9999 -9999 19243165.476943858 1696685.8889176182 -872025157.80457 -1145541576.8858697 -539976194.3067589 -945305255.8110124 -116064764.64353353 -164023153.81950346 -30689744.10223778 -373644266.7996584 1599591921.0170238 51772645.22459189 -7104213685.591643 -14572412510.444677 -2466719438.7652545 388950258.6011704 411164505.3628555 90224611.24734342 178242844.1102268 112256596.443066 156469979.86008242 131433287.12228523 115006494.18376811
189028760.602256 242171915.60949147 178323446.82057175 188538465.5759262 129142375.01468122 111533368.93982391 53053318.55343284 47460339.62286198 163011704.22950378 93078432.51641211 -25933869.640485547 46683728.39167092 59488442.951417446 145592138.4778939 43348038.30090566 114207366.09174582 409517475.8083403 162254191.22694033 395533724.50928795 404696284.9362062 375896083.13842505 284061974.8479802 368728267.5611981 448039005.9276648 -302588951.43265986 -183084236.0190841 -43763651.68734129 -1801399773.3772075 20820034.32533004 -9999 -9999 657619271.604813 184122639.0633641 128665525.91062973 115260926.2397672 -9999 148446398.17516485 -9999 -9999 326799436.29350764 389856601.17125434 -377791422.18686044 -453206044.08448064 -361409130.8219525 325066931.3381321 622127700.6552025 -5521390943.991446 -9537403962.258097 3768807234.498958 1355188898.508676 -1410978760.8411233 -8698026552.963818 -11125913246.551718 -6215956007.329818 84863352.67243542 1422903915.8712344 145111088.84061855 185934013.3913859 77595673.8053198 74730614.94166702 105578745.39364216 155865658.8298634
296028990.3619708 313213910.755458 175956653.69872633 158977865.640795 164305637.40566686 184824973.49100414 114875250.13261113 300627894.0393328 84596944.21377946 40959328.87930688 106637313.73565032 98041026.15748103 95336220.0395884 86832376.90742145 76980023.31842084 283770046.4495109 161585468.49286816 199080938.3422357 161062564.98728696 191277692.48895535 174535006.32496157 150021021.91386735 169988996.43166646 -229849967.43190873 -424635556.87978554 -724159948.4302582 303321373.3984253 306713921.4170575 177778882.4172521 129604778.1926499 -9999 96258049.53058702 -9999 -9999 -9999 -9999 213151635.16321668 -9999 -9999 34549254.829951815 -140107853.88410315 -51070015.33506525 -361419313.00667566 -1100319768.94559 -1659685897.817799 2333879766.52485 -2517931177.629605 -6935319466.182067 -427000155.7067062 -9999 3511863714.2809405 1833854721.7325006 -2125609082.5635462 -10129812207.404623 2619049234.168799 1993130475.152062 284869900.9662321 66046261.405031465 73723258.51575182 38187558.42668626 98099398.48407735 127849232.52864718
226666295.7833485 221029984.89871237 277482171.30197686 307682740.0962575 331793624.0429252 378115500.5428769 252692674.93967354 308061981.87611663 194641637.97113192 171448504.29690322 152956055.17699084 100168642.94154222 131676983.54485017 329628926.84771 172680995.0185845 329217447.79345435 116963634.45646437 127104772.11011113 247674325.63532174 194132612.4612217 321196004.6849694 764361945.9401307 532664419.48902196 722195814.0981323 819622010.88449 743947685.180698 177606226.90066043 -9999 -9999 -9999 -9999 -9999 -9999 -9999 -9999 -9999 -9999 243157430.61129025 -9999 256999954.3712116 -9999 472142423.1206478 40507477.77224761 -156993096.30459622 -1224264822.0278685 -122921973.26343209 1031829668.2920934 -7014842720.124225 538441730.5437771 1136007322.5824256 355689205.31063116 3149928933.6187053 -1496694239.197099 -6263093896.520228 -83970766.23297036 365149454.2686445 -9999 169431514.0238211 64960417.458193295 69615603.73313028 69343524.49049386 96111661.10891135
172294054.3395458 160004170.39616203 274969134.0007736 230422633.00200617 415726712.2916583 244479467.64860627 177353490.2050198 281650529.60399497 177955508.16623166 181047514.2299889 160389687.01967952 195363402.72521305 196708748.68311673 169230419.3647574 202722971.91855273 169504797.88362524 243153319.83110958 174354486.62854072 96829604.02130067 130150411.11000326 97269894.48154522 561162058.8230866 211156307.51172107 355679344.9453521 -9999 251807525.83921534 -9999 -9999 -9999 -9999 -9999 -9999 -9999 -9999 -9999 -9999 -9999 -9999 -9999 174608392.97495285 215269720.44755483 325764701.58700883 425406188.4443223 96549880.1473453 213635508.1308687 624715602.6314101 58202211.04748039 871536767.6115397 3218697949.024069 573079650.4966393 318523807.62727785 146281155.93124115 -3199986462.2932673 -6303496459.323588 -9999 -9999 585687584.4827288 216911812.51114503 143934350.47173166 208472302.60165063 87999929.2929046 52238452.058496796
273964531.6360047 445879463.4049705 345791822.51728046 299116099.1883441 541414228.6065652 307802712.8772414 203872870.0928771 209233925.51294065 251293371.02378434 219291279.82965323 170200802.63333467 152848114.91739377 139166208.29030812 253111920.32316318 299905984.6731231 356633016.86127096 131978657.45753466 172435844.47738686 -9999 68560767.83450378 90469891.12615553 162562566.70381427 104432524.33731683 119127596.054083 114033638.76964465 -9999 113880504.650818 -9999 -9999 -9999 -9999 -9999 -9999 -9999 -9999 -9999 -9999 -9999 -9999 234090492.8324418 198358366.45154017 -9999 -9999 277223558.83225715 222158667.09964517 308928685.9650528 -35319939.478299454 -536480688.4430772 6196983229.146148 1613266380.4204998 256212023.58490366 282933528.8623396 92610749.19196978 -25920623.91329614 -8463362338.376066 -2311784077.3409195 50595769.45251865 315373999.1393916 124094036.36221544 76474301.44037253 63958177.81497358 70754074.44043939
326358728.09488654 595162402.6198117 322402322.9211771 491615911.8678879 384490518.26309323 303151566.9416354 181261658.8705986 164562236.9765521 219773639.40972853 206178065.9660255 173489030.31258428 218691844.20922643 363709237.9898564 301145867.5557438 353384030.5927847 358994314.356802 292176091.48571986 237698892.5719586 105542271.3435963 99040755.18441375 139659664.2209517 153990159.18792912 138793081.91924357 99147334.00214675 169984423.22502846 -9999 182678465.05885872 184967095.56173742 -9999 -9999 -9999 143898042.53648606 -9999 -9999 -9999 -9999 -9999 -9999 -9999 -9999 -9999 -9999 250103548.16890123 231581736.47150493 -9999 -9999 345447051.5670213 -556625377.7453915 2011809612.7987187 2290429958.0021095 1645472088.0481186 174092219.5865596 1242935298.1120424 2295687103.991259 -364871229.46726596 82873260.50133383 355904986.9787726 -9999 80151795.22626014 33699517.35103928 -9999 -720824.5414929185
316891483.96210176 251290059.29170653 278892969.1360573 401786620.83846587 326089345.6706044 292224575.0561907 223753889.76726183 170519307.34491032 184519105.60400024 175094718.9659068 303383939.13195336 301300844.7046499 -9999 425801486.84367466 368283127.1718073 442731943.77235603 402615921.44815874 130602592.20262729 123351369.67248078 126819563.07933088 161037200.18985385 -9999 174950702.0650308 -9999 -9999 -9999 178692728.38925985 -9999 -9999 -9999 154168024.87985325 -9999 -9999 -9999 -9999 -9999 -9999 -9999 -9999 -9999 -9999 -9999 -9999 189108120.62917063 -9999 -9999 325147468.2883422 144274637.76333383 -136555891.78258672 59199515.853291534 2393493589.170749 2610476881.8359523 1944936460.8483715 693659232.2504909 -795673734.1338081 -9999 -9999 232244433.53694698 127707624.75363871 41944383.48338512 57473517.183244966 27231645.171029564
