Model Version1.4/trunk/output/2010/nload_fixed_nat.asc
ncols 720
nrows 360
xllcorner -180
yllcorner -90
cellsize 0.5
NODATA_value -9999
[rows 182 to 207 of 360, columns 236 to 294 of 720]
55156.05098079554 534806.4505790662 517337.07614386297 444755.291760552 327188.83086886833 506715.4673838498 546345.9041782075 589574.2396930713 505002.5192514265 520445.98461231857 463141.8399521544 440289.0086478723 453656.9412126223 384582.97845858865 477184.0644605056 536111.4018708534 566299.6802949779 456934.76376401586 405429.504721885 311681.47035199404 282160.4360290996 308765.7228450424 169371.67759661202 227120.9315280984 158013.27293654895 63473.31362929293 22421.99191341635 29035.664493290536 24069.573635757 38684.82083475795 152523.8657486241 30190.405394248253 85994.07846405824 18287.94306182603 -9999 -9999.0 -9999.0 -9999.0 -9999.0 -9999.0 -9999.0 -9999.0 -9999.0 -9999.0 -9999.0 -9999.0 -9999.0 -9999.0 -9999.0 -9999.0 -9999.0 -9999.0 -9999.0 -9999.0 -9999.0 -9999.0 -9999.0 -9999.0 -9999.0
467742.34516429686 479149.25981636136 643595.7991018685 583495.3270048377 496942.4423005308 465977.920543248 528345.2531755544 410709.7414182837 432950.4421822832 446119.4204248401 452291.6754702989 326447.04694773373 341292.2035937535 308703.768296696 353369.6065574688 417491.57278725295 374685.2101652457 385956.2170643657 321624.28514849365 254832.42607567087 342878.6833811744 165343.590357502 184892.7173286621 227791.06197984563 239938.84353984034 37740.19242105895 26353.647096140154 72780.56109545806 136191.11323592343 92795.50519687955 286893.4489773772 285831.1226848595 401524.288133475 373689.75487723004 157843.42014451997 -9999.0 -9999.0 -9999.0 -9999.0 -9999.0 -9999.0 -9999.0 -9999.0 -9999.0 -9999.0 -9999.0 -9999.0 -9999.0 -9999.0 -9999.0 -9999.0 -9999.0 -9999.0 -9999.0 -9999.0 -9999.0 -9999.0 -9999.0 -9999.0
339576.4039572031 334620.6999412677 231357.91554969698 305514.03162560763 434490.7022355962 512300.6717935133 413595.1518241996 441356.253452193 460352.75402690243 435013.4302089809 137257.15877805577 268004.5172548402 344496.9318987233 245229.97935854527 183738.82204429875 140462.70951331584 475374.7604915649 519262.6277618682 454225.11715261085 335957.8920652826 395666.285418977 355733.2408126792 326181.1640108534 314622.61568530486 215874.3695296493 55083.37556003307 181017.17700933653 129055.46347184031 227894.90795316055 180851.75218646543 247854.01294289075 219066.02181053723 333580.38011467556 384293.6212934616 216062.73757015445 60714.56905524493 7231.5341725139815 77886.89162058002 -9999.0 -9999.0 -9999.0 -9999.0 -9999.0 -9999.0 -9999.0 -9999.0 -9999.0 -9999.0 -9999.0 -9999.0 -9999.0 -9999.0 -9999.0 -9999.0 -9999.0 -9999.0 -9999.0 -9999.0 -9999.0
324780.30537714425 456804.3886453762 248354.14986216556 417146.01619242463 472106.3928139995 565784.4756109437 437498.2782233874 312653.4146058579 182602.74644595743 148215.85269320337 259232.50780439618 413884.8038451116 471664.0466863078 358532.2938710892 403345.9652789544 477840.46848710976 502192.566259418 497084.5986152919 492921.7537735187 411069.6057360676 387089.14810576226 472561.9721604513 461174.89393319667 299330.2083174801 228841.51911927704 194268.61890685145 272772.78097343683 186411.0123327968 247108.74931468425 259755.16036456104 353968.8320651371 403832.39999491884 280873.64624474 472461.06141299004 168021.72505635105 86661.67088297881 281503.19306275324 343646.6532172534 385153.6946522615 197159.20941596723 68450.77359949081 10482.187789640322 1562.4391543557967 0.0 0.0 -9999.0 -9999.0 -9999.0 -9999.0 -9999.0 -9999.0 -9999.0 -9999.0 -9999.0 -9999.0 -9999.0 -9999.0 -9999.0 -9999.0
433633.50950324704 414591.7295472898 339300.9679041273 342493.8359625483 202848.23725620782 237173.40832318363 188700.08516808532 319719.6644009354 206421.95973492032 416883.0561929659 620588.5505708558 464112.23340290505 492669.509439597 421958.18923961645 527402.4969480083 571551.409936058 579872.8194700361 503304.853704026 451361.9389667986 536902.509963176 653517.7905396356 738587.8954640356 737696.4273403246 433217.0622387379 293501.5234398839 314495.53169201233 283220.38842457865 317870.04136475537 267206.54588123923 303623.59975741996 443077.8046987378 425167.2025427359 411436.52805574 573046.399500478 177279.65546615113 368382.73965052253 461613.68498112296 394950.1342188552 546269.6596264142 627129.7313538026 758317.385471866 815025.1652352294 511945.3586393496 511061.6406750168 91859.58980865241 0.0 14575.24254950438 -9999.0 -9999.0 -9999.0 -9999.0 -9999.0 -9999.0 -9999.0 -9999.0 -9999.0 -9999.0 -9999.0 -9999.0
216202.6268628228 211538.38561746673 481414.4940154764 453994.6815253912 249323.03587005837 170379.44449079895 366654.4957166779 406146.87118883047 426051.37969970907 599877.505384929 687782.1089981494 687513.1127131514 768238.1919435768 690914.1954100765 753253.5005702107 525820.1786365999 534642.1218968158 555035.3677041581 551963.0293444024 752859.4009508827 744921.624849998 728852.6585720225 602280.7898515791 586871.0915057047 259897.24106617886 480506.4393633841 385166.2564480829 421737.6341388134 301377.49613369704 416394.91100957285 530009.5872770522 650092.3430943361 488948.36439106514 411720.56230557355 190159.50561723797 337326.1916250672 505087.2128716324 483822.14608166355 726536.1657755958 876232.6800034499 797856.4260039395 717491.0940981524 418919.8376479979 565427.8739057876 633658.2868301151 421060.23716849915 179995.66594037224 4721.191027861981 -9999.0 -9999.0 -9999.0 -9999.0 -9999.0 -9999.0 -9999.0 -9999.0 -9999.0 -9999.0 -9999.0
364756.44842607965 496370.5556006628 505655.3370672021 243572.33140836188 245702.779477517 242960.25747419655 373304.97135580296 417909.7547925372 590743.1396695393 604193.73204043 631259.9821660082 492151.7204012907 658742.5026692892 762216.1056309501 892940.1903060451 700794.8644126987 597838.885365188 588403.2211325098 625937.0269051176 742575.8715370061 736781.03607731 699984.4988647905 558319.1904225693 372411.2332704307 319349.4826894412 340191.81514662114 477827.1673178814 449769.8735492806 373009.16366828285 395727.6378139156 594867.00660588 634441.9279883029 590683.8565920378 444835.48230962054 414023.8247547114 591205.954014568 525041.7473799132 563857.205663428 851201.617830559 777709.769841266 763686.3801547904 789315.6039877029 344615.2914059675 0.0 429757.6852517991 709682.6859919465 616847.145965602 71648.67819335766 0.0 -9999.0 -9999.0 -9999.0 -9999.0 -9999.0 -9999.0 -9999.0 -9999.0 -9999.0 -9999.0
636938.9495813274 500526.7374992093 246103.55255879028 474305.44318826724 498224.95947929187 337321.5982593141 341293.15358924016 480895.30233808915 558600.5250589 751497.0175419422 787644.4352786527 864590.0210078032 470998.8155922907 560921.3324203923 607767.5671888723 591200.7329670277 609405.9008775481 600147.807853692 595584.2580023785 583927.1476901559 719995.0380144843 715436.1071145025 620415.888061073 623792.4077755383 483199.19509220653 304444.5325887094 250064.52410209345 288914.2209050376 390919.8979453125 572253.5015095577 721678.7718673922 742315.2854307428 679943.0577584642 652058.5687265425 536935.9519708412 667500.2319422301 806725.2908270595 796432.2364814868 677841.9621875059 657585.3026179229 754421.4422651969 619213.9700129416 121687.05729109085 0.0 0.0 0.0 0.0 0.0 0.0 0.0 12820.296421127947 -9999.0 -9999.0 -9999.0 -9999.0 -9999.0 -9999.0 -9999.0 -9999.0
640009.2372014925 503577.1359904379 239744.03368647423 340664.2290618953 365028.76512224483 397327.064375507 517939.05597485823 413703.77045878244 576224.6446700313 775792.272696797 859829.4468616621 438850.51118117047 485778.71777821076 521099.7487955269 460704.14518049435 578204.2753630222 604307.2953231618 567162.4690716058 588134.0658062877 625788.5741238906 654347.6267868431 647233.8185838062 615248.9355452722 528903.6384418772 511360.2603733476 284316.897311269 166084.61306332395 185903.31344863112 335554.8985647465 565962.1910867989 648471.4492267146 586047.7888197014 614340.8661861178 602568.4004729026 576577.5678450804 558328.9522858411 926463.2281166916 653042.5314453751 622017.3614050891 615172.7269262911 189297.04718487032 130069.06567748747 0.0 0.0 0.0 0.0 0.0 0.0 0.0 0.0 0.0 0.0 78393.28088235173 14656.605883716351 -9999.0 -9999.0 -9999.0 -9999.0 -9999.0
392184.6201538545 352276.8764479489 356639.6846012811 338595.39682700444 387205.85810584325 546428.3886767543 541288.4091674857 781148.2687513959 595419.774944435 565651.0657916268 493049.62448240706 466627.7658349437 409542.10205949773 505081.7398145128 439285.93381486385 435778.14040448563 465466.3346427503 574031.8595987007 581010.245953502 591311.2533688175 626409.9802781292 621253.3062131363 641788.1134200069 679479.4764402483 468929.9159568709 359315.77993572265 541885.4260560374 327455.608227291 551011.7883495635 584260.4964192676 546747.3776873831 519469.7301057433 468538.58370314044 704877.4744696345 522207.7207243665 811870.2532097059 851692.433312272 715998.3338631142 507157.0884555499 802665.1628515027 548556.5970197824 123425.01163999044 275073.59019446676 0.0 303787.1774017455 0.0 0.0 594366.295164994 0.0 0.0 228454.0853095669 161081.28318870623 0.0 81259.13588320141 -9999.0 -9999.0 -9999.0 -9999.0 -9999.0
391479.4535511421 384637.8090144714 411615.68184995 387542.04431600723 535069.8015277978 756232.8287338732 809598.5090337427 766852.9561318749 454311.0302860874 453104.8252879847 474078.79440282716 380933.8796953152 388231.1072187314 474171.936960009 424111.4645632304 504766.4175861165 517190.70482505724 444084.7698746154 582045.2998151655 624357.9710915174 579831.7100886434 547833.0819618575 607455.0514461789 843147.2713467274 491985.3225831313 510818.1082118504 428230.2259661082 349314.01043750095 660487.676299136 501010.17171013483 785339.811904533 490144.31552084384 544862.5667146476 524450.795267676 280043.42550183675 649683.2616105734 536756.0032414498 392376.8546687205 533856.8197210712 525556.2378296962 476449.34776198026 86477.48237496217 0.0 0.0 327514.3842162219 119244.80284441948 830196.1410836288 458900.3916702068 481916.2050836996 0.0 0.0 469820.37402230775 237164.14335924308 123062.86661684922 9442.423222712347 -9999.0 -9999.0 -9999.0 -9999.0
410300.6066742644 408224.7491961504 574203.6497649953 577570.5594077928 488411.3503844181 757508.8403301911 787548.4439683142 418382.90628781804 506019.19547511707 470105.57616425486 472940.2360607163 417812.39265048504 393238.1589785424 386069.72008793394 407584.1395037638 395361.4857982367 599221.0728122077 771384.5349114044 526610.4838889708 465720.54917084385 497964.8956745169 422079.63025235134 459613.9013344089 319747.0085325197 429141.6941186778 651502.127695303 427047.18764016277 352704.2145977752 565889.4221499134 910946.9334011326 1057173.8009945643 723432.5245713621 646421.3322495929 442380.6190626724 400204.64850490366 521719.35443766543 271402.1951320433 300701.61255942105 524781.9959803836 378752.339644451 31327.229462976713 0.0 0.0 0.0 272516.99300469377 305225.5684178249 613182.2973977972 0.0 0.0 0.0 0.0 124976.71257515921 126028.85737471214 86595.11047306139 66977.29728348614 -9999.0 -9999.0 -9999.0 -9999.0
468464.4898400947 404065.0974115042 545922.4756486285 594210.9062741983 595065.4499388972 795643.6341598857 751613.6412678661 475220.6995793158 447689.3427438118 551648.4443309848 484096.39975031075 481485.8932382979 418645.61054529296 382962.62695772905 502762.52147615945 486710.7774055355 446770.5790486901 757894.8304515377 608883.4183545054 514028.6628723849 503229.80063127447 667163.4133734481 813689.6847021712 603089.0631948931 757983.7070459242 683129.6157646418 547685.9958796662 459289.7651633667 504953.0345316759 896921.3400951938 974702.3880153855 657173.3415658845 893413.8232546798 571401.5408612073 542423.3916894255 172178.420260112 453191.1315055481 0.0 0.0 0.0 268050.1936473816 0.0 0.0 0.0 244253.08810936095 293966.4790101855 555271.4470029065 238869.1008388279 672420.791753847 16364.001461568088 0.0 0.0 0.0 20775.838237747485 0.0004114822509598678 -9999.0 -9999.0 -9999.0 -9999.0
598103.8106254297 388557.1618649191 564589.2322397602 574757.9150229013 845456.9358977906 813657.8304048048 825492.5023741418 511452.980118919 510997.58414563 738352.2993613622 581454.5091755247 468848.22578162333 481746.769122007 496285.15496990975 495292.1795863157 495786.08507323475 552345.9350118226 600955.4747246448 665413.8514620693 615180.2414605755 710072.6153137812 700914.2831528665 710376.2954089385 676163.0871496133 1128568.4054822153 1025726.7226224914 558383.2814190368 404564.1651680772 366751.49327688245 656229.7265469519 764981.3636978616 503849.15869846684 465096.81030081486 732113.4514153429 614142.5079795119 68.54650588047839 254655.26407691583 0.0 0.0 0.0 0.0 0.0 0.0 78573.70124887156 142225.3908794954 483408.06547145575 655753.3530920254 674091.7976295664 878452.0872621284 187961.6449259842 0.0 106377.43210031436 19499.73048928363 24580.56358534219 14070.825772362952 -9999.0 -9999.0 -9999.0 -9999.0
507225.6576832257 431280.2356655093 597218.1105569379 506985.2500541495 487562.17248901026 833857.4688309587 851879.4800444221 651211.1189606762 785443.7737199216 549784.7752595484 535938.4698329681 547958.6463789425 605729.6003199997 533047.161109691 451718.3051542122 503279.71950074815 638210.7561664388 545606.9669822501 682715.6991529171 794486.8416722713 519582.747533699 731474.7303583933 747592.3658220974 751952.3848254085 1055011.8411128598 1027744.4397624988 663460.8575352277 324835.07710355305 392428.96398896986 440770.33534292935 602851.7406310927 556702.817321784 778483.3616337251 393407.17229863827 413309.5655043287 75546.62497643488 0.0 14723.060583274377 0.0 0.0 0.0 0.0 0.0 0.0 0.0 0.0 240199.88757013401 498949.51958560746 360969.56932516914 0.0 0.0 122303.92441742598 52700.36725677091 0.0 12350.648576595 -9999.0 -9999.0 -9999.0 -9999.0
431347.070875568 615090.2821940625 642128.1997805577 531289.985984131 506572.5700266336 515112.16653770156 881583.0357930623 548759.9870158371 515792.29385173926 504269.3722026199 574425.0609766081 731266.6663059848 787364.5084309862 616974.432678538 608792.8279546074 473626.1718386465 646058.1640315877 634827.9200955479 522555.0731990104 654530.5967836593 854096.6571677531 845228.5288751741 836778.0551688564 982965.9163642608 558032.5098585085 880082.4143718996 856932.8464164753 485316.22117543966 419690.3517950327 439053.6680502234 461351.7929018536 511203.5701024781 853566.978296486 290218.6584975266 0.0 271630.0903674742 0.0 0.0 0.0 0.0 0.0 0.0 0.0 0.0 0.0 0.0 0.0 0.0 0.0 447634.0323210978 274385.3329813592 338933.95800664654 178522.36158877303 51542.06136299195 -9999 -9999.0 -9999.0 -9999.0 -9999.0
711720.0779339608 594134.2547531396 571903.1031846383 564082.8242844618 549782.9835042462 534196.0952548792 540166.3164895461 893998.4581794338 937753.5841114181 530831.4351601753 671197.7851377357 837889.3689263993 793647.9950346979 744340.6638096385 705651.3963832941 625292.7607903165 525976.6754126293 641485.6232964045 659898.6991787712 639767.4980199191 894008.2514813801 883497.3153705018 721133.165540997 781466.8220653131 344857.22450616513 435280.83136968326 543323.3302999277 357213.4449574262 430733.9881516757 287691.5646087358 394058.6556545333 468949.7231332317 831379.4016811124 488373.10713791405 159472.4017659484 0.0 0.0 70606.23038043798 0.0 0.0 0.0 0.0 0.0 0.0 0.0 0.0 0.0 0.0 39862.84522531567 0.0 177778.0694586541 28634.96853147281 50502.40928389919 10944.98565520844 -9999.0 -9999.0 -9999.0 -9999.0 -9999.0
733939.9610081454 637159.1029315742 635040.714468424 600035.8041767864 584709.2642878408 568693.6243992997 581440.227736261 482839.67901016015 517236.6955872904 463084.42157454044 464264.34338482236 384541.9200552759 511231.71302374656 339969.9453157373 263465.56128423975 453219.88907890004 685728.2077871303 443742.236902275 671376.0307769383 643298.2176513362 918946.253962536 789720.431916733 566557.5284951698 406833.2888881197 502603.396944476 441990.2189644825 297856.86609220994 339862.65552935057 451251.6160394186 288628.37598924566 527271.7745192692 697331.9350515561 634457.794054106 119064.48006007855 368663.2997938771 0.0 0.0 141691.8676597399 0.0 0.0 0.0 0.0 0.0 0.0 0.0 0.0 0.0 0.0 0.0 0.0 0.0 19719.67870188935 10618.48067802708 -9999.0 -9999.0 -9999.0 -9999.0 -9999.0 -9999.0
643737.4769738056 677473.6053137825 640656.2890278372 656696.477725269 1074684.2411269445 620106.0817210254 982184.8145353874 543153.210693809 542144.4098325571 521526.7082997467 492117.0587921443 398791.3936892389 408245.5465459467 320353.1644163247 367287.5897223068 430387.2549899033 427226.9277775342 505465.1650956103 482327.56430326053 430544.1171946697 545486.9932542052 480579.0876461323 541191.284370838 425315.8318866357 330924.6680044635 399875.3834970909 432855.28132256964 387759.60312599374 413457.15262558626 338288.0405693699 315192.7404791805 377610.9430792733 332039.9959066346 144158.63238945891 467529.38735977944 0.0 0.0 0.0 0.0 0.0 0.0 0.0 0.0 96199.3075970067 0.0 0.0 0.0 0.0 0.0 383161.4809877674 6659.011432315017 54623.2183996857 -9999.0 -9999.0 -9999.0 -9999.0 -9999.0 -9999.0 -9999.0
442052.30664304376 680206.1886814178 706853.382051553 836767.677799767 1117981.4227144006 1070911.216240557 623020.8217690875 624221.5976405672 549484.851042312 527110.0222272974 525734.6723265157 585065.6855367823 353246.0803063173 214290.37812223283 323457.7584169053 384361.43259996484 478780.1103684274 474456.2434801433 373668.58337644837 335360.531730836 213711.58786743306 351360.80595229747 407714.21410372993 434979.47580511303 395978.60210807185 422176.37089908746 433877.52528430894 512702.9218517702 492579.53944025293 436224.87511867477 478973.79789727286 232202.52814318202 277624.01620066253 476851.1294267855 418472.05998507503 0.0 0.0 0.0 0.0 0.0 0.0 278227.4683074159 0.0 0.0 0.0 0.0 0.0 48240.445098241566 102407.90211692988 363085.981195026 59991.74403972021 -9999.0 -9999.0 -9999.0 -9999.0 -9999.0 -9999.0 -9999.0 -9999.0
423150.2155441865 471249.29824310105 622545.0509324191 871924.6419767886 1148802.3444689792 1079536.188113844 476965.43796391296 614720.7960490789 500261.0287610698 416195.1417469683 400429.00088766473 478911.8563598505 599484.136801234 545534.9674676169 376792.8270035426 407520.4025213889 506271.56931712 534157.7853042535 472770.2980046438 581689.0829501976 326896.96977387386 333055.7417912512 371785.42143733293 473787.4194631728 588558.8304819613 335948.6996959658 378086.43252965045 408127.30926575983 473437.1179481675 406922.3885801743 612966.8899806424 531973.4954037414 315021.11567628954 285565.7316824638 44370.58290981214 421472.233434996 624932.0773895495 0.0 0.0 0.0 0.0 0.0 0.0 127573.15078481582 0.0 0.0 0.0 1289.6699915050046 142462.30093210473 62330.03340692818 -9999.0 -9999.0 -9999.0 -9999.0 -9999.0 -9999.0 -9999.0 -9999.0 -9999.0
262118.1144494874 403461.7357482002 852844.4032742374 1094766.7266258816 1089200.9338016084 994348.3671673712 469082.1328197795 430591.74305448943 398904.9033133369 359223.6025307311 587986.468601152 588605.8368289808 272029.5697706564 345547.93500405655 423799.46393907093 513776.7662980238 507210.15976372745 524604.25824022 527777.3128352358 691847.5366211017 617049.9318412129 220924.06779263812 429468.50107661914 440715.0205939868 393690.28571733925 340441.61320953915 293860.4966576587 370302.8307558109 393925.2323444876 407136.30183124635 307323.1941477881 549424.9057283095 639180.7594748936 113565.69748528257 408353.87422948255 363213.9845178343 164177.92458703948 420676.81820820004 981752.9966342453 839887.3090960267 35575.58953014244 0.0 0.0 163934.34443370288 85872.1561162444 0.0 86269.3740414736 87841.1858937736 226361.17122557055 36729.911275228085 -9999.0 -9999.0 -9999.0 -9999.0 -9999.0 -9999.0 -9999.0 -9999.0 -9999.0
536168.5095485189 703824.2069082323 753474.5683079887 694879.1276887965 636888.3954129627 440679.65274471964 443228.91245923843 433632.8474361206 424088.0534751507 633498.2836762419 539975.735038976 550198.6014372807 354366.5308099568 481559.62856480986 508284.8630266053 506212.3317067262 542606.8111244513 503751.6608036567 778615.8152722021 695007.5970519038 588780.616671019 289527.71506494534 422547.8616358079 383997.13840211503 360537.45325426705 399419.6527071189 550567.5689525383 444688.567938407 398028.98918430955 396117.02591104823 359645.6061668503 650386.5699128121 639332.9559712508 561358.39172176 538047.9615760772 228245.26394785047 284760.88702271227 515068.23086089536 387044.4508961666 700311.5255747763 477463.9015710765 0.0 0.0 335053.96578957245 215729.86259718213 114853.6983801008 60010.481895593766 145343.06953447332 117732.93221762487 -9999.0 -9999.0 -9999.0 -9999.0 -9999.0 -9999.0 -9999.0 -9999.0 -9999.0 -9999.0
537986.7836037664 374689.6405990713 438572.62127631006 432440.41397873044 690219.1574616667 392386.3875955086 297146.31711218506 292728.8721898047 450993.80823739467 617458.21081138 544063.4202822543 286454.0152733323 148709.4448345469 592867.0572171232 153466.11771717176 539181.6504245446 703413.8043768253 447785.62424717366 713891.8184981794 659107.6119476733 384226.67338612786 171145.2648998494 410965.8855736034 378033.3513272696 362506.6995097093 318036.5023055933 373491.7566513729 500358.5073094186 477056.56697264593 445977.2718476212 358968.77615350106 511164.0576256864 605737.3219539113 614477.8984367831 543039.2579019902 272615.25839122006 0.0 445781.16842679377 0.0 595433.0425517324 667998.9727196053 640353.455995564 305872.83573193685 307892.1575372007 202560.20072874564 0.0 204408.7456445019 82162.55666747516 -9999.0 -9999.0 -9999.0 -9999.0 -9999.0 -9999.0 -9999.0 -9999.0 -9999.0 -9999.0 -9999.0
448594.3330532916 317104.9725570406 325337.6604638828 468261.88089238 914817.6590162998 468686.7152905165 283251.3975377139 289319.69527089875 431069.510540696 637042.5110562603 618200.6791988956 353241.66206632444 294266.0319304202 376252.24895200954 642914.089800761 68822.10697830762 0.0 641529.6055242404 537400.506068294 285808.9298472321 227228.74196385258 237956.58783753478 272921.1258033655 275012.4430964081 313762.20192259207 286692.4147677472 295546.2460757854 198189.9030539836 287131.802709397 266913.0078320041 215516.09668201735 408257.11594790424 569067.6424204608 277167.7856351659 139774.33354439365 134943.96091107168 269260.85900937475 433187.88839606126 813935.5159255277 623265.9599255474 924668.5474911145 601001.1743334912 340924.87344749813 225194.37044856852 0.0 454196.77218563337 11431.48160441452 -9999.0 -9999.0 -9999.0 -9999.0 -9999.0 -9999.0 -9999.0 -9999.0 -9999.0 -9999.0 -9999.0 -9999.0
0.0 165251.68680586157 366229.81391597446 448292.71839066007 586216.1681963588 357084.3516525306 264274.17051079747 285950.46429836424 254238.55170376878 375507.0922885466 0.0 489849.68257768505 478317.6557632653 395791.42448763514 0.0 507132.3156512244 385678.97945222596 26022.12748317516 286542.2926161355 311707.3147196876 332967.5636267336 362215.4632962331 190886.4241902772 218911.29048390983 324503.3007017763 271631.02261991915 240817.24125220306 85267.27692731749 108169.2357721021 53333.63413899734 107334.4365393515 389401.71419072105 600144.3328637471 374440.36563455814 394914.0886892998 479800.81350582547 214637.69055274612 363267.2923025559 620735.7152085578 397877.71344922506 674065.4232391828 721945.2551604111 440158.42256826564 0.0 0.0 471104.8703504364 12634.117778844282 -9999.0 -9999.0 -9999.0 -9999.0 -9999.0 -9999.0 -9999.0 -9999.0 -9999.0 -9999.0 -9999.0 -9999.0
