Model Version1.4/trunk/output/2010/nload_fixed_nat.asc
ncols 720
nrows 360
xllcorner -180
yllcorner -90
cellsize 0.5
NODATA_value -9999
[rows 52 to 77 of 360, columns 177 to 235 of 720]
43671.85843017509 48404.85579556691 27468.016538528704 774.3499166676672 -9999 -9999.0 -9999.0 -9999.0 6810.616074049939 36549.104133968256 36741.65147044854 35363.70623656308 54204.44830262466 49484.541406257405 37524.26289974441 14782.058009577808 861.5844162015273 -9999 34712.657577547485 43888.849034289065 59799.17344794854 48809.495456095654 4999.69861911538 -9999.0 -9999.0 -9999.0 -9999 -9999.0 12616.895481941927 6503.704866467447 -9999.0 -9999.0 -9999.0 -9999.0 -9999.0 -9999.0 -9999.0 4451.935275171202 25936.760773121998 35088.81366475132 59761.68693356085 70221.39946731787 68987.93746049938 69298.81658965292 69394.18436570521 41550.35813933976 45888.08829349979 50459.93681819125 66936.84978943417 66643.17439373584 58025.62864456491 43224.21863700246 32840.925374932245 22089.80713220943 2986.2916642049 -9999.0 -9999.0 -9999.0 -9999.0
72097.6864342476 28522.896948211335 -9999 -9999.0 -9999.0 -9999.0 -9999.0 -9999.0 -9999.0 -9999.0 -9999.0 9183.117894074432 36695.144600711385 22438.642792421666 -9999.0 -9999.0 -9999.0 -9999.0 -9999.0 -9999.0 -9999.0 662.8406805363883 -9999.0 -9999.0 -9999.0 -9999.0 31269.90127143043 36411.46728182728 1757.755284485349 9874.76573968211 -9999.0 -9999.0 -9999.0 -9999.0 -9999.0 -9999.0 -9999.0 -9999.0 -9999.0 16192.357058553129 55654.25291148002 61801.892441628224 71747.86267979276 63955.158222875885 62811.77973968284 59958.56350584664 32654.322054516808 11662.312638338906 17248.628534528918 39953.55798466416 57122.46509979264 55967.31258719074 46090.698263416605 16387.305217988556 2924.384775283973 -9999.0 -9999.0 -9999.0 -9999.0
16963.459194888008 3743.5875202111743 -9999.0 -9999.0 -9999.0 -9999.0 -9999.0 -9999.0 -9999.0 -9999.0 -9999.0 -9999.0 -9999.0 -9999.0 -9999.0 8780.121704923571 39212.97012537625 42456.32104365682 45619.94614601559 2609.9634661736277 -9999.0 -9999.0 -9999.0 -9999.0 -9999.0 -9999.0 -9999.0 2567.254672170396 6684.281191857852 -9999.0 -9999.0 -9999.0 -9999.0 -9999.0 8890.828660438008 -9999.0 -9999.0 -9999.0 -9999.0 -9999.0 -9999 28488.335251599023 37428.56415847122 29892.69017734104 59166.84815671724 64608.25473838024 64114.41307051668 53008.452474848134 23213.218812379084 1905.4581320034285 -9999.0 10054.676429412351 22504.18686702133 8630.932339397474 226.88991392101485 -9999.0 -9999.0 -9999.0 -9999.0
-9999.0 -9999.0 -9999.0 -9999.0 -9999.0 -9999.0 -9999.0 -9999.0 -9999.0 -9999.0 -9999.0 -9999.0 -9999.0 -9999.0 -9999.0 21947.139132206703 27587.99297778309 17093.0415766883 -9999.0 -9999.0 -9999.0 -9999.0 12942.822770044964 45293.524844948835 13413.949895293386 -9999.0 18778.19996828837 82326.94301729118 91862.52589730981 88213.69931499746 74682.1486630132 50256.16309602462 54407.60023500942 42551.42828404762 56406.440608681034 82944.51932495358 55716.22083811471 20806.4314126103 -9999.0 -9999.0 -9999.0 -9999.0 -9999.0 -9999.0 4875.67769308615 22251.829313130154 33770.3995960829 41983.579416176966 50579.20640531062 39574.28070293814 27827.201868917382 -9999.0 -9999.0 8476.124720847049 716.4140598285284 -9999.0 -9999.0 -9999.0 -9999.0
-9999.0 -9999.0 -9999.0 -9999.0 -9999.0 -9999.0 -9999.0 -9999.0 -9999.0 -9999.0 -9999.0 -9999.0 -9999.0 -9999.0 -9999.0 -9999.0 -9999.0 -9999.0 -9999.0 -9999.0 -9999.0 -9999.0 13220.425468591433 40880.563928286734 1091.1786297015599 -9999.0 4871.062032382262 69690.10948611116 109101.48996919284 106704.61933089953 109722.6591483806 95009.85556620883 107721.4544908568 106058.43913640664 106032.1703284001 108492.88543650362 107448.2766965224 88385.0169975244 62628.29793150398 22229.32185752411 -9999.0 -9999.0 -9999.0 -9999.0 -9999.0 -9999.0 -9999.0 -9999.0 -9999.0 2695.0793508669444 14559.537210255634 -9999 18538.944066784417 8495.91171657124 -9999.0 -9999.0 -9999.0 -9999.0 -9999.0
-9999.0 -9999.0 -9999.0 -9999.0 -9999.0 -9999.0 -9999.0 -9999.0 -9999.0 -9999.0 -9999.0 -9999.0 -9999.0 -9999.0 -9999.0 -9999.0 -9999.0 -9999.0 -9999.0 -9999.0 -9999.0 -9999.0 -9999.0 -9999.0 -9999.0 -9999.0 -9999.0 48632.99322231892 111604.55728908468 113352.45049692491 109196.20063265481 100933.9692833396 107768.4304621656 105870.49023280155 109067.93031995927 103918.54048720791 104008.1965345447 111390.19710123802 110625.3771964562 77011.3544167014 29498.87304277503 12621.92443736034 9184.033053440447 4957.159370211194 -9999.0 -9999.0 -9999.0 -9999.0 -9999.0 -9999.0 -9999.0 -9999.0 3221.9728158459893 9381.005515673301 -9999.0 -9999.0 -9999.0 -9999.0 -9999.0
-9999.0 -9999.0 -9999.0 -9999.0 -9999.0 -9999.0 -9999.0 -9999.0 -9999.0 -9999.0 -9999.0 -9999.0 -9999.0 -9999.0 -9999.0 -9999.0 -9999.0 -9999.0 -9999.0 -9999.0 -9999.0 -9999.0 -9999.0 -9999.0 -9999.0 -9999.0 9455.0002998845 56087.577954212895 112745.77983430009 109755.05830011572 103086.24037065299 105652.73042761227 104971.06294191936 105075.29632467315 103919.79216900474 92517.33744288409 104234.35423016509 118278.2244049854 119455.7869249514 116392.07159849875 116811.5609412211 117627.13462088276 109413.64677108175 66422.0445696808 6720.787006967214 -9999.0 4514.346419395672 683.6730366468286 -9999.0 -9999.0 -9999.0 -9999.0 -9999.0 -9999.0 -9999.0 -9999.0 -9999.0 -9999.0 -9999.0
-9999.0 -9999.0 -9999.0 -9999.0 -9999.0 -9999.0 -9999.0 -9999.0 -9999.0 -9999.0 -9999.0 -9999.0 -9999.0 -9999.0 -9999.0 -9999.0 -9999.0 -9999.0 -9999.0 -9999.0 -9999.0 -9999.0 -9999.0 -9999.0 -9999.0 -9999.0 -9999.0 10645.638080164785 84291.64163669372 117791.37554803172 108129.80422130492 107983.38035892369 92128.90273516395 104225.58486615198 108677.598195004 98492.15412218295 113638.3680874886 120153.9523702475 121545.28234406792 119536.66182098782 118472.01262319485 113268.38609336964 111884.98554789652 58329.204948490566 -9999.0 -9999.0 25929.733882264656 6750.456127614633 -9999.0 -9999.0 -9999.0 -9999.0 895.7571789033116 54771.464691837486 5408.770743049963 -9999.0 -9999.0 -9999.0 -9999.0
-9999.0 -9999.0 -9999.0 -9999.0 -9999.0 -9999.0 -9999.0 -9999.0 -9999.0 -9999.0 -9999.0 -9999.0 -9999.0 -9999.0 -9999.0 -9999.0 -9999.0 -9999.0 -9999.0 -9999.0 -9999.0 -9999.0 2863.324807378482 -9999.0 -9999.0 -9999.0 -9999.0 12688.958755616186 91926.77500749944 117668.80445867499 119314.20776516764 120329.40611271768 110777.7311985558 105661.34380707685 108637.6987515889 103696.72895410002 117446.61876320414 124253.72615719703 123111.59213333306 117300.63692456862 123396.84065691003 121314.9895430703 115356.81471049364 72131.19611643587 -9999.0 -9999.0 -9999.0 -9999.0 -9999.0 -9999.0 -9999.0 -9999 52882.34460737847 103523.070392276 48563.25444225011 5578.133568535487 -9999.0 -9999.0 -9999.0
-9999.0 -9999.0 -9999.0 -9999.0 -9999.0 -9999.0 -9999.0 -9999.0 -9999.0 -9999.0 -9999.0 -9999.0 -9999.0 -9999.0 -9999.0 -9999.0 -9999.0 -9999.0 -9999.0 -9999.0 -9999.0 -9999.0 -9999.0 -9999.0 -9999.0 -9999 14120.378994225992 84937.26835859462 126003.0344582018 120867.79103509983 122647.04124323821 120751.78633242554 107420.65464070722 121679.99353755395 108692.9160177497 109267.87716226926 122202.39400341995 124324.19943505016 121045.45420948807 115601.95122640776 125707.77751302763 125193.65000774819 122051.60707878998 98326.48776469621 20793.0606563485 -9999.0 -9999.0 -9999.0 -9999.0 -9999.0 -9999.0 10788.182363845668 94336.73433754515 112654.51581115021 95073.95426463356 44931.308371965766 4987.114157172311 -9999.0 -9999.0
-9999.0 -9999.0 -9999.0 -9999.0 -9999.0 -9999.0 -9999.0 -9999.0 -9999.0 -9999.0 -9999.0 -9999.0 -9999.0 -9999.0 -9999.0 -9999.0 -9999.0 -9999.0 -9999.0 -9999.0 -9999.0 -9999.0 -9999.0 -9999.0 -9999.0 2704.697443386861 91838.37337276424 115647.29630903025 123090.20049993008 127712.21291296842 124021.96820042198 120480.06230308881 123141.66077538862 128076.02340204334 129774.92058324674 125027.45836791214 126362.50994325372 122750.89834737794 124680.7687181608 120304.45528777981 130539.83164211923 127478.4059986263 126845.75257114961 73412.54223050817 92616.9644097952 92534.68561781243 25652.664605104623 -9999.0 -9999.0 9690.676220535526 52427.64743998144 68297.74440360532 113674.08098127991 115698.52993038076 110967.81152890602 100361.5334206957 61639.96234804235 7132.143727896669 -9999.0
-9999.0 -9999.0 -9999.0 -9999.0 -9999.0 -9999.0 -9999.0 -9999.0 -9999.0 -9999.0 -9999.0 -9999.0 -9999.0 -9999.0 -9999.0 -9999.0 -9999.0 -9999.0 -9999.0 -9999.0 -9999.0 -9999.0 -9999.0 -9999.0 -9999.0 -9999.0 7385.569497130421 48674.59394322554 101168.28608515984 129547.06725199519 124771.08309220754 127609.58760274529 117102.64567783005 130940.75685786987 130170.48919059093 130496.90422879907 136480.2471438515 136101.38640521714 136764.93697422158 135806.30509308333 135447.7852768493 134368.12072010443 135376.141097484 126144.96261271765 122967.95630996434 117315.77926376405 69155.38596196336 48936.314725660646 53467.81326055945 114083.80996925035 109375.4960913771 103866.3935061958 116835.50457806676 117476.49883750414 119088.84049230067 113443.18087174627 92591.59988910571 70522.04555391546 4550.3466750406815
-9999.0 -9999.0 -9999.0 -9999.0 -9999.0 -9999.0 -9999.0 -9999.0 -9999.0 -9999.0 -9999.0 -9999.0 -9999.0 -9999.0 -9999.0 -9999.0 -9999.0 -9999.0 -9999.0 -9999.0 -9999.0 -9999.0 -9999.0 -9999.0 -9999.0 -9999.0 -9999.0 -9999.0 3601.373244459593 96138.007518193 134902.68812707058 136050.2052616076 135885.17627812052 133752.72647743946 139453.9990446504 140447.36410576457 140819.4788087408 141533.97660282618 139664.1085343825 137483.22740395096 140269.42893432823 138763.5403494925 139144.0260891761 141477.4858361149 90249.18497851645 88778.9550679237 93111.71148835754 83430.95369665424 89681.02955205544 84255.17783868269 127485.45963205857 133725.32652585598 130284.81617432946 125647.03813982206 124252.79785295483 123105.3374523502 115969.9075452768 116991.59099793983 78736.68680101358
13846.421670774438 15007.103702635804 6542.917534167766 -9999.0 -9999.0 -9999.0 -9999.0 -9999.0 -9999.0 -9999.0 -9999.0 -9999.0 -9999.0 -9999.0 -9999.0 -9999.0 -9999.0 -9999.0 -9999.0 -9999.0 -9999.0 -9999.0 -9999.0 -9999.0 -9999.0 -9999.0 -9999.0 -9999.0 -9999.0 25084.687917162766 127099.38066667657 139897.5305395245 130221.94004111509 123724.98125426091 137642.20490346136 142265.7131860106 140559.1261420539 138510.66172671033 137357.32643565285 139381.187646214 139574.50134864327 140497.04238173887 136102.1301813014 91528.82626046929 89619.53579940529 85932.20473603833 89181.32529526662 90509.0096524473 92419.02545035383 84901.853529528 84856.17999745504 130266.3440380547 132047.20947350413 124687.90283134293 121327.020012819 116595.55805190487 121517.3516475738 112888.97123964524 92782.45110277041
39356.60575961968 42921.43982598027 38100.824496193054 34592.902703397835 28027.54034515883 16438.240428315767 2513.0844343529297 -9999.0 -9999.0 -9999.0 -9999.0 -9999.0 -9999.0 -9999.0 -9999.0 -9999.0 -9999.0 -9999.0 -9999.0 -9999.0 -9999.0 -9999.0 -9999.0 4130.5755593290905 2525.299327623386 -9999.0 -9999.0 -9999.0 -9999.0 -9999.0 132522.89807118036 142941.3743912791 146195.02399525666 144689.47315625468 144341.94427025158 138536.5945384364 144141.93362374193 147800.3543511222 147306.47485960278 101626.51675397666 144725.9082938375 147876.97381407866 101501.5080286767 99937.91384143801 97290.8792066042 95603.72429200227 94742.63156280483 94121.36735275417 40730.08434198396 42359.70176440307 43676.53104061435 136413.58290910686 140610.43449393802 138133.6209189448 126066.32696519149 120048.60210854965 125412.94595675559 114654.77034893967 89118.71241982929
41472.01421095277 44006.28856222532 43069.908272103305 43918.19384948129 42695.15443258353 43565.58158571898 53446.78728648696 19025.342380041773 -9999.0 -9999.0 -9999.0 -9999.0 -9999.0 -9999.0 -9999.0 -9999.0 -9999.0 -9999.0 -9999.0 -9999.0 -9999.0 -9999.0 -9999.0 15660.821519090709 23987.39516616773 14056.186540774037 -9999.0 -9999.0 -9999.0 13609.986650229353 65232.06385083396 144274.47528877895 145131.21499562313 113158.01809228586 102073.95208479742 139401.84697698164 141137.80960382163 98442.96268550008 98123.7171484212 100904.11732998988 101189.49574368956 97623.28181382696 95950.54326566333 98640.81082712825 96946.49139241346 91563.5168286787 94402.08454634536 80223.4525690688 41288.49626067211 44344.39331973374 44829.66787897022 40828.79845735964 84588.99249977917 133559.70272270017 121156.92886262393 123836.31279734056 130708.61681868085 124045.69429981954 102116.80253427291
46216.972443380946 45300.22675215066 44542.71941261424 44875.59776063545 47810.41631334369 47156.35223812442 65217.26558754787 58640.101285499695 51795.188463073566 38074.05816547941 20280.1491648125 4896.047379580925 -9999.0 -9999.0 -9999.0 -9999.0 -9999.0 -9999.0 -9999.0 -9999.0 -9999.0 -9999.0 -9999.0 5497.050180651433 499.70566160312023 -9999.0 -9999.0 -9999.0 20449.565630177716 128571.9389076556 149180.7115450471 106892.54791849543 108399.80353232409 109334.2873501152 100032.06004880011 104604.10938575644 99662.14094692128 103755.19839724292 112092.42493106816 116838.4112816117 116804.55953615399 114202.28392290672 108033.8577253995 102532.56993834715 105153.44148882492 103743.852180982 103945.37304184963 94548.2468652504 87267.36069651437 38517.6632342742 50307.020599565774 43405.58088764174 103175.06716097995 94626.32377792691 79105.49239835824 131158.88232558526 125011.4072088834 137463.0687237088 130297.07955589995
46250.109952182036 46631.41021774402 46897.25398153812 47276.3750391095 46419.77247762493 45073.966739074276 43438.96431215002 62868.04514588283 54678.485139230004 49580.92475140471 47479.52563443542 59353.07032759701 25831.474397089165 16552.928089809924 17615.83049639741 17884.98828744496 13230.20957718807 9783.757240202776 2127.6521897222046 -9999.0 -9999.0 -9999.0 -9999.0 -9999.0 -9999.0 -9999.0 15398.219494525238 65214.18109099653 101932.2756346767 110197.22230592408 109725.58983952868 114657.87186367238 112118.2208977851 111541.29921587408 106275.31545638348 107566.44644383165 97038.18728640814 81316.83360757162 104500.5135778055 110305.19435889124 113572.4669092724 115048.4233217233 117466.05537764532 109758.37261274408 104205.70461605203 101657.26285199377 106728.25848783673 106370.9326779309 107037.87740307157 106638.17434046383 107249.82114233448 48928.57848052761 111638.54595945089 102466.85123036783 86101.40510600983 87241.06033261618 138816.78832307793 132479.1952582245 93005.29976779343
118778.83566165922 115174.90220856744 55192.639760819504 51829.892261182846 51539.94091326959 51355.61836089372 50829.40280725773 66921.48758188312 66934.12514252479 44308.32982620551 47421.87074109661 48931.453591073434 42664.79710554274 43025.09002304913 50299.91803417692 45717.51563970368 50091.41634054601 45172.67357612872 16632.58296726931 -9999.0 -9999.0 -9999.0 -9999.0 6434.733096078287 61025.74168391374 90346.00161066861 94037.10773342583 118042.59428304667 120162.86484648753 127273.09046259765 125294.8384167949 122718.39620391693 110947.70567206663 119206.48847441077 117118.63459306196 121006.58744294845 114834.09757283585 114095.46639515937 125289.62230579206 123842.222182088 125695.50719824704 114828.83299700817 49001.9798273675 39111.21772748936 40415.7203672963 117283.33464594581 116807.97890530308 117890.97626257436 116621.87672246447 114753.98384424624 111168.01585699315 117727.24745845361 119924.24194469785 111330.56321425493 103913.19920765722 109435.49827103625 110639.92719890362 104615.69035567717 103579.10882249787
113850.26779072134 109664.58372181794 118088.84455591901 79936.52387454524 80563.81454931332 77158.70617333583 72550.31134231672 48787.29678394337 50437.290292567144 50001.72988536269 50578.36156148212 50563.17841494109 42612.10956925227 49171.08925932561 51983.32921020191 50494.443875514706 49569.22565647638 48942.38081799702 10573.779188638242 -9999.0 -9999 -9999.0 -9999.0 -9999 69430.42356157141 127387.71116345981 123561.55360134043 117374.74986878177 128241.61561752707 124857.37531675173 113250.97832378492 117753.09633263054 122887.51955910205 121090.27836384308 121718.72475064876 121114.94706131677 113924.1794437415 125334.35382939465 121655.04473627952 126121.7143935442 128226.99462831773 125600.83079083718 100706.56404812168 32325.794393739416 49503.081135120316 54612.07568434326 119955.31271926366 113584.27041614284 121911.49995356936 109476.4100000902 118143.84961557336 114579.48767765096 99038.02948251914 95531.5922925427 56171.03631014115 84679.16406097016 97958.6811028776 113257.93515347975 108722.82516407034
118437.3352338496 84509.15620507096 74541.6761857984 71665.91106535307 91524.92880392415 91433.3107387459 81626.02586419665 82298.44264670555 59891.6348922933 56443.930528788485 51754.23756649109 54564.926495720945 50471.85162973766 54569.82216997704 53612.939922854785 57224.62594775333 57382.80342060345 53184.302079147295 28597.510895163447 -9999.0 -9999.0 -9999.0 -9999.0 -9999.0 8384.499232550523 64098.13854601633 144740.96385406522 133152.603018747 99187.72978484877 99673.99051619966 137347.85539174467 97464.3431959879 94483.57633004272 122807.22165395954 138969.12582811658 139748.37797355262 115802.684405191 141387.6800712793 139509.21060679937 135173.07354172296 135631.08159701547 138062.68425088204 136069.5195275613 133690.59933583642 137153.62184570535 130957.73807558879 123317.72602214442 130440.25664157726 136137.55560879596 133273.5015413689 134981.7762133922 126514.32686178884 86995.6149283339 95677.25997960377 107322.1137080217 96298.90717455163 111007.63380086541 112129.04235369638 117355.69320768924
97091.55465559354 88651.3838932296 97327.43125182291 90850.52612465752 92334.34018145278 90990.99249316027 73132.64698173822 80231.82513548012 83985.12292742931 60817.70411580402 56995.91879927425 53907.136478642264 50770.12513972785 55094.08355253822 55951.974816129885 56312.18656986164 56580.092419722845 55658.08858774549 27648.92040949043 14554.100522465913 16608.576992126615 1192.0611772528416 4861.127367842172 -9999.0 1219.6963813084033 51538.18891583726 64584.23326790667 63117.558118405825 141817.32323082618 134644.653760617 144296.28386167422 139545.63594371395 145510.80901420102 144175.43507859192 142247.0328789645 146762.1140497055 145554.53703013287 143236.32187215067 141894.7817374211 135032.28112379377 130797.53435184968 129522.12099223601 140587.53351958084 138600.0784426753 131815.49615182058 128445.3675515428 116301.29577863491 113657.67736654992 139638.8565213552 125487.9208363951 133868.12900435674 134026.14729228278 127167.22047528454 115814.09753589515 127192.53812722665 127425.04225364735 124732.86524751084 122350.72475370867 120607.15011822485
151759.82977925107 124004.31964902 103565.98176914157 88632.11819129788 87034.08797203368 84122.17233532644 89168.33564873348 86178.39764871857 88411.1692891096 63821.842376795095 63048.8482904336 62601.455527510654 61262.687418390706 61761.31499666404 62720.613539553684 62304.53460153513 61772.52639986964 61796.0894804458 46682.6007812943 16731.4236788692 18972.281309013557 14206.585665242865 -9999.0 -9999.0 -9999.0 30982.36123218295 74908.0675347421 70553.31666325133 72537.27778132507 70838.66137423528 147536.63854979715 161193.85674516784 165250.59964349543 158335.46428988362 161375.44621188712 158293.00100543196 158997.56823543718 157093.66737969004 155842.11211415342 145299.06899967673 147776.63301462715 137985.91220984806 151253.41862906938 149000.60050301327 146915.71890540372 145204.6447699652 146244.8255904693 147433.21108983943 152207.45269254982 145489.19270154956 125192.98853670196 142700.7790954766 120063.46710557814 129016.13688414748 131422.1383549332 130470.5876866154 129957.23369302209 128456.17103564813 126296.31670961645
167340.10000043726 162849.38238435244 155212.3238877634 144904.46110291497 161302.25032847625 102377.23406694215 101035.49460706468 94278.52987315919 102987.02080656434 65783.30368013239 58965.22078715355 58674.11137365599 49972.89225167821 47133.27975033006 44232.065773515475 41759.03101579731 58943.406123095054 59655.38409754377 57696.261067313964 49004.855573815235 6803.164544170148 -9999.0 -9999 -9999.0 3557.3532124416265 5751.480217565373 74482.61299143928 75888.65569183383 75697.5495879871 70024.07091564972 163862.51008762108 173287.49583058956 172363.67589073777 168410.00540784598 168670.7550945719 167211.6632423207 161465.66615225028 67688.09376842527 153844.74836708276 147859.54497627204 149703.0764606235 145258.2227059511 156775.0263276652 153242.7800380327 153728.26200952148 147212.78895979162 147439.83943851135 151696.99090497592 153327.50855315122 153201.75432545727 145498.3034293258 148857.3859267072 136809.10324597254 132552.24197851107 135194.68999078684 119563.20146627685 109301.75537007775 116277.82744853267 119613.8235313234
180005.26896765913 149659.87279676253 183595.1150358323 189831.7480126861 186826.2392479478 173417.96526647455 172235.15141334257 164338.64757408583 168154.01748721005 39980.37678643739 51948.10679615467 50246.64818063824 65478.73154455586 55343.05597677139 54348.36190476059 51430.86863608246 55325.93038056772 64424.976682051565 65529.562084629775 67221.00099477498 62240.77812829161 47916.759108276055 -9999.0 2122.9711064675344 6672.351518913555 53330.72629256192 84101.65799300496 87370.861920712 85505.84487101961 185380.32089013112 188340.32504299458 197149.60156318347 197576.6678037534 199150.10275862977 193667.03316697443 189255.6270078833 187248.29550131035 191318.35537383365 186778.7099123813 182051.09875727672 185458.62291676825 178367.77524671346 153388.4632188808 171159.84799013392 164292.69178974768 154512.58734831252 155758.4802272293 149845.27399825014 162470.909144374 164043.9849478595 163536.32193588265 161475.88538683494 151395.77923281147 138099.29247975742 138412.72515520558 129836.39410477491 123389.868030858 125827.66097528815 121691.75194334019
146066.16172905487 139633.80982546054 158452.93462301826 186531.81625009235 191146.70499432896 181720.10962385102 179314.13907021322 181129.89382047128 179036.92733373682 169897.77112710555 42358.674781193324 50900.96701010527 51906.88090806837 40859.16804883022 39783.24565052827 44151.83475187664 51243.14219771365 50112.95046917776 49357.388013102 51131.67607221368 98964.72588455328 82149.15759933073 25902.387653297865 25814.6865423033 52048.6771969145 43561.92177125163 59960.89127721857 62357.30560166821 59215.31771985457 188614.4572465439 194158.01114990466 196901.27790872278 196071.54388135008 195905.25366031297 196612.16786388092 175585.91779290477 128322.83192180282 173080.65913973047 183049.06233836742 175806.10561642796 186812.38078891748 185256.73717558954 181687.02099549 177208.53450669962 167421.0597217703 153001.9009887767 142922.4712169615 156114.25276649924 156166.62609667337 148524.85779306688 146259.76324053368 146358.73649871317 146019.86368763246 134191.4811997145 128673.38892181558 118517.80448019874 115817.42218410947 119097.25070899694 113568.8542023864
