Model Version1.4/trunk/output/2010/nload_fixed_nat.asc
ncols 720
nrows 360
xllcorner -180
yllcorner -90
cellsize 0.5
NODATA_value -9999
[rows 52 to 77 of 360, columns 354 to 412 of 720]
-9999.0 -9999.0 -9999.0 -9999.0 -9999.0 -9999.0 -9999.0 -9999.0 -9999.0 -9999.0 -9999.0 -9999.0 -9999.0 -9999.0 -9999.0 -9999.0 -9999.0 -9999.0 -9999.0 -9999.0 -9999.0 -9999.0 11375.772800321392 70796.44376881733 30026.414612561857 46919.961543557096 64579.54744019461 56374.31501401513 51946.14609925759 86703.59790651483 98958.28000914052 91670.10884876037 105346.11000898255 126965.93596109583 115811.38353696381 63744.07025515333 55783.05648736114 133604.7660388938 166162.3465295066 170725.41625350597 178724.0721725071 183946.3492087518 196764.73995197905 193297.45768799385 198857.38055248823 160677.55167080837 147228.59095969086 64956.53362266716 -9999.0 -9999.0 -9999.0 0.0 222961.2347072334 324734.6713282205 322612.96608671267 294850.07541479764 311016.6949063435 275598.3584235902 309895.24682939815
-9999.0 -9999.0 -9999.0 -9999.0 -9999.0 -9999.0 -9999.0 -9999.0 -9999.0 -9999.0 -9999.0 -9999.0 -9999.0 -9999.0 -9999.0 -9999.0 -9999.0 -9999.0 -9999.0 -9999.0 3876.777838436284 38255.70377965299 90324.92040108389 55614.76597145723 74076.9374540645 204937.74968444233 79665.69265670226 99677.17150864382 113857.99519275383 99951.52062149627 87920.26405921596 90529.08396307702 118066.65837890605 89899.3099803818 54648.85434040841 77587.95696120716 144410.3347890123 164105.35344115508 174795.96521360596 175433.50391470155 180217.37908409713 165263.0644422465 167851.2071650368 170456.708792638 51266.44440415233 4401.120219498241 -9999.0 -9999.0 37821.30535301808 38418.80231879078 57457.15501815112 200123.88858111168 268127.8810246628 293765.05108550534 342349.4596749549 317380.06552555563 262902.77316640806 217955.12552403435 271243.3482755253
-9999.0 -9999.0 -9999.0 -9999.0 -9999.0 -9999.0 -9999.0 -9999.0 -9999.0 -9999.0 -9999.0 -9999.0 -9999.0 -9999.0 -9999.0 -9999.0 -9999.0 -9999.0 14927.269597781407 53225.17500622896 25066.30728663587 52371.03639383264 63134.18242830496 117549.58812212819 144593.5998458912 123241.14858102344 150575.21909604545 150469.15678133868 154080.4283784799 153206.01295414416 112263.66342114432 154343.0540304411 165595.81577941653 161868.4553246081 136123.22265972424 165040.57126045678 177888.84193514084 188061.61255171077 196167.52588013056 194831.15831642415 182771.19709775207 280932.4295876351 106183.61958500478 -9999.0 -9999.0 -9999.0 -9999.0 -9999.0 4300.187835177665 0.0 85291.90738660896 152914.7282437467 304670.50288604625 325138.3255083435 315111.28901878686 52354.23621184871 311168.8151115477 296573.27038876206 277906.6966883567
-9999.0 -9999.0 -9999.0 -9999.0 -9999.0 -9999.0 -9999.0 -9999.0 -9999.0 -9999.0 -9999.0 -9999.0 -9999.0 -9999.0 -9999.0 -9999 25513.77789758887 64713.251167806025 36463.63702456916 44895.93636855256 64668.61999863058 75591.04657346212 97699.41672493564 146502.11411258482 179250.76108108892 203345.02528220613 161199.69335941644 162962.54773223258 165074.89335092134 131905.74236280736 87765.86728646739 124976.13677170599 127342.70113395648 155563.62727050626 174679.24311795496 177842.87696145131 183307.25108648706 186125.70919724074 207082.80215331606 204101.47104382783 269322.8295266132 0.0 -9999.0 -9999.0 -9999.0 -9999.0 -9999.0 -9999.0 66506.89319904946 174520.8278189409 269528.5867100737 0.0 278679.05437878007 196052.74366530002 294000.6511672037 303462.26264777937 302631.52190754144 280394.8066756557 314244.26160998206
-9999.0 -9999.0 -9999.0 -9999.0 -9999.0 -9999.0 -9999.0 -9999.0 -9999.0 -9999.0 -9999.0 -9999.0 -9999.0 -9999.0 -9999.0 10536.364482078114 12985.015337872273 9856.952115188946 13881.23104140378 52176.850061280275 42799.20291179766 111612.81820582414 126273.21206285786 196420.33030074326 191299.95773064552 196956.54735504976 198060.50639111147 189225.03262228062 171206.8036252059 85444.35188114774 198672.45674832954 134843.30106956422 163921.96523652584 183728.86501968425 218130.5722706481 213593.31573883037 224254.11566214322 223400.60893919138 236235.9074996336 215421.37441646733 146651.55860696954 -9999.0 -9999.0 -9999.0 -9999.0 -9999.0 -9999.0 -9999.0 5821.177482422965 0.0 362184.57677803596 397823.8011140021 326076.39892806386 291002.17994051706 272828.4238670127 308244.4482956425 241728.01974796274 289391.196322616 302088.27925054106
-9999.0 -9999.0 -9999.0 -9999.0 -9999.0 -9999.0 -9999.0 -9999.0 -9999.0 -9999.0 -9999.0 -9999.0 -9999.0 -9999.0 -9999.0 21177.633282817675 14000.554230700012 18954.076879868444 10395.29481965001 71537.25444966507 118518.27657139944 164566.4931941897 181871.4779794242 181733.39533444835 186094.52914536197 193350.82995992218 156434.40497605476 91921.65868844035 98914.61865367787 163760.92581311683 215656.58224511798 207199.50616489578 184320.69488372374 193550.0598098296 219775.81351071375 196054.67710631608 189651.11762026747 217714.09472555004 228491.43321005895 381194.9144177272 78902.54193324535 -9999.0 -9999.0 -9999.0 -9999.0 -9999.0 -9999.0 -9999.0 20092.70349534615 226772.1178393769 306419.877201808 306317.9271455364 164811.28745139725 266398.1281904135 161714.10011172268 277908.9986976062 280788.3675160916 274699.55329078186 341467.90326245147
-9999.0 -9999.0 -9999.0 6947.913703742954 5343.1996276687 -9999.0 -9999.0 -9999.0 -9999.0 -9999.0 -9999.0 -9999.0 -9999.0 -9999.0 -9999.0 12862.6579410799 17262.426775912532 24456.57577905002 27995.424690858454 103000.33915506805 122375.43004690623 191279.43059044247 230588.16830431987 240895.49415606176 255189.4087240468 264061.05091326777 373785.48437877186 249516.20299288025 253988.8478877308 398988.05060441745 424986.895647028 424800.9662301837 436619.12305137626 442089.2582412331 431116.41524773947 356731.5487906823 425610.73666591715 383118.42559672944 440070.66475773545 394843.05014406395 136238.55459062944 45301.8299997382 0.0 -9999.0 -9999.0 -9999.0 -9999.0 -9999.0 101798.91753697029 249892.22030519944 333604.1658235523 126702.80228766048 117713.24068926206 286324.8822065443 387669.8046044531 310392.6771841175 142433.319323062 154904.5431176626 167274.12013690246
-9999.0 -9999.0 4157.071626060938 17627.5947578853 -9999.0 -9999.0 -9999.0 -9999.0 -9999.0 -9999.0 -9999.0 -9999.0 -9999.0 -9999.0 -9999.0 -9999 46563.69803076341 16973.42710289641 50661.19666478843 105080.68770990963 140169.72535629975 229038.694442712 235089.26088810604 243699.66470762904 264794.97624711244 261207.9702143407 312946.93917198625 437248.9113260157 276464.03595776425 425676.03368266596 411184.3090456673 446176.81468181603 446095.4569111579 423922.27599657 461672.57357549976 451227.7476126859 388849.2845075157 337139.8613098807 375084.1115461309 428586.8809407483 284146.331219989 0.0 0.0 62246.76379712609 -9999.0 92775.78621170699 83726.59998178514 -9999.0 -9999.0 76928.07869033955 87019.98318131066 103610.38964612229 133817.103363065 312874.6111680621 304214.0412507904 154905.19602669537 97022.25661381049 80974.1255970928 36843.827968876125
-9999.0 -9999.0 -9999.0 8565.701158158241 -9999.0 -9999.0 -9999.0 -9999.0 -9999.0 -9999.0 -9999.0 -9999.0 -9999.0 -9999.0 -9999.0 -9999.0 19941.427072571183 28936.33910548806 77659.6894842803 163502.90838449288 216627.95432197707 241611.38335583132 274856.22164157504 323872.25889870623 334244.1210719954 426071.7390078618 364754.704643347 220332.93203320156 259226.02637807187 489098.96933565 451421.74116762157 421256.51582007954 443480.76178679196 441614.37396170036 474255.5832630339 443931.4597935126 475221.93620104576 440272.1276644426 183419.21035029495 181656.09000958892 161858.17572675875 95812.83611377161 0.0 0.0 -9999.0 -9999.0 -9999.0 -9999.0 -9999.0 -9999.0 -9999.0 8746.96158366739 20957.837857738687 18270.756222842327 -9999.0 10165.261018945996 -9999 26107.063415723005 26507.91811223765
1708.1489516971183 -9999.0 -9999.0 -9999.0 -9999.0 -9999.0 -9999.0 -9999.0 -9999.0 -9999.0 -9999.0 -9999.0 -9999.0 -9999.0 -9999.0 -9999.0 65327.8696032808 60589.29405909076 52410.704237086415 93050.79525799946 169240.63467756438 213835.11412188964 284384.5370108747 292849.5769317244 490813.4919548256 364936.71047894715 173021.447093723 59564.71942687597 258305.85039028028 431001.48828715214 447087.4251100909 393159.2700205473 184032.5703763355 84194.88556035497 296159.8529899308 359464.63003483455 248465.6593488309 265963.3741733757 213882.52821259125 0.0 0.0 35658.030065487255 0.0 0.0 -9999.0 -9999.0 -9999.0 -9999.0 -9999.0 -9999.0 -9999.0 1043.7878056814895 3344.830517242932 46370.05776291452 145655.5866264574 238942.3644387439 258811.1324389778 235364.7465874311 224473.02072125452
1624.242713601821 -9999.0 -9999.0 -9999.0 -9999.0 -9999.0 -9999.0 -9999.0 -9999.0 -9999.0 -9999.0 -9999.0 -9999.0 -9999.0 -9999.0 -9999.0 -9999.0 110736.8784781775 86186.8848195225 89039.61733315597 148812.24710977505 356958.6372728392 426324.17508550896 411295.3215776197 263895.5913765451 22392.309648387567 -9999.0 -9999.0 274861.94161936146 534090.1251569502 486037.78155895753 77066.23954841486 87520.46848380705 121674.7086371995 247054.74417905376 200287.57362807015 162379.07987003808 0.0 0.0 0.0 0.0 44200.14880775017 -9999.0 -9999.0 -9999.0 -9999.0 -9999.0 -9999.0 -9999.0 -9999.0 27904.75512128574 160551.644382334 51651.55965137363 225259.31681693546 133396.83837038575 87758.57419179576 85561.12262444777 117635.39438479149 100451.12566739196
-9999.0 -9999.0 -9999.0 -9999.0 -9999.0 -9999.0 -9999.0 -9999.0 -9999.0 -9999.0 -9999.0 -9999.0 -9999.0 -9999.0 -9999.0 -9999.0 -9999.0 11824.074086221604 115417.94541434191 124817.21191776113 191907.14999595 272894.0053374104 214978.95511300446 36852.67421790189 -9999.0 -9999.0 -9999.0 -9999.0 57182.29203783614 221803.91543914506 296096.1186455737 187121.48322338777 217111.1543002645 344555.0049726588 233560.82615087464 220810.5345809298 0.0 0.0 0.0 0.0 -9999.0 -9999.0 -9999.0 -9999.0 -9999.0 -9999.0 -9999.0 -9999.0 -9999.0 10434.442934198996 77133.42393215919 54597.564257382066 19082.27719085102 23274.104915733322 66943.46329278835 103085.92922215712 73591.5846892704 113037.48266352157 84236.32936076386
60374.579438853805 31554.948523753876 12627.55695554254 -9999.0 -9999.0 -9999.0 -9999.0 -9999.0 -9999.0 -9999.0 -9999.0 -9999.0 -9999.0 -9999.0 -9999.0 -9999.0 -9999.0 -9999.0 -9999.0 -9999.0 -9999.0 -9999.0 -9999.0 -9999.0 -9999.0 5933.3412229337855 6974.452963121979 -9999 -9999.0 96579.61498336315 604594.8871311056 663043.0936774588 630907.5589588865 636913.6652052399 351984.8313355902 432031.14929627767 223545.04384246373 0.0 0.0 38306.33266470951 -9999.0 -9999.0 46354.49554438789 0.0 12845.019736024424 -9999.0 -9999.0 -9999.0 -9999.0 21619.26355730902 39387.399886716266 26170.363137754564 -9999.0 -9999.0 47908.89890683012 106069.15550338833 101231.62479881333 89009.52400895685 85797.63270344134
296450.7371472424 81566.52591647647 2768.240406343048 -9999.0 -9999.0 -9999.0 -9999.0 -9999.0 -9999.0 -9999.0 -9999.0 -9999.0 -9999.0 -9999.0 -9999.0 -9999.0 -9999.0 -9999.0 -9999.0 -9999.0 -9999.0 -9999.0 -9999.0 11958.632003813746 23342.621965586717 52766.90252971326 107202.95953191216 6515.491165636812 2135.047187376791 15772.399214957577 245910.1654608754 586486.6259278475 657241.8593859492 631482.13234182 534037.7339810022 505882.4523520327 250425.10405769007 115397.31244727933 0.0 21849.966688328706 4527.96676351462 -9999.0 0.0 0.0 -9999.0 -9999.0 -9999.0 -9999.0 17336.262434875094 131770.40310777345 179741.64198771273 181432.85662188756 39754.64564230565 -9999.0 68990.43245590836 236140.60643880372 165145.58984302531 176942.57841786376 132001.59995446407
174350.7284201533 36240.87683183483 -9999.0 -9999.0 -9999.0 -9999.0 -9999.0 -9999.0 -9999.0 -9999.0 -9999.0 -9999.0 -9999.0 -9999.0 -9999.0 -9999.0 -9999.0 -9999.0 -9999.0 -9999.0 -9999.0 -9999.0 13374.864058744764 42501.36625638783 165351.02550614811 348477.3377608342 18338.398261974875 -9999.0 -9999.0 -9999.0 695.5559620005038 191062.32627406818 665924.7648686275 678571.4217772079 649124.1280864491 331519.69606207946 362805.1649608412 85642.78424797158 0.0 41652.85314976303 -9999.0 -9999.0 9256.290108520516 -9999.0 -9999.0 -9999.0 -9999.0 -9999.0 145255.94425869963 241847.57931689927 219374.82351969456 186207.34441195606 95407.28626569413 110691.06697657981 148455.7385775328 219815.90591469334 189587.39418659778 138051.177683214 153592.8051618442
12497.555048270104 -9999.0 -9999.0 -9999.0 -9999.0 -9999.0 -9999.0 -9999.0 -9999.0 -9999.0 -9999.0 -9999.0 -9999.0 -9999.0 -9999.0 -9999.0 -9999.0 -9999.0 -9999.0 -9999.0 -9999.0 -9999.0 96028.9979855664 266639.1400124223 282185.71648118866 196792.52818221354 7777.943763582058 20053.657381201134 -9999.0 -9999.0 2087.9956217380573 75882.43624866074 492276.1163878435 485215.10591535387 332291.71513714246 205253.64516580486 0.0 0.0 29797.599862214083 14222.677320688415 -9999.0 -9999.0 -9999.0 -9999.0 -9999.0 -9999.0 -9999.0 -9999.0 184940.0849888008 123568.0580927993 133523.6668716081 67308.05157526504 17109.111768571594 0.0 0.0 0.0 21202.013224953458 31142.5368664659 16101.427630764843
182672.94389805658 81698.39940580708 11942.592163472287 -9999.0 -9999.0 -9999.0 -9999.0 -9999.0 -9999.0 -9999.0 -9999.0 -9999.0 -9999.0 -9999.0 -9999.0 -9999.0 -9999.0 -9999.0 -9999.0 -9999.0 -9999.0 -9999.0 86312.35442729539 383293.931788624 493897.03782941744 18932.646995954947 9988.535284751952 14060.342645633313 8458.70448703003 23442.485873640046 18850.30923487456 32514.149844007632 84748.34754840987 225038.76984626477 86440.04550096202 -9999.0 -9999.0 -9999.0 -9999.0 -9999.0 -9999.0 -9999.0 -9999.0 -9999.0 -9999.0 -9999.0 -9999.0 -9999.0 33970.02672072043 379235.4280170609 345182.02463825716 197376.3086252659 38092.9163719423 0.0 0.0 41328.801024309934 39464.02795809237 170716.48560044533 195483.4204118624
204224.18304077882 222841.64939933032 81315.79830834578 2542.479927523117 -9999.0 -9999.0 -9999.0 -9999.0 -9999.0 -9999.0 -9999.0 -9999.0 -9999.0 -9999.0 -9999.0 -9999.0 -9999.0 -9999.0 -9999.0 -9999.0 -9999.0 -9999.0 10541.957957289229 103587.35141435631 306302.4633297392 38623.642921421255 13953.9786745287 54509.120027325254 9517.441076274068 51430.02424144551 58571.22566598032 6153.304835998029 5317.130903358317 4258.25186952414 6434.903549677589 20323.735031227614 16831.656412378874 -9999.0 -9999.0 -9999.0 -9999.0 -9999.0 -9999.0 -9999.0 -9999.0 -9999.0 -9999.0 5736.950503471549 57060.61924265959 58662.985861542395 300431.23949795944 139707.28770963423 52148.32097063005 0.0 0.0 102770.42180332575 152096.8229666159 230788.82894518776 101920.50403023006
256975.70431046557 132364.06258918534 64414.51227457266 6367.938441023124 5512.135793705939 -9999.0 -9999.0 -9999.0 -9999.0 -9999.0 -9999.0 -9999.0 -9999.0 -9999.0 -9999.0 -9999.0 -9999.0 -9999.0 -9999.0 -9999.0 -9999.0 -9999.0 16789.3537309463 112058.32975186403 1138986.043560156 54021.36088820247 19213.305462383432 13757.493914908502 50605.90330136217 47894.93404182666 8407.84103496916 3573.0421750472665 40485.816427065634 10774.437250503233 -9999.0 -9999.0 -9999.0 -9999.0 -9999.0 4824.04352314076 19083.525748818105 34657.38680914597 21452.137992128035 4719.595525756272 -9999.0 1385.0714422752785 0.0 1496.4466548797711 46783.006065749956 39124.924073316 22473.60432909006 69463.83788350612 0.0 0.0 196571.39504760594 168605.57770793256 267326.55053655937 337868.6783922777 64458.78462055206
73939.7722701894 77418.44757121419 119793.94579816036 63237.226269899766 71522.37241962146 7157.13168399039 -9999.0 -9999.0 -9999.0 -9999.0 -9999.0 -9999.0 -9999.0 -9999.0 -9999.0 -9999.0 -9999.0 -9999.0 -9999.0 -9999.0 -9999.0 -9999.0 -9999.0 78885.51442210203 227340.72037152233 262968.27699045377 26451.73130113941 19099.58746703617 30196.217965835294 13133.772774717825 29558.311517587557 0.0 0.0 64106.14397448586 3936.8675432581445 6591.486995239541 36225.957795177965 13217.821823074413 45358.89022507482 47413.98612054983 79188.35616129923 194292.55809022603 82418.3169919886 0.0 4603.0765889536115 12018.741039189412 45141.51962341976 48706.44837773278 23648.266153414756 13493.598791219658 42880.149059430376 0.0 97289.80428613545 255457.61202723434 370034.808247937 405273.03614387184 267248.4332747187 199945.0623959044 0.0
18537.08187549122 121422.3494359921 96720.45346401265 10528.189401300624 34249.01706303445 44500.324032956996 5024.90399390107 -9999.0 -9999.0 -9999.0 -9999.0 -9999.0 -9999.0 -9999.0 -9999.0 -9999.0 -9999.0 -9999.0 -9999.0 -9999.0 11000.237357160066 10756.755273159752 75494.86216024117 21653.607058390684 25503.15545531561 106775.08396360096 330618.67265431525 244522.2846177791 67646.74034506653 370352.03517071356 15646.01767594963 23.65890587694333 14973.931679042616 0.0 0.0 46927.404447767076 17498.084778865727 29045.907789925106 151769.6788201584 149295.48943334818 91290.67648393002 78241.38013703286 8487.692147447171 12480.54944860598 0.0 25175.267548118154 56772.57263912513 82350.35598674687 86643.47574626778 25502.501026119306 0.0 0.0 0.0 184223.2314399154 328726.1505178783 303683.3275595279 0.0 0.0 0.0
3924.3530267660653 5825.239706162797 389055.40974428505 16693.50049937527 49815.9331704625 66184.59862389634 4320.640118080351 -9999.0 -9999.0 -9999.0 -9999.0 -9999.0 -9999.0 -9999.0 -9999.0 19445.851617850887 72080.87882790079 52241.11412888972 68243.0946350247 150645.9733216248 77873.1917045989 89838.24409552084 34941.643161302265 37222.41934009898 131335.47986467287 547023.3273988446 473865.88444006717 183139.4510882778 184111.8934794801 290035.63617686887 0.0 0.0 0.0 15012.864226689231 454873.67216317984 4998.429203230907 0.0 25480.088784284027 25382.46620984283 91127.11916500302 23017.58718875924 26421.9826559604 15817.664456626675 83608.62148242239 12055.87714542366 0.0 0.0 0.0 0.0 0.0 0.0 5682.118351624543 0.0 479.2994463787638 34101.38803356539 0.0 0.0 0.0 127852.45430107541
32388.481810078003 17968.495727821093 11599.861745742812 3376.617493795467 70890.70529847928 51990.93512316453 29569.854606882796 283422.5427086473 22076.70356512173 1910.027265428626 -9999.0 -9999.0 -9999.0 -9999.0 -9999.0 10265.072016421158 180245.80809446378 199834.83648867926 226219.6036884617 122553.81343249169 14280.670061288743 415218.9104226455 266378.1637619744 94971.96745266579 56012.48247539951 273307.2248885606 195635.37047771426 77489.45626087622 134427.71003897992 188235.18157523457 347926.6491399896 0.0 308519.06993540307 289198.3285009669 236936.1165460487 76610.17002813875 0.0 0.0 0.0 43129.869303446496 2135.8963255563854 9667.057152240463 24312.170042302096 3593.631936123742 0.0 0.0 9852.21137922362 0.0 0.0 0.0 0.0 105890.14141577462 0.0 5968.136972065287 0.0 0.0 4319.83512567283 0.0 0.0
82407.15875442969 29665.539887930372 22367.769394584822 44524.465731654236 25811.672333246584 45507.51332942973 18621.198308320727 83923.76073949401 9707.121073967412 2311.9105601869887 -9999.0 -9999.0 -9999.0 -9999.0 710.6370126378207 2804.6397558122208 108915.48937341436 387493.6796214003 242869.93093740725 478518.7157116296 482289.689680299 513583.8976107862 331184.95604002476 122359.13315166437 167106.60206526407 139927.75592679516 146695.35555299558 221562.7901960719 202266.95021583757 191486.903398191 473151.8051741918 723294.7614759778 529294.1190967944 404408.179012354 269055.65447346435 158669.15433111924 1479.1548567067018 0.0 0.0 18205.2806048933 63789.17344269875 53212.38443939078 0.0 14937.717231710274 1745.4770169481824 8175.348208477942 0.0 0.0 0.0 0.0 0.0 0.0 0.0 0.0 0.0 0.0 0.0 0.0 0.0
39201.265091908026 0.0 11959.087036575487 0.0 4229.163324980956 14778.929792556464 14125.213159813842 7929.550850995991 588.6084500128653 -9999.0 -9999.0 -9999.0 -9999.0 60947.8437685074 140378.44895041632 73245.50942219545 43950.93337454594 207449.9188627889 87779.2726060533 355070.1512672828 347918.8243700932 118261.9326965565 68580.36254115951 296575.3918112322 485815.3171942801 425206.30962859374 411088.79404499085 481320.6213631519 108428.7306173064 161514.58243631868 215732.1247828968 108742.91529735108 534542.1667490161 936837.7885241676 1050949.1835244698 0.0 14305.780968914567 12877.318265436943 20439.159711705703 0.0 317.93295786590255 0.0 0.0 0.0 0.0 0.0 0.0 0.0 0.0 0.0 0.0 0.0 0.0 0.0 0.0 0.0 0.0 0.0 0.0
14282.333166847799 41056.73173740968 63345.81549749344 0.0 17634.249140045995 7829.726510636433 9600.004544281494 10397.28454433636 2784.0626698333904 -9999.0 -9999 7209.51704485128 123751.39837775701 188086.7841876742 193825.08263735136 225787.99134758036 314017.58213433885 210945.21506598344 48627.96330880843 0.0 98293.90428025975 312081.8851474027 552576.8890987255 551435.1396646504 340676.9366780417 355104.7284285307 168430.68939322387 40811.71224886047 43954.68955086906 91961.56291126517 381126.58029130194 222509.83607414158 149551.91507775208 163166.2243898637 235704.79223154314 104471.33455730049 148502.73561351377 108388.6037933441 13352.062181622576 0.0 0.0 0.0 0.0 0.0 33299.468906596005 0.0 0.0 0.0 0.0 0.0 0.0 0.0 0.0 0.0 0.0 0.0 0.0 0.0 0.0
