Model Version1.4/trunk/output/2010/nload_fixed_nat.asc
ncols 720
nrows 360
xllcorner -180
yllcorner -90
cellsize 0.5
NODATA_value -9999
[rows 156 to 181 of 360, columns 177 to 235 of 720]
-9999.0 -9999.0 -9999.0 -9999.0 -9999.0 -9999.0 -9999.0 -9999.0 -9999.0 0.0 830.4764760967252 0.0 0.0 102713.58192396545 53901.52869708496 23129.615099891616 -9999.0 -9999.0 -9999.0 -9999.0 -9999.0 -9999.0 -9999.0 -9999.0 -9999.0 -9999.0 -9999.0 -9999.0 -9999.0 -9999.0 -9999.0 -9999.0 -9999.0 -9999.0 -9999.0 -9999.0 -9999.0 4681.181837887763 0.0 25252.478398758973 11161.99831751548 -9999.0 9393.451873584025 0.0 -9999.0 -9999.0 -9999.0 -9999.0 -9999.0 -9999.0 -9999.0 -9999.0 -9999.0 -9999.0 -9999.0 -9999.0 -9999.0 -9999.0 -9999.0
-9999.0 -9999.0 -9999.0 -9999.0 -9999.0 -9999.0 -9999.0 -9999.0 -9999.0 -9999.0 0.0 52930.54368109782 58804.483779405404 196707.62878824692 57089.242243713285 44644.991461776306 -9999.0 -9999.0 -9999.0 -9999.0 -9999.0 -9999.0 -9999.0 -9999.0 -9999.0 -9999.0 -9999.0 -9999.0 -9999.0 -9999.0 -9999.0 -9999.0 -9999.0 27989.79331037678 31907.618370113883 215584.96942903672 29184.185158019394 18369.308030240776 223638.91690968527 0.0 -9999.0 0.0 2986.626669967555 0.0 0.0 0.0 21514.014769014302 -9999.0 -9999.0 -9999.0 -9999.0 -9999.0 -9999.0 -9999.0 54726.95663436103 14784.095330260192 -9999.0 -9999.0 -9999.0
-9999.0 -9999.0 -9999.0 -9999.0 -9999.0 -9999.0 -9999.0 -9999.0 -9999.0 -9999.0 -9999.0 95987.75826471459 159309.8263568475 506616.10135684814 376419.82655472483 37875.13857395193 -9999.0 -9999.0 -9999.0 -9999.0 -9999.0 -9999.0 -9999.0 -9999.0 -9999.0 -9999.0 -9999.0 -9999.0 -9999.0 -9999.0 -9999.0 -9999.0 0.0 0.0 25019.180110491772 330063.4492685792 224669.45272148616 593212.1763137522 0.0 0.0 0.0 24251.402776912146 349208.4501300931 374242.44757930626 0.0 0.0 0.0 -9999.0 39838.707728696514 21456.236774325334 0.0 -9999.0 66461.65749663798 -9999.0 33863.02885484168 43359.03413915425 0.0 0.0 62565.73904068273
-9999.0 -9999.0 -9999.0 -9999.0 -9999.0 -9999.0 -9999.0 -9999.0 -9999.0 -9999.0 -9999.0 113421.77095292458 138219.82191076016 102296.92920148637 18742.575486584705 19031.40354052566 8208.616283829677 -9999.0 -9999.0 -9999.0 -9999.0 -9999.0 -9999.0 -9999.0 -9999.0 -9999.0 -9999.0 -9999.0 -9999.0 -9999.0 -9999.0 12624.571938565312 16574.27760667019 0.0 167272.97214723402 300087.3746437491 210746.1906997332 622689.7039765918 39395.94138234671 8791.19628197523 23679.83691728637 0.0 351053.3931777217 495139.99881724844 396011.9804026903 0.0 294274.10928422585 71001.2995238458 406012.9139291819 0.0 205082.99215896908 68543.35678718952 0.0 0.0 340628.2231139641 270046.80208917084 152780.5863448615 288061.15733108006 6274.569816303257
-9999.0 -9999.0 -9999.0 -9999.0 -9999.0 -9999.0 -9999.0 -9999.0 -9999.0 -9999.0 -9999.0 5670.409044476876 88649.96064592125 31577.56222629631 375209.52740969526 37962.87441782235 36609.28564288467 51979.157593594166 -9999.0 -9999.0 -9999.0 -9999.0 -9999.0 9889.979960913644 22424.31652995014 -9999.0 -9999.0 -9999.0 -9999.0 -9999.0 -9999.0 2771.0780163587187 103512.94255677075 0.0 62172.38375561457 100350.5371418481 277390.0742694695 408275.9228142622 0.0 1342.7323545240397 17261.891838533706 125681.07969099107 332419.00565596955 331914.02644052287 577834.9272978203 563682.3007642388 294369.184025923 383003.1234342854 191945.93798730415 361421.79845903354 116388.0796024644 0.0 0.0 0.0 299022.41092866514 0.0 105037.02268688774 0.0 123359.32892450511
-9999.0 -9999.0 -9999.0 -9999.0 -9999.0 -9999.0 -9999.0 -9999.0 -9999.0 -9999.0 -9999.0 -9999.0 -9999.0 -9999.0 1576.202824153734 81052.28452086826 100633.07373714776 51572.44884290347 31319.443802711492 3264.313424020003 -9999.0 18907.841200991865 7399.806651467762 32377.246267508493 32628.07865058514 47260.89064837084 16108.575820710015 18794.584529826374 -9999.0 -9999.0 0.0 6627.052143315449 7296.817604003099 14477.804155370806 0.0 26106.355394621856 566135.1273469807 0.0 0.0 0.0 22927.577004598665 311287.50369811984 416900.62062301626 224011.11641423387 101398.51724856641 85729.80618405971 280260.129995335 142045.18788993082 189471.73344703784 0.0 0.0 162724.3086880493 143581.06269575487 70486.05073118377 0.0 0.0 0.0 88519.68399664492 75665.11119099965
-9999.0 -9999.0 -9999.0 -9999.0 -9999.0 -9999.0 -9999.0 -9999.0 -9999.0 -9999.0 -9999.0 -9999.0 -9999.0 -9999.0 -9999.0 37648.723926821614 26470.755584558745 41293.24853568965 44642.124317189395 83466.61913172099 125106.02789746934 152599.35082691073 320121.09038220777 69999.94969503173 -9999.0 76800.49377410792 282038.8512208411 24551.70179686535 9800.781630689962 31294.57616125796 18626.615208441162 12923.148125436148 80275.66408842472 138259.06831479765 168414.3736663348 58395.543003284845 107347.63308215326 123798.79147546287 220549.57483434616 335927.2228771738 472739.3162013467 458412.8372666888 232538.87212056 122589.49669460859 157927.1741975993 150375.70632741027 165560.5606216213 116364.87964522373 128788.57496270156 320812.83972439007 220182.5940808135 215301.6265693221 271640.44897552446 91416.8052877698 0.0 8720.104241379953 198057.81527716338 162502.02895477062 0.0
-9999.0 -9999.0 -9999.0 -9999.0 -9999.0 -9999.0 -9999.0 -9999.0 -9999.0 -9999.0 -9999.0 -9999.0 -9999.0 -9999.0 -9999.0 6669.649567272 9082.352971783877 40194.50265080888 44803.67249833612 114006.86056442672 166556.3917355641 174378.3858794295 4088.950491628018 537.2053042600004 -9999 3504.1893877250027 123559.54373811334 244433.72659620887 152135.26775534468 72213.48195413884 98159.44298405874 81449.91589168277 87478.26535002263 97999.3152029119 110002.86683843937 39730.963516879885 184106.9040444482 325959.4008905631 86692.61317024092 1057499.9478957066 698395.1393866653 135911.9415991463 59815.195571503915 0.0 163811.5939083295 178943.72456330707 191140.1042382883 184568.11545170675 400709.44204510876 501483.780485879 238872.54131025085 0.0 133397.93473121367 75556.74585524459 0.0 0.0 105178.37829334487 283831.1597507512 492313.0511433913
-9999.0 -9999.0 -9999.0 -9999.0 -9999.0 -9999.0 -9999.0 -9999.0 -9999.0 -9999.0 -9999.0 -9999.0 -9999.0 -9999.0 -9999.0 -9999.0 -9999.0 -9999.0 -9999.0 8510.598514380754 127353.4369756889 265131.1794051879 155123.62117153304 -9999.0 -9999.0 -9999.0 23597.26136671124 52484.12709004816 64828.42350518418 23116.601757005046 350370.47101023805 229766.72895506784 77674.01582586383 74766.48400843759 293256.4246306964 214092.49603335388 286286.2569730381 211705.31747213588 561970.9366667278 433829.7229301156 112557.1521631809 116261.22168673131 172565.0912533047 246568.86512611026 166547.7966739555 143466.08217093072 197152.93625087463 173155.5848517472 66734.31074733428 171751.08578094986 480460.23638522445 535082.9319595048 480072.92541229475 414793.81915560795 484574.6750924281 312482.5829761855 364596.46837140474 104591.36795218143 0.0
-9999.0 -9999.0 -9999.0 -9999.0 -9999.0 -9999.0 -9999.0 -9999.0 -9999.0 -9999.0 -9999.0 -9999.0 -9999.0 -9999.0 -9999.0 -9999.0 -9999.0 -9999.0 -9999.0 2893.4474392450024 -9999.0 141124.12330314575 8554.639929047362 -9999.0 -9999.0 -9999.0 2785.1785127600024 34779.083304589905 65884.43899229434 34764.17273100674 44462.11921989306 204200.12099094456 193837.08108699197 326603.6125038308 481964.89942099736 238853.36556958398 318385.33530533465 141093.82373203704 65064.373380803445 24255.78020301111 100523.24615748561 132361.65958511533 213231.9966463434 230800.29654079865 251338.747042294 410083.3026004885 487057.5568138798 461610.31120217463 486083.95864887844 260911.88779377184 590019.7496778852 672644.0465704197 747050.4855992723 834674.706400158 622542.9543028753 645712.2026941667 570063.0608814138 416192.60623642185 178118.81935445993
-9999.0 -9999.0 -9999.0 -9999.0 -9999.0 -9999.0 -9999.0 -9999.0 -9999.0 -9999.0 -9999.0 -9999.0 -9999.0 -9999.0 -9999.0 -9999.0 -9999.0 -9999.0 -9999.0 -9999.0 -9999.0 -9999.0 -9999.0 -9999.0 -9999.0 -9999.0 -9999.0 8905.195241737856 28608.702579556455 41678.85818700707 258213.27844229378 99408.55872282467 465188.58420229616 422730.72501526016 57375.797399743664 220704.9240194707 66371.76129261074 228781.65132677474 277462.5030614483 174288.8083618531 11828.943222011061 22137.86492909527 214158.2740471967 498820.967454618 523323.4464072275 539101.2064140202 447461.6800770259 681269.5665411762 510658.4605610394 543054.6636313726 854513.004795711 570376.0413355681 605470.5706501203 558915.3902086304 508575.57933112385 313192.8534500565 431650.33073049557 531681.1709579462 463437.385105593
-9999.0 -9999.0 -9999.0 -9999.0 -9999.0 -9999.0 -9999.0 -9999.0 -9999.0 -9999.0 -9999.0 -9999.0 -9999.0 -9999.0 -9999.0 -9999.0 -9999.0 -9999.0 -9999.0 -9999.0 -9999.0 -9999.0 -9999.0 -9999.0 -9999.0 -9999.0 -9999.0 -9999.0 25432.525943696543 56732.151847081484 263813.97235361766 320471.149399664 359561.7765692187 119493.69207664859 131264.8656838413 96802.14687374602 60881.175539472926 318263.01296523574 284241.13016447413 73998.63726315457 132308.8412168584 222912.03796239872 148771.02889935128 292009.1578307041 377211.35232939955 343729.6509077676 340851.2007863657 375810.8768182662 305550.21344319184 1027456.4855739154 543101.1951105301 488109.3805189206 384281.27286133764 438517.8255556074 366468.56307740055 429738.73792225786 336403.63213429454 341579.3852780666 510374.7986599974
-9999.0 -9999.0 -9999.0 -9999.0 -9999.0 -9999.0 -9999.0 -9999.0 -9999.0 -9999.0 -9999.0 -9999.0 -9999.0 -9999.0 -9999.0 -9999.0 -9999.0 -9999.0 -9999.0 -9999.0 -9999.0 -9999.0 -9999.0 -9999.0 -9999.0 -9999.0 -9999.0 -9999.0 34864.38977257059 59306.82090197947 172184.88428902233 411734.53122718603 158803.73654495398 318389.1873123696 172484.81221145566 256732.74468198133 336272.58956974273 231940.59456239824 37837.042664743596 31756.06548397976 77753.74926368869 183714.13141139538 138149.17359856304 100145.41522197303 110060.33039402335 155181.2178981013 153418.82376516805 184856.80054677938 529188.0338303449 417650.5646099561 77164.86723190408 285118.42320741806 254779.13103410232 134085.16126598523 172475.99361883564 237505.21747529975 169766.07347111648 268837.65474236134 68661.4118789009
-9999.0 -9999.0 -9999.0 -9999.0 -9999.0 -9999.0 -9999.0 -9999.0 -9999.0 -9999.0 -9999.0 -9999.0 -9999.0 -9999.0 -9999.0 -9999.0 -9999.0 -9999.0 -9999.0 -9999.0 -9999.0 -9999.0 -9999.0 -9999.0 -9999.0 -9999.0 -9999.0 -9999.0 31059.14260856624 64546.26974373571 35967.25882007006 227543.55388323453 57593.52701718327 313750.2463025642 193543.2867894198 286377.7812758215 299780.04551483144 72154.83682292949 15165.536737846789 76504.12151249283 107739.18036465005 118262.88405445078 87641.63125517123 88079.26518910151 92594.59325190904 299299.34379828867 278588.34866949246 277965.34297977807 343200.84960901673 437712.27068859496 497173.3896259668 208437.10005896373 257557.9634910904 139209.81687348217 64818.36287700005 63607.26440400006 63992.82957850005 61195.22908169051 285855.52104818093
-9999.0 -9999.0 -9999.0 -9999.0 -9999.0 -9999.0 -9999.0 -9999.0 -9999.0 -9999.0 -9999.0 -9999.0 -9999.0 -9999.0 -9999.0 -9999.0 -9999.0 -9999.0 -9999.0 -9999.0 -9999.0 -9999.0 -9999.0 -9999.0 -9999.0 -9999.0 -9999.0 -9999.0 17110.21319074901 44492.600873627816 213660.38116101487 129309.04442325822 139219.69881700404 296162.90395662613 226193.6046619206 259011.62774581357 37987.73454153918 16783.838703157056 66000.33037004214 127599.56255658723 96769.21528394322 61610.29554605113 67832.57383874932 64010.033925690695 59103.28649641349 66652.81004425648 183757.73610095042 327413.1656278825 221684.23511425784 243653.58413363114 586107.4078979122 361633.3288244016 253409.57258953236 62713.22236535937 61449.954607992055 63504.45287450006 64186.329864500054 63666.77243250005 364468.6812645096
-9999.0 -9999.0 -9999.0 -9999.0 -9999.0 -9999.0 -9999.0 -9999.0 -9999.0 -9999.0 -9999.0 -9999.0 -9999.0 -9999.0 -9999.0 -9999.0 -9999.0 -9999.0 -9999.0 -9999.0 -9999.0 -9999.0 -9999.0 -9999.0 -9999.0 -9999.0 -9999.0 -9999.0 10436.010869323825 32785.61515247352 309515.83177299774 131468.8559850349 198458.8225538133 108111.43395159754 132088.53833850054 35832.45181493959 9431.412737350647 28016.25396005373 97200.5588285906 105047.53645109214 86437.96836162484 56314.779307891644 35091.40608191548 71176.99784857279 164927.67816086672 277380.9359796675 423765.40521144914 269316.3089238511 582663.2219352187 550164.7645591048 559387.8192363655 108008.92346897058 155728.1208301424 128334.91109463153 64419.886425000055 64262.630110000064 64052.60750900006 62826.47839150006 131394.34614456072
-9999.0 -9999.0 -9999.0 -9999.0 -9999.0 -9999.0 -9999.0 -9999.0 -9999.0 -9999.0 -9999.0 -9999.0 -9999.0 -9999.0 -9999.0 -9999.0 -9999.0 -9999.0 -9999.0 -9999.0 -9999.0 -9999.0 -9999.0 -9999.0 -9999.0 -9999.0 -9999.0 -9999.0 8544.27784504018 113190.40799877881 204207.00375182249 99242.41356316498 319568.92479889956 82523.76770124788 203139.1179599834 25519.639981912656 34257.84633461167 71870.80905880863 87798.61881013885 75166.2588188845 74230.35758642633 195629.1654451897 272206.6933330716 182638.83566256313 307965.8498877824 126411.40606612964 124679.19672321984 186053.64519410493 193085.69753785583 112038.46711209335 220130.3958532391 94693.64236241736 64358.134849500064 63717.484588500054 64301.95481150006 138248.3632282917 63305.629494500055 62567.89515850006 494709.55674688803
-9999.0 -9999.0 -9999.0 -9999.0 -9999.0 -9999.0 -9999.0 -9999.0 -9999.0 -9999.0 -9999.0 -9999.0 -9999.0 -9999.0 -9999.0 -9999.0 -9999.0 -9999.0 -9999.0 -9999.0 -9999.0 -9999.0 -9999.0 -9999.0 -9999.0 -9999.0 -9999.0 2300.1041656700017 5349.606267404422 256435.3980488965 58216.66477362288 163133.15027862316 255787.379405917 297006.0035417262 134470.7275813569 132217.49039285188 88643.46577087017 74802.71523207746 76423.97749122612 151444.167700512 372315.4358248019 353169.2107607109 195486.24515875953 70271.64947599775 205934.8817069398 184844.72010210884 181330.44894648207 182327.6921409236 409830.57933021314 338942.27857128775 253252.30676569734 193543.68245890408 250544.89237883475 157957.224458961 133147.52458423286 273219.9634268935 455997.6310273637 487119.3739465891 593372.9880203184
-9999.0 -9999.0 -9999.0 -9999.0 -9999.0 -9999.0 -9999.0 -9999.0 -9999.0 -9999.0 -9999.0 -9999.0 -9999.0 -9999.0 -9999.0 -9999.0 -9999.0 -9999.0 -9999.0 -9999.0 -9999.0 -9999.0 -9999.0 -9999.0 -9999.0 -9999.0 5778.398227050005 10987.544005337724 21230.069414757112 139817.21884940934 104921.76745586836 321785.3409021913 234015.98143476443 627612.4355063516 585211.9981056218 475121.79350083997 402264.18835501064 162980.2771795368 146426.4949580167 306890.2534027562 284152.6416176579 167938.503389605 72027.96044756372 175467.3215173386 118028.28018965539 82201.64024950008 144214.18036357747 238958.95330803146 301083.3609821097 341242.7801258173 76865.92359912946 179493.8711375137 165098.1916524703 75616.32240050007 149139.24782286744 316390.34770253627 522252.63568906224 531095.248988265 640367.9662215707
-9999.0 -9999.0 -9999.0 -9999.0 -9999.0 -9999.0 -9999.0 -9999.0 -9999.0 -9999.0 -9999.0 -9999.0 -9999.0 -9999.0 -9999.0 -9999.0 -9999.0 -9999.0 -9999.0 -9999.0 -9999.0 -9999.0 -9999.0 -9999.0 -9999.0 1670.240598018001 10785.123952276248 25370.45312809575 87808.68324365956 45749.70556387614 200525.99227138975 477581.7226629399 595828.1286632024 531237.6976902906 473803.91526390845 396158.8439249043 574438.9279206517 252318.57072467238 367436.21682644234 249724.5142784314 125692.66371108484 66006.76133118002 81800.52574600007 84389.36951705445 78904.22247565308 81966.01972150008 81690.19749200006 80117.15675850006 93421.11192774802 131707.13888892366 118793.75555615053 97063.05226304181 208589.54318093025 233044.66739606464 221015.47244806 356575.27200946584 582952.2507840915 607286.439476893 703779.7096095689
-9999.0 -9999.0 -9999.0 -9999.0 -9999.0 -9999.0 -9999.0 -9999.0 -9999.0 -9999.0 -9999.0 -9999.0 -9999.0 -9999.0 -9999.0 -9999.0 -9999.0 -9999.0 -9999.0 -9999.0 -9999.0 -9999.0 -9999.0 -9999.0 -9999.0 6397.699824048381 22025.373032476793 16122.403657032974 227636.14238192985 147856.22424169874 280803.56461627304 492650.0761185473 312231.5897570961 260011.4740074004 274834.9271566247 346549.31198914174 440463.59815390134 390825.1694769661 234824.08653929603 129832.03371707679 72077.19531127623 73182.15905311168 75581.09663325928 184070.37579125373 137861.15406177894 109425.78659607914 78218.46206000008 77396.10398600007 194163.8455318688 142158.97531405571 143993.66419342865 62839.998547000054 63171.611144500064 176746.84437960337 229345.40414240086 418850.1792245661 506182.4274130524 606126.8405860936 636952.9326357058
-9999.0 -9999.0 -9999.0 -9999.0 -9999.0 -9999.0 -9999.0 -9999.0 -9999.0 -9999.0 -9999.0 -9999.0 -9999.0 -9999.0 -9999.0 -9999.0 -9999.0 -9999.0 -9999.0 -9999.0 -9999.0 -9999.0 -9999.0 -9999.0 35083.84806760418 8303.176317362051 22750.801080966972 167066.79739311532 278246.4890622373 333421.13679534267 331254.5305680786 112130.36077181427 198968.04453082557 205116.17861592275 327419.76008050627 405945.8788492578 355477.74437057745 323269.8811123935 176734.81652596538 67566.26861682105 71011.89281428559 73642.86771923897 77600.85533915307 79828.81371600008 80455.53338100007 65771.41505000005 65686.65569900005 78075.91530800007 148286.00026397928 247579.95167297625 61883.4488170115 134235.3169258586 64995.10531800006 262590.15420237597 344555.99773685687 387016.6545829732 388925.4876857625 527053.0364142637 225352.60128097783
-9999.0 7462.68191813315 -9999.0 -9999.0 -9999.0 -9999.0 -9999.0 -9999.0 -9999.0 -9999.0 -9999.0 -9999.0 -9999.0 -9999.0 -9999.0 -9999.0 -9999.0 -9999.0 -9999.0 -9999.0 -9999.0 -9999.0 1367.4287256438392 23297.58732632795 39574.58759674902 43472.91310329254 270484.6175586419 143340.6824859546 280966.11982831644 46223.59815355036 188056.21434976542 211948.33052732915 204023.75798090748 257614.97465121112 312934.1666774216 350680.0211826361 348244.8854465794 269173.010870528 146413.26638615815 76233.45928500006 66095.62992798978 68434.81712736256 80124.06193400508 79220.55401000007 79402.73526000007 65527.52276300006 65290.10838250005 75759.46858200007 141618.61090893013 224888.6244432965 73217.13795006194 270964.14297392353 261989.0527779408 258282.34002328344 269477.09235584363 331405.7935807287 329093.25262882595 512422.36780431843 189423.44609935101
0.0 -9999.0 17505.051930647656 -9999.0 -9999.0 -9999.0 -9999.0 -9999.0 -9999.0 -9999.0 -9999.0 -9999.0 -9999.0 -9999.0 -9999.0 -9999.0 -9999.0 -9999.0 -9999.0 -9999.0 -9999.0 -9999.0 10577.606640012378 286335.22060580616 44373.04293686798 116235.33445131987 206764.27651177472 503303.61937639356 225856.0696970424 166124.66920492228 352792.57940239646 326840.1280794824 228213.07800645806 284570.66169504414 284050.1437933304 269058.106237945 283636.75057284423 164904.77543992014 112642.2292815946 74333.41897606198 74812.4448521642 63787.05451119926 79805.37621150007 65736.47611300006 66351.79749050006 78643.84429850007 78425.80515700007 86775.9711607406 236282.77239622426 313731.3886068828 295686.8215096693 243721.2081662161 314162.83952020097 352584.2307808607 109127.88428919575 68921.06920525007 69478.16799810006 69242.58148365006 172640.69501814377
0.0 0.0 -9999.0 -9999.0 -9999.0 -9999.0 -9999.0 -9999.0 -9999.0 -9999.0 -9999.0 -9999.0 -9999.0 -9999.0 -9999.0 -9999.0 -9999.0 -9999.0 -9999.0 -9999.0 -9999.0 -9999.0 71381.34402129262 138341.8431832908 18288.830086467395 192281.09854258766 249311.84248356146 406798.5570464477 203123.89482953856 258795.44498507274 435018.81913647224 465422.41290016647 301431.11623349664 540834.9587184459 444853.7316087542 400530.28590309387 200777.6062703397 117553.91425448202 87786.17702012495 70349.70773952313 75565.70821100006 71792.53947880032 129442.03998670542 112587.90344030042 65085.716624000066 65036.674337865064 77165.17975830007 118118.72341120483 260420.0512895974 347142.08759042044 371733.49302388896 379810.6939796364 387112.39895881107 399890.52948815 360568.42139223113 87337.26308886182 150241.1097332881 282496.7562723551 297214.1116251145
0.0 0.0 0.0 10882.143677548267 117582.21280794976 -9999.0 -9999.0 -9999.0 -9999.0 -9999.0 -9999.0 -9999.0 -9999.0 -9999.0 -9999.0 -9999.0 -9999.0 -9999.0 -9999.0 -9999.0 -9999.0 0.0 38527.51730335114 183985.34715889656 25770.980860039755 205337.60387350622 539658.318163212 45462.34160165128 189462.56664975605 298352.6459984337 440079.4140868869 403658.9870974906 364460.5593844699 429261.990663819 435169.5038556744 381970.56130677095 318267.5482243456 286810.9765720009 232255.94860113208 70822.87638172656 75228.24786400006 75026.43202500006 75791.40526220006 124319.09227975347 75036.32937535008 63150.897017100055 64770.98183750006 73810.99030660007 71154.47851555007 119834.39986861174 461868.28090904217 460773.0066319778 468049.52458159026 153163.2200966315 129418.7407687774 96171.46513769068 101943.36981769824 119361.33448359177 59606.98388505006
