Model Version1.4/trunk/output/2010/nman_crit_sw.asc
ncols 720
nrows 360
xllcorner -180
yllcorner -90
cellsize 0.5
NODATA_value -9999
[rows 84 to 111 of 360, columns 434 to 495 of 720]
-6075952.9093057625 -63828616.23463338 -4201258.561670167 3747165.956970821 -4614123.517742856 18886207.81053611 -29802266.16042574 -19445879.591621358 -10650209.539812721 -12961247.929409 -9999 -77086888.8693128 -2455123.32770641 2484.640448033567 5002.992709243915 -549.0603677100434 -2256.1779576162958 -1127.3914993003727 -682.754314706308 -2530.4426946691965 -947.4294575886835 -9999 -9999 -9999 -9999 -9999 -9999 -9999 -9999 -78485042.95832403 -9999 -9999 -9999 -9999 -9999 -9999 -9999 -9999 -9999 -9999 -9999 -9999 -9999 -9999 -9999 -5555220.940949849 -9999 -9999 -9999 -9999 -9999 -9999 -9999 -9999 -9999 -9999 -9999 -9999 -9999 -9999 -9999 -9999
32602609.45592077 -28227501.934180245 14775205.887027213 -3727244.7400756995 8281632.027762169 -86807731.11271344 -43226289.03356507 -5926230.944217068 -5646014.9379994115 -7751389.793450486 4265.789868255738 34178927.84262436 76321706.23489912 347.26994321074545 4853.347630239956 -672.007085682523 -1183.7563737125793 -1772.808132328542 -9999 -346.4232801684883 -3050.2797222180952 -1545.7423342541706 -9999 -9999 -9999 -9999 -9999 -9999 -9999 -632433792.2825297 -9999 -9999 -9999 -9999 -9999 -9999 -9999 -9999 -9999 -9999 -9999 -9999 -9999 -9999 -9999 -9999 -9999 -9999 -9999 -9999 -9999 -9999 -9999 -9999 -9999 -9999 -9999 -9999 -9999 -9999 -9999 -9999
33979938.56148636 110394987.359199 39130471.98097187 46599870.9535815 -6112177.055392692 18736699.54322672 -18673011.57792552 -26157294.082846865 -19901321.59070011 -10103616.232056513 61498684.81977274 16821996.314065207 36586982.179653704 3747.251039485423 584.2903720644354 -537.5469177533288 -1204.7060366981318 -434.867733516815 -2178.8159598413495 -9999 -1436.275003686349 -142030.5680918177 -3290.996794443865 -1030.7387679788671 -9999 -9999 -9999 -9999 -9999.0 -9999 -9999 -9999.0 -9999 -9999 -9999 -9999 -9999 -9999 -9999 -9999 -9999 -9999 -9999 -9999 -9999 -9999 -9999 -9999 -9999 -9999 -9999 -9999 -9999 -9999 -9999 -9999 -9999 -9999 -9999 -9999 -9999 -9999
-9999.0 123001963.90960746 27029354.656880092 44132104.877590545 18628735.98030131 -4903483.37702683 13846936.582190761 -18688543.540180165 -22398091.6200734 -34181531.36693971 39210672.249448314 -78166745.3303683 -50802118.569024 190.05418141969753 -2974.4052927324915 368.8470266442251 -1862.701469252338 -6390.0834748123025 -1192.6856151679772 -9999 -9999 -68871.15023772216 -236950.61217114393 -107927.67474816403 -9999 -9999.0 -9999.0 -9999.0 -9999.0 -9999.0 -9999.0 -9999.0 -9999 -9999 -9999 -9999 -9999 -9999 -9999 -9999 -9999 -9999 -9999 -9999 -9999 -9999 -9999 -9999 -9999 -9999 -9999 -9999 -9999 -9999 -9999 -9999 -9999 -9999 -9999 -9999 -9999 -9999
-9999.0 35834.845175540955 -22855971.169476815 32342701.54881757 11504193.39651348 -14970487.499581844 -21422158.04182938 -9755187.156407379 -17848753.344594106 -26761460.079881355 17904237.539842475 11035965.81058909 7218618.424995209 5915.384788360378 -2048.358143458554 -1330.9108569202772 -2.5549805973971824 -336.6084989925862 -22180.797629992623 -9999 -3927.40382276534 -66071.57093025337 -65274.54872617883 -9999 -9999.0 -9999.0 -9999.0 -9999.0 -9999.0 -9999.0 -9999.0 -9999 -9999 -9999 -9999 -9999 -9999 -9999 -9999 -9999 -9999 -9999 -9999 -9999 -9999 -9999 -9999.0 -9999 -115385018.83369082 -156515357.30869895 -236517333.56227356 -9999 -9999 -9999 -9999 -9999 -9999 -9999 -9999 -9999 -9999 -9999
31453896.607096292 24370119.9147239 -109339483.97951952 -82941522.12274434 -75999973.9783775 -12988998.016561572 -14430232.265241856 -32068002.284171335 -17761320.757885296 -31798353.373923093 2151345.4012799836 -3241890.7000803803 8016471.847044794 30888813.906218935 3364.5492350768336 -890.8178968955687 -4328.444346438142 -342352241.9439799 -53782.152230617336 -9045.208925143426 -113474.64959695321 -9999.0 -9999.0 -9999.0 -9999.0 -9999.0 -9999.0 -9999.0 -9999 -9999 -9999 -9999 -9999 -9999 -9999 -9999 -9999 -9999 -9999 -9999 -9999 -9999 -9999 -9999 -9999.0 -9999.0 -9999.0 -9999.0 -9999 -82821052.90738383 -9999 -9999 -9999 94838158.63249947 -74745904.09869659 36826629.13740152 66083999.203382 83522914.85177362 -9999 -9999 -9999 -9999
11690151.759714087 10722877.099050326 3093.162191924625 27160127.374754824 22621795.238393936 39164561.503909 31556141.886366636 -8698098.21264072 -23303415.399608348 -9200040.06212212 4651657.419403185 1649122.5727677317 1916996.059341337 6190748.978156142 -8470672.209489446 -1690.5304161558413 -12743.630759962702 -21028.766080440004 -172396.01259069535 -1237022078.6904523 -9999 -9999.0 -9999.0 -9999.0 -9999.0 -9999.0 -9999 -9999 -9999 -9999 -9999 -9999 -9999 -9999 -9999 -9999 -9999 -9999 -9999 -9999 -9999 -9999 -9999 -9999.0 -9999 -9999.0 -9999.0 -9999.0 -9999 -9999 -9999 -9999 -9999 102407714.65302467 50848325.20596522 86351719.37832661 -414284438.9268465 -358596793.3507213 -9999 -9999 -9999 -9999
-9999.0 -9999.0 3963.856706475204 7435.371119874109 5317.527559881209 9283.587095833584 5028.42472562065 3874.6723639899255 17655668.52659201 8843947.085069137 6382488.150771646 -8576622.074362367 -26600128.526159197 -15635931.08082536 -4268992.879160545 54873134.04051275 134959455.377046 -7213.804179910222 -409868169.1803558 -55831583.65632011 -9999 -9999.0 -9999.0 -9999.0 -9999.0 -9999.0 -188663750.95915967 -9999 -9999 -9999 -9999 -9999 -9999 -9999 -9999 -9999 -9999 -9999 -9999 -9999 -9999 -9999 -9999 -9999.0 -9999.0 -9999.0 -9999.0 -9999 -9999 -9999 -9999 -9999 -9999 -9999 -9999 -9999 -9999 -9999 -9999 -1200209.3073945139 10190436.830793284 -9999
-9999.0 -9999.0 -9999.0 -9999.0 -9999 5733.085355048467 7179.6472890386995 9427.86086110118 5185.054140334892 3206.0460470215517 3873.153394479017 1861.2628802167717 -9356262.042460466 -45596658.01291772 -17593376.475969683 -26200243.53944235 -50056924.65379422 -4513.362764931243 -11529.6311857027 -17487490.00709188 -360785337.21144277 -9999 -9999.0 -9999.0 -9999.0 -9999.0 -9999.0 -9999.0 -9999 -9999 -9999 -9999 -9999 -9999 -9999 -9999 -9999 -9999 -9999 -9999 -9999 -9999 -9999 -9999 -9999 -9999 -9999 -9999 -9999 -9999 -9999 -9999 -9999 -9999 -9999 -9999 -9999 -9999 -9999 -550871913.6504312 -22430906.5892228 14445002.315491185
-9999.0 -9999.0 -9999.0 -9999.0 -9999.0 3020.4351090837904 3829.3922296982614 8381.414522350211 7815.6344851430495 10443.188846530722 8904.639679200287 7256.534582729513 4545.755532376345 486.6548064516068 -15054905.433666712 -12872498.258079633 -4421339.781502208 -19796394.80968436 828539.2043492718 -1904896.3895995603 -28081234.939085096 -9999.0 -9999.0 -9999.0 -9999.0 -9999.0 -9999.0 -9999.0 -9999 -9999 -9999 -9999 -9999 -9999 -9999 -9999 -9999 -9999 -9999 -9999 -9999 -9999 -341818.5351826457 -21139928.32271209 -3199060.394824585 -21945806.51181203 -207918.27950121093 254455.4568084809 -9999 -9999 -9999 -9999 -9999 -9999 -9999 -9999 -9999 -9999 -9999 -9999 74945650.0902766 -255804864.3710126
-9999.0 -9999.0 -9999.0 -9999.0 -9999.0 -9999.0 -9999.0 -9999.0 63432180.90106238 3483.6206598983536 4973.165470046462 -9999 -9999 8302.427153281546 8666.108885017351 7625.488542451582 7450.128014139704 3615.2250926314614 1382.5858733252112 1142.0597189782843 -7119615.009593181 -108042370.9201651 -9999.0 -9999.0 -9999.0 -9999.0 -9999.0 -9999.0 -9999.0 -9999 -9999 -9999 -9999 -9999 -9999 -9999 -9999 -9999 -9999 -9999 -9999 -9999 266433.37407267524 385685.1840454588 -155781116.64734572 -6392476.9294545995 -370183.26307699474 -157023.59801351352 -9999 -9999 -9999 -9999 -9999 -9999 -9999 -9999 -9999 -9999 -9999 -9999 128181661.29699402 77913697.91532037
-9999.0 -9999.0 -9999.0 -9999.0 -9999.0 -9999.0 -9999.0 -9999.0 -9999.0 72985711.50648436 16620829.458312238 9089375.186420785 1343.7915909013466 1864.9114060927348 1799.6445501441528 4144.9223050333 3535.6710484990713 4070.3510719348956 2789.4561887791115 433.8853135202924 -414.8758840653412 9028554.925002795 -82745187.94410376 -9999.0 -9999.0 -9999.0 -9999.0 -9999.0 -9999.0 -9999.0 -9999 -9999 -9999 -9999 -9999 -9999 -9999 -9999 -9999 -9999 -9999 -9999 19959408.034473326 29743650.80401604 8873399.676337287 -172126583.84379974 -146421.37578863106 -9999 -9999 -9999 -9999 -9999 -9999 -9999 -9999 -9999 -9999 -9999 -9999 -9999 -11225938.851673534 -9999
-9999.0 -9999.0 -9999.0 -9999.0 -9999.0 -9999.0 -9999.0 -9999.0 -9999.0 3948.72731720678 3728.1178153816404 2954.4462992604736 2739.171039063569 2812.2166488120233 1846.9955794675964 -79610029.66273162 -4254328.09446124 -14634608.059338076 -7135199.233506244 1995.7353133031716 694.4558907369012 -635.8564786588198 3399630.4977062405 -146302929.94069585 -9999.0 -9999.0 -9999.0 -9999.0 -9999.0 -9999.0 -9999.0 -9999 -9999.0 -9999 -9999 -9999 -9999 -9999 -9999 -9999 -9999 -9999 -9999 36358085.52906853 53873013.01397787 -638083649.8526165 -47926144.22667959 -219700749.86060256 -27909038.202666394 -9999 -9999 -9999 -9999 -9999 -2408.5936335701053 -9999 -9999 -9999 -235415.34087310647 -12191711.326117044 -9970714.525526935 10772178.202378683
746534.0633165957 916973.7170728925 -9999.0 -9999.0 914199.3699453882 -9999.0 -9999.0 493317.8788690991 1717866.8761706797 432721.5241781553 391358.28233514243 -14275212.769506207 861.0251932170504 22303815.05674073 1302.3979994031306 -11582874.105042806 -1950515.0867255577 -3403.2285498994434 -216.33728469559986 -8705513.643708082 -406.7979091102879 607.5583470977447 1487.705904081526 -8518699.468120389 -16677.43924704384 -9999.0 -9999.0 -9999.0 -9999.0 -9999.0 -9999.0 -9999 -9999.0 -9999.0 -9999 -9999 -9999 -9999 -9999 -9999 -9999 -9999 -9999 -9999 -9999 -9999 -24211847.520066395 -1300033.8842498905 -500200.3595036285 -563565.4074500572 -9999 -9999 -9999 -9999 -9999 -116702.82267599732 -9999 -9999 -9999 -9999 -9999 -32542328.091885827
-292777.2115108553 -5651049.5596805625 7392595.497562203 713571.5793902167 -48246.32790540633 -859856.4763895099 -500133.7509438746 16593.9353417944 439787.4747623146 160648.67070086 -2872614.912377434 -10136463.107321076 -26356509.594541643 -43302409.9381742 3599560.524574754 108.91975278188164 943.5444327145569 2096518.6636670684 -64448233.72088385 -9714327.536472844 -34971739.807326935 -3610338.2114579943 8302108.273441178 4815.644889199882 -288.56616529302306 -87805.15173270147 -75986.10388048069 -9999.0 -9999.0 -9999.0 -9999.0 -9999 -9999 -9999 -9999 -9999 -9999 -9999 -9999 -9999 -9999 -9999 -9999 -9999 -9999 -9999 -9999 -9999 -9999 -9999 -4045984.8830443406 -9999 -9999 -9999 -9999 -9999 -177917.38314585213 65298.06772245958 -105565.77373698025 -9999 -9999 -2276372.4846768887
397853.15829639736 775684.7474746887 890403.2942218874 1085397.2362195547 512700.1189081034 249633.83544681157 -367337.70742973796 328971.72546852194 5002972.106693078 233989.81812494056 129326.66930365024 -7916716.787075849 -7880859.598552323 -282.69884966211777 -98816479.95945345 -43058630.180649586 -2803.3555270448687 -244.99156585007802 3588.7331770289716 -35.34995286390612 -82434744.53518489 -281122704.91739726 -350927139.0461069 14080372.894983085 28744610.524330657 -167291.81484534295 -86900.50747521287 -9999.0 -9999.0 -9999.0 -9999.0 -9999 -9999 -9999 -9999 -9999 -9999 -9999 -9999 -9999 -9999 -9999 -9999 -9999 -9999 -9999 -9999 -9999 -9999 -9999 -168740115.44167376 -9999 -9999 -9999 2893577.011239488 -99948056.94557753 -24914224.993717283 244341.0136637725 -98660.0381555967 126656.89209887024 -127128.42064678932 -659082.0900220772
-6385326.422593386 1084542.063373341 955543.140177259 839180.2904270265 207460.0428657987 212017.12643747652 199483.08992781592 216480.01501074733 -8225176.705909024 -216630.25244234223 416297.8347473996 -492223.9982619111 -6791077.9197821375 -6414771.771743077 -11115835.415980395 -29521555.362526078 468.66924351904277 1787.3216806563184 3300.3873933113355 750.2407272822267 -6509950.867459538 -93341728.41318054 -72835660.16725866 -207668714.66155994 -18613.27964774104 -9999.0 -9999.0 -9999.0 -9999.0 -9999.0 -9999.0 -9999.0 -9999 -9999 -9999 -9999 -9999 -9999 -9999 -9999 -9999 -9999 -9999 -9999 -9999 -9999 -9999 -9999 -9999 -9999 -9999 -83877414.56292519 7144689.028785268 -349853.8518516337 -200062533.46155274 -1066552.4235801424 751251.7635821026 127355.76437920413 -11071303.049221028 -31576352.06201941 1194401.7433137014 165448.90749120235
-271852.14871414343 -1263111.8027629047 184226.48722883055 288231.90417602385 543514.8214492507 697475.933331668 1094512.7512892208 800114.9641347576 23605423.123573307 5109322.418687058 -2820103.859363357 -17531959.67037421 -367728.69123497506 -212699.2475487454 -11902858.805041196 -18273845.056370027 -31083202.064791605 -62229.79459765015 1878.5865099570299 -424.8464211637642 -238118.9237678853 -2634125.3121750057 -11644250.045419361 -112026303.0025351 -968793729.0792732 -9999.0 -9999.0 -9999.0 -9999.0 -9999.0 -9999.0 -9999.0 -9999 -9999 -9999 -9999 34001319.516899556 16954312.575199388 65408087.800413676 -46445207.23773955 -9999 -9999 -9999 -9999 -9999 -9999 -9999 -9999 -9999 -9999 -9999 -9218414.944407186 -53222510.88310815 -7297398.796337366 -650674.1041008136 -744947.8283938682 606556.3421034404 29677860.2805841 35634136.36637042 -13806908.368861001 291261.55499695824 2687148.9887946243
-2936161.814978322 -3959991.3292677924 8077336.957341676 2335240.116795313 -13295734.408314362 1649039.3231230818 6694780.633876189 628563.3301758477 175180.3281811992 568741.9051577724 -4523225.517184877 -20907259.894515697 -2562049.0300326357 -6381982.375828502 -3752020.191200008 -431245.5533171176 -16502341.213508314 -325879.4534321476 -4143162.008346349 -6697174.226022487 -44173.13872195407 -16717.28427052181 -513.4897015627789 -56771495.50791495 -9999 -9999.0 -9999.0 -9999.0 -9999.0 -9999.0 -9999.0 -9999.0 -9999.0 -9999 -9999 -9999 -9999 -9999 7652408.423119474 12325317.907302631 3596682.4803486005 -9999 -29161409.00532285 -9999 -9999 -9999 -9999 -9999 -9999 -9999 -9999 -9999 251174830.4528144 -63388047.99451693 -23955745.2330211 -418874.6978028948 308032.532934673 -60312414.194217615 -28278600.32202273 312085.4846436768 293012.24598351814 -172368.5923463117
-12903861.129828742 -5358083.584572916 -8268396.474964298 6298486.885570399 -1484627.5244037353 -3112208.588252038 -8049943.939038223 -3007805.198908045 -1005999.5568228626 758883.0318235636 966346.5458803847 381795.6499252445 -16866960.98857979 279305.3603405858 152084.01325062025 -26117789.563630596 -1091327.216072122 -16343605.42461972 -120047362.2022373 -144305.41755964153 -23661000.332324427 -23907641.819634277 -82297274.98585601 -27918070.62843484 -9999.0 -9999.0 -9999.0 -9999.0 -9999.0 -9999.0 -9999.0 -9999.0 -9999.0 -9999 -9999 -9999 52991318.76051596 25923654.31243662 -2096302.3199341674 -121386.385826082 -2587244.7637005043 4596892.468570063 -3897073.007097298 70625582.93041383 -780429180.521133 -889335025.7524035 -36555811.490721986 -12495804.803131633 -319747707.40303653 -12307373.729251247 -8578406.42450736 -9999 -9999 -9999 -228339325.77371475 -328215588.39209193 52693728.87280762 -8560447.069730446 -9999 -9999 359136.93950724555 -14497681.817035213
3519387.344946767 -9701870.797978235 -13734724.654962147 -13030568.833464121 -17663117.144470125 -16361028.967250062 -51743139.43105766 -14076751.248137621 -13348495.479466885 -7532410.5432668505 293198.1977495903 779476.5515806443 639063.3557137144 303454.1657605392 58468.41907266265 -8626265.89450436 -174542856.965187 -31448899.21248528 -20803837.7929043 -442911.71136105567 -411655.62503258354 -22291817.726393893 -456222.7858783867 -14300513.988992538 -205769468.62032124 -9999.0 -9999.0 -9999.0 -9999.0 -9999.0 -9999.0 -9999.0 -9999.0 -9999 -9999 70552045.46755354 -360927.55023316294 -418757.4230438447 -5267361.8205857165 -6033660.093913817 -359864.5626555486 -120455.37392694302 -35617456.30675553 -3142931.014708604 -4374002.469233895 -61938293.33573152 37691107.08987914 -6887224.371322282 -83978408.03989281 -992798718.510831 -525116147.37234646 2353914.9031766597 -7800083.717012556 -9999 -9243290.48233857 52749082.77068532 -272851564.9678068 16166614.559677932 32552202.50475749 495651.3521124454 2261821.3791836444 7793889.82039171
-47117291.72303381 -12809528.754151188 -9871533.64955384 -29693102.479283575 -7748338.553102858 -33306266.580134004 -6025986.582709899 -19482215.39608077 -18411856.453974843 -5458898.3620171305 -8603745.409607995 567464.1121114533 2087507.4044277917 654828.9942839061 204902.6522712073 252791.35264287717 -17088901.88421997 -99955943.55505419 -25179837.870539796 104576.32763645754 -458651.73780743737 -12554430.955878457 -498768.64890232566 -278293.76625385403 -28525595.886497617 -177171615.97119972 -126210745.04730482 -9999.0 -9999.0 -9999.0 -9999.0 -9999.0 -9999.0 -2472799406.9411964 -7056308.197611555 -8340092.753558873 -46972860.29065796 -444232.74207674846 151471.41574492745 -105370.18534638693 -12676042.922008064 -9576145.576030824 -19329962.468200702 -219041.0813491155 -7429498.62338735 7614325.213012696 64279073.5783734 -120298412.98971134 -39396214.53127317 -139765208.7093958 -203339552.64155105 -9999 -9999 -9999 -9999 -8709682.208099112 77708256.66817191 140612165.63692132 24094935.453955926 70085605.08806543 -166218744.2756163 327738.85463442805
-15603615.501169551 -29979145.341717463 -43813766.18133905 -16391588.055240244 -12705599.397972323 -58146172.512078814 -40407233.23171768 -64078060.212344706 -71959455.89970276 -63281131.42108299 4547807.967926451 -3096871.2726500533 1732991.0521427589 3138598.66624537 -460803.7323249101 958243.8672360824 -22080361.909927946 -8149456.327918613 -633118.8757016021 -3213268.745386886 -10127879.435264982 116537.4784346575 -715771.4024603887 -335447.04291280813 -284299.60069201095 -279823.60079557076 -12113864.875514885 -29557888.67826577 -4210273.001195404 -97029916.32295944 -9999 -9999 -7624443.400147065 -14413739.348787803 -45485567.26616049 -1110352.6452842029 -197610.45172099097 -6862.659619724234 110133.21725534476 186918.8376564418 -16950855.461136628 -19198783.934233315 140064.17812208013 -5354982.773827189 -13057074.691772176 -2595268.4932788974 415039.1747038625 18659522.267515827 -155775679.87153393 -9999 -12625766.655723426 -9374455.593463294 -9999 -9999 -9999 16361063.913299503 7838996.896206717 1953495.040693713 567242.6754249997 3920149.9610039946 -25185450.00241965 6232965.580173602
-126638699.43561393 -75613467.26013246 -15356852.497474512 -429784.1121566666 1224912.4590334818 -52358060.65863033 -27159022.7814045 -66693246.290671706 5875456.286822468 6719755.239478285 9575678.607532902 535967.315814404 -93135142.36225049 -18281453.25429911 -31357938.703476436 -12580246.89420541 -4709642.018877051 -9683315.971148554 449940.15488659014 418465.39602572256 -643707.3220981392 -6974640.679314101 -11953840.918293972 -635739.2364848079 -20279094.328378897 -526641.4383711437 -38645247.55249578 -412933.63258064765 -13373538.743264081 -14746745.049685586 -572149.3079610774 -782790.5731926399 -202602.60077119863 -218192.83563871196 62768.43888870815 -322996.78571122844 311246.64068429504 26322.6429035462 -9999 911372.164679267 548636.2958205646 -21750192.029245563 1500414.829340133 -20028422.481568657 -19218682.367989283 -299939353.87992615 110498.68037912909 187970.6284989774 -8365529.875924806 -9999 -9999 8176279.296079828 -6882925.4113731105 -7031767.938110975 -5366400.079627532 6909164.443061489 6123695.070740707 7191953.102794822 6925232.4619017625 6178659.441535974 48672493.57497984 8298883.455733181
-33680403.6511334 -1123934.5641450272 -3241288.212220381 -2424036.0677931197 -77411545.78117132 -10713891.073697433 63174897.99983066 -131326.33009494893 4047829.656041215 6729326.226278147 16891321.769318476 16663747.975173349 92445258.64586236 29715236.29058215 16510189.926906517 -14154512.181664221 -32629047.536952704 706824.0476311272 -111468.26402052616 -7649725.953204612 -536820.506025662 -3701186.752555276 -88026.60976691952 -8740670.209901959 -175998.7572112282 114399.36087876005 144413.79652964434 -11278935.989722986 -634687633.337029 -2391352.5348436236 -285611.48761489865 93582.03518825545 -74949.01411690013 1027019.0484617284 170894.0252631089 -9999 -9999 -9999 -9999 291772.0571894493 924818.520954144 869864.2979475433 935937.2696479617 478984.9365416173 226481.6838230312 -346547.16924917646 22983.19262368485 403945.63230365684 -22874.051090544894 969566.1673062998 39400185.21189158 16059116.556545662 5922479.643036319 2723885.8263638755 -2709121.730940226 5690254.431200109 11769848.815490428 5657412.1286564125 14694249.9808879 11740681.646456731 23657421.553004958 23289239.237329137
-19228853.211431988 -410772.05311522936 -9999 2690311.030787117 -9999 -323902.44879242725 -468559837.5908327 4397171.616041592 14499770.801429195 -9999 30990863.363173172 26884766.02880206 3443851.488896719 43959938.54597959 -164047028.29726598 9098559.713234812 -5997751.984279824 -9993793.789982228 -15859864.265352406 -398649.93127722916 -123036.81547638288 -220307.7272294998 -68973112.00312248 -41904262.77589663 -107183.79462822423 -124845.36019577985 113574.39929272934 1611781.8788565614 -2009877.5434903454 -68465672.36357339 -211525.01802221368 35478.35520830281 -60965.31650972237 -9999 -9999 -9999 -9999 -9999 -9999 -9999 -9999 403728.4741804433 -49649.59238586521 226713.08131944257 -19935665.378174443 -9771040.461100787 4113593.8765728762 -7161768.307545196 4780153.5663720975 15399365.800477546 18118667.255723335 12147731.357343923 -2708725.922806151 -2329141.4594095424 -1454106.2477120874 21442235.16419781 20463912.420997538 -3512305.692465937 17256879.513768293 4532493.338537411 48198873.523636974 25506826.794001818
40528.076777355316 481078.9995882515 896923.9009124788 783539.680341485 -9999 -9999 -1923350.547091825 -216144622.56970555 10829773.445576219 -9999 -9999 -9999 22997519.6974239 3598873.902901321 6122813.085901247 21400449.243375834 29306867.508540325 -8488034.475835187 396583.8779769965 -294842.95957465697 31888.662809385554 -40272.76872995785 -37471551.848515995 -1380044.7819967344 286974.07606902556 173187.53261356338 320372.11908025696 -9302013.4539078 365258.89674214803 -674131.3043899804 -9999 -9999 -9999 -9999 -9999 -9999 -9999 -9999 -9999 -9999 -9999 -2917409.278324221 -186755.47860659313 1217014.8627201896 1217621.8455148449 776945.6301622856 418340.7153916649 173965.6554228869 7864888.719499293 -1638135.46758046 -2990458.637944769 9752737.104903152 7736845.056092819 -3273767.0766794584 18532830.746873487 -997066.0787526881 -3153110.4151067794 -3085929.778431977 22602511.87092227 32706703.57041158 33499205.43699202 19374855.90887543
1935116.3814989899 859579.731484009 -9999 -9999 -9999 -9999 -9999 -5246425.7600198835 -892849.9044339155 -665836.9466392557 2436651.6490658023 24409079.81811394 -9999 -14141100.27844353 3631274.361657932 2040511.3620217722 -8966996.949211663 -6160210.526709801 1029512.6960858051 -687743.7248496105 -2495085.625873071 -210675.6542150223 116177.09838540466 262652.5168751992 723432.3628400585 -46610674.03595586 509482.95099417836 1366845.2972091008 264099.712287404 -4682434.954918918 -9999 -9999 -9999 -9999 -9999 -9999 -9999 -9999 -9999 -109348.05214655196 -9999 2594163.8393952954 725939.7048000314 440083.3399503356 927311.8440941506 1226369.921169117 -91704.97358255569 32471650.57804711 21338657.026578173 -2006195.2303678282 -23537643.770698786 -5530669.81413979 -1176584.1302509909 11456961.227597428 13329848.469735406 -7938921.1569833625 -4515413.719871228 -7316870.486834048 -10198114.777148522 -7504055.046724371 12558807.887835748 -3713889.3924887744
