Model Version1.4/trunk/output/2010/nman_crit_sw.asc
ncols 720
nrows 360
xllcorner -180
yllcorner -90
cellsize 0.5
NODATA_value -9999
[rows 196 to 223 of 360, columns 378 to 440 of 720]
-9999.0 -9999.0 -9999.0 -9999.0 -9999.0 -9999.0 -9999.0 -9999.0 45895601.26003933 65104062.00941888 51942931.99310865 64614465.636417165 113222683.54761928 -9999 -9999 99643354.93834952 -9999 -9999 -9999 128688242.60177752 121398105.20649736 153886545.10196957 105454988.88995501 -9999 -9999 -9999 -9999 56513413.15915675 102341642.65745628 -9999 141005658.30543992 80722290.73959762 138637429.41658154 67162770.77667117 40742177.614311196 0 55928191.7154063 -9999 108982612.22307031 27376793.26198079 63103399.7799759 62768665.63551875 74043091.89372765 0 32497874.96197897 30725124.79649694 35664847.388987914 0 14253471.583823321 74159881.67786115 115122946.08897005 20381332.017658193 43066822.17415449 52085115.429704756 85370525.20364468 112872003.57742968 108755524.70417471 153121440.14261737 157123111.94906744 59338021.03589592 254522711.1957108 -9999.0 -9999.0
-9999.0 -9999.0 -9999.0 -9999.0 -9999.0 -9999.0 -9999.0 -9999.0 0 30963404.0302854 -9999 67182827.46699348 99065150.09887947 140839504.95630088 -9999 97137298.11447343 51924579.0955045 -9999 -9999 144545565.20626214 134644019.7503724 -9999 -9999 -9999 116382226.95938721 -9999 -9999 -9999 177316547.94420975 185518712.3966248 109405566.07163882 144178608.46612272 122510588.17311518 61797554.47529612 37770086.316726826 -9999 -9999 -9999 42433150.00174328 0 21242846.439331464 0 -9999 17218451.961734563 11113631.12833136 32090937.827607386 24474659.696737226 4255575.483013922 29628760.693459075 49208186.9592799 35967997.50366403 49962140.87161646 50028826.664472274 15302368.078155683 118598933.59419554 78650370.08279099 61762409.90768629 112929293.66118802 92401625.432927 102153658.51497288 363494224.6378523 -9999.0 -9999.0
-9999.0 -9999.0 -9999.0 -9999.0 -9999.0 -9999.0 -9999.0 -9999.0 54402271.84275367 66727248.339606375 -9999 40086085.93852052 72040593.24989475 64504740.7432848 131027325.67559193 -9999 138133864.5259619 -9999 -9999 -9999 -9999 140964272.6868924 -9999 123549656.06959672 127729443.9647767 76514261.25081445 -9999 99007095.23686838 241063669.94935817 180894214.768187 154298431.57458642 -9999 93892333.16420981 45935565.0023435 35189352.60692638 -9999 46393905.60412627 125086132.12222043 6338280.256226554 0 60087802.96190427 53824126.54196292 52281006.587758556 58593938.478746004 62057854.42379776 22969175.92459633 36606206.79379426 955021.7263672528 13809379.361026986 12228325.057188643 32818491.027973626 37831427.01584143 74579942.4838652 2674343.0012246864 72819304.19501182 -9999 147642645.33424777 151365471.43273363 218401151.65978196 157104061.1209091 189701983.02768862 166098682.13001427 -9999.0
-9999.0 -9999.0 -9999.0 -9999.0 -9999.0 -9999.0 -9999.0 -9999.0 124981076.1475001 117299175.24131201 56029087.02975492 49274751.80334319 83771557.44521777 -9999 121453465.09491912 -9999 29920528.04407066 122723826.28888674 187998434.6457526 -9999 -9999 -9999 144683571.42724803 148036619.82764846 140960916.546609 -9999 -9999 73061954.98940736 113890620.88209262 121227774.02271026 142986830.2478836 -9999 -9999 73461652.52316366 40199516.767870925 138809864.21839607 21355421.694481026 119514562.48273456 395238783.2947011 96261604.06154917 52807747.97063631 47866616.13625702 59805613.48173452 60874654.827850744 69161603.48226328 8288214.1961681405 32917501.809428886 35019774.48320705 3906345.6469071712 1299720.1374659594 0 58426974.047236264 43377880.14622942 -9999 -9999 -9999 165707598.6771731 129161611.99520199 248214449.77231303 140032996.66130263 44579051.26387519 43850789.26279665 -9999.0
-9999.0 -9999.0 -9999.0 -9999.0 -9999.0 -9999.0 -9999.0 -9999.0 -9999 112054087.10256962 -9999 38723029.368958406 -9999 -9999 -9999 -9999 154796662.20406193 -9999 -9999 133228328.25320087 -9999 148261102.0117386 181597449.5392255 182187622.45782614 -9999 -9999 90214487.4149619 139106861.8268085 98215037.11225723 -9999 33665905.39505788 62586769.764193736 43189927.56365205 96692531.23525771 72395571.2014076 123685829.33056013 100310811.61519767 -9999 161771416.8222667 48647239.85924847 53141552.00675634 56820027.40354387 66291669.352788284 49264113.13447563 65706433.80565622 19313446.846671842 40962099.82675615 26377674.165354934 5231608.768582234 3215808.5395361227 0 50593582.473724484 59064288.71294807 67196821.51403336 57259476.057001546 -9999 -9999 104405946.91212726 12733260.606207287 72857052.61475489 41978244.01206163 16831915.61005964 53911957.80638932
-9999.0 -9999.0 -9999.0 -9999.0 -9999.0 -9999.0 -9999.0 -9999.0 -9999.0 87126320.79048967 11814295.956263365 45078509.109119885 81358088.26340237 131256735.44832827 -9999 -9999 -9999 -9999 -9999 -9999 122549307.42653115 186281137.6378659 170929484.0852009 196767376.8437013 161855382.4814056 -9999 71029060.18075779 87508737.17698683 117936295.7739566 93829449.61018056 109832742.42541115 117437793.36216946 87691903.70925575 105089423.87799561 85272091.49538097 82013690.96821094 33457892.28762995 43366133.5149819 259419092.19375083 53112178.987668395 65299866.495486856 105541716.56910826 86099187.47011791 -9999 71831689.03566657 72771430.74468046 34707555.84405496 -9999 9763604.508082498 2011245.0668515973 1267764.3144654667 46897155.65351712 48497134.65905334 25029787.29587739 64717449.38782368 93413862.06206758 98129489.21401244 0 46265857.09984953 67179267.7569008 59442805.42682657 5790330.588517248 0
-9999.0 -9999.0 -9999.0 -9999.0 -9999.0 -9999.0 -9999.0 -9999.0 -9999.0 43880949.68679781 0 45653149.89541199 47725084.45121638 121769921.59696548 180969242.78982818 101623568.3511407 -9999 -9999 -9999 -9999 141431778.41624063 135536017.79692292 156353267.14995736 155186402.43018085 600416622.1240932 633091262.0038546 146096072.18197805 154187449.81598932 169516689.7591781 -9999 57634616.62616314 -9999 242012150.35659778 206170422.19371006 -9999 128481637.23881245 154952992.9052526 252523652.2378549 0 62056635.84136521 72624638.10595058 47313979.94945027 -9999 82652551.34415875 73119347.87393633 62110620.454745956 24581956.198167663 -9999 0 1584051.6730044573 2693170.7332489667 38651818.75824051 46589157.59717689 100145588.79431674 99522372.07871127 102188097.95341088 26236108.16334443 5790506.172400352 86855363.20550604 44264326.4831874 14122001.810749177 0 6787313.474681595
-9999.0 -9999.0 -9999.0 -9999.0 -9999.0 -9999.0 -9999.0 -9999.0 -9999.0 13946864.650344279 26485249.438517693 59653329.93378927 75291932.75001319 57856505.46313542 93202051.16483578 82061818.3645168 111384722.80888851 -9999 -9999 -9999 -9999 135779244.51586363 156233939.91399235 197888721.0284085 -9999 -9999 372785005.7368329 473843529.62884265 -9999 -9999 40912741.07549406 -9999 -9999 -9999 -9999 -9999 420141814.9013103 144123522.80848953 -9999 74985555.32550249 70860817.42251824 385512316.66932154 -9999 79508215.38090803 76531183.70637529 42671588.983122505 15572120.604721839 28949988.22071163 22318945.643588196 1973777.300123885 4903102.891244226 0 25546327.493003063 34813403.47744571 31582600.05714023 28053982.4968901 26088391.556227393 23314073.846249465 22949899.1807157 0 22369276.52732233 1793315.940776859 996172.5230906492
-9999.0 -9999.0 -9999.0 -9999.0 -9999.0 -9999.0 -9999.0 -9999.0 -9999.0 0 0 52521102.887735136 75218411.58251733 71249271.24823362 95522021.02290313 58930537.68208234 78381771.73423056 112336031.21460223 -9999 147356618.06680605 142085752.29216015 -9999 170860630.80385172 519908084.39873344 553796023.781319 312833793.2777573 201361740.68452087 -9999 -9999 -9999 -9999 -9999 -9999 69214869.54463175 70414754.6459831 -9999 -9999 3124122050.4915533 0 1638828971.9323342 78137890.35727954 98943199.49786803 -9999 -9999 30076104.954029504 22102585.816614144 -9999 23222884.996582884 36856291.53730233 2876792.254876165 0 23873100.212807417 27515084.52942675 24901368.146595348 24103969.428494576 -9999 12170983.251350736 9259322.668295728 20972246.451068014 16675094.93319444 19117047.53425123 25754090.84704001 33668333.36540329
-9999.0 -9999.0 -9999.0 -9999.0 -9999.0 -9999.0 -9999.0 -9999.0 0 0 9847600.787265455 47169084.77996562 40998989.29539524 44176852.73582089 95280697.82321408 63748597.82303842 106638190.65594871 120610965.56917459 142024701.0727211 143959120.70168498 148654270.62389097 152932491.87685055 169048022.6878367 177956479.44692433 736740747.9060261 574047362.5793368 435987552.0391955 256074950.19568363 -9999 133754196.67922485 -9999 -9999 -9999 -9999 -9999 -9999 -9999 54504077.2795027 69551516.9921694 0 267688729.26798856 1533274921.5566025 57593689.41423785 40298702.75179306 17871437.699540254 -9999 -9999 18321432.466194592 2919066.401341787 33056291.025789756 5036497.925857026 17209954.09472781 16833800.823178627 20254798.152662978 10877842.39000643 -9999 30856661.290571123 21743805.336272612 23760590.396171898 22136595.104675163 6633349.44153516 13838227.9223475 17685525.264930032
-9999.0 -9999.0 -9999.0 -9999.0 -9999.0 -9999.0 -9999.0 -9999 49265787.59794816 26880699.207977407 0 32046286.844749365 51484184.45581152 84475127.6896691 90634145.15388572 59984064.49609567 25794558.177992392 -9999 123302166.94688101 133597645.15684795 146719067.60178632 148664263.1949414 76330623.67784597 -9999 185010874.64454198 977172494.1673375 629734620.3624039 214707675.24789506 62964147.63057419 68990976.65738404 81606771.11363453 27305783.451784648 37491922.253928356 41277116.9195067 -9999 -9999 90349065.73731034 77180780.46381429 53840964.83086761 66738248.10175233 328946769.51788926 53430689.415576 35465512.6921721 49723599.15458557 16416073.541283755 -9999 23254837.294688825 13641955.684824761 3677426.816717372 635149.645760981 3474441.880415052 7710397.027371253 15146732.859095931 14455634.148968115 21548447.20081487 23276371.53360761 18830054.25535216 13178660.991093528 22367156.08678724 11370518.728907537 14813376.679958986 17709390.684027765 14048854.212483414
-9999.0 -9999.0 -9999.0 -9999.0 -9999.0 -9999.0 -9999.0 0 0 0 39603018.80460408 38068916.483032994 55929491.80117454 87383911.12637194 95857281.35126063 0 29043055.57260243 -9999 124349033.83349426 135440334.2637925 145424980.69639355 63832682.48169751 74446365.55288205 81032835.59440735 93484939.31039432 133980439.24146655 341872403.48815906 312385629.9908006 62836109.8203582 72843763.92080896 0 -9999 73173190.90732038 46873436.57850849 -9999 87129538.82640977 174534588.62443492 78104498.76963383 62028847.73395985 30617473.526742026 33388701.57827805 21741338.077887334 47594101.306143284 10793086.43338332 31202309.14814276 18647414.603977066 6729113.513252806 4494854.023307775 2759484.2876713043 1265578.8636501862 3898790.047367574 0 8313292.749637537 17075061.676324353 27758433.124716263 17140458.617511027 10050201.902875107 15564697.46420309 18978735.028119143 9929046.479342423 9396633.37683546 8828506.193600083 7697277.7852348285
-9999.0 -9999.0 -9999.0 -9999.0 -9999.0 -9999.0 0 0 10285882.261103101 23613459.789782207 35074599.72445782 0 46256238.355655365 -9999 70330994.0956004 -9999 17751955.212533932 85132863.6113307 104934905.92969707 89736390.04710914 131346339.12016696 38873130.00467093 158277883.3420431 -9999 -9999 188120919.42129588 -9999 -9999 269643312.6228965 103982776.5694987 -9999 65946690.529823765 71234899.84396955 -9999 -9999 -9999 81150357.8336857 43096408.02903122 39406639.12712222 14964671.535295408 21652771.278935477 35256926.6513771 7358662.167656071 7247299.632940814 24361839.624686774 13378167.004804853 11703342.326085215 12990930.276817646 9861440.493700443 2641850.91952393 2429022.953947468 0 410945.02047212725 445564.7408323242 1782446.8722045312 0 7547444.778928904 7068726.038292687 7437458.716474466 19382190.968571898 10722101.075743636 14217068.418267513 60671706.138766274
-9999.0 -9999.0 -9999.0 -9999.0 -9999.0 -9999.0 -9999 0 25963551.382043034 31168980.198678967 1045640.2927792243 21763828.170255776 51865771.09325822 80865233.59138477 96486242.73168486 72152105.23588885 16371563.427088551 72556057.14593314 70135290.06789626 97356093.60400808 108254158.34577912 33643964.034770966 -9999 127868141.56659326 -9999 -9999 -9999 -9999 216357159.72585377 207561799.14442423 87115481.17729414 47687925.639836974 57060619.411428094 -9999 -9999 15674262.036753142 39797003.525487155 60659430.98163552 55874723.76897829 13414412.424939873 4844561.875770294 -9999 0 15754404.958222924 9967151.763733372 4067339.378407808 2880476.108008213 9194132.09864118 13328172.29151202 7967463.48439905 4160128.8200117163 3225493.524753951 31207723.725634735 4122952.445691205 2892697.777063141 7492209.66702955 815666.3608577927 2965623.2729794253 4651994.783017091 9492321.869819915 14132573.095831925 51866427.53718869 11581908.742082642
-9999.0 -9999.0 -9999.0 -9999.0 -9999.0 -9999.0 0 29850659.661861036 8704792.647078682 36645811.358649045 0 -9999 0 0 75919473.55370027 0 11072943.110996673 25491338.240913212 58724002.61014547 158000502.40414622 14700417.773686806 467521294.2053443 -9999 -9999 -9999 -9999 144413380.1411789 0 72272054.61124024 175772645.4811714 137944339.08831954 123726652.20145707 -9999 -9999 14756352.116125772 4812784.803420986 41653563.890007615 54243726.5145061 0 12617163.83669159 10039029.171485296 -9999 0 2724546.9847463635 7894192.927547099 6817020.24176578 7783693.770650185 4091439.201579708 12259467.149991313 5602448.120275708 8241596.225928318 3643519.833858181 2204574.6609747824 7636064.782354578 18777041.67237018 8072368.573421061 5783641.631069921 10453336.674920928 8482216.851088366 8775990.312683236 0 22236318.151918598 0
-9999.0 -9999.0 -9999.0 -9999.0 -9999.0 -9999 -9999 -9999 0 0 0 0 0 0 103945806.2757574 55308484.32622545 20600665.996710036 9442378.32342484 -9999 -9999 -9999 -9999 -9999 -9999 -9999 194778965.31036142 313281184.9927666 59178040.75335262 52908713.46392553 286736300.46577907 -9999 -9999 163395844.36105192 -9999 49784037.516011015 141466447.9196552 -9999 68166792.30977127 28542836.299291663 23352208.070059177 -9999 -9999 0 11597757.291639017 8076203.583473749 518944.89805980504 0 8250272.320530648 6347114.903291426 3916315.897765723 6048696.82498052 1990979.3538500739 4263988.065763685 3648947.5885085035 20070924.567982446 14535248.828022283 39558612.341848865 12966512.588319607 14409207.754651515 13264306.01079811 0 16609169.380211756 65440.928920778686
-9999.0 -9999.0 -9999.0 -9999.0 -9999.0 -9999 -9999 -9999 0 0 0 0 0 0 0 0 -9999 -9999 -9999 -9999 -9999 -9999 -9999 -9999 -9999 -9999 -9999 -9999 -9999 -9999 144166221.74264067 127250580.27664405 169019507.42367992 -9999 77299217.42720209 54142627.28052929 19458907.78817854 16272320.535470512 12098127.023529489 14367812.587730134 9077263.546233917 28033302.392178398 6576691.512578098 0 6682410.575401106 437001.8796238525 5899514.515300392 1875151.115323127 4120670.144690483 3779446.6798309926 6211774.561092935 89485782.59013538 28898558.46278255 13747146.988959875 5670494.23300883 5476381.670927504 37882571.370534495 3317825.8734192257 5209100.884855391 1244481.6752393611 23673657.533200394 15397206.136666622 16056039.012287943
-9999.0 -9999.0 -9999.0 -9999.0 -9999.0 -9999 -9999 24899048.271494653 0 0 0 0 0 0 0 -9999 -9999 0 -9999 -9999 -9999 -9999 -9999 -9999 -9999 -9999 -9999 -9999 -9999 0 58526438.14243989 135220619.69964823 207438325.38947856 -9999 0 0 2804280.2112482428 0 0 -9999 16563540.30808024 8300939.402772183 29717169.331785288 23819434.451823372 17036696.514654968 31235983.03117911 5292678.456419581 22330705.601123936 0 7665475.658363731 4154110.617452339 20781482.23942896 19119038.68898639 16443763.756846564 17653134.44101891 9172626.689198408 19090141.024830565 24217759.15090332 21565548.815661706 29033460.875574753 150751450.76695013 27968340.895615235 -9999.0
-9999.0 -9999.0 -9999.0 -9999.0 -9999.0 -9999 -9999 -9999 0 0 -9999 0 0 0 0 44962203.823675394 0 0 0 196571113.58062333 -9999 -9999 -9999 -9999 -9999 -9999 -9999 0 -9999 -9999 51499122.90540005 234816350.96540567 193431895.68416265 0 0 2202392.253718088 12205980.51461736 0 27554409.576724015 0 34550006.75249329 14688401.592243852 32431771.52730673 60005623.59545028 36600027.31863819 7822289.51636655 16199278.021684108 20892669.324827775 10300944.257000234 16429259.347070046 38704419.707758464 19503145.063276503 18967071.0384671 18773997.17576825 18982060.74396704 11439206.446639625 5471770.008433612 27091427.029272955 35213677.40232893 42775674.94642769 -9999.0 -9999.0 -9999.0
-9999.0 -9999.0 -9999.0 -9999.0 -9999.0 -9999 -9999 -9999 684030.6726086669 0 0 167689523.08651558 585911639.2062826 224125600.2194875 68195307.35878378 146867561.76424888 0 0 0 0 0 0 0 0 0 0 0 73492861.44603172 0 -9999 0 140271894.57133272 21334032.58145033 41167944.45298065 4338688.422526517 999773.2532617401 19082639.070702594 40620121.1052985 15566159.415210938 4079115.832538252 0 1400770.1182376146 28240879.17234365 110834892.5544691 0 42022786.22466068 10695700.833148237 8460405.049402304 16607768.343138753 23120566.524366286 31736720.885130025 38209180.081139214 26719718.869260117 38470185.039865084 65351034.14787788 73198732.62115707 82316138.12305282 106659324.76036772 -9999.0 -9999.0 -9999.0 -9999.0 -9999.0
-9999.0 -9999.0 -9999.0 -9999.0 -9999.0 -9999 -9999 -9999 -9999 0 0 -9999 -9999 0 541455884.7438945 426960271.75628924 0 0 0 19915200.73197023 0 0 0 0 0 0 0 0 0 227742892.94635257 0 0 68611410.64201744 18519878.78998083 6451139.886184784 5885575.083531336 -9999 6661159.176194742 4715970.808077343 88221534.38073087 25042599.337007876 0 37359054.4789704 40084790.70375797 5560935.955589384 52768611.21781662 67693096.143863 60642552.464411125 20165867.49998223 23368653.943178102 22663283.357244074 34957362.13939995 34165488.41704848 25584824.84118371 75018813.58599557 95937925.84182939 -9999.0 -9999.0 -9999.0 -9999.0 -9999.0 -9999.0 -9999.0
-9999.0 -9999.0 -9999.0 -9999.0 -9999.0 -9999.0 -9999 -9999 -9999 0 -9999 -9999 -9999 73745335.96045585 -9999 -9999 295335587.14011896 0 0 0 0 2741623.516720517 9612884.042211136 4538685.796496745 -9999 -9999 -9999 -9999 -9999 -9999 -9999 0 1086892.9406388663 0 -9999 55695120.24573334 -9999 -9999 91568911.3617968 91753531.92554805 84384260.61135735 0 19610645.53421487 78545171.55527785 7096967.690446177 7740519.0365165435 9587537.284700837 53181560.08686045 9956767.976982921 18991130.697700165 22566793.976373836 30417225.85791718 50755966.0175925 44410464.06649967 53483177.605472274 -9999.0 -9999.0 -9999.0 -9999.0 -9999.0 -9999.0 -9999.0 -9999.0
-9999.0 -9999.0 -9999.0 -9999.0 -9999.0 -9999.0 -9999.0 -9999 0 23945536.631475344 -9999 -9999 149648591.55641365 -9999 522923846.08784837 0 69358656.22906923 26189742.0273153 10826613.638817966 0 0 0 0 0 -9999 -9999 -9999 -9999 -9999 -9999 -9999 -9999 0 0 0 77416010.7139194 3636596.645523214 65218102.354007125 46658878.6812706 20108390.74381513 24300121.728943646 3008298.869981357 26257749.449143846 48548080.8560379 23055892.47139504 8385323.5301157 9351700.24951448 3852860.043744772 5989974.5824494865 12716304.887186954 27997741.804835178 35730239.415783174 83308779.20545247 138337363.25388953 -9999.0 -9999.0 -9999.0 -9999.0 -9999.0 -9999.0 -9999.0 -9999.0 -9999.0
-9999.0 -9999.0 -9999.0 -9999.0 -9999.0 -9999.0 -9999.0 -9999 -9999 -9999 -9999 -9999 0 -9999 0 0 24795722.82901039 24902777.572740678 0 0 0 0 0 0 -9999 -9999 -9999 -9999 -9999 -9999 -9999 -9999 -9999 0 34875528.60209394 0 0 4027931.9942686786 4375505.196897042 22244842.828793664 13530420.79504988 22939745.254142117 16108727.068457615 9786656.178889716 10316297.134757835 12476512.930242574 20871255.714116815 28870753.000596225 2727596.022505452 5669095.364952465 42024590.790541776 62638942.948294744 147981069.65243095 -9999.0 -9999.0 -9999.0 -9999.0 -9999.0 -9999.0 -9999.0 -9999.0 -9999.0 -9999.0
-9999.0 -9999.0 -9999.0 -9999.0 -9999.0 -9999.0 -9999.0 -9999.0 -9999 -9999 -9999 29466833.465567652 0 0 0 0 0 0 -9999 -9999 0 -9999 -9999 5819512.457384502 -9999 -9999 -9999 0 -9999 -9999 -9999 -9999 -9999 -9999 219580039.65848327 -9999 0 34582902.267046094 0 0 0 3907587.9295333307 21678991.70169644 15955551.112786163 3953828.9838261413 14415112.525110142 35285530.70676808 30147268.240989763 19482622.000440273 31232588.300617717 50743673.732825436 67858713.02399579 -9999.0 -9999.0 -9999.0 -9999.0 -9999.0 -9999.0 -9999.0 -9999.0 -9999.0 -9999.0 -9999.0
-9999.0 -9999.0 -9999.0 -9999.0 -9999.0 -9999.0 -9999.0 -9999.0 -9999 -9999 -9999 -9999 -9999 0 0 0 -9999 -9999 -9999 -9999 0 -9999 0 0 -9999 -9999 -9999 -9999 -9999 -9999 -9999 -9999 -9999 -9999 136996406.81706092 0 0 0 8192.010385239673 784470.0695113236 3962600.266797596 5905483.262153265 4759954.373913169 3682368.44588826 12532970.249750027 53262861.75571665 44475655.46432172 9693150.960814027 19260268.76944111 66423359.647266895 58221621.27395752 64408428.167702265 64170937.07262759 -9999.0 -9999.0 -9999.0 -9999.0 -9999.0 -9999.0 -9999.0 -9999.0 -9999.0 -9999.0
-9999.0 -9999.0 -9999.0 -9999.0 -9999.0 -9999.0 -9999.0 -9999.0 -9999.0 -9999 -9999 -9999 -9999 0 0 -9999 -9999 0 0 0 0 0 0 -9999 -9999 -9999 -9999 -9999 -9999 -9999 -9999 -9999 -9999 -9999 68313927.58211927 0 56475476.51002336 0 55510785.819805115 112771464.05843845 20788116.197283193 8942169.821136596 8118188.495770139 15077228.721125053 29688434.951096658 52866718.64381304 111441373.16646 11170348.818109669 28150223.743317686 42296546.00852102 57341067.66124864 57724127.023010716 57745409.46116452 -9999.0 -9999.0 -9999.0 -9999.0 -9999.0 -9999.0 -9999.0 -9999.0 -9999.0 -9999.0
-9999.0 -9999.0 -9999.0 -9999.0 -9999.0 -9999.0 -9999.0 -9999.0 -9999.0 -9999 -9999 -9999 -9999 -9999 -9999 120009881.14179318 -9999 0 11668845.845238578 -9999 0 -9999 -9999 96649639.4207195 -9999 -9999 -9999 -9999 -9999 -9999 -9999 -9999 -9999 0 0 0 0 32565732.699500337 57734993.483571984 -9999 -9999 -9999 -9999 84897746.10711472 45258334.4457839 16444688.864372084 -9999 52646049.7482782 0 82354541.17340897 40475301.14578536 -9999 14052263.100459203 -9999.0 -9999.0 -9999.0 -9999.0 -9999.0 -9999.0 -9999.0 -9999.0 -9999.0 -9999.0
