Model Version1.4/trunk/output/2010/nman_crit_sw.asc
ncols 720
nrows 360
xllcorner -180
yllcorner -90
cellsize 0.5
NODATA_value -9999
[rows 196 to 223 of 360, columns 248 to 309 of 720]
-9999 53583285.31430495 -9999 -9999 -9999 -9999 -9999 42684705.45378001 -9999 44965009.39181392 45131795.33326311 54933081.80726115 47614760.93125386 33003066.45938147 66065240.41928198 222541331.4496092 277061144.32840085 256175768.76357448 63882010.617810845 38010184.952552795 34050026.640638426 28508288.154708985 23125697.52544734 30895690.762054063 17709208.389489923 -9999 -6099272.423296963 -9999 -9999 -2828161.0664997315 13726290.037919251 -1212323.273080462 -2931123.2167777694 -6090757.807322229 3651720.8448590096 22205586.497142114 10663197.368743874 -10095565.860851262 -5741208.988629014 4464809.24819067 5502699.300779526 78607924.97476026 50013864.76882541 -9999.0 -9999.0 -9999.0 -9999.0 -9999.0 -9999.0 -9999.0 -9999.0 -9999.0 -9999.0 -9999.0 -9999.0 -9999.0 -9999.0 -9999.0 -9999.0 -9999.0 -9999.0 -9999.0
-9999 -9999 38996035.60375036 -9999 -9999 -9999 -9999 -9999 44057500.4220531 34525752.96542645 45888523.68881884 62658822.552367814 68471938.84646824 39174718.11401083 47353458.54500121 219403648.85664386 255372958.72954664 247168967.19760522 64312223.8246193 45730296.55857791 32064929.891580556 24989732.024950746 11124938.15542383 10624868.34795841 22143063.6174539 17381614.739272587 9012390.657217955 -9999 -9999 29351022.6494574 40600397.75483466 -2295050.6683691163 -14277629.879540091 -30322913.868605133 -16660794.809993863 -8496711.866361266 -563372.2039764295 3680583.5976562677 16641110.628205858 37643373.6241762 59008612.794878274 138128777.52709353 -9999.0 -9999.0 -9999.0 -9999.0 -9999.0 -9999.0 -9999.0 -9999.0 -9999.0 -9999.0 -9999.0 -9999.0 -9999.0 -9999.0 -9999.0 -9999.0 -9999.0 -9999.0 -9999.0 -9999.0
-9999 41212822.55172795 45322077.48985166 -9999 -9999 -9999 -9999 -9999 -9999 54754543.8701393 54150872.72848501 62170182.18339726 75744450.78629392 238002114.62453982 68244032.66535532 82621713.90034673 274659705.3594302 84431321.64376803 66055447.556254394 50631068.90001835 32790277.032004748 13264138.33428406 21531529.724471673 16632011.71460294 11597194.014019145 18445603.75369477 -9999 -9999 -1880237.872918455 -10800135.59963716 -42519495.05789998 -140593366.1873249 -985960.5902867182 -1248721.867760705 -2477797.871672556 -34134887.409013286 -9999 -1214951.7490282361 36588645.30521931 55693134.30782458 73631857.05266917 162159503.61898237 -9999.0 -9999.0 -9999.0 -9999.0 -9999.0 -9999.0 -9999.0 -9999.0 -9999.0 -9999.0 -9999.0 -9999.0 -9999.0 -9999.0 -9999.0 -9999.0 -9999.0 -9999.0 -9999.0 -9999.0
63750406.1064978 62299986.433244444 60134085.8451049 61246774.31154576 -9999 -9999 -9999 60363933.131089404 48737858.385465726 41562802.245860666 69808590.25289717 80610338.23613985 81266077.71170664 256462686.8764235 288744863.62051505 59080161.872417994 259685828.05080435 83132085.0907084 48973846.311825424 37408093.513901435 42211291.10553811 20686154.261312544 21502938.605785575 12123390.499909082 16478142.613057235 -9999 -9999 -36354202.08643993 -10141169.292156959 -9999 -1254756.4022654786 9834152.688700855 -1672732.3328556153 -5428603.409362895 -1412787.2816945894 -1590368.4851065625 -4723567.551783056 -9843883.052490015 -1424155.954915219 48752352.24957405 61718873.65611955 -9999.0 -9999.0 -9999.0 -9999.0 -9999.0 -9999.0 -9999.0 -9999.0 -9999.0 -9999.0 -9999.0 -9999.0 -9999.0 -9999.0 -9999.0 -9999.0 -9999.0 -9999.0 -9999.0 -9999.0 -9999.0
72690879.0833703 60732732.79067105 61142264.38156665 62099041.02044804 69384389.42072897 -9999 71980846.34255202 74044715.38672887 71250520.73706178 67266288.02639954 75357019.06203477 80542285.37956062 89522989.67395045 273221156.3579789 62787484.90602293 55539142.35072954 186069469.74818924 261143329.69484988 57488648.88837339 48794392.78673457 30426709.560025677 9569390.896267446 17960595.39532493 6016616.694294858 -9999 -1060074.3744797057 -9999 -6026490.02644684 -8261812.479884189 -9999 18583015.62699251 3080833.0817863788 -9999 10032469.735803187 -9999 -2724193.5765701397 27493807.94246365 96611728.26131509 -28422570.966036346 94956888.44872966 -9999.0 -9999.0 -9999.0 -9999.0 -9999.0 -9999.0 -9999.0 -9999.0 -9999.0 -9999.0 -9999.0 -9999.0 -9999.0 -9999.0 -9999.0 -9999.0 -9999.0 -9999.0 -9999.0 -9999.0 -9999.0 -9999.0
66476852.11390127 72926484.89777984 62953257.22412381 73462021.72003189 76771266.73531543 -9999 82807887.14287543 85326864.88388713 99406898.71979567 75410170.20238815 77297103.50556634 95280023.69322732 72580982.9990386 221081993.88755512 213514824.62991863 38670975.02312277 49758988.687187865 210122721.34823355 -9999 36320023.5549243 18666132.68230499 21911278.399238084 30618586.2206151 4415092.4797600405 3903024.035745627 -1312961.6576480584 -41333664.31053084 -25959445.37542043 -4301579.961110052 11441639.839226367 18615133.90137715 -206479.06011295575 39037050.542688705 45056428.805033326 -3654713.9340322185 34658799.46020852 8743140.458726693 -14730249.483949773 145184930.84450495 -9999.0 -9999.0 -9999.0 -9999.0 -9999.0 -9999.0 -9999.0 -9999.0 -9999.0 -9999.0 -9999.0 -9999.0 -9999.0 -9999.0 -9999.0 -9999.0 -9999.0 -9999.0 -9999.0 -9999.0 -9999.0 -9999.0 -9999.0
44863126.90498165 42436531.57120523 63405862.4758703 77684167.1456577 -9999 -9999 80211059.8339897 79487888.50196807 92215390.61391792 100677350.5164566 91022477.90261476 95699739.2801149 60023852.224302486 186635437.25882676 193434542.91351575 219035081.83485097 129932624.3885529 129073393.23550865 55321603.41783374 60402946.48283777 128390258.14689222 108978271.35581891 62291853.635820955 76546194.16731751 28522810.197164726 -89554073.38089164 -1631051.4766648132 -3097119.3134242096 -54631440.609461635 -12157867.666060885 2160580.2809426025 55454699.27580968 195947584.17185113 -9999 39392328.746153645 74423351.03384523 81715553.14826934 176527465.40112224 -9999.0 -9999.0 -9999.0 -9999.0 -9999.0 -9999.0 -9999.0 -9999.0 -9999.0 -9999.0 -9999.0 -9999.0 -9999.0 -9999.0 -9999.0 -9999.0 -9999.0 -9999.0 -9999.0 -9999.0 -9999.0 -9999.0 -9999.0 -9999.0
63130262.78852292 84771797.59505504 79878848.0009814 67026659.28611669 -9999 -9999 77476944.15316322 76704397.55966423 68728758.93642853 279584979.45068693 93487344.33484219 89227788.44610782 43334747.0698365 148926547.1203343 59085518.353856295 216087225.26137114 166656473.11215436 129908911.31760678 215388261.09430003 48503841.896113925 69416094.14662535 96347308.2632995 56471570.06587777 84747133.55287185 37131129.49272514 19776587.134831335 -9999 6489899.952476543 16229235.146687035 -4005360.147910417 -2901038.5863264306 80102261.90337448 153642235.7126982 2735532.306619392 52742825.56654567 127862739.52597712 118672469.73434208 -9999 -9999.0 -9999.0 -9999.0 -9999.0 -9999.0 -9999.0 -9999.0 -9999.0 -9999.0 -9999.0 -9999.0 -9999.0 -9999.0 -9999.0 -9999.0 -9999.0 -9999.0 -9999.0 -9999.0 -9999.0 -9999.0 -9999.0 -9999.0 -9999.0
56479179.39124029 84715547.5514057 77502273.59788369 72657209.94525321 -9999 81300356.42478688 82810297.49621415 73817271.38731454 68985412.33432284 97079850.38408935 97730654.25030954 93764722.90838432 193220492.19545937 226616109.1752243 66682747.87517497 193556873.73842427 143883612.26480985 142156197.90149826 240419809.58187997 59933378.86212247 82704448.61028796 42454880.35846414 29079108.16705291 147601676.73962536 35993917.85813432 12889833.473725239 17514157.954336166 4217516.745148045 49479351.31213054 -2997437.8237238843 -2600431.1808354263 88070582.07351339 124027526.4062273 49735033.63024818 -54588403.91671553 20084665.94806145 183419672.61151764 -9999.0 -9999.0 -9999.0 -9999.0 -9999.0 -9999.0 -9999.0 -9999.0 -9999.0 -9999.0 -9999.0 -9999.0 -9999.0 -9999.0 -9999.0 -9999.0 -9999.0 -9999.0 -9999.0 -9999.0 -9999.0 -9999.0 -9999.0 -9999.0 -9999.0
184961183.98732817 84311536.98891774 72423116.58095491 75873475.48861824 64025465.12855707 79928127.5485973 72773373.82899041 76864628.6473036 85478913.55850929 111308453.4266903 86587938.25907364 235881158.88084152 185789971.66085237 232104982.80490652 176886295.60177332 41764532.63929895 138451946.30252507 185773675.51793393 139314371.1599188 41212740.01162168 84677842.26149632 74353204.82697527 75712480.31642354 94627743.29411528 -5981641.907388117 98356895.1070432 -2659795.7361098425 10995772.859636178 16023803.522840755 9805155.12212936 7890109.460048387 5445359.471005977 6696127.039389511 -10809622.565692801 4162063.8155834586 10598394.336459832 -9999.0 -9999.0 -9999.0 -9999.0 -9999.0 -9999.0 -9999.0 -9999.0 -9999.0 -9999.0 -9999.0 -9999.0 -9999.0 -9999.0 -9999.0 -9999.0 -9999.0 -9999.0 -9999.0 -9999.0 -9999.0 -9999.0 -9999.0 -9999.0 -9999.0 -9999.0
99666425.20103043 99311770.3671574 72520915.70030925 77867651.49416323 73675281.09657878 73332205.57047334 73962777.86880474 211982686.75827497 222913421.9280798 273041754.018372 278870342.28761345 207945739.47444367 186605857.34439012 179024507.0166822 185267973.52597052 47025795.023382425 139095744.3363456 99877316.5271602 137949850.92654628 156866100.33321822 90325136.10300763 240655314.1133382 219674745.7684281 138027668.68936092 155394452.71667582 148632339.52243778 9932614.549457407 11284267.162866304 1701926.6180692923 5811719.066900893 41590710.10361615 3578289.2272613896 691873.9926241569 36955783.105826974 55496125.2038499 -9999.0 -9999.0 -9999.0 -9999.0 -9999.0 -9999.0 -9999.0 -9999.0 -9999.0 -9999.0 -9999.0 -9999.0 -9999.0 -9999.0 -9999.0 -9999.0 -9999.0 -9999.0 -9999.0 -9999.0 -9999.0 -9999.0 -9999.0 -9999.0 -9999.0 -9999.0 -9999.0
87315306.9444451 72696745.96342018 39650529.99740538 61391310.09547077 176111737.71540198 192285409.53635862 176984954.50464186 191631418.80746666 189329857.88458967 101617272.91569777 265505227.04284096 213912253.72592264 185264184.64779073 175781870.67522827 47443834.518107094 46626574.76941202 30471765.63590003 23969897.852896977 21513842.87367129 202936438.4262543 83547549.55411106 63711951.192443885 54113122.32849517 95474432.82827736 36037049.77354264 109552791.34921184 90609642.87088512 27346334.231430344 6823372.089733524 5849389.166873569 10544754.586395774 -4320661.445569565 -8925852.869621633 26513735.04017319 325312835.1650893 -9999.0 -9999.0 -9999.0 -9999.0 -9999.0 -9999.0 -9999.0 -9999.0 -9999.0 -9999.0 -9999.0 -9999.0 -9999.0 -9999.0 -9999.0 -9999.0 -9999.0 -9999.0 -9999.0 -9999.0 -9999.0 -9999.0 -9999.0 -9999.0 -9999.0 -9999.0 -9999.0
41702222.25562379 107102585.62372693 132828426.45106012 129259952.40464732 128545330.85796362 156764306.37038746 156454804.5148008 192496310.31988993 245732235.24585465 263669549.01574668 235974190.2637029 208781069.6582712 188625747.28031623 168305692.28839618 152889469.88146135 156020264.23094544 42793016.36970647 34199204.268521324 36821553.22576496 51485609.287778296 91365073.73584348 58529386.35492343 175896138.34292236 129566047.17340851 83554281.4013061 187086173.11993068 85685614.46254827 101447682.040826 9559715.077817006 14844400.819427723 10551576.488719838 1753115.1072670927 -14388884.625759663 28963615.87738235 254244055.74869597 -9999.0 -9999.0 -9999.0 -9999.0 -9999.0 -9999.0 -9999.0 -9999.0 -9999.0 -9999.0 -9999.0 -9999.0 -9999.0 -9999.0 -9999.0 -9999.0 -9999.0 -9999.0 -9999.0 -9999.0 -9999.0 -9999.0 -9999.0 -9999.0 -9999.0 -9999.0 -9999.0
141721330.38046536 73142666.95293823 71977384.69610065 74368271.20138918 92201961.37622488 164187229.45414957 150598787.3060625 252223790.8656225 263179873.05539834 270467603.49491763 232254275.20428112 162821821.7079124 45015710.71623164 121770787.36734545 171081330.0958061 160412789.1772556 39216731.225009836 29666021.884705495 19684983.74350488 37799236.49646514 201416255.34502572 136360688.74795985 55527958.509878725 134797636.99594948 45395727.95851348 157891689.1790575 89985545.43200532 115641999.08763194 62589469.23353655 55998135.39989415 6766809.292495025 2522571.139352895 44677237.652395785 29145159.823166862 -9999.0 -9999.0 -9999.0 -9999.0 -9999.0 -9999.0 -9999.0 -9999.0 -9999.0 -9999.0 -9999.0 -9999.0 -9999.0 -9999.0 -9999.0 -9999.0 -9999.0 -9999.0 -9999.0 -9999.0 -9999.0 -9999.0 -9999.0 -9999.0 -9999.0 -9999.0 -9999.0 -9999.0
107863269.71484238 94537582.85956037 99513932.52762875 169136390.62839818 156631322.99405804 154220601.72591832 167962769.38670182 183844204.51282257 245796343.63078237 270369424.7837472 204038320.16621628 135646647.5847802 98308983.48047596 91767820.4500369 56260952.045838475 46617499.794074506 36963914.85164977 95384182.20492455 12036645.990038164 9397920.177617522 211175819.2524224 71780862.29041412 69660749.3008941 99267002.24855489 134502655.43947726 85493934.39723869 27358799.99324711 111189192.47612338 20071371.615218136 73647545.67556842 5486906.865342827 8817907.160490511 16578651.175527902 32461927.919679355 342711895.0489248 -9999.0 -9999.0 -9999.0 -9999.0 -9999.0 -9999.0 -9999.0 -9999.0 -9999.0 -9999.0 -9999.0 -9999.0 -9999.0 -9999.0 -9999.0 -9999.0 -9999.0 -9999.0 -9999.0 -9999.0 -9999.0 -9999.0 -9999.0 -9999.0 -9999.0 -9999.0 -9999.0
124149963.21054906 115930003.29297645 178498369.15925053 149796763.682125 144397590.78464174 170680411.56483823 168836691.8835891 138321430.03019235 198363634.92106205 162616083.38989472 203246904.29361618 46695813.19160833 123075698.85448375 135945436.73213345 125970952.1919921 101298364.6758082 38882282.21713021 106471822.14831124 123798375.89488012 17580023.531915754 58945796.774097644 252976531.89390934 225265614.27763608 107806397.79675385 118348491.18771236 105068433.73620322 50513012.06811297 89530398.21737413 132638905.48830411 51880108.84494597 -2432360.390158918 10648866.734732741 16386575.537944125 32838042.80882138 187671192.01835078 -9999.0 -9999.0 -9999.0 -9999.0 -9999.0 -9999.0 -9999.0 -9999.0 -9999.0 -9999.0 -9999.0 -9999.0 -9999.0 -9999.0 -9999.0 -9999.0 -9999.0 -9999.0 -9999.0 -9999.0 -9999.0 -9999.0 -9999.0 -9999.0 -9999.0 -9999.0 -9999.0
204087237.3676434 113915968.32600605 122469115.57525297 163158276.57014883 165291263.9222308 178885109.76172316 150954274.77665493 151199948.85927832 147124441.67826626 108581629.42985637 113434227.48875363 110167297.52399136 77556096.0780669 84668227.14930436 74733007.47348776 104647678.53147812 93355779.33553328 125817174.0355239 83791612.95859417 96637670.98357001 33964013.08202073 221042702.285942 190520335.79979268 154684106.17024764 83496635.0558971 16022998.576006742 85813365.85959591 50548649.192246914 72665314.39586326 23807392.8178135 25707960.086683307 9453549.747871637 50653130.991124205 74294846.49698593 198744578.5370706 -9999.0 -9999.0 -9999.0 -9999.0 -9999.0 -9999.0 -9999.0 -9999.0 -9999.0 -9999.0 -9999.0 -9999.0 -9999.0 -9999.0 -9999.0 -9999.0 -9999.0 -9999.0 -9999.0 -9999.0 -9999.0 -9999.0 -9999.0 -9999.0 -9999.0 -9999.0 -9999.0
373809372.0886378 165799946.7112525 95666186.26246673 132799656.10783917 148503348.1130008 180546112.1337466 159678248.50397694 162885463.59933913 105069077.41706023 90781758.753276 96315877.37379508 109199778.77889673 66512070.27048014 -37396772.844293594 65624729.554226734 70304627.64538355 84590627.61740701 147385145.77236703 159447461.9085633 154664311.91910204 31586546.64771196 192485977.2140409 109417337.30968584 167062382.51908508 73676199.50615644 16823288.77487532 18290095.69277542 41779931.62864484 37681154.39022572 31349723.137210418 22305786.75286453 29203432.44684831 14335884.739909861 227176543.70867622 -9999.0 -9999.0 -9999.0 -9999.0 -9999.0 -9999.0 -9999.0 -9999.0 -9999.0 -9999.0 -9999.0 -9999.0 -9999.0 -9999.0 -9999.0 -9999.0 -9999.0 -9999.0 -9999.0 -9999.0 -9999.0 -9999.0 -9999.0 -9999.0 -9999.0 -9999.0 -9999.0 -9999.0
155828453.74319947 288105572.0793563 115939643.44686128 133807303.73063184 181412021.5256812 152151669.25590175 136392468.20500314 139328438.67289844 121208211.72459175 124259145.44370922 140496226.77430785 109965281.2067113 89989080.87749219 97406194.81783594 82609506.68912005 101978607.63180612 96742166.39798582 137098052.49130848 169867119.2062576 197180126.78737304 216608664.04335284 238695675.22067234 134671668.72445193 122256134.7777731 127734035.91316964 15203223.545160402 85349144.2198837 70480091.11727136 21065039.18991747 12944684.008682953 50304621.67560892 9525234.917361515 14466688.937963897 90484529.59121005 -9999.0 -9999.0 -9999.0 -9999.0 -9999.0 -9999.0 -9999.0 -9999.0 -9999.0 -9999.0 -9999.0 -9999.0 -9999.0 -9999.0 -9999.0 -9999.0 -9999.0 -9999.0 -9999.0 -9999.0 -9999.0 -9999.0 -9999.0 -9999.0 -9999.0 -9999.0 -9999.0 -9999.0
302288667.5517294 334059736.90786254 113348954.9071975 135291041.68381742 148198147.54192206 129357661.02389279 131640627.33360377 116407749.82098933 114410676.5331529 136938054.19102633 123510414.9070668 100371189.50702608 71520775.54387279 60717609.18369029 84891193.75407556 42324344.665863015 34463594.93633137 83845740.40690158 161101596.34665123 204502111.2627213 48008474.041113056 180562606.66132507 38002294.364143096 29071249.732972495 95009874.12960866 116951654.82932062 104304486.8870063 57185776.44087549 22750534.004353113 43409949.62959838 49312947.74702393 83135075.41912533 54625318.12516037 100879907.08995984 -9999.0 -9999.0 -9999.0 -9999.0 -9999.0 -9999.0 -9999.0 -9999.0 -9999.0 -9999.0 -9999.0 -9999.0 -9999.0 -9999.0 -9999.0 -9999.0 -9999.0 -9999.0 -9999.0 -9999.0 -9999.0 -9999.0 -9999.0 -9999.0 -9999.0 -9999.0 -9999.0 -9999.0
481013707.5830608 479460235.7593468 176717311.40550286 173757716.55866608 145772306.55174014 133458638.96566756 140795790.6826098 131904056.09192967 139391394.20210096 173007247.7111008 106408346.9169522 111694571.4367607 75152105.44825299 68796582.28771047 90518741.77538785 100560802.79351799 87150714.87163113 62617214.27090525 120613800.19989432 169559644.69681635 47937121.78228799 35614345.21736979 192495684.30388057 114350377.11233337 19941494.298089806 103484245.59210354 75646044.33656038 49035559.60759038 38636528.39778535 44957549.92287301 50145839.686261386 81655014.45190023 61978578.7325544 -9999.0 -9999.0 -9999.0 -9999.0 -9999.0 -9999.0 -9999.0 -9999.0 -9999.0 -9999.0 -9999.0 -9999.0 -9999.0 -9999.0 -9999.0 -9999.0 -9999.0 -9999.0 -9999.0 -9999.0 -9999.0 -9999.0 -9999.0 -9999.0 -9999.0 -9999.0 -9999.0 -9999.0 -9999.0
171415670.69908142 449686417.00460714 93960489.21040264 126082703.70040625 151550333.11526495 124953806.37690185 137949133.59709063 154824325.99476817 170316652.28793496 136365331.41978955 113145978.58831753 123008510.24600169 92625847.23434886 88076378.79867016 100327190.10813074 36981764.12900688 70073255.97935285 89909042.26788947 57101116.77317936 140647473.55774006 44194942.66974293 122544972.3171327 140699760.24501228 110842939.77353498 87748744.3446224 84700507.76301552 98277031.07659435 69881918.96477772 20193924.575703688 33262713.511579003 30037018.244687118 92305205.04480241 118163635.16406693 -9999.0 -9999.0 -9999.0 -9999.0 -9999.0 -9999.0 -9999.0 -9999.0 -9999.0 -9999.0 -9999.0 -9999.0 -9999.0 -9999.0 -9999.0 -9999.0 -9999.0 -9999.0 -9999.0 -9999.0 -9999.0 -9999.0 -9999.0 -9999.0 -9999.0 -9999.0 -9999.0 -9999.0 -9999.0
380221447.39834493 157140268.1844704 90273429.47968636 103116449.81197788 129728672.21404645 127049100.51668596 148311081.91281396 166249907.08150837 90263718.40435661 139245495.2215131 136773087.5541981 125834834.4655815 115679311.72011663 139325627.48849657 129501024.81789917 117007601.19279097 99429542.5780102 69384724.34754486 52635515.61090426 65029873.10310427 151499523.66078287 115098967.72388604 96434675.47402582 98664750.2878925 25657577.35503839 63450148.118078746 51548223.830969386 53897425.89121546 34616584.91081676 32065215.161837764 39192688.43096878 45283730.652333274 225658103.24607053 -9999.0 -9999.0 -9999.0 -9999.0 -9999.0 -9999.0 -9999.0 -9999.0 -9999.0 -9999.0 -9999.0 -9999.0 -9999.0 -9999.0 -9999.0 -9999.0 -9999.0 -9999.0 -9999.0 -9999.0 -9999.0 -9999.0 -9999.0 -9999.0 -9999.0 -9999.0 -9999.0 -9999.0 -9999.0
101304375.56026919 85762135.18073489 113480355.78568804 122868312.25085166 125732947.54419811 179370602.33048102 166708077.78500006 152905733.704076 104790810.03693894 108028836.67680839 152980712.9037986 124609691.58401029 136357024.885561 109857263.16135037 88382857.20054941 104027132.47859176 67256477.68662763 65767253.98877824 69945639.46877791 118661838.89633869 116039212.26101674 91323773.26859912 62788356.87739895 -49801766.23696895 -63703077.9489042 51180684.03683464 52226456.89108188 44088099.344413266 52405522.64505845 35919708.90591888 28787790.289257646 98695733.1617133 152920570.7347121 -9999.0 -9999.0 -9999.0 -9999.0 -9999.0 -9999.0 -9999.0 -9999.0 -9999.0 -9999.0 -9999.0 -9999.0 -9999.0 -9999.0 -9999.0 -9999.0 -9999.0 -9999.0 -9999.0 -9999.0 -9999.0 -9999.0 -9999.0 -9999.0 -9999.0 -9999.0 -9999.0 -9999.0 -9999.0
72663416.5165909 68794608.05784927 25222018.0748012 113243445.57122226 169745475.097395 135040181.6472557 155040870.6562722 128715381.95611757 146275803.906815 67426621.70184723 92151321.90258004 142365809.46804643 152786190.8500718 83631917.44784665 77142109.4620007 64780488.809697576 65901051.99374156 68350303.05196923 57000701.82197507 67676154.76372883 82445601.24086481 69491388.2692784 50691745.22015921 32011086.558386404 22755314.84104154 55857252.91375031 52680925.79441639 36802095.036203556 29784530.90265309 25981922.208073758 38246155.59521802 -21292813.260041915 -9999.0 -9999.0 -9999.0 -9999.0 -9999.0 -9999.0 -9999.0 -9999.0 -9999.0 -9999.0 -9999.0 -9999.0 -9999.0 -9999.0 -9999.0 -9999.0 -9999.0 -9999.0 -9999.0 -9999.0 -9999.0 -9999.0 -9999.0 -9999.0 -9999.0 -9999.0 -9999.0 -9999.0 -9999.0 -9999.0
98212786.47810005 101214515.1947829 82530223.7023109 113406660.0164976 135516165.3383717 133842195.22447918 114863230.63507043 124047562.32412212 70788321.25678329 39847319.85441174 45108697.919125445 130891405.63507645 142768039.600125 76773218.49257831 68837564.35488719 70244221.98225698 68698153.17233905 62369030.54340314 54323285.7890977 46433572.18668976 45611432.959300905 50470126.9249287 70747441.32598232 23370672.843511056 32590620.21026579 71815732.71377903 46649820.472857125 33075076.881699294 38219955.60026984 25862597.57370735 33563806.1810796 -9999 -9999.0 -9999.0 -9999.0 -9999.0 -9999.0 -9999.0 -9999.0 -9999.0 -9999.0 -9999.0 -9999.0 -9999.0 -9999.0 -9999.0 -9999.0 -9999.0 -9999.0 -9999.0 -9999.0 -9999.0 -9999.0 -9999.0 -9999.0 -9999.0 -9999.0 -9999.0 -9999.0 -9999.0 -9999.0 -9999.0
109830291.77415302 97083268.31555489 109333966.19766532 107695238.36838341 133199880.70227806 118206792.02450095 113409131.8919669 119776541.30477089 22795021.852106187 119760249.50463472 76276500.28016612 -5945646.405198093 118536003.23118937 93164220.17815088 98306545.49032085 58881084.0034008 30736841.902851194 80136120.62803441 64582978.805241264 55998403.01913488 46964798.27473127 55893990.33567654 57879084.11093702 79537210.65111658 57160046.88585574 78105353.36297688 42220663.37655643 50158351.86876973 41346240.26611065 56510431.58165398 203549244.71160224 -9999.0 -9999.0 -9999.0 -9999.0 -9999.0 -9999.0 -9999.0 -9999.0 -9999.0 -9999.0 -9999.0 -9999.0 -9999.0 -9999.0 -9999.0 -9999.0 -9999.0 -9999.0 -9999.0 -9999.0 -9999.0 -9999.0 -9999.0 -9999.0 -9999.0 -9999.0 -9999.0 -9999.0 -9999.0 -9999.0 -9999.0
93917426.42128642 89967491.29867485 109306331.45384115 109152693.04549652 130253275.31132878 130588235.84102033 129774622.79293104 29134551.384516828 77019514.0828639 158574.82891247244 82313159.66584298 110707454.65748988 94389082.32493089 97555355.94848546 89333473.46973145 60133441.3474136 76273115.23784204 71836384.34033673 29618531.665660717 51896312.96027937 48705604.55017108 29226319.315493703 17100489.897380345 80092916.13056977 61394386.904992975 48595771.74309241 55446071.04340433 39195093.88243043 27965552.762830187 -74361955.50718762 -9999.0 -9999.0 -9999.0 -9999.0 -9999.0 -9999.0 -9999.0 -9999.0 -9999.0 -9999.0 -9999.0 -9999.0 -9999.0 -9999.0 -9999.0 -9999.0 -9999.0 -9999.0 -9999.0 -9999.0 -9999.0 -9999.0 -9999.0 -9999.0 -9999.0 -9999.0 -9999.0 -9999.0 -9999.0 -9999.0 -9999.0 -9999.0
