Model Version1.4/trunk/output/2010/nup_crit_sw_agri.asc
ncols 720
nrows 360
xllcorner -180
yllcorner -90
cellsize 0.5
NODATA_value -9999
[rows 196 to 223 of 360, columns 372 to 433 of 720]
-9999.0 -9999.0 -9999.0 -9999.0 -9999.0 -9999.0 -9999.0 -9999.0 -9999.0 -9999.0 -9999.0 -9999.0 -9999.0 -9999.0 47461429.174602866 69482920.46679477 49221291.39845761 59415271.50838891 100883049.17920642 -9999 -9999 89446942.0903917 -9999 -9999 -9999 114496660.03465411 108964043.71746235 138532328.67128867 95722032.85781036 -9999 -9999 -9999 -9999 180633909.39015657 329262989.5801792 -9999 456614810.4543613 258432532.5446904 452664305.4807411 222124393.09335268 139433345.5853097 837196.5361071203 200262754.67090347 -9999 387073106.4894213 96357835.66428967 225262591.4438707 236995310.67034602 281701694.4979862 11947.197038856206 52752925.037173554 50136953.86633497 58388301.53650976 254397.21447222022 23759730.532008477 121099251.70127326 187066546.23663583 34374083.800122514 69949993.00874427 87256935.34990203 140786848.35835305 187359526.03835046
-9999.0 -9999.0 -9999.0 -9999.0 -9999.0 -9999.0 -9999.0 -9999.0 -9999.0 -9999.0 -9999.0 -9999.0 -9999.0 -9999.0 153532.34102571828 29975427.733701717 -9999 62257139.430941656 88684667.52417448 124846766.1841989 -9999 87328822.22536696 47441000.12117071 -9999 -9999 127965577.92678301 119837946.83944166 -9999 -9999 -9999 105923452.96999867 -9999 -9999 -9999 568654189.6147137 595358721.3247215 344048728.08188534 473900278.8577244 64042468.9269644 207634210.38047102 130493655.87118143 -9999 -9999 -9999 148700394.5721701 75828.21775205238 59757358.41071424 10316.838775093529 -9999 48118622.19708112 31722266.72007449 51717627.29558367 41003216.38040851 7404559.345663072 49492269.18494821 81436206.38384752 60424312.93162632 30074984.88073311 82278255.28931907 25245783.06398837 196062051.9629227 129241660.38119544
-9999.0 -9999.0 -9999.0 -9999.0 -9999.0 -9999.0 -9999.0 -9999.0 -9999.0 -9999.0 -9999.0 -9999.0 -9999.0 -9999.0 39376082.011723764 49348193.21516411 -9999 37650489.12861588 65749459.283481084 58166539.61912554 117777436.76331761 -9999 125599132.87880854 -9999 -9999 -9999 -9999 126946664.27494599 -9999 112700013.9324351 116935615.39639245 68469085.39250652 -9999 324973978.4835005 789938843.8747451 594977777.4766623 510879095.8471048 -9999 317183942.6792153 25626917.70396006 112008191.81428412 -9999 156373693.12047 415393062.38706815 23183012.15812094 128345.28921893863 169402529.04582903 150872514.91536656 146389441.44946185 160499793.8663832 175197408.98657852 63795883.958517864 104436809.8051685 1756924.6324658387 24329944.598201197 20455617.902619958 54345645.45044047 62493678.65207595 121191330.221483 4381689.360011344 120267069.05036251 -9999
-9999.0 -9999.0 -9999.0 -9999.0 -9999.0 -9999.0 -9999.0 -9999.0 -9999.0 -9999.0 -9999.0 -9999.0 -9999.0 -9999.0 134402240.8431807 126242539.72392684 51483728.40384912 47751738.84296064 76286685.3124799 -9999 109650371.11734359 -9999 27016351.89640842 110906544.00493257 170938199.5844712 -9999 -9999 -9999 131433042.92740215 134610024.51099378 128962111.4161594 -9999 -9999 240240577.12365946 375150786.8181349 398471333.40417933 474318663.32313454 -9999 -9999 247382365.60379705 134341194.16139644 454136736.0690884 74192905.93067949 398498667.037961 1367592166.5391634 263997854.81911027 147614662.4237561 134254885.77005816 174726813.46941367 172479176.71304306 200064264.7792747 23172997.922569163 93348596.76792957 99676527.82335371 34415350.60554349 11762273.582679875 137062.5728685299 94184082.8782627 71603785.39613509 -9999 -9999 -9999
-9999.0 -9999.0 -9999.0 -9999.0 -9999.0 -9999.0 -9999.0 -9999.0 -9999.0 -9999.0 -9999.0 -9999.0 -9999.0 -9999.0 -9999 113790221.74151458 -9999 37352416.495741665 -9999 -9999 -9999 -9999 140819950.4370139 -9999 -9999 121395206.24233416 -9999 134448740.66632327 165506992.69988114 167969368.4690939 -9999 -9999 75611062.49190769 468288155.72364074 331233522.4316244 -9999 113492512.5733218 211274978.55413827 144592543.30347702 319586854.5289067 253596244.31488466 423269704.9604519 346384206.3945829 -9999 566927975.9518209 133061401.03760073 149706230.45067224 160472995.86991242 189716612.72629952 143061533.7011443 186532479.07513195 55756682.287895344 117861609.436427 73725264.81263967 15816765.758471685 28572574.00991249 125997.64546365099 83313763.31937762 98751279.92523459 111726044.452459 97033024.00449355 -9999
-9999.0 -9999.0 -9999.0 -9999.0 -9999.0 -9999.0 -9999.0 -9999.0 -9999.0 -9999.0 -9999.0 -9999.0 -9999.0 -9999.0 -9999.0 64015228.796043605 13958199.918817451 39300624.91856962 67856481.61730297 101464286.79889038 -9999 -9999 -9999 -9999 -9999 -9999 110769701.67113157 168338034.4903836 156238165.9572338 180818999.2859505 149985789.81323224 -9999 60279496.075652756 293388704.80282414 397120176.43328595 313862739.4484999 391753373.2336767 392174910.3102989 295297656.70770186 353993023.8769628 285018298.0393064 281667202.2525365 118410832.7492611 144031625.0891916 941381524.7271798 147362128.25711676 184338387.07004923 294746044.5006033 244245547.9150594 -9999 205387975.358563 209272384.12411118 99017913.13911483 -9999 28460476.833742782 18625428.86090886 11743798.399003016 77921453.87568146 80958532.18653867 43311492.86890389 109765123.62864712 156244336.78203192
-9999.0 -9999.0 -9999.0 -9999.0 -9999.0 -9999.0 -9999.0 -9999.0 -9999.0 -9999.0 -9999.0 -9999.0 -9999.0 -9999.0 -9999.0 35805766.84326815 75234.88207203128 38081138.09122398 38658998.92468018 104297292.36109608 146094231.29025617 92474169.86506669 -9999 -9999 -9999 -9999 128221655.45041583 123920936.81503862 144314998.58933645 144406435.58575335 562190742.8222673 594889930.2390275 135112527.78693345 132987680.92840084 150491610.74326515 -9999 158438005.82995424 -9999 841010795.0147412 693964874.9754231 -9999 440856097.29633814 538609874.0941038 870684706.2005563 10185.885300816139 173690053.5273549 205091910.52299625 131981908.83251168 -9999 233446802.1782001 207348010.30304414 174144666.5705526 72631270.12716605 -9999 652284.845958885 14644531.483651796 24083505.135250736 63844482.45186233 77902613.09795097 165212819.17262918 166052054.73041612 171169331.4031686
-9999.0 -9999.0 -9999.0 -9999.0 -9999.0 -9999.0 -9999.0 -9999.0 -9999.0 -9999.0 -9999.0 -9999.0 -9999.0 -9999.0 -9999.0 11093947.126877999 26129610.64356284 47751938.81650278 66279427.79771289 56279127.83583081 74704594.02081993 66113346.895524696 100896644.73911177 -9999 -9999 -9999 -9999 124342126.32374313 144208407.6752424 185868999.42454666 -9999 -9999 348432944.81844157 443269995.61039126 -9999 -9999 112354685.96025409 -9999 -9999 -9999 -9999 -9999 1515554339.610917 490370347.9189044 -9999 206013843.89397103 197451638.1942757 1075406617.88979 -9999 229051117.47386527 216672282.6628716 121839656.73172595 40824407.64492559 83780246.14143997 65973158.28093025 18186741.944803417 42424351.13007663 11183.939762412303 201025498.26399714 258667708.23260605 236097943.92196715 217666584.16907746
-9999.0 -9999.0 -9999.0 -9999.0 -9999.0 -9999.0 -9999.0 -9999.0 -9999.0 -9999.0 -9999.0 -9999.0 -9999.0 -9999.0 -9999.0 69919.95493586233 83243.96523892689 45594395.15172646 59356487.94520212 63762631.91374388 77449264.22562668 45455862.896109514 69898043.17025396 101721705.14619741 -9999 134461820.3758092 130957987.28786434 -9999 160352813.47476363 488664423.4278107 526850904.80499285 297443384.49332476 189675193.80369383 -9999 -9999 -9999 -9999 -9999 -9999 190558599.77154723 193202976.96161422 -9999 -9999 11897729624.380299 160464.1565184119 6083703001.061592 220190571.46517622 253242432.03944224 -9999 -9999 88285735.64167978 61205827.28462949 -9999 64861969.54114044 108750379.22720437 26019437.778312806 51514.62039433489 177187580.08165142 204964310.72556815 183546229.7889519 178812910.04466078 -9999
-9999.0 -9999.0 -9999.0 -9999.0 -9999.0 -9999.0 -9999.0 -9999.0 -9999.0 -9999.0 -9999.0 -9999.0 -9999.0 -9999.0 158927.0704990484 111544.9316442492 10015461.748123314 39438330.042374566 38821798.92371343 36905210.43058079 76327627.80085064 63606581.001413226 95955844.7433658 109188496.4200965 128878398.10849062 131279851.17821549 137285853.2576517 142548025.34948307 158408500.6998966 166763973.00879538 705977918.0350627 549615610.5850042 415781613.46326405 239980396.83870348 -9999 126139904.68626757 -9999 -9999 -9999 -9999 -9999 -9999 -9999 156734733.96028033 192527423.0420746 742953.7363276365 958711965.152611 5729172900.597864 162390753.3723056 117009097.87521747 51889197.62531618 -9999 -9999 51695410.97784565 26800336.904291596 19203321.514547575 44681617.47225582 123908710.4751367 123707433.84531663 145784604.6807857 81735084.65383469 -9999
-9999.0 -9999.0 -9999.0 -9999.0 -9999.0 -9999.0 -9999.0 -9999.0 -9999.0 -9999.0 -9999.0 -9999.0 -9999.0 -9999 33725045.383622676 30045983.663787887 499382.7350200906 29983218.292773757 42524966.96586912 69561512.52573055 74069168.92869917 48481625.63499829 23375780.53656491 -9999 110723012.427835 122274138.5832958 136244421.09700516 139799928.04798633 85372305.09168436 -9999 174848727.4665444 1038022978.0396394 1765422304.8856757 604775088.9823453 175891181.58063352 192543395.18204072 223758060.62990463 78643871.75332607 109390815.00088058 119152509.44608979 -9999 -9999 226700534.34241053 212096316.32267752 152048489.83081567 186769252.200027 1196635738.12209 150057000.8064404 103691794.95684734 140979408.366559 47409570.5167083 -9999 66255635.039472066 40325434.37628661 33697504.490526944 6121853.276671706 31347085.784059737 55836503.12429744 110816551.93866497 105820761.9460332 163249756.13654116 179945295.57334012
-9999.0 -9999.0 -9999.0 -9999.0 -9999.0 -9999.0 -9999.0 -9999.0 -9999.0 -9999.0 -9999.0 -9999.0 -9999.0 1715.576418030231 64.21017397152403 36936.911923336105 33525618.132611465 31198737.27592085 47231309.68211283 71662532.04057796 78081081.29316998 6812.22841737627 26199288.16046681 -9999 118608531.7952225 123563443.1332296 134847633.43402904 71911916.87116954 80495449.33232819 79267893.80258575 107179120.42707531 140746139.30838972 950910925.7746644 874172232.3057944 175099536.73276153 204000102.4522371 1590.0572052188013 -9999 209493797.18431756 136023943.91519696 -9999 244860837.26929015 465309152.2094528 202524685.64889744 159828702.5108828 84945654.04694387 90893054.59560855 62107948.03948985 138411085.80951226 31079890.00892383 90264534.58690482 53893018.99469427 20225186.22770092 13716379.709209409 25556633.69470034 12024101.957405707 35053996.72913038 103110.88396708822 62152115.36622905 126118025.80322535 215408681.34523785 127750117.64875402
-9999.0 -9999.0 -9999.0 -9999.0 -9999.0 -9999.0 -9999.0 -9999.0 -9999.0 -9999.0 -9999.0 -9999.0 14670.293956215 1528.007531990609 11181161.843366489 27215172.56413967 33840299.175713755 159034.67351740532 44064704.3820885 -9999 61886284.74738099 -9999 16978470.719349172 81341887.66852318 101048233.54100382 82256356.83991013 123536531.17570642 40359402.089070275 143335954.53181857 -9999 -9999 174549187.4851178 -9999 -9999 752023427.3106456 295544687.81648946 -9999 179852210.796367 202040637.80867422 -9999 -9999 -9999 224871534.431292 124351481.16403782 112123356.16021788 42545077.33577257 58824228.899926275 101152665.0581988 19754363.9870261 20424904.955056842 71075820.9508736 39788942.389404155 34588982.30375132 93185246.85583909 72399154.0502958 24226222.120516907 22087255.111384153 278369.2378010411 4028976.436515982 3727730.598255126 13423092.870456474 107156.60638221061
-9999.0 -9999.0 -9999.0 -9999.0 -9999.0 -9999.0 -9999.0 -9999.0 -9999.0 -9999.0 -9999.0 -9999.0 -9999 278.85995389009446 22182130.36112123 28716058.309463236 1352897.9312973388 22287623.272383627 50481174.67970455 76170283.0100554 89143452.17152399 78835653.13003668 15651427.066735435 69702197.10790783 67837625.54134974 104543369.6778322 102055402.1422729 33112816.05835698 -9999 142849689.68700013 -9999 -9999 -9999 -9999 608575188.8099608 586335017.1520106 236457947.8878799 129675417.23960437 159920307.1383841 -9999 -9999 43903628.437334485 111083794.66188413 175183823.24092644 155010277.13228524 38205432.05289731 13076182.120237969 -9999 27845.289116201995 43449237.300614916 71206465.75337154 30676018.159110136 20262019.530706435 65512842.83864432 94769061.68246175 57184154.69451252 29197789.949807856 29586487.61000042 17822872.50114679 36931928.909646794 21672960.6944284 56467119.3831196
-9999.0 -9999.0 -9999.0 -9999.0 -9999.0 -9999.0 -9999.0 -9999.0 -9999.0 -9999.0 -9999.0 -9999.0 10342.003049604324 23131285.760416187 10355576.549979396 34464574.71869027 236977.4414875829 -9999 281884.31686445116 122379.89162230144 72646335.25212407 79731.5321492268 10988441.107757103 24943651.210541748 57855001.13946497 150658813.2257458 14167768.13861333 512278254.1409726 -9999 -9999 -9999 -9999 399406623.3723719 87423.68745961232 207244084.7371211 499986289.09367085 387348374.15266013 346650536.58371335 -9999 -9999 42070965.11390491 13322377.365433095 112872768.60366975 153848543.5146114 385405.1181297459 35807475.989287265 27480280.53174019 -9999 69241.08090121656 21975854.86569683 51967428.433375485 48094831.94231679 55014324.1995049 31025175.77343635 90534190.73989066 40700626.16715797 59337802.95399539 33299487.999831777 20441948.272849206 67380067.11375941 137958359.95539108 61109446.430722356
-9999.0 -9999.0 -9999.0 -9999.0 -9999.0 -9999.0 -9999.0 -9999.0 -9999.0 -9999.0 -9999.0 -9999 -9999 -9999 824.1005893706877 384193.4628349976 40630.267886664136 38895.621080686215 53925.214095487616 248735.02039125483 101074013.13652818 53969702.11760013 20413486.497878306 9778940.529365733 -9999 -9999 -9999 -9999 -9999 -9999 -9999 218820150.46836415 880030544.9457059 166164398.12892854 148082231.9291333 816263979.1065252 -9999 -9999 458200589.2017864 -9999 139150547.96176118 380949389.15991193 -9999 177262168.7900579 80304081.77893838 64377772.46391171 -9999 -9999 36569.30712004937 86891076.23480165 64818515.849505335 4410404.673997738 367328.5738282595 60548344.73188808 51623849.870845914 30587350.17797643 44512725.49530312 17877589.00827154 2808604.7082609027 32879694.715962037 151757346.10194016 109174305.90466914
-9999.0 -9999.0 -9999.0 -9999.0 -9999.0 -9999.0 -9999.0 -9999.0 -9999.0 -9999.0 -9999.0 -9999 -9999 -9999 42442.382791985736 291294.1304834309 605823.1160830124 336869.1680048979 20394.69807302152 227537.98902872522 125647.74350992755 117705.4688792822 -9999 -9999 -9999 -9999 -9999 -9999 -9999 -9999 -9999 -9999 -9999 -9999 -9999 -9999 405519377.42062014 357874114.509907 475375278.33153844 -9999 207778263.5111902 144179704.3746112 56128031.88314641 45942213.88673681 33908378.03503384 42373551.034210496 10264167.72438969 28437709.362924993 7010067.98760319 19178.88395504772 7478590.609627947 4231410.626601631 49242890.45633576 17029292.320658036 36247927.706809305 34109542.81573151 45678647.82826256 51333655.7074742 16772630.257411264 105223665.60044892 54233540.52909199 53766160.95046352
-9999.0 -9999.0 -9999.0 -9999.0 -9999.0 -9999.0 -9999.0 -9999.0 -9999.0 -9999.0 -9999.0 -9999 -9999 32911263.615802318 8878.802112958016 56429.093903976594 186301.47242299546 129432.61674607746 209072.9754785568 303088.8390103826 9756.740576025724 -9999 -9999 38521.97448518607 -9999 -9999 -9999 -9999 -9999 -9999 -9999 -9999 -9999 -9999 -9999 22286.253350773226 161916511.16640148 380519620.3220291 584197661.2273462 -9999 464433.90667008644 618624.7063975581 8408669.302500406 146980.87524712156 55129.488823555555 -9999 19383424.26052898 10150921.428289033 34855831.840636656 26852946.082336366 19120847.627571765 33636095.963732176 6412744.401299187 25118518.348675802 82280.95227422567 56886936.012453526 31061903.93131726 156310626.52329633 148617905.06944305 123180190.70565358 133316666.67888919 71209728.65826969
-9999.0 -9999.0 -9999.0 -9999.0 -9999.0 -9999.0 -9999.0 -9999.0 -9999.0 -9999.0 -9999.0 -9999 -9999 -9999 413.41608046001875 7567.380018263635 -9999 79527.55360398612 22673.542839306574 64017.07503272685 190243.1663516041 48750209.0168467 234126.58790057435 169788.44090071443 231051.73570513853 159968829.79682755 -9999 -9999 -9999 -9999 -9999 -9999 -9999 96249.66795987535 -9999 -9999 141347403.4124615 633817165.6344621 571081197.1019528 498680.7037437359 316305.2677181474 5746664.653521292 34205593.19727815 4656.514680616056 30684814.04294113 115399.13640345506 37987266.79778295 16781934.499977786 37081560.72188242 66595281.06566169 41420634.78404871 9315026.294450236 16811570.21330663 24492093.08737928 74250504.79680091 117671694.14150748 286279673.5656091 144352179.6885464 145876685.90971902 146725791.96194962 144808383.59455925 88517217.40810455
-9999.0 -9999.0 -9999.0 -9999.0 -9999.0 -9999.0 -9999.0 -9999.0 -9999.0 -9999.0 -9999.0 -9999 -9999 -9999 491016.3370536535 30674.895191344694 37470.998070838934 76597521.7496499 187385447.29429975 71361094.8822187 22358486.535747927 61276019.08023539 117448.9730705064 142955.21748132992 120995.45342938046 158703.96114083644 351180.33085715375 176493.1575428893 234488.2710746664 52409.70960509729 213520.9278246678 128595.78859331556 150475.82878691875 78738147.44007908 111488.12226154213 -9999 201538.28905487814 47829852.460691236 62490034.03265303 119372249.36595346 12637721.3034855 2986636.7959436798 20121394.522418093 45500843.24218535 17998074.70324362 4571423.980884716 2828.6473106997296 1456222.7923133704 32567037.45202943 125415319.46996444 41771.55375009023 49124919.524423875 11852065.666825052 9134945.576437654 117409983.30404253 165991648.5073213 233998906.49843347 283217596.07628685 203209657.64422667 291986233.51201737 506804801.1701764 566663192.4966986
-9999.0 -9999.0 -9999.0 -9999.0 -9999.0 -9999.0 -9999.0 -9999.0 -9999.0 -9999.0 -9999.0 -9999 -9999 -9999 -9999 6433.122123385499 479.09644309564203 -9999 -9999 2743.4490253348526 179476444.58699003 179234296.37980896 69193.58944640399 124593.15802914617 82074.52630667706 8326325.909006514 81252.58047135711 13659.172456774108 37476.89657936091 22678.61363613523 30461.83462784368 20775.18867995968 375.75743059264545 471.6168752033709 153.67482657634224 94066486.99082331 323.95362646022795 9982.337574942032 17111811.96948017 18718671.88785718 7143142.777738023 6332895.868575652 -9999 6870963.634823077 4876315.482324165 93227885.45823185 28419876.26348489 20820.609443521917 41549260.46513312 45978716.73157083 6446792.512228189 60109836.27005345 75850703.82196613 71471693.40032306 144755728.45699942 166309056.61093277 169670714.86144665 263821503.97986192 260910480.42093962 188433132.95812142 595181815.0340149 766038345.0853299
-9999.0 -9999.0 -9999.0 -9999.0 -9999.0 -9999.0 -9999.0 -9999.0 -9999.0 -9999.0 -9999.0 -9999.0 -9999 -9999 -9999 290.26128734430273 -9999 -9999 -9999 27266739.590063076 -9999 -9999 109824085.35362102 28219.648081221705 22431.55613282948 40543.524104733166 90871.36390535758 1124367.5870580487 3891506.4069948806 1828482.5811376562 -9999 -9999 -9999 -9999 -9999 -9999 -9999 1056.9353017207554 277667.74485776224 5681.332932438155 -9999 60678052.54358623 -9999 -9999 94198083.91538826 96813498.16244471 93928390.1814334 9700.644794434254 22369877.909238137 90174142.19908497 7641407.450669165 8526647.427705921 11029436.498809928 62509251.2190664 73847158.7631118 144211063.2371872 171389435.12869546 226514602.4962504 387589246.3530529 344206817.5385588 394536040.98560834 -9999.0
-9999.0 -9999.0 -9999.0 -9999.0 -9999.0 -9999.0 -9999.0 -9999.0 -9999.0 -9999.0 -9999.0 -9999.0 -9999.0 -9999 305.614115285783 12416236.524981413 -9999 -9999 71894770.3363949 -9999 214160284.99074483 20914.81402892506 29721889.421821635 12352518.718778573 4986211.813758728 16355.891971980778 53906.50807175095 20821.88977823358 17234.772291849662 27117.32555154575 -9999 -9999 -9999 -9999 -9999 -9999 -9999 -9999 119.31638889797874 131.1634711963261 1385.2335356695335 86711295.1189071 4085209.84505722 64545621.995809026 49684156.580242164 23123184.38930973 27877288.04694513 3445649.9556929874 29988201.91399338 56590884.183380924 25813067.23360025 9990533.63579124 11295985.478726326 4495543.639972534 44242874.094370075 95285243.42247269 219062482.86103767 270271462.6106513 647442800.16361 1108681966.209815 -9999.0 -9999.0
-9999.0 -9999.0 -9999.0 -9999.0 -9999.0 -9999.0 -9999.0 -9999.0 -9999.0 -9999.0 -9999.0 -9999.0 -9999.0 -9999 -9999 -9999 -9999 -9999 2138.4363725195335 -9999 7283.950044007062 40766.755125968746 11342458.128153298 11301166.716201626 458.85370291368923 641.0067826232815 20838.696318584458 25326.28553259844 29965.445214399984 33302.86171553718 -9999 -9999 -9999 -9999 -9999 -9999 -9999 -9999 -9999 168.34252727187317 8596883.140445381 62221.20116669939 59769.20251777301 4580974.806312794 4647700.856009425 25514546.72640641 15407989.353704883 25986790.05213013 18367556.538821533 10613669.924403457 11738168.204986451 13803894.743547784 23727218.785328053 34049283.10016725 19656530.129297428 42169617.35730675 241337918.0494656 371935550.8315077 1188355813.775369 -9999.0 -9999.0 -9999.0
-9999.0 -9999.0 -9999.0 -9999.0 -9999.0 -9999.0 -9999.0 -9999.0 -9999.0 -9999.0 -9999.0 -9999.0 -9999.0 -9999.0 -9999 -9999 -9999 14723592.12599966 1.1824963121173557 607.077219362986 11530.661124260956 41978.3949557941 11061.734829781552 1781.0614672544903 -9999 -9999 2711.855885322201 -9999 -9999 2370579.495529949 -9999 -9999 -9999 36.12532474827704 -9999 -9999 -9999 -9999 -9999 -9999 54118178.29713122 -9999 15653.005091067245 39696749.77101662 9529.314517591922 32065.16444543042 166652.38502630923 4241033.500942047 24496577.037509575 17894523.90823464 4467519.399276583 16235510.942604149 40743209.76927246 35350569.99728934 149077134.9055396 239291372.67097607 396875018.9471085 523962229.10584927 -9999.0 -9999.0 -9999.0 -9999.0
-9999.0 -9999.0 -9999.0 -9999.0 -9999.0 -9999.0 -9999.0 -9999.0 -9999.0 -9999.0 -9999.0 -9999.0 -9999.0 -9999.0 -9999 -9999 -9999 -9999 -9999 1.041908980678184 17342.254268619883 9526.765680381379 -9999 -9999 -9999 -9999 175.77150518542024 -9999 596.6955237938683 3269.4440317808044 -9999 -9999 -9999 -9999 -9999 -9999 -9999 -9999 -9999 -9999 33767050.72137088 1726.7608099338088 5008.009050611847 154649.29148720985 120073.15590986285 905395.2940275111 4441485.087595792 6573663.293163066 5240751.921563548 4018375.827667621 13588759.501362069 60089118.30257964 51390014.63651974 71527657.25762331 146995137.08815646 511508916.8188193 464796348.2539815 509679958.97895956 526827001.4640891 -9999.0 -9999.0 -9999.0
-9999.0 -9999.0 -9999.0 -9999.0 -9999.0 -9999.0 -9999.0 -9999.0 -9999.0 -9999.0 -9999.0 -9999.0 -9999.0 -9999.0 -9999.0 -9999 -9999 -9999 -9999 40.700746612368945 348.0424253071397 -9999 -9999 35.42334738478737 32.398451967538676 5.782238207338836 121.53707210050133 341.8464508457725 2247.4097708831496 -9999 -9999 -9999 -9999 -9999 -9999 -9999 -9999 -9999 -9999 -9999 18231561.750828043 10034.481670758529 13208725.035952503 29714.290566719796 56497762.692859605 124744695.8018358 20699880.05929762 9316389.991257766 8573786.068242019 16179182.327235214 32674075.670787495 59963246.73153852 127325713.57232027 58665060.00610687 232128757.7093471 332540335.65861356 456499326.8419151 457135253.45100677 486881873.06030506 -9999.0 -9999.0 -9999.0
-9999.0 -9999.0 -9999.0 -9999.0 -9999.0 -9999.0 -9999.0 -9999.0 -9999.0 -9999.0 -9999.0 -9999.0 -9999.0 -9999.0 -9999.0 -9999 -9999 -9999 -9999 -9999 -9999 71443224.59458692 -9999 8.09633233709948 3920437.4403267065 -9999 1523.114433529164 -9999 -9999 37541515.2663847 -9999 -9999 -9999 -9999 -9999 -9999 -9999 -9999 -9999 4983.289059531422 87.3115568782574 493.10566135652596 530.6278243041816 7680782.470875762 13462289.388995426 -9999 -9999 -9999 -9999 88768332.08977674 47680893.00344053 17559750.438331977 -9999 435846005.617988 7406.352502621093 664048165.6426088 328380377.6373146 -9999 116394236.87693237 -9999.0 -9999.0 -9999.0
