Model Version1.4/trunk/input/1999/a_gr_ext.asc
ncols 720
nrows 360
xllcorner -180
yllcorner -90
cellsize 0.5
NODATA_value -1
[rows 180 to 215 of 360, columns 164 to 245 of 720]
-1 -1 -1 -1 -1 -1 -1 -1 -1 -1 -1 -1 0.0 0.0 0.0 -1 -1 -1 -1 -1 -1 -1 -1 -1 -1 -1 -1 -1 -1 -1 -1 -1 -1 -1 -1 44840.82623728394 63730.847625464135 0.0 52085.86456286916 95369.31175236496 70300.40664678003 19207.832717873513 54140.314178697154 16160.629882812756 0.0 0.0 13907.59429929069 0.0 8586.329650870251 25758.949279744385 42930.90972892997 17172.35946653219 17172.489929182037 0.0 17172.57995606864 0.0 0.0 0.0 0.0 0.0 0.0 6558.206787101045 0.0 0.0 0.0 7894.926147475094 0.0 0.0 0.0 0.0 0.0 0.0 0.0 0.0 0.0 0.0 0.0 0.0 0.0 8586.219787593027 0.0 0.0
-1 -1 -1 -1 -1 -1 -1 -1 -1 -1 -1 -1 -1 0.0 0.0 0.0 0.0 0.0 -1 -1 -1 -1 -1 -1 -1 -1 -1 -1 -1 -1 -1 -1 -1 -1 27567.193372245547 0.0 77105.0699518681 60359.356861172535 109105.03784198244 65243.34609987983 74648.07334922384 28860.013885442964 7953.8470459063865 34013.969726495605 0.0 0.0 0.0 0.0 17170.640563979337 25755.590820308254 17171.76971432141 16545.94955445033 8585.949707031054 0.0 0.0 0.0 8585.130310057728 0.0 0.0 0.0 0.0 0.0 0.0 0.0 0.0 0.0 0.0 0.0 0.0 0.0 6722.254943833557 0.0 0.0 0.0 0.0 0.0 0.0 0.0 0.0 0.0 0.0 0.0
-1 -1 -1 -1 -1 -1 -1 -1 -1 -1 -1 -1 -1 0.0 -1 0.0 0.0 -1 -1 -1 -1 -1 -1 -1 -1 -1 -1 -1 -1 -1 -1 -1 -1 -1 68610.19874553854 0.0 0.0 68018.0353927118 95106.76519379574 44170.924148670834 29280.538177495026 0.0 0.0 0.0 0.0 0.0 0.0 0.0 8584.909820574445 0.0 8583.550262440473 0.0 0.0 16788.040161162684 0.0 0.0 8584.909820539553 0.0 0.0 0.0 0.0 0.0 0.0 0.0 0.0 0.0 0.0 0.0 0.0 0.0 0.0 1526.0700225825324 3664.975643165197 0.0 0.0 0.0 0.0 0.0 0.0 0.0 0.0 0.0
-1 -1 -1 -1 -1 -1 -1 -1 -1 -1 -1 -1 -1 -1 -1 -1 -1 -1 -1 -1 -1 -1 -1 -1 -1 -1 -1 -1 -1 -1 -1 -1 -1 -1 47532.06165792953 0.0 0.0 81094.47242739926 98606.18034391975 56344.40017692038 23786.462402332694 0.0 0.0 0.0 0.0 0.0 0.0 0.0 8582.129669190535 17166.09954836482 17166.099548345883 8582.87963866799 8582.129669181242 8583.219909677893 0.0 0.0 0.0 0.0 0.0 0.0 0.0 0.0 0.0 0.0 0.0 8489.61715698265 0.0 0.0 0.0 0.0 0.0 0.0 0.0 0.0 0.0 0.0 0.0 0.0 0.0 0.0 0.0 0.0
-1 -1 -1 -1 -1 -1 -1 -1 -1 -1 -1 -1 -1 -1 -1 -1 -1 -1 -1 -1 -1 -1 -1 -1 -1 -1 -1 -1 -1 -1 -1 -1 -1 -1 0.0 66346.51428227223 0.0 0.0 114982.39624022711 56860.89172370044 32449.182281473226 0.0 0.0 0.0 0.0 0.0 0.0 0.0 0.0 0.0 0.0 8580.879974361404 0.0 7806.839752185991 0.0 0.0 8578.430175781792 0.0 0.0 0.0 0.0 0.0 0.0 0.0 0.0 0.0 0.0 0.0 0.0 0.0 0.0 0.0 0.0 0.0 0.0 0.0 0.0 0.0 0.0 0.0 0.0 6248.870086684151
-1 -1 -1 -1 -1 -1 -1 -1 -1 -1 -1 -1 -1 -1 -1 -1 -1 -1 -1 -1 -1 -1 -1 -1 -1 -1 -1 -1 -1 -1 -1 -1 -1 -1 -1 70697.05162058213 59156.48824412156 70865.60668938913 0.0 64698.286209166676 33543.33221445208 0.0 7900.733337412011 8552.499389624687 0.0 0.0 8574.890136725326 0.0 0.0 0.0 0.0 0.0 0.0 0.0 0.0 8577.880096434343 8577.320098890654 0.0 0.0 0.0 5912.630462646174 0.0 0.0 7801.372528083004 0.0 0.0 0.0 0.0 0.0 0.0 0.0 0.0 0.0 0.0 5495.2498435947555 6142.330093371799 8151.42974853251 0.0 0.0 6688.865852354331 15277.775115979373 13051.202850331409
-1 -1 -1 -1 -1 -1 -1 -1 -1 -1 -1 -1 -1 -1 -1 -1 -1 -1 -1 -1 -1 -1 -1 -1 -1 -1 -1 -1 -1 -1 -1 -1 -1 -1 -1 15507.40835186444 58930.235595656195 120393.18695082593 70856.48658778754 30081.018981976114 0.0 0.0 8381.366882325237 0.0 0.0 0.0 0.0 0.0 0.0 0.0 0.0 0.0 0.0 0.0 0.0 0.0 0.0 0.0 0.0 0.0 14305.249557479876 0.0 0.0 0.0 0.0 0.0 11186.416244483118 0.0 0.0 0.0 0.0 0.0 0.0 0.0 13216.816329958252 29609.622421194104 11427.91721344354 6239.782333365439 5931.779098510699 13850.044670117839 5209.6060943632065 0.0
-1 -1 -1 -1 -1 -1 -1 -1 -1 -1 -1 -1 -1 -1 -1 -1 -1 -1 -1 -1 -1 -1 -1 -1 -1 -1 -1 -1 -1 -1 -1 -1 -1 -1 62935.76211927091 76752.49794031803 84826.13067614417 109106.71531665884 50833.12667854815 15864.619750961478 0.0 0.0 8569.14978028548 8460.557556160997 0.0 8500.292205821694 0.0 0.0 0.0 26016.925430273648 0.0 0.0 0.0 0.0 6156.536331187677 12740.184783939481 0.0 0.0 0.0 0.0 0.0 0.0 0.0 0.0 0.0 0.0 0.0 0.0 0.0 0.0 0.0 0.0 0.0 5326.175308240854 7415.559387214395 6102.990417482867 0.0 15384.099578837448 0.0 0.0 0.0 0.0
-1 -1 -1 -1 -1 -1 -1 -1 -1 -1 -1 -1 -1 -1 -1 -1 -1 -1 -1 -1 -1 -1 -1 -1 -1 -1 -1 -1 -1 -1 -1 -1 -1 65985.27202612316 119825.66146863476 92988.59863271377 64740.06980904549 85438.97544829348 33060.221557661396 24954.982147239138 8554.013824452466 0.0 8472.12982179831 0.0 8560.350036625776 0.0 16836.319732668748 25690.399169921388 0.0 7011.119232160544 0.0 0.0 0.0 0.0 0.0 7558.152160629203 13172.562332141866 0.0 0.0 0.0 0.0 0.0 0.0 0.0 0.0 0.0 0.0 0.0 0.0 7011.237335184888 0.0 0.0 0.0 0.0 0.0 0.0 7325.907592769707 0.0 0.0 0.0 0.0 0.0
-1 -1 -1 -1 -1 -1 -1 -1 -1 -1 -1 -1 -1 -1 -1 -1 -1 -1 -1 -1 -1 -1 -1 -1 -1 -1 -1 -1 -1 -1 -1 -1 -1 42867.11578369071 149676.5968515863 95714.5117185873 83263.83308402481 49108.08685294333 42770.1095581601 8557.35015868874 17096.549987812916 0.0 7980.5906677349585 8555.269622785765 16926.82159421205 8559.369659401491 8559.369659437594 8559.3696594298 16371.612853978271 0.0 0.0 0.0 0.0 0.0 0.0 0.0 0.0 0.0 0.0 0.0 0.0 0.0 7016.630859369042 0.0 0.0 0.0 0.0 0.0 0.0 0.0 0.0 0.0 0.0 0.0 0.0 0.0 0.0 0.0 0.0 0.0 0.0 8555.269622800517
-1 -1 -1 -1 -1 -1 -1 -1 -1 -1 -1 -1 -1 -1 -1 -1 -1 -1 -1 -1 -1 -1 -1 -1 -1 -1 -1 -1 -1 -1 -1 -1 -1 0.0 79245.62675461179 117493.48644256496 72419.35394294185 79896.25900268201 68588.45733638694 42742.85049432618 42741.68014526657 8547.399902342351 0.0 0.0 7617.044982905068 0.0 0.0 8025.294036870307 15637.513122585753 0.0 0.0 0.0 0.0 0.0 0.0 0.0 0.0 0.0 0.0 0.0 0.0 0.0 0.0 0.0 0.0 0.0 0.0 0.0 0.0 0.0 0.0 0.0 0.0 0.0 0.0 6297.923431397679 0.0 0.0 0.0 0.0 0.0 0.0
-1 -1 -1 -1 -1 -1 -1 -1 -1 -1 -1 -1 -1 -1 -1 -1 -1 -1 -1 -1 -1 -1 -1 -1 -1 -1 -1 -1 -1 -1 -1 -1 -1 0.0 11085.701599130549 68359.78927596488 88020.69686864731 72604.92233270097 92632.35145572756 81071.71859743558 71856.85699459497 18068.623237586413 17079.988098156227 6876.974945075289 0.0 0.0 8274.083709732073 8176.589660673372 8542.500305177393 0.0 0.0 0.0 0.0 0.0 0.0 0.0 0.0 0.0 0.0 0.0 0.0 0.0 0.0 0.0 0.0 0.0 0.0 0.0 0.0 0.0 0.0 0.0 0.0 6250.722656235146 0.0 0.0 0.0 0.0 0.0 0.0 0.0 0.0
-1 -1 -1 -1 -1 -1 -1 -1 -1 -1 -1 -1 -1 -1 -1 -1 -1 -1 -1 -1 -1 -1 -1 -1 -1 -1 -1 -1 -1 -1 -1 -1 -1 0.0 0.0 0.0 67864.65037013208 77136.38153083103 79294.70977749286 101996.9608307716 76906.95312508357 54469.77882391437 30453.67118828343 34849.0361787168 0.0 0.0 0.0 0.0 0.0 0.0 0.0 0.0 0.0 0.0 0.0 0.0 0.0 0.0 0.0 0.0 0.0 0.0 0.0 0.0 0.0 0.0 0.0 0.0 0.0 0.0 0.0 0.0 0.0 0.0 0.0 0.0 0.0 0.0 0.0 0.0 0.0 0.0
-1 -1 -1 -1 -1 -1 -1 -1 -1 -1 -1 -1 -1 -1 -1 -1 -1 -1 -1 -1 -1 -1 -1 -1 -1 -1 -1 -1 -1 -1 -1 -1 -1 -1 -1 1430.9439468387363 0.0 66933.3671569635 96538.03817724739 114934.61555497929 69501.92253109302 17052.08053588493 15903.043060290063 23668.930664065603 0.0 16393.596496570586 0.0 0.0 0.0 0.0 0.0 0.0 0.0 0.0 0.0 0.0 6587.646942141335 0.0 0.0 0.0 0.0 0.0 0.0 0.0 0.0 0.0 0.0 8426.322936999199 0.0 0.0 0.0 0.0 0.0 0.0 0.0 0.0 0.0 0.0 0.0 0.0 7338.48892211348 0.0
-1 -1 -1 -1 -1 -1 -1 -1 -1 -1 -1 -1 -1 -1 -1 -1 -1 -1 -1 -1 -1 -1 -1 -1 -1 -1 -1 -1 -1 -1 -1 -1 -1 -1 -1 -1 26642.5976467428 56372.64938349166 75154.33708208463 88612.37762452818 96133.8383485502 41505.18661496746 20573.20442202877 11977.464752219406 0.0 14832.703857431325 0.0 0.0 0.0 0.0 0.0 0.0 7461.676330567391 0.0 0.0 0.0 0.0 0.0 0.0 0.0 0.0 0.0 0.0 0.0 0.0 0.0 7275.760650631233 0.0 0.0 0.0 0.0 0.0 0.0 0.0 0.0 0.0 0.0 0.0 0.0 0.0 23818.077239991337 0.0
-1 -1 -1 -1 -1 -1 -1 -1 -1 -1 -1 -1 -1 -1 -1 -1 -1 -1 -1 -1 -1 -1 -1 -1 -1 -1 -1 -1 -1 -1 -1 -1 -1 -1 -1 -1 -1 18965.016010824722 70980.39825432641 89059.2563631817 96435.29602076467 58573.361053391105 17019.15054320775 0.0 0.0 0.0 0.0 0.0 0.0 0.0 36983.85955826878 0.0 0.0 0.0 0.0 0.0 0.0 0.0 0.0 0.0 0.0 0.0 8407.411956798609 0.0 0.0 0.0 0.0 0.0 0.0 7140.4774474983105 0.0 0.0 0.0 0.0 0.0 0.0 0.0 0.0 0.0 0.0 0.0 0.0
-1 -1 -1 -1 -1 -1 -1 -1 -1 -1 -1 -1 -1 -1 -1 -1 -1 -1 -1 -1 -1 -1 -1 -1 -1 -1 -1 -1 -1 -1 -1 -1 -1 -1 -1 -1 -1 0.0 51122.65641202773 64153.00109877059 85555.03952019535 74749.94552602124 54269.592895309936 24514.63768004253 16780.74752807237 0.0 32530.603408793602 0.0 0.0 0.0 8286.436767564352 0.0 0.0 0.0 6156.575012181739 21487.678375230935 0.0 0.0 0.0 0.0 0.0 0.0 0.0 0.0 0.0 0.0 0.0 0.0 0.0 0.0 0.0 0.0 13664.379730222954 0.0 0.0 0.0 0.0 0.0 0.0 0.0 0.0 0.0
-1 -1 -1 -1 -1 -1 -1 -1 -1 -1 -1 -1 -1 -1 -1 -1 -1 -1 -1 -1 -1 -1 -1 -1 -1 -1 -1 -1 -1 -1 -1 -1 -1 -1 -1 -1 -1 -1 24948.58739851952 55012.857894939356 85864.6343994998 95451.73080433898 76198.70147701715 30333.017807034455 16731.74209597501 6472.81082151956 35836.67953484061 0.0 0.0 0.0 0.0 0.0 0.0 0.0 0.0 0.0 0.0 7915.2082824546305 0.0 0.0 0.0 7961.594543450868 0.0 0.0 0.0 0.0 0.0 2530.81344604449 59812.672958423085 19416.14295956507 0.0 0.0 42162.15042108079 0.0 0.0 0.0 0.0 0.0 0.0 0.0 7424.562683126974 0.0
-1 -1 -1 -1 -1 -1 -1 -1 -1 -1 -1 -1 -1 -1 -1 -1 -1 -1 -1 -1 -1 -1 -1 -1 -1 -1 -1 -1 -1 -1 -1 -1 -1 -1 -1 -1 -1 -1 6918.047714226722 66681.93206804566 67182.48031606535 91292.94509870204 102759.04632570894 39770.23468005418 32422.258758625598 5680.423278817176 16721.29867556323 0.0 0.0 0.0 0.0 0.0 0.0 0.0 0.0 0.0 0.0 0.0 43545.884170322286 10402.175598148186 0.0 0.0 0.0 0.0 0.0 0.0 3978.6450958253104 9992.024078380888 0.0 17812.385253924822 9632.290916451015 10150.615539565815 0.0 0.0 0.0 0.0 0.0 0.0 0.0 0.0 0.0 7772.767639151312
-1 -1 -1 -1 -1 -1 -1 -1 -1 -1 -1 -1 -1 -1 -1 -1 -1 -1 -1 -1 -1 -1 -1 -1 -1 -1 -1 -1 -1 -1 -1 -1 -1 -1 -1 -1 -1 -1 -1 19182.915039150033 73536.17019629828 80573.25637828515 99765.5773928556 87288.17352298019 65191.9377899436 8456.97021485703 8467.53997805155 0.0 0.0 0.0 0.0 0.0 0.0 0.0 0.0 0.0 0.0 0.0 8467.53997805155 41295.581855696095 74166.16226190743 35374.59815965631 7234.856872553029 11872.79724119502 7505.299682629331 7404.346466060909 0.0 0.0 0.0 56497.112007138734 41636.02127090168 34995.24681072744 5225.612182616442 0.0 0.0 0.0 0.0 0.0 0.0 12711.940460209687 10443.522262594732 25701.800842336066
-1 -1 -1 -1 -1 -1 -1 -1 -1 -1 -1 -1 -1 -1 -1 -1 -1 -1 -1 -1 -1 -1 -1 -1 -1 -1 -1 -1 -1 -1 -1 -1 -1 -1 -1 -1 -1 -1 -1 9069.414997101972 67493.50433335321 69391.23741142901 91800.70770229933 94642.29461669711 71383.49227890225 21450.108032260006 8448.17962648953 24389.788971008435 0.0 0.0 0.0 0.0 0.0 0.0 0.0 0.0 0.0 0.0 0.0 6791.625061040135 57276.66255977369 55547.69535057774 0.0 0.0 0.0 29503.129272460374 10305.027160672262 0.0 14468.707809469279 45056.24870311496 69786.08015083898 80951.06948877413 20983.534698515567 2219.492950443406 6064.411773683235 0.0 0.0 11116.415710443212 9488.151550303399 17820.969390885846 7535.023345937782 6054.911193874309
-1 -1 -1 -1 -1 -1 -1 -1 -1 -1 -1 -1 -1 -1 -1 -1 -1 -1 -1 -1 -1 -1 -1 -1 -1 -1 -1 -1 -1 -1 -1 -1 -1 -1 -1 -1 -1 -1 -1 -1 50415.819382654874 74990.85540792136 74967.51327533968 131547.908020141 98262.40829481749 60724.951324280744 33447.51251227761 16871.279907254422 8434.48028564827 0.0 0.0 0.0 0.0 0.0 0.0 0.0 0.0 16218.917236338066 34575.33779146143 30379.69253522327 10311.765861493292 0.0 0.0 16672.446441651355 8429.759979260674 70175.86547854952 0.0 0.0 12266.018600439524 0.0 78913.26515198714 0.0 89366.56213761629 8627.19497683495 0.0 0.0 0.0 6764.654846186742 18149.528198237535 0.0 16819.439086904746 10684.85275266629
-1 -1 -1 -1 -1 -1 -1 -1 -1 -1 -1 -1 -1 -1 -1 -1 -1 -1 -1 -1 -1 -1 -1 -1 -1 -1 -1 -1 -1 -1 -1 -1 -1 -1 -1 -1 -1 -1 -1 -1 8834.353866604346 51460.40288929522 74778.64807129111 95537.51373281644 97439.57054167532 55183.11111438099 42077.49908441303 4928.184738154798 33383.44039902099 0.0 0.0 0.0 0.0 0.0 0.0 0.0 0.0 0.0 13366.46850587421 0.0 7866.613769545063 0.0 8422.560119632612 40278.85894786371 33690.22064194788 15746.500396727344 0.0 0.0 0.0 18306.463241572812 26903.06457522813 0.0 0.0 74880.7501221705 23240.08148194451 0.0 0.0 9902.01660157333 52077.220993053255 13050.962600698824 39957.69107811335 47935.03898634768
-1 -1 -1 -1 -1 -1 -1 -1 -1 -1 -1 -1 -1 -1 -1 -1 -1 -1 -1 -1 -1 -1 -1 -1 -1 -1 -1 -1 -1 -1 -1 -1 -1 -1 -1 -1 -1 -1 -1 -1 -1 38525.423507803294 57527.995452857256 25214.895172129767 112375.18692019512 92728.94927948371 98171.8241884146 15707.586669912478 42018.60351548817 24983.260955856094 7861.164855966206 0.0 0.0 0.0 0.0 0.0 0.0 0.0 0.0 0.0 0.0 0.0 33615.37017815799 42045.799255327074 33620.43991091498 58415.529632644124 0.0 8144.179840107716 16825.419616726827 21391.13983151146 49673.11737053022 95747.66002637465 0.0 0.0 53929.15205005662 0.0 8083.537750235303 2099.4022369402323 14741.235198978045 19803.266220123063 10181.556396502125 16787.281875637884
-1 -1 -1 -1 -1 -1 -1 -1 -1 -1 -1 -1 -1 -1 -1 -1 -1 -1 -1 -1 -1 -1 -1 -1 -1 -1 -1 -1 -1 -1 -1 -1 -1 -1 -1 -1 -1 -1 -1 -1 -1 0.0 51405.06203160258 74391.42349247899 70084.64111326466 108392.15938586762 97246.03942856076 63648.56307991038 33357.42874155345 50021.126556240415 8397.399902346908 55008.37310800281 0.0 0.0 0.0 0.0 0.0 0.0 0.0 0.0 0.0 16770.98007199008 99290.6712344179 67076.60980203413 100673.81896969644 117101.7265319652 41950.12969980735 7905.724792475231 17768.257598873806 33313.72283909725 10171.918334951897 49408.37219234932 64218.89739999102 36347.22625727908 22901.871108986652 15985.192108125648 38658.97163369722 16566.512603721 8394.779968264438 12271.122894279788 7330.406036359159 0.0
-1 -1 -1 -1 -1 -1 -1 -1 -1 -1 -1 -1 -1 -1 -1 -1 -1 -1 -1 -1 -1 -1 -1 -1 -1 -1 -1 -1 -1 -1 -1 -1 -1 -1 -1 -1 -1 -1 -1 -1 -1 -1 19449.61830136974 76216.18892679758 77531.15646365075 88139.24270623055 94213.7812806204 110577.00561525245 72181.97006216235 33471.73843372369 63822.38548289709 107616.94664003124 51436.16607674086 8047.746276855792 5320.5606842212665 14729.885101344786 15931.023559568186 12285.47241213386 8373.229980453478 41849.46899405165 75370.03021250086 66980.20935037869 117244.20013417403 0.0 128717.41981489578 138027.63130168262 125356.61041260221 99732.85903917241 24928.099823006665 16746.3798523151 16738.119506864965 23144.361724866696 14416.487274184561 68504.92711061682 54205.142803049814 48781.319732800366 16497.253875743947 43665.64514155746 74226.36711114811 66962.33951576018 7730.088043217976 6977.39456178801
-1 -1 -1 -1 -1 -1 -1 -1 -1 -1 -1 -1 -1 -1 -1 -1 -1 -1 -1 -1 -1 -1 -1 -1 -1 -1 -1 -1 -1 -1 -1 -1 -1 -1 -1 -1 -1 -1 -1 -1 -1 -1 -1 19411.406327888773 73859.25186128975 77637.44659422898 87213.164672758 108205.63201891996 87833.6814878304 48723.29696645838 105266.88125602122 91542.1121215506 120616.36230475956 73121.3554381016 41764.879760625314 16701.08032223332 0.0 0.0 0.0 16726.88980099443 50174.979400541226 58525.62942514855 0.0 141798.73962393354 130021.32492065754 0.0 0.0 131926.93283043732 132252.72796611185 91187.53387463819 25057.42034909328 20815.135650644723 41515.51483139416 72130.29441847256 98104.64382152032 40648.71835710991 18647.54585262205 63410.566406034595 0.0 0.0 36161.84345228172 7301.316146833607
-1 -1 -1 -1 -1 -1 -1 -1 -1 -1 -1 -1 -1 -1 -1 -1 -1 -1 -1 -1 -1 -1 -1 -1 -1 -1 -1 -1 -1 -1 -1 -1 -1 -1 -1 -1 -1 -1 -1 -1 -1 -1 -1 15969.33397303244 41720.38116438326 73944.40490719583 83694.51095591138 72119.97695911142 98471.65954607812 86111.47460935578 108967.20436097284 125178.88916029222 103572.48222334422 91979.61708076298 96248.81027208037 90603.65539531432 65641.67266833839 33337.16125489013 16420.59432981567 37652.89108271169 39413.91250603323 16683.420562744002 122877.13714612895 0.0 0.0 0.0 0.0 108412.79068001841 124424.18739340696 91556.84204113077 82858.14743026021 25039.960479692178 8172.73666382422 0.0 14625.938262920408 33261.37901292528 61920.00930797231 78593.79291524507 0.0 0.0 0.0 63734.38949596946
-1 -1 -1 -1 -1 -1 -1 -1 -1 -1 -1 -1 -1 -1 -1 -1 -1 -1 -1 -1 -1 -1 -1 -1 -1 -1 -1 -1 -1 -1 -1 -1 -1 -1 -1 -1 -1 -1 -1 -1 -1 -1 -1 0.0 7082.427392143341 57909.14703376832 78163.05160529954 94991.6171262711 88301.55410764283 93719.17983984991 102593.85513313289 104253.37173444108 132833.19633504463 108086.8165588708 98573.31192009823 116266.99920661286 99760.3036496574 70435.73394761008 29540.481414812446 33266.86935425399 12469.841155984346 74034.28894050831 123896.48681651827 98807.76992812916 138062.21160926158 0.0 0.0 32862.64114375993 77912.24166870158 0.0 14894.47906496809 8323.670196547828 0.0 8314.399719254525 0.0 40459.680805299715 37122.819748171074 0.0 0.0 0.0 0.0 68288.16629427145
-1 -1 -1 -1 -1 -1 -1 -1 -1 -1 -1 -1 -1 -1 -1 -1 -1 -1 -1 -1 -1 -1 -1 -1 -1 -1 -1 -1 -1 -1 -1 -1 -1 -1 -1 -1 -1 -1 -1 -1 -1 -1 -1 -1 0.0 15333.18756105746 74741.38946537366 90949.88555889485 89698.63510142293 86642.43804941446 56276.94732646036 89092.7772521687 104838.1077574463 0.0 0.0 0.0 128303.97743235146 123394.60967996709 104765.78933731918 0.0 64604.41375734355 15421.380920404192 135297.0400240414 41496.1402892 48935.7933042142 95465.15548716344 0.0 48918.25378416709 8295.369720455665 0.0 0.0 0.0 0.0 49745.04241946932 33191.09954843988 52751.34319317601 73729.7489546505 101113.83972150482 0.0 0.0 95544.2238807661 0.0
-1 -1 -1 -1 -1 -1 -1 -1 -1 -1 -1 -1 -1 -1 -1 -1 -1 -1 -1 -1 -1 -1 -1 -1 -1 -1 -1 -1 -1 -1 -1 -1 -1 -1 -1 -1 -1 -1 -1 -1 -1 -1 -1 -1 -1 0.0 8279.029846190399 49627.24945072826 81681.41540506655 65290.725555614634 73438.19808963471 82525.44219977321 97411.3517763665 11559.256591831283 99328.0715942224 0.0 91273.27702497512 0.0 0.0 54594.134216222934 61340.15838622344 41177.599792413326 8279.029846189535 0.0 79347.48481746955 93551.44592306102 119195.17135629697 94422.42568977624 23481.473541283187 8275.71029663319 0.0 0.0 0.0 64257.32009874347 107900.30481332047 87011.95348747594 0.0 0.0 0.0 17422.904090917553 64145.707817103525 0.0
-1 -1 -1 -1 -1 -1 -1 -1 -1 -1 -1 -1 -1 -1 -1 -1 -1 -1 -1 -1 -1 -1 -1 -1 -1 -1 -1 -1 -1 -1 -1 -1 -1 -1 -1 -1 -1 -1 -1 -1 -1 -1 -1 -1 -1 -1 0.0 26823.351020940416 57889.41879271137 41297.89855961041 73343.4230043031 69862.54554746019 51156.87042256865 89147.28027338826 98016.15844737708 0.0 60624.10234425354 59157.17426306736 0.0 114707.32612627884 47964.732971354206 20550.921211253735 8262.25967406751 0.0 82443.0229187893 64154.624176179306 43260.59852590342 52419.104232626545 87313.29315197388 78178.87161269221 16521.109771734235 0.0 46387.074279902736 73442.87078871677 117163.59725974988 0.0 0.0 0.0 0.0 0.0 69189.92927564528 111229.72686755907
-1 -1 -1 -1 -1 -1 -1 -1 -1 -1 -1 -1 -1 -1 -1 -1 -1 -1 -1 -1 -1 -1 -1 -1 -1 -1 -1 -1 -1 -1 -1 -1 -1 -1 -1 -1 -1 -1 -1 -1 -1 -1 -1 -1 -1 -1 -1 -1 0.0 8238.040161139163 0.0 32931.53854373511 65281.24938957841 54103.01971447302 81989.47418210439 89077.66891474287 0.0 0.0 0.0 0.0 117089.3646242182 79174.51232907102 73746.32583607844 41186.65008560931 0.0 70133.50906387126 55665.18600451322 40967.25723271147 52675.76251514597 45095.414581213234 58845.218772797925 43051.459732054434 47990.31555175815 75504.1719056682 96218.58634929873 0.0 0.0 0.0 0.0 0.0 23395.88047026529 0.0
-1 -1 -1 -1 -1 -1 -1 -1 -1 -1 -1 -1 -1 -1 -1 -1 -1 -1 -1 -1 -1 -1 -1 -1 -1 -1 -1 -1 -1 -1 -1 -1 -1 -1 -1 -1 -1 -1 -1 -1 -1 -1 -1 -1 -1 -1 -1 -1 -1 -1 1906.5120697008256 3653.559970865353 0.0 31630.086822561647 57167.17269900577 65544.49630716218 59166.02844238545 0.0 184844.02481079308 0.0 147934.7305300401 98513.15048228469 129742.12005629661 98375.98312389775 59315.411834573504 95668.599510284 42790.1956177056 6294.189300526789 38871.05558406346 76814.65654367795 44451.19634612152 70931.4008139194 78816.48956323444 70710.06149281509 109415.19683863391 97946.37908947498 114157.63000491986 121995.41351302658 0.0 102386.5804292336 82967.80250556231 85695.46178812024
-1 -1 -1 -1 -1 -1 -1 -1 -1 -1 -1 -1 -1 -1 -1 -1 -1 -1 -1 -1 -1 -1 -1 -1 -1 -1 -1 -1 -1 -1 -1 -1 -1 -1 -1 -1 -1 -1 -1 -1 -1 -1 -1 -1 -1 -1 -1 -1 -1 -1 -1 -1 5562.278900125205 0.0 47864.70794671896 70565.13823256096 97614.8957823259 0.0 0.0 109422.51892071907 98174.20501695694 0.0 0.0 63022.90700843142 90733.13026438208 14724.814910929525 54805.35427084614 40889.53275668105 31109.604692458513 0.0 90699.72930899828 68573.66119392004 101366.34109491817 118083.49708589817 111412.52801873581 48778.69628903937 65442.15927117511 106448.71795637671 0.0 119030.58109304965 101659.87621323923 93282.44438150524
-1 -1 -1 -1 -1 -1 -1 -1 -1 -1 -1 -1 -1 -1 -1 -1 -1 -1 -1 -1 -1 -1 -1 -1 -1 -1 -1 -1 -1 -1 -1 -1 -1 -1 -1 -1 -1 -1 -1 -1 -1 -1 -1 -1 -1 -1 -1 -1 -1 -1 -1 -1 -1 4306.944656382613 302.4028873454844 22501.159439084106 81548.06503291281 106103.61633294474 0.0 113703.90777576072 116458.62197876013 92509.54784396761 0.0 54711.14685063704 201403.59455089952 105633.08715818779 79746.79260247119 71349.90310692116 54248.04710381433 0.0 0.0 0.0 0.0 0.0 0.0 102384.93247985796 69893.85772694183 57294.22988887979 89955.01861577394 81373.83468614146 108736.18427286521 120671.42965349926
