Model Version1.4/trunk/input/1999/n_fe_eff_crop.asc
ncols 720
nrows 360
xllcorner -180.0
yllcorner -90.0
cellsize 0.5
NODATA_value -9999.0
[rows 140 to 167 of 360, columns 378 to 440 of 720]
0.0 0.0 0.0 0.0 0.0 0.0 0.0 0.0 0.0 0.0 0.0 0.0 0.0 0.0 0.0 0.0 0.0 0.0 0.0 0.0 0.0 0.0 0.0 0.0 0.0 0.0 0.0 0.0 0.0 0.0 0.0 0.0 0.0 0.0 0.0 0.0 0.0 0.0 0.0 0.0 0.0 0.0 13963.944347476023 873.484447773863 0.0 0.0 0.0 0.0 896.0613287736032 0.0 0.0 0.0 0.0 0.0 0.0 0.0 0.0 -9999.0 -9999.0 -9999.0 -9999.0 -9999.0 -9999.0
0.0 0.0 0.0 0.0 0.0 0.0 0.0 0.0 0.0 0.0 0.0 0.0 0.0 0.0 0.0 0.0 0.0 0.0 0.0 0.0 0.0 0.0 0.0 0.0 0.0 0.0 0.0 0.0 0.0 0.0 0.0 0.0 0.0 0.0 0.0 0.0 0.0 0.0 0.0 0.0 0.0 0.0 12691.723504722111 11293.15206395483 0.0 0.0 0.0 0.0 1434.0444530439374 134.66278721363173 0.0 0.0 0.0 0.0 0.0 0.0 0.0 -9999.0 -9999.0 -9999.0 -9999.0 -9999.0 -9999.0
0.0 0.0 0.0 0.0 0.0 0.0 0.0 0.0 0.0 0.0 0.0 0.0 0.0 0.0 0.0 0.0 0.0 0.0 0.0 0.0 0.0 0.0 0.0 0.0 0.0 0.0 0.0 0.0 0.0 0.0 0.0 0.0 0.0 0.0 0.0 0.0 0.0 0.0 0.0 0.0 0.0 0.0 0.0 3366.561391248061 0.0 1449.7602046427596 412.508692106291 0.0 0.0 413.5058308840967 0.0 0.0 0.0 0.0 0.0 0.0 0.0 10724.922688423754 -9999.0 -9999.0 -9999.0 -9999.0 -9999.0
0.0 0.0 0.0 0.0 0.0 0.0 0.0 0.0 0.0 0.0 0.0 0.0 0.0 0.0 0.0 0.0 0.0 0.0 0.0 0.0 0.0 0.0 0.0 0.0 0.0 0.0 0.0 0.0 0.0 0.0 0.0 0.0 0.0 0.0 0.0 0.0 0.0 0.0 0.0 0.0 0.0 0.0 0.0 10623.013578104717 3156.4270342053383 6367.037704653469 0.0 0.0 0.0 6014.0113490555395 0.0 0.0 0.0 0.0 0.0 0.0 0.0 35524.9742994891 0.0 0.0 -9999.0 -9999.0 -9999.0
0.0 0.0 0.0 0.0 0.0 0.0 0.0 0.0 0.0 0.0 0.0 0.0 0.0 0.0 0.0 0.0 0.0 0.0 0.0 0.0 0.0 0.0 0.0 0.0 0.0 0.0 0.0 0.0 0.0 0.0 0.0 0.0 0.0 0.0 0.0 0.0 0.0 0.0 0.0 0.0 0.0 0.0 0.0 0.0 655.4858068952691 0.0 0.0 0.0 0.0 10977.38590793665 1261.7488675145971 0.0 0.0 0.0 0.0 0.0 1368.0207082956135 864.4086605055352 0.0 0.0 -9999.0 -9999.0 -9999.0
0.0 0.0 0.0 0.0 0.0 0.0 0.0 0.0 0.0 0.0 0.0 0.0 0.0 0.0 0.0 0.0 0.0 0.0 0.0 0.0 0.0 0.0 0.0 0.0 0.0 0.0 0.0 0.0 0.0 0.0 0.0 0.0 0.0 0.0 0.0 0.0 0.0 0.0 0.0 0.0 0.0 0.0 0.0 0.0 0.0 0.0 0.0 0.0 0.0 13422.35861051955 245.34485956656954 2292.004768320124 0.0 0.0 0.0 0.0 0.0 0.0 0.0 0.0 -9999.0 -9999.0 -9999.0
0.0 0.0 0.0 0.0 0.0 0.0 0.0 0.0 0.0 0.0 0.0 0.0 0.0 0.0 0.0 0.0 0.0 0.0 0.0 0.0 0.0 0.0 0.0 0.0 0.0 0.0 0.0 0.0 0.0 0.0 0.0 0.0 0.0 0.0 0.0 0.0 0.0 0.0 0.0 0.0 0.0 0.0 0.0 0.0 0.0 0.0 0.0 3615.5069591532656 9124.817904610325 10792.562522535349 0.0 0.0 0.0 0.0 0.0 0.0 0.0 0.0 2421.7644478564457 0.0 0.0 -9999.0 -9999.0
0.0 0.0 0.0 0.0 0.0 0.0 0.0 0.0 0.0 0.0 0.0 0.0 0.0 0.0 0.0 0.0 0.0 0.0 0.0 0.0 0.0 0.0 0.0 0.0 0.0 0.0 0.0 0.0 0.0 0.0 0.0 0.0 0.0 0.0 0.0 0.0 0.0 0.0 0.0 0.0 0.0 0.0 0.0 0.0 0.0 0.0 0.0 8956.650130397073 0.0 0.0 0.0 0.0 0.0 0.0 103926.79551437878 0.0 0.0 0.0 8978.334517694073 29266.678336958983 31473.572921372197 -9999.0 0.0
0.0 0.0 0.0 0.0 0.0 0.0 0.0 0.0 0.0 0.0 0.0 0.0 0.0 0.0 0.0 0.0 0.0 0.0 0.0 0.0 0.0 0.0 0.0 0.0 0.0 0.0 0.0 0.0 0.0 0.0 0.0 0.0 0.0 0.0 0.0 0.0 0.0 0.0 0.0 0.0 0.0 0.0 0.0 0.0 0.0 0.0 3713.6041665125567 28966.17542670077 0.0 0.0 0.0 0.0 86727.2550233086 39991.19983863315 59944.49914370607 28920.919275735814 3768.852025627809 28945.99847300508 21310.651980268427 23284.38698794503 94914.73201756172 -9999.0 0.0
0.0 0.0 0.0 0.0 0.0 0.0 0.0 0.0 0.0 0.0 0.0 0.0 0.0 0.0 0.0 0.0 0.0 0.0 0.0 0.0 0.0 0.0 0.0 0.0 0.0 0.0 0.0 0.0 9026.22348717876 20037.269483649332 20095.99352163603 0.0 0.0 0.0 0.0 0.0 0.0 0.0 0.0 0.0 0.0 0.0 0.0 0.0 0.0 0.0 13894.684400218086 150159.58888598828 63365.33045494194 0.0 41709.535859080286 32731.50961750622 49782.03008061037 134746.783962141 13815.019656228204 260123.97932930177 112613.93967520609 48637.18520088806 10824.066743050573 235117.12197006494 34161.40495414804 50388.7706399316 0.0
0.0 0.0 0.0 0.0 0.0 0.0 0.0 0.0 0.0 0.0 0.0 0.0 0.0 0.0 0.0 0.0 0.0 0.0 0.0 0.0 0.0 0.0 7812.438720526752 0.0 0.0 0.0 13074.691474227056 18019.570159859144 36262.94424727295 32271.35498483904 8646.51819048028 11316.31836494957 10035.209261445416 0.0 0.0 0.0 0.0 0.0 0.0 0.0 0.0 0.0 0.0 0.0 0.0 0.0 39059.0695243651 220130.89708805122 267627.0213045348 26535.83560638661 6468.158312469249 4236.869293836179 43242.05737273141 0.0 45863.73380259517 538421.9839341864 286609.88126892515 1644512.6380782218 1140702.4727556407 476785.6334737453 250879.9175057195 0.0 16945.334679016025
13523.240445044261 1692.7425194837465 0.0 0.0 0.0 0.0 0.0 0.0 0.0 0.0 0.0 0.0 262.1187292075987 0.0 0.0 0.0 0.0 0.0 0.0 0.0 0.0 0.0 26017.304874460846 467.8887958250642 27144.211731121424 0.0 4952.581854093951 28334.825322643417 8285.64470219195 11377.942383626383 369.59441297226874 20739.459687606755 17224.001134735787 2944.1571702520864 0.0 10003.840623440576 21388.081197897023 20040.54545764849 11339.509727461415 11754.898323093817 11347.921334351555 34026.98135472038 0.0 0.0 0.0 35295.234611105116 61797.481428795654 315311.84636988834 266688.9149396569 180818.49547295648 125840.57315096361 123573.55848149244 190636.97666505584 135411.09680261338 104392.58821850675 315458.5769987473 293055.05052604846 814934.5200683989 527959.7487048813 702930.4954945978 422119.723072549 15378.597000744625 172.0327339167175
6857.795615724425 10123.470120041033 4335.5195099358725 3387.322280786877 0.0 0.0 3389.728369872387 0.0 1564.9239110309857 -9999.0 551.9277071796282 17142.159841308112 13211.521871049761 194.41703188329743 464.9263614147776 0.0 0.0 0.0 22774.99807235159 0.0 0.0 40985.203537591166 2137.818470476841 10212.547552121348 28676.316971491833 26973.09621300854 63734.45806730026 42712.5009774931 53306.863172281475 9718.106479740642 12268.921214097374 23611.391780432008 6544.493418038966 12338.181767689268 17264.76069213394 0.0 11372.437619362037 21451.783999758984 37285.83045066273 42736.48790802642 2945.2247579609893 32006.824790207622 46093.8106652404 0.0 0.0 52294.10285914543 65737.92388007727 153698.39018295007 109664.49134269322 198948.39293304356 123734.85869244879 159187.7561400513 161837.52392737442 298851.7964011965 139312.85440081166 177671.89763423154 30127.235812639694 295328.698937358 301830.7351506791 818001.6888123876 551730.020306733 218334.4453764165 0.0
21626.91113210078 40146.4108137048 41686.82147036107 0.0 38700.499081208574 26887.48800175043 28455.242078588315 57887.25329852358 16607.3836775732 17055.098888641303 -9999.0 -9999.0 27932.846632763198 21102.590854841277 7976.767988162203 0.0 0.0 0.0 0.0 11088.168373069031 12287.077434664718 450.94580756233955 1294.1766853666643 4469.557531383394 50033.881010387886 75283.61502611879 99750.08167960263 141538.49870783385 33876.97182073548 16493.03576031164 30977.932581076217 8831.736984482806 29996.929742269702 14181.427339145 4022.5143798835397 3911.4825037309884 3147.5536889071936 13112.321709615093 10753.871552623059 50535.446594156885 15791.37685430878 11620.793229617284 42247.02588702739 16532.39846787937 49036.552119990854 43263.07636666112 12556.832142164185 81604.57315777478 192911.8776663695 202761.35282413568 248656.95187970868 292268.3867438479 216265.59940292532 272677.3597519563 911275.0651743275 2997.4676731275335 13841.281649299495 125606.19236468703 58658.70335721598 122358.4970492071 326426.38579640776 182877.83071134266 0.0
205621.8551907897 169956.48051280537 108131.786421613 116345.1153892682 101115.60492355173 84097.36309005029 17456.243277420715 0.0 78682.70233792784 42089.68543195012 53627.74162559228 9691.767210991624 14685.702208530918 13247.751611209913 97.02266450668952 16193.578012581096 22301.06319268895 12937.020424609716 51502.269480971416 13972.237270890357 45067.71938372022 36623.32340214626 46460.83911532162 52545.193215065425 53615.31539314918 52047.453765810205 99988.67990934655 65333.40540075945 69988.0204335901 33552.57520686921 62014.70063071636 0.0 20123.602062729875 32116.984401686448 5132.066865989091 26603.392280370525 32807.90606225189 43723.73864466345 49307.77010138095 28449.542301609417 46952.075944344055 28671.522351222535 23852.25462106577 78393.47387788932 104055.69136183805 67837.06815333599 12164.53815129627 39167.574719310134 127007.57357512962 209885.07101474705 313863.1654467761 141816.168849796 59345.165738478114 62628.4876643377 360916.1817694801 0.0 343408.74550088076 365111.92775189306 227081.35496709298 50171.060344212085 115112.64041907877 314098.1340666842 0.0
580833.6342355366 200790.94753648763 186578.43532194226 146599.81663293488 107013.15072243278 112877.4353278565 117645.65999660725 58382.05692205116 100949.33639287738 90159.74985958925 55387.17847030995 101000.9487329861 20713.061849995247 18959.2864397007 16757.83910706876 11405.566545941054 51652.23849564219 105379.68948768126 54555.800005662735 90836.75648154237 70963.73439284648 98449.74733632867 25756.02778788805 76685.61950593728 39493.97990210949 66304.74258454164 112027.44343470155 88562.15908959815 72428.78685810941 124765.81426080309 50141.72105430223 2808.7857933719215 27283.722516686546 29832.48474352573 13909.388644443257 61252.639602019946 66903.19348914924 105166.10516895205 61209.49885209014 35691.32851415859 85609.12553418991 97416.62089069036 54895.68383944216 82151.8677945392 112221.94420542923 112645.01219813689 30637.299393686662 12357.818007050153 161857.53117636297 169618.6106429519 240264.3021426896 90317.52482490135 0.0 0.0 77878.18157331896 378212.08729753684 1120118.948800054 928080.6297125376 171323.456889842 88264.10366303935 97230.57529362626 295592.007246163 0.0
686252.0910627148 626783.2076873909 557578.0627657912 389018.4367363453 359709.13712932606 296134.18438479665 353787.62459490326 363236.17655669095 108240.90444730522 116537.3429665938 127322.23849532279 137787.0010815484 52306.50857404177 68551.02772818822 217883.98343866187 207916.06435071738 179142.1241218281 144000.18091399936 105808.57595932242 91441.33284504164 64137.15702373708 49599.534747001846 23948.695747241116 60553.690096251 83394.43025136564 44151.531945019175 35253.45932114051 34703.57029730003 86714.32746653695 196745.18208335436 123149.71579873931 98007.691497535 62248.83955433474 81327.8465794482 62162.055323177556 95677.81335690008 98904.63887825375 81117.94022156541 26774.352640715235 64566.63198673659 77270.94402493365 102705.2061045648 103306.95226770021 96544.82135215151 114340.04624842445 134148.80932350422 144223.28093284337 18950.786406488343 165282.69802827213 338964.70616774063 295948.6566120818 170660.92938014385 10473.414306043314 0.0 7278.454058433984 497391.7128695159 885381.7340204685 1554903.4405991505 320921.42675503483 108211.85919872596 344062.6705966346 244658.38537237485 0.0
540341.40649683 680328.4391629477 667006.3660092299 581184.2713213527 542079.8711297009 464327.1027115148 373990.6612971145 336892.273619837 304953.9202667744 329551.76911459776 1113130.125815129 105527.73486671194 110004.70250010098 153960.23032746397 195038.6005240638 182240.6657959657 120975.11060499985 83114.62716798682 71863.25601842294 23444.18248924124 41256.616200604585 27209.650674127526 92053.65699616336 74875.43753558096 43000.51206611554 52498.452299968056 38404.93806740769 123512.40898385996 121210.49943767056 221137.8909697533 136162.11735291552 100928.73570361164 194439.45359404184 177226.63028301805 102579.24591661287 174073.2588212018 121297.06857708591 33217.62610016095 61253.578625296606 133727.74392571254 79723.18429719014 145776.23344364777 65045.58190000498 68926.3720955985 151080.81385483185 114203.62720801681 74725.7987634073 189175.23177373488 165922.70803366118 135219.32620876902 246544.60517839986 145862.6398806034 13106.459915480144 53164.32858241926 83128.60238911198 1310790.4850949277 1365088.8017677562 409873.0115830862 157829.86474550766 112696.97305309666 31655.84959042556 452580.12771427387 959.761571222768
482179.878373871 627340.6362458522 536690.1503847581 523402.00367483054 508742.56816534937 434137.66900159675 474604.58125137555 399221.0453117012 391215.24777243804 652933.0943102457 1017278.9002109678 1176446.5140507224 180651.60106880515 246531.8198846112 164188.80926464513 161491.264810877 73051.18075151331 60023.242743832976 7766.207503759193 13812.929159743926 4554.183296787634 22405.38709555979 66831.64988835315 15695.801495216048 19916.994874127613 11601.94549962048 12713.2515335986 20363.1354535192 149284.81543702702 135596.07440742775 196395.83830646065 216250.96403592353 168859.92301820303 158872.10981892212 233962.3742383679 99190.01223069128 96309.82843285614 206186.60553684598 121226.4281960836 79265.15351073578 38953.34000180353 55630.11275427279 51597.84023125203 47694.842452053155 82123.84254978999 55189.80684663693 88038.4807325214 37628.46077755934 146512.55736255625 53470.291667371326 42440.328093998236 138043.27822931134 5459.1137118705265 223787.9716442312 332444.9784706051 1130973.626436147 1593023.2282643102 406774.6443472849 385994.14841211075 230113.67962709538 60482.93712834155 503694.84081151645 115949.73996947143
451832.56652494345 523702.0235838018 547636.5508377276 609606.5729179404 649648.213903148 492063.9002686802 388309.1841032568 452078.2858219408 401671.7397787405 641167.4715511487 1253490.6425027878 1091504.4543889577 1513461.2122703854 63318.52594643608 44332.94048806713 119495.3663926845 59595.5641346648 39260.82267331179 80129.98845546985 42132.724424541906 12857.635133362553 16009.824435898372 34784.58944062355 30510.12267660208 31653.56309866785 880.7856031971195 13328.03411783957 15926.420240303958 13988.070912523945 26135.502039958414 17308.931384192216 130667.5906814685 61604.412127369964 49766.790940336155 61595.41249422029 64226.92139483306 62707.1745453971 171493.27796508392 45078.638768481746 39907.936406609166 35350.00847543395 16451.056657066496 25960.57263705071 47336.161987982836 44873.032754825195 15078.819370568166 59607.109818882 139649.6004310502 156831.31030624916 61706.4169787659 27333.312818024035 186002.27956574844 27257.288965083342 169671.2856820716 191211.60635443288 272591.61935126287 580297.1660510917 1480470.0337080802 497713.0260723721 233392.11431877036 228042.9690628203 443725.78649227356 75862.7304138995
485665.4363352659 581984.1899146534 368242.17135103827 386190.45681898436 528318.6680425692 514947.0818701353 512881.0945152696 514226.5399068767 914406.2143323033 813729.5443402864 195337.3209932025 99471.74214807965 301471.6349765937 152021.3221201368 62059.48306716447 50708.0251428988 44168.15797238527 45556.57572411673 60408.23799744366 158599.19931857617 36058.36840230303 21151.67408356852 34714.451458395175 1813.5996914219172 473.03153761362336 805.0788250308916 1413.6616736556452 637.9741382357764 832.4787381197166 2531.60145380038 845.6259582018544 0.0 0.0 21338.918511987256 11139.998321730265 35860.63596165435 6180.936649459909 19849.333065042814 19882.502709574404 8948.422236362632 29898.211351184007 19642.807280552854 29589.89471649677 4060.7647526191863 18292.37031713511 37710.83587606494 58002.42000496287 76984.72343481307 75192.71405382328 27918.185820233248 36952.22268089972 118520.25313585564 486544.98259037896 86129.75403548828 238579.74440403783 527668.9086296137 943202.6072566878 424347.7637043215 686768.4232641673 737570.9222011449 989421.8543969669 471625.59990504966 0.0
469971.968029966 498758.4840074837 512282.9950765623 476934.6583712698 554791.6658949746 557851.0945720987 582061.7761284421 508787.33398059494 901886.6614351366 902408.5956473527 380181.4979160928 122728.56614604715 175414.71057620554 282662.68662605213 227403.77561243135 140157.48461937063 116350.0710500031 4356.736033001868 101306.28613288712 52660.99153744343 59543.996360546094 0.0 18653.313055838567 0.0 0.0 38.88646863969323 83.19132182709745 1031.4738502653126 177.78486906459415 0.0 1683.1897469176965 0.0 0.0 45764.35451958932 30781.457775649556 56600.44866684664 71116.01734693695 84261.63865233984 51070.24890499892 26773.010545120378 30625.388976912378 9856.498372900032 4272.043028611241 1593.4554792564986 15041.762864429662 11531.358783523816 27332.019121890575 17453.333861530595 18700.04926756093 22791.802193800413 162886.75449670464 821075.0886033634 1071889.6018824796 978994.6877604207 179744.94899108468 303818.0738561622 557540.0549515288 576627.6281920841 434234.1914935565 649649.0551990756 843377.8772107892 130106.83551783454 5612.379281113349
506408.68319025537 548686.7162326839 545205.7140052529 579614.9578511125 444745.49943425454 396669.80964776577 533560.9352973114 603673.8169548986 169177.43300276465 458542.82159678 195232.88602367474 58085.82729258339 107725.49487629726 155558.73133603245 227441.01996430353 168596.91417340137 131260.70815250085 261106.33914494753 269220.5639365876 29842.86699902253 721.0351111143833 87.64424519868514 0.0 136.33281999053895 0.0 5049.1420722502735 0.0 0.0 0.0 0.0 0.0 0.0 0.0 14025.346639200816 0.0 8316.206794912074 43331.58176609956 92117.12552037438 75424.10722683936 36455.9248052711 11912.655784582106 9147.712132899429 401.8881693883003 0.0 6393.604449654767 41291.066855146295 34224.664927776175 7943.761220558723 14451.605860499385 17601.896728480686 21329.91084155734 1081791.6475457076 1123908.818532514 1133289.628949294 258905.71940714543 206071.2469204131 567330.9083350397 1161164.6132733547 755968.9230297455 1103770.824079327 964187.2230532083 358974.7831171021 651087.2957784459
339737.2586082679 510429.6180063623 522076.0004227601 370755.4522248063 167125.96835528337 128911.87689693163 181869.10184788064 27248.260947285493 29183.917112370575 14019.236410308786 79078.54095925641 15272.885066062958 0.0 31018.877518632347 51167.12461221297 9597.623641532526 167352.83234182053 268794.258379824 143640.92983103817 24842.691810622113 0.0 0.0 0.0 0.0 0.0 0.0 0.0 0.0 0.0 0.0 0.0 0.0 0.0 5650.783903993595 0.0 269.49661168999825 5322.953459303566 67301.02229623751 161594.29334016607 122080.70820843853 48014.49466507129 3497.305675387968 13749.829316528447 10490.038722087933 40675.462484104064 44392.65278552725 117488.56872451447 34888.50472794165 10806.988970221993 27166.630998821547 0.0 72679.9790577308 307417.7123216958 457543.5026635578 471349.0658023508 520753.49732465966 440328.1272040757 1193152.2793882012 635530.9963005914 1086627.1451520973 929102.3216435268 642233.9830799705 221589.04829342617
442206.9335680474 509236.19891346386 377693.94034198846 94950.23036767871 39062.65955964123 3618.9342211304365 41947.86663606177 6688.38610807248 1568.6033029108598 99679.96701160606 24065.050621257542 45872.28234199958 91617.70276032246 59160.2703000067 83235.15867943768 5626.282964847031 1480.8259306708887 1639.4926285224656 0.0 189.70651187128917 0.0 0.0 0.0 0.0 0.0 0.0 0.0 0.0 0.0 0.0 0.0 0.0 0.0 8315.327631570357 5593.745242450916 10.277674989286744 4095.7148401013205 29785.428957996 36419.09982613292 71561.79251969844 40519.514797483826 17718.029677119037 22297.24665846108 10443.451721643121 23049.37987761982 30314.31133223214 13849.35435560564 1743.8925012518137 0.0 0.0 1888.4473686044755 24899.519233187177 25374.64244484683 96224.93882105692 368559.5714588141 703880.2605001846 485841.1148270286 1181698.5334150125 1653181.8357797225 467125.98341141565 20374.491563659918 526654.1250513751 107346.79443040295
559910.1044398631 423396.20040015574 129201.49781798112 40174.20573057211 47022.02863007247 31803.26668013295 90590.98456544273 12740.679676391568 62347.65443965908 274139.26446585404 236001.2277721415 19697.507017866265 0.0 4075.1201796559226 8046.083967319283 1296.5901639481708 2048.730075704236 2148.245589514941 156.32463499324973 0.0 174.46341385594252 0.0 0.0 0.0 0.0 0.0 0.0 0.0 0.0 0.0 0.0 0.0 0.0 0.0 1298.4414389554668 0.0 0.0 5888.56491771902 12810.725767382457 35114.98232503106 21577.38242025543 6391.567177616615 1704.7440574959383 7364.918226803657 42561.57627732364 20228.08226107316 7320.174220234571 11547.518744594627 23545.551536377 27333.441757851455 2203.023204649497 0.0 85569.6722571667 395335.9710710605 273375.6669723886 140810.78342732022 104631.6799255353 1419077.5623487346 1769797.1874900693 1035890.4023970006 19722.687685511224 95702.68552103917 376176.81878009945
361285.1613670136 62965.82885793636 16516.577294737457 69759.40077148743 178646.7882778554 185233.79090643986 13366.762108739575 3307.1287415570264 13090.785232277947 7336.874960334323 30402.500785233304 3455.602592723247 3336.642208745976 3099.998415524725 3838.773832021743 3687.115445380784 4128.530020230036 2873.037347407567 283.18428526274243 0.0 190.4562949557577 127.66298749286173 0.0 0.0 0.0 304.5679252509395 0.0 0.0 0.0 0.0 0.0 0.0 0.0 0.0 0.0 0.0 0.0 9898.038438335878 0.0 0.0 30753.919598847522 65584.90969803465 23725.46075688383 16013.915978489378 2286.626460974986 2507.1092690330047 7324.945294568201 5491.293422184654 0.0 0.0 5022.356318580209 0.0 20197.625357114866 114987.74352840315 0.0 17652.24924836177 7123.216202013484 1078525.5762699042 1198005.4496736052 969061.3503923909 9301.813313923256 468.2677593186638 0.0
60444.84504384327 67621.1415837564 54855.4521042863 166358.93560297054 5150.515657531232 5939.441215318987 0.0 13882.715540996582 13259.919181867237 8209.082346447776 17067.564723123203 239.42898933560787 302.7079538422703 136.91517678551253 0.0 0.0 461.9407615268663 0.0 0.0 0.0 98.29753495475963 0.0 0.0 0.0 186.51719699861607 0.0 0.0 0.0 0.0 0.0 0.0 0.0 0.0 0.0 0.0 0.0 0.0 4034.1768379317646 0.0 0.0 321.28905246133047 16470.92173246917 38722.24341886764 9116.106519834328 2383.707185317164 33661.40477506625 15357.440478195782 47038.75542621515 471.4483867758647 0.0 0.0 0.0 0.0 7986.733390146843 3870.6488486438097 310579.2148525651 132681.6543203471 276777.82312361454 393887.5744826966 150347.71746947258 41719.40289226791 10372.107464208135 0.0
