Model Version1.4/trunk/input/1999/n_man_eff_crops.asc
ncols 720
nrows 360
xllcorner -180.0
yllcorner -90.0
cellsize 0.5
NODATA_value -9999.0
[rows 140 to 167 of 360, columns 378 to 440 of 720]
0.0 0.0 0.0 0.0 0.0 0.0 0.0 0.0 0.0 0.0 0.0 0.0 0.0 0.0 0.0 0.0 0.0 0.0 0.0 0.0 0.0 0.0 0.0 0.0 0.0 0.0 0.0 0.0 0.0 0.0 0.0 0.0 0.0 0.0 0.0 0.0 0.0 0.0 0.0 0.0 0.0 0.0 93634.4051216129 5857.098421473928 0.0 0.0 0.0 0.0 6008.486394183175 0.0 0.0 0.0 0.0 0.0 0.0 0.0 0.0 -9999.0 -9999.0 -9999.0 -9999.0 -9999.0 -9999.0
0.0 0.0 0.0 0.0 0.0 0.0 0.0 0.0 0.0 0.0 0.0 0.0 0.0 0.0 0.0 0.0 0.0 0.0 0.0 0.0 0.0 0.0 0.0 0.0 0.0 0.0 0.0 0.0 0.0 0.0 0.0 0.0 0.0 0.0 0.0 0.0 0.0 0.0 0.0 0.0 0.0 0.0 85103.60332021162 74427.65922866858 0.0 0.0 0.0 0.0 9615.900412467434 902.9733755095244 0.0 0.0 0.0 0.0 0.0 0.0 0.0 -9999.0 -9999.0 -9999.0 -9999.0 -9999.0 -9999.0
0.0 0.0 0.0 0.0 0.0 0.0 0.0 0.0 0.0 0.0 0.0 0.0 0.0 0.0 0.0 0.0 0.0 0.0 0.0 0.0 0.0 0.0 0.0 0.0 0.0 0.0 0.0 0.0 0.0 0.0 0.0 0.0 0.0 0.0 0.0 0.0 0.0 0.0 0.0 0.0 0.0 0.0 0.0 22187.364791767042 0.0 9721.28149395739 2766.052685684521 0.0 0.0 2725.215329912226 0.0 0.0 0.0 0.0 0.0 0.0 0.0 89993.29874994571 -9999.0 -9999.0 -9999.0 -9999.0 -9999.0
0.0 0.0 0.0 0.0 0.0 0.0 0.0 0.0 0.0 0.0 0.0 0.0 0.0 0.0 0.0 0.0 0.0 0.0 0.0 0.0 0.0 0.0 0.0 0.0 0.0 0.0 0.0 0.0 0.0 0.0 0.0 0.0 0.0 0.0 0.0 0.0 0.0 0.0 0.0 0.0 0.0 0.0 0.0 70011.10328132834 20802.471631707405 42693.79573847366 0.0 0.0 0.0 39635.41674920533 0.0 0.0 0.0 0.0 0.0 0.0 0.0 298091.6241764696 0.0 0.0 -9999.0 -9999.0 -9999.0
0.0 0.0 0.0 0.0 0.0 0.0 0.0 0.0 0.0 0.0 0.0 0.0 0.0 0.0 0.0 0.0 0.0 0.0 0.0 0.0 0.0 0.0 0.0 0.0 0.0 0.0 0.0 0.0 0.0 0.0 0.0 0.0 0.0 0.0 0.0 0.0 0.0 0.0 0.0 0.0 0.0 0.0 0.0 0.0 5193.735992012096 0.0 0.0 0.0 0.0 86979.22019929995 9997.45583529479 0.0 0.0 0.0 0.0 0.0 11479.122011041665 7253.290903082979 0.0 0.0 -9999.0 -9999.0 -9999.0
0.0 0.0 0.0 0.0 0.0 0.0 0.0 0.0 0.0 0.0 0.0 0.0 0.0 0.0 0.0 0.0 0.0 0.0 0.0 0.0 0.0 0.0 0.0 0.0 0.0 0.0 0.0 0.0 0.0 0.0 0.0 0.0 0.0 0.0 0.0 0.0 0.0 0.0 0.0 0.0 0.0 0.0 0.0 0.0 0.0 0.0 0.0 0.0 0.0 106351.93972583316 1943.9877984281181 18160.67981452598 0.0 0.0 0.0 0.0 0.0 0.0 0.0 0.0 -9999.0 -9999.0 -9999.0
0.0 0.0 0.0 0.0 0.0 0.0 0.0 0.0 0.0 0.0 0.0 0.0 0.0 0.0 0.0 0.0 0.0 0.0 0.0 0.0 0.0 0.0 0.0 0.0 0.0 0.0 0.0 0.0 0.0 0.0 0.0 0.0 0.0 0.0 0.0 0.0 0.0 0.0 0.0 0.0 0.0 0.0 0.0 0.0 0.0 0.0 0.0 28647.4374321432 72300.41342687025 85514.7727887425 0.0 0.0 0.0 0.0 0.0 0.0 0.0 0.0 6365.1048228025065 0.0 0.0 -9999.0 -9999.0
0.0 0.0 0.0 0.0 0.0 0.0 0.0 0.0 0.0 0.0 0.0 0.0 0.0 0.0 0.0 0.0 0.0 0.0 0.0 0.0 0.0 0.0 0.0 0.0 0.0 0.0 0.0 0.0 0.0 0.0 0.0 0.0 0.0 0.0 0.0 0.0 0.0 0.0 0.0 0.0 0.0 0.0 0.0 0.0 0.0 0.0 0.0 70967.93822306319 0.0 0.0 0.0 0.0 0.0 0.0 872054.3111922453 0.0 0.0 0.0 23597.68766188577 71960.1853180568 82721.74788616074 -9999.0 0.0
0.0 0.0 0.0 0.0 0.0 0.0 0.0 0.0 0.0 0.0 0.0 0.0 0.0 0.0 0.0 0.0 0.0 0.0 0.0 0.0 0.0 0.0 0.0 0.0 0.0 0.0 0.0 0.0 0.0 0.0 0.0 0.0 0.0 0.0 0.0 0.0 0.0 0.0 0.0 0.0 0.0 0.0 0.0 0.0 0.0 0.0 31304.386150135313 244096.99426202266 0.0 0.0 0.0 0.0 731080.4710302729 337111.84352088574 504942.37754791335 76317.88785320349 9945.42517370154 76384.07106276517 56235.55581447281 61443.94132444357 250465.48245995384 -9999.0 0.0
0.0 0.0 0.0 0.0 0.0 0.0 0.0 0.0 0.0 0.0 0.0 0.0 0.0 0.0 0.0 0.0 0.0 0.0 0.0 0.0 0.0 0.0 0.0 0.0 0.0 0.0 0.0 0.0 71286.1281970202 142329.02684533782 142442.31870277243 0.0 0.0 0.0 0.0 0.0 0.0 0.0 0.0 0.0 0.0 0.0 0.0 0.0 0.0 0.0 116371.03764442373 2353487.6304791793 528712.5752161221 0.0 302470.5926271464 249258.90536789902 389464.069809569 2113346.8908120864 110048.66383935724 564737.7606761835 229224.84284584183 97062.84000885866 21812.088329931466 777098.471433358 89060.6250395109 131366.24211764577 0.0
0.0 0.0 0.0 0.0 0.0 0.0 0.0 0.0 0.0 0.0 0.0 0.0 0.0 0.0 0.0 0.0 0.0 0.0 0.0 0.0 0.0 0.0 19090.939691555202 0.0 0.0 0.0 19155.88817407007 118176.43077573775 267551.3811786187 250331.94458991298 72064.39597634003 89165.85923293942 71441.6817928523 0.0 0.0 0.0 0.0 0.0 0.0 0.0 0.0 0.0 0.0 0.0 0.0 0.0 325904.1020531558 3347284.5068037165 4143511.166251486 197711.17680306005 50989.712162773416 29317.980362753016 274235.6916925125 0.0 290698.18497939396 1065533.1194032906 567978.1326260142 3586413.1062631137 2532873.132929256 1507406.2434634543 932903.8286200208 0.0 44177.401743241724
287865.29366374924 36032.91862246472 0.0 0.0 0.0 0.0 0.0 0.0 0.0 0.0 0.0 0.0 166.93918022646565 0.0 0.0 0.0 0.0 0.0 0.0 0.0 0.0 0.0 47845.020337927774 452.23708032710493 42458.751919276 0.0 7491.870444737165 207142.1126138794 61410.863232255644 84290.89995081932 3110.1044200033552 161326.3954311355 125123.25371262747 17900.175723416378 0.0 71495.23478370282 160890.92892629275 143043.50119390024 89369.04552921 71468.58453085083 89435.33916069238 268173.7499237374 0.0 0.0 0.0 214591.43150428133 511766.55127375945 4902643.334537664 4011886.4674911113 2756612.659852223 886797.7525808972 1451492.650320018 2370132.5355819305 1669038.2644931918 1226955.3808063427 592140.619252044 594210.4961591227 1657981.960862603 854345.6540779705 1541347.5962725081 813196.5287409311 56079.995992278265 280.66215605732515
314014.0134166802 463938.6646928407 180487.5124386318 72104.94607820187 0.0 0.0 72156.16379809646 0.0 17373.99332147342 -9999.0 377.8120686451766 11734.353795125791 9043.716673759944 133.0961770204101 318.28446630037024 0.0 0.0 0.0 43206.52914266927 0.0 0.0 63012.75849281009 4406.970802648679 11717.60135273402 42493.14797216248 44261.47917503873 762744.5859029267 289265.1294810373 373645.055227219 90539.87021230633 168326.1027025796 161019.75634322868 61198.52760765884 89533.33407180995 125417.35263146997 0.0 89597.6905776122 161319.4499330069 268926.5685118167 322646.48682578525 17906.666547949324 215066.17282034142 363556.5214066431 0.0 0.0 376469.3034889702 534304.4101389718 2384222.93222401 735510.836776403 2926181.466724501 1699908.5584225731 1967926.2814966 2010758.8827292246 3606511.9824881363 1748486.4450155667 362265.2186470208 48428.78984336799 463055.83441697183 489892.64569294394 1780066.99376138 1209518.2853909968 346668.26874674746 0.0
779237.5886606432 1229267.3705638638 77848.1163850748 0.0 72713.02871595549 49722.692181183455 408997.03158685775 99328.14629795031 24561.751417687807 30158.576870162353 -9999.0 -9999.0 31918.05215980672 48075.644917223995 19313.18183185784 0.0 0.0 0.0 0.0 19496.926740613166 19666.844164619215 809.7515006501181 1927.4139361275122 5344.8652496232835 67399.29476869997 885040.2229868534 1341708.4350206135 1837079.2641607327 443201.661166788 216810.8830633959 424432.36906633223 61834.28488864357 189222.1381333113 111951.146878242 31612.962091617712 31463.3826330085 23352.063999870243 96126.0541479315 79779.01827891712 322717.5131022182 99892.64698667072 87509.27429289639 306396.0891141133 130319.54977369355 361586.2112971583 323345.9447797651 98981.78002619988 679901.7549855717 2383068.7240411346 2726492.9667978315 2995282.721637071 3751139.2018599436 2778153.9102236805 3490974.782530791 1798969.9839635172 4683.687561172987 22490.31430449325 216436.90068527273 109871.60199642298 275566.6908953634 554639.3310840565 293475.41383798857 0.0
317700.63568441203 279225.56118725066 163088.0456113672 155146.06115447657 149381.11614994056 117524.11492749881 25079.501603113964 0.0 135305.3940531045 70357.92704990323 35130.36505447492 18755.330390688872 27373.17772794202 22803.337491516188 199.73492467572277 25037.430623261207 37020.57428720009 22906.298531418088 83878.59933267998 20316.582782129346 73836.53772188854 58496.925031655024 74727.71483410314 85321.70687929046 75834.93936643991 80932.9927690294 1343441.3091900279 821418.3858529079 930221.4370324883 449761.3383687981 812146.8511201362 0.0 136815.0715810258 206714.14342528774 35580.55640463229 166894.2848975722 212491.44136319958 275760.2763647186 312079.6280858971 180091.71793754934 322883.1706284863 191133.15575483243 155743.55659385797 510580.5049210037 1221325.395396777 796688.1266897557 76130.36082576471 264446.98204566527 1557152.9204913168 2519512.5995428273 4032204.2377626994 1810310.5459110583 405979.52639636706 431518.7242860311 758242.4587632213 0.0 612955.2249879912 657532.0900529069 412878.2970752544 87405.35868926664 196973.38466487906 482903.5714955134 0.0
1513403.3850860773 300419.0008045868 279684.36256411107 225148.49490113396 164508.58057226407 174913.86981033944 286337.40156039724 101806.58766812514 165365.3945617098 136605.1188602624 85436.90398269788 60809.854747451805 23756.970447475633 28013.760652016677 29066.395140531215 20470.714170933716 606036.4956645045 1140867.6134208422 85192.12209033167 1182428.2567766197 117735.71544642172 158902.56206663325 41154.75480022612 127420.65912118473 62481.81603878041 103983.66714645864 1288043.0451010931 1174938.2625002775 987216.128382092 1597654.4416372117 670482.4366018344 18997.66562984345 191345.59171322692 189290.54029297392 89503.75277241673 389347.4978525342 430990.84321148973 678261.9327506239 385271.397547285 238992.1390682106 586671.2300323955 665162.3886869076 693685.8635279717 557772.5642086465 1433525.574407916 751630.6271003091 200823.8789441589 85408.6247406863 1029942.5755721843 1154103.016694009 3092339.384225716 1166408.6188852673 0.0 0.0 121732.67019394883 585069.8849615164 2642458.984395566 2239588.0823747083 314598.85526191496 158440.03663741873 181124.20483254472 458055.55014324543 0.0
1698694.6605040045 1587343.8993046344 1439841.4605639218 1010868.0763170904 931865.6520856357 767296.0747935298 837357.8794371053 858753.536667657 165937.25261964276 180009.42172830686 195974.34606583975 81981.11858605973 73895.67315592238 104260.8945060179 2635200.2401693 2248163.1497623725 2274107.825956542 205729.17837745172 1364699.7554883722 149119.33358374884 93230.6887548445 80715.06810581761 37294.25273490583 99198.98723178543 112655.5423740965 68517.25183388029 54922.42265884014 244856.1393613007 1147700.8871842334 2441427.455407232 838939.2062872623 654642.2507885782 772042.922861465 560279.0798230453 409411.68920553516 639933.2492903015 652349.454895283 536719.0308609754 176856.36852135812 444831.8070393236 537360.5234602991 706831.0036537588 697406.4970293376 1245481.377785026 1514109.0458803447 1731929.3608732305 1781901.7899342296 240078.65166541963 1138722.8266479787 4280124.965111269 3783263.5926419427 2216404.6125162337 21891.330610239915 0.0 12502.565458974437 872755.4345554983 2082165.2613666689 3704991.1457207017 597538.4554692238 196795.15955437277 624503.6737703959 381282.51349858625 0.0
1336199.1066509765 1698805.9578050952 1592102.84937229 1452735.270212218 1324890.1465461403 1163758.4511881373 973721.869035019 876780.1310590685 793296.9631699616 856070.3222768651 4641106.253800818 62355.38817019061 1286186.1446393728 232075.17551952132 2327745.6825221633 2112018.146537981 165919.79394218023 115166.0446914332 112150.82933048745 36597.65867191587 64235.02832086332 42177.37323159512 147876.21287950175 115177.2988798077 70144.55562985314 74755.68984531309 59548.63876712589 190151.29798075688 1572814.551349189 2860756.569505377 918314.0390431539 666723.7726814708 2330754.79864649 1131552.722582626 1308132.2679194245 1112531.0032110948 781462.8456071801 211343.85889230328 403901.968134823 1746706.7077972237 543339.0310930659 1857837.6664232495 438208.1851633496 472216.4897893829 1963758.8425920103 755473.1611221135 516012.2023530542 2349460.755564434 2110942.069728148 1758305.2906298717 3144157.496901493 1872727.3569223685 20562.14251645575 81395.35556344675 133283.80399665018 3102752.7110379734 3436590.726846133 718621.028414002 273145.99883504544 189524.45079798292 101325.85675702251 748496.590113159 1284.6626999679645
1205623.8010952591 1556585.618028337 1314539.6221142875 1262720.3521872833 1208757.1635915996 1076760.7671366625 1207786.9749365156 996300.4810764514 992394.6086171406 381923.59404708695 4353065.383131099 4893543.315282657 230614.51797857002 344769.82229899336 254807.518464889 2019891.164443982 113167.53791456323 83144.00662313968 12020.668716332226 21040.926598795548 8408.364381347128 34683.11232237829 104690.35876548858 25851.014469856033 30995.362973983498 18188.73940087052 1994400.0488592512 3148716.903285183 1964458.3292860393 909521.7524635068 2461379.527975757 2722733.1419568597 2169016.534772398 2008215.2399935422 2964121.107499738 1189256.8388632883 611555.3067792029 2460745.104015314 816455.6997017482 520038.15930973476 266546.2028241825 383701.25386190304 655870.1763869516 340052.07058129826 566105.5282243002 375626.68588125287 572905.5192045016 260124.6821113267 1013705.9269902926 361963.32427364826 346386.5111959018 208914.58173505464 11653.830765569013 355574.2604926112 689163.8978144873 2657550.4213727517 3774390.5699923807 1731831.7603368051 991463.5544827953 419416.1265912383 178853.9198770627 905133.626725407 173413.64062145248
1128722.1556703937 1306748.4400385662 1360749.6424429622 1497838.2069135772 1607566.2597078742 1215612.772013029 945762.0171719228 1108265.7109989491 1000618.4315800051 382034.7310191611 5152601.217297334 4676729.74510928 6186236.0118835615 96622.41396205508 68629.66264606513 170380.2152118281 85622.44723230568 47161.78220826518 91104.21459712341 48574.06882462885 21537.86136439991 24665.735604617308 57666.75154324023 48660.61464409795 49192.5693653223 134846.7910944161 2088600.7672620798 2465382.724113617 2163886.3177021868 169820.7116141097 226301.65450549184 1694982.8896516 803409.8927005976 342821.72294068785 401904.0602740857 441255.7398631736 419468.07102932915 2198864.990006855 307734.0298916097 269931.1860098402 237665.7853973344 106447.99989969168 181200.6560830114 340243.5736969765 309377.48229510715 105457.67657734759 400297.6363028937 946093.8830970427 1057961.4041273347 420221.94852390897 339607.7447126102 292941.3409907476 42023.9144051842 350493.46154481306 396799.2045682612 576204.2104187008 1334504.621423087 3564605.2572057913 878227.1279564899 368834.4649966371 397624.77119357465 823849.9260046924 114193.29324356727
1221240.1141227367 1448771.838627207 918496.7801361858 964499.9227561501 1322588.1104072982 1239802.8949135484 1276077.7041893278 1283171.0205932003 3833173.7559587588 3484544.452234422 2374542.610440089 150384.3243947378 3437025.0675327643 219946.1155642829 83715.86050899001 60819.93083909483 49799.35133651127 50598.39830255717 82932.44194710937 1760105.8098007713 55687.489375017976 32375.56115835059 46487.17775455308 2805.1996456948996 72577.71040156047 123388.55221446212 216012.4425170101 97576.16419896856 127337.465593063 34454.983076088734 6018.138551520902 0.0 0.0 145984.86594210844 85377.68771374514 241400.07340966997 43105.90319453832 131440.3758216122 135265.27016063538 57029.64787316436 198682.88441487693 133121.34441637818 197789.26618960095 25840.27886966264 115882.21580204774 252198.39087013423 405892.3469291074 525723.7960574697 512355.44842064916 186479.09460079327 75692.82707017468 180567.73200616785 1133157.07107184 188569.63550996315 518453.0929048127 1251486.2374372184 2230430.10306396 1002756.6255813041 1635938.4180093394 1315045.2120536524 1782058.4834909774 841695.1300326501 0.0
1173162.7990671746 1252210.3951536964 1293612.51274244 1188683.5463464155 1383463.44737301 1387981.8852521384 1446654.1461090033 1265363.3787883315 3851669.6738509675 3956416.768416824 238194.06955550605 187579.02282579185 234643.67659664538 3134744.9450718462 323176.29799944535 201553.82130313315 149841.7587833487 6733.832817466241 139717.11955812047 75318.80130189096 76337.52310312472 0.0 20739.201849045614 0.0 0.0 5955.236056140171 12713.891720976375 144399.97190025728 25361.103577693742 0.0 12008.294587100609 0.0 0.0 332237.9074235191 213886.554343593 393168.27897063934 486239.9754719953 582926.2913486826 355562.2349052902 186308.22331085335 208730.9261078974 65054.05269566687 28895.8269628672 20695.556386888005 97702.2548771772 80635.55536425367 191132.3678760771 122033.1910619073 125174.89889937062 145353.00787999947 343152.7869085458 1831930.975235227 2381324.967856225 2296642.80395133 396149.91617113387 723409.3030470252 1353088.5261579808 1370634.9027795803 1573110.4575392646 1226791.5347890274 1604746.4066886238 208034.752608735 10294.510013062387
1264010.4878276007 1368553.7230934652 1360966.995391397 1443192.7636176348 1108699.148642925 987895.9609732273 1331242.779249207 359633.2676161443 101467.19631234079 274784.0300907275 114929.10657734511 35162.81727442734 150146.82832662616 218143.36672120626 319036.02737610624 227487.83236271728 187208.16993388493 2857215.9531836724 2884721.4319541785 42198.94370355177 130067.104089249 13375.518190724873 0.0 18295.90860880074 0.0 723367.272410845 0.0 0.0 0.0 0.0 0.0 0.0 0.0 111138.3291163388 0.0 60443.14328794833 294682.0771286624 620385.0758162101 525938.332902218 471898.05394930195 152645.35699023106 58599.69112723375 2798.379665904185 0.0 44497.8031832209 300086.3955180431 232658.57393726133 52348.6622522515 96681.83328505856 115993.69427068546 31715.994187535172 2352510.0619543195 2425293.988831608 2658408.0757311583 606089.8587153514 489875.99341569335 1352857.1698550526 2916580.890068387 2632467.501963196 2688252.052697061 1715691.7025119255 790432.6715848729 1344014.3232199743
844180.281015715 1271175.7733205985 1299571.4593113367 926755.9396239062 417087.86878903507 203429.57552906394 287224.6303302825 16340.746811897925 17387.787869253207 8350.885335972318 47055.24014770072 8871.8023706272 0.0 43801.48394702393 73346.35570841344 12476.202917830818 235257.00164602578 3067868.4967971505 1634004.04699672 35131.47736065422 0.0 0.0 0.0 0.0 0.0 0.0 0.0 0.0 0.0 0.0 0.0 0.0 0.0 52883.462723851335 0.0 3356.1327311127866 32644.909017237547 462532.4497727848 1998030.822556638 803433.0889702552 314555.21495580475 43247.00452599016 88546.22882512279 71012.8360932496 277134.76301402436 313106.8860211855 783754.7800166439 231878.92160774977 16246.55717918618 55018.10664376355 0.0 144899.9732348012 497465.58259874565 800499.9322494745 844170.147142446 1240312.213915638 780137.5964167797 2840476.2173849847 2337162.6370131345 2607527.865041062 1650890.7034610973 1148633.4587325943 473074.997133456
1101979.0208430048 1269181.9658244255 943920.0274865564 236333.48592509574 61701.68007639951 5721.568670522675 24949.93626830594 3950.8199985817846 930.1624052509513 58762.30433824485 14146.076374521776 27024.913387024415 53837.03033688343 82949.38731128392 944072.7557519361 7923.468555458222 229935.09064908 235099.85220733265 0.0 27218.71696245661 0.0 0.0 0.0 0.0 0.0 0.0 0.0 0.0 0.0 0.0 0.0 0.0 0.0 77515.73175487659 41206.1923766046 141.74988891292145 26370.507878703695 208870.4600868092 249321.15378270292 471752.7140734036 270054.8967092989 131115.91470124887 280965.8874458101 75861.55449498641 151009.28376592818 200106.51747421245 92886.38285506489 11473.171944452342 0.0 0.0 2804.620469710757 36699.217435864215 43934.324546923126 225962.87821935338 648165.4175918511 1242475.3511485942 1157136.4015913545 2898380.8111446183 4019235.795822646 1112181.203498455 57884.08975407782 1234103.309727954 240392.53066067668
1400126.4424896247 1056895.28713224 323219.1611949204 63360.40127155089 74147.63199547453 50106.35273959313 52560.43344112714 7476.983735729091 37490.93484900119 161829.45151612474 135578.02911411744 11569.254157909329 0.0 579238.1589628247 1147699.9290326023 185051.898894121 292387.6458407838 307772.58764589415 22395.60249209096 0.0 24997.710336778233 0.0 0.0 0.0 0.0 0.0 0.0 0.0 0.0 0.0 0.0 0.0 0.0 0.0 7894.391698483408 0.0 0.0 42335.49533952823 84717.67404972429 228917.6926443948 142815.6894395276 45057.209879165915 11219.538188283153 47299.03793501516 284352.73725789273 137270.80726463112 51511.95153129593 77897.39643727576 158618.89723394153 195895.8019701917 4395.575153831118 0.0 135953.95394697448 688202.3288474937 481010.3882698813 245332.7982129149 184814.71568550167 3375554.1979954354 4213724.6089759655 2480420.8854649793 48840.042922322355 258607.1706028503 669632.9028502345
901505.9645530293 99430.78255466215 9814.46196574109 42726.40739383379 279993.2854649516 107688.83450413868 7872.439795405121 1951.3679015794714 7750.411056164284 4315.009521804666 19751.451191283493 2018.9784338524103 472409.5226247665 438957.84844392235 546370.8852606429 526131.1615706857 588907.9783265516 410267.24618268164 40390.92199125224 0.0 27177.331235940317 18186.995844976693 0.0 0.0 0.0 43415.263487385775 0.0 0.0 0.0 0.0 0.0 0.0 0.0 0.0 0.0 0.0 0.0 80104.71874680801 0.0 0.0 390083.96358550416 444975.4299475596 156024.38520076306 198171.40243559153 13902.455982593257 16818.646754973208 50787.87783566052 38234.60796875836 0.0 0.0 34078.50732976835 0.0 32277.428834982114 203079.86145114413 0.0 30077.77184843035 11328.713324421387 2548764.489303614 2742226.7639522124 2458477.0885646967 28903.067471334885 1458.0079008873122 0.0
95456.56828070995 39993.05698752747 32288.106617620364 89302.05745252814 3099.339785387091 3494.157892868596 0.0 8212.738018286538 7827.955033060705 4822.666791272834 10983.105249329723 33728.84599658766 42734.39279501796 19354.430289431602 0.0 0.0 65784.50831985725 0.0 0.0 0.0 14013.012474625668 0.0 0.0 0.0 26571.620092009005 0.0 0.0 0.0 0.0 0.0 0.0 0.0 0.0 0.0 0.0 0.0 0.0 28357.291427124543 0.0 0.0 2158.824945499101 109106.7468608848 276043.47303911933 60365.53824717911 15916.619436601295 221384.3684318797 104491.24120591178 307877.0678747995 3132.882404542089 0.0 0.0 0.0 0.0 12890.397015230275 7099.740012305229 545444.5072407699 228645.747133008 465084.3876844715 694821.106130226 259695.1730481341 72261.28288510305 15680.421176513597 0.0
