Model Version1.4/trunk/input/1999/n_man_eff_crops.asc
ncols 720
nrows 360
xllcorner -180.0
yllcorner -90.0
cellsize 0.5
NODATA_value -9999.0
[rows 140 to 167 of 360, columns 315 to 377 of 720]
-9999.0 -9999.0 -9999.0 -9999.0 -9999.0 -9999.0 -9999.0 -9999.0 -9999.0 -9999.0 -9999.0 -9999.0 0.0 0.0 0.0 0.0 0.0 8760.101925593322 12659.45757856394 0.0 0.0 0.0 0.0 0.0 0.0 0.0 0.0 0.0 0.0 0.0 0.0 0.0 0.0 0.0 0.0 0.0 0.0 0.0 0.0 0.0 0.0 0.0 0.0 0.0 0.0 0.0 0.0 0.0 0.0 0.0 0.0 0.0 0.0 0.0 0.0 0.0 0.0 0.0 0.0 0.0 0.0 0.0 0.0
-9999.0 -9999.0 -9999.0 -9999.0 -9999.0 -9999.0 -9999.0 -9999.0 -9999.0 -9999.0 -9999.0 -9999.0 0.0 0.0 0.0 0.0 4668.232533160503 0.0 0.0 0.0 0.0 0.0 0.0 0.0 0.0 0.0 0.0 0.0 0.0 0.0 0.0 0.0 0.0 0.0 0.0 0.0 0.0 0.0 0.0 0.0 0.0 0.0 0.0 0.0 0.0 0.0 0.0 0.0 0.0 0.0 0.0 0.0 0.0 0.0 0.0 0.0 0.0 0.0 0.0 0.0 0.0 0.0 0.0
-9999.0 -9999.0 -9999.0 -9999.0 -9999.0 -9999.0 -9999.0 -9999.0 -9999.0 -9999.0 -9999.0 -9999.0 0.0 0.0 0.0 0.0 0.0 0.0 0.0 0.0 0.0 0.0 0.0 0.0 0.0 0.0 0.0 0.0 0.0 0.0 0.0 0.0 0.0 0.0 0.0 0.0 0.0 0.0 0.0 0.0 0.0 0.0 0.0 0.0 0.0 0.0 0.0 0.0 0.0 0.0 0.0 0.0 0.0 0.0 0.0 0.0 0.0 0.0 0.0 1791.7731014005367 0.0 0.0 0.0
-9999.0 -9999.0 -9999.0 -9999.0 -9999.0 -9999.0 -9999.0 -9999.0 -9999.0 -9999.0 -9999.0 -9999.0 0.0 0.0 0.0 0.0 0.0 0.0 0.0 0.0 7040.339582605054 0.0 188.26297018679423 0.0 0.0 0.0 0.0 0.0 0.0 0.0 0.0 0.0 0.0 0.0 0.0 0.0 0.0 0.0 0.0 0.0 0.0 0.0 0.0 0.0 0.0 0.0 0.0 0.0 0.0 0.0 0.0 0.0 0.0 0.0 0.0 0.0 0.0 0.0 0.0 0.0 538.6945674262525 0.0 0.0
-9999.0 -9999.0 -9999.0 -9999.0 -9999.0 -9999.0 -9999.0 -9999.0 -9999.0 -9999.0 -9999.0 -9999.0 0.0 0.0 0.0 0.0 0.0 0.0 0.0 3530.680332329009 17090.1564141872 4595.149919618409 0.0 0.0 0.0 0.0 0.0 0.0 0.0 0.0 0.0 0.0 0.0 0.0 0.0 0.0 0.0 0.0 0.0 0.0 0.0 0.0 0.0 0.0 0.0 0.0 0.0 0.0 0.0 0.0 0.0 0.0 0.0 0.0 0.0 0.0 0.0 0.0 0.0 0.0 6669.10894593791 0.0 0.0
-9999.0 -9999.0 -9999.0 -9999.0 -9999.0 -9999.0 -9999.0 -9999.0 -9999.0 -9999.0 -9999.0 -9999.0 0.0 0.0 0.0 0.0 0.0 0.0 0.0 0.0 0.0 0.0 5985.451214005625 8365.899912265306 0.0 0.0 0.0 0.0 0.0 0.0 0.0 363.44827676555866 0.0 0.0 0.0 0.0 0.0 0.0 0.0 0.0 0.0 0.0 0.0 0.0 0.0 0.0 0.0 0.0 0.0 0.0 0.0 0.0 0.0 0.0 0.0 0.0 0.0 0.0 1085.3657463916236 0.0 3255.306052293579 542.7158639422485 0.0
-9999.0 -9999.0 -9999.0 -9999.0 -9999.0 -9999.0 -9999.0 -9999.0 -9999.0 -9999.0 -9999.0 -9999.0 1088093.5423659587 1286972.397249274 823923.269522078 400214.2103875104 281626.05264194286 0.0 0.0 0.0 0.0 42036.727186513795 0.0 5589.306114700486 30768.543066071583 0.0 0.0 0.0 0.0 0.0 0.0 0.0 0.0 0.0 0.0 0.0 0.0 14027.160460841817 18122.716108257027 16505.89822950539 18892.620115019803 2027.4378552335045 0.0 0.0 0.0 0.0 0.0 0.0 0.0 0.0 0.0 0.0 0.0 0.0 0.0 0.0 0.0 1450.0963981083794 4230.655123280787 0.0 9276.292895368513 0.0 0.0
-9999.0 -9999.0 -9999.0 -9999.0 -9999.0 -9999.0 -9999.0 -9999.0 -9999.0 -9999.0 -9999.0 -9999.0 97198.8395833169 98633.54712469685 0.0 0.0 3632.802245485015 183652.16597108016 115604.43701775018 218729.6949580157 0.0 48179.93928200699 6029.490471119197 0.0 2800.853078397629 0.0 0.0 3832.731835852705 0.0 0.0 1092.9451897368617 4459.229780901825 0.0 0.0 0.0 0.0 5728.3893127152105 147817.0625425622 78855.01808263433 0.0 0.0 0.0 0.0 0.0 6862.423393743325 0.0 0.0 0.0 0.0 0.0 0.0 0.0 0.0 0.0 0.0 0.0 0.0 0.0 0.0 1089.1600588511578 0.0 0.0 0.0
-9999.0 -9999.0 -9999.0 -9999.0 -9999.0 -9999.0 -9999.0 -9999.0 -9999.0 -9999.0 -9999.0 4061.236781970062 287282.42790241947 376197.8823723389 4912.900146700585 2886.082650466257 0.0 0.0 175180.9902068832 154567.73267456755 0.0 0.0 0.0 0.0 0.0 21503.811891958496 0.0 3401.3362315342506 0.0 0.0 0.0 0.0 0.0 0.0 0.0 0.0 37457.589453368135 0.0 30219.287113762926 0.0 0.0 0.0 0.0 0.0 0.0 449.411514608495 0.0 0.0 0.0 0.0 0.0 0.0 0.0 0.0 0.0 0.0 0.0 0.0 0.0 9292.474869307978 0.0 0.0 0.0
-9999.0 -9999.0 -9999.0 -9999.0 -9999.0 -9999.0 -9999.0 -9999.0 -9999.0 -9999.0 0.0 1322667.7604635286 470121.20152432827 24869.494289434628 25016.004991969352 1671.9963587706013 14193.799462620504 0.0 46668.42289216967 184328.48915907918 0.0 60585.341611341384 183704.6527408268 121404.27000181233 4666.550885369481 131199.88333509324 116083.75363419775 420173.16845985287 427519.90772823826 246046.98474519496 181687.60810332448 121358.96817824121 0.0 0.0 62442.444100472276 0.0 0.0 0.0 0.0 0.0 0.0 0.0 0.0 916.4530497195803 561.0718858475464 0.0 0.0 0.0 9895.465055322473 5755.4876549371365 0.0 0.0 0.0 0.0 0.0 0.0 0.0 0.0 0.0 399.2363733503787 0.0 0.0 0.0
-9999.0 -9999.0 -9999.0 -9999.0 -9999.0 -9999.0 -9999.0 -9999.0 -9999.0 -9999.0 210730.38608334426 3172829.286324762 386325.16143016843 36677.54439132329 62939.4653397895 77679.53074320119 14484.069130416 2071.6125003583497 3664.6197560036626 124675.12418761979 135443.1349803791 337125.2480578033 217652.33107259052 384257.7230326992 100910.51425598495 1029361.5207424978 956754.8506462902 603842.0543065519 676044.0213063107 539480.808178615 213492.16690622704 424120.34771871514 77439.05136795678 0.0 198068.14301820175 996.638253504764 289239.2570111862 186276.8848839164 132156.687021289 128161.41397210179 0.0 0.0 0.0 587.6218511966698 2494.9195944660864 2566.264917692511 60361.96677591496 18931.889841382297 4670.053545668797 591568.2569445636 2545.0159911870364 0.0 0.0 2939.7436013381007 8057.933789027548 28906.28299062497 66931.88611236386 2628.2229992043003 0.0 35884.110336747115 76399.0656215006 224176.79741831566 123939.7618436224
-9999.0 -9999.0 -9999.0 -9999.0 -9999.0 -9999.0 -9999.0 -9999.0 -9999.0 -9999.0 -9999.0 3006234.868698361 330028.68181637395 337257.70405523625 364294.75992392114 945994.0336956768 300718.6239865461 10781.213609920604 253677.82962790816 1498858.159247165 884498.1095514421 215191.10745706057 604961.998567075 173381.34226205476 47564.60358704388 699411.8220728568 460741.33690056665 225750.5403755729 83244.8035314281 162133.33426709194 222746.36068631287 148327.68335968448 120353.76771605862 60592.58802190851 18205.968104726646 111288.05617792613 211811.34676441102 320928.8615372476 212156.83541032387 1233.335704094623 0.0 0.0 160.33256031504857 0.0 0.0 1168.096946113215 0.0 127937.97824531767 51479.702853516304 769483.1779018048 299697.3709614355 0.0 294176.64273657877 307099.0962152098 766675.2563105199 29911.11835294388 476457.41575393215 621833.2872338672 471773.2776595595 0.0 646948.8466719969 217043.28192140636 899562.4400101099
-9999.0 -9999.0 -9999.0 -9999.0 -9999.0 -9999.0 -9999.0 -9999.0 -9999.0 -9999.0 -9999.0 33288.30452379095 6812756.451324238 3234888.000496002 3931830.722770341 3244238.380848088 1607288.2090161499 1764315.8416716913 164525.21348016005 202189.23938074728 69663.56040838607 0.0 15496.69997940897 180093.21930813958 17115.647650712275 11166.766156676691 30989.17314188591 75060.00195183717 842623.4132546597 1978558.1208256113 1178803.817288672 29124.356305153244 759745.8993603135 331650.8921321618 58701.561990616596 227589.11951681634 680864.9849035249 258662.0194307851 516284.59326587763 890.7623111091233 872.4195164427545 0.0 0.0 0.0 250.52751504760502 0.0 60426.619794031 146411.1850597016 99750.45128834186 198182.91423912905 171289.14811559438 645509.2030187094 618621.7842997292 194628.2326867211 136629.91178157367 70569.45276103364 84257.77352601608 721113.3501198645 903574.8570030947 1011667.7934901179 986299.6956922588 920147.8545511853 11013.83153436728
-9999.0 -9999.0 -9999.0 -9999.0 -9999.0 -9999.0 -9999.0 -9999.0 -9999.0 -9999.0 -9999.0 4561633.423222563 4941879.788753969 1901634.6954700283 186242.8964253414 425563.6164708246 2904970.861055475 255141.27044139602 64460.44654219228 13810.723046397854 13484.221137881095 7635.481451468257 16483.913373513533 20467.950050233463 12993.764603969363 222724.72881077637 278091.38179878896 88122.7596756058 808045.8719418782 870443.231464936 460298.1231127085 2282422.179085692 1686593.647639836 189756.04905030908 1493352.2084978856 1776568.6781336532 816034.0670781413 1735648.6399590352 2807217.3246580735 65629.68112865988 45735.16202645048 26650.4038205323 141369.14607497214 3178.522967206534 7879.222501678682 4337.418539962607 98909.39095600203 907394.8959062881 728884.0626259983 642341.9437369527 827996.7331653244 1402699.1250279797 1367560.026423589 259695.54481406204 220684.0261026417 249908.7506599479 194069.10354775022 220588.83052287693 1398139.8068484091 1851237.2970625772 281561.2093389002 1322734.0955194116 993412.637175331
-9999.0 -9999.0 -9999.0 -9999.0 -9999.0 -9999.0 -9999.0 -9999.0 -9999.0 -9999.0 -9999.0 71128.39289056297 225774.2702905603 424489.5325968655 295233.71024381486 313945.5472867302 208086.457814862 126266.19917637487 78673.31754713385 3176.1063124929774 18677.455310598645 7636.728642867948 5809.624616289069 0.0 17244.161321198007 181831.1866119404 144147.88298915763 135906.12922716464 261132.49265545773 275967.6043163552 868181.6774923789 1758697.436497194 1376275.8320169381 2716608.1511296183 2210262.037987163 1867504.7669315839 409809.90845028905 288563.5508451867 2350593.363760968 138788.94514463557 1355160.0288319155 133421.66424583195 1505526.874084565 80232.42463169049 181951.08521171377 102577.99556361494 32791.99721253528 397980.8127818797 1307330.3259698674 1969291.466799784 1704612.654450036 1769593.7432206771 1892035.2927819693 434965.625332479 762187.9438445747 1399677.1217000275 1552213.2379275658 1325559.0832954692 1340853.7294891025 1332867.6915465493 1167019.8567409513 1121487.0379260017 265204.9072604693
-9999.0 -9999.0 -9999.0 -9999.0 -9999.0 -9999.0 -9999.0 -9999.0 -9999.0 -9999.0 -9999.0 603865.9270666427 158525.6632146649 1631620.714604831 1914629.9957755858 1214863.083596593 889138.3233331448 742902.69954332 31924.220520424205 41813.53677858163 27180.435827155638 127888.65279396642 1783.9359043893394 0.0 36784.58654929708 42204.46812863559 43620.23395408167 140364.41840808332 454546.7267677069 1370577.6724801504 808111.8731227478 1365355.0894876237 1144628.0094134025 1226406.4859518968 1404246.0631734112 1394274.8952663175 440808.3118594368 448298.87405321625 2645995.5377320056 2813978.05905049 5396333.125453822 497789.7714455667 324671.8938225509 5138506.29613912 4090673.1004948663 926832.9812054798 381356.42160203477 135043.09050449633 765790.0986043944 602980.0712799702 56207.606651705995 34592146.92150075 460792.65342876496 343379.1848465573 1287353.793134175 1465710.9449818153 1242610.3297077655 1185112.6461049153 1442193.3156679668 1393377.0187768186 1672824.2709344998 1523474.211893543 1467722.1157498509
-9999.0 -9999.0 -9999.0 -9999.0 -9999.0 -9999.0 -9999.0 -9999.0 -9999.0 -9999.0 -9999.0 -9999.0 255647.19873362954 122276.5482852647 201871.97599178678 882855.4175422709 112863.60595225017 52614.82757994436 30179.59652179323 24588.77540714715 659855.3307432517 236369.031902132 8762.941190803376 51728.82341880237 25858.705271552066 63760.21723478187 108663.04179350608 273548.8348834006 937921.4725783179 947122.7354686636 817790.7647297009 1597246.099744735 1320795.6183879187 1355295.2067292253 549789.5985046029 391885.46930636134 3993640.2608673745 1999063.6750170614 427452.8124604391 2710378.8341583624 373717.6051140336 476151.2229632492 752487.2504380873 4663263.198391317 6029137.360449752 326120.50273841765 64214.45406662425 84853.72769402771 204794.91360634926 104583.46316640792 30722.62974496263 1291011.8722636667 1399785.0065330297 1360933.2067905331 1135546.4515307115 1253473.2127478602 1182964.1141738633 1253157.1289285927 1348875.6935602948 1534852.8140116062 1710134.845683523 1564906.900923118 1613187.5839758285
-9999.0 -9999.0 -9999.0 -9999.0 -9999.0 -9999.0 -9999.0 -9999.0 -9999.0 -9999.0 -9999.0 -9999.0 234961.06077920023 18670.395133198544 120117.67348954127 1921806.4755186911 456067.1315160592 160664.3454208188 153514.6358495761 88584.32768572702 91617.55830028263 9844.73932948056 692555.6060583798 62019.25658816651 8011.379243349766 420.11030090759044 149955.4431505221 2205216.248848245 733887.5364988063 784305.2079014538 1302625.1940659734 1059562.2676672603 1453955.7448311064 1530956.9613718092 2468336.1452781046 1440382.4960406974 2595155.7143231593 276662.56093841244 206658.74227923687 224397.9361234087 331485.68008644186 106923.72792292661 101655.6233837607 3646299.1091455086 5292556.394916347 681399.795402734 110954.95860600281 28453.361261965263 25393.02368897808 863553.4089535589 146249.97241591662 158705.20022102882 893241.0525170917 1206594.7146034022 1296448.1094887827 1446324.9751372868 1409842.8544753261 1293585.3320523351 1269764.8358952675 1626611.877796159 1690387.9329993147 1640273.9246828735 1542483.3518409112
-9999.0 -9999.0 -9999.0 -9999.0 -9999.0 -9999.0 -9999.0 -9999.0 -9999.0 -9999.0 -9999.0 -9999.0 -9999.0 -9999.0 99253.04314581412 49219.25921622674 119953.69057733397 121378.07205065584 174102.01628822638 102946.89668602728 880546.5015098876 31075.164500831765 732510.3948374406 513837.02664333856 6082.262525639009 41524.65292607522 63974.55598287267 53292.49167160169 143313.0018617972 121540.77945033566 564183.4304645184 768190.5645824862 1386705.9742618646 1160372.9718983073 441369.0866464587 259884.6175062304 261514.01254809793 179239.8131189527 213640.05095633134 470665.82713957696 366439.6724187963 257951.58114158333 403830.9583247605 551176.4707133104 715216.0920530305 787252.2763223384 780115.0231467679 107408.91720472631 37326.63317969531 4480.951696870301 160810.99656556576 38623.173557531816 1046305.347650157 988976.2888365455 1102408.3169071411 1405567.9362144186 1320243.1274528082 1125065.2050695498 1150031.46669028 1258424.2032111145 1606151.7058313307 1545527.702954701 1319500.7151141216
-9999.0 -9999.0 -9999.0 -9999.0 -9999.0 -9999.0 -9999.0 -9999.0 -9999.0 -9999.0 -9999.0 -9999.0 -9999.0 -9999.0 -9999.0 236.76480238450907 67326.16654899933 1693958.1816047854 1397679.0325937883 77675.7004981808 74269.281016065 791044.0497579727 679798.5786927622 9079.450877079049 2039.851128332287 65884.29168493547 49293.46045054752 2974.264332652282 5191.736653308253 5530.720802415056 4918.652711268385 327608.15380800737 573727.0601983954 629351.1943956409 552194.1946493905 120428.2078097864 46790.13543857973 7539.098431948963 77939.23428239542 339428.504280479 267092.0160337079 58455.416022678546 262203.3532280141 440383.85786306974 529770.9973118353 528476.5761253388 819161.8467556956 144760.78514506778 49279.793290776266 56618.57641356094 66448.29070118994 126348.7881070419 139786.55370770572 227350.58271152756 959707.3726374975 1312211.262889097 1079796.5140809817 1253075.5459610766 1053515.2164173804 1223028.762882122 1372375.8597171789 1255970.3370387896 1508757.6732580047
-9999.0 -9999.0 -9999.0 -9999.0 -9999.0 -9999.0 -9999.0 -9999.0 -9999.0 -9999.0 -9999.0 -9999.0 -9999.0 -9999.0 -9999.0 -9999.0 -9999.0 345896.84520497324 92605.26481270544 113858.23263550896 22959.39776993056 9306.57279369541 7311.8523371934425 112716.48449542873 51296.026214031175 3263.782234359432 579.0363752157243 689.8039776831205 929.8305898857011 3104.962022224654 544.1892495025448 75219.25781679431 202070.87132308763 283123.4124736958 109922.30529745674 1149.454360730563 19660.568891460483 2815.2752826453884 35464.15200217001 328165.9157018785 306678.2852553595 17565.13022164295 325788.32431270403 565131.8019302416 388376.4814243881 557522.6443003481 790911.7109798421 593309.2879165611 29708.510300633272 19485.656683101282 18476.00757544002 93924.67164108263 110863.56170301994 93925.00596383517 557794.6507587242 686941.1459550073 911913.2510738556 1252710.5688655395 1232728.8343670906 1188631.0333760167 1123667.5395767384 1417492.9739003372 1498620.5424602272
-9999.0 -9999.0 -9999.0 -9999.0 -9999.0 -9999.0 -9999.0 -9999.0 -9999.0 -9999.0 -9999.0 -9999.0 -9999.0 -9999.0 -9999.0 -9999.0 -9999.0 -9999.0 105805.50062192064 635767.6332830857 8891.09554717481 30140.45919686876 70495.98816995462 6534.796970210105 49328.62361031168 58432.49965541067 10091.401319066767 7493.649696183882 8312.738612252302 734.3708388557417 1675.2327448293336 3469.797023514191 88330.65579093211 244515.52490731905 34355.938745152795 5177.84994665088 731.2079630026174 0.0 1065.351501902174 48192.4650889593 123920.24490514281 83595.15967891488 240596.41863989364 391005.84139619704 237159.38203787967 314281.9044775057 266932.415544268 445047.0487479365 32047.628896912905 35807.838736812504 64782.69494057386 560966.5552072113 493939.01058071834 360413.94533630594 583136.2423756486 756550.8107659231 1033004.8547685108 1353405.323257705 1100861.6440040744 1077942.1091232318 894689.4529137829 1132923.3323990284 1060414.9539179937
-9999.0 -9999.0 -9999.0 -9999.0 -9999.0 -9999.0 -9999.0 -9999.0 -9999.0 -9999.0 -9999.0 -9999.0 -9999.0 -9999.0 -9999.0 -9999.0 -9999.0 -9999.0 95195.70253154145 643183.7903123086 89363.05622606046 131766.97031753437 101133.7724869598 63748.34017990981 2354302.5861033387 1629870.6317156488 77595.23284144767 4932.805759044324 37362.482445278896 1000.1546135576493 5022.941962977904 10919.847089166757 32017.560976604764 8072.46367842124 2787.373926831192 7567.56987432282 1094.226694755581 621.2409465849742 4206.373092469386 405.24220355769614 56903.89181830572 52264.252394118754 269613.99666661565 81284.31115380388 305601.185148166 376261.5838486193 156865.34593716296 621968.9863302958 109003.9926145112 30493.489597652755 73684.9502365521 238703.21923850995 819149.3726257307 859477.2601927818 704825.011741442 502374.6408705056 792570.9783653433 978286.4684589655 780332.9159685198 768621.3229694202 979238.8684525907 1014722.4850653671 1016951.253432135
-9999.0 -9999.0 -9999.0 -9999.0 -9999.0 -9999.0 -9999.0 -9999.0 -9999.0 -9999.0 -9999.0 -9999.0 -9999.0 -9999.0 -9999.0 -9999.0 -9999.0 -9999.0 12638.238109330188 116339.84409047215 661384.0793212045 560653.9263953018 88676.18247587096 489951.4632248264 20856.520954751326 5714.737128902611 131651.78642277315 138189.94222545638 1013693.8026739644 22627.379763083132 26391.697154596513 11790.738451311232 13835.378942518346 70231.94468102639 122240.64275448564 14182.341928497526 9484.136395457075 7653.4400442063325 17502.503084496326 87571.46441073877 79891.42892680573 179187.65521501654 120779.17980764879 310977.37128470896 369787.7154182557 334317.5691244314 61836.41659956382 564221.4081974361 109652.51316260394 91031.06204524667 159494.35911073143 667739.1527542606 710583.5876458747 815330.6133033781 429255.8832847194 156505.90161700206 163902.2871895515 203646.1260452076 686406.6236459571 760701.5175284244 888223.7656628046 934812.0960944956 1000783.9340063191
-9999.0 -9999.0 -9999.0 -9999.0 -9999.0 -9999.0 -9999.0 -9999.0 -9999.0 -9999.0 -9999.0 -9999.0 -9999.0 -9999.0 -9999.0 -9999.0 -9999.0 -9999.0 -9999.0 35323.86275606941 543000.005701213 746312.1414840635 640907.9203874078 48420.884475226696 83.91884617409848 1747.0524065928214 195319.1596123706 2850544.0238126554 182730.62308068832 75195.89934097542 66857.28501648935 296466.70990028343 45773.22592105852 293524.11962623685 52951.644515319196 77252.9290074669 194293.91330237233 422204.68235949613 419757.6331875362 378434.78453545686 468253.27036429854 275024.9653045569 154419.81505316286 296147.79985299095 73189.45245488672 99164.59363430396 92963.49132602185 683991.1948899687 103606.20809538048 106533.72773623806 257074.28950585375 880717.8404594763 1062345.6924116444 945076.2480068131 924155.33064513 1005383.0382040078 322037.4563884322 575586.1918890593 737429.4943068129 341582.2444256843 903587.0970747985 477055.4751106865 1077870.5840830042
-9999.0 -9999.0 -9999.0 -9999.0 -9999.0 -9999.0 -9999.0 -9999.0 -9999.0 -9999.0 -9999.0 -9999.0 -9999.0 -9999.0 -9999.0 -9999.0 -9999.0 -9999.0 -9999.0 -9999.0 16578.731475521032 380315.9431046604 83043.18937396858 0.0 4986.88907772173 11501.641647659275 1076724.9844499875 17542.579527613034 111435.64351389086 430453.92156208295 485837.0182478237 455795.51560206315 458209.640083028 306777.8941751111 377396.6215775822 47865.5634464271 360578.88776770886 476613.9600439029 396435.18203455897 483876.31323220633 492265.85593862244 474044.44020784646 295114.53700283 128714.60283805031 172851.36358678053 81368.58844441758 383493.55112391064 693039.9405239704 1163946.5107065395 1365571.4676641624 2074810.8607259542 1051000.9978504754 981534.0330020128 917682.3491019588 973462.4921443965 955357.9392751212 857872.728629394 907065.184661151 810657.2796311689 314884.14181021973 477598.07740331546 490159.0213089926 1240912.9838417054
-9999.0 -9999.0 -9999.0 -9999.0 -9999.0 -9999.0 -9999.0 -9999.0 -9999.0 -9999.0 -9999.0 -9999.0 -9999.0 -9999.0 -9999.0 -9999.0 -9999.0 -9999.0 -9999.0 -9999.0 -9999.0 0.0 5441.099844835911 485611.54351538705 883747.9995384726 16356.136001846207 14074.54176988443 13321.140233084729 129924.42708827909 123376.42672567414 480244.84632824163 534622.2645792863 541385.7856812086 595183.0905851193 484588.7901719272 89183.95675016701 460090.0862599337 584403.3105720653 499909.9389307755 167692.8557118714 367083.605214288 575905.27796926 566990.9058757732 371953.2022715554 78403.17015707957 228705.71102012126 863109.1207995766 955213.9367200256 1623674.6285680337 2186787.0047257254 2847745.2287858604 922407.3191057602 561626.8575701788 573534.7514147414 907143.1737481588 298740.9103110031 606782.9217374977 1016512.7557878318 902796.2947783723 892193.9862058193 459774.105433131 997524.293866538 948355.6436645543
-9999.0 -9999.0 -9999.0 -9999.0 -9999.0 -9999.0 -9999.0 -9999.0 -9999.0 -9999.0 -9999.0 -9999.0 -9999.0 -9999.0 -9999.0 -9999.0 -9999.0 -9999.0 -9999.0 -9999.0 -9999.0 -9999.0 -9999.0 6441.119003793339 452670.54086744366 6028.366068996671 1859.0134815630852 3764.7174301341674 14874.339882412638 68047.01644442945 97514.08700542843 611725.5210425879 525138.0181432915 583404.9007812517 605431.881691525 584412.3620953878 517110.1754922352 614013.5594425546 517493.4757106913 208072.3433931779 170695.12119481407 474362.4779962201 414075.5242207864 517025.62495031516 650343.8885669583 11773.597788790023 532227.7860561358 1025700.8886844604 525133.2349907621 536304.0312769758 239808.12823592764 58942.99000049258 41759.49699899069 79685.52839866484 721543.8985080102 456865.5144050665 778506.053518052 1241667.6995047668 919358.0510570296 1108145.8132290319 989844.003011221 1445207.822575831 523425.69161319686
