Model Version1.4/trunk/input/1999/nero_nat.asc
ncols 720
nrows 360
xllcorner -180
yllcorner -90
cellsize 0.5
NODATA_value -9999
[rows 58 to 86 of 360, columns 201 to 267 of 720]
-9999 -9999 304.915841464 2510.56146372 4773.18036582 4176.14473171 3750.92918936 4324.11711641 4428.78097537 4007.19715687 4293.96361182 3589.5304406 5112.52845971 4641.74712145 6215.25341234 4709.08121704 4988.5081255 5870.91140321 7709.22462094 3295.70824716 204.93563003 -9999 204.939083241 59.4590095578 -9999 -9999 -9999 -9999 -9999 -9999 -9999 -9999 -9999 -9999 -9999 -9999 -9999 -9999 -9999 -9999 -9999 -9999 -9999 -9999 -9999 -9999 -9999 -9999 -9999 -9999 -9999 -9999 -9999 -9999 -9999 -9999 -9999 -9999 -9999 -9999 -9999 -9999 -9999.0 -9999.0 -9999.0 -9999.0 -9999.0
-9999 -9999 -9999 313.140059935 2778.93106741 4703.85336704 4448.45147166 3701.72792879 3002.05080486 4082.33273684 4290.97673877 3748.17360835 6192.85568127 7487.31534555 7280.17104505 8509.2070802 8837.29321915 6481.18972611 5715.82664598 2826.12905968 -9999 -9999 1582.8790693 343.958960119 -9999 -9999 -9999 -9999 23.2711021326 10161.6986105 407.792513327 -9999 -9999 -9999 -9999 -9999 -9999 -9999 -9999 -9999 -9999 -9999 -9999 -9999 -9999 -9999 -9999 -9999 -9999 -9999 -9999 -9999 -9999 -9999 -9999 -9999 -9999 -9999 -9999 -9999 -9999 -9999 -9999 -9999 -9999 -9999 -9999
-9999 -9999 -9999 390.583504482 4342.27519755 6933.55940986 6949.60052025 5979.20463002 6151.72880417 6153.77107922 7055.96831314 6560.76394494 7355.50851439 10089.9123227 9794.38166195 7322.28516275 6453.03133131 6703.09771284 6157.60901401 3348.7064794 -9999 -9999 -9999 -9999 -9999 -9999 -9999 0.0 4716.65971551 26734.6978875 20040.0418056 540.910782818 -9999 -9999 -9999 -9999 -9999 -9999 -9999 -9999 -9999 -9999 -9999 -9999 -9999 -9999 -9999 -9999 -9999 -9999 -9999 -9999 -9999 -9999 -9999 -9999 -9999 -9999 -9999 -9999 -9999 -9999 -9999 -9999 -9999 -9999 -9999
-9999 0.0 462.334794836 3876.07010991 7330.13071336 6786.99915608 7121.18079101 6145.25457563 5399.55398521 6965.4309367 5838.70335143 5646.03861792 7625.1394399 9209.16345849 6770.43104484 5293.99897258 5765.72891286 5782.77193222 8331.01860973 5814.67535063 819.258031509 -9999 -9999 -9999 -9999 -9999 -9999 528.093057077 18647.676016 35896.8781694 50199.2331848 27889.9097604 719.040656163 -9999 -9999 -9999 -9999 -9999 -9999 -9999 -9999 -9999 -9999 -9999 -9999 -9999 -9999 -9999 -9999 -9999 -9999 -9999 -9999 -9999 -9999 -9999 -9999 -9999 -9999 -9999 -9999 -9999 -9999 -9999 -9999 -9999 -9999
-9999 85.1950974484 5358.45362629 5937.92230285 6353.86752238 6660.09973737 5733.22787454 5995.85320591 7086.07439789 8346.44763027 8367.67127843 6562.22182622 6015.82088543 5788.58295575 6781.44712397 5703.3139708 7078.91979051 8833.31121167 11036.4698689 6057.20350242 4768.53268891 4205.46060095 881.4890165 -9999 -9999 321.769269473 4102.78877538 10194.915145 23364.0205723 30362.7141834 50543.355503 66837.3728341 45488.1915551 776.992489634 -9999 -9999 -9999 -9999 -9999 -9999 -9999 -9999 -9999 -9999 -9999 -9999 -9999 -9999 -9999 -9999 -9999 -9999 -9999 -9999 -9999 -9999 -9999 -9999 -9999 -9999 -9999 -9999 -9999 -9999 -9999 -9999 -9999
-9999 -9999 233.720470355 2177.98531717 9528.35753409 10767.7789459 8258.05340363 8443.65078522 6220.19841869 9375.3939372 8259.63854836 8172.62506923 7722.71362784 11003.1941704 11563.3357084 12641.3361518 11138.6795788 8170.70094933 9639.07682969 13317.1958282 8872.0600581 7937.84466203 6075.84224986 2828.41964536 3004.69903532 6555.61501331 9939.72105023 14804.5328909 19788.0106855 19835.3895846 18491.0909509 39188.0597602 37601.4426133 14570.1280541 185.912030565 -9999 -9999 -9999 -9999 -9999 -9999 -9999 -9999 -9999 -9999 -9999 -9999 -9999 -9999 -9999 -9999 -9999 -9999 -9999 -9999 -9999 -9999 -9999 -9999 -9999 -9999 -9999 -9999 -9999 -9999 -9999 -9999
-9999 -9999 -9999 -9999 115.485328022 11385.8626662 10759.6345058 10730.9738939 11165.926021 10331.7676536 10537.2222656 12104.1344353 11230.7218905 9396.00508084 8581.38799259 8005.82323926 8370.18299648 9049.96428706 8939.11842052 9532.63793156 10001.1853474 6073.29292074 5646.09355049 5744.75790399 5764.0102218 6741.24096942 9019.53835944 13669.8349353 18145.0564945 16913.7822287 10286.9855569 21751.9418023 24545.1842241 22734.471856 18897.3229156 2370.22042872 -9999 -9999 -9999 -9999 -9999 -9999 -9999 -9999 -9999 -9999 -9999 -9999 -9999 -9999 -9999 -9999 -9999 -9999 -9999 -9999 -9999 -9999 -9999 -9999 -9999 -9999 -9999 -9999 -9999 -9999 -9999
-9999 -9999 -9999 -9999 -9999 1526.76961071 13729.2497151 10890.92369 9848.75156768 9378.09090183 13037.1252143 9818.04439123 7976.29703719 8647.93629936 12159.666969 13233.1173264 11908.26387 12088.9288584 8670.14386524 8803.80255506 15794.7574622 7466.8605714 5079.04477822 5298.55656752 7347.63084988 5903.50027732 5435.63092717 8323.25540194 16721.1722677 14433.2255324 10687.1206164 8047.69753731 18072.9738989 28254.4352043 22319.6975497 7116.95106513 253.50610124 -9999 -9999 -9999 -9999 -9999 -9999 -9999 -9999 -9999 -9999 -9999 -9999 -9999 -9999 -9999 -9999 -9999 -9999 -9999 -9999 -9999 -9999 -9999 -9999 -9999 -9999 -9999 -9999 -9999 -9999
121.693800314 -9999 -9999 -9999 -9999 -9999 14673.636496 10563.7041507 11264.6305257 9976.69132761 10300.6286905 10688.5081223 10713.7503003 8385.91433836 10048.5096746 9639.75583286 10184.0963907 6372.34779138 6169.97570018 7714.5916057 18021.3009591 18159.5165146 8479.06503109 6119.4497508 72000.5615804 65013.8108401 83796.5411893 7232.35794463 10758.509692 14579.8192795 8812.56566076 7044.46563884 10441.0409517 21992.4093125 25100.3116811 10857.5394987 927.413996109 -9999 -9999 -9999 -9999 -9999 -9999 -9999 -9999 -9999 -9999 -9999 -9999 -9999 -9999 -9999 -9999 -9999 -9999 -9999 -9999 -9999 -9999 -9999 -9999 -9999 -9999 -9999 -9999 -9999 -9999
1785.05830173 1074.08966176 -9999 -9999 -9999 722.665825459 6385.03172248 17011.2322424 11231.0217755 7529.51497663 3698.04483329 7797.93394299 8019.32824638 7358.80615165 7001.74145013 6954.07900614 7795.39435063 6679.01314572 6294.32142337 8392.45905093 13088.3907896 13886.8283076 12008.6461759 120597.35621 77331.5547725 56502.8126476 67601.8175719 85594.1698419 8710.43243533 13213.5598749 7890.77658411 6861.19256365 9002.39663435 18918.3209256 21257.0318179 6281.77735653 1047.43629821 10.1046512424 -9999 -9999 -9999 -9999 -9999 -9999 -9999 -9999 -9999 -9999 -9999 -9999 -9999 -9999 -9999 -9999 -9999 -9999 -9999 -9999 -9999 -9999 -9999 -9999 -9999 -9999 -9999 -9999 -9999
25.2343068528 -9999 -9999 -9999 871.474590651 8233.31681214 8172.56876585 7289.90472276 6660.73488595 11914.7724549 6389.48444499 6909.29977789 5727.53642984 7015.16687776 7282.13822943 6920.67537846 8091.10435558 7801.49831819 7557.4127606 8155.39633938 11440.280086 11740.025722 13712.2972756 8916.27831746 122906.305859 68547.5615266 87817.8599964 87429.6668291 11404.7168681 8937.87125337 6236.2308532 11419.084839 8883.07305765 13485.1866178 24557.1684251 25857.9628487 15412.1286387 5628.41659798 407.072782837 -9999 -9999 -9999 -9999 -9999 -9999 -9999 -9999 -9999 -9999 -9999 -9999 -9999 -9999 -9999 -9999 -9999 -9999 -9999 -9999 -9999 -9999 -9999 -9999 -9999 -9999 -9999 -9999
-9999 -9999 517.655196703 3287.33126528 7886.95628565 7708.2779095 8823.32310195 7833.95833811 7260.762118 7323.03268222 6566.81916378 6856.68532385 5685.90248906 3525.25118953 4183.56307746 4918.13337273 6090.49693803 6934.42913336 97937.1666426 10873.5165563 11559.2895753 12623.1767329 12686.2726706 12190.470234 11168.065091 7581.17227657 111126.576137 107615.430542 10354.2608294 6487.21402767 4979.27842991 6479.54755824 8203.918881 8834.27783155 17905.8798468 26657.8118566 17678.9406608 13643.4308263 4184.21043591 1818.22604407 1130.51797655 -9999 -9999 -9999 -9999 -9999 -9999 -9999 -9999 -9999 -9999 -9999 -9999 -9999 -9999 -9999 -9999 -9999 -9999 -9999 -9999 -9999 -9999 -9999 -9999 -9999 -9999
2138.55944835 3970.73327471 5023.50322342 6755.19511725 6328.75636448 7282.62030765 8482.62278111 7578.35455011 6717.95979467 8755.75706632 6360.14968408 5854.03805511 4462.90845154 4168.8427602 4634.4508516 5033.88015524 6482.79006157 7573.95186587 85107.2558854 48242.1302248 59030.9079487 9408.30053586 10680.7453349 8894.01633573 11809.145016 8153.34446081 4695.04102903 69258.0560377 6645.7758744 5903.78125498 5220.00070177 6574.20587635 9965.16500301 10980.5772692 17121.7328681 18691.1151314 16295.3594039 13961.2502721 12939.8748469 10249.378598 15360.254797 6999.73890216 5309.46495691 2169.98813002 265.951832463 -9999 -9999 -9999 -9999 -9999 -9999 -9999 -9999 -9999 -9999 -9999 -9999 -9999 -9999 -9999 -9999 -9999 -9999 -9999 -9999 -9999 -9999
2217.84658745 5384.24652917 5635.10617924 5187.77408179 5872.76273807 6049.15248913 5702.22620231 8042.05095884 8131.81776431 7640.37496521 6913.75617433 5888.91573046 3991.44240558 5915.25317695 3981.99079867 4442.98865086 9389.40759087 9768.51811889 6037.28934381 30761.7186539 65136.4943547 76312.5143777 8219.70696579 9853.91541113 10792.9028413 9029.42532942 4818.74296303 5643.56963191 3920.80911826 4505.55599717 1851.28175973 3690.28289755 3859.23192358 10448.8764229 11070.9379319 12061.1365335 14355.5529162 8675.74123484 6008.6538286 9324.29446038 6637.06128108 7544.34291325 6194.85913624 3259.52779906 322.578038303 -9999 -9999 -9999 -9999 -9999 -9999 -9999 -9999 -9999 -9999 -9999 -9999 -9999 -9999 -9999 -9999 -9999 -9999 -9999 -9999 -9999 -9999
2565.35418262 53271.8945152 5230.48612669 5552.23919472 2958.3024997 2990.5301916 6298.55724493 3644.37322665 3802.96490732 5352.09887036 7675.37403724 7855.06523648 4300.54891532 5713.83536133 6122.08386569 5341.48252534 8024.51017465 8787.31875841 7330.98138313 6383.44298609 5413.18457297 4797.63974845 89406.3388844 8335.6181366 11988.0574361 11377.6048363 5830.3076813 6920.77328081 2952.83935818 3241.19340167 4883.2894796 3785.45631117 5029.56307549 5860.19606089 11417.6656227 9994.75232052 14019.7556662 13039.976264 10004.644938 2196.88002378 5524.96513173 21757.0609242 10633.5949013 15182.4957456 5208.90049978 3377.71703944 405.016220191 -9999 -9999 -9999 -9999 -9999 -9999 -9999 -9999 -9999 -9999 -9999 -9999 -9999 -9999 -9999 -9999 -9999 -9999 -9999 -9999
826.267629693 46996.3828219 62265.0385792 61679.9012845 4975.09786959 4634.64788743 7526.98225576 7779.22337414 7886.41433737 6918.87738391 6663.72900172 6371.88024017 5478.98284594 5566.00947374 6174.4045647 6179.45024067 5668.39531401 5773.06259367 10293.1227018 10606.3162379 9485.38754015 10401.9240252 10053.4121573 12321.6453118 9055.24119921 8419.21089862 6724.33877684 7810.02379079 7807.85358853 5725.20786466 6947.17952382 9403.75236383 11220.4201442 10692.0834432 8647.04606767 7956.14837449 12706.8572752 15333.8741965 7048.57181818 13418.1763168 11487.0409029 11620.6866381 6838.95326233 13189.51293 14090.0073129 12392.0295781 10356.8564299 1807.86859077 -9999 -9999 -9999 -9999 -9999 -9999 -9999 -9999 -9999 -9999 -9999 -9999 -9999 -9999 -9999 -9999 -9999 -9999 -9999
-9999 22723.8113119 66313.0596513 64743.1045917 73729.4625552 64305.9482089 5774.159093 8302.56597324 8458.8259908 7704.86516848 8905.63452267 8052.19556538 8988.79574321 6697.58067092 7100.80032848 8787.72247115 6397.77865547 4421.50120227 8084.16246846 9820.04462939 10051.3282069 9413.43234442 8819.27499385 8671.35708222 10688.6309636 8304.29671426 3696.4687305 4738.27418303 55146.225604 5535.51836142 7192.65866636 11653.3538387 8986.21282005 9186.5640102 8726.7076356 11468.2901469 11411.7623735 9008.32315895 8783.70987969 8653.16357931 8158.41474183 6237.78807311 4992.23881654 7589.95074689 9685.67243995 14560.2951839 13600.513834 914.181888965 -9999 -9999 -9999 -9999 -9999 -9999 -9999 -9999 -9999 -9999 -9999 -9999 -9999 -9999 -9999 -9999 -9999 -9999 -9999
2128.42360071 3326.45335606 62420.7795572 66638.8800027 64709.2355443 59236.1981997 6474.52516065 7712.61499328 6824.4880479 7680.32737845 7496.26118072 8110.72667294 7110.83658986 7137.51157936 8828.04829186 7840.45458186 9985.8045512 12108.1721239 11991.3434786 11603.7428105 12936.8139506 11828.9817467 9133.77169111 9435.27911996 9168.62429467 9863.17744764 7092.15944675 9618.09606983 8984.99606036 11265.9949575 8178.5116953 7911.52529876 5370.7422898 8024.24594575 11076.2840782 11226.4835829 11752.6358131 9197.93534323 8257.3497596 8057.1258679 10368.143207 8711.96016596 8558.70312493 9072.69621551 6688.12308688 10918.9082217 12260.7204082 4074.80762028 -9999 -9999 -9999 -9999 -9999 -9999 -9999 -9999 -9999 -9999 -9999 -9999 -9999 -9999 -9999 -9999 -9999 -9999 -9999
5997.16871006 31461.637047 56710.0997828 68796.6091303 68007.5004151 5425.46099087 7044.92383352 6540.67908876 6962.7595891 8373.54623963 7625.98609344 7759.49719096 7569.12934142 11079.2737221 8650.25163872 9001.73263166 8331.1040987 13173.0453944 8135.95064352 12016.7087123 12436.2614435 12023.1901373 15085.0507915 15287.3628752 16456.155998 16089.2610799 15215.8512032 10116.8617098 9261.69296181 13018.2761601 11041.7113182 13082.6753067 11054.053066 12886.4873287 17808.4238869 18824.4107639 11072.802747 10744.2249765 11065.3303006 9927.16568785 13053.3715416 17736.4191934 18332.0700074 21167.4508671 12867.7856021 11434.5082421 3447.77716892 516.72972444 64.94071481 -9999 -9999 -9999 -9999 -9999 -9999 -9999 -9999 -9999 -9999 -9999 -9999 -9999 -9999 -9999 -9999 -9999 -9999
3412.29246599 3053.28044706 4614.58161117 5348.73626476 5596.01015475 6292.71756904 7294.21434846 7448.15338867 7341.63046882 6802.34930659 6678.43014325 6633.2568984 3571.73676468 7204.3298833 11010.7010682 10660.3060119 8899.4428035 12074.933558 18757.2008029 14332.9938976 13220.3886771 11172.5602447 12843.9915716 23423.1381645 22486.6335502 22354.5777224 28567.9294703 21985.7108195 19968.6534058 23677.6992193 22815.3272494 19013.2187992 21745.3770205 17832.7867006 19975.4503775 21059.5600412 15526.7740864 15515.938424 12903.0823122 14843.6203773 12756.1575429 8502.59973113 3060.57982992 779.782058964 370.282855072 1714.15936505 4157.80166781 2409.31389244 17.7012621284 -9999 -9999 -9999 -9999 -9999 -9999 -9999 -9999 -9999 -9999 -9999 -9999 -9999 -9999 -9999 -9999 -9999 -9999
4203.97460954 4369.41436077 4794.63556379 4986.76097596 4621.03424962 5023.68043778 7079.4050428 7508.60111244 7571.64865297 7607.93216733 6180.60641346 2745.26164918 6165.93315731 9097.11516885 8770.15614566 8317.49252222 12243.5345742 7528.83094362 13514.7947651 20041.4301009 22793.182492 20110.5608087 23510.8112116 19591.8486248 24862.3022553 28553.4595039 32899.2453834 23411.3590668 27888.2097695 23444.023546 24182.1755234 25383.6806531 16525.9721616 14805.5437257 13823.5683493 14749.9706438 13486.231295 14026.6347122 12867.53291 11474.8477184 3832.21599582 76.6843283368 -9999 -9999 2090.33476268 13796.6148643 8403.78185945 446.25622978 -9999 -9999 -9999 -9999 -9999 -9999 -9999 -9999 -9999 -9999 -9999 -9999 -9999 -9999 -9999 -9999 -9999 -9999 -9999
4936.77490727 5171.21652369 4317.89447639 4887.5847728 5589.42036543 5591.74681944 8185.54783484 7662.87175767 6728.8522152 6065.8922602 7542.65661142 6501.44370944 8344.57554664 13181.7806993 12023.6860085 16124.7284399 14715.5815202 17577.0168507 14436.0964417 14802.4674263 13092.1179002 17914.0190788 22691.8387261 26555.2445071 26504.2019907 13465.5458835 4856.0455267 3504.65115456 2685.54079649 3164.72855619 2246.01221113 2311.81434577 2330.44281818 2119.91960062 2563.51367603 3498.58296713 3471.56892086 2773.56791249 3066.3961858 639.935775758 -9999 -9999 -9999 733.475979198 16068.2620312 10564.0645081 997.258981177 -9999 -9999 -9999 -9999 -9999 -9999 -9999 -9999 -9999 -9999 -9999 -9999 -9999 -9999 -9999 -9999 -9999 -9999 -9999 -9999
4468.52871109 4645.59142921 2886.06162738 3004.73729767 3673.98915107 5212.51463914 6251.87216246 6115.42462157 5721.73771393 5069.12539345 5506.0179803 8885.60615847 11536.7692382 17781.7767958 19030.6432083 16388.706139 15746.1067567 10113.6141728 11124.4085851 13715.7415587 14645.440496 18686.1846543 20313.8013809 21479.8859668 9536.94431686 37.2864637121 -9999 -9999 -9999 -9999 1369.1971809 3936.63421073 4469.43902986 1821.81725504 26.9688199276 -9999 -9999 -9999 -9999 -9999 -9999 -9999 -9999 14325.6714394 18731.4057424 9791.64854722 12244.5032868 2260.07645834 -9999.0 152.202600959 229.91421779 -9999 -9999 -9999 -9999 -9999 -9999 -9999 -9999 -9999 -9999 -9999 -9999 -9999 -9999 -9999 -9999
3604.16533327 3828.80830333 3698.69383906 3581.42698989 3913.90686429 6665.96114596 6289.53471418 5903.84965384 5464.62670951 7504.82322243 5893.87392536 8004.99593166 12380.5977074 11493.4001631 10164.5563 14767.0370653 16100.9752347 11996.2250395 15826.8105042 19077.9748852 19570.39741 16484.535175 6824.53689842 3227.33931963 579.257379745 647.777645474 5754.50544713 9283.49840346 7143.83577804 2570.72003621 -9999 226.328989366 3029.26820321 5653.97704924 5427.13570939 1154.94425528 -9999 -9999 -9999 -9999 -9999 -9999 6167.15130152 25452.8528796 9706.43422336 13062.2851676 11439.6174248 10000.8501958 5069.47179207 5221.68356147 4477.57322746 2867.30234013 -9999 -9999 -9999 -9999 -9999 -9999 -9999 -9999 -9999 -9999 -9999 -9999 -9999 -9999 -9999
1480.93180788 3475.82201915 3070.48237099 3290.22835327 3260.84695386 8333.18830732 8640.18177042 4911.18443118 6308.66103144 5667.89618566 10946.1892476 12874.4531274 11759.3216724 8139.65747224 753.798976961 3042.9312948 9483.13467008 16668.2039083 20041.7493423 23304.5607072 13113.5670409 792.945553264 31.0143121463 1753.04929574 10970.8974412 25977.8477659 39645.2836407 27750.9913901 23684.070994 24839.8970088 3294.82005108 -9999 -9999 -9999 -9999 -9999 -9999 -9999 -9999 -9999 211.555504155 1180.79855414 23942.3090221 24671.6589481 13026.256968 9330.64417126 8475.60534165 8505.4333777 11248.2754866 10022.4691186 7756.85535887 1694.16853311 566.994496007 -9999 -9999 -9999 -9999 -9999 -9999 -9999 -9999 -9999 -9999 -9999 -9999 -9999 -9999
5439.07781972 5631.42211642 4035.59727588 3914.19372461 4969.64378543 9088.79834956 9250.4726859 6980.37054123 5664.09429768 9113.09224889 12309.2873919 15193.7257062 13346.3445325 14253.3384821 8825.5041505 8479.32061652 10331.6354615 14745.8775419 33520.2933034 13651.6463905 583.243546926 6013.06214497 12689.7716275 16656.7072392 19206.5749339 23832.6019219 16618.2660858 17795.807221 17536.8784823 4830.19379526 35.3326749819 -9999 -9999 -9999 -9999 -9999 -9999 -9999 -9999 -9999 313.460119127 6534.88457642 17527.8437994 14610.0646198 9045.44165592 6862.75305134 7232.03231655 7579.11748056 6987.61060915 6555.30547802 9640.77833698 8138.09666284 1214.88504328 31.3147085592 -9999 -9999 -9999 -9999 -9999 -9999 -9999 -9999 -9999 -9999 -9999 -9999 -9999
3349.43878414 6684.0730685 6918.76153844 5887.0778374 8955.78321206 9770.76631762 11106.1667019 9093.37045149 12902.5498978 15298.4463548 13437.6997218 14765.2926395 15108.7222374 17580.6203835 13758.7484817 18316.4108343 20298.8526275 30801.9692662 21525.7902908 2069.66163378 7689.25315116 13486.7781676 20819.2726606 25833.9548746 15863.6622579 19474.4653164 10423.9264743 1809.48343799 1335.92001575 7.0545256462 -9999 -9999 -9999 -9999 -9999 -9999.0 -9999 -9999 -9999 -9999 7202.71576484 10840.1163233 7989.04374274 8059.49715216 10358.0439851 11720.5194119 7794.9001347 17144.5206687 8493.67868988 9873.60585424 5688.54734873 2563.07655317 3726.8534867 537.132185689 -9999 -9999 -9999 -9999 -9999 -9999 -9999 -9999 -9999 -9999 -9999 -9999 -9999
5471.52215457 8105.53913142 8284.83161464 8539.89674867 7963.33878115 5712.25357194 12203.3169637 12859.6120399 13869.0310041 12170.5845189 10169.3255241 11516.3684216 16343.8545583 17958.1698669 18682.1889495 26811.1857524 34658.5086441 16160.7998564 2324.85649182 10939.0910284 18004.1971431 19614.3518523 10409.1444583 9168.89347814 14272.0192777 22002.2267905 16965.395228 4111.90147335 3037.79131201 27.0774177236 -9999 -9999 -9999 -9999 -9999 25.2116908691 -9999 -9999 -9999 -9999 -9999 -9999 -9999 -9999 -9999 -9999 154.171104891 361.422209371 4479.53053766 1514.65967407 442.752175869 6275.62275648 8294.25899444 1477.22536928 -9999 -9999 -9999 -9999 -9999 -9999 -9999 -9999 -9999 -9999 -9999 -9999 -9999
8390.39945659 10455.3801613 8930.62825594 11560.0632006 11378.9434143 12151.1082453 14856.2777912 10119.3667895 13569.1423846 14530.2662168 13573.1723349 14653.4067323 19587.5223368 11596.9350985 4888.26657441 2260.396086 319.34618515 3220.88636195 9688.57555555 10268.355814 17763.0410486 16238.0298599 8577.85973885 5810.76247179 12391.001496 17473.2139348 10841.131515 3917.23689323 2702.34807825 109.572904086 24.6603790866 13.0902246545 -9999 -9999 -9999 -9999 71.1336625009 10430.4695114 1134.92597386 -9999 -9999 -9999 -9999 -9999 -9999 -9999 194.190869518 531.504522627 44.9685804705 -9999 97.3190827122 591.405545225 3634.43443393 96.1706738823 -9999 -9999 -9999 -9999 -9999 -9999 -9999 -9999 -9999 -9999 -9999 -9999 -9999
