Model Version1.4/trunk/input/1999/nero_nat.asc
ncols 720
nrows 360
xllcorner -180
yllcorner -90
cellsize 0.5
NODATA_value -9999
[rows 203 to 231 of 360, columns 201 to 267 of 720]
-9999 -9999 -9999 -9999 4623.44155034 180847.859412 358885.636955 117889.087588 122829.275949 214271.793635 87819.4762989 79351.8935663 66351.034022 19249.1888973 19649.41821 9397.00176049 8804.45887504 8916.8102277 9450.83613278 11287.4294428 10555.2524312 8313.42319404 7116.78185292 6839.38757824 6269.78212794 5403.01698052 4886.4561125 4602.3028323 4566.39348015 5835.48150747 6942.8630522 10324.0110181 7420.65002737 10351.5682846 11464.4093502 5439.60435745 4005.24858847 1428.58610072 1994.53461779 1574.4732524 1736.65785029 16612.3613713 13096.1139189 14898.5184606 13686.0020989 13177.6073372 12644.9657866 9667.87935949 6429.12613356 7889.16112588 9064.75252957 7826.25955112 6882.4789382 6836.5715808 7829.7984919 8195.33639376 3499.85910981 3457.0205538 3614.71696597 3906.52297862 7484.51913166 4450.6129528 5043.56686515 7274.12201059 5530.85407203 10200.3328181 877.518977067
-9999 -9999 -9999 -9999 48.0291948096 8837.64484493 164528.025488 215786.274454 73636.8954056 289332.244352 239819.55035 95559.5552037 150426.76824 135714.932639 185714.469463 69914.1223285 10926.960164 8848.4484725 8745.78433744 8823.12818925 8267.11236743 6608.87756342 5748.4523337 6253.49243851 4981.35279614 3769.64486141 4334.99127186 3842.86152121 3427.05822301 5142.27141442 8768.41429666 6753.5700994 5049.41837747 6211.55027906 8918.70944489 7809.57653646 9042.97169058 1685.31940133 1792.44362441 1744.78117103 18577.8265515 16553.1496684 14876.7539646 14866.1758381 15562.3766013 13761.442756 10515.6784756 7978.46621487 10777.8994519 8998.75314902 8055.92470975 6535.58835543 5286.34682567 6289.38610468 6800.10514242 7603.21567757 3973.9806864 3031.33479114 3065.58151858 5631.01325262 6014.48403922 6826.60114872 8312.36857689 8142.72420337 5321.78993698 3338.66496755 965.943110358
-9999 -9999 -9999 -9999 -9999 441.995962777 133746.469834 162187.405092 140948.803478 125685.997373 320173.634157 185840.930693 231902.338677 193240.23098 231415.014175 207297.668412 49672.5811852 11312.8667489 6116.06901768 5944.81734679 6221.71477673 5473.82198633 4461.77382687 3638.47196544 3898.87816379 3294.40161664 2765.85414879 2649.13378609 2522.71237974 3293.01855572 3492.71392444 5227.18623182 5457.66674037 5516.4912981 6095.30302028 6780.22346447 10676.3172208 12948.4086714 15395.9634193 1898.51916071 17172.5735395 12562.7287455 10825.6448013 14623.6513263 15386.3102061 13143.3386943 6991.51190916 4505.53153804 10769.698941 1092.39589351 8590.71969683 6413.90000859 3164.56438206 5619.88884118 6720.7571832 10006.9841899 1554.9329314 3176.53718573 5249.62904202 7264.4470278 4060.54505096 8440.88643014 15460.480674 7989.1054329 7924.00501529 6266.40447325 934.481760588
-9999 -9999 -9999 -9999 -9999 -9999 13659.4639136 165434.027592 172622.117612 154524.118004 135074.339671 218208.329044 348376.738756 479167.494344 138426.712509 112953.847169 167321.089413 144865.126743 74076.6779732 36872.7545576 7919.6116065 4782.51036957 4556.23945082 3784.00233716 4277.12397227 2420.69622797 2467.73556969 2267.91566034 2133.12884976 1795.14804536 2499.62386235 3041.05722597 3439.52946727 6121.74065017 4911.12678641 4042.09639051 3773.46706223 5636.49930224 14252.162596 1714.95528892 13698.802057 7315.14053856 7181.9518928 9621.31637847 15968.0983161 14918.2506767 7483.7147871 6140.95903742 6874.24698644 14676.3644425 552.751913602 0.000219376212812 7379.94615101 6350.77392893 5440.07125028 3950.96798114 1867.79926527 2306.72942345 4803.82542827 4837.17284352 4825.50330393 7477.68129554 8112.064635 11570.1837839 9618.92344299 3134.62162602 668.717178228
-9999 -9999 -9999 -9999 -9999 -9999 630.759195144 69861.6734755 277104.767625 160659.556056 171168.516014 176335.842712 172543.763278 214147.886827 108801.045746 105044.780475 185064.342289 232321.669788 189092.634333 178958.238375 140124.319652 58178.2230445 17604.2351231 4530.19214555 5114.32984511 2457.61009445 1966.82247692 2086.80902547 2310.66485959 1704.34117623 2879.76959722 2849.22777187 4041.54746216 4201.32816611 9089.90723667 5807.92772188 11707.563553 12718.9622468 10970.3530188 13436.696685 8562.64978114 5111.82768773 5598.16144115 5471.87777504 8521.4221907 148.072723661 11419.3071473 8423.56088627 9430.8393559 701.581811031 11668.0664718 5428.61575832 992.651476272 5526.88281937 5190.35970138 2684.28175596 2770.11288767 2452.72971423 4788.71363767 5575.87346206 5471.05562865 9713.06660853 5148.44275221 4632.09440998 2929.91379175 1444.73275822 751.98497512
-9999 -9999 -9999 -9999 -9999 -9999 670.304638383 3792.97885255 269407.994321 216594.126069 101269.303417 147963.500276 155177.904588 148058.810764 139261.434447 65416.383201 143075.312656 131710.806312 92708.5093945 244324.12969 197472.178858 153886.142274 73875.053543 15796.8718178 4055.27127197 2739.11864263 2867.2529188 2264.56591577 2398.65881434 1839.21214987 4758.50948193 3926.98500053 7829.34398336 6626.60976555 6540.86528127 8159.90057523 8878.37419205 23122.5078432 11168.9229755 13648.5391519 7437.15131278 5600.78936897 5902.43019335 7463.07348367 9396.21262549 716.235513565 831.129135891 836.930080596 617.322676569 2320.17299969 5149.60837951 4681.20032865 3449.83549991 6990.21798497 3542.96230153 2368.16454132 2605.29031198 2226.43497952 5310.78396101 4936.11692696 5664.23694844 7097.54547378 5717.40035821 8023.21503028 2721.7992675 1465.23528887 3468.83537299
-9999 -9999 -9999 -9999 -9999 -9999 -9999 1711.38169037 26985.9897678 205990.432516 177653.974627 115133.651329 137435.160359 197806.467084 160338.639659 93972.1641973 44910.8899222 56059.2376852 55106.3413484 70577.4871119 172090.399328 160648.750315 57124.7556583 43982.8946033 13628.0834599 2687.09944797 4732.30961736 4281.44084474 3179.94267172 1989.89059808 4503.82299307 5914.5485957 10246.5951605 9209.39629652 9477.48943426 10328.7552097 5559.56007307 13611.4103935 20621.7741714 14706.7433678 11848.6740375 10705.4551612 11858.8115648 947.091447808 6153.90648946 11865.4074271 4338.41096396 846.058152684 708.678518672 8153.99114723 7000.49383031 6081.84720762 8068.82736274 659.812500835 4230.09905566 2277.5379354 1800.69343075 2511.94042258 3830.36440287 4193.98463181 5617.18050109 7841.66166166 12200.7725128 6044.50270785 2151.68779667 1238.30239732 397.285373628
-9999 -9999 -9999 -9999 -9999 -9999 -9999 -9999 1533.4828182 46553.5282173 286982.10282 169796.1294 359854.517555 216097.180349 141045.13562 105753.621197 161558.36214 115572.789742 67071.6212827 68172.4873568 53092.2499505 109560.238006 120583.185584 102352.370112 46020.351424 12711.4910777 5229.5588932 3859.82317858 3129.34477902 2928.72480615 3286.33047286 5173.61395956 8351.51247871 11935.5596637 11196.2441935 10446.0989902 7424.73099833 4600.74921885 5199.19524418 2354.58816247 8046.7680772 10838.7066459 12110.0163079 8200.21843977 4981.24190422 5792.3582982 1967.25731723 10101.1314023 8352.84981128 5598.05405047 3992.32974082 6659.86671989 9225.94927127 996.223964988 4474.99402083 1899.11402217 2161.05029816 4382.41982253 3641.76425066 7045.39629069 10657.145758 5003.90165327 2203.63018761 3336.98212507 5208.43427058 7762.48153042 867.017876393
-9999 -9999 -9999 -9999 -9999 -9999 -9999 -9999 -9999 295.796068222 144732.312022 210997.202014 313596.702547 237984.607584 474881.89405 232235.165647 75449.2720775 94843.3829272 33328.2789476 4360.91818431 2745.94629132 55136.5968794 193959.456698 149406.590653 118571.94991 104068.091428 10523.900802 5899.90994249 3770.04893126 7061.50159306 6584.09878271 3897.32956063 5093.26062043 13143.1093427 9346.14083918 8788.06092314 6412.64399182 6335.57854327 2530.72410752 3379.00206556 11005.1643053 3252.11812006 5624.28496386 7107.26130282 22520.521843 3900.39536845 1632.50342838 3717.7015557 9680.52798426 9421.75752359 1159.07625521 1038.24977367 1042.30477986 1153.26026237 729.195105056 2009.77390612 3545.73083111 4065.39136899 2415.17272793 7048.63196285 5482.24183895 5724.31693412 10823.0487469 12946.1063871 5221.87115134 7300.76580969 5906.31778539
-9999 -9999 -9999 -9999 -9999 -9999 -9999 -9999 -9999 -9999 -9999 1529.06548091 86774.1988744 152425.716668 133969.606735 160579.068966 128358.376858 184427.672605 115477.99971 51209.0873213 18073.8552362 5355.0796607 41449.6825612 195858.054303 220917.962183 159194.761305 89067.6577457 11374.3581656 5874.89811254 6616.70530233 7454.60895254 4227.34491163 5287.1583813 24453.6078019 11604.5868293 7126.03396743 5241.87798644 5233.18536248 3781.98031837 4375.09475252 6180.80871498 1692.93711044 3538.56966396 5491.85867202 4591.02111141 2679.69337885 1965.07523794 3342.36811729 9096.98703728 5742.4810288 7772.41579738 749.408066692 778.915162725 941.220446954 723.070293165 510.654625278 766.544580075 4060.62079466 7621.47431509 8838.44737279 4859.82802783 7961.74949975 5209.1022275 4470.54051115 8467.80731021 8221.75231136 6982.31599924
-9999 -9999 -9999 -9999 -9999 -9999 -9999 -9999 -9999 -9999 -9999 -9999 -9999 482.213092266 61515.590994 109810.817133 278075.440708 331484.953716 94520.3414721 125026.048837 28546.0000708 7566.86264549 6177.27248814 109731.424602 235469.199634 163279.11258 149231.529334 78568.8114272 5403.73901719 7111.29277196 8272.49401844 6856.46962619 3100.31390163 8999.18718901 19678.6297416 7664.45973473 6099.97964353 5479.56861172 5207.74191495 4434.73768474 3640.46215155 1944.51947894 2737.56205228 4082.46540633 2862.81658103 3189.33583547 3442.73532118 2213.6870713 1787.64049245 8018.84383035 831.729810361 820.219399274 764.927830996 803.387648435 852.10853472 614.444628956 738.323662139 787.331175256 7101.64673304 4448.47412393 4799.80247899 8488.01931298 5980.12888779 2994.37146869 5059.43791235 5244.77751345 2693.30997747
-9999 -9999 -9999 -9999 -9999 -9999 -9999 -9999 -9999 -9999 -9999 -9999 -9999 -9999 -9999 1081.13100004 95623.9120676 185658.006189 230954.879662 93901.5208224 44943.8909561 4477.84703715 8673.40180453 21558.245714 37229.7984521 73623.2848219 82750.8189164 135539.532733 144011.554087 46227.4829458 18673.7881374 6692.32113162 1992.87076954 5696.6533524 5973.73283252 7577.24609241 3807.63959695 4297.26134158 6461.89190228 7480.06995993 5744.58469392 2426.4722458 2183.78748468 2263.41510125 2777.47381123 3586.47854164 3429.72194444 856.949246461 1398.35706986 5868.02361095 8712.61279205 7030.74989186 882.909249517 480.77415517 6310.42695108 4956.68483577 2075.47512312 3582.94298496 3910.59282924 6544.09969112 7278.49219653 8774.98931561 3779.8789004 2494.57045163 5279.36506886 5480.04020246 1749.21795875
-9999 -9999 -9999 -9999 -9999 -9999 -9999 -9999 -9999 -9999 -9999 -9999 -9999 -9999 -9999 -9999 1829.01435493 92886.4074763 202045.143861 149801.459515 58080.4976597 31850.1115417 8025.21956842 4193.68226754 6095.07465813 25698.235713 48185.5304788 24063.6012198 74912.7471834 90284.6486992 82571.0410022 80503.8668102 5133.55083673 427.603748818 451.807514881 4577.40894342 6303.08562748 7000.16804176 937.309988275 1470.17257563 19129.7490564 7078.64583074 4736.06707219 5168.26648118 2321.23102887 2000.3448282 1937.10609716 2308.94834525 1439.30349427 4049.48085562 557.210321639 629.483331138 813.132463101 8287.11381361 7018.27930945 8308.11734588 4570.75538004 5575.06412903 2581.52063986 3510.60293021 4384.99342091 4199.92040905 3685.73946602 2988.51168177 5438.63892534 7778.59446384 7760.81362621
-9999 -9999 -9999 -9999 -9999 -9999 -9999 -9999 -9999 -9999 -9999 -9999 -9999 -9999 -9999 -9999 -9999 280.016971764 9218.10675559 188822.919476 122356.482696 47175.3489068 48902.6307586 38382.8267391 3274.61084965 64664.2746974 149405.131419 227738.020899 107349.052086 63284.3444538 102917.749198 55414.6071972 7899.57372596 496.036968142 506.671850843 3408.26333823 3561.01575964 8811.29296083 13439.9649594 1350.02468614 1176.02014256 1924.93647414 9939.70048651 6692.68442965 2454.53958553 2790.35913854 2728.20011367 1476.76150269 1333.59971519 201.896658318 280.061723163 282.055259765 7685.81873912 5387.4885636 9024.69160786 10593.3524657 8858.77453691 9847.57508527 4908.46312064 3158.37064236 4983.11431341 4439.8186945 4731.74411537 2453.88966855 8340.39274734 8641.49789268 8394.56296526
-9999 -9999 -9999 -9999 -9999 -9999 -9999 -9999 -9999 -9999 -9999 -9999 -9999 -9999 -9999 -9999 -9999 -9999 7719.84577981 21470.7137032 125643.808549 95029.782251 32550.4654631 23689.365545 2373.97700709 56085.7147011 122725.210117 195468.499957 45503.7177979 48303.3133655 42535.2256321 68343.9707042 5731.27692996 533.140041466 3271.20639563 2357.92388811 3234.56499914 6497.23005377 6434.55576763 7746.2023396 8385.63853742 7478.01273479 7896.40391445 3868.46151229 2284.35152965 1782.07066403 982.965729028 612.652692251 1096.83448202 349.050798953 261.45747573 395.659013649 795.703926539 3627.42369035 10489.1957967 8236.37132408 6226.20484785 4505.27372488 5379.04360379 5000.98072999 6582.12489678 8004.26700129 5435.03137054 7452.7830656 8275.32237093 8549.70991801 7735.50393072
-9999 -9999 -9999 -9999 -9999 -9999 -9999 -9999 -9999 -9999 -9999 -9999 -9999 -9999 -9999 -9999 -9999 -9999 5338.46391778 17543.1619678 138450.173401 20970.4685044 6849.50318155 2044.22993556 2648.85385974 43081.1855274 71227.3249736 120420.737092 17590.0696933 25606.4779505 44855.4182066 39802.6997476 15933.0668999 4930.45577696 1956.69792257 2439.38651703 3035.06333195 6726.91966165 5489.19066251 5033.17995586 11848.0497463 12211.8319462 2764.71841811 5301.69512739 1420.38342137 1144.23388478 856.335841968 1809.67549249 1703.87438053 2680.25131362 252.250751947 515.174350525 703.136617616 782.911197856 797.766080831 7663.14826121 8823.1833648 5022.55564593 7932.70774069 11546.5740996 8992.90314216 9845.41116998 8991.11263043 9681.90567621 10277.1845806 11302.2488682 7967.80861318
-9999 -9999 -9999 -9999 -9999 -9999 -9999 -9999 -9999 -9999 -9999 -9999 -9999 -9999 -9999 -9999 -9999 -9999 2818.87945699 6343.72636096 24937.6351981 137849.213603 7470.18695243 7647.72506118 4122.69990604 67098.2672534 102479.020417 88656.2583124 74602.3852977 47152.1546952 45131.2596636 20311.2939692 9476.80931655 4779.08474823 1881.56327397 3086.9929576 2468.61554259 4341.74063369 4934.27857907 2073.56152739 2295.48702992 2010.63286713 2357.99624093 664.317271252 2393.95415293 2708.36967015 2391.65395581 2472.88641916 5129.3285535 961.869485821 5069.91190058 854.120716194 5773.22793237 623.88837659 741.394548653 947.894738238 701.403738276 5272.75275572 3329.9435462 7514.81124546 8972.87473824 9144.10252734 9057.88207347 6652.52051886 14580.1443741 13376.7656769 12952.8378071
-9999 -9999 -9999 -9999 -9999 -9999 -9999 -9999 -9999 -9999 -9999 -9999 -9999 -9999 -9999 -9999 -9999 -9999 2250.25646517 8921.35501365 19677.4603402 85097.0403757 11834.5392023 1918.16723346 1936.02763899 64216.2049477 92205.66091 138355.962801 72596.790429 48091.8387684 54707.999111 17187.8484373 13433.4661777 7600.51054834 2135.91914437 2198.12219258 4343.70489268 4442.74289994 11223.3130829 2222.9086407 1552.20017 2101.5172195 2636.33555145 440.508920517 2713.76897545 5259.13627638 1753.00922058 1919.41156838 1212.18622405 1071.64394262 7170.18614007 5559.39301662 527.476826325 681.826485912 412.580851462 496.215834702 318.889937503 107.321201441 0.0 6.53653441896e-06 1480.86855398 2884.04156065 2645.56289122 4653.57889334 12787.6975352 9635.34834539 11386.1202808
-9999 -9999 -9999 -9999 -9999 -9999 -9999 -9999 -9999 -9999 -9999 -9999 -9999 -9999 -9999 -9999 -9999 -9999 2699.19770212 9621.01123936 15296.875147 40110.3197264 12564.926362 6567.61215429 2610.75837 3020.60769232 101924.603682 147525.549394 36611.8703103 51144.5124155 48335.8126846 15753.7039099 21154.8711587 8412.5889634 1989.42474317 2034.85862376 3846.83178589 4382.86626453 4333.5008871 3386.35698462 1875.60109713 1969.93808676 3782.34878865 1627.23646776 3189.32531067 15511.6404279 2142.00025304 2225.7159584 4729.51133577 3647.21151957 8857.05915652 541.667262557 516.449191397 545.399505179 451.73190668 281.11403988 138.760345987 552.762587075 255.818548525 0.0 0.000103954167952 0.000116619762913 1744.57494766 1984.8224047 7648.79075537 3192.22245793 6574.0671069
-9999 -9999 -9999 -9999 -9999 -9999 -9999 -9999 -9999 -9999 -9999 -9999 -9999 -9999 -9999 -9999 -9999 -9999 955.033897637 9607.84928508 10553.3380944 50188.4922126 14664.0789565 93696.0005509 4412.24035911 8078.65887374 60191.8698484 74641.4034472 26250.842853 38853.3376298 46105.4848259 12817.7698915 8346.86939632 1800.77067171 1765.21987967 3614.9951548 3613.30777108 3495.94892229 3759.12941871 3302.2058779 4152.04395107 3986.61993295 3733.0634944 1725.20539246 3175.19491751 12058.068896 1319.72809491 4401.02508582 898.77752327 1834.35828395 3236.59322231 374.849309877 419.349868905 245.317869363 2391.20261919 1183.59766707 1397.65469301 738.812856476 130.826188204 445.026671297 255.595862644 293.447249058 1018.03048713 1437.65909832 3002.18555635 5012.46543187 3962.33705242
-9999 -9999 -9999 -9999 -9999 -9999 -9999 -9999 -9999 -9999 -9999 -9999 -9999 -9999 -9999 -9999 -9999 -9999 1645.80786964 10960.7115361 13127.8988461 14171.0499798 77180.8227189 111175.812493 13704.3116796 110246.861372 108248.695132 16969.4371527 23221.7688844 14126.2124495 48765.4081475 20930.3569689 2061.09462659 1067.56728772 1685.94682945 3596.4582157 3579.48995316 3593.09323465 3675.93510144 3494.3527719 3657.20960756 3158.97381854 3567.88338289 1513.55158692 3247.9002704 2001.18420786 852.386756376 2141.21026792 400.232299926 302.270989946 686.963733202 461.293788602 4578.10668859 5273.04020306 978.009716013 3471.79247303 1596.07763518 807.86911424 1333.03513566 793.59780972 936.316894047 1301.51760705 2427.65166496 3398.22869967 3664.67455403 14535.4117824 14454.4281302
-9999 -9999 -9999 -9999 -9999 -9999 -9999 -9999 -9999 -9999 -9999 -9999 -9999 -9999 -9999 -9999 -9999 -9999 4174.83751672 9673.06138864 10032.1171327 9228.51209672 49643.6885298 128484.90872 22826.0549625 112858.927993 11474.1679749 4451.86748216 22049.1288317 39907.0973976 44233.1137366 15571.5831594 3787.27139567 2691.05519169 2027.37460894 3762.91234307 3484.53657742 3872.77198446 3598.65362783 3568.02127264 2504.4012483 2377.2759559 3036.36601874 3616.91474624 4955.19185084 2656.08043393 7871.96283721 2480.71229874 794.065538757 0.0 384.814701281 1339.36241654 2093.63487899 2593.98176861 2264.90893084 2205.20674784 4554.37170693 2334.13374752 353.345364211 1238.56862203 991.121114635 2933.57596184 2147.00451714 11861.960889 6263.61826327 11285.241584 20713.3779767
-9999 -9999 -9999 -9999 -9999 -9999 -9999 -9999 -9999 -9999 -9999 -9999 -9999 -9999 -9999 -9999 -9999 -9999 5459.43129126 5290.59058662 6798.26761662 6770.94727305 10102.9492673 156148.546467 99838.0600636 16213.9767902 15350.5366752 6387.52490359 49252.8309233 41969.8826969 18542.7481857 5303.07596358 3374.96283479 3165.47545635 2561.25654005 3735.58306491 6286.81377773 4143.78684987 3830.47589221 3762.22918843 2620.17672802 2374.05398875 2298.84069762 4304.81550068 3669.11321057 2243.43691348 8255.57037149 6693.47037666 934.929406245 1579.64000081 549.876243306 2638.59560019 1267.12105546 6382.43367593 8080.3546084 7163.76333561 1897.03238464 6662.80441423 7096.14016719 5.50359538989e-05 3724.2042047 7585.59070168 1038.88962966 3312.07552179 1094.31172477 6259.11045785 12807.622065
-9999 -9999 -9999 -9999 -9999 -9999 -9999 -9999 -9999 -9999 -9999 -9999 -9999 -9999 -9999 -9999 -9999 528.145345405 10826.263918 10419.5421363 8142.75890609 7125.67948505 3192.31978567 20797.2699605 10838.2302876 9525.0315667 12466.8062719 10423.7016142 77333.2452398 73572.6737946 6751.45395124 4133.83889595 3027.84182268 2946.438258 3281.47224291 5477.57592028 4290.66821026 4160.22874976 4322.02248478 3945.5063976 2453.03116952 2626.55801425 2403.22574126 2363.01869648 2076.63902791 3868.01871929 7162.43593432 8474.32179432 1504.90941328 2172.21331124 3696.46197032 1479.14644495 0.0 8260.42635495 6961.4719773 8263.61257787 6488.60148913 5861.82161685 0.000100906569956 1740.03943669 5968.58449095 971.932390873 6754.94413375 1880.86409946 1738.75434512 3359.26036867 8064.1448821
-9999 -9999 -9999 -9999 -9999 -9999 -9999 -9999 -9999 -9999 -9999 -9999 -9999 -9999 -9999 -9999 -9999 -9999.0 11019.2188364 13448.1414048 10064.2639736 9686.45025032 7711.02624554 20705.52917 10011.8730737 11332.9547307 7906.81520526 21893.5951847 94534.0445093 34197.4281524 7215.85888472 4622.21128939 3877.46412349 2868.6396264 1836.58925709 3946.57657554 4700.59970834 3511.5558672 3912.10831323 2287.6157914 2821.17597414 2603.88932564 2282.62541323 2977.15971156 4359.46483063 10015.1069449 6559.86453717 7534.73038379 2711.00966202 3956.55158245 1780.0805353 1174.12845761 7587.28264721 10776.6392005 11172.9420148 0.000122346099592 880.143556445 4456.48757064 426.612449205 456.608196498 1314.93144381 2944.14983232 4527.96696885 4099.29432556 12218.2537211 4119.25526014 7669.44642577
-9999 -9999 -9999 -9999 -9999 -9999 -9999 -9999 -9999 -9999 -9999 -9999 -9999 -9999 -9999 -9999 -9999 140.404501828 21107.0547876 8200.44012286 12201.5498607 13862.3032055 23191.5113518 20959.3290473 17914.349282 19882.7225634 20334.8333808 48630.7159488 27263.7527061 14209.3004219 27156.7651049 4128.93143077 3057.48681041 2947.65940893 2522.61132926 4357.18336548 4371.04989463 4311.41792246 4392.49499917 2253.9241732 2895.76643906 2865.72363021 2677.16083137 2610.60540322 3392.62086158 7851.55242387 9029.89221287 9857.24525756 14826.479403 8076.29662606 4473.85465444 7629.32511938 9792.28088769 11819.4476979 42151.493451 1638.79377259 6333.57993314 8370.28994815 8378.03043436 7889.0641778 18663.3451474 15097.9766203 18666.7986183 9987.31204461 21542.5257006 360.578701524 -9999
-9999 -9999 -9999 -9999 -9999 -9999 -9999 -9999 -9999 -9999 -9999 -9999 -9999 -9999 -9999 -9999 -9999 450.972026547 16756.2692768 7903.6884612 14233.2245855 15287.5280478 23208.9545808 5963.13602874 11830.1789598 15250.5561971 45152.3026575 97501.6909751 15142.7327598 36871.4885159 11084.2072433 4032.5113107 3648.21468788 2654.28630194 1918.48307747 4536.21638984 4857.8825028 4468.78825205 4102.21454491 4672.57380818 3914.46075041 1977.23366594 2757.29774294 2124.19866723 1245.41109492 3938.16049263 6452.89835897 7007.0803012 7156.90789685 6777.75462942 4216.99585178 23375.8797414 32694.8474616 16596.5048206 15620.066646 9660.47664112 6100.65820464 6467.4943739 3191.06375828 14659.6260386 23775.7910085 36705.8532944 15730.2221608 1986.70121533 250.259862395 -9999 -9999
-9999 -9999 -9999 -9999 -9999 -9999 -9999 -9999 -9999 -9999 -9999 -9999 -9999 -9999 -9999 -9999 -9999 25.9678595825 16385.7456098 8891.39184059 12615.519821 17636.902128 19765.9302856 17712.1882992 13575.8277484 21600.2911621 28442.8767389 55275.0036933 35499.3573383 15502.0997551 5593.99928585 3097.37567136 2925.86714876 2049.3935341 2856.55574566 4317.93308584 5265.7330695 5191.49895182 4325.80153332 4367.27721512 4510.04999099 2591.36402696 1783.63782701 1633.88396023 1444.15071776 4092.76441244 5723.58963962 2166.49450701 4971.61898498 3427.07264933 3650.67033944 42705.7720742 49661.2392914 23956.540127 19117.5284375 34885.7021927 13746.9012882 3797.63092934 1234.02840022 32351.4368123 23672.6255183 50942.2487844 6012.67166926 7.34040987673 -9999 -9999 -9999
-9999 -9999 -9999 -9999 -9999 -9999 -9999 -9999 -9999 -9999 -9999 -9999 -9999 -9999 -9999 -9999 -9999 2138.40853102 12293.021894 10257.4943799 13866.8890406 20901.6099957 15008.6708503 18866.2268041 16891.6526882 22596.7388914 61111.0391654 54148.0088262 41012.7676304 9770.41151457 5695.71068325 2232.61773093 2883.17405576 3176.26316753 5865.04177181 5370.46243553 5115.79232229 4691.52199448 5031.44989305 5603.86953247 5015.15153188 3046.95063334 2925.82304187 1422.2979099 1861.56383093 3396.82737954 3391.63311114 5922.22301976 6839.90361363 4918.71882029 35227.2162814 20380.9009141 29907.5082668 37370.4838078 25753.0767872 33833.904358 67475.0223066 19239.8415404 19176.1769042 9749.67291056 8905.70817348 40201.0061372 56.0051772301 -9999 -9999 -9999 -9999
