Model Version1.4/trunk/input/1999/nero_nat.asc
ncols 720
nrows 360
xllcorner -180
yllcorner -90
cellsize 0.5
NODATA_value -9999
[rows 29 to 57 of 360, columns 603 to 669 of 720]
-9999 -9999 -9999 -9999 -9999 -9999 -9999 -9999 -9999 -9999 -9999 -9999 -9999 -9999 -9999 -9999 -9999 -9999 -9999 -9999 -9999 -9999 -9999 -9999 -9999 -9999 -9999 -9999.0 995.427096402 -9999 0.0 2219.7617939 10481.9959485 10906.5260667 11456.3619806 10815.542671 8372.95298168 4661.54174555 3485.25293571 3610.04166801 3345.75733128 1212.84269856 1151.82329756 3593.85987391 3486.42195696 5710.58006218 2213.87988992 -9999 -9999 960.614068719 2243.45895214 2417.88013032 3943.05858338 3075.1976805 1115.30294707 1426.83169239 1065.58240354 518.520923556 0.0 -9999 -9999 -9999 -9999 -9999 -9999 -9999 -9999
-9999 -9999 -9999 -9999 -9999 -9999 -9999 -9999 -9999 -9999 -9999 -9999 -9999 -9999 -9999 -9999 -9999 -9999 -9999 -9999 -9999 -9999 -9999 -9999 -9999 -9999 -9999 -9999 -9999 -9999 -9999 -9999 292.467890252 3522.51285703 5928.46629986 5967.37995329 706.729602663 1125.42776036 913.865337895 604.669252467 245.582789063 850.830909013 812.14963538 201.853424689 173.12379685 -9999 -9999 -9999 -9999 -9999 -9999 -9999 637.497173628 2110.08035397 2767.47593016 2758.68968562 2204.17231847 1543.692167 391.86315633 -9999 -9999 -9999 -9999 -9999 -9999 -9999 -9999
-9999 -9999 -9999 -9999 -9999 -9999 -9999 -9999 -9999 -9999 -9999 -9999 -9999 -9999 -9999 -9999 -9999 -9999 -9999 -9999 -9999 -9999 -9999 -9999 -9999 -9999 -9999 0.0 0.0 0.0 -9999 -9999 -9999 -9999 -9999 -9999 -9999 0.0 0.0 0.0 -9999 -9999 -9999 -9999 -9999 -9999 -9999 -9999 -9999 -9999 -9999 -9999 -9999 -9999 -9999 -9999 -9999 -9999 -9999 -9999 -9999 -9999 -9999 -9999 -9999 -9999 -9999
-9999 -9999 -9999 0.0 0.0 749.108489468 376.802133504 0.0 0.0 -9999 -9999 -9999 -9999 -9999 -9999 -9999 -9999 -9999 -9999 -9999 -9999 -9999 -9999 -9999 -9999 -9999 -9999 -9999 -9999 0.0 -9999 -9999 -9999 -9999 -9999 -9999 -9999 0.0 346.970582861 3241.91952669 4730.9855267 4281.95213559 1743.12106319 136.557981008 -9999 -9999 -9999 -9999 -9999 -9999 -9999 -9999 -9999 -9999 -9999 -9999 -9999 -9999 -9999 -9999 -9999 -9999 -9999 -9999 -9999 -9999 -9999
-9999 0.0 0.0 546.596815754 7182.03013121 5639.79889221 5362.20866034 3075.27763867 2415.78641927 2239.75506709 2403.9993774 2839.21873961 2533.72779789 820.430369554 345.70863932 0.0 0.0 -9999 -9999 -9999 -9999 -9999 -9999 -9999 -9999 -9999 -9999 -9999 -9999 -9999 -9999 -9999 -9999 -9999 -9999 -9999 84.9771168982 0.0 405.33676106 1451.81916306 3014.07040303 4034.1851645 4184.35160603 4064.53863445 0.0 -9999 -9999 -9999 -9999 -9999 -9999 -9999 -9999 -9999 -9999 -9999 -9999 -9999 -9999 -9999 -9999 -9999 -9999 -9999 -9999 -9999 -9999
10780.0255224 14223.085898 10577.2566012 11480.3151804 12150.0779235 11450.2161971 9506.1080145 5714.38786433 6172.01890088 5239.61622166 4189.33382075 1055.81812996 1110.00192228 3705.07784123 2943.7491135 185.607831061 0.0 -9999 -9999 -9999 -9999 -9999 -9999 -9999 -9999 -9999 -9999 -9999 -9999 -9999 -9999 -9999 -9999 -9999 -9999 -9999 -9999 -9999 526.445649995 2892.14592234 697.820452018 487.689622116 864.41499537 863.680938175 147.386526818 0.0 0.0 0.0 -9999 -9999 -9999 -9999 -9999 -9999 -9999 -9999 -9999 -9999 -9999 -9999 -9999 -9999 -9999 -9999 -9999 -9999 -9999
15688.8279525 19694.6261099 22726.0390771 22866.6713138 24646.1376953 31490.9085446 34149.6039683 24367.3062377 21141.1887204 11925.6176297 3667.9622763 21726.3020628 15348.4954477 1878.90789436 760.552849904 280.088957618 0.0 -9999 -9999 -9999 -9999 -9999 -9999 -9999 -9999 -9999 -9999 -9999 -9999 -9999 -9999 -9999 -9999 -9999 -9999 312.485144138 1913.86440544 4016.3230921 10293.1111574 14124.3658806 9566.20669151 8407.88495023 7210.27015799 6983.87000792 6142.80277026 4820.75188968 2448.56689093 1210.14279957 1311.0565234 1779.2346356 913.487018472 995.893857105 1867.87176902 2098.00845287 976.451780799 63.5082338774 0.0 -9999 -9999 -9999 -9999 -9999 -9999 -9999 -9999 -9999 -9999
6163.13027471 6844.70646023 9978.24078852 23016.0435063 18999.0678728 18770.075403 17416.0784899 23915.6309806 29344.0603328 33033.5718479 27113.4248256 17210.4574198 26916.8448696 28686.4448094 6152.31639943 883.261480889 -9999.0 -9999 -9999 -9999 -9999 433.81960595 2500.92384989 0.0 -9999 -9999 -9999 0.0 0.0 0.0 0.0 0.0 0.0 0.0 0.0 0.0 1569.90034097 9591.4446688 11724.3964308 9346.06212124 7915.69859947 6757.40030686 6963.03904602 4977.84998267 5661.89918262 4421.61262498 4400.24430163 1240.62040875 1419.86804377 3981.6057796 7226.65549401 7911.35888193 8103.59743792 7478.77348482 5782.74771155 1309.06618066 1355.75249814 0.0 -9999 -9999 -9999 -9999 -9999 -9999 -9999 -9999 -9999
7492.09902084 12666.7582342 24036.609749 13955.3118466 19192.3696831 13580.1412676 11132.511125 17579.3274416 21507.6238023 28948.6500621 21354.5136926 13747.6670985 42330.9531538 31936.2365864 28571.9559627 15183.6815031 913.196074925 0.0 -9999 -9999 320.383307198 5430.52793838 6467.17582655 5289.14456725 4113.43185069 3374.44906543 3259.66197238 4276.98278063 4843.67073624 5362.34733912 4068.93692326 2408.97296519 342.933975376 3532.35014515 4693.25655853 3665.37352007 3776.48634227 7160.06096571 9273.65375178 9499.57317752 7807.26778994 6826.76760992 6587.20789838 5053.12990625 4943.51176818 5258.99001422 5362.94361572 5764.07559747 5905.97759248 5760.03547106 4608.41812096 6453.69819194 6604.64880349 6761.72769932 6621.77830561 5618.29005825 1643.69924189 1352.79996705 2015.59965961 1699.16031272 857.916220675 0.0 -9999 -9999 -9999 -9999 -9999
12915.8504825 17325.6811312 17527.3022653 14823.4006844 12978.9666769 12710.4676635 10468.3881361 10329.4707427 15249.0456999 12942.5961933 14219.468674 14857.5055169 26749.9667287 41925.127727 53532.6610862 45883.553565 44876.8095095 39943.2250315 12236.4610523 2441.21342656 8258.59723356 11966.2980149 12441.2612334 11176.5949677 12611.2988573 20849.8107268 19553.9369723 15711.9648788 5894.05681604 4074.10277816 6530.74140842 4204.98996113 7855.53495898 7343.79621707 4211.30890653 7738.15286882 9090.31754748 8288.7077039 8588.61268481 4618.54393305 7895.59704058 7547.50025278 6544.56685755 7061.21734587 7163.29492778 5424.60624318 4910.631323 5892.14893524 6991.53715169 6095.0425815 5921.54936078 6919.58311926 4809.91151995 5303.82126413 4103.49761245 15914.9283404 8510.92022375 7374.71767394 5266.88562321 5362.32569798 3618.26751199 3610.83006456 2427.67485426 2276.24701057 2524.1480072 5556.77108429 7565.57440502
12577.2662847 11451.1139957 10377.3659338 9174.69043612 8312.8732458 8800.96446162 8651.52587152 9396.51512337 2661.09532376 4436.09097344 13612.1741609 15985.7408988 33112.5407758 39460.8651923 46678.4434297 96108.059435 79040.274808 63530.3919059 37278.2344113 34785.8176109 15676.2056481 7080.74368231 7026.11752119 12173.3491332 13786.3893323 27557.1684749 28330.6882063 21383.9984158 20683.2296596 26680.353258 19347.9299329 21850.5934393 19573.0147085 11874.8670509 12432.4373874 26318.2671458 13992.7423932 8782.46384104 12684.5553271 13793.577578 6481.93855909 8380.50057339 9394.26464598 16011.8904469 14202.3735913 8285.80439582 9816.71803559 10816.6455014 8480.61633904 8490.18261266 4431.56254448 1678.34875763 7917.58983835 19372.5731971 33468.203869 26565.3482982 28926.2491197 22909.9834894 18816.8538424 15308.405797 12782.7037698 12332.6684538 20197.0303427 10800.8024564 9262.95561842 10912.6095479 9754.49407075
11935.3078472 9100.10054827 8328.25530905 10173.6222491 8768.56490127 7132.24380557 2637.26746965 2552.64535399 7388.95939551 13819.4126146 28005.706031 37263.3562979 50333.4380346 43792.5347697 63469.3562731 67874.2642333 54083.1500271 41307.6338155 23296.9785579 23409.3088678 5593.59003949 6057.78866768 13526.3390806 22935.3296185 30957.5633609 39420.9891326 21751.4600282 21576.1457921 24250.9117913 30493.1925644 44223.4064903 38620.9698125 37198.7247582 35541.5497346 40312.5679547 32340.4956241 49517.0934623 36658.7397889 28731.5985782 24966.9730839 22638.4710125 31578.9587694 17743.5095956 21154.2126442 16775.1830984 10086.2015423 7873.49211934 11165.3077299 11332.2797576 5472.90380783 5116.95155702 2816.37209218 13630.903645 29280.6593326 30207.0341105 31002.1663309 18111.6143633 19737.9933024 22234.816928 12952.4134091 7074.62748094 10496.4786761 16282.0634304 13598.426363 15049.6637481 5606.35891586 5359.05775295
10804.4764101 9453.13936305 9959.27982408 9717.63905552 5976.65871336 2563.09386719 6009.68570425 8590.3307915 11367.5320436 20456.1448071 53086.4670772 62571.0077876 63351.0650007 85819.2082527 79652.3504283 59883.1360866 39447.6285055 33948.9535729 32753.0914478 14874.9599878 11833.7064202 16535.5590689 23154.242952 20585.741235 19499.4938848 12540.6392709 17469.6125983 23204.9148022 32104.472421 29242.1427185 26223.6312467 18036.61897 19714.1606008 17830.5008563 24644.83572 33815.1825093 39572.0928456 18859.3626372 8857.05555405 18208.9959481 17822.574538 16554.5340712 16096.4594829 11453.8054984 10220.6171299 10970.3338763 14715.2985189 13907.8773658 9283.91242059 9307.5107266 6370.83955253 6743.24953547 3078.33969089 15174.5651596 17488.1913209 15497.5369693 11727.786753 7778.18547992 5152.30673932 4949.75253211 4484.31759249 4877.11368524 4234.29461125 4282.41987499 4091.68397602 3582.84095344 4343.78953626
10800.4678375 11010.33667 12640.4021 12063.4713226 2799.33424066 3365.71409018 8195.06330923 9380.68108927 9969.3741533 18477.6867897 59467.9513662 78741.0106128 83068.4788489 138430.704212 112625.506886 55125.0283035 50066.8757226 39490.2235075 13232.261929 16674.9412972 31108.9136478 34224.1695403 19655.8529899 20858.4771683 22146.6340388 14288.2547027 18705.3636366 23147.7423924 33679.9548052 19521.5458133 17553.5210831 30117.5391622 29846.0857751 47385.3363127 18019.0023762 26489.3313726 45521.6774452 37661.2835185 20465.9445273 28205.9977436 31245.8554349 12023.8280072 8817.67632819 6822.94825413 8113.05337035 6661.94050991 7010.18484388 6229.45117765 7267.11377249 7622.06819067 6679.26951926 4834.26231487 8366.05603307 6026.07949275 7027.53819681 7307.44191947 7099.62347811 5164.92541851 4836.77940508 3677.71289729 3758.92047055 3891.09393662 7240.14852274 5095.96569874 3730.87055413 4360.61093896 2954.54210019
12566.3726352 11756.2330216 10142.3346393 7738.86505349 2732.19664829 7897.52086498 9040.86703926 9952.24603459 10001.3362634 26760.8856406 77490.9226054 147690.471081 140726.722156 144846.298511 90142.7016678 63125.4864336 69320.2024215 36208.9189656 13370.1019323 29169.6409896 28338.9561617 25690.3046213 23672.1654411 24386.9532296 28392.5788993 28067.4571889 20021.1380255 30933.2770698 38312.6658305 48475.589311 39414.9152984 32529.6807271 17629.4717824 47021.0396937 133866.248567 20682.5247553 63273.3947755 96784.2906952 72858.655921 36497.9071382 54099.6395354 8850.41463981 5296.72178911 5365.32956756 5155.80832132 4768.06980455 4476.89574295 4795.15543636 4888.07719544 6124.24369796 8752.98192245 11291.3943994 23301.5228868 18135.2904306 10592.5047278 8332.89368275 6123.97920378 5348.49508314 3704.24897579 2782.54348743 2476.87877084 3711.82519227 4761.97683088 6360.7647206 4686.44102868 5041.10629623 2787.56054325
10289.5178895 11691.8779542 4277.32670127 2993.17415884 7452.24344104 6607.44123635 9123.80635941 9338.77879455 11718.4062286 42537.1275587 87633.8831476 142917.091572 163213.409966 143529.233534 94811.507464 61339.5861488 38858.9051755 27151.097123 20821.6962217 23598.7974415 21800.7364989 20574.8738451 18454.7955209 19150.7233503 19028.8756297 14189.8106767 15503.0470785 25701.0932765 15043.1717411 12263.3457928 17789.1962483 33066.1959274 72674.8212602 77881.4416203 139829.095909 90850.1679684 20184.5206682 28830.8438727 15326.8340896 21391.1041354 36716.434463 23524.8844575 17209.6782456 11613.4279036 5533.18406193 4274.55863164 4481.67694548 4303.39840834 4826.1361963 5538.66314147 7307.87568148 13705.1434969 35537.7491612 27837.0207993 19548.5319408 17692.213865 12527.0564175 8973.5515566 7413.91354271 5094.12844102 3561.63008517 4421.7926629 5740.90404467 7245.58154119 4469.86075104 4066.27431027 3560.67682139
10072.9551946 10554.9653131 8963.39844919 2245.57164173 6372.33532187 8685.07944101 9428.05784579 10806.4951143 10864.3114378 36656.3143888 82298.175448 138379.626916 155765.76256 155625.188683 84315.0895805 63018.7074429 28673.792689 24027.8976251 28198.5302737 25936.4463649 22869.6322974 18453.7532914 22838.4040389 21014.2894082 20315.3751925 23945.1055798 30285.5367358 12714.0197682 9639.44546202 17288.7572804 23510.2029072 17510.5899546 25003.1046479 81057.521658 121182.492328 115606.325162 118137.63413 41302.9439459 7878.83632405 18725.0351108 32672.229393 46330.3301954 41953.0976264 69035.1329291 54464.591354 38517.4128859 16535.95658 9755.80045977 6924.69642042 4678.77276747 4963.92114665 10608.6616461 21832.2951517 35056.4111695 18989.3697184 15785.3574181 12648.1638703 8106.20519099 6583.83495664 4559.27617151 4527.94699022 4408.33203452 5069.23302702 7805.14596004 6068.20315984 16283.7926549 13582.0939458
8904.4601914 8071.72507825 7540.23545998 6298.05618372 2432.6132328 6971.58927292 9657.26230072 9934.16489572 32789.9771663 61054.2328725 82485.5862425 129642.124706 153677.508948 121088.736172 60124.2776198 32498.2882485 26431.8038837 28056.6235713 27235.4686545 28937.9945335 28886.8260693 27425.3774954 25555.454488 23473.3908931 21325.9258181 22675.3611197 33637.5687972 61668.0639119 47681.8944362 40060.9575416 36287.1429021 34397.2918063 26186.2404608 41467.0092314 97007.891729 141711.134437 154052.384663 148890.485342 33713.9690961 19673.598273 20014.5921003 37273.6143199 29385.9142684 53020.0802104 104232.712743 137769.00703 179610.353481 118350.838993 55091.8426168 17759.6647416 6880.57380526 5037.91439699 4567.51986993 5713.32157976 7091.07732859 7430.04551516 6150.67601845 5467.99691918 5745.73729046 5986.00137716 5696.95551439 5785.13494573 11910.0334263 14165.490053 18739.6028346 17398.9820411 19645.0249957
6272.43571427 7099.94796875 6490.40363253 6548.83663127 1745.26443281 5600.29188215 7761.06475999 9199.12861026 24187.6619957 49845.0331476 74082.5337455 102237.392932 134734.077046 116672.848617 66374.0194702 48625.9026039 41031.4488967 33713.8326137 27511.9715127 26416.0507171 30938.4963505 31419.1686437 34143.7291588 39662.4397255 36421.0174212 31234.0807933 43691.9093381 46307.4553535 46097.5996882 50446.5300914 46467.1597564 59719.8279709 58762.9975798 84067.0429975 99008.6801034 89030.3277198 162311.919131 109388.050975 89802.3936191 104375.937394 75821.9517252 62300.8530577 27043.9868136 12228.9303929 29055.2417748 39514.6893616 55064.688333 103887.086015 127136.352447 96839.3085777 77518.1853988 48590.2882874 26481.5023145 15013.3843585 15243.7189322 12777.0147164 9568.33163489 5600.84920547 5032.93218246 4515.77706966 10644.029585 23821.7384232 30108.0334836 11434.9826734 42824.9100188 51755.3998305 40257.4956434
6567.02730302 6584.43332852 6753.04949677 7213.76876844 6867.38948291 2171.28134087 7961.6970176 9727.29878003 12770.394291 32574.0386785 55198.6880196 66981.0103181 103692.010689 126069.886493 118882.223084 94541.3665987 57807.1086764 52895.4968444 48693.3570797 36558.595711 35117.2163232 38945.3376352 41089.8980558 39322.9447422 33534.8075557 23923.6349754 28381.5701307 31743.8473016 38732.8476 56596.3212948 49276.8386109 38090.8099912 52325.058746 59031.7033626 86486.4481986 117581.513812 87818.7868218 100740.377785 163064.731391 177923.56143 139127.562411 122667.319666 101562.477529 66859.2508482 51289.3925843 43210.9713743 50860.6763533 28465.5555495 25971.7778161 40289.8031845 63984.0362915 58863.8591354 59489.198699 49777.6526714 36861.8317343 26316.052134 15984.7515553 7020.69965748 4076.38695023 4128.33972068 20261.9871159 33280.8154439 25652.5399431 25874.1411001 30307.5676372 45544.6405938 37795.7206241
6756.80271442 8388.3440334 7175.36754494 6663.4424285 7591.30174166 2056.92167864 5410.81609481 8893.19869662 11627.0987613 24281.8238911 36593.8132716 52215.7840942 72049.6183779 101329.79078 106169.61371 77254.8829361 57771.0642399 51115.5556702 46228.6041215 44743.7969162 52965.2518612 47077.7582166 41133.6937312 45025.5401866 35524.538849 41638.4241488 27494.7588898 19402.2932332 18521.4502927 36422.3580405 37487.3959149 46063.0714664 32822.9031038 37547.3452093 34797.7427697 36484.5019502 30102.6084192 78051.4346095 95852.4951695 85987.4744668 133209.659402 159905.237726 166560.982453 92507.909256 108064.338588 106202.66014 90775.0752132 108585.042489 144300.874243 121664.745626 8229.6064046 48342.957996 108849.324939 103862.289011 111947.440051 108554.328278 10996.2219014 5181.92641172 4503.8182233 4293.33785719 16122.4763074 31543.0197587 23145.5305352 27712.4731372 37976.6414028 32944.6571364 31226.1216727
6504.34785749 5240.46138837 5901.10344377 7569.97238072 7532.02451672 7292.15101356 2576.72741208 2169.6454554 4999.43072948 28194.1105799 38534.5829656 72614.1469616 91309.0185112 94815.283815 89711.0282227 104416.900018 102697.145481 97487.6790137 98848.8459914 104874.020555 91025.558309 81328.399645 72145.2604311 57388.5226576 57425.4441445 46528.3996087 42400.5927097 42845.8921604 43562.3399307 45347.8475132 50806.1926675 47746.8479104 48206.6556127 40781.4837585 28778.5891611 30099.1445402 39768.5883304 59540.5566047 52942.0326794 64561.6661132 52713.5410621 60825.3730741 78455.09851 82630.3143991 76551.0657004 57878.2719247 47293.9921382 67135.0024096 51915.5245342 79645.0607618 68320.6757775 59689.5180058 32136.1237509 79761.395035 76759.4030018 84585.0846452 53330.3562847 22592.8172125 5961.25699536 8559.98368082 14414.6518479 21848.8989515 28913.1400751 40300.7707908 36701.3655917 36494.1502994 34645.1939292
5548.37983667 4410.66090031 6022.88413118 7060.57690539 6671.56045394 6225.21409028 6804.27362399 6772.56182263 2667.53591176 3661.27357688 7112.384361 24509.2792684 37043.0559761 58993.3926135 57442.1496731 74411.7433491 84943.9107217 62826.7877646 82447.8441625 75701.6511991 75789.2026293 122268.56016 131863.299829 138038.663338 145421.091806 109950.17378 86455.0888895 83672.3413306 60141.0487874 60957.6531165 67661.9555544 62454.0806771 61176.4627421 51973.5442844 53168.3382504 54092.243113 49758.6130006 62241.5146475 56329.0537806 49432.0477118 38634.0239045 46931.1632839 41709.4541564 70786.0501933 91536.059147 75438.422325 46932.0698002 42457.5654918 50829.9989826 48609.1142391 26450.6822787 79133.7554514 67346.7631032 64907.3913238 55356.9466414 29978.0904135 53292.1043759 84241.3196098 51615.0020922 16450.2941737 24095.2935612 30156.4967385 33914.8234094 38324.7382289 36779.7641631 22693.1124028 30718.4752608
2993.67515632 6604.07500241 6792.44820837 6355.33869987 6398.35822004 6292.53551275 5832.52719703 5275.17032903 5784.29017728 5791.85300747 5723.91517233 2677.50468024 2849.15956026 8364.25421779 12565.5597978 10261.4067794 9019.93057108 9875.5415827 9311.17103062 12446.1837976 16160.4833426 22266.582732 28514.8528521 47922.6760498 56975.5969892 93183.5531161 85865.3344574 104607.309688 92622.2883397 91707.9104119 91340.058375 73635.6951429 85944.8031144 110638.454165 82423.4111623 77800.1549946 68148.0457727 53999.7109803 49921.1128769 56427.2624633 63841.7064546 45904.1232252 58422.125276 54891.8132601 54582.7454313 99805.7677197 53120.0040835 22157.7972379 19644.2446 33503.2974268 36136.1389023 55823.8138515 80398.7713023 52290.643113 50729.5725781 58568.7974444 61764.7758363 69852.9702736 42642.1033701 53315.6916209 30683.1555338 20407.5549096 31494.5078428 18359.470058 27392.7886975 17991.7091919 54830.126374
5186.60365196 5853.41678138 6916.55727595 6475.11099138 6156.4882927 5740.0395022 6498.49452982 6757.60791682 7790.20858231 8153.73203802 8692.94442858 7900.43376013 6858.37990111 6440.75433909 6451.82606464 2776.1804344 2178.16067323 6688.61684664 7222.83075446 9154.40385492 8651.72968148 4514.02103308 8814.35205212 4016.92234019 8335.31436407 7573.04462525 8423.92414584 8904.7850398 15773.4886264 25143.7099 33220.3569272 97736.906765 114993.485263 127611.688357 136499.042313 144916.956488 96216.745451 76709.5467523 46247.2532815 49621.842427 36671.6626101 36029.6144628 29257.2910399 21053.3350269 26551.2716754 38065.3174207 62255.9888047 44467.793922 44111.73898 56417.3999373 43784.3834088 39135.4867191 37451.4481002 90657.1160678 61991.2814831 55669.7941611 62219.0915857 39307.290798 40899.0674721 58489.3516427 52689.7862033 56579.5285269 40661.0959675 51490.566528 30866.4973215 34031.6286118 42684.0738127
8084.10608019 8909.40631535 8477.1856424 9074.99300353 8891.67399264 7699.44683192 7333.82173854 8645.36299441 8584.05016579 9210.88523833 8909.33655089 7980.99481112 7723.76072665 6773.85768631 7447.03810181 6851.65835124 2244.52556517 7399.43289889 9018.70953645 13057.5179742 10938.8485788 10159.2741673 9916.5086127 10068.8134523 10537.7873209 3864.58908074 7148.85804405 6498.15184094 7199.88148365 7490.22201062 10356.1281113 39873.1245127 111802.896094 163328.675759 146513.416007 195218.909992 131530.502428 101751.091165 124863.521658 65956.481838 26465.9734112 32863.9571848 27621.0824534 23635.9990129 35459.5966992 23920.3386822 46972.7618953 74824.5311889 62599.7240684 49787.5255432 50904.9142856 57413.3565801 62042.6435793 48693.5152021 53896.5825914 79900.3137755 75189.6894908 42199.1182895 27466.5251379 45073.4490421 40601.2394005 13500.6210185 22175.7499508 14932.0294871 29692.7470163 39485.9024527 45412.9449528
10016.9561113 10679.4615975 10334.2426668 9677.5181163 9138.96461316 8682.85536664 8078.77011443 8869.45614189 8952.22228369 9235.53255667 8797.53624327 8686.8905562 8698.14170925 8380.63984251 7402.60793043 7366.99301435 3703.35043767 7274.39890591 10498.103673 13403.9589241 11567.8832238 11133.8111761 10413.2958435 9490.3536201 10295.9454246 5733.13358116 15316.011924 17369.7553379 4579.038397 15014.6607972 20882.22774 59557.3665481 104496.518799 122404.907375 125150.576918 149082.835108 121436.245559 115502.512339 118226.092691 188872.840203 94107.1867814 74725.3362545 72893.9033641 95649.2766941 67061.89536 38412.468647 61877.6918284 68586.0523769 59072.5318718 49489.1566891 84282.0193852 81603.3592632 66673.6925316 59267.6191245 78410.9216916 102491.45827 90352.3689731 73289.8200768 57064.1265103 81659.3828736 69196.8446099 61353.7343978 65526.5428428 50633.0276678 30432.7505997 45005.3051874 39479.5745279
10460.1336629 8708.70062227 10340.684172 10321.0912678 13565.668531 12737.0304715 13774.5786508 12892.3634507 11936.4501406 10505.3155609 11411.9188758 11859.002839 9981.88544829 10602.3998524 12286.3413367 11035.1649068 6272.98347082 7985.10828313 10790.4993869 11332.8599322 10183.8107731 13409.5724581 16389.6950859 16955.401304 19203.5162108 21434.3897918 22839.8853629 8632.46947354 20913.8686647 34786.18001 58622.8082453 98911.19273 132601.924717 98128.5100599 75733.1964618 92357.0737983 85090.1919203 112709.849945 65715.0647853 126871.73216 91523.4533265 121592.572496 138212.31982 157191.964235 99637.2996178 106468.827267 79927.1241583 50878.8351377 57880.147575 80710.957072 78580.8993154 56751.426183 73078.9447485 84606.098031 92853.6516706 99637.7695333 69308.0249483 117413.403391 113721.200989 80544.7457739 59469.5187353 71894.5765052 61163.7720534 79777.3082003 61635.5022966 40256.229779 47532.5678683
13610.5473707 14022.8631152 16380.7820609 14986.1403828 14413.9629262 14402.5191086 16249.8453746 16715.8585567 15231.9070618 14797.4982948 7759.81360491 12254.5000766 12519.8163242 11684.7319898 12186.2472363 11710.0805559 12258.0711147 13910.3506873 14617.9241847 14397.3584516 19676.2273856 23350.1641443 25257.8666597 22977.4255207 22740.2774553 23375.4000456 24278.1087249 20201.9905437 38402.8857711 36735.9042257 72116.7070878 120845.19373 113865.768961 76010.6811008 89948.5158758 90644.2485159 82015.3953911 71820.7697633 58380.0556596 88120.9234388 129777.973948 93970.4090935 126037.318032 64432.931268 71354.128082 125000.144663 147491.685686 110391.526116 91246.5498897 85303.1706385 86521.8912543 82240.5401928 50485.5163915 95706.526095 68077.6732577 87959.2844981 74284.3264378 85074.7286234 70821.6187625 64901.4031413 62002.2009817 76328.1980571 39156.1213239 49995.1136153 67227.032259 85983.7980049 47913.6374756
