Model Version1.4/trunk/input/1999/nero_nat.asc
ncols 720
nrows 360
xllcorner -180
yllcorner -90
cellsize 0.5
NODATA_value -9999
[rows 58 to 86 of 360, columns 335 to 401 of 720]
-9999 -9999 -9999 -9999 -9999 -9999 -9999 -9999 -9999 -9999 -9999 -9999 -9999 -9999 -9999 -9999 -9999 -9999 -9999 -9999 -9999 -9999 1730.81881883 1020.56313185 -9999 -9999 -9999 -9999 -9999 -9999 -9999 -9999 -9999 -9999 159.918187871 18060.4011978 54622.6623906 55325.2540217 69471.4452771 49066.3679151 29568.7450393 29858.8854433 27046.385274 23745.5849061 28540.5483423 18644.0133205 10761.084589 7377.79796813 11238.5397016 12539.6508718 14766.1676706 10495.8167622 7626.98323131 8180.95502916 6699.09459702 12472.9509354 10690.9372724 9419.24309906 4868.62307164 1221.20144193 411.422756308 10.337859441 -9999 -9999 -9999 -9999 -9999
-9999 -9999 -9999 -9999 -9999 -9999 -9999 -9999 -9999 -9999 -9999 -9999 -9999 -9999 -9999 -9999 -9999 -9999 -9999 -9999 -9999 766.038641951 4948.88770716 -9999 -9999 -9999 -9999 -9999 -9999 -9999 -9999 -9999 -9999 -9999 -9999.0 5378.96847602 28061.8410697 34856.9894304 39790.1794065 25589.9137621 13791.905295 19003.0200139 28824.4401813 34477.9826273 29035.6482417 12355.8918363 21320.6939488 6371.70197363 12125.9214213 12252.1058272 14811.0526777 11245.8264551 8717.66530393 9712.13770777 9245.06875868 10932.472914 7713.91607679 6704.95603129 4871.52769738 3371.31411036 3790.81197009 2731.23550586 606.998092574 -9999 603.973567839 563.494389759 -9999
-9999 -9999 -9999 -9999 -9999 -9999 -9999 -9999 -9999 -9999 -9999 -9999 -9999 -9999 -9999 -9999 -9999 -9999 -9999 -9999 -9999 -9999 490.532994542 -9999 -9999 -9999 -9999 -9999 -9999 -9999 -9999 -9999 -9999 -9999 -9999 3306.34950437 14893.2910265 53636.2654671 58482.8788471 27745.1266426 31579.7466416 23658.4366207 43878.4507357 27777.8483176 21292.2499268 15395.4763439 4823.83992972 5328.30215226 10662.0420642 10181.6957173 9388.45258561 9291.0695218 9212.99162706 9005.35858047 8732.20364087 8331.20792088 6125.03604497 3936.61961631 2782.6585869 3088.78807529 2440.47156131 4384.02376184 2654.90378178 -9999 -9999 -9999 -9999
-9999 -9999 -9999 -9999 -9999 -9999 -9999 -9999 -9999 -9999 -9999 -9999 -9999 -9999 -9999 -9999 -9999 -9999 255.840148593 128.006794387 -9999 -9999 -9999 -9999 -9999 -9999 -9999 -9999 -9999 -9999 -9999 -9999 -9999 -9999 -9999 1108.85101297 3556.93027444 31768.3304658 27816.1652642 30307.7895555 33640.3128075 31819.622848 34355.7562677 22424.7072322 17910.3060006 3564.29509969 582.881168392 4970.27516764 7006.70490612 8454.35507892 6740.29157762 1785.71853378 597.493657579 3916.35358019 5901.22895215 2987.47720672 2846.11413759 3649.19218388 3709.40666962 3589.76237947 2566.81271063 1012.17588685 235.97305213 -9999 -9999 -9999 -9999
-9999 -9999 -9999 -9999 -9999 -9999 -9999 -9999 -9999 -9999 -9999 -9999 -9999 -9999 311.924733971 2222.94974607 1639.9222533 493.849810059 1415.89147626 116.416541247 -9999 -9999 -9999 -9999 -9999 -9999 -9999 -9999 -9999 -9999 -9999 -9999 -9999 -9999 -9999 -9999 4688.67668141 38953.8496075 31969.3333515 20626.1225199 25072.7922429 23881.9480559 15666.124997 4627.83547809 122.585512511 -9999 -9999 3266.73687714 7553.86096027 6138.32773222 399.549106909 458.498268701 1125.39679664 3973.88164055 2765.47904425 4930.46189439 4342.20307402 4508.54391194 3320.05204234 1745.42806211 503.388224217 -9999 -9999 -9999 -9999 -9999 -9999
-9999 -9999 -9999 -9999 -9999 -9999 -9999 -9999 -9999 -9999 623.255641356 3291.00005508 1129.93521551 -9999 17240.1952137 110943.736772 58926.9064218 8010.01541478 1073.29078711 -9999 -9999 -9999 -9999 -9999 -9999 -9999 -9999 -9999 -9999 -9999 -9999 -9999 -9999 -9999 -9999 -9999 91.4573621944 2733.82846824 12405.4171117 16940.5025739 11711.0440259 5527.29044824 285.484414817 -9999 -9999 -9999 -9999 593.787707071 6097.4126125 4336.90001475 2514.06289209 2216.86975204 4304.36460031 2532.03066204 2916.22334613 3707.67304443 4579.41356777 6040.3336275 2137.35014641 -9999 -9999 -9999 -9999 -9999 -9999 -9999 -9999
-9999 -9999 -9999 -9999 -9999 -9999 -9999 -9999 -9999 -9999 4341.58632978 8525.11278842 5449.30744991 22809.8468961 75130.5649519 103429.266446 45970.7258287 968.242560847 1392.40440874 929.584442346 251.43770668 22.1522716691 -9999 -9999 -9999 -9999 -9999 -9999 -9999 -9999 -9999 -9999 -9999 -9999 -9999 -9999 -9999 -9999 -9999 -9999 -9999 -9999 -9999 -9999 27.140835105 32.1927931976 0.0 -9999 1453.51422138 8348.78572762 8374.48360372 7584.71446952 7027.60348447 4628.16614225 6346.60256198 7581.29585504 7417.52087857 5852.9023874 671.07755366 -9999 -9999 372.643624877 1399.1557353 124.115662358 -9999 -9999 -9999
-9999 -9999 -9999 -9999 -9999 -9999 -9999 -9999 -9999 -9999 4723.87720486 2968.04918817 50758.0549309 66057.683753 182360.948034 108204.547253 76049.9762529 14300.9951537 14966.2261208 16552.6583366 787.129393839 30.0093400863 -9999 -9999 -9999 -9999 -9999 -9999 -9999 -9999 -9999 -9999 -9999 -9999 -9999 -9999 -9999 -9999 -9999 -9999 -9999 -9999 63.4497692183 117.437995654 330.06297419 925.950276414 41.5961025539 12.1981985709 74.4352933735 3191.98135738 8103.6500201 6304.07496208 5844.02247763 5117.81432665 6661.19230952 7058.36727183 6007.55310791 4096.82556422 271.061786822 66.5396397056 -9999 1369.44653835 550.671184041 -9999 -9999 -9999 -9999
-9999 -9999 -9999 -9999 -9999 -9999 -9999 -9999 -9999 193.845362726 -9999.0 220.376035206 10025.2257586 130563.847929 185201.931702 120128.636508 111102.26656 144178.274358 100386.352695 8081.27787307 335.48968034 -9999 -9999 -9999 -9999 -9999 -9999 -9999 -9999 -9999 -9999 -9999 -9999 -9999 -9999 -9999 -9999 -9999 -9999 -9999 -9999 192.680602702 785.405968663 1100.66102565 2712.32091372 595.599197184 -9999 -9999 -9999 3.27261585129 1878.44981826 5803.39602509 4417.09603438 4337.74277528 3619.23446928 4998.22009993 4344.38951979 2082.50748755 599.346046847 -9999 -9999 65.9248661561 -9999 -9999 -9999 -9999 -9999
-9999 -9999 -9999 -9999 -9999 -9999 -9999 -9999 -9999 -9999 -9999 0.0 4795.21983466 17867.0555464 144194.084607 279629.815634 30042.9439335 9979.05023275 1123.6726876 197.791834901 -9999 -9999 -9999 -9999 -9999 -9999 -9999 -9999 -9999 -9999 -9999 -9999 -9999 -9999 -9999 -9999 -9999 -9999 -9999 -9999 -9999 1176.98620022 2362.32528442 3144.15532994 1900.85190859 265.746565572 474.954487872 -9999 -9999 11.8936450123 616.688713671 4086.56749888 3658.50715566 3698.07287918 2453.85342851 2377.88931138 2282.95287937 359.758651631 124.634286233 -9999 -9999 -9999 -9999 -9999 -9999 -9999 -9999
-9999 -9999 -9999 -9999 -9999 -9999 -9999 -9999 -9999 -9999 -9999 -9999.0 5924.69892513 9148.96526771 46082.2481806 4592.47228871 2250.56144642 7581.55539023 12183.2727176 8855.88107215 2462.52314291 269.953617725 -9999 -9999 -9999 -9999 -9999 -9999 -9999 -9999 -9999 -9999 -9999 -9999 -9999 -9999 -9999 -9999 -9999 -9999 -9999 855.627299582 2538.34584434 2367.1950186 515.937482062 42.0462910111 78.5018336242 160.723598759 405.299574777 89.5821378704 126.813501951 728.685419223 2088.05016953 754.493375006 -9999 -9999 -9999 -9999 -9999 -9999 -9999 -9999 -9999 -9999 -9999 -9999 -9999
-9999 -9999 -9999 -9999 -9999 -9999 -9999 -9999 4093.82434689 8956.32336399 10388.8266382 340.042595772 1767.78447501 4673.89004086 650.75642721 3907.65196497 110610.130099 25717.5789803 113462.684858 84938.7263766 89565.5276833 2617.85779983 32.8848709599 -9999 -9999 -9999 -9999 -9999 -9999 -9999 -9999 -9999 -9999 -9999 -9999 -9999 -9999 -9999 -9999 -9999 -9999 33.2378116191 1263.15162966 1380.27524237 291.259699883 200.438081065 376.17533034 49.8934946953 463.794386703 368.671999023 31.5614662597 33.2016169699 25.7274061073 42.7070077148 349.221677451 74.2429490497 -9999 -9999 -9999 -9999 -9999 -9999 -9999 -9999 -9999 -9999 31.2689417067
-9999 -9999 -9999 -9999 -9999 -9999 -9999 2379.6334319 28255.7691393 13507.4036522 18539.1163203 4017.68686868 2789.62246529 813.291044759 229.911445938 586.711537986 4589.81219972 821.054384728 4077.71978384 5104.95625075 78318.43877 3638.78401681 162.043653902 86.2406725728 -9999 -9999 -9999 -9999 -9999 -9999 -9999 -9999 -9999 -9999 -9999 -9999 -9999 -9999 -9999 -9999 -9999 7.58208149326 367.95631709 1355.75843819 1033.28822405 69.730038748 55.6911336233 190.930845053 204.684004053 34.4824056015 19.2925811634 161.961194296 1.52661489848e-06 -9999 -9999 -9999 -9999 -9999 226.7344993 984.319992373 4693.33625591 4044.38683323 123.162518811 -9999 66.9950905513 106.437843438 255.887485566
-9999 -9999 -9999 -9999 320.729870326 7476.27706139 1183.18379933 1731.55277783 5158.88345001 6382.24262819 10536.4066171 6847.31206899 4695.07178006 543.135590392 -9999 1468.47589502 853.855339349 9.83551641375 43655.7553199 80317.6344847 109109.44993 9156.59293988 2013.16613341 3364.79448937 108.265619281 -9999 -9999 -9999 -9999 -9999 -9999 -9999 -9999 -9999 -9999 -9999 -9999 -9999 -9999 -9999 -9999 -9999 277.339670473 737.580338341 1237.25639573 858.733982051 1096.03821373 169.766470192 81.0878633304 534.146777806 1713.61916148 1457.39780032 477.475511717 86.7510870394 13.7139313245 314.099564474 494.612168971 4847.49409797 12154.0237751 11947.870097 618.839001599 2753.83117113 118.697719141 197.425617515 1331.98381141 2018.63430372 1567.74414461
-9999 -9999 -9999 -9999 780.104298599 34449.025202 1472.75434209 348.478038376 235.021918103 707.774064056 1443.84624896 494.581292022 50.1627568431 -9999 -9999 -9999 -9999 -9999 16.1260401935 876.744279797 38145.2781997 1624.22094279 320.006263475 623.770144745 464.996157697 43.36351065 -9999 -9999 -9999 -9999 -9999 -9999 -9999 -9999 -9999 -9999 -9999 -9999 -9999 51.4338477558 118.413600064 196.29745746 4315.75858542 103.340761805 402.783173258 1628.53381393 2229.12175921 1860.86030034 2787.45552159 2477.59989301 2555.15683792 2369.29046478 2029.22293389 6296.70109909 642.462878712 4758.02414357 11982.5962208 13679.5841564 2579.52314241 10357.9756926 2507.38993218 8262.80152069 3213.51583839 1800.60907313 2370.79850928 3497.49408276 3058.84293557
-9999 -9999 -9999 -9999 241.151648603 1145.08367921 1890.01568581 511.223424897 101.591774339 414.892346401 324.905742883 285.310872034 2894.89408534 -9999 -9999 43.7623231154 2230.09496895 10967.0583098 5956.28236618 122.490229047 311.81328666 5728.22104046 773.113476512 957.333823711 1244.67844761 46.0816270606 -9999 -9999 -9999 -9999 -9999 -9999 -9999 -9999 83.6546042401 256.587974436 197.838931912 265.079815797 637.961484034 312.915176302 1451.93681033 821.856658722 617.056912344 3210.87792447 2398.20916895 2655.36221108 3422.09515999 6475.78598441 1734.38245923 4550.36017198 4711.65742335 5678.47703762 3289.27038541 2842.16916225 413.796138102 2036.89738918 3089.95872002 10606.7329475 8807.88571937 7034.50497593 1571.96951054 3834.95063359 1081.1924893 2282.60194186 8320.8588082 2596.30880584 2938.81713778
-9999 -9999 -9999 -9999 -9999 187.34195858 2184.43373577 370.429081487 916.895186537 470.368635698 668.265290221 1863.5371058 2159.0057844 -9999 -9999 77.4181221075 1544.63040481 40484.4126805 24143.9173163 1482.30077197 707.403073011 269.96074344 49.4212544164 1703.49049139 661.988035997 225.687059248 235.698240792 775.166207532 37.8576726066 -9999 -9999 -9999 -9999 -9999 129.756087231 1541.67164734 647.868612008 1007.3481609 2523.03195633 1324.88551662 4867.80245589 3896.24317015 4159.39992575 1399.45337711 3325.77507514 3821.97549941 4081.20452743 3043.69213911 2027.47361579 2126.81077991 28515.179673 2167.98631081 4285.29165732 1447.25444942 1143.18358759 2917.46182765 2564.26523837 1465.27625391 1401.19831455 295.472202906 1733.91401501 1626.76422799 652.474514034 4576.20861025 1244.39163627 1594.70007163 3644.43873555
-9999 -9999 -9999 -9999 5147.46793253 3662.12680867 4534.80979146 931.081104149 2737.14751077 3764.76449212 685.619615131 495.816151377 69.9908984946 -9999 -9999 165.823041713 3199.48611478 44813.6386249 5306.9733651 1633.58801504 605.574157859 678.679890617 1051.80974699 411.7423086 538.621477221 715.353476473 1701.4302876 735.996786892 72.9871365333 -9999 -9999 -9999 -9999 8.25418251207 1714.33392869 12064.8384195 2854.24828307 1145.43730217 1851.01422873 2335.73423621 3041.64430418 3262.38150076 1126.82425331 2372.90895243 1466.83890282 933.330037906 1720.60523941 2523.8407626 1352.41676944 4666.34412455 6039.04450915 4194.23082862 5959.85165375 4107.31993201 1766.70199775 607.424513514 9159.04174604 3829.72177891 522.904262201 1858.54961264 5512.58254081 3725.30497198 282.830880189 920.768012802 699.745036422 1663.19041848 9531.19512282
-9999 -9999 -9999 -9999 7961.1706927 54065.9023927 31668.3581742 781.540832508 247.582622904 66.4758961861 -9999 -9999 -9999 -9999 196.284782651 277.997800226 1123.64496107 5319.8455366 9598.95175372 1343.43097554 1.74281621057e-05 226.68696391 5.40144519281e-05 130.891868178 346.929590686 264.160974202 373.871142872 17.289408047 -9999 -9999 -9999 -9999 263.54817852 485.797158465 236.279245596 196.750107174 784.634892361 253.284681162 1228.2848263 2052.83469997 690.251596075 463.56396298 3557.38766559 9527.62217002 12838.5292282 16617.4006218 14896.3650764 10183.1902209 2916.86726533 2918.8042786 4023.67424101 5327.45309996 5067.95769389 6541.18898695 1536.78087077 2469.72730936 5589.01745089 3624.75927151 2716.85247503 1317.69777291 1513.19124064 7704.17209442 5179.4045926 4086.3980364 4839.55302156 8209.21287305 1868.99759027
-9999 -9999 -9999 -9999 -9999 133.543780093 -9999.0 -9999 -9999 -9999 -9999 -9999 -9999 -9999 -9999 -9999 113.235217791 1097.81427338 386.306506019 138.731699448 594.341649006 1708.18893005 6.63211244981e-05 209.77456512 101.451715212 307.014571182 232.061491581 45.3238129647 -9999 -9999.0 32.9326470049 1301.65395438 892.079039167 1033.56123818 2166.69273578 2561.35214411 2106.15981343 199.779380875 8.22355342895 2150.54152074 12399.2481311 26923.0666242 20104.8748022 8876.03581176 24989.4426181 20276.395955 10893.7151082 14237.0204248 17727.9290452 3270.1760486 4556.74444133 5493.1008129 6252.98632378 5548.24119013 3136.33806149 2498.93436312 2651.40106353 1571.37071986 467.36890352 2448.1320396 6487.71833426 4486.91040925 2862.72035425 1883.40682526 6451.70298772 9837.53624478 14392.0037155
-9999 -9999 -9999 -9999 -9999 -9999 -9999 -9999 -9999 -9999 -9999 -9999 -9999 -9999 -9999 234.021696757 383.712410775 2379.11192844 165.342575941 265.382364171 968.320170997 172.634989748 233.77743509 45.3562156803 28.3638090014 83.0484503892 26.5271732224 -9999 896.210128686 1041.15496912 817.776985038 2269.77896321 2827.23131677 1394.14156607 1317.85528255 543.144024135 1153.83460854 6767.60275326 712.427626153 2797.40365454 11796.5255512 18438.1998101 11454.7797827 13458.702661 18311.1827487 20588.8112927 17866.0188606 18725.8431279 12544.1750068 8590.96888623 7286.1000516 14155.7789834 11804.185574 17964.9656072 6132.15015744 19892.7487612 20168.8790776 12475.7166201 2762.31873661 520.190497942 945.644999691 8627.59895594 6732.46910189 1117.13389754 7822.54893451 7396.85024349 2055.88039735
-9999 -9999 -9999 -9999 -9999 -9999 -9999 -9999 -9999 -9999 -9999 -9999 -9999 83.5486820522 8.8192855432 221.130813564 68.7498371886 415.432558687 -9999 -9999 -9999 -9999 -9999 -9999 -9999 -9999 -9999 0.0 1348.23808561 2905.62389721 899.262380237 254.508199574 673.11634032 3895.67776382 8766.88667839 9752.51118072 17601.2504195 13217.7482365 15403.4387311 14737.6991097 16271.2011935 7907.44676776 427.564476753 11268.9363406 24338.5828972 10074.2509172 7254.90655308 14191.4270211 12751.0434654 11142.0534902 20735.0112648 14718.2097319 8175.38000106 1468.06669856 299.046523171 1599.98330006 2598.15057745 10851.6126833 21491.349976 26394.8313004 1054.87438645 578.817074554 454.274022768 593.252355132 0.000441115507468 336.27483118 270.983448171
-9999 -9999 -9999 -9999 -9999 -9999 -9999 -9999 -9999 -9999 -9999 -9999 -9999 -9999 44.15599064 -9999 -9999 -9999 -9999 -9999 -9999 77.6188753661 111.041919087 -9999 -9999 72.915229905 125.462613497 1907.10588906 2351.97489051 2447.48557624 1028.11881552 990.30841411 1766.75138291 2391.87344109 4678.47846793 6808.30012091 5914.00816102 5688.64258605 15954.0599576 16672.9695498 13733.363337 118.079866027 7131.46901524 19150.1391962 11660.2880742 2112.83735424 3488.28013164 13713.5496198 7657.60531425 14678.1274281 12136.8126291 7181.77065379 8499.9365881 8366.19868387 9490.28380174 6775.03235098 5718.23253137 8113.05259566 7248.96766054 5524.41469822 5540.06778388 2300.97615847 7686.941086 20509.9850405 16868.7961991 24055.6371313 12707.0473996
-9999 -9999 -9999 -9999 -9999 -9999 -9999 -9999 -9999 -9999 -9999 -9999 -9999 -9999 -9999 -9999 -9999 -9999 -9999 -9999.0 16.2680745267 39.5611952086 128.097751142 316.671480618 116.040225728 251.929842029 613.979865232 461.695344192 842.376065015 1035.21109796 323.770976439 1677.94627072 2847.11966729 2021.58586555 3719.7133183 3053.93773542 1691.22746082 323.323583072 2573.33307522 3526.99320637 20030.2061498 1331.09068862 4588.82394363 13120.7871582 7778.26132188 4951.64317493 4395.17842746 4582.34121207 15049.4018767 7929.00224883 24185.872508 33398.0964761 10069.9698387 5064.73437989 4090.50005922 10431.4349084 7866.56326501 8977.34331888 5236.23206684 3088.60660675 6410.29094222 43281.4366515 26606.1991117 58859.7785986 19112.2422521 23974.2688099 41050.6484785
-9999 -9999 -9999 -9999 -9999 -9999 -9999 -9999 -9999 -9999 -9999 -9999 -9999 -9999 -9999 19.5836758992 6.17937162693 39.5121033318 488.631150343 17.8432764858 27.5362925943 45.3500430626 527.882217104 1517.33356331 1591.28152787 2626.57469801 2788.629959 1682.38003926 167.901408162 411.119591195 143.099281333 1679.41249226 1624.99875118 3863.8766994 2020.91906271 3975.24694411 2706.83090257 342.920859723 521.135453098 5567.46264499 514.82745889 16345.8756715 11868.2968113 2454.7534236 9421.72220754 2369.77934495 3015.90523526 3559.8289067 3190.92027837 2578.84574257 4069.74731863 16160.7719378 28536.2866148 16317.3582032 14930.1743013 3772.37735803 4030.69648869 3947.64004125 563.643841528 1014.73221709 12068.2455686 18167.1164391 23039.4846336 37428.492053 68985.9198182 51554.6843496 39466.1355102
-9999 -9999 -9999 -9999 -9999 -9999 -9999 -9999 -9999 -9999 -9999 -9999 -9999 -9999 -9999 77.7498921942 1802.12098152 3126.62302162 4000.42739363 1254.76853052 1008.50923048 280.144713218 402.693441698 951.326982058 2330.93210655 2405.74580929 4766.63651563 2163.42628622 1175.98993751 1652.27347967 1155.90195676 3977.94072242 5372.54621885 2552.38478468 7029.4636952 3926.52361849 1816.56454648 989.405992621 12029.7550026 40653.1184369 2056.93986842 41742.3750521 5764.20966269 6580.56135664 4232.26523729 846.953761995 2441.14700623 2773.29623889 1782.64773402 2450.57230396 1965.4986548 1944.39936496 3686.76165055 1259.9652316 11193.0879236 19546.3181751 4904.36513353 7768.72254665 320.571104116 3191.71865148 5.67667056893e-05 1197.53374845 8563.6782993 8362.33438693 6624.15525371 7480.14512884 5085.09448821
-9999 -9999 -9999 -9999 -9999 -9999 -9999 -9999 -9999 -9999 -9999 -9999 -9999 -9999 -9999 -9999 32.2030126968 4.28719158854 641.781129219 997.567734585 2410.04844892 926.243386127 696.25991895 675.616429874 1862.63633062 2558.1244655 3479.40325012 1102.8287663 1516.8321216 2106.80862231 2067.15172776 4330.34494507 5581.10372396 4273.69250563 7816.95539148 3882.27715638 1681.52939224 3934.46631226 20178.7384913 3949.67908125 9939.2142068 23919.5488713 4992.59696273 2861.64489993 1116.89893972 6290.11781325 7568.73242612 15440.9606443 25831.3686577 42102.4683538 73371.3550416 53665.9026732 87050.8501604 99284.1510766 133042.552637 119353.304585 109618.057588 12209.9519576 2704.01305479 698.682814807 4.08697558775e-05 1364.21087265 6651.93910179 2492.30657961 6129.08923037 5235.19653481 553.595462167
-9999 -9999 -9999 -9999 -9999 -9999 -9999 -9999 -9999 -9999 -9999 -9999 -9999 -9999 -9999 -9999 -9999 -9999 -9999.0 -9999 338.593060241 1.73518392026e-05 6.50237392309e-06 38.9029389859 258.996545198 1827.8845759 1017.88423093 2250.9812004 3421.43299342 3455.08483641 2056.49755484 2610.42970558 7189.65974282 9224.65418979 6282.78828904 1670.31119927 3956.92969464 8367.62611771 23829.674518 21582.9374846 5702.99798324 3511.12022256 23307.7564342 58371.2471961 93027.328973 254620.940574 215969.830375 235279.457605 170666.637685 93745.1635296 136053.607762 217523.96428 176343.358418 166915.264381 97758.6443487 57255.1202272 28058.6606695 4358.67279956 842.228046273 829.676103317 4284.73994061 5559.54613067 1809.96846141 5629.05546198 1222.2691603 149.642810439 792.421497817
-9999 -9999 -9999 -9999 -9999 -9999 -9999 -9999 -9999 -9999 -9999 -9999 -9999 -9999 -9999 -9999 -9999 -9999 -9999 -9999 11.3278698753 521.212327585 562.494002011 2399.89575691 1568.69403382 1966.5764754 3268.86094289 3042.05150833 2030.82666368 2220.08577177 2124.3893923 770.349388234 2033.97293225 3952.67914338 2461.50322161 2198.9818525 8142.96620107 11569.4334313 4289.07891702 17397.3933211 87096.0128735 106864.89134 136386.900541 174254.277899 106318.887946 205244.803131 56885.9943544 89721.7609007 93310.7694637 59928.1506837 192552.646257 226965.646463 102033.094392 44779.6352326 52822.0553467 35940.0563418 3709.93690233 3319.332753 3577.09677092 3888.5831898 4014.61078701 2778.51056816 576.98678348 2961.36783484 997.628503586 477.156927848 1256.66300701
