Model Version1.4/trunk/input/1999/nfix_ag.asc
ncols 720
nrows 360
xllcorner -180.0
yllcorner -90.0
cellsize 0.5
NODATA_value -9999.0
[rows 90 to 119 of 360, columns 335 to 401 of 720]
-9999.0 -9999.0 -9999.0 -9999.0 -9999.0 -9999.0 -9999.0 -9999.0 -9999.0 -9999.0 -9999.0 -9999.0 -9999.0 -9999.0 -9999.0 -9999.0 -9999.0 -9999.0 -9999.0 -9999.0 -9999.0 -9999.0 247355.0 739583.0 1822480.0 2905240.0 1489970.0 544876.0 740119.0 964184.0 810311.0 510027.0 358660.0 315455.0 1550230.0 549750.0 247461.0 620828.0 228074.0 2623000.0 7821310.0 3827060.0 4341160.0 649677.0 1016500.0 1813450.0 2023300.0 2146490.0 2280870.0 4892620.0 -9999.0 -9999.0 216871.0 174240.0 262165.0 372571.0 667522.0 849178.0 1220340.0 1189760.0 1635330.0 1516340.0 1961100.0 2884980.0 3306520.0 2899760.0 3253910.0
-9999.0 -9999.0 -9999.0 -9999.0 -9999.0 -9999.0 -9999.0 -9999.0 -9999.0 -9999.0 -9999.0 -9999.0 -9999.0 -9999.0 -9999.0 -9999.0 -9999.0 -9999.0 -9999.0 -9999.0 -9999.0 -9999.0 74672.0 563324.0 401159.0 3234230.0 3832770.0 2917390.0 1080550.0 1335990.0 1141720.0 380118.0 86698.6 1643390.0 1841510.0 641850.0 498239.0 277158.0 402995.0 944567.0 2394630.0 417019.0 84812.1 166304.0 430718.0 241099.0 517367.0 747262.0 1538620.0 1548110.0 118027.0 -9999.0 -9999.0 -9999.0 -9999.0 541072.0 937015.0 664262.0 649204.0 557956.0 454272.0 415239.0 592902.0 605560.0 1757040.0 2621510.0 3118660.0
-9999.0 -9999.0 -9999.0 -9999.0 -9999.0 -9999.0 -9999.0 -9999.0 194232.0 81807.3 109074.0 -9999.0 -9999.0 219268.0 -9999.0 -9999.0 -9999.0 -9999.0 -9999.0 -9999.0 -9999.0 -9999.0 734255.0 1319100.0 2128690.0 2022390.0 2572680.0 3140810.0 3092050.0 1659190.0 334209.0 409161.0 595744.0 2125530.0 3949480.0 1929540.0 972097.0 411164.0 213303.0 228656.0 271330.0 76597.1 -9999.0 -9999.0 -9999.0 1416670.0 3915220.0 2760150.0 1129920.0 2550650.0 4173540.0 2350370.0 149833.0 -9999.0 -9999.0 36302.2 222700.0 1138230.0 1180730.0 1174690.0 439052.0 574339.0 431710.0 272686.0 935765.0 1193970.0 1666830.0
-9999.0 -9999.0 -9999.0 -9999.0 -9999.0 -9999.0 196059.0 3108700.0 2400900.0 3278650.0 1299720.0 107976.0 265533.0 553468.0 220224.0 262406.0 399430.0 581504.0 187137.0 148349.0 126641.0 336733.0 942076.0 956571.0 1250570.0 2399000.0 1819690.0 2252280.0 2222080.0 868110.0 1039380.0 1512830.0 271141.0 13115.9 308686.0 420624.0 420401.0 346846.0 272248.0 -9999.0 -9999.0 -9999.0 -9999.0 -9999.0 -9999.0 244103.0 2363150.0 3093550.0 4634310.0 3803620.0 2894210.0 4283630.0 3107950.0 -9999.0 -9999.0 -9999.0 -9999.0 25599.0 383129.0 871246.0 1454840.0 1162510.0 479686.0 642932.0 818448.0 729590.0 770103.0
-9999.0 -9999.0 -9999.0 -9999.0 -9999.0 -9999.0 114211.0 1899680.0 3057970.0 2815190.0 1213700.0 214372.0 252613.0 793341.0 793735.0 658911.0 1178360.0 791195.0 827123.0 1043620.0 581130.0 808396.0 383604.0 325406.0 468862.0 115986.0 493109.0 416329.0 279309.0 64382.8 915376.0 141957.0 -9999.0 -9999.0 -9999.0 -9999.0 -9999.0 -9999.0 -9999.0 -9999.0 -9999.0 -9999.0 22563.7 172909.0 -9999.0 29633.3 783098.0 4364440.0 3260810.0 4171030.0 2150510.0 344531.0 3826560.0 410056.0 -9999.0 -9999.0 -9999.0 -9999.0 94534.9 64914.8 440213.0 951186.0 865986.0 654885.0 339363.0 979842.0 2003210.0
-9999.0 -9999.0 -9999.0 -9999.0 -9999.0 -9999.0 -9999.0 255567.0 225346.0 1927720.0 256408.0 232420.0 742325.0 1890740.0 1145550.0 1416520.0 1535770.0 1265400.0 431013.0 617650.0 1001780.0 1788070.0 1566960.0 928513.0 950701.0 705500.0 600891.0 435081.0 389974.0 285450.0 635610.0 523720.0 -9999.0 -9999.0 -9999.0 -9999.0 -9999.0 -9999.0 -9999.0 -9999.0 -9999.0 -9999.0 6639.63 381987.0 220752.0 -9999.0 -9999.0 605411.0 3529240.0 4998540.0 3179810.0 1235900.0 2486080.0 3590090.0 1227250.0 -9999.0 -9999.0 -9999.0 -9999.0 -9999.0 -9999.0 0.0 235546.0 855553.0 461226.0 785591.0 1292710.0
-9999.0 -9999.0 -9999.0 -9999.0 -9999.0 -9999.0 -9999.0 247327.0 174052.0 130656.0 333769.0 328984.0 795651.0 1525620.0 1515400.0 1421780.0 1351560.0 1583590.0 1109050.0 476239.0 1091990.0 881242.0 1319000.0 832642.0 1280770.0 1848180.0 1644710.0 1270920.0 888513.0 657028.0 699910.0 237948.0 -9999.0 -9999.0 -9999.0 -9999.0 -9999.0 -9999.0 -9999.0 -9999.0 -9999.0 -9999.0 63074.3 32275.1 -9999.0 -9999.0 -9999.0 -9999.0 -9999.0 1594380.0 4129400.0 2375040.0 2775470.0 1095580.0 3705300.0 5980910.0 2148780.0 4423.59 -9999.0 -9999.0 -9999.0 -9999.0 -9999.0 409499.0 1405880.0 1080330.0 426857.0
-9999.0 -9999.0 -9999.0 -9999.0 -9999.0 -9999.0 -9999.0 434126.0 801074.0 226653.0 296855.0 455078.0 937992.0 1590910.0 1649270.0 1596660.0 1165820.0 1006790.0 485657.0 853054.0 818704.0 715840.0 894203.0 816736.0 1024850.0 837546.0 1492750.0 1273290.0 1131330.0 23549.9 -9999.0 -9999.0 -9999.0 -9999.0 -9999.0 -9999.0 -9999.0 -9999.0 -9999.0 -9999.0 -9999.0 -9999.0 15521.4 500434.0 31502.8 -9999.0 -9999.0 -9999.0 -9999.0 -9999.0 732336.0 2275060.0 2320640.0 4082000.0 3453550.0 4214080.0 7107840.0 3870560.0 1413130.0 371407.0 -9999.0 -9999.0 -9999.0 249339.0 3117600.0 907598.0 307126.0
-9999.0 -9999.0 -9999.0 -9999.0 -9999.0 -9999.0 -9999.0 522019.0 263518.0 512905.0 471868.0 1173460.0 1283910.0 652631.0 1258760.0 1274920.0 636376.0 457925.0 739988.0 822114.0 251458.0 210100.0 714394.0 450817.0 745500.0 876704.0 475224.0 -9999.0 -9999.0 -9999.0 -9999.0 -9999.0 -9999.0 -9999.0 -9999.0 -9999.0 -9999.0 -9999.0 -9999.0 -9999.0 -9999.0 1785630.0 2352260.0 1235330.0 324391.0 -9999.0 -9999.0 -9999.0 -9999.0 -9999.0 -9999.0 -9999.0 -9999.0 819812.0 1624660.0 2946450.0 3040080.0 4125820.0 4903870.0 4397840.0 2382380.0 203896.0 -9999.0 869432.0 3692440.0 655596.0 1499230.0
-9999.0 -9999.0 -9999.0 -9999.0 -9999.0 -9999.0 -9999.0 784667.0 379549.0 212489.0 362832.0 737408.0 890664.0 291942.0 483078.0 627211.0 1029390.0 1144750.0 1162090.0 1089110.0 715448.0 338112.0 668613.0 261056.0 535704.0 334630.0 -9999.0 -9999.0 -9999.0 -9999.0 -9999.0 -9999.0 -9999.0 -9999.0 -9999.0 -9999.0 -9999.0 -9999.0 -9999.0 -9999.0 -9999.0 168535.0 2525930.0 1930540.0 345554.0 -9999.0 -9999.0 -9999.0 -9999.0 -9999.0 -9999.0 -9999.0 -9999.0 -9999.0 -9999.0 1055410.0 1669240.0 2757240.0 3782170.0 724685.0 1808990.0 3805690.0 -9999.0 85399.1 855177.0 780613.0 508205.0
-9999.0 -9999.0 -9999.0 -9999.0 -9999.0 -9999.0 87846.0 1117690.0 385974.0 267030.0 776334.0 890423.0 497413.0 754562.0 441094.0 829891.0 1186440.0 1523230.0 1262570.0 1465370.0 592806.0 357492.0 554349.0 925709.0 865197.0 0.0 -9999.0 -9999.0 -9999.0 53207.5 742539.0 870220.0 87225.4 237862.0 -9999.0 -9999.0 -9999.0 -9999.0 -9999.0 -9999.0 -9999.0 191123.0 4084560.0 1708370.0 415087.0 -9999.0 -9999.0 -9999.0 -9999.0 -9999.0 -9999.0 -9999.0 -9999.0 -9999.0 -9999.0 -9999.0 290447.0 3209380.0 715631.0 -9999.0 -9999.0 837822.0 -9999.0 -9999.0 258052.0 1038800.0 1068450.0
-9999.0 -9999.0 -9999.0 -9999.0 -9999.0 -9999.0 743115.0 1246210.0 854693.0 781874.0 771295.0 904541.0 769091.0 1127060.0 429865.0 367021.0 768936.0 1474590.0 1966690.0 1723940.0 1547060.0 1172730.0 561135.0 1333930.0 872053.0 -9999.0 -9999.0 51116.4 61078.7 -9999.0 242253.0 327590.0 -9999.0 -9999.0 -9999.0 -9999.0 -9999.0 -9999.0 -9999.0 -9999.0 -9999.0 233648.0 3030130.0 1305050.0 167476.0 -9999.0 -9999.0 -9999.0 -9999.0 -9999.0 -9999.0 -9999.0 -9999.0 -9999.0 -9999.0 -9999.0 -9999.0 1301380.0 1751420.0 1309560.0 -9999.0 -9999.0 -9999.0 -9999.0 34105.1 9057.0 1407090.0
-9999.0 -9999.0 -9999.0 -9999.0 -9999.0 -9999.0 428066.0 821350.0 472225.0 674833.0 947889.0 1716700.0 1623140.0 1172790.0 301089.0 673364.0 907456.0 1346870.0 1358220.0 1270000.0 988713.0 1165010.0 836159.0 1020010.0 884966.0 127105.0 -9999.0 156798.0 0.0 -9999.0 -9999.0 -9999.0 -9999.0 -9999.0 -9999.0 -9999.0 -9999.0 -9999.0 -9999.0 -9999.0 -9999.0 -9999.0 87224.3 -9999.0 -9999.0 -9999.0 -9999.0 -9999.0 -9999.0 -9999.0 -9999.0 -9999.0 -9999.0 -9999.0 -9999.0 -9999.0 273211.0 1524760.0 1266680.0 430578.0 -9999.0 -9999.0 -9999.0 -9999.0 -9999.0 -9999.0 302750.0
-9999.0 -9999.0 -9999.0 -9999.0 -9999.0 -9999.0 26147.6 175386.0 473868.0 934972.0 652893.0 833225.0 1464760.0 1117700.0 824820.0 598559.0 584753.0 1170780.0 1280980.0 561766.0 586401.0 1182820.0 1133820.0 1281810.0 101102.0 -9999.0 -9999.0 -9999.0 -9999.0 -9999.0 -9999.0 -9999.0 -9999.0 -9999.0 -9999.0 -9999.0 -9999.0 -9999.0 -9999.0 -9999.0 -9999.0 -9999.0 -9999.0 -9999.0 -9999.0 -9999.0 -9999.0 -9999.0 -9999.0 -9999.0 209468.0 558230.0 102300.0 -9999.0 337320.0 400056.0 581053.0 1218330.0 156467.0 -9999.0 -9999.0 -9999.0 -9999.0 -9999.0 -9999.0 53061.8 61269.0
-9999.0 -9999.0 -9999.0 -9999.0 -9999.0 -9999.0 -9999.0 190221.0 504200.0 554457.0 404813.0 462802.0 295652.0 1317360.0 1651020.0 1912270.0 1816090.0 1624900.0 1506820.0 1150650.0 762571.0 1089110.0 1354370.0 745758.0 -9999.0 -9999.0 -9999.0 -9999.0 -9999.0 -9999.0 -9999.0 -9999.0 -9999.0 -9999.0 -9999.0 -9999.0 -9999.0 -9999.0 -9999.0 -9999.0 -9999.0 -9999.0 -9999.0 -9999.0 -9999.0 -9999.0 -9999.0 -9999.0 -9999.0 85465.2 3833660.0 2684980.0 2213380.0 2352570.0 2571460.0 544339.0 312994.0 126423.0 -9999.0 -9999.0 -9999.0 -9999.0 -9999.0 -9999.0 -9999.0 -9999.0 83030.1
-9999.0 -9999.0 -9999.0 -9999.0 -9999.0 -9999.0 -9999.0 227841.0 429805.0 455689.0 1029430.0 1063460.0 1945830.0 1735030.0 1433550.0 2118660.0 1332530.0 1432540.0 1080850.0 990038.0 1180070.0 753792.0 0.0 -9999.0 -9999.0 -9999.0 -9999.0 -9999.0 -9999.0 -9999.0 -9999.0 -9999.0 -9999.0 -9999.0 -9999.0 -9999.0 -9999.0 82557.7 19458.0 83340.1 0.0 -9999.0 30221.8 554729.0 721953.0 262070.0 24311.8 31378.1 -9999.0 -9999.0 -9999.0 827707.0 3505130.0 3185440.0 5210340.0 1769150.0 -9999.0 -9999.0 -9999.0 -9999.0 -9999.0 -9999.0 -9999.0 -9999.0 -9999.0 -9999.0 -9999.0
-9999.0 -9999.0 -9999.0 -9999.0 -9999.0 -9999.0 -9999.0 -9999.0 -9999.0 0.0 -9999.0 0.0 1450820.0 1483800.0 555942.0 1029650.0 512688.0 603540.0 594833.0 587702.0 535653.0 48841.3 -9999.0 -9999.0 -9999.0 -9999.0 -9999.0 48791.0 150349.0 268734.0 471847.0 673998.0 913940.0 990894.0 949705.0 450364.0 740654.0 1094280.0 1142860.0 1179350.0 1066730.0 1025320.0 1186520.0 1341130.0 1363700.0 974566.0 994487.0 127117.0 13715.4 -9999.0 -9999.0 -9999.0 -9999.0 517502.0 3325560.0 1064310.0 -9999.0 -9999.0 -9999.0 -9999.0 -9999.0 -9999.0 -9999.0 -9999.0 -9999.0 -9999.0 -9999.0
-9999.0 -9999.0 -9999.0 -9999.0 -9999.0 -9999.0 -9999.0 -9999.0 -9999.0 -9999.0 -9999.0 -9999.0 315391.0 764929.0 335166.0 0.0 -9999.0 -9999.0 -9999.0 -9999.0 -9999.0 -9999.0 -9999.0 -9999.0 -9999.0 305889.0 882127.0 1279350.0 1286360.0 1275160.0 1124450.0 1246230.0 1242410.0 1144820.0 1234850.0 1247840.0 1246940.0 1237370.0 1229930.0 1246700.0 1250590.0 1264790.0 1320630.0 1325080.0 1278570.0 1307410.0 171773.0 -9999.0 -9999.0 -9999.0 -9999.0 -9999.0 -9999.0 -9999.0 -9999.0 -9999.0 -9999.0 -9999.0 -9999.0 -9999.0 -9999.0 -9999.0 -9999.0 -9999.0 -9999.0 -9999.0 -9999.0
-9999.0 -9999.0 -9999.0 -9999.0 -9999.0 -9999.0 -9999.0 -9999.0 -9999.0 -9999.0 -9999.0 -9999.0 -9999.0 481660.0 286663.0 -9999.0 -9999.0 -9999.0 -9999.0 -9999.0 -9999.0 -9999.0 127808.0 604301.0 778977.0 1222870.0 1280300.0 1266730.0 1246950.0 1257610.0 1253270.0 1254380.0 1249840.0 1255240.0 1255090.0 1259470.0 1226070.0 1180330.0 1249250.0 1199320.0 1259500.0 1260110.0 1257320.0 1261580.0 1276580.0 1257520.0 765521.0 -9999.0 -9999.0 -9999.0 -9999.0 -9999.0 -9999.0 102089.0 58339.4 -9999.0 -9999.0 -9999.0 -9999.0 -9999.0 -9999.0 -9999.0 -9999.0 -9999.0 -9999.0 -9999.0 -9999.0
-9999.0 -9999.0 -9999.0 -9999.0 -9999.0 -9999.0 -9999.0 -9999.0 -9999.0 -9999.0 -9999.0 -9999.0 328474.0 1272290.0 4106310.0 476337.0 482819.0 623011.0 612730.0 397498.0 289070.0 406078.0 1072080.0 1144730.0 987497.0 1256550.0 1017880.0 1252280.0 1265810.0 1259640.0 1260650.0 1261090.0 1262490.0 1228530.0 1194120.0 1261530.0 1263190.0 1268320.0 1257570.0 1255590.0 1263000.0 1252530.0 1226760.0 1298510.0 1274420.0 1390280.0 1379920.0 189903.0 -9999.0 -9999.0 -9999.0 -9999.0 -9999.0 -9999.0 -9999.0 -9999.0 -9999.0 -9999.0 -9999.0 -9999.0 -9999.0 -9999.0 -9999.0 -9999.0 -9999.0 -9999.0 -9999.0
-9999.0 -9999.0 -9999.0 -9999.0 -9999.0 -9999.0 -9999.0 -9999.0 -9999.0 -9999.0 -9999.0 -9999.0 982777.0 1186790.0 463062.0 1128500.0 1197340.0 1271390.0 1281630.0 1281200.0 1274700.0 1221520.0 1241790.0 994553.0 1135070.0 1274280.0 1275430.0 1270600.0 1269390.0 1270100.0 1270850.0 1268800.0 1269870.0 1271030.0 1270790.0 1287420.0 1269860.0 1295910.0 1284930.0 1270420.0 1269980.0 1269790.0 1272080.0 1285160.0 1273720.0 1282960.0 754938.0 48392.4 -9999.0 -9999.0 -9999.0 -9999.0 -9999.0 -9999.0 -9999.0 -9999.0 -9999.0 -9999.0 -9999.0 -9999.0 -9999.0 -9999.0 -9999.0 -9999.0 -9999.0 -9999.0 -9999.0
-9999.0 -9999.0 -9999.0 -9999.0 -9999.0 -9999.0 -9999.0 -9999.0 -9999.0 -9999.0 -9999.0 414270.0 1335640.0 1346960.0 1300230.0 1281120.0 1278090.0 1246370.0 1242540.0 1273510.0 1135870.0 1242910.0 1279060.0 1277570.0 1206400.0 1132460.0 1279900.0 1242090.0 1277710.0 1270490.0 1278120.0 1277330.0 1276580.0 1277520.0 1276880.0 1276780.0 1278230.0 780639.0 819328.0 780699.0 854423.0 1136670.0 1137190.0 1245800.0 1261670.0 427430.0 -9999.0 -9999.0 -9999.0 -9999.0 -9999.0 -9999.0 -9999.0 -9999.0 -9999.0 -9999.0 -9999.0 -9999.0 -9999.0 -9999.0 -9999.0 -9999.0 -9999.0 -9999.0 -9999.0 -9999.0 -9999.0
-9999.0 -9999.0 -9999.0 -9999.0 -9999.0 -9999.0 -9999.0 -9999.0 -9999.0 56194.1 727032.0 1277710.0 1294250.0 1287060.0 1224160.0 1219790.0 1287720.0 1289470.0 1143220.0 642019.0 213947.0 999337.0 1249350.0 1285060.0 1268130.0 1284270.0 1283860.0 1254960.0 1212560.0 999066.0 982728.0 1145220.0 1285190.0 1285060.0 1285060.0 963158.0 993640.0 289309.0 143013.0 389095.0 428503.0 179562.0 297271.0 393442.0 1064830.0 807273.0 497096.0 97645.7 -9999.0 -9999.0 -9999.0 -9999.0 -9999.0 -9999.0 -9999.0 -9999.0 -9999.0 -9999.0 -9999.0 -9999.0 -9999.0 -9999.0 -9999.0 -9999.0 -9999.0 -9999.0 -9999.0
-9999.0 -9999.0 -9999.0 -9999.0 -9999.0 -9999.0 -9999.0 167820.0 952711.0 1292990.0 1302850.0 1295770.0 1308260.0 1299330.0 1183980.0 1182470.0 1221500.0 506169.0 1148700.0 431120.0 287721.0 718064.0 933546.0 1292510.0 1292620.0 1292130.0 860630.0 502026.0 358482.0 71669.0 358620.0 681627.0 861638.0 1148620.0 1256520.0 215418.0 107644.0 314867.0 128266.0 0.0 0.0 35920.2 38901.2 34686.2 143372.0 1217440.0 1249560.0 751705.0 237007.0 -9999.0 -9999.0 -9999.0 -9999.0 -9999.0 -9999.0 -9999.0 -9999.0 -9999.0 -9999.0 -9999.0 -9999.0 -9999.0 -9999.0 -9999.0 -9999.0 -9999.0 -9999.0
-9999.0 -9999.0 -9999.0 -9999.0 -9999.0 -9999.0 216190.0 1172740.0 1357380.0 1305180.0 1310500.0 1292580.0 1312250.0 1269300.0 1191850.0 1120880.0 1157410.0 975882.0 793454.0 541454.0 793657.0 938265.0 1118930.0 1298050.0 1155180.0 649522.0 68141.8 36022.5 0.0 36124.1 72112.9 468103.0 722382.0 714287.0 1118400.0 72349.1 144531.0 0.0 0.0 0.0 0.0 0.0 0.0 36090.3 0.0 572121.0 793917.0 1011150.0 1214760.0 1143830.0 987068.0 1219680.0 892036.0 446090.0 -9999.0 -9999.0 -9999.0 -9999.0 -9999.0 -9999.0 -9999.0 -9999.0 -9999.0 -9999.0 -9999.0 -9999.0 397671.0
-9999.0 -9999.0 -9999.0 -9999.0 -9999.0 -9999.0 704819.0 1320060.0 1325320.0 1331640.0 1347010.0 1365560.0 1283770.0 1308040.0 1271100.0 1309350.0 1091210.0 326979.0 109149.0 145200.0 218168.0 581467.0 944656.0 870702.0 108742.0 181425.0 217650.0 108809.0 36258.4 0.0 0.0 72516.8 367467.0 145201.0 362450.0 145868.0 37085.5 0.0 0.0 0.0 0.0 0.0 0.0 0.0 0.0 109103.0 364580.0 514514.0 1017280.0 1171550.0 1383200.0 1327860.0 1374070.0 1097630.0 1158250.0 666788.0 -9999.0 -9999.0 -9999.0 -9999.0 -9999.0 -9999.0 -9999.0 -9999.0 -9999.0 900086.0 1488520.0
-9999.0 -9999.0 -9999.0 -9999.0 -9999.0 287732.0 1285050.0 1321560.0 1341560.0 1333550.0 1240370.0 1312850.0 1315090.0 1299160.0 1059580.0 761095.0 469516.0 146443.0 73145.1 323232.0 661390.0 474442.0 401363.0 36556.2 0.0 0.0 0.0 0.0 0.0 0.0 0.0 0.0 73079.6 72915.3 0.0 124833.0 73680.2 36596.6 0.0 36523.4 0.0 0.0 0.0 0.0 36588.9 36588.9 323822.0 914420.0 658417.0 656303.0 620262.0 474966.0 433830.0 698979.0 490616.0 566685.0 0.0 -9999.0 -9999.0 -9999.0 -9999.0 -9999.0 -9999.0 -9999.0 96465.2 1541640.0 1339040.0
-9999.0 -9999.0 -9999.0 -9999.0 -9999.0 810888.0 1167550.0 1314730.0 956306.0 1285760.0 1238400.0 1323570.0 1285060.0 1249050.0 1137110.0 293135.0 372842.0 146973.0 110059.0 443295.0 256967.0 256708.0 36654.1 36718.9 0.0 0.0 0.0 36686.6 0.0 0.0 0.0 0.0 36621.6 0.0 0.0 0.0 0.0 0.0 0.0 0.0 0.0 0.0 36621.6 0.0 0.0 146551.0 73308.2 0.0 36621.6 73243.1 36621.6 111524.0 372435.0 110377.0 0.0 190222.0 549875.0 585963.0 515896.0 267518.0 -9999.0 -9999.0 -9999.0 -9999.0 -9999.0 879545.0 367336.0
-9999.0 -9999.0 -9999.0 -9999.0 -9999.0 801701.0 1335650.0 1296750.0 1185690.0 1217980.0 1254980.0 1251240.0 1257300.0 848376.0 184334.0 221534.0 516954.0 332076.0 36847.8 74461.7 73695.5 73791.3 0.0 0.0 0.0 0.0 0.0 0.0 0.0 0.0 148751.0 37064.5 0.0 0.0 0.0 0.0 0.0 74119.6 74065.8 0.0 0.0 0.0 0.0 0.0 0.0 0.0 0.0 0.0 0.0 0.0 36911.7 113990.0 37822.9 0.0 0.0 0.0 0.0 184163.0 448411.0 589531.0 653245.0 470412.0 -9999.0 -9999.0 132887.0 1048820.0 184175.0
-9999.0 -9999.0 -9999.0 -9999.0 -9999.0 365342.0 1365950.0 1345420.0 1261200.0 1261560.0 1223990.0 1186940.0 1076120.0 522171.0 37320.9 0.0 74108.6 37101.6 0.0 185571.0 0.0 0.0 0.0 0.0 0.0 0.0 37164.3 0.0 0.0 0.0 37116.8 0.0 0.0 0.0 0.0 0.0 0.0 0.0 0.0 0.0 0.0 0.0 0.0 36780.8 0.0 0.0 0.0 37038.6 74234.6 148501.0 0.0 0.0 37038.6 37038.6 0.0 0.0 0.0 0.0 0.0 0.0 0.0 111053.0 311910.0 445345.0 632632.0 296214.0 0.0
