Model Version1.4/trunk/input/1999/nfix_ag.asc
ncols 720
nrows 360
xllcorner -180.0
yllcorner -90.0
cellsize 0.5
NODATA_value -9999.0
[rows 120 to 149 of 360, columns 536 to 602 of 720]
924490.0 1078600.0 1051260.0 1073390.0 999104.0 1152940.0 1165220.0 1065620.0 962002.0 671070.0 941093.0 1013180.0 855685.0 707430.0 968574.0 861836.0 0.0 595897.0 798948.0 1012040.0 1046400.0 914232.0 837803.0 775223.0 1039330.0 829361.0 723096.0 707948.0 831669.0 896021.0 1313100.0 2785970.0 2475710.0 2397040.0 2400340.0 2347940.0 2011840.0 1815790.0 1026820.0 1366360.0 1033680.0 1524020.0 1843240.0 688294.0 629275.0 738512.0 1442090.0 2868480.0 3581940.0 2972700.0 2430710.0 1951050.0 1587840.0 1779360.0 1440230.0 2075010.0 1765590.0 1525090.0 578165.0 369305.0 1329220.0 849906.0 1163400.0 1342440.0 2051700.0 2027970.0 1853280.0
1091660.0 1179170.0 1155920.0 1102140.0 1116080.0 1134520.0 1064550.0 1138540.0 853934.0 772026.0 1070770.0 741321.0 819703.0 628561.0 792999.0 744230.0 498739.0 629063.0 863292.0 1003080.0 711587.0 906352.0 772308.0 660029.0 0.0 803944.0 812323.0 704324.0 779932.0 965114.0 1182720.0 2084720.0 2233220.0 2725220.0 2673070.0 2167850.0 1564170.0 1945720.0 1218660.0 1257450.0 1250800.0 888800.0 968846.0 1029890.0 1244800.0 1195540.0 2127860.0 3588120.0 4151290.0 2289950.0 2399050.0 1492140.0 1037530.0 978991.0 800517.0 2016620.0 1115980.0 2118100.0 1785030.0 975312.0 896420.0 1446750.0 2633160.0 2349420.0 2003940.0 1574540.0 1120210.0
1057950.0 1038310.0 1138620.0 1114150.0 903455.0 1011510.0 1031340.0 1126480.0 1091670.0 865803.0 684754.0 811396.0 533777.0 114961.0 194133.0 115749.0 485707.0 969339.0 1120620.0 715490.0 677145.0 865525.0 752804.0 841953.0 0.0 446667.0 569805.0 694458.0 828180.0 816566.0 852940.0 1050280.0 1773040.0 2005720.0 2415180.0 2014020.0 1342550.0 1840730.0 1556600.0 1577960.0 1513340.0 1206210.0 1292230.0 1219510.0 649790.0 486059.0 1608070.0 3342120.0 2822840.0 3384100.0 2107360.0 1827620.0 640594.0 816383.0 1465540.0 2484150.0 2719450.0 2619000.0 1937690.0 954901.0 1726100.0 1680920.0 1107880.0 1265810.0 1593790.0 1004030.0 1700890.0
976129.0 718616.0 1067430.0 472961.0 354988.0 827896.0 826670.0 755827.0 998966.0 491235.0 505426.0 78706.9 40000.9 0.0 88554.5 208372.0 234833.0 536293.0 797816.0 256212.0 874661.0 1005750.0 868859.0 942009.0 378239.0 302484.0 421874.0 607670.0 1071300.0 878169.0 1006220.0 913980.0 1636070.0 402368.0 1613110.0 943077.0 1491200.0 1635760.0 1379440.0 1504840.0 1844030.0 1316850.0 1678280.0 1140290.0 983044.0 1130250.0 947916.0 1716270.0 2249080.0 2772240.0 2289850.0 1116080.0 968975.0 1177690.0 2926960.0 3688530.0 2707800.0 2529210.0 2081020.0 1627940.0 1362230.0 549119.0 404812.0 946932.0 886186.0 879887.0 1063600.0
0.0 220303.0 491046.0 271773.0 250728.0 191005.0 113972.0 425616.0 570064.0 382748.0 37950.2 0.0 0.0 1255930.0 2650210.0 3083630.0 195721.0 114914.0 39699.2 155538.0 575491.0 1026180.0 874190.0 1060960.0 670350.0 486250.0 625235.0 567811.0 1028950.0 1102160.0 1175820.0 1376490.0 1326640.0 2052560.0 1808080.0 1785000.0 1717380.0 1670040.0 1433290.0 1114890.0 1663460.0 765951.0 1250550.0 1227640.0 1686910.0 1501580.0 1916020.0 1873710.0 2374860.0 2963200.0 1999610.0 1075850.0 1439540.0 1488340.0 2110560.0 1393960.0 1927310.0 1476320.0 553439.0 677928.0 641381.0 889492.0 256511.0 605680.0 1039690.0 906649.0 -9999.0
132028.0 242982.0 214009.0 160888.0 369893.0 188870.0 687714.0 721872.0 46561.4 52757.8 0.0 822724.0 3862310.0 3940880.0 3184760.0 845535.0 0.0 0.0 167956.0 0.0 38124.0 617062.0 987819.0 795518.0 848288.0 845195.0 761660.0 602360.0 356491.0 981239.0 1488690.0 1770990.0 1479230.0 1790430.0 1879390.0 1649980.0 1578350.0 1560150.0 1403510.0 895530.0 610148.0 764936.0 530407.0 1280030.0 1048460.0 2053170.0 2153080.0 2197480.0 2045200.0 2255760.0 2006440.0 766378.0 1017480.0 2016020.0 1680510.0 1068870.0 554536.0 1412950.0 509283.0 368475.0 710406.0 675092.0 626487.0 1460800.0 1172510.0 240686.0 -9999.0
2558310.0 3432900.0 2865190.0 1617770.0 1858980.0 1691240.0 2398330.0 3105240.0 3027300.0 3796260.0 2303670.0 3301070.0 3769550.0 1441900.0 64801.0 0.0 0.0 0.0 0.0 0.0 0.0 392797.0 900704.0 659765.0 976208.0 1014610.0 910703.0 707874.0 720105.0 903966.0 1612800.0 1462050.0 1442220.0 1405760.0 1615450.0 1700820.0 1624570.0 1300840.0 1126760.0 942430.0 1001320.0 763292.0 942555.0 1213170.0 1116640.0 1854220.0 1945270.0 2287760.0 1870000.0 2508000.0 1739390.0 1115230.0 620991.0 1879340.0 1198490.0 416121.0 1048350.0 514283.0 562457.0 826933.0 709566.0 774233.0 662840.0 773363.0 317046.0 -9999.0 -9999.0
4262330.0 3658180.0 4349190.0 4243890.0 3561600.0 3618120.0 4054230.0 3162490.0 2951240.0 3066640.0 712887.0 1649990.0 623766.0 52939.1 0.0 0.0 0.0 173599.0 0.0 0.0 0.0 461967.0 829044.0 1076030.0 1462830.0 1153820.0 676041.0 1144990.0 1248820.0 1123310.0 1401000.0 1252440.0 1408970.0 1315650.0 1536390.0 1816910.0 1963460.0 1136730.0 767871.0 874858.0 625412.0 856517.0 689199.0 619183.0 450215.0 836598.0 2278360.0 1771370.0 1288410.0 2200430.0 1677640.0 661446.0 926809.0 1211170.0 1498690.0 1423990.0 1414050.0 902069.0 710952.0 1075680.0 832289.0 998464.0 1048620.0 500944.0 -9999.0 -9999.0 -9999.0
4260320.0 3920660.0 3380770.0 3654110.0 937417.0 574777.0 475674.0 211380.0 206287.0 978436.0 719972.0 840768.0 82968.6 0.0 160504.0 0.0 0.0 167213.0 0.0 0.0 139839.0 582052.0 818529.0 738175.0 1241600.0 1511410.0 1264890.0 1583460.0 1237610.0 1299330.0 1502370.0 1575970.0 1529110.0 1630790.0 1708310.0 1253030.0 1213760.0 1000640.0 737728.0 1097270.0 524408.0 850739.0 982634.0 487724.0 666922.0 1355220.0 1508210.0 1118340.0 1982350.0 1001650.0 1041560.0 675834.0 764592.0 1814210.0 1527290.0 1197300.0 1239320.0 1447860.0 470902.0 619415.0 612036.0 1035860.0 1770330.0 590056.0 -9999.0 -9999.0 -9999.0
4359900.0 3751080.0 2070350.0 3578750.0 1263920.0 1305510.0 1526390.0 1469770.0 1480820.0 50559.0 88120.5 0.0 148623.0 0.0 173294.0 0.0 47970.2 420203.0 1277700.0 77880.6 586266.0 1118790.0 1286830.0 713610.0 1122430.0 1501390.0 1584430.0 1297810.0 1259670.0 1394580.0 1538270.0 2011190.0 1634100.0 2062140.0 1733560.0 1219740.0 395900.0 461605.0 756813.0 652634.0 940572.0 1138820.0 1480270.0 716262.0 2126310.0 1104930.0 1664610.0 1450970.0 802598.0 1282540.0 986562.0 708262.0 1251320.0 1738870.0 1041180.0 928745.0 952440.0 744616.0 524915.0 1124010.0 2298510.0 2079690.0 648080.0 240407.0 -9999.0 -9999.0 565001.0
3550700.0 4200390.0 2267620.0 3353690.0 3681440.0 2013310.0 2502350.0 3364710.0 4037760.0 3173580.0 232188.0 1186750.0 328725.0 673251.0 163080.0 0.0 410143.0 0.0 102526.0 406029.0 737746.0 1197640.0 1661720.0 1037840.0 1057670.0 435641.0 714645.0 1063220.0 1169960.0 837520.0 1630230.0 2118840.0 1448600.0 1393440.0 1181580.0 512859.0 503272.0 612706.0 557920.0 583079.0 1324550.0 1350430.0 2179960.0 1510880.0 1397240.0 1969120.0 1664120.0 1375620.0 659903.0 489567.0 971280.0 942184.0 682187.0 1265360.0 1266590.0 1291130.0 908452.0 1014150.0 832798.0 1878270.0 2275000.0 910648.0 -9999.0 -9999.0 -9999.0 594658.0 1381870.0
4319040.0 3833500.0 2244400.0 3522860.0 3528740.0 3439280.0 3228030.0 2519710.0 1461170.0 183785.0 0.0 347000.0 171993.0 1158100.0 319485.0 169178.0 1657260.0 955762.0 1001620.0 693573.0 758703.0 667395.0 1197060.0 1024200.0 1380290.0 827918.0 544532.0 916774.0 1138420.0 1698280.0 1954470.0 1602250.0 1515860.0 957210.0 420106.0 118782.0 533165.0 1166540.0 1464420.0 988178.0 1261040.0 1909170.0 1896150.0 2216830.0 1797830.0 1417010.0 1677090.0 1179400.0 809409.0 1528430.0 1075970.0 1589440.0 832246.0 1021570.0 506249.0 2017950.0 1208890.0 1056050.0 2006390.0 2271670.0 196787.0 -9999.0 -9999.0 -9999.0 369514.0 2196380.0 481511.0
4369560.0 2972850.0 4089300.0 4140100.0 2689170.0 3314070.0 2911900.0 769481.0 187371.0 53671.2 0.0 0.0 757224.0 173853.0 494278.0 1089320.0 1022500.0 0.0 0.0 425736.0 0.0 435617.0 1120470.0 1092400.0 749275.0 646558.0 523147.0 1144870.0 1296680.0 1681510.0 1994960.0 1853550.0 2094860.0 1833170.0 1579590.0 1258580.0 704311.0 1321280.0 1412910.0 1750860.0 1336740.0 1896140.0 2268110.0 1898840.0 1625620.0 1442920.0 1490790.0 1429620.0 1884020.0 1598810.0 1971490.0 1605820.0 766968.0 1544870.0 960748.0 1446770.0 1945960.0 1903850.0 1518560.0 216325.0 -9999.0 -9999.0 -9999.0 -9999.0 1251680.0 2483580.0 459023.0
4452670.0 4168190.0 3371960.0 2687200.0 3837780.0 3382090.0 3177780.0 2308310.0 1777290.0 0.0 0.0 0.0 1346290.0 0.0 1779780.0 1649880.0 462303.0 267258.0 0.0 139875.0 102056.0 41134.4 655007.0 1084450.0 869447.0 530671.0 716174.0 1217130.0 1497660.0 1610560.0 1608090.0 1454330.0 2059510.0 1619470.0 775172.0 1112250.0 1951540.0 1671390.0 1655230.0 1559070.0 1997670.0 1466240.0 2096730.0 2152730.0 1540980.0 1748950.0 1692060.0 1350830.0 1562390.0 2403670.0 2142130.0 2081840.0 1538590.0 1696140.0 963602.0 1241690.0 1976320.0 542606.0 47137.2 -9999.0 -9999.0 -9999.0 -9999.0 -9999.0 3125460.0 829489.0 632514.0
2552370.0 4176070.0 3718380.0 4182880.0 4586560.0 3984630.0 3768490.0 3981050.0 2655410.0 41886.8 0.0 0.0 1148990.0 1292190.0 3990440.0 3660930.0 384927.0 0.0 145792.0 317248.0 488514.0 0.0 311190.0 1340680.0 1035740.0 758204.0 486610.0 718881.0 453147.0 1062430.0 841827.0 773326.0 738647.0 335016.0 0.0 80259.1 386513.0 937504.0 1764330.0 1865620.0 2005370.0 1808650.0 2087420.0 2484730.0 2382580.0 1554540.0 1503070.0 2021420.0 1907980.0 2213980.0 3347820.0 1099050.0 962770.0 445388.0 928852.0 893782.0 445332.0 -9999.0 -9999.0 -9999.0 -9999.0 -9999.0 -9999.0 -9999.0 1400710.0 1646800.0 377148.0
3620740.0 3666010.0 2276890.0 3386820.0 4933130.0 3003060.0 1290600.0 2081540.0 3121480.0 159380.0 0.0 0.0 373893.0 2871630.0 5505110.0 5293160.0 2625570.0 638153.0 152117.0 177893.0 283898.0 0.0 531479.0 968317.0 1167590.0 712012.0 165550.0 145498.0 80306.0 0.0 0.0 120354.0 425723.0 622959.0 359241.0 328764.0 275089.0 1232130.0 2029800.0 1867400.0 1550390.0 2028990.0 2285130.0 1880520.0 2231530.0 2276130.0 1605890.0 1723760.0 1849080.0 2500520.0 2188760.0 201041.0 224037.0 -9999.0 -9999.0 -9999.0 -9999.0 -9999.0 -9999.0 -9999.0 -9999.0 -9999.0 -9999.0 -9999.0 76705.2 599792.0 -9999.0
2130170.0 314327.0 1104050.0 465421.0 1286580.0 -9999.0 -9999.0 1292890.0 2815870.0 0.0 0.0 0.0 689677.0 2879020.0 5256250.0 4379550.0 2446440.0 0.0 0.0 148677.0 168653.0 0.0 0.0 0.0 773740.0 812242.0 140154.0 135643.0 0.0 0.0 0.0 0.0 71124.9 1556480.0 2726720.0 1585840.0 808835.0 370256.0 232563.0 519701.0 1039440.0 1098850.0 2153810.0 1971400.0 1550040.0 2433640.0 1909160.0 1380600.0 975849.0 536252.0 -9999.0 -9999.0 -9999.0 -9999.0 -9999.0 -9999.0 -9999.0 -9999.0 -9999.0 -9999.0 -9999.0 -9999.0 -9999.0 -9999.0 -9999.0 88911.6 -9999.0
-9999.0 -9999.0 -9999.0 -9999.0 -9999.0 -9999.0 -9999.0 -9999.0 2229430.0 0.0 0.0 0.0 891601.0 3977860.0 5191800.0 4315350.0 2367280.0 1017550.0 288282.0 572829.0 356236.0 0.0 0.0 224409.0 0.0 0.0 107333.0 55769.1 0.0 152105.0 243698.0 154617.0 491946.0 289050.0 3410820.0 4806720.0 3981190.0 538452.0 556622.0 754360.0 -9999.0 -9999.0 182613.0 1163550.0 1895060.0 979434.0 -9999.0 -9999.0 -9999.0 -9999.0 -9999.0 -9999.0 -9999.0 -9999.0 -9999.0 -9999.0 -9999.0 -9999.0 -9999.0 -9999.0 -9999.0 -9999.0 -9999.0 -9999.0 -9999.0 -9999.0 -9999.0
-9999.0 -9999.0 -9999.0 -9999.0 -9999.0 -9999.0 -9999.0 -9999.0 978667.0 1466860.0 1523650.0 0.0 708692.0 4520130.0 3410540.0 4304100.0 1601720.0 1517300.0 823755.0 833940.0 178514.0 0.0 0.0 279147.0 0.0 0.0 0.0 186066.0 0.0 0.0 0.0 0.0 0.0 0.0 1128190.0 4323560.0 6686520.0 2802570.0 113831.0 -9999.0 -9999.0 -9999.0 -9999.0 1014600.0 1420560.0 -9999.0 -9999.0 -9999.0 -9999.0 -9999.0 -9999.0 -9999.0 -9999.0 -9999.0 -9999.0 -9999.0 -9999.0 -9999.0 -9999.0 -9999.0 -9999.0 -9999.0 -9999.0 -9999.0 -9999.0 -9999.0 -9999.0
-9999.0 -9999.0 -9999.0 -9999.0 -9999.0 -9999.0 -9999.0 -9999.0 -9999.0 1150240.0 2076970.0 0.0 122554.0 4617790.0 4700620.0 1947460.0 1815910.0 699004.0 575824.0 297905.0 165564.0 0.0 134823.0 1007320.0 1677260.0 188183.0 355997.0 171813.0 187241.0 175666.0 0.0 0.0 0.0 0.0 696620.0 3193120.0 5385510.0 462687.0 -9999.0 -9999.0 -9999.0 -9999.0 -9999.0 111425.0 779499.0 151990.0 -9999.0 -9999.0 -9999.0 -9999.0 -9999.0 -9999.0 -9999.0 -9999.0 -9999.0 -9999.0 -9999.0 -9999.0 -9999.0 -9999.0 -9999.0 -9999.0 -9999.0 -9999.0 -9999.0 -9999.0 -9999.0
-9999.0 -9999.0 -9999.0 -9999.0 -9999.0 -9999.0 -9999.0 -9999.0 -9999.0 -9999.0 1204.31 613897.0 0.0 1771090.0 3519510.0 1198290.0 1880610.0 204665.0 866574.0 49421.4 0.0 0.0 797519.0 1670950.0 1136280.0 188848.0 193026.0 346188.0 535967.0 181297.0 375061.0 331370.0 0.0 0.0 700533.0 3414990.0 -9999.0 -9999.0 -9999.0 -9999.0 -9999.0 -9999.0 839103.0 1905370.0 2040250.0 1645270.0 0.0 -9999.0 -9999.0 -9999.0 -9999.0 -9999.0 -9999.0 -9999.0 -9999.0 -9999.0 -9999.0 -9999.0 -9999.0 -9999.0 -9999.0 -9999.0 -9999.0 -9999.0 -9999.0 -9999.0 -9999.0
-9999.0 -9999.0 -9999.0 -9999.0 -9999.0 -9999.0 -9999.0 -9999.0 -9999.0 -9999.0 -9999.0 1168860.0 314833.0 793619.0 3482220.0 434882.0 1233160.0 0.0 108658.0 0.0 0.0 380690.0 368075.0 1783640.0 1387080.0 898297.0 0.0 557442.0 129571.0 0.0 551202.0 182705.0 0.0 114637.0 1327440.0 2182440.0 -9999.0 -9999.0 -9999.0 -9999.0 -9999.0 1051350.0 1249950.0 644936.0 867978.0 589811.0 -9999.0 -9999.0 -9999.0 -9999.0 -9999.0 -9999.0 -9999.0 -9999.0 -9999.0 -9999.0 -9999.0 -9999.0 -9999.0 -9999.0 -9999.0 -9999.0 -9999.0 -9999.0 -9999.0 -9999.0 0.0
-9999.0 -9999.0 -9999.0 -9999.0 -9999.0 -9999.0 -9999.0 -9999.0 -9999.0 -9999.0 -9999.0 1095310.0 655285.0 245201.0 4353480.0 1357030.0 1274500.0 875971.0 0.0 0.0 63818.0 1503260.0 1606610.0 322564.0 299770.0 1794750.0 0.0 89252.0 175224.0 19039.1 0.0 0.0 0.0 0.0 2328150.0 1802070.0 -9999.0 -9999.0 -9999.0 -9999.0 -9999.0 969936.0 1490680.0 1167830.0 1293420.0 -9999.0 -9999.0 -9999.0 -9999.0 -9999.0 -9999.0 -9999.0 -9999.0 -9999.0 -9999.0 -9999.0 -9999.0 -9999.0 -9999.0 -9999.0 -9999.0 -9999.0 -9999.0 -9999.0 -9999.0 0.0 47718.1
-9999.0 -9999.0 -9999.0 -9999.0 -9999.0 -9999.0 -9999.0 -9999.0 -9999.0 -9999.0 -9999.0 -9999.0 457074.0 0.0 4496050.0 2846070.0 446912.0 2455030.0 0.0 0.0 0.0 1972670.0 1618410.0 1470620.0 2017620.0 368812.0 372002.0 362905.0 880372.0 2441330.0 2805330.0 2474090.0 304515.0 115994.0 178401.0 1918610.0 400418.0 -9999.0 -9999.0 -9999.0 -9999.0 159273.0 588858.0 531088.0 0.0 -9999.0 -9999.0 -9999.0 -9999.0 -9999.0 -9999.0 -9999.0 -9999.0 -9999.0 -9999.0 -9999.0 -9999.0 -9999.0 -9999.0 -9999.0 -9999.0 -9999.0 -9999.0 -9999.0 -9999.0 1350620.0 524115.0
-9999.0 -9999.0 -9999.0 -9999.0 -9999.0 -9999.0 -9999.0 -9999.0 -9999.0 -9999.0 -9999.0 -9999.0 0.0 236075.0 4751230.0 4641020.0 282240.0 3109640.0 0.0 0.0 0.0 883608.0 1002660.0 731521.0 1832740.0 379674.0 189306.0 1725420.0 2483810.0 4444010.0 4202180.0 3342310.0 3970080.0 360832.0 91235.6 320548.0 1039230.0 0.0 -9999.0 -9999.0 -9999.0 -9999.0 -9999.0 -9999.0 -9999.0 -9999.0 -9999.0 -9999.0 -9999.0 -9999.0 -9999.0 -9999.0 -9999.0 -9999.0 -9999.0 -9999.0 -9999.0 -9999.0 -9999.0 -9999.0 -9999.0 -9999.0 -9999.0 -9999.0 576098.0 720414.0 583357.0
-9999.0 -9999.0 -9999.0 -9999.0 -9999.0 -9999.0 -9999.0 -9999.0 -9999.0 -9999.0 -9999.0 -9999.0 -9999.0 2212000.0 4945940.0 4979020.0 2200840.0 2412480.0 1462350.0 2311000.0 183358.0 72296.6 1302950.0 4209450.0 3003150.0 1070690.0 790558.0 1953880.0 2905000.0 3299040.0 3207800.0 2156150.0 2702570.0 4436580.0 433570.0 345915.0 93913.9 1657170.0 354985.0 -9999.0 -9999.0 -9999.0 -9999.0 -9999.0 -9999.0 -9999.0 -9999.0 -9999.0 -9999.0 -9999.0 -9999.0 -9999.0 -9999.0 -9999.0 -9999.0 -9999.0 -9999.0 -9999.0 -9999.0 -9999.0 -9999.0 -9999.0 -9999.0 -9999.0 540917.0 284823.0 410014.0
-9999.0 -9999.0 -9999.0 -9999.0 -9999.0 -9999.0 -9999.0 -9999.0 -9999.0 -9999.0 -9999.0 -9999.0 160936.0 4497610.0 5784550.0 5400310.0 2729660.0 1289790.0 2043460.0 4088770.0 1468740.0 849565.0 2921210.0 3611010.0 4570700.0 1289400.0 1686870.0 829943.0 2597630.0 4008220.0 3290380.0 2644220.0 1359450.0 3013160.0 1732360.0 375728.0 178019.0 594877.0 1742940.0 258898.0 -9999.0 -9999.0 -9999.0 -9999.0 -9999.0 -9999.0 -9999.0 -9999.0 -9999.0 -9999.0 -9999.0 -9999.0 -9999.0 -9999.0 -9999.0 -9999.0 -9999.0 -9999.0 -9999.0 -9999.0 -9999.0 -9999.0 -9999.0 -9999.0 753268.0 496631.0 840227.0
-9999.0 -9999.0 -9999.0 -9999.0 -9999.0 -9999.0 -9999.0 -9999.0 -9999.0 -9999.0 -9999.0 -9999.0 600889.0 2284630.0 3894640.0 3507850.0 783759.0 -9999.0 -9999.0 2784430.0 655574.0 503238.0 1483130.0 3096620.0 4948770.0 2976060.0 1987530.0 1877310.0 3333820.0 4760450.0 5210070.0 4791760.0 2860620.0 2593030.0 2645580.0 769000.0 281219.0 358684.0 502508.0 939917.0 216975.0 -9999.0 -9999.0 -9999.0 -9999.0 -9999.0 -9999.0 -9999.0 -9999.0 -9999.0 -9999.0 -9999.0 -9999.0 -9999.0 -9999.0 -9999.0 -9999.0 -9999.0 -9999.0 -9999.0 -9999.0 -9999.0 -9999.0 1631460.0 1751220.0 1200440.0 435041.0
-9999.0 -9999.0 -9999.0 -9999.0 -9999.0 -9999.0 -9999.0 -9999.0 -9999.0 -9999.0 -9999.0 -9999.0 145850.0 217339.0 452788.0 85323.6 -9999.0 -9999.0 -9999.0 980649.0 467269.0 0.0 767233.0 3856850.0 5121340.0 2810570.0 2150070.0 3277790.0 4520110.0 2159350.0 3749980.0 4226210.0 4663040.0 3362840.0 3069760.0 1571780.0 1559100.0 0.0 179600.0 0.0 1986240.0 0.0 -9999.0 -9999.0 -9999.0 -9999.0 -9999.0 -9999.0 -9999.0 -9999.0 -9999.0 -9999.0 -9999.0 -9999.0 -9999.0 -9999.0 -9999.0 -9999.0 -9999.0 -9999.0 -9999.0 -9999.0 -9999.0 635210.0 2540570.0 5233090.0 1454690.0
-9999.0 -9999.0 -9999.0 -9999.0 -9999.0 -9999.0 -9999.0 -9999.0 -9999.0 -9999.0 -9999.0 -9999.0 -9999.0 -9999.0 -9999.0 -9999.0 -9999.0 -9999.0 -9999.0 809256.0 0.0 0.0 0.0 3224220.0 5879050.0 3385050.0 2958670.0 3432510.0 4936090.0 4432970.0 3977330.0 3908810.0 3477110.0 4259800.0 4351520.0 1828680.0 513461.0 193516.0 0.0 180606.0 0.0 1747370.0 -9999.0 -9999.0 -9999.0 -9999.0 -9999.0 -9999.0 -9999.0 -9999.0 -9999.0 -9999.0 -9999.0 -9999.0 -9999.0 -9999.0 -9999.0 -9999.0 -9999.0 -9999.0 -9999.0 -9999.0 -9999.0 262588.0 805308.0 4114380.0 1333650.0
