Model Version1.4/trunk/input/1999/nfix_ag.asc
ncols 720
nrows 360
xllcorner -180.0
yllcorner -90.0
cellsize 0.5
NODATA_value -9999.0
[rows 90 to 119 of 360, columns 134 to 200 of 720]
475134.0 404149.0 159145.0 91917.4 0.0 0.0 123564.0 685832.0 1375830.0 1090410.0 387635.0 513742.0 1160040.0 1145580.0 1125920.0 1126680.0 1105530.0 984918.0 1653560.0 1653250.0 1372120.0 1441600.0 1469370.0 1192210.0 1280380.0 3258430.0 2214510.0 1244240.0 1323730.0 1481270.0 1672840.0 1906930.0 1834100.0 2331520.0 4486110.0 3798160.0 4717680.0 6366830.0 5970040.0 4740460.0 5733380.0 7879050.0 10846000.0 10393100.0 7536590.0 11179800.0 6708870.0 3883930.0 4092470.0 10914800.0 2423760.0 0.0 -9999.0 0.0 1798130.0 1474490.0 45175.5 142124.0 491886.0 0.0 -9999.0 -9999.0 -9999.0 553703.0 577691.0 74877.3 996996.0
296614.0 494105.0 356971.0 467972.0 0.0 0.0 153644.0 490391.0 1059310.0 1165180.0 1148000.0 288028.0 853266.0 1112860.0 1118530.0 1131300.0 1107230.0 778066.0 741101.0 1420800.0 1745990.0 1755770.0 1310290.0 1435300.0 1624950.0 2032800.0 1851060.0 1332350.0 1638580.0 1307560.0 768291.0 1781870.0 1931270.0 2157940.0 139894.0 2413010.0 3988780.0 4892600.0 5225170.0 4307370.0 3981980.0 3359470.0 4692730.0 11750800.0 4894260.0 2946980.0 5376200.0 7059640.0 11670300.0 7591210.0 11913800.0 -9999.0 -9999.0 730854.0 361751.0 1652370.0 365136.0 1436360.0 1668430.0 0.0 0.0 -9999.0 294601.0 1731880.0 1533230.0 1481180.0 1541230.0
839228.0 2643870.0 4399460.0 1411850.0 168394.0 31548.7 127129.0 282743.0 835934.0 1246950.0 1147320.0 863267.0 1088290.0 1133580.0 1125110.0 1126530.0 1129240.0 1062360.0 943992.0 1180100.0 1325490.0 994148.0 1550970.0 1493740.0 1042840.0 1924480.0 2215740.0 2253620.0 1383090.0 1243950.0 1354500.0 980621.0 3011580.0 4469130.0 3166510.0 1592640.0 4062250.0 3647650.0 3751890.0 4848760.0 4457080.0 1166040.0 2329040.0 3242550.0 8184710.0 6296260.0 4977320.0 7001370.0 15350700.0 7413480.0 3768800.0 -9999.0 0.0 2042990.0 864863.0 1453440.0 2933000.0 2545890.0 0.0 2825190.0 1902940.0 -9999.0 692455.0 1858350.0 1920880.0 1744980.0 1270340.0
2309710.0 3322080.0 879484.0 432052.0 193743.0 156639.0 126711.0 415248.0 1205330.0 1213640.0 1102410.0 1058900.0 1098860.0 1126530.0 1128680.0 1126730.0 1132040.0 1142660.0 1353450.0 1559980.0 1277060.0 1560020.0 1798310.0 1705790.0 1704320.0 1456380.0 1792980.0 2264760.0 2354580.0 2948480.0 2345440.0 2590940.0 3571800.0 5397470.0 3384530.0 3435630.0 2060950.0 1213420.0 2943960.0 5514270.0 4904070.0 3016720.0 505968.0 872008.0 2926210.0 6841030.0 9613230.0 13467100.0 16137900.0 15462900.0 0.0 -9999.0 -9999.0 1872290.0 4771700.0 4396890.0 4269330.0 4511580.0 5461450.0 4802200.0 4112250.0 178144.0 1224440.0 1679640.0 1727480.0 1573320.0 997767.0
2040190.0 1417950.0 823652.0 257762.0 190182.0 655524.0 594238.0 162489.0 747938.0 1116700.0 1104500.0 1105140.0 1149560.0 997849.0 1083340.0 1199730.0 1220200.0 1209210.0 1380900.0 1689710.0 2244830.0 2198340.0 1718800.0 1711750.0 1426850.0 1579400.0 2633200.0 1964370.0 2773000.0 2806370.0 3608920.0 5418760.0 4038820.0 7471300.0 2107340.0 579359.0 3496080.0 2665270.0 2833700.0 2967700.0 4122450.0 6451730.0 3182500.0 2591170.0 2947110.0 11090100.0 12405700.0 16726400.0 17290700.0 18836200.0 0.0 -9999.0 -9999.0 0.0 6336590.0 5346460.0 5406060.0 5715070.0 5738380.0 3758210.0 5115990.0 1717290.0 1812100.0 1173000.0 1317500.0 931524.0 558537.0
1561140.0 1962090.0 1374090.0 528901.0 327719.0 683318.0 826666.0 861716.0 794573.0 1048550.0 1051070.0 1055580.0 1089380.0 1055210.0 788429.0 1100240.0 1295770.0 1314280.0 1511200.0 2784880.0 2721610.0 1415960.0 1325740.0 1350200.0 1019000.0 1096120.0 1483990.0 945122.0 1834330.0 3354290.0 4600400.0 4718440.0 4595240.0 7981340.0 3771040.0 4101280.0 5209430.0 7293980.0 8326940.0 6096620.0 2502040.0 6640580.0 7996700.0 4902490.0 5038200.0 4939270.0 6746340.0 6052160.0 6876720.0 3941480.0 0.0 -9999.0 0.0 5977140.0 6834470.0 5769800.0 4696500.0 5889600.0 7085550.0 2908350.0 1090590.0 1085540.0 346105.0 -9999.0 -9999.0 0.0 0.0
735739.0 2826390.0 2101650.0 528929.0 771226.0 738257.0 930816.0 983208.0 1025940.0 1057160.0 1058480.0 990450.0 939923.0 842135.0 990223.0 1119030.0 1348210.0 1470730.0 3684520.0 3262100.0 2211090.0 1678030.0 1634020.0 1731620.0 1245150.0 1395770.0 2564570.0 2429730.0 3075260.0 3978500.0 4561780.0 5234190.0 5124070.0 5691600.0 7211130.0 9641630.0 6025230.0 8880760.0 8274850.0 7384150.0 7243890.0 6602190.0 7704120.0 9406320.0 11162300.0 7959600.0 8284940.0 8210890.0 8726110.0 4192910.0 794797.0 0.0 4599600.0 8308110.0 8410140.0 7346560.0 7095170.0 7279810.0 8106200.0 0.0 0.0 -9999.0 0.0 1583200.0 3757460.0 7413660.0 2062310.0
90915.9 1235620.0 597698.0 413665.0 680172.0 769224.0 847686.0 934949.0 936072.0 968328.0 1007530.0 599876.0 496175.0 101947.0 815052.0 955142.0 1182460.0 1398380.0 1970390.0 2939160.0 4111750.0 4157140.0 3018690.0 2734300.0 2473780.0 2999700.0 2978500.0 3352490.0 4373930.0 5183690.0 5798050.0 6561280.0 6756600.0 7303130.0 9314920.0 8223540.0 5826480.0 6108590.0 6594020.0 6256000.0 6392270.0 6715640.0 8404920.0 9020430.0 7235060.0 8147080.0 7658310.0 8937890.0 8507430.0 9113020.0 9683480.0 8071410.0 7741020.0 10191300.0 9677210.0 8580920.0 8179530.0 7109140.0 8101700.0 9020750.0 8097540.0 7141370.0 3834880.0 5237850.0 4571970.0 3361400.0 935547.0
378339.0 985675.0 351851.0 287711.0 40022.2 143410.0 332478.0 455288.0 553163.0 553448.0 738906.0 491123.0 173000.0 283348.0 197830.0 803801.0 1279100.0 1214750.0 1184300.0 1264190.0 1723590.0 2274840.0 4883950.0 4426900.0 2641060.0 3219250.0 5049700.0 5813290.0 5452780.0 6041730.0 4801420.0 5320040.0 5845470.0 5486870.0 7863420.0 8001600.0 6476680.0 5409440.0 5074910.0 5270860.0 5922050.0 6891950.0 7066260.0 8856670.0 8664700.0 6199150.0 8067940.0 10322400.0 7486820.0 6327990.0 6624180.0 6598680.0 10660800.0 10421300.0 10273800.0 10997500.0 10836000.0 9089800.0 8323200.0 8902530.0 8692710.0 6691190.0 7907740.0 5322340.0 4205700.0 4480340.0 5144990.0
470628.0 674172.0 1718520.0 205907.0 354973.0 1861290.0 1629160.0 660856.0 661617.0 669542.0 645263.0 342684.0 252142.0 240656.0 266481.0 1294420.0 2164910.0 1327470.0 1341690.0 1139810.0 1896540.0 1465470.0 3647660.0 3951750.0 4082690.0 4502560.0 4718300.0 4578930.0 5102880.0 5123180.0 4837930.0 4534520.0 5161260.0 4861190.0 5821580.0 5780860.0 5265980.0 4141010.0 3803140.0 3862760.0 3256860.0 4357000.0 4357860.0 7652350.0 5027520.0 6366280.0 9794730.0 8096600.0 7496570.0 7820260.0 9007200.0 9492420.0 11363500.0 9597520.0 10019900.0 9031480.0 11120400.0 10463600.0 8706260.0 8070110.0 8510230.0 4138560.0 2891050.0 1606530.0 4003980.0 10019500.0 7872710.0
315804.0 466721.0 1534460.0 586213.0 453164.0 198365.0 231794.0 396529.0 561256.0 671355.0 565321.0 187273.0 298375.0 309097.0 266199.0 664775.0 1198940.0 1400540.0 1280820.0 1349340.0 1094750.0 1446800.0 2718840.0 2402660.0 2256730.0 2445620.0 2619080.0 3043890.0 3084000.0 3199420.0 3358030.0 3693620.0 3375560.0 3307020.0 3871470.0 4200170.0 6348770.0 5668200.0 4322160.0 4869680.0 4018530.0 4467990.0 4518230.0 6669410.0 5301420.0 9121190.0 8809250.0 7991120.0 6931750.0 8025040.0 7401390.0 8239340.0 8767080.0 6428110.0 9389630.0 9541950.0 9694070.0 7873010.0 9056370.0 8341530.0 8589480.0 4724600.0 1758100.0 706106.0 1013100.0 2816280.0 4165550.0
1518360.0 906828.0 1663840.0 446177.0 554630.0 319960.0 405927.0 434945.0 1058350.0 683150.0 423513.0 236133.0 101254.0 247508.0 272674.0 670345.0 1038100.0 976697.0 1069500.0 1174860.0 1219710.0 1328440.0 2178080.0 2542950.0 2415640.0 2303370.0 2347300.0 2265320.0 2441230.0 3028640.0 3778460.0 3905870.0 2995360.0 3046760.0 4136760.0 5414840.0 5130620.0 6318420.0 6823390.0 5788160.0 5652360.0 5620880.0 6162000.0 5709770.0 5084470.0 6551140.0 6166010.0 8526330.0 6344610.0 7424000.0 7567070.0 9381090.0 3840180.0 3167140.0 8518800.0 5743420.0 6473700.0 6752020.0 10277400.0 5452260.0 3026020.0 1904790.0 2644670.0 1635640.0 428763.0 1818640.0 614762.0
465552.0 1271610.0 591088.0 255758.0 235036.0 335324.0 245636.0 316307.0 541080.0 1076210.0 1060280.0 230879.0 385730.0 387499.0 384039.0 591879.0 804464.0 989993.0 1006940.0 1006760.0 1162110.0 1507240.0 2430980.0 2267290.0 1773660.0 1909200.0 1923520.0 2521940.0 2548560.0 1828920.0 3656410.0 4738310.0 3222550.0 2862770.0 3741320.0 4261330.0 4816350.0 6195720.0 5894940.0 5497670.0 5990700.0 5130510.0 3125000.0 4660170.0 4802240.0 3326080.0 9062950.0 5881420.0 6100080.0 5903230.0 8039510.0 7210780.0 2885310.0 5277900.0 5699160.0 4664860.0 4004210.0 3760710.0 7984950.0 1989910.0 2728550.0 3190550.0 2874030.0 466234.0 365223.0 582393.0 261611.0
869417.0 495745.0 336101.0 308877.0 337876.0 269139.0 244852.0 512398.0 692744.0 476077.0 514442.0 288201.0 346794.0 453631.0 663027.0 690245.0 983858.0 1058310.0 1330940.0 1073870.0 1162700.0 1481990.0 2596540.0 3021110.0 2754560.0 1812330.0 1856450.0 3301680.0 3901790.0 4710560.0 4881700.0 4948840.0 3245260.0 3190320.0 3706830.0 3290410.0 3388580.0 4889640.0 4073930.0 2096680.0 2180240.0 3478200.0 2399710.0 2120420.0 2270930.0 6527910.0 7311960.0 6534810.0 5676170.0 7343880.0 9740520.0 6926150.0 5709400.0 5330030.0 3705430.0 5586500.0 4071780.0 5753250.0 4313460.0 728437.0 1322890.0 1340240.0 1047640.0 362894.0 365465.0 170839.0 609909.0
740589.0 628264.0 460767.0 299949.0 272547.0 272392.0 540724.0 1128020.0 917364.0 304610.0 291629.0 252329.0 345472.0 982866.0 702682.0 543639.0 931740.0 788401.0 957634.0 893278.0 1086680.0 1567890.0 2767200.0 2406800.0 2589580.0 2785230.0 3402900.0 3035560.0 4149040.0 4034110.0 4862990.0 4029790.0 2631580.0 3022120.0 4003900.0 4401550.0 3573380.0 5408440.0 4217300.0 4436920.0 2932490.0 1505550.0 2527830.0 623350.0 1557420.0 3727780.0 5269080.0 5286310.0 5878960.0 5748440.0 6034910.0 6409360.0 3916040.0 5103730.0 4094890.0 5429440.0 5769640.0 4665940.0 970060.0 821456.0 637671.0 463093.0 271145.0 645322.0 1693850.0 1803430.0 714196.0
669181.0 623669.0 244883.0 272935.0 308066.0 307959.0 341924.0 342038.0 886236.0 810208.0 600745.0 250813.0 364195.0 567961.0 1348260.0 406692.0 469644.0 884662.0 920630.0 943134.0 1239130.0 1604430.0 2631730.0 2956470.0 2455440.0 1865000.0 1882270.0 1909840.0 2324470.0 3806840.0 3966720.0 5071940.0 3323850.0 3033100.0 4350780.0 4949710.0 5006750.0 5969470.0 6036510.0 6120140.0 4649690.0 3669520.0 2432010.0 478732.0 665161.0 1597720.0 6422850.0 6805280.0 7318350.0 4052150.0 3681790.0 4302570.0 3404070.0 4261450.0 4995500.0 4138260.0 5312120.0 2439360.0 1101640.0 581852.0 636760.0 647900.0 1166800.0 893457.0 2195490.0 1415460.0 3325370.0
956695.0 566618.0 623245.0 861588.0 619407.0 722586.0 897824.0 653189.0 1586810.0 3925920.0 1673570.0 889969.0 1191660.0 269185.0 1547470.0 581887.0 1077710.0 1551230.0 1328110.0 1788010.0 1568990.0 1930080.0 1950470.0 2425570.0 2181420.0 1538510.0 2300810.0 1597300.0 2300350.0 3133270.0 3945490.0 4012260.0 2734690.0 3949200.0 4004180.0 3885050.0 3707350.0 4703950.0 4605160.0 2983430.0 2806180.0 2524530.0 4538050.0 1452880.0 2148950.0 4442320.0 5405560.0 6597070.0 5841790.0 3956640.0 4376930.0 6320810.0 6404530.0 5667290.0 5318750.0 2639570.0 1609760.0 1645020.0 1151450.0 1482420.0 1851760.0 3420050.0 2285730.0 1856560.0 2248670.0 1173220.0 3247410.0
649282.0 423511.0 490416.0 865381.0 622899.0 622824.0 704216.0 568614.0 887537.0 1121800.0 1077720.0 1226230.0 863242.0 1031200.0 1067060.0 336352.0 1936280.0 1249550.0 1447600.0 3698500.0 2751670.0 4417950.0 4063440.0 4106700.0 3657480.0 2212910.0 1892740.0 2243440.0 2535000.0 3488980.0 4004660.0 2903520.0 2627100.0 3103340.0 4202290.0 3952840.0 2989200.0 4518780.0 2510800.0 2730940.0 1900760.0 1257010.0 1662320.0 1445890.0 5303870.0 6455170.0 5639940.0 5900970.0 5040830.0 3734670.0 1747000.0 3926380.0 3196030.0 4600230.0 2577900.0 2392200.0 1050400.0 1305820.0 2989850.0 3616150.0 3920270.0 1268110.0 144717.0 1016900.0 5248310.0 4267500.0 4563670.0
841998.0 950656.0 689329.0 696733.0 633954.0 558177.0 627012.0 694247.0 1003060.0 1010660.0 1079900.0 1080060.0 1035370.0 1247620.0 720590.0 1648030.0 1437480.0 1134700.0 1219820.0 1737700.0 1778200.0 3446470.0 2433950.0 1716780.0 1958460.0 2023680.0 1959870.0 2515490.0 3331740.0 3652370.0 4424300.0 2677510.0 3319300.0 3713060.0 5109670.0 3755770.0 2391850.0 2023080.0 951174.0 215333.0 881198.0 512505.0 1759980.0 6320660.0 4145670.0 5248260.0 5218620.0 5598090.0 4858510.0 3084330.0 1179340.0 3090720.0 5102990.0 4042280.0 3910370.0 1717110.0 2725190.0 3619170.0 1885830.0 627639.0 837849.0 181980.0 1676310.0 4916240.0 4502430.0 4484480.0 3586510.0
978841.0 889381.0 356744.0 633820.0 735903.0 560955.0 525408.0 703048.0 1271830.0 810748.0 1353380.0 1175180.0 1251740.0 1874430.0 1173900.0 1152140.0 1064600.0 1019070.0 1601200.0 1696360.0 2088600.0 2354000.0 2126090.0 3316860.0 1854210.0 2509400.0 2547270.0 3707660.0 4010880.0 3773680.0 3721620.0 3173590.0 3789090.0 3946380.0 3213430.0 3678050.0 3849580.0 4566250.0 3480990.0 3071170.0 3793470.0 4622560.0 4876670.0 4231420.0 4559050.0 5119060.0 4772810.0 3952140.0 2583080.0 3365530.0 1697680.0 3696360.0 3432390.0 3118150.0 1672660.0 1394030.0 3292590.0 454313.0 114203.0 101340.0 524737.0 2145100.0 4406350.0 4050600.0 3700650.0 4119440.0 1998530.0
850976.0 1093640.0 1115360.0 478512.0 599756.0 668198.0 655278.0 736708.0 1061200.0 1053040.0 952501.0 1022980.0 2796620.0 1890250.0 1203140.0 1199480.0 1240370.0 1597200.0 3534910.0 7076900.0 4337490.0 4424710.0 3322860.0 1875230.0 2435570.0 3257460.0 2590800.0 3699790.0 2618320.0 3222320.0 3212850.0 3997270.0 3946830.0 2971190.0 2290280.0 1473760.0 896010.0 1233280.0 274065.0 217027.0 1248070.0 4214860.0 4783430.0 5911530.0 5745880.0 5340920.0 4658940.0 2368390.0 4042630.0 1746690.0 4400220.0 5949000.0 5529710.0 1764140.0 2821080.0 1848630.0 2659080.0 841722.0 1222380.0 2215530.0 3208250.0 3372900.0 1070940.0 873544.0 2024920.0 2270100.0 3053870.0
985154.0 696356.0 653840.0 236168.0 247603.0 643734.0 501965.0 704951.0 922340.0 891600.0 1117430.0 958160.0 1618910.0 1165700.0 1274530.0 1206480.0 1206370.0 1464030.0 2307780.0 5789550.0 3630430.0 4026220.0 5164360.0 3741870.0 1850530.0 2151330.0 2927150.0 5670290.0 3823290.0 3295320.0 1120450.0 2769170.0 2914110.0 3230060.0 1341340.0 949127.0 631836.0 556643.0 595920.0 1014920.0 724315.0 1417220.0 4449900.0 4059610.0 4038190.0 4385810.0 3103650.0 3307900.0 5120440.0 1643790.0 2290540.0 2225550.0 4668930.0 4214500.0 3606330.0 3523790.0 3370440.0 3091490.0 4692610.0 2846380.0 2397400.0 1647110.0 890556.0 927386.0 1492730.0 3230920.0 3331580.0
738078.0 1288440.0 1092580.0 614517.0 569922.0 429133.0 458558.0 326117.0 593810.0 892424.0 927964.0 887007.0 1434430.0 1036760.0 951347.0 1099860.0 1203980.0 1303640.0 1538970.0 4201880.0 3512160.0 4784750.0 5256400.0 4283910.0 1818690.0 2070220.0 3087440.0 3108490.0 2367660.0 1564150.0 1887890.0 4578450.0 3573990.0 6180210.0 6329700.0 6702300.0 3496300.0 3288190.0 3097640.0 846594.0 243873.0 311692.0 2164660.0 5341160.0 3924990.0 6334850.0 1620180.0 1960390.0 3860050.0 1667670.0 1221390.0 1744290.0 2519140.0 2743810.0 2553230.0 2309000.0 3891510.0 2386290.0 4316160.0 1954710.0 834153.0 1008420.0 2717250.0 2885080.0 1892530.0 2887410.0 3219170.0
1804100.0 2577640.0 3125900.0 1921910.0 927286.0 937119.0 762367.0 623107.0 696303.0 405618.0 686702.0 1201140.0 1041810.0 1506670.0 592003.0 1338620.0 1798200.0 5094740.0 1277680.0 3679270.0 3077830.0 4352990.0 3630170.0 1796640.0 1753430.0 1990280.0 5279350.0 1971490.0 2303080.0 58889.9 2040500.0 2432370.0 4596360.0 4925560.0 6458300.0 6082940.0 5792940.0 3001080.0 3540410.0 320088.0 300111.0 107454.0 1454740.0 6230450.0 4728510.0 4796840.0 1270000.0 555816.0 2288540.0 2333290.0 1127140.0 953277.0 2507190.0 2570640.0 668504.0 3041410.0 3465930.0 4416820.0 1060070.0 1000140.0 1598020.0 4167320.0 1986750.0 2708970.0 1616750.0 1214810.0 474402.0
1520030.0 1138820.0 4689760.0 1600460.0 1318290.0 1083120.0 1285240.0 688288.0 1193690.0 860712.0 948341.0 2667420.0 1152990.0 1292460.0 796582.0 1195030.0 1387040.0 2884060.0 1166320.0 3257740.0 4195370.0 3183560.0 2617320.0 1684900.0 2169340.0 2574900.0 3161640.0 1452410.0 617234.0 1311560.0 2210360.0 1156690.0 1531590.0 4798060.0 5647950.0 4903500.0 3120390.0 852618.0 2765620.0 468023.0 445226.0 1328370.0 5177480.0 5874940.0 3707900.0 3822650.0 1287390.0 951306.0 657868.0 1449680.0 1689160.0 849658.0 2817120.0 2305700.0 1337800.0 2424130.0 1845980.0 1738630.0 3249300.0 1230280.0 2577960.0 3161190.0 4286830.0 1380020.0 636806.0 800138.0 200297.0
616892.0 620395.0 616293.0 1369170.0 736197.0 924383.0 1109860.0 977796.0 1413470.0 1057950.0 2633260.0 1231440.0 4586880.0 1245440.0 1125510.0 1121670.0 1089050.0 2293340.0 1201280.0 1263220.0 1456660.0 1433680.0 1820840.0 1791590.0 2152420.0 2066400.0 2106770.0 2172180.0 3612810.0 3234380.0 1785730.0 3360370.0 4028130.0 2923820.0 5104030.0 4752060.0 3705470.0 1015600.0 2572480.0 1482790.0 188579.0 1924730.0 6016500.0 3643200.0 2189410.0 3370370.0 1223160.0 717556.0 861547.0 148604.0 1168740.0 2447360.0 3092430.0 3664660.0 1621790.0 1945220.0 1859010.0 3052230.0 4027670.0 2839830.0 1412950.0 3711160.0 3639700.0 2178610.0 482054.0 -9999.0 -9999.0
783660.0 743900.0 719402.0 1100950.0 965781.0 822051.0 1074740.0 952001.0 1118750.0 1305110.0 1198890.0 1168710.0 1306070.0 1489930.0 1315880.0 1617360.0 1141950.0 1314250.0 1294840.0 1337450.0 1400500.0 1482000.0 2421460.0 1753900.0 1836520.0 3024600.0 2142540.0 2184700.0 3608360.0 2471700.0 1440660.0 3863640.0 3045270.0 2434220.0 3903080.0 1639420.0 761414.0 514049.0 249236.0 2931770.0 1520420.0 485796.0 4829850.0 1724530.0 432870.0 1257250.0 1219000.0 999354.0 471992.0 221168.0 478958.0 591624.0 485702.0 1468830.0 1985970.0 2534630.0 3020630.0 5798140.0 5040090.0 2925880.0 1941790.0 2278610.0 1116950.0 226913.0 -9999.0 -9999.0 -9999.0
990858.0 1047780.0 1066660.0 1395390.0 1199010.0 1360960.0 966491.0 847018.0 957248.0 1221760.0 1150770.0 1174810.0 1322170.0 1292250.0 2141170.0 1324150.0 1377420.0 1321440.0 1658920.0 1462820.0 1397340.0 1542480.0 2054820.0 1548510.0 1811900.0 2812520.0 2042220.0 2085200.0 2625740.0 620902.0 412223.0 5620990.0 4402640.0 3295780.0 3880020.0 1221010.0 487331.0 104674.0 144658.0 311780.0 1983750.0 4996120.0 2190620.0 789279.0 530276.0 1287410.0 814656.0 1023480.0 202726.0 410503.0 968979.0 1782880.0 607860.0 2625390.0 4895750.0 5421820.0 6030310.0 4843060.0 4364080.0 2725310.0 588298.0 1278680.0 162569.0 140262.0 -9999.0 -9999.0 -9999.0
1165310.0 1232840.0 1132210.0 1047550.0 841951.0 816773.0 927620.0 772432.0 994742.0 1204450.0 1237300.0 1161910.0 1274020.0 1081240.0 1074830.0 1218620.0 1339960.0 1315880.0 1331380.0 1536000.0 1388250.0 1441400.0 1562270.0 1645050.0 1728590.0 1740610.0 1596250.0 1835180.0 1695840.0 373735.0 2004270.0 5425320.0 3537100.0 3050980.0 2204230.0 761778.0 210871.0 180966.0 215570.0 1049080.0 1596860.0 5761810.0 4196080.0 3757170.0 1090560.0 1527480.0 1030620.0 689899.0 910734.0 2344090.0 2015900.0 3787220.0 1633430.0 2068640.0 2579030.0 6316000.0 4526520.0 2118790.0 2217640.0 1934170.0 92699.8 40565.8 556864.0 30747.8 -9999.0 -9999.0 -9999.0
583230.0 1087920.0 1094220.0 1154090.0 796705.0 729656.0 756703.0 711435.0 422180.0 902287.0 1279160.0 1155490.0 1213090.0 1163110.0 1075350.0 1149860.0 1270260.0 1335620.0 1342320.0 1347430.0 1339290.0 1349060.0 1372200.0 1582670.0 1781410.0 1745540.0 1644510.0 1075880.0 1736320.0 663385.0 1423290.0 2730970.0 2228490.0 3926040.0 2747970.0 957013.0 1933800.0 1650750.0 1641930.0 3313220.0 5593700.0 6242710.0 4063650.0 3715180.0 3035970.0 608773.0 666533.0 419951.0 316003.0 557473.0 1620160.0 275111.0 245308.0 256627.0 578069.0 952221.0 170018.0 736374.0 328942.0 2995060.0 2800770.0 616139.0 1353910.0 164226.0 -9999.0 -9999.0 -9999.0
