Model Version1.4/trunk/input/1999/nfix_ag.asc
ncols 720
nrows 360
xllcorner -180.0
yllcorner -90.0
cellsize 0.5
NODATA_value -9999.0
[rows 60 to 89 of 360, columns 536 to 602 of 720]
0.0 0.0 0.0 0.0 0.0 0.0 0.0 0.0 0.0 0.0 0.0 0.0 0.0 0.0 0.0 0.0 0.0 0.0 0.0 0.0 0.0 0.0 0.0 0.0 0.0 0.0 0.0 0.0 0.0 0.0 0.0 0.0 0.0 0.0 0.0 0.0 0.0 0.0 0.0 0.0 0.0 0.0 0.0 0.0 0.0 0.0 0.0 0.0 0.0 0.0 0.0 0.0 0.0 0.0 0.0 0.0 0.0 0.0 0.0 0.0 0.0 0.0 0.0 0.0 0.0 0.0 0.0
0.0 0.0 0.0 0.0 0.0 0.0 0.0 0.0 0.0 0.0 0.0 0.0 0.0 0.0 0.0 0.0 0.0 0.0 0.0 0.0 0.0 0.0 0.0 0.0 0.0 0.0 0.0 0.0 0.0 0.0 0.0 0.0 0.0 0.0 0.0 0.0 0.0 0.0 0.0 22084.7 0.0 0.0 22031.1 0.0 0.0 0.0 0.0 0.0 0.0 0.0 0.0 0.0 0.0 0.0 0.0 0.0 0.0 0.0 0.0 0.0 0.0 0.0 0.0 0.0 0.0 0.0 0.0
0.0 0.0 0.0 0.0 0.0 0.0 0.0 0.0 0.0 0.0 0.0 0.0 0.0 0.0 0.0 0.0 0.0 0.0 0.0 0.0 0.0 0.0 0.0 0.0 0.0 0.0 0.0 0.0 0.0 0.0 0.0 0.0 0.0 0.0 0.0 0.0 0.0 0.0 0.0 0.0 0.0 0.0 0.0 0.0 22245.1 0.0 0.0 0.0 0.0 0.0 0.0 0.0 0.0 0.0 0.0 0.0 0.0 0.0 0.0 0.0 0.0 0.0 0.0 0.0 0.0 0.0 0.0
0.0 0.0 22723.8 0.0 0.0 0.0 0.0 0.0 63067.5 19723.7 0.0 0.0 0.0 0.0 0.0 0.0 0.0 0.0 0.0 0.0 0.0 0.0 0.0 0.0 0.0 0.0 0.0 0.0 0.0 0.0 0.0 0.0 0.0 0.0 0.0 0.0 0.0 0.0 0.0 0.0 0.0 0.0 0.0 0.0 0.0 0.0 0.0 0.0 22458.3 0.0 0.0 0.0 0.0 0.0 0.0 0.0 0.0 0.0 0.0 0.0 0.0 0.0 0.0 0.0 0.0 0.0 0.0
0.0 0.0 0.0 0.0 0.0 0.0 0.0 0.0 69171.4 46102.0 46031.5 0.0 0.0 0.0 0.0 0.0 0.0 0.0 0.0 0.0 0.0 0.0 0.0 0.0 0.0 0.0 0.0 0.0 0.0 1772.89 0.0 0.0 0.0 0.0 0.0 0.0 0.0 0.0 0.0 0.0 0.0 0.0 0.0 0.0 0.0 0.0 0.0 0.0 0.0 0.0 0.0 0.0 0.0 0.0 0.0 0.0 0.0 0.0 0.0 0.0 0.0 0.0 0.0 0.0 0.0 0.0 0.0
0.0 0.0 0.0 0.0 23198.7 69858.4 0.0 0.0 0.0 23380.9 23432.0 0.0 0.0 23790.1 0.0 0.0 0.0 0.0 0.0 0.0 0.0 0.0 0.0 0.0 0.0 0.0 0.0 0.0 0.0 0.0 2062.1 23863.8 0.0 0.0 0.0 0.0 0.0 0.0 0.0 0.0 0.0 0.0 0.0 0.0 0.0 0.0 0.0 0.0 0.0 0.0 0.0 0.0 0.0 0.0 0.0 0.0 0.0 0.0 0.0 0.0 0.0 0.0 0.0 0.0 0.0 0.0 0.0
0.0 0.0 23669.5 0.0 48432.9 261118.0 0.0 0.0 0.0 46942.2 94739.1 47183.8 0.0 46973.8 95086.8 119190.0 48169.0 23408.4 23543.9 23701.2 0.0 0.0 0.0 0.0 0.0 0.0 0.0 0.0 0.0 0.0 0.0 0.0 0.0 0.0 0.0 0.0 0.0 0.0 0.0 0.0 0.0 47078.2 23408.4 0.0 0.0 0.0 0.0 0.0 0.0 0.0 0.0 0.0 0.0 0.0 0.0 23565.3 0.0 0.0 0.0 0.0 0.0 0.0 0.0 0.0 0.0 0.0 0.0
145168.0 72467.7 194097.0 193182.0 264169.0 188066.0 47745.0 0.0 23966.0 131446.0 512487.0 42133.6 0.0 48048.1 241259.0 168841.0 144262.0 72049.8 23723.8 23721.6 48505.7 0.0 0.0 0.0 0.0 0.0 0.0 24882.8 0.0 0.0 0.0 0.0 0.0 0.0 0.0 0.0 0.0 0.0 0.0 0.0 23773.6 23773.6 0.0 0.0 0.0 0.0 0.0 0.0 0.0 0.0 0.0 0.0 0.0 0.0 23773.6 0.0 0.0 0.0 0.0 0.0 0.0 0.0 0.0 0.0 0.0 0.0 0.0
146437.0 366792.0 269079.0 214835.0 196613.0 145899.0 122289.0 24292.5 11370.3 18630.7 72353.8 170070.0 170782.0 314678.0 243398.0 144871.0 48189.8 0.0 24032.9 72714.7 19838.6 0.0 0.0 0.0 0.0 0.0 21466.7 22618.0 0.0 3856.11 0.0 0.0 0.0 0.0 0.0 0.0 0.0 0.0 0.0 0.0 24291.0 0.0 37424.9 14697.3 0.0 0.0 0.0 0.0 0.0 0.0 0.0 0.0 0.0 0.0 0.0 0.0 0.0 0.0 0.0 0.0 0.0 0.0 0.0 0.0 0.0 0.0 0.0
0.0 48855.7 73653.4 243043.0 173947.0 469520.0 185147.0 158736.0 38191.0 11167.7 0.0 73907.1 73439.3 195772.0 73701.9 0.0 0.0 0.0 0.0 0.0 0.0 0.0 25055.1 0.0 24557.7 66245.0 24426.2 54435.1 48316.7 0.0 0.0 0.0 0.0 0.0 0.0 0.0 0.0 0.0 0.0 0.0 49095.6 0.0 6969.65 9617.28 0.0 0.0 0.0 0.0 0.0 0.0 0.0 0.0 0.0 0.0 0.0 0.0 0.0 0.0 0.0 0.0 0.0 0.0 0.0 0.0 0.0 0.0 0.0
24650.2 24752.3 91131.4 196418.0 279986.0 397513.0 118528.0 50022.7 49811.8 0.0 0.0 0.0 24650.2 0.0 0.0 0.0 0.0 0.0 0.0 0.0 0.0 0.0 26068.6 25153.1 24976.1 48569.8 0.0 24677.4 17208.5 0.0 0.0 0.0 0.0 0.0 0.0 0.0 0.0 24905.1 0.0 0.0 0.0 17433.4 -9999.0 11412.1 0.0 24858.0 24807.4 0.0 0.0 0.0 0.0 0.0 0.0 0.0 0.0 0.0 0.0 0.0 0.0 0.0 0.0 0.0 0.0 0.0 0.0 0.0 0.0
25209.3 25209.3 24955.9 176225.0 200619.0 256313.0 290696.0 521558.0 405926.0 177296.0 0.0 0.0 0.0 24955.9 25108.1 0.0 0.0 0.0 25158.8 25209.3 0.0 0.0 0.0 25209.1 75641.0 49722.8 50638.2 129915.0 25211.7 50302.3 35009.8 0.0 0.0 0.0 0.0 25327.3 75784.6 75121.2 0.0 0.0 38955.3 0.0 0.0 0.0 76579.9 54589.7 25006.7 0.0 0.0 0.0 0.0 0.0 0.0 0.0 0.0 25158.8 0.0 0.0 0.0 0.0 0.0 0.0 0.0 0.0 0.0 0.0 0.0
17332.1 50620.5 25310.3 50562.0 178629.0 390040.0 687605.0 627934.0 401735.0 380031.0 25310.3 0.0 0.0 0.0 0.0 0.0 0.0 0.0 0.0 0.0 50771.8 25511.6 50922.7 25511.6 0.0 0.0 25487.4 25920.4 127626.0 125505.0 220753.0 42129.6 0.0 25486.2 75981.3 101672.0 103389.0 25259.8 0.0 25360.7 0.0 4218.39 2806.65 51127.6 80523.7 50922.7 25535.6 25514.9 25259.8 0.0 0.0 0.0 0.0 0.0 25411.1 25310.3 25360.7 0.0 0.0 0.0 0.0 0.0 0.0 0.0 0.0 0.0 0.0
0.0 0.0 0.0 25762.0 205734.0 386057.0 754793.0 658160.0 128474.0 76819.4 25568.7 0.0 0.0 0.0 0.0 22567.5 0.0 0.0 0.0 0.0 0.0 0.0 0.0 51324.1 51474.1 25712.0 0.0 0.0 128002.0 185920.0 325807.0 122584.0 52178.3 51537.1 77624.9 51567.9 0.0 0.0 17103.1 0.0 0.0 0.0 25762.1 0.0 25762.0 180400.0 128589.0 77192.4 51127.8 51613.9 0.0 25889.4 25821.0 0.0 0.0 25561.8 0.0 0.0 0.0 0.0 0.0 0.0 0.0 0.0 0.0 0.0 0.0
0.0 0.0 0.0 52342.1 154026.0 26543.0 11823.2 0.0 0.0 0.0 0.0 0.0 0.0 26120.6 26110.3 26105.0 0.0 0.0 0.0 0.0 0.0 0.0 0.0 0.0 0.0 25861.9 51872.9 0.0 0.0 26116.7 183084.0 196299.0 78949.1 104199.0 52520.9 0.0 10177.4 25912.9 0.0 1059.65 17097.6 78083.0 25911.7 78231.8 103949.0 130147.0 78439.1 83460.2 52071.8 52045.5 52269.8 52237.5 129911.0 156394.0 0.0 0.0 52646.8 26478.4 25356.8 0.0 0.0 0.0 0.0 0.0 23820.1 0.0 0.0
0.0 0.0 0.0 0.0 0.0 0.0 26406.8 52468.1 43415.6 0.0 0.0 110551.0 79191.9 0.0 26159.9 26406.8 13980.8 0.0 0.0 0.0 0.0 79171.0 52813.5 0.0 0.0 0.0 26159.9 26258.8 26308.1 0.0 0.0 49931.0 91149.0 0.0 0.0 0.0 62578.0 136844.0 22274.5 26556.5 26772.9 26796.2 52468.1 26159.9 53548.9 159872.0 131879.0 105637.0 79610.4 99353.1 167277.0 78929.3 52876.7 26159.9 52566.9 53462.7 132283.0 133225.0 52770.8 26292.8 0.0 0.0 0.0 0.0 0.0 71801.7 121472.0
0.0 0.0 26701.2 0.0 0.0 53666.2 107334.0 134064.0 133264.0 78933.1 185945.0 187411.0 182527.0 251407.0 163224.0 26846.7 26455.9 26652.2 26455.9 0.0 213267.0 744938.0 850558.0 665415.0 26701.2 52269.5 79417.0 26455.9 26455.9 26455.9 0.0 0.0 0.0 0.0 0.0 950.115 28386.3 26701.2 163852.0 122538.0 53057.5 26989.8 0.0 53704.1 81557.5 54939.6 106168.0 133112.0 133498.0 108259.0 134151.0 107537.0 107085.0 107300.0 107981.0 133808.0 105996.0 79286.2 53394.5 53606.0 0.0 0.0 0.0 0.0 26812.2 26701.2 253754.0
0.0 0.0 0.0 0.0 80688.5 271768.0 329242.0 81537.3 133799.0 162308.0 161588.0 271019.0 306505.0 396360.0 284428.0 0.0 26798.8 0.0 0.0 107682.0 833343.0 966790.0 949153.0 965494.0 268913.0 0.0 699529.0 619197.0 269177.0 53998.7 26996.5 26997.5 26944.9 26847.5 26944.9 81051.9 185970.0 271902.0 248348.0 285408.0 165227.0 26750.0 27270.3 26196.7 27046.0 0.0 0.0 54308.3 135370.0 80933.6 80951.7 108499.0 192981.0 218083.0 300386.0 273561.0 215569.0 161429.0 80816.1 26993.5 53841.2 27015.7 80935.9 190244.0 364360.0 309393.0 470192.0
27156.7 0.0 0.0 0.0 54241.2 54144.2 108380.0 381981.0 571095.0 372877.0 273816.0 273703.0 246973.0 164772.0 55152.0 0.0 0.0 0.0 21194.7 27042.0 840589.0 976170.0 868681.0 243903.0 159595.0 598351.0 950708.0 978765.0 543420.0 54731.6 54361.8 54180.9 81572.1 82520.0 199918.0 396159.0 358972.0 165740.0 200005.0 210433.0 54491.8 0.0 0.0 27042.0 0.0 27283.8 81707.2 54526.1 54453.9 81561.5 110563.0 193133.0 249160.0 529502.0 471717.0 417740.0 331127.0 221163.0 83067.9 81952.7 136226.0 191264.0 383515.0 881763.0 605828.0 399627.0 678587.0
0.0 0.0 0.0 0.0 137746.0 643333.0 697592.0 963577.0 560731.0 25271.2 623122.0 986571.0 905490.0 468569.0 332163.0 110961.0 0.0 0.0 54808.2 55194.2 631854.0 988275.0 988228.0 988221.0 796084.0 960882.0 988202.0 991490.0 990725.0 826173.0 577718.0 330599.0 412980.0 689804.0 896673.0 867969.0 670378.0 626634.0 226647.0 27572.0 0.0 27619.4 0.0 0.0 27524.1 54808.2 54760.2 54663.9 55196.3 111098.0 141119.0 194753.0 581128.0 501411.0 501796.0 418364.0 627910.0 223126.0 368898.0 169585.0 336534.0 390317.0 716826.0 1141540.0 1380470.0 1001610.0 954645.0
0.0 0.0 111291.0 333070.0 934313.0 913176.0 388394.0 998607.0 999307.0 995239.0 998696.0 994060.0 1003480.0 472769.0 417605.0 972435.0 943792.0 860424.0 611381.0 915584.0 998600.0 998428.0 998478.0 993721.0 997562.0 998703.0 997207.0 1001660.0 1002380.0 1007030.0 1004370.0 888454.0 862832.0 867993.0 1014800.0 1012660.0 1008730.0 987573.0 817075.0 394312.0 0.0 0.0 0.0 27763.0 27858.1 83336.6 55716.2 83145.9 112391.0 119070.0 645210.0 1000380.0 997197.0 882763.0 805600.0 912479.0 997369.0 914247.0 719823.0 595772.0 675131.0 994501.0 1088010.0 1161170.0 1306490.0 1140340.0 1236470.0
532353.0 897158.0 924881.0 1008830.0 991970.0 818105.0 1008780.0 981607.0 1008850.0 588750.0 334027.0 475477.0 729196.0 505671.0 757198.0 1007140.0 1006570.0 987654.0 993322.0 1002530.0 1007750.0 970652.0 963493.0 1006750.0 1008830.0 1010370.0 1008900.0 1009360.0 1011960.0 1014890.0 1016140.0 1014260.0 982165.0 902442.0 1021380.0 1008250.0 1014740.0 786799.0 672746.0 336430.0 475391.0 0.0 28142.1 337445.0 366327.0 225453.0 225050.0 451578.0 545328.0 961522.0 1017710.0 757835.0 925189.0 951705.0 1008810.0 997008.0 1006320.0 1045350.0 916620.0 661332.0 1030720.0 1108340.0 1136270.0 1091940.0 1217860.0 1315130.0 1070200.0
28330.2 561447.0 1018800.0 1012060.0 993343.0 650464.0 765061.0 1019490.0 1018890.0 791618.0 769784.0 877843.0 1019140.0 1018950.0 1018990.0 1017960.0 1018970.0 1018900.0 935340.0 1019390.0 1018570.0 1019000.0 1019010.0 1018940.0 1018980.0 1019020.0 1018690.0 1016120.0 1019370.0 963784.0 1020980.0 1022280.0 1022130.0 1021530.0 1021910.0 1026640.0 1023520.0 997067.0 707503.0 310646.0 0.0 0.0 56847.9 881858.0 1000080.0 712641.0 659764.0 975760.0 1006980.0 1024670.0 1020470.0 990805.0 312195.0 510249.0 1019040.0 1019040.0 1030330.0 1070730.0 0.0 985074.0 1065830.0 1109900.0 1176310.0 1194740.0 1209900.0 1042630.0 1075920.0
515178.0 372636.0 455309.0 1028990.0 1019270.0 1000420.0 1004010.0 1001350.0 280429.0 370396.0 476741.0 628178.0 1000550.0 1029100.0 1012650.0 1028110.0 1003560.0 1028430.0 1000370.0 427815.0 284894.0 200833.0 943496.0 599909.0 1029010.0 1029010.0 1028870.0 1028960.0 1029530.0 1029490.0 1030570.0 1030140.0 1030110.0 1031050.0 1030340.0 945708.0 977692.0 1007100.0 457490.0 0.0 801063.0 1032670.0 1029130.0 1035520.0 1039220.0 1037620.0 1035300.0 1038150.0 745180.0 341999.0 398725.0 628889.0 1030350.0 1028790.0 1024830.0 1033240.0 1009740.0 1025780.0 1112630.0 1067130.0 1079730.0 1113520.0 1113980.0 1078510.0 1004790.0 904131.0 689587.0
584821.0 842772.0 403563.0 576621.0 864984.0 981456.0 750962.0 952386.0 0.0 0.0 0.0 0.0 663918.0 953056.0 981199.0 1039060.0 1039190.0 1039000.0 635270.0 404444.0 981308.0 1038450.0 865878.0 894605.0 1039150.0 1039140.0 1039010.0 1039070.0 1039450.0 1029740.0 1039110.0 923323.0 1038910.0 1039170.0 1039170.0 836831.0 925141.0 921427.0 867959.0 867866.0 1039690.0 1041990.0 1044740.0 1040540.0 1041110.0 1040180.0 1039250.0 981483.0 721022.0 780590.0 1039540.0 1039190.0 1039260.0 1039170.0 1039170.0 1036310.0 1039170.0 1039170.0 1080620.0 734975.0 1041220.0 1042690.0 1241340.0 1039100.0 1166510.0 1008720.0 569175.0
584127.0 524600.0 508257.0 719464.0 465721.0 990722.0 1049100.0 1049090.0 117415.0 961514.0 1048960.0 903699.0 640930.0 903447.0 845866.0 874920.0 1049380.0 1049080.0 1049080.0 1049090.0 1049110.0 1048970.0 1048990.0 961478.0 319621.0 582380.0 873134.0 992096.0 1049400.0 851113.0 1050860.0 905134.0 932460.0 1049320.0 1049110.0 1049110.0 1049110.0 1049110.0 1049110.0 1049290.0 1049140.0 1052550.0 1049120.0 1049150.0 1049130.0 1049420.0 1049160.0 1049110.0 1049050.0 1049100.0 1049090.0 1049090.0 1049110.0 1049110.0 1049110.0 1048390.0 1049110.0 1049110.0 1044250.0 1046700.0 1047880.0 1054690.0 862239.0 619965.0 1089080.0 848058.0 589225.0
561731.0 470473.0 499503.0 567866.0 517803.0 590818.0 1029430.0 1057400.0 1058970.0 1029500.0 1023880.0 1060450.0 1058980.0 1058790.0 940882.0 882490.0 1060190.0 1059350.0 1063660.0 1058170.0 1058940.0 1058900.0 1059360.0 1058960.0 647981.0 618713.0 147148.0 352672.0 589046.0 1000900.0 1059780.0 1058850.0 1058920.0 1058000.0 1058320.0 1058970.0 1058970.0 1058970.0 1058970.0 1058950.0 1058750.0 1058910.0 1058840.0 1058850.0 1058950.0 1058580.0 1058930.0 1058960.0 1058880.0 1058940.0 1058350.0 1058870.0 1058860.0 1057080.0 1058650.0 1058970.0 939218.0 793019.0 469609.0 617604.0 853199.0 1061840.0 595345.0 444209.0 1188120.0 852224.0 1061070.0
504939.0 549068.0 550292.0 575033.0 519826.0 450491.0 831476.0 861863.0 979331.0 1068750.0 1068710.0 1064030.0 436880.0 384970.0 149699.0 653755.0 1067980.0 1068730.0 1067390.0 1038790.0 830330.0 1068660.0 1068660.0 1068590.0 1068580.0 1068360.0 1039150.0 1068760.0 1068990.0 1067820.0 1068460.0 1068440.0 1068510.0 1068680.0 1068740.0 1068730.0 1068700.0 1068710.0 1068750.0 1068760.0 1068000.0 1068570.0 1068700.0 1068710.0 1068710.0 1068760.0 1068760.0 1067620.0 1068720.0 1068710.0 1068690.0 1068660.0 1068760.0 1068720.0 1068720.0 1068780.0 624302.0 772783.0 950494.0 1059350.0 1103720.0 1081990.0 1092200.0 1140910.0 1086630.0 1147910.0 1221200.0
539721.0 539587.0 448575.0 449023.0 330422.0 0.0 0.0 91921.6 31834.0 269190.0 628131.0 958228.0 898538.0 690112.0 749713.0 958098.0 1079380.0 808321.0 1014630.0 929079.0 539892.0 748684.0 646700.0 1048450.0 928124.0 1078740.0 1078330.0 1078380.0 1078310.0 1078420.0 1078320.0 1078270.0 1078350.0 1078410.0 1078280.0 1078460.0 1078300.0 1078450.0 1078450.0 1078450.0 1078450.0 838424.0 1078340.0 1078420.0 1078480.0 1078460.0 1078440.0 1078460.0 1078520.0 1078430.0 1078460.0 1078440.0 1078460.0 1078460.0 1078380.0 958407.0 1048480.0 1122210.0 1327940.0 1303110.0 1057970.0 1125090.0 1227340.0 1198950.0 1080790.0 1070570.0 1150160.0
453033.0 240996.0 301312.0 271688.0 332092.0 573799.0 513953.0 0.0 121341.0 151676.0 30335.1 272441.0 665292.0 454186.0 634736.0 815815.0 997339.0 1088080.0 1088080.0 1088080.0 1088080.0 1088080.0 1057880.0 1027840.0 756236.0 757963.0 840635.0 1088080.0 1088010.0 1088080.0 1088070.0 1088290.0 997206.0 906070.0 997112.0 1088070.0 1088070.0 1088070.0 1088080.0 1027720.0 967415.0 967536.0 1088080.0 1088010.0 1088030.0 1088050.0 1088030.0 1088050.0 1027400.0 1088080.0 1088010.0 1027550.0 1027790.0 2085640.0 2129910.0 1088080.0 1057790.0 1088080.0 1122160.0 1118790.0 1221830.0 1181580.0 1153820.0 1118110.0 845863.0 756137.0 1155900.0
