Model Version1.4/trunk/input/1999/nh3_stor.asc
ncols 720
nrows 360
xllcorner -180.0
yllcorner -90.0
cellsize 0.5
NODATA_value -9999.0
[rows 54 to 80 of 360, columns 366 to 426 of 720]
-9999.0 -9999.0 -9999.0 -9999.0 -9999.0 -9999.0 0.0 85309.55071145942 29898.683994041556 0.0 0.0 0.0 0.0 0.0 0.0 0.0 0.0 0.0 0.0 0.0 0.0 0.0 0.0 0.0 0.0 0.0 0.0 0.0 18558.916958434973 41558.79236090346 0.0 -9999.0 -9999.0 -9999.0 -9999.0 -9999.0 118180.99773974202 133915.87896895307 108540.70532307532 178052.48618927578 87219.02751261284 44112.74479331536 16214.581800655415 0.0 0.0 9624.069727360487 14816.963437331717 0.0 0.0 22311.08552368078 17712.022051078573 8976.72957579618 85922.13433001144 63925.7961844305 39206.83140430893 39419.60333748694 22203.48961037403 0.0 0.0 0.0 0.0
-9999.0 -9999.0 -9999.0 -9999.0 0.0 13390.768419830494 53655.39752710011 0.0 0.0 0.0 0.0 0.0 0.0 0.0 0.0 0.0 0.0 0.0 0.0 0.0 0.0 0.0 44363.51845044627 19572.343531422823 0.0 0.0 0.0 0.0 71678.25913050721 3501.838104887662 -9999.0 -9999.0 -9999.0 -9999.0 -9999.0 -9999.0 145424.46762114987 90580.71604644909 87944.67828988832 27098.691359869124 0.0 19384.989362518183 0.0 19903.89122511758 0.0 35394.91124629254 0.0 22324.12814239067 57122.20830364792 80096.31208650158 0.0 47238.71492039746 22896.553609153612 0.0 22896.552361077695 117113.18694951729 0.0 0.0 0.0 0.0 0.0
-9999.0 -9999.0 -9999.0 9703.101750239703 94138.09864514013 49311.481744678305 0.0 0.0 0.0 0.0 0.0 0.0 0.0 0.0 0.0 0.0 29468.053702946057 0.0 23471.18101065774 0.0 44347.836212803006 0.0 0.0 0.0 0.0 0.0 0.0 6473.858060093238 62060.92390199212 -9999.0 -9999.0 -9999.0 -9999.0 -9999.0 -9999.0 -9999.0 1119.966132565069 78133.32862279484 23021.97098340046 22230.392229948666 28377.478984039637 258.07140695523316 25094.599690371597 0.0 78228.2029813935 26324.433112792078 33542.95958347318 13600.957153952846 49936.91025107127 43822.4193381214 42227.222900217355 3132.6230829416586 15705.923634327663 43250.923461454746 0.0 0.0 0.0 0.0 0.0 0.0 0.0
-9999.0 -9999.0 -9999.0 22616.451248820747 0.0 52533.768834153736 0.0 0.0 0.0 0.0 0.0 0.0 0.0 0.0 0.0 52350.664236863435 54542.73345584003 0.0 0.0 0.0 24588.238158049575 66483.31642774932 23690.518551688165 0.0 0.0 0.0 21528.09852744081 13701.260408758326 80318.57702159711 -9999.0 -9999.0 -9999.0 -9999.0 -9999.0 -9999.0 -9999.0 19797.812585510368 118304.30521747094 120909.27667683094 152536.70511701252 111563.82753860352 118355.18924392732 99721.4062274748 42193.211481378414 42963.743254079935 54799.43036693245 40413.93863665366 2859.634804193548 42176.546128672606 3988.4568902984083 53733.12029108305 166392.47833127007 0.0 0.0 0.0 -9999.0 -9999.0 0.0 0.0 0.0 0.0
-9999.0 -9999.0 -9999.0 109649.11964524571 39077.063620731366 0.0 0.0 0.0 0.0 0.0 0.0 0.0 0.0 0.0 0.0 250007.5375948003 409901.4843358093 206549.10450160212 103460.24892087653 18094.58718849306 24979.08023780432 0.0 24718.1405822748 15667.831366732544 0.0 45783.789467458184 23617.161762478925 59719.9078859941 229973.62829094403 8909.289182475783 0.0 -9999.0 -9999.0 -9999.0 -9999.0 -9999.0 29458.723288111094 157686.02965455316 231485.35584342392 429907.44240483275 427027.91785365867 275688.7235503062 111062.2106345007 258597.93157991 284058.45419103035 228252.17038586436 114777.23226338762 258416.57857575305 100604.18438063982 94760.03536593374 0.0 0.0 0.0 117796.1013533493 0.0 0.0 -9999.0 -9999.0 -9999.0 0.0 0.0
-9999.0 -9999.0 -9999.0 -9999.0 0.0 61457.469402898765 18746.707035265557 0.0 0.0 0.0 0.0 0.0 0.0 0.0 145308.75178718448 56391.628863245125 660238.3189912625 56106.761516823826 103123.60767941084 0.0 0.0 23146.599878396653 0.0 0.0 74564.19381838421 170331.94574090818 138845.71097175233 5112.352765260711 76298.02844377384 75274.42682811155 75123.305150628 12185.767753653883 -9999.0 106684.12852271859 32311.53746376171 -9999.0 -9999.0 27065.291854111136 155645.88402967484 244815.30700184676 300976.4927190269 142323.20036593216 206775.24618427263 207567.61710033342 114390.51376681228 122110.00419725468 31404.3036297928 25675.48946561188 -9999.0 -9999.0 -9999.0 0.0 0.0 92157.50038818958 0.0 0.0 1019.0236631941602 0.0 0.0 0.0 0.0
-9999.0 -9999.0 -9999.0 -9999.0 52604.83378432835 45975.208663224585 0.0 0.0 0.0 0.0 0.0 0.0 0.0 49527.85994749425 152364.62360627452 381630.3040084149 822763.2986096104 55326.59803291424 24319.098793469268 35294.04977256113 28140.94575321609 40251.99678284801 0.0 34163.66940928626 27555.06373987574 38864.09358822099 192361.3875221022 213874.58709850427 248224.9764211227 355495.9519734258 93581.66429901276 109967.57148542328 -9999.0 -9999.0 -9999.0 -9999.0 -9999.0 -9999.0 -9999.0 15999.523555837699 76046.32393402937 20103.750067197867 -9999.0 0.0 -9999.0 2537.975669845716 44451.168187468626 12460.099688304497 -9999.0 -9999.0 0.0 0.0 0.0 0.0 27490.528382902565 0.0 121392.90149056415 0.0 0.0 0.0 0.0
-9999.0 -9999.0 -9999.0 -9999.0 177901.47855484625 51707.99828717506 79216.71045141568 0.0 0.0 0.0 58090.580078392275 58090.58007834076 0.0 186271.68687447376 703704.8542477451 486067.51253873523 619296.3888346689 51385.52713358391 0.0 69733.89614186183 100032.16040128011 101306.20971489647 143572.5030231903 74741.1669154491 293306.48166867625 102350.38609585588 132163.825685833 164345.4506438492 106277.07531616955 163670.82013986036 288456.56380282575 27780.449201208387 -9999.0 -9999.0 -9999.0 -9999.0 -9999.0 -9999.0 -9999.0 16101.16650063797 30435.328973215186 34101.14156654096 197493.07926353114 201167.78034026423 60817.06802057724 198855.4262259489 305940.5222373346 50048.93562518338 288424.16774436913 295648.9444176522 0.0 0.0 0.0 0.0 0.0 0.0 0.0 0.0 0.0 0.0 0.0
-9999.0 -9999.0 -9999.0 -9999.0 -9999.0 523122.7702103395 58793.28288372953 48993.47965016596 58933.48077634033 91382.65226380502 51614.2376950265 110697.7210501181 0.0 32828.99758511968 -9999.0 -9999.0 26586.799319411286 0.0 79721.1529431016 26058.840965638166 95160.60194633025 132948.8863872934 94983.15584201131 55215.57169999223 85775.47788022718 41593.96641716154 57892.30533006832 174306.16223050587 104000.03270493558 39996.704478072876 -9999.0 -9999.0 -9999.0 -9999.0 -9999.0 -9999.0 -9999.0 -9999.0 38853.91323826385 90981.96196700746 7658.07169845468 38655.55391942338 115664.72576094305 114639.1952224195 152582.33613683734 198826.761275365 231169.28263488226 439983.81148974336 97519.93255919618 61292.85468274761 0.0 0.0 0.0 0.0 0.0 0.0 0.0 0.0 0.0 0.0 0.0
-9999.0 -9999.0 -9999.0 -9999.0 -9999.0 0.0 59073.545109523955 96204.19116324499 80312.45373551668 130295.75014225372 99432.22054433002 180830.96628236255 -9999.0 -9999.0 -9999.0 -9999.0 0.0 37576.13748219433 143988.52457257558 284858.9999404645 394628.1313986925 259081.3694092308 56626.86574333121 100026.86406707182 251655.09392082467 182760.62500973608 79128.09040552516 33667.18646104773 -9999.0 -9999.0 -9999.0 -9999.0 -9999.0 -9999.0 -9999.0 -9999.0 -9999.0 0.0 34143.889496998214 45016.041676203036 7619.258665204347 4449.514223386346 39692.03818655618 83279.44020097256 125784.59820586823 234667.35290705445 164847.67521743858 360921.8543065581 123370.12445777892 0.0 135386.34863915568 0.0 0.0 0.0 0.0 0.0 0.0 0.0 0.0 0.0 0.0
-9999.0 -9999.0 -9999.0 -9999.0 -9999.0 -9999.0 -9999.0 -9999.0 -9999.0 -9999.0 -9999.0 -9999.0 -9999.0 63228.06673592198 540140.9400502174 -9999.0 -9999.0 45324.277357958505 26649.671216516395 0.0 3828.705497939034 0.0 132978.02399824577 49524.1313898437 26115.715004258844 99164.00129814632 80739.91715376364 88236.76776362928 -9999.0 -9999.0 137786.6068706493 147274.96421354692 28101.82404036901 -9999.0 -9999.0 -9999.0 -9999.0 10303.312747976846 40867.97084041172 14133.195768366511 -9999.0 -9999.0 0.0 64303.00928717653 176496.1127040348 85825.8256277292 7917.334490018065 122285.43248231467 184011.32851185492 203667.94658301485 244103.43008062275 154541.55386269017 0.0 0.0 0.0 0.0 0.0 0.0 0.0 0.0 0.0
-9999.0 -9999.0 -9999.0 -9999.0 -9999.0 -9999.0 -9999.0 -9999.0 -9999.0 -9999.0 -9999.0 499580.23240460135 559461.9898635701 1454211.3832964937 1750591.6383503093 137038.34757455194 29571.82121671865 11339.045092023178 187704.29140546432 56795.37456410692 0.0 0.0 41227.187319294106 0.0 0.0 27415.9246090682 102542.0213099811 111755.91643784783 37428.915587976015 -9999.0 166206.73664467546 110158.32768052525 -9999.0 -9999.0 -9999.0 -9999.0 9915.150794678739 30779.88566132652 56440.065741293314 181806.27608641906 75646.78556823639 -9999.0 32574.39437010934 11024.688297513627 5523.965097397443 86557.10831422347 5430.671590339964 38615.45161707252 43709.44165290465 32789.87596066667 241330.47302004168 173797.77494697194 0.0 0.0 0.0 0.0 0.0 0.0 0.0 0.0 0.0
-9999.0 -9999.0 -9999.0 -9999.0 -9999.0 -9999.0 -9999.0 -9999.0 -9999.0 -9999.0 873644.2899811212 1170687.40234621 1246858.232167257 1350892.8690673893 1181605.090494788 -9999.0 -9999.0 -9999.0 47876.04201450727 277552.00584504934 138528.45842495165 59922.62617551671 22168.583701610674 109616.93687137534 20372.03515693525 80206.34510954173 210091.10505730752 185073.7479930707 -9999.0 -9999.0 20068.597117304296 -9999.0 -9999.0 -9999.0 -9999.0 -9999.0 90463.22845200216 165599.45026078526 98243.97151506966 194592.30585279563 279411.3253799847 28121.547338790308 166342.88227377622 124880.86207990684 153665.0566459798 77714.18259486616 11145.680952665154 144528.3269292288 88739.29863068904 184145.76035523726 166741.52166026455 200612.68313147154 0.0 0.0 155440.55992704266 0.0 0.0 0.0 0.0 0.0 35099.469110494414
-9999.0 -9999.0 -9999.0 -9999.0 -9999.0 -9999.0 -9999.0 -9999.0 -9999.0 -9999.0 834525.8135475735 1216062.4224594044 981868.4781627427 1798220.4847063913 1563755.1005114773 859784.0284270443 -9999.0 -9999.0 468825.4359762234 493474.49278192595 339844.51085458393 359668.98742217844 312630.1267796928 319095.6057201077 170076.78831084326 153610.68293072734 110791.10002471767 23695.235489012663 -9999.0 -9999.0 -9999.0 -9999.0 -9999.0 -9999.0 -9999.0 -9999.0 165602.8954035041 0.0 0.0 327991.69644089584 0.0 282671.38841417345 328699.0009042557 297999.6647852206 211828.52740719644 162696.76862468952 112859.71898294135 211965.2862671461 129577.10998068364 194135.20138684002 0.0 115041.78714841133 0.0 37254.91127456018 203698.671778023 209562.99534050582 0.0 0.0 0.0 0.0 0.0
-9999.0 -9999.0 -9999.0 -9999.0 -9999.0 -9999.0 -9999.0 -9999.0 -9999.0 -9999.0 820085.1608089664 1094735.1661102674 1385828.0586803355 1706484.5581040771 776039.724462362 169478.05222333505 1063237.1574872772 1638279.5179168633 1570983.3659602255 208706.93177118775 789715.0584431691 620869.6875834023 388931.9046808101 -9999.0 -9999.0 -9999.0 -9999.0 -9999.0 -9999.0 -9999.0 -9999.0 -9999.0 -9999.0 -9999.0 -9999.0 -9999.0 375976.6899254108 0.0 280562.3296518054 286040.84148337605 0.0 316117.0640683702 0.0 0.0 296794.20899796864 221696.0248602963 0.0 244746.6795716994 0.0 661322.4127818922 697054.6624319968 0.0 0.0 0.0 0.0 0.0 0.0 0.0 162423.4892795604 28943.13431946555 0.0
-9999.0 -9999.0 -9999.0 -9999.0 -9999.0 -9999.0 -9999.0 -9999.0 -9999.0 -9999.0 63383.27255043048 1057584.8556828038 1788432.25905508 1020552.83020136 1861381.0251155144 1086672.3565635642 859472.5579017416 1743390.5782503337 993809.0803583693 23162.595429176068 257028.8176102921 154473.3060754966 100020.64137674453 386219.08012954745 163867.42801988832 -9999.0 -9999.0 -9999.0 -9999.0 -9999.0 -9999.0 -9999.0 -9999.0 -9999.0 -9999.0 0.0 224079.53106813956 433364.66644152254 304618.97222385864 321056.88201980275 289627.40873323806 0.0 0.0 287152.0506607221 285091.9076850012 0.0 264714.33514174086 549645.7970539245 0.0 638248.7936101068 0.0 131730.62325253757 606683.6821709697 729829.9267633434 782607.8819095753 864643.4878941913 283662.58090284 0.0 164966.51457144914 0.0 0.0
-9999.0 -9999.0 -9999.0 -9999.0 -9999.0 -9999.0 -9999.0 -9999.0 -9999.0 -9999.0 37277.59310249985 604213.8459856092 1162055.8400700702 889496.872132163 109946.29100953953 298175.87675149634 992105.1515200526 1057690.4037752463 391816.883394978 0.0 78548.74067210125 83107.16075772281 -9999.0 -9999.0 -9999.0 -9999.0 -9999.0 116924.16987267799 333668.10877011914 0.0 386325.5105632654 0.0 -9999.0 28880.31591867983 429223.21576901723 461137.28497864975 441928.7259225265 455025.09590336186 505486.97386618506 358653.35494545195 303262.07490744867 256812.61954666703 291764.60082311113 334910.5168196414 235757.35541245897 163190.07702833012 0.0 0.0 0.0 0.0 0.0 0.0 0.0 0.0 701374.8930101892 777987.5801745981 332964.38634048274 323942.08652106527 321147.45476528164 53749.98383372359 332924.29933038563
-9999.0 -9999.0 -9999.0 -9999.0 -9999.0 -9999.0 -9999.0 -9999.0 -9999.0 -9999.0 -9999.0 329055.38334478106 1505743.2662784024 1266496.2607678128 970931.2884830493 506033.3596157142 166710.6759206854 413496.5683502428 536441.2767786934 595341.198792701 543446.253187851 236243.4429809007 0.0 0.0 169129.4221164856 293420.09000286384 388185.32109607826 0.0 0.0 0.0 546125.142403696 748426.417249094 613319.4329486273 651923.6241616233 603517.3516558163 778412.172203376 811312.9521251686 595519.6853621223 511188.0071650806 0.0 0.0 0.0 0.0 0.0 264090.079307192 0.0 0.0 0.0 0.0 0.0 0.0 0.0 0.0 785668.9920552935 1109204.3142446936 718708.7827474225 951643.143058798 252918.29833876455 308680.07526141504 281049.73007347545 0.0
-9999.0 -9999.0 -9999.0 -9999.0 -9999.0 -9999.0 -9999.0 -9999.0 451488.7564270077 720122.6875985345 86559.12034029495 1080053.3940065613 1603984.8062560372 1244617.9190626342 1014868.5429574515 660843.6073601248 701302.4960269567 652366.3271251707 687899.2085581566 678338.2958936596 697853.160263922 613436.848306663 159627.8223359226 813414.0415067676 0.0 0.0 0.0 0.0 0.0 0.0 0.0 860266.1608836554 725115.6051037161 0.0 0.0 0.0 0.0 0.0 0.0 0.0 0.0 455614.9764595117 0.0 560594.1415127028 0.0 0.0 0.0 0.0 549284.3886454568 595308.9841745541 0.0 0.0 0.0 0.0 796880.4349582903 597297.9500556863 0.0 624455.0853134051 664638.3728489988 244855.3086971414 265827.50852724124
-9999.0 -9999.0 -9999.0 320140.2810990709 140471.8951250627 4851917.858461053 5772641.930999884 3807299.564441424 1331148.8434356484 1409316.6026885323 1372696.4562549037 1419857.2963318834 1061597.7680575717 927547.8557724135 906025.2976827162 818304.9782466883 1032744.0992402467 988585.6524252378 645023.1298755992 441662.97385387163 470951.04467117676 458664.3012196819 546997.6291102594 909805.282708036 0.0 0.0 0.0 486487.5499452589 585389.3876925866 647524.2241598758 761764.0550408276 741085.454718018 553197.4838770257 588221.9586509761 613194.268240718 0.0 591446.5147293442 617715.9918319447 0.0 0.0 0.0 0.0 661388.6278453618 601755.2570803188 0.0 0.0 655565.1925802829 669418.4904498213 606526.4440646993 0.0 0.0 0.0 0.0 607313.1436724694 667440.3234069446 0.0 0.0 613749.961154939 704911.1357086048 268527.34250885126 307280.2466453054
-9999.0 -9999.0 -9999.0 4159473.7170858257 0.0 4038131.6051065335 5965313.902912369 2725266.508504856 707190.7620705066 729566.9768591241 858672.7143734229 763664.4296734278 862250.5637565809 662641.8352857197 485338.39201841125 516771.08067910024 734328.6105953641 982184.2958258315 797774.0098572365 848084.959034671 889285.7012595295 618995.3476220078 1040456.8782390711 776761.5306666298 0.0 559346.4796481947 775892.2526467214 777186.8411445166 551071.6039575136 605157.81225895 578909.6146415214 897584.2662204019 724543.0234756464 997874.1004588802 751121.6183879735 124287.01063548782 739187.9743362851 641345.3199183269 636155.8411773681 486632.8320279573 561064.0348129851 0.0 0.0 539717.6089545516 0.0 0.0 0.0 0.0 0.0 599172.6391666208 0.0 0.0 0.0 0.0 983541.447940739 948343.1826823431 0.0 280028.15030868433 288584.1246319979 328651.021592017 338596.2376521177
-9999.0 -9999.0 665997.7928621185 6088621.094045575 3766098.882013763 2975295.3961750823 6005852.9239472775 4341881.295015336 898899.6404134604 803838.5511625895 1000444.9864489 1302584.6108263195 1241898.1713215006 1118052.2013217078 1386895.0011456218 1382580.2720139662 1321536.2102782922 1161792.7592647574 596395.4406772762 233026.17997805987 314862.88503355294 71021.05591607983 842398.0155109866 519006.77646593004 0.0 496959.19755635154 816545.3056550646 879275.6559389234 166486.12395472758 638686.4496112441 819206.8984136257 1034379.9140426364 816081.5283561903 904683.9062017865 570665.3332581054 0.0 559552.9191577076 438518.20923477504 0.0 618028.3102437127 663431.4337997747 1052343.2460631565 854393.7501802245 0.0 613578.0518040631 753188.0518912642 743006.6942717418 696108.6365375782 755421.0308909037 652079.3707811151 0.0 791118.0001201321 702505.3209546807 0.0 641708.5626042795 708674.9501266159 690957.5215830734 235707.6568740163 245006.12720878702 346954.408074527 416209.7699164557
-9999.0 1337207.9841331528 4038319.2652165014 6308433.743572053 7288381.764185317 5616355.131155066 1708327.3653134096 1110516.243786725 827835.5842189029 1334430.586615031 1666335.412290223 1157431.243477553 745450.5235861529 553575.8086806264 592397.2007117795 549799.1499087288 962358.8576794375 1416745.2314151886 874601.5440004278 788723.1094769553 348606.59127458837 528844.4744711727 10450.889607636176 597909.3033593225 0.0 759458.7887886958 888488.6901643056 556178.0234034783 753115.9969695362 801147.4738434071 577096.8935444742 751742.4222454973 757384.5663350825 807543.5112817384 593962.2725619989 641797.9543031448 464474.76694484666 644512.0470431068 89484.38158234241 668587.6497228411 641846.7266959917 787375.8024029887 860891.4981179251 376016.60157743696 269686.30834450445 295321.398464131 284368.46257269976 309550.1903528898 0.0 0.0 0.0 0.0 0.0 0.0 0.0 380361.2327254655 356157.83476880216 458574.60857273027 309516.21236609446 318286.7562825502 360840.9703333015
1622120.7770566565 1766492.0172409583 2167060.60938424 2017945.6378808795 1863548.7960599258 3877519.336452574 1575675.0734963003 889490.8031829165 878041.8390999273 839164.0667985044 434498.90698377055 472735.57967345364 760654.612393491 395918.4794435016 507157.85541476787 684415.0410711259 597794.0200697423 223522.254937969 284024.3547675333 256085.91844081483 899607.4678764037 410605.6178338279 920076.7294616885 1297228.633151535 608321.9993452167 641445.2227841282 1038445.2491636522 224191.29337314604 943194.252917859 739511.4246317304 843051.7862835979 972221.5600667532 1022246.8690002525 735222.86126631 578633.9809374149 0.0 601572.2900829383 703374.5803903146 754030.7846883669 493774.7975874479 605608.2071743542 333732.54860790813 408286.9556938601 362438.89653796016 313382.56934297865 338581.43584514456 354486.39030640555 257321.32847230905 0.0 0.0 0.0 272944.18177117186 246063.7247965022 342225.7646252668 254831.8160301213 300584.7007891102 450041.5063838195 474928.8223226437 464218.26058748446 476894.6494630026 391046.5145574348
2668333.458013815 2060757.3395179901 2237427.9852720792 3139431.5212458894 4273142.440331159 3613910.886487789 884861.9074511256 1405309.977538406 1242599.039725212 910099.1161178487 719876.7141083268 815477.3623294595 765029.0292827049 664523.81019715 609053.2263846326 591302.8570626621 541590.2229113664 699107.7073053273 740813.3039617296 996940.7510552969 752192.4580329454 1003648.5356093654 462941.6893730025 753563.0503312486 0.0 0.0 551086.2692807567 768274.1920901524 1035055.4145464096 926024.1817125164 583967.3030093248 756099.4836926924 1087300.0271511548 688559.2961205755 781353.379289146 776785.0099317019 834449.7206416257 994739.8479345569 706675.5841103885 0.0 609388.967347296 950079.2066782606 422656.9995091456 275592.37889534136 346510.1513943945 358071.36301741994 361144.52930906124 344765.1048963748 260977.40476139958 300277.2791056243 303380.6269611447 326411.30523197586 329312.75361913047 303258.5231421819 370534.10725082224 359022.2154245845 398474.0719303227 452298.0228150376 410623.5106293335 373117.89791180944 426593.52563827083
818678.5326282611 722115.9469086551 3289255.5462054755 2613585.7650799234 2641685.095278616 1769489.3537436514 828208.6946568711 782174.8201804227 932060.6610251839 839902.8302942107 1111012.4563271801 1262830.6712125482 1100845.8253709567 609283.0883969837 1045085.1376023543 957273.6738348291 824136.2167721835 897528.0531928644 823851.3377614523 0.0 0.0 621542.3112785608 960467.1002983442 1024103.8246646851 941714.3138276654 851680.1887811361 591469.6353938732 0.0 0.0 1047764.7174461631 1131054.9799166343 881944.36039647 1000864.6152762317 1118683.6493797698 1088317.5820931625 1103748.4047732956 1128774.662488115 1066903.0583562911 995297.5384498999 717997.515557394 789981.6491666024 361410.1048268501 467336.8270888363 432086.9372121517 373824.0620718379 398934.2249993045 293093.844154599 327250.98758227855 289602.60277251666 316977.98831647943 264599.50880599645 317090.7196259471 290686.9185398268 373956.14454041136 440642.90868672676 424140.21093650704 468594.79428364005 498069.7158323734 488094.7600112171 374423.7887955947 379071.71479568846
758448.4380019822 647036.4202860182 703957.0257491815 640618.8171337288 2939201.2043703534 2225414.2308873944 1426589.3917507683 891399.7571366125 942364.0673874267 948116.2574864359 1639438.8086057466 959926.0325277132 688622.2617116161 963356.630090173 1393672.6095837718 1290916.788647861 685258.1153178124 842036.3721432246 532729.0032145726 0.0 676768.5838080661 0.0 729699.5157066084 603663.2138244335 698286.2289951083 752344.0751965762 690674.4371415443 788452.8542694016 814418.3651167076 823853.7609748181 842632.7899589721 663543.8499892768 0.0 590758.0686653014 0.0 649717.476913685 0.0 751838.0056839231 0.0 791002.7175301086 501684.08585939533 460293.42669715034 366334.69409785647 491140.69400551496 504455.9172518745 478676.9052567459 462944.762559802 472738.26666317513 418876.9291660983 434078.1561528778 352137.65570460143 387986.06887010456 337768.02263411134 408120.2978217863 472047.6300884108 446990.8214890387 345722.3576075982 401935.36654375383 482800.0596959214 442674.62524965685 504263.79415052175
