Model Version1.4/trunk/input/1999/nh3_spread_fe_crops.asc
ncols 720
nrows 360
xllcorner -180.0
yllcorner -90.0
cellsize 0.5
NODATA_value -9999.0
[rows 112 to 139 of 360, columns 126 to 188 of 720]
121159.00781193857 367414.44931730296 9812.329248974878 1474.4810279646101 376436.9029909178 231713.15035161484 106136.61610225658 192112.74739798563 22607.74308501415 152680.81890325062 104958.46743555299 38238.85481577987 26865.432134360028 9293.078238890783 23335.00653928237 842.7543637715518 3469.288719740957 0.0 0.0 59.913578209093046 30672.64193128293 161.28714829869537 1473.3296492167303 2544.912522287595 2258.8311108360745 11761.879125246563 26926.56042682687 279238.28288651246 812569.3437557962 856174.9448880868 984228.7413336439 489751.9063064013 207871.1146546354 171007.9604701724 334252.87811652524 265352.67375287955 169668.80659031813 96583.85778343705 121782.4572356591 647115.2636497471 481129.37929575745 860676.842456028 940706.1082819538 1018641.753256024 879685.214761728 478887.8859101431 467484.52938987955 70124.59547230265 0.0 14528.656050952039 373377.5765525735 844011.2109154973 935705.9473859797 834589.712591023 288374.6791911101 349502.61424403684 962236.9772682809 292275.6121520036 195934.23254231908 289969.95780130033 427693.4899803045 580283.5364139302 559416.4443078679
78697.5971610919 49334.21456026252 387120.5366651684 446659.2085586473 198322.53425479718 0.0 3372.0972237815995 139043.09157964351 256976.18628455693 439265.1250111784 570368.4970569214 316791.6235929184 63714.90851331927 64966.792845003685 47898.30085752596 2089.182073465538 4772.977037270374 418.33903213126325 309.3025421732931 13725.072020303898 56.91320010996934 36904.81238639861 13858.200333347058 27932.46746690271 57777.019767814076 369096.27364775416 9637.566568542656 215424.88366578994 664543.1599544722 770023.7189137314 621487.4108027942 197665.2924689025 123832.37694329872 165830.50669881926 583170.6671596757 148360.89974001324 182143.56056622288 1385.5302045907968 112946.96611808441 278771.267363855 556675.3720188473 572315.6822562477 956714.9233294413 893368.2655931889 697466.4100682106 284755.31185907405 547341.2951501273 9184.588831685074 11465.371331414763 0.0 264547.3924471613 898077.2009365581 875240.3977338615 723124.2504200918 225959.2411190845 99098.00269270308 618740.6518624518 486891.85901910346 238531.8114221599 91468.62114984954 469960.33250926354 544565.8257638311 82855.88920537446
10824.213057841145 12907.977737117979 909994.7411685814 1158014.520166047 1048165.749100387 303149.3093416981 240035.7532444052 76257.64316229557 197169.5924477949 120687.4720510763 892191.6048199798 230137.930231561 142695.3821988601 110293.01856710174 151283.5718865821 16895.765759551705 15933.06558522115 0.0 7594.66476578775 148152.5817649997 6510.515758144923 6075.46117716952 16602.804418049345 15938.90129459637 26344.437344110716 168873.80827505002 3121.0981521988974 181411.13046094243 1054183.7112097743 687320.7558160836 567402.6647923891 172155.49070926596 351526.0166848522 317587.97620270436 511685.53578419 61499.60589077161 15058.521308091957 67092.33965355021 118731.7563500831 136043.8957827871 190871.61342857347 591658.276050028 714489.9258435483 625237.9127898894 338961.88674823317 54645.00640821424 376619.0236191896 10986.058439965462 31936.604339068068 194189.5409226872 636949.555613264 699054.0963518039 567094.7147282425 745172.9159732863 261603.18076848777 139973.5210048716 99198.93937814792 362368.88644163834 419808.51561290224 159289.7296797457 638173.8194134013 466183.158626612 270072.08135437727
20867.165280036646 2611.4176810311665 667.6145608556459 1036429.9329539199 422145.52698872244 0.0 0.0 0.0 0.0 1504.4827658052848 8476.205790462269 164223.84282693424 25655.226072446836 49985.51469532686 90887.14711680412 73528.36151062623 35444.97023010974 460.5902514406585 138198.07838527657 7158.845179442102 317856.6015264736 838.681637879985 0.0 3038.5286129024635 0.0 107112.63673016257 7096.8967810658505 3925.1345856783205 31560.638355103747 40617.35215361252 159147.4357455836 223001.7986900087 339838.28364513954 268941.57620893314 188032.57654670466 143529.26739291297 311442.6650318341 262846.2952037268 104028.94584977085 229277.50208368571 454666.65373418236 329611.9666050116 642016.4922926223 586150.4209971247 304245.526623162 105470.22808577643 302485.7934014338 91140.39346506918 2322.1348235141954 236824.86679598867 781193.3532585467 420644.05311460944 390470.9912740072 576357.8672143462 139993.64060588274 90422.41148568207 62026.044968448485 162.7607780554175 288351.4179580626 826813.854824945 1204586.1749699304 948380.7094869345 390618.627945842
8280.399600450006 61560.39637955252 3221.5956030414122 0.0 5120.293370083077 0.0 0.0 0.0 31262.039378317575 3010.8487618434015 6586.287197343566 82191.95381517377 57057.53835190962 25834.734578555577 70137.70358096361 93700.58806206021 2578.682619127575 10873.474397254711 62547.38608058642 462.5256411698233 70670.25230655809 139668.75637128935 594.9239498818647 110354.3080969742 3601.1002460630357 0.0 1295.447395428606 8447.400327773443 5739.3946874873545 26153.433026776376 386787.0440998401 190236.03463067752 175581.18132892853 298443.24574061146 186533.60420887807 153353.32494623112 617234.5816135977 400541.5384467805 194226.86708000535 470001.1312155673 378533.4993248584 187613.13429761387 487872.9455995628 192468.0754349409 43295.41238912055 35817.64117116782 307.9093864369596 409791.255887098 185550.04738119384 29003.82655209379 641957.2714126863 232172.72535114863 47666.2940784154 201034.40785388747 188980.4585641125 137015.98778274536 27554.494570554667 2756.543519441197 3581.3587263132067 58100.61014688109 64715.71939260065 400528.42036519287 537988.3194863588
0.0 107906.64824871086 68757.6183482281 0.0 0.0 -9999.0 0.0 0.0 0.0 36081.000234392646 3114.179182923629 839392.4780888342 725026.846736899 841126.3448766486 52663.2593703192 5235.207277188525 6630.925944929118 93662.7012720916 27729.07504390132 641.7311034667309 1135.946085202648 161805.50424535628 264618.0665104264 1041.0520160976123 20433.11306259681 52.67224995444177 122921.2697505468 56689.421871318504 13733.599333405806 26248.19543747372 365284.4517673578 91460.048778792 165713.38497174298 375416.77495083614 227202.21832196836 183270.2063107748 373085.9940237659 65425.129094232645 60482.529987448164 793562.6482534924 700500.6253422486 424407.2285647268 461914.3039249513 140996.88051870733 8521.867298339339 0.0 0.0 0.0 255401.65626048623 702289.668338179 313993.6213452897 107104.66451873397 39354.88513845135 202926.01329354738 112675.97112349705 133437.25054533905 10995.0620286137 39468.49611496947 217985.9452089839 435631.8369542258 127807.88377281379 681420.4705550938 1251928.8608804836
-9999.0 30803.68623101944 115603.59365986334 0.0 0.0 -9999.0 -9999.0 11864.487426605301 238134.27031821193 367799.0198919927 111870.37156338622 62510.29843304347 38372.444824117636 10721.11196055105 72714.89323732552 13120.267940332436 94460.73360484031 34579.20977120954 28537.06273433132 32433.73644040552 35481.71537480556 14127.728668768974 9948.76539427545 2278.117291065868 4265.361186532776 1158.089136545404 19371.472878776643 75638.22843995057 20081.771818126217 14828.956356017596 124894.90068251136 123347.29595090212 119456.48853794295 114289.02981218809 84950.85437938041 219043.7539012264 108008.84222756737 6988.322507866274 386474.10603158426 824772.71254554 553947.0327157137 387344.94128026435 217001.93883870402 69016.5763810298 11409.092039872068 5005.222791919461 11391.890595894281 140000.65945656915 219144.56557721892 876935.3185234256 734755.4189324129 662778.1108472322 120077.01754945147 219860.86093366955 120208.95847104963 37523.936610842364 133644.7907031693 484668.29866387846 454606.973630397 306716.8006630981 117325.15566634708 162111.8942762986 230717.0106954403
-9999.0 -9999.0 49713.40076331706 415.012019672493 0.0 -9999.0 -9999.0 -9999.0 0.0 21808.274573296047 24125.98141724061 54554.25869457036 24857.609024292797 142015.84519505705 25763.939147698642 11766.64327553905 17768.125638671772 625031.2868254073 33131.62611883144 14179.868550002444 64032.249881843694 17238.53496103523 0.0 0.0 16758.38858014223 195.48553609441768 610.6168806010398 581.5578493544858 242.81814878075804 658.2054714463766 1748.15358583315 128343.88109047213 135410.45092422294 116225.87486162708 138976.39731333876 131527.94428374342 321233.20273222734 81038.4742305613 153941.931791288 391982.6070232316 313838.96670738526 581746.0644944151 369840.5983637821 48634.00245898772 171874.57634958913 194533.65030668367 188691.02456489284 609169.1294114077 946367.2634733013 1051777.7990065464 753661.5081252358 601212.3579221063 459706.099529194 34864.52092226883 13045.363907771969 4423.867332497409 11480.376137165224 80741.39781220313 294892.2268439977 11332.026373278075 4522.500908938778 3161.8223403160437 27826.5974463853
-9999.0 -9999.0 0.0 0.0 0.0 0.0 0.0 -9999.0 0.0 0.0 0.0 637.785611937436 1150917.5909438888 1179182.6688775457 1256826.1984929033 1222118.6813887814 205348.86263803078 213832.8657978789 26762.011422428684 12777.276985089418 34734.08437296682 0.0 0.0 0.0 61021.649701824375 57548.65559546465 339.4876254168564 0.0 0.0 0.0 375.92473941099337 0.0 90637.68590471706 28511.12705762647 41690.1447302152 131074.62212768468 76299.00990587832 230060.8182347609 364318.7026508928 324141.98969750124 529864.6186828347 818409.8162455257 740776.5765443369 167098.07259377436 372956.6623896442 526375.6918192748 0.0 19400.79068956466 90001.52792016132 504706.3488077286 240277.16512394723 34449.46321852091 145914.86050103742 7417.838631564744 16175.88309931102 0.0 -9999.0 -9999.0 -9999.0 -9999.0 -9999.0 -9999.0 -9999.0
-9999.0 -9999.0 -9999.0 0.0 0.0 0.0 0.0 -9999.0 -9999.0 0.0 127319.06643976782 21388.95715515678 169756.3850401713 48035.36693180302 1183170.4166841176 1214997.247789172 725566.6334995326 366384.89672664873 774805.3568542546 27780.984378799116 0.0 37275.94224789212 0.0 12903.584073606256 14890.0769461344 25998.89823767553 53.64641941099664 0.0 0.0 4012.0557009978966 0.0 25709.801948493627 202067.53155581016 139814.8725411402 338418.49508231715 262269.71249285666 255879.46823188357 637889.6137272798 487470.03017917555 417533.55438465264 589526.0848006392 1297280.6056692877 811765.696384862 727892.8075869973 14447.668320741666 -9999.0 -9999.0 -9999.0 -9999.0 -9999.0 -9999.0 0.0 0.0 6943.993947243484 0.0 0.0 -9999.0 -9999.0 -9999.0 -9999.0 -9999.0 -9999.0 -9999.0
-9999.0 -9999.0 -9999.0 -9999.0 -9999.0 0.0 0.0 0.0 -9999.0 0.0 465670.98685413785 196717.93448359313 827.1221903139926 1334919.8126900492 1070284.105564199 736739.4680819509 399026.5438373235 350910.1765069056 935330.457192413 1292237.1848152706 1616980.5469977665 49869.84912559953 155853.47010973864 10981.041097691153 54109.70877018355 0.0 360.6254073533399 0.0 0.0 0.0 2003.201058578469 22868.28888414014 200388.32451441546 249957.64933601595 399635.68256865937 260175.4428434991 142135.55761410066 284710.70347443974 508043.73671363125 587408.104184403 851159.0134465701 679610.6355184921 227469.04170223133 10917.463742027981 -9999.0 -9999.0 -9999.0 -9999.0 -9999.0 -9999.0 -9999.0 -9999.0 -9999.0 -9999.0 -9999.0 -9999.0 -9999.0 -9999.0 -9999.0 -9999.0 -9999.0 -9999.0 -9999.0
-9999.0 -9999.0 -9999.0 -9999.0 -9999.0 874.2123275841348 0.0 0.0 0.0 -9999.0 2668.9470216241903 60113.28797672483 261143.3076577145 4155.612915655058 1224901.870160563 850367.0374762232 143968.20005996677 158609.2922924694 247905.4826554049 1028494.398570315 130875.42434882329 20959.809280562862 265848.4039766268 430787.05449045164 0.0 0.0 0.0 0.0 0.0 0.0 13385.817717832542 7118.451545684268 235335.10723943543 153026.37565157557 347645.2178007621 144332.20045246315 87789.07783384477 128370.53631224453 506569.19968841993 551284.6698575111 174627.07098380537 5957.927332537949 -9999.0 -9999.0 -9999.0 -9999.0 -9999.0 -9999.0 -9999.0 -9999.0 -9999.0 -9999.0 -9999.0 -9999.0 -9999.0 -9999.0 -9999.0 -9999.0 -9999.0 -9999.0 -9999.0 -9999.0 -9999.0
-9999.0 -9999.0 -9999.0 -9999.0 0.0 0.0 2121.986401001459 0.0 0.0 0.0 -9999.0 -9999.0 16450.97891764629 464714.73176902795 1268443.0648883602 929646.2781762297 359058.3948018245 177031.56429402833 264224.17817004136 712029.3080783739 1242343.861703573 15500.657225803436 20088.673980683947 184308.13594695256 14340.374778193529 0.0 0.0 0.0 0.0 0.0 57725.559078993545 112712.59279142834 15239.143582868075 2628.9011700284036 80844.28672678088 150427.70866832536 217063.81134825555 206159.7788161349 1302452.9456445023 379273.76669266244 0.0 -9999.0 -9999.0 -9999.0 -9999.0 -9999.0 -9999.0 -9999.0 -9999.0 -9999.0 -9999.0 -9999.0 -9999.0 -9999.0 -9999.0 -9999.0 -9999.0 -9999.0 -9999.0 -9999.0 -9999.0 -9999.0 -9999.0
-9999.0 -9999.0 -9999.0 -9999.0 -9999.0 0.0 0.0 2780.603055212982 0.0 1450.9133816507697 -9999.0 -9999.0 0.0 992816.1585857216 1408128.4587516387 347192.73118331615 218080.2750616566 467599.0648557293 172461.0688446503 103175.2448318125 164894.95886997593 26948.476643445687 13299.966542647184 118938.23045940306 128877.01479824357 0.0 0.0 0.0 0.0 51827.379344394656 149939.82838554538 93840.79738598481 47490.78640503798 223014.03535465442 37140.414049078536 298928.9429089416 309835.49289296515 334536.7152068835 445247.1652202114 23569.412865785944 -9999.0 -9999.0 -9999.0 -9999.0 -9999.0 -9999.0 -9999.0 -9999.0 -9999.0 -9999.0 -9999.0 -9999.0 -9999.0 -9999.0 -9999.0 -9999.0 -9999.0 -9999.0 -9999.0 -9999.0 -9999.0 -9999.0 -9999.0
-9999.0 -9999.0 -9999.0 -9999.0 -9999.0 -9999.0 0.0 0.0 0.0 421.9992818240177 1455.194763494391 -9999.0 -9999.0 -9999.0 764057.3040228689 286420.49022913474 217488.99557777014 316552.30419685115 176595.03762488987 74231.941127954 74361.18599747747 220879.8158968269 435627.34659899166 279409.21600970946 0.0 122203.10140829721 8522.337725165902 0.0 953.6013332127067 7956.949575476526 14401.038013605948 47753.03674730076 97332.937668 38127.70374670707 50487.30823664343 317815.20775464847 147166.79163334574 296546.5213581153 382993.4828262473 16718.022277188524 -9999.0 -9999.0 -9999.0 -9999.0 -9999.0 -9999.0 -9999.0 -9999.0 -9999.0 -9999.0 -9999.0 -9999.0 -9999.0 -9999.0 -9999.0 -9999.0 -9999.0 -9999.0 -9999.0 -9999.0 -9999.0 -9999.0 -9999.0
-9999.0 -9999.0 -9999.0 -9999.0 -9999.0 -9999.0 -9999.0 -9999.0 0.0 0.0 0.0 0.0 -9999.0 -9999.0 -9999.0 370204.17575758003 547292.3918732652 118552.33222139633 71674.98675713861 130403.65278774907 33595.33597386912 16608.378651206367 358066.7122173654 6951.929853986986 11323.846451046502 113539.19155647267 63154.24261674745 124473.43287680765 5018.185509037838 0.0 0.0 6431.406451659593 60671.55164093333 67140.049863111 274619.3620045804 238106.372094411 467540.19052207103 1396451.8314919777 1910168.3857643912 159167.98591037866 -9999.0 -9999.0 -9999.0 -9999.0 -9999.0 -9999.0 -9999.0 -9999.0 -9999.0 -9999.0 -9999.0 -9999.0 -9999.0 -9999.0 -9999.0 -9999.0 -9999.0 -9999.0 -9999.0 -9999.0 -9999.0 -9999.0 -9999.0
-9999.0 -9999.0 -9999.0 -9999.0 -9999.0 -9999.0 -9999.0 -9999.0 -9999.0 1060.3598448979908 0.0 0.0 -9999.0 -9999.0 -9999.0 937456.3980372522 1235646.398208648 942229.291862181 149195.287989567 330514.8165347606 42501.78478224789 0.0 174225.6610127141 73041.3361240651 27175.32441799897 4300.49400216057 171044.69899930994 780652.1444464711 97939.513358462 65921.7095845875 6936.117663092769 25814.138851376472 22185.583574179876 206583.13478939023 286691.5770142058 38485.052696863684 258158.78114191457 1069721.622106234 2185609.5331403664 273960.7107098885 -9999.0 -9999.0 -9999.0 -9999.0 -9999.0 -9999.0 -9999.0 -9999.0 -9999.0 -9999.0 -9999.0 -9999.0 -9999.0 -9999.0 -9999.0 -9999.0 -9999.0 -9999.0 -9999.0 -9999.0 -9999.0 -9999.0 -9999.0
-9999.0 -9999.0 -9999.0 -9999.0 -9999.0 -9999.0 -9999.0 -9999.0 -9999.0 0.0 229241.00879002654 2204.4813885154717 0.0 -9999.0 -9999.0 -9999.0 84366.00916338309 786785.0452079605 421857.1147214952 82085.61523636695 55017.48868960324 0.0 120277.92624524591 177556.50587341006 56194.143681339585 40303.64794146707 40135.83480522934 141667.5151603078 2469.569030842406 30633.559209193714 30373.719278717923 66255.72529612375 118198.83433352492 170708.31038780193 570610.535654931 623144.4189565287 222406.39040028528 345387.6762526268 594928.0013350801 3686.685500737277 -9999.0 -9999.0 -9999.0 -9999.0 -9999.0 -9999.0 -9999.0 -9999.0 -9999.0 -9999.0 -9999.0 -9999.0 -9999.0 -9999.0 -9999.0 -9999.0 -9999.0 -9999.0 -9999.0 -9999.0 -9999.0 -9999.0 -9999.0
-9999.0 -9999.0 -9999.0 -9999.0 -9999.0 -9999.0 -9999.0 -9999.0 -9999.0 0.0 61639.8384827846 0.0 0.0 -9999.0 -9999.0 -9999.0 -9999.0 103.34148084057539 884345.2092009003 524960.746596092 137131.9542863815 129352.46209929466 8643.590374480758 156308.52299730235 241415.11268029732 128412.70402857379 47174.279197341406 77046.20202856006 26667.593321977707 0.0 2476.377024075727 74158.22121461107 29921.757063091787 132501.19854830345 243641.72985981966 166042.55762519047 51572.590624045944 342800.1884108436 294057.25703767315 -9999.0 -9999.0 -9999.0 -9999.0 -9999.0 -9999.0 -9999.0 -9999.0 -9999.0 -9999.0 -9999.0 -9999.0 -9999.0 -9999.0 -9999.0 -9999.0 -9999.0 -9999.0 -9999.0 -9999.0 -9999.0 -9999.0 -9999.0 -9999.0
-9999.0 -9999.0 -9999.0 -9999.0 -9999.0 -9999.0 -9999.0 -9999.0 -9999.0 -9999.0 0.0 0.0 0.0 30364.601666122446 0.0 -9999.0 -9999.0 -9999.0 -9999.0 681315.8842819636 289014.5059366921 32422.70696912677 11063.497878984306 26942.29498630138 303557.0215073441 234417.22134636756 240591.5423475642 138462.39830713187 4352.421992042067 763.7978919440947 246.0620475405013 46.299186117284314 6547.147409410467 14417.467554410068 63082.284997891984 328084.37330097985 290013.3796459164 442363.1959946537 196210.29209223835 -9999.0 -9999.0 -9999.0 -9999.0 -9999.0 -9999.0 -9999.0 -9999.0 -9999.0 -9999.0 -9999.0 -9999.0 -9999.0 -9999.0 -9999.0 -9999.0 -9999.0 -9999.0 -9999.0 -9999.0 -9999.0 -9999.0 -9999.0 -9999.0
-9999.0 -9999.0 -9999.0 -9999.0 -9999.0 -9999.0 -9999.0 -9999.0 -9999.0 -9999.0 -9999.0 -9999.0 0.0 1675.7324587889339 1838.7811480268945 0.0 -9999.0 -9999.0 -9999.0 -9999.0 404370.21853709506 162273.52207517924 9609.76490700311 18567.728783113354 115001.42817472457 163159.93378914913 152561.5468275731 159043.65258891042 41629.65620392312 51148.85880562914 4382.04272522638 7889.52368438382 40990.40231857142 42452.15020923186 11035.611397357841 277648.7018373812 190463.99349349044 197391.23747071688 121451.99150408164 -9999.0 -9999.0 -9999.0 -9999.0 -9999.0 -9999.0 -9999.0 -9999.0 -9999.0 -9999.0 -9999.0 -9999.0 -9999.0 -9999.0 -9999.0 -9999.0 -9999.0 -9999.0 -9999.0 -9999.0 -9999.0 -9999.0 -9999.0 -9999.0
-9999.0 -9999.0 -9999.0 -9999.0 -9999.0 -9999.0 -9999.0 -9999.0 -9999.0 -9999.0 -9999.0 -9999.0 -9999.0 8467.81094083416 221204.76201565657 12450.358542616765 -9999.0 -9999.0 -9999.0 -9999.0 15343.290011209985 370268.891020877 216713.40609318143 438187.4480644156 50570.12993036283 38554.23632807975 112226.50148460612 178691.24826918612 485002.8505552506 253787.44823184653 801.1434529202273 4476.70572468569 11314.2100397711 3127.3242389238594 58439.14681657124 167462.54943991877 220032.18849754747 147904.69240651507 217003.43410004585 -9999.0 -9999.0 -9999.0 -9999.0 -9999.0 -9999.0 -9999.0 -9999.0 -9999.0 -9999.0 -9999.0 -9999.0 -9999.0 -9999.0 -9999.0 -9999.0 -9999.0 -9999.0 -9999.0 -9999.0 -9999.0 -9999.0 -9999.0 -9999.0
-9999.0 -9999.0 -9999.0 -9999.0 -9999.0 -9999.0 -9999.0 -9999.0 -9999.0 -9999.0 -9999.0 -9999.0 -9999.0 -9999.0 27726.191207027656 -9999.0 -9999.0 -9999.0 -9999.0 -9999.0 -9999.0 -9999.0 401708.26090319554 283385.7984896321 296011.7831744292 238539.84765406323 79364.83078722749 82705.26724182487 423376.91850340186 437819.51498856524 59150.564101175056 99510.08685318143 126787.60931864477 27174.062552009815 188446.0691014552 333107.72279289004 852272.6439276006 513615.47705546947 187243.21463404412 -9999.0 -9999.0 -9999.0 -9999.0 -9999.0 -9999.0 -9999.0 -9999.0 -9999.0 -9999.0 -9999.0 -9999.0 -9999.0 -9999.0 -9999.0 -9999.0 -9999.0 -9999.0 -9999.0 -9999.0 -9999.0 -9999.0 -9999.0 -9999.0
-9999.0 -9999.0 -9999.0 -9999.0 -9999.0 -9999.0 -9999.0 -9999.0 -9999.0 -9999.0 -9999.0 -9999.0 -9999.0 -9999.0 -9999.0 -9999.0 -9999.0 -9999.0 -9999.0 -9999.0 -9999.0 -9999.0 136890.86488560293 784608.0940029173 285361.7168788612 209027.36140534774 78122.67944939346 102836.72107892483 227209.37173394216 432665.235116453 120611.12547507694 40031.48121246264 68772.24317819519 106569.58164606577 197802.9982841145 384769.4298393686 905260.1469622543 1060925.6432534747 188385.70203835642 -9999.0 -9999.0 -9999.0 -9999.0 -9999.0 -9999.0 -9999.0 -9999.0 -9999.0 -9999.0 -9999.0 -9999.0 -9999.0 -9999.0 -9999.0 -9999.0 -9999.0 -9999.0 -9999.0 -9999.0 -9999.0 -9999.0 -9999.0 -9999.0
-9999.0 -9999.0 -9999.0 -9999.0 -9999.0 -9999.0 -9999.0 -9999.0 -9999.0 -9999.0 -9999.0 -9999.0 -9999.0 -9999.0 -9999.0 -9999.0 -9999.0 -9999.0 -9999.0 -9999.0 -9999.0 -9999.0 10690.433390758646 1109752.2036422137 382210.6061245707 394946.187526255 116759.67598292924 269011.10785526305 436299.7286256467 452175.03457650554 103058.06867742896 161371.44640461446 54571.13973831028 159232.29887771155 200368.3237933583 378884.45362192043 1462055.2185335534 1457128.413298827 557492.4693664094 0.0 -9999.0 -9999.0 -9999.0 -9999.0 -9999.0 -9999.0 -9999.0 -9999.0 -9999.0 -9999.0 -9999.0 -9999.0 -9999.0 -9999.0 -9999.0 -9999.0 0.0 77063.56098653558 36511.18377526465 1089.3459543460556 -9999.0 -9999.0 -9999.0
-9999.0 -9999.0 -9999.0 -9999.0 -9999.0 -9999.0 -9999.0 -9999.0 -9999.0 -9999.0 -9999.0 -9999.0 -9999.0 -9999.0 -9999.0 -9999.0 -9999.0 -9999.0 -9999.0 -9999.0 -9999.0 -9999.0 -9999.0 216479.94795775012 650619.1066147658 334548.8720719137 184446.44040025282 612424.4440688422 165977.02025309284 368508.1577488666 295674.4529613381 319503.57560964534 273612.919752583 218586.23525256958 35937.29843091475 227859.31014102913 946893.9615906609 1394542.4479487026 1129933.4350412027 108755.44404448684 -9999.0 -9999.0 -9999.0 -9999.0 -9999.0 -9999.0 -9999.0 -9999.0 -9999.0 -9999.0 -9999.0 -9999.0 -9999.0 4426.176910346526 15381.20781166616 340662.9886294591 440461.1378153544 867513.4308163187 511178.89014890697 8105.809413413506 37727.38760084529 -9999.0 -9999.0
-9999.0 -9999.0 -9999.0 -9999.0 -9999.0 -9999.0 -9999.0 -9999.0 -9999.0 -9999.0 -9999.0 -9999.0 -9999.0 -9999.0 -9999.0 -9999.0 -9999.0 -9999.0 -9999.0 -9999.0 -9999.0 -9999.0 -9999.0 264162.6327848351 375117.4426594938 345794.5364924908 604504.360331666 718076.1456701756 548009.61827351 311430.2544700159 699699.10478585 709983.6334042002 677701.7295718595 218951.13888184182 173239.40447138835 258468.99064096587 58582.87259228126 552044.8676182787 903989.4449330505 886997.1984553378 -9999.0 -9999.0 -9999.0 -9999.0 -9999.0 -9999.0 -9999.0 -9999.0 -9999.0 -9999.0 -9999.0 -9999.0 -9999.0 197271.76517395777 362314.63514924224 395515.2942696002 102458.62770912245 303446.05651358824 86113.8238563536 14423.240251219546 19480.712707075898 -9999.0 -9999.0
-9999.0 -9999.0 -9999.0 -9999.0 -9999.0 -9999.0 -9999.0 -9999.0 -9999.0 -9999.0 -9999.0 -9999.0 -9999.0 -9999.0 -9999.0 -9999.0 -9999.0 -9999.0 -9999.0 -9999.0 -9999.0 -9999.0 9584.534205873359 454589.5293901888 411583.2046317423 477005.73040451127 240133.29689667636 247179.99653225683 602241.8900751863 804620.449802252 755670.2350903199 705087.5567033133 463478.0913750387 478742.17106505175 334817.80340393767 733037.6904448455 92415.3016446215 150707.06034440224 537731.4104879659 1373746.0889066735 589240.0106733402 -9999.0 -9999.0 -9999.0 -9999.0 -9999.0 -9999.0 -9999.0 -9999.0 -9999.0 -9999.0 -9999.0 -9999.0 280709.74082936073 76114.57756882077 250860.9618185578 38958.325275908515 30457.861334186728 8271.256651912818 5057.130207556762 -9999.0 -9999.0 -9999.0
