Model Version1.4/trunk/input/1999/nh3_stor.asc
ncols 720
nrows 360
xllcorner -180.0
yllcorner -90.0
cellsize 0.5
NODATA_value -9999.0
[rows 189 to 215 of 360, columns 244 to 304 of 720]
0.0 3629.975235145391 2779.1537665340193 3048.4890674699473 0.0 0.0 0.0 0.0 0.0 0.0 2420.2877262880916 3629.975235145391 3629.975235145391 3630.4209878394095 0.0 0.0 15943.226751665497 30691.24739734971 21779.364265412903 28233.564549976538 25301.812149763904 31013.888373778344 14512.166665523082 13752.477070794086 16696.97164377957 24602.04628375049 35915.826703208644 18002.153419964296 28242.388587379453 20919.79009671596 21635.746029140788 32457.11075917667 21744.590709091484 28279.120026058383 41137.37388440657 24684.746487929253 30482.1660721914 49192.84284359291 32383.225715672805 35346.603217799515 368445.34147124516 207186.04732308444 0.0 -9999.0 -9999.0 -9999.0 -9999.0 -9999.0 -9999.0 -9999.0 -9999.0 -9999.0 -9999.0 -9999.0 -9999.0 -9999.0 -9999.0 -9999.0 -9999.0 -9999.0 -9999.0
0.0 0.0 0.0 0.0 0.0 0.0 0.0 3583.323994933912 0.0 7256.700392559585 3627.628963891124 0.0 0.0 0.0 7256.225138498129 17405.99692024614 21749.228459787708 44899.4387250378 52029.53440723668 49224.81564307671 368523.91716240795 38811.81958429404 31867.195359977322 31174.74958917632 25363.870141014828 25343.290035321126 32544.29493698164 21511.328708998917 3628.5879131639954 10869.512983532628 20290.205400169725 31804.498815138984 27537.885892496644 23938.615207727136 35306.29351561572 44242.991875460146 47748.31262504188 45526.23320495981 31198.207079791046 51854.94768010895 34656.7410201922 303142.02843612013 29250.584888728205 23185.600650880773 352080.3095161455 8939.63298570078 -9999.0 -9999.0 -9999.0 -9999.0 -9999.0 -9999.0 -9999.0 -9999.0 -9999.0 -9999.0 -9999.0 -9999.0 -9999.0 -9999.0 -9999.0
0.0 0.0 0.0 0.0 0.0 0.0 0.0 0.0 0.0 0.0 0.0 0.0 0.0 3624.0182434225553 0.0 24641.556676001157 41967.629535560205 39126.470967117355 38315.300068195655 48682.82256049615 294345.8148304542 57506.17281788042 39872.74670717934 39852.696342463896 36971.8586308213 23872.009905790695 20995.617015022093 10108.35693943426 10118.371196459198 18086.429217607976 14348.636783906093 20281.65982059809 13765.011079925864 21016.692218615553 28871.251689456934 21701.19841720527 31699.84118473099 38302.24319870872 32589.373715762034 28216.514186218355 46960.35597737037 39867.39256550705 32264.533028334863 28954.108961461367 488947.04441280523 331619.7030405295 -9999.0 -9999.0 -9999.0 -9999.0 -9999.0 -9999.0 -9999.0 -9999.0 -9999.0 -9999.0 -9999.0 -9999.0 -9999.0 -9999.0 -9999.0
0.0 0.0 0.0 0.0 3622.3550329870354 0.0 0.0 0.0 0.0 0.0 2236.0241028162254 7241.837317623115 14480.135917636482 17356.772136022082 7244.710065961033 14475.710078159302 38280.109174500656 39743.04511780616 52519.63340715389 50637.81760219897 353501.1907785624 59609.52345490172 25343.776734433803 42001.773434757364 23176.80976690245 23898.83131355644 21003.767083396782 10819.30558196683 14468.282419272991 30423.419819565726 14456.315720746343 23124.73728716889 19488.165495716807 14487.124683607537 25357.04133903656 28975.959072967755 41244.837460204726 60890.019003208894 41414.4675475937 289780.46357100835 60570.802485563014 60403.72397519344 35991.98498084833 46580.29531337594 308785.583100423 539198.1181655122 0.0 -9999.0 -9999.0 -9999.0 -9999.0 -9999.0 -9999.0 -9999.0 -9999.0 -9999.0 -9999.0 -9999.0 -9999.0 -9999.0 -9999.0
3616.958209516232 0.0 0.0 0.0 0.0 2883.2398365144195 0.0 3616.9580911608664 0.0 0.0 0.0 7190.518877081965 28760.91220300018 36727.64925005281 25325.45599564208 50618.069672510384 36168.877753904206 40437.93575193049 56695.126151952514 54228.92348926968 412206.7802242665 41058.253143628586 39805.817314205175 35458.11139101194 27494.851416485115 26764.339853761954 21700.471464315982 24504.05751365126 19140.470853122115 21533.130695176154 21688.197268813194 25989.95084925615 28105.71615286861 20206.57214181917 18095.957389789917 28894.45659365193 46917.59729869788 429792.6246596058 60153.695202946255 323400.1072902945 387725.7942315208 57078.26188077507 43353.50283383516 372362.6103347468 576951.4917525123 620005.9503499974 0.0 -9999.0 -9999.0 -9999.0 -9999.0 -9999.0 -9999.0 -9999.0 -9999.0 -9999.0 -9999.0 -9999.0 -9999.0 -9999.0 -9999.0
10842.413481678723 0.0 0.0 0.0 0.0 3558.792733876964 3613.0162389251213 0.0 0.0 0.0 0.0 0.0 3615.019050765018 3615.6723353036127 14462.689166203034 28891.80418811512 35352.27012289501 36068.24776639838 50514.95670536811 61014.527437542 58656.63463591879 31582.84961854161 28908.69619099234 31802.76055882358 43362.13985097903 46980.5697691912 36868.77939933176 19519.75457636718 25295.623446428817 36090.02166127479 27459.354601442 20160.935340939213 10765.544504954756 17754.33488020854 18032.475730761907 44726.57875717144 36033.69296118692 359396.34754153877 386873.10697373125 481093.8408628485 57010.40892152553 365101.5491484001 61356.64630121637 468775.90931904386 124603.46793376775 124527.53800746336 236491.76223534494 -9999.0 -9999.0 -9999.0 -9999.0 -9999.0 -9999.0 -9999.0 -9999.0 -9999.0 -9999.0 -9999.0 -9999.0 -9999.0 -9999.0
0.0 0.0 0.0 0.0 0.0 3609.5199470491507 0.0 0.0 0.0 0.0 0.0 0.0 7213.809799513145 7221.883125611971 20937.68083189094 28870.47080305756 38977.98105395037 34087.96128666368 57005.11540092067 407566.5789825318 450612.92898313724 49798.37939984261 35370.488574476505 28782.035863399953 28878.213874169553 14444.431738556483 7221.870129165605 12994.773875063744 19498.59182604299 25982.113034134512 14440.927717056527 10822.599555314351 13682.949821188724 14423.7026914431 21602.411001913082 48851.91521384387 57759.3436260217 59550.717178291976 293295.2152210416 54774.19856756115 50130.23530714802 450445.755074771 391918.7183766815 443791.4220255372 120047.96480989925 625649.1335776619 180999.4837696621 -9999.0 -9999.0 -9999.0 -9999.0 -9999.0 -9999.0 -9999.0 -9999.0 -9999.0 -9999.0 -9999.0 -9999.0 -9999.0 -9999.0
0.0 0.0 3605.8329682671524 3604.30125410481 0.0 6490.933675106577 0.0 0.0 0.0 0.0 0.0 7211.665954478974 3605.0690867115454 7210.138278307248 17309.12319054917 42906.853862582844 43235.59341509096 45512.962623166844 45397.64436375337 456793.10370170354 415026.18766895455 399363.4318588182 53362.40206712909 21632.676893017964 18031.38345816865 10091.421022452256 13701.51605696826 19470.830027282555 22345.442989770294 14396.187148076153 14416.794320066792 14374.967804127411 10807.58772246184 14384.681093143425 25236.99075485267 32445.524435529598 36052.091512613515 46713.948449548996 43278.943205684984 46873.42187682493 54055.171456734555 57234.53349699253 306622.72033834056 580810.9529631895 119022.45146001982 673361.886192343 4821.440619185856 -9999.0 -9999.0 -9999.0 -9999.0 -9999.0 -9999.0 -9999.0 -9999.0 -9999.0 -9999.0 -9999.0 -9999.0 -9999.0 -9999.0
3602.7437366753643 0.0 0.0 0.0 0.0 0.0 3599.536067979133 0.0 0.0 0.0 0.0 2719.0098480640268 3599.5363579227924 3598.7133937491285 17284.511922440863 20889.211594438926 52070.56423658099 59029.734266327025 57541.96416721209 293411.1283038378 340716.7672353685 402751.47613667743 38885.56046215067 28082.607245734896 14407.789411124431 14408.608460537142 13678.225246503911 19436.303796025783 13680.643890054542 13671.829439504283 28766.968402232236 14398.917768291583 14396.49898537893 39605.34127911434 36009.78100053125 32419.948460266467 43127.63920464794 53768.13279984689 42599.957933917656 50203.28051816729 32404.635378585106 460330.5442279301 466595.0769797751 477704.929369109 557791.8046182903 484964.0838092471 -9999.0 -9999.0 -9999.0 -9999.0 -9999.0 -9999.0 -9999.0 -9999.0 -9999.0 -9999.0 -9999.0 -9999.0 -9999.0 -9999.0 -9999.0
0.0 3594.491488307788 3460.519652071867 2873.814477574927 0.0 2878.3086467736125 13662.4746537516 0.0 0.0 0.0 0.0 0.0 0.0 7194.936007877318 14382.187717034729 28427.22360584958 38826.734204568405 382613.114429174 48874.068510667166 59685.480203144114 406048.0014553528 503699.26400179806 50327.988745739 31631.481805817937 13660.76028143686 10786.003526148379 19406.939580793212 16488.550124771766 17247.594799329305 32291.571850747885 35868.478946649404 35930.35883679233 39549.492587541565 45578.28597538543 46361.50749230286 362251.81957454234 46659.337831492616 35957.71128971045 43150.10560970923 55361.46761532093 546076.8868797108 500897.1561331131 515072.94925029576 656397.7557929411 649023.6905502124 180195.40208772698 -9999.0 -9999.0 -9999.0 -9999.0 -9999.0 -9999.0 -9999.0 -9999.0 -9999.0 -9999.0 -9999.0 -9999.0 -9999.0 -9999.0 -9999.0
6462.149684082937 13589.821697631318 12914.741066906394 33663.018477108395 21496.23134865764 27976.81908795802 48718.81734067754 3590.9781363812613 0.0 7173.5168543439195 0.0 3590.0831718167656 3590.083098867635 17217.585295596444 23691.735314710615 20732.89837826553 52415.888220739136 366512.9848790082 350608.16762500675 58742.88533118793 385979.4999012067 499092.80242310377 60328.81008717292 31610.54281779547 25134.977038504785 21534.65181585209 24416.527729218276 17944.07215852275 28001.860884669088 39466.147512549505 57427.098521586144 42845.58788968801 21546.69728233094 22001.035021716183 35806.57750569718 53664.22409987056 35896.233889676834 35869.86364131044 35915.01012161833 50169.469856853975 109341.3248824755 571957.6586612955 126597.6985485533 671689.8990118034 221049.0565137271 -9999.0 -9999.0 -9999.0 -9999.0 -9999.0 -9999.0 -9999.0 -9999.0 -9999.0 -9999.0 -9999.0 -9999.0 -9999.0 -9999.0 -9999.0 -9999.0
3570.618886941063 3587.34612142472 10024.62844925502 32228.247866302143 45125.42341642222 60866.008936884966 52263.78465075522 17913.449028777624 13614.2880495317 0.0 7167.173651613324 20079.399047194842 24356.416001251917 31528.333727469548 27945.302706225673 13678.040894610363 43856.63538589178 385362.533989404 53699.90384558995 53363.10004416928 400632.808169535 459395.90100958856 55940.3663780763 46584.69918924021 25083.194494836618 25063.40756811194 17909.010492374782 20790.598273947882 28672.488066683985 32263.631843120387 32269.224059842854 38508.282123019446 35803.79203990569 32248.540406291406 42246.06975498139 60412.452934010296 53670.100249355215 46407.523300136956 35798.336487494525 42734.12625957388 466381.3777423571 400643.095614186 545442.8237938248 335720.365317744 -9999.0 -9999.0 -9999.0 -9999.0 -9999.0 -9999.0 -9999.0 -9999.0 -9999.0 -9999.0 -9999.0 -9999.0 -9999.0 -9999.0 -9999.0 -9999.0 -9999.0
10010.067597996509 6436.97301847957 7153.030587556758 13603.59931595501 46471.375893312485 60755.295037609096 37930.24580369602 10728.820604052133 3578.7247899941444 0.0 23617.501301599696 33637.36396675884 60074.98713958902 35054.66473913575 19616.77916042703 19999.970987687466 38622.15162290612 380735.5889592849 307254.96763144474 60688.68896891588 42241.19642065515 404229.9673365849 17905.409472506246 53694.44497326942 35784.09255203403 32197.519090481273 42936.6667453755 53682.722163829574 35792.07433315463 35783.12136964993 42557.89161992779 47972.936558466004 49328.45536873648 50038.98306665 395223.81438434497 305554.1128790138 423852.87747025455 425417.2611289476 38973.178872830154 444435.7353307113 109958.19947115563 54801.6490516768 170023.01040425996 -9999.0 -9999.0 -9999.0 -9999.0 -9999.0 -9999.0 -9999.0 -9999.0 -9999.0 -9999.0 -9999.0 -9999.0 -9999.0 -9999.0 -9999.0 -9999.0 -9999.0 -9999.0
24991.468211751675 29998.569716644353 24995.532263595887 10714.06281079514 17101.333295833523 24995.524647472783 24996.959278129325 24293.962736404126 0.0 0.0 10718.888264138946 23583.227043636554 48595.422732210616 40473.55326605348 36932.56517496601 19942.939047816202 20724.314236475337 438415.36589740805 422216.31508008594 406290.1530612047 368486.5286630975 384107.2821344847 49989.20794210026 42881.84443937483 42875.60702741373 60754.2442558193 53596.59934087792 57174.446127582065 35016.260442387174 45806.199190169384 31675.630336755396 42621.23586258443 288140.0203045738 351608.33314599853 321177.06697340315 443171.6946949303 440691.1363230126 102780.7655299811 366077.4714387153 423416.0910642375 106211.10450043096 232360.54272904253 -9999.0 -9999.0 -9999.0 -9999.0 -9999.0 -9999.0 -9999.0 -9999.0 -9999.0 -9999.0 -9999.0 -9999.0 -9999.0 -9999.0 -9999.0 -9999.0 -9999.0 -9999.0 -9999.0
6418.158596810713 10699.343492749365 7131.3652252663605 9983.9469742738 35272.406393883466 31941.0926678985 14266.53655970143 3567.7543758433803 0.0 0.0 6420.775471066241 12839.588475115143 27112.25421710095 336053.336107694 31394.89212279728 26799.050195241325 37979.533590062005 386055.5198547278 444972.9428978315 426032.1686677706 425922.8531929698 422019.79485908046 387131.4235890203 53494.58090268604 42789.75879334522 367462.8995285098 60613.512268373364 60639.39311716339 55622.64431271126 38973.68992104027 28511.37909184122 32069.297048272376 559154.4749727834 58336.890569102594 49726.702297527416 482026.5752837042 462852.1784166146 99023.71141248224 333890.02678739076 441133.97192399815 379270.1137034198 0.0 -9999.0 -9999.0 -9999.0 -9999.0 -9999.0 -9999.0 -9999.0 -9999.0 -9999.0 -9999.0 -9999.0 -9999.0 -9999.0 -9999.0 -9999.0 -9999.0 -9999.0 -9999.0 -9999.0
3561.879991591834 0.0 3557.36969785548 20640.854250084165 41970.9577269311 28446.227758414374 3558.5068473200095 3560.7641291336226 0.0 6404.17502255076 3557.369746000587 17091.102633763254 31331.572908609203 58385.080232846456 38386.72186032405 41833.034008962364 336818.13293177314 386490.4161974063 53392.16004024185 362600.3025240386 402037.2410625559 425211.2080409859 425109.67264489416 46252.72340427013 42714.11187448924 49736.99067411135 53296.46126273976 56911.869124591576 367267.1570406526 58047.42608466253 46272.97955633798 59053.38060988789 400429.33743302687 42609.128536182376 42584.74424341743 288688.3265329166 320006.2746350368 468141.052849438 554289.1518666083 55388.748971790315 139002.82716600108 -9999.0 -9999.0 -9999.0 -9999.0 -9999.0 -9999.0 -9999.0 -9999.0 -9999.0 -9999.0 -9999.0 -9999.0 -9999.0 -9999.0 -9999.0 -9999.0 -9999.0 -9999.0 -9999.0 -9999.0
3556.223878134418 3552.736322085553 10661.10276145463 53240.38051314865 420175.49689716834 10647.14106761674 113712.97309021336 3550.3730005087937 21337.34356889985 63676.69865077265 16345.35551730393 26291.66051973665 44043.22255590212 478470.2781634123 37609.896260434616 304895.2859931862 385868.25500847935 462931.3194387758 401199.97813289054 56144.282546901064 362696.95337530307 366644.0894461985 404742.52151377953 60351.08361162701 42631.56770046307 39088.20455508504 46195.94637868739 42570.97257625983 423852.5097386837 424193.5481509316 58885.630418472785 60355.49602929894 299128.2531543438 38998.28950334004 41910.24159211238 48773.674289658746 48728.36822598656 461967.9750895227 48624.30745136914 284887.21995564393 -9999.0 -9999.0 -9999.0 -9999.0 -9999.0 -9999.0 -9999.0 -9999.0 -9999.0 -9999.0 -9999.0 -9999.0 -9999.0 -9999.0 -9999.0 -9999.0 -9999.0 -9999.0 -9999.0 -9999.0 -9999.0
42529.79826919447 6378.580769391982 7089.0668722888595 53140.803195711786 60254.56208609019 53157.09437211971 10630.558133616216 120564.55481539699 127661.72313181144 26942.03237768218 36144.81799517773 285617.6394590215 366342.195890466 408279.36732402636 304666.0833008884 462081.740749858 442840.03121871216 480941.885041267 458207.8359503447 507878.1387573683 473612.83178961225 500486.19515801733 538905.7903559016 404268.57113496773 42551.45641932214 42540.547679588024 46007.03969504648 383900.5951766093 461494.73976983293 442336.8139517088 55880.688630814046 60119.675740115286 46067.7903642302 49571.97791880084 318974.2398658398 59498.889901971714 44209.7911342369 280235.39155429864 46597.87114749792 -9999.0 -9999.0 -9999.0 -9999.0 -9999.0 -9999.0 -9999.0 -9999.0 -9999.0 -9999.0 -9999.0 -9999.0 -9999.0 -9999.0 -9999.0 -9999.0 -9999.0 -9999.0 -9999.0 -9999.0 -9999.0 -9999.0
403478.0133709943 53049.60297109721 116766.16983805104 38914.6036411499 42431.895649495214 51647.47765735995 122441.26371649432 51651.10657291754 331910.42524211045 626423.0626615102 334106.65850428725 319443.23388338106 414556.9420491869 49543.54091160807 449600.56563281605 410754.4759483522 441861.3343440752 480339.00849729066 499521.32007291494 122833.77844456799 113243.41161749768 120314.56730915443 113229.56185032851 422670.9254260208 45986.62052830111 45999.26444044409 60157.88143786712 365001.65866211086 499146.0364825587 479687.291899994 345029.58862144855 421754.81918693247 43032.87590518759 40268.5979838687 38161.095731792455 54152.18015187885 358639.56821998634 52898.45288382417 44939.98035538048 -9999.0 -9999.0 -9999.0 -9999.0 -9999.0 -9999.0 -9999.0 -9999.0 -9999.0 -9999.0 -9999.0 -9999.0 -9999.0 -9999.0 -9999.0 -9999.0 -9999.0 -9999.0 -9999.0 -9999.0 -9999.0 -9999.0
383391.06306802493 49417.36796270259 347700.9493269419 69167.21226719722 364011.0159693763 433142.74046222336 490749.1984435519 479115.0538835604 521519.58542194363 463883.5499679876 444767.4071573662 398740.5656284606 391167.5610759522 286454.3419613696 435846.3389974836 437138.4208051906 494186.5073789972 517126.78204066254 479262.40772206296 102268.0823358119 102363.63284179622 109451.30027218995 102324.03420411382 98702.06030668775 49438.582450791815 49422.892130888205 440776.65273260884 382910.69752067473 420283.55598852533 421735.628454533 418326.2134665353 331115.2560823986 49901.62338056452 43657.49517674557 55600.30649743602 59848.82947458123 338440.1159254359 34285.806564626495 6366.697418095001 -9999.0 -9999.0 -9999.0 -9999.0 -9999.0 -9999.0 -9999.0 -9999.0 -9999.0 -9999.0 -9999.0 -9999.0 -9999.0 -9999.0 -9999.0 -9999.0 -9999.0 -9999.0 -9999.0 -9999.0 -9999.0 -9999.0
54878.25012596782 363059.4703959644 378609.2518089292 458596.16390901344 401665.1247998609 436218.70572711003 432175.91144731705 470279.751810831 470563.8597578998 462918.5668998376 482119.22792634455 359206.70309777756 374944.2337748648 451366.34748975886 459001.6631359602 535596.7479717411 109123.06631824242 534642.6997720919 497218.62898353813 516478.06915357616 105674.41104381575 105707.4320308624 109213.652581767 105665.81422632498 52852.39874806559 401598.6432785884 102175.62147551421 554714.1863170294 458684.37272622716 401602.00592976797 316745.1111294991 343627.4645656086 438583.6784875701 415854.2297093905 409424.16271550517 48813.48243272463 341024.83870351413 29418.66338660992 -9999.0 -9999.0 -9999.0 -9999.0 -9999.0 -9999.0 -9999.0 -9999.0 -9999.0 -9999.0 -9999.0 -9999.0 -9999.0 -9999.0 -9999.0 -9999.0 -9999.0 -9999.0 -9999.0 -9999.0 -9999.0 -9999.0 -9999.0
44970.632657653805 342949.42957952985 450262.4112154521 107174.11692855958 438650.04574931186 454163.04268244084 477078.0343916507 476746.3565513845 358899.5017752756 396875.15134322806 431325.86096569046 438700.94036419445 427427.565744613 496178.8276745651 473056.03879344644 515079.2669956334 512933.02857471426 437322.70827290666 101921.20200365974 105389.88391712363 101502.31042123633 457620.4745764647 515285.2549844029 91397.46631974673 343327.1957419686 98420.21341504325 108964.09597277272 476038.501859347 476762.19823512604 419651.3013616019 419095.47880630236 438614.0143461874 400383.3784730895 342474.3756646713 38509.73620794214 57195.785200727514 59544.08229889787 37850.60143638904 4741.745377325025 -9999.0 -9999.0 -9999.0 -9999.0 -9999.0 -9999.0 -9999.0 -9999.0 -9999.0 -9999.0 -9999.0 -9999.0 -9999.0 -9999.0 -9999.0 -9999.0 -9999.0 -9999.0 -9999.0 -9999.0 -9999.0 -9999.0
38527.034198014786 58885.407793638326 441673.20065381395 97184.94397205146 455188.01860525063 456283.9843533255 437071.8704931937 395717.7049640153 380711.4534843106 376904.2095890473 376831.801792126 432929.54465841915 494940.17349173484 532985.9848795007 513409.4352241823 108590.45025525927 493527.2124266602 551122.0277938851 105083.73103606583 442207.3282289391 328349.51521601126 97695.05012810338 494981.3451039951 94599.34779810798 87668.34382054207 437815.7524042721 456263.3241245922 475292.18891507434 532776.189223651 493376.76349870855 399425.6384469228 437001.3056121896 418418.1721213106 59413.988901994715 37786.417612020945 57417.719200351705 58084.80271458755 44808.35217616166 7471.865083147347 -9999.0 -9999.0 -9999.0 -9999.0 -9999.0 -9999.0 -9999.0 -9999.0 -9999.0 -9999.0 -9999.0 -9999.0 -9999.0 -9999.0 -9999.0 -9999.0 -9999.0 -9999.0 -9999.0 -9999.0 -9999.0 -9999.0
284058.8128560603 357052.56160426437 394540.50267727475 398987.18064917816 300567.70855290303 432830.429598687 507810.5456067704 455419.2699551882 493700.0543065994 493751.2727438698 432769.34017743106 512731.6880722354 512429.64689603756 511734.0639847568 588391.4582899887 473960.9897300727 453448.3342930159 565862.9521434713 502109.5246052429 103510.29405355809 563123.5204907842 455581.4883394306 455044.9049858043 474741.6724633783 455710.260575522 455651.60819100955 360770.67229385144 455455.49551753415 493483.6050147798 493270.77205649705 379687.4838127395 493030.28258095664 455734.9973981095 378893.9247867585 356644.67164833203 55279.13564155025 296550.07845303376 51716.257108658116 949.9282102327904 -9999.0 -9999.0 -9999.0 -9999.0 -9999.0 -9999.0 -9999.0 -9999.0 -9999.0 -9999.0 -9999.0 -9999.0 -9999.0 -9999.0 -9999.0 -9999.0 -9999.0 -9999.0 -9999.0 -9999.0 -9999.0 -9999.0
44646.77525922214 40875.16724403871 37699.764185546635 30689.97036605577 340982.09152052156 473426.0717163174 454357.50844484614 454285.3707024569 454663.8938388327 511506.6497344831 473540.9533122944 473378.1758135266 530177.2786126116 511309.88465772796 492501.62566344265 453091.65586389054 546904.9582629496 492101.2238723954 472450.6198813415 530041.8243848747 605494.176044096 530287.2975665345 511448.5551658787 473425.5422466524 454543.5413419281 435617.79143877584 397601.2474949105 454313.49162894016 463557.8485658506 492494.1182332779 55777.256030291595 472615.0794675467 435031.80307132786 416291.40946538077 454366.62276098615 359389.46176990063 43767.23605883843 245980.48128901713 -9999.0 -9999.0 -9999.0 -9999.0 -9999.0 -9999.0 -9999.0 -9999.0 -9999.0 -9999.0 -9999.0 -9999.0 -9999.0 -9999.0 -9999.0 -9999.0 -9999.0 -9999.0 -9999.0 -9999.0 -9999.0 -9999.0 -9999.0
50404.86373769539 43486.8468339156 27138.796434358275 31309.579334334485 100901.65417252538 491198.82718771155 453345.888194074 434470.2701163797 472235.1251139928 434262.6761687564 547685.4063034069 510043.7594409619 547793.1970735173 623291.7906395637 547886.5766250284 528507.9078610404 490766.89983524906 490449.6963521992 453217.11424037215 584386.2751397248 604497.6860621347 529050.6875211946 93743.51868743823 472142.33522852033 86996.76599164416 453347.54273808456 488952.3948959797 471978.7463775464 433863.8804106899 472285.9513335748 396030.32907127775 433878.59607010876 433362.5378156899 434255.6503336752 452879.79256729054 58978.48763867346 50545.58610155683 27099.635936874554 -9999.0 -9999.0 -9999.0 -9999.0 -9999.0 -9999.0 -9999.0 -9999.0 -9999.0 -9999.0 -9999.0 -9999.0 -9999.0 -9999.0 -9999.0 -9999.0 -9999.0 -9999.0 -9999.0 -9999.0 -9999.0 -9999.0 -9999.0
11144.83805226219 57348.79061251834 373061.0941674404 328239.67552099377 58993.79738012571 486156.6202611246 542524.5032137815 508580.10224517045 508632.27853726887 433149.3212283337 470459.1128430351 489850.2346752654 469395.61601583986 527202.0849004011 486761.281113285 545867.1025920733 564770.7076132449 564194.3044304649 563490.8753382877 107483.04825563489 111020.02676447446 508474.3957649837 414109.3267050356 414438.07179863116 451966.99807356193 489779.741736817 93557.23452795765 470889.5550035981 358072.5926887774 395640.8781628777 376398.7321467464 413207.768070997 392921.9963616824 450617.4267664515 395461.42080427875 431859.8125561606 46950.712376031384 21794.603128934155 -9999.0 -9999.0 -9999.0 -9999.0 -9999.0 -9999.0 -9999.0 -9999.0 -9999.0 -9999.0 -9999.0 -9999.0 -9999.0 -9999.0 -9999.0 -9999.0 -9999.0 -9999.0 -9999.0 -9999.0 -9999.0 -9999.0 -9999.0
