Model Version1.4/trunk/input/1999/nh3_spread_fe_crops.asc
ncols 720
nrows 360
xllcorner -180.0
yllcorner -90.0
cellsize 0.5
NODATA_value -9999.0
[rows 112 to 139 of 360, columns 567 to 629 of 720]
65844.00954128841 221230.8693517684 1104923.8003193268 1580417.151608391 1385071.9375060678 1201409.8367652462 49117.6012623626 497508.7763290182 44384.820951316644 12273.221449464138 72286.99571678467 214413.3618468061 677089.3576618516 425599.9067641357 592251.0844348458 415447.21704868274 328469.5275003431 379210.2369856071 1319599.7381996699 3974153.6369035887 4117517.394042068 2340563.319999094 2214851.8723791344 3339702.1248037945 2613951.2077120366 2220854.8776222076 2623118.494420411 2873218.7854519454 2647766.496234113 4626892.931562571 7115996.316489112 7390004.064613694 4971833.056657582 3456191.704395905 24553.752249538542 -9999.0 -9999.0 -9999.0 -9999.0 -9999.0 -9999.0 -9999.0 -9999.0 -9999.0 -9999.0 -9999.0 394152.62125817576 -9999.0 -9999.0 -9999.0 -9999.0 -9999.0 153565.4546179743 212800.18869909708 458875.7295635496 434255.44873697025 194330.92735371963 66103.86292594144 191427.42449725448 235793.82655354534 155294.0167341817 0.0 142115.34442693528
66151.99832326417 215452.95223169873 986607.3955641756 691858.9569206218 309805.1283321118 186006.9602073182 1127198.4496304104 1632810.6831809126 828987.9073234302 50659.543516669495 38017.535337557994 195135.33130025017 326178.5612397245 614619.0823690762 275263.80284631636 618463.1064787416 1323170.9087325179 2065423.0858228498 2855892.3675439064 2297640.368483531 2785086.2476360304 2627115.5974980653 3100780.35391376 3899828.048735724 2886571.3563707685 3145734.635705928 2697611.07005022 2613550.5565082426 4148756.549475962 3044106.431540147 2924876.5122565385 5075947.444187778 4338910.889899272 4068292.253202248 1718693.764305453 -9999.0 -9999.0 -9999.0 -9999.0 -9999.0 -9999.0 -9999.0 -9999.0 -9999.0 -9999.0 1119677.683831146 962379.7665562211 -9999.0 -9999.0 -9999.0 -9999.0 44069.70581485058 266805.16462153295 603419.7477152959 346673.5967162217 33567.52636747799 304142.62012013147 0.0 47254.64626818892 95532.57374980542 28618.711322249852 0.0 -9999.0
113363.08261219953 5334.001305748441 306152.56782812823 312954.41063023295 489089.8877799302 351776.807060802 348571.55753846036 524692.0954528338 461359.0584418716 541309.7366063249 1185150.9413888236 1042191.0573287226 348075.45753383334 307533.6976828957 895743.2429156743 1415495.4941704269 2404592.3326785825 4084929.827642546 4042146.060433067 2690939.278069141 2030346.1263176056 2273140.10781859 3250803.6011314928 3506231.170822191 3872854.8375157067 4719662.979319028 4817406.966403379 4538123.294463441 4502038.6572181275 3271909.899874116 3867013.2266547293 3361677.933963037 5856126.148844509 4988130.967634918 3556496.648388551 0.0 -9999.0 -9999.0 -9999.0 -9999.0 -9999.0 -9999.0 -9999.0 -9999.0 -9999.0 -9999.0 -9999.0 -9999.0 -9999.0 -9999.0 48148.75814814159 0.0 92314.8271656107 407508.44773628644 780866.1080947566 63770.98592233849 101927.20345144872 -9999.0 148789.2223913223 -9999.0 -9999.0 -9999.0 -9999.0
364893.5058187125 115460.91344946169 522600.4622691531 1053430.2922709754 1852509.404088835 703260.8409236168 789525.9285164324 205878.2899835029 67635.37938536603 213286.8569921867 120979.51721229739 114032.46332560698 902324.0650673092 431434.8998588603 324826.3764519392 427173.28897498286 2347836.1213480886 3678614.786444105 2819044.6024331893 2469173.703277853 3504225.353468742 4701685.528415252 4877594.106757385 5369819.025923984 5496813.669505744 5100871.985203283 5751315.364379435 4447722.097644229 4061688.8735389467 3104061.920661803 3839489.8528702767 4100514.3194008777 4653575.136553521 5171178.427028167 3973300.3159879385 4046755.4521881053 435401.15742191987 -9999.0 -9999.0 -9999.0 -9999.0 -9999.0 -9999.0 -9999.0 -9999.0 -9999.0 -9999.0 -9999.0 -9999.0 -9999.0 -9999.0 -9999.0 -9999.0 253099.92889968958 98988.9140656717 218276.91137110506 240773.0147036702 -9999.0 -9999.0 -9999.0 -9999.0 -9999.0 -9999.0
62902.5530735474 841747.2473104923 2002555.9297458553 2626740.404104425 2618001.618501921 1677546.0769341039 2222466.595905044 104108.1829444393 701632.9291580693 339854.90212814754 84640.56270048193 55039.489365032205 171468.75937418657 18449.37565407002 32646.155826481496 206883.49262242124 1113656.3637416107 2971331.3735631616 1391140.6849294528 1850971.9295765408 2952992.6721922024 2456592.33055578 2765001.068092073 2664658.5495354473 1724315.504787789 3226468.476190553 4680361.893163008 3706982.68510016 2070207.2853208652 4093341.257531315 4401847.392002462 4279587.441928424 4271499.5897245165 4785922.84171578 4084940.6188367982 3761220.6169093107 2988491.9296477935 -9999.0 -9999.0 -9999.0 -9999.0 -9999.0 -9999.0 -9999.0 -9999.0 -9999.0 -9999.0 -9999.0 -9999.0 -9999.0 -9999.0 -9999.0 -9999.0 415150.26247742254 141886.15313108885 812142.7657832946 -9999.0 -9999.0 -9999.0 -9999.0 -9999.0 -9999.0 -9999.0
764865.3081673803 4482809.200518614 2493175.771251821 2143075.561269776 1805897.2441031518 3460663.781483602 2985042.026174217 2696540.1279116636 1653364.1591857036 1290449.26860305 1627292.674604902 644881.4983539478 712772.5394847587 731256.4503611673 481333.27115399676 250606.86251981312 251014.93244637625 2503641.8164744135 1999322.4189309396 3394876.013540913 5336667.369542611 3355216.1108655003 3933316.0651792134 1596944.460527501 729545.9660429304 462939.07454908604 2288784.8223119513 4387298.839083007 4938363.178256137 4581582.569414641 3463862.647959448 3643297.414194614 3275197.568456742 1180703.1766862047 3355356.2419733484 4497059.514410408 1477761.6424865567 -9999.0 -9999.0 -9999.0 -9999.0 -9999.0 -9999.0 -9999.0 -9999.0 -9999.0 -9999.0 -9999.0 -9999.0 -9999.0 -9999.0 -9999.0 -9999.0 359246.0586320655 463853.9530137203 96121.79702459561 -9999.0 -9999.0 -9999.0 -9999.0 -9999.0 -9999.0 -9999.0
5308890.938648104 5698862.346917461 4544614.2278398415 3884739.448596673 5603349.114901413 2879504.4747794573 2747325.729857443 2321569.4020789675 2130968.984575211 475708.82547267876 1334277.1788883726 561169.022491035 1509964.5835909077 686590.96574996 754220.1830991305 442715.1947942402 2522237.91838974 3074330.203792528 3746254.0546706947 4405651.269949705 4726604.721028714 3454984.865441241 3863716.337606002 4519685.40120823 2360576.7377453744 706812.2916694859 4357598.76558834 3217703.982818329 2576863.883428304 1990459.4044998316 2901410.587541543 875661.9443850117 3395780.2146158507 4279775.446355006 5259446.834224708 3639254.5047550355 1391654.9729221158 -9999.0 -9999.0 -9999.0 -9999.0 -9999.0 -9999.0 -9999.0 -9999.0 -9999.0 -9999.0 -9999.0 -9999.0 -9999.0 -9999.0 -9999.0 -9999.0 -9999.0 9960.213567947148 0.0 -9999.0 -9999.0 -9999.0 -9999.0 -9999.0 -9999.0 -9999.0
5875703.613485973 5997799.361709769 5485599.676080756 4570320.948218764 4897845.397755946 4904524.840701406 3573914.1428469336 4379590.61527085 1210372.4625042358 845699.2885195352 1224458.7084149788 1238572.5588260426 1271409.0421575394 302262.14067497913 238412.80365834836 712566.2532613799 3179453.701814748 3039729.3509224947 4248795.956680198 4729053.494409141 4488306.627474624 2367584.480930499 2772572.3793152166 3515332.9185177083 3700872.3010141375 2917145.536259777 2932867.392685618 1077667.4701928422 283860.8154008579 412632.89079573576 315641.38572068675 630425.1327646909 1451019.1977121232 3103036.2482624874 2465240.7600862486 1902902.2805013778 320996.6117710449 449306.81191798835 -9999.0 -9999.0 -9999.0 -9999.0 -9999.0 -9999.0 -9999.0 -9999.0 -9999.0 -9999.0 -9999.0 -9999.0 -9999.0 -9999.0 -9999.0 0.0 133551.14832419393 -9999.0 -9999.0 -9999.0 -9999.0 -9999.0 -9999.0 -9999.0 -9999.0
4573693.237084221 4543945.619309137 4811585.274609735 4724723.231226379 4390430.393048646 3368574.5388245713 3441973.7212308706 1144897.115540011 1333380.2980025043 880263.5542460382 1168986.8232402375 1482111.779389571 312879.79608360934 228928.811477988 573636.971048263 1433968.1717959517 2909115.1804109374 4406932.286240158 3746123.989689401 2681654.9509719866 1692580.397012528 1583599.8419561936 1675750.3328001231 1377364.4721054381 2662705.357135755 1851167.554678982 1182178.559059456 248176.27870001955 346039.32985691965 1057164.3929550718 511128.3785144203 623477.8281547024 804186.86872463 1976404.9641950459 2046876.8190668698 1525262.0518440073 1014455.617673095 174100.44981186284 -9999.0 -9999.0 -9999.0 -9999.0 -9999.0 -9999.0 -9999.0 -9999.0 -9999.0 -9999.0 -9999.0 -9999.0 -9999.0 -9999.0 -9999.0 -9999.0 -9999.0 -9999.0 -9999.0 -9999.0 -9999.0 -9999.0 -9999.0 -9999.0 -9999.0
2739315.808675454 4128959.2755180565 5347043.447718583 5340712.53201891 3457905.164451324 2530267.40124411 3221751.278282887 808499.1118617115 798291.009546116 781149.4287701077 707187.6650600077 754381.1741054968 722037.3936239529 716417.5812793986 824899.4790197889 2151326.7706351196 3756406.7977954885 4672002.848466818 2592223.122479485 2391406.4095464046 1308908.7693691857 691769.8666774271 563781.6677112248 358974.2778841665 2209094.284853663 1117932.3672101516 2573505.5579288364 1529424.5677768819 628600.7075804381 424130.15341732884 816954.7701350565 2827857.0999773354 2526849.875354339 1963681.1778012763 1180675.8562045034 652569.0502917987 563660.4932483884 -9999.0 -9999.0 -9999.0 -9999.0 -9999.0 -9999.0 -9999.0 -9999.0 -9999.0 -9999.0 -9999.0 -9999.0 -9999.0 -9999.0 -9999.0 -9999.0 -9999.0 -9999.0 -9999.0 -9999.0 -9999.0 -9999.0 -9999.0 -9999.0 -9999.0 -9999.0
597591.2238195841 2787460.4672480114 3406830.174478834 4064966.5717755426 3125983.5810932596 1096535.9217252003 1999175.6515170506 1248099.58466532 1279322.249137247 1123671.0115163426 1239962.145654211 1000662.6525608748 917074.9366351807 120553.07473888824 252591.0689837181 1197586.5823064751 3042179.7919889847 2657498.9797467883 3637600.2433287282 1803428.7185320384 1647794.3036489517 297282.57040543936 524974.1466074286 1500262.0176863188 2727126.2561103017 3152870.362806468 3633579.5607876107 2091403.0940150176 637325.8645998383 1580214.6832057023 1478904.2788254612 647315.8144445224 906562.7602169357 1212453.9828340455 630588.7768419301 2074877.113206428 474044.86720661377 -9999.0 -9999.0 -9999.0 -9999.0 -9999.0 -9999.0 -9999.0 -9999.0 -9999.0 -9999.0 -9999.0 -9999.0 -9999.0 -9999.0 -9999.0 -9999.0 -9999.0 -9999.0 -9999.0 -9999.0 -9999.0 -9999.0 -9999.0 -9999.0 -9999.0 -9999.0
473592.15900381905 1789648.1575740962 422887.907437831 1411472.0862487308 613786.6113063934 1287753.2500906985 1192251.8472062335 981783.5017991828 1269461.788360996 1729439.9710434233 1235092.1941279646 1605609.3250215785 806293.124007998 617853.6965342914 934465.792002657 390089.82203358103 1305059.5898965069 2107672.7947734436 2690022.227756683 2118980.4117772863 537643.6398367317 693245.342073445 962649.3516166441 3353741.413606616 4637201.318145564 3254227.420974983 2884404.536110512 2314655.17751459 1437962.551482344 1200774.8126892964 301979.5238348833 226814.88068691417 780861.5263602748 518532.9159251828 835665.4871092697 1431585.638461631 0.0 -9999.0 -9999.0 -9999.0 -9999.0 -9999.0 -9999.0 -9999.0 -9999.0 -9999.0 -9999.0 -9999.0 -9999.0 -9999.0 -9999.0 0.0 96521.74100482062 -9999.0 -9999.0 -9999.0 -9999.0 -9999.0 -9999.0 -9999.0 -9999.0 -9999.0 -9999.0
1233188.275943565 449457.39457810426 1919983.4786030184 1541752.4540741006 1661780.306255097 1567382.8751819103 1424983.0248089987 1040657.1735701023 805588.923596879 1470149.2409597996 436163.7995178882 924527.8966347027 983612.2506568448 1263304.7976159458 1147268.2609705436 1496378.2442008338 1994400.317008455 2424686.742263266 2831711.413548537 1724670.0947590077 930636.8719396383 1160823.8836907726 1189157.701481688 2514065.644913817 1269927.0040194069 1820528.6102305509 1397348.8836812777 170101.5681384123 315737.87529050966 458984.4063980697 411651.87532789394 31979.405189270816 412434.6751642123 1221834.099752621 1015448.949764387 -9999.0 -9999.0 -9999.0 -9999.0 -9999.0 -9999.0 -9999.0 -9999.0 -9999.0 -9999.0 -9999.0 -9999.0 -9999.0 -9999.0 -9999.0 0.0 -9999.0 -9999.0 -9999.0 -9999.0 -9999.0 -9999.0 -9999.0 -9999.0 -9999.0 -9999.0 -9999.0 -9999.0
2085553.4773903175 1575751.8409072433 1933406.75039291 2494710.396678123 1779530.563418671 1165476.085706738 1135800.1857223122 1027317.7750605792 648040.5004843632 395128.6619153913 658665.6067197067 344341.2621198015 790298.0119061591 636419.5627314461 1984785.1552215547 2309154.310140758 2381445.1334590996 2209132.848668723 1920971.0846240523 1697464.3121189154 419961.11514329206 851372.6713203392 1940437.6746222177 1503987.9665675694 976685.4363847005 326638.1543173989 1374430.278080621 382662.18041606905 486870.2521190756 499623.04422080406 504853.2499754262 394897.59146182286 1138231.1843314157 1201923.7089663215 173190.75073214245 -9999.0 -9999.0 -9999.0 -9999.0 -9999.0 -9999.0 -9999.0 -9999.0 -9999.0 -9999.0 -9999.0 -9999.0 -9999.0 -9999.0 -9999.0 0.0 -9999.0 -9999.0 -9999.0 -9999.0 -9999.0 -9999.0 -9999.0 -9999.0 -9999.0 -9999.0 -9999.0 -9999.0
782008.8297452722 1155280.1483827804 955476.7692219875 1662287.8995296522 2049472.6604379474 1386804.806553952 1186429.2155068293 584367.7345235756 682463.6783413786 749459.7320280612 362225.62706155406 445492.5212830282 765890.0937104231 742633.446437055 1648214.9127227988 1826944.5936054972 2396243.9640508457 1670339.0486135958 2442005.143795129 1364856.6389862187 882862.5717465308 442439.8621032436 1648136.226971179 1211409.5208571889 212182.21030515042 917197.0583136976 205819.706452111 371792.6528362643 969265.2713173084 606526.274124803 526986.0753087435 653874.931198105 744965.2600365784 167133.36320223977 -9999.0 -9999.0 -9999.0 -9999.0 -9999.0 -9999.0 -9999.0 -9999.0 -9999.0 -9999.0 -9999.0 -9999.0 -9999.0 -9999.0 0.0 0.0 -9999.0 -9999.0 -9999.0 -9999.0 -9999.0 -9999.0 -9999.0 -9999.0 -9999.0 -9999.0 -9999.0 -9999.0 -9999.0
458073.7302361697 758896.6297140442 624104.5918066036 1193338.6007891386 1668308.850704716 1546066.2125365073 799712.6679698179 404894.2899723994 567441.5209914387 417714.62345097563 403142.72614152747 333803.2156490436 282561.78660856554 173032.8673524238 487113.5627632459 2182616.844302916 1626965.440622238 1031060.8086268359 1980723.7196521144 1421199.473014147 566064.1659604802 475895.85319317575 772260.3251702095 1378156.5454590856 1040878.5062809329 1646711.4193715272 711963.1111288934 489271.9351478893 903142.2712793524 502874.44642208715 1042146.2589062 1075919.3276456296 391705.9865640561 -9999.0 -9999.0 -9999.0 -9999.0 -9999.0 -9999.0 -9999.0 -9999.0 -9999.0 -9999.0 -9999.0 -9999.0 -9999.0 -9999.0 -9999.0 256049.15032251683 -9999.0 -9999.0 -9999.0 -9999.0 -9999.0 -9999.0 -9999.0 -9999.0 -9999.0 -9999.0 -9999.0 -9999.0 -9999.0 -9999.0
983392.6893947626 1099665.2755209245 1210994.073730992 2169530.0159196034 843134.851580604 1508021.4670427213 585112.1515769266 699971.3239783987 800483.3181391925 201379.5118247299 412402.89177833544 615553.8159107519 148899.2497689789 266027.1142558973 976055.9884418183 1119261.4933561163 1026422.8626447475 1563770.4324301323 684733.5795173212 472046.2034318948 271313.12276011735 696077.0399685975 1542413.8717001101 1333204.2250013289 1411819.3054622158 1156752.1838595301 1379924.6926420643 506486.38772583904 393162.61130286776 333960.12220913614 848451.5919148602 1965127.117569984 413489.19423771324 -9999.0 -9999.0 -9999.0 -9999.0 -9999.0 -9999.0 -9999.0 -9999.0 -9999.0 -9999.0 -9999.0 -9999.0 -9999.0 -9999.0 -9999.0 -9999.0 -9999.0 -9999.0 -9999.0 -9999.0 -9999.0 -9999.0 -9999.0 -9999.0 -9999.0 -9999.0 -9999.0 -9999.0 -9999.0 -9999.0
2529800.916320027 1390341.301192002 2022320.8320718226 1227957.295420311 1068359.0212095978 292140.2114013695 151547.74215152246 619472.1911181611 379890.7802182246 634683.6791437236 785944.4662160495 1535207.6701678948 415435.43865577906 2661085.6013407973 420683.5446317906 2011968.2553378013 2002613.6907536192 768568.5649435696 1049842.131902858 687111.463659372 253785.97364807504 892867.6144140877 2290125.7427924383 1246561.1653102387 1311094.003307159 821997.8535991618 682391.5806331086 299267.83031591336 828344.2285047821 2331688.7881944766 2042720.9825691206 522026.29589048197 196801.1839517389 -9999.0 -9999.0 0.0 0.0 -9999.0 -9999.0 -9999.0 -9999.0 -9999.0 -9999.0 -9999.0 -9999.0 -9999.0 -9999.0 -9999.0 -9999.0 -9999.0 -9999.0 -9999.0 -9999.0 -9999.0 -9999.0 -9999.0 -9999.0 -9999.0 -9999.0 -9999.0 -9999.0 -9999.0 -9999.0
2783302.038527483 1694464.0522229583 1110377.6948209049 882894.7903958377 135514.89702574766 244292.49388428728 256508.88930985154 291257.56661754707 322770.2550411161 1188147.0185247425 995311.4190530485 2587783.403880162 1133505.2530647968 915996.7367210265 2165790.6429933184 2118668.1563871154 1334508.1687364003 581085.2110324692 271378.7393924526 996543.0925917126 886679.266550242 487989.0421340304 1443927.2230730588 1322894.9912554258 1329179.6726980885 847826.475505725 855441.9078570018 773828.7211440601 1931371.656435267 2451622.111541894 1080829.9614367986 -9999.0 -9999.0 -9999.0 0.0 0.0 0.0 -9999.0 -9999.0 -9999.0 -9999.0 -9999.0 -9999.0 54941.32765660448 -9999.0 -9999.0 -9999.0 -9999.0 -9999.0 -9999.0 -9999.0 -9999.0 -9999.0 -9999.0 -9999.0 -9999.0 -9999.0 -9999.0 -9999.0 -9999.0 -9999.0 -9999.0 -9999.0
1317800.3281607742 1443409.3197071757 656976.7469894902 342601.600831285 9174.393378496075 293878.9534564676 836255.8342971879 1141714.706619984 425246.47933158034 1020604.117333267 1640157.0353336406 1895317.8608834723 2264028.147614905 1828289.2420473027 1327825.079089999 1561341.1223475859 1043045.6894625733 604610.2000961314 1318333.8080459798 726449.9755075455 1503006.0653426675 650415.8301099619 756562.8122325522 325402.8985984048 2126992.523106103 1206039.7361245253 852255.877201251 1712786.1397243475 2369732.1585907 98448.44234128625 -9999.0 -9999.0 -9999.0 0.0 0.0 0.0 0.0 -9999.0 -9999.0 -9999.0 0.0 5809.034767902013 -9999.0 -9999.0 -9999.0 -9999.0 -9999.0 -9999.0 -9999.0 -9999.0 -9999.0 -9999.0 -9999.0 -9999.0 -9999.0 -9999.0 -9999.0 -9999.0 -9999.0 -9999.0 -9999.0 -9999.0 -9999.0
1897980.9069130407 2854909.2126531694 1902663.468798875 1221419.7387394325 959125.7389436199 438216.478315855 1422331.592229029 1553065.8029928224 1684838.402318295 1024916.326850358 1841344.441902596 2524523.163967936 1973219.133735362 1277187.1671907774 1254501.3847816116 1133229.4779748977 1319807.2905534867 1747833.8747678236 1906128.2268954797 1884457.0318380606 1538959.4296782964 485457.8635613115 1289037.3813797492 972200.7157931938 1512361.3737762966 2325504.221644586 1883735.4434101249 1373036.1714855526 176154.36411399563 -9999.0 -9999.0 -9999.0 -9999.0 0.0 0.0 0.0 0.0 -9999.0 -9999.0 -9999.0 -9999.0 -9999.0 -9999.0 -9999.0 -9999.0 -9999.0 -9999.0 -9999.0 -9999.0 -9999.0 -9999.0 -9999.0 -9999.0 -9999.0 -9999.0 -9999.0 -9999.0 -9999.0 -9999.0 -9999.0 -9999.0 -9999.0 -9999.0
1124232.8262948624 2753023.024005768 1451153.340870237 598964.2960976915 1090821.8067541628 1726753.150132544 1794405.0409242385 1452205.8065593096 1207196.2694019151 1797639.6824799404 1476084.228432142 2345010.689797846 2569676.4186360245 1311305.2509295507 1262373.6035711735 1398655.3612492245 1106271.4563199498 1790034.5612541744 3100150.8417107016 2690994.1475943145 2591652.618504661 1592200.990504146 1481821.9170811023 697436.4322659028 1127507.2747021231 2265210.1564596076 327319.5551081605 4175.714107636008 -9999.0 -9999.0 -9999.0 -9999.0 -9999.0 0.0 0.0 0.0 -9999.0 -9999.0 -9999.0 -9999.0 -9999.0 -9999.0 -9999.0 -9999.0 -9999.0 -9999.0 -9999.0 -9999.0 -9999.0 -9999.0 -9999.0 -9999.0 -9999.0 -9999.0 -9999.0 -9999.0 -9999.0 -9999.0 -9999.0 -9999.0 -9999.0 -9999.0 -9999.0
755547.0733506893 788587.1336817952 298322.4566238682 0.0 15600.717839704448 509629.1988151545 971102.2782145835 2067281.73993308 2054422.119683886 1963658.6782193116 1570958.9514876278 2211642.2985623586 2677041.7372914073 2595917.246116589 1280789.2566231573 1207311.8538501195 1717522.2527888734 1780769.3678444738 1863710.9056539026 4184857.208486048 962789.2833014547 694246.555496313 270043.0053924319 759852.4426501964 686836.616465495 361942.0925958782 -9999.0 -9999.0 -9999.0 -9999.0 -9999.0 -9999.0 -9999.0 0.0 0.0 0.0 -9999.0 -9999.0 -9999.0 -9999.0 -9999.0 -9999.0 -9999.0 -9999.0 -9999.0 -9999.0 -9999.0 -9999.0 -9999.0 -9999.0 -9999.0 -9999.0 -9999.0 -9999.0 -9999.0 -9999.0 -9999.0 -9999.0 -9999.0 -9999.0 -9999.0 -9999.0 -9999.0
194185.18204200373 445543.0959675812 719797.6986648502 544526.6071917417 393620.0480256259 283241.72305233846 1155103.5359391994 2108694.051655275 1879890.2042567162 1486162.666696412 2038418.107844349 2490689.272124215 1795836.0312414623 2351674.68582816 1820667.374503842 1391503.0348081293 1399606.7938898723 1734058.3654771564 2595824.5203481335 2768711.9102801518 130367.11450076014 0.0 -9999.0 -9999.0 -9999.0 -9999.0 -9999.0 -9999.0 -9999.0 -9999.0 -9999.0 -9999.0 -9999.0 0.0 0.0 -9999.0 0.0 -9999.0 -9999.0 -9999.0 -9999.0 -9999.0 -9999.0 -9999.0 -9999.0 -9999.0 -9999.0 -9999.0 -9999.0 -9999.0 -9999.0 -9999.0 -9999.0 -9999.0 -9999.0 -9999.0 -9999.0 -9999.0 -9999.0 -9999.0 -9999.0 -9999.0 -9999.0
0.0 63333.64699686481 2176987.687238295 3648887.800368346 2183058.7697422537 1114048.8267484747 442144.30965759925 124020.13294096022 251645.4496294549 715095.7251410992 1141897.8578152051 2444053.3164135646 2337187.606742194 1173332.3790030407 2181155.8974322774 1678127.8453133365 1576534.3789620074 774380.8482929006 318577.3887933237 -9999.0 -9999.0 -9999.0 -9999.0 -9999.0 -9999.0 -9999.0 -9999.0 -9999.0 -9999.0 -9999.0 -9999.0 -9999.0 -9999.0 -9999.0 0.0 -9999.0 -9999.0 -9999.0 -9999.0 -9999.0 -9999.0 -9999.0 -9999.0 -9999.0 -9999.0 -9999.0 -9999.0 -9999.0 -9999.0 -9999.0 -9999.0 -9999.0 -9999.0 -9999.0 -9999.0 -9999.0 -9999.0 -9999.0 -9999.0 -9999.0 -9999.0 -9999.0 -9999.0
207576.9261115348 662443.4370995382 312342.9384420511 4569864.862614321 7282337.490595626 5930208.511708874 705372.0546808761 782641.3468704259 665091.7713694028 -9999.0 -9999.0 139909.3667487776 1306697.117386691 2196109.383270619 720853.7284120044 -9999.0 -9999.0 -9999.0 -9999.0 -9999.0 -9999.0 -9999.0 -9999.0 -9999.0 -9999.0 -9999.0 -9999.0 -9999.0 -9999.0 -9999.0 -9999.0 -9999.0 -9999.0 -9999.0 -9999.0 -9999.0 -9999.0 -9999.0 -9999.0 -9999.0 -9999.0 -9999.0 -9999.0 -9999.0 -9999.0 -9999.0 -9999.0 -9999.0 -9999.0 -9999.0 -9999.0 -9999.0 -9999.0 -9999.0 -9999.0 -9999.0 -9999.0 -9999.0 -9999.0 -9999.0 -9999.0 -9999.0 -9999.0
0.0 0.0 0.0 1537992.3965487315 6440656.523859415 9894726.91312939 4162161.6043525464 100075.25442952474 -9999.0 -9999.0 -9999.0 -9999.0 834508.4292148273 1261774.0751403223 -9999.0 -9999.0 -9999.0 -9999.0 -9999.0 -9999.0 -9999.0 -9999.0 -9999.0 -9999.0 -9999.0 -9999.0 -9999.0 -9999.0 -9999.0 -9999.0 -9999.0 -9999.0 -9999.0 -9999.0 -9999.0 -9999.0 -9999.0 -9999.0 -9999.0 -9999.0 -9999.0 -9999.0 -9999.0 -9999.0 -9999.0 -9999.0 -9999.0 -9999.0 -9999.0 -9999.0 -9999.0 -9999.0 -9999.0 -9999.0 -9999.0 -9999.0 -9999.0 -9999.0 -9999.0 -9999.0 -9999.0 -9999.0 -9999.0
0.0 0.0 0.0 786605.8700515147 4244168.613443541 7969018.230944537 456514.3473583369 -9999.0 -9999.0 -9999.0 -9999.0 -9999.0 58902.551097634474 882544.9808044218 91168.26566788406 -9999.0 -9999.0 -9999.0 -9999.0 -9999.0 -9999.0 -9999.0 -9999.0 -9999.0 -9999.0 -9999.0 -9999.0 -9999.0 -9999.0 -9999.0 -9999.0 -9999.0 -9999.0 -9999.0 -9999.0 -9999.0 -9999.0 -9999.0 -9999.0 -9999.0 -9999.0 -9999.0 -9999.0 -9999.0 -9999.0 -9999.0 -9999.0 -9999.0 -9999.0 -9999.0 -9999.0 -9999.0 -9999.0 -9999.0 -9999.0 -9999.0 -9999.0 -9999.0 -9999.0 -9999.0 -9999.0 -9999.0 -9999.0
