Model Version1.4/trunk/input/1999/nh3_spread_fe_crops.asc
ncols 720
nrows 360
xllcorner -180.0
yllcorner -90.0
cellsize 0.5
NODATA_value -9999.0
[rows 140 to 167 of 360, columns 315 to 377 of 720]
-9999.0 -9999.0 -9999.0 -9999.0 -9999.0 -9999.0 -9999.0 -9999.0 -9999.0 -9999.0 -9999.0 -9999.0 0.0 0.0 0.0 0.0 0.0 118.04398530612433 123.25369429282607 0.0 0.0 0.0 0.0 0.0 0.0 0.0 0.0 0.0 0.0 0.0 0.0 0.0 0.0 0.0 0.0 0.0 0.0 0.0 0.0 0.0 0.0 0.0 0.0 0.0 0.0 0.0 0.0 0.0 0.0 0.0 0.0 0.0 0.0 0.0 0.0 0.0 0.0 0.0 0.0 0.0 0.0 0.0 0.0
-9999.0 -9999.0 -9999.0 -9999.0 -9999.0 -9999.0 -9999.0 -9999.0 -9999.0 -9999.0 -9999.0 -9999.0 0.0 0.0 0.0 0.0 63.41170220432113 0.0 0.0 0.0 0.0 0.0 0.0 0.0 0.0 0.0 0.0 0.0 0.0 0.0 0.0 0.0 0.0 0.0 0.0 0.0 0.0 0.0 0.0 0.0 0.0 0.0 0.0 0.0 0.0 0.0 0.0 0.0 0.0 0.0 0.0 0.0 0.0 0.0 0.0 0.0 0.0 0.0 0.0 0.0 0.0 0.0 0.0
-9999.0 -9999.0 -9999.0 -9999.0 -9999.0 -9999.0 -9999.0 -9999.0 -9999.0 -9999.0 -9999.0 -9999.0 0.0 0.0 0.0 0.0 0.0 0.0 0.0 0.0 0.0 0.0 0.0 0.0 0.0 0.0 0.0 0.0 0.0 0.0 0.0 0.0 0.0 0.0 0.0 0.0 0.0 0.0 0.0 0.0 0.0 0.0 0.0 0.0 0.0 0.0 0.0 0.0 0.0 0.0 0.0 0.0 0.0 0.0 0.0 0.0 0.0 0.0 0.0 37.65101056424885 0.0 0.0 0.0
-9999.0 -9999.0 -9999.0 -9999.0 -9999.0 -9999.0 -9999.0 -9999.0 -9999.0 -9999.0 -9999.0 -9999.0 0.0 0.0 0.0 0.0 0.0 0.0 0.0 0.0 62.77178036393998 0.0 2.0838180545358815 0.0 0.0 0.0 0.0 0.0 0.0 0.0 0.0 0.0 0.0 0.0 0.0 0.0 0.0 0.0 0.0 0.0 0.0 0.0 0.0 0.0 0.0 0.0 0.0 0.0 0.0 0.0 0.0 0.0 0.0 0.0 0.0 0.0 0.0 0.0 0.0 0.0 11.319733973690973 0.0 0.0
-9999.0 -9999.0 -9999.0 -9999.0 -9999.0 -9999.0 -9999.0 -9999.0 -9999.0 -9999.0 -9999.0 -9999.0 0.0 0.0 0.0 0.0 0.0 0.0 0.0 35.7878232117666 153.60195077067252 45.098492326305475 0.0 0.0 0.0 0.0 0.0 0.0 0.0 0.0 0.0 0.0 0.0 0.0 0.0 0.0 0.0 0.0 0.0 0.0 0.0 0.0 0.0 0.0 0.0 0.0 0.0 0.0 0.0 0.0 0.0 0.0 0.0 0.0 0.0 0.0 0.0 0.0 0.0 0.0 140.13978175102855 0.0 0.0
-9999.0 -9999.0 -9999.0 -9999.0 -9999.0 -9999.0 -9999.0 -9999.0 -9999.0 -9999.0 -9999.0 -9999.0 0.0 0.0 0.0 0.0 0.0 0.0 0.0 0.0 0.0 0.0 101.91930559989355 142.45320516206766 0.0 0.0 0.0 0.0 0.0 0.0 0.0 3.537782265346235 0.0 0.0 0.0 0.0 0.0 0.0 0.0 0.0 0.0 0.0 0.0 0.0 0.0 0.0 0.0 0.0 0.0 0.0 0.0 0.0 0.0 0.0 0.0 0.0 0.0 0.0 22.807082633131785 0.0 68.40462247645394 11.404234560002596 0.0
-9999.0 -9999.0 -9999.0 -9999.0 -9999.0 -9999.0 -9999.0 -9999.0 -9999.0 -9999.0 -9999.0 -9999.0 16926.679106488376 20020.492668101757 12766.104427876697 6814.783540204866 4381.051477184382 0.0 0.0 0.0 0.0 715.7946646556071 0.0 87.15633068341948 479.7864455948252 0.0 0.0 0.0 0.0 0.0 0.0 0.0 0.0 0.0 0.0 0.0 0.0 1502.0335220332868 1811.5697071727375 1641.881844965419 1878.8173963198922 217.0987942214811 0.0 0.0 0.0 0.0 0.0 0.0 0.0 0.0 0.0 0.0 0.0 0.0 0.0 0.0 0.0 22.016337130205663 64.23264660010562 0.0 194.92523999137305 0.0 0.0
-9999.0 -9999.0 -9999.0 -9999.0 -9999.0 -9999.0 -9999.0 -9999.0 -9999.0 -9999.0 -9999.0 -9999.0 24092.276781882058 29957.135380936645 0.0 0.0 1103.3603865283246 3070.928674155459 2306.8541714468397 3724.4942489938985 0.0 820.40029730373 102.66919902374231 0.0 47.69247808246229 0.0 0.0 65.26314446380613 0.0 0.0 18.61049581960892 75.93033775566639 0.0 0.0 0.0 0.0 572.6170673213171 14775.981210860436 7882.447706167686 0.0 0.0 0.0 0.0 0.0 734.8308311266951 0.0 0.0 0.0 0.0 0.0 0.0 0.0 0.0 0.0 0.0 0.0 0.0 0.0 0.0 16.536359290114955 0.0 0.0 0.0
-9999.0 -9999.0 -9999.0 -9999.0 -9999.0 -9999.0 -9999.0 -9999.0 -9999.0 -9999.0 -9999.0 818.2771839736727 42031.1763379134 53784.040929821735 870.8600750964981 422.2515442146822 0.0 0.0 3826.3452315363925 2631.954621145309 0.0 0.0 0.0 0.0 0.0 334.51914682814095 0.0 52.91211158120178 0.0 0.0 0.0 0.0 0.0 0.0 0.0 0.0 3744.308190454844 0.0 1854.7048369712656 0.0 0.0 0.0 0.0 0.0 0.0 44.922909603365 0.0 0.0 0.0 0.0 0.0 0.0 0.0 0.0 0.0 0.0 0.0 0.0 0.0 141.08459255779601 0.0 0.0 0.0
-9999.0 -9999.0 -9999.0 -9999.0 -9999.0 -9999.0 -9999.0 -9999.0 -9999.0 -9999.0 0.0 41377.004203464 12658.408557898534 2445.5512761484015 3157.5200957906773 244.62329389567375 392.67540458120817 0.0 10899.419183934255 3678.2233891924598 0.0 3174.0743764536787 9911.06224039509 6906.808286316762 286.4089568521123 6576.889270581705 3719.5393003676127 13092.6749752536 13272.872657835866 12733.090151751323 9602.68364318502 4383.990918679653 0.0 0.0 2258.304296065476 0.0 0.0 0.0 0.0 0.0 0.0 0.0 0.0 56.247187359950914 34.43571440492711 0.0 0.0 0.0 69.8799450991703 40.64418994937807 0.0 0.0 0.0 0.0 0.0 0.0 0.0 0.0 0.0 5.607970652466226 0.0 0.0 0.0
-9999.0 -9999.0 -9999.0 -9999.0 -9999.0 -9999.0 -9999.0 -9999.0 -9999.0 -9999.0 29632.273237437108 81565.42534086826 56258.958260076855 5143.298535213922 7647.158525754829 11215.494923036209 1716.0377937124124 246.70360312423756 439.89942702703274 15813.38548571012 17771.541202138334 20366.325477549715 13095.821423424433 22542.369178365378 5770.133524088101 35557.59081613948 32613.033539530654 20585.834930589135 23898.518822185713 18161.585450571336 7516.837069774181 14234.533799602275 4537.118090571446 0.0 9980.77023939911 61.16854386826425 16069.281185079066 12302.773789877732 6746.9738971074585 4628.391481756061 0.0 0.0 0.0 62.7065481716072 431.0202333089464 18.122488488989507 847.8890221442579 265.9313873012735 32.979054906165416 1832.6390203070816 17.97243249775338 0.0 0.0 20.75992591744331 56.90363895400007 382.89565291109403 896.0560794625769 18.56002500802001 0.0 253.40695422047958 822.5129974798366 1644.3915861854662 988.4294853988607
-9999.0 -9999.0 -9999.0 -9999.0 -9999.0 -9999.0 -9999.0 -9999.0 -9999.0 -9999.0 -9999.0 82199.89837577856 48313.68490218016 45217.3793000577 48945.661062018895 82018.04126092303 43940.99743824425 1264.7618099671733 29615.743706362533 39355.47900501058 24277.182423519607 12325.378243123763 21088.39082586224 5412.0713425366 2916.3779838020328 23426.345221130356 26445.673403396595 13025.103196114631 4703.364278274925 5397.142861305047 12391.635012340279 6259.295162648175 9125.481424499974 3104.156469248402 921.1243119206637 6211.441854249484 17424.080260733397 17716.034673208153 11471.481546963167 75.69595421273654 0.0 0.0 3.2508416769007966 0.0 0.0 134.35878261193494 0.0 1797.1118746385723 723.122145353311 2379.77321372102 926.1894441826643 0.0 913.7646898743787 944.7219540918289 2358.4205545086065 452.505753728102 6692.674773781146 1916.562698700819 1442.4584113717628 0.0 1973.2523091446806 1532.7195376890102 6352.543672252262
-9999.0 -9999.0 -9999.0 -9999.0 -9999.0 -9999.0 -9999.0 -9999.0 -9999.0 -9999.0 -9999.0 3557.6554390277943 182580.71656848578 84924.19212587767 107989.82392269777 94272.0952142592 49622.583306379245 52784.28780731642 25216.916366397323 26054.853890186216 9124.845073958733 0.0 842.7250194490333 5784.727303176205 992.2122993239383 668.8995627214894 1855.9477047052587 4499.070267516613 28845.63387216574 64711.35048068963 41378.1190807938 1658.8092041025207 29568.028555156867 15664.324736936911 3336.5838718567643 12020.66045553543 27302.61544582176 9264.729354680743 31559.750336969108 62.42749395946781 118.19015211209002 0.0 0.0 0.0 17.540879729340645 0.0 426.72161946184724 1033.928725600759 1401.1689333334948 1810.0718384284407 1209.6123021487763 2710.810361900772 3574.300511450037 1374.4286032904793 964.8551817244237 10710.771316987692 10233.036382633078 3005.0345948656295 4027.577665003202 4566.827169663719 4065.61681441241 3917.777618837189 154.70845879499117
-9999.0 -9999.0 -9999.0 -9999.0 -9999.0 -9999.0 -9999.0 -9999.0 -9999.0 -9999.0 -9999.0 63950.41216092631 68390.49447107912 48315.36836352954 25656.4989055589 67349.73243118124 79350.90030689402 34573.68381372363 8622.73140267249 1866.6674362554047 1829.8885898475785 1039.3582474051104 909.4569786283713 1035.5348724274356 714.8997251064534 12152.137205317307 15264.104509214276 4837.811333731592 25546.174690375425 29779.59546921088 25939.44194701986 81289.3505303861 61639.797983826415 10811.3733475757 53079.346794832236 64069.37260017162 26886.481875236826 44613.99353284035 58618.750744065575 5397.984986445459 3813.051350187454 2650.26213938889 12830.156656102432 222.32335264321665 811.7485846431733 303.92306745238335 8816.625573086698 4434.735755534786 3398.178885157909 4504.679398488533 3468.3833381203394 7419.278991236347 7197.251736455552 28741.723923793073 17724.725791414014 29489.417198450785 22990.866093659708 25677.27343801678 8943.013909938361 12595.842876920666 32398.158526889227 7925.824657330955 4132.420200751242
-9999.0 -9999.0 -9999.0 -9999.0 -9999.0 -9999.0 -9999.0 -9999.0 -9999.0 -9999.0 -9999.0 8355.361067859678 31095.295829343966 62882.92237985446 47292.87054837712 46274.75910901862 31404.55155898435 18261.219066821915 12097.034263498483 436.82335191940075 2563.450844410214 1047.6652426563096 320.8944795940238 0.0 953.546808042246 10006.458624594708 7950.728675590967 7497.32987030764 15873.065785891687 19250.81814570761 27602.240658847822 59390.86601938198 46734.298285559424 94290.6908501492 79666.01820341132 67569.24457541748 40399.602621974496 30452.0497938568 49315.94847177837 14270.587265061713 26237.653813637582 12567.600475214595 29030.469003257957 7622.189161777082 16671.14366467397 8933.407146150745 3118.930819747477 23454.034262864057 8287.817851311216 12959.684164841075 8947.778127066917 9305.318987711114 11952.30247325219 51743.037137028005 59274.076720297184 100049.23409454414 117461.24286220486 100306.54099571159 96933.23560315954 92764.79860942518 87719.40988809573 84631.237715178 30966.281005983794
-9999.0 -9999.0 -9999.0 -9999.0 -9999.0 -9999.0 -9999.0 -9999.0 -9999.0 -9999.0 -9999.0 9619.332435845288 1839.4641075045695 4975.8673048342225 5741.387957778598 3992.2415657702136 2733.7289265072422 1573.9210998881915 908.0447595487437 1213.7700209890356 677.8091558751044 277.6349728060207 98.39825278938784 0.0 2026.7087509929768 2325.66333455892 1238.9848789596879 7996.373281120011 28560.26643248293 47942.57065560682 28725.200358120735 48857.90273100213 38388.54885725303 45037.72930088469 47201.44296647323 46205.229907828834 50358.13191780217 43950.14148790156 47809.43041457573 56504.326852132086 108867.70740294075 51262.70535887645 33549.07057469539 100181.81417301646 82343.12074380349 75442.45607483102 38557.097414435964 14342.225034326022 47545.96890131993 4140.738222162037 56200.683655714914 40942.98835911292 54050.355599047594 40621.03422341167 97340.10209963449 110150.88596728296 90544.26118522434 85168.38095447885 104275.68481753393 100236.20332679235 122894.91070605266 113514.88248807134 102643.85541510307
-9999.0 -9999.0 -9999.0 -9999.0 -9999.0 -9999.0 -9999.0 -9999.0 -9999.0 -9999.0 -9999.0 -9999.0 535.278097661191 1023.6028320608855 2411.062971402671 2284.0624940885236 1166.1361740658328 1289.743462890845 747.0258971360096 602.5046434375415 1316.198565076215 480.93524163945216 224.98556765968334 1262.0541230997883 726.4819117521955 1807.1589020984052 3007.3588158706443 17055.268820955655 32933.78285655757 32191.208486479638 28284.018985698618 57089.711710684984 46472.73069416675 46039.9679765036 19217.523174495782 40191.51709574061 80879.58808143118 39098.594455853025 50444.40441957611 59617.606291173644 41696.245411290285 54152.23691169949 80803.9546339163 96019.06911364365 125217.20393023033 44958.804247108186 6071.194022035173 9836.069035386183 21459.880624845908 9852.529912246453 28766.597955763915 264694.9070492355 104963.19518473379 91269.5697197115 78352.45499764678 93030.31441321809 91982.44344270937 88971.67154820269 96382.56117572312 110977.44155776752 123179.07954939248 115394.35256648732 116138.8220497003
-9999.0 -9999.0 -9999.0 -9999.0 -9999.0 -9999.0 -9999.0 -9999.0 -9999.0 -9999.0 -9999.0 -9999.0 475.41668349671346 149.26835124616284 1382.778558687999 3802.302140966289 935.7158540319706 3898.538049068856 3718.75451520543 2114.3432609262527 2098.067850670489 230.29215232700236 1362.5790479596226 1503.4165203831822 225.39621764742893 11.777904174108828 4169.619993884403 5200.384909271845 25378.332472242444 26823.62306261176 44502.051015714154 36461.43147086336 49791.011422811585 45496.64020791305 46656.35029651905 27141.084203461472 44374.63166678149 27862.710930058773 20094.345534201515 21206.723353174424 34704.497577514696 10594.653843236174 9609.979630188831 90973.64423898891 127434.44942953975 67990.98355509074 11324.02708037279 29350.326430616766 21711.998559756667 168825.02250707833 133387.91719201012 148912.48551868962 62732.58551917252 88941.62083937743 94838.7263678734 103038.96536157897 100252.5722674401 91746.55029746413 90131.24940037973 116093.97162548096 120307.66906046607 117690.80266687222 109819.89340981843
-9999.0 -9999.0 -9999.0 -9999.0 -9999.0 -9999.0 -9999.0 -9999.0 -9999.0 -9999.0 -9999.0 -9999.0 -9999.0 -9999.0 138.42720004012241 1216.602178753913 2881.6350822337545 2961.7350549847847 4189.956901915721 2513.2646336338635 1680.0811677762729 740.9578061664336 1464.5494703450943 1013.8623061739422 148.23816735439058 1142.8929648537542 1729.7825787585698 1488.2612153598418 8570.751157616925 7081.33953159261 28564.16032073944 22832.02633727144 46482.41846655591 39177.664793021344 44150.53523013708 23035.377060877523 26860.330331255933 17222.592829992052 20668.91713398045 20410.62092207483 15680.627119754346 11374.977459658267 18003.299955240203 24171.50649962731 31089.543821759456 81578.60407376547 85653.35023644003 101891.8898700879 33951.310597716416 3568.3270172614534 153181.97584267196 37795.97294707047 213220.2898823795 73420.62280039166 81624.0962869573 100012.23577441227 94445.6017540014 80184.84967835633 81961.81452923814 90179.7264985523 114920.6917577086 110476.28761683629 94336.20123624377
-9999.0 -9999.0 -9999.0 -9999.0 -9999.0 -9999.0 -9999.0 -9999.0 -9999.0 -9999.0 -9999.0 -9999.0 -9999.0 -9999.0 -9999.0 3.3504078842980656 1617.0239853660798 3402.3599734999293 2781.293362824686 1891.0984369115401 1779.3713512475913 1599.791658632356 1374.248668577635 219.09993527220843 44.94943204981521 128.1866082272063 1183.0693823761708 72.69016857319086 127.48163657734209 4672.029500366169 4506.807491745024 74761.2871759497 129377.40567707352 164576.34294299295 147672.4597742209 12479.616939668624 4677.148224426664 752.6737420433556 7594.648602972859 14676.805834051826 11492.606941217677 4783.45535698248 11609.183961411685 18938.29767110313 22914.56581121661 22704.949082370473 91490.40623369193 136241.12969692476 45856.997721386586 55900.09487984344 63059.2791545748 115382.79607045747 15725.303337002053 26341.718625822166 59645.576451376495 81607.52138169162 77156.7219642213 89311.59824272874 75154.278839925 87259.00112059843 97633.91980732362 89776.6017603238 108066.073448317
-9999.0 -9999.0 -9999.0 -9999.0 -9999.0 -9999.0 -9999.0 -9999.0 -9999.0 -9999.0 -9999.0 -9999.0 -9999.0 -9999.0 -9999.0 -9999.0 -9999.0 853.0278646125516 2245.743265103478 2789.764317891835 41.32352968984248 16.726342884280818 13.163372340151806 230.22061848133794 100.76754907734379 74.75811086971878 13.62741596092469 16.803448170826563 18.608688341796494 3183.270664574134 525.4612250813301 17656.106811954807 54045.48528320299 64892.578627733485 87686.95836843038 1030.7705033567026 1958.2190744357285 2198.2494155857275 9447.127196368569 14275.223289670908 13236.543815590674 1422.419519665904 14311.083285444582 24542.369939537035 16745.909845080758 24051.251088226698 84674.59603230076 63267.614726857 29720.637759406633 18362.175175605855 18559.686795008973 93003.81560304806 12447.282530327955 10553.235893667957 34740.625901126055 42592.45527592749 57517.17680296707 89716.6220779713 88025.64185526627 85002.47465748849 80481.30197975865 88267.34800568725 93324.14349943725
-9999.0 -9999.0 -9999.0 -9999.0 -9999.0 -9999.0 -9999.0 -9999.0 -9999.0 -9999.0 -9999.0 -9999.0 -9999.0 -9999.0 -9999.0 -9999.0 -9999.0 -9999.0 2585.35743817264 262.48223081493296 16.32015249460344 54.72983399758877 127.08842336410079 12.35676407187159 1201.6222998451485 1415.6861025879296 237.1794027126574 181.99199930657326 203.0194648458571 785.8448920585578 1699.6280625395316 3138.5352464671146 19970.027981298208 56907.12844614428 27409.30134502785 1446.7388548468161 1000.5393305582055 0.0 950.0037219004955 42992.62796529349 10021.271304886024 6766.768701588911 10458.423662129713 16920.97347987541 10034.178148433884 13495.741586626109 71081.78626451385 47508.46700457086 31823.87607906309 35497.09518616929 64567.71316480719 39903.916716874075 35033.36922291797 25634.86516193912 42889.55164513343 47460.18576717939 64379.07812545322 84123.27209193399 78283.33215129627 76941.10193570482 63645.69302530215 70111.40949143296 66128.12276402411
-9999.0 -9999.0 -9999.0 -9999.0 -9999.0 -9999.0 -9999.0 -9999.0 -9999.0 -9999.0 -9999.0 -9999.0 -9999.0 -9999.0 -9999.0 -9999.0 -9999.0 -9999.0 28.97820160770294 261.95975330157205 164.69039434671254 235.13922207436224 179.53321264199988 113.45708812718748 4752.854680025132 3985.1996299757375 1843.5120826313716 120.26857636683897 911.6784616026385 949.7058484090481 6908.75576981594 8863.006891245019 25269.899343310648 6405.31434686344 656.9308160156551 7052.966153740841 1122.6437089987194 701.2267741797593 3272.8829046286273 366.8432904674215 4598.956942747933 4244.9297699692415 11569.728443584954 6580.432882440208 13136.12059935239 16210.198975427964 41764.128127175114 64968.10833975797 107365.27322553443 30231.869098085335 70046.13284001511 26806.81882500053 58341.58868266895 61406.62484787911 50273.222490799424 39406.76022797706 57798.86847860866 60834.30020200836 48367.75061812868 54799.985478629234 70119.82677067896 72414.07837679089 72328.29623228524
-9999.0 -9999.0 -9999.0 -9999.0 -9999.0 -9999.0 -9999.0 -9999.0 -9999.0 -9999.0 -9999.0 -9999.0 -9999.0 -9999.0 -9999.0 -9999.0 -9999.0 -9999.0 15.031795876907147 207.4503942237849 272.18769044433833 269.64220218296543 158.54813787475436 199.38647248583 0.0 0.0 3220.117463905569 3386.897277358418 2097.7187332162707 17791.050449549326 23951.65885228959 9717.392149879286 11634.02628642915 16741.75665480535 32963.36790723155 11125.453242703183 11386.782365961326 6327.207495255522 12976.254018883972 23439.109821846963 6410.584625298072 7634.243462275907 9744.72173771858 13482.79834133181 15923.442071629475 14348.634734058369 16614.02968801154 60043.78810472157 108469.02666230936 98590.28830572192 11292.80206752245 47373.13183368118 50704.83777981234 58105.10378400186 48287.41169375274 17607.485555898027 18632.480537147814 22876.465591785243 42752.290636618476 48131.93968097331 64035.058021653225 66533.08378255363 71019.37972887415
-9999.0 -9999.0 -9999.0 -9999.0 -9999.0 -9999.0 -9999.0 -9999.0 -9999.0 -9999.0 -9999.0 -9999.0 -9999.0 -9999.0 -9999.0 -9999.0 -9999.0 -9999.0 -9999.0 64.11164225086564 223.4837342916871 306.00174416126646 265.20756120376575 86.70950411726471 0.0 0.0 4797.572185112876 5861.006383431139 4494.373109153479 58923.94394867322 52583.77788018237 67345.5706759043 39148.617734479136 66343.12517083429 41184.17657720352 17515.82368588355 43716.38940889343 91734.11520344099 92464.05080920644 16228.054081962713 20046.440562785225 11784.337568543848 6672.20241310715 12732.996640602918 5900.389169263577 6973.70486304211 21786.506712342012 72354.50355957322 101571.01062635411 105976.62296780838 18267.586088266737 62599.59119710891 75571.91520148925 67408.85380281831 65799.98104904898 71761.11849301145 36233.05318168557 44209.970870106845 53326.37129983992 34088.17058263009 56785.06358648921 47196.371329857044 67042.53493944071
-9999.0 -9999.0 -9999.0 -9999.0 -9999.0 -9999.0 -9999.0 -9999.0 -9999.0 -9999.0 -9999.0 -9999.0 -9999.0 -9999.0 -9999.0 -9999.0 -9999.0 -9999.0 -9999.0 -9999.0 21.55046653805212 156.4561481004136 148.40698792462368 0.0 0.0 0.0 0.0 0.0 87559.9343943732 97936.5792175727 110656.18288563406 103083.31921124204 102878.19275928232 78859.67016920072 84611.93804070672 41536.68711113688 79634.29405199316 106813.29601672284 89607.79282696082 18077.141592216794 18190.279181832542 20027.891443141998 12685.027406687948 10366.453229733952 7558.762746710863 5718.222516446082 40383.49555673226 73456.95735161967 237556.59994593967 252760.1040421896 391498.3028545538 75016.2679796771 70001.704228286 65354.827706371645 69016.38260280184 67847.39437021548 60775.421803579404 56255.251699088294 57980.12194426832 30811.902909191896 46792.167868423865 47785.012187263565 77297.52275850918
-9999.0 -9999.0 -9999.0 -9999.0 -9999.0 -9999.0 -9999.0 -9999.0 -9999.0 -9999.0 -9999.0 -9999.0 -9999.0 -9999.0 -9999.0 -9999.0 -9999.0 -9999.0 -9999.0 -9999.0 -9999.0 0.0 0.0 0.0 0.0 0.0 0.0 0.0 101821.31200041766 96214.21633595043 108749.70575853721 120537.02163467824 122948.56667624599 134132.26947296137 108832.62967022906 67884.20275419604 102575.04959675812 131432.93008958377 111546.60919207819 11905.144833606555 15927.550163497348 20907.345651600444 20986.679900927946 13978.17212152349 6312.209321815693 9809.665735520864 92215.51046315547 102723.30112031306 310133.76973798487 430743.30640093103 512463.13387968147 57241.59009537866 34868.344130626356 35493.124598744296 56131.14327230681 29138.21999995168 37549.30419575174 63043.788623575114 64811.149887681386 55600.16698638331 44996.58176232355 62038.26952789212 58690.02815462531
-9999.0 -9999.0 -9999.0 -9999.0 -9999.0 -9999.0 -9999.0 -9999.0 -9999.0 -9999.0 -9999.0 -9999.0 -9999.0 -9999.0 -9999.0 -9999.0 -9999.0 -9999.0 -9999.0 -9999.0 -9999.0 -9999.0 -9999.0 0.0 0.0 0.0 0.0 0.0 0.0 53199.224822492855 75475.6042088082 138841.49377441665 118043.45319413915 130812.55622141673 135966.18794096806 129762.8724020057 115075.70835815615 137042.62966984484 115799.78356156294 17067.074620297357 12081.54462080802 18034.86398858182 15763.03992807226 19597.10784146962 24680.672339996152 527.390221971482 23403.09468656702 97051.71398039008 48473.457875308 66349.82963603662 9908.561894352932 3462.431890162097 2723.1491691971396 3317.497325175324 51332.13725280517 30250.292523345066 48193.53651921014 76949.86096143417 57874.70758123653 69177.4972486294 61438.951352907316 89734.66216773073 37416.141410279
