Model Version1.4/trunk/input/1999/nh3_spread_fe_crops.asc
ncols 720
nrows 360
xllcorner -180.0
yllcorner -90.0
cellsize 0.5
NODATA_value -9999.0
[rows 84 to 111 of 360, columns 441 to 503 of 720]
103920.89858685061 124237.05794624187 115150.4659173174 0.0 53569.16815745173 61122.06956931746 39147.53402897825 20829.118633871483 37178.91786726099 48317.99401510118 9725.407070240864 18339.133708080757 3289.2384965283327 3611.446548229299 0.0 0.0 0.0 0.0 0.0 0.0 0.0 0.0 27.377520401344444 0.0 0.0 0.0 0.0 0.0 0.0 0.0 0.0 0.0 0.0 0.0 0.0 0.0 0.0 0.0 44.8591249319728 0.0 0.0 0.0 0.0 0.0 0.0 0.0 0.0 0.0 0.0 0.0 0.0 0.0 0.0 0.0 0.0 0.0 0.0 0.0 0.0 0.0 0.0 0.0 0.0
76184.95771426006 87676.12264132379 106091.74329080833 71118.6018986242 70278.35004651226 57051.304969714176 25825.03593288801 8323.568412291452 19957.364033738355 9366.387922129376 3001.559117806227 3624.488462604872 2999.0986976396907 3001.102577749507 5349.517173951964 1447.5135971027344 0.0 0.0 0.0 0.0 0.0 0.0 718.8865086471844 0.0 0.0 0.0 0.0 0.0 0.0 0.0 0.0 0.0 0.0 0.0 0.0 0.0 0.0 0.0 0.0 0.0 0.0 0.0 0.0 0.0 0.0 0.0 0.0 0.0 0.0 0.0 0.0 0.0 0.0 0.0 0.0 0.0 0.0 0.0 0.0 0.0 0.0 0.0 0.0
101975.31700216731 86243.46372446792 81834.25819228031 75171.59585364052 48996.85987342105 49006.32568999742 13224.420704112712 12762.150730157704 3301.374674462063 2229.199361071677 1182.4606003520596 2648.1547531847787 0.0 770.3978027752757 1434.2720024341372 3154.340767146361 600.1977640695874 0.0 0.0 0.0 0.0 -9999.0 0.0 0.0 -9999.0 0.0 0.0 0.0 0.0 0.0 0.0 0.0 0.0 0.0 0.0 0.0 0.0 0.0 0.0 0.0 0.0 0.0 0.0 0.0 0.0 0.0 0.0 0.0 0.0 0.0 0.0 0.0 0.0 0.0 0.0 0.0 0.0 0.0 0.0 0.0 0.0 0.0 0.0
88931.22446671277 100735.53206953034 99446.26725214472 84323.68074408923 40561.880780237116 25266.505336167516 23112.330662285207 17865.01149696727 13363.138999442983 5970.371620514315 433.32568614889664 87.27531685175923 0.0 0.0 257.24952901316055 8300.894450466109 4189.356087674166 0.0 -9999.0 -9999.0 -9999.0 -9999.0 -9999.0 -9999.0 -9999.0 0.0 0.0 0.0 0.0 0.0 0.0 0.0 0.0 0.0 0.0 0.0 0.0 0.0 0.0 0.0 0.0 0.0 0.0 0.0 0.0 0.0 0.0 0.0 0.0 0.0 0.0 0.0 0.0 0.0 0.0 0.0 0.0 0.0 0.0 0.0 0.0 0.0 0.0
63259.90775066065 86815.38813758113 103032.75100849727 95441.34464065926 116195.5345615216 59667.443615683434 34047.168851114744 13927.848276497973 14698.92477946816 5514.246569526745 741.4952792140218 22.09299860502456 0.0 486.4492497542886 1091.8219840976626 3033.94711453529 0.0 -9999.0 -9999.0 -9999.0 -9999.0 -9999.0 -9999.0 -9999.0 0.0 0.0 0.0 0.0 0.0 0.0 0.0 0.0 0.0 0.0 0.0 0.0 0.0 0.0 0.0 -9999.0 0.0 393.61699918216675 2799.32745604041 1531.0414526660593 0.0 0.0 0.0 0.0 0.0 0.0 0.0 0.0 0.0 0.0 0.0 0.0 0.0 0.0 0.0 0.0 0.0 0.0 0.0
123949.2627643768 97997.80272310453 56130.04254478231 71604.58766387816 75379.15925892862 93205.65905326616 55302.001958221816 11842.309235935098 17638.34275084179 9878.577029139855 9662.331556175754 1642.8803961061521 2123.10478498913 1165.3534798559563 -9999.0 -9999.0 -9999.0 -9999.0 -9999.0 -9999.0 -9999.0 0.0 0.0 0.0 0.0 0.0 0.0 0.0 0.0 0.0 0.0 0.0 0.0 0.0 0.0 0.0 0.0 -9999.0 -9999.0 -9999.0 -9999.0 0.0 24.38600040935362 0.0 0.0 0.0 1150.239964799201 3562.1429095173557 2626.175082261475 1173.3401905225294 15.372830884547268 0.0 0.0 0.0 0.0 0.0 0.0 0.0 0.0 0.0 0.0 0.0 0.0
113043.64876419613 103475.80327489442 99058.26405241192 79770.144104742 85718.37281247132 97356.75847121947 107252.29438636496 90866.24726531343 50740.197879116764 28616.45798052175 5194.728228250355 4529.6800487594 15799.493229641013 0.0 -9999.0 -9999.0 -9999.0 -9999.0 -9999.0 0.0 0.0 0.0 0.0 0.0 0.0 0.0 0.0 0.0 0.0 0.0 0.0 0.0 0.0 0.0 0.0 0.0 -9999.0 0.0 -9999.0 -9999.0 -9999.0 0.0 0.0 0.0 0.0 0.0 12.299904040091878 1906.3145091590704 4864.839582288614 3779.43936356654 757.0096205300814 0.0 0.0 0.0 0.0 0.0 0.0 0.0 0.0 0.0 0.0 0.0 0.0
38762.32269526431 67056.39444563861 93959.12546969371 95248.95024357858 91876.43930599334 71030.62886814505 111173.82472104045 96547.45529297642 104956.3757587013 68549.86654789098 10799.778703867885 34413.346397287154 33267.10014580407 0.0 -9999.0 -9999.0 -9999.0 -9999.0 -9999.0 0.0 0.0 0.0 0.0 0.0 0.0 0.0 0.0 0.0 0.0 0.0 0.0 0.0 0.0 0.0 0.0 0.0 -9999.0 -9999.0 -9999.0 -9999.0 0.0 0.0 0.0 0.0 0.0 0.0 0.0 0.0 0.0 0.0 0.0 0.0 3363.768073151289 155.82407230369705 0.0 736.1260409166945 274.3929734521367 0.0 0.0 0.0 0.0 0.0 0.0
747.4298429036093 10905.228128532597 25423.162432497356 24166.99051145826 42563.8648962491 89324.31927557128 111798.50292277052 103212.34140669325 116835.80550527337 78193.22926844408 43007.02518194721 44796.3859745967 85149.65214539148 53635.5387935587 0.0 -9999.0 -9999.0 -9999.0 -9999.0 -9999.0 -9999.0 0.0 0.0 0.0 0.0 0.0 0.0 0.0 0.0 0.0 0.0 0.0 0.0 0.0 0.0 0.0 0.0 0.0 0.0 0.0 0.0 0.0 0.0 0.0 0.0 0.0 0.0 0.0 0.0 0.0 0.0 0.0 56.31129625533834 1601.0472159055828 84.92088443047344 0.0 53.08171679601978 0.0 13301.61154668733 12677.706513017944 13395.873954315728 9663.524871470901 8653.95627998127
1385.5564100899035 629.8017183742265 152.35057465710815 682.9853547562533 1518.6270725947943 3594.818352314224 33130.88433335846 58731.333175322885 73019.96431376533 62086.20020653837 70487.70109294544 52511.55738064309 63630.73028579766 51810.07193076615 -9999.0 -9999.0 -9999.0 -9999.0 -9999.0 -9999.0 -9999.0 0.0 0.0 0.0 0.0 0.0 0.0 0.0 0.0 0.0 0.0 0.0 0.0 0.0 0.0 4107.937545379236 470735.1295753532 396733.14556170825 396850.0788591103 386795.5204236872 36000.666594389 0.0 0.0 0.0 0.0 0.0 0.0 0.0 0.0 0.0 0.0 0.0 0.0 667.7209979088157 12707.00645470237 14429.809064088986 11612.297798047719 0.0 3671.5937680977304 3520.7189917435567 435.8553080416365 5585.385836470941 9616.427590372683
-9999.0 171524.93947185884 171508.73711453893 6498.04481834641 0.0 100.4181158116504 253.1693296222166 73.88968620587876 804.09341202725 312.0835213660842 3729.746100492972 8511.717829538142 19759.474582417737 35736.20943423531 23322.16982320841 -9999.0 -9999.0 -9999.0 -9999.0 -9999.0 -9999.0 -9999.0 0.0 0.0 0.0 0.0 0.0 0.0 0.0 0.0 0.0 0.0 0.0 0.0 0.0 122927.38801075758 759861.1343550623 1182497.5081780313 1087896.013227177 113107.52559699211 32363.251677324562 0.0 0.0 0.0 0.0 0.0 0.0 0.0 0.0 0.0 0.0 0.0 0.0 9448.246687379838 10314.662993630305 13358.300293301423 13298.345837916593 4721.650276572946 4044.754614574538 423.6994702375605 1346.9854682455557 4041.201193908124 54141.54110174205
-9999.0 -9999.0 311545.9665772499 388076.69104685145 188440.4180028654 107730.25266574623 90133.77156845444 75256.36661062205 8562.017429970198 13239.603140001986 2634.00442551197 5033.386070736271 8827.619833851106 20080.60153368636 45141.26137900336 23689.909718649596 -9999.0 -9999.0 -9999.0 -9999.0 -9999.0 -9999.0 -9999.0 0.0 0.0 0.0 0.0 0.0 0.0 0.0 0.0 0.0 0.0 0.0 0.0 58055.33330895013 348249.8484750472 389252.0902775594 103867.54588270295 191955.8081034455 0.0 0.0 0.0 0.0 0.0 0.0 0.0 0.0 0.0 0.0 0.0 0.0 0.0 8473.41832140113 647.1171054109402 13118.830939221327 273.0255327948816 4008.0253025818643 4250.739354549046 400.33117145227186 4807.6174160709725 29271.283277168153 32859.01058842233
-9999.0 -9999.0 155854.6452113862 15955.508463589853 26541.148124262607 22641.17765623344 32832.61907212729 33896.0764695244 86594.65553861413 127875.98727291005 132075.09783695696 227370.42938043468 5464.2689502312305 6705.3233586996985 16480.34082818269 46958.10566820916 18308.760808457188 -9999.0 -9999.0 -9999.0 -9999.0 -9999.0 -9999.0 -9999.0 0.0 -9999.0 0.0 0.0 0.0 0.0 0.0 0.0 0.0 0.0 0.0 0.0 67557.8277012462 59650.67559452996 203469.29425512857 1484741.5447956133 617116.8768776209 249217.68823241393 0.0 0.0 0.0 0.0 0.0 12286.628982878823 0.0 0.0 0.0 660886.6011115534 8269.556316033966 7307.544320881442 6142.790415005549 8429.375639969796 3871.188909150679 5021.241586739077 2710.2708413425476 277964.76685223106 1210.1082303296623 28947.681026005168 25575.356712392117
49646.90438596338 88860.03314555735 85721.07509385173 161169.0630295265 293911.2458871792 61368.117324668005 95176.99203249691 57108.486886986866 108258.07528768075 13665.439094922933 25650.5101798439 31260.98581462738 31596.608492387866 13178.706956255062 5145.247184244095 6113.3002313056295 21107.014469266738 3515.4135664272526 -9999.0 -9999.0 -9999.0 -9999.0 -9999.0 -9999.0 0.0 -9999.0 -9999.0 0.0 0.0 0.0 0.0 0.0 0.0 0.0 0.0 0.0 0.0 0.0 0.0 29335.061004094252 219234.3436713994 550629.9750333129 18517.638071980688 0.0 0.0 0.0 0.0 0.0 12401.632685590586 0.0 0.0 0.0 0.0 0.0 507.6965760218731 2267.899284115043 10884.809425353305 1783993.302949493 177932.38532520714 23811.89175102609 48.601255600815946 21703.9789424669 956839.8165430139
72095.64606014123 91647.83205054769 78069.32570873931 237971.02782866312 501625.88831128465 695599.4579392272 81367.90031739845 26597.094759315973 14026.267426214581 12765.988337184757 12930.114293758574 16601.578668446 20961.95356707826 27898.40202843262 25794.708043374634 15762.265469784248 10175.680730444981 2411.6049778541724 1254.7784095472937 482.05014782120145 -9999.0 -9999.0 -9999.0 -9999.0 0.0 0.0 0.0 0.0 0.0 0.0 0.0 0.0 0.0 0.0 0.0 0.0 0.0 0.0 0.0 0.0 0.0 0.0 0.0 105578.63005366662 0.0 0.0 0.0 0.0 0.0 1868.5280679212701 56442.33624236653 21443.228991378102 0.0 0.0 662750.6780979725 23547.00514487472 2253098.402509905 1986084.3122973002 169791.24517791142 11582.476688868019 686552.7569682541 1216807.6434338477 1454538.7134839199
134019.1603668722 156281.1454524177 130851.88472076248 196348.41970988095 372762.1491323628 302096.16359338607 59927.51037994522 92227.31383799724 41182.69519297523 10652.482376759513 13781.170036401403 5009.164584246112 9032.067433454118 56686.86879847476 47915.80048141861 52847.3558330556 15299.433972639015 3719.4608970565287 563.3264473142202 849.7790008537124 -9999.0 -9999.0 -9999.0 -9999.0 0.0 0.0 0.0 0.0 0.0 0.0 0.0 0.0 0.0 0.0 0.0 0.0 0.0 0.0 0.0 0.0 0.0 0.0 0.0 25604.744798230076 0.0 0.0 0.0 525568.220763016 639181.9511059951 421269.88251472544 193824.7259701336 379094.00472158723 307747.9912629394 157694.58583169247 1050623.274730764 1462032.588118329 1473299.756670747 167029.75741147564 54489.62006217364 37072.25954982206 900369.331672207 72789.03665661752 598666.5191550718
229681.73204142234 216018.73941897487 362964.33527309675 101824.73236829162 420675.73908823007 535090.6358061936 412439.30022019177 470886.4804953304 70522.66250967448 16258.315942229354 12918.035270598906 3528.5739750664006 9902.687190509487 26691.29372054009 58552.094528695634 53548.3797431183 44469.97557716995 8024.278601832826 -9999.0 -9999.0 -9999.0 -9999.0 -9999.0 -9999.0 -9999.0 0.0 0.0 0.0 0.0 0.0 0.0 0.0 0.0 0.0 0.0 0.0 0.0 0.0 0.0 0.0 0.0 0.0 0.0 0.0 11328.227349925213 4592.695534069602 238045.06448071264 797426.4944367601 419806.1392740179 78680.89965071478 260209.367992084 897943.6158734555 1244738.9788530825 895955.8273830801 227495.62615245365 28791.527128199727 9367.275647793655 16178.987494380019 3113.2226176579707 1611.8654124580544 2163.791713250402 2697.6236993052935 426.010469297094
140559.43716762456 137756.154955829 299529.73173030885 526135.8398894104 686316.0669428253 465487.1841254 402250.3189316415 516873.5823267158 679806.7565847951 24553.52652676982 2588.7538795044084 13303.035782338355 8824.430146620465 661292.7633884206 629639.5109169497 43847.25873635468 38418.52100447568 15120.577523665668 -9999.0 -9999.0 -9999.0 -9999.0 -9999.0 -9999.0 -9999.0 0.0 0.0 0.0 0.0 7993.905100622562 56725.99218626134 73184.91667164688 12799.124557365347 0.0 0.0 0.0 0.0 0.0 0.0 0.0 0.0 0.0 0.0 0.0 13069.522526605355 92280.17644393521 429203.5764714581 2210.2736471418657 185695.64262000064 531722.9180008143 710997.0637159413 358244.15756026685 550765.07754662 135464.4117489228 16648.80238895183 784.7303958554315 0.0 0.0 0.0 1676.5054623551948 4343.442661168108 0.0 1453.4002538335326
199770.76987522197 279184.9956452514 585771.4372385235 627670.7569065106 268837.1924365275 133805.89288831173 241850.85861330733 278019.1806713457 407342.4232110685 727925.4704330595 538312.974840596 198064.55014243227 314275.17623156606 156588.35769362474 367841.01458820066 4496.615414115244 14818.483391542635 0.0 -9999.0 -9999.0 -9999.0 -9999.0 -9999.0 -9999.0 -9999.0 -9999.0 0.0 0.0 0.0 0.0 0.0 19763.242376394028 92727.69163084362 73985.92391877431 0.0 2981.6918109254498 0.0 0.0 0.0 0.0 0.0 0.0 0.0 0.0 0.0 790.3929219531743 95637.54622303255 76119.45216495846 35232.13374746846 926357.3331239375 1592039.581836244 904928.7690187328 291612.4303671439 92199.7444302234 76625.65891251952 9811.58168749224 23851.490265478125 8002.392952830295 2009.3844538404248 1561.190725390163 0.0 0.0 0.0
769568.9267289673 524392.8670571705 249725.25909615096 210022.6505330422 115139.58751716121 201971.03976129377 255147.00386859823 314674.9746506362 974299.8220789321 441254.63171851466 1144473.5089492856 653490.0970385544 524419.271390729 637422.176820161 628097.340285652 830651.6478774288 286019.53420211026 -9999.0 -9999.0 -9999.0 -9999.0 -9999.0 -9999.0 -9999.0 -9999.0 -9999.0 0.0 0.0 0.0 110.14923387033542 11495.210053602264 44007.31389536215 119984.53386908513 59964.90412599816 124543.58750266075 124944.37523838626 12282.750889645182 4.804528275429843 2.2504483192584965 16873.840636788256 196.66673352615499 5854.346055261654 30769.28940945046 10091.78879817742 0.0 0.0 0.0 72608.34030206419 81750.12409094765 64247.70165711178 43621.73475940174 0.0 0.0 32322.518076909466 757010.3651829164 348312.4973506149 45310.08983471895 17285.159076258555 17486.72076643953 3375.046326541474 178.14679834842406 62.947492211463924 0.0
920240.4657438722 646691.5951616042 386037.06340718013 377999.2518963524 182609.17981557982 165469.84960672402 275732.43560090696 404674.92386632925 542948.6810425061 528326.8173959928 539414.716523635 487078.37616975664 577864.8608649884 666978.0808024129 684657.2699197483 441197.4186945791 207765.46984834934 124302.6489910873 -9999.0 -9999.0 -9999.0 -9999.0 -9999.0 -9999.0 -9999.0 -9999.0 0.0 0.0 73423.87897432757 767320.86002498 760531.1687996993 249638.931767761 217170.45526381384 197994.84722504456 190053.16294311167 34510.80316752768 109654.88251911469 165510.5380162074 43934.11813852156 150035.160913371 180537.8179103355 73860.6618744689 333667.76268388337 204301.00027926062 10802.848073756471 1376.908507542866 0.0 669.1244032278578 9635.973450614933 83141.89300824839 97271.03180293075 21808.607799277706 119161.16749789697 610516.3719450833 388014.180390882 10958.345042200379 119616.74606044947 23986.776292940805 43791.91429149416 4608.005242508843 57.8019432235152 54.23339731664085 504.1820888619095
896814.2761165701 805779.9810282319 1176738.8218821993 1372337.1140062253 431684.44916216854 143828.36249977944 142001.6254680185 251808.82213229488 369600.96887843567 1152519.421204316 574264.3705017957 1588345.6854081478 613023.980978278 579370.4006062691 825067.348928395 372742.74664470664 332314.8216268675 645861.1001739415 1170086.9195057524 304897.20722968754 -9999.0 -9999.0 -9999.0 -9999.0 -9999.0 -9999.0 27.698134350715772 687814.7610553536 1647241.575777118 1156435.3152870666 459689.90054267866 100266.16755212225 211170.91094927816 556046.3258469985 345990.69008967065 720304.0783328911 159885.29170263503 413290.3887840768 115106.1105985401 223078.25594150418 140520.1168232656 112963.17241619929 19240.008513973287 102161.22095146996 0.0 0.0 0.0 0.0 8110.03140586832 70797.374631534 1885.769048840845 8386.724971550118 12486.798060571076 15300.05523569999 211532.10220173906 63087.06495377334 17400.38898686682 107702.12966543711 2229.433710209762 137.3132448115432 1512.6035401169847 146.28593799909535 0.0
1859524.0011335644 2171875.5128793027 1874536.2557829488 529425.9831261598 310129.08821110724 174319.84789381587 136397.32532442678 86091.693791906 109662.18836742833 991518.6971994634 780004.2569994429 868695.0319467585 422053.2595773726 474927.1381213568 389484.2872616229 499740.726090106 449551.32294505625 331502.77067167754 352305.29450051964 451483.64044128923 244842.46505028388 10148.011734858352 44315.93796125416 0.0 0.0 343049.9274860237 278600.1097308519 476155.07874791254 451273.986929838 399570.5069733833 138289.65521147882 38950.477693550914 255538.3082671568 632810.7767161207 421358.67924199696 202305.5019077349 458016.7113109429 616757.6132348409 189405.44285850856 63037.896978080746 34769.18659020705 85254.5512045091 0.0 32776.608495007174 9864.10933536908 0.0 0.0 0.0 794.2254037559724 9400.600695811554 19766.870610371625 17648.315440556184 28628.865115346944 11363.940956600845 11030.870009211043 5068.848066633955 16695.162749762258 16890.024952231237 2852.5038027230116 953.6521914002818 1671.6356712200552 469.4005716297005 2706.636817312706
1634022.0228135968 652206.7373591563 905203.5352275124 1119380.7131299847 1157013.0073461575 1712866.5375836059 1682918.8811409678 1064946.3522720893 530535.0025564843 774069.1700316656 402795.5597875585 247182.71818968683 468822.9699357216 292478.10273578955 687917.9546219499 1041865.2712115423 808813.6685349165 835556.1830743415 892118.9381684252 954613.9903249206 290601.0614319401 284241.4275589962 434603.95357204374 332355.2648497706 22737.345594948576 5533.612441051083 267700.1229974625 124328.3531829612 180332.15975172803 77093.34439374295 324566.1148131438 0.0 49316.344675971326 92653.68251345347 414147.56281070434 360561.7426398726 723989.1590621643 360061.2312761428 848882.3771744097 325663.5297706029 182198.28644592117 113029.18432928412 0.0 0.0 56584.32206987183 741.238234845716 16164.696712134359 25754.595575109928 11713.888110884212 1415.3959042994825 7109.271923681475 2663.916576477915 3883.2210536992447 12.826877254114127 3301.2756839302815 2382.2213619993727 15474.302930116612 5240.827467889549 1134.1825954130754 280.14199309219947 134.24054364207947 18.495453290560704 696.952971394947
1043404.071639997 271975.2612927806 271708.9378684491 394193.9881688835 274544.7627442925 763339.87970295 684370.4597317899 883462.8798910023 1024683.9062735812 538880.8992895491 113312.91886893159 446967.36673155526 548957.7416088306 565975.0860672609 993384.812310903 642252.0295372508 746592.4391981212 581763.4506188504 753452.0346227539 400532.9859943072 713950.1659713855 622709.9805732886 299762.18566442246 341401.9866763782 199163.4979910473 247547.56457075122 116.04570132629222 167152.07047187263 0.0 0.0 0.0 0.0 8046.046928001832 13034.648739033295 28829.11953392525 48268.22752471822 293025.7247440608 640901.7925170088 584200.3338431215 427258.4720367307 192832.01271672297 242820.50580773078 1568.3465069999752 678.2659921211739 22161.005776518177 9746.433199680396 11376.714265955321 15833.514251366547 10200.065127821443 1524.6567521333297 1607.4668369398537 2367.6895666548508 1614.6675952867809 252.12783396462174 186.84786616163672 145.51469496692613 4514.114196959262 1466.1932372499577 841.6488081116423 83.92364620664515 57.98698414585768 72.58814037905492 97781.90543340647
261597.4950751044 15888.741563184638 0.0 1026.0792221513611 3535.618195869191 481942.06243857957 1510350.7102020483 1232388.5277800998 837009.8325771231 1149701.2983852366 1526227.56618942 609494.8598910559 432386.2752199728 763937.4123184141 903398.9460513808 966615.7926006154 1359355.4233122172 733995.0070223403 461158.50285674684 298034.2249226681 85369.18576420151 260905.8341691375 709060.1935517314 516609.2021862021 222191.65300859974 30818.114936160266 0.0 0.0 0.0 0.0 0.0 0.0 0.0 0.0 332098.1202733891 533302.5749359652 373110.0521118336 689394.654266782 592476.8078307862 603903.9034635844 789498.5591652353 635.3936417449763 1092.2816367661217 3475.27529675024 3500.5425561854295 6811.993307780772 217.4212515999918 50.89717795382655 170.0734224514292 266.3037634259851 242.1025055000201 373.27799062176945 64.03889730934148 46.790901257984935 1286.3945187458066 323.4896962101649 697.9828286553402 5484.0953158292195 358.24312249597887 143.54370411035438 217.3777979228652 2447.456267350533 570503.3762866172
875117.6679566245 121.21810243526782 0.0 0.0 0.0 71020.43541509865 721412.7415595695 254694.5759874187 859738.6993733682 472273.7035150654 864601.9598276813 542838.3389943831 381898.7539716716 634392.2571525201 781372.307418033 959593.0750676077 456503.60012609366 725506.769345429 243221.13775965897 379569.6605940189 327809.80177196173 239127.78516717878 720.1184390654889 0.0 0.0 0.0 0.0 0.0 0.0 0.0 0.0 0.0 0.0 0.0 41751.268186160305 26407.78751194364 298248.705977634 435426.9366751871 459069.6852758148 278068.3227993746 867610.0781527974 5293.547634203898 1196.1314798900253 283.68534967983123 230.83315809342403 4288.299107564513 137.68936464033268 82.2822453715637 46.85070806105293 1496.1385125706265 282.2014300000329 197.09738290512232 297.6713121970981 223.59557563645046 782.5575801884692 879.2893824003371 1825.139573330165 12091.246897594307 3214.553233642437 3526.9191277817054 5413.055298431645 1103932.9000780026 1179063.027023227
56115.48234660658 111821.4880484769 10723.991924394046 70631.79078059949 3512.659143933176 0.0 339925.6232030141 1119704.4166204853 1053273.36195188 1682342.3451294783 909206.3979764368 183298.9441846914 312547.92160449125 418824.7476656071 660748.2724265248 839046.7863333418 785290.9268170645 425795.25211956195 1154554.7680847868 188205.34025939673 47054.78563373514 206736.23577417125 13575.686535626724 0.0 0.0 0.0 0.0 0.0 0.0 0.0 0.0 0.0 172.00732510611024 0.0 4628.5514873968405 52520.0893540907 135261.30954615882 41828.21526672142 42883.30007347852 23645.70955558341 665.9183000149031 7161.665227743988 10934.867128837606 20097.034661109894 12584.422175852998 6455.702645742457 344.22916999607935 516.9764790993154 291.05981210266185 177.42908089605044 144.70108171644145 350.66077588133015 632.3440013514629 604.0867038089002 1509.8201714191498 736.4542275764583 3453.7994830812436 5191.842221161636 3517.57118280609 11242.42801663035 13849.555121803905 3062832.050505439 6434485.232150726
