Model Version1.4/trunk/input/1999/nsro_nat.asc
ncols 720
nrows 360
xllcorner -180
yllcorner -90
cellsize 0.5
NODATA_value -1
[rows 70 to 104 of 360, columns 320 to 399 of 720]
-1 -1 -1 -1 -1 -1 -1 -1 -1 -1 -1 -1 -1 -1 -1 -1 -1 -1 -1 -1 -1 -1 3370.9594599 9106.1734455 14006.2185292 21199.3788169 6974.21605275 4849.92143775 2425.55347519 1024.11738619 1613.08217441 11892.6566719 3175.92912 7168.02359186 10153.4737215 39615.7778303 6516.73406475 446.158076197 747.07359645 -1 -1 -1 -1 -1 -1 -1 -1 -1 -1 -1 -1 -1 -1 -1 -1 -1 20.757070404 429.891677775 1068.61101848 2988.04795268 405.276956062 153.99869604 295.143549525 455.14942605 134.748734736 451.49586525 592.47211338 9.972594489e-05 -1 -1 -1 -1 -1 303.28053876 683.22126402 3780.05303265 2850.48639895 144.090094704 -1 207.424114632
-1 -1 -1 -1 -1 -1 -1 -1 -1 -1 -1 -1 -1 -1 -1 -1 -1 -1 -1 537.9808077 5246.42858809 2237.5836849 3136.68311726 6166.29634954 8143.03832925 12268.95984 7745.85548002 7045.51408665 1173.98562352 -1 6800.35848158 4198.7941293 93.3937886475 20440.8070762 34250.252328 55603.28364 18023.5673017 5250.98017564 7473.43032637 544.06682676 -1 -1 -1 -1 -1 -1 -1 -1 -1 -1 -1 -1 -1 -1 -1 -1 -1 289.678028409 548.706237424 1459.32383468 1993.6779708 4191.0463686 612.994431761 378.061114324 1203.56016478 0.0 0.0 1852.33554423 131.581845567 27.9408542512 586.78925052 896.24534358 2329.21090755 6401.23980615 5187.63644681 4867.41813187 4551.6036498 188.7514134 380.854824975 2146.49935488
-1 -1 -1 -1 -1 -1 -1 -1 -1 -1 -1 -1 -1 -1 -1 -1 -1 -1 -1 1315.43169157 19209.2303513 4240.81742738 668.476515135 575.246004533 1575.471298 3524.41777909 562.35328716 144.095336852 -1 -1 -1 -1 -1 33.283091544 2063.14762875 23664.2325555 3585.85560165 561.897112271 1576.08544122 840.262164262 81.6338442412 -1 -1 -1 -1 -1 -1 -1 -1 -1 -1 -1 -1 -1 90.5843331113 68.21593989 196.392859595 643.930582305 368.650105718 494.11299816 1803.4294095 5060.24339231 5494.0016016 8352.36816712 7648.1976816 8144.25440085 6715.12495406 6032.02799745 5165.24621812 947.742355005 3565.08094714 6583.14512021 6715.34636156 4934.398512 4623.57350516 3859.55106019 3497.10671936 2216.54959272 2606.09535529 4765.89235725
-1 -1 -1 -1 -1 -1 -1 -1 -1 -1 -1 -1 -1 -1 -1 -1 -1 -1 -1 175.520210134 6465.90268777 4421.909448 848.658290816 184.688499204 966.956809421 723.567488963 650.6898567 4430.10543975 -1 -1 157.464439931 4842.80360179 23349.2227391 11150.431875 268.519888823 571.47625602 16579.944927 1470.61968637 1888.85454194 2309.3696172 85.1442972986 -1 -1 -1 -1 -1 -1 -1 -1 120.514224757 361.758041318 189.587635237 231.865509407 849.547044375 418.342393012 996.310112625 627.130472835 651.391632052 3369.3806277 3351.42932254 3396.01898936 5274.36784665 3996.7820361 4732.6287753 7253.86183613 7679.69382915 9061.8803892 9535.24571242 9237.28575855 954.517698698 3786.10822688 6100.8356493 4911.8679108 4870.7884017 3444.74477235 2255.42394 2472.75111364 2191.1395362 3252.63726675 3905.99585696
-1 -1 -1 -1 -1 -1 -1 -1 -1 -1 -1 -1 -1 -1 -1 -1 -1 -1 -1 -1 484.21171785 2455.23703755 892.835736862 2556.91670295 1396.08710137 1666.19368331 3116.2137708 3622.72315402 -1 -1 504.407933906 5306.407995 57539.5353338 39688.381686 3776.49860175 1211.00853238 585.509281298 135.633416235 4104.6725772 987.163670167 247.511729137 1411.927182 917.87939496 61.9761576038 -1 -1 -1 -1 -1 260.340368051 742.488358275 1202.4897066 656.988258956 2668.44719812 2998.8117198 3825.50502405 3110.95571175 5305.48418794 4375.2324771 3302.41889362 2412.69819529 4430.84655577 6210.43480313 4070.00318272 6053.39345554 0.0 2940.00096487 7053.35160049 6121.85498392 2407.39128465 4437.54726769 3122.13868942 1858.924062 1629.17543685 1579.2918042 3297.92935395 2224.74055556 1004.06974825 2040.083496 485.499294787
-1 -1 -1 -1 -1 -1 -1 -1 -1 -1 -1 -1 -1 -1 -1 -1 -1 -1 -1 3956.50568722 6315.19273125 4772.6356761 2300.514168 4168.7298618 7273.09157175 1351.47678075 959.892182325 158.287913897 -1 -1 870.73179075 6648.95616019 18491.917899 8487.35503177 6434.67450938 1860.90422794 1629.30460869 2307.37743333 869.022044021 1210.61301819 1282.17044712 2137.3017549 1131.95202661 146.29425561 -1 -1 -1 -1 21.1129645403 129.02337855 928.5523155 2066.9491458 1307.7118527 1036.59539181 1723.98252353 3065.5667553 7361.35212221 5319.41945025 11471.9543865 7318.3856625 3555.18595834 3945.45493181 4627.34262712 3600.7758135 7276.4104479 12057.9175185 7245.65687063 10014.6441083 6240.39110625 6209.3834946 5783.71794263 3593.9788236 1527.80615861 937.083727324 2615.68747294 2271.05884481 2138.42221462 524.86837839 1327.24254094 1024.89395202
-1 -1 -1 -1 -1 -1 -1 -1 -1 -1 -1 -1 -1 -1 -1 -1 -1 -1 -1 5447.04437464 15354.2519831 7154.07622312 933.11100225 471.88294764 236.997725374 -1 -1 -1 -1 529.03412925 461.750517 1934.3736501 8739.98401245 13812.3559125 2923.15088212 0.0 601.222551637 0.00109942416086 362.38400913 816.276807893 504.931338041 846.960755287 46.0022681895 -1 -1 -1 -1 365.897119387 693.668790937 322.902406305 188.616732457 2169.67103798 957.005447531 1660.28010094 2553.15834544 1542.11159092 921.634724678 10120.6563862 34399.3056289 42230.9647402 36867.3108638 33816.4901089 14596.1635256 3671.418015 4179.741696 6397.13178487 8271.79918181 8950.00584187 10942.0919974 4049.018478 3959.85429135 2966.15678888 1828.05488066 3811.76090415 2293.8896808 1847.92088408 3458.79074055 2443.29338963 1840.806264 2285.09089875
-1 -1 -1 -1 -1 -1 -1 -1 -1 -1 -1 -1 -1 -1 -1 -1 -1 -1 -1 -1 191.2234797 0.0 -1 -1 -1 -1 -1 -1 -1 -1 -1 515.783600344 2980.68114668 1694.10846 681.747457837 1688.33910439 2714.65670737 0.0 282.95691258 299.517288783 762.897603262 795.57448536 218.067364567 -1 0.0 61.111188432 939.911801175 849.0009321 912.71913075 1082.41750121 1573.97234187 1923.43622835 702.419870295 35.2330262865 5085.4692024 28474.9123522 58233.3689044 47476.4607551 30406.8470914 53505.7749626 40502.73012 23109.7709587 24758.8676887 26188.7573899 11602.7195895 14988.3701765 9848.1707091 14103.3590764 10735.2322875 6072.19101562 4835.9353014 6236.43338205 900.359109945 230.706156082 0.0 0.0 2003.75119507 0.0 1093.22644961 3272.89941225
-1 -1 -1 -1 -1 -1 -1 -1 -1 -1 -1 -1 -1 -1 -1 -1 -1 -1 -1 -1 -1 -1 -1 -1 -1 -1 -1 -1 -1 -1 731.9599596 640.5308766 3550.9655748 675.383271356 885.758457375 1441.94433075 342.9038106 707.09997852 86.8422039555 124.911844282 320.43869652 114.006561142 -1 3565.38826245 3549.0273408 2076.26106075 3067.8641004 8917.75062 4686.7548396 4423.25468734 2135.17405653 5426.854389 18714.2875087 3663.6365346 6791.87054325 25914.0942664 39221.8016531 27187.3320075 28295.8263562 39364.428915 43284.4781445 37812.6823387 38681.10111 25275.662487 15831.812646 13389.5329931 25879.286592 23039.63442 29830.3384095 8278.691625 30331.6193722 30509.6779103 20858.6052045 8527.28109412 1020.15815329 1128.23855826 3171.44043056 3063.50592135 588.64123275 3846.96329805
-1 -1 -1 -1 -1 -1 -1 -1 -1 -1 -1 -1 -1 -1 -1 -1 -1 -1 -1 -1 -1 -1 -1 -1 -1 -1 -1 -1 415.17202596 16.9804994441 548.422254349 208.907292675 1283.776791 -1 -1 -1 -1 -1 -1 -1 -1 -1 0.0 4285.65821145 9714.49092712 2475.929475 690.08813136 1989.54913691 8321.7379854 21853.731672 23221.4297966 40137.88011 30285.892965 35701.2228206 33525.8997487 35803.1991555 17923.1193315 1819.0355211 24845.9746072 48999.1442119 20053.87572 16329.0334039 25139.6015681 24154.5116295 20420.3247007 36704.585544 24286.2320482 14291.6747805 1690.49371238 843.943079614 2780.48302804 3646.118286 16628.5458536 33318.2960809 35985.0182655 2049.49226633 334.18863288 885.81664626 380.01485718 0.0013117887837
-1 -1 -1 -1 -1 -1 -1 -1 -1 -1 -1 -1 -1 -1 -1 -1 -1 -1 -1 -1 -1 -1 -1 -1 -1 -1 -1 -1 -1 192.75790275 -1 -1 -1 -1 -1 -1 537.131930254 647.647337925 -1 -1 603.529065 562.0279959 7926.05736 8596.54940625 7999.84303807 3372.10602413 3480.626682 6797.22674437 5907.29265709 14508.754953 20135.7703237 19282.865184 21643.8459825 38176.94307 33635.02233 30816.954168 253.602923438 17024.9402981 41284.6724647 22709.876742 9352.7413395 7494.5114265 25978.56162 13680.4102252 25060.6692844 20113.0057294 10896.123288 0.0 13491.3654727 0.0 9989.252325 8788.40753363 12762.1502662 13013.9109712 9370.098435 9960.1990215 6378.1325739 17030.0696906 26525.9805112 23680.3413911
-1 -1 -1 -1 -1 -1 -1 -1 -1 -1 -1 -1 -1 -1 -1 -1 -1 -1 -1 -1 -1 -1 -1 -1 -1 -1 -1 -1 -1 -1 -1 -1 -1 -1 0.0 92.5277331712 141.780966702 386.066219063 1351.12278982 302.511620677 838.08093945 2814.74402254 2466.06888412 3090.2033079 3794.36120542 1199.6843017 6821.723034 11949.452016 3384.42253301 12135.4775394 9682.62933975 5085.11006055 1211.7892899 6435.00461812 8045.85665925 34426.144224 4854.58928813 9973.7179875 26497.8087225 35740.3920094 19249.870563 15053.8290232 16202.8715081 25476.4031681 16270.387257 46971.735165 50162.0019277 15465.4325516 8574.05090813 0.0 16007.3133244 0.0 13910.619888 8527.10682075 3129.66457594 9441.91402875 52428.71808 45551.4036233 57316.876875 35188.6762789
-1 -1 -1 -1 -1 -1 -1 -1 -1 -1 -1 -1 -1 -1 -1 -1 -1 -1 -1 -1 -1 -1 -1 -1 -1 -1 -1 -1 -1 -1 40.445602128 15.4214978463 83.6737401075 696.267061481 140.203731244 161.126292994 250.660230022 1670.15683631 5386.6941 5351.901774 6240.02807925 6719.6479056 5669.45319307 526.0124376 1853.3851287 522.689774861 6531.31445434 6845.88628324 5123.32860814 5653.0752279 10256.4814039 8390.172555 1096.50851921 1287.8481192 15122.8893442 0.0 31376.2280745 21543.2984557 7981.8858825 35464.683294 9038.92255875 12989.4522581 13242.91311 10844.8577595 9081.88289887 15182.8619197 30832.441275 49620.639744 26623.8934294 19036.5129788 0.0 14732.9720572 4092.1622775 608.91689865 2536.54081909 18274.9521 24175.43982 39293.12646 49713.4093425 54405.61035
-1 -1 -1 -1 -1 -1 -1 -1 -1 -1 -1 -1 -1 -1 -1 -1 -1 -1 -1 -1 -1 -1 -1 -1 -1 -1 -1 -1 -1 -1 187.233619905 2130.15454748 2941.04180276 4031.4012075 3374.67083572 2525.71926213 717.029012925 1129.82228869 2880.65616805 8214.78297375 5495.46402915 10696.7576925 5122.16814326 1681.56450563 5287.64976232 3250.6358625 7126.88795325 8997.7179705 6224.84824279 16739.586171 10642.4959117 5575.00702894 2939.27330662 25629.4244906 61615.9888181 8239.821675 67689.0046613 24581.2351365 27451.322982 7404.17539875 3952.31135595 8628.2812419 8285.7116484 5535.20507794 7954.49234625 7413.5937075 6807.7307145 10907.9466562 4605.41301832 17258.5174987 35160.0880785 17894.895579 10455.404625 444.479248275 4799.70695888 0.0 3553.82937131 16617.47454 17595.44262 18856.142712
-1 -1 -1 -1 -1 -1 -1 -1 -1 -1 -1 -1 -1 -1 -1 -1 -1 -1 -1 -1 -1 -1 -1 -1 -1 -1 -1 -1 -1 -1 -1 40.9387707495 6.60871999856 723.46277682 1116.90651312 2694.05249066 2620.93348744 1772.2983096 1781.95851007 3327.42152812 6798.83938463 0.0 2946.15068513 1377.42867705 2390.82753735 4790.22116362 11099.2859935 12294.9607601 10153.4114535 17917.950576 9893.0056185 4414.96994805 10871.254212 42904.4953785 11327.8892287 32069.82303 42559.9593885 20746.2862875 11538.4662979 4070.93554042 19850.3115281 21455.126775 42728.7470318 55204.337835 54448.5147232 66653.5001494 55116.42276 80222.205492 86037.1075324 95466.8347852 97202.986455 93815.5363819 19933.63911 3831.42469421 433.2862896 0.0 1445.32000208 0.0 4987.12032517 6133.58031975
-1 -1 -1 -1 -1 -1 -1 -1 -1 -1 -1 -1 -1 -1 -1 -1 -1 -1 -1 -1 -1 -1 -1 -1 -1 -1 -1 -1 -1 -1 -1 -1 -1 0.0 -1 673.640854875 0.000492253299187 0.0 85.331264817 679.912774695 4457.2899996 2684.33680046 5618.6352225 4918.86274027 5359.14703222 4860.8484306 8233.93475775 12923.1063 17811.9591 17127.3660802 4484.5176558 13276.7687456 25810.6107758 39578.0690321 36826.9563971 18392.4600379 12779.7629794 30549.5907454 44774.558775 69718.420926 111591.925121 75021.8444539 84285.87489 79349.4710951 57949.031637 76339.8983944 82628.5141357 83755.3396643 75755.2385655 82825.77024 60017.57073 36441.9595706 11808.6660746 1798.73173384 1647.92718919 0.0 6148.7936865 1883.69037086 1791.2949843 810.610427265
-1 -1 -1 -1 -1 -1 -1 -1 -1 -1 -1 -1 -1 -1 -1 -1 -1 -1 -1 -1 -1 -1 -1 -1 -1 -1 -1 -1 -1 -1 -1 -1 -1 -1 -1 18.9843007406 845.765464747 923.062157512 2791.02205521 2921.7905244 3737.26297635 7586.45553956 4159.9742184 3494.00249415 4257.92904232 4188.61963905 1954.10298897 3287.91577388 7427.32687125 6102.08397 5446.53634162 30623.4288315 38056.5922669 14700.58668 37611.4444365 79969.5762615 60876.9257186 52881.4265535 67253.0040971 60448.778901 113123.82318 24236.27553 32312.9570996 42133.9879207 26264.3058607 70677.906684 85714.837248 67664.207964 58452.9631192 59651.1442223 39267.211347 9084.526128 7603.78580812 8193.7183185 11393.6876775 0.0 2794.46890485 566.167399894 1049.77153132 0.0
-1 -1 -1 -1 -1 -1 -1 -1 -1 -1 -1 -1 -1 -1 -1 -1 -1 -1 -1 -1 -1 -1 -1 -1 -1 -1 -1 -1 -1 -1 -1 -1 -1 -1 -1 -1 4.76289822743 460.61813811 1771.64115563 3851.1274269 5427.36221719 5916.997035 5657.44949137 8549.28656662 4334.73079204 4433.8593792 2188.38113153 7332.477075 7752.5147115 15644.8191015 15853.8387735 69753.0115957 37400.4097826 86861.534544 80492.775579 40187.79072 38668.3187063 56823.893088 26522.727399 29167.8933817 37720.7586225 36965.4935475 54064.728252 45085.4882175 58704.7639339 47117.6810527 40237.5516915 76400.711508 60501.8682341 56366.4625751 41645.194893 16109.128872 6269.67332955 2077.81740361 2120.5999308 5575.3388109 5789.1607578 1579.1123106 1151.73573825 1505.37944812
-1 -1 -1 -1 -1 -1 -1 -1 -1 -1 -1 -1 -1 -1 -1 -1 -1 -1 -1 -1 -1 -1 -1 -1 -1 -1 -1 -1 -1 -1 -1 -1 -1 -1 -1 -1 -1 145.01582925 1157.54126023 4359.29276858 6437.3011374 7831.06280138 7678.058661 29236.1814281 22682.497635 27686.2262625 11110.451001 51907.1788084 5398.29627341 9613.50180375 7359.99147 60571.930848 97259.6311537 81238.5042188 25506.8605627 21015.2974095 31794.790944 11304.445494 16474.7694 25167.7840114 43716.527496 54306.14751 49751.9975419 16044.6912675 683.588852625 16.0543008 7.7739463263 19260.2250431 46817.3072396 48454.0604415 26299.2686816 7748.797536 2179.50675579 3461.64759502 6042.415092 3563.2030941 535.938834825 530.913205114 0.0 0.0
-1 -1 -1 -1 -1 -1 -1 -1 -1 -1 -1 -1 -1 -1 -1 -1 -1 -1 -1 -1 -1 -1 -1 -1 -1 -1 -1 -1 -1 -1 -1 -1 -1 -1 -1 -1 -1 820.362059055 2360.2837959 5449.67995016 9548.234652 13811.2429612 12277.4542042 25458.8621805 34217.5448295 30232.6599225 32291.76105 37755.4389386 28413.840015 30634.925604 31988.034111 96927.3166429 77081.562222 67290.619557 42764.3633017 4695.84580905 0.0 0.0 0.0 0.0 0.0 529.382660963 0.0 0.0 4.48631963482 5.11892692369e-07 -1 2522.81530462 18178.7375126 36027.9748987 43209.9927056 12618.9508796 16510.1778364 6895.092672 7270.9402455 7222.24397475 1901.86669676 342.197680387 365.129043176 359.356662787
-1 -1 -1 -1 -1 -1 -1 -1 -1 -1 -1 -1 -1 -1 -1 -1 -1 -1 -1 -1 -1 -1 -1 -1 -1 -1 -1 -1 -1 -1 -1 -1 -1 -1 -1 -1 -1 792.020129081 1396.42368525 1019.76338959 2102.97720052 12023.2326105 22295.7708394 20330.491725 18123.4861125 31052.2270005 31133.7445909 39568.6918001 59488.274538 34005.4203713 71772.098712 85385.6402569 57230.412876 68805.6038827 32724.5507708 0.0 6363.4857546 10426.13505 46658.189133 28324.501398 2639.95087286 156.728011158 18.8744943439 0.0 44.2690089375 -1 -1 44.5277729925 1660.0844376 3459.76683874 40818.491145 30855.0082545 28662.2413935 19665.4395105 19893.32445 10005.3776475 13178.426796 5016.79722971 2054.33794563 266.575903965
-1 -1 -1 -1 -1 -1 -1 -1 -1 -1 -1 -1 -1 -1 -1 -1 -1 -1 -1 -1 -1 -1 -1 -1 -1 -1 -1 -1 -1 -1 -1 -1 -1 -1 -1 -1 -1 2028.604743 1160.84498516 2159.89736422 6317.72617162 4734.99691357 4272.299064 0.0 11028.6254347 16472.2702361 54192.530175 77426.26014 28685.2404919 7856.7706035 49720.7931187 60116.5624237 76147.936413 73323.1114177 59011.452045 36504.219633 39115.5639394 6093.6542574 18991.5403073 40208.402727 49668.7471312 34856.66292 33522.834642 9766.367262 66.7616527811 43.9435799494 -1 -1 -1 0.0 12505.140882 18235.8860494 32731.8469582 39421.040943 44110.496268 51071.6214116 46932.0829207 35377.8035227 45282.0891915 21660.89946
-1 -1 -1 -1 -1 -1 -1 -1 -1 -1 -1 -1 -1 -1 -1 -1 -1 -1 -1 -1 -1 -1 -1 1056.01688891 17726.13003 5958.9232128 -1 -1 186.638931656 -1 -1 -1 -1 -1 -1 -1 -1 3762.2444949 7624.61098931 8814.51168746 0.0 7150.98237713 2864.40871624 5683.53593737 13253.4885938 47706.6570244 42844.5155119 29882.978688 3817.502325 2180.72007093 18537.4080952 28764.990765 52233.1234875 66498.9187125 36191.310183 20403.88245 0.00024197213376 -1 -1 -1 4189.95659239 7286.21203241 13532.7126098 52573.1475555 22014.547008 5255.46965606 145.011129862 601.45800975 -1 -1 1852.00221371 9267.18218212 11881.4132104 16536.8207156 19160.7939427 48458.85723 38988.1280745 42067.8285863 59157.9237364 30078.90936
-1 -1 -1 -1 -1 -1 -1 -1 -1 -1 -1 -1 -1 -1 -1 -1 -1 -1 -1 -1 -1 574.784415405 1240.93173015 9207.807735 8060.80473 31384.0594001 56393.7904215 51593.1765142 38582.265219 56775.734295 46794.4688025 31065.21171 31942.3225144 40608.795069 38507.9442622 33652.535076 32672.758158 25902.0252585 26200.5492263 22929.364029 0.0 0.0 13255.883205 11269.8669075 29608.9333425 29501.8073437 3194.20495515 211.049687599 21.5402344523 271.44414465 1368.47539924 25122.065859 27497.0566567 6027.09089606 -1 -1 -1 -1 -1 -1 1.956991023 22892.5968371 13885.5675146 3229.09811445 13561.6976212 28522.186128 10881.7739295 316.8826353 -1 -1 -1 -1 2313.7647318 6308.24702389 16797.028509 16362.9140647 27075.182439 51871.0318665 43588.29108 39997.879455
-1 -1 -1 -1 -1 -1 -1 -1 -1 -1 -1 -1 -1 -1 -1 -1 -1 -1 -1 -1 -1 4455.79701967 19115.514405 13239.6281422 15048.6951615 37573.3625171 54273.9215287 46682.031375 23852.573622 23600.3322885 26828.8607186 13374.086013 23702.630112 28200.224142 20519.4691125 40989.5720561 29184.3904024 50417.1178166 60405.7830563 59801.1729472 89497.358685 58298.251776 64665.0384885 64187.7463762 70484.7161902 30132.8193375 713.9370537 -1 -1 -1 -1 -1 -1 -1 -1 -1 -1 8418.47831175 34853.2292036 0.0 5740.44529163 2553.36133575 4230.9703635 14768.18475 7635.20187656 40808.284581 73821.0066562 10294.7100043 28.8333764152 -1 -1 -1 -1 1489.8075195 3994.35119738 6460.15887281 17890.1583206 32478.449073 46983.426642 60361.341159
-1 -1 -1 -1 -1 -1 -1 -1 -1 -1 -1 -1 -1 -1 -1 -1 -1 -1 -1 -1 -1 -1 18179.0679502 40997.5004224 23948.5644401 49670.771544 50236.876431 17541.9049691 901.19834112 2191.22991754 2238.02961145 3960.16803064 7077.6262035 38348.460696 42868.4662237 20853.6700939 3459.7956708 10876.3132699 22884.1445636 27412.4005312 35434.1850244 47379.955302 59924.9032594 59245.78605 56168.586201 37505.4121058 4510.8622722 -1 -1 -1 -1 -1 -1 -1 -1 -1 -1 56064.6307155 70022.5970407 379.41737388 -1 -1 1231.60648072 1498.47494453 933.833231625 25256.2890502 48878.743278 34620.931161 8561.07294656 0.0 -1 -1 -1 -1 -1 -1 1454.53975525 13607.9005608 21514.4637593 65084.542245
-1 -1 -1 -1 -1 -1 -1 -1 -1 -1 -1 -1 -1 -1 -1 -1 -1 -1 -1 -1 -1 -1 22837.557876 45968.4571635 44174.210598 30738.47658 23568.7939909 9148.816602 2077.43360799 2027.38347279 2614.59434145 5761.14845501 2378.92823033 9534.23354813 24739.8181373 12503.1411349 21660.5765385 5659.246986 8750.8952775 9058.73136675 4361.9105205 8121.76014 10261.0391947 20923.3947885 26063.9902867 11859.0660435 133.040269631 -1 -1 -1 -1 -1 -1 -1 -1 -1 -1 25992.8383725 55469.1340069 -1 -1 -1 -1 -1 0.0 2716.2654945 40660.8108375 33949.3387575 47669.4618352 10314.837683 988.2845247 14821.6588905 7545.0273516 -1 -1 -1 -1 -1 1641.24155869 27806.871276
-1 -1 -1 -1 -1 -1 -1 -1 -1 -1 -1 -1 -1 -1 -1 -1 -1 -1 -1 -1 -1 -1 195.09275004 16597.2550838 47804.0563838 39858.253848 33722.194392 5238.2728965 1209.32430171 1514.67358485 816.21909702 2279.0491755 13764.8491365 34985.6067525 14036.0280525 13018.8258323 20927.564094 13798.11837 9645.21527062 10513.6340107 17299.9730419 15580.1770687 10462.519956 5084.8009359 451.923265699 -1 -1 -1 -1 -1 -1 -1 -1 -1 -1 -1 0.0 976.221773527 7190.04090544 83.41198593 -1 -1 -1 -1 -1 5.4618979383 4589.99135393 15218.9625262 20554.7761935 16577.7624375 6775.46859398 0.0 22.297376865 0.0 44.7093711334 -1 -1 -1 54.339685785 11234.9008382
-1 -1 -1 -1 -1 -1 -1 -1 -1 -1 -1 -1 -1 -1 -1 -1 -1 -1 -1 -1 -1 -1 26.5923261855 34132.4469 20983.6607389 22855.3812375 8946.686637 3269.2439376 0.0 5354.1564678 5499.75324176 19899.5266485 25509.8140414 14791.7836294 14962.807296 26844.572079 28953.9042825 11997.6378405 0.0 18008.6429974 31617.0063007 7524.81352575 -1 -1 -1 -1 -1 -1 -1 -1 -1 -1 -1 -1 -1 -1 1740.0517377 11265.2010217 32121.1898606 13836.3358361 -1 -1 -1 -1 -1 -1 -1 0.0 216.915352718 17857.2510889 26323.5418162 10728.2147998 6285.39310133 0.00215327492572 103.6083048 0.0 7.827971061 -1 9.29651983065 8724.20796712
-1 -1 -1 -1 -1 -1 -1 -1 -1 -1 -1 -1 -1 -1 -1 -1 -1 -1 -1 -1 -1 -1 561.132791696 22591.7386237 46766.766816 26896.7556135 23204.4452925 26955.9235455 41558.651388 30903.0029933 27331.494483 11041.3326926 1958.50235745 6530.633052 9105.443928 16569.0612135 35540.792442 18442.1760315 37879.3584799 27827.469021 15933.4050825 0.0 -1 -1 -1 -1 -1 -1 -1 -1 -1 -1 -1 -1 -1 -1 3988.50411656 16450.389441 30606.06159 18914.003841 -1 -1 -1 -1 -1 -1 -1 -1 -1 0.0 48263.4850185 32749.7549557 10291.628934 282.448503675 0.0 0.000211732768582 0.0 0.0 3653.8759278 41966.0371545
-1 -1 -1 -1 -1 -1 -1 -1 -1 -1 -1 -1 -1 -1 -1 -1 -1 -1 -1 -1 -1 144.718616639 2549.87427056 20082.6915 26552.203629 0.0 0.0 0.0 0.0 0.0 0.0 11522.560404 3935.88265909 3623.63074219 2477.6688726 10410.5334038 15851.702793 20128.071768 23265.4023878 6740.1520032 8.599371345 -1 -1 -1 2002.45365338 9819.354312 629.792217705 0.0 207.01643328 -1 -1 -1 -1 -1 -1 -1 1011.73581619 8819.61990525 28502.2538055 9869.81834917 -1 -1 -1 -1 -1 -1 -1 -1 -1 -1 -1 20376.697233 24017.399946 2641.799772 -1 -1 7.75760719125 -1 -1 7972.87951755
-1 -1 -1 -1 -1 -1 -1 -1 -1 -1 -1 -1 -1 -1 -1 -1 -1 -1 -1 -1 -1 1597.04021846 1415.92802715 2273.42223637 0.0 0.0 10386.293106 13613.7796477 13574.4887314 0.0 0.0 0.0 5530.0172634 756.932540017 614.077799812 1410.37589484 3113.2337223 16340.659692 10212.1725038 573.298201537 -1 -1 1478.11697452 0.0 -1 23.445926694 108.789448635 -1 -1 -1 -1 -1 -1 -1 -1 -1 3736.74372075 19692.129843 13221.5009096 3663.24146655 -1 -1 -1 -1 -1 -1 -1 -1 -1 -1 -1 -1 39609.2974005 38433.4976812 62.9573609644 -1 -1 -1 -1 578.272618935
-1 -1 -1 -1 -1 -1 -1 -1 -1 -1 -1 -1 -1 -1 -1 -1 -1 -1 -1 -1 -1 2558.57000036 2025.3615696 0.0 0.0 4854.13674113 2119.18150031 3233.30515414 9651.2580135 0.0 26521.9194187 19751.061456 8757.31088362 5193.57181125 3797.45031585 8839.63476675 5578.982586 17055.2454184 20547.0002569 24192.450324 3127.88857762 -1 1118.50609425 676.343484825 -1 -1 -1 -1 -1 -1 -1 -1 -1 -1 -1 -1 -1 3370.87496753 0.0 -1 -1 -1 -1 -1 -1 -1 -1 -1 -1 -1 -1 1789.71936915 18725.234103 2207.90901615 21.8877415144 -1 -1 -1 -1 -1
-1 -1 -1 -1 -1 -1 -1 -1 -1 -1 -1 -1 -1 -1 -1 -1 -1 -1 -1 -1 -1 399.592383082 2623.75216245 0.0 4096.76147854 8254.603035 18539.5537976 5799.9425655 10867.7154915 20130.9164595 24847.7356418 36141.8539147 16761.973839 14090.57046 29860.442838 0.0 13924.9944146 18546.8754757 7672.98335527 133.510427179 -1 -1 -1 -1 -1 -1 -1 -1 -1 -1 -1 -1 -1 -1 -1 -1 -1 -1 -1 -1 -1 -1 -1 -1 -1 4189.0308642 2877.05900734 539.273509421 -1 9189.24349894 12881.5429601 17585.857107 17777.8552425 202.437430335 -1 -1 -1 -1 -1 -1
-1 -1 -1 -1 -1 -1 -1 -1 -1 -1 -1 -1 -1 -1 -1 -1 -1 -1 -1 -1 -1 -1 0.0 6833.8857036 9108.86950054 16022.790186 24873.3009236 29439.525597 11367.0549322 5765.43894262 875.463965325 3022.85529 13149.6742627 13689.8164687 14306.5395401 0.0 0.0 0.0 149.906685806 -1 -1 -1 -1 -1 -1 -1 -1 -1 -1 -1 -1 -1 -1 -1 -1 -1 -1 -1 -1 -1 -1 -1 -1 -1 4.69468290356 2123.06647088 20155.21935 28615.0652475 26967.6737715 18467.096064 12925.9831757 0.000140209897669 0.00011347770855 -1 -1 -1 -1 -1 -1 -1
