Model Version1.4/trunk/input/1999/nsro_ag.asc
ncols 720
nrows 360
xllcorner -180
yllcorner -90
cellsize 0.5
NODATA_value -1
[rows 198 to 230 of 360, columns 584 to 656 of 720]
-1.0 -1.0 -1.0 -1.0 -1.0 -1.0 -1.0 -1.0 -1.0 0.0 26098.790936685 -1.0 -1.0 -1.0 266703.94044375 376340.9371092 49394.46079425 -1.0 -1.0 -1.0 -1.0 -1.0 -1.0 0.0 576552.34491896 1141351.7956148 190831.14021565 67430.11575202999 2181.081689009 -1.0 -1.0 -1.0 -1.0 -1.0 -1.0 -1.0 -1.0 -1.0 -1.0 -1.0 -1.0 -1.0 -1.0 -1.0 -1.0 -1.0 -1.0 -1.0 -1.0 -1.0 -1.0 -1.0 -1.0 -1.0 -1.0 -1.0 -1.0 0.0 167.76186966 0.0 72.3414320235 70.9593924548 0.0 -1.0 -1.0 -1.0 -1.0 -1.0 -1.0 69.8050992613 62322.06826192 0.0 0.0
-1.0 -1.0 -1.0 -1.0 -1.0 -1.0 -1.0 -1.0 -1.0 -1.0 -1.0 -1.0 -1.0 0.0 549755.9903064 706663.8073218799 948521.8795872 175891.81251922 -1.0 -1.0 -1.0 -1.0 -1.0 801134.46164843 1441157.5756168 632632.4117599 0.0 -1.0 -1.0 -1.0 -1.0 -1.0 -1.0 -1.0 -1.0 -1.0 -1.0 -1.0 -1.0 -1.0 -1.0 -1.0 -1.0 -1.0 -1.0 -1.0 -1.0 -1.0 -1.0 -1.0 -1.0 -1.0 -1.0 -1.0 -1.0 -1.0 -1.0 -1.0 -1.0 -1.0 -1.0 -1.0 -1.0 -1.0 -1.0 -1.0 -1.0 -1.0 -1.0 -1.0 991.364674649 51997.363396245 0.0
-1.0 -1.0 -1.0 -1.0 -1.0 -1.0 -1.0 -1.0 -1.0 -1.0 -1.0 -1.0 -1.0 -1.0 -1.0 -1.0 197512.53590570998 217372.61423535 -1.0 32354.045682829998 -1.0 -1.0 62283.58679284 617884.5416793 610976.3577615 -1.0 -1.0 -1.0 -1.0 -1.0 -1.0 -1.0 -1.0 -1.0 -1.0 -1.0 -1.0 -1.0 -1.0 -1.0 -1.0 -1.0 -1.0 -1.0 -1.0 -1.0 -1.0 -1.0 -1.0 -1.0 -1.0 -1.0 -1.0 -1.0 -1.0 -1.0 -1.0 -1.0 -1.0 -1.0 927.0266446979999 -1.0 -1.0 -1.0 -1.0 -1.0 -1.0 -1.0 -1.0 -1.0 -1.0 57.8589907862 10061.955524834999
-1.0 -1.0 -1.0 -1.0 -1.0 -1.0 -1.0 -1.0 -1.0 -1.0 -1.0 -1.0 -1.0 -1.0 -1.0 -1.0 -1.0 -1.0 -1.0 90474.59680446345 -1.0 64880.720448628 302322.845736 -1.0 -1.0 -1.0 -1.0 -1.0 -1.0 -1.0 -1.0 -1.0 -1.0 -1.0 -1.0 -1.0 -1.0 -1.0 -1.0 -1.0 -1.0 -1.0 -1.0 -1.0 -1.0 -1.0 -1.0 -1.0 -1.0 -1.0 -1.0 -1.0 -1.0 -1.0 -1.0 -1.0 -1.0 -1.0 -1.0 -1.0 8352.99972775 1262.07220865 -1.0 -1.0 -1.0 -1.0 -1.0 -1.0 -1.0 -1.0 -1.0 -1.0 -1.0
-1.0 -1.0 -1.0 -1.0 -1.0 -1.0 -1.0 -1.0 -1.0 -1.0 -1.0 -1.0 -1.0 -1.0 -1.0 -1.0 -1.0 -1.0 -1.0 -1.0 -1.0 -1.0 -1.0 -1.0 -1.0 -1.0 -1.0 -1.0 -1.0 -1.0 -1.0 -1.0 -1.0 -1.0 -1.0 -1.0 2596.4203128563 3898.02507413 3746.78918192 781.594858776 4194.64553594 2414.3439883248197 -1.0 -1.0 -1.0 -1.0 -1.0 -1.0 -1.0 752.102145217 -1.0 -1.0 -1.0 -1.0 -1.0 -1.0 -1.0 -1.0 -1.0 -1.0 5997.16509534 0.0 -1.0 -1.0 -1.0 -1.0 -1.0 -1.0 -1.0 -1.0 -1.0 -1.0 -1.0
-1.0 -1.0 -1.0 -1.0 -1.0 -1.0 -1.0 -1.0 -1.0 -1.0 -1.0 -1.0 -1.0 -1.0 -1.0 -1.0 -1.0 -1.0 -1.0 -1.0 -1.0 -1.0 -1.0 -1.0 -1.0 -1.0 -1.0 -1.0 -1.0 -1.0 -1.0 -1.0 -1.0 -1.0 -1.0 -1.0 5731.40983045 9018.81263088 4816.87159464 -1.0 0.0 5200.88486961 1269.6783099 843.43365918 160.280987686 -1.0 -1.0 461.208944861 669.3693278220001 -1.0 -1.0 -1.0 -1.0 -1.0 -1.0 -1.0 -1.0 -1.0 -1.0 0.0 7132.11336787 3986.05709952 444.2831180432 -1.0 -1.0 -1.0 -1.0 -1.0 -1.0 -1.0 -1.0 -1.0 -1.0
-1.0 -1.0 -1.0 -1.0 -1.0 -1.0 -1.0 -1.0 -1.0 -1.0 -1.0 -1.0 -1.0 -1.0 -1.0 -1.0 -1.0 -1.0 -1.0 -1.0 -1.0 -1.0 -1.0 -1.0 -1.0 -1.0 -1.0 -1.0 -1.0 -1.0 -1.0 -1.0 -1.0 -1.0 -1.0 -1.0 -1.0 1584.404069264 3285.0264228 1948.22337645 4370.04939569 9043.55285871 4029.7307688 3389.36067982 208.018844613 1024.9849953 6817.59456507 7353.73183207 3246.70893924529 4638.38128353 -1.0 -1.0 -1.0 -1.0 -1.0 -1.0 -1.0 -1.0 -1.0 3075.2477953 8867.67217617 9422.29176491 2871.662641 -1.0 -1.0 -1.0 -1.0 -1.0 -1.0 -1.0 -1.0 -1.0 -1.0
-1.0 -1.0 -1.0 -1.0 -1.0 -1.0 -1.0 -1.0 -1.0 -1.0 -1.0 -1.0 -1.0 -1.0 -1.0 -1.0 -1.0 -1.0 -1.0 -1.0 -1.0 -1.0 -1.0 -1.0 -1.0 -1.0 -1.0 -1.0 -1.0 -1.0 -1.0 -1.0 -1.0 -1.0 -1.0 -1.0 1967.9093780997998 6820.518649308 11152.47261694 7967.66939584 1758.27360398 3825.6835017 27164.5989525 11615.4479586 2038.70287644 1746.51130598 10148.8118672 9562.15187606 7799.0080608 1778.15069184 -1.0 -1.0 -1.0 -1.0 -1.0 -1.0 -1.0 -1.0 -1.0 3886.58188215 6535.01825516 10647.6183947 11540.8739432 -1.0 -1.0 -1.0 -1.0 -1.0 -1.0 -1.0 -1.0 -1.0 -1.0
-1.0 -1.0 -1.0 -1.0 -1.0 -1.0 -1.0 -1.0 -1.0 -1.0 -1.0 -1.0 -1.0 -1.0 -1.0 -1.0 -1.0 -1.0 -1.0 -1.0 -1.0 -1.0 -1.0 -1.0 -1.0 -1.0 -1.0 -1.0 -1.0 -1.0 -1.0 -1.0 -1.0 -1.0 -1.0 0.0 959.78228172 10388.358297405 13050.3706696 12542.4078239 18695.7831127 28714.2219169 37609.2903855 7248.66174815 2601.10640133 769.725858353 11253.348459 1799.7926953 2005.73390287 -1.0 -1.0 -1.0 -1.0 -1.0 -1.0 -1.0 -1.0 -1.0 -1.0 6066.88730751 7641.79457688 8957.25566552 14084.114115 2670.07002275 -1.0 -1.0 -1.0 -1.0 -1.0 -1.0 -1.0 -1.0 -1.0
-1.0 -1.0 -1.0 -1.0 -1.0 -1.0 -1.0 -1.0 -1.0 -1.0 -1.0 -1.0 -1.0 -1.0 -1.0 -1.0 -1.0 -1.0 -1.0 -1.0 -1.0 -1.0 -1.0 -1.0 -1.0 -1.0 -1.0 -1.0 34.0722324804 199.623055254 227.749137452 -1.0 -1.0 -1.0 -1.0 712.462558325 2006.72320808 23863.31960651 36927.415650819996 15810.5804664 13825.9491758 19543.8831756 12670.3433484 6255.36924018 1227.41792808 1800.18680077 9790.29342447 5958.62510441 894.898846327 1939.56045032 -1.0 -1.0 -1.0 -1.0 -1.0 -1.0 -1.0 -1.0 -1.0 5032.1678412405 9728.37046032 5184.91531278 18838.6411116 1748.16654837 -1.0 -1.0 -1.0 -1.0 -1.0 -1.0 -1.0 -1.0 -1.0
-1.0 -1.0 -1.0 -1.0 -1.0 -1.0 -1.0 -1.0 -1.0 -1.0 -1.0 -1.0 -1.0 -1.0 -1.0 -1.0 -1.0 -1.0 -1.0 -1.0 -1.0 -1.0 -1.0 -1.0 -1.0 -1.0 -1.0 2.16128866631 1080.37600824 2460.88297542 4500.94706209 0.0 -1.0 -1.0 0.0 0.0 3383.05971532 4806.0317994 2733.10822605 24719.247832594 15486.25417276 2235.08753861 2490.01713387 0.0 0.0 3228.7210011 1030.12604674 163.147396644 42.36005655 2872.66303527 -1.0 -1.0 -1.0 -1.0 -1.0 -1.0 -1.0 -1.0 -1.0 588.957367395 6318.53619989 8638.63714844 14696.4832832 4680.4090726872 23664.153182052 0.0 -1.0 -1.0 -1.0 -1.0 -1.0 -1.0 -1.0
-1.0 -1.0 -1.0 -1.0 -1.0 -1.0 -1.0 -1.0 -1.0 -1.0 -1.0 -1.0 -1.0 -1.0 -1.0 -1.0 -1.0 -1.0 -1.0 -1.0 -1.0 -1.0 -1.0 -1.0 -1.0 -1.0 1935.28917979 0.0 2083.01445936 4102.3335816 0.0 0.0 0.0 69.2562579739 0.0 0.0 0.0 0.0 164.576513281 10756.8697515214 6650.4668629299995 9817.387014738799 3393.29528714 0.0 0.0 0.0 21.0052610459 4.5609740577 -1.0 -1.0 -1.0 -1.0 -1.0 -1.0 -1.0 -1.0 -1.0 -1.0 -1.0 758.156322 543.520169205 6111.91506712 8340.4320343915 6004.46348505 7521.84076297 8131.39179228 2399.50398723 -1.0 -1.0 -1.0 -1.0 -1.0 -1.0
-1.0 -1.0 -1.0 -1.0 -1.0 -1.0 -1.0 -1.0 -1.0 -1.0 -1.0 -1.0 -1.0 -1.0 -1.0 -1.0 -1.0 -1.0 -1.0 -1.0 -1.0 -1.0 -1.0 -1.0 -1.0 443.552295975 0.0 0.0 0.0 0.0 0.0 0.0 0.0 0.0 0.0 0.0 34526.05201640317 8513.50719429 0.0 4116.2906846695 2744.76898971 3885.51385133732 4767.517240494064 0.0 0.0 0.0 0.0 0.0 0.0 -1.0 -1.0 -1.0 -1.0 -1.0 -1.0 -1.0 -1.0 -1.0 -1.0 249.5792394 412.04173356 616.52426748 3249.01398503 8007.1210161 5723.98825962 8400.21155857 5905.409826334 -1.0 -1.0 -1.0 -1.0 -1.0 -1.0
-1.0 -1.0 -1.0 -1.0 -1.0 -1.0 -1.0 -1.0 -1.0 -1.0 -1.0 -1.0 -1.0 -1.0 -1.0 -1.0 -1.0 -1.0 -1.0 -1.0 -1.0 -1.0 -1.0 -1.0 3557.617086324 0.0 0.0 0.0 0.0 0.0 0.0 35302.070204546006 41267.750917554 38735.77686636 21072.6204339 21449.0861193 22083.218465943784 25483.1146375 13613.6615475 13736.2669275 1613.3917365 1047.74808262 1999.0628386560002 0.0 0.0 0.0 0.0 0.0 0.0 0.0 0.0 -1.0 -1.0 -1.0 -1.0 -1.0 -1.0 -1.0 0.0 3429.627422996602 2367.0104428408467 1812.80570724 1003.58101336 11826.376323 15907.673047 26384.36160252 15966.8663184 -1.0 -1.0 -1.0 -1.0 -1.0 -1.0
-1.0 -1.0 -1.0 -1.0 -1.0 -1.0 -1.0 -1.0 -1.0 -1.0 -1.0 -1.0 -1.0 -1.0 -1.0 -1.0 -1.0 -1.0 -1.0 -1.0 -1.0 207.417729086 -1.0 13132.596402899999 13855.691274159999 0.0 0.0 0.0 0.0 0.0 12602.2039323 30211.2072252 35561.7489116 12377.4757399 11835.6416446 17324.3548174 0.0 15654.6529387 9370.0478634 5066.00273408 1837.56806745 1760.2382145 1451.9224005 2307.4414974 3119.8264713 7856.5528125 8466.25244175 32787.7383372 0.0 0.0 0.0 0.0 -1.0 -1.0 2364.03470628 4943.87715291645 -1.0 -1.0 0.0 788.6369760205737 2069.4528763896387 3023.4564868979996 3105.4828473202 7075.607235462 11117.544424314 16644.933250385 31406.0513332 -1.0 -1.0 -1.0 -1.0 -1.0 -1.0
-1.0 -1.0 -1.0 -1.0 -1.0 -1.0 -1.0 -1.0 -1.0 -1.0 -1.0 -1.0 -1.0 -1.0 -1.0 -1.0 -1.0 -1.0 -1.0 -1.0 -1.0 810.9687649606001 341.47770410879997 11625.4540231 11194.2531729 21220.681304 0.0 0.0 0.0 10268.672832 17625.5305429 23584.1671806 26852.1233231 9117.6723 14877.9016656 18847.09896 0.0 7479.83709142 7383.4058178 3482.69703 2237.56236 1850.1333556155 2809.42295325 1453.65824595 1870.3965273 2089.29837 3659.4078675 7931.181408 11956.2002428 0.0 0.0 0.0 0.0 0.0 13396.827683089 -1.0 -1.0 -1.0 920.836582968 1551.3499066476938 1011.7627011007168 0.0 1363.33785714 4004.09241637 9071.608785568 8440.2057754979 109512.1499463 35171.61483648 -1.0 -1.0 -1.0 -1.0 -1.0
-1.0 -1.0 -1.0 -1.0 -1.0 -1.0 -1.0 -1.0 -1.0 -1.0 -1.0 -1.0 -1.0 -1.0 -1.0 -1.0 -1.0 -1.0 -1.0 -1.0 957.1751689655999 1553.90659747 1493.2471862986 1517.087498675 4211.3165277 7317.69143452 17805.1391738 28052.0171217 13833.4115088 12004.0618512 22709.857212 10865.4361875 32528.860302 17017.249182 11461.9410795 9438.39405054 5064.20235109 9752.40956528 6802.3018656 907.23529575 821.063880112 1067.49875142 3226.64350806 1643.7491937 1662.84124155 1667.7731661 2863.5962271 5876.18384647 6178.7540748 8226.72724185 7049.55444921 0.0 0.0 0.0 450.672044889307 -1.0 -1.0 0.0 942.371149203 1887.0498438708923 2019.3428219679 0.0 0.0 3989.41563262 8310.729678293 14317.241765980001 136572.8326722 87529.7702901 0.0 -1.0 -1.0 -1.0 -1.0
-1.0 -1.0 -1.0 -1.0 -1.0 -1.0 -1.0 -1.0 -1.0 -1.0 -1.0 -1.0 -1.0 -1.0 -1.0 -1.0 -1.0 -1.0 -1.0 -1.0 876.794833845 747.149486137 851.965829325 2946.255561085 2013.62746838 1909.331775 7059.213 17952.8408029 33615.9329843 24007.0083071 13813.3626637 10717.1617081 12071.346144 6870.08549925 15312.8957661 10489.8363507 5205.6993792 6589.7213175 2731.9397721 1223.38951686 1443.08314238 1461.24318044 1743.2823306544 2144.20321275 1997.99145067 1890.49385062 1742.76120532 1330.99342935 1520.32083352 2194.28383387 5341.16185761 12578.6682583 7660.45374234 1242.4938288 1321.06914866 1592.38325547 1401.9274116 1815.98634604 1200.09212083 830.742147587 1860.69677647 1970.02309342 0.0 0.0 7609.28365049 13144.707914161 18810.97688513 49921.51235294 50124.06963288 -1.0 -1.0 -1.0 -1.0
-1.0 -1.0 -1.0 -1.0 -1.0 -1.0 -1.0 -1.0 -1.0 -1.0 -1.0 -1.0 -1.0 -1.0 -1.0 -1.0 -1.0 -1.0 -1.0 201.1687831536 872.9454504875999 1105.6065505 1876.5542616 4831.75144494 3683.48341725 1830.045321 1847.73481448 5778.62984784 15650.2742873 17370.4334002 6782.2744992 9658.20196875 9208.9718928 4937.71132511 2726.05438845 2645.511744 2654.60665995 2038.9809531 821.506235895 1702.21828875 1995.4954065 1582.325388 669.50873361 4876.57004065 1810.05263332 1820.71079686 1578.992793 1775.414142 1194.39596036 11443.3764498 4218.15408484 8713.89413494 8655.5069028 4325.52872306 1216.39361382 1603.97838158 2343.1456044 1752.27083622 778.189141957 700.540193788 2023.42181265 3206.15402147 5085.56379077 4009.53982292 5427.09949135 12417.464000169999 18455.443491400998 76014.6848512 10640.97287432 -1.0 -1.0 -1.0 -1.0
-1.0 -1.0 -1.0 -1.0 -1.0 -1.0 -1.0 -1.0 -1.0 -1.0 -1.0 -1.0 -1.0 -1.0 -1.0 -1.0 -1.0 -1.0 -1.0 1180.37790556752 1644.55068398 2269.1088873 3050.933955 3942.8019027 3349.86389678 6106.45261128 12167.771794 5404.34014758 6056.522634 5913.43426275 4824.81404625 5803.20779565 2141.56511258 3067.24657005 1072.07044793 1736.0964003 2168.3737233 554.5478601 1062.28323099 1128.218379 1856.69874255 1681.7651379 1360.02812175 2806.1770275 2429.513358 2275.60595797 2506.31177414 2005.05719542 1403.558772 5257.28420943 2805.57844425 3484.19743575 4524.96794509 14218.365851 6004.6206664638 2738.18053411 1937.37720011 2196.46455449 965.127824568 853.268826238 597.9471111 4193.4233646 7643.00297698 9236.5387173 13017.785593 7182.2463105 8759.656859104 17482.9332443 70563.1803624 -1.0 -1.0 -1.0 -1.0
-1.0 -1.0 -1.0 -1.0 -1.0 -1.0 -1.0 -1.0 -1.0 -1.0 -1.0 -1.0 -1.0 -1.0 -1.0 -1.0 -1.0 -1.0 679.408826085 1895.01754293 2684.2422054 2570.30781772 2813.21646975 2716.3066836 2620.6081434 2795.77026225 2591.15741535 2911.09116112 2244.207672 1898.7132528 3200.87331427 2702.19221745 3079.8497895 9018.16533187 3858.42015202 2150.6096172 1520.0679945 1212.87520838 1750.35122385 2231.692782 1829.71648725 1665.5999838 1224.29046416 2570.96594415 4101.54131625 1429.6305231 2284.53435961 1232.32882752 1311.80334097 1738.1836215 1345.62804798 1296.0814752 6694.07952406 9824.44601295 17217.698004 9964.3250706 2834.19366061 2278.26127221 997.994773179 420.526955475 757.8442404 773.855534865 24965.4655421 8774.74978545 13400.0704672 9531.7420278 5903.86350411 7423.56643462 29353.7809047456 34111.2585771 14163.225151589999 -1.0 -1.0
-1.0 -1.0 -1.0 -1.0 -1.0 -1.0 -1.0 -1.0 -1.0 -1.0 -1.0 -1.0 -1.0 -1.0 0.0 174.659239258 404.848845052 618.958859737 3408.68334725 2374.2705021 3056.83369687 2691.27730072 2685.9452229 3025.127088 3097.7841696 1926.9235362 1823.01053077 1587.141438 1735.12531102 2321.2870083 2247.9766875 2348.63245343 2805.0401769 2216.9235528 3379.17178321 1708.0274475 658.51760994 1595.59489987 2506.62067875 2229.7260744 3028.2577785 2577.58719675 1364.9756175 642.42570111 2855.14294163 1701.50757038 1165.85295557 1300.296371291 1523.03357587 2415.90058969 1600.48806982 1512.14627587 3202.31767125 5601.2642858 8033.150061 17157.3609857 5626.12108824 2063.37027283 1684.16253447 727.202663092 907.5012679199999 1590.85048751 5371.7369196 10025.502604 8819.0641224 8168.03903977 22323.7735442 20337.659320503113 11633.6281125244 35100.40952091 167879.2997993 13711.05839929 6310.479978990001
-1.0 -1.0 -1.0 -1.0 -1.0 -1.0 -1.0 -1.0 -1.0 -1.0 -1.0 -1.0 477.486289493 1117.63869147 3050.79474975 2540.74782822 3143.64763368 1209.42472434 1164.55518876 1341.39957547 1704.1003716 2011.9364097 3167.4498345 3625.2056487 3489.0162114 3162.93366337 3098.17084575 2642.18838412 1537.1889159 1661.17889078 793.16729328 2321.50895505 2455.7256054 2838.84768765 821.326437855 1107.83347837 941.193894915 1753.4278269 3100.42778632 2245.9294071 2986.2446688 2819.048316 1164.23854657 377.108066325 8343.21903574 4250.593614 1625.75266612 1105.60756336 2559.94835451 2794.6447596 3028.59175451 2583.687070459 2719.957587 5751.72142864 12595.748806 18785.6026827 7494.90020734 2340.35235361 2511.01549494 1457.26542 1404.828929869092 1414.7613711 5366.37250511 7306.0630833957 10323.4578075 9725.0865816 11920.640767815 7973.74058514 40002.4053525355 3493.2590316 32586.617914180002 35472.139948444994 71352.3633872
-1.0 -1.0 -1.0 -1.0 -1.0 -1.0 325.534670509 -1.0 1952.29080605 8734.56718018 7223.25339938 5749.24621354 1776.70004964 2758.8213282 3536.5017156 5802.1765725 11025.1912968 3414.47948685 1609.6346244 1123.54898933 1105.56090937 1210.52990358 1269.43568388 2564.42876775 3021.205896 3452.66872492 3136.25691555 3118.42422 1852.621326 2087.26039275 1925.936628 1730.2795995 2314.20196179 1565.90911403 789.964091438 1054.52978715 843.895056285 1773.9417663 1638.37572937 1638.25292565 1106.75880822 2308.07082135 1362.19459185 675.210407865 4097.93749657 12709.5324564 9652.18734022 3927.34205902 858.980621565 2367.60578496 1538.01680175 2922.71373803 1894.21776075 3992.82296151 9397.23328318 14368.8591075 15614.5150548 7716.64537858 1871.9181804 1888.7265873 1371.4777311 2883.37687281 6263.4509416 9027.81693202 16824.0984366 7461.2796738 5531.2772733 3123.4390068 4276.66407117 12950.51760085637 3190.09809 25232.796037764 44677.7146257
-1.0 -1.0 -1.0 -1.0 -1.0 -1.0 -1.0 684.816367482 13861.2783946 20906.198358 17039.9438662 20977.1176964 15013.5163667 6543.1877715 13198.6081995 10364.8165539 8578.80114727 9691.4944287 3984.22332765 1642.0089135 2234.3106948 1159.32462496 1110.25499373 1118.40166611 1824.3173394 2967.52760175 3132.96273 3113.2818264 3091.84428735 1971.89030055 1155.36969259 3590.89703949 2444.9045625 2110.287999 1265.66127051 2675.83875462 2447.66403729 1004.47155276 1032.86732856 729.913515975 590.435284433 877.76141079 1166.08932358 2713.42927995 1694.278782 4426.53866671 11025.2242431 2484.1556433 2443.65076585 3460.64170485 3028.72306275 3170.16175553 1737.08834145 1022.9033168 7126.83462116 9790.7744634 10385.0736365 13785.093581 2004.35246595 2179.62633488 1680.17733975 1843.0269951 2331.56688555 5726.49605172 4518.8089128 2714.27182647 2958.81684405 5626.5111137 5663.59766172 11167.45901746 14598.845180515 9556.829132634999 33616.79698991
-1.0 -1.0 -1.0 0.0 1449.28621337 710.661302235 1461.80416667 4757.31745965 13144.0987592 14928.6186015 12500.6678924 14461.677873 17878.3413205 9155.718015 8377.76200365 9276.60057412 10906.5110259 8779.48572277 5920.97215815 1579.6228824 4520.81675115 1731.1217904 1112.32716424 1180.74866168 1342.9478349 1347.77122425 1422.0498501 2623.89935115 3318.5505003 3426.667896 1110.62411178 1830.5012319 2301.06521445 1605.19326247 951.612262635 930.06601533 747.426932955 857.516486887 662.00941719 653.56738326 2973.80827957 6656.4792945 7456.82806638 6033.37110863 4512.18936622 1726.76037825 1493.8501869 2205.5672655 3196.89550267 3842.60133555 3875.55963795 4429.9473018 2192.44428369 1121.22084316 8835.73673903 8720.65357845 5977.8540495 10082.4610749 7421.04177975 8879.75112024 4117.90426292 2664.05977125 2427.22619625 2864.79283035 2945.71090732 4627.26535478 3021.17237195 6008.22579154 7695.05097312 5546.9337504 4226.945474417 5699.76832484 19722.5132328
-1.0 -1.0 -1.0 6618.65162895 2319.18580072 1548.11586905 2618.43819627 6719.7156741 12069.3432263 23099.6051588 23370.203181 22307.3093081 20385.6915258 13287.7727109 4784.5663677 5421.97520363 7111.11480351 6310.9464309 4550.0786667 4878.9677667 9563.72681002 177.940468691 641.923063087 1174.9057401 1485.53154758 1247.44947037 1204.44821981 1329.82583085 1472.7510207 1321.77192 1020.91424463 952.9481052 1309.88430292 678.0713415 1100.63578123 570.42231951 1020.77847907 5664.03976207 5841.62231872 7818.06531492 6684.23989867 17867.3671316 4480.2574074 1839.12723697 3652.93642275 3063.64056075 4800.35127112 7156.49884034 5732.2375923 4701.87447287 3409.59647415 2781.01382508 2375.2904901 1950.0698163 6329.74925821 4737.88965249 3736.11734752 3011.52672345 8935.31412393 9468.3158724 7598.29490964 2509.94175105 3740.950821 2999.74191165 3182.82454912 5070.02128507 4946.65999644 5006.26611342 6372.11527376 3772.50747624 6409.77930674 35629.2718913 12455.351601817001
-1.0 -1.0 -1.0 4676.4403542 4965.8352281771995 3282.28204317 6756.99141635 10529.1136104 13591.8116279 25356.3634106 28667.1309606 31131.9175083 1386.51698022 23245.6256173 16937.72118 3078.07706226 2809.42891466 7720.82031101 3339.89843281 1719.76783163 2452.24860951 2276.17300113 2966.47992036 1217.60546198 1260.49112707 1226.47273305 1123.775463 1216.10376926 1344.60017925 1434.734289 1205.04427947 988.596079875 1655.187651 487.36160811 398.08803222 975.179927565 1176.83081145 2599.02732255 4675.50665505 6388.7280435 3902.87411625 5331.47986734 6767.28007734 1742.3043072 4365.65867406 4436.33408789 5548.92854533 6695.6850399 7721.62394063 6012.11926359 3698.563173 8826.22617834 5410.7579532 3059.38724322 3714.2411083 3413.81580754 3844.72973726 2419.726008 4907.7260196 3608.79062805 5118.70203682 4050.9999465 9516.38774856 2767.27916775 4796.34842805 4141.86249852 6006.45146144 5453.27562264 5975.32078395 9653.17820288 8896.31191878 44478.653846 31178.89747898
-1.0 -1.0 -1.0 3546.67307373 3961.14679608 3658.96097301 4481.99499681 13525.3506788 17593.7870232 15516.7258995 16004.8885039 23738.484552 20106.5130436 27637.8534035 17287.5989643 12587.1937326 5494.58507808 5610.15831695 3081.90820275 1259.1389472 2168.73503865 2784.209781 4929.35435006 1257.80524612 936.433839398 1024.58836899 1186.75073389 1220.45359388 1430.7097284 2241.33603187 3354.55759125 3297.1487346 3650.6512728 2630.7499344 1852.0288833 608.693928 2166.03381713 2183.99086185 10970.4799116 11242.677474 9497.85368888 18554.1847705 7013.57559509 5943.72095455 19061.0643888 23198.7724522 28457.1267684 2396.90445799 968.76463752 989.396733938 2234.12766555 5985.19120338 3432.1193874 2818.12604412 4019.3725725 2464.7776944 1423.9358712 3231.90603855 3352.1903955 2523.64181175 3800.01127005 5778.49312622 6710.59941465 5010.25086481 4954.03291874 4026.61600906 3311.03921568 6007.98138381 7646.22486461 5491.2881556 20908.778929349 8811.738684758 42324.8681126
-1.0 -1.0 0.0 4046.7651246 1747.96039045 6299.72879908 5801.9049858 7337.64065112 11224.4038691 19742.7062448 15091.8885029 14074.3614542 18044.5526929 12107.69761 8264.3424435 4464.0480795 3782.97903487 3976.29557766 1424.0865072 1526.7425337 1870.6629474 2837.22133387 2389.969071 1072.00333622 939.07773144 1094.78729479 1157.11472718 1331.98488645 1674.18243495 0.0 0.0 0.0 0.0 0.0 1363.61526308 1336.1120418 1144.88764699 4543.07025915 2001.76254608 14958.8800305 16831.050943 14942.846151 18848.3385139 15231.1288927657 21133.4205159 25627.64688 18374.7731805 2088.04391618 2360.7972774 1043.29832087 1236.11830434 1925.29480605 1514.56664512 3089.29959276 3807.9373056 1999.0905804 1883.3181426 1751.7331821 216.61119768 3710.591577 2748.79935225 7629.46120988 4939.19337 4363.84573354 4623.11869985 3501.10743445 4148.37503577 7636.874123420001 8414.18150722 8959.02836031 18195.708624756 13941.91770895 45160.447153
-1.0 -1.0 3241.666770653 1882.95000525 1421.87561171 8767.28821761 6729.38927901 3919.8941478 4459.3808796 19024.3583827 15407.9353958 21924.0118159 19200.9592164 13681.6506369 11862.029513 5530.55256024 2923.49956998 2535.74475399 1618.1666319 1879.0173588 2077.63029337 1540.9773378 1870.88582888 1241.2261668 1115.1040639 929.093976135 1501.38793732 1547.572446 1148.95170097 0.0 0.0 0.0 0.0 0.0 1317.84275925 1193.19852578 1851.21989955 1704.2926761 2951.7071976 20001.8030481 24631.1836272 20043.2253657 18010.696923 6871.83136718 13442.1263678 11202.5161371 8174.2793517 1741.94221163 1203.39021528 2093.9965368 941.977758772 1218.64267463 410.928390327 1953.95325915 2510.60396625 975.549515625 1513.43014275 974.096993625 2164.7660535 2845.4605749 2344.43063828 3895.66436752 5729.16172242 3725.07988447 3924.26774538 3140.45144771 3724.12275279 5079.6226321 12550.1001357 10163.5605328 16519.5515124 20934.1593072 30553.900659
-1.0 -1.0 313.862446491 1899.55813887 1361.86391849 5098.07392061 11510.5265035 7379.98765317 6317.18295075 12070.1457835 10856.7004852 17909.3212056 10158.3394057 10618.0995224 9690.22739574 8100.90819832 5157.17626812 2626.56047981 2855.60202493 3865.71931189 1981.0350468 6440.15597138 1525.18403925 2335.2367878 2356.80162413 553.0637403 0.0 0.0 139.301496157 0.0 0.0 0.0 0.0 0.0 17353.0491135 5448.639807 1059.55054364 1552.703355 1841.0701725 2190.85932735 2520.826596 1562.38008833 2958.59349825 3317.2215705 4995.6566166 6019.95467137 2003.96065762 1451.112993 892.377905738 1592.44809367 1382.49997965 1029.59283525 264.21108988 1476.1364955 2454.1289398 1509.2256192 1604.5673805 1548.7013034 2117.3644992 2551.7975622 4923.8791488 3437.9465229 7288.43535232 8300.66276543 10457.6636227 10138.5050777 4974.4526364 8327.59204127 9944.096894 18542.8760231 19322.7964776 17554.334870898 37027.6333015
-1.0 -1.0 0.0 529.986130576 952.054745969 1125.85055668 3647.15772823 6626.09465896 8278.83000315 3195.35550207 3005.070681 4777.71235778 0.0 8488.64884087 4466.88333904 3741.15785025 4334.49288902 5820.19108139 5242.85080977 5911.2672912 4346.1486702 6142.93157097 2223.78760127 3677.69651175 3385.71748736 1916.06563669 1079.14413429 544.9951179 0.0 0.0 0.0 0.0 0.0 0.0 7353.9177657 9793.00457973 3018.67147365 2873.33314687 917.121641407 1645.74344865 2609.76800648 3077.25686809 1870.53267525 1121.814705 4023.7356102 3668.7335055 1754.05884817 1231.583133 732.590865353 1490.3080353 2300.18019 1775.4270348 373.473788685 1907.47734368 1853.86562475 2370.20410326 2000.31041749 1772.49017663 1778.098272 6811.1420006 2358.46183072 2303.9855979 3609.33014926 10925.8013175 10329.3763209 7351.956495 12490.2409995 6344.13802554 5356.18073522 8216.31157248 14828.8472833 13645.535652 16568.6568
