Model Version1.4/trunk/input/1999/nsro_nat.asc
ncols 720
nrows 360
xllcorner -180
yllcorner -90
cellsize 0.5
NODATA_value -1
[rows 175 to 209 of 360, columns 240 to 319 of 720]
5853.0913776 9228.37720507 7192.50804562 7681.9129737 7264.7686359 10526.9993838 8515.49400105 21681.6068329 22508.5171875 17652.2483456 26722.5989081 19791.1319362 13374.9635116 15208.930347 8295.42282952 9695.03643112 16901.9784045 8262.16593622 2445.633225 0.0 -1 -1 -1 -1 -1 -1 -1 -1 -1 -1 -1 -1 -1 -1 -1 -1 -1 -1 -1 -1 -1 -1 -1 -1 -1 -1 -1 -1 -1 -1 -1 -1 -1 -1 -1 -1 -1 -1 -1 -1 -1 -1 -1 -1 -1 -1 -1 -1 -1 -1 -1 -1 -1 -1 -1 -1 -1 -1 -1 -1
22294.74834 32181.6274189 15390.70368 32144.6501475 10262.4293625 13226.9443332 15147.5056493 11409.3377407 6546.09354502 10450.6320765 17215.6781617 11996.9626731 9131.24112585 14249.1666315 14067.3773234 7518.21721312 8422.4529108 11959.8916461 3590.48764924 2388.61214835 -1 -1 -1 -1 -1 -1 -1 -1 -1 -1 -1 -1 -1 -1 -1 -1 -1 -1 -1 -1 -1 -1 -1 -1 -1 -1 -1 -1 -1 -1 -1 -1 -1 -1 -1 -1 -1 -1 -1 -1 -1 -1 -1 -1 -1 -1 -1 -1 -1 -1 -1 -1 -1 -1 -1 -1 -1 -1 -1 -1
19741.7277574 36832.1345336 38176.5051649 37001.5750579 31900.2455085 13946.7429774 13107.3953559 8998.75663294 11152.5856176 9846.9896952 21393.204015 30102.3017325 22191.1130332 13794.6705797 22595.086395 12466.3653221 13919.3607312 12338.0801838 4200.96947602 2122.77664102 649.67186172 -1 -1 -1 -1 -1 -1 -1 -1 -1 -1 -1 -1 -1 -1 -1 -1 -1 -1 -1 -1 -1 -1 -1 -1 -1 -1 -1 -1 -1 -1 -1 -1 -1 -1 -1 -1 -1 -1 -1 -1 -1 -1 -1 -1 -1 -1 -1 -1 -1 -1 -1 -1 -1 -1 -1 -1 -1 -1 -1
13602.9373641 18204.1442471 31959.161463 28707.4120912 33716.7738 20324.21085 11065.1172345 17975.02161 16427.92767 22932.13824 28483.1954887 26978.3183587 43895.4375562 37324.8178125 35813.614485 22332.0518625 18934.9639485 9468.99342 5122.00720912 1980.61606039 0.0 -1 -1 -1 -1 -1 -1 -1 -1 -1 -1 -1 -1 -1 -1 -1 -1 -1 -1 -1 -1 -1 -1 -1 -1 -1 -1 -1 -1 -1 -1 -1 -1 -1 -1 -1 -1 -1 -1 -1 -1 -1 -1 -1 -1 -1 -1 -1 -1 -1 -1 -1 -1 -1 -1 -1 -1 -1 -1 -1
11316.6517912 27335.2094437 13179.5115238 13284.2543046 19116.0992137 20087.3634637 14588.0031274 14244.1328737 22181.0426437 26429.527095 31123.9962 20920.17645 32390.090565 25370.95113 30963.137865 29559.2639175 15917.1123592 5767.29277448 2848.4279484 688.037275346 0.0 0.0 -1 -1 -1 -1 -1 -1 -1 -1 -1 -1 -1 -1 -1 -1 -1 -1 -1 -1 -1 -1 -1 -1 -1 -1 -1 -1 -1 -1 -1 -1 -1 -1 -1 -1 -1 -1 -1 -1 -1 -1 -1 -1 -1 -1 -1 -1 -1 -1 -1 -1 -1 -1 -1 -1 -1 -1 -1 -1
23989.7717089 30326.2631858 28094.2126545 24571.500927 30825.7698765 18686.7074438 15857.9237265 23446.8657855 27664.09566 28801.481172 28899.0924382 26410.5742496 21023.3889585 24284.9320185 32423.729016 27585.408612 11537.2528504 4141.14823793 3622.18114913 3013.04067255 2054.74186076 1557.16687969 895.33227285 575.668616812 -1 -1 -1 -1 -1 -1 -1 -1 -1 -1 -1 -1 -1 -1 -1 -1 -1 -1 -1 -1 -1 -1 -1 -1 -1 -1 -1 -1 -1 -1 -1 -1 -1 -1 -1 -1 -1 -1 -1 -1 -1 -1 -1 -1 -1 -1 -1 -1 -1 -1 -1 -1 -1 -1 -1 -1
36165.980745 36366.300342 43718.704353 22411.2701074 24152.8046857 22390.4440147 21590.975274 25008.95496 25840.791768 29261.859264 31398.8083695 31295.7471124 36130.9688145 41483.9566811 32458.690671 19111.5573334 5712.2447481 4502.8881342 4732.17483083 2879.6155731 2466.67746488 1844.092053 1838.50924747 631.143489225 2943.11116275 2328.43266045 867.697709917 182.488838794 -1 -1 -1 -1 -1 -1 -1 -1 -1 -1 -1 -1 -1 -1 -1 -1 -1 -1 -1 -1 -1 -1 -1 -1 -1 -1 -1 -1 -1 -1 -1 -1 -1 -1 -1 -1 -1 -1 -1 -1 -1 -1 -1 -1 -1 -1 -1 -1 -1 -1 -1 -1
31573.7464924 39223.7750865 35127.621225 36051.6768112 24133.4659215 18917.1372221 15031.463475 16974.122412 19565.5348762 26057.350695 36233.1057221 38829.7157681 40295.6022705 24204.209886 30547.463676 13987.692822 5295.33910733 4887.60035062 3924.3909936 3077.8219554 2595.91539487 4919.20186294 3960.3573702 4002.1750647 3419.6703576 3075.11607533 4901.4616977 4193.90704462 4429.67723933 517.324990849 0.0 -1 -1 -1 -1 -1 -1 -1 -1 -1 -1 -1 -1 -1 -1 -1 -1 -1 -1 -1 -1 -1 -1 -1 -1 -1 -1 -1 -1 -1 -1 -1 -1 -1 -1 -1 -1 -1 -1 -1 -1 -1 -1 -1 -1 -1 -1 -1 -1 -1
23549.7646189 23382.9262732 25477.4889109 16141.18233 16918.3498882 16123.291569 20453.8121572 11813.8861376 9670.66513762 8528.58499733 9067.80584925 15359.3169319 9257.5162701 12747.2487119 6868.70893088 5250.75707869 7212.42732937 5319.0296745 4629.6989955 5854.745631 5730.0075672 3766.328334 4898.21906962 8461.34449496 8077.93875525 5768.76517027 5758.6197501 3663.6307929 8493.14957985 8633.87421536 3554.8932951 -1 -1 -1 -1 -1 -1 -1 -1 -1 -1 -1 -1 -1 -1 -1 -1 -1 -1 -1 -1 -1 -1 -1 -1 -1 -1 -1 -1 -1 -1 -1 -1 -1 -1 -1 -1 -1 -1 -1 -1 -1 -1 -1 -1 -1 -1 -1 -1 -1
21470.1268635 20345.4921285 16437.8729734 12459.0206559 15012.1027728 14975.66592 8845.69640737 7745.2775532 8379.01560308 4842.51990825 3475.977219 5992.62558195 10250.764256 17409.6244275 19113.09867 10480.1806509 8927.98531796 6590.2296105 6744.96472102 4682.14836375 5982.49457595 5598.78768139 10222.8457969 11865.2503833 12316.596628 11005.0919685 11040.0393524 6860.18324344 5244.68143376 5307.12876225 8911.30398682 1878.80000971 133.441324905 601.687041 -1 -1 -1 -1 -1 -1 -1 -1 -1 -1 -1 -1 -1 -1 -1 -1 -1 -1 -1 -1 -1 -1 -1 -1 -1 -1 -1 -1 -1 -1 -1 -1 -1 -1 -1 -1 -1 -1 -1 -1 -1 -1 -1 -1 -1 -1
18921.206072 19430.9011643 17221.8758325 11248.8559168 3121.6508073 3718.07163596 7110.50886292 12462.9468293 13684.5485579 10958.0489497 16815.9730252 21315.2320485 17391.6362655 20489.393232 22884.7309189 20079.6727406 12039.9737799 10954.8892675 9337.0779588 7700.23978125 6231.24336937 7921.98790852 11339.3887348 12024.0112014 13873.4531885 16864.3106513 16758.9108933 9537.63925406 7492.786308 7537.107174 4768.35983033 4774.94853769 4165.752525 3646.35769897 4377.57036525 1586.0804265 966.498549214 404.974905607 45.755465082 230.666124045 4.89724798699e-05 -1 -1 -1 -1 -1 -1 -1 -1 -1 -1 -1 -1 -1 -1 -1 -1 -1 -1 -1 -1 -1 -1 -1 -1 -1 -1 -1 -1 -1 -1 -1 -1 -1 -1 -1 -1 -1 -1 -1
7040.89141808 8399.2776168 6132.4047246 4558.84544141 5821.71519488 8188.84485461 15973.3457121 11439.4324853 12715.9282053 16403.3795812 20471.783976 23225.1716212 23641.9455056 18122.369394 18966.7507343 17557.9822125 19739.094606 15730.806959 12866.3753181 15713.1112701 10921.6418223 13593.0653455 9334.10070495 15351.974159 21239.0852029 20254.06782 16575.6596419 16438.0229242 7661.7653508 5879.295279 3315.73589437 6795.65292008 10371.6949048 11096.3764541 7082.34498641 3599.04349669 5037.58245428 18572.9569144 15021.2421397 12100.3737554 2878.8111552 318.767095699 216.945056588 -1 -1 -1 -1 -1 -1 -1 -1 -1 -1 -1 -1 -1 -1 -1 -1 -1 -1 -1 -1 -1 -1 -1 -1 -1 -1 -1 -1 -1 -1 -1 -1 -1 -1 -1 -1 -1
7726.8882477 4604.85728235 6068.82583155 6914.6590392 10140.3539938 16854.5771844 17707.7398987 19362.4310607 24900.1551922 26203.7004233 28875.6619384 30062.4551719 26806.428516 20443.4404684 21925.580952 25754.3822482 21754.2133125 27312.743916 18553.9131844 17968.911174 18574.2395149 14751.4539147 16306.2613586 21787.697025 20107.8320107 18089.224656 25179.3952864 25568.8345845 8747.27620631 4805.2756878 4495.60531294 9866.66381479 18654.2772969 11208.4157946 4996.8528525 4008.37628194 3754.80243881 14741.779041 36846.5139998 17366.0542763 47665.8563437 11840.4088481 10819.893942 415.8823317 -1 -1 -1 -1 -1 -1 -1 -1 -1 -1 -1 -1 -1 -1 -1 -1 -1 -1 -1 -1 -1 -1 -1 -1 -1 -1 -1 -1 -1 -1 -1 -1 -1 -1 -1 -1
6906.73558331 7657.03638315 7324.38443062 8532.984675 19713.6670584 19128.5456938 15501.5417535 19495.3417762 28639.055325 40744.3960688 47384.1792742 32648.055531 24073.947894 13390.381577 13204.1107725 17400.4015027 26475.171912 22942.1614912 22791.3413325 13195.3168717 10643.5028589 12674.4820708 19202.0466907 28152.0127687 24448.1972445 22770.3033075 40576.07631 40464.31017 29413.8457448 7772.107788 6144.61935435 13649.821422 18766.5841296 17489.8361259 4911.35603081 2383.8943743 6387.82444403 10630.7416199 23703.000984 9934.42581645 36263.16453 27620.980227 34133.87124 4082.67930262 0.0 -1 -1 -1 -1 -1 -1 -1 -1 -1 -1 -1 -1 -1 -1 -1 -1 -1 -1 -1 -1 -1 -1 -1 -1 -1 -1 -1 -1 -1 -1 -1 -1 -1 -1 -1
7626.04546927 7717.513803 11204.4312962 20310.1010391 26284.7757105 22352.7430905 35402.4159615 38736.8401942 31424.373702 26974.966518 25890.827445 20520.3635715 16657.9434835 23104.379025 19290.6110156 13902.8611943 16575.6790392 16111.0865088 25026.5091338 26344.7496015 19374.4206023 9315.72134325 21555.4372815 23014.7403345 24243.3015337 29724.5528381 40371.654144 47730.8654137 53141.9813437 36745.074498 19477.34559 20992.2491846 8532.0729585 8187.2519544 5247.1755756 2676.39901358 6619.54410769 12854.87388 28066.8210221 0.0 0.0 0.0 0.0 8800.85108093 0.0 606.8656593 597.83619225 -1 -1 -1 -1 -1 -1 -1 -1 -1 -1 -1 -1 -1 -1 -1 -1 -1 -1 -1 -1 -1 -1 -1 -1 -1 -1 -1 -1 -1 -1 -1 -1 -1
8462.11691854 12010.2173142 11743.6377926 14359.79324 27678.30516 33526.835775 42582.968682 27959.99646 25892.6632695 25494.8197721 21992.4028125 29233.7211784 21771.582429 22498.4033257 17929.2210817 9989.1970017 12533.0931362 12281.0119584 17538.4808798 14908.3257032 16961.7145947 9182.24531775 5877.74451037 9201.96454995 12524.9974366 26586.80193 24833.658705 36239.8178032 39609.876972 30841.461 23289.5836125 17304.4366861 9539.37432412 6025.69047112 5800.49645205 5874.21036326 11744.8686197 30325.941285 22862.679552 0.0 0.0 0.0 11216.3570011 0.0 0.0 3583.79194785 3934.611291 1203.96349474 888.403963687 550.270738875 -1 -1 -1 -1 -1 -1 -1 -1 -1 -1 -1 -1 -1 -1 -1 -1 -1 -1 -1 -1 -1 -1 -1 -1 -1 -1 -1 -1 -1 -1
13463.4202318 11745.394765 11347.4047313 8097.6547032 20253.8831235 30774.0486709 26644.4012152 31114.0119622 27920.472945 25240.6439047 23181.7373078 22443.9035153 39291.7024665 38726.107101 30550.700544 39593.4654937 35389.459875 36246.4696177 58589.0812485 46626.4754869 36432.9036742 18144.6884903 11930.6011088 13260.1587879 7633.77670598 6804.10846125 17100.8822215 23053.927872 21331.8002865 22266.5699025 0.0 0.0 6627.37625516 6873.84084135 8980.82857215 9943.4790912 7824.7062786 28421.1350243 28755.0197707 0.0 23637.295113 0.0 0.0 34786.7282437 0.0 11935.3946614 8856.61528166 14832.7280993 4776.33044756 685.778444869 -1 -1 -1 -1 -1 -1 -1 -1 -1 -1 -1 -1 -1 -1 -1 -1 -1 -1 -1 -1 -1 -1 -1 -1 -1 -1 -1 -1 -1 -1
14947.0695394 8315.75329012 3743.6661045 10283.7439692 20260.6503278 25569.2479575 37662.755697 27397.5536745 27301.997745 26715.2358037 24226.3015016 18021.8180472 35088.0472688 30340.6000459 30589.2100193 29912.2366793 34227.6627165 34358.1169151 44184.1976111 92031.7526782 57286.188243 13157.8366873 13494.8550555 20569.2688905 5348.92644079 6932.96952787 19855.4767246 22054.542354 30442.5244027 36059.68512 28895.3276213 15218.2936636 11962.1925056 8795.6375562 9881.19073912 19614.1442844 12716.6244397 25992.2597025 0.0 0.0 19405.17813 9564.5400372 31664.2429766 27935.9029867 23114.5658539 0.0 28516.8453368 17493.14538 13410.200646 834.013421835 300.217592588 -1 -1 -1 -1 -1 -1 -1 -1 -1 -1 -1 -1 -1 -1 -1 -1 -1 -1 -1 -1 -1 -1 -1 -1 -1 -1 -1 -1 -1
17144.8653116 7315.8900876 5009.64583275 22929.4545682 20201.7301594 21896.571618 32882.6655615 24379.3973048 24328.690323 23251.3075931 19323.0145065 18754.670934 32865.5949427 33681.550641 32139.8884838 42345.1337734 25166.9216363 20291.326875 34128.7163044 18730.3469535 20859.4478374 14551.6343639 9624.60984 13537.6153872 5104.14446535 8963.88462461 14136.896502 31218.6077572 42810.8333546 34741.4937705 38981.5008488 17429.2467501 7166.84378044 8938.30521375 13681.2041179 18755.3591711 26507.4989707 15355.2230857 0.0 0.0 33099.0784909 15666.8400825 17492.612223 0.0 0.0 0.0 16078.2826597 7411.355172 6841.726875 1881.04155057 1134.59595876 -1 -1 -1 -1 -1 -1 -1 -1 -1 -1 -1 -1 -1 -1 -1 -1 -1 -1 -1 -1 -1 -1 -1 -1 -1 -1 -1 -1 -1
18268.1570025 4389.7700592 7058.09681111 16032.973638 18873.4768654 25116.2877409 22584.8748412 22765.2464362 23838.8964375 31177.719378 21130.837344 23513.446911 30397.6973265 40306.980084 44072.4819893 48445.7895776 26167.4339955 41498.507052 67344.6669626 21087.8458846 29182.9967587 16024.2077756 11654.6257261 5513.38638315 8088.57063 17419.3220638 16052.352141 25495.6306897 12861.6421308 11669.8110779 14421.5226153 26711.9476965 8497.87128465 0.0 0.0 0.0 14447.5995231 0.0 0.0 11867.2919921 30254.1959318 24333.1430055 17112.2300719 13186.1764481 23295.206571 12946.2016515 0.0 4145.9070888 454.153486264 832.3433811 0.0 -1 -1 -1 -1 -1 -1 -1 -1 -1 -1 -1 -1 -1 -1 -1 -1 -1 -1 -1 -1 -1 -1 -1 -1 -1 -1 -1 -1 -1
11281.6841927 7504.50207476 10524.9861315 13636.0351896 14645.1220933 19700.2747012 22496.3871697 22990.2624525 26359.067022 19318.0315425 23469.4941154 22779.8534329 24455.650527 36427.5848205 47056.997646 48247.2921124 40958.5152472 45359.7089595 31991.861961 39367.1803575 10036.1001038 11159.5706684 9760.5979695 2656.79542864 2034.3372753 4825.9024896 3206.04071666 35037.5824492 20384.2143375 17806.706748 26197.9501102 29575.593696 21019.3977061 0.0 0.0 14879.4227424 0.0 0.0 0.0 14522.2118505 16075.650258 16550.381055 11361.2374426 28303.5688215 19958.9826795 5026.53487387 7223.42131088 7411.6695675 2512.01482901 2496.6646272 701.811043313 -1 -1 -1 -1 -1 -1 -1 -1 -1 -1 -1 -1 -1 -1 -1 -1 -1 -1 -1 -1 -1 -1 -1 -1 -1 -1 -1 -1 -1
18963.4103876 13483.8918992 5930.62729796 20249.5566045 15409.4809978 20813.1636863 15456.6545912 23519.544642 25570.3271423 16019.0739 25837.8684019 25439.3725417 15022.1578302 24966.514197 31699.6609215 41181.565425 37092.7660721 26956.2518835 45181.5245393 18195.5352936 6197.405313 9079.3412622 13316.984442 2374.36050285 2693.32825725 4934.08284757 12283.2758291 42777.9996638 25826.3037262 31142.3655656 21097.9997528 23567.2868835 24449.5081012 21445.4393425 0.0 0.0 0.0 0.0 17301.30021 0.0 0.0 0.0 19760.8859044 13684.8559856 14255.4251246 0.0 25196.2702838 8471.9677365 2607.1621443 0.0019539289884 341.91518634 -1 -1 -1 -1 -1 -1 -1 -1 -1 -1 -1 -1 -1 -1 -1 -1 -1 -1 -1 -1 -1 -1 -1 -1 -1 -1 -1 -1 -1
17317.5947925 18200.8392472 5773.95442429 21510.8059399 16125.9078638 19946.6896492 17791.5891933 18447.912405 20204.1285435 28462.523106 24729.0894652 24486.855129 12192.2989521 22917.482688 32729.6588288 34926.6733537 42251.074002 41627.3197421 39464.4899681 11515.6007697 6028.48657721 5169.4777092 6870.4770666 4936.26112909 2804.10699439 3911.13523751 21598.5600641 28834.9090875 29800.2683092 21100.1729971 23740.4076581 26318.0228175 17758.4363887 21921.7876717 23238.9991035 0.0 0.0 11399.8026675 6354.93637943 0.0 0.0 0.0 0.0 0.0 0.0 7556.56443382 12101.7785119 10869.8855816 9628.31505563 1687.58930475 0.0 -1 -1 -1 -1 -1 -1 -1 -1 -1 -1 -1 -1 -1 -1 -1 -1 -1 -1 -1 -1 -1 -1 -1 -1 -1 -1 -1 -1 -1
19934.9606426 20951.8065495 15576.6350785 7299.43819395 11925.8119687 20300.8138174 23550.1845109 19912.655919 17331.6531351 18042.9041678 18180.866895 20254.7161013 11494.8049871 16869.0541179 30513.832494 36212.3963197 43741.5254565 40861.6382618 42119.011032 10990.0438184 7070.2095012 6284.65970565 9949.8431595 9053.80067955 4718.4263628 2417.25716873 17983.91064 27858.430356 30192.6569333 27812.1954536 28476.7133224 27582.4533563 30183.3052312 23792.0220934 0.0 0.0 0.0 0.0 0.0 0.0 0.0 0.0 0.0 0.0 7712.68464787 12133.564677 12589.2062197 2460.019269 2435.27314762 274.507259808 -1 -1 -1 -1 -1 -1 -1 -1 -1 -1 -1 -1 -1 -1 -1 -1 -1 -1 -1 -1 -1 -1 -1 -1 -1 -1 -1 -1 -1 -1
21078.5747813 17320.1138906 17412.624825 13279.4207694 16265.5539322 15679.6114241 16124.1618063 10457.7460074 15451.5903806 17548.964508 21140.127216 28297.2051731 14552.529402 17777.322072 23936.759088 19088.9764129 51663.4797787 46568.137875 20447.728278 5885.05827604 5964.6980373 8201.69377189 17259.8170579 28273.6301287 5913.54894349 1714.2366126 15032.048727 23671.255833 14340.2630852 23702.5811137 13530.2582082 30174.6561165 12539.9583075 10546.5360456 0.0 0.0 0.0 0.0 0.0 6197.5936851 0.0 0.0 0.0 0.0 0.0 3395.0954829 0.0021157942185 712.221294712 262.354859111 -1 -1 -1 -1 -1 -1 -1 -1 -1 -1 -1 -1 -1 -1 -1 -1 -1 -1 -1 -1 -1 -1 -1 -1 -1 -1 -1 -1 -1 -1 -1
16172.7071824 26188.9760182 13520.6124128 16220.7201232 25219.3291114 25528.1601986 18074.5112767 10617.7304362 6299.4725793 5128.3554798 11320.728132 23861.7222285 12978.8722691 15620.9932809 10408.563548 9605.2755816 20030.5128562 26570.6869395 13339.1606598 4566.95033917 4618.44060825 9228.67573853 26071.8361538 33865.0501875 9773.18246385 3895.98344115 15750.895671 21916.2723941 29054.22657 38209.446615 13099.299054 27156.3833362 0.0 0.0 5807.82634654 0.0 0.0 0.0 14701.3437469 22430.9924415 13616.7918337 24587.55135 0.0 5383.47168941 3241.34088982 8219.7766968 521.349813082 758.207229937 -1 -1 -1 -1 -1 -1 -1 -1 -1 -1 -1 -1 -1 -1 -1 -1 -1 -1 -1 -1 -1 -1 -1 -1 -1 -1 -1 -1 -1 -1 -1 -1
16075.7911965 9411.6463554 13704.6099375 23137.0974427 25347.8025742 23254.1289442 16395.0014182 17515.6780147 13142.184492 11278.8863662 16270.6372725 16397.0226651 11124.0909928 10228.0903696 8939.56336875 8489.1336495 7627.8969528 18637.1042481 7549.51132099 2862.43237732 4043.70216607 10117.7831612 26526.484992 27787.82292 39993.9880725 8541.7090332 32959.6470225 15608.8425469 30418.4477317 28006.8872692 16737.654147 18052.498419 0.0 0.0 0.0 0.0 0.0 22179.734118 14381.1180979 21103.213662 10825.7968717 12429.3747859 8170.28013315 5648.43927041 4968.91583089 13035.4438358 1776.25367244 -1 -1 -1 -1 -1 -1 -1 -1 -1 -1 -1 -1 -1 -1 -1 -1 -1 -1 -1 -1 -1 -1 -1 -1 -1 -1 -1 -1 -1 -1 -1 -1 -1
19531.229571 7144.01843715 11672.3239894 18143.610825 13393.0153169 12457.6294809 12501.7345245 14038.188647 12257.8443545 10856.0635979 9960.9257157 8830.03808925 10675.7093704 9337.58064622 9163.53133785 14125.9979711 9543.33709643 4699.46588265 3608.50238134 2978.58724515 5126.2600104 7125.8523525 9108.92789797 11858.1820166 24683.6118574 22587.6339007 19000.07031 10466.6059969 24892.206381 22734.178968 11237.7819052 2956.66522275 17856.2504505 0.0 0.0 0.0 6743.93781862 0.0 21360.1936612 10390.73031 3858.84487181 3674.10677242 11768.047632 7854.4777584 4064.28609075 1315.80582325 -1 -1 -1 -1 -1 -1 -1 -1 -1 -1 -1 -1 -1 -1 -1 -1 -1 -1 -1 -1 -1 -1 -1 -1 -1 -1 -1 -1 -1 -1 -1 -1 -1 -1
6571.58175112 6407.39420745 18658.006767 12639.556101 12621.6646202 12368.4092606 17483.3009175 15355.3836494 8621.46762262 7905.3733011 9304.65857081 10657.1300472 9736.4175216 7501.08613253 8734.6909167 13610.5871182 16371.2301674 6682.25602012 2755.775481 2458.7704764 4983.39995194 9998.32958438 6084.54020062 6248.73002925 13837.8986213 11585.7172147 18185.3100615 12743.2000802 5790.75273026 26866.270278 11586.727587 3798.25978838 18318.8070495 19672.883991 46258.9280816 50382.0741109 2928.2146407 0.0 0.0 6401.73486375 4732.16676487 4830.77053125 6389.74633534 5197.12155428 4663.29224396 217.21789965 -1 -1 -1 -1 -1 -1 -1 -1 -1 -1 -1 -1 -1 -1 -1 -1 -1 -1 -1 -1 -1 -1 -1 -1 -1 -1 -1 -1 -1 -1 -1 -1 -1 -1
4651.74511346 14640.9644179 15792.2598355 12931.2683758 13480.4797137 18529.6444116 17727.9698607 13512.4843829 10574.4823539 13404.30012 10802.2272771 10280.4695998 8994.75946215 7553.92064377 10139.9733379 12467.0495253 15239.4803161 6415.1136342 1893.45236175 2437.50547125 7154.6105466 7184.31223478 9650.71374881 16553.7925425 15897.327309 9266.9294952 7454.219883 9629.68216725 2627.6713518 14630.1297374 12822.1701651 6874.8561486 17623.7141295 30943.9881195 37908.11823 33449.7203235 18467.358156 0.0 0.0 14594.7998306 8501.63647162 11056.2563962 3358.29572944 8032.51308 2330.94653199 -1 -1 -1 -1 -1 -1 -1 -1 -1 -1 -1 -1 -1 -1 -1 -1 -1 -1 -1 -1 -1 -1 -1 -1 -1 -1 -1 -1 -1 -1 -1 -1 -1 -1 -1
8776.44104175 16079.60244 12726.214017 10208.3877185 11813.0703736 18638.6377547 16679.1409517 8824.05055609 6315.7297203 14839.9966114 1932.11145951 10366.0747344 11006.9102645 5945.74056825 10568.2627415 12313.7246232 13122.0231338 1444.17970147 2106.53722777 5531.26831695 9906.3819852 4620.82435999 18390.3259654 34926.8354595 14137.7390197 17959.909239 19309.3389011 15293.5646981 2760.14984122 4149.27399169 2909.071914 11669.291478 5149.6628274 11897.7591652 0.0 27182.6157735 29333.687838 40315.8386591 37657.453041 34756.7611838 29292.0185869 6662.2645635 8455.66804388 2384.23519224 -1 -1 -1 -1 -1 -1 -1 -1 -1 -1 -1 -1 -1 -1 -1 -1 -1 -1 -1 -1 -1 -1 -1 -1 -1 -1 -1 -1 -1 -1 -1 -1 -1 -1 -1 -1
12619.8086267 18761.2450384 11558.1046647 9972.85091865 12283.4406836 19899.8872443 20366.2371633 9010.4983431 8419.3978779 8519.14206 16920.8457068 933.1739685 0.00099076949892 13721.2539477 11929.7859655 9580.50131944 8040.90633187 1541.66470095 1748.71981879 6455.1167934 6158.13928222 9869.837796 12773.8707469 16270.4663145 24979.6776116 25295.4128543 11300.2971075 11511.024714 2351.29146994 3378.2536662 10965.9206496 13042.6745966 4666.5467235 6520.33098832 33428.264163 29584.7561452 55763.0877015 35813.851002 22271.436981 26243.4066371 30812.9752219 17478.0673369 451.214536102 -1 -1 -1 -1 -1 -1 -1 -1 -1 -1 -1 -1 -1 -1 -1 -1 -1 -1 -1 -1 -1 -1 -1 -1 -1 -1 -1 -1 -1 -1 -1 -1 -1 -1 -1 -1 -1
19686.9873803 12435.1072258 6877.50411019 7673.37987649 8229.16453035 10245.0776941 1186.61648034 15343.3247799 10617.4951107 13830.63949 1089.60684412 16424.716413 14480.3024291 1945.07341731 10736.9691714 10821.3709346 5740.613268 5206.4376 4033.68634357 6170.9973906 9128.48968102 10077.2814135 17154.2333303 9593.96523885 8657.120433 4995.3380829 4615.55823518 8122.72027125 3534.27597877 4166.9723277 6245.31386179 13842.2193975 4247.6313243 4518.2996202 24704.1674888 20489.246694 52478.062161 48328.0140262 41246.07723 42073.6545562 24677.7844095 21813.8321557 213.07625553 -1 -1 -1 -1 -1 -1 -1 -1 -1 -1 -1 -1 -1 -1 -1 -1 -1 -1 -1 -1 -1 -1 -1 -1 -1 -1 -1 -1 -1 -1 -1 -1 -1 -1 -1 -1 -1
27863.9103465 10546.2104555 7689.50589285 7807.39246598 12996.866421 14454.4155649 5403.98912576 4643.03378171 8300.63572927 9008.43581858 6855.50494691 7613.55257617 7223.53201875 8171.35435628 10898.3356755 6901.16317403 5657.6800299 4185.9867069 3482.73385496 7367.0467038 7493.02722675 10232.87031 15091.0020776 12461.537319 14552.9067307 9058.1387031 3866.9296131 6764.445999 3365.39051944 7213.2387999 9265.29791625 11649.6553875 5736.69176955 7374.67063905 20749.2659865 17264.99568 28866.349134 25989.0762503 31867.4795775 44532.0397987 0.0 34134.279552 506.529840075 -1 -1 -1 -1 -1 -1 -1 -1 -1 -1 -1 -1 -1 -1 -1 -1 -1 -1 -1 -1 -1 -1 -1 -1 -1 -1 -1 -1 -1 -1 -1 -1 -1 -1 -1 -1 -1
25899.0793125 25460.1093623 17200.828134 19866.1015402 8504.6744475 12146.4342828 14886.70359 12236.213808 11068.046883 7255.46738887 15286.1748952 11168.6558415 10062.7424974 14423.6322383 5384.00734605 9655.93580077 2620.60967306 2316.91997295 4811.27177344 6714.15703275 7471.35388275 10162.2912098 15823.7317192 19347.1231297 9770.05540875 6876.50580863 7220.89278776 4558.17917775 3852.53520548 5783.06193825 2583.31267969 5011.23539175 4309.34666242 10571.1558341 27899.614449 16592.9240543 13621.1790202 18960.7333781 18113.8625325 47330.2926525 30280.4281279 27625.7682675 -1 -1 -1 -1 -1 -1 -1 -1 -1 -1 -1 -1 -1 -1 -1 -1 -1 -1 -1 -1 -1 -1 -1 -1 -1 -1 -1 -1 -1 -1 -1 -1 -1 -1 -1 -1 -1 -1
