Model Version1.4/trunk/input/1999/nsro_ag.asc
ncols 720
nrows 360
xllcorner -180
yllcorner -90
cellsize 0.5
NODATA_value -1
[rows 99 to 131 of 360, columns 365 to 437 of 720]
-1.0 -1.0 -1.0 -1.0 -1.0 -1.0 -1.0 -1.0 -1.0 -1.0 -1.0 52021.325338899995 833082.6684119999 901251.6903 194374.13150870003 -1.0 -1.0 -1.0 -1.0 -1.0 -1.0 -1.0 -1.0 -1.0 0.0 534586.862867 988742.452786 1316450.323179 571733.74401 48228.54441502 91491.90504130001 201998.9659762 0.0 38475.3963846 374476.03352299996 395733.25733399997 329790.418157 855673.9070715 540747.805285 852045.1494750001 146029.8411701 245676.9661282 223069.142712 36393.769455789996 -1.0 -1.0 130085.38402180001 181219.6699299 408174.483168 633641.8664647 802029.4518024 700923.8047398999 477473.5921185 628737.3218588 761687.8501339 589722.289371 474183.626023 432803.577556 300826.0467126 595187.791758 528425.060832 359105.3386705 625299.0026624999 751715.6478363001 577521.196965 363132.5519667 503048.4465055 520103.7439186 257130.8501932 251377.11149470002 279080.562063 320945.25998659997 157309.7217018
472131.00144 416219.812341 13455.9187146 59850.4153439 -1.0 -1.0 -1.0 -1.0 -1.0 -1.0 -1.0 28835.38996193 812555.575605 762126.4670210001 200468.613515 -1.0 -1.0 -1.0 -1.0 -1.0 -1.0 -1.0 -1.0 -1.0 -1.0 -1.0 187831.0435684 1333731.311984 241235.979408 -1.0 -1.0 117890.8142769 -1.0 -1.0 108889.7813684 595476.4973836 645621.363828 539406.606814 933053.3495199999 764748.1314 557339.852465 13157.57876598 41712.6147693 -1.0 -1.0 105610.6586268 -1.0 367085.90297399997 403697.582136 497489.720677 662404.4538853 608130.854884 356127.498471 319398.96927500004 491666.64298500004 465100.063677 593835.4513728 497719.25393059995 519308.2873085 687183.8531751999 580708.028736 768887.6076 725656.8143025 701128.8036984 613967.2148310001 558302.639457 464098.632858 256502.98108310002 486411.94467 565896.4369987 214593.87974489998 219994.23012000002 189832.2531218
63477.36190439999 77879.7515219 -1.0 -1.0 -1.0 -1.0 -1.0 -1.0 -1.0 -1.0 -1.0 80935.87609440001 866960.995901 352469.4942655 76564.97753999999 -1.0 -1.0 -1.0 -1.0 -1.0 -1.0 -1.0 -1.0 -1.0 -1.0 -1.0 -1.0 656461.6494402001 825183.5082075 254916.374349 -1.0 -1.0 -1.0 -1.0 16583.02752239 3721.7590278 761745.350925 680422.755212 911744.530788 764366.3013566 549404.1225 111924.56703820001 14073.69523483 -1.0 -1.0 -1.0 2445.418055113 344777.43476699997 250014.95032499998 623223.0365812 460812.30878089997 369368.4051552 410621.32159869996 667163.195858 608194.9841720001 636290.1569902999 346332.18297809997 544959.2148000001 569384.6576134 876628.226485819 814049.4640878 557781.8990737 774259.8671693001 680815.1929455 621205.5134753999 712377.5668425 610301.3157112 687712.5766875 570620.3232 355910.028408 433740.53829 490217.8646736 520183.8613438
-1.0 -1.0 -1.0 -1.0 -1.0 -1.0 -1.0 -1.0 -1.0 -1.0 -1.0 -1.0 37886.3328898 0.0 -1.0 -1.0 -1.0 -1.0 -1.0 -1.0 -1.0 -1.0 -1.0 -1.0 -1.0 -1.0 108467.0945301 601957.449137 392163.16082730005 44159.895239620004 -1.0 -1.0 -1.0 -1.0 -1.0 -1.0 176815.1261468 613669.106156 403834.667031 610081.164145 640731.4639109999 420758.176427 370734.304298 110891.5482716 23665.73092812 -1.0 49254.3281732 37495.686325899995 283575.8600157 645076.057854 904318.5842738999 632698.228398 461200.8648324 853116.7819139999 683460.7791503 770658.5505782 744387.8298982 563636.8276315 814416.5140988 457768.206089256 493554.11577120004 79725.46677201 656129.8096883713 690875.1634365 734974.9171424999 634446.4712385 515138.666952 655400.1262950001 357697.588687 572017.254156 566188.026469 697123.880751 678269.568711
-1.0 -1.0 -1.0 -1.0 -1.0 -1.0 -1.0 -1.0 -1.0 -1.0 -1.0 -1.0 -1.0 -1.0 -1.0 -1.0 -1.0 -1.0 -1.0 -1.0 129225.2530968 279750.63349599997 32104.05907207 -1.0 203293.69075130002 187689.7766236 242037.08831999998 474116.7162528 39526.5781419327 -1.0 -1.0 -1.0 -1.0 -1.0 -1.0 28693.981169450002 38981.7850899 236175.2112268 555566.195334 523590.89058899996 514295.86667400005 789298.31481 527642.654191 240499.137175 53136.7237034 -1.0 59966.7815089 169995.2452929 154095.443229 624925.9630406001 554889.4519530999 716998.0509732 566008.0478705 742397.5872730999 918219.9630075 970626.249225 606076.74657 916389.8771940001 733641.585171 668557.0739916001 599023.0908682 195919.026849 171202.90219839002 1115475.4677805 766117.756305 509875.59402 877632.7889963 460761.21324199997 889708.0971225001 744517.6944319999 784803.194016 842116.994991 431331.710687
-1.0 -1.0 -1.0 -1.0 -1.0 -1.0 -1.0 -1.0 -1.0 -1.0 -1.0 -1.0 -1.0 -1.0 -1.0 -1.0 -1.0 -1.0 -1.0 4777.502539069999 682031.8723995 1124528.430396 1089378.400401 1165085.413915 1088061.094656 204587.892831 141700.60003610002 39925.4944431 -1.0 -1.0 -1.0 -1.0 -1.0 -1.0 -1.0 -1.0 38367.8997505 201795.610338 799018.771332 711283.622843 906940.178088 255598.292779 178473.78419560002 82106.6325605 125852.827621 43293.0398147 -1.0 63733.7480294 129693.1496767 460469.2580602 788565.1008352 610413.9506732 595993.8532657 901089.7241913 603584.7978549 481489.5699221 513163.2931764 368212.8172149 526356.6227082 418835.8644984 203219.39780313818 362439.49309357 453900.08718121 435153.52863360004 616850.834418 303800.084821 280102.3511864 357531.3338922 540037.4420302 598586.58363 951130.49575 1075252.491098 801642.5008313
-1.0 -1.0 -1.0 -1.0 -1.0 -1.0 -1.0 10281.31681846 1843.82657655 10745.45919993 0.0 -1.0 4680.7259152 195621.5612356 287083.67176979996 67991.30447799001 3645.6145506574003 15479.125772719999 -1.0 -1.0 -1.0 239700.66392030002 1022229.075951 982386.294235 1161936.923103 308438.29473100003 -1.0 -1.0 -1.0 -1.0 -1.0 -1.0 -1.0 -1.0 -1.0 -1.0 -1.0 -1.0 555785.649178 509053.712707 454100.205743 141661.53746020002 -1.0 0.0 3457.9513917900003 119221.87883979999 55466.1130365 -1.0 11952.37222469 169124.58983430002 217903.4045381 285871.2004725 162748.1599076 359708.32169939997 957066.501432 782972.9755113 422759.5086129 186764.8152406 351313.0833562 413488.5394217 671639.3356628 771081.59885783 631271.62362 316173.1114245 403634.40032809996 632858.6618183 733215.0830237999 964025.72982 925531.7665539001 793887.603232 782790.55899 469951.801776 453085.82081249997
155418.58180568 264127.7806668 443743.3566465 565108.699675 671715.2558151999 305693.0877837 452167.5452112 568272.147923 663109.3441132 518091.5551523 427579.194717 436721.298111 565283.49 694000.7031656001 408486.007401 252055.7631018 211233.0122344 14570.97194935 2267.4473689899996 -1.0 -1.0 -1.0 -1.0 34715.326833759995 679083.1669785699 124762.1881075 -1.0 -1.0 -1.0 -1.0 -1.0 -1.0 -1.0 -1.0 -1.0 -1.0 -1.0 -1.0 179584.4103886 238233.53948799998 411863.631678 84065.6103342 -1.0 29528.245934799997 35655.9192851 36120.2460586 4054.71712021 9623.91411967 0.0 68642.17372349999 42931.8281516 201346.2735415 367106.1571813 330144.8492983 619224.2183328001 453959.8236531 453223.22607820004 261397.7164251 287737.3785324 395248.9900298 500005.2432726 419767.530336 236108.38976999998 412118.6787853 335767.6504524 91531.530917978 445559.4897467 552421.7660603 615804.910386 732934.871877 360174.521918 195457.94507723002 223665.65960445
651190.6856369 492631.250209 494267.324502 188790.775806 490832.26094199996 496099.336848 477465.700437 539742.6273078 579033.7459248 614795.9987096 531413.2033612 504361.9070992 423131.73126870004 374603.2932255 401009.4656424 289204.4904045 19371.58244059 -1.0 -1.0 -1.0 -1.0 -1.0 -1.0 0.0 -1.0 -1.0 -1.0 -1.0 -1.0 -1.0 -1.0 -1.0 -1.0 -1.0 -1.0 -1.0 -1.0 -1.0 -1.0 15366.34949687 51607.665973099996 51939.5124278 -1.0 -1.0 -1.0 27436.45445202 -1.0 -1.0 -1.0 0.0 168225.5134296 107887.87934049999 -1.0 252559.6548525 155958.796665 344812.0162894 0.0 -1.0 -1.0 354160.92881450005 473153.75696290005 337610.9379132 302221.714311 107852.37846786 -1.0 -1.0 162853.67903970001 1372700.3390593 413426.76876739995 321013.73026885994 169029.55206222 242896.1432044 49649.999917875
48733.600806 31325.446128900003 21690.276998240002 30561.6067734 63258.706139999995 140489.77446 389341.52982299996 409389.8810513 326949.8437425 176294.109312 80129.1820377 292327.8618705 290854.67155800003 339315.20954099996 323665.047579 67175.64430686 82524.1797101205 -1.0 -1.0 -1.0 -1.0 -1.0 -1.0 61796.6303173 17820.511059 -1.0 -1.0 -1.0 -1.0 -1.0 -1.0 -1.0 -1.0 -1.0 -1.0 -1.0 -1.0 -1.0 -1.0 -1.0 -1.0 -1.0 78646.4905417 44634.182962399995 -1.0 -1.0 -1.0 -1.0 -1.0 62051.4322415 36435.1067842 -1.0 -1.0 -1.0 -1.0 -1.0 -1.0 -1.0 -1.0 -1.0 -1.0 -1.0 -1.0 0.0 -1.0 -1.0 397299.1880947 1272784.547973 246701.37400359998 403854.37050889997 79828.245315 45660.8996733 53402.22871973
13307.189745335 26808.992084859998 35188.04199548 54600.58063510001 19070.13904704 32253.89300761 98922.3565011 203434.43803930003 152539.59013650002 120356.4367464 89500.8406234 94475.7857985 333145.6026795 249234.61713149998 257846.484546 107096.694069578 115714.550690797 6301.103139000001 -1.0 -1.0 -1.0 -1.0 -1.0 -1.0 -1.0 -1.0 -1.0 -1.0 -1.0 -1.0 -1.0 -1.0 -1.0 -1.0 -1.0 -1.0 -1.0 -1.0 -1.0 -1.0 -1.0 -1.0 491535.91093199997 478110.58480300003 722150.645921 858677.9497412001 519919.61300499993 188622.0550387 0.0 25745.08375649 -1.0 -1.0 -1.0 -1.0 -1.0 -1.0 -1.0 -1.0 -1.0 0.0 102335.2670119 312404.31959880004 214592.5792005 6414.3832203 -1.0 -1.0 185684.56767332 1108247.942908 242521.1411196 83019.55598176 33042.2128908 20858.0254319 16862.72014733
17137.03565496 38312.1230014 26069.467133519996 44637.8887386 31739.9067288 36873.1672207 17604.60952753 42057.9582189 40857.8506245 33000.834997045 29858.27001696 75016.1419573 177630.03054 238838.2064574 47366.9720062 122991.891175605 43378.40358941 667.01625312 -1.0 -1.0 -1.0 -1.0 -1.0 -1.0 -1.0 -1.0 -1.0 -1.0 -1.0 -1.0 -1.0 -1.0 -1.0 -1.0 -1.0 -1.0 -1.0 -1.0 -1.0 -1.0 -1.0 -1.0 -1.0 -1.0 72335.3814269 0.0 -1.0 -1.0 -1.0 -1.0 -1.0 -1.0 -1.0 -1.0 -1.0 -1.0 -1.0 -1.0 -1.0 35054.936848 93177.9852759 47336.817592399995 162096.85395277734 -1.0 -1.0 -1.0 98721.9241959781 727773.4000725 229255.75313929998 139116.014175 32825.4958613 37891.853752327006 14684.055103021201
24917.085412779998 23576.55413346 25169.329611072 12048.4899326 8278.1657243599 4602.288338102 5067.88806654 1473.9454455027999 2223.683606727 2345.6947075199996 20912.23451234 38726.32595154 70271.50644910001 77210.250076 149962.7877933 19086.85344431 -1.0 -1.0 -1.0 -1.0 -1.0 -1.0 -1.0 -1.0 -1.0 -1.0 -1.0 -1.0 -1.0 -1.0 -1.0 -1.0 -1.0 -1.0 -1.0 -1.0 -1.0 -1.0 -1.0 -1.0 -1.0 -1.0 -1.0 -1.0 -1.0 -1.0 -1.0 -1.0 -1.0 -1.0 -1.0 -1.0 -1.0 -1.0 -1.0 -1.0 -1.0 -1.0 -1.0 -1.0 -1.0 -1.0 -1.0 -1.0 -1.0 -1.0 111865.3119 393238.002148 110305.3718198 25515.67648188 18175.988126197 7192.45086975 5360.02571812
12350.192623997 8744.55241664 6773.6183892138 7285.71882054 6071.9452786 3784.92514166 4355.84513908 1401.089555827 279.5206261449 486.33986975171 2447.339031353 1687.93870273 3093.818745555 5521.805035114 80113.619156 51637.4306705 20988.433275105 4483.388016608 -1.0 -1.0 -1.0 -1.0 -1.0 -1.0 -1.0 -1.0 -1.0 -1.0 -1.0 -1.0 -1.0 -1.0 -1.0 -1.0 -1.0 -1.0 -1.0 -1.0 -1.0 -1.0 -1.0 -1.0 -1.0 -1.0 -1.0 -1.0 -1.0 -1.0 -1.0 -1.0 -1.0 -1.0 -1.0 -1.0 -1.0 -1.0 -1.0 -1.0 -1.0 -1.0 -1.0 -1.0 -1.0 -1.0 -1.0 104681.64767969999 1115618.385987 294439.0884058 155723.592243 15095.7525274528 8965.81405237 7912.49988674 3237.1471059
1492.46073229 2540.10596186 5699.6159258 5399.01488907 6193.64103658 1346.33474325 1682.409292002 522.343342083 184.0168696905 0.0 0.0 99.55429605 350.90774530349995 351.405600252 1494.8582822145 153269.569284 38791.67295262 16645.079219749998 106.978009586 -1.0 -1.0 -1.0 -1.0 -1.0 -1.0 -1.0 -1.0 -1.0 -1.0 -1.0 -1.0 -1.0 -1.0 -1.0 -1.0 -1.0 -1.0 -1.0 -1.0 -1.0 -1.0 -1.0 -1.0 -1.0 -1.0 -1.0 -1.0 -1.0 -1.0 -1.0 -1.0 -1.0 -1.0 -1.0 -1.0 -1.0 -1.0 -1.0 -1.0 -1.0 -1.0 -1.0 -1.0 -1.0 -1.0 1781703.17930295 611035.058205 201614.9729661 14819.582787660001 3871.10622195 2482.56015975 2987.38363448 1338.93214647
250.503405664 3206.20783688856 5992.4456009939995 3658.7565803728 6065.069723627999 401.806016664 1278.459340142 0.0 0.0 0.0 0.0 0.0 0.0 125.757494184 0.0 15832.09473825 25134.252102230002 5621.8492535039995 3493.8321885200003 14348.950063100001 24683.5785724897 63686.051798082255 136577.51746947 23807.12278022 -1.0 -1.0 -1.0 -1.0 -1.0 -1.0 -1.0 -1.0 -1.0 -1.0 -1.0 -1.0 141562.5493318833 59197.94746159999 223182.28061999998 52970.426899800004 34497.3818988 815.9164676531 -1.0 -1.0 -1.0 -1.0 -1.0 -1.0 -1.0 -1.0 -1.0 -1.0 -1.0 -1.0 -1.0 -1.0 -1.0 -1.0 -1.0 -1.0 -1.0 -1.0 -1.0 -1.0 228519.093672 494320.1673996 805465.0554576953 237473.1621934 483343.2456735 6358.9913295 2312.1987094 396.2610489 301.812762112
0.0 1163.8903212 2741.227752762 405.217577955 678.394638 829.043982914 490.896921952 0.0 0.0 0.0 0.0 0.0 0.0 0.0 0.0 2341.3729136889997 3230.330036362 2173.218103406 2687.4820551659996 14334.44533818 144128.1267258 215309.18593650003 126855.36741410001 17036.2243659 39007.6071021 10003.47560572 -1.0 -1.0 -1.0 -1.0 -1.0 -1.0 -1.0 -1.0 -1.0 109709.999722658 237037.0396212 15547.82506364 12585.57629754 31455.9795561 17593.85392683 11856.8909202 10809.55289013 -1.0 -1.0 -1.0 -1.0 -1.0 -1.0 -1.0 -1.0 -1.0 -1.0 -1.0 -1.0 -1.0 -1.0 -1.0 -1.0 -1.0 -1.0 -1.0 -1.0 -1.0 241105.43952468102 331486.36764199997 1582723.6621078001 16320.564779979999 10992.84610464 1301.9514372 1298.5444546 238.319555175 480.238970107
0.0 0.0 338.02925384 145.570550194 0.0 606.893156438 542.339279588 156.6687133939 0.0 84.55547661 0.0 0.0 0.0 0.0 388.941108526 246.286750935 3890.8638733397 13292.685490869999 12202.17225605 6141.06132971 6984.638217772001 4299.339834191 3380.137165699 7392.34202629 3418.3400623899997 4692.49004281 0.0 -1.0 -1.0 -1.0 -1.0 -1.0 -1.0 -1.0 2916.474133642 74268.3284532 18857.827871460002 6229.48049633 3032.216559073 2676.17064775 431.74642056 369.076514818 1409.509251128 2344.583016077 3756.468012381 14438.166982100001 73022.38950583445 0.0 -1.0 -1.0 -1.0 -1.0 -1.0 -1.0 -1.0 -1.0 0.0 24755.925857390972 -1.0 -1.0 -1.0 -1.0 -1.0 -1.0 651189.4566459719 463336.741125 834998.8515750001 6414.30893942 1255.3590529100002 1407.22980406 3889.10993307 2204.38740431 443.13971709
0.0 0.0 140.575663107 0.0 0.0 0.0 0.0 0.0 0.0 0.0 0.0 0.0 74.7720624 0.0 0.0 1007.90396747 454.521343084 0.0 163.786276962 259.059794189 274.234682529 1955.9813004899997 4151.05925715 1432.048295944 0.0 1658.151082402 1969.353878598 4511.29814669 5490.405220340001 2389.07935365 -1.0 -1.0 -1.0 -1.0 -1.0 3386.08189969 1265.8346203877 893.677681486 0.0 0.0 0.0 0.0 0.0 0.0 0.0 0.0 0.0 0.0 0.0 1072.935713881 0.0 2480.8167972 0.0 -1.0 89194.2317552016 122523.09058863689 143967.2598636566 125839.99040655201 93677.722850442 53482.904466731 26703.1495585 37773.292392 140866.80330427003 168671.17320964 137862.35838781 225161.5451166 243543.0025904 1751.0395435629998 1001.76889031 2575.88483296 2369.39276759 5710.3594578 3554.04893017
928.07536635 199.4707814862 0.0 0.0 0.0 0.0 0.0 107.5853559132 220.4233200002 0.0 0.0 0.0 0.0 0.0 0.0 0.0 0.0 0.0 0.0 0.0 74.00989311 2844.3887496400002 870.833794689 0.0 0.0 0.0 0.0 1000.57509841 1258.424900769 1638.89448307 2742.06593002 2884.970791958 -1.0 -1.0 563.6116615079 3741.241526796 625.116311466 0.0 0.0 0.0 0.0 0.0 113.376779623 0.0 0.0 0.0 0.0 0.0 0.0 0.0 0.0 0.0 61.2805500615 6737.358520979999 51025.79067408 117326.4082905799 227943.7943146844 218502.57162961402 303432.061595505 85564.82228805 632.513810197 0.0 0.0 3873.5241795 3550.52314575 12315.450513060001 13228.42982694 1389.04549429 1349.27327619 668.00435271 0.0 0.0 2960.30048436
166.6840784076 0.0 0.0 0.0 0.0 0.0 0.0 0.0 0.0 0.0 0.0 0.0 0.0 176.6453444966 0.0 0.0 0.0 87.2490028965 89.3772091125 93.902414802 0.0 0.0 230.350754991 178.545845151 0.0 0.0 0.0 0.0 0.0 0.0 0.0 431.357737998 1353.99874617 2189.41394924 2454.3341843232 660.87431697 0.0 0.0 0.0 0.0 0.0 0.0 62.658520485 0.0 0.0 0.0 0.0 0.0 0.0 0.0 0.0 0.0 0.0 0.0 0.0 0.0 235340.01869100865 678520.6013484 120955.6170885 106238.49041392 12271.176599925 0.0 0.0 0.0 0.0 2694.6125535 1983.769683142 172.18007352 467.666480467 882.59008122 0.0 0.0 0.0
1618.52869026 1098.90549954 0.0 0.0 0.0 0.0 0.0 0.0 0.0 0.0 0.0 0.0 0.0 0.0 0.0 0.0 285.476696629 1021.48797608 246.757428084 0.0 0.0 0.0 0.0 307.569645339 0.0 0.0 0.0 0.0 0.0 0.0 198.639205489 0.0 0.0 0.0 0.0 0.0 0.0 0.0 0.0 0.0 0.0 0.0 0.0 0.0 460.002372912 0.0 0.0 0.0 0.0 0.0 0.0 0.0 0.0 0.0 0.0 0.0 3462.7594821 287884.9089092 0.0 0.0 0.0 0.0 0.0 0.0 14752.22988705 3663.6022374 2623.9903917 432.90049005 1691.23832586 749.9153388 0.0 0.0 0.0
2041.16740827 0.0 0.0 0.0 0.0 0.0 0.0 0.0 0.0 0.0 0.0 0.0 0.0 0.0 261.909784597 0.0 569.139965527 784.69052805 793.283696205 323.975378265 312.03800472 51.2187781237 0.0 0.0 0.0 431.6264154 3884.7763153899996 1107.7969323369998 0.0 0.0 206.035488612 0.0 0.0 0.0 0.0 0.0 0.0 304.4266889063 0.0 0.0 0.0 0.0 37.731670935 0.0 0.0 0.0 0.0 0.0 0.0 0.0 0.0 0.0 0.0 0.0 0.0 0.0 530301.43528716 716060.30393752 0.0 0.0 0.0 0.0 0.0 0.0 21840.6609571 31447.8209664 8923.5098463 4276.20298307 0.0 0.0 0.0 0.0 0.0
3393.242721 0.0 0.0 0.0 0.0 0.0 0.0 0.0 0.0 0.0 0.0 0.0 0.0 358.393999563 618.113334667 420.740345475 469.915623435 236.145383977 1371.4875004 2567.21795329 2926.95522368 874.638351337 0.0 0.0 219.001871109 340.44129327 2096.372246531 576.38339712 864.74562972 0.0 496.641660075 690.988010595 0.0 0.0 143.982912405 0.0 0.0 0.0 0.0 0.0 0.0 0.0 0.0 0.0 0.0 0.0 0.0 0.0 0.0 0.0 0.0 0.0 0.0 0.0 0.0 0.0 764886.8584499999 28087.70362029 0.0 0.0 0.0 0.0 0.0 0.0 16634.5718035 52045.3324854 31155.4487616 22148.99633876 0.0 0.0 0.0 0.0 0.0
6849.1541943 7449.5896149 4131.7534485 0.0 0.0 0.0 0.0 0.0 0.0 0.0 0.0 0.0 0.0 0.0 241.809117 0.0 0.0 0.0 0.0 0.0 281.256053925 0.0 0.0 0.0 0.0 0.0 0.0 0.0 0.0 183.9608691727 0.0 130.857099272 0.0 0.0 0.0 0.0 56.566469232 0.0 0.0 0.0 0.0 0.0 0.0 0.0 0.0 0.0 0.0 0.0 0.0 0.0 0.0 0.0 0.0 0.0 0.0 0.0 498310.03589882 0.0 0.0 0.0 0.0 0.0 0.0 0.0 0.0 21248.04936 30502.7227597 11324.004954696 3527.31693312 4130.07409168 1825.56089273 0.0 94.162010643
0.0 0.0 0.0 0.0 0.0 0.0 0.0 0.0 0.0 0.0 0.0 0.0 0.0 0.0 0.0 0.0 0.0 0.0 0.0 0.0 0.0 0.0 441.39774218699995 3839.48981077 245.09903602920002 518.540684515 76.8698494162 163.32388506 0.0 0.0 96.01373232 228.18163677 0.0 0.0 0.0 0.0 0.0 0.0 322.31083572 365.022131964 0.0 0.0 0.0 0.0 0.0 0.0 0.0 0.0 0.0 0.0 0.0 0.0 0.0 0.0 0.0 0.0 674757.4244127399 0.0 0.0 0.0 0.0 0.0 0.0 0.0 0.0 1944.68339295 35331.150681 29275.871625 35437.268126 6740.1855816 3237.93665055 5259.99912672 4170.10649852
275.694384184 0.0 0.0 0.0 0.0 0.0 0.0 0.0 0.0 0.0 0.0 0.0 0.0 0.0 0.0 0.0 0.0 0.0 0.0 0.0 0.0 428.007774186 160.2769655246 491.232204252 614.226044492 0.0 0.0 0.0 0.0 0.0 0.0 0.0 0.0 0.0 0.0 0.0 0.0 0.0 121.19854673520001 175.532318724 0.0 0.0 0.0 0.0 0.0 0.0 0.0 0.0 0.0 0.0 0.0 0.0 0.0 0.0 0.0 0.0 244607.21888059998 738055.24437645 0.0 0.0 0.0 0.0 0.0 -1.0 -1.0 -1.0 0.0 0.0 33093.191295 25948.894365829998 5605.6716576 731.20636935 445.9390848
0.0 0.0 0.0 0.0 0.0 0.0 0.0 0.0 0.0 0.0 0.0 0.0 0.0 0.0 0.0 0.0 0.0 0.0 0.0 655.609555012 2913.18212258 1454.222592716 1568.445501783 1203.60781629 0.0 0.0 0.0 0.0 0.0 502.634660377 0.0 0.0 0.0 0.0 0.0 0.0 0.0 0.0 337.956326902 182.6510855119 0.0 0.0 0.0 0.0 0.0 0.0 0.0 0.0 0.0 0.0 0.0 0.0 0.0 0.0 0.0 0.0 0.0 458397.73837499996 693264.99352275 0.0 0.0 0.0 0.0 -1.0 -1.0 -1.0 0.0 0.0 0.0 30345.196131 49164.35518785 4905.5665599 1081.52841144
0.0 0.0 0.0 0.0 0.0 0.0 0.0 0.0 0.0 0.0 0.0 0.0 0.0 0.0 0.0 0.0 0.0 0.0 0.0 686.746319955 1094.166527 924.284967625 284.69297008399997 130.5005283681 1258.558891392 380.194299862 152.635102704 0.0 0.0 0.0 0.0 0.0 0.0 0.0 0.0 0.0 0.0 0.0 0.0 0.0 0.0 0.0 0.0 0.0 0.0 0.0 0.0 0.0 0.0 0.0 0.0 0.0 0.0 0.0 0.0 0.0 0.0 0.0 491603.81451516796 1458715.0160936299 645502.3903237999 0.0 0.0 0.0 -1.0 -1.0 -1.0 1125.50177628 0.0 31869.691326 0.0 2446.64476969 17440.9500083
0.0 0.0 0.0 0.0 0.0 0.0 0.0 2248.82021332 0.0 0.0 0.0 0.0 0.0 0.0 416.060691838 0.0 458.664167097 0.0 0.0 0.0 0.0 0.0 423.562867578 242.878728228 0.0 0.0 0.0 0.0 0.0 0.0 0.0 0.0 0.0 0.0 0.0 0.0 0.0 70.83537850069999 0.0 0.0 0.0 0.0 0.0 0.0 0.0 0.0 0.0 0.0 0.0 0.0 0.0 0.0 0.0 0.0 0.0 0.0 0.0 0.0 0.0 0.0 797541.8086832999 0.0 0.0 0.0 0.0 -1.0 -1.0 -1.0 0.0 9786.3161958 33064.0733025 139483.0479132 23901.0225188
0.0 0.0 0.0 0.0 0.0 0.0 0.0 0.0 0.0 1485.3952989 0.0 0.0 0.0 0.0 287.231759475 0.0 0.0 0.0 0.0 0.0 0.0 0.0 0.0 0.0 0.0 0.0 0.0 0.0 0.0 0.0 0.0 0.0 0.0 0.0 0.0 0.0 0.0 0.0 0.0 0.0 0.0 0.0 0.0 0.0 0.0 0.0 0.0 0.0 0.0 0.0 0.0 0.0 0.0 0.0 0.0 0.0 0.0 0.0 0.0 0.0 393332.6990358 0.0 0.0 0.0 0.0 -1.0 -1.0 -1.0 -1.0 4259.8455486 25898.2696125 27679.74299145 22938.2562623
0.0 0.0 0.0 0.0 0.0 1329.14387232 0.0 0.0 0.0 0.0 927.83946975 2844.85730917 1300.44728835 1006.72217971 0.0 3990.6098980799998 0.0 0.0 0.0 0.0 0.0 0.0 0.0 0.0 0.0 0.0 0.0 0.0 0.0 0.0 0.0 0.0 0.0 0.0 0.0 0.0 0.0 0.0 0.0 0.0 0.0 0.0 0.0 0.0 0.0 0.0 0.0 0.0 0.0 0.0 0.0 0.0 0.0 0.0 0.0 0.0 0.0 0.0 0.0 0.0 55472.917721804995 51188.821868324 0.0 0.0 0.0 0.0 -1.0 -1.0 -1.0 3762.9799674 39612.6573201 61158.24494412 72530.2412966
0.0 0.0 0.0 0.0 0.0 0.0 1381.3247492 0.0 0.0 3193.52028975 0.0 0.0 456.68553744 0.0 571.909588965 0.0 0.0 0.0 0.0 0.0 0.0 0.0 0.0 0.0 0.0 0.0 0.0 0.0 0.0 0.0 0.0 0.0 0.0 0.0 0.0 0.0 0.0 0.0 0.0 0.0 0.0 3068.302802625 559.8336175215 0.0 0.0 0.0 0.0 0.0 0.0 0.0 0.0 0.0 0.0 0.0 0.0 0.0 0.0 0.0 0.0 0.0 110812.68215458999 52894.31270276 0.0 0.0 0.0 0.0 0.0 -1.0 -1.0 0.0 2892.37299746 11012.3382618 53884.9859837
