Model Version1.4/trunk/input/1999/nsro_ag.asc
ncols 720
nrows 360
xllcorner -180
yllcorner -90
cellsize 0.5
NODATA_value -1
[rows 132 to 164 of 360, columns 292 to 364 of 720]
-1.0 -1.0 -1.0 -1.0 -1.0 -1.0 -1.0 -1.0 -1.0 -1.0 -1.0 -1.0 -1.0 -1.0 -1.0 -1.0 -1.0 -1.0 -1.0 -1.0 -1.0 -1.0 -1.0 -1.0 -1.0 -1.0 -1.0 -1.0 -1.0 -1.0 -1.0 -1.0 -1.0 -1.0 -1.0 -1.0 348.735667997 792.686496 297.07587 375.330848445 444.177044527 411.296566995 299.68030638 156.21004752 0.0 0.0 0.0 0.0 0.0 0.0 0.0 0.0 0.0 0.0 0.0 0.0 0.0 0.0 0.0 0.0 0.0 0.0 0.0 0.0 0.0 0.0 0.0 0.0 0.0 0.0 0.0 0.0 0.0
-1.0 -1.0 -1.0 -1.0 -1.0 -1.0 -1.0 -1.0 -1.0 -1.0 -1.0 -1.0 -1.0 -1.0 -1.0 -1.0 -1.0 -1.0 -1.0 -1.0 -1.0 -1.0 -1.0 -1.0 -1.0 -1.0 -1.0 -1.0 -1.0 -1.0 -1.0 -1.0 -1.0 -1.0 -1.0 20.814843129 653.113593814 333.256020885 320.36557212 321.663662993 160.5338559 161.411022202 108.409894881 0.0 0.0 0.0 0.0 0.0 0.0 0.0 0.0 0.0 0.0 0.0 0.0 0.0 0.0 0.0 0.0 0.0 0.0 0.0 0.0 0.0 0.0 0.0 0.0 0.0 0.0 0.0 0.0 0.0 0.0
-1.0 -1.0 -1.0 -1.0 -1.0 -1.0 -1.0 -1.0 -1.0 -1.0 -1.0 -1.0 -1.0 -1.0 -1.0 -1.0 -1.0 -1.0 -1.0 -1.0 -1.0 -1.0 -1.0 -1.0 -1.0 -1.0 -1.0 -1.0 -1.0 -1.0 -1.0 -1.0 -1.0 -1.0 -1.0 323.37565449 295.216113 244.9716708 326.510771475 532.922897595 255.05313789 133.756681579 0.0 0.0 0.0 0.0 0.0 0.0 0.0 0.0 0.0 0.0 0.0 0.0 0.0 0.0 0.0 0.0 0.0 0.0 0.0 0.0 0.0 0.0 0.0 0.0 0.0 0.0 0.0 0.0 0.0 0.0 0.0
-1.0 -1.0 -1.0 -1.0 -1.0 -1.0 -1.0 -1.0 -1.0 -1.0 -1.0 -1.0 -1.0 -1.0 -1.0 -1.0 -1.0 -1.0 -1.0 -1.0 -1.0 -1.0 -1.0 -1.0 -1.0 -1.0 -1.0 -1.0 -1.0 -1.0 -1.0 -1.0 -1.0 -1.0 106.973136511 310.06450752 231.66289956 472.365002025 431.92615425 169.374616425 347.452309035 316.83679875 0.0 0.0 0.0 0.0 0.0 0.0 0.0 0.0 0.0 0.0 0.0 0.0 0.0 0.0 0.0 0.0 0.0 0.0 0.0 0.0 0.0 0.0 0.0 0.0 0.0 0.0 0.0 0.0 0.0 0.0 0.0
-1.0 -1.0 -1.0 -1.0 -1.0 -1.0 -1.0 -1.0 -1.0 -1.0 -1.0 -1.0 -1.0 -1.0 -1.0 -1.0 -1.0 -1.0 -1.0 -1.0 -1.0 -1.0 -1.0 -1.0 -1.0 -1.0 -1.0 -1.0 -1.0 -1.0 -1.0 -1.0 -1.0 -1.0 309.338251562 300.619666665 377.13741345 279.8467272 397.102408875 400.081873125 137.11783734 85.617969003 0.0 0.0 0.0 0.0 0.0 0.0 0.0 0.0 0.0 0.0 0.0 0.0 0.0 0.0 0.0 0.0 0.0 0.0 0.0 0.0 0.0 0.0 0.0 0.0 0.0 0.0 0.0 0.0 0.0 41.844118806 39.485274948
-1.0 -1.0 -1.0 -1.0 -1.0 -1.0 -1.0 -1.0 -1.0 -1.0 -1.0 -1.0 -1.0 -1.0 -1.0 -1.0 -1.0 -1.0 -1.0 -1.0 -1.0 -1.0 -1.0 -1.0 -1.0 -1.0 -1.0 -1.0 -1.0 -1.0 -1.0 -1.0 -1.0 0.0 91.07084829 98.644078416 98.3388465517 89.836397244 98.862228108 156.522890784 106.726298035 193.799622161 0.0 0.0 0.0 0.0 0.0 0.0 0.0 0.0 0.0 0.0 0.0 0.0 0.0 0.0 0.0 0.0 0.0 0.0 0.0 0.0 0.0 0.0 0.0 0.0 0.0 0.0 0.0 0.0 0.0 0.0 0.0
-1.0 -1.0 -1.0 -1.0 -1.0 -1.0 -1.0 -1.0 -1.0 -1.0 -1.0 -1.0 -1.0 -1.0 -1.0 -1.0 -1.0 -1.0 -1.0 -1.0 -1.0 -1.0 -1.0 -1.0 -1.0 -1.0 -1.0 -1.0 -1.0 -1.0 -1.0 -1.0 -1.0 0.0 0.0 0.0 0.0 0.0 0.0 0.0 0.0 563.333836614 0.0 0.0 125.0326006816 0.0 0.0 0.0 0.0 0.0 0.0 0.0 0.0 0.0 0.0 0.0 0.0 0.0 0.0 0.0 0.0 0.0 0.0 0.0 0.0 0.0 0.0 0.0 0.0 0.0 0.0 283.8258171 2843.56814098
-1.0 -1.0 -1.0 -1.0 -1.0 -1.0 -1.0 -1.0 -1.0 -1.0 -1.0 -1.0 -1.0 -1.0 -1.0 -1.0 -1.0 -1.0 -1.0 -1.0 -1.0 -1.0 -1.0 -1.0 -1.0 -1.0 -1.0 -1.0 -1.0 -1.0 -1.0 -1.0 -1.0 -1.0 -1.0 0.0 0.0 0.0 0.0 0.0 0.0 2989.700902644 1791.06249861 0.0 0.0 0.0 0.0 0.0 0.0 0.0 0.0 0.0 0.0 0.0 0.0 0.0 0.0 0.0 0.0 0.0 0.0 0.0 0.0 0.0 0.0 0.0 0.0 0.0 0.0 0.0 0.0 775.2429525 4383.31989315
-1.0 -1.0 -1.0 -1.0 -1.0 -1.0 -1.0 -1.0 -1.0 -1.0 -1.0 -1.0 -1.0 -1.0 -1.0 -1.0 -1.0 -1.0 -1.0 -1.0 -1.0 -1.0 -1.0 -1.0 -1.0 -1.0 -1.0 -1.0 -1.0 -1.0 -1.0 -1.0 -1.0 -1.0 -1.0 443.49316239 307.212883038 0.0 512.277061297 1338.82235964 1361.4992936190001 3999.441608356 1619.42424336 1017.73739495 710.020883565 495.7465812 284.802316218 346.272719121 0.0 0.0 0.0 938.35527375 0.0 0.0 0.0 432.614047851 0.0 0.0 0.0 0.0 0.0 0.0 0.0 0.0 0.0 0.0 0.0 0.0 0.0 293.610639082 1174.76741734 367.386722831 0.0
-1.0 -1.0 -1.0 -1.0 -1.0 -1.0 -1.0 -1.0 -1.0 -1.0 -1.0 -1.0 -1.0 -1.0 -1.0 -1.0 -1.0 -1.0 -1.0 -1.0 -1.0 -1.0 -1.0 -1.0 -1.0 -1.0 -1.0 -1.0 -1.0 -1.0 -1.0 -1.0 -1.0 -1.0 -1.0 768.960634747 463.24573392 510.509410124 623.9035692 813.6990890077 485.293260375 828.060545587 2051.883075 1314.79554319 1181.11239075 1356.54183264 351.208030793 284.625065295 362.54341264 301.39907812 298.263706164 583.018021245 199.609035024 266.440037845 905.084959875 592.724377575 21.8008785345 0.0 0.0 0.0 0.0 0.0 0.0 0.0 0.0 0.0 0.0 0.0 0.0 235.65015689 339.373045692 0.0 0.0
-1.0 -1.0 -1.0 -1.0 -1.0 -1.0 -1.0 -1.0 -1.0 -1.0 -1.0 -1.0 -1.0 -1.0 -1.0 -1.0 -1.0 -1.0 -1.0 -1.0 -1.0 -1.0 -1.0 -1.0 -1.0 -1.0 -1.0 -1.0 -1.0 -1.0 -1.0 -1.0 -1.0 -1.0 -1.0 135.65987811 324.855997853 639.294333232 676.163162137 336.845483091 419.576153493 999.635441085 2357.21190773 1751.1583842 4838.38208532 2474.73170604 1719.6269612 2861.61216768 945.289650735 594.685251142 855.770418525 692.93142774 179.957695329 187.663671963 282.633473544 345.629931933 60.871217076 0.0 0.0 0.0 0.0 0.0 0.0 0.0 0.0 0.0 0.0 0.0 0.0 174.730212432 1249.06889137 349.592496183 468.950425367
-1.0 -1.0 -1.0 -1.0 -1.0 -1.0 -1.0 -1.0 -1.0 -1.0 -1.0 -1.0 -1.0 -1.0 -1.0 -1.0 -1.0 -1.0 -1.0 -1.0 -1.0 -1.0 -1.0 -1.0 -1.0 -1.0 -1.0 -1.0 -1.0 -1.0 -1.0 -1.0 -1.0 -1.0 -1.0 17.695522035 626.302202212 1508.85675591 801.011044762 696.8550699 1159.42910757 963.10011069 1064.26081537 11414.960399815 15858.0671476 10931.7247991948 7938.7610781 3100.66053917 521.716523312 1399.37182443 1546.56361042 2745.77873496 624.388703805 141.123213378 214.315738821 212.82544896 90.5314336644 0.0 0.0 0.0 0.0 0.0 0.0 0.0 0.0 0.0 0.0 0.0 0.0 476.499408975 1909.01715492 1138.45798708 456.617082443
-1.0 -1.0 -1.0 -1.0 -1.0 -1.0 -1.0 -1.0 -1.0 -1.0 -1.0 -1.0 -1.0 -1.0 -1.0 -1.0 -1.0 -1.0 -1.0 -1.0 -1.0 -1.0 -1.0 -1.0 -1.0 -1.0 -1.0 -1.0 -1.0 -1.0 -1.0 -1.0 -1.0 -1.0 -1.0 0.0 3911.25750892 1319.41248367 1243.10380185 2344.96726903 1534.25531238 1355.66624302 8724.8546185429 29536.830178308 30612.388318606 33440.108784 11265.7487192 5000.2053387 3419.1289746 1858.09585549 709.732791878 894.4641696 3400.62514641 6025.70953842 174.897091026 206.361428831 305.51099328 0.0 0.0 0.0 0.0 0.0 0.0 226.275573042 0.0 0.0 0.0 0.0 0.0 318.050791086 396.551674974 153.044273731 198.915680817
-1.0 -1.0 -1.0 -1.0 -1.0 -1.0 -1.0 -1.0 -1.0 -1.0 -1.0 -1.0 -1.0 -1.0 -1.0 -1.0 -1.0 13931.137513149999 -1.0 -1.0 -1.0 -1.0 -1.0 -1.0 -1.0 -1.0 -1.0 -1.0 -1.0 -1.0 -1.0 -1.0 -1.0 -1.0 -1.0 620.307500731 2911.05438624 3247.03134637 9608.6261088 4177.09809495 4080.516375 5179.24589775 9935.242047 57067.816284 55086.107382 17026.225878205 18485.55935612 17111.2885123 6628.473558 2671.7040459 2938.575261 2577.98031453 4620.1790562 22964.8942152 2174.1876135992 980.392078515 313.458126051 0.0 79.388208108 30.445640505 94.59205047 472.52751033 320.803648956 206.267253004 0.0 0.0 167.803737915 0.0 0.0 0.0 213.831476024 0.0 0.0
-1.0 -1.0 -1.0 -1.0 -1.0 -1.0 -1.0 -1.0 -1.0 -1.0 -1.0 -1.0 -1.0 -1.0 -1.0 -1.0 -1.0 5889.83638025 3828.279661166 4778.811578847 -1.0 -1.0 1580.808438 -1.0 -1.0 -1.0 -1.0 -1.0 -1.0 -1.0 -1.0 -1.0 -1.0 -1.0 -1.0 5536.23454449 5005.61523649 5960.03258841 5015.20831512 6041.27607494 8736.85864327 7610.690061 8870.3602779 37512.962112 48424.770899400006 13576.4744506 30425.303770992 38433.78808188 18957.3100885 9684.1121652 9760.691808 7843.84728075 7821.41600362 20647.6729643 6027.5324475 2252.35263478 1270.74017895 749.097492053 1434.77510352 1104.46745332 5300.34241428 942.721097664 871.914326029 1141.417625695 1073.7818102076 918.930937576 371.691081922 88.7467247888 65.5121696429 326.00809356 530.18529 357.778925235 161.000697651
-1.0 -1.0 -1.0 -1.0 -1.0 -1.0 -1.0 -1.0 -1.0 -1.0 -1.0 -1.0 -1.0 -1.0 -1.0 -1.0 -1.0 -1.0 -1.0 -1.0 -1.0 -1.0 3562.2986747362 -1.0 -1.0 -1.0 -1.0 -1.0 -1.0 -1.0 -1.0 -1.0 -1.0 -1.0 -1.0 3498.2441135199997 2147.25460286 1460.2261734 1445.31820775 2640.0397786866 9079.17302125 13194.671914319999 10889.961682379999 22740.307811 43640.74325904 7628.0418586764 34712.4630654 21987.4837842468 3811.50236415 1932.61205813 1975.6870397328 2675.63328787 3619.163079 8969.8023188597 9377.479237204401 8592.4534452 7337.25422138 5984.00322045 4524.14308017 10318.23154109 17623.525054589998 4440.35366882 1011.13886538 1430.77466916 2756.40732 1344.93619243 1921.5493646 1950.4236830063999 1016.59162583 1325.53922164 1703.05108714 1187.84323998 3762.777096
-1.0 -1.0 -1.0 -1.0 -1.0 -1.0 -1.0 -1.0 -1.0 -1.0 -1.0 -1.0 -1.0 -1.0 -1.0 -1.0 -1.0 -1.0 -1.0 -1.0 -1.0 -1.0 -1.0 -1.0 -1.0 -1.0 -1.0 -1.0 -1.0 -1.0 -1.0 -1.0 -1.0 -1.0 489.8556555255 2882.61899114 2559.41462163 1771.2760526286002 2388.4370596015 2978.16768909 6031.933083 10508.2476636 15032.208492869999 25517.6150212 23168.5735806 15547.715484 27419.3503679 4660.2918252 2741.365187806 2391.02096971 5333.51966529 2198.97727285 3650.39389114 3415.46259424 7728.86162385 9409.64621467 5508.85061325 6039.799263 2237.38033748 4289.118373335 3895.72739655 3009.738453385 1372.67176439 1956.80406159 1823.81697733 1766.21193888 5903.92845009 4948.81986832 2759.09415858866 1984.25786311 5593.3334973 2076.18244895 2123.84448288
-1.0 -1.0 -1.0 -1.0 -1.0 -1.0 -1.0 -1.0 -1.0 -1.0 -1.0 -1.0 -1.0 -1.0 -1.0 -1.0 -1.0 -1.0 -1.0 0.0 17233.82360153 4478.390654796 -1.0 -1.0 -1.0 -1.0 -1.0 -1.0 -1.0 -1.0 -1.0 -1.0 -1.0 0.0 6267.30024968 5092.7524767800005 1522.223082264 1695.229669433 1553.6011601196 4659.451885935 6527.61378315 10398.49807802 9949.06395288 18296.2828631 11406.88269554 18237.48845335 24099.03020357 15102.736667469 4307.24930783 2825.733628944 3043.82124777 2843.8630519199996 1852.29133058 3051.724342 6354.73767718 3108.8233158 2585.61066893 2012.449618914 1689.17121079 1052.64927382 9410.98945312 17497.4274888 33935.08635 31923.56475 12784.6601903 4201.5512619 3560.22630469632 6992.57870420495 5328.9929226 3431.8563378 6592.87419562 3618.5484123957003 2323.4785711342997
-1.0 -1.0 -1.0 -1.0 -1.0 -1.0 -1.0 -1.0 -1.0 -1.0 -1.0 -1.0 -1.0 -1.0 -1.0 -1.0 -1.0 -1.0 878.245193475 4812.091222390401 20512.63035911 -1.0 -1.0 -1.0 -1.0 -1.0 -1.0 -1.0 -1.0 -1.0 -1.0 -1.0 -1.0 12083.09357761 23137.63528395 2710.46584812 635.884244089 873.968421672 1053.730425751 1075.5260996376 2783.3325610757997 3416.4683666799997 11790.343207000002 24925.99786296 11357.0864784 14718.424519510001 68061.059033 17349.08491466 13719.785344799999 5964.68508773 4157.19632875 3819.4678970900004 3391.29896697 4857.45176112 11599.148422080001 6468.086613042 2636.81757877 1894.931837991 1037.62279059809 3311.3619967100003 42137.8918594 42887.352045499996 10869.1662924 2706.3358227 2880.51770625 2990.89277835 12466.1459383778 9505.391138874 9454.7028855938 9664.801302 15216.894584533 6316.7546261016 9872.74842188
-1.0 -1.0 -1.0 -1.0 -1.0 -1.0 -1.0 -1.0 -1.0 -1.0 -1.0 -1.0 -1.0 -1.0 -1.0 -1.0 -1.0 -1.0 -1.0 -1.0 -1.0 -1.0 -1.0 -1.0 -1.0 -1.0 -1.0 -1.0 -1.0 -1.0 -1.0 -1.0 -1.0 -1.0 19348.95483988 5763.99447564 7033.40726157 9486.49941195 14420.15036399 6953.14566996 3965.918019246 11537.81161364 32013.422033 30425.6390868 27945.370304900003 66458.1063022 66785.7964997 29939.14903312 27290.669751600002 22618.4872685 11726.676226790001 8685.524558410001 15511.85306198 10920.73654212 5108.266467879999 2949.0292429 2020.070742155 1832.8764597197 2964.4798662000003 9305.75755305 30532.3499715 9511.72327318 1178.1131282450801 2169.290862 10212.8592611 23260.605985303522 15203.49075 10206.1801686 20426.816615087802 12965.5893004 15529.58407212 8615.153882472 11612.89382738
-1.0 -1.0 -1.0 -1.0 -1.0 -1.0 -1.0 -1.0 -1.0 -1.0 -1.0 -1.0 -1.0 -1.0 -1.0 -1.0 -1.0 -1.0 -1.0 -1.0 -1.0 -1.0 -1.0 -1.0 -1.0 -1.0 -1.0 -1.0 -1.0 -1.0 -1.0 -1.0 -1.0 -1.0 1141.427641828 94466.95215006 51078.00877879 75995.47619850001 65771.0054552 35599.0782449 39472.945889099996 12341.7948654 17727.062405409997 14977.63038706 19160.2514649 33796.45832772 57909.536159 49350.31157838 20475.882833862 25679.16280761 24731.29596181 49963.9225304 51902.37918125 30799.717551499998 3279.200190903 9432.56901312 4702.40927146 2065.535869663 4013.6540081000003 27037.623397299998 15660.64602222 3126.93648493 4427.8427025549 10412.12302713 6648.0699834 5409.4176216 9815.17288388 8414.79969847342 10747.6479915 12044.001361365 14212.90108948 12493.364958549999 9438.6070311
-1.0 -1.0 -1.0 -1.0 -1.0 -1.0 -1.0 -1.0 -1.0 -1.0 -1.0 -1.0 -1.0 -1.0 -1.0 -1.0 -1.0 -1.0 -1.0 -1.0 -1.0 -1.0 -1.0 -1.0 -1.0 -1.0 -1.0 -1.0 -1.0 -1.0 -1.0 -1.0 -1.0 -1.0 54365.0304345 77249.87352329999 46514.7859176 16002.35832391 21020.54157712 58053.772231099996 24589.2300566 13224.25736766 11540.829139717 13995.97903665 15224.020026727 35376.99787277 33205.63295938 39593.38289674 58734.8994929 35412.4947922 27174.367614690003 43006.271211600004 54812.2165391 25311.895513299998 38364.0894 27928.979567770002 5007.3174075 20579.69011525 23421.79462443 29928.50544442 11090.23879653 23246.233390499998 5709.44024663 7795.6282429600005 15300.16238858 30694.16050344 7768.0276822656 12812.638385426 2187.229538524 6676.16978419 28144.7617395 15374.7155646 12523.027479299999
-1.0 -1.0 -1.0 -1.0 -1.0 -1.0 -1.0 -1.0 -1.0 -1.0 -1.0 -1.0 -1.0 -1.0 -1.0 -1.0 -1.0 -1.0 -1.0 -1.0 -1.0 -1.0 -1.0 -1.0 -1.0 -1.0 -1.0 -1.0 -1.0 -1.0 -1.0 -1.0 -1.0 -1.0 2970.08287723 16823.02586309 32707.75017815 23068.28049664 21747.877146450002 17330.85002345 17582.27114877 13883.387208600001 17554.608547142 31238.68401252 10607.943218588 39818.089119685 40151.2637685 31885.73390567 34532.5419282 33570.4466366 53240.409266999995 76388.5156188 43164.1462162 53812.103081 40653.1639939 36957.265632719995 46743.605126869996 36239.226609599995 36122.82032662 29163.84751747 5360.65487034 35643.038146 8355.33136864 44692.631711 9361.74529997 41127.8377946 9007.51198152 8835.01621016 7933.86002571 3995.5403911800004 12745.10557458 22198.010989399998 35826.601039500005
-1.0 -1.0 -1.0 -1.0 -1.0 -1.0 -1.0 -1.0 -1.0 -1.0 -1.0 -1.0 -1.0 -1.0 -1.0 -1.0 -1.0 -1.0 -1.0 -1.0 -1.0 -1.0 -1.0 -1.0 -1.0 -1.0 -1.0 -1.0 -1.0 -1.0 -1.0 -1.0 -1.0 -1.0 13345.82080315 12660.07519039 45768.5443332 51304.487985700005 45676.7719049 33462.0256105 35527.3196963 29548.34318352 75418.642779 67725.58275 78268.2355429 56763.989602019 50914.5268552 57633.884967670005 59972.950971360005 61977.7668675 52884.2065862 46987.4728808 50354.3781435 45516.981113999995 47217.411314900004 64621.6545823 46060.0418033 42439.216896 55700.935315 30953.7387206 19797.077792750002 58170.8616291 55854.7412569 71362.2018122 13641.261858110001 16015.69577868 76609.3893318 42902.79042615 17315.0060467 14313.357870390002 8197.050195169999 16914.7253212 9142.58538658
-1.0 -1.0 -1.0 -1.0 -1.0 -1.0 -1.0 -1.0 -1.0 -1.0 -1.0 -1.0 -1.0 -1.0 -1.0 -1.0 -1.0 -1.0 -1.0 -1.0 -1.0 -1.0 -1.0 -1.0 -1.0 -1.0 -1.0 -1.0 -1.0 -1.0 -1.0 -1.0 -1.0 -1.0 -1.0 8026.01964049 10089.963055150001 17205.14700864 36147.1302357 47406.9149111 53256.2413574 55739.420741300004 85197.0831758 165312.059901 101369.59863030001 76800.26349602999 90200.5681252 62766.9997389 106357.9184709 46284.4353921 32207.2337309 43121.2569984 34892.1892082 50452.9249087 62693.904333 85076.6531101 91182.8462977 48369.23937720001 69091.9326589 97944.5576529 67624.42852690001 44866.6925166 59306.711993100005 17427.64416399 20039.1419986 26466.409279720003 70610.98373729999 78411.843867 19691.3255565 7369.58656792 13943.56216454 29676.8830117 8085.9190329
-1.0 -1.0 -1.0 -1.0 -1.0 -1.0 -1.0 -1.0 -1.0 -1.0 -1.0 -1.0 -1.0 -1.0 -1.0 -1.0 -1.0 -1.0 -1.0 -1.0 -1.0 -1.0 -1.0 -1.0 -1.0 -1.0 -1.0 -1.0 -1.0 -1.0 -1.0 -1.0 -1.0 -1.0 0.0 5153.75526833 1334.510219601 11992.32629611 42492.60489409001 65342.0440392 90601.8635281 140941.7949023 142886.477187 112957.10145660001 66346.35110976 145747.7345088 78846.7984863 38164.46905128 35447.666669656 37840.6786804 76498.0435912 41160.453779300005 36726.3339569 41170.2386978 42537.6876493 82034.2788969 121171.7304693 131639.1270909 122584.4993194 107651.414522 46849.6910947 37506.4679386 25762.518461519998 15534.53229273 7730.54330837 13704.26874322 98411.5223784 119410.77543879999 32113.30491265 19248.512408529998 15550.09924226 24829.332995509998 48324.748359599995
-1.0 -1.0 -1.0 -1.0 -1.0 -1.0 -1.0 -1.0 -1.0 -1.0 -1.0 -1.0 -1.0 -1.0 -1.0 -1.0 -1.0 -1.0 -1.0 -1.0 -1.0 -1.0 -1.0 -1.0 -1.0 -1.0 -1.0 -1.0 -1.0 -1.0 -1.0 -1.0 -1.0 -1.0 -1.0 -1.0 -1.0 1323.163157734 4932.57077742 71180.768687 84174.4811639 150266.9857292 120429.3639559 166804.2748068 82045.480243 154173.67018020002 83573.4593175 15947.251733376 36903.762333 30859.438868999998 34252.1992363 20536.19458282 16072.702962349998 31540.28818637 31310.214309400002 48357.4973837 75518.8406865 63883.8267677 42746.842520599996 27957.1194722 33910.3471491 26002.6485138 39658.49976489 27700.98248781 27046.03162443 32864.8444124 80049.2617365 131149.8070817 130561.1308788 49826.368838400005 38971.78395722 20858.85770062 7320.646056667
-1.0 -1.0 -1.0 -1.0 -1.0 -1.0 -1.0 -1.0 -1.0 -1.0 -1.0 -1.0 -1.0 -1.0 -1.0 -1.0 -1.0 -1.0 -1.0 -1.0 -1.0 -1.0 -1.0 -1.0 -1.0 -1.0 -1.0 -1.0 -1.0 -1.0 -1.0 -1.0 -1.0 -1.0 -1.0 -1.0 -1.0 -1.0 31.569858221399997 28454.296043399998 188966.776299 282808.3757798 111410.6971875 99166.2165291 149485.871793 114312.897765 19167.467126069998 17042.087372096 32595.4978055 25210.006116340002 15291.129487332 11202.426736411 13858.11212257 15300.386761459999 54109.324588799995 53010.24856662 59510.93695058 52195.56428603 22895.47739639 17017.393690689998 15491.50633338 25787.10320117 33831.1808033 28183.58345171 20325.64248059 18660.57616366 30662.029007510002 36665.77780794 37251.34331849 60296.11497355 95854.3986649 19294.23439939 12890.235891780001
-1.0 -1.0 -1.0 -1.0 -1.0 -1.0 -1.0 -1.0 -1.0 -1.0 -1.0 -1.0 -1.0 -1.0 -1.0 -1.0 -1.0 -1.0 -1.0 -1.0 -1.0 -1.0 -1.0 -1.0 -1.0 -1.0 -1.0 -1.0 -1.0 -1.0 -1.0 -1.0 -1.0 -1.0 -1.0 -1.0 -1.0 -1.0 -1.0 -1.0 38484.5435382 132362.3226668 129481.7626567 40589.671825900004 53832.23042595 22891.151321999998 24026.59700778 27032.37176287 20858.551398984 16732.070071581 5773.815145107001 8794.596216165 17432.50699162 19408.397983521 41598.231929899994 35307.9732219 39079.2179088 42050.2488606 9075.300802123002 29376.43091655 17096.68842628 17883.83055096 38135.04723974 35936.57873349 24519.356033279997 24524.08771211 33679.956425569995 33142.654712200005 42899.70227329 84955.5510582 142804.3423979 9115.34753189 6519.0957102600005
-1.0 -1.0 -1.0 -1.0 -1.0 -1.0 -1.0 -1.0 -1.0 -1.0 -1.0 -1.0 -1.0 -1.0 -1.0 -1.0 -1.0 -1.0 -1.0 -1.0 -1.0 -1.0 -1.0 -1.0 -1.0 -1.0 -1.0 -1.0 -1.0 -1.0 -1.0 -1.0 -1.0 -1.0 -1.0 -1.0 -1.0 -1.0 -1.0 -1.0 -1.0 12033.75939467 46248.28318874 14547.34110482 63835.9840677 82763.9136347 51880.61415411 51844.9539823 49790.451366099995 36142.95981672 13410.6854616 12770.18631152 13152.228352836 14485.956128304 22875.64989922 20574.20411644 45330.6826592 25372.5697685 14107.406933873 12668.081280917 0.0 11684.842516204 24964.92125769 30937.125548950004 29718.741173000002 17758.20822719 25924.857906620004 28568.964088399996 46358.2409268 118230.47734525001 101876.835517 7176.93537996 9157.251577882
-1.0 -1.0 -1.0 -1.0 -1.0 -1.0 -1.0 -1.0 -1.0 -1.0 -1.0 -1.0 -1.0 -1.0 -1.0 -1.0 -1.0 -1.0 -1.0 -1.0 -1.0 -1.0 -1.0 -1.0 -1.0 -1.0 -1.0 -1.0 -1.0 -1.0 -1.0 -1.0 -1.0 -1.0 -1.0 -1.0 -1.0 -1.0 -1.0 -1.0 -1.0 6643.84700169 40624.95839985 25315.336514220002 110888.3556195 64077.493235999995 86767.749342 237989.24544710002 197394.64234 97752.3775093 25640.675159270002 49615.967958199995 28779.92616326 12996.23064994 15978.220252969999 18085.580309279998 15944.3161038 15674.377205649 14918.09991756 18366.253751309003 6023.025814445 16033.570817700001 13617.063470381 20885.449392180002 22585.40949769 24777.449831089998 19344.65284702 31698.6756607 48270.80785067 94974.11962079999 50853.60496411 20801.17248362 9999.44524416
-1.0 -1.0 -1.0 -1.0 -1.0 -1.0 -1.0 -1.0 -1.0 -1.0 -1.0 -1.0 -1.0 -1.0 -1.0 -1.0 -1.0 -1.0 -1.0 -1.0 -1.0 -1.0 -1.0 -1.0 -1.0 -1.0 -1.0 -1.0 -1.0 -1.0 -1.0 -1.0 -1.0 -1.0 -1.0 -1.0 -1.0 -1.0 -1.0 -1.0 -1.0 17407.37870325 26590.13181354 69800.8368633 127270.7270361 93784.475076 114014.61292049999 49424.42787885 29289.5296555 124164.5236014 114580.54568129999 90651.494136 32000.868437099998 35452.9699866 18981.99741289 16717.03638714 19463.26429578 31040.0186693 21478.67469308 22264.804882530003 16176.098010900001 24368.319697900002 39365.5771582 39734.7560708 31863.922126700003 17032.050383409998 28475.325701769998 38442.79122218 78560.7636115 71674.85889830001 48248.333782300004 27932.58575054 24684.71252182
-1.0 -1.0 -1.0 -1.0 -1.0 -1.0 -1.0 -1.0 -1.0 -1.0 -1.0 -1.0 -1.0 -1.0 -1.0 -1.0 -1.0 -1.0 -1.0 -1.0 -1.0 -1.0 -1.0 -1.0 -1.0 -1.0 -1.0 -1.0 -1.0 -1.0 -1.0 -1.0 -1.0 -1.0 -1.0 -1.0 -1.0 -1.0 -1.0 -1.0 -1.0 -1.0 4347.73286971 58192.2629861 46960.060346390004 130789.4965692 61298.2032702 15064.255539623 11881.19435456 84984.8048565 184722.1266466 113449.50284693 123234.34588420001 113627.4713531 53010.9109651 27213.23178548 41022.50235552 31053.3271785 28305.854605399996 34640.2927817 51614.35689847 68327.7222242 92888.5574466 71588.1092547 65582.5879307 23582.758737900003 24577.4795623 21159.0039197 60763.5166173 99657.461487 110784.664893 35303.5251578 38042.20842528
