Model Version1.4/trunk/input/1999/q.asc
ncols 720
nrows 360
xllcorner -180
yllcorner -90
cellsize 0.5
NODATA_value -9999
[rows 26 to 51 of 360, columns 638 to 695 of 720]
-9999.0 -9999.0 -9999.0 -9999.0 -9999.0 -9999.0 -9999.0 -9999.0 -9999.0 -9999.0 -9999.0 -9999.0 -9999.0 -9999.0 -9999.0 -9999.0 -9999.0 -9999.0 -9999.0 -9999 -9999 -9999.0 -9999.0 -9999.0 -9999.0 -9999.0 -9999.0 -9999.0 -9999.0 -9999.0 -9999.0 -9999.0 -9999.0 -9999.0 -9999.0 -9999 -9999.0 -9999.0 -9999.0 -9999.0 -9999.0 -9999.0 -9999.0 -9999.0 -9999.0 -9999.0 -9999.0 -9999.0 -9999.0 -9999.0 -9999.0 -9999.0 -9999.0 -9999.0 -9999.0 -9999.0 -9999.0 -9999.0
-9999 -9999.0 -9999.0 -9999 -9999 -9999 -9999.0 -9999.0 -9999.0 -9999.0 -9999.0 -9999.0 -9999.0 -9999.0 -9999.0 -9999.0 -9999.0 -9999.0 -9999.0 -9999.0 -9999.0 -9999.0 -9999.0 -9999.0 -9999.0 -9999.0 -9999.0 38412478515.089264 -9999.0 -9999.0 -9999.0 -9999.0 -9999.0 -9999.0 -9999.0 -9999.0 -9999.0 -9999.0 -9999.0 -9999.0 -9999.0 -9999.0 -9999.0 -9999.0 -9999.0 -9999.0 -9999.0 -9999.0 -9999.0 -9999.0 -9999.0 -9999.0 -9999.0 -9999.0 -9999.0 -9999.0 -9999.0 -9999.0
82564718921.41304 61472098855.04699 58620998452.14094 23444493094.495228 32461344987.404163 75070295475.17427 49353404613.49254 80655847358.39716 37432209443.2817 46438852402.7107 81716174008.24959 76849043209.08577 -9999 -9999.0 -9999 -9999 -9999.0 -9999.0 -9999.0 -9999.0 -9999.0 -9999.0 -9999.0 -9999.0 -9999.0 -9999.0 -9999.0 -9999.0 -9999.0 -9999.0 -9999.0 -9999.0 -9999.0 -9999.0 -9999.0 -9999.0 -9999.0 -9999.0 -9999.0 -9999.0 -9999.0 -9999.0 -9999.0 -9999.0 -9999.0 -9999.0 -9999.0 -9999.0 -9999.0 -9999.0 -9999.0 -9999.0 -9999.0 -9999.0 -9999.0 -9999.0 -9999.0 -9999.0
70010563088.72746 75228000658.27583 42334172130.2894 45914672123.0807 88897059951.56606 43300577257.64225 46769268506.59915 0.0 0.0 43243825541.31167 50188559567.17246 58655521473.42601 -9999.0 -9999.0 76545415444.5675 39571452401.761086 74215680983.14917 44522035572.56265 61626289492.73274 0.0 45681479567.91798 0.0 41899881152.10649 -9999 -9999.0 -9999.0 -9999.0 -9999.0 -9999.0 -9999.0 -9999.0 -9999.0 -9999.0 -9999.0 -9999.0 -9999.0 -9999.0 -9999.0 -9999.0 -9999.0 -9999.0 -9999.0 -9999.0 -9999.0 -9999.0 -9999.0 -9999.0 -9999.0 -9999.0 -9999.0 -9999.0 -9999.0 -9999.0 -9999.0 -9999.0 -9999.0 -9999.0 -9999.0
69947316184.2908 97305325046.22585 52696069702.19619 91469136631.43811 95798458755.87236 94894549082.05554 98192433546.33495 100072993022.05109 98387097453.59117 101102589734.5765 -9999.0 -9999.0 -9999.0 -9999.0 -9999.0 -9999.0 -9999.0 66752801532.232704 0.0 0.0 0.0 0.0 21175263462.368 27682336395.409473 -9999.0 -9999.0 -9999.0 -9999.0 -9999.0 -9999.0 -9999.0 -9999.0 -9999.0 -9999.0 -9999.0 -9999.0 -9999.0 -9999.0 -9999.0 -9999.0 -9999.0 -9999.0 -9999.0 -9999.0 -9999.0 -9999.0 -9999.0 -9999.0 -9999.0 -9999.0 -9999.0 -9999.0 -9999.0 -9999.0 -9999.0 -9999.0 -9999.0 -9999.0
-9999.0 -9999.0 -9999 -9999 -9999 -9999.0 -9999.0 -9999.0 -9999.0 -9999.0 -9999.0 -9999.0 -9999.0 -9999.0 -9999.0 -9999.0 -9999.0 -9999.0 -9999.0 -9999.0 -9999.0 -9999.0 -9999.0 -9999.0 -9999.0 -9999.0 -9999.0 -9999.0 -9999.0 -9999.0 -9999.0 -9999.0 -9999.0 -9999.0 -9999.0 -9999.0 -9999.0 -9999.0 -9999.0 -9999.0 -9999.0 -9999.0 -9999.0 -9999.0 -9999.0 -9999.0 -9999.0 -9999.0 -9999.0 -9999.0 -9999.0 -9999.0 -9999.0 -9999.0 -9999.0 -9999.0 -9999.0 -9999.0
-9999.0 -9999.0 -9999 112271021953.22174 78068263512.70987 83214794912.68102 108775544457.8473 116237665788.16463 107434745340.76099 -9999.0 -9999.0 -9999.0 -9999.0 -9999.0 -9999.0 -9999.0 -9999.0 -9999.0 -9999.0 -9999.0 -9999.0 -9999.0 -9999.0 -9999.0 -9999.0 -9999.0 -9999.0 -9999.0 -9999.0 -9999.0 -9999.0 -9999.0 -9999.0 -9999.0 -9999.0 -9999.0 -9999.0 -9999.0 -9999.0 -9999.0 -9999.0 -9999.0 -9999.0 -9999.0 -9999.0 -9999.0 -9999.0 -9999.0 -9999.0 -9999.0 -9999.0 -9999.0 -9999.0 -9999.0 -9999.0 -9999.0 -9999.0 -9999.0
-9999.0 83871124565.1442 -9999 115256372131.47502 125465596943.98434 0.0 0.0 129239616755.38655 121118932253.73892 -9999 -9999.0 -9999.0 -9999.0 -9999.0 -9999.0 -9999.0 -9999.0 -9999.0 -9999.0 -9999.0 -9999.0 -9999.0 -9999.0 -9999.0 -9999.0 -9999.0 -9999.0 -9999.0 -9999.0 -9999.0 -9999.0 -9999.0 -9999.0 -9999.0 -9999.0 -9999.0 -9999.0 -9999.0 -9999.0 -9999.0 -9999.0 -9999.0 -9999.0 -9999.0 -9999.0 -9999.0 -9999.0 -9999.0 -9999.0 -9999.0 -9999.0 -9999.0 -9999.0 -9999.0 -9999.0 -9999.0 -9999.0 -9999.0
-9999.0 -9999.0 -9999.0 90316436052.31673 55163112184.72539 0.0 116623519614.62349 109661721462.94275 109045405491.93176 108507749589.66522 -9999 -9999 -9999 -9999.0 -9999.0 -9999.0 -9999.0 -9999.0 -9999.0 -9999.0 -9999.0 -9999.0 -9999.0 -9999.0 -9999.0 -9999.0 -9999.0 -9999.0 -9999.0 -9999.0 -9999.0 -9999.0 -9999.0 -9999.0 -9999.0 -9999.0 -9999.0 -9999.0 -9999.0 -9999.0 -9999.0 -9999.0 -9999.0 -9999.0 -9999.0 -9999.0 -9999.0 -9999.0 -9999.0 -9999.0 -9999.0 -9999.0 -9999.0 -9999.0 -9999.0 -9999.0 -9999.0 -9999.0
97860162235.11629 68315947124.002975 57590235679.12153 73226773444.06252 97130760919.95418 31291204464.584206 107127511286.03732 55618674593.82501 77945233799.97339 61311136316.395515 16132711044.212051 0.0 62466515680.802315 18528561473.62044 53556209230.29971 47503186816.14631 51391900125.743935 36074374231.76339 42266310273.48415 45450649568.10093 0.0 -9999 -9999.0 -9999.0 -9999.0 -9999.0 -9999.0 -9999.0 -9999.0 -9999.0 -9999.0 -9999.0 -9999.0 -9999.0 -9999.0 -9999.0 -9999.0 -9999.0 -9999.0 -9999.0 -9999.0 -9999.0 -9999.0 -9999.0 -9999.0 -9999.0 -9999.0 -9999.0 -9999.0 -9999.0 -9999.0 -9999.0 -9999.0 -9999.0 -9999.0 -9999.0 -9999.0 -9999.0
-9999 52479840083.323425 53435042700.04859 111414878267.85648 100794744373.2102 63169411307.36702 72302651634.47955 84161745917.99448 113424506300.99304 134719084736.94627 133364483567.14284 54230486681.71023 58203209088.90552 93310834701.25008 31972184812.76868 78533362152.45299 48698715455.184 67563736371.48384 75451028492.768 66683890347.615776 34052325829.093655 72102867689.46474 -9999 -9999.0 -9999.0 -9999.0 -9999.0 -9999.0 -9999.0 -9999.0 -9999.0 -9999.0 -9999.0 -9999.0 -9999.0 -9999.0 -9999.0 -9999.0 -9999.0 -9999.0 -9999.0 -9999.0 -9999.0 -9999.0 -9999.0 -9999.0 -9999.0 -9999.0 -9999.0 -9999.0 -9999.0 -9999.0 -9999.0 -9999.0 -9999.0 -9999.0 -9999.0 -9999.0
85943630437.21548 95279368795.60257 100674937132.96227 91720087800.78119 92576459240.70837 142641598556.0655 115668276556.57892 122457668933.36105 155691272936.44165 147969991676.10736 138985511202.76605 105247817612.19026 149013722461.41364 93369390247.25865 53563492529.08133 43077251976.01838 30616187825.152237 28880180516.26204 40149308302.53475 64299661617.39566 114013925917.03275 106190179546.35004 68103843508.14552 41666419599.82415 117259911649.06577 3551016009.753421 -9999 -9999.0 -9999.0 -9999.0 -9999.0 -9999.0 -9999.0 -9999 -9999 -9999 -9999 -9999.0 -9999.0 -9999.0 -9999.0 -9999.0 -9999.0 -9999.0 -9999.0 -9999.0 -9999.0 -9999.0 -9999.0 -9999.0 -9999.0 -9999.0 -9999.0 -9999.0 -9999.0 -9999.0 -9999.0 -9999.0
94766009354.2917 78025266304.8111 61458909913.38825 110814693651.37799 118191998946.1005 73575524889.1314 89434289953.41614 148267696221.85498 145677978157.77448 137535588263.86652 149221837839.708 129805900295.1435 126716131849.05 103174824281.751 71364348391.3938 42948027184.52969 48249310528.12276 25430270033.102398 21147345658.627197 51532707799.386 70362595402.80571 57288683512.160545 82066530674.87056 92483482926.68956 75880369780.2297 84618228767.18625 101653124496.1695 30895282156.2777 61900041090.665245 28909635392.9331 89656406767.43864 86700154463.469 109749747506.54851 73850439453.71039 119666546411.19751 76112661879.3537 125449019867.988 127244355594.3405 81483440480.33084 121500709995.0735 30737592897.892204 28244343264.806248 -9999.0 -9999 -9999.0 -9999 -9999.0 -9999.0 -9999.0 -9999.0 -9999.0 -9999.0 -9999.0 -9999.0 -9999.0 -9999.0 -9999.0 -9999.0
92901858709.99117 98430002585.11136 117713833585.55547 86104835350.66124 113123724022.74437 113301342355.90523 119278244863.06058 127263230372.68259 122158944445.56221 129527844347.7425 104350315382.69753 95337146900.22366 74083570147.01186 66867068856.95507 56298983430.10739 66344927222.816536 85346200374.53325 130832459590.03441 79114772755.50084 96564214833.05684 93981608637.677 78355869816.14922 63483189231.15125 60474342158.98825 110345086225.22023 111132487111.69925 106552423266.49823 87465422357.96526 107269458147.3922 109520825622.6062 109988056878.91031 107830381238.98326 80528008232.6929 82604427424.39307 116692269059.6058 94046940495.60455 48066482247.99288 64166117320.20142 46113613763.40771 25665866718.022827 56810268722.58027 121074304920.4656 49563578207.93362 -9999.0 -9999.0 -9999.0 -9999.0 -9999.0 -9999.0 -9999.0 -9999.0 -9999.0 -9999.0 -9999.0 -9999.0 -9999.0 -9999.0 -9999.0
79161405715.48831 99918951574.41689 99278534351.50883 93023953190.45798 79165705302.44205 64618978806.850266 77029742287.2304 90199710538.4821 86204321193.38907 94721768219.50313 89476301558.67702 120254715027.21501 118741577538.30505 59572922091.07822 95519861677.84773 66601273083.60483 55114622445.11779 110533059827.8774 97175849232.21233 111536406597.20074 106448191093.78795 89425115265.36702 101355967394.19736 101286563940.74919 101243235460.55246 92145128536.76778 80094141907.46352 93541245482.38486 97549371630.85384 90546182295.94344 107113987838.38359 107786178943.85109 138199001289.65094 123971303626.11047 66125764689.57635 133649453837.68582 91329870046.22662 103024248405.32202 103539526861.85884 125097056475.30135 122857538280.49097 46450984938.91388 14224197375.609924 70914057093.99298 -9999 -9999 75945076455.19998 32168152542.56636 105276846203.803 5955559978.763347 33118576064.421627 -9999 121223817.00044793 512552426.8393321 -9999 -9999.0 12118667335.295357 103846025793.49297
82796039870.93858 96019175096.20993 112225257193.3376 117133639235.3322 105110938699.0245 126418000424.28128 98946419535.08401 106055015616.6837 127677487321.7948 127245815542.26463 117276857198.38347 118761628341.62068 107000029163.05472 120028734155.79747 79562122844.45343 50732791628.20898 90819942333.18483 140903085688.15234 116221012025.31145 107810448600.88928 104971855000.54176 99619756830.73856 80353984824.02997 131762723637.12901 137889165945.492 67225519693.904205 94222055512.22252 157160762565.71964 147277745510.9969 125002968169.2142 162428925020.54193 127642224302.82751 121763779793.70177 95396684061.20486 94296495776.20277 134084695165.0466 115961099480.98572 133661349238.2506 176113454908.66193 103302828311.21266 129092026886.09656 92039334543.91167 41500422040.97889 101629657173.54698 104463744156.22537 72897059622.35658 120328935917.71312 123436523634.85612 128430213787.94048 115773088706.45493 113366932642.04672 114521868704.23209 111532222471.80469 107070303796.65424 121703679967.28813 115332794527.32805 75971791767.36723 99366919041.42749
133220911860.87769 97562527973.35081 135895062043.78271 89692144193.62616 101922604765.74019 91715726912.57924 94148564492.84058 139928683477.9733 133902707108.01791 135512739060.84648 119011243073.11826 116419891728.19344 117401346290.98488 70774001264.37723 101410264478.16301 67264442506.63752 141080517647.61313 111035647532.70724 103034533549.98743 157965164048.89438 110353585231.8666 168799912520.15878 99407058254.82048 167655855267.38306 155464426958.37457 131078595815.83562 121966871668.47792 182792529801.27576 178594319369.73145 183643614741.7313 118080396719.56297 144047693867.49072 128738056442.61455 87110486893.09636 93693885650.1229 163185447486.77423 86632145777.17702 152540585878.31592 95963900409.02165 102774199926.10371 94569262364.16237 102210636498.7526 97892894153.50548 143685635122.23334 129308918189.47536 128836318644.17352 137512812744.14737 145477515478.0051 149889456679.73306 152728881666.26233 113457262772.00665 140153910505.1155 134882258871.23735 117788492770.05049 121407122919.06552 128758865860.52904 116525076269.56465 107267900643.87268
98231934115.74475 120762950680.29001 117722212188.11705 97936560162.47531 83514560839.3219 105076840650.99649 76408128795.60667 141570042766.7195 134087776378.79616 154793933830.37915 136234441159.16515 146520200521.12296 67563289413.54456 70990190731.64212 82994751924.06987 132486782146.99924 140648770515.00934 158927028120.46234 181990279093.2952 146814924684.20145 143351791855.96133 143230653573.53073 100865397462.86435 69250665243.34047 174219838219.37152 68009358235.677986 149104101083.31262 140684767445.49814 199414494705.48053 148073827256.72137 171721386726.714 124258180339.19975 106233639855.28476 94042501540.97905 181015096587.9673 153493180912.4169 112127830591.40001 105430370784.2787 204986466419.11246 207209207934.7977 231315723066.1487 199981836484.72528 183349343256.38452 157293000718.0334 129410453714.40707 179485207907.21927 140524583194.5555 142860416538.36353 144863903358.76047 130759759602.65968 128334918809.51643 138848870082.21393 129124428579.87935 157157711142.88055 153884744494.96878 138994742494.4725 143284375250.08093 141448433133.46893
117579399944.29317 121785819439.37224 132717460697.34293 121593553925.06218 84635921672.5953 98046431151.85197 111932419906.43492 87344207510.56715 102410913731.76128 117122426085.8458 114492527368.16736 101023042395.93283 122749954609.45363 127842749878.89838 117472382628.30836 126641710562.10791 186309727636.5938 211924887784.23227 221098343147.1006 179013052145.9655 192340403655.99457 221614426381.32614 235723803171.33307 203553663628.9693 154744133449.10974 184824083530.0467 206341653185.51645 136172822578.81326 163719223830.0644 133328526229.27977 138490326651.55457 115742243598.29851 114410695266.0092 176521173467.08337 139558591536.91718 159605130828.52682 166305410039.39017 181559182403.64774 228271317006.6405 242299213651.1374 222938170690.22165 203763861964.83453 212535820400.7813 219405844207.02576 227176373411.1231 182545147674.978 196259239746.8796 150933067889.17282 143800457027.39 181536487781.03427 161780317763.4977 137336508729.69667 138840447475.46094 126942363280.61134 124068028468.73074 151423160137.22153 180780250946.53842 179208133017.11212
141076720997.02646 139660734361.9285 114012398980.41801 132019102671.76872 127426212000.4977 91632416907.97789 101365134091.17253 88319215909.01285 115438563191.04794 100207521629.3811 102090468545.89676 105214549733.7872 113366083106.54974 125809812943.93845 151293088274.80023 188915000251.34412 184288021300.89648 230974256880.73135 242152179198.2376 216451254680.12988 199645813540.315 258451242758.10495 294400370804.3524 216861166123.22287 176173407578.3949 197964674896.4164 139896265700.84247 165977873036.97507 190973550377.2745 119274209239.2459 263690383241.18274 238532390813.85165 214087876794.5308 224048174054.31442 211486521419.69455 220385517169.83942 235837234040.62796 200807896478.73703 219223431917.75107 249585322096.61215 241489089320.3551 224139707344.4497 227150169110.7578 217967113644.5054 175754639983.96024 172058281935.85574 184918035797.77344 160577045504.4454 159672741387.70776 167874289248.7631 148938186060.46115 168460647228.31274 115865854056.08272 132836697250.51364 151733671592.64398 174917527715.55222 168169959674.29538 172500528058.44928
148977312434.4089 158668760536.56488 154645447135.36316 114605826572.73418 164946564951.39044 130698093437.43466 134117772843.49275 121848248369.74712 140467710131.21436 113315745994.14409 140654461207.02036 172445809861.76923 164160370339.60364 159572335517.9579 159819440413.98376 182980485521.64984 156527300239.9734 202746647403.7795 246215432004.62387 296694742171.36444 233841278128.73184 81926025963.29587 123296783990.40405 242829628817.25412 287588809234.1569 260096552744.5206 162752208472.45978 241250429728.33264 249261394866.9663 288380829951.02405 142956723435.77646 206811997282.98343 260768293481.1724 265909358908.75122 276851063065.91095 246318455429.355 254204737547.84387 251808494893.67712 238363132818.38193 222545368081.6134 279700558428.3433 281454193247.6462 231271284698.65958 225914176035.25415 190049707064.71402 196646340426.87625 194807306140.10037 190629580211.95285 192123173468.17474 174855445579.9982 146126336371.8174 153751503221.41467 170877925301.34955 155652349890.1415 159551109261.38974 174955817225.6339 186876898366.2908 191262447829.498
177323110680.5847 162636984442.5084 162349156983.7134 155114860475.0259 145853358713.24084 115852927267.64731 81199116481.67094 130745300694.47101 100034401157.21533 121928631781.79958 133146618550.21036 153856274562.61108 202493436409.391 226580334359.7114 245305901821.75964 249922147265.61572 255843249153.20013 279463671068.4513 221421589709.68484 339884806597.4745 308035818817.0933 227180491074.09988 77486757642.5643 248851830015.6678 230314984267.99454 248906306572.04968 303644166230.4426 218755120734.64532 200591389853.67645 188409215333.19193 279797813294.84235 251476925709.11133 233468625480.55197 308816944537.2408 270865467294.69507 292378746980.3413 311025075689.1191 262477383531.83008 242232808120.03125 229434256437.39767 239159163315.33316 214717340314.16953 283387743184.1855 256785401568.9789 220851966414.82904 214625916965.76166 207984355752.04736 200021087095.7607 201334570183.59613 195263769214.56464 207937209190.10266 193617631023.07993 184251608937.24796 196835981016.02084 205569547283.8908 198093248730.8919 193846716407.32516 201274666726.3164
167694054078.09286 160424980915.5475 151155936752.4701 157027491784.07925 147789948770.36688 125498056237.4391 113882689497.97662 84799527598.97128 131263306616.01225 95003193096.27754 126941902002.62604 155058327120.61224 151646072898.17856 197504877092.79913 240655009002.05798 299268535847.8137 306121612439.53754 312012222671.7507 310607621518.60657 280190264295.40125 306017078976.3112 282292629256.4761 276517769794.3157 267215176859.8447 265007473636.74704 346211621031.81647 359593926684.15515 286113807109.93713 269087037816.21606 201751800812.77313 276187390173.7057 218501593568.3798 345094186583.6081 342679302874.90326 261806419149.83664 330740714707.3307 287501517750.19794 287238778506.57367 317315535915.25793 227409111731.87903 251618530480.68295 276223999417.6688 284381796667.67346 269965427932.34137 249337222823.05972 230919245308.30875 218150596058.311 207165180594.9029 206643887739.6653 224127484175.20963 210318627872.83203 168435547236.84668 176055012801.75543 207337794386.19113 202970677789.33636 239493685664.7056 219741010755.40475 246878415231.35837
225007509232.51746 214663479717.5333 185737730882.3725 155991982821.9709 150525300143.52704 154358546309.59454 140176988357.6251 95149985705.01659 110425472869.71956 195883545673.97476 173763039908.97305 186710895147.45706 239096847136.71005 272613131176.9635 301506792704.43304 191005958605.2545 326141412463.57 335598576468.6632 382862464520.6051 403912358447.8682 416887187024.27155 312930650630.8962 344129527555.6189 341080938823.9056 336039863698.5942 335396914460.19574 373067057771.22046 317937117777.3446 251492232069.41913 254423466695.0101 345611663800.6143 387608772057.7959 323433229364.81244 285545501586.1448 278570610248.64435 311141029716.8897 275142053182.5545 282082508807.90063 352176412008.81836 330288291968.6553 326095253475.5119 279584264641.0795 287227659614.18713 247587971304.46423 254976471666.55774 240567420746.1549 237477717597.3333 229379911891.66345 229230578757.4461 228542096575.79123 230420697080.46216 237253368694.7958 200297219137.22736 236458533863.0504 231995624750.9464 258559671123.86652 237701094336.53467 270985798643.88492
145490020555.855 218190728294.2992 216163991707.95282 222220744267.31723 220402517265.4665 219662967357.43738 207177684317.55478 116559520992.27518 190611577367.6359 117395917851.29523 150991886248.15683 174303868382.39093 294456030375.1401 234456586965.86725 338883566830.9984 338395400551.223 334944472604.7131 363070734796.432 375363352289.4308 439628463886.29877 471036152923.0203 401122073638.77686 396812020537.25635 360653579766.786 371571042259.7856 294332114409.47217 236702331109.84412 296269506648.97424 412356352309.02606 393548038764.9996 365300804615.83606 367384364311.2342 358993831239.22424 297584935931.3763 222108262886.32483 269991417357.80243 326930347538.1052 341687740521.2697 306062750741.2014 349160660703.73413 387808485748.87103 293349604662.19684 241694993620.5008 279038310432.9531 219079662931.54755 213068350536.4589 244013390749.55426 217948419520.6288 245467818510.6039 197105440305.19492 214850060738.6263 207329865672.72577 250655074451.11816 286560915339.6847 251020820466.70114 272564598467.41934 263253464529.97726 245071253054.39917
176520660422.78018 168810017170.1285 171231453400.23904 126152186144.10669 223291229522.67673 198875264229.46756 182796274037.35754 191987940974.49478 207292446873.18073 168238553660.3457 196268087269.04208 192856352251.1405 265965206009.6662 318484766893.41833 287245903253.5868 296670621303.75323 326586249519.00574 405166305792.0791 373265137958.10736 350432774885.58044 408376498797.087 455774687930.23535 442967317325.7166 443094371541.4513 478308314361.1951 316123903372.7302 314874440741.1211 281173201938.291 315284124250.06744 287253042634.68134 355722321204.0815 345555882379.5156 313096073837.5354 342543658339.7806 298406260958.36163 333696014971.6522 330919876823.36426 349006280456.4771 350893937476.60297 259035222744.10532 316439677008.2235 343196394230.63 303918595024.29114 315372198711.1297 239523164974.6508 258871158060.82416 208039284364.88544 186161851454.48145 177157763322.20233 222869267866.8677 209533852946.37854 231608778372.0038 258067113352.94235 268625815655.00278 278530614201.67474 237708011198.89136 209510020505.84055 310540403117.2928
