Model Version1.4/trunk/input/1999/q.asc
ncols 720
nrows 360
xllcorner -180
yllcorner -90
cellsize 0.5
NODATA_value -9999
[rows 26 to 51 of 360, columns 464 to 521 of 720]
-9999.0 -9999.0 -9999.0 -9999.0 -9999.0 -9999.0 -9999.0 -9999.0 -9999.0 -9999.0 -9999.0 -9999.0 -9999.0 -9999.0 -9999.0 -9999.0 -9999.0 -9999.0 -9999.0 -9999.0 -9999.0 -9999.0 -9999.0 -9999.0 -9999.0 -9999.0 -9999.0 -9999 -9999 113295734295.4186 112615539224.45 114201325948.81221 43691213868.21149 41781001558.09044 -9999 -9999.0 -9999.0 -9999.0 -9999.0 -9999.0 -9999.0 -9999.0 -9999.0 -9999.0 -9999.0 -9999.0 -9999.0 -9999.0 -9999.0 -9999.0 -9999.0 -9999.0 -9999.0 -9999.0 -9999.0 -9999.0 -9999.0 -9999.0
-9999.0 -9999.0 -9999.0 -9999.0 -9999.0 -9999.0 -9999.0 -9999.0 -9999.0 -9999.0 -9999.0 -9999.0 -9999.0 -9999.0 -9999.0 -9999.0 -9999 -9999 -9999 -9999 -9999 -9999 -9999 205849748084.10373 195839657569.39233 169755488541.95828 166798253689.32257 81455185806.54987 86034128293.77586 83548335864.1585 117018239500.69618 106999392350.38464 90529682410.0194 114310404621.9808 -9999.0 -9999.0 -9999.0 -9999.0 -9999.0 -9999.0 -9999.0 -9999.0 -9999.0 -9999.0 -9999.0 -9999.0 -9999.0 -9999.0 -9999.0 -9999.0 -9999.0 -9999.0 -9999.0 -9999.0 -9999.0 -9999.0 -9999.0 -9999.0
-9999.0 -9999.0 -9999.0 -9999.0 -9999.0 -9999.0 -9999.0 -9999.0 -9999.0 -9999.0 -9999.0 -9999.0 -9999 248880680062.3735 196893039868.74115 205470112018.75394 129424406106.77798 192006383329.95166 143068160654.677 129870497817.21823 170790741084.5325 167239379562.43695 158133898434.40656 65335062706.649796 58644998967.02433 65299326928.51171 142119524362.3042 112003418445.63283 61511679857.13915 -9999.0 -9999.0 -9999.0 -9999.0 -9999.0 -9999.0 -9999.0 -9999.0 -9999.0 -9999.0 -9999.0 -9999.0 -9999.0 -9999.0 -9999.0 -9999.0 -9999.0 -9999.0 -9999.0 -9999.0 -9999.0 -9999.0 -9999.0 -9999.0 -9999.0 -9999.0 -9999.0 -9999.0 -9999.0
-9999.0 -9999.0 -9999.0 -9999.0 -9999.0 -9999.0 -9999.0 -9999 -9999 198636052167.2052 209378052768.7863 220804081211.20853 157057865432.89127 179561689157.14438 214447330037.61914 129305164668.2705 249336544695.7573 258534485873.55255 265435665846.05362 252126645506.86157 244927950649.11496 -9999.0 -9999.0 -9999.0 -9999.0 -9999.0 -9999.0 -9999.0 -9999.0 -9999.0 -9999.0 -9999.0 -9999.0 -9999.0 -9999.0 -9999.0 -9999.0 -9999.0 -9999.0 -9999.0 -9999.0 -9999.0 -9999.0 -9999.0 -9999.0 -9999.0 -9999.0 -9999.0 -9999.0 -9999.0 -9999.0 -9999.0 -9999.0 -9999.0 -9999.0 -9999.0 -9999.0 -9999.0
-9999.0 -9999.0 -9999.0 -9999.0 -9999.0 -9999.0 -9999.0 -9999 283366862428.8057 271757519657.3415 239476182737.81006 148944650312.9589 277094109253.7923 262731626190.1538 191999306183.2684 200237388587.73044 196531864785.492 198173267620.9241 -9999.0 -9999.0 -9999.0 -9999.0 -9999.0 -9999.0 -9999.0 -9999.0 -9999.0 -9999.0 -9999.0 -9999.0 -9999.0 -9999.0 -9999.0 -9999.0 -9999.0 -9999.0 -9999.0 -9999.0 -9999.0 -9999.0 -9999.0 -9999.0 -9999.0 -9999.0 -9999.0 -9999.0 -9999.0 -9999.0 -9999.0 -9999.0 -9999.0 -9999.0 -9999.0 -9999.0 -9999 -9999.0 -9999.0 -9999.0
-9999.0 -9999.0 -9999.0 -9999.0 -9999.0 -9999 263581882369.46478 149306970506.42407 148616425373.28357 150562062172.54898 183908894984.00888 235435570483.32568 209447548238.71024 229436069629.62332 201305470166.37527 -9999.0 -9999.0 -9999.0 -9999.0 -9999.0 -9999.0 -9999.0 -9999.0 -9999.0 -9999.0 -9999.0 -9999.0 -9999.0 -9999.0 -9999.0 -9999.0 -9999.0 -9999.0 -9999.0 -9999.0 -9999.0 -9999.0 -9999.0 -9999.0 -9999.0 -9999.0 -9999.0 -9999.0 -9999.0 -9999.0 -9999.0 -9999.0 -9999.0 -9999.0 -9999.0 -9999.0 -9999.0 -9999.0 -9999.0 -9999.0 -9999.0 -9999.0 -9999.0
-9999.0 -9999.0 -9999.0 -9999 156051983682.2913 169806684299.04285 242786398875.99146 263334378557.34732 280701149081.37756 273061954543.46902 214220909632.44308 240959794142.26175 236128526529.2244 -9999.0 -9999.0 -9999.0 -9999.0 -9999.0 -9999.0 -9999.0 -9999.0 -9999.0 -9999.0 -9999.0 -9999.0 -9999.0 -9999.0 -9999.0 -9999.0 -9999.0 -9999.0 -9999.0 -9999.0 -9999.0 -9999.0 -9999.0 -9999.0 -9999.0 -9999.0 -9999.0 -9999.0 -9999.0 -9999.0 -9999.0 -9999.0 -9999.0 -9999.0 -9999.0 -9999.0 -9999.0 -9999.0 -9999.0 -9999.0 -9999.0 -9999.0 -9999.0 -9999.0 -9999
-9999.0 -9999.0 -9999 222688735662.88193 243213360894.27426 256908558813.23175 266800889705.1178 273532116376.17252 275741164193.1079 225686285416.20624 207579919338.77164 -9999.0 -9999.0 -9999.0 -9999.0 -9999.0 -9999.0 -9999.0 -9999.0 -9999.0 -9999.0 -9999.0 -9999.0 -9999.0 -9999.0 -9999.0 -9999.0 -9999.0 -9999.0 -9999.0 -9999.0 -9999.0 -9999.0 -9999.0 -9999.0 155237284524.26907 127904179504.3922 126115371780.8254 109266292364.39612 -9999 -9999.0 -9999.0 -9999.0 -9999.0 -9999 -9999 -9999 -9999 -9999 -9999 -9999.0 -9999.0 -9999.0 -9999.0 -9999 -9999.0 278579302037.81537 284366072440.33044
-9999 191632497602.10675 219957964902.66696 236615592810.84598 257170895572.68732 274129393327.32275 278085743970.9347 253451983770.4799 235834799550.59323 -9999.0 -9999.0 -9999.0 -9999.0 -9999.0 -9999.0 -9999.0 -9999.0 -9999.0 -9999.0 -9999.0 -9999.0 -9999.0 -9999.0 -9999.0 -9999.0 -9999.0 -9999.0 -9999.0 -9999.0 -9999.0 -9999.0 -9999.0 -9999.0 -9999 185761074019.4994 183009299253.049 183647141688.19458 140365237857.41827 164659319492.9778 149085118694.8046 180351058028.93 156025710270.11478 -9999.0 -9999.0 171726684126.65643 180865232712.8545 176583265049.64258 -9999.0 -9999.0 -9999.0 -9999.0 -9999 -9999.0 -9999 301207053736.1428 -9999 -9999 283586260195.8288
-9999 215696649423.4693 257112711471.31094 286736983055.25574 279340986981.8809 246742007400.98685 252932648096.3319 241150795188.7633 -9999.0 -9999.0 -9999.0 -9999.0 -9999.0 -9999.0 -9999.0 -9999.0 -9999.0 -9999.0 -9999.0 -9999.0 -9999.0 -9999.0 -9999.0 -9999.0 -9999.0 -9999.0 -9999.0 -9999.0 -9999.0 -9999.0 -9999.0 -9999.0 -9999.0 103773586645.40828 132706810507.37685 167383927975.61588 149005008597.70047 178912491052.98163 185450365224.33765 197980504211.46088 190259324835.7179 194149533361.80026 -9999.0 -9999.0 -9999.0 197868540381.11893 194532051230.5906 217842420418.39627 -9999.0 -9999 253713216556.89487 280751343409.5961 225302636952.05756 245899100818.91074 297393363265.65466 305405416711.4127 287119754152.5922 290007180452.7967
226320326766.8036 228567239828.78226 261068670816.29758 284106340365.9985 265292812971.60684 249665568904.5524 191383597820.52515 234719425702.4213 -9999.0 -9999.0 -9999.0 -9999.0 -9999.0 -9999.0 -9999.0 -9999.0 -9999.0 -9999.0 -9999.0 -9999.0 -9999.0 -9999.0 -9999.0 -9999.0 -9999.0 -9999.0 -9999.0 -9999.0 -9999.0 -9999.0 -9999.0 -9999.0 92487054250.01544 225286567395.64594 116628329343.31523 128938276982.3942 146263976829.25037 153121454483.93686 177780575756.4588 156304368489.92218 185665293526.04947 164874565433.86407 -9999 200694962028.5687 239774270714.7949 201474743780.19745 203607442627.49405 -9999.0 248776966020.61447 295788875494.23413 221171017946.00372 232438690389.99796 257948624583.23434 344344772829.75806 259845316302.72757 333430480230.81165 336763018791.0914 333684225193.2341
244039033438.00424 214706547586.45056 220071915901.0132 271068325414.6145 252586508524.6358 234144687110.48782 271694159044.41992 209647011346.23685 206061137356.29468 -9999 -9999.0 -9999.0 -9999.0 -9999.0 -9999.0 -9999.0 -9999.0 -9999.0 -9999.0 -9999.0 -9999.0 -9999.0 -9999.0 -9999.0 -9999.0 -9999.0 -9999.0 -9999.0 -9999.0 186028120612.39783 137209059170.54874 251298654891.47324 236712484117.1877 184956368934.68314 162071608424.62537 167816735262.36502 167379344447.97937 206605668637.98984 219515425843.32843 282820963558.2396 132874814978.67102 -9999 210107571607.3247 205219105423.5837 221599669784.7215 247869202459.49838 274469721667.31424 258890898336.7597 -9999 228405618350.82422 274816431834.34274 285147059915.333 421550252297.4359 324839462014.95465 319251925575.9165 335861688805.6383 336054076170.08923 359087642565.2154
-9999.0 -9999.0 -9999 310997296343.187 234269168825.412 240141656348.388 228863748089.92947 205069939533.3105 223673799320.163 263977740109.49402 292041141161.337 -9999 -9999.0 -9999.0 -9999.0 -9999.0 -9999.0 -9999.0 -9999.0 -9999.0 -9999.0 -9999.0 -9999.0 -9999.0 -9999.0 -9999.0 -9999.0 -9999.0 -9999 227066774912.35648 268388843053.9545 221258352242.034 209063772060.34048 209868765778.8855 180261547982.2215 197410086846.225 182898789903.70203 200403581936.8725 202089324303.26102 228090147830.56354 301908491357.31903 226403543180.2725 -9999.0 228893016209.05798 278744561013.276 291874858231.8375 285130193128.38 259296001231.86 287429978600.2575 301416985098.56244 290548272301.05597 351166682947.0995 356584253726.376 330153970997.4615 365769377279.27997 353790690141.94653 345048357818.22754 353804124090.7035
-9999.0 -9999.0 -9999.0 -9999.0 -9999.0 -9999.0 -9999.0 -9999.0 -9999.0 -9999.0 -9999.0 -9999.0 -9999.0 340167900759.1832 384025447964.41473 279587941752.1201 -9999 -9999.0 -9999.0 -9999.0 -9999.0 -9999.0 -9999.0 -9999.0 -9999.0 -9999.0 -9999.0 -9999.0 -9999.0 -9999 236631406968.79224 203192927926.77472 294779195215.5822 242440956769.12296 249472461228.90652 250311845539.28497 257890281709.5638 262506771883.99863 243319673481.80582 246424792708.00534 128776808923.268 240993854441.10043 -9999.0 240436886080.8889 302779816496.22894 307168691492.1937 321144719499.4551 326251481533.2284 357270380067.75476 290657173174.3394 398230354356.64355 387693807477.187 355629776285.4747 360219167234.71716 321723016521.62256 438273685950.296 346544326979.3582 351182872263.86896
-9999.0 -9999.0 -9999.0 -9999.0 -9999.0 -9999.0 -9999.0 -9999.0 -9999.0 -9999.0 -9999.0 -9999.0 -9999.0 322931749714.59094 348985301858.8984 294241402812.00183 281077629602.0691 360661124859.6155 378458177575.07196 314481457738.7024 264585552811.604 237172991096.01096 -9999 -9999 -9999 -9999.0 -9999.0 -9999.0 -9999.0 304610393929.1641 252088010501.5353 236162163400.5358 254772129009.06622 266888793411.1027 185452051182.04083 177564709371.5013 326772327813.6502 188707965098.15076 262972888287.7646 254356309740.45346 221847251073.31906 270282724635.49673 -9999.0 289347799055.42 257506298426.53894 370004031211.8283 250846426482.43057 255396499616.7565 381096387994.32025 382948477437.72125 387704481305.2473 425852356133.0247 360829484566.807 374130907440.7773 420901948359.6459 416123929779.5807 421012816989.07056 367257617198.15045
-9999.0 -9999.0 -9999.0 -9999.0 -9999.0 -9999.0 -9999.0 -9999.0 -9999.0 -9999.0 -9999.0 -9999.0 -9999.0 -9999.0 -9999 -9999.0 313166760602.2743 436810771337.30194 409912688364.3844 345573212709.9585 324417363017.8005 348397711020.0704 346790206379.982 341098951821.96387 336468597139.038 299641336889.87317 160172208298.87784 -9999 -9999 -9999.0 148574253197.7319 -9999.0 347667441191.56085 239675822176.97974 198756063653.50473 295954292319.9845 336626379153.7821 288266991391.23914 210760218465.1933 299426871903.09814 307651692767.3248 269696538276.63715 -9999.0 285410336799.6655 249833237580.04404 244115810636.2191 396991135104.8906 377992793093.2888 328665343649.318 369146737126.79407 403575021173.1457 385436833475.17035 367061390538.11237 382366850906.41595 380934926349.8064 437009981659.4096 441034144560.7032 371648105695.04755
-9999 346682967257.1458 291997791699.68353 332215693282.54895 -9999 -9999.0 -9999 -9999 -9999 -9999 -9999 433041938348.3529 375526720036.3409 394982709234.9994 395916881931.95276 -9999 -9999 506412996093.16156 483240735757.54034 446010766560.5808 427130775190.9351 390122549363.3763 364271199930.89185 371441048421.31445 248607725607.30145 221276476273.1527 254341722635.5788 405718656513.10175 299415267163.1409 288690095861.97766 157962634359.14835 -9999 -9999.0 248248313422.7292 224084729395.97137 300613017499.5852 209457794847.28656 345656181266.29755 284913668425.97614 267146213094.78552 299169858973.77765 334879258844.2677 -9999 -9999.0 -9999 351687686163.72797 314645005550.55457 406211867337.8868 348031345372.7765 467649360565.85974 373582710398.30444 399211634373.2383 375791645569.21155 373361386387.08624 387414557094.1853 519894017921.1396 527187326882.12805 459680400643.47766
369590800570.71716 339607630986.2522 374411142271.39594 389593482237.59 277730196251.3457 340612474527.66516 412502666706.09534 440948810352.9983 470547091545.671 531937498151.7583 412467176031.2667 451655458237.0198 416576422075.4942 461128320886.46826 520564551134.4281 522329286261.0283 472624408669.1743 441418606837.52 411521218856.57513 416529255193.1484 379245056914.7174 344620618433.53766 354416778168.9339 364514438551.32117 295058775943.4765 308238558046.88873 316378285850.1783 390085065826.93427 280706929414.69946 262864219477.8616 313742442828.3205 321131094765.4295 369310640064.7334 412310947501.4803 261031266032.79715 340228923228.22314 230127635471.81403 236012686798.48135 256041747116.94717 324951807643.7597 273559937075.69235 337025263479.272 228674621825.63495 397746804238.4827 359826623711.4806 329754945201.9678 383778485608.3697 448038652305.49176 438209356788.2802 396646957506.17676 410417803050.96954 345145715782.02686 366172030350.07434 376630413032.1814 372945871126.1624 450951689903.54865 486373812844.10126 393458440008.94727
400297125205.2169 331153048592.0967 366318251506.3147 562251554750.9657 298348001521.22845 331612961611.4229 440422828378.0258 476325334664.4502 496940689100.88293 447091480738.73505 543668103326.9161 490542529757.70215 474210837082.8174 476544991214.68744 505016308587.6753 482787019045.6687 483276567032.10535 442495448177.6888 421491795316.80725 459372140609.9513 437243462610.4953 375497342936.12213 422487844533.9547 339179313980.57074 335967223994.98267 352388567441.9926 355675874226.0957 344620424139.1468 383875503281.6163 384813319836.96185 354301939960.8954 401813159293.5112 385153602619.1945 392901556704.1582 267795198326.4952 420040493120.06445 400777897893.527 314048860752.9015 350291988334.9744 292454895028.27295 293035662467.3961 271007458857.5404 344961272518.62494 -9999.0 -9999.0 332705753652.7378 376543668070.3789 379557942712.39514 426467195523.65155 474673444214.48645 454331240609.4266 399107698472.65704 414532201343.62976 426272306615.7187 480475466290.09766 472762938203.5042 500080901320.4396 384765344920.8633
321218842664.1984 236063844038.16693 391865889769.0866 423346979192.2869 423515402085.08875 484617144208.37854 530324373110.07745 556756677216.0013 527981698025.2866 589045191305.5505 491230770771.1636 445457329346.58276 466246477113.43353 458569867540.01544 475898804044.88525 468182369826.4094 464952969722.21277 515246836940.9857 433234192649.49457 472772874355.30536 448233140525.9786 392668914364.59204 379092826740.5298 356659136288.9042 348920561475.2055 417602504835.97784 407496350577.4441 380670697365.8861 390370871849.17584 357700721938.7508 347346742491.6583 367356482184.40155 248532547910.14395 344147824945.36163 307345304908.00165 386706642215.60645 355959956363.604 383180272102.76855 364587525528.2923 427501408310.68066 248030462055.3194 -9999.0 -9999.0 258256083771.71902 375066054531.2141 407028583874.7771 359560815528.7389 442044954065.71204 492739391917.6694 562977475347.5107 536943384551.9793 392004026720.0909 404322112296.9846 400707120328.49274 419421915777.3621 419918069822.0134 443173584598.56915 400339019688.9395
270518993254.48685 296111348434.33997 326367556731.4151 403161169671.4924 343404290404.728 322463263807.42346 418321500081.2812 456485546399.6337 441866152962.4113 437405552421.66974 476500743567.74927 465545673199.8132 491264454396.4962 470024194423.1963 473684904129.46234 485833829238.40625 491699411590.31757 480065905610.3197 475089132983.35297 492651715339.59503 388714570956.8826 484474234420.1376 487293523008.6366 478805908326.5349 504721239760.0144 478801016642.662 311665967068.0526 299177718983.00824 275734106700.8266 255484428226.17825 261394493321.2035 269729599494.91537 278064148584.029 276860767793.98785 289528102785.3962 395218483175.26733 370654742337.4618 343164275977.1885 422383584823.0378 367926432435.4201 -9999.0 340251597955.7153 370779395505.40216 356136528618.67926 497973628458.26215 421565445237.4346 487928009436.81604 472767539846.38336 485809358290.11755 491774996294.3514 504301344651.9842 458421805655.55176 418251081323.96765 445586088061.38336 433001178425.9712 439677549572.476 397677590858.72076 412845065589.1105
321126398472.4398 252920558814.46738 318321097821.8095 358454447264.4489 407586073882.7268 328979341907.55536 335509484853.3782 360213221573.0154 358858288087.7017 411368089979.5461 400314497428.52466 462237304738.13513 507925482303.4358 533170460472.5624 538570676235.42584 486096709630.68994 466526961128.0097 474639633034.20044 464831510256.72217 563239094054.4895 536328115937.4596 557036101453.0653 535627731555.4338 489313668913.52356 375581582790.12634 263199746498.05756 271407026829.8844 293816074541.17053 309608840801.3841 307491880338.2371 288127903171.5563 284809155244.3413 296029156778.7588 301739976960.2969 314919801225.4383 329129936779.33844 284899073005.571 297246613889.5974 314491280297.60474 324277131217.43066 298695412193.0058 329683389425.6314 349626005151.6964 390911131806.7419 371404736274.2067 385048896026.2538 351005729835.18066 367519786173.918 388590227220.6243 382666309705.5134 386207256998.8314 408101052468.4218 419151562047.5414 410744029949.69763 440192733170.25824 437864140920.95374 420542696547.32855 432602697464.7215
334494590333.42737 292238898103.7802 278633264021.50745 275895632075.2837 294750588373.74475 349302040156.6172 377979385236.05493 408225637036.75757 329354160126.5704 420479114996.38885 546279257564.3834 429211099538.2562 578132874131.6758 533654873002.849 537111529948.48346 472610450285.1466 577485067798.9584 647856836634.3413 504456713592.7855 606405519461.1326 624312809755.9539 549070925553.1099 425509834521.77795 407799688563.7415 384806341434.665 350619836543.5639 390867356373.7213 377240637131.81006 325559879488.0078 326009899982.5772 334861638473.37946 339617925374.6374 434335213493.32324 367349955883.59625 376001459000.9379 391036238329.4188 366436072090.46716 343304177795.53815 339974507537.82635 383503695283.57654 359047130130.077 384993847746.258 393714277635.9295 406093327741.08185 380919476900.6038 405783228892.3474 425267164072.46783 407734959674.2616 421052213402.848 424592736789.09436 416427877113.10364 425031448058.0059 427129243115.14624 422645662683.7541 449143464440.1852 504819784983.44635 452507496574.0208 529679031985.3037
296812879703.2254 280731317514.04944 329005531465.04065 337504253617.57666 355018829935.95044 265343658760.7581 279481512415.0093 391242542277.645 357066608152.53156 416785081574.05426 409385203684.9038 512502429960.4729 623162579049.7891 614006736586.9634 581333929216.6825 766992690368.482 769450926658.4882 687651684208.1085 730739817303.5258 639345214557.3044 504570050387.1006 479848803291.7035 367237393534.3392 339388500473.511 334436173934.6092 410200843329.08685 397405530587.9499 479274072767.29956 307638647314.65204 313737875801.8242 308969077245.402 389961076176.6669 315705870780.20984 457535465761.7901 384148613191.694 428092301823.3115 477332462354.33966 425812257062.7366 420861919512.6788 430492102438.4684 402224688440.33093 436911072252.1496 516741512943.5409 552110842661.8999 570338177260.6182 552072990844.2545 519445472952.5523 448870842912.03485 450196430404.12524 460859714255.29675 515502954682.3981 630988860370.1288 519517997850.4248 504183401392.965 486373716325.6435 535135274560.6853 520007535753.9205 511864490234.9512
281758484535.0569 269910295267.96204 297063349514.51416 333850696864.408 294996507918.0656 253319232757.713 335482585507.5796 342749962895.22504 373270726835.1135 402091691509.9843 547078663396.19806 482637739766.03613 596770263559.9182 714425147090.0503 859927984663.1508 829328098349.9384 704802863245.0118 693166409425.2041 611606418971.5574 505691093439.4139 497971554261.8973 504035953836.3239 472680446622.01544 324920496234.0901 381780065924.19507 366599706226.7048 457184303232.0324 403024016806.738 394026828900.6131 342193768994.9736 451424938017.0565 424822535976.80896 453382785041.2113 486640889284.36786 517385776186.29553 501259035293.0149 523563865334.5603 458253459749.36584 453129203596.7888 514301402093.6103 519175608073.74915 546357356591.11786 541202557625.322 588864264458.7572 565276008230.3378 595632216582.9861 548353803195.16016 612180195706.463 483628936464.64966 507469906286.63446 539689761921.0347 518770937660.50885 545293527410.3392 509570412892.0479 506410128230.3329 516199156509.9953 526900775431.9997 507726639903.3735
391873472024.59906 244404313255.3528 269284111582.63434 301297317532.13513 275414113039.3593 336725517787.30273 316697358231.5625 336839399103.1715 428550166647.3439 519251607720.3191 441009471772.92145 474830407204.6432 633003003866.0697 786359826157.058 864873096209.4866 683871769387.8264 634695194494.1378 364598363079.7901 499575549438.30176 391071531736.15283 531869370640.08527 492124663025.4328 407113227950.8671 558342013813.4689 547082052005.6993 244516989599.8466 533884551117.8461 514059104107.4296 472012641566.66516 604871729102.4105 490063191559.07855 502670232906.3436 355621727160.1047 492483227582.5795 493253380886.2257 544900475748.7178 537364069516.29443 617630808112.4319 426238574523.61145 432450081473.42 479113235262.60486 546326618647.5218 563800931566.615 597681950523.9801 620814023085.4404 495815710683.7417 578952211278.6769 574844932392.3461 570222905165.5608 595018899575.3876 558906853256.999 575007807566.4434 555593403635.3773 544526305339.4054 490609215226.7362 526113417910.19476 505229149335.2982 486579504917.5828
