Model Version1.4/trunk/input/1999/q.asc
ncols 720
nrows 360
xllcorner -180
yllcorner -90
cellsize 0.5
NODATA_value -9999
[rows 78 to 103 of 360, columns 522 to 579 of 720]
7935371991.583737 23246875477.0172 125934829967.06859 45682079679.45162 324331531176.4516 522577776711.13153 612783605215.9247 797523593023.0605 458236280055.6641 633166829851.9247 396910753698.97815 762729855631.7163 607079662557.5751 574839594563.7869 392005847120.36804 375925197405.79626 593356675820.5831 537793366927.90826 469751050072.2909 418525406094.9085 476610948014.1573 451055637173.81946 357825991427.1965 0.0 119459481186.61212 155361665071.75793 211331595792.84656 320293283417.4616 42537598263.183685 337742109744.7091 425193598145.9991 381280725205.3962 468513556477.3864 460550810989.5722 390357861350.3474 374941662158.73016 435115664713.7725 496513598512.1546 46278775625.93569 247961971827.15402 248476671830.48297 274603270199.49063 308175140301.266 460902748636.1518 376127248053.8795 612188604105.1078 713106295565.328 595025975281.3953 364794927200.58813 217872812926.89624 39315374375.587845 368353043534.9592 349298298420.7993 379239333164.1868 278664502819.51886 280752501959.911 440357114155.66174 426729421043.7695
18328785960.47336 57016071662.992516 50495206658.912476 102067978246.0954 83756794305.96547 498813104013.4211 814719495560.533 743100898411.2892 748252679989.4006 632054164149.3981 597352285218.6444 790509728702.6287 536516543833.09595 691335805751.5957 423925246758.2432 362383593824.6308 433641845037.90076 374295675200.14514 411518022257.20496 321258442812.8483 277904679081.973 144672904351.25488 0.0 0.0 0.0 24777228770.3931 0.0 0.0 154906552047.3141 246046045625.85968 309621616095.76117 329389014793.5225 331071724075.12585 343944709358.85834 257327112313.75992 327666490210.3462 303229316532.18207 365814966105.9717 317852397468.2272 247981321268.04733 289590406582.9813 279922178893.65576 324685423084.46246 403394358143.6068 511723347116.15497 670671335443.5187 625557572641.3776 436071892790.35925 399694812910.20514 305368607959.6183 30608612033.02841 96684450854.38432 17541386704.93242 451130869868.431 443091745818.1522 37846552105.79143 5224872121.756479 432009161296.9101
32791043311.13677 108806480684.37709 195707310501.00684 137146703437.12 38866654961.407486 5427274715.347455 151634016532.38885 550898818818.647 766538634887.0195 796291060055.6442 909483467438.6584 841371599675.2998 738740266886.144 584403971120.1229 456638376965.5757 319372091588.8947 318459085523.6915 311589215679.84125 89137230428.92749 108656821569.42029 320700831958.25665 254255197853.0816 16634308102.823221 0.0 55059348087.935486 85900201376.4219 73845264935.81313 156472106118.68466 19922120319.089153 94139577026.11967 175235390427.3628 254331556168.7603 325710306981.97504 335057737689.12384 305605852724.38275 265050709412.57727 270814488713.9021 251018851158.0109 268092731004.4672 285684908525.4861 295908839247.6416 240995034076.7027 353767616065.879 244515670428.09344 437258771675.6121 403190963434.48065 413578218429.56287 368988965092.4032 282606771558.0877 229861174850.9696 211627018533.38626 257668590437.19678 190159962470.4302 5402349626.771354 312337299857.879 426076529428.72577 384559152420.51587 385449514544.384
74455706917.92853 158736617939.12302 2704564439.567294 234915023683.52716 111627072633.56068 0.0 0.0 421246850835.4949 646911441463.0558 698604253884.4895 760284224149.0017 789271538188.5806 625160472944.2488 547278352435.8892 420817799050.30585 437707774387.9145 278652025950.83636 224808156468.80426 156409955898.66937 66255176194.36381 128688938118.41257 0.0 10560326892.363325 0.0 0.0 0.0 149337908432.12073 213385828492.03464 233813319676.05457 782489160.0474912 71127551891.38414 0.0 203644224463.97665 224231532422.09256 216784318822.5708 252076133175.33093 152777571616.47125 254705961364.93872 279608891567.9465 279877631004.6977 298502436440.47534 308365444993.9248 323361619310.9664 288313848494.3765 242098353068.4151 258124709217.17877 291024033331.4769 282532517015.6599 258394419163.2053 236974704495.0264 122126353367.50441 215346794995.41983 206986924091.12616 380701181826.0518 231836116472.66663 321786163342.8756 105766700853.2235 128510518280.42146
183563634886.06616 64630552109.15789 63268534905.795074 92688160801.81862 0.0 0.0 186012443101.33096 348267389537.89435 405532457507.3587 284064379986.5088 413619434183.10144 474078325012.34686 407929971126.12866 349943235235.07715 241078147479.53665 175309463484.6213 307957273030.6867 164476792924.25473 176889747493.97147 196560321668.49792 27651660581.37907 94004098707.06892 6829357460.2896385 15767669221.417881 0.0 0.0 0.0 0.0 0.0 118465636826.5252 188562985661.1379 140826014429.60336 44224944964.40832 195604630750.88947 219395323797.88797 234792924568.15106 242171394143.616 260930471740.2163 258595722349.00992 199475028247.1332 273121419931.20767 166315037755.38895 4470888260.740607 275790204210.33984 266073386097.6845 253797655990.39487 235572029366.33856 182857862469.12305 198617780945.35373 70872636218.36697 108139796111.30573 280295015618.903 376649053098.7161 271485910736.19455 392179888153.2672 315554441988.7104 395156761134.53564 197060765513.05267
202364915742.77762 169740404073.61963 109653744065.49637 24176878449.174572 0.0 0.0 0.0 81128638724.72955 102478456085.76074 119076512935.39796 187170854014.49454 165282014997.31256 258779492498.98386 227947904859.80603 229191525932.89313 288979408665.4701 288484524063.1288 174765433897.67834 207633578310.2219 177293350541.21875 41322548276.39441 5643898512.155072 0.0 0.0 0.0 0.0 924166691.6480082 3689774224.4298453 6736174719.952929 0.0 119985917470.86069 185487489293.14035 214463199690.71527 194285510799.7303 188771424792.9475 248448162469.59766 228065417693.23676 220248012532.33228 275125525417.3168 291717788880.1092 231298557855.90268 314164625753.8199 2115704152.415653 235744654051.8651 251988613039.89786 239389771195.09564 149456373665.66 45861424669.01694 92695166512.2237 133813948219.40569 93769472236.14172 248570125344.46115 212777978504.7437 316915286799.29913 220470611744.3857 251183726299.28436 256483706487.53586 293551769077.63416
164889669989.81842 249436838504.5419 251653049341.69852 196575486298.49844 96545397156.8138 0.0 0.0 0.0 22566668217.944355 64372209860.64212 95686898022.358 87406661354.13513 77042318840.39801 129308836680.43945 139363293680.26047 107292901862.68013 93338840251.80031 261752092518.89377 180304824127.5392 177827554592.86957 129365863306.77849 33309264187.296127 0.0 0.0 0.0 0.0 0.0 0.0 10438172148.77224 12824016949.625267 0.0 152954052577.68204 182126882836.8611 261682273013.36304 312527689482.6954 273197111311.55368 188562600917.74396 300471564156.5897 207310629101.92056 207851425449.1746 369871913436.85425 271482579585.7122 1919154250.3858535 289271061.94780564 0.0 4438904904.333286 0.0 0.0 0.0 0.0 23815456.66767321 118700184317.36359 204811372374.11984 24598579581.39165 1786663072.5346572 0.0 209584112129.06903 6186745130.845372
241671412753.37027 227648620512.6268 308471354556.32874 331190173297.1716 305864747068.57574 327368694456.3976 204278190745.3161 266522748011.40942 337976487227.92865 287748946196.57697 80607571714.2371 20707848114.361565 0.0 31298490252.65608 13215928190.112715 19280554241.689724 34254373437.693035 78233001163.04292 208366111789.41663 225354638420.84338 170746659428.7518 143311143008.2357 19218241325.112347 2619693241.759501 8091701397.922923 3057896577.283671 0.0 5865164320.918531 5974248325.149809 0.0 0.0 9338224146.527351 149234483896.22433 0.0 281932973819.9739 6091801081.563698 5097322463.754456 327856264411.1414 314147510113.82153 245655332805.72684 228826131569.06485 259372309104.21167 197047322725.25595 168018822345.841 95697214045.32654 198143807279.48352 0.0 0.0 0.0 0.0 0.0 0.0 0.0 0.0 0.0 0.0 0.0 4989493418.670549
0.0 13526305267.88005 29462310235.112362 38822774956.370125 11874034733.304083 117194481296.50227 247028092106.24536 254117729152.29395 168956148023.32672 87475546779.38704 78640024807.40388 0.0 0.0 6198412107.2138405 9044511315.944197 7485239786.789294 591598689.8570471 5029350868.648 49534803555.08978 105750323401.62843 88583682918.8974 170235949400.59302 209505811861.86374 129486557480.62381 60419432700.12392 62471773822.19208 12489879947.289385 3436770448.9149528 18690637747.018528 70941764906.92453 23511471598.066208 0.0 0.0 0.0 0.0 0.0 0.0 211280978.71554586 256837092340.10092 343349067417.8607 327065464395.59155 181317770666.7471 282257269449.575 188538555226.56128 228384574397.06583 27395479544.19512 4089005700.853287 0.0 0.0 0.0 0.0 0.0 0.0 0.0 0.0 0.0 0.0 4148433198.847107
161683200145.16864 0.0 0.0 51708120346.426315 48136993943.96893 20481808414.301014 149173379495.14883 237532327504.0551 64146735289.63195 70890168382.61438 64307582142.75422 50900822742.099365 2685418337.8741865 4232332519.7516413 10361351956.858875 12264268259.150826 7562556220.074811 0.0 0.0 0.0 0.0 41530807496.1473 31245410370.240078 90826330223.30496 119129855068.60883 48892568863.22923 12935325456.468828 0.0 0.0 14369210530.693214 0.0 57929573934.83925 49365312721.562546 3645747118.1953297 23519234512.960934 43392427867.142685 0.0 0.0 0.0 157701657565.89148 10533504068.21421 11803726146.428492 22592434754.80292 0.0 0.0 0.0 0.0 0.0 77565216013.77531 0.0 0.0 0.0 0.0 0.0 0.0 0.0 0.0 0.0
260032880267.942 0.0 0.0 198939996215.1084 91036118029.84201 108905853851.1306 114407781568.89839 142722204016.0424 170134635191.768 0.0 142551857612.65662 0.0 0.0 8476637177.43514 6311423677.99 3826096438.38966 24471308876.551197 22145269325.5214 45617188975.72439 47823142760.4568 0.0 0.0 16834009834.239702 23170248358.760403 29368863121.6212 61085244748.2028 125296415822.887 17392476033.31154 4961885251.4502 28067462033.267002 0.0 137466514213.262 0.0 47725885218.130394 79688505060.43361 54000259712.423 0.0 0.0 5046026993.72998 3049475485.2651 13310893248.29996 0.0 0.0 0.0 20308130590.169342 50223671336.0664 0.0 14082539642.47956 0.0 0.0 12573444756.717722 0.0 0.0 21917276210.9362 765240441.485872 0.0 0.0 0.0
247406817732.27856 228386357288.52048 108657216032.72919 116517535709.10089 265832565409.13727 225937646505.96497 128136553293.49088 210292305507.4812 248194189897.892 249422972482.67743 139757507848.41324 0.0 0.0 0.0 0.0 67883350381.69537 70941802418.77232 74125181836.68019 37416096063.69011 56714402476.21785 36074017746.407745 0.0 0.0 0.0 0.0 45503733645.89545 67755367129.66835 0.0 80483648911.75609 60558736393.0755 74232986627.14366 124940808032.83133 198829234048.2714 131866886101.1965 94391350274.20488 47972262692.41246 20455758454.914177 0.0 22440619143.444977 0.0 0.0 1146462300.8865268 0.0 0.0 151495192.39214337 1680442945.9724221 2034270431.7238245 0.0 4405153638.9840975 316093266.3580037 0.0 1198741240.1815302 0.0 0.0 9041490815.389563 707108311.5010568 0.0 0.0
0.0 174801770287.65182 114027129503.57765 0.0 0.0 0.0 54141572596.17152 64868990915.00492 59403280690.36132 70863427392.29909 50067475818.41924 31032852363.960518 0.0 0.0 0.0 0.0 0.0 0.0 0.0 0.0 0.0 0.0 0.0 0.0 0.0 0.0 0.0 7345744694.682096 77018201421.53595 39724517113.02664 30016726644.41452 89492826670.00815 118059388324.39146 58696872179.7384 18019109471.813393 25558057640.490116 0.0 7110694284.3126955 54169477287.82952 63071030172.87772 65906159208.497955 72767710410.41504 8572231334.073253 5501802521.152412 0.0 0.0 4921586911.406381 10383873805.373367 5910034605.79898 777728528.9637239 0.0 4126854634.4661202 0.0 8575568668.034941 0.0 0.0 1040561263.4377223 0.0
105312702182.61795 99381566895.42815 194891953988.3663 322423728429.1765 293229204146.02576 179579334041.56845 100240626052.72565 117165835351.71155 80133325376.25412 77625861081.24779 83192790377.67242 89644877255.74803 69614743876.35474 58640578511.99695 52884950370.4696 37393118328.409515 31246005005.878563 14511305261.358055 0.0 0.0 0.0 99288907.21838762 392760660.62377894 0.0 0.0 0.0 0.0 0.0 0.0 0.0 44222173536.57887 26862408539.943653 17745502406.114574 0.0 0.0 0.0 280402257.65911627 54376858247.108635 0.0 72816176296.9678 56468019161.92545 0.0 3167874592.505357 3336095353.6523066 0.0 0.0 0.0 0.0 0.0 1050520888.3818722 0.0 0.0 1819151719.5852876 2805145884.1482787 0.0 17058807591.20978 2975108520.2082367 0.0
138275637901.03934 90221413060.13051 18666812921.54995 9658925776.085361 19666363448.524014 163912250422.78296 411284894633.71533 297604522567.22144 303282956204.95624 290190358255.1389 251207972782.2602 108552028303.83183 127933159696.01216 111475292652.13048 166564471272.2248 159562484029.12354 59892822510.75071 29049571992.453587 40200939392.56493 9936216992.416393 19219119412.810764 6017517955.865016 28773198979.57054 0.0 43945473703.77718 57602977247.33755 1541021531.7243335 0.0 0.0 0.0 17755583214.66887 14910990989.676947 54596834073.04793 6296571635.198888 0.0 28091254983.44911 0.0 0.0 0.0 46670263072.61753 28500639149.59249 11616286538.260057 9215986705.526838 0.0 11694417981.799583 32307673870.57365 0.0 1451200965.9869463 8473478993.64674 5335183405.007403 4972118112.905831 4532788786.495508 2207561757.321949 32611555670.164284 0.0 26863952362.506645 0.0 1160640664.6893802
149071438281.0638 71037348340.8591 48272205891.14662 27797072506.69365 117711798020.66724 136918710858.85178 251525427825.75073 329134017603.44025 257976974937.33228 280750179663.2047 349072250308.6837 325711674492.318 240462053778.15674 131955930855.11635 62073324503.1558 109680165722.9844 3259105406.044627 24134509771.584522 23642281969.778923 578635401.9273412 0.0 0.0 0.0 4842793230.812685 34963801670.0943 39137738727.21638 45409903357.24171 25844669671.707 0.0 0.0 0.0 26350171677.012604 8891850203.671051 492338034.456426 0.0 0.0 6495094464.757111 30086231020.4808 19098336018.070286 20179221822.914196 0.0 25524935387.831924 8817761081.469622 0.0 0.0 5828487029.78454 13905227412.586733 0.0 6575423904.757057 5033501022.541455 1592081980.422334 3170933460.978412 7702802357.966281 23701562640.9873 7220991954.436852 2034258445.8850882 5239743256.29951 5793194263.548172
174354059464.6873 218241894356.8819 207958045694.67352 241027297144.38824 311658612240.4137 103046302081.02844 99471443631.97427 148686133670.3047 152370382771.99106 167105015657.89758 70540303372.47112 134187125298.70819 153463109415.94916 36215870743.60978 58568925126.17556 0.0 0.0 0.0 0.0 0.0 0.0 0.0 0.0 0.0 2538317683.166651 4879949158.218616 0.0 7304467855.349057 0.0 0.0 0.0 0.0 22400678214.664124 855123929.6158034 18572670003.519844 20696228151.210045 17602828038.19767 0.0 29953865084.77876 33493713229.77712 40324298186.28367 46490238889.07738 43483426168.78566 37890392276.74848 0.0 28751788779.83163 14657034168.339449 28423610170.18955 0.0 1061018662.8647524 4176822415.8132753 12921773251.565136 38558186144.006516 53848248234.25322 24646649817.834644 34822346129.37334 37097350233.83679 0.0
275779313667.03986 239049681067.84387 63293510416.54831 22009022971.128418 73042077900.53116 41024776776.86829 32778268347.625 73817481919.79259 64059301120.427826 29121778538.619034 30340980962.96041 55825626015.18271 47867675101.19209 12499706324.208471 0.0 53127839195.179405 28938062314.409615 0.0 0.0 0.0 0.0 0.0 0.0 0.0 0.0 0.0 0.0 0.0 0.0 0.0 0.0 0.0 0.0 0.0 0.0 0.0 0.0 5200451384.376396 0.0 0.0 0.0 6359282400.543181 38534709842.74215 0.0 47232199311.80246 49390798596.52529 12143264037.52732 12274109816.20067 0.0 20897299431.12603 2848835734.329226 7944418605.672254 40437556493.98308 8746686769.133554 3751771551.735738 0.0 8276622195.062866 5789566066.456504
52946805276.72058 51940647647.457825 9265894274.958231 24802329615.83714 37926493953.86499 0.0 19441190717.00416 0.0 0.0 0.0 19805977129.32992 0.0 781723475.1615863 0.0 0.0 12819654457.673088 0.0 0.0 0.0 0.0 0.0 0.0 0.0 0.0 0.0 0.0 0.0 0.0 0.0 0.0 331576050.24016476 467837250.8109826 0.0 0.0 2608753323.59587 1344440729.4680364 0.0 14017286340.248192 16030911436.246557 28030764233.35939 0.0 0.0 36678911046.92731 32512794973.135227 45308726613.20848 47095686936.25055 55401748281.52677 46325230799.678085 20115627462.544437 23454913994.46931 2146038798.6404552 9491963392.477411 11508272439.652098 16915036432.8031 0.0 0.0 0.0 31461234960.809013
84461207878.85703 59479556162.77534 39303087315.88533 3722357818.0773096 0.0 0.0 0.0 0.0 0.0 0.0 0.0 0.0 0.0 0.0 19930068417.605957 2913345613.181616 53605292265.74796 475756077.3396351 0.0 0.0 0.0 0.0 0.0 0.0 0.0 0.0 0.0 0.0 11408788298.490187 0.0 151189632.02129194 284859990.21485376 0.0 0.0 0.0 0.0 0.0 0.0 50448538775.78848 0.0 0.0 0.0 0.0 0.0 0.0 0.0 0.0 0.0 0.0 3482355088.972147 311378257.52554315 27920934800.70524 44589658693.8659 52888065583.98247 65966780986.913376 0.0 0.0 103850460517.47935
0.0 12914019487.25136 0.0 0.0 0.0 0.0 0.0 0.0 0.0 0.0 0.0 0.0 0.0 0.0 0.0 0.0 0.0 0.0 0.0 55893307417.57008 55376523985.392006 0.0 0.0 0.0 0.0 0.0 0.0 0.0 0.0 0.0 0.0 0.0 109404219.37669921 9033768686.184336 0.0 357125585.376456 0.0 0.0 77303424986.93808 12654049767.896305 0.0 0.0 0.0 0.0 0.0 0.0 0.0 0.0 0.0 0.0 10443369023.109217 9018308591.788895 9945948592.49285 13259677791.761137 21360561068.75544 0.0 72861065820.02592 54218262400.35264
0.0 0.0 0.0 33134383100.412785 0.0 0.0 0.0 0.0 0.0 0.0 0.0 0.0 0.0 0.0 0.0 91670481692.75526 28513367123.956146 52026944169.1061 0.0 0.0 90085151744.6415 0.0 82824900849.32127 64928651693.16962 19265755192.161716 0.0 51900564672.639336 24262876277.168556 0.0 0.0 0.0 0.0 14209194122.814545 0.0 0.0 0.0 0.0 76645235616.53273 23771118520.9038 0.0 0.0 0.0 0.0 0.0 0.0 0.0 0.0 0.0 2462563481.9657717 9722789726.862207 18517119284.971336 9507431986.305773 34326980844.57224 0.0 0.0 0.0 29397386187.86109 19610214884.579746
0.0 0.0 0.0 0.0 0.0 0.0 0.0 0.0 0.0 0.0 0.0 0.0 34685203323.5154 70571835404.49829 6169834271.131335 29029331767.461155 94210425045.81885 0.0 64253211935.93484 63437905067.90317 77323266067.99454 75795348397.85738 0.0 0.0 372085487.94785106 459775652.4667796 447861884.8469375 756264859.9318694 647077202.5999426 0.0 4473689013.193478 0.0 14535430604.747799 22920360007.772537 31516989059.675316 33545569336.531536 412873523.8366135 0.0 0.0 73304702651.2215 0.0 0.0 0.0 0.0 0.0 1156268261.4376872 0.0 11835484588.661957 2611390933.0225325 0.0 39432062355.64979 56612964828.72978 53359540112.62983 0.0 0.0 70851851836.58467 0.0 12139413357.989979
31060866288.466515 0.0 0.0 0.0 31650440590.134735 0.0 0.0 26301470949.812923 0.0 20574492775.144817 0.0 63173794321.40924 11881151098.296759 0.0 6326075563.782896 10145437574.399273 55461592463.67581 67303859284.322365 17583918043.77237 965512330.0218887 0.0 0.0 0.0 0.0 0.0 483634172.40169436 0.0 0.0 9131908277.16125 0.0 1999866519.3336754 13942576470.253292 25639146160.672028 34452908905.033165 43196432230.06794 50724205424.595 41312867259.15874 32064951387.909344 49792024444.48012 129535311.2985903 0.0 0.0 0.0 0.0 0.0 0.0 0.0 0.0 8923388728.194845 25255317269.372177 90072582734.4552 82616062602.90582 61518491789.62217 73593116936.31212 79376404364.7079 5406634041.2574835 0.0 0.0
0.0 0.0 0.0 31696001052.84754 32767042279.61856 0.0 0.0 0.0 0.0 36278637492.358215 0.0 25383548219.538998 14380086517.950104 12073975383.37705 42777264762.599396 31279795782.38073 1904163804.0932064 0.0 0.0 0.0 0.0 0.0 0.0 0.0 0.0 0.0 0.0 0.0 0.0 12095806773.162374 18422807633.907112 24329170107.18286 29057301331.05561 35910140363.50775 28909569633.80276 33728371532.61929 41522286188.42244 43595231952.37708 56437008966.11704 22937804416.205532 14222730917.51487 38677411536.23029 28827414426.31339 91689857823.10266 4052141192.0934544 1680063253.5779793 12925547193.623074 5390787391.244036 5472386488.654149 94533593831.85304 68133310352.22855 85475323560.47984 31272588297.360138 38667514323.08691 20203867309.55895 0.0 0.0 0.0
0.0 0.0 0.0 0.0 40118578480.08259 40645724884.16389 41258035028.11208 62032571194.64153 0.0 13967267410.439127 35818346516.84544 49187420687.196075 0.0 16425473624.51751 27509633446.777725 16360054597.046736 2536264321.451549 17821207753.87401 240831003.77486873 0.0 23261751.355433006 0.0 0.0 0.0 0.0 0.0 0.0 0.0 0.0 14402875508.645792 16554146507.357103 28216047602.31304 39692742684.66856 0.0 44818071691.59935 42266492511.85937 41484879237.56545 48714585184.00107 67173047285.25429 76529526939.372 55827251808.34985 44087512371.96054 66547958130.35003 54406564286.52298 187941566093.61633 90758045982.47215 79007955031.46216 36489588976.383575 7960985091.490256 74824399435.73929 61823918353.56535 24064394132.504154 0.0 0.0 0.0 0.0 0.0 124438543520.26959
