Model Version1.4/trunk/input/1999/q.asc
ncols 720
nrows 360
xllcorner -180
yllcorner -90
cellsize 0.5
NODATA_value -9999
[rows 156 to 181 of 360, columns 406 to 463 of 720]
36212100051.6613 15195122988.450146 52050437050.722145 29874162646.570763 5663636688.842505 0.0 0.0 0.0 0.0 0.0 24200282906.364754 0.0 815473507.0461736 120839336212.4301 46498523405.80421 953886743.353009 7072840294.560399 2693446594.291996 124037840208.51234 0.0 126172177720.14409 144219456382.1692 128136483551.4965 265467425746.35614 146564361962.27808 399792345824.2559 1246136411862.624 1627408524573.8237 694125996872.6182 1084071058929.2036 774339895663.5951 309727194098.28925 894880269457.1417 168465070809.33444 277475083324.21356 276716819496.8354 69547271001.64159 146506416867.64502 171290227792.43735 178674705923.43423 141010722439.47473 -9999.0 -9999.0 -9999.0 -9999.0 -9999.0 -9999.0 -9999.0 -9999.0 -9999.0 -9999.0 -9999.0 -9999.0 -9999.0 0.0 0.0 0.0 -9999.0
8493570177.423288 34422970795.081375 126827539962.34946 44469690453.70129 16701170803.745869 14618502277.792267 3337681222.4559984 0.0 0.0 0.0 0.0 2692222135.7699623 2742880113.049363 19353304749.06605 83026191.68338075 24780877402.700092 10456209295.7505 17012202062.742174 30332676917.409973 40967880152.410164 166380285315.89618 281177491622.74304 239479026060.52902 187771634726.0832 338915850773.76 1128983570319.72 883924519064.8806 1727242794824.5342 1725461935524.3506 842972910329.4669 401158032906.08325 151238159427.3407 685165249624.708 236307971221.7368 251177101839.65298 294526734883.36523 315498096995.3283 183170132676.52902 257327209321.66507 427775245221.9061 12143650063.90843 14391665309.55832 -9999.0 -9999.0 -9999.0 -9999.0 -9999.0 -9999.0 0.0 0.0 0.0 0.0 0.0 4748876238.534246 0.0 0.0 0.0 -9999.0
9691924594.223616 45004924930.50922 41132281250.322105 10632636443.07946 6594271533.802127 361683372.11530775 0.0 0.0 0.0 0.0 0.0 0.0 3869219661.5224605 6485636569.100746 5754193033.01084 0.0 10721340218.17725 36560347130.72762 0.0 22753184502.554314 34417893966.08174 7998085151.65011 146821600664.94922 461236815545.44836 363033099324.823 1943191562080.6963 1769696661596.7063 1827387705320.9084 1116536401051.5747 1496506902032.3208 1017410676219.9836 839335029504.3656 1898905784988.16 1252820781265.9695 205805347272.52298 168868464456.5626 539448732990.9157 255744695874.94617 577780066742.2568 743436836550.2513 83166172613.89304 5705955144.901063 21176326675.257633 -9999.0 0.0 0.0 0.0 0.0 135003337737.5337 1475923545.012823 3020811607.13071 290382095.45200324 0.0 0.0 0.0 0.0 1159780783.857817 -9999.0
50154692835.06319 8512725463.897948 10166250643.17225 7769300034.623208 0.0 0.0 0.0 0.0 0.0 0.0 0.0 13119325247.756676 0.0 7899935629.514625 10645628314.162302 9227089908.051115 42424828284.11619 69421747491.37839 3118223248.46238 48018375592.88064 13105864728.204262 48211355066.83071 43092796391.22009 677482313930.3346 849050583737.395 894181331043.3424 1611860006237.322 1521291392321.5789 1328605320768.7734 1344046135479.2524 822466304104.3602 60725929128.96528 89762225082.15007 950884668220.933 285607600454.6887 258430605485.07477 432835166699.05865 486962470579.9803 639424968805.518 892446333653.013 680980545939.8004 151190558124.14746 82532219766.07555 16362477320.797993 48032910823.61496 0.0 11102151853.665272 4309343765.019792 8884589057.757477 69388795024.69232 5617840153.140768 0.0 0.0 0.0 6157086085.386864 2064690382.5776305 0.0 -9999.0
141888109343.87585 120823048263.90833 106466968014.53415 4250695538.263944 73557954978.90224 42396789086.49976 13066888943.306528 0.0 0.0 0.0 0.0 0.0 2309724901.829752 13603449200.423368 79505921183.18433 480983957984.6928 106058091178.20927 201255641765.3065 9896983220.75496 37417443876.83544 56020921358.46624 276289964051.21936 293610154373.74194 1148939159526.3208 1874561810142.0496 1887839177426.2065 1628632137951.4998 1869469109370.9045 1827394222335.1846 852840460351.5457 952093732877.7865 574223848779.9 860875083507.6919 577134810604.572 206708455406.22903 154864762415.38016 260079908023.8568 412259355569.5296 425482435357.4344 204874553259.33377 97859538999.99199 346092397403.2096 506133975135.94965 2801347128.289618 360045237411.3056 268330768961.25104 78221024642.51768 151510392761.56607 57754351554.3676 5560466459.326503 123624076000.70439 0.0 0.0 15930262233.420393 10727337904.96764 1527112784.98108 -9999.0 -9999.0
941148151281.5114 858697403191.0833 142412917366.07126 105017877102.86226 176228745262.09116 256791303058.2972 220544293527.75912 0.0 0.0 0.0 141310518499.52887 330531148233.1883 758440486890.981 243159254624.52917 712890191115.4883 1067596137517.4193 941532263678.385 364943275642.6771 43128469840.688324 1571469149.2820065 16244747626.680622 344318036861.729 1694674730768.2188 1996454090678.252 1426903041735.2188 2105427794821.8032 1028561791136.0282 2373805123488.0874 2710017518522.2427 1135991003144.13 1262772808169.8687 948231969500.3673 1430288188377.2112 62736090651.21772 316913260519.9452 710208022587.767 612577117885.9313 148837649918.6788 213193756565.47464 3827442616.0271397 40591041485.70189 148039149642.56232 0.0 4104771197.1896877 61411779238.82056 107635507515.2299 101939776446.70853 95610423568.3931 68284251927.4501 0.0 60713171225.62104 0.0 0.0 62132914966.2932 33201767.872813202 0.0 -9999.0 -9999.0
1234473846142.7664 547841134696.67816 971248358288.0995 523620091585.1644 442971779485.6246 118460794477.89726 70286084934.33667 72037006325.98456 26720695804.749577 0.0 62467622667.56627 888110623231.4293 645309094602.6602 469556008118.2686 542801741717.3759 780524906722.4863 654944166315.7208 355452318477.89197 81341139998.8893 177070620374.55875 532390708226.1468 391356973912.66473 1429616387651.914 1988769972583.7737 1678003056821.854 1597600620834.0193 1404494786508.4983 1483536709915.0842 1578233368900.0366 2142046427697.581 1792341443172.8882 1135003964652.571 296184557032.11115 488632262493.80084 599032273715.926 280906446083.2042 80303121316.22566 21506748058.707897 0.0 0.0 3667903265.3335457 366637515.01938945 0.0 0.0 0.0 5699387871.654816 0.0 88177772108.13564 56719311871.11136 439727.41956989997 0.0 31135983226.050014 0.0 31920227200.56378 0.0 -9999.0 -9999.0 -9999.0
1135167645811.3015 606732804059.8035 1174081252923.0115 759090066112.1711 753457784910.7455 752130060425.5813 328174264264.28754 393225080975.5243 32295022571.22551 23101067417.9693 53627103204.17414 74466192560.16386 387214550377.6323 225124994497.3145 1262541034278.991 812486458125.2991 179157204503.8254 664359511738.9175 1614664718.3320098 265669785238.40405 1061138566452.5316 1220821062155.1233 1033620823062.5978 1032101711542.8419 1222603617632.1807 1455628659046.2756 1827393905233.9216 1677818092054.7063 1402196586502.186 1219600298834.0574 1331365172439.6538 537221030901.83185 501134734230.65173 899109421225.3915 298658215755.27606 283814985357.2865 5865916563.977826 11472483600.017748 9270933490.886766 25738203339.44192 14359103442.080404 369554027066.5346 0.0 0.0 0.0 0.0 4434774724.803023 2360624023.962228 57876913564.982315 0.0 0.0 0.0 0.0 10657725327.04272 18867338635.791775 -9999.0 -9999.0 -9999.0
2054560860084.9155 900762136342.6025 678827430313.1013 783392425238.362 856055213565.2429 616958329879.48 670413336335.882 726889657314.2594 364108219567.11597 162220548538.69876 299454194963.5041 159945707644.5922 299853350240.4585 712738527057.809 763137111905.1781 1504961066934.4907 1288579675368.5076 75028695705.5137 0.0 237988578793.46866 115065479406.05106 1142820725799.48 1092031315058.5121 648533934347.8735 2459574371579.6875 2407199700417.1567 2144065318543.0007 1531015693656.2844 2036130824385.336 1222288450962.3562 1048099446853.2555 0.0 1155525069785.2502 1176023083907.2312 772512178838.798 638985839647.9978 10343892524.543737 434634425075.1277 189815879748.30377 15596125835.980824 1592017240.4586082 229521614906.49487 3287639203.010979 0.0 0.0 0.0 0.0 0.0 0.0 0.0 0.0 0.0 13028934846.978212 7320081726.953445 -9999.0 -9999.0 -9999.0 -9999.0
1501412189731.466 963948736750.8315 994529014026.9857 1158606500960.813 1032356212629.7206 799937391949.2594 570104577277.2155 653329496846.6261 493816171849.39014 376330658029.7996 538900930336.57135 225065106478.2362 14937540577.850246 150256802294.65994 943951635073.7034 1161962504785.8757 1201529687765.4841 191869148351.68024 183109694347.31375 0.0 0.0 146100674319.27692 29338060011.37649 783848393474.9216 740384471553.3618 1789767342741.6438 1237317848807.579 1438279800049.8127 1080331042866.2493 839953851932.3096 194438812558.46945 616220528321.209 1072622281689.8367 1156855386133.4043 1529227104635.6953 803566535571.2992 287000546827.85315 437602005625.3041 181920167898.77307 168521026420.02734 47423056372.745575 13650422044.932568 31405571599.48984 0.0 0.0 0.0 0.0 0.0 0.0 0.0 0.0 48991613325.948265 33707328302.232414 17410264559.185883 -9999.0 -9999.0 -9999.0 -9999.0
1558502195925.325 1484200088575.545 1101747510506.5996 1043269861478.994 782044128044.3092 906148450396.3945 751374794657.9109 668488901956.6547 502991925777.5282 621233893342.1912 591215213708.0514 189221392364.95746 648840670968.0474 14798925047.102556 528828194501.62524 1122267223943.5127 687480887729.7467 109995952156.03339 213859507497.90106 266073442412.88586 0.0 14303823002.720526 260751593403.8151 778492605747.856 788462550151.2955 526508706445.6818 11731788356.5097 23787519597.386295 146846009564.31467 455204343145.35925 106576636795.11864 803599895813.1816 1076334781975.934 849527628597.4592 842125355839.9592 16459424092.651997 100862353945.737 501466571031.2552 302182421952.4025 111518255108.10909 230115178866.70038 212948697105.73276 250589515072.13428 0.0 0.0 0.0 0.0 27150465005.245285 19385197924.352585 57337758285.9918 49132117573.64702 81760435891.10303 0.0 -9999.0 -9999.0 -9999.0 -9999.0 -9999.0
1359393650892.6104 1251369264602.4976 1359020266746.8867 1517331926090.0942 1694673097212.5286 1202620230276.357 1083269204221.8059 979848640809.7772 601484673549.6117 738685605431.2246 854187569918.0757 1382518433782.138 338630898775.413 229190523275.58875 94782581124.90192 168762812059.67926 576467827849.9689 716320100634.1044 313674471489.71326 141760174328.92728 9780127648.361794 52519107091.54948 388919004992.69226 590359972626.4698 866356468727.3479 457756706735.0733 343434124665.2272 711617440914.3235 1299729117674.108 0.0 1005713935477.4507 313405973596.3168 14494967819.65235 662467705058.7626 465074324772.59265 493624631264.8031 215330167539.21317 195779175019.8551 162879687308.71085 0.0 208751792424.6165 285872561312.229 0.0 0.0 0.0 0.0 0.0 19719179043.63616 15348440427.072382 11943939967.982178 0.0 82860175976.2297 180667411013.4669 -9999.0 -9999.0 -9999.0 -9999.0 -9999.0
904327791201.0787 1047256826159.3187 1712542857882.5205 1542045539550.3528 1746663116611.1106 1161688530764.6118 1105256886469.3792 1002162020425.6946 1257129901112.1357 1097899537487.5294 812428960894.0868 748566903156.1548 615630528407.3569 439348007337.1672 273791723948.7937 189173236736.07208 116847532942.17955 568736362461.1124 55098634116.97823 11545976845.10444 1269053983.0759895 6048214774.461981 77067611253.9214 43189139690.20984 136858298535.4734 86723895558.77357 277225008352.11334 592125116766.5645 527135337754.99725 402307196509.7325 112143150189.89403 70800105307.66322 99126569401.34038 0.0 380378564497.96497 129079559139.09396 139241937104.91306 2955269297.9972754 327658485.1163455 0.0 183441486686.4242 173102119043.82202 201903471177.179 218548773362.1354 0.0 0.0 1426427272.5534768 0.0 24217159323.69492 71448269910.60963 43837695684.065155 26716804686.117424 -9999.0 -9999.0 -9999.0 -9999.0 -9999.0 -9999.0
773751715757.5092 996608955604.2388 1701646489985.481 1825295551623.758 1788147276855.9458 1369417663862.9785 1462770872400.7393 1492310179224.6917 1221743868242.0366 1075795694822.3257 879469804459.7789 1201676505939.6416 1691825199910.0625 819783387901.2567 1520520627013.1013 320319083158.9176 114259797450.08879 459579059789.1557 256517116160.80597 92878233208.32648 24704148384.473328 0.0 0.0 85635505775.9376 42674064351.81875 71723445958.77652 249972078424.3989 457336960960.17346 545712789203.623 385764744722.8659 288339638137.20264 383578823292.5895 410762263982.9792 215230259288.94724 310672933352.66156 345656280812.3461 0.0 0.0 21043051829.05455 0.0 150633106351.85446 219995696568.7946 221789430441.37192 175812802780.18445 133350318465.28629 0.0 0.0 0.0 0.0 0.0 1602362809.2515733 345748066729.0579 -9999.0 -9999.0 -9999.0 -9999.0 -9999.0 -9999.0
906834026344.625 1159439357882.0703 2090164550000.789 1211667024623.6265 1719041516131.1948 1366253745330.2375 1588319689374.9148 1492509566870.0603 1448792622986.0017 1371432160941.9927 1396112770047.6907 1522240100200.9756 910080024339.5398 819436339793.2467 1566556180613.1616 1395347624841.6526 404118386689.90326 74630550826.08052 556101169541.9415 267376372180.3506 145103764818.44116 7256456083.07043 5303599465.542175 0.0 122699068011.62833 104086258469.9595 0.0 0.0 31460209183.016365 58161237935.34087 146598242848.48102 374057680295.43787 225104226223.2213 165909239559.33926 301686090059.7114 304853507273.07275 119636393734.60837 0.0 151612625227.54886 39375107323.129196 176539995834.59106 135233615843.11732 6019070755.900934 185193073803.58682 182057289436.58124 0.0 0.0 0.0 0.0 0.0 201920644163.63452 -9999.0 -9999.0 -9999.0 -9999.0 -9999.0 -9999.0 -9999.0
915317350055.7297 818275333403.2557 1252215307162.7634 1041230239761.3789 1413285008465.0964 2906173493036.389 1777467177046.499 1820541320308.564 1808130453400.7842 1614219726951.86 1333831855996.4824 1303252862180.309 1217001719420.738 1107562404465.7903 680754897952.8324 1322228106126.4023 1222036851204.374 229280529938.13754 749669078923.7133 644959914323.2584 673835282627.9685 144195311408.48654 0.0 260997296733.7435 143135726670.5168 0.0 0.0 177243874312.1342 262896408316.86194 91592574863.81415 292410317169.2167 302564274951.81165 114914193563.29991 477818275123.7404 444235568586.73254 316327176320.45416 296663423309.1546 104026688194.7323 109657778904.89125 134782676203.00241 202142417393.47714 0.0 973274309.9096502 0.0 211477470756.10184 0.0 0.0 0.0 0.0 57756899523.777466 -9999.0 -9999.0 -9999.0 -9999.0 -9999.0 -9999.0 -9999.0 -9999.0
967141484181.2871 823636033218.544 839164171872.5203 890759337628.4185 1554261712184.863 2917724977314.8223 3053865137861.684 2686095988686.8374 2480886425463.7734 2814978313967.235 1114853751012.1619 1052553325643.6489 1161398879152.4277 1065685780175.8811 1201922145087.621 1053581286463.2766 124101401829.21266 761070696446.7014 121027636656.11519 923008705798.0791 87182212951.41696 412627797263.6138 14860530647.125458 232603154393.02325 163056355818.9809 0.0 0.0 214877079684.73718 179495591158.99533 274134645301.62698 145349515943.37708 249517166640.12216 495378049280.9396 324926185992.9696 288236106280.9449 214150290282.13818 0.0 0.0 123655686420.15248 2336191647.7960553 0.0 0.0 0.0 45758988198.61684 0.0 0.0 0.0 0.0 117300527508.7708 -9999.0 -9999.0 -9999.0 -9999.0 -9999.0 -9999.0 -9999.0 -9999.0 -9999.0
1040969288453.1987 1158071595014.7725 1041182743727.883 1097103324985.3967 1172094122647.2017 1213776441502.529 1397294498331.7651 1594024449455.144 2249765601275.556 1911382277596.5422 2243744757434.188 1830885120160.8801 1280806860227.2456 1706709466301.9172 924438232419.8462 1473700701615.7153 664670305714.0747 69332949161.03056 109653041067.88406 25505515397.486595 2121703236.7992294 0.0 0.0 88786635381.53401 193253540159.30045 0.0 0.0 264402586434.49173 0.0 258670182433.2415 254251718914.44687 411079011474.4155 457247408640.28986 585504183004.0571 258645169535.60394 101914544561.39127 1582456858.5537293 0.0 0.0 0.0 0.0 43202428457.52639 0.0 20201084868.586166 34430482442.849174 0.0 0.0 134899675235.51842 -9999.0 -9999.0 -9999.0 -9999.0 -9999.0 -9999.0 -9999.0 -9999.0 -9999.0 -9999.0
992744834991.3578 1022246490777.8586 1142241228823.3503 1208423984072.5964 1190754113439.596 1230166195552.7952 1271733537105.6194 1312243490774.3008 1443850601517.3335 1558659664472.533 1338454181672.8438 1379903412748.1304 717035084865.8453 868068084410.8151 1281900550961.266 1418866907920.8333 857729428293.8881 59187533291.15156 507591435853.2795 77602229047.0264 84629285349.72636 0.0 0.0 268483615199.50058 328604305181.8761 239531710045.69595 0.0 0.0 89444148699.49405 242338483814.40378 108356777899.09656 127598753073.49405 28083512505.535915 366495895448.5592 334172557.811359 30844434409.2457 1567148738.9735346 9596484625.419113 0.0 19805629107.945786 29139413982.00932 0.0 0.0 0.0 90530034330.48901 0.0 124715027488.05516 310027839566.46063 -9999.0 -9999.0 -9999.0 -9999.0 -9999.0 -9999.0 -9999.0 -9999.0 -9999.0 -9999.0
1128300077826.0881 958265608975.6423 1019334139882.317 1166111574582.0825 1373745056757.1665 1281288469627.237 1342039486761.722 1355309554611.986 1243309448568.5315 1242976423448.509 1043033904768.0642 904504637254.9182 1258669075847.0906 1214389857862.9058 1157891817085.4077 1222462277558.1702 465674509148.7804 26235996170.276146 96422416993.49199 484162520013.9448 142886605984.53265 0.0 749136963305.4059 400698879006.92413 221718489678.05383 281992490558.851 142673663152.95956 159171208064.5154 156136293407.20493 91291401162.3627 3683478320.2005963 25108629761.37341 0.0 4160984764.0771484 0.0 0.0 591562025.3611968 489326185.89031744 0.0 512000177278.0035 197518852669.33667 0.0 0.0 0.0 26438437115.00483 1804990642.6562154 217675387153.80746 -9999.0 -9999.0 -9999.0 -9999.0 -9999.0 -9999.0 -9999.0 -9999.0 -9999.0 -9999.0 -9999.0
1510094474346.9724 1061025530752.8289 1139392975527.2637 1214859004046.7742 1332141240786.7976 1319386499464.0293 1329675617487.888 1292590017574.7239 1258562509100.7678 1069938847294.2487 767368688383.5912 656342065937.8971 960992669305.3706 883348994353.0193 1149204215343.7864 436956625006.6743 0.0 554467359068.2502 1094637026632.5082 563076970489.6992 0.0 298049970690.5804 590511494146.6566 580717079660.8611 143302371756.08633 70014541411.57239 161145108374.24097 321561400349.46686 109063793917.07605 17576471503.963467 3543893836.415307 7963421584.441582 10700054117.903214 1848279544.7689567 0.0 0.0 0.0 0.0 0.0 5131085342.292144 129794027636.84157 13738718326.580622 11089218870.077734 7419122709.399342 26765690424.951138 -9999.0 -9999.0 -9999.0 -9999.0 -9999.0 -9999.0 -9999.0 -9999.0 -9999.0 -9999.0 -9999.0 -9999.0 -9999.0
1374313104611.0552 1595106241151.5732 1264119545776.5098 1315449424649.7292 1281270269827.7095 1317655677820.115 1209045268355.4385 1098746638403.8365 922033447233.9216 646835738227.0417 537699576658.22125 277276231943.93555 220100716877.34805 569918185183.2234 553068451435.1653 0.0 347203632696.4727 932014185222.5509 922818861043.6068 500793902212.14923 0.0 708416449139.1252 832126704979.5962 993292289148.565 728724936338.7058 100600548671.64993 168498613491.45905 57846278261.82805 11114025203.05395 0.0 0.0 2530111376.149064 0.0 0.0 0.0 0.0 0.0 0.0 0.0 0.0 0.0 0.0 13088727479.484505 -9999 -9999.0 -9999.0 -9999.0 -9999.0 -9999.0 -9999.0 -9999.0 -9999.0 -9999.0 -9999.0 -9999.0 -9999.0 -9999.0 -9999.0
1445827311445.04 1426008775505.6804 1606179290881.2725 1497369183841.2383 1301655662549.8667 1200075946078.4482 1044545525489.6152 874664088301.1211 765395717171.0676 783346671635.2997 407246075793.2323 75618440246.22574 383029427042.48706 368611561445.03546 491031733763.62213 1078204998668.3436 585718130361.4781 239437814431.09473 926447001498.5123 559506728344.6826 458832019158.1469 558966968987.6323 1004065166220.0076 744777982815.5769 655446153216.354 85123687433.95042 0.0 166212886962.5071 88230187159.0811 0.0 0.0 0.0 6821808916.247466 0.0 0.0 0.0 0.0 0.0 0.0 0.0 0.0 2025329545.4754856 -9999.0 -9999.0 -9999.0 -9999.0 -9999.0 -9999.0 -9999.0 -9999.0 -9999.0 -9999.0 -9999.0 -9999.0 -9999.0 -9999.0 -9999.0 -9999.0
1690514390352.9102 1648754140888.0981 1927663255939.308 1417583580672.6414 1400877749857.8113 1225928693853.8904 1157218046248.999 935191311607.462 818340803755.1848 408742726596.27686 129006799879.05867 322791489946.0562 895429094146.4812 1754132437316.172 804845539010.5426 8505556552.522101 343976991049.5349 1059208664862.5066 547435291362.91034 0.0 0.0 0.0 881156341541.7657 1139472186589.32 683746385721.6646 310798892982.6589 327277486712.9027 236878194394.60886 551547575246.8456 118139837172.80415 23244636619.054848 0.0 6144080749.547536 22616361618.121178 0.0 0.0 0.0 28881953090.1522 14772869593.72981 0.0 853768828.6950039 -9999.0 -9999.0 -9999.0 -9999.0 -9999.0 -9999.0 -9999.0 -9999.0 -9999.0 -9999.0 -9999.0 -9999.0 -9999.0 -9999.0 -9999.0 -9999.0 -9999.0
1987157528056.1716 1940695444171.8208 1960175672769.1802 1760724362704.438 1796870542825.049 1476596035593.124 1134504258793.816 875195621903.6243 771516972275.2928 320950751980.2833 617767744285.3793 717780310296.5005 1543056073926.289 0.0 718185125605.8636 816888394318.3912 1058473717750.8917 387880741684.72784 0.0 -9999 -9999 -9999 0.0 199855989760.63882 1129474971103.7468 659114348101.7969 630316189164.1299 1354779345473.7664 2312939406658.669 1021524379036.4325 34793456542.410484 89210446961.9035 0.0 0.0 47357967172.69932 13858221597.71745 23316481659.073414 67574252509.35079 2445762300.821903 0.0 -9999.0 -9999.0 -9999.0 -9999.0 -9999.0 -9999.0 -9999.0 -9999.0 -9999.0 -9999.0 -9999.0 -9999.0 -9999.0 -9999.0 -9999.0 -9999.0 -9999.0 -9999.0
2275783771249.591 2138685159215.4119 2174325371309.426 1788852670449.9219 1926144867304.7998 1814539903215.1755 1243524289465.3062 1113176760774.4688 884323641886.563 674773044719.0864 911009150849.5471 1657730083377.8398 972134837728.6385 616830648036.4404 409474886912.07855 644659224054.0604 934392949665.7089 689461226684.9294 -9999 -9999 -9999 -9999 60479120758.62353 1614020604680.4338 1805050203340.42 569577939994.8 452055034214.72876 2124078552137.2563 892414676002.7854 568805435645.9232 2172947968.4732375 7519417731.374416 0.0 0.0 1396122456.0315673 80428068607.81876 65062532487.14339 225521177778.68 51519618070.90451 -9999.0 -9999.0 -9999.0 -9999.0 -9999.0 -9999.0 -9999.0 -9999.0 -9999.0 -9999.0 -9999.0 -9999.0 -9999.0 -9999.0 -9999.0 -9999.0 -9999.0 -9999.0 -9999.0
