critload/trunk/output/2010/fag.asc
ncols 720
nrows 360
xllcorner -180
yllcorner -90
cellsize 0.5
NODATA_value -1
[rows 62 to 92 of 360, columns 69 to 137 of 720]
-1.0 -1.0 -1.0 -1.0 -1.0 -1.0 -1.0 -1.0 -1.0 -1.0 -1.0 -1.0 -1.0 -1.0 0.0 0.0 0.0 0.0 0.0 0.0 0.0 0.0 0.0 0.0 0.0 0.0 0.0 0.0 0.0 0.0 0.0 0.0 0.0 0.0 0.0 0.0 0.0 0.0 0.0 0.0 0.0 0.0 0.0 0.0 0.027612888860698948 0.02761288811894576 0.08337010517539309 0.05549155887215081 0.0 0.0 0.0 0.0 0.0 0.022196674411529387 0.0 0.0 0.0 0.027878483575207717 0.083635448464123 0.01940765458827435 0.0 0.0 0.0 0.0 0.0 0.0 0.011987190152251349 0.060827983404888056 0.044243615079719405
-1.0 -1.0 -1.0 -1.0 -1.0 -1.0 -1.0 -1.0 -1.0 -1.0 -1.0 -1.0 -1.0 -1.0 -1.0 -1.0 0.0 0.0 0.0 0.0 0.007348898265977327 0.002919933201475997 0.003787185809751046 0.002454658040679665 0.0 0.0 0.0 0.0 0.0 0.027810278778763315 0.0 0.0 0.0 0.0 0.0 0.0 0.0 0.0 0.0 0.0 0.0 0.0 0.0 0.0 0.02761486488201927 0.0 0.0 0.0 0.0 0.0 0.0 0.0 0.0 0.0 0.0 0.0 0.0 0.11052428833871149 0.24895744918368992 0.08277939450647409 0.0 0.0 0.0 0.0 0.0 0.0 0.0 0.023342390866102493 0.0738847767454562
-1.0 -1.0 -1.0 -1.0 -1.0 -1.0 -1.0 -1.0 -1.0 -1.0 -1.0 -1.0 -1.0 -1.0 -1.0 -1.0 -1.0 -1.0 0.0 0.0 0.0 0.0 0.0 0.0 0.0 0.0 0.0 0.0 0.0 0.0 0.0 0.0 0.0 0.0 0.0 0.0 0.0 0.0 0.0 0.0 0.0 0.0 0.0 0.0 0.0 0.0 0.0 0.0 0.0 0.0 0.0 0.0 0.0 0.0 0.0 0.0 0.05542532680624374 0.027552742755351228 0.0 0.0 0.0 0.0 0.02780841096162902 0.0 0.0 0.055233589423116236 0.023384342618561885 0.0 0.027680726255858962
-1.0 -1.0 -1.0 -1.0 -1.0 -1.0 -1.0 -1.0 -1.0 -1.0 -1.0 -1.0 -1.0 -1.0 -1.0 -1.0 -1.0 -1.0 -1.0 0.04692410600280951 0.0 0.0 0.0018175439172918534 0.002180898793291634 0.0 0.0012062549417532656 0.0 0.0 0.0 0.0 0.0 0.0 0.0 0.0 0.0 0.0 0.0 0.0 0.0 0.0 0.0 0.0 0.0 0.0 0.0 0.0 0.0 0.0 0.0 0.0 0.0 0.0 0.0 0.0 0.0 0.027869020627386287 0.1387817777335466 0.0 0.0 0.0 0.0 0.0 0.0 0.0 0.0 0.0 0.0 0.02362812085224002 0.0
-1.0 -1.0 -1.0 -1.0 -1.0 -1.0 -1.0 -1.0 -1.0 -1.0 -1.0 -1.0 -1.0 -1.0 -1.0 -1.0 -1.0 -1.0 -1.0 -1.0 0.005991052452871068 0.0 0.008448946467560723 0.03181648880328826 0.032579027009400116 0.016268013167556907 0.0 0.0 0.0 0.0 0.0 0.0 0.0 0.0 0.0 0.0 0.0 0.0 0.0 0.0 0.0 0.0 0.0 0.0 0.0 0.0 0.0 0.0 0.05560954823503766 0.11134189120129014 0.0 0.0 0.055732282929286885 0.027866140446558822 0.0 0.11016788694840268 0.16596779946569748 0.0 0.0 0.0 0.0 0.0 0.0 0.0 0.0 0.0 0.0 0.0 0.0
-1.0 -1.0 -1.0 -1.0 -1.0 -1.0 -1.0 -1.0 -1.0 -1.0 -1.0 -1.0 -1.0 -1.0 -1.0 -1.0 -1.0 -1.0 -1.0 -1.0 -1.0 0.0 0.0 0.0 0.012557347347784237 0.0048224940607231115 0.03145121550213331 0.0 0.0 0.0 0.0 0.0 0.0 0.0 0.0 0.0 0.0 0.0 0.0 0.0 0.0 0.0 0.0 0.0 0.0 0.0 0.0 0.05548528551927823 0.05524402249634121 0.3877946923017314 0.3886996209878974 0.3610773483312183 0.3049276947139544 0.4443048159214455 0.33319973687827764 0.45856167787041974 0.527155931503944 0.08352949535987861 0.0 0.05386940404961342 0.0 0.0 0.0 0.0 0.0 0.0 0.0 0.0 0.0
-1.0 -1.0 -1.0 -1.0 -1.0 -1.0 -1.0 -1.0 -1.0 -1.0 -1.0 -1.0 -1.0 -1.0 -1.0 -1.0 -1.0 -1.0 -1.0 -1.0 -1.0 -1.0 -1.0 0.0 0.019339992515515533 0.010799314175916662 0.0037610580416437365 0.011754761554245718 0.07981029784315911 0.0 0.0017976740628845608 0.0 0.0 0.0 0.0 0.0 0.0 0.0 0.0 0.0 0.0 0.0 0.0 0.0 0.0 0.0 0.0 0.0 0.027564357290478667 0.0829302602109022 0.3596999580218128 0.19330599679548596 0.19377985772344752 0.5805264251193878 0.6653947494124143 0.6369428370624188 0.6646501508638972 0.3160229705097156 0.3035350417402473 0.08058723288752068 0.03798161521989037 0.027860324942475923 0.0 0.01749955591326929 0.0 0.0 0.0 0.0 0.0
-1.0 -1.0 -1.0 -1.0 -1.0 -1.0 -1.0 -1.0 -1.0 -1.0 -1.0 -1.0 -1.0 -1.0 -1.0 -1.0 -1.0 -1.0 -1.0 -1.0 -1.0 -1.0 -1.0 -1.0 0.0015153365403707951 0.005334429844730678 0.017415984652022667 0.0 0.028434076360784565 0.0 0.0 0.049946434699599314 0.027625378576617027 0.027857649478548956 0.0 0.0 0.0 0.0 0.0 0.0 0.0 0.0 0.0 0.0 0.035318421101155066 0.0 0.0 0.0 0.0 0.0 0.0 0.3050408565273269 0.6298974297014287 0.605048491599794 0.6364293608934829 0.2612137276094834 0.5536640138188219 0.455679906413958 0.27326196481407355 0.10069369681851885 0.1271244294631318 0.1322435618643213 0.08316667036196249 0.13894023531001568 0.07157068257151832 0.05571529849302528 0.08258497664640373 0.05236997791609156 0.026079500076855364
-1.0 -1.0 -1.0 -1.0 -1.0 -1.0 -1.0 -1.0 -1.0 -1.0 -1.0 -1.0 -1.0 -1.0 -1.0 -1.0 -1.0 -1.0 -1.0 -1.0 -1.0 -1.0 -1.0 -1.0 0.0 0.0 0.0 -1.0 0.0 0.0 0.04721368003130252 0.021140474879024273 0.0 0.05380665869876129 0.0 0.0 0.02768404066853729 0.0 0.004701051098993184 0.0 0.0 0.0 0.0 0.0 0.0 0.0 0.0 0.0 0.0 0.0 0.0 0.0 0.027569789969016305 0.08270937084380026 0.0 0.02544905439132395 0.3037248034575967 0.052999048048474634 0.025072308904474233 0.02785493588802896 0.0 0.139046974606334 0.2501820835473992 0.3316866208916289 0.6381298858247975 0.48237015388994625 0.4498099787385441 0.3622044011781909 0.07988585853524376
-1.0 -1.0 -1.0 -1.0 -1.0 -1.0 -1.0 -1.0 -1.0 -1.0 -1.0 -1.0 -1.0 -1.0 -1.0 -1.0 -1.0 -1.0 -1.0 -1.0 -1.0 -1.0 -1.0 -1.0 0.008668939232809076 0.05570469522873043 0.0 0.0 -1.0 0.0 0.0727244888207002 0.0499021106041752 0.0 0.05553709350428875 0.0 0.0 0.0 0.0 0.0 0.0 0.0 0.0 0.07238187793693525 0.027852350976013376 0.0 0.13702790893312114 0.05570469326959035 0.0 0.0 0.0 0.0 0.0 0.0 0.0 0.0 0.0 0.0 0.0821737776008328 0.027740594165470252 0.13769035604470492 0.41651650871041995 0.7486844049271753 0.803112214845078 0.8306691853912225 0.6935127990579644 0.7490493329819873 0.6657661750439873 0.7533797180338454 0.8015005909205001
-1.0 -1.0 -1.0 -1.0 -1.0 -1.0 -1.0 -1.0 -1.0 -1.0 -1.0 -1.0 -1.0 -1.0 -1.0 -1.0 -1.0 -1.0 -1.0 -1.0 -1.0 -1.0 -1.0 -1.0 0.04808256071323746 0.24418955697514116 0.15294769071519312 0.014731398441244901 -1.0 0.0 0.025252811553849324 0.0928180559267316 0.06370753518990045 0.0207226206957569 0.0 0.0 0.0 0.0 0.0 0.0 0.0 0.0 0.02389759369682192 0.02600634068379002 0.0 0.2088283889539244 0.0 0.0 0.0 0.0 0.0 0.0 0.0 0.0 0.0 0.0 0.0 0.055644896700821574 0.2209147552511036 0.30508597315079916 0.6070249408328613 0.7589230394406847 0.7765883793002455 0.9084979328417123 0.9445725841587401 0.8555927655090755 0.8862291171902885 0.7742867984240767 0.7380064411462857
-1.0 -1.0 -1.0 -1.0 -1.0 -1.0 -1.0 -1.0 -1.0 -1.0 -1.0 -1.0 -1.0 -1.0 -1.0 -1.0 -1.0 -1.0 -1.0 -1.0 -1.0 -1.0 -1.0 -1.0 -1.0 0.016149894931750338 0.01858848299080485 0.020421130104548053 -1.0 -1.0 0.0 0.0 0.0050850948299888616 0.06980602149458297 0.017810465892294736 0.0 0.0 0.0 0.0 0.0 0.0 0.0 0.0 0.0 0.0 0.05537091137892237 0.027847310849664603 0.0 0.0 0.0 0.0 0.0 0.0 0.0 0.0 0.0811514009878319 0.0 0.0 0.0 0.027631540063103293 0.3326580264170331 0.9091301252548459 0.9503710252943041 0.9812317604841349 0.9262937941452758 0.9020735376159519 0.8764382832710153 0.8010073258787049 0.6925221884317312
-1.0 -1.0 -1.0 -1.0 -1.0 -1.0 -1.0 -1.0 -1.0 -1.0 -1.0 -1.0 -1.0 -1.0 -1.0 -1.0 -1.0 -1.0 -1.0 -1.0 -1.0 -1.0 -1.0 -1.0 -1.0 -1.0 0.0 0.012640809128773545 0.0 -1.0 -1.0 -1.0 0.0 0.01591140107814739 0.02445209383627641 0.0 0.0 0.0 0.0 0.0 0.0 0.0 0.0 0.0 0.0 0.02757994410128764 0.05526605114345678 0.0 0.0 0.0 0.0 0.0 0.0 0.0 0.0 0.0 0.0 0.0 0.0 0.027579943306803162 0.05553116302773122 0.4640141555449057 0.8180837279599471 0.881473230585581 0.8850257640670411 0.66257750508153 0.8319592483408795 0.665524757636127 0.7208439197521709
-1.0 -1.0 -1.0 -1.0 -1.0 -1.0 -1.0 -1.0 -1.0 -1.0 -1.0 -1.0 -1.0 -1.0 -1.0 -1.0 -1.0 -1.0 -1.0 -1.0 -1.0 -1.0 -1.0 -1.0 -1.0 -1.0 -1.0 0.0 0.0 -1.0 -1.0 -1.0 -1.0 0.0 0.007925308280002397 0.0 0.027842592205335862 0.0 0.0 0.0 0.02758232095699315 0.0 0.0 0.02773862916610952 0.0 0.0 0.08037821923148224 0.027790664778052452 0.0 0.0 0.0 0.0 0.0 0.0 0.0 0.0 0.0 0.0 0.0 0.0 0.10621574848290578 0.8567649219118563 0.8824183836861782 0.9558935092085539 0.8304951907906065 0.8196189941068888 0.665725892168291 0.6651015906631224 0.6641848664021286
-1.0 -1.0 -1.0 -1.0 -1.0 -1.0 -1.0 -1.0 -1.0 -1.0 -1.0 -1.0 -1.0 -1.0 -1.0 -1.0 -1.0 -1.0 -1.0 -1.0 -1.0 -1.0 -1.0 -1.0 -1.0 -1.0 -1.0 -1.0 -1.0 -1.0 -1.0 -1.0 -1.0 -1.0 0.0009906473618549799 0.005965790510201252 0.05568046814223055 0.0 0.0 0.0 0.0 0.0 0.018389715709594013 0.0 0.0 0.0 0.16596818638104185 0.0 0.02778919609918321 0.0 0.0 0.0 0.0 0.0 0.0 0.0 0.0 0.0 0.0 0.0 0.0 0.4425548325008025 0.8846336152784582 0.8314262110517817 0.8312512422010255 0.6935541825527529 0.6099822771933263 0.6648318065909353 0.6929911407639435
-1.0 -1.0 -1.0 -1.0 -1.0 -1.0 -1.0 -1.0 -1.0 -1.0 -1.0 -1.0 -1.0 -1.0 -1.0 -1.0 -1.0 -1.0 -1.0 -1.0 -1.0 -1.0 -1.0 -1.0 -1.0 -1.0 -1.0 -1.0 -1.0 -1.0 -1.0 -1.0 -1.0 -1.0 -1.0 0.0 0.018293482992771077 0.07851335350319734 0.07957340907762035 0.041892250901646985 0.0 0.0 0.0 0.022743267467259305 0.0 0.055475344105624165 0.02758684759720043 0.10994559856234315 0.0 0.0 0.0 0.0 0.013349301297435424 0.0 0.0 0.0 0.0 0.0 0.0 0.0 0.0 0.22170022254065352 0.6933373636397293 0.8692848423042923 0.8305388655397231 0.7756104602787699 0.7210269464088513 0.6928373672092349 0.6931391691982179
-1.0 -1.0 -1.0 -1.0 -1.0 -1.0 -1.0 -1.0 -1.0 -1.0 -1.0 -1.0 -1.0 -1.0 -1.0 -1.0 -1.0 -1.0 -1.0 -1.0 -1.0 -1.0 -1.0 -1.0 -1.0 -1.0 -1.0 -1.0 -1.0 -1.0 -1.0 -1.0 -1.0 -1.0 0.0 0.0 0.042335727089604265 0.018358957884631818 0.05241927307438406 0.07806671383959278 0.054084547199582694 0.0673296470615459 0.016810552816767913 0.0 0.0 0.0 0.0 0.0 0.05537590538020697 0.052687644924620795 0.2130674879356486 0.05344751240687208 0.15426467996743798 0.02783578408108195 0.0 0.0 0.0 0.0 0.0 0.0 0.0 0.027589090345994393 0.6328944414936669 0.8001391198692726 0.8546762358461283 0.8242693088683344 0.7733046160993836 0.7203663701744047 0.6931340046543355
-1.0 -1.0 -1.0 -1.0 -1.0 -1.0 -1.0 -1.0 -1.0 -1.0 -1.0 -1.0 -1.0 -1.0 -1.0 -1.0 -1.0 -1.0 -1.0 -1.0 -1.0 -1.0 -1.0 -1.0 -1.0 -1.0 -1.0 -1.0 -1.0 -1.0 -1.0 -1.0 -1.0 -1.0 -1.0 0.0024721660386134155 0.0 0.0 0.0 0.0 0.043834237861611294 0.07321455999038357 0.055424916561488284 0.015495581368367081 0.01776843399493664 0.0 0.0 0.0 0.027591168398919685 0.04975595676508014 0.13853806699269036 0.0 0.257299000193024 0.05542501945137659 0.0 0.0 0.0 0.0 0.0 0.0 0.0 0.0 0.2493881018811866 0.5808394811420111 0.8028492075246224 0.7483082459754021 0.855180686259455 0.758155664233976 0.72062053077846
-1.0 -1.0 -1.0 -1.0 -1.0 -1.0 -1.0 -1.0 -1.0 -1.0 -1.0 -1.0 -1.0 -1.0 -1.0 -1.0 -1.0 -1.0 -1.0 -1.0 -1.0 -1.0 -1.0 -1.0 -1.0 -1.0 -1.0 -1.0 -1.0 -1.0 -1.0 -1.0 -1.0 -1.0 -1.0 -1.0 0.0 0.01654043100545694 0.0 0.08137373210848187 0.14213155064305466 0.10317895502611119 0.0066323229647905855 0.0 0.003746523143121556 0.027831382763642328 0.0 0.027688718436629813 0.0 0.0 0.0 0.08806221514226617 0.06854995261123077 0.0 0.0 0.0 0.0 0.0 0.0 0.13710153381827697 0.0 0.0 0.16656040579372952 0.4714215394290887 0.7408552875550332 0.844651083119042 0.8843683652379338 0.7753139052736719 0.6937405127131581
-1.0 -1.0 -1.0 -1.0 -1.0 -1.0 -1.0 -1.0 -1.0 -1.0 -1.0 -1.0 -1.0 -1.0 -1.0 -1.0 -1.0 -1.0 -1.0 -1.0 -1.0 -1.0 -1.0 -1.0 -1.0 -1.0 -1.0 -1.0 -1.0 -1.0 -1.0 -1.0 -1.0 -1.0 -1.0 -1.0 -1.0 -1.0 0.0 0.005277975411793604 0.02773594881730002 0.02825018390740208 0.10253948520558355 0.1545459315829691 0.08808715034835171 0.41132628422753803 0.3162574381052511 0.11116113494952962 0.022029324067535574 0.0 0.0 0.1925430038714532 0.08325432208333187 0.027829297922901643 0.027829297186102133 0.02782929774606152 0.0 0.055611974493835134 0.02782930078561209 0.02759542603826706 0.02683542097377186 0.0 0.11052237679013811 0.470232868009823 0.7206179606073316 0.6920282833319966 0.7484007794286005 0.5549984824897893 0.5545297852082057
-1.0 -1.0 -1.0 -1.0 -1.0 -1.0 -1.0 -1.0 -1.0 -1.0 -1.0 -1.0 -1.0 -1.0 -1.0 -1.0 -1.0 -1.0 -1.0 -1.0 -1.0 -1.0 -1.0 -1.0 -1.0 -1.0 -1.0 -1.0 -1.0 -1.0 -1.0 -1.0 -1.0 -1.0 -1.0 -1.0 -1.0 -1.0 -1.0 -1.0 0.0 0.0 0.0 0.09009410468040906 0.10750191103391069 0.21095211674977252 0.2015526785183365 0.0 0.027643620295631728 0.0 0.027827332809481707 0.22211387829413826 0.4161248354168111 0.11080445215188382 0.10893542720633563 0.07974741822005063 0.0 0.008156327974226003 0.053989281504088674 0.027643619837476516 0.10464149095460903 0.055608846116523995 0.027827332193132586 0.05524117965833336 0.1660455315504555 0.6093543853305267 0.7193081956853149 0.7474100743464634 0.9141528630973613
-1.0 -1.0 -1.0 -1.0 -1.0 -1.0 -1.0 -1.0 -1.0 -1.0 -1.0 -1.0 -1.0 -1.0 -1.0 -1.0 -1.0 -1.0 -1.0 -1.0 -1.0 -1.0 -1.0 -1.0 -1.0 -1.0 -1.0 -1.0 -1.0 -1.0 -1.0 -1.0 -1.0 -1.0 -1.0 -1.0 -1.0 -1.0 -1.0 -1.0 -1.0 0.0 0.027123667693241864 0.0 0.11181509302180563 0.1739077084005667 0.2957848736400685 0.0 0.02782534258232582 0.027780314240614255 0.2216106597423602 0.6364542216262238 0.5494424512836753 0.2760900659814124 0.346741212302691 0.26624235583808276 0.192300196664368 0.027825342440946737 0.041715813929898905 0.08038761704533438 0.19389457051756542 0.1387211670447844 0.33939927771165024 0.05551555206607238 0.0 0.38770528459406145 0.6928821321510001 0.802465048583085 0.9146272498752855
-1.0 -1.0 -1.0 -1.0 -1.0 -1.0 -1.0 -1.0 -1.0 -1.0 -1.0 -1.0 -1.0 -1.0 -1.0 -1.0 -1.0 -1.0 -1.0 -1.0 -1.0 -1.0 -1.0 -1.0 -1.0 -1.0 -1.0 -1.0 -1.0 -1.0 -1.0 -1.0 -1.0 -1.0 -1.0 -1.0 -1.0 -1.0 -1.0 -1.0 -1.0 0.0 0.006716013198488598 0.0 0.0 0.05530196404274105 0.20942881170597605 0.0988149899696139 0.08302650153723087 0.05560230711065423 0.5551364941987244 0.747559734570586 0.6554548956446276 0.7380308380946935 0.7173580806782998 0.7152108358172858 0.5845375725684462 0.20813913224206587 0.0 0.02769036390992959 0.0828487485803321 0.3881521445959595 0.5253423745171186 0.027645915304774577 0.0 0.027779025511484288 0.7194454626105349 0.802094684692996 0.9817286265990792
-1.0 -1.0 -1.0 -1.0 -1.0 -1.0 -1.0 -1.0 -1.0 -1.0 -1.0 -1.0 -1.0 -1.0 -1.0 -1.0 -1.0 -1.0 -1.0 -1.0 -1.0 -1.0 -1.0 -1.0 -1.0 -1.0 -1.0 -1.0 -1.0 -1.0 -1.0 -1.0 -1.0 -1.0 -1.0 -1.0 -1.0 -1.0 -1.0 -1.0 -1.0 -1.0 0.05646902830750015 0.027821421855242015 0.05555583153505501 0.11022033843039832 0.3495931324389654 0.02373372260379064 0.11067588780182573 0.24556630249721428 0.5817277855209116 0.6601199669763482 0.6951140478186367 0.7474171828434841 0.7453640822813942 0.7715806735072717 0.7758633904173463 0.16610091633471175 0.0 0.0 0.0 0.22030187736576348 0.5519783966156099 0.08337734869939196 0.13910710845087476 0.11084967492981676 0.692311958495882 0.7750101994151213 0.76495498729192
-1.0 -1.0 -1.0 -1.0 -1.0 -1.0 -1.0 -1.0 -1.0 -1.0 -1.0 -1.0 -1.0 -1.0 -1.0 -1.0 -1.0 -1.0 -1.0 -1.0 -1.0 -1.0 -1.0 -1.0 -1.0 -1.0 -1.0 -1.0 -1.0 -1.0 -1.0 -1.0 -1.0 -1.0 -1.0 -1.0 -1.0 -1.0 -1.0 -1.0 -1.0 -1.0 0.05268066212342467 0.12194264418758809 0.138541168919514 0.4463676676824906 0.08281576512961761 0.05546788757725491 0.027691125611482778 0.6262285145998 0.6270579942345061 0.5755470672108504 0.5776861839996883 0.6628288150821995 0.6601847838275406 0.4114899121081074 0.6515052176426119 0.3837109175920734 0.027776763836562024 0.0 0.0 0.0 0.2785259444351831 0.2968224467914452 0.4437422618308321 0.4713864816426554 0.4856514908255919 0.6322003496413132 0.4160512753851612
-1.0 -1.0 -1.0 -1.0 -1.0 -1.0 -1.0 -1.0 -1.0 -1.0 -1.0 -1.0 -1.0 -1.0 -1.0 -1.0 -1.0 -1.0 -1.0 -1.0 -1.0 -1.0 -1.0 -1.0 -1.0 -1.0 -1.0 -1.0 -1.0 -1.0 -1.0 -1.0 -1.0 -1.0 -1.0 -1.0 -1.0 -1.0 -1.0 -1.0 -1.0 -1.0 -1.0 0.09433045585676537 0.08328491882430733 0.2043755086978603 0.0 0.02781764737276805 0.0832849181012378 0.5537028378371184 0.6795189627339615 0.6639082472517768 0.644979217639776 0.5232791733666128 0.42617934153140014 0.19350311287840874 0.5696037444648349 0.40969202932801635 0.49949864092353996 0.027817646908651423 0.0 0.0 0.2965574787190264 0.11068166404691784 0.13841539615024984 0.43734309214601175 0.22100440908180063 0.6927664090378932 0.6098430412874657
-1.0 -1.0 -1.0 -1.0 -1.0 -1.0 -1.0 -1.0 -1.0 -1.0 -1.0 -1.0 -1.0 -1.0 -1.0 -1.0 -1.0 -1.0 -1.0 -1.0 -1.0 -1.0 -1.0 -1.0 -1.0 -1.0 -1.0 -1.0 -1.0 -1.0 -1.0 -1.0 -1.0 -1.0 -1.0 -1.0 -1.0 -1.0 -1.0 -1.0 -1.0 -1.0 -1.0 0.0 0.09728798628641289 0.43635418618633254 0.16508986531609987 0.026107413454758865 0.2687498974390667 0.5141253412795838 0.6052690110800347 0.5405358347697953 0.645854954848029 0.6586359757115464 0.4114977348813708 0.2777039726961903 0.4711323775000001 0.47154698913135057 0.2197142581400313 0.0 0.0 0.0 0.05534223154897526 0.1110981971089524 0.1387487503985937 0.3563470277123245 0.6366046228647283 0.8300477775922953 0.7796928869598555
-1.0 -1.0 -1.0 -1.0 -1.0 -1.0 -1.0 -1.0 -1.0 -1.0 -1.0 -1.0 -1.0 -1.0 -1.0 -1.0 -1.0 -1.0 -1.0 -1.0 -1.0 -1.0 -1.0 -1.0 -1.0 -1.0 -1.0 -1.0 -1.0 -1.0 -1.0 -1.0 -1.0 -1.0 -1.0 -1.0 -1.0 -1.0 -1.0 -1.0 -1.0 -1.0 -1.0 0.051293469991018394 0.5574158863060434 0.7043184939851652 0.24085569611521138 0.02761080567064251 0.44307525433169087 0.470807868774104 0.49837828842974746 0.4699158315516179 0.44307590495127874 0.5814959075026135 0.35738502780758535 0.3604462071687766 0.1933979091188952 0.24898554775258722 0.11068725813320066 0.027610806766287847 0.027773555687684897 0.05530312450781428 0.055303123813517624 0.16467279078862998 0.30542750347527187 0.7187428263592642 0.8030269697015271 0.38725709767675165 0.0
-1.0 -1.0 -1.0 -1.0 -1.0 -1.0 -1.0 -1.0 -1.0 -1.0 -1.0 -1.0 -1.0 -1.0 -1.0 -1.0 -1.0 -1.0 -1.0 -1.0 -1.0 -1.0 -1.0 -1.0 -1.0 -1.0 -1.0 -1.0 -1.0 -1.0 -1.0 -1.0 -1.0 -1.0 -1.0 -1.0 -1.0 -1.0 -1.0 -1.0 -1.0 -1.0 0.07581443198249471 0.02556277979534311 0.5676826939967751 0.4562081653683524 0.0 0.054014906669047194 0.48762562464484194 0.3595234062166443 0.41550772627287247 0.4157485995965089 0.5258788418419502 0.11073041061965241 0.13882194208444604 0.5222610436508471 0.44348073288969314 0.4157475506701852 0.24869960259234067 0.0 0.0 0.02761252423550144 0.027652608491145206 0.1104901814176705 0.19336783772960847 0.4152281452258086 0.36000317774192386 0.13866292239006425 0.08276867488502078
-1.0 -1.0 -1.0 -1.0 -1.0 -1.0 -1.0 -1.0 -1.0 -1.0 -1.0 -1.0 -1.0 -1.0 -1.0 -1.0 -1.0 -1.0 -1.0 -1.0 -1.0 -1.0 -1.0 -1.0 -1.0 -1.0 -1.0 -1.0 -1.0 -1.0 -1.0 -1.0 -1.0 -1.0 -1.0 -1.0 -1.0 -1.0 -1.0 -1.0 -1.0 -1.0 0.03897625056027062 0.0 0.5990237913615034 0.17619390468420013 0.0 0.08307891960469092 0.5756541634910229 0.38333604093163 0.2772044120935998 0.3882114163060169 0.27685043193368375 0.19353581014137286 0.30458283343629755 0.4706222544601851 0.5270685140392801 0.46028298145965635 0.2775572124286543 0.0834318594490778 0.0 0.0 0.02761430167251463 0.05526798383302527 0.05542514588697044 0.13834658948396877 0.16639317965501296 0.24994304741844098 0.08279224568420118
-1.0 -1.0 -1.0 -1.0 -1.0 -1.0 -1.0 -1.0 -1.0 -1.0 -1.0 -1.0 -1.0 -1.0 -1.0 -1.0 -1.0 -1.0 -1.0 -1.0 -1.0 -1.0 -1.0 -1.0 -1.0 -1.0 -1.0 -1.0 -1.0 -1.0 -1.0 -1.0 -1.0 -1.0 -1.0 -1.0 -1.0 -1.0 -1.0 -1.0 -1.0 -1.0 0.06489604118993665 0.019129008963406222 0.12920232659283762 0.05523175760332325 0.0 0.08138489116880608 0.24460092542151454 0.3048946044788432 0.33258795512865663 0.30512631408014146 0.33297394463336394 0.4160138349353232 0.44339921248649183 0.47113116493162627 0.6091334807083859 0.8053946755679491 0.47623895003984706 0.22223954166375706 0.05546355518510436 0.027808805676775458 0.08103913713071169 0.11123522553042188 0.1386589298443007 0.19381343898093945 0.3540351681816396 0.5325527885898629 0.24803556090938841
