critload/trunk/output/2010/fag.asc
ncols 720
nrows 360
xllcorner -180
yllcorner -90
cellsize 0.5
NODATA_value -1
[rows 31 to 61 of 360, columns 414 to 482 of 720]
-1.0 -1.0 -1.0 -1.0 -1.0 -1.0 -1.0 -1.0 -1.0 -1.0 -1.0 -1.0 -1.0 -1.0 -1.0 -1.0 -1.0 -1.0 -1.0 -1.0 -1.0 -1.0 -1.0 -1.0 -1.0 -1.0 -1.0 -1.0 -1.0 -1.0 -1.0 -1.0 -1.0 -1.0 -1.0 -1.0 -1.0 -1.0 -1.0 -1.0 -1.0 -1.0 -1.0 -1.0 -1.0 -1.0 -1.0 -1.0 -1.0 -1.0 -1.0 -1.0 -1.0 -1.0 -1.0 -1.0 0.0 0.0 0.0 0.0 0.0 0.0 0.0 0.0 0.0 -1.0 -1.0 -1.0 -1.0
-1.0 -1.0 -1.0 -1.0 -1.0 -1.0 -1.0 -1.0 -1.0 -1.0 -1.0 -1.0 -1.0 -1.0 -1.0 -1.0 -1.0 -1.0 -1.0 -1.0 -1.0 -1.0 -1.0 -1.0 -1.0 -1.0 -1.0 -1.0 -1.0 -1.0 -1.0 -1.0 -1.0 -1.0 -1.0 -1.0 -1.0 -1.0 -1.0 -1.0 -1.0 -1.0 -1.0 -1.0 -1.0 -1.0 -1.0 -1.0 -1.0 -1.0 -1.0 -1.0 -1.0 -1.0 0.0 0.0 0.0 0.0 0.0 0.0 0.0 0.0 0.0 -1.0 -1.0 -1.0 -1.0 -1.0 -1.0
-1.0 -1.0 -1.0 -1.0 -1.0 -1.0 -1.0 -1.0 -1.0 -1.0 -1.0 -1.0 -1.0 -1.0 -1.0 -1.0 -1.0 -1.0 -1.0 -1.0 -1.0 -1.0 -1.0 -1.0 -1.0 -1.0 -1.0 -1.0 -1.0 -1.0 -1.0 -1.0 -1.0 -1.0 -1.0 -1.0 -1.0 -1.0 -1.0 -1.0 -1.0 -1.0 -1.0 -1.0 -1.0 -1.0 -1.0 -1.0 -1.0 -1.0 -1.0 -1.0 -1.0 0.0 0.0 0.0 0.0 0.0 0.0 0.0 0.0 -1.0 -1.0 -1.0 -1.0 -1.0 -1.0 -1.0 -1.0
-1.0 -1.0 -1.0 -1.0 -1.0 -1.0 -1.0 -1.0 -1.0 -1.0 -1.0 -1.0 -1.0 -1.0 -1.0 -1.0 -1.0 -1.0 -1.0 -1.0 -1.0 -1.0 -1.0 -1.0 -1.0 -1.0 -1.0 -1.0 -1.0 -1.0 -1.0 -1.0 -1.0 -1.0 -1.0 -1.0 -1.0 -1.0 -1.0 -1.0 -1.0 -1.0 -1.0 -1.0 -1.0 -1.0 -1.0 -1.0 -1.0 -1.0 -1.0 0.0 0.0 0.0 0.0 0.0 0.0 0.0 0.0 -1.0 -1.0 -1.0 -1.0 -1.0 -1.0 -1.0 -1.0 -1.0 -1.0
-1.0 -1.0 -1.0 -1.0 -1.0 -1.0 -1.0 -1.0 -1.0 -1.0 -1.0 -1.0 -1.0 -1.0 -1.0 -1.0 -1.0 -1.0 -1.0 -1.0 -1.0 -1.0 -1.0 -1.0 -1.0 -1.0 -1.0 -1.0 -1.0 -1.0 -1.0 -1.0 -1.0 -1.0 -1.0 -1.0 -1.0 -1.0 -1.0 -1.0 -1.0 -1.0 -1.0 -1.0 -1.0 -1.0 -1.0 -1.0 -1.0 -1.0 -1.0 0.0 0.0 0.0 0.0 0.0 0.0 0.0 -1.0 -1.0 -1.0 -1.0 -1.0 -1.0 -1.0 -1.0 -1.0 -1.0 -1.0
-1.0 -1.0 -1.0 -1.0 -1.0 -1.0 -1.0 -1.0 -1.0 -1.0 -1.0 -1.0 -1.0 -1.0 -1.0 -1.0 -1.0 -1.0 -1.0 -1.0 -1.0 -1.0 -1.0 -1.0 -1.0 -1.0 -1.0 -1.0 -1.0 -1.0 -1.0 -1.0 -1.0 -1.0 -1.0 -1.0 -1.0 -1.0 -1.0 -1.0 -1.0 -1.0 -1.0 -1.0 -1.0 -1.0 -1.0 -1.0 -1.0 0.0 0.0 0.0 0.0 0.0 0.0 0.0 0.0 0.0 -1.0 -1.0 -1.0 -1.0 -1.0 -1.0 -1.0 -1.0 -1.0 -1.0 -1.0
0.0 0.0 0.0 -1.0 -1.0 -1.0 -1.0 -1.0 -1.0 -1.0 -1.0 -1.0 -1.0 -1.0 -1.0 -1.0 -1.0 -1.0 -1.0 -1.0 -1.0 -1.0 -1.0 -1.0 -1.0 -1.0 -1.0 -1.0 -1.0 -1.0 -1.0 -1.0 -1.0 -1.0 -1.0 -1.0 -1.0 -1.0 -1.0 -1.0 -1.0 -1.0 -1.0 -1.0 -1.0 -1.0 -1.0 -1.0 -1.0 -1.0 0.0 0.0 0.0 0.0 0.0 0.0 0.0 0.0 0.0 -1.0 -1.0 -1.0 -1.0 -1.0 -1.0 -1.0 -1.0 -1.0 -1.0
0.0 0.0 0.0 0.0 0.0 0.0 0.0 0.0 -1.0 -1.0 -1.0 -1.0 -1.0 -1.0 -1.0 -1.0 -1.0 -1.0 -1.0 -1.0 -1.0 -1.0 -1.0 -1.0 -1.0 -1.0 -1.0 -1.0 -1.0 -1.0 -1.0 -1.0 -1.0 -1.0 -1.0 -1.0 -1.0 -1.0 -1.0 -1.0 -1.0 -1.0 -1.0 -1.0 -1.0 -1.0 -1.0 -1.0 -1.0 -1.0 -1.0 -1.0 -1.0 0.0 0.0 0.0 0.0 0.0 0.0 0.0 0.0 -1.0 -1.0 -1.0 -1.0 -1.0 -1.0 -1.0 -1.0
0.0 0.0 0.0 0.0 0.0 0.0 0.0 0.0 0.0 -1.0 -1.0 -1.0 -1.0 -1.0 -1.0 -1.0 -1.0 -1.0 -1.0 -1.0 -1.0 -1.0 -1.0 -1.0 -1.0 -1.0 -1.0 -1.0 -1.0 -1.0 -1.0 -1.0 -1.0 -1.0 -1.0 -1.0 -1.0 -1.0 -1.0 -1.0 -1.0 -1.0 -1.0 -1.0 -1.0 -1.0 -1.0 -1.0 -1.0 -1.0 -1.0 -1.0 -1.0 -1.0 -1.0 -1.0 -1.0 -1.0 -1.0 -1.0 -1.0 -1.0 -1.0 0.0 0.0 0.0 -1.0 -1.0 -1.0
0.0 0.0 0.0 0.0 0.0 0.0 0.0 0.0 0.0 0.0 0.0016397952050794706 0.0 -1.0 -1.0 -1.0 -1.0 -1.0 -1.0 -1.0 -1.0 -1.0 -1.0 -1.0 -1.0 -1.0 -1.0 -1.0 -1.0 -1.0 -1.0 -1.0 -1.0 -1.0 -1.0 -1.0 -1.0 -1.0 -1.0 -1.0 -1.0 -1.0 -1.0 -1.0 -1.0 -1.0 -1.0 -1.0 -1.0 -1.0 -1.0 -1.0 -1.0 -1.0 -1.0 -1.0 -1.0 -1.0 -1.0 -1.0 -1.0 -1.0 -1.0 -1.0 0.0 0.0 0.0 0.0 0.0 0.0
0.0 0.0009326058131203345 0.0 0.0 0.0 0.0 0.0 0.0 0.0 0.0 0.0 0.0 0.07180004179300646 0.0 0.0 0.0 0.0037069197833600382 0.0 0.0 -1.0 -1.0 -1.0 -1.0 -1.0 -1.0 -1.0 -1.0 -1.0 -1.0 -1.0 -1.0 -1.0 -1.0 -1.0 -1.0 -1.0 -1.0 -1.0 -1.0 -1.0 -1.0 -1.0 0.0 0.0 0.0 0.0 0.0 -1.0 -1.0 -1.0 -1.0 -1.0 -1.0 -1.0 -1.0 -1.0 -1.0 -1.0 -1.0 -1.0 -1.0 -1.0 -1.0 -1.0 -1.0 -1.0 0.0 0.0 0.0
0.0 0.0 0.0 0.0 0.0 0.0 0.0 0.0 0.0 0.0 0.0 0.0 0.0602288505955812 0.0 0.0 0.0 0.013253312934000876 0.01040542831431102 0.020221914161070793 0.026736215639120802 0.027764391302944207 0.0 -1.0 -1.0 -1.0 -1.0 -1.0 -1.0 -1.0 -1.0 -1.0 -1.0 0.0 -1.0 -1.0 -1.0 -1.0 -1.0 -1.0 -1.0 -1.0 -1.0 0.0 0.0008956240123198405 0.0026768451488766586 0.0 -1.0 -1.0 -1.0 -1.0 -1.0 0.0 0.0 0.0 -1.0 -1.0 -1.0 -1.0 -1.0 -1.0 -1.0 0.0 0.0 0.0 0.0 -1.0 -1.0 0.0 0.0
0.0 0.0 0.0 0.0 0.0 0.0 0.0 0.0 0.000980716138687748 0.0 0.0 0.0 0.04723831138911955 0.0 0.0 0.0 0.0 0.0 0.0 0.020280808724122155 0.02697877367014063 0.02776328004612475 0.027662245108860315 0.017089826140282295 0.0 0.0 -1.0 -1.0 -1.0 -1.0 -1.0 -1.0 -1.0 0.0 0.0 0.0 0.0 0.0 0.0 -1.0 -1.0 -1.0 -1.0 -1.0 -1.0 -1.0 0.0 0.0 0.0 0.0 0.0 0.0 0.0 0.0 0.0 0.0 0.0 0.0 0.0 0.0 0.0 0.0 0.0 0.0 0.0 0.0 0.0 0.0 0.0
0.0 0.0 0.0 0.0 0.0 0.0 0.0 0.0 0.0 0.0 0.0 0.03904988743381952 0.0015976355439411187 0.04799408237097593 0.0 0.0 0.0 0.0 0.0 0.0 0.0 0.02795864295086164 0.026580007671674358 0.026788328595435267 0.0 0.0 0.0 0.0 -1.0 -1.0 -1.0 -1.0 -1.0 -1.0 0.0 0.0 0.0 0.0 0.0 -1.0 -1.0 0.0 0.0 0.0 0.0 0.0 0.0 0.0 0.0 0.0 0.0 0.0 0.020154790660752295 0.0 0.0 0.0 0.0 0.0 0.0 0.0 0.0 0.0 0.0 0.0 0.0 0.0 0.0 0.0 0.0
0.0 0.0 0.0 0.0 0.0 0.0 0.0 0.0 0.0 0.0 0.006003414773594714 0.0 0.0 0.0 0.0 0.0 0.0 0.0 0.0 0.0 0.01002462083941532 0.0 0.02756820716018588 0.0 0.0 0.0 0.0 0.0 0.0 -1.0 -1.0 -1.0 -1.0 0.0 0.004347986241229311 0.0042925042796477676 0.0 0.0 -1.0 -1.0 -1.0 0.0059217341189096795 0.0 0.0 0.0 0.0 0.0 0.0 0.0 0.0 0.0 0.0 0.0 0.0 0.0 0.0 0.0 0.0 0.0 0.0 0.0 0.0 0.0 0.0 0.0 0.0 0.0 0.0 0.0
0.0 0.0 0.0 0.0 0.0 0.0 0.0 0.0 0.0 0.0 0.0 0.0 0.0 0.0 0.0 0.0 0.0 0.0 0.0 0.0 0.0 0.0 0.0 0.0 0.0 0.0 0.0 0.0 0.0 -1.0 -1.0 -1.0 -1.0 -1.0 -1.0 0.0 0.0 0.0 0.0 0.0 0.0 0.0 0.0 0.0 0.0 0.0 0.0 0.0 0.0 0.0 0.0 0.0 0.0 0.0 0.0 0.0 0.0 0.0 0.0 0.0 0.0 0.0 0.0 0.0 0.0 0.0 0.0 0.0 0.0
0.0 0.0 0.0 0.0 0.0 0.0 0.0 0.002784990187699749 0.000867528468696642 0.0 0.0 0.0 0.0 0.0 0.0 -1.0 0.0 0.0 0.0 0.0 0.0 0.0 0.0 0.0 0.0 0.000841158840782359 0.0 -1.0 0.0 0.0 0.01992042264220472 0.0 0.0 0.0 0.005046968902971554 0.0 0.0 0.0 0.0 0.0 0.0 0.0 0.0 0.0 0.0 0.0 0.0 0.0 0.0 0.0 0.0 0.0 0.0 0.0 0.0 0.0 0.0 0.0 0.0 0.0 0.0 0.0 0.0 0.0 0.0 0.0 0.04952916991263588 0.0 0.0
0.0 0.0 0.004743074922935619 0.0 0.0 0.0 0.0 0.0 0.001374437159710072 0.0 0.0 0.0 0.0 0.0 0.02766783094784244 0.014135790809853489 -1.0 -1.0 -1.0 -1.0 -1.0 -1.0 -1.0 -1.0 -1.0 0.0 0.0 0.0 0.0 0.0 0.0 0.0 0.0 0.0 0.0 0.0 0.0 0.0 0.0 0.0 0.0 0.0 0.0 0.0 0.0 0.0 0.0 0.0 0.0 0.0 0.0996177804692475 0.0 0.0 0.0 0.0 0.0 0.0 0.0 0.0 0.0 0.01883638285210779 0.0 0.0 0.0 0.0 0.0 0.0 0.0 0.0
0.025617864676610223 0.0 0.0 0.0 0.005276706423767718 0.0 0.019950738773198678 0.0007980264005640111 0.0 0.0 0.0 0.0 0.0 0.0 0.003447681349504716 0.0 -1.0 0.0 -1.0 0.0 0.0 0.0 -1.0 -1.0 -1.0 0.0025233087251722683 0.012768531219644394 0.0 0.0 0.0 0.0 0.0 0.0 0.0 0.0 0.0 0.0 0.0 0.0 0.0 0.0 0.0 0.0 0.0 0.0 0.0 0.0 0.0 0.0 0.0 0.0 0.0 0.0 0.0 0.0 0.0 0.0 0.0 0.0 0.0 0.06794924767202218 0.0 0.0 0.0 0.0 0.0 0.0 0.0 0.0
0.0 0.0 0.0 0.014648091433457876 0.008249625584143442 0.0 0.019249125882003785 0.07466855570184217 0.0 0.0 0.0 0.0 0.0 0.0 0.0 0.169464007883588 -1.0 -1.0 -1.0 0.003965036301497238 0.0 0.0 0.0058396864880513235 0.0 0.022165164451335914 0.004999107572223002 0.15478762284655978 0.20005751501759744 0.0 0.0 0.0 0.0 0.0 0.0 0.0 0.0 0.0 0.0 0.0 0.0 0.0 0.0 0.0 0.0 0.0 0.0 0.0 0.0 0.0 0.0 0.0 0.0 0.0 0.0 0.0 0.0 0.0 0.0 0.0 0.0 0.0 0.0 0.0 0.0 0.0 0.0 0.0 0.0 0.0
0.020012481081194126 0.0969047960974636 0.016652676405239944 0.0 0.008029731856433074 0.0 0.0 0.0 0.01237656516373526 0.01189345217300496 0.01974740219750857 0.0 0.0 0.0 0.06982430308904979 0.044144391428887826 0.026305589063347908 0.02617023002619651 0.029211854792253827 -1.0 0.002829457807255019 0.009761236309926744 0.009307088645479265 0.0 0.0 0.027587256041775945 0.027389331389850037 0.25971742796337094 0.07629266152309468 0.21546914485663105 0.0 0.0 0.0 0.0 0.0 0.0 0.0 0.0 0.0 0.0 0.0 0.0 0.0 0.0 0.0 0.0 0.0 0.0 0.0 0.0 0.0 0.0 0.0 0.0 0.0 0.0 0.0 0.0 0.0 0.0 0.0 0.0 0.0 0.0 0.0 0.0 0.0 0.0 0.0
0.09581608099171103 0.05552670507265078 0.02769032840085971 0.0 0.0 0.0 0.0 0.007929537106831907 0.0023788610972302485 0.0 0.0 0.0186026403855381 0.013835824891116316 0.0 0.07525605540961972 0.03930681831546555 0.02752563086407391 0.0 0.027589848010628863 0.0 0.027510999743319123 0.02775330680153145 0.08433574620633591 0.0 0.0 0.0 0.0 0.027633373924320366 0.026041142774654812 0.24012988992526718 0.0 0.0 0.0 0.0 0.0 0.0 0.0 0.0 0.0 0.0 0.0 0.0 0.0 0.0 0.0 0.0 0.0 0.0 0.0 0.0 0.0 0.0 0.0 0.1752350480588081 0.0 0.0 0.0 0.0 0.0 0.0 0.02391377983346364 0.0 0.0 0.0 0.0 0.0 0.0 0.0 0.0
0.047748821967726576 0.06705369131886511 0.0 0.050870315806544976 0.02552316213524758 0.0035729835398886794 0.043740127404949466 0.0 0.0 0.0 0.0 0.0 0.04128594021284237 0.050313454745354 0.10323334911052238 0.05772845232345794 0.058784407656474066 0.05495790605846103 0.027832505132960858 0.0 0.0 0.0 0.0 0.0 0.0 0.0 0.082637583678524 0.027672672227857298 0.055265317219079936 0.1323148519310009 0.255368812031788 0.07955727909840998 0.0 0.0 0.0 0.0 0.0 0.0 0.0 0.0 0.0 0.0 0.0 0.0 0.0 0.0 0.0 0.0 0.0 0.0 0.0 0.0 0.0 0.02724669120203092 0.0 0.0 0.0 0.0 0.0 0.0 0.0 0.0 0.0 0.0 0.0 0.0 0.0 0.0 0.0
0.0 0.027014418067828443 0.02195051667360073 0.011124864889119577 0.10609854575904587 0.06425336880627588 0.048374890967523905 0.04859704591297089 0.027381046176482435 0.01100673197566791 0.0183997464979282 0.027681456316907407 0.050358228267179055 0.06119646654806336 0.13414744667262626 0.13425965322555863 0.08078634588485276 0.10580220136973276 0.05528911404641165 0.0 0.0 0.0 0.0 0.016826349583172844 0.0 0.02763220410266484 0.13662498569501622 0.08244494802286274 0.027516794982896692 0.02790815202621247 0.027516794982896692 0.21089875365840563 0.2107525439877701 0.13686004129486898 0.0 0.0 0.0 0.0 0.0 0.0 0.0 0.0 0.0 0.0 0.0 0.0 0.0 0.02726828791240285 0.0 0.0 0.0 0.0 0.0 0.0 0.0 0.0 0.0 0.0 0.0 0.0 0.0 0.0 0.0 0.0 0.0 0.0 0.0 0.0 0.0
0.0695826330636214 0.09756466729946622 0.0 0.05737832812835091 0.02778127904353237 0.0 0.027784094471220048 0.1424795187495508 0.027903842561020208 0.03828467184679803 0.05721635841761518 0.04531501342064802 0.0424769187419532 0.08333052541038223 0.09915053808161953 0.029792533713851224 0.096951929179883 0.06167889715572368 0.055348181006403846 0.027903842561223753 0.0 0.0 0.0 0.0 0.055288995287014746 0.02759753004469185 0.02761142506460518 0.0 0.0 0.027597530282271562 0.0 0.05443915384917783 0.0278273867877582 0.13546304021099398 0.10900931841680267 0.15765589776071715 0.16240642451455403 0.027903842561101577 0.0 0.0 0.0 0.0 0.0 0.0 0.0 0.0 0.2099782294415718 0.0 0.0 0.0 0.0 0.0 0.0 0.0 0.0 0.0 0.0 0.0 0.0 0.0 0.0 0.0 0.0 0.0 0.0 0.0 0.0 0.0 0.0
0.05941414793659025 0.05238923824600387 0.05053863714958916 0.0037555623827266156 0.018827357099052432 0.02485942864075527 0.5142885808013596 0.39493508612959444 0.12094910048567452 0.15689964488777983 0.07489024903888415 0.08236670685726255 0.06564976287833088 0.10673656443198987 0.2734364166522149 0.06565669390598762 0.0034478999768828766 0.0 0.20191438318571187 0.13731930069957834 0.08340017972655894 0.027675092683322685 0.02752487293217317 0.08191356753509926 0.055350116429987176 0.0 0.052258891194330664 0.027600017946896607 0.0 0.0 0.02789991247303924 0.08347505438585727 0.02789991247303924 0.027784267325906442 0.02760001662344975 0.02760001662344975 0.26435107660011203 0.18280993786918828 0.08203967437497438 0.027825038926440154 0.0 0.0 0.2183562332197031 0.13860622956718222 0.055124889555618596 0.02767509268322475 0.07659709007082412 0.3451704754539276 0.10872295596613357 0.13464251892625048 0.10709727391927239 0.0 0.0 0.0 0.0 0.0 0.0 0.0 0.0 0.0 0.0 0.0 0.0 0.0 0.0 0.0 0.0 0.0 0.0
0.04959671452966164 0.004705348650252849 0.034487796858040286 0.0 0.12901756104021364 0.40787470515057606 0.08296448402764162 -1.0 -1.0 0.07140881345063306 0.10568106787940129 0.23326185210076142 0.11143766202772197 0.08317452501214352 0.08321343811365513 0.2089643400254677 0.37600500241775797 0.05060472425499432 0.12550707963858548 0.27756628356664026 0.027896086279951226 0.02578693832654133 0.02789608454084885 0.08642028838886094 0.05535164717206885 0.08324773345202924 0.13501437105838007 0.055497079584925293 0.05567896033852783 0.05579217182516211 0.2182180305357872 0.11081213325437347 0.1384419204114733 0.08274808364978445 0.05557194314262299 0.1660218281997495 0.055351514065738766 0.08317554378657734 0.10862508174640421 0.3979457396484824 0.12767784905806345 0.10974051178314091 0.11100089637167294 0.055351714562517626 0.0 0.0 0.027750287236281104 0.027533220712261164 0.027528769331928295 0.05527816995983379 0.02774933407473199 0.027602313097254035 0.0 0.0 0.027675856862595574 0.0 0.0 0.02767585686257977 0.02767585686257977 0.0 0.0 0.0 0.0 0.0 0.0 0.0 0.0 0.0 0.0
0.11583682474839463 0.11004597085951096 0.10534215916045402 0.3875175469622423 0.4704907180457622 0.4159979374228169 0.31459139093645705 0.05686773442267329 -1.0 -1.0 -1.0 0.13281354608524956 0.4129213745433249 0.2611573164271765 0.0 0.2969754042064877 0.18869061280459984 0.2937672082257507 0.3812598516921222 0.24857021564807275 0.21785087052795304 0.13895820195599776 0.13903026927584358 0.16882538004873568 0.09652126396973215 0.1941437179542555 0.16506362026840027 0.08331734836073848 0.11080855860603454 0.19439343091550687 0.13813907903560876 0.08302968438289034 0.2765295723715195 0.1110034112248632 0.08324541669657719 0.13903013320856258 0.08315407582234785 0.08331761504303761 0.18781291651754395 0.16616075645171782 0.22123085108597088 0.19449599976136228 0.13924593200837737 0.027820492290081 0.08346147754920862 0.13768343251266893 0.02745838201573455 0.0 0.02763514235531492 0.0 0.0 0.027549798482105183 0.0 0.0 0.0 0.0 0.0 0.0 0.027532432377165204 0.0 0.0 0.0 0.0 0.0 0.0 0.0 0.0 0.0 0.0
-1.0 -1.0 -1.0 0.19614549993564293 0.4008315528894657 0.3200090890293365 0.5752917671587587 0.35293456125185907 0.0035436143564638307 0.06294886443026684 0.1424029332670037 0.30978969522967126 0.24873769885632055 0.19280002517968192 0.11127320943675038 0.05542482568835662 0.13916198488311796 0.08338456301315278 0.11093154040183724 0.24871930877872123 0.23427782805616684 0.21835425042850287 0.2446508196676304 0.2749983274339774 0.21291828758350317 0.22152919984235322 0.36017564518399614 0.3606339672524765 0.24951999610429612 0.2763348683470519 0.13812396937503676 0.13887976628167253 0.2494305674166186 0.3044693043117817 0.2760217674322923 0.11099092506526702 0.02788871093473359 0.11118139875240743 0.08287858622461743 0.0828201228271472 0.13728395459035408 0.16522541980981453 0.1931637225666255 0.08289089163776824 0.08331379673525104 0.1934404691180505 0.02788871093473359 0.0 0.0 0.0 0.027606751597800145 0.027430351778545022 0.11114669879750819 0.027888710934842503 0.16621038310468383 0.05542793957493178 0.055495787567706754 0.10827994555154066 0.3269802446572476 0.11063878542247793 0.02788871093473359 0.0 0.0 0.0 0.0 0.04925365746367296 0.0 0.0 0.0
-1.0 -1.0 0.16763036118925664 0.12526669922430667 0.3939674884512892 0.7421003700583995 0.49174866790244065 0.7728319029905143 0.44657883829128087 0.3864302168697553 0.40956916547374134 0.19353802537162795 0.16565254932152765 0.18853488649185143 0.13786114551582804 0.1663438324973935 0.25013793885427177 0.1935141281610229 0.22113654352556555 0.24993035772899433 0.4159288050334858 0.4614224214495493 0.46233690045506515 0.4245593431169554 0.3535664379815718 0.5387146255172803 0.4698386222803333 0.3044571236035513 0.3045951238281031 0.3056773201111162 0.3605217118496451 0.3865430477998369 0.19343768515225707 0.13825097376349546 0.08310301232998321 0.13770994978267362 0.27620610553696384 0.13806893164751904 0.05501183360682582 0.027533353913546083 0.0 0.08286328019382265 0.13783379168830326 0.13839740840239112 0.13867128494966643 0.02788515268032337 0.0 0.027620172836524518 0.0 0.027456525948647077 0.2204181641755767 0.4154546864554744 0.24840966342063597 0.05511747657886034 0.1107678659811428 0.08289897653815514 0.05558960973336097 0.05556311430718378 0.19330066107103455 0.39555457557600304 0.13832035801945364 0.027677960562452152 0.0 0.0 0.0 0.02544350292067109 0.17897132922220413 0.15475032834144317 0.0
0.20277359338109743 0.21320179463366293 0.3468436249403185 0.2445809041277674 0.3029453455771463 0.3037877479191864 0.43518903476519294 0.16627543935652722 0.24809777798327753 0.27531649064672403 0.2999485582233754 0.19408954826055264 0.16677061508052143 0.2205358897182965 0.13913865551392904 0.16582213925844103 0.24918878881183745 0.2204206155748718 0.02761097257478221 0.4437405824405943 0.49822180950231415 0.6145827341442647 0.5524849254328393 0.7150391145160234 0.4701150001664683 0.8607731554482786 0.5761451573968748 0.41585836685134264 0.47196052815486544 0.4162643244683593 0.4163278787421416 0.3045991763735754 0.13873244768580076 0.11098582126595986 0.05508623102939751 0.027610973665950115 0.027543115514698756 0.055357350064704006 0.05545482278559761 0.08317210695880932 0.027881842793208215 0.08330723852693915 0.05556073810330969 0.13749679523238564 0.19367960697537004 0.05502689317443066 0.055506158787229996 0.16621074029462002 0.08287516012628922 0.05549281645920821 0.24689174603242697 0.16566527737946213 0.1665076517116825 0.0552065951409712 0.16586572407069372 0.21841778419323635 0.11127208848395899 0.054623307826725434 0.21458155156621217 0.32051267790951476 0.24711851984935398 0.05152590982754364 0.0 0.0 0.0 0.0 0.02774650214258693 0.11105330348363757 0.027543115514698756
