critload/trunk/output/2010/fara.asc
ncols 720
nrows 360
xllcorner -180
yllcorner -90
cellsize 0.5
NODATA_value -1
[rows 128 to 159 of 360, columns 426 to 496 of 720]
0.0 0.0 0.0 0.0 -1.0 -1.0 -1.0 0.0 0.0 0.0 0.03965744084172117 0.0 0.0 0.0 0.0 0.0 0.0 0.0 0.0 0.0008889197796383785 0.0 0.06117990187667811 0.09792509636464573 0.06085963639860446 0.04486300084037542 0.0 0.0 0.0 0.0 0.0 0.0 0.001933719327465833 0.004149720437989738 0.0 0.0 0.0006742489437010451 0.012054038448674394 0.0 -1.0 -1.0 -1.0 -1.0 -1.0 -1.0 -1.0 0.019261428983085086 0.0057063723016475805 -1.0 0.0 0.0 0.0 0.0 0.0 0.0 0.0 0.03530614240692543 0.10245477281683306 0.0 0.0003551194609534893 0.0 0.0015966337947653038 0.0 0.0 0.0 0.0 0.0 0.003686818131405692 0.0031810555466892116 0.0 0.0 0.261387519777154
0.0 0.0 0.0 0.0 -1.0 -1.0 -1.0 -1.0 0.0 0.0 0.0017032178964345337 0.0 0.0 0.0 0.0 0.0 0.0 0.0 0.0 0.0 0.0 0.0023803272297878474 0.10020368014382806 0.0999350333630346 0.03986281132418101 0.0018857153565742313 0.0 0.0016915364821441282 0.007346649277897101 0.0 0.0 0.0 0.0 0.0 0.0 0.0 2.1732865378342673e-05 0.0013170721682931794 -1.0 -1.0 -1.0 -1.0 -1.0 -1.0 0.0008211884956662074 0.019211641216418923 0.008492976408293473 -1.0 -1.0 -1.0 -1.0 0.0 0.0 0.0 0.0006872766478832843 0.02574967396690152 0.03285190261381722 0.0 0.0 0.0 0.0 0.0 0.0 0.0 0.0 0.0 0.0 0.009012367078516954 0.017068861885949325 0.0 0.2986884862317621
0.027367047954317218 0.0 0.0 0.0 0.0 -1.0 -1.0 -1.0 0.0 0.0 0.0017116464916062657 0.0050934396654275516 0.0025592075552410506 0.004162660194784912 0.0 0.0 0.0 0.0 0.0 0.0 0.0 0.0 0.02428774877500891 0.20877617381399477 0.021342878515613582 0.03359248783960725 0.012942239215155749 0.003570653151958209 0.0009081074604706738 0.0 0.0 0.0 0.0016816358098130917 0.0 0.0 0.0 0.0 0.0 -1.0 -1.0 -1.0 -1.0 -1.0 0.0 0.0 0.000122173471597238 0.028754182672126326 0.0 -1.0 -1.0 -1.0 -1.0 -1.0 -1.0 -1.0 -1.0 -1.0 -1.0 -1.0 -1.0 -1.0 -1.0 -1.0 -1.0 -1.0 -1.0 -1.0 0.0003678056285263381 0.007185557186748498 0.10261973537724238 0.40235717203636645
0.027276479247031752 0.0 0.0 0.0 0.0 0.0 -1.0 -1.0 0.0 0.0 0.0 0.0 0.0 0.0 0.0 0.0 0.0 0.0 0.0 0.0 0.0 0.0 0.0 0.0 0.00863269000446199 0.04061559853982759 0.058132988606742264 0.009256527201283147 0.06831912977988991 0.04713925669404781 0.0 0.0037037617947550416 0.0047076065436673035 0.0 0.0 0.0 0.0 0.006201975915553493 0.0 0.019138455340300488 0.01990471088410689 0.0 0.0 0.0010468632650133078 0.030371929475881892 0.038842922608295236 0.0001462045785218077 0.02587981918008991 0.0 -1.0 -1.0 -1.0 -1.0 -1.0 -1.0 -1.0 -1.0 -1.0 -1.0 -1.0 -1.0 -1.0 -1.0 -1.0 -1.0 -1.0 -1.0 -1.0 0.0 0.07543265895496294 0.06461675106044924
0.0 0.0 0.0 0.0 0.0 0.0 -1.0 -1.0 -1.0 -1.0 0.0 0.0008494290803616134 0.0 0.0 0.0 0.0 0.0 0.0 0.0 0.0 0.0 0.0 0.0 0.0 0.005530798197077681 0.03304417020258478 0.004468944207643534 0.01171886623531342 0.04700839320763842 0.0 0.0 0.0002792457010552022 0.030359146019217614 0.0 0.0 0.0 0.0 0.0 0.0 0.0 0.0 0.008842831267987595 0.0 0.0 0.0 0.002658322436941887 0.001208810432757649 0.0 0.013708675807250456 0.02828381938149212 0.0022991518098470507 0.0 -1.0 -1.0 -1.0 -1.0 -1.0 -1.0 -1.0 -1.0 -1.0 -1.0 -1.0 -1.0 -1.0 -1.0 -1.0 -1.0 0.0 0.0 0.0
0.0 0.0 0.0 0.0 0.0 0.0 -1.0 -1.0 -1.0 -1.0 -1.0 0.0 0.0038628518320560543 0.003313437548425927 0.0 0.0 0.0 0.0 0.0 0.0 0.0 0.0 0.0 0.0 0.0 0.004688389493065666 0.016785576762190235 0.06734794076305431 0.015607725709076266 0.0 0.0 0.0 0.008583988796722506 0.0 0.0 0.0 0.0 0.0 0.0 0.0 0.0 0.02211621747306606 0.0 0.0 0.0003452597505103827 0.0 0.0 0.0009403987487747012 0.0026640545780150355 0.0011089684550697919 0.0004077215051360747 0.0027339804153587253 0.0 -1.0 -1.0 -1.0 -1.0 -1.0 -1.0 -1.0 -1.0 -1.0 -1.0 -1.0 -1.0 -1.0 -1.0 -1.0 -1.0 -1.0 0.0
0.0 0.0 0.0 0.0 0.0 0.0 0.0 -1.0 -1.0 -1.0 -1.0 0.0033001159453890944 0.00556629661339454 0.0 0.0 0.002495504566827084 0.0 0.0 0.0 0.0 0.0 0.0 0.0 0.0 0.0 0.0 0.0 0.04373652145074422 0.0 0.0 0.0 0.0 0.0 0.0 0.0 0.0 0.0 0.0 0.0 0.0 0.003652668365777332 0.0 0.011058809536263007 0.0 0.0 0.0 0.0 0.0 0.00264706400848567 0.002443146274484638 0.00038944322589715364 2.4009700015113563e-05 0.00020900821858295987 0.0 -1.0 -1.0 -1.0 -1.0 -1.0 -1.0 -1.0 -1.0 -1.0 -1.0 -1.0 -1.0 -1.0 -1.0 -1.0 -1.0 -1.0
0.0 0.0 0.0 0.0 0.0 0.0 0.0 0.0 -1.0 -1.0 -1.0 -1.0 0.019286577314103628 0.0 0.004967888904390226 0.0008266019278253116 0.0 0.0 0.0005600161931902586 0.0 0.0 0.0 0.0 0.0 0.0 0.0 0.018759930919752872 0.23631894010712606 0.00040306279794412867 0.0 0.0 0.0 0.0 0.0 0.0 0.0 0.0 0.0 0.0 0.0 0.0 0.0 0.0 0.0 0.0 0.0 0.0 0.0 0.0 0.0 0.0003662167643675466 0.0017181119840775502 0.0047495377489258726 0.0 -1.0 -1.0 -1.0 -1.0 -1.0 -1.0 -1.0 -1.0 -1.0 -1.0 -1.0 -1.0 -1.0 -1.0 -1.0 -1.0 -1.0
0.0 0.0 0.0 0.0 0.0 0.0 0.0 0.0 -1.0 -1.0 -1.0 0.0 0.014052295183024845 0.018477089040087963 0.0008395210296613884 0.0024852780765511695 0.0 0.005243359952080512 0.0011021260409441445 0.0 0.0 0.0 0.0 0.0 0.0 0.0 0.052888270467076746 0.03160014047664156 0.0 0.0 0.0 0.0 0.0 0.0 0.0 0.0 0.0 0.0 0.0 0.0 0.0 0.0 0.0 0.0 0.0 0.0 0.0 0.0 0.0 0.0 0.0 0.0 0.0 0.0 -1.0 -1.0 -1.0 -1.0 -1.0 -1.0 -1.0 -1.0 -1.0 -1.0 -1.0 -1.0 -1.0 -1.0 -1.0 -1.0 -1.0
0.0 0.0 0.0 0.0 0.0 0.0 0.0 0.0 0.0 -1.0 -1.0 -1.0 0.0022023456570717153 0.0024792283806570397 0.011568725211533548 0.013219008379193778 0.0 0.006615450073822373 0.0 0.007998911490833866 0.0 0.0 0.0 0.0 0.0 0.0035828307771933287 0.05801913005647326 0.0 0.0 0.0 0.0 0.0 0.0 0.0 0.0 0.0 0.0 0.0 0.0 0.0 0.0 0.0 0.0 0.0 0.0 0.0 0.0 0.0 0.0 0.0 0.0 0.0 0.0 -1.0 -1.0 -1.0 -1.0 -1.0 -1.0 -1.0 -1.0 -1.0 -1.0 -1.0 -1.0 -1.0 -1.0 -1.0 -1.0 -1.0 -1.0
0.0 0.0 0.0 0.0 0.0 0.0 0.0 0.0 0.0 -1.0 -1.0 -1.0 0.0 0.005835508668808923 0.00727154852062796 0.0 0.0077426613904876315 0.0 0.002519392745221276 0.0 0.0 0.0 0.0 0.0414164946276568 0.09382761728798057 0.03649558592907279 0.0 0.0 0.0 0.0 0.0 0.0 0.0 0.0 0.0 0.0 0.0 0.0 0.0 0.0 0.0 0.0 0.0 0.0 0.0 0.0 0.0 0.0 0.0 0.0 0.0 0.0 -1.0 -1.0 -1.0 -1.0 -1.0 -1.0 -1.0 -1.0 -1.0 -1.0 -1.0 -1.0 -1.0 -1.0 -1.0 -1.0 -1.0 -1.0 -1.0
0.0 0.0 0.0 0.0 0.0 0.0 0.0 0.0 0.0 -1.0 -1.0 -1.0 -1.0 0.0 0.01106490399696219 0.01374825888027896 0.001508483732506856 0.003533464177655138 0.02366626559681802 0.032896304009860926 0.0 0.0 0.0050983308775979065 0.20916371825428856 0.12634886752782015 0.06108125288488728 0.0 0.0 0.0 0.0 0.0 0.0 0.0 0.0 0.0 0.0 0.0 0.0 0.0 0.0 0.0 0.0 0.0 0.0 0.0 0.0 0.0 0.0 0.0 0.0 0.0 0.0 -1.0 -1.0 -1.0 -1.0 -1.0 -1.0 -1.0 -1.0 -1.0 -1.0 -1.0 -1.0 -1.0 -1.0 -1.0 -1.0 -1.0 -1.0 -1.0
0.0019327292691800927 0.0 0.0 0.0 0.0 0.0 0.0 0.0 0.0 -1.0 -1.0 -1.0 -1.0 -1.0 -1.0 0.061577665787364164 0.0 0.012446042915679334 0.005704588245280332 0.0 0.0 0.0 0.0 0.003021211433606914 0.020561081754751395 0.0 0.0 0.0 0.0 0.0 0.0 0.0 0.0 0.0 0.0 0.0 0.0 0.0 0.0 0.0 0.0 0.0 0.0 0.0 0.0 0.0 0.0 0.0 0.0 0.0 -1.0 -1.0 -1.0 -1.0 -1.0 -1.0 -1.0 -1.0 -1.0 -1.0 -1.0 -1.0 -1.0 -1.0 -1.0 -1.0 -1.0 -1.0 -1.0 -1.0 -1.0
0.0030835649287431024 0.000289559693710076 0.0 0.0 0.0 0.0 0.0 0.0 0.0 -1.0 -1.0 -1.0 -1.0 -1.0 -1.0 0.0 0.05544493823697446 0.021640533505723498 0.0 0.0002846794554223052 0.0008605775973917532 0.0 0.0 0.0 0.0 0.0 0.0 0.0 0.0 0.0 0.0 0.0 0.0 0.0 0.0 0.0 0.0 0.0 0.0 0.0 0.0 0.0 0.0 0.0 0.0 0.0 0.0 0.0 0.0 0.0 -1.0 -1.0 -1.0 -1.0 -1.0 -1.0 -1.0 -1.0 -1.0 -1.0 -1.0 -1.0 -1.0 -1.0 -1.0 -1.0 -1.0 -1.0 -1.0 -1.0 -1.0
0.0 0.0008712833464986656 0.0 0.0 0.0 0.0 0.0 0.0 0.0 0.028680959251604625 -1.0 -1.0 -1.0 -1.0 -1.0 -1.0 0.11391025188697484 0.009046816758953663 0.0 0.0 0.0 0.0 0.0 0.0 0.0 0.0 0.0 0.0 0.0 0.0 0.0 0.0 0.0 0.0 0.0 0.0 0.0 0.0 0.0 0.0 0.0 0.0 0.0 0.0 0.0 0.0 0.0 0.0 0.0 0.0 -1.0 -1.0 -1.0 -1.0 -1.0 -1.0 -1.0 -1.0 -1.0 -1.0 -1.0 -1.0 -1.0 -1.0 -1.0 -1.0 -1.0 -1.0 -1.0 -1.0 -1.0
0.0 0.012634956255564263 0.0 0.0 0.0 0.0 0.0 0.0 0.0 0.09635300585893693 0.0 0.0 -1.0 -1.0 -1.0 -1.0 0.0009983338396633034 0.0008479398848556443 0.0 0.01152320165588059 0.0 0.0 0.0 0.0 0.0 0.0 0.0 0.0 0.0 0.0 0.0 0.0 0.0 0.0 0.0 0.0 0.0 0.0 0.0 0.0 0.0 0.0 0.0 0.0 0.0 0.0 0.0 0.0 -1.0 -1.0 -1.0 -1.0 -1.0 -1.0 -1.0 -1.0 -1.0 -1.0 -1.0 -1.0 -1.0 -1.0 -1.0 -1.0 -1.0 -1.0 -1.0 -1.0 -1.0 -1.0 -1.0
0.0 0.028797366413257117 0.0031779656560908297 0.0 0.0 0.0 0.0 0.0 0.0036383991852108858 0.0022989889718773434 0.0 0.0 -1.0 -1.0 -1.0 -1.0 -1.0 0.0025400303341190714 0.09273437926020163 0.014987518641884615 0.0 0.0 0.004849476798753804 0.0021359453275251847 0.0 0.0 0.0 0.0 0.0 0.0 0.0 0.0 0.0 0.0 0.0 0.0 0.0 0.0 0.0 0.0 0.0 0.0 0.0 0.0 0.0 0.0 0.0 -1.0 -1.0 -1.0 -1.0 -1.0 -1.0 -1.0 -1.0 -1.0 -1.0 -1.0 -1.0 -1.0 -1.0 -1.0 -1.0 -1.0 -1.0 -1.0 -1.0 -1.0 -1.0 -1.0 -1.0
0.0 0.033713879331208015 0.0006162499600825223 0.005756989929452896 0.0 0.0 0.0 0.0 0.0 0.0 0.0 0.0 -1.0 -1.0 -1.0 -1.0 -1.0 -1.0 0.02653346845456775 0.36462862868208695 0.023402538090776755 0.024600569625403704 0.007385739801536564 0.0 0.0002557734792949635 0.0 0.0 0.0 0.0 0.0 0.0 0.0 0.0 0.0 0.0 0.0 0.0 0.0 0.0 0.0 0.0 0.0 0.005040275384811539 0.0 0.0 -1.0 -1.0 -1.0 -1.0 -1.0 -1.0 -1.0 -1.0 -1.0 -1.0 -1.0 -1.0 -1.0 -1.0 -1.0 -1.0 -1.0 -1.0 -1.0 -1.0 -1.0 -1.0 -1.0 -1.0 -1.0 -1.0
0.023431726839295015 0.02703625398161817 0.0 0.0 0.0 0.0 0.0 0.0 0.0 0.0 0.000400634575915369 0.0 0.0 -1.0 -1.0 -1.0 -1.0 0.0 0.0 0.38691435262947727 0.13063429749198116 0.035255448618325906 0.005323576593761212 0.005298582213914239 0.0001151844485023409 0.0 0.0 0.0 0.0 0.0 0.0 0.0 0.0 0.0 0.0 0.0 0.0 0.0 0.0 0.0 0.0 0.00021827181191308396 -1.0 -1.0 -1.0 -1.0 -1.0 -1.0 -1.0 -1.0 -1.0 -1.0 -1.0 -1.0 -1.0 -1.0 -1.0 -1.0 -1.0 -1.0 -1.0 -1.0 -1.0 -1.0 -1.0 -1.0 -1.0 -1.0 -1.0 -1.0 -1.0
0.0 0.0 0.0 0.0 0.0 0.0 0.2771768089944547 0.0 0.0 0.0 0.0014572004662515986 0.004449463512740623 0.005124018952879421 -1.0 0.0 -1.0 -1.0 -1.0 -1.0 0.02134191497084873 0.05958918426488448 0.03907296160769412 0.06814221848105713 0.1159652141209741 0.0 0.0 0.0 0.0 0.0 0.0 0.0 0.0011358032333496308 0.003617344827535267 0.0 0.0 0.0 0.0 0.0 0.0 0.0 -1.0 -1.0 -1.0 -1.0 -1.0 -1.0 -1.0 -1.0 -1.0 -1.0 -1.0 -1.0 -1.0 -1.0 -1.0 -1.0 -1.0 -1.0 -1.0 -1.0 -1.0 -1.0 -1.0 -1.0 -1.0 -1.0 -1.0 -1.0 -1.0 -1.0 -1.0
0.0 0.0 0.0 0.0 0.23007598046127328 0.10550712834910564 0.15944818324393922 0.004717025147129218 0.0006146956006288439 0.004726504930885317 0.0034906700864456167 0.003774515454763331 0.015462924564894167 -1.0 0.0 -1.0 -1.0 -1.0 -1.0 0.01854495076236826 0.09016286463935193 0.11544425962505542 0.12698749618503063 0.007467150230679068 0.02717270564411255 0.005394626613480564 0.0 0.0 0.0 0.00017659676145763737 0.004896582234042497 0.011675954032502543 0.0016075056399468047 0.0 0.0 0.0 0.0 0.0 0.0 -1.0 -1.0 -1.0 -1.0 -1.0 -1.0 -1.0 -1.0 -1.0 -1.0 -1.0 -1.0 -1.0 -1.0 -1.0 -1.0 -1.0 -1.0 -1.0 -1.0 -1.0 -1.0 -1.0 -1.0 -1.0 -1.0 -1.0 -1.0 -1.0 -1.0 -1.0 -1.0
0.16810603067793503 0.0 0.2763008850815787 0.19343577486508182 0.18778691280412482 0.36059143347254924 0.008744518701991196 0.03453499844668138 0.014022577576256847 0.005940557548102516 0.0013340007026891756 0.04717709391465429 0.005488172698914552 0.008082230346588693 0.0 -1.0 -1.0 -1.0 -1.0 0.004844323645567934 0.10561330145363544 0.032229239004303745 0.2711787996977133 0.0059347986160672534 0.029539014002608752 0.0025470213146905002 0.0 0.0 0.0 0.0014788881322811275 0.00028364142351447106 0.00023735320665432344 0.0003311334202305382 0.0 0.000188847326886435 0.0 0.0 0.00032085438189727674 -1.0 -1.0 -1.0 -1.0 -1.0 -1.0 -1.0 -1.0 -1.0 -1.0 -1.0 -1.0 -1.0 -1.0 -1.0 -1.0 -1.0 -1.0 -1.0 -1.0 -1.0 -1.0 -1.0 -1.0 -1.0 -1.0 -1.0 -1.0 -1.0 -1.0 -1.0 -1.0 -1.0
0.7010151930644465 0.06662677444918054 0.09975711332237498 0.11820107425939978 0.1895583847168986 0.0 0.12617826031092574 0.06501094764186138 0.034657407154325304 0.218855157859558 0.15459285233116127 0.09194360665726171 0.05687527903508012 0.0 0.002718415388100655 0.0 0.0 -1.0 -1.0 0.0 0.12851461362922523 0.01461534355256592 0.30947379681298426 0.021245570020268317 0.001984487600314436 0.006343433096643577 0.0012031305256489846 0.0 0.0 2.0694236271497316e-06 0.0 2.258478562451497e-05 0.002223665765175069 0.0 0.000138458441732999 -1.0 -1.0 -1.0 -1.0 -1.0 -1.0 -1.0 -1.0 -1.0 -1.0 -1.0 -1.0 -1.0 -1.0 -1.0 -1.0 -1.0 -1.0 -1.0 -1.0 -1.0 -1.0 -1.0 -1.0 -1.0 -1.0 -1.0 -1.0 -1.0 -1.0 -1.0 -1.0 -1.0 -1.0 -1.0 -1.0
0.6921453382125707 0.4802276761762797 0.2753936286926839 0.23892870170404046 0.4490210943989643 0.274738634728413 0.20196784763512496 0.1022214215066899 0.10261952871655834 0.2862082105085956 0.19916546914719413 0.26796612472797127 0.1893450687749924 0.01295190946359179 6.577924565101408e-05 0.0 0.0 0.0 -1.0 0.0 0.12311729355589282 0.029045492252472372 0.3947608457583215 0.13243451133569245 0.007275138875822133 0.008201871846984933 0.0008341064400469288 0.0002653480376545082 0.0 0.0 0.001482474854320664 0.0 -1.0 -1.0 -1.0 -1.0 -1.0 -1.0 -1.0 -1.0 -1.0 -1.0 -1.0 -1.0 -1.0 -1.0 -1.0 -1.0 -1.0 -1.0 -1.0 -1.0 -1.0 -1.0 -1.0 -1.0 -1.0 -1.0 -1.0 -1.0 -1.0 -1.0 -1.0 -1.0 -1.0 -1.0 -1.0 -1.0 -1.0 -1.0 -1.0
0.24429830773478237 0.48345742229133687 0.2799473023081449 0.3238857373143078 0.38502066575369576 0.6251816700763893 0.4253134475896748 0.06240174505739088 0.011233734899422315 0.10741227489404123 0.11363745207330364 0.3061223385284282 0.20802125274773217 0.08013278752843102 0.0 0.0 0.0 0.0 0.0 0.0 0.025367979604449673 0.020458944156614332 0.05706027780505328 0.029081065236029303 0.008940136319647332 0.0040498782379104195 0.0009725887501848252 0.002392148655346597 0.0 0.0002152703426144076 -1.0 -1.0 -1.0 -1.0 -1.0 -1.0 -1.0 -1.0 -1.0 -1.0 -1.0 -1.0 -1.0 -1.0 -1.0 -1.0 -1.0 -1.0 -1.0 -1.0 -1.0 -1.0 -1.0 -1.0 -1.0 -1.0 -1.0 -1.0 -1.0 -1.0 -1.0 -1.0 -1.0 -1.0 -1.0 -1.0 -1.0 -1.0 -1.0 -1.0 -1.0
0.390458597231598 0.44833656542059835 0.491765007320705 0.6166182488809344 0.4566619283764259 0.6520107643451414 0.3706790999577367 0.0010841736787230534 0.00520602761748556 0.05111815166279255 0.02626546022763101 0.047286252619499675 0.13061776826820717 0.06743077212982573 0.0 0.0 0.0 0.0 0.0 0.0 0.011084845734916277 0.0 0.007436872206874006 0.020600295465626445 0.035245283466279476 1.8369455907944023e-05 0.0 0.004463152476847591 -1.0 -1.0 -1.0 -1.0 -1.0 -1.0 -1.0 -1.0 -1.0 -1.0 -1.0 -1.0 -1.0 -1.0 -1.0 -1.0 -1.0 -1.0 -1.0 -1.0 -1.0 -1.0 -1.0 -1.0 -1.0 -1.0 -1.0 -1.0 -1.0 -1.0 -1.0 -1.0 -1.0 -1.0 -1.0 -1.0 -1.0 -1.0 -1.0 -1.0 -1.0 -1.0 -1.0
0.2550636860275896 0.41252278848025725 0.6751080707539571 0.2966713395004879 0.12463713992459118 0.13247122094197275 0.1392029160764768 0.0 0.146491818352873 0.16186787429935026 0.09835147095247308 0.02019176858411915 0.045503398437096686 0.11109329647317709 0.0 0.0 0.0 0.0 0.0 0.0 0.0 0.0 0.0009186132304536281 0.00403212251885035 0.0 -1.0 -1.0 -1.0 -1.0 -1.0 -1.0 -1.0 -1.0 -1.0 -1.0 -1.0 -1.0 -1.0 -1.0 -1.0 0.0 0.0 0.0 -1.0 -1.0 -1.0 -1.0 -1.0 -1.0 -1.0 -1.0 -1.0 -1.0 -1.0 -1.0 -1.0 -1.0 -1.0 -1.0 -1.0 -1.0 -1.0 -1.0 -1.0 -1.0 -1.0 -1.0 -1.0 -1.0 -1.0 -1.0
0.3165858737521338 0.35460064142466086 0.5057291476041431 0.19104328193761183 0.0 0.0 0.028985957734126145 0.13680845404430178 0.45148937106993003 0.3882628746296566 0.07679536233914924 0.03738801307500272 0.04345286826776771 0.1052863549719428 0.0 0.0 0.0 0.0 0.0004679654017497773 0.0 5.47855724329206e-05 -1.0 -1.0 -1.0 -1.0 -1.0 -1.0 -1.0 -1.0 -1.0 -1.0 -1.0 -1.0 -1.0 -1.0 -1.0 -1.0 -1.0 -1.0 -1.0 0.0 0.0 0.0 -1.0 -1.0 -1.0 -1.0 -1.0 -1.0 -1.0 -1.0 -1.0 -1.0 -1.0 -1.0 -1.0 -1.0 -1.0 -1.0 -1.0 -1.0 -1.0 -1.0 -1.0 -1.0 -1.0 -1.0 -1.0 -1.0 -1.0 -1.0
0.34922742196069273 0.9084298733961798 0.718324690879528 0.41687682248847335 0.0037427093645375975 0.0 0.0028773236778496043 0.2099430250407733 0.41827704164783835 0.6437749929907524 0.14158593274684048 0.04982271922376706 0.1479984037639345 0.101682169548329 0.0 0.0 0.01569775347211709 0.008256651485007267 0.00035679377965769924 0.0 0.0 -1.0 -1.0 -1.0 -1.0 -1.0 -1.0 -1.0 -1.0 -1.0 -1.0 -1.0 -1.0 -1.0 0.0 0.0 0.0 -1.0 -1.0 -1.0 -1.0 -1.0 -1.0 -1.0 -1.0 -1.0 -1.0 -1.0 -1.0 -1.0 -1.0 -1.0 -1.0 -1.0 -1.0 -1.0 -1.0 -1.0 -1.0 -1.0 -1.0 -1.0 -1.0 -1.0 -1.0 -1.0 -1.0 -1.0 -1.0 -1.0 -1.0
0.6346616690893203 0.43443328278625004 0.6407519329366301 0.3994738252419224 0.004723750478948211 0.020744252709979094 0.033099802121941205 0.5374001961481072 0.596253803540731 0.16699924899010887 0.06639516841877335 0.04643511456920025 0.024692281344095585 0.18201813534803396 0.00029512615426156147 0.004770185590812017 0.012246979284924292 0.0022683163270304884 0.0 0.0 0.00034067304375314645 0.0 -1.0 -1.0 -1.0 -1.0 -1.0 -1.0 0.0 0.0 0.0 0.0 0.0 0.0 0.0 0.0 0.0 -1.0 -1.0 -1.0 -1.0 -1.0 -1.0 -1.0 -1.0 -1.0 -1.0 -1.0 -1.0 -1.0 -1.0 -1.0 -1.0 -1.0 -1.0 -1.0 -1.0 -1.0 -1.0 -1.0 -1.0 -1.0 -1.0 -1.0 -1.0 -1.0 -1.0 -1.0 -1.0 -1.0 -1.0
0.49402392450512583 0.21288042914485186 0.09527894126798248 0.052530413275032675 0.0019855291189727017 0.08732624987958647 0.12548821391626608 0.4637828533101287 0.6530506183842285 0.3096231665262711 0.23440008917842894 0.10028020476668544 0.04397721859734334 0.21621199168320662 0.039804853262745334 0.0 0.0 0.00012125247538021684 0.0 0.0 0.0 0.0 0.0 -1.0 0.0 0.0 0.0 0.0 0.0 0.0 0.0 0.0 0.0 0.0 0.0 0.0 0.0 -1.0 -1.0 -1.0 -1.0 -1.0 -1.0 -1.0 -1.0 -1.0 -1.0 -1.0 -1.0 -1.0 -1.0 -1.0 -1.0 -1.0 -1.0 -1.0 -1.0 -1.0 -1.0 -1.0 -1.0 -1.0 -1.0 -1.0 -1.0 -1.0 -1.0 -1.0 -1.0 -1.0 -1.0
0.5883589585219696 0.26632532068374487 0.060817284966134665 0.07036419525598706 0.010862218617838742 0.0645883382864327 0.07165648562973588 0.10354923674801152 0.23043828490082222 0.612348100833679 0.2031268869904863 0.08882593353148878 0.09372775717485433 0.19423273557599033 0.026146946461810663 0.01331325593531697 0.0 0.0 0.0 0.01194171692418914 0.0013443058500686258 0.0 0.0 0.0 0.0 0.0 0.0 0.0 0.0 0.0 0.0 0.0 0.0 0.0 0.0 0.0 0.0 -1.0 -1.0 -1.0 -1.0 -1.0 -1.0 -1.0 -1.0 -1.0 -1.0 -1.0 -1.0 -1.0 -1.0 -1.0 -1.0 -1.0 -1.0 -1.0 -1.0 -1.0 -1.0 -1.0 -1.0 -1.0 -1.0 -1.0 -1.0 -1.0 -1.0 -1.0 -1.0 -1.0 -1.0
