critload/trunk/output/2010/fara.asc
ncols 720
nrows 360
xllcorner -180
yllcorner -90
cellsize 0.5
NODATA_value -1
[rows 160 to 191 of 360, columns 213 to 283 of 720]
0.06103747388535516 0.09721135238425309 0.15057870691205316 0.0 0.0125926828564904 0.1319273803136522 0.07598269781191 0.05385924617744932 0.13092517989900077 0.10466124334597186 0.05760918404811651 0.03688227519966309 0.14463271588332616 0.02986639205187413 0.15609312910889023 0.04228445780988018 0.030372043821722608 0.05280184751126091 0.03266400946598331 0.10924331301752192 0.09512551892995236 0.008720675711707968 0.008940535442135283 0.0019666521487900946 4.1173032448391474e-05 -1.0 -1.0 -1.0 -1.0 -1.0 -1.0 -1.0 -1.0 -1.0 -1.0 -1.0 -1.0 -1.0 -1.0 -1.0 -1.0 -1.0 -1.0 -1.0 -1.0 -1.0 -1.0 -1.0 -1.0 -1.0 -1.0 -1.0 -1.0 -1.0 -1.0 -1.0 -1.0 -1.0 -1.0 -1.0 -1.0 -1.0 -1.0 -1.0 -1.0 -1.0 -1.0 -1.0 -1.0 -1.0 -1.0
0.03006978591769937 0.05164354844693284 0.027373582660006206 0.0015626998984417564 0.01719513948467742 0.0949596494706716 0.1693053364423169 0.13889322521991126 0.22082458649247766 0.20303467574115802 0.02130544545717117 0.13796014428932293 0.10242136030100014 0.07867508391450802 0.09533631457245328 0.0961096920986023 0.06879165813520564 0.08250968206255488 0.07013337407253635 0.08923158255255578 0.049345200059391275 0.014517878105906884 0.013274569922372862 0.014528719063223576 0.0 0.0 -1.0 -1.0 -1.0 -1.0 -1.0 -1.0 -1.0 -1.0 -1.0 -1.0 -1.0 -1.0 -1.0 -1.0 -1.0 -1.0 -1.0 -1.0 -1.0 -1.0 -1.0 -1.0 -1.0 -1.0 -1.0 -1.0 -1.0 -1.0 -1.0 -1.0 -1.0 -1.0 -1.0 -1.0 -1.0 -1.0 -1.0 -1.0 -1.0 -1.0 -1.0 -1.0 -1.0 -1.0 -1.0
0.009401148204457406 0.031404932127900693 0.0725323916795217 0.11248677567312323 0.16530896399747594 0.013400783664496516 0.08446867871070733 0.19485440561482073 0.1029128849318278 0.09477146316582465 0.03160557488515038 0.13387068492684565 0.2672846224875636 0.014570122498509941 0.057628005472959626 0.058061075982763756 0.037201102996353576 0.06893834046130283 0.08542244830746185 0.09724709435065539 0.009459085628018284 0.02972294864217965 0.04337385169315447 0.00670146219233907 0.0 0.0 0.0 -1.0 -1.0 -1.0 -1.0 -1.0 -1.0 -1.0 -1.0 -1.0 -1.0 -1.0 -1.0 -1.0 -1.0 -1.0 -1.0 -1.0 -1.0 -1.0 -1.0 -1.0 -1.0 -1.0 -1.0 -1.0 -1.0 -1.0 -1.0 -1.0 -1.0 -1.0 -1.0 -1.0 -1.0 -1.0 -1.0 -1.0 -1.0 -1.0 -1.0 -1.0 -1.0 -1.0 -1.0
0.10507469081006673 0.05128452861857284 0.158891563225831 0.031736211798779335 0.05164142470969446 0.07299395232552415 0.1263848088602425 0.06679769097038614 0.06122131841887363 0.028791697740056223 0.03861831893027218 0.040062353815247025 0.023016380678405036 0.0 0.0 0.0 0.01653530881443422 0.049419736634280904 0.04145186267102849 0.0830932487124269 0.007961711202773206 0.023643975332279275 0.029598225577087085 0.007919288515585913 0.0 0.0 0.0 0.0031457553037465367 0.0012065706930825808 -1.0 -1.0 -1.0 -1.0 -1.0 -1.0 -1.0 -1.0 -1.0 -1.0 -1.0 -1.0 -1.0 -1.0 -1.0 -1.0 -1.0 -1.0 -1.0 -1.0 -1.0 -1.0 -1.0 -1.0 -1.0 -1.0 -1.0 -1.0 -1.0 -1.0 -1.0 -1.0 -1.0 -1.0 -1.0 -1.0 -1.0 -1.0 -1.0 -1.0 -1.0 -1.0
0.060571465640812304 0.029402809390078558 0.09937683321355549 0.09814611281424859 0.07215819309705569 0.035579552573889256 0.04589689567908248 0.023834454997952552 0.09524132453240788 0.04195854328441699 0.03281937047638294 0.0751698609369854 0.08632450766556791 0.018528117389726297 0.022299325251666263 0.004552687353718682 0.0017152071017693643 0.0020160544660150054 0.009685091689983834 0.012584985590522754 0.0005530002253995479 0.0 0.08156625970193883 0.04941892353404128 0.0 0.0 0.0013094656735507424 0.0007528078162722332 0.0016622542966044207 0.0035613164121370386 -1.0 -1.0 -1.0 -1.0 -1.0 -1.0 -1.0 -1.0 -1.0 -1.0 -1.0 -1.0 -1.0 -1.0 -1.0 -1.0 -1.0 -1.0 -1.0 -1.0 -1.0 -1.0 -1.0 -1.0 -1.0 -1.0 -1.0 -1.0 -1.0 -1.0 -1.0 -1.0 -1.0 -1.0 -1.0 -1.0 -1.0 -1.0 -1.0 -1.0 -1.0
0.0967054617637848 0.0009713809659176204 0.004199180647530112 0.07079274171790642 0.05302135597059963 0.022543397258589788 0.02829081528346675 0.039732997359565 0.023812317077332366 0.03489928515442885 0.027085189993724137 0.030885463155615998 0.007710011928076055 0.000886801604295188 0.00338691177580136 0.0062545268203560754 0.002698234097282579 0.0 0.0 0.0166370162721509 0.0049548582834930315 0.020277091862969176 0.04143082874314647 0.056466551415141494 0.014772426563223248 0.0 0.0 0.0 0.0022322204831580704 0.04708781139895965 -1.0 -1.0 -1.0 -1.0 -1.0 -1.0 -1.0 -1.0 -1.0 -1.0 -1.0 -1.0 -1.0 -1.0 -1.0 -1.0 -1.0 -1.0 -1.0 -1.0 -1.0 -1.0 -1.0 -1.0 -1.0 -1.0 -1.0 -1.0 -1.0 -1.0 -1.0 -1.0 -1.0 -1.0 -1.0 -1.0 -1.0 -1.0 -1.0 -1.0 -1.0
0.15100779099310516 0.01251180287877104 0.0035719571488806775 0.14592964135687042 0.03927809261516214 0.018975226960825046 0.005284997370585923 8.084716808578349e-05 0.0 0.0 4.654219005268073e-05 0.0 0.0003429821825036705 0.0 0.0 0.0021475724342612606 0.0 0.0 0.0 0.0013754357172938113 0.031762345836985416 0.0 0.0 0.0 0.0 0.0 0.0 0.0 0.0 1.572673673601409e-05 0.17093983603604454 0.08385082102188575 -1.0 -1.0 -1.0 -1.0 -1.0 -1.0 -1.0 -1.0 -1.0 -1.0 -1.0 -1.0 -1.0 -1.0 -1.0 -1.0 -1.0 -1.0 -1.0 -1.0 -1.0 -1.0 -1.0 -1.0 -1.0 -1.0 -1.0 -1.0 -1.0 -1.0 -1.0 -1.0 -1.0 -1.0 -1.0 -1.0 -1.0 -1.0 -1.0
0.08088100663300542 0.013156423311350557 0.006254178390906293 0.04265925017264415 0.008895669250908546 0.0009243266252329805 0.0 0.0 0.0 0.0 0.000508082623117897 0.0004470679868146808 0.0004147132261886906 0.0 0.0 0.0 0.0 0.0 0.0 0.0 0.0008476554305491207 0.0 0.0 0.0 0.0 0.0 0.0 0.0 0.0 0.0024230162983724683 0.050012712620308715 0.11208877403006727 0.1498681663488652 -1.0 -1.0 -1.0 -1.0 -1.0 -1.0 -1.0 -1.0 -1.0 -1.0 -1.0 -1.0 -1.0 -1.0 -1.0 -1.0 -1.0 -1.0 -1.0 -1.0 -1.0 -1.0 -1.0 -1.0 -1.0 -1.0 -1.0 -1.0 -1.0 -1.0 -1.0 -1.0 -1.0 -1.0 -1.0 -1.0 -1.0 -1.0
0.07904586042001838 0.02270256355223743 0.07769311905664227 0.037052747077419596 0.010273897712655503 4.468802043688277e-05 5.161855410874147e-05 0.0 0.0 0.0 0.0 0.00039426605934332767 0.0006491225465373508 0.0 0.0 0.0033577494206789497 0.0 0.0 0.0 0.0 0.0 0.0 0.0 0.0 0.0023087558622799154 0.0 0.0 0.0 0.0 0.0007828486740036697 0.014794118965685084 0.023790810678058924 0.052224696925081526 0.0010672365652640652 0.00013532690468143256 7.662076330408611e-05 0.03240777215590977 0.0011738752702831901 1.0982270133662379e-07 0.0 -1.0 -1.0 -1.0 -1.0 -1.0 -1.0 -1.0 -1.0 -1.0 -1.0 -1.0 -1.0 -1.0 -1.0 -1.0 -1.0 -1.0 -1.0 -1.0 -1.0 -1.0 -1.0 -1.0 -1.0 -1.0 -1.0 -1.0 -1.0 -1.0 -1.0 -1.0
0.0642357311939647 0.1161400357411785 0.11123362432027839 0.021346393194904736 0.0008348688730359301 0.0 0.0 0.0 0.0 0.0 0.0 0.003313324963683705 0.0 0.0 0.0 0.0 0.0 0.0 0.0 0.0 0.0 0.0 0.0 0.0 0.0 0.008824831418574791 0.006683111704670669 0.0 0.0 0.0 0.006761568019597223 0.0 0.0 0.0 0.0 0.0 0.00043661884034737496 0.0 0.0 0.0 0.0 0.003139062459924908 -1.0 -1.0 -1.0 -1.0 -1.0 -1.0 -1.0 -1.0 -1.0 -1.0 -1.0 -1.0 -1.0 -1.0 -1.0 -1.0 -1.0 -1.0 -1.0 -1.0 -1.0 -1.0 -1.0 -1.0 -1.0 -1.0 -1.0 -1.0 -1.0
0.20238353446498122 0.07211608702936718 0.026106779750928403 0.0 0.003866090440178706 0.0 0.0 0.0 0.0 0.0 0.0 0.0 0.0 0.0 0.0 0.0 0.0 0.0 0.0 0.0 0.0 0.0 0.0 0.0009134129806917195 0.008071532074571735 0.011906273758482744 0.03782751929031263 0.014362197957687499 0.0 0.0 0.0 0.0 0.0 0.0 0.0 0.0 0.0 0.0 0.0 0.0 0.0 0.0 0.03879642503704675 -1.0 -1.0 -1.0 -1.0 -1.0 -1.0 -1.0 -1.0 -1.0 -1.0 -1.0 -1.0 -1.0 -1.0 -1.0 -1.0 -1.0 -1.0 -1.0 -1.0 -1.0 -1.0 -1.0 -1.0 -1.0 -1.0 -1.0 -1.0
0.28996330299387574 0.14515761655708387 0.04562326337829309 0.0010346033126589086 0.0 0.0 0.0 0.0006042430268269871 0.0 0.0 0.0 0.0 0.0 0.0 0.0 0.0 0.0 0.0 0.0 0.0 0.0 0.0 0.0 0.0 0.14105390514818048 0.015049004886782087 0.057309700694814225 0.04093381181483956 0.0 0.0 0.0 0.0 0.0 0.0 0.0 0.0 0.0 0.0 0.0 0.0 0.0 0.0 0.0 0.0 0.006050493639792561 -1.0 -1.0 -1.0 -1.0 -1.0 -1.0 -1.0 -1.0 -1.0 -1.0 -1.0 -1.0 -1.0 -1.0 -1.0 -1.0 -1.0 -1.0 -1.0 -1.0 -1.0 -1.0 -1.0 -1.0 -1.0 -1.0
0.17663155592057986 0.0051723916527837395 0.007062558628731536 0.0 0.0 0.0 0.0 0.0 0.0 0.0 0.0 0.0 0.0 0.0 0.0 0.0 0.0 0.0 0.0 0.0 0.0 0.0 0.0 0.0160025049214322 0.077039676887275 0.023595310416296634 0.03766857771328031 0.06934587946433271 0.04950696069953632 0.0 0.0 0.0 0.0 0.0 0.0 0.0 0.0 0.0 0.0 0.0 0.0 0.0 0.0 0.0 0.0008141368515460438 -1.0 -1.0 -1.0 -1.0 -1.0 -1.0 -1.0 -1.0 -1.0 -1.0 -1.0 -1.0 -1.0 -1.0 -1.0 -1.0 -1.0 -1.0 -1.0 -1.0 -1.0 -1.0 -1.0 -1.0 -1.0 -1.0
0.03233923617647782 0.0 0.0 0.0 0.0 0.0 0.0 0.0 0.0 0.0 0.0 0.0 0.0 0.0 0.0 0.0 0.0 0.0 0.0 0.0 0.0 0.0 0.0 0.0 0.10930753482329233 0.04408839218933383 0.1764855862597809 0.10407489754726895 0.0 0.0 0.0 0.0 0.0 0.0 0.0 0.0 0.0 0.0 0.0 0.0 0.0 0.0 0.0 0.0 0.0 -1.0 -1.0 -1.0 -1.0 -1.0 -1.0 -1.0 -1.0 -1.0 -1.0 -1.0 -1.0 -1.0 -1.0 -1.0 -1.0 -1.0 -1.0 -1.0 -1.0 -1.0 -1.0 -1.0 -1.0 -1.0 -1.0
0.022147218776803323 0.020828078909701467 0.0014921364873232918 0.0 0.0 0.0 0.0 0.0 0.0 0.0 0.0 0.0 0.0 0.0 0.0 0.0 0.0 0.0 0.02479757245849442 0.017092074006161986 0.0 0.0 0.0 0.01812710172533325 0.04047783577811311 0.033190284514719975 0.0962972955978116 0.04201304563296237 0.037481068463460054 0.0 0.0 0.0 0.0 0.0 0.0 0.0 0.0 0.0 0.0 0.0 0.0 0.0 0.0 0.0 0.0 0.0 -1.0 -1.0 -1.0 -1.0 -1.0 -1.0 -1.0 -1.0 -1.0 -1.0 -1.0 -1.0 -1.0 -1.0 -1.0 -1.0 -1.0 -1.0 -1.0 -1.0 -1.0 -1.0 -1.0 -1.0 -1.0
0.0 0.10897439118471589 0.005449123985639783 0.0 0.0 0.0 0.0 0.0 0.0 0.0 0.0 0.0 0.0 0.0 0.0 0.0 0.0 0.0 0.0 0.0 0.0 0.0 0.0 0.0 0.013834184104828288 0.02695147670683939 0.007711415576995969 0.012499233417115991 0.01016510250430741 0.0 0.0 0.0 0.0 0.0 0.0 0.019653459139007578 0.0 0.0 0.0 0.0 0.0 0.0 0.0 0.0 0.0 0.024051336273411432 -1.0 -1.0 -1.0 -1.0 -1.0 -1.0 -1.0 -1.0 -1.0 -1.0 -1.0 -1.0 -1.0 -1.0 -1.0 -1.0 -1.0 -1.0 -1.0 -1.0 -1.0 -1.0 -1.0 -1.0 -1.0
0.0 0.008591700002077861 0.0 0.0 0.0 0.0 0.0 0.0 0.0 0.0 0.0 0.0 0.0 0.0 0.0 0.0 0.0 0.0 0.0 0.0 0.0 0.0 0.0 0.0 0.029106528156756788 0.0 0.0 0.0 0.0 0.0 0.0 0.0 0.0 0.0 0.009486837048951924 0.06285829835790392 0.0 0.0 0.0 0.0 0.0 0.0 0.0 0.0 0.0 0.02601685281942023 0.003669694084804117 -1.0 -1.0 -1.0 -1.0 -1.0 -1.0 -1.0 -1.0 -1.0 -1.0 -1.0 -1.0 -1.0 -1.0 -1.0 -1.0 -1.0 -1.0 -1.0 -1.0 -1.0 -1.0 -1.0 -1.0
0.0 0.0 0.0 0.02066927556521355 0.0 0.0 0.0 0.0 0.0 0.0 0.0 0.0 0.0 0.0 0.0 0.0 0.0 0.0 0.0 0.0 0.0 0.0 0.020752812217237335 0.0 0.006894276749340549 0.0 0.0 0.0 0.0 0.0 0.0 0.0 0.0 0.0 0.009787189167726987 0.021910913632252567 0.0 0.0 0.0 0.0 0.0 0.0 0.0 0.0 0.01810280623180347 0.04144662219389853 0.0266395335029758 0.0 -1.0 -1.0 -1.0 -1.0 -1.0 -1.0 -1.0 -1.0 -1.0 -1.0 -1.0 -1.0 -1.0 -1.0 -1.0 -1.0 -1.0 -1.0 -1.0 -1.0 -1.0 -1.0 -1.0
0.0 0.0 0.0 0.0 0.0 0.0 0.0 0.0 0.0 0.0 0.0 0.0 0.0 0.0 0.0 0.0 0.0 0.0 0.0 0.0 0.0 0.0 0.0 0.0 0.0 0.0 0.0 0.00566688494097282 0.0 0.0 0.0 0.0 0.0 0.0 0.0 0.004962960058813734 0.0 0.0 0.0 0.0 0.0 0.0 0.0 0.0 0.02883677044021423 0.0024375758115896718 0.0010972006509732196 -1.0 -1.0 -1.0 -1.0 -1.0 -1.0 -1.0 -1.0 -1.0 -1.0 -1.0 -1.0 -1.0 -1.0 -1.0 -1.0 -1.0 -1.0 -1.0 -1.0 -1.0 -1.0 -1.0 -1.0
0.0 0.0 0.0 0.0 0.0 0.0 0.0 0.0 0.0 0.0 0.0 0.0 0.0 0.0 0.0 0.0 0.0 0.0 0.0 0.0 0.0 0.0 0.0 0.0 0.0 0.0 0.0 0.0 0.0 0.0 0.0 0.0 0.0 0.0 0.0 0.0 0.0 0.0 0.0 0.0 0.0 0.0 0.0 0.0 0.030361710335112726 0.010003955591982715 0.0 -1.0 -1.0 -1.0 -1.0 -1.0 -1.0 -1.0 -1.0 -1.0 -1.0 -1.0 -1.0 -1.0 -1.0 -1.0 -1.0 -1.0 -1.0 -1.0 -1.0 -1.0 -1.0 -1.0 -1.0
0.0 0.0 0.0 0.0 0.0 0.0 0.0 0.0 0.0 0.0 0.0 0.0 0.0025172311544319603 0.0 0.0 0.0 0.0008374797499402516 0.0 0.0 0.0 0.0 0.0 0.0 0.0 0.0 0.0 0.0 0.0 0.0 0.0 0.0 0.0 0.0 0.0 0.0 0.0 0.0 0.0 0.0 0.0 0.0 0.0 0.0 0.009715792702868419 0.03188061745651099 0.006892954829576831 0.0 0.010646707038132721 0.02647792229024799 0.013907638944121664 0.0 -1.0 -1.0 -1.0 -1.0 -1.0 -1.0 -1.0 -1.0 -1.0 -1.0 -1.0 -1.0 -1.0 -1.0 -1.0 -1.0 -1.0 -1.0 -1.0 -1.0
0.0 0.0 0.0 0.0 0.0 0.0 0.0 0.0 0.0 0.0 0.0 0.0 0.0 0.0 0.0 0.0 0.0 0.0 0.0 0.0 0.0 0.0 0.0 0.0 0.0 0.0 0.0 0.0 0.0 0.0 0.0 0.0 0.0 0.0 0.0 0.0 0.0 0.0 0.0 0.0 0.0002011414202701541 0.005113497420301195 0.0 0.0 0.0 0.0024057078191710214 0.0 0.0 0.011659063484808867 0.029511496333830357 0.05952114045301389 0.06051147578356625 0.051152960091285775 0.03631145906492163 0.0 -1.0 -1.0 -1.0 -1.0 -1.0 -1.0 -1.0 -1.0 -1.0 -1.0 -1.0 -1.0 -1.0 -1.0 -1.0 -1.0
0.0 0.0 0.0 0.0 0.0 0.0 0.0 0.0 0.0 0.0 0.0 0.0 0.0 0.0 0.0 0.0 0.0 0.0 0.0 0.0 0.0 0.0 0.0 0.0 0.0 0.0 0.0 0.0 0.0 0.0 0.0 0.0 0.0 0.0 0.0 0.0 0.0 0.0010682425638338935 0.02382459001385331 0.014359690476911517 0.0 0.0 0.002894158986766946 0.0 0.0 0.0006704278629096749 0.0 0.0 0.01987379969328306 0.009389431037167587 0.12399382471031 0.22673265948384996 0.22316103437548077 0.1068746448416872 0.06451029148355121 0.0 0.0 -1.0 -1.0 -1.0 -1.0 -1.0 -1.0 -1.0 -1.0 -1.0 -1.0 -1.0 -1.0 -1.0 -1.0
0.0 0.0 0.0 0.0 0.0 0.0 0.0 0.0 0.0 0.0 0.0 0.0 0.0 0.0 0.0 0.0 0.0 0.0 0.0 0.0 0.0 0.0 0.0 0.0 0.0 0.0 0.0 0.0 0.0 0.0 0.0 0.0 0.0 0.0 0.0058285794406069905 0.02019640956456506 0.02337034041656131 0.04403606556086208 0.0382537091526582 0.03691998889748365 0.013505263340385008 0.012911266015092807 0.012734086732680519 0.002323901307307242 0.0 0.004245058502191574 0.0020749460999784568 0.010196324654373102 0.005019810804994013 0.06224022564330849 0.055966857232531884 0.13566050553174414 0.15847991285511845 0.11920669125543706 0.0410898763558292 0.03674799301280619 0.0 0.004052245658029555 -1.0 -1.0 -1.0 -1.0 -1.0 -1.0 -1.0 -1.0 -1.0 -1.0 -1.0 -1.0 -1.0
0.0 0.0 0.0 0.0 0.0 0.0 0.0 0.0 0.0 0.0 0.0 0.0 0.0 0.0 0.0 0.0 0.0 0.0 0.0 0.0 0.0 0.0 0.0 0.0 0.0 0.0 0.0 0.0 0.0 0.0 0.0 0.0 0.0 0.025579220245664426 0.007319107346461721 0.009441087989752659 0.017169983109678093 0.04571332136892333 0.024034132329739704 0.0037023119634031093 0.0 0.0 0.0003254947409265833 0.0 0.0 0.002337466437288468 0.0 0.009226004106309105 0.01696438846946385 0.026873277685072115 0.05669559554640597 0.08171444341273262 0.10197168315354761 0.04080824180860159 0.012644951917769346 0.0813035987092364 0.05241630283141341 0.013915828412406055 0.011985987335892316 0.0 0.008232863913172496 -1.0 -1.0 -1.0 -1.0 -1.0 -1.0 -1.0 -1.0 -1.0 -1.0
0.0 0.0 0.0 0.0 0.0 0.0 0.0 0.0 0.0 0.0 0.0 0.0 0.0 0.0 0.002577594199319099 0.0 0.0 0.0 0.0 0.0 0.0 0.0 0.0 0.0 0.0 0.0 0.007043856147133962 0.0 0.0 0.0 0.0 0.001777892562015265 0.0027566928214237357 0.007250587253684579 0.0 0.0 0.00030183250407782785 0.0790387879026439 0.008498451093026658 0.0 0.0 0.0 0.02074915244544799 0.003828174942151897 0.0 0.0 0.0 0.015105829178269326 0.02159521550227504 0.04619725367724302 0.05107895090181419 0.031008145722016937 0.054574887591238866 0.0 0.0 0.07211665017947523 0.04937916675885517 0.024179427192585107 0.040797936128829204 0.029484538587154736 0.022252558817702064 0.011182761971020447 0.0004852927984764544 0.056302062935270986 0.006353244551289494 0.04032226111626603 0.012759781385845171 0.024783228082849395 -1.0 -1.0 -1.0
0.0 0.0 0.0 0.0 0.0 0.0 0.0 0.0 0.0 0.0 0.0 0.0009151464399015151 0.0 0.0 0.0 0.0 0.0 0.0 0.0 0.0 0.0 0.0 0.0 0.0 0.0 0.006392708413827561 0.013006164200503496 0.003257214774667987 0.0 0.0006565080717563367 0.005940112634135858 0.0026736966476168193 0.0 0.0 0.0 0.0 0.0 0.0 0.0 0.0 0.012587361899000874 0.06241823968267663 0.05639840220653974 0.026296565154149697 0.008700845272660554 0.0 0.0 0.005024838118829841 0.00857715039816584 0.03843905568611781 0.0066325620757575615 0.038696715100604 0.04500581196965323 0.0253237032701758 0.032628660103134144 0.05521474051924482 0.033495039712815346 0.031755467325086786 0.039958354995593255 0.02039687072916585 0.03379056840829963 0.0038930823636868467 0.0057019834127221515 0.005154711548479176 0.008284831319371029 0.0026838758281011866 0.006833759703882661 0.02541599322623784 0.07612429523183274 0.0 -1.0
0.010581688808601754 0.0 0.0 0.0 0.0 0.0004445085686578967 0.0 0.0 0.0 0.0 0.0 0.0 0.0 0.0 0.0 0.0 0.0 0.0 0.0 0.0 0.0 0.0 0.0 0.0 0.0 0.0 0.0009515594901220991 0.0 0.003718078182127914 0.0 0.0 0.0 0.0 0.0 0.0 0.0 0.0014621749817724898 0.008910766536927581 0.015653453333184995 0.02805402888784935 0.0029792917804553403 0.015569927806830187 0.0 0.0 0.005305440360424354 0.024101434526431376 0.01815631901799387 0.0548824299657048 0.05755045323143347 0.005152276567781421 0.005972854652438864 0.026675072832160737 0.052961197774277255 0.005100500329477529 0.03996989174120956 0.05266515286822193 0.10508710468893961 0.04394752406295438 0.017438290068997348 0.027534710479419657 0.0633693170140582 0.017770708152204894 0.00031066928625351163 0.006261872990841209 0.026245771578053502 0.036455752895086346 0.004265532702444273 0.0025926900696919847 0.031829516596847816 0.0380271626261137 0.02648794256189907
0.0013555562027081018 0.0 0.0 0.0 0.0 0.0 0.0025293052659277654 0.0036109085804196914 0.0 0.0 0.0 0.0 0.0 0.0 0.0 0.0 0.0 0.0 0.0 0.0 0.0032441178212046424 0.0 0.0 0.0 0.0 0.0 0.0 0.0015676134618804545 0.0 0.0 0.0 0.0 0.0 0.0 0.061548767552602204 0.0218560720297606 0.00870672679812295 0.005570520626130056 0.0 0.0 0.0 0.0 0.0 0.0 0.0 0.014911358470001036 0.05338649004340821 0.018786654414829258 0.038559560853999336 0.008805109532292778 0.02951190526997074 0.09219045234147864 0.0410266329200401 0.039830438420653716 0.050717291769133144 0.032655768070194185 0.034775587181051976 0.02968027392114709 0.01569218813721713 0.011013771466630823 0.00651714867824829 0.008307497536795716 0.0033773045856631398 0.007141857902562675 0.0005154216954612216 0.09798593601529496 0.0092965686509513 0.0 0.0029574087067101144 0.06641049392242279 0.10137917773428325
0.0 0.0 0.0 0.0 0.0 0.0 0.0 0.0 0.0 0.0 0.0 0.0 0.0 0.005170382384438178 0.0 0.0 0.0 0.0 0.0 0.0 0.0 0.0 0.0 0.0 0.0 0.0 0.0 0.0 0.0 0.0 0.0 0.0 0.0 0.0 0.0 0.0 0.0 0.0 0.0 0.0 0.0 0.0 0.0 0.0 0.0 0.0 0.0 0.03048852797659899 0.04822336551530759 0.03774946240790708 0.05538003398747403 0.04912279104806319 0.05457280951752101 0.02315473104285618 0.016917139205354755 0.010548572445850042 0.010799109200495908 0.024471397505986963 0.017217635194153046 0.010439504011043354 0.009010768571297036 0.0061130682726044635 0.00727643145365199 0.006283205760399206 0.00045115460239841126 0.0024853118450314407 0.0024620411598162213 0.0 0.00414542423560889 0.032397510183532784 0.0078122648994120815
0.0 0.0 0.0 0.0 0.0 0.0 0.0 0.0 0.0 0.0 0.0 0.0 0.0 0.0 0.0 0.0 0.0 0.0 0.0 0.0 0.0 0.0 0.0 0.0 0.0 0.0 0.001933939252314534 0.0 0.0 0.0 0.0 0.0 0.0 0.0 0.0 0.0 0.0 0.0 0.0 0.0 0.0 0.0 0.0 0.0 0.0 0.011029466657015043 0.04879451772460284 0.03639174670283507 0.0642541711076279 0.06378515339458879 0.056180519851893596 0.007626267873683964 0.014197215037853048 0.017390839468978594 0.010620819262148763 0.003873166478962476 0.0 0.009564310020077382 0.023326586994675984 0.0024905738100294214 0.006393407430076709 0.006840013851029754 0.014135608957893071 0.0006056241656692001 0.0 0.0 0.0027657504239781213 0.013706381759553658 0.0008361282937810368 0.020551697956405428 0.06188705803828884
0.0 0.0 0.0 0.0 0.0 0.0 0.0 0.0 0.0 0.0 0.0 0.0 0.0 0.0 0.0 0.0 0.0 0.0 0.0 0.0 0.0 0.0 0.0 0.0 0.0015271438720291402 0.0 0.0 0.0 0.0 0.0 0.0 0.0 0.0 0.0 0.0 0.0 0.0 0.0 0.0 0.0 0.0 0.0 0.0 0.0 0.004103490834635144 0.0 0.04677490243657221 0.045802599252972385 0.04641691586977183 0.016637121378768226 0.000829763613366402 0.0 0.003854116537528246 0.00037422322511105704 6.823788489417584e-06 0.0008036364309542804 0.0005040717593953898 0.004467707368366167 0.021795832083231992 0.0002794073195357043 0.0 0.007899172191177407 0.0005940867272492761 0.0002826240941014421 0.0 0.013029510243882656 0.00888430848114436 0.002797061808022413 0.0023946945328912166 0.018041048225145 0.0056644340464001375
