critload/trunk/output/2010/faraigl.asc
ncols 720
nrows 360
xllcorner -180
yllcorner -90
cellsize 0.5
NODATA_value -1
[rows 64 to 95 of 360, columns 71 to 141 of 720]
-1.0 -1.0 -1.0 -1.0 -1.0 -1.0 -1.0 -1.0 -1.0 -1.0 -1.0 -1.0 -1.0 -1.0 -1.0 -1.0 0.0 0.0 0.0 0.0 0.0 0.0 0.0 0.0 0.0 0.0 0.0 0.0 0.0 0.0 0.0 0.0 0.0 0.0 0.0 0.0 0.0 0.0 0.0 0.0 0.0 0.0 0.0 0.0 0.0 0.0 0.0 0.0 0.0 0.0 0.0 0.0 0.0 0.0 0.027617406144780223 0.027552742755351228 0.0 0.0 0.0 0.0 0.013774559141498784 0.0 0.0 0.025874804155962033 0.00930707211779821 0.0 0.009544369784047097 0.006263002212842164 0.01086625192696893 0.0 0.001420175369032616
-1.0 -1.0 -1.0 -1.0 -1.0 -1.0 -1.0 -1.0 -1.0 -1.0 -1.0 -1.0 -1.0 -1.0 -1.0 -1.0 -1.0 0.0 0.0 0.0 0.0 0.0 0.0 0.0 0.0 0.0 0.0 0.0 0.0 0.0 0.0 0.0 0.0 0.0 0.0 0.0 0.0 0.0 0.0 0.0 0.0 0.0 0.0 0.0 0.0 0.0 0.0 0.0 0.0 0.0 0.0 0.0 0.0 0.027869017305140176 0.1387817594947485 0.0 0.0 0.0 0.0 0.0 0.0 0.0 0.0 0.0 0.0 0.008208791236362986 0.0 0.0 0.015197758640050232 0.02423483975791464 0.03141408478316448
-1.0 -1.0 -1.0 -1.0 -1.0 -1.0 -1.0 -1.0 -1.0 -1.0 -1.0 -1.0 -1.0 -1.0 -1.0 -1.0 -1.0 -1.0 0.0 0.0 0.0 0.0 0.0 0.0 0.0 0.0 0.0 0.0 0.0 0.0 0.0 0.0 0.0 0.0 0.0 0.0 0.0 0.0 0.0 0.0 0.0 0.0 0.0 0.0 0.0 0.0 0.05560954823503766 0.11134188456479649 0.0 0.0 0.055732272963578196 0.027866140446558822 0.0 0.11016788694840268 0.15216005937502278 0.0 0.0 0.0 0.0 0.0 0.0 0.0 0.0 0.0 0.0 0.0 0.0 0.0 0.0 0.009567932378605655 0.03210408451248311
-1.0 -1.0 -1.0 -1.0 -1.0 -1.0 -1.0 -1.0 -1.0 -1.0 -1.0 -1.0 -1.0 -1.0 -1.0 -1.0 -1.0 -1.0 -1.0 0.0 0.0 0.0 0.0 0.0 0.0 0.0 0.0 0.0 0.0 0.0 0.0 0.0 0.0 0.0 0.0 0.0 0.0 0.0 0.0 0.0 0.0 0.0 0.0 0.0 0.0 0.04825694002753571 0.05524402249634121 0.3839159509894174 0.388699592858816 0.35683865724058644 0.30492766983101127 0.44430476628137167 0.3331997136453272 0.45856165477877264 0.5256551373082066 0.08352949038472345 0.0 0.026726573701351623 0.0 0.0 0.0 0.0 0.0 0.0 0.0 0.0 0.0 0.0 0.0 0.014645728238887578 0.022697451266944283
-1.0 -1.0 -1.0 -1.0 -1.0 -1.0 -1.0 -1.0 -1.0 -1.0 -1.0 -1.0 -1.0 -1.0 -1.0 -1.0 -1.0 -1.0 -1.0 -1.0 -1.0 0.0 0.0 0.0 0.0 0.0 0.0 0.0 0.0 0.0 0.0 0.0 0.0 0.0 0.0 0.0 0.0 0.0 0.0 0.0 0.0 0.0 0.0 0.0 0.0 0.0 0.018776390960580508 0.08293015154202261 0.359699831485335 0.18776109674300429 0.1937798429049989 0.5805263806303546 0.6653946965586091 0.6318749888531451 0.6646501144787305 0.2921772757763262 0.30034080622868053 0.04311868665108799 0.013682200148661398 0.01386762348286382 0.0 0.00551881592565035 0.0 0.0 0.0 0.0 0.0 0.0 0.0 0.0 0.0
-1.0 -1.0 -1.0 -1.0 -1.0 -1.0 -1.0 -1.0 -1.0 -1.0 -1.0 -1.0 -1.0 -1.0 -1.0 -1.0 -1.0 -1.0 -1.0 -1.0 -1.0 -1.0 0.0 0.0 0.0 0.0 0.0 0.0 0.0 0.022895575170512803 0.013807624049473461 0.014037975776645338 0.0 0.0 0.0 0.0 0.0 0.0 0.0 0.0 0.0 0.0 0.013154248061869737 0.0 0.0 0.0 0.0 0.0 0.0 0.3050408366434965 0.6298973774932312 0.6050352665352743 0.6263351952064516 0.2505124304449829 0.5524323307310902 0.42915683759072903 0.2646132084662622 0.0738904485007563 0.11299527932421591 0.09357764100885228 0.04965079159453365 0.10207514149808265 0.036814619489699454 0.0291290898487351 0.07160766428263586 0.0321382399420963 0.012321650369313021 0.0 0.0 0.0 0.0
-1.0 -1.0 -1.0 -1.0 -1.0 -1.0 -1.0 -1.0 -1.0 -1.0 -1.0 -1.0 -1.0 -1.0 -1.0 -1.0 -1.0 -1.0 -1.0 -1.0 -1.0 -1.0 0.0 0.0 0.0 -1.0 0.0 0.0 0.02110227137489348 0.008230457342167749 0.0 0.02824404209300204 0.0 0.0 0.027459002035564853 0.0 0.00039518916117612973 0.0 0.0 0.0 0.0 0.0 0.0 0.0 0.0 0.0 0.0 0.0 0.0 0.0 0.027398306336033594 0.08171245230762351 0.0 0.01662850453275886 0.29310905497447126 0.03677189983435484 0.01567902967387889 0.027773787865708534 0.0 0.088624208765793 0.22346475891124984 0.30756438974095085 0.6381298444805024 0.45320869772086625 0.4148383073105529 0.3093183227941441 0.06572086596928983 0.10496300154220278 0.055957111706040216 0.0029396989470602095 0.0005797335721426064
-1.0 -1.0 -1.0 -1.0 -1.0 -1.0 -1.0 -1.0 -1.0 -1.0 -1.0 -1.0 -1.0 -1.0 -1.0 -1.0 -1.0 -1.0 -1.0 -1.0 -1.0 -1.0 0.001416090667825328 0.02875050766583304 0.0 0.0 -1.0 0.0 0.03385859447540505 0.02343013440013405 0.0 0.02857969543478751 0.0 0.0 0.0 0.0 0.0 0.0 0.0 0.0 0.0604986746467022 0.027852342675367073 0.0 0.09505896189787458 0.035289453279794054 0.0 0.0 0.0 0.0 0.0 0.0 0.0 0.0 0.0 0.0 0.04653318965803581 0.014261310875405848 0.12263313950267142 0.40669665540997885 0.748684335540139 0.8015032590238463 0.8267785449499041 0.6935119012013233 0.7317143143361869 0.6417384616964142 0.7421459911867392 0.8008331285804284 0.7382019795698227 0.6719997998761866 0.46630142264888014 0.42884811463812944
-1.0 -1.0 -1.0 -1.0 -1.0 -1.0 -1.0 -1.0 -1.0 -1.0 -1.0 -1.0 -1.0 -1.0 -1.0 -1.0 -1.0 -1.0 -1.0 -1.0 -1.0 -1.0 0.02219586449200556 0.12438623755572606 0.07431081567650206 0.004115996779922644 -1.0 0.0 0.00816056789765165 0.044635495479962206 0.03100105619348503 0.008101719112153271 0.0 0.0 0.0 0.0 0.0 0.0 0.0 0.0 0.016013944141681193 0.012701077521774861 0.0 0.14588621592483242 0.0 0.0 0.0 0.0 0.0 0.0 0.0 0.0 0.0 0.0 0.0 0.053963296463223696 0.20677635673781092 0.3009631985796501 0.6070249013286185 0.7566472816450979 0.7765843004595928 0.9042194491539219 0.9428408172245122 0.8540459630672266 0.8784954401908626 0.7742867406691458 0.738006384111178 0.7478316374723873 0.6994406797799974 0.532003365612712 0.5642582899982084
-1.0 -1.0 -1.0 -1.0 -1.0 -1.0 -1.0 -1.0 -1.0 -1.0 -1.0 -1.0 -1.0 -1.0 -1.0 -1.0 -1.0 -1.0 -1.0 -1.0 -1.0 -1.0 -1.0 0.004998424380355707 0.00660754285684248 0.005382134286924063 -1.0 -1.0 0.0 0.0 0.00050050703326553 0.03259620148360737 0.006070089026901107 0.0 0.0 0.0 0.0 0.0 0.0 0.0 0.0 0.0 0.0 0.035736987187258984 0.027727779916175435 0.0 0.0 0.0 0.0 0.0 0.0 0.0 0.0 0.042509529276746 0.0 0.0 0.0 0.016639360932994805 0.30190712030865846 0.9088834384947985 0.9481626878305925 0.9812203023894926 0.9210802295790566 0.8746542256561756 0.8479445489486505 0.780817024161844 0.6925221256861308 0.7189988943344899 0.7184362225331039 0.6893303236344988 0.6608748715817002
-1.0 -1.0 -1.0 -1.0 -1.0 -1.0 -1.0 -1.0 -1.0 -1.0 -1.0 -1.0 -1.0 -1.0 -1.0 -1.0 -1.0 -1.0 -1.0 -1.0 -1.0 -1.0 -1.0 -1.0 0.0 0.0031073092740489415 0.0 -1.0 -1.0 -1.0 0.0 0.004908562077777261 0.006642192796817966 0.0 0.0 0.0 0.0 0.0 0.0 0.0 0.0 0.0 0.0 0.019489331961867955 0.051196735926635505 0.0 0.0 0.0 0.0 0.0 0.0 0.0 0.0 0.0 0.0 0.0 0.0 0.01459400116120592 0.040254628567830686 0.45944034660561933 0.8129640705706432 0.8747287898945226 0.8757975366812726 0.6625774689972003 0.8213402954830561 0.6655246763566716 0.720843871854789 0.6924681583382422 0.536395143085069 0.4775543695089428 0.501899647881051
-1.0 -1.0 -1.0 -1.0 -1.0 -1.0 -1.0 -1.0 -1.0 -1.0 -1.0 -1.0 -1.0 -1.0 -1.0 -1.0 -1.0 -1.0 -1.0 -1.0 -1.0 -1.0 -1.0 -1.0 -1.0 0.0 0.0 -1.0 -1.0 -1.0 -1.0 0.0 0.0 0.0 0.0 0.0 0.0 0.0 0.014759242021199302 0.0 0.0 0.009443967645678 0.0 0.0 0.0041346891557304645 0.013072638404381878 0.0 0.0 0.0 0.0 0.0 0.0 0.0 0.0 0.0 0.0 0.0 0.0 0.07356122440460952 0.838006622190361 0.8809548509483658 0.9485154495697764 0.8218411591633512 0.8063285005158409 0.37526911642540367 0.39445149052102163 0.5401359101542564 0.24679948074544808 0.14170960348621964 0.18682094319503117 0.6329321022959499
-1.0 -1.0 -1.0 -1.0 -1.0 -1.0 -1.0 -1.0 -1.0 -1.0 -1.0 -1.0 -1.0 -1.0 -1.0 -1.0 -1.0 -1.0 -1.0 -1.0 -1.0 -1.0 -1.0 -1.0 -1.0 -1.0 -1.0 -1.0 -1.0 -1.0 -1.0 -1.0 0.0 0.0 0.0 0.0 0.0 0.0 0.0 0.0 0.0 0.0 0.0 0.0 0.04969499434227084 0.0 0.0018217825564345812 0.0 0.0 0.0 0.0 0.0 0.0 0.0 0.0 0.0 0.0 0.0 0.0 0.4189215320710215 0.8831452995165823 0.8082117890413995 0.8206435317669667 0.675320186745962 0.4684403309631922 0.6648318065909353 0.6929911407639435 0.6931957550806191 0.6928892685261158 0.6929911388554196 0.4345195215549492
-1.0 -1.0 -1.0 -1.0 -1.0 -1.0 -1.0 -1.0 -1.0 -1.0 -1.0 -1.0 -1.0 -1.0 -1.0 -1.0 -1.0 -1.0 -1.0 -1.0 -1.0 -1.0 -1.0 -1.0 -1.0 -1.0 -1.0 -1.0 -1.0 -1.0 -1.0 -1.0 -1.0 0.0 0.0 0.0 0.0 0.0 0.0 0.0 0.0 0.0 0.0 0.0 0.004599097479848928 0.00776929826637605 0.0 0.0 0.0 0.0 0.0 0.0 0.0 0.0 0.0 0.0 0.0 0.0 0.0 0.20286520390665938 0.6376243841894182 0.8508755936530502 0.8302746755056042 0.7077175241051792 0.38202891617789736 0.6928373672092349 0.6931391691982179 0.6925860432521153 0.6926367346632916 0.742670287648184 0.44789637694008977
-1.0 -1.0 -1.0 -1.0 -1.0 -1.0 -1.0 -1.0 -1.0 -1.0 -1.0 -1.0 -1.0 -1.0 -1.0 -1.0 -1.0 -1.0 -1.0 -1.0 -1.0 -1.0 -1.0 -1.0 -1.0 -1.0 -1.0 -1.0 -1.0 -1.0 -1.0 -1.0 0.0 0.0 0.0 0.0 0.0 0.029592418483406716 0.0 0.0 0.0 0.0 0.0 0.0 0.0 0.0 0.007854702505339593 0.005073827145478955 0.07587695262348969 0.027653194433063348 0.1339456283257285 0.00518340129528611 0.0 0.0 0.0 0.0 0.0 0.0 0.0 0.02706916838896437 0.5399674943234613 0.7463237619648353 0.7998908073878579 0.6468583780989032 0.5219255884573348 0.45686385260465423 0.6931340046543355 0.6927889076810921 0.6931345612480597 0.7702224641581537 0.7204625744002684
-1.0 -1.0 -1.0 -1.0 -1.0 -1.0 -1.0 -1.0 -1.0 -1.0 -1.0 -1.0 -1.0 -1.0 -1.0 -1.0 -1.0 -1.0 -1.0 -1.0 -1.0 -1.0 -1.0 -1.0 -1.0 -1.0 -1.0 -1.0 -1.0 -1.0 -1.0 -1.0 -1.0 0.0 0.0 0.0 0.0 0.0 0.004411632844600802 0.0 0.010064212956251097 0.0 0.0 0.0 0.0 0.0 0.004204710300286388 0.027636040311814783 0.04493858852253867 0.0 0.1799925890906086 0.04332967684995292 0.0 0.0 0.0 0.0 0.0 0.0 0.0 0.0 0.22402813062480592 0.5266388373604927 0.7007278807640138 0.5785592805945458 0.7623057751508583 0.548798259873873 0.72062053077846 0.711885632714642 0.693368397611807 0.7204917646709024 0.6907871629817194
-1.0 -1.0 -1.0 -1.0 -1.0 -1.0 -1.0 -1.0 -1.0 -1.0 -1.0 -1.0 -1.0 -1.0 -1.0 -1.0 -1.0 -1.0 -1.0 -1.0 -1.0 -1.0 -1.0 -1.0 -1.0 -1.0 -1.0 -1.0 -1.0 -1.0 -1.0 -1.0 -1.0 -1.0 0.0 0.0 0.0 0.0 0.030021890760146323 0.03605747052878671 0.0 0.0 0.003746523143121556 0.0 0.0 0.0 0.0 0.0 0.0 0.029943279972789963 0.059943225281158315 0.0 0.0 0.0 0.0 0.0 0.0 0.009900936354326937 0.0 0.0 0.13304427791923723 0.2790588872985486 0.6192570458478542 0.8087658034413232 0.7201317300103484 0.648690935269174 0.5016101137649951 0.693120865065355 0.7202383254463813 0.6650516996515993 0.6923764521894259
-1.0 -1.0 -1.0 -1.0 -1.0 -1.0 -1.0 -1.0 -1.0 -1.0 -1.0 -1.0 -1.0 -1.0 -1.0 -1.0 -1.0 -1.0 -1.0 -1.0 -1.0 -1.0 -1.0 -1.0 -1.0 -1.0 -1.0 -1.0 -1.0 -1.0 -1.0 -1.0 -1.0 -1.0 -1.0 -1.0 0.0 0.004025207482337386 0.0 0.012571120412309109 0.03579113734465657 0.1545459315829691 0.053997853248455165 0.3394594669413339 0.29869113162993566 0.10846817865587519 0.0 0.0 0.0 0.04322512683066659 0.009143602888383125 0.01263657120547081 0.02398429871185781 0.013298036644943202 0.0 0.055611972837858806 0.027829294150590385 0.0005288014742380628 0.005859855911238187 0.0 0.09814758331504624 0.46820495059020584 0.6544679574032305 0.6047066446346022 0.4459599203399311 0.27212650609897193 0.2081520257775396 0.692975507133729 0.6928821079448367 0.6643982257542341 0.6344234848254094
-1.0 -1.0 -1.0 -1.0 -1.0 -1.0 -1.0 -1.0 -1.0 -1.0 -1.0 -1.0 -1.0 -1.0 -1.0 -1.0 -1.0 -1.0 -1.0 -1.0 -1.0 -1.0 -1.0 -1.0 -1.0 -1.0 -1.0 -1.0 -1.0 -1.0 -1.0 -1.0 -1.0 -1.0 -1.0 -1.0 -1.0 -1.0 0.0 0.0 0.0 0.07136640020697858 0.07008851087476012 0.14671178156981057 0.17258324824675159 0.0 0.0007960618587973601 0.0 0.0010181999484360918 0.005504186825909269 0.023608935948190125 0.0030973801304291166 0.013075573809666 0.021165034183464698 0.0 0.0 0.02986057624094952 1.4250877952707007e-05 0.008788244112532649 0.0 0.0 0.0026172060545113156 0.03283156864895903 0.18583211510474426 0.7193081956853149 0.7474100743464634 0.9141528630973613 0.8867956990186104 0.97005400123533 0.9072210246210359 0.7193273965955737
-1.0 -1.0 -1.0 -1.0 -1.0 -1.0 -1.0 -1.0 -1.0 -1.0 -1.0 -1.0 -1.0 -1.0 -1.0 -1.0 -1.0 -1.0 -1.0 -1.0 -1.0 -1.0 -1.0 -1.0 -1.0 -1.0 -1.0 -1.0 -1.0 -1.0 -1.0 -1.0 -1.0 -1.0 -1.0 -1.0 -1.0 -1.0 -1.0 0.0 0.016189976531105214 0.0 0.05070082086032331 0.09459827300876092 0.1872937714411653 0.0 0.0 0.0 0.0052855943427338155 0.6364542216262238 0.5494424512836753 0.004004528211126627 0.033442007034402636 0.059684740756385475 0.026500363238749755 0.0006488920428568064 0.006620000939349179 9.099551647659786e-05 0.0016548882739414494 0.0026091915602554205 0.1773519261968669 0.0 0.0 0.05052439242045916 0.24817316073462148 0.34936918474753975 0.9146272498752855 0.9976522161666982 0.9972436624982429 0.7754417543042792 0.7479909117171164
-1.0 -1.0 -1.0 -1.0 -1.0 -1.0 -1.0 -1.0 -1.0 -1.0 -1.0 -1.0 -1.0 -1.0 -1.0 -1.0 -1.0 -1.0 -1.0 -1.0 -1.0 -1.0 -1.0 -1.0 -1.0 -1.0 -1.0 -1.0 -1.0 -1.0 -1.0 -1.0 -1.0 -1.0 -1.0 -1.0 -1.0 -1.0 -1.0 0.0 0.0 0.0 0.0 0.0029026218712677188 0.15963736198981401 0.09368915432061717 0.0 0.011050104645681411 0.08921571179877479 0.747559734570586 0.31264151151373454 0.7380308380946935 0.7173580806782998 0.7152108358172858 0.5352873109147958 0.17187809226718784 0.0 0.0008094499281737231 0.0 0.05378588321094045 0.158384767750789 0.0 0.0 0.000561817994074368 0.7194454626105349 0.3258609365462058 0.9817286265990792 0.9971099614156864 0.9698250687839753 0.9142670135714763 0.8312852040822837
-1.0 -1.0 -1.0 -1.0 -1.0 -1.0 -1.0 -1.0 -1.0 -1.0 -1.0 -1.0 -1.0 -1.0 -1.0 -1.0 -1.0 -1.0 -1.0 -1.0 -1.0 -1.0 -1.0 -1.0 -1.0 -1.0 -1.0 -1.0 -1.0 -1.0 -1.0 -1.0 -1.0 -1.0 -1.0 -1.0 -1.0 -1.0 -1.0 -1.0 0.0006028910549267629 0.0003513572667950818 0.006142163310148324 0.013017082370575249 0.32090404581530163 0.023701379684999115 0.0 0.06538465248331463 0.10715378458447887 0.27418903440572734 0.2157457120801465 0.7474171828434841 0.7453640822813942 0.7715806735072717 0.5094761050546118 0.16590924625557688 0.0 0.0 0.0 0.022599381995085047 0.1609160965225501 0.0007577561387996167 0.009256185481900733 0.01272714767575449 0.692311958495882 0.7750101994151213 0.76495498729192 0.11097394535329863 0.9144048095734113 0.9698731030105793 0.7726320947168782
-1.0 -1.0 -1.0 -1.0 -1.0 -1.0 -1.0 -1.0 -1.0 -1.0 -1.0 -1.0 -1.0 -1.0 -1.0 -1.0 -1.0 -1.0 -1.0 -1.0 -1.0 -1.0 -1.0 -1.0 -1.0 -1.0 -1.0 -1.0 -1.0 -1.0 -1.0 -1.0 -1.0 -1.0 -1.0 -1.0 -1.0 -1.0 -1.0 -1.0 0.05268066212342467 0.011187287481120092 0.0738561606242718 0.22200433044958462 0.04645763687269209 0.0 0.0 0.16899469767759795 0.09535358379771408 0.09173400334334939 0.10546622202646115 0.40841528955251627 0.20675042471522917 0.17792128805045593 0.4992614141694087 0.29386992987586136 0.027755192711670314 0.0 0.0 0.0 0.07001859699191702 0.01863172697507397 0.08417681697640245 0.04883325220802354 0.02640979581249309 0.6322003496413132 0.0533712930747992 0.04062578482698568 0.06154584405299296 0.21799725499832445 0.031479351920917484
-1.0 -1.0 -1.0 -1.0 -1.0 -1.0 -1.0 -1.0 -1.0 -1.0 -1.0 -1.0 -1.0 -1.0 -1.0 -1.0 -1.0 -1.0 -1.0 -1.0 -1.0 -1.0 -1.0 -1.0 -1.0 -1.0 -1.0 -1.0 -1.0 -1.0 -1.0 -1.0 -1.0 -1.0 -1.0 -1.0 -1.0 -1.0 -1.0 -1.0 -1.0 0.011304150741100139 0.02291077854392093 0.08488609092053905 0.0 0.0 0.00436164211127217 0.0851114011774544 0.31379274936603285 0.4453421018294075 0.2479156805052759 0.23788245745157996 0.3370562746215525 0.062026070813508076 0.08030771787014168 0.20259666426462386 0.4990248825202935 0.026692436959378188 0.0 0.0 0.14070883648704244 0.008114534575728916 0.005544992088681046 0.0829632702742727 0.007587043033718889 0.6927664090378932 0.13371282212915292 0.13546976359873628 0.05019353008185555 0.8307536385754121 0.9147860738915808
-1.0 -1.0 -1.0 -1.0 -1.0 -1.0 -1.0 -1.0 -1.0 -1.0 -1.0 -1.0 -1.0 -1.0 -1.0 -1.0 -1.0 -1.0 -1.0 -1.0 -1.0 -1.0 -1.0 -1.0 -1.0 -1.0 -1.0 -1.0 -1.0 -1.0 -1.0 -1.0 -1.0 -1.0 -1.0 -1.0 -1.0 -1.0 -1.0 -1.0 -1.0 0.0 0.08592766923132827 0.43277925613437335 0.16045700258332823 0.019318344062901237 0.09270441745735354 0.21441152015100293 0.6052690110800347 0.2413490330532554 0.3245871203360345 0.3039071927306261 0.17717714107545895 0.07084082257118085 0.04261614835851449 0.005046780066853037 0.09038693843242147 0.0 0.0 0.0 0.002425991474323099 0.013204585423087061 0.021093530049094027 0.012881836680101217 0.6366046228647283 0.8300477775922953 0.3649855540274677 0.09387132780080559 0.0756649548489726 0.8577840745302526 0.9960768845251573
-1.0 -1.0 -1.0 -1.0 -1.0 -1.0 -1.0 -1.0 -1.0 -1.0 -1.0 -1.0 -1.0 -1.0 -1.0 -1.0 -1.0 -1.0 -1.0 -1.0 -1.0 -1.0 -1.0 -1.0 -1.0 -1.0 -1.0 -1.0 -1.0 -1.0 -1.0 -1.0 -1.0 -1.0 -1.0 -1.0 -1.0 -1.0 -1.0 -1.0 -1.0 0.037037950154771494 0.48263179467328654 0.6958211062361216 0.23864758798183808 0.0 0.11852794691545572 0.11616904473617 0.08285153550518759 0.14116328943706263 0.017747551407277313 0.5814959075026135 0.05898601179421168 0.1639320098935082 0.05978018686138615 0.009969155880660678 0.012456192533702106 0.001130975730237221 0.0 0.0 0.00036231055264866285 0.038970397797721844 0.026944480831912063 0.7187428263592642 0.8030269697015271 0.07717762179586905 0.0 0.02665440423700248 0.0 0.027531255540554772 0.127169165999253
-1.0 -1.0 -1.0 -1.0 -1.0 -1.0 -1.0 -1.0 -1.0 -1.0 -1.0 -1.0 -1.0 -1.0 -1.0 -1.0 -1.0 -1.0 -1.0 -1.0 -1.0 -1.0 -1.0 -1.0 -1.0 -1.0 -1.0 -1.0 -1.0 -1.0 -1.0 -1.0 -1.0 -1.0 -1.0 -1.0 -1.0 -1.0 -1.0 -1.0 0.07581443198249471 0.0007909932097615692 0.46820061122241635 0.40946691256227924 0.0 0.0 0.1369296633038286 0.01001689004503654 0.007947744945599609 0.009312386754214292 0.02726201684819065 0.0 0.03134855246214061 0.1826272310221872 0.09117744239640523 0.04325036515494704 0.08128738994826609 0.0 0.0 0.0 0.00010434501895651643 0.007729735066312435 0.010633875487761764 0.023750290632628433 0.02476983576823379 0.019272278691837237 0.002592959582668862 0.0 0.0 0.0018149203496628402 0.07788757354852485
-1.0 -1.0 -1.0 -1.0 -1.0 -1.0 -1.0 -1.0 -1.0 -1.0 -1.0 -1.0 -1.0 -1.0 -1.0 -1.0 -1.0 -1.0 -1.0 -1.0 -1.0 -1.0 -1.0 -1.0 -1.0 -1.0 -1.0 -1.0 -1.0 -1.0 -1.0 -1.0 -1.0 -1.0 -1.0 -1.0 -1.0 -1.0 -1.0 -1.0 0.0 0.0 0.5313873814521347 0.09759263173389544 0.0 0.0014736423849782397 0.09692904425897869 0.076558063626333 0.020769830901595284 0.021209671875533628 0.018785121159620048 0.033098551872900554 0.025649298059209846 0.041450578671994184 0.19752008562754472 0.1980561760394951 0.021724087826122417 0.003050571767841486 0.0 0.0 2.2021485787820186e-05 0.0016808987340606824 0.0008021943427428852 0.01659684665517029 0.03645818812628485 0.009479655825855757 0.044730618360336954 0.0 0.0 0.0007883315662500458 0.018618600420112
-1.0 -1.0 -1.0 -1.0 -1.0 -1.0 -1.0 -1.0 -1.0 -1.0 -1.0 -1.0 -1.0 -1.0 -1.0 -1.0 -1.0 -1.0 -1.0 -1.0 -1.0 -1.0 -1.0 -1.0 -1.0 -1.0 -1.0 -1.0 -1.0 -1.0 -1.0 -1.0 -1.0 -1.0 -1.0 -1.0 -1.0 -1.0 -1.0 -1.0 0.0 0.008899210364806209 0.08062922917374646 0.037216460565444635 0.0 0.0005382718547095384 0.0028160388380022525 0.000718804527476412 0.024102043590152326 0.02079614369803989 0.041143853149680186 0.08274951447598454 0.012745656689287645 0.03291302375507643 0.2898292085395256 0.7664765048083311 0.19976908893356127 0.04093401675369349 0.007055574568159717 0.0009104994312161313 0.0033109843409996884 0.006249075656797814 0.07342562778775778 0.07471992913730312 0.26988969811944197 0.4578565754825395 0.13663421042144858 0.009805971761775953 0.0009513318995261273 0.001742132295824324 0.004287766146408114
-1.0 -1.0 -1.0 -1.0 -1.0 -1.0 -1.0 -1.0 -1.0 -1.0 -1.0 -1.0 -1.0 -1.0 -1.0 -1.0 -1.0 -1.0 -1.0 -1.0 -1.0 -1.0 -1.0 -1.0 -1.0 -1.0 -1.0 -1.0 -1.0 -1.0 -1.0 -1.0 -1.0 -1.0 -1.0 -1.0 -1.0 -1.0 -1.0 -1.0 0.017523663606755627 0.0 0.182942344544926 0.0 0.0 0.0 0.01535081207619071 0.05889386081931765 0.05394840177092798 0.0018696819820072507 0.035967764316804735 0.08852648790282246 0.00483315501688417 0.006873904648481935 0.018951845828314197 0.16086376484593198 0.11696472159963826 0.09535201654742564 0.05366311692487729 0.10669501076632808 0.07237367711112261 0.04154923435715467 0.006643060144560534 0.23165511658432048 0.31890180184238737 0.06611477954298091 0.03628794210082095 0.010465243619393362 0.01297446415510971 0.005783960726671208 0.007248663476070519
-1.0 -1.0 -1.0 -1.0 -1.0 -1.0 -1.0 -1.0 -1.0 -1.0 -1.0 -1.0 -1.0 -1.0 -1.0 -1.0 -1.0 -1.0 -1.0 -1.0 -1.0 -1.0 -1.0 -1.0 -1.0 -1.0 -1.0 -1.0 -1.0 -1.0 -1.0 -1.0 -1.0 -1.0 -1.0 -1.0 -1.0 -1.0 -1.0 0.0 0.008759438904175378 0.0 0.0 0.02456232776195588 0.0007829531720126524 0.021038502786887642 0.008223404264566313 0.01254253309015398 0.032875089605053545 0.003656054910717659 0.016041686970492287 0.026346204122322754 0.006529913607749147 0.027723986959863396 0.029332474776671936 0.003807462574992827 0.056800758031677306 0.1814726231344981 0.10978295659385683 0.584491747356679 0.4453961150905488 0.4408098672785722 0.1144246021554103 0.1840204205402724 0.1110834371125665 0.06692914983058007 0.01812389053320303 0.06465308386526068 0.0816837532653599 0.03985773750594398 0.003634690833642989
-1.0 -1.0 -1.0 -1.0 -1.0 -1.0 -1.0 -1.0 -1.0 -1.0 -1.0 -1.0 -1.0 -1.0 -1.0 -1.0 -1.0 -1.0 -1.0 -1.0 -1.0 -1.0 -1.0 -1.0 -1.0 -1.0 -1.0 -1.0 -1.0 -1.0 -1.0 -1.0 -1.0 -1.0 -1.0 -1.0 -1.0 -1.0 -1.0 -1.0 4.945542011896869e-05 0.0 0.014900923987356674 0.0881475932589878 0.00024625465509446663 0.18810558398119206 0.14818822763332096 0.05290938613288149 0.1193422441051297 0.04362826508064742 0.0015279906615583508 0.014593173522953999 0.009534326335991028 0.007810191230606205 0.001998341562581473 0.0008486475836184903 0.017244254527357034 0.002882720708412289 0.007305335888460523 0.07541681202608401 0.2007198655484805 0.2188774112682606 0.11043914987430369 0.12779387556640034 0.16176126044842704 0.12789498007448025 0.03653747661862593 0.005065088442295637 0.5826413889381481 0.7208933623698858 0.7210034570125492
