critload/trunk/output/2010/fegl.asc
ncols 720
nrows 360
xllcorner -180
yllcorner -90
cellsize 0.5
NODATA_value -1
[rows 96 to 127 of 360, columns 568 to 638 of 720]
0.4148053569046285 0.4441184227695512 0.4997235826010986 0.3605320793449413 0.5262310327343874 0.5256912618584749 0.582087537968827 0.6375485081703879 0.664710283140919 0.6919779844255174 0.6921452696821616 0.6923832940501481 0.6609868907445243 0.664761819655306 0.6886106405013451 0.6912783955161927 0.0 0.6623668126994099 0.7085728002194935 0.7275665918275964 0.6637080419404726 0.8815589568636277 0.8734449470042517 0.8309910491845282 0.7132419887277237 0.27950546206156995 0.1951204011823742 0.23150377421462864 0.0 0.7146015461412217 0.0 0.0 0.0 0.0 0.0 0.0 0.22079214951004755 0.20381708346383695 0.0 0.0 0.0 0.2157401308326092 0.2904463362018927 0.0 0.2845309017728205 0.1915277540195493 0.28714992795279753 0.0 0.1691453014416987 0.00015881936149082925 0.0 0.0006526401486734041 -1.0 -1.0 -1.0 -1.0 -1.0 -1.0 -1.0 -1.0 -1.0 -1.0 -1.0 -1.0 -1.0 -1.0 -1.0 -1.0 -1.0 -1.0 -1.0
0.305385851121965 0.41538700096096726 0.38779803070699637 0.5264851124861324 0.5819206358634411 0.6645349888675667 0.4349967418958524 0.0 0.0 0.4830413046737062 0.6400940633130449 0.7162701089657464 0.7373194025893725 0.6879270686063486 0.6815104953181291 0.0 0.0 0.0 0.705210906716649 0.9114751282351556 0.8380020967658479 0.7560257904600612 0.6769690038261831 0.0 0.21229991374574694 0.18163646702075886 0.14389358304105948 0.0 0.23481489087472418 0.0 0.0 0.661544205441021 0.0 0.0 0.6564675721234884 0.0 0.0 0.0 0.0 0.0 0.30064782201176093 0.2250753642794733 0.2539128853449523 0.1692348947032819 0.12055136059446953 0.0 0.0 0.0 0.05203200661046981 0.0 0.0 0.0004230680222142054 -1.0 -1.0 -1.0 -1.0 -1.0 -1.0 -1.0 -1.0 -1.0 -1.0 -1.0 -1.0 -1.0 -1.0 -1.0 -1.0 -1.0 -1.0 -1.0
0.5818411210156788 0.526276609892989 0.5541810553824665 0.526867699444514 0.582084311216244 0.0 0.0 0.0 0.2004013662040148 0.0 0.536031934706605 0.0 0.0 0.0 0.0 0.0 0.0 0.842253249081883 0.0 0.8944455928848092 0.6636195803018139 0.0 0.0 0.0 0.20198187295024353 0.16815276152457528 0.28127262847507495 0.24178065080283564 0.0 0.0 0.0 0.0 0.0 0.0 0.0 0.05129926815768285 0.0 0.0 0.17849192541313316 0.2020594504060227 0.2448288778424111 0.3661126808776012 0.12252169112118629 0.04250921029666726 0.0 0.0 0.0 0.0 0.0 0.00023290291479377337 0.008249180889714996 0.0 -1.0 -1.0 -1.0 -1.0 -1.0 -1.0 -1.0 -1.0 -1.0 -1.0 -1.0 -1.0 -1.0 -1.0 -1.0 -1.0 -1.0 -1.0 -1.0
0.44322975207971055 0.4711641325092321 0.5541138563579668 0.4151994573592914 0.415193037049476 0.47527682981005354 0.6020494193685525 0.6375750628442826 0.6301630184340451 0.6927846255152593 0.7471845224172121 0.7119522516718227 0.0 0.0 0.0 0.7790552369541063 0.8518993391817048 0.8547805712078205 0.6907350897948457 0.7450079046415625 0.7153653496002582 0.0 0.0 0.0 0.0 0.0 0.0 0.0 0.0 0.0 0.0 0.0 0.46342110367448025 0.06226224790722543 -1.0 0.0 0.0 0.22334107551087543 0.2169696127146709 0.0 0.0 0.05957546967587448 0.0 0.0001754462073708908 0.0 0.0 0.00022993246118835738 0.012412953752388538 0.0017502140673230076 0.0010325984846645605 -1.0 -1.0 -1.0 -1.0 -1.0 -1.0 -1.0 -1.0 -1.0 -1.0 -1.0 -1.0 -1.0 -1.0 -1.0 -1.0 -1.0 -1.0 -1.0 -1.0 -1.0
0.24969729379440112 0.5544182239513096 0.4155367119163385 0.1940682163213895 0.19427234027354742 0.48309192831334996 0.6648319295016071 0.6919899240782998 0.691052976115657 0.7191289551839987 0.7134445207582237 0.7458014776563986 0.7468327956250974 0.7453221651263426 0.8144201997152752 0.7859104349637784 0.6738772731115436 0.0 0.0 0.0 0.0 0.0 0.19561431257522724 0.0 0.0 0.0 0.0 0.0 0.0 0.0 0.0 0.0 -1.0 -1.0 0.11938036849811956 0.6304492388522134 0.0 0.0 0.0 0.0 0.0 0.0 0.0 0.0 0.0007205923664894353 0.0 0.0023920200758511473 0.005543650423189796 -1.0 -1.0 -1.0 -1.0 -1.0 -1.0 -1.0 -1.0 -1.0 -1.0 -1.0 -1.0 -1.0 -1.0 -1.0 -1.0 -1.0 -1.0 -1.0 -1.0 -1.0 -1.0 -1.0
0.3603450570335296 0.4995163310968889 0.6100372244745721 0.6376019711981382 0.6364487730808434 0.6235259418547687 0.6020440509718011 0.6658751796400957 0.6924176226669108 0.6924451183008283 0.671973825421013 0.0 0.0 0.0 0.8131150963163527 0.6693184743917134 0.648168200309253 0.0 0.0 0.0 0.0 0.6482332914818713 0.0 0.0 0.0 0.0 0.0 0.0 0.0 0.0 0.0 -1.0 -1.0 -1.0 0.14113075612914666 0.0 0.0 -1.0 -1.0 -1.0 -1.0 -1.0 0.0 0.0 0.0023018291112676683 2.87339272401475e-10 0.0015820283524585691 0.0 -1.0 -1.0 -1.0 -1.0 -1.0 -1.0 -1.0 -1.0 -1.0 -1.0 -1.0 -1.0 -1.0 -1.0 -1.0 -1.0 -1.0 -1.0 -1.0 -1.0 -1.0 -1.0 -1.0
0.4435284112592047 0.6373051686624506 0.6097710697581228 0.6313603561631631 0.0 0.4657730052165424 0.6052005999719158 0.6930955092663131 0.6931181667069931 0.6966467429805021 0.0 0.0 0.0 0.0 0.6773596415060996 0.0 0.0 0.0 0.0 0.2684277714829273 0.0 0.6829030035479653 0.0 0.0 0.0 0.0 0.0 0.0 -1.0 -1.0 -1.0 -1.0 -1.0 -1.0 0.0 0.0 -1.0 -1.0 -1.0 -1.0 -1.0 -1.0 0.0 0.0 0.0010724443338656546 0.0012981620551524855 0.00025907795331413843 0.0004332764406751808 0.006183545842422326 -1.0 -1.0 -1.0 -1.0 -1.0 -1.0 -1.0 -1.0 -1.0 -1.0 -1.0 -1.0 -1.0 -1.0 -1.0 -1.0 -1.0 -1.0 -1.0 -1.0 -1.0 -1.0
0.2769340998732547 0.47077822699574357 0.6097398538694775 0.6341451572053639 0.0 0.6781586202492327 0.6638454959504134 0.6651379612067236 0.662655754521915 0.7193662128463718 0.0 0.0 0.6991317325591458 0.6576753780572705 0.0 0.0 0.0 0.0 0.0 0.0 0.0 0.0 0.0 0.0 0.0 0.0 0.0 0.0 0.19172296674590955 0.16395296010169852 -1.0 -1.0 -1.0 -1.0 -1.0 -1.0 -1.0 -1.0 -1.0 -1.0 -1.0 0.0 0.0 0.0016577600548184853 0.010836897480765849 0.005350163430390858 0.00017335483064109092 0.0 0.00029377080252864494 0.0 -1.0 -1.0 -1.0 -1.0 -1.0 -1.0 -1.0 -1.0 -1.0 -1.0 -1.0 -1.0 -1.0 -1.0 -1.0 -1.0 -1.0 -1.0 0.0 0.0 0.0
0.3883522029142483 0.52624334492728 0.4645040697098431 0.0 0.5555810503956972 0.0 0.0 0.0 0.7346112498234282 0.0 0.0 0.6784506565039327 0.91989524600658 0.809502874996481 0.0 0.3205979191990169 0.0 0.0 0.0 0.6671020493122464 0.0 0.0 0.0 0.0 0.0 0.0 0.0 0.0 0.0 0.0 -1.0 -1.0 0.0 0.0 0.0 -1.0 -1.0 -1.0 -1.0 -1.0 -1.0 -1.0 0.0 0.0 0.0 0.0 0.0031001358631263295 0.0 0.0 0.0004365612919261487 0.005446763302823527 -1.0 -1.0 -1.0 -1.0 -1.0 -1.0 -1.0 -1.0 -1.0 -1.0 -1.0 -1.0 -1.0 -1.0 -1.0 -1.0 -1.0 0.0 0.0 0.0
0.0 0.0 0.0 0.0 0.0 0.0 0.0 0.7527070117209766 0.0 0.7509385088563864 0.6613452705156208 0.6485951890834449 0.8677490040903215 0.6952044104722004 0.0 0.0 0.0 0.0 0.0 0.0 0.0 0.0 0.0 0.0 0.0 0.0 0.0 0.0 0.0 0.0 0.0 0.0 0.0 0.6744887692973268 0.0 0.142190972392994 0.07789363725063149 0.07901798211312418 -1.0 -1.0 -1.0 -1.0 -1.0 -1.0 -1.0 0.0 0.0067444340598247655 0.008889284921826758 0.0002702409858420674 0.0 0.006121552489477922 -1.0 -1.0 -1.0 -1.0 -1.0 -1.0 -1.0 -1.0 -1.0 -1.0 -1.0 -1.0 -1.0 -1.0 0.0 0.0 0.0 0.0 0.0 0.0
0.0 0.0 0.0 0.0 0.0 0.9103100554913549 0.857661773200517 0.8107154093988006 0.824472683855928 0.792216014603132 0.7089721515749284 0.6894877919467306 0.0 0.0 0.0 0.6713875976834364 0.27683709363144077 0.0 0.0 0.0 0.0 0.0 0.0 0.0 0.0 0.0 0.0 0.0 0.0 0.0 0.0 0.0 0.0 0.0 0.0 0.0 0.0 -1.0 -1.0 -1.0 -1.0 -1.0 -1.0 -1.0 0.0 0.0 0.006791013970022152 0.00021199996580440134 0.04490364295383197 0.000638072745075991 0.006312180963390448 -1.0 -1.0 -1.0 -1.0 -1.0 -1.0 -1.0 -1.0 -1.0 -1.0 -1.0 -1.0 -1.0 -1.0 0.0 0.0 0.0 0.0 0.0 0.0
0.8305800653683415 0.7877357346802439 0.7379572707295338 0.79523336255114 0.7366051328579507 0.8446913903074721 0.831100742184651 0.8104118304584617 0.7446560876752963 0.3709394354078801 0.0 0.33405671508889295 0.0 0.0 0.0 0.0 0.0 0.0 0.0 0.0 0.0 0.0 0.0 0.0 0.0 0.0 0.0 0.0 0.0 0.0 0.0 0.0 0.0 0.06525542623190858 -1.0 -1.0 -1.0 -1.0 -1.0 -1.0 -1.0 -1.0 -1.0 -1.0 0.00014666132373275886 0.005138069689277395 0.007793294057531421 0.0 0.0009853509116382754 0.0033758755119221344 0.013715458243527243 0.0 -1.0 -1.0 -1.0 -1.0 -1.0 -1.0 0.0 -1.0 -1.0 -1.0 -1.0 -1.0 0.0 0.0 0.0 0.0 0.0 0.0 0.0
0.0 0.7025008052227018 0.6722921124414769 0.0 0.6589930327593547 0.7689606912333438 0.7480935770451316 0.65002265496491 0.7712289011494821 0.3424662014962265 0.0 0.0 0.343099677691015 0.0 0.0 0.0 0.0 0.0 0.0 0.0 0.0 0.0 0.0 0.0 0.0 0.0 0.0 0.25844634410325634 0.0 0.0 0.0 0.1552942810176412 0.08180198310119509 -1.0 -1.0 -1.0 -1.0 -1.0 -1.0 -1.0 -1.0 -1.0 -1.0 -1.0 -1.0 0.0 0.0005229690270345315 0.0 0.0009103197956346217 0.0006601663114995948 0.009575919747035477 0.0 -1.0 -1.0 -1.0 -1.0 -1.0 0.0 0.0 0.0 0.0 0.0 0.0 0.0 0.0 0.0 0.0 0.0 0.0 0.0 0.0
0.7617279745359732 0.6651431666318413 0.7701049181078764 0.0 0.0 0.6607903434031117 0.0 0.6710840788861263 0.0 0.3459888771308249 0.0 0.0 0.0 0.0 0.0 0.31306496029287323 0.0 0.0 0.0 0.0 0.0 0.0 0.0 0.0 0.0 0.0 0.0 0.0 0.0 0.0 0.0 0.0 -1.0 -1.0 -1.0 -1.0 -1.0 -1.0 -1.0 -1.0 -1.0 -1.0 -1.0 -1.0 0.0 0.001417746560337405 0.00010956654969879703 0.0 0.005023933470258847 0.0057036773244821225 0.014864219859848102 -1.0 -1.0 -1.0 -1.0 -1.0 0.0 0.0 0.0 0.0 0.0 0.0 0.0 0.0 0.0 0.0 0.0 0.0 0.0 0.0 0.0
0.8160561547826352 0.7368766996704782 0.6647320042239491 0.0 0.0 0.0 0.0 0.0 0.0 0.0 0.0 0.0 0.0 0.0 0.0 0.0 0.0 0.0 0.0 0.0 0.0 0.0 0.0 0.0 0.0 0.0 0.0 0.0 0.0 0.0 0.0 0.0 -1.0 -1.0 -1.0 -1.0 -1.0 -1.0 -1.0 -1.0 -1.0 -1.0 -1.0 -1.0 0.009834806633591639 0.0012814944190554735 0.0010187639991580848 0.004308249028839254 7.728104329886477e-05 0.0 0.0 -1.0 -1.0 -1.0 0.0 0.0 0.0 0.0 0.0 0.0 0.0 0.0 0.0 0.0 0.0 0.0 0.0 0.0 0.0 0.0 0.0
0.7840055969291605 0.0 0.6605440938755345 0.0 0.0 0.41294162023232267 0.0 0.0 0.0 0.0 0.0 0.25503945662200495 0.0 0.0 0.0 0.0 0.0 0.0 0.0 0.0 0.0 0.0 0.0 0.0 0.0 0.0 0.0 0.0 0.0 0.0 0.0 0.0 0.0 -1.0 -1.0 -1.0 -1.0 -1.0 -1.0 -1.0 -1.0 -1.0 -1.0 -1.0 0.00018989023259804308 0.004877126741515008 -1.0 -1.0 -1.0 -1.0 0.0 -1.0 -1.0 0.0 0.0 0.0 0.0 0.0 0.0 0.0 0.0 0.0 0.0 0.0 0.0 0.0 -1.0 -1.0 -1.0 -1.0 -1.0
0.6549144224494065 0.0 0.6457303297740303 0.0 0.0 0.3486007340256876 0.31280965655317733 0.0 0.0 0.4013070970676269 0.2852709977900339 0.0 0.0 0.29082999004381527 0.22799964682629587 0.2404714095456092 0.2588984235322292 0.6736346576975778 0.0 0.0 0.0 0.0 0.0 0.0 0.0 0.0 0.0 0.0 0.0 0.0 0.0 0.0 0.0 0.0 -1.0 -1.0 -1.0 -1.0 -1.0 -1.0 -1.0 -1.0 -1.0 -1.0 -1.0 0.0 -1.0 -1.0 -1.0 -1.0 -1.0 0.0 0.0 0.0 0.0 0.0 0.0 0.0 0.0 0.0 0.0 0.0 0.0 0.0 0.0 -1.0 -1.0 -1.0 -1.0 -1.0 -1.0
0.0 0.7414212913225336 0.7238769684359859 0.35441239866850177 0.2569587631005615 0.23834965832812732 0.0 0.22300162795034773 0.2915840457064011 0.29604422683158294 0.20077778247384723 0.0 0.0 0.2978620663841786 0.0 0.0 0.0 0.0 0.0 0.0 0.0 0.0 0.0 0.0 0.0 0.0 0.0 0.0 0.0 0.0 0.0 0.0 0.0 0.0 -1.0 -1.0 -1.0 -1.0 -1.0 -1.0 -1.0 -1.0 -1.0 -1.0 0.0 0.0 -1.0 -1.0 -1.0 -1.0 0.0 0.0 0.0 0.0 0.0 0.0 0.0 0.0 0.0 0.0 0.0 -1.0 -1.0 -1.0 -1.0 -1.0 -1.0 -1.0 -1.0 -1.0 -1.0
0.442246625890954 0.0 0.6591160469963079 0.23189347533170773 0.20330900477688485 0.15541546545569979 0.2858020626136355 0.2531752394204025 0.31320265481419163 0.0 0.0 0.0 0.0 0.6452595628151061 0.5938397413161561 0.0 0.0 0.0 0.0 0.0 0.0 0.0 0.0 0.0 0.0 0.0 0.0 0.0 0.0 0.0 0.0 0.0 0.0 0.0 0.0 -1.0 -1.0 -1.0 -1.0 -1.0 -1.0 -1.0 -1.0 -1.0 -1.0 -1.0 -1.0 -1.0 -1.0 0.0 0.0 0.0 0.0 0.0 0.0 0.0 -1.0 0.0 -1.0 -1.0 -1.0 -1.0 -1.0 -1.0 -1.0 -1.0 -1.0 -1.0 -1.0 -1.0 -1.0
0.31936720015170084 0.0 0.0 0.0 0.27356961371493155 0.0 0.07076470586839309 0.043365977153144254 0.12116463271074354 0.3314238059442933 0.0 0.0 0.322924318986672 0.0 0.3185494787264348 0.0 0.0 0.0 0.0 0.0 0.0 0.0 0.0 0.0 0.0 0.0 0.0 0.0 0.0 0.0 0.0 0.0 0.0 0.0 0.0 0.0 -1.0 -1.0 -1.0 -1.0 -1.0 -1.0 -1.0 -1.0 -1.0 -1.0 -1.0 -1.0 -1.0 -1.0 -1.0 -1.0 0.0 0.0 0.0 0.0 -1.0 -1.0 -1.0 -1.0 -1.0 -1.0 -1.0 -1.0 -1.0 -1.0 -1.0 -1.0 -1.0 -1.0 -1.0
0.0 0.0 0.0 0.0 0.0 0.0 0.11742608084991983 0.0 0.23856162391457897 0.12347384611332315 0.2953333384644127 0.19214461985459033 0.4404467743739677 0.38248193622416643 0.2666856018149795 0.0 0.0 0.6824360127853123 0.0 0.0 0.0 0.0 0.0 0.11841171581090937 0.0 0.0 0.0 0.0 0.0 0.0 0.0 0.0 0.0 0.0 0.0 0.0 -1.0 -1.0 -1.0 -1.0 -1.0 -1.0 -1.0 -1.0 -1.0 -1.0 -1.0 -1.0 -1.0 -1.0 -1.0 -1.0 0.0 0.0 0.0 -1.0 -1.0 -1.0 -1.0 -1.0 -1.0 -1.0 -1.0 -1.0 -1.0 -1.0 -1.0 -1.0 -1.0 -1.0 -1.0
0.0 0.0 0.0 0.0 0.0 0.0 0.0 0.0 0.0 0.0 0.33184999160910095 0.0 0.0 0.0 0.358836288164072 0.31142587674940314 0.0 0.0 0.0 0.0 0.0 0.0 0.0 0.0 0.25142679442017196 0.0 0.0 0.0 0.0 0.0 0.0 0.0 0.0 0.0 0.0 0.0 -1.0 -1.0 -1.0 -1.0 -1.0 -1.0 -1.0 -1.0 -1.0 -1.0 -1.0 -1.0 -1.0 -1.0 -1.0 -1.0 0.0 0.0 0.0 -1.0 -1.0 -1.0 -1.0 -1.0 -1.0 -1.0 -1.0 -1.0 -1.0 -1.0 -1.0 -1.0 -1.0 -1.0 -1.0
0.0 0.0 0.0 0.0 0.0 0.0 0.0 0.0 0.1798645349443083 0.0 0.0 0.0 0.0 0.0 0.6381618264500261 0.0 0.0 0.0 0.0 0.0 0.0 0.0 0.0 0.0 0.3033076792698245 0.0 0.0 0.0 0.0 0.0 0.1632260292391046 0.0 0.0 0.0 0.0 0.0 -1.0 -1.0 -1.0 -1.0 -1.0 -1.0 -1.0 -1.0 -1.0 -1.0 -1.0 -1.0 -1.0 -1.0 -1.0 -1.0 -1.0 0.0 0.0 -1.0 -1.0 -1.0 -1.0 -1.0 -1.0 -1.0 -1.0 -1.0 -1.0 -1.0 -1.0 -1.0 -1.0 -1.0 -1.0
0.0 0.0 0.0 0.0 0.0 0.0 0.0 0.23343743430796027 0.0 0.657345682559609 0.6580905735510125 0.0 0.0 0.37370587637417113 0.0 0.0 0.0 0.0 0.0 0.0 0.0 0.0 0.0 0.0 0.0 0.0 0.0 0.0828907700238095 0.0 0.37912783016982593 0.0 0.0 0.0 0.0 0.0 0.0 0.22079726584173057 -1.0 -1.0 -1.0 -1.0 -1.0 -1.0 -1.0 -1.0 -1.0 -1.0 -1.0 -1.0 -1.0 -1.0 -1.0 0.0 0.0 -1.0 -1.0 -1.0 -1.0 -1.0 -1.0 -1.0 -1.0 -1.0 -1.0 -1.0 -1.0 -1.0 -1.0 -1.0 -1.0 -1.0
0.0 0.0 0.0 0.0 0.0 0.0 0.0 0.0 0.0 0.0 0.6719783529150288 0.384140559913882 0.39344054262744765 0.2779091750568755 0.0 0.0 0.0 0.0 0.0 0.0 0.0 0.0 0.0 0.0 0.0 0.0 0.3612214701832475 0.20203924252396804 0.0 0.0 0.0 0.0 0.0 0.0 0.0 0.0 0.23948065118653125 -1.0 -1.0 -1.0 -1.0 -1.0 -1.0 -1.0 -1.0 -1.0 -1.0 -1.0 -1.0 -1.0 -1.0 -1.0 -1.0 -1.0 -1.0 -1.0 -1.0 -1.0 -1.0 -1.0 -1.0 -1.0 -1.0 -1.0 -1.0 -1.0 -1.0 -1.0 -1.0 -1.0 -1.0
0.0 0.0 0.0 0.0 0.0 0.0 0.0 0.0 0.0 0.33929914259116745 0.0 0.0 0.0 0.0 0.0 0.0 0.0 0.0 0.0 0.0 0.0 0.0 0.0 0.0 0.0 0.0 0.0 0.0 0.0 0.6669926730676948 0.0 0.0 0.0 0.0 0.0 0.5447378688812038 -1.0 -1.0 -1.0 -1.0 -1.0 -1.0 -1.0 -1.0 -1.0 -1.0 -1.0 -1.0 -1.0 -1.0 -1.0 -1.0 -1.0 -1.0 -1.0 -1.0 -1.0 -1.0 -1.0 -1.0 -1.0 -1.0 -1.0 -1.0 -1.0 -1.0 -1.0 -1.0 -1.0 -1.0 -1.0
0.0 0.0 0.0 0.0 0.0 0.0 0.0 0.0 0.0 0.0 0.0 0.0 0.44568788095147566 0.2261672704791554 0.0 0.0 0.0 0.0 0.0 0.0 0.37732182309194184 0.0 0.0 0.0 0.0 0.0 0.0 0.0 0.0 0.0 0.0 0.0 0.0 0.0 0.0 0.0 -1.0 -1.0 -1.0 -1.0 -1.0 -1.0 -1.0 -1.0 -1.0 -1.0 -1.0 -1.0 -1.0 -1.0 -1.0 -1.0 -1.0 -1.0 -1.0 -1.0 -1.0 -1.0 -1.0 -1.0 -1.0 -1.0 -1.0 -1.0 -1.0 -1.0 -1.0 -1.0 -1.0 -1.0 -1.0
0.6607663133467488 0.14055373121127215 0.0 0.0 0.0 0.6778523375224751 0.0 0.0 0.0 0.0 0.0 0.0 0.0 0.0 0.0 0.0 0.0 0.0 0.0 0.0 0.0 0.0 0.0 0.0 0.0 0.0 0.0 0.0 0.0 0.2439349608366044 0.14676380621414745 0.3072337555727106 0.0 0.0 0.0 0.0 -1.0 -1.0 -1.0 -1.0 -1.0 -1.0 -1.0 -1.0 -1.0 -1.0 -1.0 -1.0 -1.0 -1.0 0.0 0.0 -1.0 -1.0 -1.0 -1.0 -1.0 -1.0 -1.0 -1.0 -1.0 -1.0 -1.0 -1.0 -1.0 -1.0 -1.0 -1.0 -1.0 -1.0 -1.0
0.8118728461014747 0.6574522501185878 0.6506638321704366 0.0 0.0 0.0 0.0 0.0 0.0 0.38499989812192165 0.0 0.0 0.0 0.0 0.0 0.0 0.0 0.0 0.0 0.2510677430855961 0.0 0.0 0.0 0.0 0.0 0.0 0.30010382682179293 0.24037399612040675 0.23944418974587534 0.0 0.18457240766219263 0.29250495995504056 0.0 0.2665541028645379 -1.0 -1.0 -1.0 -1.0 -1.0 -1.0 -1.0 -1.0 -1.0 -1.0 -1.0 -1.0 -1.0 -1.0 -1.0 0.0 -1.0 -1.0 -1.0 -1.0 -1.0 -1.0 -1.0 -1.0 -1.0 -1.0 -1.0 -1.0 -1.0 -1.0 -1.0 -1.0 -1.0 -1.0 -1.0 -1.0 -1.0
0.6748122874377716 0.6635842945513662 0.0 0.6484286634141778 0.6946372946275702 0.6620116562543131 0.0 0.0 0.2823355415609629 0.2293220843448317 0.2639414698927489 0.0 0.0 0.0 0.0 0.0 0.0 0.0 0.0 0.0 0.0 0.0 0.0 0.0 0.2945131187259293 0.0 0.17082186906733954 0.14104168242567852 0.3962798851011742 0.25020164353837676 0.3271648604928592 0.6699356335243615 0.0 0.0 -1.0 -1.0 -1.0 -1.0 -1.0 -1.0 -1.0 -1.0 -1.0 -1.0 -1.0 -1.0 -1.0 -1.0 -1.0 0.0 -1.0 -1.0 -1.0 -1.0 -1.0 -1.0 -1.0 -1.0 -1.0 -1.0 -1.0 -1.0 -1.0 -1.0 -1.0 -1.0 -1.0 -1.0 -1.0 -1.0 -1.0
0.7438601815201955 0.7990887346053106 0.7004626484681473 0.0 0.0 0.0 0.0 0.0 0.0 0.39640821836436463 0.0 0.0 0.0 0.0 0.0 0.0 0.0 0.0 0.0 0.0 0.2753046435860695 0.0 0.0 0.2047539625936439 0.0 0.28740581779907404 0.198793085522452 0.0 0.0 0.0 0.34361255679241914 0.0 0.13457376407948415 -1.0 -1.0 -1.0 -1.0 -1.0 -1.0 -1.0 -1.0 -1.0 -1.0 -1.0 -1.0 -1.0 -1.0 0.0 0.0 -1.0 -1.0 -1.0 -1.0 -1.0 -1.0 -1.0 -1.0 -1.0 -1.0 -1.0 -1.0 -1.0 -1.0 -1.0 -1.0 -1.0 -1.0 -1.0 -1.0 -1.0 -1.0
0.679707711970198 0.688143182693109 0.0 0.0 0.6845943415157602 0.0 0.0 0.0 0.30070373365276215 0.0 0.3484385757685152 0.37801605838913493 0.24618833585591576 0.2851577056370797 0.0 0.0 0.0 0.0 0.0 0.2532814228578237 0.0 0.0 0.0 0.0 0.0 0.29447736247313416 0.3481380936450532 0.0 0.0 0.0 0.0 0.0 -1.0 -1.0 -1.0 -1.0 -1.0 -1.0 -1.0 -1.0 -1.0 -1.0 -1.0 -1.0 -1.0 -1.0 -1.0 0.0 -1.0 -1.0 -1.0 -1.0 -1.0 -1.0 -1.0 -1.0 -1.0 -1.0 -1.0 -1.0 -1.0 -1.0 -1.0 -1.0 -1.0 -1.0 -1.0 -1.0 -1.0 -1.0 -1.0
