critload/trunk/output/2010/fert_man_agri.asc
ncols 720
nrows 360
xllcorner -180.0
yllcorner -90.0
cellsize 0.5
NODATA_value -9999.0
[rows 140 to 167 of 360, columns 315 to 377 of 720]
-9999.0 -9999.0 -9999.0 -9999.0 -9999.0 -9999.0 -9999.0 -9999.0 -9999.0 -9999.0 -9999.0 -9999.0 0.0 0.0 0.0 0.0 0.0 10292.812064298952 14787.421864431592 0.0 0.0 0.0 0.0 0.0 0.0 0.0 0.0 0.0 0.0 0.0 0.0 0.0 0.0 0.0 0.0 0.0 0.0 0.0 0.0 0.0 0.0 0.0 0.0 0.0 0.0 0.0 0.0 0.0 0.0 0.0 0.0 0.0 0.0 0.0 0.0 0.0 0.0 0.0 0.0 0.0 0.0 0.0 0.0
-9999.0 -9999.0 -9999.0 -9999.0 -9999.0 -9999.0 -9999.0 -9999.0 -9999.0 -9999.0 -9999.0 -9999.0 0.0 0.0 0.0 0.0 5485.041462809798 0.0 0.0 0.0 0.0 0.0 0.0 0.0 0.0 0.0 0.0 0.0 0.0 0.0 0.0 0.0 0.0 0.0 0.0 0.0 0.0 0.0 0.0 0.0 0.0 0.0 0.0 0.0 0.0 0.0 0.0 0.0 0.0 0.0 0.0 0.0 0.0 0.0 0.0 0.0 0.0 0.0 0.0 0.0 0.0 0.0 0.0
-9999.0 -9999.0 -9999.0 -9999.0 -9999.0 -9999.0 -9999.0 -9999.0 -9999.0 -9999.0 -9999.0 -9999.0 0.0 0.0 0.0 0.0 0.0 0.0 0.0 0.0 0.0 0.0 0.0 0.0 0.0 0.0 0.0 0.0 0.0 0.0 0.0 0.0 0.0 0.0 0.0 0.0 0.0 0.0 0.0 0.0 0.0 0.0 0.0 0.0 0.0 0.0 0.0 0.0 0.0 0.0 0.0 0.0 0.0 0.0 0.0 0.0 0.0 0.0 0.0 2866.026528171242 0.0 0.0 0.0
-9999.0 -9999.0 -9999.0 -9999.0 -9999.0 -9999.0 -9999.0 -9999.0 -9999.0 -9999.0 -9999.0 -9999.0 0.0 0.0 0.0 0.0 0.0 0.0 0.0 0.0 8271.587174386308 0.0 188.17107193232377 0.0 0.0 0.0 0.0 0.0 0.0 0.0 0.0 0.0 0.0 0.0 0.0 0.0 0.0 0.0 0.0 0.0 0.0 0.0 0.0 0.0 0.0 0.0 0.0 0.0 0.0 0.0 0.0 0.0 0.0 0.0 0.0 0.0 0.0 0.0 0.0 0.0 861.793408669504 0.0 0.0
-9999.0 -9999.0 -9999.0 -9999.0 -9999.0 -9999.0 -9999.0 -9999.0 -9999.0 -9999.0 -9999.0 -9999.0 0.0 0.0 0.0 0.0 0.0 0.0 0.0 4139.386489987742 19996.607222041293 5321.781977536208 0.0 0.0 0.0 0.0 0.0 0.0 0.0 0.0 0.0 0.0 0.0 0.0 0.0 0.0 0.0 0.0 0.0 0.0 0.0 0.0 0.0 0.0 0.0 0.0 0.0 0.0 0.0 0.0 0.0 0.0 0.0 0.0 0.0 0.0 0.0 0.0 0.0 0.0 10673.672468240891 0.0 0.0
-9999.0 -9999.0 -9999.0 -9999.0 -9999.0 -9999.0 -9999.0 -9999.0 -9999.0 -9999.0 -9999.0 -9999.0 0.0 0.0 0.0 0.0 0.0 0.0 0.0 0.0 0.0 0.0 7020.094175008198 9830.53291565106 0.0 0.0 0.0 0.0 0.0 0.0 0.0 363.44827676555866 0.0 0.0 0.0 0.0 0.0 0.0 0.0 0.0 0.0 0.0 0.0 0.0 0.0 0.0 0.0 0.0 0.0 0.0 0.0 0.0 0.0 0.0 0.0 0.0 0.0 0.0 1737.0894650348216 0.0 5207.897536653492 868.0570220336595 0.0
-9999.0 -9999.0 -9999.0 -9999.0 -9999.0 -9999.0 -9999.0 -9999.0 -9999.0 -9999.0 -9999.0 -9999.0 1275713.4066895328 1508563.065200729 967333.3937071802 470118.4764910744 336537.55411407014 0.0 0.0 0.0 0.0 49374.02796923084 0.0 6567.835904057985 36155.24563926463 0.0 0.0 0.0 0.0 0.0 0.0 0.0 0.0 0.0 0.0 0.0 0.0 63922.495785123494 77803.65069770906 70571.91145380541 80755.64718764505 9238.755524793705 0.0 0.0 0.0 0.0 0.0 0.0 0.0 0.0 0.0 0.0 0.0 0.0 0.0 0.0 0.0 2320.8281038848095 6768.2882366394915 0.0 15057.044990702923 0.0 0.0
-9999.0 -9999.0 -9999.0 -9999.0 -9999.0 -9999.0 -9999.0 -9999.0 -9999.0 -9999.0 -9999.0 -9999.0 11623452.93359022 468422.4268911065 0.0 0.0 17877.226306393488 2120286.3878276055 136876.6555008646 256914.1468004393 0.0 56575.079156606414 7085.083669511676 0.0 3291.2033273616257 0.0 0.0 4506.72266307672 0.0 0.0 1284.8904818485405 5161.798385234995 0.0 0.0 0.0 0.0 24591.85837670476 636718.8386241484 339712.50829270453 0.0 0.0 0.0 0.0 0.0 36534.05800211178 0.0 0.0 0.0 0.0 0.0 0.0 0.0 0.0 0.0 0.0 0.0 0.0 0.0 0.0 1743.162169029736 0.0 0.0 0.0
-9999.0 -9999.0 -9999.0 -9999.0 -9999.0 -9999.0 -9999.0 -9999.0 -9999.0 -9999.0 -9999.0 19585.798458338082 832703.0944409494 572855.7137443012 441097.03951302846 388871.9669287044 467359.4445344851 0.0 206876.53567884007 181356.73964436905 0.0 0.0 72052.514553043 0.0 0.0 25228.222645866044 0.0 3997.1777641110853 0.0 0.0 0.0 0.0 0.0 0.0 0.0 89167.37993693145 160813.61988342606 0.0 1227456.0855519297 0.0 0.0 0.0 0.0 0.0 0.0 1889.639168304388 0.0 0.0 0.0 0.0 0.0 0.0 0.0 0.0 0.0 0.0 0.0 0.0 0.0 14869.213285361762 0.0 0.0 0.0
-9999.0 -9999.0 -9999.0 -9999.0 -9999.0 -9999.0 -9999.0 -9999.0 -9999.0 -9999.0 0.0 6187795.537490952 8649047.87298547 47617.37938394651 7596763.435816056 4164.944531977821 8572070.765219014 119675.9914870119 52162.22573975248 217483.75687768016 0.0 435873.0032173541 503846.2486546027 516378.4822303238 359573.8267727632 318433.0415382355 687795.3483106174 680549.4463850821 972324.0359025262 676410.8100725771 429860.907885186 218326.71566249913 157080.22421370418 0.0 113807.88469572912 258798.6449768523 786244.8257349381 455097.9349750407 702345.9788439556 0.0 0.0 0.0 70243.68763777039 69135.42171422894 42566.88259619831 0.0 0.0 0.0 2229077.439548347 290926.6331328737 742829.6804804989 0.0 0.0 0.0 0.0 0.0 0.0 0.0 0.0 637.6128362244641 0.0 0.0 0.0
-9999.0 -9999.0 -9999.0 -9999.0 -9999.0 -9999.0 -9999.0 -9999.0 -9999.0 -9999.0 503942.705257076 5998456.962610799 956720.9521936274 88240.60438219097 495034.3758870426 392908.2974045166 201489.48640086234 4482.4423717865575 7972.268117819596 377186.4471924971 541415.172836822 789258.3633302136 9622183.925327035 1228572.7960645575 407716.93726753094 8740905.844852047 10401076.522571743 1420772.8640172847 9808417.302820478 1106826.7292474771 841896.7705278322 9320797.216161916 7288989.632636928 0.0 586425.7471143259 3674.2898879962777 7735708.392924355 861166.2360049047 273547.4224612105 217903.4713595354 132771.94373974408 0.0 67902.75315325182 222712.44053119 146199.58365816606 85133.10762689341 144580.88862872816 122156.236831944 331861.1274813229 1134571.9289715623 203433.64116551157 0.0 0.0 405528.5666345238 282832.81046677666 449377.9249182391 1582547.1702084746 239319.10189068317 743704.9474554879 743801.1860103428 1304935.3056494447 2990752.725181049 2258329.464679541
-9999.0 -9999.0 -9999.0 -9999.0 -9999.0 -9999.0 -9999.0 -9999.0 -9999.0 -9999.0 -9999.0 5158729.788926852 829396.9255195782 786518.3963409073 850452.9452220575 1532513.2291347254 911610.5152954669 23101.230296109406 600124.1121438073 9247797.781481147 8906454.345335772 600843.0252143235 8938798.96903581 501690.0544136977 333813.4388155549 1411042.277707778 1276006.111395562 605275.9508162674 486880.9164278704 693514.1396013846 1192785.266486407 7192439.74374527 362877.94955486315 106635.86816773482 389059.9010291953 7265566.615310597 715353.1248115512 853308.8001698796 693557.2325083738 2378.010291407302 0.0 0.0 10474684.05943221 0.0 52087.856373189934 203956.7742872553 0.0 206780.8571959518 82614.62224462976 1234071.3916695022 789655.8083814833 0.0 589855.3477902752 483790.02481115033 1639801.4574104636 296847.39256527147 785558.8451702042 1317448.925260085 726087.4651319712 277764.5549917986 1106679.7542489981 2485352.0482113007 1988503.0989624306
-9999.0 -9999.0 -9999.0 -9999.0 -9999.0 -9999.0 -9999.0 -9999.0 -9999.0 -9999.0 -9999.0 90478.26718928781 9672649.943076113 6122812.519229013 9249892.904373549 8801947.281715464 7881937.790076441 7786352.84471502 432170.562911107 8131364.078454837 177369.9041847501 243134.1793548392 28756.389321599716 406947.7972002928 33331.49549302524 53797.290027476265 60509.35922156356 146670.3827166031 1360226.2897266103 9833279.068513984 10946827.674769685 57679.18296456806 8734763.446715489 6963934.618676235 115561.77089520378 819107.5002009766 11268034.768731538 1168467.9679697754 1229383.348042057 109910.09241051282 2276.7183846693333 214945.23638849106 0.0 96684.17063581853 185726.61421275217 0.0 236507.65310518479 202358.6588512392 158554.77085951282 276281.34987279726 237002.9816904657 873636.4958459298 1146310.7726344885 975659.0184421395 188735.79053456188 248429.38055853246 274242.10170749424 979432.17052283 1220315.7535381247 1372534.7783283205 1526068.305503958 1245032.0996935628 19385.858001642377
-9999.0 -9999.0 -9999.0 -9999.0 -9999.0 -9999.0 -9999.0 -9999.0 -9999.0 -9999.0 -9999.0 9345194.77102011 16275714.563932039 7286570.449372944 439095.0101984922 1121048.0776932826 8547706.049794253 8641226.126200825 152080.3988820331 70628.7466109421 31683.28060589978 17973.168657661343 30955.365791383563 39144.82230183894 24349.728550505795 418319.771013395 832036.6714303812 324517.81299869495 9781476.282479892 9699561.0918184 1256981.0635547133 9729290.115092736 8276073.765034047 375580.57854583516 9983910.551268796 9762803.110206712 8731921.725321172 10502567.583050216 10261032.175572662 372281.8039848547 643709.7651919037 10420096.91448744 9306148.388932599 114349.62945751095 234885.65137763595 115418.881304779 8821967.240529979 1476444.8616582118 1221234.593156563 918479.378023305 1116844.2384612816 2119912.8119747816 1867167.8018282373 1158424.0869529205 7024534.0018257825 767636.4695535009 607759.6398412322 1230875.9361224566 2331289.0058882753 2539832.0815567877 757684.1860926258 2013384.477213107 1762618.3003938384
-9999.0 -9999.0 -9999.0 -9999.0 -9999.0 -9999.0 -9999.0 -9999.0 -9999.0 -9999.0 -9999.0 3627198.6750806845 596254.8963892753 9875970.416667664 825293.4423380626 798038.4511487589 548579.9698122956 8390280.84326342 214681.78403022396 7528.728451018176 44267.91502660176 18072.660499695583 59090.99345713788 0.0 32552.248841474786 414284.5722503391 357000.51960448903 370609.02771724574 1031252.5140479098 737443.520521683 10410575.051633008 10878995.90618193 8556492.814263439 9435067.775745261 9589512.350343563 8642331.190303538 8674459.624636983 784716.1447324404 10291867.303538783 475150.91788577184 11335580.75314676 310951.6368816964 11439540.626779525 521828.07670293376 698590.9835773498 8343142.467101857 952385.8240854044 8521705.124617998 1984679.730147709 3025572.8538466236 2324536.2861678773 2413618.937162631 3280293.0424284954 1356057.8443237555 8918024.86645975 5652396.395154311 4855117.483471951 5189940.424030878 5321806.056902604 5960397.983628729 5086116.396152764 6167437.817468293 716396.8516556013
-9999.0 -9999.0 -9999.0 -9999.0 -9999.0 -9999.0 -9999.0 -9999.0 -9999.0 -9999.0 -9999.0 2169625.254418481 3706362.103241372 4192536.7450491767 5194952.99980979 4230426.717802746 5235123.563155824 4093911.345874522 120737.99652138869 113344.42762911003 84690.22277411669 3221098.256269899 3381.269521900249 0.0 69745.88836512386 80176.98220832983 107336.11680810645 280181.73810215824 1139229.5475429604 10863955.290270349 1650135.4316490674 9164899.565357037 10594174.233346626 8422313.484135265 8918624.314567428 9947405.719156614 8683807.440017432 1088769.9023446646 10460855.09179982 9624901.97752424 8621467.23121354 1240803.2768583219 812543.7886683753 9538214.251035832 7000439.355633283 2151665.8313683644 1114836.928516311 387808.2639452312 1287405.732006479 829506.4595824089 128739.36703254514 37000375.938920654 1402626.597533166 970903.8296648476 6331873.264383876 5434428.945327258 6785366.393578101 6850559.661943166 5022338.074211566 5131114.254915793 4045385.5697384495 4851608.285356011 3947503.5006008134
-9999.0 -9999.0 -9999.0 -9999.0 -9999.0 -9999.0 -9999.0 -9999.0 -9999.0 -9999.0 -9999.0 -9999.0 980069.9101477355 2027295.4539873642 2977769.7992175664 5689759.749536785 209286.32825198452 140594.34290855826 81967.22010067348 68212.81519953064 3553885.0256334366 3216164.482692293 24541.60581160068 142348.69884579905 71501.22338903553 191618.78489287687 301313.01961615967 643557.8996059899 9376047.23215432 9568694.835229052 7851545.23128389 8979768.775221007 9202487.203994282 10929166.197154582 8684557.939041918 9749948.911409544 6712593.089908265 12747630.326694587 10662810.427095896 10301723.022854775 9512740.847267585 9270180.454705557 1867490.8979693837 5934468.892295669 8592285.046949804 823181.8062759745 232915.19429561077 9163540.089726627 9286982.171865813 247856.48564534987 64878.0273033617 5806563.518404826 4749840.7003905075 6099202.026778283 6572145.20744111 6439923.341469774 7159742.086762531 6196615.007866532 6059201.387996199 4701984.026872302 3817244.049080774 3502236.3864201102 3485280.058907668
-9999.0 -9999.0 -9999.0 -9999.0 -9999.0 -9999.0 -9999.0 -9999.0 -9999.0 -9999.0 -9999.0 -9999.0 621106.4276899158 61465.065627528835 2823831.3334074896 4416468.799825224 3404701.139971756 408755.6211564718 420571.1272010999 250427.3308906869 275614.38383930415 27221.255342515768 3394823.425961901 3931325.039739165 22316.031621724007 32433.324232109524 458553.57972984924 4758298.50245815 7277689.527292721 8674002.545860898 8448068.618865743 10603118.925902475 9161702.775233783 9330180.527674636 10896729.061673526 12475188.317965908 7489656.005095178 9296680.843132604 595996.6740902563 8828183.355073355 6587732.121435804 611438.8262910573 504226.5219925417 11683994.069984335 9875377.069556762 7748532.532122586 325579.2727550503 110724.97815103304 54649.548347196906 5667887.901054465 4353835.009988813 434136.5211932575 6191417.166576266 5901673.547005356 5883804.646022933 5269384.683483062 4846453.159755968 5531094.595753415 6156091.960370865 4362081.628239915 3715917.614255063 3730599.8689405443 4270936.692886785
-9999.0 -9999.0 -9999.0 -9999.0 -9999.0 -9999.0 -9999.0 -9999.0 -9999.0 -9999.0 -9999.0 -9999.0 -9999.0 -9999.0 241617.33621538838 1864157.5030015246 3724025.688671879 3551491.6071095807 3890977.864556782 3188441.4505827036 3555793.0786926285 106099.67905038389 3219553.924229879 3403415.4505638517 25574.745476850367 111753.53184478304 182461.49949898067 144126.6099753203 8031105.698786164 277880.6492681992 1214673.380362288 7384294.119570415 8780289.898897482 11205783.606781177 8399135.68767554 761307.8556711329 9575093.871182827 635382.5341108977 741296.3690216027 2753287.8028324414 2116453.1782130823 1990983.6872080045 3392590.0755229513 3005114.942792824 2572936.8364277505 5492109.622736147 4389633.23645253 422432.4104758564 143072.91326732613 217774.26210503432 5049598.398491164 187855.8178228954 5731274.115707712 6532092.043071724 5415578.8264992805 5704761.749482367 5324094.721256321 5024009.938999974 5752153.424018039 4975763.628436811 4474760.119694566 4675616.960567902 5542352.524385229
-9999.0 -9999.0 -9999.0 -9999.0 -9999.0 -9999.0 -9999.0 -9999.0 -9999.0 -9999.0 -9999.0 -9999.0 -9999.0 -9999.0 -9999.0 98233.87889394947 184713.53674231138 4569521.162824305 4276858.568688831 3212550.534798984 3212881.6990773752 3406523.5507142427 3589850.733261644 25144.296748425535 17858.002871063494 3244271.771506837 136382.2813060496 3235745.5922599533 14594.588411424105 27017.00716561752 26339.95222367835 1448492.2079233476 1759961.5768860076 1893489.3814498084 1723976.1329105585 8578960.735606432 126963.08170133908 20703.714911906634 222908.68936972044 2539708.2378489603 2267838.1723907953 168232.8953411912 2638909.9954954484 2623593.9519598973 1971889.962919971 2398189.5961434664 2882468.866311691 607883.6638991046 370258.82218135474 424922.41516045184 325603.8678162587 434600.7143283821 6568722.155187385 657194.3327427215 4742413.423557612 5234290.005009598 5977687.965595273 4978390.981796896 4771891.544691053 5927364.046739403 4842836.855983481 5656091.389638221 4310199.607308328
-9999.0 -9999.0 -9999.0 -9999.0 -9999.0 -9999.0 -9999.0 -9999.0 -9999.0 -9999.0 -9999.0 -9999.0 -9999.0 -9999.0 -9999.0 -9999.0 -9999.0 1637259.0408587062 3570393.045560962 308437.8062793545 47741.56698452585 19995.783158948158 15499.381533173344 3243911.982782819 41246.9606890631 8968.863734643819 1631.8056645724992 1936.8725527103375 2598.429708884451 19375.40179416833 3164.0226163056554 1197041.5801013461 1576075.7003660472 1765747.3734762915 536936.1977114392 5159.157990858869 53011.4887976253 12585.774913000325 1193453.777733624 1799779.6863715095 1721305.2928362181 51308.921470889065 2295793.3561854493 2481232.4314817535 2673719.4200195433 2492559.304907758 4831530.439047919 3775482.336323932 4885310.718994245 88522.65683601623 322256.6146554696 347241.49279011495 362857.47243251203 279947.9438348247 6252811.028999526 6125918.253857024 6688579.623118446 5632957.06063585 5416831.010936102 4872511.793871103 4777452.104365621 4798440.66729455 4571110.810667753
-9999.0 -9999.0 -9999.0 -9999.0 -9999.0 -9999.0 -9999.0 -9999.0 -9999.0 -9999.0 -9999.0 -9999.0 -9999.0 -9999.0 -9999.0 -9999.0 -9999.0 -9999.0 2669961.996798906 2667529.242043708 141334.32509723224 89689.8749390877 144126.49097227847 14040.329678496806 3590831.4879012275 182816.5448756463 27070.400535622037 20739.15925405517 23241.014409407748 4846.008414339822 10297.427587209444 18472.37864879515 1260910.0812252492 1642586.8673825972 157196.60221533265 1133323.768120923 5317.853228542375 0.0 4738.787820129171 1130724.7856753494 342180.3628598727 235384.6597073924 2481105.6114781913 2531458.601986061 3058049.88780905 3247638.016817868 2072792.313658315 4071914.758038315 337834.0859410895 169736.44793029927 569814.3215209618 5017838.534838799 7231578.023677533 7023800.5792220095 7814512.2182511445 8343802.2859076895 6749411.257120576 5329238.79772345 6665627.364540225 5045753.66979881 6626268.156203719 6366648.646308825 4718765.966760625
-9999.0 -9999.0 -9999.0 -9999.0 -9999.0 -9999.0 -9999.0 -9999.0 -9999.0 -9999.0 -9999.0 -9999.0 -9999.0 -9999.0 -9999.0 -9999.0 -9999.0 -9999.0 1317084.0640788886 2483708.9323212453 178614.25258033478 1952385.3920760117 2460277.9705742374 3167880.9356239946 3898302.0073549314 3742599.1750775324 3760731.3962792624 13727.93575849535 101503.15476244842 26826.414031022923 43504.10277280934 50064.69309939972 138463.97707987824 36505.57858784643 1132289.0996040253 39764.05702613499 5790.358703006066 4283.048200054979 18522.352956052342 1822.392716173109 161426.82078624528 144887.2069117164 2357084.813579959 2420150.6126826014 2802872.1115896152 2065939.9047513432 488030.13767658616 3403009.3346524215 300288.152818857 120931.046656942 232735.09572242762 8094112.39906764 5272851.321085921 6850981.467344268 7759094.27848307 8242233.430694337 7558635.553988251 6650713.297442213 7269774.657789042 5574605.919405317 6007564.009316702 4523896.164643812 5264758.044487817
-9999.0 -9999.0 -9999.0 -9999.0 -9999.0 -9999.0 -9999.0 -9999.0 -9999.0 -9999.0 -9999.0 -9999.0 -9999.0 -9999.0 -9999.0 -9999.0 -9999.0 -9999.0 497410.28036178753 2411672.1934976564 2764044.9716648934 2662089.746298382 210199.2358276868 2804941.209381391 20893.24124105667 5707.068968789455 3224653.544003583 3220988.5254844483 3780372.3135835733 1137336.3639775347 135249.95200189424 55241.54884176773 81956.70286512077 1141265.7573597527 1421894.8915374815 70131.58373328188 60464.61339790699 79496.25500074637 154992.1949123525 187696.4921369853 247268.68275010143 2874405.9919309816 2629406.1080743237 2361762.099859733 2191897.5583513775 2116654.5049488153 240681.5820186186 3666869.7147095427 295011.6554833701 266769.77051806287 796331.2251290471 8409926.340702288 4789760.768415077 7934869.51517303 1255597.4915593793 484558.724481406 526980.9230355874 607830.5340532414 6725496.627481347 7256342.4858700475 7519203.428568553 7309492.564342976 8011704.521550778
-9999.0 -9999.0 -9999.0 -9999.0 -9999.0 -9999.0 -9999.0 -9999.0 -9999.0 -9999.0 -9999.0 -9999.0 -9999.0 -9999.0 -9999.0 -9999.0 -9999.0 -9999.0 -9999.0 1288310.123028732 2352288.982933162 2412084.4736318546 3159693.60580983 121621.23244531121 86.13331901619343 1750.5770210581657 516195.06074560626 4447426.846757058 494233.70407324977 325503.1403975306 280720.2554673665 1519033.755320636 1413306.7804549043 1687775.536495878 235979.095052608 1195432.4652470686 1386710.233132419 1683152.8335740417 1877850.2479444158 3152131.0302910153 3024410.972066167 3130259.920333655 2901227.92249612 2390062.3908356046 204996.30820883263 292777.8027588483 3555708.2115187105 4824890.7747563105 4369338.230054337 4153470.161736211 7715842.530214271 8712638.85421982 7290005.430511564 7956169.399292983 7644488.233664857 7928712.445290651 1028502.1548698096 8743620.960611872 7045616.656497902 1020146.5306451157 8538954.913745679 1365232.066842509 7295425.067400264
-9999.0 -9999.0 -9999.0 -9999.0 -9999.0 -9999.0 -9999.0 -9999.0 -9999.0 -9999.0 -9999.0 -9999.0 -9999.0 -9999.0 -9999.0 -9999.0 -9999.0 -9999.0 -9999.0 -9999.0 34411.96220607246 2000249.8282547023 170378.09930938808 2276.168182696321 5331.956895034311 11612.575273960227 27421.1204792654 18462.51064042104 469010.2576663522 1392763.099325537 1269398.7332114791 1582913.0793310413 1832695.0041401277 1230806.3159523827 1635555.7755641746 240618.15946591244 1886238.3232082857 1642941.9330878698 1199297.0248774567 3053681.973044694 3508743.189663839 3371701.3505924423 3071394.339410814 1871855.9409759352 2236070.187318825 242820.80672979972 4777519.6013497785 4922750.715908829 4223430.731989038 5149721.041124936 5791653.415908145 6601594.195437215 6532313.216751186 5811654.797648323 7054320.513374086 6666090.96417046 6855924.341047985 7872049.993320916 7873499.162621465 1004995.1689263151 8862170.141969085 1413539.6622601128 6712474.556564888
-9999.0 -9999.0 -9999.0 -9999.0 -9999.0 -9999.0 -9999.0 -9999.0 -9999.0 -9999.0 -9999.0 -9999.0 -9999.0 -9999.0 -9999.0 -9999.0 -9999.0 -9999.0 -9999.0 -9999.0 -9999.0 0.0 1067816.9630725274 2087948.617325082 2333853.1748113115 1784544.3803817043 17128.84760075839 13246.512650054001 1271168.2560407997 498043.46726401115 1328754.9014022495 1643510.5349006557 1707694.13063476 1831211.8626197618 2019172.783608245 505824.16988909757 1825193.4616271756 1826008.9376180698 1962267.0532157589 2401295.6674321084 2594044.0293724593 3080301.8823996745 2984629.0764696407 2652655.471026268 2160623.493337938 2055315.689903066 5690677.792075068 4391281.858129162 5351764.473534281 7150026.660917995 6973535.756263752 5305737.949930701 7955400.928915455 5486400.741772768 4752244.7496233145 4954985.3752885945 6447968.904859811 7545928.380992303 7257127.826415332 8574675.733720807 1350497.7772146063 7356329.510268916 7621340.442596855
-9999.0 -9999.0 -9999.0 -9999.0 -9999.0 -9999.0 -9999.0 -9999.0 -9999.0 -9999.0 -9999.0 -9999.0 -9999.0 -9999.0 -9999.0 -9999.0 -9999.0 -9999.0 -9999.0 -9999.0 -9999.0 -9999.0 -9999.0 5397.657377527798 1528011.2013198612 7989.055158601475 1884.2841653962491 4761.063112120881 14122.730808729935 278105.770350348 1138107.7203516522 1709186.3368302581 1959156.6122099285 1948931.7072674048 1804551.0431395122 1878639.526863051 1822659.1653896214 1690898.3481138784 1636314.6863057103 2238703.0921843527 2906125.8572345227 3059487.838267901 2889910.4075381784 2977368.390569722 2923531.725558891 0.0 3348846.0078752893 2939734.291521216 1543852.484808506 2075617.1421610136 1544359.576295269 126784.4148597121 118603.57039214132 841354.7646687236 4595967.507987695 5302110.869855254 6329696.985615239 6518163.024825969 7598990.488002091 7312515.769716163 8154122.084498028 5046512.439787119 5130750.722603636
