critload/trunk/output/2010/fert_man_agri.asc
ncols 720
nrows 360
xllcorner -180.0
yllcorner -90.0
cellsize 0.5
NODATA_value -9999.0
[rows 84 to 111 of 360, columns 441 to 503 of 720]
3699015.001079431 3516641.383378477 4794761.717622214 0.0 3439874.680254664 5439134.677842324 579977.7380715203 463204.6445156816 585609.4170806819 914940.8109393627 369675.26732138987 267089.8571411335 47904.23206581697 52596.853430273375 0.0 0.0 0.0 0.0 0.0 0.0 0.0 0.0 1692.5617655774095 0.0 0.0 0.0 0.0 0.0 0.0 0.0 0.0 0.0 0.0 0.0 0.0 0.0 0.0 0.0 2773.327913603347 0.0 0.0 0.0 0.0 0.0 0.0 0.0 0.0 0.0 0.0 0.0 0.0 0.0 0.0 0.0 0.0 0.0 0.0 0.0 0.0 0.0 0.0 0.0 0.0
2598720.6826746636 2283866.930092681 2949594.136581994 582076.158796134 3471271.292863819 4500278.823490372 351484.4895629585 185155.4736542782 355082.60936311306 139523.24279597768 60316.11776254756 0.0 39275.44369500023 60492.85402065362 77910.0238103427 0.0 0.0 0.0 0.0 0.0 0.0 0.0 44443.75247203541 0.0 0.0 0.0 0.0 0.0 0.0 0.0 0.0 0.0 0.0 0.0 0.0 0.0 0.0 0.0 0.0 0.0 0.0 0.0 0.0 0.0 0.0 0.0 0.0 0.0 0.0 0.0 0.0 0.0 0.0 0.0 0.0 0.0 0.0 0.0 0.0 0.0 0.0 0.0 0.0
3153468.918991196 2716646.5317868358 2278027.7470318004 4643176.949465628 2988013.8005143655 4805576.944322315 256363.2678694893 283888.9073970953 85706.79862575106 21601.02721535902 2351.702084981083 75.94359591743057 0.0 612.9598081761068 28910.523003910213 122140.89175905877 65974.4176695206 0.0 0.0 0.0 0.0 -9999.0 0.0 0.0 -9999.0 0.0 0.0 0.0 0.0 0.0 0.0 0.0 0.0 0.0 0.0 0.0 0.0 0.0 0.0 0.0 0.0 0.0 0.0 0.0 0.0 0.0 0.0 0.0 0.0 0.0 0.0 0.0 0.0 0.0 0.0 0.0 0.0 0.0 0.0 0.0 0.0 0.0 0.0
3244822.582975572 3493354.9053197047 3392963.0881199194 3847228.5461871917 2758873.7965114648 4870673.328364349 514160.0692462294 397048.04566453025 244219.5003990575 54547.66346779123 8734.516314879314 1208.999984962063 0.0 0.0 5185.285209184077 167253.6467130334 86607.64925289665 0.0 -9999.0 -9999.0 -9999.0 -9999.0 -9999.0 -9999.0 -9999.0 0.0 0.0 0.0 0.0 0.0 0.0 0.0 0.0 0.0 0.0 0.0 0.0 0.0 0.0 0.0 0.0 0.0 0.0 0.0 0.0 0.0 0.0 0.0 0.0 0.0 0.0 0.0 0.0 0.0 0.0 0.0 0.0 0.0 0.0 0.0 0.0 0.0 0.0
2608619.9823615556 3542135.08600431 3328756.632209765 3003319.9628375596 3611937.3276363984 5180980.393197368 369863.0822517552 309357.22315051 322994.7598371836 112816.27175679516 14848.667718969 423.5795932655278 0.0 9326.185710035297 206433.2881567221 159832.53936016193 0.0 -9999.0 -9999.0 -9999.0 -9999.0 -9999.0 -9999.0 -9999.0 0.0 0.0 0.0 0.0 0.0 0.0 0.0 0.0 0.0 0.0 0.0 0.0 0.0 0.0 0.0 -9999.0 0.0 26573.105192211166 1893862.872649956 68256.8078196904 0.0 0.0 0.0 0.0 0.0 0.0 0.0 0.0 0.0 0.0 0.0 0.0 0.0 0.0 0.0 0.0 0.0 0.0 0.0
3327240.885305818 2688630.2972166515 2301936.315002114 2469588.00996847 2498653.0470677894 3318139.5117014768 4829870.338442437 190165.3743685907 223540.99422226037 205931.64517688964 4711970.464939363 24455.10072298758 31027.072888299244 60985.75793411573 -9999.0 -9999.0 -9999.0 -9999.0 -9999.0 -9999.0 -9999.0 0.0 0.0 0.0 0.0 0.0 0.0 0.0 0.0 0.0 0.0 0.0 0.0 0.0 0.0 0.0 0.0 -9999.0 -9999.0 -9999.0 -9999.0 0.0 1507.6168592019767 0.0 0.0 0.0 71101.70351584397 147325.08146658595 108614.8059816524 72539.46782106961 950.3951750424628 0.0 0.0 0.0 0.0 0.0 0.0 0.0 0.0 0.0 0.0 0.0 0.0
2794387.437293373 2830316.7158331904 2536172.4631015453 2061144.2864017722 2021740.2985569513 2622703.546928522 2485489.6052825954 4733596.483822875 806429.7034651724 587812.2534280844 152836.9966553097 96710.6178502407 3628582.641404583 0.0 -9999.0 -9999.0 -9999.0 -9999.0 -9999.0 0.0 0.0 0.0 0.0 0.0 0.0 0.0 0.0 0.0 0.0 0.0 0.0 0.0 0.0 0.0 0.0 0.0 -9999.0 0.0 -9999.0 -9999.0 -9999.0 0.0 0.0 0.0 0.0 0.0 760.4176612941532 78842.41389039824 2195016.1015975624 2332221.2510260185 46728.40057168256 0.0 0.0 0.0 0.0 0.0 0.0 0.0 0.0 0.0 0.0 0.0 0.0
799421.3030891165 2108630.6226651664 2563620.754602382 2765955.0839880984 2335551.0632013027 2602611.3305377327 2879296.445783887 2602977.2660802845 4666394.592483205 5251375.730639147 170910.2656215402 3979476.293653406 3674358.946610165 0.0 -9999.0 -9999.0 -9999.0 -9999.0 -9999.0 1554.8917903716724 0.0 0.0 0.0 0.0 0.0 0.0 0.0 0.0 0.0 0.0 0.0 0.0 0.0 0.0 0.0 0.0 -9999.0 -9999.0 -9999.0 -9999.0 0.0 0.0 0.0 0.0 0.0 0.0 0.0 0.0 0.0 0.0 0.0 0.0 207690.2139254194 7508.3267006840415 0.0 45090.959260711534 16963.810694975775 0.0 0.0 0.0 0.0 0.0 0.0
15447.577285277508 214917.6598483992 516395.3840350196 483391.7774200321 668917.1949648788 2422070.2054039026 2906905.9607188944 2704331.1281144954 2955358.655060403 4685300.712102205 658122.9233646751 709298.3848018859 3873268.6000746554 3256225.54409124 0.0 -9999.0 -9999.0 -9999.0 -9999.0 -9999.0 -9999.0 0.0 0.0 0.0 0.0 0.0 0.0 0.0 0.0 0.0 0.0 0.0 0.0 0.0 0.0 0.0 0.0 0.0 0.0 0.0 0.0 0.0 0.0 0.0 0.0 0.0 0.0 0.0 0.0 0.0 0.0 0.0 3481.335983431497 98782.30326964967 4092.846428926383 0.0 2558.3260146673374 0.0 2508485.9985260065 2317850.1736024534 2327776.0962791773 2524422.2458553663 2524038.836932685
6990.979341143025 2589.660167688278 4424.3264359105915 16259.027465172114 39823.77077173993 87852.46350253449 617259.1639041181 2789132.3932481683 2645401.8061773507 2513800.3828528407 3070479.768574018 2450840.1993936263 3015184.0484479433 4819109.673401045 -9999.0 -9999.0 -9999.0 -9999.0 -9999.0 -9999.0 -9999.0 0.0 0.0 0.0 0.0 0.0 0.0 0.0 0.0 0.0 0.0 0.0 0.0 0.0 0.0 65933.40001600672 22394413.97796563 8813029.359179648 22397676.3406692 9250133.420074318 1195426.2157847555 0.0 0.0 0.0 0.0 0.0 0.0 0.0 0.0 0.0 0.0 0.0 0.0 41270.62894723167 2466738.042213831 1709616.5922961321 1822751.8371466068 0.0 0.0 0.0 0.0 76655.59811128987 208751.116720717
-9999.0 3129408.0444586338 996944.230226148 37586.58275344241 0.0 0.0 3782.018354918459 1888.766088222509 14748.074669903857 7788.786966274945 69310.66802632921 205979.34517069478 388703.4153136124 3275314.6107589193 1528775.3277944943 -9999.0 -9999.0 -9999.0 -9999.0 -9999.0 -9999.0 -9999.0 0.0 0.0 0.0 0.0 0.0 0.0 0.0 0.0 0.0 0.0 0.0 0.0 0.0 1334966.6402671826 15454484.314657839 37189021.87515469 38186393.22268236 4052380.818597296 1074643.384502696 0.0 0.0 0.0 0.0 0.0 0.0 0.0 0.0 0.0 0.0 0.0 0.0 2474582.2182175233 2644448.2265825653 2207534.8603292294 2039101.7678351311 19887.44229924454 19134.48673135351 12713.126397275586 0.0 0.0 612155.2913974769
-9999.0 -9999.0 4793655.106749136 6390522.172474603 4161721.2984695164 465106.3094339171 489643.89029719617 416916.9112711866 42733.248249207914 65678.23400021295 14544.202727356875 89714.69439853025 216305.56503431257 500566.39769444044 3298271.355233218 1478796.4110206314 -9999.0 -9999.0 -9999.0 -9999.0 -9999.0 -9999.0 -9999.0 0.0 0.0 0.0 0.0 0.0 0.0 0.0 0.0 0.0 0.0 0.0 0.0 657016.7063702274 5281881.933294293 6415599.702200873 940055.1642432985 6706285.010372663 0.0 0.0 0.0 0.0 0.0 0.0 0.0 0.0 0.0 0.0 0.0 0.0 0.0 2402418.768536741 0.0 2098676.6876295987 0.0 0.0 38319.96619415616 13655.346776116556 226351.46198829194 724174.1363795 4710085.097534815
-9999.0 -9999.0 646443.0590748644 92938.4177596383 141975.7519915658 102497.10096259779 155168.5765440736 169941.53439103512 11788851.002202291 11300052.929370034 12916641.70606682 4847676.811067061 87746.65641063929 157710.64380195475 409004.011278255 4406019.308519795 3417314.3167539495 -9999.0 -9999.0 -9999.0 -9999.0 -9999.0 -9999.0 -9999.0 0.0 -9999.0 0.0 0.0 0.0 0.0 0.0 0.0 0.0 0.0 0.0 0.0 1113609.0025995767 980395.6155268656 3542083.4026783677 36176196.24767872 28342737.73079668 21063435.670216784 0.0 0.0 0.0 0.0 0.0 194669.16208468738 0.0 0.0 0.0 14455634.343282156 2333179.3528720047 2062997.7142558792 1633008.560332904 2335606.3218102716 35104.703973246134 82412.07565676922 0.0 5456476.965668713 46725.92255227755 3950359.8731299415 4003168.9285126273
669376.098400309 1317408.4266783763 1340578.747606373 1986139.5321230153 10126221.647429682 334031.9896451179 13809680.843388934 274320.3563038215 11495566.95363733 12135740.85312745 385549.2235278876 118466.27805948516 4582869.192496056 204651.2933486113 108638.72997050078 75986.74343714284 7344432.738124932 77363.75240778786 -9999.0 -9999.0 -9999.0 -9999.0 -9999.0 -9999.0 0.0 -9999.0 -9999.0 0.0 0.0 0.0 0.0 0.0 0.0 0.0 0.0 0.0 0.0 0.0 0.0 495273.79460959334 4783313.500878459 5805050.983860069 296335.22679247917 0.0 0.0 0.0 0.0 0.0 296662.7780088872 0.0 0.0 0.0 0.0 0.0 3050.09177864964 67084.46495127163 2283068.6056660246 39456284.1762127 2303604.0200240654 472015.03370230366 1090.1554818104942 251986.01990859024 20206647.207671482
1132372.088889867 899808.3410345758 758205.7557743026 6307391.551330542 10221115.128496297 11889803.12960817 12163392.625810863 7872714.413527774 417317.9430568276 302012.8170547255 9389104.316768115 10065561.732040673 6318023.701848924 6781610.552907414 7089227.780531493 6767818.083816041 126300.85185305579 70223.61538955942 40811.41120842581 15667.369143445132 -9999.0 -9999.0 -9999.0 -9999.0 0.0 0.0 0.0 0.0 0.0 0.0 0.0 0.0 0.0 0.0 0.0 0.0 0.0 0.0 0.0 0.0 0.0 0.0 0.0 1689560.4173383585 0.0 0.0 0.0 0.0 0.0 44697.55966446395 1408526.1182353324 553453.7865671396 0.0 0.0 2896971.1896429383 0.0 26707062.394292884 44267069.78207238 2927006.648333614 1337780.1615693038 7565492.604671624 35331332.52351047 43215188.00394058
1532173.3581523548 5971237.46605252 1245720.2929699603 1736436.2069470794 6497695.529627429 6375405.670238195 1326462.4977485174 10066083.166182507 7204481.469640346 248823.08903671557 399440.99166555743 67634.72753372716 133275.74431263373 6744868.940295885 5974815.501170817 6223396.699782981 12240042.767238589 13432678.719906101 5077.492579297819 32794.20153373566 -9999.0 -9999.0 -9999.0 -9999.0 0.0 0.0 0.0 0.0 0.0 0.0 0.0 0.0 0.0 0.0 0.0 0.0 0.0 0.0 0.0 0.0 0.0 0.0 0.0 303589.62755096133 0.0 0.0 0.0 11071969.145039199 21386072.07185971 14269195.770147886 570487.4894490556 5551693.319835999 2415881.790240026 1874472.9010939575 2132438.476127651 0.0 0.0 31901930.82757356 4678008.548071487 3247230.250275812 21124802.04837951 6853312.163875438 5528727.62555032
2038211.773862426 5524619.161415314 3596047.574456425 1180708.0290163553 3794974.359146146 8032113.294447023 7103098.591138074 7581201.81878165 11405104.155970542 351351.32798433985 402894.9981404023 53548.186622003115 141013.30638538828 10180679.868195906 6457405.999349842 6858816.12786169 9044370.70130709 163792.1645657771 -9999.0 -9999.0 -9999.0 -9999.0 -9999.0 -9999.0 -9999.0 0.0 0.0 0.0 0.0 0.0 0.0 0.0 0.0 0.0 0.0 0.0 0.0 0.0 0.0 0.0 0.0 0.0 0.0 0.0 134660.97490463007 152133.24929407812 5160924.777498988 25147327.752966974 3675984.504760921 1345463.5175814 1276900.9197185622 22625315.165680427 35060622.95019318 25910877.40638733 2517415.0922349934 526262.8152191144 677174.2936925606 1795540.1590170604 109730.17473614415 36142.347736107724 57527.72029865784 88874.78415083096 16557.45737530729
1588537.4474910328 5864803.719032716 7508479.071794074 9816243.260688202 11998179.59585205 4283242.874803647 3694293.3928267127 8862668.50187812 12269514.34067678 16539663.465107156 15393722.263317335 281476.0962421214 121436.50754903286 1440509.4290981202 10440194.42602891 4369179.646429026 7668856.259087416 4961227.815667626 -9999.0 -9999.0 -9999.0 -9999.0 -9999.0 -9999.0 -9999.0 0.0 0.0 0.0 0.0 153261.2963576847 1087562.4600694538 1300433.7507612319 227429.55432488403 0.0 0.0 0.0 0.0 0.0 0.0 0.0 0.0 0.0 0.0 0.0 223200.85822958278 1393179.177554363 5574018.25277749 52900.31437458738 2600795.6149915517 9794378.877189565 18651752.69198822 13682997.667525053 16226886.938386494 1386468.3312660058 2142512.8702952075 180722.68583144035 0.0 0.0 0.0 219469.60771551146 576709.9531959498 0.0 237658.82561138092
2268784.976219267 2685313.008428302 8657480.592481721 9358715.473258924 4344260.679875428 1856565.4455546218 6040205.829651708 6893008.5237756055 961936.7360771274 11853100.819990562 1288509.0893525374 7220466.349798333 7272906.471128 384977.81462087884 922011.2598523104 52583.35268534614 4845480.670960144 0.0 -9999.0 -9999.0 -9999.0 -9999.0 -9999.0 -9999.0 -9999.0 -9999.0 0.0 0.0 0.0 0.0 0.0 331833.0743276459 1108151.4821538099 1314666.930574593 0.0 73328.8403531715 0.0 0.0 0.0 0.0 0.0 0.0 0.0 0.0 0.0 20400.58805544776 1452073.9123069579 717092.1706828078 519086.7706892315 3628687.2618518337 33851046.539820455 21478697.889968693 1388417.719465676 1699377.0745949282 1889056.5445996837 735469.5525662977 2425756.9494184367 202455.76887020096 242638.67648268747 13804238.986577664 0.0 0.0 0.0
12609037.07688556 10228308.627644986 3224939.1083245687 1715122.248027539 1077962.7451708354 4996696.981827286 2289861.4698429126 2863864.403264031 14654809.030165596 1039184.9226973975 13942498.444937786 10533394.488838375 1188864.5015481075 11043202.338651389 9797059.92901777 12983200.121122342 6083048.23215785 -9999.0 -9999.0 -9999.0 -9999.0 -9999.0 -9999.0 -9999.0 -9999.0 -9999.0 0.0 0.0 0.0 1239.239840116449 134978.33967431323 518035.3690584639 298302.73748227244 694077.0906271664 1287857.6941082445 1365501.3338546169 220841.96888652784 69.33663488269295 32.47738293276277 414936.9379858272 4836.630935834909 155198.6032421005 724459.7186209136 260206.54959891672 0.0 0.0 0.0 536088.4923373737 412676.4211475166 647604.5657059586 539116.674050425 0.0 0.0 498422.1984932094 18674840.538250312 2360656.3436790225 3434854.745800938 336673.1743982951 2864651.7724452945 453397.1494290334 37281.75416336436 25331.146734531125 0.0
15715970.760297932 12631055.92807364 7198815.701121543 4340109.324287562 1617298.7059376598 1491052.3578677464 2501751.774606078 3834490.8661234407 10249519.9953332 6631029.516449485 7606217.820627301 10589112.749047691 1392096.5385701188 1342756.1180683146 11099562.523464663 1022816.5705354929 7610939.721168062 2703733.203427973 -9999.0 -9999.0 -9999.0 -9999.0 -9999.0 -9999.0 -9999.0 -9999.0 0.0 0.0 519901.4735081103 1201492.4726191377 2172666.693268826 7245305.986014533 8655512.54493276 1050638.958640968 444761.3708347973 308369.21058858506 672566.6212234518 1739763.7041908305 640930.5743444422 1586317.6136253462 3343546.737293222 1803658.033877573 26159500.449409112 25917832.170408577 153245.85807393145 17201.308487069804 0.0 15815.733659047944 131254.1570215241 746801.8364375272 535387.7372085578 137976.27120661098 1278157.3580967088 19878022.01411309 18767376.242140647 1272803.0931691388 11875378.319560431 15233025.568728266 1989557.7931671352 564618.8536591744 18166.436069540832 20449.61691836579 85027.98471083821
12474220.385209465 12035916.158318307 14858072.841538157 13779411.528693393 763437.8032011206 223064.5270289156 950931.2280279901 2276850.419231635 933486.2306560269 12200901.852078278 7355590.254224263 17268723.14306095 1343286.7527819609 1366927.0931946207 13097163.895879058 921262.2935521468 763904.0176120743 12900257.090363814 15185550.011478402 5673307.515062317 -9999.0 -9999.0 -9999.0 -9999.0 -9999.0 -9999.0 288.8136003774174 1081083.1192443937 13789084.799803283 14830525.960977301 1327508.802591173 234685.43672476278 6700493.464084368 10606159.937594382 8526300.277188318 12927186.386608938 679138.2371530634 9632644.100190222 1083637.7942431879 1591317.7566434683 438535.5656573005 1017569.9420307117 338495.4855388077 1157644.3970424633 0.0 0.0 0.0 0.0 106652.50089442871 1147263.632831414 325787.06232321623 1346832.4983964183 1941213.790526478 1778303.966245228 3085798.755017516 4157794.3692263495 8474101.98228888 26380365.73464089 415494.5244370141 30895.58008779563 169402.35932561493 47552.7937358608 0.0
11519222.504910382 11777301.7135383 11157166.634524006 611591.0594928132 417599.7885989727 684355.328480532 317583.73003904097 1006729.1261860763 283441.603518227 13622123.092626587 12186156.222573463 1914268.4338304498 9116254.415825855 9845356.66229514 875097.8173254654 1110976.2653325307 992440.9081326441 756116.657998367 881572.8237318164 8703284.291430417 8648295.63796142 108153.863844123 2417401.21853612 0.0 0.0 793036.8362479308 7525817.924424879 12131626.190581562 1886191.289367777 625463.0649928722 329444.1100332528 91168.43788451985 611827.0386202167 9016620.089879148 8018587.513519567 473517.72359307995 9581894.79897886 8654400.1220184 6843215.905789471 159198.64047813555 414838.61412835313 1519955.7827536352 0.0 518947.49325393105 114648.95237647857 0.0 0.0 0.0 111722.5183669843 1289543.1549369907 6310628.094756361 5936472.411130763 8774272.954423038 1425820.590855105 1611314.504320514 353870.6987483989 5370514.168797177 5363847.992500723 428355.7154136423 1868165.9283476085 2288497.295784688 111474.85223731984 438337.9070375354
12058230.27398253 8589935.858137479 5559901.905076468 4494602.82092747 1583285.258156059 4805314.451157983 5397780.879280139 8037455.881023444 4326313.297320923 6529732.983898301 9992389.516608324 515097.9336629868 1166461.592273341 618136.6138768926 9831958.757609412 14598864.678395996 1708158.1323587243 13328232.53506262 2090102.3358303593 14187154.47338517 698696.1207361402 7667255.893933918 8777099.348635947 833014.4091436935 177799.64155392186 16449.94374117961 675928.5561439231 209664.80125838993 293177.34827742126 132968.76719740266 516754.9084757885 0.0 115431.03893313186 216815.6670035258 7350419.352097212 7317978.665844728 10837693.748776708 8023168.327865128 9306565.98379384 822077.7087295959 426386.00237114326 1496523.1967706496 0.0 0.0 652954.2726331231 8339.340749002406 181861.78388737273 306315.65918139304 4399639.274355893 199064.700618284 987910.6262095214 371191.38462660124 523531.5426014437 3971.490152931124 336893.8728370349 179598.881725121 1817318.83282717 2916548.9613776477 204568.8021992136 66639.5788393411 30975.913487611968 5741.807394226891 13668.773835390246
12278737.102754598 747067.7611254535 415002.5982017777 551691.5805394946 160695.27305106926 5500966.236247761 5186025.95773739 6950555.283266844 7456826.619540171 6003792.716870956 427380.9577464809 1944329.8805316442 9826725.802167129 1095747.0921325854 12398386.681665117 1274288.3812319858 12233525.846783955 1425243.1125720465 1776953.296399957 955213.9198690582 1727574.0543200776 11323476.051378276 742399.9377819 803278.9376084288 465452.3395052585 397747.18504987966 213.89073745284261 287867.0080592347 0.0 0.0 0.0 0.0 12586.070839400794 30477.56072383869 67409.3135839855 112862.9461748369 654902.4669226179 1519775.0159758516 8940210.117673282 1001707.6313023188 486485.1792870687 606261.6245459729 16645.796891450736 7630.867600230182 104891.39454679807 3717099.512893388 3765911.070465083 5291370.322370968 3330678.78988266 219264.18588758894 237827.55200305968 2332105.278988336 243939.21962363028 59600.35921799822 44000.54853735758 33724.540582034606 310069.93931109086 2103086.0741909393 234334.99461009254 28153.767235114618 18890.732772635583 27672.2257074439 2220842.1941164266
564187.7213656692 21472.307606238526 0.0 1386.660397105382 4733.228098018327 752956.4160059495 8099629.381753355 6381535.344524136 10265817.482360214 7844457.927601751 6069895.809960311 11315821.167844482 1048912.1098706494 1576661.4211946875 1742629.3641764363 14695064.205200497 18113718.129817456 1855972.2565513689 1223991.4148216662 727805.6182400455 216586.467753565 616035.8682074405 10507878.846204804 822973.2861020673 356382.58920196106 53074.534852291115 0.0 0.0 0.0 0.0 0.0 0.0 0.0 0.0 782547.215887377 1371900.8969791818 880926.4563378218 10309934.50548174 9871572.873917961 9351402.697999503 9554183.386522958 78837.3141908203 122081.5622202562 2244066.982109814 426104.89789904456 878206.6330083836 51021.075484192224 11327.983837026602 38663.420531371914 61054.61540194421 58060.0098448888 85972.35193721228 20411.670198716285 14668.301358463666 2085514.8114959726 1911665.4740560916 87470.71444252357 3349192.337910285 1721919.6502146437 56338.077218077364 35432.20560438481 9336824.399530249 32485794.613238707
9647534.693659881 167.4327615274961 0.0 0.0 0.0 101180.81151057221 913204.6515896835 819391.0502496596 7341901.482582877 9031329.795882585 13318325.197316078 1291512.2278609339 1013582.7143018489 1509646.6485457262 1728368.5017953834 14572071.694498176 1075040.050781352 1874080.555009083 591961.9183202959 897457.837376578 766487.1242214019 557429.6477200413 1984.055027473412 0.0 0.0 0.0 0.0 0.0 0.0 0.0 0.0 0.0 0.0 0.0 65309.63882198135 61748.33409870908 699592.8629857678 1037090.4143275358 1070165.7454559847 649778.9999088338 1377781.0340709898 704030.9358761945 23218.833893162046 1898976.5734923289 53761.011174649466 2418930.857705473 31641.077416355987 19111.41620531289 11103.099583229268 217189.58464905975 67865.90263403222 63175.381563368115 1699772.8937488466 73754.71193349635 2077149.8588316382 207565.51669496464 2506766.573658356 4650819.545150195 1594186.6294431807 648836.8264441509 3937458.949574962 28513129.604788158 12345301.44185918
87336.9187225315 166684.01884080656 15968.666525044478 109067.22106487899 5238.712154191728 0.0 372340.9482098496 6281970.134896872 5857272.936486073 8772001.101306994 9793908.061092436 733751.7231688212 539638.0421292156 1017368.425393094 1439003.4336851293 1825781.6915101625 1947836.8941476876 1087110.5098093576 16459600.489055585 452322.2655987856 109921.65855851193 496403.7581877544 34948.511443762836 0.0 0.0 0.0 0.0 0.0 0.0 0.0 0.0 0.0 317.0369362562263 0.0 7240.235785997289 121625.74602342072 313470.7557264253 102250.60816484991 100272.40410293077 36987.9243964512 56053.657848123956 664638.225216765 1517927.4799611894 6856877.277195109 4310154.725717095 3407288.380433172 2024986.1552910046 2098834.039341186 2051410.9068325472 57324.5271429554 46278.26401002816 113708.91441300858 148554.62578914704 198795.12507607392 350736.01589505025 2560871.026267147 3119433.882367264 3547892.823943139 1964589.3028987302 5890646.117176338 4794846.33623961 30632195.153992686 57677909.76526515
