critload/trunk/output/2010/fert_man_agri.asc
ncols 720
nrows 360
xllcorner -180.0
yllcorner -90.0
cellsize 0.5
NODATA_value -9999.0
[rows 112 to 139 of 360, columns 567 to 629 of 720]
374102.05724015104 1547264.748912615 15657611.326287314 9194798.201953396 14526915.576694876 12297737.633308407 436143.0599773472 4244076.462744048 2405078.767690139 2147515.1398706865 592328.5466703508 1904091.9023652994 8528731.682263654 5877490.235760825 4963849.534223747 3472856.2660003086 4146140.1278399783 3215000.4444492334 11054657.621453457 49433328.27947682 49065984.58779824 36158436.3373771 36426626.06681775 43004882.59600437 26338243.245141342 22485599.143001154 26508567.65010878 31008426.355575703 27635238.63586524 44968518.346803464 43524996.27619444 45174004.28166998 43922700.50176768 31051517.46149327 872343.2864262715 -9999.0 -9999.0 -9999.0 -9999.0 -9999.0 -9999.0 -9999.0 -9999.0 -9999.0 -9999.0 -9999.0 5546206.927970466 -9999.0 -9999.0 -9999.0 -9999.0 -9999.0 2892132.396023825 6473430.008424493 10564116.118326716 11363013.337371636 3767239.522395838 1351150.7143861828 4060490.5083965417 3874702.7358565596 2676277.947088148 0.0 4504489.08843169
591463.5519337502 6859287.125241702 7525870.395627357 5744439.007850068 2551919.871234615 1829217.678571847 9278243.83247894 17006197.108541124 6639623.901178935 472167.074028163 348577.2644233045 1863596.9616953472 5446509.913613016 10341464.2090513 2501149.6998544787 25546763.624005705 29687824.472184416 33952916.33356177 39434165.80800268 40831876.038604215 43832193.38640246 36573124.996023506 43403117.84377541 38549626.52537694 30638396.06819322 32484772.84037314 28525554.089676164 27923829.691139787 37658331.16512945 31943283.53512998 24390455.351267133 42809612.43183583 36688369.34842624 36126243.93023825 18064899.934505817 -9999.0 -9999.0 -9999.0 -9999.0 -9999.0 -9999.0 -9999.0 -9999.0 -9999.0 -9999.0 15047476.713225018 13361882.425548643 -9999.0 -9999.0 -9999.0 -9999.0 741131.0565818017 1366256.2979805996 11388139.56369472 6557284.161884936 1089083.355087306 5138766.5222617015 0.0 1008111.5238441292 1975558.262117019 1093522.6688895456 0.0 -9999.0
842910.8877221062 39387.9808857242 7011435.157284794 2574744.283427647 4209920.050148816 3055530.7392952596 2710712.7207991993 5174519.573274059 4277255.173464573 5097327.90785664 13711466.342684012 11430974.058696367 5495703.779044814 7798989.54961486 7965888.600806472 12697727.29242761 40962146.271947 49011868.13213947 42338118.32060813 44764626.968125276 37655440.77815805 36536544.231835134 44754867.635681346 49643346.930340305 38962932.51582508 44697524.80412512 42574084.00535675 41552986.30809152 39263884.073073864 32292646.070261 36779661.6255972 29254447.92440214 48106362.483082555 41850009.335443616 31866417.344259925 0.0 -9999.0 -9999.0 -9999.0 -9999.0 -9999.0 -9999.0 -9999.0 -9999.0 -9999.0 -9999.0 -9999.0 -9999.0 -9999.0 -9999.0 0.0 0.0 3064681.386586028 10995285.700333495 13715278.223704914 1219078.0870738868 2414597.978708083 -9999.0 2054907.055135926 -9999.0 -9999.0 -9999.0 -9999.0
8006137.558789755 607689.7452475617 9446027.536742436 15874544.456137203 24166013.282189164 5924602.534568969 13499200.660714827 1771692.490481389 547223.9950422843 3127847.7361462847 1061859.5746686005 3207180.5796325966 13928718.776855348 3856477.4688820313 7271913.494910777 4057084.191330993 26561915.14642948 39331192.20602584 32553350.167615917 28449035.48593589 36559337.39167334 56776903.754088365 57583981.28068431 60858038.999435134 61082944.59570935 43316069.36570606 47713044.40393508 36247202.99069799 38587743.15455924 26023934.660820626 34958724.39500001 38030328.73895445 39319114.95621646 45781204.6447712 35418358.871133976 35807293.16661515 4122719.3718277803 -9999.0 -9999.0 -9999.0 -9999.0 -9999.0 -9999.0 -9999.0 -9999.0 -9999.0 -9999.0 -9999.0 -9999.0 -9999.0 -9999.0 -9999.0 -9999.0 2607866.0017953217 1930738.944601101 3809421.5722482014 5255772.984285785 -9999.0 -9999.0 -9999.0 -9999.0 -9999.0 -9999.0
353645.0613510356 13990320.449293641 27635554.7441889 32075896.435863987 32771086.968064774 21357241.626421686 28838110.29388406 750074.9337774451 13559587.308357336 2865599.650740237 1917914.7781857937 407948.04579741496 1291108.5645507756 133360.92355174007 235038.13874447474 2772980.1425023694 13578702.147322327 33285917.405553937 10838515.04494288 21570818.27937185 27183991.078698568 28710795.068915613 32654411.203890085 39615336.32348111 12578653.487225289 32377121.768765945 41817607.564989135 35481247.71268417 21112975.215996772 34393132.049413554 40553199.37121178 43952451.98115172 35012942.51482703 41117030.7079661 36845632.050739124 32639910.96559851 26714148.73203206 -9999.0 -9999.0 -9999.0 -9999.0 -9999.0 -9999.0 -9999.0 -9999.0 -9999.0 -9999.0 -9999.0 -9999.0 -9999.0 -9999.0 -9999.0 -9999.0 6231750.192153475 3235238.2706535817 10668951.434382236 -9999.0 -9999.0 -9999.0 -9999.0 -9999.0 -9999.0 -9999.0
12755317.97859727 50447474.86306186 29433458.689292073 27736998.342218705 25051004.815795664 39226317.45560558 35515267.22710361 34960548.89614293 26047321.340202875 20206967.80691669 25632357.691692576 5883613.255695229 12615799.9826702 12005739.647707995 8607547.09849576 2402346.171137512 1886774.3023853726 23499927.765814632 24317457.329244092 30016729.285537295 44261097.26882408 31346495.958705623 35324941.978669874 19384112.378542103 11280298.988673333 3541734.0480378084 23190843.15406995 39279755.30917309 40607153.11245322 38687156.017462775 30538281.5302973 37034732.484178424 23551412.52255565 10817627.88812342 31530828.40180081 36973559.86513285 14598976.1785062 -9999.0 -9999.0 -9999.0 -9999.0 -9999.0 -9999.0 -9999.0 -9999.0 -9999.0 -9999.0 -9999.0 -9999.0 -9999.0 -9999.0 -9999.0 -9999.0 7566195.095393788 5420946.167109724 1598303.720029213 -9999.0 -9999.0 -9999.0 -9999.0 -9999.0 -9999.0 -9999.0
59387621.05738337 47444059.857987374 36889663.87471926 31655688.932450086 42759139.83906904 35099893.91623381 31381163.68690173 33520002.076158956 31926349.167239025 3942325.095957151 21110162.444294933 11465178.229157377 18263185.059249215 10719181.277270613 13023504.150839679 4192738.0706933644 31331464.0694813 36570541.377198085 40276424.94804758 45570114.1380608 49349166.38688652 36356692.84298444 40678411.45093169 37886865.44325524 21884946.309234157 5113330.040064642 39380041.38332516 28393837.972372178 22817514.79430622 24726674.233522873 24823992.985727265 7579848.196014494 24941393.97098221 41248842.92056575 51523674.22536335 32271210.63790615 11711630.040259633 -9999.0 -9999.0 -9999.0 -9999.0 -9999.0 -9999.0 -9999.0 -9999.0 -9999.0 -9999.0 -9999.0 -9999.0 -9999.0 -9999.0 -9999.0 -9999.0 -9999.0 0.0 0.0 -9999.0 -9999.0 -9999.0 -9999.0 -9999.0 -9999.0 -9999.0
44551525.702445515 45488600.59878492 40445917.6937761 36930574.6165204 38198864.1856022 37847871.22221853 33552405.563553818 35760104.78776171 8932702.351318324 15076164.285478916 10861500.27006384 10981321.2220342 18002656.38665428 6822119.791225689 1833481.0204396925 12181484.922517026 36211452.44936223 31767773.048091523 44206862.123414636 48185517.81734106 45971239.19862293 29839998.965278648 30336434.485229477 35893089.01630482 31977440.470458243 25699999.43088476 30371759.36397949 15081715.69956996 2481649.994096683 10041999.536669273 3407485.3174845646 8935452.305097274 18106758.302791208 34767583.32695128 26649412.790848885 20420186.330595493 3699106.05839177 3743619.7395032225 -9999.0 -9999.0 -9999.0 -9999.0 -9999.0 -9999.0 -9999.0 -9999.0 -9999.0 -9999.0 -9999.0 -9999.0 -9999.0 -9999.0 -9999.0 0.0 2561007.262889901 -9999.0 -9999.0 -9999.0 -9999.0 -9999.0 -9999.0 -9999.0 -9999.0
35902813.70446813 34182906.54453006 38310078.09614012 37297946.955043055 32781933.189216632 33768363.18083467 29934362.13125016 14642438.98655877 19048482.77810982 13366374.873185076 19008765.540292885 13009323.210737951 2631970.783996534 2144736.9629436014 4797972.003700147 21785108.98212495 37146581.73926443 47866411.23494704 41514275.59351614 31149646.085013863 22803810.075315066 21128310.02764922 25406244.188218813 19113924.910227433 28141634.106492534 22180943.047571104 15424051.83507094 4063140.004285643 4030064.7164034597 15460653.576152585 7233942.857076291 8559899.62473801 11006708.216436079 22356121.910566397 23444277.932863593 18411526.00398271 14009006.241058586 1406238.7280974244 -9999.0 -9999.0 -9999.0 -9999.0 -9999.0 -9999.0 -9999.0 -9999.0 -9999.0 -9999.0 -9999.0 -9999.0 -9999.0 -9999.0 -9999.0 -9999.0 -9999.0 -9999.0 -9999.0 -9999.0 -9999.0 -9999.0 -9999.0 -9999.0 -9999.0
28463104.60396696 33185387.108545985 41204117.96812941 40450428.05099833 30022565.093424257 23894577.565231495 28833214.704481483 14084040.823143657 14366913.88234793 13850828.121690456 5734974.642604521 12601216.834648648 12475006.328467797 13120651.826346513 14110034.481218431 30195809.783471696 47564504.015367255 54240898.16600822 31317397.4352524 33606067.752693415 21228721.47607878 9872663.605096698 8410444.97114614 5922821.20240273 26479645.11653418 13366476.109685497 28931273.872891147 20348619.83503885 9754279.708367813 6021146.747613497 6701404.109698538 31909116.942847867 29133257.039568007 23003271.033202436 15114384.639148042 8386031.001163141 4612211.047093197 -9999.0 -9999.0 -9999.0 -9999.0 -9999.0 -9999.0 -9999.0 -9999.0 -9999.0 -9999.0 -9999.0 -9999.0 -9999.0 -9999.0 -9999.0 -9999.0 -9999.0 -9999.0 -9999.0 -9999.0 -9999.0 -9999.0 -9999.0 -9999.0 -9999.0 -9999.0
11454583.355001923 22978165.544408042 27100511.647811815 32669256.326501377 25599237.182038628 17059232.416093376 28887974.659588374 19442347.043624133 19958485.5964008 17857354.17254612 17775729.36165292 16748620.282147592 14684257.252009332 1152661.6510604713 3541571.7544254377 18507542.87170838 40877790.849465504 34816501.46889129 43759578.33090636 27106128.07883577 25258863.139061775 4537979.976760622 8193223.276794353 18560522.42091754 33545922.28221842 33171591.77556783 39872580.77908825 26255543.45627985 9055619.843227511 21483172.879365772 17571208.564087562 9005024.032080483 11227441.764675692 14656736.900186913 8102500.8808039045 17801663.486878343 5627847.9803905375 -9999.0 -9999.0 -9999.0 -9999.0 -9999.0 -9999.0 -9999.0 -9999.0 -9999.0 -9999.0 -9999.0 -9999.0 -9999.0 -9999.0 -9999.0 -9999.0 -9999.0 -9999.0 -9999.0 -9999.0 -9999.0 -9999.0 -9999.0 -9999.0 -9999.0 -9999.0
9926266.85563232 10743188.650983064 2293499.280488587 20897470.66332853 10871242.015177215 20049672.05803108 7681848.979716525 16375728.959231094 19478868.697656818 25120116.48023203 18802578.553625066 24568950.72767593 13236778.002051247 13547802.921641266 15071281.192658525 8830207.800834723 21184795.003087454 29878807.75840477 34581704.292376265 31353645.03844329 11876591.966129668 10884136.732268317 12293813.457336672 36756772.73449159 49499083.3082594 35109413.848993905 34042047.92922127 27666555.380284287 18302320.633781575 15338428.753433418 2422456.135964946 1940126.4813269055 6542154.548305549 7273028.037054862 7620414.248802473 11309921.739996793 0.0 -9999.0 -9999.0 -9999.0 -9999.0 -9999.0 -9999.0 -9999.0 -9999.0 -9999.0 -9999.0 -9999.0 -9999.0 -9999.0 -9999.0 0.0 0.0 -9999.0 -9999.0 -9999.0 -9999.0 -9999.0 -9999.0 -9999.0 -9999.0 -9999.0 -9999.0
18907762.643889196 3185617.539535717 16430647.403730877 9880258.457852729 23520291.652849585 22734880.9150137 22201152.615509808 17260075.764601134 13414309.07316034 22677931.225876395 2901115.0006639697 15310131.174418345 16427618.847273573 20253447.829541896 17907417.85908486 24306057.74149734 27246908.75363268 34266831.077952355 39352989.16406245 24163209.904458478 8909684.031033492 16940747.583946556 15873312.288957542 27499951.972992547 19134002.83557383 22919655.15793076 18259279.15068058 1654162.3782912092 3462650.616315903 5083030.011113809 8076199.938708782 276200.7753823795 3695261.1858829786 11029007.18876646 6017798.789503703 -9999.0 -9999.0 -9999.0 -9999.0 -9999.0 -9999.0 -9999.0 -9999.0 -9999.0 -9999.0 -9999.0 -9999.0 -9999.0 -9999.0 -9999.0 0.0 -9999.0 -9999.0 -9999.0 -9999.0 -9999.0 -9999.0 -9999.0 -9999.0 -9999.0 -9999.0 -9999.0 -9999.0
29338732.739000484 9323156.0098231 10733272.168190282 31731017.130170032 10481355.801546328 8265424.246030463 7378671.082427455 17292208.66590811 11360912.081999552 2644627.653939231 4407706.282020409 2150042.0800059955 14621135.031009968 11129809.271842021 26945616.32745745 32790322.226374052 33500942.793008268 32487905.297778476 27701252.75252694 26359953.907864153 10351781.841358602 11135990.074452 24824592.099227097 19221524.122973893 13727284.949288564 4650964.709884301 18274977.781168178 4398970.366239699 6292960.986035428 3870101.24469081 5854039.925758215 4655880.181594185 10028122.39511689 14690896.8976443 2080833.1328068865 -9999.0 -9999.0 -9999.0 -9999.0 -9999.0 -9999.0 -9999.0 -9999.0 -9999.0 -9999.0 -9999.0 -9999.0 -9999.0 -9999.0 -9999.0 0.0 -9999.0 -9999.0 -9999.0 -9999.0 -9999.0 -9999.0 -9999.0 -9999.0 -9999.0 -9999.0 -9999.0 -9999.0
6743605.131617149 9173920.329776395 5638093.814068227 9720965.880154554 24840572.54006156 22229865.29834359 18133681.545457713 13188506.276435636 11206507.080771659 14050221.297209896 2545790.924949033 10150924.819430469 16553720.34059484 13630495.352577789 23732761.81059783 26309636.455258697 33069987.67280821 24386051.70077914 33234200.996282913 22123407.133738827 14247192.439747807 4132808.9655337157 19914862.33249046 14724906.783593781 5037553.277519925 13025456.263883281 2467747.9800131368 4194450.463311601 11991849.996354025 8920748.472035388 11989279.238318203 5486600.427991541 9530447.367780093 1698819.4114684067 -9999.0 -9999.0 -9999.0 -9999.0 -9999.0 -9999.0 -9999.0 -9999.0 -9999.0 -9999.0 -9999.0 -9999.0 -9999.0 -9999.0 0.0 0.0 -9999.0 -9999.0 -9999.0 -9999.0 -9999.0 -9999.0 -9999.0 -9999.0 -9999.0 -9999.0 -9999.0 -9999.0 -9999.0
3993690.8761147717 7253339.384325173 3723085.0985360537 18738044.477094777 25172140.11090162 10768071.697934922 14242542.355682438 8406200.702440728 11783592.300332962 4011115.2272600722 9071908.360210776 2330851.928541581 4896259.4624125725 2194384.111559531 6768454.5400721 37917205.68481725 23984572.513405424 15989567.538344432 30151938.07632211 23352863.169680353 4989915.260792338 7364735.199883557 11042267.839084286 17928027.32057555 16557467.901106166 21161518.82691011 8344668.169852083 3636914.613210234 13184931.193964817 6786268.078749982 13143179.835853439 12946719.148161214 6616534.843056875 -9999.0 -9999.0 -9999.0 -9999.0 -9999.0 -9999.0 -9999.0 -9999.0 -9999.0 -9999.0 -9999.0 -9999.0 -9999.0 -9999.0 -9999.0 8648177.022266231 -9999.0 -9999.0 -9999.0 -9999.0 -9999.0 -9999.0 -9999.0 -9999.0 -9999.0 -9999.0 -9999.0 -9999.0 -9999.0 -9999.0
9086466.550888734 9968341.516241614 18782766.159481533 21795397.020740464 14785722.899174504 16078331.934850067 11013292.098243698 4224150.439589429 14145057.565864492 2349992.0962664112 5674633.5094963 12609918.880785285 4370321.956286439 3460987.970171079 19167395.108000085 21526131.44497709 15889497.859302502 13669386.93012746 11546301.434510104 11087773.365853976 2609352.5351962997 6377778.389486646 19825705.080288813 18214232.412032396 12286021.80776266 12878076.625313196 15014678.373230003 3930073.739471577 2883871.8989672605 2392067.3607290923 11270631.746180411 21388485.725829534 4457332.529618982 -9999.0 -9999.0 -9999.0 -9999.0 -9999.0 -9999.0 -9999.0 -9999.0 -9999.0 -9999.0 -9999.0 -9999.0 -9999.0 -9999.0 -9999.0 -9999.0 -9999.0 -9999.0 -9999.0 -9999.0 -9999.0 -9999.0 -9999.0 -9999.0 -9999.0 -9999.0 -9999.0 -9999.0 -9999.0 -9999.0
25424762.683596008 19712960.18268421 29479040.267690398 8443653.864733718 13238119.011020664 1233371.8230736826 1454325.9277297205 5754421.638094714 3859176.433627758 10983695.493031718 12012793.222371258 21452471.071156625 3859979.8038279507 33255882.71224409 11281840.032136781 25007616.58877592 19911121.850498043 6874348.16197013 18420186.988516983 13260083.29442203 2592239.9417351866 16646822.575900663 18999280.450876877 11971146.132400325 12358632.298771825 10725818.08333415 5163927.551781283 2166909.2164873257 9511491.93598599 24653512.96009425 21816370.61558236 8923148.253553879 2827943.3157098615 -9999.0 -9999.0 8376985.400357218 534158.7113410314 -9999.0 -9999.0 -9999.0 -9999.0 -9999.0 -9999.0 -9999.0 -9999.0 -9999.0 -9999.0 -9999.0 -9999.0 -9999.0 -9999.0 -9999.0 -9999.0 -9999.0 -9999.0 -9999.0 -9999.0 -9999.0 -9999.0 -9999.0 -9999.0 -9999.0 -9999.0
16077416.135624167 17869223.953215376 14970518.263134656 12518541.927290153 1223666.6245459986 2292002.8397042765 2411758.1737480694 2714914.7905236543 3170087.152099944 17099476.093487337 8952642.620679058 32223278.97224362 10387350.838544982 8792856.038405444 27509493.87043602 26636672.987816304 18262317.01178318 4582520.939923092 2266078.9044326814 14015775.08953383 12169425.68210956 3444430.470406506 13862451.928338874 16975026.31803124 17420068.915484376 11453900.542421013 6019813.217020349 5826065.4760629665 21297991.584709972 25847700.36119231 12907313.214328323 -9999.0 -9999.0 -9999.0 9899745.963488914 25035812.899145417 14350171.437918365 -9999.0 -9999.0 -9999.0 -9999.0 -9999.0 -9999.0 1287986.507575925 -9999.0 -9999.0 -9999.0 -9999.0 -9999.0 -9999.0 -9999.0 -9999.0 -9999.0 -9999.0 -9999.0 -9999.0 -9999.0 -9999.0 -9999.0 -9999.0 -9999.0 -9999.0 -9999.0
7449357.8773201285 16319093.02574664 8626937.440476585 1864910.8225666333 50736.88841641911 2765620.189423803 12319532.298560016 12276759.712724209 7810063.500464549 14478632.93911024 14214654.711313443 17000960.01370362 20761206.36265123 23583155.182727054 18390352.122442327 20738925.838594466 15231972.337925542 9974410.265636891 16830423.776646078 10755599.737017639 17497512.594963644 4563230.808843026 12698544.873558318 2065176.8575762098 24325766.730625995 14704558.959507696 5458890.018918813 11839894.541882243 24244333.855777465 2038568.9563306768 -9999.0 -9999.0 -9999.0 5043970.500495617 34298724.69115537 816805.8769827674 2155245.0769944433 -9999.0 -9999.0 -9999.0 0.0 865823.0971529449 -9999.0 -9999.0 -9999.0 -9999.0 -9999.0 -9999.0 -9999.0 -9999.0 -9999.0 -9999.0 -9999.0 -9999.0 -9999.0 -9999.0 -9999.0 -9999.0 -9999.0 -9999.0 -9999.0 -9999.0 -9999.0
11166633.183895763 28061361.90662952 12753552.83221926 8493841.992766641 5920937.76877269 4094078.489740841 19833912.67001082 20943799.743216943 21876288.784436937 14874470.25960016 23162059.05846662 21535817.557840955 24600935.465376277 18018136.38467837 17469655.678070076 18499454.454997614 14057699.515366634 18926501.344482057 21454581.610261913 21840534.653033532 18193992.3199875 3367890.800947457 15440155.183036666 14002838.130294831 9412384.498486662 25403227.907311097 19695968.432655744 9834837.994367866 2487454.805034337 -9999.0 -9999.0 -9999.0 -9999.0 12247334.64400082 37117582.48078017 1578388.1808370682 3148387.729743224 -9999.0 -9999.0 -9999.0 -9999.0 -9999.0 -9999.0 -9999.0 -9999.0 -9999.0 -9999.0 -9999.0 -9999.0 -9999.0 -9999.0 -9999.0 -9999.0 -9999.0 -9999.0 -9999.0 -9999.0 -9999.0 -9999.0 -9999.0 -9999.0 -9999.0 -9999.0
6821683.16375709 27669056.80412212 7760405.152700291 2623310.547157598 12671628.649614595 22967452.97131511 27521659.1816049 18878854.25740595 11240472.733880851 15914793.252295917 18582264.79960985 28094225.113300204 31165524.61014294 18001175.194946542 11328803.519820549 14703729.309505535 15095219.536154546 19610196.652647123 27873357.262149706 24065255.685508333 26962308.307287447 18792660.686403476 18515947.59849342 10919384.551343134 6941775.509424493 22504371.382196333 6187480.657076517 42696.82312699399 -9999.0 -9999.0 -9999.0 -9999.0 -9999.0 47020258.337054476 7689435.167033581 5235260.538537332 -9999.0 -9999.0 -9999.0 -9999.0 -9999.0 -9999.0 -9999.0 -9999.0 -9999.0 -9999.0 -9999.0 -9999.0 -9999.0 -9999.0 -9999.0 -9999.0 -9999.0 -9999.0 -9999.0 -9999.0 -9999.0 -9999.0 -9999.0 -9999.0 -9999.0 -9999.0 -9999.0
8782541.635410748 4443401.084725395 2269437.3788150367 0.0 73949.88470204668 2571117.037005067 8486993.899486084 25642045.104827546 26011462.33202788 25837083.731592298 14503140.921440441 26776210.017187536 31597251.934619144 33644157.93822807 17283771.176137477 13319660.809374401 20112479.369266372 22357199.561618034 21791267.047160447 35883800.63938204 11318041.583257835 9431773.755373158 1685210.02550333 8644694.567884363 6756317.395598669 4513630.346497044 -9999.0 -9999.0 -9999.0 -9999.0 -9999.0 -9999.0 -9999.0 19652295.15532932 20836612.302014027 4814484.876291205 -9999.0 -9999.0 -9999.0 -9999.0 -9999.0 -9999.0 -9999.0 -9999.0 -9999.0 -9999.0 -9999.0 -9999.0 -9999.0 -9999.0 -9999.0 -9999.0 -9999.0 -9999.0 -9999.0 -9999.0 -9999.0 -9999.0 -9999.0 -9999.0 -9999.0 -9999.0 -9999.0
1955133.0459375293 5488402.0875653215 5971627.109917743 5997040.1999237705 4854050.8925158195 1657469.9904966091 17096533.65780239 28414528.27193757 23507143.487616584 20137549.155623954 18814893.204989456 28912719.398822747 22430613.07905746 20986017.51060833 11148576.710574072 17158428.852862455 16655370.092930403 17789728.137295596 27396358.84065138 23860289.53840222 1468567.8772639222 3886559.1965733888 -9999.0 -9999.0 -9999.0 -9999.0 -9999.0 -9999.0 -9999.0 -9999.0 -9999.0 -9999.0 -9999.0 1123341.2531910145 6986417.723845088 -9999.0 0.0 -9999.0 -9999.0 -9999.0 -9999.0 -9999.0 -9999.0 -9999.0 -9999.0 -9999.0 -9999.0 -9999.0 -9999.0 -9999.0 -9999.0 -9999.0 -9999.0 -9999.0 -9999.0 -9999.0 -9999.0 -9999.0 -9999.0 -9999.0 -9999.0 -9999.0 -9999.0
0.0 2194804.0675087287 11889207.473477062 19199847.214356918 11990653.611206943 6277767.653203805 2515415.919273236 1179827.2716440507 2247728.736552206 11318953.028196199 10987650.237043906 22085967.56509385 17972288.966053385 14590853.981339116 13534375.14951103 10490386.296187233 9733050.781007245 4737344.594129218 3278888.1938379062 -9999.0 -9999.0 -9999.0 -9999.0 -9999.0 -9999.0 -9999.0 -9999.0 -9999.0 -9999.0 -9999.0 -9999.0 -9999.0 -9999.0 -9999.0 724095.6582157033 -9999.0 -9999.0 -9999.0 -9999.0 -9999.0 -9999.0 -9999.0 -9999.0 -9999.0 -9999.0 -9999.0 -9999.0 -9999.0 -9999.0 -9999.0 -9999.0 -9999.0 -9999.0 -9999.0 -9999.0 -9999.0 -9999.0 -9999.0 -9999.0 -9999.0 -9999.0 -9999.0 -9999.0
1227865.5403431784 5618355.235006392 3264900.1022752714 36430476.62221447 51733341.31369097 42133971.894470185 3824197.951090396 5011433.154228063 8084360.910765877 -9999.0 -9999.0 1851714.346207914 6984069.3879110105 13391887.298879692 5980745.685895578 -9999.0 -9999.0 -9999.0 -9999.0 -9999.0 -9999.0 -9999.0 -9999.0 -9999.0 -9999.0 -9999.0 -9999.0 -9999.0 -9999.0 -9999.0 -9999.0 -9999.0 -9999.0 -9999.0 -9999.0 -9999.0 -9999.0 -9999.0 -9999.0 -9999.0 -9999.0 -9999.0 -9999.0 -9999.0 -9999.0 -9999.0 -9999.0 -9999.0 -9999.0 -9999.0 -9999.0 -9999.0 -9999.0 -9999.0 -9999.0 -9999.0 -9999.0 -9999.0 -9999.0 -9999.0 -9999.0 -9999.0 -9999.0
187351.57632790113 202279.61351069048 0.0 10785314.993035803 45287559.47047381 68958800.55915087 28222628.11438029 988065.636638283 -9999.0 -9999.0 -9999.0 -9999.0 4921744.833558705 7243521.4964386225 -9999.0 -9999.0 -9999.0 -9999.0 -9999.0 -9999.0 -9999.0 -9999.0 -9999.0 -9999.0 -9999.0 -9999.0 -9999.0 -9999.0 -9999.0 -9999.0 -9999.0 -9999.0 -9999.0 -9999.0 -9999.0 -9999.0 -9999.0 -9999.0 -9999.0 -9999.0 -9999.0 -9999.0 -9999.0 -9999.0 -9999.0 -9999.0 -9999.0 -9999.0 -9999.0 -9999.0 -9999.0 -9999.0 -9999.0 -9999.0 -9999.0 -9999.0 -9999.0 -9999.0 -9999.0 -9999.0 -9999.0 -9999.0 -9999.0
0.0 0.0 0.0 4692254.652989521 35247270.59595417 56480686.00621325 4583271.767116851 -9999.0 -9999.0 -9999.0 -9999.0 -9999.0 538572.3097049214 5810183.216391778 807862.2296625879 -9999.0 -9999.0 -9999.0 -9999.0 -9999.0 -9999.0 -9999.0 -9999.0 -9999.0 -9999.0 -9999.0 -9999.0 -9999.0 -9999.0 -9999.0 -9999.0 -9999.0 -9999.0 -9999.0 -9999.0 -9999.0 -9999.0 -9999.0 -9999.0 -9999.0 -9999.0 -9999.0 -9999.0 -9999.0 -9999.0 -9999.0 -9999.0 -9999.0 -9999.0 -9999.0 -9999.0 -9999.0 -9999.0 -9999.0 -9999.0 -9999.0 -9999.0 -9999.0 -9999.0 -9999.0 -9999.0 -9999.0 -9999.0
