critload/trunk/output/2010/fgw_rec_le_nat.asc
ncols 720
nrows 360
xllcorner -180
yllcorner -90
cellsize 0.5
NODATA_value -9999
[rows 208 to 233 of 360, columns 232 to 289 of 720]
0 0 0 0 0 0 0.055190355844267305 0.06889689500760927 0.07169850866952185 0.1853241876581408 0.2028771332169802 0.20911672765282982 0.2570796613354258 0.2671319690447608 0 0 0 0.30194516079599804 0.35943405937561484 0.26118631401544046 0.3092717619128886 0.3823415397982174 0.36401671633909083 0.3841524149195609 0.41008130824668665 0.4651521506693245 0.49307133173716766 0.482100231866102 0.429211061091949 0.386629682275638 0.3204473401932039 0.40280864145079603 0.4291071757951189 0.29613410710968957 0.12046586866003396 0.1499498820329888 0.07836080961844612 0.06438307641074853 0.11582067829201634 0.16760598024142098 0.0896511177128473 0.13459171777843457 0.11544254135208523 0.09498139232656493 0.055922651512768186 0.06249639796130891 0.07228522256312919 0.03415743340716781 0 0.23501722171474546 0.3253055922114655 -9999.0 -9999.0 -9999.0 -9999.0 -9999.0 -9999.0 -9999.0
0 0 0 0 0 0 0 0.02511153309790336 0.10286735583799571 0.14329883210472485 0.1613486779623134 0.1792896782137761 0.19086084472684542 0.2241544604141044 0.3132402519798615 0.298510348415549 0.29294863759597123 0.24327324901496056 0.24356991910084996 0.19139279149560368 0.23744964957247044 0.3798737058678609 0.33723102167460506 0.387801965670565 0.41511202994840385 0.4506686481011179 0.44731333006045054 0.40769841997898215 0.4137649688117157 0.36735443178069144 0.5000487236213248 0.4634081520404951 0.3406196385960838 0.15389145589229997 0.11208342590750926 0.07139227585465382 0.033335181654062684 0.022162334179329442 0.06132922925600308 0.11605100995599026 0.11056127472998503 0.11303492255288479 0.12630009596339276 0.09916687481380049 0.1105833456027928 0.08284086137042307 0.05232434319800763 0.04325439358830133 0.11751816657708292 0.27478439771377255 -9999.0 -9999.0 -9999.0 -9999.0 -9999.0 -9999.0 -9999.0 -9999.0
0 0 0 0 0 0 0.12448421652631296 0.06606110624797085 0.15455963292089064 0.1643505551864409 0.21267044130057822 0.19472349607532768 0.15598101894151048 0.1268923681956455 0.24648031072578375 0.24287212462032692 0.2402640767583177 0.1456495178683143 0.15414973591361575 0.22800917248324826 0.23001844734873228 0.2592150436426618 0.2630637106166037 0.3643839496936664 0.3963385830722646 0.3923647741675664 0.41581391593737227 0.4032751816952003 0.40296712785946126 0.37006024666058146 0.5537814880721781 0.3494972423808625 0.34495734854254195 0.2267199695099989 0.10514201591079413 0.041264808202772764 0.05517546947100078 0.05389237886412765 0.027837625595667295 0.1240417952712326 0.1305722507836215 0.16052116594301322 0.0889302773700029 0.07291740538639238 0.109755758620675 0.0767940035229229 0.044016293819333155 0.08258778866558089 0.15744732595834451 0.3144577541282093 0.2581368758488138 -9999.0 -9999.0 -9999.0 -9999.0 -9999.0 -9999.0 -9999.0
0.04140150736196394 0 0 0 0 0 0.09671394854678778 0.09273699876503247 0.10270070163807817 0.18335043666886972 0.16317241721655862 0.18409514697475693 0.18130689440043182 0.2067877968381431 0.21463113008029366 0.18667140362775708 0.1684484288614045 0.19856328054514197 0.2128973418626959 0.22235736556735486 0.217759030661901 0.2145726717818086 0.24473794303468974 0.32815003121704106 0.3854950227636037 0.304199338379857 0.4562316663119293 0.42293208095668666 0.4120605609362766 0.4050966333444677 0.37288417622352765 0.34123987078873086 0.27099796203256504 0.13893531317628974 0.25723961239682946 0.13449935669816385 0.06372426781922425 0.05670779910295775 0.13729097915028482 0.17135437203772613 0.1775047570660587 0.18359820928158277 0.1198598389482072 0.0960483296030506 0.0575465353039411 0.024299339648738524 0 0.09568826736486769 0.18407030591580498 0.19681590188340553 0.14985509868426738 -9999.0 -9999.0 -9999.0 -9999.0 -9999.0 -9999.0 -9999.0
0.019879154775374837 0 0 0 0 0 0.06429791726380389 0.1662024089479463 0.11484782266548156 0.14415485277622422 0.13397659257797467 0.15600212904052835 0.17383480246536742 0.17038054709244643 0.13320083631414764 0.1575147787996966 0.20320231605682923 0.17516882884674526 0.20379209985668428 0.19685509460763329 0.2483273011779756 0.2558820325172377 0.24454469170918555 0.29297113677040154 0.3832560607910813 0.27556581799955426 0.3629930738371036 0.34374551728628805 0.32276744529836765 0.32372489976379093 0.2714344871848286 0.30644729878757954 0.34347434984375785 0.3245349614866626 0.12540548713931232 0.18629440600335678 0.10682430141941014 0.15215999334475105 0.14866729296281733 0.19171136353533005 0.1853075073208293 0.10754543171214909 0.12228738661274088 0.12026487085165836 0.10739691673611068 0.08503973376597654 0.10525468925480264 0.13018433499145188 0.1789389882973338 0.25963638070117573 0.2027354070376991 -9999.0 -9999.0 -9999.0 -9999.0 -9999.0 -9999.0 -9999.0
0 0 0 0 0 0 0.10080137881954532 0.07773817757039526 0.10694496417266403 0.12708870027727834 0.10781453928782135 0.12654286518338576 0.13282686726352297 0.13385243749906142 0.16457329368057833 0.14320389007023118 0.19005816083012117 0.2143033136974703 0.17779154551136142 0.1776075012197871 0.2166206523671011 0.2025502375450651 0.2399006839187718 0.2478878423415709 0.22094995891501634 0.23863123718181045 0.3036626776051822 0.30907961629350256 0.23094312506621098 0.22848665561110584 0.2763763352308445 0.2676610030323398 0.24010487493195762 0.34446416111603756 0.2940779194294571 0.2720450270644494 0.09741074802054582 0.1040523204658218 0.17411948413261216 0.1739827141358116 0.17831187843969964 0.155918572061294 0.16568749621156484 0.0957790076457542 0.14107094345024035 0.11698233478990502 0.10765000575093037 0.11936366875652864 0.19915671504753268 0.17180247898483073 -9999.0 -9999.0 -9999.0 -9999.0 -9999.0 -9999.0 -9999.0 -9999.0
0 0 0 0.04665563856608191 0.06380289370682651 0.09629088078476283 0.11424634522521275 0 0 0.08619963131032692 0.12106243409049768 0.13440373357036794 0.13328688504565284 0.12607135724426535 0.10192454362916666 0.14304302570326782 0.16667689595857513 0.21813369076102593 0.16115876997129855 0.15050419950397417 0.1799209903727701 0.1776556018942138 0.2463250220043894 0.2634580411674427 0.21543847336734215 0.2805176154221957 0.3152179417769476 0.39930282349500834 0.2949212011111307 0.3020004912082973 0.26917788046167745 0.3066546478457031 0.3155980100053736 0.39061575152211647 0.36410365482691665 0.3312312476933062 0.2683815639135409 0.14194412561292888 0.15465833936379092 0.2049050920664894 0.20204525795494147 0.1473558995014592 0.1874345969388599 0.13844764132308215 0.08565239773762191 0.06915635714752268 0.1255338427285265 0.10655519809651659 0.138167258431248 0.16179288167141764 -9999.0 -9999.0 -9999.0 -9999.0 -9999.0 -9999.0 -9999.0 -9999.0
0.005014136983208024 0 0 0 0.05864678044156384 0.08713862451500985 0.06611881755429466 0 0 0 0.047153053365454306 0 0.1484797536191928 0.12223678902830466 0.0941073353180932 0.09922224949824339 0.03628235099845358 0.17988271305445486 0.16153271692224558 0.162484080402392 0.1997120205161125 0.21085639291258376 0.2151839357556122 0.239446528857765 0.2602174476121724 0.25147416298251807 0.283024153421434 0.3112013130884452 0.25255869005411247 0.21312765732202546 0.277555094577088 0.311725219921425 0.27356537477191945 0.2894664772972524 0.3367555257956662 0.3154246134784601 0.2669442634762 0.18730037822794102 0.21960106069809576 0.23527038769981617 0.16712427737265032 0.22799095129649802 0.18430588147885613 0.1504970500063533 0.09524868948414007 0.14290182186629533 0.1201373828220517 0.15349459882179053 0.21446611272229033 0.09827392617052629 -9999.0 -9999.0 -9999.0 -9999.0 -9999.0 -9999.0 -9999.0 -9999.0
0 0 0 0 0.029846449507996885 0.0376867312875894 0.04420077469847649 0.04490715597975943 0 0 0 0 0.13746791917056317 0.09607620885105464 0.0740538641040053 0.09461754064239411 0.12117121408261171 0.11722840771420126 0.13074308319742892 0.16923043871778562 0.18250127144449416 0.1731817210894513 0.19797723592857805 0.19165496782468397 0.20464494358167198 0.24700686239206981 0.2319841048617267 0.20924750526872316 0.1947076657879968 0.24439788572212112 0.26723588391370884 0.25446831215730303 0.19343270682017485 0.1645723251780439 0.28746951629753603 0.2629301902936096 0.29755026548495445 0.20862769321040528 0.2386973018508601 0.24751776071286843 0.1561271646656116 0.28734573077780756 0.19409444805361392 0.1340437521657147 0.11036648246678388 0.14720782433939045 0.135287749889443 0.13319231556505562 0.06563554905537258 -9999 -9999.0 -9999.0 -9999.0 -9999.0 -9999.0 -9999.0 -9999.0 -9999.0
0 0 0 0 0 0 0.035123184338027906 0.026881489904804733 0.060096691281454916 0.08166667979388913 0.06275403043169507 0 0.061163580729527024 0.07874347795349572 0.08760505558385909 0.11915773001602689 0.11320026924149226 0.11601068135206039 0.11786236105379445 0.15930145411850305 0.15477272416777033 0.14075793523507388 0.14587418949014616 0.14196203532640214 0.17386947320850926 0.21198598792950388 0.18989186670012806 0.14708998344640498 0.1879266286462013 0.2595701267304106 0.2665243406272344 0.23422200278787553 0.22088765610839525 0.2467305504811438 0.19347549323790894 0.29236093127505636 0.23381485646691513 0.14922662589579905 0.2381388160246818 0.2599710264650744 0.22382606820491546 0.233288211945276 0.22358446868345214 0.17950180504710914 0.12445896112611747 0.13250015545213106 0.13578285846826976 0.16716694116532077 0.03517988910373689 -9999.0 -9999.0 -9999.0 -9999.0 -9999.0 -9999.0 -9999.0 -9999.0 -9999.0
0 0.019448869258207834 0 0 0 0 0.020532914220953966 0.02542191471689317 0.01854075804082473 0.03276257781317685 0.06266533455740798 0.05683533813143154 0.05889501460824633 0.07146131302552534 0.06974377667577618 0 0.09444052484619697 0.12071714205114402 0.12353922075853191 0.15490275524661895 0.12988011368409416 0.10979763149267577 0.14214044905622003 0.14934214076753863 0.1408906752623221 0.1459762412254771 0.08316837511221067 0.1282232969286486 0.1712350796041814 0.1806149613127387 0.1889912808543862 0.18179089742642884 0.2591853059550297 0.18401544163642095 0.15967781510412138 0.15579989355615412 0.298344075733824 0.2409623063026813 0.26170521820040255 0.29206594901804717 0.2355761765784026 0.2274026674056374 0.23978875594348262 0.1988975194112795 0.15260504268194555 0.12754538459229084 0.16094390997725394 0.09032443753627757 0.022383353790875568 -9999.0 -9999.0 -9999.0 -9999.0 -9999.0 -9999.0 -9999.0 -9999.0 -9999.0
0.0006013877179034511 0.04004023161261846 0.005722273817492977 0 0 0 0.00800225894836269 0.02085152520678732 0.019091166139445056 0.021751706151851596 0.040102402156444575 0 0.0552990344321539 0.06340628812299577 0.11154003010055481 0.10010113212329268 0.1304568586106026 0.10109334373769638 0.15137550147355885 0.16686703432180172 0.08705197521330105 0.11175805117932469 0.12761528938562422 0.1262111818993365 0.08608633039096007 0.07757339910705137 0.12385280420966764 0.10347510659389468 0.14876678855851025 0.15648587704083003 0.14444132084194267 0.2255778372633255 0.20936501720532102 0.20023377720644903 0.21633641384611124 0.35776777288235057 0.3202456614747051 0.26503863426752367 0.25163935454935016 0.20337124344375085 0.241820730508272 0.22573282790200694 0.226934833504307 0.1897197647341819 0.18799563257102211 0.14358319795419147 0.1661985377572638 0.07527542885179804 0.049564497638108086 -9999.0 -9999.0 -9999.0 -9999.0 -9999.0 -9999.0 -9999.0 -9999.0 -9999.0
0.0005853200477484084 0.020018735361960763 0 0 0 0 0 0.00810594858961576 0 0.015077573398696476 0.02305082771946766 0.045515306209442066 0.03645797032703711 0.0819710736132142 0.09233718092293451 0.17701810885810432 0.1697651260097592 0.10142542180596884 0.19560568531123676 0.10963170214427678 0.0702262733617414 0.09265169393744331 0.08666884759172234 0.08047304181760832 0.07979594695709022 0.016025266437381967 0.080249212331738 0 0 0.16023459461052017 0.19251982056118627 0.24374170841872916 0.28885305074019313 0.2729949885988479 0.19860271543767571 0.21771394132736424 0.2546664954484745 0.2843918280047157 0.23571294023095746 0.1974971568011531 0.24918451039202505 0.22569645253841528 0.21102357182818754 0.20456854794788495 0.17645479897395797 0.16860350407578745 0.1536035332950612 0.10922027004157818 -9999.0 -9999.0 -9999.0 -9999.0 -9999.0 -9999.0 -9999.0 -9999.0 -9999.0 -9999.0
0.01576789478423332 0 0 0 0 0 0.07315988671978997 0 0.009293689784488407 0.014820829383262128 0.027698702206806723 0.05850244215767343 0.054298444539338596 0.09688905438213971 0.11483584852708151 0.19875414307320463 0.15941775509949208 0.14246508770755834 0.16024934864542437 0.06459327212772498 0.0936885637866342 0.06119342416174928 0.049524338066304394 0.048476704806001004 0.026005916860075393 0.03468822551414002 0 0.07474075088746213 0 0.20209459713834346 0 0.2812294972375426 0.30522480043709715 0.28563984798230413 0.27366794326306115 0.2149300604631512 0.17826439370254868 0.23554271578648867 0.2501730778704106 0.22378021967596765 0.1743411257380457 0.2430599582828004 0.2031580403514014 0.1936907568345072 0.19624468981160678 0.15723373607261942 0.08265176820579491 0.1730237957929659 -9999.0 -9999.0 -9999.0 -9999.0 -9999.0 -9999.0 -9999.0 -9999.0 -9999.0 -9999.0
0.07483032676985195 0 0 0 0 0.004120326830592254 0 0.0068801996394737925 0.03494935685257053 0.012934770663940352 0.05353239073099329 0.04653599032973632 0.07184210622835255 0.1332467604361888 0.11106102940457584 0.12654778118592594 0.1441073590774317 0.19286016251152144 0.16827676181935977 0.12596624106536858 0.09404087804978209 0.02896204965587377 0.04049413054763926 0.06905348330999266 0.02030694386708957 0.03173433606278234 0.024922718082463827 0.03317151069284778 0.06674472107378211 0.09904668454872122 0.20833425912419717 0.24299340584473927 0.25574433544955555 0.23816486293567102 0.25617682066018127 0.26421417563521993 0.24522021777675512 0.23089431637094124 0.19419418320001486 0.2031871922322409 0.25257826520027693 0.30048816728551425 0.20146648605625475 0.19931073530831445 0.18617193559844103 0.10058615293154871 0.04182474555686128 -9999.0 -9999.0 -9999.0 -9999.0 -9999.0 -9999.0 -9999.0 -9999.0 -9999.0 -9999.0 -9999.0
0.00034679426416932854 0.005205725839243593 0 0 0 0 0.009395698238845143 0.029722140398185954 0.02984676814912754 0.04431008603440181 0.017278921861664628 0.070693379950194 0.08240613933396124 0.15148784683426877 0.11677610061828296 0.13496012683362504 0.17361840547163554 0.19341945264554652 0.21581334144250208 0.22425538173151283 0.11474026085406758 0.07692448536582222 0.05177497609751478 0.04376584470871866 0.05417726621395498 0.0030210497532932746 0.03711315365969563 0.039399357186944775 0.05573702431298234 0.08922611577323743 0.11001544924043048 0.1967752176126659 0.23796316721315752 0.15888439633599968 0.24933771488173823 0.27868426142457253 0.2542615068195068 0.1829772099465669 0.19201597507961432 0.19401984860536062 0.2447901044863019 0.29627990843919433 0.23338399704644514 0.16204811475799794 0.1646917375028297 0.03880987862780225 -9999.0 -9999.0 -9999.0 -9999.0 -9999.0 -9999.0 -9999.0 -9999.0 -9999.0 -9999.0 -9999.0 -9999.0
0.0001071248532051194 0.0021536489037497545 0 0 0 0.006378843168110844 0.01581484280448312 0.0326059538981294 0.024212549117683797 0.0473157298559247 0.09178043546158768 0.09141658608150524 0.1144902553228797 0.10901394893246644 0.10039529654099782 0.13362820811723225 0.21574298801140435 0.23775637023048332 0 0.26736524038221887 0.15522330511032068 0.13213643002851297 0.07412873289063508 0.07336114950982817 0.04130453371668973 0.06087010957725784 0.06691685786604455 0.06402266647844577 0.076745054839027 0.09359512066782248 0.10250974348592962 0.06317474755235473 0.16315011742719435 0.08827935830560983 0.2454747985477148 0.3633163742130245 0.21642670936228683 0.2891604440031235 0.2539555630308658 0.20485227492854624 0.21011338520103362 0.2171570649537363 0.24413910449433604 0.14689953747680518 0.047887883269087626 0 -9999.0 -9999.0 -9999.0 -9999.0 -9999.0 -9999.0 -9999.0 -9999.0 -9999.0 -9999.0 -9999.0 -9999.0
0 0 0 0 0 0 0 0.003322927269590433 0.004463962329351151 0.03403025963967043 0.11584417287653212 0.13729904981901142 0.06610266210420786 0.09705583057696437 0.08235166416590944 0 0.22567653446287583 0.30935527517518246 0.28052266348718713 0.21883890566750822 0.1592758340779734 0.1402745991483743 0.12044457529649859 0.11375940784742912 0.10265143016208111 0.15162180012977983 0.13366038462050286 0.1344452039881417 0 0.11407206985606287 0.10738869749372343 0.051952651792411104 0.12274601927837592 0.09229702339429452 0.22160133567123766 0.24437018561086532 0.3978299319683128 0.2899221010255065 0.2731322951813423 0.21034658548579527 0.12297805752911517 0.10753629482344 0.05788024956237769 0.052465100783731254 0.05838257023316818 -9999.0 -9999.0 -9999.0 -9999.0 -9999.0 -9999.0 -9999.0 -9999.0 -9999.0 -9999.0 -9999.0 -9999.0 -9999.0
0.011579238344813067 0.00559223974384224 0 0 0 0 0 0.009180130926038267 0.041198426024862234 0.047677489687410035 0.13815309284697894 0.13587994346381588 0.07346203767623276 0.09865136766132848 0 0 0.139535626966427 0.2636179839144406 0.235841019492919 0.24658131252749985 0.19925982505016077 0 0.12146453864421512 0.12016816830363404 0.14593240314351574 0.2322375545657371 0.23821382319030368 0 0.10660429108157451 0.0969934675925534 0.07132980376421182 0.10902159562654182 0.14531299916341262 0.2639964220917079 0.25008606908736297 0.3634317943021981 0.4174952761430393 0.3893884534259845 0.33199434437680936 0.2185599569806936 0.1331678379624502 -9999.0 -9999.0 -9999.0 -9999.0 -9999.0 -9999.0 -9999.0 -9999.0 -9999.0 -9999.0 -9999.0 -9999.0 -9999.0 -9999.0 -9999.0 -9999.0 -9999.0
0.009660325203569893 0 0.001217121091466606 0 0 0.010773729703716295 0.01847496897762556 0.032652394572247896 0.05672201613375217 0.08530858726798757 0.07787824606563426 0.0950697248159293 0.0914969979282485 0.07617324242610808 0 0 0.010137119523651258 0.2048118189705528 0.23763423352962887 0.2397298232857502 0.21890839860816533 0.20939762670289566 0.26238687227205426 0.24537086199132516 0 0.24227484289037227 0.1834858395144052 0.1724314488155843 0.14348245274834956 0.11959946227097087 0.09774162645085378 0.10804455175032814 0.18631665855102167 0.24475145234413942 0.2895215294825547 0.254939475373913 0.37166252082078416 0.4566343149288402 -9999.0 -9999.0 -9999.0 -9999.0 -9999.0 -9999.0 -9999.0 -9999.0 -9999.0 -9999.0 -9999.0 -9999.0 -9999.0 -9999.0 -9999.0 -9999.0 -9999.0 -9999.0 -9999.0 -9999.0
0.009067230490438765 0.0017775470939049905 0 0 0 0 0.03912959610857533 0.0547667463474052 0.06261736357761245 0.06712155749501995 0.06616555913879675 0.08684923736152664 0.08331700754779518 0 0.06595476313351974 0 0.004805141453000475 0.020620022947299994 0.0964697760865024 0.25722238880480924 0.2764756526553761 0.3292956174458232 0.2641183532605971 0.2496071297094489 0.2548754577731926 0.20613510054823 0.10073753945029143 0.15536913667417698 0.16173179845388969 0.10980905400306949 0.1482989771474493 0.1792371478646883 0.2723927514450325 0.29900656017730204 0.554210030076077 -9999.0 -9999.0 -9999.0 -9999.0 -9999.0 -9999.0 -9999.0 -9999.0 -9999.0 -9999.0 -9999.0 -9999.0 -9999.0 -9999.0 -9999.0 -9999.0 -9999.0 -9999.0 -9999.0 -9999.0 -9999.0 -9999.0 -9999.0
0 0 0 0 0 0.03397428383177447 0.1390328490625561 0.09249298307520472 0.09047351683530515 0.0358104017212537 0.03183065987766156 0.07120471936844976 0.0951001200670577 0.032836423515863945 0.10660874853615733 0.06418516960957511 0.07569814569409594 0.047493924613956996 0.07937821306269102 0.3014992903899968 0.3945513202073874 0.37639988273767594 0.33279904650755093 0.32364228219136354 0.29987094146538207 0.18072246342781237 0.15488315517562976 0.23582610616057367 0.2172770391096878 0.17893424845290584 0.21668787779042606 0.31782433113492703 0.3028646335516484 0.4072307985312401 -9999.0 -9999.0 -9999.0 -9999.0 -9999.0 -9999.0 -9999.0 -9999.0 -9999.0 -9999.0 -9999.0 -9999.0 -9999.0 -9999.0 -9999.0 -9999.0 -9999.0 -9999.0 -9999.0 -9999.0 -9999.0 -9999.0 -9999.0 -9999.0
0 0 0 0 0 0.075887879100864 0.16523397365565987 0.2269807582527929 0.2005954078675728 0.12067307250217496 0.03061218831372359 0.07662266460597855 0.09952771644097316 0.07794430597817727 0.0807223590427416 0.029241735162992694 0.15063407129241652 0.1317932914561131 0.27032307890161567 0.3540222422709987 0.3373669753161215 0.40866772183325206 0.40422283736708403 0.39815437173065116 0.2997425211957635 0.210161039041388 0.2275543601005501 0.24135515980911418 0.23567443417726072 0.31652059395516463 0.3189033548155965 0.2353381544092988 0.18392575643600403 -9999.0 -9999.0 -9999.0 -9999.0 -9999.0 -9999.0 -9999.0 -9999.0 -9999.0 -9999.0 -9999.0 -9999.0 -9999.0 -9999.0 -9999.0 -9999.0 -9999.0 -9999.0 -9999.0 -9999.0 -9999.0 -9999.0 -9999.0 -9999.0 -9999.0
0 0 0 0 0 0.08225211136112366 0.11233464349837423 0.286549788804269 0.15003365219529605 0.1934119314219141 0.06640162836119046 0.13650667967027152 0.11424162091763203 0.10806658199122768 0.08720978410897383 0.017792886278915787 0.03944245498919136 0.12531840674106065 0.2827925161038754 0.23170393407753004 0.3885062049156261 0.4075932572766322 0.3890651624316646 0.42723060411990815 0.3305259966975426 0.24470806776323853 0.26082626094461514 0.23247364719272115 0.2387687343867313 0.36020051347655313 0.34462545588344995 0.3601081598102362 -9999.0 -9999.0 -9999.0 -9999.0 -9999.0 -9999.0 -9999.0 -9999.0 -9999.0 -9999.0 -9999.0 -9999.0 -9999.0 -9999.0 -9999.0 -9999.0 -9999.0 -9999.0 -9999.0 -9999.0 -9999.0 -9999.0 -9999.0 -9999.0 -9999.0 -9999.0
0 0 0 0 0.008500158705049993 0.010964134240151082 0.2047119937061521 0.2903667370301719 0.2712221296544477 0.15423058697512393 0.09208289164953955 0.10222110104458246 0.11316438921067005 0.12033648704600128 0.12997666753463652 0.009775147081294839 0.018687081711725347 0.10498186707316559 0.12990464004956415 0.1874898738253901 0.39085685939104864 0.4221980063057507 0.4148021699851733 0.3711223087848955 0.28080974094925354 0.2764808274990465 0.31382138887192607 0.2262350124363652 0.19009559092688683 0.2941135294718215 0.26671312425544197 -9999.0 -9999.0 -9999.0 -9999.0 -9999.0 -9999.0 -9999.0 -9999.0 -9999.0 -9999.0 -9999.0 -9999.0 -9999.0 -9999.0 -9999.0 -9999.0 -9999.0 -9999.0 -9999.0 -9999.0 -9999.0 -9999.0 -9999.0 -9999.0 -9999.0 -9999.0 -9999.0
0 0 0 0.005396306559847505 0.0020391024032955086 0.037139516855393934 0.1280115616880353 0.19391126005541864 0.24497167918841825 0.1820747728425602 0.12859692518732999 0.11892255592371134 0.08695373069313599 0.16578543850862687 0.1999001072243396 0.1820299757988388 0.05471664237269761 0.1932907616851094 0.11394348824566299 0.14635532731934453 0.3709924879028237 0.45734188537462617 0.4713700050210468 0.46402080245744787 0.39036718242610224 0.34397897441791564 0.2925161474269802 0.21156612903897376 0.1985887534988006 0.23650739404891033 0.22162950707474377 -9999.0 -9999.0 -9999.0 -9999.0 -9999.0 -9999.0 -9999.0 -9999.0 -9999.0 -9999.0 -9999.0 -9999.0 -9999.0 -9999.0 -9999.0 -9999.0 -9999.0 -9999.0 -9999.0 -9999.0 -9999.0 -9999.0 -9999.0 -9999.0 -9999.0 -9999.0 -9999.0
