critload/trunk/output/2010/fgw_rec_le_nat.asc
ncols 720
nrows 360
xllcorner -180
yllcorner -90
cellsize 0.5
NODATA_value -9999
[rows 52 to 77 of 360, columns 58 to 115 of 720]
0.046764331104383786 0.039207617386621985 0.03372029656121367 0.02787586088772834 0.036592892474436825 0.027782765824892804 0.022984435794182186 0.01588514766811086 0.007999354245212694 0.007088680918052314 0.0037472003125054044 0.003059106946181908 0.0021318628575387926 0.00026458949259710153 0 0 0.006439151583607734 0.0018545380914008157 0 0.0020307359365355484 0.004990617615174177 0 0 0 0 0 0 0 0 0 0 0 0 0 0 0 0 0 0 0.018881100302274828 0.004095856644478063 0.04177491450004625 0.05031917394026584 0.04990385147430669 0.053458335635284335 0.045053064201494096 0.05870934658699376 0.04543894067967698 0.05282167593001216 0.035341876973922576 0.039146871396525285 0.03460080648369267 0.00032142508875206073 0 0 0 0 0.0004680709592103138
0.08067203926398864 0.08192373942528043 0.07430894407522823 0.07972640876227069 0.06245668587430693 0.06581608666259288 0.0673541710528913 0.05743708716890191 0.045861181555646675 0.05352123673008792 0.037290873666724386 0.03406044068633871 0.029474968439809523 0.028060195397849028 0.02111663584183224 0.0024985776685257917 0 0 0 0 0.005506641239253752 0 0 0 0 0 0 0 0 0 0 0 0 0 0 0 0 0 0 0.0002835377939921383 0.0018224712506983295 0.02939149224077322 0.027882847546336544 0.05429573368956616 0.06419260303477885 0.09169570158290971 0.08467138945263313 0.06301842689612683 0.04726062878970599 0.04642745494651679 0.0530905373261058 0.0419224171160661 0.04025468078647999 0.0007946513264262435 0 0.00014498620841482126 0 0
0.10543034428120046 0.09225371521405505 0.05813281373375979 0.06687296641411121 0.05246546195998612 0.050282891946485435 0.04331060517194159 0.08403083308301301 0.018330377780714002 0.0057117815163076156 0 0.04161953429805885 0.06424271127877244 0.041481567170361784 0.05358835523260494 0.02988985590404898 0.016079214719449314 0.012174586744033643 0.0019896674712890135 0.004472052003883838 0.01073447018479815 0.00039393418174186193 0 0 0 0 0 0 0 0 0 0 0 0 0 0 0 0 0 0 0.000674526637577297 0.006693489917032155 0.031679667588111325 0.04740181973514909 0.06574598286186238 0.10390555128247782 0.1018150221537663 0.10031078066525825 0.08614159938135701 0.07992581408788706 0.04853514025139742 0.04407237630321742 0.03562041463408723 0.00021675777713789794 0.0009573913730210939 0.0012595320242303127 0 0
0.08775816581813559 0.06298305535243853 0.035045983447258934 0.08603435457341246 0.1064271888194814 0.10152868504478366 0.07012923193262817 0.09102808166789436 0.05438285236981127 0.08314209232999147 0.04880210939014274 0.04498212907980244 0.029469980876055513 0.0855335906390517 0.09757690081511737 0.08408464826487631 0.09514189352738052 0.07509320728998449 0.037255540212268796 0.043032052071188806 0.02551039836004394 0.018988920656930423 0 0 0 0 0 0 0 0 0 0.011510277361866082 0.010165757778400909 0.011843362607808964 0.011754478996276754 0 0 0 0 0 0.001051132995757557 0.01768955797290895 0.04251188687101201 0.06527460082242152 0.084647025073388 0.1194603064796269 0.11428494648734555 0.11552122169463584 0.1016118170133682 0.08670021650043133 0.04832868824640239 0.03172150277188291 0.020535728125486204 0.002841125605937116 0.00697538177601993 0.011129479634492562 0.020374244489705113 0.0035974758335046873
0.10158718010512946 0.04486286477331519 0.027792467140928666 0.057820959853176215 0.1034625912575382 0.14766190782162703 0.15441177810734996 0.13212215478604142 0.1636907618706167 0.14816059066300744 0.13548828046596323 0.13124138472574223 0.14219231677193234 0.13658747624155793 0.17245688951606755 0.1474550332161031 0.15641099421311835 0.17145969688295049 0.14579430925184214 0.12384258744805955 0.07203134715359989 0.058152983316854166 0.03330847781196682 0.003434004345744157 0 0 0 0 0 0 0 0.004013631278989592 0.002894615629781711 0.009988133758512312 0.014878440631074874 0.021736401631765302 0.01705218530406203 0.02105210809748657 0 0 0 0.019168804554614737 0.04257648564543495 0.06978489089911155 0.11002327210716654 0.12220209124678777 0.12140024126433144 0.07951092108028172 0.06763311361621321 0.051242737398675776 0.03436152365683064 0.025861624180664153 0.029279188985570633 0.014663211964515125 0.02802662964127811 0.013440356326581648 0.0052088742994466685 0.005429999555140153
0.024267448489076117 0.016166672750444127 0.011547043322110704 0.14450476185701103 0.15575385184582896 0.1616307920792788 0.20102823104885983 0.20735003305677574 0.22614023061403987 0.22884110423216408 0.2762776236444812 0.25504435947611764 0.248965553789896 0.2038938776231758 0.21106970041550513 0.22252635653337816 0.2732626322587904 0.2319953590285364 0.08165967875379923 0.03975953197986595 0.02921283584511188 0.00044642176364667206 0.1235135963091249 0.0685104234042259 0.04362239562978828 0.0016020406036766932 0.000878720873352254 0 0 0.000754762419638213 0 0.0031223605120918566 0.006196645644049756 0.0052624824800266 0.006907910124226208 0.024311346336653335 0.021831647712083967 0.02586897131558105 0.03773087605752465 0.048338179839592224 0.03781214372232113 0.04634503439193918 0.04286175867059457 0.056424646603189944 0.08364537011512642 0.09056580903660313 0.08761461947034806 0.07781068539172607 0.054658421567250544 0.04309671783358319 0.035043600205899424 0.030145384649261572 0.03321354383532724 0.024957611039346524 0.02904499902838114 0.018714608041295332 0 0.009566877344245972
0.02336299460001495 0.031545671173140125 0.12329137177760341 0.13693351715009738 0.19734090393469922 0.17955671937600298 0.29691752959916995 0.2804077422330112 0.36430235528707866 0.3479192693356385 0.4274820583854117 0.4680719903261825 0.43137007784477094 0.38425407654066435 0.3675086931141754 0.34523089789895806 0.3810990833748006 0.3454256977317675 0.30806301467851677 0.1755061495943254 0.017935122084168538 0.003699946094143782 0 0.09485934190334128 0.14241384048453226 0.1183100468741711 0.073838888415285 0.073948684374797 0.06199972062326268 0.04974550116625917 0.03454871376422087 0.019871829429237833 0.010781891228465488 0.0071402850713260385 0.013931151368139487 0.02468670968383317 0.033237518352248335 0.036611416318318095 0.03904056796794384 0.05804203705138703 0.07171905102814821 0.08340740787757021 0.08808277344545483 0.08184174113378792 0.05900645202428416 0.051605007010219896 0.0606099459362089 0.055045720690299185 0.04246148120470321 0.029680903442438417 0.03239354725007335 0.017074912173868095 0.042945836824713424 0.02608822723291701 0.017375462301677018 0.003591293258158261 0.0429976856166438 0.04466709386255994
0.07691525380300547 0.18142411856640203 0.20705376105417775 0.17388249917211043 0.2737549073654401 0.25817941404225464 0.28995270359063 0.3908714863612893 0.44634946573926965 0.5258344993253297 0.6396291322471559 0.6154677568938793 0.3309292322504751 0.31533810987648225 0.42027944646741805 0.39055132440006496 0.3054229537281819 0.21023547206041637 0.3547506586282834 0.285657855805235 0.4449793976194539 0.3247236157220366 0.25809836613453047 0.24048202229911803 0 0.19605958599871068 0.19762974455309776 0.14156449217017725 0.12399169580285219 0.12470532795512593 0.09178771499102459 0.07190120348958866 0.03443537705586402 0.010272114863067049 0.014747204636605058 0.021299195475667384 0.030723792436522512 0.03900112862027494 0.05694568822103071 0.07761302444077024 0.08956249268288712 0.09295223179047035 0.0531503717129185 0.03903998072466696 0.04585698179155243 0.05191386215811742 0.04022802753341757 0.02001141798617289 0.028706635451651284 0.01970591458492171 0.023621192855919373 0.02438969313475193 0.032862526588097046 0.020646645269710058 0.03890514453825099 0.019596256060170108 0.03706874697945499 0.020387501075145923
0.1841252273565434 0.22579371495892556 0.2506309843819422 0.263671284237458 0.2878635011159827 -9999 0.3901320212134214 0.3826959775816365 -9999.0 -9999.0 -9999.0 -9999.0 -9999 -9999 -9999.0 -9999.0 -9999.0 -9999.0 0.3619546661960801 0.33785624239849366 0.5132501425389816 0.5535879704929209 0.6266861000225122 0.5324670038883065 0.4295636847674211 0.3785797838465244 0.31307596121632214 0.28071998079037686 0.2558318592619455 0.21816026302798786 0.2109814295239151 0.15762552033916677 0.0978110735209464 0.046247803628994784 0.030832946666951758 0.04957815737972679 0.04730895149033925 0.0479717783558144 0.07322768373045578 0.09176432881738615 0.1059936223136398 0.12437215358409769 0.10433690623578662 0.06714566617401142 0.030289738304726768 0.05119189976218608 0.050056874193517564 0.049355922432032115 0.03191909315839433 0.012807002653763533 0.0342761241599995 0.040911206357029696 0.03495910637995716 0.03805076924931178 0.03818477963795303 0.03358845849678454 0.03505879957319873 0.03533851163843497
0.261460046450348 -9999 -9999.0 -9999.0 -9999.0 -9999.0 -9999.0 -9999.0 -9999.0 -9999.0 -9999.0 -9999.0 -9999.0 -9999.0 -9999.0 -9999.0 -9999.0 -9999.0 -9999.0 -9999.0 -9999.0 -9999.0 0.4629143682197943 0.4141659920760231 0.6249482917934175 0.5340074673677728 0.3170343551977912 0.38530726112891284 0.36538791672576826 0.35119398915079797 0.3341260326978876 0.26298676942449906 0.22370486655459906 0.17312352394474087 0.08224990142172375 0.09952595772180287 0.09791206216726721 0.08509279207839296 0.08186061395668033 0.09293751922358191 0.11088673372222321 0.13366485873420667 0.13354439547832028 0.12146787756710986 0.09301817007795408 0.08103272441869931 0.053093387656318866 0.05200389922990731 0.04945595820293033 0.06655874975952084 0.07835644187387544 0.09285101931110401 0.08373906239948098 0.039705088529383606 0.03495554200757162 0.03550348442173538 0.030678644593572838 0.030934815313502794
-9999.0 -9999.0 -9999.0 -9999.0 -9999.0 -9999.0 -9999.0 -9999.0 -9999.0 -9999.0 -9999.0 -9999.0 -9999.0 -9999.0 -9999.0 -9999.0 -9999.0 -9999.0 -9999.0 -9999.0 -9999.0 -9999.0 -9999.0 -9999.0 -9999.0 0.4053439173864585 0.5599965232604531 0.1832803746841988 0.4510193904463993 0.4176259018043636 0.37807500382068404 0.3661407342086662 0.33689137069371244 0.1258335597604293 0.2539895782859265 0.1706212044247204 0.16770959648235445 0.13268696355109816 0.12845907434399242 0.13331201465411166 0.12344782559404194 0.09155753769674599 0.12987863256915916 0.1182834722779925 0.10593015232676462 0.09190429184220063 0.08089082247523717 0.03185040387263518 0.07745354889659857 0.10761613971521718 0.10731869368146454 0.09350086232342703 0.08910585783027569 0.08312813149060606 0.01135730241447641 0.03494598496119176 0.029263118541548134 0.025023171449788485
-9999.0 -9999.0 -9999.0 -9999.0 -9999.0 -9999.0 -9999.0 -9999.0 -9999.0 -9999.0 -9999.0 -9999.0 -9999.0 -9999.0 -9999.0 -9999.0 -9999.0 -9999.0 -9999.0 -9999.0 -9999.0 -9999.0 -9999.0 -9999.0 -9999.0 -9999.0 -9999.0 0.39044159630502673 0.4286335594570927 0.4928153857726982 0.41170454228854475 0.4099370074254613 0.3616108990883427 0.38563491491152513 0.3199703339451732 0.3167762047597331 0.27549254959981495 0.23365497326876644 0.1635358889999603 0.15163520931730326 0.10432401055160047 0.10495695235073615 0.09357644671520711 0.10641340898789238 0.07984250930384097 0.07696635586097575 0.07341617254117559 0.07829271439360627 0.03565875835412703 0.08662347970066578 0.09340982916090058 0.11017255797954217 0.12218843653411192 0.08715881389462785 0.07827349879756386 0 0.03303000562876091 0.035481741077809714
-9999.0 -9999.0 -9999.0 -9999.0 -9999.0 -9999.0 -9999.0 -9999.0 -9999.0 -9999.0 -9999.0 -9999.0 -9999.0 -9999.0 -9999.0 -9999.0 -9999.0 -9999.0 -9999.0 -9999.0 -9999.0 -9999.0 -9999.0 -9999.0 -9999.0 -9999.0 -9999.0 -9999.0 -9999.0 0.5471316123955733 0.5308303911119006 0.4742552717868555 0.441603940044938 0.40453816746909665 0.38123200933958135 0.40811537165120415 0.3977343654793132 0.32988751291214996 0.28030439652971917 0.2029183076408681 0.15917448344263424 0.13061567776390373 0.10550478603153897 0.08076570872684352 0.08142705729725354 0.0566515963995687 0.0735092919799081 0.06661248599160163 0.0700008175040553 0.06840264504110544 0.06807817478661785 0.07889427500425167 0.10064945317309269 0.11668257026672309 0.08279558249511283 0.03633969608117147 0 0
-9999.0 -9999.0 -9999.0 -9999.0 -9999.0 -9999.0 -9999.0 -9999.0 -9999.0 -9999.0 -9999.0 -9999.0 -9999.0 -9999.0 -9999.0 -9999.0 -9999.0 -9999.0 -9999.0 -9999.0 -9999.0 -9999.0 -9999.0 -9999.0 -9999.0 -9999.0 -9999.0 -9999.0 -9999.0 -9999.0 0.6666793630911433 0.5533046311086068 0.5230601898444391 0.4857555820223012 0.3771062343992077 0.4477745703720706 0.5378941400386973 0.4194523162169688 0.41946069382136214 0.3315805503674844 0.27719396370054555 0.16987332333721925 0.1269659781828474 0.07430735813747182 0.04923479605625299 0.029741308736609032 0.02038450461004047 0.058470580235697144 0.08234395361704364 0.08859059443822101 0.07911756209198312 0.05885736049031518 0.06957602905504874 0.07509829855526434 0.07405621146427614 0.05985131720394681 0 0
-9999.0 -9999.0 -9999.0 -9999.0 -9999.0 -9999.0 -9999.0 -9999.0 -9999.0 -9999.0 -9999.0 -9999.0 -9999.0 -9999.0 -9999.0 -9999.0 -9999.0 -9999.0 -9999.0 -9999.0 -9999.0 -9999.0 -9999.0 -9999.0 -9999.0 -9999.0 -9999.0 -9999.0 -9999.0 -9999.0 -9999.0 0.4159120390668076 0.5897668698071012 0.5852462862837008 0.5212119238046112 0.4735932073507142 0.5011102755958249 0.5393715426553903 0.5661900333031946 0.5405403643487611 0.4431546213364779 0.3340826853033496 0.22737433996184245 0.17647560305277063 0.06119708423738247 0.04074150818294221 0.019746510685790895 0.03614953160714158 0.0741267740524476 0.08126782766920623 0.08396464644589181 0.07378498524202223 0.06753627058448168 0.07124544492642677 0.08493853251165857 0.07445273720106378 0.02774760584112736 0.00020209182947769204
-9999.0 -9999.0 -9999.0 -9999.0 -9999.0 -9999.0 -9999.0 -9999.0 -9999.0 -9999.0 -9999.0 -9999.0 -9999.0 -9999.0 -9999.0 -9999.0 -9999.0 -9999.0 -9999.0 -9999.0 -9999.0 -9999.0 -9999.0 -9999.0 -9999.0 -9999.0 -9999.0 -9999.0 -9999.0 -9999.0 -9999.0 -9999.0 0.4191985501331296 0.46091369991899966 0.5778507652479528 0.5687215215172727 0.555181314772988 0.5350587873700364 0.510632388080354 0.517170588590441 0.5198036234654668 0.4861955802483326 0.367063437160009 0.21368306999184736 0.09748012736601057 0.056237027363172314 0.03566034178052417 0.02688229562401493 0.037278637077640724 0.060361573808044064 0.06142219843398915 0.06670656172891144 0.05065555321282515 0.01892155676689894 0.0409414999829903 0.06674497689229185 0.007442911087947444 0.011228601636481771
-9999.0 -9999.0 -9999.0 -9999.0 -9999.0 -9999.0 -9999.0 -9999.0 -9999.0 -9999.0 -9999.0 -9999.0 -9999.0 -9999.0 -9999.0 -9999.0 -9999.0 -9999.0 -9999.0 -9999.0 -9999.0 -9999.0 -9999.0 -9999.0 -9999.0 -9999.0 -9999.0 -9999.0 -9999.0 -9999.0 -9999.0 -9999.0 -9999.0 -9999 0.48590645329708004 0.586158243792211 0.5931728503851744 0.5892554430568918 0.5919405719405917 0.6056754536422445 0.5713534322421344 0.613546733375589 0.48008212066703887 0.3194248254335033 0.10265719886715662 0.05483883467475188 0.020750268156547198 0.04131361973491455 0.01561508990557066 0.021662614744558568 0.04316725126732481 0.04782965392374773 0.051563369487639885 0.062232317392261066 0.0481072232053664 0.06735390572821184 0.07170224115756108 0.006520214068722978
-9999.0 -9999.0 -9999.0 -9999.0 -9999.0 -9999.0 -9999.0 -9999.0 -9999.0 -9999.0 -9999.0 -9999.0 -9999.0 -9999.0 -9999.0 -9999.0 -9999.0 -9999.0 -9999.0 -9999.0 -9999.0 -9999.0 -9999.0 -9999.0 -9999.0 -9999.0 -9999.0 -9999.0 -9999.0 -9999.0 -9999.0 -9999.0 -9999.0 -9999.0 -9999 0.44852162641608806 0.47347221927760025 0.5271117708259445 0.648145563165343 0.6829799245620047 0.6791395181531521 0.6875537086877618 0.5666392047782386 0.4260076516450523 0.182591298726198 0.07380563599813827 0.029554530555633285 0.03765249342599309 0.025933767951543164 0.019519836918751508 0.00916991438082605 0.028619634957605174 0.04140739013806081 0.04099682811282921 0.05645586256742604 0.07215225806305978 0.11524423384344605 0.12368702253866602
-9999.0 -9999.0 -9999.0 -9999.0 -9999.0 -9999.0 -9999.0 -9999.0 -9999.0 -9999.0 -9999.0 -9999.0 -9999.0 -9999.0 -9999.0 -9999.0 -9999.0 -9999.0 -9999.0 -9999.0 -9999.0 -9999.0 -9999.0 -9999.0 -9999.0 -9999.0 -9999.0 -9999.0 -9999.0 -9999.0 -9999.0 -9999.0 -9999.0 -9999.0 -9999.0 0.3485488814125593 0.3883970281790647 0.4274474822011263 -9999.0 0.5626248700451721 0.724757166583603 0.7787950715708727 0.7380148226737121 0.6668370937107587 0.3488410827669305 0.24452391006936622 0.15469293646331925 0.07360079856699216 0.028436012502592325 0.019950536163207157 0.01885805807150371 0.023767769751391922 0.0021951702987622053 0.008249131837796936 0.01646368514711402 0.04214137888167956 0.05370059857415393 0.12089409411247505
-9999.0 -9999.0 -9999.0 -9999.0 -9999.0 -9999.0 -9999.0 -9999.0 -9999.0 -9999.0 -9999.0 -9999.0 -9999.0 -9999.0 -9999.0 -9999.0 -9999.0 -9999.0 -9999.0 -9999.0 -9999.0 -9999.0 -9999.0 -9999.0 -9999.0 -9999.0 -9999.0 -9999.0 -9999.0 -9999.0 -9999.0 -9999.0 -9999.0 -9999.0 -9999.0 0.39008156137152566 0.3640922861540918 0.401183948011388 0.3602862330899761 -9999.0 0.6069228716768559 0.8384770473302232 0.7933087861055932 0.7959274960112539 0.5376001032018959 0.44542400604273047 0.3470048716675108 0.15106075922397763 0.04770551029545866 0.027277475958997346 0 0.02334591380878181 0.028302712911044147 0.025165697579095807 0.027019163893907527 0.01821487207782062 0.039157463434406854 0.07845301593372372
-9999.0 -9999.0 -9999.0 -9999.0 -9999.0 -9999.0 -9999.0 -9999.0 -9999.0 -9999.0 -9999.0 -9999.0 -9999.0 -9999.0 -9999.0 -9999.0 -9999.0 -9999.0 -9999.0 -9999.0 -9999.0 -9999.0 -9999.0 -9999.0 -9999.0 -9999.0 -9999.0 -9999.0 -9999.0 -9999.0 -9999.0 -9999.0 -9999.0 -9999.0 -9999.0 0.4492367515509493 0.46562388184389425 0.3251187706174052 0.3811941204533298 -9999.0 0.6151960081759406 0.8187478674995625 0.806856818794184 0.8298147681860695 0.695914087424738 0.5344626684225119 0.5625265944913399 0.30170872468785614 0.15376029182640447 0.04442055994246376 0.03276072035046804 0.01854549380293253 0.01764181804303092 0.014825699072906231 0.0064192506152505316 0.018205602894610023 0.038202382445139176 0.0900251492283977
-9999.0 -9999.0 -9999.0 -9999.0 -9999.0 -9999.0 -9999.0 -9999.0 -9999.0 -9999.0 -9999.0 -9999.0 -9999.0 -9999.0 -9999.0 -9999.0 -9999.0 -9999.0 -9999.0 -9999.0 -9999.0 -9999.0 -9999.0 -9999.0 -9999.0 -9999.0 -9999.0 -9999.0 -9999.0 -9999.0 -9999.0 -9999.0 -9999.0 -9999.0 -9999.0 -9999.0 0.41774109181268654 0.4877397268807565 0.44538642879515516 -9999.0 -9999.0 0.5443447199418834 0.8051738735160732 0.8321056961186006 0.750539354983362 0.6932567121955906 0.5627612939151123 0.4204459365032313 0.23819479954382375 0.13484869787943046 0.039939023942129254 0.02106384812149262 0.011205690294324765 0.0033255084126914015 0.003184445418335481 0.015317841389535921 0.031894583613975826 0.06480450502295151
-9999.0 -9999.0 -9999.0 -9999.0 -9999.0 -9999.0 -9999.0 -9999.0 -9999.0 -9999.0 -9999.0 -9999.0 -9999.0 -9999.0 -9999.0 -9999.0 -9999.0 -9999.0 -9999.0 -9999.0 -9999.0 -9999.0 -9999.0 -9999.0 -9999.0 -9999.0 -9999.0 -9999.0 -9999.0 -9999.0 -9999.0 -9999.0 -9999.0 -9999.0 -9999.0 -9999.0 -9999.0 0.3949183031969091 0.66079925570135 0.3550479081966454 -9999.0 -9999.0 -9999.0 0.7499020825291695 0.839733464903067 0.8408952912912412 0.7209128116194484 0.5363555791994654 0.37627345570654663 0.22673797082585562 0.1651058647115292 0.09087176486549886 0.015153646765514901 0.0008086998834645161 0.0010664907454554671 0.0014705575439686789 0.008603946562322367 0.03156934773346825
-9999.0 -9999.0 -9999.0 -9999.0 -9999.0 -9999.0 -9999.0 -9999.0 -9999.0 -9999.0 -9999.0 -9999.0 -9999.0 -9999.0 -9999.0 -9999.0 -9999.0 -9999.0 -9999.0 -9999.0 -9999.0 -9999.0 -9999.0 -9999.0 -9999.0 -9999.0 -9999.0 -9999.0 -9999.0 -9999.0 -9999.0 -9999.0 -9999.0 -9999.0 -9999.0 -9999.0 -9999.0 -9999.0 0.37296044119809774 0.372957690120459 -9999.0 -9999.0 -9999.0 -9999.0 0.8270766839616561 0.8313764082793066 0.8425412322769382 0.6469956779249489 0.45173240209402127 0.377632057469345 0.24597763886937657 0.1162241240557596 0.027846505401149056 0.0030902836005298764 0 0.0007564293407115427 0.0011637748824917973 0.001972269884354078
-9999.0 -9999.0 -9999.0 -9999.0 -9999.0 -9999.0 -9999.0 -9999.0 -9999.0 -9999.0 -9999.0 -9999.0 -9999.0 -9999.0 -9999.0 -9999.0 -9999.0 -9999.0 -9999.0 -9999.0 -9999.0 -9999.0 -9999.0 -9999.0 -9999.0 -9999.0 -9999.0 -9999.0 -9999.0 -9999.0 -9999.0 -9999.0 -9999.0 -9999.0 -9999.0 -9999.0 -9999.0 -9999.0 -9999.0 -9999.0 -9999.0 -9999.0 -9999.0 -9999.0 -9999.0 0.8329844943012614 0.8093767342718314 0.6481845271462912 0.49926363116646655 0.4623185096751995 0.37455760718730396 0.31307085883970237 0.16078876502042064 0.024575007191289813 0.001803491931223039 0.002038840034032826 0.012685547373335552 0.012085716752108065
-9999.0 -9999.0 -9999.0 -9999.0 -9999.0 -9999.0 -9999.0 -9999.0 -9999.0 -9999.0 -9999.0 -9999.0 -9999.0 -9999.0 -9999.0 -9999.0 -9999.0 -9999.0 -9999.0 -9999.0 -9999.0 -9999.0 -9999.0 -9999.0 -9999.0 -9999.0 -9999.0 -9999.0 -9999.0 -9999.0 -9999.0 -9999.0 -9999.0 -9999.0 -9999.0 -9999.0 -9999.0 -9999.0 -9999.0 -9999.0 -9999.0 -9999.0 -9999.0 -9999.0 -9999.0 -9999.0 0.8051316444039757 0.5072094505071749 0.5472849541795669 0.523826076225122 0.38001835368791803 0.4523587921718096 0.22056522847720117 0.2583256072314253 0.2237708073327952 0.23363182856495013 0.12330453144319166 0.026869306150124776
