critload/trunk/output/2010/fgw_rec_le_nat.asc
ncols 720
nrows 360
xllcorner -180
yllcorner -90
cellsize 0.5
NODATA_value -9999
[rows 52 to 77 of 360, columns 348 to 405 of 720]
-9999.0 -9999.0 -9999.0 -9999.0 -9999.0 -9999.0 -9999.0 -9999.0 -9999.0 -9999.0 -9999.0 -9999.0 -9999.0 -9999.0 -9999.0 -9999.0 -9999.0 -9999.0 -9999.0 -9999.0 -9999.0 -9999.0 -9999.0 -9999.0 -9999.0 -9999.0 -9999.0 -9999.0 0.341230214518505 0.3784911827643212 0.2944820511293025 0.326685503126118 0.4489600446670753 0.4427008582639988 0.4389691782221137 0.4765955218435677 0.4169600588091813 0.3465279467288898 0.2589891240754513 0.17588776813562595 0.09811196867797206 0.03722670512196005 0.025685962837549554 0.10737972129683772 0.0990712319768457 0.10960091137664615 0.08395948413956539 0.10634628584784284 0.12577474050279533 0.1341676687293074 0.11973482459741612 0.09828324195217858 0.08062249292062554 0.06324371920450422 -9999.0 -9999.0 -9999.0 0
-9999.0 -9999.0 -9999.0 -9999.0 -9999.0 -9999.0 -9999.0 -9999.0 -9999.0 -9999.0 -9999.0 -9999.0 -9999.0 -9999.0 -9999.0 -9999.0 -9999.0 -9999.0 -9999.0 -9999.0 -9999.0 -9999.0 -9999.0 -9999.0 -9999.0 -9999.0 0.3986724639103335 0.36707722791718556 0.4438673161073694 0.48751510937627485 0.4033610009742098 0.29439189274336214 0.3117995713939958 0.33214845792471404 0.3422531450242243 0.42119384450036823 0.2890172266997102 0.25511998892412135 0.23777316375360733 0.10852956481072508 0.04870123559476002 0.04317671570285335 0.06301803283455722 0.10171369485596876 0.1373628358869625 0.13825098310044967 0.11392633290734337 0.08013050568225814 0.0962952859361406 0.09949239553887337 0.0341323323722912 0.034436179077121154 -9999.0 -9999.0 0.05646017594890859 0.010409836160248665 0.006523953933688456 0.01902846222424007
-9999.0 -9999.0 -9999.0 -9999.0 -9999.0 -9999.0 -9999.0 -9999.0 -9999.0 -9999.0 -9999.0 -9999.0 -9999.0 -9999.0 -9999.0 -9999.0 -9999.0 -9999.0 -9999.0 -9999.0 -9999.0 -9999.0 -9999.0 -9999.0 0.4721743960559621 0.45369926154794626 0.6849168870137385 0.5501050779099335 0.48404956672119537 0.48313877629700464 0.39500428379674013 0.26321355564275417 0.23560745293788485 0.23522364184898514 0.23059219940990675 0.20257128515766726 0.24145422017289941 0.18964667045525538 0.15966182556197292 0.1854865941252186 0.1125947883256102 0.08519075560689567 0.10090708385571337 0.1299563984313757 0.11377536066741727 0.13625251500088081 0.10981382856668401 0.09165564349438914 0.0757444205519814 -9999.0 -9999.0 -9999.0 -9999.0 -9999.0 0.004127371839897646 0 0.006853295218791001 0.011439966749586928
-9999.0 -9999.0 -9999.0 -9999.0 -9999.0 -9999.0 -9999.0 -9999.0 -9999.0 -9999.0 -9999.0 -9999.0 -9999.0 -9999.0 -9999.0 -9999.0 -9999.0 -9999.0 -9999.0 -9999.0 -9999.0 -9999 0.5161902427699275 0.5827533224804704 0.6109400269696061 0.7112079144167334 0.6172063313118059 0.45317927132741226 0.37310513676543505 0.3730516134136215 0.26179884537248377 0.16488456804800916 0.1885762429608774 0.1749904188634173 0.19090286332142392 0.14724005642976976 0.08355420262275308 0.13460637963720237 0.13775275321007 0.17483899934375896 0.13840636206777046 0.129749174578699 0.13200969441316515 0.14729620056563184 0.12368240670119642 0.127311894182445 0.07577843983187543 0 -9999.0 -9999.0 -9999.0 -9999.0 -9999.0 -9999.0 0.04680300415627672 0.012579543387493038 0.021221267603955176 0
-9999.0 -9999.0 -9999.0 -9999.0 -9999.0 -9999.0 -9999.0 -9999.0 -9999.0 -9999.0 -9999.0 -9999.0 -9999.0 -9999.0 -9999.0 -9999.0 -9999.0 -9999.0 -9999.0 -9999.0 -9999.0 0.49418005134215076 0.8280785048057351 0.92064353781694 0.9027350440252032 0.6988529143253818 0.46882324606991777 0.20283509058218513 0.289723743854175 0.2601945191541066 0.1805381579739038 0.16463500134983555 0.16142011428762518 0.20989611086962165 0.06913878998993199 0.03885066094485378 0.09394957385511556 0.1029074700911744 0.11229166333472071 0.1489680063868322 0.15851311630713785 0.1630285278525886 0.14021837789654074 0.14160921748915808 0.12677167608826537 0.11188063330721415 0.031061467117168437 -9999.0 -9999.0 -9999.0 -9999.0 -9999.0 -9999.0 -9999.0 0.007362568006976142 0 0.029750558525863762 0.043171017167526846
-9999.0 -9999.0 -9999.0 -9999.0 -9999.0 -9999.0 -9999.0 -9999.0 -9999.0 -9999.0 -9999.0 -9999.0 -9999.0 -9999.0 -9999.0 -9999.0 -9999.0 -9999.0 -9999.0 -9999.0 -9999.0 0.5201882882403058 0.828841911370073 0.9207841945561417 0.9205354463005407 0.6089394848793228 0.33162136689863386 0.22403629189039367 0.30886841680108784 0.32783488380489595 0.2129325682957059 0.2039427032205831 0.18603701287050844 0.05129723200177477 0.05874950264269561 0.08500933035996372 0.12369396047663414 0.16110147181662005 0.11639139716511503 0.1316160767945795 0.14489334179719207 0.12618792348461505 0.11068230555739936 0.13971470889148124 0.13912097205166904 0.11350103668210573 0.053034139956522515 -9999.0 -9999.0 -9999.0 -9999.0 -9999.0 -9999.0 -9999.0 0.07638108004061771 0.021432248162945904 0.036890407845953294 0.0336544812716765
-9999.0 -9999.0 -9999.0 -9999.0 -9999.0 -9999.0 -9999.0 -9999.0 -9999.0 0.34368075798043596 0.32461269353151095 -9999.0 -9999.0 -9999.0 -9999.0 -9999.0 -9999.0 -9999.0 -9999.0 -9999.0 -9999.0 0.47050981262519637 0.8253777897232295 0.920792678886983 0.8712217481254979 0.611978466917086 0.47747947526729223 0.2902826008602639 0.20705233270941376 0.17204893500931945 0.16563510351013955 0.09523974230222892 0.08962861846394816 0.08018942049954984 0.06946216137058368 0.10543565178025642 0.12282746476163982 0.1429138374765068 0.12262716424157134 0.09176851981435176 0.11844019379519964 0.10065484301037243 0.09788246995004711 0.12004306772786084 0.1105672805047344 0.08444445102062335 0.05432159236127214 0.01225879711118299 0 -9999.0 -9999.0 -9999.0 -9999.0 -9999.0 0.06695196045024962 0.03272096097854398 0.07650363504404359 0.0467615297375378
-9999.0 -9999.0 -9999.0 -9999.0 -9999.0 -9999.0 -9999.0 -9999.0 0.3448049861909941 0.339140919483622 -9999.0 -9999.0 -9999.0 -9999.0 -9999.0 -9999.0 -9999.0 -9999.0 -9999.0 -9999.0 -9999.0 -9999 0.6674381854638906 0.8259036146046594 0.7339645790149179 0.5446859409147626 0.5089102148107143 0.16146066394236244 0.20546600885082586 0.1861539512537149 0.07299175437016583 0.1290249363201146 0.10690797925483267 0.1392962539108675 0.15116987669885235 0.10326996799959086 0.10246189561903006 0.13610880183605428 0.1167284436542317 0.10610363308200556 0.11718637312962402 0.09875781586309529 0.10532880649945807 0.07789073273424632 0.07311820306331543 0.06397205185644085 0.027845440511037493 0 0 0.015578220618813431 -9999.0 0.04214020746167039 0.04950923529228824 -9999.0 -9999.0 0.04860450953283596 0.06254749695222088 0.02447360513263373
-9999.0 -9999.0 -9999.0 -9999.0 -9999.0 -9999.0 -9999.0 -9999.0 -9999.0 0.27259453333531986 -9999.0 -9999.0 -9999.0 -9999.0 -9999.0 -9999.0 -9999.0 -9999.0 -9999.0 -9999.0 -9999.0 -9999.0 0.789279167898492 0.7876075060709855 0.6311886493809992 0.5052296382348456 0.3804776897893999 0.33079006023033425 0.26850446877424183 0.13205436761324704 0.1196421181854367 0.15746285731037302 0.11065592966915976 0.11549304309285462 0.15057499400495875 0.08418094628501975 0.06750218688086708 0.08141845943817687 0.06305223380119317 0.06533199041090482 0.08720750890542833 0.08974401738959531 0.07815805655414618 0.05624844168519287 0.013016057069734646 0.03824750502531941 0.029388535168592928 0.01593087029573497 0 0 -9999.0 -9999.0 -9999.0 -9999.0 -9999.0 -9999.0 -9999.0 0.05513011460280482
-9999.0 -9999.0 -9999.0 -9999.0 -9999.0 0.16283690750967594 0.18873793458612134 -9999.0 -9999.0 -9999.0 -9999.0 -9999.0 -9999.0 -9999.0 -9999.0 -9999.0 -9999.0 -9999.0 -9999.0 -9999.0 -9999.0 -9999.0 0.3853764388088211 0.5720572355968137 0.76090317598504 0.7170191683709266 0.532217873849908 0.424789628588521 0.1927912271114682 0.22423140265285593 0.1857030341395446 0.19609269119793504 0.18762932475027472 0.15336089691930363 0.11253958427813548 0.10808577503799592 0.07985889684248243 0.059845625385384266 0.07681672433193305 0.0802752332453448 0.0405893646154646 0.03324189052739015 0.07534750518732837 0.03809338869628899 0.010881728825349662 0 0 0.0056837268466925295 0 0 -9999.0 -9999.0 -9999.0 -9999.0 -9999.0 -9999.0 -9999.0 0.0008025201339425223
-9999.0 0.5633148878039541 0.518409481985365 0.41249413043051225 0.21126604348339117 0.11865413993791177 0.1382517471309342 -9999.0 -9999.0 -9999.0 -9999.0 -9999.0 -9999.0 -9999.0 -9999.0 -9999.0 -9999.0 -9999.0 -9999.0 -9999.0 -9999.0 -9999.0 -9999.0 0.48967141635601624 0.834619489705281 0.6695108671726192 0.5611335481121204 0.333895905310232 0.2703465358297703 0.2694655239344838 0.18970723635703768 0.10522280552075841 -9999.0 -9999.0 0.05829490558140698 0.10156784443323094 0.08073601347791934 0.08339895486740274 0.08146559966540894 0.03429479865817276 0.01946718624247215 0.03128100753924881 0.008061766141362198 0 0 0 0 0.03661418308259711 -9999.0 -9999.0 -9999.0 -9999.0 -9999.0 -9999.0 -9999.0 -9999.0 0.04161136905292813 0.056288233107667195
-9999.0 0.5466481219564501 0.802813263897416 0.45522400665491514 0.2259735978170677 0.18661674739666753 -9999.0 -9999.0 -9999.0 -9999.0 -9999.0 -9999.0 -9999.0 -9999.0 -9999.0 -9999.0 -9999.0 -9999.0 -9999.0 -9999.0 -9999.0 -9999.0 -9999.0 0.2973909048525389 0.31062227645063445 0.5923378859976507 0.5739919242979247 0.44536150683731146 0.3646513126561336 0.1627692908344296 -9999.0 -9999.0 -9999.0 -9999.0 0.026909260504393875 0.0445111847829563 0.06258737079261195 0.08690684613941302 0.06827987045142248 0.08872495632429385 0.031642458878023784 0.01736822375286094 0 0 0 0 -9999.0 -9999.0 -9999.0 -9999.0 -9999.0 -9999.0 -9999.0 -9999.0 -9999.0 0.011372551191198874 0.01459245286205071 0.015950039747402233
0.7311540848950713 0.7874967964666703 0.696670813186099 0.19374787282104752 0.35866197103053427 0.08931023273857076 0.11280370334795672 0.25605514719684447 0.25207439836188017 -9999.0 -9999.0 -9999.0 -9999.0 -9999.0 -9999.0 -9999.0 -9999.0 -9999.0 -9999.0 -9999.0 -9999.0 -9999.0 -9999.0 -9999.0 -9999.0 -9999.0 -9999.0 -9999.0 -9999.0 -9999.0 -9999.0 0.0633810011631451 0.14635254323789945 -9999 -9999.0 0.06244911756957155 0.12034120800123695 0.09420839440722359 0.0744690730632176 0.06484309152006557 0.0337109103031718 0.027089918935910666 0.013228557811428624 0 0 0.012085770199515395 -9999.0 -9999.0 0.050396841345396036 0 0.06090744285331086 -9999.0 -9999.0 -9999.0 -9999.0 0.03154526932642674 0.01053451317844794 0.032394034074277565
0.7920631002960873 0.891546875653121 0.6487302047550177 0.4604092682323635 0.3699581711124337 0.37367413553581025 0.31787874301332025 0.18425768283581187 0.21649602193132014 -9999.0 -9999.0 -9999.0 -9999.0 -9999.0 -9999.0 -9999.0 -9999.0 -9999.0 -9999.0 -9999.0 -9999.0 -9999.0 -9999.0 -9999.0 -9999.0 -9999.0 -9999.0 -9999.0 -9999.0 0.03986193097908125 0.10640892571541147 0.07606800053890556 0.08394828574817997 0.039881438853471715 0.1005902660302476 0.06919889563263175 0.09630294024464786 0.08727719279366719 0.11906787902795393 0.0798019411485108 0.06298651082391594 0.03618629451560618 0.013666816924975567 0.009464580698245594 0 0.01423859736499855 0.011404975176636432 -9999.0 0 0 -9999.0 -9999.0 -9999.0 -9999.0 0.028433554712461392 0.02087281872572692 0.02329489905909149 0.04225672044331814
0.7938580676886574 0.8033182340579221 0.8973284659248507 0.8163267744028209 0.41094390679953735 0.38029372255713534 0.24829403291304486 0.20996843619718253 -9999.0 -9999.0 -9999.0 -9999.0 -9999.0 -9999.0 -9999.0 -9999.0 -9999.0 -9999.0 -9999.0 -9999.0 -9999.0 -9999.0 -9999.0 -9999.0 -9999.0 -9999.0 -9999.0 -9999.0 0.053142241675205794 0.04028070177403753 0.07325300839461543 0.12203000587791221 0.0058163079911111885 -9999.0 -9999.0 -9999.0 0.05851628010911186 0.10112840291647404 0.11130314608082356 0.09415044794928064 0.07810565585479512 0.024364790925431017 0.019533454311382634 0.008152929333185841 0 0.012430805632179296 -9999.0 -9999.0 0.04169929762941473 -9999.0 -9999.0 -9999.0 -9999.0 -9999.0 0.025140302179906027 0.053191466699813394 0.03282555345166522 0.027584378197279193
0.7800352559720586 0.8787793619158561 0.7873651764608925 0.7643331339923343 0.33394547856067525 0.16884000946484456 0.19206354978583048 -9999.0 -9999.0 -9999.0 -9999.0 -9999.0 -9999.0 -9999.0 -9999.0 -9999.0 -9999.0 -9999.0 -9999.0 -9999.0 -9999.0 -9999.0 -9999.0 -9999.0 -9999.0 -9999.0 -9999.0 -9999.0 0.05126791259635684 0.08820949421900437 0.05361724080385679 0.12056051393069919 0.012941713997105708 0.016621454414437596 -9999.0 -9999.0 0.06290307425109104 0.08712081424964792 0.15843089187702508 0.13172353505492887 0.09144527193216234 0.027737391857712585 0 0 0.019559234580265154 0.038041832057792824 -9999.0 -9999.0 -9999.0 -9999.0 -9999.0 -9999.0 -9999.0 -9999.0 0.03316896323525202 0.04125644609779036 0.0289646756300496 0.015343450525766748
0.41080306170803454 0.4617807712006361 0.3119924098970073 0.3131627647304948 0.1077059921780039 0.18262444500578412 0.13627600536302134 0.11621872494094464 0.19286488180589273 -9999.0 -9999.0 -9999.0 -9999.0 -9999.0 -9999.0 -9999.0 -9999.0 -9999.0 -9999.0 -9999.0 -9999.0 -9999.0 -9999.0 -9999.0 -9999.0 -9999.0 -9999.0 -9999.0 0.07072412699780413 0.10839036867074714 0.19933070323469654 0.0230699494026513 0.043841762197368205 0.07397958509958764 0.013054832241665626 0.019268580507360925 0.05249250215899321 0.06430141622957511 0.0745708336120355 0.08118563326832313 0.050304196459676376 -9999.0 -9999.0 -9999.0 -9999.0 -9999.0 -9999.0 -9999.0 -9999.0 -9999.0 -9999.0 -9999.0 -9999.0 -9999.0 0.024625580270323185 0.08446648062001173 0.06920060738415806 0.03349402422281415
0.5879766566817255 0.5784991674763329 0.32188867379999164 0.7051169490458677 0.5374337849808506 0.520183833053112 0.40943056807397715 0.2941151962316319 0.10591463883798749 0.12707829184891017 -9999.0 -9999.0 -9999.0 -9999.0 -9999.0 -9999.0 -9999.0 -9999.0 -9999.0 -9999.0 -9999.0 -9999.0 -9999.0 -9999.0 -9999.0 -9999.0 -9999.0 -9999.0 0.17401370196374125 0.03903653184198724 0.20436967545282975 0.03826954159403506 0.02559716459489542 0.04336104371303615 0.0403550866890902 0.035092823341371565 0.023506087347272383 0.04506241900586521 0.041087814840410415 0.044847389220696136 0.030718791932538302 0.061574644174923 0.3281268532462116 -9999.0 -9999.0 -9999.0 -9999.0 -9999.0 -9999.0 -9999.0 -9999.0 -9999.0 -9999.0 0.11589215473918714 0.026823457896055166 0.026932016015761062 0.04955697609450635 0.03460226550849563
0.1190584799829585 0.5736458527530036 0.3261602819837597 0.4198340020038917 0.715053243648224 0.5993990260141819 0.2412760010554178 0.3017273011128944 0.06779460147528703 0.0629922981476152 0.135796145382182 -9999.0 -9999.0 -9999.0 -9999.0 -9999.0 -9999.0 -9999.0 -9999.0 -9999.0 -9999.0 -9999.0 -9999.0 -9999.0 -9999.0 -9999.0 -9999.0 -9999.0 0.14966007581695998 0.05566711654601606 0.18042238203639346 0.02341981280045851 0.0780325393141638 0.06690750159169229 0.040275336981254774 0.02831662448001551 0.03747208135786542 0.04348473074751702 0.058072465674498815 0.06468572477221149 -9999.0 -9999.0 -9999.0 -9999.0 -9999.0 0.010402611077871748 0.012812306297628686 0.012872066416209887 0.002169058497726211 0.026517753123454838 -9999.0 0.0026045972983773165 0 0.005288492431154664 0.02725942995256963 0.013278250876368749 0.011419141526059612 0.010055936238559526
0.2401634908071498 -9999.0 0.627950108406396 0.6553389761459648 0.4327865782128052 0.762276600582185 0.5795389742452419 0.5069132933567362 0.1669681585214805 0.11364038538666431 0.1617233792744627 0.13438456830697879 -9999.0 -9999.0 -9999.0 -9999.0 -9999.0 -9999.0 -9999.0 -9999.0 -9999.0 -9999.0 -9999.0 -9999.0 -9999.0 -9999.0 -9999.0 -9999.0 -9999.0 0.06958894666753047 0.07412648833705535 0.10331518551251063 0.011496291174367198 0.002453017231098409 0.054644914333941016 0.02283840130120149 0.01590112016228967 0 0 0.01702564165607254 0.018617577881013887 0.04208187310529287 0.033052615680766936 0.007832011559178655 0.01655939525587374 0.009300518945163332 0.012272226441416309 0.01796342448138826 0.014896994334611858 0 0.0020690847719742095 0.0023645838073454075 0.008627844706666547 0.019974985679114973 0.006346734301871391 0.0013606297238614152 0.00471994847856488 0
-9999.0 -9999.0 -9999.0 -9999.0 -9999.0 0.4538620720754272 0.1756045959093945 0.3378350931270185 0.18759235319385276 0.06177936266246747 0.11357979797661953 0.1279959737065 0.1286412324067257 -9999.0 -9999.0 -9999.0 -9999.0 -9999.0 -9999.0 -9999.0 -9999.0 -9999.0 -9999.0 -9999.0 -9999.0 -9999.0 0.0798660520813797 0.09750202785881265 0.10852066827063993 0.031128682911046247 0.043730260681373395 0.0829220124947426 0.1023598708392525 0.028078326922564432 0.011584298021338651 0.051696629552939424 0.0006838253596261097 0.0004462783751518268 0.0006133262496828987 0 0 0.013207217615780472 0.0015635121467453498 0.0027299826229862235 0.02414252930720506 0.020822745303108736 0.011381476455934675 0.014276472072071061 0.0014398772590020537 0.0025672718558178904 0 0.0015262589688529956 0.003149502177942983 0.0059841881989374755 0.006406103512589415 0.001225999324583523 0 0
-9999.0 -9999.0 0.47489162117313843 0.30936378057159375 0.4636585786301304 0.2624758290284594 0.10963730487975731 0.12507458590297882 0.34121682042691764 0.07634497653574544 0.06749725084979946 0.06597044168520765 0.09232618951099998 -9999.0 -9999.0 -9999.0 -9999.0 -9999.0 -9999.0 -9999.0 -9999.0 0.16080057591420463 0.13859954100111843 0.08671856097042464 0.09022488972081011 0.07783349137131906 0.073290427081672 0.13198574833469268 0.0364059712637774 0.032767858648143286 0.11984906039720158 0.11678006609744755 0.10244680336098164 0.014326690426754607 0.01961916923596493 0.044975003556784944 0 0 0 0.0004973923504130742 0.04362244808679589 0.0021696371128541933 0 0.0010870635497404807 0.0025826552515698627 0.010699793988672483 0.0029592817993284743 0.004962834352281106 0.0025274628010982887 0.015885269551057766 0.001745451266335532 0 0 0 0 0 0 0.0008061466840543791
-9999.0 -9999.0 0.5535609999634298 0.7001010712461454 0.882085935196731 0.43643358229598334 0.046484180670267855 0.059452307164852655 0.06400070217110683 0.09267911230248983 0.06219896855852759 0.054940648112279125 0.10398878998098203 0.16517252218683245 0.032651811230792235 0.05001171025882676 -9999.0 -9999.0 -9999.0 -9999.0 -9999.0 0.1150226284242755 0.14416881020209157 0.07003514265020863 0.10198159621840253 0.0710598215549962 0.010173103146373966 0.0839519882339891 0.04276892521368244 0.005840374190930984 0.00326536929714339 0.019740492373361115 0.009911706820168195 0.0027995840182226295 0.024522381527944406 0.047597928540802345 0.017162204212029696 0 0.019150444781568705 0.02709760165715613 0.03943174107886419 0.010988634338743157 0 0 0 0.005376249184227795 4.4987975275701766e-05 0.001454907372308064 0.003548063878060398 0.0010333616357806879 0 0 0.00046080181874148037 0 0 0 0 0.008784742023790563
-9999.0 -9999.0 0.5166850165618541 0.4307556347910762 0.6573809955812304 0.37724221102728084 0.09863988172397264 0.08030802728015299 0.059729409168930346 0.0690497359403584 0.06336917114168608 0.06966446169457993 0.07719820070794796 0.03049178463230592 0.012091132476226996 0.03605915957278541 -9999.0 -9999.0 -9999.0 -9999.0 0.11687412368588267 0.06500475516936227 0.06028293449045854 0.07784728359585813 0.10969619615268435 0.1292982314955694 0.09813412480992816 0.06860573808518097 0.03277558118791782 0.04234091403461994 0.04611406827620956 0.036072041014677786 0.0383636366780864 0.049973428751246385 0.04355654689446053 0.018109747471096196 0.036914085295838235 0.045038174917060754 0.031045195000950772 0.02626421215354457 0.03034304653865842 0.01452187693999739 4.7121900034736035e-05 0 0 0.00359973734665345 0.007300612552928912 0.005305377517853479 0 0.003024859723219927 0.00028283993396622614 0.0017776742755029424 0 0 0 0 0 0
-9999.0 0.40608372605878806 0.27004470016963494 0.4225569667403048 0.6699584379109912 0.3892903662825628 0.1700117665430728 0 0.10178261609049806 0 0.07897417995404267 0.13993939567751998 0.07071457536338947 0.021866141692514697 0.04736344518008375 -9999.0 -9999.0 -9999.0 -9999.0 0.0597973989820118 0.09182364487356516 0.11346327148789817 0.11028552100568358 0.11998451007415142 0.17064178795470866 0.18671042156539872 0.15064218229670603 0.08949641836572603 0.08439914894590422 0.07542581580844425 0.048145560611991635 0.03747978864257679 0.027854111526564584 0.028168717815834254 0.009261967617689063 0.015749610773753628 0.01098821043228877 0.004601663593859715 0.026774960861299494 0.07816803143419684 0.08374464119343873 0 0.0006000591129393377 0.0023058349444350073 0.004337403328376796 0 0.00037645521321535134 0 0 0 0 0 0 0 0 0 0 0
-9999.0 -9999.0 -9999.0 0.34334745929608207 0.26795877512738664 0.13858465994418664 0.22524542404365294 0.22971681591150217 0.1116298828173228 0 0.1304703272093493 0.1568106627946083 0.1836868020969611 0.10994421345968675 0.08228420255321556 -9999.0 -9999 0.10299902262701911 0.08392673491080949 0.06750205681254012 0.07933679848439536 0.049673179955200444 0.0604913065482945 0.028873209293390656 0.10310347943748019 0 0.1350695843227151 0.09250833828700496 0.06370300946563306 0.07392386794303896 0.04490200471812262 0.03082052167884871 0.007874017741089551 0.0007495828798158729 0.0022752681475198436 0.004167185442585632 0.01879656287548277 0.005864746702731441 0.008400281936629016 0.006748078475770537 0.010407362817823715 0.010204380127101752 0.008616845952723523 0.009902970542688893 0.004212287487927419 0 0 0 0 0 0.008000829605075633 0 0 0 0 0 0 0
