critload/trunk/output/2010/fle_nat.asc
ncols 720
nrows 360
xllcorner -180
yllcorner -90
cellsize 0.5
NODATA_value -1
[rows 87 to 115 of 360, columns 585 to 649 of 720]
0.0 0.0 0.0 0.0 0.0 0.0 0.0 0.0 0.0 0.0 0.0 0.0 0.08644976471745744 0.11829302894795866 0.0 0.2720239373595044 0.0 0.0 0.0 0.0 0.0 0.0 0.0 0.0 0.20518713410288833 0.21030179575593938 0.1222055324148698 0.14474298989921297 0.25879431499802785 0.0 0.27273797668167493 0.293050940786182 0.2940984503656136 0.14118889071505347 0.13789273196294574 0.0 0.18990803967226189 0.2788921249999186 0.28794338337209013 0.28609977769863354 0.1989665419221874 0.2154721712187957 0.14805285778402658 0.21678586989675758 0.22223370641340875 0.29768331853059166 0.29769272686024906 0.29800505242866343 0.29779611543487006 0.2977818080232252 0.30236090994165254 0.30136192658567257 -1.0 -1.0 -1.0 -1.0 -1.0 -1.0 0.2912030113748223 0.29552737637493354 -1.0 0.08548113285481443 0.19547624564332616 -1.0 -1.0
0.0 0.0 0.0 0.0 0.0 0.0 0.0 0.0 0.0 0.0 0.0 0.0 0.0 0.0 0.0 0.28451724979682297 0.2891588158608603 0.0 0.2027417178516792 0.0 0.0 0.0 0.08112123413045368 0.18728956289540447 0.12425633756692397 0.10984779485749442 0.24782032756623498 0.2584531938723863 0.26189647371668096 0.25210614527285663 0.26131451192657906 0.28807178945617734 0.1668360361581337 0.2957657007162741 0.14277096198223632 0.28793138401606116 0.2694123735036137 0.28206341387257267 0.29276487227690773 0.2934361164483777 0.2201767750335444 0.15155085741199634 0.20864838347514786 0.21994603310162175 0.2976441928731226 0.2977088704734262 0.2979634843826178 0.29803191225152337 0.29786098647075315 0.2990005801926883 0.3236565917846844 -1.0 -1.0 -1.0 -1.0 -1.0 -1.0 -1.0 0.3039090301887665 -1.0 -1.0 -1.0 -1.0 -1.0 -1.0
0.0 0.0 0.0 0.0 0.0 0.0 0.0 0.0 0.0 0.0 0.0 0.0 0.0 0.0 0.27409528475887013 0.2934890152399962 0.2944617662933469 0.21740776027436728 0.0 0.0 0.0 1.4161478588807604e-06 0.11376586773881925 0.16643523889260578 0.09265714569166314 0.2205534969702945 0.23703859507577318 0.25494215162619993 0.0 0.2728206034645536 0.2619864762713135 0.0 0.2925195522456209 0.29740345012721775 0.2964412215479319 0.28875458106509116 0.2873315910571719 0.29080722279018856 0.2099350195375331 0.07897995817663206 0.11869619485717937 0.14042536995272176 0.22114486985568665 0.2974150611106651 0.29771955401071437 0.29797223602773415 0.29800945584350297 0.29801627452746166 0.30663588321457697 0.32796412048708584 -1.0 -1.0 -1.0 -1.0 -1.0 -1.0 0.3478441477530042 0.4103497178445294 0.2980678183413642 0.30717828816732645 -1.0 -1.0 -1.0 -1.0 -1.0
0.0 0.0 0.0 0.0 0.0 0.0 0.0 0.0 0.0 0.0 0.0 0.0 1.5207779566252717e-05 0.2938328211213131 0.28423772093155114 0.21609626681207333 0.15673357469871532 0.17838084977476734 0.0 0.0 0.0 0.0 0.1313811889616387 0.17284454074463917 0.0 0.0 0.0 0.2417949297647107 0.0 0.0 0.15301302888440085 0.2912819812096006 0.2950580938930288 0.29317220740320865 0.28475220899347464 0.29259383492583074 0.29430344713935164 0.2955225845248031 0.17938346671087557 0.04835629490320863 0.04273979551888532 0.21990253570457277 0.22531836030930696 0.2978993227535286 0.29794358008150307 0.29800910438989575 0.29734425535414133 0.3081834008097874 -1.0 -1.0 -1.0 -1.0 -1.0 -1.0 -1.0 -1.0 -1.0 -1.0 0.30061080992778993 0.2978860542822329 0.30152894345778386 0.3225542715079291 -1.0 -1.0 -1.0
0.0 0.0 0.0 0.0 0.0 0.0 0.0 0.0 0.0 0.0 0.0 0.28287404794532583 0.28902904163504106 0.2740501042494861 0.28305208291780626 0.0 0.0 0.0 0.0 0.0 0.0 0.02037825956633445 0.0 0.0 0.1683922657268583 0.23751285452466117 0.0 0.18668410499683116 0.2426551876581201 0.2822388814661568 0.29597605047161935 0.2971913830393132 0.29360141293826875 0.18700538621649165 0.294927760537543 0.2971495260548057 0.29672212221978445 0.29428297521153524 0.0 0.21487699119271386 0.21823218631075147 0.2663796740188029 0.29752170527894883 0.297964451027698 0.29798577726473763 0.29767842544812784 0.3237982213529114 -1.0 -1.0 -1.0 -1.0 -1.0 -1.0 -1.0 -1.0 -1.0 -1.0 -1.0 0.29335269799672703 0.3013301884947579 0.29345694159129354 0.2931152365405249 0.22052164053898177 0.22986913954313212 0.22507914085598044
0.0 0.0 0.0 0.0 0.0 0.0 0.0 0.0 0.0 0.0 0.2863361727318882 0.2759557849668564 0.2771115272835008 0.0 0.0 0.0 0.0 0.0 0.0 0.0 0.10313388602518708 0.0 0.22224766173521007 0.21372708002733506 0.21729055733071906 0.19178781810380563 0.1752938373794894 0.2741257101680458 0.28296334345412194 0.2897964631288744 0.2939763120951071 0.2589993674346681 0.12472333740844276 0.2970630855616313 0.29703358382412 0.2969614159276676 0.2972736033667576 0.2966554696383091 0.20486578109022796 0.22813556092915332 0.23152955761612398 0.2979115919767241 0.29804126386338226 0.29807491677489095 0.2979297920753072 0.3053431586930576 -1.0 -1.0 -1.0 -1.0 -1.0 -1.0 -1.0 -1.0 -1.0 -1.0 -1.0 0.30946574716132336 0.2933783663594745 0.2076433194862919 0.298056062130996 0.2979297541777414 0.22202373323580737 0.22216426998694327 0.22381624027726021
0.0 0.0 0.0 0.0 0.0 0.0 0.0 0.0 0.0 0.2626654032122859 0.27362958512307506 0.0 0.0 0.0 0.0 0.0 0.0 0.0 0.0 0.0 0.0 0.0 0.0 0.17204904240455013 5.276317198006318e-07 1.8634049759554061e-06 0.22175893536418717 0.2685975060491253 0.29144467703158344 0.29377625377371674 0.2959432271021332 0.13877440990329917 0.2951975601966543 0.29685900151967415 0.29604179633616545 0.2975244765455763 0.29764400829889265 0.2975554600968825 0.20651990261148875 0.20735915968635615 0.29781887769099574 0.29728208479659557 0.2980054829441644 0.30620515776577456 0.32718526375908347 -1.0 -1.0 -1.0 -1.0 -1.0 -1.0 -1.0 -1.0 -1.0 -1.0 0.24280341115720347 0.2265602253711027 0.2796696141461174 0.1752033107314396 0.29527327081448856 0.22593052598432367 0.22498357804516692 0.22370199879952252 0.22426210052293832 0.22677061872316515
0.0 0.0 0.0 0.0 0.0 0.0 0.0 0.0 0.0 0.27473820674377775 0.2841998820815438 0.0 0.0 5.28119170479685e-07 0.0 0.0 1.867795033040922e-06 0.0 0.0 0.0 0.0 0.0 0.0 0.25333537765686065 0.2612150557913305 0.1736336443684407 0.29204917599727986 0.0 0.2937528920559817 0.29505255429848076 0.29628440928515964 0.296134646438634 0.2972912351580917 0.26766952518635473 0.2962172328478815 0.14544649419047387 0.1612659122448452 0.31468111439842816 -1.0 0.2117171811223132 0.2721587043340702 0.28819057958871236 0.303507873877902 -1.0 -1.0 -1.0 -1.0 -1.0 -1.0 -1.0 -1.0 -1.0 -1.0 -1.0 0.22499095314611264 0.2270587920765533 0.2297540241008833 0.30510803293103267 0.2712965239708283 0.22481263722125988 0.29807204211683214 0.2254978902145571 0.26428991309847355 -1.0 -1.0
0.0 0.0 0.0 0.0 0.0 0.0 0.0 0.0 0.0 0.2916657237354159 0.24239844204630662 0.24613292484779375 0.0 0.20836692223665143 0.0 0.0 0.0 0.0 0.0 0.0 0.06337655106866007 0.2148452250917485 0.0 0.290664353737155 0.2943481004510581 0.29322367865349624 0.28701385841173693 0.2939951151078998 0.2935795979674329 0.29458159400261513 0.2926503229369695 0.2936648233773553 0.2974418802704312 0.29738107277237713 0.29709286533568346 0.31397726648030555 0.2685209957025837 -1.0 -1.0 -1.0 -1.0 -1.0 -1.0 -1.0 -1.0 -1.0 -1.0 -1.0 -1.0 -1.0 -1.0 -1.0 -1.0 0.24955937013024374 0.2547037029707367 0.2397816929377008 0.25335803381684885 0.31645579882442126 -1.0 0.2862231590233612 0.23087326774685257 0.3351345435076171 -1.0 -1.0 -1.0
0.0 0.0 0.0 0.0 0.0 0.0 4.496285941403967e-06 0.17288116232211173 0.29415253373155265 0.29384875685178047 0.29270407660353515 0.291493256672146 0.2744023505691373 0.0 0.07559148175450718 0.16283131888068061 0.0 0.018596447853774973 0.2785278183283614 0.0 0.02022819071553284 0.08595010968418147 0.22525056354745782 0.29069949882753127 0.2961262563791974 0.29580718702076614 0.2835739645905512 0.29436853707337335 0.292294224437452 0.2967467335563775 0.29606425853452933 0.2964706136844361 0.2975447089355116 0.29797422437896987 0.31486336387876 -1.0 -1.0 -1.0 -1.0 -1.0 -1.0 -1.0 -1.0 -1.0 -1.0 -1.0 -1.0 -1.0 -1.0 -1.0 -1.0 -1.0 -1.0 -1.0 0.25969166098753815 0.2283388363302849 0.2519713032316744 0.3121653547863631 -1.0 -1.0 -1.0 -1.0 -1.0 -1.0 -1.0
0.0 0.0 0.0 0.0 0.0 0.24091228866933329 0.2926178377312144 0.29386533083330035 0.2947486837999525 0.29475450526076663 0.29261444932826847 0.292062980156793 0.263748911666183 0.10384083951292905 0.2545970375398417 0.0 0.14420227427925647 0.00839946331852622 0.09249564970780613 0.030992222629307217 0.07780525290938808 0.20656147774232025 0.2775509679565829 0.2949178183469697 0.2966658519064191 0.29447847315567455 0.2944708151627439 0.29561609389081345 0.29671989701791196 0.29780904660678026 0.29782622969090716 0.29557265969492674 0.29784156454504673 0.29795325135497525 0.3099174511382383 -1.0 -1.0 -1.0 -1.0 -1.0 -1.0 -1.0 -1.0 -1.0 -1.0 -1.0 -1.0 -1.0 -1.0 -1.0 -1.0 -1.0 -1.0 -1.0 -1.0 0.24528574006074141 0.2667963513963455 0.2703790590897609 -1.0 -1.0 -1.0 -1.0 -1.0 -1.0 -1.0
0.0 0.0 0.22128503240293249 0.23047141517771189 0.045754323130706896 0.2895149096217506 0.2934642185918768 0.09692073059980459 0.285404254340356 0.29019289225479417 0.2905676906056462 0.2863735926338698 0.28771715826057165 0.28822164202653894 0.21629658595259801 0.1613677093068153 0 0.44086009269426546 0.18290522634339307 0.09401235098047389 0.19074600653086213 0.29580203993319487 0.2954842575391818 0.29579322485319354 0.29523034769526757 0.29303517803924944 0.29153963597143295 0.2967324447426195 0.2948308158457001 0.2977755776626951 0.29783211642365087 0.29786153515107994 0.3027714378080879 0.31289401268087613 0.3126434595351156 -1.0 -1.0 -1.0 -1.0 -1.0 -1.0 -1.0 -1.0 -1.0 -1.0 -1.0 -1.0 -1.0 -1.0 -1.0 -1.0 -1.0 -1.0 -1.0 0.1866020598837817 0.21900821024806894 0.22649428219014484 0.17938278427633297 0.2778406860981219 -1.0 -1.0 -1.0 -1.0 -1.0 -1.0
0.0 0.18026770018205565 0.22574032168053837 0.22366788774754964 0.29014474665180023 0.2841913773566347 0.28875050474174385 0.22271543430265106 0.12306949049583149 0.1138025411141972 0.07643820221943277 0.28676749043250416 0.2785354721255803 0.2841823728668258 0.2793701762016207 0.0 0.2518491018775923 -1.0 0.3049227512421219 0.2736037151985719 0.290894360108075 0.2934882970318889 0.2881584984883762 0.16013207671637308 0.28351239007157225 0.2951744066523599 0.2970680084383381 0.29680116384883526 0.29785673105344473 0.29790092074868385 0.3018763350971998 0.3256409701866285 0.311355363575627 -1.0 -1.0 -1.0 -1.0 -1.0 -1.0 -1.0 -1.0 -1.0 -1.0 -1.0 -1.0 -1.0 -1.0 -1.0 -1.0 -1.0 -1.0 -1.0 -1.0 -1.0 0.23492537599126548 0.22183387311992006 0.29642829845410146 0.22158187331195534 0.25767349887468527 -1.0 -1.0 -1.0 -1.0 -1.0 -1.0
0.24826888045521778 0.19138115268358347 0.2874053286850361 0.2868053569658374 0.2883328760533669 0.2914958871812696 0.2763716218564337 0.0 0.0 0.0 0.0 7.32195269128283e-08 0.0 0.0 0.0 -1.0 -1.0 0 1.0217895460656619e-07 0.19338687187473808 0.19139227824541452 0.0 0.6949070048761901 0.3738562744053679 0.36718080691202853 0.34030685093034574 0.29650870650064176 0.29618145096702536 0.2977328285458261 0.2981502395512988 0.29660607683284435 -1.0 -1.0 -1.0 -1.0 -1.0 -1.0 -1.0 -1.0 -1.0 -1.0 -1.0 -1.0 -1.0 -1.0 -1.0 -1.0 -1.0 -1.0 -1.0 -1.0 -1.0 -1.0 -1.0 0.4112738031703993 0.2811466492232113 0.2974222906103743 0.22012890361374618 0.23070641136034362 -1.0 -1.0 -1.0 -1.0 -1.0 -1.0
0.2821542475646652 0.28425173550901495 0.29328115498141655 0.2906521593338696 0.2885397755435498 0.2645879058979035 0.0 0.0 0.0 0.0 0.0 0.0 0.0 0.0 -1.0 -1.0 -1.0 1.0613253716883055 1.012246590546961 0 -1.0 -1.0 -1.0 -1.0 -1.0 0.8794814113273731 0.23842736260379538 0.296277441746994 0.2697278174314033 0.2986900001362288 0.4543480181479979 -1.0 -1.0 -1.0 -1.0 -1.0 -1.0 -1.0 -1.0 -1.0 -1.0 -1.0 -1.0 -1.0 -1.0 -1.0 -1.0 -1.0 -1.0 -1.0 -1.0 -1.0 -1.0 -1.0 0.24222160089589737 0.2898681345771821 0.2968456103039171 0.18889656477759617 0.25511850117117274 -1.0 -1.0 -1.0 -1.0 -1.0 -1.0
0.2465720689272549 0.28644286280922143 0.29299072916272245 0.273135994129053 0.0 5.514010784736976e-07 0.0 0.0 0.0 0.0 0.0 -1.0 -1.0 -1.0 -1.0 -1.0 -1.0 -35.06291468346432 0.2977343920843848 -1.0 -1.0 -1.0 -1.0 -1.0 -1.0 0.732761168847811 0.4116483186180083 0.29556840269820006 0.298855690620449 0.297245486053161 0.2998795227588878 0.29978090144994674 -1.0 -1.0 -1.0 -1.0 -1.0 -1.0 -1.0 -1.0 -1.0 -1.0 -1.0 -1.0 -1.0 -1.0 -1.0 -1.0 -1.0 -1.0 -1.0 -1.0 -1.0 -1.0 0.28982684082202853 0.29761030986520876 0.2201804280138315 0.14898263450181462 0.37594275549976347 -1.0 -1.0 -1.0 -1.0 -1.0 -1.0
0.24294626553034648 0.2911655182162005 0.2900481024008806 0.0 0.0 8.757644192161434e-09 0.0 0.0 0.0 0.0 0.05538857666868562 2.0569333364956153 0 -1.0 -1.0 -1.0 -1.0 -1.0 -1.0 -1.0 -1.0 -1.0 -1.0 -1.0 0.39168881035374115 0.29860287839680905 0.29629054157259327 0.29521110528317546 0.29851656524203535 0.29705896074256166 0.29741457420299394 0.29744430133913885 0.32044427164946077 -1.0 -1.0 -1.0 -1.0 -1.0 -1.0 -1.0 -1.0 -1.0 -1.0 -1.0 -1.0 -1.0 -1.0 -1.0 -1.0 -1.0 -1.0 0.32953684095561153 0.36455277967785815 0.21317987373701622 0.22006146019940942 0.2918098393247199 0.2086744179496334 0.2680343713938581 -1.0 -1.0 -1.0 -1.0 -1.0 -1.0 -1.0
0.19383061914582872 0.25892985046272926 0.22382113814209753 0.2532302762204102 0.0 0.0 0.0 0.0 0.0 5.4988890346375186e-08 0.0 0.0 0 -1.0 -1.0 0 0 1.1771078768077552 -1.0 0.0 -1.0 -1.0 -1.0 -1.0 0.0 0.8753455568725778 0.8876355014759614 0.9976950463779447 0.26342387007203694 0.2748437080589572 0.29573861958182557 0.2975514581160036 0.30259895769885253 0.3441118225088919 -1.0 -1.0 0.0 -1.0 -1.0 -1.0 -1.0 -1.0 -1.0 -1.0 -1.0 -1.0 -1.0 -1.0 -1.0 -1.0 -1.0 0.3680250994833695 0.2901831374350609 0.2715143418623867 0.22089798864228094 0.2168324103184143 0.29931154807204846 -1.0 -1.0 -1.0 -1.0 -1.0 -1.0 -1.0 -1.0
0.2756052120350699 0.2941603833701832 0.29253110493109047 0.27098132075768827 0.0 0.0 0.0 0.0 0.0 0.0 0.0 0.0 0.05427425350773507 0.0 0.11056228302215497 0.2693345880712115 0.0 0.2152778610316011 0.3013978502410256 0.32497965362139664 0 -1.0 -1.0 -1.0 -1.0 -1.0 -1.0 -1.0 0.27930215122499974 0.288292191720409 0.2971754332779657 0.2964634439284408 0.2971840470051885 0.30007579361142755 -1.0 -1.0 -1.0 -1.0 -1.0 -1.0 -1.0 -1.0 -1.0 -1.0 -1.0 -1.0 -1.0 -1.0 0.3461055150559037 0.36276826507527826 0.35326739471808466 0.23448047235455244 0.2850498965835234 0.2977433619019334 0.22154626620687465 0.20802854404912458 0.21420673620241765 -1.0 -1.0 -1.0 -1.0 -1.0 -1.0 -1.0 -1.0
0.24272128709196253 0.2043888434737528 0.2764110382742443 8.248141415555636e-07 0.0 0.0 0.0 0.0 0.0 0.09567820571855072 0.12904356584717686 0.0747046103507938 0.06296362164318314 0.08381823634223345 0.0932387697205601 0.06450960080767991 0.0 0.1540465624342125 0.1971345306399181 0.0 -1.0 -1.0 -1.0 -1.0 -1.0 -1.0 -1.0 0.96535576743452 0.24238486125397068 0.2882078250126867 0.2953009468750056 0.29596124642998833 0.295049495810727 0.29197314293218285 -1.0 -1.0 -1.0 -1.0 -1.0 -1.0 -1.0 -1.0 -1.0 -1.0 -1.0 -1.0 -1.0 -1.0 0.2298345751028997 0.23093693398434126 0.220736448179381 0.21471654564587442 0.29760548785825575 0.22479447162639193 0.21187768004477842 0.20395757588674335 0.2245402690918665 -1.0 -1.0 -1.0 -1.0 -1.0 -1.0 -1.0 -1.0
0.2633719747731607 0.27171587155266924 0.28216510206905393 3.2848289290335306e-07 5.767567798663907e-07 0.0 0.0 0.0 0.14971967489779445 0.27260305661158485 0.0 0.0 0.0 0.0 0.20777989303345357 0.317956423049503 0.0 -1.0 -1.0 -1.0 -1.0 -1.0 -1.0 -1.0 -1.0 -1.0 -1.0 0.94059611998409 0.38233198380339684 0.28296841253345106 0.2967110399965409 0.2848978511908735 0.28749393214724045 0.3241406748706188 0.2839001733908465 -1.0 -1.0 -1.0 -1.0 -1.0 -1.0 0.3411729815648724 -1.0 -1.0 -1.0 -1.0 -1.0 0.26028906265221746 0.2227376159363401 0.2232126676072503 0.21777224149669214 0.21848141098843468 0.2140920916426487 0.1114141650682327 0.07860880121328323 0.09887097382075394 0.5083147766317947 -1.0 -1.0 -1.0 -1.0 -1.0 -1.0 -1.0 -1.0
0.25966991706263287 0.27304451639816446 0.28903030770554955 0.0 0.0 1.3060514795711144e-07 1.0001232035094819e-07 0.0 0.25675023428591365 0.2746572296204137 0.2809264245295706 0.26312305153255944 0.0 0.0 0.26942740739100823 1.401776087519887 -1.0 -1.0 -1.0 -1.0 -1.0 -1.0 -1.0 -1.0 -1.0 -1.0 -1.0 -1.0 0.1420262414405453 0.29258356308232025 0.2975443198032592 0.29526740005619057 0.27535961301868883 0.30416807680069274 0.38490552733775935 -1.0 -1.0 -1.0 -1.0 -1.0 0.36909077822312325 0.3782392146522282 0.3912014130882824 0.2703558146572106 0.2896826291971058 0.29314525396402297 0.3429549097487895 0.29472744643029386 0.22153782956732054 0.222410328596377 0.2247273973285953 0.22437865057414028 0.2189545977806513 0.20728837206997822 0.030689402366959825 0.06904850862767532 0.3586197905651468 -1.0 -1.0 -1.0 -1.0 -1.0 -1.0 -1.0 -1.0
0.22093580102150615 0.2398663463297739 0.09896294315112097 0.0 0.0 0.05304098425925859 0.0 2.0961966697531738e-07 0.1789771241684618 0.27971829721873537 0.19562222108850283 0.13995651318144534 0.0 0.248127176778306 0.23252349179296336 -1.0 -1.0 -1.0 -1.0 -1.0 -1.0 -1.0 -1.0 -1.0 -1.0 -1.0 -1.0 0.5098611290485354 0.28191575856369766 0.2969998538519031 0.29759523856423026 0.31231319450225953 0.3289760084629284 0.31337694446010067 -1.0 -1.0 -1.0 -1.0 -1.0 0.27484657000589546 0.30414269124164295 0.2903836142047414 0.2954033261499482 0.29590024562522055 0.2901384397977707 0.2871067442522119 0.27061765066236404 0.2591449552095562 0.10004027017944363 0.26887124242768173 0.2220206664857131 0.22339127066085165 0.22953374140942626 0.21903300315087862 0.19469884619427436 0.3229569490507516 -1.0 -1.0 -1.0 -1.0 -1.0 -1.0 -1.0 -1.0 -1.0
0.0 0.0 0.13618403414185065 0.0 0.0 0.03027523086401128 0.0 0.0 0.04751746000153107 0.1632604963366674 0.24033697020390263 0.0 0.0 0.0 0.17043839696887214 -1.0 -1.0 -1.0 -1.0 -1.0 -1.0 -1.0 -1.0 -1.0 -1.0 -1.0 -1.0 0.8685016799467583 0.323392101481323 0.39934489969010467 0.6782461481298577 0.48860920291444004 0.40031976161180083 0.5746789771529431 -1.0 -1.0 -1.0 0.26853624662734593 0.3134376859417037 0.2929955903873173 0.2912722667385624 0.2858601878166778 0.279030143288994 0.3535310229613514 0.2939696358928709 0.22713680468293151 0.19751939315085987 0.29315865076046116 0.7293346959008087 0.31946323273063754 0.18270013829520498 0.22189465218243215 0.24881672530690538 0.21028560512869449 0.6834481537962634 -1.0 -1.0 -1.0 -1.0 -1.0 -1.0 -1.0 -1.0 -1.0 -1.0
9.99788691901586e-07 0.0 0.0 0.06582873552235229 2.8054249486924235e-07 0.06710793819224348 0.09741650737775803 0.041772121965496026 0.0 0.1836732868727174 5.822403619120393e-07 2.9333271193217336e-08 0.08660384905971319 0.12295362219092675 0.15535903103056115 0.2717947872381534 -1.0 -1.0 -1.0 -1.0 -1.0 -1.0 -1.0 -1.0 -1.0 -1.0 -1.0 0.8777852562808268 0.8777480397616043 0.0 -1.0 -1.0 -1.0 0.5404395936970909 -1.0 -1.0 0.298452742038395 0.32718576307455005 0.29783812876880017 0.31733710264359355 0.35005600020201133 0.5384926098976466 0.31846190468800206 0.319610918455273 0.507538696565656 0.278935465521157 0.21993969275028136 0.31690915869360314 0.4322382992321546 -1.0 -1.0 -1.0 -1.0 -1.0 0.0 -1.0 -1.0 -1.0 -1.0 -1.0 -1.0 -1.0 -1.0 -1.0 -1.0
0.21102061304984512 0.0 0.0 0.10328994088200644 0.0871982868410084 0.11692823676001723 0.1248683288555313 0.11333437259189448 0.10526115671621382 0.0 0.11424129845530126 0.0 0.0457850459148518 0.17332397166843921 0.11855560028820604 0.13743054157348558 0.06878502264207909 -1.0 -1.0 -1.0 -1.0 -1.0 -1.0 -1.0 -1.0 -1.0 -1.0 -1.0 0.1486259010715178 -1.0 -1.0 -1.0 -1.0 -1.0 0.4714761671962185 0.30989915521710487 0.2970847680369904 0.6794999674604859 0.4550336460107927 0.46290588487896656 0.27216891583348246 0.21463629545001894 0.21756942106705834 0.31064425443970006 0.505302476642445 0.2566203625775834 0.31189180532843297 0.47765644565617604 -1.0 -1.0 -1.0 -1.0 -1.0 -1.0 -1.0 -1.0 -1.0 -1.0 -1.0 -1.0 -1.0 -1.0 -1.0 -1.0 -1.0
0.0 1.857286201909579e-07 8.049134492227778e-07 0.09610687852489523 0.07987513759918742 0.0 0.06361519052344182 0.07577015977653852 0.07224047824939385 0.11176871806093211 0.0 0.03522682304479992 0.02173418745380318 0.0717605921939426 0.1441754396324818 0.13167858664540985 0.05821184614851364 -1.0 -1.0 -1.0 -1.0 -1.0 -1.0 -1.0 -1.0 -1.0 -1.0 0.4181180991067724 0.5341720517887074 -1.0 -1.0 -1.0 -1.0 0.3095475436542906 0.26166217477344517 0.232563107132397 0.2080041842784813 0.21967056157821746 0.24608291103361207 0.42339319367473005 0.2945889252218934 0.3453396738430978 0.4113482916981005 0.27309501708671335 -1.0 -1.0 -1.0 -1.0 -1.0 -1.0 -1.0 -1.0 -1.0 -1.0 0.35891244711862796 -1.0 -1.0 -1.0 -1.0 -1.0 -1.0 -1.0 -1.0 -1.0 -1.0
0.0926125414222937 1.50648282482079e-06 0.14096781675166958 0.13220237260837212 0.10118922538366022 0.05390634572476859 0.0 0.0 1.487584289467965e-07 0.0 0.11823960564756893 0.0 6.611043541793366e-08 0.027016168377467214 0.0 0.12150623141015983 0.09405318375002837 0.23767798498574788 -1.0 -1.0 -1.0 -1.0 -1.0 -1.0 -1.0 -1.0 -1.0 -1.0 -1.0 -1.0 -1.0 -1.0 0.3566956615122254 0.27839161710991633 0.24907791924915382 0.31847367883395067 0.18917378075468974 0.2240688136191413 0.32038762068347315 0.0 0.3473841481747639 -1.0 -1.0 -1.0 -1.0 -1.0 -1.0 -1.0 -1.0 -1.0 -1.0 -1.0 -1.0 -1.0 -1.0 -1.0 -1.0 -1.0 -1.0 -1.0 -1.0 -1.0 -1.0 -1.0 -1.0
0.0 0.29122864980118246 0.12634745755391524 0.0 1.9728711635275495e-07 0.0 0.0 0.027834450593805703 0.0 0.14560939359002875 0.0 0.15449468888841572 0.11555990374445216 0.1052863967045914 0.03627734515639084 0.06578532451987056 0.1326502774401434 0.053278576814516324 0.8146379123344061 -1.0 -1.0 -1.0 -1.0 -1.0 -1.0 -1.0 -1.0 -1.0 -1.0 -1.0 -1.0 -1.0 -1.0 -1.0 -1.0 0.2690019780919074 0.22376231667309376 0.22247263450559185 0.3952887715802585 -1.0 -1.0 -1.0 -1.0 -1.0 -1.0 -1.0 -1.0 -1.0 -1.0 -1.0 -1.0 -1.0 -1.0 -1.0 -1.0 -1.0 -1.0 -1.0 -1.0 -1.0 -1.0 -1.0 -1.0 -1.0 -1.0
