critload/trunk/output/2010/fle_nat.asc
ncols 720
nrows 360
xllcorner -180
yllcorner -90
cellsize 0.5
NODATA_value -1
[rows 58 to 86 of 360, columns 65 to 129 of 720]
0.09486744433940199 0.12976211324478834 0.2886529016641875 0.2671482007362052 0.1183507793834288 0.1340470163241238 0.13260863963872746 0.11900822492491475 0.11161914003903452 0.13501595413985273 0.13077311589499305 0.09534957427709916 0.09202409792846498 0.006244721930231147 0.00045197532200960325 0 0.04393184663465172 0.13553367551983692 0.2988178907303318 0.29942995116774884 0.29679682734941315 0.2978032147458224 0.29455656700747995 0.2925113735542938 0.2815078803252811 0.26624071053962645 0.25223865303505116 0.2781367799829054 0.2873744651469842 0.2916095557725636 0.2928554344085703 0.29026386200820403 0.29813186418793525 0.30004623159031735 0.30073345652841965 0.3007848645317613 0.29944275350488053 0.29906258777907213 0.29794435501436906 0.2994789772724209 0.29887736992530384 0.29708960733230594 0.2937350624118774 0.2945447845286747 0.29107559620502615 0.2977375209451921 0.296678756909998 0.29089209029020324 0.27666862839006917 0.18839589649814922 0.189253373178497 0.18829386629107994 0.16854109948184195 0.1882170611031567 0.18640277996256374 0.18640108240153652 0.18654713848163007 0.18659572338615016 0.18474389679956027 0.15559017311089499 0.16842113610958248 0.2966977959919425 0.2593844218554851 0.0 0.12335790435708893
0.13544739938676206 0.29215052863174357 0.24704415396199675 0.24502198789612378 0.16780705939531707 0.152484160379221 0.15323035922369213 0.1329485294116857 0.11204238416552628 0.17405852586563778 0.2856855150535179 0.08470617750127511 0.09415391753924313 0.04432451298963298 0.0342267408699083 0.033409562694633535 0.020549085965693763 0 0.13404998624536585 0.294665226589141 0.2970321305483694 0.30106864842902614 0.29537323268351456 0.2993569365970375 0.2970526417701811 0.29060061422017547 0.26549426881816307 0.28085913818658137 0.2865194959953094 0.28329499523746077 0.2923317381914471 0.296805773590218 0.3001501098136752 0.29796216960382 0.2979809489791091 0.29706236731887053 0.2947343620939951 0.29658186319917806 0.2975257488901188 0.29628769137668154 0.2873725695796615 0.2916592030348403 0.2890727226840404 0.2878069884509494 0.2879561622861529 0.29489871449360394 0.2928631996264397 0.29774815443328845 0.29556336281618706 0.1861696305889948 0.18182986121836348 0.1766872020184162 0.1824822924007297 0.18741882470746798 0.12913274968846747 0.1287754024219124 0.122668912553545 0.12721176163494685 0.12687281006565257 0.12023809771468345 0.17597461517076032 0.18239913844603828 0.18301757484054293 0.16921751806441643 0.1348356543301284
0.1600343459187971 -1.0 -1.0 -1.0 -1.0 0.0 0.0 -1.0 -1.0 -1.0 -1.0 0.14346110376765106 0.1861011716708846 0.06958850781179196 0.1057450538315141 0.14786587253536862 0.14506767533567033 0.0692569426518588 0.11645538918101075 0.14368693189720913 0.15262236869561926 0.2906902239952995 0.2971918952848124 0.14133657351356949 0.2949102981065298 0.29558562632344554 0.2876966572461812 0.27610224353671037 0.2962192165853312 0.29480566034588057 0.2869083838856197 0.29918088031395895 0.30115898188695833 0.298128793826458 0.29818304097392395 0.3012032631980631 0.29894475122583297 0.2915522936272582 0.2967549820281494 0.2975511797442297 0.29657623156524243 0.2926355135065823 0.2848824654656135 0.29480459851944635 0.29412208765016706 0.2924736681090987 0.26575068418855274 0.2947415708918714 0.12803626124215609 0.12952012736991894 0.129843310558125 0.12925094067409074 0.1267389602736612 0.12752159913453795 0.12761356263265392 0.12718285402743734 0.12436189190803132 0.10324650586526493 0.12347450755074432 0.12519420347883922 0.17907380041092305 0.1834459774910378 0.1827752604781536 0.17792064613535166 0.17750550515055152
-1.0 -1.0 -1.0 -1.0 -1.0 -1.0 -1.0 -1.0 -1.0 -1.0 -1.0 -1.0 -1.0 -1.0 -1.0 0.14754637960828487 0.14990037014254454 0.1400164590203844 0.15306775467088418 0.11668084041665436 0.11075852160037201 0.07904390254902488 0.13011137536380307 0.13537226961987908 0.13796657384518815 0.10923686526063692 0.13811090924205818 0.28337135766778443 0.30141065687480884 0.30085333762881905 0.3000277554772738 0.29985845184380705 0.30093196897003316 0.29981984615413004 0.3024700436707385 0.3022322957262416 0.30200264675400956 0.3009696162532216 0.30027005779788724 0.2971378882167374 0.29737450355749256 0.2962043985060352 0.2986785470918125 0.2989095051827938 0.29948258696105595 0.27110377483132553 0.270587998986628 0.2700449277321904 0.12756910500059065 0.1267158199559116 0.12738043087421186 0.1287719508340035 0.12423320025199773 0.1278647023260779 0.12576821593239798 0.12393189298304158 0.12496023110444501 0.12329032282461824 0.26772120878814915 0.29555949188797126 0.18170714095070353 0.1815064923966796 0.11929155563239914 0.12614898774084402 0.1266311799192449
-1.0 -1.0 -1.0 -1.0 -1.0 -1.0 -1.0 -1.0 -1.0 -1.0 -1.0 -1.0 -1.0 -1.0 -1.0 -1.0 -1.0 -1.0 0.12979110483661246 0.12961626186201763 0.07171687904932714 0.10696982637155462 0.13738736542748564 0.28087408995019575 0.14836317357040338 0.1395669370623751 0.008524565798636285 0.1305106031936903 0.2963204641421813 0.30127015476011193 0.30115936061724163 0.30130668402890537 0.30196447590536146 0.301599300290114 0.3002890979552876 0.30189552426138094 0.30214071602557985 0.301628075389499 0.30078966447691646 0.2997319053075933 0.29141047528014635 0.30028492403372925 0.30199757411206835 0.3008640812158169 0.30082311416863716 0.3002400856507498 0.2712267578997595 0.26373488090830893 0.2695702743919475 0.12520286149456214 0.12323068131244153 0.1268884480726128 0.12723884620391018 0.12569868688365682 0.11931095190635765 0.12123801907692808 0.2834773990516982 0.16500574820876698 0.29171999072784804 0.28626875663346685 0.29708756986183754 0.29590475238458425 0.2181868133311258 0.12210852229578208 0.1187865049805839
-1.0 -1.0 -1.0 -1.0 -1.0 -1.0 -1.0 -1.0 -1.0 -1.0 -1.0 -1.0 -1.0 -1.0 -1.0 -1.0 -1.0 -1.0 -1.0 -1.0 0.14343879107925955 0.14132172775981278 0.1522681471624071 0.3050187102870175 0.28709521068100957 0.28088091937737064 0.26736242574369523 0.2866892075086656 0.1340071183179132 0.2781133183490648 0.28594489695223096 0.30197279329730126 0.29789557953343404 0.2996453916812953 0.3004164411237128 0.3006459895701422 0.3016688672707652 0.30089913314695876 0.3004536307283723 0.29980792888391633 0.2996145147673891 0.29310580498731653 0.30079096518554926 0.3005168262135677 0.30037531258221734 0.30135643098689485 0.29787909232767473 0.27026668924827363 0.0 0.2690946096926909 0.12652698079387373 0.12314442930660471 0.12067127841037634 0.11896368124669239 0.11913875144305054 0.12223537321065477 0.0 0.0 0.0 0.0 0.0 0.0 0.06276602961329827 0.0 0.2552232193533453
-1.0 -1.0 -1.0 -1.0 -1.0 -1.0 -1.0 -1.0 -1.0 -1.0 -1.0 -1.0 -1.0 -1.0 -1.0 -1.0 -1.0 -1.0 -1.0 -1.0 -1.0 -1.0 0.2825476077862145 0.29574365840880296 0.2874941627280191 0.29282083505107515 0.2903883460064293 0.2509800439294294 0.2734716165586949 0.057482563663263805 0.2816959950515033 0.30116318240167306 0.29781586439771573 0.29993122469088307 0.296605828308191 0.30131950051227063 0.3006598567808771 0.3006131618459855 0.30012905116711547 0.3004862983212223 0.2991219788704889 0.2993927876008541 0.27043915122072804 0.2706607579600357 0.27160265651897214 0.30000020650297854 0.30192863191165675 0.299203408300928 0.2925089058295241 0.0 0.0 0.0 0.0 0.0 0.0 0.0 0.0 0.0 0.0 0.0 0.0 0.0 0.0 0.0 0.0
-1.0 -1.0 -1.0 -1.0 -1.0 -1.0 -1.0 -1.0 -1.0 -1.0 -1.0 -1.0 -1.0 -1.0 -1.0 -1.0 -1.0 -1.0 -1.0 -1.0 -1.0 -1.0 -1.0 0.2823658040146553 0.28439327764946687 0.24378301449875156 0.2893231041591168 0.299886138745529 0.1559013715045166 0.11959054961435257 0.08211920899039947 0.2969420073635285 0.14025777593431757 0.2934175169133104 0.2984836111356076 0.30063136812897406 0.30189539303220425 0.30107934675959486 0.29918748635326753 0.2970220158593704 0.29748413589391687 0.29769184627892803 0.29800370182908953 0.2713245638647672 0.26806365953183753 0.27127676785254917 0.2995392835545983 0.2978193091159927 0.2973020603110626 0.0 0.0 0.23359758669022732 0.0 0.0 0.0 0.0 0.0 0.0 0.0 0.0 0.0 0.0 0.0 0.0 0.0
-1.0 -1.0 -1.0 -1.0 -1.0 -1.0 -1.0 -1.0 -1.0 -1.0 -1.0 -1.0 -1.0 -1.0 -1.0 -1.0 -1.0 -1.0 -1.0 -1.0 -1.0 -1.0 -1.0 -1.0 0.28205578735107273 0.28435703276839125 0.28759936821123877 0.3050977283538725 0.29968458603984544 0.29639542177865247 0.13201423872457238 0.28726380642390104 0.1292605426306462 0.2913987734008902 0.29034397328087486 0.2957125550596876 0.29456896276019934 0.2976475899695187 0.2905404580282579 0.297424458165192 0.29615555189722353 0.29695528290520035 0.2718403044483372 0.29782269125906885 0.26921338710686743 0.2594785879900776 0.298154795985529 0.2998811923606163 0.2976068842910056 0.2916550707573258 0.16314569374012888 0.0 0.0 0.0 0.0 0.0 0.0 0.0 0.0 0.0 0.0 0.0 0.0 0.0 0.0
-1.0 -1.0 -1.0 -1.0 -1.0 -1.0 -1.0 -1.0 -1.0 -1.0 -1.0 -1.0 -1.0 -1.0 -1.0 -1.0 -1.0 -1.0 -1.0 -1.0 -1.0 -1.0 -1.0 -1.0 -1.0 0.29295089969134214 0.29295537193656507 0.29237477991365074 0.30296513391445573 0.30048646413354846 0.304027832294417 0.29647783501876634 0.2907145471161205 0.2916602682437564 0.12211379688502302 0.14319921228657784 0.2953016706084802 0.29273769674403854 0.29173345986669785 0.2976496354668555 0.2687700427913599 0.26692893166884085 0.2694375971069685 0.297399238913413 0.29755372328683233 0.26658197712689996 0.22692929040199458 0.2615047548023829 0.29543156946026194 0.2905895417215718 0.28505928741583975 0.07014543361735556 0.0 0.11101307863123237 0.0 0.0 0.0 0.0 0.0 0.0 0.0 0.0 0.0 0.0 0.0
-1.0 -1.0 -1.0 -1.0 -1.0 -1.0 -1.0 -1.0 -1.0 -1.0 -1.0 -1.0 -1.0 -1.0 -1.0 -1.0 -1.0 -1.0 -1.0 -1.0 -1.0 -1.0 -1.0 -1.0 -1.0 -1.0 0.0 0.256458942796718 0.30028262909385295 0.29904314350009925 0.29703866493088854 0.29657438991408464 0.30135367135264646 0.30749271310330867 0.2810484798858925 0.2665169040449764 0.2964733793435203 0.29350096271447446 0.28955477211481284 0.2809289877329675 0.2688626451318382 0.26226122233740745 0.2527140563887891 0.26480861430647495 0.2664122747308673 0.2659748054802148 0.2674093402640034 0.25639598500570937 0.29501776335305646 0.2976524930191558 0.280907668567521 0.2636625042097483 0.23185022951655015 0.19132165904212461 0.24857951174686624 0.04895043050458003 0.0 0.0 0.0 0.0 0.10097628254510906 0.1498968495910367 0.16915936775850937 0.21370179650411525 0.08084152110987662
-1.0 -1.0 -1.0 -1.0 -1.0 -1.0 -1.0 -1.0 -1.0 -1.0 -1.0 -1.0 -1.0 -1.0 -1.0 -1.0 -1.0 -1.0 -1.0 -1.0 -1.0 -1.0 -1.0 -1.0 -1.0 -1.0 -1.0 0.0 0.27810020043554684 0.2969270593648384 0.3004990633440285 0.297914939460911 0.29545498274148685 0.3018067840685066 0.2916672856005859 0.30178826606880005 0.29906329731572867 0.29876192078019514 0.28987111801146187 0.28153475361389246 0.2835448863725286 0.25952045143276087 0.2461662593048846 0.22441345636108093 0.25009754066685747 0.25912638813039135 0.26303071359775104 0.26576729996844245 0.25978091036394124 0.2933988640116702 0.30061517324535014 0.2975793518767204 0.2674305729072112 0.25407462293652716 0.0 0.0 0.0 0.0 0.0 0.0 0.0 0.22088528369544522 0.25494032618185114 0.20442956852436736 0.0
-1.0 -1.0 -1.0 -1.0 -1.0 -1.0 -1.0 -1.0 -1.0 -1.0 -1.0 -1.0 -1.0 -1.0 -1.0 -1.0 -1.0 -1.0 -1.0 -1.0 -1.0 -1.0 -1.0 -1.0 -1.0 -1.0 -1.0 -1.0 0.2734902397322543 0.28122525818204264 0.29851784494750483 -1.0 0.26074648221187385 0.2932588945601788 0.30242102600435766 0.3033236158357639 0.30291401590516726 0.2948372028987197 0.2934299686117994 0.29169864319834526 0.28521472552398086 0.2622986883246953 0.2408969163997633 0.24055824002768475 0.24376258756520414 0.168703130046034 0.2224475482693041 0.24770988282052522 0.2574769276956105 0.27460025536938926 0.2707012441174393 0.29787546272837495 0.2977588981653277 0.2987322122385881 0.24434795618156924 0.2509845569566715 0.0 0.0 0.0 0.0 0.0 0.0 0.2550045181583862 0.2494603630234626 0.2577883173744778
-1.0 -1.0 -1.0 -1.0 -1.0 -1.0 -1.0 -1.0 -1.0 -1.0 -1.0 -1.0 -1.0 -1.0 -1.0 -1.0 -1.0 -1.0 -1.0 -1.0 -1.0 -1.0 -1.0 -1.0 -1.0 -1.0 -1.0 -1.0 0.3157060087578104 0.3052766414171494 0.306861612081844 0.2972214715250354 -1.0 0.3099816094541581 0.31150844577705045 0.29688798009038064 0.3115109452957698 0.3008302964456308 0.2964020122078087 0.2880718985935406 0.28515265076355556 0.2680941784088525 0.24651963712146024 0.0 0.24694269087058301 0.2559031884495404 0.2554014773290403 0.25473941696932345 0.24834434631583688 0.26194203598784166 0.2677979417124959 0.2685599577129678 0.2976228397544703 0.2977881668256777 0.2976176576741169 0.29659745107694685 0.2576631494234011 0.0 0.254353436575962 0.0 0.0 0.0 0.0 0.0 0.23185579397311087
-1.0 -1.0 -1.0 -1.0 -1.0 -1.0 -1.0 -1.0 -1.0 -1.0 -1.0 -1.0 -1.0 -1.0 -1.0 -1.0 -1.0 -1.0 -1.0 -1.0 -1.0 -1.0 -1.0 -1.0 -1.0 -1.0 -1.0 -1.0 0.30611606194907537 0.29934065925425996 0.29716992079692606 0.2897356433804335 -1.0 0.3082563066770753 0.30146560172137726 0.31189871508957695 0.30167235892549915 0.2946514973878011 0.3022132663232861 0.2960669407640831 0.28860996179917475 0.27869323898461074 0.24747729971855936 0.2503934095837841 0.24295588903270696 0.2464921013831403 0.2433726437353217 0.2203635364415575 0.24684281602284955 0.2577069243916364 0.28903656833196567 0.29193923724529347 0.29431209504552003 0.26911418391426944 0.29771725499701857 0.29795321499713034 0.29753323156056 0.29902824447666315 0.2686172959696132 0.23691630687734516 0.2507114651280181 0.25496078116139 0.26217880412236577 0.2602034145099882 0.23169740367760014
-1.0 -1.0 -1.0 -1.0 -1.0 -1.0 -1.0 -1.0 -1.0 -1.0 -1.0 -1.0 -1.0 -1.0 -1.0 -1.0 -1.0 -1.0 -1.0 -1.0 -1.0 -1.0 -1.0 -1.0 -1.0 -1.0 -1.0 -1.0 -1.0 0.3153160954119459 0.29938752092156623 0.29957310782448926 -1.0 -1.0 0.2920976056556123 0.3049530752132959 0.2998454130264924 0.29839537373385533 0.30679727166082693 0.2982366936037844 0.2982432789334066 0.2832707474821952 0.2846745582101986 0.25298825885919357 0.24141264783223024 0.23509399131943504 0.19408442016769126 0.18887850378408774 0.24828205182785332 0.2561662450222199 0.2651872880189714 0.2930423549558659 0.29423639654625644 0.2932849029147953 0.26924450806623124 0.273039573825329 0.2964901818920811 0.2979932921138584 0.29779289464322195 0.29532116781981094 0.2657752403971575 0.23907512731664746 0.0663241543056496 0.03438703870835481 0.23647298612381684
-1.0 -1.0 -1.0 -1.0 -1.0 -1.0 -1.0 -1.0 -1.0 -1.0 -1.0 -1.0 -1.0 -1.0 -1.0 -1.0 -1.0 -1.0 -1.0 -1.0 -1.0 -1.0 -1.0 -1.0 -1.0 -1.0 -1.0 -1.0 -1.0 -1.0 0.2942430040059653 0.3014519648070552 0.2898190627442354 -1.0 -1.0 -1.0 0.2972193179760539 0.30644246086962484 0.3035852605687759 0.30022087693812477 0.30489580041303976 0.30352198914611445 0.29783814484111854 0.2926848741566822 0.2696819362344991 0.24994534591243237 0.09728067325576302 0.12244625852583786 0.14320079647838665 0.23397832922448314 0.25613482161905865 0.27508443894958634 0.28295421283877514 0.27622602103034744 0.2909554800133508 0.15614546267086904 0.29774684200133633 0.2953419764665847 0.29790025397007086 0.2978488928223102 0.3025155514399507 0.2978133193324198 0.2595449260897024 0.22852529741323474 0.0
-1.0 -1.0 -1.0 -1.0 -1.0 -1.0 -1.0 -1.0 -1.0 -1.0 -1.0 -1.0 -1.0 -1.0 -1.0 -1.0 -1.0 -1.0 -1.0 -1.0 -1.0 -1.0 -1.0 -1.0 -1.0 -1.0 -1.0 -1.0 -1.0 -1.0 -1.0 0.31996443266012575 0.2760428374904128 -1.0 -1.0 -1.0 -1.0 0.3065099205092135 0.3118414707928215 0.3048387069704788 0.2935492532984228 0.3055445175659053 0.15660569519725717 0.29430245499961794 0.2838520375987326 0.2565443576698058 0.18168229203304267 0.0 0.022020196280732093 0.12098608518673691 0.16698202272146173 0.21508787763939857 0.24309455051026424 0.28224530552555527 0.2762336086439014 0.283404221371672 0.29956427339852104 0.2982756762835727 0.2924153683910946 0.14272605248992767 0.2868158238075565 0.2981649537015819 0.2993736521450346 0.2663861224587078 0.23909118705868768
-1.0 -1.0 -1.0 -1.0 -1.0 -1.0 -1.0 -1.0 -1.0 -1.0 -1.0 -1.0 -1.0 -1.0 -1.0 -1.0 -1.0 -1.0 -1.0 -1.0 -1.0 -1.0 -1.0 -1.0 -1.0 -1.0 -1.0 -1.0 -1.0 -1.0 -1.0 -1.0 -1.0 -1.0 -1.0 -1.0 -1.0 -1.0 0.2959779689370335 0.3005618982806998 0.2909256372392238 0.2957629380451401 0.15261708510669061 0.14590604394773535 0.30173047021019367 0.2901709083382932 0.25022154463290147 0.15712489013473893 0.16142941071753175 0.238413957841042 0.22654557672643255 0.24592438801923167 0.12158858054737431 0.24493007552039855 0.2554806244257913 0.2964647008505951 0.29850709718308205 0.3022917327181548 0.297222360349679 0.29589041002744626 0.29521932779830096 0.292640691387338 0.2973310767592955 0.30130041223477 0.25801586465847026
-1.0 -1.0 -1.0 -1.0 -1.0 -1.0 -1.0 -1.0 -1.0 -1.0 -1.0 -1.0 -1.0 -1.0 -1.0 -1.0 -1.0 -1.0 -1.0 -1.0 -1.0 -1.0 -1.0 -1.0 -1.0 -1.0 -1.0 -1.0 -1.0 -1.0 -1.0 -1.0 -1.0 -1.0 -1.0 -1.0 -1.0 -1.0 -1.0 0.2982485517491977 0.30310638212648 0.28870591979869115 0.28419493749093194 0.15385853360101712 0.15127120818878698 0.2895571797968175 0.27873278042788796 0.2887508948262867 0.29552858656321224 0.29071060000719856 0.26960750106141745 0.24972039764651577 0.04597219544645463 0.1732762357389648 0.2430745873113985 0.2817948428412972 0.29091284728358807 0.29800445512855683 0.30181273914126905 0.160111916086738 0.15410841322817417 0.19106947439470992 0.29472988681672324 0.29789594162812905 0.2986261153082845
-1.0 -1.0 -1.0 -1.0 -1.0 -1.0 -1.0 -1.0 -1.0 -1.0 -1.0 -1.0 -1.0 -1.0 -1.0 -1.0 -1.0 -1.0 -1.0 -1.0 -1.0 -1.0 -1.0 -1.0 -1.0 -1.0 -1.0 -1.0 -1.0 -1.0 -1.0 -1.0 -1.0 -1.0 -1.0 -1.0 -1.0 -1.0 0.30541742512420267 0.3016121548320303 0.2951949706947741 0.28475537056389155 0.29166725608521543 0.2911773466193484 0.2952494075267689 0.2827781306365171 0.15028656904220217 0.14605518509156776 0.1523340798368038 0.2860268630250738 0.28268693931491445 0.27695317131822617 0.23526975572982192 0.19352602189784512 0.2313355291044222 0.2486179086913989 0.22819006789865545 0.2897868852935451 0.29999627492428543 0.29595563074674025 0.30207838406727755 0.15671720296231986 0.17961419188043934 0.291349954332759 0.29788626814329827
-1.0 -1.0 -1.0 -1.0 -1.0 -1.0 -1.0 -1.0 -1.0 -1.0 -1.0 -1.0 -1.0 -1.0 -1.0 -1.0 -1.0 -1.0 -1.0 -1.0 -1.0 -1.0 -1.0 -1.0 -1.0 -1.0 -1.0 -1.0 -1.0 -1.0 -1.0 -1.0 -1.0 -1.0 -1.0 -1.0 -1.0 -1.0 -1.0 0.3027824303823407 0.306479982631121 0.30011743281561254 0.29947645790745414 0.3033065363176241 0.3061893507279217 0.2862689260842114 0.29962433286113355 0.29532683048328023 0.15674137360349766 0.3008010066134935 0.30101104036241133 0.2939273680509895 0.2549266143189585 0.2452153670515721 0.24397493937742248 0.2611442352409462 0.17430002550786444 0.26153958213788797 0.2974236725780054 0.29390950520747006 0.29962019791223504 0.30024922241804936 0.30078949488868545 0.28656639509842763 0.29785416348286203
-1.0 -1.0 -1.0 -1.0 -1.0 -1.0 -1.0 -1.0 -1.0 -1.0 -1.0 -1.0 -1.0 -1.0 -1.0 -1.0 -1.0 -1.0 -1.0 -1.0 -1.0 -1.0 -1.0 -1.0 -1.0 -1.0 -1.0 -1.0 -1.0 -1.0 -1.0 -1.0 -1.0 -1.0 -1.0 -1.0 -1.0 -1.0 -1.0 -1.0 0.2914027181966874 0.3075624467478054 0.30184811462576433 0.2934459505696788 0.2960850642479806 0.28350946895165363 0.2897342650836164 0.3035914511664736 0.29486774687196876 0.30189074823947465 0.2991588939019787 0.292206656967693 0.2502114008849134 0.25982956386783285 0.27959257588004593 0.2563619134905722 0.2620340832673078 0.26806383079755236 0.29348446111199505 0.2975739643522503 0.29986151215244367 0.2993599886445213 0.29613943328307263 0.2828673068368315 0.2909212946700097
-1.0 -1.0 -1.0 -1.0 -1.0 -1.0 -1.0 -1.0 -1.0 -1.0 -1.0 -1.0 -1.0 -1.0 -1.0 -1.0 -1.0 -1.0 -1.0 -1.0 -1.0 -1.0 -1.0 -1.0 -1.0 -1.0 -1.0 -1.0 -1.0 -1.0 -1.0 -1.0 -1.0 -1.0 -1.0 -1.0 -1.0 -1.0 -1.0 -1.0 -1.0 -1.0 0.30844055746262916 0.3033337159811011 0.29998115875470527 0.2926977686741771 0.2888832095443944 0.25871317209368766 0.28418856274334714 0.11452836565034344 0.28902973220113826 0.2815577717834414 0.2596825436290012 0.27054996744662485 0.24774455790322975 0.25360925151574837 0.2825794496251552 0.2652334823688446 0.2460461816366686 0.2912765323031031 0.29558312837843037 0.2968599160751293 0.24275299836960862 0.1404089291232231 0.2648118707388188
-1.0 -1.0 -1.0 -1.0 -1.0 -1.0 -1.0 -1.0 -1.0 -1.0 -1.0 -1.0 -1.0 -1.0 -1.0 -1.0 -1.0 -1.0 -1.0 -1.0 -1.0 -1.0 -1.0 -1.0 -1.0 -1.0 -1.0 -1.0 -1.0 -1.0 -1.0 -1.0 -1.0 -1.0 -1.0 -1.0 -1.0 -1.0 -1.0 -1.0 -1.0 -1.0 -1.0 -1.0 0.3345839070736681 0.3022148124595703 0.29938892547196566 0.2936782946051155 0.15310530113965795 0.11563979086649531 0.257974377099298 0.2628459385242334 0.2626861074320807 0.2602560201452517 0.251723319964512 0.13102508442487434 0.1579976849994802 0.0 0.0684168096901847 0.21005405114756948 0.251466597698259 0.24679106582601343 0.21777282497082892 0.0 0.25646064879498187
-1.0 -1.0 -1.0 -1.0 -1.0 -1.0 -1.0 -1.0 -1.0 -1.0 -1.0 -1.0 -1.0 -1.0 -1.0 -1.0 -1.0 -1.0 -1.0 -1.0 -1.0 -1.0 -1.0 -1.0 -1.0 -1.0 -1.0 -1.0 -1.0 -1.0 -1.0 -1.0 -1.0 -1.0 -1.0 -1.0 -1.0 -1.0 -1.0 -1.0 -1.0 -1.0 -1.0 -1.0 -1.0 0.3002797579114995 0.26493334543074704 0.25665222415857303 0.25169694953751065 0.12880332922622942 0.22391354599937144 0.2608692877186514 0.26226464127745963 0.2599599763505065 0.23353459768012833 0.0 0.0 0.0 0.0 0.16490495736038843 0.21243554398099546 0.21139030815845475 0.2149336097546687 0.02814430102651665 0.0
-1.0 -1.0 -1.0 -1.0 -1.0 -1.0 -1.0 -1.0 -1.0 -1.0 -1.0 -1.0 -1.0 -1.0 -1.0 -1.0 -1.0 -1.0 -1.0 -1.0 -1.0 -1.0 -1.0 -1.0 -1.0 -1.0 -1.0 -1.0 -1.0 -1.0 -1.0 -1.0 -1.0 -1.0 -1.0 -1.0 -1.0 -1.0 -1.0 -1.0 -1.0 -1.0 -1.0 -1.0 -1.0 0.24577942989423618 0.2733642449178755 0.27415212895506114 0.2624388042078454 0.24492773162267342 0.10752144159745095 0.2585693675501221 0.26072877016366947 0.2462106007329876 0.0 0.0 0.0 0.0 0.03908119776292854 0.08528813409491269 0.17941429534274364 0.10398689358310365 0.0759948131495134 0.10858305556745329 0.045551997624005816
-1.0 -1.0 -1.0 -1.0 -1.0 -1.0 -1.0 -1.0 -1.0 -1.0 -1.0 -1.0 -1.0 -1.0 -1.0 -1.0 -1.0 -1.0 -1.0 -1.0 -1.0 -1.0 -1.0 -1.0 -1.0 -1.0 -1.0 -1.0 -1.0 -1.0 -1.0 -1.0 -1.0 -1.0 -1.0 -1.0 -1.0 -1.0 -1.0 -1.0 -1.0 -1.0 -1.0 -1.0 -1.0 -1.0 0.27266389899813925 0.27371471468773007 0.24164013561876255 0.25004089823823766 0.14991960650036507 0.26199167558036374 0.2575682305310566 0.21597036190000565 0.0 0.0 0.0 0.0 0.06500012933742423 0.09304168067880123 0.2676001087411134 0.10300607324072894 0.2025592492273272 0.18113875248144706 0.06137814685414805
-1.0 -1.0 -1.0 -1.0 -1.0 -1.0 -1.0 -1.0 -1.0 -1.0 -1.0 -1.0 -1.0 -1.0 -1.0 -1.0 -1.0 -1.0 -1.0 -1.0 -1.0 -1.0 -1.0 -1.0 -1.0 -1.0 -1.0 -1.0 -1.0 -1.0 -1.0 -1.0 -1.0 -1.0 -1.0 -1.0 -1.0 -1.0 -1.0 -1.0 -1.0 -1.0 -1.0 -1.0 -1.0 -1.0 0.20234880158428786 0.2728468233962169 0.2699553688618373 0.23487080327192653 0.24361086008061608 0.24488638752306907 0.25594639983104334 0.19496259059329987 0.0 0.0 0.0 0.2093047624065044 0.17765033443605144 0.0 0.24138294777063513 0.19419740701328145 0.19397189689526764 0.21304479712761457 0.1381309106595221
