critload/trunk/output/2010/fle_nat.asc
ncols 720
nrows 360
xllcorner -180
yllcorner -90
cellsize 0.5
NODATA_value -1
[rows 232 to 260 of 360, columns 195 to 259 of 720]
-1.0 -1.0 -1.0 -1.0 -1.0 -1.0 -1.0 -1.0 -1.0 -1.0 -1.0 -1.0 -1.0 -1.0 -1.0 -1.0 -1.0 -1.0 -1.0 -1.0 -1.0 -1.0 -1.0 0.0 0.0 0.0 0.0 0.0 0.0 0.0 0.26116063654477256 0.2011432636824563 0.2959608192550971 0.2775381242432494 0.12696462246016765 0.14624545832291658 0.0 0.0 0.0 0.0 0.0 0.15212777278142642 0.1753026029214929 0.2653552026095062 0.27340389324877806 0.27139640559911754 0.22892524189961713 0.212821576443949 0.20563731256496395 0.1658132070176228 0.25067549849919135 0.2630043324324206 0.14272040721694737 0.1864999360965176 0.2319982633963329 0.23066327637008313 0.20249892123013924 0.21957880914491273 0.21977633728655954 0.21811160346552763 0.22179925490612692 0.21756075201210753 0.2168986084660583 0.2577866143486931 0.2547981880493205
-1.0 -1.0 -1.0 -1.0 -1.0 -1.0 -1.0 -1.0 -1.0 -1.0 -1.0 -1.0 -1.0 -1.0 -1.0 -1.0 -1.0 -1.0 -1.0 -1.0 -1.0 -1.0 -1.0 0.0 0.0 0.0 0.0 0.0 0.0 0.2059207841672096 0.2826596017665107 0.2634682575899603 0.23229570385870693 0.28232645055482797 0.2448223863422181 0.23087120648453652 0.11082501524797257 0.0 0.0 0.0 0.1289448233261509 0.071458536664305 0.22675753684704983 0.2579430035110803 0.2666852615869371 0.2701964926221962 0.23138972397614885 0.22289675445423218 0.20225468129120253 0.15294679046584084 0.17981448415221396 0.1843370647550612 0.18579507236154744 0.2184247692656517 0.23934398221357292 0.1789457600167709 0.2559249612027325 0.2754484052284053 0.220619183838031 0.22244246635887885 0.222564357983103 0.22417283073233266 0.22220891337751575 0.22230081828425166 0.25581205058932155
-1.0 -1.0 -1.0 -1.0 -1.0 -1.0 -1.0 -1.0 -1.0 -1.0 -1.0 -1.0 -1.0 -1.0 -1.0 -1.0 -1.0 -1.0 -1.0 -1.0 -1.0 -1.0 -1.0 0.0 0.0 0.0 0.22030729792840176 0.27484979217489947 0.2944936590762736 0.2735630068102758 0.2899367640666075 0.24645279794341549 0.24699286233350426 0.28109457340730876 0.1793273226698804 0.0 0.15568812400625567 0.0 0.0 0.0 0.0 0.0 0.026022312041783832 0.22655246966392603 0.2609170399424419 0.2644232728333448 0.22414602734836583 0.1871630659427565 0.1661420973663827 0.14391456190109822 0.16034636869410282 0.16982915151021724 0.160163516385561 0.23311720253390356 0.1894857885544786 0.2497128147920634 0.2679817871129646 0.2699702208224532 0.24647405674120104 0.27171600627497705 0.27673413147651726 0.27456627236547565 0.2237022952300576 0.22332174853289025 0.2204543129087805
-1.0 -1.0 -1.0 -1.0 -1.0 -1.0 -1.0 -1.0 -1.0 -1.0 -1.0 -1.0 -1.0 -1.0 -1.0 -1.0 -1.0 -1.0 -1.0 -1.0 -1.0 -1.0 0.0 0.0 0.0 0.0 0.2767320311905648 0.23416750624810403 0.22867276779479367 0.11683692019777457 0.2865273945348728 0.05658877754179741 0.19697417959863414 0.25205107413770284 0.0 0.0 0.0 0.0 0.0 0.0 0.0 0.04789890208659318 0.1890348429040789 0.2374085069339998 0.24881029038133112 0.26204490402042546 0.26545922989691567 0.15393515515014192 0.16780976656541682 0.16765626321944146 0.17392564885155729 0.22365301103145638 0.2840446816618575 0.2931258011128323 0.2666809331231509 0.2623027763004571 0.2707915017074554 0.25038279877621317 0.22062871678172855 0.20720848984344353 0.21861404070016335 0.2707170003528829 0.22472879089665748 0.22547813795757163 0.22486598542224773
-1.0 -1.0 -1.0 -1.0 -1.0 -1.0 -1.0 -1.0 -1.0 -1.0 -1.0 -1.0 -1.0 -1.0 -1.0 -1.0 -1.0 -1.0 -1.0 -1.0 -1.0 -1.0 0.0 0.0 0.0 0.0 0.0 0.28872838441993304 0.0 0.0 0.0 0.11205315308555241 0.16661745025879524 0.20103300667008395 0.14571189011152955 0.06967051335183735 0.0 0.0 0.0 0.0 0.08507524438009217 0.05944911647108146 0.12097581408766378 0.13831937261909344 0.15854793570908213 0.17702247331240287 0.15795674998452702 0.14924294988770476 0.1757291412746082 0.1905517768201331 0.22142872570913544 0.23386124303025557 0.2901416795479639 0.2826436113636107 0.2811863063078148 0.24099967486403542 0.24800744682543105 0.25102075453519285 0.22464241418722575 0.2228577950015244 0.2505932983429512 0.2600893913582972 0.22744539497076555 0.2273357487445224 0.2278336881189058
-1.0 -1.0 -1.0 -1.0 -1.0 -1.0 -1.0 -1.0 -1.0 -1.0 -1.0 -1.0 -1.0 -1.0 -1.0 -1.0 -1.0 -1.0 -1.0 -1.0 -1.0 -1.0 0.0 0.0 0.0 0.0 0.0 0.0 0.0 0.28442867758446044 0.1549316988956209 0.005386763001966176 0.11700713861476444 0.026300050132929614 0.0 0.08268344559265166 0.16122452384157054 0.0 0.0 0.0 0.0 0.0 0.103418337601854 0.08691465412901844 0.1409065724376005 0.15756414511846142 0.15092700497624537 0.042261480970762724 0.1743943884549445 0.223095803347286 0.23388494421784234 0.20852084333091894 0.18701652195769955 0.249337748492742 0.2943244882725338 0.0 0.2542730029955356 0.22324599869057543 0.20826806356633526 0.17603604531100792 0.2943726574982956 0.29670388095585815 0.2978646901710716 0.22772745930113591 0.22785533776905015
-1.0 -1.0 -1.0 -1.0 -1.0 -1.0 -1.0 -1.0 -1.0 -1.0 -1.0 -1.0 -1.0 -1.0 -1.0 -1.0 -1.0 -1.0 -1.0 -1.0 -1.0 -1.0 0.0 0.0 0.0 0.0 0.16130440575284785 0.0 0.0 0.25016855519159736 0.2813147072105179 0.0 0.0 0.0 0.0 0.025634207853789476 0.0 0.15534015868589401 0.0835878926253921 0.0 0.0 0.11906439055882942 0.18790157382508615 0.17306621369148645 0.18039300904371042 0.18352095658093173 0.148301507348843 0.08870281385894341 0.17316379885659944 0.18258228394494028 0.20763526103803884 0.1731857346610344 0.19341642987383556 0.2561320245623645 0.25610821064138295 0.2545183744405809 0.2929994542106927 0.25694169787231214 0.2863729883441343 0.29458727999440737 0.2914119416354507 0.2716296787462605 0.27169144843320336 0.29703787304984014 0.22683990617716662
-1.0 -1.0 -1.0 -1.0 -1.0 -1.0 -1.0 -1.0 -1.0 -1.0 -1.0 -1.0 -1.0 -1.0 -1.0 -1.0 -1.0 -1.0 -1.0 -1.0 -1.0 -1.0 0.0 0.0 0.2871144422617349 0.2800682202146323 0.0 0.2049112479060788 0.0 0.0 0.0 0.0 0.0 0.0 0.0 0.15955353251145907 0.10401587636467151 0.19221905214143128 0.19759413205371354 0.04607654246970445 0.14229543924473273 0.12923736103802916 0.1792707310675804 0.1820006639040028 0.2609316487801234 0.261404903387691 0.19789270207001378 0.18171024116538315 0.1713230056911344 0.18742896949769583 0.14388035992797654 0.14706373458589703 0.17171266098460294 0.17209353681558098 0.19947456307738326 0.20139772700025593 0.29127335389093345 0.0 0.29119886034489706 0.2898583982711697 0.27948950378811294 0.21115584259804943 0.1645738811727501 0.2814631219221263 0.26318709688918474
-1.0 -1.0 -1.0 -1.0 -1.0 -1.0 -1.0 -1.0 -1.0 -1.0 -1.0 -1.0 -1.0 -1.0 -1.0 -1.0 -1.0 -1.0 -1.0 -1.0 -1.0 0.0 0.0 0.1482547166575712 0.28658821992540534 0.2505826160592834 0.0 0.23323796819064097 0.0 0.0 0.0 0.0 0.0 0.011474970046840149 0.12588597159449794 0.08570256907291504 0.20447935782830878 0.20230450455718313 0.2168758174789852 0.24552056409914302 0.199946956399667 0.24939390056826832 0.13297726138381688 0.25818505860191626 0.2515581343968195 0.2699620060579733 0.1906264245166819 0.17935322189862227 0.18450084800397246 0.11941697168611946 0.14922061596276937 0.16434442024377288 0.16482046608454323 0.17061765738923898 0.29057975696301663 0.18618969159360993 0.2526356773557147 0.25520654789762326 0.23860147448960356 0.2412113329736885 0.25475028577771375 0.2557992886854291 0.03975639532984206 0.07570813279005396 0.28265517844435495
-1.0 -1.0 -1.0 -1.0 -1.0 -1.0 -1.0 -1.0 -1.0 -1.0 -1.0 -1.0 -1.0 -1.0 -1.0 -1.0 -1.0 -1.0 -1.0 -1.0 -1.0 0.0 0.09154544630572767 0.28881962397395516 0.28880137867548134 0.3159237662473026 0.0 0.26188245967249085 0.12049290211887065 0.0 0.0 0.0 0.0 0.0 0.07144248729524862 0.18383349153942513 0.2634451704309923 0.21923806194464496 0.18542311502726333 0.0 0.049934684552159665 0.2565930076025461 0.2654936522523286 0.26393727132206407 0.2717353358705882 0.2621813926458934 0.19044356874822438 0.1630369583507614 0.15179279819682484 0.03238709903316733 0.16162104736404753 0.29228889357783755 0.2926984946597249 0.0 0.2852112555511906 0.1733749234580484 0.27645187092019985 0.25688074476120515 0.25260534130620427 0.2583535971154048 0.2545251648983618 0.2394821832639642 0.03162980483508886 0.0302542186524014 0.449473862680462
-1.0 -1.0 -1.0 -1.0 -1.0 -1.0 -1.0 -1.0 -1.0 -1.0 -1.0 -1.0 -1.0 -1.0 -1.0 -1.0 -1.0 -1.0 -1.0 -1.0 -1.0 0.0 0.15911090519967253 0.2945620547012272 0.2961661611068176 0.29241513247971423 0.14758031648860825 0.0 0.0 0.0 0.0 0.0 0.0 0.0 0.2657779986707077 0.2946338477560238 0.18685227993219394 0.08387403472665804 0.2005200418147217 0.18522151473448484 0.2575846640217311 0.2634176943523369 0.2682979036398214 0.20987418755300072 0.2541883538019734 0.2572024546111001 0.16941906514832436 0.16943330165635995 0.1200481893748026 0.03360218800026651 0.16174560771966037 0.27668602908262796 0.2856856058605624 0.24989283877724644 0.16853788216216822 0.0 3.976562242341665e-06 0.25577632181900983 0.2606521917951854 0.2596102439318878 0.24882688568919947 0.013187786495108558 0.031243411002398375 0.2182575213825119 -1.0
-1.0 -1.0 -1.0 -1.0 -1.0 -1.0 -1.0 -1.0 -1.0 -1.0 -1.0 -1.0 -1.0 -1.0 -1.0 -1.0 -1.0 -1.0 -1.0 -1.0 -1.0 0.0 0.19518946415824942 0.29566336027290074 0.29669649056753594 0.324430243588034 0.25165711956318576 0.0 0.0 0.0 0.0 0.0 0.0 0.0 0.0 0.2928003588487302 0.1556095898981881 0.0 0.21022021065031243 0.24209374572852643 0.2536621309583256 0.2618975049531383 0.26298895547429074 0.2317293737615702 0.23251303695680153 0.14558222707493332 0.17056726672079606 0.16783023299567354 0.11834318250240684 4.082847957706796e-06 0.1553903409839919 0.28491526198599976 0.28145716247081265 0.25658300718264626 0.2645121864262117 0.25791786990565646 0.0 0.2508470276294978 0.2436297275830355 0.25133991541983863 0.0019317933108611346 0.015954394701612064 0.167180968888845 -1.0 -1.0
-1.0 -1.0 -1.0 -1.0 -1.0 -1.0 -1.0 -1.0 -1.0 -1.0 -1.0 -1.0 -1.0 -1.0 -1.0 -1.0 -1.0 -1.0 -1.0 -1.0 -1.0 0.28899544015999684 0.0 0.2959434348275019 0.2968500746485084 0.3321555289736651 0.2640249813947179 0.0 0.0 0.0 0.0 0.0 0.0 0.0 0.150170851197979 0.29389860744291896 0.19717059827487254 0.23246066829477582 0.0 0.0 0.25183261479445973 0.25985376518928716 0.2516159975124017 0.22765215980944245 0.26966988448717416 0.13967008574399548 0.1673400423251101 0.15500184337829878 0.13970551165762565 0.1576509069207226 0.15775797556832472 0.28852899705761925 0.27636440966919734 0.25274414727838906 0.26192154856970407 0.27062411071887793 0.2619228950314473 0.26744626389008 0.20139722989066447 0.036814071456983226 0.20167809845283094 0.16729264194780985 -1.0 -1.0 -1.0
-1.0 -1.0 -1.0 -1.0 -1.0 -1.0 -1.0 -1.0 -1.0 -1.0 -1.0 -1.0 -1.0 -1.0 -1.0 -1.0 -1.0 -1.0 -1.0 -1.0 -1.0 0.09397750936573389 0.08692610189319552 0.280850014182847 0.2973470643101598 0.34390773476687136 0.321871542492656 0.0 0.0 0.0 0.0 0.0 0.05654426850111234 0.2850837991285384 0.2048700079044201 0.2588061072883352 0.10783115497365356 0.0 0.0 0.02742691142101322 0.07501266801381536 0.21555785492128984 0.24713530926750404 0.23936269650766212 0.24542181597002594 0.27385670403182294 0.13607678330070527 0.15323204752971437 0.20775875596956953 0.16971314354332045 0.0 0.28183089815128104 0.16927052376173657 0.17391787497248104 0.25990215439711223 0.2512383985503722 0.2666852692786869 0.12683473207182477 0.07870607792526511 0.04407714598879875 0.16658989421100398 -1.0 -1.0 -1.0 -1.0
-1.0 -1.0 -1.0 -1.0 -1.0 -1.0 -1.0 -1.0 -1.0 -1.0 -1.0 -1.0 -1.0 -1.0 -1.0 -1.0 -1.0 -1.0 -1.0 -1.0 -1.0 0.2565468532148284 0.1485268666071943 0.1318126628056041 0.29758580785613076 0.3412896057415836 0.19491350058321708 0.0 0.0 0.0 0.0 0.0 0.1007573433522914 0.0 0.0 0.0 0.0 0.0 0.0 0.0 0.0 0.21590960950205432 0.226051216117376 0.0 0.18039522796334445 0.23863788177320078 0.16651365457696715 0.16543184845988312 0.1353058986960371 0.18559682952454665 0.1288857472225262 0.24601073121988007 0.25337968379804576 0.2578602660524147 0.25049275027189155 1.7824386399643866e-05 0.21073062553283275 0.06949868911559864 0.026238204036245893 0.10691105520333712 -1.0 -1.0 -1.0 -1.0 -1.0
-1.0 -1.0 -1.0 0.0 -1.0 -1.0 -1.0 0.0 -1.0 -1.0 -1.0 -1.0 -1.0 -1.0 -1.0 -1.0 -1.0 -1.0 -1.0 -1.0 -1.0 0.2771805088064278 0.11614541397202055 0.10468317220934735 0.2974605050079389 0.29590257484307697 0.29193440025913553 0.0 0.0 0.0 0.0 0.0 0.0 0.0 0.0 0.0 0.0 0.19517827261965298 0.1659842484309356 0.08438980670334154 0.1810650966126206 0.16991448455626096 0.22569016545379258 0.24851666084203267 0.2036225512762864 0.19436020540252338 0.22979282926623706 0.20976337177169238 0.10960746636176155 0.10860653369314197 0.15995134338554245 0.2528737449932023 0.25204529953938226 0.2698560411953766 0.27884927115106073 0.2332582143815271 0.15972448843071535 0.07211615329505482 0.15722244317753334 -1.0 -1.0 -1.0 -1.0 -1.0 -1.0
-1.0 -1.0 -1.0 -1.0 -1.0 -1.0 -1.0 -1.0 -1.0 -1.0 -1.0 -1.0 -1.0 -1.0 -1.0 -1.0 -1.0 -1.0 -1.0 -1.0 -1.0 0.17739059854688766 0.12433451481536839 0.12094334131835294 0.2977786865152651 0.2967324262885166 0.29883356499892144 0.0 0.0 0.0 0.0 0.0 0.0 0.0 0.0 0.14131816330015115 0.16953352539696984 0.0 0.18734233275775125 0.1659411040410126 0.10688428087561475 0.2000201298813336 0.0 0.26187753555915233 0.25678340957964046 0.2624015578158125 0.21064075692828885 0.27022944663813225 0.1083598211567086 0.1280752173419301 0.210895417680703 0.10634516744832524 0.11111115653235855 0.08208775940488368 0.25514294779396957 0.272559086418006 0.13762311279747455 0.2020266872355992 -1.0 -1.0 -1.0 -1.0 -1.0 -1.0 -1.0
-1.0 -1.0 -1.0 -1.0 -1.0 -1.0 -1.0 -1.0 -1.0 -1.0 -1.0 -1.0 -1.0 -1.0 -1.0 -1.0 -1.0 -1.0 -1.0 -1.0 0.26914550614479343 0.16577559455648078 0.12432834469837124 0.2792839764205617 0.2975602523481183 0.34051059896211583 0.0 0.0 0.0 0.0 0.0 0.0 0.0 0.0 0.0 0.22439275782672538 0.1556138987678516 0.0978495367756786 0.009573969938190074 0.11987209731832502 0.12980398880547145 0.22218005188192447 0.2373005151008314 0.24823632257361394 0.18816880615099574 0.2673738407749942 0.26448881455452766 0.268339637637866 0.2044507532578557 0.4365473427315324 -1.0 0.15894500408722237 0.015407340111051441 0.11659949666660016 0.1770598198470245 0.2648934518004137 0.366755950348021 -1.0 -1.0 -1.0 -1.0 -1.0 -1.0 -1.0 -1.0
-1.0 -1.0 -1.0 -1.0 -1.0 -1.0 -1.0 -1.0 -1.0 -1.0 -1.0 -1.0 -1.0 -1.0 -1.0 -1.0 -1.0 -1.0 -1.0 -1.0 0.2898965770991763 0.13132674082333098 0.13302773588067535 0.2973563728131616 0.3366600699225153 0.3133889827669121 0.0 0.0 0.0 0.0 0.0 0.0 0.0 0.0 0.043797839459051705 0.08241798002891693 0.01892657197768761 0.0478543708654457 0.18825863910273513 0.16870210123985963 0.09013470210901355 0.2043399296141098 0.25179034506233133 0.24743241183190723 0.24274015641457858 0.2124946053464643 0.19213782019579964 0.19336071699950833 0.1729698379997499 0.23749159309350656 0.34609691581603924 -1.0 -1.0 -1.0 -1.0 -1.0 -1.0 -1.0 -1.0 -1.0 -1.0 -1.0 -1.0 -1.0 -1.0
-1.0 -1.0 -1.0 -1.0 -1.0 -1.0 -1.0 -1.0 -1.0 -1.0 -1.0 -1.0 -1.0 -1.0 -1.0 -1.0 -1.0 -1.0 -1.0 0.2839385248558793 0.2710898940959115 0.09884455561031094 0.23302441624841477 0.29690861513024175 0.3180999943766952 0.32137632439836594 0.0 0.0 0.0 0.0 0.0 0.0 0.0 0.0 0.0 0.182933543208875 0.1608554223052673 0.0 0.0 0.17887883594012766 0.1305667962447712 0.21704251995040238 0.23646856447641212 0.2129109937109042 0.23374948021445766 0.19327780404797307 0.1888786535033587 0.18957426539004196 0.19708421890564454 0.18088306555090092 0.1898530081882385 -1.0 -1.0 -1.0 -1.0 -1.0 -1.0 -1.0 -1.0 -1.0 -1.0 -1.0 -1.0 -1.0 -1.0
-1.0 -1.0 -1.0 -1.0 -1.0 -1.0 -1.0 -1.0 -1.0 -1.0 -1.0 -1.0 -1.0 -1.0 -1.0 -1.0 -1.0 -1.0 -1.0 0.30128420362704955 0.13684302207384805 0.09639504240280174 0.29727583984131845 0.2954844724406399 0.0 0.1867249037235905 0.29017636089169363 0.0 0.0 0.0 0.0 0.0 0.0 0.0 0.0 0.14923445487958342 0.15175450367325585 0.0 0.14643972282094853 0.15824249641758462 0.18016966709210772 0.18274800239874023 0.13258264598747613 0.19839885573089192 0.159601217557079 0.18375132398509447 0.16348802283656616 0.20040372223857786 0.20214872215701257 0.20008512623073932 0.21732313442933354 0.2842408809587742 -1.0 -1.0 -1.0 -1.0 -1.0 -1.0 -1.0 -1.0 -1.0 -1.0 -1.0 -1.0 -1.0
-1.0 -1.0 -1.0 -1.0 -1.0 -1.0 -1.0 -1.0 -1.0 -1.0 -1.0 -1.0 -1.0 -1.0 -1.0 -1.0 -1.0 -1.0 0.2819874247829562 0.25654495480034106 0.09012064886668487 0.17624104226622156 0.20429296598167493 0.33308730986763035 0.2098925854619929 0.30267689771628437 0.0 0.2137115145512491 0.0 0.0 0.0 0.0 0.0 0.0 0.0 0.0 0.1708780953094563 0.11130574258514729 0.1325515416826225 0.09981414611355474 0.08981246072116693 0.08316492675156763 0.1363732029816647 0.1543883587052266 0.1871155725343937 0.20626366872825194 0.2083639318408422 0.2039337298964855 0.20251831897962297 0.19420634749408772 0.12489918969565969 0.1873337780564571 -1.0 -1.0 -1.0 -1.0 -1.0 -1.0 -1.0 -1.0 -1.0 -1.0 -1.0 -1.0 -1.0
-1.0 -1.0 -1.0 -1.0 -1.0 -1.0 -1.0 -1.0 -1.0 -1.0 -1.0 -1.0 -1.0 -1.0 -1.0 -1.0 -1.0 0.2733587849246155 0.19086419128052082 0.1564498911737655 0.1097157630162534 0.19229591433741156 0.19949907932882904 0.3142448707335373 0.23796892903611938 0.0 0.0 0.0 0.0 0.0 0.0 0.0 0.0 0.0 0.0 0.0 0.0 0.0 0.10364114781572857 0.11812942285072414 1.958666117558435e-06 0.16814334183512109 0.10941422021259134 0.13782271429735252 0.24073446220213993 0.24545099531285045 0.25925189808444576 0.16491785362191583 0.1779034357302057 0.1482179294607241 0.03656768073628092 0 -1.0 -1.0 -1.0 -1.0 -1.0 -1.0 -1.0 -1.0 -1.0 -1.0 -1.0 -1.0 -1.0
-1.0 -1.0 -1.0 -1.0 -1.0 -1.0 -1.0 -1.0 -1.0 -1.0 -1.0 -1.0 -1.0 -1.0 -1.0 -1.0 -1.0 0.22687700528138552 0.25367793568937075 0.27738642586139206 0.11640197921015767 0.20677031367298207 0.20546241998786988 0.32904811706255327 0.1779768481072172 0.0 0.0 0.0 0.0 0.0 0.0 0.0 0.0 0.0 0.0 0.0 0.15298502828663735 0.09510467492406191 0.23143570023815857 0.1812279783152809 0.19278010062541023 0.03226461243145676 0.13245404238373287 0.09881222545035456 0.0 0.22433322447345544 0.22826263008680517 0.22506746865581345 0.1727755797102265 0.1708358120280136 0.18998146104222302 -1.0 -1.0 -1.0 -1.0 -1.0 -1.0 -1.0 -1.0 -1.0 -1.0 -1.0 -1.0 -1.0 -1.0
-1.0 -1.0 -1.0 -1.0 -1.0 -1.0 -1.0 -1.0 -1.0 -1.0 -1.0 -1.0 -1.0 -1.0 -1.0 -1.0 -1.0 0.0 0.25626674140497296 0.13678485383836733 0.09400426090982941 0.2075529592912675 0.20286020908596236 0.337260341479736 0.25808962178588096 0.0 0.0 0.0 0.0 0.0 0.0 0.0 0.0 0.0 0.0 0.0 0.1850048486493627 0.1341199516363336 0.22956144033660142 0.1529576448306602 0.24439172501739617 0.29007244367019386 0.21037490804658948 0.155395368285704 0.18987768403103025 0.15965071920309892 0.21857049376139653 0.23048299839518266 0.15927317702141003 0.2743666381826161 -1.0 -1.0 -1.0 -1.0 -1.0 -1.0 -1.0 -1.0 -1.0 -1.0 -1.0 -1.0 -1.0 -1.0 -1.0
-1.0 -1.0 -1.0 -1.0 -1.0 -1.0 -1.0 -1.0 -1.0 -1.0 -1.0 -1.0 -1.0 -1.0 -1.0 -1.0 -1.0 -1.0 0.13368097365043957 0.07364969437868021 0.08325280619559412 0.20576967170993218 0.19808203500949872 0.1944578877223665 0.0 0.0 0.0 0.0 0.0 0.0 0.0 0.0 0.0 0.0 0.0 0.014635405829596852 0.0 0.19271753003763548 0.06421056352833393 0.167610707798098 0.12272743993505884 0.19412702696894896 0.10797043198109328 0.11425376193400796 0.0 0.0 0.09561547685697028 0.23081143257157283 -1.0 -1.0 -1.0 -1.0 -1.0 -1.0 -1.0 -1.0 -1.0 -1.0 -1.0 -1.0 -1.0 -1.0 -1.0 -1.0 -1.0
-1.0 -1.0 -1.0 -1.0 -1.0 -1.0 -1.0 -1.0 -1.0 -1.0 -1.0 -1.0 -1.0 -1.0 -1.0 -1.0 -1.0 -1.0 0.2891288894143559 0.26267418054243513 0.17266106655341282 0.20523518532566834 0.19609643718483716 0.33861625083555696 0.3235325041187517 0.0 0.0 0.0 0.0 0.0 0.0 0.0 0.0 0.0 0.0 0.0 0.23540420905540055 0.24900614052819603 0.1918523815929952 0.0 0.18154658827420503 0.0 -1.0 -1.0 -1.0 -1.0 -1.0 -1.0 -1.0 -1.0 -1.0 -1.0 -1.0 -1.0 -1.0 -1.0 -1.0 -1.0 -1.0 -1.0 -1.0 -1.0 -1.0 -1.0 -1.0
-1.0 -1.0 -1.0 -1.0 -1.0 -1.0 -1.0 -1.0 -1.0 -1.0 -1.0 -1.0 -1.0 -1.0 -1.0 -1.0 -1.0 0.22720447455824114 0.2617981757841132 0.19469557401307191 0.20319997268444506 0.20762009901843906 0.2004737685610318 0.25449049288480413 0.07614901494840905 0.31740794408857737 0.0 0.0 0.0 0.0 0.0 0.0 0.0 0.0 0.02562015114946745 0.0 0.0 0.142108027229923 0.18233575200398994 0.20503368848414205 0.24438869854385467 -1.0 -1.0 -1.0 -1.0 -1.0 -1.0 -1.0 -1.0 -1.0 -1.0 -1.0 -1.0 -1.0 -1.0 -1.0 -1.0 -1.0 -1.0 -1.0 -1.0 -1.0 -1.0 -1.0 -1.0
-1.0 -1.0 -1.0 -1.0 -1.0 -1.0 -1.0 -1.0 -1.0 -1.0 -1.0 -1.0 -1.0 -1.0 -1.0 -1.0 -1.0 0.29170471482557747 0.18929046300761831 0.05646071089385486 0.20190222921031176 0.2050770542243101 0.2044323510836995 0.2943785936958672 0.32269122662732647 0.0 0.0 0.0 0.0 0.0 0.0 0.0 0.0 0.0 0.013181553199934118 0.0 0.0 0.0 0.0 0.2123333142385177 0.3415072445488621 -1.0 -1.0 -1.0 -1.0 -1.0 -1.0 -1.0 -1.0 -1.0 -1.0 -1.0 -1.0 -1.0 -1.0 -1.0 -1.0 -1.0 -1.0 -1.0 -1.0 -1.0 -1.0 -1.0 -1.0
