critload/trunk/output/2010/fle_ag.asc
ncols 720
nrows 360
xllcorner -180
yllcorner -90
cellsize 0.5
NODATA_value -1
[rows 93 to 123 of 360, columns 355 to 425 of 720]
0.25857871436493896 0.3401037503254838 0.16814893428956354 0.0 0.0 0.05307576390000786 0.07034707317203472 0.168969883709563 0.17090342351617838 0.24948357438744315 0.05676514392617317 0.06711568142643973 0.31178372657523423 0.33543018522542006 0.342800195941936 0.2391026393046943 0.18127184741422184 0.18417342240949722 0.2389584238444521 -1.0 -1.0 -1.0 -1.0 -1.0 -1.0 0.20816327839694743 0.1360566805179004 0.17043407274702876 0.18550786711014586 0.28410136032367583 0.38019689100847837 6.977276897108653 0.04217395247231925 -1.0 -1.0 -1.0 -1.0 0.2657156108687553 0.2255863070407811 0.24517305831351216 0.5246864190454777 0.48598007653945074 0.5905934695972002 0.5129728876246877 0.5341051227622802 0.5541394316446149 0.44355586299820254 0.5492485535388537 0.48649260894017227 0.48284165420540603 0.4992401884880176 0.6089390273913133 0.5279498454362074 0.3397379604672549 0.3754556246488008 0.5424448598720809 0.5241835465117511 0.4484055835329752 0.2878964064635713 0.38895728734640245 0.2602425757441023 0.39398016492371746 0.36446951457693877 -1.0 -1.0 -1.0 -1.0 -1.0 -1.0 -1.0 -1.0
0.5394630880497228 0.4316385937661746 0.394133247439705 0.25591995487319186 0.4611971091337932 0.26765200780554743 0.26970474654798005 0.25978857681934825 0.24875165461051846 0.2239535732147361 0.10658368812667977 0.2149881314874051 -1.0 -1.0 -1.0 -1.0 -1.0 -1.0 -1.0 -1.0 -1.0 -1.0 -0.0 0.27085467284003184 0.0 0.2204109202505693 0.2357686585800338 0.1463693405980194 0.09974563678429377 0.15086218897425901 0.3521531326477493 0.23591559355848551 -1.2515945512630293 0.21209754986679422 -1.0 -1.0 -1.0 -1.0 0.2551431636312592 0.13645903527460032 0.3348984759314952 0.4092839801772717 0.5468246048537198 0.4792977979538494 0.49404020307589214 0.4980875601656156 0.36643948817913 0.320643264445431 0.5180851559778956 0.5081559075721217 0.6173716089920289 0.5997463775251354 0.5836585890257229 0.5859732269554118 0.6268670800252675 0.6171360490846722 0.5899844159082936 0.6179166779518241 0.5986269652310362 0.543589124724232 0.401350388738035 -1.0 -1.0 -1.0 -1.0 -1.0 -1.0 -1.0 -1.0 -1.0 -1.0
0.41868959558332297 0.36139120688853127 0.4121646036940848 0.5137890327176448 0.5116878382093507 0.3887058453268407 0.4025233359732163 0.3913873088104061 0.28369006836445343 0.23888045634775357 0.3882699810565045 0.3850059348879865 -1.0 -1.0 -1.0 -1.0 -1.0 -1.0 -1.0 -1.0 -1.0 -1.0 0.2243089368581998 0.2443231449702514 0.1859700670083512 -1.0 -1.0 0.07988306022553265 0.1386089679293962 0.04725395022989975 0.07645839872014706 0.26314968824408247 0.5145613777187567 0.2315598090233512 0.2552592458441276 -1.0 -1.0 -1.0 -1.0 -1.0 -1.0 0 0.4241942379893833 0.4570446246120137 0.26265840545980007 0.2821207142953324 0.3036726063426512 0.34830761303116414 0.41409173020531437 0.43834173200855087 0.6132286611138082 0.5708219231166025 0.569151274419376 0.5618951176972912 0.308187825118994 0.5603093487195726 0.3032175360080394 0.5457649213185136 0.30059953317094495 0.5106901146917394 0.0 -1.0 -1.0 -1.0 -1.0 -1.0 -1.0 -1.0 -1.0 -1.0 -1.0
0.3616559783672734 0.36244007849578713 0.36263004048186903 0.3815731941882005 0.3953834592934485 0.39642628187484447 0.4715671800678473 0.385826721637149 0.33392457145367355 0.3368748167767795 0.3347192225388317 0.32675428886345814 -1.0 -1.0 -1.0 -1.0 -1.0 -1.0 -1.0 -1.0 -1.0 -1.0 0.2114557381026667 0.2094928251049023 -1.0 -1.0 -1.0 -1.0 -1.0 0.10305195364914804 0.1275607255636032 0.7754803693188028 0.01496354421655845 0.0 0.13659588099084408 -0.27490747280927763 0.09415398491611106 0.21490933435044227 -1.0 -1.0 -1.0 -1.0 -1.0 0.5093268442722904 0.2758377326931004 0.2631183019335422 0.4684650293231007 0.34441931502669804 0.3507553865112767 0.32745015078936274 0.4282861668309146 0.60926843631004 0.6024873330439982 0.5422632498218836 0.5832583023165727 0.5824680419894191 0.5534804158039299 0.5333345418677037 0.5723475029209898 0.5577185037080792 0.4345023944664036 0.29239358815481387 -1.0 -1.0 -1.0 -1.0 -1.0 -1.0 -1.0 0.3618928427998923 0.3157468332876659
0.37090703499734934 0.2927798184775414 0.31761601331492356 0.25845841726206653 0.2607766953506156 0.24304185221538588 0.2716904453804709 0.321169553829941 0.2900696468776258 0.3275617806795198 -1.0 -1.0 -1.0 -1.0 -1.0 -1.0 -1.0 -1.0 -1.0 -1.0 -1.0 0.0 0.21024674487740241 0.18184015753809035 0.09231863820510877 -1.0 -1.0 -1.0 -1.0 -1.0 0.015708652409716424 0.30593456207017794 0.2532115803489875 0.5605960792439351 0.22334040779222009 0.26694701623868794 0.0 0.1334038506023781 0.22909862900704528 -0.08759240499775311 -1.0 -1.0 -1.0 0.41067172902590815 0.4434078681744009 0.2874044841138792 0.4576129029918328 0.5089605501115291 0.21356991681708037 0.24532447263926793 0.36478971060731363 0.14888090704788923 0.2958899070441057 0.22809098235300343 0.0 0.25797025805734913 0.0 0.15032797142688742 0.5986977862004188 0.3252083703892385 0.3034924978783034 0.5319616398822888 0.5730546578642307 0.5995061476779213 0.30902471785554136 0.4720847186461228 0.31150610101183585 0.38563195288236024 0.4022657168384108 0.4087067217571117 0.5380512480142818
0.28807996111026835 0.3541022300339631 0.3659275698919611 0.25576887846033475 0.2638630584435177 0.3177010932949147 0.3095438348415488 -1.0 -1.0 -1.0 -1.0 -1.0 -1.0 -1.0 -1.0 -1.0 -1.0 -1.0 -1.0 -1.0 -1.0 0.23376418055526246 0.22362996130116924 0.19425250590370377 0.12067345177460184 -1.0 -1.0 -1.0 -1.0 -1.0 -1.0 -1.0 0.0 0.2034185903248694 0.1980406354724761 0.6393299978580392 0.3822481696078604 0.07399026151002001 0.07215449805740083 0.1555786144409665 0.17275331774697644 0.3717722022155649 -1.0 0.4672221833117826 0.44461309125783244 0.2642719713762881 0.21671200390257025 0.22341000205580178 0.2670946626699942 0.13854030932383513 0.11525867420110215 0.1637473752844398 0.15071140009529305 0.27892593171299324 0.15399647437616254 0.14229422029762762 0.21727117695427542 0.367768260226424 0.5067991996977851 0.5015637842806981 0.32735276996415885 -1.0 0.39893858578943747 0.3928539679208898 0.32777651818999465 0.4381306313598686 0.43860853784756937 0.38920956758701114 0.436977259367486 0.4188227383086499 0.4149939829055106
0.29297730513623893 0.2528998805883749 0.28242583015740685 0.32603748952606415 0.27485056892088733 0.20508537310120875 0.0 -1.0 -1.0 -1.0 -1.0 -1.0 -1.0 -1.0 -1.0 -1.0 -1.0 -1.0 -1.0 -1.0 -1.0 0.21616765098301277 0.14809821551507862 0.22106967406828307 0.12550209307088836 -1.0 -1.0 -1.0 -1.0 -1.0 -1.0 -1.0 -1.0 -1.0 0.0 0.0 0.0 0.11880564384773455 0.946491846771203 0.16804989697443334 0.10766340078055313 0.10984037713455005 0.0 0.24371023347268894 0.25104026340162966 0.26671720851514263 0.2930144836898798 0.20424057984172828 0.28183221151553983 0.28639763968364446 0.20224566048566506 0.16880427922882857 0.1600976023642024 0.0 -1.0 -1.0 0.2448894950084477 0.41711715668864807 0.31086072620507643 0.43675362780244437 0.3048393711389198 0.5132408328881874 0.3915121578279023 0.4858706350027031 0.5251519242863557 0.3693808802343322 0.39287392848365177 0.38419654673286774 0.46171941149683765 0.4501987010172448 0.5456394232272918
0.2974058130060098 0.12919605680245747 0.2387960257833319 0.24366588754910418 0.21187985751301744 0 -1.0 -1.0 -1.0 0.23186391194560302 0.24580950609430277 0.22330140518460587 0.21626712741372534 0.26007383240971754 -1.0 -1.0 -1.0 -1.0 -1.0 -1.0 -1.0 0.24062009239834833 0.1589507502224307 0.1813665732896983 0.13093150564978337 -1.0 -1.0 -1.0 -1.0 -1.0 -1.0 -1.0 -1.0 -1.0 -1.0 -1.0 0.0 0.25718011036731175 0.2332930487678079 -1.0 -1.0 0.21080657098344704 -1.0 -1.0 0.282888140192576 0.3534050278715497 0.324288678113001 0.28409367521015677 0.2555823932009451 0.24903724015100293 0.144889754046167 0.21319853966310637 0.23417024133898343 -1.0 -1.0 0.0 -1.0 0.3521128830927745 0.37693580392714904 0.3308557260837483 0.4844833993578929 0.3371372023158339 0.36647767296973627 0.37702303066406206 0.45471505195709594 0.5341636469576727 0.5889153960319138 0.5754114077019921 0.5453587387274655 0.5623967773372162 0.5245289236732847
0.33289858017519014 0.32284512101792856 0.16117099439770805 0.15772280748581763 0.25494384522423136 -1.0 -1.0 0.2421866196819244 0.13571589890964314 -1.0 0.18626027649154647 0.23516708554124774 -1.0 -1.0 -1.0 -1.0 -1.0 -1.0 -1.0 -1.0 -1.0 0.1883760163602309 0.10929101943553433 0.13473358263956142 0.09634310043502486 -1.0 -1.0 -1.0 -1.0 -1.0 -1.0 -1.0 -1.0 -1.0 -1.0 -1.0 -1.0 0.19100190813869694 0.09611543993826613 0.44009944702847287 -1.0 -1.0 -1.0 -1.0 0.25753944826762326 0.253708192355206 0.3339717717300424 0.2751758230470335 0.2298750160765078 0.17883455790441488 0.21510261231237957 0.0 0.26273390966129967 -1.0 -1.0 -1.0 0.10829862262275551 0.24104384366560774 0.37762925175426987 0.3924856485785226 0.5055822028707414 0.4212750522564747 0.3942759746556252 0.49048016089952634 0.5095543284686848 0.5410404732059397 0.5243767766820346 0.5804256611567062 0.5892330808407961 0.5895250690362398 0.6078752770252271
0.20344430613119657 0.2692448281957986 0.3653794281994951 0.15332519802648706 0.10661997604205095 0.24595085311525552 -1.0 0.14636063275418298 0 -1.0 -1.0 -1.0 -1.0 -1.0 -1.0 -1.0 -1.0 -1.0 -1.0 -1.0 -1.0 -1.0 0.10657785102926248 0.0 -1.0 -1.0 -1.0 -1.0 -1.0 -1.0 -1.0 -1.0 -1.0 -1.0 -1.0 -1.0 0.17519092418393464 0.2065015552802167 0.07039664897058935 -0.2050456678910997 -1.0 -1.0 -1.0 -1.0 -1.0 -1.0 0.31152109402414013 0.29463579656348987 0.26488416363323597 0.2520892590551933 0.2456242302414372 0.2212036121258433 0.19894896864767347 0.2689096890126567 0.2340928109917149 -1.0 0.25438267758202404 0.33135354609420614 0.3481198900422608 0.3807416958372168 0.37653677283625314 0.5529730399257932 0.573957125951701 0.5645456920261871 0.497760674498465 0.5427998025582164 0.5639772710659754 0.5350265910391981 0.5600424562042357 0.6027388306668863 0.5850191067995385
0.11305219145098411 0.13669777926749402 0.18973185687472355 0.20158789807955285 0.2467788243514853 -1.0 -1.0 -1.0 -1.0 -1.0 -1.0 -1.0 -1.0 -1.0 -1.0 -1.0 -1.0 -1.0 -1.0 -1.0 -1.0 -1.0 -1.0 -1.0 -1.0 -1.0 -1.0 -1.0 -1.0 -1.0 0.16669198375492672 0.23171218197426519 0.15632734035561835 -1.0 0.2118979494558871 0.15332049633326036 0.0 0.0 -0.00676482919518837 -1.0 -1.0 -1.0 -1.0 -1.0 -1.0 0.29616423755987886 0.36380255960113417 0.14121240107907881 0.257040924518266 0.24316723660071293 0.233483915232113 0.22636107367158437 0.1978543694906394 0.20725816596615868 0.2750478774911862 -1.0 0.2424849167185302 0.24407656326000512 0.4131270865940497 0.4840998431567275 0.39999333566533907 0.509757395954655 0.5234558272629599 0.49816961751605643 0.5354559889761978 0.542417042308257 0.48220432823900977 0.5331059771036423 0.5791460108370831 0.5812746767458429 0.5727535915800831
0.2657199953075021 0.12845799019643533 0.1671105314175341 0.22817942911480757 -1.0 -1.0 -1.0 -1.0 -1.0 -1.0 -1.0 -1.0 -1.0 -1.0 -1.0 -1.0 -1.0 -1.0 -1.0 -1.0 -1.0 -1.0 -1.0 -1.0 -1.0 -1.0 -1.0 -1.0 -1.0 0.024457591291854337 0.1506537283957408 0.12474282375582915 0.2065930507259188 0.0745643260574337 0.23325209617303708 0.10886837244838765 0.03788984954551815 0.13464227289741795 -1.0 -1.0 -1.0 -1.0 -1.0 -1.0 -1.0 -1.0 0.2946014832448714 0.2022347890744772 0.29732467003378493 0.2871577547732629 0.2635105377395302 0.19440131208700745 0.22993421990842797 0.25199057417968407 0.25583016742431386 0.2545471979782848 -1.0 0.24847048237765507 0.23820913729661114 0.32555489996988735 0.4553418412129193 0.4443161542766063 0.4990099623440934 0.598884945365877 0.5186980161432734 0.4058808914765931 0.511538064555592 0.4753686529920699 0.5483901400568638 0.48610995435339993 0.5929900182924701
0.10923288002134882 0.10462314880819652 0 -1.0 -1.0 -1.0 -1.0 -1.0 -1.0 -1.0 -1.0 -1.0 -1.0 -1.0 -1.0 -1.0 -1.0 0.45375618770669274 0.235871778411546 0.7357948878986947 0 -1.0 0.22627674868751418 0.19040407874378346 0.14201171800831458 0.43955709562774625 0.4171643911701128 0.31716840753574554 -1.0 -1.0 -1.0 0.009425873336898137 0.505985775538141 0.15863283576711598 0.11658003501811233 0.19449348275067552 -1.0 -1.0 -1.0 -1.0 -1.0 -1.0 -1.0 -1.0 -1.0 -1.0 -1.0 -1.0 0.2811908912391127 0.26779267119428496 0.2196941328813444 0.1121131198148673 -1.0 0.0 0.22957573493997713 0.2632940536131372 0.2458315958433319 -1.0 0.23386487452931506 0.45796096442939893 0.4006025142353969 0.40686006039763145 0.4080044587266059 0.42119734413102267 0.5278795513850892 0.4799119605721724 0.36934565602480685 0.3668957689489012 0.4701579593786907 0.5175378970470514 0.5757486545537019
0.2716528793898995 0.18136753840426206 -1.0 -1.0 -1.0 -1.0 -1.0 0.0 0.0 0.2615269963680425 0.31117776234258543 0.18235527179228114 0.1450359942063868 0.1189246527993666 0.15604282386003332 0.08404374986352957 0.12482106060201935 0.10172341852203458 0.2306607520283977 0.21308258716971074 0.15033767000872075 0.19958138306171666 0.22428217895842437 0.1633944691112217 0.3496126719577769 0.27836451140832386 0.30489839189413837 0.3650652645635219 0.08773114207481945 -1.0 -1.0 -1.0 -1.0 -0.0 -0.09573134774249911 0.20761502191227774 -1.0 -1.0 -1.0 -1.0 -1.0 -1.0 -1.0 -1.0 -1.0 -1.0 -1.0 -1.0 0.2992004482157986 0.2429400008767675 0.20770181829100132 0.14057146564495593 -1.0 0.23059569785013265 0.23582427494719324 0.23099103407580027 0.24157700212896235 0.23263209580984726 0 0.2688023049293438 0.07662992003107993 0.09693382666457609 0.33348175685327064 0.40208418745329366 0.4741472194349138 0.404952828742639 0.38342710343850733 0.43759252889186123 0.4033706797984947 0.4474912714475584 0.4643809285607525
-1.0 -1.0 -1.0 -1.0 -1.0 0.2924818611927315 0.19090992432261153 0.1664225467871617 0.15235920617440474 0.13500907588843103 0.14101182435385656 0.11201404359980764 0.1911787223568621 0.1552746165790682 0.16742344049578803 0.19812669781989395 0.19813288254991168 0.21419986190270499 0.2369169406401009 0.20298166093772724 0.2032792571025191 0.19355219671295187 0.2742688598001094 0.3106268687466341 0.3355563803886731 0.27806264152073784 0.20045128446926128 -1.0 -1.0 -1.0 -1.0 -1.0 -1.0 0.0 -1.0 -1.0 -1.0 -1.0 -1.0 -1.0 -1.0 -1.0 -1.0 -1.0 -1.0 -1.0 -1.0 -1.0 -1.0 0.2528938343454447 0.25282173290218646 0.21945596085501393 -1.0 -1.0 -1.0 0.4741793594437393 -1.0 -1.0 -1.0 0.0 0.1924272182596536 0.021984589846019826 -1.0 0.41222255881036834 0.37763792163185184 0.30918781014575164 0 -1.0 -1.0 0.44139697631079094 0.46576704776375216
-1.0 -1.0 0.28913603386036324 0.22493213664392198 0.23963278036407076 0.23128643634202065 0.14866601294226922 0.0832760377553516 0.08745506510582012 -0.4519995891864087 0.5117256644635908 0.371896429922635 0.2683536712873021 0.30134776808895236 0.49225733062234656 0.14469543118075207 0.1147563671473692 0.1548618998160407 0.08883790224680536 0.19150024288455095 -0.6302057846874984 0.2517360457218086 0.3310584254096241 0.334369766093582 0.26378565132368115 0.21296959882881283 0.3774531917016135 -1.0 -1.0 -1.0 -1.0 -1.0 -1.0 0.3287013245522774 0.288363810347664 -1.0 -1.0 -1.0 -1.0 -1.0 -1.0 -1.0 -1.0 -1.0 -1.0 -1.0 -1.0 -1.0 -1.0 -1.0 -1.0 -1.0 0.2710768005457646 0.2713719310867557 -1.0 -1.0 -1.0 -1.0 -1.0 0.23368415972857484 0.1651755001046739 -1.0 -1.0 -1.0 -1.0 -1.0 -1.0 -1.0 -1.0 -1.0 -1.0
0.28883444873822695 0.2863973608353861 0.21839463450143495 0.2154014277645273 0.17981104304712248 0.13221968389609945 0.09079047933705942 0.17529445093733556 0.1401975714271824 0.0 0.25168103551286297 0.233352872528956 0.0 0.3503636748048758 0.0 0.12412848847314197 0.2759333606213058 -0.21088173817053413 3.587964945916002 -0.655105364738204 3.724233126849911 2.6159311891140646 0.35878928736228827 0.2800957031770869 0.23932594140393948 0.32731787599122525 0.32229131243835807 0.3826684378080545 -1.0 -1.0 -1.0 -1.0 -1.0 -1.0 -1.0 -1.0 -1.0 -1.0 -1.0 -1.0 -1.0 -1.0 -1.0 -1.0 -1.0 -1.0 -1.0 -1.0 -1.0 -1.0 -1.0 -1.0 0.2800878462648973 0.28278602050357327 0.2885536975290884 0.4895890930445613 0.2846894752678379 0.2531057231767981 0.0 0.24935131694025528 -1.0 -1.0 -1.0 -1.0 -1.0 -1.0 -1.0 -1.0 -1.0 0 0.31054100350799957
0.15426147648521377 0.12327366355604359 0.15064540538321272 0.1543014493056129 0.2268981864628328 0.15000401771543367 -0.2896586504372135 0.0 0.0 0.1423611253753688 0.0 0.0 0.009714768781330008 0.07874659441038116 0.050660516128401605 0.3850547990991639 0.0 0.20508360467201434 0.23176990162565533 0.09538668983114848 0.1288187106057748 0.09023111471576581 0.3099249698041413 0.28931145198327307 0.210986530413793 0.3235341466254397 0.35626829270096166 0.2629074628536737 -1.0 -1.0 -1.0 -1.0 -1.0 -1.0 -1.0 -1.0 -1.0 -1.0 -1.0 -1.0 -1.0 -1.0 -1.0 -1.0 -1.0 -1.0 -1.0 -1.0 -1.0 -1.0 -1.0 -1.0 -1.0 -1.0 0.28542977850478113 0.0 -1.0 -1.0 -1.0 -1.0 -1.0 -1.0 -1.0 -1.0 -1.0 -1.0 -1.0 -1.0 -1.0 0.23887773643607027 0.2578748482931109
0.3728252076421369 0.06192572285021844 0.09234132874428858 0.17525733103873173 0.209434386850172 0.20512459471278516 0.0 0.0 0.0 0.0 0.0 0.0 0.0 0.19300127169537096 0.17616340403069092 0.10693848717589839 0.04819271494620797 0.0 0.0 0.0002596507653968819 0.011692595684384485 0.02471634500786734 0.035287993674090835 0.04838713727617278 0.23605645671808623 0.32735138233059313 -1.0 -1.0 -1.0 -1.0 -1.0 -1.0 -1.0 -1.0 -1.0 -1.0 -1.0 -1.0 -1.0 -1.0 -1.0 -1.0 -1.0 -1.0 -1.0 -1.0 -1.0 -1.0 -1.0 -1.0 -1.0 -1.0 -1.0 -1.0 -1.0 -1.0 -1.0 -1.0 -1.0 -1.0 -1.0 -1.0 -1.0 -1.0 -1.0 -1.0 -1.0 -1.0 -1.0 -1.0 -1.0
0.25966738738961453 0.04510460086105731 0.0 0.0 0.0 0.0 0.0 0.0 0.0 0.0 0.0 0.18393997696227715 0.1586049477328892 0.10120069945651773 0.06628938636478277 0.0 0.0 0.0 0.0 0.0 0.020358814859581797 0.06170868967862607 0.10662383265487381 0.011887429920007138 0.12731700754321493 0.20924075859593808 0.3290459224225064 0.32632484930527034 -1.0 -1.0 -1.0 -1.0 -1.0 -1.0 -1.0 -1.0 -1.0 -1.0 -1.0 -1.0 -1.0 -1.0 -1.0 -1.0 -1.0 -1.0 -1.0 -1.0 -1.0 -1.0 -1.0 -1.0 -1.0 -1.0 -1.0 -1.0 -1.0 -1.0 -1.0 -1.0 -1.0 -1.0 -1.0 -1.0 -1.0 -1.0 -1.0 -1.0 -1.0 -1.0 -1.0
0.1442021824240685 0.03341239191837935 0.0 0.0 0.0 0.0 0.0 0.1469653918745406 0.13305806408587287 0.1455097931070206 0.14799106406666862 0.0 0.0 0.021941340703536334 0.0 0.0 0.0 0.0 0.0 0 0 0.0 0.20022553260101913 0.13840576483389305 0.0041482502017613256 0.19527063353804222 0.18673180996744065 0.21653925159229329 0.13320083285296108 -1.0 -1.0 -1.0 -1.0 -1.0 -1.0 -1.0 -1.0 -1.0 -1.0 -1.0 -1.0 -1.0 -1.0 -1.0 -1.0 -1.0 -1.0 -1.0 -1.0 -1.0 -1.0 -1.0 -1.0 -1.0 -1.0 -1.0 -1.0 -1.0 -1.0 -1.0 -1.0 -1.0 -1.0 -1.0 -1.0 -1.0 -1.0 -1.0 -1.0 -1.0 -1.0
0.0 0.0 0.0 0.0 0.0 0.0 0.043181869678268245 0.0 0 0.0 0.027385872762121507 0.0 0.0 0.0 0.0 0.0 0.0 0 0 0 0 0 0 0.0 0 0.0866158677955954 0.020323795384957256 0.014308014626467289 0.4428637125941994 0.12253248127392828 0.2543467228767507 0.25739421847949306 0.1951975622560588 0.1967303719971169 -1.0 -1.0 -1.0 -1.0 -1.0 -1.0 -1.0 -1.0 -1.0 -1.0 -1.0 -1.0 0.36554904573607705 -0.0 0.15903567118475667 0.749767110307014 1.0152684543580826 0.2429995418426099 -1.0 -1.0 -1.0 -1.0 -1.0 -1.0 -1.0 -1.0 -1.0 -1.0 -1.0 -1.0 -1.0 -1.0 -1.0 -1.0 -1.0 -1.0 -1.0
0.0 0.06882041948126298 0.0 0.009681684356083462 0.0 0.0 0.0 0.0 0.0 0 0 0.0 0.0 0.0 0.0 0.0 0.0 0 0 0 0 0 0 0 0 0.0073105261766037745 0.00948502859222183 0.0 0.0 0.005047134529331246 -0.03990867364672796 0.0794738476520703 0.088007370119158 0.0 0.17078595152959497 0.06508599057835096 -1.0 -1.0 -1.0 -1.0 -1.0 -1.0 -1.0 -1.0 -1.0 0.18693132843784724 0.1782100414164345 0.25313758116156615 0.5368804703904967 0.2144109395851971 -0.45790650033273983 0.0 0.0 -1.0 -1.0 -1.0 -1.0 -1.0 -1.0 -1.0 -1.0 -1.0 -1.0 -1.0 -1.0 -1.0 -1.0 -1.0 -1.0 -1.0 -1.0
0.0 0.0 0.0 0.0 0 0 0 0 0 0 0 0 0.0 0.0 0 0.0 0.0 0.0 0 0.0 0 0 0 0 0.0 0.0 0.0 0.0 0.10019398976657429 0.1013110798355798 0.20545393344943572 0.0 0.0 0.2317552129225812 0.0 0.1452389904265736 0 -1.0 -1.0 -1.0 -1.0 -1.0 -1.0 -1.0 0.115559060046944 0.09399467983277866 0.0 0.2151149657243636 0.13330457250265512 0.1643072412765237 -0.01796821114024201 0.0 0.0 0.0 0.07661847368723179 0.10808360999904942 0.36982623172189116 0.38648013206662285 -1.0 -1.0 -1.0 -1.0 -1.0 -1.0 -1.0 -1.0 0.0 0.4801114151790395 -1.0 -1.0 -1.0
0.0 0.0 0.0 0.0 0 0 0 0.0 0 0 0 0 0.0 0 0 0 0 0 0 0 0 0 0.0 0 0 0.0 0.0 0 0.0 0.0 0.12056903525252533 0.0 0.0 0.0 0 0.30486698165686793 0.2284514128094826 0.4391559760786777 0.0 0.0 -1.0 -1.0 -1.0 -1.0 -1.0 0.0 0.0 -0.18140848473718835 0.1967368938184108 0 0 0 0 0 0 0 0 0 0 0.20720851308861654 0.36675327962354765 0.35604722447278236 0.36733390913323627 -1.0 0.351389851696385 0.22027384890117407 0.22306555771996361 0.22756814967662478 0.16473627953923636 0.18085711208347768 0.5056890948626868
0.0 0.0 0 0 0 0 0 0 0 0 0.0 0.0 0 0 0 0 0 0.0 0.0 0 0 0 0 0 0 0 0 0 0 0 0.0 0.0 0.0 0 0 0 0 0.05220527757833827 0.12954785473450864 0.22053366054931656 0.21910644965052423 0.20129864630579028 -1.0 -1.0 0.0 0.0 0.09305796381781646 0 0 0 0 0 0.0 0 0 0 0 0 0 0 0 0 0.0 0.2798270501969352 0.3055732207142732 0.43805147695144175 0.2105176325112156 0.20454877806768804 0.20228639003369328 0.4206900021246524 0.0
0 0 0 0 0 0 0.0 0 0 0 0.0 0 0 0 0 0 0 0 0 0 0 0 0 0.0 0 0 0 0.0 0.0 0.0 0 0 0.0 0.0 0 0 0 0 0 0 0 0.15825340772930832 0.15791053358344379 0.12180579521996582 0.0 0.0 0 0 0 0 0 0 0.0 0 0 0 0 0 0 0 0 0 0 0 0 0 0.23647701585133454 0.18419396002186506 0.20813306092589834 0.42000046191247314 0.40202721050383894
0.0 0 0 0 0.0 0 0.0 0.0 0.0 0.0 0.0 0.0 0 0 0 0 0 0 0 0 0 0 0 0 0 0 0.0 0.0 0.0 0 0 0 0 0.0 0 0 0 0 0 0 0.0 0 0 0 0 0 0 0 0 0 0 0 0 0 0.0 0 0 0 0 0 0 0 0 0 0 0 0.0 0.2059639963230701 0 0 0
0.0 0 0 0.0 0.0 0.0 0 0.0 0.0 0.0 0.0 0 0 0 0 0 0 0 0 0 0 0 0 0 0.0 0 0.0 0.0 0.0 0.0 0.0 0.0 0 0 0 0.0 -0.0 0.0 0 0 0.0 0 0 0 0 0 0 -0.0 0 0 0 0 0.0 0 0 0 0 0 0 0 0 0 0 0 0 0 0.20073217073977273 0.20514731335700404 0 0 0
0 0 0 0 0.0 0.0 0 0.0 0.0 0.0 0.0 0 0 0 0 0 0 0 0 0 0 0 0 0.0 0.0 0.0 0.0 0.0 0.0 0.0 0.0 0.0 0 0 0.0 0.0 0.0 0.0 0.0 0 0.0 0.0 0 0 0.0 0 0 0 0 0 0 0 0 0 0 0 0 0 0 0 0 0 0 0 0 0 0.20976657350424327 0.30315846599090607 0 0 0
0 0 0 0 0.0 0 0 0 0.0 0.0 0.0 0.0 0.0 0 0 0 0 0 0 0 0 0 0 0 0.0 0 0 0 0 0 0.0 0 0 0 0 0 0 0 0 0.0 0 0.0 0 0 0 0 0.0 0 0 0 0 0 0 0 0 0 0 0 0 0 0 0 0 0 0 0 0.20843575403105113 0 0 0 0
