critload/trunk/output/2010/fle_ag.asc
ncols 720
nrows 360
xllcorner -180
yllcorner -90
cellsize 0.5
NODATA_value -1
[rows 62 to 92 of 360, columns 71 to 141 of 720]
-1.0 -1.0 -1.0 -1.0 -1.0 -1.0 -1.0 -1.0 -1.0 -1.0 -1.0 -1.0 0 0 0 0 0 0 0 0 0 0 0 0 0 0 0 0 0 0 0 0 0 0 0 0 0 0 0 0 0 0 0.4748437593262563 0.2937417113149343 0.2570662546061953 0.2567318948085019 0 0 0 0 0 0.3575240046918881 0 0 0 0.650594897644845 0.4370875099817197 0.15538130267108896 0 0 0 0 0 0 0.45087013591656855 0.44005704587607375 0.42734700040678086 0 0.48747712023975015 0 0.5734051907454695
-1.0 -1.0 -1.0 -1.0 -1.0 -1.0 -1.0 -1.0 -1.0 -1.0 -1.0 -1.0 -1.0 -1.0 0 0 0 0 0.2779186192575599 0.27763043434789325 0.2766439754201374 0.2734782932361461 0 0 0 0 0 0.5027238333689767 0 0 0 0 0 0 0 0 0 0 0 0 0 0 0.4363741469122959 0 0 0 0 0 0 0 0 0 0 0 0 0.7282746958073707 0.5711295699633653 0.5709977591945526 0 0 0 0 0 0 0 0.4424132636948329 0.47293343332746757 0.55215119290652 0.5304950829827985 0 0
-1.0 -1.0 -1.0 -1.0 -1.0 -1.0 -1.0 -1.0 -1.0 -1.0 -1.0 -1.0 -1.0 -1.0 -1.0 -1.0 0 0 0 0 0 0 0 0 0 0 0 0 0 0 0 0 0 0 0 0 0 0 0 0 0 0 0 0 0 0 0 0 0 0 0 0 0 0 0.4150863293109055 0.5669275847930625 0 0 0 0 0.4297040919709509 0 0 0.4157878957494937 0.3780764853814823 0 0.31386111349203477 0.468245287016446 0.5217805160303757 0 0.4265770932244314
-1.0 -1.0 -1.0 -1.0 -1.0 -1.0 -1.0 -1.0 -1.0 -1.0 -1.0 -1.0 -1.0 -1.0 -1.0 -1.0 -1.0 0.2796018229743105 0 0 0.27907568746620326 0.2775463715924909 0 0.27696146906337643 0 0 0 0 0 0 0 0 0 0 0 0 0 0 0 0 0 0 0 0 0 0 0 0 0 0 0 0 0 0.571515918922524 0.7089987524033338 0 0 0 0 0 0 0 0 0 0 0.42928458011103704 0 0 0.5207814160029626 0.6397402738233824 0.625619916878123
-1.0 -1.0 -1.0 -1.0 -1.0 -1.0 -1.0 -1.0 -1.0 -1.0 -1.0 -1.0 -1.0 -1.0 -1.0 -1.0 -1.0 -1.0 0.27386753883103937 0 0.2792514211829621 0.2789489974355486 0.2785466189955213 0.27863390824447476 0 0 0 0 0 0 0 0 0 0 0 0 0 0 0 0 0 0 0 0 0 0 0.5593934378827073 0.5676803063278225 0 0 0.5690101451203521 0.5732879408479261 0 0.4374403301311983 0.4015533199767088 0 0 0 0 0 0 0 0 0 0 0 0 0 0 0.4418867304383403 0.4772425226097591
-1.0 -1.0 -1.0 -1.0 -1.0 -1.0 -1.0 -1.0 -1.0 -1.0 -1.0 -1.0 -1.0 -1.0 -1.0 -1.0 -1.0 -1.0 -1.0 0 0 0 0.27919980128682687 0.278880813802287 0.2791208751802354 0 0 0 0 0 0 0 0 0 0 0 0 0 0 0 0 0 0 0 0 0.567938077065817 0.53683428668295 0.5170276275569659 0.5348910404330529 0.5469871951365318 0.41684404248098905 0.4067398492263466 0.571696727928683 0.4072690424192597 0.38610990280973473 0.5752147284990701 0 0.42645213894854106 0 0 0 0 0 0 0 0 0 0 0 0.4008311058870768 0.4032157793402244
-1.0 -1.0 -1.0 -1.0 -1.0 -1.0 -1.0 -1.0 -1.0 -1.0 -1.0 -1.0 -1.0 -1.0 -1.0 -1.0 -1.0 -1.0 -1.0 -1.0 0.0 0 0.279193829992797 0.2790547911674562 0.27928041491381556 0.279421991149599 0.2794585839443533 0 0.27776986934561343 0 0 0 0 0 0 0 0 0 0 0 0 0 0 0 0 0 0.4835017217508904 0.5510964181015862 0.5441408468120852 0.5558592151742286 0.568367324527518 0.3952643163535028 0.5243600612242133 0.6678977412627805 0.3935908679472392 0.5630440956071665 0.5725989776662009 0.4917753558253615 0.46563394859060436 0.42648846771682997 0 0.3265457575325778 0 0 0 0 0 0 0 0 0
-1.0 -1.0 -1.0 -1.0 -1.0 -1.0 -1.0 -1.0 -1.0 -1.0 -1.0 -1.0 -1.0 -1.0 -1.0 -1.0 -1.0 -1.0 -1.0 -1.0 -1.0 0.0 0.27442498035904334 0.2753320340995153 0.2757968900792709 0 0.279847814908583 0 0 0.5513681489005977 0.5408067149155366 0.5443587838948355 0 0 0 0 0 0 0 0 0 0 0.4428749270188421 0 0 0 0 0 0 0.5685029787310745 0.38839644768345916 0.397871488388117 0.38210729457514037 0.42463871536536335 0.40128120331523265 0.5534277138395644 0.5675185948635747 0.5282381655163197 0.5411283594630886 0.5118613330676838 0.4641996123629533 0.522638946946815 0.4331540783644107 0.4311479344119308 0.5486427056504143 0.47155424571422117 0.41823550169172585 0 0 0 0
-1.0 -1.0 -1.0 -1.0 -1.0 -1.0 -1.0 -1.0 -1.0 -1.0 -1.0 -1.0 -1.0 -1.0 -1.0 -1.0 -1.0 -1.0 -1.0 -1.0 -1.0 -1.0 0 0 0 -1.0 0 0 0.5532168183861456 0.5217568478842933 0 0.48443804422364256 0 0 0.5808285851014998 0 0.30904726105743957 0 0 0 0 0 0 0 0 0 0 0 0 0 0.551428059100184 0.4163831519359654 0 0.470367409283294 0.5560374824451884 0.4892708995292605 0.5093921116420076 0.5672626071352017 0 0.4770807786750337 0.559331749430257 0.566917128324533 0.5602475342189137 0.5710164520277429 0.5668862032805723 0.5598465677356597 0.5357207156658473 0.5730675319503176 0.491448606281559 0.1284791817320272 0.1975878635054348
-1.0 -1.0 -1.0 -1.0 -1.0 -1.0 -1.0 -1.0 -1.0 -1.0 -1.0 -1.0 -1.0 -1.0 -1.0 -1.0 -1.0 -1.0 -1.0 -1.0 -1.0 -1.0 0.43217141906404505 0.580825175901346 0 0 -1.0 0 0.562509575723608 0.555903396863372 0 0.5441570992075683 0 0 0 0 0 0 0 0 0.5280902474195499 0.5553293521465723 0 0.5179944461982556 0.5049215735158307 0 0 0 0 0 0 0 0 0 0 0.4368232941055544 0.41916111549242974 0.5428396524098519 0.5682138054016171 0.5453487980974108 0.5437027610051479 0.3631362098801621 0.5611860368221973 0.44803225751072945 0.5619542404132369 0.5627910691798292 0.5622124441743676 0.5644274564656959 0.5624462820770288 0.5715779633749825 0.5827742791610847
-1.0 -1.0 -1.0 -1.0 -1.0 -1.0 -1.0 -1.0 -1.0 -1.0 -1.0 -1.0 -1.0 -1.0 -1.0 -1.0 -1.0 -1.0 -1.0 -1.0 -1.0 -1.0 0.5577299132549373 0.5717200157192746 0.5733252235667325 0.5017723711845901 -1.0 0 0.5166040365387403 0.561877424428685 0.5509936064286389 0.5296708038573336 0 0 0 0 0 0 0 0 0.5034525990809522 0.4610019588546129 0 0.5038990320774681 0 0 0 0 0 0 0 0 0 0 0 0.5555682783034849 0.5612104951562381 0.5721519873732214 0.5666114291509252 0.5549477557820758 0.5544107488233078 0.46020152901594874 0.45849102924298324 0.46291261240912424 0.4635048609021144 0.4646433106268616 0.5845907882428613 0.46606848534681233 0.5804992333419419 0.5704270380075298 0.5874323015394516
-1.0 -1.0 -1.0 -1.0 -1.0 -1.0 -1.0 -1.0 -1.0 -1.0 -1.0 -1.0 -1.0 -1.0 -1.0 -1.0 -1.0 -1.0 -1.0 -1.0 -1.0 -1.0 -1.0 0.49303929131020324 0.5210341446000898 0.48574594370757335 -1.0 -1.0 0 0 0.3874955081783768 0.5554493055604318 0.48508384069644334 0 0 0 0 0 0 0 0 0 0 0.4847567544991324 0.5609284745578588 0 0 0 0 0 0 0 0 0.49831821862085723 0 0 0 0.5089531552647163 0.5561836183291389 0.5328069605294748 0.5313220787931026 0.45605254674420176 0.4617304915304949 0.42308425992139187 0.43135252238622845 0.444001895236132 0.46496794657391266 0.46322967406652454 0.4659926990688205 0.46622081065852783 0.595038976813656
-1.0 -1.0 -1.0 -1.0 -1.0 -1.0 -1.0 -1.0 -1.0 -1.0 -1.0 -1.0 -1.0 -1.0 -1.0 -1.0 -1.0 -1.0 -1.0 -1.0 -1.0 -1.0 -1.0 -1.0 0 0.4717049212709417 0 -1.0 -1.0 -1.0 0 0.5065449879342219 0.485118109005823 0 0 0 0 0 0 0 0 0 0 0.5065283849561019 0.5238252774926874 0 0 0 0 0 0 0 0 0 0 0 0 0.4859838186614571 0.49531289250600985 0.5685560771340284 0.5530296570036324 0.45784397176459884 0.4583052387218987 0.4604810796622261 0.43632730819575044 0.4498081491791257 0.591430463926051 0.5865523608350074 0.5163411984495541 0.6734148065930257 0.5236033952504503
-1.0 -1.0 -1.0 -1.0 -1.0 -1.0 -1.0 -1.0 -1.0 -1.0 -1.0 -1.0 -1.0 -1.0 -1.0 -1.0 -1.0 -1.0 -1.0 -1.0 -1.0 -1.0 -1.0 -1.0 -1.0 0 0 -1.0 -1.0 -1.0 -1.0 0 0.30290033341049233 0 0.3027513232108031 0 0 0 0.5492332779426224 0 0 0.3180885998552502 0 0 0.20789684691688834 0.4423551436131959 0 0 0 0 0 0 0 0 0 0 0 0 0.5158325781300679 0.5511041450680838 0.44408525763521856 0.4516139289672707 0.4547691719582655 0.45930549061532255 0.3336881416852469 0.3523194504051955 0.5480609825822291 0.458929364955688 0.4397132958178464 0.5308056671322154 0.5791850231982892
-1.0 -1.0 -1.0 -1.0 -1.0 -1.0 -1.0 -1.0 -1.0 -1.0 -1.0 -1.0 -1.0 -1.0 -1.0 -1.0 -1.0 -1.0 -1.0 -1.0 -1.0 -1.0 -1.0 -1.0 -1.0 -1.0 -1.0 -1.0 -1.0 -1.0 -1.0 -1.0 0.3033135635477549 0.30246150676148026 0.30267803839434065 0 0 0 0 0 0.2584942194119635 0 0 0 0.3810077744281987 0 0.18520060992723902 0 0 0 0 0 0 0 0 0 0 0 0 0.5624851869225558 0.448996677671731 0.45298236715394374 0.45414061341591594 0.6338717836804183 0.5822426499510293 0.1365865483619515 0.12253950641449486 0.241691797436799 0.27232595150430394 0.2995348540382505 0.3748317112023769
-1.0 -1.0 -1.0 -1.0 -1.0 -1.0 -1.0 -1.0 -1.0 -1.0 -1.0 -1.0 -1.0 -1.0 -1.0 -1.0 -1.0 -1.0 -1.0 -1.0 -1.0 -1.0 -1.0 -1.0 -1.0 -1.0 -1.0 -1.0 -1.0 -1.0 -1.0 -1.0 -1.0 0 0.30030460109387574 0.3015098625076953 0.3014362550816135 0.29969149791168204 0 0 0 0.2949784842032893 0 0.2911840876813144 0.3406245135683786 0.2965037469075351 0 0 0 0 0.2923584591979987 0 0 0 0 0 0 0 0 0.5494580948213255 0.4389543027877279 0.45279357028379136 0.6407236068324865 0.6240203034255692 0.48573311808816316 0.18359709194942544 0.17788339200832143 0.23733958952842543 0.28495821870533083 0.3174807156313456 0.4811434853067577
-1.0 -1.0 -1.0 -1.0 -1.0 -1.0 -1.0 -1.0 -1.0 -1.0 -1.0 -1.0 -1.0 -1.0 -1.0 -1.0 -1.0 -1.0 -1.0 -1.0 -1.0 -1.0 -1.0 -1.0 -1.0 -1.0 -1.0 -1.0 -1.0 -1.0 -1.0 -1.0 0 0 0.29860174193729416 0.2986173350622519 0.3005855495427679 0.5255144551634617 0.3014321657821167 0.29890424345468564 0.30002512344788496 0 0 0 0 0 0.3094246782067508 0.26999901355586475 0.38044319529780946 0.41069850415402626 0.4570922850336207 0.34469391003169264 0 0 0 0 0 0 0 0.5964186512781201 0.42330207930401753 0.4397054669272156 0.6213338001347793 0.5826727681108574 0.37821050686575575 0.36587591835831074 0.23574844588886149 0.21313455377314755 0.17156231591672286 0.30156926672550793 0.27773711706532594
-1.0 -1.0 -1.0 -1.0 -1.0 -1.0 -1.0 -1.0 -1.0 -1.0 -1.0 -1.0 -1.0 -1.0 -1.0 -1.0 -1.0 -1.0 -1.0 -1.0 -1.0 -1.0 -1.0 -1.0 -1.0 -1.0 -1.0 -1.0 -1.0 -1.0 -1.0 -1.0 -1.0 0.3021811573828355 0 0 0 0 0.3808293700814173 0.2962093807668599 0.4103206174480844 0.30204771064510627 0.30283789648394416 0 0 0 0.32355085431960845 0.42898514634191814 0.43276839395256533 0 0.4393824026541476 0.49650968602459056 0 0 0 0 0 0 0 0 0.43004037723364213 0.43005797615426083 0.6016170429617236 0.5730502378967062 0.6192834819010421 0.5634733076233654 0.2500240949097708 0.2527904924214114 0.22335357286259389 0.33609178231036047 0.28205827062847477
-1.0 -1.0 -1.0 -1.0 -1.0 -1.0 -1.0 -1.0 -1.0 -1.0 -1.0 -1.0 -1.0 -1.0 -1.0 -1.0 -1.0 -1.0 -1.0 -1.0 -1.0 -1.0 -1.0 -1.0 -1.0 -1.0 -1.0 -1.0 -1.0 -1.0 -1.0 -1.0 -1.0 -1.0 0 0.3031724703823441 0 0.30278317602168386 0.4525171855485667 0.5114061089222921 0.29403485854785955 0 0.6544297670332847 0.30355830082223784 0 0.2983139938959645 0 0 0 0.3787670283588741 0.5226057674206827 0 0 0 0 0 0 0.32296422086735993 0 0 0.41093526746377956 0.35043292596149095 0.5884161470174901 0.624416194284791 0.6028075339887558 0.5421052147348185 0.5582082761200485 0.3213250893320475 0.3283960037188618 0.2004021718629458 0.28064140253803066
-1.0 -1.0 -1.0 -1.0 -1.0 -1.0 -1.0 -1.0 -1.0 -1.0 -1.0 -1.0 -1.0 -1.0 -1.0 -1.0 -1.0 -1.0 -1.0 -1.0 -1.0 -1.0 -1.0 -1.0 -1.0 -1.0 -1.0 -1.0 -1.0 -1.0 -1.0 -1.0 -1.0 -1.0 -1.0 -1.0 0 0.2960889506807407 0.30295024126169456 0.548390943617101 0.5142506084380287 0.48443732254887967 0.2504847992125273 0.28689707551289995 0.6353506909921949 0.5831786119624228 0.26052119551387987 0 0 0.33242575489966675 0.34297753985527485 0.46958703858847767 0.47584309459604335 0.47958334753435844 0 0.6369128130701047 0.5127098503975968 0.14779973334902743 0.39357368217483174 0 0.5544137557632542 0.44085167853227614 0.42741877260698247 0.5501416113815532 0.5512825758921169 0.46754217454281394 0.3931798592141643 0.12018278248093121 0.17590517037719655 0.14917235929140618 0.3410716818652159
-1.0 -1.0 -1.0 -1.0 -1.0 -1.0 -1.0 -1.0 -1.0 -1.0 -1.0 -1.0 -1.0 -1.0 -1.0 -1.0 -1.0 -1.0 -1.0 -1.0 -1.0 -1.0 -1.0 -1.0 -1.0 -1.0 -1.0 -1.0 -1.0 -1.0 -1.0 -1.0 -1.0 -1.0 -1.0 -1.0 -1.0 -1.0 0 0 0 0.603533129375028 0.5933761859617587 0.46044805461601535 0.3128812621306848 0 0.26434907488497694 0 0.2463638934333049 0.12231644093864412 0.14648227509339293 0.007430191925929728 0.048707126815398946 0.1470864019523322 0 0.185679541894292 0.10329380539124598 0.006202309350964208 0.543981332963708 0.16984243204160487 0.25738270286385084 0.4996995229268088 0.44891712033487374 0.6432931001425318 0.6553765523827358 0.6571871248288315 0.660101403966418 0.6517387824662647 0.6539706038977744 0.6420395195144625 0.538378583119127
-1.0 -1.0 -1.0 -1.0 -1.0 -1.0 -1.0 -1.0 -1.0 -1.0 -1.0 -1.0 -1.0 -1.0 -1.0 -1.0 -1.0 -1.0 -1.0 -1.0 -1.0 -1.0 -1.0 -1.0 -1.0 -1.0 -1.0 -1.0 -1.0 -1.0 -1.0 -1.0 -1.0 -1.0 -1.0 -1.0 -1.0 -1.0 -1.0 0 0.6658448972938373 0 0.4415181754228251 0.45079086735961355 0.4246185096007079 0 0.2622482758662698 0.25968101962596823 0.22634434493755362 0.17915253683501886 0.09261597943954358 0.004555034129472718 0.01693001325697221 0.18433952181818297 0.228214548620972 0.15590740683798718 0.1519122983922124 0.0213507115768787 0.09379758380762147 0.1836920210661816 0.6085031529694228 0.15710962182064847 0 0.5404929849721813 0.6613917786453719 0.6668674016177499 0.64694411304559 0.6424528377395393 0.6495709476738855 0.5881685047368265 0.5146382865452623
-1.0 -1.0 -1.0 -1.0 -1.0 -1.0 -1.0 -1.0 -1.0 -1.0 -1.0 -1.0 -1.0 -1.0 -1.0 -1.0 -1.0 -1.0 -1.0 -1.0 -1.0 -1.0 -1.0 -1.0 -1.0 -1.0 -1.0 -1.0 -1.0 -1.0 -1.0 -1.0 -1.0 -1.0 -1.0 -1.0 -1.0 -1.0 -1.0 0 0.27459947687747255 0 0 0.2838339475642414 0.46950780442974627 0.10291716983830532 0.2603580859981358 0.19762901598524105 0.0 0.2411345087155021 0.32244266311245673 0.35231381540990886 0.2900395217997226 0.3798118642695581 0.3975174833466025 0.2154955750814812 0 0.2698408582912999 0.028859572281588516 0.46180178439261016 0.5886200799431585 0.17017764176003758 0 0.2042896174537704 0.6307463228111522 0.6469506368302215 0.6416075982388619 0.6325167999929517 0.6206724446327284 0.5107497196532323 0.4355533593705954
-1.0 -1.0 -1.0 -1.0 -1.0 -1.0 -1.0 -1.0 -1.0 -1.0 -1.0 -1.0 -1.0 -1.0 -1.0 -1.0 -1.0 -1.0 -1.0 -1.0 -1.0 -1.0 -1.0 -1.0 -1.0 -1.0 -1.0 -1.0 -1.0 -1.0 -1.0 -1.0 -1.0 -1.0 -1.0 -1.0 -1.0 -1.0 -1.0 -1.0 0.2799261592494151 0.27823544127606775 0.255731501909368 0.34170243422705293 0.455795048864426 0.0003799024132589857 0.25706144056697894 0.25568847441315773 0.06907504373510952 0.31544197125335904 0.2941610484972865 0.3073779740175295 0.35523720414231263 0.3592065755141611 0.4731198201289511 0.27288351464952043 0 0 0 0.4158035098346414 0.584650515239382 0.269155839059286 0.36846217921562635 0.5123334793808564 0.5256752312622957 0.3906647504232506 0.43215281433787744 0.403664913510708 0.4376753784207048 0.4518382553645705 0.4255943102852545
-1.0 -1.0 -1.0 -1.0 -1.0 -1.0 -1.0 -1.0 -1.0 -1.0 -1.0 -1.0 -1.0 -1.0 -1.0 -1.0 -1.0 -1.0 -1.0 -1.0 -1.0 -1.0 -1.0 -1.0 -1.0 -1.0 -1.0 -1.0 -1.0 -1.0 -1.0 -1.0 -1.0 -1.0 -1.0 -1.0 -1.0 -1.0 -1.0 -1.0 0.21920563430447262 0.3205896204506005 0.3858796829834014 0.3605850503485567 0.15001596406464845 0.2447268767927977 0.2553341552139862 0.3167423463754158 0.1326222320034239 0.14393039395724744 0.1967395753472939 0.41819825616213 0.3244752237660302 0.2325792011969002 0.41689304054877324 0.2595761639999466 0.232345504307428 0 0 0 0.6018962550458978 0.35767379787682363 0.5138402067859122 0.3408601214206362 0.33965946705479916 0.6111449666644925 0.5219965619698981 0.5238688040553307 0.5170378555051559 0.46426347073562163 0.364039381821686
-1.0 -1.0 -1.0 -1.0 -1.0 -1.0 -1.0 -1.0 -1.0 -1.0 -1.0 -1.0 -1.0 -1.0 -1.0 -1.0 -1.0 -1.0 -1.0 -1.0 -1.0 -1.0 -1.0 -1.0 -1.0 -1.0 -1.0 -1.0 -1.0 -1.0 -1.0 -1.0 -1.0 -1.0 -1.0 -1.0 -1.0 -1.0 -1.0 -1.0 0.0 0.3158181275076288 0.3176865405616015 0.2968918567152072 0 0.2613908498233365 0.25900641804065033 0.28738275383057965 0.38474077350552094 0.3721882808396687 0.39172083513397754 0.3030549074262829 0.38739273680379244 0.23549637594549647 0.25659254861731673 0.19588959510277903 0.25287962054318 0.19026059021872055 0 0 0.6642284413007543 0.3867245561192678 0.3723486650371139 0.6066782873393901 0.3782393267518424 0.5801584676344367 0.6047092201497765 0.6317243856935675 0.5653928227738085 0.5883969732466338 0.5299563359158963
-1.0 -1.0 -1.0 -1.0 -1.0 -1.0 -1.0 -1.0 -1.0 -1.0 -1.0 -1.0 -1.0 -1.0 -1.0 -1.0 -1.0 -1.0 -1.0 -1.0 -1.0 -1.0 -1.0 -1.0 -1.0 -1.0 -1.0 -1.0 -1.0 -1.0 -1.0 -1.0 -1.0 -1.0 -1.0 -1.0 -1.0 -1.0 -1.0 -1.0 -1.0 0 0.6252662168304072 0.5995922379015921 0.18009955187049378 0.19268027638634452 0.25711152125145903 0.19897159771037418 0.18069930059256156 0.4854026977016437 0.4891581148094246 0.5084882543603271 0.5318943467041322 0.4766263477375198 0.40469299392831665 0.27809499837206386 0.15468849959173483 0 0 0 0.29417459616432035 0.46968504701669544 0.4171375626011537 0.3785639567465561 0.579866495294329 0.5559661840348739 0.4657727805102663 0.5768413546010808 0.5994925830468082 0.5842050611905523 0.5479755077575039
-1.0 -1.0 -1.0 -1.0 -1.0 -1.0 -1.0 -1.0 -1.0 -1.0 -1.0 -1.0 -1.0 -1.0 -1.0 -1.0 -1.0 -1.0 -1.0 -1.0 -1.0 -1.0 -1.0 -1.0 -1.0 -1.0 -1.0 -1.0 -1.0 -1.0 -1.0 -1.0 -1.0 -1.0 -1.0 -1.0 -1.0 -1.0 -1.0 -1.0 -1.0 0.6034093353714347 0.538605190018567 0.6490789738303733 0.5500627190772116 0.2700849664575558 0.5370348179779599 0.4494498907900701 0.4247028187230347 0.48779195945296216 0.147290296215721 0.17394934878286633 0.4590514914919986 0.5432715063630003 0.5248724035944414 0.3437213115458809 0.2052490640340948 0.12508442133512862 0.0 0.0 0.05874486403486252 0.03513269331399048 0.33144604837806524 0.6197623477700445 0.6113831858585631 0.6142524022076359 0 0.5238579097399336 0.24736544210744094 0.47277328095268667 0.6199843809593523
-1.0 -1.0 -1.0 -1.0 -1.0 -1.0 -1.0 -1.0 -1.0 -1.0 -1.0 -1.0 -1.0 -1.0 -1.0 -1.0 -1.0 -1.0 -1.0 -1.0 -1.0 -1.0 -1.0 -1.0 -1.0 -1.0 -1.0 -1.0 -1.0 -1.0 -1.0 -1.0 -1.0 -1.0 -1.0 -1.0 -1.0 -1.0 -1.0 -1.0 0.21196867207874512 0.3390727369619913 0.5207640396788793 0.5397517522264077 0 0.2674344846288413 0.5471040223114526 0.2892896930973654 0.22419442517453375 0.27521396015244154 0.3496322298905287 0.0 0.48204671883009836 0.5502230714355566 0.49077062572858116 0.185903040463987 0.27152024773191263 0 0 0.054596283809488805 0.1524448611482682 0.09117374976242736 0.08586046233284822 0.4690623570537103 0.3444454435017018 0.5243272430774083 0.3974155609437401 0 0 0.3012786956727929 0.6436224768956537
-1.0 -1.0 -1.0 -1.0 -1.0 -1.0 -1.0 -1.0 -1.0 -1.0 -1.0 -1.0 -1.0 -1.0 -1.0 -1.0 -1.0 -1.0 -1.0 -1.0 -1.0 -1.0 -1.0 -1.0 -1.0 -1.0 -1.0 -1.0 -1.0 -1.0 -1.0 -1.0 -1.0 -1.0 -1.0 -1.0 -1.0 -1.0 -1.0 -1.0 0.26658545684195617 0 0.5391481575751411 0.4888720400488858 0 0.30789091707980565 0.4818346758438338 0.42492384317061926 0.2957251867505568 0.2014856358283084 0.22012004422073633 0.45015370397457977 0.38853430765223257 0.3942434638760976 0.5301302060260509 0.27842196622750126 0.19669579478649876 0.013197103788396685 0 0 0.17264901570721145 0.14380666622810387 0.14054253275362993 0.12154998293039614 0.20818080009666462 0.10765685387125803 0.2913708642635267 0 0 0.2725981964882957 0.3710625851424976
-1.0 -1.0 -1.0 -1.0 -1.0 -1.0 -1.0 -1.0 -1.0 -1.0 -1.0 -1.0 -1.0 -1.0 -1.0 -1.0 -1.0 -1.0 -1.0 -1.0 -1.0 -1.0 -1.0 -1.0 -1.0 -1.0 -1.0 -1.0 -1.0 -1.0 -1.0 -1.0 -1.0 -1.0 -1.0 -1.0 -1.0 -1.0 -1.0 -1.0 0.26531004485044357 0.4649318456155752 0.6188052995743605 0.4827138438060711 0 0.3145001617761744 0.07054932989504233 0.013171292271268707 0.2609056445090724 0.2512152995490865 0.4075375589638519 0.42710415897409787 0.11831193311831173 0.2394693368233672 0.6607847517536705 0.434586233609198 0.25969523829581376 0.17558191669968748 0.1649103709106549 0.17160388275970354 0.17488212267812767 0.1444914101787839 0.23890477363323626 0.32618541864761974 0.3928057233208277 0.3550693713632636 0.2602348669533107 0.2757730400808661 0.35559013146795293 0.2992994290789399 0.30169518081718105
