critload/trunk/output/2010/fle_ag.asc
ncols 720
nrows 360
xllcorner -180
yllcorner -90
cellsize 0.5
NODATA_value -1
[rows 31 to 61 of 360, columns 426 to 496 of 720]
-1.0 -1.0 -1.0 -1.0 -1.0 -1.0 -1.0 -1.0 -1.0 -1.0 -1.0 -1.0 -1.0 -1.0 -1.0 -1.0 -1.0 -1.0 -1.0 -1.0 -1.0 -1.0 -1.0 -1.0 -1.0 -1.0 -1.0 -1.0 -1.0 -1.0 -1.0 -1.0 -1.0 -1.0 -1.0 -1.0 -1.0 -1.0 -1.0 -1.0 -1.0 -1.0 -1.0 0.0 0 0 0 0 0 0 0 0 0 -1.0 -1.0 -1.0 -1.0 -1.0 -1.0 -1.0 -1.0 -1.0 -1.0 -1.0 -1.0 -1.0 -1.0 -1.0 -1.0 -1.0 -1.0
-1.0 -1.0 -1.0 -1.0 -1.0 -1.0 -1.0 -1.0 -1.0 -1.0 -1.0 -1.0 -1.0 -1.0 -1.0 -1.0 -1.0 -1.0 -1.0 -1.0 -1.0 -1.0 -1.0 -1.0 -1.0 -1.0 -1.0 -1.0 -1.0 -1.0 -1.0 -1.0 -1.0 -1.0 -1.0 -1.0 -1.0 -1.0 -1.0 -1.0 -1.0 0.0 0 0 0 0 0 0 0 0 0 -1.0 -1.0 -1.0 -1.0 -1.0 -1.0 -1.0 -1.0 -1.0 -1.0 -1.0 -1.0 -1.0 -1.0 -1.0 -1.0 -1.0 -1.0 -1.0 -1.0
-1.0 -1.0 -1.0 -1.0 -1.0 -1.0 -1.0 -1.0 -1.0 -1.0 -1.0 -1.0 -1.0 -1.0 -1.0 -1.0 -1.0 -1.0 -1.0 -1.0 -1.0 -1.0 -1.0 -1.0 -1.0 -1.0 -1.0 -1.0 -1.0 -1.0 -1.0 -1.0 -1.0 -1.0 -1.0 -1.0 -1.0 -1.0 -1.0 -1.0 0.0 0 0 0 0 0 0 0 0 -1.0 -1.0 -1.0 -1.0 -1.0 -1.0 -1.0 -1.0 -1.0 -1.0 -1.0 -1.0 -1.0 -1.0 -1.0 -1.0 -1.0 -1.0 -1.0 -1.0 -1.0 -1.0
-1.0 -1.0 -1.0 -1.0 -1.0 -1.0 -1.0 -1.0 -1.0 -1.0 -1.0 -1.0 -1.0 -1.0 -1.0 -1.0 -1.0 -1.0 -1.0 -1.0 -1.0 -1.0 -1.0 -1.0 -1.0 -1.0 -1.0 -1.0 -1.0 -1.0 -1.0 -1.0 -1.0 -1.0 -1.0 -1.0 -1.0 -1.0 0.0 0 0 0 0 0 0 0 0 -1.0 -1.0 -1.0 -1.0 -1.0 -1.0 -1.0 -1.0 -1.0 -1.0 -1.0 -1.0 -1.0 -1.0 -1.0 -1.0 -1.0 -1.0 -1.0 -1.0 -1.0 -1.0 -1.0 -1.0
-1.0 -1.0 -1.0 -1.0 -1.0 -1.0 -1.0 -1.0 -1.0 -1.0 -1.0 -1.0 -1.0 -1.0 -1.0 -1.0 -1.0 -1.0 -1.0 -1.0 -1.0 -1.0 -1.0 -1.0 -1.0 -1.0 -1.0 -1.0 -1.0 -1.0 -1.0 -1.0 -1.0 -1.0 -1.0 -1.0 -1.0 0.0 0.0 0 0 0 0 0 0 0 -1.0 -1.0 -1.0 -1.0 -1.0 -1.0 -1.0 -1.0 -1.0 -1.0 -1.0 -1.0 -1.0 -1.0 -1.0 -1.0 -1.0 -1.0 -1.0 -1.0 -1.0 -1.0 -1.0 -1.0 -1.0
-1.0 -1.0 -1.0 -1.0 -1.0 -1.0 -1.0 -1.0 -1.0 -1.0 -1.0 -1.0 -1.0 -1.0 -1.0 -1.0 -1.0 -1.0 -1.0 -1.0 -1.0 -1.0 -1.0 -1.0 -1.0 -1.0 -1.0 -1.0 -1.0 -1.0 -1.0 -1.0 -1.0 -1.0 -1.0 -1.0 0.0 0 0 0 0 0 0 0 0 0 -1.0 -1.0 -1.0 -1.0 -1.0 -1.0 -1.0 -1.0 -1.0 -1.0 -1.0 -1.0 -1.0 -1.0 -1.0 -1.0 -1.0 -1.0 -1.0 -1.0 -1.0 -1.0 -1.0 -1.0 0
-1.0 -1.0 -1.0 -1.0 -1.0 -1.0 -1.0 -1.0 -1.0 -1.0 -1.0 -1.0 -1.0 -1.0 -1.0 -1.0 -1.0 -1.0 -1.0 -1.0 -1.0 -1.0 -1.0 -1.0 -1.0 -1.0 -1.0 -1.0 -1.0 -1.0 -1.0 -1.0 -1.0 -1.0 -1.0 -1.0 -1.0 -1.0 0 0 0 0 0 0 0 0 0 0.0 -1.0 -1.0 -1.0 -1.0 -1.0 -1.0 -1.0 -1.0 -1.0 -1.0 -1.0 -1.0 -1.0 -1.0 -1.0 -1.0 -1.0 -1.0 -1.0 0 0 0 0
-1.0 -1.0 -1.0 -1.0 -1.0 -1.0 -1.0 -1.0 -1.0 -1.0 -1.0 -1.0 -1.0 -1.0 -1.0 -1.0 -1.0 -1.0 -1.0 -1.0 -1.0 -1.0 -1.0 -1.0 -1.0 -1.0 -1.0 -1.0 -1.0 -1.0 -1.0 -1.0 -1.0 -1.0 -1.0 -1.0 -1.0 -1.0 -1.0 -1.0 0.0 0 0 0 0 0 0 0 0 0.0 -1.0 -1.0 -1.0 -1.0 -1.0 -1.0 -1.0 -1.0 -1.0 -1.0 -1.0 -1.0 -1.0 -1.0 -1.0 -1.0 0.0 0 0 0 0
-1.0 -1.0 -1.0 -1.0 -1.0 -1.0 -1.0 -1.0 -1.0 -1.0 -1.0 -1.0 -1.0 -1.0 -1.0 -1.0 -1.0 -1.0 -1.0 -1.0 -1.0 -1.0 -1.0 -1.0 -1.0 -1.0 -1.0 -1.0 -1.0 -1.0 -1.0 -1.0 -1.0 -1.0 -1.0 -1.0 -1.0 -1.0 -1.0 -1.0 -1.0 -1.0 -1.0 -1.0 -1.0 -1.0 -1.0 -1.0 -1.0 -1.0 -1.0 0 0 0 0.0 -1.0 -1.0 -1.0 -1.0 -1.0 -1.0 -1.0 -1.0 -1.0 -1.0 -1.0 -1.0 0.0 0 0 0
0.0 -1.0 -1.0 -1.0 -1.0 -1.0 -1.0 -1.0 -1.0 -1.0 -1.0 -1.0 -1.0 -1.0 -1.0 -1.0 -1.0 -1.0 -1.0 -1.0 -1.0 -1.0 -1.0 -1.0 -1.0 -1.0 -1.0 -1.0 -1.0 -1.0 -1.0 -1.0 -1.0 -1.0 -1.0 -1.0 -1.0 -1.0 -1.0 -1.0 -1.0 -1.0 -1.0 -1.0 -1.0 -1.0 -1.0 -1.0 -1.0 -1.0 -1.0 0 0 0 0 0 0 0 0 0 0.0 0.0 0.0 -1.0 -1.0 -1.0 -1.0 0 0 0 0
-0.05262384959578398 0 0 0 0.29161685269519255 0 0 -1.0 -1.0 -1.0 -1.0 -1.0 -1.0 -1.0 -1.0 -1.0 -1.0 -1.0 -1.0 -1.0 -1.0 -1.0 -1.0 -1.0 -1.0 -1.0 -1.0 -1.0 -1.0 -1.0 0 0 0 0 0 -1.0 -1.0 -1.0 -1.0 -1.0 -1.0 -1.0 -1.0 -1.0 -1.0 -1.0 -1.0 -1.0 -1.0 -1.0 -1.0 -1.0 0.0 -1.0 0 0 0 0 0 0 0 0 0 0 0 0.0 0.0 -1.0 0 -1.0 0.24770100085386013
-0.07856143105445365 0 0 0 0.2947073120366546 0.2958182116750736 0.2996881512329283 0.298089997901301 0.29699311849130355 0 0.0 -1.0 -1.0 -1.0 -1.0 -1.0 -1.0 -1.0 -1.0 -1.0 0 0.0 0.0 0.0 0.0 -1.0 -1.0 -1.0 -1.0 -1.0 0 0.1339334035530244 0.13462972059703074 0 -1.0 -1.0 -1.0 -1.0 0.0 0 0 0 0.0 -1.0 0.0 0.0 0.0 0.0 0.0 0 0 0 0 0.0 0.0 0 0 0 0 0 0 0 0 0 0 0 0 0 0 0.0 -1.0
-2.2241844063203957 0 0 0 0 0 0 0.29910573946461355 0.2996346459778615 0.2993759455636767 0.2980024683389653 0.29822965423559955 0 0 -1.0 -1.0 -1.0 -1.0 -1.0 -1.0 -1.0 0 0 0 0 0 0 0.0 -1.0 -1.0 -1.0 -1.0 -1.0 0.0 0 0 0 0 0 0 0 0 0 0 0 0 0 0 0 0 0 0 0 0 0 0 0 0 0 0 0 0 0 0 0 0 0 0 0 0 0
0.2980443059883072 0.6900923788193806 0 0 0 0 0 0 0 0.2966409489111948 0.29621805904370263 0.3013153402327614 0 0 0 0 0.0 -1.0 -1.0 -1.0 -1.0 -1.0 0 0 0 0 0 0.0 -1.0 0 0 0 0 0 0 0 0 0 0 0 -0.3166769448282174 0 0 0 0 0 0 0 0 0 0 0 0 0 0 0 0 0 0 0 0 -4.117250760670154 -0.09171943660632426 0 0 0 0 0 0 0 0
0 0 0 0 0 0 0 0 0.29720582135660095 0 0.2970895152373265 0 0 0 0 0 0 -1.0 -1.0 -1.0 -1.0 0 0.24577272315490106 0.13828055570552947 0 0 -1.0 -1.0 -1.0 0.2444682260958108 0 0 0 0 0 0 0 0 0 0 0 0 0 0 0 0 0 0 0 0 0 0 0 0 0 0 0 0 0 0 0 0 -0.02933576646383885 0 0 0 0 0 0 0 0
0 0 0 0 0 0 0 0 0 0 0 0 0 0 0 0 0 -1.0 -1.0 0.0 -1.0 -1.0 -1.0 0 0 0 0 0 0 0 0 0 0 0 0 0 0 0 0 0 0 0 0 0 0 0 0 0 0 0 0 0 0 0 0 0 0 0 0 0 0 0 0 0 0 0 0 -0.060136282701437276 0 0 0
0 0 0 0.0 0 0 0 0 0 0 0 0 0 0.2993864035285015 0 -1.0 0 0 0.20494131958634357 0 0 0 0.23972330739839223 0 0 0 0 0 0 0 0 0 0 0 0 0 0 0 0 0 0 0 0 0 0 0 0 0 0 0 0 0 0 0 -0.09327391830483761 0 0 0 0 0 0 0 0 0 0 0 0 0 0 0 0
0 0 0.2692976138341536 0.27184253343740283 -1.0 -1.0 -1.0 -1.0 -1.0 -1.0 -1.0 -1.0 -1.0 0 0 0 0 0 0 0 0 0 0 0 0 0 0 0 0 0 0 0 0 0 0 0 0 0 0.2645416452099461 0 0 0 0 0 0 0 0 0 0.26678398734720604 0 0 0 0 0 0 0 0 0 0 0 0 0 0 0 0 0 0 0 0 0 0
0 0 0.24967998704216599 0 -1.0 0 -1.0 0 0 0 -1.0 -1.0 -1.0 0.23439451834289712 0.23562244643415334 0 0 0 0 0 0 0 0 0 0 0 0 0 0 0 0 0 0 0 0 0 0 0 0 0 0 0 0 0 0 0 0 0 0.30741046907677766 0 0 0 0 0 0 0 0 0 0 0 0 0 0 0 0 0 0 0 0 0 0
0 0 0 0.2882302104021027 -1.0 -1.0 -1.0 0.23953267753776517 0 0 0.23492494241759954 0 0.23360794340416932 0.24042390404871128 0.23024534185281592 0.23131847621947357 0 0 0 0 0 0 0 0 0 0 0 0 0 0 0 0 0 0 0 0 0 0 0 0 0 0 0 0 0 0 0 0 0 0 0 0 0 0 0 0 0 0 0 0 0 0 0 0 0 0 0 0 0 0 0
0 0 0.2915406357805193 0.2905418542834899 0.2812339922567286 0.2848713934787389 0.2408403727533803 -1.0 0.23984581601790564 0.23639496872260468 0.2390761460638006 0 0 0.23607259588863364 0.23402812129754172 0.2346373752966214 0.23032792316751735 0.23899587089925656 0 0 0 0 0 0 0 0 0 0 0 0 0 0 0 0 0 0 0 0 0 0 0 0 0 0 0 0 0 0 0 0 0 0 0 0 0 0 0 0 0 0 0 0 0 0 0 0 0 0 0 0 0
0.27807669395817025 0 0.27928617356217744 0.2834835561077127 0.28321816299073305 0 0.29245930616315857 0 0.23342326917828193 0.22469002204465552 0.22457804722178165 0 0 0 0 0.20652226478696187 0.20749784401597737 0.2568132341290448 0 0 0 0 0 0 0 0 0 0 0 0 0 0 0 0 0 0 0 0 0 0 0 0.16335650843419702 0 0 0 0 0 0 0.2981528106039409 0 0 0 0 0 0 0 0 0 0 0 0 0 0 0.20420472841346843 0.1600175439928282 0.20248849851664028 0 0 0 0 0
0.28421273492552995 0.2773708894768771 0.28021928457429524 0.28419830457784 0.2862421689110168 0.28598189163704674 0.28770540397486055 0 0 0 0 0 0 0 0.20929294393542083 0.20238833334151554 0.2063760012719534 0.20253886317167932 0.25196664839030036 0.28729312930193823 0 0 0 0 0 0 0 0 0 0 0 0 0 0 0 0 0 0 0 0 0 0.2411690750917574 0 0 0 0 0 0 0 0 0 0 0 0 0 0 0 0 0 0 0 0 0 0 0.2862196429213299 0 0 0 0 0 0
0.277141282015919 0.27715824614209594 0.2757882776601696 0.27949109340991174 0.2819224454546822 0.28108277077739713 0.2807246421248802 0 0 0 0 0.2858838963717363 0 0.21138695710747402 0.21052847014831758 0.20979046054937622 0.20896229428798738 0.2068741853589525 0.20265772402127857 0.27983734182983855 0.28173218099076686 0.2867554090311622 0 0 0 0 0 0 0 0 0 0 0 0 0 0.2867009816056787 0 0 0 0 0 0 0 0 0 0 0 0 0 0 0 0 0 0 0 0 0 0 0 0 0 0 0 0.1168799295043274 0.2626189232001055 -0.7408340882062382 0 0 0 0 0
0.2796685460381438 0.27797069613121517 0.27440923839432046 0.27693277966737084 0.28268297236360324 0.284189773527816 0.20748748732785618 0.28519613146829337 0 0 0 0 0.295921589395609 0.2896885178530878 0.2138334990930401 0 0 0.21103346330963768 0 0.2806007251182191 0.2726782977696252 0.27916024302790127 0.29144455625817556 0.28729081055805566 0.28755429639569224 0.2104965461294736 0 0 0 0 0 0 0 0 0.28526094175597194 0 0 0 0 0 0 0 0 0 0 0 0 0 0 0 0 0 0 0 0 0 0 0 0 0 0 0 0 0 0.14030563454252465 0.2927030770359664 0 0 0 0 0
0.2898985670658322 0.2860179693652374 0.29518899884455535 0.28235926743031586 0.2818607359761387 0 0.28792167021231124 0.2892937304692595 0.20990839098108158 0.2865287210277145 0.280209499729774 0.23010967014532985 0.24058875622563294 0 0.29449990994469194 0.2954218627111621 0 0 0.2841003594252536 0.28850520628087506 0.28548340487280843 0.21518865067983964 0.21128561599543444 0.28908994554486644 0.28926857170827286 0.313860535798469 0.28812593087089333 0.2851258750282849 0 0 0.2803921026786278 0.21036016103398375 0.21142218728081327 0.20821136232876672 0.2063916477356819 0.2791738318523802 0.27721639849152707 0.28432656250564997 0.2862965045596195 0 0 0 0 0 0 0 0 0 0 0 0 0 0 0 0 0 0 0 0 0 0 0 0 0 0 0 0 0 0 0 0
0.26805344168015527 0.28175404630223755 0.2847166064692066 0.28577802424164167 0.28254840410733234 0.28348058324889247 0.28449408045919267 0.21081108437669652 0.20971900904786397 0.20786525947986048 0.2160418510750584 0.30850748089268976 0.20553979285168908 0.20606512512111486 0.2119582367560325 0.2137079558866099 0.20995220395332462 0.28904434261759965 0.29135568426479796 0.2804781334205298 0.2116926578572585 0.20882601219122138 0.20961107886289193 0.21008862794850633 0.28725431714919075 0.20910264571099174 0.28473428013404867 0.2992282317924473 0.28557577404384843 0.29215974775679265 0.21371135516094866 0.21167840738685462 0 0 0.20963722576290753 0.2065455525679091 0.2056943860357837 0.2838098120440151 0.2061429020644187 0.20696647945037444 0 0 0.21114206731765991 0 0 0.21233351247848226 0.21260635889904 0 0 0 0 0 0 0 0 0 0 0 0 0 0.2561629653695713 0 0 0 0 0 0 0 0.09365338371347658 0 0
0.2838541984146874 0.2047926956154527 0 0.20589958342569037 0.20911100850712205 0.21289586009998646 0.212481367417368 0.28674780402998734 0.20964539772988752 0.20836235342497236 0.20695512983565847 0.28100889675651897 0.2674888741582949 0.2862506142267131 0.28919706551697205 0.21137227413364978 0.21183049115452648 0.21397833137498448 0.3001949074986232 0.2806718634433912 0.2951984666119065 0.24113228414522445 0.2080328890237495 0.2080872807214101 0.2070461864814972 0.2057004974832246 0.28928208088234125 0.28173942965456134 0.20720754909450695 0.20858940614348753 0.20856664515130005 0.2890502187151177 0.2863867964450243 0.29061623914157153 0.28402361746040267 0 0.28169403004932236 0 0 0.2793698769902789 0 0 0 0 0 0 0.2126133328319123 0 0 0 0 0 0 0 0 0 0 0 0 0 0 0.2811835024188337 0 0.09555705894572335 0 0 0 0 0 0 0
0.2879181216011646 0.2916502790057003 0.2935239708825882 0.291705619627181 0.20861752947076068 0.21127961234714693 0.2140065878384896 0.20674837780422167 0.2101894835012211 0.1990347388262432 0.20321667780990837 0.2705959370199561 0.2870105816896721 0.20457809940738356 0.2138573238791521 0.21827023979733498 0.2121203116420272 0.2203307461441659 0.2901854667811135 0.27321400727966544 0.21074737487921866 0.2169716125443061 0.2359948846971982 0.2037618879440186 0.20015949116375298 0.21070442780764626 0.2062498055707936 0.2119664199961593 0.20916288074438916 0.1997110046065579 0.1965947318021758 0.2016687011270414 0.2793085285480497 0.27930473061805444 0.20288406214486568 0 0 0 0.2781630914887469 0.2052947463662971 0.20756685520474288 0.2065940334942034 0.29132066829826925 0.20736757573077008 0.29180174053661456 0.2958137450130746 0.2966458912546401 0.21161729559358486 0.21233023089030784 0 0 0 0 0.18121365019254632 0 0 0 0 0 0 0 0 0.29139734534628553 0.2858360753501319 0 0 0 0 0 0 0
0.31202999357523975 0.29047196138573633 0.2927876126822067 0.29344471799128935 0.2901684214281824 0.2951493733577513 0.3123847163214338 0.23999948108866093 0.29514397409928117 0.16866032004486825 0.17507397292620672 0.17045886873013152 0.14874876983165855 0.2927078818919136 0.26326907984748643 0.2724535046647022 0.2881255588345635 0.2883938162352005 0.20213893240423897 0.20541025041989616 0.2872863952772273 0.2877238243466615 0.29942267242117515 0.3321067399745906 0.3485071167689149 0.21550282353042663 0.21439811034843848 0.2014433350813834 0 0.18883831515500873 0.18938234227613407 0.1971979425369357 0.20928350000752532 0.298451540820453 0 0.21157267491734943 0 0.20720428053683698 0.20944616199004967 0.21036650717770997 0.29244514664039123 0.2935001341651233 0.30287569799693265 0.2952828503209143 0.29505926414705413 0.30076959798966946 0.3004576967022529 0.32035195512036563 0.2982222443470042 0.29774911638765733 0 0 0 0.23230051576877087 0.22322350509280114 0.26238071348043807 0 0 0.20186023366190703 0 0.1440757452726603 0.2696637122415407 0 0.2767486650533813 0.2692427087385107 0.2529932103749225 0.2868493399053168 0 0.2155689747472681 0 0
0.26934443502984895 0.28479217837143345 0.28765625465483785 0.28756505821036255 0.26503724952144053 0.23178666165355105 0.06632176938092002 0.16263313275703392 0.28053862125080753 0.3117950013326107 0.16258629095377833 0.3582009493391765 0.31639098044206754 0.3536641048137762 0.2808911760295972 0.2249730618795266 0.2898559790722897 0.28700651470215294 0.29449161487163705 0.2842944726115366 0.27514225187274843 0.2655439775754359 0.26315836764007533 0.2687851107819589 0.2723223590733493 0.2937350754287519 0.34552575819638676 0.3557773421211858 0.2645622636584184 0.27992469925548674 0.26317941554390084 0.2825480808859449 0.31040595474920946 0.30952513312685226 0.3002000505332319 0.3048289777018632 0.29068192248797514 0.28812867643526563 0.292124851209236 0.2928296010572586 0.2982843248689996 0.42989821604565015 0.357417417640308 0.4097150064948268 0.35053403923598886 0.2968324788170652 0.2999787772682537 0.3232413063006024 0.2968727114115839 0.30807272304117417 0 0 0 0 0.20006290819777098 0.2052556087300513 0.19933027093318112 0.20016663928922016 0.19608558537951712 0 0.27844020567288164 0.27899644086705994 0.2594146393255477 0.26586358958556805 0.23845564408533507 0.0012120264451090713 0.28299237667832366 0.2717041517427629 0.21545645866580304 0 0
