critload/trunk/output/2010/fnup_max_sw_ara.asc
ncols 720
nrows 360
xllcorner -180.0
yllcorner -90.0
cellsize 0.5
NODATA_value -9999.0
[rows 54 to 80 of 360, columns 480 to 539 of 720]
-9999.0 -9999.0 -9999.0 -9999.0 -9999.0 -9999.0 -9999.0 -9999.0 -9999.0 0.0005238376576241168 0.004792624628103632 0.005188746709550777 -9999.0 -9999.0 -9999.0 -9999.0 -9999.0 -9999.0 -9999.0 -9999.0 -9999.0 -9999.0 -9999.0 -9999.0 -9999.0 -9999.0 0.00044271324332181654 0.0006197814569157842 -9999.0 -9999.0 -9999.0 -9999.0 -9999.0 -9999.0 -9999.0 -9999.0 -9999.0 -9999.0 -9999.0 -9999.0 -9999.0 -9999.0 -9999.0 -9999.0 -9999.0 -9999.0 -9999.0 -9999.0 -9999.0 -9999.0 -9999.0 -9999.0 -9999.0 -9999.0 -9999.0 -9999.0 -9999.0 -9999.0 -9999.0 -9999.0
-9999.0 -9999.0 -9999.0 -9999.0 -9999.0 -9999.0 -9999.0 -9999.0 -9999.0 -9999.0 0.0012167107741953018 0.0014619089307591215 -9999.0 -9999.0 -9999.0 -9999.0 -9999.0 -9999.0 -9999.0 -9999.0 -9999.0 -9999.0 -9999.0 -9999.0 -9999.0 -9999.0 0.0003482760512230545 0.0005388298514297084 -9999.0 -9999.0 -9999.0 -9999.0 -9999.0 -9999.0 -9999.0 -9999.0 -9999.0 -9999.0 -9999.0 -9999.0 -9999.0 -9999.0 -9999.0 -9999.0 -9999.0 -9999.0 -9999.0 -9999.0 -9999.0 -9999.0 -9999.0 -9999.0 -9999.0 -9999.0 -9999.0 -9999.0 -9999.0 -9999.0 -9999.0 -9999.0
-9999.0 -9999.0 -9999.0 -9999.0 -9999.0 -9999.0 -9999.0 -9999.0 -9999.0 -9999.0 -9999.0 -9999.0 -9999.0 -9999.0 -9999.0 -9999.0 -9999.0 -9999.0 -9999.0 -9999.0 -9999.0 -9999.0 -9999.0 -9999.0 -9999.0 -9999.0 -9999.0 -9999.0 -9999.0 -9999.0 -9999.0 -9999.0 -9999.0 -9999.0 -9999.0 -9999.0 -9999.0 -9999.0 -9999.0 -9999.0 -9999.0 -9999.0 -9999.0 -9999.0 -9999.0 -9999.0 -9999.0 -9999.0 -9999.0 -9999.0 -9999.0 -9999.0 -9999.0 -9999.0 -9999.0 -9999.0 -9999.0 -9999.0 -9999.0 -9999.0
-9999.0 -9999.0 -9999.0 -9999.0 -9999.0 -9999.0 0.0006623483105693733 -9999.0 -9999.0 -9999.0 -9999.0 -9999.0 -9999.0 -9999.0 0.0003755686725181997 -9999.0 -9999.0 0.001731910456749821 0.00026198621721858174 -9999.0 -9999.0 -9999.0 -9999.0 -9999.0 -9999.0 0.0010601338671605894 0.0014106377556664205 -9999.0 -9999.0 -9999.0 -9999.0 0.000986045179681112 0.001895170811629696 -9999.0 -9999.0 -9999.0 -9999.0 -9999.0 -9999.0 -9999.0 -9999.0 -9999.0 -9999.0 -9999.0 -9999.0 -9999.0 -9999.0 -9999.0 -9999.0 -9999.0 -9999.0 -9999.0 -9999.0 -9999.0 -9999.0 -9999.0 -9999.0 -9999.0 -9999.0 -9999.0
-9999.0 -9999.0 -9999.0 -9999.0 -9999.0 -9999.0 -9999.0 -9999.0 -9999.0 -9999.0 -9999.0 -9999.0 -9999.0 -9999.0 -9999.0 -9999.0 -9999.0 -9999.0 -9999.0 -9999.0 -9999.0 -9999.0 -9999.0 -9999.0 -9999.0 0.0006978171165188836 -9999.0 -9999.0 -9999.0 -9999.0 -9999.0 -9999.0 -9999.0 0.002976906739058364 -9999.0 0.0004906613094911215 -9999.0 -9999.0 -9999.0 -9999.0 -9999.0 -9999.0 -9999.0 -9999.0 -9999.0 -9999.0 -9999.0 -9999.0 -9999.0 -9999.0 -9999.0 -9999.0 -9999.0 -9999.0 -9999.0 -9999.0 -9999.0 -9999.0 -9999.0 -9999.0
-9999.0 -9999.0 -9999.0 -9999.0 -9999.0 -9999.0 -9999.0 -9999.0 -9999.0 -9999.0 -9999.0 -9999.0 -9999.0 -9999.0 -9999.0 -9999.0 -9999.0 -9999.0 -9999.0 -9999.0 -9999.0 -9999.0 -9999.0 -9999.0 -9999.0 -9999.0 -9999.0 -9999.0 -9999.0 -9999.0 -9999.0 -9999.0 -9999.0 -9999.0 -9999.0 -9999.0 -9999.0 -9999.0 -9999.0 -9999.0 -9999.0 -9999.0 -9999.0 -9999.0 -9999.0 -9999.0 -9999.0 -9999.0 -9999.0 -9999.0 -9999.0 -9999.0 -9999.0 -9999.0 -9999.0 -9999.0 -9999.0 -9999.0 -9999.0 -9999.0
0.1302281752084682 5.2481144269476125 -9999.0 -9999.0 -9999.0 -9999.0 -9999.0 -9999.0 -9999.0 -9999.0 3.760606100385807e-05 2.131509488407602e-05 -9999.0 -9999.0 5.413453760523506e-06 -9999.0 -9999.0 -9999.0 -9999.0 -9999.0 -9999.0 -9999.0 -9999.0 -9999.0 -9999.0 -9999.0 -9999.0 -9999.0 -9999.0 -9999.0 -9999.0 -9999.0 -9999.0 -9999.0 -9999.0 -9999.0 -9999.0 -9999.0 -9999.0 -9999.0 -9999.0 -9999.0 -9999.0 -9999.0 -9999.0 -9999.0 -9999.0 -9999.0 -9999.0 -9999.0 -9999.0 -9999.0 -9999.0 -9999.0 -9999.0 -9999.0 -9999.0 -9999.0 -9999.0 -9999.0
-9999.0 0.0015655545432454146 -9999.0 0.00011088656212118172 -9999.0 -9999.0 -9999.0 -9999.0 -9999.0 -9999.0 -9999.0 0.021842570525075704 0.002673430271450234 4.687594704567219 7.620184550991611e-06 -9999.0 -9999.0 3.1921860551619115e-05 -9999.0 -9999.0 -9999.0 -9999.0 -9999.0 -9999.0 -9999.0 -9999.0 -9999.0 -9999.0 -9999.0 -9999.0 -9999.0 -9999.0 -9999.0 -9999.0 -9999.0 -9999.0 -9999.0 -9999.0 -9999.0 -9999.0 -9999.0 -9999.0 -9999.0 -9999.0 -9999.0 -9999.0 -9999.0 -9999.0 -9999.0 -9999.0 -9999.0 -9999.0 -9999.0 -9999.0 -9999.0 -9999.0 -9999.0 -9999.0 -9999.0 -9999.0
-9999.0 7.980560233795573e-05 -9999.0 0.0006042182663540079 7.021040057518829e-05 -9999.0 -9999.0 -9999.0 -9999.0 3.232533633607344e-05 0.0012604157581759675 4.957750061499662 0.5266082449779658 2.7315276714836476 -9999.0 -9999.0 8.672424593909771e-06 -9999.0 3.4496339905806566e-06 -9999.0 -9999.0 -9999.0 -9999.0 -9999.0 -9999.0 -9999.0 -9999.0 -9999.0 -9999.0 -9999.0 -9999.0 -9999.0 -9999.0 -9999.0 -9999.0 -9999.0 -9999.0 -9999.0 -9999.0 -9999.0 -9999.0 -9999.0 -9999.0 -9999.0 -9999.0 -9999.0 -9999.0 -9999.0 -9999.0 -9999.0 -9999.0 -9999.0 -9999.0 -9999.0 -9999.0 -9999.0 -9999.0 -9999.0 -9999.0 -9999.0
0.003970597556318277 0.02466013027755286 0.00013885476905715636 0.0030440143454895426 0.00010780352189384805 0.002852358012113741 5.07277207704459 4.467412813023143 -9999.0 4.478900800011209 4.946209265624681 4.955828123487821 0.001796426339261846 5.021868944620074 5.111785250427754 5.363569096825026 7.688548224890762e-05 5.963788316413286e-05 -9999.0 -9999.0 -9999.0 -9999.0 -9999.0 -9999.0 -9999.0 8.134534605769384e-06 -9999.0 -9999.0 -9999.0 -9999.0 -9999.0 -9999.0 -9999.0 -9999.0 -9999.0 -9999.0 9.507615493837472e-05 -9999.0 -9999.0 -9999.0 -9999.0 -9999.0 -9999.0 -9999.0 -9999.0 -9999.0 -9999.0 -9999.0 -9999.0 -9999.0 5.434124456323025 -9999.0 -9999.0 -9999.0 -9999.0 -9999.0 -9999.0 -9999.0 -9999.0 -9999.0
0.00828842977945281 0.003056458486647806 0.00482165923784343 0.16382944390809998 0.02408293953855617 4.663817662405752 4.8994827901754645 5.053603951457744 5.137323528573655 5.057703252690882 4.813282283213007 0.0037512265641543203 4.436182669149766 0.012573604806662692 4.665099206941145 0.0013320084384913374 0.00032384089518238497 0.0016235943543189575 0.0004303702821594725 0.00020348592176017846 0.0002812998733462972 0.0036820517981451238 5.03518328029292 3.8366177890214597 2.820952867745989 4.534505186641153 -9999.0 -9999.0 -9999.0 -9999.0 -9999.0 -9999.0 -9999.0 -9999.0 -9999.0 -9999.0 0.0004195069306446414 -9999.0 -9999.0 -9999.0 -9999.0 -9999.0 -9999.0 -9999.0 5.100116730262517 4.237693801263305 5.037035209448699 0.0009539161572855669 4.913455953791829 0.00038182714154410104 -9999.0 -9999.0 -9999.0 -9999.0 -9999.0 -9999.0 -9999.0 -9999.0 -9999.0 -9999.0
0.004210874719621559 0.008103427788421732 4.524955749883307 3.8895506220109395 4.736255187361864 4.968606336892919 5.116046426910784 8.416587710149141 4.997282694807522 5.010550705342966 4.759412707119197 8.28997820642398 4.8308281424785795 0.007298625167599794 0.025891573500996086 0.0020571313141107047 0.0017726506888466542 0.014608093749345324 0.0010119127592837461 0.008034139083225129 0.0011245455374812652 0.002448460083643127 4.309158298894731 4.401494325536878 4.784362696857396 4.507001199957966 5.073872088369122 4.850565390693621 0.0024684637052933282 5.4152643973503 5.429068934822458 5.0521098804085875 -9999.0 5.138040708416412 -9999.0 -9999.0 -9999.0 -9999.0 -9999.0 -9999.0 -9999.0 -9999.0 -9999.0 5.101771222882212 3.09310618432888 -9999.0 -9999.0 4.860087141325443 0.020790920926281754 -9999.0 -9999.0 3.974720258987316 0.0053230968387158765 4.610855661472783 5.172475320956046 -9999.0 -9999.0 -9999.0 -9999.0 -9999.0
0.0014579003473088362 4.827029364537091 8.164842833887837 7.676124136439508 7.342037517525067 8.160433428080067 7.629484969495709 4.998314047871652 8.071056011350658 4.983930064869647 8.982240574258066 9.673513031401626 4.516918640705445 8.92549101849056 4.979227903028895 1.0852651979000876 4.942048827916245 4.977997142638176 7.619782825662832 0.017276761604680838 0.14096521099500206 0.22378633118147018 0.03659902725626958 0.2260197135023585 4.00974077018203 4.002398487299741 4.110691084458212 0.0036440068297691024 0.05887751837390249 4.1846630576695825 0.0028523041031870804 0.0011645934563471818 0.002000264607884739 0.0019264175390352606 5.505079293094542 0.0001269928134908257 0.0001421545730733322 4.944033356679293e-05 1.2150496005328707e-06 0.0002626257404071349 4.51792680255634 -9999.0 -9999.0 -9999.0 -9999.0 -9999.0 -9999.0 4.881518277352824 4.371176440432139 4.895136158437902 3.724949681282676 4.698801966610595 0.00654388843474056 0.0046608066645189876 0.00072188154676985 -9999.0 -9999.0 -9999.0 4.096240038660052 -9999.0
0.0009992888423373137 0.008912943808364304 4.93269119870412 7.858533319064198 8.187844716325573 8.331567355508579 8.364705345773789 7.800256196571904 7.645551353699202 8.02019236305878 0.6650818739922483 8.16690791574339 4.890972596556631 9.44146483988362 8.285903432156195 8.241476877750634 2.0456390563838878 6.938415968448488 8.07451941450481 7.899815927379558 8.71180888000115 0.48231360909363247 1.6718771298746364 7.730595567846808 4.903214157390688 8.245503534298324 5.082744302104873 0.17372200370496868 0.05862341442897235 0.2743803532663218 0.1494285381525065 0.03801508341050671 0.008201904711717002 0.017457891465724146 0.008431012275239888 0.0009902822797917875 0.004843115869579886 0.0003213285042726294 0.00017287722096328084 0.0004647694653591534 0.0029279205336231306 0.00019229849797417888 0.001584985989404219 0.0009890733784740354 3.820709739580956 4.968688691637832 5.23324824347941 2.6842127782049934 0.15697535265327206 4.640591092346711 3.070774625870534 5.203122321922293 5.312794844534249 0.09916713518067896 4.643547878829712 0.04907017078158085 5.355996212548643 5.501166469737914 0.13383480876473486 0.04312459327140987
-9999.0 7.784724861843314 7.795319300090002 7.29087202559521 7.425283184459888 8.200620209969836 7.9681591934018305 7.50035400514832 7.867511565310035 7.558319956298459 8.217978084300666 7.166949324360108 7.594319736677375 7.255160555829668 7.5063087260797 1.2392131870024459 7.455190395637469 0.03263778251348853 1.917989204019024 7.755100730673252 8.789908125250996 0.24625753773869127 0.06389582437916008 4.793699151827568 0.016681675955680323 0.0758883996963324 7.17421665087667 7.4107365315171005 0.15737936542795344 0.6535954659347221 8.194240886915198 4.56832192403445 4.244780953547134 4.7474618778161535 0.11499917934673709 0.15446443404893778 0.032289280726925586 0.013748855045286452 0.015842085712522002 0.007774023578645182 4.7139882366418435 0.001972597591808519 0.0019209614728734176 0.00276129812857009 4.885387054098877 0.20843631352314626 7.381598051617818 8.042429650289488 8.51677533979832 1.4460729879807435 10.352177253603081 5.201858017180297 5.1487178009133645 -9999.0 0.24927003186552762 0.26927195814798743 5.433940654008695 0.012135382473014522 0.03290661921741979 0.02018776787988923
0.03654718549591942 8.243138761743346 8.232947131531535 8.070520662659959 7.390835270555855 7.317646434863636 7.4793210819079325 7.313945033992417 7.906749705001461 7.970466006248367 7.8248552363190065 0.12098679180440403 7.053468012048437 4.924567641378818 0.080590779064151 0.04455547362328471 0.14531802294499846 0.010689099326177294 1.0478578726434697 8.47518641367517 7.504644265864387 3.9386712638718615 4.825853518273508 0.07943650449723019 5.180326724979924 0.15704608514621596 8.67604177294606 8.256947637118932 8.000488190657133 0.2580930634076698 7.776517868740684 5.114931888674202 4.711307296763563 4.5207900609036695 5.073594671632573 5.4699158981016405 4.658163070203831 4.338132928978499 4.352811599328205 4.454512676687796 4.958151565166325 4.880548481577741 0.01198120134778705 0.09118216523744091 0.08324946711618365 9.2889069335721 10.048274524748788 0.7851330169629708 0.9001009425890969 0.563926086812807 0.679372466286849 0.6130372154708793 9.473144629601173 4.82690623350762 -9999.0 -9999.0 -9999.0 4.812565752606659 5.667836486006296 0.6295431915273009
7.338992535579583 7.262876434977314 7.6369509435515335 7.279361904407347 6.244897001841631 6.85480221784131 7.067799239194937 0.09397641976541374 0.41807837280162324 8.188747160919675 1.0039147839308604 0.12448116458231391 0.1322384842797464 0.19044131290304828 0.022828759254385336 0.01120504789876266 0.002101456867854768 0.9254929781135767 9.061074029230252 0.426183335911815 0.27592780706182485 -9999.0 7.767953705528868 7.569406202355522 0.7687749050882512 1.044662349244122 8.54296255701053 8.62345543154832 8.637688967214217 0.3041227641689392 8.516257855953945 5.091926700245599 0.05802994470433461 5.11992120199179 7.707446603256222 5.115040838814185 5.055975627207341 4.9997596622927905 5.046358071386723 0.14935399248029688 8.165301990142247 0.0858860090081508 0.08433374980600265 0.05549759410044245 8.508780106217376 8.100471672373999 9.177104181282 0.37253592823571224 4.989750478869028 5.1992374619223645 8.367665405808523 1.1924367910333489 9.032692418570234 8.8864515908376 5.04407799523682 -9999.0 -9999.0 -9999.0 0.005399453956427117 0.023415905308918128
7.443472942994669 7.3386552776138805 7.7471766196741205 7.143398444915481 0.17688805614227943 7.859122775335495 0.38585284731524766 4.94601935227375 1.2510575470592777 0.4147561109521328 1.2114141309965487 0.7112428651987409 0.3189393495843623 0.6319464673064932 0.3270583145488986 0.9704291636005536 0.43230800671383623 0.7025906886447859 3.7803656111248376 9.14525523558025 0.04176631461666001 0.11983791546374542 2.6541882308993165 8.839646919978362 0.44152340988330163 0.9157906181910621 8.767435346666511 0.7098837435264226 8.909942935776163 8.679145829702817 0.2262086821257597 0.0035828122514341074 10.706974044864902 8.79605979178981 0.01315971050710715 0.00998414571398229 8.315612417148978 0.5793762129898083 1.08054163941145 0.8775230816208462 0.26781789412021223 6.477221073322657 8.215345557201145 5.109029545650109 8.169912096207245 0.23475261121187857 0.2873700479952652 7.73380173129791 4.834224031907138 4.70322687476005 5.127926299491016 5.259298240400307 8.784116189562944 0.6155136533632184 4.834387711319919 5.052642958768167 -9999.0 -9999.0 -9999.0 0.0036095405942938165
7.916451564989998 7.353472719004303 8.112241139376724 0.3264101562416185 0.37198077695057286 0.20173554519116774 0.13305181942476496 0.6037105571094039 1.3557422305347664 1.7006518211193944 1.50048999311691 8.612037157274996 0.32964575531498636 8.711888362157865 8.604200615798353 0.0006221428178651033 8.997041249857416 0.0006911558892709028 9.073032370313728 9.230434920681118 10.166120756784341 9.630134528149545 0.0012481698856072854 1.5664597373260454 10.777519432907145 10.602512718731202 10.955114687040226 0.009362822889486973 0.008480650554176926 0.0100606536599676 3.7536258458597236 3.91132271222693 0.00026041837989766237 0.0019518842846367138 2.5177150055285633 2.4919213935438336 0.015195832400330985 3.1969778226825114 0.02126190680603497 0.3588746319146773 7.598061910276846 7.6289139955259655 8.7310762501884 0.5131018343795933 8.086718608971228 4.7838386419117915 8.220025795110923 7.937879232643406 0.5542844046623394 0.5086154201532561 0.35450363647993266 5.3013646591254195 4.391533137720858 8.341363275569682 9.803191245884857 5.111097753699734 5.297744095014916 -9999.0 -9999.0 9.438452106961374e-05
6.670511607227547 7.187250097086633 7.905922477649994 0.010771521002295082 3.5678565631986463 9.139858266354942 0.0020356144512879894 3.7407168538514086 0.0003240221382069821 0.0006337271946490259 0.0005700455961430831 0.0003494835297558276 0.00026082829140546064 0.0011369779549690333 0.002669415660676251 8.7954673217396 8.820599333049659 8.992996987998055 3.796944364480261 9.8534718847909 10.004080570664595 9.977943770743622 10.252930788656812 3.8278966677988318 0.0020757466791632775 3.89936360767529 3.6661038733177302 3.886738328213964 0.0008094241122982789 0.008132797628673626 3.888420261110967 3.8992536098706143 0.007283282516597738 0.0001398190181846075 0.012867846165525994 0.0005322276151789112 0.004177936573250472 0.011320997865017075 0.002352148679564952 0.29936987773853313 0.20377343265906478 8.046995072503227 7.736271123133503 8.256981725010167 8.579360538811725 8.448479237330213 9.207084062915019 9.019299616920351 5.240970401527054 8.395247253420273 0.29736817793245957 0.39441566249328486 5.090260092594067 0.3262810242436156 5.130869252023616 -9999.0 -9999.0 -9999.0 -9999.0 4.203973048628242
2.2500891213000203 7.953191639510901 9.112972600623525 0.0008615368795878737 0.002194314534370558 0.006432663383014822 3.667494974205334 0.002005331330027789 -9999.0 -9999.0 0.00048079026699610533 0.0005317542498342267 0.000339824236872923 0.008270064347571547 3.769270277880478 8.894332551968846 0.002852191852554428 9.103221812069274 9.125422070441884 9.240512103878068 9.53297788375854 10.293840938411492 10.402248357429668 0.001083506300914011 0.00034775404210993075 0.00017941712355215353 0.00036595723385984146 3.8943498593846684 3.9013468465394956 -9999.0 -9999.0 -9999.0 3.89556162356959 3.898673535754525 -9999.0 -9999.0 5.0728985801271824e-05 4.061693268105602 3.8763195723922754 2.7851117013987854 0.0071185692135751445 8.068441901805057 8.073715966695579 7.7915797941818274 7.69660342594158 8.771550406909736 9.280970855887595 5.118417145487341 0.001042690438409884 8.559215580031939 8.1853208914344 0.7892182613452128 5.744531488137081 4.991918313901665 -9999.0 5.674659717717717 -9999.0 -9999.0 -9999.0 0.0145763357451447
7.600884525156181 0.0042608721397309505 3.6885085054248883 0.0009590446478194957 3.7030682411027858 -9999.0 -9999.0 -9999.0 -9999.0 -9999.0 -9999.0 -9999.0 0.00036074924112772 0.0016913089916941243 0.0017147733435074477 0.0012769929545537666 0.0029846365627576974 9.594514325334242 0.0017623388639568338 0.0012531548033829945 10.33140833015819 10.231950874987508 10.62149414249529 10.400634595885556 0.0018976544448977473 0.006817600000447333 0.0022523295827096773 -9999.0 -9999.0 -9999.0 -9999.0 -9999.0 -9999.0 3.76812321368081 -9999.0 -9999.0 -9999.0 0.0003275800926069675 0.00046123367375136424 0.0015686677766524725 0.016648358533163075 8.315318794511175 5.070435864769704 7.766104125674029 8.5757016841932 8.359521483576273 8.984406999204982 9.093408795722356 9.524624095450866 1.642419973910984 10.55591665203069 6.637256405716766 4.924201144667202 0.006625959194285164 -9999.0 -9999.0 -9999.0 -9999.0 -9999.0 -9999.0
0.002035895210013933 0.0009579073043342974 -9999.0 -9999.0 -9999.0 -9999.0 -9999.0 -9999.0 -9999.0 -9999.0 0.00032329950795875674 -9999.0 0.0007010880133915897 -9999.0 -9999.0 -9999.0 -9999.0 0.07492369008181396 -9999.0 0.0009297677973593743 0.006624176355669973 10.685650106907183 0.002166442344996798 0.00032747720862930357 0.0006503253409730821 0.0009943166180580376 3.9183751769843225 -9999.0 0.000627673160376597 0.00876603389967503 -9999.0 -9999.0 -9999.0 3.9426819401267363 -9999.0 -9999.0 -9999.0 -9999.0 0.0006161472236841672 4.005342172622976 4.37509781112144 3.1320295782226837 8.25295360220957 0.28922118849638784 8.943471033202732 8.268779991387976 8.412075754290328 0.12000117541695755 0.06546027939300753 4.602645859756669 0.008291898789232375 5.3895983011799675 5.2403398445912615 -9999.0 -9999.0 -9999.0 -9999.0 -9999.0 -9999.0 -9999.0
0.0015938333791004895 0.000992666679542934 0.0007591736866615971 5.1616197712690805e-05 -9999.0 -9999.0 -9999.0 -9999.0 -9999.0 -9999.0 -9999.0 -9999.0 -9999.0 0.0007093222208689976 -9999.0 0.0021660453279245596 -9999.0 -9999.0 -9999.0 0.0004255740717767561 0.0002901927211247605 0.0002588058830715976 3.8638780901699583 3.8641672986388675 0.0010017948986930703 0.003731064678713515 0.0019308532200849032 0.00246153497763067 0.0045935737183855265 -9999.0 -9999.0 -9999.0 -9999.0 -9999.0 -9999.0 -9999.0 -9999.0 -9999.0 -9999.0 3.939106599279774 3.968932013679291 0.0023904392321301617 0.47444992417261783 8.14498672294636 5.343829845659503 0.132333713252658 0.04650889703540595 0.020630578283004075 0.0006022208860888187 0.0046165365812228425 0.0036259356120345613 0.0020827975667579188 0.00039559743545040623 -9999.0 -9999.0 -9999.0 -9999.0 -9999.0 -9999.0 -9999.0
0.0003612376049529881 3.9841945995972323 2.7780614111040752e-05 -9999.0 -9999.0 -9999.0 -9999.0 -9999.0 -9999.0 -9999.0 -9999.0 -9999.0 -9999.0 -9999.0 -9999.0 0.0016166581826886125 -9999.0 -9999.0 3.7741535271739464 -9999.0 -9999.0 0.0002283834721898978 0.01640478718110788 0.0007382324020378338 0.004335631557509147 0.16195397306903467 0.03382954771071899 0.000540440441289086 0.0004890165555101753 0.0013307865205605448 -9999.0 0.00021062338387584794 -9999.0 -9999.0 -9999.0 -9999.0 -9999.0 -9999.0 -9999.0 3.851892636195965 0.0007400804482999659 0.00298681030159845 10.606051332120296 11.079526396514545 8.365333041587826 -9999.0 -9999.0 -9999.0 0.001394940672452402 0.0026737383298694973 0.00277634533928186 0.008749218324740165 0.015444020491341484 0.0014394897393951085 -9999.0 0.001870098982952445 0.0013047918220649673 -9999.0 -9999.0 -9999.0
-9999.0 -9999.0 -9999.0 -9999.0 -9999.0 -9999.0 -9999.0 -9999.0 -9999.0 -9999.0 -9999.0 -9999.0 -9999.0 -9999.0 -9999.0 -9999.0 -9999.0 -9999.0 -9999.0 -9999.0 -9999.0 -9999.0 0.008166824212051175 0.025344481558276587 0.005322457391713896 3.919859133781692 3.954803979490807 -9999.0 0.0015587361811167416 -9999.0 -9999.0 0.000989979751592958 3.9966873092209467 -9999.0 -9999.0 -9999.0 -9999.0 -9999.0 -9999.0 0.005186095726942946 3.811589973037311 3.783391092992511 3.764937386784658 3.7915671040564436 0.399204897025663 -9999.0 -9999.0 -9999.0 0.12183139053413487 0.0015267151100378904 0.0023725153079063544 0.04620627835631456 0.005784484653827197 -9999.0 0.0005107258536085395 0.00045764836610303684 -9999.0 -9999.0 -9999.0 -9999.0
-9999.0 -9999.0 -9999.0 -9999.0 -9999.0 -9999.0 3.8132355259020843 3.8440673648277004 -9999.0 -9999.0 -9999.0 -9999.0 -9999.0 -9999.0 -9999.0 -9999.0 -9999.0 -9999.0 -9999.0 -9999.0 -9999.0 -9999.0 -9999.0 -9999.0 0.04202106628641724 3.84548322585208 3.9920131849019023 -9999.0 -9999.0 -9999.0 4.015448883494025 0.0030090722342343296 0.0015639465820267784 0.000306267044479975 4.127151086080408 3.3713344209485125 2.431118237880653e-05 0.00030616646085063486 -9999.0 0.00029670416472575 11.94736834645424 1.9895117758059487e-05 9.935458154841658 10.128537490399511 1.7378233743994629 11.033783583612037 -9999.0 3.981980915783041 0.13470155128329128 0.07064528401101233 0.00029710359416160105 0.00035040672593823324 0.01206722218399522 8.503855673460667e-06 0.0009199881728041388 -9999.0 -9999.0 -9999.0 -9999.0 -9999.0
