critload/trunk/output/2010/fnup_corr_sw.asc
ncols 720
nrows 360
xllcorner -180.0
yllcorner -90.0
cellsize 0.5
NODATA_value -9999.0
[rows 81 to 107 of 360, columns 540 to 599 of 720]
0.003679278482267487 9.351801674861166e-05 -9999.0 -9999.0 -0.0067510668963489595 -0.006737774926362875 -9999.0 -9999.0 -9999.0 0.17722394630929594 0.0003370392377206413 -9999.0 -9999.0 -9999.0 0.0002832044135780816 0.0001512351507663134 0.0010579098047666913 0.0015519814686930718 0.003171616275452705 0.013526892985049492 0.005595798996955805 0.011818661067925585 0.0043674712898068135 0.0028782243286028567 0.009090851149803115 0.01200210242811467 0.01728729584668651 0.017139872162511442 0.011384884094152854 0.008023202426056652 0.0228897570615932 0.005076083626133781 0.016787872798093097 0.004021331738416098 -9999.0 -9999.0 -9999.0 -9999.0 -9999.0 0.011200620487334927 -0.11398868654898636 0.08351646533743907 0.015428269900399276 0.07052956979642286 2.229032600272094 0.011033866842123614 0.01564866334671846 0.0016727301599313972 0.0006090917495672747 -9999.0 -9999.0 0.015335406531294877 -0.4527490119875729 -1.8036428191785578 -1.534927257447436 -0.33747211069414346 -0.7848374255853232 -0.9590955245527967 -0.48082610900772527 -0.051969484559205276
-9999.0 0.6639587384797453 -0.019348450899139655 0.001953403872457634 -9999.0 -9999.0 -9999.0 -9999.0 -0.0031629531181418414 -9999.0 -0.00034540321049342373 0.0003104351477031354 0.00031174354604480975 9.81875559243362e-05 9.140047697584093e-05 0.001239400479528481 0.0056653674271305975 0.008056351896231193 0.00780604967140977 0.0046414133439720865 0.006167269852702562 0.0072216705623202 0.0022978891924921416 0.0007672160950192337 -0.002877855189292725 0.0035331547998301337 0.007182272853064303 0.006627136279945474 0.004760620855788319 0.004170232595293411 0.0028464464209883144 0.052647382704868906 0.027130213641854875 0.014923019693885157 -9999.0 -9999.0 -9999.0 -9999.0 0.0007240895039577458 0.1570515927297623 0.029663169291365633 0.0064008278242274445 0.6121670911052403 0.025800091176131797 0.019214633665796097 0.002993626886614369 0.0002733090957487796 -9999.0 -9999.0 -0.6408723796160786 -9999.0 -0.0983080384975845 -1.7750392160142479 -1.5175840178398519 -9999.0 -0.8214717045196065 -2.3486191297905923 -1.751166617584978 -36.74281198872857 -0.9706196648984401
0.00026408478835387045 -9999.0 -0.06176391530923698 -0.019267991210546006 -9999.0 -9999.0 -9999.0 -0.002209135516230905 -0.004176159694065604 -9999.0 -9999.0 -9999.0 -9999.0 -9999.0 -9999.0 0.0002605935182887315 0.0018613529826370702 0.00025326508293294737 0.0011979677264453605 0.46121412677387197 0.006868531253934574 0.021508878298834376 0.00059027911135528 0.0023012327019233544 -0.0033598068533351056 0.0010669964267007402 0.036209176186018426 0.0044616648485469165 0.0005802437856661004 0.03549366658818264 0.0034952347795283822 0.007457317914396409 0.0634512656961635 0.01971129228370745 0.005868668801349238 -9999.0 0.05030765534750372 0.027273599931764748 0.06841852269182973 0.1144467953806189 0.013783747082039804 0.006438827290225949 0.005632935553510364 0.02698029616386635 0.0025004775821010606 -0.000216497292322216 -3.873838448504469e-05 -0.2710276301974378 -0.006613192172114284 -0.0013936288860091387 -0.00016477265384116463 -0.9935107069093492 -1.1461857354119236 -1.8028574041123322 -1.5182691720492638 -0.45966163590221387 -0.9102038349626755 -2.1800649564831547 -1.1724971396195538 -0.5546831596515968
-9999.0 0.002436959500891659 -9999.0 -9999.0 -9999.0 -9999.0 -9999.0 -9999.0 -9999.0 -0.00496841255767963 -0.0025845295456825793 -9999.0 -0.00029099559924732066 0.0022226334862532815 0.5766969953152151 -9999.0 -9999.0 -9999.0 0.0014417986059753912 0.0076844119052580095 0.007279571846259266 0.006879267323751618 0.00368662733998849 0.00024639512796233685 -0.0021199046113997556 -9999.0 -4.6052137098415925e-05 -0.0007686656138027418 -0.0006000846839718596 -9999.0 -9999.0 -0.0007268842509539465 -9.918191598690973e-05 0.0006466139946914681 0.003491249560179622 -0.011848436889355999 -0.003244543322618346 -0.016116983261660427 0.01792367941974407 -0.005761856212929652 -0.006321712654212341 -0.0032124673749116452 -0.0003157769757331829 -0.00015069944703761603 -9999.0 -0.00027518990087081074 -0.0005915830874421837 -0.00011556390328313288 -6.0522986672205704e-05 -9999.0 -9999.0 -0.3969240159240554 -0.3408402315886485 -0.11385557410635151 -0.40359042739352685 -0.04325056391005038 -0.00968109870185045 -0.23724626930593157 -1.2736928606320714 0.08072503751810356
-9999.0 -9999.0 -9999.0 -9999.0 -2.0685239903726456 -0.01973124410760543 -9999.0 -9999.0 -9999.0 -9999.0 -9999.0 -0.0016781170099799865 -0.005798932430997008 -9999.0 2.50388741553527e-05 -0.000601763029221416 -9999.0 -9999.0 -0.0005648353760303627 0.0029361907456129663 0.002215029006897504 0.4960870873597614 0.006814173973155451 0.007863220651452214 0.0009120257411811542 -0.08022416815331973 0.011771224218041654 0.003063336193993066 -0.0005711491408478865 -0.0011626264481793493 -9999.0 -9999.0 -9999.0 -9999.0 -9999.0 -0.0009358671552842344 -0.00021813167965164528 -0.04441371855235323 -0.0002213748620865242 -0.0007001290020874751 -0.0002581582148201542 -0.002222844709054409 -3.7880453813206635e-05 -9999.0 -9999.0 -9999.0 -9999.0 -9999.0 -9999.0 -9999.0 -9999.0 -9999.0 -9999.0 -9999.0 -0.0007458363110553778 -9999.0 -0.00045810907873225493 -0.003537656792625611 0.02706271571451626 0.2313223784461393
-0.08965064378226294 -0.3542523227096786 -9999.0 -9999.0 0.0007037307990594277 0.0034866919141250527 -9999.0 0.12471925577366341 0.009330066244605232 -9999.0 -9999.0 0.028285600831589208 -0.09028662494984693 -0.005618854480907811 -0.01948588297518562 -9999.0 -9999.0 -9999.0 -0.0020125990364106574 -9999.0 0.8048216767489854 2.787327583738395 0.0002892567506996546 0.005308210629269668 -1.1668671213868114 0.004407943856486167 -0.014967961622828055 -9999.0 -9999.0 -9999.0 -9999.0 -9999.0 -9999.0 -9999.0 -9999.0 -9999.0 -9999.0 -9999.0 -0.00023771882709920305 -9999.0 -9999.0 -9999.0 -0.00013984177403558555 -5.764261296325076e-05 -9999.0 -9999.0 -9999.0 -9999.0 -9999.0 -9999.0 -9999.0 -9999.0 -9999.0 -9999.0 -9999.0 -0.6187588629987864 6.712885882236766 -0.9881971893354956 0.3588981118396513 0.0029743670579424073
-0.06096292512654232 -0.26621389699714354 -0.020573964958386995 0.07603407986880517 -9999.0 -9999.0 -9999.0 -0.0014827583920779877 0.017192567269676193 -9999.0 -0.007774677724951789 0.03942381786382197 -9999.0 -9999.0 0.00041336078398385823 -9999.0 -9999.0 0.0020451498100792866 -9999.0 -9999.0 -0.0004443236386888244 0.0005149629951335087 -9999.0 -0.0001977742777979117 -0.0010144456407211169 -9999.0 -9999.0 -9999.0 -9999.0 -9999.0 -9999.0 -9999.0 -9999.0 -9999.0 -9999.0 -7.353160368453235e-05 -9999.0 -9999.0 -9999.0 -9999.0 -9999.0 -9999.0 -9999.0 -9999.0 -9999.0 -9999.0 -9999.0 -9999.0 -9999.0 -9999.0 -9999.0 -1.3461948729012315e-05 -9999.0 -9999.0 -0.798185984997105 -2.0226818067634853 -2.556001386367433 -3.1195305869167793 -1.3991642117312912 0.2678324286179375
0.004826129413577848 -9999.0 -9999.0 -0.0017831187193832277 0.0737350292338175 -9999.0 -9999.0 -9999.0 0.0029006637737532 -9999.0 -9999.0 -9999.0 -0.01300871079158749 -9999.0 -0.013004570676109516 -9999.0 0.3171738734246253 -9999.0 -9999.0 -9999.0 -9999.0 -0.008529431645697555 -9999.0 -9999.0 -0.0002642499074540987 -0.0007491458254149017 -9999.0 7.417288529458588e-05 -9999.0 -9999.0 -9999.0 -9999.0 -9999.0 -9999.0 -9999.0 -9999.0 -9999.0 -9999.0 -0.00016061088910494285 -9999.0 -0.00013747183752778547 -9999.0 -9999.0 -9999.0 -0.0005171598023248599 -9999.0 -0.00021065617319631326 -9999.0 -9999.0 -9999.0 -9999.0 -9999.0 -0.9803469698073809 -2.041321576260254 -1.1237395783878543 -1.0180323697292664 -1.163970285465524 -2.3168869786127546 1.5305736496412006 -1.2983826165298475
-9999.0 -9999.0 -9999.0 -9999.0 -9999.0 -9999.0 -9999.0 -9999.0 -9999.0 -9999.0 -9999.0 -9999.0 -9999.0 0.0007898194247948242 -9999.0 0.0011372546528248056 -9999.0 0.013290430377049505 -9999.0 -0.0030229952447792586 0.010520321227340127 -9999.0 -9999.0 -9999.0 -9999.0 -9999.0 -9999.0 -0.00848302549114579 -9999.0 -9999.0 -9999.0 -9999.0 -9999.0 -9999.0 -9999.0 -9999.0 -9999.0 -9999.0 -9999.0 -9999.0 -9999.0 -9999.0 -9999.0 -9999.0 -9999.0 -9999.0 -9999.0 -0.000513959131339317 -0.00014212651480672455 -1.1329221906657108 -0.8433234542647157 -1.2559043766064413 -1.1771890937750251 -1.2885433367451549 -1.1463071797041622 -0.9835824420150097 -9.25093762138613 0.5294339444235201 0.34434299936294055 -1.9787734089053162
-9999.0 -9999.0 -9999.0 -9999.0 -9999.0 -9999.0 -9999.0 -9999.0 -9999.0 -9999.0 -9999.0 -9999.0 -9999.0 0.0009674260404500258 -9999.0 -9999.0 -9999.0 -0.0027075964126353903 -0.000649940977647175 -9999.0 0.02309592764731718 -9999.0 -9999.0 -9999.0 -9999.0 -9999.0 -9999.0 -9999.0 -9999.0 -9999.0 -9999.0 -9999.0 -9999.0 -9999.0 -9999.0 -9999.0 -9999.0 -9999.0 -9999.0 -9999.0 -0.0008737033955576353 -9999.0 -9999.0 -9999.0 -9999.0 -9999.0 -9999.0 -9999.0 -1.3915021736725652 -1.4900901642261906 -1.415959297559127 -1.4017125677202464 -1.2765427369313023 -1.226246874055041 -1.1741430702779265 -3.438998990745977 -0.5019898765124651 1.0290863602148772 2.2274885989833755 -1.6974136655907064
-0.5889218685200871 -9999.0 -9999.0 -9999.0 -9999.0 -9999.0 -0.03591121238260697 -9999.0 -9999.0 -9999.0 -9999.0 -9999.0 -9999.0 -9999.0 -9999.0 -9999.0 -9999.0 -9999.0 -9999.0 -9999.0 -9999.0 -9999.0 -9999.0 -9999.0 -9999.0 -9999.0 -0.004705013991537527 -9999.0 -0.0031815939114622984 -9999.0 -9999.0 -9999.0 -9999.0 -9999.0 -9999.0 0.000773441209279731 -0.025199721491224538 -9999.0 -9999.0 -9999.0 -9999.0 -9999.0 -9999.0 -9999.0 -9999.0 -9999.0 -9999.0 -9999.0 -9999.0 -1.8164697881207519 -1.6810325057206648 -1.3393920136959552 -1.286724747193512 -1.9381680234197682 -2.199400096361518 -1.2292006096026127 0.19295727618488273 -0.938836974238527 -1.4754426179346738 -0.9935317552914761
-4.336211756903602 -3.0931244350273683 -0.6739818098990934 -9999.0 -9999.0 -0.07918542257527289 -0.24191198893842 -0.2555946992943263 -9999.0 -9999.0 -9999.0 -9999.0 -9999.0 -9999.0 -9999.0 -9999.0 -9999.0 -9999.0 -9999.0 -9999.0 -9999.0 -9999.0 -9999.0 -9999.0 -9999.0 -9999.0 -9999.0 -9999.0 -0.001801466788300142 -0.005881585699359053 -9999.0 0.0009718456076506279 -9999.0 -9999.0 -9999.0 0.00025282283417467073 -0.0004664216688955036 -9999.0 -9999.0 -9999.0 -9999.0 -9999.0 -9999.0 -9999.0 -9999.0 -9999.0 -9999.0 -0.8639078993153371 -1.2119019937820996 -1.383755494911311 -1.615614472036321 -1.2415317767241507 -0.45028252009359604 -2.309728468206234 0.532158528409894 -0.4616869512759614 -0.7316340564223183 -1.5626374705672705 -1.0436669785982269 -1.1412203621174568
-9999.0 -0.9017875918959158 -9999.0 -9999.0 -0.7077875909169147 -1.3623598215807915 -0.3978333604240218 -0.10128078615458899 -0.595107676712421 -9999.0 -9999.0 -9999.0 -9999.0 -9999.0 -9999.0 -9999.0 -9999.0 -9999.0 -9999.0 -9999.0 -9999.0 -9999.0 -0.00039903782719250257 -9999.0 -9999.0 -9999.0 -9999.0 0.012285082554773969 -9999.0 -9999.0 -9999.0 -9999.0 -9999.0 -9999.0 -9999.0 -9999.0 -9999.0 -9999.0 -9999.0 -9999.0 -9999.0 -9999.0 -9999.0 -9999.0 -9999.0 -9999.0 -9999.0 -9999.0 -1.3375297524384002 -0.6088537208086323 -1.6788436155771447 -1.3990086829884634 -1.2981408180395089 -0.2040109461216559 0.3597676475529017 -0.2726907420831975 -0.8965093773296589 -0.8251827101436268 -1.1836605299226879 2.0551959451726716
-0.16415656503515547 -9999.0 -9999.0 -9999.0 -9999.0 -0.24851127995761366 -2.3006463106587463 -0.04533098389934524 -0.06975739523942746 -0.09768323668210237 -9999.0 -9999.0 -9999.0 -9999.0 -9999.0 -9999.0 -9999.0 -9999.0 -9999.0 -9999.0 -9999.0 -9999.0 -9999.0 -9999.0 -9999.0 -9999.0 -9999.0 -9999.0 -9999.0 -9999.0 -0.003847491196216671 -9999.0 -9999.0 -9999.0 -9999.0 -9999.0 0.00027809274688173736 -9999.0 -9999.0 -9999.0 -9999.0 -9999.0 -9999.0 -9999.0 -9999.0 -9999.0 -1.2072543248350576 -1.2584081405339762 -1.306169730301678 -1.0294642294409229 -1.422328535266562 -0.9530794444259275 -0.4132746185604948 -0.6890700861969532 -1.7173206236564311 -0.3608017639187746 -1.0399401618275175 -1.1650851918230092 -3.142195337132279 -1.4225620401329055
-9999.0 -9999.0 -9999.0 -9999.0 -9999.0 -9999.0 -9999.0 -9999.0 -9999.0 -9999.0 -9999.0 -9999.0 -9999.0 -9999.0 -9999.0 -9999.0 -9999.0 -9999.0 -9999.0 -9999.0 -9999.0 -0.00040663465806345335 -0.03245608270093679 -9999.0 -9999.0 -9999.0 -9999.0 -9999.0 -9999.0 -9999.0 -9999.0 -9999.0 -9999.0 -9999.0 -9999.0 -9999.0 -9999.0 -9999.0 -9999.0 -9999.0 -9999.0 -9999.0 -9999.0 -9999.0 -9999.0 -9999.0 -1.3002032909180399 -2.2558655447913276 -1.3050263714649932 -1.4727116339483513 -2.3101548489690433 -1.9372972562693467 -3.031550546251291 -1.0645909871513914 -0.6096110871002443 -0.9276062978368651 -1.0875865188367912 -0.6061231832449583 -1.514521061914986 -4.892127969529469
-9999.0 -9999.0 -9999.0 -9999.0 -9999.0 -9999.0 -9999.0 -9999.0 -9999.0 -9999.0 -9999.0 -9999.0 -9999.0 -9999.0 -9999.0 -9999.0 -9999.0 -9999.0 -9999.0 -9999.0 -9999.0 0.0016431835809247366 -0.007795974386518061 -9999.0 -9999.0 -9999.0 -9999.0 -9999.0 -9999.0 -9999.0 -9999.0 -9999.0 -9999.0 -9999.0 -9999.0 -9999.0 -9999.0 -9999.0 -9999.0 -9999.0 -3.109874150218455 -1.1791517471917636 -1.0962380597051413 -1.1742960626672212 -2.0202878819897014 -1.4595933594494215 -1.4032518496421265 -1.0501591555279988 -1.165162395450349 -0.5107158646999681 -1.3333613927630676 -0.5311332471298135 -0.44912253466410657 -0.19299322833612192 -0.6478384662227387 -0.5034293772777783 -0.8165678861293513 -0.6938300823377376 -2.875262464064878 -2.326801448543351
-9999.0 -9999.0 -9999.0 -9999.0 -9999.0 -9999.0 -9999.0 -9999.0 -9999.0 -9999.0 -9999.0 -9999.0 -9999.0 -9999.0 -9999.0 -9999.0 -9999.0 -9999.0 -9999.0 -9999.0 -9999.0 -9999.0 -9999.0 -9999.0 -9999.0 -9999.0 -9999.0 -9999.0 -9999.0 -9999.0 -9999.0 -9999.0 -9999.0 -9999.0 -6.159871171863533 -5.848008637617033 -8.317726212549573 -2.4619022717546906 -0.7818019995657413 -0.262333708828696 -0.21083737585044987 -0.3083410186651802 -0.23708191911453144 -0.4271136683492205 -0.5586019098655113 -0.7896720695786791 -0.27938314092703004 -0.37252311173523817 -0.09953033397016645 -1.0483322912149322 -0.7798585918090746 -0.8094571619145737 -0.34253276564566465 -0.6125056542883885 -0.5864861861158 -1.4082013526658266 -0.7891147243262611 -0.730560881171588 -0.6859508547616175 -0.3751409065808307
-9999.0 -9999.0 -9999.0 -9999.0 -9999.0 -9999.0 -9999.0 -9999.0 -9999.0 -9999.0 -9999.0 -0.3959486962963803 -0.51915247698213 -0.5375550865820663 -9999.0 -9999.0 -9999.0 -9999.0 -9999.0 -9999.0 -9999.0 -9999.0 -9999.0 -9999.0 -9999.0 -9999.0 -9999.0 -9999.0 -9999.0 -9999.0 -9999.0 -9999.0 -9999.0 -5.384925265982001 -0.12274401716242535 -0.9429378553659356 -0.4239953727212912 -1.2121038439435825 -1.8203403294990006 -0.08914945415675726 -0.6468191992047576 -2.025436524193712 -1.3747763846781256 -0.1970209335724004 -1.6419222728807532 -0.3492556881134728 -1.2630168014736356 0.5759596129368632 -0.8439128341168973 -0.609952461469196 -0.5238164444240935 -0.7628439747259002 -2.219069097527663 -0.3651757224534964 -0.5428925102018379 -0.30168346487670117 -1.0152015632627305 -0.9396780495251771 -0.8535664805066593 -0.8048801871453822
-9999.0 -9999.0 -9999.0 -9999.0 -9999.0 -9999.0 -9999.0 -9999.0 -9999.0 -0.27754149244691384 -9999.0 -1.6805768641841328 -0.25578627905152307 -1.5307642884851709 0.8703577195722254 -0.4521056314153907 -0.19175169336122863 -1.2735983906663828 -0.40222514437097934 0.05167592768072425 -9999.0 -9999.0 -9999.0 -9999.0 -9999.0 -9999.0 -9999.0 -9999.0 -9999.0 -9999.0 -9999.0 -9999.0 -9999.0 1.1136070850619657 1.153507226621051 -9999.0 -9999.0 -9999.0 -9999.0 -1.5146562981329135 -1.4585387460604138 -0.5803765080405235 -1.4283555788741766 -0.8852572830587828 -0.5954940638135329 2.9060194704569455 -0.061156793990977405 -1.7001006175463655 -1.3636639771266388 -4.716126824272434 -1.386724247319922 -0.9668571399899718 -0.19406217127427833 -0.3311638042867132 -0.7463264906074712 -0.46021057251477493 -0.8797264947232191 -0.6955960005020403 -1.4395565214903518 -3.575447854093702
-9999.0 -9999.0 -9999.0 -9999.0 -9999.0 -9999.0 -9999.0 -9999.0 -0.22334449228252778 -9999.0 -9999.0 -9999.0 -9999.0 -0.04029567476406947 -0.16110148292812057 -0.027947619769721366 -0.06101715424222257 -0.3484339368784044 -0.18157554901859807 -0.023744192369746734 -9999.0 -9999.0 -9999.0 -9999.0 -9999.0 -9999.0 -9999.0 -9999.0 -9999.0 -9999.0 -9999.0 -9999.0 -9999.0 -0.07220275265587205 -9999.0 -9999.0 -9999.0 -9999.0 -0.026017068336272278 -0.19846192799969983 -0.626058357361974 -1.401899790330464 -0.5341361245974049 -0.6743872954379184 -0.4885010121860306 -1.7875049501026201 -0.9735296277430837 -1.0804064001179787 -1.8236994581437584 -1.0070140238895444 -0.3681377317159119 -0.5840040905393341 -0.03943669853235838 -0.02125574965773833 -0.1006827587250372 -0.4353355083459236 -0.1292508858791976 -0.3061935165203149 -0.8759076080550159 -0.018140366752072142
-9999.0 -9999.0 -9999.0 -9999.0 -9999.0 -9999.0 -9999.0 -9999.0 -9999.0 -9999.0 -9999.0 -9999.0 -9999.0 -9999.0 -9999.0 -9999.0 -9999.0 -0.45150990580415623 4.5346711586766855 1.494891763528865 -1.4385878669003815 -9999.0 -0.009480045463142453 -9999.0 -9999.0 -9999.0 -0.020028671761856475 -0.14779349617375476 -9999.0 -9999.0 -9999.0 -9999.0 -9999.0 -0.465871665709982 0.5285742462679078 0.05946826218032587 -9999.0 -9999.0 -0.050046108468841666 -0.6653030662512793 -1.2601640302150585 -2.91818443012035 -0.18109570898447075 -0.8639581721425378 -0.37610324572065984 -1.6185760138504068 -13.058991954093742 -0.9687603318818899 -0.5431610902673892 -0.42236064542654334 -0.999125398819824 -0.09832954623170362 -0.043251213087396816 -0.05565125094180627 -0.006354833524340927 -0.021803547080782377 -0.6399431948109012 -1.9042637944222038 0.05860869345467382 -9999.0
-9999.0 -9999.0 -9999.0 -0.37032402630682976 -9999.0 -9999.0 -9999.0 -9999.0 -9999.0 -9999.0 -9999.0 -9999.0 -9999.0 -9999.0 -9999.0 -9999.0 -9999.0 -9999.0 -9999.0 -0.4821977163896967 -0.5775643326225883 -3.2744708724056215 -0.9516801160345263 0.13416858130889225 -0.03778706574298036 0.01778528937060032 -0.14016323009746218 -1.6105972085172144 -9999.0 -9999.0 -9999.0 0.5634753873870066 -6.531217357386411 0.5542666752434741 1.4149500032189528 -9999.0 -9999.0 -0.5617598796865769 -0.5089380399386585 -0.8498089438205809 -7.196217594645132 -2.632590994571138 -0.5691007193735502 3.5535444875017204 -1.615147762262095 -1.0469116143384247 -1.372485237173042 -0.39234836558022307 -0.8086124624101722 -0.14307841250847084 -0.1405776257932261 -0.0289157536662475 -0.04771774417214376 -0.06758393503824628 -0.01935780833234515 -0.03844194430897192 -9999.0 -9999.0 -9999.0 -9999.0
-9999.0 -9999.0 -9999.0 -9999.0 -9999.0 -9999.0 -9999.0 -9999.0 -0.012451633422630875 -0.0016672703638334607 -9999.0 -9999.0 -9999.0 -9999.0 -9999.0 -9999.0 -9999.0 -9999.0 -9999.0 -9999.0 -0.009732698688411189 -0.6627337105821322 -1.4260333377449559 -2.7070759585395616 -0.584421224348932 1.5138852766996302 -9999.0 -9999.0 -9999.0 -9999.0 -9999.0 0.015062119566199277 -0.07690292611835457 -3.6118007190141945 -9999.0 -9999.0 -0.0037908044435471418 -0.7309016367540241 -1.3984142107982451 -0.7730636952498173 -1.041414100345824 -1.2500247661942023 -1.7161419486332752 -5.394457052744106 -2.6975878179994326 -0.8573866834921583 -2.231665551814723 -0.967122230290614 -0.267895969232443 -0.024582216167372408 -0.043987528834041244 -0.04966441899171042 -0.047190762552439064 -0.02254091877058469 -0.08798211012922778 0.1750180629389089 0.009169563870728332 0.00714230753690105 -9999.0 -9999.0
-9999.0 -0.7991025820230584 -1.6105078826197199 -9999.0 -9999.0 -9999.0 -9999.0 -9999.0 -9999.0 -9999.0 -9999.0 -9999.0 -9999.0 -9999.0 -9999.0 -9999.0 -9999.0 -9999.0 -9999.0 -9999.0 -9999.0 -9999.0 -0.6511193822315109 -0.7073765407447997 -0.7992465357644956 -0.3741764642201117 -1.4980635351111249 -1.3958441968792061 6.567571600224799 -9999.0 -0.10576466370966112 -4.593956857068542 -0.11600471605185368 -1.4791370785489024 0.1912917294362664 -1.177126767811249 -0.6369217425761127 -1.249173196218734 -4.411543885537561 -1.4530282091503604 -0.18233657953936966 -0.3687366675876814 -0.7430278798268022 59.185598421421915 -0.27257926662357135 -0.0806600906326433 -0.617640922917063 -0.2629107614578956 -1.0590509123330027 -0.04124389894259285 -0.07370218830775567 -0.0371520598244412 -0.09868183074964845 -0.09433072968111178 -0.05658649345223324 -0.07131179308365308 -0.16590168723225296 -0.10801067470933612 -9999.0 -9999.0
-9999.0 -9999.0 -9999.0 -0.7525439995197524 -9999.0 -9999.0 -9999.0 -9999.0 -9999.0 -9999.0 -9999.0 -9999.0 -8.629997785357725 -1.8724229492800224 -1.0541874127670083 -2.302085701201538 -0.6486693686962689 -0.5919338435236698 -1.362924838462213 -1.0633217008439082 -0.6545540604804341 -0.6784906825639037 -0.626992926683977 -0.7600841308760116 -0.5930445485424649 -0.9867447764643019 9.938148993246465 -2.7602415206445907 -1.0505278568279073 -1.1600800948272334 -11.83454386466411 8.669039237007423 -2.7837776269959504 -2.402809608165408 -4.12649980484144 -0.19974982746905826 -1.9294301445464594 -0.17763318298221606 -1.2933438491570757 -1.8417694297318135 -0.6493937789814775 -0.5777945786268299 -1.4380214892034915 -0.44830983881717046 -0.3163534346527366 -0.9324824110194754 -5.026482553265422 -0.9571187295109841 -0.5198256776031355 -0.05032234626186677 -0.03970639610443643 -0.07069514520249268 -0.06225081001241559 -0.1556185909210711 -0.13408643392947 -0.12845239700497918 -0.050937418195623356 -0.6484589510276587 0.05578542283718932 -0.899425598419299
-1.7875612657380497 -9999.0 -9999.0 -1.983488409720822 -1.0527364486790893 -9999.0 -137.00536591723127 -9999.0 -9999.0 -9999.0 -0.03659339206969364 -0.06295685987410128 -0.8436850326196427 2.7885708656186172 0.4707088735881583 0.42478901897317567 -3.3899740734989656 -2.5414813956489235 -3.5523870357366683 -0.8960245639032441 -0.15610813799170123 -0.16777128894761964 -1.7222072447214034 -0.2197951070659597 -2.4944752231662553 -0.7376382454613738 2.8602872047547385 -10.763277229865098 -0.7856147635095609 -1.0659442766466702 -1.1919970439228642 -2.815716084512354 -7.458396873795002 -0.4320250476830892 -0.44719513822462476 -0.11791637366834617 -0.7937646380479249 -2.106995445860186 -1.102074631698506 -1.7202257884637124 -1.3978581390881744 -53.992902113953356 -8.860745749331585 -0.6522622230149879 -12.030233350875722 -0.575500388785085 -1.0105871987362551 -0.6986394757137805 -0.25229413749304047 -0.04584009611572394 -0.06703508414540384 -0.05466835352289124 -0.054823874268166616 -0.08717184979304654 -0.18377049610926055 -0.323908251773695 -0.3120479449150701 -0.17786453918591746 -0.09433516775941772 -1.3370231086693563
-9999.0 -9999.0 -9999.0 -9999.0 -9999.0 -9999.0 -9999.0 -9999.0 -0.5139386846979509 -1.2895706336204895 -8.161845019710901 -1.9305979908285438 -1.6853092120315065 -1.558307528146947 -0.40851398207049244 -0.5775952530332584 2.285959763059394 -9999.0 -1.5257881101702495 4.397474689491515 -6.473240901139926 -3.3233344118541965 -271.8164571495304 -2.6460303259585816 -2.9360013006483543 -1.4228885306596961 7.991355994488193 -0.024501713611458996 -1.6588599857527897 -2.3335892703166703 -0.9569919272321838 -0.7063318864764165 -1.4315464472545423 -0.6269343602330394 -0.9295753367470089 -1.0356973633960502 9.455289064921136 1.7040629033035308 -2.8783263715775367 0.8812212932077759 -1.4512787698170624 2.3760157050780504 -1.054813319471819 -0.3408277437385853 -9.277238195313508 -0.4997516072126967 -0.208509773391148 -1.404934720443728 -0.15005505226531765 -0.06012352391818427 -0.09903308948221887 -0.04561780674810641 -0.34705828069640215 -0.645208972545791 -0.3823160984078839 -0.45199434490585766 -1.5969607083725956 -2.4965149460242455 -0.20810848518647734 -0.21801831374698347
