critload/trunk/output/2010/fnup_corr_dep.asc
ncols 720
nrows 360
xllcorner -180.0
yllcorner -90.0
cellsize 0.5
NODATA_value -9999.0
[rows 81 to 107 of 360, columns 427 to 487 of 720]
1.432404939828525 1.3937819135719889 1.4249511492343565 1.534510101456246 1.0704489197630653 1.7464249140450874 -9999.0 -9999.0 -9999.0 -9999.0 -9999.0 -9999.0 1.7185536427035557 0.0366738519296806 0.010803593386588267 -9999.0 0.6533152939337874 0.5910450408721923 0.6891985387685712 0.6996734362102726 0.741286677228654 0.7777045973883085 0.13959164448072073 0.7473293327891405 0.060542474291888956 0.02748511454015276 0.03969062142765439 0.00025556778639199205 -9999.0 -9999.0 -9999.0 -9999.0 -9999.0 -9999.0 -9999.0 -9999.0 -9999.0 -9999.0 -9999.0 -9999.0 -9999.0 -9999.0 -9999.0 -9999.0 -9999.0 -9999.0 -9999.0 -9999.0 -9999.0 -9999.0 -9999.0 -9999.0 0.0027674431884934046 -9999.0 -9999.0 -9999.0 -9999.0 -9999.0 0.004588639696383219 -9999.0 -9999.0
1.2054415029985772 -9999.0 1.4002195895467369 1.4805874094054172 1.3062802838554937 -9999.0 -9999.0 1.619150549444557 1.059680594116354 -9999.0 0.7349103272236845 0.7115267125740234 0.7670003954680138 0.9070960045455768 0.7700894232971331 0.7376790329750763 0.01716397495860689 0.5085067211109162 0.7848171955927151 0.7739560273948247 0.7722388402559935 0.7168652888037566 -9999.0 0.6889371393682224 0.03844319893255043 0.06428890467138018 0.7844912940532768 -9999.0 -9999.0 -9999.0 -9999.0 -9999.0 -9999.0 -9999.0 -9999.0 -9999.0 0.005699901261053013 -9999.0 -9999.0 -9999.0 -9999.0 -9999.0 -9999.0 -9999.0 -9999.0 -9999.0 -9999.0 -9999.0 -9999.0 -9999.0 -9999.0 -9999.0 -9999.0 -9999.0 -9999.0 -9999.0 0.0010190857405987133 -9999.0 -9999.0 -9999.0 -9999.0
-9999.0 -9999.0 0.7508543601262304 1.407565128512272 1.5291946030476313 1.6041890827395167 1.5851624564493154 1.1433654249929266 1.1423909628106121 -9999.0 -9999.0 -9999.0 0.7171762904797474 1.4043392141705937 0.780074950158869 0.8043053128538933 0.10207957839296827 0.7510146072402686 0.7540500355737161 0.6107200492490638 0.1018642228322911 0.0705865355893464 0.0950698937366538 0.06329390544647374 0.05202033151311533 0.10614164309036546 0.0003163328625514911 -9999.0 -9999.0 -9999.0 -9999.0 -9999.0 -9999.0 -9999.0 -9999.0 0.014220756961018098 0.019214942314059204 -9999.0 -9999.0 -9999.0 -9999.0 -9999.0 -9999.0 -9999.0 -9999.0 -9999.0 -9999.0 -9999.0 -9999.0 -9999.0 -9999.0 -9999.0 -9999.0 -9999.0 -9999.0 -9999.0 -9999.0 -9999.0 -9999.0 -9999.0 -9999.0
0.5557355471846969 0.5302677763511573 -9999.0 0.580945578322683 1.2752610528336146 1.216011151591142 1.2055590530111655 1.4799416148328641 0.6809465658517435 0.7999344916039745 1.1261737892521708 0.6826623162919897 0.6734245147763087 0.7291713717415862 0.7966326720879583 0.7989926193401755 0.8662849706983651 -9999.0 0.6327675337498401 0.7871172778391776 0.09925725092157033 0.04873312558502577 0.09426271842952474 0.12632022925610004 0.05562684828116663 0.050025886212305595 0.009127591366424142 0.010294269668832828 -9999.0 -9999.0 -9999.0 -9999.0 -9999.0 -9999.0 -9999.0 -9999.0 0.0006466362299361023 -9999.0 -9999.0 -9999.0 -9999.0 -9999.0 -9999.0 -9999.0 -9999.0 -9999.0 -9999.0 -9999.0 -9999.0 -9999.0 -9999.0 -9999.0 0.0010006587388254429 -9999.0 -9999.0 -9999.0 -9999.0 -9999.0 -9999.0 -9999.0 -9999.0
0.6593707928630377 0.46186187438760556 0.6543465629693911 0.7994480321766361 0.5578765275389758 1.0164273879777868 0.4836116096704833 0.6715914902675933 0.6275698628852943 0.5949936543130094 0.4823160553057615 0.5762343976808211 0.7203910379659878 0.750477986105083 0.6994349784696449 0.6590585985498575 0.749887902920127 0.10349963752627493 0.6664624161093066 0.6807134148858972 0.05892920356968929 0.01948472990600151 0.06765033557712803 0.0198480296169926 0.008716994393856198 -9999.0 0.00536968589802944 0.00802155625853869 0.013925248500118184 -9999.0 -9999.0 -9999.0 -9999.0 -9999.0 -9999.0 -9999.0 0.01671853467669623 -9999.0 -9999.0 -9999.0 -9999.0 -9999.0 -9999.0 -9999.0 -9999.0 -9999.0 -9999.0 -9999.0 -9999.0 -9999.0 -9999.0 -9999.0 -9999.0 -9999.0 -9999.0 -9999.0 -9999.0 -9999.0 -9999.0 -9999.0 -9999.0
-9999.0 -9999.0 0.6678513975780459 0.8159626515348761 0.7993422143427166 -9999.0 -9999.0 0.31986150024902205 0.22782386779494618 0.3295925989143925 0.6245399966056554 1.1081732524824885 0.6533271357031059 0.7184093318334371 0.7055853314045699 0.6152915063461618 0.5796015481085378 0.7028348678831055 0.5408824475208786 0.688872638386227 0.038689429927893454 0.028432105333758517 0.013837515536674444 0.003947461069281748 0.0002794882098551579 8.646606902331482e-06 -9999.0 0.00010715264218396648 0.00373400017725875 0.013333080502156229 0.007500590627047442 -9999.0 -9999.0 -9999.0 -9999.0 -9999.0 -9999.0 -9999.0 -9999.0 -9999.0 -9999.0 -9999.0 -9999.0 -9999.0 -9999.0 -9999.0 -9999.0 -9999.0 -9999.0 -9999.0 -9999.0 -9999.0 -9999.0 -9999.0 -9999.0 -9999.0 -9999.0 -9999.0 -9999.0 -9999.0 -9999.0
0.5498045253550098 0.48956990084722396 0.648307971055155 0.33518396530258104 0.0023472469969094837 -9999.0 -9999.0 -9999.0 0.09465439943597291 0.8269925513875431 1.1404657605031248 1.1176957041598234 1.1308715144887866 1.1307475925939114 0.6483928860151211 0.6747598638561645 0.7016854226250113 0.6861501356174248 0.4926110946009954 0.6232592401003828 0.05555300770732279 0.03920334230468255 0.024934695240259885 0.009989880219336012 0.0012018654662015109 0.00018442278614742407 -9999.0 -9999.0 0.0006644349948102319 0.020769114527138696 0.010743139632826791 -9999.0 -9999.0 -9999.0 -9999.0 -9999.0 -9999.0 -9999.0 -9999.0 -9999.0 -9999.0 -9999.0 -9999.0 -9999.0 -9999.0 -9999.0 -9999.0 -9999.0 -9999.0 -9999.0 -9999.0 -9999.0 -9999.0 -9999.0 -9999.0 -9999.0 -9999.0 -9999.0 -9999.0 -9999.0 -9999.0
0.7728673222483123 0.7674496910444708 0.538343690347225 -9999.0 -9999.0 -9999.0 -9999.0 -9999.0 0.07960836384687853 1.1213050097329436 1.0262252318215663 0.9508908945482674 0.9909474309447908 0.9752778971299477 0.9216195322116301 0.6152160069448459 0.6289149945364595 0.5808118733300393 0.7206937931275174 0.7101347364198334 0.05408064332863218 0.029832084351014962 0.031810076223360774 0.011893887206836802 0.0019693934636804025 4.7043013714258404e-05 -9999.0 0.0010066727275864428 0.019355419317018705 0.016128267472337893 -9999.0 -9999.0 -9999.0 -9999.0 -9999.0 -9999.0 -9999.0 -9999.0 -9999.0 -9999.0 -9999.0 -9999.0 -9999.0 -9999.0 -9999.0 -9999.0 -9999.0 -9999.0 -9999.0 -9999.0 -9999.0 -9999.0 -9999.0 -9999.0 -9999.0 0.05100876253036471 1.6684639038288867 0.1830368870670325 -9999.0 -9999.0 -9999.0
0.7257509476689438 0.6336337565650676 0.5188082220621894 0.4360461268039803 0.5080548927017153 -9999.0 0.222456818867839 0.6639393517888901 0.8916790255068359 1.0872823304351087 1.114297740461154 1.1434085925361748 1.1093809285228253 1.09090215626438 1.1781405771034361 1.036770228681261 0.8455566720901105 0.8537141436582113 0.8801351054187846 0.5792031467570967 0.6736571333820361 0.025270878003579973 0.03550244545193807 0.030702885262750577 0.5089482386709481 0.003037632920129898 0.005134859061433833 0.005517713899018188 -9999.0 -9999.0 -9999.0 -9999.0 -9999.0 -9999.0 -9999.0 -9999.0 -9999.0 -9999.0 -9999.0 -9999.0 -9999.0 -9999.0 -9999.0 -9999.0 -9999.0 -9999.0 -9999.0 -9999.0 -9999.0 -9999.0 -9999.0 -9999.0 -9999.0 -9999.0 -9999.0 -9999.0 0.003131319464219323 -9999.0 -9999.0 -9999.0 0.1399916271773642
0.5164494258126804 -9999.0 -9999.0 -9999.0 -9999.0 -9999.0 -9999.0 0.18669525363193243 0.4578130435572488 0.15614780284793836 0.5909659591566084 0.7506072709672719 0.8845905217044456 0.7106283887255653 0.9622709401693633 0.9174182899652352 0.8861650247442573 0.7661870639564639 0.7646571100024183 0.8584321537794014 0.5220692094013577 0.6664641406351708 0.10384762102436504 0.07334134130689972 0.013351175454286145 0.00904874437057041 0.4068791556109785 -9999.0 -9999.0 -9999.0 -9999.0 -9999.0 -9999.0 -9999.0 -9999.0 -9999.0 -9999.0 -9999.0 -9999.0 -9999.0 -9999.0 -9999.0 -9999.0 -9999.0 -9999.0 -9999.0 -9999.0 -9999.0 -9999.0 -9999.0 -9999.0 -9999.0 -9999.0 -9999.0 -9999.0 -9999.0 -9999.0 -9999.0 -9999.0 -9999.0 0.0014335634346950496
-9999.0 -9999.0 -9999.0 -9999.0 -9999.0 -9999.0 -9999.0 -9999.0 -9999.0 0.003962073994343568 0.021550730285020057 0.011069193522969612 0.012835639881167513 0.038145216334827016 0.1643022421030705 0.742263389964546 0.8810850324187741 0.9212851157928462 0.8494835826551342 0.7727783468308624 0.9096075915345826 0.7859575678639039 0.6589895401163897 0.6554767211475381 0.0251873037799014 0.4825419449247614 0.4486416273325204 -9999.0 -9999.0 -9999.0 -9999.0 -9999.0 -9999.0 0.0006589085991627337 -9999.0 -9999.0 -9999.0 -9999.0 -9999.0 -9999.0 -9999.0 -9999.0 -9999.0 -9999.0 -9999.0 -9999.0 -9999.0 -9999.0 -9999.0 -9999.0 -9999.0 -9999.0 -9999.0 -9999.0 -9999.0 -9999.0 -9999.0 -9999.0 -9999.0 -9999.0 -9999.0
-9999.0 -9999.0 -9999.0 -9999.0 -9999.0 -9999.0 -9999.0 -9999.0 -9999.0 -9999.0 -9999.0 -9999.0 0.010946081696317016 0.02209312433430049 0.01686146563127849 0.23006825373243034 0.09792630908322028 0.5017494580423149 0.8011948291145156 0.7845224971392833 0.9418541347487912 0.8750681787564336 0.8771877714432735 0.5856449902242448 0.08258321640623578 0.08354969509831738 0.541353578963844 0.4290587281998307 -9999.0 -9999.0 -9999.0 -9999.0 -9999.0 -9999.0 -9999.0 -9999.0 -9999.0 -9999.0 -9999.0 -9999.0 -9999.0 -9999.0 -9999.0 -9999.0 -9999.0 -9999.0 -9999.0 -9999.0 -9999.0 -9999.0 -9999.0 -9999.0 -9999.0 -9999.0 -9999.0 -9999.0 -9999.0 -9999.0 -9999.0 -9999.0 -9999.0
-9999.0 -9999.0 -9999.0 -9999.0 -9999.0 -9999.0 -9999.0 -9999.0 -9999.0 -9999.0 -9999.0 -9999.0 0.008647993833030977 0.007422454874602533 0.000989453754350897 0.0019947909674660523 0.004610160231406839 0.015538456324963576 0.011842877412061562 0.07505501929954939 0.1228991699635125 0.7408529960666975 0.7343020766143227 0.6495519954862936 0.7437723661728879 0.5881674489567297 0.4319145441288195 0.527568073810688 -9999.0 -9999.0 -9999.0 -9999.0 -9999.0 -9999.0 -9999.0 -9999.0 -9999.0 -9999.0 -9999.0 -9999.0 -9999.0 -9999.0 -9999.0 -9999.0 -9999.0 -9999.0 -9999.0 -9999.0 -9999.0 0.002392526250081937 9.29420174058755 0.19953691128455064 6.908684583680632 0.18398384106041657 0.018189461932771375 -9999.0 -9999.0 -9999.0 -9999.0 -9999.0 -9999.0
-9999.0 -9999.0 -9999.0 -9999.0 -9999.0 -9999.0 -9999.0 -9999.0 -9999.0 -9999.0 -9999.0 -9999.0 -9999.0 -9999.0 -9999.0 1.201965527829984 0.11438359739903765 0.004554173003174797 -9999.0 -9999.0 0.0032549743382613424 0.001125845645466546 0.009336472602569618 0.0042563249256235836 0.04070937056759193 0.0765019167769867 0.05682207020066301 0.5826565962094489 0.21064407592653958 -9999.0 -9999.0 -9999.0 -9999.0 -9999.0 -9999.0 -9999.0 -9999.0 -9999.0 -9999.0 -9999.0 -9999.0 -9999.0 -9999.0 -9999.0 -9999.0 -9999.0 -9999.0 -9999.0 -9999.0 0.04549361774242319 0.34243481441500156 10.560119444471272 10.909218326220097 0.055688620823759666 0.016147395525498928 -9999.0 -9999.0 -9999.0 -9999.0 -9999.0 -9999.0
-9999.0 -9999.0 -9999.0 0.019763096735324715 -9999.0 -9999.0 -9999.0 -9999.0 -9999.0 -9999.0 -9999.0 -9999.0 -9999.0 -9999.0 -9999.0 -9999.0 1.4927757556856738 1.959691733000817 1.1181818538519372 0.08009625617965466 0.07048217357316088 0.06063544956655734 0.0056339544919630094 0.008102892111873806 0.006599001530063564 0.04214838431873422 0.08732419742203294 0.0604316560985853 0.38385539262842244 0.20365093707166218 -9999.0 -9999.0 -9999.0 -9999.0 -9999.0 -9999.0 -9999.0 -9999.0 -9999.0 -9999.0 -9999.0 -9999.0 -9999.0 -9999.0 -9999.0 -9999.0 -9999.0 -9999.0 -9999.0 0.7340298558527318 2.804516164513317 3.4714872301859425 0.6840505707579878 0.09035115823153764 -9999.0 -9999.0 -9999.0 -9999.0 -9999.0 -9999.0 -9999.0
1.1428330589590672 0.5871896744535231 1.1101373138261255 0.7059017556416424 0.5752178017185106 0.05128647686523047 -9999.0 -9999.0 -9999.0 -9999.0 -9999.0 -9999.0 -9999.0 -9999.0 -9999.0 -9999.0 0.10134279494040707 0.010607341935475344 0.02129713395522736 0.013803995118169017 0.020675909293318934 0.02150731231023018 1.7233372890122933 1.7580516134603617 1.9134531653721711 1.0966362101362506 0.10122045044934803 0.04963497355278608 0.04564872724668558 0.46171728375773674 0.5348665994166474 -9999.0 -9999.0 -9999.0 -9999.0 -9999.0 -9999.0 -9999.0 -9999.0 -9999.0 -9999.0 -9999.0 -9999.0 -9999.0 -9999.0 -9999.0 -9999.0 -9999.0 -9999.0 -9999.0 0.8342397941131137 0.7488819074146633 1.772870440901077 9.278989971368802 8.644554079985197 8.175224622343999 -9999.0 -9999.0 -9999.0 -9999.0 -9999.0
0.802759535948494 0.7633646872935096 0.17252681903379094 0.24924437175209385 0.7979788028768294 1.1612247713752228 1.8313828834386296 0.0577082793317428 0.012285418114865486 -9999.0 -9999.0 0.0538809723614428 -9999.0 -9999.0 0.09298720303922563 0.18487194380482475 0.18369632952708603 0.3378732440579483 2.178216977098124 0.8617809785428205 3.2354658155538347 0.037624072789448085 1.71975834997403 0.9726953361144934 0.1091976101177071 0.018432624902973697 1.0317588708051122 0.07977240716048903 0.036100228959478786 0.026704075785502 0.7950291344393919 0.01720487767128004 -9999.0 -9999.0 -9999.0 -9999.0 -9999.0 -9999.0 -9999.0 -9999.0 -9999.0 -9999.0 -9999.0 -9999.0 -9999.0 -9999.0 -9999.0 -9999.0 -9999.0 -9999.0 -9999.0 -9999.0 -9999.0 0.3808297441531099 0.09490795186918166 0.1632230936678985 0.008733605849056813 -9999.0 -9999.0 -9999.0 -9999.0
0.3364189311667575 0.40227902453221626 0.7642453734032345 0.7969498577520683 0.8430339699449916 0.3012862605401058 0.48893939582774143 0.4266623910932946 0.990175834732807 0.8510511676838683 0.17547961942528875 0.13860551900462348 0.3819553175663664 0.36589744872258173 0.13972101097860834 -12.085346278271437 0.150605032133846 1.062730494674199 2.1129384975124426 1.4333395308976173 1.478679019420298 1.9652729494228551 0.16681743050836612 0.12191731903914002 1.0815311688047597 0.8967134651322065 0.7383891620179625 0.8774354924245266 0.8550948201985954 0.8351100352214104 0.027042123416826845 0.014536766017432057 0.009175685439523993 0.004052471850499201 -9999.0 -9999.0 -9999.0 -9999.0 -9999.0 -9999.0 -9999.0 -9999.0 -9999.0 -9999.0 -9999.0 -9999.0 -9999.0 -9999.0 -9999.0 -9999.0 -9999.0 -9999.0 -9999.0 -9999.0 -9999.0 -9999.0 -9999.0 0.05050536619669456 -9999.0 -9999.0 -9999.0
0.9310049725488381 0.9216247497940485 0.8460231812073058 0.3143304508436245 0.2840106987166279 0.2627832215678986 0.10880933432553831 0.09560562600007436 0.14395503476062457 0.14587073100336811 0.0658356884136276 0.15007479155602918 0.2636208301686428 0.5053111197562186 7.421084061197669 0.9845389615260512 0.23842698176693614 0.31874971447532047 1.0218504923204215 1.0272322792555868 0.37959452027294627 1.3922586226289302 0.8559186744226333 0.11171638376818702 0.13436572993935997 0.025603246783614322 0.0323724692603161 1.3310002212777112 1.094745683982883 1.2205698988481806 1.0133132175335045 0.9220249825191977 0.0016350465745188782 0.008700270017625772 -9999.0 -9999.0 -9999.0 -9999.0 -9999.0 -9999.0 -9999.0 -9999.0 -9999.0 -9999.0 -9999.0 -9999.0 -9999.0 -9999.0 -9999.0 -9999.0 -9999.0 -9999.0 -9999.0 -9999.0 -9999.0 -9999.0 -9999.0 0.3493431928029886 -9999.0 -9999.0 -9999.0
1.0203409226715228 0.9081239997446308 0.9122298271805287 0.9037766318391538 0.7257844589115255 0.1971439653491289 0.7962364902206841 0.7672004612487662 0.10415013778429606 0.10071635302180007 0.06316681925978036 0.12440783566346268 0.14339775479063274 0.23658756960317412 0.1819635246665603 0.8877070545464265 0.5287002171311043 0.1695449090086244 0.5493763893150955 0.7230103999305079 0.68402444448348 0.7030964976961246 1.4247361064030446 0.10074526366874421 0.13049159852189512 0.018406376016580933 0.05777160006072827 1.0211224272132622 1.307653582244476 1.1941798325075321 1.332320589511327 0.046500309778430116 -9999.0 -9999.0 -9999.0 -9999.0 -9999.0 -9999.0 -9999.0 -9999.0 -9999.0 -9999.0 -9999.0 -9999.0 -9999.0 -9999.0 -9999.0 -9999.0 -9999.0 -9999.0 -9999.0 -9999.0 -9999.0 -9999.0 -9999.0 -9999.0 -9999.0 -9999.0 0.1709944459927212 0.002541343728608812 0.08094616822667453
1.0343792029279075 1.0500020802567798 1.1863567569704403 1.137076409745698 0.8018557315649207 0.8440880922027998 0.9257780613279244 0.26226840203055185 0.7026005745320262 0.1705159644336695 0.15536225311860855 0.1564019133462081 0.10902357581594019 0.11210726847506854 0.11376301171996744 0.6223835787390707 0.678071929881703 0.7525208748925569 0.9802364517118538 0.3385346317988425 0.29797287003018197 1.3246774226677893 1.8256847771401565 1.3669614119887368 1.0135516094822323 0.11181662398588439 0.029025421044289963 0.37015321814479635 1.5626946731207347 0.8804011764131613 1.0532866406227293 0.5202533257739312 -9999.0 -9999.0 -9999.0 -9999.0 -9999.0 -9999.0 -9999.0 -9999.0 -9999.0 -9999.0 -9999.0 0.1289872943371576 0.7335599311777272 0.8667705451041311 0.19603357364730384 -9999.0 -9999.0 -9999.0 -9999.0 -9999.0 -9999.0 -9999.0 -9999.0 -9999.0 -9999.0 -9999.0 0.1861357199805289 0.9621134996327212 0.11901527920101969
0.9965314002179678 1.0104721873247335 0.9302587930236874 0.7482776082558955 0.880209877666912 0.828287423268127 0.17472447522353837 0.7491591709340751 0.7601462387038725 0.8271801942041506 0.7419871621586714 0.7717875163209523 0.741657948010655 0.6187369800227495 0.15978224771084773 0.241423194193906 0.7720889617655151 0.7756296649706083 0.4788559221306402 0.1585739238947821 0.626247992259995 0.7219592607796748 0.29628467297819977 1.7469814294688264 0.35835237733068387 1.0978481700472353 1.1140076159565544 0.12503764680843693 0.28227922035143305 0.01250704535612755 0.5594851101225329 -9999.0 -9999.0 -9999.0 -9999.0 -9999.0 -9999.0 -9999.0 -9999.0 -9999.0 -9999.0 -9999.0 -9999.0 -9999.0 -9999.0 0.044450352544313586 0.14225294667656024 0.9443274267542123 -9999.0 0.05216995837636075 -9999.0 -9999.0 -9999.0 -9999.0 -9999.0 -9999.0 -9999.0 -9999.0 -9999.0 0.013535115745525367 1.0067951573889067
1.2425936261396244 0.9546159994244023 0.8519031377418483 0.8832083364101728 0.7405637099787793 0.15137890202187565 0.6744798768969007 0.8364093744589929 0.7318955921213584 0.7614439171948354 0.5978777955394595 0.6746756363779705 0.8303414505738942 0.9972206990846885 0.8269138712442683 0.7648846192110159 0.21257184232128443 0.15856912913850874 0.0957919898313023 0.5538835915152963 0.19132241102390823 0.24080946309547133 2.1225278227846776 0.31130810874909554 2.008702960948614 1.5516029329615215 0.3595408135383561 1.6333211248926602 1.3937327398678419 1.9064656690005926 0.8641028452746035 -9999.0 -9999.0 -9999.0 -9999.0 -9999.0 -9999.0 -9999.0 -9999.0 -9999.0 -9999.0 -9999.0 -9999.0 0.0012140929984713878 0.01809612754278619 0.06778151170708736 0.058921728213532656 0.08939622777402763 0.162740150444268 0.8953776350503599 0.19071036076578615 4.754257914719274e-05 2.2301560440730478e-05 0.25533309122350223 0.00323064116258462 0.09041887154798242 0.37836178367995255 0.14990432723179503 -9999.0 -9999.0 -9999.0
1.072891369596726 1.1718336993326277 0.6923198610341375 0.08166158410910516 0.08130546626608971 0.12009759305558801 0.18490432484645877 0.6348185606095214 0.7703959937383233 0.8309843869818607 0.8331375972170099 0.9826822515711966 0.9367475891962151 1.155182710319152 1.0304993364317065 0.8766174979857515 0.6247442759819875 0.2668365919828896 0.13730828031122289 0.1257087275500124 0.20106182545530965 0.30123739236191477 1.4625505283466482 1.0451089721699298 1.1207180891859991 1.524728168203469 0.39602676224991396 0.4095284798980595 1.6272130514668308 0.30194638324281037 1.0785981270222882 0.4561363509677716 -9999.0 -9999.0 -9999.0 -9999.0 -9999.0 -9999.0 -9999.0 -9999.0 -9999.0 -9999.0 0.9934329837811544 1.8451486014354623 2.1769500346983826 1.0795539231108264 1.273506976157914 0.2129334252787164 0.09370553162544622 0.04190457066703031 0.08877091533335442 1.1258452040257578 0.5734440653716678 0.7939157239542292 1.315012550328977 0.8386287037726172 18.729680029576944 18.396199667525995 0.10227939617123881 0.012568643901803468 -9999.0
0.8274109335561006 0.1257754562586552 0.13184914173715745 2.1480713659037813 3.6845386409898913 2.12547745763255 0.6593342009923349 0.8470296937266386 0.8613946841248307 1.065743818091421 2.1346167953686264 0.9848382080530637 1.2051734712982787 1.1416087720573376 0.955226790309842 0.9409512819553042 2.938291747884407 3.2033003890586924 0.16903631828415935 0.052609384891229065 0.08544429382346018 0.19277456628902903 0.24997461568329105 1.7112132830371445 1.0975251815620481 2.4387226944611946 0.38256892965824374 0.38574561194264395 1.8858774848285418 0.2733333011045921 0.2271053263713977 1.5870137577694567 7.843284541298194 3.1667809614002516 -9999.0 -9999.0 -9999.0 -9999.0 -9999.0 -9999.0 0.0006738853584867539 2.148342876133009 8.624627005775858 9.05851712678429 0.26409233932560305 0.05038002289736649 0.988979398141736 1.541108799982967 1.2557748041487473 1.8677793561807607 0.14032588882032687 1.3815711417116756 0.13640733452952086 1.0413234666696412 0.2664493174267764 0.5395971997376691 0.19730911128305312 0.6407346456114169 -9999.0 -9999.0 -9999.0
0.14197529664204683 2.2296731562002416 1.9715736085339708 2.678660128141981 2.016980849215675 2.320598095195515 4.654963073362882 2.311468319788403 2.7141483519980363 4.44416949150192 3.123422631705065 3.2571196172498684 3.263755548778615 3.9320702826494607 4.623970236602111 4.738807643656693 4.4827244962413495 9.462692182910137 -294.2469940042984 13.739705686073618 0.07328070274465859 0.18153602808581468 0.054047601898739306 1.8327450470835032 1.7551195169439537 0.5426549498680996 1.3324146952762999 1.4317292374276265 0.27516125861321367 0.33216083586255274 0.3007733343143867 0.22836767954662626 0.24205177738005904 1.225857017627905 1.199358250402929 -0.23375795046786246 5.456006520797378 -9999.0 -9999.0 3.7081397019784585 4.370527129628679 5.417220220580179 0.30121128509251 0.17909723771872896 0.07253021551536934 0.22504666785610744 0.13481375727857167 1.2425211565840417 1.1280035237986112 0.10102882693106956 1.3846993179997988 1.240349586175014 0.9946061375592975 0.031337950887142516 0.3880861534994831 0.7991281616263982 -9999.0 0.3335152603751374 0.10174561652478255 -9999.0 -9999.0
2.8754317240417095 2.3561202881380634 -9999.0 -9999.0 -6.903899545685293 3.24431324342186 43.61480985560525 1.7249278398979722 1.9206705637089465 1.1789037919890712 0.5075361713525591 0.359305246395641 1.8007235901802954 1.7086453111874138 1.7836480563464647 1.0531111299307951 2.57643896792055 2.5735948542441665 3.9920011718087194 2.549992710835022 2.457878034110834 1.0995796949549528 0.750938120181797 0.9899582645260401 1.3399487597993287 0.16248964450120182 0.343336637791777 0.19729280567292168 1.3447744073277703 2.0621486578974477 0.4736966080982954 1.901698399854518 0.5596511022507034 2.0171615551672257 0.1949653242551997 1.0928382234753338 1.2280679806438148 0.1831131781414127 -0.6661243644566249 -0.5245613603973807 0.14266361559385152 0.0654675666570142 1.4338085160084448 0.4667881039334081 1.3524102006213505 -9999.0 0.2788586807744743 0.04646085394362245 1.0586824243176531 1.058312999461993 1.4906951114442788 1.1633642698309703 1.3002229426528127 0.1586311499105008 0.6879247653974123 1.0188322207813727 -9999.0 -9999.0 0.5002997199567746 0.0010966831598249152 0.0234162845746202
