critload/trunk/output/2010/fnup_max_gw_ara.asc
ncols 720
nrows 360
xllcorner -180.0
yllcorner -90.0
cellsize 0.5
NODATA_value -9999.0
[rows 81 to 107 of 360, columns 549 to 609 of 720]
-9999.0 1.9873222627473215 -9999.0 -9999.0 -9999.0 2.2731607125311966 1.9328379494887218 2.4529389074904335 2.9207249495871555 3.7949471368127785 3.402555845964101 2.6992769777827808 3.8963446093348217 1.6976154405260697 1.6143125342137195 2.673032976737174 1.6805872727239184 1.6691735451917282 1.9658433428686846 1.784381999584683 1.8929158483387223 2.4751301797527687 2.3019211249562828 4.144710535549955 2.783357399533486 -9999.0 -9999.0 -9999.0 -9999.0 -9999.0 0.0197200093816541 0.023789349642277087 0.01999131267133688 4.403328269846341 3.047171241276075 5.871800299313306 2.526711873322173 5.834128339304114 8.533100362863422 5.53777418085179 -9999.0 -9999.0 4.384099000599353 22.70303786838318 36.920583101541695 38.41894920004653 36.45755850426798 29.18395887635746 18.850644099121144 17.115291796750483 19.24975423905718 10.148227949010156 2.7990633505706577 3.4732665675916627 2.0224969227172154 14.937445177856823 23.29961110498011 20.516218224194887 21.378490036438073 13.371836718288861 3.514587468968689
-9999.0 10.788515014830944 3.3271719415248837 2.3756104092212396 2.9019599533964437 5.164453696490167 2.540732841898805 3.9740976958642347 3.911143656788091 3.5154559437616664 3.0283422036201513 2.879067378248751 2.194563702728533 1.7781377824688174 2.3379735363003884 14.398220945793506 2.048776577226025 2.082431352104364 2.178386613887917 2.350367335944167 2.9448758934474775 2.718202440531929 6.398841469939654 4.64348603926431 2.3776645776055756 -9999.0 -9999.0 -9999.0 -9999.0 1.4701888144267103 4.060327034325669 2.753090883654684 2.8405747284017844 4.755355890889592 2.9282212456457177 2.8329661276946516 2.725281705015212 4.062734860952429 -9999.0 -9999.0 21.821957392615527 -9999.0 18.66479435477344 38.44080314705217 35.68260879976592 -9999.0 33.37884186938184 33.309914051628944 28.57863057594734 19.486232344294386 18.786031694932365 4.611501362246375 2.193443915572406 2.829889997385366 18.08093159806228 16.265218232750204 5.312691437532475 16.213127313955155 4.413530520072927 10.472317467850042 9.151276867482569
-9999.0 -9999.0 -9999.0 -9999.0 -9999.0 -9999.0 2.057207040236742 2.054650803335361 2.9262397811819096 2.0349714250197506 3.683955702027616 3.373948042072868 2.8109396469115278 2.6168436873428034 2.7673328481419786 14.182204363017028 2.4137069119988137 6.759404458292762 5.063793084733577 3.655001707036082 8.237917996699666 5.0884933318084515 3.8766485135801485 5.597759617088698 2.839834324185469 3.016437796245763 -9999.0 3.0233019798986764 2.909969287831854 2.954991570721514 6.253500536860189 3.1766541942773445 3.0655172446208323 2.9604454473909128 7.0526355047723905 4.680856035538551 1.9062910185599162 5.196032805253042 6.94179609758078 11.131661193957887 11.175664188129286 4.325448930957355 26.747078347231756 30.209747013882247 68.40488276492125 34.851830671757774 34.50790654531423 28.998376893183003 33.6251399287346 30.101515448676007 7.011635218765421 2.2349069632976826 2.4709113624291597 2.767361034738554 19.02052225232416 15.085040543635419 17.444185316666964 6.116160063117234 22.166774017507468 8.616860495562145 17.749922915648984
13.550908704762309 0.11967986876141475 -9999.0 10.277332559994546 3.0534700451763284 3.6316403367834647 -9999.0 -9999.0 -9999.0 1.8287262766656986 2.101671170612734 1.757347123891934 1.9515782540822622 2.49550852285593 1.8432365194164018 5.84177265337986 -9999.0 7.8497013277366445 0.14906088315605587 8.90396449893868 -9999.0 -9999.0 11.595037721292384 11.870342510084562 3.996245375411051 2.7131501065795316 4.27225774562626 11.3668039886893 13.014806980884396 3.452452940303562 11.187964736507375 9.789019013719239 9.791477852563553 0.911298248607746 6.524352530976529 -9999.0 4.307308838841595 1.1343236879600753 10.89099991351572 4.251555970311451 -9999.0 -9999.0 18.829432425418776 18.26240383144596 17.277961013574103 23.63881835612172 17.401115350872338 10.376400674066605 18.42779279460764 8.741829289294143 2.4223825668788344 2.6055236651621305 1.5519789743451935 1.9114692647628848 13.396576217110134 19.60392998610952 6.990716072205706 7.5712787210526225 5.273792886819461 3.9181816558460225 11.597647428165486
-9999.0 -9999.0 13.637680510023062 6.7320974362228005 -9999.0 3.1406483952880544 22.412652737723004 -9999.0 -9999.0 1.4099252930502642 2.372880523111604 1.8998832007062303 3.3751582861248486 1.6525377078458832 2.237464778970131 2.1763358198326834 9.895287983297049 5.577376934601062 3.457965012306716 10.376274803907501 10.409561173067228 -9999.0 -9999.0 -9999.0 -9999.0 -9999.0 11.710500617186398 11.555943281593787 12.223209266697854 6.609085025658439 0.9844182728624717 11.756903748230096 3.725021805783291 4.259953244123237 -9999.0 -9999.0 -9999.0 -9999.0 -9999.0 -9999.0 -9999.0 -9999.0 -9999.0 -9999.0 -9999.0 11.251365547242708 -9999.0 6.524222537071805 5.570930186331255 5.963088102190486 3.7041269681822935 2.373007241015207 2.0871653714685516 16.786348245442834 17.987199243207773 18.66445000227322 17.17815781033725 5.44402774537184 6.8916589029765 12.23873388461711 12.98538372513338
-9999.0 -9999.0 6.990188463044368 10.72420168473993 10.47795745109616 10.410238633846092 -9999.0 -9999.0 -9999.0 10.311865237996155 -9999.0 4.391957421711329 3.1390549280192226 1.8270882954518337 1.7120641443096538 12.73798504749105 3.3085509587773205 9.700913119529758 -9999.0 -9999.0 -9999.0 -9999.0 -9999.0 -9999.0 -9999.0 -9999.0 -9999.0 -9999.0 -9999.0 12.666758313155318 -9999.0 -9999.0 -9999.0 12.054307433163846 12.119156237788795 -9999.0 -9999.0 -9999.0 -9999.0 -9999.0 -9999.0 -9999.0 -9999.0 -9999.0 -9999.0 -9999.0 7.2191570747647615 2.0358569588543007 19.493968578400153 9.22605361363351 3.1330527265966217 2.7994482801614153 11.360610803771468 13.938495264277426 17.999533725725016 23.04770914195149 10.989826592824818 33.112180654801826 7.076387895295434 4.042339530858402 13.624632213819773
-9999.0 14.923790261720502 12.169252569084614 -9999.0 -9999.0 16.25861805070064 -9999.0 -9999.0 22.240067552309576 -9999.0 -9999.0 10.113285469661085 3.7179748577489424 -9999.0 0.2513247661233088 8.710347524294288 -9999.0 -9999.0 -9999.0 -9999.0 -9999.0 -9999.0 -9999.0 -9999.0 -9999.0 -9999.0 12.269209803688762 -9999.0 -9999.0 -9999.0 -9999.0 -9999.0 -9999.0 -9999.0 -9999.0 -9999.0 -9999.0 -9999.0 -9999.0 -9999.0 -9999.0 -9999.0 4.0384929863196435 -9999.0 -9999.0 35.24757943104449 41.738030518739244 34.226766147840955 33.00088973031728 20.486360899224696 6.704413084315485 3.150532074826426 15.25580187337635 18.177166262066702 24.52801447488649 14.07144943478359 17.428809491922717 5.735817426424836 11.378846614499881 11.491237832221262 20.942702531019357
-9999.0 -9999.0 -9999.0 11.006785285307073 -9999.0 11.003682451692752 -9999.0 19.92426411039444 -9999.0 -9999.0 -9999.0 -9999.0 13.565671749181394 -9999.0 -9999.0 12.519489610133405 12.927718384815895 -9999.0 6.236605411851866 -9999.0 -9999.0 -9999.0 -9999.0 -9999.0 -9999.0 -9999.0 -9999.0 -9999.0 -9999.0 12.868202316771624 -9999.0 12.455288322574143 -9999.0 -9999.0 -9999.0 12.000295834504925 -9999.0 11.886891681518991 -9999.0 -9999.0 -9999.0 -9999.0 -9999.0 49.68422360370545 59.3532053374328 10.266938054418343 12.037301316297027 35.75565736926087 28.506629805329116 7.714634353310671 6.062762660379599 3.895225639003065 4.3733350476794435 20.559929516980915 11.983834562799345 8.919943438145774 18.026708198505577 6.397541500877285 13.811823874241428 19.650746841702386 3.433499485294089
-9999.0 -9999.0 -9999.0 -9999.0 5.769784585563246 -9999.0 5.7534468779894254 -9999.0 16.432739483590993 -9999.0 13.74646224999711 7.496888230375758 -9999.0 -9999.0 -9999.0 -9999.0 -9999.0 -9999.0 11.840087150794924 -9999.0 -9999.0 -9999.0 -9999.0 -9999.0 -9999.0 -9999.0 -9999.0 -9999.0 -9999.0 -9999.0 -9999.0 -9999.0 -9999.0 -9999.0 -9999.0 -9999.0 -9999.0 -9999.0 11.660121945255723 4.4110575503662055 9.496712823805156 8.954474281698436 48.99282240626533 51.80463999393345 51.99843014615818 21.952664915169816 9.868463360929036 26.37789878044716 6.10877058604659 5.600588174240992 4.977022190246525 5.1231802955795445 4.974611231156366 11.674366275661392 18.67730378631208 17.173413786839575 14.101317352575824 4.879484254667905 2.879996792200651 22.379417789491953 14.339621450192208
-9999.0 -9999.0 -9999.0 -9999.0 7.369515852192805 -9999.0 -9999.0 -9999.0 11.04890078976866 12.253053206085285 -9999.0 13.336052694336564 -9999.0 -9999.0 -9999.0 -9999.0 -9999.0 -9999.0 -9999.0 -9999.0 -9999.0 -9999.0 -9999.0 -9999.0 -9999.0 -9999.0 -9999.0 -9999.0 -9999.0 -9999.0 -9999.0 7.951533219242243 -9999.0 -9999.0 -9999.0 -9999.0 -9999.0 -9999.0 -9999.0 52.71483909980529 49.940561426795256 52.727759859681676 49.33204577398023 52.005708657723396 31.18169910111922 27.079900767072857 24.238155539606215 8.257997975871374 6.708771750831074 6.9006510667175815 5.23956803026649 8.779585330406658 8.244613363859743 15.237404911337325 13.165137402602195 13.135854926872211 14.419775668423993 13.258647047198226 26.85175838679594 22.962366442437613 11.227371467781841
-9999.0 -9999.0 -9999.0 -9999.0 -9999.0 -9999.0 -9999.0 -9999.0 -9999.0 -9999.0 -9999.0 -9999.0 -9999.0 -9999.0 -9999.0 -9999.0 -9999.0 8.252745633929383 -9999.0 8.279833104064213 -9999.0 -9999.0 -9999.0 -9999.0 -9999.0 -9999.0 0.9362881439408133 8.171722349357239 -9999.0 -9999.0 -9999.0 -9999.0 -9999.0 -9999.0 -9999.0 -9999.0 -9999.0 -9999.0 -9999.0 -9999.0 52.52914027699939 52.5159485640223 26.731027547278952 30.723836612988293 29.358450755885404 28.434261731601886 20.110678507168256 4.744030524656206 9.982639838704259 7.2843612039266175 10.116903825089445 31.419523719291664 33.49846354907968 15.114919920693742 14.424131541503042 13.989636814087703 15.352019784886865 16.00266488806286 14.185537095177269 25.843103520224247 26.41787225931121
-9999.0 -9999.0 -9999.0 -9999.0 -9999.0 -9999.0 -9999.0 -9999.0 -9999.0 -9999.0 -9999.0 -9999.0 -9999.0 -9999.0 -9999.0 -9999.0 -9999.0 -9999.0 -9999.0 13.527146939278754 7.07003870954765 -9999.0 0.6173295959126146 -9999.0 -9999.0 -9999.0 7.761082614106721 8.353369815196572 -9999.0 -9999.0 -9999.0 -9999.0 -9999.0 -9999.0 -9999.0 -9999.0 -9999.0 -9999.0 32.004178435895135 52.72323233331062 52.73270764668402 52.73032609124011 30.789021075239827 30.94734403233675 27.22546535839993 5.165447161981925 11.526732972224425 6.5541399907713656 5.349662387893959 8.22309495982173 19.66990793209435 17.10904511514001 13.178257929775299 17.104205676808053 13.532502199758351 16.861364714152913 14.036583527421278 12.259259138399692 11.061215771577059 19.405444370442265 17.292470776660128
-9999.0 -9999.0 -9999.0 -9999.0 -9999.0 -9999.0 -9999.0 -9999.0 -9999.0 -9999.0 -9999.0 -9999.0 -9999.0 8.917495054212571 -9999.0 -9999.0 -9999.0 -9999.0 1.460079331104607 -9999.0 -9999.0 -9999.0 -9999.0 -9999.0 -9999.0 -9999.0 -9999.0 -9999.0 -9999.0 -9999.0 -9999.0 -9999.0 -9999.0 -9999.0 -9999.0 -9999.0 -9999.0 -9999.0 -9999.0 52.31950102427837 52.96092302549941 64.87110736572939 25.104435449706692 19.198596710587726 14.053035988802948 5.516629593136523 13.43116808965526 20.41513579935592 18.646409129277007 23.906768151416312 18.289180004169403 15.183991625355791 16.01571460452417 13.140834589909465 12.915363136184574 12.272402446693683 11.27965818351839 13.211277346560584 8.849246884705972 18.33985459353082 6.247557961655529
-9999.0 -9999.0 -9999.0 -9999.0 -9999.0 -9999.0 -9999.0 -9999.0 -9999.0 -9999.0 -9999.0 -9999.0 -9999.0 -9999.0 -9999.0 -9999.0 -9999.0 -9999.0 -9999.0 -9999.0 -9999.0 8.250949370202095 -9999.0 -9999.0 -9999.0 -9999.0 -9999.0 7.034372479468428 -9999.0 -9999.0 -9999.0 -9999.0 -9999.0 -9999.0 -9999.0 -9999.0 -9999.0 52.74045335827068 52.53360535174924 50.55525201314805 52.73238108725281 38.686923557629605 24.747344300364635 15.891698377569082 14.564068608167508 11.25363962571521 9.213222123299053 17.61961826401281 17.733454246220862 14.606416293352128 16.67619323621735 17.412653679081775 17.443761578078988 15.793775994982377 13.526427631691156 12.33961051229903 12.668005375815865 25.620178997580837 8.201104356573426 15.383581625120243 6.564510032500251
-9999.0 -9999.0 -9999.0 -9999.0 -9999.0 -9999.0 -9999.0 -9999.0 -9999.0 -9999.0 -9999.0 -9999.0 16.581480488970595 16.74506917843765 -9999.0 -9999.0 -9999.0 -9999.0 -9999.0 -9999.0 -9999.0 -9999.0 -9999.0 -9999.0 -9999.0 -9999.0 -9999.0 -9999.0 -9999.0 -9999.0 -9999.0 -9999.0 -9999.0 -9999.0 -9999.0 -9999.0 -9999.0 35.15620941798527 63.565123835744686 52.347433609729684 26.90953858262752 31.191621055941177 16.09631549947557 15.898003089925696 16.512073131595788 7.366282934127457 10.905716894321262 7.645342758634549 8.336708094746632 7.554653341625399 7.201093445010253 15.492099046721664 28.422572634409637 33.02355054025089 11.0591646304791 10.676942998668913 4.218507267663021 8.26429443320485 17.171344049765217 5.781119737155268 5.451386380945578
-9999.0 -9999.0 -9999.0 -9999.0 -9999.0 -9999.0 -9999.0 -9999.0 -9999.0 -9999.0 -9999.0 -9999.0 4.3206707342247626 17.78495103324214 -9999.0 -9999.0 -9999.0 -9999.0 -9999.0 -9999.0 -9999.0 -9999.0 -9999.0 -9999.0 -9999.0 -9999.0 -9999.0 -9999.0 -9999.0 -9999.0 -9999.0 34.59667512805927 34.95818058886538 29.342013569852895 42.87596367249691 51.76950842483931 44.49572710521145 16.53448325021782 16.11349364383738 19.449388709351602 8.76104241319533 11.94444094822863 8.49470064286442 7.713177150580277 5.277581413704769 6.249973923387872 6.270702527205826 13.963697661519932 5.270169338014898 5.7416126555213856 8.356680647894297 19.20214653007663 27.721647378051284 13.232977491333529 11.087474986474291 8.375151556420052 7.890117997058531 10.279125915042938 9.813973715618832 5.115786712310417 2.570273999657731
-9999.0 -9999.0 -9999.0 -9999.0 -9999.0 -9999.0 -9999.0 -9999.0 -9999.0 -9999.0 -9999.0 -9999.0 -9999.0 -9999.0 -9999.0 -9999.0 -9999.0 -9999.0 -9999.0 -9999.0 -9999.0 -9999.0 -9999.0 -9999.0 -9999.0 19.047397463921016 21.101394066081514 16.310125590929662 17.804626162812276 15.789132982212449 17.032401148492283 13.423049703083 10.412566205223898 11.26756651873164 13.017732109707113 10.413010015681493 10.063327027638119 16.72957371165942 13.301681699600596 11.347916860825375 9.767619783880164 5.537536290946924 8.246477319278235 6.536577924898072 5.192918843912792 5.2822305862775245 4.095699787676367 8.295099980518332 6.454873902092623 11.560046390398785 6.6593926743729766 30.47521370720583 20.11418519858297 6.55248814606001 7.950710371305844 14.80476875059854 9.97113479115037 10.108102505928848 7.307647881705383 2.402544784721917 1.6626450535578658
-9999.0 -9999.0 14.978649242334313 15.009793677906577 15.068148616828271 -9999.0 -9999.0 -9999.0 -9999.0 -9999.0 -9999.0 -9999.0 -9999.0 -9999.0 -9999.0 -9999.0 -9999.0 -9999.0 -9999.0 -9999.0 -9999.0 -9999.0 -9999.0 -9999.0 21.515306880443845 21.39591498666049 19.73120468125325 18.048400118613884 19.92790225937534 18.00436608345575 18.356616706518693 10.64732289218262 10.543081934466647 11.604571020484785 9.41659217976061 8.250796698296478 13.473177679060095 21.66557258732542 6.589488615244586 7.630676032062494 9.227838832861451 8.848796117504971 8.59959313875793 3.545682831987617 10.780368223057406 7.958623115201105 5.224548388305403 12.32746505391011 12.368660031479612 10.96603037225706 14.141488439199703 9.722969790846866 8.701543965971268 5.429713575741094 2.618288090452866 7.924563376616429 12.146291737487628 3.1818089231105935 3.3691447091258713 2.298803369732651 1.8372609075942141
16.204561637108288 -9999.0 16.096202733628846 14.905809352971714 16.202596065592115 22.347726196499345 15.07070974700823 14.809678223071469 16.145030848105712 15.365979366381673 9.03687181467931 -9999.0 -9999.0 -9999.0 -9999.0 -9999.0 -9999.0 -9999.0 -9999.0 -9999.0 -9999.0 -9999.0 -9999.0 -9999.0 17.253914830782435 17.91005831987841 -9999.0 -9999.0 -9999.0 -9999.0 26.58726685907139 22.711826506582973 20.600961547811774 17.909486264437064 15.527033327065007 13.333706573611375 6.687752782374237 5.8257227030471554 5.471311659164535 6.1436805212363765 6.12638565153474 7.840896435221958 7.038758626746195 9.24060476834315 11.318933394014072 12.770957538634198 15.9729668616477 7.727887925803869 7.937520921633124 14.271180733647308 9.199441440941007 5.928844184159157 8.35006487382973 -9999.0 -9999.0 8.056085100916157 9.189179702376167 3.7305873720541283 18.197246410429152 2.4618001124978965 0.014081368379082517
-9999.0 -9999.0 -9999.0 -9999.0 48.89085709954838 15.49068807228684 10.413766765474454 19.987798589974908 16.479459623004644 14.347372487436035 14.233269237512415 -9999.0 -9999.0 -9999.0 -9999.0 -9999.0 -9999.0 -9999.0 -9999.0 -9999.0 -9999.0 -9999.0 -9999.0 -9999.0 15.258838651341478 -9999.0 -9999.0 -9999.0 -9999.0 11.520363117774936 23.054853209988458 21.066022502130817 14.556908295339237 11.82185633465327 14.351727277967685 12.549740939154498 7.040977798269301 9.38097224958912 6.941138270093167 6.89379482582496 13.896733359457873 6.427490383700928 11.569652517128413 10.535198249971163 7.031453454627979 23.142905280247696 9.920095194031699 10.299867074266954 18.177474867419974 10.059294759108283 10.898177210634886 -9999.0 -9999.0 9.303596415963243 5.260360883391437 6.669943625071232 6.817555046374336 11.609893772886089 5.222421717355007 -9999.0 0.2714745874102342
-9999.0 -9999.0 -9999.0 -9999.0 -9999.0 -9999.0 -9999.0 -9999.0 25.49310069564009 18.74925801154074 20.978363852771682 16.22691404587215 -9999.0 17.270311837939126 -9999.0 -9999.0 -9999.0 15.92274721521255 13.994101925906278 -9999.0 -9999.0 -9999.0 -9999.0 -9999.0 10.194470130160354 14.364852033347423 13.553741685831321 -9999.0 -9999.0 11.643266132560084 23.721430230597495 26.05538160305701 20.69302926224074 9.827616363280244 5.803213281696176 12.136004233648828 5.997749361231508 5.536128640412989 5.70266015617023 9.041471817411184 3.667403108527544 11.022358233991907 12.557664106346888 7.8498880356040885 9.935909604481116 11.146264538207614 8.640647427004103 5.336095337454602 7.144966762100156 12.53774644761371 -9999.0 -9999.0 -9999.0 3.886611623140824 11.824724951959917 12.138892284483482 -9999.0 -9999.0 -9999.0 -9999.0 -9999.0
-9999.0 -9999.0 -9999.0 -9999.0 -9999.0 -9999.0 -9999.0 -9999.0 -9999.0 -9999.0 19.35320111048544 27.3187022814353 28.300930115647116 18.714504887365273 16.51696398043214 17.551859478562378 16.47439044542279 15.968143386345098 14.777717856210378 -9999.0 -9999.0 -9999.0 9.317619844431219 17.79087846981749 11.107604508889814 13.136655713773575 -9999.0 -9999.0 24.28953551547762 32.81127273272938 23.654780027852606 16.206913471242856 22.06757600045494 8.768492517741258 4.623355723037471 4.487630144969592 5.3519405269111715 4.524685620371631 5.495547181637733 12.062801460773874 8.192501226744001 10.779399350234812 6.664536360210208 6.7308936012011324 19.90722958942161 26.154304675808007 3.579405111730158 -9999.0 -9999.0 -9999.0 -9999.0 -9999.0 -9999.0 8.61771308864228 11.809965015413505 -9999.0 -9999.0 -9999.0 -9999.0 -9999.0 -9999.0
14.626527031850644 -9999.0 -9999.0 -9999.0 -9999.0 -9999.0 -9999.0 -9999.0 -9999.0 -9999.0 -9999.0 15.984337361470496 21.499458233784047 26.712994261128074 26.182087383498217 18.633323453523257 19.812553598978855 -9999.0 -9999.0 -9999.0 -9999.0 -9999.0 13.731494353413092 23.01371941457671 36.12266449476222 -9999.0 -9999.0 10.965172093056756 14.508570448883276 25.03046244251555 19.79331069637723 11.64793837603552 12.870690156784207 19.55708333118437 7.693373012191422 4.7034229805151995 6.820201673686097 4.977034105144566 5.162082076271915 9.337472262653494 12.400886364502522 6.110708179856473 11.202970830136767 15.82345140555603 16.26781108340556 22.21775430703586 2.041521515937865 0.6775337247710078 0.7050770326414547 -9999.0 -9999.0 -9999.0 -9999.0 -9999.0 -9999.0 -9999.0 -9999.0 -9999.0 -9999.0 -9999.0 0.23561303863062666
-9999.0 -9999.0 -9999.0 -9999.0 -9999.0 -9999.0 -9999.0 -9999.0 -9999.0 -9999.0 -9999.0 -9999.0 -9999.0 15.059244949887498 13.113887706441123 10.464710378609999 17.697381844737688 32.461962861991864 23.464412088377017 20.119633197959693 -9999.0 12.3448145550753 29.45276950326306 13.233492737280352 -9999.0 -9999.0 13.13699956602574 11.022388076084898 17.31673935548204 31.269930416068796 10.912001616931484 9.050111867065667 9.390377981010674 14.014583904704867 3.6209826703453873 6.779668197563125 8.926324590191685 8.055786715730251 3.7333664489248983 11.13877892835698 5.75577937758917 6.547057116172102 16.23232927386201 18.916978675649396 11.30361463821217 6.378854201146872 5.553445157887929 5.732503557629206 3.266862558448352 -9999.0 -9999.0 4.846792410239759 5.318102609194487 4.313909415243929 -9999.0 -9999.0 -9999.0 -9999.0 -9999.0 -9999.0 -9999.0
-9999.0 -9999.0 -9999.0 58.87514576270999 74.88478304676406 31.320862076942642 74.69099268896618 18.771131526830114 19.67014499613202 85.01538783602912 85.1958631155505 85.56090368134927 14.224169232082671 11.546653893110463 10.351176342580557 5.991694682999453 4.693273555667694 5.445398121941934 9.049272432164308 16.53483909259875 13.665258899974722 12.33491336758801 10.18420516279747 11.155394912067889 11.466808237100727 43.25507356248042 10.231003298179175 12.914377835857072 8.841442367317002 12.999343829628438 14.36482105544497 9.927822830970264 10.646775010495327 6.642271084566358 3.9561334918446787 3.1307539072675676 4.297157651280738 4.1491708948519825 5.687948792522304 6.817693210843496 14.770172155181294 19.647590604774496 11.449249780500484 5.151724848694247 5.034593358191702 4.971358695140937 3.293266731447081 4.330846192955327 2.0520300394367768 0.8287593120043718 2.2255959089390775 5.430381029249466 2.0928348447369065 13.803209723045288 9.605634002463182 5.675983020618024 1.6640135627680035 -9999.0 -9999.0 -9999.0 -9999.0
-9999.0 47.744325582392825 20.937338422871264 10.077580927526254 6.842826354591724 10.229196404887011 16.946854394301802 20.443461775994376 11.969105108592705 16.897186289269353 85.36851806712963 55.35239203994403 48.30329318675827 8.265126265163596 13.155188793428781 5.701177226654196 14.559788849507557 8.486287036159776 20.686096544119856 18.02945650462564 13.058079829977144 10.06641931441337 9.21619442121967 57.24285958576513 16.098420008604513 10.391338976374433 8.479818277638541 8.940451129636086 11.277402063380983 9.313286940426064 10.851652472182693 13.710226786111043 5.776492557638986 4.4411495893927775 4.397809128785748 3.527152332460602 7.456065476951526 9.890531504411223 7.557444543807471 8.038173781470315 11.677012841955067 14.410985381023302 5.687368681510795 10.06509008087397 11.574241081044592 4.433000689805894 4.637607627258324 2.4293982471408406 2.715881287527673 2.922790908187153 4.053160581731831 2.4368392683987414 2.953371600617709 5.429099775062186 4.478370409527678 6.509794456293774 -9999.0 -9999.0 -9999.0 -9999.0 -9999.0
19.710120578017463 24.518510626314104 27.291456472847223 13.282605452862564 8.66628979734187 10.086228975457365 9.323944197550983 9.62033865704891 -9999.0 7.719205951677007 6.157944860953664 5.851716845620811 7.1141333151103225 5.011163446150719 5.013156878052288 5.221405556655646 5.298354984586403 8.930966907558062 16.558718390110144 19.492743028385647 16.903252234501515 17.985066445011658 21.56787832975386 5.831252153168629 18.09361311458225 14.603086994702776 14.270016230030738 7.883123705677523 9.757593878541789 11.453171838980811 6.323948935180337 12.514720050539152 3.4242247451455445 4.310080033761339 5.553696419994279 4.758613854753651 5.287992635472523 4.540552401137793 3.2743055470854263 9.778150471498664 10.83321389056863 8.398412208804833 3.5724446989540453 8.106524064333417 11.031370030028214 4.103346453453443 2.841131596040696 12.479047129090079 13.870792745000854 8.550506369788065 6.6971162958081 6.029523599565107 7.9363950169964586 -9999.0 -9999.0 -9999.0 -9999.0 -9999.0 -9999.0 -9999.0 -9999.0
