critload/trunk/output/2010/fnup_corr_sw.asc
ncols 720
nrows 360
xllcorner -180.0
yllcorner -90.0
cellsize 0.5
NODATA_value -9999.0
[rows 54 to 80 of 360, columns 480 to 539 of 720]
-9999.0 -9999.0 -9999.0 -9999.0 -9999.0 -9999.0 -9999.0 -9999.0 -9999.0 0.000525550563893826 0.004831955549876251 0.005229269402212606 -9999.0 -9999.0 -9999.0 -9999.0 -9999.0 -9999.0 -9999.0 -9999.0 -9999.0 -9999.0 -9999.0 -9999.0 -9999.0 -9999.0 0.0004571002576016088 0.0006402430280789575 -9999.0 -9999.0 -9999.0 -9999.0 -9999.0 -9999.0 -9999.0 -9999.0 -9999.0 -9999.0 -9999.0 -9999.0 -9999.0 -9999.0 -9999.0 -9999.0 -9999.0 -9999.0 -9999.0 -9999.0 -9999.0 -9999.0 -9999.0 -9999.0 -9999.0 -9999.0 -9999.0 -9999.0 -9999.0 -9999.0 -9999.0 -9999.0
-9999.0 -9999.0 -9999.0 -9999.0 -9999.0 -9999.0 -9999.0 -9999.0 -9999.0 -9999.0 0.0012249535970554454 0.0014722211274231622 -9999.0 -9999.0 -9999.0 -9999.0 -9999.0 -9999.0 -9999.0 -9999.0 -9999.0 -9999.0 -9999.0 -9999.0 -9999.0 -9999.0 0.00035930241070498254 0.0005568345977310711 -9999.0 -9999.0 -9999.0 -9999.0 -9999.0 -9999.0 -9999.0 -9999.0 -9999.0 -9999.0 -9999.0 -9999.0 -9999.0 -9999.0 -9999.0 -9999.0 -9999.0 -9999.0 -9999.0 -9999.0 -9999.0 -9999.0 -9999.0 -9999.0 -9999.0 -9999.0 -9999.0 -9999.0 -9999.0 -9999.0 -9999.0 -9999.0
-9999.0 -9999.0 -9999.0 -9999.0 -9999.0 -9999.0 -9999.0 -9999.0 -9999.0 -9999.0 -9999.0 -9999.0 -9999.0 -9999.0 -9999.0 -9999.0 -9999.0 -9999.0 -9999.0 -9999.0 -9999.0 -9999.0 -9999.0 -9999.0 -9999.0 -9999.0 -9999.0 -9999.0 -9999.0 -9999.0 -9999.0 -9999.0 -9999.0 -9999.0 -9999.0 -9999.0 -9999.0 -9999.0 -9999.0 -9999.0 -9999.0 -9999.0 -9999.0 -9999.0 -9999.0 -9999.0 -9999.0 -9999.0 -9999.0 -9999.0 -9999.0 -9999.0 -9999.0 -9999.0 -9999.0 -9999.0 -9999.0 -9999.0 -9999.0 -9999.0
-9999.0 -9999.0 -9999.0 -9999.0 -9999.0 -9999.0 0.0006507608444033503 -9999.0 -9999.0 -9999.0 -9999.0 -9999.0 -9999.0 -9999.0 0.00037420807993316426 -9999.0 -9999.0 0.001731706195098285 0.0002636526454170283 -9999.0 -9999.0 -9999.0 -9999.0 -9999.0 -9999.0 0.0010737926096958535 0.001432018989274029 -9999.0 -9999.0 -9999.0 -9999.0 0.0010049793723732184 0.0019320915308495194 -9999.0 -9999.0 -9999.0 -9999.0 -9999.0 -9999.0 -9999.0 -9999.0 -9999.0 -9999.0 -9999.0 -9999.0 -9999.0 -9999.0 -9999.0 -9999.0 -9999.0 -9999.0 -9999.0 -9999.0 -9999.0 -9999.0 -9999.0 -9999.0 -9999.0 -9999.0 -9999.0
-9999.0 -9999.0 -9999.0 -9999.0 -9999.0 -9999.0 -9999.0 -9999.0 -9999.0 -9999.0 -9999.0 -9999.0 -9999.0 -9999.0 -9999.0 -9999.0 -9999.0 -9999.0 -9999.0 -9999.0 -9999.0 -9999.0 -9999.0 -9999.0 -9999.0 0.0006929699315543971 -9999.0 -9999.0 -9999.0 -9999.0 -9999.0 -9999.0 -9999.0 0.0029822638898448417 -9999.0 0.0004924341847611607 -9999.0 -9999.0 -9999.0 -9999.0 -9999.0 -9999.0 -9999.0 -9999.0 -9999.0 -9999.0 -9999.0 -9999.0 -9999.0 -9999.0 -9999.0 -9999.0 -9999.0 -9999.0 -9999.0 -9999.0 -9999.0 -9999.0 -9999.0 -9999.0
-9999.0 -9999.0 -9999.0 -9999.0 -9999.0 -9999.0 -9999.0 -9999.0 -9999.0 -9999.0 -9999.0 -9999.0 -9999.0 -9999.0 -9999.0 -9999.0 -9999.0 -9999.0 -9999.0 -9999.0 -9999.0 -9999.0 -9999.0 -9999.0 -9999.0 -9999.0 -9999.0 -9999.0 -9999.0 -9999.0 -9999.0 -9999.0 -9999.0 -9999.0 -9999.0 -9999.0 -9999.0 -9999.0 -9999.0 -9999.0 -9999.0 -9999.0 -9999.0 -9999.0 -9999.0 -9999.0 -9999.0 -9999.0 -9999.0 -9999.0 -9999.0 -9999.0 -9999.0 -9999.0 -9999.0 -9999.0 -9999.0 -9999.0 -9999.0 -9999.0
0.12348046075195046 -0.08340603676529838 -9999.0 -9999.0 -9999.0 -9999.0 -9999.0 -9999.0 -9999.0 -9999.0 3.5218594646047234e-05 1.9879175831288366e-05 -9999.0 -9999.0 5.149097072874696e-06 -9999.0 -9999.0 -9999.0 -9999.0 -9999.0 -9999.0 -9999.0 -9999.0 -9999.0 -9999.0 -9999.0 -9999.0 -9999.0 -9999.0 -9999.0 -9999.0 -9999.0 -9999.0 -9999.0 -9999.0 -9999.0 -9999.0 -9999.0 -9999.0 -9999.0 -9999.0 -9999.0 -9999.0 -9999.0 -9999.0 -9999.0 -9999.0 -9999.0 -9999.0 -9999.0 -9999.0 -9999.0 -9999.0 -9999.0 -9999.0 -9999.0 -9999.0 -9999.0 -9999.0 -9999.0
-9999.0 0.0014486964161492515 -9999.0 0.00010337176439454901 -9999.0 -9999.0 -9999.0 -9999.0 -9999.0 -9999.0 -9999.0 0.020748049852243596 0.0025297762767176797 -0.005983831937955349 7.2481632434011185e-06 -9999.0 -9999.0 3.0647817563850285e-05 -9999.0 -9999.0 -9999.0 -9999.0 -9999.0 -9999.0 -9999.0 -9999.0 -9999.0 -9999.0 -9999.0 -9999.0 -9999.0 -9999.0 -9999.0 -9999.0 -9999.0 -9999.0 -9999.0 -9999.0 -9999.0 -9999.0 -9999.0 -9999.0 -9999.0 -9999.0 -9999.0 -9999.0 -9999.0 -9999.0 -9999.0 -9999.0 -9999.0 -9999.0 -9999.0 -9999.0 -9999.0 -9999.0 -9999.0 -9999.0 -9999.0 -9999.0
-9999.0 7.070211482789982e-05 -9999.0 0.0005435340167053473 6.290009525976024e-05 -9999.0 -9999.0 -9999.0 -9999.0 2.9229882738774598e-05 0.001141130544656303 -0.07973785248711848 0.5336232752687013 -0.00060516256070204 -9999.0 -9999.0 8.051169759341902e-06 -9999.0 3.2229471786620692e-06 -9999.0 -9999.0 -9999.0 -9999.0 -9999.0 -9999.0 -9999.0 -9999.0 -9999.0 -9999.0 -9999.0 -9999.0 -9999.0 -9999.0 -9999.0 -9999.0 -9999.0 -9999.0 -9999.0 -9999.0 -9999.0 -9999.0 -9999.0 -9999.0 -9999.0 -9999.0 -9999.0 -9999.0 -9999.0 -9999.0 -9999.0 -9999.0 -9999.0 -9999.0 -9999.0 -9999.0 -9999.0 -9999.0 -9999.0 -9999.0 -9999.0
0.0035374424826868124 0.022010704747437014 0.0001240701135551321 0.002721537094885015 0.00010056005359975006 0.002557326789891268 -0.028175941963474734 -0.007024284636543906 -9999.0 -0.0008367629913865288 -0.000190135868743202 -0.0017826294796135498 0.0016468317535626494 -0.009836014389295907 -0.02491936246853994 -0.0006299457035740766 7.160913938492575e-05 5.569438988957107e-05 -9999.0 -9999.0 -9999.0 -9999.0 -9999.0 -9999.0 -9999.0 7.740542831520387e-06 -9999.0 -9999.0 -9999.0 -9999.0 -9999.0 -9999.0 -9999.0 -9999.0 -9999.0 -9999.0 9.266477420320817e-05 -9999.0 -9999.0 -9999.0 -9999.0 -9999.0 -9999.0 -9999.0 -9999.0 -9999.0 -9999.0 -9999.0 -9999.0 -9999.0 -0.017823970425391973 -9999.0 -9999.0 -9999.0 -9999.0 -9999.0 -9999.0 -9999.0 -9999.0 -9999.0
0.007061521915517996 0.0026192338271098623 0.004176128299856448 0.14573694247883176 0.02090718099850949 -0.07282739767223798 -0.03670576298107018 -0.20464316446371097 -0.026895365819904357 -0.04743774141793533 -0.0041094766453595 0.003289118753196895 -0.0033628892279467925 0.011078219636655975 -0.005452152610326693 0.001180129252409308 0.0002900794275436848 0.0014587268361339193 0.0003900901140667616 0.00018442213182177987 0.00025756182458480567 0.003376476234657284 -0.00016954074030269887 -0.0051803685565269715 -0.00473377168534667 -0.03258870931372779 -9999.0 -9999.0 -9999.0 -9999.0 -9999.0 -9999.0 -9999.0 -9999.0 -9999.0 -9999.0 0.00039671361633535274 -9999.0 -9999.0 -9999.0 -9999.0 -9999.0 -9999.0 -9999.0 -0.004117031931440701 -0.0021296142519073124 -0.005113589807766385 0.0008997541382695679 -0.006552461952046896 0.00036040784640423395 -9999.0 -9999.0 -9999.0 -9999.0 -9999.0 -9999.0 -9999.0 -9999.0 -9999.0 -9999.0
0.003583828766667758 0.006856675484181038 -0.002076406472824676 -0.012717699146076454 -0.03169628608410738 -0.1224453080644732 -0.13299870912171832 -0.5037990328209525 -0.07779599078543421 -0.05335327054816607 -0.011876641685716782 -0.010031540266640089 -0.010586823787942502 0.006422431265322529 0.023145473599877762 0.0018279236330665729 0.0016027374041374313 0.013249025146316906 0.0009242858891936587 0.007325666239380688 0.0010341633682485302 0.002240325927728239 -0.05792449866828569 -0.006302622217263802 -0.04563021077406627 -0.0013063580891757767 -0.002057664259363449 -0.0037169745426822425 0.002348078756628744 -0.07404387169415719 -0.029872561796846157 -0.0018704497892435908 -9999.0 -0.0003675083566389848 -9999.0 -9999.0 -9999.0 -9999.0 -9999.0 -9999.0 -9999.0 -9999.0 -9999.0 -0.009481398368531246 -0.002085215524841578 -9999.0 -9999.0 -0.15592931967065599 0.019627037864350636 -9999.0 -9999.0 -0.05026504860727436 0.00506341853750769 -0.04917291878858879 -0.004642410652783267 -9999.0 -9999.0 -9999.0 -9999.0 -9999.0
0.0011916714786066721 -0.0020356144146762424 -0.31768331752821444 -0.32919037854681665 -0.13127427917255086 -0.20907087404315788 -0.5456614700971159 -0.11516547219639679 -0.7307198078010559 -0.12596729555253933 -0.6216577845910335 -0.3668220136148424 -0.02417741409771491 -0.769366362080797 -0.13233224241998265 0.9806464349076036 -0.10259831152426652 -0.18772025792714825 -0.03566647168868047 0.01530103385871658 0.11385130191106357 0.18428379378588397 0.03342091171309689 0.2151243295442113 -0.0051284972380762715 -0.025088366433252 -0.03220480253141576 0.0033052350600215135 0.04545376486106978 -0.0077444656066811704 0.002644157201400838 0.0010716561009890587 0.0018533535106329193 0.0017943674229994498 -0.001322213780654429 0.00011702592473600524 0.00013167644231394605 4.7011022944824535e-05 1.1022195634725046e-06 0.0002396454920249255 -0.0020972536628741665 -9999.0 -9999.0 -9999.0 -9999.0 -9999.0 -9999.0 -0.11028597280138065 -0.018620263206943828 -0.008627473588742787 -0.003046016604222096 -0.09473897470218838 0.006058962455105389 0.0043085420257009 0.000682621220793969 -9999.0 -9999.0 -9999.0 -0.03742323308302711 -9999.0
0.0008302351921538793 0.007278595250451325 -0.25987377693669306 -0.055497582970351754 -0.39847293859484584 -0.3587610485509606 -0.42906536302056936 -0.1407139172558554 -0.80166053623771 -2.5554115246040845 0.5735009351657944 -4.294403246943239 -0.14171945673806624 -0.4060665862233864 -2.5322546819723035 -0.045863166848614974 2.1940341132595105 -0.03700081318785933 -0.18692434112508946 -0.369594358982567 -0.23003619691530458 0.4081198087076131 1.6970824314930997 -0.21334782666139357 -3.1098412762487295 -0.745511606031451 -0.10372932649035477 0.13572350163799468 0.04762269690651884 0.23617942740564185 0.14276108173418636 0.03549436824806658 0.007639589047906257 0.01634163946434913 0.007868492279584294 0.0009275313835733405 0.004475951055124689 0.00030217682901301343 0.0001575109322365052 0.00042821834583926403 0.002682647461932705 0.00017733765153673736 0.0014558283478955337 0.0009061444230964572 -0.021370432557613644 -0.011573393971697404 -0.06671936573102982 3.0818233660846475 0.14737480852585674 -0.012045065661086376 3.7250046308923315 -0.045769627110866865 -0.05392773873978148 0.09356954934277674 -0.06561448947877575 0.046579435870988305 -0.12991241353480137 -0.07814330664315769 0.1326589979533992 0.04180723847838515
-9999.0 -0.35264150988815557 -1.4944976694864105 -0.30404735318428344 -0.3008054064432879 -0.3476485067344995 -0.3213743823860708 -0.33338151589908327 -0.42278435645707096 -0.723551329474469 -1.7820992534948594 -0.5721856028941913 -0.2804203023567699 -2.7278335834897116 -0.18351995169137786 1.1083820157454383 -0.24641615543213322 0.02775483385208715 2.0964812098969996 -0.36890947609748587 -0.5541584170425291 0.19966241542451021 0.049341495211439344 -0.05736128550174253 0.014676398098688098 0.05903388982799343 -0.14904572909627126 -0.7228765535744273 0.13171106714060085 0.5851757788344126 -0.06745681134571814 -0.06900353055290982 -0.05033921054459293 -0.06624155507153714 0.1070436731781968 0.14550939100811056 0.02908470661690822 0.012362809722134454 0.014239119259829552 0.006921169003356753 -0.01230791175380171 0.0017532620417854295 0.0016823674948534858 0.0024221069163082244 -0.01253741760957524 0.1890106578274116 -0.06940409622318339 -0.14220826890896388 -0.6341055655849548 1.43642504886175 -3.415626421488374 -0.317825885075238 -0.020207777438566506 -9999.0 0.24025577610137322 0.260133817028134 -3.405891690293823 0.011437105833041031 0.03152522965212104 0.019266373925718946
0.029380080474060325 -0.32842660647607275 -0.02025449871268517 -0.4369956009237142 -0.1570689620998598 -0.483879764984956 -0.29407242105477743 -0.25770934077192514 -0.23373732612095624 -1.3995787556394494 -0.04096855958485866 0.10204455734628 -0.12572710187181999 -0.6560037216477855 0.06819563265504222 0.037442816214793194 0.10739908181573352 0.009524768146274228 1.0242061413014274 -0.16623711451201115 -0.08382648872854312 -0.028095569161632365 -0.08483044431244229 0.06572311408017086 -0.08353734696704082 0.13737189663825783 -0.05028537568079835 -0.094559651301166 -0.24215684672835275 0.22804124562719358 -0.13278039909315126 -0.056877506601683406 -0.13483128097778813 -0.1035145132947902 -0.09142618556412394 -2.7402134461169215e-05 -0.013930799450267102 162.8244701162147 -0.13307427699419824 -0.044541504192115416 -0.05660399419911442 -0.00797774673740965 0.0104951458428258 0.08142727849740314 0.06993517582788814 -0.04025263662365862 -0.2183943391585003 0.7080656262549813 0.8305598812024755 0.5046629198783295 0.6059991582733628 0.5539067393734436 -0.17719913233887766 -0.1334419845708757 -9999.0 -9999.0 -9999.0 -0.006400698081556332 -0.2679751277391073 0.6709110949283276
-0.32017940657955485 -1.191939007721534 -0.25463581699973514 -0.2102422607094821 -1.0667777308068893 -0.1598594133942521 -0.45496364503395526 0.07814394113924812 0.36063055649908604 -0.16779124434741996 0.9710241815573758 0.10426039192921625 0.11159562656768532 0.16279904791699498 0.019023309518076743 0.009049186090870572 0.0016762014898699016 0.8877908138919538 -0.11403567220731402 0.384774372658782 0.24521846203406172 -9999.0 -0.08353403673801842 -0.4850363921088703 0.7273791351276567 1.0277442934726992 -0.016001535788016445 -3.1430255980432107 -0.1810692561727168 0.2705333545611718 -0.15606463758667308 -0.04086272153103004 0.05288508209185814 -0.0437098150668701 -0.04030750491725636 -0.014062005192710354 -0.06188469906802764 -0.07083842029934907 -0.7410644905414322 0.1249284456434028 -0.09828637173375585 0.07533441041010244 0.0616416351974136 0.04775039017658052 -0.5022527617342297 -0.03133828300179043 -0.38796658487876534 0.34620011846447507 -0.16268409059520275 -0.20779654811280854 -0.30734712175174816 1.1883082793952604 -0.6554938358635694 -0.8179361409051499 -0.05139113088142832 -9999.0 -9999.0 -9999.0 0.005153782051177078 0.022346707213843457
-0.4146678120842593 -0.2188585287613314 -0.4364790338344251 -0.9110152777943125 0.14844439105391904 -0.18223038389554713 0.3390792064757764 12.396056586574185 1.2570557765813855 0.3756192470829442 1.2111549678627092 0.663594909970615 0.2832234300234524 0.5823399531084011 0.29133761554034904 0.9354506833115124 0.3900866945267524 0.6548895032592104 5.49959482013369 -0.058539460617947146 0.03731003803527248 0.1046217167920498 3.1747318341345445 -0.7201095844189835 0.39302340216658105 0.8693775968465953 -1.646491139094185 0.6675333567902343 -46.47333408210347 -0.3210766308828998 0.19657414227238965 0.0031810051350992527 -0.25068044471517065 -0.6499405583971406 0.012083074483655011 0.009189008772020404 -0.11557421985699148 0.5705709256000419 1.0697430319371342 0.840237703860481 0.2347075361461563 27.468164062490416 -0.20669374118715741 -0.1896783327415679 -0.2827430913541246 0.20246803121675802 0.25204916654597886 -2.632964365494817 -0.17400015323706702 -0.10952679319423432 -0.06336400148426295 -0.13316055626620515 -1.3733710299224295 0.5514277987511089 -0.16702926986371563 -0.009511753280029662 -9999.0 -9999.0 -9999.0 0.003443267722124729
-0.306157744826995 -0.2355185297541539 -0.2116878993265562 0.28891108397242393 0.3323174504608299 0.17601739860980092 0.11688793335818998 0.5615074942728585 1.3803178605692263 1.8021174510541866 1.5518495550929037 -2.924075690510634 0.2917847958883035 -0.146454333984857 -0.4717952909298302 0.0005277664112598895 -25.78304332262047 0.0005382989686607088 -0.8777030022803 -0.3788146904012867 -0.39010623506197567 -1.2419710986426902 0.0010532400348034977 1.6153392558804562 -0.9128157461420643 -0.16832178442784335 -0.21093399805328275 0.00809563419348546 0.007574593595850143 0.010420110627322298 -0.050298945151347994 -0.0013985045728429784 0.00023712807461340535 0.0018787725140609166 -0.004359091301976788 -0.002153283606007658 0.013780811627931397 -0.049224230845065796 0.01917983885596026 0.32103570219099614 -0.38160254369578633 -0.4070957225387055 -0.43988967062878626 0.44612369959457737 -1.5531214013436228 -0.04391460350363277 -2.78698911699671 -0.6764882520363371 0.4969338294799469 0.44073224605264266 0.3103200394415828 -0.29614078625837154 -0.17086403856267962 -0.29466490004067036 -0.14206866039596766 -0.03047103034742968 -0.036099852723058566 -9999.0 -9999.0 9.14442260535409e-05
-0.2622922171587338 -0.1601700763686275 -0.18623188717532807 0.008743559470213522 5.081880539233775 -0.4519270640464114 0.0015782996769401689 -0.00028246986841723535 0.0003016883347816711 0.0005181646173681003 0.0004288397068300857 0.0003003904231795217 0.00021721740109039377 0.0008637832657019384 0.002071378570054443 -0.29691890513772645 -0.4303833850782679 -0.4104076596739527 -0.0016581512119810844 -0.40311613592344486 -1.6289433623806566 -0.3399204490012979 -0.27035813782073737 -0.00553438110319627 0.001796821030885575 -0.09432700200473491 -0.00013537292359835728 -0.0004067370147360215 0.0007332887807927312 0.007507219309925956 -0.004523183836725639 -0.01204684483623097 0.006648940073441225 0.00012726926238227666 0.0125085321536125 0.0005050430085572452 0.0038083926269291963 0.01021703860249614 0.0021274882079606325 0.17923763777382773 0.17912503356816276 -0.7633378392437468 -0.21123694128818588 -0.20984576982653078 -0.3156378531743333 -0.664530642934899 -0.2851682422959286 -0.034686170046452594 -0.39606668417311114 -0.6004996374919079 0.26596807355299024 0.35610530269649 -0.1901544572484774 0.316126140104818 -0.020107408579537772 -9999.0 -9999.0 -9999.0 -9999.0 -0.1332785794043121
2.7067732112957072 -0.255730355851158 -0.3089926663407615 0.0006568908958861639 0.0016739639075191459 0.004827839951701233 -0.001385323065608546 0.0015345491819868497 -9999.0 -9999.0 0.0003697858832348943 0.000410396849978519 0.0002610286419019745 0.0063678223218940865 -0.00868402276807089 -0.27072497883473967 0.00225191510489835 -0.4384749423297588 -0.39366821378257405 -0.4415162570880497 -0.8961303231911291 -1.1014992102071335 -0.3126570550513972 0.0009321267360648253 0.0003080541152727334 0.00016330137933787922 0.0003425857135322923 -0.004606129313020357 -6.00143730710662e-05 -9999.0 -9999.0 -9999.0 -0.0029060484587034945 -0.005084653686432636 -9999.0 -9999.0 4.717484746761813e-05 -0.00273591297344361 -0.010399108693731497 -0.0028314597945133814 0.006312797125254203 -0.5818429634349834 -0.37588804214399985 -0.17444861813902246 -2.309368951292699 -0.2832071689378916 -0.48068075501275337 -0.06589710918762567 0.0009282350018778439 -0.49799872524510785 44.55602256463328 0.7507275998436596 13.955873090992297 -0.10923314006979314 -9999.0 -8.872036895149679e-05 -9999.0 -9999.0 -9999.0 0.01450088696472216
-0.29507868538993237 0.0032879916922297454 -0.0023250572534506855 0.0007282174724390099 -0.0012388698715612074 -9999.0 -9999.0 -9999.0 -9999.0 -9999.0 -9999.0 -9999.0 0.0002770918381320025 0.0012996083339281042 0.0013115663751596266 0.0009768114824949378 0.002340880603734062 -0.4080577514889488 0.0014177030559798323 0.0010687651157832304 -0.7369394562841464 -0.2993769001460749 -0.385005050236384 -0.2229548061397194 0.0016828541581660494 0.006099704220355922 0.002045148967263611 -9999.0 -9999.0 -9999.0 -9999.0 -9999.0 -9999.0 -0.00013396047772340397 -9999.0 -9999.0 -9999.0 0.0003092242996900366 0.00040686444390507806 0.0013711243886519806 0.014787903913956799 -0.16789797492993172 -0.10088961423891134 -0.2068340279132675 -0.3978838003034304 -0.2110206103054115 -0.27765750791253396 -0.3595447748235288 -1.1727306071569732 1.7376716993088355 -0.6530066931953992 17.652536039713986 -0.23200533519131325 0.006156582380413164 -9999.0 -9999.0 -9999.0 -9999.0 -9999.0 -9999.0
0.0015866590818694782 0.0007616556446298431 -9999.0 -9999.0 -9999.0 -9999.0 -9999.0 -9999.0 -9999.0 -9999.0 0.0002664840786679835 -9999.0 0.0005727249778879906 -9999.0 -9999.0 -9999.0 -9999.0 0.06851859172611195 -9999.0 0.0007844356642946448 0.005810961237212811 -0.9428316516028109 0.0019059691840728524 0.00028792766256609617 0.0005847355724004443 0.0008997203152710286 -0.007943330936453673 -9999.0 0.0005923580516478955 0.008292550809165604 -9999.0 -9999.0 -9999.0 -0.015709134668963558 -9999.0 -9999.0 -9999.0 -9999.0 0.0006191771114548304 -0.10042449155867161 -0.007114639732662897 -0.01612394342452341 -0.09048148485053727 0.2593038441363519 -0.36151682023756787 -1.3436328977794614 -1.170334947928257 0.10980820421329068 0.060543059229631324 -0.4283023004627256 0.007798340816711821 -0.2497832654800479 -0.01668330001510957 -9999.0 -9999.0 -9999.0 -9999.0 -9999.0 -9999.0 -9999.0
0.0013077930630111206 0.0008177965358727867 0.0006265029817811888 4.1874823437936834e-05 -9999.0 -9999.0 -9999.0 -9999.0 -9999.0 -9999.0 -9999.0 -9999.0 -9999.0 0.0005795163006906002 -9999.0 0.0017565232845121966 -9999.0 -9999.0 -9999.0 0.00036060849527528866 0.0002548421821621496 0.00022644175970370183 -9.97765327264083e-05 -0.02933718158823164 0.0009007966741946797 0.003360285973738202 0.0017971965264942475 0.0022913340407452786 0.004339746961482731 -9999.0 -9999.0 -9999.0 -9999.0 -9999.0 -9999.0 -9999.0 -9999.0 -9999.0 -9999.0 -0.0018603333950030173 -0.18271098961281682 0.002350529504930323 0.42007535694481823 -0.31620311116373195 -0.48597592366820036 0.11792921179573398 0.04220222987968578 0.01849261451447255 0.000551431548993906 0.004251689375910363 0.0034341894032987917 0.0019729155974585614 0.00038245680060254475 -9999.0 -9999.0 -9999.0 -9999.0 -9999.0 -9999.0 -9999.0
0.00033185189714214766 -0.0013840983843782957 2.607193956733914e-05 -9999.0 -9999.0 -9999.0 -9999.0 -9999.0 -9999.0 -9999.0 -9999.0 -9999.0 -9999.0 -9999.0 -9999.0 0.0014161208318900734 -9999.0 -9999.0 -0.0006158361976328624 -9999.0 -9999.0 0.0002131737147339964 0.015435590498366066 0.0006912924917360222 0.004080481288350543 0.15822428496524793 0.03312913952312128 0.0005242285088568032 0.00048757317432351666 0.0013267321382314336 -9999.0 0.00020979571555338565 -9999.0 -9999.0 -9999.0 -9999.0 -9999.0 -9999.0 -9999.0 -0.0016913641405165354 0.0007373933523124022 0.002872232589776488 -0.3285868680096491 -0.4011810963650312 -4.601570420979983 -9999.0 -9999.0 -9999.0 0.0013046915137873672 0.0025281057203435553 0.0026855897258764158 0.008486954457116485 0.01525374223749222 0.0014241033478561793 -9999.0 0.0018831536167422498 0.0013373165937307012 -9999.0 -9999.0 -9999.0
-9999.0 -9999.0 -9999.0 -9999.0 -9999.0 -9999.0 -9999.0 -9999.0 -9999.0 -9999.0 -9999.0 -9999.0 -9999.0 -9999.0 -9999.0 -9999.0 -9999.0 -9999.0 -9999.0 -9999.0 -9999.0 -9999.0 0.007529596433691391 0.023466642162205613 0.00500967491767097 -0.0012030149200457395 -0.0772136270683183 -9999.0 0.001554279343219233 -9999.0 -9999.0 0.0009872284393189826 -0.0013787957588996596 -9999.0 -9999.0 -9999.0 -9999.0 -9999.0 -9999.0 0.005098305943602898 -0.0004991691979881183 -0.006571703338070291 -0.002750981132248017 -0.03577207855368759 0.4065888389806801 -9999.0 -9999.0 -9999.0 0.10349619758000017 0.0014022903373093704 0.0022656570352921337 0.044499863636631644 0.0057213751192537535 -9999.0 0.0005103854454318315 0.0004573464811040091 -9999.0 -9999.0 -9999.0 -9999.0
-9999.0 -9999.0 -9999.0 -9999.0 -9999.0 -9999.0 -0.006272048358609147 -0.0009425047940818513 -9999.0 -9999.0 -9999.0 -9999.0 -9999.0 -9999.0 -9999.0 -9999.0 -9999.0 -9999.0 -9999.0 -9999.0 -9999.0 -9999.0 -9999.0 -9999.0 0.04257328888337581 -0.005059248662237108 -0.0020640208426610457 -9999.0 -9999.0 -9999.0 -0.004377964052851322 0.003110948173315731 0.0016266191337604653 0.00031869367691748815 -10.952339674989718 20.998945530985544 2.645961629131875e-05 0.00033237936030338207 -9999.0 0.0003150074533650037 -1.1668381287432967 2.095446924944763e-05 -0.8166687146171631 -0.7468020460311683 3.3185040602761773 -0.4455011134510428 -9999.0 -0.00014261706623986612 0.16312334746636678 0.08058688600408383 0.00028190827656325395 0.0003387791779018396 0.011916053674393592 8.390407143868081e-06 0.0009379151473168403 -9999.0 -9999.0 -9999.0 -9999.0 -9999.0
