critload/trunk/output/2010/fnup_max_gw_ara.asc
ncols 720
nrows 360
xllcorner -180.0
yllcorner -90.0
cellsize 0.5
NODATA_value -9999.0
[rows 108 to 134 of 360, columns 122 to 182 of 720]
-9999.0 0.3706769346548793 -9999.0 -9999.0 -9999.0 -9999.0 -9999.0 9.219029933713456 -9999.0 0.12862272254348037 4.706706807182909 4.53535526715239 17.734016284864623 4.6028454122182785 4.579753767038374 -9999.0 4.186201719123885 4.185618930415166 -9999.0 -9999.0 -9999.0 -9999.0 -9999.0 3.5504939281511647 0.233923766396957 4.396150487031221 0.07352587976896587 -9999.0 4.5592675777919895 1.75228612049188 4.010026803927136 4.420203076491009 9.921235607541384 4.412433239007413 6.844100882261706 2.3573258903421546 2.3539029222117147 2.4412456688933717 2.994644831277592 5.233848708373919 2.6357441428225763 1.8793241915440133 1.6799297606892076 1.063534985722135 0.7943143206492854 0.621883083305847 0.7130625714689093 0.9144139811769539 2.350255223377015 3.3091813347278336 3.4435861286385037 7.545179570480915 2.8843444849004767 0.5630730438490922 3.514561729580952 1.1144407187806582 1.269312683146908 1.0312210628991436 0.4220866340558014 1.9620479963609796 3.223427089357206
-9999.0 -9999.0 -9999.0 -9999.0 -9999.0 -9999.0 -9999.0 -9999.0 9.077261161254578 0.23033616759416076 4.716233863943226 4.55485646920402 17.649747570843306 2.641826164367014 0.9238724759955741 0.36638139885842386 0.10539056067580838 -9999.0 -9999.0 4.17469597356882 -9999.0 -9999.0 3.4578826220449757 4.567915534293561 3.9414620882335 4.293118371128878 4.534373265301923 4.432514430895472 3.7826368758202933 -9999.0 3.965119335424601 4.4381179229628485 9.132329035499676 3.8908971150487024 4.100415732222353 4.768949856950887 2.9726961988839635 3.5427122962744075 3.958828858047981 5.597144947886052 2.599602219074494 4.611090221701973 1.1616340468915762 1.2316481374711878 0.9961840885908427 0.8029251556600967 0.8392685766459657 0.7750930157271989 0.9934403027642412 0.8011022107933388 1.340155019379827 2.792218421718823 3.479598963090679 3.3987894099038205 2.763363974301711 0.6817158308070519 1.4045477157428523 0.5727495301413651 3.1972351937865664 3.175917474475356 3.3036130683486484
-9999.0 0.28465565606358634 -9999.0 0.34548184861282005 0.2990249554208216 -9999.0 -9999.0 -9999.0 -9999.0 4.098653937813075 4.588729430278894 18.781350367632772 4.505234195956848 15.756661910036566 4.699248167367105 1.2765557491903243 -9999.0 0.44495544969019146 4.173694658090441 3.0857651213313644 -9999.0 4.435584360083847 -9999.0 -9999.0 -9999.0 4.454106156924165 4.548688519126061 -9999.0 -9999.0 4.526958933102728 4.3746375346501685 4.492009945515133 2.5496721847500305 3.187805090964224 3.8781527871178727 7.808539111220571 4.27608951475174 4.411583511267337 4.646460635475879 2.5062243078073188 4.117011403981262 4.42353864141304 1.536724496371436 0.6546945512633976 0.8464045500608618 0.7716411815121943 0.8761396772679497 1.6595223428815713 3.3324213624591454 1.6100997196811992 2.984611275129274 -9999.0 2.242170543276747 1.9043038276557156 1.9747671212853142 0.5639776580148105 1.966665761568964 1.1861909111854645 5.187239332518836 4.843417192732922 1.8529121943713587
-9999.0 0.28165886879375296 0.23398300494359928 0.41441340927535697 0.4985294586533466 -9999.0 -9999.0 -9999.0 -9999.0 4.165379203518759 4.154495449698772 4.688639491481875 4.6871293510269645 4.694708605851821 0.2869379829783293 0.7419239653115424 4.5647928021596185 4.134254437185045 1.1577123521126094 1.3084699405404492 -9999.0 4.185269931165408 4.3254390406065255 -9999.0 0.24442324412509137 4.482425453975644 4.525585955236126 -9999.0 -9999.0 0.30578072569948545 3.2887190949530885 4.186863886519901 2.0129709166086998 2.0624399976499843 1.7963548960009788 3.4870178738699646 2.5834665762019986 3.363551669141331 4.451236340625745 4.342175159097496 1.6920210033909477 1.06900152922419 0.7142618729951238 0.8894485900497789 1.4519691214213206 0.698317345254957 1.3170465592641525 2.925109711153081 0.994518255295731 3.2886180166988788 3.5194384718020655 0.6776916360331912 3.2198717971765096 3.4793322993884606 0.7502361332520365 1.3275440392770586 1.961614638827228 1.5868005713729634 5.127659471522398 4.829672372565502 4.9834131677499895
-9999.0 0.41806769289191553 3.0643822103195406 6.5516833148653735 -9999.0 -9999.0 -9999.0 -9999.0 -9999.0 4.2074432578419705 4.181449966957231 4.454541486834125 4.329474279949912 2.714529031081504 17.279920752236603 0.5291841283182056 0.7719554951019856 4.653816162602232 0.9469217546139315 0.8698699985030159 -9999.0 -9999.0 -9999.0 -9999.0 -9999.0 -9999.0 2.120416374684854 4.508107062642657 -9999.0 -9999.0 2.1062124159047437 4.661328830072428 5.103938476706759 2.1865467112778525 1.8906505920770842 3.5573000460961404 9.491949992731971 7.586953378735459 3.128789932655261 3.5681873528469152 1.3785162411669878 0.9650783241215608 0.5418634885076367 0.9374339635949726 1.1179398147796031 0.966095200255389 0.9408673957388487 1.075808351958398 1.1569142803263923 0.3878623829521243 2.2990043465523025 2.9274711933407933 -9999.0 3.740539160390327 3.7409232706315074 0.5191795247138798 1.7517097501379235 1.4853410926441932 5.3009192379041625 5.163403274047177 2.6689185108742346
-9999.0 -9999.0 0.19853096183479763 -9999.0 -9999.0 -9999.0 4.6978435421544065 -9999.0 -9999.0 -9999.0 4.131667937450285 4.197281201521732 4.198287246923621 4.421643462602241 4.257613310433063 1.2175876628776634 15.7506287307649 18.743593685719013 1.2232868388246607 0.949279081490515 0.2803374246743597 0.4736117999525278 2.0409076933705776 -9999.0 -9999.0 -9999.0 -9999.0 4.4507293586995305 0.0010984045427687343 -9999.0 4.119436073887497 4.170239078293647 7.555010338882871 2.9767401862595 4.866831896089019 1.708803812593459 2.2016683821361847 2.1838489027258716 2.7366828601599966 4.396751180540861 2.379676508804938 -9999.0 0.5091269985251516 1.116628866753798 0.46012349006834147 0.5964162570794651 1.401312046319553 3.2578378032582207 3.0467162622160258 1.3716222653254462 1.4923470367387048 2.9378008298573812 2.8384581487331015 -9999.0 1.4009532335411863 0.4429732067082138 0.8744764345796521 3.9826402921917015 5.214680805234555 5.036678941197801 3.2975455476265005
-9999.0 -9999.0 -9999.0 -9999.0 -9999.0 -9999.0 -9999.0 4.5587768090320395 4.561925567101204 4.272545211961979 4.271950000843366 4.190323026137878 4.2702145423688265 4.284875314091151 4.736938766229374 2.402092292431932 13.272546212356161 4.733345621684125 2.431373643618916 0.5984086178473924 4.441148694810125 -9999.0 -9999.0 -9999.0 -9999.0 -9999.0 0.12563740225514736 4.514014421296776 -9999.0 -9999.0 3.5139032087769935 4.155721699421004 8.37902180182975 9.14303539932389 4.6420489456533245 10.672331662041737 2.0768615789728164 3.4991153494761025 2.0282633202407068 3.666984635336069 1.2895887500891265 0.973332248790312 0.5500534015146709 1.5637688189052752 0.5353895274298622 1.3571073512225253 3.148984424278455 3.21517709706838 2.970213265146548 0.6376132735389254 0.6513495803022302 2.590418423783236 2.64848320465262 1.1024104182045018 0.648097579970758 0.29889566885350066 0.7067444645724572 5.376900488519738 5.414240902248603 1.5070430458979462 5.506276141393238
-9999.0 -9999.0 -9999.0 4.852584485904504 5.76935692784596 1.5493612755485862 0.01097305160183987 7.9283779880053995 7.135982448825073 -9999.0 -9999.0 -9999.0 -9999.0 4.701412230229426 4.416853538899814 1.8224080800093736 6.923196368058683 18.67000101108605 4.327700874444096 4.205096862372427 -9999.0 -9999.0 -9999.0 -9999.0 -9999.0 -9999.0 -9999.0 -9999.0 -9999.0 -9999.0 -9999.0 0.10548756946446634 0.8260370796738297 1.2433272643163384 2.6063635583594675 3.5274484582268255 2.034587396294112 1.7414800067845495 2.23846828198038 3.1297534646648786 3.5349977645326445 2.80628101008221 2.088035028721841 3.6536646352373037 0.5439999637241981 1.5583261323194364 3.121824604963525 2.3756983743643736 2.5463049362199226 2.977442204844202 1.393697351134552 0.5512946102868805 0.6137778433940468 0.7847589111251253 0.6258836165467159 0.26893584456251174 4.755457601602873 4.721873550952225 4.064198880696347 3.841037310648187 3.564120349464528
-9999.0 -9999.0 -9999.0 -9999.0 5.610876703038014 6.256399681434792 0.05167191853825331 -9999.0 6.509369030750607 -9999.0 -9999.0 -9999.0 6.655403645087122 4.19824757472674 17.796498652895576 18.385363420016887 18.198889762818133 7.044796630263139 4.222283300474309 4.737868084789808 -9999.0 -9999.0 0.5583562716237813 0.060892738631157566 1.1845613932014853 4.361124504564725 4.57904384035641 4.645056499496717 0.10920827043196164 -9999.0 4.432932872047884 0.13816681752999577 0.04401171133278869 1.9935822796487568 8.788221070521658 10.368070474984783 3.053164726300547 4.086984673463022 5.1278099862508535 3.248884029879373 3.705555548795346 1.3240244850183687 1.134642625741046 0.5743382046723503 0.7072616085096634 1.6945741307580628 2.897974151703261 2.9430353195027643 2.775539817106331 2.5901142669455783 0.034127986020303785 1.0020131861994765 0.4120905230652832 0.4396279477268652 0.21132387891854174 1.1207500521782225 4.095152181037897 4.124747877778048 4.682575387177186 4.928162518009967 3.5109637294124525
-9999.0 -9999.0 -9999.0 -9999.0 -9999.0 2.8043293748058913 0.8185999582735178 -9999.0 -9999.0 -9999.0 -9999.0 -9999.0 -9999.0 6.669509985622614 6.401287554176341 12.10406499895362 4.322085169556004 1.782455403725047 1.9747638633677187 6.523098846355371 7.092946273069198 0.7360772789428205 6.8021359384903395 7.056183130360064 6.229288742106423 6.521034923158731 4.240389758283914 0.022900990971430845 0.36819065739964246 4.562916039091916 2.2154432896097145 1.1308809958469725 0.2588830649528349 2.058062930176484 9.623584616417295 2.5971548363241945 8.889792249577166 3.483995958061233 3.1274153369812674 2.5650777040269603 2.2805683149285336 1.0329671078634994 1.1392045749495003 0.581892342855551 1.3430803595296104 1.2160849548669694 2.874555526817819 3.072926914791412 1.8595276562141938 -9999.0 -9999.0 -9999.0 1.6923491512405138 0.43756021084663166 0.17674467469190216 0.9965203267679921 3.2178770846932663 4.454884000021118 4.480875327179033 4.8842382036407015 11.513956832606668
-9999.0 -9999.0 -9999.0 -9999.0 -9999.0 5.89687164297868 6.759413812277778 -9999.0 -9999.0 -9999.0 -9999.0 6.358300987341981 6.970165758264963 1.6286683705674119 0.5937011142666073 0.18033147650275502 0.4454041904988001 0.10445337391411512 0.22741203816975045 6.558434641608272 6.38943007830295 6.835115847342901 6.789089790529103 6.520626013773302 0.19166968003953086 6.251016449906773 6.897494892990064 6.586702848885093 4.526463002625624 0.0977761110709217 5.812524544147669 1.5415903217203897 0.6619206954325875 4.8690655750520255 12.291887158974772 2.5490820422365386 7.378107256497864 7.994397587208987 1.5474230553903894 2.6863361807873125 2.4311616890567067 0.6634355653425514 1.6330839266272423 0.5640794750626037 1.0893335445227217 1.0550159150363687 2.7797267610955516 0.6987768094799781 3.1917550314860965 2.603489537332591 3.184563107586316 3.6489602442888285 3.356887344588343 0.6402930527096783 0.2917937733738576 0.6551195169013919 3.7258529787812056 1.4594009612826138 5.439372997064076 4.628822326628923 5.958791375054725
-9999.0 -9999.0 -9999.0 -9999.0 -9999.0 -9999.0 6.288750394084396 6.166146991043535 -9999.0 -9999.0 -9999.0 -9999.0 -9999.0 6.734975672579899 0.1936800145480271 1.014784575345317 6.420452795517016 6.1580478321358365 6.516271992660931 0.026066952733072885 0.29332666985201983 1.9041382645535465 1.7158758994756311 7.085720173739427 7.108107886678364 6.1604852090302975 -9999.0 -9999.0 6.214386557395972 0.00308044343679679 0.015680436658701932 0.016691239254622684 3.2377837414828696 0.002455862054785598 3.3102532322182525 12.02687001849871 6.2936199016659975 1.9569886489166386 2.194572289341373 1.6828783050251284 1.9737611706479383 0.9624466295321829 0.4201030151235044 1.453377209500076 0.9756252396559792 0.883494131939183 0.7242787118423283 1.028921182699562 0.4134528838479505 3.3938635783588595 3.4300108211866953 0.6970864568520045 0.3966144222812318 0.41007928278957234 0.8518997816382518 0.30318212146368917 5.520659506380493 1.099919136993589 0.14297672071289028 0.6201062905988971 1.2283405238429457
-9999.0 -9999.0 -9999.0 -9999.0 -9999.0 -9999.0 -9999.0 -9999.0 -9999.0 -9999.0 -9999.0 -9999.0 -9999.0 -9999.0 -9999.0 0.02431807073021936 12.259013661126849 0.8550004301681027 0.44221086572215595 8.721172639405092 2.925462443691022 7.091339807510524 0.6489354548343151 6.466442481258529 0.0984785546376578 -9999.0 -9999.0 -9999.0 0.9151150624701267 1.0576169649408984 4.488373537438566 -9999.0 -9999.0 -9999.0 5.764064982316372 -9999.0 7.672055662029125 15.767040828151348 0.9872113981569539 2.0701551931464435 1.4586294021757598 1.4544190437876667 0.6041750677164509 0.8518814853732162 1.0819810755063752 0.9580555959200321 0.7927067429591963 0.5673700323910016 0.6001354842211198 0.6169900371432592 -9999.0 0.68676307273534 0.7325393981692725 0.6690310716063818 -9999.0 -9999.0 -9999.0 -9999.0 -9999.0 -9999.0 -9999.0
-9999.0 -9999.0 -9999.0 -9999.0 -9999.0 -9999.0 -9999.0 -9999.0 -9999.0 -9999.0 -9999.0 -9999.0 -9999.0 -9999.0 4.046274008320538 6.727179331260317 6.829999439717288 6.608121226430633 0.16106198532486532 12.47785001892984 4.492066868950907 3.08220854350064 0.6861558702349713 0.7351241062328505 -9999.0 6.385288760888793 -9999.0 5.956465902394717 5.9072208527334125 0.1395469459337901 0.0015632592908335846 -9999.0 -9999.0 0.05303234824647988 -9999.0 5.47157721936669 1.5274591917540445 1.941376380899876 2.7020141169115215 0.48828283023690094 2.328925619417323 3.0840285358978865 0.8153905252934349 1.595700767269747 1.2174853217905974 0.47744725770834745 0.35241535027839394 0.4314651357435684 0.8271785310664687 -9999.0 -9999.0 -9999.0 -9999.0 -9999.0 -9999.0 -9999.0 -9999.0 -9999.0 -9999.0 -9999.0 -9999.0
-9999.0 -9999.0 -9999.0 -9999.0 -9999.0 -9999.0 -9999.0 -9999.0 -9999.0 -9999.0 -9999.0 -9999.0 -9999.0 -9999.0 7.716979596919918 7.329750879931089 6.542117317770447 12.850997460030223 8.637275657974824 0.16095057055324455 1.6299496934471922 2.251472199002686 1.5314799293691062 2.5407340605781643 11.964659528245956 6.326365447155611 6.387644269853396 6.165864028028785 6.126632221677062 -9999.0 5.964920425864492 -9999.0 -9999.0 -9999.0 5.414279872679766 1.2615206170617632 0.09380209110829729 0.33099144520993606 2.6635609095300965 2.8336425202817157 1.990546419522421 0.8087104152388983 2.321739712071608 1.1242968791668975 0.45281459165517196 0.3862346222413908 0.40251301646644894 0.7805557154012239 -9999.0 -9999.0 -9999.0 -9999.0 -9999.0 -9999.0 -9999.0 -9999.0 -9999.0 -9999.0 -9999.0 -9999.0 -9999.0
-9999.0 -9999.0 -9999.0 -9999.0 -9999.0 -9999.0 -9999.0 -9999.0 -9999.0 6.2433969423619935 -9999.0 -9999.0 -9999.0 -9999.0 6.688851831863694 6.83665369054983 6.9092727449423945 0.027295924424971817 8.435704456997865 2.4909603758154173 1.6858692529394552 2.2893337869455768 0.28574724390680545 1.4815851804645415 1.6767796711598613 6.011995943272391 6.565475680894398 0.5357354105009922 -9999.0 -9999.0 -9999.0 -9999.0 -9999.0 -9999.0 5.441759929412218 5.434720905384367 0.0684656837771423 0.030462486783024663 3.151980765624526 1.9887623703408936 11.905528978639072 1.8242561918635596 3.0652538822925015 0.5732669916471597 0.5028295614105754 0.8365915812375205 -9999.0 -9999.0 -9999.0 -9999.0 -9999.0 -9999.0 -9999.0 -9999.0 -9999.0 -9999.0 -9999.0 -9999.0 -9999.0 -9999.0 -9999.0
-9999.0 -9999.0 -9999.0 -9999.0 -9999.0 -9999.0 -9999.0 -9999.0 -9999.0 -9999.0 6.895078794889803 -9999.0 -9999.0 -9999.0 -9999.0 -9999.0 0.0756457033552723 0.3705619227386395 4.188037379160702 1.6199404553572763 0.7899443038141521 1.5292730585417704 0.40577813529012385 0.35411723410067664 6.840160249025826 0.7875905117256065 6.057994236242278 0.5650687581279094 6.309424523032469 -9999.0 -9999.0 -9999.0 -9999.0 -9999.0 0.3024303921058152 0.24697632466699468 5.0965616736562716 0.03496038484324707 0.0014035004938915707 0.08541371634892102 2.2946824163171025 2.266779525229357 0.13300724093640082 0.22386134675886019 -9999.0 -9999.0 -9999.0 -9999.0 -9999.0 -9999.0 -9999.0 -9999.0 -9999.0 -9999.0 -9999.0 -9999.0 -9999.0 -9999.0 -9999.0 -9999.0 -9999.0
-9999.0 -9999.0 -9999.0 -9999.0 -9999.0 -9999.0 -9999.0 -9999.0 -9999.0 -9999.0 -9999.0 0.12564001826371773 -9999.0 0.016499075553188136 -9999.0 -9999.0 -9999.0 4.384153433013375 3.2583277420822196 1.9998413271057431 0.15008146618284768 1.3256484032731655 7.016125063326988 0.6299554368793155 0.6860493743727909 0.18264579203308998 0.07179262550975626 6.2128246528923174 1.0258896919033356 -9999.0 -9999.0 -9999.0 -9999.0 5.563572678244168 0.6556117994072638 0.17437308954365807 0.5389867109478326 0.42983509356773486 0.11034549684464846 -9999.0 3.2757895057790214 4.429533703611957 12.068178260259245 0.44448329559889815 -9999.0 -9999.0 -9999.0 -9999.0 -9999.0 -9999.0 -9999.0 -9999.0 -9999.0 -9999.0 -9999.0 -9999.0 -9999.0 -9999.0 -9999.0 -9999.0 -9999.0
-9999.0 -9999.0 -9999.0 -9999.0 -9999.0 -9999.0 -9999.0 -9999.0 -9999.0 -9999.0 -9999.0 -9999.0 -9999.0 6.952256509464063 7.110919578182573 -9999.0 -9999.0 -9999.0 11.838214400258947 3.4375630303569427 0.6676022218912637 0.11865491076420324 2.36435086075893 6.513754412817427 0.6867053502205696 0.48550690759124865 0.49111286587469166 0.8422096520469914 -9999.0 0.41176963750684065 5.829887445879609 -9999.0 5.7309290720660035 0.07223156565152568 0.07597525356670091 0.6651060942065927 0.09813009217757561 0.10857341152548278 -9999.0 -9999.0 10.676494354033522 8.5227718699244 14.657247580840856 6.376429542412981 -9999.0 -9999.0 -9999.0 -9999.0 -9999.0 -9999.0 -9999.0 -9999.0 -9999.0 -9999.0 -9999.0 -9999.0 -9999.0 -9999.0 -9999.0 -9999.0 -9999.0
-9999.0 -9999.0 -9999.0 -9999.0 -9999.0 -9999.0 -9999.0 -9999.0 -9999.0 -9999.0 -9999.0 -9999.0 -9999.0 -9999.0 -9999.0 -9999.0 -9999.0 -9999.0 -9999.0 11.450714127220149 2.1884554185578313 0.4840176161223159 2.1825646359117283 6.431599231674369 6.119355917245126 3.296002419546442 1.3731692524698658 0.017885780234796495 5.908114485313361 6.01334209730803 5.900497822040667 0.5774112051210141 5.6770407751217755 -9999.0 -9999.0 5.310752814115244 5.20619561415245 0.34022180385215534 0.3187235956715404 -9999.0 -9999.0 1.830968976213823 1.5537223950617862 5.539271371619175 -9999.0 -9999.0 -9999.0 -9999.0 -9999.0 -9999.0 -9999.0 -9999.0 -9999.0 -9999.0 -9999.0 -9999.0 -9999.0 -9999.0 -9999.0 -9999.0 -9999.0
-9999.0 -9999.0 -9999.0 -9999.0 -9999.0 -9999.0 -9999.0 -9999.0 -9999.0 -9999.0 -9999.0 -9999.0 -9999.0 6.624462394737192 -9999.0 -9999.0 -9999.0 -9999.0 -9999.0 11.934256990308262 11.965552964626337 1.8380315292401475 0.6194784792029728 2.6722058689396864 6.095989640550869 -9999.0 0.5146892066516763 0.4919504555589296 4.701285702893928 5.676774769101162 1.2819270288222295 3.1759450004499943 2.2618253286477286 0.7627321286554496 5.530039761804722 5.554077087523349 0.11357276179839677 0.24175839470534183 0.3067254375968277 -9999.0 -9999.0 1.1869081880073868 1.4568136550997524 0.9777687279875266 -9999.0 -9999.0 -9999.0 -9999.0 -9999.0 -9999.0 -9999.0 -9999.0 -9999.0 -9999.0 -9999.0 -9999.0 -9999.0 -9999.0 -9999.0 -9999.0 -9999.0
-9999.0 -9999.0 -9999.0 -9999.0 -9999.0 -9999.0 -9999.0 -9999.0 -9999.0 -9999.0 -9999.0 -9999.0 -9999.0 -9999.0 7.279236049928356 6.833587951824381 -9999.0 -9999.0 -9999.0 -9999.0 1.9108821111206273 0.6146285525370917 0.4722598108423493 0.2640643423849952 1.4807524343963718 -9999.0 0.641767156885988 0.501644411814091 0.31010113336827344 0.1199134093288054 5.349674111636716 5.464875510018964 5.595930645974038 0.6768420372373204 5.532436746749801 0.7307872186370853 1.6338802356094915 0.3706040110032238 0.5309477676823164 0.4146552643839532 -9999.0 -9999.0 -9999.0 0.573683339061501 -9999.0 -9999.0 -9999.0 -9999.0 -9999.0 -9999.0 -9999.0 -9999.0 -9999.0 -9999.0 -9999.0 -9999.0 -9999.0 -9999.0 -9999.0 -9999.0 -9999.0
-9999.0 -9999.0 -9999.0 -9999.0 -9999.0 -9999.0 -9999.0 -9999.0 -9999.0 -9999.0 -9999.0 -9999.0 -9999.0 -9999.0 6.990348087419333 -9999.0 -9999.0 -9999.0 -9999.0 -9999.0 -9999.0 0.5680726540350618 -9999.0 0.5332997814995134 0.5621157546813803 4.497979961536189 0.34629765461720113 0.6985506012610928 0.8086684267549948 0.42587377431045237 0.43511022431446555 5.605380928383288 0.15019549727866072 -9999.0 5.409516834555803 0.04612127828776444 0.5151253491396924 0.5613072242355694 0.25653998416797036 0.21652682183567046 0.47983140444408706 -9999.0 -9999.0 -9999.0 -9999.0 -9999.0 -9999.0 -9999.0 -9999.0 -9999.0 -9999.0 -9999.0 -9999.0 -9999.0 -9999.0 -9999.0 -9999.0 -9999.0 -9999.0 -9999.0 -9999.0
-9999.0 -9999.0 -9999.0 -9999.0 -9999.0 -9999.0 -9999.0 -9999.0 -9999.0 -9999.0 -9999.0 -9999.0 -9999.0 -9999.0 -9999.0 -9999.0 -9999.0 0.2682658227851956 -9999.0 -9999.0 -9999.0 -9999.0 -9999.0 -9999.0 0.21400407089798995 5.400395461364562 5.123683390296042 -9999.0 0.5653100819365534 0.4792113922407405 0.6192560494531834 0.5087811948697243 5.284920839131033 5.235437573368731 5.995216020849986 5.9940132581321794 0.9415560901608075 0.24324905853780357 0.3420192269033687 0.19065246222527593 -9999.0 -9999.0 -9999.0 -9999.0 -9999.0 -9999.0 -9999.0 -9999.0 -9999.0 -9999.0 -9999.0 -9999.0 -9999.0 -9999.0 -9999.0 -9999.0 -9999.0 -9999.0 -9999.0 -9999.0 -9999.0
-9999.0 -9999.0 -9999.0 -9999.0 -9999.0 -9999.0 -9999.0 -9999.0 -9999.0 -9999.0 -9999.0 -9999.0 -9999.0 -9999.0 -9999.0 -9999.0 -9999.0 6.817552516795469 0.012657459036757215 -9999.0 -9999.0 -9999.0 -9999.0 -9999.0 0.6196165288663658 0.5194775863967351 5.5282511920542055 5.003419601340408 0.866366929174053 0.34109766515329315 4.982854302706421 0.34832372231411507 0.257598444003371 5.343406463803346 4.3606318017985135 5.131767685879419 0.943954723583205 0.09026008863159196 0.8531628856523416 0.35022741327385165 -9999.0 -9999.0 -9999.0 -9999.0 -9999.0 -9999.0 -9999.0 -9999.0 -9999.0 -9999.0 -9999.0 -9999.0 -9999.0 -9999.0 -9999.0 -9999.0 -9999.0 -9999.0 -9999.0 -9999.0 -9999.0
-9999.0 -9999.0 -9999.0 -9999.0 -9999.0 -9999.0 -9999.0 -9999.0 -9999.0 -9999.0 -9999.0 -9999.0 -9999.0 -9999.0 -9999.0 -9999.0 -9999.0 6.4796924535567255 0.13156451384662818 3.4475114753424263 -9999.0 -9999.0 -9999.0 -9999.0 0.5513026646166838 1.0300190416051018 5.9023184791307095 5.838864997344385 5.389125678080548 5.130530714904899 10.468864926273048 0.7501712010762515 5.789249958094966 5.663830957446368 4.399314713673543 0.05227495403574589 0.08836983594923324 0.035976155166709205 0.9245416546256224 0.3525729591841627 0.35677658337684687 0.43499435496894845 0.06196716212597843 -9999.0 -9999.0 -9999.0 -9999.0 -9999.0 -9999.0 -9999.0 -9999.0 -9999.0 -9999.0 -9999.0 -9999.0 -9999.0 -9999.0 -9999.0 -9999.0 -9999.0 -9999.0
-9999.0 -9999.0 -9999.0 -9999.0 -9999.0 -9999.0 -9999.0 -9999.0 -9999.0 -9999.0 -9999.0 -9999.0 -9999.0 -9999.0 -9999.0 -9999.0 -9999.0 -9999.0 0.1726741849340703 -9999.0 -9999.0 -9999.0 -9999.0 -9999.0 -9999.0 -9999.0 -9999.0 0.3603015759503098 5.825577886842792 0.48057578096923376 5.192642469765868 0.6907770429718635 5.693359775030325 5.699495831776578 4.494519545713189 1.302533339799123 5.351189237610234 9.900213505798723 0.8919793553884312 0.13476344498536005 0.1583046609490434 0.003559049791149381 0.09166863658635903 -9999.0 -9999.0 -9999.0 -9999.0 -9999.0 -9999.0 -9999.0 -9999.0 -9999.0 -9999.0 -9999.0 -9999.0 -9999.0 -9999.0 -9999.0 -9999.0 -9999.0 -9999.0
