critload/trunk/output/2010/fnup_corr_sw.asc
ncols 720
nrows 360
xllcorner -180.0
yllcorner -90.0
cellsize 0.5
NODATA_value -9999.0
[rows 81 to 107 of 360, columns 180 to 239 of 720]
-9999.0 -9999.0 0.004291154508971437 -9999.0 -9999.0 -9999.0 -9999.0 -9999.0 8.12443521488171e-05 -9999.0 -9999.0 -9999.0 -9999.0 -9999.0 0.0046386998723866625 0.0027660281505939143 8.920235570523041e-05 0.005565056051680722 0.0022471632708657577 -9999.0 -9999.0 -9999.0 -9999.0 -9999.0 -9999.0 -9999.0 -9999.0 -9999.0 -9999.0 -9999.0 -9999.0 -9999.0 -9999.0 -9999.0 -9999.0 -9999.0 -9999.0 -9999.0 -9999.0 -9999.0 -9999.0 0.0035964142147401693 0.007852900101639929 0.0005608610557217319 -9999.0 -9999.0 0.0006099302785458395 -9999.0 -9999.0 -9999.0 -9999.0 -9999.0 -9999.0 -9999.0 -9999.0 -9999.0 -9999.0 -9999.0 -9999.0 -9999.0
0.002597220422725108 0.0077067942926334005 0.013788568782525766 0.002902788355524703 -9999.0 -9999.0 -9999.0 -9999.0 -9999.0 -9999.0 -9999.0 -9999.0 0.0013915827159973486 -9999.0 -9999.0 -9999.0 -9999.0 0.002164644514295575 0.020352915243596035 0.01136177577647807 0.0012121019681148272 0.1039940336351324 0.009242007089696753 0.019359030288519846 0.0032191368606682793 -9999.0 -9999.0 -9999.0 -9999.0 -9999.0 -9999.0 -9999.0 -9999.0 -9999.0 0.039154118560935126 0.12433762289307353 0.055043368696406546 0.029529866091442987 -9999.0 -9999.0 0.012145192826862264 0.00160605482534003 2.4970941883888358e-05 0.17713036079826733 0.16413734485742804 0.0036508122317616704 -9999.0 6.016299220234167e-05 0.014531261508023795 0.005318795589933364 0.0029418434868085605 0.0003900653275317586 -9999.0 -9999.0 -9999.0 -9999.0 -9999.0 -9999.0 -9999.0 -9999.0
0.0471944929665334 0.5605775011409002 -9999.0 -9999.0 -9999.0 -9999.0 -9999.0 -9999.0 -9999.0 -9999.0 0.002600426709134562 -9999.0 -9999.0 -9999.0 -9999.0 -9999.0 -9999.0 0.007584994833301904 0.00010407239691640282 0.008469998207002206 -9999.0 0.03296685427607853 0.01807960167194264 0.02447699318532672 0.020702917730835723 0.004316060334084134 -9999.0 -9999.0 -9999.0 -9999.0 -9999.0 -9999.0 -9999.0 -9999.0 -9999.0 0.00627408314310083 0.038922519725384054 0.042662877112733165 0.025281658108489917 -9999.0 0.0021056417498865024 0.21467322585650073 0.010284168256802777 0.012216282183703879 0.003351961606917046 0.011078440950311002 5.365784953509727e-05 0.006403396017408145 0.007980204223868676 0.006758659847521661 0.0011608334115357879 0.022983766470972916 -9999.0 -9999.0 -9999.0 -9999.0 -9999.0 -9999.0 -9999.0 -9999.0
-9999.0 -9999.0 -9999.0 -9999.0 -9999.0 -9999.0 -9999.0 -9999.0 -9999.0 -9999.0 0.0014418686494670787 -9999.0 -9999.0 -9999.0 -9999.0 -9999.0 -9999.0 -9999.0 -9999.0 0.006311012169931524 0.3000236975397195 0.04699519847871844 0.0019694194681569074 0.00153924713525111 -9999.0 -9999.0 -9999.0 -9999.0 -9999.0 -9999.0 -9999.0 8.992818862099568e-05 -9999.0 0.00011696964565892404 0.000600481716720943 9.521676443666375e-05 0.0012519220023739005 -9999.0 -9999.0 0.011769014715003143 0.033336271385982684 0.05435516946743164 0.014657236349761607 -9999.0 -9999.0 0.013256664175790881 0.0032890289708611764 0.005575181558698092 0.011922756222689313 0.012988418112460594 0.1476368736743634 -9999.0 -9999.0 -9999.0 -9999.0 -9999.0 -9999.0 -9999.0 -9999.0 -9999.0
-9999.0 -9999.0 -9999.0 -9999.0 -9999.0 -9999.0 -9999.0 -9999.0 -9999.0 -9999.0 -9999.0 -9999.0 -9999.0 -9999.0 -9999.0 -9999.0 -9999.0 -9999.0 -9999.0 0.0001405495500594591 0.008471124984394047 0.08977717023473236 0.0016349703297853218 -9999.0 -9999.0 -9999.0 -9999.0 -9999.0 -9999.0 -9999.0 -9999.0 8.746451012634216e-05 0.004038113955827771 0.003924283167645748 0.0012272346435196466 -9999.0 -9999.0 -9999.0 0.01174216390404742 0.03268004969654866 0.025642251797268777 0.01249267413528379 0.0031561450067146483 0.06122575215951661 0.037720351519931035 0.003325784600872412 0.0005046145857000224 0.00232528289961874 0.0028802484123197393 0.010391881862741467 0.004208145882606572 -9999.0 -9999.0 -9999.0 -9999.0 -9999.0 0.001341771634262598 -9999.0 -9999.0 -9999.0
0.017358996722363577 -9999.0 -9999.0 -9999.0 0.016778581323776492 -9999.0 -9999.0 -9999.0 -9999.0 -9999.0 -0.0013138297564362841 0.016910503607577898 -9999.0 -9999.0 -9999.0 -9999.0 -9999.0 0.10050642861748224 0.15465636885918496 0.001132647313248691 -9999.0 0.0003457058561102358 -9999.0 -9999.0 -9999.0 -9999.0 -9999.0 0.0004188670181903044 0.010072417468681406 0.01566688507993266 0.0009677070449425124 -9999.0 0.007559685638121611 0.00472198350448197 0.05959404620563711 0.14287165688316056 0.13888129618495196 0.2791523450806148 0.10396921752881583 0.008149973739555883 0.006474101976526485 -9999.0 -9999.0 0.07591458070849445 0.12250758712510428 0.0037447979299673195 -9999.0 0.0013836617079502384 0.0007384535743117274 0.0016358331279802871 0.0813220442467096 0.026808657302705787 0.007921206355935007 -9999.0 -9999.0 -9999.0 -9999.0 1.3591764475021407e-05 0.0015013271510371502 0.0010581778229993876
0.022613622980469344 0.01731355082874497 0.019195934257754343 0.0013583708316866924 0.003937125507333481 -9999.0 -9999.0 0.004634027248954358 -9999.0 0.008888837913532507 0.010668913052900162 -0.13037309726899063 -0.04477817373187826 -0.010861730377293615 -0.08132568741313817 0.03296044842282626 0.027528136779638078 0.053055599923779076 0.07554685225018012 0.025590408459697067 0.012251081657778627 0.028083209213482008 0.002056297567370949 -9999.0 0.00012301483239914683 0.0001188050611870607 -9999.0 0.0014577590106753778 0.014627321048138024 0.005467398837613406 0.011266164578511812 0.0014652236049017828 0.059184734190338754 0.3184069041130554 0.43874198305047263 0.2577037871872762 0.11115723515884927 0.08131936237627643 0.08766871373534572 0.0030191129335992713 -9999.0 0.0019653242451996675 -9999.0 8.346474114549099e-05 0.12655366843518198 0.013253398965994164 0.003715831474392281 0.0004076957944415733 0.0020386160786946632 0.008015131962192426 0.46315277504621294 0.13652058812519008 0.03172506063275675 0.05053381901173942 0.06295869844152852 0.017739872702840002 -9999.0 0.003260397648249009 0.0008356250898170228 0.16785172492292857
0.07448863518141463 0.2603796892455926 -9999.0 0.01579786439587041 0.02296613725850816 0.15679871092667286 -9999.0 -9999.0 -9999.0 -9999.0 -0.01835780451064275 -9999.0 -9999.0 -9999.0 -9999.0 -9999.0 -9999.0 -9999.0 -0.002471486006381204 0.01101020058820678 0.011044007766516368 0.009643688789784359 -9999.0 -9999.0 -9999.0 0.1975880501334757 0.2797822393868303 0.0769339448460263 0.08957810706484184 0.14848468366346004 0.08139722671163237 -2.980529870247453 -0.10419100669435465 0.4293619264411965 3.453052045956644 0.239970307020449 0.07075196646371225 0.019717661136866158 0.019866598917959125 0.0010544660697880657 0.0005039467665429358 -9999.0 -9999.0 0.0009032016051983572 0.0005890545348839041 0.0022196537278274847 0.24008579812006905 0.03033226390470789 0.02113296662467715 0.023941091584018963 0.010181048978523708 0.02436053916371114 0.012913041998634488 0.012602930345410953 0.01934101951219834 0.017810687334157218 0.12378042304515492 0.00986008898096207 0.0069654274198372385 0.005413994696969789
-0.46485950438752033 -0.90951219271888 0.01685432334517831 0.10089538459202924 0.05048945385855218 -9999.0 -9999.0 -9999.0 -9999.0 -0.038449086665065316 -0.5547969406149801 -0.15228181253751583 -0.019127591922382333 -9999.0 -9999.0 -9999.0 -9999.0 -0.014555851770657654 -9999.0 -0.0027940556396110977 0.012747270417509476 0.02811100868255254 0.002155042773054935 3.216786381940629e-05 0.0016813937836058102 0.0024910155777078803 0.06575836909675116 1.7194478763886292 -0.16224403128003623 0.1800780772561392 0.8335412858500635 1.0155776581817566 -0.3355130967162929 -0.9609160673687086 0.20864601649679723 0.06174219240776743 0.13190146126757035 -9999.0 0.0007303433219222843 -9999.0 -9999.0 0.004155699894033717 -9999.0 -9999.0 0.0005421392758051401 0.001751945207171557 0.0034521369233752406 0.0020106194890787015 0.07296783639354022 0.0007850764595555174 0.03795592702902664 0.028203734017818078 0.014974275379348593 0.049677939891201235 0.011207676484941635 0.005457080592094487 0.004130980453892448 0.0030534301282124938 -9999.0 -9999.0
-0.11733077228600887 -0.3818728403120583 -0.12706388581929526 -0.10925385196498895 -0.05482769729782189 -9999.0 -9999.0 -9999.0 0.49637378038435953 -0.14229709158068582 -9999.0 -0.11101651643613263 -0.04810132147748231 -9999.0 -9999.0 -9999.0 -9999.0 -0.32662789310596596 1.8693381116449361 -0.00433402208995002 0.31531342534105133 0.12144182864012669 0.12742704212892128 0.025306299696272332 0.01780545407763071 0.06633199790629253 0.035710524192707135 0.38875559648025576 0.2864080869880972 0.38085626256136307 0.03034121204076772 0.09815921105081839 0.07231824334615608 4.590604749855568 -0.005787990573841506 0.0014872145558496152 -9999.0 -9999.0 -9999.0 -9999.0 0.006730860513792038 0.014171366385864506 0.01931165093028585 -9999.0 -9999.0 0.0010053534441608275 -9999.0 -9999.0 0.08649315808495867 0.017009463613658817 0.014963936698002476 0.0118157191789351 0.17813469826082437 0.006141606592685307 0.0004150013400707226 0.016118975990975597 -9999.0 -9999.0 -9999.0 -9999.0
-0.0895720435397752 -1.068380683502545 -0.305325670398317 -0.037726292528058016 -0.4179319035164921 -9999.0 -9999.0 0.12610618872733917 0.024883602231434106 -0.3069930713843192 -0.01118761714893919 -0.12696614336130996 -0.09082807893570244 -9999.0 -9999.0 -9999.0 -0.008389507652198806 1.073561250368246 0.7140076759714474 1.5257613413495528 -0.2683486990074937 -0.24762744762656325 6.8263007982919195 1.4527402630898993 0.4475337628441368 0.26794430552099135 0.22077266251428249 0.07105001265981088 -9999.0 0.0022208354169550065 -9999.0 -9999.0 -9999.0 -2.87535963585305 -9999.0 -9999.0 -9999.0 -9999.0 0.006697192928236957 0.04523097462159459 0.010832438229920308 0.007786924653783219 -9999.0 -9999.0 -9999.0 -9999.0 -9999.0 0.057848919268440144 0.0005509030356144095 0.0005132303145233654 0.0023294005975546374 0.04484261366803659 0.006624875805396573 -9999.0 -9999.0 -9999.0 -9999.0 -9999.0 -9999.0 -9999.0
-0.3481501426694991 -1.0787838338447224 3.36050413789267 -0.20367950245621005 -0.11115770232367021 -9999.0 -9999.0 0.2426233560892239 0.03556764321017147 0.08994284576433864 -0.2237274530056886 -0.23423280976902583 -9999.0 -0.10387536603669549 -0.06552438223571411 -9999.0 -0.2640123555609454 0.6918379196043064 -5.198671934482171 -0.36271891597612244 -0.02875299650993985 -0.005487078341185543 -0.020730776593436594 -0.038283521456788865 -9999.0 0.13114366947907577 -9999.0 -9999.0 0.025089350315352508 0.004704925945938839 -9999.0 -9999.0 -9999.0 0.3327550104275972 -9999.0 -9999.0 -9999.0 -9999.0 0.02614277990938014 6.155244044615798 0.0015092402694315747 -9999.0 -9999.0 -9999.0 -9999.0 -9999.0 -9999.0 0.04760951791425994 0.0017020877431300862 0.0010982250584957098 0.0005123381603564857 -9999.0 -9999.0 -9999.0 -9999.0 -9999.0 -9999.0 -9999.0 -9999.0 -9999.0
-1.0116297013469333 -0.9064448546513741 -3.617834156101194 -0.2217434436898239 -9999.0 -9999.0 -9999.0 -0.22388293923994015 0.6494780185791263 0.16354042956102022 0.3579998185749509 -0.576696799650684 -0.11095083477493885 -0.4443401455364396 -0.19829589061888342 -0.013498359336205338 -0.930063924874471 0.5615214194870466 -1.6597750200681898 -0.1296962468063008 -0.045985186027246897 -0.015479335723721885 -0.07670652782211522 -0.18713432772739946 -0.03346089209349222 -0.7632878782463575 0.16804803561221757 0.2455805518791144 0.04373186412041196 0.0530992158395518 0.017945478117891555 0.0036820397982815084 0.08936005504073175 0.09062897206025108 -9999.0 0.0020897301598635514 0.007366950693322504 0.008524774685592392 0.051017022836550144 0.0005209548409566019 -9999.0 -9999.0 -9999.0 -9999.0 -9999.0 -9999.0 -9999.0 -9999.0 -9999.0 -9999.0 -9999.0 -9999.0 -9999.0 -9999.0 -9999.0 -9999.0 -9999.0 -9999.0 -9999.0 -9999.0
-6.143751497354488 -0.7999313995143302 12.039803126930876 -0.8859291885859896 -9999.0 -9999.0 -9999.0 -9999.0 1.9640530873830835 0.2670696691677672 -0.18360922747557812 -0.20361397837299183 -0.12229272954191893 -0.041991926819684784 -0.1543867054388183 0.10083470164888092 1.120810371784596 -0.9366357228722713 0.3302373503020456 0.36888068316489825 -0.03766604071563351 -0.03577033745822238 -0.3161608248193422 -2.0730265036760045 -8.926365434744374 0.8282138926771235 0.31051705471853913 -0.6030421650738941 0.1895737038705211 0.23626887691113624 0.2688811724641522 0.1128371717124083 0.09102844021835023 0.08151986288921305 0.039037901001246954 0.009872587691128367 0.1686114083445192 1.8014181451594289 0.01075987511213153 -9999.0 -9999.0 -9999.0 -9999.0 -9999.0 -9999.0 -9999.0 -9999.0 -9999.0 -9999.0 -9999.0 -9999.0 -9999.0 -9999.0 -9999.0 -9999.0 -9999.0 -9999.0 -9999.0 -9999.0 -9999.0
0.3502837064130289 -16.45929214437147 0.26179127002722524 -0.10027452292052075 -9999.0 -9999.0 -9999.0 -0.4774207820500167 -0.3387646975535581 -0.4605815555972208 -1.2733576453785536 -0.21049071207225759 -0.16920658646306616 -0.11680193243343397 0.13934602545351368 0.09268914966664081 0.08504138308670467 -9999.0 -9999.0 -9999.0 -9999.0 0.08035637783393819 0.010430451047953072 0.14146590869761752 0.16689318014505305 0.30844059191866424 0.1654679660197023 0.12947966248425044 -9999.0 0.01719481399808667 0.015255981426402623 0.0018164884125295596 0.24940218154562194 0.022112734799264042 0.13517864606614904 0.15320387921038028 0.20551318888668388 -0.0249362943292697 0.001998601763275509 -9999.0 -9999.0 -9999.0 -9999.0 -9999.0 -9999.0 -9999.0 -9999.0 -9999.0 -9999.0 -9999.0 -9999.0 -9999.0 -9999.0 -9999.0 -9999.0 -9999.0 -9999.0 -9999.0 -9999.0 -9999.0
0.3364228160375716 0.3917954535729455 0.3527968577438001 16.31278513829115 -0.0021028919520125477 -9999.0 -0.3717647914114913 1.902511319922085 -1.2520186680633842 -0.634983615636607 -2.1423390868987733 0.3049126901655333 1.1003148847234077 -9999.0 -9999.0 -9999.0 -9999.0 -0.1469509581344675 -0.15886505546683247 -0.3131391326331605 0.02797418088857306 6.795436549008708e-05 -9999.0 -9999.0 -9999.0 0.02370883607798653 0.04119969860068715 -9999.0 0.01229319554007079 -9999.0 0.004501730032565726 0.1107876872182562 0.11248398889332015 0.05394615832159004 3.796434229432634 0.36473931747657573 0.1272062322322374 -0.20088554336599834 0.04859105024202403 0.00417279397327777 0.00040844632085629067 -9999.0 -9999.0 -9999.0 -9999.0 -9999.0 -9999.0 -9999.0 -9999.0 -9999.0 -9999.0 -9999.0 -9999.0 -9999.0 -9999.0 -9999.0 -9999.0 -9999.0 -9999.0 -9999.0
0.19917979200592992 0.5340366963460531 0.36686833945249425 0.19448243871027968 0.3462688641737051 -0.09710067450794461 -0.09771847828208208 4.012876841959871 -0.49265113621115064 -0.8752127683696233 0.09667450636880799 0.03859030366661373 0.04214486491606594 0.054575017829774086 0.07533493943716998 0.14471661931600935 -0.06342492162244567 -0.17486667396102454 -0.15806807070432427 1.6755737554637458 0.041386566944203076 -9999.0 -9999.0 -9999.0 6.646067222456637e-05 0.06294090956909056 0.21724933527075438 0.053353845926946426 0.026494561849583518 0.008507403652172587 0.04777917484578001 0.09742715631192987 0.0071744155693826495 0.14508074308807742 0.053175546520817754 0.006528995274979229 0.024057730178641205 0.0010082426427895164 0.004898436780645363 4.2876289684270726e-05 -9999.0 -9999.0 -9999.0 -9999.0 -9999.0 -9999.0 -9999.0 -9999.0 -9999.0 -9999.0 -9999.0 -9999.0 -9999.0 -9999.0 -9999.0 -9999.0 -9999.0 -9999.0 -9999.0 -9999.0
2.236540011594743 0.30683774701913014 0.19543467529321823 0.18334378296175488 33.303294425288215 -0.1771620875725116 -0.22714010243154512 0.5196152949309865 0.30958574903323993 0.2788549585510987 0.07528202724211111 0.06972941264180015 0.0641492133227514 0.07334458662673922 0.09981223800013629 0.26138130564292567 -1.3747422620456602 -0.25277987082550013 -0.41809410861767093 -0.6375864699838241 -1.1313212298485622 -0.6072060033384314 -12.537949768061326 0.0007646713105506715 0.3139628203177008 0.8725161957957434 0.6522264750893768 0.09073570083995713 0.18275794767055528 0.24994687383970865 0.27286003136415155 -0.002299227949981943 -9999.0 2.2663394464329144e-05 0.006670206678266587 0.007621380285200517 -9999.0 -9999.0 -9999.0 -9999.0 -9999.0 -9999.0 -9999.0 -9999.0 -9999.0 -9999.0 -9999.0 -9999.0 -9999.0 -9999.0 -9999.0 -9999.0 -9999.0 -9999.0 -9999.0 -9999.0 -9999.0 -9999.0 -9999.0 -9999.0
0.23625913568545756 -1.7129697712780108 0.39140287253240313 0.25351596990825914 6.174542604349291 -0.36696588175232464 1.3440902593489912 0.5344568815842597 0.47162327165327766 -0.21377471264503115 -0.443591700399916 0.31853881406212614 0.1422098906617913 0.08811691468978056 0.5831633453466937 0.4760345939478824 0.0905834453458099 0.030412566968524173 -0.49448749221777494 -0.7175603791278322 -0.1601619652140667 -3.3599524445397284 4.401561222334961 1.241809124896383 -17.632157341561843 0.4254451016554264 0.4123573219106427 0.5905573540547846 0.4596799550877965 -0.3727645723970357 -0.11885530839898575 0.10397822223392271 -9999.0 -9999.0 -9999.0 -9999.0 -9999.0 -9999.0 -9999.0 -9999.0 -9999.0 -9999.0 -9999.0 -9999.0 -9999.0 -9999.0 -9999.0 -9999.0 -9999.0 -9999.0 -9999.0 -9999.0 -9999.0 -9999.0 -9999.0 -9999.0 -9999.0 -9999.0 -9999.0 -9999.0
0.20127431091047535 0.5239763766645698 0.17049281620883716 0.33231678042178353 0.1578263209023921 -0.5314673826788225 -0.5281820896493302 -0.07518283352303672 4.678761561593336 1.3283423222270117 0.4592499943173721 -0.6740108877749189 0.24812605967040083 0.0946592986157525 0.6134901646325471 0.3727120952754593 0.10491754725027967 0.14114493224376073 0.07114894121488392 -4.449982085932095 -0.5095049192014742 0.17708695923566006 -0.5434548478685701 -0.31158850376004094 4.319986392338916 109.25127623610007 -1.2130865357171365 -0.6343356658822864 -0.7622366526770871 -0.049428924093059406 0.16459578077077536 0.0017871086315282394 -9999.0 -9999.0 -9999.0 -9999.0 -9999.0 -9999.0 -9999.0 -9999.0 -9999.0 -9999.0 -9999.0 -9999.0 -9999.0 -9999.0 -9999.0 -9999.0 -9999.0 -9999.0 -9999.0 -9999.0 -9999.0 -9999.0 -9999.0 -9999.0 -9999.0 -9999.0 -9999.0 -9999.0
-0.17630966203362042 -0.2470361161760575 -0.255133990612933 -0.18987653575972746 3.8640045114199135 -0.28131210050034383 -0.1836204004023607 -0.21897298183709704 -0.24855766413809996 -0.5407057530497003 -0.21625809385234085 -0.1578657438044331 -0.825176025694248 -2.1712191759923143 -1.6317325835454985 -0.41317002225909394 -4.557894842529865 0.12824793667815504 -9999.0 0.175047545156993 7.416742696610064e-05 0.03115475498451566 0.13749500863043673 -0.230892151684858 -0.250235779532036 -0.18567751770363874 -0.06288863917480794 -0.05584214213859953 0.3348973465956646 0.01653862289642945 0.0903370157719299 3.906858633340032e-05 -9999.0 -9999.0 -9999.0 -9999.0 -9999.0 -9999.0 -9999.0 -9999.0 -9999.0 -9999.0 -9999.0 -9999.0 -9999.0 -9999.0 -9999.0 -9999.0 -9999.0 -9999.0 -9999.0 -9999.0 -9999.0 -9999.0 -9999.0 -9999.0 -9999.0 -9999.0 -9999.0 -9999.0
-0.19287588021358162 -0.23715914050826628 -0.35529474183537346 0.22493062154147017 -0.216086824011583 1.36907569727014 -0.27813739167987 -0.3787073900989781 -0.7829931146369008 -0.41749330646708627 -0.21532141739423047 -0.4141981941146175 -0.7355485976845808 -1.9710419236522487 -0.4091380843049793 -0.48006756159962555 0.40966010775239353 -9999.0 -9999.0 0.0005573092236906023 -9999.0 0.0073107797484064365 -0.31895799239337624 -0.21447923061122157 -0.2136273028546062 -0.05419423451480714 -0.09229804259015545 0.05642250576783838 0.2473206682839956 0.02643154686945257 -9999.0 -9999.0 -9999.0 -9999.0 -9999.0 -9999.0 -9999.0 -9999.0 -9999.0 -9999.0 -9999.0 -9999.0 -9999.0 -9999.0 -9999.0 -9999.0 -9999.0 -9999.0 -9999.0 -9999.0 -9999.0 -9999.0 -9999.0 -9999.0 -9999.0 -9999.0 -9999.0 -9999.0 -9999.0 -9999.0
-0.5030726843726878 -0.41059283022059584 -0.5640553284373047 -1.6262505520729544 -19.680526486056582 0.7416231220901529 -0.49689287453092024 0.8581587346447267 -0.43138808612183926 1.1511098547083407 -1.3109285830128945 -0.32206837973401686 -0.7211372559629249 0.0331594041407128 -1.1816806896641288 0.13931726997941457 0.7234510408687064 -9999.0 -9999.0 -9999.0 0.001031570998216231 -0.3056257371148335 -0.3314518206903632 -0.17253401799446322 -0.06840626234459458 0.1137507284186902 0.07858800607481746 0.0038661274922051785 0.030377445584194678 0.014864000017006461 -9999.0 -9999.0 -9999.0 -9999.0 -9999.0 -9999.0 -9999.0 -9999.0 -9999.0 -9999.0 -9999.0 -9999.0 -9999.0 -9999.0 -9999.0 -9999.0 -9999.0 -9999.0 -9999.0 -9999.0 -9999.0 -9999.0 -9999.0 -9999.0 -9999.0 -9999.0 -9999.0 -9999.0 -9999.0 -9999.0
-0.5678627689528013 -0.4363142737492859 -0.37203618968347674 0.469123110724031 -0.2107589760456208 -0.8107504601197688 4.505425501586769 -1.188582510948393 0.5574219317201964 0.351582539062387 -0.5429357586443809 -0.33078191242502947 -0.2026522633946469 -0.11186413807922008 0.6133248339777004 -9999.0 -9999.0 -0.05130313703369928 2.5506678616279683 -0.5422888355100938 -0.11504629291198826 -0.31176175969662984 -0.1463994523340931 -0.05490523545406063 -0.028649042918221505 -1.2437759571719729 0.010437135731092144 0.007512661726023541 0.028311199284696976 0.0011009097258433515 -9999.0 -9999.0 -9999.0 -9999.0 -9999.0 -9999.0 -9999.0 -9999.0 -9999.0 -9999.0 -9999.0 -9999.0 -9999.0 -9999.0 -9999.0 -9999.0 -9999.0 -9999.0 -9999.0 -9999.0 -9999.0 -9999.0 -9999.0 -9999.0 -9999.0 -9999.0 -9999.0 -9999.0 -9999.0 -9999.0
-0.5271367736206324 -0.3497611141553942 -0.605070568932385 -0.5385314734138138 -0.3874213850178262 0.5189403590048982 -0.49201749230330405 -0.459039857668553 -0.5604067591758267 0.6535795507563343 -0.5383936264249362 -0.3114025444040321 -0.17580209750276962 0.00014708243656990535 0.7203421839971934 2.89792032419703 -0.07006541325206511 -0.1629001841280946 0.12565145340648232 -0.19112062756021334 -0.19983529563912109 -0.13252015769978692 -0.3139315809389238 -0.19050440219882092 -0.04076124023473063 -0.037915591023639096 0.012410259762575392 0.0481599732927959 0.006915210375315141 -9999.0 -9999.0 -9999.0 -9999.0 -9999.0 -9999.0 -9999.0 -9999.0 -9999.0 -9999.0 -9999.0 -9999.0 -9999.0 -9999.0 -9999.0 -9999.0 -9999.0 -9999.0 -9999.0 -9999.0 -9999.0 -9999.0 -9999.0 -9999.0 -9999.0 -9999.0 -9999.0 -9999.0 -9999.0 -9999.0 -9999.0
0.21988447263714547 0.27287955842382444 0.2697139975119967 -0.26865598725382084 0.21998557059346222 0.3907455144228352 0.37950999313860156 -0.4877223705964046 -0.4284670607768474 0.27883936422256755 0.0761362482973728 0.605644022834845 -0.9554170610201475 -0.5805114036233581 1.2800188612697105 -0.26962097995539064 -0.39123220313849233 -0.39770687797357623 -0.42676298628783976 -0.2671514721414065 -0.14426941943892047 -0.27482664059748463 0.7134987491432289 -0.0776715955043158 -0.1764915463332096 0.08261249309560446 0.07737390124624512 0.029360128064807235 -9999.0 -9999.0 -9999.0 -9999.0 -9999.0 -9999.0 -9999.0 -9999.0 -9999.0 -9999.0 -9999.0 -9999.0 -9999.0 -9999.0 -9999.0 -9999.0 -9999.0 -9999.0 -9999.0 -9999.0 -9999.0 -9999.0 -9999.0 -9999.0 -9999.0 -9999.0 -9999.0 -9999.0 -9999.0 -9999.0 -9999.0 -9999.0
-0.20270909240159632 0.6485838684597174 0.8928811263694995 -7.690073631021092 0.20069169156644306 -0.16606361614270357 -0.11437575592031082 -0.30409766218977236 -0.19617234456431734 -0.3680477670228697 4.574889696712001 0.12484587852139462 -0.25804670351187614 -0.3706848311758798 -0.6978804708636396 -0.3464776190706661 0.06618602867526195 -0.2661176589371038 -0.18930751448024777 -0.09542805816074218 -0.14241084779225183 -0.12149118819425964 -0.0781907908291339 -0.0644992843398605 -0.132046209928398 -0.07209192434712039 0.04003255079226153 0.014744376220758774 0.004272861398452336 -9999.0 -9999.0 -9999.0 -9999.0 -9999.0 -9999.0 -9999.0 -9999.0 -9999.0 -9999.0 -9999.0 -9999.0 -9999.0 -9999.0 -9999.0 -9999.0 -9999.0 -9999.0 -9999.0 -9999.0 -9999.0 -9999.0 -9999.0 -9999.0 -9999.0 -9999.0 -9999.0 -9999.0 -9999.0 -9999.0 -9999.0
