critload/trunk/output/2010/fnup_corr_dep_ara.asc
ncols 720
nrows 360
xllcorner -180.0
yllcorner -90.0
cellsize 0.5
NODATA_value -9999.0
[rows 54 to 80 of 360, columns 366 to 426 of 720]
-9999.0 -9999.0 -9999.0 -9999.0 -9999.0 -9999.0 -9999.0 0.2800193196047357 0.11649974664387093 -9999.0 -9999.0 -9999.0 -9999.0 -9999.0 -9999.0 -9999.0 -9999.0 -9999.0 -9999.0 -9999.0 -9999.0 -9999.0 -9999.0 -9999.0 -9999.0 -9999.0 -9999.0 -9999.0 0.1331392195028862 0.262753358320435 -9999.0 -9999.0 -9999.0 -9999.0 -9999.0 -9999.0 0.695703716464845 0.7712595335777044 0.9747511941174607 1.0514766297325109 0.7003767325412006 0.49838790486128803 -9999.0 -9999.0 -9999.0 0.11722264306555491 0.14944367840107076 -9999.0 -9999.0 0.18920580547330698 -9999.0 0.07590963195749198 0.45716674043296346 0.3208407822592633 0.23469567704612984 0.23565843624986185 0.13221666213454072 -9999.0 -9999.0 -9999.0 -9999.0
-9999.0 -9999.0 -9999.0 -9999.0 -9999.0 0.026281320277405686 0.18113897955756256 -9999.0 -9999.0 -9999.0 -9999.0 -9999.0 -9999.0 -9999.0 -9999.0 -9999.0 -9999.0 -9999.0 -9999.0 -9999.0 -9999.0 -9999.0 0.21161456435605472 -9999.0 -9999.0 -9999.0 -9999.0 -9999.0 0.390218447133391 -9999.0 -9999.0 -9999.0 -9999.0 -9999.0 -9999.0 -9999.0 0.7861609242236034 0.6540649891024248 0.9289398732523158 0.5630880116719904 -9999.0 0.277253395487792 -9999.0 0.23687839614336692 -9999.0 0.31364696755326654 -9999.0 0.20704899240024593 0.1414625455178079 0.1904201213875621 -9999.0 0.3105602699207779 -9999.0 -9999.0 0.14689284521961446 0.47636905952999675 -9999.0 -9999.0 -9999.0 -9999.0 -9999.0
-9999.0 -9999.0 -9999.0 -9999.0 0.17103831110907533 0.20583761226490388 -9999.0 -9999.0 -9999.0 -9999.0 -9999.0 -9999.0 -9999.0 -9999.0 -9999.0 -9999.0 -9999.0 -9999.0 -9999.0 -9999.0 -9999.0 -9999.0 -9999.0 -9999.0 -9999.0 -9999.0 -9999.0 0.06483178601082956 0.4296066121305986 -9999.0 -9999.0 -9999.0 -9999.0 -9999.0 -9999.0 -9999.0 -9999.0 0.8240146878798418 -9999.0 1.0414296476511102 -9999.0 -9999.0 0.8538768793475426 -9999.0 0.8910569190634212 0.14419480002704205 0.4800779580265582 0.25513288591813527 0.4835389299161296 0.12201503921093595 0.11426709774677968 -9999.0 0.04359282999819472 0.057659033542856855 0.002934986093304432 0.0031986398887546264 -9999.0 -9999.0 -9999.0 -9999.0 0.003098832413703249
-9999.0 -9999.0 -9999.0 -9999.0 -9999.0 0.10172697071126446 -9999.0 -9999.0 -9999.0 -9999.0 -9999.0 -9999.0 -9999.0 -9999.0 -9999.0 0.246858583990976 0.264753987123737 -9999.0 -9999.0 -9999.0 -9999.0 -9999.0 0.16055429660498613 -9999.0 -9999.0 -9999.0 0.17678104814135362 -9999.0 0.4998722756063939 -9999.0 -9999.0 -9999.0 -9999.0 -9999.0 -9999.0 -9999.0 0.4113307137344782 0.3079463428246375 0.32531394133838304 1.1780316287872261 1.7485534095132382 1.8919203711536012 1.0941358696659873 0.9837365320517149 0.7459683142166598 0.7842059412467253 0.5079135302208728 -9999.0 0.11597828810197411 -9999.0 0.08121001566687092 -9999.0 0.0007592503694867888 0.001687451315403322 8.37082415780905e-06 -9999.0 -9999.0 0.0001184264654420182 0.00059914488799683 0.006321433592101573 -9999.0
-9999.0 -9999.0 -9999.0 0.2077136569065304 0.08542606893957319 -9999.0 -9999.0 -9999.0 -9999.0 -9999.0 -9999.0 -9999.0 -9999.0 -9999.0 -9999.0 0.9007164991830743 1.0390822658466383 0.8562441410108615 0.6996841708558986 -9999.0 -9999.0 -9999.0 -9999.0 0.23231945922835048 -9999.0 0.5053672138408964 -9999.0 -9999.0 1.0174694323751592 -9999.0 -9999.0 -9999.0 -9999.0 -9999.0 -9999.0 -9999.0 1.070847299562102 0.4043934364979327 0.6056449238029741 0.8316808772384531 0.7764311783771359 0.5954631870744819 0.44897785996032 0.7257397186841473 0.632879674712378 0.5595802398638442 0.38406507059173606 0.5601633639454086 0.26849743879986304 0.2535816527238882 0.00017229653194578232 0.004822374622840033 0.0012619265882687246 0.9962169077439386 0.0014161348272157522 0.0008534296562351571 -9999.0 -9999.0 -9999.0 0.00790214431826176 0.0028291847754162492
-9999.0 -9999.0 -9999.0 -9999.0 -9999.0 0.1272337821290278 -9999.0 -9999.0 -9999.0 -9999.0 -9999.0 -9999.0 -9999.0 -9999.0 0.7481320083534521 0.45076719775975815 1.6280765102033763 0.4928522253373103 0.6834532824958097 -9999.0 -9999.0 0.2653632228214172 -9999.0 -9999.0 0.641086845027853 0.8683060626123893 0.8826386146007534 -9999.0 0.6642893548477045 0.1967921625610896 0.13492883506754702 -9999.0 -9999.0 0.792755376466033 0.0941989050376829 -9999.0 -9999.0 0.03729763305530802 0.46637328202988093 0.6534961731797224 0.6318896473669403 0.4014725458954776 3.9021095901262672 0.6377217977158259 0.3301330648176227 0.34701502128968914 0.11874953101192375 0.0749192289629446 -9999.0 -9999.0 -9999.0 0.00031801796202946323 0.0007960782168571729 0.6556719744686844 0.009359841465698846 0.004948262837507743 -9999.0 0.0006310253191588667 0.0039009673885140603 0.00195137135833723 0.001309177674621527
-9999.0 -9999.0 -9999.0 -9999.0 0.1258077364323615 0.10946745857573636 -9999.0 -9999.0 -9999.0 -9999.0 -9999.0 -9999.0 -9999.0 1.6021696518769868 0.4159131195683842 0.6933789891196681 1.216519553397725 7.6264628339900415 -9999.0 563.5009699019929 -9999.0 6.325286099604956 -9999.0 4.645965278426763 -9999.0 -9999.0 6.043097274383858 0.5612382986995726 0.6214253786617857 0.7666362574966894 0.2869088915355327 0.32983247090405693 -9999.0 -9999.0 -9999.0 -9999.0 -9999.0 -9999.0 -9999.0 0.060272474433946156 0.2436590620363934 0.07644403310020118 -9999.0 -9999.0 -9999.0 -9999.0 0.007527203942748266 -9999.0 -9999.0 -9999.0 -9999.0 0.0011517070710166284 0.013834706753152695 0.0599554562517917 0.8568616809198938 0.021219076829996384 0.8922444349976653 0.004771521006951844 0.0077226619715959925 0.0002904855535202666 0.006163822094258276
-9999.0 -9999.0 -9999.0 -9999.0 0.3316498330601858 0.12995542215166972 0.6068382308925173 -9999.0 -9999.0 -9999.0 -9999.0 -9999.0 -9999.0 1.2918960418239667 1.016007566390478 0.7592714168443861 0.8871799298599925 0.17236090394479447 -9999.0 0.13046531823728347 0.28001402316885093 0.26332976486903137 0.36667730026798456 0.2067095018057498 0.546048056282215 0.28654368219576837 0.4088425958441058 0.524845427462121 0.38151164081178823 0.5289719824247406 0.6625872505514745 0.11726310085583193 -9999.0 -9999.0 -9999.0 -9999.0 -9999.0 -9999.0 -9999.0 -9999.0 -9999.0 0.008355545203049639 0.07522235852166 0.1430636227412377 -9999.0 0.17541831863033883 0.589898460734944 -9999.0 0.052944765377437815 0.019872018766235 0.005739577985465491 0.0049898374010019265 0.018536332466170397 0.014680336722848691 0.013298481638411686 0.0007464079401749039 0.007989768324619034 0.011503056123886971 0.001439837782361851 0.009320343393648931 -9999.0
-9999.0 -9999.0 -9999.0 -9999.0 -9999.0 0.7534189784239748 2.578398797366709 3.851128165975031 -9999.0 -9999.0 -9999.0 -9999.0 -9999.0 0.1713818647663476 -9999.0 -9999.0 0.17231900116349963 -9999.0 0.301304994288453 0.11536234634094805 0.3821673789668552 0.47509513412691784 0.31938711738593384 0.2336296814281486 0.3087251749119091 0.18429967444705467 0.22475462424444867 0.5127646240354815 0.3506292114913087 0.16517801164947027 -9999.0 -9999.0 -9999.0 -9999.0 -9999.0 -9999.0 -9999.0 -9999.0 0.006606045064745529 0.04283872984666019 -9999.0 -9999.0 0.27270776114633244 0.18641790870485034 0.23307689335110313 0.4628528511607289 0.5059409553539805 0.8489704022091056 0.003364665224523458 0.012413546177975533 0.0002413620775716392 0.00040719597032506835 0.001343194970645231 0.009870311172934602 0.00823753173920225 0.006833065036622509 0.034287454733564905 0.003030726850275121 0.001590558379159081 0.00017517393246371265 0.00441585322661242
-9999.0 -9999.0 -9999.0 -9999.0 -9999.0 -9999.0 0.1867637502402825 0.28166440217296895 -9999.0 -9999.0 0.3485136421479716 0.5159912170360377 -9999.0 -9999.0 -9999.0 -9999.0 -9999.0 0.08323506121841882 -9999.0 0.6924624629033435 0.7831147099750534 0.6708444629139938 0.21545460464788613 0.32184689057328686 0.5878042899243434 0.4888906600858837 0.3027261259221074 0.17739287332067238 -9999.0 -9999.0 -9999.0 -9999.0 -9999.0 -9999.0 -9999.0 -9999.0 -9999.0 -9999.0 0.014870503126169866 0.026727065469300933 -9999.0 0.009153323821478156 0.00559709487303213 0.0175376893727388 0.4249694786797849 0.6724192655434047 0.3854505089708997 0.8126444632149541 0.1576585744958968 0.011596735069591009 1.1880586115321368 -9999.0 0.0003099202829947877 0.005342040716609998 0.050640838635729074 0.0728638746505097 -9999.0 0.00791553550897994 -9999.0 0.0019645886316722746 0.0018062297408412943
-9999.0 -9999.0 -9999.0 -9999.0 -9999.0 -9999.0 -9999.0 -9999.0 -9999.0 -9999.0 -9999.0 -9999.0 -9999.0 0.6484681737818853 1.2003172853322863 -9999.0 -9999.0 0.617344678013841 0.7608959321978617 -9999.0 -9999.0 -9999.0 0.63117961938065 0.21463878344304807 0.1651490024758807 0.46405828292118584 0.329881674477267 0.396888444225792 -9999.0 -9999.0 0.446606870097142 0.4926042799551821 0.12499144429945977 -9999.0 -9999.0 -9999.0 -9999.0 -9999.0 0.005299516262919638 -9999.0 -9999.0 -9999.0 -9999.0 0.399435336843406 0.37070392909067784 0.02944041906391006 -9999.0 0.244860510442377 0.322594952485412 1.2411884924630523 1.2432179336504139 1.0570704149006893 0.03779024294488645 0.12130801737277087 0.06889932785423493 0.034505222876492755 0.0474108558498564 0.006829363588792954 0.00141609879001555 0.022937884833017945 -9999.0
-9999.0 -9999.0 -9999.0 -9999.0 -9999.0 -9999.0 -9999.0 -9999.0 -9999.0 -9999.0 -9999.0 1.0434180612596915 1.1505967068982939 1.7021078665311073 1.8603019845341129 1.0278196401625865 0.5346308446782155 0.25707935996815645 1.120215754073443 0.9217488571939373 -9999.0 -9999.0 0.3121956270338858 -9999.0 -9999.0 0.17104212879102365 0.38563967632485285 0.42469415916606224 0.17043988819867947 -9999.0 0.49948152502287935 0.3930129294691192 -9999.0 -9999.0 -9999.0 -9999.0 0.09865937435362572 0.010875241022502861 -9999.0 -9999.0 -9999.0 -9999.0 -9999.0 -9999.0 -9999.0 0.007835363593444855 -9999.0 0.013583430644780958 -9999.0 0.12203194649999095 1.1678187883691562 1.0168229184674653 0.0461314264272146 0.1284223292589388 0.00779512265264396 0.016311904839100933 0.004782113664008366 0.013126584189374374 0.002502091690180684 -9999.0 0.001488788849980103
-9999.0 -9999.0 -9999.0 -9999.0 -9999.0 -9999.0 -9999.0 -9999.0 -9999.0 -9999.0 1.54288205549146 1.502151649571972 1.8421270138887265 1.8204633480864072 1.5252727601867906 -9999.0 -9999.0 -9999.0 -9999.0 2.228699147199792 -9999.0 -9999.0 30.696360772577503 1.6665668827016955 0.37276961002817277 0.7715822100013809 0.722081341072839 0.691224101936704 -9999.0 -9999.0 0.11330496818798456 -9999.0 -9999.0 -9999.0 -9999.0 -9999.0 0.4794293054267908 0.4644021555151696 0.6274734720640138 0.7423212909284513 1.0169760283269527 0.11012575376735631 0.653261777626676 0.07436685781482008 0.37817439748847326 0.30873846799151 -9999.0 0.19744753986814084 -9999.0 0.7627046315133895 1.1935253099021865 1.3708139856636654 0.03167750888989923 0.07563490091185353 1.0777278515599993 0.00373872974891125 0.001887033965704944 0.01476049706660102 0.018820867380236698 0.0016616464893759774 0.025856386102637224
-9999.0 -9999.0 -9999.0 -9999.0 -9999.0 -9999.0 -9999.0 -9999.0 -9999.0 -9999.0 1.6014632077723974 1.5065693927425214 2.0505312119330203 2.0908253322732415 1.8293204346723964 1.5913317188543565 -9999.0 -9999.0 1.7086339783534648 1.6863723053828248 2.9307999821126645 2.2975933030803555 1.3533450174640764 1.3490184615213694 0.9571230190214336 0.9218546691472036 0.4977894379679529 0.15027643836638174 -9999.0 -9999.0 -9999.0 -9999.0 -9999.0 -9999.0 -9999.0 -9999.0 0.5716972611489385 0.4229555487305953 0.23831482906758236 1.540084724762624 0.3407243746619236 1.3599357098646256 1.4608007984801217 1.4074352563552512 0.8990744008496957 -9999.0 0.22836276720354706 0.1311379308709663 0.0055225416602162555 -9999.0 0.02630933868472529 1.0900654219374062 0.009570930476568158 0.028154170115968002 1.262844685353272 1.3714425307274443 0.006112386586166146 0.022083476518635823 0.0036010124619594757 0.00538626770173659 0.022744084281702916
-9999.0 -9999.0 -9999.0 -9999.0 -9999.0 -9999.0 -9999.0 -9999.0 -9999.0 -9999.0 2.2635800215820683 2.1478734471095877 2.561604229500356 2.093332693542023 2.911935448307533 -9999.0 2.252736584174611 1.8659259046744536 2.212065307364028 -9999.0 1.9697952380356234 2.258651226483279 1.923006844192335 -9999.0 -9999.0 -9999.0 -9999.0 -9999.0 -9999.0 -9999.0 -9999.0 -9999.0 -9999.0 -9999.0 -9999.0 -9999.0 1.9046249184947748 0.2667142790638534 0.25649618039732286 0.4741545015727267 0.4037661658151849 1.663333273415712 0.5529862349295163 0.36240846085915723 0.1848908351058252 -9999.0 -9999.0 0.8731544921993445 0.46248455170630515 2.1678250148525673 2.5202059324763746 0.380239093762824 0.24267723556922774 0.3740715077114932 0.45831964116586627 0.02344018054078202 0.0618698593595249 0.02223560639601005 1.5272561023838065 0.028017089778373798 0.036799582221598286
-9999.0 -9999.0 -9999.0 -9999.0 -9999.0 -9999.0 -9999.0 -9999.0 -9999.0 -9999.0 -9999.0 2.1695520976691314 2.186311443914718 3.537042475793664 2.1635143326132176 1.8836613462695828 2.9262789875485895 1.9019072942756936 1.9397378718133507 -9999.0 -9999.0 -9999.0 -9999.0 3.928482911527682 -9999.0 -9999.0 -9999.0 -9999.0 -9999.0 -9999.0 -9999.0 -9999.0 -9999.0 -9999.0 -9999.0 -9999.0 1.4658931797476693 1.8848301475211404 0.35321709398768475 1.8493980240280568 1.6275558648550614 0.6293786226980826 0.450726861895341 0.4192857669944253 0.19613621566532935 0.026615146069061027 1.3486657005210783 1.902378928777734 0.9548052420029093 2.189475605817955 0.661538266776592 0.9843971721340844 2.1718649969291794 2.5270506853987316 2.813440995088281 3.0520286439044177 1.574766078908979 0.06393701643529166 1.3587687899133642 0.07036473822377964 0.10144212932171215
-9999.0 -9999.0 -9999.0 -9999.0 -9999.0 -9999.0 -9999.0 -9999.0 -9999.0 -9999.0 -9999.0 4.9343146515677585 -9999.0 4.277765317238635 -9999.0 -9999.0 3.7668177155130524 3.4203066700740012 -9999.0 -9999.0 -9999.0 -9999.0 -9999.0 -9999.0 -9999.0 -9999.0 -9999.0 4.588337819263175 3.012089277946554 -9999.0 2.8669533289545734 -9999.0 -9999.0 0.6578306164332093 1.9952119070499852 1.9790343583509742 1.952452876864033 1.870046103519265 1.8779266884420074 1.9349981179630327 1.9752373020980725 0.6301249319993464 0.48038485103997625 1.7814674335162164 0.1784245102111675 0.14514155867292008 0.8657951123975541 0.7688820033929137 0.8160317676976203 0.8593476009396026 0.15638620242858758 0.7637190669334923 0.7403334664130109 0.8243415776799131 2.47605962732367 2.7889516242444152 1.788400689061371 1.7620424454789183 1.7459363750055203 0.15183742949761475 0.2753050210739504
-9999.0 -9999.0 -9999.0 -9999.0 -9999.0 -9999.0 -9999.0 -9999.0 -9999.0 -9999.0 -9999.0 -9999.0 2.4793480176744485 2.403081367577039 2.543919917553473 122.53524013251442 -9999.0 -9999.0 3.8633001818981487 3.260446226223964 14.68151160425115 -9999.0 -9999.0 -9999.0 5.41958895931575 3.3956514723461426 2.626090775112599 7.643539267457811 8.291703465633423 17.21886560551139 2.616272811897428 2.50053122597459 2.321300195574194 2.2958993951294837 2.2182250608135194 2.213511980657842 2.252675954930922 2.0786316533298153 2.017259384702094 1.8176326021742555 1.5834697280126477 0.9348118251758303 0.22368673545686668 0.22815968993650462 0.37054936664852617 1.0500404241170267 0.8539527691101856 1.0019843693631192 0.8382090654515965 0.7489988939833535 0.711063905648728 0.8060179378388664 0.6433559840358347 2.692034295641812 3.7358858069778154 2.328577807816353 3.4625784714524053 1.363236447959846 1.4662849949968098 1.6064003413086747 0.15221726189493842
-9999.0 -9999.0 -9999.0 -9999.0 -9999.0 -9999.0 -9999.0 -9999.0 -9999.0 15.022182636061368 -9999.0 4.358488496978388 2.882186733299346 3.9543177303335506 5.868448628336317 -9999.0 38.9009316865989 -9999.0 29.293658428299153 -9999.0 6.321634786827086 129.0495654084239 -9999.0 4.302124483225766 -9999.0 -9999.0 -9999.0 -9999.0 -9999.0 -9999.0 -9999.0 3.202314269767535 3.0869380366216217 -9999.0 -9999.0 -9999.0 -9999.0 -9999.0 77.75837801124106 -9999.0 4.306181127570218 2.587528004327417 1.3831344073991507 2.2571911551070363 1.173479281253777 1.0599145877548029 1.104870552047264 0.8700534963089528 2.0283407199480386 2.0646564996146113 0.974620706043265 0.6921858773764976 0.8856978573374523 0.9110244861498606 2.944717337314286 2.040815041640341 0.7522691609749963 2.0246021332655344 2.348332816923974 1.6561578621323119 1.6027993499171325
-9999.0 -9999.0 -9999.0 31.719954670508972 -9999.0 5.367640309136481 6.392348764690439 3.9825817775346346 2.3557441040215736 3.097771616475367 2.9902617832719924 3.0428035008538115 11.066221314881908 15.299718283461583 10.08045841197314 -9999.0 5.818051945404753 3.89678765636946 -9999.0 -9999.0 -9999.0 -9999.0 -9999.0 3.731794751038448 -9999.0 -9999.0 -9999.0 -9999.0 3.4098683160065812 3.1924244847839223 3.338844886074328 3.335865593025129 3.574189518611101 3.5548696886833477 3.2917055270360716 -9999.0 2.7843028929713274 2.8579082648760603 34.47021223935532 43.19874186030879 3.453508538501605 2.077862753199029 2.2983480004263632 2.2536480426174568 1.2315371012029062 1.0704638299374964 2.1281371127588122 2.1303206126013152 2.0615608895191544 1.0650497762637499 0.7988898075176942 0.6661338405718956 0.9388862653473813 2.0605901328698666 2.596012147007655 1.1008689903951399 0.875478215291916 2.007590092126171 2.31429729987536 1.6195391469687577 1.8237121346093468
-9999.0 -9999.0 -9999.0 4.22230051859052 -9999.0 4.2976915790292 5.431910385573992 4.632185360799105 -9999.0 -9999.0 -9999.0 -9999.0 15.74205191746076 -9999.0 -9999.0 -9999.0 -9999.0 7.785547365892608 -9999.0 -9999.0 -9999.0 -9999.0 2.086965117412645 5.429576279568006 -9999.0 5.677846780529161 4.081179422963093 4.109833583814359 5.673372245890951 4.935045885310075 5.342264728870555 3.6804463726115646 4.85290043454907 3.479641869053016 7.062177432874133 -9999.0 3.4972100422798 3.4445502314904948 3.423335012449926 -9999.0 7.465959761034568 7.089463285406717 1.4497134070158295 1.6768689853544874 1.2775735528126215 1.1585505830452447 0.9368072095119823 1.3561554298746925 1.4260292642522077 1.3639964128640265 0.6634343170399477 0.7168402892763197 0.7301048944106796 1.1305420431756503 3.2994686613613005 3.003233525884519 0.9866097031827394 1.5794279173944568 1.615858457240604 1.691898094300787 1.7013460652336603
-9999.0 -9999.0 -9999.0 5.251048421389654 3.2739957553412213 2.5076805989213065 5.222769886030364 3.6874041413290044 -9999.0 -9999.0 -9999.0 5.794395830802815 5.699159733074422 11.158288447259485 4.980962081864129 6.775518112824465 4.009819952680034 31.187660925375088 -9999.0 -9999.0 -9999.0 -9999.0 4.222171483288469 -9999.0 -9999.0 7.882788692328546 4.317978828786464 3.4178107838491845 -9999.0 7.569769322863812 5.640914534732392 3.3777143047451275 3.8671058548910504 3.689741148022758 5.799424629423268 -9999.0 -9999.0 -9999.0 -9999.0 3.527729196482382 2.4030582840710646 3.375271694304991 2.609569540433474 1.7114024926150329 2.2354762074635266 2.36341137810728 2.541918523940415 2.4121442971294202 2.686509218398374 2.33805790187172 0.7821662410667126 2.8118743052471213 2.5298543016191712 1.0281564250516504 2.187041246443164 2.5394292523914492 2.365680940254569 1.5380931402684013 1.540780031209557 1.4865583423706772 1.7009745799930458
-9999.0 2.321329940598604 3.926235746542147 6.547982053654021 6.720507970652703 4.955271088288581 3.5846035619906633 -9999.0 -9999.0 8.735036001196955 3.5418899403352957 11.71763290376926 -9999.0 -9999.0 -9999.0 -9999.0 8.339927899885108 10.570072068197382 -9999.0 -9999.0 -9999.0 -9999.0 -9999.0 -9999.0 -9999.0 5.718541059811506 4.306590306511892 -9999.0 5.477093730862279 5.248679152648887 14.450525334762162 8.708597484968061 -9999.0 5.443835659459999 5.3705298847788265 4.344704844676559 -9999.0 4.402342345310304 -9999.0 3.72744235849562 2.82625088142114 2.985472373188567 2.8694553654326747 2.506455013965129 1.8351782948439401 2.0213967265926156 1.9691533264559167 1.7771090541820795 0.8875974602190949 0.4670049077362053 0.612361946269127 0.5937676945818783 0.8913114936196213 0.8249065384889527 1.0951248336361605 1.8961273816703044 1.606980782412713 1.8484045770226791 1.4644517533405343 1.6034342853536743 1.6555597836842966
2.889182254514716 2.2241440344438654 5.511295296656141 8.344204677515158 -9999.0 3.215147185434047 4.525865663281116 -9999.0 -9999.0 -9999.0 -9999.0 -9999.0 -9999.0 -9999.0 -9999.0 -9999.0 -9999.0 -9999.0 -9999.0 -9999.0 18.522957690363455 -9999.0 -9999.0 2.2194527597421643 6.968747261399444 7.468410692954569 3.9855117252656043 4.668614293423181 4.5055436657160906 8.340520003762547 123.30683602272379 5.8604849979250035 4.431359202972401 5.2615694635601695 4.959195523009568 -9999.0 4.318829520750001 -9999.0 -9999.0 -9999.0 3.0742705756174367 7.22140705597663 2.437475208371462 2.3000377484580437 1.875760172749757 2.0893117191208637 1.8978280883103242 1.6754888569272857 -9999.0 -9999.0 -9999.0 1.4177769170631904 -9999.0 1.731136935366207 -9999.0 1.7685363541902015 1.7538313590358252 1.838505928476004 1.8254387912047811 2.0444000978019354 1.5850399602205463
2.7636912358079586 3.5410767927213516 4.5447447252741 2.915163387789046 3.3429475703166385 3.0456947964796046 -9999.0 7.38251298589214 6.0270304759497755 -9999.0 -9999.0 -9999.0 -9999.0 -9999.0 -9999.0 -9999.0 -9999.0 -9999.0 -9999.0 -9999.0 -9999.0 -9999.0 -9999.0 30.513033900959282 -9999.0 -9999.0 32.96080943499235 6.522755117075803 4.262968098462067 4.808947599351614 11.489440148963398 7.280263665672266 3.786574797835506 6.210340810149444 4.266791349493364 4.133661919871771 3.7438603965208648 3.9691229204112584 3.291805786160489 -9999.0 2.773142659326396 2.576492957293027 2.5639347994709167 2.0434610007631626 1.7910608748271386 1.9693890575693602 1.9449010971109812 1.650412067595793 1.4299220005819457 1.4750989825040355 1.4297303868651816 1.4130469992743668 1.5357016161473118 1.58112893928846 1.9557491324392062 1.7394515208436416 1.6183368206103925 1.6281182620029662 1.5657125971871928 1.4384688167911368 1.5145192686807707
24.329297836953895 11.445042976624473 2.687989457981794 3.905811307909264 5.410073100945931 -9999.0 -9999.0 -9999.0 -9999.0 -9999.0 220.34772953683049 7.419871053629512 6.175566293970763 -9999.0 6.371508211872244 10.758594824371748 -9999.0 -9999.0 -9999.0 -9999.0 -9999.0 -9999.0 18.564292259589863 17.22459006648083 -9999.0 -9999.0 -9999.0 -9999.0 -9999.0 4.247814255384094 4.231543376710404 4.298011084141182 3.8696898469300485 3.5166414891076245 3.3654414113398463 3.3301737099622537 3.2361889505824912 3.651509022629868 2.9159662060770577 3.247732049081146 2.590414040120025 4.431115451101536 2.725538685554673 2.6026896607690304 1.9029937317339582 2.011785543864295 1.5029384905921936 1.5536751657775316 1.3744304848869247 1.5132649800741154 1.2119207405083916 1.3504442654766529 1.2856846767912253 1.5287253309833804 1.7014891990159153 1.7764821470272394 1.6814515441258409 1.7167349610500329 1.6117874748073115 1.4560618597406787 1.4537441699418123
15.183144776213613 -9999.0 8.904602562785135 8.276798330372927 2.49754266334769 3.349561787312858 5.943627033617438 -9999.0 21.855155651385164 -9999.0 2.7189323741123648 10.570990680020047 -9999.0 8.82896500659545 2.653760098152976 2.8523161543041526 15.245612670917161 6.170016235312363 -9999.0 -9999.0 -9999.0 -9999.0 -9999.0 -9999.0 -9999.0 -9999.0 -9999.0 -9999.0 -9999.0 98.21252733750045 9.961679522877573 5.569178951110611 -9999.0 6.7379667664188565 -9999.0 4.886755400927899 -9999.0 3.2827618643801464 -9999.0 2.911716092379681 3.572283806936866 3.3772977585138744 2.4051321121770735 2.6537999156214895 2.2878755272543327 2.1249463773866957 1.874478336366913 0.8757365904541311 1.6953759220642097 1.705134702291469 1.4474107749610394 1.5413732055447773 1.3478027794420842 1.5715293406398003 1.6938358430532159 1.5947266936934619 1.3702762811040492 1.5114963793551486 1.6202059270300868 1.277401848489541 1.4857443727107624
