critload/trunk/output/2010/fnup_max_gw_ara.asc
ncols 720
nrows 360
xllcorner -180.0
yllcorner -90.0
cellsize 0.5
NODATA_value -9999.0
[rows 189 to 215 of 360, columns 366 to 426 of 720]
-9999.0 -9999.0 -9999.0 -9999.0 -9999.0 -9999.0 -9999.0 -9999.0 -9999.0 -9999.0 -9999.0 -9999.0 -9999.0 -9999.0 -9999.0 -9999.0 -9999.0 2.4681761852320525 2.4774846470465786 0.1241766269328595 2.565240678132003 2.564323190582197 0.003864083260161722 2.455656910529333 0.019708806195068648 0.004830683609278483 0.0228774061313905 0.019875792624744277 0.011766834996792973 0.02149674830823712 0.0144900601561698 0.012816602440660619 0.01642378438314408 0.013791789665988007 0.010984064692170066 0.017724252223609873 0.006518214399594375 0.007475297169666911 0.005602722121423885 0.006837858526241232 0.0067301873812205155 0.009552791784187433 0.007221560664591971 0.006718565539788077 0.0073336817465990654 0.010294006579425197 0.005176338497346661 0.006145382791678125 0.002147252564627318 -9999.0 2.5534981785569846 2.5505831900678726 -9999.0 4.6715778679505675 0.18974067249731036 -9999.0 0.13179914020379133 0.24881624670731026 0.19038542856568527 0.17999526118441475 0.2271148397434846
-9999.0 -9999.0 -9999.0 -9999.0 -9999.0 -9999.0 -9999.0 -9999.0 -9999.0 -9999.0 -9999.0 -9999.0 -9999.0 -9999.0 -9999.0 -9999.0 -9999.0 -9999.0 0.24480566998158815 2.5932186548951925 2.570140358380868 2.5655508510927247 0.002514552195459813 0.0022704362112499466 0.01123906171302746 0.022764405624281763 -9999.0 -9999.0 0.012812756891758566 0.021695297821343697 0.017230940609650244 0.01090576937179851 0.02923190685999013 0.020654085497586492 0.009327830359755505 0.017072430626580367 0.006834534094659191 0.00791968286264083 0.005130354883094792 0.00798348516094703 0.007228077192113665 0.006761162115676141 0.0050837590523724625 0.005858298994584082 0.0037321990232542577 0.004186873298800236 0.0008329770468572813 2.5615333592874943 2.566213508329047 -9999.0 -9999.0 -9999.0 -9999.0 4.711505244291131 0.11159136204065492 0.12106875444426451 0.1717527222952725 0.300629273333441 0.2277147916959833 0.8055069009878624 0.203658933624115
-9999.0 -9999.0 -9999.0 -9999.0 -9999.0 -9999.0 -9999.0 -9999.0 -9999.0 -9999.0 -9999.0 -9999.0 -9999.0 -9999.0 -9999.0 -9999.0 -9999.0 -9999.0 0.21998418493797184 2.6085402928339447 2.5668827466541595 2.5797813379588113 2.5672628225746563 0.04622664125955382 0.006706379776491329 -9999.0 0.006005138193556494 0.005174079131565075 0.014407581115296208 0.025349619912716954 0.021323762317531202 0.01913641908556273 0.007588646423983934 0.017252615631141693 0.015281877053797644 0.012440013512196764 0.01715828796730272 0.01745947640693996 0.009534118327721924 0.012596419294912786 0.004455578269930604 0.004873443938918399 0.006019545011088258 0.007772213147105284 0.003165388539410054 0.004098398853085751 0.0005371366289153858 2.5573679404503755 2.563875668462839 2.562918635017593 2.5678343875607186 2.5649267297198866 -9999.0 4.47515218205964 0.11607409042464857 0.10832741303052633 0.0020550296720697 0.22277038532130988 0.15801617936875148 0.2172238479802645 4.62829460475445
-9999.0 -9999.0 -9999.0 -9999.0 -9999.0 -9999.0 -9999.0 -9999.0 -9999.0 -9999.0 -9999.0 -9999.0 -9999.0 -9999.0 -9999.0 -9999.0 -9999.0 -9999.0 0.28300728147554083 0.4206347645827727 0.15590520066894695 0.0759887105021785 0.12030386077595497 0.08925122243530395 0.1439309517727866 0.14820578891079006 0.3053789892561314 2.569064185458004 0.018923409860321257 0.028121860482269792 0.019732037120645106 0.020717252994439554 0.015263328150887143 0.009470187698253526 0.008783858653383133 0.01092738042820107 0.007110919611393134 0.010782170547560992 0.00509545287759503 0.005334673555532314 0.0009257686801299019 0.0017754035128191624 0.0069325792357679316 0.0033011080735487275 2.560969401804411 2.5605332569663593 2.5652269414720728 2.56200386555112 2.5689407989282316 2.5708052008031306 2.5749215712490714 -9999.0 -9999.0 4.793494747994001 0.14015281705472815 0.14558979489236065 0.20524477167867 0.08412848063732851 0.1322996514866165 4.840472741492089 4.859820826349642
-9999.0 -9999.0 -9999.0 -9999.0 -9999.0 -9999.0 -9999.0 -9999.0 -9999.0 -9999.0 -9999.0 -9999.0 -9999.0 -9999.0 -9999.0 -9999.0 -9999.0 -9999.0 -9999.0 5.336738076089036 4.890761149292182 0.1502622534391469 0.15034613192060065 0.08857081985600732 0.1190885227822754 0.15440540640265107 0.2949645496730219 -9999.0 -9999.0 -9999.0 -9999.0 0.02005624250726455 0.017885794151915237 -9999.0 -9999.0 0.016254342118680907 0.009864882571636044 0.017836577421872533 2.5612778709335724 0.010122291099853362 0.0004726881849452432 0.0036088388203984315 2.5533894076681527 0.0032568038235356194 2.559392031679608 2.559534902378689 2.564933236399403 2.565260890615806 2.5710822148322032 2.512989624555765 -9999.0 -9999.0 -9999.0 -9999.0 4.709353694711747 0.10966391940014644 0.036386929672023845 0.15589881291877722 0.0927744745256455 0.014882748915306655 0.6201724077900399
-9999.0 -9999.0 -9999.0 -9999.0 -9999.0 -9999.0 -9999.0 -9999.0 -9999.0 -9999.0 -9999.0 -9999.0 -9999.0 -9999.0 -9999.0 -9999.0 -9999.0 -9999.0 -9999.0 0.009595750535521492 0.854157689491431 0.12731793414405498 0.11643519161631215 0.0939604323796173 0.07161240440767429 -9999.0 -9999.0 0.2859868413992055 2.566371240857243 0.020278994541056698 0.02029951890211056 0.015600676922650183 -9999.0 0.15077954783278263 -9999.0 -9999.0 -9999.0 2.5632399329434827 0.0033009409526319113 -9999.0 2.546423864074727 2.560280432497386 2.5606241411174695 2.5596048640299416 2.5648318117125246 2.5645924382269336 -9999.0 2.570400060705986 2.58313159910944 2.5777619792105515 2.582005249965432 2.5755235636477587 2.5825484617622703 2.581987226480994 -9999.0 0.1459024135740885 0.04337637963655549 0.12104663215204725 -9999.0 0.001124250134796271 0.1263933797525119
-9999.0 -9999.0 -9999.0 -9999.0 -9999.0 -9999.0 -9999.0 -9999.0 -9999.0 -9999.0 -9999.0 -9999.0 -9999.0 -9999.0 -9999.0 -9999.0 -9999.0 -9999.0 -9999.0 -9999.0 0.22700324132003386 0.1577921124750397 0.1254666286327747 0.12636498299616694 0.0875576024819833 -9999.0 -9999.0 0.37727961498401896 0.3516569257731776 -9999.0 -9999.0 -9999.0 0.005976405615975512 0.12963989342635532 0.1498871064582776 -9999.0 -9999.0 -9999.0 -9999.0 -9999.0 0.0012242210038972304 2.5600927573486785 2.559366611861045 0.0002606943524436424 2.564262048509122 -9999.0 2.5694675374888405 2.571191785901962 2.5604965246080975 2.582918194782373 2.581429348256006 -9999.0 -9999.0 2.57392163807804 -9999.0 5.034335903792839 0.10565840934069352 5.0205158147747575 5.140923169664384 0.08157447650535701 0.12569256353909125
-9999.0 -9999.0 -9999.0 -9999.0 -9999.0 -9999.0 -9999.0 -9999.0 -9999.0 -9999.0 -9999.0 -9999.0 -9999.0 -9999.0 -9999.0 -9999.0 -9999.0 -9999.0 -9999.0 -9999.0 0.10689002125944903 0.1795307206812262 0.1567541970457905 0.1192379824894801 0.07421082562258445 -9999.0 -9999.0 0.1837417299216441 -9999.0 -9999.0 -9999.0 0.1649547191212473 0.15168734760062216 0.14468725424344686 0.17090964326795416 -9999.0 -9999.0 -9999.0 -9999.0 2.561252763216827 2.562727270365083 -9999.0 2.5641921431748522 0.002708572362444885 2.5592911668433183 2.5685240167487007 2.5731306726295484 -9999.0 2.583678327673063 -9999.0 2.576278306128402 2.582992614872115 2.5868890833078395 2.600277342256437 2.6028580920876694 4.668507099916368 0.11914471461972757 0.10359739508553822 0.05641615984704664 5.60798968243337 0.17876672995664847
-9999.0 -9999.0 -9999.0 -9999.0 -9999.0 -9999.0 -9999.0 -9999.0 -9999.0 -9999.0 -9999.0 -9999.0 -9999.0 -9999.0 -9999.0 -9999.0 -9999.0 -9999.0 -9999.0 -9999.0 0.37626427066242263 0.27022005541806177 -9999.0 0.1038391072848979 0.07844328741184095 0.07050323979569832 -9999.0 0.19216927976628312 0.07053409147786271 -9999.0 -9999.0 0.21146176789399138 0.2069525497720372 -9999.0 -9999.0 -9999.0 0.2316996813912704 -9999.0 -9999.0 -9999.0 2.562050216760445 2.5622584984571377 0.001542270773214749 2.5602767093992016 0.49772892514735184 2.5705287050639973 -9999.0 -9999.0 -9999.0 -9999.0 2.5822025406430167 -9999.0 0.17304452785956526 7.752322580932738 -9999.0 0.210692470340312 0.1609964645169656 0.15345580908192194 0.029405837754192258 0.10994111486681617 0.09249201462517853
-9999.0 -9999.0 -9999.0 -9999.0 -9999.0 -9999.0 -9999.0 -9999.0 -9999.0 -9999.0 -9999.0 -9999.0 -9999.0 -9999.0 -9999.0 -9999.0 -9999.0 -9999.0 -9999.0 -9999.0 0.3384076828079756 0.16507167643194068 -9999.0 0.14902388263667837 0.1273892762670956 0.1445126481900838 0.09969742963576231 -9999.0 0.14326343963551888 -9999.0 -9999.0 -9999.0 -9999.0 0.20693201652032994 -9999.0 0.15963883818128125 0.19032446742060571 0.15734403152979692 -9999.0 2.567572465205708 2.566753992651367 2.567649227245476 2.5691325963865808 -9999.0 2.573396213913342 0.5863834638451123 2.5424069707369217 -9999.0 2.5778294557317336 2.575759027949156 2.5938107733052074 7.691919976244251 0.10623076984464663 0.11372933837054916 0.09889842925859385 0.08540734943375505 0.07929396923944962 0.21519290790826556 0.20797736568966002 0.1250371113074277 0.11049951002299548
-9999.0 -9999.0 -9999.0 -9999.0 -9999.0 -9999.0 -9999.0 -9999.0 -9999.0 -9999.0 -9999.0 -9999.0 -9999.0 -9999.0 -9999.0 -9999.0 -9999.0 -9999.0 -9999.0 -9999.0 0.192030370241949 0.10325966528503047 0.10091180678427468 0.13926291342205271 0.13093420821286814 -9999.0 0.11231683019811275 -9999.0 0.08693048104407189 0.1534230799851933 0.09709227172283849 -9999.0 -9999.0 -9999.0 0.24698952058841764 0.1604969053744864 0.15832761432973586 -9999.0 -9999.0 2.567835337751575 2.5679111564103354 2.5672018687634015 2.5694710980804567 -9999.0 -9999.0 2.572677848730323 2.5757132355614547 2.5558336399698085 2.579613822176738 2.5764575516158246 2.572972973172422 0.0571158260891387 0.12503583027690326 0.12291527710233757 0.09324526455357297 0.08748431096006491 0.08436757200904314 0.05045519532249691 0.018499763059451085 0.19321225573154796 0.3310584099460388
-9999.0 -9999.0 -9999.0 -9999.0 -9999.0 -9999.0 -9999.0 -9999.0 -9999.0 -9999.0 -9999.0 -9999.0 -9999.0 -9999.0 -9999.0 -9999.0 -9999.0 -9999.0 -9999.0 -9999.0 -9999.0 0.13063839323055793 -9999.0 0.1579967781148663 -9999.0 -9999.0 -9999.0 -9999.0 0.113761103574646 -9999.0 -9999.0 0.15253224294418136 -9999.0 0.18445086533896898 0.13369304899438716 0.14742363258338448 -9999.0 -9999.0 0.1607335568810162 2.573045416198076 2.5732775823052565 -9999.0 2.5729922753410124 2.5732594978360988 2.5675191029795514 2.5698430578466636 2.5795024813671623 2.569590890727645 2.580186156422543 -9999.0 2.5855425303858315 0.11320363700470662 0.10536719347924048 0.1102717308707764 0.091833613639657 0.0956016367980026 0.08353775426237288 0.0204792015856613 0.15944954579944784 0.16955345369255512 0.17098303384457483
-9999.0 -9999.0 -9999.0 -9999.0 -9999.0 -9999.0 -9999.0 -9999.0 -9999.0 -9999.0 -9999.0 -9999.0 -9999.0 -9999.0 -9999.0 -9999.0 -9999.0 -9999.0 -9999.0 -9999.0 -9999.0 0.1346529331229947 0.19959330577129242 0.1462736362667962 0.10556115174564282 0.08444598871779607 -9999.0 -9999.0 -9999.0 -9999.0 -9999.0 -9999.0 0.19102117593672852 0.13932510037497856 0.12343871979102315 0.14244499413512016 0.15906100765087905 -9999.0 0.1897429853696338 2.57171373038056 2.5726270345565103 2.5712067328384305 2.5765713085130084 2.5707886462194502 2.5706530025292413 2.5735485319814737 2.576735310421347 2.572701680584685 2.5820504184578037 2.579766360387619 2.59773283807868 0.10886143005619532 0.09754019697296978 -9999.0 0.08087990483043407 -9999.0 0.0855034892567947 0.0806746077545431 0.15975469110097285 -9999.0 0.22631606894379663
-9999.0 -9999.0 -9999.0 -9999.0 -9999.0 -9999.0 -9999.0 -9999.0 -9999.0 -9999.0 -9999.0 -9999.0 -9999.0 -9999.0 -9999.0 -9999.0 -9999.0 -9999.0 -9999.0 -9999.0 -9999.0 0.17364545874091963 0.30863369193669427 0.14656855398837468 0.14886301324099424 0.07533402723212264 0.07119611395891791 0.07852391483411685 -9999.0 -9999.0 -9999.0 -9999.0 0.15331139275295758 0.13556553959706405 0.13636437365241114 0.1493878423357199 0.038632703393874895 0.039239890193881743 0.11615909068114096 0.15458227240386127 0.10923061430203475 -9999.0 0.11230288552496309 -9999.0 2.5809836132425104 2.5737386268467266 -9999.0 2.5735431610723616 2.578391026250406 2.579756892029572 2.6032266628680185 0.09389438254198199 0.09114350209138967 0.22655922063149542 -9999.0 0.08548469235984583 0.06984339963921567 0.07678842680138247 0.11659445222035345 -9999.0 1.3931515744338883
-9999.0 -9999.0 -9999.0 -9999.0 -9999.0 -9999.0 -9999.0 -9999.0 -9999.0 -9999.0 -9999.0 -9999.0 -9999.0 -9999.0 -9999.0 -9999.0 -9999.0 -9999.0 -9999.0 -9999.0 -9999.0 0.007166535291730529 0.18636235028360154 0.11548992879344305 0.09786985686884779 0.11357669970484455 0.12740475242683905 0.1792637155880152 0.09891360400948601 -9999.0 -9999.0 -9999.0 -9999.0 0.15405573970693612 0.18049687297288783 0.07998246863408581 -9999.0 -9999.0 0.03918238114573836 0.04025760689332004 -9999.0 -9999.0 0.2005164102938159 -9999.0 -9999.0 -9999.0 -9999.0 -9999.0 2.5841128450100577 2.574537006700454 -9999.0 0.07726279121864162 0.0800964568391704 0.016110030615541567 -9999.0 0.15836209375340066 0.0791964998532892 0.09415456426267167 0.3126029311928702 0.31280427348561174 0.22065478920342677
-9999.0 -9999.0 -9999.0 -9999.0 -9999.0 -9999.0 -9999.0 -9999.0 -9999.0 -9999.0 -9999.0 -9999.0 -9999.0 -9999.0 -9999.0 -9999.0 -9999.0 -9999.0 -9999.0 -9999.0 -9999.0 5.132139549133913 0.732430902676456 0.1470274906742159 0.10744338133957719 0.10843816058409915 0.12450230067077953 0.3443859396226993 0.15848979539250374 0.17263001182678986 -9999.0 0.17078655998502243 0.16886069929626812 -9999.0 0.19495644853334473 0.04322456737993826 0.048450129523280414 0.051971848968279326 0.03985600665848659 -9999.0 -9999.0 -9999.0 -9999.0 -9999.0 -9999.0 0.07864134940175938 0.08372374779547223 -9999.0 -9999.0 2.60118131146706 2.6270795930157176 2.592231627103169 0.07178651949834733 0.08143971096228891 -9999.0 -9999.0 0.10763994154220304 0.17314522860260487 -9999.0 0.22551062257217114 0.16840822252464022
-9999.0 -9999.0 -9999.0 -9999.0 -9999.0 -9999.0 -9999.0 -9999.0 -9999.0 -9999.0 -9999.0 -9999.0 -9999.0 -9999.0 -9999.0 -9999.0 -9999.0 -9999.0 -9999.0 -9999.0 4.742735580748739 3.463709740808793 0.2579398264383345 0.12311644299251134 0.10406113314357 0.1745216692702423 0.13579084711426248 0.20107968951447958 0.11474146550914095 0.19084749768801892 0.18255452924131346 0.17747216305785013 0.1947762807453464 0.1955217020617545 0.1836534349497383 0.15575149847449157 0.05229603163504756 0.04937219436683552 0.046509065197343095 0.0067719477562501375 -9999.0 0.1207985055216252 -9999.0 -9999.0 -9999.0 -9999.0 -9999.0 -9999.0 -9999.0 0.08751259415573016 0.07408902275538697 2.5939118019996603 2.594346245873433 2.594770735513356 0.09402586428540644 0.11247291314139145 0.12977002819302283 -9999.0 -9999.0 0.1729371573622395 0.8635724444463385
-9999.0 -9999.0 -9999.0 -9999.0 -9999.0 -9999.0 -9999.0 -9999.0 -9999.0 -9999.0 -9999.0 -9999.0 -9999.0 -9999.0 -9999.0 -9999.0 -9999.0 -9999.0 -9999.0 -9999.0 0.3339497707264817 0.19276495443746622 5.143962335615496 0.15421712082545314 0.18059173308365548 0.13861407917564944 0.12695176313559867 0.18523943049763963 0.4080715005431886 -9999.0 0.20392506540275 0.19574190831138874 0.20773040525768327 0.22127119505992618 0.3156548047627166 -9999.0 0.17388333830099556 0.026631650992391804 0.030083424961896574 0.07081716205121912 0.30065987998080596 0.26747348934555576 0.03548006371829974 0.2612347500606516 0.17929752950076652 0.11985536720329913 -9999.0 -9999.0 0.07099319958273018 0.06783930370114291 0.12327467045782547 0.08997733461762612 2.591990194702179 0.08825396563489477 0.10101905755843794 0.097869819843387 0.20982908113883755 -9999.0 0.20858353820678685 0.2031960818421 0.6987176838489425
-9999.0 -9999.0 -9999.0 -9999.0 -9999.0 -9999.0 -9999.0 -9999.0 -9999.0 -9999.0 -9999.0 -9999.0 -9999.0 -9999.0 -9999.0 -9999.0 -9999.0 -9999.0 -9999.0 0.12903463342201213 0.031558327792506904 2.29452571344158 0.16573747763235108 0.2304990676814702 0.19841957167948374 0.13213560428746765 0.11773165556056259 0.6457829573067 0.599909553618388 -9999.0 0.2107548449885169 0.2424007683195669 0.23773888398782567 0.3542831152233969 0.38124276572632465 0.4710793710321472 0.3075999728155547 0.26549330528930526 0.024046604609516135 0.06809563013840367 0.3261115388913215 0.26089552833855995 0.23905349320583472 -9999.0 0.24303872870881163 0.12007922736505565 -9999.0 0.070840365881426 0.05070497430523703 0.08973052344828344 0.13877690078799834 0.24433252507589487 0.16161624906540817 0.159131625968686 0.08961510862106212 0.22033998856480888 0.128091615885615 0.23550980010048275 0.13837993821800465 0.16588347346781984 1.0064098374335833
-9999.0 -9999.0 -9999.0 -9999.0 -9999.0 -9999.0 -9999.0 -9999.0 -9999.0 -9999.0 -9999.0 -9999.0 -9999.0 -9999.0 -9999.0 -9999.0 -9999.0 -9999.0 4.358714371426115 0.16642005277282151 0.2686245954563783 0.20335404295514423 0.23006661882076002 4.144789701001811 0.1567823232523074 -9999.0 0.1503895465344277 -9999.0 0.4773033869135068 0.4195113582513332 0.3327607928707759 0.3282305030783155 0.3383729998793431 0.6210655603569875 0.29536587723719937 -9999.0 -9999.0 0.31188528215737377 -9999.0 -9999.0 0.059015248160301154 0.13484093215922532 -9999.0 0.6110714166764889 0.2565410759390202 -9999.0 -9999.0 -9999.0 0.05083765593648621 0.07991967170521203 0.28207233844357704 0.31121815353850796 0.24549747563361105 0.11410961364025414 0.2408632081534873 0.24320348884203594 0.2575732335845141 0.2116246955750929 0.17588104266037755 0.039746801145706626 0.04865437269950762
-9999.0 -9999.0 -9999.0 -9999.0 -9999.0 -9999.0 -9999.0 -9999.0 -9999.0 -9999.0 -9999.0 -9999.0 -9999.0 -9999.0 -9999.0 -9999.0 -9999.0 -9999.0 -9999.0 0.0006361646137586843 0.18453176587920442 0.23547912346322464 0.8321897121829336 0.305158646377136 0.24021500613906213 0.19753259549531194 0.1759529949169693 0.1557129628943019 0.6874464448349674 0.46914312777057443 0.5279686681655242 0.0446703862232584 0.007602898075705103 0.8882895293602099 -9999.0 0.33814454001374383 -9999.0 -9999.0 -9999.0 -9999.0 0.07838275648481219 0.22708881835286673 0.5530104433087585 0.2593360725777811 0.2279311829600779 -9999.0 -9999.0 0.17872751980079205 0.25199191868222515 0.16968246128616107 0.1973479124906258 0.19964769590922601 0.13767344448333735 -9999.0 0.15986476962417154 0.28828233526216435 0.15646608348850924 0.0663439736822376 0.002617691612590548 0.08546275928705999 0.04236040883716048
-9999.0 -9999.0 -9999.0 -9999.0 -9999.0 -9999.0 -9999.0 -9999.0 -9999.0 -9999.0 -9999.0 -9999.0 -9999.0 -9999.0 -9999.0 -9999.0 -9999.0 -9999.0 4.51548079961035 0.3536449253562668 0.11420592963766266 0.2870771128597951 4.484073021168469 -9999.0 5.085876550164317 4.968013322616852 0.1993448402936647 0.8360700365157945 0.5351400168101408 0.5984374708716512 0.5773708746529799 0.02296754436845595 0.8235383302036188 0.026066890376065688 -9999.0 -9999.0 -9999.0 -9999.0 0.01128413477585451 0.09743295895548658 0.25364213164573235 0.2577942398868855 0.35730136537471513 0.31325545933548626 -9999.0 -9999.0 0.011800954696010621 0.6921648186990665 0.33104741547561445 0.2277529208090622 0.19439931863065962 0.23352261637970578 0.19715100586025755 -9999.0 0.19239466603668517 0.12422045746578485 0.12200206472838966 0.1050826158555497 0.08183895627052962 0.09715329835229257 0.050953921893351975
-9999.0 -9999.0 -9999.0 -9999.0 -9999.0 -9999.0 -9999.0 -9999.0 -9999.0 -9999.0 -9999.0 -9999.0 -9999.0 -9999.0 -9999.0 -9999.0 -9999.0 -9999.0 -9999.0 -9999.0 0.03786894304326446 0.48870679083452956 5.954671573293039 5.327140131537512 3.3273005957104265 5.000948258284478 0.6087143144593438 0.9248683789778894 1.2962522043556344 1.1092532589492505 -9999.0 -9999.0 -9999.0 -9999.0 -9999.0 -9999.0 -9999.0 0.0006606906888525419 0.003999112041012844 0.009617531287210563 0.012688640598896492 0.19571937166618023 -9999.0 -9999.0 0.5190437969155028 -9999.0 0.02593385034753944 0.09441864002745798 -9999.0 0.16434475672249688 0.16394712619005472 0.13059961039161136 -9999.0 -9999.0 6.974218076758521 0.009925161717390463 0.07108922469322719 0.05385422708983097 4.674619916181151 0.0810169072878422 0.09588075288970635
-9999.0 -9999.0 -9999.0 -9999.0 -9999.0 -9999.0 -9999.0 -9999.0 -9999.0 -9999.0 -9999.0 -9999.0 -9999.0 -9999.0 -9999.0 -9999.0 -9999.0 -9999.0 -9999.0 -9999.0 0.15085192469513214 6.138724687079519 6.571627186728994 6.301190781488016 0.13155542475941684 5.175045415300532 5.110293954059489 3.9228970146445694 -9999.0 -9999.0 -9999.0 -9999.0 -9999.0 -9999.0 -9999.0 -9999.0 -9999.0 -9999.0 -9999.0 -9999.0 -9999.0 -9999.0 0.42434695349858753 0.5198535401107838 0.6109393002720074 -9999.0 0.02170724475249299 0.3594556027770457 0.5051454800097563 0.34259311851094787 0.22728154733578687 0.2000494897872452 0.8107325452118755 0.732184980409362 1.2095039439436892 0.38021763809224307 1.0568821009503897 0.23934393718427133 0.12208889295411514 0.1723337029487288 0.09939528500451969
-9999.0 -9999.0 -9999.0 -9999.0 -9999.0 -9999.0 -9999.0 -9999.0 -9999.0 -9999.0 -9999.0 -9999.0 -9999.0 -9999.0 -9999.0 -9999.0 -9999.0 -9999.0 -9999.0 0.1403734676158879 0.031217313723085283 0.3786260315956497 5.698954684530716 5.85573039512059 6.335216514560235 6.366212419104955 5.948587127817365 -9999.0 -9999.0 4.7297830818632285 -9999.0 -9999.0 -9999.0 -9999.0 -9999.0 -9999.0 -9999.0 -9999.0 -9999.0 -9999.0 -9999.0 0.5180067896498879 0.6653805068747738 0.6221970694986408 0.5436428626388624 -9999.0 10.798225211326962 11.175869810083116 0.778511098162023 8.229329815639996 8.244392043152752 -9999.0 0.9103992435888745 1.3253876906095228 0.4015485373733168 0.5074290987294585 1.0422821592197864 0.7461375950450642 1.2486448689559166 0.7979970666468434 0.013388860370430055
-9999.0 -9999.0 -9999.0 -9999.0 -9999.0 -9999.0 -9999.0 -9999.0 -9999.0 -9999.0 -9999.0 -9999.0 -9999.0 -9999.0 -9999.0 -9999.0 -9999.0 -9999.0 -9999.0 -9999.0 4.353216454467468 4.522260665832439 -9999.0 0.40154050118345 5.658273486823271 5.714349660820763 4.981900478723343 2.3766462822377354 5.524308980017502 5.41045640166506 5.284543668428478 0.462928757797708 -9999.0 -9999.0 -9999.0 -9999.0 -9999.0 -9999.0 -9999.0 5.361836190594879 -9999.0 -9999.0 0.6803929070922378 0.5050374110175802 0.11105158809971342 12.359349406804515 9.401040587947804 0.7909759538329297 0.17640963473145027 10.686938840149056 0.5395477554223262 2.5104235877110708 0.36427729614952925 1.0501218548722981 0.4918097110792688 0.25782353113143 0.3526407728020742 0.9987069814625241 0.6808358080096479 0.4819267513067707 0.08067433264027248
-9999.0 -9999.0 -9999.0 -9999.0 -9999.0 -9999.0 -9999.0 -9999.0 -9999.0 -9999.0 -9999.0 -9999.0 -9999.0 -9999.0 -9999.0 -9999.0 -9999.0 -9999.0 -9999.0 -9999.0 0.026584497963252126 6.338659968913701 6.016625478557808 0.7295150548752803 0.45361482608565373 0.22483955195558913 0.7714496724246939 6.53817453713494 6.591520179024943 6.718780048202439 6.5558525177392 6.38402758643747 0.8300424793693976 0.8584213707718995 1.0918294898889758 5.03403043039071 5.485641688302374 5.441147767387859 5.467849146490472 1.7702456396044566 6.491533710669111 -9999.0 8.542504985398597 2.098558104080512 0.03752161045995454 0.3038860234795531 0.33613084366881757 0.5069419554511635 0.7388589082341013 0.37084997594879193 1.0058119029532493 2.866010024149472 0.27063972696917543 0.9097391006611992 0.8919575895181867 0.1563538217187339 0.4975413533262454 0.3519210513253713 0.9672731155079639 0.7619355689625351 0.03569381531419737
