critload/trunk/output/2010/frn_ara.asc
ncols 720
nrows 360
xllcorner -180.0
yllcorner -90.0
cellsize 0.5
NODATA_value -9999.0
[rows 90 to 119 of 360, columns 402 to 468 of 720]
0.641564799913553 1.0 1.0 0.2666295961321496 1.0 0.18057214288978973 0.2816343331783131 0.20007609772467358 0.7253171661242748 0.40988287824708114 0.5947046606893521 0.6050908060614161 0.7001504182824404 0.5817169486571017 0.7690328329455723 0.5460334465066579 1.0 0.0 -9999.0 -9999.0 -9999.0 -9999.0 -9999.0 -9999.0 1.0 0.5628841095001491 1.0 1.0 1.0 -9999.0 -9999.0 -9999.0 0.8690379403098019 0.6594297485849305 1.0 0.8676220332113161 0.7887053193807453 0.6524626664745564 0.7853916224251609 0.8887458694520874 0.7884719384320247 0.8677438480371106 0.8941310882777489 0.9099773759823697 0.8364749836845151 0.8320640504727039 0.4463652042215129 1.0 1.0 1.0 1.0 0.13086930300802604 -9999.0 -9999.0 -9999.0 -9999.0 -9999.0 -9999.0 -9999.0 -9999.0 -9999.0 -9999.0 -9999.0 -9999.0 -9999.0 -9999.0 -9999.0
0.852942686521476 1.0 0.4436068370631566 0.49959800100267854 0.6703604252574114 0.2562466243615356 0.5220081445765887 0.3547515462286375 0.37128370991482906 0.7365388616303816 0.6944049149670198 0.45114198785651854 0.5329534439207372 0.5069169226455185 0.8994872852463769 0.5829326415218794 -9999.0 -9999.0 -9999.0 -9999.0 -9999.0 -9999.0 -9999.0 -9999.0 -9999.0 1.0 -9999.0 -9999.0 -9999.0 -9999.0 -9999.0 -9999.0 -9999.0 -9999.0 1.0 1.0 1.0 1.0 1.0 1.0 0.7350696397216614 0.8239736822823052 0.8063313651154248 0.9124461122535809 0.870692231187254 0.869218191738063 0.8609182697929701 0.4403377190181795 0.30955220119794963 1.0 0.19171052564442298 0.4384026081283496 -9999.0 -9999.0 -9999.0 -9999.0 -9999.0 -9999.0 1.0 -9999.0 -9999.0 -9999.0 -9999.0 -9999.0 -9999.0 -9999.0 -9999.0
0.7338135096889671 1.0 0.4935367709234374 0.6907466890748851 0.7262407081032477 0.8515826052236642 0.5205305783282245 0.518785410111654 0.6280739598268366 0.5779322032973285 0.7803422234243877 1.0 0.6506152222129727 1.0 0.8591544693116695 0.5951573952756583 -9999.0 -9999.0 -9999.0 -9999.0 -9999.0 -9999.0 -9999.0 -9999.0 -9999.0 -9999.0 -9999.0 -9999.0 -9999.0 -9999.0 -9999.0 -9999.0 -9999.0 -9999.0 -9999.0 -9999.0 -9999.0 1.0 1.0 1.0 1.0 1.0 1.0 1.0 0.8563989195969123 0.9149540330389253 0.9149143320424336 0.8847794769541928 0.3823060618810666 1.0 1.0 0.7168689778291861 0.5471479808294881 -9999.0 -9999.0 -9999.0 -9999.0 -9999.0 -9999.0 -9999.0 -9999.0 -9999.0 -9999.0 -9999.0 -9999.0 -9999.0 -9999.0
1.0 0.7643179955169461 1.0 1.0 1.0 1.0 0.637125577528245 0.3725025046441021 0.7637833729456309 0.7654211243818438 0.6147911062989728 0.5302680074574972 1.0 0.4798660018064878 0.7945877575368417 0.6763176981625271 -9999.0 -9999.0 -9999.0 -9999.0 -9999.0 -9999.0 -9999.0 -9999.0 -9999.0 -9999.0 -9999.0 -9999.0 -9999.0 -9999.0 -9999.0 -9999.0 -9999.0 -9999.0 -9999.0 -9999.0 -9999.0 1.0 1.0 1.0 1.0 1.0 1.0 1.0 1.0 1.0 0.7140850852962408 0.8902810681702553 0.8085252719180186 0.7498333701169109 0.7053164464129316 0.6675676912063018 0.4238089400020559 -9999.0 -9999.0 -9999.0 -9999.0 -9999.0 -9999.0 -9999.0 -9999.0 -9999.0 -9999.0 -9999.0 -9999.0 -9999.0 -9999.0
0.3283314358364106 1.0 1.0 1.0 1.0 1.0 1.0 1.0 1.0 1.0 1.0 1.0 0.7770674542367103 0.5531318163891452 -9999.0 -9999.0 -9999.0 -9999.0 -9999.0 -9999.0 -9999.0 -9999.0 -9999.0 -9999.0 -9999.0 -9999.0 -9999.0 -9999.0 -9999.0 -9999.0 -9999.0 -9999.0 -9999.0 -9999.0 -9999.0 -9999.0 -9999.0 -9999.0 -9999.0 -9999.0 0.6654779470355878 1.0 1.0 -9999.0 -9999.0 1.0 1.0 1.0 1.0 1.0 1.0 1.0 0.2838675356523129 0.4693054050476878 -9999.0 -9999.0 -9999.0 -9999.0 -9999.0 -9999.0 -9999.0 -9999.0 -9999.0 -9999.0 -9999.0 -9999.0 -9999.0
0.3844868742507444 0.6103430469141169 1.0 1.0 1.0 1.0 0.7707993748282281 0.8343552185658023 0.7935174144735585 0.8307296160431143 0.7720695227540493 0.8523052337931367 0.6794828228099747 -9999.0 -9999.0 -9999.0 -9999.0 -9999.0 -9999.0 -9999.0 -9999.0 -9999.0 -9999.0 -9999.0 -9999.0 -9999.0 -9999.0 -9999.0 1.0 -9999.0 -9999.0 -9999.0 -9999.0 -9999.0 -9999.0 -9999.0 -9999.0 -9999.0 -9999.0 -9999.0 -9999.0 0.8085464786820528 0.8339139557952678 0.861272764427884 1.0 1.0 1.0 1.0 1.0 1.0 1.0 1.0 1.0 0.2799143345834307 0.5169874962797297 -9999.0 -9999.0 -9999.0 -9999.0 -9999.0 -9999.0 -9999.0 -9999.0 -9999.0 -9999.0 -9999.0 -9999.0
1.0 0.41260810729595154 0.397071427368117 1.0 1.0 1.0 1.0 1.0 1.0 0.8083960158232916 0.7621946124198608 0.8943104736377067 0.8369883878478798 1.0 1.0 -9999.0 -9999.0 -9999.0 -9999.0 -9999.0 -9999.0 -9999.0 0.5550250961352403 1.0 1.0 0.8081981618184658 1.0 0.715138365664427 0.5445158458261504 0.7853483648101892 1.0 -9999.0 -9999.0 -9999.0 -9999.0 -9999.0 -9999.0 -9999.0 -9999.0 -9999.0 -9999.0 1.0 1.0 1.0 1.0 1.0 1.0 0.12442696034317344 0.19107227097017157 0.21514500156452254 0.8577268677425234 1.0 1.0 1.0 0.26918034264497337 0.6431519162059005 -9999.0 -9999.0 -9999.0 -9999.0 -9999.0 -9999.0 -9999.0 -9999.0 -9999.0 -9999.0 -9999.0
0.7305581390641551 0.14038367442533578 0.3741089384933606 0.41212234078951937 0.4495866398482737 0.5187697456054569 0.512053470168978 0.4174953662112995 0.5538325769550249 0.4568464310128124 0.5664643311767563 0.9329035712602562 0.945809522060037 0.9300818280359777 1.0 0.6376090800943238 0.9141029655153419 1.0 0.620220299384713 1.0 0.4160556304634716 1.0 1.0 0.6945482711616735 1.0 0.5148992184229048 0.36488158341802057 1.0 1.0 0.6722848242853333 0.5536968480019424 0.8358409995377721 1.0 1.0 -9999.0 -9999.0 1.0 -9999.0 -9999.0 1.0 1.0 1.0 1.0 0.5452273147520503 1.0 0.09557252018310511 1.0 0.15510104267462319 0.13012629480529303 1.0 1.0 0.730145257710732 1.0 1.0 1.0 0.3519770735206728 1.0 -9999.0 -9999.0 -9999.0 -9999.0 -9999.0 -9999.0 -9999.0 -9999.0 -9999.0 -9999.0
0.4961049131367731 0.4328607746896875 0.6780563177273754 0.6447418444226873 0.3353728922329796 0.4035886520968489 0.3684417592951036 0.5030030252691593 0.27592188307408166 0.2608653225438788 0.847848975346321 0.7082370632289134 0.631406718769663 1.0 -9999.0 1.0 1.0 1.0 0.5886920173903301 1.0 0.37053475149052684 0.34600438999600536 0.3996900124456235 0.3635224528613195 1.0 1.0 1.0 0.7730390894301774 0.7952956166322726 0.8476136969989164 1.0 1.0 1.0 0.4761432805113008 0.4483671561395244 1.0 1.0 1.0 1.0 1.0 1.0 1.0 0.45477628830139966 0.5968679442366307 0.7182887217479363 0.44612755873798315 0.22228515923227068 1.0 1.0 0.15318369267439283 0.20843308467017596 0.40754602447106403 0.5107303764792104 0.451442996074943 0.4904812158544335 1.0 1.0 1.0 1.0 -9999.0 -9999.0 -9999.0 -9999.0 -9999.0 -9999.0 -9999.0 -9999.0
0.5253656840715573 0.3196725928450969 0.38039750183272647 0.5937220404640954 0.31436561310701117 0.15595936725230838 0.020719844679600866 -9999.0 -9999.0 0.10277235515048519 1.0 0.593620767012089 0.7041956467101029 0.7495313471934479 0.7765042148649071 1.0 0.5725290525962018 0.809049668142628 1.0 1.0 0.28440654229223494 1.0 0.6262668373855507 0.6462493993972517 1.0 0.6558016323644593 0.7978320209862864 0.6875978118794019 1.0 1.0 1.0 1.0 1.0 1.0 1.0 1.0 1.0 1.0 1.0 1.0 0.39838652729793217 1.0 1.0 0.7032000306193991 0.5850396736659357 1.0 0.6534360704297043 0.3989398076715339 1.0 1.0 1.0 1.0 0.8664504354691277 0.7893890661917298 1.0 0.1600736832267626 0.03538533367965158 1.0 1.0 -9999.0 -9999.0 -9999.0 -9999.0 -9999.0 -9999.0 -9999.0 -9999.0
0.2537130062397513 0.4454020108864329 0.4126863968470739 0.3478189977254387 0.2071893830609616 0.25805072160276166 -9999.0 -9999.0 0.29003982905137315 -9999.0 0.5989253926219394 0.48331125896900795 0.47457524419412195 0.7546217683940485 1.0 0.3271968541320213 1.0 0.40261422184516393 0.6357467897268733 0.8000871929207115 0.7737811317082876 0.7376633197017676 0.79886504385526 0.6939660728578635 0.7080076041945919 0.7413019503495217 0.8000516408042954 0.7196232512409306 0.7505064690600083 0.6301150343138459 1.0 0.48163530886257905 0.602276397557995 1.0 1.0 1.0 1.0 1.0 1.0 1.0 0.5770122506803834 1.0 1.0 1.0 0.7541816060687603 0.6591303761110269 0.7977594735891788 0.4465487647494793 1.0 1.0 1.0 1.0 0.3167954440405781 0.8675375509347766 0.7532299890892872 0.588905606129568 1.0 -9999.0 -9999.0 -9999.0 -9999.0 -9999.0 -9999.0 -9999.0 -9999.0 -9999.0 -9999.0
0.3077761311302322 0.4716297226458247 0.6953817558562817 0.2794982480157617 0.21772326722963373 0.32138204388860936 -9999.0 -9999.0 -9999.0 0.010335576306569798 0.19942018193585406 0.538166544510031 0.6773326168494972 1.0 1.0 1.0 0.5876628269293729 0.5623711323525018 0.738964020924888 1.0 0.8712525118308108 0.9593329964614757 0.9595743609686412 0.9596654725287403 0.799779707610679 0.7306684307904048 0.7525795675495813 0.8260269881515402 0.8006606862188917 0.7013105622284648 0.6654333233986757 0.6019018243681296 1.0 0.3630118875703229 1.0 1.0 1.0 1.0 1.0 1.0 0.32817520612724627 0.5594160850684194 0.7701153191646465 0.6857432449041788 1.0 1.0 0.5109255667110706 0.5305650524774304 0.13751780058686588 0.02674365168146656 1.0 1.0 1.0 0.5039702126332263 0.8679554031031329 0.5997669015779838 0.2925131035660271 -9999.0 -9999.0 -9999.0 -9999.0 -9999.0 -9999.0 -9999.0 -9999.0 -9999.0 -9999.0
0.41264797379071066 0.1022576520552945 0.13781526401444974 0.26726472187164013 0.234151315939777 0.2255226727425834 0.2461320115623034 0.08625149956587772 -9999.0 0.12822512012172577 1.0 0.6778379830654366 0.6560330920600157 0.8962014365692929 0.6886312255323924 1.0 0.7468806390804191 0.6623034378510281 0.7757723269731435 0.7418065772358327 0.7819415499660148 0.7706753659349986 0.9598317596251197 0.941190578214906 0.909903794204485 0.9596054985850314 0.7438858080803814 0.6576107645310809 0.7298070410163152 0.513844925164225 0.5762055710376849 1.0 0.5280684422595475 0.47936059225408123 0.5653689302711531 0.5050099338401656 0.6656603952277805 0.6455754283937799 0.542093603607706 1.0 1.0 0.7078240837313529 0.7854429729466239 0.7072254660447423 1.0 0.4617395820081694 0.4330079044189246 1.0 0.5671229722116695 1.0 0.22733172482386546 0.3284222690281495 1.0 1.0 1.0 0.3716661607662289 -9999.0 -9999.0 -9999.0 -9999.0 -9999.0 -9999.0 -9999.0 -9999.0 -9999.0 -9999.0 -9999.0
0.6067282241211404 0.2821716489824847 0.15309352363099027 0.19991293907278743 0.28348864805181373 0.20405451555825774 0.15589715584779476 0.15800277169043211 -9999.0 0.1409071213942433 0.14852500776880212 1.0 0.7731860184857733 1.0 1.0 1.0 0.7690907701498733 0.8535912690926983 0.854766259806034 0.5920264989028647 0.806297645409562 0.8771101624305595 0.883430791431937 0.9124375846005706 0.9119163552295833 0.9330651985549298 0.9143203490008076 0.7922557447943713 0.712432545129758 0.6978174390740463 1.0 0.659766458441562 0.5636040465584143 0.5532325740945024 0.676458974194718 0.259823136404834 0.5642112266768405 0.6771641057847432 0.8269132314823994 0.8936322764616668 0.7383564346407497 1.0 1.0 1.0 0.44304082947549805 1.0 1.0 0.6792640082623153 1.0 0.7652311783068013 0.5311987493483278 1.0 0.46290899428467813 0.5733498130084151 0.5469054573003692 0.5449859902342498 -9999.0 -9999.0 -9999.0 -9999.0 -9999.0 -9999.0 -9999.0 -9999.0 -9999.0 -9999.0 -9999.0
0.6764100979554487 0.3494567432569502 0.1615313883635149 0.32931058321068407 0.09734227803533475 0.21422088926894675 0.16132639937849927 0.14658928507391583 0.1317598641730508 -9999.0 0.07717021002269268 0.20932647919907862 0.8694288188147876 0.7499090918734111 1.0 1.0 0.7832881953068244 0.7310935670344305 1.0 1.0 1.0 0.8043821153057297 1.0 0.9582720842076045 0.9042280556100726 0.9498162201696542 0.8737056501115232 0.48812244485986883 1.0 1.0 1.0 1.0 0.41974379853069327 0.6509254736378787 0.8129593661320363 0.7235862206504885 0.7701459529741543 0.6808762450838715 0.7913887374866179 0.8517891542814071 0.7381388790762545 0.7277404465453009 1.0 1.0 1.0 1.0 1.0 0.49892901749360286 0.7845237025087625 0.6342693759885039 0.43214899335307816 1.0 1.0 0.5211811530902645 1.0 0.30938367612475903 0.8203051655581942 -9999.0 -9999.0 -9999.0 -9999.0 -9999.0 -9999.0 -9999.0 -9999.0 -9999.0 -9999.0
-9999.0 0.32942733117822776 0.2765532209267188 0.11750769539680965 0.14342399340986958 -9999.0 -9999.0 0.08197189634198065 0.25451743409862826 0.10206832749140017 -9999.0 0.01925245413608377 0.5783944716335792 1.0 1.0 1.0 1.0 0.7112979392471704 0.7062194663898232 1.0 1.0 1.0 1.0 0.7754449471077839 0.9420392103896789 0.7168628357683302 1.0 1.0 0.5743844530153898 0.9158206661045347 0.7552198341338734 0.7935184986681998 0.6089082932476494 0.6455541996906393 0.7038340826080636 0.7281972500757516 0.7504082509764896 0.8613414265891919 0.8624742780917273 0.8025179428023654 0.7580660788296267 0.7722111420987754 0.8799598219109924 1.0 1.0 1.0 1.0 1.0 0.9062607114512955 0.6975735226691239 0.8196382535227172 1.0 1.0 0.5910057980818229 1.0 1.0 0.7171013800027337 0.816247508389512 0.5507760344539655 -9999.0 -9999.0 -9999.0 -9999.0 -9999.0 -9999.0 1.0 1.0
-9999.0 0.45046733678373696 0.12028197220535122 0.2025193045292363 0.16589154556153932 -9999.0 0.13580007109197517 0.15090642846826535 0.06565517099361538 0.0900894304059409 0.02086766263814379 -9999.0 1.0 1.0 1.0 1.0 1.0 1.0 1.0 0.7712099921629443 0.855564999157691 1.0 1.0 1.0 1.0 1.0 1.0 0.8812419791079482 0.9314239603600054 0.8493248189266085 0.6668222408194163 1.0 0.8299589975870726 0.7290652582506729 0.9212720691675406 0.9127527356061471 0.9009000339121216 0.5125460685083 0.5126198369762625 0.921255110874838 0.9208168574181033 0.9211436700804837 1.0 1.0 1.0 1.0 1.0 1.0 0.8313505845449851 0.5301191973753957 1.0 0.3566720793031981 0.411414539116215 1.0 1.0 1.0 1.0 1.0 0.48640472976116705 0.5980626874935944 1.0 0.4997380339838782 -9999.0 -9999.0 1.0 0.5954222877497273 0.5531372283710301
-9999.0 -9999.0 0.1413938815598515 0.21677456848328244 0.17369396490236713 -9999.0 -9999.0 -9999.0 0.4951606867343663 -9999.0 -9999.0 -9999.0 -9999.0 0.09865621940721193 0.1324372461412577 -9999.0 1.0 1.0 0.6632659448374749 -9999.0 -9999.0 -9999.0 0.4987395256001251 1.0 1.0 1.0 0.9196269013374637 -9999.0 -9999.0 1.0 0.8542623735929705 1.0 0.9193620055759967 0.7941921973092542 0.6524445970380962 1.0 1.0 0.8200131223821878 0.5034947065249817 0.6872627305353968 0.4009004027636307 0.8410820697504994 0.834575472561519 1.0 0.8437667476757376 0.9127389015560318 0.508144865394922 0.8107993727910005 0.6486555278327707 0.8252566824196307 1.0 1.0 1.0 0.656104465595867 0.6810132991822067 1.0 0.5577860260910651 1.0 0.6337108902156469 1.0 0.35379122668639434 0.4936488407273054 1.0 1.0 1.0 1.0 1.0
-9999.0 -9999.0 -9999.0 -9999.0 -9999.0 0.2780204322922298 0.29759231089482957 -9999.0 -9999.0 -9999.0 -9999.0 -9999.0 0.07859832440990254 0.22434932577484387 -9999.0 -9999.0 -9999.0 -9999.0 -9999.0 -9999.0 -9999.0 -9999.0 -9999.0 -9999.0 -9999.0 -9999.0 -9999.0 -9999.0 -9999.0 0.5605544406700813 0.3618260844422384 1.0 0.769799650058191 1.0 1.0 1.0 0.3445108582726358 0.4260087457423077 0.3215021657224434 0.3891039742107607 1.0 1.0 1.0 1.0 0.5272978651660427 0.655064810195704 0.48469399792504736 0.23864726561153674 0.704149979975185 1.0 1.0 0.4508622669269508 1.0 0.7857196171239423 1.0 0.6555306588489405 1.0 1.0 1.0 1.0 0.5473734115744663 1.0 1.0 1.0 1.0 1.0 1.0
-9999.0 -9999.0 -9999.0 -9999.0 -9999.0 0.2874995764788634 0.2514662462427899 0.2742837851169139 0.6142061411285228 0.29161384449866734 0.19905559172793746 -9999.0 0.23924120693822945 -9999.0 -9999.0 -9999.0 -9999.0 -9999.0 -9999.0 -9999.0 -9999.0 -9999.0 -9999.0 1.0 1.0 1.0 1.0 -9999.0 -9999.0 0.851495485290005 1.0 1.0 0.6387929844627908 1.0 -9999.0 1.0 -9999.0 1.0 0.3034250122636668 1.0 1.0 -9999.0 1.0 1.0 1.0 0.538493656048144 0.6171137156554497 0.4450709608618171 0.5750509277125218 0.7925680738605639 0.8362446148889029 1.0 1.0 1.0 0.7471799095261846 0.7517734551664996 1.0 1.0 1.0 1.0 1.0 0.683549812405177 1.0 1.0 1.0 -9999.0 -9999.0
-9999.0 -9999.0 -9999.0 -9999.0 -9999.0 -9999.0 -9999.0 0.2979446894071318 -9999.0 -9999.0 -9999.0 -9999.0 -9999.0 -9999.0 -9999.0 -9999.0 -9999.0 -9999.0 -9999.0 -9999.0 -9999.0 -9999.0 1.0 1.0 1.0 0.8460783684148717 -9999.0 -9999.0 -9999.0 1.0 0.4185722039039732 0.4156380194177172 1.0 1.0 1.0 1.0 -9999.0 -9999.0 1.0 0.4340994136625719 1.0 -9999.0 -9999.0 -9999.0 1.0 1.0 1.0 0.700530496168115 0.4831212404911372 0.6776371231895664 1.0 1.0 1.0 1.0 0.5845165499374877 1.0 1.0 1.0 1.0 1.0 1.0 1.0 -9999.0 -9999.0 -9999.0 -9999.0 -9999.0
-9999.0 -9999.0 -9999.0 -9999.0 -9999.0 -9999.0 -9999.0 -9999.0 -9999.0 -9999.0 -9999.0 -9999.0 -9999.0 -9999.0 -9999.0 -9999.0 -9999.0 -9999.0 -9999.0 -9999.0 -9999.0 -9999.0 -9999.0 -9999.0 -9999.0 -9999.0 -9999.0 -9999.0 -9999.0 1.0 0.5346766297457313 1.0 1.0 1.0 -9999.0 -9999.0 -9999.0 -9999.0 -9999.0 1.0 1.0 1.0 1.0 1.0 -9999.0 1.0 0.6366285818588957 0.7951212806064736 0.6804809878493574 0.6364764118517118 1.0 1.0 1.0 1.0 1.0 1.0 1.0 0.7279181095867354 1.0 1.0 1.0 1.0 -9999.0 -9999.0 -9999.0 -9999.0 -9999.0
-9999.0 -9999.0 -9999.0 -9999.0 -9999.0 -9999.0 -9999.0 -9999.0 -9999.0 -9999.0 -9999.0 -9999.0 -9999.0 -9999.0 -9999.0 -9999.0 -9999.0 -9999.0 -9999.0 -9999.0 -9999.0 -9999.0 -9999.0 -9999.0 -9999.0 -9999.0 -9999.0 -9999.0 1.0 1.0 1.0 1.0 1.0 -9999.0 -9999.0 -9999.0 -9999.0 -9999.0 -9999.0 -9999.0 -9999.0 -9999.0 -9999.0 1.0 1.0 1.0 0.8590083355451213 0.908832902800926 0.7291594323554734 1.0 1.0 1.0 1.0 1.0 1.0 1.0 0.5267373569524807 1.0 1.0 1.0 1.0 1.0 1.0 -9999.0 -9999.0 -9999.0 -9999.0
-9999.0 -9999.0 -9999.0 -9999.0 -9999.0 -9999.0 -9999.0 -9999.0 -9999.0 -9999.0 -9999.0 -9999.0 -9999.0 -9999.0 -9999.0 -9999.0 -9999.0 -9999.0 -9999.0 -9999.0 -9999.0 -9999.0 -9999.0 -9999.0 -9999.0 -9999.0 -9999.0 -9999.0 0.907006855060187 1.0 1.0 1.0 -9999.0 -9999.0 -9999.0 -9999.0 -9999.0 -9999.0 -9999.0 -9999.0 -9999.0 -9999.0 -9999.0 1.0 1.0 1.0 0.5888132293062815 0.9115445977091202 1.0 1.0 1.0 0.28188632394531216 1.0 1.0 1.0 1.0 1.0 1.0 1.0 1.0 1.0 1.0 1.0 1.0 -9999.0 -9999.0 -9999.0
1.0 0.27868635525025587 1.0 1.0 1.0 -9999.0 -9999.0 -9999.0 -9999.0 -9999.0 -9999.0 -9999.0 -9999.0 -9999.0 -9999.0 -9999.0 -9999.0 -9999.0 -9999.0 -9999.0 -9999.0 -9999.0 -9999.0 -9999.0 -9999.0 -9999.0 -9999.0 1.0 1.0 0.91997329506222 0.6779422525861158 0.5849540768069393 -9999.0 -9999.0 -9999.0 -9999.0 -9999.0 -9999.0 -9999.0 -9999.0 -9999.0 -9999.0 -9999.0 -9999.0 -9999.0 1.0 0.8185882554486105 0.9116212367897537 0.9114755998262845 1.0 1.0 0.5778153185331071 0.2963641716807031 1.0 1.0 0.13810343683848894 1.0 0.24781751429374624 1.0 0.5191839515079377 1.0 0.8378831145574814 1.0 1.0 -9999.0 -9999.0 -9999.0
1.0 1.0 0.2849826533906957 1.0 1.0 1.0 -9999.0 -9999.0 -9999.0 -9999.0 -9999.0 -9999.0 -9999.0 -9999.0 -9999.0 -9999.0 -9999.0 -9999.0 -9999.0 -9999.0 -9999.0 -9999.0 -9999.0 -9999.0 -9999.0 -9999.0 -9999.0 0.860905290905768 1.0 0.7606523893757928 1.0 1.0 -9999.0 -9999.0 -9999.0 -9999.0 -9999.0 -9999.0 -9999.0 -9999.0 -9999.0 -9999.0 -9999.0 -9999.0 -9999.0 -9999.0 0.3864682476426074 1.0 1.0 1.0 1.0 1.0 0.5314573783403762 0.6977351968506418 0.8133656665939129 0.7884431550612118 1.0 0.26711773473242717 0.30593757166969604 0.6437982275302714 0.5679109098910626 1.0 1.0 1.0 -9999.0 1.0 1.0
1.0 0.5693138090206055 0.293279326742928 1.0 -9999.0 1.0 1.0 1.0 0.262650981604453 0.9383276174041534 0.9390476795489721 -9999.0 -9999.0 -9999.0 -9999.0 -9999.0 -9999.0 -9999.0 -9999.0 -9999.0 0.934697358002928 -9999.0 -9999.0 -9999.0 -9999.0 -9999.0 -9999.0 0.8851629743848701 1.0 0.719560534666241 1.0 1.0 -9999.0 -9999.0 -9999.0 -9999.0 -9999.0 -9999.0 -9999.0 -9999.0 -9999.0 -9999.0 -9999.0 -9999.0 -9999.0 -9999.0 1.0 0.5796025404975141 1.0 1.0 0.6592265074571225 1.0 0.9068189516239896 0.4056485416526921 0.7611914505383705 0.9215664541206059 1.0 0.4274968315611003 0.32259089242030986 0.4702780067805386 0.5377987363398039 1.0 1.0 -9999.0 1.0 1.0 1.0
1.0 0.8457302350775152 -9999.0 -9999.0 -9999.0 -9999.0 -9999.0 -9999.0 -9999.0 -9999.0 -9999.0 -9999.0 1.0 0.9384636105989175 0.8911076066555595 1.0 -9999.0 0.9370469536488851 0.9411238393541022 0.937880368588055 0.933565576491381 0.9068015967443438 0.8966801056653341 1.0 1.0 0.9043653935807361 0.9275626927452761 1.0 1.0 1.0 1.0 -9999.0 -9999.0 -9999.0 -9999.0 -9999.0 -9999.0 -9999.0 -9999.0 -9999.0 -9999.0 -9999.0 -9999.0 -9999.0 -9999.0 -9999.0 -9999.0 1.0 1.0 1.0 0.7053135265145413 1.0 0.577521872868968 0.6267095407627421 0.9045689368380295 0.8194282571458812 0.4665234086852538 0.5139362341943674 0.3397297331307704 0.37486740427008336 0.4369819024024487 1.0 1.0 1.0 1.0 1.0 1.0
-9999.0 -9999.0 -9999.0 -9999.0 -9999.0 -9999.0 -9999.0 -9999.0 -9999.0 -9999.0 -9999.0 -9999.0 -9999.0 -9999.0 -9999.0 -9999.0 1.0 1.0 1.0 0.9401777460041193 0.9381374636142944 0.9401848990125026 1.0 -9999.0 -9999.0 -9999.0 1.0 -9999.0 1.0 1.0 -9999.0 -9999.0 -9999.0 -9999.0 -9999.0 -9999.0 -9999.0 -9999.0 -9999.0 -9999.0 -9999.0 -9999.0 -9999.0 -9999.0 -9999.0 -9999.0 -9999.0 -9999.0 1.0 1.0 1.0 1.0 1.0 1.0 1.0 0.7478584383866791 0.7736766507420193 0.36899442989200887 0.6058878854237901 0.5201777559295103 0.5408016461258744 0.41999977639969016 0.5011887236006668 0.45908700400914754 1.0 1.0 -9999.0
-9999.0 -9999.0 -9999.0 -9999.0 -9999.0 -9999.0 -9999.0 -9999.0 -9999.0 -9999.0 -9999.0 -9999.0 -9999.0 -9999.0 -9999.0 -9999.0 -9999.0 -9999.0 -9999.0 1.0 0.8918490444542071 1.0 1.0 1.0 -9999.0 -9999.0 -9999.0 -9999.0 -9999.0 1.0 -9999.0 -9999.0 -9999.0 -9999.0 -9999.0 -9999.0 -9999.0 -9999.0 -9999.0 -9999.0 -9999.0 -9999.0 -9999.0 -9999.0 -9999.0 -9999.0 -9999.0 -9999.0 -9999.0 -9999.0 -9999.0 -9999.0 -9999.0 1.0 1.0 1.0 1.0 1.0 1.0 1.0 1.0 0.4702119511389313 0.5787833426229059 0.5407938641419016 1.0 1.0 1.0
