critload/trunk/output/2010/frn_ara.asc
ncols 720
nrows 360
xllcorner -180.0
yllcorner -90.0
cellsize 0.5
NODATA_value -9999.0
[rows 150 to 179 of 360, columns 335 to 401 of 720]
1.0 1.0 0.3065905802973975 1.0 1.0 0.34647766663246665 0.3729213643638023 1.0 0.2726725992893749 1.0 1.0 0.21173902206085235 0.033804755097804555 -9999.0 1.0 1.0 0.14001125108439758 1.0 1.0 1.0 1.0 -9999.0 1.0 1.0 1.0 1.0 1.0 1.0 1.0 1.0 1.0 -9999.0 -9999.0 1.0 1.0 1.0 1.0 1.0 1.0 1.0 1.0 1.0 1.0 -9999.0 -9999.0 -9999.0 -9999.0 -9999.0 -9999.0 -9999.0 -9999.0 -9999.0 -9999.0 -9999.0 -9999.0 -9999.0 -9999.0 -9999.0 -9999.0 -9999.0 -9999.0 -9999.0 -9999.0 -9999.0 -9999.0 1.0 1.0
0.19150700483687397 1.0 0.2128227702981565 1.0 1.0 1.0 1.0 1.0 1.0 1.0 1.0 0.16019749214047244 1.0 1.0 1.0 0.054870730384114656 1.0 1.0 1.0 1.0 -9999.0 -9999.0 1.3982606762535199e-05 -9999.0 1.0 1.0 -9999.0 1.0 1.0 1.0 1.0 -9999.0 1.0 1.0 1.0 1.0 1.0 1.0 1.0 1.0 1.0 1.0 1.0 1.0 1.0 -9999.0 -9999.0 -9999.0 -9999.0 -9999.0 -9999.0 -9999.0 -9999.0 -9999.0 -9999.0 1.0 -9999.0 -9999.0 -9999.0 -9999.0 -9999.0 -9999.0 -9999.0 -9999.0 1.0 1.0 1.0
1.0 1.0 1.0 1.0 1.0 1.0 1.0 1.0 1.0 0.5148383215734174 0.34640589925887677 1.0 0.2221812699703491 0.1445212547156908 1.0 1.0 0.3965049280572578 1.0 1.0 1.0 1.0 1.0 -9999.0 1.0 1.0 -9999.0 1.0 1.0 1.0 1.0 1.0 1.0 1.0 1.0 1.0 1.0 1.0 1.0 1.0 1.0 1.0 1.0 1.0 1.0 1.0 1.0 1.0 1.0 -9999.0 1.0 1.0 1.0 -9999.0 1.0 1.0 1.0 1.0 1.0 -9999.0 -9999.0 1.0 1.0 1.0 -9999.0 1.0 1.0 1.0
1.0 1.0 1.0 1.0 1.0 1.0 1.0 1.0 0.29216101118418514 0.33354170473473077 1.0 0.5178939150834793 0.4532056624067084 1.0 0.3256925166632659 0.3964257695905814 0.2706901679869769 0.18446423587244684 0.3049834607955257 1.0 1.0 0.25476764256995704 0.19191987319426787 1.0 1.0 1.0 0.36130184347025696 1.0 1.0 1.0 1.0 1.0 1.0 1.0 0.11475947404096341 1.0 1.0 1.0 1.0 1.0 1.0 1.0 1.0 1.0 1.0 1.0 1.0 1.0 1.0 1.0 1.0 1.0 0.04801504426220791 -9999.0 -9999.0 1.0 1.0 1.0 1.0 1.0 1.0 1.0 1.0 1.0 1.0 1.0 1.0
1.0 1.0 1.0 -9999.0 1.0 1.0 1.0 1.0 1.0 1.0 0.3076143662938551 0.4688309036738393 0.3470131133534656 0.6266809176696433 0.5146031832794086 0.48208277524032717 0.37304360499763334 1.0 0.25554906480865214 1.0 0.32701118469641877 1.0 0.3231566010035446 1.0 1.0 0.4048488591387016 1.0 0.2883488159659651 1.0 1.0 1.0 1.0 1.0 1.0 0.22494691454928634 0.5269160770943033 0.6777101923723727 0.5659201891641751 0.5572268935542215 0.4774102140686148 0.49422056336691106 0.46405329780089344 1.0 1.0 1.0 1.0 1.0 1.0 1.0 1.0 1.0 1.0 1.0 1.0 1.0 1.0 1.0 1.0 1.0 1.0 1.0 1.0 1.0 1.0 1.0 1.0 1.0
1.0 0.034137658080097284 1.0 -9999.0 1.0 1.0 1.0 1.0 1.0 0.40782294453016626 1.0 0.40958707566094377 0.3750821639956067 0.33378517670800445 0.34196684650832876 0.43867671618801335 0.432241649587933 1.0 0.35764685847075983 0.28168793411813436 0.5474169026508496 1.0 1.0 0.4673529080237271 0.531765677245877 1.0 1.0 1.0 1.0 1.0 1.0 0.8083067270461254 1.0 1.0 0.4533360029545501 0.5767058035444723 0.3964787892410543 0.38569262999532855 0.6059824688130284 0.6108027603993842 0.839656542359478 0.6599219927044074 0.7464783763132085 0.793625693142976 1.0 1.0 1.0 1.0 1.0 0.08452877508019288 1.0 1.0 1.0 1.0 1.0 1.0 1.0 1.0 1.0 0.08432761194549772 0.21704835215533236 1.0 0.16774616842860243 1.0 1.0 1.0 1.0
0.17505358650341288 0.07104432816642214 1.0 1.0 1.0 1.0 1.0 1.0 0.3034353151909297 0.2850429919451821 0.24850961883184014 0.49079941219699746 0.3962665512225581 0.4068817312647125 0.21814376560834695 0.3425284341703998 0.512678108140298 0.26560647373160257 0.38349656336687327 0.3430429637123804 0.4322833338659326 0.4660502538933212 1.0 0.6745198521539317 0.6008968872392954 1.0 1.0 0.27191125879259714 0.25839639794722485 1.0 1.0 0.3869595878770433 0.6291374332276828 0.4825174135707615 0.4102879180116101 0.4382408011533319 0.37330571341567764 0.4584838820230105 0.47517216214044106 0.6887801531177422 0.8909811489763153 0.8908652417058248 0.9130040376388846 0.8721651457356621 0.7170407962389747 0.6313266370838209 0.5029812364177385 0.5098749787711682 0.5480800272355397 0.6993322205307165 0.5728002519637003 1.0 1.0 1.0 1.0 1.0 1.0 0.3046328251167576 0.2670832346764367 0.28644517632650884 1.0 1.0 1.0 1.0 1.0 1.0 1.0
1.0 1.0 0.1848398831046605 0.1760978826365245 1.0 1.0 1.0 0.4340703241282728 0.2970858807574808 0.22778310853491776 0.4096541394553233 0.31227537988471454 0.40628905775642227 0.45351718634076393 0.27347795511208034 0.1772919859304933 0.31126732870937585 0.2527771565487838 1.0 0.1564310289884825 0.47653707372679094 1.0 1.0 0.39968609128258875 0.5939153937502127 0.5094967868591376 1.0 1.0 1.0 0.22511235881371514 0.37312792304900566 1.0 0.30969178270527115 0.4490790216426487 0.47317201681872434 0.5878741431583192 0.6115529867195748 0.525849105898224 0.44346083067911585 0.7564097743726121 0.9125706154265518 0.8761907521925069 0.7500521791540691 0.6203767381814901 0.8765205222428113 0.7281596138352042 0.5796199805815918 0.5956381542414582 0.5311621135769407 0.4996668280124285 0.39475741909527146 0.27442514731776263 0.42332598222488044 0.6287714651540434 1.0 0.1573671533783739 1.0 0.25754066211425314 0.22296047903070618 1.0 1.0 1.0 1.0 1.0 1.0 1.0 1.0
0.24792718571061068 1.0 0.2085173199622581 0.15303356540206908 1.0 1.0 1.0 1.0 0.07492943392034739 1.0 1.0 0.28104429597012864 0.4095786770767944 0.3313528898168014 0.3651804533061 1.0 0.32678356354993116 1.0 1.0 0.38071184073711983 0.3681174995640722 0.28680630779426386 0.3026034607610998 0.41460216771494096 0.5669418541973915 0.31631928083861394 0.42594989412739437 1.0 1.0 1.0 0.3189284696301719 1.0 0.31766572188416686 0.3449038520706523 0.45155878531883153 0.5251613815631713 0.5355032582827504 0.48217805881020476 0.45128189110967015 0.5393929856144694 0.7367912409942342 0.6928716231615858 0.5246730980728721 0.4821593575227642 0.6674538240336735 0.4586624716658926 0.4364321099591308 0.5269294772086571 0.44569776064122 0.3599466050113238 0.28402647226102345 0.29832517364329103 0.4520120671174959 0.7014374513953018 0.6099942346815599 1.0 1.0 1.0 0.21249958087653573 1.0 1.0 1.0 1.0 1.0 1.0 1.0 1.0
0.2849884373305718 0.21866980006658607 0.17845157070088952 1.0 1.0 0.01980832198550566 1.0 0.031025848409180618 1.0 1.0 1.0 0.4313468648292612 0.6040549250284196 0.6593851090523768 0.7271848424524374 0.18902689997072317 1.0 1.0 1.0 0.309970768673027 0.2955338492355257 1.0 0.27995811101562984 0.43778072049223965 0.5525330292230357 0.46036917936855376 0.5712220301342241 1.0 1.0 1.0 1.0 1.0 0.10815218934249449 1.0 0.43808592236131433 0.5471584201950154 0.40250168905477846 0.5414206302384067 0.4862705436460307 0.4531212765411177 0.6156439943623137 0.4881484408703908 0.7204121615760803 0.46350286287043385 0.5224998074966106 0.5551077762265014 0.6029259740110042 0.7561681251566497 0.4266866557397412 0.3277235711053514 0.3930289842552938 0.4929687279709649 0.5419362934363727 0.7925352472965214 0.8682589781985857 0.5437674566882734 1.0 1.0 1.0 1.0 1.0 1.0 1.0 1.0 1.0 1.0 1.0
1.0 1.0 1.0 0.033163687873559694 1.0 1.0 1.0 1.0 1.0 1.0 1.0 0.12912956193204614 0.29300522032848164 0.34425078574351914 1.0 1.0 1.0 1.0 0.06139505556085961 0.38839585006168753 0.3776521624175642 1.0 0.3833793237774003 0.5906007344856468 0.4582276299529065 0.5012175218202373 0.400855944453523 0.42522562818493803 0.46848285306285303 1.0 1.0 1.0 1.0 1.0 0.20276698001703433 0.25159878952765147 0.3673011339235712 0.4940247370128376 0.5048385450294284 0.5619984152419342 0.5247881038414262 0.6146049854514045 0.684497342076259 0.5053476596837126 0.652393741908035 0.5537535689399301 0.5493011555982383 0.5951973516005719 0.4931263789979381 0.49864254335216235 0.522483182236797 0.4860909982661884 0.46983990907470274 0.28535089320389423 1.0 0.3890162302849419 1.0 1.0 1.0 1.0 1.0 1.0 0.2059823961755374 1.0 1.0 1.0 1.0
1.0 1.0 1.0 1.0 0.21343369659575318 1.0 1.0 1.0 1.0 1.0 1.0 1.0 0.17542314296177297 0.30540729539395106 1.0 0.01009678768397625 1.0 -9999.0 1.0 0.28344868530536216 1.0 1.0 0.3020806774994027 0.44319231542235266 0.27411804865906847 0.31275093173805374 0.6364618647236991 0.28201311492195974 1.0 1.0 1.0 0.2736402880929982 0.16456094174459976 0.12099004779219442 0.17875237395860766 0.20859807884835213 0.3382622869416392 0.5565214328038977 0.3693381324469321 0.4806595609354093 0.330776321420827 0.39356650244739105 0.49904670857789163 0.6566881568854449 0.45559363732116553 0.4348916703054474 0.5315763608574071 0.5671003255614333 0.5878650594608393 0.5884886030570116 0.5662873335300409 0.6254447800562501 0.5426820285498599 0.24463749533649326 1.0 1.0 0.34304614538421746 1.0 1.0 1.0 1.0 1.0 1.0 1.0 1.0 1.0 -9999.0
1.0 0.37715614573394074 0.223061202120703 0.1374790778919466 0.5691890826543338 0.5416373697192735 0.29220751694893815 1.0 1.0 1.0 1.0 1.0 1.0 1.0 0.005213387422212222 1.0 1.0 1.0 1.0 1.0 1.0 1.0 0.26638427106078794 0.20095937574438621 0.33119484951212985 0.4017941522151945 1.0 0.44833664557365766 1.0 1.0 1.0 0.11100449251588175 0.3460812054337831 0.29223487719739893 0.22015071149779028 0.15393619995451224 0.2404821041969467 0.33329763974440957 0.25480371422658127 0.3371791567575411 0.3801895742883261 0.4854646617632015 0.42311373520164514 0.5387798112120966 0.49132166018164275 0.5579451250853521 0.5664924375526231 0.44936431226715345 0.5991563871847593 0.5685713667560596 1.0 1.0 1.0 1.0 1.0 1.0 1.0 1.0 1.0 1.0 0.32756880855659964 0.36360872529524313 1.0 1.0 1.0 1.0 1.0
0.3281783947495561 0.3537401814430728 1.0 0.20671940128999663 1.0 1.0 0.47189093030473644 0.48424348541315365 0.2844942332613823 0.16068336736254885 1.0 1.0 1.0 0.12821383093532993 0.22607816497449068 1.0 1.0 1.0 1.0 1.0 1.0 0.15189959327387947 0.24440333997320646 0.35352106701272556 0.38573364606677 0.3786581382656577 1.0 0.3283924207173484 1.0 1.0 1.0 0.1946801861015194 0.3327265531254728 0.2403660531492246 1.0 1.0 1.0 1.0 0.23550991689363723 0.2471976297709929 0.284294393425842 0.29433833483085964 0.2886285307238003 0.23449590540116938 0.46336733701340355 0.4743315650836461 0.3269139338923409 0.14536028474025964 1.0 1.0 1.0 1.0 1.0 1.0 1.0 1.0 1.0 1.0 1.0 1.0 0.36704449066378897 0.29207663824941776 0.13208265866478006 1.0 -9999.0 -9999.0 -9999.0
0.2635812231341853 0.33392881522717655 0.3123952198176898 1.0 1.0 1.0 1.0 0.6112501561148713 1.0 1.0 1.0 0.40904787631909184 0.281068740135945 0.3910394838803314 1.0 0.1287179413863695 0.28228409307403574 0.5203405615678128 0.44293586784713923 0.2774958926205374 0.35723727988867443 0.24702960789926412 0.1835378839061651 0.2923645179713924 1.0 1.0 0.20733445240684084 0.32846949195239594 0.3236114048545064 0.3821869289424561 0.08022927413578809 0.23566960808830298 0.3240799285738373 0.2692627851964205 0.27140722627343566 0.2882048676261498 1.0 0.17360051011701005 0.2524533197671291 1.0 0.24055752474724199 1.0 0.32896804501084104 0.3370542832413956 0.43308335202222487 0.35227824384622897 0.09861559328708143 1.0 1.0 1.0 1.0 1.0 1.0 1.0 1.0 1.0 1.0 0.14668864567315515 0.031898119949319785 1.0 1.0 -9999.0 1.0 -9999.0 -9999.0 -9999.0 -9999.0
1.0 0.2310569868355444 1.0 1.0 1.0 1.0 1.0 1.0 1.0 0.5985274175791383 0.7273187144502232 0.60153026175253 0.5376758625883596 0.5679522272400198 0.4638520914555546 1.0 0.41267162615888564 0.6001710247716988 0.614985365539012 0.37702099511509496 0.3197577084735323 0.32802699144271 0.23121746829754855 0.3017117247352273 0.17594023200119005 1.0 0.20340287496212425 0.3409089008752469 0.35671445025018594 0.4479491434909607 0.4491346996682835 0.3536921771204971 0.38053319017529363 0.374003308552154 0.3092753433863052 0.32723574383019316 0.31233764940814995 0.25902805325198036 0.2501601825362348 1.0 0.19554846204785545 1.0 0.40103992163651914 0.5249618615247661 0.42485993580064024 1.0 1.0 1.0 1.0 1.0 1.0 1.0 1.0 1.0 1.0 -9999.0 1.0 1.0 1.0 1.0 1.0 1.0 -9999.0 1.0 -9999.0 -9999.0 -9999.0
-9999.0 -9999.0 0.5216969370366107 0.514359872771471 0.5426743590376071 0.5873120823345994 1.0 1.0 0.6804900806421732 1.0 0.695921738554922 0.6640449909328926 0.6369937973904363 0.6462308159260793 0.5033570046858926 1.0 0.5361057171057729 0.6171486162402293 0.5919791831820489 0.32617136132359836 0.3685510332420158 0.3991030268864395 0.4115671254114177 0.38838816686574 0.21290929253861968 0.25850583371375324 0.3428154939718655 0.4337308174374837 0.3870314657973426 0.39568890307615157 0.504859870679932 0.3783938988905842 0.17966920061105068 0.301986654372415 0.41439650558006175 0.2267939689271409 0.24601125347919672 0.3043795555251027 0.28503896890997593 0.24408050131046646 1.0 0.30342114472483345 0.280815561448213 0.35602662101096766 1.0 1.0 1.0 1.0 1.0 1.0 1.0 1.0 1.0 1.0 1.0 1.0 1.0 1.0 1.0 1.0 1.0 1.0 -9999.0 1.0 1.0 -9999.0 -9999.0
-9999.0 -9999.0 -9999.0 1.0 0.44448082933642546 1.0 1.0 1.0 1.0 1.0 0.5952562091805098 0.6855750833277814 0.5274827805417818 0.5591762898132671 0.653869266354126 0.5854892458575186 0.5665774242058917 0.6724369595130264 0.6368993643985349 0.40603747637132587 0.29186131905549295 0.3613532284589081 0.35880173064944254 0.3669956266849293 0.48894036253689943 -9999.0 0.3434431368955156 0.6636419616158631 0.623152553400124 0.306868464467573 0.31532533244746636 1.0 1.0 0.20846488184401563 0.3449286236566055 0.24095591540129455 0.2765203128979975 0.41972862168113234 0.27077534770650513 0.33089392817564545 0.2726717919718244 0.5982331927485603 0.2343767681577803 1.0 1.0 1.0 1.0 1.0 1.0 -9999.0 1.0 1.0 1.0 1.0 1.0 1.0 1.0 1.0 -9999.0 1.0 -9999.0 -9999.0 -9999.0 1.0 -9999.0 -9999.0 -9999.0
-9999.0 -9999.0 -9999.0 -9999.0 0.09898994349580217 1.0 1.0 1.0 -9999.0 1.0 1.0 0.7019903819441066 0.6383184508227919 1.0 0.6319486402263103 0.6509015692425436 0.6074634423781948 0.47875621782371364 0.6569166777428432 1.0 0.39331432509323094 0.37934677697578745 0.33223721491790953 0.49550208804052914 0.3663868861801755 0.33999537649592654 1.0 -9999.0 -9999.0 -9999.0 -9999.0 -9999.0 -9999.0 -9999.0 1.0 1.0 0.21517261971977297 0.27859578999126716 0.22526866361699416 0.383263476419436 0.2973183511183976 0.3024313893445437 1.0 1.0 1.0 0.14404380207804568 1.0 1.0 -9999.0 -9999.0 1.0 1.0 1.0 1.0 1.0 1.0 1.0 1.0 -9999.0 -9999.0 -9999.0 -9999.0 -9999.0 1.0 1.0 1.0 1.0
-9999.0 -9999.0 -9999.0 -9999.0 -9999.0 0.014187885328132966 1.0 1.0 1.0 1.0 1.0 0.6868893034358396 0.7222560379927103 1.0 0.6317112827122969 0.628044362883198 0.6924498073140742 0.4828394045845136 0.5398939319072833 1.0 1.0 0.47419921439307183 0.5194168313648129 0.5305144121954986 1.0 -9999.0 -9999.0 -9999.0 -9999.0 -9999.0 -9999.0 -9999.0 -9999.0 -9999.0 -9999.0 1.0 1.0 1.0 1.0 0.28250433197905495 0.31519571053819956 0.11935887394851269 1.0 1.0 1.0 0.25707749727297335 1.0 1.0 1.0 1.0 1.0 1.0 1.0 1.0 -9999.0 1.0 -9999.0 -9999.0 -9999.0 1.0 -9999.0 -9999.0 -9999.0 1.0 1.0 1.0 -9999.0
-9999.0 -9999.0 -9999.0 -9999.0 -9999.0 -9999.0 -9999.0 1.0 1.0 1.0 0.5659399388724053 0.6293655262189345 0.7134590406623087 -9999.0 -9999.0 -9999.0 -9999.0 -9999.0 -9999.0 -9999.0 0.5709916047402402 0.6006924620457895 -9999.0 -9999.0 -9999.0 -9999.0 -9999.0 -9999.0 -9999.0 -9999.0 -9999.0 -9999.0 -9999.0 -9999.0 -9999.0 0.0 0.022684927823497254 1.0 1.0 0.208875811965526 0.3117973264312542 0.167823640442498 1.0 1.0 1.0 1.0 1.0 1.0 1.0 1.0 1.0 1.0 1.0 1.0 1.0 -9999.0 1.0 -9999.0 -9999.0 -9999.0 -9999.0 1.0 -9999.0 -9999.0 1.0 1.0 1.0
-9999.0 -9999.0 -9999.0 -9999.0 -9999.0 -9999.0 -9999.0 -9999.0 -9999.0 1.0 0.5470884984461623 -9999.0 -9999.0 -9999.0 -9999.0 -9999.0 -9999.0 -9999.0 -9999.0 -9999.0 -9999.0 -9999.0 -9999.0 -9999.0 -9999.0 -9999.0 -9999.0 -9999.0 -9999.0 -9999.0 -9999.0 -9999.0 -9999.0 -9999.0 -9999.0 -9999.0 1.0 1.0 -9999.0 -9999.0 -9999.0 -9999.0 0.20629035808387158 0.2542730212657917 0.1151950360785411 1.0 1.0 0.406593315866034 1.0 1.0 1.0 1.0 1.0 1.0 1.0 1.0 1.0 -9999.0 -9999.0 1.0 -9999.0 1.0 1.0 1.0 1.0 1.0 1.0
-9999.0 -9999.0 -9999.0 -9999.0 -9999.0 -9999.0 -9999.0 -9999.0 -9999.0 -9999.0 -9999.0 -9999.0 -9999.0 -9999.0 -9999.0 -9999.0 -9999.0 -9999.0 -9999.0 -9999.0 -9999.0 -9999.0 -9999.0 -9999.0 -9999.0 -9999.0 -9999.0 -9999.0 -9999.0 -9999.0 -9999.0 -9999.0 -9999.0 -9999.0 -9999.0 -9999.0 -9999.0 -9999.0 -9999.0 -9999.0 -9999.0 -9999.0 1.0 -9999.0 1.0 0.15896344854026886 1.0 1.0 1.0 1.0 1.0 1.0 -9999.0 1.0 -9999.0 1.0 1.0 1.0 -9999.0 -9999.0 1.0 1.0 1.0 1.0 1.0 1.0 1.0
-9999.0 -9999.0 -9999.0 -9999.0 -9999.0 -9999.0 -9999.0 -9999.0 -9999.0 -9999.0 -9999.0 -9999.0 -9999.0 -9999.0 -9999.0 -9999.0 -9999.0 -9999.0 -9999.0 -9999.0 -9999.0 -9999.0 -9999.0 -9999.0 -9999.0 -9999.0 -9999.0 -9999.0 -9999.0 -9999.0 -9999.0 -9999.0 -9999.0 -9999.0 -9999.0 -9999.0 -9999.0 -9999.0 -9999.0 -9999.0 -9999.0 -9999.0 1.0 -9999.0 1.0 1.0 1.0 1.0 1.0 1.0 1.0 -9999.0 1.0 -9999.0 1.0 1.0 -9999.0 1.0 -9999.0 -9999.0 -9999.0 -9999.0 1.0 1.0 1.0 1.0 1.0
-9999.0 -9999.0 -9999.0 -9999.0 -9999.0 -9999.0 -9999.0 -9999.0 -9999.0 -9999.0 -9999.0 -9999.0 -9999.0 -9999.0 -9999.0 -9999.0 -9999.0 -9999.0 -9999.0 -9999.0 -9999.0 -9999.0 -9999.0 -9999.0 -9999.0 -9999.0 -9999.0 -9999.0 -9999.0 -9999.0 -9999.0 -9999.0 -9999.0 -9999.0 -9999.0 -9999.0 -9999.0 -9999.0 -9999.0 -9999.0 -9999.0 -9999.0 -9999.0 -9999.0 1.0 1.0 1.0 1.0 1.0 1.0 1.0 1.0 1.0 1.0 -9999.0 1.0 -9999.0 1.0 -9999.0 -9999.0 -9999.0 1.0 1.0 1.0 1.0 1.0 1.0
-9999.0 -9999.0 -9999.0 -9999.0 -9999.0 -9999.0 -9999.0 -9999.0 -9999.0 -9999.0 -9999.0 -9999.0 -9999.0 -9999.0 -9999.0 -9999.0 -9999.0 -9999.0 -9999.0 -9999.0 -9999.0 -9999.0 -9999.0 -9999.0 -9999.0 -9999.0 -9999.0 -9999.0 -9999.0 -9999.0 -9999.0 -9999.0 -9999.0 -9999.0 -9999.0 -9999.0 -9999.0 -9999.0 -9999.0 -9999.0 -9999.0 -9999.0 -9999.0 -9999.0 1.0 1.0 1.0 1.0 1.0 1.0 1.0 -9999.0 -9999.0 1.0 1.0 1.0 -9999.0 -9999.0 -9999.0 -9999.0 -9999.0 1.0 1.0 1.0 1.0 1.0 1.0
-9999.0 -9999.0 -9999.0 -9999.0 -9999.0 -9999.0 -9999.0 -9999.0 -9999.0 -9999.0 -9999.0 -9999.0 -9999.0 -9999.0 -9999.0 -9999.0 -9999.0 -9999.0 -9999.0 -9999.0 -9999.0 -9999.0 -9999.0 -9999.0 -9999.0 -9999.0 -9999.0 -9999.0 -9999.0 -9999.0 -9999.0 -9999.0 -9999.0 -9999.0 -9999.0 -9999.0 -9999.0 -9999.0 -9999.0 -9999.0 -9999.0 -9999.0 -9999.0 -9999.0 1.0 1.0 1.0 1.0 1.0 -9999.0 -9999.0 -9999.0 1.0 -9999.0 1.0 -9999.0 1.0 1.0 -9999.0 -9999.0 -9999.0 1.0 1.0 1.0 1.0 1.0 1.0
-9999.0 -9999.0 -9999.0 -9999.0 -9999.0 -9999.0 -9999.0 -9999.0 -9999.0 -9999.0 -9999.0 -9999.0 -9999.0 -9999.0 -9999.0 -9999.0 -9999.0 -9999.0 -9999.0 -9999.0 -9999.0 -9999.0 -9999.0 -9999.0 -9999.0 -9999.0 -9999.0 -9999.0 -9999.0 -9999.0 -9999.0 -9999.0 -9999.0 -9999.0 -9999.0 -9999.0 -9999.0 -9999.0 -9999.0 -9999.0 -9999.0 -9999.0 -9999.0 -9999.0 1.0 1.0 1.0 1.0 -9999.0 -9999.0 -9999.0 -9999.0 -9999.0 -9999.0 -9999.0 1.0 1.0 -9999.0 -9999.0 -9999.0 -9999.0 1.0 1.0 1.0 1.0 1.0 -9999.0
-9999.0 -9999.0 -9999.0 -9999.0 -9999.0 -9999.0 -9999.0 -9999.0 -9999.0 -9999.0 -9999.0 -9999.0 -9999.0 -9999.0 -9999.0 -9999.0 -9999.0 -9999.0 -9999.0 -9999.0 -9999.0 -9999.0 -9999.0 -9999.0 -9999.0 -9999.0 -9999.0 -9999.0 -9999.0 -9999.0 -9999.0 -9999.0 -9999.0 -9999.0 -9999.0 -9999.0 -9999.0 -9999.0 -9999.0 -9999.0 -9999.0 -9999.0 -9999.0 1.0 1.0 -9999.0 -9999.0 1.0 1.0 -9999.0 1.0 -9999.0 -9999.0 1.0 1.0 1.0 1.0 -9999.0 -9999.0 1.0 1.0 1.0 1.0 1.0 -9999.0 -9999.0 -9999.0
-9999.0 -9999.0 -9999.0 -9999.0 -9999.0 -9999.0 -9999.0 -9999.0 -9999.0 -9999.0 -9999.0 -9999.0 -9999.0 -9999.0 -9999.0 -9999.0 -9999.0 -9999.0 -9999.0 -9999.0 -9999.0 -9999.0 -9999.0 -9999.0 -9999.0 -9999.0 -9999.0 -9999.0 -9999.0 -9999.0 -9999.0 -9999.0 -9999.0 -9999.0 -9999.0 -9999.0 -9999.0 -9999.0 1.0 -9999.0 -9999.0 -9999.0 -9999.0 1.0 0.499363271393254 1.0 -9999.0 -9999.0 -9999.0 -9999.0 -9999.0 -9999.0 -9999.0 -9999.0 1.0 1.0 1.0 1.0 -9999.0 1.0 -9999.0 1.0 1.0 -9999.0 -9999.0 -9999.0 -9999.0
