critload/trunk/output/2010/frn_ara.asc
ncols 720
nrows 360
xllcorner -180.0
yllcorner -90.0
cellsize 0.5
NODATA_value -9999.0
[rows 120 to 149 of 360, columns 536 to 602 of 720]
0.0 1.0 0.3341275473111081 0.4844556433678909 1.0 1.0 1.0 1.0 0.0 -9999.0 1.0 1.0 0.0012745740562408658 0.0032015387884138683 1.0 -9999.0 -9999.0 1.0 1.0 1.0 -9999.0 0.33777479176426034 0.0 0.13869623006581072 1.0 0.0865383635878172 0.06344987744804215 0.03219373714240037 0.5387170932155003 0.6079389894973117 0.7102738638534503 0.8597476396754715 0.8878142984826101 0.8698013795450833 0.8625319742901395 0.8853890043073852 0.8367199064412828 0.8208568960465732 0.7990080026101709 0.7974393289482238 0.723570665962207 0.6780788880738395 1.0 1.0 1.0 1.0 0.7902456236236012 0.9112474570339072 0.9233123842505387 0.9079332524978821 0.8654109039261314 0.7727908537626293 0.8067084907725466 0.7746407294807222 0.8586213510914894 0.9394998177793032 0.9030779399720463 0.7790846034711452 1.0 1.0 0.667216654294556 0.7199171664777586 0.700626229374094 0.7394784513279872 0.8889909799993121 0.9078571248031232 0.8747499322214647
1.0 1.0 1.0 1.0 1.0 1.0 1.0 1.0 0.3624718335374465 0.08435896716262653 1.0 0.17049464040981022 0.17175101490890188 1.0 0.7603664955995371 0.036087556157256076 -9999.0 1.0 1.0 1.0 0.00293888204826456 1.0 0.09984594325106012 0.06108667595183098 -9999.0 0.052437218588485573 0.1728653419959483 1.0 0.3792702440759141 0.6211905478254124 0.5714947867943168 0.7801452153886572 0.8280829409353276 0.8879826958865555 0.9054821970914032 0.8713621153450298 0.8391404929512913 0.7856536253039509 0.6271729262444082 0.6145259497279373 0.6160670819131102 1.0 0.6969641016299135 0.6815351939237971 0.5922215229950075 0.6794541353070995 0.8180873287764293 0.9183940275740494 0.9516176036532903 0.901680564308206 0.8465279560405499 0.7471584150133153 0.7267662710918846 0.6874631222644187 0.6043198477021744 0.886059158944995 0.8743012588646933 0.902340612538195 0.8223094089286156 0.7350638870312488 0.6660985405808649 1.0 0.9219736778632438 0.9129938438867857 0.8880914403465164 0.8022843073262442 0.7303458843442541
1.0 1.0 1.0 0.4455524536101649 0.3980546780521997 1.0 1.0 1.0 0.6670651915018426 0.0 0.0 0.3743009611920767 1.0 1.0 1.0 1.0 1.0 1.0 1.0 0.0 0.0 1.0 0.2027179214000745 0.11326365175394817 -9999.0 1.0 1.0 0.10888418219026114 0.6728089647063114 0.38117459195751097 0.4056150860160945 0.5585891561255032 0.788937218469195 0.8252039982535766 0.8300097819593479 0.7977652349142832 0.7237144506727184 0.8332277594804988 0.7111722739422811 0.7070328244942493 0.6910163372268325 0.8045469075983824 0.710663139324407 0.6948920256612254 1.0 1.0 0.7064883093247092 0.8834871677021905 0.8720498164675321 0.9178829731668826 0.7952567005645637 0.8014997826200271 1.0 0.7092150984401748 0.8640943012597117 0.9059445737380684 0.9583239806251883 0.9366768304765252 0.8821142325750083 0.7262478406720808 0.8714332333070689 0.8638175882809934 0.7325092928062286 0.7811338920049267 0.8187207085001954 0.7587692127745503 0.8589252092182903
0.7672087498907569 0.0 0.43706584950077 1.0 -9999.0 1.0 1.0 0.0 0.4427088777639663 -9999.0 1.0 1.0 1.0 -9999.0 1.0 1.0 1.0 1.0 1.0 -9999.0 0.15134891843799744 1.0 0.31500834401953376 1.0 -9999.0 1.0 1.0 1.0 0.535633958819538 0.454493265690723 0.43233252901764063 0.5939850578460015 1.0 1.0 0.7684651864530536 0.6257206840965331 0.7339010735493308 1.0 0.6672211606475925 0.7483735707489998 0.7779019970716761 0.7770513913254379 0.7718593650147211 0.6904458338798467 0.6456549227509704 0.7691008963010554 0.4523406303500821 0.7197113524729709 0.8241983592601168 0.8434718139658051 0.8095595208194709 0.5605165866321212 0.7523895705302222 0.8394554233878638 0.916576515295789 0.9591642427094136 0.9375292249495578 0.9067787335216776 0.9029455447847677 0.8202661402893462 0.8323750363748849 1.0 1.0 1.0 0.7257153035796584 0.7889206790244268 0.8988346072565581
-9999.0 -9999.0 1.0 1.0 1.0 1.0 1.0 1.0 1.0 1.0 1.0 -9999.0 -9999.0 1.0 0.9378631029044613 0.930794471859284 1.0 1.0 1.0 1.0 1.0 1.0 0.4281227852972 1.0 0.024387008927193275 1.0 1.0 1.0 0.5679809293008526 1.0 1.0 0.7350512449294243 1.0 1.0 1.0 0.7750161057877332 0.7650550440784042 0.7560576889590647 0.6877429318169396 0.6828845867566429 0.7534015968521258 1.0 0.6676713598095535 0.7005813912413278 0.7253225373327613 0.7321045403285288 0.7363919747959986 0.854843278707619 0.8308917298285917 0.8650112045443399 0.8087835048561506 1.0 0.8071318775376043 0.7933963807639033 0.9306036118398041 0.8366557840452987 0.8548539269022866 0.8331777841700294 1.0 1.0 1.0 0.6820122875749592 1.0 1.0 0.8090831577147587 1.0 -9999.0
1.0 1.0 1.0 1.0 1.0 1.0 1.0 1.0 1.0 1.0 -9999.0 1.0 0.9257082017509851 0.9281451397756931 0.9509118433630427 1.0 1.0 -9999.0 1.0 -9999.0 -9999.0 1.0 0.5093354248299602 0.5366235122825929 0.3077364873913138 0.2176237620898931 1.0 1.0 1.0 0.5669616300454656 1.0 0.8280560354574821 1.0 1.0 0.8159186973026252 1.0 1.0 1.0 0.6865001776909903 0.6916740467886383 1.0 1.0 1.0 0.6174073912916821 0.6501792966850106 0.8377291161215114 0.8402259430755433 0.8536811587328494 0.8345415647950495 0.8187030135909706 0.7798426159419514 0.6442471036331108 0.7984062494460107 0.8495416304263582 0.8326595289084121 0.8238565992022714 1.0 0.8412429139963874 1.0 1.0 1.0 1.0 1.0 1.0 0.7913588504537811 0.849112826188013 -9999.0
0.848268356163792 0.9003395158061637 0.8233080759576651 1.0 1.0 1.0 0.9469554717214199 0.9470486577562407 0.9365026067147292 0.8840324084470937 0.896089704506957 0.9092246283296754 0.9378369194123628 1.0 1.0 -9999.0 -9999.0 -9999.0 -9999.0 -9999.0 -9999.0 1.0 0.47873253052804243 1.0 0.7217224409969908 0.5732783452629421 0.6520171220406427 1.0 1.0 0.6209441395371538 1.0 1.0 1.0 1.0 1.0 0.8042202367513923 0.7219238720588422 0.7612776739604205 0.5960148987978782 0.6882225814586906 0.6830223433939733 1.0 0.525124336312879 0.6821026743637532 0.6708081529211475 0.8131827566397324 0.8201390013213837 0.8471438251903701 0.7819454586294885 0.8325330478597758 0.7668154114327305 0.7656745312005802 1.0 0.8347565218414693 0.8727221824121653 1.0 0.7988977316638504 1.0 1.0 0.8131412317900255 0.7056158317266253 0.8077017736329544 1.0 0.7409319080039456 1.0 -9999.0 -9999.0
0.869984996405695 0.8780530709352253 0.9011982897530637 0.9344291514913509 0.9480568366045843 0.9407978712592627 0.938737491225309 0.9445796769179283 0.9456369365612525 0.9425012227287388 1.0 1.0 1.0 1.0 -9999.0 -9999.0 -9999.0 1.0 -9999.0 -9999.0 -9999.0 1.0 0.30068805130492166 0.5874018468986474 0.689573789599865 0.6099953718963778 1.0 0.6867959778627968 0.635337000686109 0.5701935479796386 1.0 1.0 1.0 1.0 0.7143868471394673 0.7834125954321023 1.0 0.6667298833901921 0.5565794032124285 0.6858451599574941 1.0 0.5397695071015566 1.0 1.0 1.0 1.0 0.9008805123592839 0.8044922494859116 0.7891961910840984 0.8201248952269967 0.7465397308379912 1.0 0.6441639030078996 0.7286541302563913 0.8516314240329945 0.7702782366987043 0.8555507797808131 1.0 1.0 0.8202863273172696 0.609117654586855 0.8688716715124111 0.7959439481619165 0.841654288540291 -9999.0 -9999.0 -9999.0
0.8549758990265844 0.8034037652108582 0.933741671121134 0.8677601493439119 1.0 1.0 1.0 1.0 1.0 1.0 1.0 1.0 1.0 -9999.0 1.0 -9999.0 -9999.0 1.0 -9999.0 -9999.0 1.0 1.0 0.5087989991478606 0.46956017753262064 0.7479497416675802 0.7877723115363361 0.7618577663310132 0.7527028235476012 0.633336349293513 0.6698839892588573 1.0 1.0 1.0 0.6866748287391751 0.7642103475614164 0.6473711091111102 0.722124264553608 0.588048612271867 1.0 0.6786504186570543 1.0 1.0 0.7603548572912638 1.0 1.0 0.8204444169576961 0.8266318113425695 0.7730429886815913 1.0 0.665641749254654 0.5148437393901114 1.0 1.0 0.8608872947782169 0.820557668037333 0.8017866629770944 0.8023512956388031 0.8151696278965296 1.0 1.0 1.0 0.7173264099215547 0.8705001245979814 1.0 -9999.0 -9999.0 -9999.0
0.9388928907879367 0.8297050141002194 0.9373777649150351 0.8501415695902739 1.0 1.0 1.0 1.0 1.0 1.0 1.0 -9999.0 1.0 -9999.0 1.0 -9999.0 1.0 1.0 1.0 1.0 1.0 0.7743367981135986 0.7738982093482505 1.0 0.7493707600821241 0.8066145555233059 0.8167913033828307 0.7946234404082154 0.7624749222102876 0.7728745507979867 0.7215199798804501 0.8105270283730222 0.7587588557655627 0.7914913249770298 1.0 0.6207700492940383 1.0 1.0 1.0 1.0 0.6586609610227747 0.6759039945640433 0.7918830079935282 1.0 0.8644212969401354 0.6107535100193718 0.8545004675896138 0.7721560471794511 1.0 0.7075148315062537 0.6651279103500997 1.0 0.7219967709925569 0.8361739638783126 0.7932031428993181 0.8240779797611648 0.7421928641662683 1.0 1.0 0.7376715526453965 0.8360819991547169 0.8345691227411429 0.8925075330095942 0.869610071414683 -9999.0 -9999.0 0.8504350673330644
0.9063328481842436 0.7407946755605165 0.9374270514721622 0.9240437104837941 0.8286629309218154 0.9379120069126913 0.9234666203251906 0.8815737978678301 0.8473500650956475 0.9520444157396445 1.0 1.0 1.0 1.0 1.0 -9999.0 1.0 -9999.0 1.0 1.0 1.0 0.7757482398584202 0.7938216267657157 0.7213442778913618 0.6777856135202958 1.0 1.0 0.6638044087184699 0.5575057113431149 1.0 1.0 1.0 0.7818326110993187 0.7615880699840053 0.7051221805791874 1.0 1.0 1.0 1.0 1.0 0.7612705039978771 1.0 0.855891247010202 1.0 1.0 0.8521327294809762 0.8609328835974782 0.7904799361427031 1.0 1.0 0.7169728106348936 0.6081973448573365 1.0 0.7832345053301476 0.6946866402536362 0.726816241520267 0.6316382564375066 1.0 1.0 0.8454795041020698 0.86936774092571 0.8891984226175572 -9999.0 -9999.0 -9999.0 0.7519966290576555 0.8004045881242339
0.943642731454601 0.9060095664613916 0.8981891673214669 0.8916566019215987 0.9356804326670219 0.9376907918722477 0.9329195065626775 0.8538930433470364 0.8728326018471476 1.0 -9999.0 1.0 1.0 1.0 1.0 1.0 1.0 1.0 1.0 1.0 1.0 1.0 0.6855443469322909 0.4556944345379525 0.7122336866208232 1.0 1.0 0.6086841381684388 0.7738998886154279 0.7560812965567646 1.0 1.0 0.7115964851724249 0.5901055529561523 1.0 1.0 1.0 0.6811844261593624 1.0 0.5120352851729802 0.7227267997598387 1.0 1.0 1.0 0.8065322464325174 0.7684198947339717 0.7734193680469184 0.7373382742837639 0.5223211286463617 0.6377305784643729 0.5429871060765112 0.6923258151116188 1.0 0.602790519688868 1.0 0.7010066407303202 0.6738430601114962 1.0 1.0 0.8749992510803967 1.0 -9999.0 -9999.0 -9999.0 0.937339553018816 0.8908866779806686 1.0
0.9531051333543366 0.8465816452574193 0.8725463678679528 0.8451024110561758 0.9241374721517142 0.9288059138162348 0.9570766815842527 1.0 1.0 1.0 -9999.0 -9999.0 1.0 1.0 1.0 1.0 1.0 -9999.0 -9999.0 1.0 -9999.0 1.0 0.7372055111079786 0.692376055026664 1.0 1.0 1.0 0.6482049888290978 0.7281631349444597 0.7275790166731918 0.7901448545926036 1.0 0.8267035195624026 1.0 1.0 1.0 1.0 0.807813210638565 0.8207409202993939 0.7771561003210188 0.703400143196824 0.7842549801618558 1.0 0.8038688530436863 0.7331134051320254 0.7429266125311721 0.7378049587355928 0.6989864363094651 0.6923901133266019 0.758348854801094 0.7225211361904149 0.6900211868786313 1.0 0.6338661206590595 0.6223036667092458 1.0 0.7825246061591175 0.7520723105696803 1.0 0.8575410392324896 -9999.0 -9999.0 -9999.0 -9999.0 1.0 0.8365356602930347 1.0
0.953475376945037 0.8680750418647261 0.927643604471092 0.8866163737427222 0.8773955280824297 0.8756755825737802 0.8936784902912976 0.6008195208167307 0.4365382094647295 -9999.0 -9999.0 -9999.0 1.0 1.0 1.0 1.0 1.0 1.0 -9999.0 1.0 1.0 1.0 1.0 0.6607338515297047 0.4025021974269744 1.0 1.0 1.0 0.7100300600290249 0.7211708252328739 1.0 1.0 0.8219206133717119 1.0 1.0 0.6890347849296229 0.7812863363708503 0.8291702936063252 0.7537863920778464 1.0 1.0 0.8162863687868058 0.834227377183477 0.8895909528139323 0.7761882429710873 1.0 1.0 0.5759385361306771 0.7545139505370284 0.7552045589153492 0.8164406633522088 0.7484424190838989 0.6750233059854299 0.6132217058330119 0.5137649226673184 1.0 0.813699938726195 0.6788594272161542 1.0 -9999.0 -9999.0 -9999.0 -9999.0 -9999.0 0.879894955460186 0.18816636931680206 1.0
0.9541133745893865 0.9054291168742673 0.7069789191343261 0.668517786568915 0.8211582787489764 0.8069079516115611 0.7491633461343045 0.7167213273296035 0.4560542774726577 1.0 -9999.0 -9999.0 1.0 1.0 0.8188252077715051 0.8301584980439032 1.0 -9999.0 1.0 1.0 1.0 -9999.0 1.0 0.7602764591087529 0.6011817230411145 1.0 1.0 1.0 1.0 0.7444053816635531 0.6595533637092666 0.6626229633893937 1.0 1.0 -9999.0 1.0 1.0 1.0 0.8390301733569278 0.8348366943002332 0.8042130855805831 1.0 0.8382314602182328 0.8317888446751346 0.8702703644909829 0.7514245255841228 0.6517608195463449 0.6401301550181521 0.7017212951002685 0.6747395936656096 0.8364350101111562 0.6023768452153817 0.5825759804098709 1.0 0.6301018023152848 1.0 0.7362447414513542 -9999.0 -9999.0 -9999.0 -9999.0 -9999.0 -9999.0 -9999.0 0.78993956692417 0.6988969077780478 0.6931130611402821
0.9454421883629822 0.9493841743491201 0.41499984472643703 0.5858710183065737 0.6495272580444384 0.6944756637782035 0.707448077870487 0.8075062032969462 0.6464831740506035 1.0 -9999.0 -9999.0 1.0 0.8305638599391939 0.8322769519822737 0.8345289310848435 1.0 1.0 1.0 1.0 1.0 -9999.0 1.0 0.6847257751858863 0.6151196447471772 1.0 1.0 1.0 1.0 -9999.0 -9999.0 1.0 1.0 1.0 1.0 1.0 1.0 0.8050949190928838 0.8227816441826099 0.7929672135628137 0.7690552489058557 1.0 0.8383606143138802 0.7833017343614759 1.0 1.0 0.6026151095399677 0.6132422380639642 0.696663989222513 0.7369653980114186 0.7676405885145633 1.0 0.8036918438685138 -9999.0 -9999.0 -9999.0 -9999.0 -9999.0 -9999.0 -9999.0 -9999.0 -9999.0 -9999.0 -9999.0 0.9144769803496267 1.0 -9999.0
0.953123600190008 0.9421877135111419 0.42929103837233923 0.30301597474482633 0.5776529033640206 -9999.0 -9999.0 0.8721228821631235 0.7016835761646807 -9999.0 -9999.0 -9999.0 1.0 0.8228011394552723 0.8343944453436823 0.837863396498489 1.0 -9999.0 -9999.0 1.0 1.0 -9999.0 -9999.0 -9999.0 1.0 1.0 1.0 1.0 -9999.0 -9999.0 -9999.0 -9999.0 1.0 1.0 1.0 1.0 1.0 1.0 1.0 1.0 0.6933913792180738 1.0 1.0 1.0 0.5874953089997428 1.0 1.0 1.0 1.0 1.0 -9999.0 -9999.0 -9999.0 -9999.0 -9999.0 -9999.0 -9999.0 -9999.0 -9999.0 -9999.0 -9999.0 -9999.0 -9999.0 -9999.0 -9999.0 1.0 -9999.0
-9999.0 -9999.0 -9999.0 -9999.0 -9999.0 -9999.0 -9999.0 -9999.0 0.7777476469992668 -9999.0 -9999.0 -9999.0 1.0 0.8375778385683982 0.83635731577947 0.8221846106293064 1.0 1.0 1.0 1.0 1.0 -9999.0 -9999.0 1.0 -9999.0 -9999.0 1.0 1.0 -9999.0 1.0 1.0 1.0 1.0 1.0 0.926615390936076 0.9300788873176787 0.9313883936348378 1.0 1.0 0.9059183848369949 -9999.0 -9999.0 1.0 1.0 1.0 1.0 -9999.0 -9999.0 -9999.0 -9999.0 -9999.0 -9999.0 -9999.0 -9999.0 -9999.0 -9999.0 -9999.0 -9999.0 -9999.0 -9999.0 -9999.0 -9999.0 -9999.0 -9999.0 -9999.0 -9999.0 -9999.0
-9999.0 -9999.0 -9999.0 -9999.0 -9999.0 -9999.0 -9999.0 -9999.0 0.7926925168281223 1.0 1.0 -9999.0 1.0 0.8260979729712012 0.8221257653742902 0.8096849835196915 1.0 1.0 1.0 1.0 1.0 -9999.0 -9999.0 1.0 -9999.0 -9999.0 -9999.0 1.0 -9999.0 -9999.0 -9999.0 1.0 1.0 -9999.0 1.0 0.9312365220635946 0.9315847386204499 0.9295979642212868 1.0 -9999.0 -9999.0 -9999.0 -9999.0 1.0 1.0 -9999.0 -9999.0 -9999.0 -9999.0 -9999.0 -9999.0 -9999.0 -9999.0 -9999.0 -9999.0 -9999.0 -9999.0 -9999.0 -9999.0 -9999.0 -9999.0 -9999.0 -9999.0 -9999.0 -9999.0 -9999.0 -9999.0
-9999.0 -9999.0 -9999.0 -9999.0 -9999.0 -9999.0 -9999.0 -9999.0 -9999.0 0.8100901846068232 0.8103930478729926 -9999.0 1.0 0.8254863144017083 0.8282039191509685 1.0 1.0 1.0 1.0 1.0 1.0 -9999.0 1.0 1.0 1.0 1.0 1.0 1.0 1.0 1.0 -9999.0 -9999.0 -9999.0 -9999.0 1.0 0.9147648652372969 0.9311583721458684 0.9225897737634096 -9999.0 -9999.0 -9999.0 -9999.0 -9999.0 1.0 1.0 1.0 -9999.0 -9999.0 -9999.0 -9999.0 -9999.0 -9999.0 -9999.0 -9999.0 -9999.0 -9999.0 -9999.0 -9999.0 -9999.0 -9999.0 -9999.0 -9999.0 -9999.0 -9999.0 -9999.0 -9999.0 -9999.0
-9999.0 -9999.0 -9999.0 -9999.0 -9999.0 -9999.0 -9999.0 -9999.0 -9999.0 -9999.0 1.0 1.0 -9999.0 1.0 0.8021278661386443 1.0 1.0 1.0 1.0 1.0 -9999.0 -9999.0 1.0 1.0 1.0 1.0 1.0 1.0 1.0 1.0 1.0 1.0 -9999.0 -9999.0 1.0 0.9308405651387291 -9999.0 -9999.0 -9999.0 -9999.0 -9999.0 -9999.0 0.5168636289901317 1.0 1.0 1.0 -9999.0 -9999.0 -9999.0 -9999.0 -9999.0 -9999.0 -9999.0 -9999.0 -9999.0 -9999.0 -9999.0 -9999.0 -9999.0 -9999.0 -9999.0 -9999.0 -9999.0 -9999.0 -9999.0 -9999.0 -9999.0
-9999.0 -9999.0 -9999.0 -9999.0 -9999.0 -9999.0 -9999.0 -9999.0 -9999.0 -9999.0 -9999.0 1.0 1.0 1.0 0.8312311607322067 1.0 1.0 -9999.0 1.0 -9999.0 -9999.0 1.0 1.0 1.0 1.0 1.0 -9999.0 1.0 1.0 -9999.0 1.0 1.0 -9999.0 1.0 1.0 0.9279776782816735 -9999.0 -9999.0 -9999.0 -9999.0 -9999.0 0.5120022596762487 0.40171202172224696 1.0 1.0 1.0 -9999.0 -9999.0 -9999.0 -9999.0 -9999.0 -9999.0 -9999.0 -9999.0 -9999.0 -9999.0 -9999.0 -9999.0 -9999.0 -9999.0 -9999.0 -9999.0 -9999.0 -9999.0 -9999.0 -9999.0 -9999.0
-9999.0 -9999.0 -9999.0 -9999.0 -9999.0 -9999.0 -9999.0 -9999.0 -9999.0 -9999.0 -9999.0 0.8125575272354078 1.0 1.0 0.8386127157462197 1.0 1.0 1.0 -9999.0 -9999.0 1.0 1.0 1.0 1.0 1.0 1.0 1.0 1.0 1.0 1.0 -9999.0 -9999.0 -9999.0 -9999.0 1.0 0.9290677013034359 -9999.0 -9999.0 -9999.0 -9999.0 -9999.0 0.4121502014178515 0.4790445932910107 0.3847894337834752 0.48838687904529304 -9999.0 -9999.0 -9999.0 -9999.0 -9999.0 -9999.0 -9999.0 -9999.0 -9999.0 -9999.0 -9999.0 -9999.0 -9999.0 -9999.0 -9999.0 -9999.0 -9999.0 -9999.0 -9999.0 -9999.0 -9999.0 1.0
-9999.0 -9999.0 -9999.0 -9999.0 -9999.0 -9999.0 -9999.0 -9999.0 -9999.0 -9999.0 -9999.0 -9999.0 0.7436189863820722 -9999.0 0.827111961941395 0.827236364908738 1.0 0.8194247578795941 -9999.0 1.0 1.0 1.0 1.0 1.0 1.0 1.0 1.0 1.0 1.0 1.0 0.9258445610574022 0.9022602046112436 1.0 1.0 1.0 1.0 1.0 -9999.0 -9999.0 -9999.0 -9999.0 0.6698831559776911 0.40733972799546125 1.0 -9999.0 -9999.0 -9999.0 -9999.0 -9999.0 -9999.0 -9999.0 -9999.0 -9999.0 -9999.0 -9999.0 -9999.0 -9999.0 -9999.0 -9999.0 -9999.0 -9999.0 -9999.0 -9999.0 -9999.0 -9999.0 0.8807984973294484 1.0
-9999.0 -9999.0 -9999.0 -9999.0 -9999.0 -9999.0 -9999.0 -9999.0 -9999.0 -9999.0 -9999.0 -9999.0 -9999.0 1.0 0.8340349756795196 0.8317140971402041 1.0 0.8134921828969819 -9999.0 -9999.0 -9999.0 1.0 1.0 1.0 1.0 1.0 1.0 1.0 0.9218806164934796 0.9535158929878456 0.9162347793320291 0.8998817793095929 0.9622023250830198 1.0 1.0 1.0 1.0 -9999.0 -9999.0 -9999.0 -9999.0 -9999.0 -9999.0 -9999.0 -9999.0 -9999.0 -9999.0 -9999.0 -9999.0 -9999.0 -9999.0 -9999.0 -9999.0 -9999.0 -9999.0 -9999.0 -9999.0 -9999.0 -9999.0 -9999.0 -9999.0 -9999.0 -9999.0 -9999.0 0.9295752241458811 1.0 1.0
-9999.0 -9999.0 -9999.0 -9999.0 -9999.0 -9999.0 -9999.0 -9999.0 -9999.0 -9999.0 -9999.0 -9999.0 -9999.0 1.0 0.8387410639757372 0.8336695539755841 0.8104355818697289 1.0 1.0 1.0 1.0 1.0 1.0 0.9494955745401593 0.9242374680929967 1.0 1.0 1.0 0.9360900484531439 0.905125221807459 0.8797013225256517 0.8928794225963435 0.9137919410911971 0.951989071482235 1.0 1.0 1.0 0.9017811082358084 0.9252029441684538 -9999.0 -9999.0 -9999.0 -9999.0 -9999.0 -9999.0 -9999.0 -9999.0 -9999.0 -9999.0 -9999.0 -9999.0 -9999.0 -9999.0 -9999.0 -9999.0 -9999.0 -9999.0 -9999.0 -9999.0 -9999.0 -9999.0 -9999.0 -9999.0 -9999.0 0.9034955985198722 1.0 1.0
-9999.0 -9999.0 -9999.0 -9999.0 -9999.0 -9999.0 -9999.0 -9999.0 -9999.0 -9999.0 -9999.0 -9999.0 1.0 0.8332287872770253 0.8389272138167003 0.8388778791368571 0.8384651590003038 1.0 0.8208769773646906 0.8286241384952766 1.0 1.0 0.9222171106555638 0.9224867003253632 0.9553204053889915 1.0 1.0 1.0 0.8753365534413148 0.9457613223627479 0.8876460200090055 0.9152159947633589 1.0 0.9456526153509929 1.0 1.0 1.0 1.0 1.0 0.9260293426072973 -9999.0 -9999.0 -9999.0 -9999.0 -9999.0 -9999.0 -9999.0 -9999.0 -9999.0 -9999.0 -9999.0 -9999.0 -9999.0 -9999.0 -9999.0 -9999.0 -9999.0 -9999.0 -9999.0 -9999.0 -9999.0 -9999.0 -9999.0 -9999.0 0.921731540803631 1.0 1.0
-9999.0 -9999.0 -9999.0 -9999.0 -9999.0 -9999.0 -9999.0 -9999.0 -9999.0 -9999.0 -9999.0 -9999.0 1.0 1.0 0.8393799440441665 0.837220794223612 0.8257068538239469 -9999.0 -9999.0 0.8210587613029279 1.0 1.0 1.0 0.9734129901410766 0.9746180925263676 0.9234538781532455 1.0 1.0 0.9293603872395667 0.9414104674480949 0.9560629708315471 0.9548316936705643 0.8985842673934126 0.9353575227941986 0.8029399180429111 1.0 1.0 1.0 1.0 1.0 1.0 -9999.0 -9999.0 -9999.0 -9999.0 -9999.0 -9999.0 -9999.0 -9999.0 -9999.0 -9999.0 -9999.0 -9999.0 -9999.0 -9999.0 -9999.0 -9999.0 -9999.0 -9999.0 -9999.0 -9999.0 -9999.0 -9999.0 0.930582466408019 0.8679894539423761 1.0 1.0
-9999.0 -9999.0 -9999.0 -9999.0 -9999.0 -9999.0 -9999.0 -9999.0 -9999.0 -9999.0 -9999.0 -9999.0 1.0 1.0 0.7587516148359841 0.6270966781910987 -9999.0 -9999.0 -9999.0 1.0 1.0 -9999.0 1.0 0.9383127815274317 0.9634824050427204 0.8804704308802414 1.0 0.913440764779385 0.9244647546030909 1.0 0.8875637526206859 0.9727952006048997 0.9525130645969698 0.9299447782308928 0.9405344207660936 1.0 1.0 -9999.0 1.0 -9999.0 1.0 -9999.0 -9999.0 -9999.0 -9999.0 -9999.0 -9999.0 -9999.0 -9999.0 -9999.0 -9999.0 -9999.0 -9999.0 -9999.0 -9999.0 -9999.0 -9999.0 -9999.0 -9999.0 -9999.0 -9999.0 -9999.0 -9999.0 1.0 1.0 0.9348765701828455 1.0
-9999.0 -9999.0 -9999.0 -9999.0 -9999.0 -9999.0 -9999.0 -9999.0 -9999.0 -9999.0 -9999.0 -9999.0 -9999.0 -9999.0 -9999.0 -9999.0 -9999.0 -9999.0 -9999.0 1.0 -9999.0 -9999.0 1.0 0.8864356261666052 0.9677138706002409 0.8600889961341511 0.855363082768843 0.8942067204345984 0.9493614066483004 0.9306719475866989 0.9730812880654217 0.9728377904727954 0.9138300512426759 0.9451939536290744 0.9479524841522985 1.0 1.0 1.0 1.0 1.0 -9999.0 1.0 -9999.0 -9999.0 -9999.0 -9999.0 -9999.0 -9999.0 -9999.0 -9999.0 -9999.0 -9999.0 -9999.0 -9999.0 -9999.0 -9999.0 -9999.0 -9999.0 -9999.0 -9999.0 -9999.0 -9999.0 -9999.0 1.0 1.0 0.9396465893849499 1.0
