critload/trunk/output/2010/frn_ara.asc
ncols 720
nrows 360
xllcorner -180.0
yllcorner -90.0
cellsize 0.5
NODATA_value -9999.0
[rows 120 to 149 of 360, columns 469 to 535 of 720]
-9999.0 1.0 1.0 1.0 1.0 1.0 1.0 -9999.0 -9999.0 -9999.0 -9999.0 -9999.0 -9999.0 -9999.0 -9999.0 -9999.0 -9999.0 -9999.0 -9999.0 -9999.0 -9999.0 -9999.0 -9999.0 1.0 1.0 -9999.0 1.0 1.0 -9999.0 1.0 1.0 1.0 0.9128427862631736 0.9449898559373252 0.9481330637018651 0.9160359288106618 0.948132934023085 0.9342438207288283 1.0 0.8638221943163268 0.9322673846304351 0.9554996460867708 0.956933942091916 0.9563472094448473 0.9562920307900571 0.9545887544914878 0.9566713252623104 0.9566667359159109 1.0 1.0 1.0 1.0 1.0 1.0 1.0 -9999.0 -9999.0 -9999.0 -9999.0 0.0 -9999.0 0.0 0.0 0.11770194440299127 0.0 -9999.0 -9999.0
1.0 -9999.0 1.0 1.0 1.0 1.0 1.0 1.0 -9999.0 -9999.0 -9999.0 -9999.0 -9999.0 -9999.0 -9999.0 -9999.0 -9999.0 -9999.0 -9999.0 -9999.0 -9999.0 -9999.0 -9999.0 -9999.0 1.0 -9999.0 1.0 1.0 -9999.0 -9999.0 -9999.0 1.0 0.9178799381438181 0.9426111484010264 0.9451016127356132 1.0 1.0 1.0 1.0 1.0 0.8707936439251789 0.9341420559521193 0.9568516586320812 0.9569207349165817 0.9563338874099793 0.9544255290512714 0.9543547906588882 0.953741426975966 0.9527354887180693 1.0 1.0 1.0 0.5982400250523032 0.6378349333531106 1.0 1.0 -9999.0 -9999.0 -9999.0 -9999.0 -9999.0 -9999.0 0.0 1.0 0.4147768969686595 0.046840743076902044 1.0
1.0 1.0 1.0 -9999.0 1.0 1.0 1.0 1.0 1.0 -9999.0 -9999.0 1.0 1.0 -9999.0 1.0 -9999.0 -9999.0 -9999.0 -9999.0 -9999.0 -9999.0 -9999.0 -9999.0 1.0 -9999.0 1.0 1.0 1.0 1.0 -9999.0 1.0 0.9186992825975512 0.948045397701978 1.0 -9999.0 1.0 1.0 -9999.0 1.0 -9999.0 1.0 1.0 0.9556996302457045 0.9572242408322299 0.9569415825637901 0.9544095251400463 0.9545253882866126 0.9534189927147126 0.9540320615972468 0.9539870200275731 0.9543215150249297 0.8090162820464178 0.851595008560552 1.0 0.4807820688327502 1.0 1.0 1.0 -9999.0 -9999.0 -9999.0 -9999.0 -9999.0 -9999.0 -9999.0 -9999.0 0.17650667981019516
0.1239128366710243 1.0 1.0 1.0 1.0 1.0 1.0 1.0 1.0 -9999.0 -9999.0 1.0 -9999.0 1.0 -9999.0 -9999.0 -9999.0 -9999.0 -9999.0 -9999.0 -9999.0 -9999.0 -9999.0 1.0 -9999.0 1.0 1.0 1.0 1.0 1.0 0.8805401008014486 1.0 1.0 -9999.0 -9999.0 1.0 1.0 1.0 1.0 1.0 1.0 0.9558631964436182 1.0 1.0 0.9574421400775113 0.9548991255695701 0.9544010912880827 0.9547585910600659 0.9542509577639467 0.9536661902929545 0.9543029844945969 0.9543260527372012 0.953651626724994 0.9453426655198218 0.8027894854487714 0.57508098306567 0.6274062352637334 0.4468248098951661 0.48027589138917326 0.46062189208912446 1.0 1.0 -9999.0 -9999.0 -9999.0 0.0 -9999.0
1.0 1.0 1.0 1.0 1.0 1.0 -9999.0 1.0 1.0 1.0 -9999.0 -9999.0 -9999.0 -9999.0 -9999.0 -9999.0 -9999.0 -9999.0 -9999.0 -9999.0 -9999.0 -9999.0 -9999.0 1.0 -9999.0 -9999.0 1.0 1.0 0.8357119361576126 1.0 1.0 -9999.0 -9999.0 1.0 1.0 1.0 1.0 1.0 1.0 0.9535691075364929 0.9571193257058779 0.9583764705127955 1.0 0.9571425568251071 0.9576451603384244 0.954418803618681 0.9543233965712207 0.954411436810046 0.9542200453666481 0.9546603136847341 0.953845860807487 0.9540763702951789 0.9540743564073719 0.9540214321591913 0.9372777971676228 0.8956737596427442 0.807048482629557 0.8442846849128335 0.8409711145097369 0.7846071347673467 0.5444497306245522 0.509901302943101 0.32931930896872746 0.15113784346379697 1.0 1.0 1.0
1.0 1.0 1.0 0.31439995452532493 1.0 1.0 -9999.0 1.0 -9999.0 1.0 1.0 1.0 1.0 -9999.0 1.0 1.0 -9999.0 -9999.0 -9999.0 -9999.0 -9999.0 -9999.0 1.0 1.0 -9999.0 -9999.0 1.0 0.8633155520486204 1.0 1.0 -9999.0 1.0 1.0 1.0 1.0 1.0 -9999.0 1.0 0.9608524214883862 0.9585757140928249 1.0 0.956149688120753 0.9555712952611103 1.0 0.9559715105494644 0.9548789657332062 0.9546737075287759 0.9541318351458311 0.9546006152568448 0.9547711659751241 0.9533849693860427 0.9546607062049899 0.9545751685238623 0.9528758801172278 0.9550467415378529 0.9529920728800109 0.9495653221280455 0.9456233719296032 0.9415273297099971 0.9505160070707306 0.7174850456058827 0.8508257289394944 0.779501599185583 0.43240392359192587 0.4072263462391115 0.5299975793471465 1.0
1.0 1.0 -9999.0 -9999.0 -9999.0 1.0 -9999.0 -9999.0 -9999.0 -9999.0 -9999.0 -9999.0 -9999.0 -9999.0 -9999.0 -9999.0 -9999.0 1.0 1.0 1.0 -9999.0 -9999.0 -9999.0 -9999.0 -9999.0 1.0 1.0 0.9424921686589401 1.0 -9999.0 -9999.0 -9999.0 1.0 1.0 1.0 1.0 1.0 1.0 0.5709356865427078 0.9559856164537921 0.9568383983919009 0.9542249871845492 0.9556844056414651 0.7826630083187248 0.955159628280712 0.9528486507129711 0.9533108231672728 0.9544087170903217 0.953763854532166 0.9550013715416031 0.9547998281752833 0.9549131979151468 0.9546352576937436 0.9539742140070032 0.9532149143722445 0.9547927453859223 0.9543092613437418 0.9542971814948842 0.9536623437059922 0.9562638425279886 0.9555712287862448 0.9548615274185385 0.8724533478100295 0.7417151926314388 0.8289928466184898 0.8559845034113156 0.7678543847483501
-9999.0 -9999.0 -9999.0 1.0 -9999.0 1.0 -9999.0 -9999.0 -9999.0 -9999.0 -9999.0 -9999.0 -9999.0 -9999.0 -9999.0 1.0 1.0 1.0 -9999.0 -9999.0 -9999.0 1.0 1.0 1.0 -9999.0 -9999.0 1.0 0.9140727585200787 1.0 1.0 -9999.0 -9999.0 1.0 1.0 1.0 1.0 1.0 0.5401531684918259 0.6780295290492283 0.7259729243168175 0.7711558897993976 0.6462179600449353 0.7961305781496323 0.7837795343027523 0.7171563864975388 0.6142845250922366 0.9543719173811877 0.9543691463669626 0.9543775082308507 0.9552499723579249 0.9555702358701604 0.9547328682052244 0.8522437376368279 0.8103606820378332 0.9550128155809534 0.9538070598152689 0.9545163486542515 0.954192709822926 0.9538475293470456 0.9560515099975985 0.956331123720945 0.9548032535466706 0.9526760030660969 0.9452487958884841 0.9459281801426249 0.9471591027573719 0.9361744204196863
-9999.0 -9999.0 1.0 1.0 -9999.0 -9999.0 -9999.0 -9999.0 -9999.0 -9999.0 -9999.0 -9999.0 1.0 1.0 -9999.0 1.0 -9999.0 1.0 -9999.0 -9999.0 -9999.0 -9999.0 -9999.0 1.0 1.0 -9999.0 -9999.0 1.0 0.948029293062073 1.0 1.0 -9999.0 1.0 1.0 1.0 1.0 0.6075175000898861 0.6120873957112779 1.0 0.6974839820826573 0.9532314682817439 0.6982704292791105 0.7762777156441382 0.7984983446150307 0.7592376938316944 1.0 0.9523748740982231 0.9525764097419295 0.9549214689685686 0.8136389096373279 0.783943462991052 0.9563824454195882 0.7651470076677565 0.8237431601240908 0.8689382597105884 0.8819818558920424 0.9545786492893565 0.9547268230979056 0.9548099985388413 0.9565634543394961 0.9563424060391299 0.9556923165247221 0.9502096756553886 0.9547522143956002 0.9533757711045263 0.9532367828377539 0.9393933987852822
-9999.0 1.0 1.0 1.0 -9999.0 -9999.0 -9999.0 -9999.0 -9999.0 -9999.0 -9999.0 1.0 1.0 1.0 -9999.0 -9999.0 -9999.0 -9999.0 -9999.0 -9999.0 -9999.0 -9999.0 -9999.0 -9999.0 1.0 1.0 -9999.0 1.0 0.9260351674428369 1.0 1.0 -9999.0 1.0 1.0 1.0 0.6653047714101034 0.7505132808021866 0.8524764876434721 1.0 0.95084581595144 0.9469806741813246 0.9515990958002374 0.8010331661777197 0.9568926512995867 0.9546766584122613 1.0 0.9537637546339955 0.9509184911084921 0.9550422567669002 0.9164239843353854 0.9571759331455628 0.7634831617852209 0.7468034038600008 0.7668490338883616 0.7756668810477536 0.9550406844838175 0.9573344618983682 0.9549782308667094 0.9549577678495891 0.9547915240874915 0.953749528490431 0.953839526399135 0.9556397856471386 0.9553715100603096 0.9532311636226727 0.9512696735143789 0.9441245630552929
-9999.0 -9999.0 1.0 1.0 -9999.0 -9999.0 -9999.0 -9999.0 -9999.0 -9999.0 -9999.0 -9999.0 -9999.0 -9999.0 -9999.0 -9999.0 -9999.0 -9999.0 -9999.0 -9999.0 -9999.0 -9999.0 -9999.0 -9999.0 1.0 1.0 1.0 0.6231500202614055 0.840730801413399 1.0 1.0 -9999.0 -9999.0 1.0 0.7938982611329405 0.7019510512103428 1.0 1.0 0.9515667748867618 0.9481306625662277 0.952655046833521 0.9518075837480128 0.9539131125920449 0.9540458125679582 0.9505170508011898 0.9526189990448658 0.9493021921548398 0.9509663472497524 0.9484534548622384 0.9493818449866921 1.0 1.0 0.9521607074582578 0.9518369951872384 0.9514309002321487 0.9527923027251234 0.951147259752285 0.9506931901262754 0.951413223955721 0.9579672597830312 0.9549315824732825 0.9524259878733007 0.9532667073665121 0.9403752328155965 0.9235932517776436 0.9252600920786029 0.9414811152145611
1.0 1.0 1.0 1.0 1.0 -9999.0 -9999.0 -9999.0 -9999.0 -9999.0 -9999.0 -9999.0 -9999.0 -9999.0 -9999.0 -9999.0 -9999.0 -9999.0 -9999.0 -9999.0 -9999.0 -9999.0 -9999.0 -9999.0 -9999.0 -9999.0 1.0 1.0 1.0 1.0 -9999.0 -9999.0 -9999.0 1.0 0.658980417018865 0.711927626292162 1.0 1.0 1.0 1.0 0.9537688956898936 0.9533760301303456 0.9542409318697008 0.9544132417785699 0.9544856491679258 0.9501911379308694 0.9509387243928703 0.9490828851442991 0.9522339346163862 0.9511766122064161 0.9454260768019317 1.0 1.0 0.9532821265689415 0.9518886143238304 0.9478933121731565 0.9485147850664796 0.9507675332449581 0.9508075214119955 0.9509943095149264 1.0 0.9295123980120255 0.938189169897886 0.9458764146469387 0.9095443240333684 0.9157518286239585 0.952557507201002
-9999.0 -9999.0 1.0 1.0 -9999.0 1.0 1.0 1.0 -9999.0 -9999.0 -9999.0 -9999.0 -9999.0 -9999.0 -9999.0 -9999.0 -9999.0 -9999.0 -9999.0 -9999.0 -9999.0 -9999.0 -9999.0 -9999.0 -9999.0 -9999.0 -9999.0 -9999.0 1.0 1.0 1.0 1.0 1.0 1.0 0.4686756336079175 0.8597215937924787 0.9532427015887174 0.9523275817485494 0.9511193240274395 0.9535700040485022 0.9534160677774843 0.9546225701705282 0.9546680027873352 0.9551751127152966 0.9522614813762648 1.0 0.9451143341869108 0.9488736518159233 0.9537549766971486 0.9535525253183019 0.9534581119659155 0.9534645295892926 0.9538644131066245 0.953209946416374 1.0 1.0 1.0 1.0 1.0 1.0 1.0 1.0 0.9326182237736157 0.9498851445811011 0.9417785496556617 0.9347444784296981 0.9534066252064302
-9999.0 1.0 -9999.0 -9999.0 1.0 1.0 1.0 1.0 1.0 -9999.0 -9999.0 -9999.0 -9999.0 -9999.0 -9999.0 -9999.0 -9999.0 -9999.0 -9999.0 -9999.0 -9999.0 -9999.0 -9999.0 -9999.0 -9999.0 -9999.0 -9999.0 -9999.0 0.6189523227998107 1.0 1.0 0.3899855046701734 0.6429623636243057 1.0 0.41444486495147476 0.6808752628966799 0.782464548705409 0.9521921099639575 0.9540670603908505 0.952176914097323 0.953892457734312 0.954968162413512 0.9552416256009062 0.9552105987171849 0.9542299415684296 0.9539661966723987 0.9423348749894713 0.944052907803877 0.9438785586731457 0.9547061122322887 0.9511838115530415 0.9431284973707686 0.9494721228550654 1.0 1.0 1.0 1.0 1.0 1.0 1.0 1.0 0.9322973756566526 1.0 0.9374899612493137 0.9500658390095238 0.9511672669054959 0.9540082627692515
-9999.0 -9999.0 -9999.0 -9999.0 -9999.0 1.0 1.0 1.0 1.0 1.0 -9999.0 -9999.0 -9999.0 -9999.0 -9999.0 -9999.0 -9999.0 -9999.0 -9999.0 -9999.0 -9999.0 -9999.0 -9999.0 -9999.0 -9999.0 -9999.0 -9999.0 -9999.0 -9999.0 0.2983980274315191 0.6568958904436896 1.0 0.4859896037217779 0.645562313453611 0.6844696802429875 0.7628973018929325 0.9429169247435234 0.7633460893768166 0.9506621367964655 0.942946810105471 0.9534975792023209 0.9541580900709353 0.9554079220392152 0.9544293727388995 0.9541892873599167 0.9545075593467961 0.9517707692852663 0.9538586949868453 0.9527426733126998 0.9548747642360833 0.9492031239584366 0.953791206609437 0.9542628730303638 1.0 1.0 1.0 1.0 1.0 1.0 1.0 1.0 1.0 1.0 1.0 0.9299872234856171 0.9532952994317289 0.9523110332118314
-9999.0 -9999.0 -9999.0 -9999.0 -9999.0 -9999.0 -9999.0 1.0 1.0 1.0 -9999.0 -9999.0 -9999.0 -9999.0 -9999.0 -9999.0 -9999.0 -9999.0 -9999.0 -9999.0 -9999.0 -9999.0 -9999.0 -9999.0 -9999.0 -9999.0 -9999.0 -9999.0 -9999.0 0.6101102780397603 0.9508980547848024 0.6867645733311055 0.9523740937072123 0.8053223882946213 0.661977756435112 0.8553672499063016 0.9581533496304885 0.952292324833849 0.9540021369899269 0.9521205119412247 0.9529399971221333 0.9549237084529312 0.954969819721585 0.9558629907691775 0.9530912517317512 0.9529964776653865 1.0 1.0 0.9537563160924198 0.953080993410176 0.9537132550722365 0.9560747601023469 1.0 1.0 0.9495441359596394 0.950071006287892 0.9504979356668029 1.0 1.0 1.0 1.0 1.0 0.9247429025666336 1.0 0.9122472834611618 0.9530701623412767 0.9516724058101711
-9999.0 -9999.0 -9999.0 -9999.0 -9999.0 -9999.0 -9999.0 -9999.0 -9999.0 -9999.0 -9999.0 -9999.0 -9999.0 -9999.0 -9999.0 -9999.0 -9999.0 -9999.0 -9999.0 -9999.0 -9999.0 -9999.0 -9999.0 -9999.0 -9999.0 -9999.0 -9999.0 -9999.0 -9999.0 0.7834257098202687 0.953690548367232 0.9513725969659568 0.9518072090754071 0.9538290983066317 0.9505399077158914 0.9494035937908758 0.9521541859737208 0.9532386037292537 0.9511203109824962 1.0 0.9464686850243075 0.9520410388774553 0.9535446155687591 0.9533273973844195 0.9534534896813098 1.0 0.9506781289034352 0.9536335293690879 1.0 1.0 1.0 0.9554781745768298 1.0 0.9340144983370079 0.9355641386372511 0.9487208115345576 0.9451555310348163 0.9440759620744169 1.0 1.0 1.0 1.0 0.9449905490282414 1.0 0.9079367124595132 0.936223468735974 0.897213528199654
-9999.0 -9999.0 -9999.0 -9999.0 -9999.0 -9999.0 -9999.0 -9999.0 -9999.0 -9999.0 -9999.0 -9999.0 -9999.0 -9999.0 -9999.0 -9999.0 -9999.0 -9999.0 -9999.0 -9999.0 -9999.0 -9999.0 -9999.0 -9999.0 -9999.0 -9999.0 -9999.0 -9999.0 -9999.0 -9999.0 0.950628425169197 0.9526115288347559 1.0 0.9502560728468452 0.9527840463135254 0.9537403684212755 0.9556478091076194 0.9522290587640985 0.9412033811025187 0.9369721764463432 0.9530402739205482 0.9540572267454723 0.9534065292400292 0.9529335052759812 1.0 1.0 0.9325095543395004 1.0 0.9431317035496694 0.9516853639917563 0.9526745265833084 0.948075704428856 1.0 0.9436180986485394 0.9486510116271168 0.9425726724497886 0.9513657842487295 0.9479465901835892 0.9430254312278232 1.0 1.0 1.0 1.0 1.0 0.9316093996730523 -9999.0 -9999.0
-9999.0 -9999.0 -9999.0 -9999.0 -9999.0 -9999.0 -9999.0 -9999.0 -9999.0 -9999.0 -9999.0 -9999.0 -9999.0 -9999.0 -9999.0 -9999.0 -9999.0 -9999.0 -9999.0 -9999.0 -9999.0 -9999.0 -9999.0 -9999.0 -9999.0 -9999.0 -9999.0 -9999.0 -9999.0 -9999.0 -9999.0 0.952299861942366 0.9491493292289397 0.9546612921217287 -9999.0 -9999.0 0.9533854348788565 0.9543332668605918 1.0 0.9395362013739644 0.9074813826667223 0.9504938030010339 0.9338073230199946 0.9329525901834601 0.9523093509501788 0.9505724407276432 0.9387495715617412 0.9505307782381708 0.9402278853853451 0.9406466148926026 0.9468575024505765 1.0 1.0 0.9432631408282873 0.948960398181425 1.0 1.0 0.9404651579730782 0.943508033102161 1.0 1.0 0.9517364132584627 0.9511495272092454 0.94782238822257 0.9364449637151984 -9999.0 -9999.0
-9999.0 -9999.0 -9999.0 -9999.0 -9999.0 -9999.0 -9999.0 -9999.0 -9999.0 -9999.0 -9999.0 -9999.0 -9999.0 -9999.0 -9999.0 -9999.0 -9999.0 -9999.0 -9999.0 -9999.0 -9999.0 -9999.0 -9999.0 -9999.0 -9999.0 -9999.0 -9999.0 -9999.0 -9999.0 -9999.0 -9999.0 -9999.0 -9999.0 -9999.0 -9999.0 -9999.0 0.9543136280091694 1.0 0.9442055780423707 0.9454683381458957 0.9386701285327068 0.9344858537867852 0.9375483904767705 0.9242466569645778 0.9380259727291865 0.9440437871078073 0.9451303044038756 0.9344658344538118 0.9501451569034499 0.9413720204463435 0.9474287272772023 1.0 1.0 1.0 1.0 1.0 1.0 0.9190701588683081 1.0 1.0 1.0 0.9478528770353123 0.9410812913226794 0.9519267100619202 0.950047345714683 -9999.0 -9999.0
-9999.0 -9999.0 -9999.0 -9999.0 -9999.0 -9999.0 -9999.0 -9999.0 -9999.0 -9999.0 -9999.0 -9999.0 -9999.0 -9999.0 -9999.0 -9999.0 -9999.0 -9999.0 -9999.0 -9999.0 -9999.0 -9999.0 -9999.0 -9999.0 -9999.0 -9999.0 -9999.0 -9999.0 -9999.0 -9999.0 -9999.0 -9999.0 -9999.0 -9999.0 -9999.0 -9999.0 0.9523313367201277 0.9515431058524105 0.9417990969860653 0.9507214227758141 0.9523992441782827 0.9450327720707574 0.9432925110983088 0.9361200403437456 0.910697054515808 0.9458987505828937 0.9495946714768857 0.9441404975148908 0.9442675006850435 0.9311516992736724 0.9475479039694715 1.0 -9999.0 1.0 1.0 1.0 0.9420686062438186 1.0 1.0 1.0 0.951602030573198 1.0 0.9557260255516744 0.9496884048085853 -9999.0 -9999.0 -9999.0
-9999.0 -9999.0 -9999.0 -9999.0 -9999.0 -9999.0 -9999.0 -9999.0 -9999.0 -9999.0 -9999.0 -9999.0 -9999.0 -9999.0 -9999.0 -9999.0 -9999.0 -9999.0 -9999.0 -9999.0 -9999.0 -9999.0 -9999.0 -9999.0 -9999.0 -9999.0 -9999.0 -9999.0 -9999.0 -9999.0 -9999.0 -9999.0 -9999.0 -9999.0 -9999.0 -9999.0 1.0 0.9508119471423978 1.0 1.0 0.9539649262575212 0.949090731775537 0.9542554880850154 0.9462479908414427 0.950904482880075 0.9356592361451127 0.9389416434776703 0.9311197461188182 0.9522849140400809 1.0 1.0 1.0 -9999.0 1.0 1.0 0.9389476036188658 1.0 1.0 1.0 1.0 0.9532246938820987 0.9505788116269938 -9999.0 -9999.0 -9999.0 -9999.0 -9999.0
-9999.0 -9999.0 -9999.0 -9999.0 -9999.0 -9999.0 -9999.0 -9999.0 -9999.0 -9999.0 -9999.0 -9999.0 -9999.0 -9999.0 -9999.0 -9999.0 -9999.0 -9999.0 -9999.0 -9999.0 -9999.0 -9999.0 -9999.0 -9999.0 -9999.0 -9999.0 -9999.0 -9999.0 -9999.0 -9999.0 -9999.0 -9999.0 -9999.0 -9999.0 -9999.0 -9999.0 0.9429446584619693 1.0 0.939970595598766 0.9510352428919365 0.9525068047633272 0.952643476972091 0.9448520647527223 0.9540949680436358 0.9458006448483928 0.9359499259685349 0.9472266350146936 0.9520756960219815 0.950468613082609 0.9520665894243037 0.9510729276525518 1.0 1.0 1.0 1.0 1.0 1.0 1.0 1.0 0.9536093803825989 0.95189236175888 -9999.0 -9999.0 -9999.0 -9999.0 -9999.0 -9999.0
-9999.0 -9999.0 -9999.0 -9999.0 -9999.0 -9999.0 -9999.0 -9999.0 -9999.0 -9999.0 -9999.0 -9999.0 -9999.0 -9999.0 -9999.0 -9999.0 -9999.0 -9999.0 -9999.0 -9999.0 -9999.0 -9999.0 -9999.0 -9999.0 -9999.0 -9999.0 -9999.0 -9999.0 -9999.0 -9999.0 -9999.0 -9999.0 -9999.0 -9999.0 -9999.0 -9999.0 1.0 1.0 1.0 0.9498961094389486 0.9536991775198539 0.9468195730513104 0.9360992075928134 0.9395841471049589 0.9383351480231328 0.9393565365217652 0.9471678895266479 0.9522989456697274 0.9499149915562222 0.9520030426674418 0.9529204059838225 1.0 1.0 1.0 1.0 1.0 1.0 0.9526214892932853 0.9560659407810952 0.9506996782066244 -9999.0 -9999.0 -9999.0 -9999.0 -9999.0 -9999.0 -9999.0
-9999.0 -9999.0 -9999.0 -9999.0 -9999.0 -9999.0 -9999.0 -9999.0 -9999.0 -9999.0 -9999.0 -9999.0 -9999.0 -9999.0 -9999.0 -9999.0 -9999.0 -9999.0 -9999.0 -9999.0 -9999.0 -9999.0 -9999.0 -9999.0 -9999.0 -9999.0 -9999.0 -9999.0 -9999.0 -9999.0 -9999.0 -9999.0 -9999.0 -9999.0 -9999.0 -9999.0 -9999.0 1.0 1.0 0.9515789919705888 1.0 0.953742807927737 0.953688120437542 0.941511546708851 0.9481190439403901 0.9448775934857674 0.949702241630616 0.9511728431769575 0.9500133427772548 0.9510421632939778 0.9522128294790817 1.0 0.9534084506984739 1.0 1.0 1.0 1.0 0.953883075910626 -9999.0 -9999.0 -9999.0 -9999.0 -9999.0 -9999.0 -9999.0 -9999.0 -9999.0
-9999.0 -9999.0 -9999.0 -9999.0 -9999.0 -9999.0 -9999.0 -9999.0 -9999.0 -9999.0 -9999.0 -9999.0 -9999.0 -9999.0 -9999.0 -9999.0 -9999.0 -9999.0 -9999.0 -9999.0 -9999.0 -9999.0 -9999.0 -9999.0 -9999.0 -9999.0 -9999.0 -9999.0 -9999.0 -9999.0 -9999.0 -9999.0 -9999.0 -9999.0 -9999.0 -9999.0 -9999.0 0.9217519657026173 1.0 0.9541321966379159 0.953498110915419 1.0 0.9534602197089217 0.9504798232770372 0.9523429452571589 0.9445746643193127 0.9509807020542659 0.9500755079882662 0.9508846691460677 0.9531222577009284 0.9554139345131824 0.9564074931977712 0.9512098348151734 0.9518014559181888 0.9526944385720693 0.9534349641158013 0.9496460212484669 -9999.0 -9999.0 -9999.0 -9999.0 -9999.0 -9999.0 -9999.0 -9999.0 -9999.0 -9999.0
-9999.0 -9999.0 -9999.0 -9999.0 -9999.0 -9999.0 -9999.0 -9999.0 -9999.0 -9999.0 -9999.0 -9999.0 -9999.0 -9999.0 -9999.0 -9999.0 -9999.0 -9999.0 -9999.0 -9999.0 -9999.0 -9999.0 -9999.0 -9999.0 -9999.0 -9999.0 -9999.0 -9999.0 -9999.0 -9999.0 -9999.0 -9999.0 -9999.0 -9999.0 -9999.0 -9999.0 -9999.0 0.9195241938207195 1.0 0.9542132538725887 0.9532379544937236 0.9481010328405534 0.9492800241779858 0.9525012230487476 0.9512276490098789 0.931225445159929 0.9396155421281663 0.9324831044637555 0.9490604782206983 0.951196457105918 0.952548358440412 0.9531464641173469 0.9528649909810502 0.9455645909440352 0.956516592353405 0.9529176383378996 -9999.0 -9999.0 -9999.0 -9999.0 -9999.0 -9999.0 -9999.0 -9999.0 -9999.0 -9999.0 -9999.0
-9999.0 -9999.0 -9999.0 -9999.0 -9999.0 -9999.0 -9999.0 -9999.0 -9999.0 -9999.0 -9999.0 -9999.0 -9999.0 -9999.0 -9999.0 -9999.0 -9999.0 -9999.0 -9999.0 -9999.0 -9999.0 -9999.0 -9999.0 -9999.0 -9999.0 -9999.0 -9999.0 -9999.0 -9999.0 -9999.0 -9999.0 -9999.0 -9999.0 -9999.0 -9999.0 -9999.0 -9999.0 0.9495765377535818 1.0 0.9514204840693186 0.9500886010398776 0.9430660874829082 0.9512846852867314 0.9548660931718609 0.9504711826965047 0.9501576712036292 0.9495805015139249 0.950701750192985 1.0 1.0 0.9557875711802867 0.9545103140377457 0.9559780227712291 0.9529360316559905 0.9511206907710986 0.9518040386001146 -9999.0 -9999.0 -9999.0 -9999.0 -9999.0 -9999.0 -9999.0 -9999.0 -9999.0 -9999.0 -9999.0
-9999.0 -9999.0 -9999.0 -9999.0 -9999.0 -9999.0 -9999.0 -9999.0 -9999.0 -9999.0 -9999.0 -9999.0 -9999.0 -9999.0 -9999.0 -9999.0 -9999.0 -9999.0 -9999.0 -9999.0 -9999.0 -9999.0 -9999.0 -9999.0 -9999.0 -9999.0 -9999.0 -9999.0 -9999.0 -9999.0 -9999.0 -9999.0 -9999.0 -9999.0 -9999.0 -9999.0 -9999.0 -9999.0 0.9531563863470164 1.0 0.9520551990617537 0.9522817746278732 0.6648670959905011 0.6373710537789407 0.7762077689199774 0.9520658578966196 0.9512996681454812 0.9504833205711298 1.0 0.5251316039202079 0.5305960001929151 0.9548940242545891 0.9426271090809364 0.9544405084457318 -9999.0 -9999.0 -9999.0 -9999.0 -9999.0 -9999.0 -9999.0 -9999.0 -9999.0 -9999.0 -9999.0 -9999.0 -9999.0
-9999.0 -9999.0 -9999.0 -9999.0 -9999.0 -9999.0 -9999.0 -9999.0 -9999.0 -9999.0 -9999.0 -9999.0 -9999.0 -9999.0 -9999.0 -9999.0 -9999.0 -9999.0 -9999.0 -9999.0 -9999.0 -9999.0 -9999.0 -9999.0 -9999.0 -9999.0 -9999.0 -9999.0 -9999.0 -9999.0 -9999.0 -9999.0 -9999.0 -9999.0 -9999.0 -9999.0 -9999.0 -9999.0 0.9513446421305227 1.0 1.0 0.9322438575572236 0.9513163529963713 0.5482226592255365 0.8839532079046388 1.0 1.0 0.7965551266929667 1.0 1.0 0.5518802883034127 0.9482682190955243 -9999.0 -9999.0 -9999.0 -9999.0 -9999.0 -9999.0 -9999.0 -9999.0 -9999.0 -9999.0 -9999.0 -9999.0 -9999.0 -9999.0 -9999.0
