critload/trunk/output/2010/frnfe_ara.asc
ncols 720
nrows 360
xllcorner -180.0
yllcorner -90.0
cellsize 0.5
NODATA_value -9999.0
[rows 162 to 188 of 360, columns 366 to 426 of 720]
0.425183390784642 0.425168057090388 0.4260083439884401 0.42571271589805787 0.42978105335162475 0.430096108471206 0.4261053872721015 0.42460107117703333 0.425335149952391 0.4265700536496806 0.4254994638979191 0.424797876758682 0.4259320945221033 0.42606012413602745 0.42606133064174934 0.426495931534756 0.4263637807699667 0.4263949597482265 0.4260138762821155 0.6697951796032968 0.6717156561297734 0.6710126546241055 0.6714602177867475 0.6707020883241358 0.0001 0.0001 0.0001 0.0001 0.0001 0.0001 0.0001 0.0001 0.0001 0.0001 0.0001 0.0001 -9999.0 0.0001 -9999.0 -9999.0 -9999.0 -9999.0 -9999.0 -9999.0 -9999.0 0.34657568207176714 -9999.0 0.3749328215720598 0.3772296630815356 0.3881351426475351 0.3789440520624835 0.25529879846443265 0.24612802671776948 0.386260845855512 0.38196799260229497 -9999.0 0.3821420445861361 0.37228020956857766 0.38662778729259956 0.3966025440253219 0.3899586533183212
0.4245961343439128 0.4256352988763388 0.4252148762568677 0.5470089515198799 0.5467797714954113 0.5484668134590375 0.5467297825182064 0.42593241105067925 0.42908290784809894 0.42722596156605613 0.42526579150173116 0.42408598008580267 0.4269193870819065 0.42644539653321667 0.4265648793261471 0.4256205749118443 0.42596832598119044 0.5482182130520824 0.5480765834745894 0.6714471084673096 0.6700293702146648 0.6702344198223176 0.6693748469859241 0.6712736239978214 0.6636421253349055 0.0001 0.0001 0.0001 0.0001 0.0001 0.0001 0.0001 0.0001 -9999.0 -9999.0 -9999.0 -9999.0 -9999.0 -9999.0 -9999.0 -9999.0 -9999.0 -9999.0 -9999.0 -9999.0 0.3018536615148652 -9999.0 0.26266487072469824 0.3823893908867895 0.3824769375366477 0.26451302930110526 0.3924406306933152 0.3878055959881217 0.2386937592732286 0.3853914350610393 0.2471474442433822 0.38694371628974666 0.38184990589787543 0.3936055635889145 0.39455914715833657 0.41995233653777736
0.4251253678129219 0.4249572467795985 0.42550813257429765 0.425078981826749 0.4256044197360838 0.5469205501572869 0.4252272736441049 0.4279615115879901 0.5506919677977388 0.42801502593973023 0.5493377325464577 0.4259830094807471 0.4263112414045882 0.42630354065907666 0.4256816772657519 0.4265494190753976 0.5480366227433079 0.5478166862938093 0.6697513591781304 0.667926689971123 0.6688077338735934 0.6675775632400546 0.6656864018441246 0.6667393767827404 0.6669186184712594 0.0001 0.0001 0.0001 0.0001 0.0001 -9999.0 0.0001 -9999.0 -9999.0 -9999.0 -9999.0 -9999.0 -9999.0 -9999.0 -9999.0 -9999.0 -9999.0 -9999.0 -9999.0 -9999.0 0.31802761751572434 0.3635832074093398 0.2022864474185782 0.39963753802406343 0.3768167390350796 0.3828366758813981 0.39350275841883936 0.3875549033239797 0.35414720924117454 0.24249356375564257 0.24587753706173923 0.3961930233655947 0.39406094204379505 0.3917605323927292 0.39713312148064084 -9999.0
0.4257641613368987 0.42637979415117266 0.4258288271299349 0.42424900921674313 0.4246542764319819 0.42401538412767836 0.4253088623464116 0.4262012696306365 0.5481362866285805 0.42575690227998925 0.5461267384944365 0.42629421746029456 0.4255485413593759 0.4260109124567105 0.5473564143250697 0.5482758543520037 0.5482425547017707 0.548459458390535 0.6626458858666254 0.6661597261222212 0.6693821792164684 0.6633009553064827 0.6630774845368345 0.6651906805681758 -9999.0 0.0001 0.0001 0.0001 0.0001 0.0001 0.0001 -9999.0 0.0001 -9999.0 -9999.0 -9999.0 -9999.0 -9999.0 -9999.0 -9999.0 -9999.0 -9999.0 -9999.0 -9999.0 -9999.0 -9999.0 0.4146541077198828 -9999.0 -9999.0 0.36812484147768954 0.3915020359533947 0.3960532621443848 0.38216563940131715 0.3761720027648329 0.3943340020503972 0.2411650654113873 0.3810061964727202 0.385287315409994 0.3794664730882889 0.39033790188378675 0.3895747815344926
0.42553178173230294 0.42564813427444814 0.42521016420216684 0.42488578723011683 0.42474385202555504 0.4260070274674115 0.4255630422133101 0.4269453115162223 0.42651586330190167 0.5475143205190103 0.42595840283558695 0.4247400751875868 0.42593382802411567 0.5480151753981352 0.6695806609512182 0.6638868189096938 0.5497988281657132 0.6655586939782733 0.6670834151666948 0.6679009571317437 0.6641378721103095 0.6620055113579054 0.6571942560702971 0.6636175551428649 0.0001 0.0001 0.0001 0.0001 0.0001 0.0001 0.0001 -9999.0 0.0001 0.0001 -9999.0 -9999.0 -9999.0 0.0001 -9999.0 -9999.0 -9999.0 -9999.0 -9999.0 -9999.0 -9999.0 -9999.0 -9999.0 -9999.0 -9999.0 0.3426948098562958 -9999.0 -9999.0 0.25817275969005155 0.3858445405609755 0.3944071209777159 0.2643239685573188 0.3570427542550775 0.38936343914708177 0.3815609017539207 0.371545105157495 -9999.0
0.5465848087591209 0.546105761197379 0.42595524669159546 0.4251126668057342 0.4253792998564982 0.4249229198099136 0.425399997897214 0.42846095881914353 0.4267350196567266 0.4255765665605049 0.42562322070320235 0.4261220355124624 0.5481004889758346 0.6686319761185767 0.6619024348763092 0.6641640657982808 0.6625707757106495 0.6672290406209217 -9999.0 0.6709810926924143 0.6671030973451938 0.6639085726802098 0.6600523888953225 0.0001 0.0001 0.0001 0.0001 -9999.0 0.0001 -9999.0 -9999.0 -9999.0 0.0001 -9999.0 -9999.0 -9999.0 0.0001 -9999.0 -9999.0 -9999.0 -9999.0 -9999.0 -9999.0 -9999.0 -9999.0 -9999.0 -9999.0 -9999.0 -9999.0 0.3785328251684477 -9999.0 -9999.0 0.38793508462420473 0.3919851822322651 0.37214823337525565 0.3805659729569241 0.368617383120775 0.3870577917128741 0.3837756708299099 0.3977687201025645 0.3939607552264495
-9999.0 -9999.0 -9999.0 0.5458845602463337 0.5494978959304214 0.4245661164189328 0.42461338175936136 0.4262080778164466 0.425503682832469 0.42551578947732593 0.4258496640076039 0.5469757474222898 0.6748662347867566 0.6645430481950744 0.1756721539987499 0.6644345198917964 0.6684092013367596 -9999.0 -9999.0 0.6687340027397857 0.6686426698709734 0.6735418436617391 0.6639764308902942 0.0001 0.0001 0.0001 0.0001 -9999.0 -9999.0 -9999.0 -9999.0 -9999.0 0.0001 0.0001 0.0001 0.0001 -9999.0 -9999.0 -9999.0 -9999.0 -9999.0 -9999.0 -9999.0 -9999.0 -9999.0 -9999.0 -9999.0 -9999.0 0.2507877959772247 0.37785150149578633 -9999.0 0.41187195188956827 0.41244512265143773 0.3308599771201179 0.3734345853770105 0.3787141020535387 0.3741215826753149 0.3930339770075171 0.39718912265381395 0.2684177856619288 -9999.0
-9999.0 -9999.0 -9999.0 -9999.0 0.5462333760060691 0.546706488701718 0.546065681243801 0.5483162229200923 0.42511982535247933 0.4259611748009385 0.4258025918132757 0.5488061673780736 0.6742398740781534 0.6696920432647259 0.17934755173750166 0.6662512091149818 0.6694184270196843 0.6703448217645624 0.670242541713117 0.6697329464284835 0.670075308959956 0.6692617215993892 0.6637038940002079 -9999.0 0.0001 -9999.0 -9999.0 -9999.0 0.0001 -9999.0 -9999.0 -9999.0 0.0001 0.0001 0.0001 -9999.0 0.0001 0.0001 -9999.0 -9999.0 -9999.0 -9999.0 -9999.0 0.0001 0.0001 0.688662647092464 0.0001 -9999.0 0.0001 0.3770621102916214 0.36603466379325067 -9999.0 0.37206978851232964 0.3767856937515682 0.3773277239435647 0.3500623004389563 0.36869433871749574 -9999.0 -9999.0 0.26552278024783194 0.3888635313595735
-9999.0 -9999.0 -9999.0 -9999.0 -9999.0 0.42569314225741706 0.5492955348788945 0.5514285407898053 0.4246740092749119 0.4255137593000178 0.42506704512217897 0.6740626925290673 0.6730342540243159 0.6690758919448198 0.6731601621497713 0.6690940863709692 0.6698929296277464 0.6709180976144068 0.6710341476170728 0.6711780036787965 0.6709760560633493 0.6637654011970383 0.6695878199067866 0.0001 -9999.0 0.0001 -9999.0 -9999.0 -9999.0 -9999.0 0.0001 -9999.0 -9999.0 0.6876749530392009 0.6885764218902201 0.0001 0.0001 0.0001 0.0001 0.0001 0.0001 0.6887321621699101 -9999.0 -9999.0 -9999.0 -9999.0 -9999.0 -9999.0 0.68762123231934 0.37690758708988414 0.2511144688371179 0.3719551225727558 0.2515722872815292 0.24509011005157705 0.382472918036454 0.24299692421354074 0.2564499385830569 0.2627440929689052 0.2614325669770713 0.39254761739428246 0.3894482279167596
-9999.0 -9999.0 -9999.0 -9999.0 -9999.0 0.5469249866220348 0.5418956073975135 -9999.0 -9999.0 -9999.0 -9999.0 0.1834973277847081 0.18072533829065762 0.18339938911679424 0.6739959463180891 0.6730971866936177 0.18201606973924458 0.6715876254422285 0.6704257447133194 0.668661258028042 0.6693016301299951 0.6717569557252855 0.6711981001301234 0.6699100034005607 0.0001 0.0001 -9999.0 -9999.0 0.0001 -9999.0 0.0001 0.679434161580847 0.6923026877959509 0.687571666493534 0.6875478468545481 0.687388827521081 0.687325862302383 0.6875918994379299 0.0001 0.6876835422631242 -9999.0 -9999.0 -9999.0 -9999.0 0.6874349934448617 -9999.0 -9999.0 -9999.0 0.6876458306593359 0.6877247821306773 0.68072448044457 0.6822148404274434 0.6822764614556621 0.6820585060112583 0.38242828576477933 0.3773131312375052 0.25496968111908924 0.3904688417079534 0.3826636831192452 0.25302461091197864 0.2587650955764904
-9999.0 -9999.0 -9999.0 -9999.0 -9999.0 -9999.0 -9999.0 -9999.0 -9999.0 -9999.0 -9999.0 0.16362408608237458 -9999.0 0.671738356914066 0.18279148920493452 0.673212913333941 0.6704445044739928 0.6690378623769221 0.6713304101128851 0.6694617102385327 0.6706213026065928 -9999.0 0.6708408867340464 -9999.0 0.0001 0.0001 0.0001 -9999.0 -9999.0 0.0001 0.0001 0.6871561236578115 0.6866163475522802 0.6842255165434988 0.6949491865837226 0.6694050164959139 -9999.0 -9999.0 0.6876010360446858 0.6877055866210604 0.6876289512938704 0.6876785574901098 -9999.0 0.6875736721972993 0.6873813612210128 0.687543781955779 0.6875409907657707 0.7018730735006627 0.6875929954540216 0.6877857993552571 0.687846951524529 0.683678681224241 -9999.0 0.6904697244706398 0.6859704491258263 0.24668075973954642 0.03243843247077969 0.25710804305639057 0.254121302817093 0.03891902974390843 0.029807528963535446
-9999.0 -9999.0 -9999.0 -9999.0 -9999.0 -9999.0 -9999.0 -9999.0 -9999.0 -9999.0 -9999.0 0.16442526056152892 -9999.0 0.6754743884153022 0.6708165338272549 0.6714611659228082 0.6702346503787359 0.6710834835591791 0.6714907739025289 0.6551575174458857 -9999.0 0.6714399292499649 -9999.0 0.6702591644611939 0.6697624210821803 -9999.0 0.0001 -9999.0 -9999.0 -9999.0 -9999.0 0.6872013269450584 0.6897483005696209 0.6881803003202889 0.6789669290580046 0.6788174969253017 0.7011751495154804 -9999.0 0.6876099349998083 0.6492638494947841 -9999.0 0.6879721997769331 -9999.0 -9999.0 0.6875146712421508 0.6866721938754927 0.6801285826744102 0.687484522137835 0.684032082014445 0.6864691059345347 -9999.0 0.6877631136544308 -9999.0 0.6837288289247725 0.6873967530414092 0.021956565396540388 0.033105041410071694 0.040889567949834234 0.040237814823405445 0.03274343498363674 0.04131265581133883
-9999.0 -9999.0 -9999.0 -9999.0 -9999.0 -9999.0 -9999.0 -9999.0 -9999.0 -9999.0 -9999.0 -9999.0 -9999.0 0.6736325076476419 0.6712728150753949 0.6700321842474233 0.668804969546848 0.6699715915483062 0.6714649940181492 0.6722267086217764 0.6725696242384616 0.6716881830226046 0.6708928540061636 -9999.0 0.6702015756793563 -9999.0 0.0001 -9999.0 -9999.0 -9999.0 0.2048719092300244 0.6875758912504091 0.6844898624147477 0.6917321157501165 0.6858394920138443 0.6853123305116151 0.6816108370271892 0.6875995059984805 0.6855654970577593 0.6845294117565838 0.6879722006199609 0.6851152993848629 -9999.0 0.6875396345204614 -9999.0 0.6710556097718914 0.687670273404926 -9999.0 0.6836623187747399 0.6853109278582951 0.6878173951043867 0.687787488061322 -9999.0 0.687684174800765 0.6894607482781262 0.6851955034892647 0.03237359880975966 0.0395049307189898 0.031733863778965234 0.03223185317808951 0.040367932490719696
-9999.0 -9999.0 -9999.0 -9999.0 -9999.0 -9999.0 -9999.0 -9999.0 -9999.0 -9999.0 -9999.0 -9999.0 -9999.0 0.6721171065592061 0.6720769812373766 0.670866911767202 0.6721788115371671 0.8201617486491254 0.8203711576206335 0.8196149675858642 -9999.0 -9999.0 0.6714810776898631 0.6711963599714487 0.6707501078463007 -9999.0 -9999.0 -9999.0 -9999.0 -9999.0 0.7066868155201618 0.6934910426412398 0.7011997027210533 0.711467168784034 0.7069435178763336 0.7009026759999053 0.6954072560826926 0.6919317938456908 0.023560609415999644 0.6981275956660019 0.6966376921548403 -9999.0 -9999.0 -9999.0 -9999.0 -9999.0 -9999.0 -9999.0 0.6981690522052071 0.7023224073484572 0.688134748018829 -9999.0 -9999.0 0.6868268949375629 0.6896395205265089 0.021615716050777695 0.032499804010924685 -9999.0 0.032093742662866215 0.031251723324902676 0.032551447444459716
-9999.0 -9999.0 -9999.0 -9999.0 -9999.0 -9999.0 -9999.0 -9999.0 -9999.0 -9999.0 -9999.0 -9999.0 -9999.0 0.0001 0.0001 0.0001 0.0001 0.819465690989384 -9999.0 -9999.0 -9999.0 0.19517286639453232 -9999.0 0.19612003916426288 -9999.0 0.19559765195669898 0.1950556281881778 -9999.0 -9999.0 -9999.0 0.6972616869515038 0.7086659891277253 0.7074556816331953 0.6966125014642678 0.7021338672743735 0.6956469861235911 0.7005112430300083 0.6994162862710591 -9999.0 0.7072693719768866 0.6991372549535265 0.7010404404768303 -9999.0 -9999.0 0.6856500390986555 0.6995654951729893 0.6865622555963674 -9999.0 -9999.0 -9999.0 -9999.0 -9999.0 -9999.0 0.6871596271901661 0.022139673835565508 0.6893410214331953 0.04009044018435875 0.03906099630336149 0.031650278497592964 0.03203348757760495 0.03198651648572398
-9999.0 -9999.0 -9999.0 -9999.0 -9999.0 -9999.0 -9999.0 -9999.0 -9999.0 -9999.0 -9999.0 -9999.0 -9999.0 0.0001 0.0001 0.0001 0.0001 -9999.0 -9999.0 -9999.0 -9999.0 -9999.0 -9999.0 -9999.0 0.1959513685962659 0.1961345475491506 -9999.0 -9999.0 -9999.0 -9999.0 0.7033443421543958 0.6917609324478442 0.6821500809144889 0.6869723961592009 0.6779466035837833 -9999.0 -9999.0 -9999.0 -9999.0 -9999.0 0.7003961637351854 0.6722058143760258 0.6844186606287068 0.6863910503551994 0.6858341779173642 -9999.0 -9999.0 -9999.0 -9999.0 0.6867722986978823 -9999.0 -9999.0 0.6880247896872175 0.6899934771737131 0.022539640269004756 0.03965296924848382 0.03930481020029562 0.031930492922811804 0.03218564215527833 0.03212421100065645 0.03294448883775326
-9999.0 -9999.0 -9999.0 -9999.0 -9999.0 -9999.0 -9999.0 -9999.0 -9999.0 -9999.0 -9999.0 -9999.0 0.8152900548950377 0.8429381543466619 -9999.0 -9999.0 0.8191069750278085 0.819523985792281 -9999.0 0.8188015201970397 -9999.0 -9999.0 0.8202310854803121 0.19604836441373627 0.19600638876725143 0.19676139273702076 -9999.0 -9999.0 0.196605204966341 0.19617039083848284 0.6997739849765845 0.6936825510206036 0.7047146373315432 -9999.0 -9999.0 -9999.0 -9999.0 -9999.0 0.6871394565183884 0.6868127290893509 -9999.0 0.6892969375812099 0.6905040403871334 0.6939173442074552 0.6883370082751898 -9999.0 -9999.0 -9999.0 -9999.0 -9999.0 -9999.0 0.6889715936175975 0.6893228170396817 0.6881168791194452 0.04104973068741488 0.03933057824215796 0.03937082668486059 0.040332046177042565 0.032915617265834474 0.0333031405184089 0.034035296524384154
-9999.0 -9999.0 -9999.0 -9999.0 -9999.0 -9999.0 -9999.0 0.0001 -9999.0 -9999.0 -9999.0 -9999.0 0.8012956987614743 0.021603950396476716 0.7887234720571985 -9999.0 -9999.0 -9999.0 -9999.0 -9999.0 -9999.0 -9999.0 -9999.0 0.1960165245610766 0.19627309161339435 0.19460074751320894 0.19665960181704736 -9999.0 0.19699605874283116 -9999.0 0.6846258699128888 0.6813854944322664 -9999.0 -9999.0 -9999.0 -9999.0 -9999.0 -9999.0 0.6861795309259551 0.6861993878145818 -9999.0 0.6864601800623551 0.6934751658978958 0.6824435710137273 0.6882074509214932 0.6874219840101926 -9999.0 -9999.0 -9999.0 -9999.0 -9999.0 0.6919231993587145 0.021961044596952004 0.6807065811908959 0.04029089441482458 0.03933109955916963 0.03250549446725913 0.032987125392173494 0.03254091868445617 0.03279771061198489 -9999.0
-9999.0 -9999.0 -9999.0 -9999.0 -9999.0 -9999.0 -9999.0 -9999.0 -9999.0 -9999.0 -9999.0 -9999.0 0.8162088294053066 0.8159022994524028 0.8151521082375193 0.8162189899792233 0.818124434777503 0.8162671490249401 -9999.0 -9999.0 -9999.0 -9999.0 0.19550300607526747 0.19597117177567072 0.19546570348464576 0.19544568470973803 0.1964332810803808 -9999.0 0.19634830528924796 0.6953820094197479 0.6846973469050583 0.6728335883419745 0.6795334020814527 -9999.0 0.6831626556928918 0.6859645033144568 0.6857216365114966 0.685943452848069 -9999.0 -9999.0 -9999.0 0.6843979010794079 0.685478817235132 -9999.0 0.6862671802725197 0.6865499328026297 -9999.0 -9999.0 -9999.0 -9999.0 -9999.0 0.6868909262084825 0.6616262689444826 0.043688705617875565 0.038866995054980556 0.03186283087938968 0.03193082549545888 0.03224862057013565 0.04010561373639051 -9999.0 -9999.0
-9999.0 -9999.0 -9999.0 -9999.0 -9999.0 -9999.0 -9999.0 -9999.0 -9999.0 -9999.0 -9999.0 0.8181705546083329 0.8190745223352749 0.8151956981500454 0.8139402789131399 -9999.0 -9999.0 0.8161622052006985 -9999.0 0.8188154295114976 -9999.0 0.8202810027681979 0.023251211233088553 0.1962085279265265 0.19635422141349496 0.005442596894290054 0.1939601165084521 0.19482389650219123 0.19572407350164525 0.6998241142872003 0.6952909181874326 -9999.0 -9999.0 -9999.0 -9999.0 -9999.0 -9999.0 0.6855806662457232 0.6857982700964809 0.6854759258741534 0.6856226577922198 0.6850528632018527 0.6847552989807136 -9999.0 0.6854787586713714 -9999.0 0.6866578760751174 0.6875628345338245 -9999.0 -9999.0 0.6878624393287894 0.6875158189725935 0.6877001465493315 0.03962672332010206 0.03180542594605731 0.031525768682097347 0.03822709836034628 0.03209383392211421 -9999.0 -9999.0 -9999.0
-9999.0 -9999.0 -9999.0 -9999.0 -9999.0 -9999.0 -9999.0 -9999.0 -9999.0 -9999.0 -9999.0 -9999.0 0.8175321672519029 -9999.0 -9999.0 -9999.0 -9999.0 -9999.0 0.8178035894146088 -9999.0 0.8191420055193408 0.8209691477516677 0.8221549454112895 0.1962427081256065 0.0054592591466145896 0.19643968310810495 0.005450518691683665 0.18648229246654205 0.681612881787957 -9999.0 -9999.0 -9999.0 -9999.0 -9999.0 -9999.0 -9999.0 -9999.0 -9999.0 0.6854232860442465 0.6855042768645291 0.685286293354005 0.6852791255714477 -9999.0 -9999.0 -9999.0 0.685643934126878 0.6858905611376664 -9999.0 -9999.0 -9999.0 -9999.0 0.6936693152278887 0.6827070745527417 0.03695508117311558 0.0016940579031690555 0.5732390035672499 0.5766185449545189 0.5777049383178894 -9999.0 -9999.0 -9999.0
-9999.0 -9999.0 -9999.0 -9999.0 -9999.0 -9999.0 -9999.0 -9999.0 -9999.0 -9999.0 -9999.0 -9999.0 0.8152201431966971 -9999.0 0.8152011778587607 0.8149661268782523 0.8173991111733642 -9999.0 -9999.0 0.8213121745110763 0.838126055528031 0.8259731416945016 0.822273204271967 0.19628982718043156 0.19639060936666367 0.1958241610770968 0.19451932907766842 0.6817060035568336 -9999.0 0.6847663969108733 0.690547893044063 0.6847433031640965 -9999.0 -9999.0 -9999.0 -9999.0 -9999.0 -9999.0 -9999.0 -9999.0 -9999.0 -9999.0 -9999.0 -9999.0 -9999.0 -9999.0 -9999.0 -9999.0 0.6874980053378412 0.6873443436016539 0.687310225443359 0.6828307099802612 0.0016050765046605516 0.0020250758231396145 0.0017029892057587816 0.002064281935039489 0.5754985423277166 0.5764276692896286 -9999.0 -9999.0 0.5781116964497517
-9999.0 -9999.0 -9999.0 -9999.0 -9999.0 -9999.0 -9999.0 -9999.0 -9999.0 -9999.0 -9999.0 -9999.0 -9999.0 -9999.0 -9999.0 0.8148644169042001 0.8154996296295587 -9999.0 -9999.0 0.19599120009708823 0.9169275029987324 0.8221182072261249 0.19674961954432182 0.19664369029278925 0.19640422999298546 0.19592921331045968 0.6822398142351274 0.6850373379529505 0.6849417027384992 0.6848787689152142 0.6778189127496109 0.6952987053164966 0.6878306402686742 0.667168775960003 -9999.0 -9999.0 -9999.0 -9999.0 -9999.0 -9999.0 -9999.0 -9999.0 0.6855968679695222 -9999.0 -9999.0 -9999.0 -9999.0 -9999.0 0.6871594710533911 0.6874741724398712 0.687494608183772 0.020635733312027508 0.0016637185805643522 0.0016488729602376127 0.0017563263128676158 0.0017615818584737458 0.5706209439679406 0.5752919439410715 0.57804972869998 0.5775370453708241 0.5772251545587289
-9999.0 -9999.0 -9999.0 -9999.0 -9999.0 -9999.0 -9999.0 -9999.0 -9999.0 -9999.0 -9999.0 -9999.0 -9999.0 0.8156744217950128 0.8162494037038094 0.8160815915257176 0.8166909251354564 0.19447195032392187 0.19533671659403493 0.1956066883980611 -9999.0 0.19672858561053233 0.19687551976693782 0.1968651942044192 0.196652213219669 0.19642321212123226 0.6858179866549157 0.6854518281005401 0.6852690999300782 0.685002118509565 0.6851775665750992 0.6846569818426969 -9999.0 -9999.0 -9999.0 -9999.0 -9999.0 -9999.0 -9999.0 -9999.0 0.6856581641742285 -9999.0 -9999.0 -9999.0 0.68428772943438 0.6853020320043806 0.6864096610727238 0.696663824095917 0.6871410337707575 0.6878200868000751 0.691923964754322 0.6746817014790674 0.2123961084011012 0.21468559253611127 0.21760262641712064 0.5746971585286997 0.5759160540249733 0.2849028263155037 0.28437480002516635 0.28548511896305173 0.2856675294225277
-9999.0 -9999.0 -9999.0 -9999.0 -9999.0 -9999.0 -9999.0 -9999.0 -9999.0 -9999.0 -9999.0 -9999.0 -9999.0 -9999.0 0.8156305839953184 0.8173737658453716 0.8181689447041315 0.8185482780689818 0.195177610354826 0.19524145383600744 -9999.0 0.19706971211228735 0.1968490006485821 0.19682016341359662 0.1963302657646579 0.19640514756496905 0.6859371129515869 0.6752755983708881 0.6818977014164734 0.6825189141453427 0.6794246255402774 0.6846352410805119 -9999.0 -9999.0 -9999.0 -9999.0 -9999.0 0.6842933118902653 0.6842580528369338 0.6849007158847579 0.6853849688184354 0.6849930617598599 0.6857094973496521 0.6713415825466534 0.686184844298903 0.6755223526859557 0.6833132554398541 0.6838594786148199 0.6637339757440511 0.6876844704957605 0.6809889158156219 0.6203690443756823 0.208900120012463 0.21401680719953314 0.21560916319654014 0.2173588805048998 0.5742022539499166 0.5742364584910141 0.28334195667807227 0.2841018453743523 0.5779972168254459
-9999.0 -9999.0 -9999.0 -9999.0 -9999.0 -9999.0 -9999.0 -9999.0 -9999.0 -9999.0 -9999.0 -9999.0 -9999.0 -9999.0 -9999.0 -9999.0 0.19527559001592137 0.19553874010864755 0.19549394274632156 0.19534838252027514 0.005455464973747462 0.005474608214016554 0.1961301190305316 0.1961876529936087 0.20072127931668476 0.005467594377982481 0.6858013574642854 0.684884949588493 0.6893167067309702 0.6818007943536001 0.6880479151927235 0.6846377603475601 0.6851622367873 -9999.0 -9999.0 -9999.0 0.6850890654969107 0.6850864130338277 0.6855914153192666 -9999.0 0.6857532750569084 0.6855414382993681 0.6846068361259646 0.6857856626229462 0.6862604348666205 0.6827760708753735 0.6886892459941043 0.6804764345896495 0.6876089075057981 0.6873215394851009 -9999.0 0.6357651712895479 0.21545274775703993 0.21318137802454265 0.21707597288622482 0.5727089351969333 0.572681754463234 0.5740896292925755 0.5741244991133098 0.5762099851948645 0.28395480919193755
-9999.0 -9999.0 -9999.0 -9999.0 -9999.0 -9999.0 -9999.0 -9999.0 -9999.0 -9999.0 -9999.0 -9999.0 -9999.0 -9999.0 -9999.0 -9999.0 0.19435115653680912 0.19690313313309044 0.19558966901306962 0.1907348025651577 0.20966103663107444 0.19554326406149178 0.005451519955952615 0.19569316039856208 0.0054712806295368135 0.7026021669934904 0.6795313813312867 0.6863469299668311 0.6850090025548816 0.6824271445943293 0.6838948073602028 0.6846544436709072 0.6851171921506206 0.6794954841652906 0.6845909669268537 0.6817386360264908 0.6849651818159379 0.6851950488798608 0.6851041822991206 0.6853030971533701 0.6851010327136587 -9999.0 0.6857279142985933 0.6828545311377241 0.6863530369049519 0.685279632332536 0.6830465056056652 0.6837073828528282 0.6878990623646161 0.6876084711683503 0.6874556405790092 0.6883886304829557 0.6834163765134467 0.21673760302654627 0.5745179390609294 0.57437261361988 0.569720147425745 0.5748730639362343 0.5753970499069021 0.5762404989472738 0.28370794330828386
