critload/trunk/output/2010/frnfe_ara.asc
ncols 720
nrows 360
xllcorner -180.0
yllcorner -90.0
cellsize 0.5
NODATA_value -9999.0
[rows 54 to 80 of 360, columns 366 to 426 of 720]
-9999.0 -9999.0 -9999.0 -9999.0 -9999.0 -9999.0 -9999.0 0.4908698911730388 0.49912178746089314 -9999.0 -9999.0 -9999.0 -9999.0 -9999.0 -9999.0 -9999.0 -9999.0 -9999.0 -9999.0 -9999.0 -9999.0 -9999.0 -9999.0 -9999.0 -9999.0 -9999.0 -9999.0 -9999.0 0.7742408605486926 0.7673460533996083 -9999.0 -9999.0 -9999.0 -9999.0 -9999.0 -9999.0 0.610908755050857 0.6111172535259077 0.6111172535259078 0.6111172535259077 0.6111172535259077 0.6111172535259077 -9999.0 -9999.0 -9999.0 0.6048863253524697 0.6046681768029661 -9999.0 -9999.0 0.6111172535259077 -9999.0 0.6052104612384998 0.6111172535259077 0.6109266472172452 0.6057414814545645 0.6056178079164415 0.6056739345103421 -9999.0 -9999.0 -9999.0 -9999.0
-9999.0 -9999.0 -9999.0 -9999.0 -9999.0 0.3660176752103366 0.47415337508501815 -9999.0 -9999.0 -9999.0 -9999.0 -9999.0 -9999.0 -9999.0 -9999.0 -9999.0 -9999.0 -9999.0 -9999.0 -9999.0 -9999.0 -9999.0 0.7772113108112805 -9999.0 -9999.0 -9999.0 -9999.0 -9999.0 0.771326330658139 -9999.0 -9999.0 -9999.0 -9999.0 -9999.0 -9999.0 -9999.0 0.6108729337107753 0.6111172535259077 0.6111172535259077 0.6111172535259077 -9999.0 0.6041070917553611 -9999.0 0.6045460184514397 -9999.0 0.6045735548017674 -9999.0 0.604236739975873 0.6034311752064699 0.6097399446598669 -9999.0 0.6044897945368753 -9999.0 -9999.0 0.6050752700095594 0.6111172535259077 -9999.0 -9999.0 -9999.0 -9999.0 -9999.0
-9999.0 -9999.0 -9999.0 -9999.0 0.5026761496155443 0.49951413728872723 -9999.0 -9999.0 -9999.0 -9999.0 -9999.0 -9999.0 -9999.0 -9999.0 -9999.0 -9999.0 -9999.0 -9999.0 -9999.0 -9999.0 -9999.0 -9999.0 -9999.0 -9999.0 -9999.0 -9999.0 -9999.0 0.773924078803995 0.7697197596971022 -9999.0 -9999.0 -9999.0 -9999.0 -9999.0 -9999.0 -9999.0 -9999.0 0.6108831589712637 -9999.0 0.6111172535259077 0.6111172535259077 -9999.0 0.6111172535259077 -9999.0 0.610542979732084 0.6041622919681413 0.604203204040486 0.6041314885383346 0.6036911641453603 0.6038287475612757 0.6027801514969822 -9999.0 0.6026702688825082 0.6111172535259077 0.9999 0.9999 -9999.0 -9999.0 -9999.0 -9999.0 0.9999
-9999.0 -9999.0 -9999.0 -9999.0 -9999.0 0.5046610204776274 -9999.0 -9999.0 -9999.0 -9999.0 -9999.0 -9999.0 -9999.0 -9999.0 -9999.0 0.5046610204776274 0.5046610204776274 -9999.0 -9999.0 -9999.0 -9999.0 -9999.0 0.7749749162646115 -9999.0 -9999.0 -9999.0 0.7772113108112805 -9999.0 0.7681910031814657 -9999.0 -9999.0 -9999.0 -9999.0 -9999.0 -9999.0 -9999.0 0.604047498038749 0.6111172535259077 0.610860957038546 0.6111172535259078 0.6091257236183719 0.6109616037178051 0.6111172535259077 0.6111172535259077 0.6111172535259077 0.6111172535259077 0.6037430229472747 -9999.0 0.6038252753692716 -9999.0 0.6111172535259077 -9999.0 0.9999 0.9999 0.9999 -9999.0 -9999.0 0.9999 0.9999 0.9999 -9999.0
-9999.0 -9999.0 -9999.0 0.5046610204776274 0.5046610204776274 -9999.0 -9999.0 -9999.0 -9999.0 -9999.0 -9999.0 -9999.0 -9999.0 -9999.0 -9999.0 0.4635778060143532 0.49050554415545033 0.5021628352980967 0.49132361180537265 -9999.0 -9999.0 -9999.0 -9999.0 0.7707947395326922 -9999.0 0.775617204281384 -9999.0 -9999.0 0.771802369133341 -9999.0 -9999.0 -9999.0 -9999.0 -9999.0 -9999.0 -9999.0 0.610444527077313 0.6111172535259078 0.6111172535259077 0.6091257236183719 0.6091257236183719 0.6110153890060814 0.6104111934671023 0.6111172535259077 0.6091257236183719 0.6091257236183718 0.6091257236183719 0.6111172535259077 0.611032235026127 0.6111172535259077 0.9999 0.9999 0.9999 0.5439177419450386 0.9999 0.9999 -9999.0 -9999.0 -9999.0 0.9999 0.9999
-9999.0 -9999.0 -9999.0 -9999.0 -9999.0 0.498752521250495 -9999.0 -9999.0 -9999.0 -9999.0 -9999.0 -9999.0 -9999.0 -9999.0 0.49842028131900606 0.5046610204776274 0.4987247724137657 0.5046610204776274 0.48024303462042894 -9999.0 -9999.0 0.7694881932725429 -9999.0 -9999.0 0.7766661457607181 0.7768281923228118 0.7772113108112805 -9999.0 0.7772113108112804 0.7754225640012721 0.7759037746385082 -9999.0 -9999.0 0.6111172535259076 0.6111172535259077 -9999.0 -9999.0 0.5977816095791542 0.6096574933449389 0.6091018022275888 0.609125680544539 0.6111172535259077 0.6111172535259077 0.6109304873638195 0.6108241530368954 0.6110135058522448 0.6111172535259077 0.6111172535259077 -9999.0 -9999.0 -9999.0 0.9999 0.9999 0.6328304283313652 0.9999 0.9999 -9999.0 0.9999 0.9999 0.9999 0.9999
-9999.0 -9999.0 -9999.0 -9999.0 0.5046610204776274 0.48729274879911755 -9999.0 -9999.0 -9999.0 -9999.0 -9999.0 -9999.0 -9999.0 0.5046610204776274 0.5046610204776274 0.5046610204776274 0.497822240267641 0.5046610204776274 0.7772113108112805 0.7772113108112805 -9999.0 0.7772113108112805 -9999.0 0.7680205587377468 0.7772113108112805 0.7768985721961609 0.7772113108112805 0.7751281138527555 0.7751281138527556 0.775007980384954 0.7759037746385081 0.7758794857211412 -9999.0 -9999.0 -9999.0 -9999.0 -9999.0 -9999.0 -9999.0 0.5993741876062281 0.6073723187413272 0.6110920374682108 -9999.0 -9999.0 -9999.0 -9999.0 0.7576106216145995 -9999.0 -9999.0 -9999.0 -9999.0 0.9999 0.9999 0.9999 0.6240266190809318 0.9999 0.6239967447867099 0.9999 0.9999 0.9999 0.9999
-9999.0 -9999.0 -9999.0 -9999.0 0.5046610204776274 0.5046610204776274 0.49306283730270045 -9999.0 -9999.0 -9999.0 -9999.0 -9999.0 -9999.0 0.5046610204776274 0.49372878569771816 0.4926355300429961 0.5046610204776274 0.5046610204776274 -9999.0 0.7772113108112805 0.7772113108112805 0.7771562143956726 0.7767428556697902 0.7772113108112805 0.7759037746385081 0.7759037746385081 0.7759037746385081 0.7759037746385082 0.7759037746385082 0.7739441373529299 0.7612119904931554 0.7613566149311848 -9999.0 -9999.0 -9999.0 -9999.0 -9999.0 -9999.0 -9999.0 -9999.0 -9999.0 0.7567350909557621 0.7571655194550058 0.7766959983650069 -9999.0 0.7766959983650069 0.7766959983650069 -9999.0 0.7581899641988162 0.7584922337588806 0.9999 0.9999 0.9999 0.9999 0.9999 0.9999 0.9999 0.9999 0.9999 0.9999 -9999.0
-9999.0 -9999.0 -9999.0 -9999.0 -9999.0 0.5046610204776274 0.5046610204776274 0.48470115826535587 0.49958193434032727 0.4751476796176917 -9999.0 0.5046610204776274 -9999.0 0.4427179037772329 -9999.0 -9999.0 0.7772113108112805 -9999.0 0.7772113108112805 0.7772113108112805 0.7751281138527555 0.7751281138527555 0.7772113108112806 0.7771682038685864 0.7759037746385081 0.7759037746385082 0.7759037746385081 0.7759037746385081 0.7759037746385082 0.7758049206193631 -9999.0 -9999.0 -9999.0 -9999.0 -9999.0 -9999.0 -9999.0 -9999.0 0.7563523909493249 0.7575643490800762 -9999.0 -9999.0 0.7766959983650069 0.7766959983650068 0.7771275379113535 0.7766959983650069 0.7766959983650069 0.776582887147105 0.7771275379113534 0.9999 0.9999 0.9999 0.9999 0.9999 0.9999 0.9999 0.9999 0.9999 0.9999 0.9999 0.9999
-9999.0 -9999.0 -9999.0 -9999.0 -9999.0 -9999.0 0.5046610204776274 0.5046610204776274 0.5046610204776274 -9999.0 0.5046610204776275 0.5046610204776273 -9999.0 -9999.0 -9999.0 -9999.0 -9999.0 0.7751281138527556 -9999.0 0.7751281138527556 0.7751281138527555 0.7759037746385081 0.7772113108112804 0.7759037746385081 0.775891863656307 0.7772113108112805 0.7772113108112804 0.7750276491622434 -9999.0 -9999.0 -9999.0 -9999.0 -9999.0 -9999.0 -9999.0 -9999.0 -9999.0 -9999.0 0.7572523606548117 0.7568156903681272 -9999.0 0.7766959983650069 0.7766959983650068 0.7590823650840177 0.7771275379113535 0.7771275379113534 0.7766959983650068 0.7771275379113534 0.7766959983650069 0.9999 0.5590842303491523 -9999.0 0.9999 0.9999 0.9999 0.9999 -9999.0 0.9999 -9999.0 0.9999 0.9999
-9999.0 -9999.0 -9999.0 -9999.0 -9999.0 -9999.0 -9999.0 -9999.0 -9999.0 -9999.0 -9999.0 -9999.0 -9999.0 0.5225349662893659 0.5225349662893659 -9999.0 -9999.0 0.7751281138527555 0.7772113108112804 -9999.0 -9999.0 -9999.0 0.7772113108112805 0.7772113108112805 0.7772113108112805 0.7772113108112805 0.7772113108112805 0.771351665746047 -9999.0 -9999.0 0.7759037746385081 0.7754303680083472 0.7759037746385082 -9999.0 -9999.0 -9999.0 -9999.0 -9999.0 0.7548397658260599 -9999.0 -9999.0 -9999.0 -9999.0 0.7569602351727246 0.7723316100847647 0.7669222196287577 -9999.0 0.7771275379113535 0.7748153199269412 0.6313694035078085 0.6345877707438254 0.6295970489720167 0.9999 0.9999 0.9999 0.9999 0.9999 0.9999 0.9999 0.9999 -9999.0
-9999.0 -9999.0 -9999.0 -9999.0 -9999.0 -9999.0 -9999.0 -9999.0 -9999.0 -9999.0 -9999.0 0.5194300356980425 0.5194450930259046 0.5269342265627345 0.5249769454377977 0.5274965739240143 0.7759037746385082 0.7759037746385081 0.7759037746385081 0.7759037746385081 -9999.0 -9999.0 0.7772113108112805 -9999.0 -9999.0 0.7772113108112806 0.7765231253308217 0.7755430847107382 0.7757247505880037 -9999.0 0.7759037746385081 0.7759037746385081 -9999.0 -9999.0 -9999.0 -9999.0 0.7723459269639913 0.7724935417593783 -9999.0 -9999.0 -9999.0 -9999.0 -9999.0 -9999.0 -9999.0 0.7724935417593782 -9999.0 0.7724935417593783 -9999.0 0.9999 0.6348903797506709 0.6321893484020424 0.9999 0.9999 0.9999 0.9999 0.9999 0.9999 0.9999 -9999.0 0.9999
-9999.0 -9999.0 -9999.0 -9999.0 -9999.0 -9999.0 -9999.0 -9999.0 -9999.0 -9999.0 0.5274965739240144 0.5232737622207814 0.5267225001913397 0.5273799895543768 0.521707354245936 -9999.0 -9999.0 -9999.0 0.7759037746385082 0.7748159430368246 0.7571806211674493 0.7772113108112804 0.7772113108112804 0.7770948194161296 0.765790229834567 0.7715861779844982 0.7759037746385081 0.7759037746385081 -9999.0 -9999.0 0.7759037746385081 -9999.0 -9999.0 -9999.0 -9999.0 -9999.0 0.7722697534244558 0.7722714291237596 0.7724053107226694 0.7724052698083138 0.7723695923236351 0.7723208640746682 0.7723951651513226 0.7724935417593782 0.772399461127357 0.7723171329076859 -9999.0 0.7721521528177764 -9999.0 0.7713378681715581 0.6273669104035413 0.6254187616419183 0.9999 0.9999 0.630684103545286 0.9999 0.9999 0.9999 0.9999 0.9999 0.9999
-9999.0 -9999.0 -9999.0 -9999.0 -9999.0 -9999.0 -9999.0 -9999.0 -9999.0 -9999.0 0.5229983333505359 0.5274730970033213 0.524785327857659 0.5223275196293312 0.5199994089486174 0.5216887381383312 -9999.0 -9999.0 0.5236464399584764 0.7722564748617711 0.7694974778724293 0.7772113108112806 0.7545843777855789 0.764704048546034 0.7758294993549776 0.7772113108112805 0.7769017172808707 0.7735254917921438 -9999.0 -9999.0 -9999.0 -9999.0 -9999.0 -9999.0 -9999.0 -9999.0 0.7723176231735571 0.9999 0.9999 0.6145008047514423 0.9999 0.6139779379302983 0.6139779379302983 0.6139778237522955 0.7720588227130085 -9999.0 0.771995810376085 0.7724935417593782 0.7724935417593782 -9999.0 0.9999 0.5813865288665018 0.9999 0.9999 0.6325115636151227 0.6260375920055619 0.9999 0.9999 0.9999 0.9999 0.9999
-9999.0 -9999.0 -9999.0 -9999.0 -9999.0 -9999.0 -9999.0 -9999.0 -9999.0 -9999.0 0.520076749554481 0.5219224058997679 0.5231689903563527 0.5240228936344002 0.525314134341305 0.5274965739240145 0.5274965739240144 0.5269153335388481 0.5238006760690694 0.7756792524677989 0.7752752726133686 0.7739963822170698 0.7643591365101208 -9999.0 -9999.0 -9999.0 -9999.0 -9999.0 -9999.0 -9999.0 -9999.0 -9999.0 -9999.0 -9999.0 -9999.0 -9999.0 0.6145008047514423 0.9999 0.9999 0.9999 0.9999 0.6139778237522955 0.9999 0.9999 0.9999 -9999.0 -9999.0 0.7713850725703166 0.9999 0.7119387133977834 0.7115281773740902 0.9999 0.9999 0.9999 0.9999 0.9999 0.9999 0.9999 0.5705536169909483 0.9999 0.9999
-9999.0 -9999.0 -9999.0 -9999.0 -9999.0 -9999.0 -9999.0 -9999.0 -9999.0 -9999.0 0.5292361312206234 0.5232677498767854 0.523532849166926 0.5274965739240144 0.5274965739240144 0.5274965739240144 0.5274965739240144 0.5274965739240143 0.5274953508919478 0.7759037746385081 0.7759037746385081 0.7759037746385082 0.7759037746385081 0.5274965739240144 -9999.0 -9999.0 -9999.0 -9999.0 -9999.0 -9999.0 -9999.0 -9999.0 -9999.0 -9999.0 -9999.0 -9999.0 0.614489009478745 0.6145007722551639 0.9999 0.6145008047514422 0.6145008047514423 0.9999 0.9999 0.9999 0.9999 0.9999 0.6135479305804616 0.7134077875844705 0.9999 0.7139266220634095 0.9999 0.9999 0.7119306626572235 0.7120643894329131 0.7129722979666931 0.7130934038037136 0.6307998906627588 0.9999 0.5929701063308921 0.9999 0.9999
-9999.0 -9999.0 -9999.0 -9999.0 -9999.0 -9999.0 -9999.0 -9999.0 -9999.0 -9999.0 0.770957817019868 0.76793510667912 0.7705286721061042 0.7737454676447295 0.5274965739240144 0.5274965739240144 0.5274965739240144 0.5274965739240144 0.5274965739240144 -9999.0 0.7736745434332798 0.7736745434333002 -9999.0 -9999.0 -9999.0 -9999.0 -9999.0 0.7906655610510582 0.7904056685499489 0.9999 0.7904063661225743 -9999.0 -9999.0 0.6145008047514423 0.6144907006933578 0.6143707982931765 0.6143758076964122 0.6145004693754573 0.6142521680313269 0.6145005489055484 0.6139779379302983 0.9999 0.9999 0.6145008047514422 0.9999 0.9999 0.9999 0.9999 0.9999 0.9999 0.9999 0.9999 0.9999 0.9999 0.712416952857118 0.7119283442884474 0.6314314773833607 0.6335015970653188 0.631582789995327 0.9999 0.9999
-9999.0 -9999.0 -9999.0 -9999.0 -9999.0 -9999.0 -9999.0 -9999.0 -9999.0 -9999.0 -9999.0 0.7710226168766074 0.7746685289969607 0.7746689800064682 0.7737397673813712 0.7737442295810543 0.7737467601511182 0.773740277972675 0.7737411499403847 0.7737525762660855 0.7736745434333197 0.7736745434333284 -9999.0 0.7898881516570616 0.7898880581565588 0.7898875319624481 0.7904064909946023 0.9999 0.9999 0.9999 0.7898863728450849 0.7898876759638923 0.7898875955004994 0.7898879953726913 0.7898878925345573 0.7898881150900536 0.7898880433791413 0.7898882781664663 0.789888147072354 0.9999 0.9999 0.9999 0.9999 0.9999 0.9999 0.9999 0.9999 0.9999 0.9999 0.9999 0.9999 0.9999 0.9999 0.7128400387620171 0.7120463632676581 0.710408379770991 0.7130889307479532 0.6342613422533101 0.6353538201234273 0.6348334265179864 0.9999
-9999.0 -9999.0 -9999.0 -9999.0 -9999.0 -9999.0 -9999.0 -9999.0 0.7710211527796841 0.7750978902444341 0.7710302759882931 0.7743468214298724 0.7703307041179706 0.7746819977587543 0.7746908270039394 0.7737345883517526 0.7737492443211791 0.7737439889247897 0.7737122196446048 0.7737339581107271 0.7737296976443413 0.7737441498754576 0.7747074001463716 0.7904071503834253 0.9999 0.9999 0.9999 0.9999 0.9999 0.9999 0.9999 0.7904067992924466 0.7898876859964706 0.9999 0.9999 0.9999 0.9999 0.9999 0.9999 0.9999 0.9999 0.712168141588035 0.9999 0.7112343901476446 0.9999 0.9999 0.9999 0.9999 0.7111127546924731 0.7125838359975595 0.9999 0.9999 0.9999 0.9999 0.7122950470585134 0.7128933731023578 0.9999 0.7116484700282406 0.7113292554915486 0.6317756395134904 0.6341367024641097
-9999.0 -9999.0 -9999.0 0.2650534411493066 -9999.0 0.2627776325004097 0.26505344114930657 0.2650534411493066 0.771011096966509 0.775104682879757 0.7751176026025499 0.7751476727770373 0.7751655574742865 0.7746869285122558 0.7729368037130956 0.7726319537068274 0.7735457104311705 0.7737496695839509 0.774699552116252 0.7746796836593092 0.7746911183892892 0.7737440275162756 0.7737539076725038 0.7898868384740241 0.9999 0.9999 0.9999 0.9999 0.7904072256273004 0.789887585661524 0.7904081935877594 0.7898883824917976 0.789887525686102 0.7904068318843948 0.7904074312516057 0.9999 0.7904066979102548 0.7904073736216889 0.9999 0.9999 0.9999 0.9999 0.7126401735332604 0.7121015841540846 0.9999 0.9999 0.7115746327917098 0.7129738037766884 0.7115895785636356 0.9999 0.9999 0.9999 0.9999 0.711899614356064 0.7107174385403207 0.9999 0.9999 0.7152801441172187 0.7150988820869932 0.6329140135337804 0.6346900518880392
-9999.0 -9999.0 -9999.0 0.24817075365717545 -9999.0 0.24964662544658794 0.2656759456700851 0.2614520421800722 0.7746974853932604 0.7751687033032539 0.7751599843062592 0.7751679137629108 0.7690436161515792 0.767925216472875 0.7570438087723533 0.7570678862978835 0.7737124475501345 0.7737506792673678 0.7737560942362028 0.7743590424149057 0.7746868018779441 0.7746921414752407 0.7691991190052925 0.7898883995136635 0.9999 0.7904069481528486 0.7904069200901995 0.7904070760643727 0.7898876038032496 0.7898877593328797 0.7898873316059561 0.7898861056473121 0.7904073676499874 0.7904085265523286 0.7904077259423713 0.9999 0.7904075523844097 0.7904075763725117 0.7906663316141698 0.9999 0.9999 0.9999 0.9999 0.9999 0.9999 0.9999 0.9999 0.9999 0.9999 0.9999 0.9999 0.9999 0.9999 0.9999 0.7090139061047667 0.7105717477299965 0.9999 0.6343882965362898 0.6332489387668436 0.6336983949083365 0.6340916042167256
-9999.0 -9999.0 0.26505344114930657 0.27053600124604693 0.2645777354591788 0.2710923982754722 0.24690013707128552 0.2650637846176327 0.7746944964204991 0.7746782897971062 0.774687848962152 0.7737473697957561 0.7737441717429134 0.7697454847572864 0.7645507064058149 0.768658440093389 0.7741354425974397 0.7737506119292205 0.7746842514234749 0.7747075862576214 0.7747070645547288 0.7746967461718222 0.7747053017308065 0.9999 0.9999 0.7904076410899759 0.7904076420287388 0.7898884151556448 0.9999 0.7904075906554829 0.7904074752332653 0.7898885901031475 0.7898886467770725 0.7898887060412567 0.7898881660383621 0.9999 0.9999 0.9999 0.9999 0.7906664552070012 0.788643223896167 0.7109170874622185 0.7095430306567913 0.9999 0.7114610422496458 0.71136881941468 0.7133801317909989 0.7120456099414781 0.7098244558443002 0.7088505424617885 0.9999 0.7112753064149437 0.7089672575380057 0.9999 0.7090887075791033 0.7085126960340263 0.7114324668481179 0.6297627734395695 0.6294217311756357 0.773661018609372 0.7729905404145057
-9999.0 0.2650534411493066 0.25815512314835526 0.2506986964525278 0.25115137334664933 0.24773192170645728 0.7672295091302581 0.77400771508857 0.774691183044942 0.7737459950707014 0.7737472928046523 0.7737413329896412 0.7737451912679937 0.7737444104691186 0.7746973117199982 0.7746994922768384 0.7731739389571426 0.773194420480761 0.7747058303087498 0.7730766929565918 0.7669187921743307 0.7747050996703924 -9999.0 0.9999 0.9999 0.7904081306657867 0.7904075184577202 0.9999 0.7898886403205769 0.7904071759032685 0.7904075520593187 0.7904074999663643 0.9999 0.7904076163584829 0.7904064776882652 0.7898878175714626 0.9999 0.790407525328778 0.9999 0.7904074644046288 0.7904072281970481 0.7148563444911945 0.7136197762480354 0.7693465868530635 0.7691122092073402 0.7684430405072997 0.7677397799414944 0.7707425284966648 0.9999 0.9999 0.9999 0.9999 0.9999 0.9999 0.9999 0.7690850864529469 0.7699183973477233 0.7704750094174648 0.7693259018236625 0.7704052085543737 0.768754554974655
0.6181087496760299 0.610717931909749 0.617089289591827 0.6086637757068469 0.5958578642613268 0.2553179967393592 0.768280078252252 0.7737476601675186 0.7746473493947804 0.7746935000770937 -9999.0 0.7746746750297167 0.7737474689706408 0.7746909024776348 0.7737471940411378 0.7737495752914104 0.7731951493473966 0.7696922522446129 0.7737582432216501 0.7737577232465856 0.7727639209605799 0.7334986572834916 0.7746894033336825 0.7737963464961846 0.7898881480584775 0.7898882323710615 0.7904077399117256 0.7904078628607956 0.7904067766305267 0.7904071844435715 0.7904074909904212 0.7904073743802345 0.7904076927760163 0.7904069017887156 0.7904063287696335 0.9999 0.7906657511542813 0.9999 0.9999 0.9999 0.7904076188443141 0.7714296517470658 0.77300713644567 0.7713862782154621 0.7681687375748758 0.7694672382116178 0.7702874573774042 0.7695913037215005 0.9999 0.9999 0.9999 0.7714977339161703 0.9999 0.7654710670295648 0.9999 0.7708685053086134 0.7713513824030918 0.7703942565257598 0.7694613553779699 0.7677382007679678 0.7708239580797543
0.6193795170709755 0.6164099440659335 0.6164099440659334 0.6164099440659334 0.6151866759644783 0.6164099440659334 0.7746953628735048 0.7737484376367738 0.7746696507954104 0.7746354318906371 0.7746997563497459 0.7746902189797042 0.7746817966171294 0.7746739171801581 0.7746507752157068 0.7747040259065967 0.7747027567056001 0.7746661458320002 0.7746840347309792 0.7746719080473555 0.7746865878790976 0.7747084827441015 0.9999 0.8620302739614373 0.9999 0.9999 0.7904063758804516 0.7898872008662392 0.7898872418196112 0.790406880444401 0.790406040955508 0.7904067236929754 0.790406893651936 0.7904070813013596 0.7904066137753738 0.7898854516067944 0.7898874152667611 0.789889537997534 0.7904065544883986 0.9999 0.7898877990594801 0.7901796631654603 0.7694530771559301 0.7685591786131992 0.7701851345654056 0.7721642455442786 0.770427640422603 0.7677716753663635 0.7702848634998162 0.7700000810462027 0.7712096664096145 0.7737956374987535 0.769733254964123 0.7642978237903653 0.7653968495637671 0.768469120079749 0.770914863576016 0.7710014795048226 0.7720193309422049 0.7722276788726756 0.772048695282904
0.8586828528405802 0.8586828528405802 0.6183941254696993 0.6183941254696993 0.6183941254696993 0.6183941254696993 0.7746654922381748 0.774672659413346 0.7746914625392979 0.7746930467916952 0.772491394000883 0.7731296238861208 0.774671775668551 0.7746906780057986 0.7737473412816033 0.7746849067505432 0.7746983055662942 0.7747014331410139 0.7746882772522898 0.9999 0.9999 0.8621888527696672 0.8584638999687355 0.8610718561833449 0.8617290853583032 0.8620826284245581 0.8620373996066278 0.9999 0.9999 0.789887004552894 0.7904073141108876 0.7898872505902801 0.7904061110703252 0.7898875947696498 0.7898879478375609 0.7898880388252788 0.790406766700894 0.7904068379926127 0.7904064642560042 0.7904071741748981 0.7898857029325776 0.7712215864718491 0.7690842895074835 0.7701790840844662 0.7719334076717786 0.7689866168535219 0.7673225781765362 0.7681886159862894 0.770018615946647 0.7705293611163992 0.7700596244659718 0.7703121503229284 0.7705775162938147 0.7721243153667576 0.7685971155397432 0.7674268178072009 0.7680638228113335 0.7709377211118512 0.7680160719771948 0.7710340313028005 0.7734317196712117
0.8571413046074298 0.8573102563865151 0.8586828528405803 0.8586828528405802 0.6164099440659335 0.6164099440659335 0.7880108053859876 0.7746865007615265 0.7746896287163312 0.7746875779596308 0.7659699062842645 0.7660346562564202 0.7746912070666303 0.7737491384488276 0.7737516055690916 0.7747025388769051 0.7737531304303855 0.774703725688621 0.7746775521605825 0.9999 0.8620155667036635 0.9999 0.862065077199983 0.8620515145415006 0.8620957181008791 0.8620879081109574 0.8620677754727407 0.8620757951540328 0.8620725106454845 0.8620443389077962 0.8612363726972715 0.78988712807129 0.9999 0.7904055798692172 0.9999 0.7904065539831934 0.9999 0.7898878290557604 0.9999 0.7902037234209316 0.771083270219755 0.7685930158052163 0.7690701363312539 0.77193966146887 0.7723614156120044 0.7725137676865921 0.7698091558200061 0.7709771069581947 0.7703926220041147 0.7705923352394122 0.7679704140014624 0.7700955952511056 0.770992618132324 0.7667227907250977 0.7684794081446717 0.7715447095733691 0.7730125663292142 0.7651905065570966 0.7686669544723078 0.7651329502708487 0.7740504274220736
