critload/trunk/output/2010/frnfe_agri.asc
ncols 720
nrows 360
xllcorner -180.0
yllcorner -90.0
cellsize 0.5
NODATA_value -9999.0
[rows 189 to 215 of 360, columns 366 to 426 of 720]
-9999.0 -9999.0 -9999.0 -9999.0 -9999.0 -9999.0 -9999.0 -9999.0 -9999.0 -9999.0 -9999.0 -9999.0 -9999.0 -9999.0 -9999.0 -9999.0 -9999.0 0.1985886963839516 0.1966085097811504 0.3766260389999882 0.6850982954566893 0.6851828341734976 0.6850858577527944 0.1950319978424965 0.6850245312462586 0.6377319387355658 0.685730654498757 0.6854242624724189 0.6837846204555791 0.6828928539416034 0.6818009738794899 0.680855897356775 0.685488850550308 0.6845071291186822 0.6846577240200927 0.685025408667899 0.684996642558322 0.6849575264266559 0.6847597306615657 0.6852096675319879 0.684634063582901 0.6851647586404743 0.684978514981031 0.6851689511273098 0.6847094280422952 0.6847086424725878 0.6852062412237131 0.6855181977084418 0.6868893167195116 -9999.0 0.6796313100144965 0.6765028245566792 -9999.0 0.5791285540783816 0.580022544041236 -9999.0 0.5778231909070752 0.5790144631423569 0.5790929072453753 0.5822937010664384 0.579298295447109
-9999.0 -9999.0 -9999.0 -9999.0 -9999.0 -9999.0 -9999.0 -9999.0 -9999.0 -9999.0 -9999.0 -9999.0 -9999.0 -9999.0 -9999.0 -9999.0 -9999.0 -9999.0 0.384240918366506 0.6914999187383191 0.684678883352755 0.6813275330364954 0.6847799149930859 0.6816323998887853 0.6872339071951329 0.6831791876975615 -9999.0 -9999.0 0.6836823089079097 0.6824265880297554 0.6829537250134452 0.6841453755711608 0.6940074429400865 0.6979863831605487 0.6855715981823539 0.6857221669493395 0.6855204656244813 0.6857361259884251 0.6840432368396911 0.6853931016510485 0.6851193854276384 0.6848831248964075 0.6854189303159218 0.68520787506353 0.6852154596116237 0.6851490217500358 0.6851305003722966 0.6868398992985483 0.6862961124943838 -9999.0 -9999.0 -9999.0 -9999.0 0.5791056375853071 0.5797299096354342 0.5789843077899001 0.5773055010807289 0.5792077031212074 0.5793779069593646 0.5800737590381642 0.577935878949631
-9999.0 -9999.0 -9999.0 -9999.0 -9999.0 -9999.0 -9999.0 -9999.0 -9999.0 -9999.0 -9999.0 -9999.0 -9999.0 -9999.0 -9999.0 -9999.0 -9999.0 -9999.0 0.41385800796031147 0.698746362139609 0.6759040223716897 0.682595080191615 0.6870007323058992 0.7286791393705817 0.6863428935262064 -9999.0 0.6847470501470435 0.6842219756917097 0.6836299391904622 0.6847175178719916 0.6835048042329472 0.6820775580254024 0.6744756441929793 0.6858352465053352 0.6917001152407277 0.6855047782546928 0.6894560494036508 0.6875866956360259 0.6865168659669592 0.6920832533064715 0.6843352274821213 0.6853910400464969 0.6856254942460274 0.6851864255016273 0.6851983259963143 0.6851104869430564 0.6854640860298796 0.6800597049390655 0.6854347752706575 0.6855110473428762 0.6860700837442987 0.6863690384009778 0.676093451264155 0.5747255455340328 0.5781380364586968 0.5838095327828615 0.5764981127317534 0.578071856502595 0.5785910002186531 0.5789295937053133 0.5589256315390699
-9999.0 -9999.0 -9999.0 -9999.0 -9999.0 -9999.0 -9999.0 -9999.0 -9999.0 -9999.0 -9999.0 -9999.0 -9999.0 -9999.0 -9999.0 -9999.0 -9999.0 -9999.0 0.37485220493518784 0.42497517678291447 0.39053538626951617 0.38493031648399 0.3815997819799841 0.3782213962950409 0.35909410783212004 0.37832123499037107 0.4240331013767081 0.6833936746200877 0.6839600033315111 0.685517528422308 0.6840335358466785 0.6836350693395444 0.6867499141500442 0.686377602374492 0.6686568368806414 0.6888106609178604 0.6862329153875555 0.6878114655093011 0.6821703631159176 0.6849328297722107 0.6842781813547372 0.6840924224682375 0.6948494262224479 0.6855351973705455 0.6850886366201597 0.6850966145408849 0.684955952890877 0.6795340671428908 0.6765536080056989 0.6848896235361733 0.6862366828022044 -9999.0 0.6784130361510898 0.5795528449790189 0.577793529398844 0.5827252856978642 0.5786152803180941 0.5880598181610078 0.5791693400263032 0.5766160019095501 0.5721342087251629
-9999.0 -9999.0 -9999.0 -9999.0 -9999.0 -9999.0 -9999.0 -9999.0 -9999.0 -9999.0 -9999.0 -9999.0 -9999.0 -9999.0 -9999.0 -9999.0 -9999.0 -9999.0 -9999.0 0.42210388786170894 0.39559798797757273 0.3804207874015474 0.3779925083516993 0.3742592260621535 0.3704324367263966 0.3704858163675204 0.4256635787606635 -9999.0 -9999.0 -9999.0 -9999.0 0.6823846680257637 0.6874200835444383 -9999.0 -9999.0 0.6839560694317839 0.6814784664599197 0.6928053300215993 0.6841532158904724 0.6904385054231592 0.6827663345725336 0.6861329010563038 0.6776415514514514 0.6853566477388648 0.6854085095316664 0.6858094563851631 0.6848517816749334 0.6847182381556921 0.684714066873143 0.6033080520973526 -9999.0 -9999.0 -9999.0 -9999.0 0.5778423329237617 0.5792188313526223 0.5791874696253348 0.5787883665934391 0.5788722267973881 0.5648431753602644 0.5784945241052056
-9999.0 -9999.0 -9999.0 -9999.0 -9999.0 -9999.0 -9999.0 -9999.0 -9999.0 -9999.0 -9999.0 -9999.0 -9999.0 -9999.0 -9999.0 -9999.0 -9999.0 -9999.0 -9999.0 0.40913154566574 0.42612971362876007 0.3840429589912357 0.3804342517863716 0.37413363397197597 0.3675147786651243 -9999.0 -9999.0 0.37415393831090393 0.6826187494483955 0.6851623124618892 0.6857773884401044 0.6848984391959995 -9999.0 0.37409345206340755 -9999.0 -9999.0 -9999.0 0.6877165286218717 0.6875068944843249 -9999.0 0.67281630051675 0.6758163706028201 0.686400121729728 0.6857261258231234 0.6856398872057486 0.6851343354948624 -9999.0 0.6852137957155358 0.6899927508760043 0.6846635763658937 0.6858183678447929 0.6874160371661335 0.6865298582508218 0.6888627115751826 -9999.0 0.5788074735195693 0.5786205619067586 0.5794005377714997 -9999.0 0.5094059445068582 0.5610943499082641
-9999.0 -9999.0 -9999.0 -9999.0 -9999.0 -9999.0 -9999.0 -9999.0 -9999.0 -9999.0 -9999.0 -9999.0 -9999.0 -9999.0 -9999.0 -9999.0 -9999.0 -9999.0 -9999.0 -9999.0 0.3389170855230709 0.3931919181871874 0.3802733347652978 0.37020137801169034 0.36646956916643575 -9999.0 -9999.0 0.37353582490553494 0.37938486035402696 -9999.0 -9999.0 -9999.0 0.6871918779835262 0.37211664177196757 0.3729350391734938 -9999.0 -9999.0 -9999.0 -9999.0 -9999.0 0.6863364303576055 0.6814355416867593 0.6859810918428491 0.6858750996795404 0.6856316451866935 -9999.0 0.6850798164856762 0.6834332410718992 0.6618817385789004 0.6857692857328122 0.6855714698575363 -9999.0 -9999.0 0.6915970833854317 0.6861938189207327 0.5800579099268849 0.554252129563512 0.5787175826781642 0.5795561295744801 0.5190781092004785 0.5761524918872903
-9999.0 -9999.0 -9999.0 -9999.0 -9999.0 -9999.0 -9999.0 -9999.0 -9999.0 -9999.0 -9999.0 -9999.0 -9999.0 -9999.0 -9999.0 -9999.0 -9999.0 -9999.0 -9999.0 -9999.0 0.41370397808455306 0.4263323086461212 0.39132643921313137 0.3741304784649506 0.368444797800245 -9999.0 -9999.0 0.3756219277860335 -9999.0 -9999.0 -9999.0 0.36761980785377635 0.3682167170451419 0.3692536448945045 0.3689221516263926 -9999.0 -9999.0 -9999.0 -9999.0 0.6855594229395826 0.6855377052879049 -9999.0 0.6858171909767445 0.6925022816006343 0.6738934281244804 0.6849741829182344 0.6790120892071152 0.687563259111674 0.6683149474420902 -9999.0 0.6685578931451003 0.6863827078450003 0.6878144974593113 0.6838649759235534 0.686238586718575 0.5785629285250377 0.5761896510696025 0.5621767594336556 0.5797247211926879 0.5906130938415244 0.5764221410865602
-9999.0 -9999.0 -9999.0 -9999.0 -9999.0 -9999.0 -9999.0 -9999.0 -9999.0 -9999.0 -9999.0 -9999.0 -9999.0 -9999.0 -9999.0 -9999.0 -9999.0 -9999.0 -9999.0 -9999.0 0.33338302353940086 0.39070028621474945 -9999.0 0.37613764860568366 0.3703607226080453 0.36279217096164096 -9999.0 0.3742747729136908 0.3799150713277589 -9999.0 -9999.0 0.365253273158203 0.3643527034341806 -9999.0 -9999.0 -9999.0 0.3713073403007837 -9999.0 -9999.0 -9999.0 0.6858281042452921 0.6858220671666456 0.6863315354220286 0.6711270503971571 0.0065114932428056976 0.6824205119999935 0.6654339752531057 -9999.0 -9999.0 -9999.0 0.6865700503112536 0.6854653848015825 0.7579498463219695 0.759262222732493 -9999.0 0.7582853833965802 0.759318210380167 0.5516636830551247 0.5759064924969342 0.577882694025145 0.5706492220270223
-9999.0 -9999.0 -9999.0 -9999.0 -9999.0 -9999.0 -9999.0 -9999.0 -9999.0 -9999.0 -9999.0 -9999.0 -9999.0 -9999.0 -9999.0 -9999.0 -9999.0 -9999.0 -9999.0 -9999.0 0.29120716036774585 0.2974829248916044 -9999.0 0.3777387411019195 0.3682904670606404 0.36575600302867606 0.3661349765111807 -9999.0 0.37090675017911023 -9999.0 -9999.0 -9999.0 -9999.0 0.3623353190571748 -9999.0 0.36516207752954216 0.36629816641020524 0.3670639428945727 -9999.0 0.6863903323693157 0.6862709485437434 0.6861856035117163 0.6861563847563282 -9999.0 0.6850523050171946 0.004482993119484444 0.6506509344863641 -9999.0 0.6965381676710675 0.6924092784133415 0.6857903385552091 0.758746728862599 0.7594631444263621 0.7576905622660346 0.7553206337709505 0.7481199276201758 0.7445923733157086 0.7522427469941285 0.7556406755048514 0.5740429725524188 0.5944392355324479
-9999.0 -9999.0 -9999.0 -9999.0 -9999.0 -9999.0 -9999.0 -9999.0 -9999.0 -9999.0 -9999.0 -9999.0 -9999.0 -9999.0 -9999.0 -9999.0 -9999.0 -9999.0 -9999.0 -9999.0 0.4173019668504286 0.42029584199094455 0.3838744434697561 0.3856906092986885 0.3721903847765814 -9999.0 0.36818128998177213 -9999.0 0.36583587193647227 0.36791438236020596 0.36468128855725923 -9999.0 -9999.0 -9999.0 0.3638780297275344 0.36486861457043546 0.3661771898746157 -9999.0 -9999.0 0.6863123626350779 0.6858598633135842 0.6857851763922264 0.6857914963409599 -9999.0 -9999.0 0.685451047891999 0.6881119097570716 0.668331940673988 0.6851816725918735 0.6916902210537782 0.6692641181767417 0.7558408300277338 0.7570220081670704 0.7574682803222559 0.768351170340038 0.7578185440092914 0.7606639023243181 0.7544581533192404 0.7574115295251539 0.752416193874922 0.9474812457788164
-9999.0 -9999.0 -9999.0 -9999.0 -9999.0 -9999.0 -9999.0 -9999.0 -9999.0 -9999.0 -9999.0 -9999.0 -9999.0 -9999.0 -9999.0 -9999.0 -9999.0 -9999.0 -9999.0 -9999.0 -9999.0 0.3946978883793309 -9999.0 0.370485361464447 -9999.0 -9999.0 -9999.0 -9999.0 0.36377096067407905 -9999.0 -9999.0 0.3601067394054793 -9999.0 0.35939519197317016 0.36022242894228934 0.36411053779944563 -9999.0 -9999.0 0.3449721480472017 0.6861508347470183 0.6862303468684872 -9999.0 0.6864153477806659 0.6859774765832855 0.680413137003867 0.6907699318724989 0.6732294223548687 0.6745991424558905 0.6871418850279943 -9999.0 0.6861708793426249 0.7535909825136786 0.7589617234628583 0.7584922090636025 0.7599243005643427 0.7659652174353485 0.7561350487601757 0.7646376232755808 0.7563489929397338 0.756217183287644 0.7718031503224312
-9999.0 -9999.0 -9999.0 -9999.0 -9999.0 -9999.0 -9999.0 -9999.0 -9999.0 -9999.0 -9999.0 -9999.0 -9999.0 -9999.0 -9999.0 -9999.0 -9999.0 -9999.0 -9999.0 -9999.0 -9999.0 0.29212826421912996 0.4259262455245677 0.33870200698079167 0.33578458012547197 0.26932440899662813 -9999.0 -9999.0 -9999.0 -9999.0 -9999.0 -9999.0 0.3582903153640267 0.35794674987779107 0.36006626368183847 0.36305340310391077 0.36538767798137683 -9999.0 0.34785156200813216 0.6858591894102825 0.6861619589108428 0.6866294152446849 0.6637126963943073 0.6867825525811522 0.685081650159802 0.6902219049813827 0.6981128802059179 0.6811539864097115 0.6827134186379489 0.6997390878129305 0.687826757910399 0.756847766313281 0.7604015735717814 0.7574579796599132 0.7559868968603716 -9999.0 0.7618633853167048 0.7607132238141447 0.7561709414366576 -9999.0 0.7676905045470123
-9999.0 -9999.0 -9999.0 -9999.0 -9999.0 -9999.0 -9999.0 -9999.0 -9999.0 -9999.0 -9999.0 -9999.0 -9999.0 -9999.0 -9999.0 -9999.0 -9999.0 -9999.0 -9999.0 -9999.0 -9999.0 0.3146983238622802 0.3588778095861381 0.31887495073770805 0.3114906763466375 0.3325439076328547 0.32473350495856257 0.3562475089146749 -9999.0 -9999.0 -9999.0 -9999.0 0.3551321154888152 0.3574044471554949 0.35949296096446387 0.36240554850714746 0.3643295679359057 0.36507165147994375 0.36517635373706897 0.3453348113108471 0.34836676885301604 -9999.0 0.7563911307799107 -9999.0 0.6896703897265141 0.6899344848336788 -9999.0 0.681828529473031 0.685092944853485 0.690532673048679 0.6801587605616045 0.7566320034716392 0.7569913686324656 0.7556410668058803 -9999.0 0.7541951922326661 0.7571790353602326 0.7544031676663059 0.7702377327274397 -9999.0 0.754463804831085
-9999.0 -9999.0 -9999.0 -9999.0 -9999.0 -9999.0 -9999.0 -9999.0 -9999.0 -9999.0 -9999.0 -9999.0 -9999.0 -9999.0 -9999.0 -9999.0 -9999.0 -9999.0 -9999.0 -9999.0 -9999.0 0.2321489391245882 0.38009055152282384 0.30681099834306563 0.34135015770544935 0.3573629640169101 0.30933200970325764 0.3107006684851341 0.35474662733819673 -9999.0 -9999.0 -9999.0 -9999.0 0.35729773923403885 0.35946818928639473 0.3623509097942825 -9999.0 -9999.0 0.36335095386867183 0.36313113437117617 -9999.0 -9999.0 0.75608012942588 -9999.0 -9999.0 -9999.0 -9999.0 -9999.0 0.6809243049384347 0.6891117493189631 -9999.0 0.7528309656844372 0.7545261458424399 0.7565990951134948 -9999.0 0.7557000517349297 0.7568123296330677 0.7730932902156687 0.7546763243802358 0.7720890774474732 0.7548193897435536
-9999.0 -9999.0 -9999.0 -9999.0 -9999.0 -9999.0 -9999.0 -9999.0 -9999.0 -9999.0 -9999.0 -9999.0 -9999.0 -9999.0 -9999.0 -9999.0 -9999.0 -9999.0 -9999.0 -9999.0 -9999.0 0.3716342488618332 0.3510535639680693 0.3256562072352425 0.2795964501621318 0.3456506274202547 0.31003067438731635 0.28892510436431385 0.34424290088117504 0.35469639164828964 -9999.0 0.35566782540361896 0.35643138388077245 -9999.0 0.36189027756007386 0.3617700024356024 0.3630950500638782 0.3633088148617507 0.362968676987094 -9999.0 -9999.0 -9999.0 -9999.0 -9999.0 -9999.0 0.755067907782512 0.7538184880445855 -9999.0 -9999.0 0.6827621130833248 0.6911347393674846 0.6784066196472572 0.757323852819588 0.7406811898412181 -9999.0 -9999.0 0.7725124886294927 0.7730932902156687 -9999.0 0.7652607459388788 0.7540113794886896
-9999.0 -9999.0 -9999.0 -9999.0 -9999.0 -9999.0 -9999.0 -9999.0 -9999.0 -9999.0 -9999.0 -9999.0 -9999.0 -9999.0 -9999.0 -9999.0 -9999.0 -9999.0 -9999.0 -9999.0 0.33667557242536045 0.4215993998513169 0.36731587108348523 0.31086597793234505 0.355731732871498 0.3079518360500387 0.3040388296870045 0.3978031628838202 0.34993252413909254 0.3541429912912584 0.3535182241391839 0.35525976625892286 0.3570252013759221 0.3601595729487369 0.36145675169893393 0.3610832540955872 0.36301240492372977 0.36277232924798436 0.3637170226712375 0.36070153917835496 -9999.0 0.36300437450714323 -9999.0 -9999.0 -9999.0 -9999.0 -9999.0 -9999.0 -9999.0 0.7717772952530909 0.7534616736091891 0.6856440654851264 0.698609027720934 0.6820289279284126 0.7546967275914814 0.7663046436519939 0.7719180187686095 -9999.0 -9999.0 0.7560164968413688 0.9558189614398972
-9999.0 -9999.0 -9999.0 -9999.0 -9999.0 -9999.0 -9999.0 -9999.0 -9999.0 -9999.0 -9999.0 -9999.0 -9999.0 -9999.0 -9999.0 -9999.0 -9999.0 -9999.0 -9999.0 -9999.0 0.21421511304933227 0.41082420327453356 0.369320347544909 0.34606614352579845 0.3089062930299927 0.30763542375132663 0.30890506154096975 0.30675635752498054 0.35198360724503636 -9999.0 0.347058990691344 0.3527704889296798 0.35606438581462946 0.36064409631815403 0.42633230864612126 -9999.0 0.3614798001676422 0.39952816798854646 0.7630427518407736 0.76137315176831 0.7713398592741783 0.7655614344992618 0.7563163091323282 0.7730363762106839 0.7727834301099518 0.773093046846632 -9999.0 -9999.0 0.7298003238173734 0.7573826930981182 0.7572002539387448 0.7566377341958116 0.6898357605177726 0.7680042408676193 0.7718936174326397 0.7538667766789285 0.7652310397427281 -9999.0 0.7597872718221824 0.75989947174275 0.9524545321254745
-9999.0 -9999.0 -9999.0 -9999.0 -9999.0 -9999.0 -9999.0 -9999.0 -9999.0 -9999.0 -9999.0 -9999.0 -9999.0 -9999.0 -9999.0 -9999.0 -9999.0 -9999.0 -9999.0 0.2827981433047694 0.4263323086461213 0.4263323086461212 0.3086184196596297 0.2891391628922261 0.31471512037267724 0.30673873632352383 0.3076744135932497 0.34438190114419104 0.3505557601289116 -9999.0 0.3633339762839698 0.35243183984802656 0.3558298897051896 0.41966201772412737 0.40791109469927717 0.39010361803141186 0.4263323086461213 0.3931493018134084 0.7567804005557303 0.7558214703377749 0.7566467264372523 0.7574447497604804 0.7730932902156687 -9999.0 0.7671680451842134 0.7703075691319194 -9999.0 0.7523575645903009 0.7489806987614083 0.7378003545722088 0.734544520599172 0.7533296537224373 0.7460093422276797 0.7730932902156687 0.759861214117413 0.769290995937774 0.7576667612487531 0.7609257628023114 0.7613482653764629 0.7577503060030735 0.9543345456341988
-9999.0 -9999.0 -9999.0 -9999.0 -9999.0 -9999.0 -9999.0 -9999.0 -9999.0 -9999.0 -9999.0 -9999.0 -9999.0 -9999.0 -9999.0 -9999.0 -9999.0 -9999.0 0.28840845490708356 0.3014851304553529 0.3982704510607508 0.4237242321490434 0.3508889305616173 0.3496621265189952 0.35976146207935505 -9999.0 0.336585404529586 -9999.0 0.3628624814103624 0.3624691217271348 0.363121999898616 0.3511222057338342 0.35806012261298553 0.4022397059627128 0.31478666563809504 -9999.0 -9999.0 0.34014399006886736 -9999.0 -9999.0 0.7586059096282693 0.7609663055651757 -9999.0 0.7585071964917234 0.7730932902156687 -9999.0 -9999.0 -9999.0 0.7571912478101042 0.7694082335736065 0.7534502335037854 0.7568850250620814 0.7517424914229359 0.7730932902156687 0.7641184156435726 0.7608972994057324 0.75660512793796 0.7566496207847071 0.757790703307617 0.8979051151572008 0.8954935555239972
-9999.0 -9999.0 -9999.0 -9999.0 -9999.0 -9999.0 -9999.0 -9999.0 -9999.0 -9999.0 -9999.0 -9999.0 -9999.0 -9999.0 -9999.0 -9999.0 -9999.0 -9999.0 -9999.0 0.42633230864612126 0.29875733271077504 0.31315109273345826 0.319275525924883 0.355730982323222 0.35817611944200894 0.3549153773433434 0.3523503836275014 0.41425221133961726 0.3624641492353212 0.36360678127136714 0.364556056249696 0.4096267146602431 0.3583556940911408 0.36992882540289385 -9999.0 0.42633230864612126 -9999.0 -9999.0 -9999.0 -9999.0 0.7552011613868984 0.7599912207305369 0.760415763972339 0.7576651595206032 0.7617900382473974 -9999.0 -9999.0 0.757284228476352 0.7580825923925636 0.7620034841724392 0.7596126769532989 0.7557865197966878 0.7492193016711688 -9999.0 0.7614792435655972 0.7607930967026741 0.8967635153559452 0.9008653580203184 0.8959557139694343 0.8973363221584322 0.8960567509103737
-9999.0 -9999.0 -9999.0 -9999.0 -9999.0 -9999.0 -9999.0 -9999.0 -9999.0 -9999.0 -9999.0 -9999.0 -9999.0 -9999.0 -9999.0 -9999.0 -9999.0 -9999.0 0.2884084486436796 0.288408452354454 0.40751661207044276 0.3140599502102436 0.2915650960795714 -9999.0 0.36678794317414365 0.3653894329939329 0.35865998302687574 0.35232845659777673 0.37072950812808997 0.3667129484152573 0.36800928880456857 0.3647589141695213 0.3660218879447505 0.42239318994473335 -9999.0 -9999.0 -9999.0 -9999.0 0.7621230099137323 0.7586537980788858 0.7553124080747667 0.7635768737322387 0.757263322472742 0.7730932902156687 -9999.0 -9999.0 0.7730932902156687 0.7582498892921031 0.7592007513103836 0.7621313374651322 0.7472339071478041 0.7575616999024392 0.7511840214808534 -9999.0 0.7686449882119162 0.9122000623385955 0.8931027464659334 0.8997175923411806 0.8952590733771778 0.9046462292622108 0.8981143311300595
-9999.0 -9999.0 -9999.0 -9999.0 -9999.0 -9999.0 -9999.0 -9999.0 -9999.0 -9999.0 -9999.0 -9999.0 -9999.0 -9999.0 -9999.0 -9999.0 -9999.0 -9999.0 -9999.0 -9999.0 0.21346307813232407 0.41639459919201 0.42633230864612126 0.40068977107435233 0.41315070196423953 0.36152361756978124 0.36372126492519985 0.364203085158029 0.35383942013902825 0.38060434907398677 -9999.0 -9999.0 -9999.0 -9999.0 -9999.0 -9999.0 -9999.0 0.42633230864612126 0.7730932902156687 0.7730932902156689 0.7623307149880217 0.7730932902156687 -9999.0 -9999.0 0.7730932902156689 -9999.0 0.7594869759064464 0.7548224967811892 -9999.0 0.7355248436523057 0.7529272983548371 0.7542559826361288 -9999.0 -9999.0 0.7222889635761088 0.9049286539335384 0.9104189339237209 0.9120537833353453 0.9122000623385955 0.9022460182749994 0.911570926669814
-9999.0 -9999.0 -9999.0 -9999.0 -9999.0 -9999.0 -9999.0 -9999.0 -9999.0 -9999.0 -9999.0 -9999.0 -9999.0 -9999.0 -9999.0 -9999.0 -9999.0 -9999.0 -9999.0 -9999.0 0.37147056138923173 0.4109704639159234 0.4263323086461212 0.42633230864612126 0.39064839622601977 0.37977795774326123 0.37738665757879586 0.3675179609229978 -9999.0 -9999.0 -9999.0 -9999.0 -9999.0 -9999.0 -9999.0 -9999.0 -9999.0 -9999.0 -9999.0 -9999.0 -9999.0 -9999.0 0.7730932902156687 0.7730932902156687 0.7730932902156689 -9999.0 0.7638064111327724 0.7578664025641927 0.7554254629972329 0.7528300258856031 0.760714135344972 0.7700760987161938 0.6748012299225848 0.7225886752006214 0.7304932276340708 0.7323928369861529 0.7329697905518479 0.9119350094917418 0.9107035278418499 0.9122000623385955 0.9122000623385955
-9999.0 -9999.0 -9999.0 -9999.0 -9999.0 -9999.0 -9999.0 -9999.0 -9999.0 -9999.0 -9999.0 -9999.0 -9999.0 -9999.0 -9999.0 -9999.0 -9999.0 -9999.0 -9999.0 0.4263323086461212 0.38832578430590614 0.3630532283391353 0.38590885051116114 0.39817529402218 0.42633230864612126 0.42633230864612126 0.4263323086461212 -9999.0 -9999.0 0.35057318881626914 -9999.0 -9999.0 -9999.0 -9999.0 -9999.0 -9999.0 -9999.0 -9999.0 -9999.0 -9999.0 -9999.0 0.7592329268290833 0.759882020333537 0.7730932902156689 0.7730932902156689 -9999.0 0.7703636764279236 0.7703224856243861 0.7684222354748061 0.758798519572749 0.7600925513739979 -9999.0 0.6716278082289113 0.623759101144728 0.6592746259978498 0.7054831848947773 0.710107603550903 0.7074781134504219 0.681788953923745 0.6921889205933976 0.9076334894141906
-9999.0 -9999.0 -9999.0 -9999.0 -9999.0 -9999.0 -9999.0 -9999.0 -9999.0 -9999.0 -9999.0 -9999.0 -9999.0 -9999.0 -9999.0 -9999.0 -9999.0 -9999.0 -9999.0 -9999.0 0.08507793582385353 0.29089676562392414 -9999.0 0.2926822455350156 0.3940145012338273 0.3955479333162206 0.3965606932043458 0.39646335380293646 0.3988210536458887 0.3922393728703152 0.3853426680078501 0.31675651148604433 -9999.0 -9999.0 -9999.0 -9999.0 -9999.0 -9999.0 -9999.0 0.3916304219236415 -9999.0 -9999.0 0.7554587781119703 0.7547790989396258 0.7723094990795975 0.7730932902156689 0.7664987517075644 0.7397406522220067 0.7530225089775188 0.7111162874758427 0.704030108099657 0.6901433556228604 0.7026125729400413 0.6684088505350049 0.6299206554058365 0.5643168169395674 0.5940512060721197 0.6668573542879471 0.7376202096522341 0.6786531668525488 0.8972680499919716
-9999.0 -9999.0 -9999.0 -9999.0 -9999.0 -9999.0 -9999.0 -9999.0 -9999.0 -9999.0 -9999.0 -9999.0 -9999.0 -9999.0 -9999.0 -9999.0 -9999.0 -9999.0 -9999.0 -9999.0 0.07203231650244123 0.17794066555566768 0.1746694040278722 0.18248530292588622 0.21243293770387237 0.2124042474487381 0.210020569670971 0.19284407564237085 0.19332081758807185 0.19473854466857418 0.19263495190772514 0.18854879553541704 0.3941123526617985 0.38922337412561453 0.3923729432167607 0.3729572105592303 0.39677795630719886 0.3964484485374619 0.3977044578528237 0.39578830546710425 0.19188062175504114 -9999.0 0.21155701169707902 0.21122311225515725 0.7716218621322714 0.7730932902156687 0.7718608094917889 0.768971826596691 0.7321067050343885 0.6907083096341052 0.6894575662084101 0.716457428169291 0.7376202096522341 0.7376202096522341 0.6693583256548069 0.5831254034470377 0.574374426561122 0.6364212644170578 0.7274717248527068 0.7340385984851003 0.8960277734446219
