critload/trunk/output/2010/frnfe_ara.asc
ncols 720
nrows 360
xllcorner -180.0
yllcorner -90.0
cellsize 0.5
NODATA_value -9999.0
[rows 81 to 107 of 360, columns 122 to 182 of 720]
0.9999 0.9999 0.9999 -9999.0 0.9999 0.9999 0.9999 0.9999 -9999.0 0.9999 0.9999 0.9999 0.9999 0.9999 0.9999 0.9999 0.2881913906241893 0.2875400026527999 0.2875691895291797 0.28821993613435204 0.2880660500102085 0.9999 0.9999 0.9999 0.9999 0.9999 0.9999 0.9999 0.9999 0.9999 0.9999 0.9999 0.9999 0.9999 0.9999 0.9999 0.9999 0.9999 0.9999 0.9999 0.9999 0.9999 0.9999 0.9999 0.9999 0.9999 0.9999 0.9999 -9999.0 0.9999 0.9999 -9999.0 -9999.0 -9999.0 0.9999 -9999.0 -9999.0 -9999.0 -9999.0 -9999.0 0.9999
0.9999 0.9999 0.9999 -9999.0 -9999.0 0.7376822652766105 0.9999 0.9999 -9999.0 -9999.0 0.9999 0.9999 0.9999 0.8554506656553291 0.8562471633501356 0.856684326832863 0.8563401780464627 0.8569061195846512 0.8568924579022329 0.8550397301442151 0.8554456784202712 0.8553262496929596 0.8558534570908409 0.8556358932433062 0.8559042262198437 0.9999 0.854417314720753 0.9999 0.8561037896567819 0.9999 0.9999 0.9999 0.9999 0.9999 -9999.0 0.9999 0.9999 0.9999 0.9999 -9999.0 -9999.0 0.9999 -9999.0 -9999.0 0.7296268217870924 0.4376519573559749 0.6893072647542078 0.6547036509997607 0.7132628128985296 0.9999 0.9999 0.9999 0.9999 0.9999 0.9999 -9999.0 0.9999 -9999.0 0.9999 0.9999 0.9999
0.9999 0.9999 0.9999 0.9999 0.7330899554335423 0.7376822652766104 0.9999 0.9999 0.9999 0.9999 -9999.0 -9999.0 0.9999 0.9999 0.9999 0.8565248534543575 0.8567125511726325 0.856870178430213 0.8563980644621454 0.853223708046828 0.8554569139277507 0.8555266299635765 0.8550144456186626 0.8534847404245546 0.855771363064043 0.8558576868696268 0.8556664346645271 0.8558965312767809 0.8558913729774325 0.8559695683138281 0.9999 0.6756762546832615 0.670242052753985 0.9999 0.9999 0.9999 0.9999 0.9999 0.9999 0.9999 0.9999 0.9999 0.9999 0.9999 0.7171876109435392 0.6707954906454824 0.6161645989324556 0.7393704942050369 0.3723702506201448 0.3508730077889539 0.37398409188856313 -9999.0 0.7579983557865989 0.7608924611465574 -9999.0 -9999.0 -9999.0 -9999.0 0.9999 0.9999 -9999.0
0.4737128009862317 0.47765805079161283 0.485355874456396 0.9999 0.7375645515631699 -9999.0 0.9999 -9999.0 0.9999 0.9999 -9999.0 -9999.0 0.9999 0.8513266987887816 0.9999 0.855586501803464 0.8567847014998347 0.856819677885783 0.8544188167052639 0.8538342494991467 0.8538864742051313 0.8541965489439525 0.8489218283320603 0.8520513725171638 0.8536409392485512 0.8542316126192501 0.8533521400790615 0.8536749381552191 0.8555905164272793 0.8555671636483827 0.6763776027467325 0.6699161458846382 0.6696185359527788 0.6731224131784632 0.9999 0.9999 0.9999 0.9999 0.9999 0.9999 0.9999 0.9999 0.9999 0.9999 0.6978258669954824 0.7081171808733058 0.6902797039887556 0.7067230567414057 0.7437794109254598 0.7436496748515654 -9999.0 -9999.0 0.7608924611465575 0.7578039251063985 -9999.0 -9999.0 -9999.0 -9999.0 -9999.0 -9999.0 -9999.0
0.46147009881305595 0.4683402816274938 0.48457941128101467 0.9999 0.7369507123661148 -9999.0 -9999.0 -9999.0 0.9999 0.9999 0.9999 0.9999 0.9999 0.8532886845923021 0.8561191346489014 0.85637511922757 0.9999 0.8566535310999763 0.8568309351658064 0.856288436492077 0.8540225172527435 0.8490672864724036 0.8542377877545083 0.8557633220031533 0.8554575651625359 0.8520485126323513 0.8544056904399067 0.8512455361078145 0.8522274245317503 0.852736010955541 0.6809846505885135 0.6685730900728277 0.6728795431026111 0.6726204081505951 0.6709747178281001 0.9999 0.9999 0.9999 0.9999 0.9999 0.9999 0.9999 0.9999 0.9999 0.7375834418387724 0.6483469992528494 0.5817923557872118 0.7363492663163509 0.7453762329649397 -9999.0 0.6879321558378809 0.6300900381480103 -9999.0 0.700350197371947 -9999.0 -9999.0 -9999.0 -9999.0 -9999.0 -9999.0 -9999.0
0.9999 0.9999 0.9999 0.9999 0.7370871485348873 0.7376822652766105 -9999.0 -9999.0 -9999.0 0.9999 0.9999 0.9999 0.9999 0.9999 0.8478247258996002 0.9999 0.9999 0.9999 0.9999 0.9999 0.8558326228265134 0.8482675902047789 0.8507410404636804 0.84700141741058 0.8497179114959527 0.8482638732151899 0.848283702807791 0.8476672702459338 0.850203121218884 0.853818235180976 0.6673616735317681 0.6697001742291172 0.9999 0.6703615990933306 0.6763346383735535 0.6724031375444943 0.6729667950768017 0.9999 0.9999 0.9999 0.9999 0.9999 0.9999 0.9999 0.7478375434182842 0.691130787134032 0.725556618588239 0.7252192817502027 0.7250334604171874 0.7460049717938353 0.7404968830596969 0.7305041450155901 -9999.0 0.7288728103611365 -9999.0 0.5818461465337614 -9999.0 -9999.0 0.8815900857528185 -9999.0 -9999.0
0.9999 0.9999 0.9999 0.9999 0.7376544657345894 0.7376822553841824 0.7374098798226818 -9999.0 -9999.0 0.9999 0.9999 0.9999 0.9999 0.9999 0.8496222033516243 0.9999 0.9999 0.9999 0.8506671681677533 0.8554824691690196 0.8513825474879528 0.851174251817679 0.8439870864465818 0.8437670291363142 0.8482740197823231 0.8487429067726373 0.8508999033272355 0.8499265469321778 0.8534819453607881 0.855855662371595 0.6886427791669247 0.6921506716913187 0.691256773254582 0.6930114743021205 0.6887903144043833 0.6867901979583955 0.6883810193276054 0.6984929319408718 0.9999 0.9999 0.9999 0.9999 0.9999 0.9999 0.9999 0.7366658214692091 0.715329931912822 0.715743928553774 0.716636554035509 0.7384130408551276 0.7395016565097586 0.7374272716268837 0.7515068732679285 -9999.0 -9999.0 -9999.0 -9999.0 0.5850441074827911 0.5796846211365483 0.8799926200708786 0.8614741570288643
0.8790040770273487 0.881233079590539 0.8724550450158242 0.8751885872976654 0.884852586219458 0.7375645039376859 -9999.0 -9999.0 -9999.0 0.9999 0.9999 0.9999 0.9999 0.8499451851198991 0.8458304267155154 0.9999 0.9999 0.9999 0.8485891497362995 0.852109526660944 0.8485854504916066 0.8443704609360142 0.8462076749259387 0.8535869974629903 0.8537778322707753 0.8525310490110947 0.853953879253119 0.8507245950499457 0.8537154287586168 0.8539992948825977 0.5546199844450377 0.5540117041439188 0.5531723583718804 0.5563688335351278 0.5491830753407629 0.5485418927262333 0.9999 0.9999 0.5515069155072592 0.9999 0.9999 0.9999 0.9999 0.9999 0.9999 0.7354639015837336 0.732405255530265 0.7466602685333203 0.743415792711195 0.7270018830491345 0.7428823393887223 0.7483411057159406 0.7465729744781349 0.5623043762098064 0.5490910451209619 0.5491045411458385 -9999.0 -9999.0 0.5744257917131788 0.5747792834823535 -9999.0
0.2524412585730378 0.8734504864855032 0.8765274963041071 0.8715096806340998 0.8845367489169326 0.7086874029148902 0.735876191577009 -9999.0 -9999.0 0.7290052475801143 0.7275966609023059 0.9999 0.8440326377249155 0.8417838005728286 0.9999 -9999.0 0.9999 -9999.0 0.9999 0.9999 0.8466993032446851 0.8522528025590702 0.8529356520715139 0.8562669023062507 0.8545032614830619 0.8543923228893773 0.8561839694015113 0.8528256417640446 0.8545605785347897 0.8541126993747563 0.5506013204005294 0.5412586781615704 0.5517505307028024 0.5518720555445724 0.5509578136665282 0.5502260657349003 0.9999 0.9999 0.9999 0.9999 0.9999 0.9999 0.9999 0.9999 0.9999 0.7358163326154021 0.7251045337944204 0.730961596256241 0.7414610430930313 0.7419995208251478 0.7395324236484214 0.7469746807029992 0.7425863827212303 0.5633955839145817 0.5644528331234431 0.48415082048667885 0.3846034492172209 0.4439927220138886 0.505983042360965 0.5016429148033966 0.5137240551297915
-9999.0 0.8733796857485534 0.8746149013554053 0.8755991184421508 0.7283308234260848 0.7128128860428583 -9999.0 -9999.0 -9999.0 0.702543421876628 0.7026184193633292 0.7175429350625647 0.9999 0.9999 0.9999 0.9999 -9999.0 -9999.0 0.9999 0.9999 0.752027514658559 0.9999 0.9999 0.9999 0.764399941473934 0.7687601630306196 0.771621746213107 0.7744222181254764 0.7714397105758375 0.7688167859982881 0.5118282370374618 0.5019613856863805 0.5411148909623171 0.5358682789120353 0.5526418991348166 0.5308690612044339 0.5519011488898702 0.9999 0.5078157463407178 0.9999 0.9999 0.9999 0.9999 0.9999 0.9999 0.7256566549585248 0.689940536355036 0.7070291984165554 0.7183980366811249 0.7274222717263467 0.7210659181645239 0.7199282218619256 0.725023319986991 0.5543710569592225 0.5545558111130423 0.5625194178634464 0.46351854070545057 0.518467638246381 0.511966995156217 0.5155114354156458 0.5140986960668771
0.8805882428854551 0.876144381731393 0.8838565599428229 0.8720555028983449 0.7164482961455186 0.7366670432849008 0.7330708884948197 -9999.0 -9999.0 0.702543424415498 0.697183213981133 0.7290389397808145 0.7221093856348433 0.7253361137342663 0.7327827825338179 0.7152721252902905 -9999.0 -9999.0 0.9999 0.9999 0.7663632309989338 0.9999 0.7637705418496292 0.9999 0.7668752945547805 0.7715520569931106 0.7717526500519479 0.7730457765869767 0.7703176655797835 0.7698627036897766 0.9999 0.5364623403895249 0.5228326786213139 0.5160440113013838 0.5268479383847496 0.5421662944128739 0.544647253615741 0.5417961537138604 0.5157820153264812 0.5292265664195186 0.9999 0.9999 0.9999 0.9999 0.9999 0.7343819478517768 -9999.0 0.7092801207782531 0.7094931227418813 0.6938091532257178 0.7114652965003081 0.7049122554031754 0.7285105072930678 0.7303325125232024 0.5444070612776589 0.5513563751231892 0.5516243582259716 0.5579928674015462 0.5014942975791341 0.5083342150999801 0.5582281534403777
0.8771993349700731 0.8821925803319912 0.8771436508592981 0.8706867722538836 0.712257401209859 0.7129545250920128 0.7376822652766105 0.7325554373676209 0.7340504708598903 0.7318280886743461 0.7290389397808145 0.705892019364889 0.7119765471252596 0.7090546535637959 0.7067387466899178 0.7097930862260869 0.9999 0.9999 0.9999 0.9999 0.7676698120607472 0.7510110670298219 0.752862760875521 0.7717615800913764 0.7695992504934183 0.756158296980936 0.772644157392858 0.7740186619572297 0.7736797503332005 0.7742803174332191 0.5121965797188912 0.5339661936217012 0.5239647211945316 0.5239967486080738 0.5164862309176579 0.5254186542331855 0.9999 0.9999 0.9999 0.9999 0.9999 0.9999 0.9999 0.9999 0.9999 0.7150010315470378 0.24843915579826129 0.7222207389309606 0.7196310245761699 0.6896467929834088 0.6678109363560043 0.7173979041504649 0.724867675578641 0.7025008175486198 0.7186553276984153 0.5601490894654417 0.5469722903237066 0.5528554450328884 0.5533557552023358 0.5510033949581399 0.5496985872022531
0.8774217956963561 0.8841889643553841 0.8856520651458787 0.8824516183289485 0.7114570798213024 0.7174952563310827 0.7192146021689817 0.7328418650965625 0.7279057950508647 0.7187651572871815 0.7175472933311555 0.7370871485348872 0.7100444954860387 0.7091178718300345 0.726321882927519 0.7134526543761336 0.9999 0.9999 0.9999 0.9999 0.7608801039872227 0.750461220985318 0.7690767180447373 0.7676074344238356 0.768617680215117 0.7741591703175078 0.7713630937946193 0.7735697020840047 0.7737146588780073 0.7717841635084189 0.5303294049247125 0.5152300801092795 0.5302333977112078 0.5334751168586829 0.5263996154351722 0.530035363423524 0.9999 0.9999 0.9999 0.9999 0.9999 0.9999 0.9999 0.9999 0.9999 0.565304595120774 0.5810632893039248 0.4313985702798279 0.5792581472901616 0.23827736829424478 0.5669275594457651 0.5591110925571984 0.5548284102569261 0.575473606906882 -9999.0 0.44804120440883716 0.5280253454486438 0.5454969409534469 0.5514333456448097 0.5479946187239472 0.5391608420614078
0.8829758496524255 0.8812771937983231 0.8757778531364502 0.8832891161168135 0.7365682417231038 0.7134111136601902 0.7187868833519003 0.7137568148770131 0.708030231003399 0.7124423578664014 0.7079429074950814 0.7189361446449967 0.7155113613676584 0.721727362517889 0.7170808326690583 0.714535325843627 0.9999 0.9999 0.9999 0.9999 0.9999 0.7669864319257009 0.7690293707288585 0.7733222274427122 0.7665692676035538 0.7680896812544878 0.7696814949652783 0.769330147452412 0.7660548327208163 0.7596423342132476 0.5066462606545695 0.5098211626418092 0.49153521085021873 0.49211480150730674 0.5142224861689132 0.5122211492942792 0.49922792394658405 0.4766206789262874 0.4698594035871208 0.4703929731785152 0.9999 0.9999 0.9999 0.9999 0.9999 0.5587926227759151 0.5647287175067619 0.6177670550508357 0.5402842678766766 0.49053491279637934 0.4607285724857637 0.5153434304698737 0.44887675137416166 0.5208537437257478 0.4953071757610528 0.5658130761323603 0.3758827411538199 0.5258834267713342 0.5405687258005296 0.5349081740843108 0.5291133277557727
0.8793364964271355 0.8820743292660079 0.8822517873780121 0.8842279507143023 0.7376822652766105 0.7348655074381681 0.7370871485348873 0.735917558006528 0.716009097090473 0.7128402045836314 0.7126859411094428 0.713284896055149 0.7244559020678261 0.7305540189376373 0.7128423344185025 0.7267750795047287 0.9999 0.7609779108420799 -9999.0 0.7659250022186866 0.7750764067600151 -9999.0 0.7697543307500828 0.768783019500839 0.7705223173834603 0.7640994476592601 0.765626844833002 0.7665629463257125 0.7543848292013926 0.7571020011511943 0.49151587840451433 0.47871609893400596 0.48022216684411895 0.5226843979650403 0.5225689431966156 0.5151272990806892 0.48988788911290415 0.48230947539461233 0.9999 0.9999 0.9999 0.9999 0.9999 0.9999 0.9999 0.5386608371832372 0.5484001611392852 0.5421594248015316 0.4722076393455638 0.543027472128308 0.4508215852456687 0.5104550278984722 0.45724915363254365 0.507211602848496 0.5211778304869447 0.34259858195971477 0.3073395390860091 0.8839653779363387 0.9079600879184189 0.9185311834291646 0.9200442384449136
0.6445085023868108 0.6304295574449561 0.6452793910797255 0.6425056118601081 -9999.0 0.6363929849913329 0.6518111245658358 0.6518753390644095 0.6580701429722978 0.6580701429722978 0.6805852220188346 0.6802980791397764 0.6534551027203573 0.6579000690606956 0.6550817447973425 0.6647783593980318 0.7452207631550691 0.7659250021516064 0.9999 -9999.0 0.7659250022811099 -9999.0 0.7659250028543022 0.7638142767491766 0.7623427832361421 0.7625117881885848 0.762567572526398 0.7711309648468663 0.7595092702426243 0.7568929275708828 0.4763409865299157 0.4723610889332187 0.4833628650356784 0.503686872517744 0.5089648568261101 0.48795910843379575 0.49807679117568987 0.4664631685473738 0.9999 0.9999 0.9999 0.9999 0.9999 0.9999 0.9999 0.9999 0.531888493635598 0.41452236833691086 0.4856606660607275 0.49306410618121066 0.5168744659827311 0.5077536717091601 0.47166609463507 0.48753761432353115 0.5083895414400175 0.4784245354976812 0.47338010481875475 0.9039343982682776 0.9037698119963938 0.9054704635085472 0.9089066647489711
-9999.0 0.6195445731888599 0.6195445763620882 0.6195445763853034 0.6452088476716578 0.6403854879131923 0.6469528075037779 0.6488589987245871 0.6533236296137956 0.6410034533001682 -9999.0 -9999.0 0.6768522082827902 0.6514920479492192 0.6671007105349133 0.6758266732177933 0.7572884287264225 0.7518681295084689 0.9999 0.7659250019228477 -9999.0 -9999.0 0.7660444403628002 0.9999 0.9999 0.9999 0.7580860182124373 0.7680789860458082 0.7690008862526234 0.7646916125793873 0.5053287786329622 0.48204765594451465 0.4583041386760789 0.4548541411273634 0.46093201005519496 0.4683023017107071 0.46829717183867814 0.4631016096409601 0.9999 0.9999 0.9999 0.9999 0.9999 0.9999 0.9999 0.9999 0.530464799898475 0.48050492891560787 0.4140855309434666 0.4402065890419499 0.4881709497660546 0.48202949041434384 0.4764121809392102 0.43784158892124725 0.4328951319805395 0.5276422950579497 0.9128197035600518 0.9038175595987701 0.902348017703758 0.9090555657747906 0.9053408698898074
-9999.0 0.6153574893535305 0.618942349451371 0.6134471894070685 0.6138869161883671 0.6449208218654002 0.6411690730242023 0.6350764546284035 0.653865661293006 -9999.0 -9999.0 -9999.0 0.673254418338463 0.6641658115672231 0.6678780908300199 0.6704027775680537 0.6749292745264908 0.6749292745264909 0.6483548301369227 -9999.0 -9999.0 -9999.0 0.5642544993898332 0.9999 0.9999 0.9999 0.9999 0.9999 0.5447216165209647 0.5440149873421458 0.5463679739840042 0.5608509517030829 0.9999 0.9999 0.9999 0.9999 0.46209742870747106 0.9999 0.9999 0.9999 0.9999 0.9999 0.9999 0.9999 0.9999 0.9999 0.5305845484030483 0.49688794872344466 0.4478449657248969 0.4815768556056433 0.5045192537679125 0.4780367502182568 0.5059839201358138 0.49644990492717517 0.5156569564735229 0.5288854167918517 0.8984748582187303 0.9011618630174487 0.9131724900144564 0.9038146906698505 0.9009190846883077
0.6480553068196196 0.6134471862739029 -9999.0 0.6290367134026643 0.643274107680459 0.6381101258074066 0.6479042812486944 0.6424061757450708 0.6480553068196198 -9999.0 -9999.0 -9999.0 0.6745372984658797 0.6663772192472666 0.6525514848467961 0.6642412119075748 0.6704488484690944 0.6643989237676508 0.6471640847912242 0.6471640341996518 0.5601766120622905 0.5669573959617829 0.9999 0.9999 0.9999 0.9999 0.9999 0.9999 0.9999 0.9999 0.5449662484186801 0.5697922465068405 0.9999 0.9999 0.45614206425291876 0.45951602003447445 0.45092910033568295 0.9999 0.9999 0.9999 0.9999 0.9999 0.9999 0.9999 0.9999 0.9999 0.9999 0.8291634216702959 0.8328902510965476 0.8424490265290697 0.8520251112985056 0.8488186363610383 0.8475215425736947 0.8499436573457613 0.8537985374342024 0.9076982680573425 0.9014274355797567 0.9100647338977859 0.8979781300425124 0.9025197616343796 0.9006873766832234
0.6195446227806252 -9999.0 0.653865661293006 0.6538656612930062 0.653865661293006 0.6429940665728393 0.6412334566868328 0.653865661293006 0.6529175833912993 0.6538656612930062 0.6754355223917847 0.6471640826456754 0.6749214250041783 0.6571847436327758 0.656150368789002 0.6615062088481127 0.6713604015594888 -9999.0 0.6471640834371706 -9999.0 0.9999 0.5716549460058081 0.9999 0.9999 0.9999 0.9999 0.9999 0.5653603087912779 0.5708906280704804 0.571883425420914 0.5659404267540177 0.9999 0.5601543671607143 0.5510474542751238 0.2477383053403905 0.9999 0.9999 0.9999 0.9999 0.9999 0.9999 0.9999 0.9999 0.9999 0.9999 0.9999 0.9999 0.9999 0.8433626647359648 0.839351473830742 0.8495950273261492 0.8459440235631207 0.8519914872347417 0.8468563510336665 0.8522200774632075 0.914721765612093 0.9097815217892214 0.9000569749616729 0.9030897152393164 0.8988058185658548 0.8984575075548076
0.6193562926092555 -9999.0 0.653865661293006 0.6538656612930062 0.653865661293006 0.6480553068196196 0.653865661293006 0.6400198544433562 0.6526161338299787 0.6512699577622764 0.6467535258421013 -9999.0 0.6539620752786159 0.6613749763583605 0.6541781946658375 0.6744258451208849 0.646753525833381 0.6467535226733964 0.6768522082827902 0.6468177788531473 0.5370628213447631 0.9999 0.9999 0.9999 0.9999 0.9999 0.9999 0.5684216602553478 0.5724642480619532 0.5637032828465252 0.5648307965849957 0.5643288644993938 0.9999 0.9999 0.9999 0.9999 0.9999 0.9999 0.9999 0.9999 0.9999 0.9999 0.9999 0.9999 0.9999 0.9999 0.9999 0.9999 0.8509263015085454 0.8445431860189291 0.8390426184193917 0.8440957111145205 0.8513407728956423 0.8500442405397597 0.8416473090380525 0.8511212337616326 0.9178394883449656 0.9030353946229075 0.9014746032928145 0.8848078033548091 0.8919462023144161
-9999.0 0.653865661293006 0.653865661293006 0.6480553068196196 0.6480552623282698 0.6480552623282697 0.6129658053692477 0.6480553068196196 0.6480553068196196 0.6403100919698785 -9999.0 -9999.0 0.6610226556438544 0.6590721267378157 0.6620911761222182 0.6677723081964902 0.646753494560605 -9999.0 0.6467534918449878 0.6467535242930808 0.9999 0.9999 0.9999 0.9999 0.9999 0.9999 0.9999 0.9999 0.5616905026005293 0.5448452817766417 0.5652217347722379 0.5677072995012034 0.5673647235237516 0.9999 0.9999 0.9999 0.9999 0.9999 0.9999 0.9999 0.9999 0.9999 0.9999 0.9999 0.9999 0.2475305957890772 0.9999 0.9999 0.9999 0.850702614013203 0.844025660750797 0.8485928696920326 0.8412187995822437 0.853229532419896 0.8567603595288147 0.8528410624878314 0.8520313888225883 0.8509346310970406 0.9048687019847146 0.8766033141243748 0.8909438042281549
0.6531972393271617 0.653865661293006 -9999.0 -9999.0 0.6480552623282698 0.6468745377268679 0.6160976617925894 0.6480552623282698 -9999.0 0.6355825868295604 -9999.0 0.6467535226083889 0.6681127405698352 0.6679982175661644 0.6649695991286116 0.6672222993918095 0.6467534920404479 -9999.0 0.6408387105345693 0.6601001505878342 0.5304776619352538 0.9999 0.9999 0.9999 0.9999 0.9999 0.9999 0.9999 0.5419758075509646 0.5325237543131615 0.5358961708485401 0.5463496173774474 0.5585561275950294 0.9999 0.259615568034928 0.9999 0.9999 0.9999 0.9999 0.9999 0.9999 0.9999 0.9999 0.9999 0.9999 0.9999 0.9999 0.9999 0.9999 0.8459374386226263 0.8527208798884229 0.8471822786893265 0.8499795216846266 0.8532292051865733 0.8499234879151804 0.15694463170036652 0.16018469279959288 0.9089360953000075 0.9067239880278207 0.9009519728787321 0.9067006349830795
0.6910562394645838 0.6903757804335797 0.653865661293006 -9999.0 -9999.0 0.6129658032788526 -9999.0 0.6480552623282698 0.6129658078049215 0.6129658060718209 0.6410978484414188 0.6529421762016815 0.6591523375457566 0.6661305313720484 0.6672101738635452 0.6408387364453478 0.6408387344491919 0.6408387370738204 0.6768402864177664 0.6739659643529322 0.9999 0.9999 0.9999 0.9999 0.9999 0.9999 0.9999 0.9999 0.5354862136054694 0.5304776588932014 0.5311451239220005 0.5392744755893922 0.547885900353288 0.5511141341654646 0.2485235604036943 0.9999 0.9999 0.9999 0.9999 0.9999 0.9999 0.9999 0.9999 0.9999 0.24787477498796587 0.9999 0.9999 0.9999 0.9999 0.8469329786944383 0.8448984573816763 0.8509854895600828 0.8358382297386507 0.8205377849722294 0.8267250570499458 0.8462309159541255 0.8627742359128534 0.844157435174324 0.8507260518974956 0.9069568520455557 0.9057384489654898
0.6905928754266751 0.6967556556731801 0.6967042979983928 -9999.0 0.6190667745638394 0.6480552623282698 0.6480553068196196 0.6129658072312335 0.6225501618360316 0.6129658074336763 0.6526959383348528 0.6594915062476523 0.662072348919442 0.664497352443536 0.6427759054453017 -9999.0 0.6408387353753368 -9999.0 -9999.0 -9999.0 0.9999 0.9999 0.9999 0.9999 0.9999 0.9999 0.9999 0.9999 0.9999 0.5313582797608192 0.5557177543311466 0.5474444172135544 0.5611537475560211 0.5576951689699365 0.25086954663957695 0.9999 0.9999 0.24213744977269477 0.24381500227849778 0.22978996774547378 0.9999 0.9999 0.9999 0.9999 0.9999 0.9999 0.9999 0.9999 0.9999 0.8455273597159598 0.8483267059446937 0.8443107747400758 0.8521981824784863 0.8381897864687962 0.8411983324141679 -9999.0 0.8294548277690403 0.8543185733938237 0.8481442431815746 0.9125133531668081 0.9075512233002766
0.7029690190393396 0.6992530315688851 -9999.0 -9999.0 0.619066771580368 -9999.0 -9999.0 0.6480553068196196 0.6190667650826436 0.6132792975533616 0.9721149461141243 0.9727717381717081 0.9724144211532904 0.9727822034027375 0.9713997128513462 0.9680315112233409 -9999.0 -9999.0 0.9680315118064804 -9999.0 0.9999 0.9999 0.9999 0.34978987947957807 0.9999 0.9999 0.36237339463266943 0.9999 0.3876156836745427 0.38534000937163404 0.3910497507255726 0.36676628640290104 0.38913434894636045 0.39674368776155317 0.3958949725164686 0.38352850453409165 0.38936108637352435 0.39619016692510606 0.37369312031485696 0.3631889391344493 0.9999 0.9999 0.9999 0.9999 0.9999 0.9999 0.9999 0.9999 0.9999 0.847226076600462 0.8463508424516566 0.847272621060677 0.8391550152487784 0.8363297063138043 0.839629910569195 0.8269525346399004 0.8566930496862964 0.8674955257291738 0.8659809385281445 0.8364804677207553 0.929979899594281
0.7025429732604498 0.702581898503023 0.6967042985735384 -9999.0 -9999.0 0.6967042990052797 0.6144663895844329 0.653865661293006 -9999.0 0.6538656612930062 0.9721316964609725 0.9720841830953695 0.9721229171211814 0.972814784259941 0.9721316964609726 -9999.0 -9999.0 -9999.0 0.9680315113462511 0.9708030963983532 0.9999 0.9999 0.9999 0.3936391759471742 0.9999 0.364576879466796 0.3596719771196347 0.9999 0.35136549801490374 0.36185174062801867 0.37296087450599447 0.34769203904671014 0.5183648899349811 0.9999 0.5304659614233792 0.5268690622609382 0.5054424394939308 0.5073369422506535 0.3832967649840617 0.37569163593705607 0.35331893378625573 0.9999 0.9999 0.9999 0.9999 0.9999 0.9999 0.9999 0.9999 0.9147971389286901 0.9124097232952386 0.9105551372014763 0.9070997080708809 0.9080417929233058 0.9079643948488999 0.9187822969775967 0.9142541346758072 0.9115162190547262 0.8430569313388916 0.9229852734827064 0.9278072285841472
