critload/trunk/output/2010/fsro_ag.asc
ncols 720
nrows 360
xllcorner -180
yllcorner -90
cellsize 0.5
NODATA_value -1
[rows 62 to 92 of 360, columns 140 to 209 of 720]
0 0.0029229415420983546 0 0.0012720317263148013 0 0 0 0 0.0021110356084762354 0 0 0 0 0 0 0 0 0 0 0 0 0 0 0 0 0 0 0 0 0 0 0 0 0 -1.0 -1.0 -1.0 -1.0 -1.0 -1.0 -1.0 -1.0 -1.0 -1.0 -1.0 -1.0 -1.0 -1.0 -1.0 -1.0 -1.0 -1.0 -1.0 -1.0 -1.0 -1.0 -1.0 -1.0 -1.0 -1.0 -1.0 -1.0 0 0 0 0 0 0 0 0
0 0 0 0 0 0 0 0 0 0.0031239616402412456 0 0 0 0 0 0 0 0 0 0 0 0 0 0 0 0 0 0 0 0 0 0 0 0 0 -1.0 -1.0 -1.0 -1.0 -1.0 -1.0 -1.0 -1.0 -1.0 -1.0 -1.0 -1.0 -1.0 -1.0 -1.0 -1.0 -1.0 -1.0 -1.0 -1.0 -1.0 -1.0 -1.0 -1.0 -1.0 -1.0 -1.0 -1.0 0 0 0 0 0 0 0
0 0.00304156361078953 0.002452882020229554 0.00658422663772196 0.0055198953614928525 0.005019634232411627 0.004534529448523059 0.003635683378850836 0 0 0 0 0 0 0 0 0 0 0 0 0 0 0 0 0 0 0 0 0 0 0 0 0 0 0 -1.0 -1.0 -1.0 -1.0 -1.0 -1.0 -1.0 -1.0 -1.0 -1.0 -1.0 -1.0 -1.0 -1.0 -1.0 -1.0 -1.0 -1.0 -1.0 -1.0 -1.0 -1.0 -1.0 -1.0 -1.0 -1.0 -1.0 -1.0 -1.0 -1.0 0 0 0 0 0
0.007215094462930204 0.005883795862101969 0 0.005689228662871254 0.004371287078982028 0.005205722092935223 0.0022833121104433437 0.00277854273687195 0 0 0 0 0 0 0 0 0 0 0 0 0 0 0.006673265910943868 0 0 0 0 0 0 0 0 0 0 0 0 0 0 0 0 0 -1.0 -1.0 -1.0 -1.0 -1.0 -1.0 -1.0 -1.0 -1.0 -1.0 -1.0 -1.0 -1.0 -1.0 -1.0 -1.0 -1.0 -1.0 -1.0 -1.0 -1.0 -1.0 -1.0 -1.0 -1.0 -1.0 0 0 0 0
0.017116800319016766 0.01246502443739082 0.004053015311679454 0 0.0032906799493531112 0 0 0.005200553293785624 0.003909556709654288 0 0 0 0 0 0 0 0 0 0 0.004306386420105813 0 0.007847950295021609 0.00832045198960446 0 0 0 0 0.0027444285568670726 0 0 0 0 0 0 0 0 0 0 0 0 0 0 0 0 -1.0 -1.0 -1.0 -1.0 -1.0 -1.0 -1.0 -1.0 -1.0 -1.0 -1.0 -1.0 -1.0 -1.0 -1.0 -1.0 0 0 -1.0 -1.0 -1.0 -1.0 -1.0 0 0 0
0.011474277214328468 0.008807667687368332 0.004237878529804588 0.0016417074912714574 0.0034760397391594144 0.006766729810275775 0 0 0 0 0 0 0 0 0 0 0 0 0 0 0 0 0 0 0 0 0 0 0 0 0 0 0 0 0 0 0 0 0 0 0 0 0 0 0 -1.0 -1.0 -1.0 -1.0 -1.0 -1.0 -1.0 -1.0 -1.0 -1.0 -1.0 -1.0 -1.0 -1.0 -1.0 0 0 0 -1.0 -1.0 -1.0 0 0 0 0
0 0 0.0035489202989569283 0.004135545893532577 0.005110851812389396 0 0 0.004569862368569212 0.00734409427593972 0 0 0 0 0.0030715428477343 0 0 0 0 0 0 0 0 0 0 0 0 0 0 0 0 0 0 0 0 0 0 0 0 0 0 0 0 0 0 0 0 0 0 0 -1.0 -1.0 -1.0 -1.0 -1.0 -1.0 -1.0 -1.0 -1.0 -1.0 -1.0 0 0 -1.0 -1.0 -1.0 0 0 0 0 0
0 0 0.011249595664328958 0 0.005847001646178896 0.005266737045257703 0.003644648442053512 0.0035079266797847387 0 0.0026390292979263496 0.00249675420648204 0 0 0 0 0 0 0 0 0 0 0 0 0 0 0 0 0 0 0 0 0 0 0 0 0 0 0 0 0 0 0 0 0 0 0 0 0 0 0 0 0 0 0 0 0 -1.0 -1.0 -1.0 -1.0 -1.0 -1.0 -1.0 0 0 0 0 0 0 0
0.008423191457675614 0.005736716755640639 0 0 0 0.007322983990891574 0.0046403472121046875 0 0 0.001563055677325766 0.005792825391951285 0 0.001839673935367352 0.0022562213013673014 0 0 0 0 0 0 0 0 0 0 0 0 0 0 0 0 0 0 0 0 0 0 0 0 0 0 0 0 0 0 0 0 0 0 0 0 0 0 0 0 0 0 -1.0 -1.0 -1.0 -1.0 0 0 0 0 0 0 0 0 0 0
0.018931205475696936 0.019988125468763412 0.012912694952207203 0.011494992688703643 0.013709326818538868 0 0 0 0.010151830790509679 0 0 0.013756669003530786 0 0 0.006876620166274828 0.002352343405996574 0.00671853851547855 0.006669254883705214 0.008145870109979244 0.0068535990914416305 0.005141007119823057 0.004976159390810871 0.004730242164774289 0.0021146148371233337 0 0 0 0 0 0 0 0 0 0 0 0 0 0 0.007766382811121418 0 0 0 0 0 0 0 0 0 0 0 0 0 0 0 0 0 -1.0 0.0 -1.0 -1.0 0.0 0 0 0 0 0 0 0 0 0
0.022710270550477352 0.017625421439481915 0.012266250027506594 0.010789761057268348 0.014765809654340732 0.02085633812796585 0.016383609145013522 0.019544043158007993 0.012650667368742367 0.011370762270372555 0.008795747741329608 0.009245086617187263 0.008153609195427606 0.007656785743374999 0.005455511726874146 0.011838827221440033 0.006117141044207823 0.006082868802859042 0.00544335073380047 0.007638802993589782 0.007557281478984515 0.0071480070604624125 0.0014349430768319008 0.0019720124451942296 0.001781710047610116 0 0 0.005393555138714714 0.004893626575693074 0 0.004981219052104877 0.004336381435852499 0 0 0 0.00429658169093984 0 0 0.003642876947419422 0.002687426975337301 0 0 0 0 0 0 0 0 0 0 0 0 0 0 0 0 -1.0 -1.0 -1.0 -1.0 -1.0 0 0 0 0 0 0 0 0 0
0.020733726392665835 0.02300806652129034 0.01816806127316414 0.013989178595842533 0.013989446431841853 0.015110707443476104 0.008829471764926936 0.015567410262187862 0.011056708115266012 0.01357239960804357 0.012206149504266971 0.011888885971615373 0.009099157245972156 0.013862668353294598 0 0 0 0 0.0024529982173038395 0.001969240824446014 0.0062027028325400205 0 0 0.0 0.0009502313459857681 0.0015783919046029006 0 0 0 0 0 0 0 0 0 0 0 0 0 0 0 0 0 0 0 0 0 0 0 0 0 0 0 0 0 0 0 0 0 0 -1.0 0 0 0 0 0 0 0 0 0
0.020708671170417258 0.018001890318528196 0.017780353804439375 0.021553155140318386 0.016645889220522618 0.01603970555916801 0.016879761914778118 0.012444200565948003 0.013030549694087852 0.01704119173810984 0.007362868457456569 0.009312877759421988 0.013172140351432356 0.01129757477323631 0.008860006453986614 0.010804343283486789 0 0.01350961045651406 0.009202346392466894 0.00956289913180642 0.00578958013467961 0 0.006098939329605184 0.0 0.0 0 0 0 0 0.006104931726576726 0.008690988729705583 0.008168623937385851 0 0 0 0 0 0 0 0 0 0.0038770847721828 0 0 0 0 0 0 0 0 0 0 0 0 0 0 0 0 0 -1.0 -1.0 -1.0 0 0 0 0 0 0 0 0
0.014932337233641258 0.015006855065231767 0.012626690897028125 0.009843531950254482 0.016903659622038957 0.012085150724079575 0.008474405579927376 0.011847670087078608 0.011541847153419996 0.008935337534774069 0.002541633332972584 0.003460407099467976 0.005879364319392428 0.013419556729200612 0.01623248655904082 0.01954309701911263 0.016714092065389763 0.015984805401240816 0.01089901737027085 0.004241999810914472 0.0030763859283081956 0.0022287072544420247 0.0014225008264014823 0.00222879231548963 0.0011924488683680227 0.0011016125639977238 0 0 0.002588761621937868 0.002896438113308112 0 0 0 0 0 0 0 0 0.0009745932680232468 0.001183798752185792 0 0 0 0 0 0 0 0 0 0 0 0 0 0 0 0 0.0008232666993365096 0 -1.0 0.0 -1.0 0 0 0 0 0 0 0 0 0
0.005666711209397841 0.00861691983240843 0.01338021502640099 0.013960114916038761 0.010626779990345345 0.007827036997515156 0.008920386972673791 0.010028332828256051 0.012020916883154872 0.00537113053456682 0.003417176166981091 0.005802975569190244 0.004620006283594979 0.0051035629510639245 0.005447720601445828 0.010105658588115572 0.02030796437772541 0.023449172671549733 0.024016676363505775 0.005895041133822289 0.006915509328919054 0.00471601082929586 0.004886444702775156 0.0033790533377109438 0.003941954429254971 0.005627087795437738 0.002992776466084899 0 0 0 0 0 0 0 0 0 0 0 0.0011121955471933712 0 0 0 0 0 0 0 0 0 0 0 0 0 0 0 0 0 0 0 0 -1.0 0 0 0 0 0 0 0 0 0 0
0.006984082769663093 0.012791612245737872 0.011684179596121022 0.009039580731070477 0.0118089678317493 0.016693581758265175 0.00989829148192146 0.005580012861315081 0.012666604484425784 0.0055437799757167725 0.008582611048337931 0.008671144732849337 0.006562644813046325 0.005973700300097429 0.0048367931333446355 0.004266795459746235 0.01562396275148268 0.02517242685998327 0.01681474685583878 0.008047383775934855 0.004823071254186858 0.003922732081001588 0.005731196575626972 0.004023646698909564 0.00624786215560133 0.005489157761325056 0.0071957596949861705 0.008077671761801538 0 0 0 0 0.01338251823694027 0 0 0.0012703478748516072 0 0 0 0.0011410937035921734 0 0 0 0 0 0 0 0 0 0 0 0 0 0 0 0 0 0 0 0 0 0 0 0 0 0 0 0 0 0
0.0069659445366196 0.004868271700183642 0.013215091290456733 0.015831434125003346 0.023841395479085346 0.023073872758958027 0.014505912799428025 0.011603239710351591 0.015926307046072483 0.017972836532425932 0.017370212353632227 0.015812065281613583 0.018286026882031573 0.015033119474984319 0.01448430266605931 0.006845621933387769 0.011819103757205697 0.021337444503444818 0.01839060446092846 0.01838772536620786 0.02886075032027295 0.005912155085580737 0.004560302967427889 0.0030043102420941447 0.003358467366709963 0.003962268817905672 0.0037926671433368623 0.004708944751006149 0.0023666150484633387 0.011584871551925701 0 0 0 0.005913403445714162 0 0 0 0.002875479612557545 0.001544443256743535 0 0 0 0 0 0 0 0 0 0 0 0 0 0 0 0 0 0 0 0 0 0 0 0 0 0 0.0018850722102701032 0 0 0 0
0.006194793215685784 0.004235733204576458 0.011580464199618416 0.014077212297928693 0.01708551858606326 0.01899645093851448 0.010404678291364175 0.013563988958765037 0.014393348067090202 0.010596671878887898 0.0034097234158955415 0.004273664497578292 0.007561873842261876 0.010954536312369964 0.00694714210917732 0.0047313750756117715 0.010568749999446101 0.01595278091924103 0.009046175185247021 0.011936960318094483 0.017678254531376246 0.007720396099742726 0.0032859809282166884 0.002346653796498071 0.003533087651563596 0.004009968851497432 0.005753438438070481 0.007969422939954453 0.009645078212265077 0 0.006584126570025336 0 0.011030197249661793 0.0071587008385655595 0 0 0 0 0 0.0012319693746989794 0 0 0.003790137754466841 0.0027873473763867103 0 0 0 0 0 0 0 0 0 0 0 0 0 0 0 0 0 0 0 0 0 0 0 0 0 0
0.010684109820004025 0.011034689464128744 0.025243631924923956 0.01713345788394949 0.017651331248580374 0.013893842198006422 0.012599449805212645 0.01122427299122867 0.01562307313332489 0.015028789585578822 0.009726393489813483 0.0035261758200288715 0.003616313088583859 0.004872686658141657 0.011555880391442189 0.011052376715410834 0.003138715545918094 0.0040500036783197605 0.011377003707533893 0.01327029736067986 0.011685066737507759 0.00951041071508978 0.016019125521872204 0.006574555770275868 0.0021324161042738255 0.00252610090645599 0.004072189258096702 0.0052842800203886575 0.005182186473700095 0.00549740979308115 0 0.01223905836734289 0 0.01158036879811614 0.010829894437628065 0.003649097906537724 0.003038782520401985 0.0016806355612911774 0 0 0 0.00333199739152576 0 0.00723956720670539 0 0 0 0 0 0 0 0 0 0 0 0 0 0 0 0 0 0 0 0 0.0034476065967409546 0.005219380304743622 0.004459772678769079 0 0 0
0.0044512803152685545 0.007750949870632432 0.007252337998807586 0.015206984463342234 0.01553036867067154 0.019811957465567024 0.02087048652820204 0.02138236384275849 0.022362526321074244 0.020319956141343357 0.01696588124013682 0.013730062248126514 0.00824729773828654 0.00459336062078442 0.005785817248063078 0.01190619000495099 0.006460703035720332 0.004891140976452311 0.007396502838866444 0.00977699885564523 0.011334860094126422 0.013897565079799787 0.018769009417066575 0.018568701846934463 0.002362601241605135 0.0024254586159694683 0.004061828643554672 0.006997927940077867 0.005280976538226137 0.0058538244330070726 0 0.005282908725124149 0.005998318286113131 0 0 0 0.0030080352400673823 0 0 0 0 0 0.011528227433599455 0 0 0 0 0 0.004873719234955841 0 0 0 0 0 0.004976229899499486 0.005837110535909854 0.003749552669706382 0.01037834467792956 0.009890207258344458 0 0.0036534200094495563 0.004046212728783451 0 0.004614482923535002 0 0 0.003142866485103902 0 0 0
0.01258001783745288 0.01081209304174341 0.0135268709711166 0.016139274824127015 0.016443748566298606 0.016934630319288536 0.014275985134648147 0.01458646969355739 0.016113475491590156 0.017872783236163307 0.020267974037106132 0.01361547574760054 0.012000457024488142 0.009217427913652706 0.010517542818578812 0.010592495355253589 0 0.0035357516543655025 0.004803633324925689 0.011894933678903223 0.010117042648540072 0 0 0.011754895580802017 0 0 0.0015147171462447323 0.0025950442374459122 0.004484231281911888 0.005713513930016148 0.005784086396580866 0.006633851996910188 0.007398658057238684 0.00460002580491389 0.004667789624960572 0.004458090039682828 0.0028414439257041495 0 0.0023691625548885905 0 0.00705831776655023 0.00850294862863177 0.01035756245338799 0.007684840243212947 0 0.0030655872115261038 0 0.007523757308979883 0 0 0 0 0.004959473167238217 0 0 0 0 0.006759706481121387 0.01049217442077077 0.011058886724701766 0.010061140236119844 0.011960907076844616 0.014237012431591273 0.011008495315211904 0.008702923903244838 0 0 0 0 0
0.04483594568906384 0.03402214921208051 0.01739358675181944 0.012242646799267766 0.013108815907238948 0.012878930707818998 0.013300957047700013 0.01782196255383796 0.016558785638197786 0.017106575553337708 0.01705905040930706 0.018682664328532963 0.01705646601984682 0.017457487003121955 0.0193547464548081 0.013632947631314564 0.01123900105154826 0.008846084258781127 0.005427108797261846 0.005914717937957962 0.011230172599297204 0.006657086196480869 0.00446763641488057 0.003755593461290759 0.0091071649965608 0.0025053035797259256 0.003040670999467041 0.003500280918012261 0.0028209362014109877 0.004926427551043328 0.0057979657042838174 0.0023801798550584703 0.006010703893394813 0 0.007904224637181401 0.002341095254363438 0 0 0 0 0.02382827564832875 0.02703204200503195 0 0.0 0.0 0.0 0.0 0 0.00422885346011836 0.0032835544385719367 0.006319547609552793 0 0 0 0 0 0 0.005837216354239948 0.004107320255400982 0.007716420247631998 0 0.008018832829677797 0.007003606313428533 0.007447833787265923 0.006574150518681512 0.004241950437446516 0 0 0 0.001998915679716456
0.034293236817184984 0.025006801482100834 0.021264375822488416 0.015196737066863572 0.012096551712155673 0.014432317841408616 0.008071993319242203 0.008574508811640071 0.014591064814424978 0.01694784412290274 0.019330166404686055 0.019390207673887924 0.01637023674696537 0.020941408584854413 0.024350709093547484 0.017513106597926743 0.008436776938662958 0.007898054158879437 0.009272814154564572 0.014474116370918734 0.010229145762135506 0.008709088677802084 0.012157555310367203 0.011630557184479506 0.007953893664116024 0.0038235546292289865 0.002730301704938802 0.005713209428401534 0.006942035552058287 0.009386878715766234 0.007686468305946458 0.009001192896748191 0 0 0.009207711324786863 0.011606934130267936 0 0 0 0 0 0 0 0.0 0.0 0.0 0.0 0.0 0 0 0.00920824288039328 0 0 0 0 0 0 0 0.0033091695740322087 0.00788111402290481 0.022571149127631893 0.015520151597312338 0.007825546330763015 0.005464493785763556 0 0 0 0 0 0
0.03404216138103003 0.03872247746430492 0.014850830175607677 0.014113338202345926 0.01348400165374436 0.012194716577105021 0.00882285783280032 0.009751120572263329 0.014810078437002355 0.017486070560934736 0.0203333022241522 0.015203628417099008 0.013958063330699775 0.014293727668142712 0.015237742695959774 0.014243565784232144 0.014821122626952078 0.01564232064133668 0.01090267463878508 0.013878330073991332 0.01273661389644607 0.0132250996554 0.009710449374237666 0.010057640282295575 0.009355912798315642 0.005268086755253344 0.0021108015368337236 0.005901568330785349 0.008929591434378742 0.01607171132232184 0.01599390540591224 0 0.010437374738159179 0.01068930253612514 0 0.009378448456471145 0 0 0.0 0.0 0.0 0.0 0 0 0 0.0 0.0 0.0 0.0 0.0 0 0 0 0 0 0 0 0 0 0.005853824866753127 0.009037032189506767 0.010932756041601285 0.0062354270505013114 0 0 0 0 0 0 0
0.03534143750017889 0.04160671882432918 0.021638496631897243 0.01279509027927948 0.009141082963251142 0.0069791549222788405 0.0044322480263867 0.012872437371217904 0.013211871651415122 0.01703410477055418 0.012607735981102177 0.015558832541809802 0.01623791556337808 0.013911409815676146 0.011978697350844825 0.014550448179456998 0.013971654921494436 0.0162382959943059 0.01680943074862396 0.009171938643589604 0.012155077590009786 0.012435885313841736 0.01206927919471262 0.008675010141437376 0.013980501713882976 0.005329472772187036 0.0023011863409395433 0.010981185891871425 0.013990806703173127 0.010221509774807767 0.009883100064365347 0.011253541757054926 0.01149890017670573 0.00823072515539358 0 0.007738134223002493 0 0.013580650250954578 0 0 0.011367119138252902 0 0 0 0.008020661071652564 0 0.0 0 0 0 0.009600503184394 0.01631535359337257 0 0 0 0 0 0.012744662664106366 0.011397698979213047 0.005249024341155918 0 0.004261053326170445 0 0 0 0 0 0.007947657742477882 0.02312422846300393 0.03361216773802407
0.024372698622756185 0.023839466458365537 0.018658424757720476 0.014444164587786206 0.014724324610184634 0.018762507578499274 0.018173399492124574 0.01457050198138267 0.015547240677541577 0.016511835390263626 0.012842199909340704 0.012593721929479053 0.010390100707025167 0.011628353363481725 0.011233657091710498 0.01021079515650985 0.011623322878109214 0.01164142658738558 0.012623170990329152 0.011578464934835693 0.013716210208008124 0.014279516095757004 0.009613738750266563 0.008664230632199423 0.008914446509348637 0.004242563105553266 0.003005528749293314 0.007320788806136513 0.013427826145116945 0.009810421023713137 0.011035688777497181 0.012192441953288126 0.009365229438921442 0.009396968806636699 0.009683298715429644 0 0 0 0 0.004156427961844831 0.004723214000218977 0.006614341905425614 0.005878674894369832 0.0031016011166845026 0.004730773507339175 0 0 0.00697873012767516 0 0.006964582215085519 0.005238334537411112 0.01338030295482016 0.015599615518303385 0.008870740152844024 0.006040171736424467 0.009275522384595624 0.01734041272901927 0.02030296275395904 0.014703290130459044 0.010161229294756196 0.006217379936772491 0.008322379494579403 0.008541282433815535 0 0.005735248164433928 0.007531839301449359 0 0.023109051794703128 0.03914224789517141 0.031691039865357776
0.04124276770014757 0.026968476013698218 0.03058240562153887 0.0261861429438087 0.022568047408432587 0.019921648726325753 0.022155586379978276 0.022209764850887867 0.017759536752588522 0.014433250910593567 0.016521186341540987 0.018240589187278316 0.008066330381907193 0.011655986990275827 0.011665094507999995 0.012267858216701887 0.008749163503799687 0.010137614255233128 0.022208581912350003 0.023051930736634724 0.008405202230615605 0.009884357692233219 0.00703224734196078 0.00428455155924833 0.010218388561339421 0.017331640843575653 0.010748669600439022 0.003412709333647097 0.01097491027339517 0.009255917944611438 0.013958499242574869 0.011598070933295115 0.006309814306752414 0.0079657717764634 0.011893303537864879 0.00965612588929262 0.01443733231731445 0.017625271138203304 0 0 0.003647862413884951 0.003372068922087319 0 0.004204302391905669 0.005325420546235801 0.0038388961889335767 0 0 0 0 0.00740348860113835 0 0 0 0 0 0 0 0.003687506800648594 0.004653625298864223 0.005460730837864891 0.007488230011377115 0 0 0 0.011746896757793527 0.026949185827325122 0.03393756169977328 0.043694089295508276 0.03780396194794692
0.08232076271007957 0.063256427305944 0.0468939416057661 0.05047989531963374 0.042323416220815785 0.03436290716911092 0.021810997984854842 0.023021154955090883 0.023213330089755513 0.015644879393317587 0.008905849416655946 0.008568759467675718 0.008210397467206835 0.009736065879040882 0.009287396794255613 0.008785108692143556 0.009534394983643552 0.01093273960626784 0.019882014625838614 0.020358245899794045 0.007442658097440744 0.003868661202037963 0.004719771809182353 0.004182537261980982 0.012455930808461052 0.01100704529197387 0.012450619759395685 0.008251935179991439 0.00646760073224585 0.008738549000570492 0.009606294878513867 0.011736645480878029 0.009205664331119839 0.007024233184574793 0.01799481193667983 0.016196196969802946 0.02281175838102434 0.013696733565068838 0.007375113304591735 0.011845006778065274 0.013347303468217206 0.00868275758995758 0.004521154613520944 0.00493251415419241 0.0023320414113667696 0 0.0 0 0 0.006132891426568871 0.010873473951938602 0.006549380942016431 0.002849317074683351 0 0.0 0.0 0 0.0027953638336050946 0.0 0.0018008895143846893 0.00402435975837882 0.006959968526876007 0.005668457263654475 0.004048094183091149 0.006400723577833303 0.009899245303787444 0.02328611811370286 0.00996365334178393 0.012301736001037424 0.005390515085878237
0.05139850431090423 0.07279578178087066 0.03280807556845673 0.03337578702285857 0.05386406213873877 0.06810750240420042 0.038372459008421185 0.022780593787340184 0.020245657649785233 0.019351718949192572 0.02078083926771738 0.02310506032261176 0.014103433486935735 0.009480043256463674 0.008874032659690976 0.01007456806141802 0.018016971386941718 0.01356511568485774 0.01750101531008111 0.01366630333513271 0.007755700166565394 0.004472492667482691 0.0037841961240304887 0.005698737237075334 0.008658301647593134 0.009390778219306823 0.013057329971592056 0.006936905570752348 0.005179562612231452 0.007069422193481273 0.0032934427568667986 0.0027039711227335957 0.013391540638394456 0.016391191452082298 0.025165692276320695 0.033465634082502624 0.026152648422370216 0.01823208957259246 0.012523206449548106 0.01031102561373698 0.013318304580847842 0.010153472653487546 0.011159299949320559 0.004805360565377316 0.008173980723393376 0 0.0 0 0.0073142489218025915 0.004447686907600358 0 0.0044183212237868755 0.0047277833512394205 0 0.0 0.0 0.0 0.014944697076350995 0.024208834985585022 0.009218473940651246 0.014980054959922285 0.008098160728301985 0.010281781711298075 0.0077369447163228204 0.006370881264027103 0.007096457594375424 0.008724984659263047 0.006328194524179752 0.008367631255989504 0.008002973435037967
0.04701152042784124 0.048373808702629195 0.022421973307001755 0.020645568759479538 0.030432533648611374 0.04749390368884423 0.04091661576846466 0.010098890753524431 0.013610961941291048 0.01719717145480423 0.01625246361848193 0.038043595550502456 0.03741577488232117 0.021638098035566617 0.014958728559455941 0.019037815046390773 0.011864999433220965 0.014595913645112805 0.018729918722727886 0.019412973342542304 0.015962969306064154 0.011427836668026112 0.009146335896585409 0.0050655621095575 0.004768488306874881 0.00866281170588214 0.01055527688590769 0.011592671015438519 0 0.005589120633239722 0.010633459314432747 0.00931376648855509 0.011451983988784381 0.010425003171523232 0.017555947174907847 0.03385125213788513 0.052714294903598226 0.029789409669383555 0.021053951175656917 0.005579705133058442 0.005515608225710634 0.015477666563183503 0.009754948390036796 0.00656003566241656 0.0101528642378582 0.0 0.0 0.003340554338864965 0.004458148553383441 0.004165312034366487 0.003133723151026343 0.005526672081776965 0.006166645094346249 0 0 0.0 0.005506817552585136 0.012508367949760535 0.020603649380918482 0.022793944913008492 0.016943956458135026 0.015396873063531208 0.02018924416929371 0.023374652681044276 0.023381840648575382 0.016247521515892135 0.013029006073415486 0.013924236386703029 0 0.010321209412233568
0.04502948664906371 0.044767307720103254 0.03589704854466179 0.03455226576038276 0.018042400122703108 0.03718159134788403 0.028323065652517933 0.008145704947206019 0.007751543581251329 0.009324911701475142 0.009007935506492157 0.017621228380371806 0.017953708037431293 0.017815596062999345 0.014524415833397466 0.010969444734458161 0.011956380727013393 0.01232295889519761 0.014700406343272757 0.01666745096671879 0.018889029411139405 0.024232184600901346 0.006250259556536724 0.005597437813977149 0.005867370213207038 0.010023741966986079 0.011737264160709079 0.010946863155841998 0.0024630966955318458 0.007787589450698392 0.00466780170933623 0.004846267338134653 0.004878034465179508 0.00787165009953008 0.00739875584150274 0.020079410494081924 0.01919642366742565 0.041002966598418164 0.032335024581727545 0.025271251264699333 0.0151448075965244 0.014430305216330928 0.010577336357852187 0.00992219171352481 0.006155445816154959 0.0 0 0.004692248234221651 0.004199028817939187 0.003969728298782304 0.004930240273426547 0.004891946093844821 0 0.005321939935862873 0.006602413523129465 0.0 0.00949444766764639 0.007605654044518069 0.008878911080923911 0.013971403855568724 0.017599654002184904 0.012731246501473408 0.007743489624415177 0.005546971078211232 0.0 0.00438470596848763 0.0 0 0.014281148480756362 0.012109681411062428
