critload/trunk/output/2010/fsro_ag.asc
ncols 720
nrows 360
xllcorner -180
yllcorner -90
cellsize 0.5
NODATA_value -1
[rows 31 to 61 of 360, columns 414 to 482 of 720]
-1.0 -1.0 -1.0 -1.0 -1.0 -1.0 -1.0 -1.0 -1.0 -1.0 -1.0 -1.0 -1.0 -1.0 -1.0 -1.0 -1.0 -1.0 -1.0 -1.0 -1.0 -1.0 -1.0 -1.0 -1.0 -1.0 -1.0 -1.0 -1.0 -1.0 -1.0 -1.0 -1.0 -1.0 -1.0 -1.0 -1.0 -1.0 -1.0 -1.0 -1.0 -1.0 -1.0 -1.0 -1.0 -1.0 -1.0 -1.0 -1.0 -1.0 -1.0 -1.0 -1.0 -1.0 -1.0 0.0 0 0 0 0 0 0 0 0 0 -1.0 -1.0 -1.0 -1.0
-1.0 -1.0 -1.0 -1.0 -1.0 -1.0 -1.0 -1.0 -1.0 -1.0 -1.0 -1.0 -1.0 -1.0 -1.0 -1.0 -1.0 -1.0 -1.0 -1.0 -1.0 -1.0 -1.0 -1.0 -1.0 -1.0 -1.0 -1.0 -1.0 -1.0 -1.0 -1.0 -1.0 -1.0 -1.0 -1.0 -1.0 -1.0 -1.0 -1.0 -1.0 -1.0 -1.0 -1.0 -1.0 -1.0 -1.0 -1.0 -1.0 -1.0 -1.0 -1.0 -1.0 0.0 0 0 0 0 0 0 0 0 0 -1.0 -1.0 -1.0 -1.0 -1.0 -1.0
-1.0 -1.0 -1.0 -1.0 -1.0 -1.0 -1.0 -1.0 -1.0 -1.0 -1.0 -1.0 -1.0 -1.0 -1.0 -1.0 -1.0 -1.0 -1.0 -1.0 -1.0 -1.0 -1.0 -1.0 -1.0 -1.0 -1.0 -1.0 -1.0 -1.0 -1.0 -1.0 -1.0 -1.0 -1.0 -1.0 -1.0 -1.0 -1.0 -1.0 -1.0 -1.0 -1.0 -1.0 -1.0 -1.0 -1.0 -1.0 -1.0 -1.0 -1.0 -1.0 0.0 0 0 0 0 0 0 0 0 -1.0 -1.0 -1.0 -1.0 -1.0 -1.0 -1.0 -1.0
-1.0 -1.0 -1.0 -1.0 -1.0 -1.0 -1.0 -1.0 -1.0 -1.0 -1.0 -1.0 -1.0 -1.0 -1.0 -1.0 -1.0 -1.0 -1.0 -1.0 -1.0 -1.0 -1.0 -1.0 -1.0 -1.0 -1.0 -1.0 -1.0 -1.0 -1.0 -1.0 -1.0 -1.0 -1.0 -1.0 -1.0 -1.0 -1.0 -1.0 -1.0 -1.0 -1.0 -1.0 -1.0 -1.0 -1.0 -1.0 -1.0 -1.0 0.0 0 0 0 0 0 0 0 0 -1.0 -1.0 -1.0 -1.0 -1.0 -1.0 -1.0 -1.0 -1.0 -1.0
-1.0 -1.0 -1.0 -1.0 -1.0 -1.0 -1.0 -1.0 -1.0 -1.0 -1.0 -1.0 -1.0 -1.0 -1.0 -1.0 -1.0 -1.0 -1.0 -1.0 -1.0 -1.0 -1.0 -1.0 -1.0 -1.0 -1.0 -1.0 -1.0 -1.0 -1.0 -1.0 -1.0 -1.0 -1.0 -1.0 -1.0 -1.0 -1.0 -1.0 -1.0 -1.0 -1.0 -1.0 -1.0 -1.0 -1.0 -1.0 -1.0 0.0 0.0 0 0 0 0 0 0 0 -1.0 -1.0 -1.0 -1.0 -1.0 -1.0 -1.0 -1.0 -1.0 -1.0 -1.0
-1.0 -1.0 -1.0 -1.0 -1.0 -1.0 -1.0 -1.0 -1.0 -1.0 -1.0 -1.0 -1.0 -1.0 -1.0 -1.0 -1.0 -1.0 -1.0 -1.0 -1.0 -1.0 -1.0 -1.0 -1.0 -1.0 -1.0 -1.0 -1.0 -1.0 -1.0 -1.0 -1.0 -1.0 -1.0 -1.0 -1.0 -1.0 -1.0 -1.0 -1.0 -1.0 -1.0 -1.0 -1.0 -1.0 -1.0 -1.0 0.0 0 0 0 0 0 0 0 0 0 -1.0 -1.0 -1.0 -1.0 -1.0 -1.0 -1.0 -1.0 -1.0 -1.0 -1.0
0 0 0 -1.0 -1.0 -1.0 -1.0 -1.0 -1.0 -1.0 -1.0 -1.0 -1.0 -1.0 -1.0 -1.0 -1.0 -1.0 -1.0 -1.0 -1.0 -1.0 -1.0 -1.0 -1.0 -1.0 -1.0 -1.0 -1.0 -1.0 -1.0 -1.0 -1.0 -1.0 -1.0 -1.0 -1.0 -1.0 -1.0 -1.0 -1.0 -1.0 -1.0 -1.0 -1.0 -1.0 -1.0 -1.0 -1.0 -1.0 0 0 0 0 0 0 0 0 0 0.0 -1.0 -1.0 -1.0 -1.0 -1.0 -1.0 -1.0 -1.0 -1.0
0 0 0 0 0 0 0 0 -1.0 -1.0 -1.0 -1.0 -1.0 -1.0 -1.0 -1.0 -1.0 -1.0 -1.0 -1.0 -1.0 -1.0 -1.0 -1.0 -1.0 -1.0 -1.0 -1.0 -1.0 -1.0 -1.0 -1.0 -1.0 -1.0 -1.0 -1.0 -1.0 -1.0 -1.0 -1.0 -1.0 -1.0 -1.0 -1.0 -1.0 -1.0 -1.0 -1.0 -1.0 -1.0 -1.0 -1.0 0.0 0 0 0 0 0 0 0 0 0.0 -1.0 -1.0 -1.0 -1.0 -1.0 -1.0 -1.0
0 0 0 0 0 0 0 0 0 -1.0 -1.0 -1.0 -1.0 -1.0 -1.0 -1.0 -1.0 -1.0 -1.0 -1.0 -1.0 -1.0 -1.0 -1.0 -1.0 -1.0 -1.0 -1.0 -1.0 -1.0 -1.0 -1.0 -1.0 -1.0 -1.0 -1.0 -1.0 -1.0 -1.0 -1.0 -1.0 -1.0 -1.0 -1.0 -1.0 -1.0 -1.0 -1.0 -1.0 -1.0 -1.0 -1.0 -1.0 -1.0 -1.0 -1.0 -1.0 -1.0 -1.0 -1.0 -1.0 -1.0 -1.0 0 0 0 0.0 -1.0 -1.0
0 0 0 0 0 0 0 0 0 0 0.007027078423664494 0 0.0 -1.0 -1.0 -1.0 -1.0 -1.0 -1.0 -1.0 -1.0 -1.0 -1.0 -1.0 -1.0 -1.0 -1.0 -1.0 -1.0 -1.0 -1.0 -1.0 -1.0 -1.0 -1.0 -1.0 -1.0 -1.0 -1.0 -1.0 -1.0 -1.0 -1.0 -1.0 -1.0 -1.0 -1.0 -1.0 -1.0 -1.0 -1.0 -1.0 -1.0 -1.0 -1.0 -1.0 -1.0 -1.0 -1.0 -1.0 -1.0 -1.0 -1.0 0 0 0 0 0 0
0 0.0014650652931279798 0 0 0 0 0 0 0 0 0 0 0.023272564118051068 0 0 0 0.007877029297296384 0 0 -1.0 -1.0 -1.0 -1.0 -1.0 -1.0 -1.0 -1.0 -1.0 -1.0 -1.0 -1.0 -1.0 -1.0 -1.0 -1.0 -1.0 -1.0 -1.0 -1.0 -1.0 -1.0 -1.0 0 0 0 0 0 -1.0 -1.0 -1.0 -1.0 -1.0 -1.0 -1.0 -1.0 -1.0 -1.0 -1.0 -1.0 -1.0 -1.0 -1.0 -1.0 -1.0 0.0 -1.0 0 0 0
0 0 0 0 0 0 0 0 0 0 0 0 0.02319430627637812 0 0 0 0.0043633792661452175 0.004711810375206528 0.004609810122033479 0.004973504682515997 0.0059024670528799155 0 0.0 -1.0 -1.0 -1.0 -1.0 -1.0 -1.0 -1.0 -1.0 -1.0 0 0.0 0.0 0.0 0.0 -1.0 -1.0 -1.0 -1.0 -1.0 0 0.005015042181649241 0.00424236979545647 0 -1.0 -1.0 -1.0 -1.0 0.0 0 0 0 0.0 -1.0 0.0 0.0 0.0 0.0 0.0 0 0 0 0 0.0 0.0 0 0
0 0 0 0 0 0 0 0 0.014542126048044892 0 0 0 0.016193837175347604 0 0 0 0 0 0 0.002962644637470771 0.002832770680004071 0.0034761099180284573 0.0045824814070593665 0.003224458963336619 0 0 -1.0 -1.0 -1.0 -1.0 -1.0 -1.0 -1.0 0 0 0 0 0 0 0.0 -1.0 -1.0 -1.0 -1.0 -1.0 0.0 0 0 0 0 0 0 0 0 0 0 0 0 0 0 0 0 0 0 0 0 0 0 0
0 0 0 0 0 0 0 0 0 0 0 0.06609729076339577 0.01500989014243242 0.08111753611981698 0 0 0 0 0 0 0 0.003373457390140883 0.0063553146658690395 0.0030029887700191117 0 0 0 0 0.0 -1.0 -1.0 -1.0 -1.0 -1.0 0 0 0 0 0 0.0 -1.0 0 0 0 0 0 0 0 0 0 0 0 0.011431961534258364 0 0 0 0 0 0 0 0 0 0 0 0 0 0 0 0
0 0 0 0 0 0 0 0 0 0 0.023719716184135643 0 0 0 0 0 0 0 0 0 0.005898186335354246 0 0.004096119810516672 0 0 0 0 0 0 -1.0 -1.0 -1.0 -1.0 0 0.0029906125269401704 0.0027229894429135417 0 0 -1.0 -1.0 -1.0 0.0035182087053112496 0 0 0 0 0 0 0 0 0 0 0 0 0 0 0 0 0 0 0 0 0 0 0 0 0 0 0
0 0 0 0 0 0 0 0 0 0 0 0 0 0 0 0 0 0 0 0 0 0 0 0 0 0 0 0 0 -1.0 -1.0 0.0 -1.0 -1.0 -1.0 0 0 0 0 0 0 0 0 0 0 0 0 0 0 0 0 0 0 0 0 0 0 0 0 0 0 0 0 0 0 0 0 0 0
0 0 0 0 0 0 0 0.005519339476382022 0.0053481169934926345 0 0 0 0 0 0 0.0 0 0 0 0 0 0 0 0 0 0.001677090389610039 0 -1.0 0 0 0.006272078468856815 0 0 0 0.006858225893278294 0 0 0 0 0 0 0 0 0 0 0 0 0 0 0 0 0 0 0 0 0 0 0 0 0 0 0 0 0 0 0 0.010367054106665363 0 0
0 0 0.005502521048649671 0 0 0 0 0 0.0022365224016402184 0 0 0 0 0 0.0015244391892287694 0.0016374524457505027 -1.0 -1.0 -1.0 -1.0 -1.0 -1.0 -1.0 -1.0 -1.0 0 0 0 0 0 0 0 0 0 0 0 0 0 0 0 0 0 0 0 0 0 0 0 0 0 0.009098668847417795 0 0 0 0 0 0 0 0 0 0.0031975955132544217 0 0 0 0 0 0 0 0
0.0034978536813721588 0 0 0 0.004070644700757294 0 0.003265016897544393 0.0027709592908413383 0 0 0 0 0 0 0.0022792007498724553 0 -1.0 0 -1.0 0 0 0 -1.0 -1.0 -1.0 0.004099165599671608 0.0020364371519221115 0 0 0 0 0 0 0 0 0 0 0 0 0 0 0 0 0 0 0 0 0 0 0 0 0 0 0 0 0 0 0 0 0 0.004844754050183376 0 0 0 0 0 0 0 0
0 0 0 0.00313922410623587 0.004900607975703993 0 0.008563799731347362 0.0035114854647640917 0 0 0 0 0 0 0 0.0011870839063946464 -1.0 -1.0 -1.0 0.0020938981494763673 0 0 0.001924650901234923 0 0.001579036316126786 0.0005160128100924443 0.001754268594992373 0.002186165212141511 0 0 0 0 0 0 0 0 0 0 0 0 0 0 0 0 0 0 0 0 0 0 0 0 0 0 0 0 0 0 0 0 0 0 0 0 0 0 0 0 0
0.0030741445780688255 0.0026143243200417964 0.005016900258027842 0 0.006088718911938067 0 0 0 0.002638018140402831 0.0032266359876933046 0.003718010213213827 0 0 0 0.005282650033053319 0.001925091021388368 0.0017032289395304025 0.0018070621999818142 0.00134533919547238 -1.0 0.0029607167217046665 0.0018844058240749038 0.002286434714604229 0 0 0.00116486702615803 0.0025577167856414462 0.0022989075114344545 0.0027438995665621728 0.0028758605405212554 0 0 0 0 0 0 0 0 0 0 0 0 0 0 0 0 0 0 0 0 0 0 0 0 0 0 0 0 0 0 0 0 0 0 0 0 0 0 0
0.006047019489915158 0.0025733909303303822 0.0023463177423673725 0 0 0 0 0.003530696533425775 0.003609238308819846 0 0 0.003284040692093997 0.004088951601890585 0 0.0060059832216706995 0.0026008742648825495 0.001679663584170088 0 0.00270586549219841 0 0.0013907274547883862 0.0016962553679318209 0.00210709458735252 0 0 0 0 0.003626071438252604 0.00307645909989994 0.003359917090540423 0 0 0 0 0 0 0 0 0 0 0 0 0 0 0 0 0 0 0 0 0 0 0 0.006664984216979987 0 0 0 0 0 0 0.0020600315297648816 0 0 0 0 0 0 0 0
0.006138852605537766 0.004635727445505662 0 0.002080119750637977 0.00590048694793668 0.004091211223391538 0.005388669926603852 0 0 0 0 0 0.003956937898347966 0.004874780476797962 0.0037227230859703526 0.002296620931549263 0.002496061472215509 0.001731502423469224 0.004466721252309009 0 0 0 0 0 0 0 0.0024478264247698588 0.0026062297531294133 0.0027166498066452742 0.002549553573206027 0.0024339807266383984 0.0022224814546119498 0 0 0 0 0 0 0 0 0 0 0 0 0 0 0 0 0 0 0 0 0 0.0031564564852792397 0 0 0 0 0 0 0 0 0 0 0 0 0 0 0
0 0.005717208521763593 0.0035396775588720578 0.004084494625591088 0.004650923556106139 0.00570852407695086 0.0034186117660536205 0.00322716423054444 0.003899725974864532 0.005877772581881742 0.0022311223967211233 0.002831796319979891 0.0022437663806195557 0.0024148558257524096 0.0026173502628724886 0.0036655655885512507 0.0036140638261221054 0.003579780585036245 0.004736286835684477 0 0 0 0 0.0019221306239235675 0 0.0049318641257561765 0.0035396046463141446 0.003566333977161166 0.0033620085003790144 0.0027026470393483795 0.003083548003393798 0.0029903633297660268 0.0025368391519290266 0.004269388242300709 0 0 0 0 0 0 0 0 0 0 0 0 0 0.0022260297294597825 0 0 0 0 0 0 0 0 0 0 0 0 0 0 0 0 0 0 0 0 0
0.0032922519430621327 0.0033825738696627314 0 0.004617028538015984 0.0030046576372600485 0 0.002993496480676712 0.0037914561915801063 0.0026640267898101295 0.0023552648548333245 0.002027745011925496 0.0015982965849659632 0.001912446621433329 0.003498253599615516 0.003430985609896404 0.0038397589162745987 0.004680916200870875 0.002577863802591377 0.004783486835309768 0.0034027515289701306 0 0 0 0 0.003914328175903925 0.0023088714560567667 0.004104483578322716 0 0 0.004525114348045822 0 0.0014577308617510045 0.002892906799146113 0.0018489008566599159 0.0021073955559743024 0.0030128716910965726 0.004772676233044582 0.004500852689982876 0 0 0 0 0 0 0 0 0.003996477486472467 0 0 0 0 0 0 0 0 0 0 0 0 0 0 0 0 0 0 0 0 0 0
0.0020846393654005003 0.0035932891014301338 0.00474974945872206 0.0033406075129602123 0.0032534259023826602 0.006099350589444663 0.0028140364318846307 0.004158891887321759 0.0032455642597451167 0.0016311752940983953 0.001547196131552781 0.0018050320236849356 0.0029070932086799704 0.0023703004571244616 0.003545261751948046 0.001841870801708763 0.0008736141974633152 0 0.002865340461539073 0.00432227943636228 0.006830871127308526 0.004803590249422436 0.003996743515672779 0.0046089394932955835 0.006000751367545179 0 0.004350831150465974 0.0032140957145503123 0 0 0.0029331413627582954 0.001689453656554798 0.0046829558286166 0.00869471529737142 0.003925363423854627 0.0028473867970437794 0.004158178827807006 0.004868393462331759 0.003388424270749858 0.004935549622111985 0 0 0.005306326317115853 0.004320228264109932 0.004739281610292086 0.00491984317409335 0.004069814901401914 0.003741060142952856 0.0019511628706631958 0.002266065047796654 0.0034461824785325997 0 0 0 0 0 0 0 0 0 0 0 0 0 0 0 0 0 0
0.0019805698009832556 0.0020434451932885866 0.004823308879705841 0 0.0038824423237139418 0.0030738415312330475 0.0019130545565595692 0.0 0.0 0.0009553992778016953 0.0016526564247130145 0.002019434202460219 0.0019052555174948974 0.002394990780123728 0.0035317534361599544 0.003282830257832127 0.002016455236336465 0.0009522152001615695 0.0015623032632863826 0.0056007514053702115 0.005794328281568328 0.005692105848301465 0.006532531107129567 0.004320421799787329 0.0040593731887985 0.004236909993925198 0.004147912512306333 0.005914198466704288 0.004951536946682352 0.004665061787903227 0.00202695235008033 0.0018681400657337998 0.006544290261774066 0.009583859994196281 0.004269845352120056 0.0032147123030262605 0.001740576726146191 0.0044777322552113025 0.004356842869405524 0.004494571753946258 0.004102709889490433 0.004606715346029574 0.009708824534323125 0.006739334474580176 0 0 0.006952041170924452 0.005735184207351665 0.004558677690131479 0.0030708928688443164 0.004430602847669599 0.005609271274975194 0 0 0.0034575625558757165 0 0 0.00531429838332821 0.005819342385813557 0 0 0 0 0 0 0 0 0 0
0.004405817137248025 0.0036837802761827826 0.002260628179351967 0.0026972974968939574 0.0019647375099486543 0.001948205819703609 0.0024185233068728185 0.0007678800729153714 0.0 0.0 0.0 0.002285541750874378 0.002100976268174316 0.005908640532892931 0 0.00763348986018975 0.008615590949518049 0.005436731536345809 0.005253159547985579 0.0025107511098081616 0.004593228999112594 0.005467845929678844 0.0033669908309921235 0.0020557099683862997 0.0028376218766346787 0.003860579837508103 0.002827685623282329 0.0036472822714615446 0.004836787129859179 0.008030604792422152 0.004231994662946577 0.0020630339845310124 0.0038941720232105936 0.007858977028831387 0.003209363112376168 0.0030760288188791526 0.004774441040915278 0.005338454470226866 0.005453290822939781 0.0033357578770733154 0.005678096420620833 0.006962244395410134 0.004316255922481811 0.0042083945613258095 0.0037815079577914242 0.00481162681782277 0.0033902466893868106 0 0.002410030270147614 0 0 0.003036270105516418 0 0 0 0 0 0 0.007994869539997392 0 0 0 0 0 0 0 0 0 0
-1.0 -1.0 -1.0 0.002646487676692962 0.002179740576181458 0.0018385000644265902 0.0020616574153037685 0.0012802800732762349 0.0006938978796590587 0.0016095697576457987 0.0027874601863008353 0.004019526420663851 0.0035005246255663575 0.006210282186466562 0.00789718682608926 0.00725209578257073 0.00558276929784642 0.004297488135369044 0.005204801102130027 0.004087817150010949 0.0037740165992740573 0.003215892788200056 0.0030343240298472554 0.0018570208763305294 0.0033435697037554695 0.003698966929447876 0.004451445631553317 0.005753235126148206 0.005054918106796732 0.006522368489639201 0.0035390035030730734 0.003076860324824986 0.006114422836729109 0.007428987266302619 0.011811752006898083 0.004304898165710762 0.00425842830918123 0.006555671550779541 0.0067358082497174865 0.010041680456637 0.007999279124622257 0.005086828092399544 0.004876972153663316 0.005265275558346716 0.0028376435642094933 0.0026935356683848283 0.0045623464156800755 0 0 0 0.0032654006502524616 0.003789705707715741 0.003833884612148958 0.0055687381239485495 0.004605181004837416 0.004659453178468296 0.004190125843347215 0.004860854322928889 0.008702371950965423 0.006054944932165765 0.009865645171836381 0 0 0 0 0.06003005571360683 0 0 0
-1.0 -1.0 0.005323832811317641 0.006617430599186921 0.005796751153837774 0.007801223494312701 0.004498838990365056 0.0036273848694262736 0.0029014850469864777 0.0032732956501985676 0.0038534367191015366 0.002909557140659661 0.005407193251407346 0.004127363358774985 0.00487462720633053 0.0038466171131703013 0.0027472862184794796 0.004028895113877904 0.0033978519718657813 0.003972853631893309 0.004219578927047002 0.003759062931169997 0.00405523629444277 0.003923190622061549 0.005325414884235056 0.0048353984204173245 0.003170943366569795 0.003981596318148518 0.004000941262038357 0.003624125506016408 0.004017976030840935 0.004039576580278727 0.004311811986019106 0.004640421391410034 0.005734610023728569 0.008925304318381351 0.008944964389790814 0.007517232297339796 0.00744938967096177 0.007554855771639708 0 0.004899571499946766 0.004333110125625309 0.00408252231085046 0.005304950143267738 0.004951047698080456 0 0.005628298595651538 0 0.0044788873728960005 0.004411879278358064 0.004230165230131413 0.0037525104879247975 0.005170537458407068 0.0077200828859614636 0.004196866364034781 0.005211673306505516 0.00613816030494232 0.006064265090609572 0.011414243641849241 0.006800426556214386 0.012934175372481538 0 0 0 0.03676214660550507 0.024326683853424454 0.014726620121206176 0
0.004243435489745099 0.0025160287629715297 0.003735273801396625 0.003985636252272476 0.005703282952958762 0.005014510884906578 0.004588878845915705 0.003415414822249746 0.00407483934912322 0.004613054885854979 0.0030994971085141565 0.004992992391923111 0.004303073293325379 0.005931144841501046 0.0032979657607125363 0.002862953904218275 0.0022439895177364137 0.0017960686705011965 0.0021212393324371542 0.0024046601611537655 0.002221341397654399 0.005474635314951857 0.004659725697020126 0.00691279670930013 0.006836968824738689 0.006910041074480516 0.0032353137869103356 0.003393480283919704 0.002791335770294086 0.002552906672742508 0.003396307869730121 0.0049325844086179444 0.00386566099142652 0.0041359383881372745 0.003844569935614385 0.0037679967477407773 0.004197389584838804 0.006077597910504843 0.009259997105558547 0.011002061458735033 0.0072620063956349455 0.008786217736163041 0.005799125048702251 0.005384126939459913 0.008081230930222866 0.007839842325627762 0.006053687285230826 0.007451118055083572 0.004939815677923723 0.004499607137846851 0.004492590658797585 0.004686890759608641 0.0067241062969848695 0.01940671841528215 0.014282343375534608 0.015200112919140474 0.013737546986626475 0.008440519289534501 0.00564510345060161 0.011447269018551393 0.00921408926723348 0.034396780900606695 0 0 0 0 0.006001303576865714 0.0070621323035459675 0.004779004482253392
