critload/trunk/output/2010/n_in_agri.asc
ncols 720
nrows 360
xllcorner -180.0
yllcorner -90.0
cellsize 0.5
NODATA_value -9999.0
[rows 216 to 242 of 360, columns 366 to 426 of 720]
-9999.0 -9999.0 -9999.0 -9999.0 -9999.0 -9999.0 -9999.0 -9999.0 -9999.0 -9999.0 -9999.0 -9999.0 -9999.0 -9999.0 -9999.0 -9999.0 -9999.0 0.0 0.04957886015472468 -0.39782623562496156 -0.5419604801572859 16372.613276103637 2937.658075187953 0.19104065012652427 -0.034514557803049684 23765.60761143849 262488.1037987971 319688.6962870382 622313.4492095496 1023937.3366185781 637340.9793320204 862727.6676504214 633633.5541110862 104785.054320069 289430.46856334223 168622.30451037205 227118.0788563836 147736.22852626417 41332.348273190626 52135.23762129796 16916.993122713007 415235.5472167735 34877.56367509086 1386254.570688064 2750136.351512944 3134214.442338499 1573296.5376761192 1397751.400372581 0.04016100073931739 167695.17125658793 307813.83434648695 404070.19192953367 430141.2397197529 95268.19940494395 282109.9563518677 325101.1144522234 326763.3750027943 178912.3270991476 141113.71713600832 521252.5196502101 62183.10653704865
-9999.0 -9999.0 -9999.0 -9999.0 -9999.0 -9999.0 -9999.0 -9999.0 -9999.0 -9999.0 -9999.0 -9999.0 -9999.0 -9999.0 -9999.0 -9999.0 -9999.0 -9999.0 0.0 0.0965577841270715 0.29931731265969574 706.2025076053785 -0.3634939936455339 -0.49383493163622916 -0.4581911940476857 41979.64025657393 0.0 0.0 388930.8473955968 233047.99709304213 170978.06120357272 358107.0142511956 750261.1986988038 251457.516074565 124680.07323240928 12901.700129518329 -0.3640439675655216 -0.4965526268351823 0.2631527263438329 0.22265643917489797 0.0022280954872258008 0.44934158254181966 0.0 115308.46995167549 1422699.4977786536 734152.9038713417 0.0 645835.3145000199 0.18841546366456896 0.2615971628110856 79242.21116950524 381209.6033883336 1742566.5636018938 44355.98777971494 346800.88872388605 90528.11933257275 1242916.197517759 2332413.2568902024 878273.4240797859 373922.4636531481 666953.4648578047
-9999.0 -9999.0 -9999.0 -9999.0 -9999.0 -9999.0 -9999.0 -9999.0 -9999.0 -9999.0 -9999.0 -9999.0 -9999.0 -9999.0 -9999.0 -9999.0 -9999.0 -9999.0 -9999.0 -0.0013610255846288055 1100.0828617827262 205.04187308957034 0.13452210742980242 0.19720615353435278 8150.562699510365 0.43624841095879674 4747.61020595566 161597.1251381678 754863.2251090689 772388.953620545 630521.9779221512 151201.94615348673 505107.97943617566 189700.37792554943 152847.05201706963 258150.41727677625 -0.4047842259751633 -0.3444224954582751 0.03802558331517503 -0.4000851712480653 -0.3996280560968444 0.0496826145099476 -0.17190573510015383 -0.0016487518441863358 13656.940371557086 15074.44723279321 18625.233464356774 203525.40999417304 140348.13913597242 1381351.925335764 1239668.6942960706 369742.5293948076 434974.0667439263 76324.82440446994 34479.5262870782 180764.35218370755 1086144.9978748742 4872158.677581239 2675109.476100137 3840437.285326651 1064553.380846611
-9999.0 -9999.0 -9999.0 -9999.0 -9999.0 -9999.0 -9999.0 -9999.0 -9999.0 -9999.0 -9999.0 -9999.0 -9999.0 -9999.0 -9999.0 -9999.0 -9999.0 -9999.0 -9999.0 0.0 0.0 -0.1118166334927082 -0.09799204836599529 -0.26080403360538185 14663.764308403695 -0.4541334438836202 50530.06546342479 278975.70883425936 335158.3390793941 230287.074727361 2817.4288321794106 1609.5063486891827 187037.52782739847 238190.61116013714 243904.84130986937 268629.5978678153 -0.19995032041333616 -0.370667147799395 -0.4565728075103834 -0.15228332515107468 -0.17553649010369554 -0.3760070437565446 -0.24996933166403323 -0.24841332319192588 0.05075093649793416 20643.761708767423 232469.59747432047 1112468.2434632652 739563.7237717143 561424.6337505488 1502892.1561556624 427399.7183671411 228408.8084938078 127548.55976252754 694701.5443044693 2540689.650545246 3181417.6375008924 2488331.0616394933 1513003.3310415978 871984.5131257757 86111.34863185688
-9999.0 -9999.0 -9999.0 -9999.0 -9999.0 -9999.0 -9999.0 -9999.0 -9999.0 -9999.0 -9999.0 -9999.0 -9999.0 -9999.0 -9999.0 -9999.0 -9999.0 -9999.0 -9999.0 -9999.0 0.0 0.20736631494946778 -0.3902295338921249 2355.522875621282 15.61182898425507 1455.3615690940403 31423.501957001856 341854.67084480234 82954.88257955233 14771.654982938531 -0.5889890191610903 0.052064060349948704 6806.037960140167 -0.3119814897654578 -0.03591921413317323 45623.96944881204 0.17043980374000967 0.20764020085334778 -0.3163146050646901 2076.6556245366505 0.27227812947239727 -0.3133857724023983 0.2374887519981712 0.1612857926520519 -0.036772984894923866 -0.43154927366413176 31534.73712123229 -0.13757362047908828 2061339.2293246668 1190581.3408961182 95512.42248731424 355611.6346834256 2906635.5786771593 2262285.662878367 611420.13092935 616925.7767856199 2285731.500698926 1607130.2141945425 1047310.5823403762 249490.35470948496 15775.391572510915
-9999.0 -9999.0 -9999.0 -9999.0 -9999.0 -9999.0 -9999.0 -9999.0 -9999.0 -9999.0 -9999.0 -9999.0 -9999.0 -9999.0 -9999.0 -9999.0 -9999.0 -9999.0 -9999.0 -9999.0 0.0 -0.30712877435144037 -0.20169082569191232 0.14834559615701437 -0.0976254886481911 14.492738198437728 45863.755879965305 63628.570800115995 -0.18502777605317533 -0.3545537143945694 0.06802410981617868 -0.013457299559377134 443.23806409788006 0.041228951420634985 5663.411390753154 29629.92183504297 -0.6055598806124181 -0.4120781811652705 0.4168706202181056 -0.36898774036671966 0.23568553593941033 0.08291736710816622 0.23873935954179615 -0.41589255386497825 0.19445803607231937 -0.2541192986536771 97715.03553952182 191052.10015524796 610827.2590599083 2923089.376131406 1814380.8261293352 412610.12951679894 3785597.5587421595 2576133.9895591643 2544230.949285608 2039409.1648352873 2380234.431793097 466030.3483832655 1499668.0737257614 488922.8573601551 33245.73743938086
-9999.0 -9999.0 -9999.0 -9999.0 -9999.0 -9999.0 -9999.0 -9999.0 -9999.0 -9999.0 -9999.0 -9999.0 -9999.0 -9999.0 -9999.0 -9999.0 -9999.0 -9999.0 -9999.0 -9999.0 -9999.0 0.3007502018008381 -0.05163583776447922 -0.25454676162917167 0.4170517622260377 176.71432440189784 1512.524650923338 0.03863558347802609 -0.052856737514957786 175.54234843913378 411.0433230240823 73.29775039935558 356.1463232689487 3134.05918681523 20455.94688372592 -0.10122753877658397 -0.4950260533951223 -0.30413758067879826 -0.18353131774347275 -0.2658400172367692 -0.3551321905106306 -0.27264363795984536 -0.39093129709362984 0.45492568938061595 -0.12725725932978094 0.25170872057788074 2215.8225467515836 1378908.8045263216 556447.4127563303 4708594.4715498155 1096918.4288201693 23384.926134629586 897760.9442844966 775726.8269302188 581235.8695219711 3284169.5862372196 2109731.953745679 3118818.223243075 256875.10259518318 29144.596330378376 285016.54128845676
-9999.0 -9999.0 -9999.0 -9999.0 -9999.0 -9999.0 -9999.0 -9999.0 -9999.0 -9999.0 -9999.0 -9999.0 -9999.0 -9999.0 -9999.0 -9999.0 -9999.0 -9999.0 -9999.0 -9999.0 -9999.0 0.03103553521214053 -0.3438183024409227 -0.0007935936591820791 0.345673346077092 0.06197976681869477 0.1685163453221321 625.1731422742782 0.17379669146612287 103.38704297783617 155.34598733218039 0.3443913946393877 4251.24549647815 -0.3186650072457269 -0.07360828656237572 17138.919944590758 0.37002473580650985 -0.10305785480886698 -0.03069921804126352 0.40808108693454415 -0.19549553515389562 0.4931636875262484 -0.19027653126977384 -0.10482686385512352 0.34231500583700836 675812.6991268566 10784.577181773455 59196.29932914912 62471.36690740364 1585971.4796355846 33410.517017282335 -0.003052149433642626 0.28765801060944796 -0.10375871160067618 0.4423832290340215 1011629.370010822 799688.3162446758 26124.682060021853 0.0 21225.293921740147 15274.492071264736
-9999.0 -9999.0 -9999.0 -9999.0 -9999.0 -9999.0 -9999.0 -9999.0 -9999.0 -9999.0 -9999.0 -9999.0 -9999.0 -9999.0 -9999.0 -9999.0 -9999.0 -9999.0 -9999.0 -9999.0 -9999.0 -9999.0 0.026005569350672886 0.0018555536080384627 0.3115230500989128 0.30444280337542295 0.4111640404444188 3157.5755051489728 196.6371401266383 474.491715257052 4050.717244055085 37.09610286120073 0.18304566503502429 0.2996525444323197 0.07113543414743617 0.038512826489750296 0.43514981074258685 0.0030527239432558417 -0.24371416913345456 0.20846549898851663 -0.33163336105644703 0.45800623181276023 -0.25088567775674164 -0.019041008898057044 -0.3945940264966339 0.3448174032382667 0.2829584493301809 1601679.4822096482 1074111.6655074272 2068510.1673115834 2757.3686314628003 11511.58508716256 246122.21955700428 290171.209965786 14091.392124918262 9613.420476686666 6141.1379556388765 1696.0121584737135 132468.78026185313 457975.64498082804 0.0
-9999.0 -9999.0 -9999.0 -9999.0 -9999.0 -9999.0 -9999.0 -9999.0 -9999.0 -9999.0 -9999.0 -9999.0 -9999.0 -9999.0 -9999.0 -9999.0 -9999.0 -9999.0 -9999.0 -9999.0 -9999.0 -9999.0 -4.579999949783087e-05 -0.36735534729086794 -0.3934623230015859 0.007782002678140998 0.3529364347923547 -0.44064217689447105 175.10923026106676 -0.12780760729219764 0.30999879469163716 -0.2472830400802195 0.09320027730427682 -0.12838644406292588 0.4603575069922954 0.15915023093111813 -0.25033566262573004 -0.04904321860522032 -0.09005655464716256 0.1083689141087234 0.006806803052313626 -0.09823750180657953 -0.493865845608525 0.20459052606020123 0.1768513189163059 -0.43722331686876714 0.4577636586036533 718152.880193408 1121642.378078936 143443.67689285625 101798.04878433724 50134.85756990304 118475.86891112116 134386.73999610884 12759106.5465704 15706619.988180364 0.2042849096469581 1532.9400244763194 -2.2373964986763895 0.0 8113.613893922733
-9999.0 -9999.0 -9999.0 -9999.0 -9999.0 -9999.0 -9999.0 -9999.0 -9999.0 -9999.0 -9999.0 -9999.0 -9999.0 -9999.0 -9999.0 -9999.0 -9999.0 -9999.0 -9999.0 -9999.0 -9999.0 -9999.0 -9999.0 -0.04979864865890704 -0.04971925172867486 -0.35147062374744564 0.3487849581288174 -0.0683914233231917 0.25683685031253844 -0.2022712390171364 -0.40683028590865433 -0.3729257854865864 -0.2142328805057332 0.128632596693933 -0.19052180193830281 -0.4498901554616168 -0.29370043333619833 -0.40463365509640425 0.38873414183035493 0.25106721150223166 0.09985265461727977 -0.3966065861750394 0.4157088780775666 -0.3514702224638313 671238.8303666352 669559.6436507565 0.25008973910007626 39961.33587826924 698363.6078408922 53404.39284801035 183503.52176203244 25072.50032041864 1651203.9225983676 20863046.550086617 4474819.818623473 18413124.536889993 -0.4024056663038209 0.0481870919757057 18080.01944089224 689752.2011552115 4732.136909377435
-9999.0 -9999.0 -9999.0 -9999.0 -9999.0 -9999.0 -9999.0 -9999.0 -9999.0 -9999.0 -9999.0 -9999.0 -9999.0 -9999.0 -9999.0 -9999.0 -9999.0 -9999.0 -9999.0 -9999.0 -9999.0 -9999.0 -9999.0 0.0 0.1562189580872655 0.09860139235388488 0.2979728472419083 -0.40063473663758487 -0.3094781566178426 -0.1076349092181772 -0.4241641298867762 0.017454554326832294 0.37619197671301663 0.4694509617984295 -0.10635490412823856 0.2098984943004325 0.2053219274384901 -0.3523870025528595 -0.0039076505927369 -0.40411485347431153 -0.052217113436199725 0.0515744099393487 -0.10885660967323929 0.09869294823147357 1307242.8805453465 640259.2089608529 1965.8530735041847 673271.5009726759 9533.780017254283 10169.85247853295 110581.13227672955 94093.21102021146 2075438.5285992152 1176759.1031895005 19817142.948590524 3607288.5460778573 0.20228689210489392 -0.396667875291314 -0.34692433406598866 571902.197248919 11332.15492662244
-9999.0 -9999.0 -9999.0 -9999.0 -9999.0 -9999.0 -9999.0 -9999.0 -9999.0 -9999.0 -9999.0 -9999.0 -9999.0 -9999.0 -9999.0 -9999.0 -9999.0 -9999.0 -9999.0 -9999.0 -9999.0 -9999.0 -9999.0 0.0 -0.0516654048115015 -0.2680669851251878 0.11975170345976949 0.2227476353291422 0.31488076329696923 0.2515878404956311 1953.7853344376535 0.48077296430710703 -0.38827401329763234 -0.32888760359492153 -0.19470129790715873 -0.044189377687871456 -0.09475668636150658 -0.31054786941967905 0.4101876827189699 0.06091298128012568 0.2019047592766583 -0.29174776072613895 0.1582647506147623 4003.753938963789 1971725.5462983022 1313942.6390591792 -0.11697219719644636 228579.59342622984 10482.33530589424 540629.6804021483 1102709.7527198058 2866628.5243713725 3480623.1212883205 1822018.5331484224 1590605.5408247132 912372.0128365412 110818.93151005008 -0.346009322674945 2265.0729018847824 759278.6524459233 94848.10994154861
-9999.0 -9999.0 -9999.0 -9999.0 -9999.0 -9999.0 -9999.0 -9999.0 -9999.0 -9999.0 -9999.0 -9999.0 -9999.0 -9999.0 -9999.0 -9999.0 -9999.0 -9999.0 -9999.0 -9999.0 -9999.0 -9999.0 -9999.0 0.0 -0.3910513245500624 -0.1839303121669218 -0.21670465741772205 -0.4993296016473323 0.3939510107738897 36620.20292353721 0.27023337490390986 0.08318991004489362 -0.5087899438804016 -0.4338678338099271 0.0 0.0 0.05679400614462793 0.272796553443186 -0.38726804591715336 -0.3360902777640149 -0.1416311573702842 -0.23782300972379744 0.009949050610885024 8331.501300331933 10877.97836042958 1162118.0830693352 218797.5455518642 460563.862611934 929873.6530561867 1401685.607040548 1400351.8777938515 18857038.754307825 3782557.0298582027 5056243.746287489 1223029.8641367333 683293.5662563473 1994271.117972886 0.3534849912393838 117717.36738161277 315149.74973732245 1496939.354557429
-9999.0 -9999.0 -9999.0 -9999.0 -9999.0 -9999.0 -9999.0 -9999.0 -9999.0 -9999.0 -9999.0 -9999.0 -9999.0 -9999.0 -9999.0 -9999.0 -9999.0 -9999.0 -9999.0 -9999.0 -9999.0 -9999.0 -9999.0 0.0 0.45538415742339566 -0.19561695627635345 0.0889278455870226 0.06289685296360403 0.4585580719867721 -0.3199775945395231 0.34179581911303103 -0.27240110596176237 -0.4729924025014043 -0.3753972315462306 0.0 0.0 0.0 -0.002612220254377462 0.31720024964306504 -0.42913785006385297 0.4786080098710954 -0.4348131720907986 0.3682851013727486 1980377.5144369055 801170.4446953121 347514.15596454183 915175.9557909021 829035.9036029129 1705331.06581439 3848900.160718197 4424768.312298084 1179401.5514089298 3687586.19910806 2672794.6231601764 90849.23574434905 0.0 2897915.7445166083 14334935.68368838 204560.05952596822 1044307.3885040575 452815.05011123687
-9999.0 -9999.0 -9999.0 -9999.0 -9999.0 -9999.0 -9999.0 -9999.0 -9999.0 -9999.0 -9999.0 -9999.0 -9999.0 -9999.0 -9999.0 -9999.0 -9999.0 -9999.0 -9999.0 -9999.0 -9999.0 -9999.0 -9999.0 0.0001068357341864612 0.30029235043912195 -0.44683929422171786 0.21365189866628498 -0.043183753499761224 0.09783799992874265 0.31427085294853896 0.2512502911267802 -0.10296717879828066 -0.08511246729176491 -0.5548404835863039 0.0009825811575865373 0.0 0.0009825811575865373 -0.34237722284160554 0.20565769844688475 0.20751874474808574 2.959898843895644 2635.746462933399 2174.2553577738295 0.4642634706106037 765788.3609689181 1254808.3187380633 416599.14359540143 1538835.1891908955 4468075.296529516 4272274.584355276 1689737.047306618 2560947.277482048 2013781.5014690796 4434749.176733412 168840.1020217075 1220445.79042823 1493651.162737303 2383008.279397456 296113.91351537756 933896.6967882754 -9999.0
-9999.0 -9999.0 -9999.0 -9999.0 -9999.0 -9999.0 -9999.0 -9999.0 -9999.0 -9999.0 -9999.0 -9999.0 -9999.0 -9999.0 -9999.0 -9999.0 -9999.0 -9999.0 -9999.0 -9999.0 -9999.0 -9999.0 -9999.0 -9999.0 0.012071237710188143 0.4393925738404505 -0.28005919861607254 0.16864094010088593 0.10254013328813016 0.3091447262559086 0.060852203983813524 0.302368184318766 0.4155567039269954 -0.41833342402242124 -0.012756575946696103 0.048217785282758996 -0.4642029411625117 -0.014312601066194475 -0.4588007563725114 4.07669021631591 1.6258236933499575 2.6281734500080347 1042.503166924988 1636.8910300703756 1273.2567030160592 1812353.8251146288 5751290.581645203 5070203.596050168 4893991.664522095 4693117.880925883 4401202.522772651 21085902.398132656 17955773.279020056 24472069.943471912 24670580.591299843 1224559.9028766435 1546732.883769206 1652865.9221205246 381498.66540036915 174183.69152795512 -9999.0
-9999.0 -9999.0 -9999.0 -9999.0 -9999.0 -9999.0 -9999.0 -9999.0 -9999.0 -9999.0 -9999.0 -9999.0 -9999.0 -9999.0 -9999.0 -9999.0 -9999.0 -9999.0 -9999.0 -9999.0 -9999.0 -9999.0 -9999.0 -9999.0 0.026412692095618695 0.10388193765538745 0.3326109509798698 -0.09170426183845848 0.514649236574769 0.2479250319302082 -0.21926846727728844 -0.34002623916603625 0.35528727911878377 -0.06591641646809876 0.5859368061646819 0.9431453768629581 0.2454219136852771 -2.1087662097997963 1.5380842834711075 2.185057499911636 2.230529340915382 -2.108307308051735 152102.97570513425 15417.121991022266 50238.015259439075 194847.0993015209 6037120.987269533 4835599.147696227 5994622.471810836 7103352.531967855 23125510.036515925 21630648.183555033 20436309.173525166 26072145.338382404 18250607.677021034 1029970.039478615 1678003.420362853 717380.8707291366 149404.9927727676 117649.88105008446 -9999.0
-9999.0 -9999.0 -9999.0 -9999.0 -9999.0 -9999.0 -9999.0 -9999.0 -9999.0 -9999.0 -9999.0 -9999.0 -9999.0 -9999.0 -9999.0 -9999.0 -9999.0 -9999.0 -9999.0 -9999.0 -9999.0 -9999.0 -9999.0 -9999.0 -0.31614428252214566 0.4627686574822292 0.4868156163720414 -0.2615365751553327 -0.10482791159301996 -0.4215384767157957 0.03692605427931994 -0.36404422228224576 0.498749012243934 -0.15972983185201883 -2.6141349996905774 3.8836665886919945 -1.3626095606014132 -2.8630069529172033 -2.7142336387187243 617.363993574954 996.905580945401 22018.55363242543 29325.171138191985 29575.664221998013 6933.762962875266 117047.50750101183 200317.85733652094 7801754.952856994 27013808.40765489 22542839.46331901 25396713.653186522 19966443.9435726 13844758.289392447 5084499.212035652 2337125.447399907 1368306.0136672193 4020088.867402731 1642982.9787421527 851080.933043652 358368.12485037424 -9999.0
-9999.0 -9999.0 -9999.0 -9999.0 -9999.0 -9999.0 -9999.0 -9999.0 -9999.0 -9999.0 -9999.0 -9999.0 -9999.0 -9999.0 -9999.0 -9999.0 -9999.0 -9999.0 -9999.0 -9999.0 -9999.0 -9999.0 -9999.0 -9999.0 -9999.0 0.18869019256089814 0.30044466810068116 0.24090541747864336 0.3698735083453357 0.16082721226848662 -0.14053335576318204 0.504302874323912 -0.34478672430850565 0.2834786103339866 3.2247903819661587 2.4720745030790567 0.821684172609821 2.173765191109851 0.821684172609821 -2.6208492203149945 12266.397600907354 14107.741608926053 5195.852319249754 1230988.266959102 67336.46269195211 35261.81416305692 233355.89941238277 6897450.5686847465 25474612.06080375 24128029.60710788 15080358.013298597 26983338.94743911 26494700.370469846 1549938.3791723493 19682635.2024824 1208499.0846352386 741240.8682559883 897119.5879710792 1156192.535276081 205827.50938609027 -9999.0
-9999.0 -9999.0 -9999.0 -9999.0 -9999.0 -9999.0 -9999.0 -9999.0 -9999.0 -9999.0 -9999.0 -9999.0 -9999.0 -9999.0 -9999.0 -9999.0 -9999.0 -9999.0 -9999.0 -9999.0 -9999.0 -9999.0 -9999.0 -9999.0 -9999.0 -0.030743656403501518 0.028425677795894444 4208.075216973389 50595.84329348238 0.19631854339968413 0.35488780215382576 0.03472917864564806 -0.4647512149531394 4510.952527943475 36973.12978098182 -3.261109530227259 310410.7633221192 103714.84251770587 4.084473527269438 653.4681113570037 9821.190911721707 19510.885979776624 198351.20242752944 329277.3619884522 216789.54235109294 74028.0835332107 403098.5094475898 6292444.514988976 6493621.592931556 22490408.764741596 17548158.84164501 22203683.935279805 21275852.722454857 1054520.61208702 11280937.023914095 1817972.120377633 801938.665901731 1146106.9800653865 3471033.1255848315 72.25645363992544 -9999.0
-9999.0 -9999.0 -9999.0 -9999.0 -9999.0 -9999.0 -9999.0 -9999.0 -9999.0 -9999.0 -9999.0 -9999.0 -9999.0 -9999.0 -9999.0 -9999.0 -9999.0 -9999.0 -9999.0 -9999.0 -9999.0 -9999.0 -9999.0 -9999.0 -9999.0 -9999.0 4177.304183152072 14441.985405887295 1.2673944691196084 86306.00942344857 19817.902136011202 5933.67303069468 27313.8983708525 1445.928542307866 293731.8562670699 835311.6501113632 434327.5308630445 432066.6453949783 170618.83717374213 3.3116139895282686 627.4815485173406 5851.796421797434 245074.81248468062 183420.3150672582 38186.01147592392 46565.86366059985 95307.32498653079 2929688.417991401 6677487.23988327 8437891.652777236 1808062.6288652269 82478.7274277079 3470083.8581256024 2898179.0958167845 3402496.2626444204 1015226.018935898 2463649.786233892 3809125.220597766 554358.0297747927 -9999.0 -9999.0
-9999.0 -9999.0 -9999.0 -9999.0 -9999.0 -9999.0 -9999.0 -9999.0 -9999.0 -9999.0 -9999.0 -9999.0 -9999.0 -9999.0 -9999.0 -9999.0 -9999.0 -9999.0 -9999.0 -9999.0 -9999.0 -9999.0 -9999.0 -9999.0 -9999.0 -9999.0 -9999.0 0.215685733652208 0.0 1.3270557273644954 0.0 0.0 2812.1914754561008 0.0 0.0 0.0 2338.6140791154858 -2.041016806382686 120903.77268228799 18001.325327570565 180990.4486876499 389830.3485764548 40989.86997949203 351191.91647829354 180959.31170600292 113936.42447910429 67660.55248881264 2243545.1379851894 6166573.604059833 6325832.135007171 211548.35714165244 256772.79203337332 151666.89208540882 3204315.8553975867 657450.800543833 1343343.9805468724 16687195.924660278 924810.5869298908 -9999.0 -9999.0 -9999.0
-9999.0 -9999.0 -9999.0 -9999.0 -9999.0 -9999.0 -9999.0 -9999.0 -9999.0 -9999.0 -9999.0 -9999.0 -9999.0 -9999.0 -9999.0 -9999.0 -9999.0 -9999.0 -9999.0 -9999.0 -9999.0 -9999.0 -9999.0 -9999.0 -9999.0 -9999.0 -9999.0 -9999.0 -1.3631435309071094 751.1778904119675 3.053282065782696 -0.29998915595933795 1.902464505052194 0.0 0.0 0.0 1.902464505052194 -4.249574039364234 596.7178249293779 268111.4641087292 58642.937137866546 1025.7413784683508 415726.50683926145 410020.0166888377 16630.977849071893 111766.48640680057 24446.962385715557 2119729.857824691 1793278.907240525 672293.5038407481 178638.49520440405 236513.4740394789 651282.4187022396 1541972.5955456027 645437.1059315664 1900141.6334605122 863454.0293291499 -9999.0 -9999.0 -9999.0 -9999.0
-9999.0 -9999.0 -9999.0 -9999.0 -9999.0 -9999.0 -9999.0 -9999.0 -9999.0 -9999.0 -9999.0 -9999.0 -9999.0 -9999.0 -9999.0 -9999.0 -9999.0 -9999.0 -9999.0 -9999.0 -9999.0 -9999.0 -9999.0 -9999.0 -9999.0 -9999.0 -9999.0 -9999.0 -0.3085611097048968 9396.764108160647 47056.82511161096 -4.990691497456282 -0.5921940680127591 -0.688781161326915 -3.890685717575252 -0.5921940680127591 -2.2897334394510835 2.1087639902252704 -2.2897334394510835 -0.7421873470302671 21097.158465303444 12181.524511772552 1697.8624766530315 22378.4453441519 43155.148737160685 69539.31849228243 154056.31004228396 589226.2864980794 2444404.198274367 897876.3075947944 359327.31311354437 813650.8531906564 3470380.772817103 937804.4896029308 975034.8910971275 2455429.436574934 -9999.0 -9999.0 -9999.0 -9999.0 -9999.0
-9999.0 -9999.0 -9999.0 -9999.0 -9999.0 -9999.0 -9999.0 -9999.0 -9999.0 -9999.0 -9999.0 -9999.0 -9999.0 -9999.0 -9999.0 -9999.0 -9999.0 -9999.0 -9999.0 -9999.0 -9999.0 -9999.0 -9999.0 -9999.0 -9999.0 -9999.0 -9999.0 -9999.0 -9999.0 -3.014051019679755 48812.69853369535 12732.855793213374 -0.11520467745140195 -4.717104548588395 729.1547872282018 7097.847318371835 15895.831708998185 7013.249713737723 21765.688745635194 9310.870724987224 123657.06185221497 3190.862455148766 3183.8153505784776 40577.9062630159 131953.390772526 90224.82127470034 216086.60929214646 504311.1623847921 797882.1821419685 319800.6214161451 1395458.7529204076 0.0 12741532.507838665 880437.9094403613 2460871.687958748 353717.3381380513 -9999.0 -9999.0 -9999.0 -9999.0 -9999.0
-9999.0 -9999.0 -9999.0 -9999.0 -9999.0 -9999.0 -9999.0 -9999.0 -9999.0 -9999.0 -9999.0 -9999.0 -9999.0 -9999.0 -9999.0 -9999.0 -9999.0 -9999.0 -9999.0 -9999.0 -9999.0 -9999.0 -9999.0 -9999.0 -9999.0 -9999.0 -9999.0 -9999.0 -9999.0 5019.443395708982 386197.5402362507 853.4096625318167 202772.65807839532 40261.22546428785 177138.52140805952 52721.31624518866 14168.801668991275 2374.455127473002 11732.216146051822 30187.535446517693 5781.245451836164 3193.2190169582746 12083.314641348421 47734.43383298061 101292.89361328335 19977.383222099295 130789.84280838587 439441.31920740067 411362.20931444154 2243029.6158103067 14690.951691149216 597936.7447901142 275932.5554401862 728061.6786464103 506629.7225858818 -9999.0 -9999.0 -9999.0 -9999.0 -9999.0 -9999.0
