critload/trunk/output/2010/n_in_agri.asc
ncols 720
nrows 360
xllcorner -180.0
yllcorner -90.0
cellsize 0.5
NODATA_value -9999.0
[rows 54 to 80 of 360, columns 488 to 548 of 720]
0.0 63848.347878985274 192410.65536383144 118887.39716355383 0.0 0.0 0.0 0.0 0.0 0.0 0.0 0.0 0.0 -0.050141955691287876 0.0 0.0 0.0 0.0 113582.06448740093 269839.35350918304 0.0 -0.0009185759045067243 -0.04981386008148547 0.04939876504795393 0.0 0.0 0.05055837662075646 0.0 0.0 0.0 0.0 0.0 0.0 0.0 0.0 0.0 0.0 0.0 0.0 0.0 0.0 0.0 0.0 0.0 0.0 0.0 0.0 0.0 0.0 -0.04981375582065084 0.0 0.0 0.0 0.0 0.0 0.0 0.0 0.0 0.0 0.0 0.0
0.0 0.0 45718.92961296899 62012.43641952451 0.0 0.0 0.0 0.0 0.0 0.0 0.0 0.0 0.0 0.0 0.0 -0.050068736674802494 -0.0003143510675727157 8.148261531459866e-05 58517.659811239544 145362.45553704526 0.0003021651828021277 0.0004028396597277606 0.0 -0.00012816142952942755 0.0 0.0 497.1289369534413 -0.00026085361787409056 0.0 0.0 0.0 0.0 0.0 0.0 0.0 0.0 0.0 0.0 0.049456839598860824 -0.00011278313468210399 0.04969780962346704 -0.0004699274322774727 0.0 0.0 0.0 0.0 0.0 0.0 0.0 0.0 0.0 0.0 0.0 0.0 0.0 0.0 0.0 0.0 0.0 0.0 0.0
0.0 0.0 0.0 0.0 0.0 0.0 0.0 0.0 0.0 0.0 0.0 0.0 0.0 0.0 0.0 0.00010677415957616176 0.04972536559944274 -0.00036322880623629317 -3.578143287086277e-05 0.0 0.0 0.0 0.0 0.0 0.0 0.0 0.0 0.0 0.0 0.0 0.0 0.0 0.0 0.0 0.0 0.0 0.0 0.0 0.0 0.0 0.0 0.0 0.0 0.0 0.0 0.0 0.0 0.0 0.0 0.0 0.0 0.0 0.0 0.0 0.0 0.0 0.0 0.0 0.0 0.0 0.0
0.0 0.0 0.0 0.0 0.0 0.0 68817.50171156 0.0 0.0 58320.508821710806 23048.41686228988 0.0 0.0 0.0 0.0 0.0 0.0 99317.750208533 109130.29979407764 0.0 0.0 0.0 0.0 59417.68354841818 106812.56960926762 3.146948074555324 0.0 0.0 0.0 0.0 0.0 0.0 0.0 0.0 0.0 0.0 0.0 0.0 0.0 0.0 0.0 0.0 0.0 0.0 0.0 0.0 0.0 0.0 0.0 0.0 0.0 0.0 0.0 0.0 0.0 0.0 0.0 0.0 0.0 0.0 0.0
0.0 0.00041043691453523934 0.0 0.0 0.0 0.0 0.0 0.0 0.0 0.0 0.0 0.0 0.0 0.0 0.0 0.0 0.0 54334.826945427725 0.0 0.0 0.0 0.0 0.0 0.0 132.59127702916138 96674.59818552792 0.0 52982.277401113744 0.0 0.0 0.0 0.0 0.0 0.0 0.0 0.0 0.0 0.0 0.0 0.0 0.0 0.0 0.0 0.0 0.0 0.0 0.0 0.0 0.0 0.0 0.0 0.0 0.0 0.0 0.0 0.0 0.0 0.0 0.0 0.0 0.0
-0.04971313503483543 -0.02912599785850034 0.0 0.0 0.0 0.0 0.0 0.0 0.0 0.0 0.0 0.0 0.0 0.0 0.0 0.0 0.0 0.0 0.0 0.0 0.0 0.0 0.0 0.0 0.0 0.0 0.0 0.0 -0.04927670345568913 -0.05019833966071019 0.0 0.0 0.0 0.0 0.0 0.0 0.0 0.0 0.0 0.0 0.0 0.0 0.0 0.0 0.0 0.0 0.0 -0.04927668245363748 -0.0008605814437032677 0.0013734207459492609 -0.04927668245363748 0.00035089866287307814 0.0 0.0 0.0 0.0 0.0 0.0 0.0 0.0 0.0
0.0 -0.0004150506356381811 1803.8981267170416 1302.6151416980313 0.004835654025555414 0.0 1389.2183194219838 0.0 0.0 0.0 0.0 0.0 0.0 0.0 0.0 0.0 0.0 0.0 0.0 0.0 0.0 0.0 0.0 0.0 0.0 0.0 0.0 0.0 0.0 -0.049151654820889235 -0.00018001934950007126 -0.00011282142077106982 0.049645979786873795 0.051052788068773225 -0.049151643597724615 0.0 0.0 0.0 0.0 0.0 0.0 0.0 0.0 0.0 0.0 0.0 0.0 0.0 0.0 0.0 0.0 0.0 0.0 0.0 0.0 0.0 0.0 0.0 0.0 0.0 0.0
0.0006379059486789629 0.05126345721510006 0.0013611149624921381 44693.960428135484 155645.16720888886 56872.77799158751 2149.285426634732 0.0 0.0 2280.7468850852747 0.0 0.0 0.0 0.0 0.0 0.0 0.0 0.0 0.0 0.0 0.0 0.0 0.0 0.0 0.0 0.0 0.0 0.0 0.0 0.0 0.0 -2.128452979377471e-05 0.050112951208575396 -0.04893177600024501 0.049960293883486884 0.0 0.0 0.0 0.0 0.0 0.0 0.0 0.0 0.0 0.0 0.0 0.0 0.0 0.0 0.0 0.0 0.0 0.0 0.0 0.0 0.0 0.0 0.0 0.0 0.0 0.0
-0.05138855396944564 3561.532788218421 58870.834855468296 115681.85076986946 42557.65143508422 6494.1921922324655 -0.05087269644718617 -2.1445310267154127e-05 1792.4590755093625 0.0 148.48912878666724 0.0 0.0 0.0 0.0 0.0 0.0 0.0 0.0 0.0 0.0 0.0 0.0 0.0 0.0 0.0 0.0 0.0 0.0 0.0 0.0 0.0 0.0 -0.00075985349030816 0.04882802028441802 -0.0005675892898580059 0.0003936513385269791 0.049581912826397456 0.0 0.0 0.0 0.0 0.0 0.0 0.0 0.0 0.0 0.0 0.0 0.0 0.0 0.0 0.0 0.0 0.0 0.0 0.0 0.0 0.0 0.0 0.0
0.00205980096507119 4719.448676681137 15227.035301198257 2049.4689100264427 96187.91006366703 70768.65278918388 65161.07296701841 1135.6456343361147 6269.627050204525 8220.154340266767 -0.00034468938974896446 -0.0006592645258933771 0.0 0.0 0.0 0.0 0.0 1870.1087498000804 0.0 0.0 0.0 0.0 0.0 0.0 0.0 0.0 0.0 0.0 2543.72087003834 0.0 0.0 0.0 0.0 0.0 0.0 0.0 -0.04973149278521305 0.03216583631001413 -0.0013183650589780882 0.0 0.0 0.0 2139.2287824621912 0.0 0.0 0.0 0.0 0.0 0.0 0.0 -0.0006592645258933771 0.0 0.0 0.0 0.0 0.0 298505.2777962084 65251.088021061674 0.0 0.0 0.0
563009.5013915543 60561.52037338554 8672.113837308449 220709.6867375815 87144.41316118286 33413.22015794247 58001.00787315647 64739.425654658044 34990.53087312381 180749.61476024485 63163.455372043856 10474.527084564425 5953.431874505362 25483.204077235612 8047.27410143761 21185.90045381993 5760.397967650734 20731.099724423308 0.0 0.0 0.0 0.0 0.0 -5.191708623897284e-05 0.0 0.0 0.0 0.0 6080.253325569402 0.0 0.0 0.0 0.0 0.0 0.0 0.0 8297.927440713242 1182.3853990261946 18528.833281982905 46466.486283428836 12647.694971882534 1691.0761769596884 0.0 0.0 0.0 0.0 0.0 0.0 0.0 0.0 0.0 0.0 0.0 0.0 0.0 0.0 20912.46301141024 7198.804092219679 8221.531615670972 0.0 0.0
301281.8536819202 384891.3152917122 326975.07080825255 4620828.653499195 76556.27826840623 150690.41813713443 23964.830345317594 45412.70308185168 96196.27532192608 155897.54602999284 126927.23785559316 181605.6774207795 53329.850434075626 95615.8334192905 106355.1912560918 130585.88796305211 73942.31180590185 42137.42797432892 22851.663065749814 73949.12754768052 31798.191380349985 41051.51328681442 21332.647049937998 15248.97261765333 0.0 5019.368063347155 0.0 0.0 0.0 0.0 0.0 0.0007294162242033053 0.0 0.0 0.0 26596.975073399968 5694.06479698808 0.0 0.0 129620.04764813907 143176.92323400205 0.0 0.0 28104.251451607845 113913.83451956378 24269.580743969073 4743.2103063187515 0.049868817965034395 0.0 0.0 0.0 0.0 0.049639972148725064 81545.55500988831 0.0 0.0 0.0 13437.195746578254 18636.061895169303 0.0 0.0
3952473.16888789 634107.379928936 4541203.367812898 5789277.4425025415 800568.4481824568 4903052.275030585 717795.6212866018 3920262.0260299975 735545.2395280706 673451.5222194702 4227419.761737017 508612.14020430064 4976703.840677532 5368352.091480137 193852.72071663412 287114.1987353878 226658.6309352119 309641.51115914923 218096.75819887064 344294.76629992796 4015579.552599534 100061.75303391986 70633.33232896046 69761.42417453708 157133.1015944134 127516.72546548423 50499.23882848938 7694.638681131452 18243.840927805602 6248.5524236602205 360.0378056472835 14323.90082355507 35983.79085756312 0.0 0.0 0.0 0.0 0.0 0.0 429450.6071743455 43643.11049275972 395275.67059063574 37999.38542146614 113596.85636103692 377140.0760843806 346784.0336631454 31344.65868663037 0.0 0.0 0.0 23932.065405323294 0.0 99942.54646957171 200315.05804875755 0.0 0.0 0.0 22498.97771703948 160842.68016576534 67355.2282370675 0.0
4039795.783452534 3751819.8790144613 3868469.6290433533 4031782.379215349 1475031.3974179886 5106002.60195306 4112302.798929662 3961315.7818732527 3241460.4683427513 3323257.480144595 3972733.2213585544 4770445.8070840975 6048379.487550507 6186187.308139911 3238800.544813237 2866653.9415378687 732767.0314766839 3511016.8777462 660987.3655524642 3556615.1351003745 3536222.669599226 4375849.532219063 385494.09682027274 513697.16424810304 326126.3760605172 621911.6292057871 340510.1799785473 129325.71817856639 504999.3711314334 58464.91682501418 23746.884633945447 97211.79816781831 157498.2753946034 14603.676505876943 138280.2467558336 101642.91297390265 27803.816970804994 23700.541956723388 360907.4510239506 5275247.313548982 110212.92866905089 311112.95353163447 4777669.1744092535 241857.49078830893 502680.8597201593 167939.60384387328 187465.43054638722 628766.3563754014 213633.64539108513 116652.21462486715 334432.4556679301 488359.1484393042 3231232.6021113475 313318.865639443 8643.907445047536 0.0 11096.501779352286 301770.00353157066 4226821.362270496 127350.99559714492 0.0
4100045.6018867814 3712007.3108219537 4668734.6296367245 3803711.9594980557 4020112.7168579074 3948285.1544233137 4308328.435885512 4461712.426826767 3540034.73808302 436820.6508149567 4805031.656640465 4026280.7978470293 4357438.137035026 3655489.6639108597 3698425.963316176 922462.9342096638 850923.2927275236 3604191.2697457857 3122743.665602718 2032640.0772706717 3518333.317014703 4896570.72034087 3154692.4767638533 861989.7257499761 774737.9472883668 1090147.6183031101 702922.724938368 606590.6883996314 434159.29500893364 257029.34295126025 217000.77972211438 398210.2665475226 107018.39416026595 77300.15001858491 200892.0597810953 74651.2221109056 52084.73990971658 452345.06832354877 4755309.620813461 4681460.32319636 4070176.4484395664 5634937.061916201 5801758.744170561 581093.5315948859 102889.36430916187 0.0 56333.097092896955 168597.61219859408 254597.2834744252 351381.56043372763 555539.3079270732 524926.0973737269 724723.8773713465 366210.90152263874 207459.5518405778 24252.052677626943 -0.0002929140446212841 96771.23195643278 98821.48778185768 191293.702575336 245636.89289233065
4819401.742298031 4803049.894058961 4871649.559210982 546794.1332410275 2684179.691894532 727072.1451458614 1064017.0555559834 582982.7200268051 5338117.251424177 461307.48757513554 3547263.997228674 2958294.4650929226 3170754.569182288 433533.3884488904 1082050.0562577634 3435418.935404782 1103086.6033092905 4540940.791389403 4962976.259804661 3857665.856752617 2468972.0419953964 2048933.6511418053 2875312.7048944146 1066119.6058979211 34749.608992055815 62258.63666191179 381989.7001388876 742.2738028795384 335300.9587889322 600057.9025389674 450484.2383574146 511184.9640319793 687635.7837026747 594224.1411485929 468802.40092674247 638610.4078828897 2678806.9615578474 5315417.9707778245 5900090.201136962 5037465.9221151285 4758064.197322326 4113570.254807854 3437045.077715197 5065482.1345902 4365043.711544775 159720.23610620614 0.0 -0.001861453871242702 0.0 4398.474910464635 89661.24520822632 453409.28685689275 367868.5422693046 3209582.5293829152 378205.94739207166 245785.56887719416 9381.979332582634 0.00018613983411341906 0.0 12178.330387402697 45723.535319001436
4999347.132403987 5626075.599567402 5303137.628640396 4629886.574148803 3077912.289942556 3579110.475590745 709785.2992247056 452223.71229396097 119832.55508289573 5176844.341187315 5007489.776917162 5203836.239484953 5140453.741394351 -0.3653550000162795 4089656.9395535784 3451011.0931294486 3827770.9255499328 4812059.776502585 4843240.473172875 5075035.779588744 4584786.481421271 3493213.2305412027 3260785.6824698104 845470.1046551308 1450801.6374430028 1315463.4839656365 2658235.3142545708 716315.8279546523 1196032.3380552705 611020.4772288143 1292233.2833090175 3156989.6314220913 2801158.2950697746 1012999.8419929751 3669330.646577671 1046879.5341437781 4304479.344412723 3920816.2068602294 5578263.472012494 687165.4165164095 423750.7231336213 903648.9512274852 3111506.1847816287 3361279.077347541 4000340.0016959943 3899378.2000781954 23389.57673294882 0.04970090851929854 0.04970090851929854 -0.00026248804351780564 22828.031282278043 145718.97284983206 486746.74913698045 1092196.8305594346 221980.83796716452 27410.644511015715 53032.448532023474 0.0 0.0 0.0 0.04970090851929854
5073974.351619549 5271717.844035311 5080109.37474471 5184272.81886187 5272403.8849672815 5336830.192278223 5304568.337409247 5296138.013903127 5161639.981707932 5259562.788801573 5277712.8230504645 5171710.441183779 1282884.6053280379 5320224.508938683 4231301.81639936 5763038.091075188 5859591.539487967 5579266.310837463 5151594.774624405 5285356.745508453 4926747.283342388 5194948.754142698 6103165.837811394 210757.8628656754 4336875.270983012 4449315.809940201 275432.28453693696 221806.42051071906 3206244.6828990434 1691741.8789369327 2873898.0251574526 2907232.7473363774 3185555.687365037 3435509.655220826 3515551.668378208 996716.1135233387 3840720.863797742 3925030.897916821 4205200.000341675 4365244.160265586 626574.2128908844 108733.07064183845 58992.44167397667 551895.0890418777 3319436.1016712664 4427218.07285698 264314.4879892584 13410.964627559191 0.000912491563212825 0.000912491563212825 -0.04978325935371686 34799.82196460418 204097.48025149567 391152.627178949 654728.5385580888 3535825.2121822936 1352011.9526629453 317279.2660540411 0.0 0.0 0.0
5330511.149039453 5398670.170617763 5405987.768140987 5397127.849074582 5302083.765270039 5508476.96788232 5082529.6749597965 35159.46292394856 5392348.760468324 28365.908858292518 5392140.273536616 5390474.729212603 5397898.20244101 5120357.900121447 52231.765097336625 5326989.931924484 5278505.0295619 5288701.874128731 4689035.827929458 387090.11054444785 503523.6181746939 168927.33636124493 272000.56079963525 19912.261936495794 6814.928609179112 57802.55566135534 86797.99238989117 100675.53004568143 202803.39292349052 219613.92152681685 261003.83446429594 2830127.4230917455 3186903.564838697 3320091.909081429 4482970.204687527 3719922.711253948 4750500.326759851 171895.54327621707 4046912.781292529 4044332.8448124975 3240796.5638386724 3589345.5955695165 2888714.999261923 741902.1028268081 22290.076610021984 3680708.3706715577 4932056.995773201 41582.29389042406 77323.93544151208 -0.050155591146904044 -0.000827099025627831 2785.4593353047007 151787.8292073435 330496.9137881114 911609.0266710998 4937448.954492419 1111922.1337972363 1004200.4231594845 17853.36120522128 0.0 0.0
30700.311089064475 27291.616885811174 24551.401160486632 35225.57294119055 30261.742275930785 55169.660365279306 31922.566815672428 5442299.326103829 5175712.833182897 5439108.000730347 24416.030232004727 5495555.017613703 5276408.251943699 5459374.623940298 5372473.400578294 18899.718319761992 8547.606954730356 1257364.6494095079 17614.330368696366 15285.001345555012 23171.521216041045 24195.747136463884 93424.25183446365 327933.4794764354 95461.62211565464 6736.508660794356 5599.231667396631 4989.985937256417 111907.25884574681 319106.8258957743 171674.8664195867 4519064.444206298 2978600.2964338386 3305134.7332686414 3679058.1086570756 3728407.141741628 5323656.3289503455 5088047.052450862 5788298.9871195 5090958.647756161 1388176.22532609 3785395.0745099187 4146245.502356291 3826286.068207229 755873.8401322335 36154.15461969444 50210.48305453227 0.0 0.0 0.0 0.0 23248.33441929601 144424.67854151427 4911241.969560987 5913777.361050404 4721340.945268002 240287.8014634785 107422.6764782113 48373.498652782284 0.0 0.0
0.2834915727144107 0.3499140185303986 17002.176462099855 32485.04128677093 33167.84072216294 37078.392257063126 30539.083999861996 5524968.184503564 28531.715836451265 5487131.577850988 5406504.576103931 5343801.069277054 5289142.644974453 5446891.364973697 5399310.557188124 4215.981531187435 4516.005124789934 3959.7725261979754 1514.918526230757 5804.773805014514 2440.702147336044 -0.29570055194199085 -0.29820114141330123 0.052337211556732655 135265.891735262 202907.38437910334 -0.293885575956665 -0.1453246797900647 6882.5791929374745 73715.47757721657 118752.42881938058 143534.44782295864 338357.7924875015 3341011.5017974125 3524725.627569043 3770580.415458262 3016074.255850407 4658024.846665537 4763104.2811635 1334478.6306068366 32735.714909565882 3646885.900007875 4845291.768769913 5045233.6163511425 3834071.612684552 160626.97108228263 -0.0007690913880651351 247.38357753229477 0.0 0.0 0.0 127912.14355631563 133025.75118746876 39913.27552276758 -0.04981689371925313 0.0 0.0 0.0 0.0 0.0 0.0
-0.09084918804001063 0.01741073641460389 0.2213447381509468 -0.19731228379532695 17897.97418903707 27997.977716676138 28439.243513870846 33866.69371790835 35883.444833033325 5584791.457627203 33086.90163984456 34686.512364938695 5530283.813058896 5419804.611215049 5397651.63444272 5454455.846183507 31228.690850477236 25809.395366123554 14086.007101834348 -0.053696956718340516 0.34239175100810826 -0.05499352898914367 0.24823094508610666 -0.405228917254135 -0.5565194869413972 49541.71322981886 -0.4355176432291046 -0.15336553601082414 0.29847593663726 6819.278793110756 41960.07442332368 116717.15956151455 339097.63210415863 3992546.46070689 1637336.2771515446 3739978.7798226676 4045171.8590769693 4064193.9015149083 4364438.156212832 4971258.4302254105 4841311.926187894 4745891.515045384 5472529.727903794 4913121.786986026 569347.998522588 13806.321854108526 0.0 0.0 0.0 0.0 0.0 0.0 0.0 0.0 0.050274608674953924 -0.051092598791001365 -0.04941405198769644 0.0 0.0 356871.3870597533 131642.53152991543
-0.08613569126464427 0.19485530233941972 16906.67057864938 0.3939047974999994 10335.521851862792 -0.35540919355116785 -0.15588553017005324 0.24349781346973032 0.3782664145110175 38172.289160774984 -0.1544056220445782 17020.094743560905 90898.90404397165 5479193.03985915 19363.07846462928 12054.532397136772 8153.988254142649 7152.535567875906 4695.236478212253 0.4439833837095648 15574.628988068878 114017.1005151323 -0.35076816100627184 0.08939938468392938 0.2407853986369446 169977.2189612105 0.0450144752394408 -0.35626276244875044 -0.1051181205548346 0.4933310301275924 1618.1318252591395 23384.33340203127 49965.05439267338 93143.10681899844 3856641.881563532 3826014.2007890632 4509577.658124847 3155306.832079491 3058434.649254658 518802.7182956585 801033.2437606114 187987.35468699408 141005.2809209668 263428.39220008976 1707.3615293312337 0.0 0.0 0.0 0.0 0.0 0.04910578618364525 0.0 0.0 30610.075062119027 56638.152253355336 81381.74686136818 144948.34648873354 94506.41052401283 219613.541116631 70696.10652793155 207832.95997712263
0.2551102282013744 -0.44592470745556056 0.40409683622419834 -0.19554325169883668 0.12853984185494483 23095.041022084748 -0.1443473726976663 23338.15268041523 0.3044871793827042 0.15562200429849327 0.4526831987313926 3628.7521024781827 9867.730242835138 13667.643857393567 46680.30070331771 126623.56251264391 10962.013650680932 62788.26928289923 17959.050166263274 6401.307883902635 34700.418212105906 0.3046725031454116 0.006040000123903155 -0.44522330921608955 0.35736000002361834 0.15470732271205634 0.30236949888058007 -0.19938832405023277 -0.4457543039461598 0.20284889487084 -0.04637008090503514 14885.845008216258 16486.409893651136 42274.95592659246 5996815.773098666 4177244.0696401177 1805914.698798635 738394.6316321606 481152.5081425549 200544.3482521972 13504.93236164715 93723.95581710395 76467.48340718495 47407.216226928744 9650.065886543933 0.00048514536319999024 -0.04943856975296512 -0.0006012416488374583 0.0 0.0 0.0 0.0 46221.33397488366 201908.08088211695 467002.5128536099 78843.7031881051 165724.73183724892 250718.44810528026 281100.16669793543 192486.29979920867 590046.2352938725
-0.6029660875210539 -0.3041685069911182 -0.15367143135517836 0.19754085934255272 -0.25321942777372897 0.09609970892779529 0.447204815573059 26118.852714001114 0.29669182177167386 0.09584094083402306 39120.66406216103 -0.3509685331955552 -0.4513868448557332 5777.853188831629 200917.93447794177 16113.801894328823 73868.81319746739 154240.89014398016 176459.90339745185 3006.377300870654 2462.3845687819808 2813.340981656417 0.04974424035754055 471.4486045039988 -0.0038449999410659075 -0.00402858282905072 -0.20213070278987288 0.3963932729093358 -0.20114075357560068 0.3986818991834298 -0.053205000003799796 169568.0906781006 17495.728730274343 5186.728993594362 5247198.366107428 5044511.414256193 4815241.3055418115 0.29620422748848796 -0.00402858282905072 0.39579828234855086 28103.36645506815 59151.74468509472 26410.060338018506 80720.36898071044 66268.89156429646 14749.149104838378 0.0 28746.890599413073 14135.987248178584 0.0 0.0 0.0 48101.56512177602 47650.945214232415 14475.320241019692 59292.096646608814 5264986.378957369 149077.1600174509 95758.34029007753 68544.11694384943 92089.22969452121
-0.24842840316705406 -0.3498228403041139 -0.35206636716611683 0.2017363781342283 -0.3548123148502782 0.34487990173511207 0.34945570945274085 0.0006865551695227623 0.14956605806946754 -0.499679681728594 0.3979963291203603 0.39729390549473464 0.00047251093201339245 -0.4011398864677176 177901.60623199434 68368.11519097093 33817.081847255366 34331.62516299565 148429.93953570235 0.398040079860948 3979.1991632352247 0.34912303218152374 -0.44973807712085545 1334.3895841559302 654.2860590292446 0.14917024376336485 0.05099447711836547 0.05212308629415929 0.1990504285786301 -0.3981019393540919 -0.09979455277789384 6270.406634797688 34646.594686551616 57812.50776224819 37053.829717291104 85490.12987215821 112089.82684362508 0.2804250846384093 -0.37065237923525274 -0.024019464384764433 2668233.5282100034 40438.655316620825 50982.68320069655 286545.5158850166 58538.38198716833 0.0 6449.762818342827 8866.474967972083 0.0 0.0 0.0 0.0 -0.3839569495758042 189153.2147600149 344359.79181311314 117049.75757045226 61833.13516699676 0.034629052363015944 448.6006564524772 478.8364839339468 2967.5672195981383
0.39314355002716184 -0.21148552047088742 -0.10940601339098066 0.1903540575876832 -0.3109578531002626 0.08928031800314784 -0.060362769989296794 -0.40908757492434233 0.03897202748339623 -0.4101242538308725 0.13955817243549973 -0.11067118705250323 0.24118137697223574 0.14007720164954662 -0.05853127921000123 0.28932257927954197 52317.51963470228 192689.3896260208 160148.18319976266 0.03663772437721491 0.28766000003088266 0.4374217129079625 26625.00199898208 4096.787845346681 2432.6101899870264 225.82017625628538 1074389.3961623483 1064060.3336516868 88.42839931213939 17.41446088369002 -0.060225521214306355 47.23075949825238 4852818.672675036 126.39522429949506 4362172.855060751 3739996.1930823084 1360215.7984339276 5447299.206447182 0.0 672.1066479798259 92930.11820663512 492102.2042069669 9277.26464954282 10877.908670463008 113597.27328019355 253.03029656968155 12447.178926109165 0.0 0.0 0.0 0.35462895908858627 -0.46139577007852495 663500.9487270041 627863.094368322 -0.3557731850305572 5930.049022208021 48249.62829818563 -0.2860550000332296 7572.76396439083 -0.3497300000162795 235893.9441302028
