critload/trunk/output/2010/n_in_max.asc
ncols 720
nrows 360
xllcorner -180.0
yllcorner -90.0
cellsize 0.5
NODATA_value -9999.0
[rows 162 to 188 of 360, columns 372 to 433 of 720]
30656790.569305178 31505711.9297337 25994593.377367735 29016580.178185448 23501027.10832854 26097886.426698457 26765073.540461883 30919901.604600396 28737189.109157722 29275442.708738837 27577912.412428334 19244101.413337957 26381666.745043132 7850949.349999999 3996512.3625 6367073.962499999 2860615.30875 724708.4699999999 4106421.4 4199996.199999999 5649283.175 3925061.15 3223338.7624999997 42882242.707326576 38781164.365529 754275.5075 2179847.6945830677 6904457.303768615 2066380.3068987096 62314.189290532864 -9999.0 1998317.5087388644 -9999.0 -9999.0 -9999.0 -9999.0 29358366.041672006 -9999.0 -9999.0 863729.8811299972 27973677.762207847 985983.6046352055 3548584.791799529 4392352.872832929 3648581.334411929 29444677.30233398 37958685.00054542 2059415.88192326 20483.273795428708 -9999.0 328837.78796904185 5180813.332571027 2960376.2453160174 420039.19914409664 768153.3755150585 1460206.6292878606 377177.1823640318 32443515.47036142 49987185.6550671 35250944.56972598 51268353.24607828 57324917.58863447
4820254.1625 28684302.263923347 31455811.05563856 33593629.501807794 32702081.253573697 35703114.01831175 35080287.38558386 30298731.738830023 30042040.877631474 30446159.634178508 25784221.655784823 4551108.462499999 6314113.225 358009.26874999993 371832.81875 189065.99300000002 999238.85625 197308.432375 327570.875 1912003.7275 1398184.14625 207186.36694210593 4155040.125 41948187.747162074 49064677.97208601 32860354.12711294 622310.9163549138 -9999.0 -9999.0 -9999.0 -9999.0 -9999.0 -9999.0 -9999.0 -9999.0 -9999.0 -9999.0 24114465.86949879 -9999.0 382800.0600284845 -9999.0 24017758.357178897 671890.0836590292 3409848.7180981603 36523023.392850436 6284660.511802172 2987714.6851981017 30192802.39074668 3380127.2762478986 24509216.587887157 2708979.3690270167 5979345.65712832 6180116.566511145 1837678.030757286 6419483.08970183 46914984.285212584 -9999.0 54329200.16141895 5333694.153301855 8432603.723621028 9034490.456165893 41989269.8716126
35846422.32702897 30942521.312792357 8038387.409716528 37100859.41690846 10681071.058462027 33880043.643082626 34088502.1376379 32587377.988477655 28651301.61461206 21995508.77888929 1432645.5475 139506.794 546993.1475 90366.141375 21403.6700125 1248603.2925 309653.4275 586721.085 1101784.195 1553362.35625 31253975.65198416 32002369.473389905 775556.0592748757 793140.9568369044 -9999.0 1200652.2822543392 -9999.0 -9999.0 -9999.0 -9999.0 -9999.0 -9999.0 -9999.0 -9999.0 -9999.0 -9999.0 -9999.0 -9999.0 -9999.0 1200124.244028539 308222.7178415018 1322.928633215222 201462.73297052004 1564108.2799678 1859436.5547353406 3505817.209994698 2497742.077521521 2008729.9707013585 39845067.64763556 31231256.44786293 1201273.0826834918 1590855.9542772728 769358.705603526 97582.75266732623 -9999.0 -9999.0 34069.150940161635 441381.7579522699 509806.7963197654 48609021.5643703 7059885.696728007 13372001.512675976
34672844.62859392 34394345.864039235 7899331.774999999 36999152.71716457 11235621.9375 32918299.94629155 30879230.10617802 27360116.00571682 5839238.8375 1481169.7524999997 1679723.7812499998 1177299.7674999998 1095560.64375 168005.7555 1696063.92625 3674494.5374999996 2958919.0625 254109.635625 -9999.0 2195247.067032747 3722285.1267094994 630405.5726636624 967864.7374612838 1016790.1054063236 79278.26989072862 -9999.0 88193.24331668821 -9999.0 -9999.0 -9999.0 -9999.0 -9999.0 -9999.0 -9999.0 -9999.0 -9999.0 -9999.0 -9999.0 -9999.0 27099118.812670693 61418.480433260826 -9999.0 -9999.0 306559.849675669 621897.9429179836 1699848.1330778564 2381569.5167481913 345951.10319283744 89491.5374059761 28439688.24803046 4781899.900568851 1055787.5311554754 433723.27701217256 649537.4531667713 1302642.9595467267 1646269.0319273567 55614948.91818825 50339751.135972604 1580788.2138923362 7491493.752414372 5267274.263154055 2724928.2147614113
34515376.0031772 32686860.588451114 37441786.696205065 10634121.056207947 33615348.77265917 34252091.1999147 26541966.666030835 2308721.8960392866 217302.95687499997 963445.31375 6395487.774517676 2324258.6149999998 178953.53449999998 44748.72174999999 790946.31375 337725.8675 838782.2949999999 46331.04562499999 1602494.5552513828 2055932.712983597 1890807.7148535997 1993480.0297804903 1985831.310369038 1356053.4326070151 145595.42435848928 -9999.0 98049.91579379157 65370.99822477463 -9999.0 -9999.0 -9999.0 156794.20762343207 -9999.0 -9999.0 -9999.0 -9999.0 -9999.0 -9999.0 -9999.0 -9999.0 -9999.0 -9999.0 28571146.712593473 667310.6597856676 -9999.0 -9999.0 27443793.496518705 3355846.32072156 1235784.189298354 31167679.410466906 3290016.0320465127 136233.74592929034 415311.12064878934 730935.5236830079 29725867.393103156 25478994.15148081 284112.1863698628 -9999.0 369904.697821806 2180950.023288735 -9999.0 345662.8262811791
32568375.33213886 33805338.84741528 34242370.827681 36404521.181832254 28729508.774159364 22148429.283730283 2197139.506220458 1271143.35875 1354010.815 2904959.9575 547846.78125 79965.987625 -9999.0 235165.46462499996 178005.9715 493042.90374999994 812632.74625 123485.46205667316 888671.8553362628 1170949.036862621 408307.2663601491 -9999.0 245479.8790929178 -9999.0 -9999.0 -9999.0 51288.42721264078 -9999.0 -9999.0 -9999.0 95498.26980368263 -9999.0 -9999.0 -9999.0 -9999.0 -9999.0 -9999.0 -9999.0 -9999.0 -9999.0 -9999.0 -9999.0 -9999.0 217913.1611579047 -9999.0 -9999.0 16777.531596928333 846262.0303345476 2146292.7748757647 897994.0668087039 1656897.222875052 4231506.818066537 822104.6583325337 2618681.882014128 26877.019356160883 -9999.0 -9999.0 29784632.627286978 58407506.65832611 149051.17767118392 73449.96617770473 5769323.515469105
35057005.12054577 34433421.21005361 32489624.910690926 35186791.000118405 22952787.143298373 2245979.7950843065 1092414.9 709886.5524999999 39920316.0114293 2618794.75 332323.45875 -9999.0 -9999.0 45766.288624999994 599741.215 180736.122625 247125.49374999997 307404.8792746218 914146.9776864194 3085142.333468474 271760.00637076504 -9999.0 -9999.0 -9999.0 -9999.0 -9999.0 1378710.7323109885 37044.13956877987 85582.1272806445 156760.00178572885 -9999.0 -9999.0 -9999.0 -9999.0 -9999.0 -9999.0 -9999.0 -9999.0 -9999.0 -9999.0 -9999.0 -9999.0 29360582.04896475 466462.16422903433 -9999.0 716924.4725442649 216452.21042913437 864079.0055612341 1437586.959964331 419946.23134028475 969148.7744504486 437147.01520038774 317332.12649538903 32158403.779502448 -9999.0 -9999.0 -9999.0 32272137.626094323 61347052.0976487 -9999.0 -9999.0 3375400.0107181855
4443119.3625 9688477.225 34933070.14815769 34817757.98190795 31253237.023179095 1567163.6959408978 37489.88112499999 2107985.0399999996 35607802.042819515 1166175.945 545519.22625 126046.850625 663054.84625 119825.662375 409525.6225 167850.092875 1127440.4674999998 -9999.0 1189859.2515209748 -9999.0 -9999.0 -9999.0 46447.28285922244 -9999.0 -9999.0 -9999.0 83947.32823704934 343622.3940364539 456368.5699606394 -9999.0 503035.4076540368 179154.25632691756 -9999.0 -9999.0 -9999.0 -9999.0 -9999.0 19896502.944018845 84355.57414629453 16232.5989625 964519.5836204558 -9999.0 1852562.6162754272 839169.5450614514 263022.6717980788 -9999.0 1685033.1942802009 1000731.9904461942 1752530.151018755 1441526.4891032474 1612414.456159447 -9999.0 -9999.0 25232645.44331742 1849236.577035589 1851883.2911872906 475621.2378349632 29191288.54919441 -9999.0 52843583.38750643 13461.4057633944 2113204.540052266
1070311.98875 3248741.0124999997 30208385.676556557 33893829.1392755 26004476.71462087 1802268.96125 3614326.6499999994 5419954.024999999 263668.561375 776726.9612499999 4029948.8124999995 1581467.2875 1551510.355 848411.52 798185.955 1992440.2475 3720927.4874999993 665260.9939927809 -9999.0 841786.135325013 -9999.0 -9999.0 -9999.0 -9999.0 1141170.6634375125 -9999.0 -9999.0 160848.81925 108926.62024999999 1385688.166554904 1634820.5328919294 1390846.5824074808 727348.0936210859 1529790.90920198 853478.4378430746 301693.07125 -9999.0 -9999.0 -9999.0 -9999.0 -9999.0 -9999.0 39255.3375 1129615.2277913082 41265506.66573518 3340819.2121977867 36530163.83817256 32329572.25448241 1247304.3330918388 36437960.954736196 38758412.70184004 33661397.65506323 32533069.157880083 1089589.0925958946 2448967.6184790935 29840754.62677978 35976805.04440892 398350.4533599837 -9999.0 28873843.870084777 -9999.0 -9999.0
405328.34374999994 -9999.0 -9999.0 -9999.0 -9999.0 2953224.1156180752 31467388.017123803 42031832.57154641 711965.9924999999 2645744.7649999997 43784374.63894612 5299145.649999999 633481.90125 1238067.2662499999 601348.0549999999 127949.36099999999 1468669.4824999997 2513933.6712499997 4261312.193545032 1420998.7956077787 -9999.0 -9999.0 320925.2859608113 -9999.0 1367450.897384409 944411.34875 171417.632125 23363.57175 260422.39012499998 459754.14125 816348.56375 223533.59712499997 864487.9691705873 197628.3235 -9999.0 -9999.0 -9999.0 -9999.0 193812.37387499996 -9999.0 -9999.0 -9999.0 52203.10062499999 24085.734087499997 1298855.44125 462167.355 75912.851875 22945.675199999998 1628939.9086042456 3906541.960204321 38150220.97077434 1055370.1316904437 2689088.0087294774 33034150.161583807 34179518.697793044 28275226.50883094 147936.2281885235 -9999.0 -9999.0 -9999.0 -9999.0 -9999.0
-9999.0 -9999.0 -9999.0 -9999.0 -9999.0 382141.40625 -9999.0 2135974.775 40216265.614058554 3510236.5 5454365.212499999 6279288.512499999 1661109.2487499998 960656.97375 308403.99124999996 -9999.0 120034.787875 -9999.0 1314732.5819287314 407460.1385245003 694228.8597057686 -9999.0 -9999.0 708377.5038983392 1626757.408208164 116457.79662499999 1120570.045 1208999.4124999999 499750.87 575030.1425 -9999.0 -9999.0 314754.55375 669671.24625 81456.1545 417669.11124999996 -9999.0 152124.327875 24650.284325 222589.28325 345438.10875 204323.884 34072.983125 87155.7105 242967.49987499998 310193.96375 -9999.0 762238.8175 744997.7787499999 25596268.31768804 68011901.61846158 31700024.471492454 34988696.61274019 2421164.3222207376 68647089.85649598 54492122.9941251 2446502.015784494 -9999.0 -9999.0 -9999.0 -9999.0 -9999.0
-9999.0 -9999.0 -9999.0 -9999.0 -9999.0 203782.16625 -9999.0 760859.41625 2568799.5774999997 1094958.0787499999 2635799.48875 3517355.0374999996 1907227.51375 675599.4224999999 -9999.0 232489.07175 -9999.0 245241.00125 399722.12625 -9999.0 892330.7647714232 -9999.0 -9999.0 -9999.0 -9999.0 864639.4224999999 2151021.1774999998 2880290.2375 2657187.5925 803635.6237499999 219960.150375 -9999.0 78318.09049999999 108437.18387499999 -9999.0 324239.045 -9999.0 -9999.0 136391.76925 441242.99 211203.7585 351183.15249999997 282678.305625 547687.2787499999 -9999.0 16440.099899999997 -9999.0 773835.24 678152.5140269048 24775405.502261277 43632135.72144282 7890171.527265606 3983925.5937994295 30794463.114788476 6440081.354482051 4940195.902220344 52075325.2903618 -9999.0 -9999.0 147398.87544859693 -9999.0 -9999.0
-9999.0 -9999.0 -9999.0 -9999.0 -9999.0 -9999.0 -9999.0 970634.7412499998 2388845.3125 748843.56125 3101467.0374999996 1518676.47 793737.6074999999 1090834.6437499998 390725.00375000003 174021.658125 115777.25262499998 -9999.0 77966.889625 -9999.0 215664.44853773134 -9999.0 -9999.0 -9999.0 182423.00924999997 127102.2255 1287397.845 1193808.2762499999 1355413.84625 411797.05625 265931.42925 693915.62625 1687007.7287499998 876726.1675 229995.516 743060.1187499999 -9999.0 1179621.4149999998 -9999.0 446556.78625 185045.3485 -9999.0 728480.4087500001 2085359.315 22477.033225 115035.27062499999 -9999.0 34222.79218659631 1331973.0099237089 4604039.6625 34790576.45040752 5084410.047688816 40504268.73518977 36709976.59355676 8384836.582098231 2421262.546614382 4305211.881355242 1358479.6707247635 -9999.0 -9999.0 2929.235023950663 -9999.0
-9999.0 -9999.0 -9999.0 -9999.0 -9999.0 -9999.0 -9999.0 2585.0215725000003 2181155.335 1569330.3287499999 1736255.6025 128431.11762499998 22900.866812499997 70039.615375 -9999.0 -9999.0 890930.75125 21488.383562499996 474608.55 -9999.0 -9999.0 -9999.0 -9999.0 -9999.0 292728.44 154614.33912499997 595416.9249999999 300059.64749999996 1071218.79 621941.6 2134813.95125 2535596.47375 23337262.163064383 514422.14625 1053434.26125 -9999.0 -9999.0 -9999.0 -9999.0 -9999.0 -9999.0 -9999.0 76391.064 1183750.7575 227467.69674999997 -9999.0 -9999.0 73821.89224999999 740348.4544536263 23297935.0367003 41078314.57520766 -9999.0 31461229.26605214 57603108.558714926 47269829.87471904 71995815.98620841 57153244.6077238 51752092.52750118 1389537.5859241772 -9999.0 2931.2911134908627 -9999.0
-9999.0 -9999.0 -9999.0 -9999.0 -9999.0 -9999.0 -9999.0 480005.26123185013 775407.2117757573 596188.4907688887 531849.7236612043 129116.683 -9999.0 -9999.0 -9999.0 212991.95875 -9999.0 2133354.7987499996 -9999.0 405109.76625 110532.86949999999 -9999.0 -9999.0 -9999.0 333558.12625 716671.3162499999 652805.33375 332344.135 258594.31425000002 146862.22225 422666.85624999995 1094535.6925 -9999.0 612149.91875 102908.05925 25111.069324999997 -9999.0 -9999.0 176956.79949999996 83386.72549999999 38990.38612499999 -9999.0 -9999.0 -9999.0 -9999.0 -9999.0 -9999.0 348031.50125 26252622.101942062 1920265.0791425877 4640118.989592709 9108247.65295414 44710452.2387479 44494722.712488025 48216762.97707295 72078621.33275566 58606161.718668565 2676312.554962032 3759811.7002053703 2669582.721864254 -9999.0 602291.0673144893
-9999.0 -9999.0 -9999.0 -9999.0 -9999.0 -9999.0 -9999.0 135372.42921086133 337020.3295754927 377372.1434962264 24981.828197860683 -9999.0 -9999.0 -9999.0 -9999.0 -9999.0 -9999.0 -9999.0 195753.87374999997 99086.4975 -9999.0 -9999.0 -9999.0 -9999.0 465487.37 695005.5599999999 1001852.9249999999 170028.18812500002 54514.70537499999 -9999.0 -9999.0 -9999.0 -9999.0 -9999.0 170998.495 502305.86374999996 92215.48424999998 18806.28995 657738.09625 -9999.0 -9999.0 -9999.0 -9999.0 89729.01749999999 -9999.0 -9999.0 251878.96362499997 1123018.7037499999 33951987.872466765 3549498.944676847 8721098.678398363 39824896.638824396 50684696.85818605 49531770.09817157 55094485.45373419 56321793.58968613 39381098.9461105 8219834.224960868 7505511.247796338 1448267.76046201 -9999.0 1575633.8206893958
-9999.0 -9999.0 -9999.0 -9999.0 -9999.0 -9999.0 121189.99949999999 120674.57012499998 -9999.0 -9999.0 18287.552375 29722.404749999998 -9999.0 43934.963625 -9999.0 -9999.0 334659.875 303914.29124999995 196091.78274999998 219128.37437499998 -9999.0 -9999.0 98820.06925000002 23459.509549999995 309228.08749999997 684188.9275 231249.08749999997 -9999.0 -9999.0 -9999.0 -9999.0 -9999.0 141929.45974999998 122658.899375 -9999.0 585631.1512499999 1434686.5887499999 474549.475 1388977.3074999999 -9999.0 -9999.0 -9999.0 -9999.0 -9999.0 -9999.0 37206.02575 2840385.0749999997 1911652.2312499997 9892156.776981173 6355919.4946232755 5658102.2205913365 7905819.979824702 44996219.56678922 59476679.56734308 67319743.43695147 56155215.249193855 31283117.473717622 28560121.758757573 32474032.472176697 2137153.479908137 1417966.3425228442 2387236.511560017
-9999.0 1104351.222532032 -9999.0 -9999.0 -9999.0 -9999.0 287867.15825 11231172.864762194 462034.43624999997 -9999.0 -9999.0 -9999.0 -9999.0 -9999.0 -9999.0 -9999.0 -9999.0 2279314.355 1272608.41875 675626.00625 42906.1725 -9999.0 148504.21187499998 -9999.0 1929359.9625 1636433.6212499999 -9999.0 -9999.0 -9999.0 -9999.0 -9999.0 -9999.0 95508.029375 136135.67912499997 -9999.0 326141.26 506281.61124999996 631160.2537499999 1054485.79625 174716.08475 -9999.0 -9999.0 -9999.0 -9999.0 -9999.0 518031.62875 23859994.684241284 2478326.215 8486467.806860983 9369124.884181954 32972339.511568945 40191083.86002864 36122375.043354385 33093124.456264276 -9999.0 16729932.526328927 40439464.9697297 33410694.398791075 11965181.268549953 4726888.599634778 28947386.781452414 36553836.438849054
-9999.0 -9999.0 -9999.0 -9999.0 -9999.0 -9999.0 378602.81375 399187.4975 152548.78175 16403.296175 320018.13625 977404.73625 -9999.0 -9999.0 -9999.0 -9999.0 916787.8787499999 1567312.9175 1177279.09125 2151638.5112499995 141035.655 -9999.0 180947.020375 662605.87625 2635046.2824999997 1156608.7487499998 1211043.4075 -9999.0 662706.3037499998 186272.040875 126990.86912499998 105923.24725 -9999.0 -9999.0 -9999.0 629845.835 385041.98875 -9999.0 271427.17649999994 135689.072125 -9999.0 -9999.0 -9999.0 -9999.0 -9999.0 324962.71375 3290625.1874999995 699038.7922101713 8529125.387431718 27123766.88478717 33015337.103068702 33764977.23410544 256779.28748149367 -9999.0 -9999.0 -9999.0 10474060.450656513 26649051.9979669 11166398.409500046 12113136.773950618 28402337.610825446 34789263.87724565
-9999.0 -9999.0 -9999.0 -9999.0 -9999.0 118656.27275 476233.1125 448491.4925 196202.54837499995 -9999.0 -9999.0 61162.710499999994 -9999.0 17680.231837499996 -9999.0 45142.456625 16051246.565743037 1388460.4012499999 1893835.21125 9131419.493568929 454543.72624999995 121205.94975 478427.74875 418407.54874999996 436543.57375 -9999.0 -9999.0 -9999.0 -9999.0 -9999.0 -9999.0 59387.50674999999 214751.21225 197325.8595 67807.761875 141079.075125 288722.56425 -9999.0 44008.216625 -9999.0 176939.96312499998 203460.79825 -9999.0 -9999.0 45128.57399999999 454549.63375 3044902.725 13119033.549506402 31124730.422161505 31475367.41617818 11851432.231146041 21241399.43052406 -9999.0 -9999.0 -9999.0 -9999.0 22468698.536966104 34436955.741437145 25703509.73733965 8223782.996166286 27928701.880028937 32695709.40885659
-9999.0 -9999.0 -9999.0 -9999.0 -9999.0 -9999.0 310495.24624999997 -9999.0 -9999.0 -9999.0 -9999.0 -9999.0 116675.192625 -9999.0 638565.3049999999 899564.5625 3306959.425 562574.17875 7905575.860263204 877113.1087499999 9218914.542223588 734597.6249999999 298830.88749999995 -9999.0 -9999.0 -9999.0 -9999.0 -9999.0 -9999.0 -9999.0 -9999.0 -9999.0 89317.56012499999 168462.700625 110781.279875 31912.905749999998 -9999.0 -9999.0 -9999.0 119973.0545 88801.83537499998 -9999.0 -9999.0 -9999.0 -9999.0 1706056.4625 2345410.4187499997 11377819.931150718 50332841.42854604 4536749.485438918 2053097.0890205943 2730288.616780368 -9999.0 -9999.0 -9999.0 1892773.1754851118 25534685.04092923 10729564.608878216 2416161.7756729485 2231303.7718333327 2505482.549183656 42318685.96104064
-9999.0 -9999.0 -9999.0 -9999.0 -9999.0 -9999.0 90343.39749999999 -9999.0 438962.695 262025.09487499998 680576.49125 -9999.0 -9999.0 35406.0105 1700509.3199999998 1057028.975 2670972.7437499994 260975.6275 130764.28474999998 2057077.15875 1864909.1375 410343.81124999997 -9999.0 106984.529625 290861.96537499997 347845.415 -9999.0 -9999.0 -9999.0 -9999.0 -9999.0 -9999.0 -9999.0 -9999.0 -9999.0 -9999.0 -9999.0 -9999.0 -9999.0 -9999.0 -9999.0 -9999.0 61230.351375 34804.331625 134685.68324999997 1045964.2274999999 19252783.93425751 18293615.92746212 33276733.458623346 12788226.738669273 899898.1851952368 1567082.0736746246 -9999.0 -9999.0 704073.9008729077 20411406.8052724 18219884.585025035 4554632.29400845 130138.19885092303 429339.48894980305 848114.5457515084 1351890.8384030536
-9999.0 -9999.0 -9999.0 -9999.0 -9999.0 -9999.0 -9999.0 -9999.0 -9999.0 209177.190625 3606085.6874999995 -9999.0 -9999.0 238276.944875 2467.84926375 661811.3175 1599455.625 212027.55937499998 442241.3575 564077.6375 628058.81625 59010.903625 98092.85599999999 57290.344249999995 204375.87 122307.99387499999 1554883.5375 140095.476375 -9999.0 -9999.0 -9999.0 -9999.0 -9999.0 -9999.0 -9999.0 -9999.0 29939.800750000002 -9999.0 -9999.0 -9999.0 -9999.0 -9999.0 181167.960875 351493.29624999996 359344.36374999996 19929674.891022313 27802309.654135834 48040906.13946061 46224454.2396769 45616352.26288271 234843.9698918814 600707.2367952956 990925.2334485987 623574.2943188187 1654840.3643842707 18492112.307251096 2522055.1402183897 71020.75070497896 119847.02601365795 1761.622733739202 1887384.2616145017 825575.6713239399
-9999.0 -9999.0 -9999.0 -9999.0 -9999.0 -9999.0 -9999.0 40946.65475 199243.729375 2144537.6962499996 1891315.6624999999 2926377.59875 702676.44875 130569.928 -9999.0 162431.73387499998 437503.5424999999 80873.97037499999 356895.705 368010.66624999995 278202.192875 68191.158625 66267.972 263003.0815 282831.0145 144784.5545 -9999.0 -9999.0 -9999.0 -9999.0 -9999.0 -9999.0 -9999.0 -9999.0 99796.874375 -9999.0 -9999.0 -9999.0 34268.521375 336281.48374999996 427106.3425 773017.0512499999 367538.06625 356107.05374999996 382921.19625 2929733.05875 24794362.64224286 17099680.77 21260016.276232235 4819784.823139054 1363143.635394001 14136284.514142279 18204144.1428356 15484807.016401483 22447286.227824237 20863261.436395794 17871436.773461085 -9999.0 -9999.0 -9999.0 23572.674954763836 775259.596649117
-9999.0 -9999.0 -9999.0 -9999.0 -9999.0 -9999.0 -9999.0 -9999.0 79124.759625 279452.810625 2732974.9099999997 3104863.85 744711.2649999999 61696.748499999994 -9999.0 48112.452249999995 832706.43125 462087.60374999995 476758.87999999995 471737.505 181450.044 351835.93124999997 1921863.345 1215530.15375 570764.9275 77994.654875 -9999.0 -9999.0 -9999.0 -9999.0 -9999.0 59509.49662499999 111105.601625 39887.735375 291131.05199999997 510910.13749999995 280080.4825 119721.69037499999 47765.97737499999 356860.25999999995 293733.30575 251223.23112500002 150268.48675 61669.27862499999 1633612.79 523445.8524999999 25822301.50047243 20278005.542918067 18830398.437299337 25940359.199053403 1916299.4376831548 4492036.455520159 19840283.141582415 19730438.1194844 9238181.472089926 17682514.27525415 5912376.545132735 1039396.9524467023 665742.3157865368 1855981.3414935144 2452656.748521448 3317010.753355765
-9999.0 -9999.0 -9999.0 -9999.0 -9999.0 -9999.0 -9999.0 -9999.0 -9999.0 -9999.0 36743.763875000004 803431.8150000001 747478.92875 622210.39125 7346397.656565501 9554485.665707875 2131337.3874999997 669895.73125 1979387.62625 11386469.495897591 171740.47699999998 168925.25787499998 1379938.8325 1785515.29125 522982.11374999996 110679.67087500001 33012.88225 -9999.0 -9999.0 -9999.0 29323.116825 156642.08849999998 67809.8295 -9999.0 767038.66125 1267028.785 959620.2074999999 443561.68374999997 67151.438625 325207.87499999994 424114.19375 221724.12987499998 144548.549875 146201.468375 -9999.0 1140262.69625 8919820.790306134 19056395.01211883 24203876.90368549 3244295.713046195 118583.9066448494 188106.47977370844 4742534.919151029 7604585.337822887 16921264.490029406 7632056.579756492 7052625.30089663 1471554.5831741227 1701100.266024881 1941080.6498091833 2523863.583030009 3662641.2938689343
-9999.0 -9999.0 -9999.0 -9999.0 -9999.0 -9999.0 -9999.0 -9999.0 -9999.0 -9999.0 205311.61800000002 1025601.075 153748.29962499999 1652587.68 1310886.065 2241692.4412499997 8759327.636964245 885794.18 9089827.362057151 1347858.15375 973957.7099999998 399999.77874999994 134107.634375 262972.067125 355708.2974999999 262873.1165 192735.14125000002 323314.52125 261485.14937499998 474070.96749999997 151512.901625 193957.99374999997 105507.06387499998 144589.607 57352.963749999995 -9999.0 696231.36625 662150.9987499999 113909.00575 82150.28575 444551.18999999994 492658.91624999995 422206.07125 74874.313375 118095.35562499998 30360.41475 528815.7699999999 15937269.516353888 4647956.593393643 307801.69731184136 26345.709024520664 223803.6241360382 2236795.3028064524 4728692.724690052 18053158.465963367 6006543.717616897 15770425.776321739 17609610.399235032 4530972.236779584 3633798.764930398 562752.7752071065 961239.4982954189
