critload/trunk/output/2010/nbud_ag.asc
ncols 720
nrows 360
xllcorner -180.0
yllcorner -90.0
cellsize 0.5
NODATA_value -9999.0
[rows 81 to 107 of 360, columns 183 to 243 of 720]
0.0 0.0 0.0 0.0 0.0 40403.941843407476 0.0 0.0 0.0 0.0 0.0 102919.25173602774 197464.57887239347 43626.24082853345 186306.53974490752 118656.76103672959 0.0 41131.884104802026 26993.6954218353 0.0 41191.322577317245 0.0 0.0 30621.12969733891 0.0 0.0 0.0 0.0 0.0 0.0 0.0 0.0 0.0 0.0 21601.51572053496 0.0 0.0 22288.80934093528 89266.22272757968 225374.79195276002 184046.0657748938 47756.77719912332 7028.191717314683 50203.28214484174 6987.3238173058635 0.0 0.0 8445.08664535229 -9999.0 0.0 29340.879793112705 39642.466782798016 29161.303769232807 0.0 -9999.0 -9999.0 -9999.0 -9999.0 -9999.0 -9999.0 8644.04526625056
93905.62583276685 0.0 55441.62381303843 0.0 61834.437494692975 0.0 0.0 0.0 0.0 53819.01249286084 0.0 0.0 0.0 0.0 91502.79334668443 604409.7244592486 488733.3783523578 66877.52758181404 2020804.1178679792 218692.93503920955 469038.2706392044 130651.22836800292 0.0 0.0 0.0 0.0 0.0 8376.296511052038 0.0 0.0 0.0 650323.259048225 1884822.82178591 1254652.8970878492 937553.6463367315 0.0 0.0 231144.32497174822 140523.92901430465 17031.491760581026 4064038.6957979053 5830582.3411036 382395.3483314824 0.0 43844.375301021326 352057.5975308429 229304.64030913718 172465.33094789088 140333.3250418735 -9999.0 -9999.0 -9999.0 -9999.0 -9999.0 -9999.0 -9999.0 -9999.0 -9999.0 30522.93306143483 70237.48772503603 0.0
-9999.0 -9999.0 -9999.0 -9999.0 0.0 43354.701795202825 129110.77057714824 224201.59331304987 0.0 0.0 0.0 0.0 0.0 0.0 213948.26003555977 11183.058795025107 245498.76595195837 0.0 795515.1072964098 595105.5547258351 678574.0407264221 690426.3522693438 209519.01848750818 0.0 0.0 0.0 15202.684399798301 0.0 0.0 0.0 0.0 0.0 328016.9574280719 791587.546261216 885236.8933897745 447687.2761458054 0.0 83936.58204443252 4665830.853664486 564962.5407063994 689117.7622156774 314326.42460958066 511293.0043101511 21698.591595902384 277296.1548638453 322796.0338884485 397027.84330969676 117333.04015918431 1028273.6130780224 -9999.0 -9999.0 -9999.0 -9999.0 -9999.0 -9999.0 -9999.0 -9999.0 -9999.0 0.0 41949.430972666654 21275.061817941525
-9999.0 -9999.0 -9999.0 -9999.0 -9999.0 0.0 0.0 115303.98365638277 0.0 0.0 0.0 0.0 0.0 0.0 0.0 44567.119143463555 234914.12202376954 2035203.5752498433 988952.514870666 81087.88267474662 73671.87590588578 0.0 0.0 0.0 0.0 0.0 0.0 0.0 27224.476733400166 0.0 42756.7499707221 58963.06403654457 46392.7632335278 69572.21420335467 0.0 0.0 294598.24085087096 943254.3205493176 1444877.553018896 699005.9691498163 0.0 0.0 365722.4202572686 142148.29543939896 248972.41668357071 712581.0934038172 777005.8852165285 6283318.082867781 -9999.0 -9999.0 -9999.0 -9999.0 -9999.0 -9999.0 -9999.0 -9999.0 -9999.0 -9999.0 0.0 16255.402504925907 16935.15074761711
0.0 0.0 -9999.0 -9999.0 -9999.0 -9999.0 -9999.0 0.0 0.0 0.0 0.0 0.0 0.0 0.0 0.0 0.0 27706.445168552906 275774.81325050676 1436939.8452546368 74185.64698441543 0.0 0.0 0.0 0.0 0.0 0.0 0.0 0.0 42321.59904240527 148198.18683102322 104286.53944626701 114850.7439330442 0.0 0.0 0.0 320730.5224361882 999472.0833014008 655270.8970768389 366250.2093464631 307234.21892235545 1717084.4267758997 1086005.8250994799 151695.17802236462 56491.0149160883 121515.54035529523 339461.5009975486 851812.5668199565 281681.09671365074 -9999.0 -9999.0 -9999.0 -9999.0 -9999.0 64413.876282616606 -9999.0 -9999.0 -9999.0 -9999.0 -9999.0 -9999.0 -9999.0
0.0 550062.6638770283 0.0 -9999.0 0.0 0.0 0.0 32832.73413255628 495806.7596896528 0.0 0.0 0.0 0.0 0.0 945569.168412948 1091902.8667633883 67827.29292747835 0.0 56984.38929807006 0.0 0.0 0.0 0.0 0.0 50399.45098543384 299366.3752603297 647738.6676508454 71353.61467844414 0.0 292321.4945511909 114488.47040726547 1353447.8759226361 2641052.191296906 3133240.5560247954 3586328.9841027744 2683132.812038009 735273.5287072137 287983.78336439456 0.0 0.0 1620295.3631186974 2688862.018077125 269422.3519004547 0.0 75166.98941391223 203331.53859122802 496542.0101283896 4988519.6921496745 1591475.6787504521 424211.46972499613 -9999.0 -9999.0 -9999.0 -9999.0 15020.474851965519 73653.98558773981 86372.38638959674 -9999.0 -9999.0 -9999.0 -9999.0
362567.82076585176 189920.84085316467 0.0 0.0 95120.07349911158 0.0 166681.71238623548 404882.5699744504 891197.8878020095 711153.3536426451 406517.9163365562 640321.775456442 439456.99012189405 650493.3647661062 938047.1801798306 790918.2449576652 524109.68763625505 292437.3237893218 904949.3057803372 134766.71232487806 0.0 39910.882103242766 52961.5820432224 0.0 74478.04321239414 394771.1538660391 234376.25137717882 580390.3214131016 287182.06834963337 1115927.7210288155 3798824.8472010884 4232659.104822071 4558531.076941196 2389326.2245620936 2047076.5876264228 2382224.091743663 760239.8943791362 0.0 69572.95695711036 0.0 31044.80706859551 2790424.391429647 800648.7926953281 316480.06184967654 88306.41411390272 246869.4469955957 616421.0972599189 13996695.973961212 6821895.750292648 1622475.0292787738 2169190.45823018 2897221.200380765 847888.75473584 -9999.0 214125.73057791195 106526.97694711949 6895978.536330078 1350054.755647704 -9999.0 -9999.0 -9999.0
582888.6348879717 363881.79643411003 724646.8523352463 0.0 0.0 0.0 0.0 183501.1181355383 0.0 0.0 0.0 0.0 0.0 0.0 0.0 250397.85719913396 364647.9591529933 335648.7568370702 524134.3008107715 0.0 0.0 0.0 2053851.1414148705 3118608.4072635584 1408514.1698578154 1599419.4586057141 2213756.613264246 2230110.7996129747 20335377.267039467 3919679.2745129727 5170581.589059335 5429271.915527856 3180345.324078221 1845433.1156805195 896687.3906925572 1106609.8258056487 60923.58466889331 20881.434604931426 0.0 0.0 54524.33053127889 44013.39339001443 430081.4386168446 9296335.49686106 1196322.2188546397 860678.8395590857 808431.6864978692 547540.5098869619 1117935.033581146 535417.803010169 504236.0015748241 988727.9150865455 817209.6021632124 6636307.218879949 570878.6467203128 340630.2355119097 369441.9728382691 28138.863866998974 -9999.0 -9999.0 -9999.0
1625076.1970231887 1583106.3296518885 0.0 -9999.0 0.0 0.0 1215894.178487352 1728695.634458255 373820.126135316 952520.1754716872 0.0 -9999.0 -9999.0 0.0 2648786.709027376 -9999.0 250239.06837029685 623532.2822846232 945715.902416667 232754.89120407664 52680.613048695945 246660.84617790463 91248.10793983075 874929.1346230223 3955767.760634443 4646948.787419941 5607169.802199045 5078351.3269834835 4684382.759051558 4259470.119511573 5396087.963234173 3412535.338178483 1652349.7809962947 3168220.0723260287 0.0 41756.207323227936 0.0 0.0 119782.2810183691 0.0 0.0 34992.7239494002 226213.98358788702 282040.56110989535 251002.36108327948 3560322.763682224 62161.466523418145 1456227.5132494597 1032378.6950292746 831481.8806513618 1716590.7752979975 617361.089987216 250507.89399027626 287130.4507277092 256926.16300879768 -9999.0 -9999.0 -9999.0 -9999.0 -9999.0 -9999.0
6982888.706012178 1317137.4575106064 0.0 -9999.0 0.0 2411874.42797897 2515935.2691610223 0.0 205843.8017067653 414233.4770412282 0.0 -9999.0 -9999.0 -9999.0 1785559.8182109706 1971078.7159311753 251591.64916252752 3434153.2445268035 2900307.972576406 1907042.1737385374 669682.2334392485 610323.1046137738 1497533.4087504325 887616.8745913259 2597834.832661722 4204435.445360428 2684285.7885337584 1313301.8254952468 2791246.982445363 2677520.153566856 -3089833.8351761904 -262690.13945322344 246960.10408750502 0.0 0.0 0.0 0.0 172244.12849528238 386778.20731735637 609056.0582649477 0.0 0.0 66174.84411016946 0.0 -9999.0 3703869.764038655 625935.9073186594 729927.3070855159 511003.1520358657 7825325.151973855 584624.613420852 186541.54241155053 934603.7733374177 -9999.0 -9999.0 -9999.0 -9999.0 -9999.0 -9999.0 -9999.0 -9999.0
3941299.2187702116 7570543.11705628 -9999.0 -9999.0 1727988.2738910355 667045.2940425761 1791915.4373471495 463999.10153114307 1199183.1937060906 2014804.1116001392 0.0 0.0 -9999.0 1159364.1984725066 5572363.944316958 5196336.226982588 5201192.1791102365 5459900.63107804 4647683.096721003 5664593.133197422 5108608.096399279 5736482.440321505 4698420.087170722 3812756.1294091213 1852794.2060720618 0.0 192055.42684014514 0.0 0.0 0.0 -2437474.233872369 0.0 0.0 0.0 0.0 288042.4393322695 1276353.9149497733 366131.17601541814 215394.2055602625 0.0 0.0 0.0 -9999.0 -9999.0 3310371.574856641 354062.6909595494 202173.75273264333 452513.8936331258 2812676.888064527 290448.2093441644 -9999.0 -9999.0 -9999.0 -9999.0 -9999.0 -9999.0 -9999.0 -9999.0 -9999.0 -9999.0 -9999.0
4106753.995492669 2042800.1528148763 -9999.0 0.0 3522899.272425916 1570909.1243951041 2404829.501247055 3840382.252845194 3302977.1386404615 0.0 3268799.874852022 2085903.4249576274 -9999.0 2807221.7772723795 6321059.955103427 6589955.969528468 6450334.287102364 4691558.0134686325 1829087.0272711106 1303770.6747135727 718922.3103114804 -9999.0 1089584.9384058213 -9999.0 0.0 1483954.652338286 401317.8257093602 0.0 0.0 0.0 -2595172.123879863 0.0 0.0 0.0 0.0 812247.7282515387 11141221.821657393 73192.20627090214 0.0 -9999.0 -9999.0 -9999.0 -9999.0 -9999.0 2390662.0766434073 396067.7194408125 341659.01152735844 104409.46029538655 -9999.0 -9999.0 -9999.0 -9999.0 -9999.0 -9999.0 -9999.0 -9999.0 -9999.0 -9999.0 -9999.0 -9999.0 -9999.0
11317358.777538382 0.0 -9999.0 -9999.0 3065380.5616835877 6072432.537664928 5282749.170771349 4209186.199442681 4373986.60115245 5849634.7524388395 5984729.614415001 4121685.7306806557 611673.1936270985 4636036.519833728 6541508.790836046 6549275.255052523 6420291.829976333 3899280.0224385746 1987177.8445178615 3850015.819352653 6069631.879601371 2955246.7103457395 3589439.1720085405 3911303.2189421523 4115930.452768255 704355.5933969817 1944902.8318810826 902589.6854952895 221092.8387766938 2325627.4056869633 2785068.3777978085 0.0 34669.04181231657 408234.55315380637 405685.00337651186 1331476.1854522591 48658.271961620674 -9999.0 -9999.0 -9999.0 -9999.0 -9999.0 -9999.0 -9999.0 -9999.0 -9999.0 -9999.0 -9999.0 -9999.0 -9999.0 -9999.0 -9999.0 -9999.0 -9999.0 -9999.0 -9999.0 -9999.0 -9999.0 -9999.0 -9999.0 -9999.0
13059382.095212646 0.0 -9999.0 -9999.0 0.0 5999766.6303532645 5572609.721332129 5173062.961147968 6102127.873120453 7103107.665758438 4950397.975962475 4840717.822051413 6770500.106284694 6847627.286066685 4759813.589418987 5239828.655855387 3754768.079975341 2280032.4956872067 2215074.7294586767 3447456.2415595073 7974394.129344165 7023078.523178924 5393693.284255944 4749464.800450319 3300925.9199050814 1427837.0625594268 3089042.3216010276 4356675.485441627 4300313.069884583 3940509.109696284 1402753.3175805658 -277241.10840304196 411264.24617582234 2699986.8754192227 1792123.7224647608 362781.8403725922 -9999.0 -9999.0 -9999.0 -9999.0 -9999.0 -9999.0 -9999.0 -9999.0 -9999.0 -9999.0 -9999.0 -9999.0 -9999.0 -9999.0 -9999.0 -9999.0 -9999.0 -9999.0 -9999.0 -9999.0 -9999.0 -9999.0 -9999.0 -9999.0 -9999.0
2606764.8735920433 0.0 -9999.0 0.0 5086182.414158724 5844445.21061974 5503234.159542888 4340225.055213425 6649255.449086383 6321860.224974435 2440789.5529577862 4124961.4539709585 4176343.437193197 1297047.401873925 -9999.0 -9999.0 0.0 0.0 2459966.944421718 419971.075677624 3636247.810975559 3275111.356031541 3375903.0706052873 2606706.9061503857 2349368.675166021 0.0 1466510.8881538538 1041196.4687389582 215012.95684564183 6459629.407011468 625125.3189776866 2074946.1477883225 2469147.942645969 2453802.6653954946 963141.8773725387 111405.08529874112 -9999.0 -9999.0 -9999.0 -9999.0 -9999.0 -9999.0 -9999.0 -9999.0 -9999.0 -9999.0 -9999.0 -9999.0 -9999.0 -9999.0 -9999.0 -9999.0 -9999.0 -9999.0 -9999.0 -9999.0 -9999.0 -9999.0 -9999.0 -9999.0 -9999.0
1567195.9416880663 298612.0360711422 0.0 3862563.8768517543 6242210.106961463 6380962.811915364 5688133.538190816 5857033.713728394 5369276.958869129 6043744.676030844 0.0 0.0 -9999.0 0.0 10628178.621619169 1604888.351084102 3230181.268256413 1470973.3422066923 69824.90602183845 0.0 0.0 0.0 602208.9844080722 1221640.2165531646 0.0 212309.0309154438 0.0 854962.8300962443 4798611.872128159 4378471.491527567 1653068.3600030579 4495288.959128464 4825613.152493268 2221290.2901433716 1597121.8558630878 1706104.5782427276 425018.77837305283 48469.10763520126 -9999.0 -9999.0 -9999.0 -9999.0 -9999.0 -9999.0 -9999.0 -9999.0 -9999.0 -9999.0 -9999.0 -9999.0 -9999.0 -9999.0 -9999.0 -9999.0 -9999.0 -9999.0 -9999.0 -9999.0 -9999.0 -9999.0 -9999.0
3503932.081514526 3385492.848992035 5588198.951955561 4861983.656513538 6145822.698711459 5903790.350988001 5934957.069122355 2363893.2967345007 1787333.1444526464 2191667.4835608937 2554933.869747713 2485245.805484161 2708745.4972186387 1817847.776104059 2660265.8709133435 2285462.2869942356 1617213.70105799 869712.7175953416 0.0 1044493.2292054743 0.0 70099.42699410298 566066.5285070268 2255414.994070228 2026248.3491932433 1586443.4856584389 190366.08429283777 1444811.9018203635 4458934.848665103 1055502.9263844881 2145623.2193894377 1593279.813832122 464058.7846034318 837232.8529170789 42167.46827184509 298452.6162193788 3433.369808999463 -9999.0 -9999.0 -9999.0 -9999.0 -9999.0 -9999.0 -9999.0 -9999.0 -9999.0 -9999.0 -9999.0 -9999.0 -9999.0 -9999.0 -9999.0 -9999.0 -9999.0 -9999.0 -9999.0 -9999.0 -9999.0 -9999.0 -9999.0 -9999.0
2056625.3769299947 2196443.694879977 3775581.0840578824 5809867.493195958 6502202.927019622 5835383.086756989 5970180.64958312 2787474.539049275 2584097.9678942747 2453993.382257253 2779780.8999940716 2658407.012998227 2680805.3918643743 3206423.00270487 2744606.4308136795 34576523.02630698 28496168.851044983 32688224.955445975 3829433.5962856673 13556576.53273914 844388.6608070913 777490.4421617636 1447998.3124996563 3372841.5927032046 2222296.7596258484 2961994.6885036994 3429718.9197672233 5062772.131864987 236354.03260135162 0.0 49829.89564102229 995682.2078252267 671838.6748506846 -9999.0 -9999.0 -9999.0 -9999.0 -9999.0 -9999.0 -9999.0 -9999.0 -9999.0 -9999.0 -9999.0 -9999.0 -9999.0 -9999.0 -9999.0 -9999.0 -9999.0 -9999.0 -9999.0 -9999.0 -9999.0 -9999.0 -9999.0 -9999.0 -9999.0 -9999.0 -9999.0 -9999.0
2398595.369016897 2802587.8721613437 5158866.787320852 5752146.419424225 4892864.675545327 5189578.48552167 4988368.908317126 2929124.201121539 2861759.169910062 2675440.566553559 2396923.815944068 2842631.000437584 1553846.9464586638 1410539.8268911876 1203242.6975257471 28503959.091064528 4091833.4493914694 3181205.53789369 2827708.4246058334 2480919.4843972307 1212493.9958564509 909622.913920084 3786822.0710515343 3177424.5505968854 4725273.68239275 3974146.943700053 2687993.5098332055 3086857.9723139796 1662012.8739836682 -9999.0 -9999.0 -9999.0 -9999.0 -9999.0 -9999.0 -9999.0 -9999.0 -9999.0 -9999.0 -9999.0 -9999.0 -9999.0 -9999.0 -9999.0 -9999.0 -9999.0 -9999.0 -9999.0 -9999.0 -9999.0 -9999.0 -9999.0 -9999.0 -9999.0 -9999.0 -9999.0 -9999.0 -9999.0 -9999.0 -9999.0 -9999.0
2480677.3692260943 2300339.45152436 5931499.80924096 5055465.4687055275 4175409.648099523 4839766.318937223 5845528.919159163 2627047.896431979 2588504.8920651153 2467318.575774893 2220867.4243471846 2580312.8079655953 2440785.825099297 1437749.2105551502 6710890.627671041 2210183.0293934494 23559779.23921231 25325820.063374452 1388917.4211109057 1260271.053947417 1201902.0421194742 4425791.947280835 4696799.498350352 5458323.922139913 5121621.648215305 3936486.8578042686 2903151.793860184 2118578.8255283516 474443.8385769776 -9999.0 -9999.0 -9999.0 -9999.0 -9999.0 -9999.0 -9999.0 -9999.0 -9999.0 -9999.0 -9999.0 -9999.0 -9999.0 -9999.0 -9999.0 -9999.0 -9999.0 -9999.0 -9999.0 -9999.0 -9999.0 -9999.0 -9999.0 -9999.0 -9999.0 -9999.0 -9999.0 -9999.0 -9999.0 -9999.0 -9999.0 -9999.0
3915908.0727038197 2725605.7984765917 6461075.568496417 5405038.288097147 4403965.57647207 4676610.0178029835 4565747.989169095 2664728.33833855 2548039.903622754 2818138.7888693623 1923439.7216232624 1620176.0672532022 15344825.254429415 19006890.72905541 3494195.036827229 640128.2378153675 4009950.1390961725 821153.8835931991 716041.0505865058 715591.2097711293 3311424.725054683 5078142.187221389 4439403.415935269 2587283.9424707554 2105121.083484701 3462034.899195997 1296181.1632951046 2838978.4007786606 8051.595415810851 -9999.0 -9999.0 -9999.0 -9999.0 -9999.0 -9999.0 -9999.0 -9999.0 -9999.0 -9999.0 -9999.0 -9999.0 -9999.0 -9999.0 -9999.0 -9999.0 -9999.0 -9999.0 -9999.0 -9999.0 -9999.0 -9999.0 -9999.0 -9999.0 -9999.0 -9999.0 -9999.0 -9999.0 -9999.0 -9999.0 -9999.0 -9999.0
1946471.3696581852 4005849.2105939947 3765572.6184084713 3548174.208059747 4619270.269446194 5118417.171060141 6604421.564166319 5555241.492848292 5305234.136231966 3053777.804323934 1802930.7847663015 20390632.13540139 23185767.386008948 6555694.458171705 684253.0247147884 524620.6962110158 617656.527782551 367789.39758486324 241607.6262527632 2070026.5887975898 1405808.1560006868 4298248.937130906 12068754.10130687 4157948.5943866707 1851970.011124486 4036828.5804832857 2151534.8508821055 0.0 -9999.0 -9999.0 -9999.0 -9999.0 -9999.0 -9999.0 -9999.0 -9999.0 -9999.0 -9999.0 -9999.0 -9999.0 -9999.0 -9999.0 -9999.0 -9999.0 -9999.0 -9999.0 -9999.0 -9999.0 -9999.0 -9999.0 -9999.0 -9999.0 -9999.0 -9999.0 -9999.0 -9999.0 -9999.0 -9999.0 -9999.0 -9999.0 -9999.0
3215352.2985016666 7071190.953123793 4583978.698262807 5525953.416949909 7294302.127953891 4382117.017881924 6644073.526149783 4890272.400076592 6007654.134856053 4799805.967964765 1450682.9166610474 22080747.044302523 2543965.449247906 2079521.4326575901 530252.6338354636 524310.0115252384 243815.19472996786 1201339.9342123186 2440516.3633886287 2888566.4908262324 1574125.3723373553 2125280.735035912 1912792.377851625 3324641.809904041 801780.2193007194 3061626.0126109105 1725764.6176196234 -9999.0 -9999.0 -9999.0 -9999.0 -9999.0 -9999.0 -9999.0 -9999.0 -9999.0 -9999.0 -9999.0 -9999.0 -9999.0 -9999.0 -9999.0 -9999.0 -9999.0 -9999.0 -9999.0 -9999.0 -9999.0 -9999.0 -9999.0 -9999.0 -9999.0 -9999.0 -9999.0 -9999.0 -9999.0 -9999.0 -9999.0 -9999.0 -9999.0 -9999.0
3609768.4144033343 5493307.3240933195 5598305.228226943 4380602.705534745 5660544.523622416 4437124.298466332 5563912.192946058 6133091.072447665 5261001.522266895 1390217.897771419 1419111.6008496238 12060047.503481459 660445.6456226986 378938.0281370755 672882.2487965082 404940.97818005364 491856.75785297854 823636.2511895313 1492652.999650158 679965.0169131206 909320.7404961586 1692744.3145774482 1733760.5795937376 1355920.973741041 880894.4317761366 1725288.0467803534 115588.36349196339 -9999.0 -9999.0 -9999.0 -9999.0 -9999.0 -9999.0 -9999.0 -9999.0 -9999.0 -9999.0 -9999.0 -9999.0 -9999.0 -9999.0 -9999.0 -9999.0 -9999.0 -9999.0 -9999.0 -9999.0 -9999.0 -9999.0 -9999.0 -9999.0 -9999.0 -9999.0 -9999.0 -9999.0 -9999.0 -9999.0 -9999.0 -9999.0 -9999.0 -9999.0
4716311.3530416675 3957604.464625133 4228840.238767479 3599134.252523564 4617166.062685046 5183052.011155326 4644571.275072375 6274176.850198064 3178476.2530642133 1837629.6518813362 1273692.889326563 12218585.91163738 14039310.848668084 1685217.4234514935 1428640.6745903408 2141024.7713267785 1284446.425431508 2619934.0379171167 3240367.2459428404 2267373.1236294582 1479738.78996226 1573898.2215647344 2071945.0949502476 1828121.2143176282 4659071.569267191 579253.0243216229 -9999.0 -9999.0 -9999.0 -9999.0 -9999.0 -9999.0 -9999.0 -9999.0 -9999.0 -9999.0 -9999.0 -9999.0 -9999.0 -9999.0 -9999.0 -9999.0 -9999.0 -9999.0 -9999.0 -9999.0 -9999.0 -9999.0 -9999.0 -9999.0 -9999.0 -9999.0 -9999.0 -9999.0 -9999.0 -9999.0 -9999.0 -9999.0 -9999.0 -9999.0 -9999.0
4242169.377919311 4307299.754715215 5707824.730557293 5556098.732669599 6325308.170607332 5430535.265101284 3038727.721717056 2027136.2942066733 2213925.153036667 1705749.6454117298 1898613.7389053255 1865424.0229166448 2978465.1045244765 1731377.5259531988 1477242.3555790428 1776036.7278620647 996571.1437888397 2752553.9236679524 3538550.80579843 3517053.7702632677 2763004.66282548 1813475.5432033883 1689095.941709267 2975558.6695951633 1728888.71261633 -9999.0 -9999.0 -9999.0 -9999.0 -9999.0 -9999.0 -9999.0 -9999.0 -9999.0 -9999.0 -9999.0 -9999.0 -9999.0 -9999.0 -9999.0 -9999.0 -9999.0 -9999.0 -9999.0 -9999.0 -9999.0 -9999.0 -9999.0 -9999.0 -9999.0 -9999.0 -9999.0 -9999.0 -9999.0 -9999.0 -9999.0 -9999.0 -9999.0 -9999.0 -9999.0 -9999.0
8962326.163447361 5625763.58596701 10069665.750834387 8259151.907150488 11339623.978673711 7199259.176060215 5679470.375491418 2638398.145747483 3711405.349948162 7424158.1642492525 8423083.876253754 8318043.622154765 2821160.2894753832 428207.0029572109 2480515.762422857 10353422.38992272 9423139.683972806 9764727.319749057 7007113.508304067 6840537.582620079 8559159.8442089 7647306.252899617 5775598.083866276 2938645.769958971 3588139.005033724 450706.76522917475 -9999.0 -9999.0 -9999.0 -9999.0 -9999.0 -9999.0 -9999.0 -9999.0 -9999.0 -9999.0 -9999.0 -9999.0 -9999.0 -9999.0 -9999.0 -9999.0 -9999.0 -9999.0 -9999.0 -9999.0 -9999.0 -9999.0 -9999.0 -9999.0 -9999.0 -9999.0 -9999.0 -9999.0 -9999.0 -9999.0 -9999.0 -9999.0 -9999.0 -9999.0 -9999.0
