critload/trunk/output/2010/nbud_ag.asc
ncols 720
nrows 360
xllcorner -180.0
yllcorner -90.0
cellsize 0.5
NODATA_value -9999.0
[rows 216 to 242 of 360, columns 366 to 426 of 720]
-9999.0 -9999.0 -9999.0 -9999.0 -9999.0 -9999.0 -9999.0 -9999.0 -9999.0 -9999.0 -9999.0 -9999.0 -9999.0 -9999.0 -9999.0 -9999.0 -9999.0 0.0 50743.492243285145 304314.2124802257 418413.704538177 552384.544139971 518250.6384187266 489897.9519576838 506407.6674283524 291536.55378115794 615771.1799241824 694241.4321241032 939613.4498405075 996724.4015185297 817375.9864065244 951741.02739284 788296.9861472466 548112.3131243319 662988.7478989323 578086.347315179 605028.6397882816 508690.3611872209 395564.73201661813 404369.708898708 510690.7563967799 631319.1714958753 424173.43410461093 1115463.5931629366 2234546.6408634256 1983923.0053958828 1490329.8656484066 1437289.6395506389 646647.7381531247 932622.2045160232 1206347.0567207132 1096535.0603097808 920347.6871122909 501840.14753348986 976265.0511059822 1255300.1776541928 1519245.7181326598 1243594.7411377518 446047.64469394705 493428.55958876107 171251.37114878884
-9999.0 -9999.0 -9999.0 -9999.0 -9999.0 -9999.0 -9999.0 -9999.0 -9999.0 -9999.0 -9999.0 -9999.0 -9999.0 -9999.0 -9999.0 -9999.0 -9999.0 -9999.0 0.0 101193.35855514643 417272.66672508465 547949.7169447232 542800.7222598463 407230.2075025728 196596.00116577814 131450.74938336323 0.0 0.0 799161.6995790321 661799.2998414321 634013.3496601745 696772.2952548682 903312.3178785341 704057.0806915092 587333.5729810707 153202.33988182974 430244.58188711107 463630.6844075273 264756.63728650706 331221.5387204264 364261.38244841644 331129.8496842284 0.0 350955.0903930018 1176787.9441855343 858377.862954591 0.0 609250.035090151 285926.2186869965 787614.8679990936 962553.5684047788 1152014.028068534 1504771.0736871664 224077.58390393405 690181.482084855 965037.3187453884 2163082.5598755004 2522996.946056135 1129613.786989552 558180.7469652151 507250.9018411732
-9999.0 -9999.0 -9999.0 -9999.0 -9999.0 -9999.0 -9999.0 -9999.0 -9999.0 -9999.0 -9999.0 -9999.0 -9999.0 -9999.0 -9999.0 -9999.0 -9999.0 -9999.0 -9999.0 24683.419136198354 76578.37057008393 329798.13651295647 498873.707577616 419855.12226139056 491289.2520193121 406631.2495753062 225780.85590106586 239119.35808115161 930295.2296741265 924544.5742227389 816963.3775204485 643576.0717462176 786889.6177477876 722198.6476309458 648351.5729275178 671289.172631454 488008.9756904631 454985.77930431603 390350.7222631811 130208.2772678301 227861.42319968413 260566.70006680978 195393.04390051402 195636.07770980138 173642.67991346924 142042.3393482805 292263.20002955163 285252.1989619083 262491.5122656534 874287.180152839 1227522.9909998793 759672.4700878845 785573.5968319613 751361.0632647343 870995.3903726335 1186837.1127228222 1679420.1423082338 3626540.2256996427 1876133.0860860301 2643646.8018351076 483509.0795126534
-9999.0 -9999.0 -9999.0 -9999.0 -9999.0 -9999.0 -9999.0 -9999.0 -9999.0 -9999.0 -9999.0 -9999.0 -9999.0 -9999.0 -9999.0 -9999.0 -9999.0 -9999.0 -9999.0 0.0 0.0 202391.82859149028 471283.36173389293 523566.9572702837 520044.07699364726 459945.37004038924 579745.7821456916 676526.8392456616 707535.022739321 603071.3989585298 656464.960349852 655755.4310710141 747586.5350358009 744333.5987810851 772626.4138978831 697483.8085548524 485990.0472059138 550858.9259454142 551565.675230644 357068.590336889 374485.54807395185 389571.88347502984 227220.1650155969 324874.1626913083 292968.227874713 341039.54875087156 534242.8715151405 1255661.2595452112 839359.692490777 691792.0693234445 1272637.088012199 779257.6032457505 718656.2744855329 971784.5067955034 1092014.4052600414 2550042.1791633964 2693503.7673554225 2057287.8173975344 2073923.4586871602 657410.6877067441 217545.32358682412
-9999.0 -9999.0 -9999.0 -9999.0 -9999.0 -9999.0 -9999.0 -9999.0 -9999.0 -9999.0 -9999.0 -9999.0 -9999.0 -9999.0 -9999.0 -9999.0 -9999.0 -9999.0 -9999.0 -9999.0 0.0 172571.22839828813 406125.8011719028 508612.61745112215 523464.9705156009 523823.37003419735 548962.8179254842 748041.3361557019 586931.2158088826 639450.1099676955 638481.2540260584 610756.6615311892 616785.9966891694 559198.0566497562 645350.0350724636 610023.4307221763 573089.9525054567 572913.1788317042 639595.0460650679 608949.0651576079 544159.9168600854 576937.0378235474 546480.7532165432 160931.29542492656 517940.78423939226 388775.57347267424 513549.00277913094 228965.70098363468 1978088.759211786 1174879.5193688571 811148.2862314181 1000549.5900723096 2495000.4459952908 2246695.4222166063 1116269.8955068476 1108988.794947409 2155251.196292746 2201509.4658872075 2061109.0909641841 473641.793280276 311517.97614153125
-9999.0 -9999.0 -9999.0 -9999.0 -9999.0 -9999.0 -9999.0 -9999.0 -9999.0 -9999.0 -9999.0 -9999.0 -9999.0 -9999.0 -9999.0 -9999.0 -9999.0 -9999.0 -9999.0 -9999.0 0.0 171874.41561536078 227790.3134420421 379559.0542366777 495965.87947459356 521583.19704875 550264.6821832317 619230.792889134 575461.5810435773 603199.4417954553 608622.3748133308 664176.2157461084 585329.7421338272 585243.1086588362 618086.4617806182 573238.6054434176 507890.8297578676 634531.1659428573 510535.4326902209 573885.9705778561 639405.9290102283 671228.5375034304 609209.1516610554 384350.0255295071 161227.25070351502 193682.4387895713 431258.2889782841 565678.8522240561 1050918.6145328307 2951094.1078247195 1737595.3074394623 927440.1845647944 3016283.3128089225 2171104.247248351 2245345.8571939818 2055744.555995461 2245002.699647163 958064.6514229872 1847037.452992919 639740.1355725615 550181.6716133761
-9999.0 -9999.0 -9999.0 -9999.0 -9999.0 -9999.0 -9999.0 -9999.0 -9999.0 -9999.0 -9999.0 -9999.0 -9999.0 -9999.0 -9999.0 -9999.0 -9999.0 -9999.0 -9999.0 -9999.0 -9999.0 148847.86050675355 172116.3301762509 172223.48855566792 302752.6706713452 504930.8741613702 493662.25806539063 415305.74098059 423193.84344193735 529105.5095717835 616111.6446692536 615813.6851593109 567824.4000862925 596318.0852488237 581105.1343221182 626296.2011319774 559109.3044369426 621547.6477524317 595493.3139279506 533087.2121249759 632036.2296549163 631968.1241654595 540952.3214673377 477298.5871286129 579170.5415616271 515563.0532344028 459553.65210622747 1633466.5819387576 994112.9399091918 4226961.739340996 1652324.3419527095 925576.8302285629 1368736.2377945767 1255582.5377511247 1234700.427031722 2953599.3060163883 2070644.1854207064 2548415.3624739954 544697.4352531515 665733.6186837729 494002.0026145489
-9999.0 -9999.0 -9999.0 -9999.0 -9999.0 -9999.0 -9999.0 -9999.0 -9999.0 -9999.0 -9999.0 -9999.0 -9999.0 -9999.0 -9999.0 -9999.0 -9999.0 -9999.0 -9999.0 -9999.0 -9999.0 35848.619291738825 98329.48971739272 73490.80767080229 150915.8899885933 478130.79960094555 517175.7096435793 517496.3974532448 580360.2090356515 606318.1365809322 613929.7995672051 640327.904905956 647938.9846494021 620117.3845794562 570030.6019329142 496739.3277943714 588462.9339101298 492928.17607193533 468583.6828797285 499648.6565112388 598657.115525909 566942.6206454709 602853.1589522797 603333.0479495167 706952.7454063292 1219098.957601475 692988.2899965311 632092.3072356919 608238.475765409 1909353.2288446599 588361.5437515441 597325.5520366384 1064083.1687995433 1063009.9486012002 1059092.0516343322 1571138.2154622637 1398740.4137319042 783894.6722552611 0.0 170652.7703379566 380996.74316275853
-9999.0 -9999.0 -9999.0 -9999.0 -9999.0 -9999.0 -9999.0 -9999.0 -9999.0 -9999.0 -9999.0 -9999.0 -9999.0 -9999.0 -9999.0 -9999.0 -9999.0 -9999.0 -9999.0 -9999.0 -9999.0 -9999.0 23274.69340812586 23807.749959066896 146168.63533812313 365768.4549536612 449690.82151561603 500240.8389652184 584230.9335726318 533308.333667143 570237.2899186302 594205.5907241269 600878.6051369009 574737.809591885 359730.27607721346 359743.8264397951 424607.5812925277 485118.2731572415 490811.95318522956 491078.005724838 559337.9673918863 590137.9875718676 629762.4856461105 629603.9108972473 640800.2882237609 673142.486025509 687008.0860168929 1814027.5640826672 1544976.4663108126 2265022.3817651644 672740.8882300314 741512.5792118716 1164633.3712371122 1164909.7497268342 1310701.3560704598 1379984.1228566035 1042334.5944726332 652832.6470267912 707294.7806432173 166421.53860781947 0.0
-9999.0 -9999.0 -9999.0 -9999.0 -9999.0 -9999.0 -9999.0 -9999.0 -9999.0 -9999.0 -9999.0 -9999.0 -9999.0 -9999.0 -9999.0 -9999.0 -9999.0 -9999.0 -9999.0 -9999.0 -9999.0 -9999.0 7900.150691118111 120191.60020372266 170146.33746760833 340043.5271709532 497857.2393417617 521113.1199070944 530955.9714488103 429780.3362009106 488932.9218080032 514727.9041854385 546473.7047604048 520613.126582199 448326.64959447435 478192.3106987949 544190.1207597016 574386.9094673207 581173.0646351974 520074.15906663635 495591.0419486866 557510.3181864335 564878.0359795769 596156.3695614312 670706.3416727353 670623.8734213619 684619.6759238997 1259238.4075765957 1511716.108801623 731619.438372381 1090880.6642024838 1257975.5949118547 1220155.376354733 1146084.8597255507 6004888.66771961 7860254.203306321 393637.3595527671 351161.1295028392 681605.3535816437 0.0 46639.62374075802
-9999.0 -9999.0 -9999.0 -9999.0 -9999.0 -9999.0 -9999.0 -9999.0 -9999.0 -9999.0 -9999.0 -9999.0 -9999.0 -9999.0 -9999.0 -9999.0 -9999.0 -9999.0 -9999.0 -9999.0 -9999.0 -9999.0 -9999.0 46686.00257562686 23776.918284071915 333162.95721024845 485555.62296564947 509592.73682226776 518684.38097629603 494195.5461162089 501796.14311482036 501892.20085823815 534452.7046814798 534461.9241585515 558200.1289684093 411423.68555285037 447404.9642898494 536641.0713166932 514044.63710273826 423266.841497784 431587.90418013954 585303.6821685 628096.4080381987 628012.1283132886 1247244.9574729032 1203782.9899563405 692051.4710646998 665842.9645136842 1226953.0381722476 995010.9532262506 1047778.3651752961 1128414.5336230868 1716723.5378513401 10562071.43446584 1971435.1934529329 9368150.097897222 499004.3435032442 49903.65488332123 421140.49856229674 146001.88131571235 588214.0739245736
-9999.0 -9999.0 -9999.0 -9999.0 -9999.0 -9999.0 -9999.0 -9999.0 -9999.0 -9999.0 -9999.0 -9999.0 -9999.0 -9999.0 -9999.0 -9999.0 -9999.0 -9999.0 -9999.0 -9999.0 -9999.0 -9999.0 -9999.0 0.0 236982.03003174998 260944.8945578771 435374.106645152 507543.64838634245 516714.4071736238 517042.43226526864 525126.9367908468 525231.5672328249 532632.9357259322 532559.2491157972 556289.1943584168 526697.423657268 534396.9473973901 534551.015419279 482159.8909503133 482410.9579684525 552679.1284937747 583198.9100320365 594685.6016585324 625733.7615735475 1714593.3859809204 1144138.023529331 592953.9350678509 1159595.426286099 1138798.9983822028 965609.7069419734 1064454.5550632854 1249046.445922493 1905487.0288807647 1256820.0629193638 8567702.24375033 1632730.9359113947 558132.0352811308 184932.36405581504 165636.31591100292 268512.1027421043 608692.973859696
-9999.0 -9999.0 -9999.0 -9999.0 -9999.0 -9999.0 -9999.0 -9999.0 -9999.0 -9999.0 -9999.0 -9999.0 -9999.0 -9999.0 -9999.0 -9999.0 -9999.0 -9999.0 -9999.0 -9999.0 -9999.0 -9999.0 -9999.0 0.0 302281.5433779848 279161.3987570064 473592.62126785144 497425.14114625263 505769.7525624954 505990.0536426427 515297.0963435797 514596.74883836485 522736.38758862857 547456.5060878475 491598.55727776047 548998.5239365427 558807.8114937183 555241.938031415 508902.11390180024 479441.7607262726 522167.7152977912 521990.67314443225 535005.3952122754 569188.5639073234 2288205.1001078486 1729672.098660146 622332.6648578024 695547.4856830693 1007565.7193475133 971728.3749967674 1187042.8486383054 1550616.0293942932 1775897.6389628677 1389070.993556534 1060744.9911521901 669411.667529114 601253.1202641677 583784.3054853843 777029.0048882738 725164.342880399 658911.4320969977
-9999.0 -9999.0 -9999.0 -9999.0 -9999.0 -9999.0 -9999.0 -9999.0 -9999.0 -9999.0 -9999.0 -9999.0 -9999.0 -9999.0 -9999.0 -9999.0 -9999.0 -9999.0 -9999.0 -9999.0 -9999.0 -9999.0 -9999.0 0.0 254767.03331648768 324514.3078344562 448297.11669558985 495452.43922664016 504089.25657021604 493933.7174714797 512785.02790568164 512680.80659049447 520738.9895764983 520462.50590916467 0.0 0.0 293269.9958873241 556695.9010155024 567123.3214374455 566923.4377622684 458224.3743537264 550111.4233761744 594976.2627667291 601243.241240355 652540.0127635361 1637191.3165368834 1258723.2197796712 1290327.9651998384 1211038.0905952835 1332790.3668634677 1279194.839290379 8626149.873574445 2029860.7072429731 2646355.820984712 1071357.6670236816 499569.59200937673 1560267.8409377243 306066.9192844506 250735.29025743844 805379.3389389436 734624.4395766067
-9999.0 -9999.0 -9999.0 -9999.0 -9999.0 -9999.0 -9999.0 -9999.0 -9999.0 -9999.0 -9999.0 -9999.0 -9999.0 -9999.0 -9999.0 -9999.0 -9999.0 -9999.0 -9999.0 -9999.0 -9999.0 -9999.0 -9999.0 0.0 159660.16663662187 296329.48996504874 394030.2954983965 486486.6502424842 494848.6204387285 471428.5358845724 503716.6208219796 503638.30836027116 512280.9799543277 536312.4939151243 0.0 0.0 0.0 57946.184690725495 564012.9246215622 561400.503708995 719519.9383659782 694383.4250914615 685822.2054445255 2280720.681028763 1275445.9786124465 1260495.977377682 1509214.27852369 1482500.5841551274 1720266.288783688 2305896.6257197447 2428516.8664742885 1458411.7677185042 1904519.6167471549 1342784.9271111116 213661.44644516468 0.0 1223666.1931252591 6266761.129936324 583308.0975476089 795322.0373330675 353926.78165817005
-9999.0 -9999.0 -9999.0 -9999.0 -9999.0 -9999.0 -9999.0 -9999.0 -9999.0 -9999.0 -9999.0 -9999.0 -9999.0 -9999.0 -9999.0 -9999.0 -9999.0 -9999.0 -9999.0 -9999.0 -9999.0 -9999.0 -9999.0 10957.787650089202 90854.40220166533 295160.5024263257 392256.7431295675 484572.82399338996 469432.9128230354 492587.7581417635 477757.3643697996 501544.61992358696 558524.7808328609 534176.307093485 36248.75370258848 0.0 28851.417166591935 548967.5451797796 561943.5755483573 727694.3266694499 1249722.7666440476 1122213.476972535 983810.9309556768 752463.2471054089 1311955.877195811 1653949.1585889356 1348893.75453002 1621703.0445170375 2325153.0995973935 2327806.633076826 1610423.7880313275 1832486.1841648761 1571952.633562849 1805794.0195669336 193920.42399728124 659247.8561387262 662419.0308615568 1541681.6808537208 798285.4356981269 459894.7631841714 -9999.0
-9999.0 -9999.0 -9999.0 -9999.0 -9999.0 -9999.0 -9999.0 -9999.0 -9999.0 -9999.0 -9999.0 -9999.0 -9999.0 -9999.0 -9999.0 -9999.0 -9999.0 -9999.0 -9999.0 -9999.0 -9999.0 -9999.0 -9999.0 -9999.0 53608.51907561772 134834.8536119024 295704.5082297798 432045.2034818297 485555.8695653691 462297.618944047 470366.1566305314 470227.3273637607 502698.27069843886 502588.8005084521 895786.1092584264 37319.136452201725 544264.0090949005 544415.6168340852 653529.328108513 1186475.96554016 1197421.9324524999 1032652.25181593 966678.4403579419 1042109.7224901109 1090287.6985846849 1569772.8342622258 2688704.420578776 2685198.0258263964 2603706.944188603 2511810.7572664097 2351440.8504903307 10228709.158995207 8503398.743025573 12412381.922723439 11599122.115219459 836017.6715121218 1206340.2994781798 1142735.414535799 793549.4344068458 357015.8500997366 -9999.0
-9999.0 -9999.0 -9999.0 -9999.0 -9999.0 -9999.0 -9999.0 -9999.0 -9999.0 -9999.0 -9999.0 -9999.0 -9999.0 -9999.0 -9999.0 -9999.0 -9999.0 -9999.0 -9999.0 -9999.0 -9999.0 -9999.0 -9999.0 -9999.0 83391.5167882189 66905.82497149945 226468.37263063295 430219.1869638425 460353.5110727325 460471.0532888102 491741.66192795546 491849.43700615293 500226.42285101186 500314.90335470624 1345831.169363637 742738.9231978403 688439.4528129585 729136.1241046074 1237860.7624527537 1215751.0629811096 1147830.360364223 1064683.208098935 1069658.4489593534 1113348.8767563745 1021908.853202668 1154501.854744366 2835254.096950121 2587931.0755584016 2899490.160961992 3364441.6330385413 10803267.292481933 10153440.237909514 9954116.660767164 12544881.247555815 8945731.675921824 832325.3465710962 1349347.9260230595 1913114.1007956984 481255.3449669457 293360.76587101456 -9999.0
-9999.0 -9999.0 -9999.0 -9999.0 -9999.0 -9999.0 -9999.0 -9999.0 -9999.0 -9999.0 -9999.0 -9999.0 -9999.0 -9999.0 -9999.0 -9999.0 -9999.0 -9999.0 -9999.0 -9999.0 -9999.0 -9999.0 -9999.0 -9999.0 128527.7717868074 198649.5815064807 133987.2744064767 424989.8372226348 454039.46653712913 431350.277433194 461377.7892286966 461393.8013077453 469438.15133538423 469567.536935105 1393552.3967724186 1345748.8641486182 1326344.173194013 1326308.3708558138 1305638.079557757 1123357.7442498454 1097819.3707220554 1149204.8996892257 1186018.150711236 1150137.5247638612 1008590.8858140055 1060127.805389325 1219837.6458015768 3400811.577213333 13220256.674417749 10800915.734510288 12299002.558547616 9554358.485804407 6219752.778478654 2699746.5592981325 1248106.0696469005 889243.5260499315 1657292.0290979417 -559540.3013947271 971357.0070535126 527706.470728904 -9999.0
-9999.0 -9999.0 -9999.0 -9999.0 -9999.0 -9999.0 -9999.0 -9999.0 -9999.0 -9999.0 -9999.0 -9999.0 -9999.0 -9999.0 -9999.0 -9999.0 -9999.0 -9999.0 -9999.0 -9999.0 -9999.0 -9999.0 -9999.0 -9999.0 -9999.0 122311.61435657385 244659.81000039354 378606.22153820377 361775.0281447461 384110.78562441096 321301.8077611291 482195.64151074924 467446.6945718571 467206.67859048396 1339658.9534471883 1339621.68599635 1320367.4357716208 1367547.0251131486 1299797.4357716208 1162080.701455596 1139882.683568952 1183987.8762945142 1174170.5387676521 1405007.6627864656 1055205.9426160627 966408.379882968 1183532.3507209094 2996294.523224055 12247947.31303522 11279752.925312042 7282256.284732128 13686722.152103506 12877211.21279803 971858.4534791159 8626494.942561626 1032517.0621389467 332898.68532001355 1041802.0093586058 1035453.3093777215 204958.81569995743 -9999.0
-9999.0 -9999.0 -9999.0 -9999.0 -9999.0 -9999.0 -9999.0 -9999.0 -9999.0 -9999.0 -9999.0 -9999.0 -9999.0 -9999.0 -9999.0 -9999.0 -9999.0 -9999.0 -9999.0 -9999.0 -9999.0 -9999.0 -9999.0 -9999.0 -9999.0 52879.784437932365 291273.3177804039 261231.80104922794 188470.82422253105 447210.45277953474 477228.12191723706 477265.60528535093 485064.1735539562 462670.093978034 1348418.3266956871 1337824.3547752895 1445428.8058739528 1395763.0030619553 1252524.1599258375 1162027.0020283842 1139829.3398911732 1142960.242541352 1212102.8066121135 1245292.9190385411 1154871.8583740792 1118016.9936316055 1203491.614994808 2892350.096274634 2842632.999455179 10651012.20797512 9024552.447858283 11400667.553178977 10252342.586249169 779907.137651254 4643757.314102767 1427207.6116183717 258980.952570881 1325673.0747102965 1703186.180619575 17383.48046259346 -9999.0
-9999.0 -9999.0 -9999.0 -9999.0 -9999.0 -9999.0 -9999.0 -9999.0 -9999.0 -9999.0 -9999.0 -9999.0 -9999.0 -9999.0 -9999.0 -9999.0 -9999.0 -9999.0 -9999.0 -9999.0 -9999.0 -9999.0 -9999.0 -9999.0 -9999.0 -9999.0 51683.47224478086 106856.31760985454 1305257.4280811027 311712.7405944525 453627.3420667134 378482.25972115993 413269.76759492105 70471.76138667672 1277959.1195212905 1614514.6118800174 1478536.3108362919 1483190.2801450137 1341025.5666245138 1112290.2465562103 1089230.41757726 1134396.4842979917 1142566.6734644948 1222194.994024394 1147476.0542881107 1112158.1862697096 1170784.2058012444 1991701.6084861932 2946093.532122828 3604009.774770947 1499392.1061477447 2113491.8135406296 1625152.4868609207 1936825.2825956931 1190054.289679153 904028.5827876586 1329571.9125040146 1822285.9920720365 468175.45583873335 -9999.0 -9999.0
-9999.0 -9999.0 -9999.0 -9999.0 -9999.0 -9999.0 -9999.0 -9999.0 -9999.0 -9999.0 -9999.0 -9999.0 -9999.0 -9999.0 -9999.0 -9999.0 -9999.0 -9999.0 -9999.0 -9999.0 -9999.0 -9999.0 -9999.0 -9999.0 -9999.0 -9999.0 -9999.0 264809.5359966549 0.0 1360331.9228021707 0.0 0.0 35373.03198650661 0.0 0.0 0.0 1356567.9803751968 1311388.757062057 1373998.6429048046 1161849.4647052803 1186404.9848913425 1244537.7346351384 1124810.1419264802 1168980.4940273897 1094197.2063169214 1038303.2437469494 1131603.8525514985 1842217.1557909139 2971015.0885976553 2372236.951529798 1950619.8409062903 2329798.9375210507 1980499.356859034 1589261.550827737 698437.4630935651 839038.1148229716 7663448.897903755 370991.0420369059 -9999.0 -9999.0 -9999.0
-9999.0 -9999.0 -9999.0 -9999.0 -9999.0 -9999.0 -9999.0 -9999.0 -9999.0 -9999.0 -9999.0 -9999.0 -9999.0 -9999.0 -9999.0 -9999.0 -9999.0 -9999.0 -9999.0 -9999.0 -9999.0 -9999.0 -9999.0 -9999.0 -9999.0 -9999.0 -9999.0 -9999.0 1132637.8406261131 1400756.6250281432 1344995.9364228193 1345108.812518124 1335856.9595597014 0.0 0.0 0.0 1306036.9595597014 1304843.386778297 1286746.550145077 1362428.0904783201 1279486.1652707956 1218046.7202230007 1321778.400104314 1231219.9288928676 1088744.8506263995 1182560.4480294469 1212835.0178398234 1846701.9644557554 1877048.9542973116 2094027.6081732204 2250150.196444864 2242297.8749885987 1048379.5530174887 916300.2797058695 627948.7962199599 950547.7698044013 414226.1578518627 -9999.0 -9999.0 -9999.0 -9999.0
-9999.0 -9999.0 -9999.0 -9999.0 -9999.0 -9999.0 -9999.0 -9999.0 -9999.0 -9999.0 -9999.0 -9999.0 -9999.0 -9999.0 -9999.0 -9999.0 -9999.0 -9999.0 -9999.0 -9999.0 -9999.0 -9999.0 -9999.0 -9999.0 -9999.0 -9999.0 -9999.0 -9999.0 580512.1501536316 1396083.8365854886 1353083.5688040415 1338106.4469956392 1328861.5291184033 1329142.6825412377 1318716.493565333 1318371.5291184033 1304534.5878844257 1304419.6649855203 1289464.5878844257 1289422.787162112 1319316.968107719 1315267.2288516755 1157649.9844597802 1076834.7119745053 1191123.8411682588 1125085.2629615227 1191819.934051293 1322799.474813308 871744.190956017 1922641.4116814388 1783580.5545320315 592256.0011508525 1561896.7038459145 729806.8778218981 595476.9065091901 1004576.4631285309 -9999.0 -9999.0 -9999.0 -9999.0 -9999.0
-9999.0 -9999.0 -9999.0 -9999.0 -9999.0 -9999.0 -9999.0 -9999.0 -9999.0 -9999.0 -9999.0 -9999.0 -9999.0 -9999.0 -9999.0 -9999.0 -9999.0 -9999.0 -9999.0 -9999.0 -9999.0 -9999.0 -9999.0 -9999.0 -9999.0 -9999.0 -9999.0 -9999.0 -9999.0 1193936.0528798574 1346658.7919223076 1335429.0113322516 1322209.0917593366 1322285.6432425599 1312188.1950566801 1360549.9190231082 1302708.8657563715 1300018.1734501603 1289417.8406983735 1331402.990629882 1344098.5678545935 1306963.0442534187 1283407.6407605647 1120369.8659160405 1211203.3915998605 985135.396119179 1162873.0991616026 1225391.228505229 417632.6423813193 1065342.562722499 870920.530431353 0.0 5971613.311909156 706583.8461473237 1081880.898835455 154179.01513773558 -9999.0 -9999.0 -9999.0 -9999.0 -9999.0
-9999.0 -9999.0 -9999.0 -9999.0 -9999.0 -9999.0 -9999.0 -9999.0 -9999.0 -9999.0 -9999.0 -9999.0 -9999.0 -9999.0 -9999.0 -9999.0 -9999.0 -9999.0 -9999.0 -9999.0 -9999.0 -9999.0 -9999.0 -9999.0 -9999.0 -9999.0 -9999.0 -9999.0 -9999.0 336971.256939547 1491913.8040542654 1370046.6528125838 1283603.977139832 1325237.445884359 1406214.0820148177 1321740.0684301509 1299378.2031485573 1295845.9101416073 1287201.7775804042 1293019.9064198676 1266581.2943890435 1310848.850748667 1205520.4748613471 1085993.6228164071 1084760.980458793 1103436.2652745082 1128347.670166243 1120198.5082075829 373624.9871106455 1128544.0306041413 39115.93597616449 187250.56740683666 557086.8421277567 478089.97526712157 298322.8853012412 -9999.0 -9999.0 -9999.0 -9999.0 -9999.0 -9999.0
