critload/trunk/output/2010/nbud_ag.asc
ncols 720
nrows 360
xllcorner -180.0
yllcorner -90.0
cellsize 0.5
NODATA_value -9999.0
[rows 54 to 80 of 360, columns 488 to 548 of 720]
0.0 2475.2779342444555 6946.013865038112 3905.650006577067 0.0 0.0 0.0 0.0 0.0 0.0 0.0 0.0 0.0 4424.564943882906 0.0 0.0 0.0 0.0 23624.545024504798 34556.99585106125 0.0 7244.504535527274 7995.80329102265 7973.195880256142 0.0 0.0 23923.943479014895 0.0 0.0 0.0 0.0 0.0 0.0 0.0 0.0 0.0 0.0 0.0 0.0 0.0 0.0 0.0 0.0 0.0 0.0 0.0 0.0 0.0 0.0 7645.384208824529 0.0 0.0 0.0 0.0 0.0 0.0 0.0 0.0 0.0 0.0 0.0
0.0 0.0 1503.0051445968202 2346.596505875874 0.0 0.0 0.0 0.0 0.0 0.0 0.0 0.0 0.0 0.0 0.0 5447.411563174372 4233.147313776637 1575.9804087994103 3768.043891640904 41855.698697288055 3604.1740275000357 4805.552036684057 0.0 3409.12960986948 0.0 0.0 6745.866168160279 6430.552742602129 0.0 0.0 0.0 0.0 0.0 0.0 0.0 0.0 0.0 0.0 7872.617812139517 14523.493336705382 7862.028243925175 7883.711963837781 0.0 0.0 0.0 0.0 0.0 0.0 0.0 0.0 0.0 0.0 0.0 0.0 0.0 0.0 0.0 0.0 0.0 0.0 0.0
0.0 0.0 0.0 0.0 0.0 0.0 0.0 0.0 0.0 0.0 0.0 0.0 0.0 0.0 0.0 3818.8513787784013 17304.159340790946 8423.208263428853 1266.4622481592778 0.0 0.0 0.0 0.0 0.0 0.0 0.0 0.0 0.0 0.0 0.0 0.0 0.0 0.0 0.0 0.0 0.0 0.0 0.0 0.0 0.0 0.0 0.0 0.0 0.0 0.0 0.0 0.0 0.0 0.0 0.0 0.0 0.0 0.0 0.0 0.0 0.0 0.0 0.0 0.0 0.0 0.0
0.0 0.0 0.0 0.0 0.0 0.0 2776.699071899042 0.0 0.0 2044.1690984347078 4979.569473642725 0.0 0.0 0.0 0.0 0.0 0.0 3291.3670576477452 10920.142822821595 0.0 0.0 0.0 0.0 1814.9613602724785 2782.0457474299474 5248.77961304764 0.0 0.0 0.0 0.0 0.0 0.0 0.0 0.0 0.0 0.0 0.0 0.0 0.0 0.0 0.0 0.0 0.0 0.0 0.0 0.0 0.0 0.0 0.0 0.0 0.0 0.0 0.0 0.0 0.0 0.0 0.0 0.0 0.0 0.0 0.0
0.0 4178.5007755471415 0.0 0.0 0.0 0.0 0.0 0.0 0.0 0.0 0.0 0.0 0.0 0.0 0.0 0.0 0.0 2611.3353532049005 0.0 0.0 0.0 0.0 0.0 0.0 9044.438780690303 6144.854237506035 0.0 10471.699866863957 0.0 0.0 0.0 0.0 0.0 0.0 0.0 0.0 0.0 0.0 0.0 0.0 0.0 0.0 0.0 0.0 0.0 0.0 0.0 0.0 0.0 0.0 0.0 0.0 0.0 0.0 0.0 0.0 0.0 0.0 0.0 0.0 0.0
6594.955845958102 8270.849765728915 0.0 0.0 0.0 0.0 0.0 0.0 0.0 0.0 0.0 0.0 0.0 0.0 0.0 0.0 0.0 0.0 0.0 0.0 0.0 0.0 0.0 0.0 0.0 0.0 0.0 0.0 9257.532882573974 7921.39556041349 0.0 0.0 0.0 0.0 0.0 0.0 0.0 0.0 0.0 0.0 0.0 0.0 0.0 0.0 0.0 0.0 0.0 8874.66552476856 17544.13296611359 17678.04444821911 8770.24746550998 8748.070548364245 0.0 0.0 0.0 0.0 0.0 0.0 0.0 0.0 0.0
0.0 10701.879657571884 10535.650373206303 21179.549545718153 2211.79835688847 0.0 17069.423964114118 0.0 0.0 0.0 0.0 0.0 0.0 0.0 0.0 0.0 0.0 0.0 0.0 0.0 0.0 0.0 0.0 0.0 0.0 0.0 0.0 0.0 0.0 9597.166740375535 9609.778323301565 8205.626818074332 9586.47968908631 19006.632069571744 9479.97024961951 0.0 0.0 0.0 0.0 0.0 0.0 0.0 0.0 0.0 0.0 0.0 0.0 0.0 0.0 0.0 0.0 0.0 0.0 0.0 0.0 0.0 0.0 0.0 0.0 0.0 0.0
32504.586130928306 21749.324682211372 21560.678905166467 28254.054590660176 84711.04761097376 38046.03305749275 30855.76768695927 0.0 0.0 10157.138848019804 0.0 0.0 0.0 0.0 0.0 0.0 0.0 0.0 0.0 0.0 0.0 0.0 0.0 0.0 0.0 0.0 0.0 0.0 0.0 0.0 0.0 9681.235035992257 9440.941348498913 19338.523027362535 9692.426992837398 0.0 0.0 0.0 0.0 0.0 0.0 0.0 0.0 0.0 0.0 0.0 0.0 0.0 0.0 0.0 0.0 0.0 0.0 0.0 0.0 0.0 0.0 0.0 0.0 0.0 0.0
23253.225768944794 34761.405239780346 54869.702567109896 52262.32688392594 43445.016815415234 44158.4142740378 31149.8765522295 11150.531339012778 11000.818883508757 0.0 10731.231495248194 0.0 0.0 0.0 0.0 0.0 0.0 0.0 0.0 0.0 0.0 0.0 0.0 0.0 0.0 0.0 0.0 0.0 0.0 0.0 0.0 0.0 0.0 10124.181204412605 30409.841702803737 30430.279237200564 30738.722373380646 9945.684857817301 0.0 0.0 0.0 0.0 0.0 0.0 0.0 0.0 0.0 0.0 0.0 0.0 0.0 0.0 0.0 0.0 0.0 0.0 0.0 0.0 0.0 0.0 0.0
32567.41444827686 34979.98096900966 90388.06777327321 76974.94540558464 120939.60488991864 88563.02485737132 62121.17573658109 50710.663241743765 43973.16846748194 55580.59713566609 21352.318857703278 11094.606866031012 0.0 0.0 0.0 0.0 0.0 10640.383152077815 0.0 0.0 0.0 0.0 0.0 0.0 0.0 0.0 0.0 0.0 10229.7910533012 0.0 0.0 0.0 0.0 0.0 0.0 0.0 19335.450096973138 58309.45470659336 20808.608725731145 0.0 0.0 0.0 9971.395525249893 0.0 0.0 0.0 0.0 0.0 0.0 0.0 9960.506292724665 0.0 0.0 0.0 0.0 0.0 24064.32989372569 9299.36401053927 0.0 0.0 0.0
133597.6508409488 50403.61868188338 88038.6831470881 155598.22723680688 157120.01100125688 147911.91921455937 253304.72735990759 154709.3449610814 94881.00097728992 136516.8141363397 173552.9354510571 69597.34092633057 28093.501488017064 39751.75118172522 22483.126485916633 21053.564742730552 21502.295052189518 9975.154907541779 0.0 0.0 0.0 0.0 0.0 11086.495580451301 0.0 0.0 0.0 0.0 10602.600406175217 0.0 0.0 0.0 0.0 0.0 0.0 0.0 10530.948684084298 10895.900606595962 53882.666216981976 62897.84125934131 32771.79890488564 11064.168860770304 0.0 0.0 0.0 0.0 0.0 0.0 0.0 0.0 0.0 0.0 0.0 0.0 0.0 0.0 27523.773787166763 19088.16332924427 18503.106064821273 0.0 0.0
188828.59874375362 213592.67486357223 276948.21502004424 1460135.5553619685 184275.70711623697 246970.68485028646 184007.18325647502 109370.8558151871 127758.93490226514 100321.56692912197 112051.98347642989 85967.30354691303 67649.51772692535 77105.23883562163 73892.64583510466 72290.42608029756 87854.9806211068 30703.239621425513 44564.84755770239 63899.20132052753 19530.445029773327 20464.782795530467 10000.784375912132 10205.766481289342 0.0 10853.46283211303 0.0 0.0 0.0 0.0 0.0 10950.712873024248 0.0 0.0 0.0 20774.594016819843 10305.701156750874 0.0 0.0 46950.122013927146 122887.6980334553 0.0 0.0 19589.554133181766 56816.78473601054 9065.64888857078 10655.901442886876 10961.141111582168 0.0 0.0 0.0 0.0 10370.042741635127 22344.355437361868 0.0 0.0 0.0 8600.35350078854 8013.761373766589 0.0 0.0
1247638.24532245 236104.14010689524 1430559.6675818888 1819033.7040727325 403604.8758181152 1546562.2909596693 187543.92166323098 1227060.193407672 204093.92056485103 207156.628956476 1311370.1480127997 146304.96414746565 1542102.231634126 1648371.192207126 86374.96952134499 133262.9684672032 154936.26835782418 172686.98151376913 116961.12715175247 141895.89139344322 1243702.3455816885 51792.84539173925 30926.239264329255 43932.91160339155 61732.87107369176 61240.57433294912 21378.378624644014 11402.735898139323 34315.53736128865 10986.928363631781 23913.704068327694 35482.613784698915 33924.71055975926 0.0 0.0 0.0 0.0 0.0 0.0 124210.22790232871 68126.15901826465 61710.20298961003 20270.97679866197 65421.03659516637 106308.89610549179 121929.34830373153 20040.113428411365 0.0 0.0 0.0 19314.53462312193 0.0 12577.075119134504 97802.42501821986 0.0 0.0 0.0 18672.093119652956 65105.41288902023 12768.974379069943 0.0
1263625.595978605 1171827.341007763 1209184.193067357 1257250.488094137 428078.6274437811 1585279.7541003022 1277257.7881051074 1218892.946533199 988892.4670928773 1013795.5486348541 1205789.9710126165 1456366.43892154 1826791.605180557 1878542.999008379 967372.2101984238 859394.8779030456 140905.77038306464 1059478.5569350873 130258.86440443026 1077039.0022547422 1053845.7088281475 1284887.0959427995 104007.39654593158 141844.08493694733 93715.00388104771 146277.20854135777 115851.7883148482 59183.60174631496 146241.74569025345 65470.55759201781 23240.15843585787 65251.26514709124 75466.34051691776 59760.89172141472 75463.31912873848 90786.96226353332 34216.96689157467 23396.756899901447 108364.10946061416 1586030.2791162776 78588.4652816903 170480.0806686103 1501554.2112636492 61262.66157742351 126542.66845904943 73966.86424324341 113959.57467173052 129913.30764500832 54613.14563978481 38532.06361118439 71869.94300836488 62952.51416081004 936404.1866884343 68833.94799669931 41332.44504932876 0.0 9387.835585464272 83450.8250901798 1271663.5278513143 23929.436430361995 0.0
1292100.8236608366 1174624.0224495707 1472782.8221806753 1179286.6820166013 1243366.6664446443 1212857.4939594488 1330100.6237307694 1400187.3987921015 1095972.346986386 140655.43629902555 1429091.7816536212 1253846.7532374803 1323332.390363534 1126724.0388219221 1127400.3287530434 175544.99394711526 177657.67106184224 1070393.6052509118 954639.314372634 604503.5553675592 1030941.1376065691 1455087.4781557173 926805.8441097573 133776.9419015767 110685.62619799585 142502.44459895953 157303.08728241315 134529.92927952914 115586.02527658059 73796.19108633761 102233.65687229682 135245.61870297324 55920.20738903177 48131.26419067409 149711.12812698528 76594.93497619446 65001.00566850841 96783.8190540995 1484601.391822148 1454858.2312565073 1262656.8970228946 1707656.3441763138 1793385.2298569018 192775.07167371828 81359.51651389783 0.0 9501.611579680175 52816.61752535807 67301.96341894043 153684.47332160012 120664.42038091377 76603.04030074365 82613.20204707526 41999.17200654029 36624.8260640325 9332.319099555942 5088.801697343699 17679.53047080159 31453.76654410819 65267.295775651466 68574.34257653909
1497257.4216977926 1497670.375784277 1505012.2002682285 225089.62939618947 811266.7354462128 154633.3069608627 210712.9504680643 137568.99940291478 1656510.804585943 365547.01352432696 1406982.2647922635 1121074.2533003027 979882.4145798823 305286.2038176791 202422.80101807206 1036946.9546652264 153797.2955728568 1330114.6672504325 1428871.990763165 1116509.349473359 704430.8640629086 573204.2220271965 804371.6177176107 129064.13938587322 10107.456971538704 7359.605823387203 59308.770198514394 10120.741429311169 79380.79858321487 136836.05834352085 120002.52470835648 131914.3898425086 164703.04381185398 165235.93984852685 169644.41384718101 167266.03587537096 785250.1248361873 1624445.2538150214 1841719.2022698354 1554025.2581937397 1453586.1508069644 1232114.4330015345 1037524.2932913615 1522476.9992822548 1316373.9799419115 82073.14633621107 0.0 24714.259695985507 0.0 23339.04150965887 29511.72793269466 85701.02715610829 53880.096629500564 906700.351493327 54362.99978563172 53004.27842800249 16161.04356048596 4998.154086132443 0.0 31062.389694361686 26232.527743775936
1562447.680316966 1756658.6251880694 1657440.8872733861 1482115.8516940153 992317.8074106178 1188325.734110887 411569.49585085036 404526.18246024055 541427.2304849895 2028560.3282858813 1986279.9277747907 1952998.9735234492 1881078.1085947296 643410.210562808 1241607.003087785 986687.6983568529 1079781.9358722027 1357069.4953988744 1361253.0361858336 1425267.6116188806 1250694.222656448 951880.1447249255 932483.5331807118 151240.92657129886 139574.9924879258 146854.68218027567 767099.9821021026 88229.19992463943 144463.7322691807 79860.36988255812 174223.25309058768 946012.0269749928 835853.464874309 198202.1441981867 1132380.7810307452 211878.7500170339 1288269.5549553297 1195374.3427521465 1720848.2423966946 224325.7059548525 129192.28537327494 123704.95258207666 892395.7168999058 972676.4694250515 1162614.266565008 1183400.3233257583 36164.21059792841 12422.950006430452 11941.602130428539 11991.004299750603 41332.778965754784 80141.6409006159 89003.42049915309 99521.33681174344 38315.98250996228 19978.0445837055 17286.179933439154 0.0 0.0 0.0 10590.975174878611
2061622.736862164 2072683.2041021707 2156460.9296681657 2097498.08943081 2054444.7614948805 2056923.5475229304 2074544.2262761015 2088929.7048381874 2001606.9055500627 2026215.3778988346 1932133.2283849055 1885075.7231839504 497337.6946030385 1897525.1141304988 1511155.5967862243 1777597.1719314326 1817908.8116553416 1652400.0139912935 1463540.4004281042 1485507.6078842785 1349196.390701238 1410170.0958873723 1791548.569883855 409045.59215967124 1476445.0319456607 1312938.3986988459 295882.346569038 248659.05713703413 910400.7890798538 181084.9383023458 810349.6332644091 820459.282818329 902217.4664613646 1026808.1054856325 1067637.2904573292 188938.2727702125 1167409.3197803712 1174938.744205452 1261179.6095026713 1336153.7231744407 165090.0615553914 38958.86722539997 12525.360699224359 83113.06735956419 979792.2937134039 1311287.3370696404 73092.80144545197 11958.601576162022 12212.468840848866 12212.468840848866 11872.984724632792 80838.61573230897 75502.85209907079 86930.22284907114 75250.14248897717 987057.2024444169 71263.74410565896 52671.290962880244 0.0 0.0 0.0
2203928.588522218 2073914.6404995415 2153897.5040428834 2133698.585337421 1999099.6572632808 2058104.8381554568 1992483.6480206857 700608.1167619487 2062035.5749995336 697241.0317186625 1997865.1600163588 1989964.6659767404 1952875.8970670039 1885630.374033722 640944.0591521049 1901755.0939108534 1881841.6998668723 1864019.4197460897 1653572.9012888917 463128.78437859076 436030.6376163396 529146.5674872804 523070.58427045774 604901.9462364507 606536.4590695566 541048.9330999679 340328.62793120556 289523.90257493756 310497.9247902399 258155.46762836375 278486.93428261625 787743.129230093 929904.2630988779 954454.8465197701 1313447.4454065384 1135763.248224215 1459535.1243504947 99778.87302741862 1250115.0069091073 1237984.4765892513 957604.6289114109 1071374.567633045 843589.8805261818 88583.37969861575 11624.081240582505 1121183.51118461 1512382.7422896558 32884.31279376702 14852.300804265033 24028.377542542745 11739.60926555474 23212.691593957556 65342.06603607396 143956.53710870352 218588.7025242839 1470662.119906487 81874.36705798609 80080.4372843916 8407.687025990264 0.0 0.0
724689.4926124117 723822.947561411 718347.5040648305 700517.0372592343 722038.179708031 719694.9266141634 719566.9887527474 2083381.9918562323 1952391.2422554316 2045325.9075372964 679324.6561853308 2026002.291756926 1905352.457738677 1980656.682137534 1959515.65957696 646662.0771397077 643564.9218764738 441541.6034556087 572313.1252186978 628763.7669974039 615321.1594542533 460849.0580898451 493702.4367543021 483316.69879387505 492663.0445632171 425909.44124205003 379755.45217609627 403230.64339940064 320680.37384610367 373814.3361156755 368515.0586092351 1432139.7140057068 830670.6165976122 937656.189091403 1072613.1794120036 1118700.7334581371 1568962.2790666148 1518336.7843872868 1752063.5783866318 1570555.0104841553 168389.52837995812 1113808.6754454365 1184263.2066394659 1083414.1612321986 163454.2509542948 24769.802016658097 98109.29538741382 0.0 0.0 0.0 0.0 9330.508056884762 87053.4825950748 1554220.375051207 1805607.7037490932 1329516.4961294793 34887.49719108094 23664.181611027423 6669.916558324054 0.0 0.0
516688.99979623547 388120.6172627257 496893.7079634324 567692.9631808582 598322.0530590655 670111.7400144185 721281.2623246997 2141354.1861201655 682748.7237607269 2067711.7254645796 2004335.222204484 2032210.3909460036 1919059.7917268015 1959933.4405797888 1901795.1778923431 652503.6567699315 631102.2977295271 637357.4290189629 620707.0534065855 467102.18992078584 424970.22974081815 463632.3588525825 406569.3516825603 445350.66541596735 471905.74000033876 490647.0672648391 476524.6674964074 432106.65205938136 441550.41505533014 438999.8477750572 473943.6361017586 297090.5136840879 399973.9463006961 930483.5974993003 1007803.3959544776 1096237.8606705056 907663.3687137258 1384524.1455788962 1381810.9374293648 199072.474304687 12577.600967782295 1059044.6224874617 1356310.0077697467 1416993.7652926175 1131672.7286282019 80016.34440153756 12346.898160305445 11090.805149338797 0.0 0.0 0.0 10934.81438155059 51795.2593708738 7411.205139828402 5131.098227353003 0.0 0.0 0.0 0.0 0.0 0.0
641124.8212879291 503058.2982596902 504416.7620538266 544389.8354693796 606429.6479292228 565566.1890044857 466050.70138665824 505866.03376770974 554234.8713477754 2173047.5911439788 697457.630471813 697225.1894608377 2018756.67258206 1980158.3441513637 1944058.7897204524 1924981.8975552674 639865.3184339255 640218.5416077068 470910.59653987316 473954.7780602495 452688.95427753124 435479.3823046088 467933.62349676853 486546.7209288222 504966.4456990217 570275.6970188494 536686.2157273854 476718.4553411016 425936.7678418113 354181.75323527656 368574.0316833155 492419.13351764553 420445.00560913654 1184084.8693769127 222963.0580203028 1068668.5613024132 1194513.005247592 1208011.888249495 1257601.8592658723 1456418.171225313 1422355.4243337475 1319597.1517359437 1552446.021714219 1392944.549150792 118753.18500046432 12231.71947121223 0.0 0.0 0.0 0.0 0.0 0.0 0.0 0.0 11460.325667614667 22770.70605655181 18582.857329787992 0.0 0.0 6530.7032511153375 19198.21369167426
494534.9404105486 494897.0678787909 476898.3314039975 479313.27961408487 559157.9707780222 521819.9871377386 623153.4546601018 662080.8984542359 568065.8421497103 510943.0496946317 585116.910404685 543253.895097818 438476.1823675558 1962159.3373757806 646221.403674056 652737.6913371049 642265.6818170035 641348.3282383229 563826.5417605045 501527.4179984797 491669.3119052956 419405.29704912007 533108.6778722014 418817.1374541442 522946.40419260925 366128.5926724798 450889.50049391575 470915.3991794961 513918.05950176367 570272.132467878 448847.77221511386 212506.3543931222 205609.5936573845 149716.18575071456 1075393.4427801007 1050261.1471077022 1336141.3493425013 911844.8108603794 858938.596145161 103160.59739541693 122107.09322510124 68164.66587070771 41805.40763553273 59576.56958346593 12432.259281942035 0.0 0.0 0.0 0.0 0.0 11370.881517153375 0.0 0.0 18764.367864117172 36691.51252991904 44006.3071543799 37788.74017841127 22032.45285760041 49340.494941859506 65960.08501568431 56147.61360609182
520254.5288338112 500736.75220417 504344.92781802407 484840.18671715725 583646.8592543509 544713.0562908154 551257.7001851499 509360.528941032 483944.29473329056 580109.6520181908 477292.60278486204 457577.7896193017 478668.2453717429 514266.77075466234 577299.6083193659 636334.1910389559 586095.559634137 438830.7498695401 416835.754421112 471688.9742265593 578414.1876457443 449437.0826140982 612184.9678074734 544078.3493417613 611508.7333290721 426086.52163096354 445102.9010287039 460523.7823700877 490083.2945886259 456198.71881023934 466728.2342505525 365145.8085053519 301751.7129082959 520682.08912256313 1788441.6772797443 1173221.2256501522 220209.7255320307 104738.18723576434 131428.40842047567 61136.93114277453 53537.33147654074 61809.78598733383 71614.4990455581 48394.4647245603 24279.60352118021 12604.470009451681 12132.153223937872 7761.0531383539965 0.0 0.0 0.0 0.0 40429.638290322124 90442.67055430275 81281.56960515515 24492.800856829825 35162.130437820975 39199.61663691641 30957.67855749128 82880.31157262519 46153.78836003109
522263.8065360789 522048.3248131452 508800.6760983248 436628.4644629527 440247.61253629415 458604.6544266483 441022.34408769617 532103.0858444034 492192.21317273355 437119.4389288421 473904.333543577 410772.5193451275 495300.2104138583 535658.9295996737 445731.5890982044 450860.50272995105 577351.23500609 563130.908022617 484867.97882608604 525609.5366700504 412538.4042125015 495784.65409524203 379157.84841822926 446839.5402579624 593256.2818121312 576841.9104524762 478336.20998802874 462299.74415345676 390960.152662402 423390.50768391974 590839.0661396421 533676.7460721175 574853.5122102762 615512.891657734 1823713.4646749478 1771078.8616137998 1509580.8916859906 431613.9217030732 596453.7789074644 363768.05847530486 79070.79545281245 48455.728350540914 22936.60598030244 30202.37340855971 29472.805051884672 10745.652211979228 0.0 20891.47525105902 9927.64956653089 0.0 0.0 0.0 16418.873346123844 16388.181079684597 41399.57269858057 152468.5461092661 1985937.479338359 136750.74131291115 99327.7459223895 102826.03158569883 87036.60424583481
472318.8288671938 527696.2903116536 532618.4634797382 532547.038203418 519023.3891289199 456782.28867865773 427635.37373749726 542006.1162456581 533849.8563029855 367574.6746094832 379657.7539505004 469371.4062550436 441376.83402174804 439770.6935871262 460499.7543679923 538290.6560725104 524212.6297935641 491814.67666824046 504709.0168044134 530044.1903148622 535284.6962526741 552197.4855958812 569908.4986445515 518824.5585114248 582257.1485059871 466214.63634106703 466718.06655795686 433542.8001485313 411719.5050743972 395354.16500475 496813.6098321725 546578.4740328083 451750.380194183 575069.5972311404 468639.7840969742 613116.1595571397 504776.64287771797 378286.184553233 450676.0345699417 518500.26502754306 816413.7452562223 193681.75370814948 60346.079932419234 30190.846471014316 31138.708342367507 0.0 11313.387125761983 22910.7574196879 0.0 0.0 0.0 0.0 56509.77793802845 498671.555334253 605501.1153788099 680634.7885750879 390710.2763344706 16264.26362791843 402345.6438398685 636978.2677235126 572883.9233315629
435598.40437568864 452525.36090481794 487789.38438740885 488122.1402662634 491067.30507609854 491337.17454924993 494571.74048167234 494430.8805209901 486710.1548395071 486872.4748606265 475311.67006602 474593.7243969117 471487.3030904927 471370.94389166916 428072.2944956939 444359.1884604413 458310.28977535013 489056.0849656216 469238.5563039086 537953.7344138883 585104.3698009979 552678.6539549017 520655.03970360244 529436.1551812151 568133.8239914891 568850.2301351291 223863.93583443528 224614.97435409087 563553.3502346394 563572.7935415697 441567.3422790733 536023.6549468383 1585331.28783804 551906.4644842399 1493681.8514530864 1305678.555484186 342431.29873843584 1873121.6976801744 0.0 385199.64570575475 559090.7407743274 447011.94015900185 198797.07090960315 76653.13905272484 15404.920875465323 74435.2946385851 10309.806319189709 0.0 0.0 0.0 44944.93096256541 209291.1873411897 915043.438335646 885066.7035596566 242897.87067399314 627303.9876742265 646608.9494933756 620601.0182450684 628263.8037333027 621693.679267955 742497.0747049511
