critload/trunk/output/2010/nde_ag.asc
ncols 720
nrows 360
xllcorner -180.0
yllcorner -90.0
cellsize 0.5
NODATA_value -9999.0
[rows 135 to 161 of 360, columns 366 to 426 of 720]
0.0 0.0 0.0 0.0 0.0 0.0 0.0 0.0 0.0 0.0 0.0 0.0 0.0 0.0 0.0 0.0 0.0 0.0 0.0 0.0 0.0 0.0 0.0 0.0 0.0 0.0 0.0 0.0 0.0 0.0 0.0 64841.03817245899 130299.55113153375 0.0 0.0 0.0 0.0 0.0 0.0 0.0 0.0 0.0 0.0 34430.57957311858 0.0 0.0 0.0 0.0 0.0 0.0 0.0 0.0 0.0 0.0 0.0 0.0 0.0 0.0 0.0 0.0 0.0
0.0 17145.639938297445 17076.62320578512 0.0 0.0 0.0 33609.76966137117 0.0 0.0 0.0 0.0 0.0 0.0 0.0 0.0 0.0 0.0 0.0 0.0 0.0 0.0 0.0 0.0 0.0 0.0 0.0 0.0 0.0 0.0 0.0 0.0 0.0 91063.83452550024 0.0 0.0 0.0 0.0 0.0 0.0 0.0 0.0 0.0 0.0 0.0 0.0 0.0 0.0 0.0 0.0 0.0 0.0 0.0 0.0 0.0 0.0 0.0 0.0 0.0 0.0 0.0 0.0
0.0 0.0 0.0 0.0 17145.349052109857 17182.891454829667 0.0 16895.149160011435 0.0 0.0 0.0 0.0 0.0 0.0 0.0 0.0 0.0 0.0 0.0 0.0 0.0 0.0 0.0 0.0 0.0 0.0 0.0 0.0 0.0 0.0 0.0 0.0 0.0 0.0 0.0 0.0 0.0 0.0 0.0 0.0 0.0 0.0 0.0 0.0 0.0 0.0 0.0 0.0 0.0 0.0 0.0 0.0 0.0 0.0 0.0 0.0 0.0 0.0 0.0 0.0 0.0
0.0 17301.894931846437 69108.71742927068 34540.43018845352 51737.39253480831 51644.38845154901 17069.546961711254 17146.924585941964 0.0 0.0 0.0 0.0 0.0 0.0 0.0 0.0 0.0 0.0 0.0 0.0 0.0 0.0 0.0 0.0 0.0 0.0 0.0 0.0 0.0 0.0 0.0 0.0 0.0 0.0 0.0 0.0 0.0 0.0 0.0 0.0 0.0 0.0 0.0 35440.833382714576 0.0 0.0 0.0 0.0 0.0 0.0 0.0 0.0 0.0 0.0 60757.779647625066 0.0 0.0 0.0 0.0 0.0 0.0
34515.66515094446 0.0 17210.792895343966 0.0 17180.440327236392 51486.328385851906 34313.031971363336 16884.11795274225 0.0 0.0 0.0 0.0 0.0 0.0 0.0 0.0 0.0 0.0 0.0 0.0 0.0 0.0 0.0 0.0 0.0 0.0 0.0 0.0 0.0 0.0 0.0 0.0 0.0 0.0 0.0 0.0 0.0 0.0 0.0 0.0 0.0 17649.80762314288 0.0 0.0 0.0 0.0 0.0 0.0 0.0 0.0 0.0 0.0 0.0 0.0 83123.7915694704 83286.82863195687 0.0 0.0 0.0 0.0 0.0
104455.75273551328 123899.37238488902 227789.56557899338 228382.9580249785 69689.27770950734 34605.27595386733 0.0 0.0 0.0 0.0 0.0 0.0 0.0 0.0 0.0 0.0 0.0 0.0 0.0 0.0 0.0 0.0 0.0 0.0 0.0 0.0 0.0 0.0 0.0 0.0 0.0 0.0 0.0 0.0 0.0 0.0 0.0 0.0 0.0 0.0 0.0 0.0 0.0 0.0 0.0 0.0 0.0 0.0 0.0 0.0 0.0 0.0 0.0 0.0 342323.94072920457 83184.04336390436 0.0 0.0 0.0 0.0 70453.46406152952
70180.59823301155 142205.114138961 52572.56984172424 17392.073467654456 0.0 0.0 0.0 0.0 0.0 0.0 0.0 0.0 0.0 0.0 0.0 0.0 0.0 0.0 0.0 0.0 0.0 0.0 0.0 0.0 0.0 0.0 0.0 0.0 0.0 0.0 0.0 0.0 0.0 0.0 0.0 0.0 0.0 0.0 0.0 158683.93612500952 63501.54598602696 0.0 0.0 0.0 0.0 0.0 0.0 0.0 0.0 0.0 0.0 0.0 0.0 0.0 347066.6659554319 312070.7122049654 0.0 0.0 0.0 0.0 167111.75708509525
0.0 0.0 0.0 0.0 0.0 0.0 0.0 0.0 86274.81249076196 165648.63269328434 0.0 0.0 0.0 0.0 0.0 0.0 0.0 0.0 0.0 0.0 0.0 0.0 0.0 0.0 0.0 0.0 0.0 0.0 0.0 0.0 0.0 0.0 0.0 0.0 0.0 0.0 0.0 0.0 64561.83048200202 31910.975013796135 95541.44181009216 0.0 82407.91383684959 82515.2716637734 82701.21048111834 82671.5190577703 0.0 0.0 0.0 0.0 0.0 0.0 0.0 0.0 0.0 130722.96296586636 0.0 157267.73576065386 84251.49476762659 0.0 0.0
0.0 0.0 0.0 0.0 0.0 0.0 0.0 0.0 84160.4084036948 166985.2761692541 0.0 0.0 0.0 0.0 0.0 0.0 0.0 0.0 0.0 0.0 0.0 0.0 0.0 0.0 0.0 0.0 0.0 0.0 0.0 0.0 0.0 0.0 0.0 0.0 0.0 0.0 0.0 0.0 0.0 64639.835674708986 31870.469380806913 0.0 0.0 0.0 0.0 0.0 0.0 0.0 0.0 0.0 0.0 0.0 0.0 0.0 0.0 359160.22447336063 238725.8005729557 505839.3325876859 0.0 0.0 0.0
0.0 0.0 0.0 0.0 0.0 0.0 85087.40610199246 170066.53574964017 509581.30573233694 261930.7950821615 0.0 0.0 0.0 0.0 0.0 0.0 0.0 0.0 0.0 0.0 0.0 0.0 0.0 0.0 0.0 0.0 0.0 0.0 0.0 0.0 0.0 0.0 0.0 0.0 0.0 0.0 0.0 0.0 0.0 0.0 0.0 0.0 0.0 0.0 0.0 0.0 0.0 0.0 0.0 0.0 0.0 0.0 0.0 0.0 0.0 0.0 79326.44600728716 0.0 0.0 84730.01404179067 85383.62961518441
0.0 0.0 0.0 0.0 0.0 255679.51110580753 852822.1061987479 428066.1576092226 425811.6520955634 258608.81392613475 84462.81252638465 0.0 0.0 0.0 0.0 0.0 0.0 0.0 0.0 0.0 0.0 0.0 0.0 0.0 0.0 0.0 0.0 0.0 0.0 0.0 0.0 0.0 0.0 0.0 0.0 33001.577037477466 0.0 31918.095280674956 224515.39556836526 226548.87371964724 32342.996571196876 0.0 0.0 0.0 0.0 0.0 0.0 0.0 83462.10230222615 0.0 0.0 0.0 0.0 0.0 0.0 593306.6632328914 0.0 0.0 0.0 0.0 85485.03376586823
122141.99036854677 0.0 779066.5420987357 1390609.7847271801 957755.9469082442 783325.5922880982 869933.0833336348 611962.9375321692 345898.11612087244 359187.10289420665 85938.3772958849 0.0 0.0 0.0 0.0 0.0 0.0 0.0 0.0 0.0 0.0 0.0 0.0 0.0 0.0 0.0 0.0 0.0 0.0 0.0 0.0 0.0 0.0 0.0 0.0 67501.92063140229 201649.5277533451 164471.65319798415 583986.1417457133 199227.31674159926 0.0 0.0 0.0 0.0 0.0 0.0 0.0 0.0 0.0 0.0 0.0 0.0 0.0 0.0 0.0 428287.7753985051 171283.45900741094 86046.28876119042 86459.61342566981 225175.66544908995 745978.6681349678
489019.6258156958 547480.70245505 2279381.708127105 2387400.9271105677 2059128.879193675 1657741.536946639 1218751.4618788916 782233.7294543821 607841.5977041628 433322.9950073595 0.0 86381.2379704628 0.0 0.0 0.0 0.0 0.0 0.0 0.0 0.0 0.0 0.0 0.0 0.0 0.0 0.0 0.0 0.0 0.0 0.0 0.0 0.0 0.0 168710.43035075866 372396.2989457429 473795.9595656792 641362.3149612355 603291.5570459623 460570.16331431014 166107.595863276 0.0 0.0 0.0 84412.33091269188 84218.91824114256 0.0 254001.94204612973 0.0 0.0 0.0 0.0 85267.8908017651 85323.54740471624 0.0 85819.28321961047 85666.27692400261 86181.84490845219 86279.75448525762 86490.22982342994 494937.27305751684 864417.3406643216
1454088.5385864857 1581822.8755873842 2236455.866047572 2142219.466805935 2233434.198464603 2328996.4837733856 1960013.4430794443 2132559.9334447877 2314467.72720466 1774379.8884027668 1502565.3600338981 1149951.0430780798 527334.4249210695 0.0 0.0 0.0 0.0 0.0 0.0 0.0 0.0 0.0 0.0 0.0 0.0 0.0 0.0 0.0 0.0 0.0 104129.32196729702 347212.3824052756 174646.70629798382 314362.5738504432 841264.7511305177 840095.77788672 943378.6869109102 897882.8552102908 795677.941737576 699605.3025015364 488105.90039201203 174083.2346004996 170833.35000758828 169788.2235533269 0.0 83919.3298072098 256442.69833882665 256131.49308025063 170458.77779071583 0.0 0.0 86156.78544309767 86416.55129619791 86473.89409921777 87312.99491071505 174278.91255531507 351407.09073087934 87833.1495282035 510477.839941941 1227838.4223978852 1308840.8066753848
2506701.0578724537 2619769.7599729006 1972120.5229091235 1970909.579721265 2327043.17701241 2327042.7989855525 2409763.982797139 2629361.705705393 2645799.016335501 2423024.1813479103 2126513.166342885 1948565.6556838308 1411000.601873989 441220.9481618046 615438.533125542 1054441.1836213763 350307.643464318 544488.2772413878 248225.4848752145 80654.41446196634 87115.42742257722 174158.29301802136 103608.14136554264 138124.1702210465 103429.83050141245 68941.27990790247 172605.6205359072 414281.39840594033 380665.50531127845 415191.60313124256 348178.285674228 557066.4714302744 770583.5488599837 770484.1886160757 984462.5425757443 1065561.500754328 1051720.552323296 1022340.8094122987 1016462.4662963416 1020393.7568446784 2319848.2066429732 2303054.458790058 936610.383553081 505642.8619585438 169496.64410813572 510188.0727497589 1007924.7943834288 584294.8213454591 85403.57274812469 85547.70096364786 86279.5690299735 259294.4227193696 259679.3070222369 608745.8312730715 436476.7191207533 261725.29841324812 527969.717314523 263974.31529369176 675972.9634112279 6186369.991249761 3138184.721391145
3107705.044575708 3024515.9857421718 3602735.4405890224 3331490.751775894 3624249.483308269 4189649.181890556 3138967.8660170417 3497744.2766297506 3724129.643147948 3956342.887352371 4728161.923839832 4159553.7699697074 1897948.3062639716 1897674.1961647754 1797112.3472719812 1978243.4280185732 1522875.6426006837 1703037.7010822305 1518314.68080161 1607854.830132471 1425949.4616491594 617529.2871937202 903002.4898424679 1046609.7817460166 1004952.65721432 896976.8435345351 823928.5007205632 788088.5853597397 682580.7900323067 862224.794369625 977744.3838090573 905072.7069123839 986433.38860325 1022665.4976825842 1008574.3424354994 1105379.062523739 1117807.657570917 1058654.166162943 1146948.649560003 3208184.7920625783 2837422.187936235 3012207.6534072305 2434768.7644112785 1509232.157372205 1125484.5700542754 1359157.0968729611 946965.8036644299 521919.81875368423 436494.358968981 435730.5285266852 611466.6307312138 615512.9392012361 1846976.1366156575 1671051.17226592 1238989.5058227542 808278.2952340865 1445537.258072821 1353001.7577103698 1511878.8201446338 6337683.441414794 6386914.680606146
3296533.670326202 3702754.4505453887 3577711.8550193934 4233516.014723857 3437598.5893603344 3884608.0667636287 4076720.823584609 3736636.8922694214 3460653.5152483075 3960233.132745573 4720026.772284523 4459988.769158291 4511710.493116939 3334753.9498076276 2157415.467738083 2343125.6303790077 2156025.591213009 1976720.9106459285 1879999.8866021151 2237466.4957769625 1248618.0069561217 762961.4022235409 1122276.2344515054 1086905.6467282907 1114519.7759551639 1115665.8282814843 1111583.830331191 1040157.7317539098 1080039.3859635647 1080110.516351784 1124754.34278707 1125233.5189512528 1134851.2016125333 1041375.2235191236 1018748.5418098806 1118879.9890707603 1075891.187366176 1163850.5493109177 991894.38672384 2834454.8360444466 2960883.0629274277 2681501.70319372 2094625.4868921335 2637490.5326999403 2209362.7722802483 2068456.4924869644 1483976.083774588 1754157.5418161717 2167227.910980359 2071406.922972133 2011992.1003992732 2666154.4827616387 2728035.769829986 2790121.1496118335 2697444.6446921644 717842.1198161994 543073.3497887641 3050732.095158872 3261142.6291579055 6363023.730553624 6537437.52890246
3954004.1096763047 4127645.6378054335 4008726.0351779154 2580578.9937541415 4153629.4443183313 4351151.787987992 3545880.3162446967 3742882.485749299 3969438.8979900475 4129094.827257734 3887254.119372517 3099986.616896694 3704139.329082506 4612879.993650894 3069512.5268389815 3672321.2972959094 4375394.261149955 2404648.810883754 3214688.707505124 3373394.555821932 2036172.2043173802 -9999.0 1036886.6025368359 1198083.804116749 1259824.0108184873 1178525.6922600477 1166865.186962152 1169692.3561437917 1175666.8327173796 1128255.0209669753 1106460.8942004966 1151931.4954526222 1199639.3569239452 1131821.5230554107 1114636.3236879527 1060223.92433479 1174659.9606985282 1004298.259089289 5387117.930566991 2508976.2377696163 2739417.688657243 2571394.807323168 4053878.0801753965 2332876.363888233 2778441.600237264 2739925.445883826 2752488.7814385993 2680633.6562959314 2688254.8690068033 2755055.8460081127 2866763.4151760642 2772203.423706081 2819897.400773913 3084224.0852141916 2859022.9845570987 2406184.2101154085 2429007.1176813026 3411017.407424625 3436555.7122111144 6616896.869774604 3588148.6013847813
4703409.5402939385 4014397.6849191347 3226778.4752739067 2806066.508766614 3405108.6018966916 3939102.40185751 3159725.3465715433 3964667.8980163336 4534176.909009936 3520847.1414528494 4354985.145672188 3942485.274759718 3407722.6786594335 4694143.157184318 4740866.711317119 5126981.893633707 5599910.046915954 4541341.463631155 3630996.192232017 5462644.038378859 4343365.103239878 1739559.490294564 -9999.0 -9999.0 794065.6919994667 1103311.4142256458 1074606.570418011 1079447.9449823168 996865.1284094728 940927.5199426871 1135678.197157936 1055409.8519781893 1101053.5801747467 1131909.9304943464 970099.3523170436 941839.2808747976 1059781.3504033682 562884.2751743576 5210090.785552383 4540729.742241016 4610188.346225297 4272031.6114422595 3730105.322214396 2043774.9629670633 2989561.349845162 2849321.2291724295 2687529.0104463813 2688901.9929591506 2865216.447610653 2947910.23915449 2878168.5430738507 2784967.303553015 3186206.0235786545 3174486.1626798506 3151439.6412373767 3150270.6212593513 3432227.729175235 3386278.8196204887 3399373.7712994358 3400753.905238919 6070884.403325174
4932439.589040621 5432601.446093848 3075890.0116011286 3236269.585916018 1475848.3025827967 1449494.2285044016 1686591.9832409222 1286749.7126220597 1613369.2854528315 1291180.4650689994 1694725.9686860992 3316210.3032805473 3943268.770412175 4167905.346312688 4593868.697191581 4790787.297111637 4868603.873838359 4746072.509358052 5596261.925218435 4651965.829907492 4169492.182300144 2666916.0081331353 50158.59604186753 655440.6523716354 819553.0872258024 1013155.487384984 747124.6040128635 680014.6147943828 605459.3498016719 736186.5641283988 796660.6288770922 883263.024815367 807838.183132522 841184.0455594552 808859.6378977902 774324.6641090024 884063.2115850908 778462.5191544974 5026325.076161761 3505958.0322141265 3079892.6373558664 4172464.0101955384 4056093.1912127626 2414173.930619131 2937454.4694424085 2978693.667266321 3008804.921890061 2737497.879338519 2750730.479398535 2933112.157630525 3145918.172491968 3362057.5642224224 3212564.1287092254 3398867.9953957987 3261487.2643217407 2970632.178786132 4896378.409508022 4942850.262440855 2725300.1691451557 3602848.9006832363 3871375.710293826
49601568.906955816 2893597.1190467337 3889000.130214004 1778377.3271325373 1678551.5099202977 2268156.5183198643 2255933.9987916825 1373393.2172835497 1385108.6211332073 917778.724831529 1142707.216997509 672979.9289119382 393172.3498615588 3973109.1839167774 4239602.145731831 3991115.4991021566 3338649.264608587 3104279.3602338065 3092324.548733809 3291761.6460459135 3685326.1183744604 4523034.744513021 2109315.1845375937 1537498.0678457043 1011636.9979673924 828279.4723993356 704943.4825347064 784343.5379648614 4826371.563663287 6907086.214938976 739522.5413451014 6077019.5228277845 773640.6178055013 849490.8383329101 1051402.0144422455 860862.7397254048 891455.6975308337 846277.7128730303 7212925.333300182 5500175.179952478 4509956.41067538 4663585.208082605 4662493.121410537 2634765.2591225207 3076070.245438978 3064569.454780104 3167240.5945916977 2832195.3641389506 2846286.911955356 3177526.7417604756 2786879.7401515013 3205651.3722785525 3296510.099315196 6767830.660814775 4583144.6301927725 5590228.392300681 5041406.169432996 6124478.350243304 2678076.29295272 2451254.5657379446 1747876.8592947614
2793444.960349858 1181020.0851634569 2063262.2555091435 2135074.0042799995 2324353.6905983225 2859872.981042174 2138450.3182209586 2070138.6380145447 1471483.1052851586 1073800.9665512121 1090676.0216709413 910715.6615195792 958435.839677729 1156840.384769462 1161764.2964756575 1153790.1307278639 977212.2683841832 707075.3617989206 441306.51932838355 727110.8152953538 3045004.6317037432 3484044.8463667296 4363702.118008882 1278897.737218822 974643.4390828713 833849.7495006189 7159308.127506522 8574032.840405466 6208366.260532337 813537.6695717906 711255.301436625 765059.0751948196 1095208.3848823982 1044704.6792028357 1110718.6935810135 1103320.8010347588 1057439.3515028146 1079833.5501587589 974438.1604396107 2511306.6110140425 4408053.570000388 5951726.582855911 4865100.332379298 4975920.660264803 4357531.454257425 6318918.14953333 4996602.2896098625 5077409.829037992 5335182.204829471 3196768.134563832 3287474.068724169 6272833.3941152245 3245341.826054682 6251412.859440346 6714436.0521401595 5255138.573193804 4031501.485802207 6025921.5965128485 6108875.552411043 3799812.816933743 1886296.3331433118
588073.727871166 2195806.63389164 2038477.334154851 1962029.7090749545 1328249.999042973 1166599.823178678 1410165.0261601014 1928019.111285165 1295102.503803736 970097.5546575034 1005285.725636652 1194883.3566314282 1435862.7622281497 893138.7297123721 1395869.9991526979 1390648.9674661781 1497196.2820174694 1572445.7553798943 1019025.0705075172 1363998.359093002 2194211.9507725528 1128140.5864638318 3969431.8561325846 1041109.3868147715 6025710.732721324 747363.2068362547 7586171.540667226 7638038.109474499 913421.4654383729 898713.7952040248 789417.9735066413 1060723.8936827173 1058936.829470719 1084897.8744128137 935750.2507527944 885871.6147479345 1038315.0617592549 1163619.7501433156 1168614.017397898 951005.4448670871 4314355.516290791 5920756.316784232 6386394.773334792 5980851.952337448 4645403.759713607 6061015.075198824 3252691.700627832 4895973.631238453 6554943.368446864 2467805.650599971 6385123.1330045955 5803019.276848603 5964843.019766823 5898100.835855903 5268726.844127531 2937117.023908884 5393523.710031223 6165143.695240834 3586389.7847470334 6655301.051067097 6737244.336252643
675818.5147773642 2799330.784377322 2704339.973210647 1557310.8775893608 1834006.6572157352 1618868.9200818404 1386267.2348077 1600422.5245655254 1349779.7677977523 1261069.5375030837 1144743.8078944315 2101837.421688382 2151323.938085479 1902486.935408683 2373719.377193104 2410682.4525568327 1988733.0639489684 2117630.13607298 2418500.924269011 2909372.0141961863 2619767.7532214625 3114335.8219496477 4360120.605299764 4795029.810047003 1001781.3877604011 1012248.1511043612 844712.0658594453 7167124.44772856 999507.2186276887 983817.157400168 1058834.5621194046 1077932.6662691843 1223637.1249034014 679906.6210646112 1046340.4842324535 1137540.6641610025 1160773.3244023055 895118.1579650926 3065496.8977553835 2821318.7734820973 4705486.975258349 6115788.933197601 6230209.181478085 5844873.949443664 3931030.860472708 6206722.21406661 6266952.081975056 4167143.1172101735 6744262.492007846 6668643.218556761 6626865.28026677 6443612.549515291 3573139.191321961 3291881.578855082 4642072.7306798315 3061795.7035037214 3479488.5205201018 3791551.3632820654 6781595.1884515425 3933615.5787936645 6896453.550423839
965310.0022727242 2551358.967944303 1368125.6961240466 1841748.3858708132 1995254.058517103 1887608.6295152185 1404928.0233605418 1344704.0050155073 1694418.3641004364 1246299.3708336805 1849497.8027707774 1439507.160568171 1516743.422247652 1684972.0296792293 1850630.1976321551 1830292.8017304312 1333897.4147295349 2217992.50705244 2225018.2620905633 2031353.1588752405 1104334.2897056919 2916213.5960816825 3899253.998927215 3306661.615883077 7509604.6030295305 1276522.3047565706 1025343.8293770915 1147474.4202073955 1003833.7848518555 1202110.773198762 1166432.0950484462 1063220.0134947065 1010160.445233476 1070109.4247830242 1143907.1688306541 1110956.581591152 981132.9672866198 1919146.1588252042 3014836.7159638824 3000815.583252367 14660856.72354891 3249017.2955345255 4224490.521712738 2825855.1374253905 4121977.923301813 3398366.0309848976 3481400.2537272107 3483562.4456963865 3560633.9463117616 6787344.304809363 2769468.086153613 3642244.8179281405 3610920.6636446537 3671919.6350320554 3220261.4150802456 3303302.743487494 3746694.8472562446 2623307.7067450164 6790541.984610923 6863276.819786507 7013861.102382563
870823.4079295842 2996527.738042115 2966028.4154959703 2386427.4294196847 2056543.7491887782 2204418.071534924 1621131.45405747 1662908.1750632757 1404517.3420021343 1330774.1953909812 1271128.819536498 1245026.1688400065 1500361.0985146544 1996179.0338015787 1395085.3339739984 1272730.5799057197 1348826.2726706173 2043236.439918255 1911952.8746965716 1577821.8240037772 2592825.717640377 5386048.93877154 7766243.437093454 859152.5993204436 7033152.408522958 1303313.9043172302 1257489.2689726776 1225056.1979192342 899995.222326271 1282375.2564137396 1179033.4539929742 6346886.111645952 1118386.2671144798 1268031.563347588 1328611.5998326372 1211127.6015363964 1405189.7472058353 1103690.435210507 1089306.79631227 982843.3790047356 1076181.7583852073 4035237.174156913 1150526.314677878 0.0 1145128.3020889366 3370767.037925945 3534629.739085946 3650192.42941499 2837405.47413585 3633415.7415231643 3634786.142806393 3652603.4998250296 3749489.7645472004 3721668.062573243 3686337.7518977593 3757817.0702888467 3840445.647130225 3917504.0290744146 3244397.4557594243 6901016.507709901 4160724.943142076
1577747.7503389178 2302666.9406749145 2289139.9983336185 2529963.1923111854 2874404.3748031864 2259171.8350674547 1830055.5260998285 2206676.1922916686 1418595.589567481 1943398.3561579837 1991672.472225777 1234520.0837943675 977772.7952432595 2011591.4419336494 2522790.668561911 1582139.5607710844 1952152.3668965043 1570995.6882850276 1498806.1272408036 1283251.219357374 2555489.338625281 5005386.217386918 4624056.313795408 965933.0175050537 866550.3485099467 7060250.461287794 970570.289206467 1105240.1083114003 1122975.7698085136 863497.0579226383 1010559.6906994776 1232920.5095426075 1382074.8769469263 1148346.611689781 990182.7450115181 1183447.9541347856 0.0 959255.5679207875 1035440.0132523547 691803.1505482411 354007.04383601516 1816636.61038465 2679806.3144498873 2293600.95695316 2675939.122016491 3449347.2185677118 3322395.739694024 3615626.1035073167 3647197.774871988 3777570.881907927 3627997.021532278 2896753.2609492657 3617672.7488905364 3465822.322918657 3495784.786685717 3148585.866759753 3174993.7357201683 3371646.3468022193 3369333.508610064 2931963.985070922 3722204.7585752835
