critload/trunk/output/2010/ndep_crit_tot.asc
ncols 720
nrows 360
xllcorner -180.0
yllcorner -90.0
cellsize 0.5
NODATA_value -9999.0
[rows 64 to 95 of 360, columns 426 to 496 of 720]
2066650.0 2066650.0 2066650.0 2066650.0 2066650.0 2066650.0 2066650.0 2066650.0 2066650.0 2066650.0 2066650.0 2066650.0 2066650.0 2066650.0 2066650.0 2066650.0 2066650.0 2066650.0 2066650.0 2066650.0 2066650.0 2066650.0 2066650.0 2066650.0 2066650.0 2066650.0 2066650.0 2066650.0 2066650.0 2066650.0 2066650.0 2066650.0 2066650.0 2066650.0 2066650.0 2066650.0 2066650.0 2066650.0 2066650.0 2066650.0 2066650.0 1239990.0 1239990.0 1239990.0 1239990.0 1239990.0 1239990.0 1239990.0 1239990.0 1239990.0 1239990.0 1239990.0 1239990.0 1239990.0 1239990.0 1239990.0 1239990.0 1239990.0 1239990.0 1239990.0 1239990.0 1239990.0 1239990.0 1239990.0 1239990.0 1239990.0 1239990.0 1239990.0 1239990.0 1239990.0 1239990.0
2095162.5 2095162.5 2095162.5 2095162.5 2095162.5 2095162.5 2095162.5 2095162.5 2095162.5 2095162.5 2095162.5 2095162.5 2095162.5 2095162.5 2095162.5 2095162.5 2095162.5 2095162.5 2095162.5 2095162.5 2095162.5 2095162.5 2095162.5 2095162.5 2095162.5 2095162.5 2095162.5 2095162.5 2095162.5 2095162.5 2095162.5 2095162.5 2095162.5 2095162.5 2095162.5 2095162.5 2095162.5 2095162.5 2095162.5 2095162.5 2095162.5 2095162.5 2095162.5 2095162.5 2095162.5 1257097.5 1257097.5 1257097.5 1257097.5 1257097.5 1257097.5 1257097.5 1257097.5 1257097.5 1257097.5 1257097.5 1257097.5 1257097.5 1257097.5 1257097.5 1257097.5 1257097.5 1257097.5 1257097.5 1257097.5 1257097.5 1257097.5 1257097.5 1257097.5 1257097.5 1257097.5
2123500.0 2123500.0 2123500.0 2123500.0 2123500.0 2123500.0 2123500.0 2123500.0 2123500.0 2123500.0 2123500.0 2123500.0 2123500.0 2123500.0 2123500.0 2123500.0 2123500.0 2123500.0 2123500.0 2123500.0 2123500.0 2123500.0 2123500.0 2123500.0 2123500.0 2123500.0 2123500.0 2123500.0 2123500.0 2123500.0 2123500.0 2123500.0 2123500.0 2123500.0 2123500.0 2123500.0 2123500.0 2123500.0 2123500.0 2123500.0 2123500.0 2123500.0 2123500.0 2123500.0 2123500.0 2123500.0 1274100.0 1274100.0 1274100.0 1274100.0 1274100.0 1274100.0 1274100.0 1274100.0 1274100.0 1274100.0 1274100.0 1274100.0 1274100.0 1274100.0 1274100.0 1274100.0 1274100.0 1274100.0 1274100.0 1274100.0 1274100.0 1274100.0 1274100.0 1274100.0 1274100.0
2151687.5 2151687.5 2151687.5 2151687.5 2151687.5 2151687.5 2151687.5 2151687.5 2151687.5 2151687.5 2151687.5 2151687.5 2151687.5 2151687.5 2151687.5 2151687.5 2151687.5 2151687.5 2151687.5 2151687.5 2151687.5 2151687.5 2151687.5 2151687.5 2151687.5 2151687.5 2151687.5 2151687.5 2151687.5 2151687.5 2151687.5 2151687.5 2151687.5 2151687.5 2151687.5 2151687.5 2151687.5 2151687.5 2151687.5 2151687.5 2151687.5 2151687.5 2151687.5 2151687.5 2151687.5 2151687.5 2151687.5 1291012.5 1291012.5 1291012.5 1291012.5 1291012.5 1291012.5 1291012.5 1291012.5 1291012.5 1291012.5 1291012.5 1291012.5 1291012.5 1291012.5 1291012.5 1291012.5 1291012.5 1291012.5 1291012.5 1291012.5 1291012.5 1291012.5 1291012.5 1291012.5
2179712.5 2179712.5 2179712.5 2179712.5 2179712.5 2179712.5 2179712.5 2179712.5 2179712.5 2179712.5 2179712.5 2179712.5 2179712.5 2179712.5 2179712.5 2179712.5 2179712.5 2179712.5 2179712.5 2179712.5 2179712.5 2179712.5 2179712.5 2179712.5 2179712.5 2179712.5 2179712.5 2179712.5 2179712.5 2179712.5 2179712.5 2179712.5 2179712.5 2179712.5 2179712.5 2179712.5 2179712.5 2179712.5 2179712.5 2179712.5 2179712.5 2179712.5 2179712.5 2179712.5 2179712.5 2179712.5 2179712.5 1307827.5 1307827.5 1307827.5 1307827.5 1307827.5 1307827.5 1307827.5 1307827.5 1307827.5 1307827.5 1307827.5 1307827.5 1307827.5 1307827.5 1307827.5 1307827.5 1307827.5 1307827.5 1307827.5 1307827.5 1307827.5 1307827.5 1307827.5 1307827.5
2207562.5 2207562.5 2207562.5 2207562.5 2207562.5 2207562.5 2207562.5 2207562.5 2207562.5 2207562.5 2207562.5 2207562.5 2207562.5 2207562.5 2207562.5 2207562.5 2207562.5 2207562.5 2207562.5 2207562.5 2207562.5 2207562.5 2207562.5 2207562.5 2207562.5 2207562.5 2207562.5 2207562.5 2207562.5 2207562.5 2207562.5 2207562.5 2207562.5 2207562.5 2207562.5 2207562.5 2207562.5 2207562.5 2207562.5 2207562.5 2207562.5 2207562.5 2207562.5 2207562.5 2207562.5 2207562.5 2207562.5 2207562.5 1324537.5 1324537.5 1324537.5 1324537.5 1324537.5 1324537.5 1324537.5 1324537.5 1324537.5 1324537.5 1324537.5 1324537.5 1324537.5 1324537.5 1324537.5 1324537.5 1324537.5 1324537.5 1324537.5 1324537.5 1324537.5 1324537.5 1324537.5
2235250.0 2235250.0 2235250.0 2235250.0 2235250.0 2235250.0 2235250.0 2235250.0 2235250.0 2235250.0 2235250.0 2235250.0 2235250.0 2235250.0 2235250.0 2235250.0 2235250.0 2235250.0 2235250.0 2235250.0 2235250.0 2235250.0 2235250.0 2235250.0 2235250.0 2235250.0 2235250.0 2235250.0 2235250.0 2235250.0 2235250.0 2235250.0 2235250.0 2235250.0 2235250.0 2235250.0 2235250.0 2235250.0 2235250.0 2235250.0 2235250.0 2235250.0 2235250.0 2235250.0 2235250.0 2235250.0 2235250.0 2235250.0 1341150.0 1341150.0 1341150.0 1341150.0 1341150.0 1341150.0 1341150.0 1341150.0 1341150.0 1341150.0 1341150.0 1341150.0 1341150.0 1341150.0 1341150.0 1341150.0 1341150.0 1341150.0 1341150.0 1341150.0 1341150.0 1341150.0 1341150.0
2262762.5 2262762.5 2262762.5 2262762.5 2262762.5 2262762.5 2262762.5 2262762.5 2262762.5 2262762.5 2262762.5 2262762.5 2262762.5 2262762.5 2262762.5 2262762.5 2262762.5 2262762.5 2262762.5 2262762.5 2262762.5 2262762.5 2262762.5 2262762.5 2262762.5 2262762.5 2262762.5 2262762.5 2262762.5 2262762.5 2262762.5 2262762.5 2262762.5 2262762.5 2262762.5 2262762.5 2262762.5 2262762.5 2262762.5 2262762.5 2262762.5 2262762.5 1357657.5 2262762.5 2262762.5 2262762.5 2262762.5 1357657.5 1357657.5 1357657.5 1357657.5 1357657.5 1357657.5 1357657.5 1357657.5 1357657.5 1357657.5 1357657.5 1357657.5 3167867.5 3167867.5 3167867.5 3167867.5 3167867.5 3167867.5 3167867.5 3167867.5 3167867.5 3167867.5 3167867.5 3167867.5
2290100.0 2290100.0 2290100.0 2290100.0 2290100.0 2290100.0 2290100.0 2290100.0 2290100.0 2290100.0 2290100.0 2290100.0 2290100.0 2290100.0 2290100.0 2290100.0 2290100.0 2290100.0 2290100.0 2290100.0 2290100.0 2290100.0 2290100.0 2290100.0 2290100.0 2290100.0 2290100.0 2290100.0 2290100.0 2290100.0 2290100.0 2290100.0 2290100.0 2290100.0 2290100.0 2290100.0 2290100.0 2290100.0 2290100.0 2290100.0 2290100.0 2290100.0 1374060.0 2290100.0 2290100.0 2290100.0 2290100.0 1374060.0 1374060.0 1374060.0 1374060.0 1374060.0 1374060.0 1374060.0 1374060.0 1374060.0 2290100.0 3206140.0 3206140.0 3206140.0 3206140.0 3206140.0 3206140.0 3206140.0 3206140.0 3206140.0 3206140.0 3206140.0 3206140.0 3206140.0 3206140.0
2317275.0 2317275.0 2317275.0 2317275.0 2317275.0 2317275.0 2317275.0 2317275.0 2317275.0 2317275.0 2317275.0 2317275.0 2317275.0 2317275.0 2317275.0 2317275.0 2317275.0 2317275.0 2317275.0 2317275.0 2317275.0 2317275.0 2317275.0 2317275.0 2317275.0 2317275.0 2317275.0 2317275.0 2317275.0 2317275.0 2317275.0 2317275.0 2317275.0 2317275.0 2317275.0 2317275.0 2317275.0 2317275.0 2317275.0 2317275.0 2317275.0 2317275.0 2317275.0 1390365.0 1390365.0 2317275.0 1390365.0 1390365.0 1390365.0 1390365.0 1390365.0 1390365.0 2317275.0 3244185.0 3244185.0 3244185.0 3244185.0 3244185.0 3244185.0 3244185.0 3244185.0 3244185.0 3244185.0 3244185.0 3244185.0 3244185.0 3244185.0 3244185.0 3244185.0 3244185.0 3244185.0
2344262.5 2344262.5 2344262.5 2344262.5 2344262.5 2344262.5 2344262.5 2344262.5 2344262.5 2344262.5 2344262.5 2344262.5 2344262.5 2344262.5 2344262.5 2344262.5 2344262.5 2344262.5 2344262.5 2344262.5 2344262.5 2344262.5 2344262.5 2344262.5 2344262.5 2344262.5 2344262.5 2344262.5 2344262.5 2344262.5 2344262.5 2344262.5 2344262.5 2344262.5 2344262.5 2344262.5 2344262.5 2344262.5 2344262.5 2344262.5 2344262.5 2344262.5 1406557.5 1406557.5 1406557.5 1406557.5 1406557.5 1406557.5 1406557.5 1406557.5 1406557.5 3281967.5 3281967.5 3281967.5 3281967.5 3281967.5 3281967.5 3281967.5 3281967.5 3281967.5 3281967.5 3281967.5 3281967.5 3281967.5 3281967.5 3281967.5 3281967.5 3281967.5 3281967.5 3281967.5 3281967.5
2371075.0 2371075.0 2371075.0 2371075.0 2371075.0 2371075.0 2371075.0 2371075.0 2371075.0 2371075.0 2371075.0 2371075.0 2371075.0 2371075.0 2371075.0 2371075.0 2371075.0 2371075.0 2371075.0 2371075.0 2371075.0 2371075.0 2371075.0 2371075.0 2371075.0 2371075.0 2371075.0 2371075.0 2371075.0 2371075.0 3319505.0 3319505.0 3319505.0 3319505.0 3319505.0 3319505.0 2371075.0 2371075.0 2371075.0 2371075.0 2371075.0 2371075.0 1422645.0 1422645.0 2371075.0 3319505.0 2371075.0 2371075.0 3319505.0 3319505.0 3319505.0 3319505.0 3319505.0 3319505.0 3319505.0 3319505.0 3319505.0 3319505.0 3319505.0 3319505.0 3319505.0 3319505.0 3319505.0 3319505.0 3319505.0 3319505.0 3319505.0 3319505.0 3319505.0 3319505.0 3319505.0
2397712.5 2397712.5 2397712.5 2397712.5 2397712.5 2397712.5 2397712.5 2397712.5 2397712.5 2397712.5 2397712.5 2397712.5 2397712.5 2397712.5 2397712.5 2397712.5 2397712.5 2397712.5 2397712.5 2397712.5 2397712.5 2397712.5 2397712.5 2397712.5 2397712.5 2397712.5 3356797.5 3356797.5 3356797.5 3356797.5 3356797.5 3356797.5 3356797.5 3356797.5 3356797.5 3356797.5 3356797.5 3356797.5 3356797.5 3356797.5 3356797.5 3356797.5 3356797.5 3356797.5 3356797.5 3356797.5 3356797.5 3356797.5 3356797.5 3356797.5 3356797.5 3356797.5 3356797.5 3356797.5 3356797.5 3356797.5 3356797.5 3356797.5 3356797.5 3356797.5 3356797.5 3356797.5 3356797.5 3356797.5 3356797.5 3356797.5 3356797.5 3356797.5 3356797.5 3356797.5 3356797.5
2424162.5 2424162.5 2424162.5 2424162.5 2424162.5 2424162.5 2424162.5 2424162.5 2424162.5 2424162.5 2424162.5 2424162.5 2424162.5 2424162.5 3393827.5 3393827.5 3393827.5 3393827.5 3393827.5 3393827.5 3393827.5 3393827.5 3393827.5 3393827.5 3393827.5 3393827.5 3393827.5 3393827.5 3393827.5 3393827.5 3393827.5 3393827.5 3393827.5 3393827.5 3393827.5 3393827.5 3393827.5 3393827.5 3393827.5 3393827.5 3393827.5 3393827.5 3393827.5 3393827.5 3393827.5 3393827.5 3393827.5 3393827.5 3393827.5 3393827.5 3393827.5 3393827.5 3393827.5 3393827.5 3393827.5 3393827.5 3393827.5 3393827.5 3393827.5 3393827.5 3393827.5 3393827.5 3393827.5 3393827.5 3393827.5 3393827.5 3393827.5 3393827.5 3393827.5 3393827.5 3393827.5
2450425.0 2450425.0 2450425.0 2450425.0 2450425.0 2450425.0 2450425.0 2450425.0 2450425.0 2450425.0 2450425.0 2450425.0 2450425.0 2450425.0 3430595.0 3430595.0 3430595.0 3430595.0 3430595.0 3430595.0 3430595.0 3430595.0 3430595.0 3430595.0 3430595.0 3430595.0 3430595.0 3430595.0 3430595.0 3430595.0 3430595.0 3430595.0 3430595.0 3430595.0 3430595.0 3430595.0 3430595.0 3430595.0 3430595.0 3430595.0 3430595.0 3430595.0 3430595.0 3430595.0 3430595.0 3430595.0 3430595.0 3430595.0 3430595.0 3430595.0 3430595.0 3430595.0 3430595.0 3430595.0 3430595.0 3430595.0 3430595.0 3430595.0 3430595.0 3430595.0 3430595.0 3430595.0 3430595.0 3430595.0 3430595.0 3430595.0 3430595.0 3430595.0 3430595.0 3430595.0 3430595.0
2476512.5 2476512.5 2476512.5 2476512.5 2476512.5 2476512.5 2476512.5 2476512.5 2476512.5 2476512.5 2476512.5 2476512.5 2476512.5 3467117.5 3467117.5 3467117.5 3467117.5 3467117.5 3467117.5 3467117.5 3467117.5 3467117.5 3467117.5 3467117.5 3467117.5 3467117.5 3467117.5 3467117.5 3467117.5 3467117.5 3467117.5 3467117.5 3467117.5 3467117.5 3467117.5 3467117.5 3467117.5 3467117.5 3467117.5 3467117.5 3467117.5 3467117.5 3467117.5 3467117.5 3467117.5 3467117.5 3467117.5 3467117.5 3467117.5 3467117.5 3467117.5 3467117.5 3467117.5 3467117.5 3467117.5 3467117.5 3467117.5 3467117.5 3467117.5 3467117.5 3467117.5 3467117.5 3467117.5 3467117.5 3467117.5 3467117.5 3467117.5 3467117.5 3467117.5 3467117.5 3467117.5
2502400.0 2502400.0 2502400.0 2502400.0 2502400.0 2502400.0 2502400.0 2502400.0 2502400.0 2502400.0 2502400.0 2502400.0 2502400.0 2502400.0 3503360.0 3503360.0 3503360.0 3503360.0 3503360.0 3503360.0 3503360.0 3503360.0 3503360.0 3503360.0 3503360.0 3503360.0 3503360.0 3503360.0 3503360.0 3503360.0 3503360.0 3503360.0 3503360.0 3503360.0 3503360.0 3503360.0 3503360.0 3503360.0 3503360.0 3503360.0 3503360.0 3503360.0 3503360.0 3503360.0 3503360.0 3503360.0 3503360.0 3503360.0 3503360.0 3503360.0 3503360.0 3503360.0 3503360.0 3503360.0 3503360.0 3503360.0 3503360.0 3503360.0 3503360.0 3503360.0 3503360.0 3503360.0 3503360.0 3503360.0 3503360.0 3503360.0 3503360.0 3503360.0 3503360.0 3503360.0 3503360.0
2528100.0 2528100.0 2528100.0 2528100.0 2528100.0 2528100.0 2528100.0 2528100.0 2528100.0 2528100.0 2528100.0 2528100.0 2528100.0 2528100.0 3539340.0 3539340.0 3539340.0 3539340.0 3539340.0 3539340.0 3539340.0 3539340.0 3539340.0 3539340.0 3539340.0 3539340.0 3539340.0 3539340.0 3539340.0 3539340.0 3539340.0 3539340.0 3539340.0 3539340.0 3539340.0 3539340.0 3539340.0 3539340.0 3539340.0 3539340.0 3539340.0 3539340.0 3539340.0 3539340.0 3539340.0 3539340.0 3539340.0 3539340.0 3539340.0 3539340.0 3539340.0 3539340.0 3539340.0 3539340.0 3539340.0 3539340.0 3539340.0 3539340.0 3539340.0 3539340.0 3539340.0 3539340.0 3539340.0 3539340.0 3539340.0 3539340.0 3539340.0 3539340.0 3539340.0 3539340.0 3539340.0
2553600.0 2553600.0 2553600.0 2553600.0 2553600.0 2553600.0 2553600.0 2553600.0 2553600.0 2553600.0 2553600.0 3575040.0 3575040.0 3575040.0 3575040.0 3575040.0 3575040.0 3575040.0 3575040.0 3575040.0 3575040.0 3575040.0 3575040.0 3575040.0 3575040.0 3575040.0 3575040.0 3575040.0 3575040.0 3575040.0 3575040.0 3575040.0 3575040.0 3575040.0 3575040.0 3575040.0 3575040.0 3575040.0 3575040.0 3575040.0 3575040.0 3575040.0 3575040.0 3575040.0 3575040.0 3575040.0 3575040.0 3575040.0 3575040.0 3575040.0 3575040.0 3575040.0 3575040.0 3575040.0 3575040.0 3575040.0 3575040.0 3575040.0 3575040.0 3575040.0 3575040.0 3575040.0 3575040.0 3575040.0 3575040.0 3575040.0 3575040.0 3575040.0 3575040.0 3575040.0 3575040.0
3610477.5 3610477.5 3610477.5 3610477.5 2578912.5 2578912.5 2578912.5 2578912.5 2578912.5 2578912.5 2578912.5 2578912.5 3610477.5 3610477.5 2578912.5 3610477.5 3610477.5 3610477.5 3610477.5 3610477.5 3610477.5 3610477.5 3610477.5 3610477.5 3610477.5 3610477.5 3610477.5 3610477.5 3610477.5 3610477.5 3610477.5 3610477.5 3610477.5 3610477.5 3610477.5 3610477.5 3610477.5 3610477.5 3610477.5 3610477.5 3610477.5 3610477.5 3610477.5 3610477.5 3610477.5 3610477.5 3610477.5 3610477.5 3610477.5 3610477.5 3610477.5 3610477.5 3610477.5 3610477.5 3610477.5 3610477.5 3610477.5 3610477.5 3610477.5 3610477.5 3610477.5 3610477.5 3610477.5 3610477.5 3610477.5 3610477.5 3610477.5 3610477.5 3610477.5 3610477.5 3610477.5
3645652.5 3645652.5 3645652.5 3645652.5 3645652.5 2604037.5 2604037.5 2604037.5 2604037.5 3645652.5 3645652.5 2604037.5 3645652.5 3645652.5 3645652.5 3645652.5 3645652.5 3645652.5 3645652.5 3645652.5 3645652.5 3645652.5 3645652.5 3645652.5 3645652.5 3645652.5 3645652.5 3645652.5 3645652.5 3645652.5 3645652.5 3645652.5 3645652.5 3645652.5 3645652.5 3645652.5 3645652.5 3645652.5 3645652.5 3645652.5 3645652.5 3645652.5 3645652.5 3645652.5 3645652.5 3645652.5 3645652.5 3645652.5 3645652.5 3645652.5 3645652.5 3645652.5 3645652.5 3645652.5 3645652.5 3645652.5 3645652.5 3645652.5 3645652.5 3645652.5 3645652.5 3645652.5 3645652.5 3645652.5 3645652.5 3645652.5 3645652.5 3645652.5 3645652.5 3645652.5 3645652.5
3680530.0 3680530.0 3680530.0 3680530.0 3680530.0 3680530.0 2628950.0 3680530.0 3680530.0 3680530.0 3680530.0 3680530.0 3680530.0 3680530.0 3680530.0 3680530.0 3680530.0 3680530.0 3680530.0 3680530.0 3680530.0 3680530.0 3680530.0 3680530.0 3680530.0 3680530.0 3680530.0 3680530.0 3680530.0 3680530.0 3680530.0 3680530.0 3680530.0 3680530.0 3680530.0 3680530.0 3680530.0 3680530.0 3680530.0 3680530.0 3680530.0 3680530.0 3680530.0 3680530.0 3680530.0 3680530.0 3680530.0 3680530.0 3680530.0 3680530.0 3680530.0 3680530.0 3680530.0 3680530.0 3680530.0 3680530.0 3680530.0 3680530.0 3680530.0 3680530.0 1051580.0 1051580.0 1051580.0 1051580.0 1051580.0 1051580.0 3680530.0 1051580.0 1051580.0 3680530.0 1051580.0
3715145.0 3715145.0 3715145.0 3715145.0 3715145.0 3715145.0 3715145.0 3715145.0 2653675.0 2653675.0 3715145.0 3715145.0 2653675.0 3715145.0 3715145.0 3715145.0 3715145.0 3715145.0 3715145.0 3715145.0 3715145.0 3715145.0 3715145.0 3715145.0 3715145.0 3715145.0 3715145.0 3715145.0 3715145.0 3715145.0 3715145.0 3715145.0 3715145.0 3715145.0 3715145.0 3715145.0 -9999 3715145.0 3715145.0 -9999 3715145.0 3715145.0 1061470.0 1061470.0 1061470.0 3715145.0 1061470.0 1061470.0 1061470.0 1061470.0 1061470.0 1061470.0 3715145.0 1061470.0 1061470.0 1061470.0 1061470.0 1061470.0 1061470.0 1061470.0 1061470.0 1061470.0 1061470.0 1061470.0 1061470.0 1061470.0 1061470.0 1061470.0 1061470.0 1061470.0 1061470.0
3749462.5 3749462.5 3749462.5 3749462.5 2678187.5 2678187.5 -9999 -9999 -9999 2678187.5 2678187.5 2678187.5 2678187.5 2678187.5 2678187.5 3749462.5 3749462.5 3749462.5 3749462.5 3749462.5 3749462.5 3749462.5 3749462.5 3749462.5 3749462.5 3749462.5 3749462.5 3749462.5 3749462.5 3749462.5 3749462.5 3749462.5 3749462.5 -9999 -9999 -9999 -9999 -9999 -9999 -9999 1071275.0 1071275.0 1071275.0 1071275.0 1071275.0 1071275.0 1071275.0 1071275.0 1071275.0 1071275.0 1071275.0 1071275.0 1071275.0 1071275.0 1071275.0 1071275.0 1071275.0 1071275.0 1071275.0 1071275.0 1071275.0 1071275.0 1071275.0 1071275.0 1071275.0 1071275.0 1071275.0 1071275.0 1071275.0 1071275.0 1071275.0
3783500.0 3783500.0 3783500.0 3783500.0 3783500.0 -9999 -9999 -9999 -9999 2702500.0 2702500.0 2702500.0 2702500.0 2702500.0 2702500.0 2702500.0 3783500.0 3783500.0 3783500.0 3783500.0 3783500.0 3783500.0 3783500.0 3783500.0 3783500.0 3783500.0 3783500.0 3783500.0 3783500.0 3783500.0 3783500.0 3783500.0 -9999 -9999 -9999 -9999 -9999 -9999 -9999 3783500.0 1081000.0 1081000.0 1081000.0 1081000.0 1081000.0 1081000.0 1081000.0 1081000.0 1081000.0 1081000.0 1081000.0 1081000.0 1081000.0 1081000.0 -9999 1081000.0 1081000.0 1081000.0 1081000.0 1081000.0 1081000.0 1081000.0 1081000.0 1081000.0 1081000.0 1081000.0 1081000.0 1081000.0 1081000.0 1081000.0 1081000.0
2726600.0 3817240.0 3817240.0 3817240.0 3817240.0 3817240.0 3817240.0 3817240.0 2726600.0 2726600.0 2726600.0 2726600.0 2726600.0 2726600.0 2726600.0 2726600.0 2726600.0 2726600.0 2726600.0 2726600.0 3817240.0 3817240.0 3817240.0 3817240.0 3817240.0 3817240.0 3817240.0 3817240.0 3817240.0 -9999 -9999 -9999 -9999 -9999 -9999 -9999 3817240.0 1090640.0 1090640.0 1090640.0 1090640.0 1090640.0 1090640.0 1090640.0 1090640.0 1090640.0 1090640.0 1090640.0 1090640.0 1090640.0 1090640.0 1090640.0 -9999 -9999 -9999 -9999 1090640.0 1090640.0 1090640.0 1090640.0 1090640.0 1090640.0 1090640.0 1090640.0 1090640.0 1090640.0 1090640.0 1090640.0 1090640.0 1090640.0 1090640.0
3850700.0 3850700.0 2750500.0 3850700.0 2750500.0 -9999 -9999 -9999 2750500.0 2750500.0 2750500.0 2750500.0 2750500.0 2750500.0 2750500.0 2750500.0 2750500.0 2750500.0 2750500.0 2750500.0 2750500.0 3850700.0 3850700.0 3850700.0 3850700.0 3850700.0 3850700.0 3850700.0 3850700.0 -9999 -9999 -9999 -9999 -9999 3850700.0 3850700.0 1100200.0 1100200.0 1100200.0 1100200.0 1100200.0 1100200.0 1100200.0 1100200.0 1100200.0 1100200.0 1100200.0 1100200.0 1100200.0 1100200.0 1100200.0 -9999 1100200.0 -9999 -9999 -9999 1100200.0 1100200.0 1100200.0 1100200.0 1100200.0 1100200.0 1100200.0 1100200.0 1100200.0 1100200.0 1100200.0 1100200.0 1100200.0 1100200.0 1100200.0
-9999 2774187.5 2774187.5 -9999 -9999 -9999 -9999 -9999 -9999 -9999 2774187.5 2774187.5 2774187.5 2774187.5 2774187.5 2774187.5 2774187.5 2774187.5 2774187.5 2774187.5 2774187.5 2774187.5 2774187.5 3883862.5 3883862.5 3883862.5 3883862.5 3883862.5 3883862.5 -9999 -9999 -9999 -9999 -9999 3883862.5 3883862.5 3883862.5 1109675.0 1109675.0 1109675.0 1109675.0 1109675.0 1109675.0 1109675.0 1109675.0 1109675.0 1109675.0 1109675.0 1109675.0 1109675.0 1109675.0 -9999 -9999 -9999 -9999 1109675.0 1109675.0 1109675.0 1109675.0 1109675.0 1109675.0 1109675.0 1109675.0 1109675.0 1109675.0 1109675.0 1109675.0 1109675.0 1109675.0 3883862.5 3883862.5
-9999 -9999 -9999 -9999 -9999 -9999 -9999 -9999 -9999 -9999 -9999 -9999 2797675.0 2797675.0 1678605.0 1678605.0 1678605.0 2797675.0 1678605.0 1678605.0 2797675.0 2797675.0 2797675.0 2797675.0 3916745.0 3916745.0 3916745.0 3916745.0 3916745.0 3916745.0 -9999 -9999 -9999 -9999 -9999 -9999 1119070.0 1119070.0 1119070.0 1119070.0 1119070.0 1119070.0 1119070.0 1119070.0 1119070.0 1119070.0 1119070.0 1119070.0 1119070.0 1119070.0 1119070.0 1119070.0 1119070.0 1119070.0 1119070.0 1119070.0 1119070.0 1119070.0 1119070.0 1119070.0 1119070.0 1119070.0 1119070.0 1119070.0 1119070.0 1119070.0 1119070.0 1119070.0 1119070.0 3916745.0 3916745.0
-9999 -9999 -9999 -9999 -9999 -9999 -9999 -9999 -9999 -9999 -9999 -9999 -9999 2820937.5 2820937.5 2820937.5 1692562.5 1692562.5 1692562.5 2256750.0 1692562.5 2820937.5 2820937.5 2820937.5 2820937.5 2820937.5 2820937.5 3949312.5 3949312.5 -9999 -9999 -9999 -9999 -9999 -9999 -9999 3949312.5 1128375.0 1128375.0 1128375.0 1128375.0 1128375.0 1128375.0 1128375.0 1128375.0 1128375.0 1128375.0 1128375.0 1128375.0 1128375.0 1128375.0 1128375.0 1128375.0 1128375.0 1128375.0 1128375.0 1128375.0 1128375.0 1128375.0 1128375.0 1128375.0 1128375.0 1128375.0 1128375.0 1128375.0 1128375.0 1128375.0 1128375.0 1128375.0 3949312.5 3949312.5
-9999 -9999 -9999 -9999 -9999 -9999 -9999 -9999 -9999 -9999 -9999 -9999 -9999 -9999 -9999 -9999 2275190.0 2843987.5 2843987.5 1706392.5 1706392.5 1706392.5 1706392.5 1706392.5 1706392.5 1706392.5 1706392.5 2843987.5 2843987.5 3981582.5 -9999 -9999 -9999 -9999 -9999 -9999 -9999 3981582.5 3981582.5 1137595.0 1137595.0 1137595.0 1137595.0 1137595.0 1137595.0 1137595.0 1137595.0 1137595.0 1137595.0 1137595.0 1137595.0 1137595.0 1137595.0 1137595.0 1137595.0 1137595.0 1137595.0 1137595.0 1137595.0 1137595.0 1137595.0 1137595.0 1137595.0 1137595.0 1137595.0 1137595.0 1137595.0 3981582.5 3981582.5 3981582.5 3981582.5
-9999 -9999 -9999 -9999 4013537.5 -9999 -9999 -9999 -9999 -9999 -9999 -9999 -9999 -9999 -9999 -9999 -9999 2293450.0 2293450.0 2866812.5 2866812.5 2866812.5 2866812.5 2866812.5 2866812.5 1720087.5 1720087.5 1720087.5 2866812.5 4013537.5 4013537.5 -9999 -9999 -9999 -9999 -9999 -9999 -9999 4013537.5 1146725.0 1146725.0 1146725.0 1146725.0 1146725.0 1146725.0 1146725.0 1146725.0 1146725.0 1146725.0 1146725.0 1146725.0 1146725.0 1146725.0 1146725.0 1146725.0 1146725.0 1146725.0 1146725.0 1146725.0 1146725.0 1146725.0 1146725.0 1146725.0 1146725.0 1146725.0 1146725.0 1146725.0 4013537.5 4013537.5 4013537.5 4013537.5
