critload/trunk/output/2010/ndep_crit_dep_tot.asc
ncols 720
nrows 360
xllcorner -180.0
yllcorner -90.0
cellsize 0.5
NODATA_value -9999.0
[rows 124 to 154 of 360, columns 490 to 559 of 720]
-9999.0 -9999.0 1371000.0 -9999.0 -9999.0 1371000.0 2559399.011240252 1371000.0 1781671.589045855 1371000.0 -9999.0 -9999.0 1784011.5742145595 2099111.373297685 2561542.859027217 1371000.0 2364298.837448722 4798500.0 4798500.0 4798500.0 2056500.0 2547373.6486485344 2056500.0000000002 2056499.9999999998 2056499.9999999998 2056499.9999999998 2056500.0 2056500.0 2056500.0000000002 2056500.0 2056499.9999999995 2056500.0 4113000.000000001 4113000.0000000005 2056499.9999999995 2056500.0 2742000.0 2742000.0 2742000.0 2742000.0 2742000.0 2742000.0 3427499.9999999995 2056500.0 2843422.9946209854 3034941.835358006 -9999.0 -9999.0 3166923.685316649 2056499.9999999998 3427499.9999999995 2056500.0 3427500.0 3693868.407777735 4956556.58879572 4413467.206573595 4985759.852391275 -9999.0 -9999.0 3438502.506056829 5483999.999999999 5483999.999999999 3444379.159722133 3771789.332208244 3061141.973497515 3192172.0816848837 3174217.94340479 3427500.0 3427500.0 3393632.119107656
-9999.0 1377245.0 1377245.0 -9999.0 -9999.0 2193611.5513361124 1377244.9999999998 1377245.0 1377245.0 -9999.0 2329240.026022025 2177119.3869094593 2439803.7305197394 2431722.1518123867 2385888.879011646 -9999.0 4820357.5 4820357.5 4820357.5 3050225.572076202 2065867.5 2065867.4999999998 4687056.988951253 2065867.4999999998 2065867.5000000002 2065867.5 2065867.5000000002 2065867.5 2065867.5 2065867.4999999995 2065867.5 4131735.000000001 4131735.0 4131735.0 4131735.0000000005 4131735.0 4131735.0000000005 4131734.9999999995 4131735.0 4131735.0 2754490.0 2754490.0 2754490.0 2754490.0000000005 2754490.0 2754490.0 3895437.0388175766 3443112.5 3443112.5 3443112.5000000005 2754490.0 2754489.9999999995 2754490.0 2754490.0 3872661.074226553 4096879.7179643014 -9999.0 4081129.589670185 5508980.0 5508980.0 2754490.0000000005 2805946.642797893 4062826.8907975215 -9999.0 3153493.334610862 -9999.0 -9999.0 3443112.5 3443112.5 3443112.5
-9999.0 -9999.0 -9999.0 -9999.0 1383380.0000000002 2356836.293098853 1383380.0000000005 1383380.0 -9999.0 -9999.0 -9999.0 2225220.630269822 2329725.129553747 1699319.3519142503 2484333.540264056 2354432.164015579 4841830.0 4841830.0 2075070.0 2075069.9999999995 2075069.9999999998 2075069.9999999995 2075070.0 2075069.9999999998 2075070.0 2075070.0000000002 2075069.9999999998 2075069.9999999995 2075070.0 2075069.9999999998 4150140.0000000005 4150140.0 4150139.9999999995 4150140.0000000005 4150140.0 4150140.0 4150139.9999999995 4150139.9999999995 4150140.0 4150140.0 4150140.0 4150140.0 4150140.0 2766760.0 2766760.0 2766760.0 2766760.0 4150140.000000001 2766760.0 2927870.6560850088 2766760.0 2766760.0 2766760.0 2766760.0 5533520.0 5533520.000000001 5533519.999999999 5533520.0 5533520.0 3207887.226166038 4578258.555299263 -9999.0 -9999.0 -9999.0 -9999.0 -9999.0 -9999.0 3674398.593015991 3458450.0 3876199.2440814786
1389410.0 1389410.0000000002 1389410.0000000002 -9999.0 -9999.0 1389410.0 1389410.0 1389410.0 1389409.9999999995 -9999.0 -9999.0 2243524.4729349776 2318908.9435009584 2369247.2408489273 2505953.4404224562 4862935.000000001 4862935.0 4862934.999999999 2084115.0 2084114.9999999998 2084115.0 2084115.0000000005 2084115.0 2084115.0 2084115.0 2084114.9999999998 2084115.0 2084115.0 2084115.0 2084115.0000000007 2084115.0 4168230.0 4168229.9999999995 4168230.0 4168230.0 4168230.000000001 4168230.0 4168229.999999999 4168229.9999999995 4168230.0000000005 4168229.9999999995 4168230.0000000005 4168229.9999999995 4168230.0000000005 4168229.9999999995 4168230.000000001 4168230.0 4168230.0 4168230.0 4168230.0000000005 4168230.0 5557640.0 5557640.0 5557640.0 5557639.999999999 5557640.0 5557640.0 5557640.0 4189741.388188639 4712067.281711039 -9999.0 -9999.0 -9999.0 5557639.999999999 -9999.0 -9999.0 -9999.0 3473525.0 3473525.0 3473525.0
-9999.0 -9999.0 1395340.0 1395340.0 -9999.0 -9999.0 1395340.0 1395340.0 1395340.0 1395340.0 -9999.0 2359487.6557105174 2445698.257074821 2463754.8340593334 4883689.999999999 4883690.0 4883690.0 2093010.0 2093009.9999999998 2093010.0 2093010.0 2093010.0 2093009.9999999998 2093010.0 3874027.9959961963 2093010.0 2093010.0000000005 2093009.9999999998 2093010.0 2093010.0 2093009.9999999995 2093010.0 2093010.0000000005 2093010.0 4186020.0 4186019.9999999995 4186020.0 4186020.0000000005 4186020.000000001 4186020.0 4186020.0 4186020.0 4186019.999999999 4186020.0 4186020.0 4186020.0 4186020.0 4186020.0 4186020.0 4186020.0 5581360.0 5658643.338303654 5241370.644099624 5362544.009524645 4899397.1843258655 5581360.0 5581360.0 3301388.3305008234 3547251.757622127 -9999.0 4113467.7020434528 -9999.0 -9999.0 3823999.118996579 -9999.0 -9999.0 3961166.4767240593 4113852.7332427297 2834650.9711119994 3133857.6406039163
-9999.0 -9999.0 -9999.0 1401160.0 1401160.0 -9999.0 1401160.0 1401160.0 1401160.0 1401160.0 -9999.0 1568891.9467658282 2393063.5980086853 4904060.0 4904060.0 4904060.0 2101739.9999999995 2101740.0 2101740.0000000005 2101740.0 2101739.9999999995 2101740.0 2101740.0 2101740.0000000005 2744300.095884706 2101740.0 2101740.0 2101740.0000000005 2101740.0 2101740.0 4203480.0 4203480.0 4203480.0 4203480.0 4203480.0 4203480.0 4203480.0 4203480.0 4203480.0 4203480.0 4203480.0 4203480.0 4203480.0 4203480.0 4203480.0 4203480.0 4203480.0 4203480.0 4203480.0 4203480.0 5604640.0 5604640.0 2962930.874328659 3295986.8444481106 2960745.700311556 5449728.782314223 4122360.648722125 -9999.0 3594849.3592337007 -9999.0 5604639.999999999 -9999.0 4203480.0 4203480.0 4203480.0 4207996.679246019 3869465.514198086 2802320.0 2802320.0 4332276.874162031
-9999 -9999 -9999 1406875.0 1406875.0 1818707.5149464004 1406875.0 1406875.0 1442435.7550128067 1406875.0 -9999.0 -9999.0 4924062.5 4924062.5 2110312.5 2110312.5 2202871.612473179 2110312.5000000005 2110312.5000000005 2110312.4999999995 2110312.5 2110312.4999999995 2110312.5 2110312.5 2110312.5 2110312.5 2110312.5 4220625.0 4220625.0 2172865.813181351 4220625.0 4220625.0 4220625.0 4220625.0 4220625.0 4220625.0 4220625.0 4220625.0 4220624.999999999 4220625.0 4220624.999999999 4220625.0 4220625.0 4220625.0 4220625.0 4220624.999999999 4220625.0 4220625.0 4220625.0 4220625.0 4220625.0 5627500.000000001 5627500.0 5627500.0 5627500.0 5627500.0 5627500.0 2813750.0 3127412.889059189 5627500.0 5627500.0 -9999.0 4220625.0 -9999.0 4220625.000000001 4185502.9382576146 5109250.381784551 2813750.0 2813750.0 3056938.030181835
-9999 -9999 -9999 -9999 -9999.0 1483479.9135846335 1412480.0 1412480.0 1724760.1833461106 -9999.0 -9999.0 -9999.0 4943680.0 4943680.0 2118720.0 2118720.0 2192544.709876974 2118720.0 2118720.0 2118720.0 2118720.0 2118720.0 2118720.0 2118720.0 2118720.0 2118719.9999999995 2118720.0 4237440.0 4237440.0 4237440.0 4237440.0 4237440.0 4237440.0 4237440.000000001 4237440.0 4237440.0 4237440.0 4237440.0 4237440.0 4914636.189596973 4237440.0 4237440.0 4237440.0 4237440.0 4237440.0 4237440.0 4237440.0 4237440.0 4237440.0 4237440.0 4237440.0 5649920.0 5649920.0 5649920.0 5649920.0 5649919.999999999 -9999.0 3908953.4361696295 5649920.0 5649920.0 4237440.0 4237440.0 4237440.0 4237440.0 4237440.0 3450481.8102774834 4942751.753827054 5295857.055345838 2824960.0 3410190.708469183
-9999 -9999 -9999 -9999 -9999.0 -9999.0 -9999.0 2311358.125723182 2711422.9356292095 2732356.248133211 4962912.499999999 4962912.5 4962912.5 2126962.5 2126962.5 2126962.5 2126962.4999999995 2126962.5 2126962.5 2126962.5000000005 2126962.5 2126962.5000000005 2126962.5 2126962.5 2126962.5 2126962.5 2126962.5 2126962.5 4253925.0 4253925.0 4253925.0 4253925.0 4253925.0 5749910.6920803385 7155120.346060171 6678058.498124431 6325509.855893515 6365557.003025404 6701781.516459052 5722280.421296494 5256221.247411133 4253925.0 4253925.0 4253925.0 4253925.0 4253925.0 4253924.999999999 4253925.0 4253925.0 4253925.0 4253925.0 4253924.999999999 5671900.0 5671900.0 5671900.000000001 4422311.951653883 -9999.0 -9999.0 5671900.0 4253925.0 4253925.0 4253925.0 4253925.0 -9999.0 -9999.0 3693896.8582543377 -9999.0 4948701.256644881 3981536.6751849256 4660001.152264855
-9999 -9999 -9999 -9999 -9999 -9999 -9999.0 4981795.000000001 2180482.405387396 4981794.999999999 4981795.0 4981795.0 2135055.0 2135055.0000000005 2135055.0000000005 2135055.0 2135055.0 2135055.0 2135055.0 2135055.0 2135055.0 2135055.0 2135055.0 2135055.0 2135055.0 2135055.0 2135055.0 2135055.0 4270110.0 4270110.0 4270110.0 4270110.0 5345579.228903746 4401928.606734291 5670508.5491485 5211980.417586436 5076977.141887944 7176902.352321782 6868475.170852043 5442229.911896822 4270110.0 5510402.627376561 4270110.0 4270110.0 4270110.0 4270110.0 4270110.000000001 4270110.0 4270110.0 5693480.0 4270110.000000001 4270110.0 4270110.0 5693480.0 5693480.0 -9999.0 -9999.0 -9999.0 4270110.0 4270110.0 4270110.0 4270110.0 4270110.0 4270110.0 -9999.0 3625352.2727797735 4436175.826794021 4567379.204484177 6186722.672789708 4535474.131778181
-9999 -9999 -9999 -9999 -9999 -9999 -9999 -9999.0 2142975.0 2142975.0 2142975.0 2142975.0 2142975.0 2142975.0000000005 2142975.0 2142975.0 2142975.0000000005 2142975.0 2142975.0 2142975.0000000005 2142975.0 2142975.0 2142975.0 2142975.0 2142975.0 2142975.0 2142975.0 2142975.0 4285950.0 4285950.0 4285950.0 4285950.0 4359005.20732433 4850403.749729813 4991641.918985941 6498220.688321324 6903279.784755869 6246088.268638748 6314744.91318802 5492864.636432225 6085173.5071070185 5343550.54293876 4304433.2315296205 4285950.0 4285950.000000002 4285950.0 4285950.0 4285950.0 4285950.0 5714600.000000002 4285950.0 4285950.0 4285950.0 4285950.0 4285950.0 5714600.0 -9999.0 -9999.0 4285950.0 4285950.0 4285950.0 4285950.0 4285950.0 -9999.0 3662712.5769119365 4285950.0 4687576.773189379 -9999.0 5727502.570834202 3536616.9209529683
-9999 -9999 -9999 -9999 -9999 -9999 -9999 -9999.0 2150737.500000001 2150737.5 2150737.5 2150737.5 2150737.5 2150737.5 2150737.5 2150737.5 2150737.4999999995 2150737.5 2150737.5 2150737.5000000005 2150737.5 2150737.5 2150737.4999999995 2150737.5 2150737.5 2150737.5 4301475.0 4301474.999999999 4301475.0 4301475.0 4301475.0 4301475.0 5137696.693866687 4301475.0 4301475.0 4301475.0 6602742.699661989 6210052.325816136 5780563.820295743 5339812.5034709675 6560505.713213684 4301475.0 5682774.915449297 4301475.0 4301475.0 4301474.999999999 4301475.0 4301474.999999999 4301475.0 4301475.0 4301475.0 4301475.000000001 4301475.0 4301475.0 4301475.0 4301475.0 -9999.0 -9999.0 4301475.0 4301475.0 4301475.0 4301475.0 4301475.0 4301475.0 4301475.0 3675088.183418373 4719604.022347175 -9999.0 6023581.942316627 4100106.4803963476
-9999 -9999 -9999 -9999 -9999 -9999 -9999 -9999 2158335.0 2158335.0 2158334.9999999995 2158335.0 2158335.0 2158335.0 2158335.0 2158335.0 2158335.0 2158334.9999999995 2158335.0 2158335.0000000005 2158335.0 2158335.0 2158335.0 2158335.0 3500555.670874058 2158335.0 2158335.0 4316670.0 4403185.836213101 4316670.0 4316670.0 4316670.0 4316670.0 4316670.0 4316670.0 4316670.0 4316670.0 5736733.5846190825 4745690.38653289 6578501.914148033 6030900.980495527 4316670.0 5651408.005086921 4316670.0 4316670.0 4316670.000000001 4316670.000000001 4316670.0 4316670.0 4316670.0 4316670.0 -9999 -9999 4316670.0 4316670.0 -9999.0 -9999.0 -9999.0 4316670.0 4316670.0 4316670.0 4316670.0 4316670.0 -9999.0 -9999.0 3978487.3156538755 4558117.107424653 -9999.0 -9999.0 -9999.0
-9999 -9999 -9999 -9999 -9999 -9999 -9999 -9999 -9999 2165767.5 2165767.5 2165767.5 2165767.5 2165767.5 2165767.5 2165767.5000000005 2165767.5 2165767.4999999995 2165767.4999999995 2165767.5 2165767.5 2165767.5 2165767.5 2165767.5 2740824.59391811 2165767.5 2165767.5 4331535.0 4331535.000000001 4331535.0 4331535.0 4331535.0 4331535.0 4331534.999999999 4331535.0 4331535.0 4331535.0 4331535.0 6221109.99419926 5706211.693045739 4988280.328613425 5455617.858288908 4331535.0 4331535.0 -9999 -9999 -9999 -9999 -9999 -9999 -9999 -9999 -9999 -9999 4331535.0 -9999.0 -9999.0 -9999.0 4331535.0 4331535.000000001 4331535.0 4331535.0 4331535.0 4331534.999999999 3967810.471255045 4331535.0 4561003.717225786 -9999.0 -9999.0 5228456.649825427
-9999 -9999 -9999 -9999 -9999 -9999 -9999 -9999 -9999 -9999 2173035.0 2173034.9999999995 2173035.0 -9999.0 -9999 2173035.0 2173035.0 3029478.478092806 2173034.9999999995 2173035.0 2173034.9999999995 2173035.0 2173034.999999999 2173035.0 2173035.0 2173035.0000000005 2173035.0000000005 2173034.9999999995 4346070.0 2173035.0 4620925.951199753 4346070.0 4346070.000000001 4346070.0 4839112.407720449 4346070.0 4346070.0 4346070.0 4346070.0 5706881.443461124 4346070.0 4346070.000000001 4346070.0 4346070.0 -9999 -9999 -9999 -9999 -9999 -9999 -9999 -9999 -9999 -9999 4346070.0 4346070.0 4346070.000000001 -9999.0 4346070.0 4346070.0 4346070.0 4346070.0 4346070.0 4346070.0 4489555.69663427 4490254.57353492 4691147.06944231 -9999.0 -9999.0 4859040.924982157
-9999 -9999 -9999 -9999 -9999 -9999 -9999 -9999 -9999 -9999 -9999 -9999 -9999 -9999 -9999 2180137.5 2180137.5 2180137.5 2180137.5000000005 2180137.5 2180137.5 2180137.5 2180137.5 2180137.5 2180137.5 2180137.5000000005 2180137.5 2180137.5 2180137.5 2180137.5 4493962.675133308 5322066.306973822 5197976.1667587925 5196209.591097267 6072411.895534245 4615041.260489782 4360275.000000001 6146666.25973127 5831171.082193717 5698163.619199838 4360275.0 4360275.0 4360275.0 4360275.0 -9999 -9999 -9999 -9999 -9999 -9999 -9999 -9999 -9999 -9999 -9999 4360275.0 4360275.0 -9999.0 4360275.000000001 4360275.0 4360275.0 4360275.0 4360275.0 4360275.0 4521441.18150068 4555571.780952346 4693371.226964533 -9999.0 4888501.218922678 4360275.0
-9999 -9999 -9999 -9999 -9999 -9999 -9999 -9999 -9999 -9999 -9999 -9999 -9999 -9999 -9999 2187067.5000000005 2187067.5 2187067.5 2187067.5 2187067.5 2187067.5 2187067.5 2187067.4999999995 2187067.4999999995 2187067.5 2187067.5 2187067.5 2187067.5 2187067.5 2187067.5 5631450.248177491 -9999.0 5651630.609351027 4583159.896339616 4374134.999999999 4374135.000000001 4986164.591779859 5261126.360115226 5087847.080991901 4374135.0 4374135.0 4374135.0 4374135.0 -9999 -9999 -9999 -9999 -9999 -9999 -9999 -9999 -9999 -9999 -9999 -9999 -9999 4374135.0 4374135.000000001 -9999.0 4374135.0 4374135.0 4374135.0 4451821.401520103 4601017.487315752 4776870.490886548 4850042.187528978 -9999.0 -9999.0 4485063.768940468 4374135.0
-9999 -9999 -9999 -9999 -9999 -9999 -9999 -9999 -9999 -9999 -9999 -9999 -9999 -9999 -9999 2193840.0 2193840.0 2193840.0 2193840.0 2193840.0 2193840.0 2193840.0 2193840.0000000005 2193840.0000000005 2193840.0000000005 2193840.0 2193840.0 2193840.0 3061386.9119041217 4059169.3895370085 5592270.7819605805 -9999.0 5837233.138506139 4387680.0 4387679.999999999 4387680.0 4961698.056323143 4773249.923539098 5066903.313503517 4387680.000000001 4387680.0 -9999 -9999 -9999 -9999 -9999 -9999 -9999 -9999 -9999 -9999 -9999 -9999 -9999 -9999 -9999 -9999 4387680.000000001 4387680.0 4387680.000000001 4387680.0 4387680.0 4515001.60593555 -9999.0 4857940.821606144 -9999.0 -9999.0 4702007.236732321 4811409.520036708 4387680.0
-9999 -9999 -9999 -9999 -9999 -9999 -9999 -9999 -9999 -9999 -9999 -9999 -9999 -9999 -9999 4400880.0 4400880.0 2200440.0 2200440.0 2200440.0000000005 2200440.0 2200440.0 2200440.0000000005 2200440.0 2200440.0 2200440.0 2200440.0 2200440.0 2200440.0 2200440.0 4400880.0 5636962.187303522 5121627.505730141 4986052.535320864 4400880.0 4400880.0 4400880.0 4400880.0 4400880.0 4400880.0 -9999 -9999 -9999 -9999 -9999 -9999 -9999 -9999 -9999 -9999 -9999 -9999 -9999 -9999 -9999 -9999 -9999 4400880.0 4400880.0 4400880.0 4400880.0 4400880.0 4802522.167655911 4866822.22606272 -9999.0 -9999.0 4914749.367971898 4400880.0 4400880.0 4858018.874176053
-9999 -9999 -9999 -9999 -9999 -9999 -9999 -9999 -9999 -9999 -9999 -9999 -9999 -9999 -9999 4413750.0 4413750.0 4413750.0 2206875.0 2206875.0 2206874.9999999995 2206874.9999999995 2206875.0 2206875.0 2206875.0 2206875.0000000005 2206875.0 2206875.0 4413750.000000002 4413749.999999999 4413750.0 4413750.0 5073689.375618345 4727021.0002183 4699322.713756515 4506596.199814373 4413750.0 4413750.0 4413750.0 -9999 -9999 -9999 -9999 -9999 -9999 -9999 -9999 -9999 -9999 -9999 -9999 -9999 -9999 -9999 -9999 -9999 -9999 -9999 4413750.0 -9999.0 4413750.0 4413750.0 4910731.803815617 4413750.0 -9999.0 5057430.863062132 4822599.47098957 4413750.0 4413750.000000001 4413750.0
-9999 -9999 -9999 -9999 -9999 -9999 -9999 -9999 -9999 -9999 -9999 -9999 -9999 -9999 -9999 -9999 4426275.0 4426274.999999999 4426275.0 2213137.5 2213137.5000000005 2213137.5 2213137.5 2213137.5 2213137.4999999995 2213137.5 2213137.5000000005 4426275.0 4426275.0 4426274.999999999 4426275.0 4426275.0 4426275.0 5146001.2840879485 4550864.940829089 4426275.0 4426275.0 -9999.0 -9999 -9999 -9999 -9999 -9999 -9999 -9999 -9999 -9999 -9999 -9999 -9999 -9999 -9999 -9999 -9999 -9999 -9999 -9999 -9999 -9999.0 4426274.999999999 4426275.0 4426275.0 4851292.801227862 4426275.0 -9999.0 -9999.0 -9999.0 4426275.0 4455707.93774031 4632686.990477769
-9999 -9999 -9999 -9999 -9999 -9999 -9999 -9999 -9999 -9999 -9999 -9999 -9999 -9999 -9999 -9999 4438485.0 4438485.0 4438485.0 2219242.5 2219242.4999999995 2219242.5 2219242.5 2219242.5 2219242.5 2219242.5000000005 4438485.0 2219242.5 4438485.0 4438485.0 4438484.999999999 4438485.0 4438485.0 4438485.0 4438485.0 4438485.0 -9999 -9999 -9999 -9999 -9999 -9999 -9999 -9999 -9999 -9999 -9999 -9999 -9999 -9999 -9999 -9999 -9999 -9999 -9999 -9999 -9999 -9999 -9999 4438484.999999999 4438484.999999999 4438485.0 4438485.0 4664052.460614487 4814899.7026355965 4738116.882617271 4489923.91611522 4499223.578318348 4438485.0 4438485.0
-9999 -9999 -9999 -9999 -9999 -9999 -9999 -9999 -9999 -9999 -9999 -9999 -9999 -9999 -9999 -9999 4450335.0 4450334.999999999 4450335.0 2225167.5 2225167.5 2225167.5 2225167.5 2225167.5 2225167.4999999995 2225167.5 2225167.5 2225167.5 4450335.0 4450334.999999999 4450335.0 4450335.0 4450335.000000001 4450335.0 4450335.0 -9999 -9999 -9999 -9999 -9999 -9999 -9999 -9999 -9999 -9999 -9999 -9999 -9999 -9999 -9999 -9999 -9999 -9999 -9999 -9999 -9999 -9999 -9999 4450335.0 4450335.0 4450335.0 4450335.000000001 4450335.0 4450335.0 4450335.0 4450335.0 4450335.0 4450335.000000001 4450335.0 4450335.0
-9999 -9999 -9999 -9999 -9999 -9999 -9999 -9999 -9999 -9999 -9999 -9999 -9999 -9999 -9999 -9999 4461855.0 4461855.0 4461855.0 4461855.0 4461855.0 2230927.4999999995 2230927.5 2230927.5 2230927.5000000005 2230927.5 2230927.4999999995 3045647.0416887887 3608849.017084736 4461855.0 4461855.000000001 4461855.0 4461855.0 4461855.0 4461855.0 -9999 -9999 -9999 -9999 -9999 -9999 -9999 -9999 -9999 -9999 -9999 -9999 -9999 -9999 -9999 -9999 -9999 -9999 -9999 -9999 -9999 -9999 -9999 4461855.000000001 4461855.0 4461855.0 4461855.0 4461855.0 -9999 -9999 4461855.0 4461855.0 4461855.0 4461855.0 4461855.0
-9999 -9999 -9999 -9999 -9999 -9999 -9999 -9999 -9999 -9999 -9999 -9999 -9999 -9999 -9999 -9999 -9999 4473030.0 4473030.0 4473030.0 4473030.0 2236515.0 2236515.0 2236515.0 2236515.0 2236514.9999999995 2236515.0 3264715.0327905314 2236515.0 4473030.0 4473030.0 4473030.0 4473030.0 -9999 -9999 -9999 -9999 -9999 -9999 -9999 -9999 -9999 -9999 -9999 -9999 -9999 -9999 -9999 -9999 -9999 -9999 -9999 -9999 -9999 -9999 -9999 -9999 -9999 4473030.000000001 4473030.000000001 4473030.0 4473030.0 -9999 -9999 -9999 4473030.0 4473030.0 -9999.0 4473030.0 4473030.0
-9999 -9999 -9999 -9999 -9999 -9999 -9999 -9999 -9999 -9999 -9999 -9999 -9999 -9999 -9999 -9999 -9999 4483875.0 4483875.0 4483875.0 4483875.0 2241937.5 2241937.5 2241937.5 3197360.27623312 2241937.5 2241937.4999999995 3175495.145289433 3877515.6031927937 4483875.0 4483875.0 -9999 -9999 -9999 -9999 -9999 -9999 -9999 -9999 -9999 -9999 -9999 -9999 -9999 -9999 -9999 -9999 -9999 -9999 -9999 -9999 -9999 -9999 -9999 -9999 -9999 -9999 -9999 -9999 -9999 -9999 -9999 -9999 -9999 -9999 4483874.999999999 -9999.0 -9999.0 4483875.0 4483875.0
-9999 -9999 -9999 -9999 -9999 -9999 -9999 -9999 -9999 -9999 -9999 -9999 -9999 -9999 -9999 -9999 -9999 -9999 4494375.0 4494375.0 4494375.0 4494375.0 2249576.861806549 2247187.5 2247187.4999999995 3029904.2913651974 2247187.5 2247187.5 4494375.0 4494375.0 4494375.0 -9999 -9999 -9999 -9999 -9999 -9999 -9999 -9999 -9999 -9999 -9999 -9999 -9999 -9999 -9999 -9999 -9999 -9999 -9999 -9999 -9999 -9999 -9999 -9999 -9999 -9999 -9999 -9999 -9999 -9999 -9999 -9999 -9999 -9999 4494375.0 4494375.0 4494375.0 4494375.000000001 4494375.0
-9999 -9999 -9999 -9999 -9999 -9999 -9999 -9999 -9999 -9999 -9999 -9999 -9999 -9999 -9999 -9999 -9999 -9999 4504530.0 4504530.0 4504530.0 4504530.0 2252264.9999999995 2252265.0 2353085.651953249 3466164.4369084146 4220141.818801798 3567996.899471979 4504530.0 4504530.0 4504530.000000001 -9999 -9999 -9999 -9999 -9999 -9999 -9999 -9999 -9999 -9999 -9999 -9999 -9999 -9999 -9999 -9999 -9999 -9999 -9999 -9999 -9999 -9999 -9999 -9999 -9999 -9999 -9999 -9999 -9999 -9999 -9999 -9999 -9999 -9999 -9999 4504530.0 -9999.0 4504530.000000001 4504529.999999999
-9999 -9999 -9999 -9999 -9999 -9999 -9999 -9999 -9999 -9999 -9999 -9999 -9999 -9999 -9999 -9999 -9999 -9999 -9999 4514340.0 4514340.0 4514340.0 2257170.0 2257170.0 2257170.0 2257170.0 2527670.996556071 2257170.0 4514340.0 4514340.0 4514340.0 -9999 -9999 -9999 -9999 -9999 -9999 -9999 -9999 -9999 -9999 -9999 -9999 -9999 -9999 -9999 -9999 -9999 -9999 -9999 -9999 -9999 -9999 -9999 -9999 -9999 -9999 -9999 -9999 -9999 -9999 -9999 -9999 -9999 -9999 -9999 4514340.0 -9999.0 4514340.0 4514340.0
-9999 -9999 -9999 -9999 -9999 -9999 -9999 -9999 -9999 -9999 -9999 -9999 -9999 -9999 -9999 -9999 -9999 -9999 -9999 4523805.0 4523805.0 4523805.0 4523805.0 4523805.0 4523805.0 4523805.0 4523805.0 4523805.0 4523805.0 4523805.000000001 4523804.999999999 -9999 -9999 -9999 -9999 -9999 -9999 -9999 -9999 -9999 -9999 -9999 -9999 -9999 -9999 -9999 -9999 -9999 -9999 -9999 -9999 -9999 -9999 -9999 -9999 6031740.0 -9999.0 -9999 -9999 -9999 -9999 -9999 -9999 -9999 -9999 -9999 4523805.0 4523805.000000001 4523804.999999999 4523805.0
-9999 -9999 -9999 -9999 -9999 -9999 -9999 -9999 -9999 -9999 -9999 -9999 -9999 -9999 -9999 -9999 -9999 -9999 -9999 4532925.0 4532925.0 4532925.0 4532925.0 4532925.0 4532925.0 4532925.0 4532925.0 4532925.0 4532925.0 4532925.0 4532925.0 -9999 -9999 -9999 -9999 -9999 -9999 -9999 -9999 -9999 -9999 -9999 -9999 -9999 -9999 -9999 -9999 -9999 -9999 -9999 -9999 -9999 -9999 -9999 -9999 4532925.0 -9999 -9999 -9999 -9999 -9999 -9999 -9999 -9999 -9999 -9999 -9999.0 4532925.0 -9999.0 4532925.0
