critload/trunk/output/2010/ndep_crit_tot.asc
ncols 720
nrows 360
xllcorner -180.0
yllcorner -90.0
cellsize 0.5
NODATA_value -9999.0
[rows 128 to 159 of 360, columns 497 to 567 of 720]
1395340.0 1395340.0 1395340.0 1395340.0 1395340.0 1395340.0 1395340.0 4883690.0 4883690.0 4883690.0 2093010.0 2093010.0 2093010.0 2093010.0 2093010.0 2093010.0 2093010.0 2093010.0 2093010.0 2093010.0 2093010.0 2093010.0 2093010.0 2093010.0 2093010.0 2093010.0 2093010.0 4186020.0 4186020.0 4186020.0 4186020.0 4186020.0 4186020.0 4186020.0 4186020.0 4186020.0 4186020.0 4186020.0 4186020.0 4186020.0 4186020.0 4186020.0 4186020.0 5581360.0 5581360.0 2790680.0 2790680.0 2790680.0 5581360.0 5581360.0 2790680.0 2790680.0 2790680.0 2790680.0 5581360.0 2790680.0 2790680.0 2790680.0 2790680.0 2790680.0 2790680.0 2790680.0 2790680.0 2790680.0 2790680.0 2790680.0 2790680.0 2790680.0 2790680.0 2790680.0 2790680.0
1401160.0 1401160.0 1401160.0 1401160.0 1401160.0 1401160.0 4904060.0 4904060.0 4904060.0 2101740.0 2101740.0 2101740.0 2101740.0 2101740.0 2101740.0 2101740.0 2101740.0 2101740.0 2101740.0 2101740.0 2101740.0 2101740.0 2101740.0 4203480.0 4203480.0 4203480.0 4203480.0 4203480.0 4203480.0 4203480.0 4203480.0 4203480.0 4203480.0 4203480.0 4203480.0 4203480.0 4203480.0 4203480.0 4203480.0 4203480.0 4203480.0 4203480.0 4203480.0 5604640.0 5604640.0 2802320.0 2802320.0 2802320.0 2802320.0 2802320.0 2802320.0 2802320.0 2802320.0 5604640.0 5604640.0 4203480.0 4203480.0 4203480.0 2802320.0 2802320.0 2802320.0 2802320.0 2802320.0 2802320.0 2802320.0 2802320.0 2802320.0 2802320.0 2802320.0 2802320.0 2802320.0
1406875.0 1406875.0 1406875.0 1406875.0 1406875.0 4924062.5 4924062.5 2110312.5 2110312.5 2110312.5 2110312.5 2110312.5 2110312.5 2110312.5 2110312.5 2110312.5 2110312.5 2110312.5 2110312.5 2110312.5 4220625.0 4220625.0 2110312.5 4220625.0 4220625.0 4220625.0 4220625.0 4220625.0 4220625.0 4220625.0 4220625.0 4220625.0 4220625.0 4220625.0 4220625.0 4220625.0 4220625.0 4220625.0 4220625.0 4220625.0 4220625.0 4220625.0 4220625.0 4220625.0 5627500.0 5627500.0 5627500.0 5627500.0 5627500.0 5627500.0 2813750.0 2813750.0 5627500.0 5627500.0 5627500.0 4220625.0 4220625.0 4220625.0 2813750.0 2813750.0 2813750.0 2813750.0 2813750.0 2813750.0 2813750.0 2813750.0 2813750.0 2813750.0 2813750.0 2813750.0 2813750.0
1412480.0 1412480.0 1412480.0 1412480.0 4943680.0 4943680.0 4943680.0 2118720.0 2118720.0 2118720.0 2118720.0 2118720.0 2118720.0 2118720.0 2118720.0 2118720.0 2118720.0 2118720.0 2118720.0 2118720.0 4237440.0 4237440.0 4237440.0 4237440.0 4237440.0 4237440.0 4237440.0 4237440.0 4237440.0 4237440.0 4237440.0 4237440.0 4237440.0 4237440.0 4237440.0 4237440.0 4237440.0 4237440.0 4237440.0 4237440.0 4237440.0 4237440.0 4237440.0 4237440.0 5649920.0 5649920.0 5649920.0 5649920.0 5649920.0 2824960.0 2824960.0 5649920.0 5649920.0 4237440.0 4237440.0 4237440.0 4237440.0 4237440.0 2824960.0 2824960.0 2824960.0 2824960.0 2824960.0 2824960.0 2824960.0 2824960.0 2824960.0 2824960.0 2824960.0 2824960.0 2824960.0
1417975.0 1417975.0 1417975.0 4962912.5 4962912.5 4962912.5 2126962.5 2126962.5 2126962.5 2126962.5 2126962.5 2126962.5 2126962.5 2126962.5 2126962.5 2126962.5 2126962.5 2126962.5 2126962.5 2126962.5 2126962.5 4253925.0 4253925.0 4253925.0 4253925.0 4253925.0 4253925.0 4253925.0 4253925.0 4253925.0 4253925.0 4253925.0 4253925.0 4253925.0 4253925.0 4253925.0 4253925.0 4253925.0 4253925.0 4253925.0 4253925.0 4253925.0 4253925.0 4253925.0 4253925.0 5671900.0 5671900.0 5671900.0 2835950.0 2835950.0 2835950.0 5671900.0 4253925.0 4253925.0 4253925.0 4253925.0 4253925.0 2835950.0 2835950.0 2835950.0 2835950.0 2835950.0 2835950.0 2835950.0 2835950.0 2835950.0 2835950.0 2835950.0 2835950.0 2835950.0 2835950.0
4981795.0 1423370.0 4981795.0 4981795.0 4981795.0 2135055.0 2135055.0 2135055.0 2135055.0 2135055.0 2135055.0 2135055.0 2135055.0 2135055.0 2135055.0 2135055.0 2135055.0 2135055.0 2135055.0 2135055.0 2135055.0 4270110.0 4270110.0 4270110.0 4270110.0 4270110.0 4270110.0 4270110.0 4270110.0 4270110.0 2135055.0 2135055.0 4270110.0 4270110.0 4270110.0 4270110.0 4270110.0 4270110.0 4270110.0 4270110.0 4270110.0 4270110.0 5693480.0 4270110.0 4270110.0 4270110.0 5693480.0 5693480.0 5693480.0 2846740.0 2846740.0 4270110.0 4270110.0 4270110.0 4270110.0 4270110.0 4270110.0 2846740.0 2846740.0 2846740.0 2846740.0 2846740.0 2846740.0 2846740.0 2846740.0 2846740.0 2846740.0 2846740.0 2846740.0 2846740.0 2846740.0
5000275.0 2142975.0 2142975.0 2142975.0 2142975.0 2142975.0 2142975.0 2142975.0 2142975.0 2142975.0 2142975.0 2142975.0 2142975.0 2142975.0 2142975.0 2142975.0 2142975.0 2142975.0 2142975.0 2142975.0 2142975.0 4285950.0 4285950.0 4285950.0 4285950.0 4285950.0 4285950.0 4285950.0 4285950.0 4285950.0 4285950.0 4285950.0 4285950.0 4285950.0 4285950.0 4285950.0 4285950.0 4285950.0 4285950.0 4285950.0 4285950.0 4285950.0 5714600.0 4285950.0 4285950.0 4285950.0 4285950.0 4285950.0 5714600.0 2857300.0 2857300.0 4285950.0 4285950.0 4285950.0 4285950.0 4285950.0 2857300.0 2857300.0 4285950.0 2857300.0 2857300.0 2857300.0 2857300.0 2857300.0 2857300.0 2857300.0 2857300.0 2857300.0 2857300.0 2857300.0 2857300.0
2150737.5 2150737.5 2150737.5 2150737.5 2150737.5 2150737.5 2150737.5 2150737.5 2150737.5 2150737.5 2150737.5 2150737.5 2150737.5 2150737.5 2150737.5 2150737.5 2150737.5 2150737.5 2150737.5 4301475.0 4301475.0 4301475.0 4301475.0 4301475.0 4301475.0 4301475.0 4301475.0 4301475.0 4301475.0 4301475.0 4301475.0 4301475.0 4301475.0 4301475.0 4301475.0 4301475.0 4301475.0 4301475.0 4301475.0 4301475.0 4301475.0 4301475.0 4301475.0 4301475.0 4301475.0 4301475.0 4301475.0 4301475.0 4301475.0 2867650.0 2867650.0 4301475.0 4301475.0 4301475.0 4301475.0 4301475.0 4301475.0 4301475.0 2867650.0 2867650.0 2867650.0 2867650.0 2867650.0 2867650.0 2867650.0 2867650.0 2867650.0 2867650.0 5735300.0 5735300.0 5735300.0
-9999 2158335.0 2158335.0 2158335.0 2158335.0 2158335.0 2158335.0 2158335.0 2158335.0 2158335.0 2158335.0 2158335.0 2158335.0 2158335.0 2158335.0 2158335.0 2158335.0 2158335.0 2158335.0 2158335.0 4316670.0 4316670.0 4316670.0 4316670.0 4316670.0 4316670.0 4316670.0 4316670.0 4316670.0 4316670.0 4316670.0 4316670.0 4316670.0 4316670.0 4316670.0 4316670.0 4316670.0 4316670.0 4316670.0 4316670.0 4316670.0 4316670.0 4316670.0 4316670.0 -9999 -9999 4316670.0 4316670.0 4316670.0 4316670.0 2877780.0 4316670.0 4316670.0 4316670.0 4316670.0 4316670.0 4316670.0 4316670.0 2877780.0 4316670.0 4316670.0 2877780.0 2877780.0 2877780.0 4316670.0 4316670.0 5755560.0 5755560.0 5755560.0 5755560.0 5755560.0
-9999 -9999 2165767.5 2165767.5 2165767.5 2165767.5 2165767.5 2165767.5 2165767.5 2165767.5 2165767.5 2165767.5 2165767.5 2165767.5 2165767.5 2165767.5 2165767.5 2165767.5 2165767.5 2165767.5 4331535.0 4331535.0 4331535.0 4331535.0 4331535.0 4331535.0 4331535.0 4331535.0 4331535.0 4331535.0 4331535.0 4331535.0 4331535.0 4331535.0 4331535.0 4331535.0 4331535.0 -9999 -9999 -9999 -9999 -9999 -9999 -9999 -9999 -9999 -9999 4331535.0 4331535.0 4331535.0 2887690.0 4331535.0 4331535.0 4331535.0 4331535.0 4331535.0 4331535.0 2887690.0 4331535.0 4331535.0 4331535.0 4331535.0 2887690.0 4331535.0 4331535.0 4331535.0 4331535.0 5775380.0 5775380.0 5775380.0 5775380.0
-9999 -9999 -9999 2173035.0 2173035.0 2173035.0 2173035.0 -9999 2173035.0 2173035.0 2173035.0 2173035.0 2173035.0 2173035.0 2173035.0 2173035.0 2173035.0 2173035.0 2173035.0 2173035.0 2173035.0 4346070.0 2173035.0 4346070.0 4346070.0 4346070.0 4346070.0 4346070.0 4346070.0 4346070.0 4346070.0 4346070.0 4346070.0 4346070.0 4346070.0 4346070.0 4346070.0 -9999 -9999 -9999 -9999 -9999 -9999 -9999 -9999 -9999 -9999 4346070.0 4346070.0 4346070.0 4346070.0 4346070.0 4346070.0 4346070.0 4346070.0 4346070.0 4346070.0 2897380.0 4346070.0 4346070.0 4346070.0 4346070.0 4346070.0 4346070.0 4346070.0 4346070.0 4346070.0 5794760.0 5794760.0 5794760.0 5794760.0
-9999 -9999 -9999 -9999 -9999 -9999 -9999 -9999 2180137.5 2180137.5 2180137.5 2180137.5 2180137.5 2180137.5 2180137.5 2180137.5 2180137.5 2180137.5 2180137.5 2180137.5 2180137.5 2180137.5 2180137.5 4360275.0 4360275.0 4360275.0 4360275.0 4360275.0 4360275.0 4360275.0 4360275.0 4360275.0 4360275.0 4360275.0 4360275.0 4360275.0 4360275.0 -9999 -9999 -9999 -9999 -9999 -9999 -9999 -9999 -9999 -9999 -9999 4360275.0 4360275.0 4360275.0 4360275.0 4360275.0 4360275.0 4360275.0 4360275.0 4360275.0 4360275.0 4360275.0 4360275.0 4360275.0 4360275.0 4360275.0 4360275.0 4360275.0 4360275.0 4360275.0 4360275.0 5813700.0 5813700.0 5813700.0
-9999 -9999 -9999 -9999 -9999 -9999 -9999 -9999 2187067.5 2187067.5 2187067.5 2187067.5 2187067.5 2187067.5 2187067.5 2187067.5 2187067.5 2187067.5 2187067.5 2187067.5 2187067.5 2187067.5 2187067.5 4374135.0 4374135.0 4374135.0 4374135.0 4374135.0 4374135.0 4374135.0 4374135.0 4374135.0 4374135.0 4374135.0 4374135.0 4374135.0 -9999 -9999 -9999 -9999 -9999 -9999 -9999 -9999 -9999 -9999 -9999 -9999 -9999 4374135.0 4374135.0 4374135.0 4374135.0 4374135.0 4374135.0 4374135.0 4374135.0 4374135.0 4374135.0 4374135.0 4374135.0 4374135.0 4374135.0 4374135.0 4374135.0 4374135.0 4374135.0 4374135.0 4374135.0 5832180.0 5832180.0
-9999 -9999 -9999 -9999 -9999 -9999 -9999 -9999 2193840.0 2193840.0 2193840.0 2193840.0 2193840.0 2193840.0 2193840.0 2193840.0 2193840.0 2193840.0 2193840.0 2193840.0 2193840.0 2193840.0 2193840.0 4387680.0 4387680.0 4387680.0 4387680.0 4387680.0 4387680.0 4387680.0 4387680.0 4387680.0 4387680.0 4387680.0 -9999 -9999 -9999 -9999 -9999 -9999 -9999 -9999 -9999 -9999 -9999 -9999 -9999 -9999 -9999 -9999 4387680.0 4387680.0 4387680.0 4387680.0 4387680.0 4387680.0 4387680.0 4387680.0 4387680.0 4387680.0 4387680.0 4387680.0 4387680.0 4387680.0 4387680.0 4387680.0 4387680.0 4387680.0 4387680.0 4387680.0 5850240.0
-9999 -9999 -9999 -9999 -9999 -9999 -9999 -9999 4400880.0 4400880.0 2200440.0 2200440.0 2200440.0 2200440.0 2200440.0 2200440.0 2200440.0 2200440.0 2200440.0 2200440.0 2200440.0 2200440.0 2200440.0 4400880.0 4400880.0 4400880.0 4400880.0 4400880.0 4400880.0 4400880.0 4400880.0 4400880.0 4400880.0 -9999 -9999 -9999 -9999 -9999 -9999 -9999 -9999 -9999 -9999 -9999 -9999 -9999 -9999 -9999 -9999 -9999 4400880.0 4400880.0 4400880.0 4400880.0 4400880.0 4400880.0 4400880.0 4400880.0 4400880.0 4400880.0 4400880.0 4400880.0 4400880.0 4400880.0 4400880.0 4400880.0 4400880.0 4400880.0 4400880.0 4400880.0 4400880.0
-9999 -9999 -9999 -9999 -9999 -9999 -9999 -9999 4413750.0 4413750.0 4413750.0 2206875.0 2206875.0 2206875.0 2206875.0 2206875.0 2206875.0 2206875.0 2206875.0 2206875.0 2206875.0 4413750.0 4413750.0 4413750.0 4413750.0 4413750.0 4413750.0 4413750.0 4413750.0 4413750.0 4413750.0 4413750.0 -9999 -9999 -9999 -9999 -9999 -9999 -9999 -9999 -9999 -9999 -9999 -9999 -9999 -9999 -9999 -9999 -9999 -9999 -9999 4413750.0 4413750.0 4413750.0 4413750.0 4413750.0 4413750.0 4413750.0 4413750.0 4413750.0 4413750.0 4413750.0 4413750.0 4413750.0 4413750.0 4413750.0 4413750.0 4413750.0 4413750.0 4413750.0 4413750.0
-9999 -9999 -9999 -9999 -9999 -9999 -9999 -9999 -9999 4426275.0 4426275.0 4426275.0 2213137.5 2213137.5 2213137.5 2213137.5 2213137.5 2213137.5 2213137.5 2213137.5 4426275.0 4426275.0 4426275.0 4426275.0 4426275.0 4426275.0 4426275.0 4426275.0 4426275.0 4426275.0 4426275.0 -9999 -9999 -9999 -9999 -9999 -9999 -9999 -9999 -9999 -9999 -9999 -9999 -9999 -9999 -9999 -9999 -9999 -9999 -9999 -9999 4426275.0 4426275.0 4426275.0 4426275.0 4426275.0 4426275.0 4426275.0 4426275.0 4426275.0 4426275.0 4426275.0 4426275.0 4426275.0 4426275.0 4426275.0 4426275.0 4426275.0 4426275.0 4426275.0 4426275.0
-9999 -9999 -9999 -9999 -9999 -9999 -9999 -9999 -9999 4438485.0 4438485.0 4438485.0 2219242.5 2219242.5 2219242.5 2219242.5 2219242.5 2219242.5 2219242.5 4438485.0 2219242.5 4438485.0 4438485.0 4438485.0 4438485.0 4438485.0 4438485.0 4438485.0 4438485.0 -9999 -9999 -9999 -9999 -9999 -9999 -9999 -9999 -9999 -9999 -9999 -9999 -9999 -9999 -9999 -9999 -9999 -9999 -9999 -9999 -9999 -9999 -9999 4438485.0 4438485.0 4438485.0 4438485.0 4438485.0 4438485.0 4438485.0 4438485.0 4438485.0 4438485.0 4438485.0 4438485.0 4438485.0 4438485.0 4438485.0 4438485.0 4438485.0 4438485.0 4438485.0
-9999 -9999 -9999 -9999 -9999 -9999 -9999 -9999 -9999 4450335.0 4450335.0 4450335.0 2225167.5 2225167.5 2225167.5 2225167.5 2225167.5 2225167.5 2225167.5 2225167.5 2225167.5 4450335.0 4450335.0 4450335.0 4450335.0 4450335.0 4450335.0 4450335.0 -9999 -9999 -9999 -9999 -9999 -9999 -9999 -9999 -9999 -9999 -9999 -9999 -9999 -9999 -9999 -9999 -9999 -9999 -9999 -9999 -9999 -9999 -9999 4450335.0 4450335.0 4450335.0 4450335.0 4450335.0 4450335.0 4450335.0 4450335.0 4450335.0 4450335.0 4450335.0 4450335.0 4450335.0 4450335.0 4450335.0 4450335.0 4450335.0 4450335.0 4450335.0 4450335.0
-9999 -9999 -9999 -9999 -9999 -9999 -9999 -9999 -9999 4461855.0 4461855.0 4461855.0 4461855.0 4461855.0 2230927.5 2230927.5 2230927.5 2230927.5 2230927.5 2230927.5 2230927.5 2230927.5 4461855.0 4461855.0 4461855.0 4461855.0 4461855.0 4461855.0 -9999 -9999 -9999 -9999 -9999 -9999 -9999 -9999 -9999 -9999 -9999 -9999 -9999 -9999 -9999 -9999 -9999 -9999 -9999 -9999 -9999 -9999 -9999 4461855.0 4461855.0 4461855.0 4461855.0 4461855.0 -9999 -9999 4461855.0 4461855.0 4461855.0 4461855.0 4461855.0 4461855.0 4461855.0 4461855.0 4461855.0 4461855.0 4461855.0 4461855.0 4461855.0
-9999 -9999 -9999 -9999 -9999 -9999 -9999 -9999 -9999 -9999 4473030.0 4473030.0 4473030.0 4473030.0 2236515.0 2236515.0 2236515.0 2236515.0 2236515.0 2236515.0 2236515.0 2236515.0 4473030.0 4473030.0 4473030.0 4473030.0 -9999 -9999 -9999 -9999 -9999 -9999 -9999 -9999 -9999 -9999 -9999 -9999 -9999 -9999 -9999 -9999 -9999 -9999 -9999 -9999 -9999 -9999 -9999 -9999 -9999 4473030.0 4473030.0 4473030.0 4473030.0 -9999 -9999 -9999 4473030.0 4473030.0 4473030.0 4473030.0 4473030.0 4473030.0 4473030.0 4473030.0 4473030.0 4473030.0 4473030.0 4473030.0 4473030.0
-9999 -9999 -9999 -9999 -9999 -9999 -9999 -9999 -9999 -9999 4483875.0 4483875.0 4483875.0 4483875.0 2241937.5 2241937.5 2241937.5 2241937.5 2241937.5 2241937.5 2241937.5 2241937.5 4483875.0 4483875.0 -9999 -9999 -9999 -9999 -9999 -9999 -9999 -9999 -9999 -9999 -9999 -9999 -9999 -9999 -9999 -9999 -9999 -9999 -9999 -9999 -9999 -9999 -9999 -9999 -9999 -9999 -9999 -9999 -9999 -9999 -9999 -9999 -9999 -9999 4483875.0 4483875.0 4483875.0 4483875.0 4483875.0 4483875.0 4483875.0 4483875.0 4483875.0 4483875.0 4483875.0 4483875.0 4483875.0
-9999 -9999 -9999 -9999 -9999 -9999 -9999 -9999 -9999 -9999 -9999 4494375.0 4494375.0 4494375.0 4494375.0 2247187.5 2247187.5 2247187.5 2247187.5 2247187.5 2247187.5 4494375.0 4494375.0 4494375.0 -9999 -9999 -9999 -9999 -9999 -9999 -9999 -9999 -9999 -9999 -9999 -9999 -9999 -9999 -9999 -9999 -9999 -9999 -9999 -9999 -9999 -9999 -9999 -9999 -9999 -9999 -9999 -9999 -9999 -9999 -9999 -9999 -9999 -9999 4494375.0 4494375.0 4494375.0 4494375.0 4494375.0 4494375.0 4494375.0 4494375.0 4494375.0 4494375.0 4494375.0 4494375.0 4494375.0
-9999 -9999 -9999 -9999 -9999 -9999 -9999 -9999 -9999 -9999 -9999 4504530.0 4504530.0 4504530.0 4504530.0 2252265.0 2252265.0 2252265.0 2252265.0 2252265.0 2252265.0 4504530.0 4504530.0 4504530.0 -9999 -9999 -9999 -9999 -9999 -9999 -9999 -9999 -9999 -9999 -9999 -9999 -9999 -9999 -9999 -9999 -9999 -9999 -9999 -9999 -9999 -9999 -9999 -9999 -9999 -9999 -9999 -9999 -9999 -9999 -9999 -9999 -9999 -9999 -9999 4504530.0 4504530.0 4504530.0 4504530.0 4504530.0 4504530.0 4504530.0 4504530.0 4504530.0 4504530.0 4504530.0 4504530.0
-9999 -9999 -9999 -9999 -9999 -9999 -9999 -9999 -9999 -9999 -9999 -9999 4514340.0 4514340.0 4514340.0 2257170.0 2257170.0 2257170.0 2257170.0 2257170.0 2257170.0 4514340.0 4514340.0 4514340.0 -9999 -9999 -9999 -9999 -9999 -9999 -9999 -9999 -9999 -9999 -9999 -9999 -9999 -9999 -9999 -9999 -9999 -9999 -9999 -9999 -9999 -9999 -9999 -9999 -9999 -9999 -9999 -9999 -9999 -9999 -9999 -9999 -9999 -9999 -9999 4514340.0 4514340.0 4514340.0 4514340.0 4514340.0 4514340.0 4514340.0 4514340.0 4514340.0 4514340.0 4514340.0 4514340.0
-9999 -9999 -9999 -9999 -9999 -9999 -9999 -9999 -9999 -9999 -9999 -9999 4523805.0 4523805.0 4523805.0 4523805.0 4523805.0 4523805.0 4523805.0 4523805.0 4523805.0 4523805.0 4523805.0 4523805.0 -9999 -9999 -9999 -9999 -9999 -9999 -9999 -9999 -9999 -9999 -9999 -9999 -9999 -9999 -9999 -9999 -9999 -9999 -9999 -9999 -9999 -9999 -9999 -9999 6031740.0 4523805.0 -9999 -9999 -9999 -9999 -9999 -9999 -9999 -9999 -9999 4523805.0 4523805.0 4523805.0 4523805.0 4523805.0 4523805.0 4523805.0 4523805.0 4523805.0 4523805.0 4523805.0 4523805.0
-9999 -9999 -9999 -9999 -9999 -9999 -9999 -9999 -9999 -9999 -9999 -9999 4532925.0 4532925.0 4532925.0 4532925.0 4532925.0 4532925.0 4532925.0 4532925.0 4532925.0 4532925.0 4532925.0 4532925.0 -9999 -9999 -9999 -9999 -9999 -9999 -9999 -9999 -9999 -9999 -9999 -9999 -9999 -9999 -9999 -9999 -9999 -9999 -9999 -9999 -9999 -9999 -9999 -9999 4532925.0 -9999 -9999 -9999 -9999 -9999 -9999 -9999 -9999 -9999 -9999 4532925.0 4532925.0 4532925.0 4532925.0 -9999 4532925.0 4532925.0 4532925.0 6043900.0 6043900.0 4532925.0 4532925.0
-9999 -9999 -9999 -9999 -9999 -9999 -9999 -9999 -9999 -9999 -9999 -9999 -9999 4541700.0 4541700.0 4541700.0 4541700.0 4541700.0 4541700.0 4541700.0 4541700.0 4541700.0 4541700.0 4541700.0 -9999 -9999 -9999 -9999 -9999 -9999 -9999 -9999 -9999 -9999 -9999 -9999 -9999 -9999 -9999 -9999 -9999 -9999 -9999 -9999 -9999 -9999 -9999 -9999 6055600.0 -9999 -9999 -9999 -9999 -9999 -9999 -9999 -9999 -9999 -9999 4541700.0 6055600.0 6055600.0 4541700.0 -9999 -9999 -9999 -9999 6055600.0 6055600.0 6055600.0 6055600.0
-9999 -9999 -9999 -9999 -9999 -9999 -9999 -9999 -9999 -9999 -9999 -9999 -9999 4550145.0 4550145.0 4550145.0 4550145.0 4550145.0 4550145.0 4550145.0 4550145.0 4550145.0 4550145.0 -9999 -9999 -9999 -9999 -9999 -9999 -9999 -9999 -9999 -9999 -9999 -9999 -9999 -9999 -9999 -9999 -9999 -9999 -9999 -9999 -9999 -9999 -9999 -9999 -9999 6066860.0 -9999 -9999 -9999 -9999 -9999 -9999 -9999 -9999 -9999 -9999 6066860.0 6066860.0 6066860.0 6066860.0 -9999 -9999 -9999 -9999 -9999 6066860.0 6066860.0 6066860.0
-9999 -9999 -9999 -9999 -9999 -9999 -9999 -9999 -9999 -9999 -9999 -9999 -9999 -9999 4558230.0 4558230.0 4558230.0 4558230.0 4558230.0 4558230.0 4558230.0 4558230.0 4558230.0 -9999 -9999 -9999 -9999 -9999 -9999 -9999 -9999 -9999 -9999 -9999 -9999 -9999 -9999 -9999 -9999 -9999 -9999 -9999 -9999 -9999 -9999 -9999 -9999 -9999 -9999 -9999 -9999 -9999 -9999 -9999 -9999 -9999 -9999 -9999 -9999 -9999 6077640.0 6077640.0 6077640.0 -9999 -9999 -9999 -9999 -9999 6077640.0 6077640.0 6077640.0
-9999 -9999 -9999 -9999 -9999 -9999 -9999 -9999 -9999 -9999 -9999 -9999 -9999 -9999 4565955.0 4565955.0 4565955.0 4565955.0 4565955.0 4565955.0 4565955.0 4565955.0 4565955.0 -9999 -9999 -9999 -9999 -9999 -9999 -9999 -9999 -9999 -9999 -9999 -9999 -9999 -9999 -9999 -9999 -9999 -9999 -9999 -9999 -9999 -9999 -9999 -9999 6087940.0 6087940.0 -9999 -9999 -9999 -9999 -9999 -9999 -9999 -9999 -9999 -9999 6087940.0 6087940.0 6087940.0 -9999 -9999 -9999 -9999 -9999 -9999 -9999 6087940.0 6087940.0
-9999 -9999 -9999 -9999 -9999 -9999 -9999 -9999 -9999 -9999 -9999 -9999 -9999 -9999 -9999 4573350.0 4573350.0 4573350.0 4573350.0 4573350.0 4573350.0 4573350.0 4573350.0 -9999 -9999 -9999 -9999 -9999 -9999 -9999 -9999 -9999 -9999 -9999 -9999 -9999 -9999 -9999 -9999 -9999 -9999 -9999 -9999 -9999 -9999 -9999 -9999 -9999 -9999 -9999 -9999 -9999 -9999 -9999 -9999 -9999 -9999 -9999 -9999 6097800.0 6097800.0 6097800.0 -9999 -9999 -9999 -9999 -9999 -9999 -9999 -9999 6097800.0
