critload/trunk/output/2010/ndep_crit_dep_tot.asc
ncols 720
nrows 360
xllcorner -180.0
yllcorner -90.0
cellsize 0.5
NODATA_value -9999.0
[rows 186 to 216 of 360, columns 210 to 279 of 720]
-9999.0 -9999.0 -9999.0 -9999.0 -9999.0 -9999.0 -9999.0 -9999.0 -9999.0 -9999.0 -9999.0 -9999.0 -9999.0 -9999.0 6186740.000000002 -9999.0 -9999.0 -9999.0 -9999.0 -9999.0 -9999.0 -9999.0 -9999.0 -9999.0 -9999.0 -9999.0 -9999.0 -9999.0 6186740.0 6186740.0 6186740.0 -9999.0 6186740.000000001 6186740.000000001 6186740.000000001 -9999.0 -9999.0 -9999.0 -9999.0 -9999.0 -9999.0 -9999.0 -9999.0 6186740.0 6186740.000000001 6186740.000000001 6186740.0 6186740.0 -9999.0 -9999.0 6186740.0 6186740.000000001 6186740.000000001 6186740.0 6186740.0 6186739.999999999 6186740.0 6186740.000000001 4640055.0 4640055.000000001 4640055.0 4640055.0 4640055.0 4640055.0 4640054.999999999 4640055.0 4640055.0 4640055.0 4640055.0 4640054.999999999
-9999.0 -9999.0 -9999.0 6183440.000000001 -9999.0 -9999.0 -9999.0 -9999.0 6183440.0 -9999.0 -9999.0 -9999.0 -9999.0 -9999.0 -9999.0 -9999.0 -9999.0 -9999.0 -9999.0 -9999.0 -9999.0 -9999.0 -9999.0 -9999.0 -9999.0 -9999.0 -9999.0 -9999.0 -9999.0 6183440.0 -9999.0 6183440.0 -9999.0 -9999.0 -9999.0 -9999.0 -9999.0 -9999.0 -9999.0 6183440.0 6183440.000000001 6183440.000000001 6183440.0 6183440.000000001 6183440.0 -9999.0 -9999.0 6183440.0 6183440.000000001 6183440.0 6183440.0 6183440.0 6183440.0 6183440.000000001 6183440.0 6183440.000000001 6183439.999999999 4637579.999999999 4637580.0 4637580.000000001 4637580.0 4637580.0 4637580.000000001 4637580.0 4637580.0 4637580.0 4637579.999999999 4637580.0 4637580.0 4637580.0
-9999.0 -9999.0 -9999.0 6179660.0 -9999.0 -9999.0 -9999.0 -9999.0 -9999.0 6179660.0 6179660.0 -9999.0 -9999.0 -9999.0 -9999.0 -9999.0 -9999.0 -9999.0 -9999.0 -9999.0 -9999.0 -9999.0 -9999.0 6179660.0 -9999.0 -9999.0 -9999.0 -9999.0 -9999.0 -9999.0 6179660.0 -9999.0 -9999.0 -9999.0 -9999.0 -9999.0 -9999.0 6179660.0 6179660.0 6179660.0 6179660.0 -9999.0 -9999.0 -9999.0 -9999.0 -9999.0 -9999.0 -9999.0 6179660.0 6179659.999999999 6179660.0 6179660.0 6179660.0 6179659.999999999 6179659.999999999 6179660.0 4634745.0 4634745.0 4634745.000000001 4634745.000000001 4634745.000000001 4634745.0 4634745.0 4634745.0 4634745.000000001 4634745.0 4634745.0 4634745.0 4634745.000000001 2317372.5
-9999.0 -9999.0 6175420.0 -9999.0 -9999.0 -9999.0 -9999.0 -9999.0 -9999.0 -9999.0 -9999.0 -9999.0 -9999.0 -9999.0 -9999.0 -9999.0 6175420.000000001 -9999.0 -9999.0 -9999.0 -9999.0 -9999.0 -9999.0 -9999.0 -9999.0 -9999.0 -9999.0 -9999.0 -9999.0 -9999.0 -9999.0 -9999.0 -9999.0 -9999.0 -9999.0 -9999.0 -9999.0 -9999.0 -9999.0 -9999.0 -9999.0 -9999.0 -9999.0 -9999.0 -9999.0 -9999.0 -9999.0 -9999.0 -9999.0 -9999.0 6175420.0 6175420.0 6175420.000000001 6175420.0 6175420.0 4631565.0 4631565.0 4631564.999999999 4631565.0 4631565.0 4631565.0 4631564.999999999 4631565.0 4631564.999999999 4631565.0 4631565.0 4631565.0 4631565.0 4631565.0 2315782.5
-9999.0 6170700.0 6170700.000000001 -9999.0 -9999.0 -9999.0 -9999.0 -9999.0 -9999.0 -9999.0 -9999.0 -9999.0 -9999.0 -9999.0 -9999.0 -9999.0 -9999.0 -9999.0 -9999.0 -9999.0 -9999.0 -9999.0 -9999.0 -9999.0 -9999.0 -9999.0 -9999.0 -9999.0 -9999.0 6170700.000000001 -9999.0 -9999.0 -9999.0 -9999.0 -9999.0 -9999.0 -9999.0 -9999.0 -9999.0 -9999.0 -9999.0 -9999.0 -9999.0 -9999.0 -9999.0 -9999.0 -9999.0 -9999.0 6170700.0 6170700.000000001 6170700.0 6170700.0 6170700.0 4628025.0 4628025.0 4628025.0 4628025.0 4628025.000000001 4628025.0 -9999.0 4628025.000000001 4628025.0 4628025.0 4628025.0 4628025.0 4628024.999999999 4628025.0 -9999.0 -9999.0 2314012.5
6165520.0 6165520.0 -9999.0 -9999.0 -9999.0 -9999.0 -9999.0 -9999.0 -9999.0 -9999.0 -9999.0 -9999.0 -9999.0 -9999.0 -9999.0 -9999.0 -9999.0 -9999.0 -9999.0 -9999.0 -9999.0 -9999.0 -9999.0 -9999.0 -9999.0 -9999.0 -9999.0 6165519.999999999 -9999.0 -9999.0 -9999.0 -9999.0 -9999.0 -9999.0 -9999.0 -9999.0 -9999.0 -9999.0 -9999.0 -9999.0 -9999.0 -9999.0 -9999.0 -9999.0 -9999.0 -9999.0 -9999.0 6165520.0 -9999.0 4624140.0 4624140.0 4624140.0 4624140.0 4624139.999999999 4624140.0 4624140.0 4624140.0 4624140.0 4624140.0 4624140.0 4624140.0 4624140.0 4624140.0 -9999.0 4624140.000000001 4624140.0 4624139.999999999 -9999.0 4624140.0 2312070.0
-9999.0 -9999.0 -9999.0 -9999.0 -9999.0 -9999.0 -9999.0 -9999.0 -9999.0 -9999.0 -9999.0 -9999.0 -9999.0 -9999.0 -9999.0 -9999.0 -9999.0 -9999.0 -9999.0 -9999.0 -9999.0 -9999.0 -9999.0 -9999.0 -9999.0 -9999.0 -9999.0 -9999.0 -9999.0 -9999.0 -9999.0 -9999.0 -9999.0 -9999.0 -9999.0 -9999.0 -9999.0 -9999.0 -9999.0 -9999.0 -9999.0 -9999.0 -9999.0 -9999.0 6159880.0 6159879.999999998 6159880.0 6159880.0 -9999.0 4619910.0 4619910.0 4619910.0 4619910.0 4619910.0 4619910.0 4619910.0 4619910.0 4619910.0 4619910.0 4619910.000000001 4619910.0 4619910.0 -9999.0 4619910.0 4619910.000000001 4619910.0 4619910.0 -9999.0 -9999.0 -9999.0
-9999.0 -9999.0 -9999.0 -9999.0 -9999.0 -9999.0 -9999.0 -9999.0 -9999.0 -9999.0 6153760.0 -9999.0 -9999.0 -9999.0 -9999.0 -9999.0 -9999.0 -9999.0 -9999.0 -9999.0 -9999.0 -9999.0 -9999.0 -9999.0 -9999.0 -9999.0 -9999.0 -9999.0 -9999.0 -9999.0 -9999.0 -9999.0 -9999.0 -9999.0 6153760.0 -9999.0 -9999.0 -9999.0 -9999.0 6153760.000000001 -9999.0 -9999.0 -9999.0 -9999.0 -9999.0 6153760.0 6153760.0 6153760.000000001 6153759.999999999 4615320.0 4615320.0 4615320.0 4615320.0 4615320.0 4615320.0 4615320.0 4615320.0 4615320.0 4615320.0 4615319.999999999 -9999.0 4615320.000000001 4615320.0 4615320.0 -9999.0 4615320.0 4615320.0 -9999.0 -9999.0 2307660.0
-9999.0 -9999.0 -9999.0 -9999.0 -9999.0 -9999.0 6147160.0 -9999.0 -9999.0 -9999.0 -9999.0 -9999.0 -9999.0 -9999.0 -9999.0 -9999.0 -9999.0 -9999.0 -9999.0 -9999.0 6147160.0 -9999.0 -9999.0 -9999.0 -9999.0 -9999.0 -9999.0 -9999.0 -9999.0 -9999.0 -9999.0 -9999.0 -9999.0 -9999.0 6147160.0 -9999.0 -9999.0 -9999.0 -9999.0 6147160.0 -9999.0 -9999.0 -9999.0 -9999.0 -9999.0 -9999.0 -9999.0 6147160.000000001 4610370.0 4610370.0 4610370.0 4610370.0 4610370.0 4610370.0 4610370.0 4610370.0 4610370.0 4610370.0 4610370.0 4610370.0 4610370.0 4610370.0 4610370.0 4610370.000000001 -9999.0 -9999.0 4610370.0 -9999.0 -9999.0 2305185.0
-9999.0 -9999.0 -9999.0 -9999.0 6140100.0 -9999.0 -9999.0 -9999.0 -9999.0 -9999.0 -9999.0 -9999.0 -9999.0 -9999.0 -9999.0 -9999.0 -9999.0 -9999.0 -9999.0 -9999.0 -9999.0 -9999.0 -9999.0 6140100.0 -9999.0 -9999.0 -9999.0 -9999.0 -9999.0 -9999.0 -9999.0 -9999.0 -9999.0 -9999.0 -9999.0 -9999.0 -9999.0 -9999.0 -9999.0 6140100.000000001 -9999.0 -9999.0 -9999.0 -9999.0 -9999.0 -9999.0 6140099.999999999 -9999.0 6140100.000000001 4605075.0 4605075.0 4605075.0 4605075.0 4605075.0 4605075.0 4605075.0 4605075.0 4605075.0 4605075.0 4605075.0 4605075.0 4605075.0 4605075.0 4605075.0 -9999.0 4605075.0 -9999.0 -9999.0 2302537.5 -9999.0
6132580.000000001 -9999.0 -9999.0 -9999.0 6132579.999999999 -9999.0 -9999.0 -9999.0 6132580.0 6132580.0 -9999.0 -9999.0 -9999.0 -9999.0 -9999.0 -9999.0 -9999.0 -9999.0 -9999.0 -9999.0 -9999.0 -9999.0 -9999.0 -9999.0 -9999.0 -9999.0 6132580.0 -9999.0 -9999.0 -9999.0 -9999.0 -9999.0 -9999.0 -9999.0 -9999.0 -9999.0 6132580.000000001 6132580.0 -9999.0 6132580.0 -9999.0 -9999.0 -9999.0 -9999.0 -9999.0 6132580.0 -9999.0 6132580.0 4599435.0 4599435.0 4599435.0 4599435.0 4599435.0 4599435.0 4599435.0 4599435.0 4599435.0 4599435.0 4599435.0 4599435.0 4599435.0 4599435.0 4599435.0 -9999.0 4599435.000000001 -9999.0 -9999.0 2299717.5 2299717.5 2299717.5
6124580.0 -9999.0 -9999.0 -9999.0 -9999.0 -9999.0 -9999.0 -9999.0 -9999.0 -9999.0 -9999.0 6124580.0 -9999.0 -9999.0 -9999.0 6124580.0 -9999.0 -9999.0 -9999.0 -9999.0 -9999.0 6124580.0 6124579.999999999 6124580.0 -9999.0 -9999.0 6124580.000000001 -9999.0 -9999.0 -9999.0 -9999.0 -9999.0 -9999.0 -9999.0 6124579.999999999 -9999.0 -9999.0 -9999.0 -9999.0 -9999.0 6124580.000000001 -9999.0 -9999.0 -9999.0 -9999.0 -9999.0 6124580.000000001 6124580.0 4593435.0 4593435.0 4593435.0 4593435.0 4593435.0 4593435.0 4593435.0 4593435.0 4593435.0 4593434.999999999 4593435.0 4593435.0 4593435.0 4593435.0 4593435.0 4593435.0 4593435.0 -9999.0 -9999.0 2296717.5 2296717.5 2296717.5000000005
6116120.0 -9999.0 -9999.0 -9999.0 -9999.0 -9999.0 -9999.0 -9999.0 -9999.0 -9999.0 -9999.0 -9999.0 6116120.000000001 6116120.0 -9999.0 -9999.0 -9999.0 -9999.0 -9999.0 -9999.0 6116120.000000001 6116120.0 -9999.0 6116120.0 6116120.0 6116120.0 -9999.0 -9999.0 -9999.0 -9999.0 -9999.0 -9999.0 -9999.0 -9999.0 -9999.0 6116120.000000001 6116120.0 6116120.0 -9999.0 6116120.000000001 6116120.0 -9999.0 -9999.0 -9999.0 -9999.0 -9999.0 -9999.0 4587089.999999999 4587090.000000001 4587090.0 4587090.0 4587090.0 4587090.0 4587090.000000001 4587090.0 4587090.0 4587090.0 4587090.0 4587090.000000001 4587090.000000001 4587090.0 4587090.0 4587090.000000001 4587089.999999999 -9999.0 -9999.0 2293545.0 2293545.0 2293545.0 2293545.0
-9999.0 -9999.0 -9999.0 -9999.0 -9999.0 -9999.0 -9999.0 -9999.0 -9999.0 -9999.0 -9999.0 -9999.0 -9999.0 6107200.0 6107200.0 6107200.0 6107200.0 6107200.0 6107200.0 6107200.0 -9999.0 -9999.0 -9999.0 6107200.000000001 6107200.0 6107200.0 6107200.000000001 -9999.0 -9999.0 -9999.0 -9999.0 -9999.0 -9999.0 6107200.0 6107200.0 6107200.0 6107200.000000001 6107200.000000001 6107200.0 6107200.0 6107199.999999999 6107200.0 -9999.0 -9999.0 -9999.0 6107200.000000001 4580400.0 4580400.0 4580400.0 4580400.0 4580400.0 4580400.0 4580400.0 4580400.0 4580400.0 4580400.0 4580400.0 4580400.0 4580400.0 4580400.0 4580400.0 4580400.0 4580400.000000001 -9999.0 -9999.0 4580400.0 2290200.0 -9999.0 2290200.0 2290200.0
-9999.0 6097800.0 -9999.0 -9999.0 -9999.0 -9999.0 -9999.0 -9999.0 -9999.0 -9999.0 -9999.0 -9999.0 -9999.0 6097800.0 6097800.0 6097800.0 -9999.0 -9999.0 -9999.0 6097799.999999999 6097800.000000001 -9999.0 6097800.0 6097799.999999999 6097800.0 6097800.0 6097800.000000001 6097800.0 6097800.0 -9999.0 -9999.0 6097799.999999999 6097800.0 6097799.999999999 6097800.0 6097800.0 6097799.999999999 6097800.000000001 6097799.999999999 6097800.0 6097800.0 6097800.0 6097800.0 -9999.0 6097799.999999999 6097800.000000001 4573350.0 4573350.0 4573350.0 4573350.0 4573350.0 4573350.0 4573350.0 4573350.0 4573350.0 4573350.0 4573350.0 4573350.0 4573350.0 4573350.0 4573350.0 4573350.0 -9999.0 4573350.0 -9999.0 4573350.0 2286675.0 -9999.0 4573350.0 4573350.000000001
6087940.0 -9999.0 -9999.0 -9999.0 -9999.0 -9999.0 -9999.0 -9999.0 -9999.0 -9999.0 -9999.0 6087940.0 6087940.0 6087940.0 6087940.0 -9999.0 -9999.0 6087940.0 -9999.0 6087940.0 -9999.0 -9999.0 6087940.0 -9999.0 6087940.0 6087940.0 6087940.0 6087939.999999999 -9999.0 -9999.0 -9999.0 6087940.000000001 6087940.0 -9999.0 6087939.999999999 6087940.0 6087939.999999999 6087940.0 6087940.0 6087940.0 6087940.0 6087940.000000001 6087939.999999999 -9999.0 6087939.999999999 6087940.0 4565955.0 4565955.0 4565955.0 4565955.000000001 4565955.0 4565955.0 4565955.0 4565955.0 4565955.000000001 4565955.000000001 -9999.0 4565955.0 4565955.0 4565955.0 4565955.0 4565955.000000001 4565954.999999999 2282977.5 4565955.000000001 4565955.0 2282977.5 4565955.0 4565955.0 4565955.0
6077640.0 6077639.999999999 6077640.0 -9999.0 -9999.0 -9999.0 -9999.0 -9999.0 -9999.0 -9999.0 -9999.0 -9999.0 6077640.0 -9999.0 6077640.0 -9999.0 -9999.0 6077640.0 -9999.0 -9999.0 -9999.0 -9999.0 -9999.0 4558230.0 6077640.000000001 6077640.0 6077640.0 6077640.0 6077640.0 -9999.0 -9999.0 6077640.0 6077639.999999999 6077639.999999999 6077640.0 6077640.0 6077640.0 6077639.999999999 6077640.0 6077639.999999999 6077640.0 6077639.999999999 -9999.0 -9999.0 6077640.0 4558230.0 4558230.0 4558230.0 4558230.0 4558230.000000001 4558230.0 4558230.0 4558230.0 4558230.0 4558230.0 4558230.0 4558229.999999999 4558230.0 4558230.0 4558230.0 4558230.000000001 4558230.0 4558230.0 2279115.0 4558230.000000001 2279115.0 4558230.0 4558230.0 4558230.0 4558230.0
3033430.0 6066860.000000001 -9999.0 6066860.0 6066860.0 -9999.0 -9999.0 -9999.0 -9999.0 -9999.0 -9999.0 -9999.0 -9999.0 -9999.0 -9999.0 -9999.0 -9999.0 -9999.0 -9999.0 -9999.0 -9999.0 6066860.0 -9999.0 6066860.0 6066860.0 6066860.0 6066860.0 6066860.0 6066860.0 -9999.0 6066860.0 6066860.0 6066859.999999999 6066859.999999999 6066860.0 6066860.0 4550145.0 4550145.0 6066860.000000001 6066859.999999999 6066860.0 6066859.999999999 -9999.0 -9999.0 6066860.0 4550145.000000001 4550145.0 4550145.0 4550145.0 4550145.0 4550145.0 4550145.0 4550144.999999999 4550144.999999998 4550145.0 4550144.999999998 4550144.999999999 4550145.000000001 4550144.999999999 4550145.0 4550145.0 4550144.999999999 4550145.0 4550145.000000001 -9999.0 4550145.0 4550145.0 4550145.0 4550145.0 6066859.999999999
3027800.0 6055600.000000001 6055600.0 6055600.0 -9999.0 6055600.0 -9999.0 -9999.0 -9999.0 -9999.0 -9999.0 -9999.0 -9999.0 -9999.0 -9999.0 -9999.0 6055599.999999999 6055600.0 -9999.0 6055600.0 -9999.0 6055600.0 6055599.999999999 6055600.0 6055600.0 6055600.0 6055600.0 6055600.0 6055600.0 6055600.0 6055600.0 6055599.999999999 -9999.0 6055600.000000001 6055600.0 -9999.0 4541700.0 4541700.0 4541699.999999999 4541700.0 6055600.0 6055600.0 -9999.0 6055600.000000001 4541700.0 4541700.0 4541700.0 4541700.0 4541700.0 4541700.0 4541700.000000001 4541700.0 4541700.0 4541700.0 4541700.0 4541700.0 4541700.0 4541699.999999999 4541700.000000001 4541700.0 4541699.999999999 4541700.0 4541700.0 4541700.0 4541700.0 4541700.0 4541700.0 4541700.0 4541700.0 4541700.0
3021950.0 3021950.0 4532925.0 4532925.0 4532925.0 3021950.0000000005 3021950.0000000005 6043900.0 6043900.0 6043900.0 6043899.999999999 6043900.0 -9999.0 -9999.0 -9999.0 -9999.0 -9999.0 6043900.0 -9999.0 6043899.999999999 6043900.0 -9999.0 -9999.0 -9999.0 -9999.0 6043899.999999999 6043900.000000001 6043900.0 6043900.0 6043900.0 6043900.0 6043900.0 6043900.0 6043900.0 6043900.0 4532925.0 4532925.0 4532925.0 4532925.0 4532924.999999999 4532925.0 6043900.0 4532925.0 4532925.0 4532925.0 4532925.000000001 4532925.0 4532925.0 4532925.0 4532925.0 4532925.0 4532925.0 4532925.0 4532925.0 4532924.999999999 4532925.0 4532924.999999999 4532925.0 4532925.0 4532925.0 4532925.0 4532925.0 4532925.0 4532925.0 4532925.0 4532925.0 4532925.0 4532925.0 4532925.0 4532924.999999999
3015870.0000000005 2261902.5 2261902.5 2261902.5 2261902.5 3015870.0000000005 3015869.9999999995 3015870.0 6031740.0 -9999.0 -9999.0 -9999.0 -9999.0 -9999.0 -9999.0 -9999.0 6031739.999999999 -9999.0 6031740.000000001 6031740.0 6031739.999999999 6031740.0 6031740.0 6031740.0 -9999.0 6031740.0 6031740.000000001 6031740.000000001 6031740.0 6031740.0 4523805.0 4523805.0 4523805.0 4523805.0 4523804.999999999 4523805.0 4523805.0 4523805.0 4523805.0 4523805.0 4523805.000000001 4523805.0 4523805.0 4523805.0 4523805.0 4523805.0 4523805.0 4523805.0 4523805.0 4523805.0 4523805.0 4523805.0 4523805.000000001 4523805.0 4523805.0 4523804.999999999 4523805.0 4523805.0 4523805.0 4523805.000000001 4523805.000000001 4523805.0 4523805.0 4523805.0 4523805.0 4523805.0 4523805.0 4523805.0 4523805.0 4523805.0
3009560.000000001 2257169.9999999995 2257170.0 2257170.0 2257170.0000000005 2257170.0 3009560.0 2257170.0 3009560.0 3009560.0 6019119.999999998 -9999.0 6019120.000000001 6019119.999999999 6019119.999999999 -9999.0 6019120.0 6019120.0 6019120.0 6019120.0 6019120.0 -9999.0 6019119.999999999 6019120.000000001 6019120.0 -9999.0 6019120.0 -9999.0 6019120.0 6019120.0 4514340.0 4514340.0 4514340.0 4514340.0 4514339.999999999 4514339.999999999 4514340.0 4514340.0 4514340.0 4514340.000000001 4514340.0 4514340.0 4514340.0 4514340.0 4514340.0 4514340.0 4514340.0 4514340.0 4514340.0 4514340.0 4514340.0 4514340.0 4514339.999999999 4514340.0 4514340.0 4514340.0 4514340.0 4514340.0 4514339.999999999 4514340.0 4514340.0 4514340.0 4514340.0 4514340.0 4514340.0 4514340.0 4514340.0 4514339.999999999 4514340.0 4514340.0
5255285.000000001 5255285.0 2252265.0 2252265.0 5255285.000000001 2252265.0 2252265.0 3753775.0 3003020.0 -9999.0 -9999.0 3003019.9999999995 6006040.0 -9999.0 6006040.0 6006039.999999999 6006039.999999999 6006039.999999999 6006040.0 6006039.999999999 6006040.0 6006040.000000001 6006040.0 -9999.0 6006040.000000001 -9999.0 -9999.0 -9999.0 -9999.0 6006040.0 4504530.0 4504530.000000001 4504530.0 4504530.0 4504530.0 4504529.999999999 4504530.000000001 4504530.0 4504530.0 4504530.0 4504530.0 4504530.0 4504530.0 4504530.0 4504530.0 4504530.0 4504530.0 4504530.0 4504530.0 4504530.0 4504529.999999999 4504530.0 4504530.0 4504530.0 4504530.0 4504530.0 4504530.0 4504530.0 4504530.0 4504530.000000001 4504530.0 4504530.0 4504530.000000001 4504530.0 4504530.0 4504530.0 4504530.0 4504530.0 4504530.0 4504530.0
-9999.0 5243437.5 2996250.0 2996250.0 2996250.0 2996250.0 5243437.5 3745312.500000001 2996250.0 2996250.0 2247187.5 2247187.5 5992499.999999999 5992500.0 5992500.000000001 5992499.999999999 5992500.000000001 -9999.0 5992500.0 5992500.0 5992500.0 5992500.0 -9999.0 -9999.0 -9999.0 -9999.0 -9999.0 5992500.0 -9999.0 4494375.0 5992499.999999999 4494375.0 4494375.0 4494375.0 4494374.999999999 4494375.0 5992500.0 4494375.0 4494375.0 4494375.0 4494374.999999999 4494375.000000001 4494375.0 4494375.0 4494374.999999999 4494375.0 4494375.0 4494375.0 4494374.999999999 4494375.0 4494375.0 4494375.0 4494375.000000001 4494375.0 4494375.0 4494375.0 4494375.000000001 4494374.999999999 4494375.0 4494375.0 4494375.0 4494375.000000001 4494375.0 4494375.000000001 4494375.000000001 4494375.0 4494375.000000001 4494375.0 4494375.0 4494375.0
-9999.0 5231187.5 5231187.500000001 5231187.499999999 2989250.0 2989249.9999999995 2989250.0 2989250.0 -9999.0 2989249.9999999995 2989249.9999999995 2989250.0000000005 2989250.0 5978500.0 5978500.000000001 5978500.0 -9999.0 -9999.0 5978499.999999999 5978500.000000001 5978500.0 5978500.0 5978500.0 -9999.0 -9999.0 -9999.0 -9999.0 5978500.0 5978500.0 5978500.0 5978500.0 4483875.0 5978499.999999999 4483875.0 4483875.0 5978500.0 5978500.000000001 5978500.0 4483875.0 4483875.0 4483875.0 4483875.0 4483875.000000001 4483874.999999999 4483874.999999999 4483875.0 4483875.0 4483875.0 4483875.0 4483875.0 4483875.0 4483875.0 4483875.0 4483875.0 4483875.0 4483874.999999999 4483875.000000001 4483875.0 4483875.000000001 4483875.000000001 4483875.0 4483875.0 4483875.0 4483875.0 4483875.0 4483875.0 4483875.0 4483875.0 4483875.0 5978500.0
-9999.0 5218534.999999999 5218535.0 5218535.0 5218535.0 2236515.0 2982020.0 2982020.0 2982020.0 2236515.0000000005 2236515.0 2982020.0 2982020.0 2982020.0 5964040.0 5964040.0 -9999.0 -9999.0 -9999.0 5964040.0 5964040.0 5964040.0 5964040.0 5964039.999999999 -9999.0 -9999.0 5964040.000000001 5964040.0 5964040.0 5964040.0 5964040.0 5964040.0 5964039.999999999 5964040.0 5964040.0 5964039.999999999 5964040.000000001 5964040.0 5964039.999999999 4473030.0 4473030.0 4473030.0 4473030.0 4473030.0 4473030.0 4473030.0 4473030.0 4473030.0 4473030.0 4473030.0 4473030.0 4473030.0 4473030.0 4473029.999999999 4473030.0 4473030.0 4473030.0 4473030.0 4473030.0 4473030.000000001 4473029.999999999 4473030.0 4473030.000000001 4473030.0 4473030.0 4473030.0 4473030.0 4473030.000000001 4473030.0 5964040.0
-9999 -9999 -9999.0 -9999.0 -9999.0 5205497.500000001 5205497.499999999 2974570.0 2974570.0 2974570.0000000005 2230927.5 2974570.0 2974570.0 5205497.5 2974570.0 5949140.0 5949140.0 -9999.0 -9999.0 5949140.0 5949140.000000001 5949140.0 5949140.0 5949140.000000001 4461855.0 4461855.0 5949140.0 5949140.0 5949140.000000001 5949140.000000002 5949140.0 5949140.0 5949140.0 5949140.0 5949140.0 5949140.000000001 5949140.0 5949140.0 5949140.0 4461855.0 4461855.0 4461855.0 4461855.0 4461855.0 4461855.0 4461855.0 4461855.0 4461855.0 4461855.0 4461855.0 4461855.0 4461855.0 4461855.0 4461855.0 4461855.0 4461855.0 4461854.999999999 4461855.0 4461855.0 4461854.999999999 4461855.0 4461855.0 4461855.0 4461855.0 4461855.0 4461855.000000001 4461855.0 4461855.0 4461855.0 5949140.000000001
-9999 -9999 -9999 -9999 1483444.9999999998 -9999.0 -9999.0 5192057.5 5192057.499999999 2966890.0 -9999.0 5192057.5 5192057.5 5192057.5 -9999.0 -9999.0 2966889.9999999995 -9999.0 5933780.0 5933779.999999999 5933780.0 5933780.000000001 5933780.0 5933780.0 4450335.0 4450335.0 4450335.0 5933780.0 5933780.0 5933780.0 5933780.0 5933780.0 5933780.0 5933780.0 5933780.0 5933780.0 5933780.0 5933779.999999999 5933780.0 5933780.0 5933780.0 4450335.0 4450335.0 4450335.0 4450335.0 4450335.0 4450335.0 4450335.0 4450335.0 4450335.0 4450335.0 4450335.0 4450335.0 4450335.0 4450335.0 4450335.0 4450335.0 4450335.0 4450335.0 4450335.0 4450335.0 4450335.0 4450335.0 4450335.0 4450335.0 4450335.000000001 4450335.0 4450335.0 4450335.0 5933779.999999998
-9999 -9999 -9999 -9999 -9999 -9999 1479494.9999999995 -9999.0 5178232.5 5178232.5 2958990.0 5178232.500000001 5178232.5 5178232.500000001 2219242.4999999995 2219242.5 2958990.0 2958990.0 2219242.5 2958990.0000000005 5917980.0 5917980.0 5917979.999999999 5917979.999999999 4438485.0 4438485.000000001 4438485.000000001 5917980.000000001 5917980.0 5917980.000000001 5917979.999999999 5917980.0 5917980.0 5917980.0 5917980.0 5917980.000000001 5917980.0 5917979.999999999 5917980.0 5917980.0 5917980.0 5917980.0 4438485.0 4438485.0 4438485.0 4438485.0 4438485.0 4438485.0 4438485.0 4438485.0 4438485.000000001 4438485.0 4438485.0 4438485.0 4438485.000000001 4438485.0 4438485.0 4438485.0 4438485.0 4438485.0 4438485.0 4438485.0 4438484.999999999 4438485.0 4438484.999999999 4438485.000000001 4438485.0 4438485.0 5917980.0 5917980.0
-9999 -9999 -9999 -9999 -9999 -9999 -9999 5164005.000000001 5164005.0 5164005.0 5164005.000000001 5164005.0 5164005.000000001 5164005.0 2213145.0 2213145.0 5164005.0 2213145.0 2213145.0 2213145.0 2213145.0 4426289.999999999 4426289.999999999 5901720.0 4426290.0 4426290.0 4426290.0 4426290.0 5901720.000000001 5901720.0 5901719.999999999 -9999.0 -9999.0 5901720.0 5901720.0 5901720.0 5901720.0 5901720.000000001 5901720.0 5901720.0 5901720.0 5901720.0 5901720.0 5901720.0 5901720.0 4426290.0 4426290.0 4426290.0 4426290.0 4426290.0 4426290.0 4426290.0 4426290.0 4426290.0 4426290.0 4426289.999999999 4426290.0 4426290.0 4426290.0 4426290.0 4426290.0 4426290.0 4426290.0 4426290.0 4426290.0 4426290.0 4426290.0 5901720.0 5901720.0 5901719.999999998
-9999 -9999 -9999 -9999 -9999 -9999 -9999 -9999 -9999.0 5149375.000000001 5149375.0 5149374.999999999 5149375.0 -9999.0 5149375.0 2206875.0000000005 5149375.0 -9999.0 2206875.0 2206875.0 2206875.0 2206875.0 4413750.0 4413750.0 4413749.999999999 4413750.0 4413750.0 4413750.0 4413750.0 5884999.999999999 5885000.0 5885000.0 5885000.000000001 5884999.999999999 5885000.0 5885000.0 5885000.0 5885000.0 5885000.0 5885000.0 5884999.999999999 5885000.0 5885000.0 5885000.0 5885000.0 5885000.0 5885000.0 4413750.0 4413750.0 4413750.0 4413750.0 4413750.0 4413750.0 4413750.0 4413749.999999999 4413750.0 4413750.0 4413749.999999999 4413750.0 4413750.0 4413750.0 4413750.000000002 5884999.999999998 5885000.0 4413750.0 5885000.0 5885000.0 5885000.0 5885000.0 5885000.0
