critload/trunk/output/2010/ndep_crit_sw_tot.asc
ncols 720
nrows 360
xllcorner -180
yllcorner -90
cellsize 0.5
NODATA_value -9999
[rows 196 to 223 of 360, columns 248 to 309 of 720]
-9999 48899399.58758326 -9999 -9999 -9999 -9999 -9999 36634802.21955556 -9999 37609910.921083696 43951960.88911277 43974252.165959075 44017769.47459852 42158395.79911599 53472149.44820792 43180302.37560051 52978934.77239522 48895544.56556135 53366714.26164437 33555363.00628884 30467266.633023486 23697801.237936877 18231572.5343521 22293551.445552934 14805376.424753847 -9999 1580444.5277736487 -9999 -9999 1539108.2078551273 17053422.52660086 1492546.6661398024 1458450.1720714038 1471553.677665901 4265134.524236016 18891466.373443913 10021076.940068608 1268689.465538329 0.0 5758006.052441085 6091903.824582051 18984020.928301882 27064634.37959134 -9999.0 -9999.0 -9999.0 -9999.0 -9999.0 -9999.0 -9999.0 -9999.0 -9999.0 -9999.0 -9999.0 -9999.0 -9999.0 -9999.0 -9999.0 -9999.0 -9999.0 -9999.0 -9999.0
-9999 -9999 33027679.584575675 -9999 -9999 -9999 -9999 -9999 36578347.412910074 38805797.85478791 34197848.28417723 48766207.61005475 73850687.5205432 37509685.36550108 48365237.32239933 43189263.00933622 50804522.445947655 48408215.55411321 53035538.651659854 35357533.42906047 26655760.260462523 19918193.39450286 9130269.085310819 10714122.976198753 24060171.887323868 20845657.485269517 12234486.711577984 -9999 -9999 24656598.567162763 38235228.65419407 1488705.4156002416 1407220.3509852611 1407076.5279978951 1288148.8817122644 1364529.2083603996 1272458.1810420435 4962379.76971202 3301132.687498835 9182741.426914074 13667551.409982659 32272612.80783725 -9999.0 -9999.0 -9999.0 -9999.0 -9999.0 -9999.0 -9999.0 -9999.0 -9999.0 -9999.0 -9999.0 -9999.0 -9999.0 -9999.0 -9999.0 -9999.0 -9999.0 -9999.0 -9999.0 -9999.0
-9999 45434619.610860825 42145005.80611492 -9999 -9999 -9999 -9999 -9999 -9999 44191194.30690598 47576847.63351403 50889233.89937631 67282094.10425493 46370740.93394887 60601467.59508626 79435555.55980548 51239842.950809605 70707780.29920036 51826753.00375904 38244249.25559294 25528371.464665346 12727998.818789743 18391874.6763268 12359182.054873385 15301140.385984538 23397207.204373058 -9999 -9999 1490846.630841069 1486850.3297390072 1260866.5693269717 0.0 1469276.5480355795 1461605.9891783586 1385475.4016676964 1286951.6703355806 -9999 1440763.5363116213 8079515.310199577 13649893.701523736 17969198.122463185 33262207.256613083 -9999.0 -9999.0 -9999.0 -9999.0 -9999.0 -9999.0 -9999.0 -9999.0 -9999.0 -9999.0 -9999.0 -9999.0 -9999.0 -9999.0 -9999.0 -9999.0 -9999.0 -9999.0 -9999.0 -9999.0
55260821.37457711 51062425.61073073 46276098.17068098 50531512.18944646 -9999 -9999 -9999 51247490.790733136 41553837.916508004 33155155.570031345 68169892.00917502 77047456.64150792 77630272.33544655 49915006.58629844 55392813.947503015 67871715.95744783 51175833.609216966 84484283.89320731 42077665.80825178 32561758.30273065 58060973.51744134 15538401.355895055 17859763.89556569 14561761.475359283 20097343.146207057 -9999 -9999 1533240.1155744474 1504494.4199596068 -9999 1333644.1584832382 11655292.367398378 1471901.885232326 1472365.86396395 1380673.6043332876 1258241.2505871386 1501012.5325153833 1627944.1337891659 1662808.6213623 11938737.071632246 13122900.993396023 -9999.0 -9999.0 -9999.0 -9999.0 -9999.0 -9999.0 -9999.0 -9999.0 -9999.0 -9999.0 -9999.0 -9999.0 -9999.0 -9999.0 -9999.0 -9999.0 -9999.0 -9999.0 -9999.0 -9999.0 -9999.0
55744375.44937224 52872532.77508479 47012259.80541696 52561898.58074159 58390013.872456476 -9999 60128638.47561424 60720442.955857195 67558889.2194715 57238778.68084859 76539089.89353779 85677349.46040007 98443799.82750681 52027527.80259783 50414736.82812991 50638721.50268682 38355282.504662 50831580.047001794 39968155.72755837 39325440.78341478 22465375.01934447 8599188.55276564 18183492.986064665 5948280.844696777 -9999 1574801.9308519224 -9999 1446499.3785047373 1514019.0837795031 -9999 19514828.188219536 4438271.114226897 -9999 11690619.680595264 -9999 1356931.5739559506 25921189.00954076 19527553.117401443 0.0 23537885.00206873 -9999.0 -9999.0 -9999.0 -9999.0 -9999.0 -9999.0 -9999.0 -9999.0 -9999.0 -9999.0 -9999.0 -9999.0 -9999.0 -9999.0 -9999.0 -9999.0 -9999.0 -9999.0 -9999.0 -9999.0 -9999.0 -9999.0
53537842.809330575 57991462.64377438 48838590.16239235 63931479.99438775 63427819.034362145 -9999 68116433.28238314 65424313.58687547 80293489.28967151 76096667.49606206 85642681.07017975 69560192.71648656 55633857.715844505 43988768.41672145 41337423.95718406 44916700.88514382 55236060.64964565 41583142.66091702 -9999 30552323.675531898 13771279.086513784 17292100.64735197 26619257.162075132 4643415.58751091 6166776.524292261 1562664.0994204264 1495687.5524737744 1525612.9933646491 1517009.8179966367 12144930.532682091 4173064.126475202 0.0 7215558.057694519 8315316.716782897 1363261.7027723747 8486156.872747779 8733720.688045913 0.0 28562487.288725235 -9999.0 -9999.0 -9999.0 -9999.0 -9999.0 -9999.0 -9999.0 -9999.0 -9999.0 -9999.0 -9999.0 -9999.0 -9999.0 -9999.0 -9999.0 -9999.0 -9999.0 -9999.0 -9999.0 -9999.0 -9999.0 -9999.0 -9999.0
35355345.86677171 34010975.21357962 46903249.14069505 64211834.701886065 -9999 -9999 66810712.06967933 60966270.84625131 97243209.01604351 82614259.18222043 95148088.28952338 61329720.99153633 53499659.16383943 37958840.11717801 38415591.86275432 42385940.34357258 26328402.812389262 26706920.86111321 48929716.513543926 45921892.03818879 27692234.29055584 23440320.397952072 13118299.600491965 70602433.78935531 25267753.843805354 1537142.8477762584 1535712.1767422433 1445919.5580186425 0.0 0.0 444254.197975826 11876780.494151367 36889675.869197585 -9999 8363094.576519242 15429108.709445192 17773370.275539454 39263516.9948618 -9999.0 -9999.0 -9999.0 -9999.0 -9999.0 -9999.0 -9999.0 -9999.0 -9999.0 -9999.0 -9999.0 -9999.0 -9999.0 -9999.0 -9999.0 -9999.0 -9999.0 -9999.0 -9999.0 -9999.0 -9999.0 -9999.0 -9999.0 -9999.0
50458765.35195299 68530619.30153549 62808159.126444384 55871152.802841105 -9999 -9999 63340201.37764325 57990537.32062307 70290508.41038652 57394313.53509261 101420951.25084217 68825965.6807434 33312621.06693307 31797248.519034274 56842570.27755146 42778832.26742714 33348899.944420386 26285309.265901327 41725981.27390808 50757925.66590096 62634053.90433643 20566971.05660048 49848237.96094316 68757557.98665696 8620226.978253393 17117125.491677213 -9999 6682249.143527912 14288127.907355702 1218948.7138988527 1460833.7693579744 16988377.17256452 30487860.57174345 4484407.330084024 11266341.947359018 28132681.501675263 26287622.726929378 -9999 -9999.0 -9999.0 -9999.0 -9999.0 -9999.0 -9999.0 -9999.0 -9999.0 -9999.0 -9999.0 -9999.0 -9999.0 -9999.0 -9999.0 -9999.0 -9999.0 -9999.0 -9999.0 -9999.0 -9999.0 -9999.0 -9999.0 -9999.0 -9999.0
45371378.56141423 66338650.67281012 63259669.41616352 60215630.0708844 -9999 72450156.78209788 68316440.15907691 61629658.62046702 73129995.01054302 88924046.72697182 66944917.524848975 64310123.150703646 39313860.795701854 44362876.790056534 71988003.6582268 37720310.82034941 30102651.765671615 28905623.47445488 46339583.32558586 61525073.52600012 69742358.90940593 36357042.86868813 24219068.49372694 32537059.998115 8466129.106739655 13041339.640107084 15397899.33479452 4392156.856434189 9976483.34042923 1600586.3093229441 1572006.8623357192 18262983.202452637 24917761.05713775 10369854.546992607 0.0 16536293.73670208 40619878.80002983 -9999.0 -9999.0 -9999.0 -9999.0 -9999.0 -9999.0 -9999.0 -9999.0 -9999.0 -9999.0 -9999.0 -9999.0 -9999.0 -9999.0 -9999.0 -9999.0 -9999.0 -9999.0 -9999.0 -9999.0 -9999.0 -9999.0 -9999.0 -9999.0 -9999.0
45611216.3936707 66461531.76870647 85588707.94590978 62598989.14606689 76929352.79699473 94197820.0347106 58316606.63232775 60319231.29323014 92288631.40247495 88612752.0373027 87479316.59353435 47154387.05805827 38575586.69054675 45897731.6406381 35696026.80912791 48352857.294011794 28670840.61936794 36587322.64855885 29933711.081758946 35796796.840207234 78686965.68214434 58111327.89466293 60995945.61360291 23694471.442728374 0.0 19698568.4653633 1470514.6751230566 9811185.322019728 3391944.576921466 11267187.925712448 12194307.340175172 7033161.126518164 8048467.669952247 0.0 4636985.457233594 2377430.5708843963 -9999.0 -9999.0 -9999.0 -9999.0 -9999.0 -9999.0 -9999.0 -9999.0 -9999.0 -9999.0 -9999.0 -9999.0 -9999.0 -9999.0 -9999.0 -9999.0 -9999.0 -9999.0 -9999.0 -9999.0 -9999.0 -9999.0 -9999.0 -9999.0 -9999.0 -9999.0
78766872.94310537 78115184.20003793 62555657.89444483 91662293.82106224 87229792.17490317 60513596.50393321 54602380.51766338 48817409.96938318 45962974.83663015 53705243.505215205 53486876.052285835 42593241.31092571 39518898.59256401 35992838.05632755 37041775.13221432 37962377.804787375 27141586.899057932 20606189.167159237 28758131.515474036 33793281.160364255 78734480.35172358 53922611.106103025 46587078.83110134 31380105.21970655 32672749.346174695 28051935.497978248 8818734.924128063 10284440.847068619 2672348.783242352 6794180.411407593 8447109.082889255 4411765.5019809725 1764580.4185763954 8707145.888654606 34372692.33286442 -9999.0 -9999.0 -9999.0 -9999.0 -9999.0 -9999.0 -9999.0 -9999.0 -9999.0 -9999.0 -9999.0 -9999.0 -9999.0 -9999.0 -9999.0 -9999.0 -9999.0 -9999.0 -9999.0 -9999.0 -9999.0 -9999.0 -9999.0 -9999.0 -9999.0 -9999.0 -9999.0
68875872.36412151 54048694.09501507 45221077.16047817 48064393.08751119 37563024.90966394 57190678.44007625 39699475.1808536 42609198.553921014 41501779.94792303 74035177.93293367 54029120.41417855 46103847.43425345 37708365.20283169 36974651.70004688 36383471.12467178 35619528.541745774 24054239.903205622 19694320.921433546 17998724.306795806 41469125.06672985 69281419.66456807 50924427.09178861 43357226.23576006 21107147.90414824 32398962.132427588 23425951.622552186 17829374.607468918 6579499.806018447 7674642.243783011 6351455.88323355 10991565.634252368 1517226.4995645685 0.0 22040780.215760693 65459931.92050221 -9999.0 -9999.0 -9999.0 -9999.0 -9999.0 -9999.0 -9999.0 -9999.0 -9999.0 -9999.0 -9999.0 -9999.0 -9999.0 -9999.0 -9999.0 -9999.0 -9999.0 -9999.0 -9999.0 -9999.0 -9999.0 -9999.0 -9999.0 -9999.0 -9999.0 -9999.0 -9999.0
52089861.614099294 24728415.45188333 30997851.271986116 29141427.13885391 29141072.378810238 35057012.1934215 33933974.038258545 42843984.062492736 50148343.39423477 54995492.27247187 48495410.62278725 45106771.66191597 38985625.620945364 35544941.7863046 32105257.69551142 32713163.76096747 35657151.95544055 25613019.807024207 29972672.976953734 39790673.427786216 71111663.70329979 47443283.77507876 34930232.15381221 27483979.598834515 17402940.43287663 36629035.812015384 16515995.580756037 18965182.22239666 9644635.688634139 14435179.363915475 11310865.188675763 3052280.0003361288 0.0 24422711.447982244 49422406.018173754 -9999.0 -9999.0 -9999.0 -9999.0 -9999.0 -9999.0 -9999.0 -9999.0 -9999.0 -9999.0 -9999.0 -9999.0 -9999.0 -9999.0 -9999.0 -9999.0 -9999.0 -9999.0 -9999.0 -9999.0 -9999.0 -9999.0 -9999.0 -9999.0 -9999.0 -9999.0 -9999.0
45057225.570746586 18623099.16428736 18165488.744412683 19135518.432591043 23253026.507607132 36723070.3630403 36011328.1974919 56809888.0065148 53950070.683038294 55723045.03380267 50205539.182190254 35334816.45732503 36157493.87208534 27609861.403170347 35408556.97492503 32924581.26380688 32349654.439270105 25484470.531191226 19576093.320895 32643556.605367307 46307149.90876559 28969025.284470767 44574162.50132327 29132229.72432766 10801385.23702702 31152344.202322837 17271656.646219194 21992167.452935543 13605162.752354372 11532265.102955349 1518729.82381012 3380631.118961678 10144322.013084074 27813597.795880098 -9999.0 -9999.0 -9999.0 -9999.0 -9999.0 -9999.0 -9999.0 -9999.0 -9999.0 -9999.0 -9999.0 -9999.0 -9999.0 -9999.0 -9999.0 -9999.0 -9999.0 -9999.0 -9999.0 -9999.0 -9999.0 -9999.0 -9999.0 -9999.0 -9999.0 -9999.0 -9999.0 -9999.0
24528326.207517456 23471537.77059529 25977552.748487074 45306339.17342365 41893634.08380403 37656181.234550014 37718525.345738746 41289020.69623825 52175455.214742534 58304548.862991765 45283868.67820027 28580450.830581903 24041609.95528922 21974662.43551168 46207963.47169511 43805457.99831654 33210292.56453875 19885340.021744814 10721411.955295172 10405419.680399466 45378292.641450554 60050879.85265256 61779544.0766636 22292754.84942857 29463344.893611483 20095510.027849548 6358706.418136763 21950642.752964757 18688104.927143544 15702142.372726139 6128379.782945574 8906520.98528862 14723819.60098973 27297730.484471347 65398211.77901641 -9999.0 -9999.0 -9999.0 -9999.0 -9999.0 -9999.0 -9999.0 -9999.0 -9999.0 -9999.0 -9999.0 -9999.0 -9999.0 -9999.0 -9999.0 -9999.0 -9999.0 -9999.0 -9999.0 -9999.0 -9999.0 -9999.0 -9999.0 -9999.0 -9999.0 -9999.0 -9999.0
27209884.613542233 29727137.332445513 40749508.22320856 35069102.69689152 35299707.76775683 40109050.709716074 39504369.47794709 34097674.08729228 47219639.28800806 37666997.67823067 43467849.822404936 36427348.09997208 28793699.396724895 29534229.885417804 26895774.374465704 20908676.87591468 8930187.68103002 22167906.633299768 25878927.438803032 15189310.453800438 54790943.35505729 49805481.57623512 44755265.40777694 23781049.457614798 26413622.09090956 22967259.756054353 10844997.496326523 18027533.727552563 26719402.848715566 10792345.735692497 1592715.5482153238 10550901.446327707 13905921.923301918 25683227.90087152 104602296.46183154 -9999.0 -9999.0 -9999.0 -9999.0 -9999.0 -9999.0 -9999.0 -9999.0 -9999.0 -9999.0 -9999.0 -9999.0 -9999.0 -9999.0 -9999.0 -9999.0 -9999.0 -9999.0 -9999.0 -9999.0 -9999.0 -9999.0 -9999.0 -9999.0 -9999.0 -9999.0 -9999.0
43578950.00223729 27707571.272583667 28457267.555636253 35856827.02135941 38542780.34575486 41523588.559528306 38249673.461888835 35260002.868359014 33754849.12328981 24728155.175088342 25856110.63197451 25670777.54516902 19809565.195643634 20083043.259569623 17234289.6738545 22863178.42822326 22881017.488496527 28932831.745476793 17861896.680354834 21166347.097522333 27916811.653493848 43922503.87147572 37975087.50615202 30997314.126752816 19166518.202951282 13241983.088470988 16694440.472753238 11093099.904310286 14751914.80164519 5588875.779905843 5899285.77521834 9215682.748705672 11997586.048787557 63140674.66902358 112062486.44849074 -9999.0 -9999.0 -9999.0 -9999.0 -9999.0 -9999.0 -9999.0 -9999.0 -9999.0 -9999.0 -9999.0 -9999.0 -9999.0 -9999.0 -9999.0 -9999.0 -9999.0 -9999.0 -9999.0 -9999.0 -9999.0 -9999.0 -9999.0 -9999.0 -9999.0 -9999.0 -9999.0
79865570.01254693 36304865.370615885 23550018.794864867 31777614.221915975 37527044.70439881 40663427.06793442 39073671.144744396 38868982.62536068 24486083.862755243 22659398.478154548 22703140.2537473 25680258.686652534 16583318.822662927 34154.546777455136 17077595.86753037 17991631.132778972 19571821.589585334 32825532.480291083 32951725.674395673 32922261.743504357 25397119.42816878 38687830.70778942 24160086.34537647 32563919.872678325 16606602.039301822 13397235.295180364 15031986.286026513 9410837.614190338 8557557.587767385 6926721.639223748 5202070.121687331 6743255.2364318995 12968905.8420288 52165206.00007086 -9999.0 -9999.0 -9999.0 -9999.0 -9999.0 -9999.0 -9999.0 -9999.0 -9999.0 -9999.0 -9999.0 -9999.0 -9999.0 -9999.0 -9999.0 -9999.0 -9999.0 -9999.0 -9999.0 -9999.0 -9999.0 -9999.0 -9999.0 -9999.0 -9999.0 -9999.0 -9999.0 -9999.0
136754813.95288008 65284483.219111584 29989340.6556305 32773202.360804573 39810212.76735372 35848395.4149974 34563216.33870062 33230417.23513508 29724908.148922466 32296383.656727687 36326544.43712437 26980243.607249722 21748347.99717391 23015472.225728884 20320521.64522756 23955156.845773622 23522115.279730722 31427979.79029854 34642972.042934075 40610858.05208888 42142439.02853431 46603505.10719171 27981550.509864435 25423436.61407891 26840652.202220492 13333503.196001962 17709077.15706484 14210722.685075736 4729998.657512009 2982903.251434639 11413403.797432743 8245765.672403423 12929493.524368303 70556730.95715722 -9999.0 -9999.0 -9999.0 -9999.0 -9999.0 -9999.0 -9999.0 -9999.0 -9999.0 -9999.0 -9999.0 -9999.0 -9999.0 -9999.0 -9999.0 -9999.0 -9999.0 -9999.0 -9999.0 -9999.0 -9999.0 -9999.0 -9999.0 -9999.0 -9999.0 -9999.0 -9999.0 -9999.0
249478278.00577804 69933537.06128703 28951207.843890477 32603010.650229957 34854381.72270434 32256414.852265153 31631698.554336764 29724120.915155582 28976342.195900537 36005198.642222896 32106378.707969874 25426838.465093825 18984350.616063617 15246842.878290579 20589779.88728865 34125322.65147263 28415260.353319954 20603108.84061071 33970506.87311115 41861917.41724337 37898218.0464699 36316437.714169025 31236467.089939117 22753279.615093812 19230014.344727937 24040317.727521256 21418468.399091043 12147344.66276235 5112467.491064535 9563412.800689524 11323932.81619351 18733365.462095097 47657380.076221645 94221540.56090473 -9999.0 -9999.0 -9999.0 -9999.0 -9999.0 -9999.0 -9999.0 -9999.0 -9999.0 -9999.0 -9999.0 -9999.0 -9999.0 -9999.0 -9999.0 -9999.0 -9999.0 -9999.0 -9999.0 -9999.0 -9999.0 -9999.0 -9999.0 -9999.0 -9999.0 -9999.0 -9999.0 -9999.0
99518268.87454228 98616867.70615983 43759902.162388116 43008814.56109379 36194246.87315361 32124694.29354242 35861370.76623517 30295354.5323664 33316581.774800427 39770807.92881319 26449195.584348906 27781867.897060305 19840646.044790424 17767467.473336294 21318385.7851111 22239959.31702827 20033414.595604755 14174002.249662213 26287992.145777963 34311003.79389434 37949418.94867587 29779661.49447757 37372945.186228216 24309032.1378498 16263916.668690799 21567587.82619501 16459615.800168505 10471843.676004179 8477204.471869692 9802252.124921996 11160967.733978339 20604942.63366723 54388728.97353501 -9999.0 -9999.0 -9999.0 -9999.0 -9999.0 -9999.0 -9999.0 -9999.0 -9999.0 -9999.0 -9999.0 -9999.0 -9999.0 -9999.0 -9999.0 -9999.0 -9999.0 -9999.0 -9999.0 -9999.0 -9999.0 -9999.0 -9999.0 -9999.0 -9999.0 -9999.0 -9999.0 -9999.0 -9999.0
146768677.96429595 96446758.73928154 25359730.420947094 32742640.664125074 38688388.09919585 30724469.325034395 35097688.101151645 36028574.587877765 38347478.12064096 31271058.048727714 27279259.839831203 29657330.243253272 22729825.25347051 22301496.38404907 24669771.715057623 8925066.649345627 17056227.351924196 20261170.009044312 13542582.314014453 30236338.627065048 40606798.787584804 26691643.86884287 30764692.07403046 24811545.50079797 18079027.32444391 18329994.525777806 20188102.225446004 14711932.487520916 4601125.490106393 7418987.775368756 6984266.98070438 21312558.056873847 26297369.388706375 -9999.0 -9999.0 -9999.0 -9999.0 -9999.0 -9999.0 -9999.0 -9999.0 -9999.0 -9999.0 -9999.0 -9999.0 -9999.0 -9999.0 -9999.0 -9999.0 -9999.0 -9999.0 -9999.0 -9999.0 -9999.0 -9999.0 -9999.0 -9999.0 -9999.0 -9999.0 -9999.0 -9999.0 -9999.0
82470805.42184448 35381024.07989754 22824403.075498 26586541.930939317 31854834.674243458 34176660.20752167 36427944.11209398 39550994.23654977 22345735.601901107 33844197.79123563 31891077.94370485 29579728.227449615 27525629.140293084 32211453.96674052 31171070.345988765 29251092.414879914 25942881.663363412 16638643.259789119 12810734.07452101 14923877.317792723 33256353.463162553 25615754.85000686 22470219.165564965 23282081.06601514 22707447.851438552 13830702.189916542 11186895.273538003 11881405.663153805 7966196.616448859 7193158.031877345 8605593.587715365 10755736.621566396 50149631.184933245 -9999.0 -9999.0 -9999.0 -9999.0 -9999.0 -9999.0 -9999.0 -9999.0 -9999.0 -9999.0 -9999.0 -9999.0 -9999.0 -9999.0 -9999.0 -9999.0 -9999.0 -9999.0 -9999.0 -9999.0 -9999.0 -9999.0 -9999.0 -9999.0 -9999.0 -9999.0 -9999.0 -9999.0 -9999.0
88118070.29360394 19479473.514497805 28097780.1066062 29797811.84300927 32837319.271054167 43458894.40121875 39961979.74061998 39748089.04450615 27274910.780507486 28606156.72474433 36151778.24533713 30066977.647274446 31974200.231478292 26195499.8479928 21763794.971596453 26055654.6641267 17149267.874899317 16325374.67030914 16389199.499127109 26496565.95851498 28733533.82432107 20448560.592130966 14502179.645543655 0.0 0.0 11604599.620589614 11761335.668532446 10228863.954544183 11471090.172412664 7920150.609976526 6430773.497294329 22086565.926269993 80455128.4357705 -9999.0 -9999.0 -9999.0 -9999.0 -9999.0 -9999.0 -9999.0 -9999.0 -9999.0 -9999.0 -9999.0 -9999.0 -9999.0 -9999.0 -9999.0 -9999.0 -9999.0 -9999.0 -9999.0 -9999.0 -9999.0 -9999.0 -9999.0 -9999.0 -9999.0 -9999.0 -9999.0 -9999.0 -9999.0
17196151.363698825 17505873.628704708 21146568.19560514 26433374.85615719 39014280.448982075 33525141.10666524 38417727.03222578 33394312.78753585 38459727.28438717 18248582.858852495 25269568.273172878 34466068.855769 35985921.82873503 21042110.35403543 19860815.90915211 17903434.47331536 17798844.13608686 17128611.2230403 14553765.222571405 16333045.408450767 20319222.037094425 16723460.821906423 12071157.789063659 7546095.924866974 17865514.79810739 13210394.816988371 12313849.906065974 8549009.655700793 7081374.5233053425 6149300.544859358 8576860.511665307 232021.0905366575 -9999.0 -9999.0 -9999.0 -9999.0 -9999.0 -9999.0 -9999.0 -9999.0 -9999.0 -9999.0 -9999.0 -9999.0 -9999.0 -9999.0 -9999.0 -9999.0 -9999.0 -9999.0 -9999.0 -9999.0 -9999.0 -9999.0 -9999.0 -9999.0 -9999.0 -9999.0 -9999.0 -9999.0 -9999.0 -9999.0
23333434.51057305 23521167.564718947 19091090.576312326 27337448.127439845 34336001.16586578 32709801.825077016 29265870.86843483 31770374.28822608 18579882.346914113 10431635.083620552 11711809.746234544 33299879.594485596 36474579.54485998 20254726.210824005 19117002.933130987 19148284.882110972 18410935.3278462 15495112.706492677 15543228.72891353 12678532.642897101 11781803.383117061 12500425.771615658 16322396.164552217 18677493.552431446 7910364.701289538 16717106.950773014 10976286.533466935 7678333.33359519 9178265.95317051 6423130.434046571 8254039.029661934 -9999 -9999.0 -9999.0 -9999.0 -9999.0 -9999.0 -9999.0 -9999.0 -9999.0 -9999.0 -9999.0 -9999.0 -9999.0 -9999.0 -9999.0 -9999.0 -9999.0 -9999.0 -9999.0 -9999.0 -9999.0 -9999.0 -9999.0 -9999.0 -9999.0 -9999.0 -9999.0 -9999.0 -9999.0 -9999.0 -9999.0
25152140.500644404 24252339.9466115 25977569.701637644 25902412.96816503 33573180.858647004 30676266.71406854 30055166.9921453 30256733.567436464 5439348.143903131 30058452.053096477 20467108.063259404 0.0 32138210.416948214 26433890.5084936 27602419.937428333 15978227.907334598 8073959.746879881 19716045.175335992 16897420.360286117 15291111.05397535 13576591.936854744 15217908.601969842 14455256.4052202 17253038.221171014 13633158.41179336 18270509.518479098 10585341.885205895 12290287.139274482 10555690.703585375 14173635.837081354 44970558.21220982 -9999.0 -9999.0 -9999.0 -9999.0 -9999.0 -9999.0 -9999.0 -9999.0 -9999.0 -9999.0 -9999.0 -9999.0 -9999.0 -9999.0 -9999.0 -9999.0 -9999.0 -9999.0 -9999.0 -9999.0 -9999.0 -9999.0 -9999.0 -9999.0 -9999.0 -9999.0 -9999.0 -9999.0 -9999.0 -9999.0 -9999.0
23114732.83001817 23197676.06008429 26659589.469250128 26833696.220882844 31717688.084912688 31796345.103490353 31403233.19880969 6907647.111450285 19470950.279425375 40607.21916169356 21123541.384163275 27465666.77914357 25002074.057811514 26241127.90430641 24595728.22871988 15193017.707178634 18386388.88915231 18331583.634592287 8062460.077202499 13416254.870084897 13037416.813724648 8472299.15897158 13855077.214952566 17095225.662212677 13937349.478780676 11509569.599266637 13025082.818640608 8820602.51086437 6687302.487260175 0.0 -9999.0 -9999.0 -9999.0 -9999.0 -9999.0 -9999.0 -9999.0 -9999.0 -9999.0 -9999.0 -9999.0 -9999.0 -9999.0 -9999.0 -9999.0 -9999.0 -9999.0 -9999.0 -9999.0 -9999.0 -9999.0 -9999.0 -9999.0 -9999.0 -9999.0 -9999.0 -9999.0 -9999.0 -9999.0 -9999.0 -9999.0 -9999.0
