critload/trunk/output/2010/ndep_corr_tot.asc
ncols 720
nrows 360
xllcorner -180
yllcorner -90
cellsize 0.5
NODATA_value -1.0
[rows 150 to 179 of 360, columns 201 to 267 of 720]
-1.0 -1.0 -1.0 -1.0 -1.0 -1.0 -1.0 -1.0 -1.0 -1.0 -1.0 -1.0 -1.0 -1.0 -1.0 -1.0 -1.0 -1.0 -1.0 -1.0 -1.0 -1.0 -1.0 -1.0 -1.0 -1.0 -1.0 -1.0 -1.0 -1.0 -1.0 -1.0 -1.0 -1.0 -1.0 -1.0 387407.9639624999 371130.2965125 -1.0 -1.0 -1.0 -1.0 -1.0 -1.0 -1.0 -1.0 -1.0 -1.0 -1.0 -1.0 -1.0 -1.0 -1.0 -1.0 -1.0 -1.0 -1.0 -1.0 -1.0 -1.0 -1.0 -1.0 -1.0 -1.0 -1.0 -1.0 -1.0
-1.0 -1.0 -1.0 -1.0 -1.0 -1.0 -1.0 -1.0 -1.0 -1.0 -1.0 -1.0 -1.0 -1.0 -1.0 -1.0 -1.0 -1.0 -1.0 -1.0 -1.0 -1.0 -1.0 -1.0 -1.0 -1.0 -1.0 -1.0 -1.0 -1.0 -1.0 -1.0 -1.0 -1.0 -1.0 -1.0 -1.0 371968.86208860006 -1.0 -1.0 -1.0 -1.0 -1.0 -1.0 -1.0 -1.0 -1.0 -1.0 -1.0 -1.0 -1.0 -1.0 -1.0 -1.0 -1.0 -1.0 -1.0 -1.0 -1.0 -1.0 -1.0 -1.0 -1.0 -1.0 -1.0 -1.0 -1.0
-1.0 -1.0 -1.0 -1.0 -1.0 -1.0 -1.0 -1.0 -1.0 -1.0 -1.0 -1.0 -1.0 -1.0 -1.0 -1.0 -1.0 -1.0 -1.0 -1.0 -1.0 -1.0 -1.0 -1.0 -1.0 -1.0 -1.0 -1.0 -1.0 -1.0 -1.0 -1.0 -1.0 -1.0 -1.0 -1.0 418558.83057520003 405478.8915724 -1.0 -1.0 -1.0 -1.0 -1.0 -1.0 -1.0 -1.0 -1.0 -1.0 -1.0 -1.0 -1.0 -1.0 -1.0 -1.0 -1.0 -1.0 -1.0 -1.0 -1.0 -1.0 -1.0 -1.0 -1.0 -1.0 -1.0 -1.0 -1.0
-1.0 -1.0 -1.0 -1.0 -1.0 -1.0 -1.0 -1.0 -1.0 -1.0 -1.0 -1.0 -1.0 -1.0 -1.0 -1.0 -1.0 -1.0 -1.0 -1.0 -1.0 -1.0 -1.0 -1.0 -1.0 -1.0 -1.0 -1.0 -1.0 -1.0 -1.0 -1.0 -1.0 -1.0 -1.0 -1.0 419436.4027854 -1.0 -1.0 420348.60666995 393221.6163018 -1.0 -1.0 -1.0 -1.0 -1.0 -1.0 -1.0 -1.0 -1.0 -1.0 -1.0 -1.0 -1.0 -1.0 -1.0 -1.0 -1.0 -1.0 -1.0 -1.0 -1.0 -1.0 -1.0 -1.0 -1.0 -1.0
-1.0 -1.0 -1.0 -1.0 -1.0 -1.0 -1.0 -1.0 -1.0 -1.0 -1.0 -1.0 -1.0 -1.0 -1.0 -1.0 -1.0 -1.0 -1.0 -1.0 -1.0 -1.0 -1.0 -1.0 -1.0 -1.0 -1.0 -1.0 -1.0 -1.0 -1.0 -1.0 -1.0 -1.0 -1.0 -1.0 -1.0 -1.0 -1.0 -1.0 -1.0 -1.0 -1.0 -1.0 -1.0 -1.0 -1.0 -1.0 -1.0 -1.0 -1.0 -1.0 -1.0 -1.0 -1.0 -1.0 -1.0 -1.0 -1.0 -1.0 -1.0 -1.0 -1.0 -1.0 -1.0 -1.0 -1.0
-1.0 -1.0 -1.0 -1.0 -1.0 -1.0 -1.0 -1.0 -1.0 -1.0 -1.0 -1.0 -1.0 -1.0 974010.7717060001 918709.064436 918709.064436 -1.0 866139.5833299999 852687.06793 914566.9129240001 868509.5635020002 868509.5635020002 -1.0 -1.0 -1.0 -1.0 -1.0 -1.0 -1.0 -1.0 -1.0 -1.0 -1.0 -1.0 473732.52496600006 -1.0 -1.0 -1.0 -1.0 -1.0 -1.0 -1.0 -1.0 -1.0 -1.0 -1.0 -1.0 -1.0 -1.0 -1.0 -1.0 -1.0 -1.0 -1.0 -1.0 -1.0 -1.0 -1.0 -1.0 -1.0 -1.0 -1.0 -1.0 -1.0 -1.0 -1.0
-1.0 -1.0 -1.0 -1.0 -1.0 -1.0 -1.0 -1.0 -1.0 -1.0 -1.0 -1.0 -1.0 1474462.8692131 1474462.8692131 1332488.7595743001 1332488.7595743001 -1.0 1190514.5285983002 1155886.7117763 -1.0 -1.0 -1.0 -1.0 -1.0 -1.0 -1.0 -1.0 -1.0 -1.0 -1.0 -1.0 -1.0 -1.0 -1.0 -1.0 -1.0 -1.0 -1.0 -1.0 -1.0 -1.0 -1.0 -1.0 -1.0 -1.0 -1.0 -1.0 -1.0 -1.0 -1.0 -1.0 -1.0 -1.0 -1.0 -1.0 -1.0 -1.0 -1.0 -1.0 -1.0 -1.0 -1.0 -1.0 -1.0 -1.0 -1.0
-1.0 -1.0 -1.0 -1.0 -1.0 -1.0 -1.0 -1.0 -1.0 1438924.4820204002 1438924.4820204002 1556868.318612 1556868.318612 1951289.7095667433 2151206.316865219 1334856.4141482 -1.0 1192629.9139242 1192629.9139242 1157940.5680962 1157940.5680962 1105906.518966 1105906.518966 -1.0 -1.0 -1.0 -1.0 -1.0 -1.0 -1.0 765782.64 668540.4 -1.0 -1.0 -1.0 -1.0 -1.0 498569.19968220004 -1.0 -1.0 -1.0 -1.0 -1.0 -1.0 -1.0 -1.0 -1.0 -1.0 -1.0 -1.0 -1.0 -1.0 -1.0 -1.0 -1.0 -1.0 -1.0 -1.0 -1.0 -1.0 -1.0 -1.0 -1.0 -1.0 -1.0 -1.0 -1.0
-1.0 -1.0 -1.0 -1.0 -1.0 -1.0 -1.0 -1.0 1903513.4906667 2122427.0464331 4124414.734685676 2296167.7830025 2623172.0831339187 2153700.3680573 2153700.3680573 2481499.639447857 1924362.3717495 1698499.5846716003 1698499.5846716003 1625528.2878039 1625528.2878039 1556031.9870882002 1556031.9870882002 -1.0 1490010.4998863 1361442.3389962998 1361442.3389962998 -1.0 1239823.7138148001 -1.0 1121679.9934662 937514.6945965999 937514.6945965999 757948.53 757948.53 640152.1875078001 1796882.2545529546 575483.8667297 -1.0 -1.0 -1.0 -1.0 -1.0 -1.0 -1.0 -1.0 -1.0 -1.0 -1.0 -1.0 -1.0 -1.0 -1.0 -1.0 -1.0 -1.0 -1.0 -1.0 -1.0 -1.0 -1.0 -1.0 -1.0 -1.0 -1.0 -1.0 -1.0
-1.0 -1.0 -1.0 -1.0 -1.0 -1.0 -1.0 1906596.4124790002 3894250.5880261576 2125864.519647 2125864.519647 2299886.645925 3242436.206680215 2157188.491401 4188791.609055305 1927479.0603150001 1927479.0603150001 1701250.4668920003 1825204.6465943977 1628160.986043 2905750.8195041474 1558552.129434 1558552.129434 2929133.0077266735 1492423.714131 2692078.2073642975 1363647.324831 1241831.726676 1241831.726676 1123496.661294 1123496.661294 939033.089142 939033.089142 759176.1 759176.1 662547.0074100001 1832842.7232279517 -1.0 -1.0 -1.0 -1.0 -1.0 -1.0 -1.0 -1.0 -1.0 -1.0 -1.0 -1.0 -1.0 -1.0 -1.0 -1.0 -1.0 -1.0 -1.0 -1.0 -1.0 -1.0 -1.0 -1.0 -1.0 -1.0 -1.0 -1.0 -1.0 -1.0
1320501.0131279998 -1.0 -1.0 -1.0 -1.0 -1.0 -1.0 2460293.581504 3181776.2061078288 2763558.872976 2763558.872976 2976193.163768 2976193.163768 2787959.5493199998 2787959.5493199998 2498637.453488 2498637.453488 2621819.133599107 2216286.818064 2073368.6886880002 2073368.6886880002 1944393.6022720002 2003308.9317121604 1822390.4953760002 2894838.7256418145 1723901.0889085587 2857175.610549095 1839171.1619236432 1689198.401808935 2153804.169186271 1473809.5050799998 2065587.45581041 2131392.205250984 936994.8392640001 936994.8392640001 711488.8 711488.8 -1.0 -1.0 -1.0 -1.0 -1.0 -1.0 -1.0 -1.0 -1.0 -1.0 -1.0 -1.0 -1.0 -1.0 -1.0 -1.0 -1.0 -1.0 -1.0 -1.0 -1.0 -1.0 -1.0 -1.0 -1.0 -1.0 -1.0 -1.0 -1.0 -1.0
1322429.6987837998 1535081.7172564 1535081.7172564 1784283.3936236 -1.0 -1.0 2062433.3998852 2463887.0152784 2463887.0152784 2767595.2472796 2767595.2472796 2980540.1055778 2980540.1055778 2792031.562547 2792031.562547 2502286.8912148 2502286.8912148 2219523.8626044 2219523.8626044 2076396.9911348 3298894.8736030534 2893625.8838735614 1947233.5274311998 2873554.8800247926 2329925.523985589 2156107.680734896 2260503.6201258753 2415817.444391357 1570216.3802083998 2343049.1976036923 2033269.5321910463 2377854.8430990702 1819163.4658151097 938363.3868744001 938363.3868744001 712527.98 712527.98 605495.88 -1.0 -1.0 -1.0 -1.0 -1.0 -1.0 -1.0 -1.0 -1.0 -1.0 -1.0 -1.0 -1.0 -1.0 -1.0 -1.0 -1.0 -1.0 -1.0 -1.0 -1.0 -1.0 -1.0 -1.0 -1.0 -1.0 -1.0 -1.0 -1.0
-1.0 1693587.4803231999 1693587.4803231999 2026315.8231008 2010949.6193556003 2404372.0293439 3397537.3045669287 2872799.5982686 2872799.5982686 3215381.226596 3215381.226596 3432116.026262 3432116.026262 3250338.185633 3250338.185633 2932226.9798437 2932226.9798437 2624602.8923883997 2624602.8923883997 2989979.701033808 2393884.6354038003 2170158.0458327 2170158.0458327 3252157.5277436646 3584113.191220332 1810097.8767409998 2094616.7915845243 1946627.724879359 1734911.5494416207 2181154.913268798 2425144.8391279522 2519729.7088920213 1334678.8241402002 1034046.0366236 1034046.0366236 790070.8200000001 790070.8200000001 661454.64 661454.64 -1.0 -1.0 -1.0 -1.0 -1.0 -1.0 -1.0 -1.0 -1.0 -1.0 -1.0 -1.0 -1.0 -1.0 -1.0 -1.0 -1.0 -1.0 -1.0 -1.0 -1.0 -1.0 -1.0 -1.0 -1.0 -1.0 -1.0 -1.0
-1.0 1695799.6646431999 1695799.6646431999 2028962.6211808 2013678.5453613002 2407512.6489839 3827365.5973494314 4025367.2388641145 2945873.759509488 3219581.196196 3219581.196196 3436599.0974620003 3436599.0974620003 3254583.816433 3254583.816433 2936057.0899636997 2936057.0899636997 2628031.1802284 2863560.4053891217 2397011.5562838 2397011.5562838 2172992.7323527 2172992.7323527 1952474.0171307998 1952474.0171307998 1812462.2483410002 1812462.2483410002 1675950.7415749002 1675950.7415749002 1823036.7178946668 1623445.5711547302 2171232.243214771 1336422.1976602 1035396.7199836 1035396.7199836 791102.8200000001 791102.8200000001 662318.64 662318.64 558064.78 558064.78 -1.0 -1.0 -1.0 -1.0 -1.0 -1.0 -1.0 -1.0 -1.0 -1.0 -1.0 -1.0 -1.0 -1.0 -1.0 -1.0 -1.0 -1.0 -1.0 -1.0 -1.0 -1.0 -1.0 -1.0 -1.0 -1.0
-1.0 -1.0 1767929.0627640001 2169847.2066555 2156797.437222 2638262.940552 2638262.940552 3114886.85223 3114886.85223 3426795.029085 3426795.029085 3573987.962325 3573987.962325 3437308.722315 3437308.722315 3128905.31454 3128905.31454 2838024.3706425 2838024.3706425 2526116.163087 2526116.163087 2217712.3869060003 2217712.3869060003 1916121.8098085672 2215021.02161326 1737583.8289500002 1737583.8289500002 1572868.2783300001 1572868.2783300001 1436189.4067260001 1436189.4067260001 1464690.919105311 1257455.3937960002 1005125.0677485 2335681.3715686323 801283.05 801283.05 678481.05 678481.05 586379.55 586379.55 528048.6 -1.0 -1.0 -1.0 -1.0 -1.0 -1.0 -1.0 -1.0 -1.0 -1.0 -1.0 -1.0 -1.0 -1.0 -1.0 -1.0 -1.0 -1.0 -1.0 -1.0 -1.0 -1.0 -1.0 -1.0 -1.0
-1.0 -1.0 1769961.8601424 2158485.7006146 2153598.646943 2641296.4638432004 2641296.4638432004 3118468.406468 3118468.406468 3430735.221086 3430735.221086 3578097.3994700005 3578097.3994700005 3441261.0031539993 3441261.0031539993 3132502.987464 3132502.987464 2841287.5833030003 2841287.5833030003 2529020.7379492 2529020.7379492 2220262.3534296 2220262.3534296 1911504.1225889998 1911504.1225889998 1739581.7348200004 1739581.7348200004 1574676.791228 1574676.791228 1437840.7637415999 1437840.7637415999 1258901.2391536 1258901.2391536 1006280.7790526 1622831.8269059015 802204.38 802204.38 679261.18 679261.1185284 587053.78 587053.78 528655.76 -1.0 -1.0 -1.0 -1.0 -1.0 -1.0 -1.0 -1.0 -1.0 -1.0 -1.0 -1.0 -1.0 -1.0 -1.0 -1.0 -1.0 -1.0 -1.0 -1.0 -1.0 -1.0 -1.0 -1.0 -1.0
-1.0 -1.0 -1.0 2106737.5206464003 2106737.5206464003 2598471.3439688003 2598471.3439688003 3037519.4433632 3037519.4433632 3329047.5465280004 3329047.5465280004 3490616.6691440004 3490616.6691440004 3381732.9627680006 3381732.9627680006 3090205.044216 3090205.044216 2774090.5160351996 2774090.5160351996 2422852.2026712 2422852.2026712 2089175.6126704002 2089175.6126704002 1755499.0226696 1755499.0226696 1548268.3854776002 1548268.3854776002 1348062.5422448001 1348062.5422448001 1193517.598212 1193517.598212 1063559.3253456 1063559.3253456 907679.6 907679.6 787681.28 787681.28 701528.64 701528.64 639991.04 639991.04 596914.72 2494146.1799010625 889736.6960693935 -1.0 -1.0 -1.0 -1.0 -1.0 -1.0 -1.0 -1.0 -1.0 -1.0 -1.0 -1.0 -1.0 -1.0 -1.0 -1.0 -1.0 -1.0 -1.0 -1.0 -1.0 -1.0 -1.0
-1.0 -1.0 -1.0 -1.0 2108825.8534504003 2601047.1147493 2601047.1147493 3040530.4266652 3040530.4266652 3332347.5111080003 3332347.5111080003 3494076.7913590004 3494076.7913590004 3385085.1524980003 3385085.1524980003 3093268.252851 3093268.252851 2776840.3717572 2776840.3717572 2425253.8885407 2425253.8885407 2091246.5369894002 2091246.5369894002 1757239.1854381002 1757239.1854381002 1549803.1280011002 1549803.1280011002 1349398.8279478003 1349398.8279478003 1194700.6890945 1194700.6890945 1064613.5932866002 1064613.5932866002 908579.35 908579.35 788462.0800000001 788462.0800000001 702224.04 702224.04 640625.4400000001 640625.4400000001 597506.42 597506.42 554387.4 1369917.6239373572 -1.0 -1.0 -1.0 -1.0 -1.0 -1.0 -1.0 -1.0 -1.0 -1.0 -1.0 -1.0 -1.0 -1.0 -1.0 -1.0 -1.0 -1.0 -1.0 -1.0 -1.0 -1.0
-1.0 -1.0 -1.0 -1.0 2015747.9876244 2487306.7793712 2487306.7793712 2913117.5052008005 2913117.5052008005 3201683.3242440005 3201683.3242440005 3388195.5449360004 3388195.5449360004 3257989.0108160004 3257989.0108160004 2948308.4745324 2948308.4745324 2578803.4352748003 2578803.4352748003 2226893.7111312 2226893.7111312 1913694.0193420001 1913694.0193420001 1607532.7002192002 1607532.7002192002 1403425.1644132 1403425.1644132 1209874.8176756 1209874.8176756 1062072.7218208 1062072.7218208 963538.063182 963538.063182 878586.6 878586.6 807683.12 807683.12 749110.68 749110.68 705952.04 705952.04 668958.92 668958.92 613469.24 613469.24 557979.56 557979.56 524069.2 785701.6325015859 505572.64 505572.64 487076.08 -1.0 -1.0 -1.0 -1.0 -1.0 -1.0 -1.0 -1.0 -1.0 -1.0 -1.0 -1.0 -1.0 -1.0 -1.0
-1.0 -1.0 -1.0 -1.0 2017441.5308415003 2489396.505642 2489396.505642 2915564.9790030005 2915564.9790030005 3204373.238415 3204373.238415 3391042.15851 3391042.15851 3260726.23056 3260726.23056 2950785.5142465 2950785.5142465 2580970.0330305 2580970.0330305 2228764.6497420003 2228764.6497420003 1915301.8212825002 1915301.8212825002 1608883.2788220001 1608883.2788220001 1404604.2607995002 1404604.2607995002 1210891.3015335 1210891.3015335 1062965.028828 1062965.028828 964347.5856824999 964347.5856824999 879324.75 879324.75 808361.7000000001 808361.7000000001 749740.05 749740.05 706545.15 706545.15 669520.9500000001 669520.9500000001 613984.65 613984.65 558448.35 558448.35 524509.5 524509.5 505997.4 505997.4 487485.3 487485.3 484399.95 -1.0 -1.0 -1.0 -1.0 -1.0 -1.0 -1.0 -1.0 -1.0 -1.0 -1.0 -1.0 -1.0
-1.0 -1.0 -1.0 -1.0 1934390.7530741 2392607.7507558 2798602.8694833317 3442610.9681853973 2815577.4889661004 3210492.063743299 3048210.9021043996 3136329.699202 3136329.699202 2956567.3296563 2956567.3296563 2628765.9392446 2628765.9392446 2276291.1213794 2276291.1213794 1987261.9510522003 1987261.9510522003 1719381.0623028001 1719381.0623028001 1455025.1032894 1455025.1032894 1278787.6943568 1278787.6943568 1113124.6423528001 1113124.6423528001 1003857.4092919001 1003857.4092919001 954510.9557872 954510.9557872 907786.74 907786.74 864558.8 864558.8 821330.86 821330.86 775015.21 775015.21 722524.14 722524.14 663857.65 663857.65 614454.29 614454.29 580489.48 580489.48 555787.8 555787.8 534173.83 534173.83 524910.7 524910.7 -1.0 -1.0 -1.0 -1.0 -1.0 -1.0 -1.0 -1.0 -1.0 -1.0 -1.0 -1.0
-1.0 -1.0 -1.0 -1.0 1935718.8921793003 2394250.4984334 4052207.4104582304 2817510.6446953 4701889.492996277 3871190.275858799 3050303.7823012 3138483.081146 4157468.357028683 2958597.2880198997 2958597.2880198997 2630570.8314758 2630570.8314758 2277854.0068762 2277854.0068762 1988626.3911506 1988626.3911506 1720561.5772644002 1720561.5772644002 1456024.1133062 1456024.1133062 1279665.7010064002 1279665.7010064002 1113888.9059144 1113888.9059144 1003740.8230747001 1002290.1169914 955166.3163056 955166.3163056 908410.02 908410.02 865152.4 1028946.9956986712 821894.78 910206.5889403234 775547.33 775547.33 723020.22 723020.22 664313.4500000001 664313.4500000001 614876.17 614876.17 580888.04 580888.04 556169.4 556169.4 534540.59 534540.59 525271.1 525271.1 519091.44 519091.44 -1.0 -1.0 -1.0 -1.0 -1.0 -1.0 -1.0 -1.0 -1.0 -1.0
-1.0 -1.0 -1.0 -1.0 1887492.4320379999 2957238.3584278394 5430581.7147278795 2639238.5540248 3206580.2750038584 3331636.331464578 2755706.2434696 4293433.699074699 3306808.73305716 2501594.746784 2501594.746784 2212190.1841964 2212190.1841964 1922785.6525259998 1922785.6525259998 1714555.3733919999 1714555.3733919999 1506325.2797612 1506325.2797612 1294565.7713300001 1294565.7713300001 1160451.4716412 1160451.4716412 1033395.7232984001 1033395.7232984001 955750.5763904 954988.4055760001 943916.6161668 944209.7730572 927516.0 927516.0 908965.68 908965.68 874956.76 874956.76 981350.4945991591 825489.24 760563.12 760563.12 708003.88 708003.88 667811.52 667811.52 643077.76 643077.76 621435.72 621435.72 612160.56 612160.56 602885.4 602885.4 596701.96 596701.96 -1.0 -1.0 -1.0 -1.0 -1.0 -1.0 -1.0 -1.0 -1.0 -1.0
-1.0 -1.0 -1.0 1888499.7556355 1888499.7556355 2325461.7223433275 5661009.504778614 2640647.0721358 2640647.0721358 2757176.9184666 2757176.9184666 3692958.075580402 2711271.2148655006 2502929.8066640003 2502929.8066640003 2213370.7936319 2213370.7936319 1923811.8115335 1923811.8115335 1715470.403332 1715470.403332 1507129.1807327 1507129.1807327 1295256.6597425002 1295256.6597425002 1161070.7854627 1161070.7854627 1033947.2295614 1033947.2295614 956260.6447184 955380.5500197 944347.0251026 944347.0251026 928011.0 928011.0 909450.78 964620.0285946657 875423.71 2401446.099799191 825929.79 825929.79 760969.02 760969.02 708381.73 708381.73 668167.92 668167.92 643420.96 643420.96 621767.37 621767.37 612487.26 612487.26 603207.15 603207.15 597020.41 597020.41 -1.0 -1.0 -1.0 -1.0 -1.0 -1.0 -1.0 -1.0 -1.0 -1.0
-1.0 -1.0 1511348.965815 1868163.6375220001 1868163.6375220001 2504741.1745635984 2196715.6022526 2376889.2683172 3579961.3736932212 2387487.8994876 2387487.8994876 2281503.1970692 2281503.1970692 2073067.009715 2073067.009715 1808105.563147 1808105.563147 1567874.039342 1567874.039342 1419495.7097282002 1419495.7097282002 1285248.5788636 1285248.5788636 1154534.3560036002 1154534.3560036002 1062681.0380212 1062681.0380212 970827.8128822 970827.8128822 916054.88 916054.88 931702.6447404 931702.6447404 948046.1160248 948046.1160248 948046.1160248 948046.1160248 922244.4400000001 922244.4400000001 875822.74 875822.74 798453.24 798453.24 758221.1 758221.1 736557.64 736557.64 721083.74 721083.74 705609.84 705609.84 717988.96 717988.96 708704.62 708704.62 711799.4 711799.4 711799.4 -1.0 -1.0 -1.0 -1.0 -1.0 -1.0 -1.0 -1.0 -1.0
-1.0 1511925.2238299998 1511925.2238299998 1868875.9444040002 2485433.1421924843 3206390.5950422212 2197553.1817932003 2377795.5457704 2377795.5457704 2388398.2180632 2388398.2180632 2282373.1050344 2282373.1050344 2073857.44363 2073857.44363 1808794.970654 1808794.970654 1568471.849644 1568471.849644 1420036.9452724 1420036.9452724 1285738.6276952 1285738.6276952 1154504.8151644 1154027.6967687998 1063086.2246984 1063086.2246984 971197.9771004 971197.9771004 916404.16 916404.16 932219.3763064 932101.9155840001 948407.5938735999 948407.5938735999 948407.5938735999 948407.5938735999 922596.0800000001 922596.0800000001 876156.68 876156.68 798757.68 798757.68 758510.2000000001 758510.2000000001 736838.48 736838.48 721358.68 721358.68 705878.88 705878.88 718262.72 718262.72 708974.84 708974.84 712070.8 712070.8 712070.8 -1.0 -1.0 -1.0 -1.0 -1.0 -1.0 -1.0 -1.0 -1.0
-1.0 1611370.8941219999 1611370.8941219999 1832956.124639655 2619025.305491508 2057324.1575880311 1968430.0235759998 2014388.0815140004 2014388.0815140004 1947218.5812509998 1947218.5812509998 1805809.110273 1805809.110273 1646723.277351 1646723.277351 1455820.48224 1455820.48224 1293199.4760300003 1293199.4760300003 1174337.419068 1170688.217922 1089014.386509 1087289.2893329998 1009157.970861 1009510.3980810001 967957.618455 967957.618455 925973.1 925973.1 907391.7000000001 907391.7000000001 922876.2000000001 922876.2000000001 948695.5508039999 948695.5508039999 968321.1016080001 968321.1016080001 974862.9621990002 974862.9621990002 952429.049568 953765.238042 901197.9 901197.9 888810.3 888810.3 895004.1 895004.1 1655176.150287356 901197.9 891907.2000000001 891907.2000000001 873325.8 873325.8 860938.2000000001 860938.2000000001 888810.3 888810.3 907391.7000000001 907391.7000000001 -1.0 -1.0 -1.0 -1.0 -1.0 -1.0 -1.0 -1.0
1378361.2090531 1611740.3194618 1611740.3194618 2236517.8745934255 2513031.922073516 1968881.3088344 1968881.3088344 2786257.4315046873 2014849.9031866002 1947665.0035418998 1947665.0035418998 1806223.1128137002 1806223.1128137002 1647100.8076319 1647100.8076319 1456154.245856 1456154.245856 1293495.9569070002 1293495.9569070002 1169392.9691299 1161572.0924258 1083051.7987471002 1083051.7987471002 1007803.2627026 1008508.1858102999 967614.0342079 968179.5338895 926185.39 926185.39 907599.73 907599.73 923087.78 923087.78 948913.0501876 948913.0501876 968543.1003752 968543.1003752 975086.4607631001 975086.4607631001 952184.7768457 952544.5642472 901404.51 901404.51 889014.0700000001 889014.0700000001 895209.29 895209.29 901404.51 901404.51 892111.68 892111.68 873526.02 873526.02 861135.5800000001 861135.5800000001 889014.0700000001 889014.0700000001 907599.73 907599.73 882818.85 -1.0 -1.0 -1.0 -1.0 -1.0 -1.0 -1.0
1558936.1040016 1721618.9801312 1721618.9801312 4398194.977800587 1781740.9092464 1774667.7447600001 1774667.7447600001 1721618.9801312 1721618.9801312 1622594.61536 1622594.61536 1488204.4281568 1488204.4281568 1382106.9298800002 1382106.9298800002 1268936.1431936 1268936.1431936 1162838.6449168 1162838.6449168 1082124.9862928 1078570.063416 1024317.0750912001 1024317.0750912001 975234.4105168001 975234.4105168001 945821.672728 946409.1616383999 917031.68 917031.68 910835.52 910835.52 932696.1301344 932696.1301344 965417.8961904 965417.8961904 1001411.8233616 1001411.8233616 1034133.5894176001 1034133.5894176001 1040677.8496864 1040677.8496864 1021044.8520144 1021044.8520144 1030861.33536 1030861.33536 1057038.7482047998 1057038.7482047998 1083216.1300688002 1083216.1300688002 1089760.5142608 1089760.5142608 1063583.1323968 1063583.1323968 1043950.103744 1043950.103744 1119210.05724 1119210.05724 1171564.8519488 1171564.8519488 -1.0 -1.0 -1.0 -1.0 -1.0 -1.0 -1.0 -1.0
1559056.8706264002 1721752.3493648001 1721752.3493648001 1781878.9359655997 1781878.9359655997 1774805.2235400002 1774805.2235400002 1721752.3493648001 1721752.3493648001 1622720.31344 1622720.31344 1488319.7153871998 1488319.7153871998 1382213.9980200003 1382213.9980200003 1269034.4442944 1269034.4442944 1162928.7269272 1161474.2825696 1073482.7691496 1073482.7691496 1024396.4262048 1024396.4262048 975309.9593272001 975309.9593272001 945858.1659536 945858.1659536 917102.72 917102.72 910906.0800000001 910906.0800000001 932768.3836176 932768.3836176 965492.6845416 965492.6845416 1001489.4000664001 1001489.4000664001 1034213.7009904 1034213.7009904 1040758.4682256 1040758.4682256 1021123.9496375999 1021123.9496375999 1030941.1934400002 1030941.1934400002 1057120.6341792 1057120.6341792 1083300.0439352002 1083300.0439352002 1089844.9351032001 1089844.9351032001 1063665.5253472 1063665.5253472 1044030.975776 1044030.975776 1119296.75946 1119296.75946 1171655.6099552002 1171655.6099552002 -1.0 -1.0 -1.0 -1.0 -1.0 -1.0 -1.0 -1.0
