critload/trunk/output/2010/ndep_crit_dep_tot.asc
ncols 720
nrows 360
xllcorner -180.0
yllcorner -90.0
cellsize 0.5
NODATA_value -9999.0
[rows 93 to 123 of 360, columns 420 to 489 of 720]
-9999 -9999 -9999 -9999 -9999 -9999 -9999 -9999 -9999 -9999 -9999 -9999 -9999 -9999 -9999 -9999 -9999 -9999 -9999 2820937.5 2820937.5 2820937.5 1692562.5 1692562.5 1692562.5 2256750.0 1692562.5 2820937.5 2820937.5 2820937.5 2820937.5 2820937.5 2820937.5 3949312.5000000005 3949312.5000000005 -9999 -9999 -9999 -9999 -9999 -9999 -9999 -9999.0 -9999.0 -9999.0 -9999.0 -9999.0 -9999.0 -9999.0 -9999.0 -9999.0 -9999.0 -9999.0 -9999.0 -9999.0 -9999.0 1128375.0 1128375.0 1128375.0 1128375.0 1128375.0 1128375.0 -9999.0 -9999.0 -9999.0 -9999.0 -9999.0 -9999.0 -9999.0 -9999.0
-9999 -9999 -9999 -9999 -9999 -9999 -9999 -9999 -9999 -9999 -9999 -9999 -9999 -9999 -9999 -9999 -9999 -9999 -9999 -9999 -9999 -9999 2275190.0 2843987.5 2843987.5 -9999.0 -9999.0 1706392.5 1706392.5 1706392.5 1706392.5 1706392.5 1706392.5 2843987.5 2843987.5000000005 3981582.5 -9999 -9999 -9999 -9999 -9999 -9999 -9999 -9999.0 -9999.0 -9999.0 -9999.0 -9999.0 -9999.0 -9999.0 -9999.0 -9999.0 -9999.0 -9999.0 -9999.0 -9999.0 1137595.0 1137595.0 1137595.0 1137595.0 1137595.0 1137595.0 -9999.0 -9999.0 -9999.0 -9999.0 -9999.0 -9999.0 -9999.0 -9999.0
-9999 -9999 -9999 -9999 -9999 -9999 -9999 -9999 -9999 -9999 4013537.4999999995 -9999 -9999 -9999 -9999 -9999 -9999 -9999 -9999 -9999 -9999 -9999 -9999 2293450.0 2293450.0 2866812.5 2866812.5 2866812.5 2866812.5 2866812.5 2866812.5 1720087.5 1720087.5 1720087.5 2866812.5 4013537.499999999 4013537.5 -9999 -9999 -9999 -9999 -9999 -9999 -9999 -9999.0 -9999.0 -9999.0 -9999.0 -9999.0 -9999.0 -9999.0 -9999.0 -9999.0 -9999.0 -9999.0 -9999.0 1146725.0000000002 1146725.0 1146725.0 1146725.0 1146725.0 -9999.0 -9999.0 -9999.0 -9999.0 -9999.0 -9999.0 -9999.0 -9999.0 -9999.0
-9999 -9999 -9999 -9999 4045212.5 2889437.5000000005 2889437.4999999995 2889437.5 2889437.5 2889437.5 4045212.5 4045212.5000000005 4045212.4999999995 -9999 -9999 -9999 -9999 -9999 -9999 -9999 -9999 -9999 -9999 2889437.5 2889437.5 2889437.5 2889437.5 2889437.5 2889437.5 2889437.5 2889437.5 2889437.4999999995 2889437.499999999 1733662.5 1733662.5 2889437.5 4045212.5 4045212.5 -9999 -9999 -9999 -9999 -9999 -9999 -9999 -9999.0 -9999 -9999.0 -9999.0 -9999.0 -9999.0 -9999.0 -9999.0 -9999.0 -9999.0 -9999.0 -9999.0 1155775.0000000002 1155775.0 1155775.0 1155775.0 1155775.0 1155775.0 -9999.0 -9999.0 -9999.0 -9999.0 -9999.0 1155775.0 -9999.0
4076554.999999999 4076555.0 4076555.0 2911825.0 2911825.0 2911825.0 2911825.0 4076554.9999999995 4076555.0 4076554.9999999995 4076555.0 4076555.0000000005 2911825.0 2329460.0000000005 4076554.999999999 4076555.0000000005 -9999 -9999 2911825.0 -9999 -9999 2911825.0 2911825.0 2911825.0 2911825.0 1747095.0 1747095.0 1747095.0000000002 2911825.0 2911825.0 4076555.0 4076554.9999999995 2911825.0 2911824.9999999995 2911825.0 1747095.0 2911825.0 4076554.9999999995 4076555.0000000005 -9999 -9999 -9999 -9999 -9999 -9999 -9999.0 -9999 -9999 -9999.0 -9999.0 -9999.0 -9999.0 -9999.0 -9999.0 -9999.0 -9999.0 -9999.0 -9999.0 -9999.0 -9999.0 1164730.0 1164729.9999999998 1164730.0 1164730.0 -9999.0 -9999.0 -9999.0 -9999.0 -9999.0 1164730.0
2934000.0000000005 2934000.0 2934000.0 2934000.0 2934000.0 2934000.0 4107599.9999999995 4107600.0 4107600.0 4107600.000000001 4107600.0 4107599.9999999995 4107600.0000000005 2934000.0 2934000.0 2934000.0 2934000.0 2934000.0 2934000.0 2933999.9999999995 2934000.0 2933999.9999999995 1777223.1378530222 2934000.0 2934000.0 1760400.0 2933999.9999999995 4107600.0000000005 1760400.0 2934000.0 2934000.0 2933999.9999999995 4107600.0 4107600.0 4107600.0 4107600.0 4107600.0 4107600.0 4107599.999999999 4107600.0 4107600.0000000005 -9999 -9999 -9999 -9999 -9999.0 -9999.0 -9999.0 -9999.0 -9999.0 -9999.0 -9999.0 -9999.0 -9999.0 -9999.0 -9999.0 -9999.0 -9999.0 -9999.0 -9999.0 -9999.0 -9999.0 -9999.0 -9999.0 1173600.0 -9999.0 -9999.0 -9999.0 -9999.0 -9999.0
4138330.0 4138330.0 4138330.0000000005 4138329.9999999995 4138329.9999999995 4138329.999999999 4138330.0 4138330.0 4138329.9999999995 4138330.0 4138330.0 4138330.0000000005 4138330.0000000005 4138330.0 4138330.0000000005 4138330.0000000005 4138330.0000000005 4138330.0 4138329.9999999995 4138329.9999999995 2955950.0 1773570.0 2955950.0 2955950.0 2955950.0 2955950.0000000005 2955950.0 4138330.0000000005 4138330.0 4138329.9999999995 2955950.0 2955950.0 2955950.0 4138330.0 4138330.0000000005 4138330.0 4138330.0000000005 4138330.0 4138330.0000000005 4138330.0 4138329.9999999995 -9999 -9999 -9999 -9999 -9999.0 -9999.0 -9999.0 -9999.0 -9999.0 -9999.0 -9999.0 -9999.0 -9999.0 -9999.0 -9999.0 -9999.0 -9999.0 -9999.0 -9999.0 -9999.0 -9999.0 -9999.0 -9999.0 1182380.0 -9999.0 -9999.0 -9999.0 1182380.0 1182379.9999999998
4168745.0000000005 4168745.0 4168745.000000001 4168745.0 4168745.0000000005 4168745.0000000005 4168745.0 4168745.0 4168745.0 4168744.9999999995 4168745.0 4168745.0 4168744.9999999995 4168744.9999999995 4168745.0 4168745.0 4168745.000000001 4168745.0000000005 4168745.0 4168745.0 4168744.9999999995 4168745.0 2977675.0 2977675.0 2977674.9999999995 2977675.0000000005 4168745.0 4168744.9999999995 4168745.0 4168745.0 4168745.0000000005 2977675.0 2977675.0000000005 2977674.9999999995 4168745.0 4168744.9999999995 4168744.9999999995 4168745.0 4168745.0 -9999 -9999 -9999 -9999 -9999 -9999 -9999 -9999.0 -9999.0 -9999.0 -9999.0 -9999.0 -9999.0 -9999.0 -9999.0 -9999.0 -9999.0 -9999.0 -9999.0 -9999.0 -9999.0 -9999.0 -9999.0 -9999.0 -9999.0 -9999.0 1191070.0 1191070.0 1191070.0000000002 1191070.0 1191070.0
4198844.999999999 4198845.0 4198845.0 4198845.0 4198845.000000001 4198845.0 4198845.0 4198845.0 4198845.0 4198845.0 4198845.0 4198845.0 4198845.000000001 4198845.0 4198845.0 4198845.0 4198845.0 4198845.0 4198845.000000001 4198844.999999999 4198845.0 4198845.0 4198845.0 4198845.0 4198845.0 4198845.0 4198845.0 4198845.000000001 4198845.0 4198845.0 4198845.000000001 4198845.0 2999175.0 4198845.0 4198845.0 4198845.0 4198845.0 4198845.0 4198845.0 -9999 -9999 -9999 -9999 -9999 -9999 -9999 -9999.0 -9999.0 -9999.0 -9999.0 1199670.0 1199670.0 1199670.0 1199670.0 -9999.0 -9999.0 -9999.0 -9999.0 -9999.0 -9999.0 -9999.0 -9999.0 -9999.0 -9999.0 -9999.0 1199670.0 1199670.0 1199669.9999999998 1199670.0 1199670.0000000002
4228630.0 4228630.0 4228629.999999999 4228630.0 4228630.0 4228630.0 4228630.0 4228630.0 4228630.0 4228630.0 4228629.999999999 4228630.000000001 4228630.0 4228629.999999999 4228630.0 4228629.999999999 4228630.0 4228630.0 4228630.0 4228630.0 4228630.0 4228630.0 4228630.0 4228630.0 4228630.0 4228630.000000001 4228630.0 4228630.0 4228630.0 4228630.0 4228630.0 4228630.0 4228629.999999999 4228630.0 4228630.0 4228630.0 4228629.999999999 4228630.0 -9999.0 -9999 -9999 -9999 -9999 -9999 -9999 -9999 -9999 -9999.0 -9999.0 -9999.0 -9999.0 -9999.0 4228630.0 4228630.0 1208180.0 -9999.0 1208180.0 -9999.0 -9999.0 -9999.0 -9999.0 -9999.0 -9999.0 -9999.0 -9999.0 -9999.0 1208180.0 1208180.0 1208180.0 1208180.0
4258082.5 4258082.5 4258082.5 4258082.5 4258082.5 4258082.5 4258082.499999999 4258082.5 4258082.500000001 4258082.499999999 4258082.5 4258082.500000001 4258082.5 4258082.5 4258082.5 4258082.5 4258082.5 4258082.5 4258082.5 4258082.5 4258082.500000001 4258082.499999999 4258082.5 4258082.5 4258082.5 4258082.499999999 4258082.5 4258082.5 4258082.5 4258082.5 4258082.500000001 4258082.5 4258082.5 4258082.5 4258082.5 4258082.5 4258082.5 4258082.5 -9999 -9999 -9999 -9999 -9999 -9999 -9999 -9999 -9999 -9999.0 -9999.0 -9999.0 1216595.0 4258082.5 4258082.5 4258082.5 4258082.5 4258082.5 1216595.0 1216595.0 1216595.0 1216595.0 1216595.0 1216595.0 1216595.0 1216595.0 1216595.0 -9999.0 -9999.0 -9999.0 1216595.0000000002 1216594.9999999998
4287202.5 4287202.5 4287202.500000001 4287202.5 4287202.5 4287202.499999999 4287202.499999999 4287202.5 4287202.5 4287202.5 4287202.5 4287202.5 4287202.5 4287202.5 4287202.5 4287202.5 4287202.500000001 4287202.5 4287202.5 4287202.5 4287202.5 4287202.5 4287202.5 4287202.5 4287202.5 4287202.5 4287202.5 4287202.5 4287202.5 4287202.5 4287202.5 4287202.5 4287202.5 4287202.5 4287202.5 4287202.5 4287202.5 4287202.5 4287202.5 -9999 -9999 -9999 -9999 -9999 -9999 -9999 -9999 -9999.0 -9999.0 1224915.0 1224914.9999999998 1224915.0000000002 4287202.5 4287202.5 4287202.5 4287202.499999999 4287202.499999999 4287202.5 1224914.9999999998 1224915.0 1224914.9999999998 1224915.0 1224915.0 1224915.0 1224915.0 1224915.0 1224915.0 -9999.0 1224915.0 1224915.0
4316007.5 1931785.3810180337 4316007.5 4316007.5 4316007.5 4316007.5 4316007.5 4316007.5 4316007.5 4316007.5 1849717.4999999998 1849717.4999999995 1849717.5 4316007.5 4316007.5 4316007.5 4316007.5 1849717.5000000005 4316007.5 4316007.5 4316007.5 4316007.499999999 4316007.5 1849717.5 1849717.5000000002 4316007.499999999 4316007.5 4316007.5 4316007.5 4316007.5 4316007.5 4316007.5 4316007.5 4316007.499999999 4316007.500000001 4316007.5 4316007.5 4316007.499999999 4316007.5 1233145.0 1233145.0 -9999 -9999 -9999 -9999 -9999 -9999 1233145.0 1233145.0 1233145.0 1233145.0 4316007.499999999 4316007.500000001 4316007.5 4316007.5 4316007.5 4316007.5 4316007.5 4316007.499999999 4316007.5 1233145.0 1233145.0 1233145.0 1233145.0 1233144.9999999998 -9999.0 -9999.0 -9999.0 -9999.0 1233145.0
4344480.0 1861920.0 1861920.0 1861920.0 4344480.0 4344480.0 4344480.000000001 4344480.000000001 1861920.0 1861920.0 1861920.0 1861920.0 1861920.0 1861920.0 1861920.0 1861920.0 1861920.0 1861920.0 1861920.0 1861920.0 1861920.0 1861920.0 1861920.0000000002 1861920.0000000005 1861920.0 1863106.7733633097 1861920.0 4344480.0 4344479.999999999 4344480.0 4344480.0 4344480.0 4344480.000000001 4344480.0 4344480.0 4344480.0 4344480.0 4344480.0 4344480.0 4344480.0 4344480.0 4344480.0 1599452.038972171 1241280.0 -9999.0 -9999.0 1241279.9999999998 1241280.0 1241280.0 4344480.0 4344480.0 4344480.0 1241280.0 4344480.0 4344480.0 4344480.0 4344480.000000001 4344480.0 4344480.0 4344480.0 4344480.0 1241280.0 1241280.0 -9999.0 1241280.0 1241280.0 -9999.0 -9999.0 -9999.0 1241280.0
1873987.5 -9999.0 -9999 -9999 1873987.5 4372637.499999999 1873987.5 1873987.5 1873987.5 -9999 -9999 1898700.491012958 1873987.5 1873987.5 4372637.5 4372637.5 4372637.5 4372637.5 4372637.500000001 4372637.5 4372637.5 4372637.5 4372637.5 1873987.5 1873987.5000000002 1873987.5 1873987.4999999998 1873987.5000000002 4372637.5 4372637.5 4372637.5 4372637.5 4372637.5 4372637.5 4372637.5 4372637.5 4372637.5 4372637.5 4372637.5 4372637.5 4372637.5 4372637.5 4372637.5 4372637.5 4372637.5 1433003.1101566814 1271812.6358949621 4372637.5 4372637.5 1249324.9999999998 1249325.0 1249325.0 -9999.0 1249325.0 4372637.500000001 4372637.5 4372637.500000001 4372637.5 4372637.499999999 4372637.5 4372637.500000001 1249325.0 1249325.0 -9999.0 -9999.0 1249325.0 4372637.5 4372637.5 1249325.0 1249325.0
-9999 -9999 -9999 -9999 -9999 -9999 -9999 -9999 -9999.0 -9999 -9999 1885905.0 1885905.0 1885905.0 4400445.0 4400445.0 1735526.1922967222 1574194.3189683454 1257269.9999999998 1257270.0000000002 1257270.0 1257270.0 4400445.0 4400445.0 4400445.0 4400445.0 4400445.0 4400445.0 4400445.0 1885904.9999999998 4400445.0 4400445.0 4400445.000000001 4400445.0 4400445.000000001 4400445.0 4400445.0 4400445.0 4400445.0 4400445.0 4400444.999999999 4400445.0 4400444.999999999 4400445.0 4400445.0 4400444.999999999 4400445.0 4400445.0 1257270.0 -9999.0 -9999.0 -9999.0 -9999.0 1257270.0 1257270.0000000002 1257270.0 1257270.0000000002 4400444.999999999 4400445.0 4400445.0 4400444.999999999 4400445.0 4400445.0 4400445.0 4400445.0 4400444.999999999 4400445.0 4400445.0 4400445.0 4400445.0
-9999 -9999 -9999 -9999 -9999.0 1897680.0 1897679.9999999998 1897680.0 1897680.0 -9999 -9999 1897680.0 1897680.0 1897680.0 4427920.0 2092132.5205085275 -9999.0 2046218.7848794586 -9999.0 1911896.693775959 1265120.0 1755382.0337575325 1862945.0087539232 -9999.0 4427920.0 4427920.0 4427920.0 4427920.0 4427920.0 4427920.0 1897680.0 1897679.9999999998 4427920.0 4427920.0 4427920.0 4427920.000000001 4427920.0 4427920.0 4427920.0 4427919.999999999 4427920.0 4427920.0 1569367.770443715 1265120.0 1265120.0 1342788.8801480308 1265120.0 -9999.0 -9999.0 -9999.0 -9999.0 -9999.0 -9999.0 -9999.0 -9999.0 1265120.0 1265120.0 4427920.0 4427920.0 4427920.0 4427920.0 4427920.0 4427920.000000001 4427920.0 4427919.999999999 4427920.0 4427920.0 4427920.0 4427920.0 4427920.0
-9999 -9999 -9999 -9999 1909312.5000000002 1909312.5 1909312.5 1909312.5 -9999 -9999 -9999 1909312.5 1909312.5 1909312.5 4455062.499999999 1941722.2137009006 1803599.5959690763 1804275.0474869397 -9999.0 -9999.0 1612841.0102092142 1272875.0 1629685.8612806152 -9999.0 -9999.0 -9999.0 1738106.0883035911 4455062.500000001 4455062.5 4455062.499999999 4455062.5 1909312.5 4455062.5 4455062.5 4455062.5 4455062.5 4455062.5 4455062.500000001 4455062.5 4455062.5 4455062.5 1733372.4933873261 1521581.0228769113 1625725.8310783172 -9999.0 -9999.0 -9999.0 -9999.0 -9999.0 -9999.0 -9999.0 -9999.0 -9999.0 -9999.0 -9999.0 1272875.0 1272875.0 1272875.0 1272875.0 4455062.500000001 4455062.500000001 1272875.0 4455062.5 4455062.5 4455062.5 4455062.499999999 4455062.5 4455062.5 4455062.5 4455062.5
-9999 -9999 -9999 -9999 -9999 -9999 -9999 -9999 -9999 -9999 -9999 1942782.1019199216 4481855.0 4481854.999999999 4481855.0 1977901.081217831 -9999.0 -9999.0 -9999.0 -9999.0 -9999.0 1606459.8829570166 1590363.2475908755 1634825.5094084907 1636638.1224137961 1667267.89847703 -9999.0 1668769.7036836152 1280530.0 1280530.0000000002 4481855.0 4481855.0 4481855.0 4481855.0 4481855.0 4481855.000000001 4481855.0 4481855.0 4481855.0 4481855.0 4481855.0 4481854.999999999 1542810.8868864316 1629324.6479381884 -9999.0 -9999.0 -9999.0 -9999.0 -9999.0 -9999.0 -9999.0 -9999.0 -9999.0 1280530.0 -9999.0 1280530.0 1280530.0 1280530.0 1280530.0 1280530.0 1280530.0 1280530.0 1280530.0 4481855.0 4481854.999999999 4481855.0 4481855.0 4481855.0 4481855.0 4481855.000000001
-9999 -9999 -9999 -9999 -9999 -9999 -9999 -9999 -9999 -9999 1932135.0 1932134.9999999998 4508315.0 4508315.0 1759641.1838304293 -9999.0 -9999.0 -9999.0 -9999.0 -9999.0 -9999.0 -9999.0 -9999.0 -9999.0 -9999.0 1416065.973902861 1585776.1311453842 1612496.6737478436 1288089.9999999998 1288089.9999999998 1288090.0 4508315.0 4508315.0 4508315.0 4508315.000000001 4508315.0 4508315.000000001 4508315.0 4508315.0 4508315.0 4508315.0 4508315.0 4508315.0 1491155.040995607 1288090.0 -9999.0 -9999.0 -9999.0 -9999.0 -9999.0 -9999.0 -9999.0 -9999.0 -9999.0 1288089.9999999998 -9999.0 1288090.0 4508315.000000001 4508315.0 4508315.0 1288090.0 -9999.0 -9999.0 1288089.9999999998 4508315.0 4508315.0 4508315.0 4508315.0 4508315.0 4508315.0
-9999 -9999 -9999 -9999 -9999 -9999 -9999 -9999 -9999 -9999 1943332.5 1943332.5 1943332.5 1834567.1359735837 -9999.0 -9999.0 -9999.0 -9999.0 -9999.0 -9999.0 -9999.0 -9999.0 -9999.0 -9999.0 -9999.0 1472625.7539459465 1507986.2263580388 1329336.868704733 1295555.0 1295555.0 1918699.9835422318 1979510.8367044402 4534442.5 4534442.5 4534442.500000001 4534442.499999999 4534442.5 4534442.5 4534442.5 4534442.499999999 4534442.5 4534442.5 4534442.500000001 4534442.5 1295555.0 1325130.2816427895 -9999.0 -9999.0 -9999.0 -9999.0 -9999.0 -9999.0 -9999.0 -9999.0 -9999.0 1295555.0 1295555.0 1295554.9999999998 4534442.5 4534442.5 1295555.0 1295555.0 -9999.0 1295555.0000000002 1295555.0 4534442.5 4534442.5 4534442.5 4534442.5 4534442.5
-9999 -9999 -9999 -9999 -9999 -9999 -9999 -9999 -9999 1954372.5 1954372.4999999998 1954372.4999999998 4560202.5 1302915.0 -9999.0 -9999.0 -9999.0 -9999.0 -9999.0 -9999.0 -9999.0 -9999.0 -9999.0 -9999.0 -9999.0 -9999.0 -9999.0 1442338.4390729447 1302914.9999999998 1302915.0 1302915.0 1770906.3000850454 1866116.813568533 4560202.5 4560202.500000001 1954372.5 1954372.5 1954372.5 4560202.500000001 4560202.5 4560202.5 4560202.5 4560202.5 1302914.9999999998 1302915.0 1336720.1228859895 -9999.0 -9999.0 -9999.0 -9999.0 -9999.0 -9999.0 -9999.0 -9999.0 -9999.0 -9999.0 -9999.0 1302915.0000000002 1302915.0 4560202.5 1302915.0 1302915.0000000002 -9999.0 1302915.0 1302915.0 1302915.0 1302914.9999999995 1302915.0 1302915.0 1302915.0
-9999 -9999 -9999 -9999 -9999 -9999 -9999 -9999 -9999 1965270.0 1965270.0 1965270.0 1640826.9695920073 1717455.933341827 -9999.0 -9999.0 -9999.0 -9999.0 -9999.0 -9999.0 -9999.0 -9999.0 -9999.0 -9999.0 -9999.0 -9999.0 -9999.0 -9999.0 1310179.9999999998 1310180.0 1670216.9138394378 1631216.321887869 1894688.2277887221 1703841.7812140274 4585630.0 4585630.0 4585630.0 4585630.000000001 4585630.0 4585630.0 4585630.0 4585630.0 4585630.000000001 1343787.103228632 1310180.0 1310180.0 -9999.0 1310180.0 1310179.9999999998 -9999.0 -9999.0 1310180.0 -9999.0 -9999.0 -9999.0 -9999.0 -9999.0 1310180.0 1310180.0 1310180.0 -9999.0 1310180.0000000002 1310180.0000000002 1310180.0 1310180.0 1310180.0 1310180.0 1310180.0 1310180.0 1310180.0
-9999 -9999 1317345.0 -9999 -9999 -9999 -9999 -9999 -9999 1976017.5000000005 1976017.5 4610707.5 1611624.0859056425 1627253.3850563746 -9999.0 -9999.0 -9999.0 -9999.0 -9999.0 -9999.0 -9999.0 -9999.0 -9999.0 -9999.0 -9999.0 -9999.0 -9999.0 -9999.0 1348773.554028096 1317345.0 1438913.4190602258 1554391.351750505 1317345.0 1502870.498983019 1317345.0 1317345.0 4610707.5 4610707.5 4610707.499999999 4610707.5 4610707.5 4610707.5 4610707.5 4610707.5 4610707.5 -9999.0 1317345.0 4610707.5 1317345.0 1317345.0 1317345.0 -9999.0 1317345.0000000002 -9999.0 -9999.0 -9999.0 -9999.0 -9999.0 -9999.0 1317345.0 1317344.9999999998 1317345.0 1317345.0 1317345.0 -9999.0 1317345.0 1317345.0 1317345.0000000002 1317345.0 1317345.0
1324410.0 1324410.0 1324410.0 1324410.0 1324410.0 1324410.0 4635435.0 4635435.0 1324410.0 1324410.0 1324410.0 4635435.0 1637123.3590275482 -9999.0 -9999.0 -9999.0 -9999.0 -9999.0 -9999.0 -9999.0 -9999.0 -9999.0 -9999.0 -9999.0 -9999.0 -9999.0 -9999.0 -9999.0 -9999.0 1477197.1401035448 1403164.731835053 1605211.0654517778 1324410.0 1814647.8939413603 1324410.0 1324410.0000000002 1324410.0 1324410.0 1324410.0 4635435.0 4635434.999999999 4635435.0 4635435.0 4635435.0 4635434.999999999 4635435.0 1324410.0 1324410.0 1324410.0 1324410.0 1324410.0 -9999.0 -9999.0 1324410.0 -9999.0 -9999.0 -9999.0 -9999.0 -9999.0 -9999.0 -9999.0 -9999.0 1324410.0 1324409.9999999998 1324410.0 1324410.0 1324409.9999999998 1324410.0 1324410.0 -9999.0
1331370.0 1331370.0 1331370.0 1331370.0000000002 1331370.0 -9999.0 -9999.0 -9999.0 1548094.2288884523 -9999.0 1602618.588325936 1613652.28439296 -9999.0 -9999.0 -9999.0 -9999.0 -9999.0 -9999.0 -9999.0 -9999.0 -9999.0 -9999.0 -9999.0 -9999.0 -9999.0 -9999.0 -9999.0 -9999.0 -9999.0 -9999.0 1450014.3962290187 1456857.5217512276 1513530.92592121 1415773.7340882819 1468005.6990308652 1538513.1705025225 1443615.1522276863 1331370.0 1331370.0 1331370.0 1331370.0 4659795.0 4659795.0 4659795.0 4659795.0 4659795.0 4659795.0 1405079.0092171775 -9999.0 4659795.000000001 1331369.9999999998 1331370.0 1331370.0 1331370.0 1331370.0 -9999.0 -9999.0 -9999.0 -9999.0 -9999.0 -9999.0 -9999.0 -9999.0 1331370.0 -9999.0 -9999.0 1331370.0 1331370.0 1331370.0 -9999.0
-9999.0 1338230.0 1338230.0 1338230.0 1338230.0 1608121.2295976905 -9999.0 -9999.0 -9999.0 -9999.0 -9999.0 1617048.320224519 -9999.0 -9999.0 -9999.0 -9999.0 -9999.0 -9999.0 -9999.0 -9999.0 -9999.0 -9999.0 -9999.0 -9999.0 -9999.0 -9999.0 -9999.0 -9999.0 -9999.0 -9999.0 -9999.0 -9999.0 -9999.0 -9999.0 -9999.0 1645626.7376528673 1641078.3220581322 1673200.0917522332 1764458.181756686 1338230.0000000002 1609963.4975135664 4683805.0 4683805.0 4683805.0 4683805.0 4683805.0 4683805.0 4683805.000000001 4683805.0 1338230.0 4683805.000000001 1338230.0 1338230.0 1338230.0 4683804.999999999 1338230.0 -9999.0 -9999.0 -9999.0 -9999.0 -9999.0 -9999.0 -9999.0 1338230.0 1338230.0 1338230.0 1338230.0 -9999.0 -9999.0 -9999.0
-9999.0 -9999.0 1344990.0 -9999.0 -9999.0 -9999.0 -9999.0 -9999.0 -9999.0 1376566.9983151816 -9999.0 -9999.0 -9999.0 -9999.0 -9999.0 -9999.0 -9999.0 -9999.0 -9999.0 -9999.0 1344990.0000000002 -9999.0 -9999.0 -9999.0 -9999.0 -9999.0 -9999.0 -9999.0 -9999.0 -9999.0 -9999.0 -9999.0 -9999.0 -9999.0 -9999.0 1386869.17758144 1353582.5624759048 1473648.603997646 -9999 -9999 1567909.1206235928 1344990.0 4707465.0 4707465.0 4707465.0 4707465.0 4707465.0 4707465.0 4707464.999999999 -9999.0 4707464.999999999 4707465.000000001 4707465.0 4707465.0 4707465.0 4707465.000000001 -9999.0 -9999.0 -9999.0 -9999.0 -9999.0 -9999.0 -9999.0 -9999.0 -9999.0 -9999.0 -9999.0 -9999.0 -9999.0 -9999.0
-9999.0 1568934.5244786625 1434887.6552357322 -9999.0 -9999.0 -9999.0 -9999.0 -9999.0 -9999.0 -9999.0 -9999.0 -9999.0 1351650.0 -9999.0 -9999.0 -9999.0 -9999.0 -9999.0 -9999.0 -9999.0 -9999.0 -9999.0 -9999.0 -9999.0 -9999.0 -9999.0 -9999.0 -9999.0 -9999.0 -9999.0 -9999.0 -9999.0 -9999.0 -9999.0 -9999.0 1351650.0 1351650.0 -9999 -9999 -9999 -9999 1351650.0 4730775.0 4730775.0 2027474.9999999998 4730775.0 4730775.0 4730775.000000001 4730775.0 4730775.000000001 -9999.0 4730775.0 4730775.0 4730775.0 4730775.000000001 4730775.000000001 1351650.0 -9999.0 -9999.0 -9999.0 -9999.0 -9999.0 -9999.0 -9999.0 -9999.0 -9999.0 -9999.0 -9999.0 -9999.0 -9999.0
-9999.0 1507047.6660879676 1463411.2755665502 -9999.0 -9999.0 -9999.0 -9999.0 -9999.0 -9999.0 -9999.0 -9999.0 -9999.0 1358205.0 -9999.0 -9999.0 -9999.0 -9999.0 -9999.0 -9999.0 -9999.0 -9999.0 -9999.0 -9999.0 -9999.0 -9999.0 -9999.0 -9999.0 -9999.0 -9999.0 -9999.0 -9999.0 -9999.0 -9999.0 -9999.0 -9999.0 -9999.0 1358205.0 -9999 -9999 -9999 -9999 -9999.0 4753717.5 4753717.5 4753717.5 2037307.5 4753717.499999999 4753717.5 4753717.499999999 4753717.5 4753717.5 4753717.5 -9999.0 4753717.5 1358205.0 1358205.0 1358205.0 1358205.0 -9999.0 -9999.0 1358205.0 1358205.0 -9999.0 1358205.0 -9999.0 -9999.0 -9999.0 -9999.0 -9999.0 -9999.0
-9999.0 1413238.476659051 -9999.0 -9999.0 -9999.0 -9999.0 -9999.0 -9999.0 -9999.0 -9999.0 -9999.0 -9999.0 1364655.0 -9999.0 -9999.0 -9999.0 -9999.0 -9999.0 -9999.0 -9999.0 -9999.0 -9999.0 -9999.0 -9999.0 1364655.0 1364655.0 -9999.0 -9999.0 -9999.0 -9999.0 -9999.0 -9999.0 -9999.0 -9999.0 -9999.0 -9999.0 -9999.0 -9999.0 -9999 -9999 -9999 -9999 1504269.337551575 1366486.8921909991 1569643.5125914258 1364655.0 4776292.5 4776292.5 1364655.0 4776292.500000001 4776292.499999999 1364655.0 1364655.0 1364655.0 1364655.0 1364655.0 1364655.0 1364655.0000000002 -9999.0 -9999.0 1364655.0 -9999.0 1364655.0 -9999.0 -9999.0 -9999.0 -9999.0 -9999.0 -9999.0 -9999.0
