critload/trunk/output/2010/ndep_crit_tot.asc
ncols 720
nrows 360
xllcorner -180.0
yllcorner -90.0
cellsize 0.5
NODATA_value -9999.0
[rows 32 to 63 of 360, columns 142 to 212 of 720]
-9999 -9999 -9999 -9999 -9999 -9999 -9999 -9999 -9999 -9999 -9999 -9999 -9999 -9999 -9999 867007.0 867007.0 867007.0 867007.0 867007.0 867007.0 867007.0 867007.0 867007.0 -9999 -9999 867007.0 867007.0 867007.0 867007.0 867007.0 867007.0 867007.0 867007.0 867007.0 867007.0 867007.0 867007.0 -9999 -9999 -9999 867007.0 867007.0 867007.0 867007.0 867007.0 867007.0 867007.0 867007.0 -9999 867007.0 867007.0 867007.0 867007.0 867007.0 867007.0 867007.0 867007.0 433503.5 867007.0 433503.5 433503.5 867007.0 867007.0 -9999 -9999 -9999 -9999 -9999 -9999 -9999
-9999 -9999 -9999 892932.0 892932.0 892932.0 -9999 -9999 -9999 -9999 -9999 -9999 -9999 892932.0 892932.0 892932.0 892932.0 892932.0 892932.0 892932.0 892932.0 892932.0 892932.0 892932.0 892932.0 -9999 892932.0 892932.0 892932.0 892932.0 892932.0 892932.0 892932.0 892932.0 892932.0 892932.0 -9999 -9999 -9999 892932.0 892932.0 892932.0 892932.0 892932.0 892932.0 892932.0 892932.0 892932.0 892932.0 892932.0 892932.0 892932.0 892932.0 892932.0 892932.0 892932.0 892932.0 892932.0 892932.0 892932.0 446466.0 446466.0 446466.0 892932.0 892932.0 892932.0 -9999 -9999 -9999 -9999 -9999
918790.0 918790.0 918790.0 918790.0 918790.0 918790.0 918790.0 -9999 -9999 -9999 -9999 -9999 918790.0 918790.0 918790.0 918790.0 918790.0 918790.0 918790.0 918790.0 918790.0 918790.0 918790.0 918790.0 918790.0 918790.0 918790.0 918790.0 918790.0 918790.0 918790.0 918790.0 918790.0 918790.0 918790.0 -9999 -9999 -9999 918790.0 918790.0 918790.0 918790.0 918790.0 918790.0 918790.0 918790.0 918790.0 918790.0 918790.0 918790.0 918790.0 918790.0 918790.0 918790.0 918790.0 918790.0 918790.0 918790.0 918790.0 918790.0 918790.0 918790.0 918790.0 918790.0 918790.0 918790.0 -9999 -9999 -9999 -9999 -9999
944576.0 944576.0 944576.0 944576.0 944576.0 944576.0 944576.0 944576.0 -9999 -9999 -9999 -9999 -9999 -9999 944576.0 944576.0 944576.0 944576.0 944576.0 944576.0 944576.0 944576.0 944576.0 944576.0 944576.0 944576.0 -9999 944576.0 944576.0 944576.0 944576.0 -9999 -9999 -9999 -9999 -9999 -9999 -9999 944576.0 944576.0 944576.0 944576.0 944576.0 944576.0 944576.0 944576.0 944576.0 944576.0 944576.0 944576.0 944576.0 944576.0 944576.0 944576.0 944576.0 944576.0 944576.0 944576.0 944576.0 944576.0 944576.0 944576.0 944576.0 944576.0 944576.0 944576.0 944576.0 944576.0 944576.0 944576.0 -9999
970290.0 970290.0 970290.0 970290.0 970290.0 970290.0 970290.0 970290.0 970290.0 -9999 -9999 -9999 -9999 -9999 -9999 -9999 -9999 970290.0 970290.0 970290.0 970290.0 970290.0 970290.0 970290.0 970290.0 -9999 970290.0 970290.0 970290.0 970290.0 970290.0 -9999 -9999 -9999 -9999 -9999 -9999 -9999 970290.0 970290.0 970290.0 970290.0 970290.0 970290.0 970290.0 970290.0 970290.0 970290.0 970290.0 970290.0 970290.0 970290.0 970290.0 970290.0 970290.0 970290.0 970290.0 970290.0 970290.0 970290.0 970290.0 970290.0 970290.0 970290.0 970290.0 970290.0 970290.0 970290.0 970290.0 970290.0 970290.0
995932.0000000001 995932.0000000001 995932.0000000001 995932.0000000001 995932.0000000001 995932.0000000001 995932.0000000001 995932.0000000001 995932.0000000001 -9999 -9999 -9999 -9999 -9999 -9999 -9999 -9999 -9999 -9999 995932.0000000001 995932.0000000001 995932.0000000001 -9999 -9999 -9999 995932.0000000001 995932.0000000001 995932.0000000001 995932.0000000001 995932.0000000001 995932.0000000001 995932.0000000001 995932.0000000001 -9999 -9999 -9999 -9999 -9999 -9999 995932.0000000001 995932.0000000001 995932.0000000001 995932.0000000001 995932.0000000001 995932.0000000001 995932.0000000001 995932.0000000001 995932.0000000001 995932.0000000001 995932.0000000001 995932.0000000001 995932.0000000001 995932.0000000001 995932.0000000001 995932.0000000001 995932.0000000001 995932.0000000001 995932.0000000001 995932.0000000001 995932.0000000001 995932.0000000001 995932.0000000001 995932.0000000001 995932.0000000001 995932.0000000001 995932.0000000001 995932.0000000001 995932.0000000001 995932.0000000001 995932.0000000001 995932.0000000001
1021500.0 1021500.0 1021500.0 1021500.0 1021500.0 1021500.0 1021500.0 1021500.0 1021500.0 1021500.0 1021500.0 1021500.0 -9999 -9999 -9999 -9999 -9999 -9999 -9999 -9999 -9999 -9999 -9999 -9999 1021500.0 1021500.0 1021500.0 1021500.0 1021500.0 1021500.0 1021500.0 1021500.0 1021500.0 1021500.0 -9999 -9999 -9999 -9999 -9999 -9999 -9999 1021500.0 1021500.0 1021500.0 1021500.0 1021500.0 1021500.0 1021500.0 1021500.0 1021500.0 1021500.0 1021500.0 1021500.0 1021500.0 1021500.0 1021500.0 1021500.0 1021500.0 1021500.0 1021500.0 1021500.0 1021500.0 1021500.0 1021500.0 1021500.0 1021500.0 1021500.0 1021500.0 1021500.0 1021500.0 1021500.0
1046980.0 1046980.0 1046980.0 1046980.0 1046980.0 1046980.0 1046980.0 1046980.0 1046980.0 1046980.0 1046980.0 1046980.0 1046980.0 1046980.0 1046980.0 1046980.0 1046980.0 1046980.0 -9999 -9999 -9999 -9999 -9999 -9999 1046980.0 1046980.0 1046980.0 1046980.0 1046980.0 1046980.0 1046980.0 1046980.0 1046980.0 1046980.0 1046980.0 -9999 -9999 -9999 -9999 -9999 -9999 -9999 1046980.0 1046980.0 1046980.0 1046980.0 1046980.0 1046980.0 1046980.0 1046980.0 1046980.0 1046980.0 1046980.0 1046980.0 1046980.0 1046980.0 1046980.0 1046980.0 1046980.0 1046980.0 1046980.0 1046980.0 1046980.0 1046980.0 1046980.0 1046980.0 1046980.0 1046980.0 1046980.0 1046980.0 1046980.0
1072390.0 1072390.0 1072390.0 1072390.0 1072390.0 1072390.0 1072390.0 1072390.0 1072390.0 1072390.0 1072390.0 1072390.0 1072390.0 1072390.0 1072390.0 1072390.0 1072390.0 -9999 -9999 -9999 1072390.0 1072390.0 1072390.0 1072390.0 -9999 1072390.0 1072390.0 1072390.0 1072390.0 1072390.0 1072390.0 1072390.0 1072390.0 1072390.0 1072390.0 1072390.0 1072390.0 1072390.0 -9999 -9999 -9999 -9999 -9999 -9999 -9999 -9999 1072390.0 1072390.0 1072390.0 1072390.0 1072390.0 1072390.0 1072390.0 1072390.0 1072390.0 1072390.0 1072390.0 1072390.0 1072390.0 1072390.0 1072390.0 1072390.0 1072390.0 1072390.0 1072390.0 1072390.0 1072390.0 1072390.0 1072390.0 1072390.0 1072390.0
1097720.0 1097720.0 1097720.0 1097720.0 1097720.0 1097720.0 1097720.0 1097720.0 1097720.0 1097720.0 1097720.0 1097720.0 1097720.0 1097720.0 1097720.0 1097720.0 -9999 -9999 1097720.0 1097720.0 1097720.0 1097720.0 1097720.0 1097720.0 1097720.0 1097720.0 1097720.0 1097720.0 -9999 1097720.0 1097720.0 1097720.0 1097720.0 1097720.0 1097720.0 1097720.0 1097720.0 -9999 -9999 1097720.0 1097720.0 -9999 -9999 -9999 -9999 -9999 -9999 1097720.0 1097720.0 1097720.0 1097720.0 1097720.0 1097720.0 1097720.0 1097720.0 1097720.0 -9999 -9999 -9999 1097720.0 1097720.0 -9999 -9999 1097720.0 1097720.0 1097720.0 1097720.0 1097720.0 1097720.0 1097720.0 1097720.0
1122960.0 1122960.0 1122960.0 1122960.0 1122960.0 1122960.0 1122960.0 1122960.0 1122960.0 1122960.0 1122960.0 1122960.0 1122960.0 -9999 1122960.0 -9999 1122960.0 1122960.0 -9999 1122960.0 1122960.0 1122960.0 1122960.0 1122960.0 1122960.0 1122960.0 1122960.0 1122960.0 1122960.0 1122960.0 1122960.0 1122960.0 1122960.0 1122960.0 1122960.0 1122960.0 1122960.0 1122960.0 1122960.0 1122960.0 1122960.0 1122960.0 1122960.0 -9999 -9999 -9999 -9999 1122960.0 1122960.0 1122960.0 1122960.0 1122960.0 1122960.0 1122960.0 1122960.0 1122960.0 -9999 -9999 -9999 1122960.0 1122960.0 -9999 -9999 -9999 -9999 1122960.0 1122960.0 1122960.0 1122960.0 1122960.0 1122960.0
1148110.0 1148110.0 1148110.0 1148110.0 1148110.0 1148110.0 1148110.0 1148110.0 1148110.0 1148110.0 1148110.0 -9999 -9999 -9999 -9999 -9999 -9999 -9999 -9999 1148110.0 1148110.0 1148110.0 1148110.0 1148110.0 1148110.0 1148110.0 -9999 1148110.0 1148110.0 1148110.0 1148110.0 1148110.0 1148110.0 1148110.0 1148110.0 1148110.0 1148110.0 1148110.0 1148110.0 1148110.0 1148110.0 1148110.0 -9999 -9999 -9999 -9999 1148110.0 1148110.0 1148110.0 1148110.0 1148110.0 1148110.0 1148110.0 1148110.0 -9999 -9999 -9999 -9999 -9999 1148110.0 1148110.0 -9999 -9999 -9999 1148110.0 1148110.0 1148110.0 1148110.0 -9999 1148110.0 1148110.0
1173190.0 1173190.0 1173190.0 1173190.0 1173190.0 1173190.0 1173190.0 1173190.0 1173190.0 1173190.0 1173190.0 1173190.0 1173190.0 1173190.0 1173190.0 1173190.0 1173190.0 1173190.0 1173190.0 1173190.0 1173190.0 1173190.0 1173190.0 1173190.0 1173190.0 1173190.0 1173190.0 1173190.0 1173190.0 1173190.0 1173190.0 1173190.0 1173190.0 1173190.0 1173190.0 1173190.0 1173190.0 1173190.0 1173190.0 1173190.0 1173190.0 1173190.0 1173190.0 -9999 1173190.0 1173190.0 1173190.0 1173190.0 1173190.0 1173190.0 1173190.0 1173190.0 1173190.0 1173190.0 1173190.0 1173190.0 -9999 -9999 -9999 -9999 -9999 -9999 -9999 1173190.0 1173190.0 1173190.0 1173190.0 1173190.0 -9999 1173190.0 1173190.0
1198170.0 1198170.0 1198170.0 1198170.0 1198170.0 1198170.0 1198170.0 1198170.0 1198170.0 1198170.0 1198170.0 1198170.0 1198170.0 1198170.0 1198170.0 1198170.0 1198170.0 1198170.0 1198170.0 1198170.0 1198170.0 1198170.0 1198170.0 1198170.0 1198170.0 1198170.0 1198170.0 1198170.0 1198170.0 1198170.0 1198170.0 1198170.0 1198170.0 1198170.0 1198170.0 1198170.0 1198170.0 1198170.0 1198170.0 1198170.0 1198170.0 1198170.0 1198170.0 1198170.0 1198170.0 1198170.0 1198170.0 1198170.0 1198170.0 1198170.0 1198170.0 1198170.0 1198170.0 1198170.0 1198170.0 1198170.0 -9999 -9999 -9999 -9999 -9999 -9999 -9999 -9999 1198170.0 1198170.0 1198170.0 1198170.0 -9999 -9999 -9999
1223050.0 1223050.0 1223050.0 1223050.0 1223050.0 1223050.0 1223050.0 1223050.0 1223050.0 1223050.0 1223050.0 1223050.0 1223050.0 1223050.0 1223050.0 1223050.0 1223050.0 1223050.0 1223050.0 1223050.0 1223050.0 1223050.0 1223050.0 1223050.0 1223050.0 1223050.0 1223050.0 1223050.0 1223050.0 1223050.0 1223050.0 1223050.0 1223050.0 1223050.0 1223050.0 1223050.0 1223050.0 1223050.0 1223050.0 1223050.0 1223050.0 1223050.0 1223050.0 1223050.0 1223050.0 1223050.0 1223050.0 1223050.0 1223050.0 1223050.0 1223050.0 1223050.0 1223050.0 1223050.0 -9999 -9999 -9999 -9999 -9999 -9999 -9999 -9999 -9999 -9999 -9999 -9999 -9999 -9999 -9999 -9999 -9999
1247850.0 1247850.0 1247850.0 1247850.0 1247850.0 1247850.0 1247850.0 1247850.0 1247850.0 1247850.0 1247850.0 1247850.0 1247850.0 1247850.0 1247850.0 1247850.0 1247850.0 1247850.0 1247850.0 1247850.0 1247850.0 1247850.0 1247850.0 1247850.0 1247850.0 1247850.0 1247850.0 1247850.0 1247850.0 1247850.0 1247850.0 1247850.0 1247850.0 1247850.0 1247850.0 1247850.0 1247850.0 1247850.0 1247850.0 1247850.0 1247850.0 1247850.0 1247850.0 1247850.0 1247850.0 1247850.0 -9999 1247850.0 1247850.0 1247850.0 1247850.0 1247850.0 -9999 -9999 -9999 -9999 -9999 -9999 -9999 -9999 -9999 -9999 -9999 -9999 -9999 -9999 -9999 -9999 -9999 1247850.0 1247850.0
1272550.0 1272550.0 1272550.0 1272550.0 1272550.0 1272550.0 1272550.0 1272550.0 1272550.0 1272550.0 1272550.0 1272550.0 1272550.0 1272550.0 1272550.0 1272550.0 1272550.0 1272550.0 1272550.0 1272550.0 1272550.0 1272550.0 1272550.0 1272550.0 1272550.0 1272550.0 1272550.0 1272550.0 1272550.0 1272550.0 1272550.0 1272550.0 1272550.0 1272550.0 1272550.0 1272550.0 1272550.0 1272550.0 1272550.0 1272550.0 1272550.0 1272550.0 1272550.0 1272550.0 1272550.0 1272550.0 1272550.0 1272550.0 1272550.0 1272550.0 1272550.0 1272550.0 -9999 -9999 -9999 -9999 -9999 -9999 -9999 -9999 -9999 -9999 -9999 -9999 -9999 -9999 -9999 -9999 -9999 1272550.0 1272550.0
1297150.0 1297150.0 1297150.0 1297150.0 1297150.0 1297150.0 1297150.0 1297150.0 1297150.0 1297150.0 1297150.0 1297150.0 1297150.0 1297150.0 1297150.0 1297150.0 1297150.0 1297150.0 1297150.0 1297150.0 1297150.0 1297150.0 1297150.0 1297150.0 1297150.0 1297150.0 1297150.0 1297150.0 1297150.0 1297150.0 1297150.0 1297150.0 1297150.0 1297150.0 1297150.0 1297150.0 1297150.0 1297150.0 1297150.0 1297150.0 1297150.0 1297150.0 1297150.0 1297150.0 -9999 1297150.0 1297150.0 1297150.0 1297150.0 1297150.0 1297150.0 1297150.0 -9999 -9999 -9999 -9999 -9999 -9999 -9999 -9999 -9999 -9999 1297150.0 1297150.0 1297150.0 1297150.0 1297150.0 1297150.0 1297150.0 1297150.0 1297150.0
1321660.0 1321660.0 1321660.0 1321660.0 1321660.0 1321660.0 1321660.0 1321660.0 1321660.0 1321660.0 1321660.0 1321660.0 1321660.0 1321660.0 1321660.0 1321660.0 1321660.0 1321660.0 1321660.0 1321660.0 1321660.0 1321660.0 1321660.0 1321660.0 1321660.0 1321660.0 1321660.0 1321660.0 1321660.0 1321660.0 1321660.0 1321660.0 1321660.0 1321660.0 1321660.0 1321660.0 1321660.0 1321660.0 1321660.0 1321660.0 1321660.0 1321660.0 1321660.0 1321660.0 -9999 1321660.0 1321660.0 1321660.0 1321660.0 1321660.0 1321660.0 1321660.0 1321660.0 1321660.0 1321660.0 -9999 -9999 -9999 -9999 -9999 -9999 1321660.0 1321660.0 1321660.0 1321660.0 1321660.0 1321660.0 1321660.0 1321660.0 1321660.0 1321660.0
1009545.0 1009545.0 1009545.0 1009545.0 1009545.0 1346060.0 1346060.0 1346060.0 1346060.0 1346060.0 1346060.0 1346060.0 1346060.0 1346060.0 1346060.0 1346060.0 1346060.0 1346060.0 1346060.0 1346060.0 1346060.0 1346060.0 1346060.0 1346060.0 1346060.0 1346060.0 1346060.0 1346060.0 1346060.0 1346060.0 1346060.0 1346060.0 1346060.0 1346060.0 1346060.0 1346060.0 1346060.0 1346060.0 1346060.0 1346060.0 1346060.0 1346060.0 1346060.0 -9999 -9999 1346060.0 1346060.0 1346060.0 1346060.0 1346060.0 1346060.0 1346060.0 1346060.0 1346060.0 1346060.0 1346060.0 1346060.0 -9999 -9999 -9999 -9999 -9999 1346060.0 1346060.0 1346060.0 1346060.0 1346060.0 1346060.0 1346060.0 1346060.0 1346060.0
1027777.5 1027777.5 1027777.5 1027777.5 1027777.5 1027777.5 1027777.5 1027777.5 1370370.0 1370370.0 1370370.0 1370370.0 1370370.0 1370370.0 1370370.0 1370370.0 1370370.0 1370370.0 1370370.0 1370370.0 1370370.0 1370370.0 1370370.0 1370370.0 1370370.0 1370370.0 1370370.0 1370370.0 1370370.0 1370370.0 1370370.0 1370370.0 1370370.0 1370370.0 1370370.0 1370370.0 1370370.0 1370370.0 1370370.0 -9999 -9999 -9999 -9999 1370370.0 1370370.0 1370370.0 1370370.0 1370370.0 1370370.0 1370370.0 1370370.0 1370370.0 -9999 1370370.0 1370370.0 1370370.0 1370370.0 1370370.0 -9999 -9999 -9999 -9999 -9999 1370370.0 1370370.0 -9999 -9999 -9999 -9999 -9999 -9999
1045920.0 1045920.0 1045920.0 1045920.0 1045920.0 1045920.0 1045920.0 1045920.0 1045920.0 1045920.0 1045920.0 1045920.0 1045920.0 1045920.0 1045920.0 1045920.0 1394560.0 1394560.0 1394560.0 1394560.0 1394560.0 1394560.0 1394560.0 1394560.0 1394560.0 1394560.0 1394560.0 1394560.0 1394560.0 1394560.0 1394560.0 1394560.0 1394560.0 1394560.0 1394560.0 1394560.0 1394560.0 -9999 -9999 -9999 -9999 -9999 -9999 -9999 -9999 -9999 1394560.0 1394560.0 1394560.0 -9999 -9999 -9999 -9999 -9999 -9999 -9999 1394560.0 -9999 -9999 -9999 -9999 1394560.0 1394560.0 1394560.0 1394560.0 -9999 -9999 -9999 -9999 -9999 -9999
1063987.5 1063987.5 1063987.5 1063987.5 1063987.5 1063987.5 1063987.5 1063987.5 1063987.5 1063987.5 1063987.5 1063987.5 1063987.5 1063987.5 1063987.5 1063987.5 1063987.5 1063987.5 1063987.5 1418650.0 1418650.0 1063987.5 1063987.5 1418650.0 1418650.0 1418650.0 1418650.0 1418650.0 1418650.0 1418650.0 1418650.0 1418650.0 1418650.0 1418650.0 1418650.0 1418650.0 1418650.0 -9999 -9999 -9999 -9999 -9999 -9999 -9999 -9999 -9999 -9999 -9999 -9999 -9999 1418650.0 1418650.0 1418650.0 1418650.0 1418650.0 -9999 -9999 -9999 -9999 -9999 -9999 -9999 1418650.0 1418650.0 -9999 -9999 -9999 -9999 -9999 1418650.0 -9999
1081980.0 1081980.0 1081980.0 1081980.0 1081980.0 1081980.0 1081980.0 1081980.0 1081980.0 1081980.0 1081980.0 1081980.0 1081980.0 1081980.0 1081980.0 1081980.0 1081980.0 1081980.0 1081980.0 1081980.0 1081980.0 1081980.0 1081980.0 1081980.0 1081980.0 1442640.0 1442640.0 1442640.0 1442640.0 1442640.0 1442640.0 1442640.0 1442640.0 -9999 -9999 -9999 -9999 -9999 -9999 -9999 -9999 -9999 -9999 -9999 -9999 -9999 -9999 -9999 -9999 -9999 1442640.0 1442640.0 1442640.0 -9999 -9999 -9999 -9999 1442640.0 1442640.0 1442640.0 -9999 1442640.0 1442640.0 1442640.0 1442640.0 1442640.0 1442640.0 1442640.0 1442640.0 1442640.0 1442640.0
1099882.5 1099882.5 1099882.5 1099882.5 1099882.5 1099882.5 1099882.5 1099882.5 1099882.5 1099882.5 1099882.5 1099882.5 1099882.5 1099882.5 1099882.5 1099882.5 1099882.5 1099882.5 1099882.5 1099882.5 1099882.5 1099882.5 1099882.5 1099882.5 1099882.5 1099882.5 1466510.0 1466510.0 1466510.0 1466510.0 1466510.0 1466510.0 -9999 -9999 -9999 -9999 -9999 -9999 -9999 -9999 -9999 -9999 -9999 -9999 -9999 -9999 -9999 -9999 -9999 -9999 -9999 -9999 -9999 -9999 -9999 -9999 -9999 1466510.0 1466510.0 1466510.0 -9999 1466510.0 1466510.0 1466510.0 1466510.0 1466510.0 1466510.0 1466510.0 1466510.0 1466510.0 1466510.0
1117702.5 1117702.5 1117702.5 1117702.5 1117702.5 1117702.5 1117702.5 1117702.5 1117702.5 1117702.5 1117702.5 1117702.5 1117702.5 1117702.5 1117702.5 1117702.5 1117702.5 1117702.5 1117702.5 1117702.5 1117702.5 1117702.5 1117702.5 1117702.5 1117702.5 1117702.5 1117702.5 1490270.0 1490270.0 1490270.0 1490270.0 -9999 -9999 -9999 -9999 -9999 -9999 -9999 -9999 -9999 -9999 -9999 -9999 -9999 -9999 -9999 -9999 -9999 -9999 -9999 -9999 -9999 -9999 -9999 -9999 -9999 -9999 -9999 -9999 -9999 -9999 -9999 1490270.0 1490270.0 1490270.0 1490270.0 1490270.0 1490270.0 1490270.0 1490270.0 1490270.0
1135440.0 1135440.0 1135440.0 1135440.0 1135440.0 1135440.0 1135440.0 1135440.0 1135440.0 1135440.0 1135440.0 1135440.0 1135440.0 1135440.0 1135440.0 1135440.0 1135440.0 1135440.0 1135440.0 1135440.0 1135440.0 1135440.0 1135440.0 1135440.0 1135440.0 1135440.0 1135440.0 1135440.0 1135440.0 1135440.0 -9999 -9999 -9999 -9999 -9999 -9999 -9999 -9999 -9999 -9999 -9999 -9999 -9999 -9999 -9999 -9999 -9999 -9999 -9999 -9999 -9999 -9999 -9999 -9999 -9999 -9999 -9999 -9999 -9999 -9999 -9999 1513920.0 1513920.0 1513920.0 1513920.0 1513920.0 1513920.0 1513920.0 1513920.0 1513920.0 1513920.0
1153087.5 1153087.5 1153087.5 1153087.5 1153087.5 1153087.5 1153087.5 1153087.5 1153087.5 1153087.5 1153087.5 1153087.5 1153087.5 1153087.5 1153087.5 1153087.5 1153087.5 1153087.5 1153087.5 1153087.5 1153087.5 1153087.5 1153087.5 1153087.5 1153087.5 1153087.5 1153087.5 1153087.5 1153087.5 -9999 -9999 -9999 -9999 -9999 -9999 -9999 -9999 -9999 -9999 -9999 -9999 -9999 -9999 -9999 -9999 -9999 -9999 -9999 -9999 -9999 -9999 -9999 -9999 -9999 -9999 -9999 -9999 -9999 -9999 -9999 -9999 -9999 1537450.0 1537450.0 1537450.0 1537450.0 1537450.0 1537450.0 1537450.0 1537450.0 1537450.0
1170652.5 1170652.5 1170652.5 1170652.5 1170652.5 1170652.5 1170652.5 1170652.5 1170652.5 1170652.5 1170652.5 1170652.5 1170652.5 1170652.5 1170652.5 1170652.5 1170652.5 1170652.5 1170652.5 1170652.5 1170652.5 1170652.5 1170652.5 1170652.5 1170652.5 1170652.5 1170652.5 1170652.5 1170652.5 -9999 -9999 -9999 -9999 -9999 -9999 -9999 -9999 -9999 -9999 -9999 -9999 -9999 -9999 -9999 -9999 -9999 -9999 -9999 -9999 -9999 -9999 -9999 -9999 -9999 -9999 -9999 -9999 1560870.0 -9999 -9999 -9999 -9999 1560870.0 1560870.0 1560870.0 1560870.0 1560870.0 1560870.0 1560870.0 1560870.0 1560870.0
1188120.0 1188120.0 1188120.0 1188120.0 1188120.0 1188120.0 1188120.0 1188120.0 1188120.0 1188120.0 1188120.0 1188120.0 1188120.0 1188120.0 1188120.0 1188120.0 1188120.0 1188120.0 1188120.0 1188120.0 1188120.0 1188120.0 1188120.0 1188120.0 1188120.0 1188120.0 1188120.0 1188120.0 1188120.0 -9999 -9999 -9999 -9999 -9999 -9999 -9999 -9999 -9999 -9999 -9999 -9999 -9999 -9999 -9999 -9999 -9999 -9999 -9999 -9999 -9999 -9999 -9999 -9999 -9999 -9999 -9999 -9999 -9999 -9999 -9999 -9999 1584160.0 1584160.0 1584160.0 1584160.0 1584160.0 1584160.0 1584160.0 1584160.0 1584160.0 1584160.0
1205505.0 1205505.0 1205505.0 1205505.0 1205505.0 1205505.0 1205505.0 1205505.0 1205505.0 1205505.0 1205505.0 1205505.0 1205505.0 1205505.0 1205505.0 1205505.0 1205505.0 1205505.0 1205505.0 1205505.0 1205505.0 1205505.0 1205505.0 1205505.0 1205505.0 1205505.0 1205505.0 1205505.0 1205505.0 1205505.0 1205505.0 1205505.0 -9999 -9999 -9999 -9999 -9999 -9999 -9999 -9999 -9999 -9999 -9999 -9999 -9999 -9999 -9999 -9999 -9999 -9999 -9999 -9999 -9999 -9999 -9999 -9999 -9999 -9999 -9999 -9999 1607340.0 1607340.0 1607340.0 1607340.0 1607340.0 1607340.0 1607340.0 1607340.0 1607340.0 1607340.0 1607340.0
1222792.5 1222792.5 1222792.5 1222792.5 1222792.5 1222792.5 1222792.5 1222792.5 1222792.5 1222792.5 1222792.5 1222792.5 1222792.5 1222792.5 1222792.5 1222792.5 1222792.5 1222792.5 1222792.5 1222792.5 1222792.5 1222792.5 1222792.5 1222792.5 1222792.5 1222792.5 1222792.5 1222792.5 1222792.5 1222792.5 1222792.5 1222792.5 1222792.5 -9999 -9999 -9999 -9999 -9999 -9999 -9999 -9999 -9999 -9999 -9999 -9999 -9999 -9999 -9999 -9999 -9999 -9999 -9999 -9999 -9999 -9999 -9999 -9999 -9999 -9999 -9999 -9999 1630390.0 1630390.0 1630390.0 1630390.0 1630390.0 1630390.0 1630390.0 1630390.0 1630390.0 1630390.0
