critload/trunk/output/2010/ndep_crit_dep_tot.asc
ncols 720
nrows 360
xllcorner -180.0
yllcorner -90.0
cellsize 0.5
NODATA_value -9999.0
[rows 62 to 92 of 360, columns 420 to 489 of 720]
2009175.0 2009175.0 2009175.0 2009175.0 2009175.0 2009175.0 2009175.0 2009175.0 2009175.0 2009175.0 2009175.0 2009175.0 2009175.0 2009175.0 2009175.0 2009175.0 2009174.9999999998 2009175.0 2009175.0 2009175.0 2009175.0 2009175.0 2009175.0 2009175.0 2009175.0 2009175.0 2009174.9999999995 2009175.0 2009175.0 2009175.0 2009175.0 2009175.0 2009175.0 2009175.0 2009175.0 2009175.0 2009175.0 2009175.0 2009174.9999999998 2009174.9999999998 2009175.0 2009175.0000000002 -9999.0 -9999.0 2009175.0 -9999.0 1205505.0 1205505.0 1205505.0 1205505.0 1205505.0 1205505.0 1205505.0 1205505.0 -9999.0 1205505.0 -9999.0 -9999.0 1205505.0 1205505.0 -9999.0 1205505.0 -9999.0 1205505.0 1205505.0 -9999.0 -9999.0 -9999.0 -9999.0 1205505.0
2037987.5 2037987.5 -9999.0 2037987.5 -9999.0 2037987.5 2037987.5 2037987.5 2037987.5 2037987.5 2037987.5 2037987.5 2037987.5 2037987.5 2037987.5 2037987.5 2037987.5 -9999.0 2037987.5 2037987.5 2037987.5 2037987.5 2037987.5 2037987.5 2037987.5 2037987.5 2037987.5 2037987.5 2037987.5 2037987.5 2037987.5 2037987.5 2037987.5 2037987.4999999998 2037987.5 2037987.5 2037987.5 2037987.5 2037987.5 2037987.4999999998 2037987.5 2037987.5 2037987.4999999998 2037987.5000000002 2037987.5 1222792.5 1222792.5 1222792.5 1222792.5 1222792.5 1222792.5 1222792.5 -9999.0 1222792.5 1222792.5 1222792.5 1222792.5 -9999.0 -9999.0 1222792.5 1222792.5 1222792.5 1222792.5 1222792.5 1222792.5 1222792.5 1222792.5 1222792.5 -9999.0 1222792.5
2066650.0 2066650.0 2066650.0 2066650.0 2066650.0 2066650.0 -9999.0 2066650.0 2066650.0 2066650.0 2066650.0 2066650.0 2066650.0 2066650.0000000002 2066650.0 2066650.0 2066650.0 2066650.0 2066650.0 2066650.0 2066650.0 2066650.0 2066650.0 2066650.0 2066650.0 2066650.0 2066650.0 2066650.0 2066650.0 2066650.0 2066650.0 2066650.0 2066649.9999999995 2066650.0 2066650.0000000002 2066650.0 2066650.0 2066650.0 2066650.0 2066650.0 2066650.0 2066650.0 2066650.0000000005 2066650.0 2066650.0000000002 2066650.0 2066649.9999999998 1239990.0 1239990.0 1239990.0 1239990.0 1239990.0 1239990.0 1239990.0 1239990.0 1239990.0 1239990.0 -9999.0 1239990.0 1239990.0 1239990.0 1239990.0 1239990.0 1239990.0 1239990.0 1239990.0 1239990.0 1239990.0 1239990.0 1239990.0
2095162.5 2095162.5 2095162.5 2095162.5 2095162.5 -9999.0 2095162.5 2095162.5 2095162.5 2095162.5 2095162.5 2095162.5 2095162.5 2095162.5 2095162.5 2095162.4999999998 2095162.4999999995 2095162.5 2095162.5 2095162.4999999998 2095162.4999999998 2095162.5 2095162.5 2095162.5 2095162.5 2095162.5 2095162.5 2095162.5 2095162.5 2095162.5 2095162.5 2095162.5 2095162.4999999998 2095162.4999999998 2095162.5 2095162.5000000002 2095162.5 2095162.5 2095162.5 2095162.4999999998 2095162.5 2095162.5 2095162.5 2095162.5 2095162.4999999998 2095162.5 2095162.5 2095162.5000000002 2095162.5 2095162.5 2095162.5 1257097.5 1257097.5 1257097.5 1257097.5 1257097.5 1257097.5 1257097.5 1257097.5 1257097.5 1257097.5 1257097.5 1257097.5 1257097.5 1257097.5 1257097.5 1257097.5 1257097.5000000002 1257097.5 1257097.5
2123500.0 2123500.0 2123500.0 2123500.0 2123500.0 2123500.0 2123500.0 2123500.0 2123500.0 2123500.0 2123500.0 2123500.0 2123500.0 2123500.0 2123500.0 2123500.0 2123500.0 2123500.0 2123500.0 2123500.0 2123500.0 2123500.0 2123500.0 2123500.0 2123500.0 2123500.0 2123500.0 2123500.0 2123500.0 2123500.0 2123500.0 2123500.0 2123500.0 2123500.0 2123500.0 2123500.0 2123500.0 2123500.0 2123500.0 2123500.0 2123500.0 2123500.0 2123500.0 2123500.0 2123500.0 2123500.0 2123500.0 2123500.0 2123500.0 2123500.0 2123500.0 2123500.0 1274100.0 1274100.0 1274100.0 1274100.0 1274100.0 1274100.0 1274100.0 1274100.0 1274100.0 1274100.0 1274100.0 1274100.0 1274100.0 1274100.0 1274100.0 1274100.0 1274100.0 1274100.0
2151687.5 2151687.5 2151687.5 2151687.5 2151687.5 2151687.5 2151687.5 2151687.5 2151687.5 2151687.5 2151687.5 2151687.5 2151687.5 2151687.5 2151687.5 2151687.5 2151687.5 2151687.5 2151687.5 2151687.5 2151687.5 2151687.5 2151687.5 2151687.5 2151687.5 2151687.5 2151687.5 2151687.5 2151687.5 2151687.5 2151687.5 2151687.5 2151687.5 2151687.5 2151687.5 2151687.5 2151687.5 2151687.5 2151687.5 2151687.5 2151687.5 2151687.5 2151687.5 2151687.5 2151687.5 2151687.5 2151687.5000000005 2151687.5 2151687.5 2151687.5 2151687.5 2151687.5 2151687.5 1291012.5 1291012.5 1291012.5 1291012.5 1291012.5 1291012.5 -9999.0 1291012.5 1291012.5 1291012.5 1291012.5 1291012.5 1291012.5 1291012.5 1291012.5 1291012.5 1291012.5
2179712.5 2179712.5 2179712.5 2179712.5 2179712.5 2179712.5 2179712.5 2179712.5 2179712.5 2179712.5 2179712.5 2179712.5 2179712.5 2179712.5 2179712.5 2179712.5 2179712.5 2179712.5 2179712.5 2179712.5 2179712.5 2179712.5 2179712.5 2179712.5 2179712.5 2179712.5 2179712.5 2179712.5 2179712.5 2179712.5 2179712.5 2179712.5 2179712.5 2179712.5 2179712.5 2179712.5 2179712.5 2179712.5 2179712.5 2179712.5 2179712.5 2179712.5 2179712.5 2179712.5 2179712.5 2179712.5 2179712.5 2179712.5 2179712.5 2179712.5 2179712.5 2179712.5 2179712.5 1307827.5 -9999.0 1307827.5 1307827.5 1307827.5 1307827.5 1307827.5 -9999.0 1307827.5 1307827.5 1307827.5 1307827.5 1307827.5 1307827.5 1307827.5 1307827.5 1307827.5
2207562.5 2207562.5 2207562.5 2207562.5 2207562.5 2207562.5 2207562.5 2207562.5 2207562.5 2207562.5 2207562.5 2207562.5 2207562.5 2207562.5 2207562.5 2207562.5 2207562.5 2207562.5 2207562.5 2207562.5 2207562.5 2207562.5 2207562.5 2207562.5 2207562.5 2207562.5 2207562.5 2207562.5 2207562.5 2207562.5 2207562.4999999995 2207562.5 2207562.5 2207562.5 2207562.5 2207562.5 2207562.5 2207562.5 2207562.5 2207562.5 2207562.5 2207562.5 2207562.5 2207562.5 2207562.5 2207562.5 2207562.5 2207562.5 2207562.5 2207562.5 2207562.5 2207562.5 2207562.5 2207562.5 1324537.5 1324537.5 1324537.5 1324537.5 1324537.5 1324537.5 1324537.5 1324537.5 1324537.5 1324537.4999999998 1324537.5 1324537.5 1324537.5 1324537.5 1324537.5 1324537.5
2235250.0 2235250.0 2235250.0 2235250.0 2235250.0 2235250.0 2235250.0 2235250.0 2235250.0 2235250.0 2235250.0 2235250.0 2235250.0 2235250.0 2235250.0 2235250.0 2235250.0 2235250.0 2235250.0 2235250.0 2235250.0 2235250.0 2235250.0 2235250.0 2235250.0 2235250.0 2235250.0 2235250.0 2235250.0 2235250.0 2235250.0 2235250.0 2235250.0 2235250.0 2235250.0 2235250.0 2235250.0 2235250.0 2235250.0 2235250.0 2235250.0 2235250.0 2235250.0 2235250.0 2235250.0 2235250.0 2235250.0 2235250.0 2235250.0 2235250.0 2235250.0 2235250.0 2235250.0 2235250.0 1341150.0 1341150.0 1341150.0 1341150.0 1341150.0 1341150.0 1341150.0 1341150.0 1341150.0 1341150.0 1341150.0 1341150.0 1341150.0 1341150.0 1341150.0 1341150.0
2262762.4999999995 2262762.5 2262762.5 2262762.5 2262762.5 2262762.5 2262762.5 2262762.5 2262762.5 2262762.5 2262762.5 2262762.5 2262762.5 2262762.5 2262762.5 2262762.5 2262762.5 2262762.5 2262762.5 2262762.5 2262762.5 2262762.5 2262762.5 2262762.5 2262762.5 2262762.5 2262762.5 2262762.5 2262762.5 2262762.5 2262762.5 2262762.5 2262762.5 2262762.5 2262762.5 2262762.5 2262762.5 2262762.5 2262762.5 2262762.5 2262762.5 2262762.5 2262762.5 2262762.5 2262762.5 2262762.5 2262762.5 2262762.5 1357657.5 2262762.5 2262762.5 2262762.5 2262762.5 1357657.5 -9999.0 1357657.5 -9999.0 1357657.5 1357657.5 1357657.5 1357657.5 1357657.5 1357657.5 1357657.5 1357657.5 3167867.5000000005 3167867.5 3167867.5 3167867.4999999995 3167867.5
2290100.0 2290100.0 2290100.0 2290100.0000000005 2290100.0000000005 2290100.0 2290100.0 2290100.0 2290100.0 2290100.0 2290100.0 2290100.0 2290100.0 2290100.0 2290100.0 2290100.0 2290100.0 2290100.0 2290100.0 2290100.0 2290100.0 2290100.0 2290100.0 2290100.0 2290100.0 2290100.0 2290100.0 2290100.0 2290100.0 2290100.0 2290100.0 2290100.0 2290100.0 2290100.0 2290100.0 2290100.0 2290100.0 2290100.0 2290100.0 2290100.0 2290100.0 2290100.0 2290100.0 2290100.0 2290100.0 2290100.0 2290100.0 2290100.0 1374060.0 2290100.0 2290100.0 2290100.0 2290100.0 1374060.0 1374060.0 1374060.0 1374060.0 1374060.0 1374060.0 1374060.0 1374060.0 1374060.0 2290100.0 3206140.0 3206140.0 3206140.0 3206140.0000000005 3206140.0 3206140.0000000005 3206140.0
2317275.0 2317275.0 2317275.0 2317274.9999999995 2317275.0 2317275.0 2317275.0 2317275.0 2317275.0 2317275.0 2317275.0 2317275.0 2317275.0 2317275.0 2317275.0 2317275.0 2317275.0 2317275.0 2317275.0 2317275.0 2317275.0 2317275.0 2317275.0 2317275.0 2317275.0 2317275.0 2317275.0 2317275.0 2317275.0 2317275.0 2317275.0 2317275.0000000005 2317275.0 2317275.0 2317275.0 2317275.0 2317275.0 2317275.0 -9999.0 2317275.0 2317275.0 2317275.0 2317275.0 2317274.9999999995 2317275.0 2317275.0 2317275.0 2317275.0 2317275.0 1390365.0 1390365.0 2317275.0 1390365.0 1390365.0 1390365.0 1390365.0 1390365.0 1390365.0 2317275.0 3244185.0 3244185.0 3244185.0 3244185.0000000005 3244185.0 3244185.0 3244184.9999999995 3244185.0000000005 3244185.0 3244185.0 3244185.0
2344262.5 2344262.5 2344262.5 2344262.5 2344262.5 2344262.5 2344262.5 2344262.5 2344262.5 2344262.5 2344262.5 2344262.5 2344262.5 2344262.5 2344262.5 2344262.5 2344262.5 2344262.5 2344262.5 2344262.5 2344262.5 2344262.5 2344262.5 2344262.5 2344262.5 2344262.5 2344262.5 2344262.5 2344262.5 2344262.5 2344262.5 2344262.5 2344262.5 2344262.5 2344262.5 2344262.5 2344262.5 2344262.5 2344262.5 2344262.5 2344262.5 2344262.5 2344262.5 2344262.5 2344262.5 2344262.5 2344262.5 2344262.5 1406557.5 1406557.5 1406557.5 1406557.5 1406557.5 1406557.5 1406557.5 -9999.0 1406557.5 3281967.5 3281967.5 3281967.5 3281967.5 3281967.5 3281967.4999999995 3281967.5000000005 3281967.5 3281967.5 3281967.5 3281967.5 -9999.0 -9999.0
2371075.0 2371075.0 2371074.9999999995 2371075.0 2371075.0 2371075.0 2371075.0 2371075.0 2371075.0 2371075.0 2371075.0 2371075.0 2371075.0 2371075.0 2371075.0 2371075.0 2371075.0 2371075.0 2371075.0 2371075.0 2371075.0 2371075.0 2371075.0 2371075.0 2371075.0 2371075.0 2371075.0 2371075.0 2371075.0 2371075.0 2371075.0 2371075.0 2371075.0 2371075.0 2371075.0 2371075.0 3319505.0 3319505.0 3319505.0 3319505.0 3319505.0 3319505.0 2371075.0 2371075.0 2371075.0 2371075.0 2371074.9999999995 2371075.0 1422645.0 1422645.0 2371075.0 3319505.0 2371075.0 2371075.0 3319505.0 3319505.0 3319504.9999999995 3319505.0 3319505.0 3319505.0 3319505.0 3319505.0 3319505.0 3319505.0 3319505.0000000005 -9999.0 -9999.0 -9999.0 -9999.0 -9999.0
2397712.5 2397712.5 2397712.5 2397712.5 2397712.5 2397712.5 2397712.5 2397712.5 2397712.5 2397712.5 2397712.5 2397712.5 2397712.5 2397712.5 2397712.5 2397712.5 2397712.5 2397712.5 2397712.5 2397712.5 2397712.5 2397712.5 2397712.5 2397712.5 2397712.5 2397712.5 2397712.5 2397712.5 2397712.5 2397712.5 2397712.5 2397712.5 3356797.5 3356797.5 3356797.5 3356797.5 3356797.5 3356797.5 3356797.5 3356797.5 3356797.5 3356797.5 3356797.5 3356797.5 3356797.5 3356797.5 3356797.5 3356797.4999999995 3356797.5 3356797.5 3356797.5 3356797.5 3356797.5 3356797.5 3356797.4999999995 3356797.5 3356797.5 3356797.5 3356797.5 3356797.4999999995 3356797.5 3356797.5 -9999.0 -9999.0 -9999.0 -9999.0 -9999.0 -9999.0 -9999.0 -9999.0
-9999.0 2424162.5 2424162.5 2424162.5 2424162.5 2424162.5 2424162.5 2424162.5 2424162.5 2424162.5 2424162.5 2424162.5 2424162.5 2424162.5 2424162.5 2424162.5 2424162.5 2424162.5 2424162.5 2424162.5 3393827.5 3393827.5 3393827.5 3393827.5 3393827.5 3393827.5 3393827.5 3393827.5 3393827.4999999995 3393827.5 3393827.5 3393827.5 3393827.5 3393827.5 3393827.5 3393827.5 3393827.5 3393827.5 -9999.0 3393827.5 -9999.0 -9999.0 3393827.5 -9999.0 -9999.0 3393827.5 3393827.5 3393827.5000000005 3393827.5 3393827.5 3393827.5 3393827.5 3393827.5 3393827.5 3393827.5 3393827.5 3393827.500000001 3393827.5 3393827.5 3393827.5 3393827.5000000005 3393827.5 3393827.5 3393827.5 -9999.0 -9999.0 -9999.0 -9999.0 -9999.0 -9999.0
2450425.0 2450425.0 2450425.0 2450425.0 2450425.0 2450425.0 2450425.0 2450425.0 2450425.0 2450425.0 2450425.0 2450425.0 2450425.0 2450425.0 2450425.0 2450425.0 2450425.0 2450425.0 2450425.0 2450425.0 3430595.0 3430595.0 3430594.9999999995 3430595.0 3430595.0 3430595.0 3430595.0 3430595.0000000005 3430595.0 3430595.0 3430594.9999999995 3430595.0 3430595.0 3430595.0 3430595.0 3430595.0 3430595.000000001 3430595.0 -9999.0 -9999.0 -9999.0 3430595.0000000005 3430595.0 -9999.0 -9999.0 -9999.0 -9999.0 -9999.0 3430595.0 3430595.0 3430595.0 3430595.0 3430594.9999999995 -9999.0 3430595.0 3430595.0000000005 3430595.0 3430594.9999999995 3430595.0 -9999.0 3430595.0000000005 3430595.0 3430595.0 -9999.0 -9999.0 -9999.0 -9999.0 -9999.0 -9999.0 -9999.0
2476512.5 2476512.5 2476512.5 2476512.5 2476512.5 2476512.5 2476512.5 2476512.5 2476512.5 2476512.5 2476512.5 2476512.5 2476512.5 2476512.5 2476512.5 2476512.5 2476512.5 2476512.5 2476512.5 3467117.5 3467117.4999999995 3467117.5 3467117.4999999995 3467117.5 3467117.5 3467117.5 3467117.5 3467117.5 3467117.5 3467117.5 3467117.5 3467117.5 3467117.5 3467117.5 3467117.5 3467117.5 3467117.5 3467117.5 -9999.0 -9999.0 -9999.0 3467117.5 3467117.5 -9999.0 -9999.0 -9999.0 -9999.0 -9999.0 -9999.0 -9999.0 -9999.0 -9999.0 -9999.0 -9999.0 3467117.5 3467117.4999999995 -9999.0 -9999.0 -9999.0 -9999.0 -9999.0 -9999.0 -9999.0 -9999.0 -9999.0 -9999.0 -9999.0 -9999.0 -9999.0 -9999.0
2502400.0 2502400.0 2502400.0 2502400.0 2502400.0 2502400.0 2502400.0 2502400.0 2502400.0 2502400.0 2502400.0 2502400.0 -9999.0 2502400.0 -9999.0 -9999.0 -9999.0 -9999.0 -9999.0 2502400.0 3503360.0 3503360.0 3503360.0 3503360.0 3503359.9999999995 3503359.9999999995 3503360.0 3503359.9999999995 3503360.0 3503360.0 3503360.0 3503360.0 3503360.0 3503360.0 3503359.9999999995 -9999.0 3503360.0 3503360.0000000005 -9999.0 -9999.0 -9999.0 -9999.0 -9999.0 -9999.0 -9999.0 -9999.0 -9999.0 -9999.0 -9999.0 -9999.0 -9999.0 -9999.0 -9999.0 -9999.0 -9999.0 -9999.0 -9999.0 -9999.0 -9999.0 -9999.0 -9999.0 -9999.0 -9999.0 -9999.0 -9999.0 -9999.0 3503360.0 3503360.0 -9999.0 -9999.0
2528100.0 2528100.0 2528100.0 2528100.0 2528100.0 2528100.0 -9999.0 2528100.0 2528100.0 2528100.0 2528100.0 2528100.0 2528100.0 -9999.0 -9999.0 -9999.0 -9999.0 -9999.0 -9999.0 2528100.0 3539340.0 3539340.0 -9999.0 3539340.0 3539340.0 3539340.0 3539339.999999999 3539340.0 3539339.9999999995 3539340.0 3539340.0 3539340.0 3539339.9999999995 3539339.9999999995 3539340.0000000005 -9999.0 -9999.0 -9999.0 -9999.0 -9999.0 -9999.0 -9999.0 -9999.0 -9999.0 -9999.0 -9999.0 -9999.0 -9999.0 -9999.0 -9999.0 -9999.0 -9999.0 -9999.0 -9999.0 -9999.0 -9999.0 -9999.0 -9999.0 -9999.0 3539340.0 -9999.0 -9999.0 -9999.0 -9999.0 -9999.0 3539340.0000000005 -9999.0 -9999.0 -9999.0 -9999.0
2553600.0 2553600.0 2553600.0 2553600.0 2553600.0 2553600.0 -9999.0 2553600.0 -9999.0 2553600.0 2553600.0 2553600.0 -9999.0 -9999.0 2553600.0 2553600.0 -9999.0 3575040.0 3575040.0 3575040.0 3575040.0 3575040.0 3575040.0 3575040.0 3575040.0 3575040.0 3575040.0 3575040.0 3575040.0 -9999.0 3575040.0 3575040.0 3575039.9999999995 3575040.0 -9999.0 -9999.0 -9999.0 -9999.0 -9999.0 -9999.0 -9999.0 -9999.0 -9999.0 3575040.0000000005 -9999.0 -9999.0 -9999.0 -9999.0 -9999.0 -9999.0 -9999.0 -9999.0 -9999.0 -9999.0 -9999.0 -9999.0 -9999.0 -9999.0 -9999.0 -9999.0 -9999.0 -9999.0 -9999.0 3575040.0 -9999.0 -9999.0 -9999.0 -9999.0 -9999.0 -9999.0
2578912.5 2578912.5 2578912.5 2578912.5 2578912.5 2578912.5 -9999.0 -9999.0 -9999.0 3610477.5 2578912.5 2578912.5 2578912.5 2578912.5 2578912.5 2578912.5 -9999.0 -9999.0 -9999.0 3610477.5 2578912.5 3610477.5 3610477.5 3610477.5 3610477.5 3610477.5 3610477.5 3610477.5 3610477.5 3610477.5 3610477.5 3610477.5 3610477.5 3610477.500000001 -9999.0 -9999.0 -9999.0 -9999.0 -9999.0 -9999.0 -9999.0 -9999.0 3610477.4999999995 3610477.5 -9999.0 -9999.0 -9999.0 -9999.0 -9999.0 -9999.0 -9999.0 -9999.0 -9999.0 -9999.0 -9999.0 -9999.0 -9999.0 -9999.0 -9999.0 -9999.0 -9999.0 -9999.0 -9999.0 -9999.0 -9999.0 -9999.0 -9999.0 -9999.0 -9999.0 -9999.0
2604037.5 3645652.5 3645652.5 2604037.5 -9999.0 3645652.5 3645652.5 3645652.5000000005 3645652.5 -9999.0 3645652.5 2604037.5 2604037.5 2604037.5 2604037.5 3645652.5 3645652.5 2604037.5 3645652.5 3645652.4999999995 3645652.4999999995 3645652.5 3645652.5 3645652.5 -9999.0 3645652.5 3645652.5 3645652.5 3645652.5 3645652.5 3645652.5 3645652.5 3645652.5 3645652.5 3645652.5 -9999.0 -9999.0 -9999.0 -9999.0 -9999.0 -9999.0 -9999.0 -9999.0 3645652.5 -9999.0 -9999.0 -9999.0 -9999.0 -9999.0 -9999.0 -9999.0 -9999.0 -9999.0 -9999.0 -9999.0 -9999.0 -9999.0 -9999.0 -9999.0 3645652.5 -9999.0 -9999.0 -9999.0 -9999.0 -9999.0 -9999.0 -9999.0 -9999.0 -9999.0 -9999.0
3680530.0 3680530.0 3680530.0 3680530.0 3680530.0 3680530.0 3680530.0 3680530.0000000005 3680530.0 3680529.9999999995 3680530.0 3680530.0 2628950.0 3680530.0 3680530.0 3680530.0 3680530.0 3680529.9999999995 3680530.0 3680530.0 3680529.999999999 3680530.0 3680530.0 3680530.0 3680530.0 3680530.0 3680530.0 3680530.0 3680530.0 3680530.0 3680530.0 3680530.0 -9999.0 3680530.0 3680530.0000000005 3680530.0 -9999.0 -9999.0 -9999.0 -9999.0 -9999.0 -9999.0 -9999.0 3680530.0 -9999.0 -9999.0 -9999.0 -9999.0 -9999.0 -9999.0 -9999.0 -9999.0 -9999.0 -9999.0 -9999.0 -9999.0 -9999.0 -9999.0 -9999.0 -9999.0 -9999.0 -9999.0 -9999.0 -9999.0 -9999.0 -9999.0 -9999.0 -9999.0 -9999.0 -9999.0
-9999.0 -9999.0 3715145.0 -9999.0 3715145.0 3715145.0 3715145.0 -9999.0 -9999.0 3715144.9999999995 3715145.0 3715144.999999999 -9999.0 -9999.0 2653675.0 2653675.0 3715145.0 3715144.9999999995 2653675.0 3715145.0 3715145.0 3715144.9999999995 3715145.0 3715145.0 3715145.0 3715145.0000000005 3715145.0000000005 3715145.0 3715145.0 3715145.0 3715145.0 3715145.0000000005 3715145.0 -9999.0 3715145.0 3715145.0 3715145.0 3715145.0000000005 -9999.0 -9999.0 -9999.0 -9999.0 -9999 -9999.0 -9999.0 -9999 -9999.0 -9999.0 -9999.0 -9999.0 -9999.0 -9999.0 -9999.0 -9999.0 -9999.0 -9999.0 -9999.0 -9999.0 -9999.0 -9999.0 -9999.0 -9999.0 -9999.0 -9999.0 -9999.0 -9999.0 -9999.0 -9999.0 -9999.0 -9999.0
3749462.4999999995 3749462.5 -9999 -9999.0 2678187.5 3749462.5 3749462.5 3749462.5 3749462.5 3749462.5 2678187.5 2678187.5 -9999 -9999 -9999 2678187.5 2678187.5 2678187.5 2678187.5 2678187.5 2678187.5 3749462.5 3749462.5 3749462.4999999995 3749462.5 3749462.5 3749462.5 3749462.5 3749462.5 3749462.5 3749462.5 3749462.500000001 3749462.5 -9999.0 -9999.0 3749462.5 3749462.4999999995 3749462.500000001 -9999.0 -9999 -9999 -9999 -9999 -9999 -9999 -9999 -9999.0 -9999.0 -9999.0 -9999.0 -9999.0 -9999.0 -9999.0 -9999.0 -9999.0 -9999.0 -9999.0 -9999.0 -9999.0 -9999.0 -9999.0 -9999.0 -9999.0 -9999.0 -9999.0 -9999.0 -9999.0 -9999.0 -9999.0 -9999.0
2702500.0 -9999 -9999 -9999 -9999 -9999.0 3783500.0 3783500.0 3783500.0 3783500.0 -9999.0 -9999 -9999 -9999 -9999 2702500.0 2702500.0000000005 2702500.0 2702500.0 2702500.0 2702500.0 2702500.0 3783500.0 3783500.0 3783500.0 3783500.0000000005 3783500.0 3783500.0 3783499.9999999995 3783500.0 3783500.0000000005 3783500.0000000005 3783500.0 -9999.0 3783500.0000000005 3783500.0000000005 3783499.999999999 -9999.0 -9999 -9999 -9999 -9999 -9999 -9999 -9999 -9999.0 -9999.0 -9999.0 -9999.0 -9999.0 -9999.0 -9999.0 -9999.0 -9999.0 -9999.0 -9999.0 -9999.0 -9999.0 -9999.0 -9999.0 -9999 -9999.0 1081000.0 1081000.0 1081000.0 -9999.0 -9999.0 -9999.0 -9999.0 -9999.0
-9999 -9999 -9999 -9999 -9999 -9999.0 2726600.0 3817240.0 3817240.0 3817239.9999999995 3817240.0000000005 3817239.999999999 -9999.0 3817240.0 2726600.0 2726600.0 2726600.0 2726600.0 2726600.0 2726600.0 2726600.0 2726600.0 2726600.0 2726600.0 2726600.0000000005 2726600.0 3817240.0 3817240.0 3817240.0 3817240.0 3817240.0 3817240.0000000005 3817240.0 3817240.0000000005 3817240.0 -9999 -9999 -9999 -9999 -9999 -9999 -9999 -9999.0 -9999.0 -9999.0 -9999.0 -9999.0 -9999.0 -9999.0 -9999.0 -9999.0 -9999.0 -9999.0 -9999.0 -9999.0 -9999.0 -9999.0 -9999.0 -9999 -9999 -9999 -9999 -9999.0 1090640.0 -9999.0 -9999.0 -9999.0 1090640.0 1090640.0 1090640.0
-9999 -9999 -9999 -9999 -9999 -9999 -9999.0 3850700.0 -9999.0 -9999.0 -9999.0 -9999 -9999 -9999 2750500.0 2750500.0 2750500.0 2750500.0 2750500.0 2750500.0000000005 2750500.0 2750500.0 2750500.0 2750500.0 2750500.0 2750500.0 2750500.0 3850700.0 3850700.0 3850699.9999999995 3850700.0 3850700.0 3850700.0 3850699.9999999995 -9999.0 -9999 -9999 -9999 -9999 -9999 -9999.0 -9999.0 -9999.0 -9999.0 -9999.0 -9999.0 -9999.0 -9999.0 -9999.0 -9999.0 -9999.0 -9999.0 -9999.0 -9999.0 -9999.0 -9999.0 -9999.0 -9999 -9999.0 -9999 -9999 -9999 -9999.0 -9999.0 -9999.0 -9999.0 -9999.0 1100200.0 1100200.0 1100200.0
-9999 -9999 -9999 -9999 -9999 -9999 -9999 -9999.0 -9999.0 -9999 -9999 -9999 -9999 -9999 -9999 -9999 2774187.5 2774187.5 2774187.5 2774187.5 2774187.5 2774187.5 2774187.5000000005 2774187.5 2774187.5 2774187.5 2774187.5 2774187.5 2774187.5 3883862.5 3883862.4999999995 3883862.5 3883862.5 3883862.4999999995 -9999.0 -9999 -9999 -9999 -9999 -9999 3883862.5 -9999.0 -9999.0 -9999.0 -9999.0 -9999.0 -9999.0 -9999.0 -9999.0 -9999.0 -9999.0 -9999.0 -9999.0 -9999.0 -9999.0 -9999.0 -9999.0 -9999 -9999 -9999 -9999 -9999.0 -9999.0 -9999.0 -9999.0 -9999.0 -9999.0 -9999.0 -9999.0 -9999.0
-9999 -9999 -9999 -9999 -9999 -9999 -9999 -9999 -9999 -9999 -9999 -9999 -9999 -9999 -9999 -9999 -9999 -9999 -9999.0 2797675.0 1678605.0 1678605.0 1678605.0 2797675.0 1678605.0 1678605.0 2797675.0 2797675.0 2797675.0 2797675.0 3916745.0 3916745.0 3916745.0 3916745.0 3916745.0 -9999.0 -9999 -9999 -9999 -9999 -9999 -9999 -9999.0 -9999.0 -9999.0 -9999.0 -9999.0 -9999.0 -9999.0 -9999.0 -9999.0 -9999.0 -9999.0 -9999.0 -9999.0 -9999.0 -9999.0 -9999.0 -9999.0 -9999.0 -9999.0 -9999.0 -9999.0 -9999.0 -9999.0 -9999.0 -9999.0 -9999.0 -9999.0 -9999.0
