critload/trunk/output/2010/ndep_crit_sw_tot.asc
ncols 720
nrows 360
xllcorner -180
yllcorner -90
cellsize 0.5
NODATA_value -9999
[rows 112 to 139 of 360, columns 496 to 557 of 720]
449510.0507204388 2118669.3900090223 2857278.488736815 2887155.1426797817 1367780.7785773403 0.0 917162.2512981987 0.0 0.0 0.0 0.0 0.0 2497218.0650911573 158112.37044198718 0.0 2439076.358597368 -9999 -9999 -9999 2008224.1837596497 -9999 -9999 -9999 -9999 1372325.130572196 1318324.8429817467 -9999 -9999 -9999 3834713.9447665797 1975279.4823637246 3241774.814028642 2933913.184861456 3457807.148046799 4511154.401985991 -9999 -9999 10744926.238026127 -9999 -9999 -9999 -9999 -9999 -9999 -9999 -9999 -9999 0.0 266040.22248190327 1049516.1919582563 -9999 -9999 -9999 -9999 -9999 -9999 -9999 -9999 0.0 -9999 0.0 -9999
0.0 2894310.0560734165 3824082.366275724 1487925.836017632 936278.9037662315 2561604.9179301066 5506775.432233664 0.0 12453920.118176555 4281718.126823049 0.0 0.0 2922445.7321550404 3425226.041134354 1874818.0721724848 1545237.8710677905 2281654.0051390673 4163873.42317335 -9999 -9999 -9999 -9999 -9999 1499025.3939472446 1278032.4269641677 1521766.9705359698 1986112.203599511 3900942.7290493576 2975600.2822416537 4223024.131626672 6342532.525103346 2592496.3750198577 368769.81841719686 5018830.663043176 7797078.203695053 8530676.71015421 8769451.67714294 5645001.3004713785 -9999 -9999 -9999 -9999 -9999 -9999 -9999 -9999 -9999 -9999 -9999 -9999 -9999 -9999 -9999 -9999 -9999 -9999 0.0 1239941.076699561 0.0 660719.9852747443 2145424.7402818687 -9999
4172385.112582371 4994564.034329084 1347114.8939819352 -9999 1719732.521404215 0.0 0.0 921725.8015329677 4613222.715930993 0.0 0.0 0.0 0.0 0.0 4460120.295769198 4087893.244979043 3452717.103306234 3159035.908097099 4600457.122477276 -9999 -9999 -9999 2124715.560105562 2332153.065061379 1766525.2825991102 -9999 -9999 1617642.1127968107 2750388.1667984845 6505354.2262373995 6347482.278683956 4779274.933303696 4797586.121195707 4182085.986261419 5610947.287197516 5494801.818554462 7970025.137615644 11284713.644410437 4309475.037043734 -9999 6018125.020550374 3571025.03136247 11004018.72107759 -9999 3078011.2262031394 4503751.406171649 10652513.522136053 -9999 -9999 -9999 -9999 -9999 -9999 3883422.7867848887 -9999 -9999 0.0 -9999 -9999 4653191.450433034 -9999 14697354.082197286
6645846.395317252 1624401.6926496015 2491892.7004327616 598583.4235157975 887182.7438694545 2726748.4084863206 0.0 1153610.9452244886 0.0 0.0 83522661.1527758 0.0 0.0 0.0 0.0 1302646.4986440488 2448822.342922492 3555251.4912293786 3881476.078454753 5341380.708371938 -9999 4152465.458372645 3595245.405142336 2251079.7669097045 1820705.0141171971 2343962.6188661484 2349779.000788558 3226197.660102263 2841519.5849444903 5084494.918126262 5684691.8696515225 2702707.8987720916 7005043.13195026 5421971.643122758 6859699.9806799 10781161.096296553 9583522.923276639 8717385.357820278 8085316.88452664 8171744.403257464 9513868.755266001 8764051.087498203 4795287.671160267 1723341.3673012783 4781073.176870067 1476045.3229028184 1868273.5018913015 1042211.0366757688 0.0 950503.4934080553 -9999 866854.6560102359 -9999 2559683.0265342183 1486330.6300073597 846544.5406316984 0.0 0.0 1557547.630916075 2083351.9314642553 -9999 -9999
3789134.2555050068 3513761.123429721 -9999 -9999 6363770.627358795 0.0 0.0 -9999 0.0 0.0 0.0 0.0 0.0 0.0 0.0 0.0 1401784.433487189 4817398.588947406 3262957.010589547 4204993.7187565565 3058413.6331778187 5923917.382894391 6077809.354834733 6774216.351801188 4353637.335109286 -9999 6648316.20102489 5001917.887823759 8687956.984353248 -9999 8532628.673289027 10700952.95614947 7098295.543725587 8005888.929780031 12233932.295313522 8144602.072948124 6351015.450295865 10640427.416536147 8464587.263380013 8126161.291153088 6337832.613797436 6719838.074548475 7000834.278678233 6881899.846520424 6528662.597365396 1651166.33876236 2943787.38632586 1698617.622983875 3261922.0723096044 2309762.7906937636 1737485.9447509004 229775.45017551584 2221390.050279994 3047557.441439482 5432172.12685695 -9999 509224.65475203143 3133927.020879601 9180102.184651092 -9999 1189781.5968173528 0.0
-9999 -9999 5006223.276390646 -9999 1888411.8942036803 0.0 551382.5111227223 866741.6701988735 0.0 0.0 0.0 0.0 0.0 0.0 0.0 0.0 0.0 4638657.308427661 3683775.409956781 2921937.803772155 1726964.9594083899 5560177.1110550845 2498679.8116071397 5219415.6221960075 3590941.210031089 7589459.132263904 -9999 -9999 -9999 2551989.6190676945 7201160.117017431 -9999 7656521.985862641 10485426.052606551 9285898.727381926 9480379.641085785 12294254.20851414 6323755.00738753 7194733.208392313 13157905.757293336 12704137.292359525 8981148.99510608 6331320.973710939 6276039.313759065 4976321.635311837 2442431.921527307 3320582.806930021 2259430.529823127 2146176.210264058 5232444.374615435 4075972.3115692358 3452463.111460907 2944495.4104657136 5018587.279272913 2311324.1512881634 -9999 -9999 603837.3734377583 -9999 -9999 2012209.2264861448 0.0
690907.1050255884 1286797.5957752299 3333898.738548632 5052236.793166725 2321267.9723379286 1205999.76877623 475990.7467619157 0.0 0.0 0.0 0.0 0.0 0.0 0.0 0.0 0.0 0.0 0.0 5517459.640396803 6149841.113201226 5145136.753648733 6996834.801745423 6406393.3831155505 3631532.936376276 5861353.545070437 4871931.493581068 7877620.418308845 5225073.095496146 -9999 -9999 -9999 9114472.939415872 7694838.883642932 12588180.832342416 10531139.753049372 7106215.854020428 7812531.263590119 7447645.962379916 7831770.585767687 8963799.463592757 7033434.862352418 9260476.070408799 6587107.3331294395 7101482.844315933 3968338.0867339894 1286108.2493451098 2554625.631056464 4121586.647257921 4362790.662992875 4488385.216909258 4431788.75698392 -9999 6268481.958810294 5619110.033456021 2865498.5091439933 -9999 -9999 -9999 1973855.5738655124 1641003.9359201936 3084333.3429241693 6949201.080285961
-9999 3418794.953978978 3828364.4485897995 1590698.922567271 -9999 0.0 1474211.1186457674 0.0 0.0 0.0 0.0 0.0 0.0 0.0 0.0 0.0 0.0 0.0 0.0 0.0 3867846.7157066846 7798740.037312957 4802190.65068694 6118378.448984719 4358208.88093284 -9999 -9999 -9999 -9999 5009977.33033647 4438424.117216891 -9999 -9999 -9999 -9999 -9999 6765553.811846548 9799064.784945244 -9999 -9999 -9999 9654017.320587724 9309552.014444098 -9999 8342588.795938476 4889547.476226939 3386575.2745900936 3963365.130447452 9106347.075343098 6488873.185293943 4946392.434495289 5654053.964361778 7334735.421806996 7080890.39110568 3706417.172072293 -9999 -9999 9353420.008720914 6329556.875296515 8901838.421750804 2070779.703866853 3092347.6884245165
1123724.3633313149 -9999 4886521.504758726 5433472.606239362 2552824.1513403505 0.0 0.0 0.0 0.0 0.0 0.0 1171530.4738923348 0.0 30000595.782804243 0.0 0.0 0.0 0.0 0.0 0.0 0.0 5896893.447084388 8160210.271506728 7749616.988564475 4386132.744140038 3309067.931611125 6052166.279060418 5009184.190757193 -9999 -9999 -9999 -9999 16832602.622748718 -9999 14806671.351064702 14236058.365166167 14793019.342994306 15468796.169572657 -9999 -9999 13120199.381683473 9228718.845563652 8045408.753080766 7216429.263661362 8977469.252857165 5541448.258894467 4326154.045938347 5969536.086814524 11440910.168334574 -9999 9464211.05563776 6975259.331893497 10428337.12198111 11008269.6102196 5021938.326814286 -9999 -9999 9644425.237134833 13422684.431744589 7414590.840880171 -9999 6636443.797934265
4538140.348994218 -9999 -9999 -9999 2749250.9020351497 0.0 0.0 0.0 486255.8155161315 637802.933334075 1650374.5032978146 3011386.0771871344 3775062.0728991604 0.0 0.0 0.0 31796753.45540707 0.0 0.0 0.0 0.0 0.0 4916081.2102161925 8137486.822330659 7510871.589690191 0.0 0.0 3244234.2710509663 5461810.33320301 -9999 -9999 -9999 -9999 -9999 -9999 15319924.17605306 11226114.544721756 8774578.82117821 13179627.630966278 6236945.653755546 7931816.655593111 6250697.913864049 6444413.448066155 6948969.338893771 6404743.049315364 6891838.03725771 9098096.612708151 4460303.136651228 7203027.034044867 9803954.252257328 7872307.081866659 9844690.929697573 9353308.34134379 8484972.480668457 5215555.3944525495 12422869.447007874 -9999 9668975.3747785 8670990.535486354 13895746.751252862 13783755.420332558 10537582.21396325
8231222.263630373 3555471.6352549894 -9999 3206299.6337907785 0.0 0.0 268754.53134660027 -9999 1385581.2082091006 2619722.008928909 -9999 2640525.908293869 -9999 3976897.8086495455 4384440.165251436 0.0 0.0 0.0 171630.6746800011 0.0 0.0 0.0 0.0 0.0 10700705.843468089 8586127.387432538 5270725.30926798 1058204.2805707096 1136951.0393729135 5494019.329603388 6477398.616930979 -9999 -9999 -9999 -9999 -9999 -9999 -9999 -9999 15539958.130333694 11794697.366121925 10837681.247332888 9002980.04663063 10777017.42135217 11478280.85857661 9038588.81155822 8453897.196961114 8149877.000926302 6954484.15900864 11931140.734632492 10827982.455438646 8128550.119723938 9125481.438537885 6277074.113063339 3650092.57211102 4339784.52101088 11623704.773868885 9733214.260635797 12890620.454298386 12702364.410324572 14357788.600369193 8446971.497217814
2051468.3012718337 1973863.7238735452 2296159.9945320874 0.0 1264551.7200609224 3210240.847580296 -9999 -9999 3802157.147637761 3536647.890754735 3401340.9777610744 13370764.824510718 6113047.955601653 2868402.1019890276 84102.65346102696 3868807.024010186 3040398.3544986295 0.0 0.0 0.0 0.0 0.0 0.0 0.0 0.0 0.0 6874371.327365602 5727306.090304807 4829267.105432435 1236222.29500953 0.0 2322430.662698071 7343183.22006944 5497668.6935695 6464665.846256884 -9999 -9999 -9999 16594403.4982441 -9999 9793982.078140404 21685844.908177428 13388108.03180523 12343850.718986684 -9999 10655422.599758536 12101131.012241574 16766585.131920047 10454491.748941192 -9999 7757370.301456272 5167671.888719144 7741849.014445913 -9999 9686813.679473637 7714328.817027051 5241296.62466306 9664728.837062504 7082953.521018413 -9999 8800021.464247605 4925182.078134959
2559399.011240252 0.0 1781671.589045855 423325.4815593804 -9999 -9999 1784011.5742145595 8630785.825433416 2561542.859027217 1699722.9483933523 9956053.319880497 1521686.4275299292 0.0 13840870.424711484 0.0 2547373.6486485344 6509563.47861011 0.0 0.0 0.0 0.0 0.0 0.0 0.0 0.0 0.0 0.0 0.0 2820147.240373516 7573828.491006993 7454560.162851347 6409102.446149237 12625586.545811798 11960414.43159012 0.0 10664233.327834792 12688360.60268985 9152725.780122198 10023438.188475749 11489902.870593937 -9999 -9999 15127108.119804079 11265472.139122022 13747459.744029563 14020364.692316279 12685511.024841141 10642558.525279412 13270310.432966601 13935591.576702908 10032736.524321523 -9999 -9999 12216940.404005999 10472099.511848286 10360005.081960684 10376721.844166283 10714287.612812852 7438694.724983674 7223686.673681886 15829719.983845456 7707266.190358586
0.0 3822817.1251548235 3971928.6312189237 -9999 21730284.59117008 3852516.9125756216 2439803.7305197394 4441210.793351141 14927021.072921714 -9999 2850111.8827164886 4265351.5623834375 0.0 3050225.572076202 7692744.796360884 0.0 7243043.26747839 0.0 0.0 0.0 0.0 0.0 0.0 0.0 0.0 0.0 0.0 0.0 0.0 0.0 0.0 0.0 5330548.775026329 21527440.783097703 10076387.609566964 0.0 3982269.923822605 10278427.98051091 9489238.167975983 14320596.84240833 13351646.478768751 12506387.45560561 14515113.59094433 14790730.481222 12251205.176329274 11288886.404138438 10390600.36487071 9823116.844311135 8780184.538211627 13793064.730650019 -9999 14124575.059930645 12630969.653638989 7643749.843297206 10522037.168369703 10964643.568525044 15141521.506516438 -9999 9657093.918265471 -9999 -9999 9450357.840779046
0.0 326973.78501647117 -9999 -9999 -9999 27750689.49448446 43857350.61932631 1699319.3519142503 2484333.540264056 2354432.164015579 2469466.086676783 0.0 0.0 0.0 0.0 0.0 331556.79190229333 0.0 1607587.2459408091 0.0 0.0 0.0 0.0 0.0 0.0 0.0 0.0 0.0 0.0 0.0 0.0 0.0 0.0 0.0 0.0 98024.83616684843 18710095.192532457 8132338.898254888 6927111.944780083 12197581.905683544 7817747.90034994 12292047.778872617 13532651.986594846 11672956.363284877 11938988.427027343 11269926.594198707 10942570.062541755 11537706.100995949 4815925.88310945 3226450.839227634 14033190.620922424 8670205.994577564 9542096.303572306 11571434.6071171 12308971.902288511 -9999 -9999 -9999 -9999 -9999 -9999 10034256.782088814
0.0 1069677.9666737593 332561.7207301747 -9999 -9999 2243524.4729349776 41860375.27965355 2369247.2408489273 2505953.4404224562 10169889.164144937 0.0 0.0 0.0 0.0 20166335.350073412 0.0 3765089.89187378 1284825.7554447046 139313.14102396835 0.0 774892.0490219519 1745266.0028372975 0.0 0.0 0.0 0.0 0.0 0.0 0.0 0.0 0.0 0.0 0.0 0.0 0.0 0.0 0.0 0.0 0.0 9252157.14760502 14404126.134809883 13463154.722529972 33113760.670044318 23693829.3463327 9876705.480329985 7800000.315486177 7301902.353694313 3893152.67180398 10585482.919051394 11494714.304330949 15026313.480767567 13312889.942107618 12466070.626150563 12513049.651540544 -9999 -9999 -9999 35335106.289093554 -9999 -9999 -9999 7860699.594944215
1260089.783072017 0.0 932025.1133971405 507786.2153420314 -9999 2359487.6557105174 6283178.818957461 2463754.8340593334 12741619.448299991 0.0 0.0 7436489.781608806 0.0 0.0 0.0 0.0 17379271.550073307 0.0 6316300.4172188975 713148.002544513 5822421.344828182 0.0 0.0 0.0 0.0 0.0 0.0 0.0 0.0 0.0 0.0 0.0 0.0 0.0 0.0 0.0 0.0 0.0 0.0 0.0 6893621.333503775 22126132.718483366 21897760.401230082 25937646.888298396 15100801.596148685 16169378.662910948 17317732.614912312 20432203.320927277 17839059.382247828 14749270.065195048 13572854.181334358 12182643.97300937 11713751.620447716 -9999 4269627.509885394 -9999 -9999 16068547.140420053 -9999 -9999 269370472.3339908 9401168.023000058
1313881.276458729 0.0 1226366.361372951 5330749.659686729 -9999 1568891.9467658282 2393063.5980086853 1738876.0501375447 2431084.185788543 648196.6381437618 0.0 811999.9983000775 0.0 0.0 31012.651509814896 0.0 0.0 0.0 13469804.859110164 19498144.215093218 382916.10669158865 0.0 352170.06355073676 0.0 0.0 4169151.1767352642 332764.6060695248 0.0 0.0 0.0 0.0 0.0 0.0 0.0 0.0 0.0 0.0 0.0 0.0 7471647.460165545 0.0 15100176.5107533 23021964.68810225 28288936.33580962 29359726.565867174 19112560.162699856 19853075.505073477 22693893.41166742 19139846.749781832 16901376.914111774 13746367.446791394 -9999 11410490.216946773 -9999 26028318.953653324 -9999 12492356.598853678 14866094.51912749 24258693.44007455 4207996.679246019 7141717.933262266 3362847.020900568
0.0 0.0 1442435.7550128067 742480.8458283205 -9999 -9999 80111302.7256799 0.0 4861799.556688089 527574.9809139646 2202871.612473179 0.0 0.0 0.0 0.0 5405737.950597199 27068161.03691278 1863528.1943461003 23177804.011886675 26199591.187133312 0.0 0.0 0.0 14525313.121954564 6476540.7285939045 57216.1515636649 247901.38699716888 503273.927208554 1365878.5130102467 2141181.610223422 2777494.4777701776 3227505.464874887 0.0 0.0 0.0 1496468.7018950097 0.0 0.0 1155056.9842506628 2793888.505533018 0.0 13112026.421453157 21411515.353256866 19121624.796846326 34046962.72439478 33485459.333926734 27635515.796395067 35944353.22425235 46378050.94138986 38019271.77074538 12932790.470021894 8654638.885784078 9603950.844857914 17454384.1484911 32808212.156207155 -9999 13608736.393639604 -9999 23263585.59299422 10945486.560359843 8587453.61021367 4782279.8687784765
44915255.623566955 66707150.38423447 57033865.44057522 -9999 -9999 -9999 52677841.566744685 505160.41349726706 11943281.102218954 3936022.2248740457 3920351.582628833 1572724.710605524 3877888.850380499 17832361.39603532 13742007.902136143 32493580.217949085 9640394.357925532 0.0 23375157.765803926 42362401.930641845 14902566.902581295 678306.5908653 250200.27511078957 3140378.4620674597 7479715.225065904 5888349.4912133925 8982636.097158968 10418911.484525863 5202269.694440749 3493458.770678718 1870002.9135293253 1152682.7026944337 1130121.5496859308 4914636.189596973 2838833.3818425564 995479.0983928852 0.0 144446.51408227067 1552311.238195723 0.0 0.0 0.0 21589169.755333982 11935564.592459861 13421078.692616481 30852158.03208763 26279619.41375231 14319676.556314733 28244928.24669052 15535519.807114407 -9999 12624942.740658596 13179613.003798313 21507631.26683017 19845303.168249022 14477289.007014532 19919224.91057149 20057220.65378908 21068015.053266637 6898758.83812107 8767146.569682661 7308200.550622946
-9999 2311358.125723182 98420184.18334112 62778327.57145445 118665149.69523942 26394136.736128185 73403421.82336192 106601341.77382308 38768657.50186987 9501271.29119193 0.0 0.0 21735992.340120822 15249454.647147907 13043554.502573185 12537296.805039875 19257833.46799668 0.0 25388412.95939622 18781308.19651272 12770631.105677623 10610493.58297398 21479985.060541302 14873388.089930134 14903606.535828423 14281558.3401757 13018466.89342321 19489341.315043647 14655804.992260732 9793087.136927286 10840101.953234643 8585893.05841563 10304976.11056623 6653864.617989119 6341689.133709296 2334430.426884083 384067.7646485688 0.0 489206.4016747754 0.0 0.0 16065117.63757246 11227775.58098059 6269415.152784023 0.0 14067926.416353688 37457128.024364576 14858279.062259909 15143186.102163972 15441132.02939216 -9999 -9999 17566339.87236263 24849993.21825997 18583887.858065944 14375271.74370951 13708153.687682757 -9999 -9999 3968733.8595987516 -9999 11897317.935791407
-9999 30696242.945812594 5128811.03342239 2418426.7853674525 25485971.61802471 34673793.225112624 43215657.598971695 139345332.82152373 87249151.62537822 0.0 56526505.35895932 27015445.632198777 9270735.072746923 17247090.957258247 7187302.834777994 83892.14838521293 21948509.80111742 42255148.050421156 0.0 14095116.010588437 17236481.248707086 10799319.216491584 15115476.392110558 0.0 18989278.66371494 11976990.411715208 6261909.978866471 4401928.606734291 10168060.317833196 8438637.395626625 6380446.1141805425 13137754.42222696 12302646.955247674 5442229.911896822 2562265.7075325875 7765511.310981489 1804817.3202593978 0.0 0.0 0.0 0.0 16233173.074785957 13141969.051238684 24186722.080043375 3339293.359925107 9405037.98263383 41938055.83935268 18513435.613348056 24536174.213148512 -9999 -9999 -9999 18490570.457836833 23387848.66907815 46091510.4812652 24193561.16708846 9826323.139099754 7718727.036079435 -9999 9629244.769087516 11579964.279152188 14973380.563490245
-9999.0 -9999 76274793.62185359 56715844.07401046 74778467.67040275 96740571.45550719 119721726.55950779 101816325.58129168 10919316.13771196 0.0 0.0 22457958.36077632 0.0 25088943.937367287 16313163.093391294 0.0 13393440.0883834 21623937.645977616 12231404.78634055 20643428.815490186 24921317.458849937 19551792.1954253 17195955.740148302 7443446.748726027 5622908.766606362 13471307.753308706 6702184.929307252 10747449.57642065 10770432.554157836 11963711.971524244 11511798.79520616 10176095.899828885 8996321.465423612 5492864.636432225 7155798.929302498 6506404.137653867 8308234.132712304 2079225.8515288485 0.0 0.0 1162118.3117202688 0.0 26718295.07269721 22606428.363895502 18065687.090231013 20821435.756123107 47863458.112143345 18597150.692171067 24766916.938019745 14425100.932696868 -9999 -9999 17186930.691101965 34113064.97233922 40955446.72913705 69742140.66547333 4889713.343205007 -9999 6580349.543432974 7084921.4647825165 9492135.65377842 -9999
-9999.0 -9999 49927313.9285109 40023465.87868933 30205689.636739675 0.0 22154719.595123563 83558279.48481622 161417309.32234344 86441781.50698066 0.0 5176074.338240669 6637851.879655318 14022012.230164932 18104948.88519241 0.0 17211713.1146717 26396250.387285445 26182819.549511097 17114710.388188705 11669297.049162526 8475036.454866001 9473300.014134593 14301666.138553604 15268126.55422819 13687409.911902124 7530945.774149296 1618646.860650165 1580226.6369323116 2142894.729101302 12654289.934445625 9452912.409386741 9089291.689540274 5339812.5034709675 10801871.792253615 3423802.9027478094 8478347.57089284 1033817.5245126691 0.0 56420996.26564684 157831.85631171614 24354494.072197095 66033015.883381315 40629262.601234674 28371937.79873711 37875547.713020325 28716805.90003849 51180436.23273507 18977119.351755645 16661520.147685051 -9999 -9999 22913330.329241194 31672453.80708582 33230625.358534586 77737886.87539473 3470181.938104717 5426283.325879034 6341534.183887037 10699572.631272927 7730146.349676114 -9999
-9999.0 -9999.0 29560870.004548583 28807901.278978597 20674866.22998739 0.0 4917515.558318667 27472160.390334725 26483676.463889316 63624145.75610539 26203774.734815456 9937295.849503074 5154427.555860085 0.0 0.0 9277196.890367715 22567067.824008547 3573879.5545318346 15069834.779421957 12048312.866178125 17073758.099160835 19189986.422215246 8037874.683549434 19710942.738176573 15812473.86086594 20055906.36278007 0.0 0.0 0.0 243478.72996256035 1259207.4548612768 5736733.5846190825 4990188.7239734195 11734024.5025439 11933715.916881436 1983923.852714193 11755660.538772663 6984049.926504233 21042242.093817823 51791280.010840125 23977328.232707817 34047286.66302234 48114470.05552598 51315533.715073675 35992171.670530245 -9999.0 -9999.0 38472228.64309374 21735576.763439424 -9999 -9999 -9999 33052366.920011062 38446638.27539078 69284978.11879294 31711129.324939914 3994738.6685614623 -9999 -9999 16535097.466471795 5899315.965870463 -9999
-9999.0 -9999.0 -9999.0 101952625.43067375 34038145.78527818 6935074.809786972 9740029.748392684 24195174.475563645 32658252.179637413 0.0 29564273.212573603 15291691.870983502 21239473.56243883 17255205.316661112 2132364.9863842004 0.0 5396498.142093432 5374852.659750772 10507594.240212211 6127826.78188755 19684666.75563539 25430812.790187236 0.0 17846621.09712309 20649180.690633185 3325820.0681127547 0.0 0.0 2229730.41321876 2393925.9179887706 2158166.0532473708 9587388.213970706 8895800.32176966 9398636.246691568 8255107.256620927 10379199.527607601 8629858.744943518 15273731.077787768 -9999.0 -9999.0 -9999.0 -9999.0 -9999.0 -9999.0 -9999.0 -9999.0 -9999.0 -9999.0 21916576.393318824 -9999 -9999 -9999 32759456.86169892 50290254.158933416 41520248.5386315 96229689.92757593 11301956.11863044 9838135.433489518 10499380.238177212 12034971.434509017 6700233.799537781 -9999
-9999.0 -9999.0 -9999.0 -9999.0 75974870.15859775 70168788.68896472 81091324.21069592 -9999 -9999.0 51261492.42345567 27939929.401035853 10814631.694376836 3667369.945475169 0.0 0.0 0.0 15415505.010845304 7602660.392850952 47270432.32404561 16489040.977092916 25590822.213058427 35476224.877854064 45752286.716585994 16773062.21714015 10918490.725150915 3384278.5634472165 636939.2870278722 513857.10648889095 5945075.703880639 3873143.860916987 884535.4657884464 868109.1083271736 13081780.87894205 9686153.967574771 2149407.486122825 5920954.970698514 0.0 28688096.444029864 -9999.0 -9999.0 -9999.0 -9999.0 -9999.0 -9999.0 -9999.0 -9999.0 -9999.0 -9999.0 44650931.10898992 68439193.37652598 42834916.99245643 -9999 31583688.731294192 110249262.77296153 44234584.77191033 53298493.271266155 15970475.23444518 15067833.64284804 11852385.99137075 11252330.70092269 6354688.097698927 -9999
-9999.0 -9999.0 -9999.0 -9999.0 -9999.0 -9999.0 -9999.0 -9999.0 -9999.0 32788142.644391794 7251931.299498682 0.0 11901136.143247752 18889189.4270624 925576.8457521079 0.0 3223463.5962878373 0.0 0.0 0.0 23075907.69168085 32315043.908415675 35394928.146059655 32688267.17770363 8177288.99130241 10346792.067744674 10052598.142211175 9982672.619487127 12499811.239655204 5821861.849440911 1161457.025739383 9598199.050135193 9320508.678761257 9377392.459092008 3318834.8304696498 0.0 19521201.353813212 23537911.418564793 -9999.0 -9999.0 -9999.0 -9999.0 -9999.0 -9999.0 -9999.0 -9999.0 -9999.0 -9999.0 -9999.0 82798799.38037013 108824451.53166455 -9999 25834205.59238776 51755378.52082619 58807619.20173657 62465548.28339046 14989448.52083573 13428561.23667055 14778837.131963933 7364148.693161909 7506194.1251027975 -9999
