critload/trunk/output/2010/nfer_crit_sw_ara.asc
ncols 720
nrows 360
xllcorner -180
yllcorner -90
cellsize 0.5
NODATA_value -9999
[rows 196 to 223 of 360, columns 378 to 440 of 720]
-9999.0 -9999.0 -9999.0 -9999.0 -9999.0 -9999.0 -9999.0 -9999.0 31586304.999201577 47093211.25942708 32500502.31057609 37711163.08267643 64496717.827242784 -9999 -9999 58336316.02463102 -9999 -9999 -9999 72810010.7268641 68887058.83973749 87727322.37608676 60028469.89746923 -9999 -9999 -9999 -9999 123569566.75999837 223753582.09215435 -9999 308711968.7821228 182370579.58785513 287342297.00359553 146475826.41409573 86450082.28877161 0.0 113047632.77938671 -9999 220438712.18945873 60096457.65338417 139457793.46685576 136185872.2031187 162427784.79696515 0.0 43651599.11733234 39064207.0287832 48493194.5660678 0.0 19336815.554329645 97444512.94723414 157269706.6240506 27371338.68626979 51746986.9937452 66841436.693972744 117193411.33269249 157777657.1779753 145133123.37377933 200393036.68838686 213426535.9694491 87614429.45234884 354301032.8557353 -9999.0 -9999.0
-9999.0 -9999.0 -9999.0 -9999.0 -9999.0 -9999.0 -9999.0 -9999.0 0.0 19183830.238472313 -9999 39556453.79597207 56907608.50681614 78328237.60021167 -9999 56548207.8186805 30983906.40252433 -9999 -9999 80944232.820462 75112582.74435577 -9999 -9999 -9999 66914630.290623754 -9999 -9999 -9999 388211168.30285954 406169136.0367699 240131815.82702443 295051520.9694679 760486.4072006634 133188596.18568626 75343898.66206253 -9999 -9999 -9999 93230096.3096059 0.0 64377026.370881855 0.0 -9999 52073895.37794735 33992609.54446075 39121933.737959094 33013799.811285537 6074550.120962419 39150742.255848266 65958219.904791884 49433851.965263866 7738941.24743284 63975740.37567001 20879285.093251415 163332644.62828887 106891010.94357045 85369021.04279226 154460071.04285958 136594822.0687754 150305184.27911437 502968007.0720545 -9999.0 -9999.0
-9999.0 -9999.0 -9999.0 -9999.0 -9999.0 -9999.0 -9999.0 -9999.0 21768803.77692665 27512153.595632836 -9999 23693616.215203106 40917169.61045568 36349306.65904702 73896449.91315868 -9999 79281586.3494132 -9999 -9999 -9999 -9999 77947066.24375808 -9999 69198125.38376811 71851818.11299358 43314693.713259995 -9999 217332074.68508714 528904835.804798 396727954.3288908 338343509.56650436 -9999 204836822.29516634 195924.01694905397 65732261.83123701 -9999 106836280.3281489 282627165.75547063 13888394.168921843 0.0 183607093.63282442 162831595.88682756 156178622.6504252 168399111.20913482 175131154.4542099 67561292.05638523 109671774.27019218 1575639.768802463 20140242.371180005 15756762.595033664 47546141.64742998 47269334.80434985 94304595.42541395 3761225.8529846957 97154928.58453484 -9999 202603532.68648046 207883358.38659108 301131024.87041116 216099637.43647444 263402856.01535392 232367174.8459435 -9999.0
-9999.0 -9999.0 -9999.0 -9999.0 -9999.0 -9999.0 -9999.0 -9999.0 87129448.5580421 82803117.9181767 33975452.38331248 30152789.237437293 48382964.37821182 -9999 69155074.60722639 -9999 16858472.32632151 69525256.0514894 105342572.82328676 -9999 -9999 -9999 80551960.25819826 82769400.84346905 79256791.17004047 -9999 -9999 160316855.62273872 249381245.08645198 265361929.95955792 313005173.8754536 -9999 -9999 160573835.29188275 89001128.25727683 280546035.2570409 46626836.05226083 269118756.0202452 802614939.9025728 286998126.0984446 159212414.3482367 144640290.7495993 192032596.9148045 184388863.62992716 212809219.3270079 24759513.58463632 99110354.65784891 103121828.26794298 69309083.11497296 25626986.024468508 0.0 68243061.5446401 58326395.81081072 -9999 -9999 -9999 226990805.042278 176787980.51417503 340176270.22408646 192701359.6962703 61844622.9867754 61333641.66189593 -9999.0
-9999.0 -9999.0 -9999.0 -9999.0 -9999.0 -9999.0 -9999.0 -9999.0 -9999 71138524.95392969 -9999 22289902.542180546 -9999 -9999 -9999 -9999 86390304.26199335 -9999 -9999 73196143.4870733 -9999 80934046.73490001 99540323.06597802 101556239.19463749 -9999 -9999 46388659.450509876 305006121.6635325 215433736.1092722 -9999 73910395.41303708 137121960.55407462 92233857.82931998 216681609.7023802 149637690.87947685 257176155.40104365 221020231.8683519 -9999 354955941.6004442 143996033.70490423 161932413.78288528 172664893.62624282 203000259.35457113 156059371.9678682 197128733.65966702 60564668.38358297 123183026.89529984 78897275.53465298 17219978.84497276 64938041.331553996 0.0 68627884.7276367 80052443.69061705 91159481.64126825 77701902.79108563 -9999 -9999 142383049.8750675 17988254.87183642 99916078.31226803 57533159.22450221 23528400.606795385 75828426.97159551
-9999.0 -9999.0 -9999.0 -9999.0 -9999.0 -9999.0 -9999.0 -9999.0 -9999.0 34989829.747984864 8569638.670863388 22582555.960679237 40176495.681144565 47272148.587545566 -9999 -9999 -9999 -9999 -9999 -9999 66588427.276414685 101097715.62200876 93645321.7915445 109178104.4191713 90696189.96473666 -9999 36983351.205633186 191616796.2931565 258619018.21557942 206206016.09156358 217301554.80077252 258280815.81569514 191376942.7452446 234909883.09679347 197827180.82771644 175758806.19799352 72209842.42571582 101449613.48178348 573453573.2465987 160009144.90535498 200573404.47730842 318268610.4375743 258112840.17027235 -9999 222477624.88792333 223913588.0642767 104143284.11623642 -9999 31162162.13517804 50852522.66516861 25991608.04812745 64046207.16204614 65730337.32790407 34140689.907947265 88132274.3717194 126162111.24764453 134154078.71285667 0.0 63746969.77056526 12053998.007852105 12825803.210609496 8185920.500011119 0.0
-9999.0 -9999.0 -9999.0 -9999.0 -9999.0 -9999.0 -9999.0 -9999.0 -9999.0 19775251.369814333 0.0 20897362.54528051 21125573.55737855 59258622.06160754 84989791.50105688 54964594.06691028 -9999 -9999 -9999 -9999 75792148.79419735 73380931.60469927 85410349.79281661 85878584.50869271 334854412.57860684 354221792.53446245 81813442.95593463 79144339.91456342 88486089.5967457 -9999 173117746.4204043 -9999 539542153.3314514 460219242.82800686 -9999 276173779.2924874 338173576.91200495 565275496.0227777 0.0 186757792.9729679 218989564.03673646 141575221.3425213 -9999 245417132.61219522 220678522.0789355 184705039.84223127 79731904.08788612 -9999 0.0 34010254.90253605 55948157.77291935 52330127.82318959 63221780.42087228 136589413.33256006 135247275.2673334 139125608.68857843 35736361.680876926 8273218.368164045 119530493.76447177 61317449.89364389 123817952.0641454 0.0 61272461.386650175
-9999.0 -9999.0 -9999.0 -9999.0 -9999.0 -9999.0 -9999.0 -9999.0 -9999.0 4155189.2604860226 15899606.321001984 25805690.969095334 38019345.31314119 31473590.262482394 40791093.92499741 36153621.869170256 59821337.64799728 -9999 -9999 -9999 -9999 73476663.24804969 85327216.53234275 109806586.69561903 -9999 -9999 207071998.50939226 262906611.370791 -9999 -9999 122160066.61872494 -9999 -9999 -9999 -9999 -9999 899456668.418008 320496436.288959 -9999 221005125.66456428 210732011.27093232 1157008902.4254398 -9999 237979624.09576625 230473270.8643002 140080318.28820246 43974081.538830705 94456971.91867824 66593652.70554267 44528907.09703041 95333905.18935317 0.0 228535601.42580232 299650489.67332834 268983143.73698866 249470964.15029523 228255264.5966936 201886479.95968685 202036945.92047298 0.0 197320270.72942317 15538360.0010693 8836586.71107536
-9999.0 -9999.0 -9999.0 -9999.0 -9999.0 -9999.0 -9999.0 -9999.0 -9999.0 0.0 0.0 24807792.663631976 28537751.40395522 36777810.14679525 41933006.53950081 23342015.703302674 40216119.60965903 60100511.385307096 -9999 79137459.6367058 76572180.1854722 -9999 94273539.01480968 286748319.67148787 307192082.10444605 173696754.9841318 111643365.91933504 -9999 -9999 -9999 -9999 -9999 -9999 206388223.72191694 208596917.54745767 -9999 -9999 6744261009.643725 0.0 3467156993.175514 235962143.20259234 272008165.01419973 -9999 -9999 98835159.24233098 69157151.03064549 -9999 73023764.29386592 109488836.49884483 53869254.28527432 0.0 206034639.97276703 235201155.602666 213559546.55952138 199864448.41273466 -9999 105493501.6247194 80017925.97009857 183142242.73361862 146876144.69877762 167287469.57382116 228758827.6025172 299359744.5176558
-9999.0 -9999.0 -9999.0 -9999.0 -9999.0 -9999.0 -9999.0 -9999.0 0.0 0.0 5619052.924467583 20800740.68589934 22114987.216590323 19229614.707294364 40699366.52101301 41023181.215611234 56064775.92357708 64359110.53916405 75570201.10842918 77188782.72920462 80315233.34216066 83760623.88030414 93115752.85955736 97882610.61048084 408537240.6132956 318018972.130643 242539247.43841964 140576710.4263486 -9999 74202907.428144 -9999 -9999 -9999 -9999 -9999 -9999 -9999 178439986.62763038 205794751.25669652 0.0 622473491.178505 3298819448.0344977 171407242.71518663 127891061.53981201 58267901.81936316 -9999 -9999 54969932.634237245 62037462.383264594 19499193.02146814 97939130.8699395 143144864.72691634 140645134.88702878 167167344.2456878 92656248.8903558 -9999 266445333.0581584 193891061.355604 207667321.1369943 197376721.45569026 58438795.95092458 121209491.64323546 158750447.25483817
-9999.0 -9999.0 -9999.0 -9999.0 -9999.0 -9999.0 -9999.0 -9999 12985382.975917688 18284450.023850705 0.0 16591314.993360445 22494942.826449737 36673256.88735403 39583993.71394942 25833516.617939148 13644916.118899172 -9999 63775783.36397978 70884163.18028137 78950980.9804475 81600922.4936687 53808728.92026146 -9999 101938933.41540526 632621169.1082329 1952518234.217497 659707961.2386035 204567756.61743152 217021144.56104314 243847394.15191376 89978150.5670606 123372310.89913781 136053053.10269552 -9999 -9999 235962858.32930112 233166000.36526498 162599281.41867122 200862587.90719432 733965062.4912115 171225500.4684906 116227995.01543094 147383126.65394285 51578435.32653699 -9999 70884063.36528903 41857469.535019234 72419197.63694051 13491398.32063866 69070883.83918935 64526986.37199602 124683669.5060664 120818857.34990884 183541213.28410786 206135818.16283125 160742319.9346199 113154544.30270016 194145564.86980557 98013187.5948631 128611869.89288616 155122909.70872533 128338113.70952542
-9999.0 -9999.0 -9999.0 -9999.0 -9999.0 -9999.0 -9999.0 0.0 0.0 0.0 17284583.205046505 15152980.59903867 25112924.794474423 37765791.91088756 41589012.487877026 0.0 15260753.400509372 -9999 69068939.6485563 71729244.47588569 78170540.37003875 44923312.025535405 49906233.014944136 50419775.135898195 65901556.067239396 84458629.2415667 1024125715.5987806 931037141.2996845 188198555.581305 219072588.88805705 0.0 -9999 233178921.5891969 152117226.98977432 -9999 256129715.9259462 501403086.47373605 212664830.5020134 166024448.43013665 90534060.85202843 94948528.88116589 68263758.31984542 145753500.58318013 34726708.65588127 93974221.85472056 57235737.61589986 20894637.30782034 13690021.270003274 56439145.51848884 26661856.482162498 78669867.1691338 0.0 70548598.61221603 145830840.86131525 246149908.67620203 144411136.55519113 85439169.1727953 127204179.40612769 162027577.70647117 85820769.45615032 82184035.6748254 77208363.05714418 68420996.75115637
-9999.0 -9999.0 -9999.0 -9999.0 -9999.0 -9999.0 0.0 0.0 6588384.74339423 16937395.812712055 18480038.508975346 0.0 25409177.758960005 -9999 34839302.967098586 -9999 9842063.071602317 47105120.43560351 58250882.668904215 47252722.01815207 71287138.0958031 25449924.592969816 70745304.44780955 -9999 -9999 94343510.14454733 -9999 -9999 815900132.7468004 320146927.41715705 -9999 199424855.91009665 234738488.4146375 -9999 -9999 -9999 243718116.57926095 138582472.19806352 116559403.68377136 45144321.783802 63454232.75468356 116187949.48713051 22954241.952536255 22287823.721494365 73047728.52599505 40383682.88442735 35594101.97469454 111552842.20663847 82260438.94387533 56531282.76061717 47256590.67541357 0.0 8432613.945670377 3812791.2212296906 15235788.105889944 0.0 65502946.059359975 61306926.210328445 64253637.68254714 168936934.3232951 92996204.9421118 124564944.908166 5606849.2090412555
-9999.0 -9999.0 -9999.0 -9999.0 -9999.0 -9999.0 -9999 0.0 10694420.543665051 13863144.16956056 518643.0515382556 11773857.261948517 28291006.767247602 43467710.78127784 51277315.003815904 49852997.26798309 9070865.653894208 40367477.74501682 39171137.52784391 65748575.53249746 58859872.72745963 19219741.640029717 -9999 92466426.02347282 -9999 -9999 -9999 -9999 642649998.8830159 635639114.3096607 266208194.5558471 144205275.13529205 176472388.2990961 -9999 -9999 47346575.27113562 120670065.89651045 188053585.2997857 170154926.81156963 40256044.29485847 13943150.643922605 -9999 0.0 48295827.623051174 84283098.54037336 36107176.60558156 24242603.196782757 78245097.37696397 111847077.47536112 63701777.843304195 33399340.02066189 66150417.52371592 16912163.0325514 84141160.84769781 24596885.532354828 64425345.14953099 7045894.301777286 25584046.855265424 40201075.09913552 82121620.00035688 122395110.26664792 5578536.736463019 103313028.49646804
-9999.0 -9999.0 -9999.0 -9999.0 -9999.0 -9999.0 0.0 11706703.693200959 5780283.472603368 16370417.69016099 0.0 -9999 0.0 0.0 41473639.8394102 0.0 6378830.403699064 14384559.675082356 33308049.17919056 88293121.9502086 8284671.685353972 333685694.62027866 -9999 -9999 -9999 -9999 445478826.8780286 0.0 215818234.33391616 549063488.6103436 414361742.41057235 405938912.5217456 -9999 -9999 48631719.2944121 14601843.811521452 126571477.63500036 167561513.75207242 0.0 38249364.830019705 29198511.280032232 -9999 0.0 27544496.847375832 64174660.032353684 59522416.307838686 64755323.67186648 37803153.563859746 105206423.29549669 47631338.818631634 68276959.04634234 72602223.5979572 44632916.07087658 149143334.49711257 159093527.73950613 68703950.24633814 49133174.06314672 89655706.5465336 73186575.60284874 75862153.45414387 0.0 195806819.68163705 0.0
-9999.0 -9999.0 -9999.0 -9999.0 -9999.0 -9999 -9999 -9999 0.0 0.0 0.0 0.0 0.0 0.0 57837970.66571135 30855693.938130695 11001455.062546615 5654223.302792533 -9999 -9999 -9999 -9999 -9999 -9999 -9999 140853655.29135203 1027896929.6244359 194189636.6617602 163442773.72274837 944841919.3908963 -9999 -9999 536099604.6557096 -9999 151864312.78021872 420613558.3690314 -9999 182701590.63002107 83880254.55185293 69083303.6384285 -9999 -9999 0.0 107444366.50128374 79896034.06974198 5260927.554709156 0.0 74117085.37642628 63708818.27939056 36813547.1366873 51753702.5836865 39010100.00720073 4600536.342952969 75215507.71387868 171609055.48040777 124451228.24770379 3942724.7094279034 112414431.47826335 124930167.19594361 116272554.91439576 0.0 147745375.6977612 601444.6788450755
-9999.0 -9999.0 -9999.0 -9999.0 -9999.0 -9999 -9999 -9999 0.0 0.0 0.0 0.0 0.0 0.0 0.0 0.0 -9999 -9999 -9999 -9999 -9999 -9999 -9999 -9999 -9999 -9999 -9999 -9999 -9999 -9999 473026325.4401203 417541521.93810195 554547677.9639751 -9999 241368336.56761912 163312183.0703376 58024740.55162403 47836921.49194789 37144858.53021737 46400323.915474564 17370712.228415523 67322302.05100554 16546303.622671425 0.0 17015732.511434346 4418197.915726386 58569797.42289063 18972531.1861454 41682303.548565455 37997076.0928717 52947513.84046049 60738589.6769535 20097306.38351402 117957822.06674564 57164970.13470873 55282512.129312254 3989750.509844861 29079823.56636428 45637319.06960114 11055953.39526196 210920424.84986803 136799526.81702203 143649544.9179061
-9999.0 -9999.0 -9999.0 -9999.0 -9999.0 -9999 -9999 17921282.728403933 0.0 0.0 0.0 0.0 0.0 0.0 0.0 -9999 -9999 0.0 -9999 -9999 -9999 -9999 -9999 -9999 -9999 -9999 -9999 -9999 -9999 0.0 178312495.23553377 443684744.4948341 680718652.83302 -9999 0.0 0.0 9086207.006283049 0.0 0.0 -9999 31324247.895100906 12843699.317079386 53168330.986771025 52692318.57999642 38563558.20598755 69804591.40442355 10622056.727683831 46360317.400713876 0.0 67255927.56106484 36234278.32047686 184574015.41013962 170027622.31510064 142688489.81624246 153330309.8751931 79828178.95404547 165116357.6843513 212724132.56402636 193086578.3112126 257530879.6370213 15595860.524461068 249584911.53508598 -9999.0
-9999.0 -9999.0 -9999.0 -9999.0 -9999.0 -9999 -9999 -9999 0.0 0.0 -9999 0.0 0.0 0.0 0.0 28788078.538546376 0.0 0.0 0.0 88628597.83517419 -9999 -9999 -9999 -9999 -9999 -9999 -9999 0.0 -9999 -9999 153191706.62846318 695862547.5822875 633665418.1267127 0.0 0.0 6158268.06558441 36049184.30251925 0.0 60502178.857567094 0.0 75374500.22891219 27461356.404442366 50966892.92538657 71652554.05931792 49382649.5328426 14554095.788133651 42224030.52042524 40887668.06778023 87587590.52551197 140808369.7712811 335351235.5490106 168531797.4680158 165283569.23268715 161901924.96675283 165758205.45739612 100239159.27526371 49267438.14440006 245003122.5061581 320424551.30669296 388296944.9351478 -9999.0 -9999.0 -9999.0
-9999.0 -9999.0 -9999.0 -9999.0 -9999.0 -9999 -9999 -9999 55927.118751599104 0.0 0.0 36430025.05976376 152457213.65597263 58316842.65499153 17502516.249469582 34151174.51715536 0.0 0.0 0.0 0.0 0.0 0.0 0.0 0.0 0.0 0.0 0.0 46876976.480661534 0.0 -9999 0.0 36554607.882928565 69691826.5707052 135137173.24496558 14228180.705521582 3256783.8507382106 48223586.48036374 83693591.32111901 31940703.53201927 9710230.990938274 0.0 3802724.3393112486 52813182.419739105 142863228.86332077 0.0 67963134.99724166 26537257.35597769 21555787.976388074 139282170.62572476 196333909.5192259 273091559.31504583 331952288.3157447 232799100.96556446 336420472.3546794 575986129.689537 639866264.3587447 737675832.9033035 975784263.4519159 -9999.0 -9999.0 -9999.0 -9999.0 -9999.0
-9999.0 -9999.0 -9999.0 -9999.0 -9999.0 -9999 -9999 -9999 -9999 0.0 0.0 -9999 -9999 0.0 138395053.70504257 99288873.71877669 0.0 0.0 0.0 4688529.546293353 0.0 0.0 0.0 0.0 0.0 0.0 0.0 0.0 0.0 53218551.507691965 0.0 0.0 141324075.47153604 45381516.14197408 15793499.072720554 14795267.841472259 -9999 17418935.235665463 12425722.431975797 209819885.5832697 44101284.975332804 0.0 46487578.02905558 75979437.78557281 9388136.66355418 69515208.31763221 74143793.52618252 68082841.69945519 170847428.78096694 198530157.1091039 195665231.80680993 305388211.1230321 300421578.21144384 216598469.52064162 652220011.2124851 847339814.6615548 -9999.0 -9999.0 -9999.0 -9999.0 -9999.0 -9999.0 -9999.0
-9999.0 -9999.0 -9999.0 -9999.0 -9999.0 -9999.0 -9999 -9999 -9999 0.0 -9999 -9999 -9999 18222729.200535085 -9999 -9999 72555098.11803135 0.0 0.0 0.0 0.0 665600.0540836144 2284398.043785531 1076307.9517784053 -9999 -9999 -9999 -9999 -9999 -9999 -9999 0.0 2239737.3101598555 0.0 -9999 130315056.9241445 -9999 -9999 237231886.30592248 222547826.03503996 187364508.30538726 0.0 39479132.76509217 147748802.22067437 17761002.117372226 19014302.587063715 19343917.892518662 67806179.69039206 85282168.30273072 170458500.80241227 196383822.81994358 265087349.9476236 446598525.7440397 393716042.1612929 449005813.0291413 -9999.0 -9999.0 -9999.0 -9999.0 -9999.0 -9999.0 -9999.0 -9999.0
-9999.0 -9999.0 -9999.0 -9999.0 -9999.0 -9999.0 -9999.0 -9999 0.0 2117929.7276886883 -9999 -9999 31070482.517129127 -9999 123095713.61361519 0.0 15986948.237166407 5715428.959234746 2423788.0018862663 0.0 0.0 0.0 0.0 0.0 -9999 -9999 -9999 -9999 -9999 -9999 -9999 -9999 0.0 0.0 0.0 167432779.3505411 7854491.43714454 159811864.76924857 115700450.57619967 39874209.5542047 48192135.256326385 6049130.40842502 51649819.450397834 81032756.48935977 51283431.97007874 18832251.107217636 17845136.096032154 9623675.287089216 50387988.60707786 110082096.24933557 247393770.24090326 312952757.35167193 737890466.299708 1249301717.5415754 -9999.0 -9999.0 -9999.0 -9999.0 -9999.0 -9999.0 -9999.0 -9999.0 -9999.0
-9999.0 -9999.0 -9999.0 -9999.0 -9999.0 -9999.0 -9999.0 -9999 -9999 -9999 -9999 -9999 0.0 -9999 0.0 0.0 5398140.2163362065 5281655.57758279 0.0 0.0 0.0 0.0 0.0 0.0 -9999 -9999 -9999 -9999 -9999 -9999 -9999 -9999 -9999 0.0 66419307.40841649 0.0 0.0 8714970.225990431 11105216.722271277 44610407.327699415 27335406.32167362 46984419.34957991 33330153.487233113 24594777.059654582 24018830.606323015 29989441.418143205 44455795.591806166 30415632.06887206 23158230.120393638 50159117.25851482 304689578.9600025 462006907.93120635 1339573868.8238535 -9999.0 -9999.0 -9999.0 -9999.0 -9999.0 -9999.0 -9999.0 -9999.0 -9999.0 -9999.0
-9999.0 -9999.0 -9999.0 -9999.0 -9999.0 -9999.0 -9999.0 -9999.0 -9999 -9999 -9999 3832292.625484419 0.0 0.0 0.0 0.0 0.0 0.0 -9999 -9999 0.0 -9999 -9999 1395137.3345076723 -9999 -9999 -9999 0.0 -9999 -9999 -9999 -9999 -9999 -9999 412982480.2159715 -9999 0.0 71011066.20462537 0.0 0.0 0.0 10142051.903458001 46163741.38109555 34789698.68331429 9668904.820689056 31942245.121038698 52942666.58769888 48748955.88804578 177719871.24583405 285536577.64198333 461099561.5843749 610615017.6669182 -9999.0 -9999.0 -9999.0 -9999.0 -9999.0 -9999.0 -9999.0 -9999.0 -9999.0 -9999.0 -9999.0
-9999.0 -9999.0 -9999.0 -9999.0 -9999.0 -9999.0 -9999.0 -9999.0 -9999 -9999 -9999 -9999 -9999 0.0 0.0 0.0 -9999 -9999 -9999 -9999 0.0 -9999 0.0 0.0 -9999 -9999 -9999 -9999 -9999 -9999 -9999 -9999 -9999 -9999 260851679.07507402 0.0 0.0 0.0 169930.80736780495 1886743.6962277691 10199021.697050635 14418805.605074408 12024128.429732641 9463250.859055128 31111887.741171464 77494019.992354 72285196.7066117 84939487.78152305 176252473.35130224 604867490.4747767 535114143.8273045 593195734.9160923 588741074.3190018 -9999.0 -9999.0 -9999.0 -9999.0 -9999.0 -9999.0 -9999.0 -9999.0 -9999.0 -9999.0
-9999.0 -9999.0 -9999.0 -9999.0 -9999.0 -9999.0 -9999.0 -9999.0 -9999.0 -9999 -9999 -9999 -9999 0.0 0.0 -9999 -9999 0.0 0.0 0.0 0.0 0.0 0.0 -9999 -9999 -9999 -9999 -9999 -9999 -9999 -9999 -9999 -9999 -9999 97674843.18227932 0.0 111705954.95911835 0.0 133339373.85418437 63507825.199651346 51830841.84221496 23009708.266150724 20307580.644690838 38369254.89450301 67600453.33344057 114669167.71864362 152171619.40058646 77931378.03157595 275646440.1860523 399081928.2856069 532548318.37118655 530217825.58587015 541911245.8123034 -9999.0 -9999.0 -9999.0 -9999.0 -9999.0 -9999.0 -9999.0 -9999.0 -9999.0 -9999.0
-9999.0 -9999.0 -9999.0 -9999.0 -9999.0 -9999.0 -9999.0 -9999.0 -9999.0 -9999 -9999 -9999 -9999 -9999 -9999 7672695.413676396 -9999 0.0 3078319.2097297516 -9999 0.0 -9999 -9999 24019646.83235246 -9999 -9999 -9999 -9999 -9999 -9999 -9999 -9999 -9999 0.0 0.0 0.0 0.0 62781355.866873905 115945453.31475453 -9999 -9999 -9999 -9999 220579800.02793738 116757406.29142386 39737512.74659805 -9999 532220279.11011845 0.0 807666129.5043191 380277203.96794295 -9999 130084200.2452969 -9999.0 -9999.0 -9999.0 -9999.0 -9999.0 -9999.0 -9999.0 -9999.0 -9999.0 -9999.0
