critload/trunk/output/2010/nfert_crit_sw.asc
ncols 720
nrows 360
xllcorner -180
yllcorner -90
cellsize 0.5
NODATA_value -9999
[rows 84 to 111 of 360, columns 434 to 495 of 720]
-14269576.111983148 -36847463.88787365 -13748041.106668228 -7116039.996388667 -13028130.669042924 -2645633.0791846053 -33167626.596555047 -21195104.07642252 -18815268.491208907 -9388637.082850192 -9999 -22353699.446025386 -2954077.398189472 5272586.251614467 16434242.461746883 -8175311.97073422 -27530921.034767278 -14885046.316750357 -8807008.911716213 -25096559.876791965 -10802382.860214824 -9999 -9999 -9999 -9999 -9999 -9999 -9999 -9999 -71275689.77820778 -9999 -9999 -9999 -9999 -9999 -9999 -9999 -9999 -9999 -9999 -9999 -9999 -9999 -9999 -9999 -6597813.005399516 -9999 -9999 -9999 -9999 -9999 -9999 -9999 -9999 -9999 -9999 -9999 -9999 -9999 -9999 -9999 -9999
4536617.68870597 -33348466.29524034 2843388.536312924 -10700236.519211955 -6852909.306606029 -91599570.2694496 -51883728.46526175 -9802254.374926448 -14896195.68393595 -15761424.887424435 -4513685.392376984 -3245308.4086347986 2468093.450699368 -4904973.0945552 17766392.317093764 -8386389.271943185 -12415088.675515885 -17579902.57171203 -9999 -3839070.22612674 -30331925.28936828 -15309714.230511138 -9999 -9999 -9999 -9999 -9999 -9999 -9999 -879925319.2638419 -9999 -9999 -9999 -9999 -9999 -9999 -9999 -9999 -9999 -9999 -9999 -9999 -9999 -9999 -9999 -9999 -9999 -9999 -9999 -9999 -9999 -9999 -9999 -9999 -9999 -9999 -9999 -9999 -9999 -9999 -9999 -9999
25584900.212598626 40685583.27542018 9142428.06137361 7943573.201886957 -17941532.62970819 -3218021.0153014306 -22007568.79434139 -34817614.8257755 -24035400.072250996 -15316191.726652717 -24489.450729594475 -1044392.4172591448 -5843.438579735283 6656719.495133263 -3145349.520321902 -5573725.565451514 -12004623.031405108 -4336636.971798145 -21749350.934472013 -9999 -15150910.628676848 -1413427174.2966022 -32647713.157920316 -27739776.334567986 -9999 -9999 -9999 -9999 -9999.0 -9999 -9999 -9999.0 -9999 -9999 -9999 -9999 -9999 -9999 -9999 -9999 -9999 -9999 -9999 -9999 -9999 -9999 -9999 -9999 -9999 -9999 -9999 -9999 -9999 -9999 -9999 -9999 -9999 -9999 -9999 -9999 -9999 -9999
-9999.0 71733612.93191268 -12192448.64084076 3989442.2943108957 -7100341.933782257 -18930761.2825636 -6185132.667508159 -18052474.25785394 -18001959.701257955 -35314964.61292455 -1994407.7903246349 -17009255.390449993 -5918541.581807619 -6909069.717670479 -32555741.809490867 -3090174.0728294184 -21071055.107304804 -63720740.110914715 -11881785.124558164 -9999 -9999 -705842160.4360749 -2347306917.0192733 -1071887976.7314931 -9999 -9999.0 -9999.0 -9999.0 -9999.0 -9999.0 -9999.0 -9999.0 -9999 -9999 -9999 -9999 -9999 -9999 -9999 -9999 -9999 -9999 -9999 -9999 -9999 -9999 -9999 -9999 -9999 -9999 -9999 -9999 -9999 -9999 -9999 -9999 -9999 -9999 -9999 -9999 -9999 -9999
-9999.0 159627025.02750167 -27680974.874759763 -18067383.938348863 -11150431.782495126 -22476672.780628756 -29263262.24811312 -14405094.12509946 -14399207.021239271 -21504092.88463143 -6909254.584019205 -9136157.288750753 -2979884.133249153 17800438.20445092 -20244809.07653159 -14020569.123558309 -1854150.7654039934 -3357266.008886003 -230120294.49274254 -9999 -42616141.87822765 -652329925.3614349 -644114789.8840531 -9999 -9999.0 -9999.0 -9999.0 -9999.0 -9999.0 -9999.0 -9999.0 -9999 -9999 -9999 -9999 -9999 -9999 -9999 -9999 -9999 -9999 -9999 -9999 -9999 -9999 -9999 -9999.0 -9999 -157057290.14265344 -9025913.928489061 -319618446.44747823 -9999 -9999 -9999 -9999 -9999 -9999 -9999 -9999 -9999 -9999 -9999
2175581.4573180648 4266281.772749027 -209434006.20763463 -149615673.7395244 -125376917.55097626 -25618191.95145485 -19088966.32481233 -38307292.57065454 -20179547.353563745 -32058885.19012645 -9175642.341812931 -10065885.029619707 -3487543.3317484003 -17054.38555444071 8925296.826393077 -14459127.761672085 -58312995.40456778 -13502438.847004103 -534650551.70577496 -89836968.69173147 -1128096954.2477381 -9999.0 -9999.0 -9999.0 -9999.0 -9999.0 -9999.0 -9999.0 -9999 -9999 -9999 -9999 -9999 -9999 -9999 -9999 -9999 -9999 -9999 -9999 -9999 -9999 -9999 -9999 -9999.0 -9999.0 -9999.0 -9999.0 -9999 -96505542.2174535 -9999 -9999 -9999 61428067.78074563 -129418516.7840162 9874839.844668187 38962767.99887757 43480410.918735035 -9999 -9999 -9999 -9999
5225171.011181453 -1446689.3146216315 5091218.276730357 9561950.737000037 2325130.5507164304 4500597.748237885 7232079.728208157 -17243895.298010685 -23112994.684627183 -13817617.917155301 -2841382.562825932 -4174940.1695467783 -6522452.268593349 -4542479.310612404 -8426061.273184782 -39549614.07803796 -159763189.4404235 -246495384.52103046 -1712446528.9757175 -101440637.40486673 -9999 -9999.0 -9999.0 -9999.0 -9999.0 -9999.0 -9999 -9999 -9999 -9999 -9999 -9999 -9999 -9999 -9999 -9999 -9999 -9999 -9999 -9999 -9999 -9999 -9999 -9999.0 -9999 -9999.0 -9999.0 -9999.0 -9999 -9999 -9999 -9999 -9999 43356340.961438335 30163859.607854072 1572149.8647661966 -22309285.964965153 -498270639.96415854 -9999 -9999 -9999 -9999
-9999.0 -9999.0 18819569.567995198 34813103.3866495 21415293.601597436 38687746.12523681 20212960.329816915 11326342.562781682 3048570.7523478856 -1520060.240727564 -4653111.590133657 -14437256.292198509 -32563082.76334198 -20076754.010897607 -9157870.025782365 -1523376.380400907 1142671.9507167838 -93552351.31719765 -53457730.378675796 -35190544.75020639 -9999 -9999.0 -9999.0 -9999.0 -9999.0 -9999.0 -264353726.18678948 -9999 -9999 -9999 -9999 -9999 -9999 -9999 -9999 -9999 -9999 -9999 -9999 -9999 -9999 -9999 -9999 -9999.0 -9999.0 -9999.0 -9999.0 -9999 -9999 -9999 -9999 -9999 -9999 -9999 -9999 -9999 -9999 -9999 -9999 -8870410.28481602 3338883.0720114773 -9999
-9999.0 -9999.0 -9999.0 -9999.0 -9999 21367579.79449778 27264814.876787104 43102046.010706425 20286047.606381293 9410909.56574798 13263177.705431124 -381680.99261466373 -11114370.283017617 -56465025.2927623 -22100270.70971361 -31073891.516810294 -16146268.295806156 -48292548.510591336 -164055789.35452768 -47187652.43193667 -173418471.48282105 -9999 -9999.0 -9999.0 -9999.0 -9999.0 -9999.0 -9999.0 -9999 -9999 -9999 -9999 -9999 -9999 -9999 -9999 -9999 -9999 -9999 -9999 -9999 -9999 -9999 -9999 -9999 -9999 -9999 -9999 -9999 -9999 -9999 -9999 -9999 -9999 -9999 -9999 -9999 -9999 -9999 -602601654.97394 -58654743.87170344 4959096.266772127
-9999.0 -9999.0 -9999.0 -9999.0 -9999.0 13887269.406416982 17811658.103019312 38509535.08344317 32046224.776228208 42861570.22064951 35798701.21859668 27245391.382813234 14671055.006849172 -12551558.29853002 -11849254.937294735 -26029015.15428959 -10471623.915704904 -16823909.237142984 -5542456.972179152 -9485405.590160962 -21957363.494620115 -9999.0 -9999.0 -9999.0 -9999.0 -9999.0 -9999.0 -9999.0 -9999 -9999 -9999 -9999 -9999 -9999 -9999 -9999 -9999 -9999 -9999 -9999 -9999 -9999 -9983245.457227807 -13710515.179758597 -110147942.65718757 -23269878.964322526 -6739174.303907561 3083411.582719412 -9999 -9999 -9999 -9999 -9999 -9999 -9999 -9999 -9999 -9999 -9999 -9999 18791399.528484892 -32307932.19203598
-9999.0 -9999.0 -9999.0 -9999.0 -9999.0 -9999.0 -9999.0 -9999.0 5846423.174808256 11591133.453565143 19674573.05357735 -9999 -9999 32332611.921709143 35226563.31823369 29441659.41547635 28510916.02851139 13230856.376827823 -2354904.227008541 -98569.1256359606 -4670327.4816769725 -43929011.535920255 -9999.0 -9999.0 -9999.0 -9999.0 -9999.0 -9999.0 -9999.0 -9999 -9999 -9999 -9999 -9999 -9999 -9999 -9999 -9999 -9999 -9999 -9999 -9999 3318415.596485992 4340362.649514159 -256616376.4061339 -28061955.710743397 -14146185.260179877 -5105278.971446224 -9999 -9999 -9999 -9999 -9999 -9999 -9999 -9999 -9999 -9999 -9999 -9999 3334845.028143277 1335944.9328350353
-9999.0 -9999.0 -9999.0 -9999.0 -9999.0 -9999.0 -9999.0 -9999.0 -9999.0 8117811.387539019 209400.73268387912 -968034.529621991 2410865.909029213 3612653.2171621122 3311920.3292534132 15606055.714806668 12167986.685644312 16054821.641309775 8773424.958696524 -7709535.513921625 -13649851.726543754 -793999.5083886122 -37227886.42739584 -9999.0 -9999.0 -9999.0 -9999.0 -9999.0 -9999.0 -9999.0 -9999 -9999 -9999 -9999 -9999 -9999 -9999 -9999 -9999 -9999 -9999 -9999 743.6027169383641 69.49368976679318 -3660.306823385202 -16053.108348757383 -7489882.92521193 -9999 -9999 -9999 -9999 -9999 -9999 -9999 -9999 -9999 -9999 -9999 -9999 -9999 -922197.4393133671 -9999
-9999.0 -9999.0 -9999.0 -9999.0 -9999.0 -9999.0 -9999.0 -9999.0 -9999.0 16330867.275551137 13437708.425119694 9425003.05357341 8725107.628038207 9234064.048573906 2593498.7025760007 -3028964.7218736946 -1149959.5834599484 -1483786.8818428018 -4461002.595343718 -9807478.734402752 -6003795.751044701 -14034941.30151229 -2093579.7425693644 -10777152.89782388 -9999.0 -9999.0 -9999.0 -9999.0 -9999.0 -9999.0 -9999.0 -9999 -9999.0 -9999 -9999 -9999 -9999 -9999 -9999 -9999 -9999 -9999 -9999 1290.7077452847113 1225.42620773633 -55934.61454915277 -94429172.8141515 -224898828.68140715 -17056190.727822937 -9999 -9999 -9999 -9999 -9999 -1983644.8289339794 -9999 -9999 -9999 -8708924.32368067 -966952.7341956171 -795641.4337133354 -404321.74352317053
-3065635.0742317447 7600939.134767073 -9999.0 -9999.0 6535745.053401805 -9999.0 -9999.0 2186789.192904363 5587830.632538749 -1869732.1046067365 -4648301.886224905 -13994330.679501567 -2581777.9741968215 -343171.9066500098 -2158134.408671794 -1088462.6950214382 -418856.1884024563 -36082187.86886588 -11932748.39707224 -1174332.5938531708 -42772692.74469342 -7346616.984605398 -6103480.925577985 -1029578.7063949136 -158817670.7654529 -9999.0 -9999.0 -9999.0 -9999.0 -9999.0 -9999.0 -9999 -9999.0 -9999.0 -9999 -9999 -9999 -9999 -9999 -9999 -9999 -9999 -9999 -9999 -9999 -9999 -4204.5621512800535 -48777358.56207429 -16225093.397442771 -16393447.555254143 -9999 -9999 -9999 -9999 -9999 -3574589.6923430194 -9999 -9999 -9999 -9999 -9999 -41403421.11127875
-20155928.507877972 -7053867.550657749 -2141672.843304986 -22357.962722755114 -16033392.571083225 -34586933.45950642 -26143707.571090158 -14164090.569783086 -3737408.4259276385 -6885697.539628862 -4750582.185892254 -12125359.229371466 -30276620.38968551 -7760896.152060974 -869322.9182001523 -5338929.251327122 -786343.7387407046 -399335.3796761028 -2107620.158366541 -487169.11049529375 -2068938.7670718918 -518364.5911914793 377.64719847757704 13392499.222076556 -4335757.543651462 -834496111.2387412 -723265929.1341887 -9999.0 -9999.0 -9999.0 -9999.0 -9999 -9999 -9999 -9999 -9999 -9999 -9999 -9999 -9999 -9999 -9999 -9999 -9999 -9999 -9999 -9999 -9999 -9999 -9999 -121437750.10090013 -9999 -9999 -9999 -9999 -9999 -4634223.255583328 -1585941.4335485057 -3398615.4299148805 -9999 -9999 -74644791.32407655
297161.38099598396 5930099.481287433 5979525.599699324 9224597.326211283 408356.14083903446 -4515205.0173627585 -19325973.996066872 -2300623.273830397 -1757852.0128597878 -7497234.488206287 -7891917.2666346785 -12420738.504885335 -9305179.479436353 -8954159.557154872 -21508538.88246715 -6351737.720882239 -26956772.01223382 -9087015.577950114 3520822.116016924 -5204580.784716592 -9948727.388966108 -33393815.229940154 -42209011.213523574 2108.5020294079923 74568.61261530643 -1583075753.7956736 -823168057.0775155 -9999.0 -9999.0 -9999.0 -9999.0 -9999 -9999 -9999 -9999 -9999 -9999 -9999 -9999 -9999 -9999 -9999 -9999 -9999 -9999 -9999 -9999 -9999 -9999 -9999 -12360.228182273151 -9999 -9999 -9999 36812762.24514707 -73630098.53415461 -9910432.881356983 -568820.9538934493 -11190532.22397494 -7235126.763049508 -5901493.311265145 -34082759.1088598
-8241781.244088962 8886765.556855222 8025635.567061349 4746424.935171455 -5863892.42327273 -5903462.114305924 -5716223.693174264 -4085777.4377000723 -10731932.480175994 -10460166.002223024 -1332792.878077496 -13608684.057316536 -13112994.85818622 -9012332.189610176 -14817597.727393968 -4242518.087278591 -3682391.830590402 -1907595.1753090115 -6188656.04403709 -14439799.8269045 -330848.8338358588 -10523471.752383178 -13190636.887526397 -19238140.910409737 -176622221.64464962 -9999.0 -9999.0 -9999.0 -9999.0 -9999.0 -9999.0 -9999.0 -9999 -9999 -9999 -9999 -9999 -9999 -9999 -9999 -9999 -9999 -9999 -9999 -9999 -9999 -9999 -9999 -9999 -9999 -9999 -6971.952084152838 114522572.4316824 -12371022.652365383 -367942338.7569505 -35610687.999167636 9570583.80242297 -9231279.501284484 -8265756.100710392 -72722735.3521619 -9310480.58374863 -3474192.6242664196
-8458221.652913686 -1975708.786683432 -5112370.323530699 -3521759.15544921 2410660.3951435722 4665160.163612078 8519801.477803385 3996147.52356938 1561809.3516601345 -2810860.2582440516 -11269999.38066794 -20129342.86218341 -15925122.92811257 -9495871.720556686 -1700461.6067401094 -2533849.4674742767 -707474.6739200493 -313819.2467538539 259079.29000175695 -17597442.896032333 -10771188.490981823 -840439.7951713547 -1377480.5443595217 -10939642.993317777 -37032494.22324516 -9999.0 -9999.0 -9999.0 -9999.0 -9999.0 -9999.0 -9999.0 -9999 -9999 -9999 -9999 1105.3028207984776 358.36988232919094 2391.846929187267 -3678.105077248551 -9999 -9999 -9999 -9999 -9999 -9999 -9999 -9999 -9999 -9999 -9999 -796.1336034577129 -4652.890641353769 -248346748.10829908 -19585034.62082875 -24183876.756038293 -2398292.916388265 -7634625.961305063 938941.5029326228 -10906706.787575884 -613109.8240593943 -1840559.1923247883
-2138251.6820620326 -2826410.772159996 -1784794.9784224045 -2682518.3827634105 -14787336.346663462 -5970790.330410182 -2475642.623358535 -1274239.1916068592 -6135312.5556084085 -7752821.375765485 -12683621.704849513 -20342027.16668939 -66113431.6905403 -3770281.7358474173 -2864534.054988801 -13555638.810836973 -2551122.3817336075 -8658262.255284334 -439411.2098361899 -687008.408754164 -5435397.435366289 -7571067.443113855 -13099668.646619003 -2809653.946423163 -9999 -9999.0 -9999.0 -9999.0 -9999.0 -9999.0 -9999.0 -9999.0 -9999.0 -9999 -9999 -9999 -9999 -9999 -255.39249156012588 152.61752723045484 -50.88506861483587 -9999 -2582.458047485605 -9999 -9999 -9999 -9999 -9999 -9999 -9999 -9999 -9999 8818.970649629857 -5545.725725317524 -2033.5017386965505 -13597787.7142439 -20140668.373608116 -113476593.1242348 -41862861.022467695 -1739710.8599482593 -1553601.4556634089 -16110867.681820454
-11461513.703526909 -4287671.725955509 -13215333.663362272 -1169826.5786148806 -5355459.255013717 -10938748.203995943 -20435518.559138488 -16000250.257921265 -9343939.293014044 2755132.327647024 6344244.218803434 -379044.44148743415 -7355425.745717446 -3237964.1359948916 -5397171.534747951 -5270778.59268424 -21219442.259479802 -3194171.3444081102 -14707240.081078267 -8715660.588572947 -3008275.3839381156 -3982092.9492060766 -11501875.206336096 -3811618.2369301943 -9999.0 -9999.0 -9999.0 -9999.0 -9999.0 -9999.0 -9999.0 -9999.0 -9999.0 -9999 -9999 -9999 23.26344770686234 546.2349219705632 -296.632086332755 -3908564.963401468 -373.4704954514931 -90.47404093373535 -955.9245251664531 1641.513946550725 -63.0068021356216 -33.652416080725466 -2975.375443078123 -195.9740356364236 -21693.85042627852 -1053.6160883104799 -683.4971538567385 -9999 -9999 -9999 -19115.46710383908 -25823.818017438487 1769.8550776529057 -681.3174439114455 -9999 -9999 1270858.6432993985 -21508540.31425522
-2339705.706521211 -11532645.886164427 -18542488.59529264 -13445505.135566073 -31288730.433903243 -22556089.117489625 -64333383.016847886 -33319044.557834107 -14447141.293748317 -7819407.1613101605 -4464515.17833242 5216966.252451903 3655474.0908481646 -1505117.9988102908 -7751995.218070634 -2171662.5909746084 -32510204.28322273 -4668576.836586615 -2468744.983443521 -8411335.772499265 -13239818.197997883 -2802797.80126685 -8941608.227998676 -1131026.1681195884 -43275354.21720496 -9999.0 -9999.0 -9999.0 -9999.0 -9999.0 -9999.0 -9999.0 -9999.0 -9999 -9999 2568.256825153812 -6961442.366189712 -8231681.464065131 -398469.38173722225 -656889.8643022035 -7383948.996429697 -4168429.333292838 -2969.5445313125156 -290.9481780673326 -457.42295534937983 -4850.918165964016 -522.1415450181339 -3829.5620132644026 -7261.958928416443 -79317.05755840807 -41818.993956966704 -121.02647853945625 -107.04057523354503 -9999 -118.45248937113982 1132.7332860781023 -24791.765055210846 -426.8130175433421 417.363691330502 4692134.748324807 -880260.3627346276 -46001.79401858459
-37196351.63706375 -12758042.387824597 -10149476.686192743 -31189245.947980605 -8796963.021664774 -61043478.44675735 -9504565.481965378 -27611856.01352181 -20901062.523117494 -7798218.028998973 -12741013.952190373 -3356838.1373348027 6279553.214083624 1594684.2416707196 -2603476.7078736746 -2231684.752305358 -4049578.31842212 -16636323.85378114 -6280709.02304592 -5289513.751402966 -9031165.787980385 -2072752.8748576224 -9728512.191664066 -9116370.293763287 -5329999.250795852 -35098793.17278156 -15406677.977501962 -9999.0 -9999.0 -9999.0 -9999.0 -9999.0 -9999.0 -190801.6378431879 -117239870.06453222 -4346657.681854777 -6595254.446936492 -8764801.815427136 -774331.044327061 -235633.79017645316 -1578562.3954315754 -916180.4631176937 -3048336.051666934 -8282337.216941424 -1104766.160492465 -124.60846727320191 1263.1183393997196 -12643.206333627315 -3568.988712874302 -10141.243434863458 -17633.719819960763 -9999 -9999 -9999 -9999 -465.6743061357059 2248.1490743731747 10556890.628194194 -32201.76265393524 4239216.379162481 -60279193.13474661 -4019125.972208393
-22250634.75513777 -45039292.89209817 -31011585.64948731 -27218031.269730713 -25600737.1209693 -24441517.183410637 -11099648.311067076 -37460020.03953592 -60403285.98402363 -54369518.080375426 10685325.919365395 -36688063.020653985 4461273.035473023 13466006.410575705 -14539620.02138299 -3766344.3368566465 -6068437.829675705 -2217661.5084437057 -21013764.18880725 -842852.4343735098 -974169.853807545 -4027408.513243874 -23511512.464433715 -9160410.286945073 -8762649.810377736 -8914426.488684295 -1735444.4814167784 -4351016.102902538 -82995694.56682904 -11475858.009134782 -9999 -9999 -137436132.78064898 -2030656.2751927928 -6492285.947440786 -20910701.11749423 -5389546.792622717 -1423739.49441206 -1751650.8194900276 -452409.2913148468 -3628821.5079715895 -3190301.3252295195 -1635282.9691579568 -963413.9016825355 -2454818.750868476 -488833.47261367075 1819328.8872885027 478.2476341891546 -14318.615347584611 -9999 -1214.1055336364975 -820.3346173265327 -9999 -9999 -9999 1063941.510262038 802630.5863626923 -1164286.904410746 -904374.218286516 -641118.1395286024 -8041759.905927401 -496128.3047237841
-85662071.26837581 -42056578.38311286 -5342147.445459222 -7746003.822927321 -6852647.70667369 -35078934.61226062 -12263432.577790862 -33062625.676062588 -2326951.7655634335 -2627589.2191645713 -10533670.097935602 -3021890.589430994 -56625458.272758015 -14187180.118312217 -12257505.770726483 -9672678.112662792 -4363106.229241965 -3508630.7260620873 -5201353.46313361 -2346464.0796251744 -12531875.19092454 -1185723.0865107118 -1925891.520239513 -12402587.118440092 -3180646.7697544307 -15686735.463935822 -5937265.04964145 -11245440.646503313 -1365829.1315428764 -2111929.982797639 -13136081.92145186 -16020825.932500474 -3316728.268912943 -5911145.668390442 -2887186.335061782 -10240554.468835684 1108787.0474056927 -1028770.9635785916 -9999 2505665.9314062446 2430938.84019525 -3197397.563737452 -295155.51049674914 -3087933.0208889777 -2175072.7913005664 -65087209.78296728 -2447021.51517743 440872.75179224 -1013.0784592433558 -9999 -9999 -99.72078622155531 -46.83866472950755 -394.53538759539884 -403.0698852839188 62728.70016703125 559958.0239425383 534033.2293955828 705871.6230728178 585133.0640978643 2241716.9173016045 908244.5233740868
-18701867.88921952 -20618449.155518938 -59764743.44416971 -47616980.54709162 -17051825.713803466 -6286972.725510023 -2067218.9292865982 -8617810.310049694 31221000.17202078 31776772.04137904 68880505.12559484 73335330.63798718 8470323.387007676 2980618.9084875123 -1433745.414227486 -1497781.212742359 -16571728.519462168 -6988087.05994021 -8352263.305092138 -967509.6201386448 -10317539.548128216 -2869345.4392961394 -5567312.641292294 -1445290.8355760986 -7785101.20560295 -7240201.042659515 -8619823.692024006 -219077399.64489573 -82189979.0339896 -46902790.13829991 -8758536.03011863 -3501976.753932367 -6531409.588985392 320821.7079069678 113646.31262044593 -9999 -9999 -9999 -9999 1555799.2337844644 7591951.410961358 7046968.129601738 7848617.117409298 2074923.748363104 -1437640.1735745494 -1591509.4920308588 -2566674.3721725647 977788.8053901466 -3459480.003198962 -25.165989427398387 94.83470370524088 -64.50009075778522 -4235.174046809863 -83423.80957581285 -431613.7463592951 -85403.10207606062 1098119.1630947576 268002.3663145307 128706.88299817011 750601.6744348768 856604.2151965403 752081.4798245674
-8218655.5250155665 -8079137.590512097 -9999 22430113.56629091 -9999 -6246032.440694399 -60689912.65854361 34278419.389359795 70966558.6265883 -9999 51175382.1639755 86846637.75232711 3116849.303511296 -152624.81526890423 -68611403.87597531 -2813409.6360280323 -2506940.099391075 -5339033.592477558 -4785398.562698144 -13986283.199037436 -12621636.078711353 -13322186.957766118 -15486306.021942006 -10771352.613347234 -14868279.806885874 -9147471.816506762 -11635509.457372012 11521259.515018577 -37561958.491028465 -11531387.759924121 -4653937.866677394 -1653382.1585436873 -1134148.7003314456 -9999 -9999 -9999 -9999 -9999 -9999 -9999 -9999 2137410.0493236515 -4856632.082968238 -1072885.135857765 -4411869.029000729 -2217750.8586857137 -419912.5611497355 -3500081.6933594304 -691747.4973553851 1922439.0053970597 297752.88839854463 1393238.1102992112 -810961.4135706233 -347598.6767001914 -205349.31498906433 576817.5595416942 571914.6483212024 -488198.37739396084 582416.4258704456 -21758.672220538276 917359.5242772001 56586.37618049158
-11806561.81739167 1978608.791676449 841167.7403562188 423613.31378860446 -9999 -9999 -32592875.7729322 -41456219.977449946 2264535.5209129704 -9999 -9999 -9999 109276540.9121865 -759127.0951546449 27872251.49342476 -823488.289667966 -97152.44279019906 -2324487.9555258756 -4951960.769367475 -9265584.96762135 -9580825.811203217 -8606232.115670593 -6304927.527600947 -41269614.546928465 -9834167.916769218 -3350054.029659191 -2646260.0231745313 -185166463.05406228 -3298194.1573932045 -13771583.040469406 -9999 -9999 -9999 -9999 -9999 -9999 -9999 -9999 -9999 -9999 -9999 -59432914.31704222 -4166018.3901997344 7022407.990931196 5351976.513802452 4707767.820198699 1146779.9055386996 -5695124.133537243 -1812002.0635439914 -205916.15637927933 -15034.676909173706 265392.8280452796 7086.8565310251915 -292833.95179478737 574811.6394126 -219041.528551201 -801919.6882544373 -490498.4997794455 471983.1641117597 81736.1215383644 1056554.065860598 63537.63563374772
9233035.973068297 5090940.035029467 -9999 -9999 -9999 -9999 -9999 -64756272.06380083 -10715135.198449396 -7599902.47977269 713236.0154903439 137406588.52618605 -9999 -167328071.92794734 -13657620.972506009 -2642893.5241320482 -6229612.655610225 -1511076.8233175173 3617433.7216687663 -13661569.685095645 -58590950.6080563 -11934186.087025287 -8972480.77918193 -9748804.606408954 -20965.887987836006 -8484653.823170658 -825840.9292351594 9716063.945259081 -2080729.7255253594 -87146920.54134281 -9999 -9999 -9999 -9999 -9999 -9999 -9999 -9999 -9999 -1018175.0898187477 -9999 24117530.42629088 4951830.499825021 746152.8695271482 7100158.975965779 10183110.381910443 -10141565.242543705 3484668.5277526313 2477944.2403751914 -748547.4933382382 -2739405.1544614034 -674688.2218598641 -329263.09840484493 418.4675745005534 6834.089656884983 -52209.01695906728 -563129.1990417341 -656156.2915764505 -922690.632306515 -725669.2401059221 16462.994104872767 -877593.204591316
