critload/trunk/output/2010/ngw_nat_rec.asc
ncols 720
nrows 360
xllcorner -180
yllcorner -90
cellsize 0.5
NODATA_value -9999
[rows 156 to 181 of 360, columns 354 to 412 of 720]
0.0 0.0 0.0 0.0 0.0 0.0 0.0 0.0 0.0 0.0 0.0 0.0 0.0 0.0 0.0 0.0 0.0 0.0 1.8588675791598804e-05 0.0 0.0 0.0 0.0 0.0 0.0 0.0 0.0 147.72193479304894 0.0 0.0 0.0 0.0 0.0 0.0 0.0 0.0 0.0 0.0 0.0 0.0 0.0 0.0 0.0 0.0 0.0 0.0 0.0 0.0 0.0 0.0 0.0 0.0 0.0 0.0 0.0 0.0 0.0 0.0 0.0
0.0 0.0 0.0 24161.689980853786 0.0 0.0 0.0 0.0 0.0 7820.273622752047 6205.710735386514 2458.4316450355464 0.0 0.0 0.0 0.0 0.0 13143.031819621521 7618.604775561345 706.9333851901366 3.456255207161617e-05 0.0 0.0 0.0 203.14960350915 0.0 0.0 0.0 0.0 0.0 0.0 0.0 0.0 0.0 0.0 0.0 0.0 0.0 0.0 0.0 0.0 0.0 0.0 0.0 0.0 0.0 0.0 0.0 0.0 0.0 0.0 0.0 0.0 0.0 0.0 0.0 0.0 0.0 0.0
0.0 0.0 0.0 1351.049209373172 3358.262456632264 1107.7837423640428 637.455263842178 0.0 13144.462055587752 95544.27893316194 33582.780269292605 24367.01106565353 17378.30437115234 2384.844611765327 0.0 15537.398809627834 0.0010558652523300076 3947.594951462425 62152.82161121064 28782.03799113159 37448.15452589309 0.0 0.02502357167352352 0.0 4084.837192036651 0.0 0.0 0.0 0.0 0.0 0.0 0.0 162.19861066748436 0.0 0.0 0.0 0.0 0.0 0.0 0.0 0.0 0.0 0.0 0.0 0.0 0.0 0.0 0.0 0.0 0.0 0.0 0.0 0.0 0.0 0.0 0.0 0.0 0.0 0.0
17695.345187571605 24747.201959120066 24828.893782682066 0.0 0.0 0.0 0.0 27132.84346010644 161082.19898095645 205175.68791691467 43589.95263862792 52551.873441516735 20838.538004264505 12283.895813605823 32995.73548142501 0.0 0.0 5557.077930789157 13675.80605885225 32848.653611470865 11532.352584136874 21883.357213809253 7314.876898911257 629.0830716330418 17352.610208981616 0.0 0.0 0.0 0.0 2.951616335884051e-06 3528.1794034591635 930.0567063497264 14994.739356177968 0.0 0.0 0.0 0.0 0.0 3484.2712241351514 0.0 11928.6385225211 0.0 0.0 0.0 7256.126274076176 0.0 5307.595877937083 0.0 0.0 0.0 0.0 3191.0588612591127 0.0 0.0 0.0 0.0 0.0 0.0 0.0
0.0 19666.3710433674 32299.918203732042 0.0 0.0 0.0 0.0 9563.554001034814 100919.28223999408 50081.456181196954 260255.5574032374 272377.6616543773 177900.53555037 16341.701717579423 36118.782089876506 15494.988576080395 57666.90337666322 8994.01644940214 22607.10374918785 10548.75271132334 37907.27473636286 87594.56863968539 24104.767593146007 4886.629281099302 15095.676438142289 120.56604063975661 0.0 8145.911985319957 1001.2083549089998 1099.2418081518665 80.5325555659452 1985.675385005519 50658.806775432735 0.0 0.0 2547.328844129389 36.901561008984395 0.0 4040.6267016361235 2090.031937825322 26485.83861012805 0.0 0.0 0.0 0.0 0.0 2233.8027941216815 0.0 0.0 0.0 0.0 34915.640678518874 0.0 0.0 0.0 0.0 0.0 0.0 0.0
0.0 2234.56155208876 3021.2249411973507 0.0 1323.6580475142316 82.38917648445825 12158.039535998903 81499.38152756683 137898.7693526623 122222.01950045818 219100.9366521395 159005.346475103 90101.50645912105 102582.34654461179 146081.17556059355 51763.77742735624 11422.444628501424 8028.950515042725 1260.8404481796454 12913.119621519178 89959.70102751502 62744.05195662326 11833.075120334246 87029.95745989904 43164.493028943056 4383.445628049647 0.0 6082.767146172047 0.0 698.2255151024832 0.0 9498.186329801241 30633.585633250295 0.0 37570.692747226494 2570.150816034724 1528.3323347215508 347.31753018034897 878.661940957258 208.06048773446432 783.5685595739117 28139.998448072634 0.0 0.0 0.0 0.0 0.0 82797.40344281406 0.0 56204.6865356931 4405.417356828777 189543.70792579613 173645.37222458306 54577.192232131245 0.0 0.0 0.0 0.0 0.0
18971.710153175503 30261.09732299472 40.073014967003 20384.698641593244 17366.917821846197 3153.0337750313884 100009.62609175708 155693.5022685632 132183.94772221346 219939.2254859271 79432.17637774293 50519.74652246518 93621.07580992284 90017.40148039351 60680.95038189711 57649.495302240626 74817.81223780097 22175.31766750455 21545.93608623922 31373.170993471835 72322.64911899116 31799.691143590862 83612.39560735368 77299.1121463175 18827.55143940279 0.0 598.5519636397167 0.0 26649.549751034097 188878.54563989647 10517.763700193098 203773.76635303453 151940.78116051495 200485.61790026553 0.0 36952.34762235345 4765.711361615165 0.0 933.2320520331978 0.0 0.0 0.0 0.0 0.0 62257.45914187691 78407.84660146729 272802.88392035925 0.0 0.0 173120.5015984707 215785.00407990284 146713.60415907393 242045.13847712972 44876.584513985676 77969.93368648038 14376.960656943105 8373.41506466565 0.0 0.0
57730.805033909666 138871.2690892727 75282.73675867192 22397.292256977344 12913.854398683536 14280.738368439354 82410.49509767673 270229.5662832528 50280.94289774145 176997.69819392607 182430.07743149615 24235.20631854196 28660.629373832195 153674.55277471582 31485.415558298897 15448.684197641176 106407.90142643172 99731.81691430492 78019.85399592407 74896.98349405472 84048.37857540684 19642.793168659624 19768.07575032047 0.0 10043.60513328546 0.0 1062.577408869454 31471.574876677612 159641.60370445202 276681.0626393337 39575.28665445696 13912.386551421756 646900.6054933306 502821.85326676123 408977.5814038657 278567.1581535115 209810.47881181905 1761.127165879715 15492.024010746392 0.0 21154.142221537302 0.0 5255.838785298591 27039.53743280295 255106.80900341333 299172.33302113856 79351.31002926663 310622.6291701255 155115.45472848284 211811.93116824087 100852.24351220288 90622.83884865839 325259.93056167586 90928.9532963185 195607.79987790642 64444.90462091605 25776.931902696044 21363.807351718096 0.0
35253.40791356727 36972.576152440975 41239.290410558286 20662.83649817819 57221.88860165871 31600.107867937735 49803.277566809185 129044.08480800976 88746.31503555202 100823.03463722905 99965.04137026641 58517.29696529162 0.0 7601.842620261403 4671.2444293235185 23071.941441288127 0.0 19104.015378372824 54022.22470077624 66237.52201365477 16802.627347099613 0.0 0.0 0.019028348959192764 0.007141524123124196 0.0440517155473587 99261.08536247368 388376.99656179606 354187.3169992968 452929.3829108455 370398.25820706214 349159.8423570174 260691.33914712226 477591.68308753055 537682.2607337105 306847.9350471467 280076.75188469415 101589.73070463413 174573.11411488886 51086.764218930184 191703.7522895165 0.0 131985.3931424128 8130.584880599355 0.0 398304.9451387617 462071.58370978374 444579.8514953601 224593.26869211433 97706.06051141849 140886.2151427878 205053.9928509677 396464.84644086304 171576.60552214453 111477.78839130834 146321.23292397207 81738.67382745243 11123.39147387147 12056.931737112223
20646.77100528082 1648.085151398095 1946.0457786817997 31360.93389439034 64971.78142860202 89604.01527845567 23635.448992815996 93714.92014223248 51014.35906361423 5762.600883277633 31116.79505939894 6571.625432505352 19934.648135051986 15169.999907956782 59175.13586693568 32951.839603129476 38174.59433116161 56001.303847414616 31384.292230629228 5884.931251433005 81444.94414819193 30019.919366507933 0.0 0.0 0.0 155827.19034554588 208010.49449155314 701361.8690220042 523393.98134409764 756891.9127245507 540614.8019173315 395888.90459224593 329095.367513546 393102.65827864053 354865.5759874298 411970.17017631046 440650.2472650239 344121.84260496247 326436.36602467264 395700.28838140675 589445.7853459298 428286.2253930833 75151.27748898727 323459.78321561066 86379.12781338047 459101.42072599515 501546.5059554868 484590.2344509702 469709.2994333624 231002.1567943491 201155.9163425572 233603.46520301368 308412.87098931073 187700.76590000643 195974.46865023786 246654.61842517558 179882.2228195853 58939.050589495135 14256.449846536576
30024.112658932638 15876.250107388185 3610.5137480421777 9151.02804346769 49317.40039070563 23085.260058654047 8556.6953830206 7136.082634975696 10773.55633519048 24396.13643323 5416.4958862637495 0.004945764613319627 30066.214206799857 20800.13016437466 33420.18887137967 112609.89849025036 231742.9995015115 150785.0517503276 15849.132887952892 20282.91134603478 0.0 19096.342140071065 30568.36143836093 48550.615049865024 186661.2521841373 591735.186483799 713485.1164673858 727647.1346705264 382425.474233687 452797.6455037385 667271.3062623717 580851.7026844054 498054.68150511937 447588.70722256356 342922.13527713047 378736.8800503324 419002.9155722958 546435.2474430716 364843.7886413813 362654.7403802678 423892.63503642177 444025.18074104056 449728.4043882679 510837.23889599973 492749.30684218695 448657.99940085266 561895.0380821225 452257.4735359506 464347.2249868247 388396.6917180852 367504.90206276387 305217.0933170541 323868.84576512885 342859.07369286986 197642.7861050649 223439.40098772326 143694.6571891823 177676.82221896146 67605.1315911837
39603.39289459628 26194.364189697942 16043.471156387897 16215.780027041219 9447.59274914848 4192.685984150096 19649.63099729908 260.52664695372084 102.97984567095409 253.84686824203058 0.0 0.0 4193.72060299484 0.0 3272.140843798781 5762.782413017548 243702.33612411702 162233.0039767295 0.0 15003.588120930508 0.0 0.0 20238.089062877436 440465.1743780726 679889.3217315747 681485.26267324 410830.8520423235 603393.1565207423 597907.4247557719 765289.1629132279 761470.8282284422 546880.4922480833 560078.6188360439 494262.2005402272 401308.43604260386 326490.69607440446 322825.6019716771 320543.16294245725 438500.69905734865 455501.25431138114 450151.47874982335 566926.4122696585 470090.30260842707 458174.11777986493 391264.83109003183 441176.77081617445 307808.32091409934 322111.36001264886 205467.5713069302 302416.20009213954 293867.36817846505 229117.4009528503 283775.54628817795 459105.9201452895 270829.3103112421 316978.4539362256 345781.62860067195 253116.5953597553 185378.09397083588
125233.18382517254 61304.51846339527 22153.236223340446 4734.992642959727 0.0 0.0 0.0 0.0 -9999.0 -9999.0 -9999.0 -9999.0 -9999.0 -9999.0 -9999.0 106.08680846398944 123754.49616422212 200659.87436593144 22862.37594814339 22933.575529132657 0.0 0.03986958519710014 432151.83400420676 738322.2955938913 904348.9952019262 1019765.2720334918 366379.47846799984 543282.2643097019 696819.8412688952 833303.2699622932 502614.69326461735 403069.8296132968 348915.5097866831 646366.4123778713 389728.07330115396 239131.4431920119 394957.3690737556 159606.5087829513 145729.60684866828 331236.0503234017 479060.28000433336 464183.8658221884 240480.62819714748 330297.8277980182 215951.70934958264 214219.480204674 277527.4111487376 317630.53292104794 357391.0976066464 389187.14167916833 407881.7089903375 460971.90459898364 314415.4685979499 196624.11107377574 372640.85461423907 340802.9365120443 357011.53587558545 244836.82316878194 226393.47043774166
49747.24662763218 101848.58743668483 26974.294934040227 0.0 41.78582357616522 0.0 -9999.0 -9999.0 -9999.0 -9999.0 -9999.0 -9999.0 -9999.0 -9999.0 -9999.0 -9999.0 44589.07821466269 155078.85653072965 40363.23005941646 0.0 32452.79129300347 0.0 492888.4739575014 1085315.9633017518 1148109.5996447 1025068.4245400267 441474.6206796756 510331.94937922707 582654.4778045415 469072.2867281813 267438.37212221936 227084.82843921633 230944.3872034085 392402.72299358726 209115.75992202928 223283.20793045335 447404.4400506806 144531.00808078915 104220.56162415435 125753.50382208964 408285.5201735638 233448.6346955087 239383.3856241219 253615.51578701072 270577.143710564 258413.11863369873 305503.5092184445 330471.5061039585 442435.0028559233 530525.501190563 516542.0001741507 136044.2611541256 135329.18022545858 191805.4059619364 371669.4600509095 183094.56142985585 355691.4824231703 299867.3749276039 307195.76667464187
-9999.0 2291.901583458532 0.0005285345533298452 -9999.0 -9999.0 -9999.0 -9999.0 -9999.0 -9999.0 -9999.0 -9999.0 -9999.0 -9999.0 -9999.0 -9999.0 -9999.0 3770.115316754773 238403.56050991436 145117.4933464858 130408.65191696357 299557.92129643966 0.008688405865317776 78747.86148351099 1166040.2537434695 1280218.5365637206 739807.4041497296 1070808.153517211 790264.5596886696 447633.39043258416 332093.408776535 261089.17726352514 303478.0076908398 316567.33436520485 381993.64766518504 170751.4977378892 363448.3029904017 297804.36802060483 201373.9333200493 187031.16657190453 159223.05094253583 250033.5716432591 289817.5396654067 331348.7214235234 88536.9175246248 230919.00011296963 266719.2607258627 242793.27908318213 279976.4792394731 296982.00425627094 453994.3911550086 423028.7790294635 140040.59746223537 164256.2483236118 167276.66454458586 334392.12516265333 141325.59169942606 226431.7826976947 226328.54775355838 277164.6495040742
-9999.0 -9999.0 -9999.0 -9999.0 -9999.0 -9999.0 -9999.0 -9999.0 -9999.0 -9999.0 -9999.0 -9999.0 -9999.0 -9999.0 -9999.0 -9999.0 -9999.0 34364.396216154455 95492.78082573459 109180.29641110892 -9999 -9999 -9999.0 117962.5686746912 900496.7356735212 782347.1884150454 989625.5940174059 820689.8897002072 97918.56313920578 172938.71409792567 231294.91966566653 240002.8651649351 272437.0693211505 504809.9902242912 261649.4377780279 270026.3146495562 296848.64266055886 122548.20982832022 167270.2336567209 53740.110087594476 262366.29411740904 220858.58532670085 112367.12170656728 254889.70434895012 237492.42647510124 277817.81040969765 313512.5674362026 283774.3184134933 210032.367039851 131853.47303368663 270802.2727379054 117343.81842881389 128462.78690163603 103620.59221858415 145784.25595579355 137691.4269070046 154309.97488769743 353425.44849012076 302828.20332225674
-9999.0 -9999.0 -9999.0 -9999.0 -9999.0 -9999.0 -9999.0 -9999.0 -9999.0 -9999.0 -9999.0 -9999.0 -9999.0 -9999.0 -9999.0 -9999.0 -9999.0 -9999.0 -9999.0 -9999.0 -9999.0 -9999.0 -9999.0 446930.8637143895 -9999.0 186729.4195458085 602220.0423584958 614996.0053631527 411682.06540529034 223053.7521764599 245002.3164417916 237579.9531483652 258694.06109052632 299311.9903224922 346252.5426268528 358703.92955053813 280974.5108859965 191988.53454993933 120991.8260215591 96604.20675055386 112702.53530812895 45827.284149849256 47760.43620024672 207590.1592128435 170004.83889338153 317797.7501756133 357249.6215027759 286709.38568784983 56674.335795364095 26871.506865245625 37570.76989011537 72876.12974250736 17110.875370770947 105520.53145062852 110867.46957557801 119566.80060152103 204851.5483400134 325827.9642157767 341412.06519798096
-9999.0 -9999.0 -9999.0 -9999.0 -9999.0 -9999.0 -9999.0 -9999.0 -9999.0 -9999.0 -9999.0 -9999.0 -9999.0 -9999.0 -9999.0 -9999.0 -9999.0 -9999.0 -9999.0 -9999.0 -9999.0 -9999.0 84570.29555838999 465425.7054628822 -9999.0 48191.51421597947 799610.1855045627 795086.3157851778 495713.0556287834 381622.5438836388 367432.30630525673 395626.4931217222 434304.67153687676 406512.91280393087 355345.62042567896 300875.74218049634 237289.45133864862 154252.5236507901 209549.05726340102 133611.74120261695 129256.50992348354 123096.82009173062 85432.53930137846 331137.75953188405 287434.66128931305 205740.2386290243 255553.8769391369 104781.66345373867 51824.527812967644 50848.36154162183 56237.500334361546 63899.28487861756 49693.401716503984 44129.70918346631 149038.00430645965 169847.49682257147 179582.73492783803 180729.33045615326 204880.8832654333
-9999.0 -9999.0 -9999.0 -9999.0 -9999.0 -9999.0 -9999.0 -9999.0 -9999.0 -9999.0 -9999.0 -9999.0 -9999.0 -9999.0 -9999.0 -9999.0 -9999.0 -9999.0 -9999.0 -9999.0 -9999.0 -9999.0 -9999.0 -9999.0 -9999.0 110222.81634498625 729907.5209990342 690052.355667375 470672.2826158485 446987.17735182313 387034.08812743396 385364.78877076134 404777.6556418947 376118.81447613484 438774.4170809577 403937.9414498448 207902.58821025307 181072.38701685297 168296.31851137918 172977.3901561077 98498.45400165598 112161.36460932164 117420.02133890227 16495.11996222884 87922.45382744372 83294.54017784758 123793.14123020935 77047.38145288637 72036.26311339147 80652.40653240716 47392.13171694371 57009.12087870922 64196.79803147555 66810.73076973752 60592.3715369911 64687.100916270225 189851.02471766828 195009.6501156485 205609.75230745156
-9999.0 -9999.0 -9999.0 -9999.0 -9999.0 -9999.0 -9999.0 -9999.0 -9999.0 -9999.0 -9999.0 -9999.0 -9999.0 -9999.0 -9999.0 -9999.0 -9999.0 -9999.0 -9999.0 -9999.0 -9999.0 -9999.0 -9999.0 -9999.0 -9999.0 156987.8017055003 728595.5748843284 576893.5504495754 358573.02828353556 398870.61852601013 408191.9609362695 410413.2925450167 438419.20264828723 441609.67903236055 503514.0897291389 408152.0606446551 350516.1493054566 300086.83832966327 272653.24844553776 198070.37495578063 161414.4912917643 11192.108513555324 32224.39917558878 22316.818012615768 0.0 0.0 30946.24232987413 180982.55584704143 140908.61589151868 103330.54085764983 22687.382449478642 98978.11916805025 88617.19027782885 76033.12678946106 89030.78919205496 97819.13123449919 122185.9716260692 196117.53128647272 291091.0255979425
-9999.0 -9999.0 -9999.0 -9999.0 -9999.0 -9999.0 -9999.0 -9999.0 -9999.0 -9999.0 -9999.0 -9999.0 -9999.0 -9999.0 -9999.0 -9999.0 -9999.0 -9999.0 -9999.0 -9999.0 44772.46259769053 -9999.0 -9999.0 -9999.0 -9999.0 321785.74649448233 739956.8238539178 642967.2766416107 498664.5041311907 452939.06189367274 442042.39480828115 428073.623723887 452106.5906204154 483191.8608595117 399145.89917576767 292841.69066607486 363170.0398415928 283768.97592883056 292461.90770310065 215799.98809278145 42165.12856590346 69893.59245374786 150585.80641402423 69497.66093391359 95907.45869865917 128374.56490243244 76015.08679897894 176772.82801054022 177655.91949800402 125424.67448974567 140131.49894342816 151332.9747869217 172330.99121454876 98976.75918881729 116827.68609830113 149057.63226215518 151713.62638009977 126851.01404641583 118891.13044040446
-9999.0 -9999.0 -9999.0 -9999.0 -9999.0 -9999.0 -9999.0 -9999.0 -9999.0 -9999.0 -9999.0 -9999.0 -9999.0 -9999.0 -9999.0 -9999.0 -9999.0 -9999.0 -9999.0 -9999.0 -9999.0 -9999.0 -9999.0 -9999.0 65795.77009700885 757069.4580476428 729987.9839668642 694686.1622853623 615970.9839722603 494045.7549630446 425647.29110741935 420059.4107449428 473542.2624484233 485162.5933373721 436370.3823842239 396312.18601627153 311794.0248445927 309884.2414751159 284365.26291603537 259038.97500495255 17574.860183778826 35745.762825675985 131188.00762491443 91585.44217692269 89921.23619381464 91945.49024441808 104044.84204201301 227560.1441554244 194279.1614151833 191829.8954050251 173636.83633476758 177794.4982801139 160952.3558711909 191454.10199266276 141534.52924399785 159573.41257507433 156901.88170113842 138368.7903823943 105212.91503002343
-9999.0 -9999.0 -9999.0 -9999.0 -9999.0 -9999.0 -9999.0 -9999.0 -9999.0 -9999.0 -9999.0 -9999.0 -9999.0 -9999.0 -9999.0 -9999.0 -9999.0 -9999.0 -9999.0 -9999.0 -9999.0 -9999.0 -9999.0 -9999.0 31066.96955094796 543502.9605115575 772701.4972808546 597800.576634767 520948.28806822555 461320.0563410454 453024.6028982991 398967.29530076636 437496.86116946803 434263.91382791824 425872.1348661596 501993.28488474176 329528.27547235397 242108.62816320863 241394.7405134605 78853.17170385263 54643.54469361295 75167.73347204087 89114.6266679766 81162.45925534584 105403.45310725246 109937.89189468978 291967.0880663243 293237.30570340564 274030.0157714173 257471.897787457 237513.82696356572 208422.70950213567 186828.4418963676 130382.03755967792 165136.86023078868 167144.92371383426 137568.92711876586 103342.22597717834 71992.4460643301
-9999.0 -9999.0 -9999.0 -9999.0 -9999.0 -9999.0 -9999.0 -9999.0 -9999.0 -9999.0 -9999.0 -9999.0 -9999.0 -9999.0 -9999.0 -9999.0 -9999.0 -9999.0 -9999.0 84111.13200436025 -9999.0 -9999.0 -9999.0 -9999.0 55589.85783540668 277304.62361675716 530545.6334414373 460248.5309547519 583245.2034459886 418731.28951648925 440160.5318508797 415916.80182066123 435448.2769176333 438561.7862396013 421633.90589811245 290122.1750366193 283513.11810142215 230424.67526259343 28839.194018181348 51507.60854511926 5827.393876038084 84132.40918952889 55313.06457834452 88029.45425205494 346912.9230234833 321745.74637413956 352636.3292057415 368455.1231052294 378982.23681162205 369209.35324105056 300329.3249278706 235885.98123179426 232303.24312146445 206681.73325188423 265084.7604273403 169303.14438233737 155409.87906447225 100874.47825748003 184507.09863597437
-9999.0 -9999.0 -9999.0 -9999.0 -9999.0 -9999.0 -9999.0 -9999.0 -9999.0 -9999.0 -9999.0 -9999.0 -9999.0 -9999.0 -9999.0 -9999.0 -9999.0 -9999.0 -9999.0 -9999.0 -9999.0 -9999.0 -9999.0 -9999.0 127296.88052104217 839470.174231826 709374.3688267155 477375.0411180976 532026.7333229516 437402.84989044565 483587.4354684253 397815.7062800438 512744.83004896744 487792.26670104667 331759.68275189126 275525.5715389515 304502.9411652059 356130.0384145997 6572.7866417884425 6862.4786458021945 64182.31689454912 65460.5291667494 37415.87433395325 130629.04837773117 98561.2684892345 229268.37748755736 452508.3958460327 534315.1140781442 564568.015671636 403314.25365769456 377776.49353513855 268796.30277981964 275412.7379840359 256691.47013664976 298488.9212656197 246940.1509548515 257279.82423129125 210298.38911482992 116428.84053486686
-9999.0 -9999.0 -9999.0 -9999.0 -9999.0 -9999.0 -9999.0 -9999.0 -9999.0 -9999.0 -9999.0 -9999.0 -9999.0 -9999.0 -9999.0 -9999.0 -9999.0 -9999.0 -9999.0 -9999.0 -9999.0 -9999.0 -9999.0 34251.84765109674 103927.39585996281 305792.6444650341 345264.09585893713 433599.91507144074 649904.0329787222 489308.8514829892 373953.01257792936 474072.1118529647 522146.62855487294 485365.2556199599 295357.637868913 248954.28974848762 178603.43303519645 204093.37405492362 101966.95333566621 6474.771903561104 121167.06513133028 99161.74934618887 45174.35724496239 402733.3969935274 434410.2984597509 438644.6050527168 583403.5361040324 639526.8419228252 655475.1438597052 430537.6958472715 393069.74046055175 393892.65666387614 261849.7399650374 318262.05793020944 396454.05945605395 290425.2543095741 246636.5519030896 216439.8235985335 106064.06265328905
