critload/trunk/output/2010/ngw_nat_rec.asc
ncols 720
nrows 360
xllcorner -180
yllcorner -90
cellsize 0.5
NODATA_value -9999
[rows 26 to 51 of 360, columns 649 to 707 of 720]
-9999.0 -9999.0 -9999.0 -9999.0 -9999.0 -9999.0 -9999.0 -9999.0 -9999 -9999 -9999.0 -9999.0 -9999.0 -9999.0 -9999.0 -9999.0 -9999.0 -9999.0 -9999.0 -9999.0 -9999.0 -9999.0 -9999.0 -9999.0 -9999 -9999.0 -9999.0 -9999.0 -9999.0 -9999.0 -9999.0 -9999.0 -9999.0 -9999.0 -9999.0 -9999.0 -9999.0 -9999.0 -9999.0 -9999.0 -9999.0 -9999.0 -9999.0 -9999.0 -9999.0 -9999.0 -9999.0 -9999.0 -9999.0 -9999.0 -9999.0 -9999.0 -9999.0 -9999.0 -9999.0 -9999.0 -9999.0 -9999.0 -9999.0
-9999.0 -9999.0 -9999.0 -9999.0 -9999.0 -9999.0 -9999.0 -9999.0 -9999.0 -9999.0 -9999.0 -9999.0 -9999.0 -9999.0 -9999.0 -9999.0 1.1522140241178147 -9999.0 -9999.0 -9999.0 -9999.0 -9999.0 -9999.0 -9999.0 -9999.0 -9999.0 -9999.0 -9999.0 -9999.0 -9999.0 -9999.0 -9999.0 -9999.0 -9999.0 -9999.0 -9999.0 -9999.0 -9999.0 -9999.0 -9999.0 -9999.0 -9999.0 -9999.0 -9999.0 -9999.0 -9999.0 -9999.0 -9999.0 -9999.0 -9999.0 -9999.0 -9999.0 -9999.0 -9999.0 -9999.0 -9999.0 -9999.0 -9999.0 -9999.0
2.277566815351854 -9999 -9999.0 -9999 -9999 -9999.0 -9999.0 -9999.0 -9999.0 -9999.0 -9999.0 -9999.0 -9999.0 -9999.0 -9999.0 -9999.0 -9999.0 -9999.0 -9999.0 -9999.0 -9999.0 -9999.0 -9999.0 -9999.0 -9999.0 -9999.0 -9999.0 -9999.0 -9999.0 -9999.0 -9999.0 -9999.0 -9999.0 -9999.0 -9999.0 -9999.0 -9999.0 -9999.0 -9999.0 -9999.0 -9999.0 -9999.0 -9999.0 -9999.0 -9999.0 -9999.0 -9999.0 -9999.0 -9999.0 -9999.0 -9999.0 -9999.0 -9999.0 -9999.0 -9999.0 -9999.0 -9999.0 -9999.0 -9999.0
33.25555984371812 -9999.0 -9999.0 22.382514075274926 37.57897275052067 17.7482536807607 100.6812643379811 77.80294377699589 0.0 26.4942510520022 0.0 5.766824916005949 -9999 -9999.0 -9999.0 -9999.0 -9999.0 -9999.0 -9999.0 -9999.0 -9999.0 -9999.0 -9999.0 -9999.0 -9999.0 -9999.0 -9999.0 -9999.0 -9999.0 -9999.0 -9999.0 -9999.0 -9999.0 -9999.0 -9999.0 -9999.0 -9999.0 -9999.0 -9999.0 -9999.0 -9999.0 -9999.0 -9999.0 -9999.0 -9999.0 -9999.0 -9999.0 -9999.0 -9999.0 -9999.0 -9999.0 -9999.0 -9999.0 -9999.0 -9999.0 -9999.0 -9999.0 -9999.0 -9999.0
-9999.0 -9999.0 -9999.0 -9999.0 -9999.0 -9999.0 28.891697673303387 0.0 0.0 0.0 0.0 4.292022193141091 2.842345542013383 -9999.0 -9999.0 -9999.0 -9999.0 -9999.0 -9999.0 -9999.0 -9999.0 -9999.0 -9999.0 -9999.0 -9999.0 -9999.0 -9999.0 -9999.0 -9999.0 -9999.0 -9999.0 -9999.0 -9999.0 -9999.0 -9999.0 -9999.0 -9999.0 -9999.0 -9999.0 -9999.0 -9999.0 -9999.0 -9999.0 -9999.0 -9999.0 -9999.0 -9999.0 -9999.0 -9999.0 -9999.0 -9999.0 -9999.0 -9999.0 -9999.0 -9999.0 -9999.0 -9999.0 -9999.0 -9999.0
-9999.0 -9999.0 -9999.0 -9999.0 -9999.0 -9999.0 -9999.0 -9999.0 -9999.0 -9999.0 -9999.0 -9999.0 -9999.0 -9999.0 -9999.0 -9999.0 -9999.0 -9999.0 -9999.0 -9999.0 -9999.0 -9999.0 -9999.0 -9999.0 -9999.0 -9999.0 -9999.0 -9999.0 -9999.0 -9999.0 -9999.0 -9999.0 -9999.0 -9999.0 -9999.0 -9999.0 -9999.0 -9999.0 -9999.0 -9999.0 -9999.0 -9999.0 -9999.0 -9999.0 -9999.0 -9999.0 -9999.0 -9999.0 -9999.0 -9999.0 -9999.0 -9999.0 -9999.0 -9999.0 -9999.0 -9999.0 -9999.0 -9999.0 -9999.0
-9999.0 -9999.0 -9999.0 -9999.0 -9999.0 -9999.0 -9999.0 -9999.0 -9999.0 -9999.0 -9999.0 -9999.0 -9999.0 -9999.0 -9999.0 -9999.0 -9999.0 -9999.0 -9999.0 -9999.0 -9999.0 -9999.0 -9999.0 -9999.0 -9999.0 -9999.0 -9999.0 -9999.0 -9999.0 -9999.0 -9999.0 -9999.0 -9999.0 -9999.0 -9999.0 -9999.0 -9999.0 -9999.0 -9999.0 -9999.0 -9999.0 -9999.0 -9999.0 -9999.0 -9999.0 -9999.0 -9999.0 -9999.0 -9999.0 -9999.0 -9999.0 -9999.0 -9999.0 -9999.0 -9999.0 -9999.0 -9999.0 -9999.0 -9999.0
-9999.0 -9999.0 -9999.0 -9999.0 -9999.0 -9999.0 -9999.0 -9999.0 -9999.0 -9999.0 -9999.0 -9999.0 -9999.0 -9999.0 -9999.0 -9999.0 -9999.0 -9999.0 -9999.0 -9999.0 -9999.0 -9999.0 -9999.0 -9999.0 -9999.0 -9999.0 -9999.0 -9999.0 -9999.0 -9999.0 -9999.0 -9999.0 -9999.0 -9999.0 -9999.0 -9999.0 -9999.0 -9999.0 -9999.0 -9999.0 -9999.0 -9999.0 -9999.0 -9999.0 -9999.0 -9999.0 -9999.0 -9999.0 -9999.0 -9999.0 -9999.0 -9999.0 -9999.0 -9999.0 -9999.0 -9999.0 -9999.0 -9999.0 -9999.0
-9999 -9999 -9999.0 -9999.0 -9999.0 -9999.0 -9999.0 -9999.0 -9999.0 -9999.0 -9999.0 -9999.0 -9999.0 -9999.0 -9999.0 -9999.0 -9999.0 -9999.0 -9999.0 -9999.0 -9999.0 -9999.0 -9999.0 -9999.0 -9999.0 -9999.0 -9999.0 -9999.0 -9999.0 -9999.0 -9999.0 -9999.0 -9999.0 -9999.0 -9999.0 -9999.0 -9999.0 -9999.0 -9999.0 -9999.0 -9999.0 -9999.0 -9999.0 -9999.0 -9999.0 -9999.0 -9999.0 -9999.0 -9999.0 -9999.0 -9999.0 -9999.0 -9999.0 -9999.0 -9999.0 -9999.0 -9999.0 -9999.0 -9999.0
0.0 74.98717422427208 88.07307685276193 152.62033701027076 80.92101001225635 56.88251578457204 104.40676085732397 88.8123562507583 37.70752031872712 0.990666608773896 -9999 -9999.0 -9999.0 -9999.0 -9999.0 -9999.0 -9999.0 -9999.0 -9999.0 -9999.0 -9999.0 -9999.0 -9999.0 -9999.0 -9999.0 -9999.0 -9999.0 -9999.0 -9999.0 -9999.0 -9999.0 -9999.0 -9999.0 -9999.0 -9999.0 -9999.0 -9999.0 -9999.0 -9999.0 -9999.0 -9999.0 -9999.0 -9999.0 -9999.0 -9999.0 -9999.0 -9999.0 -9999.0 -9999.0 -9999.0 -9999.0 -9999.0 -9999.0 -9999.0 -9999.0 -9999.0 -9999.0 -9999.0 -9999.0
415.3821276139195 82.77636931405259 12.24509492048354 145.85017099019447 934.5486573660374 788.2330950664 748.504523472522 1056.8963003692038 722.5826688264706 120.96643197789506 173.21024790579278 -9999 -9999.0 -9999.0 -9999.0 -9999.0 -9999.0 -9999.0 -9999.0 -9999.0 -9999.0 -9999.0 -9999.0 -9999.0 -9999.0 -9999.0 -9999.0 -9999.0 -9999.0 -9999.0 -9999.0 -9999.0 -9999.0 -9999.0 -9999.0 -9999.0 -9999.0 -9999.0 -9999.0 -9999.0 -9999.0 -9999.0 -9999.0 -9999.0 -9999.0 -9999.0 -9999.0 -9999.0 -9999.0 -9999.0 -9999.0 -9999.0 -9999.0 -9999.0 -9999.0 -9999.0 -9999.0 -9999.0 -9999.0
416.3089285041951 95.83073986097155 785.3329799638911 424.6877292402983 322.6481059215662 584.5403038183326 577.0904451694798 840.2623145594526 961.7970751661096 269.18285031719563 868.1795385999189 295.5418477551003 74.8588671250619 146.00286119694516 0.3029432511611101 -9999 -9999.0 -9999.0 -9999.0 -9999.0 -9999.0 -9999.0 -9999 -9999 -9999 -9999 -9999.0 -9999.0 -9999.0 -9999.0 -9999.0 -9999.0 -9999.0 -9999.0 -9999.0 -9999.0 -9999.0 -9999.0 -9999.0 -9999.0 -9999.0 -9999.0 -9999.0 -9999.0 -9999.0 -9999.0 -9999.0 -9999.0 -9999.0 -9999.0 -9999.0 -9999.0 -9999.0 -9999.0 -9999.0 -9999.0 -9999.0 -9999.0 -9999.0
195.95864433430705 537.8805684557639 693.892147375893 1313.8289312282373 955.3429636629863 733.7499687942039 758.896641459149 796.3466608339 2872.6197223534705 1860.8868317791837 1362.1980694372523 745.9702341626164 770.8874750264366 772.5899492278669 735.8280043450288 254.06275679527988 12.991405791831692 111.72435635787721 91.80344582744804 148.50421723769637 148.99983078445842 225.7959761885409 169.89609252225912 423.8456356959536 112.30719758303016 15.046116511394462 6.705247947619048 63.19838799467788 98.74297923925714 16.308913198949142 1.256621429336664 -9999.0 -9999 -9999.0 -9999 -9999.0 -9999.0 -9999.0 -9999.0 -9999.0 -9999.0 -9999.0 -9999.0 -9999.0 -9999.0 -9999.0 -9999.0 -9999.0 -9999.0 -9999.0 -9999.0 -9999.0 -9999.0 -9999.0 -9999.0 -9999.0 -9999.0 -9999.0 -9999.0
619.452549795823 716.9991806000189 740.2237101802533 553.0600719802147 1835.3038119427315 890.481015116755 2267.308236338252 1382.1034268383576 764.0511974533082 710.9002524570374 780.6650939643582 860.7918457647738 946.8747077548683 548.3589999911679 401.1036317455587 359.5892395915785 1039.9826384177668 399.9208138744816 387.584953100627 373.23420705290073 224.1790751377507 399.7365196485107 176.88815452533728 608.8484907865248 267.03136898602213 696.0420378586638 608.7030584220298 149.81087518160552 190.40205853240747 168.14708548328278 157.98012232816347 3.6836216430951696 -9999.0 -9999.0 -9999.0 -9999.0 -9999.0 -9999.0 -9999.0 -9999.0 -9999.0 -9999.0 -9999.0 -9999.0 -9999.0 -9999.0 -9999.0 -9999.0 -9999.0 -9999.0 -9999.0 -9999.0 0.0 -9999 -9999.0 -9999.0 -9999.0 -9999.0 -9999.0
344.8585015146028 576.6882996025784 710.4657151107637 1494.4936000635485 1322.3982939314392 1084.4128094905736 3270.85144161215 826.1400862934136 859.4983237366196 861.6087682795559 949.0939570130721 1104.6765217395566 1220.3834124223515 997.6478707188334 709.6341448989269 577.95993001053 843.8571375444951 405.8330779964389 401.100721171164 969.6236662795096 929.4379801539767 206.99965996781685 537.7417538749712 336.939061245736 183.4121399784132 386.1356108246035 334.7476428541232 441.1726201358954 221.9006763406041 301.3431784120439 233.93900586524066 0.0 7.72500042777155 -9999 -9999 9.240402956259215 6.837913234115278 107.70077849559964 0.28082949016136205 8.099810524337746 -9999 0.0 0.0 -9999 -9999.0 0.3389719664555811 37.3530488566423 159.32547868549383 84.35396186619651 5.580261219117925 -9999.0 0.06304567300029 307.63124162759664 628.9307839540295 851.401838220454 681.6001697897967 433.9386890939975 180.49367538147823 224.16562640190867
2471.4631355369556 2656.486602120323 2146.540952114663 2361.5369182744885 1841.9840603934317 2144.6255722447363 1683.2030673017719 3449.9672393067985 3475.116346625103 2810.8367792386607 1560.8106631569342 1638.5113259099091 1056.1747367120652 1107.908759871413 891.4679927057878 1231.3471079452513 1051.3782310095928 1203.986539662713 974.1843040740907 544.8740583684058 831.5712098919347 667.9373061150103 831.6751335290705 786.5039852951612 541.3403176302018 830.7734694978082 329.97605393967194 178.3169783683499 558.7978627359696 567.3749403981507 324.9101222908967 81.69272158549964 370.7852318550207 154.32510483605017 471.76640183109464 659.2996171708546 337.66029645410845 476.9714620581599 623.0236926963671 917.3949391524114 427.5882938429394 364.0375207028755 330.9162757142402 151.8721905586283 157.2034503416861 249.7174173160972 387.6278800772887 159.26121208603325 0.0 0.0 -9999.0 -9999.0 0.0 325.16506869358807 457.9886622814902 513.2202878090455 520.7091384819139 462.27954527272226 497.65588172654753
2063.9441766262335 1611.8589395904276 1974.09925167384 1906.584882039697 2116.44265830453 1839.075216954027 2224.1821266830057 2433.3378964620383 1885.0529148476337 2857.200998299308 1905.2455873999893 1683.9515891572394 1555.7220661433178 968.1333849244609 728.4009470014505 1054.7304227232883 728.3571647757449 663.1033284949592 413.8806899417294 677.7311772281914 575.3725281531098 633.6722563297438 658.255717977061 524.091441117853 1290.0664708963893 427.6830330715416 824.5626348867803 699.5881011544699 699.3589625932624 678.1188871597076 368.8552917123862 237.60133743479292 372.04893266643313 337.8162911893853 1297.7777200822202 948.0132376793817 1023.9199972147093 1274.1602751526211 931.9355403406184 939.2454021262214 3214.1786052282873 2099.0817810549415 1458.1390167324307 1360.8511601499272 1333.857534111342 520.9509994335139 498.42468307962406 509.54628763020935 485.5676372417269 473.60385380020386 197.80380365171422 182.0088341575041 356.8170331717936 520.6959559787463 526.7265219725365 670.0221235886629 1002.9333440411632 1414.0886478195318 889.0332175043251
867.0793842290775 1162.6856075936896 1534.7466795887426 1651.0230169055128 3729.253270926766 3705.2613146215804 4437.467778026823 5694.6807878178015 3021.4496191826597 3831.2350489064174 1790.8628783317092 505.97514849006836 326.7704205761982 958.7821588732529 283.7726137578603 1108.7874144124855 1118.5093177278493 732.8439341245066 1369.3326392036147 1461.7423319951797 594.0375860769376 594.8928236565503 774.9004234323978 1071.3209407849324 1522.6397257191181 926.0671551514591 715.6947525013356 676.9654360813528 822.9194756484234 627.4209755961342 1126.2897539964486 469.5259601122234 515.2821585364193 1278.0703672910558 792.1342452426986 1268.7583585365105 1325.7810738444746 1751.8621435560142 2780.9284753738284 2571.537906777486 925.260146715175 1037.6422221468395 3003.856325912719 2146.0643870596396 1875.5818191425938 1889.116767501746 1822.1469455442414 2735.9358933729727 2630.0272189208767 922.3542879400442 989.2493045594772 867.1158240361941 665.2187721882847 592.3971637599232 1079.10959950995 1801.7217700114177 1978.34005467707 2171.878851328176 2145.9491659524588
542.9955479897816 1580.6846548520202 2188.3949752714666 1811.4308900051772 2403.4308624395053 2303.0715555994707 7928.889084423695 10693.450271240272 3203.792783381532 2955.173885333899 1739.8821862202883 1948.0514763487083 2031.9975360163774 1488.0286038687002 1085.3689194415147 1623.6360968487425 879.9112263888201 1702.2854831354734 1158.1908076118111 1289.7191266860646 834.9412576700762 1079.7291658566608 721.0821559858399 1270.7873221205978 1189.6245000777958 2184.303333841858 2714.7406595709176 1120.7409626315527 1098.2460414692207 4092.913358366355 5431.370759871506 2849.6918125785533 1437.2520849087168 466.8236474437593 774.0880216069646 512.2368838495485 2532.7695009197046 2522.6323641218064 3009.85020584565 3414.2109168843936 3005.77017494931 2365.004330166267 1220.2127106634161 2361.510675590577 3145.3249142551463 3409.1158471412027 4540.241323773612 4467.9563604655405 5557.951896584317 6127.440339461321 5724.120171706879 2173.870421214154 2071.6554886643357 2149.455741052634 2095.3704900446946 2314.0468146244334 2209.4272543751154 6184.855966771101 6821.624855235627
1300.992828352206 1558.4625826534436 1829.1906701393498 1858.8206448146188 2214.484247765699 1934.7939861088548 3906.716971124418 5173.12846244011 5140.285724005446 3517.3791299713403 1516.7194544096226 739.5600899781168 1135.2447650489564 1462.7044583883605 1207.3731388118138 850.9294594522545 1279.5518514385442 685.0265097819878 795.7269000578642 749.2343998366282 785.3342343204266 1137.8073483365865 1810.1941640177158 2128.982223841254 2024.0775833167093 1655.5336029206846 6157.335988622361 3303.4736533751066 856.0194696661523 1178.2168368411246 2551.822442589069 7146.7515324319575 4979.867161855627 4009.4240838024516 2811.831888142676 840.4963643647153 2766.821190251035 3565.6526853484 5724.682299031052 3541.5321581858843 2608.399224256301 2719.503636071432 1976.338602236565 2056.0986511335627 4044.976551835918 2879.9667890153537 3046.8221136511843 3333.2257337092447 6852.735346099059 6317.9126909564675 6767.3956584046655 6737.306220249328 5681.392559678596 2649.493543237609 2280.2243559409953 4924.760442202267 5770.475868883954 6730.8207182796 7242.53498714546
4300.630082587007 3864.7480070010606 4148.988573945186 2075.9735034117734 1503.3268199054428 1569.3032079357179 2093.6386062679994 2036.1261671205427 2119.778173621542 2548.2807210353803 105.69744661360522 1403.635301267902 1069.4362018374538 1277.7465276502105 888.5328746215785 1635.6292176938257 826.0304718837192 1172.9890760783403 2598.0791462061297 1506.6573617188767 740.1673581054249 709.9235924979649 918.3340122684637 856.6417018652924 2863.7941720422336 1676.6591250665567 1823.182924704169 6405.8464462631455 6973.0119754121115 1729.3770218090087 1860.029607124659 2999.923040372222 2790.122535783285 4555.5198100964335 4104.710644103368 1509.9124384619845 1262.3414850570298 1218.6189191015935 1531.6066551968051 3177.8004321072503 2896.1378288351516 3778.5808887367643 3523.5292309738875 1243.6267954170548 2454.90844539973 3353.0484414726475 3816.3609498186847 8995.82135521882 6812.397584267775 5391.332470255265 6953.161446680726 8437.998600689292 6745.7562616787745 6741.224637995595 7241.590472367425 6756.204055427024 6914.027914413914 2570.025350159274 2548.2108107680883
3832.268820362635 3717.7431884284524 4145.928861205063 4924.744988241605 4196.171585902775 4321.26408387533 1580.6836818908494 1543.9274223134507 1392.7630711688555 1561.0486485000085 1916.0728613820381 228.08636323792618 1771.4397135369277 1169.3344625800398 1056.4159686756034 1008.7344128562662 2104.611455876034 3980.3968802075115 4802.26765120428 2071.367005239436 1506.0679116493309 850.1324773572615 2272.684670507894 2172.2564911846257 2335.4818425539343 1590.7821538535907 2811.3249954413577 4962.977293907928 4146.475946801949 3316.753932862003 6424.141253782898 4021.2956465409234 4112.690457790605 4351.4236523462605 4469.038032427629 4380.541307216405 3952.377241181359 3555.5485314840566 4833.1612056013155 4973.023790675264 3048.8179042953707 4676.191218282694 8689.682890193042 8821.238974156 7916.38239987431 6746.493571189143 5846.13820257793 7870.009270627212 8017.458949894948 6492.8525428205885 8830.893981701282 8633.176942677217 7058.147209752399 7169.035910935505 7289.032092083893 7046.232541556722 2337.9747610442296 2962.059149925406 2788.0432560295203
5210.486810850175 7147.65599836805 5638.58429720179 4656.331691740625 4799.812707384168 4380.291092156895 3958.570934210368 5302.069846348435 4558.912202866313 1664.7633223848798 1484.1708672380998 1286.6327435725473 985.5977571782963 1712.8032894849957 990.3726501670282 4674.92807458044 3013.9778667312803 6098.236972720939 2356.6759691833036 1911.3918794997103 2157.5132841725153 3070.076521292434 1446.1250577769506 1784.432391320499 1595.4739049554753 2574.9775054485713 3143.810538751805 2479.4491654340186 2194.338240395615 2567.386286448119 2367.4845206716786 3316.2507628376734 4596.713940033964 6857.8379830161975 8065.033067167793 6929.1219056322925 7180.674244868466 7363.354163420137 8354.962983355395 7328.746856008738 5838.929193200912 5837.653656156334 6831.314315514495 7612.603655291607 9364.830006471728 9922.371742063837 8586.829061721766 10140.77257196664 7979.0137122795195 7580.203520924543 7927.080505839393 10148.78413803265 7242.823425635882 2592.68464895078 2834.129145579715 3027.0931274514337 3898.2787488021877 2893.9352577983186 2919.7230022179483
6121.900784391821 9847.946407794652 10937.786021917731 8871.502614013847 3597.5231259495527 6567.990327555702 11042.302585727863 10355.66213593461 8742.758282519224 4840.535184601452 1714.3074430955228 908.7703588276729 887.2758087533227 1215.9702952640307 1289.2592667069957 1979.1435131204717 5189.073189710608 5524.796271748383 5208.274185090325 4787.954328618372 1876.4874118797939 1171.5494569414843 2674.983232603105 2842.5097104365327 1745.2807440288311 2680.489888977845 2868.6871867012574 4453.353213461903 4010.2151239107766 2810.483267897879 2925.0574308736195 1537.7390576305143 2711.2931605923613 3206.953833050037 4567.332503838266 8870.461805485804 8184.3844671133575 7409.432766944222 7949.12814285431 4840.4248819178965 4937.882078788785 4225.279690995078 9585.590300143178 8361.284166049407 7555.206145949027 9631.104595993798 7801.021674941159 9043.933487765533 7975.10672756638 8562.066820005572 9525.083248550627 1963.3448892779882 2358.2456672142744 1787.5461820412563 1461.7211146517316 1344.294279768697 1612.7158445781092 1931.9342648090383 1624.7636834614777
7200.575172676772 6561.681855298378 6529.637298469199 11017.522417719749 9273.56815202581 9508.773671871224 9632.782193490604 10763.113748175148 11257.719075641287 10441.053827864032 8402.068304804548 2162.0001608126854 1220.0175031507895 1250.2435532174281 1631.29960100217 2849.655284070679 3457.6321457915114 3600.796809916124 2980.906673599742 1385.33593649424 1224.6984878029803 1322.298377934102 1356.6854839915848 2431.3444513182694 2280.161442730902 2171.8392667104404 4060.662484054403 3716.201880799601 4705.7780710143725 4381.92470309247 3695.0499001484563 1863.3134335969892 1708.2663417906078 4381.24607984247 4509.747948124331 6880.258043395285 7016.149681832499 6205.9615061550585 5248.305125314234 5537.474058698278 5756.501932864721 8486.218821387325 10427.465734751995 11379.476805078368 10690.811439340576 10658.548850089175 13023.292705165857 9184.067306577303 7591.264653572781 6039.173280763772 4599.928391129674 1609.764953386114 2157.0547659983463 2044.556127129472 1998.930664131241 3489.1013970895224 1117.3083298206786 1028.6350217287224 1385.6903413032621
5987.318424236031 4421.044152934636 4405.002909484495 5871.548646599017 3757.041357931532 9419.827669251468 12666.258254030361 11538.746418346234 9038.204502477394 9673.080949041607 10382.464680728837 8503.96471492293 3663.2343536981784 1345.814208476666 3261.0644086879256 4162.899431157195 7121.353071098747 8759.596449924811 3599.2925577811093 1980.8766362449437 2468.9514186132956 2492.221756724808 2972.574746639085 2521.608770668366 4622.5705068554425 4566.047346031843 6043.815132171863 5037.843282219807 3022.796561479337 6536.680365491359 3548.816883229929 4099.0828355365375 3964.828665565913 3980.6652525174222 5914.143601039649 5631.586436474226 6795.0555219269345 6944.967751350724 9817.865607647365 10588.821768808335 9458.601814981983 9082.797799102467 10073.600521496297 12913.927272700937 13295.409987432722 9063.915725087976 7285.429419803046 13415.038453479621 6975.749949044055 6331.124793847708 3964.606383895335 3478.9315828722174 2495.7175459422047 4131.416628215007 1753.162643754334 1419.9728232978823 2502.449623665264 2538.179503075955 1886.2540715704206
