critload/trunk/output/2010/ngw_nat_rec.asc
ncols 720
nrows 360
xllcorner -180
yllcorner -90
cellsize 0.5
NODATA_value -9999
[rows 52 to 77 of 360, columns 354 to 412 of 720]
-9999.0 -9999.0 -9999.0 -9999.0 -9999.0 -9999.0 -9999.0 -9999.0 -9999.0 -9999.0 -9999.0 -9999.0 -9999.0 -9999.0 -9999.0 -9999.0 -9999.0 -9999.0 -9999.0 -9999.0 -9999.0 -9999.0 7396.225556908021 53994.127647149035 15596.393328848388 28600.77862909814 69217.79329014049 58782.754071057614 53267.80760641731 84894.62919948518 75710.9180288595 51549.33782223964 42475.50200560845 31720.677139904168 17191.491235036203 6756.021573446663 4622.739946236157 20166.89535110618 19920.960023493382 22842.157221494024 18006.632316492924 23825.7396082482 30618.151859020956 32314.23447400616 29412.53737907252 21495.703633229336 16377.96175135449 5540.377881952732 -9999.0 -9999.0 -9999.0 0.0 11386.956383882014 15239.736457323306 22331.810445810035 17616.639265297315 16612.744044159786 10942.31471487456 16360.964844145856
-9999.0 -9999.0 -9999.0 -9999.0 -9999.0 -9999.0 -9999.0 -9999.0 -9999.0 -9999.0 -9999.0 -9999.0 -9999.0 -9999.0 -9999.0 -9999.0 -9999.0 -9999.0 -9999.0 -9999.0 3300.270905279004 28184.763830697644 95079.51672791611 71299.83263540926 64625.05301261412 106595.09887055766 45050.14801086036 52827.285082356175 63265.361859246164 77945.1813935037 52715.86632378404 44404.26292592298 43594.359471093965 20265.166490618198 7085.97557159159 7448.565895366348 11988.459410987705 20305.961222844944 30036.65052339402 30363.607913298423 25314.779623789665 17733.634033753486 21873.568239963202 23337.21213280284 2457.164614022755 206.89356995175925 -9999.0 -9999.0 3175.961188295213 741.5063495743831 724.5894907525546 5826.383164264193 8704.478061281234 17938.183223828786 20177.766515959116 14670.240490964352 11152.26016805055 6728.479911965669 10591.645444309259
-9999.0 -9999.0 -9999.0 -9999.0 -9999.0 -9999.0 -9999.0 -9999.0 -9999.0 -9999.0 -9999.0 -9999.0 -9999.0 -9999.0 -9999.0 -9999.0 -9999.0 -9999.0 17900.22165301859 58372.5428245678 92662.24736596036 90506.98072916736 79662.94320769506 118562.05078287181 100983.94771110879 54342.73631597657 49556.30083095454 49431.06098466131 49314.273792520115 41530.45937585584 51651.96131485569 50815.05722655891 34052.010944583475 41291.110814391905 23610.10767427576 17034.620399543226 21744.77488685917 30343.65741728924 27313.22264386945 33125.46212657584 27663.971289323083 35155.44199319372 10807.369632995224 -9999.0 -9999.0 -9999.0 -9999.0 -9999.0 39.43796270643239 0.0 1026.7334298751396 2697.333815812605 12646.190388051724 12690.171615553198 11590.999060187274 2322.374657451295 13324.911177452286 15237.36989332869 17254.017254183265
-9999.0 -9999.0 -9999.0 -9999.0 -9999.0 -9999.0 -9999.0 -9999.0 -9999.0 -9999.0 -9999.0 -9999.0 -9999.0 -9999.0 -9999.0 -9999 37556.79448291113 132062.02204402603 86007.20426547786 125209.79629944745 114721.48071636943 106479.69384553788 92722.51173806435 93143.6405824152 67943.61924291107 43210.04186279387 40128.54642358355 37090.47144076745 41749.36486807867 26871.030888192654 17426.521966532608 29036.46816029398 31105.391210043534 39316.194978493746 30531.19734790849 28799.62935721611 30066.396927512946 34595.77045275925 31635.676398683925 32187.487467172166 27752.438779036485 0.0 -9999.0 -9999.0 -9999.0 -9999.0 -9999.0 -9999.0 4387.29490948779 3285.451346280728 7780.169904088403 0.0 7506.102260219953 3654.7692908368404 10220.721788796298 11280.002866695973 9423.733304458523 15103.396762031958 15919.560444017967
-9999.0 -9999.0 -9999.0 -9999.0 -9999.0 -9999.0 -9999.0 -9999.0 -9999.0 -9999.0 -9999.0 -9999.0 -9999.0 -9999.0 -9999.0 13945.11081961262 246715.29141957298 187282.0901885898 186773.4497265962 136239.85888671974 40675.64583300233 40902.84837417585 78072.81801914214 75217.32885525677 46030.78220235447 41784.38020895025 42267.78001388854 55612.95584971938 17096.767247987096 9742.905152752257 23802.01037919373 27943.599771435776 28307.571028700553 40590.65140031576 44145.34610835188 44644.39398416965 39415.54963085678 39695.05883780863 37050.660326366386 29446.349667066195 6363.749488091579 -9999.0 -9999.0 -9999.0 -9999.0 -9999.0 -9999.0 -9999.0 75.65508337287255 0.0 13475.346887964077 21053.80119183271 10859.96073135749 10384.597183482929 7535.857646389101 9113.631057357488 8821.822988603717 14501.317392126672 15424.067437770658
-9999.0 -9999.0 -9999.0 -9999.0 -9999.0 -9999.0 -9999.0 -9999.0 -9999.0 -9999.0 -9999.0 -9999.0 -9999.0 -9999.0 -9999.0 31662.01890284071 266010.5303833 360127.4607175001 197510.60157335 123083.54906333493 64431.107917600544 52294.89143581028 88771.26419657585 95439.32309655167 53884.540756638 52940.03160307784 48456.53227894524 12755.960469919488 15188.601402799397 22293.565347883174 33836.709361882 44148.24687410423 30604.46642678618 32792.405935514194 40156.05871990812 34401.18098868391 31234.12744773252 38044.023530449966 40352.09739415159 53216.33146729974 5754.052525037615 -9999.0 -9999.0 -9999.0 -9999.0 -9999.0 -9999.0 -9999.0 2099.4384359975047 6669.53883828017 14353.39226349925 13357.252199748216 6433.07093908357 8251.763460216913 3604.218677696408 8684.419658472583 11299.38773664317 13343.908272924253 19429.47622362913
-9999.0 -9999.0 -9999.0 5209.994276570777 3634.649691959561 -9999.0 -9999.0 -9999.0 -9999.0 -9999.0 -9999.0 -9999.0 -9999.0 -9999.0 -9999.0 15675.345038280813 327986.1087423378 464674.93980195 258654.00780014152 181090.47331393196 121784.77252709377 83988.88089555755 64572.20288568009 53660.41041293826 54357.71497095319 30423.1819217322 46325.038880228145 32431.783016685284 24779.211884158423 51263.53296322643 64612.95494118182 76258.29130641269 65102.26194478879 47765.85434576686 62613.42023131525 44629.49286413812 51418.82814608287 57230.09093310307 59796.848497894 40356.561806723854 10246.505942115158 874.8137502317486 0.0 -9999.0 -9999.0 -9999.0 -9999.0 -9999.0 9329.259099758141 11772.691036861088 32150.302528953016 11442.425593555963 9326.866886266202 19456.126539641624 17249.303631256735 22564.997826882474 10692.13007938624 16199.88968006964 8594.64450832084
-9999.0 -9999.0 3126.0387502335807 12898.05452983787 -9999.0 -9999.0 -9999.0 -9999.0 -9999.0 -9999.0 -9999.0 -9999.0 -9999.0 -9999.0 -9999.0 -9999 160504.72327623662 322495.11495503155 160418.45003266877 136350.69378209035 156734.32038670024 47299.725277288024 64839.58127889395 59613.64123637099 23156.71430588758 41813.985744659316 45581.34027431919 76372.82650818772 52874.55238899527 53520.179902626594 51229.8681259992 76121.43662618399 63181.582997842146 54310.45663224783 64760.0788765002 54083.672659314114 50927.19260454915 32952.73576291651 34217.52244063405 32911.64457725168 10407.845044224981 0.0 0.0 1688.2239892789007 -9999.0 4730.933505295207 5054.985876783363 -9999.0 -9999.0 5043.768645506575 7592.408268499268 5572.112401380091 9712.406432855003 28208.73120138343 29040.41777488361 15548.740741991875 11742.04787440653 6140.380228026599 1217.5607513364657
-9999.0 -9999.0 -9999.0 4418.418260401794 -9999.0 -9999.0 -9999.0 -9999.0 -9999.0 -9999.0 -9999.0 -9999.0 -9999.0 -9999.0 -9999.0 -9999.0 192604.02490201296 274349.3736598463 205270.5216987197 179897.34965250714 141729.82410702293 127074.24427316868 107232.277901425 53153.909384293765 49198.52841000459 97076.9303497185 55397.34684553701 35103.81999715993 49308.93302295806 49534.53199341326 36894.34554422489 41642.99159234557 33326.92412120802 35134.16962029391 49453.736591966146 48228.90816761582 45670.86865179041 30235.597495180657 3526.041869529552 12810.27936128215 9223.705446068987 3182.3548187156775 0.0 0.0 -9999.0 -9999.0 -9999.0 -9999.0 -9999.0 -9999.0 -9999.0 667.1411441521607 1606.9948421169472 619.120695738118 -9999.0 1059.384943854004 -9999 401.153669329597 776.4825489892534
1501.4890296405192 -9999.0 -9999.0 -9999.0 -9999.0 -9999.0 -9999.0 -9999.0 -9999.0 -9999.0 -9999.0 -9999.0 -9999.0 -9999.0 -9999.0 -9999.0 52455.55623192597 116928.83743138592 361547.9747597392 264569.6453040005 207660.62604743562 168948.91773011032 72337.47114530357 90066.49828046419 119895.16270017439 108669.55646088047 48877.60212425137 13124.906243516272 39936.77157991526 56706.347046312054 42881.48438190915 28506.56830838973 17642.869569984374 8486.36999951914 15093.347552138503 15393.743028917504 31301.21173469208 14656.944616357148 4007.1101768408225 0.0 0.0 545.1869208003939 0.0 0.0 -9999.0 -9999.0 -9999.0 -9999.0 -9999.0 -9999.0 -9999.0 13.435458614003018 70.44623932200182 549.8471861850873 5304.684008265672 32413.853197455326 15671.143666022203 12615.919541972115 15385.981385642868
951.8765869824691 -9999.0 -9999.0 -9999.0 -9999.0 -9999.0 -9999.0 -9999.0 -9999.0 -9999.0 -9999.0 -9999.0 -9999.0 -9999.0 -9999.0 -9999.0 -9999.0 144713.82525219014 541676.9823620671 295908.0598205889 270288.5723363707 224624.04410922976 195197.7355606226 187392.33270899786 75477.02878245489 3229.5495363175714 -9999.0 -9999.0 21879.144202158797 73976.40032704976 49428.534110708635 8147.458736387396 10495.409785052578 7744.361362295399 6592.275426403486 9882.97250414301 3911.371661266315 0.0 0.0 0.0 0.0 2650.5500551752016 -9999.0 -9999.0 -9999.0 -9999.0 -9999.0 -9999.0 -9999.0 -9999.0 3684.49386209386 23289.989375297933 7243.478165226367 15035.075453064544 5203.017152225364 3226.2078508223603 3233.862680444536 7542.600979881148 5728.329917798981
-9999.0 -9999.0 -9999.0 -9999.0 -9999.0 -9999.0 -9999.0 -9999.0 -9999.0 -9999.0 -9999.0 -9999.0 -9999.0 -9999.0 -9999.0 -9999.0 -9999.0 6479.739352678395 66282.96890957902 267124.19484846864 373292.73929464846 285399.12449758966 156713.7440590594 8710.517333457372 -9999.0 -9999.0 -9999.0 -9999.0 3192.999154963865 19955.999854179478 31792.711859426327 31264.600165120894 30715.546844283857 48752.62638462353 9436.086871557287 6207.171484080189 0.0 0.0 0.0 0.0 -9999.0 -9999.0 -9999.0 -9999.0 -9999.0 -9999.0 -9999.0 -9999.0 -9999.0 600.3697495010039 5856.509457885647 4304.204185848254 5547.682449948983 1599.8155605166796 9629.970976594357 4604.20969652026 2373.753753213863 6976.854794495905 3878.547246871867
11250.119265531072 13445.543015092879 5420.434325031286 -9999.0 -9999.0 -9999.0 -9999.0 -9999.0 -9999.0 -9999.0 -9999.0 -9999.0 -9999.0 -9999.0 -9999.0 -9999.0 -9999.0 -9999.0 -9999.0 -9999.0 -9999.0 -9999.0 -9999.0 -9999.0 -9999.0 724.7245130208436 2002.6740550549637 -9999 -9999.0 12647.147063358992 90381.1471902723 75663.15228554122 56472.164144113485 49610.67367776006 15157.006446478146 14784.97606401279 4209.667530402067 0.0 0.0 1109.1491701826146 -9999.0 -9999.0 4824.614475260543 0.0 1550.9899596386674 -9999.0 -9999.0 -9999.0 -9999.0 2666.6543512367307 2541.4501169661194 3057.9183599652006 -9999.0 -9999.0 4139.676560669875 4539.800700950833 4449.841725901471 3158.163078855271 2803.535187658661
154316.92328098702 23254.62995389901 978.2979271976304 -9999.0 -9999.0 -9999.0 -9999.0 -9999.0 -9999.0 -9999.0 -9999.0 -9999.0 -9999.0 -9999.0 -9999.0 -9999.0 -9999.0 -9999.0 -9999.0 -9999.0 -9999.0 -9999.0 -9999.0 1765.3950408986732 4966.049071830532 8354.839350969225 14551.914095427323 613.5551634484011 323.5517320237329 1582.9524921524674 39720.75835121881 72104.91155438116 96474.07289605075 60616.41089117989 40716.3165968079 22477.16041596725 4798.665366309925 1678.1575293752808 0.0 656.2912672392496 148.3675342202281 -9999.0 0.0 0.0 -9999.0 -9999.0 -9999.0 -9999.0 2261.1483290829083 13956.538409280689 15341.62384261654 25495.409408870037 4099.579464401214 -9999.0 8412.777445783458 28819.55652852628 11400.05751997468 14601.84336692106 6735.366927535935
89112.21727563711 14739.646901705939 -9999.0 -9999.0 -9999.0 -9999.0 -9999.0 -9999.0 -9999.0 -9999.0 -9999.0 -9999.0 -9999.0 -9999.0 -9999.0 -9999.0 -9999.0 -9999.0 -9999.0 -9999.0 -9999.0 -9999.0 3085.643525784423 7886.043189787399 22347.3324337348 60791.468448261156 720.2257572925963 -9999.0 -9999.0 -9999.0 70.29483974054087 33140.655415298854 93756.64770359597 77586.50030475028 61179.335244757385 11524.281239743526 10237.138272659906 1205.550673607441 0.0 1432.3345576433708 -9999.0 -9999.0 807.4520744462279 -9999.0 -9999.0 -9999.0 -9999.0 -9999.0 14145.592380590739 36734.43470697271 23711.56407241685 17939.732192376123 5986.451322355388 5553.76321783177 12437.09313883791 24087.010281025363 17877.288284120277 7813.826309143458 8860.912131155781
6788.094707132688 -9999.0 -9999.0 -9999.0 -9999.0 -9999.0 -9999.0 -9999.0 -9999.0 -9999.0 -9999.0 -9999.0 -9999.0 -9999.0 -9999.0 -9999.0 -9999.0 -9999.0 -9999.0 -9999.0 -9999.0 -9999.0 19487.131710875063 43467.34280688846 34996.92968001443 36089.7507056662 956.7776795078424 1794.704501278303 -9999.0 -9999.0 245.27653656131557 13258.116853829551 113091.39506736658 84220.72397484285 53608.53393045094 9132.493334054689 0.0 0.0 1003.2527947054506 1043.1666111851973 -9999.0 -9999.0 -9999.0 -9999.0 -9999.0 -9999.0 -9999.0 -9999.0 21592.674000071274 17409.2987800648 14024.141812342048 5692.168798856345 849.8106984462654 0.0 0.0 0.0 917.0867519653219 1501.3740192947964 550.968629666236
60670.8996553124 24151.192301319497 8636.377045518504 -9999.0 -9999.0 -9999.0 -9999.0 -9999.0 -9999.0 -9999.0 -9999.0 -9999.0 -9999.0 -9999.0 -9999.0 -9999.0 -9999.0 -9999.0 -9999.0 -9999.0 -9999.0 -9999.0 21093.399324788556 71191.91337473984 119743.62416973416 3614.049992912821 2048.9908150069737 2232.4564692372696 649.0049876935782 2118.0738154158503 1953.8537431905388 4302.674712169405 11613.541510649606 32717.009273354266 8657.788693934961 -9999.0 -9999.0 -9999.0 -9999.0 -9999.0 -9999.0 -9999.0 -9999.0 -9999.0 -9999.0 -9999.0 -9999.0 -9999.0 3449.945338197374 54273.98947741616 43429.7746686742 15839.937124229145 850.9159298533683 0.0 0.0 1202.1285335315158 892.817746994101 11953.80554991402 15637.387159137605
173913.33769599584 131770.0530821819 25096.670148764595 1064.9702551768826 -9999.0 -9999.0 -9999.0 -9999.0 -9999.0 -9999.0 -9999.0 -9999.0 -9999.0 -9999.0 -9999.0 -9999.0 -9999.0 -9999.0 -9999.0 -9999.0 -9999.0 -9999.0 4017.3480581770045 16339.59564087976 78445.29707277246 5798.792228728357 1574.0343921821539 5082.914190894947 1001.4716483964212 4109.124156311192 3140.208206133016 578.9303344825606 466.9825331457645 404.5740132918784 443.887718670864 1609.5231313909592 1002.7993603211264 -9999.0 -9999.0 -9999.0 -9999.0 -9999.0 -9999.0 -9999.0 -9999.0 -9999.0 -9999.0 1148.7861140884509 4663.665944293017 5815.10083059746 27150.974441408012 13408.171705628138 1142.2387455948412 0.0 0.0 8466.050091607047 18700.631105578294 33632.88543569771 9690.731327608331
181208.01340722665 129628.58688461863 16734.989671941996 1393.2709799418985 2172.7133594232396 -9999.0 -9999.0 -9999.0 -9999.0 -9999.0 -9999.0 -9999.0 -9999.0 -9999.0 -9999.0 -9999.0 -9999.0 -9999.0 -9999.0 -9999.0 -9999.0 -9999.0 4101.910011867068 20077.784600663595 179100.1211010716 9253.561166092317 3704.5717386059578 2308.6357510560674 4196.904121363388 2953.346858330395 659.6919114269365 325.83880990273315 4580.468669652041 1294.0154036424512 -9999.0 -9999.0 -9999.0 -9999.0 -9999.0 397.034676478454 1379.8109096134244 3062.841916057685 547.5851393114633 271.20035614372813 -9999.0 41.429475352892126 0.0 180.3595243884252 3898.8261190721432 2476.2657541966864 1310.1470831965737 3265.2886009968192 0.0 0.0 7941.021537712903 7657.855277801839 16144.61681737885 51913.37913704178 1712.013369840235
250536.0570652662 244771.53174747268 76638.65836974337 20951.723675214715 34991.04077117302 1929.8530904485217 -9999.0 -9999.0 -9999.0 -9999.0 -9999.0 -9999.0 -9999.0 -9999.0 -9999.0 -9999.0 -9999.0 -9999.0 -9999.0 -9999.0 -9999.0 -9999.0 -9999.0 16594.01536480247 30432.385937020474 34504.936200823024 3270.814982546918 763.7956320233938 5033.397968427266 2024.8149746617628 3037.3620331026937 0.0 0.0 3095.3457286719727 160.10415905185582 691.2801732261975 3178.5736779657527 1067.441072841346 4432.5860111553 4734.486450513054 4923.479991972673 14827.089844937098 6684.47137460007 0.0 81.23786060410585 496.07507104351237 3215.5165459501964 5292.092288130376 1396.5023021164454 360.4252694276302 1856.4946087514443 0.0 7539.594948927879 24332.13335701338 45637.59680305304 53147.8575393353 31109.576906754588 9593.41048430766 0.0
14208.90712911217 139226.29644854815 69297.58549614678 2542.5442400665966 11152.40091160803 13405.26562423064 1558.6602520648291 -9999.0 -9999.0 -9999.0 -9999.0 -9999.0 -9999.0 -9999.0 -9999.0 -9999.0 -9999.0 -9999.0 -9999.0 -9999.0 3309.8360841433705 3023.9644366215243 19129.57480847452 3406.5871073090157 3054.798352792646 14062.238326782202 40763.39472374811 20145.280800898607 7305.525623921176 43827.36958028443 372.9563318537125 0.1924952216742236 240.47830990474205 0.0 0.0 2260.8750574289493 334.21152358781075 1113.493962339026 13597.73080743141 12925.8611844726 5754.945482262317 6125.42254965587 167.94182356902544 310.00846978705687 0.0 598.5803620838312 1889.9946432918248 3609.0050596462443 3862.8603530477412 362.28626868437834 0.0 0.0 0.0 7905.446067676873 25611.0940664147 53630.21588846507 0.0 0.0 0.0
1554.6633757734394 2718.332725911475 384194.65657224494 4865.669810898228 9928.304087786191 10767.528382793462 865.9289930217946 -9999.0 -9999.0 -9999.0 -9999.0 -9999.0 -9999.0 -9999.0 -9999.0 8712.5517092024 22719.381680999202 11813.601152110223 17033.65110045499 34878.59444985703 17369.96430988745 19176.790815136337 5531.152235153821 2765.3775950668496 17169.20613944504 81851.93655811313 72465.8296788098 10365.084572057447 9361.223748185335 27180.119469895348 0.0 0.0 0.0 263.5281881655691 36634.78657778111 243.76227557775363 0.0 623.543489133916 679.5869600762599 4779.147346100396 786.5437209176886 1347.462457803733 431.1291446825772 5217.355038022302 382.4626826046396 0.0 0.0 0.0 0.0 0.0 0.0 65.13312339697708 0.0 3.4794021873594043 775.108426848391 0.0 0.0 0.0 7577.831118579476
6283.847071907428 4206.3967255017415 2568.226299208546 654.6512076236464 10884.578304385823 7114.432591512266 6464.420989343232 79716.85405587035 3398.126589215917 428.1447496240437 -9999.0 -9999.0 -9999.0 -9999.0 -9999.0 3475.059403134734 63079.94095153621 38332.777304658244 52900.425456762205 22909.39975467567 2902.439641364016 62822.600171125865 25253.466709050695 2546.637389341246 1241.574233875628 18303.23512207168 9741.948944053072 1947.6438153487536 11178.907107119527 17511.542088469756 14653.353652589076 0.0 13555.903796917497 23512.511309601337 19577.903056491366 5242.300281051986 0.0 0.0 0.0 2088.2963487446573 14.259689888897267 297.9155686794463 1075.809912986828 96.4202034199336 0.0 0.0 102.1236698047657 0.0 0.0 0.0 0.0 4175.880646301439 0.0 104.22307208606752 0.0 0.0 48.200380161453374 0.0 0.0
20759.74573297493 7907.621113195559 4203.395643930867 7620.588478342017 3550.2306055325944 6827.299259905689 3437.676838990576 7141.287676961008 1046.1162687705976 555.8705982790347 -9999.0 -9999.0 -9999.0 -9999.0 243.7881735580601 880.6517424333981 24544.326111148883 74096.71653298596 57728.679052773856 107357.90315945701 83182.79496290526 64060.871353434304 19343.17498830616 12409.4637568451 19176.171053084647 11628.804565111199 11810.095597177124 20064.560332179994 19309.041885507246 9956.173688520914 40314.916564235515 52432.49785472314 28901.431678380522 31023.123617655343 21350.09153827756 9535.494973194172 7.179523393404104 0.0 0.0 747.1315117686776 3108.4111588901214 1993.9156733873517 0.0 343.5603864994807 15.776509244919849 200.46672176687892 0.0 0.0 0.0 0.0 0.0 0.0 0.0 0.0 0.0 0.0 0.0 0.0 0.0
18108.533634550884 0.0 2846.9101909861547 0.0 931.7779058947399 4607.95220846725 2527.9744949675032 1378.2974722838642 183.3625953471069 -9999.0 -9999.0 -9999.0 -9999.0 10987.361866481257 35851.20853108665 21671.77976962575 12016.09456266308 48257.77694788051 23650.951692438503 82954.04085779218 90840.1579332821 22796.495686494352 12611.867398706967 44855.13190514308 48517.0222011141 40975.87489873667 25641.870474685915 28561.997152699863 4853.945470043843 7535.271414594206 6037.748030937728 1957.6064662739043 26691.924139592044 91120.29692413572 104105.28076553016 0.0 231.69360014330488 311.20901474732005 821.1871043811099 0.0 5.858087026766806 0.0 0.0 0.0 0.0 0.0 0.0 0.0 0.0 0.0 0.0 0.0 0.0 0.0 0.0 0.0 0.0 0.0 0.0
7116.974927425935 18075.357239447214 16910.512307919627 0.0 4281.653750717742 2318.4758381993774 4234.02892127557 3559.0016014704956 851.4306584122296 -9999.0 -9999 2167.194036812302 36977.486266135755 38610.933327836 36116.71128600182 43432.354052526796 65061.66465928097 24914.998477101377 8373.153017004524 0.0 27338.077392492083 74471.82879006078 85789.17220848978 97261.13470894615 42326.45321712702 38566.44849512646 8848.601041475216 617.786072377966 1298.4856078708096 3111.8216153696994 16026.747596237961 3634.849115038919 2726.0302712916514 2966.82115932247 5279.596366174932 2320.7044933814573 3410.0342830835616 5135.685016723187 365.8974386187691 0.0 0.0 0.0 0.0 0.0 751.8678603519297 0.0 0.0 0.0 0.0 0.0 0.0 0.0 0.0 0.0 0.0 0.0 0.0 0.0 0.0
