critload/trunk/output/2010/nh3_ef_man_agri.asc
ncols 720
nrows 360
xllcorner -180.0
yllcorner -90.0
cellsize 0.5
NODATA_value -9999.0
[rows 140 to 167 of 360, columns 315 to 377 of 720]
-9999.0 -9999.0 -9999.0 -9999.0 -9999.0 -9999.0 -9999.0 -9999.0 -9999.0 -9999.0 -9999.0 -9999.0 0 0 0 0 0 0.7327839575742288 0.5658542069100333 0 0 0 0 0 0 0 0 0 0 0 0 0 0 0 0 0 0 0 0 0 0 0 0 0 0 0 0 0 0 0 0 0 0 0 0 0 0 0 0 0 0 0 0
-9999.0 -9999.0 -9999.0 -9999.0 -9999.0 -9999.0 -9999.0 -9999.0 -9999.0 -9999.0 -9999.0 -9999.0 0 0 0 0 1.3099654935191734 0 0 0 0 0 0 0 0 0 0 0 0 0 0 0 0 0 0 0 0 0 0 0 0 0 0 0 0 0 0 0 0 0 0 0 0 0 0 0 0 0 0 0 0 0 0
-9999.0 -9999.0 -9999.0 -9999.0 -9999.0 -9999.0 -9999.0 -9999.0 -9999.0 -9999.0 -9999.0 -9999.0 0 0 0 0 0 0 0 0 0 0 0 0 0 0 0 0 0 0 0 0 0 0 0 0 0 0 0 0 0 0 0 0 0 0 0 0 0 0 0 0 0 0 0 0 0 0 0 2.186831325835771 0 0 0
-9999.0 -9999.0 -9999.0 -9999.0 -9999.0 -9999.0 -9999.0 -9999.0 -9999.0 -9999.0 -9999.0 -9999.0 0 0 0 0 0 0 0 0 1.5923473894884947 0 31.78225951610665 0 0 0 0 0 0 0 0 0 0 0 0 0 0 0 0 0 0 0 0 0 0 0 0 0 0 0 0 0 0 0 0 0 0 0 0 0 13.230882251435816 0 0
-9999.0 -9999.0 -9999.0 -9999.0 -9999.0 -9999.0 -9999.0 -9999.0 -9999.0 -9999.0 -9999.0 -9999.0 0 0 0 0 0 0 0 3.3974128490318583 1.3468287425429715 5.074126229164179 0 0 0 0 0 0 0 0 0 0 0 0 0 0 0 0 0 0 0 0 0 0 0 0 0 0 0 0 0 0 0 0 0 0 0 0 0 0 1.8173372764394014 0 0
-9999.0 -9999.0 -9999.0 -9999.0 -9999.0 -9999.0 -9999.0 -9999.0 -9999.0 -9999.0 -9999.0 -9999.0 0 0 0 0 0 0 0 0 0 0 4.007989228349232 2.9118379191020005 0 0 0 0 0 0 0 53.722224118938136 0 0 0 0 0 0 0 0 0 0 0 0 0 0 0 0 0 0 0 0 0 0 0 0 0 0 16.47559109642532 0 3.485116283639024 6.73543993442678 0
-9999.0 -9999.0 -9999.0 -9999.0 -9999.0 -9999.0 -9999.0 -9999.0 -9999.0 -9999.0 -9999.0 -9999.0 0.18569078407439366 0.18825479743335236 0.19540511210325542 0.22048983513523646 0.24641999572574205 0 0 0 0 0.717801747483675 0 4.2694054178787875 0.9035961088125031 0 0 0 0 0 0 0 0 0 0 0 0 2.6639607718195046 2.0184269852753913 1.939861150514932 1.8002392464143553 14.660834888288372 0 0 0 0 0 0 0 0 0 0 0 0 0 0 0 24.53917364048084 6.015480938401663 0 1.737421493760199 0 0
-9999.0 -9999.0 -9999.0 -9999.0 -9999.0 -9999.0 -9999.0 -9999.0 -9999.0 -9999.0 -9999.0 -9999.0 0.21609094918993563 0.5404348395686166 0 0 12.024324174503022 0.2269480560173161 0.4164970810865868 0.2748062899655715 0 0.649692125942154 3.9915144153922872 0 8.395939215774476 0 0 6.176473178655674 0 0 21.24159145613301 5.417577333967389 0 0 0 0 6.3909495306263935 0.41558987228871214 0.673090655911393 0 0 0 0 0 2.6309955504079867 0 0 0 0 0 0 0 0 0 0 0 0 0 0 22.946680370651436 0 0 0
-9999.0 -9999.0 -9999.0 -9999.0 -9999.0 -9999.0 -9999.0 -9999.0 -9999.0 -9999.0 -9999.0 1.6205148589562282 0.35617732425310955 0.42701022275649225 0.5998758819491171 0.7373549398740485 0.655067237893131 0 0.32071547669905215 0.32049850798522966 0 0 0.5436556054945351 0 0 1.2453696775153613 0 6.958593555746273 0 0 0 0 0 0 0 1.09856431793473 1.108981994916506 0 0.2597400559963649 0 0 0 0 0 0 67.25269384013639 0 0 0 0 0 0 0 0 0 0 0 0 0 10.107596362692036 0 0 0
-9999.0 -9999.0 -9999.0 -9999.0 -9999.0 -9999.0 -9999.0 -9999.0 -9999.0 -9999.0 0 0.18729278252285092 0.1901129121169726 1.3975296581973125 0.2208557607322532 16.941608847919255 0.17970881365045607 1.3347584523574156 4.303596334679136 0.323065810253309 0 0.4201063558321332 0.34267627318282695 0.35811089419931874 0.40910687247905386 0.436159041118251 0.2839287335604331 0.28076257419307016 0.2564573983199622 0.28515238718872893 0.39350574952503614 0.45681848059804137 0.6837038748135315 0 0.8449147803510862 0.5896000527039669 0.3611358399980673 0.4219175604174126 0.3004015929837842 0 0 0 1.5733774581232878 1.5445432739545055 2.2391823789029837 0 0 0 0.2498926459345408 0.7031290971822285 0.3925650060028976 0 0 0 0 0 0 0 0 258.84334156680603 0 0 0
-9999.0 -9999.0 -9999.0 -9999.0 -9999.0 -9999.0 -9999.0 -9999.0 -9999.0 -9999.0 0.2572182048246046 0.24803373575798413 0.23925164347229086 0.6463322139077533 0.2948458883698774 0.38359198915961074 0.596495562978472 14.981943310043413 9.236807851717245 0.46517755438374825 0.5046085258323395 0.277946317792949 0.20062351489161132 0.2441276491071293 0.3602427663001832 0.20461754652735462 0.20711904979301443 0.23709732088907803 0.1972482905043354 0.25607859212754713 0.2878681940093998 0.19170131339662055 0.17911076588081978 0 0.33409202660613635 29.65758802136914 0.18265239701095848 0.2929138713708537 0.4439751920794704 0.4694033706871045 0.7118294438588627 0 1.3648428821167895 1.145283812416847 1.465132157476151 2.00169744157619 1.5199125944120315 1.8446348311779603 0.7254761344473797 0.3112785096940502 0.9641100089153921 0 0 0.6810839755065394 0.8631781577612496 0.6304527493257517 0.2950287060601445 0.9649908193092194 0.431647979365123 0.4472816108818647 0.3223419017258031 0.2328158099522528 0.25160036261776336
-9999.0 -9999.0 -9999.0 -9999.0 -9999.0 -9999.0 -9999.0 -9999.0 -9999.0 -9999.0 -9999.0 0.2570990680801801 0.2586042816020917 0.24285186898161384 0.2515451868873966 0.24723347330723425 0.31373046492598167 3.2547151516395787 0.3581791360731282 0.20839734281856434 0.1984856407098623 0.3051115487060243 0.19182886313580635 0.33653851686803027 0.42754257328544215 0.2403800318724816 0.24114143705787439 0.31278386186460067 0.3641545931169761 0.30173546954962954 0.2581445544499257 0.18770341638218543 0.3829422860228807 0.8654726421832272 0.38549589553065056 0.17768904560561818 0.3406742703204719 0.2843788437075013 0.30840911542718397 34.410536739556605 0 0 0.17276335497526676 0 4.169558114728645 1.5752037242196006 0 1.1163479796720148 2.5573802936135337 0.3179546662610007 0.42520619555199457 0 0.5120437975903411 0.5753509802030226 0.28426824751933455 0.850038986193143 0.4250336664678087 0.3213789318232893 0.446893137469878 0.9046663806284608 0.3507786041645399 0.2510425755710405 0.27200487218867203
-9999.0 -9999.0 -9999.0 -9999.0 -9999.0 -9999.0 -9999.0 -9999.0 -9999.0 -9999.0 -9999.0 0.3511129200946002 0.2631649740405545 0.23791313393571806 0.23381298255238858 0.22660321612831108 0.2049357169248591 0.20696016401913453 0.39621123422000865 0.20642397462024167 0.5972708190699327 0.5283140053546554 2.425854686150566 0.3647975510548827 2.3783527678987877 1.4742726260079777 1.2968108020366962 0.5352870897978985 0.24003888862986517 0.22246470823090106 0.2043815852874195 1.1791623207638708 0.1924119382471713 0.1839388593462205 0.8584070522420686 0.271271997369215 0.20867303609122678 0.2611590655309901 0.24487994067234672 1.0159106092429158 67.13616618331456 0.7991054284887726 0 1.4119975286780315 0.8813801899917469 0 0.9004924581239391 1.1988290876615553 1.4126484165271456 0.9072109524199323 1.0491532165630766 0.40160536898690524 0.34785805587346 0.37914789426470014 0.9677711541173677 0.8893872779736145 0.8609982414006923 0.34575367148746816 0.3208900040618571 0.3121043571063997 0.3009957479624062 0.3270200183703848 9.89927493875209
-9999.0 -9999.0 -9999.0 -9999.0 -9999.0 -9999.0 -9999.0 -9999.0 -9999.0 -9999.0 -9999.0 0.30870564837234743 0.2863866062659155 0.2047730288494762 0.3938629416273728 0.26872308503441844 0.22098158741087265 0.21214816769883907 0.6388760840515098 1.0441258877069266 2.0751494019647434 4.209778657683178 2.5173081662312655 2.0001286237026883 2.867152183671514 0.3480960449315774 0.28420392291168023 0.440246585182612 0.1990479211301687 0.20261077941242334 0.24563135644773484 0.22144746877489932 0.2144486913411417 0.31329865544292856 0.20227507890473712 0.2090227967696322 0.19721990965157088 0.2018400042632121 0.20872833509531796 0.39298425601751097 0.3765454890652872 0.20363082147463152 0.19539296725473237 0.9830306400754404 0.7213930927830017 0.6080735067174239 0.21729930138043735 0.29554985021503855 0.33586935214285824 0.38886282669903693 0.34977218349453837 0.2647620049972465 0.26253372270091496 0.34701160864781866 0.15661974721067284 0.4050829070138519 0.47775508806964845 0.3371074998479608 0.24135848823989783 0.24649473014056414 0.4116418876639872 0.2690725704949623 0.2736979150168552
-9999.0 -9999.0 -9999.0 -9999.0 -9999.0 -9999.0 -9999.0 -9999.0 -9999.0 -9999.0 -9999.0 0.22836917943575677 0.27765268100674423 0.2301399020025317 0.2837688816725365 0.2805544707344442 0.33444431203688113 0.2020702093825777 0.4150852207824653 7.476413889326269 1.6839808056337335 3.206368870018213 1.3822239670537433 0 2.4044614289310013 0.3632341956788708 0.38867150000920414 0.3866133808390539 0.2719558532078742 0.31539363645702007 0.20061303437155853 0.2167049576183328 0.20420798863519166 0.23459914746733607 0.2207560726813106 0.21720269428731265 0.219183272216087 0.37148546739403965 0.2024052816762393 0.3965245633397516 0.21344798198191925 0.5282040981961668 0.212697941255764 0.37916389490743085 0.3519196557894866 0.22443975794133977 0.2951698273840357 0.207859238287235 0.24587270254511312 0.23195814573577722 0.25499901443306705 0.25296993061300915 0.230514061008493 0.32544963092641416 0.1725605854738895 0.23198662978262632 0.2713720513476771 0.24055213966905614 0.23903153957339102 0.22115498171432843 0.22325212117144405 0.2167786344713294 0.4037744355771081
-9999.0 -9999.0 -9999.0 -9999.0 -9999.0 -9999.0 -9999.0 -9999.0 -9999.0 -9999.0 -9999.0 0.19602105622022253 0.21229192581712703 0.22334595335331006 0.22802109445481264 0.21298144038940067 0.2013709742019909 0.2267893052902521 0.5440448963966151 0.46464664923697363 0.5427393999239116 0.22553387361761462 20.936088570005538 0 1.2250265854336897 1.1330290229047777 0.5908245425337814 0.43949674924305504 0.25920115848242553 0.21002907977531327 0.235202027090518 0.20991441233215247 0.20696274439040552 0.2019498340929908 0.20375241293868018 0.213659740028537 0.2274938376481512 0.2898453431543206 0.21688757458096297 0.20577977725095042 0.24421557294577978 0.2488637751991683 0.3253312474097049 0.23218643567688602 0.24173034063833695 0.24569773998397182 0.2915512103135299 0.46198492445564615 0.29650321420558534 0.2092673171496802 0.6135892074807733 0.40949520587194577 0.3194234155802697 0.3867043547346387 0.21421054636455897 0.2433396474640955 0.20334122219092376 0.20145884138833986 0.2519599517935274 0.2533665302909113 0.3291050740646588 0.26626189042706605 0.2952217765111417
-9999.0 -9999.0 -9999.0 -9999.0 -9999.0 -9999.0 -9999.0 -9999.0 -9999.0 -9999.0 -9999.0 -9999.0 0.19537725534827893 0.19724644290484175 0.21446137936492204 0.19673642162137236 0.445142938585845 0.3846899904195593 0.5561958889012525 0.6080287195690246 0.22649350059722412 0.22528716516748007 1.7627412462784438 0.4510403187867786 0.8302972337810948 0.42499273608879284 0.35072291316699084 0.3192592244174094 0.19961079224242217 0.19810240220413358 0.19470984134631572 0.2183004682965478 0.20867543676741462 0.2098077674533738 0.1920927919898807 0.21501124083135595 0.23958062316712078 0.20442684890408114 0.22039409038493532 0.21438148069217774 0.22720021841119314 0.23210772477159408 0.2503559053156972 0.26664232667393384 0.2538862346542151 0.369462039880275 0.5874263954803507 0.20540620437579282 0.20350524280263557 0.3092416323531765 0.3606369453594552 0.2390962745820763 0.25723368321480333 0.21270586719110524 0.2068875790344287 0.21151402843685974 0.1977155070721898 0.21672784428040148 0.22024391001437427 0.2759123934366105 0.3514455697033129 0.35121049589600545 0.3616140067579404
-9999.0 -9999.0 -9999.0 -9999.0 -9999.0 -9999.0 -9999.0 -9999.0 -9999.0 -9999.0 -9999.0 -9999.0 0.20063007320757856 0.23348072857863122 0.20778770014501755 0.23048855164547744 0.22594042504795506 0.21831697204870762 0.2256455213719973 0.2791715549589805 0.34321806179226927 1.6559195084931964 0.2267071762766278 0.2265203969810895 2.294229204763604 1.687236442764152 0.2984401357191016 0.23994322241733004 0.19909775631887908 0.19294657863389078 0.2102207361562598 0.20052621890985223 0.20979732239328017 0.20640451441048174 0.20567819743861332 0.19348374310462638 0.20442927357639398 0.20319622160587392 0.3918457756621286 0.190879889264248 0.23402825100422944 0.31611478209299304 0.38248963992589013 0.23873068823311036 0.2779706199257769 0.23948959965215738 0.4669476499169665 0.7875220734875823 0.9303611431519775 0.21952748482915693 0.23751231597574407 0.37438645841618434 0.1876077127443554 0.21385848673974592 0.21919482040238045 0.24745391520065507 0.2538226425034907 0.23206548797517984 0.21350572005748805 0.2984092880317216 0.36157837320102665 0.34495703594299976 0.2962009524528028
-9999.0 -9999.0 -9999.0 -9999.0 -9999.0 -9999.0 -9999.0 -9999.0 -9999.0 -9999.0 -9999.0 -9999.0 -9999.0 -9999.0 0.20914071407304288 0.2331728043897234 0.2296591017176647 0.22987354472134805 0.23114140017254792 0.22909457589879695 0.22734608772921927 0.5350799958504285 0.22692212631071432 0.22630797407216027 1.8471701279074813 0.5743393098710412 0.45911625307833354 0.510929445978294 0.18019262191953575 0.3988088943413193 0.1985411122700656 0.1926446086957308 0.21038319848788178 0.20257413764760804 0.21817876848214107 0.2884183853403487 0.21270317304811537 0.36412730849356933 0.33520049274693103 0.20404922067228595 0.2023522861640239 0.19053088831973056 0.19264228232284075 0.20911736876010156 0.23507704036693675 0.19039501440943574 0.2112969290107463 0.3554962353131131 0.4374480410541524 0.5567580650566061 0.2304441140696041 0.48740451854707717 0.2304180262927332 0.19317815558617096 0.2143542915052968 0.23179023654321262 0.23417445503489723 0.22184074784947355 0.21509743594255493 0.23511672573966175 0.2916227675436095 0.2774524706560092 0.23165165577586447
-9999.0 -9999.0 -9999.0 -9999.0 -9999.0 -9999.0 -9999.0 -9999.0 -9999.0 -9999.0 -9999.0 -9999.0 -9999.0 -9999.0 -9999.0 0.20249818447064377 0.2578513245649163 0.22878685689138395 0.22885204596090508 0.22763176775241364 0.22778083838008614 0.22699913734215482 0.2265306884489577 1.6425021411815883 2.328026306003883 0.2247141685663607 0.478950690114889 0.2248178214963801 1.9115837897630283 1.4743844177824144 1.6481344964309013 0.241476208391282 0.2550244716503759 0.27273610280322785 0.2808406712109574 0.19485697993073364 0.8046599276215746 3.206928807740781 0.5648964095438548 0.19384658226191184 0.19198302780746687 0.5633723072733592 0.18946934879806512 0.21295155445839847 0.2324580443332385 0.21664545114214104 0.24365068206489998 0.3483254677333123 0.3829698378619195 0.4196095647174575 0.4281733566959556 0.4196687635293992 0.155780302215317 0.3160830947210193 0.20540875615560428 0.22801146427688226 0.20491130681335606 0.2356828203567888 0.22276791837258 0.2154767574560184 0.2550021056752699 0.22315552677280018 0.28622934006230444
-9999.0 -9999.0 -9999.0 -9999.0 -9999.0 -9999.0 -9999.0 -9999.0 -9999.0 -9999.0 -9999.0 -9999.0 -9999.0 -9999.0 -9999.0 -9999.0 -9999.0 0.22972313820280582 0.22881065184388968 0.2488680353607832 0.5984670606640053 1.2274409051033683 1.6674891726763457 0.2248522286347721 1.1066035027808088 3.4355439210639998 15.892335079413249 4.248606976654192 6.8248264455790535 2.8982535964807723 13.362488829117607 0.22330414894442904 0.23240088922913932 0.2356209475560819 0.27065504413007235 5.697313887891509 2.203907967589235 2.7357888042263308 0.2224821443734381 0.2051474162758494 0.20364462679295123 1.1856585485943127 0.2043093811962447 0.2394679638299075 0.21627014975797632 0.22344284474107315 0.20638176806014588 0.21162475531685618 0.24995440555370296 0.46863060733786044 0.3968088103696129 0.450524302043479 0.5551965924709237 0.6700524858813951 0.16645432388585307 0.1736687328708247 0.1922665487524718 0.22441524122262194 0.22699272496796358 0.24070953149942034 0.23162654826881654 0.24402443432049511 0.2624593929552247
-9999.0 -9999.0 -9999.0 -9999.0 -9999.0 -9999.0 -9999.0 -9999.0 -9999.0 -9999.0 -9999.0 -9999.0 -9999.0 -9999.0 -9999.0 -9999.0 -9999.0 -9999.0 0.23075174957269945 0.21526669578528912 0.3531826295144832 0.45245095193749907 0.3369988222572502 1.966408145853003 0.2269399390582976 0.31997878816974445 0.9493073770288747 0.6252349377626523 0.9169267494907999 8.036823738499058 4.464155466752656 2.1253296791885194 0.22577087749468894 0.23311024440002337 0.4636131725445466 0.21950418378513176 7.73551766935158 0 6.580875831784409 0.23751632446586843 0.3888976276504021 0.45017267480263606 0.19270403493232469 0.2137534726197429 0.189225604324787 0.19441303429296228 0.2616976803548135 0.1837496219581379 0.36621728838567763 0.367452505341427 0.34150498988819183 0.18126444415638482 0.16395618834514464 0.1576104721271766 0.16582303361704726 0.16723844897395793 0.18743934111127075 0.23016790375757354 0.1985066128707988 0.22149480292926904 0.19135756737069928 0.19724621488548907 0.21768468595097193
-9999.0 -9999.0 -9999.0 -9999.0 -9999.0 -9999.0 -9999.0 -9999.0 -9999.0 -9999.0 -9999.0 -9999.0 -9999.0 -9999.0 -9999.0 -9999.0 -9999.0 -9999.0 0.18353109799132347 0.21366520999991515 0.31057003948857637 0.22657146246730062 0.20616186684595497 0.19512901435287408 0.23112414163901737 0.23081607210311014 0.22785263942027623 1.3043451954679628 0.42027827563026887 1.6238484018730714 1.587825019483813 0.8316649981875273 0.4006464147814758 1.3430429219897906 0.21746817023965612 1.006517253706315 7.203050453157145 5.282888218778677 1.7919023112930699 18.205811310183904 0.6090574587164455 0.6605157682409042 0.18800659852333979 0.17958791039608682 0.19688251944841012 0.20737675387500765 0.36994572974645534 0.21676467496583876 0.36846541196523147 0.4477479880991864 0.8731435717991767 0.15620142555962732 0.19407224430569558 0.18434997843988102 0.17241787283428678 0.16220351106134512 0.1754780322142046 0.186608630608047 0.1741796885706363 0.19242068849945634 0.2004636560201974 0.22255783727241493 0.20918527860110453
-9999.0 -9999.0 -9999.0 -9999.0 -9999.0 -9999.0 -9999.0 -9999.0 -9999.0 -9999.0 -9999.0 -9999.0 -9999.0 -9999.0 -9999.0 -9999.0 -9999.0 -9999.0 0.19013832779649562 0.215087951637531 0.2200096193563255 0.2234278907047914 0.3044741864851733 0.2040323463619922 0.27328084323644125 0.47984999582028764 0.2299810338069285 0.23013490967289077 0.22775153665910516 0.22505142284739113 0.45700957566030437 0.7794625932293213 0.6121294265669797 0.22320957910676065 0.2276276816496263 0.6389467858247447 1.2314325200819876 0.7428600863596421 0.519867398957578 0.43534832634050974 0.4928369710068754 0.17378639459049422 0.18516779284212403 0.2000059899567057 0.20488250826563498 0.20386785319900982 0.5487687414773832 0.19233397695872545 0.4172627948289018 0.4091395552710609 0.37506315820845076 0.1684902991567403 0.19157529750306082 0.17568642818624292 0.33028265787774397 0.5301426558807497 0.5028946332788798 0.4465387572149104 0.17122506431403778 0.17283843383927147 0.18292328471848907 0.18476479375987154 0.1838435316277242
-9999.0 -9999.0 -9999.0 -9999.0 -9999.0 -9999.0 -9999.0 -9999.0 -9999.0 -9999.0 -9999.0 -9999.0 -9999.0 -9999.0 -9999.0 -9999.0 -9999.0 -9999.0 -9999.0 0.20163381923460533 0.21146744530374156 0.22076721113347747 0.2179141701508264 0.42105883137819333 22.378556589393764 0.799193713753702 0.21163553635055898 0.23162810733256545 0.21438247324657636 0.2536077028863684 0.263422760400976 0.24000787711825167 0.23120582146165355 0.23879813143470238 0.39570932137461257 0.22344313813289218 0.23199591266305944 0.2486292873022274 0.24272993978344215 0.18958199017831717 0.20076872398627701 0.18562989833621832 0.1775330051640204 0.19160231071628928 0.5104040697344864 0.33761652685946797 0.16721342926988766 0.19238731994431904 0.23105778888257714 0.23830266494996322 0.15198409496725324 0.17492999817219743 0.1900496431333572 0.1804573994712593 0.18084570417143914 0.18368019189641055 0.3662634821177012 0.165259486991626 0.1775339337959744 0.3451664702377977 0.17188619813401076 0.29604213956329156 0.1858939005163041
-9999.0 -9999.0 -9999.0 -9999.0 -9999.0 -9999.0 -9999.0 -9999.0 -9999.0 -9999.0 -9999.0 -9999.0 -9999.0 -9999.0 -9999.0 -9999.0 -9999.0 -9999.0 -9999.0 -9999.0 0.5798754056232373 0.20720535923446187 0.2960988982000207 0.8200781883478163 0.43335146451236073 0.2770676614178366 0.25005833741040473 0.2794206604610652 0.2117184275236326 0.25454114767556657 0.26654358476613316 0.2548245597931043 0.24955384398763172 0.25213253747673137 0.24401407400413397 0.3980835987471704 0.24046029822067871 0.25477413695837015 0.2560465764215387 0.19722599475394464 0.19002521290437793 0.19673307042084445 0.18350891187235513 0.19279560577015376 0.1764515566988286 0.3868912303397335 0.17039469281565314 0.1947247041796562 0.23527614185947235 0.23792450943629692 0.24147333570790486 0.19544108947925679 0.20052368004286933 0.1993000021272487 0.18744164311789602 0.19063828295135932 0.1880041330207852 0.17478972103807436 0.17723641894511388 0.33902043560921 0.1654460913514076 0.29493771081067505 0.19843185818889061
-9999.0 -9999.0 -9999.0 -9999.0 -9999.0 -9999.0 -9999.0 -9999.0 -9999.0 -9999.0 -9999.0 -9999.0 -9999.0 -9999.0 -9999.0 -9999.0 -9999.0 -9999.0 -9999.0 -9999.0 -9999.0 0 0.2811232801300395 0.2817891600694922 0.27916075319439265 0.2749466509329924 0.31206486750143464 0.31739389837857157 0.26190385221126433 0.2155668317496818 0.2635052947438593 0.26045191000515694 0.2579754511831444 0.25887875899039137 0.24688214637260858 0.27964687587642595 0.2495733631737192 0.2563248240641694 0.25396721347547235 0.19056177522846487 0.20230525517435893 0.2005249806302499 0.20197681766480516 0.19858850144260046 0.18119231401279143 0.18705142057134688 0.19510206452776196 0.21311027724085205 0.23094514407735964 0.23166844832001615 0.24476603361884958 0.19440589780219 0.16322359635931613 0.18152314077309764 0.2009956231147069 0.1699885404227822 0.17278733617541633 0.18189043754263134 0.1830537275749385 0.17247416993316048 0.29769303198635966 0.18171150190782887 0.17818683992215154
-9999.0 -9999.0 -9999.0 -9999.0 -9999.0 -9999.0 -9999.0 -9999.0 -9999.0 -9999.0 -9999.0 -9999.0 -9999.0 -9999.0 -9999.0 -9999.0 -9999.0 -9999.0 -9999.0 -9999.0 -9999.0 -9999.0 -9999.0 0.4261806868889872 0.28850332599274675 0.45671804494891965 1.2693499894166693 0.5087553544016516 0.26836928295994106 0.2269135052062484 0.2543955783783346 0.26249208620049824 0.24878858498667059 0.2514372332490098 0.25964453204228904 0.2537544480010592 0.2521146425295525 0.2614972036757073 0.25807680749847645 0.20768943622488395 0.18631882109896733 0.19495765995738346 0.1946239662188276 0.19570336333671953 0.21262398823769654 0 0.19848289204305508 0.25550791466204853 0.24611732700193859 0.20786913948728045 0.17270576437358087 0.2254040076578138 0.3265821191224041 0.15970298655289472 0.19384678837501926 0.17205779457089956 0.17750496224309387 0.20195188646751835 0.17643884278760535 0.1861678785826955 0.1768705842337625 0.2399552462330374 0.1746690155813437
