critload/trunk/output/2010/nh3_tot_egl.asc
ncols 720
nrows 360
xllcorner -180.0
yllcorner -90.0
cellsize 0.5
NODATA_value -9999.0
[rows 84 to 111 of 360, columns 504 to 566 of 720]
13405.912234836516 13405.916266723249 12481.391386746456 12476.947454007814 12476.952310607348 12473.999289956531 12024.919714751244 11562.913340467552 12018.763083628139 12027.87434488819 12016.032757008028 12022.698807875291 12021.951519196617 12009.140956712066 12474.731138397285 12829.62290430805 13334.241898441776 11993.66281225576 11089.583843706303 0.0 0.0 11993.49348811372 9686.192225722574 0.0 5868.5746290875695 11727.29442620173 13425.940321160271 178150.0495941218 150485.7997968363 170193.04812502087 172544.0237732428 161321.81483591613 156043.76507312222 139964.9669764675 110533.32482816443 0.0 54919.017791219376 62296.370514158596 47696.03920888389 60513.022120893904 0.0 0.0 0.0 0.0 42174.01936296861 60401.78110769648 62316.49594669113 65996.39839884029 65974.33762442532 65955.27823184345 0.0 25678.699868518037 62307.453262021314 65935.64857125755 54929.897032906876 56632.96581795239 65718.86807826813 65696.51411533575 65860.2577952979 65974.65781624554 65937.69887178346 65382.300563430996 65977.06689628377
12135.243175810243 12133.325487785474 12145.07819784211 12143.6132871748 11672.767097970373 12137.449930952986 12159.07298928091 11683.89236581687 11691.244629183679 12153.919089589757 12163.480180226532 12166.426048114332 12148.756804957191 11672.766303610993 11190.169787461675 12137.744142576597 12103.567211643676 10728.945833503662 6244.186223918816 0.0 0.0 9094.203399732147 10938.176968757716 9431.53001442942 10214.407025909959 10540.541884607626 9798.440853392995 0.0 0.0 172718.4979324789 102018.02549228522 139518.51579496666 174124.84120633482 182690.10108201884 170718.39459444166 139787.4076363746 162241.63777657913 62900.621634059666 66608.81231739551 66631.16064052458 7302.2408493158055 60877.98425714357 66628.15091028821 57401.726412385004 40711.73207130222 57388.25925683372 53730.68411578729 55553.81175037145 66620.99934275322 66611.7570870304 66612.35461070233 66617.35832150171 66631.99434087357 66621.5087576023 66594.51671545031 61026.93403309038 20247.740702932308 0.0 55182.661571222634 62620.28430315963 66565.37422383549 52901.58144811181 66403.32836786642
12256.214588629551 12256.945012215738 11797.43896785034 12253.305604220213 12951.328403061914 6435.483646419976 6724.313427098723 5228.864414910567 5855.658963175759 8003.643048357987 9057.87294030249 7904.682905878779 9700.560650122543 5657.450386342288 10368.409111477347 12270.391489006497 11783.97165153447 9495.676443064254 0.0 0.0 13185.334588901094 9321.66830557723 48292.42231010327 0.0 0.0 0.0 0.0 183324.61401159858 184767.27825704747 184363.50901598475 174363.66222341222 162961.05758161828 180044.55342806372 163734.4506523237 173796.20584352262 193092.8140217253 171678.51207742534 174013.28980268363 65381.94176198165 67135.81763694348 67223.17159117368 65338.9398987271 65059.25151337883 67145.11031545131 67246.26562723081 67254.58003494643 59765.36345802355 55955.49572118097 67175.23254980124 67213.67797359714 66932.88523954747 67187.66516310963 67236.90214825196 67251.63180194335 67185.13902636887 67239.77574384476 0.0 0.0 9335.131751801346 22238.917142205766 0.0 63407.467735893464 67186.64809319896
12387.31991126077 12385.154437526387 11436.347523323682 6958.609436430159 615.1385366808152 1048.4243966381052 1815.456822363205 3331.083712633499 10949.117360355027 10953.995118111237 7482.816999556698 0.0 9258.072752204485 9371.203123397121 14758.624188741936 13331.784588344353 12848.329043231464 12798.115260055312 6492.363674480974 2186.9804402653067 13160.137430883282 153161.12811041734 131592.36893180333 154606.7051953502 0.0 82488.40061866911 51738.70812256289 41322.83000125409 58048.7367251977 134083.07507457634 165244.1814608568 186322.03611088239 175908.83781853016 183975.92332103103 184153.47642360142 180477.90946939425 172939.6289496034 138804.44050055175 52683.56952340707 54534.80068170476 62209.352960101896 67865.65262222885 67876.79879810587 67572.80657532215 27682.173944048543 24464.748770464743 9270.0488424047 41307.793436462496 67819.95088695931 67863.57485594622 67791.92258215736 65983.56412826077 52721.58836437759 67845.41593167259 67876.056772711 67848.8896122612 67830.4275465538 67804.91198296551 66029.91619962525 67876.29329950541 67855.60710663206 67804.18653250695 67859.83848056072
12491.77882361281 12498.235164973148 11057.705608362548 -9999.0 4097.255926451339 8091.154666882209 963.0178600400518 2394.664268206459 9097.136902848182 4325.175294898097 7687.854576076883 12506.12878147234 12494.36345567874 12320.527549678987 10365.252915060802 8877.397618827414 0.0 11593.472757967455 0.0 7594.896823479564 9040.264300608978 0.0 156670.95664299192 150567.96378831868 188054.25287348768 104511.87543287643 31267.720789057894 10384.344115492413 0.0 31207.30809843586 135865.4557934663 146140.24248970274 188026.2392584516 187954.31578350338 156185.31081504768 156353.3154297109 114329.85317566615 0.0 0.0 5645.117822930237 1685.738691151501 17106.36702853419 39917.46345826264 60895.17396893765 56988.32289189394 43838.10183330661 47624.17719820098 60860.40478608416 68438.92268270328 51328.117023147 64146.25815022261 58996.62812120652 35253.306027211016 47577.12790384253 41097.424270050185 66600.24876609514 58953.78629925988 68449.46315617445 68490.89548992137 68492.4379877775 68477.2934600492 68469.03600142081 68488.14293357919
12106.686196846542 12120.909581979446 12126.594401791426 6622.399660808291 7407.321407731275 12577.131739584473 11020.481538551861 4248.721184239415 6034.729648109627 0.0 0.0 0.0 0.0 0.0 11794.856988436473 16942.126480765197 15815.468999951701 11356.929681211259 10631.83162410197 0.0 8387.422499306786 94539.70362193345 0.0 0.0 0.0 0.0 63163.0332158322 9129.707385318368 13507.677885144556 42140.75680276419 178903.40758832748 189512.0189375499 157810.55369338344 83957.50176125739 104970.10559773797 94649.63085148102 115601.65712972748 199854.54143370537 32661.376022976106 0.0 7711.166142664241 9638.957678330302 1927.7915356660603 17313.538417407137 42279.12919499105 28863.421771383313 40337.29336179151 51844.86479360967 63380.189913110844 69095.74301541112 69112.67283139481 69061.42356367693 69093.34376605065 69077.66979625942 67199.69862942831 65264.11873880629 48026.417705238106 48146.58417552771 53399.81525881092 69147.14229430103 69141.8963796835 69147.14229430103 69117.4298729513
0.0 0.0 12714.45073222151 13213.742986910947 9311.047278727927 0.0 0.0 0.0 0.0 0.0 0.0 0.0 0.0 0.0 11732.43775808237 11226.27034204457 0.0 0.0 217428.39733693638 0.0 116770.4536077917 110669.56713985604 42606.35439571532 115348.37667678675 80856.38175883201 91946.77366843454 66518.94246187089 64395.35733607709 92201.57935201291 75399.00515666936 113251.20199423129 180380.8591497406 191023.63946912138 95659.12503662973 63874.453733185415 0.0 0.0 0.0 0.0 0.0 0.0 0.0 0.0 0.0 0.0 58119.27866601409 60000.46340751307 61977.73723903392 40660.103236918854 46442.32062771344 27140.199697448734 50350.63759235016 60010.86888604837 54176.60070380271 63908.623258245185 58106.20193794534 42512.74917005328 63918.80022718918 50300.45735081067 60009.89123852168 69718.42247796406 69724.06906059854 67780.3160901121
0.0 0.0 0.0 0.0 0.0 0.0 0.0 0.0 0.0 0.0 0.0 0.0 0.0 0.0 10392.535672822516 0.0 0.0 0.0 0.0 252969.80618565937 0.0 0.0 171558.82658121077 139430.20858157947 145251.74425460096 200765.75367688562 183050.90153097745 141394.83006240748 151250.1003201366 109015.13290287547 83837.83368008207 146891.02260091258 163785.68377443988 94394.0873854352 128735.1793228104 119821.82151825128 42406.331797313855 0.0 0.0 0.0 0.0 0.0 10449.383181720958 0.0 0.0 0.0 0.0 0.0 0.0 0.0 5844.824136057353 33152.105835235045 25409.752687755885 39074.804909315244 40954.88528143263 31183.40259351948 27279.240905708815 3900.2458914924664 35135.50013956228 37118.84401991821 46816.66704731075 46816.66704724237 39049.90292743812
0.0 0.0 0.0 0.0 0.0 0.0 0.0 0.0 0.0 1139.1662400387831 8497.06917400629 0.0 0.0 0.0 2883.5775048172286 13570.40983792726 13805.87865392798 0.0 0.0 0.0 182418.7627355835 0.0 202185.9431922121 162098.66367202718 162126.3177398654 161715.51776853492 147574.36533669557 0.0 0.0 0.0 0.0 0.0 0.0 179726.5594566974 171292.73335584547 0.0 187520.3977660692 36868.56138161464 39922.842664885364 0.0 173089.60437233176 90402.08625723988 193509.3894972934 182136.43952850645 0.0 0.0 0.0 0.0 0.0 0.0 0.0 0.0 0.0 37416.73352742901 0.0 0.0 15804.9275761419 9877.39655649757 0.0 0.0 7907.369020640839 0.0 13828.838766293906
0.0 0.0 0.0 0.0 0.0 1016.4574210997667 425.7801160088904 2021.4983913728902 0.0 12791.764609917103 7342.1265067082395 3651.2433122740335 0.0 0.0 0.0 0.0 0.0 0.0 0.0 0.0 0.0 174353.69164412966 189219.66208265355 0.0 0.0 0.0 0.0 0.0 0.0 0.0 0.0 170431.57295066712 57101.64423253794 106754.65538201816 119585.21809355397 119674.83044670655 108682.34082088449 7730.259139451928 0.0 0.0 27262.522920308955 88379.69897110641 169701.91538387226 170277.80860681782 195915.71638960714 131021.22823327241 0.0 0.0 0.0 0.0 0.0 0.0 0.0 0.0 0.0 0.0 69558.96981112278 59648.784802874216 51720.60008491612 57673.836155797544 71509.47793862608 63588.457961485925 61603.14813443906
0.0 1101.9097634924135 1746.3734911890692 1272.9332611017987 25951.071140837776 38597.90990400071 39197.89827556313 10990.603131015752 17251.88945304273 20089.3022891385 77496.04239825724 43519.93103061627 68900.36264191603 98582.81802929704 0.0 0.0 0.0 0.0 0.0 0.0 179092.41707781167 164596.438522412 0.0 197341.39308240585 197621.2926048576 176115.93370448094 175535.6327809342 197902.44727871404 209049.44076995968 208613.68459387857 0.0 143034.4932484294 89800.17519674882 32582.20706582621 51951.26423912026 47749.97310053081 19657.13213681954 0.0 0.0 0.0 0.0 9914.09485341246 49281.18850593356 41454.86780603707 21281.352657943982 129890.65524826471 0.0 0.0 0.0 0.0 0.0 0.0 0.0 22098.441479790225 0.0 0.0 50084.73974164911 46077.83823076524 50030.85575275795 40001.51191125834 36051.15074039524 54084.185893831345 20007.10586517524
0.0 0.0 0.0 0.0 0.0 16669.53106685805 16653.258177259784 20809.22561990964 17188.79891186688 7138.885519547576 29000.943597607376 16408.523456778636 15384.27671686203 12097.27163575305 18689.46031503171 25534.975103085795 0.0 77384.44622359579 110779.11908895847 143956.63898903521 154763.79984585705 140407.88176093216 176176.20044442028 165879.4558093184 121566.4315779503 154771.46429624758 187992.86410651234 155023.37279151753 91895.12542207762 123709.83260159826 139786.27405172167 44209.97972633744 33103.00764379591 0.0 0.0 0.0 0.0 0.0 0.0 0.0 0.0 0.0 0.0 0.0 0.0 0.0 0.0 0.0 50246.34744876484 20074.726520899814 0.0 0.0 0.0 0.0 0.0 0.0 0.0 9683.538116655438 45835.73006593381 39172.081014059186 28219.513285781475 38337.395619954215 34381.3074456995
26978.728541013374 31459.28126940746 25304.054384156043 38928.51015245723 40380.985318923944 31218.100753789273 0.0 0.0 0.0 35341.27944496785 40544.81840801112 25650.643437836534 25741.349370317883 18379.824075848035 78565.0851080809 89371.8929613922 100095.81572873941 126813.25419524683 129493.31823508903 43927.09123070163 47593.74044025123 27969.212820960216 74176.33710361073 0.0 42006.770721043584 65306.90361843449 15829.474594688518 75006.21589618383 71551.09224996563 18228.654694626057 0.0 0.0 0.0 0.0 0.0 0.0 0.0 0.0 0.0 0.0 0.0 0.0 0.0 0.0 0.0 0.0 0.0 0.0 0.0 0.0 0.0 0.0 0.0 138548.27129479914 0.0 0.0 197592.28959154995 166633.41825938618 96076.0519252669 49583.262624755196 9909.14348948001 148585.74179764837 128626.12808973332
0.0 0.0 0.0 0.0 0.0 0.0 0.0 45056.569672158446 0.0 0.0 33476.51107089832 11170.258438883116 18609.607788752157 123285.49147960081 87233.06927961661 66608.61306802453 102819.833712819 104178.53692590959 11237.644070434779 0.0 36561.79690620601 0.0 103346.83263381549 78320.1659639221 20651.109981610094 0.0 0.0 40490.65923952673 80792.08147373154 0.0 0.0 0.0 0.0 0.0 0.0 0.0 0.0 0.0 0.0 0.0 0.0 0.0 0.0 0.0 0.0 0.0 0.0 0.0 0.0 0.0 0.0 0.0 0.0 169462.9088398828 129685.93691526729 69899.25172408366 79821.3166085105 49698.29653065047 139366.36582113302 119469.328027751 119585.96903721565 169221.28817360333 219276.61036850617
0.0 0.0 22420.65711399587 0.0 63634.76304586872 44410.19950844656 57848.85209789755 52416.12163815803 59835.75648790048 158635.27011040377 170129.87590338706 181260.34072042847 192959.05238246455 192510.4357711301 188410.22588162005 155326.28141002054 0.0 137818.0624784234 88136.70196358852 39935.59021774627 0.0 21487.24310528789 0.0 0.0 0.0 0.0 0.0 0.0 0.0 39650.445598519145 48715.66744719772 44846.51895393376 0.0 0.0 0.0 0.0 0.0 0.0 0.0 0.0 0.0 0.0 0.0 0.0 0.0 0.0 0.0 17552.366286424258 24643.727792034562 36383.49135844268 0.0 0.0 41064.48936325266 80339.36089487384 51459.166015093186 20506.47959985368 19859.15698013766 30145.578930956177 60317.49893067727 30208.50633832817 100686.65357874821 170510.7220772789 180549.63665557883
41482.21210662099 39025.86584464165 69819.52555533078 0.0 0.0 182694.38084948502 182594.8383106152 171329.49674406147 171031.4139397336 158895.30177698008 130720.52217768907 170796.29748130692 182362.141866919 136757.30855186205 73168.59708606418 28696.824968103214 77790.47638529667 51846.970888297496 10183.492804262989 0.0 0.0 0.0 0.0 0.0 0.0 0.0 0.0 0.0 0.0 0.0 0.0 0.0 0.0 0.0 0.0 0.0 0.0 0.0 0.0 0.0 0.0 0.0 0.0 0.0 0.0 39936.771502331074 0.0 52314.40623777279 48879.55510424704 31296.170924840426 88931.85143939799 56578.48776202012 17871.931160840388 72304.05401629173 61608.241214366484 31839.591674063668 10136.247904616064 80939.23510801334 91187.37803586513 91286.70970235132 152040.99562538412 182414.92427570946 192339.3802662675
34319.35582517446 41511.28924533266 70014.09982010623 60789.2099556034 161220.37239453208 136327.1731661888 137732.15578607403 108736.12534208003 95728.3673340222 77741.09157275506 87666.21448202012 62277.75016599998 98865.65133884722 99563.00292298748 95226.75749672395 18842.109502674393 0.0 0.0 0.0 0.0 0.0 0.0 0.0 0.0 0.0 0.0 0.0 0.0 0.0 0.0 0.0 0.0 0.0 0.0 0.0 34601.21600579614 23053.612451879842 57488.43777890486 0.0 0.0 0.0 0.0 0.0 0.0 19930.97772810672 0.0 0.0 0.0 125269.67413329569 114252.26459044439 175087.64627249129 124035.62151706946 114426.36222236734 86465.9198816395 59752.47151155444 41122.97015848111 0.0 0.0 61028.16388463545 142760.92233515318 204093.69233846478 224123.66126439036 122130.37195733907
81061.08716900885 54532.3285272854 23959.653754053215 0.0 104160.95826132529 127296.92071210654 81445.26351685211 81468.90391800391 106335.83077267229 122207.79839516818 53290.389431518786 171119.98594991738 83078.66392502969 0.0 0.0 0.0 0.0 0.0 0.0 0.0 0.0 0.0 0.0 0.0 0.0 0.0 0.0 0.0 0.0 0.0 0.0 34725.53351375859 32592.940086684986 114091.39024985458 104259.52497742555 92463.77611289888 0.0 0.0 0.0 0.0 0.0 0.0 0.0 0.0 0.0 0.0 0.0 73685.61103333709 94635.05899339115 0.0 178299.3280073156 210109.4894811303 189075.57476696826 185056.0137818378 177524.85013012908 208019.15872349165 102630.89943565974 157667.35100842666 61610.47918463841 41122.84889497396 92177.81709840464 92301.84364526813 91924.90856005167
8945.156892788411 0.0 0.0 34077.801215310945 93284.99645628758 116805.44921848028 121489.54625263026 151800.83665904318 65026.806065342615 28204.386704509656 116233.25443465055 85794.05617134042 0.0 0.0 0.0 0.0 0.0 0.0 0.0 0.0 11682.96480810467 0.0 0.0 0.0 0.0 0.0 0.0 11698.202556533128 0.0 23342.093557082073 45521.62259162987 34931.35804038837 81438.22060875397 58327.74609780736 58436.50836119648 70066.56196683228 0.0 0.0 0.0 83599.87781068885 0.0 0.0 0.0 0.0 0.0 0.0 44068.349018842724 102512.52162740352 105624.26068069378 234482.0268289871 0.0 0.0 0.0 0.0 0.0 232653.48893459604 0.0 0.0 237713.80750746533 198107.87034811545 85452.4892987282 75342.54599735835 126421.34763966737
9368.977139265806 10577.935871109614 9552.787114998835 0.0 0.0 85728.18223587076 134763.6082221289 211454.06975645525 199755.30142104818 60998.617770998826 0.0 55731.19846234538 0.0 0.0 0.0 0.0 0.0 0.0 0.0 35115.991814673056 11696.59851304222 35269.51825693254 0.0 0.0 0.0 11779.078507367502 55457.019913856944 74017.0936189418 0.0 23544.743915644813 58881.97943787417 94044.53369721396 46968.3725831252 105808.45436961991 152681.90122158514 164530.5013696283 162455.48175746945 170716.09952435846 73792.68234927107 0.0 0.0 0.0 0.0 0.0 14696.279993693986 14778.939457946992 44255.1348477075 0.0 0.0 0.0 0.0 0.0 0.0 0.0 0.0 0.0 265072.30189004284 0.0 0.0 0.0 160964.75125471764 114579.06523465824 53238.551907920635
12749.762107798393 0.0 14086.02827616945 17294.093776266818 0.0 34452.033308513994 175562.6862994082 200848.103775067 212823.07464597683 44033.97952349183 35683.72050520434 34829.43716798931 37868.31688465643 21701.916808575686 0.0 14690.379283434448 72190.20439819361 0.0 0.0 35484.19487405845 11818.99762957122 68403.10527732255 70980.387029598 44731.040834081825 59242.11177958908 35377.41900353162 0.0 11859.06539025114 94792.86449009416 141960.31265866605 153886.23798413717 0.0 0.0 130181.78117456674 177190.1084932465 212901.43441843803 213037.6111388325 163521.3301153326 148695.68493381288 44625.46492548421 14902.970327230849 0.0 0.0 0.0 0.0 0.0 59388.47948532886 103835.62409954556 133662.53569093847 0.0 148861.9861610181 0.0 0.0 0.0 0.0 0.0 267422.4689925888 252395.46625062075 0.0 0.0 0.0 0.0 0.0
17390.577109719452 16499.077595776318 0.0 10271.970680924533 0.0 71013.4588743818 142293.65780219887 188816.22344943506 202382.8860291891 189829.89374943954 127249.56065305401 39447.736971002094 44444.32407406378 15734.71576494756 21617.161656793418 53555.958641025136 58096.39167500306 14052.388666643332 28948.09151442953 19444.515598002235 11909.650501845757 104513.21420392484 95386.8270309055 178532.96586881013 190418.19165311597 154985.69428914366 164956.98261671813 130736.0261768852 154890.8871886247 190520.5831086628 202379.4554944748 178648.68322908704 196842.871534864 233438.12736978751 222418.25250035044 226376.96291706 178478.09943499207 202353.31412862198 239408.95310836824 194789.22652953415 44957.45935672663 89766.45967373067 119893.56059475915 14985.866934914438 0.0 0.0 0.0 14969.340053189913 104509.97691395252 101400.12280829616 148911.57909533635 179339.59218287864 239081.50501723215 269211.5089612621 0.0 0.0 0.0 0.0 0.0 0.0 367575.18091759377 300730.92077614844 315891.9133212025
18065.070737497972 104556.43133989393 103987.8886834197 0.0 0.0 0.0 212868.87516856112 90755.34718430352 166715.01073443273 163313.1118156103 201426.2637573281 184017.49336733678 215809.61068260297 227695.7239705952 179852.5838982039 0.0 0.0 35381.938440898586 87125.87122651876 124817.2558630766 106702.73835013203 132031.34362426001 215344.11841867503 227551.66630870663 191476.9955840806 191711.0805855312 131787.19674001212 179349.79304664664 191542.47649833895 0.0 0.0 0.0 0.0 0.0 0.0 0.0 227777.32055257916 0.0 225768.89855481227 240933.0262031391 208067.0237926514 105655.05309892989 90236.41356961383 45145.61078531354 30172.589927095996 75490.28336182066 45341.63194367364 0.0 0.0 102.15144785902059 60320.50612595189 135443.89700256457 176058.07706003846 0.0 0.0 0.0 0.0 0.0 354471.15341103025 413184.75358977023 383353.42795417027 308170.19197069574 306474.178196171
306426.0672133445 0.0 101587.03984855468 208658.06941067963 311743.74511286913 174173.45494864148 0.0 0.0 102209.36694123676 149458.15090539842 185691.3665613614 192694.80694636732 180916.82116366402 180730.29930724448 156480.92571500127 192565.9584314704 215986.58410136166 168264.0806662259 165715.5785364621 214597.5447682549 156473.17598400635 167213.3737991906 132525.70927019228 156828.12840010467 193185.86488713874 193108.7019428028 191941.20841274745 0.0 0.0 0.0 0.0 0.0 0.0 0.0 0.0 0.0 0.0 0.0 0.0 0.0 242548.43839652344 242402.91676247385 0.0 151718.1204387657 136591.54338886973 166079.7676573609 136128.08106345532 0.0 0.0 0.0 0.0 162067.80049177262 0.0 197407.8417392351 0.0 0.0 0.0 0.0 0.0 405090.862609598 398582.8764959796 400337.3350669424 318736.0580392939
104983.11453150552 308828.6235425374 291912.83734741417 728974.023481044 420692.4758840499 208327.0586837773 207820.23910664255 105493.03256895857 15631.02276280406 0.0 0.0 167376.6859074098 0.0 1158595.6654646154 1158336.6699842697 0.0 109095.21519933682 145579.65312419276 145715.27167684023 0.0 0.0 0.0 194181.99964202024 242797.63545128953 218394.62701311609 206085.0137399641 0.0 0.0 0.0 0.0 0.0 0.0 0.0 0.0 0.0 0.0 0.0 0.0 0.0 0.0 0.0 0.0 0.0 213414.1559481196 228889.59749882523 228637.20918107516 244282.21770212014 244295.2896772824 0.0 0.0 0.0 0.0 259321.5196619733 259477.2392748586 259140.04730727448 0.0 0.0 0.0 0.0 0.0 393690.1516206033 317815.0296473769 271344.6498290448
0.0 0.0 0.0 630193.1124330795 427035.75195575843 103451.38716004562 106050.54670066983 246800.67631435388 102637.3840052402 0.0 0.0 82961.29027953176 1328009.9001782483 0.0 1498553.3660549899 1563415.08627892 1165122.5871347452 48488.61992794776 51595.333939569944 0.0 0.0 118062.23135436323 113503.8323173097 125004.10907104304 138695.2713645883 137121.0193844914 152643.3973695634 152693.36779910343 152636.23382382502 138695.51390777886 143847.88457825378 0.0 0.0 0.0 0.0 0.0 0.0 0.0 0.0 0.0 0.0 0.0 0.0 261207.02699960975 0.0 261081.0984132586 0.0 276379.8861015753 261109.1953652749 261209.40849365623 0.0 0.0 261292.96404020177 0.0 0.0 0.0 380983.2062450262 0.0 0.0 0.0 302773.2969922304 287628.24734777777 281765.9466798696
0.0 0.0 0.0 1600624.9191515287 0.0 830324.3101570653 0.0 0.0 107270.2484785759 0.0 81587.6139997278 81132.55118023974 499801.0283627061 1421765.3934053422 1589420.9962654193 1590142.3231389686 123330.60671324634 132584.2793340468 139375.01297033604 114088.05722107571 0.0 132527.27827577692 0.0 0.0 0.0 146559.45708605894 0.0 0.0 0.0 0.0 0.0 0.0 0.0 0.0 0.0 0.0 0.0 0.0 0.0 0.0 0.0 0.0 262887.2160139629 0.0 277924.1026865246 278245.078599291 0.0 0.0 0.0 293145.93431831716 0.0 0.0 0.0 0.0 0.0 263940.84957409994 0.0 0.0 0.0 0.0 296371.58158125594 292824.6531426776 338809.073082931
0.0 0.0 0.0 0.0 0.0 0.0 524790.4897461908 196594.91860667773 78109.25867982139 80651.09105791803 164041.561965471 303605.9886973881 0.0 418802.7389437418 1263648.0194798615 0.0 118712.03592740124 118730.38228122026 0.0 114160.34587576527 114682.75040281973 119398.99975613458 0.0 0.0 0.0 147565.25883398132 0.0 0.0 0.0 0.0 0.0 0.0 0.0 0.0 0.0 0.0 0.0 0.0 0.0 0.0 264286.7578335439 233084.26919855305 248492.37643132423 0.0 0.0 0.0 0.0 0.0 0.0 0.0 0.0 0.0 0.0 0.0 0.0 0.0 0.0 0.0 270332.1256827138 287307.70746469963 275137.56408304686 601216.78459709 306207.04928044183
