critload/trunk/output/2010/nh3_ef_man_fer_ara.asc
ncols 720
nrows 360
xllcorner -180.0
yllcorner -90.0
cellsize 0.5
NODATA_value -9999.0
[rows 84 to 111 of 360, columns 441 to 503 of 720]
0.08227605378773192 0.09661694588143427 0.09840886878510666 0 0.09669195354796188 0.10333940368390267 0.08519959631751516 0.05870626250190407 0.08519959822890653 0.08519958335043695 0.0851995591526262 0.08519954381156634 0.08519965210206908 0.08519965248965994 0 0 0 0 0 0 0 0 0.07615081489559818 0 0 0 0 0 0 0 0 0 0 0 0 0 0 0 0.07615081505175611 0 0 0 0 0 0 0 0 0 0 0 0 0 0 0 0 0 0 0 0 0 0 0 0
0.07793462736544107 0.09772968969012699 0.09740594921877403 0.07945981346967541 0.09662179913640397 0.09642133418092547 0.08519960660674769 0.05870622069030253 0.08519961101521029 0.08519956369434985 0.08519959000561332 0 0.06304957091138974 0.06304957015931935 0.08519959519271851 0 0 0 0 0 0 0 0.07615081425831007 0 0 0 0 0 0 0 0 0 0 0 0 0 0 0 0 0 0 0 0 0 0 0 0 0 0 0 0 0 0 0 0 0 0 0 0 0 0 0 0
0.08222173983365799 0.08239674124420217 0.09698961355657011 0.09796699095937454 0.09641555703616586 0.09652395046096575 0.07945980920559077 0.05870622069660425 0.08519963444193183 0.08519959219959612 0.06304956972270723 0.06304956972245916 0 0.0851995987950379 0.06304957062338604 0.063049560218986 0.06304959862497475 0 0 0 0 -9999.0 0 0 -9999.0 0 0 0 0 0 0 0 0 0 0 0 0 0 0 0 0 0 0 0 0 0 0 0 0 0 0 0 0 0 0 0 0 0 0 0 0 0 0
0.07154842154311737 0.08226196693162667 0.0824880734270653 0.09679067100428135 0.09670144647427063 0.07168318937702636 0.058706220690767454 0.05870622069127499 0.05870627002128085 0.08519956332458412 0.0630495706818615 0.08519962020471322 0 0 0.06304957049286553 0.06304960886292409 0.06304961273770097 0 -9999.0 -9999.0 -9999.0 -9999.0 -9999.0 -9999.0 -9999.0 0 0 0 0 0 0 0 0 0 0 0 0 0 0 0 0 0 0 0 0 0 0 0 0 0 0 0 0 0 0 0 0 0 0 0 0 0 0
0.07161569793223015 0.07182065004053391 0.08248742803185219 0.08307830134897257 0.09715428839612139 0.09681633249960209 0.07945979247569586 0.05870621339066435 0.05870624624729707 0.06304957724297773 0.06304959707178014 0.06304956972258303 0 0.06304956972252256 0.06304954568151526 0.06304956539137936 0 -9999.0 -9999.0 -9999.0 -9999.0 -9999.0 -9999.0 -9999.0 0 0 0 0 0 0 0 0 0 0 0 0 0 0 0 -9999.0 0 0.07018618621722189 0.08769568277752883 0.10240069235807317 0 0 0 0 0 0 0 0 0 0 0 0 0 0 0 0 0 0 0
0.09645471780738468 0.09694114769993233 0.07206780499996548 0.07171434297664926 0.08248026352581257 0.09655837951408246 0.09653690182935909 0.07945982559095104 0.07945984795326581 0.08519956174339798 0.07699210744089535 0.08519954634431925 0.08519961213167228 0.06304956662517533 -9999.0 -9999.0 -9999.0 -9999.0 -9999.0 -9999.0 -9999.0 0 0 0 0 0 0 0 0 0 0 0 0 0 0 0 0 -9999.0 -9999.0 -9999.0 -9999.0 0 0.07615081427202666 0 0 0 0.07615081409423394 0.1096980637144101 0.10969806421090408 0.07615081415673389 0.07615081432216905 0 0 0 0 0 0 0 0 0 0 0 0
0.09664566314751326 0.09634594309552445 0.09646677036103131 0.09641638453776011 0.09649727674083593 0.09663923148134466 0.09698473900651187 0.09680289242884918 0.07945983966966343 0.07945976983669809 0.05870625384666237 0.058706250503726146 0.0779148864041466 0 -9999.0 -9999.0 -9999.0 -9999.0 -9999.0 0 0 0 0 0 0 0 0 0 0 0 0 0 0 0 0 0 -9999.0 0 -9999.0 -9999.0 -9999.0 0 0 0 0 0 0.07615081366124522 0.10969806419935584 0.1356268768919669 0.09499628060315854 0.07615081420020677 0 0 0 0 0 0 0 0 0 0 0 0
0.0630495185378435 0.09648939009836248 0.09660125210317938 0.09688157518345554 0.09668976042597775 0.07164762890846907 0.09652686960402271 0.0966259131807849 0.0970011915475869 0.09778040804465397 0.07945982618027625 0.10379777456245863 0.06807723978059457 0 -9999.0 -9999.0 -9999.0 -9999.0 -9999.0 0.10154987706610481 0 0 0 0 0 0 0 0 0 0 0 0 0 0 0 0 -9999.0 -9999.0 -9999.0 -9999.0 0 0 0 0 0 0 0 0 0 0 0 0 0.07615081412658212 0.09562310401662302 0 0.07615081423771788 0.07615081386829331 0 0 0 0 0 0
0.06304956972252944 0.0630495658904344 0.06304953762393424 0.06304956621094837 0.07945984822495536 0.09663906324737234 0.09735537209215954 0.09780392897275697 0.0971087553702909 0.0827684620426094 0.07945981005102683 0.07945979116271834 0.07231864066515117 0.07266915827630734 0 -9999.0 -9999.0 -9999.0 -9999.0 -9999.0 -9999.0 0 0 0 0 0 0 0 0 0 0 0 0 0 0 0 0 0 0 0 0 0 0 0 0 0 0 0 0 0 0 0 0.07615081445060178 0.07615081429556023 0.09562310419406657 0 0.09562310506177446 0 0.12596589350264856 0.12606124040370073 0.12606035563110252 0.09440139624195402 0.08705699914416205
0.049878366408625224 0.04062092988077601 0.05148002371463706 0.05148004442808588 0.05147996576325209 0.051480010174875586 0.06762802724681867 0.0725554557877447 0.07206037859652278 0.07218267945148339 0.07239334422758621 0.07260797868059739 0.07218912360347747 0.07197724765367747 -9999.0 -9999.0 -9999.0 -9999.0 -9999.0 -9999.0 -9999.0 0 0 0 0 0 0 0 0 0 0 0 0 0 0 0.0059007474191546325 0.04735020411551385 0.004270445528573603 0.03218070048071936 0.003955214495471877 0.0028608883596426583 0 0 0 0 0 0 0 0 0 0 0 0 0.07615081441573195 0.09441262046524358 0.11805582866363966 0.1178452427297054 0 0 0 0 0.10100738286592557 0.10119458387637555
-9999.0 0.11059872217111189 0.04368835603057931 0.04368834866826899 0 0 0.0514800484449575 0.05148003912252222 0.05147998366143792 0.05148002904753312 0.06304957447621885 0.05148000684329195 0.06304953409522124 0.08302567398228775 0.07694352088342307 -9999.0 -9999.0 -9999.0 -9999.0 -9999.0 -9999.0 -9999.0 0 0 0 0 0 0 0 0 0 0 0 0 0 0.005900747341600656 0.004270438970781801 0.047350204085130417 0.04403742825073 0.00265207618018631 0.002860888342595533 0 0 0 0 0 0 0 0 0 0 0 0 0.09431032772097883 0.0943104237233285 0.09442994219236203 0.11789740014833716 0.09645867110178674 0.09749157758316568 0.07508482712675418 0 0 0.1419324755442896
-9999.0 -9999.0 0.11032969179800463 0.11071564366043025 0.08814591747994144 0.06309130398031124 0.04987840163124128 0.04987837574422624 0.04987840457895612 0.0498783379480963 0.04987832147069385 0.06304954483267752 0.05148005029387635 0.05147996015087719 0.07768080226147786 0.07764507914002687 -9999.0 -9999.0 -9999.0 -9999.0 -9999.0 -9999.0 -9999.0 0 0 0 0 0 0 0 0 0 0 0 0 0.1881103214535379 0.14307257931621792 0.14353314960886462 0.13431474504515328 0.0026520696428416046 0 0 0 0 0 0 0 0 0 0 0 0 0 0.08705699914416205 0 0.11798755693201031 0 0 0.09749157874938617 0.06145164661677644 0.06145205762632676 0.08791881649231648 0.0837573489366515
-9999.0 -9999.0 0.06309134857207128 0.04368830886078573 0.04987840953286062 0.04987837753255099 0.04987839841505227 0.04987832501052426 0.11050160858400483 0.1110326190301261 0.08879266229859979 0.087687272944756 0.045091348554646624 0.05148002347890785 0.05147996689694849 0.07781977965924242 0.0954517433786756 -9999.0 -9999.0 -9999.0 -9999.0 -9999.0 -9999.0 -9999.0 0 -9999.0 0 0 0 0 0 0 0 0 0 0 0.14352333492268426 0.1435239122633923 0.13439593634737254 0.042745868226037896 0.02972994431898996 0.0296404347731616 0 0 0 0 0 0.0058118051095684764 0 0 0 0.002406385070152403 0.08712247733467708 0.087122531910478 0.09438799796921593 0.11796281535052146 0.09468834518242458 0.09443132452010931 0 0.002610170943734828 0.08790580218614528 0.10179568681600659 0.10179406277462037
0.07117952815123219 0.06644941036693632 0.07119928794072307 0.08117536356453406 0.0708509223981767 0.049878371272198865 0.10920351198138391 0.05355506081097494 0.11108362275868236 0.09504076082846956 0.06507494563198946 0.06309131358957022 0.09480586682446104 0.05146948042674478 0.051480031619346674 0.0514693553214352 0.0954951442981569 0.05146945038035251 -9999.0 -9999.0 -9999.0 -9999.0 -9999.0 -9999.0 0 -9999.0 -9999.0 0 0 0 0 0 0 0 0 0 0 0 0 0.13290750362775697 0.0038942476948169375 0.00584388756073498 0.0058118052000392505 0 0 0 0 0 0.0038954776908277132 0 0 0 0 0 0.10217918430483935 0.07544215239065388 0.11794730355697315 0.038337456452222675 0.0033602222000164036 0.0026774136522238826 0.0026623670338507444 0.1329137339856922 0.04023575754506046
0.06631375808229384 0.1014926026771595 0.10149882185153439 0.10800113678896006 0.10804648654811494 0.10811192395730726 0.13528564815402566 0.13524195981867942 0.12664012769813696 0.12663997945585723 0.09489312484125158 0.09535545544865076 0.09535503141288448 0.09559201005261261 0.09549334397199355 0.09504250038790887 0.05146940302282092 0.051469355564315096 0.05146935661122109 0.06507497713491124 -9999.0 -9999.0 -9999.0 -9999.0 0 0 0 0 0 0 0 0 0 0 0 0 0 0 0 0 0 0 0 0.0058118051200729565 0 0 0 0 0 0.003895477645854405 0.003482823471647632 0.0036114227360978805 0 0 0.003611422765164534 0 0.03852012982680696 0.03840820613594496 0.0034121075173288956 0.0949107761399055 0.00351960073560482 0.029813944051735045 0.030573088657138994
0.08094201804911216 0.08592983475149857 0.10154946312802508 0.10148833598989744 0.10742741590694962 0.10735986257951059 0.156830837375963 0.13469086513689935 0.13494758162650794 0.13517014372306982 0.104705702072984 0.05146939981706549 0.051469414942649026 0.11917164950928787 0.11911641669392749 0.23646654870108458 0.09540348456941398 0.09523964303024457 0.06507486187050367 0.06507486537805107 -9999.0 -9999.0 -9999.0 -9999.0 0 0 0 0 0 0 0 0 0 0 0 0 0 0 0 0 0 0 0 0.18802263569755587 0 0 0 0.003760435147930769 0.0437678850894108 0.04256487774298758 0.0035174611139517594 0.0035601007703163247 0.00348861448748551 0.0034510882308748042 0.003435996158434564 0 0 0.10626247784892157 0.09487872854909099 0.09475493770091939 0.03996611181391042 0.12697355795974802 0.003509851450276363
0.10151471386242852 0.08604991816876993 0.10151908519241222 0.08092915619713927 0.10150857117050778 0.10743791077582868 0.10742762049608409 0.10780231285931807 0.14392641147812427 0.1568309033601279 0.10470580756274134 0.041929674232134194 0.05146945038493895 0.09518794842521133 0.12739416981501062 0.11899633878871867 0.11908314760191324 0.06507494659388692 -9999.0 -9999.0 -9999.0 -9999.0 -9999.0 -9999.0 -9999.0 0 0 0 0 0 0 0 0 0 0 0 0 0 0 0 0 0 0 0 0.18803249480446113 0.002829033184551536 0.0027365276083600766 0.028362184197770746 0.003825506859264245 0.002829033182069984 0.0034033887445419895 0.04126688574071476 0.03046126152502213 0.02917825753323363 0.0033688255283137168 0.0027401579171384676 0.09395108166225881 0.09458875131788587 0.08790931228277538 0.0879102812513131 0.08790947392462109 0.08790546244950775 0.08791878277654706
0.08093608333963584 0.08569234479852207 0.08570044905366943 0.08584422325839978 0.10738991608430562 0.10150957964959993 0.1014934602387881 0.13975762082915594 0.1399133720628056 0.12712452999651205 0.0783738915491271 0.12663987240193014 0.05146927245109398 0.15790901057738765 0.13976645440407484 0.12714422689248087 0.09538482964811135 0.11884130033089571 -9999.0 -9999.0 -9999.0 -9999.0 -9999.0 -9999.0 -9999.0 0 0 0 0 0.1255550291867066 0.1255550291867066 0.13413933557629204 0.13413933557629204 0 0 0 0 0 0 0 0 0 0 0 0.13388927390677013 0.13413933557629207 0.003796635927773112 0.003911217267426758 0.0038825027634642913 0.002730989007244714 0.038512742138719275 0.03941240424328253 0.03852656837202859 0.0027127525253129786 0.07484096456760324 0.07502580606159773 0 0 0 0.07491882917294508 0.07485283169852221 0 0.10032732603249733
0.08095381537005758 0.10863639828591408 0.11488454005321709 0.1075584286216536 0.10744506011005114 0.10150499694508235 0.10742147308138834 0.11500293297898806 0.157878939558295 0.13989413688953128 0.15792728781552876 0.13992395334157356 0.13976598577707328 0.1579315934511322 0.15792959301141005 0.0514694121324937 0.09483560964808818 0 -9999.0 -9999.0 -9999.0 -9999.0 -9999.0 -9999.0 -9999.0 -9999.0 0 0 0 0 0 0.12555342433133126 0.1254974513148132 0.13413933557629204 0 0.10066605794208625 0 0 0 0 0 0 0 0 0 0.09279301064264273 0.13413933557629204 0.13408622676626797 0.0037175779728323157 0.0027447679327593125 0.03840328553157084 0.03848919558940177 0.0034332068308636533 0.002636351085074594 0.0021290866285678953 0.061150142462131275 0.07476260171794703 0.07494092682569366 0.07489960324368847 0.08473286250782827 0 0 0
0.08574763714701938 0.08576561163515793 0.08093290875010686 0.10863461165979933 0.10148835242417198 0.10751706823112786 0.10151662942547444 0.10152225909162385 0.13987523980509287 0.1579490945972863 0.13981553170297373 0.13976144425469658 0.15795050201654484 0.13983631964974239 0.1309891649253333 0.13978966471862386 0.10524859768699002 -9999.0 -9999.0 -9999.0 -9999.0 -9999.0 -9999.0 -9999.0 -9999.0 -9999.0 0 0 0 0.12534614788006507 0.1254041470286374 0.12537605151587397 0.1481236546875234 0.1253186507862749 0.12552814708212287 0.12549865511099118 0.12555502918670658 0.10060027465396902 0.10060027465396904 0.10066605794208625 0.10066605794208625 0.0939912933830424 0.09297456304437267 0.09279301064264274 0 0 0 0.13408406293588734 0.13405475180443596 0.13413933557629204 0.1255484091203155 0 0 0.003494124143002226 0.04054863143016381 0.0034859195473383683 0.0947674059456838 0.09447500062485856 0.09367424448877697 0.07529466519526615 0.128833325834058 0.08210548286872868 0
0.08580673540626953 0.08579818357227735 0.08595908258837215 0.08093690673690195 0.10148915637962497 0.10150535874408832 0.10149878135141605 0.10149630576828653 0.13092781684127383 0.13972960623747124 0.1398173652573781 0.13089408730756938 0.14807244532103847 0.15788922798775684 0.13967203916075333 0.1579534887958019 0.10519634444676867 0.10508888227148029 -9999.0 -9999.0 -9999.0 -9999.0 -9999.0 -9999.0 -9999.0 -9999.0 0 0 0.18784166991774884 0.21903199129775017 0.15797766514201272 0.1400522516283468 0.1399915309495953 0.15796653504334351 0.1579829617397251 0.12548420933811646 0.1253730411753017 0.1253186507862749 0.1341304845603629 0.09380799344981593 0.09398913987785038 0.09380799344981593 0.09399149656659019 0.09380824547502209 0.10047122657672583 0.10047122657672582 0 0.10047122657672583 0.10047122657672583 0.10064441418050957 0.12549444180986866 0.1255393815955165 0.00364132094554368 0.029360366211996614 0.02877551713091573 0.09502512016959608 0.09437591983282044 0.10664064548850674 0.09715266075783795 0.12352188225301777 0.09844871447660179 0.08655236671785015 0.10247373996471904
0.10740368587485533 0.10752197615922812 0.12303414485701696 0.15137440045410633 0.1531632205921436 0.1547083575240896 0.10150597692076214 0.1014917847956711 0.14810751768611363 0.13989413958674776 0.1398307996776609 0.13983731955083079 0.1480667170104931 0.14807984766684126 0.13991646240151168 0.15794997094123456 0.15798254757255692 0.10520092636062839 0.14934438644568568 0.14916941722594407 -9999.0 -9999.0 -9999.0 -9999.0 -9999.0 -9999.0 0.13388927390677013 0.2188437815835987 0.1952301712695204 0.19533707056120345 0.1579765843897875 0.157982547590594 0.14002322525229552 0.13985251865930806 0.13999072850307964 0.139786762427062 0.15796737620013546 0.1311240165354465 0.1253186507862749 0.13388927390677013 0.09380799344981591 0.09399237013179944 0.09279301064264274 0.10062404262969978 0 0 0 0 0.10047122657672583 0.10171199100700987 0.0944906035121736 0.09394044140658034 0.09367921638336162 0.12415444071687107 0.004325735907269995 0.10296312916894494 0.12343104603399595 0.11052925317800198 0.11924958701272168 0.1313357616302379 0.1283075526196585 0.09825389594530626 0
0.1847780004143111 0.18473043422757146 0.1847669009817075 0.21480023231309675 0.21274923923858258 0.15316327719030137 0.1531394432487998 0.12488571631451194 0.12488705712735686 0.13098130559831447 0.1398577742501565 0.15788103616833904 0.1399837840569778 0.13995072225767263 0.15791602234038862 0.1579159813026093 0.15791169773054523 0.15790523693562028 0.14811445220554076 0.1310803160536185 0.13107695373074318 0.16845448223527257 0.1399253331509787 0 0 0.16838548954769356 0.18385890143856157 0.10529110043848217 0.11931635764670093 0.21902996058321567 0.15793337687062922 0.157982547587023 0.1578686518336401 0.13082152769992922 0.130910641505375 0.15796213911137194 0.13987482122291267 0.13968741913938298 0.1309311855688511 0.1481335216596024 0.1253186507862749 0.09393465279035637 0 0.10061343208147382 0.12547518048771086 0 0 0 0.11683453070862146 0.12538225778222142 0.1309954860145842 0.13144242521287888 0.1230003055647919 0.11793999862260668 0.1172372270872972 0.12550955180285306 0.13147674081240238 0.13080926081780603 0.12693206623743336 0.13381163388315662 0.13261509583564915 0.13072625367705293 0.10777941547151346
0.18485146760424392 0.18494700212161036 0.19689633461162426 0.19681137906537635 0.21479890093309356 0.19464510657328443 0.19496440082499217 0.19689514386966706 0.11336248729293655 0.14074299219569947 0.13078855343902485 0.15795765861079675 0.15796125568941677 0.1579336813449084 0.13106497194104189 0.13960764484898172 0.1579383638345813 0.13986071492644653 0.15788852734562792 0.13970525554916285 0.15792310454606606 0.13104824481919122 0.13092821303613075 0.1481341546339724 0.14806285229979876 0.14788502115818472 0.1481337151992303 0.2188918021894778 0.21889360818340267 0.21888877589162237 0.21890119591883542 0 0.15798254756259938 0.15798281848622595 0.13969289337925936 0.13972578540085512 0.13082356999812206 0.13992530026589162 0.13972742288844459 0.14808528948681313 0.1579827227442094 0.1253999328167936 0 0 0.12545391179215057 0.12547518048771086 0.1253186507862749 0.1257006452921063 0.1308832765586608 0.12567612654728436 0.1264888650390176 0.12586069706577785 0.12558169376746675 0.0987031430885238 0.09465621674548563 0.1250539102167318 0.1259423583984355 0.13159337427078516 0.12963391856802675 0.1311518261070377 0.13138404733548917 0.09870314316194209 0.1022524762296806
0.1965248200073898 0.20610945501246836 0.22787867201087506 0.2276636532198427 0.2276992986426212 0.20878788921475952 0.1960046079454505 0.19399842978595463 0.1964123883408394 0.11336495891919154 0.12487401039795239 0.15789922171590404 0.13999481757923332 0.15791877249549327 0.13996715112543026 0.15794642088238656 0.1399790433275253 0.1579111454406726 0.15791728863932739 0.15791728344458053 0.15793994540384773 0.1400215309477059 0.15789622877437776 0.1579253920844853 0.157972143328156 0.21896842726189922 0.21869483884995886 0.21889593122556966 0 0 0 0 0.21903423840696107 0.1579843597290923 0.1579842218248981 0.15798426926015208 0.15788071560003555 0.15787289845000888 0.13974339338866157 0.15787269359449227 0.14813524701778044 0.14812954018280536 0.12548461061602964 0.12547518048771086 0.12548340678118536 0.13001199654262444 0.13071149273071053 0.13106561655107568 0.13040768976762457 0.12593266162792824 0.12630972655414602 0.13196051981908716 0.1265548257125856 0.13120958289544363 0.13123091542911133 0.13132449891603556 0.1276481994608847 0.13367150309865447 0.09635199307197037 0.09821852625593794 0.0984030075856741 0.08663985496730302 0.10057258727575756
0.20607567753438488 0.22795818788213848 0 0.22795818788891625 0.2279581878803964 0.22782849468059846 0.1960630902267756 0.19483662309143643 0.19572891035273055 0.19687683669448877 0.19496747701257405 0.1397845364048591 0.1480939449592044 0.15789876863831032 0.15792851016410125 0.13993633026047742 0.13095564120541525 0.14808378626510596 0.14805257372841 0.1578905476817809 0.1578839267343967 0.157909705299366 0.13973416232476052 0.21884989757902806 0.2188590969309838 0.21889593119458284 0 0 0 0 0 0 0 0 0.1578437983322536 0.15788075776428304 0.15786568367599332 0.13971049035900943 0.1397547868830428 0.1398425763138366 0.13963446503921234 0.12367652499296881 0.12412479943309553 0.12970681806642412 0.12375225000867279 0.12437744587085717 0.13125218599771338 0.1316189697896453 0.13150385807882228 0.13145213742741574 0.13108687975802719 0.13107392184410013 0.09852105862262209 0.09870314329043187 0.10134203218770334 0.13505027991429824 0.13078263817192456 0.13207611698781732 0.10127340053825935 0.09913269899773865 0.13138582255424444 0.12959801442660543 0.14835195933355066
0.19635692243485758 0.22780822817119858 0 0 0 0.2279006841852621 0.22777090000646358 0.2274757835906505 0.2087084333691499 0.2081134160013951 0.1837943927521623 0.14813196708854434 0.14812050299207133 0.157916777866525 0.15791172840038945 0.13974126340609222 0.15790464431746556 0.14805564829088383 0.15788407527222617 0.15787842891044454 0.15791039929402342 0.157892539099502 0.15772059040532813 0 0 0 0 0 0 0 0 0 0 0 0.2190342384764027 0.15798445518708185 0.15786335691791265 0.15785091953694352 0.1578946104904366 0.1579037520259642 0.21886224906208412 0.12540795385505688 0.131372725059733 0.1352320031321258 0.13131272067031724 0.1309838601078627 0.1314575277443862 0.131300910467519 0.13120758410477046 0.12585209233556285 0.1310572252079906 0.09850748709896573 0.10146593335429127 0.09833023125371253 0.10011000509334027 0.13074952455555894 0.1000855045078017 0.13173145703015168 0.13482274247555945 0.12839492629672103 0.13382157875706116 0.1505928820879173 0.16132045145339327
0.22774929995551346 0.22780409735310525 0.22780401967112396 0.22780409691499406 0.2278589439019449 0 0.22778937197588262 0.2086336933142709 0.20886087216122481 0.20897938488222367 0.1839880286177611 0.148119413444705 0.1480830359574945 0.1480978552552422 0.14808360353051436 0.1579003104016443 0.15786817413545454 0.14805651000706252 0.13089734863893057 0.15790891785056205 0.15795547594843448 0.15788048311566633 0.15787688391487067 0 0 0 0 0 0 0 0 0 0.2186948388501632 0 0.21903423840771907 0.1579844551535939 0.15790868314217318 0.1578969656359529 0.1579844551534436 0.2190342384364122 0.17451651353545253 0.1778802311608637 0.12586066500514193 0.1311256278816844 0.13107058288143345 0.13075228991981822 0.1351993066358832 0.13505510583895303 0.10140819669290603 0.09842901449756626 0.09851979057027649 0.09843618695277519 0.13124407043906733 0.09833077405822839 0.09802914172917342 0.10125267282112124 0.1327140423500291 0.13256547348027564 0.1318097424258721 0.13225780710300505 0.18516591726174808 0.20712672096373735 0.20914700981254383
