critload/trunk/output/2010/nh3_tot_ara.asc
ncols 720
nrows 360
xllcorner -180.0
yllcorner -90.0
cellsize 0.5
NODATA_value -9999.0
[rows 140 to 167 of 360, columns 315 to 377 of 720]
-9999.0 -9999.0 -9999.0 -9999.0 -9999.0 -9999.0 -9999.0 -9999.0 -9999.0 -9999.0 -9999.0 -9999.0 0.0 0.0 0.0 0.0 0.0 2378.4465433188993 2468.9079544854985 0.0 0.0 0.0 0.0 0.0 0.0 0.0 0.0 0.0 0.0 0.0 0.0 0.0 0.0 0.0 0.0 0.0 0.0 0.0 0.0 0.0 0.0 0.0 0.0 0.0 0.0 0.0 0.0 0.0 0.0 0.0 0.0 0.0 0.0 0.0 0.0 0.0 0.0 0.0 0.0 0.0 0.0 0.0 0.0
-9999.0 -9999.0 -9999.0 -9999.0 -9999.0 -9999.0 -9999.0 -9999.0 -9999.0 -9999.0 -9999.0 -9999.0 0.0 0.0 0.0 0.0 1267.4746051597474 0.0 0.0 0.0 0.0 0.0 0.0 0.0 0.0 0.0 0.0 0.0 0.0 0.0 0.0 0.0 0.0 0.0 0.0 0.0 0.0 0.0 0.0 0.0 0.0 0.0 0.0 0.0 0.0 0.0 0.0 0.0 0.0 0.0 0.0 0.0 0.0 0.0 0.0 0.0 0.0 0.0 0.0 0.0 0.0 0.0 0.0
-9999.0 -9999.0 -9999.0 -9999.0 -9999.0 -9999.0 -9999.0 -9999.0 -9999.0 -9999.0 -9999.0 -9999.0 0.0 0.0 0.0 0.0 0.0 0.0 0.0 0.0 0.0 0.0 0.0 0.0 0.0 0.0 0.0 0.0 0.0 0.0 0.0 0.0 0.0 0.0 0.0 0.0 0.0 0.0 0.0 0.0 0.0 0.0 0.0 0.0 0.0 0.0 0.0 0.0 0.0 0.0 0.0 0.0 0.0 0.0 0.0 0.0 0.0 0.0 0.0 679.2354410009088 0.0 0.0 0.0
-9999.0 -9999.0 -9999.0 -9999.0 -9999.0 -9999.0 -9999.0 -9999.0 -9999.0 -9999.0 -9999.0 -9999.0 0.0 0.0 0.0 0.0 0.0 0.0 0.0 0.0 1264.6886222531252 0.0 31.41704216982078 0.0 0.0 0.0 0.0 0.0 0.0 0.0 0.0 0.0 0.0 0.0 0.0 0.0 0.0 0.0 0.0 0.0 0.0 0.0 0.0 0.0 0.0 0.0 0.0 0.0 0.0 0.0 0.0 0.0 0.0 0.0 0.0 0.0 0.0 0.0 0.0 0.0 204.24117530248168 0.0 0.0
-9999.0 -9999.0 -9999.0 -9999.0 -9999.0 -9999.0 -9999.0 -9999.0 -9999.0 -9999.0 -9999.0 -9999.0 0.0 0.0 0.0 0.0 0.0 0.0 0.0 632.8936498676507 3057.391659449759 888.5247189694453 0.0 0.0 0.0 0.0 0.0 0.0 0.0 0.0 0.0 0.0 0.0 0.0 0.0 0.0 0.0 0.0 0.0 0.0 0.0 0.0 0.0 0.0 0.0 0.0 0.0 0.0 0.0 0.0 0.0 0.0 0.0 0.0 0.0 0.0 0.0 0.0 0.0 0.0 2529.612533377369 0.0 0.0
-9999.0 -9999.0 -9999.0 -9999.0 -9999.0 -9999.0 -9999.0 -9999.0 -9999.0 -9999.0 -9999.0 -9999.0 0.0 0.0 0.0 0.0 0.0 0.0 0.0 0.0 0.0 0.0 1201.2335866246829 1682.1378771155491 0.0 0.0 0.0 0.0 0.0 0.0 0.0 60.68132428877768 0.0 0.0 0.0 0.0 0.0 0.0 0.0 0.0 0.0 0.0 0.0 0.0 0.0 0.0 0.0 0.0 0.0 0.0 0.0 0.0 0.0 0.0 0.0 0.0 0.0 0.0 411.6824174935471 0.0 1234.2483736402899 205.7256235539243 0.0
-9999.0 -9999.0 -9999.0 -9999.0 -9999.0 -9999.0 -9999.0 -9999.0 -9999.0 -9999.0 -9999.0 -9999.0 217834.69790195252 257594.98791096357 165161.72977484897 80443.66493890311 57465.537360258866 0.0 0.0 0.0 0.0 8448.567672315778 0.0 1029.1777844583971 5665.509637154861 0.0 0.0 0.0 0.0 0.0 0.0 0.0 0.0 0.0 0.0 0.0 0.0 11212.43377168671 13629.719341908238 12361.692632956041 14145.442881273617 1620.536985870202 0.0 0.0 0.0 0.0 0.0 0.0 0.0 0.0 0.0 0.0 0.0 0.0 0.0 0.0 0.0 397.40910090039745 1158.9716644296313 0.0 3568.452174877989 0.0 0.0
-9999.0 -9999.0 -9999.0 -9999.0 -9999.0 -9999.0 -9999.0 -9999.0 -9999.0 -9999.0 -9999.0 -9999.0 674159.9319042111 60707.08853298023 0.0 0.0 2316.8702751032847 455071.13061755296 29980.80561296298 43961.50454995165 0.0 9680.765464771886 1212.354172991353 0.0 563.1696496768262 0.0 0.0 771.1615390806445 0.0 0.0 219.8622359548384 883.2539041717469 0.0 0.0 0.0 0.0 4308.025646500597 111541.02568344535 59511.1673524382 0.0 0.0 0.0 0.0 0.0 6408.318158018293 0.0 0.0 0.0 0.0 0.0 0.0 0.0 0.0 0.0 0.0 0.0 0.0 0.0 0.0 298.4913599707077 0.0 0.0 0.0
-9999.0 -9999.0 -9999.0 -9999.0 -9999.0 -9999.0 -9999.0 -9999.0 -9999.0 -9999.0 -9999.0 1698.075105729499 117072.76525434555 76673.83367558068 59044.36976808646 52071.595383765234 62581.39944307881 0.0 45408.57207536268 31032.604604810705 0.0 0.0 12029.887829776058 0.0 0.0 4307.850203539386 0.0 682.5388885463412 0.0 0.0 0.0 0.0 0.0 0.0 0.0 15032.92579974103 28171.486654517288 0.0 206939.5362922417 0.0 0.0 0.0 0.0 0.0 0.0 331.02883474806004 0.0 0.0 0.0 0.0 0.0 0.0 0.0 0.0 0.0 0.0 0.0 0.0 0.0 2546.1381463173866 0.0 0.0 0.0
-9999.0 -9999.0 -9999.0 -9999.0 -9999.0 -9999.0 -9999.0 -9999.0 -9999.0 -9999.0 0.0 84027.62507330177 109215.47319579184 6675.672798232407 435792.8398988327 557.7036271805532 2687.953244110378 16025.119668770407 8671.567562230997 47636.59818445405 0.0 73436.94906925008 84896.31511771731 87011.32477828863 60597.74464800021 53641.119283543434 115874.49807239891 114654.77200401077 163809.54574295747 113949.12066386183 72423.8456394787 36714.67129983156 26482.50242276393 0.0 19140.052202863586 43631.4359551925 135405.3357460781 76725.96742142866 118227.96040569057 0.0 0.0 0.0 11842.53866050208 11655.693657242324 7176.4448843012415 0.0 0.0 0.0 372555.8012222899 48623.88492240183 124152.48652787216 0.0 0.0 0.0 0.0 0.0 0.0 0.0 0.0 108.9549913973552 0.0 0.0 0.0
-9999.0 -9999.0 -9999.0 -9999.0 -9999.0 -9999.0 -9999.0 -9999.0 -9999.0 -9999.0 68167.53132868631 595461.945916846 128553.83321870702 12039.842821438377 67855.65516119271 53275.4568038064 27519.26753018156 614.3779321323769 1091.6970560111235 43996.71946312851 73447.97096593503 133054.77451709312 509284.130679494 207625.83715202857 68964.49198011533 523385.3444412153 671906.9147867805 240527.0665547986 460563.3644261318 187671.31786894827 142866.76796063353 338663.31539462507 52090.48893256532 0.0 98778.52083028934 643.8924131839975 189523.88676813705 146709.83713672071 46077.190289648395 36642.55730369167 22346.907216966494 0.0 11447.875338189442 37488.54012041674 24646.694116451064 14228.681588068623 24709.56944217346 20529.969810397342 55465.452231389456 189546.33488663085 34000.78518373123 0.0 0.0 67777.82475411166 47271.12770777141 75259.85325593497 264860.3387138878 39998.4846514564 124298.7738588392 124314.85864408547 218341.77473105362 499909.7354755327 377541.64543927927
-9999.0 -9999.0 -9999.0 -9999.0 -9999.0 -9999.0 -9999.0 -9999.0 -9999.0 -9999.0 -9999.0 569553.1364684681 111446.22363608377 106772.74602984852 115428.38766600312 206803.5894269657 122103.7556398849 3171.863675706143 80378.74633473218 422813.2242869728 273601.78818417893 101599.56754253921 326239.4059112312 85254.88968098076 61348.32612683512 239154.47074832648 215945.83927096863 102305.2328946815 82876.29628486322 118349.79960496604 202733.01397317954 197111.8291642184 62929.02830194983 17996.525437444823 65911.4842494084 69372.75837365713 124441.55591929854 144753.64493610806 116857.41181100145 400.9140145985177 0.0 0.0 24.666794534738933 0.0 8767.798012430152 37005.42545736786 0.0 35334.61880009227 14117.14905968059 206163.22240635738 131925.47896097 0.0 98542.36149797842 80820.92204532905 273951.01391829667 49808.11432837181 134141.50437125572 220099.36807809107 121298.61181083643 46409.02831873989 184882.62326148743 415388.1364608094 332347.5228465192
-9999.0 -9999.0 -9999.0 -9999.0 -9999.0 -9999.0 -9999.0 -9999.0 -9999.0 -9999.0 -9999.0 8084.676675017905 1161599.024827388 553623.8548106708 752002.1397711277 633636.9145721137 325787.84077148756 344314.65660041006 57840.16350675623 347079.9645491705 24131.915112976734 41332.29168099545 4864.524610571898 69053.83874832354 5635.878669894368 9083.229770252772 10237.819821289559 24816.611827307017 230698.4699153267 885616.625435374 656354.8918742416 9813.091096538737 333270.423113781 174923.20601642068 19659.277889226527 138857.93867365428 778504.9040481049 199249.4272759199 207349.74376311235 18531.300467425288 391.4493185364446 36242.65270968099 0.0 16258.877743030727 31221.425050561214 0.0 39526.527758561664 33821.11852420293 27093.76711041383 46500.790952402225 39611.38099969005 145969.1109655764 191557.46149714253 163040.39624151887 31544.266885664158 42923.708116265814 47599.753781237625 167438.48182208295 204070.45085336026 229578.48594035994 255066.6538770012 208094.57290551646 3312.6465950305633
-9999.0 -9999.0 -9999.0 -9999.0 -9999.0 -9999.0 -9999.0 -9999.0 -9999.0 -9999.0 -9999.0 1142124.3048756197 1248340.7555111642 320297.82011621265 59506.58560240575 150122.87551387417 546234.6840524055 441373.4938986124 20652.091204281314 9539.464790864502 4295.799653152465 2436.4276054835973 5240.010658683104 6612.549057285718 4122.334758823756 70808.69003547617 141241.0962526772 55154.361907226405 493440.6974609499 560534.016726486 212947.72270582704 883716.2472183337 654156.0643556931 63921.55436167841 560938.6885618664 671253.1681024301 406984.1621624559 408631.35237577965 541882.876649627 62764.013808620395 108492.9368194037 459138.61475666007 306820.8792539962 19281.734554058883 42690.46441970641 19457.69548801708 556541.1644046658 246918.8356573254 204206.10367335856 157009.16642370718 186604.5830402571 354313.39839422004 312007.2221232506 195807.99939140643 134922.78500529256 130090.6985980758 103049.00303733391 208465.59615426237 390734.7788694019 426305.5597924115 128368.52826252824 337776.75848740345 294686.0106744125
-9999.0 -9999.0 -9999.0 -9999.0 -9999.0 -9999.0 -9999.0 -9999.0 -9999.0 -9999.0 -9999.0 267673.34204274317 69631.81353271047 793655.0827226199 110598.73788563408 107608.60001959385 73721.87143037109 305550.20423372247 28789.23285834073 1020.0602923180177 5998.555681699079 2448.827121399906 9986.026611838348 0.0 5514.222147668961 70247.41636350239 60599.67216042499 63009.12032651307 175752.93857576308 127191.51726811085 553403.9506855111 890991.2176411729 514446.7728869847 1044663.628462344 866209.611780528 729515.9422104869 565325.108663458 132163.43937519423 453496.48320179246 80086.73826452592 645324.5690183181 52499.69112790298 642993.5718437636 88056.65259840568 117699.40308186944 592866.246423924 160793.1324654207 426301.16151098843 332562.3805160681 507098.8887513857 388447.24105773366 403320.0386564 549560.3374197445 229343.77904522576 339498.72351917345 523644.20965195645 590970.6473745723 520401.1192213911 523083.6107826168 497367.85110388923 439426.97598826466 498875.22133433336 121514.72246735921
-9999.0 -9999.0 -9999.0 -9999.0 -9999.0 -9999.0 -9999.0 -9999.0 -9999.0 -9999.0 -9999.0 87348.90119926291 157296.23679719868 246465.43738844106 341432.63428386225 183575.9736735785 137376.13870889574 128984.68943445443 20278.23815538556 19038.767857320912 12375.504340288027 17908.548153595857 573.0417322524767 0.0 11821.619205801084 13593.027970573352 18016.73012094975 47565.3153632087 195252.8725552475 771289.7108054929 281112.5531768156 653653.7267682401 689912.7830458748 488045.5148010624 528384.6107075762 760873.9171727254 661079.917065158 183750.07842699613 652721.0950222041 468603.0071070427 837113.5587856629 209142.08261281042 136964.33374111485 785059.3702465445 659262.5452310216 362256.26268691395 187718.3407731781 65289.42042706084 216800.56655415538 138783.21352290723 21941.506067831546 6025806.093155018 237155.1012999136 164292.76154667785 499415.4346410226 555542.8322734707 465975.56438561913 457030.0440156298 541466.1731301877 557872.523497151 623188.9826542615 572811.4911833832 533438.3484976763
-9999.0 -9999.0 -9999.0 -9999.0 -9999.0 -9999.0 -9999.0 -9999.0 -9999.0 -9999.0 -9999.0 -9999.0 26987.98698417833 62801.247706562885 135879.34500650215 128532.02044126573 30504.17166090069 20555.416174200214 11982.930387674136 9972.603724196772 97124.96683824054 35642.62496041736 3775.8118768815584 20808.668366259608 12013.050908086674 32199.714141155917 50613.13532347611 110027.61338874171 492341.00536054024 471246.6920172537 336380.93938848353 771904.9125409555 634610.8745007268 774541.1305192411 325783.1821937808 582547.4903087423 610786.8345693762 586428.9677411614 717280.0665749991 617333.2091264543 723537.9549595825 762821.6055871109 316276.2070039924 722165.4696870319 925173.2041974252 176605.16748910723 39255.7305349619 431650.3349183826 415147.07633395045 41770.335021955616 10995.245118544162 398820.84045465867 531549.2981812607 452202.44961792394 467227.9416867426 491568.08112215763 461915.99000058795 496036.7173565408 503768.57315294456 582722.3459086955 628463.2738807204 577082.0615365604 589828.1133327766
-9999.0 -9999.0 -9999.0 -9999.0 -9999.0 -9999.0 -9999.0 -9999.0 -9999.0 -9999.0 -9999.0 -9999.0 23150.874731593773 6886.4765794781815 100968.88914475784 355153.5154474586 67694.55420226631 59762.3254715319 61499.08580286423 36618.24992883312 40304.571814281575 3991.3586993731574 98280.54309963157 108139.17475180517 3748.6586942106924 5448.675705104427 77145.43411083652 367295.8026576723 374095.1627689933 340171.15543414187 602801.0893063764 573189.0209507585 648154.8357131894 649864.2788309202 516461.25163146225 379984.89494842803 357740.5034525213 406504.90452467615 100654.26256507594 236307.0905455103 554940.8937596701 103231.97031170355 85130.32714093686 1015576.2417435038 1308809.5641581442 699934.2706475887 55035.94480128039 18889.593483348697 9260.304272260068 223577.0662985312 288240.50090255437 73729.29884716436 328115.20526258636 461767.5166747641 486449.67678161466 549592.8132471845 527487.3114955908 512177.83570216486 475828.19201554835 599028.6280023544 628776.3015586659 602911.0495862891 580942.3993855348
-9999.0 -9999.0 -9999.0 -9999.0 -9999.0 -9999.0 -9999.0 -9999.0 -9999.0 -9999.0 -9999.0 -9999.0 -9999.0 -9999.0 11224.88980564414 129138.06325829477 259274.13248859136 258159.46810336155 346146.53448788665 198104.4172739623 137696.59908911926 15523.08607121701 104948.06270266886 81517.47124907536 3735.9517168371235 18812.276111941483 30769.00915657225 24231.693048651465 102765.31319741407 47299.801257013634 179912.91685919111 316162.7543545847 626155.9794098787 643316.0624676718 536415.9788713028 111971.41040209992 545325.4444553496 107386.85818999598 125118.13513533908 181116.98258810985 134466.62569057997 97770.88688320914 176130.1811962527 215998.34162827895 256628.55773059325 297588.59463606594 325121.95829084807 71867.73923610162 24305.74396900891 37006.943297319405 284692.173070161 31978.194857686758 321566.1694019727 387819.65962033486 426678.3841124715 527307.9970091602 502494.817072915 424189.5843260229 452932.67444976774 473596.61662464286 596885.2134880724 583073.4440486652 512349.33900012134
-9999.0 -9999.0 -9999.0 -9999.0 -9999.0 -9999.0 -9999.0 -9999.0 -9999.0 -9999.0 -9999.0 -9999.0 -9999.0 -9999.0 -9999.0 6785.313799054716 27011.904485392657 260872.1386659667 252170.41779647648 137251.48091509767 143063.25358979733 116323.76985759739 100010.01229138793 3679.1020109787205 2618.2405987374273 10064.05536211443 19975.4500092081 15626.756213360799 2133.312338855918 4344.222026850753 4267.256547569328 102349.49427938984 174670.1338836199 234513.37656659755 236300.22133092192 278873.53372037417 21449.525906958806 3497.3613417536553 37618.37401170369 135089.95396962427 114877.27846670896 28391.45963257389 126387.15839755043 199582.0962447823 191384.93377841284 192219.80276796262 291766.21336986776 103307.62004695192 63028.170360496275 72318.8939795732 55346.84609795234 73849.24673047685 118783.46263229634 111563.06205918794 318098.97164756875 443739.83873664326 417034.68818146887 475466.8330382921 406609.6256788171 468805.045522964 531420.025562411 484147.37111283396 561232.7929738526
-9999.0 -9999.0 -9999.0 -9999.0 -9999.0 -9999.0 -9999.0 -9999.0 -9999.0 -9999.0 -9999.0 -9999.0 -9999.0 -9999.0 -9999.0 -9999.0 -9999.0 64811.77965925862 206897.5783912827 45081.12258872083 6959.134491952457 2914.778060558734 2259.355833879799 16777.748899193324 6039.87381449397 1320.2234548227634 239.45001150629037 283.1536546588733 387.0861354152247 3166.3220479905235 514.6202337421876 25243.33238640323 75515.14371742931 99455.89719758963 85844.62220645377 945.3468488957336 8954.594311218407 2006.7705834090157 13479.248293636447 120853.77747446994 112278.12714593575 8658.963205156473 152098.54834936518 258332.3411041453 213275.32274935555 218372.9810707288 335521.78229967784 279119.7844480703 409445.8849547369 15067.979575497688 54847.39106106121 59013.699781761185 61487.985152923065 47421.06099665903 189346.82912434166 231374.4673520645 373684.6189069762 488054.9376789568 480239.75386945537 484622.67453748046 441676.48883737857 460861.98403838987 493140.2730072102
-9999.0 -9999.0 -9999.0 -9999.0 -9999.0 -9999.0 -9999.0 -9999.0 -9999.0 -9999.0 -9999.0 -9999.0 -9999.0 -9999.0 -9999.0 -9999.0 -9999.0 -9999.0 223403.75774450004 120597.39011261305 20591.04656774539 13070.440610721045 21009.575197356957 2049.065900992754 119684.10935432931 26743.99693267016 3972.140794298404 3032.182625065486 3397.6110532816674 794.1959820546009 1681.5375813417954 2989.0609871779243 36114.706372519984 82083.92964619446 25120.86558412781 2110.5375782862866 1008.8978622724385 0.0 867.689550713445 59296.364677575475 57747.48301696524 39722.79385512833 128520.506881315 195007.75213248777 143417.2975555115 174389.1937003072 236182.82971949392 195841.46810272068 57519.32747190818 28909.60534368115 96926.7907193976 234214.69568625317 200312.37553572477 142287.32464861753 235901.89034191455 260224.115058287 345972.0330288566 460031.03897047904 424984.6463196408 424767.47023201006 376747.15884618566 382056.43068226223 363430.8322610029
-9999.0 -9999.0 -9999.0 -9999.0 -9999.0 -9999.0 -9999.0 -9999.0 -9999.0 -9999.0 -9999.0 -9999.0 -9999.0 -9999.0 -9999.0 -9999.0 -9999.0 -9999.0 13587.524471428154 107490.6140231929 26050.059642481232 114898.48955488967 84196.28188211948 66228.91776165194 347224.6173178826 317237.775492869 171658.87419199976 2007.1182088788742 14839.417934074929 4326.509831336814 7237.82521485645 8016.6184661353345 22109.120017711037 5831.640758240233 962.1691839226551 7298.72509946199 1075.0851158948244 704.5578753991565 2951.497798125949 334.0834073005582 27241.68936202686 24450.147855414005 107307.72358450707 82613.59900267594 159614.0151159082 143723.6122425999 82641.44597321487 266025.6810976386 51117.072801837334 20586.054829903438 39564.65093193657 150273.68142036782 314108.4310939065 342295.0636364827 289448.0232574769 213504.4084900499 309127.66545309045 335634.6933470492 278102.0245072194 323246.4251377275 395016.09404630994 384768.1080023787 387170.6754167776
-9999.0 -9999.0 -9999.0 -9999.0 -9999.0 -9999.0 -9999.0 -9999.0 -9999.0 -9999.0 -9999.0 -9999.0 -9999.0 -9999.0 -9999.0 -9999.0 -9999.0 -9999.0 9822.335831511777 108505.21545731035 140779.1178499267 146565.35087253057 30635.78634442478 88786.73429443609 3045.9654263047064 832.0368366863349 238022.00878160572 244015.6087940812 167967.08802955446 29795.761057234027 21901.795737796412 8859.347583612755 13175.305827856253 23919.34470043484 53068.80549564322 11181.092922830609 11388.962427675953 12735.76689834084 24764.67470996861 34475.97744173582 41725.88063442186 73823.7624493283 109603.66040763288 143858.73174842418 146144.1585152562 138436.21962395235 40750.70525433769 206557.27174673785 50195.33968845105 45610.51290762155 134960.4789775053 276613.33560869785 273827.91503264883 323963.5915067834 212722.514388106 82101.81192036084 89369.45355065506 102971.10381881028 237376.08044447226 269480.58179808187 365362.4575555731 367988.59932370123 395177.26896230504
-9999.0 -9999.0 -9999.0 -9999.0 -9999.0 -9999.0 -9999.0 -9999.0 -9999.0 -9999.0 -9999.0 -9999.0 -9999.0 -9999.0 -9999.0 -9999.0 -9999.0 -9999.0 -9999.0 37044.62494711689 95557.86711607773 125062.95905438944 152938.06474146518 17728.074795098928 12.556162078959067 255.20654325772483 75459.34819987639 425524.7612385481 72245.288286464 51954.81286063527 44792.44439916028 101695.47264256218 65247.31573908428 107968.13883383154 37623.82429670145 25039.88537071256 63860.43725391159 143292.53291270553 135933.65008979003 149642.6824158586 186243.46474829363 131928.21266149762 90318.25731158842 119707.14992792808 34592.19014343803 42996.80883953525 109987.82471266584 271837.0759841064 249957.97700708875 282039.6871157582 103126.66557412942 348575.4749570235 405474.6226825904 365269.650238037 353881.1996581045 390523.22350411944 174309.955033277 255767.60425119742 302800.2614545723 150566.0047656635 308163.09598924516 201406.22790921666 363214.8388516659
-9999.0 -9999.0 -9999.0 -9999.0 -9999.0 -9999.0 -9999.0 -9999.0 -9999.0 -9999.0 -9999.0 -9999.0 -9999.0 -9999.0 -9999.0 -9999.0 -9999.0 -9999.0 -9999.0 -9999.0 3362.853131520501 70971.199728492 24828.651212329034 331.8320710471941 777.1082392341907 1693.391443481692 3997.6619023452236 2691.9626550638063 74840.30248880418 136909.87650806323 152020.44479269546 156372.54104995297 161635.42763678957 114655.65298095072 124190.72249879023 43973.42325965815 127249.71859721592 161876.50304248906 121129.45551095819 175061.5671749703 169842.50386862608 190146.6228564242 120961.55185784394 96843.91019488452 66648.48597356233 35660.851978396 164077.23013958265 288390.5423092524 267036.59826048254 362084.6939093252 428083.9708917009 402165.31699056807 429638.29452101246 375343.21752009157 373688.14961953345 374481.3651562982 366956.4521446213 306308.30300625006 334968.1402236264 148195.98257476976 258593.18250203345 208351.56135944527 410532.52611193666
-9999.0 -9999.0 -9999.0 -9999.0 -9999.0 -9999.0 -9999.0 -9999.0 -9999.0 -9999.0 -9999.0 -9999.0 -9999.0 -9999.0 -9999.0 -9999.0 -9999.0 -9999.0 -9999.0 -9999.0 -9999.0 0.0 90793.42990235797 175072.02584343217 206154.54463403014 170028.1173261336 2497.342700839815 1930.5917337230362 142335.02066550666 79399.82547396104 152104.14589154552 179444.5039048428 178725.8567996896 194410.2410558211 166586.3026452323 80420.89472166181 160350.6153772447 184986.58067782052 190759.88604986208 118610.47192141268 164992.89656131028 187454.6262354788 187351.69281301703 156785.85392632027 78227.25837571926 90723.99044254512 335499.7858861342 331451.0930624519 323534.98379035917 442490.5616797965 554327.1621144882 305369.4753049547 212891.53274440492 249984.78382856696 300707.01425911114 168213.8502205824 237984.94543761286 346677.1645838721 353365.7921178215 313940.26521665626 199075.6189868272 336847.6032773801 322190.7605780601
-9999.0 -9999.0 -9999.0 -9999.0 -9999.0 -9999.0 -9999.0 -9999.0 -9999.0 -9999.0 -9999.0 -9999.0 -9999.0 -9999.0 -9999.0 -9999.0 -9999.0 -9999.0 -9999.0 -9999.0 -9999.0 -9999.0 -9999.0 526.1663265754493 111340.72351169553 1164.8920636366424 274.64527897099686 694.368723585535 2058.3069305662216 44335.30827416621 111190.1218331678 192708.75731367615 169428.862816051 178682.6358970721 193819.082502065 180307.21682542356 169260.95348454866 186724.21627701097 171145.1874344831 157386.0468658427 128089.62139630652 167842.45349046495 157411.3910305953 165971.14850199572 219248.09533475817 0.0 198046.4320795025 306583.39979032695 150581.29804481132 68240.84012370184 50671.6261633488 12498.632149117057 11692.30701798591 18128.094401773735 272689.10525654024 191539.2024939977 263370.1970417568 417995.37076038495 309630.2062969212 366283.2820693727 334403.69338496914 470310.5227497116 204085.5150467098
