critload/trunk/output/2010/nh3_ef_man_ara.asc
ncols 720
nrows 360
xllcorner -180.0
yllcorner -90.0
cellsize 0.5
NODATA_value -9999.0
[rows 56 to 83 of 360, columns 378 to 440 of 720]
0 0 0 0 0 0 0 0 0 0 0 0 0 0 0 0.08858782498023479 0.08858782498023478 -9999.0 -9999.0 -9999.0 -9999.0 -9999.0 -9999.0 -9999.0 0 0.08858795199419187 0 0.08858795199419185 0.08858795199419188 0 0.08858795199419187 0 0.08858795199419185 0.08858795199419187 0.08858795199419187 0.08858795199419187 0.08858795199419187 0.08858795199419187 0.08858795199419187 0 0.08858795199419188 0.08858795199419187 0 0 0 0 0 0 0 0 0 0 0 0 0 0 0 0 0 0 0 0 0
0 0 0 0.08858801078538114 0.08858801078538117 0 0 0 0 0 0.08858782498023478 0 0 0 0.08858782498023479 0 0.08858782498023478 -9999.0 -9999.0 -9999.0 -9999.0 -9999.0 -9999.0 -9999.0 0.08858795199419185 0.08858795199419187 0.08858795199419187 0.08858795199419187 0.10745538416672064 0.08858795199419187 0.08858795199419187 0.08858795199419187 0.08858795199419188 0.08858795199419187 0.08858795199419185 0 0.08858795199419187 0 0.08858795199419187 0 0 0 0 -9999.0 -9999.0 0 0 0 0 0 0 0 0 0 0 0 0 0 0 0 0 0 0
0 0 0 0.08858801078538117 0.08858801078538116 0.08858801078538116 0.08858801078538116 0 0 0 0 0.08858782498023478 0 0.08858782498023479 0 0 0.08858782498023479 0 0 -9999.0 -9999.0 -9999.0 -9999.0 -9999.0 0.08858795199419185 0.08858795199419187 0.08858795199419185 0.10745538416672062 0.10745538416672064 0.08858795199419185 0.08858795199419185 0.08858795199419187 0.10745538416672062 0.10745538416672065 0.10745538416672065 0.08858795199419187 0.08858795199419187 0.08858795199419185 0 0 0 0.08858782814214569 0 0 -9999.0 -9999.0 -9999.0 0 0 0 0 0 0 0 0 0 0 0 0 0 0 0 0
0 0 0.08858801078538116 0.08858801078538116 0.08858801078538116 0.08858801078538117 0.08858801078538117 0 0 0.08858782498023479 0 0 0.08858782498023479 0.08858782498023478 0.0885878249802348 0 0.08858782498023479 0.10047126829236468 0.10047126829236468 0 -9999.0 0.08858795199419187 0.08858795199419188 -9999.0 -9999.0 0.08858795199419185 0.08858795199419185 0.10745554563952063 0.10745554563952064 0.08858795199419187 0.08858795199419185 0.08858795199419187 0.08858795199419187 0.08858795199419187 0.08858795199419187 0.08858795199419188 -9999.0 -9999.0 -9999.0 0 0 0.08858782814214569 0 0 0 0 0 0 0 0 0 0 0 0 0 0 0 0.08264049022777485 0 0 0 0 0
0 0.08858801078538117 0.08858801078538116 0.08858801078538114 0.08858801078538116 0.08858801078538116 0.08858782498023478 0.08858782498023479 0 0.08858782498023479 0 0.08858782498023478 0.08858782498023478 0.08858782498023479 0.08858782498023478 0.10745559331338314 0.10745559331338315 0.10745559331338318 0.10047126829236468 0.10047126829236468 -9999.0 -9999.0 -9999.0 -9999.0 -9999.0 -9999.0 -9999.0 0.08858795199419187 0.08858795199419188 0.08858795199419188 -9999.0 0 -9999.0 0 0.08858789472143778 0 -9999.0 -9999.0 0 0 0 0 0.08858782814214569 0 0.08858782814214569 0 0 0 0 0 0 0 0 0 0 0 0 0 0 0 0 0 0.0885878281421457
0 0.08858801078538117 0.08858801078538117 0.08858801078538117 0.08858801078538116 0.08858801078538117 0 0.08858782498023478 0.08858782498023479 0.08858782498023478 0.08858782498023479 0.08858782498023478 0.10047126829236468 0.10047126829236468 0.10047126829236468 0.10047126829236468 0.10047126829236468 0.10745559331338318 0.10745559331338317 0.10745559331338317 -9999.0 -9999.0 -9999.0 -9999.0 -9999.0 -9999.0 -9999.0 0 0 0.10047118289711691 0.10047118289711691 0.10047118289711693 0 0.10047118289711691 0.10047118289711691 0 0.10047118289711691 0.08858789472143778 0 0 0 0 0 0 0 0 0 0 0 0 0 0 0 0 0 0 0.08858782814214569 0 0 0 0 0 0
0 0.08858801078538116 -9999.0 -9999.0 0.08858782498023478 0 0.08858782498023478 0.08858782498023479 0.10745559331338317 0.10745559331338315 0.08858782498023479 0.08858782498023479 0.10047126829236468 0.10047126829236468 0.10047126829236468 0.10047126829236468 0.10047126829236466 0.10047126829236469 -9999.0 -9999.0 -9999.0 -9999.0 -9999.0 -9999.0 -9999.0 -9999.0 0.08858789472143778 0.08858789472143778 0 0 0.10047118289711691 0.10047118289711691 0.0885878947214378 0.1004711828971169 0.10047118289711691 0.10047118289711691 0.08858789472143777 0 0 0 0 0 0 0 0 0 0 0 0 0 0 0 0 0 0 0.08858782814214569 0 0 0 0 0 0.08858782814214569 0
-9999.0 -9999.0 -9999.0 -9999.0 0 0.10745559331338317 0 0.10745559331338315 0.10745559331338317 0.10047126829236465 0.08858782498023479 0.10047126829236468 0.10047126829236468 0.08858782498023478 0.08858782498023479 0.10745559331338318 -9999.0 -9999.0 -9999.0 -9999.0 -9999.0 -9999.0 -9999.0 -9999.0 -9999.0 0 0.10047118289711691 0.10047118289711691 0 0.10047118289711693 0.10047118289711693 0.08858789472143778 0.0885878947214378 0.08858789472143778 0.10047118289711691 0.08858789472143777 0.10047118289711693 0 0.0885878281421457 0 0 0 0 0 0 0 0 0 0 0.08858782814214569 0 0 0 0 0 0 0.08858782814214569 0.08858782814214569 0 0 0 0 0
-9999.0 0.13388925190934614 0.13388925190934617 -9999.0 -9999.0 0.10745559331338318 0.08858782498023478 0 0 0 0.08858782498023479 0.08858782498023478 0.08858782498023479 0.08858782498023479 0.08858782498023479 0.10745559331338317 -9999.0 -9999.0 0.10047126829236466 0.10047126829236468 0.10047126829236469 -9999.0 -9999.0 -9999.0 -9999.0 0 0.08858784515426092 0 -9999.0 -9999.0 0 0.1637931389189919 0.08858784515426092 0.08858784515426091 0 0.0885878947214378 0.08858789472143778 0.0885878281421457 0.0885878281421457 0.0885878281421457 0 0 0 0 0 0 0 0 0 0 0 0 0 0 0 0.08858782814214569 0.08858782814214569 0.08858782814214568 0 0 0 0 0
0.13388925190934617 0.1004712092510427 0.0885878523202097 0.10047120925104272 0.10047126829236468 0.10047126829236466 0.10047126829236468 0.10047126829236466 0 0 0.08858782498023478 0 0 0.08858782498023478 0.08858782498023479 0.10047126829236468 0.10047126829236468 -9999.0 0.10047126829236466 0.10047126829236468 -9999.0 -9999.0 -9999.0 -9999.0 0.08858784515426092 0.08858784515426094 0 0 0 -9999.0 0 0 0 0.08858784515426092 0 0.08858784515426092 0 0 0.08858782814214569 0.08858782814214569 0 0 0 0 0 0 0 0 0 0 0.0885878281421457 0.0885878281421457 0.08858782814214569 0 0.08858782814214569 0.08858782814214569 0.08858782814214569 0.0885878281421457 0.0885878281421457 0.0885878281421457 0.08858782814214569 0.08858782814214569 0
0.0885878523202097 0.0885878523202097 0.1004712092510427 -9999.0 -9999.0 -9999.0 0.10047126829236468 0.10047126829236468 0.08858782498023479 0.08858782498023479 0.08858782498023478 0.08858782498023479 0.08858782498023478 0.08858782498023478 0.10047126829236466 0.10047126829236466 -9999.0 -9999.0 0.10047126829236466 -9999.0 -9999.0 -9999.0 -9999.0 -9999.0 0.08858784515426092 0.08858784515426094 0.08858784515426092 0.08858784515426092 0.08858784515426091 0.08858784515426092 0.08858784515426092 0.08858784515426092 0.08858784515426092 0.08858784515426092 0 0.08858784515426092 0 0.08858784515426092 0.08858782814214569 0.08858782814214569 0 0 0.08858782814214569 0 0 0 0 0 0 0 0 0 0 0 0 0 0 0 0.0885878281421457 0.08858782814214569 0.08858782814214569 0.08858782814214569 0.0885878281421457
0.0885878523202097 0.10047120925104272 0.1004712092510427 0.10047120925104272 -9999.0 -9999.0 0.1004712092510427 0.10047126829236468 0.08858782498023479 0.08858782498023479 0.10047126829236468 0.08858782498023478 0.10047126829236468 0.08858782498023479 0.08858782498023478 0.08858782498023479 -9999.0 -9999.0 -9999.0 -9999.0 -9999.0 -9999.0 -9999.0 -9999.0 0.08858784515426091 0 0 0.08858779705954176 0 0.0938078847279463 0.09380788472794628 0.09380832128167353 0.09380809597908275 0 0.09380809597908277 0.08858784515426092 0.08858784515426092 0 0 0.0885878281421457 0 0 0.0885878281421457 0.08858782814214569 0 0 0 0 0 0 0.08858782814214568 0.08858782814214569 0.08858782814214569 0.08858782814214569 0.0885878281421457 0 0 0 0 0 0.08858782814214569 0.10047112508638936 0.10047112508638936
0.0885878523202097 0.10047120925104272 0.10047120925104269 0.10047120925104272 0.1004712092510427 0.1004712092510427 0.10047120925104272 0.10047126829236466 0.10047126829236468 0.10047126829236468 0.10047126829236469 -9999.0 -9999.0 -9999.0 -9999.0 -9999.0 -9999.0 -9999.0 -9999.0 -9999.0 -9999.0 -9999.0 -9999.0 -9999.0 0.08858779705954176 0 0 0 0 0.09380832128167353 0 0 0 0 0 0.08858784515426091 0 0.08858789526790144 0.08858789526790142 0 0 0 0 0 0 0 0.08858782814214569 0 0 0.08858782814214569 0.0885878281421457 0.08858782814214569 0 0 0 0 0 0.08858782814214569 0 0 0 0 0.08858782814214569
0.08858785232020969 0.1004712092510427 0.10047120925104269 0.10047120925104272 0.1004712092510427 0.1004712092510427 0.1004712092510427 0.10047126829236468 0.10047126829236468 0.10047126829236468 0.10047126829236466 0.10047120925104272 0 -9999.0 -9999.0 -9999.0 -9999.0 -9999.0 -9999.0 -9999.0 -9999.0 -9999.0 -9999.0 0 0.08858779705954176 0.08858779705954176 0 0.08858779705954176 0.08858779705954176 0 0 0 0 0 0.08858779705954176 0.08858789526790144 0 0.08858789526790142 0 0 0.08858789526790144 0.08858789526790142 0.08858789526790142 0.08858789526790142 0.08858782814214569 0 0.0885878281421457 0 0 0 0.0885878281421457 0.0885878281421457 0.0885878281421457 0 0 0 0 0.08858782814214569 0.10047112508638938 0.08858782814214569 0 0 0
0.08858786217276782 0.10047127213225683 0.10047120925104272 0.1004712092510427 0.10047120925104272 0.1004712092510427 0.10047120925104272 0 0.10047127213225683 0.10047127213225683 -9999.0 -9999.0 -9999.0 -9999.0 -9999.0 0.08264071783577372 0.08858783779848696 0 0.08858783779848695 0 -9999.0 0.08858779705954176 0.08858779705954176 0.08858779705954176 0.08858779705954174 0.08858779705954176 0.08858779705954176 0.08858779705954176 0.0938078847279463 0 0 0.08858779705954176 0 0 0 0 0 0 0 0 0 0 0.08858789526790142 0.08858789526790142 0.08858782814214569 0.08858782814214569 0.08858782814214568 0 0 0.08858782814214569 0 0 0 0.08858782814214569 0 0.0885878281421457 0.08858782814214569 0.10047112508638936 0.10047112508638936 0.10047112508638936 0.10047112508638936 0.08858782814214569 0.08858782814214569
0.08858786217276782 0.08858786217276783 0.10047127213225684 0.10047127213225683 0.10047127213225684 0.10047127213225683 0.10047127213225683 0.10047127213225684 0.10047127213225683 0.10047127213225684 0 0.10047129470761375 0.10047129470761376 0.10047129470761376 0.08858783779848695 0 0 0 0.10047129470761375 0.10047129470761375 0.10047129470761378 0.10047129470761375 0.10047129470761376 0.10047129470761376 0.10047129470761375 0.10047129470761375 0.10047129470761375 0 0 0 0 0 0 0 0 0 0 0 0 0 0 0.08858789526790142 0.08858789526790144 0.08858789526790144 0.08858789526790142 0.08858782814214572 0.08858782814214569 0.0885878281421457 0 0 0.0885878281421457 0.08858782814214568 0.08858782814214569 0.10047112508638936 0.08858782814214569 0.10047126809943276 0.10047126809943277 0.10047112508638936 0.10047112508638938 0.09380806456030337 0.09380806456030338 0.09380806456030337 0.10047112508638938
0.13388921101992862 0.08858786217276783 0.0885878621727678 0.10047127213225684 0.10047127213225684 0.10047127213225684 0.10047127213225683 0.10047127213225683 0.10047127213225684 0.10047127213225683 0.08858786217276783 0.08858783779848695 0 0 0 0 0 0 0 0.08858783779848695 0.10047129470761376 0 0 0 0 0 0 0 0 0.08858789526790142 0 0.08858789526790144 0 0 0 0 0.08858789526790144 0.08858789526790141 0 0 0 0 0.08858789526790144 0.08858789526790144 0 0.08858789526790142 0.08858789526790142 0.08858782814214569 0.0885878281421457 0.08858782814214569 0.0885878281421457 0.0885878281421457 0.08858782814214569 0.0885878281421457 0.0885878281421457 0.10047112508638936 0.09380806456030336 0.09380806456030337 0.09380806456030338 0.09380806456030337 0.09380806456030337 0.09380806456030337 0.09380806456030337
0.08264052134962005 0.08858786217276782 0.08858786217276783 0.08858786217276782 0.08858786217276783 0.10047127213225684 0.08858786217276783 0.08858786217276783 0.08858786217276782 0.10047127213225683 0.10047127213225684 0.10047129470761376 0 0 0 0 0.08858783779848693 0.10047129470761376 0.08858783779848696 0.10047129470761376 0.10047129470761376 0.08858783779848695 0.08858783779848695 0 0.08858783779848695 0.08858783779848695 0 0 0 0 0.08858789526790144 0.08858789526790142 0 0 0.08858789526790142 0.08858789526790142 0.08858789526790141 0 0 0 0 0.10047125968569186 0.10047125968569186 0 0 0.08858789526790142 0.08858789526790142 0.08858782814214569 0.08858782814214568 0.08858782814214569 0 0.10047112508638935 0.10047112508638936 0.09380806456030337 0.09380806456030337 0.10047112508638936 0.09380806456030336 0.09380806456030337 0.09380806456030337 0.09380806456030337 0.09380806456030338 0.09380806456030337 0.09380806456030337
0.1338894050701572 0.08858786217276783 0.08858786217276783 0.08858786217276782 0.10047127213225684 0.10047127213225683 0.10047127213225686 0.09279292133755629 0.08858786217276783 0.08858786217276782 0.1338894050701572 0.10047129470761378 0 0.08858783779848695 0.08858783779848695 0.08858783779848695 0.10047129470761375 0.10047129470761376 0.10047129470761375 0.10047129470761376 0.08858783779848695 0.08858783779848695 0.08858783779848695 0 0.08858783779848695 0.08858783779848696 0.08264071783577372 0 0 0 0 0 0 0 0 0 0 0 0 0 0 0 0.10047125968569184 0.08858789526790142 0 0.08858782814214568 0.08858782814214569 0.08858782814214569 0.10047112508638938 0.0885878281421457 0 0.10047126809943277 0.10047112508638938 0.09380806456030336 0.09380806456030337 0.09380806456030338 0.09380806456030336 0.09380806456030337 0.09380806456030337 0.09380806456030337 0.09380806456030338 0.09380806456030337 0.09380806456030337
0.10047127213225683 0.10047127213225683 0.10047127213225684 0.08858786217276782 0.08858786217276783 0.10047127213225683 0.08858786217276782 0.08858786217276782 0.08858786217276783 0.08858786217276783 0.08858786217276782 0 0 0.08858783779848695 0.08858783779848696 0.10047129470761376 0 0.08858783779848693 0.08858783779848693 0.10047129470761376 0.10047129470761376 0.10047129470761376 0.10047129470761376 0 0 0 0 0.08264071783577372 0.08858783779848695 0.08858789526790142 0.08858789526790142 0 0.08858789526790141 0.10047125968569187 0.10047125968569184 0.10047125968569184 0.10047125968569186 0.10047125968569184 0 0.10047125968569184 0.10047125968569186 0 0.10047125968569184 0.10047125968569186 0.10047125968569186 0.10047112508638936 0.10047112508638936 0.10047126461155216 0.10047126461155215 0.10047126461155215 0.10047126809943276 0.10047112508638936 0.10047112508638936 0.09380806456030337 0.09380806456030338 0.09380806456030338 0.09380806456030337 0.09380806456030337 0.09380806456030338 0.09380806456030337 0.09380806456030337 0.09380806456030337 0.10745543184978962
0.10047127213225683 0.10047127213225684 0.08858786217276783 0.08858786217276782 0.10745541883266432 0.10745562490851152 0.08858786217276783 0.08858786217276783 0.08858786217276782 0.08858786217276783 0 0 0 0.08858783779848695 0.08858783779848695 0 0.10047129470761375 0.08858783779848695 0.08858783779848696 0.08858783779848695 0 0.08858783779848695 0.08858783779848693 0.10047129470761376 0 0.08858783779848696 0 0.08858783779848696 0.08858783779848695 0.08858789526790142 0.08858789526790142 0.10047126461155213 0.10047126461155215 0.10047126461155215 0.10047126461155215 0.10047126461155213 0 0 0 0 0 0 0 0.10047126461155215 0.10047126461155213 0.10047126461155215 0.10047126461155215 0.10047126461155215 0.10047126461155213 0.10047126461155213 0.10047126461155213 0.10047112508638936 0.09380806456030336 0.09380806456030337 0.10745543184978962 0.10745543184978962 0.10745543184978962 0.10745543184978962 0.09380806456030337 0.09380806456030337 0.09380806456030338 0.10745557265063242 0.10745571345143079
0.10047127213225683 0.08858786217276783 0.10047127213225683 0.10047127213225683 0.10745541883266432 0.10745541883266434 0.10047127213225684 0.10047127213225684 0.08858786217276785 0.27055921642299385 0.08858786217276783 0.08858786217276783 0.10047129470761375 0.10047129470761375 0.08858783779848693 0.08858783779848695 0.08858783779848695 0.08858783779848695 0.08858783779848696 0.08858783779848696 0.08858783779848695 0.08858783779848695 0.08858783779848695 0 0.08264071783577372 0 0 0 0.08858783779848696 0.08858797796773349 0.08858797796773349 0.08858797796773349 0.10047126461155215 0.10047126461155215 0.10047126461155215 0.10047126461155215 0 0 0 0.08858784998183591 0 0.10047126461155213 0 0.10047126461155213 0.08858784998183591 0.09380814368294497 0.09380814368294496 0.09380814368294496 0.09380814368294497 0.10745549165968415 0.10047126461155213 0.09380806456030337 0.09380806456030337 0.10745543184978963 0.10745543184978966 0.1074554318497896 0.10745543184978965 0.10047112508638938 0.10745543184978963 0.10745543184978962 0.10745543184978962 0.10745543184978963 0.107458811057756
0.08858786217276783 0.08858786217276785 0.08858786217276783 0.08858786217276782 0.08858786217276783 0.08858786217276783 0.08858786217276782 0.08858786217276782 0.08858786217276783 0.08858786217276783 0 0.08858797925517416 0 0 0.08858783779848693 0.10047129470761375 0.10047129470761375 0.08858783779848695 0.08858783779848695 0.08858783779848693 0.08858783779848696 0.08858783779848695 0.08858783779848695 0.10047129470761378 0.10047129470761376 0.10047129470761375 0.08858783779848695 0 0.10047129470761375 0.09380813840466357 0.09380814368294497 0.09380814368294497 0.08858797796773349 0.08858797796773349 0.10047126461155215 0.10047126461155215 0.0885879779677335 0.0885879779677335 0.08858797796773349 0.08858797796773349 0.10047126461155215 0.10047126461155215 0.08858784998183591 0.10047126461155216 0.09380814368294496 0.09380814368294496 0.09380814368294496 0.09380814368294497 0.09380814368294495 0.10745549165968414 0.10745549165968415 0.09380814368294496 0.09380814368294496 0.09380806456030337 0.10745543184978962 0.09380806456030337 0.09380806456030338 0.10047126809943276 0.10745543184978962 0.09380806456030337 0.10745543184978962 0.10745543184978963 0.10745909265726489
0.08858786217276782 0.08858786217276782 0.10047127213225683 0.08858786217276783 0.08858786217276783 0.08858786217276783 0.08858786217276782 0 0 0.08858797925517416 0.10745569423593748 0.10047120070104835 0.09380792569475975 0.08858797925517414 0.08858797925517416 0 0 0.10047129470761376 0.08858783779848695 0.10047129470761376 0.08858783779848695 0.10047129470761378 0.10047129470761375 0.10047129470761375 0.08858783779848696 0.08858783779848695 0.08858783779848696 0.08858783779848695 0.10047129470761375 0.10047126461155216 0.10047126461155215 0.09380814368294496 0.09380814368294496 0.10745549165968415 0.10047126461155213 0.10047126461155215 0.08858797796773349 0.0885879779677335 0.0885878499818359 0.08858784998183591 0.0885879779677335 0.08858784998183591 0.10047126461155213 0.10047126461155215 0.09380814368294497 0.09380814368294497 0.10745549165968415 0.09380814368294496 0.09380814368294497 0.10745549165968415 0.10745549165968415 0.10745549165968415 0.09380814368294496 0.09380814368294497 0.09380814368294496 0.09380814368294496 0.10745549165968415 0.10745543184978962 0.10745543184978962 0.10745543184978963 0.10745543184978962 0.10745543184978963 0.1074557134514308
0.08858786217276783 0.10047127213225683 0.10047127213225683 0.08858786217276782 0.10047127213225683 0.08858786217276783 0.08858786217276783 0 0.08858797925517414 0 0.08858797925517416 0.08858797925517414 0.08858797925517416 0.08858797925517416 0.08858797925517416 0.08858797925517417 0.08858797925517416 0.08858797925517414 0.10047120070104835 0.10047129470761378 0 0.08858783779848695 0 0.08858783779848693 0 0.10047129470761376 0 0.08858783779848696 0.09380814368294497 0.10047126461155215 0.10047126461155215 0.09380814368294496 0.09380814368294497 0.09380814368294496 0.10745549165968415 0.10745549165968417 0.10745549165968415 0.10745549165968415 0.10745549165968415 0.10745549165968415 0.09380814368294495 0.10745549165968417 0.10745549165968415 0.10745549165968417 0.10047126461155213 0.10745549165968415 0.10745549165968415 0.10745549165968415 0.10745549165968415 0.10745549165968415 0.10745549165968415 0.10745549165968415 0.10745549165968415 0.10047126461155215 0 0.10745549165968415 0 0 0 0 0 0.10745543184978963 0.12531856229752888
0.10047127213225683 0.10745541883266435 0.10745541883266434 0.10745541883266435 0.10745541883266431 0.10047127213225683 0.08858786217276783 0.08858786217276782 0 0.08858797925517416 0.08858797925517414 0.10047120070104837 0 0.08858797925517414 0.08858797925517417 0.08858797925517416 0.10745569423593745 0.08858797925517416 0 0 0 0 0 0 0 0 0 0 0.08858784998183591 0.08858784998183591 0.0885878499818359 0.09380814368294497 0.09380814368294496 0.09380814368294496 0.10745549165968414 0 0.10047126461155215 0.10047126461155215 0.10047126461155215 0.09380814368294496 0.09380814368294496 0.09380814368294497 0.09380814368294497 0.10047126461155216 0.09380814368294496 0.10047126461155216 0.10047126461155215 0.10745549165968414 0 0.10745549165968415 0.10745549165968415 0.10745549165968414 0.10745549165968414 0.10745549165968415 0.10745549165968414 0 0 0 0 0 0 0.1253186894106035 0
0.10047127213225683 0.10745562490851153 0.10047127213225684 0.10047127213225683 0.10047127213225684 0.10047127213225683 0.10047127213225683 0.10047127213225683 0.08858786217276782 0 0 0 0.10047110573823648 0.1004711057382365 0.10745549835756432 0.10745569423593747 0.1004713956100092 0.08858785738988358 0.08858785738988356 0 0 0 0 0 0.10047139561000921 0.1004713956100092 0.09380812240591323 0 0 0 0 0.0885878499818359 0.10047126461155213 0.09380814368294496 0.09380814368294495 0 0.10047737340956375 0.09380814368294497 0.09380814368294496 0.09380814368294496 0.09380814368294496 0.09380814368294496 0.09380814368294496 0.10745549165968415 0.10745549165968415 0.10745549165968415 0.10745549165968415 0.10745549165968415 0 0.10745549165968415 0 0.10745549165968415 0.1074563508511175 0.10745549165968415 0 0 0.10745549165968417 0.10745549165968417 0 0.10745549165968414 0.10745549165968415 0.1253186894106035 0.12531869751887448
0.10047127213225684 0.08264052134962005 0.10047127213225683 0.10047127213225686 0.10047127213225683 0.10047127213225684 0.10047127213225684 0.10047127213225684 0.10047110573823648 0.10047110573823649 0.10047110573823649 0.08858787012916425 0.08858787012916426 0.10047110573823649 0.10745549835756432 0.10745549835756434 0.14282749591398178 0.14282749591398178 0.10047771499683865 0.10047139561000921 0.1004713956100092 0.10047139561000921 0 0.1004712395616218 0.09380806749173819 0.09380820122608124 0.09380820122608123 0.10047126461155216 0 0 0 0 0.08858797796773349 0.10047126461155215 0.10047126461155215 0.09380938268161293 0.0938083177437017 0.09380816925779305 0.09380814368294496 0.10745549165968415 0.09380814368294496 0.09380814368294496 0.10745549165968414 0.10745549165968415 0.10745549165968417 0.10745549165968415 0.10745549165968417 0.10745549165968417 0 0 0 0.10745549165968415 0.10745549165968415 0.1074558598847867 0.10745549165968415 0.10745549165968415 0.10745549165968415 0.10745549165968414 0 0 0 0.10746089226407157 0.10745543184978963
