critload/trunk/output/2010/nh3_ef_man_ara.asc
ncols 720
nrows 360
xllcorner -180.0
yllcorner -90.0
cellsize 0.5
NODATA_value -9999.0
[rows 140 to 167 of 360, columns 378 to 440 of 720]
0 0 0 0 0 0 0 0 0 0 0 0 0 0 0 0 0 0 0 0 0 0 0 0 0 0 0 0 0 0 0 0 0 0 0 0 0 0 0 0 0 0 0.18770414255975443 0.18770414255975443 0 0 0 0 0.1877041425597544 0 0 0 0 0 0 0 0 -9999.0 -9999.0 -9999.0 -9999.0 -9999.0 -9999.0
0 0 0 0 0 0 0 0 0 0 0 0 0 0 0 0 0 0 0 0 0 0 0 0 0 0 0 0 0 0 0 0 0 0 0 0 0 0 0 0 0 0 0.18770414255975443 0.1877041425597544 0 0 0 0 0.1877041425597544 0.1877041425597544 0 0 0 0 0 0 0 -9999.0 -9999.0 -9999.0 -9999.0 -9999.0 -9999.0
0 0 0 0 0 0 0 0 0 0 0 0 0 0 0 0 0 0 0 0 0 0 0 0 0 0 0 0 0 0 0 0 0 0 0 0 0 0 0 0 0 0 0 0.18770414255975443 0 0.1877041425597544 0.1877041425597544 0 0 0.18770414255975443 0 0 0 0 0 0 0 0.13477770137424017 -9999.0 -9999.0 -9999.0 -9999.0 -9999.0
0 0 0 0 0 0 0 0 0 0 0 0 0 0 0 0 0 0 0 0 0 0 0 0 0 0 0 0 0 0 0 0 0 0 0 0 0 0 0 0 0 0 0 0.18770414255975443 0.1877041425597544 0.18770414255975443 0 0 0 0.1877041425597544 0 0 0 0 0 0 0 0.14401218083084094 0 0 -9999.0 -9999.0 -9999.0
0 0 0 0 0 0 0 0 0 0 0 0 0 0 0 0 0 0 0 0 0 0 0 0 0 0 0 0 0 0 0 0 0 0 0 0 0 0 0 0 0 0 0 0 0.18904731546462963 0 0 0 0 0.18904731546462963 0.18904731546462963 0 0 0 0 0 0.1440121808308409 0.1440121808308409 0 0 -9999.0 -9999.0 -9999.0
0 0 0 0 0 0 0 0 0 0 0 0 0 0 0 0 0 0 0 0 0 0 0 0 0 0 0 0 0 0 0 0 0 0 0 0 0 0 0 0 0 0 0 0 0 0 0 0 0 0.1890473154646296 0.18904731546462963 0.1890473154646296 0 0 0 0 0 0 0 0 -9999.0 -9999.0 -9999.0
0 0 0 0 0 0 0 0 0 0 0 0 0 0 0 0 0 0 0 0 0 0 0 0 0 0 0 0 0 0 0 0 0 0 0 0 0 0 0 0 0 0 0 0 0 0 0 0.18904731546462963 0.18904731546462963 0.1890473154646296 0 0 0 0 0 0 0 0 0.11948056961295042 0 0 -9999.0 -9999.0
0 0 0 0 0 0 0 0 0 0 0 0 0 0 0 0 0 0 0 0 0 0 0 0 0 0 0 0 0 0 0 0 0 0 0 0 0 0 0 0 0 0 0 0 0 0 0 0.1890473154646296 0 0 0 0 0 0 0.1888718787482281 0 0 0 0.11948056961295042 0.12783801509886827 0.14401267682986124 -9999.0 0
0 0 0 0 0 0 0 0 0 0 0 0 0 0 0 0 0 0 0 0 0 0 0 0 0 0 0 0 0 0 0 0 0 0 0 0 0 0 0 0 0 0 0 0 0 0 0.18888602968435836 0.13351026109580283 0 0 0 0 0.1757712156319084 0.17577121563190842 0.18888390707541577 0.18888578863012542 0.18888578863012545 0.18888578863012542 0.11949024543117576 0.11949024543117577 0.14402322778569082 -9999.0 0
0 0 0 0 0 0 0 0 0 0 0 0 0 0 0 0 0 0 0 0 0 0 0 0.14307272435382887 0 0 0 0 0 0 0 0 0 0 0 0 0 0 0 0 0 0 0 0 0 0 0.18884074495062944 0.13346255753629468 0.13345777426551583 0 0.17465334547578343 0.17465334547578346 0.1751007108531746 0.1757147304455682 0.175703994993183 0.18811662542299123 0.18783282610786098 0.18770404874295574 0.18770404874295576 0.1269875525186828 0.11944149202960705 0.14396695301542778 0
0 0 0 0 0 0 0 0 0 0 0 0 0 0 0 0 0 0 0 0 0 0 0.1430727243538289 0.14307272435382887 0 0 0.1273958992773119 0.12705630977180746 0.14322346786179266 0.1331596900149809 0.1877041425597544 0 0 0 0 0 0.18770414255975443 0 0 0 0 0 0 0 0 0 0.14396647514957572 0.1332047924442703 0.13339511562531892 0.17483645050564572 0.17465334547578346 0.17493602552590387 0.17482619877145564 0 0.14310582519619444 0.1430725988894221 0.14307729854090057 0.18789719947973446 0.11882385401632334 0.11910540573300296 0.1192597046659366 0 0.14396695301542778
0.14307263653904592 0.14307263653904595 0 0 0 0 0 0 0 0 0 0 0.14611253084420128 0 0 0 0 0 0 0 0 0.14307272435382887 0.18803269287227842 0.18783100683134574 0.12708802301250954 0.12730174002574213 0.12743441311512926 0.14321873119743922 0.14321557339210736 0.1430726583393696 0.14420361882673438 0.14307502748571801 0.18770414255975443 0 0 0 0.1877041425597544 0.18770414255975443 0 0.14307265833936963 0 0.1430726583393696 0 0 0 0.1430726583393696 0.13297863908928242 0.1333799285814427 0.13329281613594807 0.1755922669422962 0.17513290829881814 0.17465379040052856 0.17493608397167576 0.143349178932995 0.14307280573398223 0.14336381473817694 0.14324200197900225 0.18823962245001521 0.14329409936430285 0.11884813019182684 0.11878067695673764 0.11867868623002842 0.18898645047913895
0.14309825843248553 0.14307263653904595 0.14307263653904595 0.14307263653904592 0.14307263653904595 0 0.14307263653904595 0.1746531594950591 0.1458501992894554 -9999.0 0.14585052704261264 0.14585052704261264 0.14585052704261264 0.14585052704261264 0.14585052704261267 0 0 0.14307272435382887 0.14307272435382884 0.14307272435382884 0 0.14329140578982086 0.18807530282898977 0.14345912343283893 0.12716331757410007 0.12712870509973478 0.1270541361011353 0.143207678776939 0.14328267174756676 0.14329293292241924 0.14346788170122496 0.14324399280214276 0.14354070511255881 0.1442611122819256 0.1430726583393696 0 0 0 0.1430726583393696 0.1430726583393696 0 0.14307265833936963 0.14309950789759845 0 0 0.14307265833936958 0.14375285459608386 0.133427721303626 0.13283471432768035 0.1755239464066537 0.1753383322935182 0.17498871420440046 0.1749567320172277 0.14326231305009807 0.14329418047003817 0.1432640271900953 0.1433658614556925 0.12706578129697066 0.12727918853714726 0.12724486252369563 0.14327068041656738 0.11880452030457277 0
0.14310479438450815 0.1432239926567286 0.14307272930780926 0.14307272930780926 0.14307272930780923 0.1431058654818661 0.14498222746650985 0.14399093410688993 0.14307739183898405 0.1008753698941913 -9999.0 -9999.0 0.14331753006846654 0.14307272435382887 0.14308097851040125 0.14307272435382887 0.14307272435382887 0.14307272435382887 0.14307272435382887 0.14307272435382887 0.1432993119896447 0.18831142911125667 0.18811821703289286 0.12736915155622 0.1434787091204562 0.188059864955515 0.14326973444184685 0.1432553280933515 0.14326449582572395 0.14323218961059345 0.14338758636993076 0.14331108670656562 0.14320452089013547 0.14310424588027787 0.1430726583393696 0 0.1430726583393696 0.14329530085093994 0.14333239668888512 0.14311293204577769 0.14321399448071248 0.143433407365579 0.14330398314352605 0.1430726583393696 0.1430726583393696 0.14307265833936963 0.14307265833936958 0.13338832037875822 0.1327943750831699 0.17527320601786564 0.17488466179811288 0.17488709133639785 0.17489437986540884 0.14325532809335148 0.14319519464510053 0.14332772850792264 0.14339740523759695 0.1433110876122049 0.14321469637467676 0.12739887508366507 0.14334298209441917 0.14329895321816818 0
0.143453557465799 0.14307272930780926 0.1440264915573689 0.14487682939906568 0.14489523496314954 0.1456912215323558 0.14440099455092417 0.14307272930780923 0.14307272930780923 0.14324937047772196 0.10061228816706527 0.1435986089774701 0.1433625563352903 0.14333471622501065 0.14338386482675058 0.14335293279810946 0.13291520671601664 0.13288597908727878 0.13283984472410423 0.132844423162759 0.13291767160665996 0.18803639826344629 0.18807530282898974 0.1880558510122492 0.18812253907534823 0.18806696645022672 0.1433583446569566 0.1431758661932749 0.14334699658885658 0.14335398005096037 0.1432767191636892 0 0.1430726583393696 0.14318162551463084 0.14320767877693896 0.1430726583393696 0.1430726583393696 0.1430931905058555 0.14316820351871087 0.14320767877693896 0.14333397516392019 0.17485182762932194 0.17495066688434754 0.17494334627008165 0.14307280573398226 0.14307280573398223 0.1430726583393696 0.14349021540388804 0.17495430288903882 0.1748680595702329 0.17491138593236033 0.17488182731869717 0.1748913661729747 0.17490161628799472 0.14330509200745487 0 0.14347053627821515 0.14310510301188897 0.14327121616951083 0.14380380018435088 0.14332183493129286 0.14328543163131136 0
0.14325023913356816 0.14372016861401785 0.14370337518150889 0.14350429789020078 0.14349747739600763 0.1434390828656544 0.14345838300426467 0.14307272930780923 0.14307272930780926 0.17572623934617804 0.14346520334065332 0.14365994171465382 0.1442439108460487 0.14344056774462724 0.14331821752796797 0.14307272435382887 0.1432052953946643 0.13280901909185136 0.13280321547430765 0.1327701645910677 0.13275672004685693 0.143221274847193 0.14346187235531135 0.1432669987741582 0.14326459237335676 0.14344262952746364 0.14328905186314 0.18792479221647354 0.14335485297571765 0.143242667568942 0.14326231305009807 0.1432432033995441 0.14326530612244898 0.14317136167322903 0.14325267613471984 0.14309240082533817 0.1430726583393696 0.14308371424358596 0.1430726583393696 0.1748196082363893 0.17485622098796436 0.17487696816581963 0.17482796850943996 0.1749016682656564 0.1748559111753251 0.17492393757974284 0.1749696998734759 0.1751526645779148 0.17485109539833316 0.17487745489523768 0.17490085844976522 0.17490085844976522 0 0 0.14322822019444728 0.14314637722105333 0.14352434361075925 0.1433177088981627 0.1431921557262858 0.14331698133670895 0.14309990009828258 0.1432882053249512 0
0.14351754270015757 0.1433686078572662 0.1433002437054666 0.14324513629801167 0.14323799222611222 0.14324207456750065 0.14320533209441955 0.1432022700794099 0.14349681197612418 0.14345089550708107 0.14347768071229663 0.11901975367514657 0.1435539510629763 0.14335087058343957 0.1432783505602551 0.14314642341027708 0.1433109189116388 0.13298773906468644 0.14338111540354914 0.14323674589509072 0.14344709668955896 0.14329140578982086 0.14343541324411122 0.1432817806539422 0.14358933425534362 0.14337664755320395 0.1432896870314188 0.14333792132605888 0.1433234265636281 0.1432003175785755 0.14322127479811678 0.14322127479811678 0.1433072759827045 0.14326624203821653 0.14326449582572398 0.14332866445909928 0.14331251407567286 0.1433166116185975 0.14317530933363803 0.14321690879525803 0.14335133800539682 0.17480447900741347 0.17479192372516164 0.14328326723698231 0.14332910094749735 0.17487777802860693 0.17486684474683936 0.17506764696502475 0.17490600911647236 0.17483809288236876 0.17487008426793976 0.17488506672215395 0.1433312429677764 0 0.1435031119631039 0.1432888987455549 0.14329499822730932 0.14330532140878477 0.14317550956308592 0.14307249704393996 0.14307249704393996 0.14333535536907144 0
0.14355527823688838 0.14351346298349382 0.14360728663470024 0.12711279186474245 0.12728755275234369 0.1434032959402791 0.14324717743952847 0.14322268309941366 0.18789575899914188 0.18790217772995338 0.14322283614710404 0.1190404383120963 0.14322972605630188 0.14330103070942726 0.13285192185753406 0.13296630848170377 0.13306131530960152 0.13301590369586525 0.14327284283411082 0.1434941708727364 0.14323193274006313 0.1435804028515766 0.18810000220550602 0.13289759994671782 0.1328148385521949 0.14349795032727772 0.14351719066963564 0.1433092804683889 0.14330334737094189 0.14320643020684753 0.14316538660091963 0.14318241580832367 0.1432378652031787 0.1431741196123507 0.14324921616276706 0.14322826031013858 0.14322520416264523 0.14323767754062186 0.14314748337094363 0.14329068826571062 0.1748656299198687 0.14325401840128163 0.14326274960611302 0.1432621486604272 0.17490490751332474 0.17484295249312917 0.17490381270808042 0.1748227037373316 0.1748303983816008 0.17489235528693314 0.17486198541749381 0.14326929789295018 0.14337036785248347 0.14307249704393993 0.1431245266644512 0.14334133589386708 0.14308159676186405 0.14327745716205167 0.1431675330473326 0.14307249704393993 0.14307249704393993 0.14307249704393993 0.14307249704393993
0.14356547645981535 0.14355323856315777 0.1435165227746353 0.1272875527523437 0.1272684913288906 0.1434390013267054 0.13425232677390933 0.14343900132670537 0.14334616112998955 0.1435335246663139 0.13303782145379572 0.1435418782101635 0.1332344694292538 0.1435106627932258 0.14327456166010016 0.14328602760899037 0.14328762451223304 0.143547080201205 0.14329312454132645 0.14334915206363014 0.14313600215749037 0.13282399590927127 0.13295605166722976 0.132998653076423 0.14346771375698072 0.1432625297333389 0.14329111181863238 0.14328478479751655 0.14330160130970387 0.14322040160110475 0.14319027521421004 0.14321428917218418 0.14326886134360864 0.14323917494463514 0.14321821860078782 0.14325358183636852 0.14322214799334895 0.14324703330928185 0.1432326261973081 0.14316407663385086 0.14328661838236853 0.1432621486604272 0.14326536893286004 0.14334265667263657 0.17487965144396084 0.17479690669866227 0.17483728294167708 0.17488916968662263 0.1749344644734143 0.17490893764280488 0.14320215245975657 0.14307249704393996 0.14339363179294784 0.1186786862300284 0.11867894538212131 0.1433780354385967 0.14307264534546574 0.14307700631527748 0.14307527211654025 0.14315053910548722 0.14307249704393996 0.14314637722105333 0.1436205717799452
0.143575674439872 0.1435338611781601 0.1272420157482608 0.12725472422743275 0.13302506786501253 0.14350122360030246 0.14346450335179628 0.14353590094418822 0.1434675634927629 0.14352009898658583 0.13310476475229902 0.13302314756861494 0.13313318960122272 0.13286273643392277 0.13282364370680608 0.14346324680993092 0.14344366041515974 0.14380740879755613 0.1440085570278761 0.14392069502515567 0.18817409131938817 0.13281765622112512 0.14339554967846038 0.13292471407413545 0.1432783430529998 0.1436436369383023 0.14336538874422125 0.14329954770141728 0.14337327269786707 0.14322899390401217 0.1432972361254701 0.14328588643827275 0.14329461699357726 0.14327004227184445 0.14322741504208045 0.14325504428578403 0.1432597805486376 0.13280197893666196 0.14328267174756673 0.1328120701280558 0.14329766876637084 0.1749104018981754 0.14326530612244898 0.1748371827626263 0.17482986013433705 0.1328516967013455 0.1749142202086981 0.1748757533686578 0.17486320025519592 0.17489063401215674 0.11867907220547765 0.1433100475347567 0.14307249704393996 0.1268611420717722 0.12686114207177224 0.1269252380392297 0.12716652616473376 0.14307379297340383 0.1432920191243805 0.14307249704393996 0.14327294978767077 0.14307249704393996 0.14323896959279658
0.14360422749203416 0.14351142311058718 0.12723777950629 0.127203888089994 0.14347674378446873 0.14360728663470024 0.14346960357459296 0.1434706236118637 0.14351144665883803 0.133018561877627 0.14335162586890904 0.14332234226180685 0.14350488193285774 0.13293739022731194 0.13316162643030444 0.13339067109945235 0.14402674495475223 0.14373152458956567 0.14365837459050318 0.1435641696415992 0.14330206193798659 0.14353471237219928 0.13308806721174157 0.14344194226762103 0.14329579844068996 0.14328642514529796 0.14330751477150325 0.14331595033125807 0.14331454441616867 0.1433522341961087 0.12713169853438833 0 0 0.12703090410321022 0.12703172366398885 0.13282662724928543 0.1328387578103143 0.13281692255610278 0.1328258185331498 0.1328266272492854 0.13282177492984568 0.1749257762657964 0.1327700134767747 0.13284765333937634 0.1327319972243156 0.13282339237569254 0.17494041798800022 0.1749316303361584 0.1748152144878586 0.17474051360334414 0.11867894538212131 0.17466692866355077 0.11894179713500694 0.11880808513709071 0.11883551032493064 0.11893403275683587 0.14331105640210512 0.14335853919698782 0.13281287269983216 0.14322995398661892 0.14315712867315664 0.14317308194357817 0
0.14358689193742938 0.14347980383797343 0.14343594098164641 0.143447162139953 0.14345022240483038 0.14346960357459296 0.1434522625692669 0.14343492086176712 0.14349175450263482 0.14344252015027703 0.14344908505762502 0.14332784184514002 0.14362746238389487 0.12731116064846792 0.1272275396353365 0.14347492949610274 0.12743583948827703 0.12707196324995532 0.14357834173194423 0.1434378186854054 0.14376895332339332 0.1435436447289779 0.1439097110065773 0 0 0.1433098579992101 0.12708857288099315 0.12728218068417774 0.12730090452160495 0 0.12713989218050517 0 0 0.12693254563652648 0.12697353102443348 0.12703172366398885 0.1270513926610345 0.12706614382717382 0.1328419925692714 0.13284360993970007 0.1328298620987439 0.14328819702610793 0.14323044325928522 0.17491624467987482 0.17490088414536756 0.17494700659345339 0.17494700659345336 0.17494188213163916 0.13400493972492514 0.174701693098025 0.14330371559689528 0.17505605027054974 0.14340876888789408 0.11894470874154037 0.11895853860978024 0.14342734550053773 0.14307264534546577 0.1188653605802201 0.13261867386748435 0.1326936762609765 0.13262047028965643 0.14318556669736004 0.17572999862940303
0.14346552340121474 0.14347266367911668 0.14346042312982693 0.14346144318896362 0.1434543027239847 0.14351754270015757 0.1434716436467049 0.1434842830062014 0.14340358800773384 0.14348731221515781 0.1435388054893453 0.1434349865035843 0.1272635712084288 0.12728533141060777 0.12727427308280906 0.12735702538246996 0.14349004779337726 0.14357346892960865 0.14359927339611311 0.14353883502155673 0.1435209302211113 0.14340849625744265 0.1433372728110667 0.1273680119356578 0 0.16409970093136686 0 0 0 0 0 0 0 0.1270333627809296 0 0.12701041458360915 0.12700385773419845 0.12694730081948127 0.1328403751928095 0.14328021148190195 0.14327235372588423 0.13283067080733757 0.17492943674506634 0 0.1749367576061678 0.17483059240301435 0.1748628109382099 0.17468338027118926 0.13404445735816867 0.17474490814740792 0.17465309198545115 0.14338422817668836 0.11892408444730856 0.11897746298907298 0.1189629058463911 0.14338560432854927 0.1433401889824248 0.14307264534546574 0.13261867386748435 0.1327364731248904 0.13286058622051394 0.17692452751067078 0.1877037526024476
0.1434747037366516 0.14345940306826058 0.14346348329994835 0.1434594030682606 0.14343696109909584 0.14353424023800176 0.1434826715591683 0.1434570191613628 0.14349199367776402 0.14349006602288858 0.14350300868203136 0.1435536740527938 0.1437502209736985 0.1272928223766711 0.12725607974019443 0.14357490651051058 0.14354570601562147 0.14349279088265873 0.1434753512666776 0.14349302340607423 0.12702555885342617 0 0 0 0 0 0 0 0 0 0 0 0 0.1268612218874154 0 0.12686147064749784 0.1269907437398896 0.12686122188741542 0.13261900217188313 0.13263491933197022 0.13261873757028733 0.13278498190357754 0.13282420109635337 0.17487089414424029 0.17486573977119857 0.17491333039332518 0.17472147003822605 0.1747287945903585 0.17489146847499273 0.1746534022061629 0 0.11867894538212133 0.11894425306228792 0.11897945432669399 0.1432868184803763 0.14334271218354416 0.1433315419554724 0.1433716132452601 0.14307792440852932 0.1880768752490223 0.18806636654172884 0.14318938141066895 0.1877037526024476
0.14344002143686546 0.1434512424882635 0.1434706236118637 0.1434849038785594 0.14349015772042284 0.1435037988333334 0.1272479837190514 0.1272842944325836 0.12726542467509025 0.12729344311219334 0.12732031624929774 0.12730373514748258 0.14356744078087397 0.1435515462738965 0.14353929305350827 0.14351185738345948 0.1271544967390459 0.14350851708722506 0 0.12738527340585226 0 0 0 0 0 0 0 0 0 0 0 0 0 0.1269899241021635 0.1268612218874154 0.1268612218874154 0.1268612218874154 0.1268612218874154 0.1268612218874154 0.1268612218874154 0.13265757278401905 0.1326535276115108 0.13277335197072349 0.1328180807744777 0.1430726583393696 0.1430726583393696 0.17465334547578346 0.17465334547578343 0 0 0.17465309198545112 0.17465309198545115 0.1433741809204283 0.14326609199557613 0.14308151596417548 0.14320151890885294 0.14320919149173206 0.14331518554975145 0.14327893945049844 0.18809500728080564 0.14307249704393996 0.1326967400256235 0.1878435591496716
0.14344104154459575 0.14343900132670537 0.1434820061162792 0.12725507379233963 0.11907331730024916 0.12731086009501794 0.12738577685886526 0.12731945862155267 0.12722510927746153 0.12731831511527042 0.12738406185900647 0.1273274630816201 0 0.127270508275088 0.12729895922524653 0.1272841260553373 0.12727488546508614 0.12726102421279506 0.12726078102900018 0 0.1272542150153102 0 0 0 0 0 0 0 0 0 0 0 0 0 0.12686122188741542 0 0 0.12686122188741542 0.1268612218874154 0.1268612218874154 0.12697599002534035 0.13261873757028736 0.13261873757028736 0.13277961428102056 0.14319188911013706 0.1430726583393696 0.17465334547578343 0.17465334547578346 0.17465334547578346 0.17465334547578343 0.1746531892861326 0 0.1749856873222607 0.14337314099617351 0.1433804204129349 0.14327225634124874 0.14338388675838556 0.14342688682844576 0.1880822325245227 0.14320368459024785 0.14326324143560704 0.14307249704393996 0.12690448704385832
0.12719541482463986 0.1272222549883843 0.1272519866230553 0.12723282953554788 0.11921055853590773 0.1273509038700036 0.12730059038467711 0.1272871534155665 0.12744522602004787 0.12733117938816646 0.12740292648669613 0.12735776435033438 0.1273621769180555 0.1274270870943154 0.12732132960978843 0.12725299907600704 0.12729020528431215 0.12728923261336764 0.12728120799534565 0 0.12728825994025494 0.12729798657381516 0 0 0 0.12731087402932842 0 0 0 0 0 0 0 0 0 0 0 0.12708171396170584 0 0 0.12686147064749784 0.13261873757028736 0.13261873757028733 0.13261900217188313 0.14319741555971635 0.14307265833936963 0.17465334547578343 0.17477713337386125 0 0 0.17465334547578346 0 0.14335511524123853 0.14336551480782167 0 0.14341681564105654 0.14332876854243962 0.15288079998008838 0.1880702815821223 0.14307264534546574 0.14307249704393993 0.14307249704393993 0
0.14344290953165303 0.12731316929991515 0.12720137577692966 0.12752009757139196 0.12747066092707898 0.12730259159999385 0 0.12719651453924385 0.12729544436028942 0.12716848987786863 0.12738377602504128 0.1273745762371868 0.12740715316127516 0.12727415593646893 0.1272097094293754 0 0.12732230220918755 0 0 0 0.12731476450713924 0 0 0 0.12732594943762623 0 0 0 0 0 0 0 0 0 0 0 0 0.12706614382717382 0 0 0.1268612218874154 0.1268612218874154 0.12686122188741542 0.126960416118977 0.13280964389366798 0.17481155299500728 0.13400493972492514 0.1747075530309754 0.17465334547578343 0 0 0 0 0.1433662081032828 0.14398868092226708 0.1433831934915397 0.15262487305844974 0.15284088498875878 0.1434410774083803 0.12700746302201874 0.1432791907549541 0.1877033705795678 0
