critload/trunk/output/2010/nh3_ef_man_fer_ara.asc
ncols 720
nrows 360
xllcorner -180.0
yllcorner -90.0
cellsize 0.5
NODATA_value -9999.0
[rows 140 to 167 of 360, columns 315 to 377 of 720]
-9999.0 -9999.0 -9999.0 -9999.0 -9999.0 -9999.0 -9999.0 -9999.0 -9999.0 -9999.0 -9999.0 -9999.0 0 0 0 0 0 0.1877040487429558 0.1430725988894221 0 0 0 0 0 0 0 0 0 0 0 0 0 0 0 0 0 0 0 0 0 0 0 0 0 0 0 0 0 0 0 0 0 0 0 0 0 0 0 0 0 0 0 0
-9999.0 -9999.0 -9999.0 -9999.0 -9999.0 -9999.0 -9999.0 -9999.0 -9999.0 -9999.0 -9999.0 -9999.0 0 0 0 0 0.18770404874295574 0 0 0 0 0 0 0 0 0 0 0 0 0 0 0 0 0 0 0 0 0 0 0 0 0 0 0 0 0 0 0 0 0 0 0 0 0 0 0 0 0 0 0 0 0 0
-9999.0 -9999.0 -9999.0 -9999.0 -9999.0 -9999.0 -9999.0 -9999.0 -9999.0 -9999.0 -9999.0 -9999.0 0 0 0 0 0 0 0 0 0 0 0 0 0 0 0 0 0 0 0 0 0 0 0 0 0 0 0 0 0 0 0 0 0 0 0 0 0 0 0 0 0 0 0 0 0 0 0 0.19158963340571308 0 0 0
-9999.0 -9999.0 -9999.0 -9999.0 -9999.0 -9999.0 -9999.0 -9999.0 -9999.0 -9999.0 -9999.0 -9999.0 0 0 0 0 0 0 0 0 0.13261871292552166 0 0.1430725988894221 0 0 0 0 0 0 0 0 0 0 0 0 0 0 0 0 0 0 0 0 0 0 0 0 0 0 0 0 0 0 0 0 0 0 0 0 0 0.1915896335571876 0 0
-9999.0 -9999.0 -9999.0 -9999.0 -9999.0 -9999.0 -9999.0 -9999.0 -9999.0 -9999.0 -9999.0 -9999.0 0 0 0 0 0 0 0 0.13261871292552166 0.13261871292552163 0.1430725988894221 0 0 0 0 0 0 0 0 0 0 0 0 0 0 0 0 0 0 0 0 0 0 0 0 0 0 0 0 0 0 0 0 0 0 0 0 0 0 0.19158963341829907 0 0
-9999.0 -9999.0 -9999.0 -9999.0 -9999.0 -9999.0 -9999.0 -9999.0 -9999.0 -9999.0 -9999.0 -9999.0 0 0 0 0 0 0 0 0 0 0 0.1461118716408041 0.1461118716408041 0 0 0 0 0 0 0 0.14307259888942211 0 0 0 0 0 0 0 0 0 0 0 0 0 0 0 0 0 0 0 0 0 0 0 0 0 0 0.19158963352086397 0 0.19158963345864424 0.19158963352527394 0
-9999.0 -9999.0 -9999.0 -9999.0 -9999.0 -9999.0 -9999.0 -9999.0 -9999.0 -9999.0 -9999.0 -9999.0 0.14585047326716977 0.1458504732671698 0.14583879996501353 0.1461118716408041 0.14585047326716977 0 0 0 0 0.14611187164080408 0 0.13547136107100852 0.1354712414854292 0 0 0 0 0 0 0 0 0 0 0 0 0.14923064196405333 0.1490672315370482 0.14905529271372056 0.14905458800316174 0.14923043874900896 0 0 0 0 0 0 0 0 0 0 0 0 0 0 0 0.1462010380112505 0.14620079054974905 0 0.19158963345538657 0 0
-9999.0 -9999.0 -9999.0 -9999.0 -9999.0 -9999.0 -9999.0 -9999.0 -9999.0 -9999.0 -9999.0 -9999.0 0.13296506244842665 0.11473011193549601 0 0 0.11473007795883086 0.17670211897115426 0.1796791429812691 0.14611187164080408 0 0.14611187164080408 0.1461118716408041 0 0.14611187164080408 0 0 0.14611187164080408 0 0 0.1461118716408041 0.1461118716408041 0 0 0 0 0.14906722957924118 0.14906723052246085 0.14906722968338126 0 0 0 0 0 0.14923063721769797 0 0 0 0 0 0 0 0 0 0 0 0 0 0 0.14620079055080595 0 0 0
-9999.0 -9999.0 -9999.0 -9999.0 -9999.0 -9999.0 -9999.0 -9999.0 -9999.0 -9999.0 -9999.0 0.07978223985488563 0.12326357219892341 0.11804518205546027 0.11805535129145713 0.11809129293255288 0.11809129293255287 0 0.1799891102553842 0.14611187164080408 0 0 0.1430725988894221 0 0 0.14585047326716977 0 0.1458504732671698 0 0 0 0 0 0 0 0.14426949799678285 0.149067231649078 0 0.14426949799678282 0 0 0 0 0 0 0.14906723305466646 0 0 0 0 0 0 0 0 0 0 0 0 0 0.1462007905097953 0 0 0
-9999.0 -9999.0 -9999.0 -9999.0 -9999.0 -9999.0 -9999.0 -9999.0 -9999.0 -9999.0 0 0.13330268256291283 0.1680449217247329 0.12295629974591155 0.16657734504634697 0.11809129293255288 0.13365723294088264 0.11809129293255288 0.14254523828860532 0.17967914298126914 0 0.1441891106575606 0.144199384148058 0.14420416746789141 0.14422142945819888 0.14416781634357345 0.14418171665131127 0.1441828015403086 0.14418158955015575 0.1441737064753355 0.14418881945203682 0.1439557388591769 0.1442694979967828 0 0.14396652290635276 0.14426949799678282 0.14691619597667388 0.14426949799678282 0.1440795944772524 0 0 0 0.14426949799678282 0.14426949799678282 0.14426949799678282 0 0 0 0.1432007384376493 0.1432007384376493 0.14320073843764933 0 0 0 0 0 0 0 0 0.14594118225591063 0 0 0
-9999.0 -9999.0 -9999.0 -9999.0 -9999.0 -9999.0 -9999.0 -9999.0 -9999.0 -9999.0 0.11915104287505199 0.13458466071448683 0.11845279642230411 0.12006171848227092 0.12054868876400122 0.11940250244730363 0.12016688033885291 0.12054141513680267 0.120443650772517 0.10445982400598124 0.11945417725264813 0.14426203970990267 0.14410919084338883 0.14456624059515974 0.14467627171665376 0.14387564364018443 0.14398401079456075 0.1447824454383568 0.1440959999063349 0.14497613054496125 0.14507723161635608 0.14415551346358632 0.17919461506680479 0 0.1441592317085123 0.14911191058515627 0.1480158088310761 0.14556336939264283 0.144160332000354 0.14395257901340508 0.14406313016851127 0 0.14426949799678282 0.1440753221857054 0.1442624003138385 0.14320073843764933 0.145959611213437 0.14388195112550695 0.14320073843764933 0.14314909782630292 0.1432007384376493 0 0 0.1432007384376493 0.1432007384376493 0.14345107498329923 0.1433686598298971 0.1432007384376493 0.1432007384376493 0.14320073843764933 0.14333687386441488 0.14321342756855998 0.14323221040282974
-9999.0 -9999.0 -9999.0 -9999.0 -9999.0 -9999.0 -9999.0 -9999.0 -9999.0 -9999.0 -9999.0 0.13409513716544535 0.1184535634192571 0.1195273757517379 0.11950576508282154 0.11889932140021484 0.118121379449855 0.12072669016860971 0.11811669169831562 0.1340891883868914 0.13426956821569244 0.1446375384838117 0.1440518418699612 0.14525193638473277 0.15524863883472884 0.14492482243227986 0.14474047852177455 0.14458444521960856 0.14545896819852755 0.14577541123536117 0.14527435205392894 0.14412487274427122 0.1477876868497705 0.14439685315244477 0.14486951571481185 0.14776175404396932 0.14818092895158677 0.14503465754663894 0.14419459548283936 0.14426949799678285 0 0 0.14360622181405588 0 0.14407532218570543 0.15357357086126783 0 0.14594118221781743 0.1459411821920347 0.14314558224851717 0.14315121278276066 0 0.1431474279597227 0.14314444750904418 0.14314861405670007 0.1436818782274627 0.1458534885173583 0.14314956416766111 0.14314444750904637 0.14316104305847424 0.1431464917845104 0.1432007384376493 0.1432007384376493
-9999.0 -9999.0 -9999.0 -9999.0 -9999.0 -9999.0 -9999.0 -9999.0 -9999.0 -9999.0 -9999.0 0.08202551951114914 0.11830933435280128 0.11825366180126075 0.13423593754529184 0.13383013011300995 0.13324472232708506 0.13351222667148682 0.11803856607300522 0.13445687104266002 0.119760284036547 0.14529758649759733 0.14468745913290207 0.14507059121909782 0.1446307017334858 0.14445220553950983 0.14470993698686255 0.14471425015821007 0.1450090386218196 0.14402025457786696 0.14412839538256206 0.1453957691165372 0.1441962943616176 0.14686976900110676 0.1453862254874786 0.14495088553171348 0.14472137904004242 0.14568026111865526 0.1443202950818024 0.1442782583729543 0.14671091253601565 0.1442850323707933 0 0.14395642738889908 0.1439119945798047 0 0.1431943233800904 0.14320073843764933 0.14594118222898567 0.1440624652699866 0.1432007384376493 0.14316232667849738 0.14318111201846165 0.1431812418089396 0.1432007384376493 0.14732539240102682 0.14789795972607472 0.14599595994520842 0.14326904474656973 0.14329728806356026 0.14320456321044345 0.14320470254208195 0.14594118220088023
-9999.0 -9999.0 -9999.0 -9999.0 -9999.0 -9999.0 -9999.0 -9999.0 -9999.0 -9999.0 -9999.0 0.12769720562935097 0.12759520098370783 0.1185678160703902 0.11934696178984548 0.11809810091641493 0.13419953373774895 0.13449469725039118 0.11956112711604786 0.11899310991300886 0.1193971502946258 0.11937657041669303 0.144770166043499 0.14451330705576215 0.1447852484042832 0.14476501711561893 0.14511899988110225 0.14526838033599132 0.1442971642249922 0.14446219176442615 0.14486941455685098 0.14459119894960973 0.14436563050141382 0.14544082855481777 0.1438595904225026 0.14401817782079587 0.14407417679071854 0.175414948488748 0.14361780401129864 0.14426989351824024 0.14423364410857006 0.14390776352961482 0.14383488502420208 0.14429048671829367 0.1537973261751188 0.14426296952886736 0.14391183327768797 0.14327726413289768 0.14325822472130786 0.14598869251967453 0.14316218631836541 0.14320169954928183 0.14317676124861664 0.1445896913578374 0.14461826529394825 0.14491117481264715 0.14497432476343525 0.1448340032434943 0.14354568871049972 0.1437241326395423 0.14487685233936845 0.14366380040574522 0.1432389020374907
-9999.0 -9999.0 -9999.0 -9999.0 -9999.0 -9999.0 -9999.0 -9999.0 -9999.0 -9999.0 -9999.0 0.1346870214559062 0.10457006048501616 0.11848300508934136 0.1181746575328782 0.11881957753936336 0.1184664202232743 0.13416299502082915 0.11824501012996302 0.11932220141866971 0.11933512731596049 0.11932990271536568 0.14456365665263052 0 0.1448577187320982 0.14497993530719727 0.14511409083485113 0.1453101550541064 0.14561072461912097 0.1471042829738217 0.14425576838278537 0.1443583082209435 0.1442978918220544 0.14461535015003935 0.14479217425314994 0.14472360662245862 0.14378991378945818 0.14414481646881042 0.14365437487727892 0.14423866497060345 0.14382065489089785 0.14444765249699784 0.14378131190030857 0.14438245190903534 0.144188152899326 0.1439023695443094 0.14444499828099225 0.1439171167828706 0.1435164582007381 0.14354543124871638 0.1431808328946888 0.14317670425896742 0.14349383198620547 0.14465973521451922 0.14435280763298855 0.14438843384486194 0.14485015717225733 0.14490816092983463 0.14435393045295541 0.14437070437811197 0.14430159414237398 0.14439423440559546 0.14502093803221214
-9999.0 -9999.0 -9999.0 -9999.0 -9999.0 -9999.0 -9999.0 -9999.0 -9999.0 -9999.0 -9999.0 0.08276247800113425 0.143395704307063 0.1435587830045773 0.14351244681280917 0.1437921473316674 0.1435001287537188 0.12730279700992864 0.1438007347300519 0.14381559371916172 0.12749612770841215 0.13290171044356824 0.1449156870619837 0 0.14493049448056136 0.14496135752400266 0.14372812873684768 0.14512812505951309 0.1463135591856492 0.14445813575875005 0.14556004997056868 0.14452608080966584 0.1443396411146407 0.14483984253621213 0.14432786695115912 0.14433966931393205 0.14417076351193264 0.14439858014297696 0.14382929186880672 0.14364817506305697 0.14376773872794382 0.14424135450807266 0.1442476694075576 0.143768036372044 0.14375820596065764 0.14410003537641383 0.14411545152749924 0.1440956832907033 0.14412954310961898 0.1433281975194756 0.14561573487309912 0.1432543843330727 0.14462602032251037 0.14472626399568228 0.1443504908463928 0.144774436820296 0.14461538883546912 0.144584168338519 0.1446499715214757 0.14462010413754994 0.1447736660346246 0.1445923131251365 0.14443773013799033
-9999.0 -9999.0 -9999.0 -9999.0 -9999.0 -9999.0 -9999.0 -9999.0 -9999.0 -9999.0 -9999.0 -9999.0 0.10080578190035686 0.10080901448633475 0.14352945688336272 0.12720872470247338 0.12721176056592198 0.1275547434336776 0.12754562207072087 0.1275506847884948 0.12734295101874576 0.12733246390234568 0.13333884884628175 0.1275374120202258 0.14384428301858126 0.14386529388824013 0.14381748731394384 0.14600547846454012 0.1445826768315666 0.14449183821985823 0.14451816820248445 0.1446595576859136 0.1445421956321624 0.144560582130768 0.1444225514157131 0.14397838937595483 0.14417964502340802 0.14405358324306938 0.14427024701285543 0.14428772604736137 0.14407843278670834 0.14413551287771967 0.14483055738118575 0.14425944580409025 0.14432702554796123 0.1766427970390859 0.1442319033871775 0.14397624030448614 0.1439823945926761 0.1442212255264067 0.14491592055504454 0.1440124673265515 0.14435664481564553 0.12821007273780727 0.14433646894448185 0.14470801049423174 0.1448318699793991 0.14458352113470319 0.1446057630533385 0.14473259176563222 0.1447327571824822 0.14496324800123056 0.14475524234204615
-9999.0 -9999.0 -9999.0 -9999.0 -9999.0 -9999.0 -9999.0 -9999.0 -9999.0 -9999.0 -9999.0 -9999.0 0.10062083928726816 0.10075085882659453 0.1434467464030612 0.12732679434326108 0.12735642526716237 0.1275561072988786 0.12757288076282475 0.12756946065599545 0.1275788334096568 0.12787646347135648 0.12773336209092914 0.12740992334893952 0.14382134024124363 0.1438328418281802 0.14400891567401541 0.14355315029656865 0.1446036402047391 0.144504294353197 0.1445189166199466 0.14453921538941333 0.14451876325388557 0.12819079669164993 0.14400359171039756 0.14405845569041148 0.12784098646787664 0.14398443773749256 0.14448306500286037 0.14377267898730703 0.14410083895643297 0.1444468849187964 0.144446148824948 0.17584631348385832 0.1757648261504563 0.1439934700780622 0.14459733153768378 0.14573665017103693 0.14489634841437302 0.1439910246031406 0.14407976523012542 0.14517476061156495 0.14436194665196525 0.14455657330125457 0.1445197296319893 0.14454344491385931 0.14455067468363814 0.14458576960816524 0.14460797011615933 0.14470486103178237 0.14474952196763163 0.14473560901010138 0.14466820329682004
-9999.0 -9999.0 -9999.0 -9999.0 -9999.0 -9999.0 -9999.0 -9999.0 -9999.0 -9999.0 -9999.0 -9999.0 -9999.0 -9999.0 0.09350448861097341 0.1334427489105572 0.12731599948706704 0.12728708039505543 0.12732802149980402 0.1273268416094967 0.12733440266057824 0.12763306323200857 0.12747935079436662 0.12767511616896665 0.1274603497879852 0.14408271511770318 0.14429928132974496 0.1439293020505275 0.14472199723627777 0.1454570875359134 0.1290080916596146 0.12815051189136722 0.1444402874225561 0.14445313459725195 0.14403523371123522 0.12821947657773666 0.1440924778092497 0.14457631036376078 0.14440909580234274 0.14409320319667485 0.1440807767505211 0.1440890271809122 0.1441695347666026 0.14411882532453985 0.1441036043778428 0.14415156204858476 0.1442652669363373 0.1453929141595059 0.1452141173213603 0.14524989486126957 0.1442210417531547 0.14546518287937057 0.1440894755677625 0.14467516449314544 0.1447153237652797 0.14454297164186572 0.14456188763373995 0.1445865725740511 0.14462938685696755 0.14466018759984128 0.14468425784537922 0.1446594950561683 0.14469853028233326
-9999.0 -9999.0 -9999.0 -9999.0 -9999.0 -9999.0 -9999.0 -9999.0 -9999.0 -9999.0 -9999.0 -9999.0 -9999.0 -9999.0 -9999.0 0.09328683752344308 0.12757987102901916 0.1274751237181755 0.1273110452695939 0.12731621320551215 0.1273469987763593 0.12733820639590687 0.1273381647512187 0.12764289325103736 0.12786723319630866 0.12787718443078297 0.1277547956290848 0.12709594605117056 0.12753018867715404 0.13852205856440292 0.13941998368626074 0.13352099238553525 0.133472832261252 0.15044155179210925 0.15067058025044558 0.1440480406830104 0.14452630576756703 0.14451263675617307 0.1443933444896225 0.14407431219764175 0.14408967380218796 0.14439441968601532 0.14407759339000203 0.14410807325208802 0.14407640064876578 0.14406587901532844 0.14422357656513562 0.14525996363980712 0.14546517999708566 0.1454402372655807 0.14528610677552448 0.14524388314768297 0.1445781880659372 0.14512128639482563 0.12818618470552912 0.12819713606892336 0.1445645592149294 0.14456802184472556 0.14461217901208961 0.14465070048790094 0.1446794870391214 0.1446798833130683 0.14475018414164226
-9999.0 -9999.0 -9999.0 -9999.0 -9999.0 -9999.0 -9999.0 -9999.0 -9999.0 -9999.0 -9999.0 -9999.0 -9999.0 -9999.0 -9999.0 -9999.0 -9999.0 0.133864656670243 0.12739024324536677 0.12752109974157566 0.1272220337968597 0.1272242103819345 0.12722502659853868 0.1273365700231675 0.12772844445824832 0.12831298156111823 0.12796220985047704 0.12754518560139783 0.12965469138417016 0.14046494714253763 0.13989404645125977 0.1338690780490838 0.13364083428411316 0.1335818505332082 0.13784082531278255 0.15486052902101324 0.14450799311438842 0.13752025538675236 0.15058888325575392 0.14407901161526127 0.1440732033297186 0.14439334073451715 0.14409201379952952 0.14407233646851303 0.1440779522298672 0.14407414918978576 0.14418863939903387 0.144197854394468 0.14420122202599217 0.1454569650063749 0.14544367132045263 0.14526263506483125 0.14490077377709046 0.14485507270631642 0.1282013397276906 0.1282013334314636 0.12833329204060367 0.14460920366833582 0.14459218911867833 0.14466873973959626 0.14468402202530192 0.12833253509732753 0.12842469662689837
-9999.0 -9999.0 -9999.0 -9999.0 -9999.0 -9999.0 -9999.0 -9999.0 -9999.0 -9999.0 -9999.0 -9999.0 -9999.0 -9999.0 -9999.0 -9999.0 -9999.0 -9999.0 0.12735693887650978 0.12720199903433102 0.12716380611648748 0.1271934651113999 0.12722584281361618 0.12735505761352914 0.12734591659184108 0.12761943017465904 0.12795797715407548 0.12755622465422436 0.12754453333338947 0.14080978741875055 0.14037419407115315 0.13927588446432748 0.13371528238413535 0.13370089888087175 0.13778638924362108 0.1512584628957973 0.15946539508044782 0 0.15476554943858392 0.15020866669993838 0.1443947542346156 0.14439010408745961 0.14408488140007206 0.14408099402768726 0.14410205361676498 0.14409151429132291 0.1442032471698524 0.14422299798530758 0.14548837956236849 0.1455332480419729 0.1453739524081659 0.1445473829844621 0.14455317217865982 0.1445525288428786 0.14480513016881894 0.12827127000660482 0.12823460152182034 0.1282031025570379 0.14456402263281085 0.144641536778277 0.1446277580176426 0.12824862110349655 0.12834812014949348
-9999.0 -9999.0 -9999.0 -9999.0 -9999.0 -9999.0 -9999.0 -9999.0 -9999.0 -9999.0 -9999.0 -9999.0 -9999.0 -9999.0 -9999.0 -9999.0 -9999.0 -9999.0 0.08899191747737385 0.12718353449788508 0.12728188593095208 0.12721394625926613 0.12719765450780504 0.1272410978268444 0.12729727699367907 0.1273270880523924 0.12731016011983612 0.12755712265369565 0.1275493363274953 0.13887973566950754 0.14263993312622653 0.1380240605808276 0.137688818471715 0.13774264933578512 0.13389373384629755 0.1550848625987261 0.15659368050395583 0.14126173253067195 0.13744613539104805 0.1549209859844932 0.14438916881581335 0.14438720794379595 0.14407450969038504 0.14409143281779874 0.1440626553768862 0.14408112909198892 0.14481437019287213 0.1441291653284765 0.1454647486005599 0.1454669055090631 0.14529815549978023 0.14457032988450105 0.1445700789263994 0.14456034502601453 0.1445457289270855 0.1447156651317891 0.14472919555127253 0.12819814196020154 0.12816804796987144 0.14459736086295785 0.14465134243496083 0.14460407326766445 0.14457908622317772
-9999.0 -9999.0 -9999.0 -9999.0 -9999.0 -9999.0 -9999.0 -9999.0 -9999.0 -9999.0 -9999.0 -9999.0 -9999.0 -9999.0 -9999.0 -9999.0 -9999.0 -9999.0 0.08290853602326953 0.12722589315712846 0.12720960185167904 0.12721720453657406 0.1272065253139598 0.12717593122638646 0.12723752581398465 0.1272401550667057 0.1273282171744993 0.1273380205109808 0.12729767782702925 0.13355076271740218 0.13936717887525496 0.13820941792796726 0.1384949819610915 0.13400799427914417 0.1352398992708394 0.13750737747962324 0.15850237509851245 0.13808400418973013 0.13776761223090128 0.15517664050414734 0.14438292591305002 0.1440731136358237 0.14407512927525137 0.14406491589149575 0.14406696602219524 0.14405183405858116 0.14479754845901632 0.144156238991518 0.145406496364499 0.14600957655662136 0.14491751443977643 0.14456230727492733 0.14455456961234778 0.1445336536994459 0.14487476403404262 0.14488711785313033 0.14499780797675896 0.1448661600261333 0.12820658905567892 0.12837384246337813 0.14466168003745772 0.1445780728847125 0.1445486445562325
-9999.0 -9999.0 -9999.0 -9999.0 -9999.0 -9999.0 -9999.0 -9999.0 -9999.0 -9999.0 -9999.0 -9999.0 -9999.0 -9999.0 -9999.0 -9999.0 -9999.0 -9999.0 -9999.0 0.12726281786462662 0.12721829062360393 0.12718896532499727 0.12721829062360393 0.12722040135092924 0.12722898063323398 0.12723533475794918 0.1275395688073534 0.12729805608667336 0.12753392316548307 0.13764397441401985 0.13760582741480434 0.13344280118793722 0.13435305956531401 0.13342396175015583 0.13751251041538423 0.13336756518021603 0.13330939597173797 0.1330150085450248 0.1330918004940155 0.14405929878589457 0.144050896880951 0.1440735141403527 0.1441074113374848 0.14405050458697272 0.14438168101281976 0.12805259050068765 0.1279621743794071 0.144141691759869 0.14416213288722998 0.14424091421077467 0.14453322980729233 0.14453630429303072 0.14454039034537544 0.1445710299143043 0.14458103894662028 0.14457108341144126 0.14491868979214179 0.14455136702733934 0.14465578803334092 0.128610568531098 0.12828097296406013 0.12855949492868401 0.12819527959600702
-9999.0 -9999.0 -9999.0 -9999.0 -9999.0 -9999.0 -9999.0 -9999.0 -9999.0 -9999.0 -9999.0 -9999.0 -9999.0 -9999.0 -9999.0 -9999.0 -9999.0 -9999.0 -9999.0 -9999.0 0.08902368155785098 0.1272030851592045 0.12719156046587027 0.12723621118168355 0.12720575442468932 0.12726557035964448 0.1272379640238716 0.12725264380079707 0.1376118882132857 0.1334383352039967 0.1334708595598407 0.13341641798119921 0.1334105598137371 0.13329737869045483 0.13330598637637697 0.1545141386070486 0.13323834730348558 0.13335489337274842 0.13337382285160704 0.12775817558917538 0.12775054419584864 0.14404997710372722 0.1440612879000012 0.144073155621732 0.1440540698584315 0.12805458048410606 0.1442612608477384 0.14417091353354985 0.1441498544722947 0.12785202333105342 0.13358810412589198 0.1445322448052593 0.14455820245589346 0.1445415010284887 0.1445097684148264 0.14452062558428352 0.14452418782746687 0.12818697793513747 0.14454378874833188 0.12850946903457083 0.12818967359721015 0.12846210542681724 0.12819113120701311
-9999.0 -9999.0 -9999.0 -9999.0 -9999.0 -9999.0 -9999.0 -9999.0 -9999.0 -9999.0 -9999.0 -9999.0 -9999.0 -9999.0 -9999.0 -9999.0 -9999.0 -9999.0 -9999.0 -9999.0 -9999.0 0 0.12721795117232762 0.12717837619971284 0.12724916889629326 0.12724257378856177 0.12724541352462332 0.1272042205749514 0.1335018527025109 0.1375023772420723 0.13338569732067324 0.13341422874091668 0.13338269337802955 0.13332751310163854 0.13339187113289047 0.1371796533162419 0.13325585465083686 0.1332821619007701 0.13344241932384576 0.12776676505802756 0.14407954278930293 0.12784782727729244 0.12778494693538273 0.1277687332661388 0.14407571517772022 0.1440474730020244 0.14424153785030366 0.14420603680938623 0.12775078069375642 0.12789259724784446 0.1277426773782267 0.12815995519502946 0.12816709510614355 0.12816867469238327 0.12815896980122218 0.12816732583556287 0.1282034009981688 0.12818468858837334 0.14457437813804314 0.12820980411071428 0.12847124213337283 0.1281797762380265 0.12816511152489565
-9999.0 -9999.0 -9999.0 -9999.0 -9999.0 -9999.0 -9999.0 -9999.0 -9999.0 -9999.0 -9999.0 -9999.0 -9999.0 -9999.0 -9999.0 -9999.0 -9999.0 -9999.0 -9999.0 -9999.0 -9999.0 -9999.0 -9999.0 0.0888220772355177 0.12722982296431123 0.12725571115449683 0.12721364270961238 0.12728024920792036 0.12720487793978497 0.13749894542994975 0.1333236864785735 0.1333907284233957 0.1333608630703858 0.1332656037312714 0.1332735465714028 0.13314175065819026 0.13318680282400727 0.13316063149244364 0.1332887174162333 0.1440659894749877 0.12775843828288333 0.12774451130401807 0.1277639390848589 0.12775047229010553 0.12777690281677115 0 0.14412391005574135 0.12777518470210505 0.12781212359463678 0.08934899872251106 0.08952075644666159 0.089735487681604 0.08973658453661194 0.08955657082482686 0.1444963227539601 0.12818048201198007 0.12816444969613527 0.12816357598211975 0.12826638361999185 0.12820435398715999 0.12816089243824855 0.12817499740419167 0.1445232036988815
