critload/trunk/output/2010/nh3_tot_egl.asc
ncols 720
nrows 360
xllcorner -180.0
yllcorner -90.0
cellsize 0.5
NODATA_value -9999.0
[rows 140 to 167 of 360, columns 378 to 440 of 720]
0.0 0.0 0.0 0.0 0.0 0.0 0.0 0.0 0.0 0.0 0.0 0.0 0.0 0.0 0.0 0.0 0.0 0.0 0.0 0.0 0.0 0.0 0.0 0.0 0.0 0.0 0.0 0.0 0.0 0.0 0.0 0.0 0.0 0.0 0.0 0.0 0.0 0.0 0.0 0.0 0.0 0.0 72407.35274364405 21803.013882889405 0.0 0.0 0.0 0.0 18123.222266989735 0.0 0.0 0.0 0.0 23387.114262805717 23374.94033063557 46653.18686355317 92604.56571040968 -9999.0 -9999.0 -9999.0 -9999.0 -9999.0 -9999.0
0.0 0.0 0.0 0.0 0.0 0.0 0.0 0.0 0.0 0.0 0.0 0.0 0.0 0.0 0.0 0.0 0.0 0.0 0.0 0.0 0.0 0.0 0.0 0.0 0.0 0.0 0.0 30799.89067002265 12338.761397766966 0.0 0.0 0.0 0.0 0.0 0.0 0.0 0.0 0.0 0.0 0.0 0.0 0.0 75230.61733633355 67422.15510428735 0.0 0.0 0.0 0.0 44199.2918517876 19721.653160835893 0.0 0.0 70329.52307977235 46894.06167146654 46749.17322394091 0.0 145089.6589185896 -9999.0 -9999.0 -9999.0 -9999.0 -9999.0 -9999.0
0.0 0.0 0.0 0.0 0.0 0.0 0.0 0.0 0.0 0.0 0.0 0.0 0.0 0.0 0.0 0.0 0.0 0.0 0.0 0.0 0.0 0.0 0.0 0.0 0.0 0.0 12375.614838247999 6187.80741913513 18569.47611295433 0.0 23517.530654870217 23505.90607198381 23494.252808180543 23482.539976351767 0.0 0.0 0.0 0.0 0.0 0.0 0.0 0.0 0.0 30570.24938686366 0.0 40895.37866440846 22748.12181663501 0.0 0.0 21308.648103778785 0.0 0.0 0.0 93768.48577825255 46751.177890975436 70120.99159096184 300981.6550400642 92655.5698565706 -9999.0 -9999.0 -9999.0 -9999.0 -9999.0
0.0 0.0 0.0 0.0 0.0 0.0 0.0 0.0 0.0 0.0 0.0 0.0 0.0 0.0 0.0 0.0 0.0 0.0 0.0 0.0 0.0 0.0 0.0 0.0 0.0 0.0 0.0 12387.706303625946 6193.853151812973 0.0 0.0 0.0 0.0 0.0 0.0 0.0 0.0 0.0 0.0 0.0 0.0 0.0 0.0 81722.7273751973 61081.18891178325 129878.45451571456 0.0 0.0 0.0 111225.60332277419 0.0 0.0 117930.55309857038 94321.87459395244 47028.511037042896 70803.3930579313 46865.35148813627 340148.7194287491 278080.85134447354 0.0 -9999.0 -9999.0 -9999.0
0.0 0.0 0.0 0.0 0.0 0.0 0.0 0.0 0.0 0.0 0.0 0.0 0.0 0.0 0.0 0.0 0.0 0.0 0.0 0.0 0.0 0.0 0.0 0.0 0.0 0.0 0.0 0.0 0.0 0.0 0.0 0.0 0.0 0.0 0.0 0.0 0.0 0.0 0.0 0.0 0.0 0.0 0.0 0.0 20629.584050226036 0.0 0.0 23656.3373086702 23667.26251919107 142382.36575664906 68224.19837586289 23619.753737999377 70904.73585857189 47305.66986283222 23598.812280125985 23555.0011266922 67385.43533125636 162772.09226917976 706105.7704207347 211730.02072801962 -9999.0 -9999.0 -9999.0
0.0 0.0 0.0 0.0 0.0 0.0 0.0 0.0 0.0 0.0 0.0 0.0 0.0 0.0 0.0 0.0 0.0 0.0 0.0 0.0 0.0 0.0 0.0 6240.281129812933 0.0 6234.660687140176 43681.94354005071 43673.54043585745 6231.831609154322 0.0 0.0 0.0 0.0 0.0 0.0 0.0 23728.599898999088 0.0 0.0 0.0 0.0 0.0 0.0 166004.32571673923 0.0 0.0 0.0 0.0 23699.667505699705 154930.72023335632 94239.04640774067 161014.5314136104 23707.228228017597 142210.75258360503 23739.21182607479 70957.25055713182 189379.7534399643 412049.68269706663 462541.4640010248 428809.81923332455 -9999.0 -9999.0 -9999.0
0.0 0.0 0.0 0.0 0.0 0.0 0.0 0.0 0.0 0.0 0.0 0.0 0.0 0.0 0.0 0.0 0.0 0.0 0.0 0.0 0.0 0.0 0.0 12479.797378858955 37396.84321506153 31260.221576977827 112582.77390812739 37522.04512614136 0.0 0.0 0.0 0.0 0.0 0.0 0.0 0.0 0.0 0.0 0.0 0.0 0.0 0.0 0.0 118830.69381862835 47557.46596237109 23763.15153932253 23732.65182476998 53624.41719514062 182893.9246964642 218512.3350884534 47536.709827191284 23742.192431788102 71362.00842984435 261581.68835934537 403420.6506427412 189953.5323569025 467720.4613093742 464764.23266419856 462461.0289846471 464629.7851508453 109435.9161611626 -9999.0 -9999.0
0.0 0.0 0.0 0.0 0.0 0.0 0.0 0.0 0.0 0.0 0.0 0.0 0.0 0.0 0.0 0.0 0.0 0.0 0.0 0.0 0.0 31280.842094881118 68823.10404850786 87555.45103314912 118728.28541680121 112430.82365972034 87422.9095797464 31321.95825550275 0.0 0.0 0.0 23800.85011189683 23790.870787179938 0.0 71362.57582355806 0.0 0.0 0.0 0.0 23862.601401564763 23832.41146186515 0.0 23862.601401564763 23812.054652862356 23862.601401564763 23822.26284132083 23742.860002828606 116205.05044536565 237381.88139161715 427397.8608580249 500736.5999384934 286056.2056679559 333617.218920138 475522.04556907894 522035.8033435786 499732.6498613015 465950.0641408318 465968.24629022356 463138.5210525155 462802.030361699 199379.32709771153 -9999.0 0.0
136711.1875752029 0.0 0.0 0.0 0.0 0.0 0.0 0.0 0.0 0.0 0.0 0.0 0.0 0.0 0.0 0.0 0.0 0.0 18818.49878554473 62701.712547932344 31343.165326774375 56427.428537209045 150422.36010132005 150876.68387833217 169106.70063840176 162825.7943752291 144071.82577749575 125417.72894936762 87786.4681963994 31345.743827940918 47833.4135723545 47745.098511835786 0.0 23859.66101215038 71725.77249419397 71735.54605699866 47843.12977340525 0.0 0.0 23892.299353854276 23911.84868569489 23892.299353854276 23921.564886659617 47833.4135723545 95676.54334575974 23921.564886659617 129770.50297799782 261490.79830862005 352080.76255017257 618855.9473354782 714851.4825781186 619917.0360013284 516152.5128415816 646986.9117424196 624845.3877547468 350117.1649467809 469850.34301951155 467852.58028603636 463474.7319125319 462775.97089396353 372920.46328889125 -9999.0 93968.29625604568
365345.83769465453 114238.31162635687 159915.89673915703 274199.3595000598 91390.83688778427 159933.950883908 68561.08612447846 22856.68161657336 22847.72289133174 45704.4045079051 18867.744340476587 25156.992453908464 18867.744340476587 12571.06336148307 31428.932319952386 75428.95809150512 69127.1953356324 75413.88751553211 62870.26528651615 100556.08252016007 138264.25042943988 138244.3561579953 175940.10895422834 194748.13228860218 188343.4218053153 188345.00069381186 182059.769975952 182210.29317050034 622688.6387780876 622617.9227487815 263567.16006091755 143853.4391856424 47938.55769322569 143806.12896397925 287423.08102310164 167652.39329307262 23931.19504510028 23950.367112896834 23978.706032586604 71917.32108753765 71917.26372581228 167813.29084619528 119855.87878033215 71841.4138186362 143663.4525969913 71702.9775217033 151582.21654426178 0.0 694610.0600783553 692416.861387791 620440.6453328907 692167.6343615714 696739.3994771003 0.0 827654.2213099749 454733.0575229082 464598.92446969036 468195.0584225004 470145.57784792915 441544.4022972691 463778.6514300873 326314.46964608174 65283.32286872876
480818.91190815845 480810.283352376 457795.65898967587 503596.5674740886 389251.03084322327 435035.01238381834 389189.4785123058 412160.4700979953 366350.16546673037 107065.90185756015 157465.07683595418 182624.26587699875 176354.37446138804 157477.41614512098 144884.94184896298 138572.25113147107 119713.89725764647 151189.38263542787 170074.22227723428 157466.70749523328 170064.63564564602 176315.30750525437 182657.60990236432 195192.76983269252 195119.51227413872 182428.5604337759 198258.26382287446 779560.2992658723 718429.4640799196 717709.0902759538 671790.0761514338 456080.1811262396 312305.30770691636 384279.30442759587 263979.5735236014 143629.45230768042 72074.63132384574 120040.93887538605 168165.01114512567 168137.30761720275 503996.2463884031 456206.8006102645 336024.6083806982 216075.14387580933 384296.5526707869 358864.7030990632 304022.3979865969 0.0 0.0 801102.6593803541 773639.6638907316 758614.9468970218 672926.1180344669 853839.1227868191 726457.5915174355 438711.61321163917 452926.7821350144 315968.89188381674 317340.83299189655 423336.0828314117 426849.9067367822 467800.66631637927 435448.1527579848
642022.3015371141 618752.3619182959 550619.8225120471 596370.7198600335 550721.283229856 504817.20429869357 481848.3367304991 573520.3240714987 321116.0645901197 132158.45276936347 195501.36481709266 189253.79282967903 195469.23771009306 195576.30916463892 195684.99160413258 183064.88290368623 189387.45073897627 189392.15349483368 195686.5505095978 196221.26715355314 195684.2758039378 195658.60959033098 196202.42886522837 196009.9084543042 195251.3940928384 201578.3759516493 172758.82194086566 644928.4648548856 732191.9385212279 719467.8617774522 670502.7591444767 695316.403990804 577579.7679872914 577466.3417108355 408163.48706628324 480274.9941565307 577418.5681824611 553641.3299162715 553575.0108871306 719853.0241041477 742167.3333194617 718654.8867931308 718650.648604411 191175.43995305858 143916.845857856 669312.4160475718 564455.1498851284 0.0 0.0 0.0 575466.1255970816 0.0 0.0 0.0 0.0 0.0 0.0 0.0 638086.9538503696 0.0 443227.55133960646 907125.1118855895 727914.7853435442
757981.3024750018 597286.9946101101 551679.5072145729 643732.3707609461 643658.4738974648 597850.4909631694 643451.2392351002 783179.1007878702 502380.94206812343 -9999.0 170465.20315441926 192161.21328801668 205552.03636198083 195941.7399648272 196025.6540937126 196101.58389610768 196116.74011343464 196094.13983438245 196074.00157080105 196095.3557974954 196085.1598382511 196854.83877531756 198694.20453075581 190254.32705055806 199408.77967661762 178145.09841400082 0.0 602011.0456950314 574811.5612091749 653201.8451513995 0.0 680200.4028530755 721022.5943609818 721285.6766463562 697696.174002199 721521.4901805758 721378.4018463846 747076.8164611148 721210.5137378499 721032.7827350616 743563.0766643716 766096.2187124433 693749.1967038115 623061.6325256974 625101.5847419031 720548.8694285108 684367.1940763802 0.0 648466.4032738253 0.0 0.0 0.0 0.0 0.0 0.0 0.0 698176.3401405609 663551.1825277802 502171.46305458643 0.0 0.0 588669.0637810008 292228.3477039902
612107.5765936795 585981.2914975156 1212814.0712248299 1281583.341478029 1363669.8115449003 1157087.0176954118 748389.9661427289 1301080.7706982424 1116037.60153798 0.0 -9999.0 -9999.0 136847.48492682716 202579.4468308488 190121.10610031965 198633.18548127785 195256.4759134713 194404.60703181673 195069.3240848705 180980.76835302875 183910.6760506318 186188.26625397964 175382.3169414447 157086.08442044235 179794.4853658316 117376.33618209252 0.0 0.0 0.0 0.0 0.0 609721.9885975384 721845.4529494597 748803.1183046967 722456.1073039873 722940.2860946597 758936.069070373 759378.098142936 735812.2198670133 664878.533306649 753017.5824320368 787305.3737229129 762982.153821645 806791.623730518 744166.3824068449 768016.1170649278 837809.8602308705 636995.2614853993 0.0 0.0 0.0 0.0 0.0 0.0 0.0 945727.0862351878 862047.4080814058 522207.90095016826 441614.7981755455 0.0 456400.118022205 477040.82068337494 439125.591454252
1007971.478958141 1102383.5540851268 1132787.8315057238 1137556.657769056 1117925.1416465247 1115730.7707703237 1358557.7307039984 1219925.2123567318 1125746.1074890946 705899.3548989762 68224.18349121683 110688.15251306488 155798.3839802725 177962.97859839475 155860.38413804286 141453.28547442242 127642.5045740804 141024.84245976532 144173.18233011957 141232.6571495171 137661.3654021374 144142.31018359264 141457.737155905 130029.23538674945 145741.26819376976 134679.46109700704 0.0 0.0 0.0 0.0 0.0 651201.8869226367 729806.3893831286 718885.6562016227 740848.876928269 679701.143947156 677662.914732477 680824.945742445 691770.9606150703 770990.8972376776 719367.9191866126 767597.9591608874 777332.4631478963 585197.8958912762 0.0 0.0 654235.8899069602 648653.1987425974 0.0 0.0 0.0 0.0 60029.90374440284 246869.01248572097 0.0 803755.8186283574 488221.20105124754 450478.974201233 1057163.5465612588 824361.1516103481 318619.06905211764 581801.1783214026 585258.1942451992
0.0 983915.0489554043 1062155.0172816329 1017173.4144961489 854671.7701519828 800277.6537989815 0.0 858341.0329897122 978499.9783622209 1137318.9243071303 547779.9733903338 417653.6488591696 156468.8819017387 132457.7601308256 129727.98141468824 128252.84894954409 0.0 0.0 129177.56900927497 0.0 137509.34688112128 150313.24395784867 166058.89335967065 152684.43092353136 145718.73981154253 143379.56208368737 0.0 0.0 0.0 0.0 0.0 694769.0682857384 683814.561592526 718691.1099816229 740269.7658222767 616297.260036049 652115.9424550132 605850.0580353002 620222.6125651001 685015.8938855818 575240.9157962169 0.0 0.0 0.0 0.0 0.0 597721.8002212353 582206.3256010534 62472.03671835161 77506.62231778895 0.0 0.0 121289.74840262499 1098996.1741457868 802285.969921255 588614.3385789153 0.0 0.0 822307.3203555966 633607.1674795729 251353.1329832563 1039566.7178003609 1172560.9779262275
0.0 0.0 0.0 0.0 0.0 0.0 0.0 0.0 764167.8512914955 876386.12839342 1104485.4409762537 347245.1528313795 145786.13671891522 130926.17351129602 0.0 0.0 0.0 125467.4634823233 115215.99587719675 130788.59130343731 160444.35976409467 156536.71721518 161477.80171798423 166408.21554425886 148637.8087247945 158707.04700388963 144863.33127726652 588230.7877301069 0.0 0.0 0.0 0.0 0.0 0.0 0.0 0.0 0.0 610017.4313482816 683276.9561939564 0.0 623105.4041614542 0.0 0.0 0.0 0.0 0.0 0.0 0.0 58085.86985342666 0.0 0.0 0.0 0.0 733998.6310368513 873396.8858739188 685906.1539655796 0.0 0.0 63512.70874559298 526582.880745033 267315.00708966475 977918.5788480501 1985572.9156552218
0.0 0.0 0.0 0.0 0.0 0.0 0.0 0.0 0.0 0.0 0.0 281219.8416032295 0.0 117472.11285251335 0.0 0.0 135006.1404551392 145372.00747525934 130086.07220586788 160210.77800324114 160676.21766135367 154417.362994907 138201.83700130164 129946.0032279686 153552.2839881907 167811.80768002698 165664.1585107844 146028.86824012664 0.0 0.0 0.0 0.0 0.0 0.0 0.0 0.0 0.0 573050.1663363717 0.0 0.0 0.0 0.0 0.0 579786.3924116209 0.0 0.0 620380.7787421792 0.0 0.0 0.0 0.0 0.0 796217.0342776241 753596.1354783451 941528.0982207097 0.0 0.0 69568.14567049264 337570.81996245193 244533.22212211182 300821.3595340174 250586.81049486363 1028263.462297649
0.0 0.0 0.0 0.0 0.0 0.0 0.0 0.0 0.0 0.0 0.0 0.0 117788.85912877126 126391.63572909961 124705.36763348982 0.0 142851.45624860688 137991.24602435058 150353.1438927385 155943.62080494946 170336.05357219788 93175.1431168617 136288.69142304652 154426.19254856225 155940.06578174222 123132.16823224848 423660.54010244505 291440.3238610759 0.0 0.0 0.0 0.0 0.0 0.0 0.0 0.0 0.0 0.0 0.0 0.0 602975.400420983 626935.545801767 0.0 580019.6078300843 591217.103653169 640029.1375498103 0.0 609151.9114543034 0.0 665877.2667751631 573261.819343028 1038695.2142920621 0.0 1019315.7895205502 0.0 0.0 0.0 0.0 331976.189006957 174842.37328239917 175922.82057507677 452262.7506786644 334404.8655975644
0.0 0.0 0.0 0.0 0.0 0.0 0.0 0.0 0.0 0.0 0.0 0.0 0.0 179339.54575015084 154781.9063379452 159851.99030053124 156815.36590486608 167373.2890075271 148795.57927021946 140992.268043811 153045.75620569705 147104.1170344664 154148.35995419463 149426.76472291845 134404.78376957274 459758.2002987954 325790.5248321455 322743.0693226987 0.0 694261.4289729204 0.0 0.0 0.0 587268.7016703011 599747.9905713198 578978.4262184977 619915.0091807474 0.0 578647.2592587916 676343.2602908987 681692.2135045831 700233.2411557381 714864.3684747095 687125.9707097716 695706.7971910809 604584.7480724396 0.0 0.0 0.0 644275.6057276529 0.0 845786.3534796083 1225673.7785190763 0.0 0.0 0.0 0.0 0.0 265449.4799100774 205538.74136335347 118184.16060006326 217560.1491836519 373095.83665778214
0.0 0.0 0.0 0.0 0.0 0.0 0.0 0.0 0.0 0.0 0.0 126863.9731846358 0.0 159169.21504364905 176529.14643994177 163421.11387778437 153732.5165811801 162500.71839313084 151320.98028412156 0.0 145715.10034023388 161601.46151756332 166601.4194754459 155317.76958766292 370544.89012722933 280500.995197418 269568.9033670506 283470.7748174064 279959.8897549478 0.0 290858.553421192 0.0 292631.8516211925 726231.6603507516 742459.8875316381 695885.3526475677 695797.4660413644 740385.2199693361 780381.6539694112 755494.0309349181 706458.5138789257 712840.0031943143 688496.5313497628 751799.4539016688 673158.4369974162 673188.3147565576 623847.8936597307 0.0 629421.727290095 802191.8155939061 0.0 1804320.8050280774 0.0 0.0 0.0 0.0 0.0 0.0 0.0 78967.96074322604 86596.19757829736 225082.47677267896 147980.7961312813
0.0 0.0 0.0 0.0 0.0 0.0 0.0 0.0 0.0 0.0 0.0 131841.8288883476 141836.90216580985 0.0 130709.76139786388 145220.85447322213 139472.39709647975 139330.23244103955 123015.31716370878 159078.7148262706 172688.76155960656 151047.46003944473 124259.02145607771 379601.5807935201 0.0 294660.9839844812 293587.3236319374 234788.62493435558 123038.1783865707 585918.2193161153 680308.9022187812 586258.4742768225 683875.4837442536 783552.7486209475 726818.3475758272 706726.7586312746 614338.7587270585 599010.5216027409 780612.2809341943 656914.9945030626 715999.4821111246 721587.9933272499 0.0 0.0 703955.9589346837 785684.4963939015 731389.438656317 652369.2123830786 817276.9828774887 781658.6524446249 0.0 0.0 0.0 0.0 0.0 0.0 0.0 0.0 0.0 476414.67747597094 186736.28424733857 534409.203288646 1104034.7236286977
0.0 0.0 0.0 0.0 0.0 0.0 0.0 147274.2432994624 113328.24186082544 94169.98160919719 92596.7158607783 250456.16068090685 129390.31325263203 167881.4086277519 128948.57993974596 149804.43722617166 130468.08626903502 0.0 0.0 175001.22331273003 383006.77932854934 328690.32514481293 132932.5344881042 124177.87321278003 126707.52827669699 0.0 84388.30672899085 0.0 0.0 293360.6952019055 0.0 635884.0231588375 635845.9546870358 723757.8235227588 0.0 742789.9491627556 738770.6147359521 654193.9739019487 711438.9634474722 0.0 0.0 726741.2183327503 146278.50101963145 0.0 624922.3382215298 693099.8228853083 776106.3615160169 841934.081214442 803275.9561979031 805719.9771301437 1907691.7313588215 0.0 0.0 0.0 0.0 0.0 0.0 0.0 0.0 0.0 0.0 0.0 0.0
0.0 0.0 0.0 0.0 0.0 381625.6625025686 179881.12243874322 41135.37796363069 12396.387401094014 76300.11515321436 42105.50313257502 47734.63641306719 323440.1865758233 196124.89339962613 146251.5575543926 169785.80105601327 116393.80047392868 0.0 0.0 0.0 144828.65247877728 42250.614711163405 84522.7762805544 126956.44808683722 84647.26075991694 42323.630379993076 0.0 0.0 0.0 0.0 380327.82083899964 0.0 685634.7154078281 694829.7978865725 0.0 0.0 756775.0246087027 742797.3246929093 0.0 629254.143361887 712727.3902384694 0.0 288006.77445995866 0.0 710772.2286517367 641110.4055398415 659490.4411064502 792220.8236103004 2234028.1178906737 0.0 0.0 0.0 648777.3489308531 465956.6782886492 143274.8014433807 0.0 615195.2894787393 0.0 0.0 0.0 0.0 315639.48871990363 0.0
0.0 0.0 0.0 0.0 582078.2145016755 623426.5615379094 89301.880129139 52473.78677154044 111602.95542423196 59724.5025978425 71233.5711715373 31416.840249323417 37789.959756411365 130955.22705702389 0.0 0.0 563143.901485124 139039.46736955782 84594.6510129303 250790.53572410732 126799.77327315057 42294.21322468903 42329.21880421946 84610.57299140964 42341.00610958986 0.0 0.0 0.0 0.0 0.0 0.0 0.0 416773.1425433351 713380.6159430986 747696.4785921733 710805.7182286541 702912.3971782122 795454.1989809931 807738.7229659098 594538.6206830561 783443.7327273757 803773.609051719 0.0 0.0 641327.7499983471 822967.9346489918 856537.6900989587 757856.9820163486 688247.5122409229 818480.1795459865 221446.78321382066 793912.8061763165 564670.8903761307 0.0 330081.07088778063 253600.94094736344 0.0 0.0 0.0 0.0 36969.98025080375 0.0 0.0
0.0 0.0 802866.2922421265 367082.6811914032 271005.4569037049 177493.0175453598 66231.18234379901 77369.80789889842 238541.493868906 211754.43914576157 43547.73547432638 17431.73184934906 28127.056924365326 128701.79306286316 70018.0666099772 145259.28221285352 47666.19570884771 45752.68324966019 81587.0329629016 84747.18698109509 38975.08612914935 42341.46677167595 42392.994012960306 42377.62237727255 84747.18698091176 0.0 0.0 0.0 0.0 0.0 0.0 0.0 211785.0877673163 0.0 684837.4431189295 687275.3730734274 638148.726729593 748497.8556354217 687060.2999525443 764736.6990681593 788978.5529247413 843338.354592332 707615.3383666384 0.0 657980.7904960156 843945.8412674255 845168.7459645339 838105.0753339435 840120.3966975479 803713.6390547697 0.0 0.0 730850.0326313876 384343.5418339899 362376.30494243564 287256.1043454344 620765.3839766262 0.0 0.0 0.0 42972.54256943884 873789.4011879151 757949.2248919866
0.0 483253.52715638344 103069.2529000516 156382.02504658556 313840.68594145944 239291.96367974026 133309.7341624112 54454.581781351524 135122.01778813565 154898.09151411525 162065.8288235695 138934.2212364115 194876.91846828672 136388.5683535595 310374.1386088845 390793.95487588044 221884.85594669287 33730.35422109243 79266.40178145704 0.0 81087.19291357292 82328.9516055351 42437.12009629329 84808.6773194909 42361.176624754844 36586.40604465527 0.0 0.0 0.0 0.0 0.0 0.0 0.0 0.0 393099.01003490103 663463.4927191829 0.0 736282.1537506382 24574.04346407382 48973.48862813372 0.0 753428.9127516233 762490.8623638009 0.0 691893.9835735613 707316.2240023424 822274.6961416848 861280.0332111325 0.0 0.0 384172.94275666866 522266.1084345777 946171.9660079225 319270.55824002565 817823.2018382105 649735.2735358085 811134.6013652601 0.0 0.0 0.0 203985.63223111565 594675.6365851699 744082.4836249342
322510.0922843077 87215.70177156222 168108.91096532866 209657.14261345548 280727.45938924537 109312.87707989775 112708.85776247371 66053.33656499707 48871.822489973965 149021.8987327383 247810.18708166698 249890.4505405932 391193.3042794487 423455.9225313087 366864.28709374845 169800.47826362288 160351.9626446563 42388.72790972871 0.0 0.0 40496.851502148595 42457.9154524367 0.0 0.0 38865.70081008032 42397.1955934563 42449.56922354314 0.0 0.0 0.0 0.0 0.0 0.0 0.0 212248.38127850828 664102.5879288429 688528.633752861 679766.8788652936 344211.558570129 122631.40499542438 293679.89433020575 777501.1080015376 778480.2317175234 849547.1730937066 798769.106265843 735831.7530857794 805908.1087788849 770353.7557073006 23709.41517782306 0.0 0.0 0.0 0.0 661988.1991314263 1187579.6361899923 253367.0489359072 966581.7832112048 504188.70862629346 518920.60638234497 423842.79535396484 251690.2744550138 512018.6628509005 822020.4920479897
