critload/trunk/output/2010/nh3_tot_egl.asc
ncols 720
nrows 360
xllcorner -180.0
yllcorner -90.0
cellsize 0.5
NODATA_value -9999.0
[rows 112 to 139 of 360, columns 441 to 503 of 720]
31556.264387840187 21030.737559242967 21071.457363147598 52457.62946685298 86378.51558165648 23863.57076415724 53812.87538545709 0.0 0.0 0.0 45375.14588450271 84566.47599914127 105167.08098655404 93614.1012232605 108810.84397703793 96783.33814445595 78220.78790653395 0.0 85097.84527719788 93342.2797157847 52191.603429800234 52313.25476651703 32309.04161321836 23098.26475707698 24244.131339492196 20162.277731465983 4034.8279675595445 16115.779009742906 36250.6597750462 16123.59126083014 32243.245581567888 20174.043730752895 27893.9541412435 36305.53214451032 16162.748623674099 14255.497663197937 34045.092703627226 51900.09465487658 46960.62851476508 65981.62812223892 14270.64272363214 0.0 31285.400728598644 52796.189456223015 0.0 0.0 105365.14336045337 114061.63912613015 0.0 0.0 0.0 112308.32373355477 111693.65723507866 0.0 0.0 0.0 0.0 0.0 58699.891833813 228810.45985720807 0.0 120540.33321271127 0.0
21162.42379235413 21162.379988286542 31623.10376586892 42365.03724733849 30139.411991113815 48613.77976692045 44084.15456353624 0.0 0.0 5451.3269716339155 24434.43312314807 52936.341364551365 0.0 94464.36894914639 89844.85741966128 98779.45297604092 87573.84007374117 86270.59586208442 85195.5898379098 88337.03384865064 35814.81342743606 29320.180605386162 34964.48443549156 22566.30290257526 19812.702441458052 8093.06467532497 12147.37004558164 12166.700486420015 20255.92389760725 12155.131872869628 8096.951191618412 4046.532337655184 4046.532337655184 20248.1965481946 24112.368179732217 12053.536406052113 29706.30436056699 41443.48189311052 50708.76896128207 56093.688594474814 32616.694129793173 0.0 37666.948986391384 29591.17495290164 0.0 17952.009417736666 62449.20352683751 122188.31183389557 125269.71123035048 0.0 69376.22486320062 0.0 0.0 106651.93080250986 0.0 0.0 0.0 0.0 46671.075919020084 258351.10713763122 0.01322898532190955 158526.80913002818 0.0
10626.253700605273 21262.310525004992 21282.273944093275 21252.5074012233 42484.88739888364 41408.72949519405 27849.629042584445 0.0 0.0 0.0 7679.876158398722 41589.15307095918 0.0 0.0 77387.6880653466 91884.19612677363 0.0 74762.09469961385 0.0 74437.8079937387 0.0 22112.541382981322 0.0 15855.609109590416 12212.122475630891 12232.097221397265 20394.49083120326 16305.614083904009 16301.806866665062 4077.375365533528 8150.903433332531 4088.7970172210057 8166.172382769219 8177.594034456696 4081.188185418607 8150.926274918069 15929.928713620542 21752.104886650784 41667.423368223295 22686.048098245126 24024.58803315507 0.0 55241.79636983169 23716.512843427885 69692.15416402154 40301.51672635531 44358.911691889225 76421.17367766648 0.0 51910.62761696172 43762.2116442867 74479.13965769357 108733.84359273413 0.0 0.0 0.0 0.0 0.0 0.0 0.0080228665301856 0.0 0.0 0.010608755105841814
31997.695861097098 21380.849924518916 31877.696326250327 31818.94160505035 21162.579914518727 42356.37527523817 42061.220156330295 0.0 0.0 0.0018910991410459438 0.0 0.0 0.0006369103412280151 0.0 0.0 0.0 0.0 77396.90959880518 0.0 0.0 0.0 0.0 12936.889070449508 14048.629482842547 5199.364201218443 8196.50686227414 17949.36353076284 10311.425946254029 8219.073480858422 20508.207419121038 15666.369855747576 8188.954056973678 20538.309604063215 8200.274429976827 4096.366630477792 8222.81863795202 8198.92074316265 12867.189166432208 16066.040972557492 24551.952346893955 35541.34339907208 26888.727206526146 49130.34636342522 17120.03599022465 32763.349644243106 42509.05603720691 51103.355583865756 49475.08472230293 0.0 62652.66794168032 2959.2595442640722 0.0 71668.1919057656 0.0 0.0 49003.37213182986 26278.102019261863 4516.025401950033 0.0027160939534896095 0.03259505720164832 131181.42039557095 0.0 71496.54041916675
139595.78493032476 32261.333398122188 21459.11093025064 32212.92878976232 43024.79264332754 21231.65217647106 32193.524714785315 40115.04596898722 0.0 24409.774245860026 22831.485429256107 0.0 5469.516962251932 0.0 0.0 0.0 0.0 79973.15042645164 0.0 0.0 0.0 0.0 59064.18128108493 24509.532826638875 8267.41143475294 7961.6536179203795 39701.049438515955 38079.820248420285 6995.853458468657 13956.733441937562 33032.650137766206 28878.642996910025 33039.99952364948 4133.705717383894 4115.148873422746 8234.02609597693 4118.877222554184 12382.59392408966 12324.491410458957 20100.479191702594 20407.12308654164 5871.96262424958 3815.626185694995 0.0 1052.0863741759113 9247.017980714263 4621.508513116702 28813.64162650503 0.0 39726.62322503653 0.0 66085.87000003742 70178.83400474668 52589.871619520345 58346.47308504791 171708.14352119184 22677.524398296056 0.0 0.0 46182.57822011623 0.0 0.0 0.0
0.0 3675.5128306037145 129859.7307946455 32433.888818219395 21613.115892999424 21594.06562007133 32376.69419535633 10525.661610289557 20543.854179989154 31614.24327183525 27525.337099247557 0.0 58146.349801464086 0.0 0.0 0.0 0.0 0.0 0.0 0.0 0.0 0.0 76436.01522638461 29503.375834257367 20437.09030668044 20118.537830553116 31564.91937809906 27997.69899762451 20566.629517162917 7698.689290370752 28994.7717418986 24864.73748516816 37295.70795076222 12452.453386536772 8274.788833945155 4137.394416972577 4137.394416972577 4141.071480292035 12437.87356324407 8289.475538584591 24839.06398075677 54634.779801880606 78508.2070162468 17617.922396924623 1923.674854286162 9623.442722389822 6605.6305460748745 18196.178050500024 0.0 4145.819209918507 20107.153596302807 32734.412870927656 35849.79098930616 17866.04875084802 43648.88947612725 0.0 0.0 88366.55871181827 0.0 0.0 0.0 0.0026696801751019306 0.0
12033.292590673143 15699.036372962675 18473.07533603547 16634.750224823198 8323.057865751221 10839.822075013284 10886.828323048636 10849.273643148388 10824.505255706727 16572.111650541607 29827.703992072227 34250.94164026459 60610.50972085483 67039.41440418002 69906.32492080654 22944.985465840942 0.0 0.0 0.0 0.0 0.0 0.0 0.0 0.0 0.0 45287.90649970095 22854.325924136967 12448.596488148278 16373.758359373818 5686.589144093032 6824.616170655792 16631.446687653603 26004.525837193745 33181.79099883492 8351.13271917137 4162.94983470486 4166.564837895146 8343.924692446748 20868.84191255811 8340.30968925646 33372.14065509327 49792.754765154954 40877.70482192045 0.0 0.0 3747.355795276814 18667.442467139255 7941.483462686925 0.0 0.0 0.0 42414.175834017464 41041.229251984805 0.0 84417.59562632698 0.005307702111350808 0.0 0.0 42835.35550070422 46581.64808646826 0.024131433548964937 0.007749410295856915 0.0
6506.392994789428 11155.143665171116 18597.45447770341 16723.040403746214 15781.652189222139 13010.425567124616 54576.89118109023 10899.076611818142 10942.461724308643 10871.284621179966 10905.466388524974 21813.746345447424 32716.339636973516 43271.15116400767 141095.65602624166 136727.1379762037 46064.95943033899 25765.550336987766 0.0 52695.316728555044 76956.80601820172 70023.22181610309 0.0 0.0 0.0 43669.05069693817 48988.62743341939 11946.87724233036 7435.251751459903 35287.76160161917 17249.5580869628 7317.239222617738 20234.98505652697 39940.901132748004 20936.28792513083 0.0 4198.706818994827 20936.786130027944 12546.393907441627 4198.706818994827 20911.846573101277 9852.951928184251 8077.043231413507 17818.735300633965 9102.394288145983 9463.277002560279 0.0 0.0 0.0 0.0 4164.549909007933 0.0005885316838830949 0.002661854463969342 0.002661854738859315 0.0 0.0 127403.96048281348 107826.49365352238 44565.21682359243 0.0 0.0 73562.68755693208 0.0
16817.09094632213 19620.94706448687 16825.644897001694 16812.432036723905 14930.138896391072 13059.134608316665 76738.57878290009 10972.161999482785 10972.164245835678 10997.270710764133 21920.093422537033 32881.49501000735 43872.1637142526 58657.94827848921 53839.252672024275 76255.80897266236 4906.118541016036 -9999.0 -9999.0 24585.278043617658 0.0 75749.44516332202 0.0 0.0 0.0 0.0 37717.944805675485 32079.720416878834 8406.383040745619 9739.44844583582 33007.12681192872 65267.11022051541 38121.41854564525 52267.31184577609 16231.388805088161 4219.737449108614 0.0 4202.237351419675 4212.766888600042 8432.504337708657 15140.026383419847 4970.068195646669 0.0 0.0 0.0 0.0 0.0 0.0 0.0 0.0 0.0 93290.59171092084 82439.39437426631 0.0 81391.81027984002 14831.907414954781 0.0 42098.776169505596 46406.246225274845 52117.6823529235 0.0 0.0 0.0
25351.844372337557 25340.36006081863 25339.59466307411 25342.660268378924 23474.80665106108 23471.142815891555 23462.33863898674 16867.036508488636 132468.33663755158 33065.833129604674 43971.386816655504 65903.98230515789 175729.2561677803 117564.23885674815 30012.348211301047 0.0 -9999.0 -9999.0 -9999.0 -9999.0 0.0 0.0 0.0 0.0 0.0 50931.849153647374 43477.71382195079 39147.06937271649 41457.577104604694 33899.55617314379 10276.475780872517 53781.965596642214 54234.85584042499 56462.93348261938 40522.00076295092 19918.379008855594 4226.679996338921 4223.211524041232 4226.679996338921 12693.845784447389 10110.686819160728 4214.670928174038 0.0 0.0 0.0 0.0 0.0 0.0 0.0 0.0 0.0 0.0 0.0026909747591766296 0.0 161930.63898977317 130782.7528249181 0.0 0.0 0.0 0.022392759290740187 0.0 0.0 0.0
25470.018420707605 25445.925786980202 25444.41965088582 25446.67101748374 25461.238425311338 23556.42378117039 25434.5990854451 24511.030379221327 21660.808452987378 16016.43383529237 16032.291968212572 20734.500242663224 25437.2319083666 25415.727653376947 157619.95734858714 28084.294769470413 -9999.0 -9999.0 -9999.0 -9999.0 11416.717036021226 0.0 0.0 50715.160020667754 50044.96480772678 47267.67874188345 0.0 0.0 45874.81190062044 45108.36205434403 42362.23768518245 46730.19457457116 45306.2388728533 63356.78629106713 35661.90750466177 45508.16446916593 15843.4353019273 21223.524665842328 4250.681755682452 4669.053297308659 16799.782174731703 21294.047396099606 80484.06436182838 0.0 0.0 0.0 0.0 0.0 0.0 0.0 0.0 42327.990343757876 0.0 91078.54356779654 88904.49423685731 0.01139543039233826 0.005697715629179433 0.0 98936.93433197908 0.0 0.0 42553.55868802643 0.0
25580.433258928744 25550.10465972007 22716.289833664454 24586.66654915332 25415.040056987647 25561.298697466293 8523.672458515239 25582.193348719076 24639.293379325416 17986.36761432367 22641.57265722067 21696.499504878222 25526.034773841267 25560.15365936615 23666.60808249255 19802.646927789167 4835.532905588247 -9999.0 -9999.0 -9999.0 -9999.0 0.0002543661128478447 50508.321760662155 54793.917066578135 0.0 31878.991793299043 48525.157432404914 35519.87670260061 0.0 54624.86440156792 45685.08241467396 36398.90313417392 25576.92435806069 38965.507126038676 24325.94686047534 45640.786989336564 34051.45612461136 34233.87328819265 21401.14466676445 17639.401519252217 38404.61253240827 16308.049190155249 12809.347894405577 8558.468322032779 96064.01104825363 0.0 0.0 0.0 0.0 0.0 0.0 15581.46378155618 0.0 47568.14007839525 0.014250996467415364 141536.68533367585 219616.01674128498 496662.07782651833 0.0 0.033831645216414775 38240.62242932423 0.0 0.0
25656.402076355622 25643.393149847452 17076.760551887564 17494.949338412793 17986.406619354486 24594.060838174755 25642.596402116087 25630.052022311385 25699.954495182792 24620.743953343404 18893.52633971335 20917.489755343548 23710.911020903513 22174.432742069566 19056.401062220182 16763.57479122679 16295.627312899638 0.0 -9999.0 -9999.0 -9999.0 0.0 15813.462005011565 0.0 0.0 51966.194231203925 0.0 60878.07238725945 51301.87120158974 48845.501318818686 38303.625168706014 37445.25110976118 22342.708620243673 40909.57744457362 51173.43084539933 41869.17568696658 32896.04154642076 24761.506259520655 29992.754827606834 25718.437639878113 21437.517080711412 25767.768556091953 8597.992874008518 12888.815473335899 8498.720783712906 0.0 0.0 0.0 0.0 0.0 0.0 0.0028732832035100646 0.0 0.0 94911.09698608337 182297.28986414458 0.0 84846.80685330313 0.008159318314593813 0.0 0.0 51697.747901693845 170238.83035699886
22918.26738495379 24833.14345402646 25781.873177507558 22919.200428574575 10398.650449360237 14178.72093289429 19424.79730787782 25465.704169464145 25800.371086280342 25771.3080506344 18078.272189532006 18149.89631209045 25692.36292241565 23627.93231505516 8890.352604606485 8522.171092990955 10300.705838386393 13835.358225901691 1872.859701996658 -9999.0 -9999.0 -9999.0 -9999.0 -9999.0 44216.57076437124 46361.38185309005 57429.903668643296 0.0 46740.48578354307 33779.18018727728 25788.799617126053 0.0 26211.988874733834 48235.00386503613 42969.96419694165 25348.583336946853 12924.60133284102 7426.66245561444 11522.010480950124 13827.118037146223 14084.609546604974 25871.81539847792 22769.98859339299 27288.242213805155 17276.940615523694 97057.14290441094 0.0 0.0 0.0 0.0 89983.4551725082 12788.616425464123 0.0 0.0 276250.89163065155 0.0 41087.274934875924 36346.24526179357 0.0 114797.34311704048 81261.0887755659 58852.76426938007 55372.90326099167
23997.041225796653 24955.00609254158 25912.022240708848 25904.346566734574 23525.659627929752 19101.57711565568 14630.006610445987 23725.762360543733 25860.314881939954 25771.23044032573 25937.35424917336 22076.163599184234 19197.534941297166 19105.12133799715 11524.288313702064 14215.591116991278 8470.657481522358 7512.749962262515 13876.895199633365 0.0 -9999.0 -9999.0 -9999.0 -9999.0 -9999.0 977.2153181960471 27844.704463709353 31752.9197245376 34839.6257271143 22156.115083027504 51198.697295671765 25081.888160194863 -9999.0 30538.394370920985 43289.70536738272 47692.31465670366 26003.07819819827 26006.190686717393 34681.26268612796 34697.119052071444 43343.68734625315 30354.852044036805 38950.64221404175 21644.898366856596 17321.6286573739 142146.05175195338 39752.25019837449 43240.96382902406 0.0 0.0 0.0 0.0 0.0 47699.91546658934 331331.20373504894 0.0 41414.14532436531 0.0 0.0 0.0 359505.7474295646 176309.47311643013 168073.05847107692
22173.41752436624 22169.81734491971 24124.368314835036 23883.367712395007 25904.839755095738 18568.786122001773 10447.84111383964 23103.609386973563 21297.593943804797 24839.981663528375 26002.078435344487 25899.339531790152 26008.392202210944 23148.044989230162 19268.5947605667 17338.641831749854 10551.85084601129 5649.587655841531 9535.257509361929 6178.262065625844 31912.445539918095 82853.85727713686 -9999.0 -9999.0 -9999.0 -9999.0 -9999.0 -9999.0 -9999.0 -9999.0 -9999.0 2620.891363222367 -9999.0 10783.640908886302 13033.05315227806 17372.18483033084 4345.401907064553 13026.782923219307 17369.043897652802 25925.271158953827 34753.78082238426 21773.714962695492 21776.912352947675 85921.00384418113 12235.141875351004 50791.66930072869 0.0 0.0 0.0 45054.00476346114 48424.42099730892 171585.39704653452 0.0 0.0 277174.29749309365 0.0 0.008221880994194733 46255.215579523225 0.0 0.0 233841.3730566281 295445.6913687068 59230.77596997593
24213.057632297405 24213.20855175407 21292.62516659054 20335.750284409776 21206.805039421477 23146.642269819706 21016.5155026644 19702.650215833994 22851.197946167344 23332.92027838922 25917.711684514343 26035.224612025624 26021.664130420748 26062.800723057157 26150.08923259089 11616.931124559298 10449.341360649314 7518.042657121375 14372.06061504063 7708.382707440147 81070.59176772165 205731.72105854572 67736.70996938957 -9999.0 -9999.0 -9999.0 -9999.0 -9999.0 -9999.0 -9999.0 105391.61959327495 260534.95596372965 -9999.0 7375.225135755344 12550.240666380076 11633.046577263643 8787.673673314925 4373.233725223055 4360.958746606092 8728.07523825452 3177.702222373902 18794.939409672046 245343.3543281873 48549.53230624934 0.0 95009.68686526813 0.0 0.0 0.0 0.0 0.0 91337.51763257623 92302.52087490802 0.0 0.0 228918.6282239534 0.0 0.02868142392871339 46959.67973008802 0.0 117696.04714271578 289150.2394803474 118618.55513083188
24272.605443506818 21379.431383863208 17501.447048948092 11662.721178818254 23335.459147001624 18425.886194304963 9567.387775291696 10921.494747285713 18774.95394844467 23651.920961766315 25026.466887665083 25086.02999152817 24050.734145585546 25880.51056302436 26187.89508348107 21299.436136145556 6797.8410318078895 3844.7568316736315 5777.658732924984 1827.6687061631542 195874.7708045722 60800.880874322895 63403.92284729842 -9999.0 -9999.0 -9999.0 -9999.0 -9999.0 -9999.0 47122.53133112124 171134.1057917248 309099.2717414333 -9999.0 -9999.0 -9999.0 -9999.0 0.0 8630.90836736042 8199.40396245852 17687.50624597391 15114.507113477535 6861.930126421603 49246.80519293869 0.0 0.0 0.0 0.0 0.0 0.0 0.0 0.0 0.0 230079.82306735878 116701.89707803472 0.0 209655.9007153716 0.0 2884.3153405435187 13372.919834664519 0.0 46891.097073337856 271923.52696666797 297116.6978676977
21447.802392151258 10743.198528842535 18562.03208386969 17582.875792617466 19489.738602146685 19458.246996002898 6773.075712077289 9844.348977683308 14909.719106177328 18707.89072169677 20181.501227923545 22845.577967705813 15291.83205756561 9727.1106545963 26346.001905203877 26382.178513943683 7798.154625864212 916.8350316219122 0.0 1955.6905600032715 6842.471567697036 121641.89525622566 0.0 -9999.0 -9999.0 -9999.0 -9999.0 -9999.0 83381.57329149116 34583.817357504435 170932.26854391512 163458.7568283003 0.0 -9999.0 -9999.0 -9999.0 -9999.0 -9999.0 -9999.0 -9999.0 -9999.0 -9999.0 -9999.0 -9999.0 -9999.0 -9999.0 -9999.0 -9999.0 -9999.0 -9999.0 -9999.0 -9999.0 45375.51636715146 132264.92203999037 620657.3785198778 0.0 0.0 139692.6608582425 12351.567076404464 0.0 0.0 356203.5334234897 0.0
22538.410172975546 19605.787352739026 15681.045224758816 11770.981376480811 10776.315744934991 17567.237229300936 10742.520585978504 10789.269394591653 14703.80940516423 21132.2105865903 18048.18488001528 22271.900501734402 20205.035822870843 16024.905229990612 18846.753738956897 25482.249683178034 14548.271368326714 5682.361264938077 0.0 1958.2900258660572 0.0 0.0 367065.6386385773 0.0 30044.975125109075 16257.751690055833 73347.24401587274 76360.29664649467 53664.506505841666 46704.02264742479 27222.641597625105 152157.16749357042 94817.6545824534 0.0 -9999.0 -9999.0 -9999.0 -9999.0 -9999.0 -9999.0 -9999.0 -9999.0 -9999.0 -9999.0 -9999.0 -9999.0 -9999.0 -9999.0 -9999.0 -9999.0 -9999.0 -9999.0 -9999.0 0.0 514777.1810520567 375405.2218261365 49941.369586683046 67669.1583986254 0.0 0.0 0.0 558392.1570000849 0.0
25540.151526063342 18710.998672460388 9847.617593097722 12789.887884993042 6862.509399813872 16724.41444948398 22654.33199452391 10812.075819865959 10787.93080874446 19442.242077910458 20446.896159678465 19489.848231374617 16262.682903913768 10069.703429667801 5890.646943874864 26588.833230516073 7852.74259590626 11645.08453367884 0.0 0.0 0.0 0.0 542175.3630302348 105637.75516978969 0.0 0.0 36664.3919490203 0.0 0.0 61850.74412353833 25308.815849506165 90338.42075269076 152873.82613969257 128709.96555301169 55339.40695187455 32279.515653215076 5178.783964539011 -9999.0 -9999.0 -9999.0 -9999.0 -9999.0 -9999.0 -9999.0 -9999.0 -9999.0 -9999.0 -9999.0 -9999.0 -9999.0 -9999.0 -9999.0 -9999.0 0.0 0.0 0.0 180268.28129500643 242263.97634203848 184400.32658100166 60197.75068941496 518532.98809289053 433104.7959148276 0.0
23641.725104883455 23702.61293557596 21628.26804209289 7890.57315458562 5925.567642780806 12826.702388981485 16798.59523580998 15776.979441016198 10862.429682455075 15816.156565754354 14641.689846038247 11251.816469214613 20223.08742484716 4363.357510913423 0.0 25699.936813081298 7881.12883339573 9508.212554844727 0.0 0.0 0.0 0.0 0.0 62007.69897148157 0.0 0.0 8633.158128606334 0.0 0.0 61234.44319787086 30687.78824336177 30668.47657528145 60352.50663427793 116357.75211217489 152248.19166444236 153198.28949347325 114982.31189773168 0.0 -9999.0 -9999.0 -9999.0 -9999.0 -9999.0 -9999.0 -9999.0 -9999.0 -9999.0 -9999.0 -9999.0 -9999.0 -9999.0 -9999.0 -9999.0 -9999.0 -9999.0 0.0 0.0 453258.4472264943 420860.55178311 0.0 0.0 467657.52524419414 0.0
21576.674326891967 21712.41601221243 8863.055823556992 7842.467791243869 6946.60413241435 2978.675239260309 2978.6701735646207 16870.685993079518 15873.5748737188 22811.10634741411 5950.690715225639 9883.46311575354 12288.732691037636 992.3235477119108 3972.168305891548 24801.120523439975 991.724208236465 990.5166508838106 1980.9376941754172 0.0 0.0 0.0 0.0 0.0 0.0 365147.95953844493 737338.2152164672 469453.3933771843 186945.93667764118 179219.58534782234 0.0 0.0 30783.45244240724 53192.349968550225 86155.7974330224 91509.92695968004 92417.91400401026 78228.40967190923 19509.521519025868 -9999.0 -9999.0 -9999.0 -9999.0 -9999.0 -9999.0 -9999.0 -9999.0 -9999.0 -9999.0 -9999.0 -9999.0 -9999.0 -9999.0 -9999.0 -9999.0 -9999.0 0.0 0.0 0.0 411083.30835783016 0.0 0.0 0.0
12748.281807594225 3953.862797920436 1991.7492241436769 6912.3960716078145 0.0 5969.31440620769 9951.606550160397 19911.528963387347 17926.881842770847 15927.446813273173 7958.527820174441 8269.799257521152 15250.620459161451 3969.01084904965 6958.15854361834 18892.77539920325 2981.7406331149164 0.0 0.0 0.0 0.0 0.0 0.0 0.0 0.0 0.0 0.0 0.0 0.0 124894.49875001196 0.0 0.0 0.0 0.0 30969.840784824435 27359.898580653728 27112.411578235362 46945.47241575451 0.0 -9999.0 -9999.0 -9999.0 -9999.0 -9999.0 -9999.0 -9999.0 -9999.0 -9999.0 -9999.0 -9999.0 -9999.0 -9999.0 -9999.0 -9999.0 -9999.0 -9999.0 0.0 0.0 0.0 0.0 0.0 0.0 0.0
10784.55858554604 12978.835418891584 18632.731208905116 24897.952514536937 8984.796885406868 1998.1784505594328 14987.27572382098 8992.705199025639 9988.032333792664 8988.622249340202 13977.572912976588 16050.606591416237 9819.91008625184 3987.609558545018 12973.791700149188 4989.366432914569 0.0 0.0 0.0 0.0 0.0 0.0 0.0 0.0 0.0 0.0 0.0 0.0 0.0 0.0 2999.30093088039 0.0 0.0 0.0 0.0 0.0 0.0 31096.419693946453 0.0 -9999.0 -9999.0 -9999.0 -9999.0 -9999.0 -9999.0 -9999.0 -9999.0 -9999.0 -9999.0 -9999.0 -9999.0 -9999.0 -9999.0 -9999.0 -9999.0 -9999.0 -9999.0 0.0 0.0 0.0 0.0 0.0 0.0
16336.928875159227 23001.115096555448 26665.71470102354 27052.033253951064 19645.22884933259 12038.917614168266 19052.959902571667 19048.44369261076 9016.272243080144 11024.728414091689 11884.659095356934 4893.844238527733 5011.249945976773 2004.9695534345633 9018.551040937788 0.0 0.0 0.0 0.0 0.0 0.0 0.0 0.0 0.0 0.0 0.0 0.0 0.0 0.0 5015.327829984389 2006.2049955522193 0.0 0.0 0.0 0.0 0.0 0.0 0.0 -9999.0 -9999.0 -9999.0 -9999.0 -9999.0 -9999.0 -9999.0 -9999.0 -9999.0 -9999.0 -9999.0 -9999.0 -9999.0 -9999.0 -9999.0 -9999.0 -9999.0 -9999.0 -9999.0 -9999.0 0.0 0.0 234.83155004021876 0.0 0.0
23977.896246154894 26655.43172362607 26977.443866848953 27047.11293551427 19038.40033217394 9041.328218945351 10055.651038661086 11057.378630517294 9537.927130336835 11648.032767773571 11698.405650626375 3013.8603794172445 1006.094131176703 0.0 0.0 0.0 0.0 0.0 0.0 0.0 0.0 0.0 0.0 0.0 0.0 0.0 0.0 0.0 0.0 375124.9579838908 62439.53918946415 31219.769594760866 0.0 0.0 0.0 35877.49604144902 45556.25173240231 -9999.0 -9999.0 -9999.0 -9999.0 -9999.0 -9999.0 -9999.0 -9999.0 -9999.0 -9999.0 -9999.0 -9999.0 -9999.0 -9999.0 -9999.0 -9999.0 -9999.0 -9999.0 -9999.0 -9999.0 -9999.0 -9999.0 0.0 0.0 0.0 0.0
26469.370966527807 24947.503703513514 26950.078890102584 23277.861819354937 17910.39568366589 11060.179290524928 5042.295197500218 8883.923330403131 9447.0992774241 7368.021376608384 13799.215141491171 6050.763794932483 1007.8273569701033 0.0 0.0 0.0 0.0 0.0 0.0 0.0 0.0 0.0 0.0 0.0 0.0 0.0 0.0 0.0 0.0 31339.926134209454 0.0 0.0 0.0 0.0 0.0 0.0 41445.66729225731 -9999.0 -9999.0 -9999.0 -9999.0 -9999.0 -9999.0 -9999.0 -9999.0 -9999.0 -9999.0 -9999.0 -9999.0 -9999.0 -9999.0 -9999.0 -9999.0 -9999.0 -9999.0 -9999.0 -9999.0 -9999.0 -9999.0 -9999.0 -9999.0 -9999.0 -9999.0
