critload/trunk/output/2010/nh3_tot_egl.asc
ncols 720
nrows 360
xllcorner -180.0
yllcorner -90.0
cellsize 0.5
NODATA_value -9999.0
[rows 112 to 139 of 360, columns 441 to 503 of 720]
33434.51031479074 22282.4984354966 22325.641904157306 55579.93595004891 92601.81452685647 26358.339557979496 57542.24374289663 0.0 0.0 0.0 52162.83638264056 93844.42560965117 117247.62184539094 103066.27155429752 120456.22093477196 109141.57052624649 90474.89656299814 0.0 96813.50064903013 104205.47361137923 57456.25609271198 57834.66340718298 36466.7717651722 26503.581535926147 26515.688749955203 22051.385274705524 4412.871760562905 17625.74926697104 39647.17061278629 17634.293488059637 35264.28116385257 22064.25369100616 30507.48222972745 40077.330585392 17677.11970570795 17277.271055916975 39700.2664328325 57145.12431722365 52247.720869977755 72406.52280034371 34041.401738932385 0.0 77366.05591506226 131770.54180366464 0.0 0.0 263174.4454981896 285138.7797832886 0.0 0.0 0.0 289988.966778141 289245.53289739206 0.0 0.0 0.0 0.0 0.0 150807.67305875284 1367780.7785773403 0.0 917162.2512981987 0.0
22422.02270443915 22421.976293129763 33505.32800875699 44886.62718196916 32029.70717947479 54420.542151312446 53299.3422613564 0.0 0.0 11081.796368912528 28814.874836681403 58623.43158350156 0.0 105064.96503257811 100067.37107126036 109621.3122350307 96688.10545834272 96426.75726499045 96527.5844202334 98933.43136778628 39619.63751184428 33116.30184755153 38379.65306206389 25225.003338442886 21709.855899206446 8851.345546648441 13285.519647985802 13306.661257288786 22153.805631997664 13294.008720809952 8855.59621065102 4425.672773316235 4425.672773316235 22145.35426745839 26389.391940436737 13192.412217083447 32748.136524286463 45621.6573364639 55646.67279780889 61407.834014250824 78888.20918173944 0.0 110484.83506941346 148580.8609202769 0.0 44401.85480022494 155070.51132498 307473.95504205197 317095.82278885006 0.0 175175.45592619813 0.0 0.0 298382.6810782838 0.0 0.0 0.0 0.0 158717.0376671905 936278.9037662315 734878.4108343073 623950.9880212918 0.0
11258.734069213035 22527.85474945183 22549.006402043604 22517.468138439584 45013.61087936808 43873.39947509559 30241.475908590353 0.0 0.0 0.0 13341.41086219735 51048.834215668 0.0 0.0 87324.7348110582 102955.95012177233 0.0 82786.49482223828 0.0 83991.39287664327 0.0 26901.055383077914 0.0 18531.954384534758 13357.138286286223 13378.1853488571 22305.3556145818 17833.37096600387 17829.207030992227 4459.405643175597 8914.603515496114 4471.897448178412 8931.303091370071 8943.794896372885 4463.575705774117 8914.62849722733 17839.00509588479 24652.96900431766 45870.10291546485 25359.537454749086 57322.12787383575 0.0 155036.77174367307 136937.80849176264 176108.14865420415 100102.0889209396 110868.39637524998 196210.49833315943 0.0 158322.51878761745 143649.09099549183 194275.6144712532 288327.04344195564 0.0 0.0 0.0 0.0 0.0 0.0 268990.20806134166 0.0 0.0 921725.8015329677
33902.21602813141 22653.449678149558 33775.07405605596 33712.822222066374 22422.188119079437 44877.44964460367 44564.72673335214 0.0 0.0 7537.080129125105 0.0 0.0 10769.61428998575 0.0 0.0 0.0 0.0 85851.30228060676 0.0 0.0 0.0 0.0 17817.442507280583 17119.452926764454 6733.894693227316 8964.479764342228 19869.825036188347 12148.42342379721 8989.160765535496 22429.72689473664 17204.426870446103 8956.219297851114 22462.649508273225 8968.600334848546 4480.1762974497615 8993.25682566745 8967.244511103154 14401.011493149528 17985.439639314296 26860.45443632229 38999.51045179568 87103.56870865707 156179.48317741606 97310.25332345998 113143.46081022653 136233.070280321 124687.07676339919 163165.08199890004 0.0 189741.59791192185 69878.0372920723 0.0 212097.71696610752 0.0 0.0 122641.15123404023 66500.5678109335 11194.152551446981 67906.28583179244 887182.7438694545 671024.6519588304 0.0 1153610.9452244886
147904.6015647133 34181.54541397684 22736.368821278287 34130.25973714258 45585.651576026874 22495.37159942831 34109.700721126166 46978.35975081404 0.0 32648.90948898186 28504.128677304543 0.0 15007.67685501244 0.0 0.0 0.0 0.0 91440.76753366124 0.0 0.0 0.0 0.0 65636.62164477666 26827.479771974286 9042.027751047528 8735.229404393525 43568.58400553174 43552.98649183575 7769.429232716208 15502.842207173288 36127.64909470744 31584.59402908609 36135.6870823695 4521.013875531884 4500.718345378004 9005.514368101343 4504.79602272334 13542.782861987454 13483.98598421573 22402.125180608 22338.797107752882 19349.133390009225 37476.06357046181 0.0 14530.244430739884 22674.244326226835 11366.731148063565 143173.28415681934 0.0 152836.9147242513 0.0 173791.70783345675 197971.41378869367 153461.753735871 145700.47312341756 447548.0671608924 56300.78510253575 0.0 0.0 115406.51402853691 0.0 0.0 0.0
0.0 11907.177676341882 137589.05222009047 34364.37142602332 22899.54024271996 22879.356087241802 34303.7725482676 11152.154683265719 23720.268317488342 41220.200426612064 32646.396972837996 0.0 63250.8657544911 0.0 0.0 0.0 0.0 0.0 0.0 0.0 0.0 0.0 85374.71120884921 34168.9512444925 23869.838128680585 22433.64145977116 34677.81514962453 30712.65151077283 22895.305281136127 8477.08405383752 31711.44109551268 27194.442678673935 41155.331265462795 13619.187816924708 9050.096376729583 4525.048188364792 4525.048188364792 4529.069774666536 13603.241934968983 9066.159154295365 27166.36369153431 59766.1862835896 199044.53246948234 64973.142395229814 8671.704934712368 23137.926119580105 20114.113758352963 126197.81415738429 0.0 24315.749608397782 101015.19288124848 127383.68532428867 96667.94978699065 44883.01501813599 113057.56852284624 0.0 0.0 226813.75184747402 0.0 0.0 0.0 551382.5111227223 0.0
38983.009857979145 50858.53976178785 59845.30605447345 53889.87487114928 26963.34726212791 11485.014148797147 11534.818234143928 11495.028279380545 11468.785664119721 17863.0583740679 31767.770088174806 38069.9254610157 67565.51859085605 75299.26636790903 76914.57608440971 28801.787308655134 0.0 0.0 0.0 0.0 0.0 0.0 0.0 0.0 0.0 49968.57831958563 25193.255875714553 13619.078191489318 17938.67953472561 7629.619796007733 10715.368135008408 19751.240828443442 30649.465526098887 36311.63233659926 9133.593313380934 4552.9980246767445 4556.951736116494 9125.709929544448 22824.1510894653 9121.756218104698 36498.94822541057 54458.09416174165 108540.84669162837 0.0 0.0 10552.7376101355 59531.57678424574 48652.0554319427 0.0 0.0 0.0 103580.01989878953 459542.13118834747 0.0 223897.9534408146 139359.8673299897 0.0 0.0 112424.6961318657 116231.43345647515 1205999.76877623 475990.7467619157 0.0
21078.08651244423 36138.16186964444 60248.244258562874 54175.89940594588 51167.837518106346 42148.526209097254 57825.337267947296 11547.795547686794 11593.762965542215 11518.349362731558 11554.565647359812 23112.112328230138 34663.63387030347 45846.67348912728 150672.7673929802 146998.64732905137 51558.57298828166 28296.810667045927 0.0 59042.70888665489 85517.07014883726 79437.45719900579 0.0 0.0 0.0 50333.95818124464 54876.97945779305 14303.280427439464 8220.384087966851 38781.99946563341 20695.239670868854 9621.12223264896 24150.275121625284 44681.32390605588 22900.29084168796 0.0 4592.105264808107 22898.461350268695 13721.930108592807 4592.105264808107 22871.185077930073 23503.37692543262 28563.430986430856 45153.93769535269 22781.814766701158 29911.816205986823 0.0 0.0 0.0 0.0 17849.817036449673 6839.740263345226 69890.07615787991 69890.0843337142 0.0 0.0 337430.83856242715 318335.7465403263 184880.33926568818 0.0 0.0 1474211.1186457674 0.0
54480.58519337757 63563.94703064316 54508.29654013936 54465.49220719558 48367.62236049416 42306.32383752309 81306.10050433988 11625.231017161299 11625.233397218331 11651.834212520847 23227.72600882064 34843.0247139182 46489.33645150666 69510.44854953041 64438.69009126404 91327.78578322161 5635.235030564847 -9999.0 -9999.0 27056.07400332683 0.0 84811.81423326046 0.0 0.0 0.0 0.0 43635.057949833754 36422.56386916196 9196.794839363794 10925.229150325835 37342.144256409825 71583.85924032352 44009.466851503224 57386.047101719116 17809.263353030066 4615.106362867836 0.0 4595.9665909817695 4607.4826946790345 9222.58905754687 16558.573356469824 11855.674015139073 0.0 0.0 0.0 0.0 0.0 0.0 0.0 0.0 0.0 234092.6812828959 223049.02277757914 0.0 222410.83615964267 85370.50878073864 0.0 112462.32677951768 116652.31680149384 682523.3607002939 0.0 0.0 0.0
82129.74060406379 82092.53607124113 82090.05649155875 82099.98781508618 76048.89619336321 76037.0268465942 76008.50486788507 54686.90940152148 140352.92369391024 35033.92940467703 46594.478660161214 69835.45253965419 208241.50482565007 139315.18602592306 37123.2157463511 0.0 -9999.0 -9999.0 -9999.0 -9999.0 0.0 0.0 0.0 0.0 0.0 57671.6018606423 49029.73707663143 44213.81032252229 45425.19673630665 37075.78001710044 14514.573937945957 58934.411750220635 59743.143298881114 62015.60090057845 44493.48607655494 22245.68471286702 4622.699393070193 4618.905941756326 4622.699393070193 13883.197510651164 11058.009090572588 4609.5651335177245 0.0 0.0 0.0 0.0 0.0 0.0 0.0 0.0 0.0 0.0 141309.32940619587 0.0 515664.23687508755 343092.64269280294 0.0 0.0 0.0 1190378.6255997485 0.0 0.0 0.0
82512.57681101662 82434.52640452787 82429.64713164621 82436.94065049148 82484.13317063253 76313.30274407711 82397.8324644218 79405.84272362979 70229.44835840483 51929.05497330785 51938.15334692769 67171.40975916346 82406.36174775215 82336.69664338164 186781.74496730513 34230.08229279582 -9999.0 -9999.0 -9999.0 -9999.0 12490.17607340003 0.0 0.0 57480.61408821525 56358.06392822837 53233.45928028338 0.0 0.0 51787.10840381151 49496.29142506312 46348.72575357686 51108.58694886642 49690.354255123224 69337.14875378461 41157.98071803198 49891.97230968009 20575.79078578177 23212.065894882227 4648.95000074479 5465.906342466595 18396.343637564776 23289.196262603546 223019.73874763033 0.0 0.0 0.0 0.0 0.0 0.0 0.0 0.0 113553.57441330474 0.0 233133.46541699808 231015.73575766076 356071.4724338908 213620.36236175103 0.0 398981.83858901326 0.0 0.0 255816.97086479867 0.0
82870.27630967072 82772.0238926351 73591.60793686935 79692.83882655244 82684.30610229046 82808.28805562486 27613.257549644368 82875.97828999991 79821.36306104327 58316.04477122906 73349.55445035094 70287.89898600758 82694.04717999196 82804.57859446041 76670.25539625193 64152.58123104456 15680.404347546399 -9999.0 -9999.0 -9999.0 -9999.0 2801.759327089013 56911.53456860477 61602.92074608439 0.0 38659.02031428176 54065.033740274186 41924.34129770788 0.0 60219.315111707416 50474.73444989709 40800.99202110923 28779.164538826575 42969.93964751459 29117.976100651904 50043.50579055445 37254.3214097788 37441.421022846785 23406.328027613126 19639.210570660784 42002.93828689082 18652.694105817016 14009.521607593568 9360.355255694873 239218.8295098283 0.0 0.0 0.0 0.0 0.0 0.0 86919.41602764028 0.0 118962.08489326682 713263.9132176334 2051468.3012718337 1973863.7238735452 2296159.9945320874 0.0 1264551.7200609224 252524.4564674379 0.0 0.0
83212.10186205312 83152.59445761122 55429.21543332302 57971.051038264406 58396.44463247938 79968.22533754767 83156.02787600475 83134.28555522142 83257.47686147488 79761.27040972047 61257.26725587942 67764.22190288652 76813.77903051896 79303.7576932944 76247.68942188112 55046.15126030722 52791.253548766625 0.0 -9999.0 -9999.0 -9999.0 0.0 17405.53919567512 0.0 0.0 59196.808045190104 0.0 67621.64485183469 56128.645229511625 53669.19657306965 41920.01644329101 41059.17279570302 24756.09033818454 44930.14419889879 55968.132888047054 46290.23364464923 36110.40570255889 27172.42850417357 32802.93035152302 28128.130393490275 23446.108360172664 28182.083377070492 9403.583066314053 14096.434912884753 9295.009663086028 0.0 0.0 0.0 0.0 0.0 0.0 71836.24171952579 0.0 0.0 1016512.9548111086 2559399.011240252 0.0 1781671.589045855 423325.4815593804 0.0 0.0 83697.50431103815 266189.51220474136
74274.10403737274 80449.35904103781 83536.93726618282 74266.17706118281 33938.19785723461 48379.33931888315 64236.731436392074 83200.40135681153 83582.78607598649 83488.63357395504 58614.021074029755 58846.24336745668 83364.78494357417 79064.42104483691 34419.09679290349 29705.81228922054 33717.99002926494 44820.97497795718 6073.20805936286 -9999.0 -9999.0 -9999.0 -9999.0 -9999.0 48359.44879033945 51606.087007166185 63892.875839109365 0.0 51184.15787682937 37010.35720667712 28213.17222655445 0.0 30375.361574195354 54931.93105916531 46996.04123934301 27769.319232073365 14135.573733698753 8234.381404503398 12732.982851227509 15433.865446976479 15988.155045295127 28295.878903480134 25187.235899626077 30056.965200349594 18895.70607821501 241691.9288275274 0.0 0.0 0.0 0.0 234360.30751911693 84788.22506846058 0.0 0.0 2193611.5513361124 0.0 1101665.1581691825 251252.4702005931 0.0 178869.52862265843 145333.2781973171 90996.9427879524 87112.13145333008
77740.72537658058 80844.14479088622 83944.49074002124 83919.62465520272 77231.6883518944 68335.48944821864 59564.75386960915 77323.8424627112 83776.97977314089 83488.38214788813 84026.55622029219 71576.12767804058 62242.93482372575 62051.82487275245 37364.45999931666 46352.19457910283 27707.492445815282 24646.512222512338 45243.76211798475 0.0 -9999.0 -9999.0 -9999.0 -9999.0 -9999.0 1069.0981783451439 30453.618096496833 34728.01415436431 38112.02276867716 24367.210519925484 55995.766682051 27440.217567426003 -9999.0 34038.43450477821 47345.740605232495 52160.853011967236 28439.440390303254 28442.844503886667 37930.72863546306 37948.07066591883 47404.780433461085 33198.95431928806 42600.1282989267 23672.92026607229 18944.581172643117 359583.86642781104 112074.43989985263 187778.59095913082 0.0 0.0 0.0 0.0 0.0 120204.66443173093 2356836.293098853 0.0 326973.78501647117 0.0 0.0 0.0 550944.8746511039 272884.5770047709 360985.32492681744
71832.9208256294 71821.25769770349 78153.21373999148 77858.54921206931 84140.15545991091 65886.09168805194 42684.317312893254 76763.18703105702 74862.3180792158 80471.51207907088 84236.2364527428 84189.04472254994 84326.72949415131 74990.3203307404 62473.32751283422 56215.96505830398 34321.032014986784 18540.73528879544 30890.384712654282 20077.54753952793 68055.13101608306 102995.46788491285 -9999.0 -9999.0 -9999.0 -9999.0 -9999.0 -9999.0 -9999.0 -9999.0 -9999.0 8645.699527639703 -9999.0 11880.920785285538 14254.18696212466 18999.874213575105 4752.544970481042 14247.329243042683 18996.43899075317 28354.34320920522 38010.04136903858 23813.806351585656 23817.30332178235 231485.7595119059 85082.70769021925 196486.77676977665 0.0 0.0 0.0 117640.76697828865 121063.6967005718 462560.08858154627 0.0 0.0 942594.762858727 0.0 1069677.9666737593 332561.7207301747 0.0 0.0 363219.37580893945 457365.3235993964 91633.3224242343
78440.53132251353 78441.02024062326 68979.50918394653 65879.62087957525 68771.08760526628 74985.77608616282 72875.31302949859 71496.00942869202 78854.18318839268 79101.94226784789 83962.92224098282 84343.61668326399 84299.68619756371 84432.95214985275 84715.7316802266 37634.16680312157 34030.63562402227 24680.339410812634 46559.67403882941 24972.047908660174 100865.7579514639 256632.68219481138 84005.54446228185 -9999.0 -9999.0 -9999.0 -9999.0 -9999.0 -9999.0 -9999.0 150015.643351618 338930.71842950536 -9999.0 8068.682112021001 13726.137290169236 12723.006567531458 9611.036035687248 4782.984494888092 4769.559410365077 9545.853516589445 3996.91740971959 22069.21475776789 610954.6063085295 121835.63990006561 0.0 240808.29730981332 0.0 0.0 0.0 0.0 0.0 237181.72360194288 238249.61596514838 0.0 0.0 1260089.783072017 0.0 932025.1133971405 190525.5967920011 0.0 182271.63015327867 450297.9310603938 183698.4472961828
78633.44218991794 69260.72628210777 56697.6226745167 37782.508092350894 75597.46653822085 59692.43228668229 31181.626965405554 43259.745298404756 68680.66013002516 79756.8874976706 81223.91323460871 81268.60932603631 78047.66576888996 84420.03572359792 84838.20737396015 69001.57397554908 22022.260487652442 12465.608194942879 18717.281711925403 5920.908733217515 238824.90675419793 74143.3810885248 79267.33067774033 -9999.0 -9999.0 -9999.0 -9999.0 -9999.0 -9999.0 61171.05822728586 232426.4313776975 403216.52567725535 -9999.0 -9999.0 -9999.0 -9999.0 0.0 9442.431203434866 8970.354513028364 19360.771033756188 16912.578075047837 7992.113799717698 122634.51178855906 0.0 0.0 0.0 0.0 0.0 0.0 0.0 0.0 0.0 596836.2789640368 335859.32247202215 0.0 1313881.276458729 0.0 1226366.361372951 948484.7007429659 0.0 120379.7339284408 435119.43516361364 623168.167558288
69482.22074590556 34803.6259403103 60133.49000343212 56961.41892922146 63138.88458474018 63036.86449476927 21942.0308500932 33809.12876362932 64783.44438817095 62340.320551757606 68031.89750639418 75032.18297741517 49821.249766297966 31609.27742344692 85350.40964473439 85467.60725166579 25262.87268122554 3105.3532085136726 0.0 6335.647854092401 22166.84540548965 148314.76677217003 0.0 -9999.0 -9999.0 -9999.0 -9999.0 -9999.0 107320.19059225253 44512.734932932464 220084.09277810072 199680.13923332188 0.0 -9999.0 -9999.0 -9999.0 -9999.0 -9999.0 -9999.0 -9999.0 -9999.0 -9999.0 -9999.0 -9999.0 -9999.0 -9999.0 -9999.0 -9999.0 -9999.0 -9999.0 -9999.0 -9999.0 117366.69413734705 348492.36767473875 1818707.5149464004 0.0 0.0 1442435.7550128067 84480.10162198858 0.0 0.0 552431.8355823534 0.0
73015.3496506257 63514.83568492816 50800.255705075804 38133.227425476514 34910.91235021624 56910.756297748056 34801.42967913303 34952.87694539726 47634.4061836943 69144.05931671805 61735.6707852822 76759.59735643516 66189.8328572587 57329.21017744622 64792.13943330347 82552.2011633597 47424.08658471504 18781.682156151644 0.0 6344.069074019604 0.0 0.0 489023.48134675244 0.0 51516.93893542807 33969.2568568445 95953.7365734094 98283.12499134657 69739.41268913838 79492.1472600595 59822.834066488285 180456.05248305615 117722.26316349531 0.0 -9999.0 -9999.0 -9999.0 -9999.0 -9999.0 -9999.0 -9999.0 -9999.0 -9999.0 -9999.0 -9999.0 -9999.0 -9999.0 -9999.0 -9999.0 -9999.0 -9999.0 -9999.0 -9999.0 0.0 1483479.9135846335 1107511.911606077 344214.3532884112 133392.93172918705 0.0 0.0 0.0 920401.6907401213 0.0
82739.77975791183 60616.08160899498 31902.305276519714 41434.07315547047 22231.759891783164 54180.35075940023 73390.88955195555 35026.76055577192 34948.540467672356 63425.092519178506 68868.9647819215 63494.82707270013 53616.97995589837 36388.74170617672 19083.31789928684 86137.08510177504 25482.662247337084 40141.005186586415 0.0 0.0 0.0 0.0 697832.3986693863 137813.79502129206 0.0 0.0 52854.96555097404 0.0 0.0 79607.92037835234 30556.243682168395 107370.21865612421 181275.98058161116 155435.06042218884 71423.17163958277 39136.901194308026 6203.280924289778 -9999.0 -9999.0 -9999.0 -9999.0 -9999.0 -9999.0 -9999.0 -9999.0 -9999.0 -9999.0 -9999.0 -9999.0 -9999.0 -9999.0 -9999.0 -9999.0 0.0 0.0 0.0 279399.7366411166 374502.39314521325 283510.47517992917 93283.6461721177 948397.1745481822 960875.0766055065 0.0
76589.64459466776 76786.89658419858 70066.85659330065 25562.27140265271 19196.44686539816 41553.33728547346 54420.66655849087 51111.043834750104 35189.88674146945 51237.96190213414 47807.63150901094 37792.028040002086 70893.80418280535 15393.642733047427 0.0 83257.41957860472 25552.477951697398 31513.481100107452 0.0 0.0 0.0 0.0 0.0 79809.93652569415 0.0 0.0 25332.290410311012 0.0 0.0 79036.68083392 36389.217475416226 36366.3179271003 71758.94526045723 138524.25409919227 180762.47830604244 181744.68669441098 136907.67300114903 0.0 -9999.0 -9999.0 -9999.0 -9999.0 -9999.0 -9999.0 -9999.0 -9999.0 -9999.0 -9999.0 -9999.0 -9999.0 -9999.0 -9999.0 -9999.0 -9999.0 -9999.0 0.0 0.0 818118.8897140743 882587.1346857476 0.0 0.0 897723.8161780434 0.0
70099.77227740294 70339.46204388543 28712.72263497865 25406.429446742266 22504.19287429948 9649.705210841828 9649.688800032945 54654.211507234635 51423.97403875762 73898.77516166258 19277.835477317956 32018.430298206567 43349.21876754352 3217.346919442947 12868.221649172114 80345.61767438127 3215.403719546631 3211.488533882064 6417.438375921923 0.0 0.0 0.0 0.0 0.0 0.0 472338.274111529 949025.9617835453 611369.270473525 240617.59406426316 230673.02880162283 0.0 0.0 36502.65495471812 63621.98822190054 102667.50741880052 108591.88721883221 109593.03538641255 92805.5261528747 23369.007765081962 -9999.0 -9999.0 -9999.0 -9999.0 -9999.0 -9999.0 -9999.0 -9999.0 -9999.0 -9999.0 -9999.0 -9999.0 -9999.0 -9999.0 -9999.0 -9999.0 -9999.0 0.0 0.0 0.0 817915.3007529504 0.0 0.0 0.0
41365.792952733485 12808.919193728932 6452.463368138864 22438.430318767907 0.0 19338.168717258286 32239.187514506448 64505.31506803034 58075.85964802588 51598.49737348848 25782.417084192766 28300.196322425676 68419.58900683161 12890.42236729509 22559.990647128514 61254.83252968307 9667.50619054668 0.0 0.0 0.0 0.0 0.0 0.0 0.0 0.0 0.0 0.0 0.0 0.0 160751.36125001538 0.0 0.0 0.0 0.0 36723.67205354957 32519.013390469932 32505.98422953987 56652.634827925045 0.0 -9999.0 -9999.0 -9999.0 -9999.0 -9999.0 -9999.0 -9999.0 -9999.0 -9999.0 -9999.0 -9999.0 -9999.0 -9999.0 -9999.0 -9999.0 -9999.0 -9999.0 0.0 0.0 0.0 0.0 0.0 0.0 0.0
35138.282549136966 42046.18688254104 60785.88684025325 80748.30227058458 29107.11452551516 6473.291466089284 48552.722613826336 29132.734268859513 32357.192347491393 29119.50716026578 45281.69314851734 56310.164367831225 34389.92755188227 12928.770418386466 42064.09175335591 16163.532912856605 0.0 0.0 0.0 0.0 0.0 0.0 0.0 0.0 0.0 0.0 0.0 0.0 0.0 0.0 9716.524124592539 0.0 0.0 0.0 0.0 0.0 0.0 36873.76783156115 0.0 -9999.0 -9999.0 -9999.0 -9999.0 -9999.0 -9999.0 -9999.0 -9999.0 -9999.0 -9999.0 -9999.0 -9999.0 -9999.0 -9999.0 -9999.0 -9999.0 -9999.0 -9999.0 0.0 0.0 0.0 0.0 0.0 0.0
53996.06073255819 74514.32679768116 86922.13516231526 87637.666172477 64290.68367594425 39001.23266314318 61723.897936407084 61709.26723943863 29209.081977001533 35715.66910798746 38791.77903171656 20567.718862828107 16234.426660266385 6500.584039543866 29216.464362053623 0.0 0.0 0.0 0.0 0.0 0.0 0.0 0.0 0.0 0.0 0.0 0.0 0.0 0.0 16247.637358109114 6499.294231352536 0.0 0.0 0.0 0.0 0.0 0.0 0.0 -9999.0 -9999.0 -9999.0 -9999.0 -9999.0 -9999.0 -9999.0 -9999.0 -9999.0 -9999.0 -9999.0 -9999.0 -9999.0 -9999.0 -9999.0 -9999.0 -9999.0 -9999.0 -9999.0 -9999.0 0.0 0.0 569508.3474970756 0.0 0.0
77678.70337183985 86982.25438425386 87396.02667183394 87826.53300479388 61676.730806374646 29290.253223091877 32576.249651932954 35821.442627512035 34265.866217896226 45362.36577876576 40864.913479829695 9771.645981502325 3261.9943979710324 0.0 0.0 0.0 0.0 0.0 0.0 0.0 0.0 0.0 0.0 0.0 0.0 0.0 0.0 0.0 0.0 444818.75227632234 74040.06937911794 37020.03468959311 0.0 0.0 0.0 42543.11179327445 54020.06617449182 -9999.0 -9999.0 -9999.0 -9999.0 -9999.0 -9999.0 -9999.0 -9999.0 -9999.0 -9999.0 -9999.0 -9999.0 -9999.0 -9999.0 -9999.0 -9999.0 -9999.0 -9999.0 -9999.0 -9999.0 -9999.0 -9999.0 0.0 0.0 0.0 0.0
86871.35308504857 80942.86866543553 87595.55669313855 77341.04255992963 60705.40071097987 35830.51563524152 16335.000741471713 29196.133486303992 47663.71638758552 34174.14789348414 49685.537430555305 19602.03185360768 3264.9537519230907 0.0 0.0 0.0 0.0 0.0 0.0 0.0 0.0 0.0 0.0 0.0 0.0 0.0 0.0 0.0 0.0 37162.51489736872 0.0 0.0 0.0 0.0 0.0 0.0 49644.68861203138 -9999.0 -9999.0 -9999.0 -9999.0 -9999.0 -9999.0 -9999.0 -9999.0 -9999.0 -9999.0 -9999.0 -9999.0 -9999.0 -9999.0 -9999.0 -9999.0 -9999.0 -9999.0 -9999.0 -9999.0 -9999.0 -9999.0 -9999.0 -9999.0 -9999.0 -9999.0
