critload/trunk/output/2010/nh3_tot_egl.asc
ncols 720
nrows 360
xllcorner -180.0
yllcorner -90.0
cellsize 0.5
NODATA_value -9999.0
[rows 84 to 111 of 360, columns 504 to 566 of 720]
12344.11687680011 12344.120589347243 11492.821328690678 11488.729371041136 11488.73384298092 11486.01471194271 11072.75679716745 10647.333231560695 11066.834812878025 11075.477472374276 11064.573530743091 11070.711747197061 11070.023630686306 11057.974792226336 11486.688595415202 11804.527362314355 12276.611528986701 11042.555179810157 10211.818142958602 0.0 0.0 11006.79189470606 8734.791150440313 0.0 5403.762896002894 10750.071784513268 12364.32088292963 177729.63757889465 150112.57470877407 169773.42608838985 172100.76910990357 160901.63167681015 155646.89612651704 139520.63302078345 110253.09582640674 0.0 45579.21474423297 51699.455378088256 39587.42529355203 50230.19743628616 0.0 0.0 0.0 0.0 35005.289328372724 50119.637383234985 51722.47077866937 54777.45217198011 54754.573984119226 54737.03341752805 0.0 21311.651641501503 51711.62754456618 54722.82242844579 45580.52519544383 46973.37663606839 54498.45825407272 54476.25323347266 54642.057654988916 54755.59850278932 54719.32658363737 54264.033544942984 54757.52322071855
11174.089272442514 11172.578732672306 11183.400834046099 11182.051918632651 10748.488496538603 11176.121244823305 11197.6276135748 10760.020595718473 10766.791499007813 11192.881244377895 11201.686317973934 11204.39924943141 11186.78815994131 10748.487765078567 10304.104436021784 11176.647507436159 11145.176790519057 9879.175621444894 5690.00238557417 0.0 0.0 7763.535531981047 9644.715075155635 8100.862081363195 9326.247777712795 9691.159138091081 8504.881226216003 0.0 0.0 172317.19032089162 101749.98139004754 139086.40562030478 173701.36858507845 182265.6197137995 170317.18881963854 139386.07085844994 161864.66736103513 52203.4270879282 55280.98430336971 55303.46204487607 6044.076459057231 50509.7092587668 55302.71326420112 47644.59426359482 33791.56129155842 47633.416252022216 44597.554885556965 46108.40315786811 55293.51167631917 55284.42085869196 55284.83287322693 55289.72929608998 55304.15401114476 55295.451040179134 55268.142914083925 50645.22407713438 16796.581766517942 0.0 45756.431513460266 51926.64662207836 55239.700957861285 43789.31070536159 55078.904169182446
11285.73717022926 11286.40975706731 10864.5888113611 11283.05852640831 11927.237601620685 5926.615412983316 6192.606770268718 4815.406290566557 5392.638777605647 7370.776907622596 8341.64645989032 7279.641767217949 8933.5154002882 5210.1030008112775 9548.555574744152 11300.143907993612 10850.602222322017 8743.555310755275 0.0 0.0 12141.28714831107 8426.627788398895 47935.629209060746 0.0 0.0 0.0 0.0 182658.71306828147 183982.30471435114 183935.15028216213 173958.5375977564 162532.3311365839 179616.07689696128 163354.01727597785 173392.39420142936 192640.70609506915 171273.78673278875 173585.001920947 54266.61789911727 55718.3644605012 55788.728303233074 54222.87158347161 54003.897575058734 55712.55222004095 55813.54479796868 55822.66211146786 49606.46083215074 46426.97564646413 55741.46765281573 55779.95430683002 55499.27134645965 55762.39570646973 55803.259937162 55818.449372060546 55753.709572780586 55805.64487752504 0.0 0.0 7746.281965131447 18430.882546274213 0.0 52609.320564636866 55753.94014176977
11407.826535690678 11405.832290857541 10532.049683269524 6408.376464730863 566.4981426284253 965.3821669383169 1671.6604905188096 3067.239586437322 10081.873978987593 10087.837972652882 6891.1337513500985 0.0 8524.995628028077 8629.16805631071 13591.626425790811 12277.61025666023 11832.00951498599 11758.650514769459 5913.779363776235 2013.8099138835612 12119.535627790732 152729.44967817547 131208.2037052 154198.41673430332 0.0 82296.74324008774 51618.496006731024 41226.81862008771 57905.15394806065 133771.54023466932 164860.24546007265 185889.12684430517 175500.12306017947 183543.8125592271 183720.82387721734 180045.81413889592 172531.7418603087 138468.91711871512 43714.442099023116 45245.20364620724 51635.02156522799 56325.70659088873 56337.33421380162 56083.936621837405 22969.57730130058 20307.974101952117 7668.490548200142 34263.29014981652 56290.15078991703 56323.98213014197 56267.195936267424 54767.693193955514 43756.75474230809 56306.80859142704 56337.581196781175 56311.17886919567 56294.48767673468 56272.74505801771 54809.61966801885 56336.21632924694 56316.45717813586 56277.06647066254 56324.10824623596
11504.02564580938 11509.971469669714 10183.347840097482 -9999.0 3772.725832651322 7450.281060222257 886.7403996958616 2204.990829805046 8376.582769694503 3983.1739112347173 7079.958543395257 11517.240920076027 11506.043065511554 11332.377819196005 9494.290995709323 8079.997849809209 0.0 10651.117586041792 0.0 6975.555769344493 8325.430175125572 0.0 156283.02748836292 150204.2690577833 187617.3188940858 104269.04769072289 31195.071915328987 10360.216648399643 0.0 31134.79839249157 135549.77447239571 145800.69346740685 187589.37036718312 187517.6140025748 155822.42261477682 155990.03687972063 114063.65917166449 0.0 0.0 4675.055494439436 1362.5118209013144 14199.845739407554 33135.13748829796 50548.551611861185 47286.21934436935 36386.51144616792 39529.030598220175 50515.367289118534 56795.02458353977 42600.23071466972 53216.56703167448 48964.780224016045 28452.869998376846 39493.35798955532 34114.612643833956 55279.55392000976 48932.835370695044 56806.74105002706 56847.90144519739 56849.181728736956 56835.734428925716 56827.24885915019 56845.6168050194
11149.383163190561 11162.481873122077 11167.717181386197 6098.751555761559 6807.371446318812 11582.629513853102 10147.585636604821 3912.296920730795 5535.772066086137 0.0 0.0 0.0 0.0 0.0 10416.977082549633 15578.170377294693 14475.917111457848 10437.281988969824 9673.856284447336 0.0 7544.142371666225 94320.04213627707 0.0 0.0 0.0 0.0 63016.27729283453 9105.225738455594 13458.634995704022 42042.84339496881 178487.72824053682 189071.69064256447 157443.8893283757 83762.43100489504 104726.21318235128 94429.71750613021 115333.06287406274 199390.19011616876 27111.922735518798 0.0 6400.971609818032 8001.214512272541 1600.242902454508 14371.816898374715 35095.53557245278 23959.274110127655 33483.634621380406 43035.96907640894 52611.3416249813 57347.03910735894 57363.968923346125 57312.71965562932 57344.63985800196 57329.05919640161 55777.109434537175 54167.64262269014 39861.611008783606 39962.63895864455 44322.92704018789 57398.43838625234 57394.08379838417 57398.43838625234 57368.86516585187
0.0 0.0 11709.090383458568 12168.902471377047 8574.801731307838 0.0 0.0 0.0 0.0 0.0 0.0 0.0 0.0 0.0 10803.696829106337 10336.17307695546 0.0 0.0 216687.9805663173 0.0 116326.91235037477 110357.28456966177 42507.36081439786 115076.81931320186 80560.19759068507 91576.7212751681 66173.84354559626 64074.457690479634 91807.17688521252 75102.62626355806 112980.66516636338 179961.75388946634 190579.79894681092 95436.86618563488 63726.044862738134 0.0 0.0 0.0 0.0 0.0 0.0 0.0 0.0 0.0 0.0 48244.3051856907 49800.7757085537 51447.17791941522 33751.59627696278 38546.41466175206 22528.842529664264 41792.04788661608 49810.23530443261 44967.2623525529 53044.34715341862 48229.32320263094 35280.11267391509 53058.43733857197 41750.39727090076 49809.423837205875 57867.70118718583 57872.38796501308 56259.03367385185
0.0 0.0 0.0 0.0 0.0 0.0 0.0 0.0 0.0 0.0 0.0 0.0 0.0 0.0 8989.269654106922 0.0 0.0 0.0 0.0 252223.51478132815 0.0 0.0 171136.43571484313 138982.57954972304 144853.38517187844 200293.45915678123 182602.96728918358 140922.29668648 150752.6681817366 108591.98567658632 83440.06554107626 146418.1883529194 163337.6758554523 94046.0655616523 128361.84747515737 119448.17942853244 42281.82233282368 0.0 0.0 0.0 0.0 0.0 10424.53889930846 0.0 0.0 0.0 0.0 0.0 0.0 0.0 4851.737424290034 27519.273263084466 21092.413593182882 32432.878629095845 33993.38337539829 25882.855049565325 22642.321860391472 3237.5600215153786 29165.671537767088 30812.027955951886 38858.7808355824 38858.78083552565 32409.1460587771
0.0 0.0 0.0 0.0 0.0 0.0 0.0 0.0 0.0 981.7160726084707 7625.02657193943 0.0 0.0 0.0 2255.4659963085214 12469.026157725597 12705.836789518342 0.0 0.0 0.0 181942.51931837504 0.0 201483.51299396233 161596.5985603032 161699.49173211426 161339.7697992185 147173.4842713771 0.0 0.0 0.0 0.0 0.0 0.0 179250.17022671993 170817.18541095345 0.0 187044.62632606764 36768.40168233485 39822.498585275614 0.0 172687.43450313568 90178.447003986 193032.31002618687 181684.1494814786 0.0 0.0 0.0 0.0 0.0 0.0 0.0 0.0 0.0 31059.303432210854 0.0 0.0 13119.532226180361 8199.140540786071 0.0 0.0 6563.276267587412 0.0 11478.215958581111
0.0 0.0 0.0 0.0 0.0 897.1182136990227 346.7271909291005 1625.7444206480957 0.0 11554.155121226822 6668.492726144971 3334.4889908545993 0.0 0.0 0.0 0.0 0.0 0.0 0.0 0.0 0.0 173873.27796250372 188664.3402106787 0.0 0.0 0.0 0.0 0.0 0.0 0.0 0.0 169805.13229287037 56929.72493506348 106502.39172889033 119307.36375656536 119396.76789685209 108429.8191444384 7704.910308192452 0.0 0.0 27186.849744534044 88127.01098819698 169297.510724173 169873.79101575655 195359.00778569392 130716.80330601256 0.0 0.0 0.0 0.0 0.0 0.0 0.0 0.0 0.0 0.0 57740.29280808005 49513.93486010743 42932.16328223971 47874.54725168293 59354.31345584445 52779.70661817893 51131.85929530178
0.0 701.8846528835791 1305.422066671959 995.6519599754178 23189.768420684704 35287.248976067516 35881.654300349204 9053.345180238655 13385.5465134104 16223.701831264965 70511.6354814616 38962.335510401455 61729.85570323167 88634.10578076288 0.0 0.0 0.0 0.0 0.0 0.0 178659.03830483937 164213.99669873973 0.0 196730.53051718682 196907.77780291945 175376.20725961978 174975.4267760621 197214.0475053403 208309.7099435858 208002.09431660592 0.0 142625.79732532758 89570.53712492538 32454.953686859768 51747.89840803903 47546.20383327277 19580.899857243803 0.0 0.0 0.0 0.0 9888.668196102366 49103.04898005793 41302.07625679114 21230.48812291439 129585.28781903771 0.0 0.0 0.0 0.0 0.0 0.0 0.0 18343.723104439596 0.0 0.0 41574.90465646423 38248.81073759516 41530.17602829893 33204.905374441405 29925.7450975905 44894.809947244205 16607.72369162877
0.0 0.0 0.0 0.0 0.0 12204.650472155276 12191.685953457274 16629.356301107066 13797.217140355133 5583.290822462855 25666.91731728778 13601.515889096585 13159.01146024089 9874.221054733904 14795.707926154326 23591.050215062725 0.0 77204.6425230826 110521.72207361573 143596.07749056726 154326.7970026227 140074.32464650722 175765.14295129286 165494.03755321028 121283.97392319453 154411.85528033102 187556.0657007592 154663.17847025095 91509.53073806818 123305.01374915388 139443.12580187435 44107.258547240446 33026.094579406425 0.0 0.0 0.0 0.0 0.0 0.0 0.0 0.0 0.0 0.0 0.0 0.0 0.0 0.0 0.0 50078.08604740585 20007.501701827157 0.0 0.0 0.0 0.0 0.0 0.0 0.0 9660.207838123379 45719.10929997824 39079.25126489226 23424.77130479266 31823.536987481315 28539.622775176176
24445.79181227388 28666.63430887175 23052.434017974763 34434.744952307665 35602.98704333482 26446.292177051382 0.0 0.0 0.0 30843.862406422308 37457.99280278551 23693.2446680712 23786.489236380916 16980.60604981562 78331.63612895196 89060.52591369193 99758.76240790148 126295.09242631847 129130.80057158285 43694.02743786069 47360.62901193492 27684.760131606 73891.19541992863 0.0 41825.68887740066 65100.134355062575 15777.806443622985 74721.45267415878 71266.48833898894 18099.622843774472 0.0 0.0 0.0 0.0 0.0 0.0 0.0 0.0 0.0 0.0 0.0 0.0 0.0 0.0 0.0 0.0 0.0 0.0 0.0 0.0 0.0 0.0 0.0 138219.94048012552 0.0 0.0 197124.03663679038 166235.67406053998 95841.4971121856 49465.75850554191 9885.660864081634 148233.62424905517 128321.31070712287
0.0 0.0 0.0 0.0 0.0 0.0 0.0 40843.01620856935 0.0 0.0 30928.013460378424 10321.962081384283 17192.896803491334 122867.64958893391 86919.76910864415 66321.49996469438 102376.03122839883 103839.148239073 11211.534006621969 0.0 36405.662319327865 0.0 102982.03582810698 78111.31352306568 20598.96436500223 0.0 0.0 40386.44559723201 80557.45636858793 0.0 0.0 0.0 0.0 0.0 0.0 0.0 0.0 0.0 0.0 0.0 0.0 0.0 0.0 0.0 0.0 0.0 0.0 0.0 0.0 0.0 0.0 0.0 0.0 169061.31671323424 129378.60800442332 69733.60492064338 79632.15655863205 49580.51984789103 139036.09629126044 119186.20550981115 119302.57496619588 168820.2686380774 218756.9700478896
0.0 0.0 19853.51000930607 0.0 58790.38003280808 40985.77522276608 53253.86062009171 48425.790612781515 55280.58399366682 158266.67857988513 169734.5782815086 180680.94737873404 192274.54130623752 192063.14808955634 187963.2033847139 154957.97505833558 0.0 137399.7999236688 87846.86957719942 39777.719389405356 0.0 21434.82879087508 0.0 0.0 0.0 0.0 0.0 0.0 0.0 39545.562117375324 48584.31704409568 44688.54959442226 0.0 0.0 0.0 0.0 0.0 0.0 0.0 0.0 0.0 0.0 0.0 0.0 0.0 0.0 0.0 17483.63121274573 24547.873202866253 36245.46067074776 0.0 0.0 40926.97551643229 80148.97318691864 51286.843213017004 20437.80895672028 19812.09408674297 30074.138902351475 60174.5589042401 30136.917182186964 100448.04288798264 170106.6399101625 180121.77127163607
37182.37957214325 35580.836580208175 63502.51460203426 0.0 0.0 182269.8895371801 182170.57828589974 170931.4154052193 170634.0251915083 158524.7493577866 130410.78333393983 170399.46143646713 181938.43320242118 136439.5602737731 72983.16143218685 28617.556604681664 77552.68537705159 51688.541013664995 10157.091796746265 0.0 0.0 0.0 0.0 0.0 0.0 0.0 0.0 0.0 0.0 0.0 0.0 0.0 0.0 0.0 0.0 0.0 0.0 0.0 0.0 0.0 0.0 0.0 0.0 0.0 0.0 39661.24414019495 0.0 52072.83020737279 48706.45990733497 31123.375275483042 88586.82792857212 56371.01232815234 17802.53096854771 71958.78750408374 61366.04385570972 31701.95377179592 10112.227088614978 80747.42252796711 90971.27905463103 91070.37532152141 151680.68365054543 181982.63854502173 191883.57562271343
31425.22185712508 38038.458646162566 64515.332114725396 56161.453019130924 160765.93755890444 135953.19530382322 137305.6399705204 108469.40198432122 95407.89475503331 77420.36231263044 87399.16073957614 62090.85055315042 98601.61823391031 99247.8450324835 94907.35846434048 18788.879728290776 0.0 0.0 0.0 0.0 0.0 0.0 0.0 0.0 0.0 0.0 0.0 0.0 0.0 0.0 0.0 0.0 0.0 0.0 0.0 34520.821603887955 23000.048398391624 57354.86647432377 0.0 0.0 0.0 0.0 0.0 0.0 19861.322627091515 0.0 0.0 0.0 124850.17994142542 113867.57729355845 174493.83444265684 123616.25613326997 114008.06557926747 85911.27730807709 59543.010769407665 40983.826970423295 0.0 0.0 60883.53972889737 142422.60840678168 203610.0240946723 223592.53443330032 121840.94817641561
30795.06395874192 22013.678950787194 9672.063155158403 0.0 103918.9419447672 127001.15313821516 81014.69284441994 81066.08187350133 105771.60396627862 121724.34151869173 53128.79287552232 170528.8386546592 82837.26845325157 0.0 0.0 0.0 0.0 0.0 0.0 0.0 0.0 0.0 0.0 0.0 0.0 0.0 0.0 0.0 0.0 0.0 0.0 34644.85026559432 32512.046916973533 113821.84563924151 104017.2835580327 92248.94148390109 0.0 0.0 0.0 0.0 0.0 0.0 0.0 0.0 0.0 0.0 0.0 73438.85654786999 94318.14287511892 0.0 177702.22737530895 209405.87242628288 188442.41190462315 184284.98765757048 176892.5568003049 207281.41106026914 102071.83834457703 157139.3657761411 61464.16980719622 41025.39622846047 91959.37469202919 92083.10732156849 91706.19955470924
3610.992182439776 0.0 0.0 13756.569645238003 93068.25026261447 116534.0580164042 121207.26468120285 151448.1307709894 64730.27461327369 28123.07801614023 115691.76188862989 85496.4005895726 0.0 0.0 0.0 0.0 0.0 0.0 0.0 0.0 11655.820065421018 0.0 0.0 0.0 0.0 0.0 0.0 11671.022409757537 0.0 23287.85945352086 45413.25466732179 34850.19690182711 81249.00326715027 58192.22422105997 58300.733780255294 69903.7654829932 0.0 0.0 0.0 83562.72875455415 0.0 0.0 0.0 0.0 0.0 0.0 44049.68387213987 102469.10245473978 105270.53914112023 234382.7116409675 0.0 0.0 0.0 0.0 0.0 231698.1174887373 0.0 0.0 236865.9198558455 197434.8684158203 85135.00512418245 75059.11069894121 125787.65267017
3782.080472464448 4270.114453522936 3856.281114597569 0.0 0.0 34606.860402646744 134449.23408168697 210962.7609000782 199291.17439426895 60807.969727168886 0.0 55540.549529749864 0.0 0.0 0.0 0.0 0.0 0.0 0.0 35034.40168943111 11669.422093175726 35187.57006743987 0.0 0.0 0.0 11751.710449654 55320.68382359569 73799.22279486695 0.0 23490.038964834785 58745.170313923336 93826.02626267613 46859.24408629412 105562.6101222677 152327.1472719716 164121.0737937279 162386.67370224255 170643.7927301829 73761.42746288862 0.0 0.0 0.0 0.0 0.0 14690.016088561197 14772.675594102022 44236.390587877526 0.0 0.0 0.0 0.0 0.0 0.0 0.0 0.0 0.0 264959.84438349097 0.0 0.0 0.0 160361.57981957926 114124.21700364108 53060.27042468478
5146.839999681145 0.0 5686.265606797859 6981.301521813011 0.0 13907.640127194976 175151.2162655468 200381.04725520674 212328.59163645847 43924.107746738846 35437.12898101082 34719.957386849026 37730.88067253991 21646.885981026007 0.0 14635.361543047522 71970.54690834587 0.0 0.0 35401.74924873869 11791.536368254696 68238.2484357491 70815.46517939889 44621.041626262486 59104.46590744047 35295.221466225295 0.0 11831.511487301466 94572.6183490594 141630.4693596755 153528.6857773644 0.0 0.0 129879.30589314896 176778.40714223307 212406.76134891217 212542.62966526923 163445.7966166467 148620.1567873016 44606.56381237101 14896.658175002338 0.0 0.0 0.0 0.0 0.0 59363.325498244405 103791.64452690551 133605.9227632669 0.0 148798.9353626599 0.0 0.0 0.0 0.0 0.0 267309.2016595125 252288.56363525538 0.0 0.0 0.0 0.0 0.0
7020.250035182752 6571.2538539893585 0.0 4173.057522176305 0.0 70848.46024121149 141961.8792883312 188377.51198144915 201912.66023846978 189387.2371764898 126944.9806813029 39337.108622568005 44333.73309692926 15652.063727786086 21562.044012534167 53031.06389667939 57847.56723230529 13969.315856445624 28837.305018886913 19389.118968088125 11881.978609958634 104264.19967327472 95165.20084973547 178118.15408955215 189975.76518863457 154625.59333358763 164569.44916335455 130431.89009035083 154531.00069553236 190077.9115883339 201909.230074285 178233.59587779187 196385.51027873898 232895.73762344403 221901.46725658976 225795.75526266478 178063.41065608276 201883.1494474766 239307.55115847863 194700.38593185585 44938.41761487333 89728.43909487735 119842.77968403632 14979.519671832491 0.0 0.0 0.0 14962.999790067774 104459.39519743758 101345.2880826494 148791.4024459701 179244.6738311818 238967.58596492972 269065.838933719 0.0 0.0 0.0 0.0 0.0 0.0 367397.8942065754 299433.44023560715 314632.39506509877
7294.650970354557 39652.55132643129 39084.00831924797 0.0 0.0 0.0 82990.17214712207 90544.47859015722 166327.65107985213 162933.6625516678 200958.25306285746 183589.93167176095 215308.1818231737 227166.6779897125 179434.70039559144 0.0 0.0 35298.40618895746 86876.2039220158 124455.45290273108 106451.85595662727 131724.5709141435 214843.1726654877 227022.9523963435 191032.10079115274 191265.64189855522 131480.99130126685 178933.07667793095 191097.43062510263 0.0 0.0 0.0 0.0 0.0 0.0 0.0 227164.70113800888 0.0 225673.27386642594 240805.44242210474 207964.9116274571 105610.30287782325 90159.9684826874 45126.4893644512 30159.81032836055 75458.30945662658 45252.23978650961 0.0 0.0 0.02693510500541594 60256.65780468566 135373.75557970704 175949.71452224784 0.0 0.0 0.0 0.0 0.0 354260.86933803576 412955.4557492149 383136.84619516286 306864.76692491834 305282.34114309645
110023.03510369615 0.0 36300.05928465891 77665.57090840868 115185.78051947351 47296.03312559744 0.0 0.0 101971.88511582198 149110.88728795975 185259.91564825564 192247.08365180975 180496.46383024185 180310.37535436527 156117.3447928852 192118.34511040116 215483.16550948832 167871.89867478755 165323.62582659797 214094.1246203309 156109.20677830646 166824.85620601903 132217.78790942338 156463.74075811633 192737.0006273287 192660.0169698568 191495.23609230068 0.0 0.0 0.0 0.0 0.0 0.0 0.0 0.0 0.0 0.0 0.0 0.0 0.0 242445.70671386598 242300.24671567942 0.0 151653.86001820758 136527.2898294255 165977.21888600948 136051.0833185294 0.0 0.0 0.0 0.0 161952.29766194633 0.0 197324.22941055667 0.0 0.0 0.0 0.0 0.0 404872.8565009966 398377.68157947663 400113.0909140588 317500.0297978546
38891.66518236112 110554.27531390896 93819.02027806106 267468.6883949632 156868.28097981744 76876.45423824957 76136.0397034767 39582.08751811388 5988.193447338078 0.0 0.0 166987.7888611731 0.0 748611.6690179692 748444.3224236489 0.0 108841.7342158918 145241.40113416663 145376.70457928133 0.0 0.0 0.0 193730.82087907777 242233.49903797513 217887.19059866617 205606.1785146003 0.0 0.0 0.0 0.0 0.0 0.0 0.0 0.0 0.0 0.0 0.0 0.0 0.0 0.0 0.0 0.0 0.0 213323.76412581632 228779.72022308892 228540.36961627498 244178.75167515356 244178.8818839583 0.0 0.0 0.0 0.0 259211.68367227702 259354.40647829615 259030.28822871757 0.0 0.0 0.0 0.0 0.0 393483.5632890857 316566.60172624234 270097.7597550417
0.0 0.0 0.0 233002.75427390882 161892.55399857624 37334.952206524715 39729.944091047 72733.95138873803 36384.76643901742 0.0 0.0 53604.36935101003 858076.4950869634 0.0 968270.9593299298 1010180.5245730736 752828.9554024007 48481.88109248628 51588.163340231054 0.0 0.0 118045.82334043142 113488.05781905896 124986.73629111466 138675.99581122943 137101.96261709218 152622.18333737666 152672.14682214006 152615.0207872116 138676.2383282953 143827.89292642986 0.0 0.0 0.0 0.0 0.0 0.0 0.0 0.0 0.0 0.0 0.0 0.0 261096.3924493194 0.0 260970.51720017235 0.0 276256.3353811833 260998.60225169087 261098.7729346812 0.0 0.0 261175.7781246132 0.0 0.0 0.0 380794.80584572855 0.0 0.0 0.0 301588.20076982386 286442.5002601835 280547.07333949837
0.0 0.0 0.0 598455.7157180841 0.0 162210.7184315225 0.0 0.0 40431.95820628116 0.0 51860.078737423304 51434.81855655095 322939.99811354367 918655.3996664068 1026983.9084106241 1027449.9844808284 123313.46651277786 132565.85307246118 139355.6429556554 114072.20152237064 0.0 132508.85994331486 0.0 0.0 0.0 146539.08859406857 0.0 0.0 0.0 0.0 0.0 0.0 0.0 0.0 0.0 0.0 0.0 0.0 0.0 0.0 0.0 0.0 262775.86981759575 0.0 277793.501135646 278120.699324439 0.0 0.0 0.0 293021.7720054373 0.0 0.0 0.0 0.0 0.0 263823.0862035603 0.0 0.0 0.0 0.0 295141.0507588792 291632.08481674275 337619.2350096444
0.0 0.0 0.0 0.0 0.0 0.0 229493.4222181232 114923.12818770391 48352.0083882212 50864.1640270934 104349.43946646596 184844.49581035014 0.0 270603.99648935726 816489.8947163905 0.0 118695.53760514334 118713.88140922884 0.0 114144.48013678928 114666.81205500886 119382.40596124378 0.0 0.0 0.0 147544.75055800664 0.0 0.0 0.0 0.0 0.0 0.0 0.0 0.0 0.0 0.0 0.0 0.0 0.0 0.0 264174.8188595566 232952.8342796809 248360.78996501933 0.0 0.0 0.0 0.0 0.0 0.0 0.0 0.0 0.0 0.0 0.0 0.0 0.0 0.0 0.0 269356.2196227519 286181.71694407234 273899.0241355288 549707.0724123162 305157.324498518
