critload/trunk/output/2010/nh3_tot_ara.asc
ncols 720
nrows 360
xllcorner -180.0
yllcorner -90.0
cellsize 0.5
NODATA_value -9999.0
[rows 84 to 111 of 360, columns 441 to 503 of 720]
270230.5397987586 328446.3150503952 199906.53312677005 0.0 144455.79589560558 157248.33211614683 54016.01153423843 28888.97734018311 54540.51720762463 85212.65891837288 34429.55250025564 24875.298029402886 4461.546080084978 4898.591967640477 0.0 0.0 0.0 0.0 0.0 0.0 0.0 0.0 139.51406765086512 0.0 0.0 0.0 0.0 0.0 0.0 0.0 0.0 0.0 0.0 0.0 0.0 0.0 0.0 0.0 228.59919613233467 0.0 0.0 0.0 0.0 0.0 0.0 0.0 0.0 0.0 0.0 0.0 0.0 0.0 0.0 0.0 0.0 0.0 0.0 0.0 0.0 0.0 0.0 0.0 0.0
214014.56636820512 245647.73142142803 290887.2511753449 50244.04548531065 196642.72852902464 131452.9358140732 32735.38189905906 11547.699918230584 33070.493366948176 12994.440032674389 5617.518802960392 0.0 2642.935843183248 4070.7046202659903 7256.12106773679 0.0 0.0 0.0 0.0 0.0 0.0 0.0 3663.3987361510426 0.0 0.0 0.0 0.0 0.0 0.0 0.0 0.0 0.0 0.0 0.0 0.0 0.0 0.0 0.0 0.0 0.0 0.0 0.0 0.0 0.0 0.0 0.0 0.0 0.0 0.0 0.0 0.0 0.0 0.0 0.0 0.0 0.0 0.0 0.0 0.0 0.0 0.0 0.0 0.0
271994.5343889367 231416.87582818925 219247.5218647467 92780.92747853298 123254.7310256616 129991.62061405455 22128.937504240796 17705.4658358684 7982.274807736442 2011.8035520623794 158.2514931234609 5.11042088358074 0.0 57.08778621576801 1945.4562426603868 8219.142852383211 4439.573906447117 0.0 0.0 0.0 0.0 -9999.0 0.0 0.0 -9999.0 0.0 0.0 0.0 0.0 0.0 0.0 0.0 0.0 0.0 0.0 0.0 0.0 0.0 0.0 0.0 0.0 0.0 0.0 0.0 0.0 0.0 0.0 0.0 0.0 0.0 0.0 0.0 0.0 0.0 0.0 0.0 0.0 0.0 0.0 0.0 0.0 0.0 0.0
196491.26143976342 228264.62736442784 264633.49260951247 208040.6663555047 92047.4062229424 67788.10873864099 32066.922313775623 24762.928116808904 15231.394280309838 5080.274256013674 587.7658908461472 112.59979971731369 0.0 0.0 348.92988468348307 11254.89364848525 5828.034034409427 0.0 -9999.0 -9999.0 -9999.0 -9999.0 -9999.0 -9999.0 -9999.0 0.0 0.0 0.0 0.0 0.0 0.0 0.0 0.0 0.0 0.0 0.0 0.0 0.0 0.0 0.0 0.0 0.0 0.0 0.0 0.0 0.0 0.0 0.0 0.0 0.0 0.0 0.0 0.0 0.0 0.0 0.0 0.0 0.0 0.0 0.0 0.0 0.0 0.0
169523.7449572298 179001.44854961862 219469.18706243887 189886.13348702452 312772.2977479331 141101.55593884314 31926.0837494377 19293.860657081583 20144.41276380756 7591.669812650728 999.2017867838699 28.503654233608565 0.0 627.5806885492592 13891.369572246838 10755.501859891048 0.0 -9999.0 -9999.0 -9999.0 -9999.0 -9999.0 -9999.0 -9999.0 0.0 0.0 0.0 0.0 0.0 0.0 0.0 0.0 0.0 0.0 0.0 0.0 0.0 0.0 0.0 -9999.0 0.0 2005.8477103095313 76464.27368665434 7786.931562202732 0.0 0.0 0.0 0.0 0.0 0.0 0.0 0.0 0.0 0.0 0.0 0.0 0.0 0.0 0.0 0.0 0.0 0.0 0.0
330364.371267983 266102.2584576766 153396.55297661206 186070.07921497064 201851.71434877953 204768.82011465178 140332.3548399336 16414.826751549965 19295.77256649736 19179.358890126012 26037.49161947699 2277.615275634092 2889.6955125085856 4103.8730236817255 -9999.0 -9999.0 -9999.0 -9999.0 -9999.0 -9999.0 -9999.0 0.0 0.0 0.0 0.0 0.0 0.0 0.0 0.0 0.0 0.0 0.0 0.0 0.0 0.0 0.0 0.0 -9999.0 -9999.0 -9999.0 -9999.0 0.0 124.2694729962889 0.0 0.0 0.0 5860.753777587521 18152.578933926983 13382.91368564732 5979.265466395945 78.33894062940954 0.0 0.0 0.0 0.0 0.0 0.0 0.0 0.0 0.0 0.0 0.0 0.0
288020.0715758429 256141.05833263305 254203.5957134714 213018.13638982543 213118.7992999202 253642.8139532024 240331.15151844977 239429.48283885527 69609.97217025502 50739.14733340947 9532.08024538014 6031.611025702274 42143.67850934723 0.0 -9999.0 -9999.0 -9999.0 -9999.0 -9999.0 0.0 0.0 0.0 0.0 0.0 0.0 0.0 0.0 0.0 0.0 0.0 0.0 0.0 0.0 0.0 0.0 0.0 -9999.0 0.0 -9999.0 -9999.0 -9999.0 0.0 0.0 0.0 0.0 0.0 62.67952008424237 9714.524739074293 132671.2038112684 103150.1668716536 3851.717146588658 0.0 0.0 0.0 0.0 0.0 0.0 0.0 0.0 0.0 0.0 0.0 0.0
53794.868849427075 177762.58539041187 243904.17450807636 258372.3156787029 247669.67725733074 189851.96029208758 289387.41759782063 259400.19720848935 233363.50276180613 184957.7913130787 14752.751031343905 91729.93410659212 125873.28343633618 0.0 -9999.0 -9999.0 -9999.0 -9999.0 -9999.0 175.7460610587023 0.0 0.0 0.0 0.0 0.0 0.0 0.0 0.0 0.0 0.0 0.0 0.0 0.0 0.0 0.0 0.0 -9999.0 -9999.0 -9999.0 -9999.0 0.0 0.0 0.0 0.0 0.0 0.0 0.0 0.0 0.0 0.0 0.0 0.0 17119.43801908779 793.8830683081658 0.0 3716.74653761776 1398.2888225934962 0.0 0.0 0.0 0.0 0.0 0.0
1039.5033393643191 14462.30735621287 34749.42539862249 32528.55303457192 57740.07650234586 240095.45971417835 312489.3927796667 292792.90835735947 305435.41436112084 171346.10654223885 56808.299139750015 61225.681385063566 234219.3222941209 150067.76774730312 0.0 -9999.0 -9999.0 -9999.0 -9999.0 -9999.0 -9999.0 0.0 0.0 0.0 0.0 0.0 0.0 0.0 0.0 0.0 0.0 0.0 0.0 0.0 0.0 0.0 0.0 0.0 0.0 0.0 0.0 0.0 0.0 0.0 0.0 0.0 0.0 0.0 0.0 0.0 0.0 0.0 286.9587099942514 8142.4034879015135 432.7517458025857 0.0 270.50124638524255 0.0 212110.64352009798 196551.2892322021 207673.0669460149 150275.99923332394 138064.02018178572
367.0041990461911 109.64842507313762 240.12612863880244 882.4436969909052 2161.394890875932 4768.1079613643005 44771.85155146952 168756.56961838616 199188.376147344 171700.93196990422 194802.34057363734 146561.1553434345 168987.96882366468 168983.6005203112 -9999.0 -9999.0 -9999.0 -9999.0 -9999.0 -9999.0 -9999.0 0.0 0.0 0.0 0.0 0.0 0.0 0.0 0.0 0.0 0.0 0.0 0.0 0.0 0.0 391.36569006614513 717204.1948257798 37796.97172901039 607231.9179212977 36731.54291912155 3429.793200994988 0.0 0.0 0.0 0.0 0.0 0.0 0.0 0.0 0.0 0.0 0.0 0.0 3401.8452955539324 189383.53793321506 160616.54588266253 153175.76935788261 0.0 0.0 0.0 0.0 8612.73073846482 23502.84278591411
-9999.0 288246.03536033304 45544.624231454516 1717.1135897951306 0.0 0.0 205.26556959790256 102.51102362151332 800.4371336042732 422.7290848354475 4664.076141786872 11179.330088419412 26156.73947403237 88826.54504518028 63757.23048571956 -9999.0 -9999.0 -9999.0 -9999.0 -9999.0 -9999.0 -9999.0 0.0 0.0 0.0 0.0 0.0 0.0 0.0 0.0 0.0 0.0 0.0 0.0 0.0 7924.058722121381 66280.47883045055 1799692.88009879 1662619.2657116307 10775.800886900368 3083.2555811204425 0.0 0.0 0.0 0.0 0.0 0.0 0.0 0.0 0.0 0.0 0.0 0.0 150736.63461870718 164559.76501086663 181393.6521447779 153230.74679723056 2123.1084782118414 2066.9627577416936 1032.0545340549081 0.0 0.0 101256.26882417279
-9999.0 -9999.0 544377.2381424033 754594.3987384229 398081.119227659 31320.19552846514 25704.767325001 21886.81724910242 2243.361539637889 3447.8964980358605 763.5236997149228 6037.107528401758 11739.786148158297 27167.73196513268 82269.46467884687 68888.766254613 -9999.0 -9999.0 -9999.0 -9999.0 -9999.0 -9999.0 -9999.0 0.0 0.0 0.0 0.0 0.0 0.0 0.0 0.0 0.0 0.0 0.0 0.0 152227.11545848948 881862.8667958181 1075174.399880213 145853.55242108644 17832.828796149293 0.0 0.0 0.0 0.0 0.0 0.0 0.0 0.0 0.0 0.0 0.0 0.0 0.0 135183.74258959974 0.0 187905.81833131736 0.0 0.0 4139.433953108778 894.0866408113732 14820.514177175402 69805.77404302375 352813.00281051296
-9999.0 -9999.0 43531.42038973445 4245.8147670232065 7453.282582589718 5380.773341972435 8145.8626658430585 8921.382711574417 189976.67930536892 283396.3922597254 289452.5046496848 458251.6348982856 4143.448761018351 8559.595840644652 22198.279663573696 105848.24407392985 258535.7674373897 -9999.0 -9999.0 -9999.0 -9999.0 -9999.0 -9999.0 -9999.0 0.0 -9999.0 0.0 0.0 0.0 0.0 0.0 0.0 0.0 0.0 0.0 0.0 186612.06355060168 164289.71727412078 549953.0738276262 1596058.931312333 684964.9392974911 374971.89257748163 0.0 0.0 0.0 0.0 0.0 1137.993024553956 0.0 0.0 0.0 34869.73266734742 128170.60070311984 113260.6123193524 88699.26031638295 116340.83081567919 3671.670755211215 8593.805938126214 0.0 14279.609853674785 4503.350327949277 279979.3347124405 261380.558147125
51297.184207202255 93772.11490983018 102765.05069254132 175469.39014983966 455715.0599164057 17535.61974862026 168249.74344729417 15522.554725822589 233092.95957389777 169977.44460423794 26835.942241908437 7977.504325929577 395992.59357621265 11104.85695500161 5896.265171428223 4123.207531170891 289785.1858074661 4197.9352350719855 -9999.0 -9999.0 -9999.0 -9999.0 -9999.0 -9999.0 0.0 -9999.0 -9999.0 0.0 0.0 0.0 0.0 0.0 0.0 0.0 0.0 0.0 0.0 0.0 0.0 75915.31921820316 18700.23090547888 34123.4790085191 1732.310462984195 0.0 0.0 0.0 0.0 0.0 1160.1626210405902 0.0 0.0 0.0 0.0 0.0 347.1248210657817 5473.964058588294 156950.51827772605 1572956.7282540398 7766.719270646417 1267.1722395433362 2.9101418823553455 38626.37909397016 726342.8239891584
80425.14218433014 101639.55323497785 85650.4062584855 371628.4992591161 785780.8651855914 1095076.6537641508 881381.5151867778 278561.56527024787 60512.50953418433 43792.81859431401 155109.24725873178 229428.6641004652 290786.95692966814 399101.08196865907 364681.6876257322 378547.9038747621 6853.368216973739 3810.4875690624194 2214.5168339413317 1090.5192008333154 -9999.0 -9999.0 -9999.0 -9999.0 0.0 0.0 0.0 0.0 0.0 0.0 0.0 0.0 0.0 0.0 0.0 0.0 0.0 0.0 0.0 0.0 0.0 0.0 0.0 9876.797908816055 0.0 0.0 0.0 0.0 0.0 174.79927115044103 4922.793044179074 2006.0001025670567 0.0 0.0 10500.108033491128 0.0 808930.1723343328 1744061.455096691 10021.455672284761 140284.23948923 26721.562567885514 1058089.3652826345 1362889.4897263758
134939.4772097892 242587.91195348074 140800.43560240153 196133.2593159156 580525.4813359758 476217.71895242727 246724.18476773752 1085266.4386450632 463910.2916567541 38890.253918270326 46715.08526962672 3670.012155939217 7231.843331021938 912546.8468099124 724484.4561888264 1927387.9046057346 212740.89359456455 50524.472970399285 353.4155995712963 2282.619400163491 -9999.0 -9999.0 -9999.0 -9999.0 0.0 0.0 0.0 0.0 0.0 0.0 0.0 0.0 0.0 0.0 0.0 0.0 0.0 0.0 0.0 0.0 0.0 0.0 0.0 70299.64682772777 0.0 0.0 0.0 41792.58021738255 666690.9573399125 259199.66397618214 2013.7508504426373 19835.20298593775 8457.585468678964 6491.373671338474 7352.312931059393 0.0 0.0 3485418.625011468 490369.09990118886 339898.1258002913 747045.9936010576 788205.2044132794 19473.36128005133
230285.89138519994 321756.3466534105 406316.32130482077 103967.72473828707 428743.5722425159 767838.3356336313 596118.4361346122 769047.3993005945 884957.6491884643 65351.95180202348 47119.08833948603 2343.5210969326363 7651.706504934792 358166.74130575795 942734.7854378532 786704.9736775745 785924.1697986382 11400.66395994324 -9999.0 -9999.0 -9999.0 -9999.0 -9999.0 -9999.0 -9999.0 0.0 0.0 0.0 0.0 0.0 0.0 0.0 0.0 0.0 0.0 0.0 0.0 0.0 0.0 0.0 0.0 0.0 0.0 0.0 31184.30097522287 431.6110527175557 14161.767205235865 699112.8066030979 14116.50673083966 3817.1598082612163 4360.6311410098815 605902.6332536403 1083242.727174636 671251.3031607046 8509.398908356552 1446.005503045631 70218.34702149776 187580.94935285184 10576.036273175774 3483.521291000808 5544.659749179114 8565.536443031799 1596.0327554414937
139892.33709169662 196540.40011929412 422055.1197004687 750553.9422764091 1045682.1074282051 483911.8747519863 417299.8225198469 807515.0612119748 1161435.7082447158 329822.9869790293 35912.81004569726 40814.88928322178 6589.400333610427 270124.5133049675 938689.2299118716 636415.9850894305 536579.5865094631 201992.2368067402 -9999.0 -9999.0 -9999.0 -9999.0 -9999.0 -9999.0 -9999.0 0.0 0.0 0.0 0.0 22005.646072256037 156154.97941441287 201463.49921577604 35233.43946783506 0.0 0.0 0.0 0.0 0.0 0.0 0.0 0.0 0.0 0.0 0.0 34503.90341951496 215831.64231192938 21243.170545069348 207.7170495451099 10136.952910097069 26821.590515248492 475712.2099713697 185372.31873815935 337296.5026834202 3771.376277428829 173319.09830665484 14658.641578300765 0.0 0.0 0.0 17774.014397451832 46661.08760262861 0.0 26502.610528854086
199845.0166605819 327276.9192560504 837587.5353015326 931920.8243414534 390356.5726384269 209740.36498659177 358575.48371761275 413369.7754597898 180341.7096995134 1198257.1285070507 241654.6016307968 294866.8142345733 427753.9502273876 72203.34979148937 172922.4323903665 2853.291486102705 200915.15347008986 0.0 -9999.0 -9999.0 -9999.0 -9999.0 -9999.0 -9999.0 -9999.0 -9999.0 0.0 0.0 0.0 0.0 0.0 47644.7389097162 159027.7660026579 203668.5067438324 0.0 8207.991433000978 0.0 0.0 0.0 0.0 0.0 0.0 0.0 0.0 0.0 2086.659391685585 224955.62832174904 111041.29115698497 1936.9462935785132 9987.317302609601 1268655.2900672506 666435.3990123888 4783.14673059018 4491.997075924493 4030.54641218787 47903.36554338243 196010.12779060574 16401.355762371313 19644.938715677818 31759.537796760545 0.0 0.0 0.0
1107416.4891130528 750371.1955691036 283987.64906676085 209029.47523069155 121757.64585488361 285222.79847303237 258723.78486100613 323598.4273327691 1769898.0282452814 194926.83471518292 1893051.6745511575 997637.3574635026 223005.58969380503 913128.28811686 931486.3849959018 1265746.0564852115 434197.51543332613 -9999.0 -9999.0 -9999.0 -9999.0 -9999.0 -9999.0 -9999.0 -9999.0 -9999.0 0.0 0.0 0.0 177.59475920858895 19353.903287663063 74259.60520597103 51868.668407454505 99442.84809233552 184868.60326886387 195961.48359585312 31709.050626031953 7.75548881794159 3.6326825003432597 46445.556970764585 541.3835142451347 16100.637161022221 74260.68006218855 26615.03869510704 0.0 0.0 0.0 83011.4334071291 63885.37303917343 100327.04998533239 77403.07349567088 0.0 0.0 1747.6555626585077 613401.635753087 8257.844273751773 359589.65264594136 35125.69877540724 296079.07408069447 36918.12438170478 5513.448257639682 2265.866061339437 0.0
1320881.8560141171 926912.698952954 522699.13559205004 382209.9115748762 182678.1306479384 168448.19940164394 282609.2509347757 433149.7576607625 849672.1371135323 922404.9291876048 858448.0722492358 761792.629969643 241958.52975633455 251756.3412127463 1031248.1713603039 191862.85266261315 312495.00138872187 285799.2091516417 -9999.0 -9999.0 -9999.0 -9999.0 -9999.0 -9999.0 -9999.0 -9999.0 0.0 0.0 120246.45609012136 336973.1997656784 407629.10569624644 379938.95767018077 662631.2239202177 197101.18752418406 83448.0959875565 44247.87635411453 96408.7853055556 249262.0201540998 99285.54704079415 164213.84345995463 346857.96364208515 186712.68318931616 2348237.213462506 1686980.3522040593 17116.51676232235 1921.2687948196667 0.0 1766.509540198596 14660.193802429281 83572.54296552432 76829.91217561689 19808.159907460966 4671.19046341337 428963.56110966863 261415.92276797915 133648.20347642933 1237544.1166100143 174140.38764459174 214090.27300221665 79571.61981270988 1983.7609977222407 1937.6729199004171 9707.945029530427
1265219.662820905 1157630.7129982589 1687999.1175407714 2255348.967203795 138079.25624326034 40826.08281497933 107429.98929991618 257183.63933716575 162293.16643469268 1956226.4863998382 911799.6976334127 2508591.971593583 233464.36095343926 237597.80206816824 1379194.6900410824 172808.44067955195 143326.60499535932 1199533.050125338 2368333.326955539 598345.2459864332 -9999.0 -9999.0 -9999.0 -9999.0 -9999.0 -9999.0 44.64676638211969 302869.40364023374 2803262.964414904 2506800.868016023 249061.13356568592 44032.58278091125 395243.7505376973 972626.4296383591 529167.4506443039 1311508.3351348077 127407.99152902374 622296.6904113695 155256.57022142477 245996.69831246271 45396.716339732106 105566.23087187237 34622.76587434492 129519.64993441866 0.0 0.0 0.0 0.0 11912.356668213444 129903.17931108981 33996.13107801988 139639.8704699961 200647.92733034826 252081.35385704265 13406.342775517543 477237.3718595915 1133390.1673001372 2622355.2751950193 56256.0626876218 4671.188662553672 24934.943738914648 5181.33344477249 0.0
2610943.784102059 2668597.1109157195 2528694.012491068 167307.6165657409 112853.54268149033 123776.05038778912 57429.2842137224 143668.19328893066 40449.850524039175 1862884.8363391862 1152336.6073269246 358888.3481050664 582606.1583930794 724725.7533584014 164107.10824218256 208341.33322620465 186106.40746120075 141783.06916162776 153276.07822950673 704207.8297615666 857269.9751995697 21909.80859902931 215673.88340525446 0.0 0.0 160574.2735637611 1084973.406737748 878697.2355553046 255544.06105571127 175416.6530817902 61788.72236300133 17105.372383019898 114695.06503071229 1040904.6899190559 696570.6196128742 88829.58356168664 858949.5817879526 1010368.9030144976 302718.49403392564 27683.51127443208 59435.37662412246 157578.61080258453 0.0 58054.11180110639 16449.616604578783 0.0 0.0 0.0 14779.844159289047 184864.5693644634 891230.6215218909 838910.4234241487 1197303.646970719 190646.0765242055 213994.1219188237 50788.60825482814 743110.5411902977 734750.9600174176 62277.0278685487 59250.76268311543 109859.99005614847 16764.212509385863 52950.810840661325
1972871.0438722628 789056.2346809509 1237788.5570510295 991458.1760495834 433122.0800883165 1060961.7379877483 1307240.2034427482 1014763.7898423645 490926.74156034924 739748.8591831031 1355159.5864291876 96626.5703722582 218820.97358813614 115934.56339587981 1067262.3081057137 1764980.8593479046 320384.7426466457 1325318.8038807025 391875.8864140968 1599128.6518554809 131033.47344717696 453054.9823704227 719903.872261411 144856.0075130113 30900.77963781844 2854.896743537817 117539.34862472958 58754.864347589915 82158.65120862427 37261.49335119433 144819.40936440637 0.0 21657.61475093596 40679.87081167143 680986.1200156733 603550.6367570333 1171900.5437987724 559298.7186616596 1445499.3428139316 142898.83010066164 80000.28433400995 214571.11127170981 0.0 0.0 93666.49605750122 1196.5129659935221 26055.972734342417 44039.92272765929 508119.3090354332 28613.745164255444 143054.49451976267 53445.0358851223 75188.24502182851 434.92724714774573 35223.19370532822 25669.630040683012 261856.2081887029 282194.390328903 30468.852143480875 10059.182626377029 4685.316763331771 628.7988612640901 1556.8586208094086
1169267.645483987 193953.34794593178 122481.06292514673 162623.60459904917 47378.179127123476 773980.8921076241 865572.3663422442 825544.1513023898 420387.1662331548 585412.4484096449 60984.10376977797 364574.1493322184 792207.207493681 205489.72011629122 1728520.5576094605 239021.9505966735 1427158.3367773797 267266.06250531384 333235.2544713478 179132.98108196407 324030.2759062426 1106286.9944716548 139201.55024063864 150649.52675517276 87323.12488968621 111511.5938948406 59.87007725623523 80671.60230916913 0.0 0.0 0.0 0.0 3529.9632537293896 5718.3948691392825 12647.753434498985 21176.05340022855 122781.263938926 284911.0144091156 952059.0439990421 187789.0441801037 84597.46920140891 105421.25817315829 2388.512960061923 1094.862567709266 15050.748758598278 382547.62395088095 429052.7141568697 701036.412252863 341694.238355027 31590.841250209072 34382.817313588996 129883.27794989519 35344.73179626738 9001.179248125874 6646.452281151958 5098.403704930913 45371.45385101067 85632.47274326334 24986.10477098093 3066.398686263628 2061.791394563956 2624.9422365912255 248331.15183463774
146443.8909944675 6340.056010876707 0.0 409.4345492469083 1397.5643328002545 222159.10019598043 1087409.1452591105 993151.9929646947 1117707.831863162 1134722.931561967 1246935.7692441242 1675615.040603048 182341.15293239485 295632.98056649213 326826.00298726675 1949517.34121829 2245400.8460561093 322613.1801720187 212706.88025772205 136459.25402387476 40606.66111485128 115519.72872108527 1276376.609132598 230567.2351773581 99850.83526956935 14873.561914712986 0.0 0.0 0.0 0.0 0.0 0.0 0.0 0.0 146671.39502788553 257204.3747837143 165137.6206886867 1244589.9231589816 1041420.8289647521 961261.4151828579 1315916.1558852277 11126.399482589793 17300.80885411571 140549.62519372356 60178.68788278711 124744.5002933514 7708.367815515385 1716.9623823565369 5854.24473521818 9240.434569285091 8759.109917879186 12968.575373508163 2230.7557769022997 1606.360257481974 33084.650250354345 27289.567436424157 13160.86320861936 300026.54249411 29566.378126797215 6199.520889211408 5359.444502658867 1366204.881390631 3907949.896324897
1031585.8283408268 49.39519188485486 0.0 0.0 0.0 29865.557056409052 269351.99072970985 241276.08852062334 1421064.1357141398 1151461.001595735 2188496.4406973305 224582.02378845913 176236.64144256478 283105.66959325055 324110.50793149037 1516819.8181005972 201585.0291776883 325688.18722087913 110983.95995846501 168252.7063106325 143733.265127674 104516.3313880885 371.5231866826175 0.0 0.0 0.0 0.0 0.0 0.0 0.0 0.0 0.0 0.0 0.0 18317.12439817294 11585.625682791784 131142.70556207286 194390.37498507692 200655.88659560707 121841.82309341799 386032.11209520366 100951.15718015816 3511.6574959769127 23280.746989655534 8126.635224563174 141671.24286287304 4789.009110309521 2888.625507172761 1676.8227320320868 31269.037449974352 10235.791289686333 6903.2720685600525 24680.1724623088 8043.208424915386 54630.55912933287 31221.257150442798 94612.8377484294 510644.7300488654 13229.331830499057 95579.24686686197 441650.8622685708 1929373.4851925983 2374625.213384795
25757.07875458356 49173.14676892455 4710.884951309322 32175.72082220391 1545.9447589700787 0.0 109834.42557718509 1090537.2455260782 1313074.1066069352 1643635.2938332343 1511429.30509745 127579.94085683138 93801.67665338976 176863.13238507343 250133.48121479683 342348.4171483262 365146.4587234716 188925.4275253706 1976633.7982508717 84819.47023842666 20619.726628122804 93065.72712276854 6551.966071011771 0.0 0.0 0.0 0.0 0.0 0.0 0.0 0.0 0.0 88.7416916356554 0.0 2030.6389975981554 22820.216723747733 58781.93166157404 19172.310400060815 18813.763268484898 10373.850238069148 11850.375081953713 143806.298815614 218554.81661698516 921617.719621233 498936.0959914702 283843.65569092194 28377.588719802425 43559.43369593633 24411.416637811042 6258.40538787487 5057.598414842814 12415.17438407848 22442.337493999956 21679.43405999645 38119.136883885694 62447.57433303211 215900.02676380085 269599.1299737029 83933.62725909689 723352.2934243255 801660.1748973911 6971737.007745629 14476780.129765641
