critload/trunk/output/2010/nh3em_crit_sw.asc
ncols 720
nrows 360
xllcorner -180
yllcorner -90
cellsize 0.5
NODATA_value -9999
[rows 196 to 223 of 360, columns 372 to 433 of 720]
-9999.0 -9999.0 -9999.0 -9999.0 -9999.0 -9999.0 -9999.0 -9999.0 -9999.0 -9999.0 -9999.0 -9999.0 -9999.0 -9999.0 9674335.8268181 14936189.63182792 11320809.92071125 12190926.709409446 21200392.24384498 -9999 -9999 21242626.61041891 -9999 -9999 -9999 27138609.615677573 25631454.80302226 32542531.95244376 22289233.23546539 -9999 -9999 -9999 -9999 23226209.848547228 42058471.272070386 -9999 58012305.51374863 33995810.93613937 54885166.22525217 27552194.637715943 16384973.290262517 -38820912.56591832 24482003.00554164 -9999 42377741.01053974 11287406.13327792 26158240.74751111 25642846.075095147 30513755.113292117 -6342505.314407872 10289520.535194963 8390116.308139984 11346626.117996808 -1770605.27141836 4032202.025708533 20543269.87278804 36766084.54507584 6465351.49921269 11400584.561147463 14244880.461002827 27277134.747325815 36426654.93741475
-9999.0 -9999.0 -9999.0 -9999.0 -9999.0 -9999.0 -9999.0 -9999.0 -9999.0 -9999.0 -9999.0 -9999.0 -9999.0 -9999.0 -64865611.04522581 8865592.650834149 -9999 12712212.612527011 18600995.718490697 26176133.60439296 -9999 20671985.72572904 11144225.27309668 -9999 -9999 30382093.74704214 28268492.479408342 -9999 -9999 -9999 24673115.014161084 -9999 -9999 -9999 72952833.35486962 76324070.79791242 45151466.467828274 56518672.24792201 22122397.05660261 25132193.942005984 16387315.431161111 -9999 -9999 -9999 17507434.83095686 -5662477.209921688 8958519.224312838 -6272474.199016416 -9999 8203451.5575307645 4719487.04617716 8578610.20841777 6894073.363201521 1262689.2546808813 8254528.92033475 15580229.359266013 11549599.169311084 11818986.537043778 15444641.323489752 4877467.6559807155 37966582.035854444 24989562.384887807
-9999.0 -9999.0 -9999.0 -9999.0 -9999.0 -9999.0 -9999.0 -9999.0 -9999.0 -9999.0 -9999.0 -9999.0 -9999.0 -9999.0 10451103.37445432 12909378.010360826 -9999 8576845.017451799 15220132.05697782 12044914.916789904 24459155.206864588 -9999 29268024.64626296 -9999 -9999 -9999 -9999 29512603.816146657 -9999 25980122.773623794 26885839.55117318 14293925.2023547 -9999 40806167.768076524 99355572.17530452 74526163.71209799 63560261.06963569 -9999 38525022.73717332 8142249.8689490715 12990866.244509574 -9999 19822123.00523249 59455214.423171446 2941908.7019745847 -8161084.958859314 25484833.061085507 22669015.497475535 21830411.643578243 23828790.715824306 24922634.110407658 9493654.369444676 15321410.309382137 330136.5777403022 4052224.925896731 4062905.5476706973 10807934.915280037 10232236.795656897 22909973.141893487 876481.272227236 22896451.761149753 -9999
-9999.0 -9999.0 -9999.0 -9999.0 -9999.0 -9999.0 -9999.0 -9999.0 -9999.0 -9999.0 -9999.0 -9999.0 -9999.0 -9999.0 28284463.342610892 26675788.271705903 12095727.603120238 10670781.4978258 17796036.858419515 -9999 22751542.238177262 -9999 5584323.238314339 25892825.73971319 35009001.45099273 -9999 -9999 -9999 30358575.28265351 31102452.07471914 29667248.752493717 -9999 -9999 30104534.1684141 46862580.96480696 49877446.3344179 58822753.39260964 -9999 -9999 30188942.216475397 18812435.52433055 54060529.179192744 8769931.48612106 56658217.72207267 174069564.69616675 45396526.655298546 22190700.550067328 20144002.664797336 26258161.211720612 25664529.877264597 29475966.604248263 3466129.4741413603 15636434.298620652 14485430.307148807 7828113.764991029 3259715.268580481 -3624779.956168469 17201835.2865803 13711926.27743639 -9999 -9999 -9999
-9999.0 -9999.0 -9999.0 -9999.0 -9999.0 -9999.0 -9999.0 -9999.0 -9999.0 -9999.0 -9999.0 -9999.0 -9999.0 -9999.0 -9999 24556412.748890266 -9999 7283535.30668503 -9999 -9999 -9999 -9999 28793204.916397847 -9999 -9999 24661582.887599383 -9999 30916172.734794047 37928644.006839044 38248209.03667547 -9999 -9999 16382357.083646594 57290943.27804381 40467967.927531414 -9999 13882779.93248491 25768378.480661053 17472002.347026695 40509339.40264494 32229017.388087858 49086934.069431566 43364748.892983615 -9999 75233808.43014067 20187729.38886902 22495656.353054263 24004769.4258747 28153188.094917215 21426424.862099186 27515992.69353854 9439458.56591751 17188439.166752055 12473448.43945047 2341559.5434823437 8253378.320333177 -3489837.105763853 16090472.161994306 16616501.9503242 21341394.368627734 16106719.195745934 -9999
-9999.0 -9999.0 -9999.0 -9999.0 -9999.0 -9999.0 -9999.0 -9999.0 -9999.0 -9999.0 -9999.0 -9999.0 -9999.0 -9999.0 -9999.0 16741990.945125924 2404976.589475122 8131577.933153788 14609628.12886915 21711086.8284649 -9999 -9999 -9999 -9999 -9999 -9999 25521431.76744921 38788448.390181765 35699083.52243401 41248723.917524785 34028756.35340193 -9999 12942704.677107904 36012567.73835285 48594342.82513817 38729147.84493295 41986435.60849172 48504965.16498353 36040905.825857446 43945428.760331854 36634833.6845309 33272040.89111687 13625911.115708362 21146535.248932008 121084126.84641163 22308060.533957057 27796495.843610782 46409045.64348258 36034913.957012996 -9999 30757371.098465066 31013592.40073857 14535868.903196972 -9999 4832788.867735607 5685660.97072953 2023717.9689634715 14951756.64456784 15402256.757909518 7971846.521004964 18238538.728837684 26210433.82671798
-9999.0 -9999.0 -9999.0 -9999.0 -9999.0 -9999.0 -9999.0 -9999.0 -9999.0 -9999.0 -9999.0 -9999.0 -9999.0 -9999.0 -9999.0 6083829.614939848 -144503.80293185078 8031382.827410532 8326188.889062997 21762700.711039744 32052357.608880434 18736850.881582685 -9999 -9999 -9999 -9999 29331474.326252967 28200733.346527297 32616162.01383671 32508976.341864683 126031627.88860908 133026770.67561275 30715234.787272014 31581544.628155183 30914083.48472935 -9999 24152212.287635878 -9999 101002294.54897858 86119102.68188214 -9999 52227395.85000064 63675710.68992497 105686641.54370803 -7366106195.7540655 26046601.45328222 30521836.084591698 19779017.156266212 -9999 34367264.994155124 30749674.43758791 25859592.47009292 10869968.64306941 -9999 -81317.74782599801 3814539.7663736106 6280649.879625666 12255484.703371154 14799195.245988462 31891654.870053824 31623858.479051422 32504501.795125462
-9999.0 -9999.0 -9999.0 -9999.0 -9999.0 -9999.0 -9999.0 -9999.0 -9999.0 -9999.0 -9999.0 -9999.0 -9999.0 -9999.0 -9999.0 1757255.945198127 5053198.79407857 10340559.17692952 15351629.27208385 10675639.796493132 16193072.163326198 14287729.919371316 20485701.569936562 -9999 -9999 -9999 -9999 28246912.206582136 32586910.283112653 36748035.54464265 -9999 -9999 78165397.64365181 99306439.01290897 -9999 -9999 19314592.582862638 -9999 -9999 -9999 -9999 -9999 170412670.57249108 60083941.48298438 -9999 31022288.581777558 29495245.708229404 168956689.73222512 -9999 33235686.4609749 32134457.951635726 21529919.47599539 7692082.112192808 14541947.88063219 9316025.128999576 4989132.716517984 12129918.483719284 -6307909.369712524 30932889.102403197 40774951.26589724 36647382.690582514 33804972.871130854
-9999.0 -9999.0 -9999.0 -9999.0 -9999.0 -9999.0 -9999.0 -9999.0 -9999.0 -9999.0 -9999.0 -9999.0 -9999.0 -9999.0 -9999.0 -1650757.5961455677 -626321.7253435297 9317998.662887082 12606770.174351748 12955805.928322267 16608556.830582693 11277325.150144722 14228298.657009935 23287836.89652273 -9999 30574823.451230794 29514381.050621532 -9999 35742212.2098635 108754585.02391002 116048343.03184912 65576103.53841497 42191641.08668061 -9999 -9999 -9999 -9999 -9999 -9999 28861374.445377328 29232290.036537535 -9999 -9999 1272517504.6902318 -220545923.77617967 657846516.9813042 32868868.65735936 44169119.573884934 -9999 -9999 13423787.789598728 11652554.123144282 -9999 11372504.586314725 15338072.72899612 6865818.73634182 -5126320.592351431 28026808.61341528 32033734.382152632 29078611.714996565 27317817.902222797 -9999
-9999.0 -9999.0 -9999.0 -9999.0 -9999.0 -9999.0 -9999.0 -9999.0 -9999.0 -9999.0 -9999.0 -9999.0 -9999.0 -9999.0 -3315918.001038449 -789153.8612663536 1853175.8518008273 8213547.161295244 7549222.22407333 7670722.504871566 16461765.836259615 14045925.03977892 19487169.321615044 24980009.12358522 29389578.82158222 29858940.97012031 30900793.191806786 31922030.653932534 35349424.09008588 37200448.483771846 154373732.84209877 120255347.1285874 91456449.19631805 53489482.598352894 -9999 28038406.10819313 -9999 -9999 -9999 -9999 -9999 -9999 -9999 24265185.22020112 28857037.506830662 -129648123.21646228 115170358.92045954 623508677.35533 23984463.092173155 17550151.13618221 8973139.689138612 -9999 -9999 7675522.132482834 6963252.3145113345 9334817.06345478 11017900.18610647 19565709.00822243 16991107.919047713 20228033.93726023 11164209.278656764 -9999
-9999.0 -9999.0 -9999.0 -9999.0 -9999.0 -9999.0 -9999.0 -9999.0 -9999.0 -9999.0 -9999.0 -9999.0 -9999.0 -9999 11382649.871603029 6039167.857599055 -1240152.8906659049 5837207.496447859 8944058.60202111 14645661.614961095 15737725.73658482 11705519.870202307 5331607.4187361915 -9999 25304632.17922979 27630969.2327867 30464979.755042765 31053797.913330585 18984247.356715895 -9999 38696794.770251736 215415874.9083048 305140489.12609154 103382826.98201135 31532964.26013139 33775125.97188525 38542938.16475777 12210242.244620968 16748948.28653368 18461016.977580465 -9999 -9999 34467742.10567238 32481987.822025433 22655378.208018836 28012626.76079627 137397295.41509897 23430502.940065484 15802321.68659939 20649446.708938107 8031508.819863577 -9999 11138876.933332004 5805622.288086999 8143119.081095543 1513450.4357632396 8781768.383425737 8810570.786890386 15090080.621527387 14594514.254620025 22109888.038007773 24715956.256941866
-9999.0 -9999.0 -9999.0 -9999.0 -9999.0 -9999.0 -9999.0 -9999.0 -9999.0 -9999.0 -9999.0 -9999.0 -9999.0 -874924.464220881 -476711.81989004574 -1048769.627922468 6878945.572181263 6465591.923604646 9786381.800491758 15127877.756119706 16605360.464845084 -9281129.05200797 5989531.100509698 -9999 26064767.482140638 27989668.606259964 30185858.33477997 14496388.136622852 16615496.065170461 17637304.958134584 23250724.872355666 29277469.692369618 161728071.33605403 147271423.86993235 29730065.673452042 34555366.41942592 -3113510.501771386 -9999 31948662.60284293 20735660.78696084 -9999 35974204.09726953 80251716.81764457 30635402.88023742 24051750.647889555 12697919.163251393 13485349.745333701 10287444.615079097 20213776.43786035 5371208.501724886 14818577.527226824 8977335.14207773 2891079.1884843186 1905680.6003430118 6338563.93171504 3384925.300660028 9999008.539529001 -5054880.8382479455 8504494.757310705 17568453.071513556 29507523.57438179 17423536.124360096
-9999.0 -9999.0 -9999.0 -9999.0 -9999.0 -9999.0 -9999.0 -9999.0 -9999.0 -9999.0 -9999.0 -9999.0 -283186.05656309356 -2945264.0207952 2978653.2215455803 5410412.1609119885 7246275.385563855 -1165695.4542706541 8571080.03944653 -9999 12632946.529392458 -9999 3719428.183901338 17822689.02126414 21996076.20142153 18513009.956575926 27341875.520051375 8607438.053211085 31114200.92578471 -9999 -9999 38216433.424403 -9999 -9999 128453578.98437336 44321692.396438494 -9999 31407268.15227607 31851683.286374763 -9999 -9999 -9999 38465006.97730294 21430418.557917222 16344019.842079414 6293509.685145243 8925439.529458102 15765551.673061814 3582198.638465262 3495768.5438110586 11540728.18232849 5632183.397712729 4954595.569210327 13427521.80641317 11237866.087704599 6343006.450585974 6015844.2509130025 -2559713.593833232 948021.7517140309 459616.34476392897 1835226.510976211 -954457.1260604775
-9999.0 -9999.0 -9999.0 -9999.0 -9999.0 -9999.0 -9999.0 -9999.0 -9999.0 -9999.0 -9999.0 -9999.0 -9999 -394456.5370004964 6591831.521612338 6143544.4956234805 198993.4179199707 4020378.905320707 9588740.295444794 14879284.786321666 17692753.201374047 14422227.20805957 3432056.7227196353 15222232.41232658 14728100.428505223 21787087.558155663 22555727.15323886 7120418.011798082 -9999 29326895.874869063 -9999 -9999 -9999 -9999 101767634.00989553 88149522.09403104 41794161.95311163 20081278.03288558 24400144.45676364 -9999 -9999 6596182.742277502 16790037.88818838 25992254.084151912 26748192.675163716 5622672.732869523 2230759.313567546 -9999 -4595495.643120403 7577634.188665902 11497710.049440462 4327617.182061332 2926182.5511496 10662197.14779905 15270818.270327939 7743062.082498334 4057908.6103053116 7429482.126041749 9077171.570311105 9450484.14415854 3353189.274473055 8768767.509347742
-9999.0 -9999.0 -9999.0 -9999.0 -9999.0 -9999.0 -9999.0 -9999.0 -9999.0 -9999.0 -9999.0 -9999.0 -8523419.94505446 7512841.929582564 2548731.7734374963 7230607.870516021 -344818.45178449654 -9999 -13258816.87047694 -1086768.2365278187 14035328.136876848 -580623.9123279506 2355230.4217850626 5374023.742151735 12396205.534436606 33202589.43605193 2745419.1905957293 94563112.18545687 -9999 -9999 -9999 -9999 69732053.5485585 -42517432.111950524 30166136.82132066 75695741.91175032 65379144.669535205 62391559.16259386 -9999 -9999 6598841.677387681 2300585.9198922506 19913378.439729672 26228556.388754033 -1556100.5447813652 5326567.471073061 4655598.858132692 -9999 -2224053.5897966083 3676067.1081712553 8800749.61695151 8086242.218426074 8847788.658642517 5099770.348440835 14319166.46456572 5740932.154879408 8258509.3297766335 8159764.978947582 5671487.855989402 18969214.51853129 21693751.93694466 8279755.624940078
-9999.0 -9999.0 -9999.0 -9999.0 -9999.0 -9999.0 -9999.0 -9999.0 -9999.0 -9999.0 -9999.0 -9999 -9999 -9999 -641319.6851722999 -56044.53244358495 -2306279.951580836 -708441.6447886846 -81379159.90655124 -1285671.9266037496 21813122.145556632 11619669.215037944 4274396.286881734 2031525.7066300395 -9999 -9999 -9999 -9999 -9999 -9999 -9999 44673517.29670581 157984588.61535257 29846348.38104069 25573353.977759697 128205671.66203424 -9999 -9999 82396856.19970742 -9999 22070433.81664148 61623982.49701142 -9999 29929187.37009108 13334797.222857375 10958488.9829916 -9999 -9999 -117832.25381405375 14484719.258926434 10689147.016432522 702261.2922609287 -2172669.5419796947 10033320.29513849 8514091.66792886 4956856.579199664 7048261.665103459 4964527.826890955 1617864.114245185 9552763.302488314 20668758.597676355 14985537.02747241
-9999.0 -9999.0 -9999.0 -9999.0 -9999.0 -9999.0 -9999.0 -9999.0 -9999.0 -9999.0 -9999.0 -9999 -9999 -9999 -227185.85445114653 -1327610.2404865401 -3583438.6691914834 -15209630.935503587 -51096074.115003675 -8428856.45624488 -13580060.244438767 -3791660.474291792 -9999 -9999 -9999 -9999 -9999 -9999 -9999 -9999 -9999 -9999 -9999 -9999 -9999 -9999 72702687.6675211 64174844.45383158 85232293.85873076 -9999 34835867.85885769 25755378.66849474 9185613.86243406 7606432.283011825 5828285.488251229 7167389.581794941 2506536.3742781915 8690658.63247902 2094502.604377074 -3985208.2148287194 2141472.348630731 589886.0306302917 7834096.191286727 2532059.2435794305 5562887.785415815 5074636.751155083 7214240.936875651 27048503.85118006 9108813.589661505 16058083.241635073 6748423.324514889 6525051.791917379
-9999.0 -9999.0 -9999.0 -9999.0 -9999.0 -9999.0 -9999.0 -9999.0 -9999.0 -9999.0 -9999.0 -9999 -9999 7522112.023724601 -124946.88212310115 -512694.81363990356 -1638724.077271847 -137676604.23154014 -54607356.52380231 -66711829.02915962 -4915240.781732142 -9999 -9999 -2842416.7595419763 -9999 -9999 -9999 -9999 -9999 -9999 -9999 -9999 -9999 -9999 -9999 -5129884.152279313 28016230.008937724 68192977.14950374 104624357.97907753 -9999 -1620664.3881860124 -2977197.982185509 1242457.472960596 -1267786.7948027113 -4559589.647701816 -9999 4554244.716426387 2096706.6322602173 7961843.217866664 7069719.662265295 5118279.16774744 9328412.337572228 1507051.8830314276 6419729.874498656 -484784.06928425917 9131170.239071673 4922329.462146198 25015515.437312644 21319701.553787317 19396184.091961887 20839570.040343918 9591987.19927569
-9999.0 -9999.0 -9999.0 -9999.0 -9999.0 -9999.0 -9999.0 -9999.0 -9999.0 -9999.0 -9999.0 -9999 -9999 -9999 -839437.4085402996 -976272.4524532971 -9999 -42048014.54663715 -11210770.264182698 -119392036.85574561 -437833.3352010641 9883336.626829512 -1205489.5356897702 -4424235.600819124 -6822544.562777888 38859255.01881069 -9999 -9999 -9999 -9999 -9999 -9999 -9999 -59416719.61870107 -9999 -9999 24250788.35102606 110294671.64751226 90140082.95028391 -1919304.7367633786 -1375496.9806125448 884382.3734195738 5058957.921225568 -5128823.286088975 8143452.719761947 -331209.34315057483 10183957.627854973 4023635.9918465326 8200028.467225134 13612213.923102306 8691716.279330956 2139825.7769435765 5257163.569864519 5844313.92628956 11937470.97063144 19170525.63805428 45591399.85736526 22923994.415679023 22455074.042049155 22025405.24156516 22513617.79483553 13608487.926672459
-9999.0 -9999.0 -9999.0 -9999.0 -9999.0 -9999.0 -9999.0 -9999.0 -9999.0 -9999.0 -9999.0 -9999 -9999 -9999 149031.99417350467 -801564.003411191 -878657.8878123433 28369368.53271236 134057801.61447653 51286201.679584995 15575307.485819275 25104464.784084745 -1991397.8637830259 -2472482.8691959223 -742728.5069372067 -14990089.92389597 -879800.4292936428 -30478742.144820087 -3066807.297990015 -24152104.18675705 -6938160.621443536 -10222859.156374915 -2121073.015301736 16122965.906798225 -37637070.81580499 -9999 -10964648.476434804 24434941.212841135 9924955.709311593 20770166.83914801 1934578.9163222709 503991.1321501931 6081207.303699278 11630448.512452863 4449933.7869176995 1269961.108049605 -3006741.0058943145 473463.6560380849 7716970.299472938 25843460.60404671 -10301157.819352563 10753292.19658055 3382397.207397747 2706348.8391497373 19015558.501144443 26758823.555541463 37159031.76148455 45111276.16343886 31629890.32167152 45682420.7466936 78134336.47239563 86900243.5894298
-9999.0 -9999.0 -9999.0 -9999.0 -9999.0 -9999.0 -9999.0 -9999.0 -9999.0 -9999.0 -9999.0 -9999 -9999 -9999 -9999 -891871.8462881161 -507088.74134937883 -9999 -9999 -94590112.28828119 123499991.99088994 72969019.88195181 -1841339.2767501583 -1210530.5707960296 -1000444.567623982 3416345.8209781693 -1055480.3991839206 -989680.3352183369 -1122840.1268010433 -714388.9918130263 -924801.9708858326 -33413023.613804005 -9656377.727882497 -938442.5497823444 -416593405.9053999 38954333.64523364 -48229406.693097964 -298518.75051614665 24928305.116766106 6636371.301709825 1869642.1798120537 1874293.979392031 -9999 2168769.5517952098 1547082.4195011882 25115608.275465198 6657955.022363719 -5995322.451175932 8613048.228827931 11023675.755967781 1475576.188593327 12425033.83316894 14883120.143535387 11869027.439511836 20598191.734483287 27063413.864646308 26612757.001648948 41474010.96011448 40766410.57352293 29553065.00952558 88643365.67638403 114914289.09557958
-9999.0 -9999.0 -9999.0 -9999.0 -9999.0 -9999.0 -9999.0 -9999.0 -9999.0 -9999.0 -9999.0 -9999.0 -9999 -9999 -9999 -865061.9045052209 -9999 -9999 -9999 16721500.577123046 -9999 -9999 54313493.71956483 -42706989.168761656 -2056804.4627654364 -808366.7169568597 -1356525.226585304 479318.281599574 1655439.3787173508 780118.684718233 -9999 -9999 -9999 -9999 -9999 -9999 -9999 -805609.5298370384 423022.7347641733 -919346.531820335 -9999 16996291.735358004 -9999 -9999 29536896.76058846 28559043.207419444 25061792.92137374 -187224.12597251078 5549266.193814501 21493505.153589323 2264748.816014033 2441194.381945743 2724054.1759397695 10904788.724771593 10266986.931990039 20401153.286572814 26683606.374573305 36011611.726426944 60595818.005113825 53370720.16764489 61327366.1586052 -9999.0
-9999.0 -9999.0 -9999.0 -9999.0 -9999.0 -9999.0 -9999.0 -9999.0 -9999.0 -9999.0 -9999.0 -9999.0 -9999.0 -9999 -1869798.4825721278 4871832.366953411 -9999 -9999 26812858.10754384 -9999 95477599.37212206 -2059836.5358838146 12628162.197259868 4113179.993372841 1710344.636711382 -1146813.3569328089 -783701.012731473 -1162228.1630650794 -1339079.0722842058 -976766.1554442242 -9999 -9999 -9999 -9999 -9999 -9999 -9999 -9999 -939965.5652701738 -716235.8771537244 -529233.6247517443 22676244.926086523 1067042.9036427415 23370106.66874645 14693338.567595223 5647966.752472188 6824076.78022263 860653.4452783051 7349719.492193732 12593099.489212086 6869629.045850976 2520555.4152735453 2585892.568339725 1078852.173406673 6081411.591961073 13235629.023800647 33550456.09477911 42490027.868062414 100038261.3366049 117807555.13801739 -9999.0 -9999.0
-9999.0 -9999.0 -9999.0 -9999.0 -9999.0 -9999.0 -9999.0 -9999.0 -9999.0 -9999.0 -9999.0 -9999.0 -9999.0 -9999 -9999 -9999 -9999 -9999 -751506.3471222307 -9999 -975777.8419021298 -1142626.3165270514 4480160.954899471 5520730.129760018 -5585969.297125836 -19121093.73902243 -1230294.6440405976 -984519.3644707996 -1519667.1758141448 -1180332.4714693858 -9999 -9999 -9999 -9999 -9999 -9999 -9999 -9999 -9999 -676487.5241749024 12918777.34851928 -14834122.821341138 -1595954.9462645059 1185389.6629726414 1496671.3649316323 6281550.077249749 3838497.655793692 6551989.839021796 4625838.629477135 3118827.1698327437 3154401.076362922 3871703.444837194 6090021.594293281 5535175.242939113 2791605.1490368624 6801405.920272447 42566129.226646446 64361640.99009761 126282811.43178207 -9999.0 -9999.0 -9999.0
-9999.0 -9999.0 -9999.0 -9999.0 -9999.0 -9999.0 -9999.0 -9999.0 -9999.0 -9999.0 -9999.0 -9999.0 -9999.0 -9999.0 -9999 -9999 -9999 5806960.369827386 -656274.5345898776 -483011.46335956355 -371926.1055171199 -6746311.871926419 -235219.84736284864 -725095.33867941 -9999 -9999 -776784.2968008566 -9999 -9999 1007507.9328103409 -9999 -9999 -9999 -1000405.1439279241 -9999 -9999 -9999 -9999 -9999 -9999 80706280.16231315 -9999 -1885581.7614024458 9877847.69004488 -2197478.4812160805 -19810212.54483407 -55452.57447835953 1272662.3668666063 6313187.954628246 4705161.260934428 1246959.5495905667 4297149.099892457 8772775.30191276 6807479.710648395 22214894.195456572 38563760.9922628 62317194.75394921 82627891.99293366 -9999.0 -9999.0 -9999.0 -9999.0
-9999.0 -9999.0 -9999.0 -9999.0 -9999.0 -9999.0 -9999.0 -9999.0 -9999.0 -9999.0 -9999.0 -9999.0 -9999.0 -9999.0 -9999 -9999 -9999 -9999 -9999 -928966.5386988507 -909409.6484005586 -306620.5835850437 -9999 -9999 -9999 -9999 -858490.9337628495 -9999 -629597.4001983294 -696981.9944747087 -9999 -9999 -9999 -9999 -9999 -9999 -9999 -9999 -9999 -9999 50732331.20406361 -1049736.8454361008 -3287875.0367835127 -3249072.686216309 21640.469931914187 253365.19761923072 1283995.7142437354 1853105.5598736033 1523722.2714680838 1193357.4786614953 3960589.1390642053 13042079.060717855 11420622.32424965 10670508.671918698 23802278.10961785 81727677.56754357 72224759.8590192 80042591.45530647 55411753.83522413 -9999.0 -9999.0 -9999.0
-9999.0 -9999.0 -9999.0 -9999.0 -9999.0 -9999.0 -9999.0 -9999.0 -9999.0 -9999.0 -9999.0 -9999.0 -9999.0 -9999.0 -9999.0 -9999 -9999 -9999 -9999 -776821.8974427524 -828332.472050697 -9999 -9999 -1197898.3240212502 -272135.2629966873 -1190120.6221335712 -845184.567525318 -755792.9997996731 -614216.5889111436 -9999 -9999 -9999 -9999 -9999 -9999 -9999 -9999 -9999 -9999 -9999 21430966.787719347 -1707018.5171576226 28244646.597031534 -4225724.382080161 22884209.28583084 27126235.604259454 8753176.683818633 2882368.2198533313 2578708.800668404 4828429.177925186 8949258.05288606 14348438.77574924 24566883.879820988 10142884.839028489 36923427.32724361 53696768.20273824 71789498.60384798 71567461.98220246 50866928.84202541 -9999.0 -9999.0 -9999.0
-9999.0 -9999.0 -9999.0 -9999.0 -9999.0 -9999.0 -9999.0 -9999.0 -9999.0 -9999.0 -9999.0 -9999.0 -9999.0 -9999.0 -9999.0 -9999 -9999 -9999 -9999 -9999 -9999 22445486.530018672 -9999 -1225797.3117113984 2045353.5594442668 -9999 -971935.5095940763 -9999 -9999 16700485.680856057 -9999 -9999 -9999 -9999 -9999 -9999 -9999 -9999 -9999 -934165.1079943401 -798535.068719503 -605275.5811044722 -1596958.3221597373 16033701.591143645 29148507.74724022 -9999 -9999 -9999 -9999 25336394.478112176 13458177.253987357 5114194.138349474 -9999 71029704.16120797 -59491969.54434091 108200100.28702874 51191626.54745184 -9999 17542017.0917068 -9999.0 -9999.0 -9999.0
