critload/trunk/output/2010/nin_ara.asc
ncols 720
nrows 360
xllcorner -180.0
yllcorner -90.0
cellsize 0.5
NODATA_value -9999.0
[rows 81 to 107 of 360, columns 183 to 243 of 720]
0.0 0.0 0.0 0.0 0.0 6538.486429132937 0.0 0.0 0.0 0.0 0.0 260571.69705029007 315103.0746269286 25406.536952740098 441081.7287277307 222155.38234098512 0.0 -0.04972226452809991 -0.05013428821985144 0.0 -0.0008820308939903043 0.0 0.0 -0.0003264956103521399 0.0 0.0 0.0 0.0 0.0 0.0 0.0 0.0 0.0 0.0 0.00022728866497345734 0.0 0.0 -0.0501830888697441 199231.26586670507 491550.9975990352 68127.12073135484 0.0006332485791062936 3.8260176552284975e-05 65728.94287194252 -6.454399863287108e-05 0.0 0.0 8.087723472272046e-05 -9999.0 0.0 -0.0007873389222368132 -0.050613411935046315 -0.020027142905746587 0.0 -9999.0 -9999.0 -9999.0 -9999.0 -9999.0 -9999.0 -0.004904949892988952
99146.75347061746 0.0 0.04982907025987515 0.0 0.00011605505278566852 0.0 0.0 0.0 0.0 92076.78645739763 0.0 0.0 0.0 0.0 199980.62055218336 1314416.7904703869 964075.73646875 80725.47796933954 4845459.019967789 481617.1380481777 1027903.129727926 201554.58388719938 0.0 0.0 0.0 0.0 0.0 0.00023422594676958397 0.0 0.0 0.0 1638666.7198723722 4078581.557433017 2565492.103549613 1636798.4012001976 0.0 0.0 589915.6710421678 148687.11961649603 5972.1546482864815 4024479.302449161 3024925.0289843916 381066.22175537737 0.0 7315.73119275483 960291.022199592 490376.8643867065 329056.39985277713 62872.58058902014 -9999.0 -9999.0 -9999.0 -9999.0 -9999.0 -9999.0 -9999.0 -9999.0 -9999.0 5008.40663790992 45712.08165756558 0.0
-9999.0 -9999.0 -9999.0 -9999.0 0.0 0.050479070934670744 -0.0488891903514741 229663.11084785272 0.0 0.0 0.0 0.0 0.0 0.0 406507.9284719511 7707.334483759345 468625.2696686013 0.0 1656463.1834688387 1086078.046788012 1305668.3984962371 1127411.6410675962 312150.1620616068 0.0 0.0 0.0 -0.0001144155266956659 0.0 0.0 0.0 0.0 0.0 403669.138124878 1799575.1140497138 1775184.7575511076 1011445.6934072815 0.0 147310.96896712843 3947880.254108818 1099617.85205308 1260659.40013767 419583.3509980064 1077522.150537533 12040.336062729308 429962.86613353965 535649.4528926611 560800.9763670078 113896.57978832873 390776.99318423367 -9999.0 -9999.0 -9999.0 -9999.0 -9999.0 -9999.0 -9999.0 -9999.0 -9999.0 0.0 7302.272374128244 6535.055949220302
-9999.0 -9999.0 -9999.0 -9999.0 -9999.0 0.0 0.0 111188.93885426476 0.0 0.0 0.0 0.0 0.0 0.0 0.0 -0.0002532209509809036 383303.0852579963 5269714.080868182 2305712.8811140973 132605.88785274574 109544.04450129505 0.0 0.0 0.0 0.0 0.0 0.0 0.0 11601.699172401884 0.0 12034.69058829978 41509.26821856656 15361.801573604442 91037.12858678601 0.0 0.0 554543.3380493851 2265298.709854044 2936054.416741917 1222734.514723389 0.0 0.0 763575.0846675764 234849.7528305216 419402.60186777177 1173725.585536097 1382068.1488018143 5371279.404881388 -9999.0 -9999.0 -9999.0 -9999.0 -9999.0 -9999.0 -9999.0 -9999.0 -9999.0 -9999.0 0.0 0.05012969203016837 0.05041502076528559
0.0 0.0 -9999.0 -9999.0 -9999.0 -9999.0 -9999.0 0.0 0.0 0.0 0.0 0.0 0.0 0.0 0.0 0.0 16028.60069258941 464383.8314209171 3448732.2498834305 120171.84113665132 0.0 0.0 0.0 0.0 0.0 0.0 0.0 0.0 13690.72189506064 253090.76752192862 214364.49004397859 93871.28560724892 0.0 0.0 0.0 692074.4313251423 2266302.8651952385 1391356.171962609 776330.6530211999 327239.2573911089 4238520.099968045 2435803.5279760817 247858.95474208298 41601.96827214034 180498.106339519 354284.7037939917 1404857.7670761498 632029.4540131333 -9999.0 -9999.0 -9999.0 -9999.0 -9999.0 138026.8160404708 -9999.0 -9999.0 -9999.0 -9999.0 -9999.0 -9999.0 -9999.0
0.0 1219795.284635335 0.0 -9999.0 0.0 0.0 0.0 91163.57744018288 660157.9686514564 0.0 0.0 0.0 0.0 0.0 1910285.928048661 2460635.2586281844 62641.587338693455 0.0 26293.647537600944 0.0 0.0 0.0 0.0 0.0 31395.734385247004 493264.3736834959 1377608.8259846822 68305.7597482552 0.0 401814.9620914398 243834.86894341614 2916491.581494109 5798995.195914274 6747613.730614596 7812592.923315712 5994557.578839869 729357.86699215 602015.6753601481 0.0 0.0 4284851.290734654 6137255.508584043 309242.4435882584 0.0 114125.67567640594 119157.57370350944 343319.58339740155 2641441.0098025994 3676557.5054473984 1048206.4028333678 -9999.0 -9999.0 -9999.0 -9999.0 6662.0695967727615 134623.0102565809 107754.59398941057 -9999.0 -9999.0 -9999.0 -9999.0
409532.37535864423 398598.4259396475 0.0 0.0 686982.7816821651 0.0 292230.38569772436 1208924.1590574526 3683847.400233277 1413459.9365111857 606793.640659807 941272.7377693516 646925.0942823925 580628.7282121689 1756962.0080867703 1759893.6304610975 1216375.7687988821 568982.8220907483 1729372.453792868 134822.49394392353 0.0 13013.35895045985 14021.056557502552 0.0 83240.39286603211 604812.741301522 303134.516069342 682065.9087879478 138178.0377153024 2333443.0961220316 8502665.123980975 9935693.053424612 10441053.062065251 5265551.43590162 4410052.1429955615 4736150.216581309 446325.5773342968 0.0 155276.46126387658 0.0 5827.861798128781 6256660.734443203 1072982.4601156195 343046.6012437968 66200.5749883168 308378.1692146475 960611.006256145 11127037.060373165 5021804.804216269 4091690.172289917 5705454.288240357 7287268.916222317 1899286.4164558658 -9999.0 366207.6722921612 127980.60593826143 3568618.223747675 1126093.4011585035 -9999.0 -9999.0 -9999.0
786035.3706951005 1469906.0014142327 2805577.3747980697 0.0 0.0 0.0 0.0 764556.6261498943 0.0 0.0 0.0 0.0 0.0 0.0 0.0 499540.8381671208 691842.9987912661 639834.3747274829 672354.4415461605 0.0 0.0 0.0 3795212.9580751755 6766567.673490334 2558763.327064926 2674893.150328008 4564399.905486544 4762163.290339501 17610153.994252753 8581026.41134942 11812984.029192522 12376086.057972157 6930165.77578508 3984983.4339939905 1500426.864567757 1822108.8388210142 86900.64871898788 35996.61216031264 0.0 0.0 74110.37064087314 54174.53530431098 250462.21982072547 3797034.4491496077 2411359.317666078 1556343.2836258581 1710605.383292371 999868.502073253 2477356.074404727 1092146.2934575286 1071197.2052982375 2116742.9067625306 1610795.8745581643 5887185.615391319 1191159.7244409728 781882.2841587296 847885.2042881952 22715.214735826412 -9999.0 -9999.0 -9999.0
5157895.030189555 4194024.0599285187 0.0 -9999.0 0.0 0.0 3001461.9078943804 5437868.562400209 1410814.8211090022 2344320.631743419 0.0 -9999.0 -9999.0 0.0 1209931.8668579566 -9999.0 251295.1284160872 923906.1489260434 1656149.6168464348 179724.49653368062 8852.22788454816 135106.09607603 127945.22190194197 1719388.9989253674 7862174.477843109 10044542.07652967 12635193.2061368 11102794.133832559 10425689.837608352 9384139.24234521 12412167.640311433 7223711.525247448 3154370.0467628166 6695586.056821853 0.0 59203.676324520144 0.0 0.0 265466.6383978687 0.0 0.0 48378.88864222641 182361.75275956583 369108.31388626434 230044.57491405596 1310453.7969269175 87781.0017500691 3337113.267864083 2351267.327655238 1655265.8838191081 4015032.6607360644 1038883.5578676629 557623.2007626877 435841.8143617463 367764.4297731137 -9999.0 -9999.0 -9999.0 -9999.0 -9999.0 -9999.0
20440146.46951656 3963510.8351346133 0.0 -9999.0 0.0 5341455.52649777 3702048.24050373 0.0 406524.3487354584 717915.761591618 0.0 -9999.0 -9999.0 -9999.0 3852443.941691933 4503093.851018337 520591.9049940132 7277088.3689314965 6204010.432208521 3977317.500320352 1208836.3054746455 947896.44586821 2853600.32168953 1611879.8326824773 5407984.415738357 8080154.748900175 9959371.4042378 3445578.4882326378 8080300.922712731 5784573.264356079 10495713.396835469 2255673.2085857 831490.4907595753 0.0 0.0 0.0 0.0 414481.9517690997 884707.5688626473 1144352.5279996446 0.0 0.0 104345.84234509588 0.0 -9999.0 1617250.7020287567 1348633.988335047 1216255.994264326 1020748.5933040763 2061284.9500765167 710756.2473545388 105864.98487218742 218171.8285739987 -9999.0 -9999.0 -9999.0 -9999.0 -9999.0 -9999.0 -9999.0 -9999.0
5601870.641529211 19861033.669551425 -9999.0 -9999.0 2515005.500648065 918464.46169753 4286404.4205517825 275004.6542217663 2198173.8184292917 4862750.674925721 0.0 0.0 -9999.0 2633855.537793023 12975652.92408007 11798697.861308126 11778022.341492666 12164059.480529238 10352114.289910546 12681484.03669907 11400944.29327574 12483124.929898083 9795203.898737147 7996966.708975755 3877616.249652948 0.0 459215.0737582705 0.0 0.0 0.0 8098243.934614333 0.0 0.0 0.0 0.0 513699.8071401188 2569842.4735920946 713614.3424843804 497255.8809171456 0.0 0.0 0.0 -9999.0 -9999.0 676058.61241322 67137.88330297798 62397.824023167355 302398.8662146542 509785.05268532195 188074.14061579126 -9999.0 -9999.0 -9999.0 -9999.0 -9999.0 -9999.0 -9999.0 -9999.0 -9999.0 -9999.0 -9999.0
5862399.853240844 3729537.235461748 -9999.0 0.0 7820875.292447725 3406705.007412011 6029559.374375494 12127006.691183886 9170464.218889885 0.0 11583644.652753232 7789619.173081886 -9999.0 6141936.763553522 14126481.819091469 14587845.567927048 14094241.580995323 9994053.17466533 3816294.797466597 2794072.082391366 1502739.3720047488 -9999.0 2339465.015431932 -9999.0 0.0 4362805.905127481 1074284.4758368477 0.0 0.0 0.0 6733074.145795868 0.0 0.0 0.0 0.0 1398607.8513004032 9088399.962535521 128287.76157173103 0.0 -9999.0 -9999.0 -9999.0 -9999.0 -9999.0 938248.0847071855 237557.06545086633 162939.64273983153 74082.78988787954 -9999.0 -9999.0 -9999.0 -9999.0 -9999.0 -9999.0 -9999.0 -9999.0 -9999.0 -9999.0 -9999.0 -9999.0 -9999.0
25782555.60352932 0.0 -9999.0 -9999.0 6019401.854793348 17600229.3732145 16913366.265904468 16029198.950291054 16452243.61132395 20006877.62834206 18124970.13662389 10340875.105861273 1365906.1018115652 10227472.398395728 14357788.978263425 14299624.59291001 13882771.163418023 8378203.544247897 4216860.064595734 16037509.206337668 24594969.21134018 11699068.690416818 12876630.208856061 12030120.04281927 11179606.68404154 1977311.9168796083 5436683.3501463905 2749468.953293681 633509.2292313415 6867475.4446360115 5950354.729619412 0.0 238187.4928970412 1239753.2879865977 1202371.778847337 2320192.8744099354 64985.928464453944 -9999.0 -9999.0 -9999.0 -9999.0 -9999.0 -9999.0 -9999.0 -9999.0 -9999.0 -9999.0 -9999.0 -9999.0 -9999.0 -9999.0 -9999.0 -9999.0 -9999.0 -9999.0 -9999.0 -9999.0 -9999.0 -9999.0 -9999.0 -9999.0
40692195.50631039 0.0 -9999.0 -9999.0 0.0 20746834.36566019 18045568.939337224 18567823.472417563 20803856.188811492 18538496.64670382 11983926.130792283 12785902.725595906 14292180.8706524 14706695.885680802 10093231.117731798 11169261.900487915 7979812.443936291 4819747.059130692 4457928.777768279 10514760.954920046 27352771.152422424 25583910.02056619 15884659.213058256 11925829.365201116 8217291.398173392 3731475.713723614 10363427.207982743 15088640.929000994 12972867.909010569 9199425.693744127 4390751.8197103795 5298906.761773857 815417.6788559634 3616874.2257375424 2556417.7602949645 722914.7993475448 -9999.0 -9999.0 -9999.0 -9999.0 -9999.0 -9999.0 -9999.0 -9999.0 -9999.0 -9999.0 -9999.0 -9999.0 -9999.0 -9999.0 -9999.0 -9999.0 -9999.0 -9999.0 -9999.0 -9999.0 -9999.0 -9999.0 -9999.0 -9999.0 -9999.0
12386435.142106084 0.0 -9999.0 0.0 17988132.74456002 20612458.178786796 18181013.693285342 15874462.481834985 20080779.02221052 21382400.771804247 8094686.965851333 8705095.004685968 8852879.972775333 2779405.644561637 -9999.0 -9999.0 0.0 0.0 4023821.3036636384 992916.8563241129 8298104.267860198 8763052.79512903 9186783.518186005 6448260.70063451 5449474.757226187 0.0 1720540.7186442127 1977004.9085390083 239099.14450178924 16172335.073048372 1108247.2000424888 4227188.506775394 3789583.5695116688 3913200.7133795377 1397259.162978136 172246.61899668633 -9999.0 -9999.0 -9999.0 -9999.0 -9999.0 -9999.0 -9999.0 -9999.0 -9999.0 -9999.0 -9999.0 -9999.0 -9999.0 -9999.0 -9999.0 -9999.0 -9999.0 -9999.0 -9999.0 -9999.0 -9999.0 -9999.0 -9999.0 -9999.0 -9999.0
10558714.040752556 1053816.143450704 0.0 15223757.002764445 23875877.031751476 24074749.031541076 20980849.88917671 22051160.398594804 20362785.645515844 22973186.404764537 0.0 0.0 -9999.0 0.0 12300572.21575505 7496045.98091419 11486735.13789719 2654713.8905612663 13791.83332791044 0.0 0.0 0.0 1398758.6217730374 3288091.347138379 0.0 664528.6594127802 0.0 593885.1954401153 8869331.505034665 9342648.540426634 2725671.450914173 5914981.561364609 5727574.631618478 3504530.925476486 2813603.698293913 2819565.0481378837 642055.2591164638 62263.38207246525 -9999.0 -9999.0 -9999.0 -9999.0 -9999.0 -9999.0 -9999.0 -9999.0 -9999.0 -9999.0 -9999.0 -9999.0 -9999.0 -9999.0 -9999.0 -9999.0 -9999.0 -9999.0 -9999.0 -9999.0 -9999.0 -9999.0 -9999.0
24777014.739041705 25831056.209898904 25979442.917248644 23614064.44345278 30335529.68977237 28859108.394165248 27439711.738170493 21426161.803428784 17657336.217564806 20550759.394262597 23302713.424180485 21949245.928584356 21017451.239959456 10513982.175796188 14486331.820377965 11802243.368860316 2885830.4654339496 2582955.761469929 0.0 -0.1546769649721682 0.0 11387.519086902308 2106709.626519956 10514505.80513307 5947411.261656892 2475799.7608120483 673915.6950515064 2529938.983350708 8636760.382479275 744691.8522221121 2063355.7639143425 1711514.5956015806 627308.5162474603 1524532.8674984165 88011.02122543458 574527.1046977064 7344.116635642518 -9999.0 -9999.0 -9999.0 -9999.0 -9999.0 -9999.0 -9999.0 -9999.0 -9999.0 -9999.0 -9999.0 -9999.0 -9999.0 -9999.0 -9999.0 -9999.0 -9999.0 -9999.0 -9999.0 -9999.0 -9999.0 -9999.0 -9999.0 -9999.0
16329942.615143001 17166926.61403895 18761869.504864752 28975454.20855226 28993163.476601534 28913665.543129884 30191580.123152427 26763160.293067396 22802403.804612294 21693170.574212275 21902354.956302285 22969980.784062706 18617658.880482163 22050755.21558873 13900291.493201056 37177714.563029215 19304630.614698898 25634554.847602386 14768879.695104215 4724076.722711449 52309.87635500308 3279577.09793878 6784982.367871076 14813162.925745392 5393361.721405452 10888742.792348068 14018858.453108408 7915716.98811524 1936.988829301642 0.0 10666.276217058687 2486114.911619538 1998463.2183505192 -9999.0 -9999.0 -9999.0 -9999.0 -9999.0 -9999.0 -9999.0 -9999.0 -9999.0 -9999.0 -9999.0 -9999.0 -9999.0 -9999.0 -9999.0 -9999.0 -9999.0 -9999.0 -9999.0 -9999.0 -9999.0 -9999.0 -9999.0 -9999.0 -9999.0 -9999.0 -9999.0 -9999.0
19350910.509977475 22508522.377580293 26125420.33958713 29909740.760452446 25343112.66369147 26585257.744876154 24917631.753199376 27083510.070774794 26165992.437134497 22140833.012616675 20948580.14864218 23313157.424128167 10331953.075873457 7364109.196073343 2937126.173912597 26013649.22487098 17994766.253220294 13802659.618889911 11153892.65079188 7374567.285879865 4232648.552085465 4571721.676983479 17182981.731457703 14490325.928747725 25018636.657452766 17807516.8087857 11873964.885051351 8927358.49153592 4151747.806284784 -9999.0 -9999.0 -9999.0 -9999.0 -9999.0 -9999.0 -9999.0 -9999.0 -9999.0 -9999.0 -9999.0 -9999.0 -9999.0 -9999.0 -9999.0 -9999.0 -9999.0 -9999.0 -9999.0 -9999.0 -9999.0 -9999.0 -9999.0 -9999.0 -9999.0 -9999.0 -9999.0 -9999.0 -9999.0 -9999.0 -9999.0 -9999.0
20044493.870140105 18289193.6249628 26656186.9427151 23461775.609326147 18375798.43013357 24596536.71869964 24309323.206982758 23963019.05288683 20364537.67321927 22493807.889468938 20590936.856115498 21212283.396270994 10690481.673341596 3310865.0158372805 147751.91818122135 990525.3589418516 11543438.698237758 20456177.314189553 4377445.256856727 4776818.640512065 2933540.3493059324 23316393.4289635 24681717.117167894 28309393.465612084 26320301.48610989 18894051.46407774 8816735.717587331 5022930.5887450995 497757.0591474051 -9999.0 -9999.0 -9999.0 -9999.0 -9999.0 -9999.0 -9999.0 -9999.0 -9999.0 -9999.0 -9999.0 -9999.0 -9999.0 -9999.0 -9999.0 -9999.0 -9999.0 -9999.0 -9999.0 -9999.0 -9999.0 -9999.0 -9999.0 -9999.0 -9999.0 -9999.0 -9999.0 -9999.0 -9999.0 -9999.0 -9999.0 -9999.0
17877214.338007905 20153298.912089434 27616076.67486916 10294025.811152352 8698942.43236793 23268691.2547511 15965931.834195547 16812790.451293793 17527776.777716037 26249663.798237037 13536522.568832925 6709351.220195161 8268637.63074742 12971936.32438778 2760308.0644414094 -0.030883200466632843 2840676.8808381646 18305.961776323675 1757570.968889073 2125084.8084068396 6642420.383186111 13966708.242706738 15974078.524755567 6112721.337383725 7466009.5645973915 14182846.360002343 3708358.374551709 3798545.0423537274 12829.833941312443 -9999.0 -9999.0 -9999.0 -9999.0 -9999.0 -9999.0 -9999.0 -9999.0 -9999.0 -9999.0 -9999.0 -9999.0 -9999.0 -9999.0 -9999.0 -9999.0 -9999.0 -9999.0 -9999.0 -9999.0 -9999.0 -9999.0 -9999.0 -9999.0 -9999.0 -9999.0 -9999.0 -9999.0 -9999.0 -9999.0 -9999.0 -9999.0
15244727.43117427 20177644.214083217 19293532.05884192 8392949.74102584 16182641.890822798 17952051.665046442 14982979.824110001 14729425.445317764 13046373.266367048 21219779.72265744 3523223.827789383 14358351.26512827 19746568.74446679 7039657.974679466 -0.06849619117565453 0.18020673334831372 145117.1037844045 0.23197924660053104 327080.1674687787 5476292.360599496 2318915.8720390745 11121233.680707922 5390137.761627954 9485279.026428493 6777852.537104544 17452351.517723586 9198592.41640098 0.0 -9999.0 -9999.0 -9999.0 -9999.0 -9999.0 -9999.0 -9999.0 -9999.0 -9999.0 -9999.0 -9999.0 -9999.0 -9999.0 -9999.0 -9999.0 -9999.0 -9999.0 -9999.0 -9999.0 -9999.0 -9999.0 -9999.0 -9999.0 -9999.0 -9999.0 -9999.0 -9999.0 -9999.0 -9999.0 -9999.0 -9999.0 -9999.0 -9999.0
19120302.48893913 26676990.353558775 19963052.60734733 17046681.233436923 14708399.732915392 13621410.861594535 21843654.81305463 15471675.121934246 21738215.873148892 16234726.848235836 782757.4780802248 4695114.308185432 635036.7580798132 883918.4981153108 0.05059817631263286 41.02797492069911 1212.356648041198 59565.237967651236 6590163.309897843 7574021.80066868 3393175.0304251444 3455807.214522061 3459355.243082151 8184962.50028646 1040088.2464972846 9004315.797512611 6477095.2491552 -9999.0 -9999.0 -9999.0 -9999.0 -9999.0 -9999.0 -9999.0 -9999.0 -9999.0 -9999.0 -9999.0 -9999.0 -9999.0 -9999.0 -9999.0 -9999.0 -9999.0 -9999.0 -9999.0 -9999.0 -9999.0 -9999.0 -9999.0 -9999.0 -9999.0 -9999.0 -9999.0 -9999.0 -9999.0 -9999.0 -9999.0 -9999.0 -9999.0 -9999.0
14396985.066909932 20861319.556882106 22436834.92473811 13372186.660533832 19265942.22561616 14430700.55061691 20096061.904495236 22027595.55269193 17831307.933187794 2586457.231732094 1194973.3748589517 97451.95248995913 1.7463599789595947 3018.9007843993472 201569.37091123147 1812242.017167961 1922408.6033823972 880914.8255936378 3339068.993989369 711921.339516134 518119.9170039778 2726022.478489792 4149055.540968206 2755239.1057295147 2096485.902325632 5485354.9891296085 346406.6704142422 -9999.0 -9999.0 -9999.0 -9999.0 -9999.0 -9999.0 -9999.0 -9999.0 -9999.0 -9999.0 -9999.0 -9999.0 -9999.0 -9999.0 -9999.0 -9999.0 -9999.0 -9999.0 -9999.0 -9999.0 -9999.0 -9999.0 -9999.0 -9999.0 -9999.0 -9999.0 -9999.0 -9999.0 -9999.0 -9999.0 -9999.0 -9999.0 -9999.0 -9999.0
15255391.462488657 13029039.195089681 14612527.558588091 12104659.85250001 15671497.881190468 18729822.027999185 15918662.848825712 20881421.85359195 8245157.753374449 2510140.352610128 36140.05818047814 16078.941781915792 0.16238338011316955 1102085.8948071385 418873.40517809446 3643632.75189008 2464962.46553431 5843744.141568391 6556793.903875185 4953218.481654157 2938171.0321155894 2615769.554173833 4924656.679616024 3333411.2479351293 2740479.491100096 2133342.6651695464 -9999.0 -9999.0 -9999.0 -9999.0 -9999.0 -9999.0 -9999.0 -9999.0 -9999.0 -9999.0 -9999.0 -9999.0 -9999.0 -9999.0 -9999.0 -9999.0 -9999.0 -9999.0 -9999.0 -9999.0 -9999.0 -9999.0 -9999.0 -9999.0 -9999.0 -9999.0 -9999.0 -9999.0 -9999.0 -9999.0 -9999.0 -9999.0 -9999.0 -9999.0 -9999.0
14536049.111059943 14444723.773992114 22005550.517451357 22078117.854238745 22206391.892239522 19055900.863742515 8626039.252059195 4846132.881819016 3871282.892608154 3052635.8322376185 5114671.447482875 2875905.1403755737 6224117.50556235 4353963.072940347 3641395.3684268664 4478685.024505618 2237828.3521032846 5922197.438593241 9260571.863006655 8678024.010873273 6121463.1489401115 3815409.4925615215 4606408.451825647 9275657.061717357 5467592.844091106 -9999.0 -9999.0 -9999.0 -9999.0 -9999.0 -9999.0 -9999.0 -9999.0 -9999.0 -9999.0 -9999.0 -9999.0 -9999.0 -9999.0 -9999.0 -9999.0 -9999.0 -9999.0 -9999.0 -9999.0 -9999.0 -9999.0 -9999.0 -9999.0 -9999.0 -9999.0 -9999.0 -9999.0 -9999.0 -9999.0 -9999.0 -9999.0 -9999.0 -9999.0 -9999.0 -9999.0
16379285.762682201 3990887.7102996423 15580294.307875061 13390739.599470548 21879158.149352074 9483106.114971971 11242996.605104983 3711507.1208888516 4389283.743573118 12473932.67494032 16420309.228111845 17843881.970129374 5655137.110334448 339759.9967754241 3001227.5133191817 19588469.240121875 15901225.496520007 17443930.090169247 11850258.632398253 9996065.07769733 13245511.465039192 13490103.749036059 11437817.988725068 5958695.78493544 6912225.585990432 814460.0470242565 -9999.0 -9999.0 -9999.0 -9999.0 -9999.0 -9999.0 -9999.0 -9999.0 -9999.0 -9999.0 -9999.0 -9999.0 -9999.0 -9999.0 -9999.0 -9999.0 -9999.0 -9999.0 -9999.0 -9999.0 -9999.0 -9999.0 -9999.0 -9999.0 -9999.0 -9999.0 -9999.0 -9999.0 -9999.0 -9999.0 -9999.0 -9999.0 -9999.0 -9999.0 -9999.0
