critload/trunk/output/2010/nin_crit_sw_ara.asc
ncols 720
nrows 360
xllcorner -180
yllcorner -90
cellsize 0.5
NODATA_value -9999
[rows 112 to 139 of 360, columns 124 to 185 of 720]
349920.1116714802 1626517.144012376 554557.263089967 1579914.6011029661 44184.99633596097 6658.026524985954 1608632.1680243416 822491.6081151917 378856.9538282584 625632.6513039283 76314.25699388818 489414.8518811578 269859.3218686895 3641613.6963708135 1710591.0418279443 28247.257052770456 19600315.867470466 31073265.457509227 47483.45161283631 0.30920288572087884 0.20529029297176749 506.9925546034718 261159.1006373155 1377.3840894697908 1569033.3573575164 22820.45016663222 21094.418011692516 101754.79575497308 41085758.09095303 2288418.466261451 118735431.89347488 86959192.32088791 21715943.038660213 3267719.9225225695 585972.1658340547 901076.3041839314 2055035.553495629 2247768.4597303215 55954284.64635301 85799898.22283056 99970707.3095371 38893546.94771737 31583196.1893181 25475270.58370823 20158078.318065576 7621848.660978471 4998131.888762625 127426596.80179481 3990253.418200262 889258.7819154612 -9999 124057.18346550388 3359033.505238532 7347280.549597361 85651436.87470241 9966548.892985037 2590124.1998790363 3269864.5533739347 29957366.291817013 2578632.752102237 1476267.7092548264 1955288.473835119
1133.556479596178 1217715.7041035418 361007.0786210954 4429236.483499799 1653202.8859961326 1891805.766813639 863833.8274860956 -9999 12181.662331106378 494445.3534819563 895030.7069499468 1399217.4525065196 1752079.7983831177 5422931.150621472 1114029.3087258772 178853.65988123615 4591149.284314265 11654202.458891507 20813558.081211682 23711717.295932505 230774.98622171578 116518.87613466525 484.8454527722237 643973.6445221811 148748.4611663279 261953.01968945964 38971497.82261464 39210845.19950182 109594.2510135415 128767020.39201672 90660615.21991044 120521124.5448691 43141256.03055252 51107060.542205475 30508894.587239694 22619541.976365305 4286640.594658704 14080038.6699247 29624346.570120882 -9999 106255170.96713074 47010059.578926705 100607425.30783904 144581662.44929472 7258853.984994639 6987620.940038027 6689671.294548572 24759129.98444199 4600344.046066867 8217360.323237525 159063.06138643366 -9999 109978599.6268388 196029987.65160644 132908169.57420076 7732257.404582285 24539866.831205085 891679.1939323645 27104698.0236619 3298648.1834961055 9527625.535379365 658943.2763865499
-9999.0 -0.014794899994740263 83408.75260546309 58872.9941548215 4022216.7893241844 5417666.240386019 4700995.5773442825 1037416.972287858 836610.3697529052 270962.3514789029 1145955.1648371448 414219.0801546987 2726330.6667981357 8723877.456097681 391615.865631443 324986.22482403833 493510.45572062355 8291100.987703995 144089.54051937285 -0.5582437327830121 12615333.42564915 7051235.70131439 55467.056334106586 36890108.49131377 16320683.342873083 142675.98071324828 245075.52892642617 35121156.98894958 80391.245751587 78655852.06203908 44212775.95298577 2066478.1938641889 42628426.27537372 417678.1760864144 43334934.61725859 2236908.790054617 46719380.37266804 10920411.980087077 83469563.83422452 59548840.38111963 100162959.48847686 838324.0015650841 1594017.091811122 16932562.945700318 6500430.539565151 5592066.763526176 3218480.9007894397 89398187.12847334 73373604.13663995 153347.40425908013 323506.3994209608 27411529.49122565 82787478.39174661 8828120.293169487 75929836.04539485 5924633.407427944 2022988.3087446722 42366643.08653658 849370.0795852971 70664159.43618186 2169639.813719241 1118853.1312642333
-9999.0 15120.720460540277 56455.043281748425 7162.5154779133045 13821849.427859174 1425399.4705954976 660460.0710555298 -9999 -9999 -9999 -9999 4508.359281477855 27690.71001715319 544044.5683015897 69430.87240855466 139224.08874659322 309787.18003465555 259894.65790816373 241783.88852520596 3915.6476637737146 5978252.861351889 84162.35445049696 2617726.502537192 9616.276250002311 -9999 26015.96906758944 -9999 25901942.076196384 61964.66727562992 114887946.94383079 28318729.55213126 20179423.397448033 59321785.43706018 29662582.20979835 51748772.138474375 36674462.477921374 20949880.375326917 16145954.16473803 2566730.9859864805 5865180.330725786 23596998.288116183 2339096.688007801 115866417.91318919 34732787.19708788 5939714.230309184 5448582.462222799 3786773.054955416 976354.6455125815 7777742.070899884 112840567.70547609 140700750.29063123 74955599.87452948 117182307.60567816 5465605.347709526 5397135.060978098 4956758.539813915 1722955.7607696906 1094475.174700356 892447.206605617 147622611.95651123 1543792.851552717 14162657.306034412
-9999.0 -9999.0 25545.46645879969 148543.97134794266 11807849.24734303 -9999 9080.81543355505 -9999 -9999 -9999 53959.07193304099 10787.371452795289 18020.294036119012 237367.01023857482 172137.0324552327 6277358.271760665 246301.01057062976 278940.7129864151 17758.398813674696 74860.20838212736 6104084.110132069 996.8742751552812 144872.4368327034 493668.7665020467 2023.3680304269276 370055.35914853663 12332655.601352444 -9999 4608.425534105561 193578687.4142459 168248060.90023273 222397.30222017947 1206802.5318139363 476237.2715058231 14431728.828154441 1816427.2424302679 9218285.273388796 19866447.48017077 2532156.3377174274 53341671.77797047 68529519.14948104 76249033.99807952 119562807.82215583 28396424.605166286 4098143.995591597 1826513.2302499479 465713.86066291295 389877.8161003024 3835412.513388987 44929724.13271791 103665421.86221656 130737188.65787849 228220663.9207017 1872228.2663606158 517695.4340745722 1756987.745131436 1803219.44481178 1185799.333934687 331531.5999736036 77856434.04722871 120390.89167000349 3209959.0483194403
-9999.0 -9999.0 -0.004961463261224708 2272780.8585784375 124824.01809571571 -9999 -9999 -9999.0 -9999 -9999 -9999 62091.81200431961 7687.0195043657695 1571473.8109708554 1351731.7996212 1574913.4004618935 81813.1201368082 9258.966889959542 10231.813573141424 5756465.36837066 59244.66705681383 996.4369364803738 2763.350678357019 364080.4999083086 1032724.4873856357 30527004.36596938 15766995.045259273 179.03362193133216 66358458.88053087 89663810.42312005 107040871.07863331 2892581.2109036976 11888446.301700572 15854762.651285905 543694.5985389806 1621875.4713244527 24413645.488994334 24379061.69441438 1330351.123255009 82893102.95743349 53099100.407970764 104037394.73835152 19711835.194102377 46444644.41476758 4150638.140555711 1286233.471779123 194626.58332340088 -9999 -9999 -9999 48921062.76685395 65837689.97351256 257074947.1134436 93875856.94546762 52207117.039466545 1873191.6068487342 1076965.5465337536 1237952.7092854725 31999.884594260184 65372687.38078433 1141365.134463339 2151172.3265431984
-9999.0 -9999.0 -9999.0 90891.38730355736 196889.1237702887 -9999 -9999 -9999.0 -9999.0 30323.210502432357 393823.78702599613 601806.5732589785 9611628.443362452 33639373.44985984 30930948.955691278 24398994.120340507 7772414.797978451 23055.3365082079 226259.4481515954 73299.27343593599 61359.961733477176 57520.850695282075 19015013.618571546 34245.69674110771 15910.7003017871 3668.244414587975 14739.206176408232 116302.31189373013 83415.56854443136 40612862.99676625 18228297.396255884 117467.02453421312 253323.9518709192 17521462.825316187 991283.0320895796 434765.760422284 22784721.5393039 16676541.967731845 14831406.786854621 87393757.34835157 23774282.626480438 136001827.23708206 33921580.9274058 52541757.67813059 3245832.700637333 92395134.28579813 98004.5433898004 2029184.0403935378 402174.2083069447 1162467.1256561633 2081687.1707388775 154398866.2294186 25075584.55907392 113944823.27913445 810454.7004387423 76030096.03376395 963820.7038542866 368433.61877062276 1007968.5975446663 1780978.436218812 49664756.34051958 142497397.1374352
-9999.0 -9999.0 -9999.0 -9999.0 96256.10433091816 398.54091857857145 -9999 -9999.0 -9999.0 -9999.0 -9999 37039.73081662838 19758645.66165687 34878566.88879798 57853.70965820558 281613.5206543106 47653.62497420446 10462944.233422026 670276.2395301713 1193095.458965084 2570126.851515904 23375.73008336969 105539.68132259228 43055.08586651822 -9999 -9999 31496.43408032317 62208506.581890024 137702.97550119564 192311.58490443026 4294.373320573941 45285356.35925395 37823.18704997841 267516.5373889315 5402713.53287266 23514531.076748762 19530427.137284566 46081412.29062315 20098104.685881138 81207492.96911329 5684825.046562747 44239073.47782349 69837675.08055572 40536554.803517275 81138799.24847737 59081844.61258139 199617273.687139 1478846.432473618 1460501.1997032086 179165187.7322222 151303399.07246885 170114937.66825935 55767399.63355437 4493494.040969865 2784534.252970487 36709311.748232804 52848540.87938435 8730494.162093537 23956605.543418434 33914395.53982475 99174680.27083652 64360902.28391523
-9999.0 -9999.0 -9999.0 -9999.0 -9999 -9999 -9999 -9999 -9999 -9999.0 -9999 -9999 -9999 1171990.9881568097 2003954.4714469723 1610940.291808652 1711094.8624307117 1670429.4112729908 245551.18800158173 463388.82316642645 31249227.05672436 28916.146662992393 8678844.95400854 -9999 -9999 -9999 113960.53151001793 3795932.761561963 1186.7361814986577 -9999 -9999 -9999 717.1797078116932 -0.15098620066419244 1722018.300416999 44784.92537856503 8124704.102879837 17886362.962758318 31384662.468438353 25366842.409998342 142190122.00126323 138293498.92512572 52194144.717914656 52813412.1098935 39366991.5518142 65469765.80468176 193716665.75791395 227431104.71295795 -9999 592347700.8697085 524942470.87101984 88631971.03768733 612463734.6851715 214733471.6234951 391669463.838744 13101008.617764035 62876.23767034136 -9999 -9999.0 -9999.0 -9999.0 -9999.0
-9999.0 -9999.0 -9999.0 -9999.0 -9999.0 -9999 -9999 -9999 -9999 -9999.0 -9999.0 -9999 210355.11529265338 36380.52607098645 304219.6983126269 89119.92046587271 1609080.5219652166 1705046.796969927 1008693.5270543537 309315.9811652421 3414498.754614255 37859947.584505044 -9999 67989.13399614532 -9999 33712.47728326368 39350.55827628768 42932.13942909232 5019833.168951847 -9999 -9999 7792.843148385937 -9999 61465.92571315418 1097722.1165468236 25166141.96235654 24710647.569660053 65044300.266096614 832794.3757472895 1242543.1188195534 143988454.8352076 42108621.614619225 79135336.90914655 208204671.58654448 173732158.37790063 285677695.5684429 285251273.7594212 -9999.0 -9999.0 -9999.0 -9999.0 -9999.0 -9999.0 -9999 -9999 16852.670340120683 0.027415461976488587 -0.0192012824008998 -9999.0 -9999.0 -9999.0 -9999.0
-9999.0 -9999.0 -9999.0 -9999.0 -9999.0 -9999.0 -9999.0 -9999 -9999 -9999 -9999.0 -9999 681481.9886885176 301216.9097053815 1548.8155950431842 1803783.185052745 1528153.0359908568 1780727.4939455288 103200.40835197835 535961.046541581 1763399.1101868371 2384477.0146066784 2260809.793252688 92724.58415323374 286828.15076468815 20938.9039724002 104192.69464299353 -9999 718.4368841738798 -9999 -9999 -9999 4183.609672219305 52423.84882543648 659221.5796204326 60442228.135558695 49352796.223631375 38882974.37445907 51636377.01018414 124890224.20033942 12532762.080458337 94402817.93270725 211364720.06752002 393761735.0291068 314656376.93414646 220691886.49111918 -9999.0 -9999.0 -9999.0 -9999.0 -9999.0 -9999.0 -9999.0 -9999.0 -9999.0 -9999.0 -9999.0 -9999.0 -9999.0 -9999.0 -9999.0 -9999.0
-9999.0 -9999.0 -9999.0 -9999.0 -9999.0 -9999.0 -9999.0 2249.125730919058 -9999 -9999 -9999 -9999.0 6326.99657250453 100436.42415115578 437392.15635271574 1045098.2464061719 1046344.033481326 785469.6148404697 315399.7337723749 354350.0593592431 26605789.307056375 1935776.6466827446 322296.32821741485 54432.26234442355 488240.43859910924 739633.5833285246 -9999 -9999 -9999 -9999 -9999 -9999 32215.047135245266 17153.953708247118 151135671.15521762 50759964.88121382 26959034.32734188 51238358.47212367 256412.7611553576 46976003.431478076 72707162.07756527 317328493.24797636 354448729.1052779 352067035.52794313 -9999.0 -9999.0 -9999.0 -9999.0 -9999.0 -9999.0 -9999.0 -9999.0 -9999.0 -9999.0 -9999.0 -9999.0 -9999.0 -9999.0 -9999.0 -9999.0 -9999.0 -9999.0
-9999.0 -9999.0 -9999.0 -9999.0 -9999.0 -9999.0 -9999 -9999 3490.0465391600396 -9999 -9999 -9999 -9999.0 -9999.0 30355151.62370561 13476657.315654077 1738302.967531932 1385620.8227723471 732662.9142789425 641455.9061157622 11447923.019822367 15380633.899606306 1962346.969204647 41667.28053145665 39254.047505598995 8114040.121595101 26239.734970937534 -9999 -9999 -9999 -9999 -9999 139746.94735600587 23063185.790137194 39897.77502038822 48941241.76127745 139804228.5997153 51983595.11527832 44065391.225820765 85750426.58926685 287550121.68400073 169692474.48211265 -9999 -9999.0 -9999.0 -9999.0 -9999.0 -9999.0 -9999.0 -9999.0 -9999.0 -9999.0 -9999.0 -9999.0 -9999.0 -9999.0 -9999.0 -9999.0 -9999.0 -9999.0 -9999.0 -9999.0
-9999.0 -9999.0 -9999.0 -9999.0 -9999.0 -9999.0 -9999.0 -9999 -9999 9141419.97920684 -9999 7860634.428878816 -9999.0 -9999.0 -9999 124997446.23060556 1673615.9534338904 484824.718246012 308756.7494351075 1003377.5848198165 630736.2027312011 14963035.739983711 2300143.874118751 77409.56743260176 19064945.9056771 226246.66475696058 34056941.19709955 -9999 -9999 -9999 -9999 149020.46596149085 455977.46459556324 29440996.642496504 124178.18330167851 141362713.9013058 132727.82259856374 32525283.977378126 52482750.6666637 142419825.4029015 994980.3273871184 154485824.76997337 -9999.0 -9999.0 -9999.0 -9999.0 -9999.0 -9999.0 -9999.0 -9999.0 -9999.0 -9999.0 -9999.0 -9999.0 -9999.0 -9999.0 -9999.0 -9999.0 -9999.0 -9999.0 -9999.0 -9999.0
-9999.0 -9999.0 -9999.0 -9999.0 -9999.0 -9999.0 -9999.0 -9999.0 -9999 -9999 -9999 711.7893217657718 2280.940669192592 -9999.0 -9999.0 -9999.0 1089454.1705877176 6141367.3360435385 9797938.700642345 10482093.11391442 627699.9808928935 187280.78608673176 1130393.681805612 13022483.83283866 13824799.351750057 9288895.799591351 -9999 33091827.784634143 18613.121640094676 -9999 2004.1700644744776 18012.503887540828 2120811.488303165 110402.0064633668 13141019.309787646 35008561.39743784 184054.7406112291 966018.0430831643 464541.0717585834 30830366.496307243 812832.5870137305 224190122.380922 -9999.0 -9999.0 -9999.0 -9999.0 -9999.0 -9999.0 -9999.0 -9999.0 -9999.0 -9999.0 -9999.0 -9999.0 -9999.0 -9999.0 -9999.0 -9999.0 -9999.0 -9999.0 -9999.0 -9999.0
-9999.0 -9999.0 -9999.0 -9999.0 -9999.0 -9999.0 -9999.0 -9999.0 -9999.0 -9999.0 -9999 -9999 -9999 -9999 -9999.0 -9999.0 -9999.0 534027.3381414135 5602135.763103215 10275488.321773222 170775.1091503398 512880.8366342101 86849.48635284517 134981.4067742415 821654.7535418388 29460536.142394632 24163.824439928398 239756.140933388 136281.31237568002 5091230.284969036 11364.157120672755 -9999 -9999 19665.048319014953 6764.125633725146 49181255.13119046 38179995.52203553 48819062.18853405 1453856.566779197 5058778.317887427 5477563.93265866 142877080.5945318 -9999.0 -9999.0 -9999.0 -9999.0 -9999.0 -9999.0 -9999.0 -9999.0 -9999.0 -9999.0 -9999.0 -9999.0 -9999.0 -9999.0 -9999.0 -9999.0 -9999.0 -9999.0 -9999.0 -9999.0
-9999.0 -9999.0 -9999.0 -9999.0 -9999.0 -9999.0 -9999.0 -9999.0 -9999.0 -9999.0 -9999.0 2561.870396421821 -9999 -9999 -9999.0 -9999.0 -9999.0 1337229.4689226942 2225188.45703368 1678236.8336906312 357010.42735546775 868929.2475784882 103834.92869085686 -9999 22699090.685924213 1427019.5179810086 79224.08243108686 9738.92681304125 530023.8218150825 1530219.4401514842 218448.57128236635 68515663.05168565 16276.53133830247 60337.67429280259 75765.29392218587 589587.8631337234 143784642.22151533 442993519.4832618 9788713.60513031 44162614.771982625 2607359.9352553226 509968.0613859199 -9999.0 -9999.0 -9999.0 -9999.0 -9999.0 -9999.0 -9999.0 -9999.0 -9999.0 -9999.0 -9999.0 -9999.0 -9999.0 -9999.0 -9999.0 -9999.0 -9999.0 -9999.0 -9999.0 -9999.0
-9999.0 -9999.0 -9999.0 -9999.0 -9999.0 -9999.0 -9999.0 -9999.0 -9999.0 -9999.0 -9999.0 -9999 359282.5261051892 3691.9252159750304 -9999 -9999.0 -9999.0 -9999.0 49007223.176668294 113656752.4076761 15146811.125501452 16549767.195734432 147288.20639888046 -9999 848597.8785649237 2372542.822655252 207394.46623663988 4310230.873994525 130906.10629704216 452522.8862629074 5748.071595915734 23610750.988843553 71556.40006127855 1137382.4822505447 289629.9176930443 22199228.544308186 58856576.331215315 78241238.94442412 1545581.0462329409 1007294.9257684386 1566319.3918480058 565799575.5843213 -9999.0 -9999.0 -9999.0 -9999.0 -9999.0 -9999.0 -9999.0 -9999.0 -9999.0 -9999.0 -9999.0 -9999.0 -9999.0 -9999.0 -9999.0 -9999.0 -9999.0 -9999.0 -9999.0 -9999.0
-9999.0 -9999.0 -9999.0 -9999.0 -9999.0 -9999.0 -9999.0 -9999.0 -9999.0 -9999.0 -9999.0 -9999 100724.84032009052 -9999 -9999 -9999.0 -9999.0 -9999.0 -9999.0 12926355.374131331 99295776.72616912 873077.0671085257 356233.50789931795 264425.2684577897 9293010.191569868 7795243.405310181 520888.2002406379 61506227.777280256 57996750.625205986 180017.94417077594 24647915.21516172 -9999 5930.8727406812095 10317270.14553837 75603.84340451588 25934383.182110198 29130194.18198174 69915424.86768417 62311086.043514535 41602168.88654916 135123632.9764007 -9999.0 -9999.0 -9999.0 -9999.0 -9999.0 -9999.0 -9999.0 -9999.0 -9999.0 -9999.0 -9999.0 -9999.0 -9999.0 -9999.0 -9999.0 -9999.0 -9999.0 -9999.0 -9999.0 -9999.0 -9999.0
-9999.0 -9999.0 -9999.0 -9999.0 -9999.0 -9999.0 -9999.0 -9999.0 -9999.0 -9999.0 -9999.0 -9999.0 -9999 -9999 -9999 54168.92628985294 -9999 -9999.0 -9999.0 -9999.0 -9999.0 46394865.15631473 17670637.438491933 93951.09979958931 34043.15861688325 -9999 578367.341584888 89401826.39188574 56304255.95765218 33222099.022831406 8291.302770276452 987.9783726153488 498.8702357326383 93.89190790330485 77066177.813571 1200485.4722650524 49471687.108657785 80000972.97192149 95703659.49463561 48992833.76126832 120419744.73734112 -9999.0 -9999.0 -9999.0 -9999.0 -9999.0 -9999.0 -9999.0 -9999.0 -9999.0 -9999.0 -9999.0 -9999.0 -9999.0 -9999.0 -9999.0 -9999.0 -9999.0 -9999.0 -9999.0 -9999.0 -9999.0
-9999.0 -9999.0 -9999.0 -9999.0 -9999.0 -9999.0 -9999.0 -9999.0 -9999.0 -9999.0 -9999.0 -9999.0 -9999.0 -9999.0 -9999 2824.4602097880975 18089210.709268745 -9999 -9999.0 -9999.0 -9999.0 -9999.0 23359991.260919962 3055401.4309095913 26747.778460846275 59669.53626477557 242630.63472075402 444738.98150950065 250615.49335048968 20095843.653459627 39286581.394930474 125562.08757654768 14547.683751564007 20470.620013824206 21435854.539994948 12448.90144005002 6052732.077114801 4024136.742852713 25374517.505305275 409604.71022294817 152419726.9614112 -9999.0 -9999.0 -9999.0 -9999.0 -9999.0 -9999.0 -9999.0 -9999.0 -9999.0 -9999.0 -9999.0 -9999.0 -9999.0 -9999.0 -9999.0 -9999.0 -9999.0 -9999.0 -9999.0 -9999.0 -9999.0
-9999.0 -9999.0 -9999.0 -9999.0 -9999.0 -9999.0 -9999.0 -9999.0 -9999.0 -9999.0 -9999.0 -9999.0 -9999.0 -9999.0 -9999.0 21238.470526721827 633272.8036918514 1332215.6566276734 -9999.0 -9999.0 -9999.0 -9999.0 168635739.77453974 761219.4689520425 528057.6068889415 939832.4272113552 291131.3177802182 46470.45584643408 307308.17478540965 4407915.625186892 870480.7271318047 574163.7149936083 2618.509385343378 22998635.239318535 83588.81836287271 6226.405105002541 3212184.557972933 19053660.00991211 53826337.566182666 11642763.382868035 132885428.26108228 -9999.0 -9999.0 -9999.0 -9999.0 -9999.0 -9999.0 -9999.0 -9999.0 -9999.0 -9999.0 -9999.0 -9999.0 -9999.0 -9999.0 -9999.0 -9999.0 -9999.0 -9999.0 -9999.0 -9999.0 -9999.0
-9999.0 -9999.0 -9999.0 -9999.0 -9999.0 -9999.0 -9999.0 -9999.0 -9999.0 -9999.0 -9999.0 -9999.0 -9999.0 -9999.0 -9999.0 -9999.0 77109999.89989683 -9999.0 -9999.0 -9999.0 -9999.0 -9999.0 -9999.0 -9999.0 16233958.34571728 5574342.751804443 835134.556517096 9187044.24918113 328868.62569082336 24574166.458259705 878148.8395737344 1023029.766744205 35611.20177175581 99849.74025608957 397029.0708812167 3668.8161967211395 550128.4584964593 94410294.17445044 134486133.02087837 124705373.11052507 174416338.3469253 -9999.0 -9999.0 -9999.0 -9999.0 -9999.0 -9999.0 -9999.0 -9999.0 -9999.0 -9999.0 -9999.0 -9999.0 -9999.0 -9999.0 -9999.0 -9999.0 -9999.0 -9999.0 -9999.0 -9999.0 -9999.0
-9999.0 -9999.0 -9999.0 -9999.0 -9999.0 -9999.0 -9999.0 -9999.0 -9999.0 -9999.0 -9999.0 -9999.0 -9999.0 -9999.0 -9999.0 -9999.0 -9999.0 -9999.0 -9999.0 -9999.0 -9999.0 -9999.0 -9999.0 -9999.0 645860.7542427869 28376667.52128099 533953.4251399445 594529.9575271697 1359978.1635664771 44633133.34050049 5253307.514661303 1313967.7680391665 427938.5699891953 6227140.097935656 209577.1836980771 44998135.17816394 10789153.27447048 51527264.93663393 153930680.83024615 222262690.9999068 91210938.97767735 -9999.0 -9999.0 -9999.0 -9999.0 -9999.0 -9999.0 -9999.0 -9999.0 -9999.0 -9999.0 -9999.0 -9999.0 -9999.0 -9999.0 -9999.0 -9999.0 -9999.0 -9999.0 -9999.0 -9999.0 -9999.0
-9999.0 -9999.0 -9999.0 -9999.0 -9999.0 -9999.0 -9999.0 -9999.0 -9999.0 -9999.0 -9999.0 -9999.0 -9999.0 -9999.0 -9999.0 -9999.0 -9999.0 -9999.0 -9999.0 -9999.0 -9999.0 -9999.0 -9999.0 -9999.0 420015015.6412917 41537406.618568875 6409032.6688311715 1290236.8405911606 1316910.5700182642 18538298.81219524 17449331.61437481 1335696.122064149 89902616.64020927 563104.5278464616 24345397.498998888 19231618.197454214 20859083.648265168 114633127.19903454 100887235.12327302 102502382.11546542 178475082.67042202 -9999 -9999.0 -9999.0 -9999.0 -9999.0 -9999.0 -9999.0 -9999.0 -9999.0 -9999.0 -9999.0 -9999.0 -9999.0 -9999.0 -9999.0 -9999.0 -9999.0 -9999 303697.0901861852 125465.69351258702 3708.3414728360085
-9999.0 -9999.0 -9999.0 -9999.0 -9999.0 -9999.0 -9999.0 -9999.0 -9999.0 -9999.0 -9999.0 -9999.0 -9999.0 -9999.0 -9999.0 -9999.0 -9999.0 -9999.0 -9999.0 -9999.0 -9999.0 -9999.0 -9999.0 -9999.0 -9999.0 36570290.76881012 1176406.3326852645 1114057.3681879754 1545937.2859377526 11320325.29024932 71126691.94783813 33263177.932698138 755757.2904769195 52115469.6738552 28010055.358085893 255264.5033728989 25566889.63683379 60488131.51850465 70698535.91144967 69378403.38769376 85718037.39056984 467940633.51037794 -9999.0 -9999.0 -9999.0 -9999.0 -9999.0 -9999.0 -9999.0 -9999.0 -9999.0 -9999.0 -9999.0 -9999.0 -9999.0 71745601.34697554 38857.970311064426 743674.802932632 77200010.37534519 15262568.6833679 51261971.34877049 189148290.1289328
-9999.0 -9999.0 -9999.0 -9999.0 -9999.0 -9999.0 -9999.0 -9999.0 -9999.0 -9999.0 -9999.0 -9999.0 -9999.0 -9999.0 -9999.0 -9999.0 -9999.0 -9999.0 -9999.0 -9999.0 -9999.0 -9999.0 -9999.0 -9999.0 -9999.0 24667014.580900654 9694559.431659494 652165.1336125942 1231422.743136743 1404827.5364492629 1014564.2092913168 59554520.60920546 26860781.03545076 1916366.4556124846 1150946.9407937163 782527.0581119453 32329097.01382344 29820712.063430745 95841036.78790964 58413196.91289942 90098374.5316352 63169588.02299492 -9999.0 -9999.0 -9999.0 -9999.0 -9999.0 -9999.0 -9999.0 -9999.0 -9999.0 -9999.0 -9999.0 -9999.0 -9999.0 237768608.68050066 648208.938839938 724653.3593088824 134717670.89791307 19212183.895721283 266788831.2151704 31853.116921274384
-9999.0 -9999.0 -9999.0 -9999.0 -9999.0 -9999.0 -9999.0 -9999.0 -9999.0 -9999.0 -9999.0 -9999.0 -9999.0 -9999.0 -9999.0 -9999.0 -9999.0 -9999.0 -9999.0 -9999.0 -9999.0 -9999.0 -9999.0 -9999.0 89437.62089772518 41755821.957392305 16170918.343357703 968232.9129025969 778925.1792006176 682147.4217203117 1219039.265698066 1624709.8776999752 1603389.9722800576 2123552.791160888 7919479.682160931 16056657.116810953 14570311.411225842 911967.7942089771 23121701.29009385 114247445.88867262 152344860.69094947 129940305.21201767 130482153.03183462 -9999.0 -9999.0 -9999.0 -9999.0 -9999.0 -9999.0 -9999.0 -9999.0 -9999.0 -9999.0 -9999.0 -9999.0 9817375.668914435 175465.59590225207 47173016.611310534 214189391.64618716 70812902.22996803 234970178.1737597 17398.14833881305
