critload/trunk/output/2010/nin_crit_sw_araigl.asc
ncols 720
nrows 360
xllcorner -180
yllcorner -90
cellsize 0.5
NODATA_value -9999
[rows 112 to 139 of 360, columns 124 to 185 of 720]
597066.0 2126050.0 554557.263089967 1579914.6011029661 44184.99633596097 6658.026524985954 1608632.1680243416 822491.6081151917 378856.9538282584 625632.6513039283 76314.25699388818 489414.8518811578 864438.0 3640275.074683601 1710534.438820085 28247.257052770456 19600315.86747149 31073265.45750485 47483.45161283631 1080336.9988939809 1064661.2219677125 506.9925546034718 261159.1006373155 1377.3840894697908 55720460.502524085 1337936.1936504974 21094.418011692516 101754.79575497308 195672389.32558048 3350180.0 168460199.5106989 86959192.32089034 20709482.72697822 3921730.0 1900640.3101081303 2542669.5534234634 3414431.0259824796 3765996.440119155 55954284.64635301 85799898.22284387 99970707.309562 38893546.94772229 31583196.18932724 25475270.583713133 20158078.318066806 7621848.660978471 4998131.888762625 127426596.80178057 3990253.418200262 889258.7819154612 -9999 124057.18346550388 3359033.505238532 7347280.549597361 85651436.87470241 9966548.892985037 2590124.1998790363 3269864.5533739347 29957366.29181697 2578632.752102237 1476267.7092548264 1955288.473835119
81239.40801168009 1217715.7041035418 361007.0786210954 4429236.483499799 1653202.8859961326 1891805.766813639 863833.8274860956 -9999 12181.662331106378 494445.3534819563 895030.7069499468 1399217.4525065196 1752079.7983831177 5415341.363460364 3249238.206144226 829089.0 4587505.921112151 11654202.458891004 20813558.08121226 23711717.295933247 26639555.397505727 116518.87613466525 484.8454527722237 643973.6445221811 148748.4611663279 1441668.865271713 38971497.82261464 39210845.19950182 1849503.2568339212 195360990.58016604 140903496.67438546 119879125.50833252 57533167.13943047 159600487.06985727 97654629.53321646 58541806.1377971 4981700.0 29747528.723915704 29624346.57012057 -9999 106255170.96715854 47010059.57894822 100607425.30783129 144581662.4493176 7258853.984994639 6987620.940038027 6689671.294548572 24759129.984450538 4600344.046066867 8156260.597896779 159063.06138643366 -9999 109978599.62683773 196029987.6516305 132908169.57420065 7732257.404582285 24539866.83120563 891679.1939323645 27104698.02366163 3298648.1834961055 9527625.5353773 658943.2763865499
-9999.0 47402.18539416107 83408.75260546309 58872.9941548215 4022216.7893241844 5417666.240386019 4700995.5773442825 1037416.972287858 836610.3697529052 270962.3514789029 1145937.561151049 414219.0801546987 2726330.6667981357 8723687.293145642 1081170.0 324986.22482403833 493510.45572062355 8287149.665936401 1198966.4833814744 34497257.637984395 12615333.42564915 7051235.70131439 55467.056334106586 36890108.49131377 16320683.342873722 1349453.9553246382 245075.52892642617 35121156.98894958 1688479.448069996 123508785.06035832 57013393.6253984 2962360.0 71839278.8074512 1615660.0 93503874.02084164 3939061.2156018857 79400531.30493382 49378225.71153529 83469563.83422638 59548840.38111276 100162959.4884319 838324.0015650841 1594017.091811122 16932562.945701562 6500430.539565151 5592066.763526176 3218480.9007894397 89398187.12849116 73373604.13668258 153347.40425908013 323506.3994209608 27411529.49123148 82295519.79393014 8828120.293169487 75929836.04539481 5924633.407427944 2022988.3087446722 42366643.08653794 849370.0795852971 70664159.43618062 2169639.813719241 1118853.1312642333
-9999.0 15120.720460540277 56455.043281748425 7162.5154779133045 13821838.057571925 1425399.4705954976 660460.0710555298 -9999 -9999 -9999 -9999 4508.359281477855 27690.71001715319 544044.5683015897 659493.0 841080.0 309787.18003465555 259894.65790816373 241783.88852520596 3915.6476637737146 5978252.861351889 84162.35445049696 2617726.502537192 9616.276250002311 -9999 26015.96906758944 -9999 25901942.076196384 61964.66727562992 114825185.65663545 381177317.4800732 227561982.28381625 212188432.39837962 86552695.9837692 113675017.89219937 91763606.57170945 48973311.52270942 45192883.68720533 3972652.438972096 10650950.252336994 62683525.81989226 3763576.9661453674 115866417.91319306 34732787.197093 5939714.230309184 5448582.462222799 3786773.054955416 976354.6455125815 13750464.868270766 112840567.7054023 140700750.29063067 74955599.87453282 117182307.60567623 5465605.347709526 5397135.06097761 4956758.539813915 1722955.7607696906 1094475.174700356 892447.206605617 147622611.95636982 1543792.851552717 14162657.306033593
-9999.0 -9999.0 25545.46645879969 148543.97134794266 11807827.324205786 -9999 9080.81543355505 -9999 -9999 -9999 53959.07193304099 10787.371452795289 708465.0 963028.0 867144.0 31991352.24241627 246301.01057062976 278940.7129864151 17758.398813674696 74860.20838212736 6103959.119324588 996.8742751552812 144872.4368327034 493668.7665020467 2023.3680304269276 370055.35914853663 12325934.50639993 -9999 4608.425534105561 193511668.35157698 168221627.96385184 1453680.0 2294600.0 1681800.0 45170664.05667934 2843410.0 21763412.621783912 52566638.664645836 3348730.0 53341671.77797976 68529519.14946863 76249033.99807952 119562807.82215583 28396424.605172336 4098143.995591597 1826513.2302499479 465713.86066291295 389877.8161003024 3530132.2600408937 44929724.13271254 103665421.86223707 130737188.65799193 228220663.92070225 1872228.2663606158 517695.4340745722 1756987.745131436 1803219.44481178 1185799.333934687 331531.5999736036 77856434.04722518 120390.89167000349 3191477.3850900093
-9999.0 -9999.0 10128912.906443343 2272780.8585784375 124824.01809571571 -9999 -9999 -9999.0 -9999 -9999 -9999 62091.81200431961 7687.0195043657695 1834230.0 1567750.0 1800300.0 81813.1201368082 9258.966889959542 10231.813573141424 5756239.434825933 59244.66705681383 996.4369364803738 2763.350678357019 364080.4999083086 1032724.4873856357 30525770.51770884 15760390.177189343 179.03362193133216 66087996.486686476 89502430.48662908 106873341.375498 39038741.37341265 25953048.36625025 91995057.33414726 1736860.0 2650220.0 64990089.28152603 73592183.48724554 2477938.1471439786 82893102.95745961 53099100.407970764 104037394.7383512 19711835.194101855 46444644.4147733 4150638.140555711 1286233.471779123 194626.58332340088 -9999 -9999 -9999 48921062.76684929 65837689.97349611 257074947.11342394 93875856.94544944 52207117.03946533 1873191.6068487342 1076965.5465337536 1237952.7092854725 31999.884594260184 65372687.38079315 1141365.134463339 2151172.3265431984
-9999.0 -9999.0 -9999.0 90891.38730355736 196889.1237702887 -9999 -9999 -9999.0 -9999.0 30323.210502432357 393823.78702599613 601806.5732589785 9611483.541901853 33564430.8034475 30930948.955691766 24398994.120340466 7768917.639473449 23055.3365082079 226259.4481515954 73299.27343593599 61359.961733477176 57520.850695282075 19012754.38748761 34245.69674110771 15910.7003017871 3668.244414587975 14739.206176408232 18998177.027219895 1323950.0 40532015.88079348 18228297.396255884 1433220.0 1512910.0 79575726.86724608 4093318.1937937355 1685730.0 123710353.88541031 46044836.4095685 53292888.13968347 87393757.34834436 23774282.626481995 136001827.23708385 33921580.927403376 52541757.67813949 3185474.594410409 92395134.28583679 98004.5433898004 2029184.0403935378 402174.2083069447 1162467.1256561633 2081687.1707388775 154398866.229418 25075584.559071783 113944823.2791399 810454.7004387423 76030096.03376283 963820.7038542866 368433.61877062276 1007968.5975446663 2437410.0 49664756.34052138 142497397.13742617
-9999.0 -9999.0 -9999.0 -9999.0 96256.10433091816 398.54091857857145 -9999 -9999.0 -9999.0 -9999.0 -9999 37039.73081662838 19752315.678139392 34878566.88879798 57853.70965820558 281613.5206543106 47653.62497420446 10460125.7389051 669712.3113797338 1193095.458965084 2570126.8515160745 23375.73008336969 105539.68132259228 43055.08586651822 -9999 -9999 31496.43408032317 62207213.74866483 67243331.6814999 73312362.57253668 1339050.0 45285296.68356716 1370150.0 1531680.0 20890467.12372351 101969042.94982913 77732175.06296073 46081412.29062482 20098104.685881138 81207492.96909241 5684825.046564494 44239073.47783948 69837675.08055872 40536554.80351405 81138799.24846253 193115254.48414457 199617273.68714023 1478846.432473618 1460501.1997032086 179165187.73221725 151303399.07246888 170114937.6682592 55767399.63355626 4493494.040969865 3473608.484968766 223447653.46212918 727332247.7198881 1223486966.5239604 292561337.29452324 81992549.76877913 99174680.27083652 345725805.950237
-9999.0 -9999.0 -9999.0 -9999.0 -9999 -9999 -9999 -9999 -9999 -9999.0 -9999 -9999 -9999 1171990.0512787348 2036700.0 1610940.291808652 1711094.8624307117 1670429.4112729908 245551.18800158173 463388.82316642645 31249227.05672618 28916.146662992393 8678844.95400854 -9999 -9999 -9999 113960.53151001793 3795932.761561963 1186.7361814986577 -9999 -9999 -9999 717.1797078116932 1262180.0 10983166.89861496 1305872.0508353969 67715970.29787786 58314497.89383427 31384662.468437225 25366842.40999906 142190122.00127113 138293498.92511776 52194144.71790566 52813412.10989107 39366991.55181124 95749371.45560688 256573625.43949014 227431104.7129432 -9999 592347700.8697107 524942470.8710317 88631971.03769454 612463734.6851715 2608351024.356201 1577264066.2980654 1184743728.605932 508719.93477009644 -9999 -9999.0 -9999.0 -9999.0 -9999.0
-9999.0 -9999.0 -9999.0 -9999.0 -9999.0 -9999 -9999 -9999 -9999 -9999.0 -9999.0 -9999 210355.11529265338 36380.52607098645 304219.6983126269 89119.92046587271 1609080.5219652166 1705670.0 1008693.5270543537 309315.9811652421 3414498.754614249 37859947.58450606 -9999 67989.13399614532 -9999 33712.47728326368 39350.55827628768 42932.13942909232 5019833.168951847 -9999 -9999 7792.843148385937 -9999 61465.92571315418 2207330.0 101058205.99522215 53882629.542163 125137610.84051913 2267235.312780631 2026110.0 143988454.8352448 42108621.614619225 79135336.90914477 208204671.58654377 173732158.37789217 285677695.5684572 285251273.759426 -9999.0 -9999.0 -9999.0 -9999.0 -9999.0 -9999.0 -9999 -9999 164870.5095660825 3254468761.256907 4145577862.883012 -9999.0 -9999.0 -9999.0 -9999.0
-9999.0 -9999.0 -9999.0 -9999.0 -9999.0 -9999.0 -9999.0 -9999 -9999 -9999 -9999.0 -9999 681481.9886885176 301216.9097053815 1548.8155950431842 1883800.0 1528153.0359908568 1780727.4939455297 103200.40835197835 535961.046541581 1821600.0 2419980.0 2490520.0 92724.58415323374 286828.15076468815 20938.9039724002 104192.69464299353 -9999 718.4368841738798 -9999 -9999 -9999 4183.609672219305 52423.84882543648 659221.5796204326 127539927.20942163 98890423.25010827 83172555.3180052 158770800.26437604 280422932.1208601 19205221.840823695 94402817.93270275 211364720.06752425 393761735.02910274 314656376.93411744 220691886.4911177 -9999.0 -9999.0 -9999.0 -9999.0 -9999.0 -9999.0 -9999.0 -9999.0 -9999.0 -9999.0 -9999.0 -9999.0 -9999.0 -9999.0 -9999.0 -9999.0
-9999.0 -9999.0 -9999.0 -9999.0 -9999.0 -9999.0 -9999.0 2249.125730919058 -9999 -9999 -9999 -9999.0 6326.99657250453 100436.42415115578 437392.15635271574 1045097.8457471973 1046344.033481326 785469.6148404697 315399.7337723749 354350.0593592431 26605789.30705669 1967000.0 322296.32821741485 54432.26234442355 488240.43859910924 739633.5833285246 -9999 -9999 -9999 -9999 -9999 -9999 32215.047135245266 17153.953708247118 150795729.8572402 50755514.979922704 50979352.031836286 166575423.0795377 2182616.2138644597 160394923.36817974 110312561.44932896 317328493.2479756 354448729.10527456 484276034.86271846 -9999.0 -9999.0 -9999.0 -9999.0 -9999.0 -9999.0 -9999.0 -9999.0 -9999.0 -9999.0 -9999.0 -9999.0 -9999.0 -9999.0 -9999.0 -9999.0 -9999.0 -9999.0
-9999.0 -9999.0 -9999.0 -9999.0 -9999.0 -9999.0 -9999 -9999 3490.0465391600396 -9999 -9999 -9999 -9999.0 -9999.0 30350013.302956272 13461135.910094373 1868420.0 1385620.8227723471 732662.9142789425 641455.9061157622 11447923.019822367 15380633.89960692 2520580.0 41667.28053145665 39254.047505598995 8072804.302518629 26239.734970937534 -9999 -9999 -9999 -9999 -9999 139746.94735600587 22970139.35661442 39897.77502038822 48941166.706771225 139794951.63635615 151073900.65898696 110479524.67848477 209569973.3190042 286962652.38348854 169692474.48211253 -9999 -9999.0 -9999.0 -9999.0 -9999.0 -9999.0 -9999.0 -9999.0 -9999.0 -9999.0 -9999.0 -9999.0 -9999.0 -9999.0 -9999.0 -9999.0 -9999.0 -9999.0 -9999.0 -9999.0
-9999.0 -9999.0 -9999.0 -9999.0 -9999.0 -9999.0 -9999.0 -9999 -9999 9141350.772043826 -9999 7860634.428878816 -9999.0 -9999.0 -9999 172553769.50871426 2130050.0 1086510.0 308756.7494351075 1003377.5848198165 630736.2027312011 14963035.739983711 2300143.874119509 77409.56743260176 19060434.904720094 226246.66475696058 34056941.197099395 -9999 -9999 -9999 -9999 149020.46596149085 455977.46459556324 29423845.413067296 124178.18330167851 140073247.1579407 132727.82259856374 61960909.80042505 106582931.02493195 259416691.48757994 1829998.9113923903 231925405.02523118 -9999.0 -9999.0 -9999.0 -9999.0 -9999.0 -9999.0 -9999.0 -9999.0 -9999.0 -9999.0 -9999.0 -9999.0 -9999.0 -9999.0 -9999.0 -9999.0 -9999.0 -9999.0 -9999.0 -9999.0
-9999.0 -9999.0 -9999.0 -9999.0 -9999.0 -9999.0 -9999.0 -9999.0 -9999 -9999 -9999 711.7893217657718 2280.940669192592 -9999.0 -9999.0 -9999.0 1208510.0 17876046.65509756 9797938.700641772 10482093.11391418 627699.9808928935 187280.78608673176 1130393.681805612 13022483.832837349 13824799.351750057 9260240.83961125 -9999 33002904.057514966 18613.121640094676 -9999 2004.1700644744776 18012.503887540828 2119709.0270699062 110402.0064633668 13138827.272914397 34979684.23485967 184054.7406112291 966018.0430831643 1731700.0 62039278.46741192 1605660.0 317226543.3276228 -9999.0 -9999.0 -9999.0 -9999.0 -9999.0 -9999.0 -9999.0 -9999.0 -9999.0 -9999.0 -9999.0 -9999.0 -9999.0 -9999.0 -9999.0 -9999.0 -9999.0 -9999.0 -9999.0 -9999.0
-9999.0 -9999.0 -9999.0 -9999.0 -9999.0 -9999.0 -9999.0 -9999.0 -9999.0 -9999.0 -9999 -9999 -9999 -9999 -9999.0 -9999.0 -9999.0 853018.0 9886365.201015454 10275488.32177016 170775.1091503398 512880.8366342101 86849.48635284517 134981.4067742415 2299281.328854534 29460536.14239489 24163.824439928398 239756.140933388 136281.31237568002 5086970.688892151 11364.157120672755 -9999 -9999 19665.048319014953 6764.125633725146 49181255.13118949 38102108.163921356 48819062.18853405 1453856.566779197 5058778.317887427 5477563.93265866 192782624.39793703 -9999.0 -9999.0 -9999.0 -9999.0 -9999.0 -9999.0 -9999.0 -9999.0 -9999.0 -9999.0 -9999.0 -9999.0 -9999.0 -9999.0 -9999.0 -9999.0 -9999.0 -9999.0 -9999.0 -9999.0
-9999.0 -9999.0 -9999.0 -9999.0 -9999.0 -9999.0 -9999.0 -9999.0 -9999.0 -9999.0 -9999.0 2561.870396421821 -9999 -9999 -9999.0 -9999.0 -9999.0 1476710.0 2440130.0 1998100.0 357010.42735546775 868929.2475784882 103834.92869085686 -9999 22699090.68592485 1406836.2290158884 79224.08243108686 9738.92681304125 530023.8218150825 1530219.4401514842 218448.57128236635 68515663.05168545 16276.53133830247 60337.67429280259 75765.29392218587 589587.8631337234 143784642.2215011 442993519.4832618 31765249.98452436 72164672.31379846 2880970.0 1081070.9514217945 -9999.0 -9999.0 -9999.0 -9999.0 -9999.0 -9999.0 -9999.0 -9999.0 -9999.0 -9999.0 -9999.0 -9999.0 -9999.0 -9999.0 -9999.0 -9999.0 -9999.0 -9999.0 -9999.0 -9999.0
-9999.0 -9999.0 -9999.0 -9999.0 -9999.0 -9999.0 -9999.0 -9999.0 -9999.0 -9999.0 -9999.0 -9999 359282.5261051892 3691.9252159750304 -9999 -9999.0 -9999.0 -9999.0 91718263.0751877 131076475.26448272 27179324.873268656 16549767.195734307 147288.20639888046 -9999 848597.8785651488 2372542.822655252 207394.46623663988 4257063.291114984 130906.10629704216 452522.8862629074 5748.071595915734 23610750.98884333 71556.40006127855 1137382.4822506248 1198468.50290483 22199228.544311784 135983208.79711193 78167143.31099693 1824391.8663782314 2358276.709653415 1708396.09884443 565521117.8783097 -9999.0 -9999.0 -9999.0 -9999.0 -9999.0 -9999.0 -9999.0 -9999.0 -9999.0 -9999.0 -9999.0 -9999.0 -9999.0 -9999.0 -9999.0 -9999.0 -9999.0 -9999.0 -9999.0 -9999.0
-9999.0 -9999.0 -9999.0 -9999.0 -9999.0 -9999.0 -9999.0 -9999.0 -9999.0 -9999.0 -9999.0 -9999 100724.84032009052 -9999 -9999 -9999.0 -9999.0 -9999.0 -9999.0 865384575.257126 128952401.38042852 1170470.0 356233.50789931795 264425.2684577897 9293010.19156977 40139872.96489211 520888.2002406379 61506227.77727778 57996750.625207774 180017.94417077594 24647915.215161413 -9999 5930.8727406812095 10313203.375989512 75603.84340451588 25934383.182109833 29130194.181971736 69915424.86768627 62311086.043476634 73989778.64442813 257534186.4085108 -9999.0 -9999.0 -9999.0 -9999.0 -9999.0 -9999.0 -9999.0 -9999.0 -9999.0 -9999.0 -9999.0 -9999.0 -9999.0 -9999.0 -9999.0 -9999.0 -9999.0 -9999.0 -9999.0 -9999.0 -9999.0
-9999.0 -9999.0 -9999.0 -9999.0 -9999.0 -9999.0 -9999.0 -9999.0 -9999.0 -9999.0 -9999.0 -9999.0 -9999 -9999 -9999 54168.92628985294 -9999 -9999.0 -9999.0 -9999.0 -9999.0 58100264.90308754 17670637.438492056 93951.09979958931 34043.15861688325 -9999 578367.341584888 89401826.39188574 56304255.9576475 33222099.022830904 8291.302770276452 987.9783726153488 498.8702357326383 93.89190790330485 77066177.81357518 1200468.4081311896 49471687.108653165 225782203.85060436 95703659.49463561 48992833.76126832 287725010.70475996 -9999.0 -9999.0 -9999.0 -9999.0 -9999.0 -9999.0 -9999.0 -9999.0 -9999.0 -9999.0 -9999.0 -9999.0 -9999.0 -9999.0 -9999.0 -9999.0 -9999.0 -9999.0 -9999.0 -9999.0 -9999.0
-9999.0 -9999.0 -9999.0 -9999.0 -9999.0 -9999.0 -9999.0 -9999.0 -9999.0 -9999.0 -9999.0 -9999.0 -9999.0 -9999.0 -9999 2824.4602097880975 18089082.504251823 -9999 -9999.0 -9999.0 -9999.0 -9999.0 34787337.020748764 3046619.1402186495 26747.778460846275 59669.53626477557 242630.63472075402 444738.98150950065 250615.49335048968 20001734.71815975 39259529.52954898 125562.08757654768 14547.683751564007 20470.620013824206 21435854.539995138 12448.90144005002 6052732.07711498 4024136.7428467916 88152041.83300173 409604.71022294817 152419726.9614112 -9999.0 -9999.0 -9999.0 -9999.0 -9999.0 -9999.0 -9999.0 -9999.0 -9999.0 -9999.0 -9999.0 -9999.0 -9999.0 -9999.0 -9999.0 -9999.0 -9999.0 -9999.0 -9999.0 -9999.0 -9999.0
-9999.0 -9999.0 -9999.0 -9999.0 -9999.0 -9999.0 -9999.0 -9999.0 -9999.0 -9999.0 -9999.0 -9999.0 -9999.0 -9999.0 -9999.0 21238.470526721827 627637.9648196541 1332215.6566276734 -9999.0 -9999.0 -9999.0 -9999.0 168635739.7745399 1099621.9997775648 528057.6068889415 939832.4272113552 291131.3177802182 46470.45584643408 1085475.1877506354 4407915.625186892 870480.7271318047 574163.7149936083 2618.509385343378 22998635.239318557 83588.81836287271 6226.405105002541 3212184.5579729713 19053660.009917066 53826337.56618629 11642763.382868286 132885428.26108171 -9999.0 -9999.0 -9999.0 -9999.0 -9999.0 -9999.0 -9999.0 -9999.0 -9999.0 -9999.0 -9999.0 -9999.0 -9999.0 -9999.0 -9999.0 -9999.0 -9999.0 -9999.0 -9999.0 -9999.0 -9999.0
-9999.0 -9999.0 -9999.0 -9999.0 -9999.0 -9999.0 -9999.0 -9999.0 -9999.0 -9999.0 -9999.0 -9999.0 -9999.0 -9999.0 -9999.0 -9999.0 77109999.89989696 -9999.0 -9999.0 -9999.0 -9999.0 -9999.0 -9999.0 -9999.0 29184251.036409967 5574342.751804338 835134.556517096 9187044.249181585 2620778.8322726684 24574166.458261948 878148.8395737344 1023029.766744205 35611.20177175581 99849.74025608957 397029.0708812167 1051829.0550936647 9016506.218203329 94410294.17442103 203177520.19923106 183535940.30578345 255605831.1357718 -9999.0 -9999.0 -9999.0 -9999.0 -9999.0 -9999.0 -9999.0 -9999.0 -9999.0 -9999.0 -9999.0 -9999.0 -9999.0 -9999.0 -9999.0 -9999.0 -9999.0 -9999.0 -9999.0 -9999.0 -9999.0
-9999.0 -9999.0 -9999.0 -9999.0 -9999.0 -9999.0 -9999.0 -9999.0 -9999.0 -9999.0 -9999.0 -9999.0 -9999.0 -9999.0 -9999.0 -9999.0 -9999.0 -9999.0 -9999.0 -9999.0 -9999.0 -9999.0 -9999.0 -9999.0 856717.5084942912 42885440.3883782 1156720.0 594529.9575271697 14668065.001857955 44633133.34049547 38528763.961661145 1313967.7680391665 427938.5699891953 6227140.097935656 209577.1836980771 44998135.17816359 90090993.5455163 117317770.77904108 215270549.18452865 274626019.9675985 133911585.99890924 -9999.0 -9999.0 -9999.0 -9999.0 -9999.0 -9999.0 -9999.0 -9999.0 -9999.0 -9999.0 -9999.0 -9999.0 -9999.0 -9999.0 -9999.0 -9999.0 -9999.0 -9999.0 -9999.0 -9999.0 -9999.0
-9999.0 -9999.0 -9999.0 -9999.0 -9999.0 -9999.0 -9999.0 -9999.0 -9999.0 -9999.0 -9999.0 -9999.0 -9999.0 -9999.0 -9999.0 -9999.0 -9999.0 -9999.0 -9999.0 -9999.0 -9999.0 -9999.0 -9999.0 -9999.0 420015015.64129424 56656757.471542224 6409032.6688311715 1577610.0 8930868.369852185 67357637.33282301 17449331.61437481 1335696.122064149 89902616.64021064 563104.5278464644 24345397.49900015 19231618.197454773 83652524.37116253 114633127.19899158 129093286.96170837 118968625.1568307 262076071.53775197 -9999 -9999.0 -9999.0 -9999.0 -9999.0 -9999.0 -9999.0 -9999.0 -9999.0 -9999.0 -9999.0 -9999.0 -9999.0 -9999.0 -9999.0 -9999.0 -9999.0 -9999 303697.0901861852 168190.68070124212 3708.3414728360085
-9999.0 -9999.0 -9999.0 -9999.0 -9999.0 -9999.0 -9999.0 -9999.0 -9999.0 -9999.0 -9999.0 -9999.0 -9999.0 -9999.0 -9999.0 -9999.0 -9999.0 -9999.0 -9999.0 -9999.0 -9999.0 -9999.0 -9999.0 -9999.0 -9999.0 84413227.73042923 1774700.0 1590030.0 1545937.2859377526 29381828.659469195 71126691.94788231 29664668.711704463 755757.2904769195 52115469.673823066 28010055.358077943 1351695.7066645492 25566889.63682861 60488131.51851008 102362905.28256191 87104282.77789804 96509339.39900343 467940633.5103829 -9999.0 -9999.0 -9999.0 -9999.0 -9999.0 -9999.0 -9999.0 -9999.0 -9999.0 -9999.0 -9999.0 -9999.0 -9999.0 71745601.34697554 38857.970311064426 743674.802932632 77186808.23383565 22817251.984730665 51239102.968049295 189089282.93685988
-9999.0 -9999.0 -9999.0 -9999.0 -9999.0 -9999.0 -9999.0 -9999.0 -9999.0 -9999.0 -9999.0 -9999.0 -9999.0 -9999.0 -9999.0 -9999.0 -9999.0 -9999.0 -9999.0 -9999.0 -9999.0 -9999.0 -9999.0 -9999.0 -9999.0 63925151.48815217 29270078.63052778 1183982.6475533107 1690320.0 1918610.0 1585030.2530442057 59554520.60921202 49900419.645184755 1916366.4556124846 1150946.9407937163 782527.0581119453 32329097.013827022 29820712.063426573 95841036.78791298 108792240.8024181 101354922.10883905 73028971.89796203 -9999.0 -9999.0 -9999.0 -9999.0 -9999.0 -9999.0 -9999.0 -9999.0 -9999.0 -9999.0 -9999.0 -9999.0 -9999.0 924751990.0161849 1338630.0 1232640.0 134700354.11289442 19194731.19695292 266470951.44107345 31853.116921274384
-9999.0 -9999.0 -9999.0 -9999.0 -9999.0 -9999.0 -9999.0 -9999.0 -9999.0 -9999.0 -9999.0 -9999.0 -9999.0 -9999.0 -9999.0 -9999.0 -9999.0 -9999.0 -9999.0 -9999.0 -9999.0 -9999.0 -9999.0 -9999.0 89437.62089772518 77964977.92025237 36501773.79081565 1629380.0 778925.1792006176 1404079.5170685956 1748570.0 2156470.0 2190480.0 2123552.791160888 18468475.16753613 47304348.38738093 46107501.266793974 1529671.384481039 23121701.29009385 114247445.88865979 152344860.6909563 158702322.9410582 161990528.55005372 -9999.0 -9999.0 -9999.0 -9999.0 -9999.0 -9999.0 -9999.0 -9999.0 -9999.0 -9999.0 -9999.0 -9999.0 30154013.301828332 175465.59590225207 148475223.7025782 214170192.5691002 70812386.30492046 234970178.17378128 17398.14833881305
