critload/trunk/output/2010/nin_crit_sw_araigl.asc
ncols 720
nrows 360
xllcorner -180
yllcorner -90
cellsize 0.5
NODATA_value -9999
[rows 196 to 223 of 360, columns 372 to 433 of 720]
-9999.0 -9999.0 -9999.0 -9999.0 -9999.0 -9999.0 -9999.0 -9999.0 -9999.0 -9999.0 -9999.0 -9999.0 -9999.0 -9999.0 78036874.31626621 112224503.08108927 84802041.15188561 102631373.37635672 177821791.49036345 -9999 -9999 158047377.78175834 -9999 -9999 -9999 201634178.8544553 190603285.7620013 242246360.3013184 166855822.75557128 -9999 -9999 -9999 -9999 180577984.9953943 326362257.8277382 -9999 449836757.1955378 264816966.1192358 427670429.557476 213819393.18336987 127884055.25941727 797995.883931956 169842286.83615333 -9999 329837582.9908442 87929457.26765285 202808419.02653298 200106088.9130762 236598624.87798065 17978.1627704021 78731705.37878135 72408183.04591507 86963893.60537569 382863.69676280464 34679572.591961965 173205520.74724102 274047809.56821704 49984146.31665413 95574271.57830504 121976781.15535268 203409232.4031669 273705613.747653
-9999.0 -9999.0 -9999.0 -9999.0 -9999.0 -9999.0 -9999.0 -9999.0 -9999.0 -9999.0 -9999.0 -9999.0 -9999.0 -9999.0 284346.11318980413 53074558.049587905 -9999 107002022.15963602 156115628.89892492 219514226.1880959 -9999 154504753.25142804 83501716.66266948 -9999 -9999 225721741.7353859 210069326.17509052 -9999 -9999 -9999 183611172.1062857 -9999 -9999 -9999 565945823.5398097 591827593.6612622 350057136.0296456 442393227.006802 136967190.14543116 197244284.70812973 113650678.69128668 -9999 -9999 -9999 136013289.91731334 68824.4239979858 86173718.58392961 14902.525313294318 -9999 69669947.74235575 45394551.4072892 73427608.44430894 60630617.09663946 11452505.695339773 71190751.03386629 119045534.67419034 89019633.59191722 65510701.740326196 116224530.17977545 36686669.49336097 283799729.4364135 185698462.9221765
-9999.0 -9999.0 -9999.0 -9999.0 -9999.0 -9999.0 -9999.0 -9999.0 -9999.0 -9999.0 -9999.0 -9999.0 -9999.0 -9999.0 76971292.99836929 95485110.45058742 -9999 64571833.53836767 113924540.68642858 101320650.64541426 205477770.00723466 -9999 218050093.13131982 -9999 -9999 -9999 -9999 219092325.57408914 -9999 193535456.510129 199996809.2771011 120023638.40409699 -9999 316589314.08982974 770387257.9885017 578491681.3889543 493110390.6107177 -9999 299074589.28009516 51767196.86402542 101119611.47049952 -9999 153870800.23847246 408285933.86462176 20756402.711066786 185957.33864356548 244037728.86190844 216898840.7652289 208816195.84470186 227368280.98928192 237539693.95186815 90839745.57921633 147317137.9573518 3105546.3716118527 36854151.02399073 29596380.797045387 82189762.30431649 87190531.50342888 170356599.120878 7489503.119975009 170251408.84587392 -9999
-9999.0 -9999.0 -9999.0 -9999.0 -9999.0 -9999.0 -9999.0 -9999.0 -9999.0 -9999.0 -9999.0 -9999.0 -9999.0 -9999.0 213253241.5281331 201457879.40888846 91206936.20344089 81459187.49688224 132622945.87125354 -9999 190974154.11437356 -9999 46903328.6927651 193031260.00506192 293531465.5815042 -9999 -9999 -9999 225893991.6368553 231113751.73298025 220590423.36756974 -9999 -9999 234061409.86952463 363520698.75461966 387398548.5189953 456207116.61161655 -9999 -9999 234505026.00137293 129449384.06509615 420582353.12748706 68092582.19705683 389190525.840266 1214608521.447881 386170099.5760189 212652122.1418989 192946568.25124314 251901089.65107992 246441943.8895129 282193245.17531925 33423321.389375493 133616630.91234116 140125519.83862677 75630703.73836629 28377691.20021153 192813.65669674045 128342637.07107788 102877245.41408373 -9999 -9999 -9999
-9999.0 -9999.0 -9999.0 -9999.0 -9999.0 -9999.0 -9999.0 -9999.0 -9999.0 -9999.0 -9999.0 -9999.0 -9999.0 -9999.0 -9999 185063852.9617654 -9999 62656481.08488335 -9999 -9999 -9999 -9999 241254094.599991 -9999 -9999 206554838.72593424 -9999 229371617.61232486 281328579.38275814 284126331.08144844 -9999 -9999 137186235.46652958 444296211.67548674 314279984.93802893 -9999 107800182.59991728 199889866.85487098 135681286.90564284 313912044.1240872 224309991.54475483 384074389.0951162 322580475.57428384 -9999 522820275.02824676 194557561.55406228 215550978.07921737 229878272.99464798 269456855.3325312 207309235.19510126 263773403.72493857 81095592.51733245 166180293.28580812 105682935.57278624 23192887.30864512 70099679.81826459 296210.54813405673 120885496.33568616 140765502.3389553 160856654.18151197 137279762.7271988 -9999
-9999.0 -9999.0 -9999.0 -9999.0 -9999.0 -9999.0 -9999.0 -9999.0 -9999.0 -9999.0 -9999.0 -9999.0 -9999.0 -9999.0 -9999.0 122756751.7812819 22172819.90366913 68176557.915355 121718561.61047344 178793294.9381478 -9999 -9999 -9999 -9999 -9999 -9999 189276658.10923785 287918944.2111226 265623840.06685525 306204612.0506391 252776071.1009713 -9999 108635181.81620808 279379181.9695895 377481681.5948791 300171839.36170655 327753939.6934913 375900956.525373 283507196.3500215 346452513.1734485 284622775.102876 264263025.5603416 106893213.07489127 145523664.91946116 833813222.7498673 214944685.01145172 266447944.39986616 424291950.20600855 344831524.28877074 -9999 294854967.7595978 297176690.4040413 139159655.80263865 -9999 41731762.73731842 53980725.69195561 27646225.0508294 113277738.92855349 116565255.63849549 62506715.664813854 155571984.0661984 220549503.63402677
-9999.0 -9999.0 -9999.0 -9999.0 -9999.0 -9999.0 -9999.0 -9999.0 -9999.0 -9999.0 -9999.0 -9999.0 -9999.0 -9999.0 -9999.0 64070889.430973835 128225.30457227957 66779231.41405676 69548795.26394168 181222669.1987096 266471729.96149108 157253575.7829609 -9999 -9999 -9999 -9999 217354775.81385118 209041075.9353253 241877383.1654804 241230614.02307072 935584571.8463788 989084833.7293829 228272382.33186892 233526192.12473267 258907928.71704793 -9999 231044917.8163101 -9999 781786802.5450196 666696461.1577728 -9999 408426906.66989374 499073408.0491482 822875431.5257343 8351.19225636325 250353595.1513332 292418131.6976159 189744901.28057778 -9999 329297180.8570694 294310313.8581816 247858955.4369513 105749259.0451624 -9999 916339.9482922303 37090819.4105001 59315912.21004676 92145884.13120168 111917725.10392462 237930120.51882413 237047773.1435318 244596818.58531874
-9999.0 -9999.0 -9999.0 -9999.0 -9999.0 -9999.0 -9999.0 -9999.0 -9999.0 -9999.0 -9999.0 -9999.0 -9999.0 -9999.0 -9999.0 18170580.27250044 42791253.074336305 85833444.44822761 113620086.92248219 89521686.07221238 134211450.05813375 119598827.0394659 171582505.6511968 -9999 -9999 -9999 -9999 209845622.65937257 241693103.16939187 307975589.44000036 -9999 -9999 580141282.3887655 737544675.587116 -9999 -9999 163136547.61505166 -9999 -9999 -9999 -9999 -9999 1336219386.889813 471507504.99571633 -9999 296312071.67994434 282213383.22103393 1543620298.8632617 -9999 318016007.49883986 307380919.79455954 182871425.99519575 59858657.98330848 124466327.78442928 91966885.43865226 47991973.93416944 100709083.28235193 14396.662481928848 254171434.77278906 334607638.0534186 300843370.1806641 277955427.98336047
-9999.0 -9999.0 -9999.0 -9999.0 -9999.0 -9999.0 -9999.0 -9999.0 -9999.0 -9999.0 -9999.0 -9999.0 -9999.0 -9999.0 -9999.0 117506.41975894658 138813.62434602343 77676354.56549384 104093997.61134948 108440584.56650396 138275101.51599976 83320800.90541288 119427937.81836168 172549864.89415652 -9999 226552535.6946367 218801184.9858741 -9999 265266797.15080953 808486163.0387101 870381381.3422638 491396225.74732715 313317545.3192467 -9999 -9999 -9999 -9999 -9999 -9999 276120540.4924058 279322748.5673346 -9999 -9999 10014305983.555838 129820.57317238979 5119339425.86585 314834573.8133307 376446087.55885017 -9999 -9999 130339378.81428827 92422685.836413 -9999 96508697.25791794 151646841.85462007 60281929.89074953 119285.07138220672 231117872.2447396 264456536.45886102 238826510.47579294 224272441.96385482 -9999
-9999.0 -9999.0 -9999.0 -9999.0 -9999.0 -9999.0 -9999.0 -9999.0 -9999.0 -9999.0 -9999.0 -9999.0 -9999.0 -9999.0 284919.4212415912 169324.13248206585 16410793.078388676 68389283.49984819 64426186.080903366 65432939.82362893 137556117.1892869 107312962.96362118 162862129.76002195 185243233.71985173 217862177.20298415 221286486.1915781 229036425.86175498 236869331.55812624 262292906.3699095 276213059.4791561 1167018268.0954027 908706991.9680345 686875650.5427814 400218122.90901715 -9999 208098873.32964155 -9999 -9999 -9999 -9999 -9999 -9999 -9999 236314935.30669656 276999732.7583687 655230.1015694262 893587758.7911952 4837740685.831123 230384422.51128572 170463907.70012164 77509945.51456963 -9999 -9999 73692169.6561124 67600393.14061144 58716671.347489506 104537296.84722956 161692890.542875 159284108.7814345 187696197.24537784 103899119.13031912 -9999
-9999.0 -9999.0 -9999.0 -9999.0 -9999.0 -9999.0 -9999.0 -9999.0 -9999.0 -9999.0 -9999.0 -9999.0 -9999.0 -9999 62404650.438298054 45574621.31415955 807897.1303772483 49630580.076801434 74564787.2789121 121983552.54467753 130571532.96621819 85926505.1742262 39494300.712489285 -9999 187406522.26378092 205238656.58114108 225942700.52876753 230464461.20082137 133729401.5628268 -9999 287836742.9688881 1654387710.9253342 2608293381.5912614 884276469.0481664 268634217.8317737 288081552.7630358 327680341.9626703 119366319.41917954 165804396.98484674 180835441.33051065 -9999 -9999 326502855.83718634 310553521.31187505 218345644.57277635 268856073.85625637 1063630321.4066436 225702086.82793626 153940577.8843995 197217941.99297667 69099257.14374273 -9999 94915727.89701478 57204200.137148865 80172288.98455268 15363376.426673058 75703812.51392788 72271537.01244888 141952090.73137727 136359527.9521242 205582764.11310455 229877517.39244753
-9999.0 -9999.0 -9999.0 -9999.0 -9999.0 -9999.0 -9999.0 -9999.0 -9999.0 -9999.0 -9999.0 -9999.0 -9999.0 3058.9424447287747 98.73295114216937 55121.66355982938 57761493.618068375 54722236.030754276 82030451.43393624 125357499.63133235 137579379.8515304 11669.583032968696 44388897.92584243 -9999 193503543.89782012 207463895.64822364 223808148.5257055 112617142.49197929 128112350.63899913 132029646.29910919 167953903.90596053 228433240.62444702 1370257070.4458184 1262965643.5579298 255729116.40326506 292899796.9905914 2413.535944744951 -9999 306405472.59100324 203692275.10630536 -9999 343676370.3678596 676131028.964768 292199141.5880762 229357959.843534 122072492.44832222 130183704.56839813 93825852.52303849 193458004.01833543 46394877.13905105 127810283.37595205 78248153.87020206 28896053.752579108 19378149.487163797 62325170.38697062 30519267.42343522 87744800.1560809 239332.05272181425 79786572.77702011 163492254.85786748 274422494.33571243 162033531.82070047
-9999.0 -9999.0 -9999.0 -9999.0 -9999.0 -9999.0 -9999.0 -9999.0 -9999.0 -9999.0 -9999.0 -9999.0 26012.553950463884 2735.2858376365257 17308346.669409662 40967935.48288519 55407452.29717742 257858.39024962438 71852536.32830173 -9999 105442249.29921852 -9999 27609715.420231376 132339818.151372 163377416.52183026 137044730.28135717 202886730.49948508 65283093.320382304 229072567.9253635 -9999 -9999 282871074.3832877 -9999 -9999 1088646324.780196 425475982.4969592 -9999 265618135.5565991 305980826.56037056 -9999 -9999 -9999 326392405.3780058 187644240.39085892 160029163.64306685 61296864.941372365 85701444.00790393 151456700.8873674 30347451.725417335 29725117.23493959 102275072.1282934 56698324.925381914 49138530.00956121 124817854.66989622 95545020.71370026 61524471.52461557 52850531.06159274 667655.0958689055 10000797.454893492 4883192.548980003 17153540.784802303 136979.99579176097
-9999.0 -9999.0 -9999.0 -9999.0 -9999.0 -9999.0 -9999.0 -9999.0 -9999.0 -9999.0 -9999.0 -9999.0 -9999 412.95248843591725 37224031.76814187 47403599.1693841 2453719.8108804687 35949918.1497148 82371472.70939939 124683077.67437823 148293760.03729615 122674355.75871924 25485536.555866763 113503745.35226591 109445190.65308468 165520651.93288976 179086128.58355522 55141509.30706911 -9999 220361104.34365356 -9999 -9999 -9999 -9999 883235834.9357513 849517836.4397302 354680554.0798922 192641473.35803527 233762070.22264 -9999 -9999 63562446.43269105 161920283.84434465 255539034.1268094 228447200.12586468 55069128.657411516 18872515.52768642 -9999 40794.652258159374 64437521.31045175 97902496.67814831 41534313.11617395 27212449.129743077 87796079.25737047 126202794.48552553 76459523.76915221 38764894.36915101 72403273.90268083 53490474.819980025 89683403.19558546 30037177.01660711 73043848.84344304
-9999.0 -9999.0 -9999.0 -9999.0 -9999.0 -9999.0 -9999.0 -9999.0 -9999.0 -9999.0 -9999.0 -9999.0 18591.33190173164 41740690.004142374 15649391.381277168 55608789.66427309 403247.90149683924 -9999 452947.3752066671 195065.4692797846 117892618.76619758 131207.06089586738 17632483.405022003 39975565.199928276 92255893.71954241 248598283.4685046 23655175.93316444 801251664.8317527 -9999 -9999 -9999 -9999 590798138.6482848 129498.65394251322 296605675.4322471 738996036.4850928 553187141.2508302 529680022.00574917 -9999 -9999 63391917.4571281 19602492.460762255 169125835.123955 227233867.54712346 556821.6719010638 51887900.667775445 39485169.607897885 -9999 103595.29130461256 30298435.176433116 72232243.41283906 66647251.22097036 73499403.52159512 42299163.57540664 120042468.67823417 54108041.905019656 78693365.69855791 80266094.73478357 50100151.72650068 160299045.5492079 178596028.65858147 78681518.52436356
-9999.0 -9999.0 -9999.0 -9999.0 -9999.0 -9999.0 -9999.0 -9999.0 -9999.0 -9999.0 -9999.0 -9999 -9999 -9999 1507.0004456302627 577574.3788856659 60507.547108532555 62505.431632570275 83447.05568196515 403832.6399265769 165394193.9678851 88138936.04217683 33791023.04132009 16282968.530544108 -9999 -9999 -9999 -9999 -9999 -9999 -9999 338771533.7693678 1347427709.7093627 253604200.84820983 217333670.724219 1231869587.0451083 -9999 -9999 699843183.5585186 -9999 203306780.1696303 566083227.7093228 -9999 256574485.44368735 115919132.6859809 93814415.88601531 -9999 -9999 116486.25837994704 119464356.0420989 88465699.47937207 6048850.816554238 494849.31729979813 82869839.58483395 70389747.40923813 41429841.214139305 59077203.244902216 43452454.5384306 11036013.506716514 81725609.3000796 195613239.96220657 140405864.8077455
-9999.0 -9999.0 -9999.0 -9999.0 -9999.0 -9999.0 -9999.0 -9999.0 -9999.0 -9999.0 -9999.0 -9999 -9999 -9999 64748.93793699068 418399.8142901489 890981.073512414 494359.3319812664 32856.50950160492 366561.95809430827 202076.70975223742 188257.424240127 -9999 -9999 -9999 -9999 -9999 -9999 -9999 -9999 -9999 -9999 -9999 -9999 -9999 -9999 617434589.423258 544921297.8893467 723754690.1924373 -9999 319608966.91699666 219710376.46063754 81500605.48791626 66673742.964573324 49938758.52942685 63673888.84334308 26576458.65903757 95463319.12931688 23709087.465766698 66083.59720892442 25535966.273139704 5838876.302412986 67187862.42898102 23092724.89141107 48277050.68966387 45483131.64144618 60602363.768397644 170433922.9805028 56555721.34547722 138015508.15863314 70287587.10860863 68346028.36212665
-9999.0 -9999.0 -9999.0 -9999.0 -9999.0 -9999.0 -9999.0 -9999.0 -9999.0 -9999.0 -9999.0 -9999 -9999 42921107.00611493 13434.65152721061 86280.85667941216 289854.11544470413 199094.28972093633 324762.04267652263 466954.3160013901 15249.554377742405 -9999 -9999 65376.09900321567 -9999 -9999 -9999 -9999 -9999 -9999 -9999 -9999 -9999 -9999 -9999 32583.54658171322 236925627.31034777 579377935.0115832 889596107.6493946 -9999 689446.0466880053 918745.2990532152 12509759.132698782 215657.70370444306 80515.94327292938 -9999 49693104.46986625 22458441.977342434 85376272.5267146 78689779.31979465 57172546.95090125 101654395.0712574 17028954.54986161 69396880.32529391 109995.08338199824 76769303.36401427 41092114.712494224 206865805.97101018 193816009.20380163 161335383.89735806 171963179.9816287 91310759.71131742
-9999.0 -9999.0 -9999.0 -9999.0 -9999.0 -9999.0 -9999.0 -9999.0 -9999.0 -9999.0 -9999.0 -9999 -9999 -9999 889.0002265177154 13637.940561813688 -9999 146103.59365315863 35223.81293541802 99275.02702083433 291757.4250603256 74931413.42452 360896.3272958384 262606.7588905712 365715.24199515785 285460842.071901 -9999 -9999 -9999 -9999 -9999 -9999 -9999 149147.1918704346 -9999 -9999 205665716.38342226 931938337.9055132 857313471.5310663 747079.2636144419 460563.2782577197 8619612.010662923 49069425.5502288 14066.983577038172 88422425.28212912 315789.5084369218 110723404.74943566 42705339.13850599 83992180.9444988 131993834.71278906 86551959.03553846 23397242.063609365 58849377.585686184 63563809.19555344 99405624.40191945 157377170.68316817 377295411.84750444 191783851.4365867 189779227.6168332 191018728.69645864 185255308.26284006 113203528.15914452
-9999.0 -9999.0 -9999.0 -9999.0 -9999.0 -9999.0 -9999.0 -9999.0 -9999.0 -9999.0 -9999.0 -9999 -9999 -9999 805206.993675013 78391.28816937927 95600.04322136742 215790434.1173449 764574055.5385604 285439142.20430064 86924010.75745767 182784709.25952995 353473.56936651806 437781.7087340825 361868.50915456936 464729.12081474386 542305.0860780067 274690.328665707 363155.16801009176 84809.11575031337 329512.5689619048 198452.44873982493 232038.15419819223 121731818.50936651 331418.4140591016 -9999 781819.846163865 185193800.39857924 93500022.00273758 181058662.85246614 18901647.452476244 4530749.715681806 68215445.04167333 125793762.18183763 48919377.34075991 14571904.095998691 9901.994661201494 5343853.434834053 81760042.03455484 254405852.16951767 83507.65853187047 110696838.02233124 38943623.539979115 31199681.305460017 156890695.15950102 220748390.99846324 307964217.3213911 372117807.91377515 264984546.50085527 378846714.67351145 646147364.7086428 726726504.6731968
-9999.0 -9999.0 -9999.0 -9999.0 -9999.0 -9999.0 -9999.0 -9999.0 -9999.0 -9999.0 -9999.0 -9999 -9999 -9999 -9999 10109.808767662425 1221.1264791887093 -9999 -9999 8546.245343534447 698623704.7808579 529280481.4606783 225678.32430088182 381722.8281417718 245505.93695209618 25334898.642589487 244144.03346388193 40992.0130556268 112634.3241421226 67126.80484381696 90505.06405620849 60264.759107682 4406.2645719952325 5546.18756159461 1804.268243718098 284515245.950895 3755.3347563052607 125417.46201978138 212936490.45954704 66094959.732770965 22868530.950371947 21227484.767825764 -9999 24212655.238955736 17406201.286822595 299060307.4494542 69613204.65653948 40485.81898002602 84330891.57014154 116620597.80082716 15293693.081910234 122779878.61222956 142191520.0704248 129635672.7984223 191353684.67838985 222779987.87699565 221344916.00713 344206328.4354973 334968536.78989214 248751005.42024842 753852674.5397846 962610124.580404
-9999.0 -9999.0 -9999.0 -9999.0 -9999.0 -9999.0 -9999.0 -9999.0 -9999.0 -9999.0 -9999.0 -9999.0 -9999 -9999 -9999 433.3363260293887 -9999 -9999 -9999 92081495.3951694 -9999 -9999 374358354.5969412 87727.6881970622 66901.17686798742 131756.61658303346 281208.2724712873 3569605.419755994 12019151.154046778 5635597.763249962 -9999 -9999 -9999 -9999 -9999 -9999 -9999 12312.578167900832 3482186.3033093787 70214.8728464327 -9999 187096448.5429917 -9999 -9999 329094168.4538846 315372622.60130763 275909258.54851836 18863.068456927467 59408109.32268728 226588702.14555895 25480562.873536557 27817230.957614508 29449951.567077316 121614411.92809048 97267388.2571255 190443716.21993175 223680770.55669668 295562196.83897024 497427031.1992843 441855908.61467993 510137327.86867934 -9999.0
-9999.0 -9999.0 -9999.0 -9999.0 -9999.0 -9999.0 -9999.0 -9999.0 -9999.0 -9999.0 -9999.0 -9999.0 -9999.0 -9999 640.7450510951534 26103176.79863168 -9999 -9999 180797363.32417467 -9999 653862766.744898 61232.88933269275 87040158.6363416 32656506.28382577 13682985.959128512 53922.392718306335 178705.27132419313 68294.94953083096 55849.205114393626 91107.07680024106 -9999 -9999 -9999 -9999 -9999 -9999 -9999 -9999 1414.211406168223 1556.7655780887899 4216.072529418441 245345316.87306637 11557281.660595229 227866324.92570657 164155214.5817322 60340584.44585641 72929087.05987513 9161542.843419582 78035005.08048894 130022198.30521868 75361505.26068106 29406616.732694656 28597442.2395942 14590189.019764392 58563810.408943415 125822445.87932615 284757245.366971 352229486.29093415 823601531.3892579 1388493949.0816815 -9999.0 -9999.0
-9999.0 -9999.0 -9999.0 -9999.0 -9999.0 -9999.0 -9999.0 -9999.0 -9999.0 -9999.0 -9999.0 -9999.0 -9999.0 -9999 -9999 -9999 -9999 -9999 5784.486347488402 -9999 20141.76193570943 111607.68204570915 30573325.537310675 30470806.60155975 1215.1973044520505 995.4309812290132 67837.51936419935 84449.65036314866 91875.7656794194 101507.8943781426 -9999 -9999 -9999 -9999 -9999 -9999 -9999 -9999 -9999 2073.1757334408517 101463964.72312222 213115.6491092641 173650.70390690284 12976771.889342606 15986386.502256405 67313108.0116383 41138173.21099207 70133023.8176791 49982968.629253045 35637421.533953935 35955654.896909066 43847451.68921063 66652030.95146396 60222229.059139006 25998456.147480875 56186649.54618798 347113195.8571599 530048632.29699075 1488079858.907003 -9999.0 -9999.0 -9999.0
-9999.0 -9999.0 -9999.0 -9999.0 -9999.0 -9999.0 -9999.0 -9999.0 -9999.0 -9999.0 -9999.0 -9999.0 -9999.0 -9999.0 -9999 -9999 -9999 33360853.945401166 4.620846878779833 902.0006518919316 19600.016899111746 124364.2085622458 31797.828475563983 5408.435330742363 -9999 -9999 4194.656986157745 -9999 -9999 7293943.5099070445 -9999 -9999 -9999 366.571019368016 -9999 -9999 -9999 -9999 -9999 -9999 632698887.4038659 -9999 190204.80815753242 107004395.35507691 25391.130205092817 89423.47934213003 556879.5191648091 14794975.223561354 68427267.49402851 51233839.551650465 14407107.244441787 47476777.16135759 89719542.42733979 79192296.63148813 197298099.33955896 318008949.2475133 513086552.19930947 679358407.1855792 -9999.0 -9999.0 -9999.0 -9999.0
-9999.0 -9999.0 -9999.0 -9999.0 -9999.0 -9999.0 -9999.0 -9999.0 -9999.0 -9999.0 -9999.0 -9999.0 -9999.0 -9999.0 -9999 -9999 -9999 -9999 -9999 3.9345550556227322 28730.81163363069 25512.072010465432 -9999 -9999 -9999 -9999 272.80744055786676 -9999 1953.3712290552676 10585.587744192495 -9999 -9999 -9999 -9999 -9999 -9999 -9999 -9999 -9999 -9999 398086903.77454364 20174.980381826754 60965.847121088475 532512.0048020659 820077.1670477381 2852712.7950719846 15331095.706101615 21314494.330359828 17668047.18149594 13819654.119232131 44984394.50521582 131633114.94940749 119032205.15458 96210066.86669078 195726358.19995323 678929000.288646 602654175.6514453 660304264.3447353 653673110.6565537 -9999.0 -9999.0 -9999.0
-9999.0 -9999.0 -9999.0 -9999.0 -9999.0 -9999.0 -9999.0 -9999.0 -9999.0 -9999.0 -9999.0 -9999.0 -9999.0 -9999.0 -9999.0 -9999 -9999 -9999 -9999 93.6626918727917 807.0044899093439 -9999 -9999 87.40868548155862 121.97889057643818 21.783211413724935 219.36550139351345 1095.3463316457635 7203.039422156192 -9999 -9999 -9999 -9999 -9999 -9999 -9999 -9999 -9999 -9999 -9999 166023720.6752119 126000.64768305434 173960920.6285588 370920.0970522096 191203059.07282507 176553977.82286897 73919762.92792164 32359984.626663018 28863785.70871942 55467540.51855375 99484829.72802415 172265352.64437544 264383779.97273976 89189286.36052448 306524511.4465485 442162742.57699084 590015172.5229079 589596560.9188881 601298133.359662 -9999.0 -9999.0 -9999.0
-9999.0 -9999.0 -9999.0 -9999.0 -9999.0 -9999.0 -9999.0 -9999.0 -9999.0 -9999.0 -9999.0 -9999.0 -9999.0 -9999.0 -9999.0 -9999 -9999 -9999 -9999 -9999 -9999 127754918.47604159 -9999 30.34031292652294 14807381.68229352 -9999 2706.5882125439844 -9999 -9999 120761545.47101179 -9999 -9999 -9999 -9999 -9999 -9999 -9999 -9999 -9999 62440.69360349426 1072.376281097422 6081.243649608845 6542.286393307104 96553505.5980009 174319478.43348008 -9999 -9999 -9999 -9999 307875506.9381801 163446429.5082062 56266802.816907436 -9999 585243910.74684 11087.854686243874 890486926.7860116 424806415.1317196 -9999 146057981.31994528 -9999.0 -9999.0 -9999.0
