critload/trunk/output/2010/nin_crit_sw_araigl.asc
ncols 720
nrows 360
xllcorner -180
yllcorner -90
cellsize 0.5
NODATA_value -9999
[rows 140 to 167 of 360, columns 372 to 433 of 720]
-9999 -9999 -9999 -9999 -9999 -9999 -9999 -9999 -9999 -9999 -9999 -9999 -9999 -9999 -9999 -9999 -9999 -9999 -9999 -9999 -9999 -9999 -9999 -9999 -9999 -9999 -9999 -9999 -9999 -9999 -9999 -9999 -9999 -9999 -9999 -9999 -9999 -9999 -9999 -9999 -9999 -9999 -9999 -9999 -9999 -9999 -9999 -9999 68595.04849353133 4349.823509863841 -9999 -9999 -9999 -9999 4549.62032467706 -9999 -9999 -9999 -9999 -9999 -9999 -9999
-9999 -9999 -9999 -9999 -9999 -9999 -9999 -9999 -9999 -9999 -9999 -9999 -9999 -9999 -9999 -9999 -9999 -9999 -9999 -9999 -9999 -9999 -9999 -9999 -9999 -9999 -9999 -9999 -9999 -9999 -9999 -9999 -9999 -9999 -9999 -9999 -9999 -9999 -9999 -9999 -9999 -9999 -9999 -9999 -9999 -9999 -9999 -9999 62431.07635999244 53222.955104196415 -9999 -9999 -9999 -9999 7277.10677668024 684.2634562217742 -9999 -9999 -9999 -9999 -9999 -9999
-9999 -9999 1642.8569828945435 -9999 -9999 -9999 -9999 -9999 -9999 -9999 -9999 -9999 -9999 -9999 -9999 -9999 -9999 -9999 -9999 -9999 -9999 -9999 -9999 -9999 -9999 -9999 -9999 -9999 -9999 -9999 -9999 -9999 -9999 -9999 -9999 -9999 -9999 -9999 -9999 -9999 -9999 -9999 -9999 -9999 -9999 -9999 -9999 -9999 -9999 16018.125798553081 -9999 8405.884525831963 2099.972663986039 -9999 -9999 2017.6014400320284 -9999 -9999 -9999 -9999 -9999 -9999
-9999 -9999 -9999 65650952.31251026 -9999 -9999 -9999 -9999 -9999 -9999 -9999 -9999 -9999 -9999 -9999 -9999 -9999 -9999 -9999 -9999 -9999 -9999 -9999 -9999 -9999 -9999 -9999 -9999 -9999 -9999 -9999 -9999 -9999 -9999 -9999 -9999 -9999 -9999 -9999 -9999 -9999 -9999 -9999 -9999 -9999 -9999 -9999 -9999 -9999 50160.094472468096 15206.641811333828 32040.92769435368 -9999 -9999 -9999 29176.66763583621 -9999 -9999 -9999 -9999 -9999 -9999
-9999 -9999 -9999 77154091.13986325 -9999 -9999 -9999 -9999 -9999 -9999 -9999 -9999 -9999 -9999 -9999 -9999 -9999 -9999 -9999 -9999 -9999 -9999 -9999 -9999 -9999 -9999 -9999 -9999 -9999 -9999 -9999 -9999 -9999 -9999 -9999 -9999 -9999 -9999 -9999 -9999 -9999 -9999 -9999 -9999 -9999 -9999 -9999 -9999 -9999 -9999 6396130.065130922 -9999 -9999 -9999 -9999 98525.64935241996 11032.619983915309 -9999 -9999 -9999 -9999 -9999
-9999 229872122.4580378 -9999 123123213.17308341 59123071.547107294 -9999 -9999 -9999 -9999 -9999 -9999 -9999 -9999 -9999 -9999 -9999 -9999 -9999 -9999 -9999 -9999 -9999 -9999 -9999 -9999 -9999 -9999 -9999 -9999 -9999 -9999 -9999 -9999 -9999 -9999 -9999 -9999 -9999 -9999 -9999 -9999 -9999 -9999 -9999 -9999 -9999 -9999 -9999 -9999 -9999 -9999 -9999 -9999 -9999 -9999 115486.52946819928 2147.397399059229 20025.54353082714 -9999 -9999 -9999 -9999
1400.4829482330256 4082.794820262353 -9999 9005.798070740224 -9999 -9999 -9999 -9999 -9999 -9999 -9999 -9999 -9999 -9999 -9999 -9999 -9999 -9999 -9999 -9999 -9999 -9999 -9999 -9999 -9999 -9999 -9999 -9999 -9999 -9999 -9999 -9999 -9999 -9999 -9999 -9999 -9999 -9999 -9999 -9999 -9999 -9999 -9999 -9999 -9999 -9999 -9999 -9999 -9999 -9999 -9999 -9999 -9999 32089.02578791482 83314.85550367834 96026.32943582887 -9999 -9999 -9999 -9999 -9999 -9999
-9999 -9999 1043.0001836115375 -9999 -9999 -9999 -9999 -9999 -9999 -9999 -9999 -9999 -9999 -9999 -9999 -9999 -9999 -9999 -9999 -9999 -9999 -9999 -9999 -9999 -9999 -9999 -9999 -9999 -9999 -9999 -9999 -9999 -9999 -9999 -9999 -9999 -9999 -9999 -9999 -9999 -9999 -9999 -9999 -9999 -9999 -9999 -9999 -9999 -9999 -9999 -9999 -9999 -9999 78266.1842984903 -9999 -9999 -9999 -9999 -9999 -9999 980473.7655574175 -9999
-9999 -9999 9270.672734453714 -9999 -9999 -9999 -9999 -9999 -9999 -9999 -9999 -9999 -9999 -9999 -9999 -9999 -9999 -9999 -9999 -9999 -9999 -9999 -9999 -9999 -9999 -9999 -9999 -9999 -9999 -9999 -9999 -9999 -9999 -9999 -9999 -9999 -9999 -9999 -9999 -9999 -9999 -9999 -9999 -9999 -9999 -9999 -9999 -9999 -9999 -9999 -9999 -9999 36646.37032199383 301487.5153620925 -9999 -9999 -9999 -9999 857585.0122173927 405882.89741182537 608170.2702384684 58445474.73385865
-9999 -9999 384.78939096401086 -9999 -9999 -9999 -9999 -9999 -9999 -9999 -9999 -9999 -9999 -9999 -9999 -9999 -9999 -9999 -9999 -9999 -9999 -9999 -9999 -9999 -9999 -9999 -9999 -9999 -9999 62665678.161445394 -9999 -9999 -9999 -9999 -9999 -9999 -9999 -9999 -9999 -9999 -9999 -9999 -9999 -9999 -9999 -9999 -9999 -9999 -9999 -9999 -9999 -9999 134489.99240718008 1932210.0 621709.4451629944 -9999 743382.543647257 100227617.63936438 586407.8268390044 2005780.0 34368.230033287036 5370334.3847990325
66402.5089384561 199350.3109514505 203467.09479805347 367592.87938570837 734812.2367107752 5599402.482593083 -9999 -9999 -9999 -9999 -9999 -9999 -9999 -9999 -9999 -9999 -9999 -9999 -9999 -9999 -9999 -9999 -9999 -9999 -9999 -9999 -9999 -9999 136296.67124836604 130981.89532238443 -9999 -9999 146242.69653668336 161528031.0034563 35256819.71296536 242111312.83386996 145341529.50714812 -9999 -9999 -9999 -9999 -9999 104698452.25745052 -9999 -9999 -9999 -9999 -9999 -9999 -9999 -9999 -9999 405030.4233943154 2178900.0 2428620.0 72801096.222198 289937.78877904126 355323.50225966255 543246.9662399904 -9999 201327139.26480138 169117.83249136346
75589411.29524516 219224.54259798047 82886.93307265776 36098101.417089745 635434.693838525 65805609.598936595 518167.74457010627 253908.14335632304 -9999 -9999 -9999 -9999 -9999 -9999 -9999 -9999 -9999 -9999 1134.9499593151363 -9999 -9999 -9999 -9999 -9999 -9999 -9999 -9999 252079.38694669536 27528327.443729065 68147.43174485484 204992.04377352644 93583.98080380692 159554.85027991835 500754.4765381088 202351.1125174211 454.1963323218824 63262468.24111839 92315125.44994567 115551894.91308439 -9999 -9999 -9999 16097344.81552357 119393301.60236874 -9999 45692818.930183105 -9999 65741985.43916543 -9999 -9999 -9999 333944.4507464348 1032993.4454603645 2594750.0 2333630.0 2112160.0 870199.5427084522 39598559.46339878 1495040.0 1400260.0 1143380.0 34026889.368819274
639703.1219778142 401980.70222298545 62801061.0515643 8899114.945557443 384783.33244512184 108094745.13015436 220885.44046937465 663783.7908670099 281368.95074091083 335578.55094555195 519962.8909444281 -9999 201175.4606736492 44825516.865314685 17350.930015726506 -9999.0 3129.0132429382593 97383.46140122532 74723.17398265545 929.8940548686974 84451558.63981555 -9999 -9999 120990.44756324445 225516.0737251843 104797.88927671257 -9999 383515.30272187956 522583.63657962636 567439.446102526 358338.3990933988 427882.7882183787 1382660.0 311784.09162408835 724096.8181010049 265499.8137216459 980503.0 66485235.94584482 42260560.10461594 106960.9028971997 141927.221426114 -9999 -9999 -9999 146625.51900429995 5668024.095100916 -9999 159432.01269699782 192698.56954826968 -9999 -9999 30417760.269559197 774777.580724285 2039330.0 265833926.53114384 32230273.027227886 1503810.0 18091526.43528971 1387160.4183420108 314675335.50353837 225098071.02433252 968357.0
1696242.1095549623 777921.957431411 877219.3339177136 1048697.6269009802 698757.721721119 532437.6960113642 320122.9796908496 743378.2266535324 896844.1878646016 244284167.49509883 437719.10648207186 478154.5371321711 313380.9228570368 500694.431881599 526896.0620755551 746142.726913016 -9999.0 -9999.0 331176.0824277131 278381.55314497085 140232.9076161193 285212.20088523027 464625.11376300384 596373.414305733 130961.72511207862 134449.21840809236 176831.14875065925 121670866.03863722 591319.4887552116 125967.04857615041 471364.3643371264 787524.7418900955 1581170.0 2836997.7278891173 1153310.0 1052480.0 970890.0 48364920.22366069 55966856.64352644 62929.81752159516 1950.3977544408217 -9999 38719.11932400217 111932.23204833976 114965.295139537 237837.6209693458 281461.25552650035 196337.82830865227 195806.29128096186 36149.82959302096 401229.68693746085 358557.4725936126 109163.19631717846 969542.9921331834 163464346.78305244 1713030.0 104481070.00915696 220592003.41920575 456146648.9606312 110979605.71391642 1159800.0 4559.702150410079
3197786.92753168 2762433.09685118 3048868.332976018 2134616.484709362 2419604.3165866793 1083533.9952859157 1249287.357513315 1019796.3508375487 811202.7704652242 902780.726004143 1357931.206275201 741740.053847211 494331.1348633819 776805.6699915805 1003012.9658877444 560039.6215500127 520571.96183353965 1468770.4792527026 1282399.3569304761 871898.4467372148 1356641.3576483526 1307929.58611314 274851491.31972706 1064703.730117936 811647.4462920235 184086.7196416717 829253.9823720887 635762.6165356305 829587.7088420718 736347.3682415944 897632.8103325479 670259.3678215004 1470680.0 1000570.0 940206.0 51354793.334585644 1163030.0 -9999 47317106.21703937 238345.56653994898 174261.90343006526 137026.71718701633 143037.98292099123 276315.517251814 406811.937142415 317415.3302875037 376915.9108767387 379229.1314446841 117662742.9829863 7945552.318927264 1189870.0 1182310.0 78309.93546571152 878044.3881237333 1323952.6072838632 245653926.97734866 1780894.3128873166 679450739.8354852 99332760.08149135 64881013.59173043 4775415.024518286 -9999
2935909.330448423 3320128.613724817 3361580.776818278 3661908.0073247785 2930681.5974945026 3180431.20942565 3172959.107283482 1260540.1904867054 1148583.214920862 887455.8729277672 644076.4852060549 676239.2997298462 1333798.8634238008 413708.6203052906 39807405.41023079 657577.465686402 320492.3850686968 268170.14614225214 157361.63944185234 136070.16029910528 635836.868148167 90536.46789925713 151197797.8707152 1435680.0 487515.8299715178 1246840.0 704624.7496173783 797514.492061514 662408.6554797615 818116.0861024335 340791.9951828371 986494.8306579589 1537020.0 1457920.0 1281020.0 1343390.0 1289080.0 20674.08665192906 475537.9991528691 336303.9009184918 372233.5049151288 394059.496467028 293711.39617148665 743675.8442467728 324255.7556428794 474209.3311027443 878047.6968703046 1666760.0 1151310.0 1490190.0 5535649.649667872 1655240.0 221280.25069113224 102322.18590817682 1042741.7200937262 336735553.91268915 1683300.1812509424 1075451388.321927 -9999 -9999 42585528.48908868 20556785.575292192
85952106.01813978 3583311.5045762807 3980146.993059579 4219446.96953503 4022157.721506921 4007780.905155351 3950276.358455696 3706340.083240936 3396854.9002873604 374686830.9261552 2405022.7710488895 2028023.7330120876 1607824.2250151886 1689904.0865665327 697327.1861025515 733826.0440957749 782271.5265580666 541476382.1035799 390868.8267612592 90061751.84451194 1532420.0 1554580.0 1488810.0 1067888.990163323 1162911.2278213887 13387565.948383994 697867.6549044778 20351757.543389797 441084.88910546154 17787821.27499155 582845.3882647043 631519.462638966 275284.24160939094 30755667.568148095 7808958.150615767 1638480.0 1366150.0 1404300.0 1123110.0 1704430.0 1256460.0 1363280.0 1387400.0 764568.4155399798 623408.5828912929 1704740.0 812307.669687127 41339393.739432484 1782440.0 1418239.5347536216 1461424.7622572612 1654980.0 222285811.6583541 1280139.6655713562 1327326.4088509046 8591685.658763606 66932398.654019915 348389655.3207415 69075982.32523127 -9999 77591379.18836674 35498873.169612825
366082926.9890641 97187506.96918043 34269676.969124265 4386245.154273905 4110801.106258184 37055633.739086896 17500419.54711257 4053482.0476604607 3582652.4939532434 3378482.0268081767 3507884.9473287826 3308694.0266823 2470685.8372131856 2318723.1023979485 2126208.6872218745 2140156.1888791723 1289940.0 250637.53108969907 1069720.0 1068522.9912509664 1518240.0 1561560.0 812164.2185522508 872156.613406856 15813860.186882814 42073535.05575348 10810230.641820537 473575.0487643042 1161210.0600407387 681482.3211230824 1029297075.3171917 235391068.55756646 630265.1455039656 1192117.4597944254 1256050.0 1862330.0 1987480.0 1903560.0 1365830.0 1869860.0 1006048.4552543157 1387760.0 1748210.0 198939.2535788223 1854380.0 1637340.0 1476320.0 1567950.0 1351200.0 614115.229574929 1463089.3990450543 10535091.637921054 20658810.226803165 1709350.0 29838193.91445269 64958761.01520641 66867691.49702109 49965441.07445146 25442295.120808084 78118612.29017417 64191075.15912961 46560691.19583979
275990945.0587757 232869578.52248082 208642817.08608392 171103644.1090424 222841257.54768407 55831613.04224771 96824245.03336525 5466400.867140449 3637345.933813286 50204241.970875 3451096.2203844585 3423291.2360809385 3245899.091177948 80691305.95059651 143024474.47979254 1478711.7555348151 2272310.0 1958450.0 387866188.2173883 1808256.276651387 1256697.9446713524 1524110.0 114510574.9383176 112223188.91841406 137287703.9481814 21862398.439673193 91593269.19550385 182375.3174888502 1817017754.3891895 4182034957.7153974 2541586925.495686 424387070.68007857 925440.5792312436 1281492.278040564 1441520.0 1708160.0 1822730.0 1854520.0 1243234.696602345 1765600.0 1890340.0 1092017.5021723206 1690990.0 1727990.0 1754400.0 1632850.0 1125826.0085340107 827450.6715512052 1387563.8071464787 671879.7803195186 923991.4317603776 64087814.90881913 1696210.0 1250671.589834514 23392857.490991466 895128.6267710465 41718374.10315576 25139251.080243316 73696393.98130295 77320788.40729243 123931280.2673899 59383510.48130833
154410830.6992039 122900849.26503573 143061804.70844978 249437376.73495832 229605908.634335 71358321.1935439 78137693.89509001 65541364.87230709 22916549.91783209 48118722.90854557 4050913.7572151744 10896954.975667965 33649248.98378415 74984253.859195 37061796.30303981 1638965.9432481355 19844295.482078888 1956582.205508159 2674980.0 33168370.644935545 3542138297.659668 536295422.03518367 851877238.407088 402980.080048985 3428872.968050818 259356.3396886092 714382504.1720276 3119712370.763526 1663273029.9364185 2426539222.237887 6296199.757277181 157928.68650707463 1114267.6419368442 115309193.93486023 1263160.0 520559.3940143313 42573802.940665245 1139465.7231635228 1088500.0 1096556.8265567156 1033234.4386586982 1138569.7780894048 980778.9373004213 1826800.0 417713.5158215718 805446.7254395131 805342.5461919536 731407.3809929661 290619.4046076765 527335.9866600248 28747289.526422862 462561590.01976657 1731730.0 1830829.4191013034 2007460.637491574 136279981.12865528 1676120.619774414 32324545.17119058 116215815.29430468 81498822.0980184 107389345.64886963 99534681.76227318
268414162.44804212 145173090.46997574 188369351.08124232 191760687.2714999 166499336.58455244 46261023.531640336 59648438.68304477 28530419.61679452 15327880.1459206 78648749.4519 49264819.879353456 36764876.50056152 37400381.39492508 75578162.9878707 44979367.05727749 10205319.41751922 34544256.78423779 277755713.9009996 214437893.89019907 900820464.394157 2144801234.8219657 2939711453.1611667 455990097.1786144 652205.2196346888 721200855.9791137 1413940.0 308559.0511282747 2143773582.6382809 1978541360.653487 387680.22541631944 29630.63347176197 49822.512781252924 96207272.66258274 13990224.8692077 54181435.15605827 92774155.886678 217921721.52847657 -9999 -9999 19292239.0815264 1697633.1775178784 738601.5614033842 50075.2063701593 577718.8185569625 420211.8607238376 530231.4278923031 737338.3209675779 728923.6034866525 760462.7114635058 1599591921.0170238 51772645.224591896 943368.2022694842 540197.257762514 1915854.6374305282 388950258.6011703 411164505.3628555 90223982.54823092 178242844.11026198 112529264.96833368 156537343.72719747 131590936.0373608 115298747.91485971
187189206.68949866 237272379.91087574 172560943.1444227 183513063.9536835 126668546.8057375 109436583.51118284 52734544.84238534 47393003.993869856 162650658.02157763 92597537.7505092 3984711.922891153 46603025.08856554 59212709.63446021 144047272.90536928 43306764.394914806 114206476.62346876 409514708.79046464 162254191.22694036 395533724.5092106 404989773.1991087 375896083.13842505 284061974.8479776 368728267.5611938 448039005.9276558 815108.6911914742 731852.5072865109 459741.1319895862 70895.72524269127 20820612.077487603 -9999 -9999 657619271.6047789 184122639.063369 128665525.9106512 115260926.23970784 -9999 148491929.0738641 -9999 -9999 330827326.26014704 393855459.4202022 699961.0606646982 972386.3684554107 1130471.0623297908 325066931.3381321 622127700.6552025 602691.50405194 490950.15672531596 3768784056.3813314 1355460377.1346827 480619.158129114 105036.73694479818 258503.4482029491 165582.57964660728 84863352.67243542 1422903915.8711872 145250075.11357996 186519657.6282053 77848401.85056604 75025267.5971708 105642988.26462847 156299681.2523865
287544115.58609736 307018784.3894441 173409235.66582674 156368724.57097518 161171542.07764417 179516289.79395247 112529717.92138806 295415270.5822914 83921622.84381393 40959020.093466744 105326862.34524146 97097749.55421957 94415100.98856273 86832376.90740761 76980023.3184476 283770046.4489675 161585468.49286813 199080938.34241283 161062564.98732126 195155724.309253 174535006.32497877 151795533.98819736 169988996.43166646 1786290.0 1677130.0 261467.67963172242 303321373.39857733 306713921.41707885 177778882.41723263 130787106.27983247 -9999 96258049.53058702 -9999 -9999 -9999 -9999 213139027.9634996 -9999 -9999 34649821.290376626 1155896.8782388044 172590.38449519983 609789.9798180035 721229.9573504513 633743.3185261656 2336922669.827959 1678145.9261653265 359470.62116387987 3693.5311593318056 -9999 3511863714.2808876 1833854721.7325 531600.0629672003 74500.53654947173 2619049234.1687994 1993130475.1519318 284869900.9662097 66246957.46919909 73977427.98787647 38278924.69721224 98237769.74069424 128037873.35063548
226666295.78361803 217290310.97144532 270563407.3336503 300087673.90570396 323734358.01205873 367695958.4320719 246816093.71505517 305212733.9957367 191481017.52674675 166926645.5434078 151121660.01062083 100168642.94151475 131676983.54485421 329628926.8476942 172680995.0185727 329217447.79293805 116963634.45635514 127104772.1098314 247674325.63522977 194132612.4612317 321196004.68495363 764361945.9401307 532664419.4888259 722186178.7042625 825639634.6568549 747498783.5916972 177606226.90080875 -9999 -9999 -9999 -9999 -9999 -9999 -9999 -9999 -9999 -9999 243142134.3884804 -9999 256999954.3712452 -9999 472141714.1834878 40510483.85388698 568533.6236739764 1555951.7858983818 1000410.9805523141 1031829668.2920934 1491114.9558156233 538441730.5438544 1143306541.9655044 355689205.31063116 3149928933.618978 1043211.8666077531 323990.4044688742 752275.1413881057 365257791.19783366 -9999 169473142.96785942 64960417.458199136 69615603.73313451 69343524.49050812 96518253.65072593
169665762.9688715 157648557.08604184 274969134.0008712 224211541.94775158 531198319.55622303 235126303.88832617 173202266.3753469 269566421.76107645 172009278.01454002 179071813.1653567 160389687.01959243 195363402.7252131 196708748.68335897 169230419.36476102 202722971.91850415 169504797.88365042 243153319.83098996 174354486.62853742 96829604.02130905 130150411.11017646 97901547.64661478 561973063.951877 211156307.51155218 355679344.94535214 -9999 251807525.83924007 -9999 -9999 -9999 -9999 -9999 -9999 -9999 -9999 -9999 -9999 -9999 -9999 -9999 174608392.97493473 215269720.4475889 325764701.58712536 425567556.40871906 96549880.1473453 213658712.5696761 625111844.1473448 58202211.047480375 871536767.6115397 3218666420.2585945 578893471.9977983 318523807.62754154 146281383.2974621 139582.58987261954 17588.806513201096 -9999 -9999 585687584.4825888 216911812.51109615 143934350.47161976 208740203.34477627 87999929.29288396 52238452.058492236
268226314.81386167 440437863.8354567 345791822.5168788 292637275.7083659 698372901.3677118 293561400.2080069 195910738.0352563 202510757.70125243 251293371.02386668 219291279.8295263 170200802.6334387 152848114.91739374 139166208.2904634 253111920.32356492 299905984.6731231 356633016.8615782 131978657.45749661 172435844.4773729 -9999 68560767.83452494 90469891.12615652 162562566.70363417 104432524.33735138 119127596.05415975 114033638.76964605 -9999 113880504.65093812 -9999 -9999 -9999 -9999 -9999 -9999 -9999 -9999 -9999 -9999 -9999 -9999 234077915.15491462 198358366.45155784 -9999 -9999 277223558.83225715 222158667.09960285 309083194.9944646 423408.6723736931 62504.70759196591 6196983229.146148 1625583786.0510411 256212023.58474514 282934679.2056798 92610749.1919698 118385.91765471137 241997.11738567948 315687.63351677003 50595389.27456588 315368320.1208877 124094036.36217237 76474301.44034578 63958177.81496988 70754074.4404394
315885253.9247667 574963292.8213174 313642565.8539838 491615911.8679298 371132318.5062398 290893620.3634277 176217714.351207 164562236.97660765 219773639.4094939 206178065.96617207 173489030.31263575 218691844.209022 363709237.9901477 301145867.556158 353384030.5923172 358994314.3564656 292176091.4857232 237698892.57166442 105542271.34360734 99040755.18445265 139659664.22096854 153990159.18782982 138793081.91919982 99147334.00217864 169984423.22495043 -9999 182678465.05892318 184967095.56177494 -9999 -9999 -9999 143898042.53650692 -9999 -9999 -9999 -9999 -9999 -9999 -9999 -9999 -9999 -9999 250095282.31732374 231581736.4714691 -9999 -9999 346146104.07128686 587967.8528882703 2011809612.7987187 2291199746.1284137 1645472088.0481186 174092219.5865596 1242935298.1120427 2295687103.991259 1798353.4967767268 82873260.50133383 355904986.97877264 -9999 80151795.22623128 33699517.35104185 -9999 41352.072112364986
303557672.3698845 243362388.8400135 269835177.8025459 386812271.93175346 307557142.2989082 283245762.20207435 223753889.76734063 170519307.34505793 184519105.6040813 175094718.9658358 303383939.13231266 301300844.7040908 -9999 425801486.8435196 368283127.17156816 442731943.77117544 402615921.4478385 130602592.20262949 123351369.67242661 126819563.0793309 161037200.18974605 -9999 174950702.06500775 -9999 -9999 -9999 178692728.38938856 -9999 -9999 -9999 154168024.87991393 -9999 -9999 -9999 -9999 -9999 -9999 -9999 -9999 -9999 -9999 -9999 -9999 189108120.62915513 -9999 -9999 325147468.2883421 144274637.76333383 406515.5094217113 59199515.853291534 2393493589.170749 2610476881.8359523 1944936460.848372 693659232.2504909 5019.316380796234 -9999 -9999 232240859.14634296 127703281.70506735 41944383.48339978 57473517.183245905 27231645.171032585
