critload/trunk/output/2010/nin_ara.asc
ncols 720
nrows 360
xllcorner -180.0
yllcorner -90.0
cellsize 0.5
NODATA_value -9999.0
[rows 189 to 215 of 360, columns 366 to 426 of 720]
-9999.0 -9999.0 -9999.0 -9999.0 -9999.0 -9999.0 -9999.0 -9999.0 -9999.0 -9999.0 -9999.0 -9999.0 -9999.0 -9999.0 -9999.0 -9999.0 -9999.0 137728.26588965766 197234.5947976982 55846.99543964378 150067.87119766467 162278.25234206393 24116.997304125405 172342.50159260136 92542.20760736728 32393.88880750767 14701.406526174385 66661.54457149444 224681.6531302565 196923.2031804701 150628.09154567553 216316.42581096134 68987.23230200741 59722.00185671561 15780.745588523927 26481.595229094055 178248.45308966865 229307.6613909598 129823.96239570808 126661.52934844652 68363.3804928208 13615.255018212132 57571.622184625594 84527.32499952207 21066.295625419232 6295.173838814859 64244.0703783003 57688.92433758818 83141.54769626659 0.0 203489.41692791408 78770.90178249852 0.0 1520668.006427581 1446678.4196771148 -0.41980062634684145 15442.781810375123 283986.3755627208 1607850.3702070678 1269815.0626514372 1555490.7948019356
-9999.0 -9999.0 -9999.0 -9999.0 -9999.0 -9999.0 -9999.0 -9999.0 -9999.0 -9999.0 -9999.0 -9999.0 -9999.0 -9999.0 -9999.0 -9999.0 -9999.0 -9999.0 189908.1392566314 345950.40292457317 44827.909572538 205652.74519278173 32294.005174048012 295740.7188088049 187801.04007688377 116616.90752900764 0.05679301987402141 0.0016783961109467782 49631.374646762066 12150.17559762353 130615.79749507047 86332.88782990715 74254.14641144242 109589.41435367143 51526.79186485573 68474.14318200946 169435.38663844264 170118.2777815202 183080.46153948957 69249.93996857454 36338.49367425895 19832.06228678957 85282.83826637256 91489.04100511175 14690.46201899452 86029.90254994103 35350.83535923625 96078.03274669923 227812.07815650612 0.000488288926135283 0.0008117953548207879 0.0492309851833852 0.0009763400594238192 314658.1994769651 310083.8573697551 79301.82421396644 190906.01508281435 882273.2972329783 1319867.551251656 1610547.845939735 1675987.9430441451
-9999.0 -9999.0 -9999.0 -9999.0 -9999.0 -9999.0 -9999.0 -9999.0 -9999.0 -9999.0 -9999.0 -9999.0 -9999.0 -9999.0 -9999.0 -9999.0 -9999.0 -9999.0 344001.6923687543 258265.06910433026 206342.12814785435 161487.1928201326 282087.83095235575 602010.5053584761 34347.88929542543 0.30108712427318096 324332.44345294463 65333.23259818108 109763.91299211797 25744.262940406537 101894.330557009 36564.57511036543 537947.8012346686 302279.7910046157 230823.75301653467 53042.554236292795 169070.33282386803 91807.16584942576 817258.4458286285 234047.7730283076 455286.56517319515 143132.2638645679 56838.27495720957 101528.99873933167 32210.429202387393 30150.21113221541 66333.87413841324 341665.25701296516 52897.95729673945 7541.257656499711 33433.32785080579 62322.60604160974 151549.61451842397 221818.5638548577 456016.9636734438 340604.09246467194 8244.597760177061 104428.93949289467 214294.13623932266 1461567.0923073185 83105.0750817722
-9999.0 -9999.0 -9999.0 -9999.0 -9999.0 -9999.0 -9999.0 -9999.0 -9999.0 -9999.0 -9999.0 -9999.0 -9999.0 -9999.0 -9999.0 -9999.0 -9999.0 -9999.0 130526.01754184396 607818.707702517 122063.26313848035 730129.3101906868 1077444.3672521985 926013.7207447586 138602.30517178023 29852.232969557874 5620880.240837527 127176.51019238384 34920.64898305193 20015.41601461832 71452.48558598125 44132.50226807862 189407.58145772704 48263.22056913811 85871.81328732189 463110.6488637461 115784.39355439584 224272.48047665303 405568.823563571 469040.07516662555 513777.8722374833 986984.0829699091 159138.61737652257 88532.01289300155 76741.26750805031 27785.883798663657 30298.00800813819 359982.2336852646 110216.5380133214 47532.12371722446 53595.27962327338 0.05070194286236074 120394.42718252659 50384.862756196744 160492.7672811276 408029.58762537973 1140147.5751594186 136484.56195046366 348518.6430324026 92560.46868435148 113312.09747642081
-9999.0 -9999.0 -9999.0 -9999.0 -9999.0 -9999.0 -9999.0 -9999.0 -9999.0 -9999.0 -9999.0 -9999.0 -9999.0 -9999.0 -9999.0 -9999.0 -9999.0 -9999.0 -9999.0 2895.972267336625 507062.7077601615 510813.88947891793 634823.3134126281 772684.6424743703 43598.6265029846 42114.422077883 5574719.457060892 -0.49832141867955215 -0.024877950047084596 0.2492674222739879 0.048187334643444046 11718.323973446368 21008.93071637807 -0.04920040114666335 0.048187254833464976 244444.2039908229 72246.95417525228 206217.87868961762 181934.78359862062 186120.86341401655 242352.36135671064 812968.5288003815 913648.7341303941 21899.66403926634 110595.932468913 130958.79556790394 57893.71387860504 69765.13143250425 17673.54981851154 17925.309519233626 -0.0036254626174923033 0.04476919455919415 -0.2099612099409569 0.0 165535.49476018507 77904.44857038184 158798.59577586438 83214.19960853158 553694.4251005539 124677.8398004223 241586.83549678358
-9999.0 -9999.0 -9999.0 -9999.0 -9999.0 -9999.0 -9999.0 -9999.0 -9999.0 -9999.0 -9999.0 -9999.0 -9999.0 -9999.0 -9999.0 -9999.0 -9999.0 -9999.0 -9999.0 9853.840625182467 889455.11889551 338386.9688669623 923422.7327821056 762670.182499353 26938.830421295002 0.2695013089105487 -0.20361367019359022 184739.65065243334 16360.023150653473 8780.934728484326 65146.95774528917 4591.034308550168 0.00047000322956591845 24227.157108685333 0.3761601695441641 -0.13214100843470078 -0.29724140628241 27727.029613054037 21184.36973575569 0.04852289750124328 109868.74622398909 644550.829090622 289151.560250952 9128.2609275304 38951.336966644245 114104.17723433106 6.098179437685758e-05 33898.24190259056 529260.177893229 19729.001831498532 31208.219097438545 4555.187921398894 65870.47056246379 400699.4316569865 0.0 424386.005082562 1637325.0091163921 166891.83404355857 -0.3050542230485007 5559.217202347318 107312.42128284484
-9999.0 -9999.0 -9999.0 -9999.0 -9999.0 -9999.0 -9999.0 -9999.0 -9999.0 -9999.0 -9999.0 -9999.0 -9999.0 -9999.0 -9999.0 -9999.0 -9999.0 -9999.0 -9999.0 -9999.0 9033.603967118557 73571.73793801054 350917.59451725497 619464.1736218161 175884.34489878465 -0.00335717445705086 0.09899941066396423 141122.0977881237 66274.00000275017 -0.049328615656122565 -0.001208497465995606 -0.04222407177439891 7486.170916172668 13961.821623365538 13316.708535913624 -0.27163642132654786 2.4995423667132854 0.449402273632586 0.02835690471692942 -0.001171884716313798 86406.15769003613 85404.43408974497 63647.816823310684 48149.28637689704 59213.067494286974 -0.0006591933924937621 14051.958793030599 671032.1473687959 363348.060680565 275256.1510633776 9171.379397393324 -0.502746639715042 0.29678376714582555 190776.3410364776 48651.2004376323 146386.8670780655 1018977.3270334057 692127.9501664328 40776.18698307042 4777.385693803852 270857.6710403387
-9999.0 -9999.0 -9999.0 -9999.0 -9999.0 -9999.0 -9999.0 -9999.0 -9999.0 -9999.0 -9999.0 -9999.0 -9999.0 -9999.0 -9999.0 -9999.0 -9999.0 -9999.0 -9999.0 -9999.0 243303.80054358213 2010.038375346272 151925.41353415514 116055.8666244333 11101.7957167148 0.028747144271619618 -0.4242248907976318 9829.225377525054 -0.22708076488925144 -0.40185641910647973 -0.3981931069865823 17392.47021319324 50243.065256209185 88906.04195496225 326860.6425335267 -0.37506096658762544 0.1785281440243125 -0.22775207716040313 0.0 94512.8709932482 30228.735623727436 -0.20349159368197434 9088.58339683295 239262.4327817806 146757.19644259528 27458.070059514423 162264.59828226583 872657.6713155543 139093.82411040567 -0.34692442178493366 41269.14442112105 141554.63848039875 38541.046237311886 174645.32276919688 16036.678504044647 32901.28598082098 1182432.0483533007 1427809.985237774 1044635.652590132 841668.2325457102 809959.1220283003
-9999.0 -9999.0 -9999.0 -9999.0 -9999.0 -9999.0 -9999.0 -9999.0 -9999.0 -9999.0 -9999.0 -9999.0 -9999.0 -9999.0 -9999.0 -9999.0 -9999.0 -9999.0 -9999.0 -9999.0 476385.9140718916 1573674.3763809653 0.0 88553.35737194156 21893.85290026887 48122.748984376536 -0.2679150401381776 215445.22044619478 228894.8727448692 -0.12701357854530215 0.0036987965868320316 35975.09034655731 53545.711081051675 0.06750472128624097 -0.32705711061134934 -0.45202573959250003 55049.677208400724 0.10174503587768413 -0.0003173578224959783 -0.0003173578224959783 28389.35434529934 8389.272944626224 56238.60260420796 266120.2486623834 2954189.5354239885 387419.92711191473 124800.45136098942 0.0 0.0008248065132647753 0.0006721311656292528 77581.80878674 74917.09639478619 495057.41496394173 45287.80223409379 -0.05135484877246199 351359.86161639733 360423.2132876285 1165778.0465126552 1628133.096786612 1194734.6927055714 1205877.165130528
-9999.0 -9999.0 -9999.0 -9999.0 -9999.0 -9999.0 -9999.0 -9999.0 -9999.0 -9999.0 -9999.0 -9999.0 -9999.0 -9999.0 -9999.0 -9999.0 -9999.0 -9999.0 -9999.0 -9999.0 337913.8106040332 469393.45385369693 0.47097796874004416 409672.997514656 303040.63765573676 160104.9372633164 114589.58139890149 -0.20431473411736079 109630.38894175629 -0.5033874954096973 0.20144674835319165 -0.001977660576812923 -0.012823511176975444 27059.77001004591 0.35903945402242243 149383.52578822026 79020.89532799422 65615.55000763017 0.0 28101.69945066672 20100.602581196224 56320.74834987811 34952.50212351074 -0.40155043282720726 39365.516875233574 2086516.1625434677 56998.67633522419 0.0011046805157093331 133818.5819439727 44995.017772678126 344993.4706541528 560709.1210668986 117861.91066323762 94876.29505453876 143431.08226424223 137619.29057397007 115125.81996485648 229160.5690683264 592924.2858370332 561611.888960712 2494677.528340928
-9999.0 -9999.0 -9999.0 -9999.0 -9999.0 -9999.0 -9999.0 -9999.0 -9999.0 -9999.0 -9999.0 -9999.0 -9999.0 -9999.0 -9999.0 -9999.0 -9999.0 -9999.0 -9999.0 -9999.0 213366.66834719357 265151.6696504575 285889.8433282554 895700.7497644732 107563.38968564179 -0.3301094174385071 53347.348118748996 -0.42154011654201895 63848.949685135434 162115.53036572886 23666.2104975758 -0.4827275913557969 -0.030212460304028355 -0.10061663974192925 113479.47960733726 45795.566148823156 61902.23878948207 -0.15640322089893743 0.2965086482145125 101892.86023571168 24916.310934187415 77011.20381725932 16821.01179554359 0.0002196367859141901 -0.3517152046697447 66805.95905392131 53737.32135821462 107752.74445137972 38668.13745889687 45631.353594832704 464613.090948045 717210.3780092772 268095.3474809993 202593.76907263824 2064.119642979904 446061.8726126679 49903.887561459516 185870.6656359677 695440.0958557564 1224115.3477004566 3254102.139897489
-9999.0 -9999.0 -9999.0 -9999.0 -9999.0 -9999.0 -9999.0 -9999.0 -9999.0 -9999.0 -9999.0 -9999.0 -9999.0 -9999.0 -9999.0 -9999.0 -9999.0 -9999.0 -9999.0 -9999.0 0.0 398574.4315632582 0.0 927108.7054667863 -0.153107802500017 -0.5282294107601047 -0.12441937765106559 -0.32818697043694556 7273.529513612622 -0.08776860809302889 -0.14358458435162902 18296.9223089331 -0.40176380224875174 27190.906580884974 9149.208930635186 39570.97473772268 0.19796808692626655 0.06503320229239762 176418.7809596365 14925.006524226512 70823.77639054725 0.04992058860079851 61268.04216724487 30049.075775541936 58280.183306166786 61285.93078925847 300973.218635484 298596.8263436515 129377.59448060115 0.2049866008455865 377968.4230020618 923987.7272549209 194192.71331565216 151912.7094887618 49694.472258839705 906516.5199418952 334748.76846331486 724617.7319529494 1094343.1077873097 263898.57198653324 1650188.5519187707
-9999.0 -9999.0 -9999.0 -9999.0 -9999.0 -9999.0 -9999.0 -9999.0 -9999.0 -9999.0 -9999.0 -9999.0 -9999.0 -9999.0 -9999.0 -9999.0 -9999.0 -9999.0 -9999.0 -9999.0 -9999.0 187839.40503714472 2087310.1606486947 224597.30455515944 33994.8880023779 25494.981129875196 -0.42877268278971314 0.008942307555116713 2.6077275124844164 -0.5069870634470135 0.09762616257648915 -0.19964667785097845 20620.533734065222 62782.53795366656 146499.70608269464 19079.391737705166 27049.28487681109 0.31008876697160304 238439.54038927818 31616.357259801964 88122.93144063819 15772.927092630216 61944.83710521618 17088.775235770365 561631.4948507507 689018.0966865862 191259.06765024993 871858.1237859109 328620.0969692282 142228.31067735527 34778.802221964615 809053.590184278 192153.3689409838 109112.58813012474 165763.09028758158 0.2558910915395245 155292.7243665593 142760.52966310485 181676.32882534264 0.0 1152547.1035451528
-9999.0 -9999.0 -9999.0 -9999.0 -9999.0 -9999.0 -9999.0 -9999.0 -9999.0 -9999.0 -9999.0 -9999.0 -9999.0 -9999.0 -9999.0 -9999.0 -9999.0 -9999.0 -9999.0 -9999.0 -9999.0 249174.48630226566 235160.4812423987 74122.69818035496 305415.43479727686 19391.534826377603 64422.71531902096 146681.9941330745 0.3576665779110044 0.4028022368438542 -0.34042320100707 -0.0018554656344349496 16609.45496591292 7378.734024319608 6953.184605186158 7449.252183246202 8395.037540917989 73778.35331147036 49131.42235018607 25179.559250908627 149509.7846193482 0.1304936520755291 113793.39024950011 0.4917905907786917 9941.288584383034 15866.638951303226 -0.502014117751969 332546.5300520473 432807.95340254286 229518.13366753154 9200.1888906059 584091.8203811573 250224.09028753135 408272.8231693228 0.2375481240451336 358997.678201879 148432.47783498524 377778.97193669336 1164633.2031099084 0.0 2946193.3921412625
-9999.0 -9999.0 -9999.0 -9999.0 -9999.0 -9999.0 -9999.0 -9999.0 -9999.0 -9999.0 -9999.0 -9999.0 -9999.0 -9999.0 -9999.0 -9999.0 -9999.0 -9999.0 -9999.0 -9999.0 -9999.0 4966.244380027414 239560.61788775708 124912.02003376944 63902.4997239103 27219.474159626185 26253.0477604184 451553.97765279264 69563.8693287824 0.33581490779761225 0.02174072782509029 0.3507995794934686 -0.03305096732219681 101008.61406033514 12942.319058764755 25712.049998726838 0.0 0.0 8704.213277966013 40770.165578915854 0.42541509214788675 0.4322808585711755 20132.542150545803 -0.08569301609531976 0.2981267885188572 -0.19610627088695765 0.34664995220373385 -0.011999572569038719 454989.4588064278 545437.2236536153 -0.44488562789047137 87567.43378581606 203228.15491547176 72615.47146549806 0.4090267271967605 153496.0970982463 101571.54541243313 43236.90027488583 322078.70948897576 682073.5920091139 2693735.9291702514
-9999.0 -9999.0 -9999.0 -9999.0 -9999.0 -9999.0 -9999.0 -9999.0 -9999.0 -9999.0 -9999.0 -9999.0 -9999.0 -9999.0 -9999.0 -9999.0 -9999.0 -9999.0 -9999.0 -9999.0 -9999.0 236401.15410506478 259214.25761205275 109530.85710182688 79347.9325752585 120806.28135424884 223605.49899999873 398127.8147605987 252534.01181441473 11957.396343552871 0.2421559673093725 7362.948146990288 20120.33148878075 0.28585863660555333 19157.55482195626 95853.91696950697 483239.07094318414 432384.1278757179 35583.760423824344 -0.46914483152795583 -0.05471768864663318 0.2885748823755421 0.34997542803466786 -0.05105580884264782 -0.49884016161377076 177094.81493110114 94996.80242415408 -0.3942871081526391 0.250702754361555 514051.5761623741 144328.81021362208 90690.45108143507 218043.98842910345 1363990.7879547658 0.0 0.10247818828793243 967693.6687693653 919087.8114621744 0.0 169968.95659108413 3194541.3135345187
-9999.0 -9999.0 -9999.0 -9999.0 -9999.0 -9999.0 -9999.0 -9999.0 -9999.0 -9999.0 -9999.0 -9999.0 -9999.0 -9999.0 -9999.0 -9999.0 -9999.0 -9999.0 -9999.0 -9999.0 529712.8485961712 385042.81228530157 1066131.9146046815 176886.97688811505 724655.4582972991 1083178.1722212825 442889.2173838691 898637.7033511341 19088.999780192997 51061.99840651218 44235.43054351484 17947.972797595023 6652.725345593726 25856.041663085016 13673.857433784917 45056.47859159394 848275.2002377089 826019.3142276638 535300.9608581648 113478.86279063036 -0.10244735016021878 9760.651433295032 -0.14685136114712805 0.0 0.4067679845611565 -0.2985538460779935 -0.1524048837600276 -0.1457819590868894 0.2073366664990317 1369427.4380551642 563017.4582764647 719259.032368333 137506.45912635233 39727.62827770536 570271.2870733498 1226326.1716336794 1316547.6756739465 0.0 0.0 378530.3983559087 4316098.401750947
-9999.0 -9999.0 -9999.0 -9999.0 -9999.0 -9999.0 -9999.0 -9999.0 -9999.0 -9999.0 -9999.0 -9999.0 -9999.0 -9999.0 -9999.0 -9999.0 -9999.0 -9999.0 -9999.0 -0.32907127565704286 6509.087733739967 226058.6427017848 1629083.6572765221 610869.109214587 248211.72730004534 250853.5880065062 75045.77167326349 29419.881622276 18446.504232288076 0.16903736570384353 62351.989686257904 133756.00788452278 40019.620508029446 28425.04065951028 992230.6433846285 0.18115206365473568 117579.66429917424 1227783.2803908156 993712.4026219371 1094618.3237749636 356984.46488637035 636687.672858649 400830.92907184915 1551250.3389495793 2834660.3264802583 1838826.7174824928 -0.20013401898904704 -0.19543469659402035 41420.44411067763 43242.10557555137 810696.6777199596 438153.80189456383 22530.973574561198 425230.163892583 1311697.2489322256 31979.65395094099 1113008.2037930356 0.0 595219.511290033 1781787.6838288186 5739603.080332756
-9999.0 -9999.0 -9999.0 -9999.0 -9999.0 -9999.0 -9999.0 -9999.0 -9999.0 -9999.0 -9999.0 -9999.0 -9999.0 -9999.0 -9999.0 -9999.0 -9999.0 -9999.0 -9999.0 5359.035574023032 235.0517513017471 128254.53988468947 473861.75408429815 862885.5386821124 413234.71898252564 39135.981930728405 25668.324373111063 21126.341903568 43066.756538913825 -0.00796446655294858 6543.652509477872 49574.58663776241 30640.772176367973 1332095.891460077 1159642.8371382065 171277.337190335 1980157.9892334652 1883457.711374137 311425.10207641736 1566097.4286154686 1659989.2004968016 301960.7772522329 9920.383917497391 0.0 16286.721892186895 2229489.7963163005 -0.4067683033645153 106984.89323052476 18598.19965938709 456656.85372334725 523718.14402839483 617557.1858811612 1196304.212019089 3349667.9189204676 34725.5158055433 1176702.9197268854 1665704.2010173951 2191311.355082952 2128873.6544715855 2461173.2719861325 5380356.602410745
-9999.0 -9999.0 -9999.0 -9999.0 -9999.0 -9999.0 -9999.0 -9999.0 -9999.0 -9999.0 -9999.0 -9999.0 -9999.0 -9999.0 -9999.0 -9999.0 -9999.0 -9999.0 44445.822321201136 4899.270189263888 420597.97721456486 255733.57751823997 1038991.1292412962 487683.8798980132 55007.804262322934 -0.42367556487442926 89188.37229661077 0.013891603099182248 3884.052744682712 21126.8502785733 26943.84965469528 6977.307234401226 44258.64211211188 501491.07484461303 7640.189306793935 0.0 0.0 58669.67102341763 0.0 0.0 278405.4440959064 252322.85596247483 0.0 79414.8714776344 1327.2198485152448 0.0 0.001025319579639472 0.08969060215167701 418342.40158791567 2766497.939257988 2342145.3017281345 1118131.083251494 513946.7307092472 4847.884985866511 55224.7851657559 267405.9419530105 3745129.0002146256 3633129.2252520598 2413037.7008506358 73346.09811999527 1072090.9656631441
-9999.0 -9999.0 -9999.0 -9999.0 -9999.0 -9999.0 -9999.0 -9999.0 -9999.0 -9999.0 -9999.0 -9999.0 -9999.0 -9999.0 -9999.0 -9999.0 -9999.0 -9999.0 -0.39511280378792435 1038.1123191228846 306167.0784812289 1460931.9843032744 1260281.0629558836 1963531.2891619566 1009733.629846632 85528.62638677466 126076.11764255287 204744.2525951185 13831.211295446281 169620.8469738784 31428.706158721805 438059.2395926113 134564.14976911223 1360017.423661495 0.0 4057.462106999214 0.0 0.0 0.0 0.0 2748021.8227573503 799508.2594672194 342557.31516751286 352602.0929372246 91409.36140990425 0.0 0.0 494001.3758242304 803090.3543039209 2640834.317992243 902536.4952814289 1677994.0518221993 140827.87841179792 0.0 136853.3930185542 383297.3491328447 1151906.1503468407 771713.6233751234 62193.34907825225 115099.40225170119 248781.52904334772
-9999.0 -9999.0 -9999.0 -9999.0 -9999.0 -9999.0 -9999.0 -9999.0 -9999.0 -9999.0 -9999.0 -9999.0 -9999.0 -9999.0 -9999.0 -9999.0 -9999.0 -9999.0 32908.193744199365 37584.19425704683 1360187.0448236107 1410171.3503252123 708817.3406290777 0.0 903031.9223920293 379885.4763482862 148257.64827256717 248008.34008238785 138081.61089737216 40794.987725086794 59127.21932181298 258542.2528683805 675860.8349274418 1857.1982370289347 0.0 0.0 0.0 0.0 109507.06792455337 413458.34103708726 2942557.3613198497 2023337.84115403 150014.89413489043 1683.1613632659896 0.0 0.0 1547.0069292753813 311649.11886038206 414823.3443690421 2086182.7565332658 1559296.6921377229 1252758.5008405508 321003.4029693092 0.0 408227.0013675972 20875.136660237622 63125.41610826055 126756.00978655048 363078.9616940325 228520.08797081685 658823.7797614166
-9999.0 -9999.0 -9999.0 -9999.0 -9999.0 -9999.0 -9999.0 -9999.0 -9999.0 -9999.0 -9999.0 -9999.0 -9999.0 -9999.0 -9999.0 -9999.0 -9999.0 0.0 0.10284467379096895 3.6270151378121227 2457.20809440101 1487773.93139407 141239.73764675352 130527.31998782416 182183.89073239718 791668.4191608145 859537.4770207405 783420.9498486387 1755948.3426976886 1405546.722352752 0.0 0.0 0.0 0.0 0.0 0.0 0.0 2079.478602570027 104605.84695472138 61761.31914006133 347890.8811439744 23951.692112080465 0.0 0.0 43903.23153623633 0.0 620774.7870601004 686782.7097556407 0.4511110694729723 1956640.3134773013 2363160.3807524424 1065378.2614790027 -0.050885001772257965 0.0 534480.4233829866 108545.68829139376 162524.2915076467 370002.25769430463 906794.3842251203 173983.28046502385 130350.12036838806
-9999.0 -9999.0 -9999.0 -9999.0 -9999.0 -9999.0 -9999.0 -9999.0 -9999.0 -9999.0 -9999.0 -9999.0 -9999.0 -9999.0 -9999.0 -9999.0 -9999.0 0.0 -0.34716817981097847 3.512878090608865 141848.65935191957 1006837.0321648072 2295254.976697438 1221110.335328471 70104.85931676584 785263.7187229902 404810.42261979333 372318.13809375215 0.0 0.0 0.0 0.0 0.0 0.0 0.0 0.0 0.0 0.0 0.0 0.0 -0.04702837279182859 0.0 33245.890103394515 18377.732259435423 22369.204392218067 0.0 144615.11808270635 842860.1487333191 3615620.5125878546 2584872.5123940837 812634.9828921703 3303966.134364733 217923.9382948053 58395.59973943822 1436046.0441496058 314561.06642994704 5165771.664285416 1433407.7810183442 1152400.9594792856 1981169.7927820825 1338006.3535339609
-9999.0 -9999.0 -9999.0 -9999.0 -9999.0 -9999.0 -9999.0 -9999.0 -9999.0 -9999.0 -9999.0 -9999.0 -9999.0 -9999.0 -9999.0 -9999.0 -9999.0 0.0 -0.15148985560517758 46.06279993593717 30485.793593681497 186123.77756310816 647536.4441568418 457013.9097663002 806522.0917548498 1165319.6259046295 35559.89920673831 0.010687378475267906 0.0 121213.158378528 0.0 0.0 0.0 0.0 0.0 0.0 0.0 0.0 0.0 0.0 0.0013365958438953385 102249.85493195482 30808.081906251253 70503.93073164999 141839.30598563503 0.0013365958438953385 2918382.4708726476 4025001.117540027 1500723.2391169462 695695.1670197683 260213.64251912085 0.0 2559245.3877463997 2281942.985047786 2351703.358682078 2551632.926978014 2315711.713021036 480330.96847049345 2637871.149254897 790256.0733812918 190499.9752538295
-9999.0 -9999.0 -9999.0 -9999.0 -9999.0 -9999.0 -9999.0 -9999.0 -9999.0 -9999.0 -9999.0 -9999.0 -9999.0 -9999.0 -9999.0 -9999.0 -9999.0 0.0 0.24578899279003963 0.3102421194780618 1517.0562187778223 24176.527701156723 -4.650877644773573 256740.91918760492 78128.56402873318 222380.32810053966 630694.0919722933 500601.62224938755 781537.7584224759 556966.8442806756 757600.2220828303 38136.99877734695 0.0 0.0 0.0 0.0 0.0 0.0 0.0 313486.0098379045 0.0 0.0 395966.93668524036 120406.22614012937 3525401.6017646496 3619527.1084237965 1697285.014590012 460824.1095598405 1016241.7837397374 58931.00476408786 312754.271666334 1215765.867942303 623131.216462149 682722.163504567 443597.6715191526 116261.5054105657 406432.04195027356 1997266.3936637803 508748.30437242636 2115546.363045736 449290.83259937784
-9999.0 -9999.0 -9999.0 -9999.0 -9999.0 -9999.0 -9999.0 -9999.0 -9999.0 -9999.0 -9999.0 -9999.0 -9999.0 -9999.0 -9999.0 -9999.0 -9999.0 0.0 0.45083685652934946 -0.3412778154015541 3737.399094334683 194784.68060792735 225476.1488815785 59397.082685566915 639789.9283374366 426412.8660636633 498863.8588570731 486061.60418386466 913339.1474838795 1153021.956138975 929971.2178876966 1163011.9668765804 1174278.2651992592 577047.9249448203 773780.6648110375 167358.55329737574 708580.119606835 423288.55287861696 497353.8311978871 395259.5894331807 843360.9593105258 0.0 2618071.3185175937 2390643.9174193377 2135603.6763068587 2217518.83989983 766522.9479672066 866425.4360555032 1193549.537021403 1096863.601733521 2116973.988204754 1784800.8505984275 49922.91747654967 306272.5187707425 621806.7182166895 184712.10165284254 209980.86320588615 415425.6312432224 3457569.100882126 2888939.767142377 199292.88272063978
