critload/trunk/output/2010/nle_ara.asc
ncols 720
nrows 360
xllcorner -180.0
yllcorner -90.0
cellsize 0.5
NODATA_value -9999.0
[rows 162 to 188 of 360, columns 366 to 426 of 720]
117867.5014892882 258226.56458019768 314921.6363913697 250436.92923986362 213359.2711704025 235223.58673735842 340115.22416038153 250004.47096495394 235659.97516356254 315250.616724683 293790.30736380897 385170.97463266866 437710.7354610121 336154.1218181854 217627.17652537773 0.0 251264.8876254044 126612.39507517577 264262.6302247308 3692.4949460154157 950.8343625162792 14365.12253253233 0.0 534.7084463374015 21659.971561949365 15465.318736894502 40410.4427319769 503.88586396744245 0.0 190573.0754350063 0.0 0.0 78207.69650367476 398886.09324550105 115183.34579967812 46.040437099221926 0.0 295227.565129 -0.0005141392613069182 0.0 0.0 0.05299890375675996 -0.05958775137562821 -0.31816420273997825 0.14042938229299265 692.3175659814532 0.0 236.3334403797093 84.87062580398815 0.0 0.0 17462.6915769993 0.0 0.0 0.0 0.0 709.6435622487303 0.0 0.0 0.0 0.0
216526.72704235744 230679.1902402955 291455.466984003 146326.84744479728 60963.255439519766 71643.31394447526 71665.20401041246 205611.81402835064 298565.7127409576 328380.7832274529 288994.22197315516 307930.08575200307 238287.7496494509 149339.52123482697 361795.94147156464 306179.64988789975 100934.6228447912 42870.81157377557 16294.610117700133 141.33389890424638 317.70749679790725 592.6316306384778 412.839191045914 482.30427895618755 1997.0420972831619 14203.820679429075 8940.062339672395 0.0 14595.149458574264 0.0 551016.6181722754 151505.29154252476 36549.369012481424 0.00021882628716631507 0.005802442473722493 0.09355803672940456 -0.0008898251167192556 -0.00045311825475189544 0.0 0.0 0.0 0.0 0.009321796672913862 0.0002606052618585092 -0.6098053083156157 8764.229970992606 0.0 80.54102743211955 101.24002810300138 84.31976106067623 0.0 0.0 0.0 0.0 65165.28182422721 83465.17665350981 0.0 34134.815070890596 0.0 0.0 197061.13984373162
306136.5025574018 387810.28967928997 359704.9255621129 348716.34473349224 435229.6018683656 157737.35116314352 252146.73611294676 301643.18825140764 152423.15661399768 411596.03452727036 188710.4667265935 482682.66389433225 427310.5809757558 615582.6145642124 406937.0904729107 83702.2615091052 19992.13174029126 2077.147518605063 2605.3446070164 488.6686792474212 95.30381272053496 4187.672645402687 1105.4054593661044 1803.8165509725127 3798.984450199298 31697.125729816467 484823.92652597313 33258.7383107369 33936.09789183054 0.0 0.0009287295042381962 9977.962622159193 -0.0 -0.0034402852950435616 -0.00022774585363353816 0.0009311430908103281 -0.011594479652373079 0.0 0.0 0.0 0.0 0.0 0.0 0.0 0.027925254853647732 27618.12962292889 7594.033587877116 19.200798946970984 16.04712229301266 0.0 46.30521183878752 727.9667629052368 0.0 0.0 0.0 189898.57065623216 68888.20348951367 781.774038300342 0.0 0.0 0.0
368010.76257558336 422943.64165179187 421627.4256760509 371694.10186152835 397764.31673560216 408951.8399695359 310603.9633084919 165267.90341404645 146409.9257998031 271833.676875288 183752.11019463366 597169.0907110946 660649.0444566689 426081.5179717183 92477.24977152243 22484.886973715395 16276.053003200137 11011.395692169051 5731.178930946212 1115.5257976566727 8481.110544108691 20070.611963973723 8270.853470336586 844.7562462100997 0.009108059092508487 173643.14617915367 319534.0192669909 34190.039070177896 73420.69290551996 78738.4926884897 2131.5472267680266 -0.00021975172841507616 2673.085179376536 -0.0018420301822488028 7.870116641166815e-05 -0.008363194911639041 -0.00023620893179791353 0.0 0.0 0.0 0.0 0.0 0.0 0.0 -0.029315456394299257 -0.038561843986798974 1533.0488925871123 -0.13111309927327344 -0.18792605625370185 55.98986068941139 10237.246223309518 196.9242392509035 0.0 0.0 0.0 116492.50521292113 313426.8566184707 140.7361584989239 0.0 0.0 0.0
265307.28674968943 173573.15514405904 223125.8985167718 322835.55166849407 180859.44952063597 261395.95676420865 403400.8039627134 234617.8248448388 368210.35306810867 187872.1428005816 411179.5884058402 458672.57429618237 327266.95444437664 32028.653989905273 1566.7175880186828 6104.780313184227 77721.3390375066 18908.110573683454 1449.7757160938895 392.38657883561484 7711.595606490144 2661.1292731224903 6321.110635202465 354.5182887080753 119046.50996909938 177306.97370130685 110541.12985241279 114098.65269428903 128626.16701393067 118417.97300792874 7122.2664889161815 0.0 4661.70830062916 2968.077926805561 -0.008367106844844647 -0.0005511680278327548 -0.003432889742575495 8342.347029346227 0.0 0.0 0.0 0.0 0.0 0.0 0.0 0.0 -0.0658159039176098 0.4398208934495514 0.025721713837988863 13758.199265068792 6.304967050145136e-05 0.0 41500.60245649097 0.0 0.0 7903.471663355713 0.0 0.0 0.0 0.0 0.0
8480.020367155403 160.3419634275531 14773.088250479379 148555.83871249142 222832.10521828991 299740.5603696799 521407.12104155123 387519.6422951812 444658.1641291131 422296.9482420489 740132.1731926338 235555.7995920715 32662.328819503768 7541.226579680911 6785.823951849876 25351.823629179908 6319.521957427223 678.2429145987388 0.07327341612401848 1494.924217274917 1198.1435856308012 2578.4700772034853 6242.288028016448 6308.395225866526 51411.591541927686 68392.40040131863 21448.21518179749 0.02386289360084761 11671.860395434021 -0.00200922917805947 0.0 0.0 2330.7999401283005 0.008251290949468778 0.0 0.0 3972.81967346601 -0.0034394867900798876 0.006027360424505188 0.0 0.0 0.0 0.0 0.0 0.0 0.0 0.021515698361226267 -0.6956731030449639 0.40920594935744425 6073.977556533256 -0.04248071962404887 -0.020178537364063595 0.0 0.0 0.0 0.0 0.0 0.0 0.0 0.0 0.0
-9999.0 -9999.0 -9999.0 1053.6374484613996 6494.573855049927 234524.26180131562 402410.1851428581 194808.10957953622 489872.6768988868 435796.2775399339 316247.02360301226 41765.12050795625 9827.266172061225 6867.347089346241 329288.0148083248 22143.374186892393 2930.4357857993505 0.0053828177151998375 0.08904185848670758 347.9704226000383 1691.095045598495 770.9707438198453 1191.498076618577 14320.157448053558 47251.47669471666 195350.58204314602 17814.9110741026 0.0007711743385749395 0.00034008727022885035 0.004118489758816707 0.0 0.0 100388.84790333817 1407.6879002088447 3770.1663927606564 7027.679638742779 -0.005814661669767618 -0.009573206877281408 0.0 0.0 0.0 0.0 0.0 0.0 0.0 0.0 0.0 0.06027684098371285 66587.49740432827 17380.88240660018 0.11473913405192881 23139.65036247593 5493.275211898204 7829.414052984749 0.0 0.0 0.0 0.0 0.0 0.0 0.0
-9999.0 -9999.0 -9999.0 -9999.0 440.32779138258644 32614.454039515862 46859.44824050343 114351.21380175822 429995.94665483304 465886.886276726 180568.8695774404 28873.03065388141 391.31789066675515 12457.928292601151 624392.7353404254 14350.883498280653 4321.189915712882 1010.4256889837512 3928.0625458214918 805.0334569984213 1795.0293479517713 1090.886941864992 9827.356527682485 -0.02651511252304199 103349.60449597545 -0.02864590787804309 0.061321703253724 0.08599068197430204 2045.0570575757845 0.03344635500552575 -0.006947130519298551 0.0 3476.02475555827 17301.769556499607 30862.02225279865 -0.00543361497397699 27810.300081474037 13198.5283551491 0.0 0.0 0.0 0.0 0.0 2634764.84684 4118.925479328042 136.72503458015075 60720.71849871782 0.0 91174.44271090694 31341.793201946777 7686.189172226798 0.4607505425519509 73863.49393124 33428.99308176788 75647.69763696319 0.0 0.0 0.0 0.0 0.0 0.0
-9999.0 -9999.0 -9999.0 -9999.0 -0.0017829496710161316 10618.351967008031 10715.33667178943 32342.488627374612 287981.46671623865 488004.7254284175 198012.49338865333 9434.109613940876 24863.662949979534 29775.32209382212 1682.8930978182364 5348.795627170724 21810.2440848614 7249.382470539047 8769.355598024613 5178.7816922675265 3958.727634144396 10767.765757788668 18761.753103313127 36233.19755159328 -0.025977717470200504 63137.645297967625 0.101252578845245 -0.0026909226295513413 0.05463559912759587 0.007398521989297204 85217.16033605147 0.0 0.09037141058934614 1775.7253680198976 1136.155768401525 98760.13656120453 125193.06251837668 174909.48912408212 92889.75650351246 95207.97575444466 67399.51463009419 3855.5112526469743 0.0002894205325281039 0.0025913129920959606 0.0 0.0 0.0 0.0 396.28685001968563 53926.079414735315 604134.4010237346 166017.9409920954 182533.33295439807 87735.94723672718 58894.55886526064 280686.36932073586 239801.24618388247 236.96379636828567 111156.35501244654 0.0 11597.48069053537
-9999.0 -9999.0 -9999.0 -9999.0 -9999.0 291.3179531890396 1537.4933765501203 -0.015427096249960302 -9999.0 -9999.0 -9999.0 50001.90706406258 618746.928048632 345874.2473912256 4235.42470425051 6169.654794216589 1247347.7256371924 30121.145269157565 3565.197922804401 7742.2387980813755 3240.3652937248007 748.5001553385007 6373.158373551891 12683.90709221898 330356.14683069073 70643.33194737553 0.0 0.00026817851831844155 23907.474192544494 -0.013412934394965676 82649.34601668485 6973.600696708395 2288.1737377815416 228.20001863772836 2950.6231869956973 5394.811032037024 8346.878365986271 2358.3433718818446 94630.40111467455 1832.0267333735842 0.0 0.0 0.0 0.0 2005.7396854380063 0.0 0.0002355185384476122 -0.010664678357093354 615.7503776047695 254.96729971725412 3007.9472601168495 2381.4470312657586 467.097225062853 149.36489762141935 53644.88951424449 204959.51125638452 226081.43250269684 1650.514120914685 144125.35080610326 226080.43049119753 229267.90266486473
-9999.0 -9999.0 -9999.0 -9999.0 -9999.0 -9999.0 -9999.0 -9999.0 -9999.0 -9999.0 -9999.0 1511.3559289587913 -9999.0 19939.18946305502 400634.860513752 15344.098226387723 26074.968612499357 31209.69349805259 7909.206968168261 5298.896720722324 1349.292932291466 0.0 578.5829219540061 0.0 109543.95544177249 27024.382968804643 38746.10683700208 0.0 0.0 29659.932785975234 76748.7455969094 1200.24575646646 12074.041963238755 15267.796274270493 8112.894431904354 4172.199117530195 0.0 0.0 2322.717416616831 6008.377741316658 267.6185929937574 4102.173257752857 0.0 1391.707274978555 236.03884727984058 2633.4675238692257 5252.340245617752 3988.625567250125 412.08700814690405 1112.2777554971567 3540.446285933742 3199.928806708247 0.00875964419111036 14081.348480244902 9050.221821718078 480310.31948577333 14905.714327007348 437066.84854310827 51089.817326364006 113303.34863397427 3774.485373247694
-9999.0 -9999.0 -9999.0 -9999.0 -9999.0 -9999.0 -9999.0 -9999.0 -9999.0 -9999.0 0.0 723.5570209147429 -9999.0 5773.1107715634025 15933.169486952002 5557.639484735553 12658.005144287128 16292.370573176366 8856.875193946309 0.0 0.0 1060.7210683126593 0.0 1123.6076253154895 1439.043515775901 0.0 59668.06710201722 -0.0001944642115102429 0.0 0.0 -0.000324707197092254 14850.427117733345 33620.255688123085 44030.06981706545 24588.36813654351 8069.960687763709 3844.227907787454 0.0 641.2849469996723 517.5712129381917 0.0 2489.1482783562515 0.0 0.0 1432.5435498813968 4376.188020188533 1938.6180468816722 4861.461832217096 3431.6449796163083 4192.5154544247125 0.008802871382633635 73.8281907665455 -0.00041163564529534134 11157.037315158992 14934.464750387759 2284496.8495661467 1047575.9364721751 186572.44998196154 51873.22476013845 131998.65881104174 58841.45822888555
-9999.0 -9999.0 -9999.0 -9999.0 -9999.0 -9999.0 -9999.0 -9999.0 -9999.0 -9999.0 -9999.0 -9999.0 -9999.0 1399.8005513544936 5227.160010438828 3738.3396715275167 12578.238516336633 5784.133976194845 2612.902788651175 2551.1217090902524 1333.2689083127493 580.2459661210836 423.6839678159724 0.0 301.0154333645897 0.0 10374.859695813653 0.0 0.0 -0.0003804273973654683 -1656.991471836546 113.6494047630472 10090.654694645344 8844.798120930878 10221.070791160986 2717.3259188225693 1833.7290139954478 7542.0740228271125 11487.416262076347 4550.378494061302 1515.7624772465897 5510.710524411284 0.0 10648.140367189115 0.0 2317.12595525 2239.733094465875 0.0 10299.75769715668 24393.35770445877 284.11586915490795 1577.2422965671376 -6.58257120713723e-05 305.8249003518917 39834.948271726804 81372.61346037644 891988.8413901553 78448.22214591553 276071.18476464617 149616.6513850531 143878.28176588108
-9999.0 -9999.0 -9999.0 -9999.0 -9999.0 -9999.0 -9999.0 -9999.0 -9999.0 -9999.0 -9999.0 -9999.0 -9999.0 10.72339245919401 6235.171946827798 6835.234574348334 7101.544328682158 374.75706509729633 58.510872941422456 158.3122083255761 -0.0029726757016779854 0.0 2745.77250440696 70.47662517871434 1567.2054507135026 0.0 -0.0008441075594657569 0.0 0.00011759930547093865 -0.0027491603547728453 644.2704303457742 75.97409347021281 0.0 0.0 2764.28010730968 5564.970369030355 14081.09014117529 15851.2857253755 440127.7128208606 4272.4075542795945 5812.243234925611 0.0 0.0 0.0 0.0 0.0 0.0 0.0 950.9068472895456 13596.012172957882 2345.8231558979232 0.0 -0.04447856256568641 813.3728640033311 11636.855307628772 771654.7074071218 123265.22708514753 0.0 262259.167920799 648564.144042902 226737.32146722943
-9999.0 -9999.0 -9999.0 -9999.0 -9999.0 -9999.0 -9999.0 -9999.0 0.0 -9999.0 -9999.0 -9999.0 -9999.0 40861.3982498359 33186.53454895862 33970.49194815682 26166.258739357057 -101.86802272356267 -0.010200973970171907 0.006201276380251357 0.005619129889802949 -16258.830380700649 0.010430922583422172 -166490.0068581005 -0.06870053038122316 -10190.53301921095 -2317.372130512496 0.0 0.001381816308593819 0.006399364125500253 1055.1251608799496 2985.0785648373167 3168.6728689824763 711.8922822970511 606.5110505252778 300.7209880894985 2174.880266193937 6218.190398871399 0.0 4884.181566901429 267.1330662112309 184.22726827040728 0.0 0.0 669.186110025255 297.7173681232012 175.71932080480687 0.0 0.009401992093095746 0.0 0.0 0.0 0.07086929470382942 3081.9119709502806 495567.80561258516 13049.850118331038 54628.17029792085 316744.96594919707 650075.2668433561 243733.83732180204 377754.4541073735
-9999.0 -9999.0 -9999.0 -9999.0 -9999.0 -9999.0 -9999.0 -9999.0 -9999.0 -9999.0 -9999.0 -9999.0 -6.64672172627758e-05 6013.212340808977 14496.789185134043 17553.979046773165 861.235272953751 -0.0314658352225267 -0.016663695699430613 0.0 0.0 -3.0452913577661308e-05 -0.0025418580280717716 0.00763670899760084 -7348.877554537011 -2327.8470916636466 -0.008770127634949094 0.0 -0.009802116747779928 -0.00775132385688174 2272.7207690785117 2194.429510620436 1918.7271352270423 388.85139401085775 11.864562141903242 0.0 0.0 0.0 0.0 0.0 345.5652559858848 587.5613697462662 150.1124102763123 72.35116929959827 3869.936368385407 0.0 0.0 0.0 -7.009441850587733e-05 25.319763872559477 0.0 0.0 135.42578935749088 5082.717059804181 349858.28080576734 29614.34469556306 200637.31603243112 505260.6388452921 578560.26579412 185635.9006358447 229749.82457190886
-9999.0 -9999.0 -9999.0 -9999.0 -9999.0 -9999.0 -9999.0 -9999.0 -9999.0 -9999.0 -9999.0 -9999.0 -714.6502883033528 -534.5589348283467 0.04723544679475046 0.04978713689218833 -67.76023614317529 -110.36337602323752 0.0 -111.09847528559912 -0.010739373260565704 -0.008575639594200725 -567.928076370595 -10875.196917996018 -4196.59673315198 -15574.788771352989 0.0 -0.003029350214075466 -413.4308272521566 -112.96323457640952 806.769580094746 2087.337701874108 1211.429115514781 0.0 0.0 0.0 0.0 0.0 341.82288433841154 251.2745478511065 0.0 1715.9754718740119 6947.135687843686 2606.26109962872 7561.351973605704 0.0 0.0 0.0 0.0 0.0 0.0 1.5314432681893013 6978.779432647398 9188.743708699878 216637.11589887695 406984.6316614483 249217.42833029476 190179.9058453997 434549.71262531827 474029.6944045903 488702.57452275837
-9999.0 -9999.0 -9999.0 -9999.0 -9999.0 -9999.0 -9999.0 135844.8967140328 -9999.0 -9999.0 -9999.0 -9999.0 -3046.3173038096215 297211.56836467504 -4473.238281208285 0.07657200961237465 0.0031470865767935035 -0.05647845886556313 0.010256181119985774 -0.001329022826836175 -0.0030537238249702782 -0.08791381147489721 -0.01053249132446418 155723.88202270432 -38779.9795920124 -24397.25023977312 -108.21197939435434 8.567912022548758e-05 -105.91114508246515 0.0010730081656524489 2565.8280961759347 3144.4799594926985 0.0 0.0 0.0 0.0 0.0 0.0 348.5536100451741 369.0212875453411 0.0 1194.507067179463 4601.581884689393 1668.4118347275528 5774.741469246616 646.4334128601192 0.0 0.0 0.0 0.0 0.0 416.72794124508096 628609.9486690934 8929.06696064676 486596.32576121186 406014.4365706234 296402.6804793091 896682.9125351551 671333.0726556563 369390.35407060693 0.0
-9999.0 -9999.0 -9999.0 -9999.0 -9999.0 -9999.0 -9999.0 -9999.0 -9999.0 -9999.0 -9999.0 -9999.0 -5693.79849387004 -6368.140829671606 -1424.5503715009183 -159.72882801230548 -2833.0537132403138 -9625.684584511 -0.039451920898586214 0.08770457565245202 0.027115186808811642 -0.011069687279890673 -26385.38836906522 -69127.15141401517 -37507.83974083645 -69598.14134885228 -132.48228967269299 -0.00041889963051592444 -790.8448182895943 1357.4036780546649 2450.012278073751 1122.583919702649 1579.7156484845862 0.0 3138.511905129525 812.9209453371099 460.4134107719401 349.6731763205043 0.0 0.0 0.0 1812.4342605296542 1526.110354889924 0.0 1636.3588377554586 764.7937387187043 0.0 0.0 0.0 0.0 -0.006017194061744794 2524.9224198798547 8067.997041381615 0.0 427097.9119621779 725725.6378892524 1567007.5613181281 0.0 2544.610516607812 -9999.0 -9999.0
-9999.0 -9999.0 -9999.0 -9999.0 -9999.0 -9999.0 -9999.0 -9999.0 -9999.0 -9999.0 -9999.0 -1050.5920085140224 -3585.0594535805703 -3673.855311599619 -1106.4678593708759 0.03870112085248156 0.12556007853936046 -441.771644636586 0.046490597718660945 -94.03190082808803 -0.010133435355297291 -149.77685816061245 1082324.944134875 -42390.59420389487 -44561.13224377544 122728.94799473048 -2616.6111669977263 -84.34853662347987 -3129.8579624943363 1423.0575519990832 665.3217676834943 -0.012931353995177744 0.0 0.0 0.0 0.0 0.0 215.31417868862275 587.4362660885014 626.3986195171067 243.61144841352046 539.4662258718415 1074.8177214045738 0.0 265.0536108630538 0.012045775654055967 1345.512138843778 1242.1950062189244 0.0 0.0 284.8897741788796 4113.97728874277 24099.59033814194 649392.0518036915 585116.8216458964 455237.8293042899 612994.4092246973 0.0 -9999.0 -9999.0 -9999.0
-9999.0 -9999.0 -9999.0 -9999.0 -9999.0 -9999.0 -9999.0 -9999.0 -9999.0 -9999.0 -9999.0 0.0 -2674.594747697826 -0.0014681187418618205 -0.08776126065893408 0.05407987304962166 -0.12680329255328399 0.09901546699212746 -705.8490669140383 -0.09099529351253899 -4179.470703980995 -4477.178686791871 -5246.115664131891 -15266.99325957762 10013.813592333996 -19803.08387484615 119818.8566790963 -4202.631113802234 898.0412253346681 0.0 -0.01219846222062754 0.012343431333644038 0.0 0.0 0.0 0.0 0.0 0.0 281.0721602426329 492.27477796817004 350.70436811901646 107.46541839350611 0.0 0.0 0.0 615.6280653262039 532.0974877292987 0.0 0.0 0.0 -1.3121684285257218e-05 11416.989903622532 21432.165963076186 627954.0157221264 1211133.9821011974 200926.32389758807 82794.50714585918 135255.65914154408 -9999.0 -9999.0 -9999.0
-9999.0 -9999.0 -9999.0 -9999.0 -9999.0 -9999.0 -9999.0 -9999.0 -9999.0 -9999.0 -9999.0 -9999.0 -742.7333214596383 0.1411107550393387 -5512.021097483821 -3234.7848460795535 -10656.243734480278 -0.04740638823738612 0.011684101917695807 -192.06039669727457 -6475.9792840249165 -4103.844593546743 -3044.994738627702 -6889.775429804319 -3199.815566939549 -52316.48885403777 -11429.07800005931 2668.41435376453 0.0 659.3976370059488 2627.8275934450257 2450.747928981538 0.00046157308877828855 0.0 0.0 0.0 0.0 0.0 0.0 0.0 0.0 0.0 0.0 0.0 0.00011388825655017869 -0.010384164141804797 -0.0007055169178050022 -0.0001687292381388677 419.79210221919686 241.59713978483944 798.9537983763887 9798.178371348258 756665.0705841801 1193475.589533021 1038285.2213307555 543919.6680639941 31481.39113966148 41306.99117543854 -9999.0 0.0 3345.043187072468
-9999.0 -9999.0 -9999.0 -9999.0 -9999.0 -9999.0 -9999.0 -9999.0 -9999.0 -9999.0 -9999.0 -9999.0 0.0 -0.043324223262381605 0.13321681929121265 -2907.3638615766417 -197770.2129006959 0.08061458049189497 0.005767551437739439 -6454.301595380224 30.91079290779869 -2443.6779603557643 -48925.47767134073 -1738.9587754678305 -10656.206695676403 -13875.459258930996 5497.440079718769 395.35836685928416 720.162546884337 423.6724635496762 503.7085360275919 1918.1738218662608 14264.17672484351 -87.26389594811997 0.0 0.0 0.0 0.0 0.0 0.0 0.0 0.0 115.00106778134126 0.0 0.0 0.0 0.00011633504179408773 2.7188537388943245e-05 631.3257026442253 1803.589895744016 1904.5858410235642 737954.9920570307 1201801.6412219803 3004968.023204843 1209145.7639053508 606402.68794659 6672.3441844367435 3083.643679988552 17115.78261110892 2369.9608468020547 5604.323577011608
-9999.0 -9999.0 -9999.0 -9999.0 -9999.0 -9999.0 -9999.0 -9999.0 -9999.0 -9999.0 -9999.0 -9999.0 -9999.0 -355.9579593893012 -1473.1639770810746 -131888.8433623768 -33344.91685632554 1242436.4025905551 -27326.9003324681 -3136.0628928863625 -0.08109905400161363 -3436.3344958213306 -11695.31407118926 -2171.886403927055 -2466.7909840703883 -9097.230167977053 2596.994775839272 452.483040836522 478.10193973281525 1843.820066114498 1752.7323235443569 861.3543496970736 0.0 0.0 0.0 0.0 0.0 0.0 0.0 0.0 345.24829100288684 0.0 0.0 0.0 134.61127172070172 1443.0610923079278 2147.071179733497 6279.964452623669 1588.6065456493138 1759.3113702243477 3265.9896225766047 3114.2573985386507 45587.40316640737 24391.86984127477 0.0 125784.56346516073 44417.295426522425 279730.2796967057 56790.17803664026 442896.7274457743 1271123.5519991952
-9999.0 -9999.0 -9999.0 -9999.0 -9999.0 -9999.0 -9999.0 -9999.0 -9999.0 -9999.0 -9999.0 -9999.0 -9999.0 -9999.0 -623.7388949558849 -4416.747877829251 -126932.82955279958 -153996.75525321285 -26561.116629731576 -1558.8165147890588 -0.042369341693176334 -1019.5377932822827 -19384.962980546123 -12653.528721343187 -11543.213153956951 -11044.913559889903 1750.8616930901158 2503.5351432496677 16561.001801866365 10089.29660350747 3654.9275771755456 563.8502127696751 0.0 0.0 0.0 0.0 0.0 251.75676148524371 344.7974450657628 146.72245961766095 1057.2972822801032 1658.6663430970757 1094.8164338845163 75.9676145597397 214.92798223025227 1008.0050644452086 733.5353911671317 1167.302220185409 -329.7297773928012 255.3233884584038 3219.7857363515604 -3659.134208384331 17110.807472583787 30802.403640401873 16811.73440224959 14609.771495771485 67508.35862916711 180332.44614812176 130145.98910454228 33030.82071466989 115336.87492009894
-9999.0 -9999.0 -9999.0 -9999.0 -9999.0 -9999.0 -9999.0 -9999.0 -9999.0 -9999.0 -9999.0 -9999.0 -9999.0 -9999.0 -9999.0 -0.006858413708661482 -1139.7024052457755 -28247.941091506415 -27976.700560772988 -19569.20581294925 19854.500655512744 120581.56222759243 -72986.57734390056 -19308.532275420137 -46515.559126714164 223539.28553428012 2362.3565212653493 1746.560347415736 21038.723769753906 18594.467301233057 7840.823797402365 844.1913967454467 219.89468555271628 0.0 0.0 0.0 135.42263027113066 711.7698517150573 253.58800009794956 0.0 2909.3310214610474 4781.44360980553 3933.9065689826693 1816.8280253023165 291.4914374190182 1056.4767661713076 2149.00117060251 538.2426644910879 370.31127700536587 527.1603110965332 0.019841141985640593 -8704.51615859643 2453.4702020810664 30250.81257858055 17646.81887272079 153536.3938554213 3600.918509270734 151.61382286250318 152067.4309076995 9295.142372026123 69079.90936889083
-9999.0 -9999.0 -9999.0 -9999.0 -9999.0 -9999.0 -9999.0 -9999.0 -9999.0 -9999.0 -9999.0 -9999.0 -9999.0 -9999.0 -9999.0 -9999.0 -3563.097100159506 -15517.008232559552 -4169.6703027289 -83256.70200307957 -23548.715031248907 -98116.88261870525 83375.86239665539 -19386.44943246983 173215.58020865513 28106.998986938182 11031.027457403852 2958.262456034521 1624.242411343823 2879.728622001552 3694.3040553736537 2982.959517347525 1945.3048095709337 2351.068138652567 1065.7135044391277 1506.8324514788387 598.520535371422 826.016988370666 403.0378618650871 504.2013410815943 212.57594915433378 0.0005131216782796999 2407.4972744610623 1974.2877518393232 344.95227748630094 225.90879359604173 344.62804266808007 444.7358600203098 0.0 76.04163144431544 122.90838085969024 78.01608369245301 -0.0 1668.5911545928254 201664.35854918865 535.4154735645114 765.2704904916303 3068.9560648462 10743.1467262396 3303.5381351133374 321191.0776371129
