critload/trunk/output/2010/nle_ara.asc
ncols 720
nrows 360
xllcorner -180.0
yllcorner -90.0
cellsize 0.5
NODATA_value -9999.0
[rows 54 to 80 of 360, columns 488 to 548 of 720]
0.0 200.37738984804426 537.6683412763197 142.3540395639491 0.0 0.0 0.0 0.0 0.0 0.0 0.0 0.0 0.0 -0.01114486007634073 0.0 0.0 0.0 0.0 329.4020363859468 799.2844574544152 0.0 -9.55104561123404e-05 -0.005067362666762866 0.005062323493708133 0.0 0.0 0.01126935055883054 0.0 0.0 0.0 0.0 0.0 0.0 0.0 0.0 0.0 0.0 0.0 0.0 0.0 0.0 0.0 0.0 0.0 0.0 0.0 0.0 0.0 0.0 -0.010684766613843929 0.0 0.0 0.0 0.0 0.0 0.0 0.0 0.0 0.0 0.0 0.0
0.0 0.0 104.402621331318 192.7507543672642 0.0 0.0 0.0 0.0 0.0 0.0 0.0 0.0 0.0 0.0 0.0 -0.014915100367471058 -9.33615613018518e-05 8.341873545565285e-06 122.98495079972363 377.9736988672981 3.1342950159151525e-05 4.0463730852280586e-05 0.0 -1.3231860989873297e-05 0.0 0.0 -28.979630323004102 -7.755355028530798e-05 0.0 0.0 0.0 0.0 0.0 0.0 0.0 0.0 0.0 0.0 0.00909422076819305 -2.084764329949684e-05 0.014738505619596002 -0.00013898661032812963 0.0 0.0 0.0 0.0 0.0 0.0 0.0 0.0 0.0 0.0 0.0 0.0 0.0 0.0 0.0 0.0 0.0 0.0 0.0
0.0 0.0 0.0 0.0 0.0 0.0 0.0 0.0 0.0 0.0 0.0 0.0 0.0 0.0 0.0 2.0334640357901527e-05 0.014772650814450313 -3.538582900408164e-05 -1.0549686826134049e-05 0.0 0.0 0.0 0.0 0.0 0.0 0.0 0.0 0.0 0.0 0.0 0.0 0.0 0.0 0.0 0.0 0.0 0.0 0.0 0.0 0.0 0.0 0.0 0.0 0.0 0.0 0.0 0.0 0.0 0.0 0.0 0.0 0.0 0.0 0.0 0.0 0.0 0.0 0.0 0.0 0.0 0.0
0.0 0.0 0.0 0.0 0.0 0.0 185.32960364417062 0.0 0.0 98.26973945245673 116.53876903409596 0.0 0.0 0.0 0.0 0.0 0.0 319.3640660278719 565.2568036892832 0.0 0.0 0.0 0.0 198.9668628501364 273.7393833912161 -0.16874014890500438 0.0 0.0 0.0 0.0 0.0 0.0 0.0 0.0 0.0 0.0 0.0 0.0 0.0 0.0 0.0 0.0 0.0 0.0 0.0 0.0 0.0 0.0 0.0 0.0 0.0 0.0 0.0 0.0 0.0 0.0 0.0 0.0 0.0 0.0 0.0
0.0 3.909933659257322e-05 0.0 0.0 0.0 0.0 0.0 0.0 0.0 0.0 0.0 0.0 0.0 0.0 0.0 0.0 0.0 205.55675112429256 0.0 0.0 0.0 0.0 0.0 0.0 -6.632928819004858 567.7542630844748 0.0 601.3864413379172 0.0 0.0 0.0 0.0 0.0 0.0 0.0 0.0 0.0 0.0 0.0 0.0 0.0 0.0 0.0 0.0 0.0 0.0 0.0 0.0 0.0 0.0 0.0 0.0 0.0 0.0 0.0 0.0 0.0 0.0 0.0 0.0 0.0
-0.014450220775553099 -0.008309052605020129 0.0 0.0 0.0 0.0 0.0 0.0 0.0 0.0 0.0 0.0 0.0 0.0 0.0 0.0 0.0 0.0 0.0 0.0 0.0 0.0 0.0 0.0 0.0 0.0 0.0 0.0 -0.010731449688280529 -0.009408361224136174 0.0 0.0 0.0 0.0 0.0 0.0 0.0 0.0 0.0 0.0 0.0 0.0 0.0 0.0 0.0 0.0 0.0 -0.013964911118143518 -0.00024320739335670854 0.00040002125871740424 -0.014314667587465272 9.96395097692089e-05 0.0 0.0 0.0 0.0 0.0 0.0 0.0 0.0 0.0
0.0 -0.00011451131580181805 43.75385362094584 35.5404701436304 0.0013843797949560652 0.0 27.594859920640953 0.0 0.0 0.0 0.0 0.0 0.0 0.0 0.0 0.0 0.0 0.0 0.0 0.0 0.0 0.0 0.0 0.0 0.0 0.0 0.0 0.0 0.0 -0.01063217944130314 -3.339826861432539e-05 -3.277045658313004e-05 0.014306230699672145 0.014695484180728375 -0.014088583830923535 0.0 0.0 0.0 0.0 0.0 0.0 0.0 0.0 0.0 0.0 0.0 0.0 0.0 0.0 0.0 0.0 0.0 0.0 0.0 0.0 0.0 0.0 0.0 0.0 0.0 0.0
0.00016519424510059796 0.01360749153731532 0.00032402926930481617 2.798757554886164 3359.4169781413925 1000.1147308354141 42.92573674754145 0.0 0.0 33.79064001837687 0.0 0.0 0.0 0.0 0.0 0.0 0.0 0.0 0.0 0.0 0.0 0.0 0.0 0.0 0.0 0.0 0.0 0.0 0.0 0.0 0.0 -4.600933792745861e-06 0.009403002480883386 -0.014282120263443285 0.014126091472758106 0.0 0.0 0.0 0.0 0.0 0.0 0.0 0.0 0.0 0.0 0.0 0.0 0.0 0.0 0.0 0.0 0.0 0.0 0.0 0.0 0.0 0.0 0.0 0.0 0.0 0.0
-0.01379387439738559 102.5088767447899 1917.169030885499 1079.0374344232118 198.5531431288168 -0.0 -0.002302905517590922 -2.4822691930010557e-06 42.62298542010648 0.0 4.191868470739763 0.0 0.0 0.0 0.0 0.0 0.0 0.0 0.0 0.0 0.0 0.0 0.0 0.0 0.0 0.0 0.0 0.0 0.0 0.0 0.0 0.0 0.0 -0.00021360875462739015 0.014047992697046133 -0.00010716425556004314 9.335363406960174e-05 0.0 0.0 0.0 0.0 0.0 0.0 0.0 0.0 0.0 0.0 0.0 0.0 0.0 0.0 0.0 0.0 0.0 0.0 0.0 0.0 0.0 0.0 0.0 0.0
0.0 1.60711904349604 4.759083760911541 0.24484656378435926 2493.727912625369 220.50384883575512 177.99797479806188 0.08566041747418755 94.046372288826 192.1529654553011 -5.848968118732774e-05 -0.0 0.0 0.0 0.0 0.0 0.0 50.55914559805488 0.0 0.0 0.0 0.0 0.0 0.0 0.0 0.0 0.0 0.0 0.07373633108174177 0.0 0.0 0.0 0.0 0.0 0.0 0.0 -0.01376522466125733 0.0059986507397262285 -0.0003843261343535533 0.0 0.0 0.0 0.12205244809708134 0.0 0.0 0.0 0.0 0.0 0.0 0.0 -0.0 0.0 0.0 0.0 0.0 0.0 868.8965624631692 211.4915515015258 0.0 0.0 0.0
22680.531072845526 748.4831037969268 7.018159101169455 5827.585160989541 230.0329601621233 1006.6549881876298 66.61414661547697 2401.123660998128 1290.1383584109706 6461.216887900534 2109.2670260337045 283.69234959017655 119.51395495397195 352.78043710130135 6.181133045486738 0.0 -0.0 34.76794277581583 0.0 0.0 0.0 0.0 0.0 -0.0 0.0 0.0 0.0 0.0 64.03083461850666 0.0 0.0 0.0 0.0 0.0 0.0 0.0 4.126513200040841 0.0 3.2871300063344893 778.6563481177551 5.1530605043753805 0.3500914223048286 0.0 0.0 0.0 0.0 0.0 0.0 0.0 0.0 0.0 0.0 0.0 0.0 0.0 0.0 133.23944692057282 34.09885267431151 19.372707269391906 0.0 0.0
2950.894490650782 4317.297400459558 9808.441539108419 1402.377726129312 132.62685049727477 4310.288139523843 17.677071011988048 1288.4562279889124 2422.9853558046884 2459.8499587206175 3179.5208777832067 4209.306208699801 1211.9716619117082 2101.740014577301 136.1972942821237 80.37634948632889 125.61084319754924 56.59416093506196 385.1469312219433 96.29501669691462 283.9277172789606 164.26749196405092 69.9045276153857 8.88874188540802 0.0 1.0268498535083534 0.0 0.0 0.0 0.0 0.0 0.0 0.0 0.0 0.0 23.6428813864077 -0.0 0.0 0.0 219.9991244430383 1016.3460729201563 0.0 0.0 0.0 1486.0605975673016 0.0 1.1053530359298458 0.0 0.0 0.0 0.0 0.0 0.0 0.0 0.0 0.0 0.0 79.77130735341036 0.0 0.0 0.0
27528.383058737538 15222.525241942047 57482.741462921 71694.969276251 11339.195192602414 24660.48311474826 22358.691088761207 31294.13565494526 18049.750727463557 18294.284460407434 5878.4494633354 19318.13965836811 71120.13902025892 107764.79566142897 663.8084910947753 1510.8823936053789 117.42440124921156 445.0525561681459 302.9921553421271 11020.80573045616 41737.308089866994 8.12850455745701 1621.8785182035072 508.69843623766724 4382.236565576728 2703.1011807637624 499.3715275521207 202.22527933111385 310.26570779125376 -11.349926391125335 3.3697616255467273 7.342954195049083 27.215050155280633 0.0 0.0 0.0 0.0 0.0 0.0 4742.897034604775 42.641000559854234 6397.293445110155 0.0 188.71090674811114 5601.105318761219 5754.120366906782 207.64950782084128 0.0 0.0 0.0 0.0 0.0 0.0 1094.75695047422 0.0 0.0 0.0 137.7961661313985 0.0 -7.742474816269163 0.0
33034.39680134163 83583.62678951188 58585.59840875472 117200.24236551879 39986.95119973493 134012.31883450557 41002.88528399138 33100.372577381124 93675.68204824394 11948.414317707638 61486.16760733867 65290.12559871073 77013.40892905147 130214.93193952678 107721.71100672908 58787.936149807116 12830.777662122196 55670.46387739542 11336.59272083475 53481.04050034652 127491.40105422054 182229.36185845433 3106.4037216866723 8099.2261170770425 3509.267003815096 5291.322407265907 2918.5684508903564 772.3583613176407 6054.436573454145 73.34455258474573 443.40497458246256 585.9035213658069 653.7787248019689 78.36572773957054 532.9043731082102 481.19217671411513 1.6329408543606476 56.77047267346018 3427.5761859000013 179420.49280715478 533.846787080869 6744.528675155616 25004.837721247924 3034.7894362116044 4293.544332878504 1590.9689635533744 77.23144096609597 6293.948896295105 319.446735536206 163.07497495832274 912.5920727139709 2866.34331506094 79732.83644512616 1908.082931115184 -0.0 0.0 0.0 1378.6304457879098 37759.49486921449 0.0 0.0
196649.38386755725 47349.70321666224 220185.5929984576 83017.17991446 158505.29772278527 158833.11744641693 91956.55054711441 15999.278053762948 65681.50889758261 18817.585253765214 338204.7772126334 43702.47556877943 122319.64318417954 59757.52188398153 74628.88552024789 22764.685777363164 18055.462549024665 140217.80878202466 28362.891747880407 81537.32977850178 161067.42964955815 206658.3404932547 83538.28791855763 16532.053559625216 2820.201723125501 15074.037560014196 10231.737031951683 5341.55298204255 9896.650130313057 5210.136722019592 2045.5218700635755 3601.226114611708 395.97092027269275 140.62443014554293 6399.91309829174 152.0027071633468 206.93142326480344 9924.89507211226 30873.360594079342 21623.878414051782 78098.9324452539 218684.02205536715 92808.87339317174 16508.94412019879 315.5182438320272 0.0 476.1622596405694 433.41850874286484 0.0 4714.988041760006 5565.120268380779 5107.591467064894 4614.354755478971 0.0 0.0 0.0 -3.133971772334164e-05 -319.32811375901196 -27.113969921188012 843.4320714059862 1110.582796177395
256025.57470120065 354773.8607619104 252185.3160510005 8843.503169677004 300119.92096376454 44047.36291648009 60989.136622945414 28402.305073294006 86595.00427876024 8748.615428379231 553342.1346429359 471065.2058913186 275814.97838479653 7.404218033781017 36653.97899332687 147278.6930808435 44598.48741792834 408342.0315391266 319251.44612138794 245583.78659097574 197747.3221084251 276843.2990959151 178311.19461610814 27801.414944452823 244.76299806324002 685.8093186727399 5692.655398418395 0.23336738865413043 3183.3654022673563 6789.8271424897 4821.523470971903 7110.451351315708 21984.67912551047 4348.55495038289 15758.89690746364 13630.125661885442 229354.48581046148 150402.4857486906 89754.41517765523 159904.2391880916 188158.05200157117 258848.52691642693 123349.33029742367 204664.7579492901 122482.497453901 236.56398626929814 0.0 -0.00018161801831476535 0.0 26.6811948977341 321.4562964208137 3789.377984239673 2640.251773503851 119679.13935582768 2847.3021755649393 1145.9469493706092 25.894664553302448 3.606518980962073e-05 0.0 58.54795034093169 -58.79697439941019
391871.41740952013 404687.9574877356 690170.482317409 525801.5209223172 496410.43110499345 615255.8371893807 26031.616930108186 18322.878575108298 4096.591297856479 758982.9759558794 832302.322109272 581156.4983767319 490083.51428605575 -0.08431919264106752 339589.52197745483 476291.913541959 545712.4909254469 693087.7142256752 605143.3570813495 664128.448580111 630760.6448157026 482069.0379813844 264575.2589567686 22412.859007750787 51995.5113615596 40150.12561806838 149011.2404232953 18073.459464877466 37438.97455185641 18037.788726971303 46969.23284979479 145999.97466002 269152.4003565647 46730.488104745265 59213.4408538138 56991.96517847455 435113.0524736184 156926.34624448436 145669.29640399056 24921.62621732101 7341.597801386145 34288.94785456934 396073.3390014176 392568.482751818 245119.55102684378 99989.72647182712 0.0 0.008873214681311314 0.010360041439504036 -5.430115969728534e-05 256.1387501557042 1224.551059749957 4136.042667142303 4805.345690332223 0.0 19.323734219970568 0.14693942185459216 0.0 0.0 0.0 0.010421665515624576
1012895.6939686269 661748.0251765407 1202329.773288668 869912.4329395567 706353.6016996667 657619.3415128501 743508.8820726081 786452.9598312058 707899.2242913734 687419.6057614894 464854.6873885403 362745.2895936392 53153.78751005919 393971.1406472177 460571.7364985878 285423.9467319566 347071.2449256474 399533.5325221356 584480.2211579032 468682.32225973054 678594.4103460656 634282.982274174 212641.1799962428 1949.79886609414 337596.6003925863 294363.5050682369 401.70211883966414 231.49606682875225 217251.30637262578 57573.05497347765 390270.3969046988 386946.2531637881 440900.5583387751 240157.20510668593 191705.81771508063 40346.66766802617 204940.22578100942 318640.23105816304 333626.3527773057 117135.07813981146 12067.728725022218 1264.7963173371643 989.3485183821203 13890.045097526463 195644.70410852533 173100.5399743887 0.0 0.0 0.00018927361560464807 0.00018890102753854753 -0.010385246280893616 416.5143910463205 1485.1533527746465 2733.916441733111 2996.5637161764116 121113.14173544805 2278.3502011550054 827.5837179345916 0.0 0.0 0.0
1037915.0705501602 523487.6534263615 844849.9055458052 801540.9331437305 546970.1622073962 456901.8689671177 686203.9660763546 1283.1851260099209 652284.7829730639 943.3825069306243 547259.9331621452 502151.92755073204 394170.9473375174 400885.3883540548 762.8333468909525 331788.761599222 387693.7424038011 318098.6640438382 377485.072509835 4440.815533162928 4416.221055454478 -313.35271195611546 0.0 0.41038805775350246 23.66537462269033 85.94483702446722 -0.0 -0.0 575.9880489422012 147.99834584067526 1042.9318290263454 302203.94468934136 306892.6772182244 409174.1073194961 326974.01609730057 213256.94512895524 213554.76938342897 3118.4465489621016 98928.20724331053 76573.34245427059 213456.48334647674 149348.42043241952 182981.8154819668 16161.503670179876 0.0 76898.98215503585 71390.01725882215 220.07143942579197 117.891754380745 -0.009155076414546064 -0.0001722516599289444 25.717612395149423 -112.91570458216125 2928.5937151571356 7613.094451755084 96631.48752947869 4488.224345683977 3452.3869015422515 -295.2686091039921 0.0 0.0
1137.1937079530057 851.0604884444051 805.9952988722263 1065.572072398265 1032.4670514652491 2049.449192655017 598.0734623520277 607775.3554985203 549161.4558416284 564221.2173731768 406.98098701005085 420431.04086283373 386322.22305932833 377152.2602221246 439197.46445717657 2.316086271305952 0.3222616513274682 9178.517455983478 0.2770055253159203 0.6028318345583862 81.79171821205419 0.0 14.21094475248501 1985.682347937658 1091.9747169058323 71.0088394469174 0.1199201137442222 1.6304594950786635 -387.5142439663747 2019.8195987071301 -141.92695468696488 4361.369030473291 350493.1131476551 326190.4272334943 425841.95973475295 351629.9889745201 496172.06925047166 387003.6679436041 220350.99304215258 135994.02315384112 76098.93924642552 363728.97629956 369089.74958830787 336705.55412137747 2242.2680221832748 581.4437015848815 0.0 0.0 0.0 0.0 0.0 -182.3169674861553 -519.171992165408 15428.279850857876 116853.11849411049 141697.13066056828 1143.7992359629357 290.9485057827004 167.3103643765247 0.0 0.0
0.017681184609775885 0.0 425.7165465599502 620.789205183167 1103.1815497734433 787.0863475691941 16.148005332738204 690897.5807231674 828.0254590720532 579345.3030341264 549787.7605702855 643950.2428684649 469457.8261078264 407632.34994396113 299078.07400758576 0.07725149873921129 27.690902143415645 55.10870545741947 10.515641555083265 11.876773182166634 0.006908857094114669 -0.0 -0.0 0.0 22.17778183156704 46.213671637297985 -0.0 -0.03205927424593511 66.77988118205171 548.7900129203196 48.59598542581236 -0.0 2225.9202127212347 373604.2724262935 315518.8134121205 402094.35011482536 209277.64037858005 485424.21587389323 546546.8131072934 62196.98241431266 1178.8891099009481 340574.5912037876 384527.3686110004 372080.4230436652 70790.12704470029 0.0 -0.0 0.0 0.0 0.0 0.0 -10645.424786321566 -1038.6308300083958 -492.10656279277475 -0.007411573669291418 0.0 0.0 0.0 0.0 0.0 0.0
-0.016021126023090634 0.003430442597424417 0.05441950230629938 -0.04930448355077547 557.0656548547114 595.2986468176083 227.4064911858566 811.5082085399875 397.9100514205889 718159.7212207762 667.1356553838494 925.8493285268969 483601.11380254175 429318.42355686973 380174.9314076121 349405.1343380798 470.356345391849 1.7740884822022072 55.336342810893534 -0.0 0.033728238638546154 -0.0 0.022304170320101246 -0.026978877777553163 -0.0 343.77491619852157 -0.07332607995727192 -0.0 0.067580346826322 0.0 763.4962180754569 1891.6284697314131 1880.1286053510776 152811.06043740935 63180.75080260796 542430.7391208255 578615.0595050605 410614.1448293846 570581.0284345081 410751.93562500144 282876.5108367825 490076.5914252933 411206.82603825256 307138.2983441627 0.0 210.3522211549413 0.0 0.0 0.0 0.0 0.0 0.0 0.0 0.0 0.010445171629503617 -0.010565975918026776 -0.010159886519777504 0.0 0.0 782.4399759019907 -3501.769553625107
-0.0 0.014179519910916222 506.8759374777095 0.10035501178696535 277.19358353259906 -0.08130184454062064 -0.033627881115280894 0.019703979279339468 0.03178909728415016 14.729194311848065 -0.009654621973497889 60.351775384081805 314.4149043123544 459520.8082177719 0.9493334629053168 163.0723589038013 98.84664003725881 50.19579894077981 0.0 0.06109616079368299 125.78840964377713 730.8504317738684 -0.08271728327487383 0.01922166874207194 0.0 0.0 0.0 -0.03608563978542779 -0.015446461319704482 0.0 -0.0 0.0 35.17698217021034 0.0 505675.67893658864 419794.30844520667 350301.8268293136 403012.63630888454 306280.25962551945 5425.530746995633 6179.432968076431 917.2950891826785 606.8794712884251 902.7466262191234 15.318157724431833 0.0 0.0 0.0 0.0 0.0 0.011678643069147258 0.0 0.0 -362.44760801235896 -1130.8045418623474 -2083.9199164458328 -3308.9541680754987 -1255.0370569612778 -3002.097717921068 -857.3883922954076 -1008.8485690476554
0.0 -0.04072079452774337 0.07300708472430116 -0.047811300426107026 0.024805245597058646 667.1148026651601 -0.031837374655523526 227.64046002216548 0.04236110915099444 0.030648661536247835 0.10579839351065365 66.03617371496469 182.9843033122629 207.8047966121654 706.1060677257619 542.8290629071138 89.01389013728864 941.5705346972005 164.7072283484071 0.0 174.5702737149968 0.03842902401185056 0.0007724711111179528 -0.07244612976276753 0.03965221410301623 0.0 0.0 -0.0043215446009376305 -0.02554188130808659 0.0 -0.0030008787946539505 0.7161840613033618 0.7858853832770551 13.651769931214123 369544.82839448884 505981.97344693966 48013.64542433371 6113.512031166761 4238.855647108233 1767.980600216781 258.5573222893801 855.7616906162805 -38.70854056507602 73.04680951432887 -59.71798695520125 0.00010033681117618186 -0.011669155519679338 -0.00017321198463119992 0.0 0.0 0.0 0.0 223.75209524487389 -69.43147412294438 -631.2547129424385 -134.99008864810548 -4389.864792556691 -4610.35240162965 -11877.054045003868 -2491.4642484631095 -15173.49908858876
-0.0 -0.0 -0.006546339612889895 0.045439056928769754 -0.05389522751969253 0.017238405686915828 0.0969189250787197 302.86459355358807 0.011358928080489184 0.0 2.255282803794966 -0.0 -0.0 45.81394253155769 1572.3774573025316 117.33774343397721 607.8867393134749 0.0 388.4729139945055 4.727393788174531 -0.544517779482403 -0.0 0.0 -0.3691516104900257 -0.0 -0.0003078342425825548 -0.0 0.02517797527827929 -0.01249857980410208 0.0 -0.0 0.0 -5.564446079702967 0.0 383870.04382407543 535551.0110715122 91637.26601464477 0.0 -0.0007952125459273877 0.07940030600055216 194.62320662258085 95.32343595964052 -2.8912194392605897 -809.7391220768285 -1101.155371642563 -167.10047574757908 0.0 -10.762578495431862 -59.18678225607734 0.0 0.0 0.0 -536.3727622182938 -722.1480395074163 -3.907200721239089 -38.07490467427415 138655.38379626686 71.60486332655026 34.213866047678465 67.5584070243929 -215.2765594994446
-0.0 -0.0 -0.0 0.0 -0.0 0.05718317697513093 0.057497741425433 0.0 0.0 -0.0 0.0 0.0 2.0217170083320295e-05 -0.07895157680155067 1576.7810559790387 0.0 125.54091504654343 149.16598181309573 97.02048220589714 0.0 -0.21449224718749674 0.006559355970707267 -0.0 -0.0007457087736897636 -0.0 0.020287904861336678 0.006203908521507154 0.0 0.0 -0.0 -0.0 0.0 0.0 0.0 0.09491621178333355 659.1855516029584 422.344300128375 0.060134824711825505 -0.0812258390616657 -0.004848202850140856 692.5964588344195 488.48292014937306 347.18183703682786 20502.12804780699 -707.3800236031316 0.0 1.8960719613263957 29.65579286190806 0.0 0.0 0.0 0.0 -0.10120281866500033 34047.0813873433 61409.21680247695 20418.77477803574 2133.369553660037 0.0 0.14912608011362116 2.8353098949564655 4.512912097616491
0.0 -0.0 -0.0 0.0 -0.0 0.0025980430569224684 -0.0 -0.0 0.0 -0.0 0.0 -0.0 0.0 0.0 -0.0 0.0 -0.0 17.12317698381017 -80.44427959771565 0.0 0.0 0.0 -0.0 -0.0 -11.422717318498995 -0.28817023490502797 -23816.77828946887 -23138.40833455907 -0.7436803277747959 -0.0 -0.0 -0.0 153753.081518168 -0.8737924472040459 300786.7439791621 399158.38320462353 2308.986481146216 373182.0097604528 0.0 -0.0 -1445.8138810165042 -15462.090644166317 115.08937505111558 93.87557921714523 8777.569673780776 -0.5221940595078065 -84.28817605782271 0.0 0.0 0.0 0.08504455632554465 -0.09844563852880274 125867.65521916635 115866.43693578191 -0.08391743149332773 973.1880105356606 650.6749426771263 -0.0 1057.4144724427422 -0.08604441760485664 45259.40921955399
