critload/trunk/output/2010/nle_ara.asc
ncols 720
nrows 360
xllcorner -180.0
yllcorner -90.0
cellsize 0.5
NODATA_value -9999.0
[rows 81 to 107 of 360, columns 488 to 548 of 720]
0.0 0.0 0.0 0.0 -0.0 -0.0 0.0 -0.0 -0.0 -0.0 0.0 0.0 0.0 -0.0 -0.0 0.0 0.0 0.0 0.0 0.0 -0.0 -6.842199859535269 -135.97247947907226 -0.09417024759686005 -8.68437819406298 -0.8162654767821612 -1.398657813954738 -0.45788906127976026 -0.0 -1.5673426100495567 -0.09328615000235836 -0.0 -0.0 -0.2959768734614112 -0.9545190140712171 395315.2695617944 271570.0522686019 338682.59456581966 -21734.168898596632 196357.19775241887 162970.51884047018 307747.62248271675 -0.7082352223619656 -0.7569345666996686 -0.09014086629986044 -52.09693066345095 0.008248436758270562 -0.011666704950190574 -0.001165310320906695 275.425235860071 2149.4885622153906 42.88789738176919 5654.412846565358 51.450193848523156 0.9363314872493788 0.0 41.643235598710476 1833.7462544071097 -0.0 -0.0 0.0070865750181348325
-0.0 -0.0 -0.0 -0.0 0.0 0.0 -0.0 0.0 -0.0 -0.0 -0.0 -0.0 -0.0 -0.0 -0.0 -0.0 -0.0 -0.0 0.0 -0.0 -0.0 -0.0 -0.0 0.0 -0.0 -0.0 -0.0 -0.0 -0.0 -36.12175076744028 -18.955294798999596 -0.0 -2.430993966471019 -8.0146231269293 -33.2274263432299 -14.205184956869076 -0.5330112182518936 -0.8128708049631038 -0.0 -0.0 303704.46210946044 -15399.877732692956 -0.32312684950587683 0.08081981811550264 0.9013600932550518 130711.84958884871 44998.80902469605 27085.16412060841 -0.010639675695854835 -0.02969616535985847 3776.701224489133 7949.47504266102 -0.044439808918569086 1283.656485476039 3004.553428410607 2135.9841120183 0.0 0.01786077865075322 -0.0 -0.0 14.124064334304775
0.0 -0.0 0.0 -0.0 -0.0 0.0 -0.0 0.0 -0.0 -0.0 -0.0 0.0 -0.0 -0.0 -0.0 -0.0 -0.0 -0.0 0.0 -0.0 -0.0 0.0 0.0 -0.0 -0.0 -0.0 0.0 -0.05421708820429714 -0.013941805470632621 -0.8975489648732881 -0.0 -25.216299975524635 -0.08679551861707006 -0.07612570075564953 -18.79090172874693 -11.714145702563691 5.1142787055736845 0.0 0.0 -0.0 -0.0 -103.99749615218423 0.0940949913480727 195340.18281834613 527903.2314864729 227035.35420891212 128797.77329452148 89184.57274082772 0.09525969917149323 -0.046227983764896355 0.06046160857725677 206.78075905484715 475.0568464627623 -0.09866589789909404 13862.281154752287 993.022830442486 0.0 0.0 0.0 6.839821111754222 8.799342239452356
0.0 0.0 0.0 -0.0 0.0 0.0 0.0 0.0 0.0 -0.0 0.0 0.0 -0.0 -0.0 -0.0 0.0 -0.0 0.0 -0.0 0.0 0.0 -0.026471719455199008 -0.0 -0.0 -0.0 0.0 0.0 0.0 -0.0 0.0 -0.015979949972471087 -459.7125509944369 -64.22102204610016 -65.20634447738878 -24.330950371863647 284372.3970124301 277819.81400487956 -850.0617231779559 -3445.7354885059435 112768.7512689467 0.0 -0.0 0.0 22910.787822057748 107949.51510993225 107003.98289697597 82576.8257439927 224397.10169909688 52709.041091012004 86655.57378377533 30728.769656572225 0.08604044035662271 0.001871931614437739 2239.0121851506947 -0.0716537945366836 0.030864525230723243 0.0 0.0 0.0 0.0 -0.0
0.0 -0.0 -0.0 -0.0 -0.0 -0.0 0.0 0.0 -0.0 0.0 -0.0 -0.0 -0.0 -0.0 -0.0 -0.0 0.0 0.0 -0.0 -0.0 -0.0 0.0 0.0 -0.0 0.0 -0.0 -0.0 -0.0 -0.0 -0.009236772295247215 -0.03902924138179569 0.0 -0.0 -0.012721884579586262 -3558.480793265355 374799.9981207022 306427.5543805558 -100829.71157694195 -29134.648080186078 -49681.692039706155 -4204.502547597108 -691.0163993053833 -741678.6180687555 157836.98498444963 409569.07031626016 0.010064758077834676 73895.83085187766 346050.6661533928 26056.893274113074 0.08334830051969247 9870.397559268113 65797.59712335315 -0.0010430537068162147 0.08503193774194291 -0.06213349959917092 0.4187436313016701 2760.732422320102 790.0032977652256 0.12175840986614844 0.0 -0.0
-0.0 -0.0 -0.0 0.0 0.0 -0.0 0.0 -0.0 -0.0 -0.0 0.0 0.0 -0.0 0.0 0.0 0.0 0.0 -0.0 0.0 -0.0 0.0 -0.0 -0.0 0.0 -0.0 -0.0 -0.0 0.0 0.0 -0.0 0.0 -0.0 -0.0 0.0 54121.265565645605 252549.6910816963 0.02099191938749637 2204.6909190980505 2237126.2149304124 3623880.962301738 263860.329923153 164276.5592795234 375012.9852768224 191333.64617854406 200517.22337270965 0.0 0.0 115280.58498932308 8100.344385286242 -0.0 0.0 77.98095539288356 9393.383259346354 41055.97851703945 0.06834272440158608 -0.1538571225216487 676.6251975462474 2930.5118529559095 0.8178866606701144 6083.832481798012 448.1704102476656
-0.0 0.0 0.0 -0.0 -0.0 -0.0 -0.0 0.0 0.0 -0.0 0.0 -0.0 0.0 -0.0 0.0 0.0 0.0 0.0 -0.0 -0.0 -0.0 0.0 -0.0 0.005877829715737873 -0.0 0.0 -0.0 -0.0 -0.0 0.0 0.0 -0.0 0.0 -327.8771551195664 -2091.1496226422305 -0.0 -0.0 561647.6703557073 607872.1101295665 229851.0044706397 378283.3991056422 0.10921799337308881 0.0 -0.04839377458556895 16301.688361941662 0.006061225817915325 -0.0 0.0 0.0 1964.4187665415427 2059.419774394094 20216.89669030628 0.0 0.0 408.8507637320296 6843.842688683892 0.01386340991567451 1.4332607714323344 -0.11643464157293214 305.00248208814253 1135.2733893697605
-0.0 -0.0 -0.0 -0.0 -0.0 -0.0 0.0 0.0 0.0 0.0 -0.0 -0.0 -0.0 -0.0 -0.0 0.0 -0.0 0.0 -0.0 -9999.0 -0.0 -0.0 2.6932597951118533e-05 -0.045656964570215786 -0.0 0.025080076927861534 -0.0 0.0 -0.0 -0.0 -0.0 -0.0 17258.524697431563 -984.1065217123219 246218.4761777066 -0.0 -0.0 110593.44374889604 73681.2028702738 47962.147051432585 0.019336441309111677 0.004485437606480835 0.002602018989086885 -0.0 0.0 0.0 0.0 -0.0 -0.0 0.0 -0.0 0.0 952.9824817068557 0.0 0.0 2832.965821405165 18810.725567138932 0.0 -0.01666012783677444 -0.04123914457606792 5061.716185810899
-0.0 -0.0 -0.0 -0.0 0.0 0.0 0.0 0.0 -0.0 -0.0 -0.0 0.0 -0.0 -0.0 0.0 0.005231558627187208 0.0 -0.0 0.0 0.0 -0.0 -0.0 -0.0 0.019411826567793607 -0.0 102823.67100549252 105163.06845733614 96347.79822344717 257692.90238422022 282156.11427973077 -59048.24238537737 -1574.0841323252048 -5928.81972887298 -1229.4800379298938 -7131.647246831342 297706.5743668532 -788.713092188596 0.05785994229717721 233653.76436578005 415144.07077935565 799232.8655973239 1600102.4015082107 0.029248614825063107 17077.483857662744 77562.78372671516 -0.0 -0.0 -0.0 0.0 -0.06375797775233054 -0.04590128642422542 0.034026929222703256 0.01835830805491165 -0.014778627043284292 0.027859773497761278 0.0 0.0 0.0 -0.0 0.023779123038275698 0.04263390305983658
-0.0 41059.05998860349 56453.79234188606 -0.0 -0.0 -0.0 -0.0 -0.0 -0.0 -0.0 0.0 0.0 -0.0 -0.0 -0.0 0.0 150939.59411268137 98705.63838533632 0.0 -0.0 -0.0 202709.62901243707 214673.82312166403 189721.6206837567 199973.78842487524 114452.79096537828 220171.32236031385 247923.3129426226 281497.8824461377 259446.7494190375 -0.061610681740979625 -43.52962605365464 0.0 146585.32412676868 51510.201514831286 374820.31605783047 718760.6943411244 158940.87382514763 0.0 1952.7403848786048 417678.7824347981 618840.1414329017 782994.2606497817 698194.5798453563 676128.6720159759 461266.40212386573 7350.689031920146 0.0 -0.0 0.0 0.0 0.0 0.0 0.0 0.0 0.0 0.0 0.0 0.0 0.0 0.0
0.0 0.0 0.0 -0.0 -0.0 -0.0 -610.1835896634385 0.059063168908042134 -0.0 -0.0 0.0 0.0 -0.0 0.0 0.0 0.0 117917.87303888971 102760.86712749023 105628.93181369072 255325.9900158707 222309.22540236954 223823.94975373137 257372.49360875055 240835.27565110446 236931.18682807504 208342.89905342401 256874.4269606205 276149.13187408244 343591.4952099482 310647.31780367077 -116589.11726751793 369299.08469204814 355953.6292346108 521564.051204609 182367.17013444973 188504.28725502553 188908.99785965192 211877.13755911755 33653.9595582731 78250.38158728536 266114.3849857992 18108.338691756908 67617.12039928106 471416.75839772075 472343.91905440163 600381.524162522 780271.1553295391 414452.79935674736 168161.51025073222 431389.0675538641 224773.7904504594 317462.90588923957 82684.37259419118 0.0 0.0 0.0 0.0 0.0 431.33580862587775 0.0 0.0
0.0 0.0 0.0 0.0 -0.0 -0.0 -0.0 -354.11039181935405 0.024293550663581274 -315.5636265175038 0.08480219683063879 325376.54777568724 256561.21026126662 280175.2201006442 132588.1999652944 339133.0223229296 332402.955950239 343897.5286758728 160487.65979151687 0.0 224958.86811133346 293867.48959146685 300590.11197163345 0.0 0.0 -0.0 -0.0 62421.08932701379 207689.6562239115 212990.1462538109 -206223.1650207936 -607.5920817429596 4.838785336835199 2242032.2932853405 4377546.270787667 3912489.263522135 0.0 141683.99911265253 0.0 82090.44061251487 57534.695952374954 0.055410177704810396 54240.94860085663 32774.54208641623 112072.05698753326 453767.5764529006 925618.4017154392 1697254.4842193397 145940.05965615908 59881.51261395832 0.0 6620.7272228383135 21296.641936820695 28898.138521547287 27478.781540352877 0.0 -0.03578756600708559 0.0 12418.335789158898 33760.66531560643 0.0
-0.0 0.0 0.0 0.0 0.0 0.0 -0.0 321579.4738509631 280348.66887178534 252414.55614864483 0.0 0.0 0.0 0.0 -7248.034722371586 -0.0 451406.63793259976 240396.75218095948 0.0 0.0 0.0 -3091.5695276299857 12037.726440428905 65010.23647925162 0.0 -18164.924676723047 -7675.074889735519 -2193.9265365882156 210546.1399811765 285920.9881093976 206240.24709438888 208294.15795510833 308720.9749373446 119793.21479947041 161655.65501732752 494191.82682955236 413016.3549232821 234733.46156100466 80267.35468660535 167015.0030567821 168489.66863014098 180192.80103754107 88250.15822700775 99385.44147853603 51812.463387840064 128706.12452748424 148717.54969362592 170209.85405909905 251348.5436239826 16061.92057769114 0.0 -0.0 -0.0 16739.51157351625 0.0 0.0 24988.661276065664 89253.13782513903 2695.2263706358144 4451.147905978841 54116.80091142239
-0.0 -0.0 -0.0 0.0 -0.0 -0.0 107408.8208563728 119342.20796745067 363244.8006980718 256648.99112667877 0.0 0.0 -7080.272685717959 0.0 0.0 23470.071345456356 834221.6389622643 10686.169413407764 20064.04751122771 2459.491446357488 149364.3441802362 -56317.046502767786 -46630.56438491991 19110.08107828281 24488.64296859622 0.0 -0.0 0.0 0.0 466930.7841836377 121799.25288449753 341165.3002781606 317846.9153819812 316316.01349506574 138870.9844241956 68107.37084257242 26455.254694225277 0.10414158465988861 145770.26144248806 163170.13170673596 146230.76681489186 124153.13560585235 95942.55383046922 117508.7515408703 155855.2022502723 88554.8026379444 95118.60503081325 72231.48528468913 30543.49794322042 117414.78955249026 192683.20671832858 221955.854522276 87664.59757567455 0.0 0.0 0.0 0.0 3574.9947328708854 169460.45731183447 157707.60666288977 0.0
-0.0 -0.0 -0.0 -0.0 -0.0 0.0 293546.8822124686 0.0 330813.3080826732 0.0 0.0 0.0 3780.2329973024293 21620.232469126135 37917.026814677396 509203.763910179 578343.9831392888 625512.7067790303 638072.2159853992 17038.716170510208 616259.5797181183 23737.45662891693 30286.697677219865 43972.970039739565 0.0 0.0 0.0 0.0 26820.129351818785 17417.237922746477 26806.423350228946 -0.07405837524890216 0.0 -0.022477326691645864 -0.05604496495338511 33997.38217073516 42457.33323002023 2755.711144671558 3118.3921909291753 0.014435683959800464 0.0 -0.025893560050970897 -0.038853582254708495 -0.0 437416.92454160645 316446.49280899076 35249.990627424064 0.0 0.0 0.0 0.0 0.0 0.0 0.0 0.0 0.0 0.0 0.0 0.0 0.0 0.0
11409.880356317071 0.0 -0.0 0.0 7394576.440667916 272923.80737625377 256342.3630547356 56324.94639258736 108853.41804850269 -1388.9653704451496 -202.9873654847273 0.0 2245437.0187983066 -16056.152707968053 327914.1625445746 299280.1676748842 -830813.0014806942 -90717.33937241847 -81510.40882319464 111858.65583477964 108520.40647614551 59277.47274942714 367767.81576524995 442350.28900897765 506392.784078091 69546.9566415245 -19.645391168888704 -905.0719640938152 0.049072877263583045 0.052231787961840276 38770.51848216335 79387.41861955203 83912.40615605874 91903.86517015533 14530.918512484639 389577.0238927195 344268.31573846797 492211.0622552977 342152.1433591474 0.0 202354.36963269525 115017.38118091071 31657.63037383922 219304.78130825047 280615.4395068252 248196.34879708226 0.0 0.0 0.0 0.0 0.0 0.0 0.0 0.0 0.0 0.0 0.0 0.0 0.0 0.0 0.0
0.0 24945.28715355247 -0.0 0.0 0.0 -0.0 -0.0 -0.0 -0.0 229874.07090160824 18246959.86364378 1037542.8707102098 129534.88382625622 183.3952307501966 3973264.726328438 7557127.697565814 392726.6449985307 329195.4233535181 111995.35611113653 138914.73598009188 66325.17893340402 64177.39252997419 93601.42112448707 -558152.406156574 97121.80498662552 338.9384950945553 -0.05555887641431854 -0.0005125141343328161 -0.06276415585769372 124447.40425535169 196650.58358093217 354622.16600025585 497714.25425414025 275801.98405703646 0.0008233684773565227 0.0 185539.43205874745 1010957.5085034951 262363.9906272783 57167.846592714945 6855.999796155593 0.0 0.0 18514.1625019809 115373.8785984252 0.0 0.0 0.0 0.0 0.0 0.0 0.0 0.0 0.0 0.0 0.0 0.0 0.0 0.0 0.0 0.0
0.0 -0.0 586.5366345297333 337707.6014587355 86069.69359014899 0.0 -0.0 889471.7727559891 -0.004250777957520667 7933816.37879324 20275598.784965526 1142932.9745108138 449051.8420136715 3584662.9752068426 7596667.200808136 9952588.440478928 17472840.092957612 11524771.846263923 83643.19872788008 204717.87899548054 -0.05222415121473874 -3764.847524451488 -18586.82380562427 -0.09360055709214762 0.012244031755072321 0.09794276633405084 -0.0016708396128590442 152521.43006600428 158450.92545271115 -0.0 0.0 5185.616599074593 933694.1878881755 266733.028203088 255579.0889200962 208724.1396937894 0.0 2947.048054090295 0.0 0.0 0.0 0.0 0.0 0.0 0.0 23571.99542415868 36203.64658515276 154127.90521759613 0.0 0.0 0.0 0.0 0.0 0.0 0.0 0.0 0.0 0.0 0.0 0.0 0.0
4851051.715546618 4702854.386229871 1212394.3684234188 157604.71199711945 2232019.6085618115 882138.7589533363 505432.4545610535 770010.2104543335 0.0005763060468991841 0.0134474949569681 12021008.681162782 1671098.2808592098 1121963.1862260825 7202082.048216351 965484.4718042376 2265878.7479881416 428686.1203696049 -81544.06336945375 -315234.02878957626 79574.07835627499 -0.04953682012167685 0.05369210978353692 -0.01645788200298167 -0.02059516005780046 -0.0669885196415396 26.803921347276397 0.0 0.0 0.0 -0.0 19040.489965530902 31246.3750121968 158740.26993185742 106931.86760876937 5505.872732849297 0.0 0.0 0.0 0.0 0.0 0.0 0.0 0.0 0.0 0.0 0.0 0.0 0.0 0.0 0.0 0.0 0.0 0.0 0.0 0.0 0.0 0.0 0.0 0.0 0.0 0.0
4915433.152323334 1344229.4157979153 119369.74824171337 404135.83008793596 4262844.840706576 7918019.520864947 4811159.697745731 1007855.1444414702 132339.49352296212 195118.60796192207 618741.963368287 -53129.18224772727 -12683.181523510928 -22505.66127850599 -73315.9760543587 -5642.8805596628235 -38060.94418088221 -40674.9408307524 -14671.19753528514 -0.033687641121199825 104427.34427655773 0.0 44113.80847966461 12760.879483280836 242701.82667006223 314067.55193559226 103160.914358812 71537.19198845945 49055.38594012066 190917.13226241586 262786.6603156314 23592.17529832613 0.0 0.0 0.0 0.0 0.0 0.0 0.0 0.0 0.0 0.0 0.0 0.0 0.0 0.0 0.0 0.0 0.0 0.0 0.0 -0.0 -0.0 -0.0 0.0 0.0 0.0 0.0 0.0 0.0 8675.829491147817
1571.870338863828 792421.3487195806 1517598.7311929732 3859857.799864172 1016325.1300815117 2475954.491613326 474352.11620492314 711244.7065262189 38166.829339362215 0.016601355942180242 -0.06863187540663025 0.04971201424143249 44447.47876027894 145070.98668638562 0.03239314210932876 54169.36454770168 116915.42911448292 0.009735678097895547 0.006489473340364244 0.0 -0.06660011359841639 -0.014824048764188918 0.0 785896.0705498887 760750.9990685906 466411.6400318339 75962.29804878935 413399.1727954865 91462.31129503765 0.0 0.0 0.0 0.0 0.0 0.0 0.0 0.0 0.0 0.0 0.0 0.0 0.0 0.0 0.0 0.0 0.0 0.0 -0.0 8635.439780633555 2643.9274364147477 0.0 -0.02808432151208707 0.0 0.0 0.0 0.0 0.0 0.0 0.0 0.0 0.0
39301.31178405485 54282.9714867883 465194.7837232325 12864878.937135933 6228702.707594222 464626.748386314 522421.3894941486 516426.15661555104 193800.03786733557 898925.7585758272 43481.909662408536 48429.327706718075 50224.16950661152 -0.0437678072419716 0.05874515919255103 0.04927498526352297 0.008539121404509699 0.0 0.0 -0.0002040424222494437 -0.0007830919962525232 -0.0 -0.0 0.0 473126.8262933937 48007.81406445948 662426.4184822281 226376.57450065672 0.0 0.0 0.0 0.0 0.0 0.0 0.0 0.0 0.0 0.0 0.0 0.0 0.0 0.0 0.0 -0.0 0.0 -0.0 2078.6154718130106 -0.0 -0.00015195301545814271 0.0025665205355973326 -0.0 0.0 0.0 0.0 0.0 54388.21262911566 0.0 0.0 0.0 0.0 0.0
23965.063580308335 11820.563989191085 34327.96321839859 24603.35696594098 -0.024737708559285063 -0.0 113920.05631922944 5982571.863947969 752789.5973904899 1081939.3748804247 56142.025738560355 1115336.2432863452 106610.85592645884 1023.131766480228 4289.455308193839 -0.00012715495085348195 0.009426465747956206 -0.009227166160172112 -0.009343938930635001 0.0 0.0 0.0 2174.0042867019765 -0.0 0.0 124661.99940409519 2212210.946436649 141996.76360421715 0.0 0.0 0.0 0.0 0.0 0.0 0.0 0.0 0.0 -0.0 0.0 0.0 0.0 0.0 10484.140063785704 141446.79851753917 0.0 -6.350093553525605e-06 -0.0 0.0 0.024286957350476084 0.021216458179021656 -0.0 14789.258118873433 0.0 0.0 -0.0 0.0 0.0 0.0 0.0 0.0 287.2906422240934
24.18120307666282 1521.4578642595948 64928.25053737292 50293.457613394785 16019.649348437839 377994.23809639446 1880960.0784383626 897374.7293548554 319732.2839872244 4172814.511784727 236940.45670553204 560154.5929961462 -44670.330739154146 896.8776369789034 845.9019132822212 18724.35212362171 0.0011257221865002786 0.0 0.00016776009698211703 -0.009329650798644515 0.0 0.000180572064347377 0.0 0.0 0.0 0.0 591259.9016451521 89922.01882678762 188550.19982773587 9927.058450370369 0.0 79981.28993807794 166801.22837166203 0.0 0.0 0.0 5.9645314063086405e-05 11293.202555895716 0.0 8358.527080616022 -0.0 -0.0 0.0 -0.0 0.0 0.0 -0.0 0.0 0.0 -0.07010133311069532 0.0 -0.0 0.0 240135.73342547152 644899.6266848478 -0.0 -0.0 0.0 0.0 0.0 0.0
0.0 1032.5534871149725 273820.14515409624 -0.0 -16691.913793259268 -332995.9945797926 0.0 1026007.5509919929 1088473.0912572609 2037775.4726962456 6906586.43120212 -191.56706753283555 1806.575888797152 1356.6787049652994 2091.5922339052345 0.08753388203806094 -0.009878303085126966 4120.763844474285 0.0 -0.010175648571755971 0.0 -0.09125825011751518 2453.5346786596515 0.019909854154275437 0.0 0.0 0.0 27179.5189133801 8577.726963559022 152478.25368730855 9357.139376668989 1014150.9989703201 254585.83950100892 123599.93135178504 98130.70021959092 17299.86299530593 -0.003269915676258211 5518.713935945719 0.0 -0.05679402971307967 -0.07680298755695628 0.0 0.0 302.0196141924896 0.00118389680443705 -0.04471771914954612 -0.0 0.0 -0.0 -0.043525934323694074 0.0 93606.56102775081 -0.0 -0.0 0.0 310559.8222103112 0.0 -0.0 0.005261003903852888 -0.00012582632304713673 0.0
0.0 -0.0 0.0 795856.6351634874 769756.7617323189 1264907.4204509475 -0.0 46770.46008424217 -0.0 617680.0236958937 493174.15821762907 -4651.781375428696 42049.80229904936 70230.0301029349 5000.309328608038 139034.39921588328 188.3185988025617 3222.0862465333357 15826.790111764567 0.0 0.0 0.0 0.0002067662765458487 0.06508282358949956 -0.028324871904386453 -0.04981924282518989 -0.00046113125746550425 -0.0025863036478871344 0.0 0.0 -0.0 0.0 0.0 709.9888062328952 141452.76392840003 218161.92765508755 1807.890115475949 0.0 0.0 0.0 0.0 0.0 0.053705567984312245 -0.09346669917917275 0.06473222194704976 0.0 0.0 0.0 0.0 0.0 0.0 0.0 97468.48392763104 0.0 0.05487701557608642 1440412.9242183203 661015.5406225738 -0.07874637720405453 2439749.202223594 -0.05370948792050386 0.0012022396937236644
8460.572999791255 293713.9386455825 -0.0 -1079.615545034642 -0.0 -0.0 249.28746498670606 -7456.434105294639 -1647.6656413426826 0.0 185982.3455332558 4732.57611979444 3479.5999419479726 1714.7582960695643 304.35165301050733 2347.6849455057036 82449.72951502568 0.0 31045.139887745638 21657.49310211928 67529.36446448471 420991.1073596521 0.0 0.0 -0.09591962939292868 -0.05755621777980396 0.017446107310489584 -0.0554036290387395 0.05334694768234649 -0.0 -0.007134232218586504 0.0 0.0 0.0 0.0 0.0 888.1548706105386 0.0 0.08185666585797091 0.033133775255370035 0.0 -0.09611902638822366 -0.026688853363806032 0.0 0.0 0.0 0.0 0.0 0.0 0.0 0.0 0.0 0.0 0.0 0.0 0.0 -0.008141724183453783 0.06711558948737754 0.0 -0.07179138440719655 369736.20712604414
