critload/trunk/output/2010/nle_nox_gw.asc
ncols 720
nrows 360
xllcorner -180
yllcorner -90
cellsize 0.5
NODATA_value -1.0
[rows 33 to 65 of 360, columns 370 to 443 of 720]
-1.0 -1.0 -1.0 -1.0 -1.0 -1.0 -1.0 -1.0 -1.0 -1.0 -1.0 -1.0 -1.0 -1.0 -1.0 -1.0 -1.0 -1.0 -1.0 -1.0 -1.0 -1.0 -1.0 -1.0 -1.0 -1.0 -1.0 -1.0 -1.0 -1.0 -1.0 -1.0 -1.0 -1.0 -1.0 -1.0 -1.0 -1.0 -1.0 -1.0 -1.0 -1.0 -1.0 -1.0 -1.0 -1.0 -1.0 -1.0 -1.0 -1.0 -1.0 -1.0 -1.0 -1.0 -1.0 -1.0 -1.0 -1.0 -1.0 -1.0 -1.0 -1.0 -1.0 -1.0 -1.0 -1.0 -1.0 -1.0 -1.0 -1.0 -1.0 -1.0 -1.0 -1.0
-1.0 -1.0 -1.0 -1.0 -1.0 -1.0 -1.0 -1.0 -1.0 -1.0 -1.0 -1.0 -1.0 -1.0 -1.0 -1.0 -1.0 -1.0 -1.0 -1.0 -1.0 -1.0 -1.0 -1.0 -1.0 -1.0 -1.0 -1.0 -1.0 -1.0 -1.0 -1.0 -1.0 -1.0 -1.0 -1.0 -1.0 -1.0 -1.0 -1.0 -1.0 -1.0 -1.0 -1.0 -1.0 -1.0 -1.0 -1.0 -1.0 -1.0 -1.0 -1.0 -1.0 -1.0 -1.0 -1.0 -1.0 -1.0 -1.0 -1.0 -1.0 -1.0 -1.0 -1.0 -1.0 -1.0 -1.0 -1.0 -1.0 -1.0 -1.0 -1.0 -1.0 -1.0
-1.0 -1.0 -1.0 -1.0 -1.0 -1.0 -1.0 -1.0 -1.0 -1.0 -1.0 -1.0 -1.0 -1.0 -1.0 -1.0 -1.0 -1.0 -1.0 -1.0 -1.0 -1.0 -1.0 -1.0 -1.0 -1.0 -1.0 -1.0 -1.0 -1.0 -1.0 -1.0 -1.0 -1.0 -1.0 -1.0 -1.0 -1.0 -1.0 -1.0 -1.0 -1.0 -1.0 -1.0 -1.0 -1.0 -1.0 -1.0 -1.0 -1.0 -1.0 -1.0 -1.0 -1.0 -1.0 -1.0 -1.0 -1.0 -1.0 -1.0 -1.0 -1.0 -1.0 -1.0 -1.0 -1.0 -1.0 -1.0 -1.0 -1.0 -1.0 -1.0 -1.0 -1.0
-1.0 -1.0 -1.0 -1.0 -1.0 -1.0 -1.0 -1.0 -1.0 -1.0 -1.0 -1.0 -1.0 -1.0 -1.0 -1.0 -1.0 -1.0 -1.0 -1.0 -1.0 -1.0 -1.0 -1.0 -1.0 -1.0 -1.0 -1.0 -1.0 -1.0 -1.0 -1.0 -1.0 -1.0 -1.0 -1.0 -1.0 -1.0 -1.0 -1.0 -1.0 -1.0 -1.0 -1.0 -1.0 -1.0 -1.0 -1.0 -1.0 -1.0 -1.0 -1.0 -1.0 -1.0 -1.0 -1.0 -1.0 -1.0 -1.0 -1.0 -1.0 -1.0 -1.0 -1.0 -1.0 -1.0 -1.0 -1.0 -1.0 -1.0 -1.0 -1.0 -1.0 -1.0
-1.0 -1.0 -1.0 -1.0 -1.0 -1.0 -1.0 -1.0 -1.0 -1.0 -1.0 -1.0 -1.0 -1.0 -1.0 -1.0 -1.0 -1.0 -1.0 -1.0 -1.0 -1.0 -1.0 -1.0 -1.0 -1.0 -1.0 -1.0 -1.0 -1.0 -1.0 -1.0 -1.0 -1.0 -1.0 -1.0 -1.0 -1.0 -1.0 -1.0 0.0 0.0 0.0 -1.0 0.0 0.0 0.0 -1.0 -1.0 -1.0 -1.0 -1.0 -1.0 -1.0 -1.0 -1.0 -1.0 -1.0 -1.0 -1.0 -1.0 -1.0 -1.0 -1.0 -1.0 -1.0 -1.0 -1.0 -1.0 -1.0 -1.0 -1.0 -1.0 -1.0
-1.0 -1.0 -1.0 -1.0 -1.0 -1.0 -1.0 -1.0 -1.0 -1.0 -1.0 -1.0 -1.0 -1.0 -1.0 -1.0 -1.0 -1.0 -1.0 -1.0 -1.0 -1.0 -1.0 -1.0 -1.0 -1.0 -1.0 -1.0 -1.0 -1.0 -1.0 -1.0 -1.0 -1.0 0.0 0.0 0.0 0.0 0.0 0.0 0.0 0.0 0.0 0.0 0.0 0.0 0.0 0.0 0.0 0.0 0.0 0.0 -1.0 -1.0 -1.0 -1.0 -1.0 -1.0 -1.0 -1.0 -1.0 -1.0 -1.0 -1.0 -1.0 -1.0 -1.0 -1.0 -1.0 -1.0 -1.0 -1.0 -1.0 -1.0
-1.0 -1.0 -1.0 -1.0 -1.0 -1.0 -1.0 -1.0 -1.0 -1.0 -1.0 -1.0 -1.0 -1.0 -1.0 -1.0 -1.0 -1.0 -1.0 -1.0 -1.0 -1.0 -1.0 -1.0 -1.0 -1.0 -1.0 0.0 0.0 0.0 0.0 0.0 0.0 0.0 0.0 0.0 0.0 0.0 0.0 0.0 0.0 0.0 0.0 0.0 0.0 0.0 0.0 0.0 0.0 0.0 0.0 0.0 0.0 -1.0 -1.0 -1.0 -1.0 -1.0 -1.0 -1.0 -1.0 -1.0 -1.0 -1.0 -1.0 -1.0 -1.0 -1.0 -1.0 -1.0 -1.0 -1.0 -1.0 -1.0
-1.0 -1.0 -1.0 -1.0 -1.0 -1.0 -1.0 -1.0 -1.0 -1.0 -1.0 -1.0 -1.0 -1.0 -1.0 -1.0 -1.0 -1.0 -1.0 -1.0 -1.0 -1.0 -1.0 -1.0 -1.0 0.0 0.0 103.72590040652987 0.0 0.0 0.0 0.0 0.0 0.0 0.0 0.0 0.0 0.0 0.0 0.0 0.0 0.0 0.0 0.0 0.0 0.0 0.0 0.0 0.0 0.0 0.0 0.0 0.0 0.0 0.0 0.0 -1.0 -1.0 -1.0 -1.0 -1.0 -1.0 -1.0 -1.0 -1.0 -1.0 -1.0 -1.0 -1.0 -1.0 -1.0 -1.0 -1.0 -1.0
-1.0 -1.0 -1.0 -1.0 -1.0 -1.0 -1.0 -1.0 -1.0 -1.0 -1.0 -1.0 -1.0 -1.0 -1.0 -1.0 -1.0 -1.0 -1.0 -1.0 -1.0 90.80924028784708 110.01374543108271 0.0 0.0 0.0 0.0 0.0 0.0 0.0 0.0 0.0 0.0 0.0 0.0 0.0 0.0 0.0 0.0 0.0 0.0 0.0 0.0 0.0 0.0 13.509987042655341 0.0 0.0 0.0 0.0 0.0 0.0 0.0 0.0 0.0 0.0 -10.288916132479574 0.0 0.0 0.0 0.0 0.0 0.0 -1.0 -1.0 -1.0 -1.0 -1.0 -1.0 -1.0 -1.0 -1.0 -1.0 -1.0
-1.0 -1.0 -1.0 -1.0 -1.0 -1.0 -1.0 -1.0 -1.0 -1.0 -1.0 -1.0 -1.0 -1.0 -1.0 -1.0 -1.0 -1.0 0.0 120.15501654554815 62.969713912327855 0.0 13.890763646034998 105.77006521215203 0.0 0.0 0.0 0.0 0.0 0.0 0.0 0.0 0.0 0.0 0.0 0.0 0.0 0.0 0.0 0.0 0.0 0.0 0.0 0.0 0.0 0.0 0.0 0.0 0.0 0.0 0.0 0.0 0.0 0.0 0.0 0.0 10.973317802874352 0.0 0.0 0.0 0.0 0.0 0.0 0.0 0.0 0.0 -1.0 -1.0 -1.0 -1.0 -1.0 -1.0 -1.0 -1.0
-1.0 -1.0 -1.0 -1.0 -1.0 -1.0 -1.0 -1.0 -1.0 -1.0 -1.0 -1.0 -1.0 -1.0 -1.0 -1.0 0.0 0.0 0.0 0.0 0.0 26.948944933569226 14.042353684902238 0.0 0.0 0.0 0.0 0.0 0.0 0.0 0.0 0.0 0.0 0.0 0.0 0.0 0.0 0.0 0.0 0.0 0.0 0.0 0.0 0.0 0.0 0.0 0.0 0.0 0.0 0.0 0.0 0.0 0.0 0.0 0.0 0.0 19.426943457027225 0.0 0.0 0.0 0.0 0.0 0.0 0.0 0.0 0.0 0.0 0.0 0.0 0.0 -1.0 -1.0 -1.0 -1.0
-1.0 -1.0 -1.0 -1.0 -1.0 -1.0 -1.0 -1.0 -1.0 -1.0 -1.0 -1.0 -1.0 -1.0 -1.0 0.0 0.0 -1.0 -1.0 0.0 40.96783562630929 0.0 0.0 0.0 0.0 0.0 0.0 0.0 0.0 0.0 0.0 0.0 0.0 0.0 0.0 0.0 0.0 0.0 0.0 0.0 0.0 0.0 0.0 0.0 0.0 0.0 0.0 0.0 0.0 0.0 0.0 0.0 0.0 0.0 0.0 14.410544282723853 0.0 -72.08364251168192 0.0 0.0 0.0 0.0 0.0 0.0 0.0 0.0 0.0 0.0 0.0 0.0 0.0 0.0 -1.0 -1.0
-1.0 -1.0 -1.0 -1.0 -1.0 -1.0 -1.0 -1.0 -1.0 -1.0 -1.0 -1.0 -1.0 -1.0 -1.0 -1.0 -1.0 -1.0 48.313435913756436 79.79345849172931 0.0 0.0 0.0 0.0 0.0 0.0 0.0 0.0 0.0 0.0 0.0 0.0 0.0 0.0 0.0 0.0 0.0 0.0 0.0 0.0 0.0 0.0 0.0 0.0 0.0 0.0 0.0 0.0 0.0 0.0 0.0 0.0 0.0 0.0 3.0832652684241135 0.0 0.0 0.0 0.0 0.0 0.0 0.0 0.0 0.0 0.0 0.0 0.0 0.0 0.0 0.0 0.0 0.0 0.0 -1.0
-1.0 -1.0 -1.0 -1.0 -1.0 -1.0 -1.0 -1.0 -1.0 -1.0 -1.0 -1.0 -1.0 -1.0 -1.0 -1.0 48.26076701926663 97.06844123620367 0.0 0.0 0.0 0.0 0.0 0.0 0.0 0.0 0.0 0.0 0.0 0.0 0.0 0.0 0.0 0.0 0.0 0.0 0.0 0.0 0.0 0.0 0.0 0.0 0.0 0.0 0.0 0.0 0.0 0.0 0.0 0.0 0.0 0.0 0.0 0.0 0.0 0.0 0.0 0.0 0.0 0.0 0.0 0.0 0.0 0.0 0.0 0.0 0.0 0.0 0.0 0.0 0.0 0.0 0.0 -1.0
-1.0 -1.0 -1.0 -1.0 -1.0 -1.0 -1.0 -1.0 -1.0 -1.0 -1.0 -1.0 -1.0 -1.0 0.0 152.0068251910721 70.13530786117376 0.0 0.0 0.0 0.0 0.0 0.0 0.0 0.0 0.0 0.0 0.0 0.0 0.0 0.0 0.0 0.0 0.0 0.0 0.0 0.0 0.0 0.0 0.0 824.185698273509 1324.063217763579 0.0 0.0 0.0 0.0 0.0 0.0 0.0 0.0 0.0 0.0 0.0 0.0 0.0 0.0 0.0 0.0 0.0 -1.0 0.0 0.0 0.0 0.0 0.0 0.0 0.0 0.0 0.0 0.0 0.0 -1.0 0.0 0.0
-1.0 -1.0 -1.0 -1.0 -1.0 -1.0 -1.0 -1.0 -1.0 -1.0 -1.0 -1.0 -1.0 85.5793720011228 139.46651982913383 171.72303909475602 0.0 0.0 0.0 0.0 0.0 0.0 0.0 0.0 0.0 0.0 0.0 0.0 0.0 0.0 0.0 0.0 0.0 1487.7239808078268 2636.9542565131233 744.9474699444806 2339.682779074074 0.0 2104.1350797464906 2627.004538277088 0.0 0.0 0.0 0.0 0.0 0.0 188.04177599041012 0.0 0.0 0.0 0.0 0.0 0.0 0.0 0.0 0.0 0.0 0.0 0.0 0.0 -1.0 -1.0 -1.0 -1.0 -1.0 -1.0 -1.0 -1.0 -1.0 0.0 0.0 0.0 0.0 0.0
-1.0 -1.0 -1.0 -1.0 -1.0 -1.0 -1.0 -1.0 -1.0 -1.0 -1.0 -1.0 -1.0 124.29028178311692 188.84986915171586 288.9801520712081 0.0 0.0 0.0 0.0 0.0 0.0 0.0 0.0 0.0 0.0 0.0 0.0 0.0 0.0 0.0 0.0 1668.9956394670476 896.130018246469 -1.0 -1.0 -1.0 -1.0 -1.0 756.5219590505933 2517.646567099033 1874.8496432143945 0.0 773.9290825620865 797.5692398482759 0.0 0.0 0.0 178.22413564648843 0.0 0.0 0.0 0.0 0.0 0.0 0.0 0.0 0.0 0.0 0.0 -1.0 0.0 -1.0 0.0 0.0 0.0 -1.0 -1.0 -1.0 0.0 0.0 0.0 0.0 0.0
-1.0 -1.0 -1.0 -1.0 -1.0 -1.0 -1.0 -1.0 -1.0 -1.0 -1.0 0.0 167.99003128586847 547.063103054177 0.0 0.0 0.0 0.0 0.0 0.0 0.0 0.0 0.0 0.0 0.0 0.0 0.0 0.0 0.0 0.0 0.0 3490.513055361821 3572.8009939197154 -1.0 -1.0 -1.0 -1.0 -1.0 746.6520306658928 1381.54573800103 4917.294283454843 10375.615181499878 5215.81644364113 245.09479309744222 0.0 0.0 0.0 537.1078801647176 276.24701598266006 0.0 0.0 0.0 0.0 0.0 0.0 0.0 0.0 0.0 0.0 0.0 -1.0 -1.0 -1.0 0.0 0.0 0.0 0.0 0.0 0.0 0.0 0.0 116.75512718171397 0.0 0.0
-1.0 -1.0 -1.0 -1.0 -1.0 -1.0 -1.0 -1.0 -1.0 -1.0 151.35945974574378 235.03359188790964 595.1903466778451 0.0 0.0 0.0 0.0 0.0 0.0 0.0 0.0 0.0 0.0 0.0 0.0 0.0 0.0 0.0 0.0 0.0 0.0 1234.8809410713839 1150.0553945941354 -1.0 -1.0 -1.0 493.53868437005707 7427.338940814787 7079.4116692912285 2817.323912841478 3377.9551034981014 1072.3926361666763 3331.598339946888 1273.5940460896506 744.0747720222881 3058.6659505939115 784.3454896343362 0.0 311.3324253165222 0.0 0.0 0.0 0.0 0.0 0.0 0.0 0.0 0.0 0.0 0.0 0.0 0.0 0.0 -1.0 0.0 0.0 0.0 0.0 0.0 0.0 0.0 1.2661370041530102 0.0 0.0
-1.0 -1.0 -1.0 -1.0 -1.0 -1.0 78.79719357846571 525.6765491902323 88.80968992520792 1703.2165871499058 673.6710542675555 284.6059683669025 1980.7362830997579 0.0 0.0 0.0 504.05906105686574 0.0 0.0 0.0 364.1340273940993 0.0 0.0 0.0 0.0 0.0 0.0 0.0 581.9248791126687 600.5598217338007 4745.96402824703 805.588818579913 -1.0 -1.0 -1.0 8187.330384819752 10037.771640326202 3398.672110535486 8780.997566274727 7104.2407252072135 8104.9550936661235 3894.643307307282 3944.256151146157 6307.326977964069 8704.15622791952 1026.1336721975035 814.5387601060393 0.0 0.0 0.0 0.0 0.0 0.0 0.0 0.0 0.0 0.0 0.0 0.0 0.0 0.0 0.0 0.0 0.0 0.0 0.0 0.0 0.0 0.0 0.0 0.0 0.0 0.0 0.0
-1.0 -1.0 -1.0 -1.0 223.4785199033092 559.2743189310373 0.0 235.85921779207695 166.64507884421303 0.0 15.950128263502286 0.0 0.0 0.0 0.0 0.0 0.0 0.0 0.0 742.7124428379842 0.0 0.0 0.0 0.0 1071.5976214071588 0.0 0.0 1789.9965129816308 2244.8058835302627 0.0 -1.0 -1.0 1392.007629008557 5674.15319041697 13429.10561847283 19357.76280506349 8198.852958772024 7601.926863116503 4105.91497053953 3023.667244082662 1334.132178704318 0.0 1314.6265788010344 2667.0523838650934 4961.870775926365 5476.7638446714645 0.0 1869.9801743296457 2092.444159859698 140.05457382225086 2654.198967921042 0.0 0.0 0.0 0.0 0.0 1.6680636632927253 0.0 0.0 0.0 0.0 0.0 0.0 0.0 0.0 0.0 0.0 0.0 0.0 0.0 0.0 0.0 0.0 0.0
-1.0 -1.0 0.0 1015.5483376685497 724.1264778910795 0.0 0.0 0.0 0.0 0.0 0.0 0.0 0.0 0.0 0.0 0.0 0.0 0.0 0.0 0.0 0.0 0.0 0.0 0.0 1198.0532546739232 2354.31835159455 0.0 -1.0 -1.0 -1.0 -1.0 -1.0 11930.473970764357 16324.306929633785 25903.428219929494 27969.632487274677 12889.280825017086 9368.4361313474 1091.095423730862 0.0 0.0 790.6456494744987 1189.7668316563522 0.0 0.0 2598.670010182636 1109.2162161607002 715.8757260298614 11564.595652768356 5840.321587192613 2299.006474189776 2307.427270199885 1341.8429450299802 0.0 0.0 0.0 0.0 0.0 0.0 27.1898919653264 19.848450131322004 0.0 0.0 0.0 0.0 0.0 0.0 0.0 0.0 0.04367193867785273 18.64334556793663 0.0 0.0 0.0
0.0 240.06465026187965 768.8100179228841 0.0 0.0 0.0 0.0 0.0 0.0 0.0 0.0 0.0 0.0 0.0 0.0 0.0 0.0 0.0 1937.1672936032314 945.8841876455374 0.0 0.0 0.0 0.0 3655.0002429383003 0.0 -1.0 -1.0 -1.0 -1.0 -1.0 -1.0 15735.26315520168 15316.303009262763 21293.607952200276 7152.94467223292 0.0 1359.9193319982844 0.0 1668.1064512608411 0.0 2183.9498518623236 0.0 1664.3108296891662 3834.5566891467283 6438.561773265528 0.0 3093.146303769119 1381.9498555750984 0.0 1431.3889824333935 5190.8565453078245 0.0 0.0 0.0 0.0 0.0 0.0 0.0 0.0 69.34038366914861 0.0 0.0 0.0 0.0 0.0 0.0 0.0 61.48974197683078 11.396083479420879 15.623126393520106 0.0 0.0 0.0
1932.8017322039998 1068.490481221774 0.0 0.0 0.0 0.0 0.0 0.0 0.0 0.0 0.0 0.0 724.8135910945407 0.0 1338.5450537769443 0.0 2404.0333376826457 0.0 0.0 0.0 0.0 0.0 0.0 482.1007915224206 3310.044599517573 -1.0 -1.0 -1.0 -1.0 -1.0 -1.0 -1.0 31.77857655974489 9346.630710844101 0.0 4244.886923284054 7134.62782097813 0.0 5854.944502333614 0.0 10468.759462341093 320.1871020777139 3035.2789158158953 1399.1292032537583 4403.552252384106 3738.498633925636 3569.036610088327 225.96411802313963 1420.5364478237511 4549.562431470344 108.56202843827697 118.81107638768385 0.0 0.0 0.0 0.0 78.38573072594286 0.0 345.9339711373619 11.324828626291406 0.0 0.0 101.36879898236518 75.58649380087462 0.0 0.0 0.0 200.78994852634602 203.91625823143053 0.0 16.267835107437616 18.879112050184553 0.0 0.0
0.0 1820.3273781363127 0.0 0.0 0.0 0.0 0.0 0.0 0.0 0.0 0.0 1422.2974810576886 1397.6880169495005 0.0 0.0 0.0 1434.3503544870402 3253.2275560417124 1576.0727236480423 0.0 0.0 0.0 2449.699484533742 962.9527885293112 4460.751330056058 -1.0 -1.0 -1.0 -1.0 -1.0 -1.0 -1.0 1946.9235784132966 22078.391252622157 20442.667447454027 29633.304161878736 20274.534205310963 20710.34057217335 18688.96695787675 8255.089303618286 8446.766274503865 10609.395157155504 3099.74143513034 0.0 3433.820508835821 317.8813109347021 3955.4641712789053 0.0 92.28388257597717 186.6425187127387 0.8626400240216655 -1.0 -1.0 11.874715307132316 21.084760450746465 176.05097140827235 0.0 0.0 0.0 219.22131094967838 53.63929788184852 0.0 42.24215192357713 24.951729856937668 0.0 0.0 30.05596526198514 289.622248263913 0.0 0.0 -2.574299084132793 17.75389961160613 0.15742860003937093 19.96391790456918
1218.6430041603041 0.0 0.0 0.0 0.0 0.0 0.0 0.0 0.0 0.0 0.0 11061.126874178375 0.0 6701.544020390998 12414.495591566287 1438.4516491901159 1924.5574312350989 0.0 1972.1891576112575 1366.3322916033635 0.0 4096.373385332469 2009.8461358557308 2896.0806597717665 9043.244103626963 405.7170719075498 0.0 -1.0 -1.0 -1.0 -1.0 -1.0 5109.15030651676 34284.97855853169 43515.909282686 13063.20898985194 1174.0168030858608 31136.084644689094 19633.28404159603 48991.03879132501 20013.672712608328 22424.93454932208 17469.283123229576 30995.16369850809 17709.186158128236 14384.591168869987 22.808161463055296 611.2080219884596 163.9446613676147 16356.43171734544 172.76934228367492 117.99414165927205 -1.0 -1.0 -1.0 1244.4568980007039 289.1479479859508 0.0 0.0 0.0 84.03585700417148 159.59628224398875 0.0 16.1008524450572 30.273199827013254 0.0 0.0 65.73956881517027 0.0 106.4246849151526 0.0 13.229734462308336 13.969554221111743 141.23034584777426
0.0 1653.1800685770756 551.8235061732729 0.0 0.0 0.0 0.0 0.0 0.0 0.0 7409.24156772155 3029.752457581058 0.0 5318.398317861378 8751.860931872969 0.0 0.0 1728.3365721689242 0.0 0.0 6897.686685444818 12797.715693421866 12528.669881943631 0.0 13334.228910754657 6041.419440292402 5059.882972992107 839.3066579327823 -1.0 12611.015974352827 4917.309528908381 -1.0 -1.0 1133.7451621608 21245.234575517534 24657.384696089044 20668.895408899218 27980.55968406574 44299.857926025965 41092.500721357865 22092.82053192177 22566.32091568928 5275.051652486444 2763.3284771972553 -1.0 -1.0 -1.0 43.550596080662885 105.87826587847583 15739.308985604916 1339.0192608230932 669.5087345381842 231.6838628366801 63.285826608006886 537.6634846864254 165.13740261287384 147.15874457348195 0.0 0.0 0.0 0.0 0.0 76.35162501889528 0.0 16.046355873303135 7834.519716849152 0.3591079599470494 54.06715645383685 186.8941209975677 89.6238748378868 174.1241500183863 362.8251595016376 55.91641073369627 405.5652716691706
2598.993937748668 1870.3349134153455 0.0 0.0 0.0 0.0 0.0 0.0 0.0 7980.198442359062 12616.111894669062 15815.323257058884 0.0 5071.966476608567 3523.4558142396277 4556.420317488517 0.0 5813.573903461065 0.0 3258.2260515527337 3579.569578617062 6319.108759695308 32750.079160082794 25147.208460975406 28854.991753220493 19689.79593547052 10529.55700221192 9892.038721662533 -1.0 -1.0 -1.0 -1.0 -1.0 -1.0 -1.0 2000.228628800536 8263.170642311045 3589.6175936037753 -1.0 0.0 -1.0 0.0 95.574373357685 0.0 -1.0 -1.0 0.0 155.97360682657748 2470.4618589947604 10409.676109831142 36231.65639627899 2812.101657961222 20916.54997985175 579.3765109339002 1176.5169708170572 42.179535540535774 1035.9875358203321 285.14671097565144 68.40110876977467 62.57364542872642 38.135517248353175 334.5482005156027 796.6669541830801 481.66021937917753 40.9176368810711 79.87819329844002 285.2326821730397 352.76950576706946 954.3328943590604 1853.6018999456492 19929.941888070247 317.7048143409902 104.51462349910169 83.29745693482114
9703.356117213349 2582.3864673498865 2636.381558466591 0.0 0.0 0.0 2266.8583738671796 2281.518520129203 0.0 13489.694657499722 0.0 9263.616079778749 0.0 3057.8917317737432 0.0 6686.585009799497 14878.4548552654 14131.383634053953 13298.19224899376 15445.332415169598 35105.138916933705 19967.56527666183 20888.847630998298 18058.499046513807 9341.410348392106 7975.647083280323 830.0186036403817 96.70256774982 -1.0 -1.0 -1.0 -1.0 -1.0 -1.0 -1.0 0.0 461.56577860381765 86.80196669926556 864.1404126367617 2178.5027777137266 0.0 3896.299350542974 10790.98583903203 0.0 410.75728307355655 134.35531539279668 837.3376017722773 750.895787893025 3454.973021685669 2627.2179306028606 1877.866819500063 77.08167890154662 533.6006294839909 1643.1405889203706 206.25605014669898 1761.4250282547532 0.0 308.3749754530818 13.873793845018502 91.40604052666635 71.16922032097725 0.0 2.3535041164461603 859.2905432147693 21445.289879929685 2272.194241293741 1118.25987336396 6590.518672316625 2732.566278668211 8970.681899164958 998.1274233264216 333.1029771729279 51.74759400892482 65.66549320739414
-1.0 0.0 7442.6281608840245 2513.581740633739 3303.7428662808056 4620.280351338508 2675.486111295895 10146.173497671025 0.0 5804.395231469052 -1.0 -1.0 7191.890345838096 0.0 27903.276681678253 10523.059065044039 20621.2357185808 26902.781110562915 21193.115459135362 7621.856360521448 21305.976937910593 6247.523523583357 10787.504371143097 18728.91949258212 10927.10743640671 5703.088515954766 -1.0 -1.0 -1.0 -1.0 -1.0 -1.0 -1.0 -1.0 88.43854754276913 851.4564806360435 0.0 0.0 6655.629171092348 3973.1048710661507 6787.096997603077 12296.401023073975 10803.750430889242 5641.411697492004 25.97244741887771 2332.684206310083 41.55819594039804 68.64273631392804 203.45090470200213 1083.9172585821445 319.8811843998944 954.8711498150933 4275.933556518385 216.78824056035805 119.4274284733836 6.641766160894512 769.0160096689182 655.4327200241878 111.53297503086833 818.7503340037289 199.12994707213457 378.38816626757796 4093.099061351656 28041.96254755155 1708.0506581186016 1107.8323587670964 3417.434748012008 3484.224461590354 2016.6515318881002 23409.306820357247 2892.6711535357917 1346.7481581457848 602.8648844750131 486.4503955713754
-1.0 0.0 5765.366673758148 11937.301864576519 6259.284305741326 0.0 6482.621042747035 13284.407991253156 -1.0 -1.0 -1.0 -1.0 0.0 2504.512769466189 0.0 51038.77396781329 59757.82058542085 53326.18945966383 12629.069631890417 28461.011632253798 55265.41217573655 35107.26078505619 14274.959135537076 1768.1913403696158 -1.0 -1.0 -1.0 -1.0 -1.0 -1.0 -1.0 -1.0 -1.0 0.0 228.84579864291206 470.4850861103072 0.0 236.74786604554865 51.81180681268856 264.42963743254387 14655.68801086504 18994.18355642945 10795.217721405908 13652.45335074337 4869.794142143211 2225.367525306992 25399.347702514293 0.0 6.747283723669174 664.7377757400357 12707.549651028598 16688.77157616775 0.0 1353.7730857373463 0.0 276.40308072376786 213.29565442645662 29438.66501397167 1827.3774921280874 691.160523874994 177.02979856939206 1725.2892531017706 1439.3711394103377 21703.656188614914 53208.329077402675 35785.983868671756 6041.756523135319 0.0 179.58411604903736 825.4973241521328 627.7715450430119 990.9248614449151 800.8648355858492 21069.60105840677
-1.0 -1.0 -1.0 -1.0 -1.0 -1.0 -1.0 -1.0 -1.0 3896.9725999534758 11543.230692225028 -1.0 -1.0 10258.635520101421 7285.9694561846045 0.0 0.0 0.0 22001.536113278715 4708.073285942512 4283.4880221053245 8262.982868279696 8640.080740425932 5903.926852241323 -1.0 -1.0 29988.002906835216 14090.133013857698 4795.693982503467 -1.0 -1.0 -1.0 -1.0 0.0 25.742923336701168 0.0 -1.0 -1.0 0.0 3774.4583600977503 3192.3871093618022 142.98269777561927 0.0 7063.332644899016 9292.977918204995 61177.847223285 86167.64749889288 44653.151192565085 9745.32545804772 35833.140582170956 15170.287869013267 8004.942424406389 8611.435612154233 192.2532736821062 101.38155019975294 5785.606029801566 0.0 713.6824496396246 3448.1658277673596 2313.0234311041363 4818.723598429559 11869.133762151525 11753.849192114862 63637.79684669659 44624.35654373991 39632.25950725368 28411.51895253983 10012.487876058523 11139.016819940503 52054.99854934585 51461.99979239674 37816.66447972472 16666.400734255392 4000.729373137369
-1.0 -1.0 -1.0 -1.0 -1.0 -1.0 -1.0 10214.345337158229 13516.201639133214 0.0 0.0 6402.185037390342 6598.322349384619 3975.1855942219627 63033.57895170401 17592.647069242557 0.0 0.0 6988.115090368916 0.0 0.0 3761.217623229773 5551.065495905613 18742.908024901226 7528.246518580181 -1.0 28451.835744505068 16428.722763031074 -1.0 -1.0 -1.0 -1.0 1055.7241654162422 55.118769597680576 0.0 0.0 0.0 -1.0 0.0 0.0 0.0 35.25234459607791 0.0 67.00370210158026 0.0 39004.085635459196 81329.47962177558 40149.36285161675 11606.389712231048 47490.862860679066 1262.898472423553 4167.984047169473 868.3764174072185 3783.0376739780636 440.0819105061138 1.658406753441382 269.17262204768315 910.6628032777032 33714.32556707654 36407.23972532312 46617.40176354485 21766.47772192358 51193.69611255087 38681.024099471906 67742.48180173643 87199.18857033858 21252.325461214547 24047.146481560445 35594.00642467063 47995.32709273987 20747.644410636112 33226.13433301041 36144.352339330275 37831.434763015706
