critload/trunk/output/2010/nle_nox_gw.asc
ncols 720
nrows 360
xllcorner -180
yllcorner -90
cellsize 0.5
NODATA_value -1.0
[rows 132 to 164 of 360, columns 296 to 369 of 720]
-1.0 -1.0 -1.0 -1.0 -1.0 -1.0 -1.0 -1.0 -1.0 -1.0 -1.0 -1.0 -1.0 -1.0 -1.0 -1.0 -1.0 -1.0 -1.0 -1.0 -1.0 -1.0 -1.0 -1.0 -1.0 -1.0 -1.0 -1.0 -1.0 -1.0 -1.0 -1.0 0.0 0.0 0.0 0.0 0.0 0.0 0.0 0.0 0.0 0.0 0.0 0.0 0.0 0.0 0.0 0.0 0.0 0.0 0.0 0.0 0.0 0.0 0.0 0.0 0.0 0.0 0.0 0.0 0.0 0.0 0.0 0.0 0.0 0.0 0.0 0.0 0.0 0.0 0.0 0.0 0.0 0.0
-1.0 -1.0 -1.0 -1.0 -1.0 -1.0 -1.0 -1.0 -1.0 -1.0 -1.0 -1.0 -1.0 -1.0 -1.0 -1.0 -1.0 -1.0 -1.0 -1.0 -1.0 -1.0 -1.0 -1.0 -1.0 -1.0 -1.0 -1.0 -1.0 -1.0 -1.0 0.0 0.0 0.0 0.0 0.0 0.0 0.0 0.0 0.0 0.0 0.0 0.0 0.0 0.0 0.0 0.0 0.0 0.0 0.0 0.0 0.0 0.0 0.0 0.0 0.0 0.0 0.0 0.0 0.0 0.0 0.0 0.0 0.0 0.0 0.0 0.0 0.0 0.0 0.0 0.0 0.0 0.0 0.0
-1.0 -1.0 -1.0 -1.0 -1.0 -1.0 -1.0 -1.0 -1.0 -1.0 -1.0 -1.0 -1.0 -1.0 -1.0 -1.0 -1.0 -1.0 -1.0 -1.0 -1.0 -1.0 -1.0 -1.0 -1.0 -1.0 -1.0 -1.0 -1.0 -1.0 -1.0 0.0 0.0 0.0 0.0 0.0 0.0 0.0 0.0 0.0 0.0 0.0 0.0 0.0 0.0 0.0 0.0 0.0 0.0 0.0 0.0 0.0 0.0 0.0 0.0 0.0 0.0 0.0 0.0 0.0 0.0 0.0 0.0 0.0 0.0 0.0 0.0 0.0 0.0 0.0 0.0 0.0 0.0 0.0
-1.0 -1.0 -1.0 -1.0 -1.0 -1.0 -1.0 -1.0 -1.0 -1.0 -1.0 -1.0 -1.0 -1.0 -1.0 -1.0 -1.0 -1.0 -1.0 -1.0 -1.0 -1.0 -1.0 -1.0 -1.0 -1.0 -1.0 -1.0 -1.0 -1.0 0.0 0.0 0.0 0.0 0.0 0.0 0.0 0.0 0.0 0.0 0.0 0.0 0.0 0.0 0.0 0.0 0.0 0.0 0.0 0.0 0.0 0.0 0.0 0.0 0.0 0.0 0.0 0.0 0.0 0.0 0.0 0.0 0.0 0.0 0.0 0.0 0.0 0.0 0.0 0.0 0.0 0.0 0.0 0.0
-1.0 -1.0 -1.0 -1.0 -1.0 -1.0 -1.0 -1.0 -1.0 -1.0 -1.0 -1.0 -1.0 -1.0 -1.0 -1.0 -1.0 -1.0 -1.0 -1.0 -1.0 -1.0 -1.0 -1.0 -1.0 -1.0 -1.0 -1.0 -1.0 -1.0 0.0 0.0 0.0 0.0 0.0 0.0 0.0 0.0 0.0 0.0 0.0 0.0 0.0 0.0 0.0 0.0 0.0 0.0 0.0 0.0 0.0 0.0 0.0 0.0 0.0 0.0 0.0 0.0 0.0 0.0 0.0 0.0 0.0 0.0 0.0 0.0 0.0 0.0 0.0 0.0 0.0 0.0 0.0 0.0
-1.0 -1.0 -1.0 -1.0 -1.0 -1.0 -1.0 -1.0 -1.0 -1.0 -1.0 -1.0 -1.0 -1.0 -1.0 -1.0 -1.0 -1.0 -1.0 -1.0 -1.0 -1.0 -1.0 -1.0 -1.0 -1.0 -1.0 -1.0 -1.0 0.0 0.0 0.0 0.0 0.0 0.0 0.0 0.0 0.0 0.0 0.0 0.0 0.0 0.0 0.0 0.0 0.0 0.0 0.0 0.0 0.0 0.0 0.0 0.0 0.0 0.0 0.0 0.0 0.0 0.0 0.0 0.0 0.0 0.0 0.0 0.0 0.0 0.0 0.0 0.0 0.0 0.0 0.0 0.0 0.0
-1.0 -1.0 -1.0 -1.0 -1.0 -1.0 -1.0 -1.0 -1.0 -1.0 -1.0 -1.0 -1.0 -1.0 -1.0 -1.0 -1.0 -1.0 -1.0 -1.0 -1.0 -1.0 -1.0 -1.0 -1.0 -1.0 -1.0 -1.0 -1.0 0.0 0.0 0.0 0.0 0.0 0.0 0.0 0.0 0.17691625846099907 0.0 0.0 0.014898122089308255 0.0 0.0 0.0 0.0 0.0 0.0 0.0 0.0 0.0 0.0 0.0 0.0 0.0 0.0 0.0 0.0 0.0 0.0 0.0 0.0 0.0 0.0 0.0 0.0 0.0 0.0 0.0 0.0 0.0 0.0 0.0 0.0 0.0
-1.0 -1.0 -1.0 -1.0 -1.0 -1.0 -1.0 -1.0 -1.0 -1.0 -1.0 -1.0 -1.0 -1.0 -1.0 -1.0 -1.0 -1.0 -1.0 -1.0 -1.0 -1.0 -1.0 -1.0 -1.0 -1.0 -1.0 -1.0 -1.0 -1.0 -1.0 0.0 0.0 0.0 0.0 0.0 0.0 0.0 0.0 0.0 0.0 0.0 0.0 0.0 0.0 0.0 0.0 0.0 0.0 0.0 0.0 0.0 0.0 0.0 0.0 0.0 0.0 0.0 0.0 0.0 0.0 0.0 0.0 0.0 0.0 0.0 0.0 0.0 0.0 0.0 0.0 0.0 0.0 0.0
-1.0 -1.0 -1.0 -1.0 -1.0 -1.0 -1.0 -1.0 -1.0 -1.0 -1.0 -1.0 -1.0 -1.0 -1.0 -1.0 -1.0 -1.0 -1.0 -1.0 -1.0 -1.0 -1.0 -1.0 -1.0 -1.0 -1.0 -1.0 -1.0 -1.0 -1.0 0.0 0.0 0.0 0.0 0.0 0.0 0.15893987084839128 0.0 0.0 0.0 0.0 0.0 0.0 0.0 0.0 0.0 0.0 0.0 0.0 0.0 0.0 0.0 0.0 0.0 0.0 0.0 0.0 0.0 0.0 0.0 0.0 0.0 0.0 0.0 0.0 0.0 0.0 0.0 0.0 0.0 0.0 0.0 0.0
-1.0 -1.0 -1.0 -1.0 -1.0 -1.0 -1.0 -1.0 -1.0 -1.0 -1.0 -1.0 -1.0 -1.0 -1.0 -1.0 -1.0 -1.0 -1.0 -1.0 -1.0 -1.0 -1.0 -1.0 -1.0 -1.0 -1.0 -1.0 -1.0 -1.0 -1.0 0.0 0.0 0.0 0.0 0.0 0.0 0.0 0.0 0.0 0.0 0.0 0.0 0.0 0.0 0.0 0.0 0.0 0.0 0.0 0.0 0.0 0.0 0.0 0.0 0.0 0.0 0.0 0.0 0.0 0.0 0.0 0.0 0.0 0.0 0.0 0.0 0.0 0.0 0.0 0.0 0.0 0.0 0.0
-1.0 -1.0 -1.0 -1.0 -1.0 -1.0 -1.0 -1.0 -1.0 -1.0 -1.0 -1.0 -1.0 -1.0 -1.0 -1.0 -1.0 -1.0 -1.0 -1.0 -1.0 -1.0 -1.0 -1.0 -1.0 -1.0 -1.0 -1.0 -1.0 -1.0 -1.0 0.0 0.0 0.0 0.0 0.0 0.0 0.0 0.0 0.0 0.0 0.0 0.0 0.0 0.0 0.0 0.0 0.0 0.0 0.0 0.0 0.0 0.0 0.0 0.0 0.0 0.0 0.0 0.0 0.0 0.0 0.0 0.0 0.0 0.0 0.0 0.0 0.0 0.0 0.0 0.0 0.0 0.0 0.0
-1.0 -1.0 -1.0 -1.0 -1.0 -1.0 -1.0 -1.0 -1.0 -1.0 -1.0 -1.0 -1.0 -1.0 -1.0 -1.0 -1.0 -1.0 -1.0 -1.0 -1.0 -1.0 -1.0 -1.0 -1.0 -1.0 -1.0 -1.0 -1.0 -1.0 -1.0 0.0 0.0 0.0 0.0 0.0 0.0 0.0 0.0 0.0 0.0 5.616981954301284e-06 0.0 0.0 0.0 0.0 0.0 0.0 0.0 0.0 0.0 0.0 0.0 0.0 0.0 0.0 0.0 0.0 0.0 0.0 0.0 0.0 0.0 0.0 0.0 0.0 0.0 0.0 0.0 0.0 0.0 0.0 0.0 0.0
-1.0 -1.0 -1.0 -1.0 -1.0 -1.0 -1.0 -1.0 -1.0 -1.0 -1.0 -1.0 -1.0 -1.0 -1.0 -1.0 -1.0 -1.0 -1.0 -1.0 -1.0 -1.0 -1.0 -1.0 -1.0 -1.0 -1.0 -1.0 -1.0 -1.0 -1.0 0.0 0.0 0.0 0.0 0.0 0.0 0.0 7.578024993478949 0.0 0.000666154511097846 0.0 0.0 0.0 0.0 0.0 0.0 0.0 0.0 0.0 0.0 0.0 0.0 0.0 0.0 0.0 0.0 0.0 0.0 0.0 0.0 0.0 0.0 0.0 0.0 0.0 0.0 0.0 0.0 0.0 0.0 0.0 0.0 0.0
-1.0 -1.0 -1.0 -1.0 -1.0 -1.0 -1.0 -1.0 -1.0 -1.0 -1.0 -1.0 -1.0 2.2640223565399813 -1.0 -1.0 -1.0 -1.0 -1.0 -1.0 -1.0 -1.0 -1.0 -1.0 -1.0 -1.0 -1.0 -1.0 -1.0 -1.0 -1.0 0.0 0.0 0.0 0.0 0.0 0.0 0.0 0.0 0.0 0.0 0.0 0.0 0.0 0.0 0.0 0.0 0.0 0.0 0.0 0.0 0.0 0.0 0.0 0.0 0.0 0.0 0.0 0.0 0.0 0.0 0.0 0.0 0.0 0.0 0.0 0.0 0.0 0.0 0.0 0.0 0.0 0.0 0.0
-1.0 -1.0 -1.0 -1.0 -1.0 -1.0 -1.0 -1.0 -1.0 -1.0 -1.0 -1.0 -1.0 101.53506285886249 0.17033829137392129 0.05394735144895111 -1.0 -1.0 0.0 -1.0 -1.0 -1.0 -1.0 -1.0 -1.0 -1.0 -1.0 -1.0 -1.0 -1.0 -1.0 27.067221574370972 0.0 101.32814711571773 52.37999237650657 7.18818668528432 0.0 0.0 0.0 0.0 0.07113631742362465 0.0 10.97979224159504 58.392505129208864 0.0 0.0 0.0 0.0 0.0 0.0 0.0 0.0 0.0 0.0 0.0 0.0 0.0 0.0 0.0 0.0 0.0 0.0 0.0 0.0 0.0 0.0 0.0 0.0 0.0 0.0 0.0 0.0 0.0 0.0
-1.0 -1.0 -1.0 -1.0 -1.0 -1.0 -1.0 -1.0 -1.0 -1.0 -1.0 -1.0 -1.0 -1.0 -1.0 -1.0 -1.0 -1.0 0.0004193069539776258 -1.0 -1.0 -1.0 -1.0 -1.0 -1.0 -1.0 -1.0 -1.0 -1.0 -1.0 -1.0 0.0 35.69635289145651 0.0 0.0 0.0033005876627251445 0.0 0.0 0.0 0.0 37.93316026698586 0.0 0.0 0.0005517559099798514 0.0 0.0 0.0 0.0 0.0 0.0 0.0 0.0 0.0 0.0 0.0 0.0 0.0 0.0 0.0 0.0 0.0 0.0 0.0 0.0 0.0 0.0 0.0 0.0 0.0 0.0 0.0 0.0 0.0 0.0
-1.0 -1.0 -1.0 -1.0 -1.0 -1.0 -1.0 -1.0 -1.0 -1.0 -1.0 -1.0 -1.0 -1.0 -1.0 -1.0 -1.0 -1.0 -1.0 -1.0 -1.0 -1.0 -1.0 -1.0 -1.0 -1.0 -1.0 -1.0 -1.0 -1.0 3.504015783096397 0.0 41.42849517796399 0.26308795070965474 0.0 0.0 0.0 0.0 0.0 0.0 0.0 0.0 0.0 0.0 0.0 0.0 0.000836804203524373 0.0 0.0 0.0 0.0 0.0 0.0 0.0 0.0 0.0 0.0 0.0 0.0 0.0 0.0 0.0 0.0 0.0 0.0 0.0 0.0 0.0 0.0 0.0 0.0 0.0 0.0 0.0
-1.0 -1.0 -1.0 -1.0 -1.0 -1.0 -1.0 -1.0 -1.0 -1.0 -1.0 -1.0 -1.0 -1.0 -1.0 0.0 77.10365646928275 0.02030113089680153 -1.0 -1.0 -1.0 -1.0 -1.0 -1.0 -1.0 -1.0 -1.0 -1.0 -1.0 0.0 0.0 0.0 0.0 0.0 0.0013234694200063878 0.0 0.05738724791533999 0.0 0.0 0.0 0.0 0.0 0.0 0.0 0.0 0.0 0.0 0.0 0.0 0.0 0.0 0.0 0.0 0.0 0.0 0.0 0.0 0.0 0.0 0.0 0.0 0.0 0.0 0.0 0.0 0.0 0.0 0.0 0.0 0.0 0.0 0.0 0.0 0.0
-1.0 -1.0 -1.0 -1.0 -1.0 -1.0 -1.0 -1.0 -1.0 -1.0 -1.0 -1.0 -1.0 -1.0 73.30169139542332 0.11419910327564885 1.6954797809875872 -1.0 -1.0 -1.0 -1.0 -1.0 -1.0 -1.0 -1.0 -1.0 -1.0 -1.0 -1.0 0.0 0.0 827.7436287548741 0.0 0.0 0.0 0.0 0.0 0.0 0.0 0.0 0.0 0.0 0.0 0.0 0.0 0.0 69.23189606704565 0.0 75.8387507239651 46.296325300681275 0.0 0.0 0.0 0.0 0.0 0.0 36.7790009667122 0.0 0.07711075561381965 0.0 0.0 0.0 0.0 0.0 0.0 0.0 0.0 1.0628615287271994 3.6528915066244423 0.0 0.0 0.0 0.0 0.0
-1.0 -1.0 -1.0 -1.0 -1.0 -1.0 -1.0 -1.0 -1.0 -1.0 -1.0 -1.0 -1.0 -1.0 -1.0 -1.0 -1.0 -1.0 -1.0 -1.0 -1.0 -1.0 -1.0 -1.0 -1.0 -1.0 -1.0 -1.0 -1.0 -1.0 0.0 117.9277665009171 1241.6661601602118 0.0 0.0 0.0 0.0 0.0 0.0 0.0 4.889974157216357 0.0 0.0 0.0 0.0 0.0 8.485237092250557 0.0 0.0 0.0 0.0 0.0 0.0 0.0 0.0 0.0 50.61107106159784 5.429154623226742 9.189523325566322e-06 0.0 0.0 0.0 0.0 0.0 0.0 0.0 0.0 0.0 0.0 0.0 0.0 0.0 1.0456253899956156 0.0
-1.0 -1.0 -1.0 -1.0 -1.0 -1.0 -1.0 -1.0 -1.0 -1.0 -1.0 -1.0 -1.0 -1.0 -1.0 -1.0 -1.0 -1.0 -1.0 -1.0 -1.0 -1.0 -1.0 -1.0 -1.0 -1.0 -1.0 -1.0 -1.0 -1.0 911.1081035739379 0.0 0.0 0.0 0.0 0.0 0.0 0.0 0.0 0.0 57.865475993719215 35.84010159388291 13.755604424935207 0.0 0.0 0.3661165050925919 3.901345968731376 0.0 0.0 0.0 0.0 0.0 0.0 0.0 0.0 0.0 411.05397966481945 114.39974984682397 4.240460043711523 0.0018424905889917493 7.412729575036812 0.0 0.7372560003862605 3.4635695897534324 0.0 0.0 6.064298197258412 1.2040962286605383 4.291511942464309 9.95773605678713 77.46782632012491 101.9641392189698 192.07345991229204 21.75042041513328
-1.0 -1.0 -1.0 -1.0 -1.0 -1.0 -1.0 -1.0 -1.0 -1.0 -1.0 -1.0 -1.0 -1.0 -1.0 -1.0 -1.0 -1.0 -1.0 -1.0 -1.0 -1.0 -1.0 -1.0 -1.0 -1.0 -1.0 -1.0 -1.0 -1.0 0.0 0.0 0.0 988.2404354044339 3455.28005060326 0.0 0.0 369.57353665159656 0.0 60.36774443481369 45.58445045421718 223.88872409982753 204.4937457556764 0.07780095465766869 1514.1951363568076 138.2821222658813 35.127721833497944 0.0 0.0 0.0 0.0 0.0 0.0 0.0 0.0 0.0 0.0 0.0 150.27794963527796 163.5588408451509 0.0 0.0 4.918680336297429 0.0 14.504523003153418 0.0 271.8185856820907 129.09242044741708 154.30339290675207 186.41118812042689 501.06999162865475 1475.147945830872 0.0 0.0
-1.0 -1.0 -1.0 -1.0 -1.0 -1.0 -1.0 -1.0 -1.0 -1.0 -1.0 -1.0 -1.0 -1.0 -1.0 -1.0 -1.0 -1.0 -1.0 -1.0 -1.0 -1.0 -1.0 -1.0 -1.0 -1.0 -1.0 -1.0 -1.0 -1.0 12281.108619950392 2517.8282392420965 0.0 7336.629626479485 8036.653335977261 6205.227986530523 0.0 292.1692971479376 6.09328808448563 262.2046011721339 106.92595266160902 0.0 0.0 136.57295689768927 4054.0243719962073 3180.8209111772753 2144.003475608366 3158.751830219611 198.8121592972374 0.0 0.0 0.0 0.0 0.0 0.0 0.0 0.0 0.0 182.55699404063856 0.0 86.70377201009835 0.0 274.5104284173888 328.76684217851624 0.0 1048.4897905939938 0.0 0.0 3407.5138836838296 2417.2456090431656 3029.264720792112 5823.792192643788 0.0 0.0
-1.0 -1.0 -1.0 -1.0 -1.0 -1.0 -1.0 -1.0 -1.0 -1.0 -1.0 -1.0 -1.0 -1.0 -1.0 -1.0 -1.0 -1.0 -1.0 -1.0 -1.0 -1.0 -1.0 -1.0 -1.0 -1.0 -1.0 -1.0 -1.0 -1.0 15799.505816984321 6590.29238943728 10674.398440772296 3196.393169923678 24364.706230025862 19787.344165827355 41502.14333727079 -970.2226587372594 -2600.0180227520177 -1760.5239988181822 35834.91206314819 21.043443987768747 0.0 900.2950068933865 567.0533922116136 -1798.4970259113911 2357.42887668397 7193.626643890567 0.0 4705.401007215572 0.0 0.0 168.34079034844297 0.0 0.0 0.0 0.0 0.0 0.0 0.0 0.0 0.0 0.0 0.0 3658.85001711799 811.8721705618135 70.21691594812296 0.0 5492.793168046773 0.0 0.0 0.0 0.0 0.0
-1.0 -1.0 -1.0 -1.0 -1.0 -1.0 -1.0 -1.0 -1.0 -1.0 -1.0 -1.0 -1.0 -1.0 -1.0 -1.0 -1.0 -1.0 -1.0 -1.0 -1.0 -1.0 -1.0 -1.0 -1.0 -1.0 -1.0 -1.0 -1.0 -1.0 -1.0 6839.191165367874 17266.87828735191 17101.3488084076 19183.56123674732 -429.789688463117 -3044.108597049182 -1422.317601342214 -1316.6632916673493 41624.161031394025 37683.21261937159 -467.4107689776389 -2705.4553953485665 -1066.1913019426202 -2828.466619041897 -4162.149793355956 7873.875728041616 0.0 0.0 10067.625168249651 0.0 0.0 0.0 0.0 0.0 0.0 0.0 0.0 0.0 0.0 0.0 0.0 0.0 0.0 0.0 11.080084159709742 0.0 0.0 104.9179323217915 0.0 408.3621577863622 0.0 72.82421736641346 0.0
-1.0 -1.0 -1.0 -1.0 -1.0 -1.0 -1.0 -1.0 -1.0 -1.0 -1.0 -1.0 -1.0 -1.0 -1.0 -1.0 -1.0 -1.0 -1.0 -1.0 -1.0 -1.0 -1.0 -1.0 -1.0 -1.0 -1.0 -1.0 -1.0 -1.0 -1.0 3881.62241628049 -506.31056563537254 17217.772315220653 53860.57418895236 42168.87578517605 -22897.330315985117 -20239.106254904003 -7879.799470724717 -5388.648999799086 -111.10213639915791 39051.53595981397 46566.68866611768 -304.4373879516384 -433.8674084865807 -2984.1145410439526 56187.68659935529 9414.406214292094 4335.152730625625 0.0 0.0 0.0 50.71595658567975 0.0 0.0 0.0 0.0 0.0 0.0 0.0 0.0 0.0 0.0 0.0 0.0 0.0 0.0 -322.7729186615956 11800.388136927166 5927.128257683849 0.0 0.0 354.14939784534795 324.4755970919557
-1.0 -1.0 -1.0 -1.0 -1.0 -1.0 -1.0 -1.0 -1.0 -1.0 -1.0 -1.0 -1.0 -1.0 -1.0 -1.0 -1.0 -1.0 -1.0 -1.0 -1.0 -1.0 -1.0 -1.0 -1.0 -1.0 -1.0 -1.0 -1.0 -1.0 -1.0 -1.0 -1.0 2533.2160026348447 10991.096119046004 52033.604486480544 67532.1131445847 66326.40057685623 58299.85022441638 52882.67280412963 -1099.687061461027 54271.448740241154 69245.25563738012 -364.11058638857236 150.22840283848103 1551.355640502806 -707.1605321469324 31505.514825557388 6276.2636234106185 30685.862371818068 47061.687177924134 26710.864558067096 0.0 11048.734756976723 0.0 0.0 0.0 468.18645463915925 0.0 0.0 0.0 12986.372054800462 17118.20239494333 3596.6506955949626 0.0 0.0 -1829.6899149699216 -1191.590619155925 -521.4912771189829 42765.41265192903 152.11482351696944 12316.403822617805 2226.5835245285316 62619.80672234716
-1.0 -1.0 -1.0 -1.0 -1.0 -1.0 -1.0 -1.0 -1.0 -1.0 -1.0 -1.0 -1.0 -1.0 -1.0 -1.0 -1.0 -1.0 -1.0 -1.0 -1.0 -1.0 -1.0 -1.0 -1.0 -1.0 -1.0 -1.0 -1.0 -1.0 -1.0 -1.0 -1.0 -1.0 1039.0330443391829 -4932.702283052703 58824.476792762216 57029.51931328674 55093.60531808363 53707.93345674553 57994.34882898352 58546.14451599323 -101.33526597571353 -8.713669505026207 57397.26695192301 7.972727660443835 49010.31895533128 -158.73250071672123 549.2355449552966 851.9378943003862 74617.85249451923 65829.87987334188 88537.73367430532 73568.90268514372 29090.925970214208 604.6172729916777 189.52142231581624 121.01006757853665 25473.688811081094 1919.3274517209898 0.0 0.0 0.0 0.0 0.0 99263.55604534195 -7984.7028746975075 -1697.7751790669247 -421.9916290500787 -926.1467535353725 -342.74898766187243 22519.390399261716 6832.504786960659 0.0
-1.0 -1.0 -1.0 -1.0 -1.0 -1.0 -1.0 -1.0 -1.0 -1.0 -1.0 -1.0 -1.0 -1.0 -1.0 -1.0 -1.0 -1.0 -1.0 -1.0 -1.0 -1.0 -1.0 -1.0 -1.0 -1.0 -1.0 -1.0 -1.0 -1.0 -1.0 -1.0 -1.0 -1.0 -1.0 -1.0 12458.65240110031 56312.76188883061 -8044.18655328113 -2552.999916705497 -880.1380811589638 -582.4201070309107 58306.559110275906 289.6716640475282 341.9980746625835 33.48251481037139 -9.247709481312308 245.61765800071993 912.5742819019734 147.85797188154714 82593.3831045779 85752.12460840575 88784.82187301911 3517.493317179517 52.18874604715557 13.007068156654286 0.001388223529396439 0.0 0.0 15297.675106300303 0.0 0.0 0.0 0.0 0.0 127151.65681606537 139040.94902479724 59130.04321862519 618.5181899948691 1728.6164312758342 2253.5253601665013 3067.1877530751617 3757.9368120983977 41527.608270773286
-1.0 -1.0 -1.0 -1.0 -1.0 -1.0 -1.0 -1.0 -1.0 -1.0 -1.0 -1.0 -1.0 -1.0 -1.0 -1.0 -1.0 -1.0 -1.0 -1.0 -1.0 -1.0 -1.0 -1.0 -1.0 -1.0 -1.0 -1.0 -1.0 -1.0 -1.0 -1.0 -1.0 -1.0 -1.0 -1.0 -1.0 84756.54124528516 34000.60951459205 -8343.13442365358 -4672.2170936867615 -8064.88853213144 -325.5270794421111 76156.68606168577 -375.01533997730934 473.0180764194024 -135.5244600261013 -101.08802390290661 258.8174093671193 537.040854815826 794.0405030393872 63383.93379360098 107949.51720474761 4047.989145074349 59896.384967403734 0.0 0.0 23.913349237533733 0.0 -2074.3114883688945 -1615.9353286799885 0.0 11766.016806115886 1071.7367896158873 39868.79431909822 114457.3356038495 116000.05203373087 411.68735575830834 1084.8631023345224 2184.536519618028 60369.13583001867 71087.481912002 78766.78288850651 89412.22944455316
-1.0 -1.0 -1.0 -1.0 -1.0 -1.0 -1.0 -1.0 -1.0 -1.0 -1.0 -1.0 -1.0 -1.0 -1.0 -1.0 -1.0 -1.0 -1.0 -1.0 -1.0 -1.0 -1.0 -1.0 -1.0 -1.0 -1.0 -1.0 -1.0 -1.0 -1.0 -1.0 -1.0 -1.0 -1.0 -1.0 -1.0 29468.297353856808 39276.35474647457 -7650.124742655763 30159.284318688402 46783.17038547612 57333.5851804266 119312.68776343018 109778.49246295818 85453.12208914678 2.7123663112363245 -100.29243997347386 1153.853484322224 2912.9586664347125 1909.8891855059867 4868.253061768832 1246.3157095775696 79588.56934485618 1028.0149206033896 202.78625517215954 148.81465421384135 485.22305552520635 33.32808538317285 -4450.045469816772 0.0 31211.719547081895 34730.07157950005 19159.033322609157 36233.44399370043 38037.80638164987 174315.54071268142 1909.4045646489103 1059.2826446706922 1620.2325531589604 87987.08610193714 88722.91547370197 113472.12291684942 107409.00669088552
-1.0 -1.0 -1.0 -1.0 -1.0 -1.0 -1.0 -1.0 -1.0 -1.0 -1.0 -1.0 -1.0 -1.0 -1.0 -1.0 -1.0 -1.0 -1.0 -1.0 -1.0 -1.0 -1.0 -1.0 -1.0 -1.0 -1.0 -1.0 -1.0 -1.0 -1.0 -1.0 -1.0 -1.0 -1.0 -1.0 -1.0 3611.565984388344 46150.08940737082 38124.328654282275 39834.02022210807 -11109.392512098746 51688.5873107208 -12622.941520660412 -2421.3569508773467 94943.99002914346 114339.33269651234 108081.79727465851 80721.95761991113 7368.86914025587 2030.7815315306436 2634.5502013898936 82476.81584573821 83542.83856907071 1889.462234307738 3234.88762646074 2123.1665877860482 3214.2205237222533 6146.811067865419 -12626.29052742622 69588.59352555522 48818.99651694509 36924.362263768766 31522.39356836698 37679.5420022404 16382.733976501448 115921.42401464669 1381.4116925056344 5208.751953436126 10281.22685799059 91151.0818880915 86565.51072642184 113180.20304083079 29483.804674958
-1.0 -1.0 -1.0 -1.0 -1.0 -1.0 -1.0 -1.0 -1.0 -1.0 -1.0 -1.0 -1.0 -1.0 -1.0 -1.0 -1.0 -1.0 -1.0 -1.0 -1.0 -1.0 -1.0 -1.0 -1.0 -1.0 -1.0 -1.0 -1.0 -1.0 -1.0 -1.0 -1.0 -1.0 -1.0 -1.0 -1.0 -1.0 31558.35728722014 38908.04825929097 55070.74546737458 52671.416314864386 -2680.4843397415166 -18.019289782686652 -477.1786623817289 -83.08533492346092 140620.45722592613 -4025.0522178735173 5246.2743791790235 6667.041928042519 107258.6384445923 102022.59793885192 99867.97785978662 7373.853248531573 84458.34529176028 74407.89687613114 88374.08259853008 95484.59049687475 61876.017642539875 53630.65148856172 68616.15276858168 63803.58297045052 53549.216416540214 -8430.170928702499 -21967.853306126566 84453.19474699264 192268.6797591812 87238.76150457459 104948.30781137012 79553.38787574728 113024.76879263492 123448.69330454152 133006.2029620148 132809.90697924147
