critload/trunk/output/2010/nle_nox_gw.asc
ncols 720
nrows 360
xllcorner -180
yllcorner -90
cellsize 0.5
NODATA_value -1.0
[rows 66 to 98 of 360, columns 74 to 147 of 720]
-1.0 -1.0 -1.0 -1.0 -1.0 -1.0 -1.0 -1.0 -1.0 -1.0 -1.0 -1.0 -1.0 -1.0 -1.0 0.0 0.0 0.0 0.0 0.0 0.0 0.0 0.0 0.0 0.0 0.0 0.0 0.0 0.0 0.0 0.0 0.0 0.0 0.0 0.0 0.0 0.0 0.0 0.0 0.0 0.0 0.0 0.0 912.9227516639904 1515.867766785126 0.0 0.0 1495.7904598181906 1057.5107110762226 0.0 1505.3702075253223 1148.7855728752525 0.0 0.0 0.0 0.0 0.0 0.0 0.0 0.0 0.0 0.0 0.0 0.0 0.0 0.0 407.58189780654635 1391.986125719852 172.51069192721732 0.0 11.673558685085307 0.0 0.0 793.3247624373677
-1.0 -1.0 -1.0 -1.0 -1.0 -1.0 -1.0 -1.0 -1.0 -1.0 -1.0 -1.0 -1.0 -1.0 -1.0 -1.0 0.0 0.0 0.0 0.0 0.0 0.0 0.0 0.0 0.0 0.0 0.0 0.0 0.0 0.0 0.0 0.0 0.0 0.0 0.0 0.0 0.0 0.0 0.0 0.0 0.0 0.0 790.0856808183775 787.2802842334496 0.0 0.0 0.0 0.0 0.0 1523.2768773833952 0.0 0.0 2246.819515536233 0.0 800.7248666568861 0.0 0.0 0.0 0.0 0.0 0.0 0.0 0.0 0.0 0.0 0.0 568.5561491156762 809.1620915177629 23.722187921798188 1.6610967686972111 78.09457729798942 1262.9819434505948 0.0 0.0
-1.0 -1.0 -1.0 -1.0 -1.0 -1.0 -1.0 -1.0 -1.0 -1.0 -1.0 -1.0 -1.0 -1.0 -1.0 -1.0 -1.0 -1.0 0.0 0.0 0.0 0.0 0.0 0.0 0.0 0.0 0.0 0.0 0.0 0.0 0.0 0.0 0.0 0.0 0.0 0.0 0.0 0.0 0.0 0.0 0.0 0.0 0.0 380.4573250070269 1559.753110215779 0.0 2843.471366039439 3025.2773218496022 0.0 0.0 0.0 0.0 2081.758664521664 2094.96329503898 1680.4768227417007 569.6234321495167 582.2850730705206 0.0 186.2921069571024 0.0 0.0 0.0 0.0 0.0 0.0 0.0 0.0 0.0 7.368741197881314 9.020653793494247 24.753219779923207 0.0 0.0 30.12486317669064
-1.0 -1.0 -1.0 -1.0 -1.0 -1.0 -1.0 -1.0 -1.0 -1.0 -1.0 -1.0 -1.0 -1.0 -1.0 -1.0 -1.0 -1.0 -1.0 0.0 0.0 0.0 0.0 0.0 0.0 0.0 520.0475290799917 301.06562915178245 312.5351435760813 0.0 0.0 0.0 0.0 0.0 0.0 0.0 0.0 0.0 0.0 257.58309582024407 0.0 0.0 0.0 0.0 0.0 0.0 1317.3560040691355 0.0 0.0 0.0 787.5191790200176 0.0 0.0 2942.0467284660044 2661.6151813373504 3541.6273875976685 3343.2775881431958 1991.365678831852 3886.2453962713175 1485.2772715013293 1250.8303177355738 3375.263200469264 1574.8829843515887 589.4253460882888 0.0 0.0 0.0 0.0 780.6114253158454 0.0 52.07945034833551 13.418952550117455 12.364613982885393 36.046494426721374
-1.0 -1.0 -1.0 -1.0 -1.0 -1.0 -1.0 -1.0 -1.0 -1.0 -1.0 -1.0 -1.0 -1.0 -1.0 -1.0 -1.0 -1.0 -1.0 0.0 0.0 0.0 -1.0 0.0 0.0 549.6040060779147 212.00119522495726 0.0 477.7075622734666 0.0 0.0 562.8426607797575 0.0 6.845932884474852 0.0 0.0 0.0 0.0 0.0 0.0 0.0 0.0 0.0 0.0 0.0 0.0 0.0 920.4458327867279 1718.922986961023 0.0 623.3318788840213 3022.2318085741854 1492.3952358725446 689.5375457125283 1408.877618692747 0.0 3719.634470949524 6985.881031103766 8366.445507581571 0.0 6801.139919829073 7866.335148763253 11253.76054341622 4262.785118675299 7413.7649808299775 3888.8426406782096 31.950730649152923 23.192749045929034 0.0 0.0 0.0 4.792483498594015 0.5658331610512554 0.0
-1.0 -1.0 -1.0 -1.0 -1.0 -1.0 -1.0 -1.0 -1.0 -1.0 -1.0 -1.0 -1.0 -1.0 -1.0 -1.0 -1.0 -1.0 -1.0 31.852855992922105 768.3830457982898 0.0 0.0 -1.0 0.0 859.5269373951814 613.3437388417078 0.0 657.910536016902 0.0 0.0 0.0 0.0 0.0 0.0 0.0 0.0 1224.8820189696555 773.800936030676 0.0 1793.1816550803649 877.1138596165599 0.0 0.0 0.0 0.0 0.0 0.0 0.0 0.0 0.0 0.0 1637.4151963635845 547.0235009548828 4687.036409424277 2420.2944828143623 0.0 0.0 0.0 0.0 0.0 0.0 0.0 0.0 0.0 0.0 18507.99329021352 20132.32175730528 16428.877563649836 15818.828412915023 2157.754242224204 0.0 0.0 0.0
-1.0 -1.0 -1.0 -1.0 -1.0 -1.0 -1.0 -1.0 -1.0 -1.0 -1.0 -1.0 -1.0 -1.0 -1.0 -1.0 -1.0 -1.0 -1.0 564.2815752962258 1367.8219876140377 1474.5024279958334 121.95705119906088 -1.0 0.0 244.80026577598017 1164.1520631986627 810.9503634885834 247.03251379193037 0.0 0.0 0.0 0.0 0.0 0.0 0.0 0.0 473.1773649102103 403.17788048802714 0.0 2811.9246777411727 0.0 0.0 0.0 0.0 0.0 0.0 0.0 0.0 0.0 0.0 0.0 2426.836360222565 5648.118457943757 9005.916901027676 0.0 0.0 0.0 2007.438819994927 0.0 6158.163775055748 4392.765868955234 17399.21247057244 17692.807477700237 17714.173714333825 19278.643137806124 31995.1000359066 33689.32392166017 33293.49925093341 6559.6527592541615 21956.631358722985 25616.170724354368 27773.20594901354 11195.39160258526
-1.0 -1.0 -1.0 -1.0 -1.0 -1.0 -1.0 -1.0 -1.0 -1.0 -1.0 -1.0 -1.0 -1.0 -1.0 -1.0 -1.0 -1.0 -1.0 -1.0 128.2620478760716 181.01138885021248 150.03137559080972 -1.0 -1.0 0.0 0.0 12.31318306915819 929.1622801582472 158.30449571315705 0.0 0.0 0.0 0.0 0.0 0.0 0.0 0.0 0.0 0.0 1115.9397813943106 1030.2124263950145 0.0 0.0 0.0 0.0 0.0 0.0 0.0 0.0 1373.7581308206552 0.0 0.0 0.0 1059.7906351874492 8534.9422731456 0.0 0.0 0.0 857.9512290376841 0.0 0.0 0.0 20843.223385693764 17381.36950801867 19799.7043573238 27912.07892650228 26941.531239669035 29505.927953987168 38905.01088787018 39707.05680727098 18297.87847775479 22653.26091146348 35922.921153458265
-1.0 -1.0 -1.0 -1.0 -1.0 -1.0 -1.0 -1.0 -1.0 -1.0 -1.0 -1.0 -1.0 -1.0 -1.0 -1.0 -1.0 -1.0 -1.0 -1.0 -1.0 0.0 84.50538570731126 0.0 -1.0 -1.0 -1.0 0.0 166.46339894455315 209.54707997973287 0.0 0.0 0.0 0.0 0.0 0.0 0.0 0.0 0.0 0.0 1086.5970040250327 2425.2194471044036 0.0 0.0 0.0 0.0 0.0 0.0 0.0 0.0 0.0 0.0 0.0 0.0 886.5723943960373 2253.283264316599 11330.100063883185 0.0 907.5506801467786 1479.275611043989 20641.882526088702 0.0 10663.20942776962 7267.906785434779 5916.236238914303 21646.509344531496 40103.833771399 29785.703339533924 40060.11989751695 47333.88718175651 38178.94446719566 28031.720005940762 45370.94216546346 61194.47577476478
-1.0 -1.0 -1.0 -1.0 -1.0 -1.0 -1.0 -1.0 -1.0 -1.0 -1.0 -1.0 -1.0 -1.0 -1.0 -1.0 -1.0 -1.0 -1.0 -1.0 -1.0 -1.0 0.0 0.0 -1.0 -1.0 -1.0 -1.0 0.0 0.0 0.0 0.0 0.0 0.0 0.0 555.0286217072587 0.0 0.0 285.60955530557635 0.0 0.0 105.86461840879768 522.4835797199028 0.0 0.0 0.0 0.0 0.0 0.0 0.0 0.0 0.0 0.0 0.0 0.0 3708.0281580290925 0.0 0.0 0.0 4487.056333412133 15729.384758911267 10158.36569921826 13722.566386902632 17665.373925220698 17859.076964951662 12110.949712449477 21795.135479972872 19138.9599833303 27927.77749109671 31192.767747494705 31271.854480126593 38319.54876981858 24565.079403320437 13064.601437181258
-1.0 -1.0 -1.0 -1.0 -1.0 -1.0 -1.0 -1.0 -1.0 -1.0 -1.0 -1.0 -1.0 -1.0 -1.0 -1.0 -1.0 -1.0 -1.0 -1.0 -1.0 -1.0 -1.0 -1.0 -1.0 -1.0 -1.0 -1.0 -1.0 0.0 0.0 0.0 0.0 0.0 0.0 0.0 0.0 0.0 0.0 0.0 0.0 2181.843547692049 0.0 51.58081565797539 0.0 0.0 0.0 0.0 0.0 0.0 0.0 0.0 0.0 0.0 0.0 0.0 18097.639488560002 0.0 9827.636182641862 9732.60429271358 28463.388595889908 29734.52749483871 0.0 0.0 0.0 0.0 0.0 17687.649081685795 32493.483312671546 32927.8355820258 40637.28658038098 36593.4782791782 81993.91434624177 19258.501134491013
-1.0 -1.0 -1.0 -1.0 -1.0 -1.0 -1.0 -1.0 -1.0 -1.0 -1.0 -1.0 -1.0 -1.0 -1.0 -1.0 -1.0 -1.0 -1.0 -1.0 -1.0 -1.0 -1.0 -1.0 -1.0 -1.0 -1.0 -1.0 -1.0 -1.0 0.0 0.0 0.0 0.0 0.0 0.0 0.0 0.0 0.0 0.0 0.0 216.558138586131 331.5623616990868 0.0 0.0 0.0 0.0 0.0 0.0 0.0 0.0 0.0 0.0 0.0 0.0 0.0 13620.98507836269 10037.164686723425 5972.591926924025 11477.741719593596 24407.209589786034 21601.643881962962 0.0 0.0 0.0 0.0 0.0 21671.431500564682 29885.499572196957 0.0 44577.440665358394 42415.56864599442 41821.54393949069 34300.82566904774
-1.0 -1.0 -1.0 -1.0 -1.0 -1.0 -1.0 -1.0 -1.0 -1.0 -1.0 -1.0 -1.0 -1.0 -1.0 -1.0 -1.0 -1.0 -1.0 -1.0 -1.0 -1.0 -1.0 -1.0 -1.0 -1.0 -1.0 -1.0 -1.0 0.0 0.0 0.0 0.0 0.0 1478.1558115730925 0.0 0.0 0.0 0.0 0.0 0.0 0.0 0.0 422.1541988125432 240.50858147619894 3483.2538166562513 1189.8943944799023 4732.108925045674 112.40392463553934 0.0 0.0 0.0 0.0 0.0 0.0 0.0 2036.0880928178444 8902.882252366837 11359.845486543993 10809.529479067663 30092.72938120849 11434.9326334167 14855.801044741349 0.0 0.0 0.0 0.0 0.0 29950.721109348782 30371.767705153412 40519.92622999324 41238.11236543339 46415.07524331752 49853.000164603305
-1.0 -1.0 -1.0 -1.0 -1.0 -1.0 -1.0 -1.0 -1.0 -1.0 -1.0 -1.0 -1.0 -1.0 -1.0 -1.0 -1.0 -1.0 -1.0 -1.0 -1.0 -1.0 -1.0 -1.0 -1.0 -1.0 -1.0 -1.0 -1.0 -1.0 0.0 0.0 0.0 0.0 0.0 172.20201027103215 0.0 423.8855839132836 0.0 0.0 0.0 0.0 0.0 229.93766319052014 1233.9406899404219 2930.8192104688574 0.0 6679.386234689722 2358.768164894559 0.0 0.0 0.0 0.0 0.0 0.0 0.0 0.0 9961.793081767357 19376.584925547788 19118.823717374096 33242.68805447276 29060.422874169915 36417.51907334975 0.0 0.0 0.0 0.0 0.0 27620.94596282881 30621.924474492393 38036.65056886485 42298.59638399447 52422.109947165125 51971.63523555264
-1.0 -1.0 -1.0 -1.0 -1.0 -1.0 -1.0 -1.0 -1.0 -1.0 -1.0 -1.0 -1.0 -1.0 -1.0 -1.0 -1.0 -1.0 -1.0 -1.0 -1.0 -1.0 -1.0 -1.0 -1.0 -1.0 -1.0 -1.0 -1.0 -1.0 -1.0 0.0 0.0 0.0 0.0 1506.643239066798 2567.748215405983 0.0 0.0 326.7209161123429 0.0 0.0 0.0 0.0 0.0 0.0 1495.2455992108476 4080.6433264029065 0.0 0.0 0.0 0.0 0.0 0.0 429.9559451626212 0.0 0.0 6823.186513284825 13612.090840118197 24768.235261201196 27940.86988443302 30810.375236702366 15562.405600876764 40400.30604176681 0.0 0.0 0.0 0.0 36537.7875638254 58242.139200521124 49034.07080597433 50443.29400224548 53691.62831777613 56019.502385576285
-1.0 -1.0 -1.0 -1.0 -1.0 -1.0 -1.0 -1.0 -1.0 -1.0 -1.0 -1.0 -1.0 -1.0 -1.0 -1.0 -1.0 -1.0 -1.0 -1.0 -1.0 -1.0 -1.0 -1.0 -1.0 -1.0 -1.0 -1.0 -1.0 -1.0 -1.0 -1.0 -1.0 0.0 22.649628017927753 0.0 985.2735579597241 2621.789789454459 0.0 1869.9739098741109 11147.731284779267 21317.493852245825 7664.885475171093 0.0 0.0 0.0 1929.1896385647983 505.53221532351944 892.1012685713063 1407.347424648856 850.7403068588407 0.0 4326.081366434966 1633.8852539947236 13.253623021023573 364.0662102574994 0.0 6104.260263015213 21091.917975089546 17628.21169327675 15110.50528344807 30416.836591226926 26159.43679866675 16843.26044242058 0.0 0.0 0.0 0.0 0.0 31206.455156885146 25308.410139577907 36336.76046658005 52167.73951045591 54472.75454784479
-1.0 -1.0 -1.0 -1.0 -1.0 -1.0 -1.0 -1.0 -1.0 -1.0 -1.0 -1.0 -1.0 -1.0 -1.0 -1.0 -1.0 -1.0 -1.0 -1.0 -1.0 -1.0 -1.0 -1.0 -1.0 -1.0 -1.0 -1.0 -1.0 -1.0 -1.0 -1.0 -1.0 -1.0 -1.0 0.0 0.0 0.0 6809.337122462691 6997.587299193216 5337.204595915393 2197.7074915172384 0.0 21.122909360738095 0.0 20.77367131155211 63.699122000707234 291.4200763117306 2.0835449860251294 40.145746677968404 143.79923940209736 0.0 0.0 66.28989769248344 0.02984672133085259 1515.6381272738702 0.0 0.0 465.7781119767848 5180.280824816516 33751.14188951748 25205.363201087413 53285.78773984674 19997.65777245832 40704.67104001698 45471.323129212884 70288.49271155304 82698.91976743456 92926.57752014461 91893.28562544272 86407.67892698693 80511.79710426762 87469.08490206445 54683.73662399745
-1.0 -1.0 -1.0 -1.0 -1.0 -1.0 -1.0 -1.0 -1.0 -1.0 -1.0 -1.0 -1.0 -1.0 -1.0 -1.0 -1.0 -1.0 -1.0 -1.0 -1.0 -1.0 -1.0 -1.0 -1.0 -1.0 -1.0 -1.0 -1.0 -1.0 -1.0 -1.0 -1.0 -1.0 -1.0 -1.0 0.0 1745.056572908022 0.0 1590.9942835944084 3409.3298354887133 5082.75825418077 0.0 0.0 0.0 108.98549448533433 0.0 0.0 1.7801608506499098 39.73629139209017 586.1873031257277 412.5990515064056 5.729997718799321 38.93111902115849 0.6452151876563506 51.9584726993262 169.06136803019422 19867.343093685602 0.0 0.0 10925.0275639717 37771.96496863292 58768.32825534289 0.0 18519.284032999818 12611.366143858297 79264.48119035456 59834.50116528233 90329.26431562728 86239.71382225174 94927.97220882935 54426.78461010184 108052.85064214544 101177.27049589697
-1.0 -1.0 -1.0 -1.0 -1.0 -1.0 -1.0 -1.0 -1.0 -1.0 -1.0 -1.0 -1.0 -1.0 -1.0 -1.0 -1.0 -1.0 -1.0 -1.0 -1.0 -1.0 -1.0 -1.0 -1.0 -1.0 -1.0 -1.0 -1.0 -1.0 -1.0 -1.0 -1.0 -1.0 -1.0 -1.0 0.0 0.0 0.0 0.0 112.62074080433169 6827.557155470149 346.3678942186165 0.0 152.3071572473045 0.0 0.0 5053.639770482262 0.0 0.0 0.0 4817.000680493691 403.06022325346595 0.0 81.7451807619411 0.0 8011.691875134623 18206.761064074537 0.0 0.0 50.23068271703218 24827.96158333444 47758.860937033474 0.0 35618.21101585047 35507.010435625096 47480.86101067424 54553.09581539551 35026.018047252284 58380.48595833474 39207.69576699542 25434.74555762434 19338.0106436538 45433.960288282826
-1.0 -1.0 -1.0 -1.0 -1.0 -1.0 -1.0 -1.0 -1.0 -1.0 -1.0 -1.0 -1.0 -1.0 -1.0 -1.0 -1.0 -1.0 -1.0 -1.0 -1.0 -1.0 -1.0 -1.0 -1.0 -1.0 -1.0 -1.0 -1.0 -1.0 -1.0 -1.0 -1.0 -1.0 -1.0 -1.0 -1.0 16.347738129796973 10.33974462655653 131.01603153700412 632.461913292417 10905.415389963222 0.2660903785676325 0.0 1253.4999833190295 530.8478533333125 5392.97675142133 5192.812939610206 0.0 0.0 0.0 7744.835254175702 802.7796305190886 0.0 0.0 0.0 3308.146658948926 17980.605907090154 81.1992575161409 1248.456165095025 2573.8768205012266 38038.456925482395 34295.443924264706 29488.985712254595 20864.6342806004 43636.53560721121 14265.125966127973 56230.38897109865 72215.00329682784 65685.47741894226 52699.19341484366 82488.0434788549 74282.12314741008 74178.27797332013
-1.0 -1.0 -1.0 -1.0 -1.0 -1.0 -1.0 -1.0 -1.0 -1.0 -1.0 -1.0 -1.0 -1.0 -1.0 -1.0 -1.0 -1.0 -1.0 -1.0 -1.0 -1.0 -1.0 -1.0 -1.0 -1.0 -1.0 -1.0 -1.0 -1.0 -1.0 -1.0 -1.0 -1.0 -1.0 -1.0 -1.0 1142.9521161083248 375.20635650582415 1846.1165987264928 5537.007646238784 337.80057771036286 0.0 0.0 4598.030191461698 1433.8329868483747 1394.8688510460513 2268.1993937436473 8456.541559979436 5822.0728177375395 2964.1229259924844 6833.8418110249095 0.0 272.5271683853559 0.0 0.0 0.0 12423.820323714315 2347.611081678959 12786.553196164246 5661.745773185753 3216.14372497949 41098.47810987221 10902.700414296003 9150.290521397088 12494.252386195236 34850.828139061996 5732.084646351973 52423.28583438675 61881.00997395319 53353.382845468535 33523.30349696961 12215.76032054335 100078.67112087403
-1.0 -1.0 -1.0 -1.0 -1.0 -1.0 -1.0 -1.0 -1.0 -1.0 -1.0 -1.0 -1.0 -1.0 -1.0 -1.0 -1.0 -1.0 -1.0 -1.0 -1.0 -1.0 -1.0 -1.0 -1.0 -1.0 -1.0 -1.0 -1.0 -1.0 -1.0 -1.0 -1.0 -1.0 -1.0 -1.0 -1.0 -1.0 345.4292054246099 542.0143582507023 1898.2528258581326 0.0 0.0 150.26813838208034 2815.2195198211352 10335.914830475926 4596.422223943609 7643.084129821863 5871.0330007255925 6762.298081084588 1053.8177235039377 1710.7242825598412 0.0 0.0 164.85830757712918 0.0 0.0 22603.31816627588 1168.64867242129 779.1176524353166 16019.857617153144 1131.935565887445 45885.29653143324 26316.97692973621 32737.681593100002 11959.661241724036 38218.01198501881 60888.46393753501 57318.65910381876 49316.00669680149 62819.35343858718 59437.65478862404 80740.07999595009 71358.87729938635
-1.0 -1.0 -1.0 -1.0 -1.0 -1.0 -1.0 -1.0 -1.0 -1.0 -1.0 -1.0 -1.0 -1.0 -1.0 -1.0 -1.0 -1.0 -1.0 -1.0 -1.0 -1.0 -1.0 -1.0 -1.0 -1.0 -1.0 -1.0 -1.0 -1.0 -1.0 -1.0 -1.0 -1.0 -1.0 -1.0 -1.0 -1.0 0.0 9851.851818685667 14222.469404224083 1237.7436988263375 262.1774565401471 1886.5466727610105 2376.141648280074 0.0 13265.108088092904 6734.289612416871 1783.765642490013 10780.315317156965 5190.156858121178 2663.843413020126 217.93437407295133 62.38331053158762 0.0 0.0 0.0 250.43338813770333 2141.1749798386595 2977.1435883397967 1719.8221076205355 28849.697271387966 8722.816379515243 14735.09123858183 18433.875346863482 16128.24386460781 52549.71256716817 17115.37075530723 0.0 13195.938206678398 38755.321840482844 59395.23774426214 68407.99077305292 67757.60847010373
-1.0 -1.0 -1.0 -1.0 -1.0 -1.0 -1.0 -1.0 -1.0 -1.0 -1.0 -1.0 -1.0 -1.0 -1.0 -1.0 -1.0 -1.0 -1.0 -1.0 -1.0 -1.0 -1.0 -1.0 -1.0 -1.0 -1.0 -1.0 -1.0 -1.0 -1.0 -1.0 -1.0 -1.0 -1.0 -1.0 -1.0 -1.0 4297.676860775985 3016.069349955082 0.0 19286.466772907657 0.0 10270.164519617105 7828.530419686203 5907.928894901239 11359.465143938623 623.3325027814197 0.0 4888.524612330558 9887.818044335616 4899.047606516158 562.6724583739658 111.20955904524459 8.041885214926708 0.0 0.0 1.1535293709432803 23.54258001270091 2999.5204105318007 9945.610543279878 0.0 15526.477954577942 0.0 5227.5990624575525 0.0 5579.822025836604 25330.488109992144 27665.74390644595 35024.47078267535 61306.86020433334 57521.80116305065 63137.72584473357 66081.51451491147
-1.0 -1.0 -1.0 -1.0 -1.0 -1.0 -1.0 -1.0 -1.0 -1.0 -1.0 -1.0 -1.0 -1.0 -1.0 -1.0 -1.0 -1.0 -1.0 -1.0 -1.0 -1.0 -1.0 -1.0 -1.0 -1.0 -1.0 -1.0 -1.0 -1.0 -1.0 -1.0 -1.0 -1.0 -1.0 -1.0 -1.0 0.0 57.65349944257775 579.4027058194449 9940.915292663465 0.0 0.0 10069.05276617372 548.5581816028523 324.2862563929435 436.42310504572237 1515.5786861414178 0.0 2482.6215129955185 8393.90191930127 5211.689179049413 0.0 0.0 0.0 0.0 0.0 1.083170579058884 17.582684315511802 2.1410920104422124 3521.8154891424547 2735.5501088488936 3568.4750493822417 411.75313160035796 0.0 0.0 193.28308343216702 14290.69138080791 0.0 11954.39838347119 2692.2299217150003 17057.555623693104 128612.21891671943 79132.680117897
-1.0 -1.0 -1.0 -1.0 -1.0 -1.0 -1.0 -1.0 -1.0 -1.0 -1.0 -1.0 -1.0 -1.0 -1.0 -1.0 -1.0 -1.0 -1.0 -1.0 -1.0 -1.0 -1.0 -1.0 -1.0 -1.0 -1.0 -1.0 -1.0 -1.0 -1.0 -1.0 -1.0 -1.0 -1.0 -1.0 -1.0 0.0 0.0 0.0 7308.507785091344 0.0 98.3696127660954 6927.429698567815 5426.387188056793 1187.5440513579222 754.0329185919226 754.5806879168417 2340.648848889605 1576.240278533477 2260.822447381017 8591.47561104298 0.0 0.0 1.5957314212293412 0.0 0.0 0.26076342633617117 13.674195884003524 5.61996197363975 59.07361257262717 91.75746373102415 0.0 736.7947887214458 0.0 0.0 78.92554369112896 2267.3944419750187 65715.45736010393 22652.648541151393 60718.81739607759 1871.605364178361 101395.3513699979 36597.03799895239
-1.0 -1.0 -1.0 -1.0 -1.0 -1.0 -1.0 -1.0 -1.0 -1.0 -1.0 -1.0 -1.0 -1.0 -1.0 -1.0 -1.0 -1.0 -1.0 -1.0 -1.0 -1.0 -1.0 -1.0 -1.0 -1.0 -1.0 -1.0 -1.0 -1.0 -1.0 -1.0 -1.0 -1.0 -1.0 -1.0 -1.0 0.0 615.196673276456 6166.0153533455705 2473.042128374851 0.0 32.94271400721268 35.66073716740766 1.620544849587361 1001.1731402480634 788.0041005566669 2396.3222148320942 3562.956732233099 184.26311404637863 895.2211520950601 0.0 0.0 0.0 0.0 39.57875637944177 7.867870364267194 19.142946693684642 21.094889875879236 253.06644834221618 275.662288820989 0.0 0.0 0.0 804.4146016088755 111.26248712460446 181.26857380796105 448.0677214213046 42126.722054473285 64885.95468417811 42894.966395034244 59166.922220649576 82906.3673669045 37899.21462876977
-1.0 -1.0 -1.0 -1.0 -1.0 -1.0 -1.0 -1.0 -1.0 -1.0 -1.0 -1.0 -1.0 -1.0 -1.0 -1.0 -1.0 -1.0 -1.0 -1.0 -1.0 -1.0 -1.0 -1.0 -1.0 -1.0 -1.0 -1.0 -1.0 -1.0 -1.0 -1.0 -1.0 -1.0 -1.0 -1.0 -1.0 840.7719425386163 0.0 7797.961631459009 0.0 0.0 0.0 765.5401971631344 2318.8731825549194 3417.8015454469746 8.147862908973114 979.0229846319509 1951.9324775320088 32.562113433008044 61.17404112115521 338.2135317592908 0.0 0.0 0.0 0.0 0.0 0.0 301.15120344981005 36.46180020192114 0.0 0.0 0.0 300.0921496941231 1128.1750267939447 1778.4424918925145 748.5943737647727 744.0075886901512 33321.22479286629 73979.40070126578 68025.99122077692 59999.90359597822 17856.39941637613 7825.2450549791065
-1.0 -1.0 -1.0 -1.0 -1.0 -1.0 -1.0 -1.0 -1.0 -1.0 -1.0 -1.0 -1.0 -1.0 -1.0 -1.0 -1.0 -1.0 -1.0 -1.0 -1.0 -1.0 -1.0 -1.0 -1.0 -1.0 -1.0 -1.0 -1.0 -1.0 -1.0 -1.0 -1.0 -1.0 -1.0 -1.0 0.0 376.50981167522974 0.0 0.0 2300.1457442619994 43.98922719800837 1656.6964781954666 272.61258257216355 231.36676678161263 1420.7993418725027 23.531571551796127 380.7212451902955 897.5195321358647 156.69068893127215 753.7313220154211 635.1229265382012 0.0 0.0 0.0 0.0 0.0 0.0 0.0 0.0 0.0 0.0 50.20415363150563 87.26353733304731 8793.439759667732 9518.51414478998 4351.987035235698 432.46545036804594 25913.99246142207 27550.09636550619 4357.7900769297785 10494.398146563843 82831.74821431002 105882.09201065669
-1.0 -1.0 -1.0 -1.0 -1.0 -1.0 -1.0 -1.0 -1.0 -1.0 -1.0 -1.0 -1.0 -1.0 -1.0 -1.0 -1.0 -1.0 -1.0 -1.0 -1.0 -1.0 -1.0 -1.0 -1.0 -1.0 -1.0 -1.0 -1.0 -1.0 -1.0 -1.0 -1.0 -1.0 -1.0 -1.0 -1.0 1.6058537059853173 0.0 1052.836280987643 6025.758761070486 12.383043892159181 4100.514281300711 5824.618505019867 3367.7203803436864 6465.927574023593 2107.305691464648 33.95108216227015 505.65680309601487 301.88482558216947 73.60267165431183 6.628993134891205 0.0 0.0 0.0 0.0 0.0 0.0 0.0 0.0 0.0 0.0 224.4844743906087 123.99832808348117 456.24353575521593 30919.223455230825 30353.776385443376 59639.169202647856 39048.58003069801 43760.77693234196 8784.187282736473 61590.22519176534 35738.12136120146 20184.81573348267
-1.0 -1.0 -1.0 -1.0 -1.0 -1.0 -1.0 -1.0 -1.0 -1.0 -1.0 -1.0 -1.0 -1.0 -1.0 -1.0 -1.0 -1.0 -1.0 -1.0 -1.0 -1.0 -1.0 -1.0 -1.0 -1.0 -1.0 -1.0 -1.0 -1.0 -1.0 -1.0 -1.0 -1.0 -1.0 -1.0 -1.0 26.747084193819674 0.0 0.0 132.85320710974153 90.5356157929589 182.56409004116293 178.53477810602885 32.404854806616676 0.0 0.0 14.083222750879907 162.3542910695196 1039.1367522397504 341.96974137744763 208.00061188404482 0.0 768.668153576631 518.1339745057531 405.54792810849 41.58945973007022 436.4360250020564 1678.0513748854435 330.8383060816111 5234.9308862288235 0.0 6592.327218151333 3969.6703429818144 3118.324303855076 31513.878272296435 315.21418817815606 32949.18648142195 2011.9876291794362 41799.5695296045 51021.82403444153 45078.232070092105 62211.23585219106 73164.10326179955
-1.0 -1.0 -1.0 -1.0 -1.0 -1.0 -1.0 -1.0 -1.0 -1.0 -1.0 -1.0 -1.0 -1.0 -1.0 -1.0 -1.0 -1.0 -1.0 -1.0 -1.0 -1.0 -1.0 -1.0 -1.0 -1.0 -1.0 -1.0 -1.0 -1.0 -1.0 -1.0 -1.0 -1.0 -1.0 -1.0 -1.0 1.0169468482340085 0.0 0.0 23.643754123758804 78.42296827572044 33.461465811939206 0.0 0.0 56.69478593390764 14.144167365221211 0.0 0.0 69.42635501575278 1132.538366239726 185.43251530302697 231.66748963867525 669.7322137087375 341.6415267004675 647.358363409754 87.18530006150618 28.930557530579318 0.0 0.0 3.825535088831654 4347.595513514968 6399.97189575576 2583.447500193414 19996.190206054027 60521.1342219531 337.2260459843319 1519.9657362115986 36393.658528027714 40596.37546216766 18162.857135284277 827.2571432743566 14799.780623228597 372.51721022275865
-1.0 -1.0 -1.0 -1.0 -1.0 -1.0 -1.0 -1.0 -1.0 -1.0 -1.0 -1.0 -1.0 -1.0 -1.0 -1.0 -1.0 -1.0 -1.0 -1.0 -1.0 -1.0 -1.0 -1.0 -1.0 -1.0 -1.0 -1.0 -1.0 -1.0 -1.0 -1.0 -1.0 -1.0 -1.0 -1.0 -1.0 3.978898374847561 0.0 0.0 0.0 205.1987805690791 100.71246949416356 83.84500850354685 200.66772437045353 138.34293880744983 0.0 0.0 0.0 58.13884743266989 3.081903266857524 77.53729782920075 338.7797720365321 222.9030745564617 417.7896866903289 136.60994791197308 61.07504239049031 0.0 0.0 0.0 285.2978462530477 3562.986739528228 3097.237772752306 1844.5976202765735 70.28563213872314 90.39558944130201 688.480465385202 0.0 0.0 0.0 8621.558523279466 5940.608211368227 2724.0720970515617 3490.9616778989634
