critload/trunk/output/2010/nle_nox_gw.asc
ncols 720
nrows 360
xllcorner -180
yllcorner -90
cellsize 0.5
NODATA_value -1.0
[rows 165 to 197 of 360, columns 222 to 295 of 720]
9587.820795111891 8306.009902465075 7849.60636364984 1732.6290140403728 83.45795667524129 519.9001813156626 941.4519673558867 484.3960531056811 0.0 0.0 2115.7966757597037 442.5312149680511 2281.7202206495735 0.0 404.0463077829882 67.79477169940255 0.0 0.0 0.0 22.651362281942728 2137.170729106415 -1.0 -1.0 -1.0 -1.0 -1.0 -1.0 -1.0 -1.0 -1.0 -1.0 -1.0 -1.0 -1.0 -1.0 -1.0 -1.0 -1.0 -1.0 -1.0 -1.0 -1.0 -1.0 -1.0 -1.0 -1.0 -1.0 -1.0 -1.0 -1.0 -1.0 -1.0 -1.0 -1.0 -1.0 -1.0 -1.0 -1.0 -1.0 -1.0 -1.0 -1.0 -1.0 -1.0 -1.0 -1.0 -1.0 -1.0 -1.0 -1.0 -1.0 -1.0 -1.0 -1.0
0.0 8.142162576319947 0.0 68.17703806739117 0.0 0.0 319.9437437192844 0.0 0.0 0.0 172.37244887415324 5089.722499373084 0.0 0.0 0.0 0.0 0.0 0.0 0.0 0.0 0.16080950123482918 0.0 0.0 -1.0 -1.0 -1.0 -1.0 -1.0 -1.0 -1.0 -1.0 -1.0 -1.0 -1.0 -1.0 -1.0 -1.0 -1.0 -1.0 -1.0 -1.0 -1.0 -1.0 -1.0 -1.0 -1.0 -1.0 -1.0 -1.0 -1.0 -1.0 -1.0 -1.0 -1.0 -1.0 -1.0 -1.0 -1.0 -1.0 -1.0 -1.0 -1.0 -1.0 -1.0 -1.0 -1.0 -1.0 -1.0 -1.0 -1.0 -1.0 -1.0 -1.0 -1.0
26180.391486808163 24685.824382632178 18606.681410336485 45.225196171874906 0.0 0.0 0.0 0.0 0.0 0.0 0.0 102.08068234185944 0.0 0.0 0.0 0.0 0.0 0.0 0.0 0.0 21.198371459608758 834.7758862482882 1153.4679773495818 0.0 -1.0 -1.0 -1.0 -1.0 -1.0 -1.0 -1.0 -1.0 -1.0 -1.0 -1.0 -1.0 -1.0 -1.0 -1.0 -1.0 -1.0 -1.0 -1.0 -1.0 -1.0 -1.0 -1.0 -1.0 -1.0 -1.0 -1.0 -1.0 -1.0 -1.0 -1.0 -1.0 -1.0 -1.0 -1.0 -1.0 -1.0 -1.0 -1.0 -1.0 -1.0 -1.0 -1.0 -1.0 -1.0 -1.0 -1.0 -1.0 -1.0 -1.0
0.0 0.0 38.126128415237886 112.14274536391396 0.0 0.0 528.433239708226 0.0 0.0 0.0 0.0 0.0 0.0 0.0 0.0 245.75977535207383 0.0 0.0 0.0 0.0 14.943019546255407 207.84168297134508 270.65824921442464 1869.263689562377 70.21430505287822 2.1916732013961817 4.138069116533996 0.0 110.79044920286223 0.008290048888208184 0.0 -1.0 -1.0 -1.0 -1.0 -1.0 -1.0 -1.0 -1.0 -1.0 -1.0 -1.0 -1.0 -1.0 -1.0 -1.0 -1.0 -1.0 -1.0 -1.0 -1.0 -1.0 -1.0 -1.0 -1.0 -1.0 -1.0 -1.0 -1.0 -1.0 -1.0 -1.0 -1.0 -1.0 -1.0 -1.0 -1.0 -1.0 -1.0 -1.0 -1.0 -1.0 -1.0 -1.0
0.0 0.0 619.4674981203149 0.0 0.0 0.0 0.0 0.0 0.0 0.0 0.0 0.0 0.0 0.0 0.0 0.0 1150.9180504137896 130.34869907836028 0.0 0.0 0.0 50.967084248934356 0.0 0.0 0.0 0.0 0.0 27.835132665646537 0.0 0.0 0.0 0.0 70.74224710817775 -1.0 -1.0 -1.0 -1.0 -1.0 -1.0 -1.0 -1.0 -1.0 -1.0 -1.0 -1.0 -1.0 -1.0 -1.0 -1.0 -1.0 -1.0 -1.0 -1.0 -1.0 -1.0 -1.0 -1.0 -1.0 -1.0 -1.0 -1.0 -1.0 -1.0 -1.0 -1.0 -1.0 -1.0 -1.0 -1.0 -1.0 -1.0 -1.0 -1.0 -1.0
9462.650986957127 0.0 0.0 0.0 0.0 0.0 0.0 0.0 0.0 0.0 0.0 0.0 0.0 0.0 94.52989102982154 532.9139218663463 24.131808068082293 85.45597874245553 104.22970836261752 0.0 0.0 0.0 0.0 0.0 0.0 0.0 0.0 0.0 0.0 0.0 0.0 0.0 0.0 544.5747729873711 -1.0 -1.0 -1.0 -1.0 -1.0 -1.0 -1.0 -1.0 -1.0 -1.0 -1.0 -1.0 -1.0 -1.0 -1.0 -1.0 -1.0 -1.0 -1.0 -1.0 -1.0 -1.0 -1.0 -1.0 -1.0 -1.0 -1.0 -1.0 -1.0 -1.0 -1.0 -1.0 -1.0 -1.0 -1.0 -1.0 -1.0 -1.0 -1.0 -1.0
0.0 0.0 0.0 0.0 0.0 0.0 0.0 0.0 0.0 0.0 0.0 0.0 0.0 0.0 0.0 0.0 34.778409923326535 0.0 78.91232030408067 0.0 0.0 0.0 0.0 0.0 0.0 0.0 0.0 0.0 0.0 0.0 0.0 0.0 0.0 0.0 0.0 45.649601290627956 -1.0 -1.0 -1.0 -1.0 -1.0 -1.0 -1.0 -1.0 -1.0 -1.0 -1.0 -1.0 -1.0 -1.0 -1.0 -1.0 -1.0 -1.0 -1.0 -1.0 -1.0 -1.0 -1.0 -1.0 -1.0 -1.0 -1.0 -1.0 -1.0 -1.0 -1.0 -1.0 -1.0 -1.0 -1.0 -1.0 -1.0 -1.0
0.0 0.0 0.0 0.0 0.0 0.0 0.0 0.0 0.0 0.0 0.0 0.0 0.0 0.0 112.63242652084506 125.03344863355917 63.64192556874203 20.4547888030941 0.0 443.0007689083247 0.0 0.0 0.0 0.0 0.0 0.0 0.0 0.0 0.0 0.0 0.0 0.0 0.0 0.0 0.0 5.716042038863838 -1.0 -1.0 -1.0 -1.0 -1.0 -1.0 -1.0 -1.0 -1.0 -1.0 -1.0 -1.0 -1.0 -1.0 -1.0 -1.0 -1.0 -1.0 -1.0 -1.0 -1.0 -1.0 -1.0 -1.0 -1.0 -1.0 -1.0 -1.0 -1.0 -1.0 -1.0 -1.0 -1.0 -1.0 -1.0 -1.0 -1.0 -1.0
0.0 0.0 0.0 0.0 0.0 0.0 0.0 0.0 0.0 0.0 0.0 0.0 0.0 0.0 0.0 0.0 61.05477392789635 0.0 650.9217058965055 0.0 0.0 0.0 0.0 0.0 0.0 0.0 0.0 0.0 0.0 0.0 0.0 0.0 0.0 0.0 0.0 0.0 -1.0 -1.0 -1.0 -1.0 -1.0 -1.0 -1.0 -1.0 -1.0 -1.0 -1.0 -1.0 -1.0 -1.0 -1.0 -1.0 -1.0 -1.0 -1.0 -1.0 -1.0 -1.0 -1.0 -1.0 -1.0 -1.0 -1.0 -1.0 -1.0 -1.0 -1.0 -1.0 -1.0 -1.0 -1.0 -1.0 -1.0 -1.0
0.0 0.0 0.0 0.0 0.0 0.0 0.0 0.0 0.0 5150.982507152699 144.80194346804484 0.0 0.0 0.0 148.576543255481 186.58514033041212 23.22282281733881 29.197838183360727 462.1361880028383 446.9519694959512 0.0 0.0 0.0 0.0 0.0 0.0 0.0 0.0 0.0 0.0 0.0 0.0 0.0 0.0 0.0 0.0 0.0 -1.0 -1.0 -1.0 -1.0 -1.0 -1.0 -1.0 -1.0 -1.0 -1.0 -1.0 -1.0 -1.0 -1.0 -1.0 -1.0 -1.0 -1.0 -1.0 -1.0 -1.0 -1.0 -1.0 -1.0 -1.0 -1.0 -1.0 -1.0 -1.0 -1.0 -1.0 -1.0 -1.0 -1.0 -1.0 -1.0 -1.0
0.0 0.0 0.0 0.0 0.0 0.0 0.0 0.0 0.0 0.0 0.0 0.0 0.0 0.0 0.0 60.71964383568599 178.224502660767 37.90141199966022 201.15095174691612 124.78653351590863 0.0 0.0 0.0 0.0 0.0 0.0 41.90038094313967 0.0 0.0 0.0 0.0 0.0 0.0 0.0 0.0 0.0 216.64809068829595 -1.0 -1.0 -1.0 -1.0 -1.0 -1.0 -1.0 -1.0 -1.0 -1.0 -1.0 -1.0 -1.0 -1.0 -1.0 -1.0 -1.0 -1.0 -1.0 -1.0 -1.0 -1.0 -1.0 -1.0 -1.0 -1.0 -1.0 -1.0 -1.0 -1.0 -1.0 -1.0 -1.0 -1.0 -1.0 -1.0 -1.0
0.0 0.0 0.0 0.0 0.0 0.0 0.0 0.0 0.0 0.0 0.0 0.0 0.0 0.0 0.0 321.1780557465435 0.0 0.0 0.0 0.0 0.0 0.0 0.0 0.0 0.0 61.269347288287236 0.0 0.0 0.0 0.0 0.0 0.0 0.0 0.0 0.0 0.0 356.2807800585238 26.97552535077363 -1.0 -1.0 -1.0 -1.0 -1.0 -1.0 -1.0 -1.0 -1.0 -1.0 -1.0 -1.0 -1.0 -1.0 -1.0 -1.0 -1.0 -1.0 -1.0 -1.0 -1.0 -1.0 -1.0 -1.0 -1.0 -1.0 -1.0 -1.0 -1.0 -1.0 -1.0 -1.0 -1.0 -1.0 -1.0 -1.0
0.0 0.0 0.0 0.0 0.0 0.0 0.0 0.0 0.0 0.0 0.0 0.0 0.0 177.42689631386403 0.0 70.66009090649175 0.0 0.0 0.0 0.0 0.0 0.0 0.0 0.0 0.0 65.43043649873047 106.22054783403439 0.0 0.0 0.0 0.0 0.0 0.0 0.0 0.0 126.31277186482889 285.6986960673253 420.2460269529659 0.0 -1.0 -1.0 -1.0 -1.0 -1.0 -1.0 -1.0 -1.0 -1.0 -1.0 -1.0 -1.0 -1.0 -1.0 -1.0 -1.0 -1.0 -1.0 -1.0 -1.0 -1.0 -1.0 -1.0 -1.0 -1.0 -1.0 -1.0 -1.0 -1.0 -1.0 -1.0 -1.0 -1.0 -1.0 -1.0
0.0 0.0 0.0 0.0 0.0 0.0 0.0 0.0 0.0 0.0 0.0 0.0 0.0 0.0 0.0 0.0 0.0 0.0 103.80910963872903 0.0 0.0 0.0 0.0 0.0 0.0 0.0 44.12044205419702 0.0 0.0 0.0 0.0 0.0 0.0 0.0 0.0 453.9552298732186 28.992289433323474 11.641299000343635 -1.0 -1.0 -1.0 -1.0 -1.0 -1.0 -1.0 -1.0 -1.0 -1.0 -1.0 -1.0 -1.0 -1.0 -1.0 -1.0 -1.0 -1.0 -1.0 -1.0 -1.0 -1.0 -1.0 -1.0 -1.0 -1.0 -1.0 -1.0 -1.0 -1.0 -1.0 -1.0 -1.0 -1.0 -1.0 -1.0
0.0 0.0 0.0 0.0 0.0 0.0 0.0 0.0 0.0 0.0 0.0 0.0 0.0 0.0 0.0 0.0 0.0 0.0 0.0 0.0 0.0 0.0 0.0 0.0 0.0 0.0 0.0 0.0 0.0 0.0 0.0 0.0 0.0 0.0 0.0 555.4614475923032 112.12882537235167 0.0 -1.0 -1.0 -1.0 -1.0 -1.0 -1.0 -1.0 -1.0 -1.0 -1.0 -1.0 -1.0 -1.0 -1.0 -1.0 -1.0 -1.0 -1.0 -1.0 -1.0 -1.0 -1.0 -1.0 -1.0 -1.0 -1.0 -1.0 -1.0 -1.0 -1.0 -1.0 -1.0 -1.0 -1.0 -1.0 -1.0
0.0 0.0 0.0 26.09665081692897 0.0 0.0 0.0 8.09004142231045 0.0 0.0 0.0 0.0 0.0 0.0 0.0 0.0 0.0 0.0 0.0 0.0 0.0 0.0 0.0 0.0 0.0 0.0 0.0 0.0 0.0 0.0 0.0 0.0 0.0 0.0 192.9989423821395 452.7284813990446 156.88416735738022 0.0 98.385632456359 285.59733100255295 148.95910051672573 0.0 -1.0 -1.0 -1.0 -1.0 -1.0 -1.0 -1.0 -1.0 -1.0 -1.0 -1.0 -1.0 -1.0 -1.0 -1.0 -1.0 -1.0 -1.0 -1.0 -1.0 -1.0 -1.0 -1.0 -1.0 -1.0 -1.0 -1.0 -1.0 -1.0 -1.0 -1.0 -1.0
0.0 0.0 0.0 0.0 0.0 0.0 0.0 0.0 0.0 0.0 0.0 0.0 0.0 0.0 0.0 0.0 0.0 0.0 0.0 0.0 0.0 0.0 0.0 0.0 0.0 0.0 0.0 0.0 0.0 0.0 0.0 20.136593187836095 205.86279724358528 0.0 0.0 0.0 40.833736059532015 0.0 0.0 134.85969344633207 245.5650624187962 11483.005377464757 358.2566144369092 201.72651491870633 343.4317309594652 0.0 -1.0 -1.0 -1.0 -1.0 -1.0 -1.0 -1.0 -1.0 -1.0 -1.0 -1.0 -1.0 -1.0 -1.0 -1.0 -1.0 -1.0 -1.0 -1.0 -1.0 -1.0 -1.0 -1.0 -1.0 -1.0 -1.0 -1.0 -1.0
0.0 0.0 0.0 0.0 0.0 0.0 0.0 0.0 0.0 0.0 0.0 0.0 0.0 0.0 0.0 0.0 0.0 0.0 0.0 0.0 0.0 0.0 0.0 0.0 0.0 0.0 0.0 0.0 63.809638332686774 387.15513631888786 141.63042662939313 0.0 0.0 82.73323612869804 0.0 0.0 8.323357569902457 0.0 0.0 379.11913788503955 248.39661399360304 1884.549911166623 0.0 0.0 990.1478947412786 945.2918876059297 0.0 0.0 -1.0 -1.0 -1.0 -1.0 -1.0 -1.0 -1.0 -1.0 -1.0 -1.0 -1.0 -1.0 -1.0 -1.0 -1.0 -1.0 -1.0 -1.0 -1.0 -1.0 -1.0 -1.0 -1.0 -1.0 -1.0 -1.0
0.0 0.0 0.0 0.0 0.0 0.0 0.0 0.0 0.0 0.0 0.0 0.0 0.0 0.0 0.0 0.0 0.0 0.0 0.0 0.0 0.0 0.0 0.0 0.0 0.0 73.9758006575076 279.1026199677173 545.0189572894662 903.3473414639249 555.6366913525569 484.09524186057797 208.38926537741003 109.00580127936345 115.38699407629257 50.44226957199269 0.0 49.5385954687325 27.29395924560443 261.72477640647764 88.86808905892708 671.6553141649553 1305.6646578386858 1809.5846143822143 1231.724463397244 810.4704055834542 478.4952398637489 40.58462316002795 0.0 7.2434479048349605 -1.0 -1.0 -1.0 -1.0 -1.0 -1.0 -1.0 -1.0 -1.0 -1.0 -1.0 -1.0 -1.0 -1.0 -1.0 -1.0 -1.0 -1.0 -1.0 -1.0 -1.0 -1.0 -1.0 -1.0 -1.0
0.0 0.0 0.0 0.0 0.0 0.0 0.0 0.0 0.0 0.0 0.0 0.0 0.0 0.0 0.0 0.0 0.0 0.0 0.0 0.0 0.0 0.0 0.0 0.0 375.0014962236459 59.38102478825342 193.7908165933277 235.26249244972064 591.9757264786791 229.37137698952904 77.09470518163963 0.0 0.0 8.561625000319173 0.0 0.0 62.98709058170145 0.0 244.73751483010008 461.1928680585087 1075.3360152826147 1510.2596945945802 1516.6648342909189 1910.6678026240993 861.4580860589625 316.9874836210601 359.2437026316907 236.13017039319203 26.22055753302231 211.37032438436268 0.0 115.03653196958253 -1.0 -1.0 -1.0 -1.0 -1.0 -1.0 -1.0 -1.0 -1.0 -1.0 -1.0 -1.0 -1.0 -1.0 -1.0 -1.0 -1.0 -1.0 -1.0 -1.0 -1.0 -1.0
0.0 0.0 0.0 0.0 0.0 26.121041497929323 0.0 0.0 0.0 0.0 0.0 0.0 0.0 0.0 0.0 0.0 0.0 133.77579965532036 0.0 0.0 0.0 0.0 17.12007458275823 27.62062165085951 103.72322742842815 0.0 0.0 6.921885437234292 1409.9466741285607 200.38321800798215 0.0 0.0 0.0 300.232164444023 99.6451346984798 0.0 0.0 0.0 546.0149803838625 537.1575073149876 1575.2624376681938 1455.9940126801955 752.7085366243698 1188.8115449150584 0.0 0.0 883.6916609349084 342.14952286073674 23.6480707860312 614.8960966850334 -0.42563283600226987 4.242352963265189 7.019969110675995 1.348050241906692 5038.487838607335 65.37077762264168 170.68942631871593 0.0 0.0 -1.0 -1.0 -1.0 -1.0 -1.0 -1.0 -1.0 -1.0 -1.0 -1.0 -1.0 -1.0 -1.0 -1.0 -1.0
0.0 0.0 9.505730355793958 0.0 0.0 0.0 0.0 0.0 0.0 0.0 0.0 0.0 0.0 0.0 0.0 0.0 221.9171699076587 119.06464744365209 30.004466797570988 0.0 6.894306697292813 100.06899640954863 28.72685072033563 0.0 0.0 0.0 0.0 0.0 0.0 0.0 0.0 314.7769698051435 1263.068276359682 678.3773308359893 646.8510165790149 242.35407182337042 0.0 0.0 206.10762796707903 341.7665729017771 1803.984182389192 271.1033256999982 1058.0763724252504 1346.6044763252999 943.0542521981153 1080.777302868286 714.5628261243727 748.4723092598402 819.7769114783125 903.5870680344017 169.5974391788133 562.5196692017039 100.56341542831986 327.9390716917655 278.3428159825438 47.61430544741444 0.0 49.80318089252235 0.0 37.8467308737873 0.0 -1.0 -1.0 -1.0 -1.0 -1.0 -1.0 -1.0 -1.0 -1.0 -1.0 -1.0 -1.0 -1.0
0.0 0.0 0.0 0.0 0.0 0.0 0.0 0.0 0.0 0.0 0.0 0.0 0.0 0.0 0.0 0.0 0.0 14.224274921323259 0.0 34.607542260996304 0.0 0.0 0.0 0.0 0.0 0.0 0.0 35.62197900595928 190.55552057344445 294.3647589403201 536.2418911609217 83.20731547060089 356.00721882331703 0.0 0.0 147.55762568884649 560.4361693052848 544.6623723033917 1551.5860481973052 1866.8947827414504 203.04286611541767 222.35182801526634 861.9683733049848 1897.4866728013324 169.63102567052186 1219.5703518448936 1028.5867881721244 2943.189774496828 852.1313764619546 281.16034574538384 491.31124983470994 1443.6311007571521 486.21878205146976 2.5459153785724022 155.1847984971688 1052.5378210027257 549.4582226937583 104.096827054218 37.55503277587064 0.0 0.0 5228.853471195242 -1.0 -1.0 -1.0 -1.0 -1.0 -1.0 -1.0 -1.0 -1.0 -1.0 -1.0 -1.0
0.0 0.0 0.0 0.0 0.0 0.0 0.0 0.0 0.0 0.0 0.0 21.543548820218312 0.0 0.0 0.0 0.0 0.0 0.0 16.249086959544368 0.0 0.0 0.0 0.0 0.0 0.0 1250.8286338012263 408.30217614727644 177.53137011583456 121.74148054258514 0.0 0.0 0.0 0.0 0.0 0.0 0.0 597.9966005308117 1434.5932640811031 483.86111561370717 1458.9074148811724 400.7322524269097 1121.6462867900998 3216.880995645429 1012.7216654172768 917.583073030159 616.6125244414336 313.1629047261016 563.6135302645396 760.6788212423892 909.6669873800281 191.51603987853488 245.21339510052186 504.58656720342174 159.35791851213347 315.3458541536644 3.6514911532534917 0.0 5.562263507590942 0.0 80.80887848212394 291.9808297675135 0.0 0.0 -1.0 -1.0 -1.0 -1.0 -1.0 -1.0 -1.0 -1.0 -1.0 -1.0 -1.0
0.0 0.0 0.0 0.0 53.184393830055974 0.0 0.0 0.0 0.0 0.0 0.0 0.0 0.0 0.0 0.0 0.0 0.0 0.0 0.0 0.0 0.0 0.0 0.0 0.0 0.0 0.0 0.0 0.0 0.0 0.0 0.0 0.0 0.0 0.0 0.0 0.0 0.0 0.0 666.8671073257533 1494.2942858066476 1210.3578742635605 2083.9118823782787 2282.4715288095517 1758.912653283511 420.77200381384165 255.7280584962641 59.754148153913405 100.62512375940852 685.3977987838657 1076.569083301127 597.6457606247399 640.9843663478811 933.4201581344828 259.16937585102767 93.50810486610139 2.7042021238033183 42.661970788186814 0.0 0.0 0.13323266155249675 0.0 0.0 0.0 0.0 0.0 -1.0 -1.0 -1.0 -1.0 -1.0 -1.0 -1.0 -1.0 -1.0
0.0 0.0 0.0 0.0 0.0 0.0 0.0 0.0 0.0 0.0 0.0 0.0 0.0 0.0 0.0 0.0 0.0 36.38723864381329 0.0 0.0 0.0 0.0 0.0 0.0 0.0 0.0 0.0 0.0 0.0 0.0 0.0 0.0 0.0 0.0 0.0 0.0 455.5979923133064 1990.3047014304802 778.4126886550459 1274.9816904826687 710.6020490524805 501.5022047243259 55549.682930811214 1228.2719913324627 258.95658572314545 128.97425632757182 25.32323277106094 0.0 314.18340760726863 841.3669133002253 106.56959776605139 205.3039781849955 921.638984364933 219.7723977169415 0.0 0.0 0.0 0.0 19.019854827310454 0.02014646522702827 16.805735968986458 43.35923896790271 2.9053457277737746 0.0 0.0 0.0 0.0 89.12024779514095 -1.0 -1.0 -1.0 -1.0 -1.0 -1.0
0.0 0.0 0.0 0.0 0.0 0.0 0.0 0.0 0.0 0.0 0.0 0.0 0.0 0.0 0.0 44.242683710142224 0.0 0.0 0.0 0.0 0.0 0.0 0.0 0.0 0.0 0.0 0.0 0.0 0.0 0.0 0.0 0.0 0.0 0.0 0.0 213.72711588073662 0.0 2401.7880734576192 1846.9356302531924 2289.5031212070994 776.1823156709612 36.254749647260795 48707.76014790079 512.5154350969318 7.083856409224324 0.11880468054642238 39.56806352156034 98.08711847793364 51.379826466002406 2056.5053025880875 4.1038753226853695 0.0 542.7292022037747 29.13815660849932 2.2895189656319173 0.0 162.04234619504814 7.126592368215062 104.99335374847234 0.22130827049226529 6.771373571421178 0.0 0.0 0.0 266.5512302240039 30.581631704906663 0.0 0.0 -1.0 -1.0 -1.0 -1.0 -1.0 -1.0
0.0 0.0 0.0 0.0 0.0 0.0 0.0 0.0 0.0 0.0 0.0 0.0 0.0 0.0 0.0 0.0 0.0 0.0 0.0 0.0 0.0 0.0 0.0 0.0 0.0 0.0 0.0 0.0 0.0 0.0 0.0 0.0 41.933543585287204 469.6210631986451 769.0402007493803 1098.6690567977837 0.0 618.7802971778225 2784.6639888339782 551.7654814639916 179.70310119313947 3.963792765516739 60014.39155510303 1237.5987935806713 236.26541596103746 2424.334407647888 2056.431592147664 1161.3932159703845 53.51337135515722 133.41782857132532 0.0 2.296403907148247 156.09523481412688 28.565772601299372 41.12112386210578 0.0 0.0 0.0 0.0 184.87882461501093 711.301667348036 0.0 12.962927044128957 0.887841326882724 0.0 111.86357038075758 0.0 0.0 0.0 -1.0 -1.0 -1.0 -1.0 -1.0
0.0 0.0 0.0 0.0 0.0 0.0 0.0 0.0 0.0 0.0 0.0 0.0 0.0 0.0 0.0 0.0 0.0 0.0 0.0 0.0 0.0 0.0 127.16144582978556 0.0 0.0 0.0 0.0 187.67127415994005 0.0 0.0 0.0 0.0 0.0 186.2218855933312 1693.057707949132 3567.402873786064 988.3475667642014 3101.1973504110456 878.4301905528777 889.7840286708227 641.4037745095272 380.4643407148683 54146.26655644077 812.4686705381412 3241.708184469735 1244.0086483936852 1037.1446935030235 882.3327563845659 0.0 0.08607924513209723 3.6993048751153124 158.39689782112842 0.0 1.1759408008745789 -0.0160226708565664 0.0 0.0 0.00020745661434983062 8.211983449211939 0.0 67.56947958710262 0.0 0.0 1.1921482260590341 0.0 0.0 0.0 0.0 0.0 -1.0 -1.0 -1.0 -1.0 -1.0
0.0 0.0 0.0 0.0 0.0 0.0 0.0 0.0 81.85806112400866 0.0 0.0 0.0 0.0 0.0 0.0 0.0 0.0 0.0 0.0 0.0 0.0 0.0 209.97116497366636 0.0 0.0 0.0 0.0 200.29175099264413 0.0 0.0 0.0 0.0 0.0 0.0 0.0 167.92979675954416 1036.1035907563707 1188.3426293247837 2472.4356252109083 1223.6441203493873 205.17153445095005 59047.196454675824 214.14627730564678 345.84289592968736 3030.5040826978434 3.9040926390757145 1469.2199406451273 3.582781542227819 39.21176947191122 13.105415656677325 79.98705372684607 0.0 0.0 0.0 74.8061138639658 0.0 0.0 0.0 406.75400471125914 0.0 0.0 0.0 63.93900852240758 0.0 0.0 0.0 0.0 0.0 0.0 -1.0 -1.0 -1.0 -1.0 -1.0
0.0 0.0 0.0 0.0 0.0 0.0 0.0 0.0 0.0 0.0 0.0 82.20884100303252 0.0 0.0 0.0 0.0 0.0 0.0 0.0 0.0 0.0 0.0 0.0 0.0 0.0 0.0 0.0 56.81387260378825 0.0 0.0 0.0 0.0 0.0 0.0 95.6698086142921 0.0 2629.5538397382043 2332.011166029113 3256.2529279612763 2015.0732671007029 1821.7003262481046 57453.59225378427 35554.80812181034 120.4846418400068 1826.1374231047316 761.7451715358897 114.22648252293025 5.826822326155009 0.07706777067298085 0.0 818.139424883695 0.0 0.0 0.1146494494172562 0.0 0.0 0.0 0.0 21.35182923530677 777.9679249862038 0.0 61.7937042867361 386.42811095637273 0.0 0.0 0.0 0.0 0.0 4208.263564592938 -1.0 -1.0 -1.0 -1.0 -1.0
0.0 0.0 0.0 0.0 0.0 0.0 0.0 0.0 0.0 0.0 0.0 0.0 0.0 0.0 207.93593024418522 0.0 0.0 0.0 0.0 0.0 0.0 0.0 0.0 0.0 55.14942167887829 22.99221932002199 0.0 445.12132800916464 0.0 0.0 0.0 0.0 0.0 33.704679023194345 0.0 683.05994753131 1036.9703461142433 4336.975653903447 2889.6230621342997 448.01490752839925 1271.218601588059 35659.33834142235 27039.49642350537 33311.67612002373 1999.308065105716 876.4664156468397 1341.115913422495 719.8581523389195 1081.0017094238228 167.31113368362242 0.0 0.0 0.0 0.0 0.0 0.0 0.0 0.0 37.022030108506044 10.684782798560068 7.408775426332073 108.00705365257198 0.3097650988166542 0.05586789459826096 0.0 0.0 0.0 0.0 201.41377115797036 -1.0 -1.0 -1.0 -1.0 -1.0
0.0 0.0 0.0 30.52140229112754 0.0 0.0 0.0 0.0 0.0 660.4461054647007 1870.075237650117 46.33896154562765 0.0 0.0 34.555582573537286 0.0 0.0 0.0 0.0 0.0 0.0 0.0 147.04164457516558 0.0 0.0 0.0 0.0 0.0 48.77363406918094 0.0 0.0 0.0 0.0 0.0 99.10477831973854 47.11855377100216 2798.473647753995 2183.3964619022304 234.88382724369973 2031.9003211435509 2035.9033995207185 55528.68574303979 27831.041217688708 31495.686002190887 1145.424963060265 2064.135403806713 1857.4651347808492 1214.9000303097412 0.0 782.4913373653023 0.0 0.0 0.0 0.0 0.0 0.23802863405842586 4.361954310400533 2.9427670630099283 163.3418018671953 112.29114643747327 210.191557696196 43.737499235044716 3.8443163874271558 0.0 0.0 0.0 0.0 0.0 -1.0 -1.0 -1.0 -1.0 -1.0 -1.0
