critload/trunk/output/2010/nle_nfix_gw.asc
ncols 720
nrows 360
xllcorner -180.0
yllcorner -90.0
cellsize 0.5
NODATA_value -9999.0
[rows 189 to 215 of 360, columns 244 to 304 of 720]
0.0 0.010571460192368284 0.00016539780724341265 4.322919544978642e-05 0.0 0.0 0.0 0.0 0.0 0.0 0.008502502507896609 0.009067370513812099 -0.009885554974340183 -0.00019645577607623456 0.0 0.0 1241.4940511626482 3933.082963701108 3229.0369452684813 8084.392465578583 8365.507478599267 5304.921302414574 812.6524769044968 427.65250135326374 57.85015967755731 120.25292981626386 2227.0300377485487 4660.648808057541 2665.5233503770332 3269.9141811103264 7050.683181991079 1303.2162181693695 277.2863946608552 3.342392685995968 409.41021033296903 0.0 0.0 2.13833434519577 0.0 0.0 1956.9382395577159 0.0 0.0 -9999.0 -9999.0 -9999.0 -9999.0 -9999.0 -9999.0 -9999.0 -9999.0 -9999.0 -9999.0 -9999.0 -9999.0 -9999.0 -9999.0 -9999.0 -9999.0 -9999.0 -9999.0
0.0 0.0 0.0 0.0 0.0 0.0 0.0 -0.00011026014733922476 0.0 0.0005804937820285728 0.00014182421259553805 0.0 0.0 0.0 1380.6708206350595 8603.167812101696 1156.3987985791784 2328.3750363827776 1454.4342931820986 574.7496752040705 71634.56190133982 5258.293146637328 364.3072601205596 149.10369800958915 18.943053863986744 -0.027303490036668845 730.6720977570775 3054.10011617956 424.59070571157633 561.2586005820834 8044.631119489378 661.0820859303666 0.0 -0.027955095130798975 0.0 0.0 284.6526327582699 0.2482758599716844 204.0078950980806 1067.8953701015503 50.362914497415396 1733.0993231970533 0.0 0.0 1876.893020888626 1071.6078590283685 -9999.0 -9999.0 -9999.0 -9999.0 -9999.0 -9999.0 -9999.0 -9999.0 -9999.0 -9999.0 -9999.0 -9999.0 -9999.0 -9999.0 -9999.0
0.0 0.0 0.0 0.0 0.0 0.0 0.0 0.0 0.0 0.0 0.0 0.0 0.0 1064.5163641224462 0.0 15082.595439415321 8946.867969429462 12009.266078776247 2240.1877287794327 165.4803029723653 56988.280768255674 3273.9695350839265 5.463000243344368 0.08785294498138486 324.3915570282828 564.3163996367456 102.53274066447922 18574.71777096336 3.325763703139308 0.00891135737500044 4075.572590546164 240.49131441648697 2.27995850662586 -0.008842813078942021 851.448034997956 48.33758346483932 1150.3423455071916 2.673545344983842 78.79444390553493 0.0 0.0 0.0 4216.085885782955 223.4592521001531 0.0 165916.30269489306 -9999.0 -9999.0 -9999.0 -9999.0 -9999.0 -9999.0 -9999.0 -9999.0 -9999.0 -9999.0 -9999.0 -9999.0 -9999.0 -9999.0 -9999.0
0.0 0.0 0.0 0.0 -0.008942076695272248 0.0 0.0 0.0 0.0 0.0 214.21298465118534 2489.9629115614166 4117.5213518900955 6354.28056170955 -4.8757312477138587e-05 3027.420553843859 19047.898182390723 1231.1764012598826 663.3721548085277 3.1209109321492288 82010.87723042472 9148.079878509807 1410.0913726814294 25870.83160602849 19944.733747977687 10962.382005882146 378.70327672489316 883.210813250451 0.08901711273937896 2.5758081212321313 1253.0253417076171 166.50648046678373 102.52838274182614 -0.006491339347413109 0.0 0.0 0.043630807891797026 3262.1129734853607 12379.78276730921 6140.424834839672 830.5510399827658 55.59344601461888 0.0 2313.2210221689065 34618.64492780385 482779.8875459876 0.0 -9999.0 -9999.0 -9999.0 -9999.0 -9999.0 -9999.0 -9999.0 -9999.0 -9999.0 -9999.0 -9999.0 -9999.0 -9999.0 -9999.0
873.8729807722547 0.0 0.0 0.0 0.0 902.061357671007 0.0 -0.009328179212115576 0.0 0.0 0.0 989.1206885547446 9913.504976439934 25797.192962607485 5174.8682394615 19333.105154576337 4960.0027580306805 2231.6300246563733 1721.3262766111684 934.0800796408863 95203.88077423938 2271.169034869119 29845.346088490805 12357.156025679464 6424.205229427046 5100.418604892861 0.048084754757393273 0.0781950475659211 3.63080533196203 1221.2942357269085 -0.05059038976185783 1.4048017744298966 -0.020449013253558582 0.0 0.0 0.002133421298661905 37.368115694932364 56968.20122432678 1180.940584561459 4541.143886434881 2224.284645695645 50.36865686168652 0.0 396.0960884470724 201653.77714677542 423788.0093714927 0.0 -9999.0 -9999.0 -9999.0 -9999.0 -9999.0 -9999.0 -9999.0 -9999.0 -9999.0 -9999.0 -9999.0 -9999.0 -9999.0 -9999.0
1462.5503943827662 0.0 0.0 0.0 0.0 1214.324327954784 1.088589861651588e-05 0.0 0.0 0.0 0.0 0.0 -0.00026566015191808594 790.7443560619108 5100.02210684551 4131.741039477624 16906.68510757841 6930.3716763536 422.6904405234747 148976.77712070607 452.1392219738867 695.4129899814155 28913.158673677106 3.4941525885156475 16135.364392202664 4.229004458014171 337.0655466706298 26.328899354260454 312.9126606980986 0.0 0.0 0.0 628.9767082589311 0.0 0.0 0.0 8526.229895430293 77591.36523712768 135430.44031373385 10802.131871828373 2141.6491124182544 1569.5115463415336 0.0 0.0 39225.294889414996 482985.8181586292 215115.63460206217 -9999.0 -9999.0 -9999.0 -9999.0 -9999.0 -9999.0 -9999.0 -9999.0 -9999.0 -9999.0 -9999.0 -9999.0 -9999.0 -9999.0
0.0 0.0 0.0 0.0 0.0 362.0398727688784 0.0 0.0 0.0 0.0 0.0 0.0 474.4828194155033 -0.0005153824155127453 15930.528964383097 13267.615126363107 23993.67955030563 9633.383230464762 16075.050363236744 237339.745084044 104693.8009580837 291.6215476838477 16777.907128999857 4859.647616786903 928.623358729173 4.914485233747893 0.06641598413598047 0.0 10841.642108524822 0.0 0.0 0.922150038777128 0.0 0.0 0.0 -0.004784664343565727 161.44317904499218 27425.31836630754 72982.89715963145 1217.6845637353094 10483.682397078639 1391.291028782067 1848.452757984167 36957.78739952451 17197.410402385874 512304.48536451143 172594.72198722523 -9999.0 -9999.0 -9999.0 -9999.0 -9999.0 -9999.0 -9999.0 -9999.0 -9999.0 -9999.0 -9999.0 -9999.0 -9999.0 -9999.0
0.0 0.0 361.7413456629682 152.1188587021999 0.0 2375.774243664557 0.0 0.0 0.0 0.0 0.0 177.60888467438508 -0.010492399635173679 3605.1146325576124 4001.7443055275453 30236.764385453593 21013.813553632663 1184.8716717471884 12096.641552136392 195156.11075071784 98581.03737906412 126570.0569099659 26604.529456229848 6207.608912320208 12414.567647046295 6119.91703584845 12837.431044963792 2025.2934245043016 0.0 0.0010803805499149915 0.0 0.0 0.0 0.0 0.0 0.0 447.51563549254047 151.28591929724237 123.71411677660797 1952.3178374826225 8.72654951293898 1.7346417368166565 3975.2085714056516 17499.12458427768 73935.02562511747 507182.8142615228 3333.567641889563 -9999.0 -9999.0 -9999.0 -9999.0 -9999.0 -9999.0 -9999.0 -9999.0 -9999.0 -9999.0 -9999.0 -9999.0 -9999.0 -9999.0
927.7503136683129 0.0 0.0 0.0 0.0 0.0 293.57631579869553 0.0 0.0 0.0 0.0 0.008297327931591507 519.1598065430892 99.72627899106516 18399.999970727033 13370.75610725047 740.5629139338525 16027.351621694894 15066.297365879052 131586.64811918288 128317.49842529811 158938.41779478066 10698.407495456506 19774.96543073957 18660.1373491257 12273.014438789834 0.0 8128.442547790977 0.0 0.0 0.0 0.0 0.0 3.1127517273633316 44.697386092790794 24.537052489252744 2465.720013413617 2165.6314148245833 3621.623704950245 879.5361235084962 59.16707635723608 1897.9525533145547 20970.52147171571 276344.2586238976 302590.19039015257 370931.5124333411 -9999.0 -9999.0 -9999.0 -9999.0 -9999.0 -9999.0 -9999.0 -9999.0 -9999.0 -9999.0 -9999.0 -9999.0 -9999.0 -9999.0 -9999.0
0.0 644.0751895483367 253.41125242914876 1694.4842714173033 0.0 1517.1758426557178 10382.270952653369 0.0 0.0 0.0 0.0 0.0 0.0 1777.496715991234 2686.3509034145836 14702.851615649888 790.0239586900003 115693.47380464937 17392.87668765378 6019.816565676517 93855.46032878108 33472.078523259835 13409.271752845803 13490.277115977331 22403.588564370002 10689.479645546722 3337.3709689199 0.0 0.0 -0.0008104462806673202 0.0 0.0 71.0447748204956 99.05072835788486 10375.2851025104 38561.965550307665 0.0 0.0 0.04456721925225809 4137.435361007329 0.012965475500934522 2.3118435781284346 164953.00167660695 439473.0263761097 501986.8611079093 138622.65361804835 -9999.0 -9999.0 -9999.0 -9999.0 -9999.0 -9999.0 -9999.0 -9999.0 -9999.0 -9999.0 -9999.0 -9999.0 -9999.0 -9999.0 -9999.0
7565.58089767552 5904.072034134593 18101.07042434851 30308.41436047408 3895.3405843593055 15922.316519485594 28804.07656123773 1241.784600375051 0.0 0.013350095873706086 0.0 751.5656122063191 591.5462210689974 11945.938466315134 3171.585195388751 1907.663121435967 532.6836770014795 84074.54015449036 83953.03545138637 153.25100609409154 87767.68172933416 14796.853250099048 39525.37338308111 21411.393208342466 0.03930460207034339 6059.635474418705 27099.507389437516 0.0 0.0 0.011339879153692993 0.0 0.0 1.4549471423246065 0.0 8919.149807374475 0.0 0.0 1.3950971813771953 7.434034705266496 0.0 8204.51903341391 0.0 15994.934918111201 606587.5910062385 290529.30794833414 -9999.0 -9999.0 -9999.0 -9999.0 -9999.0 -9999.0 -9999.0 -9999.0 -9999.0 -9999.0 -9999.0 -9999.0 -9999.0 -9999.0 -9999.0 -9999.0
855.0825289671429 1923.4856855697155 5608.85786699295 6864.889982025779 37947.11982315833 27731.404641225534 40962.105936841035 3364.6557523741844 8840.2950229812 0.0 3142.524652394106 10824.44119938525 4553.023441998672 10697.477123320665 1989.6911469754039 136.03327217110402 1261.320738025298 63318.35063348742 9790.553334960583 768.5854473290833 213997.69000666015 140931.46621604683 26258.766863383476 11205.242110239627 32750.694688719643 7889.5319010908415 8298.015164951294 0.0 0.0 0.0 0.0 2190.894188767676 15.788166108344592 0.0 58.238520407915054 542.1910209463662 0.0 0.0 0.0 0.0 3.76893418183009 116812.57052493046 207136.21711750617 368431.12850375444 -9999.0 -9999.0 -9999.0 -9999.0 -9999.0 -9999.0 -9999.0 -9999.0 -9999.0 -9999.0 -9999.0 -9999.0 -9999.0 -9999.0 -9999.0 -9999.0 -9999.0
6919.720343127462 6135.560761483288 1878.6653381395963 3870.6491443291907 18543.722499233394 33229.66838174875 23607.603620765323 1523.586708968959 428.03941004508727 0.0 13435.6497550091 31909.473253148222 25986.669305072646 3593.862094345542 385.9308473032078 14911.136573657228 27881.32827262026 99914.14795165224 55195.33442640975 214.1465353008307 195.25581572356992 151624.72935044157 0.015383617930595818 13128.255152879488 41255.98548604466 16752.54664406785 7967.462394495883 0.0 0.0 0.0 404.28309847521257 0.1503349076103585 0.12232297141708723 2672.61377156909 24338.160639539612 10412.419549395268 78.93125693553732 0.0 0.0 148656.02574866387 12959.759435878685 212047.93319425982 94453.3751489819 -9999.0 -9999.0 -9999.0 -9999.0 -9999.0 -9999.0 -9999.0 -9999.0 -9999.0 -9999.0 -9999.0 -9999.0 -9999.0 -9999.0 -9999.0 -9999.0 -9999.0 -9999.0
13603.704590324814 23503.717400022673 19432.63150307372 9507.907996469181 12312.275884684726 20871.42826975258 34962.70580550983 14370.126127557996 0.0 0.0 5101.977441691959 20726.607180364324 3509.985313509949 10682.166272359374 3303.4429354810068 16996.352008952977 5743.241765438837 209413.966576114 116606.18701177282 84535.55333106901 123812.35762427031 110574.82356271427 5337.695581033107 75886.18688831531 131034.15007823835 127584.39860277715 58136.92143153521 13069.850666420836 560.2950035652908 505.66304469515046 0.0 0.0 23598.828534876382 43934.05994705772 9487.141744498469 40986.87620506076 740.7978713464895 0.0 2400.4539694488612 2957.227420690523 198185.99187442896 160371.93241473654 -9999.0 -9999.0 -9999.0 -9999.0 -9999.0 -9999.0 -9999.0 -9999.0 -9999.0 -9999.0 -9999.0 -9999.0 -9999.0 -9999.0 -9999.0 -9999.0 -9999.0 -9999.0 -9999.0
5394.954631087752 8644.30348336338 8905.62407667778 14303.82439056125 29360.73437414311 28401.974219062246 13537.606078902321 1162.8559295722314 0.0 0.0 5429.157298782336 19364.346411278548 3496.192506120584 142296.2578114714 1177.7714371572542 14331.088660759153 102160.62586681174 258572.92932518243 6714.449181088785 135387.31574285953 111199.4098609297 164187.64742111502 93503.09949136229 6653.60999790482 30379.3702859146 162306.325560476 11357.624251393228 29115.99822791985 109084.76054012432 2028.7023673393699 0.0016592223506950614 881.2496475824615 13471.059697587973 0.0 0.0 135717.04572083772 26795.161806670356 0.0 45595.8848337491 90053.46274077788 170122.66936603707 0.0 -9999.0 -9999.0 -9999.0 -9999.0 -9999.0 -9999.0 -9999.0 -9999.0 -9999.0 -9999.0 -9999.0 -9999.0 -9999.0 -9999.0 -9999.0 -9999.0 -9999.0 -9999.0 -9999.0
1109.2628195492928 0.0 2889.6567799107547 18961.62830457674 36321.91909605403 24093.703798565315 2345.4049282728197 1324.6390447113617 0.0 1622.8209046475047 2063.308868534501 12568.587491620148 3001.3493430569206 6596.319139153995 12702.970070505773 45526.12853040346 181712.03695508966 96725.9120477982 1618.500291003387 79544.84233516682 173473.67356838303 149156.9865964341 107561.89934733295 10346.23172330507 44520.602091523964 15307.805265359164 128071.56504356104 217898.3075834983 168403.29775646667 4058.68899556309 2618.253359692657 19299.778779065527 78162.7423005495 375.8184859532078 0.0 49621.85945716557 38457.49453159498 39484.9161298612 146085.29650296998 27749.48395190653 70836.56493146578 -9999.0 -9999.0 -9999.0 -9999.0 -9999.0 -9999.0 -9999.0 -9999.0 -9999.0 -9999.0 -9999.0 -9999.0 -9999.0 -9999.0 -9999.0 -9999.0 -9999.0 -9999.0 -9999.0 -9999.0
736.5627231413548 1413.0775635393184 6848.023205183285 47152.930782919575 191401.65135352535 8890.92551105685 1401.4960738964198 945.2847828743585 0.0 0.0 17295.072452189608 27186.874274360005 1571.5675141564261 13465.633397758167 861.807436027351 111453.4378035605 176368.64632513816 127791.94836727141 115107.16555742838 44.70182697940494 142901.61691535966 94702.57238315299 180119.84824460035 47497.79488660374 23270.995444333497 18711.147693157523 39179.45634177521 465209.8533543375 28883.060893865964 134649.8379955131 0.0 48579.15692137091 121774.39340186451 5950.49961392846 0.11140390868779013 3770.1173333247007 2521.9491667002803 13744.726522508397 12225.233462750626 159418.16155938694 -9999.0 -9999.0 -9999.0 -9999.0 -9999.0 -9999.0 -9999.0 -9999.0 -9999.0 -9999.0 -9999.0 -9999.0 -9999.0 -9999.0 -9999.0 -9999.0 -9999.0 -9999.0 -9999.0 -9999.0 -9999.0
42129.52795431248 7952.474736305843 2465.156784616945 44765.00488599676 50041.076049797266 46151.39872182137 7077.931179211565 3786.590235210263 2898.412156031107 16188.923347515683 47257.31689326961 206353.79866084244 191508.3013259191 130113.29102150985 94706.63240697622 174321.73103053911 218840.72331461357 172969.77997049858 142035.1451884919 26148.091694979143 120162.80063567184 131244.44020152558 209730.23508354128 205527.542468703 24597.359253038987 274209.7387356841 154512.9409313477 295976.0060270619 250870.94404822745 82848.84161649438 21873.908087825268 50552.71618049984 17993.00739798286 17328.963094372113 85643.78653277083 13966.369050908484 0.0 107154.33357679225 2463.199804603084 -9999.0 -9999.0 -9999.0 -9999.0 -9999.0 -9999.0 -9999.0 -9999.0 -9999.0 -9999.0 -9999.0 -9999.0 -9999.0 -9999.0 -9999.0 -9999.0 -9999.0 -9999.0 -9999.0 -9999.0 -9999.0 -9999.0
504013.15534897835 41265.264575228975 9090.804390097304 33440.873583895875 36153.246939374934 54554.22548839176 12058.698022162456 29205.52445867733 139937.41919427578 158269.89750642312 228615.91371011315 171557.58278712485 219228.24507563567 3668.170391318695 143565.82020478096 235954.05967967672 171006.63780910458 176932.2354329307 21474.657852399767 19378.41776779446 36810.928359136095 23481.978183620955 47892.71101579532 163771.6526926943 31192.041488169172 65797.81288704573 35106.2548011003 124894.65411506282 45360.43950125025 210731.36790266185 101411.23936364875 253522.97001260065 19429.671244000583 23924.74679932613 3958.72015594353 0.0 27845.53510359852 19064.273293484966 31429.927110423738 -9999.0 -9999.0 -9999.0 -9999.0 -9999.0 -9999.0 -9999.0 -9999.0 -9999.0 -9999.0 -9999.0 -9999.0 -9999.0 -9999.0 -9999.0 -9999.0 -9999.0 -9999.0 -9999.0 -9999.0 -9999.0 -9999.0
290520.35770397936 38035.26436172788 31452.09082863646 28151.34109646353 31462.964785644832 418220.7221663074 339290.8789641441 255318.66625034262 322246.5693657469 245263.16546786646 221743.09527296195 171004.39366926538 174715.02041675945 116625.86125272475 186349.36688717315 198883.14687824203 205167.41611306573 170863.26899805735 132309.94789641423 188045.51181451147 24296.66467216756 62728.22743488966 49525.239720506324 53538.21024585723 17815.89955924155 50958.82043768415 146594.3381678161 173118.2476857846 144488.71060899782 73650.85109026647 82612.71018720626 50793.4094829866 3428.498813397667 6674.2962562765415 5379.656603058766 860.3842492928072 31222.070890601433 13610.794756086327 2047.402827862938 -9999.0 -9999.0 -9999.0 -9999.0 -9999.0 -9999.0 -9999.0 -9999.0 -9999.0 -9999.0 -9999.0 -9999.0 -9999.0 -9999.0 -9999.0 -9999.0 -9999.0 -9999.0 -9999.0 -9999.0 -9999.0 -9999.0
93840.58800270362 126763.57108808034 147265.66785908153 126249.2384127769 90961.1596363789 465291.2756405782 374992.77305823937 380408.5620388494 392631.8868077255 213170.9297392851 450755.40825594356 99778.7429007292 156055.5056807443 190288.72029945353 226469.4600390812 310086.3557673972 53033.25692017049 303030.81129411457 204655.35750904446 159637.07623693062 43333.12355411184 20158.589220861144 38058.11297778573 49104.876863493904 330116.8193481624 224810.27595184464 82008.55200211589 269231.8794529793 343414.1587849664 95918.88010225908 55618.262135278055 44545.297197777276 219027.32731235173 112206.43017218003 126553.71612496089 10726.709498025979 117217.97605011756 9034.06637612656 -9999.0 -9999.0 -9999.0 -9999.0 -9999.0 -9999.0 -9999.0 -9999.0 -9999.0 -9999.0 -9999.0 -9999.0 -9999.0 -9999.0 -9999.0 -9999.0 -9999.0 -9999.0 -9999.0 -9999.0 -9999.0 -9999.0 -9999.0
30339.183349184954 91443.11990656889 180042.48066838854 53414.7609222301 199431.27510780722 266483.5065157387 409999.1998206261 480284.9467173509 348981.2819851009 297241.6915290404 286398.91377418145 166381.92874536786 261060.43324598265 253676.77460457827 234306.47236032697 265745.5567798238 357602.5438060543 361907.0672894593 48857.32729273899 39710.65014582346 60348.14780699264 160117.02991298935 48930.725844191846 26395.8892920367 176507.69187983425 36341.196817408774 28358.626204156193 263349.2402962076 232471.7448777462 249943.8855776551 122158.74076503798 91216.76222758245 8782.921194265724 137524.90993364656 12597.444283284776 16251.11727554782 22130.694741586536 15481.758224454477 1432.1863836640796 -9999.0 -9999.0 -9999.0 -9999.0 -9999.0 -9999.0 -9999.0 -9999.0 -9999.0 -9999.0 -9999.0 -9999.0 -9999.0 -9999.0 -9999.0 -9999.0 -9999.0 -9999.0 -9999.0 -9999.0 -9999.0 -9999.0
16260.085950988032 14613.530893940579 216014.88277360762 40269.88156756836 201638.33616954152 303193.1093602931 223504.58998998548 316958.8428114702 332305.5060414242 284749.5727921855 253726.84749810072 376725.5245278141 378514.15031903243 316677.31856608676 236004.03822804784 71881.09159690395 343841.03597434855 223170.22544210777 264016.864713151 160512.01253430537 130702.61781216261 188478.0180543434 177532.32206291126 30037.81017106886 26711.90176247142 163923.14635606346 123046.50046007399 246044.95834978973 278852.54464377236 242069.07054931857 125278.7337827117 104297.89357626419 104160.82350243337 67927.36166315331 0.0 16732.915222312364 29043.087789546404 30045.97187862014 1705.5720166377398 -9999.0 -9999.0 -9999.0 -9999.0 -9999.0 -9999.0 -9999.0 -9999.0 -9999.0 -9999.0 -9999.0 -9999.0 -9999.0 -9999.0 -9999.0 -9999.0 -9999.0 -9999.0 -9999.0 -9999.0 -9999.0 -9999.0
75189.33539806124 91058.08572615337 192215.96752569574 107107.34628482172 91676.77686166516 247424.9290688538 277811.7072765636 182217.67675537604 398444.34176751744 311457.09111598803 399401.5280111984 410439.732463159 353212.60011647496 292743.54758306843 244027.27263451676 267657.1819689822 358886.4670425755 397346.00174253364 272898.1947609891 249692.32798484626 446186.1461599814 267354.97947802825 142165.94024030352 205628.50827575114 35437.883438381155 132029.43864984356 95542.3970589989 140674.01795022114 300192.51552883687 42202.23754922705 72858.51394238303 149341.83235402452 72167.97016982303 91371.86401816606 63127.255965966586 11753.047557429296 164072.44661434655 24532.9174897292 295.29647288356443 -9999.0 -9999.0 -9999.0 -9999.0 -9999.0 -9999.0 -9999.0 -9999.0 -9999.0 -9999.0 -9999.0 -9999.0 -9999.0 -9999.0 -9999.0 -9999.0 -9999.0 -9999.0 -9999.0 -9999.0 -9999.0 -9999.0
22657.67531443833 15923.690730067527 7928.9214160299625 11171.522692112363 78577.39912662959 274365.9088995655 263270.71116173157 364446.1511314416 504007.51961045136 316352.0171303938 410021.94424396654 365907.2620318243 397985.5213278369 498044.0497021428 372074.3831563676 354143.23946560896 377214.08766969375 243292.72567491303 448060.68696363055 442098.80276173097 334268.0260738506 301122.6549882444 189407.93722276506 199797.72137303697 39764.757156487634 120285.19446545056 252771.35788322505 102981.7922201213 234564.75310576145 45090.59766504224 13166.477234227761 170397.60870653612 132329.5727897237 106707.52282618702 119961.0093807673 93081.51466979152 13662.547577238613 123432.17560598446 -9999.0 -9999.0 -9999.0 -9999.0 -9999.0 -9999.0 -9999.0 -9999.0 -9999.0 -9999.0 -9999.0 -9999.0 -9999.0 -9999.0 -9999.0 -9999.0 -9999.0 -9999.0 -9999.0 -9999.0 -9999.0 -9999.0 -9999.0
13447.30119580389 9887.996500589783 3910.644026217727 790.5726382846847 29839.253391365204 192475.6633224875 321031.7766901547 284166.5668056822 256599.78330506058 400236.6970398312 518363.9119193434 367640.86268132075 357819.717041342 523315.2044532857 495772.2425674726 450201.3545341827 316180.75950636616 287084.91071376624 301563.73324386345 317083.11115930026 463240.84856037115 318824.2915786885 181558.6353212245 164238.79928452353 99117.98582182938 90191.2451618805 189241.82880452508 162438.82978028798 162823.18893880188 17350.20170319986 115155.77922676568 89541.94648838541 127023.7339400107 87983.64983840409 150256.8971989847 26524.113527042384 17040.963619409824 21048.43716575124 -9999.0 -9999.0 -9999.0 -9999.0 -9999.0 -9999.0 -9999.0 -9999.0 -9999.0 -9999.0 -9999.0 -9999.0 -9999.0 -9999.0 -9999.0 -9999.0 -9999.0 -9999.0 -9999.0 -9999.0 -9999.0 -9999.0 -9999.0
11395.891932302688 15256.979613769114 88942.5593736493 90606.5767984493 7191.192800902358 107346.27254302427 426845.6051781805 398644.8876431512 424162.36585381214 400354.33191356465 345927.3619215359 437779.53088719316 339615.5590293216 476819.8354077681 436661.64519496856 497780.87025362387 531407.1254493337 394271.19346818974 370574.00527934515 58057.96437006687 66000.85921747265 366796.0514876022 155718.94880902398 114494.520162909 53921.75935729046 129958.75876271959 25718.939980913925 52803.86514830357 86084.25982172073 135858.92631478433 127292.48627552787 101589.86144626455 105217.74870119177 147264.6490693944 159325.7010427512 221330.25224260843 20711.907335440068 11438.791174927228 -9999.0 -9999.0 -9999.0 -9999.0 -9999.0 -9999.0 -9999.0 -9999.0 -9999.0 -9999.0 -9999.0 -9999.0 -9999.0 -9999.0 -9999.0 -9999.0 -9999.0 -9999.0 -9999.0 -9999.0 -9999.0 -9999.0 -9999.0
