critload/trunk/output/2010/nle_nfix_gw.asc
ncols 720
nrows 360
xllcorner -180.0
yllcorner -90.0
cellsize 0.5
NODATA_value -9999.0
[rows 108 to 134 of 360, columns 122 to 182 of 720]
0.0 4411.912887902442 0.0 0.0 0.0 0.0 0.0 3.657476304100034 0.0 25.89203722431816 851.1498414932742 84.77228935283637 78596.54059064035 11028.516147672948 1229.7455012658977 0.02142358375463331 7.410234213296624 0.2913647833423583 0.0 0.0 -0.005686638228919556 0.0 0.0 97.96067048292598 2194.254266171209 51571.181825035266 297.06670859974435 0.0 57568.204700385235 17714.790340728723 24117.73575752841 78965.06400021838 150242.85283200882 780804.7480515032 401029.72696372133 204609.80031414825 274500.8808795479 283112.2921025109 247075.44724327093 423327.3151206654 603522.7184146828 742238.1590698255 1341087.396088028 707781.5291962652 769002.8319772715 912512.1757241111 1870814.9339725897 1174699.6898683137 746223.1176592825 380714.5626091909 110971.14201375454 116.11107182536706 96354.93934488269 13541.095566439026 361023.98635689 650835.5390172299 1248470.3643339414 1620534.5650732866 947686.6562262853 1283766.5183544478 1183136.5056598813
0.0 0.0 0.0 0.0 0.0 0.0 0.0 0.0 77.1745254255042 32.623611174816446 3291.110143827773 55.58045167370566 104944.34683239012 14683.060215194091 3737.3019265409052 1.4604558685744058 2.6186145487540644 0.0 0.0 1.1102759416138435 0.0 0.0 94652.34331839209 26032.569956060473 61396.176072062866 150358.32648098576 20806.76480092411 28513.107646014785 3875.9492531119454 0.0 68851.74264525101 67544.5458295318 241898.63286107147 461815.99787446763 378911.554403457 777700.9301182448 259858.2877905236 449217.48180707777 470549.19286157726 937510.5797669573 859989.110188503 974383.6647579204 1211220.124618947 759055.3653842846 1205155.5039054402 1378387.2895195466 914238.5104389762 1085230.5844192952 1210533.9589321907 1104790.1273849262 813290.0068166234 581948.1520904595 752111.4055320289 1105398.7573652428 1271020.1249228476 572022.8815202743 1322870.6936842569 834529.8057905429 1099290.8269146883 961753.5291991729 605010.6618895299
0.0 16662.8667692945 0.0 9309.56331073914 1153.9307726899588 0.0 0.0 0.0 0.0 0.006130055190550557 545.339749166108 54182.08417978222 3938.9264351403212 122946.72492964608 12853.293716637278 3593.6634732006755 0.0 221.3188371869377 599.5177522270353 766.8888683731134 0.0 5291.198936849047 0.0 0.0 0.0 158347.27414892684 7225.884000500714 0.0 0.0 73053.11109337717 380529.71353525436 891100.9388149392 725468.859882685 769147.598673673 777427.2831331005 209853.79329970214 430022.2918864475 659045.0197610869 514994.3669963691 721571.7704185115 550564.5743381531 755141.2513664148 754531.5248497183 1259033.931017843 1280286.247410009 808346.2532429589 568523.1538816353 293903.00817462365 153684.6238276337 284683.7586380971 18643.483440289863 -0.026879636449482696 81068.36799120219 849068.2662290065 1232059.3033913348 712897.8296432687 1361700.986181637 1178961.2574217557 1989348.348357267 1037817.2492804239 2210926.2742230683
0.0 1029.5862790819183 1972.9299987041434 3751.801749954195 748.695203151225 0.0 0.0 0.0 0.0 17023.23581409921 552.8697698949823 1916.6177741234062 5076.958612134697 1793.9372731454837 558.6374555906934 596.079879530936 403.7566637858792 2222.4623592247985 191.5420639402821 1506.9074207110693 0.0 950.2961769322679 14877.804773888976 0.006628313871237889 1994.122353604997 17817.702299361605 42305.96281212963 0.0 0.0 2190.7350264888614 172745.41041124714 570335.6727473225 461670.84453398467 768850.2211485219 1106184.4349527974 901188.6573280301 250868.93905147375 323157.02952425496 566968.9406245233 1267539.5963091052 709267.5139028878 388115.88265873864 82821.02470995628 633162.029896821 851106.0028226736 888229.7871898134 59218.43556368831 139558.3412552332 179882.34080088272 43420.523333701276 76586.57113204907 170910.93813921133 20574.78838986615 86065.81073352967 490030.3006798173 600469.6605117986 1020236.968357986 1229741.2179867555 1234041.6390289965 1348689.6769022057 2089285.4575817739
-9999.0 21.814932614759613 18897.115941864933 123503.12386203186 0.0 0.0 0.0 0.0 0.0 32949.041243004925 12462.7781696897 25274.700600324464 925.9550800751485 19862.97968040238 90333.4022111615 1287.8482324617557 788.1369420302374 179.43173641193778 6381.536358078626 255.02755364845274 0.0 0.0 0.0 0.0 0.0 0.0 32396.178938620265 4682.74720712371 0.0 0.0 54598.66255862531 363890.75367243006 535033.3105814052 700491.648412872 848703.3644497752 1047656.8274993891 138894.42491991562 238522.68360245714 561595.9563795918 526278.9108181375 196188.91972157056 142561.50738565612 191382.987272986 991279.8922269944 748096.4454267743 1506897.2188577305 1655204.9354489306 1766207.1739259332 1158489.43567845 467767.7209250346 612129.8633165295 54599.94119782982 0.0 1980.913734324089 504556.1202280727 612232.3457270353 1129913.9119626076 1339118.810482509 589099.771684229 776313.4017699615 941573.8134372146
-9999.0 0.0 32.54055245432393 0.0 0.0 0.0 1564.8161027230808 0.0 0.0 0.0 22.418899385502886 16266.55768544154 42941.465030711464 68419.10084181669 107909.67095885023 36357.86062883478 77630.43258555591 81508.28690536245 2617.288190110733 307.20850631428374 928.5550360989627 225.2974001363931 24184.465957830475 0.0 0.0 0.0 0.0 51524.10548128577 14.188870578397465 0.0 18426.156210895133 363660.5715781876 418011.69577951706 585580.8963193169 671894.1276513673 153310.43320590537 200147.43318152105 272605.32202918123 1228364.7646340833 255913.35428470146 175662.00521169565 0.0 124036.81525089878 294586.88475372066 544234.6006231698 494645.04143877694 1527193.4776482289 1161360.5813369206 1063151.7560481227 456467.9442854993 565079.7032255833 248.5055759774165 2044.3213853105528 0.010955963949226108 291121.0206279735 673167.3112315438 1108925.7621169498 1322600.2093878393 462402.3458937959 186779.89814436846 554232.6933101203
-9999.0 0.0 -9999.0 0.0 0.0 0.0 0.0 49731.89808532172 10849.145443284571 40951.11126455612 34877.93026254766 6187.049103483779 25060.05318885672 12248.05444383132 157682.00342454758 29401.32432083588 145894.00277042374 7956.775738385285 21033.144432192184 743.0457840030392 29287.330805770143 9114.937475193161 0.0 0.0 0.0 0.0 628.4870053613715 27377.187103422966 0.0 0.0 14493.243174822332 279315.6105256644 604339.8521248435 397859.5936158752 315309.13630469283 103906.4586550742 240742.02781899853 421087.298849382 405339.630060332 76512.82939588815 5183.020328347417 49923.818172196305 105030.19653228359 130101.16027290132 149892.41285074007 893323.2367649722 997981.8853513094 885031.6979385845 427407.4148090318 103628.4082821933 380222.62145077804 2152.5632418286514 11065.265471395434 249339.25702319064 327774.5317199026 379224.9838694901 851839.6613176102 1134980.3890260295 365182.0217578298 406260.87633631134 174723.7446103101
-9999.0 -9999.0 -9999.0 371.4345051189154 1022.6296188243533 19.45003029931132 0.34643889252159904 53235.780613642084 23445.602500074572 0.0 0.0 0.0 0.0 2.9584363473795317 136.3050807403308 21596.11432802756 32791.30472003305 68189.26413415899 13130.082961273347 9658.854408477124 0.0 0.0 0.0 0.0 0.0 0.0 0.0 0.0 0.0 0.0 0.0 240.57486396737755 21611.813441373986 25126.034651782786 100460.87721844895 125756.46899614684 227567.5112373258 203928.5413597001 270621.2857447964 228232.1977310293 576549.3887921293 500512.84008625307 191064.5833188347 402582.5223898462 251413.84636737255 448883.1151917163 902792.5643680352 831945.296660395 398086.538461795 106776.17453378876 546385.3196205487 140305.75865989333 127.08168761187923 387006.97032101994 1149046.3409562714 304527.0804170354 517205.0821688125 807350.1768424169 310114.0093083671 188170.9253814333 114057.98415798064
-9999.0 -9999.0 -9999.0 -9999.0 339.26092403474905 4050.391078260326 7.137810059227503 0.0 106.211203138512 0.0 0.0 0.0 166.53520728366934 17.95666030700837 9525.331938159183 102206.83367349717 81606.82543202501 39961.79306438987 8266.421769347982 6675.060470025545 0.0 0.0 465.841990713355 0.0798370843046317 1552.8386452496718 28834.692939143708 0.6597731894799518 16599.129478116218 25.91657151942329 0.0 3.0190693876172174 98.88125948133211 103.61209729633109 20282.355736080382 275924.5526683218 128620.64971983425 141890.02579353645 423696.5195667293 228109.5472706155 205941.52177693884 581154.3036421129 272666.83023788634 112942.20015088709 181391.48020679087 142586.70524050258 215582.84507748636 515832.2781730395 221172.1345794011 28239.91832125978 22469.51876472593 0.43295931620874983 502994.41412688047 251461.91288175713 36797.663579923385 520179.98598715744 122227.56178293153 60757.13691046146 221940.10539255547 342120.6669246018 213522.51089172257 29712.87988703909
-9999.0 -9999.0 -9999.0 -9999.0 0.0 2854.605153224806 1134.6072668891575 0.0 0.0 -9999.0 0.0 0.0 0.0 192.925775819131 2.716063961575552 203322.76122967224 176821.43931959086 232745.84508625435 231.05970847094895 5.695660970346802 5.753336023346622 1064.1438148509865 259.8014769004386 0.040338535847770016 0.5619319714010561 8605.959276749083 71879.52962921694 1.9333279427083676 623.8131531971347 0.0045015607160873985 18627.146830785674 4622.586271289647 470.9680869904447 24783.901166645504 227000.56655158245 65381.804331918014 126190.2886371002 327581.52636032266 185557.55822603617 177509.8485199762 323987.8230453827 33358.214708089065 30374.589683942766 502091.9876591186 1002528.8692955124 516640.275421541 488029.45836629765 154320.3875328477 1115.377189807985 0.0 -0.05107761240792915 0.0 229102.3996560286 917627.0020221549 251138.55696584322 184117.88932714358 45277.30924408182 270278.7840001384 173273.90622935013 205443.23893981756 2299.54143243757
-9999.0 -9999.0 -9999.0 -9999.0 -9999.0 4141.10776134172 6125.000890600604 0.0 0.0 -9999.0 -9999.0 313.38873186536523 5949.481021452984 12201.044066279273 1633.673871031714 1589.543576067995 4463.693129298059 115.42824005413608 1002.8755463851683 26.888037442435518 4031.053336659428 383.11452697050055 238.71424628603876 184.84686221789747 207.6078923404782 100.48506071553832 12.784543172327963 0.5490268736301747 26.864999645371213 1348.6017372254614 13030.349929545102 7862.076569077783 658.2496370786793 11627.624554916769 75432.85851755559 84211.46730129654 92454.4061707277 90900.7114719289 90192.51321893126 164114.49761640397 153492.32109601688 875.5315544914404 185692.05085554172 525636.1866500224 768044.2398227252 579410.6860667828 152888.72686423227 96584.86582787374 4580.749727071302 1435.138342263919 39224.26183496471 99125.678154572 198587.83614526925 693000.0856834179 435967.8784368903 606452.8909842948 40849.4363729363 115802.14161175727 50738.92636194584 31082.462953163158 60976.75979279847
-9999.0 -9999.0 -9999.0 -9999.0 -9999.0 -9999.0 2096.4293155146047 0.031005535359628404 0.0 -9999.0 -9999.0 -9999.0 0.0 60.2872232631843 238.91126812271878 3737.624598096929 268.50652069083213 5581.421175760269 139.52870098139744 25.70644976961638 267.87058593926645 58229.825450420394 4264.741583908019 11.89956513886322 229.96394447297388 138.99179128091865 0.0 0.0 31.147475988458602 0.06390480414512509 541.3894781379864 650.6957485626104 249.18570297300593 0.9881843580500558 1884.3145836048602 75573.40154962972 97986.81342202658 92806.34628106389 105434.37813308284 42861.4030774233 182106.42662597037 45143.22662385424 50568.261240106905 407401.7044038964 311840.3910126176 823153.1995875308 492594.0552537517 82506.74752163366 94297.45192894457 93453.17999403179 91829.88068563108 270798.73134330445 917577.1716384126 1005275.6509242783 712842.3440953357 146346.53459347936 317320.06767162867 37057.4216229881 12080.635112655618 9856.480123323921 3310.096404784538
-9999.0 -9999.0 -9999.0 -9999.0 -9999.0 -9999.0 0.0 0.0 0.0 0.0 0.0 -9999.0 0.0 0.0 0.0 0.14044919833274555 244286.32809665328 25190.258820203606 32166.449493622273 18135.76480041008 2326.0442202990794 20810.960585581903 4031.6824887257976 48.454744592766346 124.40752162739429 0.0 0.0 0.0 406.6487306876254 4516.261758739357 0.15672701124875196 0.0 0.0 0.0 0.019520275780292765 0.0 48592.21069803335 17377.210592644173 24596.301883182965 77117.15950832817 20044.097196871433 72415.94409700949 117731.02417081442 83317.00613488452 381511.713754461 717203.7457600267 652295.1289709898 122863.26700492171 312050.63158051565 228841.0506514258 -0.01779876662485847 2737.623232750945 22771.71537900247 249491.9597113629 0.0 0.0 0.0 0.0 0.0 0.0 -9999.0
-9999.0 -9999.0 -9999.0 -9999.0 -9999.0 -9999.0 -9999.0 0.0 0.0 0.0 0.0 -9999.0 -9999.0 0.0 1804.7132823773497 50.37530286680899 2498.5036257075503 284.9790108423065 16821.239120084672 128630.41620743048 10541.24802198361 10219.1024442985 116068.85801514235 3198.5696020189307 0.0 148.44118186930524 0.0 66.94126831501407 82.96038946482102 77.88034266260424 0.006545112158704357 0.0 0.0 2.214827817594267 0.0 140.46333060865834 38580.56092267923 64516.79558956253 152008.61014464375 33455.8868629697 212416.66398057566 453082.6731155931 132200.0060246977 242014.87167613703 483113.821554418 795539.6658315145 467419.6850017003 391969.72970221506 10412.334412251104 -9999.0 -9999.0 -9999.0 -9999.0 -9999.0 -9999.0 0.0 0.0 0.0 0.0 0.0 -9999.0
-9999.0 -9999.0 -9999.0 -9999.0 -9999.0 -9999.0 -9999.0 -9999.0 -9999.0 0.0 0.0 0.0 -9999.0 0.0 14993.604299283825 2447.177017851518 0.06984052474969929 103777.41633641574 26251.42438823578 20192.85149428751 1200.0425048965983 8610.425996019398 265851.12226461613 375817.2801655424 417520.2584025447 310.2476159362336 3214.506945151104 16.932935975806107 483.1499565538545 0.0 0.022112944282703814 0.0 0.0 0.0 1.188145282534653 145.04282079828343 1656.0442431709268 15979.43785425022 160126.71807628492 174786.9531895098 128460.28777362112 79148.5278087342 434086.82067241264 354995.5186873077 394519.33778297796 383617.6789213562 115839.70788495186 4960.799631602391 -9999.0 -9999.0 -9999.0 -9999.0 -9999.0 -9999.0 -9999.0 -9999.0 -9999.0 -9999.0 -9999.0 -9999.0 -9999.0
-9999.0 -9999.0 -9999.0 -9999.0 -9999.0 -9999.0 -9999.0 -9999.0 -9999.0 10.482207610159303 0.0 0.0 0.0 -9999.0 25.87340128906173 367.51270424446136 4567.036385799907 2.270380160159457 22875.037582169338 11697.301940678499 6624.765364062199 7823.82077675467 29186.96877873803 319342.8955568512 5938.076188460291 163.1978461098462 7374.847956747987 16848.576605199265 0.0 0.0 0.0 0.0 0.0 0.0 65.87269301598607 11.820883264602289 3401.788312702972 425.9671474711105 191175.60986486284 96101.8607293686 6352.063366385296 111713.59339404499 300919.5795605507 148852.71010630738 66301.64923087829 5326.478900177355 -9999.0 -9999.0 -9999.0 -9999.0 -9999.0 -9999.0 -9999.0 -9999.0 -9999.0 -9999.0 -9999.0 -9999.0 -9999.0 -9999.0 -9999.0
-9999.0 -9999.0 -9999.0 -9999.0 -9999.0 -9999.0 -9999.0 -9999.0 0.0 0.0 2.4892412887225235 0.0 0.0 0.0 -9999.0 -9999.0 173.47900015997504 11936.29666592995 103410.87850630886 25620.73980785664 13482.067059004197 14680.600995989891 30433.660483899286 87218.1939704113 254392.43123715493 96.4086604766379 64.48337388362003 4889.428106358404 27.720117349978572 0.0 0.0 0.0 0.0 0.0 779.7881417036441 2346.0626129525344 46.76902601222993 2.6335013788487447 18.39677634731103 3679.1931853070846 144806.4434003433 147228.29761930325 62700.71481003772 26452.827280351004 0.0 -9999.0 -9999.0 -9999.0 -9999.0 -9999.0 -9999.0 -9999.0 -9999.0 -9999.0 -9999.0 -9999.0 -9999.0 -9999.0 -9999.0 -9999.0 -9999.0
-9999.0 -9999.0 -9999.0 -9999.0 -9999.0 -9999.0 -9999.0 -9999.0 -9999.0 0.0 0.0 3.521134351492296 0.0 0.578816414474554 -9999.0 -9999.0 0.0 110188.31857885487 122813.07492578722 24334.408942721275 1643.046974328372 12086.365002512854 6410.359992423449 10526.564170991278 13184.936529404467 269.854795388718 70.90044685902366 2228.14197094318 8097.311057335159 0.0 0.0 0.0 0.0 917.3858161306524 6455.840243427254 1404.9074012552237 451.046028557455 17545.592238596146 501.412323924804 0.0 168103.81600437593 180616.57399326243 276691.8792377901 1683.2213036685935 -9999.0 -9999.0 -9999.0 -9999.0 -9999.0 -9999.0 -9999.0 -9999.0 -9999.0 -9999.0 -9999.0 -9999.0 -9999.0 -9999.0 -9999.0 -9999.0 -9999.0
-9999.0 -9999.0 -9999.0 -9999.0 -9999.0 -9999.0 -9999.0 -9999.0 -9999.0 -9999.0 0.0 0.0 0.0 0.04130415434413619 0.8534819745915058 -9999.0 -9999.0 -9999.0 99472.82861884206 51296.79127060817 15370.233926876897 8820.075467122137 5706.479279136378 2300.2370955376596 58541.32015211814 24845.94603235732 29473.90424682318 14605.734627416821 0.0 2829.2725740873684 75.71848650690238 0.0 0.1498992588038834 11.030810752500514 40.61088099219738 409.70064499251856 304.7507830448436 616.2182069577151 0.0 0.0 92156.37629957648 249451.9962201466 239417.16157229943 17705.9080593029 -9999.0 -9999.0 -9999.0 -9999.0 -9999.0 -9999.0 -9999.0 -9999.0 -9999.0 -9999.0 -9999.0 -9999.0 -9999.0 -9999.0 -9999.0 -9999.0 -9999.0
-9999.0 -9999.0 -9999.0 -9999.0 -9999.0 -9999.0 -9999.0 -9999.0 -9999.0 -9999.0 -9999.0 -9999.0 0.0 0.0 0.0 0.0 -9999.0 -9999.0 -9999.0 41143.5719172997 110908.364508408 15251.268402084328 1990.5480140340412 11375.397687566287 1765.8069969416533 4555.935066117995 66753.96772041309 9.244856078845435 26.512371586437744 2557.234195705655 890.8529049680795 2509.1658368777075 4.573052901311019 0.0 0.0 17.25052506445234 1.8273574842091902 7489.737650882494 13481.781345226786 0.0 0.0 410568.9378180747 531055.0111502719 107801.51260459777 -9999.0 -9999.0 -9999.0 -9999.0 -9999.0 -9999.0 -9999.0 -9999.0 -9999.0 -9999.0 -9999.0 -9999.0 -9999.0 -9999.0 -9999.0 -9999.0 -9999.0
-9999.0 -9999.0 -9999.0 -9999.0 -9999.0 -9999.0 -9999.0 -9999.0 -9999.0 -9999.0 -9999.0 -9999.0 -9999.0 5.28447615732102 0.0 0.0 -9999.0 -9999.0 -9999.0 104513.03950509058 264158.236508535 347022.77674138366 4154.4299830590335 17159.524033490794 1957.539283698734 0.0 15567.155941024539 3105.0782117015733 392.6409960504711 3.3993431018620566 9145.28066961857 67459.61027581616 1921.7268126088206 5306.588558055026 11.059360894161118 178.69261900477298 296.7063126099432 29647.513369864635 45137.000286481176 0.0 0.0 98540.85358174641 192909.88701711516 28557.528408433034 -9999.0 -9999.0 -9999.0 -9999.0 -9999.0 -9999.0 -9999.0 -9999.0 -9999.0 -9999.0 -9999.0 -9999.0 -9999.0 -9999.0 -9999.0 -9999.0 -9999.0
-9999.0 -9999.0 -9999.0 -9999.0 -9999.0 -9999.0 -9999.0 -9999.0 -9999.0 -9999.0 -9999.0 -9999.0 -9999.0 0.0 11298.163020217127 1.4202503849738508 0.0 -9999.0 -9999.0 -9999.0 59187.90053482286 116735.58150735333 49783.596779252664 5341.646731281397 1994.3548009191743 0.0 5297.921008929639 11364.51905811983 1994.010160840728 564.7689432972597 505.8685294684397 5801.830832314323 1.1303840144231838 2795.2063247945307 209.0767878402298 929.3448292434178 65640.6349253338 3549.8322850200257 179090.0072470063 373.04728727946275 0.0 0.0 0.0 337.4099594522267 -9999.0 -9999.0 -9999.0 -9999.0 -9999.0 -9999.0 -9999.0 -9999.0 -9999.0 -9999.0 -9999.0 -9999.0 -9999.0 -9999.0 -9999.0 -9999.0 -9999.0
-9999.0 -9999.0 -9999.0 -9999.0 -9999.0 -9999.0 -9999.0 -9999.0 -9999.0 -9999.0 -9999.0 -9999.0 -9999.0 0.0 1581.897160078842 0.0 0.008416765690610305 -9999.0 -9999.0 -9999.0 -9999.0 340.0530970415342 0.0 45156.844391059625 3720.798076063055 2844.4657747311057 242.92698552752807 85637.729010931 11736.61181006087 18129.54738392979 4439.840560237109 974.0856460172953 343.4431596909983 0.0 2.1257949889587917 18.043260529222565 348.69152686880113 13777.679051132258 16200.92596079704 8855.971534679567 7046.154889379351 0.0 0.0 -9999.0 -9999.0 -9999.0 -9999.0 -9999.0 -9999.0 -9999.0 -9999.0 -9999.0 -9999.0 -9999.0 -9999.0 -9999.0 -9999.0 -9999.0 -9999.0 -9999.0 -9999.0
-9999.0 -9999.0 -9999.0 -9999.0 -9999.0 -9999.0 -9999.0 -9999.0 -9999.0 -9999.0 -9999.0 -9999.0 -9999.0 -9999.0 0.0 0.0 0.0 420.4992603158001 0.0 -9999.0 -9999.0 -9999.0 -9999.0 0.0 23067.822649503974 1496.6460593482236 642.5535507884625 0.0 38212.8959934169 32078.89405304292 26718.19866226965 9913.776096034066 3.6598091750153077 0.06778910779305143 0.009431384659646965 0.0003036149508073498 860.8430771668974 86.37992909514288 2017.1188860077475 47421.29270651312 0.0 0.0 0.0 -9999.0 -9999.0 -9999.0 -9999.0 -9999.0 -9999.0 -9999.0 -9999.0 -9999.0 -9999.0 -9999.0 -9999.0 -9999.0 -9999.0 -9999.0 -9999.0 -9999.0 -9999.0
-9999.0 -9999.0 -9999.0 -9999.0 -9999.0 -9999.0 -9999.0 -9999.0 -9999.0 -9999.0 -9999.0 -9999.0 -9999.0 -9999.0 -9999.0 -9999.0 0.0 0.9853335460375461 1.4253512116313198 0.0 -9999.0 -9999.0 -9999.0 -9999.0 46852.176614157375 10491.618028367264 322.59895567205774 993.162376406771 4360.016586082695 7010.203949659643 4440.226822992961 3125.180127494492 713.271485987364 1013.7040407154872 20.28382178122529 35.425655693838614 5703.331545006576 7.562880196817431 2254.3695045674976 47109.52236951293 0.0 0.0 0.0 -9999.0 -9999.0 -9999.0 -9999.0 -9999.0 -9999.0 -9999.0 -9999.0 -9999.0 -9999.0 -9999.0 -9999.0 -9999.0 -9999.0 -9999.0 -9999.0 -9999.0 -9999.0
-9999.0 -9999.0 -9999.0 -9999.0 -9999.0 -9999.0 -9999.0 -9999.0 -9999.0 -9999.0 -9999.0 -9999.0 -9999.0 -9999.0 -9999.0 -9999.0 -9999.0 137.07571448207065 2358.8021788918127 267.1998857379672 -9999.0 -9999.0 -9999.0 -9999.0 3735.2476680910345 85675.54603615975 11008.355941906213 30047.123159604016 7803.748631236633 337.0605813447044 46586.798343917195 5788.422609615345 32416.42064015147 15270.42859684208 0.7039732035846209 16.14229018656753 25.698877872027168 1.6447608141592154 1987.3052490123546 16698.227894258805 36802.63801475416 12386.849616812107 5314.964708701238 -9999.0 -9999.0 -9999.0 -9999.0 -9999.0 -9999.0 -9999.0 -9999.0 -9999.0 -9999.0 -9999.0 -9999.0 -9999.0 -9999.0 -9999.0 -9999.0 -9999.0 -9999.0
-9999.0 -9999.0 -9999.0 -9999.0 -9999.0 -9999.0 -9999.0 -9999.0 -9999.0 -9999.0 -9999.0 -9999.0 -9999.0 -9999.0 -9999.0 -9999.0 -9999.0 -9999.0 1114.1621522199298 -9999.0 -9999.0 -9999.0 -9999.0 -9999.0 -9999.0 -9999.0 0.0 17318.21307701679 14218.235234946524 3094.4529258152397 22278.535215927426 8402.267420165872 28082.918639567204 39589.74822548651 100.10622137752863 586.3237175135719 8530.685975134473 254.51753632047576 7519.556792790835 65940.81075678623 74335.36376580701 827.4359048769828 12067.7744918742 -9999.0 -9999.0 -9999.0 -9999.0 -9999.0 -9999.0 -9999.0 -9999.0 -9999.0 -9999.0 -9999.0 -9999.0 -9999.0 -9999.0 -9999.0 -9999.0 -9999.0 -9999.0
