critload/trunk/output/2010/nload_crit_sw.asc
ncols 720
nrows 360
xllcorner -180
yllcorner -90
cellsize 0.5
NODATA_value -9999
[rows 52 to 77 of 360, columns 116 to 173 of 720]
0.0 0.0 35773.90841659201 76431.54981570768 48337.437381503834 0.0 0.0 0.0 2073.386429778842 0.0 0.0 0.0 11475.432814512316 39085.34856306721 38675.361323954225 181416.42099439199 172741.2704357131 919547.6677527955 1155104.2953704915 949376.8966921358 764125.0856155768 645877.3105144805 744784.4642312917 943065.2219411427 1303544.6512733176 463576.42967863183 1049158.6070352097 590782.2013823695 780432.3979998605 699984.6060612167 710280.3520385817 771953.1428584035 640281.5053361942 921336.7889492492 1069556.44241265 1045948.7785719906 935583.7766168592 874262.7813662166 907018.8370343372 868877.4959204032 826112.053929745 894786.626924415 714826.4546204605 1057482.9731885288 954281.9840166214 909422.287153645 434490.6566583389 422669.2763135481 773207.0518611758 893794.9827924268 615692.6912102657 764782.616350273 589377.3890954745 623064.9768357927 704458.9885819235 679658.2050618585 1039533.3059127545 685675.5321568681
72127.78655442082 56295.48225865424 50727.12355989332 57580.11240405159 14965.512319162914 16146.442088698657 3354.0886742206726 0.0 0.0 86533.29226174303 536913.0609664252 0.0 0.0 11645.120286029889 22659.10532405146 51366.76452589482 250135.36472643077 170107.22194359233 816626.6048536514 1083165.5054800513 957909.3837630273 836991.4191515937 794269.9482265986 888273.6185250306 676445.6753838925 823489.415739104 930526.097520493 838736.4181549122 487981.7026949524 1327251.0561975106 722251.4236108449 1180155.2429607424 1059801.3712172578 920210.0649327489 1227691.490355216 1107942.3973074753 1063295.3903609535 971313.7381179874 1021552.4489207296 789875.8220103425 171185.77329696098 58920.54930746145 977585.1032286785 651736.9589035687 653742.2770312146 657268.3071408311 1182716.645104941 529295.4174467297 814131.6060644672 387485.33182910597 988690.9230266401 681778.0868564023 561685.8078721581 696159.5263768381 770411.4473735745 677079.2504313554 595214.8900893056 938022.2098769952
0.0 5269.3732429813135 0.0 933.3376489454797 8988.692257237131 2115.7275095786813 11182.710183245375 11425.795128580112 2093.7303892372 4529.263980507901 26807.163912684176 0.0 0.0 435866.69007006503 6526.49335817938 21804.3669007286 60819.251449238305 192898.8690169984 494081.9014625528 256145.0054903133 623686.8422817377 266708.87968727574 0.0 0.0 0.0 0.0 500649.75487057836 798368.2976483377 1341500.139462571 1149731.389867326 824927.9378150373 801826.2649110316 1286751.158143373 1018886.5177917497 1450635.1954782477 1089547.9175574516 1053621.3211510002 955693.9745241519 844395.9868730215 735919.3257619777 407174.8911896047 352099.25416364224 654237.6321401639 504555.29537262366 658658.5689454776 560099.7583449216 936152.9955991799 390292.65135363926 29192.008236143676 747917.9340224818 701177.071582704 589866.0889259167 438230.04956844583 565569.2189538269 844708.88924683 708084.4438495635 797237.2079324052 683837.2978543435
585826.0907461547 188231.38184292926 0.0 37938.83325845518 121467.40970165632 96350.63576912066 0.0 328059.6854486987 59784.033435492645 298.728249740424 0.0 12414.024303180506 0.0 0.0 0.0 0.0 0.0 445140.8616723513 586395.8214652891 22647.447007034152 0.0 0.0 657506.5114416337 728858.3681274408 696629.4033199794 537269.5782942601 335734.9872287223 484598.6664307447 601063.2233956895 800602.7461884755 675042.0697949785 520929.8801421006 1164280.2706818387 1018103.907408006 1417480.4389137386 1331581.2951776437 943033.1031485688 874639.7889875977 776946.9891575124 853844.8371073897 361429.59487044887 841845.9562549298 1031189.228903346 713361.1604264264 578843.1289945298 822545.8484670817 674613.0994211917 771481.1481082021 1053252.8654418408 1185918.6998857069 609278.519068859 746283.0874830169 1085957.0274373991 869180.7413589002 668391.0276322227 968210.2247341645 779150.4852332759 974657.0572037582
359548.26082517434 120820.27114038848 145284.42360373377 1317570.6063948246 1291035.9623907148 1335822.6101780194 1394436.5068892802 1202737.5559908806 1174044.3629203562 758928.422331404 951.5385689218051 0.0 0.0 0.0 0.0 -9999.0 -9999.0 -9999.0 0.0 0.0 833172.424007577 1271026.5299355767 961104.5268050829 821786.1599561998 0.0 0.0 81891.94853672132 414676.3793568332 274749.7094452522 616664.6498714042 565841.6080398862 616946.9691926793 680381.3997960655 771287.610083738 693684.1346614452 1112912.3773588361 1058029.9591825749 1018246.4247800364 1103903.9987129287 893195.357993959 959155.2210572895 1014149.1208893441 918729.7013271158 987651.8801787891 1124821.4551875636 911277.3672229361 1033514.4920766187 807189.2389153361 665038.2901276292 857947.2242104174 806248.0676636114 1109634.9701502481 608578.4192130688 707868.5495573727 799614.4026626778 1226975.9155761206 875305.1363030637 1233467.6203339426
825541.1575911548 1624060.1061179487 851108.6203183732 1014049.5802701745 1285601.4808380422 1184452.3241312911 1038379.3359318887 703296.6295777671 779815.3380356872 560641.3657888778 18248.118922860325 0.0 0.0 -9999.0 -9999.0 -9999.0 0.0 784856.9528531274 682748.0781019853 969102.3024713831 996136.0961421375 1209873.794703948 948988.4078485838 580312.238697029 0.0 1815.339337839215 7459.609669765515 199624.636569363 624209.9527779693 677011.7838112414 672118.0678482342 580499.9555532524 604589.9649526841 726873.6844963563 609271.1922349123 668220.6748377552 691104.4574093872 665772.560734866 1190415.798399073 1654410.3434575254 999085.2509739727 773778.8409328266 716152.4580348883 1316399.4156948663 773890.6546838081 1169266.785385618 1147919.1072876223 1017335.7291194258 1177505.071773594 571546.4026975847 1025057.2431560053 1180206.3188347835 1118906.1017969244 1455059.7509753213 1364959.8575571135 975511.8798388938 1334840.729843575 -9999.0
1782269.0078551439 1170985.890956645 1683450.0748650432 1424285.2089987262 1466069.9171016242 1517470.3302093458 1581307.307624472 1347374.9885532577 731259.7486961781 833331.7769937696 1105529.1333440738 333955.6457421423 29977.19104149216 62938.20114836641 432944.78333271074 656565.230809658 863473.311389232 992040.1684993539 839113.6425190945 844564.4907005423 1574543.3858652865 1118604.8913134593 763015.8358807728 774481.5790498513 1022466.6918400993 1360074.1689447938 1053839.2263496036 162932.35063788964 770905.6340180783 566355.9693776282 801886.55607396 808631.6139282 743182.0904801592 742010.3697476722 762951.4039678753 458691.6181063248 652981.9498317562 643495.1248448589 630779.3095427526 560517.9773393458 616987.4881964606 729817.6663295064 1464144.547746672 1152669.0008917346 1124032.5156517539 981395.5278876433 1190763.907626024 1313216.6448958996 774205.2007743649 1072034.3719564802 1351007.6836407601 1542023.9671349088 1264029.273246677 1341690.3979742976 1419313.796580048 1459381.2760590434 -9999.0 -9999.0
829780.2790651472 1474751.814133704 1707170.7322374089 1398624.0851630329 1394937.7665352745 1342751.5856475406 1270890.5078772225 1192898.4964479697 920853.3094964483 874189.3492444005 1216965.7913210725 1274490.295882451 700411.2186462221 346607.2822328526 1237246.643010856 1334976.1955839149 1240680.141423427 1148242.6705711775 781753.3177912774 439262.85957496497 641105.7801370217 1860278.5919404677 2140344.667695531 2074261.726247167 2064957.3178745182 865512.3117732203 1075633.2697392977 599086.1932841975 640666.920518606 405355.83530589985 553806.6619627754 991378.2606941378 893845.2413616086 766273.6745176945 844433.3824185886 767841.9346059641 946889.489960169 948633.3168473197 853506.2959453946 162141.3095543028 892253.7455739399 1132005.879116213 688395.709666558 811814.5958275091 567462.9854517139 990782.5248020428 1035542.0818999147 1608228.7421126831 1191463.3202663837 879189.9316828575 1300731.9429091774 1448130.4202163715 1303638.5485585928 1384901.8402521003 1596767.8674033643 -9999.0 -9999.0 -9999.0
1523175.7602966279 1324869.4523319 1426896.1829686158 1419401.7288008074 1307223.1944210962 1222248.4365040364 691674.2008104068 1096913.5063106136 1133199.638095538 1040574.2953453312 1420420.5538135807 1322078.4304586526 980370.4924137353 915999.891871602 1056896.0232924898 1213171.6876629123 1558040.9700135349 1567457.9954059 1456912.6919292146 1542742.6239064408 1623387.408927685 1770226.2916463695 1114100.0513337767 2412833.654072063 1827179.5016611384 1564122.710416482 1751632.7892220353 1956296.5613808394 909870.9409653959 1003662.9170612001 1161843.0782420358 910885.1259174854 880544.6844236983 806659.6784009441 846464.288563685 864926.9408599836 777843.0055618549 1381358.6630368559 854230.233404161 789583.4377818106 943020.5386761775 765155.3553139917 929795.1755717768 618295.020467849 432506.31879483594 836836.0563417486 960304.5178249158 1197577.1419286374 760936.7501406993 1615574.5264786559 1329121.2645610091 1728516.4757963002 1534834.4470738897 1740821.5661037057 1758095.2262316127 -9999.0 -9999.0 -9999.0
1553134.8458303227 1328172.587426705 1474367.3418114122 1407718.4877408426 1245647.744212835 1337753.204769689 1207027.4882460833 1194801.0519246096 1230946.235705401 1345750.5196343223 1253740.695846373 934709.3513816842 1176438.219050904 1191469.1718719408 1084420.8638890865 1153684.336344569 1240912.2975367995 1589976.3142440312 865326.2914878025 1944569.5522190928 1199201.496705248 1380851.3273846 1148235.2960994944 1059270.3195464879 0.0 0.0 0.0 0.0 926549.6794834065 1261717.1157277352 1401750.885868296 1319234.2117952688 1398485.8825953752 346750.91855255206 190568.30251583474 1068597.8892067217 925503.3802747321 916519.4283204922 989235.658066352 1451661.6264799768 1510848.9547999192 950594.8009225633 1258371.8764775489 626689.6551191275 792999.3354460673 790537.3796755992 779346.8715860923 823134.7248051888 967449.4782049465 1976315.7450107986 1661811.4798137785 1488712.9028341866 1747348.9780323792 1431747.9122058866 1865072.7196609536 -9999.0 -9999.0 -9999.0
1587726.083675825 1627107.4613192177 1518775.8440135634 1159245.3052350387 1310308.6405560859 880735.9784850732 1520615.2212634867 962078.2956405538 657102.934378811 1466605.225466002 1303658.2119148728 1198728.3823261405 1111478.5434035368 1024572.0387503664 999480.7016571889 1031260.3919922004 927292.6581346409 1081103.98201344 1163889.108937235 0.0 764897.917813755 927245.9290398487 155718.22765363913 843519.7204506828 1520123.0275638814 1978991.0248838332 1613789.5115912682 2023252.2649315116 1747801.004075251 1916971.4240167283 1669324.4640209067 1401987.7695213307 1359190.153539517 1382982.3856998326 1437316.468239939 1734860.6184007877 2616536.806906823 2511118.349614789 881692.7256959556 1452257.0671018285 899198.3518697468 1046830.3047922505 643076.411716457 885458.9930436811 1102218.8373641488 561432.3126802429 604302.9500041355 920612.8315984425 1116700.9012868775 1113574.8185266869 861618.2741622834 1119929.951686037 2110611.4076514747 2354493.7011780646 2435739.7950289217 1723824.4807479319 2643043.4477205463 2449181.366706803
1454893.498210774 1300460.8672915534 1210252.076363423 1200902.37128984 1333323.2148568537 0.0 0.0 0.0 0.0 0.0 0.0 58743.994893791816 29193.341716499388 612379.9582300718 669005.3696719744 0.0 0.0 0.0 0.0 68009.00532996819 1277751.764916162 1276565.0840220952 1366338.2545351603 1859676.1034960637 1432806.638711366 1497552.8668510832 2049527.5985286888 1483908.511778504 1256451.7516030318 1468464.0180967415 1360131.4615007364 1333173.043294179 1414439.1583110765 1432366.045411154 1695004.7544194395 1807177.4657047773 1404294.8667746906 679607.9751905809 2153764.866744857 2161164.0257780612 1177793.7100686473 1116170.8886424373 1206334.15871493 955014.2136789534 1052150.1178588863 856798.7609449134 737764.6361031726 691571.7829843297 990835.5697097696 1302892.9981339304 1163336.9252923946 1250647.053950715 1566976.7281984969 1403768.4996429647 2602761.6017369186 2771754.0940794027 3013850.4002883206 2694458.98807065
0.0 0.0 0.0 0.0 0.0 0.0 0.0 0.0 0.0 0.0 0.0 0.0 0.0 0.0 0.0 0.0 0.0 0.0 0.0 1954.7130052711127 0.0 0.0 2181961.50037358 1792720.651928395 1444845.4067221452 1631715.25208471 1854479.4767554726 2858840.989949063 1775915.74299668 1689067.6275415563 1665421.5852476503 1117272.0396374853 1949192.1060596528 1879935.0660921398 1936312.2198185408 2346925.919523565 2498856.8025931604 1124763.5924025832 1244049.2897667282 387405.25113037485 218202.9547246943 2318565.278432257 1539074.5154995827 1207043.394896571 1494786.9684363673 2673319.846394583 649967.271917407 757001.4520822669 938640.0031372425 1050604.8633182065 1203495.4273153103 1542097.5278749208 1490886.95443448 1784390.0271527278 1941417.7573973183 3332357.345629179 3038859.7808059794 2961289.188567517
299235.93842421845 0.0 0.0 0.0 0.0 0.0 0.0 0.0 0.0 0.0 0.0 0.0 3889.825655821408 0.0 0.0 0.0 0.0 0.0 1039.0723519187281 254858.77456169805 1026555.307675337 6371.188809325865 0.0 3749.08421096398 4415.281178739052 1939258.1643856594 1662872.4461571083 2187140.865079042 2515330.036668249 2474812.3978239386 1253008.9774625 2347108.7190084844 1548491.6833991744 1926682.7451018228 1767942.1744848627 1536721.4455734224 1817481.2586643538 2286173.027717377 559893.0652358833 14529.675337499011 1356144.860285039 799435.0439371625 1632458.4399735527 1487665.7617192955 1154328.6668353318 2153551.554116125 1738594.3227478378 1617716.186552451 2264582.6510623633 1030477.537064644 1672339.8384497638 1163448.8143121128 1778221.6907660633 1782256.3234445269 2244583.252880071 2380625.9332256652 1683997.6730282628 2951293.4084440507
0.0 0.0 0.0 3917.7682211968486 3412.4536081438 0.0 0.0 0.0 10400.928636081162 0.0 0.0 0.0 0.0 282.564182676196 0.0 0.0 0.0 0.0 0.0 0.0 1264817.85694426 7688.592520484496 0.0 0.0 0.0 89977.8156792496 1797570.1428357223 1771102.7351834404 1404888.3042056821 2106396.1122469045 1563061.632473372 1659914.7180973364 2539256.3222548044 2429746.3058514423 2612798.669258538 1799668.2574719603 2738442.4859658144 1853207.1192206084 842605.659388944 1231229.541264432 1618966.8190207023 2059360.0921231501 2380741.321919762 2027074.0740345803 2120307.467575666 1131299.9685499182 1824480.5802172322 2192791.3846376743 2289899.678437438 2633071.4064142043 2406564.268030416 2847908.096518624 3083427.9789754683 1511168.833474814 1644870.5233737703 1783286.3680175024 1790423.637646524 2029383.6105399325
86614.24144410728 44595.909219176974 101889.3429058892 1327.57692163974 0.0 0.0 0.0 0.0 0.0 0.0 0.0 0.0 0.0 0.0 0.0 0.0 0.0 0.0 0.0 0.0 0.0 0.0 0.0 0.0 0.0 0.0 0.0 1014179.6971118036 1898731.4615935893 1570780.1485221868 1582623.432148664 1735952.6143897423 1746403.081701329 2482544.512617844 1554281.635610396 2505578.3558797548 1451812.4223166637 1604512.1049004032 2610684.7554367087 2116691.6392342127 2417643.2756222193 2661091.9229222853 1622414.854759323 2154971.2301085754 1713654.0801729055 1684490.6069463715 2351755.241542859 2504081.150497441 2994856.802025232 2914386.8343370077 1842653.0510674592 1693953.2432539528 3105967.109401535 1854435.4322034523 2552664.567367475 3352658.5475644297 1619736.758754292 1445503.42731195
1320283.3318954809 366286.9907145651 177624.8138669564 837179.0862256121 63822.70873977559 3206.1848853909764 0.0 0.0 0.0 192193.41180991693 113525.77501682047 129246.37613067847 231211.46891205304 1468476.7586046024 0.0 0.0 0.0 0.0 0.0 4312.123279537217 2673.382983529635 0.0 0.0 0.0 0.0 0.0 0.0 0.0 0.0 1556777.6038290688 1519709.7850263661 1285417.86411296 1210004.724963938 1432550.968325035 1370319.765844513 1577593.2872240199 2690041.2954317066 2763892.08882665 2263050.914618978 2915237.1461455915 2753999.7448457503 710636.7783004054 525973.6269926269 2483723.5274054008 677241.1845516737 2068494.08623906 2367221.1801010873 2626138.0362335374 2607932.1744919936 1316522.2493461112 1803656.5726537688 3052330.8244429184 2025708.5838698805 2727273.9698229856 2377715.191832257 2010920.459869684 2174383.8651829613 2813581.7372914786
2189879.5126910843 1726551.8856821235 699475.838384062 44443.97053861193 21691.524471709592 44602.01831427378 86440.1045162369 7214.087793823626 0.0 72401.35702070771 336398.5850705266 765591.2291722338 249030.40766569326 0.0 119091.23728330401 30721.492729585516 102458.70296576916 0.0 0.0 23252.713229163277 22996.261142556494 11699.031342988275 0.0 0.0 0.0 591523.4452814187 0.0 0.0 0.0 7192.539216908939 0.0 276384.09415423597 2376428.3102240753 1589090.8121292847 1029291.6728415035 2273595.5457496713 1417040.6788643107 2362979.615362331 2103022.51525602 2303803.2811135133 1586997.8037472847 1463421.6639896068 2217280.0852039694 2562084.789625361 2297888.911225408 2631126.3245881544 2349539.8244655128 2519411.851116625 2646425.363634517 3005365.004975191 3208551.3437858596 2531433.442422563 2550773.059079317 1972566.2470398527 1873228.5237192668 2770658.407005918 2897814.336126996 3167688.4176392457
3448722.642321822 2857604.0520501384 2275717.9650583994 465063.4953245522 649978.4144987323 21071.49411798514 3635.1378798834457 0.0 0.0 16972.090070580714 9227.268101634281 723343.5274552084 918457.2398079862 856547.1222990231 13371.802729194233 203837.911309336 293200.78347626195 24823.449466246217 197964.2086807184 103233.7380761263 420881.9963938315 12867.306213641179 14146.308146107282 0.0 0.0 59341.227377394396 0.0 0.0 0.0 0.0 0.0 0.0 0.0 0.0 0.0 986170.1895596929 2010851.8351011518 2290461.063701034 2336908.0200443445 1467627.8071713971 1492472.979076013 1907260.7495504054 849280.970661447 1087321.622531134 1726807.697519743 2230559.6828595237 2035622.880697522 2255428.138344115 2063579.4620296473 1538187.2924086088 2680808.2433076184 2623221.196210154 2604960.5331027396 2747408.861605198 2371756.894585446 2151868.026768851 2345892.603082959 2710666.086517391
2838718.8824066543 2773084.0079608914 3180115.1220361744 2223457.3957883203 1841598.9117799131 843243.4396940881 0.0 742143.7156606956 0.0 0.0 0.0 8985.646276853637 1438.4494096652538 347542.0412760001 243870.8675935163 102172.00292884378 102372.4092930485 48022.75211403463 184868.01446410062 66810.6414685924 607787.5810182408 525429.1495577093 381520.7111897618 547123.7723679543 301587.22813899704 179838.15363523705 0.0 0.0 0.0 405696.08202260075 0.0 498627.3289105198 0.0 361930.4333137755 15782.18064964153 881357.9989124726 884.3379845192599 2102.1547292747136 1313407.780336957 699619.354772562 504796.31849720614 126512.4982948602 198588.76445324 162588.84698662887 979629.8022606478 647434.5501251174 922670.2042497044 0.0 1197383.1768626648 2674378.233833286 2460906.272896295 2245995.853735672 2741019.3127020057 3341301.028634517 2389754.0300932825 2948005.0736308065 3024048.2264753403 3516100.241828492
2669003.0521979523 2965409.3459351547 2468440.6739124507 3012989.83313404 3387212.0986162703 2443033.2307578437 2423881.5118145184 1911046.6058057824 406283.24942235864 670249.3720544889 781075.7482418249 1140440.4745733098 991084.1225532637 491159.4298955577 924161.6180599241 126581.00898535813 329653.23566492804 646375.9156361053 12711.855828379363 7870.066532505688 0.0 20644.751028233095 58036.52020435917 337644.6580992058 72844.55505880229 105430.76371538737 53661.93728666538 599855.0074395251 0.0 0.0 284519.9769098394 0.0 59724.048346427786 0.0 0.0 24754.254585030798 0.0 1056903.5583170464 951726.4575684649 896828.3555904282 1199419.9648614398 1193255.637606798 860114.5279469843 933714.221593568 0.0 920724.5245711392 666008.2748369881 679754.9697613423 2330222.6007150076 2983408.3013361795 3332552.2620938723 3132887.2800035067 3197787.4203626583 331053.2763794995 556898.037277863 2459474.075374587 2276422.6045065415 3502568.503942279
2752785.4176122914 3782611.0248528006 3830438.9809844564 2651410.8410792933 4474517.188496395 3982334.1739906417 3688518.1643149815 2996737.378253434 1815669.4492342083 1544783.8405319727 459007.2772269491 954492.5610677126 546522.962300117 453101.5379987844 915504.9817570694 274143.3091669615 629373.4476342518 531538.9386137378 0.0 0.0 0.0 0.0 0.0 611439.9367989316 0.0 0.0 0.0 583022.3444688632 614052.8229881744 99743.08104455635 62575.924460307746 0.0 229994.05320515332 94698.62165630351 203910.92719792147 0.0 0.0 342820.16731285676 0.0 0.0 407026.14485153684 553249.5097330132 0.0 0.0 100598.74104953025 656703.9202176917 27411.694018565046 -9999.0 834399.5320667041 61352.540813381 52881.23303964485 3262473.794435404 2944225.10229182 377711.50749863865 577621.1456089434 664261.595723668 2910860.636397047 2664611.5975964647
1547270.6362519674 2864302.1933422084 2862457.5883205077 5139881.592877196 5881807.486281081 4229261.78744911 4148832.88651494 4076357.19887821 3716337.523995962 4736990.234014308 2041908.54957656 929372.0415874897 346410.66490972537 0.0 75227.23826084567 189432.15119100877 68436.28654233401 210932.43896976832 0.0 0.0 0.0 0.0 10443.026139396774 0.0 0.0 0.0 101.49673942979676 493158.1669488113 3764.785414302983 8811.84720663351 0.0 0.0 15478.102898773037 588304.5496249036 836721.5251814036 0.0 12824.697893702878 122682.50306577115 47542.00741552755 36680.86625133112 0.0 1058378.2789174118 0.0 75984.78952446583 0.0 756798.5402265718 153244.16450797924 -9999.0 -9999.0 523222.2512150133 393939.89748552564 3499419.9838676895 3725783.168898351 3489863.8323814766 3025710.5478373617 1635451.9468278608 1709100.740477692 2712288.801741276
367138.63712356717 684772.279648045 2404875.9061829913 2261529.7652819604 5669155.463381648 4892529.637176354 5862197.0051745195 5801939.151688219 6543926.5138129685 6557980.473560191 6014257.474693992 2545561.818330689 1389443.367725083 436614.6769868548 520321.80317432317 164837.1503253256 361702.18327519787 0.0 0.0 10036.252929134824 0.0 10373.950003872966 0.0 0.0 0.0 0.0 0.0 611336.1952725647 0.0 0.0 432412.7075031967 0.0 0.0 0.0 0.0 51231.109498104575 0.0 406613.3921193187 339406.6262216835 16222.145201550135 0.0 0.0 1047355.7652434584 458585.53107254155 171474.09259617678 1448080.2549269504 1438776.9022826166 613065.9539857691 912899.8782782009 1207183.9783907023 1922599.787918497 458315.5647362343 4029824.069131139 3527591.505917862 2046798.5083371068 655328.0164602398 773814.2358039295 2165063.810414862
603360.3482597601 145156.10429082648 794438.538138767 1203146.0317402205 3535430.8013393073 4503801.444261333 7366641.4895699425 8180470.185151877 8403839.46278353 6169017.907297033 5928499.666962644 4949999.22086684 3110295.551829012 849046.691909608 323721.1184184767 5898.409571105002 100973.62372823883 0.0 0.0 0.0 0.0 0.0 516.7854713050215 0.0 0.0 0.0 0.0 560637.236397196 0.0 0.0 0.0 0.0 0.0 0.0 0.0 639763.5488331154 720189.6277029366 0.0 0.0 91513.28773103372 5696.644121313874 0.0 6450.436438854145 1003841.9061933052 0.0 61708.97386609276 894405.9376138711 677187.6755157702 1673635.752172165 1706166.6356075048 2650151.5934666493 791582.8217422002 3932556.226910768 1034447.6060894016 533364.5849848759 890960.1161935856 985891.2604517002 1462661.821069787
761273.2435537518 96908.61905974336 213539.68226421552 704239.5901074021 2140375.038486948 2997001.5695359316 6589992.663270777 8354082.705475736 11708903.279125316 8345166.47887985 4433592.113782314 4107136.99392894 3370742.2961602556 2336214.6279712454 495430.6712549306 104411.75958021753 547845.9010378346 0.0 454989.2992398881 0.0 0.0 0.0 0.0 0.0 341921.8628996798 0.0 523688.54648127005 675250.27961794 723963.2049032802 631532.1469544951 0.0 0.0 0.0 0.0 0.0 11787.879755429221 1340.1084222062163 74847.97840720255 34831.257068635874 969077.2884676628 0.0 617.411912829888 22504.52328636031 1510891.114728686 1626157.6271281391 281440.7566037733 0.0 1384843.07900642 1469635.283973973 2157040.0429547704 2207652.223860023 3428498.784655822 398267.8201295649 71893.86517236764 1175081.0117681865 1672682.9602403399 2835705.126338217 2117069.952180329
