critload/trunk/output/2010/nload_crit_sw.asc
ncols 720
nrows 360
xllcorner -180
yllcorner -90
cellsize 0.5
NODATA_value -9999
[rows 182 to 207 of 360, columns 174 to 231 of 720]
-9999.0 -9999.0 -9999.0 0.0 -9999.0 36291.99779195187 1855009.2981471 -9999.0 -9999.0 -9999.0 -9999.0 -9999.0 -9999.0 -9999.0 -9999.0 -9999.0 -9999.0 -9999.0 -9999.0 -9999.0 -9999.0 -9999.0 -9999.0 -9999.0 2557321.9130786667 6116886.884748927 17030102.165129777 29012071.4864453 3037619.3891941574 11509044.581000889 33296675.27244832 29241922.84467561 25893840.65439292 25596872.004179362 25311112.103763763 24998398.561964568 24106635.80635756 25244201.953607634 26382126.010488033 22529341.70432296 26851223.936521415 29500154.428440556 31953604.108196784 32680089.897178527 33464816.84313225 35328583.70306327 36088806.93061448 37044372.20018845 34515723.927308634 36620349.880203635 34299648.88769123 29596994.586737033 23050390.62744039 26112931.169022616 25241088.65762036 25513867.873561516 26486226.449633397 27549978.75701108
-9999.0 -9999.0 -9999.0 -9999.0 -9999.0 -9999.0 -9999.0 -9999.0 -9999.0 -9999.0 -9999.0 -9999.0 -9999.0 -9999.0 -9999.0 -9999.0 -9999.0 -9999.0 -9999.0 -9999.0 -9999.0 -9999.0 -9999.0 -9999.0 2605854.0250047497 7816295.697462687 15761292.354818309 20245638.52443941 2587711.828799065 10842208.496850347 32271595.04873657 30101015.978039008 27643477.92726248 26140852.492140114 26334714.516057063 26480622.625835676 24649020.829394035 25842611.182157286 26826403.910307877 24909309.360997863 29287961.45342558 29623533.82533664 29968871.51987901 31114304.347046074 31786676.229997136 31709367.806146078 33820773.75634374 34439428.69818964 35129713.0656885 35086591.21175653 32657254.962698728 29715616.9666664 26296130.916311905 24019213.77403842 23594821.122281395 23686826.22705359 25443332.789652355 27156641.557130884
-9999.0 -9999.0 -9999.0 -9999.0 -9999.0 -9999.0 -9999.0 -9999.0 -9999.0 -9999.0 -9999.0 -9999.0 -9999.0 -9999.0 -9999.0 -9999.0 -9999.0 -9999.0 -9999.0 -9999.0 -9999.0 -9999.0 -9999.0 -9999.0 1046580.37325279 5517498.210338714 10812510.011786534 21206188.183307067 5929019.714265243 7785541.08976362 27028714.137886412 28074455.063249186 26399379.785155457 25316889.835026022 23639701.110364556 25304794.833697803 25464783.671471458 25879201.369523253 26064303.18869398 21302578.776555274 24693631.003177345 25512503.537152957 25176685.835204612 27592647.286077097 28494965.369870096 31552792.22838391 32101603.2667652 33124714.32173374 33697336.06123206 33166822.15573865 31996417.60486944 28567579.869106546 24668178.137693986 23271328.141963527 23088438.886519935 24233365.920479074 24298405.397232495 25888717.81681975
-9999.0 -9999.0 -9999.0 -9999.0 -9999.0 -9999.0 -9999.0 -9999.0 -9999.0 -9999.0 -9999.0 -9999.0 -9999.0 -9999.0 -9999.0 -9999.0 -9999.0 -9999.0 -9999.0 -9999.0 -9999.0 -9999.0 -9999.0 -9999.0 -9999.0 3659168.683078563 10473945.651428802 9324194.357327254 6924625.277849912 20342923.163714424 18950957.934776716 23645345.719805345 23960066.519756097 23718172.535841133 23745500.357748624 22836969.81311311 21328098.05141525 20136431.815183856 20321311.116056655 19784354.767478526 22824879.02076763 22154740.386264045 21921705.3561727 24612509.62898984 27119399.533995807 29580931.934037123 30663467.49477305 31143588.342655152 31136383.813964188 31402040.87531596 28742098.131947316 26969140.503945448 25575061.975548543 24647329.985076226 23043649.09231391 22865062.173185535 23430093.05420116 24065748.462941878
-9999.0 -9999.0 -9999.0 -9999.0 -9999.0 -9999.0 -9999.0 -9999.0 -9999.0 -9999.0 -9999.0 -9999.0 -9999.0 -9999.0 -9999.0 -9999.0 -9999.0 -9999.0 -9999.0 -9999.0 -9999.0 -9999.0 -9999.0 -9999.0 -9999.0 3808737.780196604 8979265.099450935 9714556.219122346 7987755.78859018 18284128.894468486 15705128.719185663 20169907.203248505 18051732.81891561 20846492.716315497 21199272.060189635 17248832.62011111 21651163.8782611 16342691.676410288 20440404.931744 18501608.572375376 18992604.813872945 20614056.082660537 21730927.182205427 24110921.69462888 25296322.394577544 28042110.140284773 29245425.05337079 29487635.13401475 29381825.473089613 29296548.913949642 27301600.967046965 26145969.02127918 25529447.822743658 24176381.607409373 23140102.492842086 23575981.965220958 22537914.45946599 23710071.412816454
-9999.0 -9999.0 -9999.0 -9999.0 -9999.0 -9999.0 -9999.0 -9999.0 -9999.0 -9999.0 -9999.0 -9999.0 -9999.0 -9999.0 -9999.0 -9999.0 -9999.0 -9999.0 -9999.0 -9999.0 -9999.0 -9999.0 -9999.0 -9999.0 1310173.8917322832 2498794.077641112 7734559.039618996 8659945.60980153 9701739.9548324 10836682.837554635 12876545.297075482 14348334.676548116 17468353.56960321 17335367.84092977 17713869.280996196 16709570.41943378 16770824.081106242 20796693.924267117 16812798.459201306 17462239.076505072 16786147.391458277 18414488.880562082 18541102.38479309 22698330.40859284 25704207.453411642 26694964.52077635 27672280.657752868 27674163.95008329 27792793.922178693 26460978.827251345 27115238.052645 25997713.93989606 25582454.542055193 24076346.416513734 24592071.822776046 23440225.088348135 23209440.703621075 22732632.326723415
-9999.0 -9999.0 -9999.0 -9999.0 -9999.0 -9999.0 -9999.0 -9999.0 -9999.0 -9999.0 -9999.0 -9999.0 -9999.0 -9999.0 -9999.0 -9999.0 -9999.0 -9999.0 -9999.0 -9999.0 -9999.0 -9999.0 -9999.0 89725.0141345617 567907.9762366504 3360397.106192159 4781671.475324168 9237924.453806957 6116212.377271565 9925412.43287342 10314957.215001957 11638423.69991221 14767235.785277188 13857416.445566496 15632172.050293714 16305422.11317485 15941084.948848639 14058033.259468846 15278403.999745635 15463936.479412613 17679182.144844685 18826515.180345558 20774039.664863016 22940384.279786166 25630920.19460006 27186910.797761146 27497714.087062273 26900496.166357372 26473158.619712315 26661550.12389843 26496392.26424059 25574031.78538379 25178376.68321172 23977664.207332894 23898220.270081412 22764600.006565187 21751244.094460074 21909037.492006782
-9999.0 -9999.0 -9999.0 -9999.0 -9999.0 -9999.0 -9999.0 -9999.0 -9999.0 -9999.0 -9999.0 -9999.0 -9999.0 -9999.0 -9999.0 -9999.0 -9999.0 -9999.0 -9999.0 -9999.0 -9999.0 -9999.0 -9999.0 1547.6087971618826 532758.2621175393 461113.8317623231 5841940.63660539 5918644.693338781 7453655.779718471 6941416.304676478 7740931.078907581 9337241.148154238 12890701.413403094 12671752.912820036 14472123.020367267 14376110.54962292 13067645.842651505 14284596.898115508 15046933.706424022 17470232.136935588 16533590.350986784 17140820.40865041 20437702.621561937 22360195.300219957 24715927.459846467 26169662.43869811 26606876.65155685 24889955.691628214 25274947.04610032 24743535.12020425 24893450.723531436 24563145.06491366 26285149.69758959 25216557.308628317 23292009.45220131 22146977.596066356 21584491.232771557 21272863.77187167
-9999.0 -9999.0 -9999.0 -9999.0 -9999.0 -9999.0 -9999.0 -9999.0 -9999.0 -9999.0 -9999.0 -9999.0 -9999.0 -9999.0 -9999.0 -9999.0 -9999.0 -9999.0 -9999.0 -9999.0 -9999.0 -9999.0 -9999.0 66733.73714240755 32148.63351744053 126438.21414734208 527080.4396542837 5160269.117650176 7217866.667256563 7428885.89908257 5417208.552506177 5917680.191254013 8512858.561439617 6006784.6177851455 10998276.862855893 10482350.213335648 11189727.929853225 13694799.39793805 14466039.778308917 15811230.166735426 11776880.808725731 16474108.108426347 19198678.665067066 21757905.61309833 23867475.604847614 24235384.141067073 24250699.8909728 23563882.5063598 23733546.229598362 23701238.139643922 23661233.69394288 24515426.929150984 24803166.89059924 23511774.110120364 23048141.346292052 21769539.57983033 21149743.140419655 18370201.715355854
-9999.0 -9999.0 -9999.0 -9999.0 -9999.0 -9999.0 -9999.0 -9999.0 -9999.0 -9999.0 -9999.0 -9999.0 -9999.0 -9999.0 -9999.0 -9999.0 -9999.0 -9999.0 -9999.0 -9999.0 -9999.0 -9999.0 -9999.0 0.0 0.0 0.0 0.0 5042053.426464342 4441305.876678509 3536718.866519358 4165109.0515745315 783882.877433144 3586898.7563344426 6703718.041603075 7724445.362101788 9685537.152387558 11648020.373990033 12607119.132648734 11925484.532781705 14261723.645131173 13153939.337495666 16192058.580258114 18097952.2915097 21421435.960140474 22071755.839443274 23206211.781632014 23114383.288964424 22588837.004394226 22747758.652562145 22615508.76661996 23096431.60001235 23171358.396716285 22753863.486890167 22047169.31234191 20989739.59223403 20848794.587652106 20508762.23175345 19967994.45992516
-9999.0 -9999.0 -9999.0 -9999.0 -9999.0 -9999.0 -9999.0 -9999.0 -9999.0 -9999.0 -9999.0 -9999.0 -9999.0 -9999.0 -9999.0 -9999.0 -9999.0 -9999.0 -9999.0 -9999.0 -9999.0 -9999.0 -9999.0 0.0 0.0 0.0 0.0 4006845.1734871524 3523446.36073379 3274267.394355262 3807439.4978929744 2181393.3321140646 83055.01142439079 2400822.915441119 5320312.429627225 6563515.44152954 9869465.897912871 11864162.051816402 11210827.693088245 15163601.401928939 14391269.933193058 15531226.453056457 17857057.840298165 19758827.272693966 20229321.304673262 20621834.307149112 21030101.699981276 21735184.784602933 21361008.62086298 21745214.706077047 21278074.80498627 21700065.907966223 20759909.04050518 20519898.414601937 20241131.20062587 20546268.550269987 20902463.268164672 19992273.993299987
-9999.0 -9999.0 -9999.0 -9999.0 -9999.0 -9999.0 -9999.0 -9999.0 -9999.0 -9999.0 -9999.0 -9999.0 -9999.0 -9999.0 -9999.0 -9999.0 -9999.0 -9999.0 -9999.0 -9999.0 -9999.0 -9999.0 -9999.0 -9999.0 -9999.0 0.0 0.0 0.0 4665066.258204174 3835014.5643059653 4239899.626574197 149727.06417898534 19542.858188924132 166471.0531526271 3081825.675805723 2695517.7994070947 7580780.565924685 10082060.312025676 11765696.016780429 14838340.876165532 15080622.687757298 13201809.488464186 17099881.49507668 19011887.550155614 19485114.922879636 19884621.803089626 20218448.819599807 20065156.557106145 19152377.31019451 20179351.16958996 20392621.043000698 20136863.468272254 19560115.941927593 20694299.146986578 19655374.366290983 19604242.229997065 19308274.52991057 19185474.001142044
-9999.0 -9999.0 -9999.0 -9999.0 -9999.0 -9999.0 -9999.0 -9999.0 -9999.0 -9999.0 -9999.0 -9999.0 -9999.0 -9999.0 -9999.0 -9999.0 -9999.0 -9999.0 -9999.0 -9999.0 -9999.0 -9999.0 -9999.0 -9999.0 -9999.0 -9999.0 0.0 0.0 6063141.951099823 4438444.147000069 4443013.261534425 3762687.262242031 391801.421888195 4634212.888678577 5646372.539973648 6196609.162601328 7486670.058963941 8832194.186181655 11946408.267586067 13927138.1128649 16273128.767483026 15868051.361253235 18181791.444045674 18480891.45149821 18560895.16676204 18930603.7889733 19237452.963183064 20124945.079267643 18878353.214662567 19256949.433228094 18968607.0169398 18690279.2259262 18701350.956176315 18454273.16387815 18211780.960533876 18516790.515356414 17943862.605674062 18162613.09552413
-9999.0 -9999.0 -9999.0 -9999.0 -9999.0 -9999.0 -9999.0 -9999.0 -9999.0 -9999.0 -9999.0 -9999.0 -9999.0 -9999.0 -9999.0 -9999.0 -9999.0 -9999.0 -9999.0 -9999.0 -9999.0 -9999.0 -9999.0 -9999.0 -9999.0 -9999.0 -9999.0 0.0 1332981.3207213334 5124223.5502704615 4384385.661435387 4840424.552076668 2765364.5414324324 9886384.225464864 8739485.97463707 8955858.978890926 9134716.875522343 9638576.76010549 13215653.42791167 13864298.717743903 16294442.17270124 16390266.145934347 16772464.125129757 17728957.40379698 17772416.408990838 18623135.582598314 17879733.91261195 17917012.658021253 17142798.539889656 17352877.382786956 17398075.85021986 17070134.28996109 17076665.74796189 17126210.252163004 16938057.544574063 16990934.39893509 16902127.48241443 17582620.28598411
-9999.0 -9999.0 -9999.0 -9999.0 -9999.0 -9999.0 -9999.0 -9999.0 -9999.0 -9999.0 -9999.0 -9999.0 -9999.0 -9999.0 -9999.0 -9999.0 -9999.0 -9999.0 -9999.0 -9999.0 -9999.0 -9999.0 -9999.0 -9999.0 -9999.0 -9999.0 -9999.0 0.0 854680.3845633953 2548423.928448752 5169703.777602593 4705211.0273598395 5882978.336311664 13778161.354075138 17875518.443709616 13532344.665746644 10437887.270661889 10855076.868467472 12470815.111900399 14347532.416499453 15982098.624198455 16499038.664149845 16619181.321264675 16414214.424785748 17051884.078442864 17968232.422175556 17830220.828695208 17076774.027345628 16223781.673302045 16488375.193609767 15826201.635734372 16314650.65940235 15352195.708179498 15341011.587576678 15598086.480481427 15758692.63435276 16264751.846271187 16615468.904475646
-9999.0 -9999.0 -9999.0 -9999.0 -9999.0 -9999.0 -9999.0 -9999.0 -9999.0 -9999.0 -9999.0 -9999.0 -9999.0 -9999.0 -9999.0 -9999.0 -9999.0 -9999.0 -9999.0 -9999.0 -9999.0 -9999.0 -9999.0 -9999.0 -9999.0 -9999.0 -9999.0 -9999.0 0.0 632534.0098809178 5590475.104706608 6024346.933900865 5091554.200536857 18931690.392023988 23358808.926366843 16993504.5382015 14769604.353938594 13612809.953638483 14260157.649077533 15025609.132689808 16320764.231403861 16159201.13006688 16438519.437529305 16054235.234537499 16332854.71057933 15479776.892574225 14536192.285067381 14848906.349011475 15037230.931320572 14427659.546118636 14633723.904087557 14079143.350007184 11990978.022048939 11899805.3999043 13976214.574396877 14365767.198369503 14655302.188742595 15062666.311662475
-9999.0 -9999.0 -9999.0 -9999.0 -9999.0 -9999.0 -9999.0 -9999.0 -9999.0 -9999.0 -9999.0 -9999.0 -9999.0 -9999.0 -9999.0 -9999.0 -9999.0 -9999.0 -9999.0 -9999.0 -9999.0 -9999.0 -9999.0 -9999.0 -9999.0 -9999.0 -9999.0 -9999.0 0.0 401515.5981303159 5595159.267822752 7265283.656088688 6584221.06720313 3466917.296449672 17561294.062819254 15007035.017308112 18367873.970761213 15865420.364818424 14521345.586729592 16020628.312253844 16449241.253451176 16572547.127840724 16193392.93015649 15537340.766462939 15328795.4962739 14105283.655061435 13635054.256354058 12992768.15572614 14316236.197131876 13833948.855841618 13169571.020695575 12951271.274585254 11832302.256523846 10360459.084868792 10118507.754805865 9531026.11514574 9863469.371469574 13700579.766071448
-9999.0 -9999.0 -9999.0 -9999.0 -9999.0 -9999.0 -9999.0 -9999.0 -9999.0 -9999.0 -9999.0 -9999.0 -9999.0 -9999.0 -9999.0 -9999.0 -9999.0 -9999.0 -9999.0 -9999.0 -9999.0 -9999.0 -9999.0 -9999.0 -9999.0 -9999.0 -9999.0 -9999.0 -9999.0 1810709.9717457518 3008830.9989556284 4779828.638244352 7172280.549442537 4414089.329464452 4143537.331468349 15554457.570163602 23705433.16289544 19124746.611391958 16800351.5409884 16782129.55797048 16764269.109741561 15428012.478527881 15218421.395907577 15988518.463606039 14671959.515002154 13823803.749918887 12152182.23019284 11286200.841677126 11402050.398161942 11383017.685229564 11461530.816770805 10926311.554827154 11012937.213230347 9815997.196249595 8043836.632471684 7774933.571131673 8267165.1048557125 9657143.07277333
-9999.0 -9999.0 -9999.0 -9999.0 -9999.0 -9999.0 -9999.0 -9999.0 -9999.0 -9999.0 -9999.0 -9999.0 -9999.0 -9999.0 -9999.0 -9999.0 -9999.0 -9999.0 -9999.0 -9999.0 -9999.0 -9999.0 -9999.0 -9999.0 -9999.0 -9999.0 -9999.0 -9999.0 -9999.0 0.0 620739.0712571075 2354638.384776716 6872878.651221426 4361488.130355497 3419304.2490639924 21703953.270917144 21058040.608230826 20309985.71230518 18961964.633992936 17195138.037928414 16736186.498800367 17473147.140183646 15723639.042337399 15210415.531624142 13964524.329832103 12460722.35031558 10510971.670295238 9541956.370454574 9178275.203400675 8942308.356240898 8996047.607035734 8528187.599242942 8030336.5633022 8523259.274642508 6634129.856644682 6006116.179915621 6167307.23832694 6916734.068121749
-9999.0 -9999.0 -9999.0 -9999.0 -9999.0 -9999.0 -9999.0 -9999.0 -9999.0 -9999.0 -9999.0 -9999.0 -9999.0 -9999.0 -9999.0 -9999.0 -9999.0 -9999.0 -9999.0 -9999.0 -9999.0 -9999.0 -9999.0 -9999.0 -9999.0 -9999.0 -9999.0 -9999.0 -9999.0 -9999.0 248271.5542110463 1462531.7078106187 3563881.277911555 5393395.92129937 2885824.071588121 12313925.8010911 16572472.93711096 14511290.325067028 20387179.889151227 17839640.578492105 16946503.008877907 18347556.35384714 18940533.70521972 16221498.072348459 14742693.386313375 10705961.45769296 7432513.877522994 6266845.007691967 6060643.2237268165 6336122.124562584 6440811.180907864 6823601.136438753 7223826.359331705 6989010.604952465 6805950.853309289 4920355.170539429 4912314.574086033 5652149.7963940725
-9999.0 -9999.0 -9999.0 -9999.0 -9999.0 -9999.0 -9999.0 -9999.0 -9999.0 -9999.0 -9999.0 -9999.0 -9999.0 -9999.0 -9999.0 -9999.0 -9999.0 -9999.0 -9999.0 -9999.0 -9999.0 -9999.0 -9999.0 -9999.0 -9999.0 -9999.0 -9999.0 -9999.0 -9999.0 -9999.0 0.0 546912.7968353537 1213977.3095629434 5788115.29042757 6348362.02063782 6475567.106731208 10311809.384831807 13978689.129508803 17227121.255058438 13665116.022386834 15693036.966491178 17752897.74027714 19736949.45608578 19959307.78891646 16998027.685378283 12362226.098414954 5269052.419866424 3065752.9205675875 2819409.24214695 3640497.164652233 5090859.522867515 5578500.699073028 5806593.161047133 6490799.137738271 6238088.09928242 5042993.963494411 4590255.628470011 4534941.53250547
-9999.0 -9999.0 -9999.0 -9999.0 -9999.0 -9999.0 -9999.0 -9999.0 -9999.0 -9999.0 -9999.0 -9999.0 -9999.0 -9999.0 -9999.0 -9999.0 -9999.0 -9999.0 -9999.0 -9999.0 -9999.0 -9999.0 -9999.0 -9999.0 -9999.0 -9999.0 -9999.0 -9999.0 -9999.0 -9999.0 -9999.0 113992.73774791376 1241745.7072786803 4540707.499209065 6862123.032668069 3629633.901945763 6508842.476405156 7625419.8758070255 11509651.412003715 11308753.679241294 15670770.879158475 18550352.969879255 21622757.77212548 23533488.878222562 22192497.058688596 17353362.338964578 9858945.940855784 4014164.9705068874 3009175.2609562436 3646498.6072109533 4427532.421111353 5079655.096733513 5621862.38435872 5191595.033117488 5108818.947889351 5896840.031809065 3669456.8064465593 3178912.3640292506
-9999.0 -9999.0 -9999.0 -9999.0 -9999.0 -9999.0 -9999.0 -9999.0 -9999.0 -9999.0 -9999.0 -9999.0 -9999.0 -9999.0 -9999.0 -9999.0 -9999.0 -9999.0 -9999.0 -9999.0 -9999.0 -9999.0 -9999.0 -9999.0 -9999.0 -9999.0 -9999.0 -9999.0 -9999.0 -9999.0 -9999.0 0.0 1040487.0724177212 1144632.1997114485 6035481.201910597 4282266.055847327 4829192.555307589 4716424.461649459 9643478.952568127 7124060.937647307 4245141.916690664 12256275.882409027 22018034.239983313 33192835.013034433 35169465.30320762 27646328.904305104 17210598.164588332 6717410.28114571 4782070.338329688 4729295.307360355 5086119.583808655 5522270.175099168 10182820.389348334 4999598.26078957 7656942.907570042 7698784.0203613015 5003180.611897141 2699542.826072801
-9999.0 -9999.0 -9999.0 -9999.0 -9999.0 -9999.0 -9999.0 -9999.0 -9999.0 -9999.0 -9999.0 -9999.0 -9999.0 -9999.0 -9999.0 -9999.0 -9999.0 -9999.0 -9999.0 -9999.0 -9999.0 -9999.0 -9999.0 -9999.0 -9999.0 -9999.0 -9999.0 -9999.0 -9999.0 -9999.0 -9999.0 -9999.0 0.0 487901.27765838866 2718284.616829644 4926948.035310337 4460288.253692589 3597872.5759621183 4716840.793654619 4099175.6370136566 6261517.7843016945 7342296.357787216 10259846.743140073 38086925.713300325 46683271.42099189 41991247.12421578 28701303.688143197 12461775.316898648 8057632.76064892 9392878.2054516 9945161.331778634 7982819.965926192 9377707.681936843 10097232.77689028 8259522.016963151 10147657.783535259 5722885.53805606 6772194.608577681
-9999.0 -9999.0 -9999.0 -9999.0 -9999.0 -9999.0 -9999.0 -9999.0 -9999.0 -9999.0 -9999.0 -9999.0 -9999.0 -9999.0 -9999.0 -9999.0 -9999.0 -9999.0 -9999.0 -9999.0 -9999.0 -9999.0 -9999.0 -9999.0 -9999.0 -9999.0 -9999.0 -9999.0 -9999.0 -9999.0 -9999.0 -9999.0 -9999.0 0.0 362279.17510625627 4131491.4865083504 5091631.902460624 2875637.2843050784 2877296.470056209 3510770.549518004 3887815.1757134767 3582214.4800922554 5117075.220546647 14053458.154437315 35164104.28843197 55786895.11164434 35410978.013200864 21812503.906164758 14046794.854918081 10297443.421769299 10949372.833224155 8765066.234577382 7618511.6874068845 9920672.707020547 8902494.198696898 9827999.395278871 8056551.158543166 6546524.222137485
-9999.0 -9999.0 -9999.0 -9999.0 -9999.0 -9999.0 -9999.0 -9999.0 -9999.0 -9999.0 -9999.0 -9999.0 -9999.0 -9999.0 -9999.0 -9999.0 -9999.0 -9999.0 -9999.0 -9999.0 -9999.0 -9999.0 -9999.0 -9999.0 -9999.0 -9999.0 -9999.0 -9999.0 -9999.0 -9999.0 -9999.0 -9999.0 -9999.0 0.0 1267711.0531434217 45474.62928156332 1679431.9559767372 2658482.198743965 2363444.3222290836 2585318.018630792 2624125.6909776265 2907357.5168371955 3581519.273985513 3436868.2549172933 3950008.4389959993 20787868.439016074 34548442.32111222 25978954.99658687 15599478.477752311 11550559.091171358 10673573.295704937 10251826.569273027 10978009.62584203 10508727.145181457 11401314.098934872 6757565.569145728 6238397.87421812 6615387.23191536
