critload/trunk/output/2010/nload_var_ag.asc
ncols 720
nrows 360
xllcorner -180
yllcorner -90
cellsize 0.5
NODATA_value -9999
[rows 81 to 107 of 360, columns 496 to 557 of 720]
3953.9442213 3585.43805055 3164.1446856 3948.84506842 4414.7499228 6896.34928681623 4399.103571494 3943.89200737 7053.09610016 11078.143401029332 16746.67654643009 12155.107785354372 11024.083039608 20442.534341134724 27491.832899533016 23905.49241725347 29546.79741212878 12570.39137122369 15773.662711471234 13914.23595882469 10861.689594608551 14975.282978403911 8167.627758962915 8938.339664435995 11372.601175155494 13416.529754284413 11508.21049141788 106441.26851853328 164266.42882899998 270887.87256404094 130977.3643997086 184804.936445 209000.1386715 357233.3094230438 82230.69954025645 81400.53274608118 50467.44745106655 55442.649655339395 11551.601626488467 9431.344528784039 182531.8694660242 72542.17781619179 68339.83227017894 63670.85610248342 53565.11884864424 27275.112355018427 55370.334098206426 22916.1209865 17731.429015492246 6903.339086219999 3964.3360875 9417.5960778 26999.029527951196 81680.48192263301 33917.85551304403 22143.4739625 41276.82480583586 20523.0830895 50890.47715206581 45352.66732101183 43380.67708828032 43758.629408757835
4454.63951873 2328.56038659 3244.95253402 3521.91746018 3892.18164075 4436.991654382299 5950.4533574980005 3913.4229710070003 5856.45375222 10949.496913465107 10134.085374 11838.961225783543 16050.377798470468 14292.509927563 15598.7820037 10542.4509436 22977.296275903038 4683.83406233955 6044.222713870499 5147.368453266515 5621.69104895351 14293.609744904816 14105.065373041974 4842.0878533 15223.92683336338 17576.744816372327 20609.534657041724 13792.06344218012 15233.217616373608 8392.297401555388 5693.637851743 14551.690557400001 169084.86271063847 103911.030494159 70037.01619500673 38107.521216468675 70082.88991606022 720205.7431269974 272215.21632528416 232954.54549660935 2565.5383316918123 142904.85429702236 71539.58586554225 64225.64131259375 71218.62686834921 174545.98816674142 39010.420987213045 42678.572224940996 25025.142792431467 8470.09049810331 4608.06057135 4772.11804612 8642.617545449 9695.1000135 14601.0711854368 37025.29752290743 51768.803587346476 51882.52064374782 36441.43131864305 48133.77572960309 56796.609707436844 58936.27169090182
3410.46568705 2439.43231747 1839.51403787 1322.29267095 2949.7708377050003 4115.65297478 3578.8292883 4741.569756 9684.96797475 5775.74714617 4396.21736677 6287.7940671 13401.2964624 11998.354388667192 10714.6654933 8068.83318885 4163.30477401 7236.76004415 5052.56431356 5095.628117330775 6203.406563975153 8094.44677768758 7993.080304999899 15932.686818792743 8934.835795454559 12504.118557374792 18091.469109614263 15589.360536949023 9917.285270638342 3323.9154300969813 454.46071536 889.474786237 9144.8896189 15853.773082713808 16797.943338238925 218440.73057169325 869637.9528397927 1423394.103367922 647648.1163237757 421812.9099986823 115164.7065439408 27376.07719074236 34813.94987954782 68918.92787332853 65610.50981721566 75632.769119191 56083.64028648798 26326.818659430264 2374.68191392 3810.24691875 2832.04585194 3190.4329043475 13981.017400938 9991.34440785 16782.579797516573 10690.6976715 45089.81183475833 55521.74937395827 56293.01724699656 26118.716272074253 21346.947645589087 13025.154985637297
2021.24861831 2136.23088424 1318.53892275 1450.36823146 2543.93966108 3903.9373674 3943.63036706 9499.118157 10252.4454 13164.3550106 6068.07200526 3638.66197216 5058.9832446 6268.462783338382 4895.50761255 2584.04494425 2607.7737105 3174.20660424 5551.70605028 3591.40308408 3406.45016051 2781.70028814 3688.2802344148276 9644.280651343584 9942.424856414793 15791.554199698672 17174.664230167215 163004.58732412368 104188.80385296006 9939.91381485307 8918.555922780457 27703.737622149998 3040.87436699 2691.411959381 3495.75626421 23032.921962707886 43305.65697811877 57448.95019948752 92109.57052063364 130804.94176699297 145921.70035347578 635448.5894245487 183206.04897116192 129704.29727980206 71902.39078975057 63450.30701472353 54953.21347404352 39900.56786346234 0.0 0.0 0.0 0.0 3760.79743585 11084.88641094 17086.839973781076 14754.507868691671 25538.53858842 65582.4418617619 181212.25348410747 31627.949833642568 68087.50236692604 69062.03872303787
2019.71207401 1929.82154505 1926.60523898 1536.30403605 1626.40145587 4029.60571041 3589.61883919 5079.22482657 6037.62909372 7932.12739567 4801.37767365 2843.19165622 2736.26844882 6945.66248128 2459.51474931 3956.22400432 2749.249503 3624.2443953 4258.38243198 3718.52176205 4305.66275633 4419.012172996439 2126.295850109866 2581.39377576 3490.42348528 10237.748222255897 22681.50335285793 182454.66688737232 316861.9635786792 151537.4735546672 126399.40041190936 109739.48120884123 28297.66665051041 31079.974825426405 175928.09652445748 569936.7330698834 677954.2137096542 20922.16156171062 27803.726593580002 70001.38084154493 23258.71549782508 26949.33961780805 75346.30281267395 449983.7725642672 97248.34072366852 76359.64891969856 77355.38778404833 75913.54976357159 8301.813721186158 31440.29817432 30639.359193191664 7581.73662885 3910.70776065 8905.631826 13173.579909 10288.168690812 12110.723405015999 43864.89288162374 55813.694488433 43185.732805956 69046.22257311207 32554.8346755
1443.71202862 1437.04302278 2126.20588032 1851.51616965 2329.85243801 2772.01742811 3184.40835762 3154.63743229 2391.31891245 2928.95806632 3946.51548634 2379.5353003 2744.38955032 1185.25666489 547.71258744 520.6452255 1063.80361531 1743.3899304 2226.52719862 1358.50528715 1899.98839506 1299.61620574 1355.38135414 2380.64154496 1657.77912097 1084.15908835 21015.94758858 26727.54199833 10505.139694033964 27221.43190263814 323884.06899887545 1512595.2969819487 715038.0946504262 958868.4461102292 559418.5316485093 520764.7379592983 605270.2561474119 14106.640212 12612.5096475 48446.543887499996 25855.398568680524 12203.982980069975 9749.47494413 29083.75864555 86771.13671105394 198866.9856865177 76657.58016535429 79330.1063741711 67780.9135442514 56960.30398807141 50731.17846661905 47396.19870760879 22651.842682169867 8997.58508625 20223.069684571445 43801.88776377315 28109.498943530245 16638.718104679 25586.248104360002 27089.930547 28920.307626 21232.0570875
1015.68587736 1902.12416951 2134.2360897 1670.82341127 2145.60401082 2212.60289094 2489.61809133 2500.70357584 4007.7846765 3958.39182067 4115.17546572 1192.5267198 38.6040475275 30.3825304234 30.9154227112 93.13811559075934 414.388421172 587.989118182 425.766624 1015.54716802 832.027651477 1198.71645084 3921.82330365 4073.20043917 1335.67031151 10396.721156280566 3843.3906390377683 316.94999496 7724.74852762 162813.34380507414 139196.9474182696 102018.82834463377 732933.7056302807 19215.90207354121 4871.017241252077 5056.445156239806 6656.024603966475 8306.837231004383 4469.2544442 7690.78301092 10710.9632091 15432.090740847718 15911.359590321888 17543.54058732 31107.279353700003 64111.1148282 31932.3429397 52042.58137892467 53014.656361372334 61271.2636279461 62363.802295355796 50906.205359927204 9743.437112352702 5034.91796955 1629.153396682 10687.059139535813 25955.6406375 28288.714170355637 18886.387733537587 8226.5089914 11971.998516967658 26113.208807048635
1405.31056665 1070.61771267 836.383364865 1067.76859194 1686.54952802 3605.31607215 3611.22875451 4332.59735317 2755.85004324 3111.07902144 3274.28804113 -9999 161.504802586 274.199978212 28.80114489840719 133.34499259242165 175.15328985 191.8580086085957 446.5897044023082 3938.5500201084474 1536.4076307 874.5034483075 1446.6261150901234 3147.196769509722 31566.818377788433 34816.948862271944 440321.77005657327 18907.29601906 10774.5277542 341683.7284038155 101403.27432629859 58042.928353248586 29039.64278296969 13987.969872608213 2227.2359351804453 211.148887715 0.0 519.016003335 1925.94129682 8332.53503355 14852.742723 7528.01032927 7870.93551184 8900.472199192245 20562.412064002405 0.0 0.0 1455.027554376 2976.007161140327 6383.594575183619 21111.507638675575 44766.55388638262 46452.99870878048 23946.196061089577 18028.1010734 35199.063780006996 26629.778004310003 37250.74260749188 23221.99073016 23628.528691528027 41827.12233406224 10114.613057464228
2305.35789324 1730.13902424 1729.42665926 2519.6924040734043 3293.3727427197687 3111.35241532 5173.73872002 4307.04764308784 4293.1668309 4910.00898465 4150.49294447 1653.72508644 244.8861745875 788.3849566940285 629.977320192 282.7152955914494 267.517973076 2617.544040404 3674.869050005 10909.278707284386 102469.98847068012 139237.50909877653 102293.03028698245 73532.95472945385 99130.08394844182 65899.60053874763 89813.31098517704 1568708.9594636138 62635.577829193324 22496.540871178364 331743.99408576125 419807.4210552565 309513.9780103876 216114.2524856778 1013.4185712588994 561.9002685822595 1733.1271462314928 481.645483673 2523.04320285 2081.69979607 1585.39587945 8038.561406459282 7064.751973090829 7946.575850815838 9369.71578556527 49224.22014285922 16003.403146943392 0.0 1754.5584477 1938.3784326 315.66040038 4280.583940486819 26277.336626091466 7360.64612558 19610.98985747248 26781.296210788507 27358.999564222526 42775.49024048975 60852.0483460821 41090.614487268314 39527.13117806692 37775.44060841911
1118.0293362 1428.3158052165916 1972.30275003 2237.37027849 2637.835853 1834.88223223 2474.4169929 1643.67230447 10717.538618126333 26911.04283354131 8296.71773926 5220.25969059 1762.69534192 8618.6131224204 3915.382728471 3814.731079606 7490.429890924218 6534.6674802 24074.05343593 71602.47564242518 148401.47002331447 381786.45530262124 58365.79465130788 62758.50704286235 0.0 750512.35387362 780203.0720245 836584.8564329392 266732.3358854668 24926.1752313 2622.47701833 3254.063495718 20557.24316009892 24896.05232568107 24941.011831096275 21073.923310998955 17375.76100569834 14469.5899540119 1762.976129016 2577.6412662 1616.6070375 1617.21386872 1341.69361556 0.0 0.0 0.0 0.0 0.0 0.0 0.0 0.0 0.0 0.0 15259.158999 39424.762609456375 18786.171683684686 10349.77657062544 11402.311194606082 8517.102246830626 22868.66762872068 13776.478722 19303.196151546847
12567.010133542914 2554.810604131259 2463.9019524 1361.86069929 708.92876145 671.915142092 542.644926145 566.27990811 5214.7341039699995 5084.28557644 7034.013111205571 45942.617894015915 56004.50002455 44423.07521823 34778.32948115535 27316.22835787 46843.673515971175 63333.37835937001 94877.88770698318 97000.49575053233 162475.66407055978 208963.2599466319 120440.88313810785 162876.75044774913 136112.23924729603 1104153.902817885 1175037.1381199851 841933.7254594988 1290399.1960278274 758770.7414343479 274079.1134967262 707126.3847395222 301935.3854723762 79171.20257943004 74290.05585778868 198648.81080356566 191199.65592932148 124904.11225341818 37364.223764313516 67371.5300485911 96394.01569525154 88166.69432982104 14910.360378495625 16743.682524097734 5528.2919667080005 0.0 0.0 0.0 0.0 0.0 1020.694435373 0.0 0.0 0.0 0.0 0.0 0.0 0.0 1245.75200437 4528.7852338 3316.40589925 3721.13186671
31573.536024295754 33735.756261335075 8861.38432233737 49146.759970218474 33772.303114511466 42316.44836262211 11259.553813199998 3938.5397466619997 4543.129170832 5140.867155035 6257.83967871 7.227927380160248 58842.04158537189 99619.86873849566 80206.085501742 2.2057402585869412 25.81808059796929 2179.027897042 7734.3188517 23269.552829810003 58142.49436910104 88220.20210682438 21730.654932897047 5451.667354112193 8380.663762744625 437367.2449821813 1003830.2587320925 1087915.4081554376 202362.1996555 807793.7115420611 1130348.583655 842232.919937604 460928.21662541694 129009.70502573924 509983.8543376725 251801.3345360038 606126.0459951884 1668447.3377964578 834779.9694897305 1210362.4087768793 853708.4222234965 415264.5974922433 366778.1139844 317581.54112762614 148187.97734139467 35030.58282669578 28850.59986453546 0.0 32999.30332156128 37782.0183471 112946.28029118878 180663.56210245093 0.0 0.0 0.0 0.0 0.004752223967467642 0.0 0.0 0.0 0.0 5827.806262622491
15952.81234628173 45554.785470760624 0.0 0.0 0.0 0.0 1318.406689719327 6126.8112148878745 13003.436197525 18716.51117047 38.52988794119488 273.542723325789 1264.52469017 4650.164657356734 8075.390205001437 35351.88233811791 0.0 62064.669205745886 50694.15542406824 23907.847666004127 343658.59605398396 208786.42613175957 190870.36396613246 338698.73618220957 351416.6519030271 1497343.400181408 915950.8881143251 1829787.4986007141 1982191.6748619077 410688.0211858757 656903.3086541712 1008094.8360811548 911473.9006911222 1090656.759835051 420322.22390213166 731425.3511880677 310696.37910489296 898857.2357269281 1422990.644620311 895043.0939179608 150741.4202283523 45009.899347621926 35431.011 34621.681728 41976.9630564 17850.03721037 0.0 0.0 26278.240217349998 120372.56046909999 94039.33362783497 89344.57376943644 527091.5644263361 36168.54151841133 0.0 0.0 0.0 0.0 0.0 0.0 0.0 0.0
7458.675703062365 11220.166103364947 1217.49084947 4926.43037626 4482.133289924799 0.0 0.0 104393.66284650471 686849.989862114 67870.49498399472 71198.40013470434 7276.646959720893 48525.941414485154 41114.64490118819 39975.377056131256 71371.53830606614 177134.82027027357 149298.33560537 85142.1830184 67745.7754213 118130.52527099999 206882.04069730925 187868.89057314338 413466.98227166076 277509.77121410717 1230570.6133588143 1120544.1642472907 462797.729590863 244364.69816028426 127715.86270311756 617393.0661960843 408270.9730248554 715174.0269329555 1803104.1460665273 804695.7340796504 1305234.2219661954 1619206.9768281297 877172.4434613418 710759.3064990026 460149.6095823832 75602.73390226478 72309.4642782 78557.78722925 167897.50432125002 36241.6712058 0.0 0.0 0.0 0.0 2850.2132160680003 42304.747272479995 43951.08043881 5747.5301039900005 26309.17457921 0.0 0.0 0.0 0.0 0.0 0.0 0.0 6494.53407375
14663.371206103542 0.0 0.0 7971.03934308 7065.291879730806 169821.02778124562 239945.3227701379 835267.0660266314 843023.5455039705 914769.0267140375 950454.1274346713 179199.4608971323 916330.7577528052 250224.00228881676 224857.70610228696 166580.32567635903 103081.91773649999 27461.682476550002 34242.037908750004 68218.56826702 88536.48831036536 127913.52828388577 204246.92634458616 31783.571488442456 0.0 72747.25709171445 95725.77411201579 265286.90473766165 497364.094911262 93649.34241767882 104976.77389366337 95818.03479554263 71297.12453548175 84555.73936792673 117473.154102573 71159.1447378 347809.16837624315 206137.69181260106 83707.37425460438 11010.716305023154 5337.88903665 0.0 0.0 0.0 0.0 0.0 0.0 0.0 0.0 0.0 0.0 0.0 0.0 0.0 0.0 0.0 4789.01770335 1278.22356301 0.0 0.0 0.0 0.0
28060.983008345927 6362.429116889201 14394.570111508085 0.0 1234392.7767716805 101740.85665390026 589254.3061553781 566375.0070783373 69610.96559041971 59918.68185200579 48127.22973496113 166509.1265234552 166981.90224666274 174359.11399345903 469787.9151465 568788.9462281126 711759.034067271 164888.9004594803 37183.20018574362 21812.255213457644 23740.953184034577 19034.561920282034 392739.21119830426 625277.7160220331 667544.5928868848 1067285.9462090116 195827.80548468753 275134.5484999775 298473.38726855 491883.75001548807 180846.0737378074 0.0 26347.402255180707 10057.551770227 4124.0776404 196547.43691475 188583.6071745102 165712.01707907 0.0 0.0 0.0 0.0 0.0 0.0 0.0 0.0 0.0 0.0 0.0 0.0 0.0 0.0 0.0 0.0 0.0 0.0 0.0 0.0 0.0 0.0 0.0 5601.02305627
5050.12617502 32602.959406838614 572040.7298326533 330817.6165069388 167998.8310703393 100985.4319807689 77966.27765629446 1103266.9553605353 355670.83027695573 424367.2830202541 307561.61447458906 404811.977624483 206083.98502455832 160755.09224464727 167096.35066365328 68042.84376294506 252415.2386083962 137829.01309278142 31644.525294613366 11537.636868569902 18106.95106122037 661108.9332280593 403148.81830296974 133184.64490058785 216763.2591978638 55137.00013457 1235.8015300954264 0.0 7790.403440359393 43437.7889649 12466.864583375 2645.2726817800003 422.658661557 0.0 0.0 1063.3170141589999 5753.811431025 0.0 0.0 0.0 0.0 0.0 0.0 0.0 0.0 0.0 0.0 0.0 0.0 0.0 0.0 0.0 0.0 0.0 0.0 0.0 0.0 0.0 0.0 0.0 0.0 5909.4753921
2189.8455021342775 161407.54247877983 1251833.0163030096 376890.13504287926 236886.53435987348 376145.8767988156 528671.7683433266 229578.95863808464 855178.2420759182 1382265.9763468006 50724.68316107969 432665.38295001205 66345.62049876919 35924.40759619015 48500.927018403294 26388.38592440232 30859.789081335282 97600.4593782363 98719.15712675809 931626.3178480188 1105781.368744685 94450.11953168311 103639.51839065952 36318.19460660055 64683.57852867299 8483.83544952 6970.231585837 4944.683527258402 0.0 183.847746529 0.0 0.0 0.0 0.0 0.0 0.0 0.0 9089.76323623 11294.5029972 8812.91072616 0.0 0.0 0.0 0.0 0.0 0.0 0.0 0.0 0.0 0.0 0.0 0.0 0.0 0.0 0.0 3233.056276882 5527.37997819 6570.3103059800005 0.0 0.0 2424.07566579 4034.88703158
2065.0122650173753 3370.1092372991934 1205290.9639273044 347009.294637069 255673.15518195 1036050.4127765138 454334.4401082417 465801.4930983418 88420.28211085206 62470.04056447976 139100.97760734888 320469.7083604325 162481.35943843753 115554.58841086084 94861.11985699888 84437.49700931215 80079.53180921107 64627.864985652006 34238.1709319 68725.11008439091 64102.1705552 34197.4697595 20877.97241459066 1260.6580872784668 5097.947861406795 2494.8110152140002 202.18463107329998 0.0 0.0 0.0 0.0 0.0 0.0 0.0 0.0 0.0 0.0 0.0 0.0 0.0 0.0 0.0 0.0 0.0 0.0 0.0 1.5000586842901522 0.0 0.0 0.002524785124944938 0.0 0.0 0.0 75578.15719048075 0.0 52640.68426882 8945.59243986 33639.01221577 29437.39873021853 12269.3395314 4440.341370787 29638.061447170003
155703.97612563084 155751.767576598 383286.8816513331 98115.98273184235 69497.94969119444 82601.09513802218 69479.93998512629 49111.508172458496 62515.212203083036 56873.73427867288 66270.17604090576 57675.08894785938 523920.2539119925 320759.7833762 482573.0081322329 81095.09393812952 246374.1271285526 206527.63563850053 163890.53386612222 88939.4468475 53017.00135854416 121569.15703863732 64128.14340089 1181.2921493850001 0.0 0.0 0.0 0.0 0.0 0.0 0.0 0.0 0.0 0.0 0.0 0.0 0.0 0.0 0.0 0.0 0.0 0.0 0.0 291.13541004 1448.23974957 3610.031785776782 0.0 0.0 0.0 0.0 0.0 0.0 4048.09966575 0.0 0.0 0.0 29535.0573427 34410.7844784 101039.3830144381 50786.83546997935 79644.71486651227 101858.14805684888
100416.0687199143 59253.962088600325 61078.92118120573 64714.382875113704 139145.99689876713 210229.00187919987 80454.2476286045 121523.74063044293 128922.7370423062 22528.66124697486 7019.6607313808945 0.0 66725.07772673097 86058.72428491768 700760.7482408154 202816.8384783699 62322.00573417326 21507.68349016553 5301.578129090669 18465.08443672719 4489.738287002 0.0 0.0 0.0 0.0 0.0 0.0 0.0 0.0 0.0 0.0 0.0 0.0 0.0 0.0 0.0 0.0 0.0 0.0 890.73694008 865.127648772 4782.85142809 7742.397515900096 13750.752718488891 0.0 0.0 0.0 0.0 0.0 0.0 0.0 0.0 0.0 0.0 0.0 19418.6543332 18699.8498169 0.0 104700.19966952638 127897.8229854698 136161.34147327434 761491.6957282217
191910.1795397933 490145.57969658304 99375.63938861825 150785.49140442308 780079.4384028548 96628.5852984912 47543.023732627065 32619.130882036265 4322.680022885314 0.0 0.0 9325.992496349852 55517.76014604291 75753.1171403 65971.541604 56432.71179 235866.938058 5539.4027642 41883.90189375 4899.9621065169995 0.0 0.0 0.0 0.0 0.0 0.0 0.0 0.0 72.4766122958 0.0 0.0 0.0 0.0 0.0 0.0 463.31182194 0.0 702.2538305561252 2340.5499209998698 2116.02853744 31003.929869350137 28994.61813917379 17132.7878676 13363.5559202 0.0 0.0 0.0 41252.834834299996 0.0 0.0 0.0 0.0 0.0 0.0 3356.96067697 30544.145464269848 36465.95912313876 58915.64472518645 0.0 0.0 0.0 0.0
293625.2448301229 479467.24906085624 161933.203924593 406130.46118358953 173671.53913181133 88907.72084524132 52586.45495794965 6065.930911660927 3923.858022613824 3917.938879160862 3438.4690593103546 0.0 0.0 13185.0251869 99618.7293995317 95165.027685 83496.3194587 112849.2050236 181746.90091481703 5432.176802004 0.0 0.0 0.0 0.0 0.0 0.0 0.0 615.13107432 159.268600725 358.344598425 0.0 0.0 0.0 211.637413843 1720.00551993 14568.865309989102 24.110264005813598 6698.478598491405 16851.473718 54064.1903119 20056.53115641817 42013.68613049783 40697.706555 122300.71342668572 13610.053521 13305.6963427 7279.01100907 0.0 0.0 0.0 0.0 0.0 1153.1630877119999 2500.1780142282 10238.9457983 0.0 0.0 0.0 0.0 0.0 0.0 0.0
249761.59094665013 890517.542864625 472559.21469930507 328529.10058433877 184540.42277926576 43966.73721628408 36327.50488503337 46271.19733163296 5168.454048141567 0.0 4488.955715268763 4678.632459406372 0.0 9280.2417848618 128706.7638532 96771.13110924 106503.04517 36773.8426213 209706.07415711044 27452.29074383 13636.798151104998 442.8384270275699 0.0 1225.4286161695002 5288.510166923 0.0 12.862809439656788 2146.43234531 620.7457261867504 3519.31557303 601.631090805 1202.1914960699935 1580.3792934 1754.52500907 0.0 1224.894856263402 30216.1508408 81554.5914984 48651.075672 0.0 0.0 32655.771559570323 34978.5239265 37965.5942085 52843.4643075 134287.7286 122793.1446023 3383.69894115 1657.65719047 0.0 0.0 0.0 0.0 0.0 13267.199388282444 20292.6679857 17071.930647 0.0 46299.82745541503 0.0 0.0 0.0
359611.9654622781 307105.5329414798 1447362.0925500172 89773.99842733148 44859.59508869954 76806.24519677881 63662.03134079191 19845.47113072424 6751.128304552232 9032.869818767238 0.0 4048.2794735212715 0.0 47175.809319747714 107665.58913516732 138500.06909478697 156946.562617 89184.02865952 80982.3735119 82631.55079539999 28951.154822700002 79313.48945212 6571.53661073 177611.79558446794 19457.451007671498 5150.404144702 7237.8936288 7940.271554596785 192.05984902546243 1989.628975399 4470.559179195755 12379.265399003662 21553.220404304473 28403.6294002 67818.217585 72162.88136809613 70931.65661052706 78891.12944581467 60660.331302 38405.8280857 24697.837365 44594.22053088235 19253.8400535 76541.97046869186 25053.429828 38126.905488 51111.729285 150887.7027804534 2283.8326533 2495.54379901 3251.4751948085113 111.12867227172515 0.0 0.0 0.0 2573.92406237629 98146.48001721327 109425.68194200001 518834.3705566521 325231.876374 400668.06501713156 936207.8333767169
29116.619080771434 251911.6270552754 441714.3596180955 105160.33144958275 190824.83897381634 292792.42081017065 99598.58627715548 125044.42911914922 12429.322642305156 28387.789855850275 37281.45881663366 0.0 0.0 0.0 45689.22483242553 71051.08336746877 132997.88679241308 123700.82738132162 151590.3191447922 140482.84259761233 162724.624811 108754.090087 75804.848406 0.0 0.0 6330.973108226182 20580.22340428888 51064.2207876894 14355.22956192 29082.4697575 61931.58614816012 55621.7948955 72293.77089 66187.4721285 47418.26642551803 43160.442484690066 43306.71304595055 0.0 0.0 0.0 0.0 0.0 0.0 0.0 294686.8434466082 0.0 70096.21657013611 438897.81959095754 275625.07078802394 26163.022392447867 401115.9814638114 2827.4701044364024 333.19764549851 391.536624272 34720.435166443356 84715.40451324417 290738.21570261323 520106.52678540716 208916.76285030908 159845.58153467294 589798.1041144143 955604.2776203128
36687.11760770215 251555.57506951492 336467.3625145982 146232.88988088776 106769.94132186871 53448.62114528236 11660.880673411491 28243.41037059103 142705.87177049156 0.0 47040.41670305653 62956.24084732126 126896.59011581195 322650.5290572255 0.0 0.0 92500.84785095917 126690.24042032239 128589.02172876721 128879.029408524 126190.65572200045 87070.680963 126292.76335651378 96963.36047788 87039.98838814 45975.92480599 90976.9874541 97594.6623221 106208.19835154348 62464.285701 52761.73037271907 49047.34342085608 33563.916183 45837.960788508426 45893.8747025257 0.0 0.0 0.0 0.0 0.0 0.0 0.0 0.0 0.0 0.0 0.0 0.0 0.0 108377.04553630164 88204.77114240969 0.0 55678.447952839604 203577.15134921618 566010.4812882564 415830.93763307075 1146819.3040747421 1086973.9934004694 1214478.3061073897 941073.4556340445 298297.1004961119 513614.6519106938 92719.87332873626
