critload/trunk/output/2010/nload_var_ag.asc
ncols 720
nrows 360
xllcorner -180
yllcorner -90
cellsize 0.5
NODATA_value -9999
[rows 108 to 134 of 360, columns 434 to 495 of 720]
321238.02179940685 54169.691753249994 27100.0350584 34933.69314160929 101440.6288116206 134218.0792270188 52597.12518341971 67055.6213172172 13223.767602540973 7472.894396677346 7836.86407524563 5545.386413079201 61471.52608107171 192528.84424109387 244699.27713668437 221912.42506599997 921553.535169508 226770.27178302867 507386.6727162244 765386.5063653564 135627.5728625 680294.1432752368 151828.8359300201 604788.4588680001 281376.185947784 167932.30643240002 90077.12746187899 156053.20999960616 816297.8830382875 251770.3285243983 295369.63605114026 190150.50675121765 148908.95455055084 31970.58533871279 15909.37692875169 2613.45052159 5876.4931659 6770.30305875 1860.6427521 7141.5259965752175 13807.465256906047 24324.237365420828 27483.791047662144 80236.42528051282 131862.36297688767 383635.52876140265 111622.56099116804 69525.86502534352 106354.71397419846 28966.22222822101 31554.273442250967 38580.75631213938 186173.3925385951 214441.45792698293 412058.0438303851 295693.4890271871 58662.99270025397 79764.89017739196 206843.08260832238 100978.85010747166 57655.51440328204 31051.509159957262
208884.29126707208 25941.1254885 22876.54954675878 17110.011744825457 13720.133271658258 5033.48283722 53683.117655473674 7123.377631174319 5903.080334265748 979.9856425861577 1774.5090322191227 2498.777035632539 38763.33279564769 100792.78461232194 74046.9091959102 338024.404332829 600551.3775438943 750874.7911607999 2100319.971661054 370009.6823633339 342350.56624998234 245314.88482866038 690706.6040668737 623055.6466782871 217410.18885916827 253124.46485945702 115946.71010095009 47823.92276365811 40894.165628200004 227240.60929141304 104664.022952 65148.36645691728 5491.59869094 2176.8564591 4316.73528825 3158.5036707 970.638720588 376.45681743 203.66292408 2867.5547559 5001.3808866 56746.936973704214 175583.3673486006 107783.63571380776 495468.83127031545 587772.633006398 536098.2817740417 284931.005410996 14317.413047453689 12134.035636437911 76344.30706425145 43792.00804764674 93487.71833415 30941.8610108 13823.34951052 43426.319368081844 67603.91069579385 39733.8368074 84812.37650200898 25475.435592518832 27731.2391578487 183725.2649908205
118511.07393942685 30707.5113407836 40950.435088412014 15665.485021353252 4917.93686895 4277.83749716 2398.629054423 48842.6734683 3986.03125725174 1730.2853202667975 973.4276590155793 1086.8236046 3843.7235876966743 26858.263777012853 30045.367616239593 155295.43923399955 248556.87669284132 1031493.0624050485 457049.83974203607 334970.10394050315 469994.7931636551 449140.08258969185 1316355.7443871042 203123.5081474767 220753.13813779588 151671.41323057958 182049.42445024068 73767.4179872094 9618.577616280494 2062.1746757424335 3898.84474667 2961.90337433 4988.14318815 2169.1984338 736.922774812 322.22139954 251.350564417 231.128751078 322.723842055 745.6771458599202 8877.618031460623 4719.9762497 5843.1265914 20404.37468799107 26861.56432673229 83960.26445911636 89214.29069876083 50145.58768804478 23229.30300182885 7662.68318956 43586.5496885 41083.78838926795 160427.99972832404 29817.12412 19724.71924958326 5488.727975809999 45703.8311192 26083.1066134 76999.1735998127 135133.46703189643 65497.93304416249 188112.54728991535
27808.495455776705 19192.90956576738 7684.69678015 5768.19070515 8327.23457512 5082.48885863 4163.08007336 7141.50796594 7834.871646539999 3179.368605641 5292.142725771591 691.7127903955618 1680.44327041 4091.693561452 31300.148928182978 64784.770605056176 163783.26271069553 631052.5398994717 284836.8894038288 113078.483847 327242.1003795439 433274.33535134344 505111.65083838016 368618.5324704653 326445.34943493886 638636.0473337012 119087.80052307103 52532.78727928804 55766.073583343976 2455.2470030599998 3945.9509214 1839.95903257 368.652530722 127.871026859 739.59448797 686.9538492 1066.20684736 569.702619697 768.58723917 2973.938300424 2981.75070022 2267.2445823433336 28337.672694321223 34298.16739978632 17021.888966378592 18262.514673031772 6865.7434171497525 7053.103480269715 26618.16921785026 103139.76746205414 339246.15393146605 385931.72250682575 347174.51397989003 125449.46110755586 130820.2150447244 70923.4348788 24625.50413114 41765.2337159 80345.0882403 89766.5228007 149959.9075373439 141962.6951336535
16030.946447272596 9550.354256025565 8355.10554459 3441.2308257 2898.67589497 3843.85175753 1383.70681012 893.039359343 347.651292885 495.228927765 1935.0840595475129 6017.78065143 2450.7954630100003 1508.7546201648893 21312.785142641624 22271.356960478737 39423.59157203199 77490.05888891354 204379.04513471312 317755.4675738375 142039.36093819805 257018.08033788227 435338.6513560641 475916.91867722746 1142207.1447039156 331695.0166591035 184345.8017449345 41613.91694028599 82090.15616051017 57617.04455036941 25759.12350645 3047.7741294 2933.90856 324.404528354 3224.561865 12033.0724151 2050.64980087 570.12920415 3632.36123363 5158.53208327 40368.37303386245 1959.3120567 18662.51848275 126137.13043699323 39799.4518986 54550.684069484436 19523.47611242436 986.925076335 28.243301867412395 3390.742810958 19414.020383895084 92339.92036801435 304724.2128746965 85465.93966694974 68802.47237219999 125016.7212924478 86778.2342469 161618.73594490864 163392.140043615 176894.01132047139 191389.17866668088 112938.2167933
4149.96334807 2654.76373305 3176.6167206 1870.73857215 449.004035872 867.35922015 1593.00529425 703.012483215 415.602543465 312.12651903 597.027475545 945.658392343772 6110.866622167512 14143.3169367 17014.4620272 11305.218683650059 4005.7482851577 7162.12883355654 66427.72430872923 585945.1819967934 285849.28801497514 231845.5453325547 258038.56175093146 211327.2357588793 370165.76246385643 341843.7090843094 226348.00484035665 50910.48118843934 40699.60760315513 24932.664022351095 34987.722431613955 8259.406502073638 1055.532267 2737.8776886 3029.0052216 6964.2375153 1563.24146737 522.318520597 846.08587395 717.19517889 5728.669272 3166.682228446 1929.543383622741 12602.900309891571 24610.563472320053 25583.443901910112 27156.350196701584 4913.392051051399 0.0 38287.076823358795 150824.1798855 79449.63548659661 12244.72575359845 52752.857089940815 120995.9172339779 112495.28824158518 195471.14063841105 79337.25346526809 150328.83968040952 186060.6559549325 254239.04588920312 336102.86531977006
6749.9503185 3240.34585875 556.946713612 424.272696825 454.961367 838.4347512 1071.91297164 356.9685904 640.85897187 414.43787244 227.03337582 1390.5143849165236 621.660879 1967.884768792 23226.159225937 14823.14836912615 10265.227018585554 4073.138374715507 13199.95506042823 308218.9417569382 340886.85645506793 237394.82763373054 234129.35481936883 421314.4723177424 246501.67305413616 811231.7223308042 300742.4617914051 634084.2579327318 139817.40396525973 366504.00809025625 28157.5232805 2715.9189870896003 2431.16373613 1958.56724188 2179.89875317 3072.6899424 817.42361523 1950.4454589 768.642267 1407.07682377 2083.36908533 567.73615725 1246.0249189242038 11128.4204889 40578.98284464871 26895.18925192192 28782.11920498276 1716.0203956835499 0.0006065127622490306 90816.22618539442 215838.74096804624 54144.11890895419 22962.35136607739 41093.657343330575 95679.31341118946 98388.73509764731 169626.177543296 167882.1331724 98198.05167473291 180400.54918275494 438232.54321587575 508993.90584332455
1823.83415712 1819.06716577 334.78992 674.63589663 1510.76066563 1657.2739646 930.2409228 1033.23022058 696.91284264 505.09727244 252.70150692 348.855675 939.92472012 840.18395439 27886.4320003 11751.2048578 4242.713951724496 4613.38003516 3664.61034129 6921.00499203179 30772.850426586738 190883.53993550033 256151.3078687075 797794.9880182925 165258.90631055768 778601.3961564908 1003359.4313492932 1515850.9092065603 655258.865419618 239107.32643731427 43232.8931199 10047.53284436 2552.5619150640423 12485.45704171 37785.103328699995 2968.25126107 4148.0175978 6264.24946849 1338.15959212 4169.1035691 1931.10328095 540.805332375 848.068539239 1733.6233582064276 13667.684527152373 20028.04776334717 9425.2793172 15002.144802908299 51026.36316429691 55925.69550639254 88055.9165619154 111061.66569534336 67523.08678349659 19349.202193579535 113488.0142693673 191567.03645100002 150208.3530418 200179.9623376241 219720.67458540207 150234.08305861085 142764.6717271432 108856.7117011182
1970.15766271 5447.51406015 2466.85515536 495.90314541 0.0 0.0 175.19458815 3158.5200012 849.17315952 274.95389376 450.353163397 761.07981555 376.3853379 379.54282428 7806.0823323 10606.20298491 3481.1924481 2461.0114673089975 11343.275069685333 6345.176321433316 16442.431597831528 13228.912667609999 88355.25693029823 112667.04013295725 176289.8138006724 797748.0764288756 894150.8577926526 1177342.9864468034 1038195.114680208 109580.0198475781 14587.60291320802 1173.2287725823942 1833.358705685221 32202.850529721556 124013.83609573387 5585.3601853499995 6320.3374143 15317.9986449 14483.96721976007 14054.2752898 1154.25238423 538.937065904 390.954539448 669.484156176 4053.3181801728315 4846.987043249556 21795.786376594628 6393.557076090359 3827.401232374 12601.293502220278 0.0 3821.7100751584194 1370.6180531295267 250.2982329778172 21736.173571694 109884.05932582 159758.74240379315 302627.46107069997 55137.557963600004 75841.3186445 88679.2204032 15524.990950712438
3609.01781445 2674.66687194 6403.19534505 3981.8920599 2165.42321791 56.38924764 0.0 0.0 655.018031385 2071.99103573 528.903047205 566.117435813 545.063506755 320.537161635 130.6903456 3078.031953367 7305.68664882 2114.01482788 9805.582859307931 1150.4662475346129 13163.192838057099 13567.935065829999 26955.46878001097 55400.96853911396 96886.06056608769 484577.24835577636 867479.1000073864 994286.1246964472 1172466.395527457 170443.61846536706 99192.97403397076 89269.92428171451 10736.36417412 6342.326325575558 15287.56499966285 29597.34946192054 2616.4329878199997 16105.5819524 11998.6891306 40752.51964684083 3004.6901703 1390.56260716 387.508173171 580.04032951 633.249849552 2244.496536238459 2281.85101287 5315.7436062 2029.6329244800002 2067.4423945 7196.4339144000005 2194.2890244568916 603.104772364 886.409887856 18540.029184335002 0.0 2628.385465275 28099.8607747 117859.61637574933 36795.74047151057 6118.928741919999 6837.269344094085
945.36875931 0.0 0.0 3296.31317579 4647.62327888 352.2527136 0.0 2152.61526024 1696.67304822 1328.2597983 1292.68362915 827.78898279 250.5090597 177.324825241 117.317914098 152.117311947 810.829230416 596.4272618159999 2116.57513142 2112.512899838 2491.7964976159997 1703.57488479 3903.846826410275 19789.715842997426 23298.91960721583 184046.95621816968 789775.3056743777 1062046.6679129084 1248347.059724922 923356.8919898501 738356.5634062529 587899.9549130047 47075.20606445362 9915.960768539728 1850.4530004899648 8002.1325450124605 35489.716543710005 89135.24097749674 68568.62719660519 116576.9657103862 26268.84808789781 1911.95722226 358.726988038 435.477188426 634.900800375 2979.95501445 2743.8994177133204 9310.231476 1543.1429637 4210.135326 0.0 0.0 590.3670085265414 3091.7572037200002 7287.027376782001 0.0 0.0 0.0 10054.958146189674 427785.14344825153 353362.5172087432 34551.67964796617
1249.26831028 0.0 0.0 0.0 0.0 294.990487987 1608.68769132 1115.94298725 1566.37999132 1713.68846145 1395.2259321 708.25325238 1820.27471724 907.195042215 180.171848556 243.230114789 229.853640285 142.361359042 497.140565363 363.210810075 563.02882272 3905.7509432990296 2341.6378083604313 2904.9750111755857 719.6704178574793 81278.48272858997 55168.900499144445 134631.2597907279 279441.00075978565 1105393.6630408242 1339574.988560202 1306676.7996430895 150054.25858205982 112608.05227120781 34490.682636719255 2383.629732589926 19327.70844973227 52299.31212707625 41292.99801932263 98526.61417275267 78517.23367386352 6447.7587204714 0.0 459.271179456 3575.6236986 2158.60525462 1293.6635085 6603.00064545 119.44967595 3835.280255441 4426.68403369 1531.0613102769998 2763.124683425 0.0 0.0 0.0 0.0 4957.855732112001 12140.08902275726 117280.73792489643 224965.3159736447 9.898329816700279e-05
833.4502797 0.0 0.0 0.0 0.0 0.0 4724.86273695 1136.211462 2435.5301391 2137.7537562 2806.4627908 1630.43292751 1286.29032576 1139.99119612 145.496318539 121.413535846 143.56916772 244.450527 177.484230998 189.812516523 1574.40037939 2061.511500825 3325.3210426151386 370.636948472 -9999.0 -9999.0 4570.63741821 118643.48409848387 125523.69832551137 1053111.6660965008 702605.2621112741 1535777.3582991317 1094142.5465806026 179782.83079770635 65809.90323500578 2113.5536531160124 5263.812033525412 37536.287180013824 38327.58418467712 92967.39638906375 41492.83037503321 12835.520948184747 770.127683437 0.0 413.000099199 930.999282592 2380.943964 6964.83969855 735.24571932 0.0 0.0 0.0 0.0 1.900489724660751 0.12567357189944767 0.0 0.0 0.0 7130.1136059 43958.66337757061 7.246891694766348e-05 41725.96697463509
0.0 0.0 0.0 0.0 0.0 113.12108876 2263.2306813 1837.1393544 2403.7927452 3573.524562 5197.8701304 3203.8765869 2947.9119135 1669.93173 719.697962775 2086.38723983 267.82221591 228.89223598 184.221073848 2610.25411313 3714.41771939 5007.679121749198 92598.171352834 -9999.0 -9999.0 -9999.0 -9999.0 15533.012133816252 643425.3821343826 670857.8539662632 833762.0415224443 959177.5331850001 181241.7750574071 154073.6364919258 107001.2173174 14069.58151084 7960.80708645 85327.6444812 16994.22475613 47128.394691304304 55947.87847476661 34836.211176154146 18206.419809296327 534.479424665 258.193421772 1073.35658052 4916.51775702 3193.60385924728 1982.76728652 0.0 0.0 0.0 0.0 0.0 0.0 0.0 0.0 0.0 0.0 353083.6566732718 0.0 27992.205069221098
0.0 0.0 0.0 0.0 0.0 2625.29670967 1333.8949223 1998.56695185 2739.821679 1965.91917675 3438.82617953 3724.33804807 2656.13594318 3192.3067377 2380.10681363 1097.42050125 535.170888408 772.45892109 1105.4628225 1061.70156594 1239.6371091 5604.8376816 2855.635365465 -9999.0 -9999.0 -9999.0 -9999.0 577.377448752 511679.35558129114 399504.16395611694 173018.69844976693 196791.82642846997 163043.35939735037 582155.3121632627 834837.6269968785 142962.3269652701 30059.297578213424 20465.80655905081 27420.23745779322 37614.76796181065 39516.78618010219 137082.202639978 41290.00959442 40331.7830113 1010.8210351 475.792518828 12007.112684635802 6116.797754453248 9996.0361362 25014.677751 0.0 0.0 0.0 0.0 0.0 0.0 0.0 0.0 11603.445449928871 0.0 36523.93278253989 549.396850053
4554.90805605 2013.28524148 0.0 103.252063748 0.0 1699.33639837 1872.98364 1931.86848525 3075.242853 2412.29320155 1959.84734049 3940.3823596599996 3547.62312502 1174.60264353 2334.418656 1129.2868902 425.492519925 1244.16794775 786.56219361 985.44137286 1102.73783531 1869.87324488 2815.7435625 397.6581111 -9999.0 -9999.0 -9999.0 -9999.0 72175.63494786184 140081.13381779444 115266.67227162304 518257.71668787324 261212.4660499368 108830.95733000884 144234.65384278612 197413.9689050402 72062.30569670143 71556.5039455216 66384.4720943425 57365.18169340937 34314.718605999995 69989.75886398385 20932.268634145454 16493.809710999998 14314.1735793 4199.38972365 17471.9058696 9347.48912453 27718.7662374 8366.1162552 1251.64180057 890.508229875 0.0 0.0 0.0 0.0 0.0 0.0 69634.93196375697 22.43641379225393 16501.484412592596 25167.226875177636
7391.2429932 3557.0480526 5033.16114 3444.63840611 2118.60871515 3428.80632045 5206.56704962 3350.28161949 7181.358667446 5073.04470698 6397.32923295 2929.828699377 3797.24629353 3227.2571252850003 3061.7911756860003 2540.75046938 2026.7769951 675.85067316 1183.3490565 2593.2722226 37128.37562775 53865.1033278 3216.84536781 1369.78743252 0.0 -9999.0 -9999.0 -9999.0 0.0 7125.636246276765 352672.252613627 497891.146252 131040.70204076233 479499.85947395995 85722.65353611429 35833.853796195945 45211.984812750954 35940.85826905364 41103.54379538135 39262.73215245672 18180.3657523 22278.2842107 1714.228999635 3329.56580232 9862.369460012555 14053.1895465 5880.531528 6328.09388722 10679.4091969 2781.92586919 6627.3824457 976.3743736 0.0 0.0 0.0 0.0 0.0 0.0 123902.95292946634 0.20961234165445253 1.7003804956224682e-05 95275.48247978155
28220.33721271 6156.28381725 801.506334443 488.286934087 1600.06322553 6074.72478637 5649.5270475 8299.633992286 14665.007598 14669.844371693576 8221.354775767 1567.3466584799999 7138.651141702 9977.41933608 8352.16406673 3143.16088853 1923.49654455 682.293552525 900.528043125 1629.034591524 12008.754075820001 26644.42737128 12193.77946802 2788.9310013923755 2340.61975404 149.6424255 -9999.0 -9999.0 -9999.0 -9999.0 -9999.0 17347.1987831 84773.1811972 109766.69829663399 229093.3137299089 40471.43306395938 30625.116758076067 17128.399701323182 213217.5355241158 13281.7530493705 97886.71075854565 17157.7972125 2217.9640065189997 213.758978895 245.2643599544 495.0056886262959 1529.081034803 12708.475524599999 10136.2719979 12008.70119988 10448.4552372 5085.3448569 11847.4121718 0.0 0.0 0.0 0.0 33869.14938193014 89611.87249872413 0.0 0.0 110723.34255839999
33276.977244 44630.09081265 5365.222959 1183.96155648 1362.8170473 2170.9257975 5753.62095165 9741.9231842 7769.4560316 14083.7871615 9486.200178 6589.112714700001 26550.306303449997 58178.68440961 5732.038694479999 2894.8954818 2735.0437509 2144.6257086 1324.74567225 930.48676185 1015.464076357 631.408382235 3193.0706576000002 2750.46026565 1858.2334398900002 1800.450696704731 0.0 -9999.0 -9999.0 -9999.0 -9999.0 -9999.0 507.997022229 15491.3848845 19977.2101635 15907.753520139 14014.353610247697 10215.2386445 5985.80483715 -9999 27023.791890841985 23464.176289978877 24638.371524 11935.2404462 11088.7038438 11528.709219 9598.02185197 16625.3260206 8198.83029735 8019.77375002 7777.22377087 5691.9959307 16619.831620088862 5911.120893539999 67279.34206935001 0.0 0.0 0.0 0.0 0.0 10670.296815902268 76952.91880232
34978.96326 0.0 2334.79758073 19074.4605293 15854.138205 7245.06695475 6580.27030162 5056.92499635 7421.3673129 4344.4355391 10854.98162188 10739.260026027127 14919.0682407 28545.243218438 12304.408629720001 51275.987433 3626.1101304 2768.47531763 1686.396419274 1557.71730838 1431.39144667 1049.57349255 1130.589576 2855.7287196869916 2844.2358700250197 928.8247589169954 1000.1984782378299 10161.330631424999 947.800881435 -9999.0 -9999.0 -9999.0 -9999.0 -9999.0 -9999.0 -9999.0 -9999.0 -9999.0 23550.37454508455 -9999.0 4875.129666994381 7266.63205537 10497.6200703 1959.6333042 4531.44684324 6729.3487584 11071.3333668 11015.3705912 6638.6753685 5038.98608633 28010.19502928 57977.288701747 74482.62822299999 0.0 0.0 0.0 10614.10884548577 5902.9994935820005 51376.420998600006 0.0 0.0 271270.860894
10745.0530141 36326.41857 128785.01919020001 26232.0323948 12024.743352 11495.2559855 9718.60010934 9153.89753475 7166.9945244 3512.10092167 4680.72332977 9543.255688846515 5270.90038992 11968.504072749998 44484.167012549995 30590.1779473 49633.82028232398 7932.97063522 5623.649361 2158.5202569 2032.9356564 1649.0734722 748.897284735 1766.4231893400001 4267.846457302555 1142.89541974 566.27842752 1807.953015728 6220.76231322 615.49367697 -9999.0 -9999.0 -9999.0 -9999.0 -9999.0 -9999.0 -9999.0 13101.863985 153350.01411521857 -9999.0 740.485149975 3741.40860669 2438.41171928 2227.58506309 850.12177698 1299.87512316 4176.9750972 17606.04250818996 27591.69923685 27235.1959236 6017.656863624 0.0 13274.491652053299 0.0 0.0 0.0 9.042506049089584e-07 0.0 15338.987788980001 12372.55173 0.0 0.0
4674.23397076 28445.5983825 29169.80243402 25127.286471 16586.137074 12991.4285348 8483.19915114 9689.51140063 4634.49359235 2499.44286825 1734.41437763 14770.5294477 4427.8618761 1464.475179083 25719.986825850003 33275.69229316 28658.443790949997 10977.985594679998 7013.51812688 7407.82959258 4838.07527268 1902.85542893 1922.45576152 483.3631122 645.707617485 674.187669435 246.145856489 3767.9968395 708.421479021411 1395.09181614 -9999.0 -9999.0 -9999.0 -9999.0 -9999.0 -9999.0 418.82278898000004 20661.58007707 123335.37401853279 -9999.0 -9999.0 -9999.0 -9999.0 0.0 533.363170675 895.00858008 1244.880714449 14137.959768693443 4765.8387519 1528.84185606 0.0 0.0 0.0 0.0 0.0 0.0 0.0 0.0 0.0 25584.6379279 41214.3213786 0.0
4122.87168465 43531.2699388 65395.93300588 74599.64443015824 35167.072207000005 33903.1560087 9317.8585209 6697.34260043 1830.09840791 2612.07976109 4949.86720655 5680.93368712 7806.519204 1386.60462461 7804.07390392877 50648.549761790004 7303.9020507000005 25826.99287592 37666.1214279 7263.04866733 1114.528640258 3064.53283133 1537.6813659 437.58225525 648.2898059624999 0.0 58.164657885 1410.61920619 1177.94166 0.0 -9999.0 -9999.0 -9999.0 -9999.0 -9999 710.474513020792 405.7428186 6944.1692550630005 92390.28675795553 0.0 -9999.0 -9999.0 -9999.0 -9999.0 -9999.0 -9999.0 -9999.0 -9999.0 -9999.0 -9999.0 -9999.0 -9999.0 -9999.0 -9999.0 -9999.0 -9999.0 -9999.0 -9999.0 -9999.0 2707.580741281 4777.067272095614 58500.811083992754
0.0 3175.58188141 12096.5299878 59242.2576993 42947.103108 17444.8686019 4412.854869 2908.91328083 2433.27460225 1958.03902332 2057.1348168 3407.41630897 4612.72162446 2772.78132015 4161.85282912 5004.98041197 8860.17415038 9481.44033837 135761.361847 28926.0859564 40476.48168637 28121.4829038 1864.49180535 1793.720675254 1214.400572685 0.0 78.9276481695 0.0 0.0 6553.6071112 0.0 23674.51988903 16667.703705839 461.130576367 728.30620797 992.1976203186128 16560.1195945 94075.80946664888 34263.90797506856 18459.693183659998 0.0 -9999.0 -9999.0 -9999.0 -9999.0 -9999.0 -9999.0 -9999.0 -9999.0 -9999.0 -9999.0 -9999.0 -9999.0 -9999.0 -9999.0 -9999.0 -9999.0 -9999.0 -9999.0 -9999.0 0.24143946626735194 8451.35748699
-9999.0 -9999.0 129.378650445 13431.4463022 60312.1304897 22948.397532 13225.838435 16248.0934077 6156.52572155 1448.1676755 1247.7572517 821.51823444 4585.48629528 8520.62307675 4179.50495781 2679.1644328 14815.595724010213 12848.867042849999 26741.319346 35817.9598458 25337.85841882 523.449673245 1218.04738605 411.28810539479997 6690.974335087 0.0 0.0 0.0 0.0 5587.1090352 441.768194282 0.0 0.0 4635.54191385 0.0 0.0 560.60199063 1150.928553747 23040.149608723135 36995.1472686 25490.329582831182 9316.573103227 5102.22113184 1027.4993994483498 -9999.0 -9999.0 -9999.0 -9999.0 -9999.0 -9999.0 -9999.0 -9999.0 -9999.0 -9999.0 -9999.0 -9999.0 -9999.0 -9999.0 -9999.0 -9999.0 0.0 1.1217666247666753
-9999.0 -9999.0 -9999.0 1156.10779762 33491.8165248 46787.09098793174 7374.3362178 7928.023257 7901.67504096 3228.33017265 865.692441 393.451643865 4355.50169744 7917.22627374 7841.75315368 8032.16971335 9232.13576513 4260.65443916 42247.04406937 124703.13637349999 3428.8398045 0.0 958.476607275 322.858168781 2245.806347528 0.0 0.0 0.0 0.0 0.0 177.734545748 0.0 0.0 26038.495513232003 0.0 0.0 2865.1636592566483 188.342340615 1671.00473306 11798.908245322107 58581.28170318391 64314.61672830702 44571.496547792325 49383.19101434612 0.0 -9999.0 -9999.0 -9999.0 -9999.0 -9999.0 -9999.0 -9999.0 -9999.0 -9999.0 -9999.0 -9999.0 -9999.0 -9999.0 -9999.0 -9999.0 -9999.0 -9999.0
-9999.0 -9999.0 -9999.0 1065.32015751 17023.893482400003 44545.992762 10828.3247051 5189.2351524000005 10221.9739994 768.181514775 839.20917375 747.770136637 491.021078599 811.476458372 10071.3188736 12427.0117115 6513.3236343 747.475653488 5310.6153264 19236.717375829998 53.615309532 278.28990189 1075.8671952 20.5027380792 41.3258241053 111.042393075 0.0 0.0 0.0 0.0 0.0 0.0 9524.8365693 54779.1621345 76390.2354816 7447.22017357 4460.12381346 0.0 4.6436203776163185e-06 2452.47421575 10714.06814403267 14273.471942047188 11813.20511784824 18028.915299166038 27610.846748103162 1131.13857285 -9999.0 -9999.0 -9999.0 -9999.0 -9999.0 -9999.0 -9999.0 -9999.0 -9999.0 -9999.0 -9999.0 -9999.0 -9999.0 -9999.0 -9999.0 -9999.0
