critload/trunk/output/2010/nload_crit_sw_test.asc
ncols 720
nrows 360
xllcorner -180
yllcorner -90
cellsize 0.5
NODATA_value -9999
[rows 196 to 223 of 360, columns 372 to 433 of 720]
-9999.0 -9999.0 -9999.0 -9999.0 -9999.0 -9999.0 -9999.0 -9999.0 -9999.0 -9999.0 -9999.0 -9999.0 -9999.0 -9999.0 746118.6678215128 2567437.661702084 5590918.906078594 4989420.597631599 8454396.221505083 -9999 -9999 2174696.8348560794 -9999 -9999 -9999 5624665.337796601 6139202.476461876 6469238.510978252 6281588.890384146 -9999 -9999 -9999 -9999 6942553.497517134 7436872.136354015 -9999 7422359.963457724 6531499.541908053 7146185.469727054 5180608.052282678 3562098.690779821 4442476.491490766 3638126.899680635 -9999 5435716.9524956085 5408975.553620468 5758960.359143706 4733638.867199257 4200507.810412065 1068619.3482867863 4143065.862539772 5262973.496984001 1240151.739515335 319803.17161899456 1417312.6442942182 3643795.0895082024 2581048.793246691 2458256.8717672797 4318871.224881813 6420003.482127717 6182814.668964905 10753797.343006058
-9999.0 -9999.0 -9999.0 -9999.0 -9999.0 -9999.0 -9999.0 -9999.0 -9999.0 -9999.0 -9999.0 -9999.0 -9999.0 -9999.0 9548845.881552082 934986.9942442732 -9999 5284177.120928497 7853079.769322565 9338188.573697057 -9999 3685206.4035622096 1022429.3153462122 -9999 -9999 4460113.717952071 4544293.79604145 -9999 -9999 -9999 3443750.8975484814 -9999 -9999 -9999 9977067.62048701 9461409.935670614 7051689.676786039 6073905.45758437 7431856.951954729 6267140.684377342 1341203.3060404127 -9999 -9999 -9999 2360011.3334612893 1094664.793693636 2942229.4710028064 503733.64614606707 -9999 3602670.5267898655 2047488.6022997717 3560756.718852271 1950219.8109793286 519708.26843979815 4026292.533782585 4481253.729254699 2503746.6391245234 3781695.560591233 5513858.2286589695 1615788.3651298846 9355651.872601895 6930469.020444016
-9999.0 -9999.0 -9999.0 -9999.0 -9999.0 -9999.0 -9999.0 -9999.0 -9999.0 -9999.0 -9999.0 -9999.0 -9999.0 -9999.0 1755691.1921706903 1697969.8579952288 -9999 5583824.531369064 6290630.5466796225 5129828.271534665 6685934.085099354 -9999 4240117.548052429 -9999 -9999 -9999 -9999 4241725.101586854 -9999 5594587.430434272 4588331.897936357 3092972.365720546 -9999 6047261.496575665 9842175.735352306 9283899.99714259 7097305.678466309 -9999 5533800.799466849 3193205.782236765 3548559.0760937226 -9999 4569291.470059691 5070251.741682561 1016301.1414191836 742135.9295446782 6379787.823111662 6163674.489291169 7273223.857809083 8690804.726036396 8379121.29492816 2152656.3693256862 2242352.1206596037 276075.63587893685 3478419.1829614793 3719697.723830756 5585769.6891924 4250600.571860955 8181493.119079321 848228.2476280845 6485372.03348919 -9999
-9999.0 -9999.0 -9999.0 -9999.0 -9999.0 -9999.0 -9999.0 -9999.0 -9999.0 -9999.0 -9999.0 -9999.0 -9999.0 -9999.0 2361890.5718299327 1818596.7019726003 1315818.6317663423 5775377.964089052 5753784.55621486 -9999 6349770.067435123 -9999 759961.5321968867 5240502.556101823 7180924.921511132 -9999 -9999 -9999 3670429.316083729 5366373.83701298 5495980.408993009 -9999 -9999 4766869.561224804 6586874.096086506 7422164.078622967 6170065.424610693 -9999 -9999 5592595.417570614 2938456.194814536 3978748.6636966653 3004405.1972882203 4871858.387246577 5093265.585673673 8150031.648845591 5681358.694818839 5954591.89101168 7565831.655550916 9075895.217725202 8167091.943883836 600327.1437443105 1541303.5640203964 3020624.39124534 6661992.749160232 3121953.5153180007 642417.278211635 7355856.180922659 5350681.975301255 -9999 -9999 -9999
-9999.0 -9999.0 -9999.0 -9999.0 -9999.0 -9999.0 -9999.0 -9999.0 -9999.0 -9999.0 -9999.0 -9999.0 -9999.0 -9999.0 -9999 2111884.7121020984 -9999 4672458.444624351 -9999 -9999 -9999 -9999 5866267.515928736 -9999 -9999 2504489.310989351 -9999 4586693.473714397 6090030.57089239 5477118.440419519 -9999 -9999 5368375.736195775 5093267.557454115 5778627.206980973 -9999 2938784.1538262023 5163810.280455828 3789320.4313309984 7919050.296569836 3963273.1878471263 5683747.970741802 4415018.599231647 -9999 4200130.031524498 8245597.899630455 6892779.410126816 6637895.077452013 7694714.691144791 9035858.77307532 9080920.70816869 1446954.1632167283 3823511.6722458364 3568665.591863149 2210890.561028027 8087547.412815569 618398.5324915217 7652360.889523162 7049051.849150446 7598304.016582903 5491811.713080546 -9999
-9999.0 -9999.0 -9999.0 -9999.0 -9999.0 -9999.0 -9999.0 -9999.0 -9999.0 -9999.0 -9999.0 -9999.0 -9999.0 -9999.0 -9999.0 1636560.0579978721 2244858.548796328 3520677.0356789655 5848975.179830308 7448612.572131015 -9999 -9999 -9999 -9999 -9999 -9999 4245614.41167476 6154206.39210645 7102848.355261289 5635992.675856309 4997809.011571628 -9999 5517644.66445327 5339511.349881245 6640286.230509203 3936829.5018740874 3892150.7795374314 6434447.199492924 8544785.830492474 8934927.094053691 8664891.964603323 7906368.71650813 2323743.875089152 4117318.904124111 3280729.0066090794 8271853.091755556 7733808.122998364 2250273.605073368 9247607.120861882 -9999 8422592.901591413 8897572.460948125 3438379.560865143 -9999 2323565.9108898668 7094925.423163848 2825371.1292434065 6227091.63770775 6932941.580789685 4212068.367959446 4845982.062902705 4932807.178113939
-9999.0 -9999.0 -9999.0 -9999.0 -9999.0 -9999.0 -9999.0 -9999.0 -9999.0 -9999.0 -9999.0 -9999.0 -9999.0 -9999.0 -9999.0 1554417.5650263422 250241.39137384255 3483847.494024026 3969475.517618051 5718308.749613885 7420705.852882777 7395037.784192701 -9999 -9999 -9999 -9999 5443589.050136421 5992647.58402614 5726623.873129352 5099198.786085324 7315760.745366228 7454570.277853057 7150315.228739242 5717590.373416758 6714773.526318974 -9999 7392801.609329879 -9999 10078076.618634041 10283033.937977055 -9999 9317243.092673607 8415444.13224006 7543804.835327612 1599212.4408474832 8854793.486467518 8309180.113651253 2385256.249364357 -9999 9250431.51164402 10443190.005639466 9562183.04806 6601653.178385947 -9999 240086.42608681374 4022130.3346339306 5895454.262114823 5874101.568937642 6641340.990346463 7200562.820622192 7416524.100256565 6892417.531228612
-9999.0 -9999.0 -9999.0 -9999.0 -9999.0 -9999.0 -9999.0 -9999.0 -9999.0 -9999.0 -9999.0 -9999.0 -9999.0 -9999.0 -9999.0 252547.810001055 2217303.0901358305 5192607.098967443 5329112.382187014 3691609.4101844924 4714543.977339336 3839111.7353417454 5582411.954424281 -9999 -9999 -9999 -9999 5657877.086590092 4354249.874728089 6445984.657011711 -9999 -9999 7501166.458588759 7490422.118781966 -9999 -9999 5496781.0564121585 -9999 -9999 -9999 -9999 -9999 11024842.086037366 9840599.703388602 -9999 10087146.654718643 9957230.848913876 10745540.292372948 -9999 3893404.583439919 9103173.120889246 8010704.062421688 2921305.937448458 2187136.30443686 2116721.063670192 6755512.419549927 12609406.280858044 651819.6536081579 11109906.646505775 7735474.670903819 6440436.5132383695 6620030.620587179
-9999.0 -9999.0 -9999.0 -9999.0 -9999.0 -9999.0 -9999.0 -9999.0 -9999.0 -9999.0 -9999.0 -9999.0 -9999.0 -9999.0 -9999.0 177300.48297659634 219888.26861940228 4128630.9569835467 5380812.709346579 5094636.929468186 5463666.327182477 3314588.9265914345 3329829.018823252 4721953.923205143 -9999 4755913.831904098 4731817.636875645 -9999 4173102.823142809 6381327.257910812 7322309.333100723 6969892.041897585 7349709.338668122 -9999 -9999 -9999 -9999 -9999 -9999 11132258.85729861 9718926.877775164 -9999 -9999 10988104.374442097 1241795.8217457733 11051817.75577387 11203978.871396702 9661711.262321427 -9999 -9999 7765204.180197357 5649460.761460375 -9999 1232615.549658567 4259528.468741623 8599828.585084578 698056.2013620313 7781248.56367177 9231551.578707919 8799581.259037377 7836964.201313242 -9999
-9999.0 -9999.0 -9999.0 -9999.0 -9999.0 -9999.0 -9999.0 -9999.0 -9999.0 -9999.0 -9999.0 -9999.0 -9999.0 -9999.0 328531.0374089259 173652.53590364207 1620682.7268312308 4357089.319463957 6329721.024288864 5894239.024925251 6352247.287253187 5709928.525511712 5605415.781945183 4544564.12920989 4712832.017601977 4562158.835222304 3933765.7763888445 4015809.162440023 4107709.8119753744 4896782.796265977 5865037.686756006 6893309.385008469 6450651.027198135 2466870.278432195 -9999 6208161.10032925 -9999 -9999 -9999 -9999 -9999 -9999 -9999 11787771.87091937 11712600.379238434 1654917.1098864619 10854706.374790873 10530945.806654513 9231334.712860668 8002055.665234342 5729042.389420771 -9999 -9999 1130506.694647535 4029979.8032347457 6897042.34400668 6990139.34529541 3956478.3062921586 7943060.977996722 8544783.647452904 3765196.0142451534 -9999
-9999.0 -9999.0 -9999.0 -9999.0 -9999.0 -9999.0 -9999.0 -9999.0 -9999.0 -9999.0 -9999.0 -9999.0 -9999.0 -9999 1535986.027915611 2007212.3716451454 383915.66482238425 3983918.134804072 3002503.4934768383 5653271.387174547 5646924.993480472 5027050.041079061 1794670.7680695008 -9999 4249012.410308738 4329398.682483497 3710994.895082346 3358776.388664698 3691577.7365058744 -9999 4476917.09091732 3499358.2671160116 3286751.955787615 5139832.851931055 4601839.16705385 5087573.948962233 2467947.429682642 5095313.9905840885 8353343.37792525 10588301.013537606 -9999 -9999 11414822.510205757 11654691.34520176 6724868.942825919 9272811.448721342 9903306.046750713 9950932.55711384 7965269.21216806 6722374.650563072 3438780.4564375347 -9999 2126799.0467107315 1033605.1969280553 4464270.988653914 1742924.5376673704 5684320.07359329 1467407.4229371415 6114560.530469071 6433810.478598963 5102150.9716137685 4908146.751931674
-9999.0 -9999.0 -9999.0 -9999.0 -9999.0 -9999.0 -9999.0 -9999.0 -9999.0 -9999.0 -9999.0 -9999.0 -9999.0 62989.44669643733 33227.111871074056 93267.2538674579 4386497.993892384 2554259.792401142 2787770.2798625967 5130799.131027942 6120879.358016243 1578941.2212375263 1193978.3214400616 -9999 3408983.659576051 3316472.8580270987 3173856.486832536 3163157.916366863 3312527.3912880872 3188418.9253704576 3839722.722004634 5252854.115787155 3198973.211480514 4506454.0604504105 4543468.122991635 4701381.06229406 2926144.783930519 -9999 2804487.7956835013 9830220.360431435 -9999 10817513.137612557 9521646.899501016 9740296.788757224 6153587.990699745 1757593.1156908765 4923695.858769597 6539867.271115996 7262951.191291634 2976829.997303713 6738976.285562018 2585521.8526836466 1074513.888459763 1870921.5995352748 3461123.0681105424 4714820.341662371 3740623.478649869 596456.2275619513 3458520.1953555024 4675798.497679896 4778440.640932353 4425208.705694774
-9999.0 -9999.0 -9999.0 -9999.0 -9999.0 -9999.0 -9999.0 -9999.0 -9999.0 -9999.0 -9999.0 -9999.0 26506.50164838572 159990.33905820927 791315.4328680481 1761104.260676581 3299792.715474814 114566.53953902387 1492056.1540155588 -9999 4643076.153491115 -9999 356788.0500861108 1553305.369556529 1987185.373186333 2138604.130091525 2099054.429709957 1944645.3256542697 2259400.888196707 -9999 -9999 3112186.638255051 -9999 -9999 4937969.295639916 1157178.2697901349 -9999 1400033.863100268 1803940.5339393248 -9999 -9999 -9999 3420319.9129401753 3738398.1411806843 2533054.7106571635 677149.5765353008 2252984.063709517 5825466.266922418 2455746.344205397 1517808.2319321553 2950666.885409775 1641987.3566589002 1885027.1653645397 5530059.105167589 6042820.20192852 4835870.217266906 6875041.209254742 444440.48475302936 1217747.3285520098 371138.2450329797 187427.3973150465 101039.17054302887
-9999.0 -9999.0 -9999.0 -9999.0 -9999.0 -9999.0 -9999.0 -9999.0 -9999.0 -9999.0 -9999.0 -9999.0 -9999 114067.81356469478 3177637.274889056 3417594.675490613 309063.4713347625 1280527.8508874625 2681200.2034570877 2231482.052225194 2428413.2661975943 3131933.2356350627 477521.1965850732 1507962.7955198064 1078186.3502315702 1344536.228721407 2446272.3408545447 1453850.9948291779 -9999 1591553.8135678126 -9999 -9999 -9999 -9999 5500923.994470732 2708198.3086582506 2151099.6485345066 1135642.82063547 1147051.3014838484 -9999 -9999 864973.3524845159 2076626.9762240814 5792319.875478565 4936786.577165287 2031101.9733495184 1010656.0992893251 -9999 2482029.896778539 2767514.475766856 2276988.796221919 826226.9776310644 1034632.9049790658 2872618.274568131 6850126.861768669 5816670.150584755 1395950.5368778107 5561701.202292711 3607701.8934329282 3038209.960370044 430314.2812194019 3785666.991283089
-9999.0 -9999.0 -9999.0 -9999.0 -9999.0 -9999.0 -9999.0 -9999.0 -9999.0 -9999.0 -9999.0 -9999.0 262642.9466892017 1178434.4195515527 2291397.132087402 2357934.0495731346 26688.05688525831 -9999 325302.3029840026 67040.38780672607 1402341.7621674547 527264.897806447 1075118.5647579313 451810.68376331386 819437.2495634464 1292643.0030287416 938021.5991703937 1221690.128799031 -9999 -9999 -9999 -9999 751689.6700280317 980390.2993163773 2628936.3117803084 3192548.8880908564 2932413.2385960226 3248452.6998916576 -9999 -9999 458079.5919626011 179145.55817334136 1595610.0135161453 4276172.904181901 5655114.20708873 1631537.859605115 2095811.1912480195 -9999 2659435.4301128066 1767395.878006042 2646871.903669854 2920771.792210868 3334738.6646079565 2397037.2607762488 5580897.586103441 3319206.618549333 4437154.501147459 5687788.946418357 6201951.215666663 3769798.1056672484 6297805.932038911 5513241.439506585
-9999.0 -9999.0 -9999.0 -9999.0 -9999.0 -9999.0 -9999.0 -9999.0 -9999.0 -9999.0 -9999.0 -9999 -9999 -9999 71609.7394714544 257477.89272324392 49408.26548284712 3493.507098662838 690467.4306510899 106949.6142573242 1342267.1312056554 614027.8817067306 526613.2437023455 783609.2482231198 -9999 -9999 -9999 -9999 -9999 -9999 -9999 2345487.7731283354 1462731.8357527568 586480.9060692322 1523857.5491939867 2898743.011246765 -9999 -9999 1764716.5903217304 -9999 1397205.3289116172 3795519.7489837958 -9999 7070922.257448215 5640368.0589394225 5562794.946221992 -9999 -9999 188738.64412796817 1252141.4479213364 1606350.7590038143 492077.336219935 350284.45342421444 3442845.223713374 1675804.1065911506 1346032.4694881048 3530573.2579416432 4182447.512041065 7334976.367306768 9217305.224334005 7112135.052627853 6923433.125393866
-9999.0 -9999.0 -9999.0 -9999.0 -9999.0 -9999.0 -9999.0 -9999.0 -9999.0 -9999.0 -9999.0 -9999 -9999 -9999 134574.93078626227 161097.1449697147 319635.92426923785 290270.21423967 577594.1865183014 193440.49960578766 175062.25347443484 118161.57127847165 -9999 -9999 -9999 -9999 -9999 -9999 -9999 -9999 -9999 -9999 -9999 -9999 -9999 -9999 2219358.8254535366 1605923.7909646274 1235988.2036119064 -9999 1077971.6194819724 1526636.9499241596 833725.7420743189 1890270.331554843 2471517.3692731466 3348611.914623715 891536.8458517846 2338683.646479668 1106349.1646020138 1701957.784675483 1787455.3742873655 535253.123044345 2316532.2188363327 666987.1187871585 1839921.8083037552 1711685.2698961112 2523598.725437019 3466084.706258653 9861167.658480167 8878326.851029694 7378109.766751852 6283453.860128245
-9999.0 -9999.0 -9999.0 -9999.0 -9999.0 -9999.0 -9999.0 -9999.0 -9999.0 -9999.0 -9999.0 -9999 -9999 1463382.0507212037 101748.58428005614 121145.37748358423 57861.50729623222 1206939.2681533736 765898.320461645 393338.6777068115 6327.840413739413 -9999 -9999 74260.2100866543 -9999 -9999 -9999 -9999 -9999 -9999 -9999 -9999 -9999 -9999 -9999 320506.80188586086 713567.2536573972 1209231.8639678266 1556367.0655559094 -9999 187996.21357694292 317609.7289771423 373521.3033936032 291329.56758115743 521147.123119962 -9999 3420174.0410610596 1179777.2470343676 7552193.726156184 8246731.054515607 3696970.564003566 2765883.351482382 1313545.8682074894 2675264.6878094412 773717.2027373089 1105842.2964250508 711212.2862626801 2616161.5845626285 5481597.632826198 7636620.588573516 7402708.811568715 2275203.370677445
-9999.0 -9999.0 -9999.0 -9999.0 -9999.0 -9999.0 -9999.0 -9999.0 -9999.0 -9999.0 -9999.0 -9999 -9999 -9999 78845.91902516811 77049.41179170582 -9999 1028078.1997560501 27283.882303407147 463479.5434288149 24228.243999230486 40946.823803726846 9242.108920020772 24329.435623741178 212748.8025650417 671617.7651399717 -9999 -9999 -9999 -9999 -9999 -9999 -9999 359380.7761302975 -9999 -9999 1083279.0752630178 1646377.428512286 4869915.556259672 209408.56421220358 131149.00110893865 149968.43609980133 2289137.0923271724 385092.46463755675 2442217.980967712 374459.9399153918 6866029.811811129 1460848.1282981345 3743344.501603997 5071471.356726831 4988717.084079265 2631233.9059426337 3661095.8427035324 5994115.783307901 3556561.8121040147 2209349.2035002518 4248519.440594348 1784822.4150105945 7108019.001880872 7475482.687932869 1986842.0788524211 2016485.043766431
-9999.0 -9999.0 -9999.0 -9999.0 -9999.0 -9999.0 -9999.0 -9999.0 -9999.0 -9999.0 -9999.0 -9999 -9999 -9999 83225.46202397205 67270.6070231551 22926.022299737997 208921.59250897245 1036548.5588818397 1557707.2428648754 336651.55911045155 92608.71770862096 5845.309310133434 6098.976319524219 6757.310786488598 540547.371247617 311873.5799946594 485718.2829616351 201615.15915218627 316090.48264605476 82037.07961248438 32286.69380586521 5597.505733648544 61326.95980587611 457879.35246274417 -9999 182928.4994465129 1209711.7272419785 920450.4931096307 4522094.317755323 738704.3540629545 370919.3224706423 2369213.3163176207 7386571.499802999 3102651.5773926056 415680.04352836596 436723.83249512594 908833.9246080964 2273948.444275606 5576497.370103926 4354176.106542699 4898615.374272771 4378105.000136406 6650643.583450732 9009947.42427349 4104115.068904423 7760510.895412002 8389165.538091643 6053194.21536522 5150516.156053347 6104462.805236211 6839756.253550318
-9999.0 -9999.0 -9999.0 -9999.0 -9999.0 -9999.0 -9999.0 -9999.0 -9999.0 -9999.0 -9999.0 -9999 -9999 -9999 -9999 78685.54239125396 15808.814672684575 -9999 -9999 2077200.373146516 1178133.6368512427 912324.6207313975 5035.952843854846 6700.996565259009 5234.234143966124 23674.207329663008 4746.433257357988 3355.6875774863 4474.852921792731 3270.4293685918246 3580.578473460347 252438.4752225973 21917.605185727723 1725.2431084761752 580344.0524352378 399573.3130828039 169834.34353546682 25141.391669431097 581894.3088171952 727076.1069078925 650531.3076592276 1682999.91724975 -9999 181487.64455091875 429276.27794308134 5187065.805969025 1029851.002023415 183658.20427382537 991882.3504595227 1578016.3403015002 1307054.9522086238 4138002.352033963 7584425.190812939 15773477.90368762 9087131.366004173 5183309.799761775 10257710.311196836 9270467.785798863 8688907.350286491 7866242.000011312 8196506.2132941615 10013068.490704123
-9999.0 -9999.0 -9999.0 -9999.0 -9999.0 -9999.0 -9999.0 -9999.0 -9999.0 -9999.0 -9999.0 -9999.0 -9999 -9999 -9999 63516.02722176582 -9999 -9999 -9999 1411962.7624803458 -9999 -9999 758087.3126121602 121572.15517929952 2651.9731099870105 4484.186871839239 5265.356425896019 7894.6977957063755 4654.307756618908 2956.8947922063003 -9999 -9999 -9999 -9999 -9999 -9999 -9999 1696.9704293672548 5334.992434709917 26058.898519797203 -9999 831592.8071218302 -9999 -9999 2043624.5978242604 1679764.12222865 2252014.694697697 244093.6715523598 891762.4992015399 1371742.469223251 989103.0836061094 3232023.020663731 2092285.3771474161 13645922.889646163 4840653.698876346 4396843.245011775 11283512.016903816 9986619.784754707 6052122.201042394 6689427.5313373385 12257446.64218728 -9999.0
-9999.0 -9999.0 -9999.0 -9999.0 -9999.0 -9999.0 -9999.0 -9999.0 -9999.0 -9999.0 -9999.0 -9999.0 -9999.0 -9999 116998.71598240541 904778.0935667023 -9999 -9999 1239039.4076132947 -9999 1430287.814037461 58362.14443068506 744290.0360552976 622228.9468434389 116869.9932102907 3009.96029638332 6335.834485403139 3326.3757402068413 3031.9151332220445 3869.5937948860233 -9999 -9999 -9999 -9999 -9999 -9999 -9999 -9999 1162.863336368186 1126.0952138062955 1389.394020171383 166862.73772618038 8227.533052305811 1682817.3175235663 1604070.6061976643 234644.41955801085 480435.9668615972 729958.9166917715 1010363.8841060001 2677804.627497173 4364755.279810993 3462788.2204771154 3827043.619927071 3852117.6155179874 3969680.4018586697 5465151.048561282 5888677.366134393 7888650.018803981 8360025.973138326 8763140.69891003 -9999.0 -9999.0
-9999.0 -9999.0 -9999.0 -9999.0 -9999.0 -9999.0 -9999.0 -9999.0 -9999.0 -9999.0 -9999.0 -9999.0 -9999.0 -9999 -9999 -9999 -9999 -9999 21659.82055995679 -9999 21980.831685669033 42144.951607413284 512497.87422588264 739882.8212728377 58017.231637493554 51209.308841523096 3393.511287574372 3559.864619043311 3364.2929539458173 3857.730632877043 -9999 -9999 -9999 -9999 -9999 -9999 -9999 -9999 -9999 1820.7856985685657 42836.10544061281 94360.4122304707 28150.903074394275 60413.88666959317 222847.38498666798 431067.14309751434 282858.7897532737 1352870.3765591953 1827479.0170061646 2247568.1432222123 3277114.7857871815 4816487.310546 4702606.192137168 6925407.882384274 1547107.1814709436 591766.9358565013 5774810.312599844 8562551.334688354 10738084.12482252 -9999.0 -9999.0 -9999.0
-9999.0 -9999.0 -9999.0 -9999.0 -9999.0 -9999.0 -9999.0 -9999.0 -9999.0 -9999.0 -9999.0 -9999.0 -9999.0 -9999.0 -9999 -9999 -9999 900282.211962281 29097.420759200748 25195.255337034156 9243.31908271418 68199.36489068916 7005.911632917177 3979.4982440846225 -9999 -9999 3121.128588847305 -9999 -9999 7974.8931130461715 -9999 -9999 -9999 1964.06000523288 -9999 -9999 -9999 -9999 -9999 -9999 455566.81579287245 -9999 45219.107622902164 1064374.3882358097 90960.66839748717 2151430.3400765117 659664.1774582096 976049.9996348519 3243846.3162908945 2840894.999760487 1794543.2467413105 3743248.4479056653 4321753.31887725 5982294.715853952 3384569.422400018 3457381.3998541506 5808595.229757918 8610477.420652786 -9999.0 -9999.0 -9999.0 -9999.0
-9999.0 -9999.0 -9999.0 -9999.0 -9999.0 -9999.0 -9999.0 -9999.0 -9999.0 -9999.0 -9999.0 -9999.0 -9999.0 -9999.0 -9999 -9999 -9999 -9999 -9999 19432.452634586265 19886.549305974702 8261.055710132161 -9999 -9999 -9999 -9999 2880.0807712676274 -9999 4268.042300805633 3763.2216721070336 -9999 -9999 -9999 -9999 -9999 -9999 -9999 -9999 -9999 -9999 1002515.8584200228 15909.554173928846 65005.06036053813 1119597.6710318376 231588.49988910079 536251.5841422152 1873723.4886514677 2157764.032551934 1937896.4305966846 1849821.1348000362 4223533.113269897 4900554.279973526 4554985.862860152 1741259.1200051093 1042306.9079255313 2548260.41691255 4132662.0023766365 6130592.690121811 9268585.946492542 -9999.0 -9999.0 -9999.0
-9999.0 -9999.0 -9999.0 -9999.0 -9999.0 -9999.0 -9999.0 -9999.0 -9999.0 -9999.0 -9999.0 -9999.0 -9999.0 -9999.0 -9999.0 -9999 -9999 -9999 -9999 23346.6504890176 22952.55500882926 -9999 -9999 2545.3721533459047 2658.285347237213 2789.482685929995 3002.6182748325764 3563.701128681866 4257.202217886186 -9999 -9999 -9999 -9999 -9999 -9999 -9999 -9999 -9999 -9999 -9999 324806.60240595974 27047.4087896846 991721.5795930866 1464993.966910195 2326567.3460564134 1036780.9706300085 837505.3881612191 750142.8359507599 328081.8777419325 1979583.1644914798 5093240.469693109 3383043.080376263 2380607.877368258 664497.4198345202 971559.5188143847 1856643.2233347371 2689323.2271408606 1710124.3874163262 3609579.615939217 -9999.0 -9999.0 -9999.0
-9999.0 -9999.0 -9999.0 -9999.0 -9999.0 -9999.0 -9999.0 -9999.0 -9999.0 -9999.0 -9999.0 -9999.0 -9999.0 -9999.0 -9999.0 -9999 -9999 -9999 -9999 -9999 -9999 1269052.0916143486 -9999 18356.903309225483 9111.334524123842 -9999 3363.5084116754106 -9999 -9999 39339.08423476167 -9999 -9999 -9999 -9999 -9999 -9999 -9999 -9999 -9999 3765.3793572920595 2850.4351488189286 3212.297562888737 11090.25230900335 1540392.0124615943 821533.4402698174 -9999 -9999 -9999 -9999 2475505.491016554 1758006.5596255858 116856.61125035632 -9999 851083.7036122247 414565.15809142496 565892.5669657844 487161.64428369625 -9999 660992.7548504327 -9999.0 -9999.0 -9999.0
