critload/trunk/output/2010/nload_var_ag.asc
ncols 720
nrows 360
xllcorner -180
yllcorner -90
cellsize 0.5
NODATA_value -9999
[rows 54 to 80 of 360, columns 496 to 557 of 720]
0.0 0.0 0.0 0.0 0.0 157.27652291722183 0.0 0.0 0.0 0.0 1152.5761322985477 1390.0461153568729 0.0 193.78958371188742 315.1739446687834 318.25782152490336 0.0 0.0 1139.4931440134703 0.0 0.0 0.0 0.0 0.0 0.0 0.0 0.0 0.0 0.0 0.0 0.0 0.0 0.0 0.0 0.0 0.0 0.0 0.0 0.0 0.0 0.0 250.16685272922362 0.0 0.0 0.0 0.0 0.0 0.0 0.0 0.0 0.0 0.0 0.0 0.0 0.0 0.0 0.0 0.0 0.0 0.0 0.0 0.0
0.0 0.0 0.0 0.0 0.0 0.0 0.0 298.24252504321646 209.44488578034552 42.736898747675916 755.5917377824728 2190.710348986317 130.46584300764908 123.65189172761856 0.0 133.89914537026567 0.0 0.0 420.67605697695836 241.50304369135105 0.0 0.0 0.0 0.0 0.0 0.0 0.0 0.0 0.0 0.0 350.28473685740084 718.3137829426656 268.00473840156127 275.01465487135295 0.0 0.0 0.0 0.0 0.0 0.0 0.0 0.0 0.0 0.0 0.0 0.0 0.0 0.0 0.0 0.0 0.0 0.0 0.0 0.0 0.0 0.0 0.0 0.0 0.0 0.0 0.0 0.0
0.0 0.0 0.0 0.0 0.0 0.0 0.0 125.08729563953705 935.1795499387159 138.89658227132608 40.831887430037575 0.0 0.0 0.0 0.0 0.0 0.0 0.0 0.0 0.0 0.0 0.0 0.0 0.0 0.0 0.0 0.0 0.0 0.0 0.0 0.0 0.0 0.0 0.0 0.0 0.0 0.0 0.0 0.0 0.0 0.0 0.0 0.0 0.0 0.0 0.0 0.0 0.0 0.0 0.0 0.0 0.0 0.0 0.0 0.0 0.0 0.0 0.0 667.5950864646873 0.0 0.0 0.0
0.0 1689.0425936469821 564.9126082495368 0.0 0.0 0.0 0.0 0.0 0.0 885.6727317120389 1637.5114747229136 0.0 0.0 0.0 0.0 734.6335905656734 1366.1685014549328 138.39383548094864 0.0 0.0 0.0 0.0 0.0 0.0 0.0 0.0 0.0 0.0 0.0 0.0 0.0 0.0 0.0 0.0 0.0 0.0 0.0 0.0 0.0 0.0 0.0 0.0 0.0 0.0 0.0 0.0 0.0 0.0 0.0 0.0 0.0 0.0 0.0 0.0 0.0 0.0 0.0 0.0 0.0 0.0 0.0 0.0
0.0 0.0 0.0 0.0 0.0 0.0 0.0 0.0 0.0 619.1138362509846 0.0 0.0 0.0 0.0 0.0 0.0 247.2948570665065 1820.7342671425022 0.0 694.717048797963 0.0 0.0 0.0 0.0 0.0 0.0 0.0 0.0 0.0 0.0 0.0 0.0 0.0 0.0 0.0 0.0 0.0 0.0 0.0 0.0 0.0 0.0 0.0 0.0 0.0 0.0 0.0 0.0 0.0 0.0 0.0 0.0 0.0 0.0 0.0 0.0 0.0 0.0 0.0 0.0 0.0 0.0
0.0 0.0 0.0 0.0 0.0 0.0 0.0 0.0 0.0 0.0 0.0 0.0 0.0 0.0 0.0 0.0 0.0 0.0 0.0 0.0 182.94466751266268 103.64005583651715 0.0 0.0 0.0 0.0 0.0 0.0 0.0 0.0 0.0 0.0 0.0 0.0 0.0 0.0 0.0 0.0 0.0 77.683784105162 147.30377191292203 261.68201604193655 92.68220602835979 77.65492834926283 0.0 0.0 0.0 0.0 0.0 0.0 0.0 0.0 0.0 0.0 0.0 0.0 0.0 0.0 0.0 0.0 0.0 0.0
0.0 0.0 0.0 0.0 0.0 0.0 0.0 0.0 0.0 0.0 0.0 0.0 0.0 0.0 0.0 0.0 0.0 0.0 0.0 0.0 0.0 173.42361497081833 117.29579803421063 87.39128788247275 80.5970717136775 176.1050817674576 69.51911741329252 0.0 0.0 0.0 0.0 0.0 0.0 0.0 0.0 0.0 0.0 0.0 0.0 0.0 0.0 0.0 0.0 0.0 0.0 0.0 0.0 0.0 0.0 0.0 0.0 0.0 0.0 0.0 0.0 0.0 0.0 0.0 0.0 0.0 0.0 0.0
0.0 143.17179227601676 0.0 0.0 0.0 0.0 0.0 0.0 0.0 0.0 0.0 0.0 0.0 0.0 0.0 0.0 0.0 0.0 0.0 0.0 0.0 0.0 0.0 146.56990389123786 139.71891474469282 310.78456848652536 73.67043683710023 0.0 0.0 0.0 0.0 3.2684168196973267 0.0 1.913435087540622 0.0 0.0 0.0 0.0 0.0 0.0 0.0 0.0 0.0 1.7259257406418345e-07 0.0 0.0 0.0 0.0 0.0 0.0 0.0 0.0 0.0 0.0 0.0 0.0 0.0 0.0 0.045627551081782465 0.0 0.0 0.0
107.78860642620441 0.0 116.91459860251771 0.0 0.0 0.0 0.0 0.0 0.0 0.0 0.0 0.0 0.0 0.0 0.0 0.0 0.0 0.0 0.0 0.0 0.0 0.0 0.0 0.0 0.0 108.54160894907979 334.88094826339557 546.0777074482236 140.75057437407028 32.8095490965 0.0 0.0 0.0 0.0 0.0 0.0 0.0 0.0 0.0 0.0 8.036925153915021 0.0 0.16555329676242614 0.0 0.0 0.0 0.0 0.0 0.0 0.0 0.0 0.0 0.0 0.0 0.0 0.0 0.0 0.0 0.0 0.0 0.0 0.0
728.38894765442 1432.2040871883169 162.37782339623544 72.6806447812 0.0 0.0 0.02335624014279284 0.0 0.0 156.47613666675295 0.0 0.0 0.0 0.0 0.0 0.0 0.0 0.0 0.0 1.7950684277654117e-07 75.64534239336928 0.0 0.0 0.0 0.0 0.0 3.2030201097936524 0.0 183.83715232711342 886.3348429789637 237.3340356374631 0.0 0.0 0.0 50.009191303499996 0.0 0.0 0.0 0.0 4.358067100656404 0.0 0.0 100.94449489840582 0.0 9.846529669587536e-14 1.3962157565945727e-06 0.0 0.0 7251.973828620824 2150.494902295522 7.437503678746759 0.0 0.0 3740.092002193 0.0 0.0 0.0 0.0 0.0 0.0 0.0 0.0
1662.967026062413 3196.0764115236316 3240.0934113912253 401.2943407017769 233.39270588573436 676.1281614874138 285.61928729 328.487009315 219.4727260299 320.4614372227 0.0 0.0 0.0 0.0 0.0 54.5809182187 0.0 0.00037751320879883093 0.0 0.0 129.24608953626154 0.0 0.0 0.0 0.0 0.0 0.0 0.0 155.52983647439999 120.91956969259999 766.602999725 1293.1925844978896 243.2933314721 110.4741732621641 15.76721397815696 0.0 0.0 0.0 0.0 0.0 0.0 0.0 0.0 0.0 0.0 0.0 0.0 0.0 840.6155152330075 413.25074228417503 709.6116081610688 0.0 0.0 0.0 0.0 0.0 0.0 0.0 0.0 0.0 0.0 0.0
1165.2420812342111 1266.131250871704 2462.107450389171 1033.7338957080037 612.8396005557047 1481.341841794171 873.9112357930001 977.340392241 697.884823501 376.238351332 460.6919062948167 1317.523653688 677.190354282025 757.2264179470001 259.0751098452 138.6131775105 0.0 56.687393666 0.0 0.0 0.0 0.0 0.0 41.740263333 0.0 0.0 0.0 317.658212392 105.3195568173 0.0 0.0 2086.23852399 2039.843846085131 0.0 0.0 612.3573184338602 1799.0928124161921 290.6824139683 123.86067496140001 69.5624837355 0.0 0.0 0.0 0.0 55.037678328 1177.7643935429999 0.0 0.0 0.0 344.9577765347512 872.4521385178354 0.0 0.0 1085.3423094799862 0.0 0.0 0.0 0.0 0.0 0.0 0.0 0.0
5805.271779265 6148.7955455599995 6200.94116758 3102.7185369872604 10910.55391694314 26653.129115879536 1379.1300637246661 1606.8290362545433 1426.6088615849999 1598.66573234 1222.2164117309999 2652.460174363384 13480.808469234507 2087.171317807 922.611370540503 754.5065084408128 1389.7246404170312 1626.1577849787923 334.6024584415 93.58379278047767 339.9926831349686 72.56343549326361 103.7214868842996 132.47312548636705 233.3026188387 0.0 0.0 0.0 0.0 0.0 0.0 3668.42865203 868.639991205 6226.594935567972 934.596051086 2729.700796245 7705.4479941524805 5028.516471468444 520.3476374106308 0.0 0.0 0.0 405.71237566 0.0 1105.250792571 4719.556221041511 0.0 0.0 0.0 1065.1738467141306 6607.58832203 3733.479875150618 0.0 2668.234036428216 5346.946951931977 4438.602140563133 1226.771319918 128.895619518 210.27225618120002 318.88044537999997 0.0 0.0
10423.51472306549 8517.747054961945 10436.14848384 17328.649005959807 18866.08628825 24647.728149417413 9104.402696834271 7240.07528412 4257.017923461396 8095.286948583342 3610.9416570452186 6946.95484396387 12764.715294644888 29044.403285047105 3720.1629455761904 4014.8652982715457 1874.267893670209 2729.134082504638 1771.486219879022 855.0068379138168 2269.9879917189137 593.0246266957838 318.1234711002277 761.3690363775968 796.7006356774291 243.75842856822064 677.9182918827365 708.2704218935298 209.75433351499998 180.9401322233 2031.0372045000001 36753.26803278339 2549.1212001280905 7713.165693616084 42412.33874506927 4923.998472163 11864.45335021 3271.713735702369 2864.906866703 10427.577954473252 4178.162627922 2708.15190769 7015.886136568787 12400.89304857222 53160.90268933032 11230.817042628218 821.635364055 1.0096373298521596e-27 760.3400523650209 13634.53335883791 66668.49970749272 7646.44249280433 0.0 3334.083509779537 15803.193478678428 11230.620547536424 4685.24893169874 1183.005910483 2106.23110884 200.791603215 2014.78081032 0.0
9476.288478426839 2563.4058592475567 52982.78951607231 6202.40857236 9482.032251152368 6451.970892264994 7778.0699961242935 4217.525564228666 5105.456314471845 11978.506463797985 6658.0114644 11194.476080610639 21262.593349954615 22924.62173626027 8556.55216136977 4406.8593207987415 4506.225742349627 7114.599630809964 3720.7119752141284 2870.162402829976 2080.885338056063 1283.2086370811767 1409.2160550132216 2253.8890102264754 683.0698576037339 486.05153446182055 1829.13965529191 524.6303837270258 340.081235021 2778.1208388536406 14744.122879739563 26822.202605810566 32831.19522836962 78780.89717597663 72328.30124437416 21149.78463687817 5724.23516456 1.1586104942154654 2077.922541857348 8806.069826917792 12373.587390811752 13607.258914722308 20082.638166592853 13974.860157772739 22906.94284329422 15891.536381233 11374.065364600001 1981.629307722 469.3055082847136 11340.12066678546 9779.177321457208 10382.335366384565 11136.778159678985 17753.07857096593 14228.064136083922 9496.80307906 604.926768982 0.0 297.526068195 7452.307480163542 2052.4756560034953 0.0
12598.014908627803 5688.199700311243 33880.73246620963 10581.54033570437 7333.6955376000005 2346.249327597 4988.8255817869995 9305.466499308328 4127.6286680877 25934.16290706238 42387.57291638231 15700.289094857757 9759.536832779298 11081.370704368537 8620.29131472 4124.4571910435 168.1632110375 271.43428162645 1884.2933157960001 30.62012705386 1809.3190723747066 3211.936338348289 2413.3828740934555 2425.7287048052826 3659.7976801925793 3302.1467458271827 2881.723024919394 3411.916557435152 26688.58602428165 54982.33684951011 49183.05716715005 75727.36259539983 72809.8929335035 74724.9007993567 48465.40132842445 92693.36811253181 94415.77500609511 8905.7433581 0.0 1653.6116457443215 0.0 2304.6372116774455 7577.623910562201 26195.42392084568 20634.706477408054 90336.8787307047 18543.029835623824 17942.30211225372 2018.8996547232503 446.8696860650648 0.0 3550.798056975592 5610.819079765062 13042.04269691722 5397.621039481383 0.0 0.0 0.0 0.0 0.0 0.0 0.0
4265.005280927262 32096.68795671235 26291.405166796547 18395.42520574939 15668.50130500983 5620.171445554721 10170.193228455 21152.877707021442 17809.07516857015 22483.98009659035 21240.49716397217 24720.841278715805 20101.78019473332 11569.330992966608 8982.51482525068 3176.2162476726967 5710.280947963924 5371.8826170792 7395.04939308 2253.0738143813 4447.516543563001 2556.151768442 5300.322274962389 8122.84062325176 9193.426576085367 4844.245211295194 12813.243775238685 10530.366468123982 52230.173465963184 35328.99952935651 85727.50743125056 25191.12498594247 16519.9082751 27503.077568087 60138.11863110011 60318.6486612976 76699.43734231166 71621.73689672345 2711.3049774 1029.4335591157749 1572.3319408854845 1360.8059279009549 4921.084959540814 15035.8634132322 27673.365298925823 69481.19993531513 19014.808161840003 3757.7688304164385 5889.647606825954 0.0 0.0 0.0 1258.235416450526 0.0 0.0 0.0 0.0 0.0 0.0 0.0 0.0 0.0
27722.681899302323 20177.749117524378 14015.518407405885 7910.92159267 6273.049360166323 10486.04307953171 14458.242199238744 18385.90307921764 14766.272498384602 12468.708477321174 12986.390104693031 12385.372884844395 18121.10075106007 31448.384972534684 12755.161994667264 2122.2072958478293 9745.712230537521 11446.200745761707 2308.0830807089296 1851.0185644497808 8604.201673889998 8358.751915321798 16309.451476474891 14488.264076534339 16108.825524159161 14589.336983835197 24413.055605953912 17130.95234064 44243.35143231 60364.210733734966 72890.62607651498 46164.672867917674 19601.06958402 4311.93665342 2397.6573588408182 21354.937404438 90039.80018237937 105653.30280185348 15189.50172932 1739.54348548 1522.1990832012295 1578.218176130169 1573.9302467439302 10106.412994725251 19314.083862838488 32521.7898075799 41360.868107623544 137551.69142884412 87865.3501038286 27222.190653104157 0.0 0.0 0.0 1526.5545169944753 1683.9432412202461 0.0 0.0 0.0 1367.164650501461 999.8017453646219 0.0 0.0
25224.779070586028 5980.082587072227 21671.117581584145 18911.451049388448 18607.44025958743 20459.5608259569 3519.0417373296204 20282.784344789437 17116.746829265372 18654.616423519998 18863.19325165 3886.5468494593915 3204.5952565774073 2382.8173889456307 4818.158265290651 1368.7839216503999 1754.939237116946 2351.6421866511123 1720.739960311 1353.806883181 2136.212169625334 2140.97034020868 3837.2195355886506 16167.229470530348 20412.50611806481 28532.716586857197 36767.25911621514 34677.068129127125 31357.97593752858 2006.99399971 22570.4783848249 33492.463867448794 48156.09635683492 59916.74194908493 66991.10697936155 33446.180948534995 1235.918590042 79925.2382803277 117850.37187059488 4752.42059893496 7600.9758882479955 2742.767755402373 1700.8327873739559 2910.1277254887 17266.59604688915 20825.176483512874 39667.257153315186 131586.35754999358 54224.16414487958 52256.98447310724 2184.273016326449 0.0 0.0 0.0 0.0 0.0 0.0 0.0 0.0 0.0 3023.931237885323 1332.0121873528426
62163.52941117921 61256.6642730653 11300.496826833667 50898.85519379975 91849.57876924942 35932.340650352686 29533.766748613383 2997.434709475 3104.2495671158367 9742.80439395 1819.5707696333 2603.120061956 2675.6944487266464 1799.8923003456823 2267.7726825486925 3909.8921704370514 2208.769785557388 1366.0562698960464 1242.4229968407453 1546.5334555312459 1953.6532788688517 2792.691853111987 2503.836577730561 6526.608941755206 18324.903655071783 19889.760798116564 17562.78690150188 29102.92161333 59445.8107780018 62567.672608863744 56630.49294834776 45959.64294410042 22939.553764448698 75432.77598544 99926.89297983458 106207.36736800233 33866.09771825 2313.2098923440367 6336.53321589 0.0 0.0 0.0 0.0 3364.6047751547685 18681.914785254008 86498.48942420972 121035.7232298024 125374.88514494292 14071.709113119146 7874.413852523466 3594.769380857258 0.0 0.0 0.0 0.0 1077.1920433240944 0.0 0.0 0.0 0.0 0.0 0.0
15803.599652615105 94571.5502544809 65692.9010648201 76536.43591620757 76846.60915450616 52197.24653450643 30122.188622579415 5817.8787537357575 4201.1853881108045 4910.878175354853 4258.761308616985 2636.7194773766087 1646.4403023017999 2647.40296027634 1878.0460841846805 1675.5975862180533 1560.042398733 2043.3459192770001 1691.2927096101162 2092.6026713544625 1914.1281145022626 2004.9951805129506 1460.201808932 1779.0495741700001 3958.244433611015 16662.889999516872 14371.283547626728 17650.010150840884 14937.097365972311 40899.44942972084 65320.8434942222 18362.225236413 360.2233891100839 33284.52805606 102266.30431351655 114752.4609577958 74309.90345278717 10573.4288645 499.125443895 633.0817896712999 0.0 0.0 0.0 14053.39052722973 18574.667280869835 5269.4347770670565 668.5104058882047 0.0 0.0 0.0 0.0 0.0 0.0 1904.3523165378106 1050.38815364443 1270.0338617326338 0.0 0.0 0.0 0.0 0.0 0.0
6073.900114557746 54951.537245308726 9110.184443125168 8302.828443116552 41427.71930671223 39011.10930277344 44595.61440061292 35457.21829215612 7017.500662837797 6051.2225428390975 5507.547010533656 3765.569465994754 2305.8796313079943 1411.0833113233625 1464.117435664876 2442.829014341018 1911.8723397337446 2855.3732577797014 2961.147311174882 1622.8972026 1484.0510140651738 626.2689681293 2065.4822163143663 3021.448282236613 6714.517616006445 14126.99459395 11213.994328182001 29975.246409611376 47418.80511332753 45753.692038080815 48398.67914306741 62897.02885012885 71385.87889348599 85079.39179338947 96919.19736081448 161501.39510075364 39248.651381309995 1901.6856211035304 0.0 0.0 0.0 0.0 0.0 0.0 0.0 0.0 1940.3478917107623 3885.7252235447468 3256.1316684867893 0.0 0.0 35953.070595935766 18212.91528748907 0.0 1496.7526413968853 1115.628651513297 416.5896798669482 0.0 0.0 0.0 0.0 5235.311467992059
4541.7486564144 3927.6209523569178 3153.1696902033864 2800.797035484718 3592.383264034262 29243.644771229865 4815.49883480091 5667.495389617128 6945.6425924037685 7517.9555589052525 11981.523356002599 6278.9932054597 5434.316115998012 4471.28903925387 9537.4151241717 4967.157164418475 1804.44454688 1363.4734663489999 2254.1382987098077 3548.5198674849144 2935.774996509801 847.748018722 1840.13602057287 642.9128095806 977.60368047 721.6634865139999 21147.974195545004 35288.51068879146 56004.70922799596 83297.2452938273 132182.44751753012 48422.21053597111 78909.92701156148 26548.39359036236 20292.24002333766 35411.19303246684 1459.8966537434846 0.0 0.0 0.0 0.0 0.0 1795.0338924526072 0.0 0.0 6881.5804053851625 14251.673739070027 18645.75719187904 24727.273997848908 14069.711042793511 29077.92276225739 15578.90338140197 21895.099350143977 47547.733320991574 36375.926316641475 2753.6559763489204 1370.4292403982506 1294.9594927033404 1298.7417254320526 0.0 12386.13939237278 65850.28363044985
3324.8217862104952 3364.582659141168 3299.2137228678794 2633.6220498043203 3677.6947358591283 3999.0851735583783 3159.30497622629 6235.5788476613725 6278.222809254133 9160.411839822069 16603.573175798145 7319.572147717328 9216.967143109405 5629.286064403205 7839.103138197706 7022.852338206615 6433.232322775637 2724.2137739 2565.3653147514588 3419.101834526963 3725.424206639239 2031.7858664690846 2446.3954062337093 1294.1934772338 1058.9687089459 3031.6299682600325 36866.91449235064 76811.53278186797 85789.19566026327 62362.75804503727 63876.31139023312 30919.754031673703 9867.532482305378 19769.71573111904 20095.108201712574 13159.412239290792 5420.194080281299 1918.0708816484341 1837.3805111450927 1417.8718962524927 0.0 0.0 0.0 0.0 9365.052786711112 26827.7256684847 39520.155476678825 9022.01444024685 24922.20059827931 32527.175103907288 32143.551367858025 26057.52862272283 49997.418577393066 56750.57028600362 59135.21895739755 0.0 1185.7878510817868 0.0 0.0 5517.04383818092 81142.65598339235 97345.11249897705
2980.9708787819654 1615.37633806 1532.782141412 1886.1445446 2286.44884043 3652.329663657159 5640.31239333492 3897.292866085451 8040.094000366614 12411.93998887874 12775.14034755735 8055.0524660326355 7049.127332988199 9825.780921127649 9638.171942640025 15037.434373086586 9003.8360343339 7532.75394435157 5230.86914835 5053.52793530327 2846.3087589562965 1120.66987384 1975.5322851 1146.924951849 4946.55605314735 4031.6442496504 45426.05342737929 117324.26100066079 125406.22126796193 35814.7520885 72469.30088012373 53930.76725160093 16127.729515909261 13892.932549594647 5559.887417735293 14493.716418512066 13838.371146282063 4131.445746724948 0.0 6209.9242421269155 3111.5290115872017 0.0 0.0 0.0 8346.176949512534 8526.199369207072 6929.273373526501 22196.170665667873 166981.15799817975 19684.221585848314 12425.641944360385 11554.555385849751 11773.314795813212 18958.525293065122 6819.154073126642 0.0 0.0 0.0 1650.2327311367535 1279.8252483886245 71622.90133293823 88545.26441793164
2675.18916 1695.70715592 1303.02667102 2394.9830535 3886.1578995769573 3323.6132112566033 5254.682685680477 6091.712801454858 7922.211675409994 9117.086344736601 10194.529578376825 8314.20849256278 11582.768367927825 16669.887249344858 15462.825046843833 14087.931601616621 20608.456521251406 9975.878232155099 10786.48116200065 4702.37414068 3520.29976395 2956.656225 5277.878743037442 10102.740374813005 4629.395579069754 6384.1279398505385 7739.532231396291 20851.593234677774 25276.591749088948 24727.37960906202 48399.46551878477 70172.35191732644 113291.58105694612 34900.66895936915 15463.767172213937 43429.34782754758 14134.7205443591 0.0 3013.56446540055 5060.371916751223 0.0 0.0 0.0 0.0 7146.457829339505 69291.666879219 77009.64763441533 30825.18457677905 2116.365333852 19.6251484725 1474.55314669114 4780.296579078145 6189.9312838612 4765.1476902 14303.582075427206 10830.611802890173 0.0 0.0 2917.361014804215 6244.843782056613 167486.47885281124 77888.986574459
4109.20805295 3894.24756375 2996.2755441 3077.97906825 4528.732522782189 3759.2401854992636 3593.4848256685686 6186.837827648961 7809.876101038693 7749.511999899289 11376.381976726912 10318.09630223762 10681.92465376786 9121.612621899068 8000.167451465 13169.091127791924 20445.55916153403 20135.526148658944 41293.635786230305 32179.584026487566 13676.909853667119 7438.684029769163 4702.011522 9867.86458889624 43429.11573895 9847.098166891474 67939.59835237806 89134.89762565504 79712.85629022324 262135.44918006577 0.0 24494.454602067497 64013.4676444961 133792.66425125033 32765.493186145708 14676.342729415575 22052.592857242606 14540.361814475313 3712.9094276086207 0.0 0.0 0.0 4157.6855494963875 28528.798815790386 40972.28615414931 71686.502601085 35151.52386750166 65438.56684352586 25133.65311372764 20049.6897795 27317.592979911147 25885.026680430645 21998.11348862943 8752.93487341113 11870.342309365005 44379.5298516503 51087.47225079334 52538.31584078858 185826.86817910388 56310.94310660127 51567.253665107964 54627.23436949089
