critload/trunk/output/2010/nload_var_nat.asc
ncols 720
nrows 360
xllcorner -180
yllcorner -90
cellsize 0.5
NODATA_value -9999
[rows 156 to 181 of 360, columns 174 to 231 of 720]
-9999.0 -9999.0 -9999.0 -9999.0 -9999.0 -9999.0 -9999.0 -9999.0 -9999.0 -9999.0 -9999.0 -9999.0 4.03697867299 3771.9777781780967 0.0 4113.24652695 431078.9776468948 1055096.7836898132 449191.9766845503 -9999.0 -9999.0 -9999.0 -9999.0 -9999.0 -9999.0 -9999.0 -9999.0 -9999.0 -9999.0 -9999.0 -9999.0 -9999.0 -9999.0 -9999.0 -9999.0 -9999.0 -9999.0 -9999.0 -9999.0 -9999.0 479.89599911217357 424.129030031 5319.99705402115 5365.945754724262 -9999.0 1239.9436040732598 0.0 -9999.0 -9999.0 -9999.0 -9999.0 -9999.0 -9999.0 -9999.0 -9999.0 -9999.0 -9999.0 -9999.0
-9999.0 -9999.0 -9999.0 -9999.0 -9999.0 -9999.0 -9999.0 -9999.0 -9999.0 -9999.0 -9999.0 -9999.0 -9999.0 0.0 24551.740490774064 12309.330933696017 143254.36917767907 1133042.8941175514 103115.45210297969 -9999.0 -9999.0 -9999.0 -9999.0 -9999.0 -9999.0 -9999.0 -9999.0 -9999.0 -9999.0 -9999.0 -9999.0 -9999.0 -9999.0 -9999.0 -9999.0 -9999.0 3129.94618660322 16712.68189279933 101136.14300900904 23495.003251155278 16614.49809818703 38783.88378040514 278.41666545 -9999.0 264.929071995 3827.3509522420763 23203.1961945 0.0 17955.0857888 1716.180915316698 -9999.0 -9999.0 -9999.0 -9999.0 -9999.0 -9999.0 -9999.0 16362.791454588969
-9999.0 -9999.0 -9999.0 -9999.0 -9999.0 -9999.0 -9999.0 -9999.0 -9999.0 -9999.0 -9999.0 -9999.0 -9999.0 -9999.0 54428.757283574894 160699.32805947404 691167.3514515855 805165.8666994217 730502.287427486 -9999.0 -9999.0 -9999.0 -9999.0 -9999.0 -9999.0 -9999.0 -9999.0 -9999.0 -9999.0 -9999.0 -9999.0 -9999.0 -9999.0 -9999.0 -9999.0 1572.51500651 940.146826627 8500.87745167037 265058.94969336974 112483.07279129204 134185.05076205777 31066.5817162 671.38407306 2461.60392154 23868.4207794979 67928.44335271632 85148.70794470696 66899.6459842 48948.8847187 6954.52801312 -9999.0 11314.949790120118 14639.965769397328 14562.503445 -9999.0 11507.81867653701 -9999.0 7875.669150117143
-9999.0 -9999.0 -9999.0 -9999.0 -9999.0 -9999.0 -9999.0 -9999.0 -9999.0 -9999.0 -9999.0 -9999.0 -9999.0 -9999.0 60902.19336145943 68862.40217417985 391056.21110676765 380736.3645118091 387394.9329774873 160760.50542171372 -9999.0 -9999.0 -9999.0 -9999.0 -9999.0 -9999.0 -9999.0 -9999.0 -9999.0 -9999.0 -9999.0 -9999.0 -9999.0 -9999.0 2738.219411024264 5334.363535740069 0.0 28137.777143789313 147186.02308164316 87967.09436460881 263059.16541487654 7155.467333661407 892.7006070802778 3949.394892728289 54467.0308035 91434.80838970206 114698.50471836433 105479.57796413955 46134.0944243 69295.391392272 33726.06577763801 126742.11222302046 32642.8570372 69318.54501413475 16871.483969095145 6347.9795445 4456.82107733 91039.36976952778
-9999.0 -9999.0 -9999.0 -9999.0 -9999.0 -9999.0 -9999.0 -9999.0 -9999.0 -9999.0 -9999.0 -9999.0 -9999.0 -9999.0 5602.857887033232 148999.9162476086 42660.34095883891 294508.7327750544 774706.667760524 663936.1623263974 138158.73652641758 -9999.0 -9999.0 -9999.0 -9999.0 -9999.0 68596.58899973636 92834.08015104986 -9999.0 -9999.0 -9999.0 -9999.0 -9999.0 -9999.0 1008.6110477353144 36527.58481044237 4368.11008069 7270.510827660023 23737.79616061881 150757.2662949811 62370.03278366916 1900.54804665 41.61800678916027 3970.3119751124077 35932.69915021318 142012.2745496488 453724.15095047024 225069.08516604418 196672.44079367275 99043.93526389415 159624.22969721977 52713.3409708272 62559.08263362982 20670.439645996295 13571.8557739 0.0 5709.11621805 46135.262636067666
-9999.0 -9999.0 -9999.0 -9999.0 -9999.0 -9999.0 -9999.0 -9999.0 -9999.0 -9999.0 -9999.0 -9999.0 -9999.0 -9999.0 -9999.0 -9999.0 -9999.0 2647.0435556070493 242508.72406328534 832573.583973153 1080511.691609165 245875.53097804973 63103.62664035 -9999.0 55449.62988503814 111730.91335416886 104821.53840205332 94838.59661057402 73406.215143697 42607.560169186894 19885.100065073628 -9999.0 -9999.0 0.0 1435.0845260934848 1395.5455980861932 2295.680602409982 0.0 8783.436829989836 173286.01059099162 20979.2994439 2164.99908975 912.93859335 4761.806385870885 111022.33671137714 272099.8588180704 402453.8820234545 86094.55421498873 68080.51894764404 179646.98611726175 33768.47252637198 16085.426808867229 3000.72571294 3309.05248575 23681.96969044843 35779.55923855406 7571.555209757717 4510.81162163
-9999.0 -9999.0 -9999.0 -9999.0 -9999.0 -9999.0 -9999.0 -9999.0 -9999.0 -9999.0 -9999.0 -9999.0 -9999.0 -9999.0 -9999.0 -9999.0 -9999.0 -9999.0 140963.91592117192 532766.8518441156 840253.8555591026 925653.4798172978 784735.2564846533 357783.67569197004 485319.90378796624 404245.8529693271 51262.091837730026 -9999.0 60335.91419923451 294402.0352050157 48239.93062326765 48378.55093313402 49406.612636013415 12019.707544836581 3976.8954114301387 39754.133334444596 89607.91840550417 136675.88758948105 47546.298555954614 90841.18597292046 60421.72409031858 55438.93541689912 162981.48517190327 182565.52943545187 145840.14340958511 495764.31240896095 101713.55283500432 136292.35543579274 131233.9353986305 140964.9253234024 61979.538462120385 20830.783509222347 45344.28435087073 38567.443909453315 41201.22308519342 51767.49810146935 12528.76007599372 3904.43992523
-9999.0 -9999.0 -9999.0 -9999.0 -9999.0 -9999.0 -9999.0 -9999.0 -9999.0 -9999.0 -9999.0 -9999.0 -9999.0 -9999.0 -9999.0 -9999.0 -9999.0 -9999.0 17217.235948827998 55893.751571216555 61672.99174620765 245542.22263097327 331352.9568828019 431692.48963227286 180962.11149485633 78777.48370157227 10391.811248924 -9999 68420.30841087499 63472.751011310334 127347.3847639393 103300.15354567423 23246.672712106138 42675.50907301181 45816.35816962439 119090.73282324013 331959.09490443446 741516.7303604864 102453.69137060137 86923.65889563301 118601.58430379583 186157.224480782 287979.78602687403 283559.6859425875 99420.61281998189 35439.14764845625 1764.30556309 110483.3961822195 102478.89502626067 109722.62275641339 114927.90051401498 119128.89710894138 79218.73251066316 26424.252044697427 6316.47237487 14439.971133380972 11366.449642267298 7249.13570453
-9999.0 -9999.0 -9999.0 -9999.0 -9999.0 -9999.0 -9999.0 -9999.0 -9999.0 -9999.0 -9999.0 -9999.0 -9999.0 -9999.0 -9999.0 -9999.0 -9999.0 -9999.0 -9999.0 -9999.0 -9999.0 -9999.0 171822.8126332342 214524.89157456526 421546.513040567 151437.80482592742 -9999.0 -9999.0 -9999.0 491420.1382775131 1075530.9315849142 1269311.7722229983 345661.1009165918 1016408.608935937 527696.744931465 367681.1406265835 544455.3810181073 676483.964143002 192332.52521077177 261533.35158278994 168450.25887778797 262176.8884051228 259686.6489544387 63707.02818935109 45456.52027306943 112764.39288277611 173286.82333845773 146006.49749235052 148867.8912228722 100204.25688790978 138279.05660217427 20556.433564358726 72078.6099372521 164548.62297008155 228743.5922020393 159894.04103479203 104671.47755335523 180444.526352293
-9999.0 -9999.0 -9999.0 -9999.0 -9999.0 -9999.0 -9999.0 -9999.0 -9999.0 -9999.0 -9999.0 -9999.0 -9999.0 -9999.0 -9999.0 -9999.0 -9999.0 -9999.0 -9999.0 -9999.0 -9999.0 -9999.0 57603.512754095 -9999.0 166832.64311016933 171179.4601452797 -9999.0 -9999.0 -9999.0 58330.29454994 724646.9561069076 1286130.8556010914 682215.5843491275 919820.7220469674 653117.0968703922 1050282.553650224 1532382.2745229662 1075341.883691798 297001.59636982146 230043.77404876344 58410.78254414155 1339287.6889722643 12035.632749439814 41168.94761365311 88246.02654896391 158048.94948428005 128045.52821602001 182166.71269347827 312254.6935851339 380362.76951315434 374117.60142300813 397568.0184724437 167079.9426279762 290191.04950252373 319975.2925970637 271227.69015385286 213421.91243384185 173678.65766162475
-9999.0 -9999.0 -9999.0 -9999.0 -9999.0 -9999.0 -9999.0 -9999.0 -9999.0 -9999.0 -9999.0 -9999.0 -9999.0 -9999.0 -9999.0 -9999.0 -9999.0 -9999.0 -9999.0 -9999.0 -9999.0 -9999.0 -9999.0 -9999.0 -9999.0 -9999.0 -9999.0 -9999.0 -9999.0 -9999.0 181343.5938136191 590918.5674240721 821549.0472672336 496285.46021065995 411352.51516089984 625990.1522363133 835888.3234395667 1107648.7592351285 1062970.882906191 435532.5003937471 128589.00486665752 311451.03219433874 266748.8179636096 8278.734253146527 17794.661085934385 150951.88662216853 309704.9783605609 292434.4456573015 294036.1913290316 141836.94460071184 461101.116371691 473115.9404148541 548546.0454084105 420560.02381511655 232527.4375942897 327605.7739509798 316389.80219436967 381770.4321388762
-9999.0 -9999.0 -9999.0 -9999.0 -9999.0 -9999.0 -9999.0 -9999.0 -9999.0 -9999.0 -9999.0 -9999.0 -9999.0 -9999.0 -9999.0 -9999.0 -9999.0 -9999.0 -9999.0 -9999.0 -9999.0 -9999.0 -9999.0 -9999.0 -9999.0 -9999.0 -9999.0 -9999.0 -9999.0 -9999.0 -9999.0 523032.44165423384 1108490.876432547 615961.1008230547 428083.5723134806 612537.1168823834 984757.6047504912 1017586.2599703163 925657.9160278549 1232747.4368119845 97752.67326907275 201878.12925586244 278841.4771694008 323519.4362563898 225340.75049135432 126723.94702481168 256783.48185145765 343579.6851563058 303770.12098681304 267237.4453003041 226729.43538191656 291277.8481555247 543822.9713675453 432067.6795564115 490595.6515130518 668433.4461968624 498577.0225517926 555132.9095217994
-9999.0 -9999.0 -9999.0 -9999.0 -9999.0 -9999.0 -9999.0 -9999.0 -9999.0 -9999.0 -9999.0 -9999.0 -9999.0 -9999.0 -9999.0 -9999.0 -9999.0 -9999.0 -9999.0 -9999.0 -9999.0 -9999.0 -9999.0 -9999.0 -9999.0 -9999.0 -9999.0 -9999.0 -9999.0 -9999.0 -9999.0 698983.5303988406 1151987.9290167089 809913.852576971 559034.3687990874 995560.8586309858 567155.3923399331 1119261.5611628199 255615.65604100007 101702.50295295878 69889.57821060873 730959.4217183025 297953.3453513004 346616.34402305057 312416.1959422048 207531.17595087105 142460.5837179283 124492.68321783308 168316.0180372445 130158.07113115293 136393.61366912443 323854.16526932525 518997.43791208917 863846.5949976865 640765.6269169513 742180.8171534125 809339.9455571148 755727.7381624643
-9999.0 -9999.0 -9999.0 -9999.0 -9999.0 -9999.0 -9999.0 -9999.0 -9999.0 -9999.0 -9999.0 -9999.0 -9999.0 -9999.0 -9999.0 -9999.0 -9999.0 -9999.0 -9999.0 -9999.0 -9999.0 -9999.0 -9999.0 -9999.0 -9999.0 -9999.0 -9999.0 -9999.0 -9999.0 -9999.0 -9999.0 621349.396187458 1252564.2504609774 751209.2243483305 709226.6703295314 554311.163525105 190045.45580695593 547794.902077625 91182.59716668875 190199.081502656 475957.1381470714 292938.13603363873 379566.44644839125 424711.43946188537 307488.301499798 183203.19346974252 165210.90484198957 154356.40180567617 440966.67574110464 235519.4837158626 503294.6007507803 673709.1556311143 595201.3037963051 656769.1013238997 710437.7930136144 1162968.2659093097 1210378.177442618 1288597.1621035999
-9999.0 -9999.0 -9999.0 -9999.0 -9999.0 -9999.0 -9999.0 -9999.0 -9999.0 -9999.0 -9999.0 -9999.0 -9999.0 -9999.0 -9999.0 -9999.0 -9999.0 -9999.0 -9999.0 -9999.0 -9999.0 -9999.0 -9999.0 -9999.0 -9999.0 -9999.0 -9999.0 -9999.0 -9999.0 -9999.0 -9999.0 339849.06149523094 873180.0106227277 450508.5583090633 272108.8993690018 402196.2200231687 127723.91648802745 222750.8569954222 147448.69638081838 781898.5943287438 325658.6638912338 319390.2870263411 301772.0059700475 291063.736648637 198260.3325062885 191481.8549904975 181990.3803700378 217642.91104430056 271622.79666997306 557135.695089377 667235.8625292289 841565.3132009422 781597.6316379689 1004228.9892623877 966437.2535952984 1118592.2730115678 1279371.6381548268 1251317.786862348
-9999.0 -9999.0 -9999.0 -9999.0 -9999.0 -9999.0 -9999.0 -9999.0 -9999.0 -9999.0 -9999.0 -9999.0 -9999.0 -9999.0 -9999.0 -9999.0 -9999.0 -9999.0 -9999.0 -9999.0 -9999.0 -9999.0 -9999.0 -9999.0 -9999.0 -9999.0 -9999.0 -9999.0 -9999.0 -9999.0 -9999.0 207025.81944883248 654589.5617980963 127063.33892966555 337320.76710366475 278913.90902543406 238057.6600209275 99949.26014108177 733711.7201838514 184870.20820766213 275571.65254446823 166735.45958588566 155284.44780774642 187120.9841878836 208044.20345728257 421861.03314567666 748135.9333501754 724121.5227808141 1252519.7261376353 1011543.2276733135 484025.46465513797 1005224.2443111093 951595.3449314754 1046471.1335338345 1171074.0388380827 1194400.0218991907 1229027.1828855684 1295051.9379839997
-9999.0 -9999.0 -9999.0 -9999.0 -9999.0 -9999.0 -9999.0 -9999.0 -9999.0 -9999.0 -9999.0 -9999.0 -9999.0 -9999.0 -9999.0 -9999.0 -9999.0 -9999.0 -9999.0 -9999.0 -9999.0 -9999.0 -9999.0 -9999.0 -9999.0 -9999.0 -9999.0 -9999.0 -9999.0 -9999.0 -9999.0 167582.88751711327 244882.97250836028 130806.52207215576 278305.875141539 152295.18725482293 234064.4814320081 352863.95004161116 501127.31252584 89720.64094627727 165247.51378115115 172252.22718287204 181882.08062043326 337740.05049660034 662774.4583456182 1085801.9854326942 1410321.2436829368 1318382.7387376677 1487759.8197204703 1449705.6399212652 513140.536525044 521399.91693981865 671401.5396739008 1136759.685034761 1291738.3311315826 1323744.6549435 1278727.2546914998 1283423.0000067
-9999.0 -9999.0 -9999.0 -9999.0 -9999.0 -9999.0 -9999.0 -9999.0 -9999.0 -9999.0 -9999.0 -9999.0 -9999.0 -9999.0 -9999.0 -9999.0 -9999.0 -9999.0 -9999.0 -9999.0 -9999.0 -9999.0 -9999.0 -9999.0 -9999.0 -9999.0 -9999.0 -9999.0 -9999.0 -9999.0 44276.472274973996 124785.34182508392 428843.2816365962 87771.62594283198 471197.4312194446 158615.92040435437 630511.3514495088 802530.2914693826 334049.36776672665 298873.86239453463 200027.39773983808 230468.56366053259 538203.3244352175 979983.1221896057 1267880.2040031892 1394770.061991085 1344979.474105956 1446562.442573941 1471720.5796974844 1468978.3278241816 1313031.1540466172 1200036.4704598468 1193389.2726727622 1328137.1603893028 686428.7562709997 1334963.7614421651 1185749.8650441389 1219506.0276127672
-9999.0 -9999.0 -9999.0 -9999.0 -9999.0 -9999.0 -9999.0 -9999.0 -9999.0 -9999.0 -9999.0 -9999.0 -9999.0 -9999.0 -9999.0 -9999.0 -9999.0 -9999.0 -9999.0 -9999.0 -9999.0 -9999.0 -9999.0 -9999.0 -9999.0 -9999.0 -9999.0 -9999.0 -9999.0 111347.3527317 215097.57599781654 437988.0941968847 361720.9585737541 90960.30694704666 208166.4580606919 122462.27375269358 377480.6732572635 408937.85090073786 901709.3277650682 596397.8780606561 442585.40829165705 539303.4445086737 795112.9027625513 1272097.131740271 1309381.2668068071 1381422.8891595092 1351154.97687024 1539916.0481768711 1570630.4607589 1494802.1654788323 1352765.6827629686 1278628.7737496004 1202390.5954668429 724699.4532132706 1109407.0099632863 633866.5460847297 1492780.1451394998 1147119.785022601
-9999.0 -9999.0 -9999.0 -9999.0 -9999.0 -9999.0 -9999.0 -9999.0 -9999.0 -9999.0 -9999.0 -9999.0 -9999.0 -9999.0 -9999.0 -9999.0 -9999.0 -9999.0 -9999.0 -9999.0 -9999.0 -9999.0 -9999.0 -9999.0 -9999.0 -9999.0 -9999.0 -9999.0 33321.22532691199 210255.7440021985 506301.4113433187 337100.05205457174 151372.0342784215 226679.49321029228 163308.9052914558 247727.21579859086 383195.46509897255 394259.5501247162 530116.354730571 785992.0147207482 538382.838357668 974837.0370752513 1375171.8477320685 1503276.0774342688 1269591.6873564192 1565642.6421461 1561526.7539727243 1520262.379087807 1571571.672632 1574859.4646370998 1529562.2134870498 721113.499679062 658277.0261874563 665963.2980458493 1219632.2272375585 1105505.0085190698 1080349.7424349354 1097679.30721824
-9999.0 -9999.0 -9999.0 -9999.0 -9999.0 -9999.0 -9999.0 -9999.0 -9999.0 -9999.0 -9999.0 -9999.0 -9999.0 -9999.0 -9999.0 -9999.0 -9999.0 -9999.0 -9999.0 -9999.0 -9999.0 -9999.0 -9999.0 -9999.0 -9999.0 -9999.0 -9999.0 -9999.0 75901.66622168268 431790.55088605866 340526.9546656262 220944.6612544283 192377.85992525984 293532.76204851083 195729.39440435072 701011.1122557947 573854.0080835893 509073.43140580744 581045.2098641933 803491.7438250987 856012.7115726916 1003572.2756811277 1353262.213951083 1397446.932576247 1397866.2154914706 1445390.3033275353 1389853.0197751464 1432010.102992621 1468254.527054841 1514651.0866633 1486947.5952573998 1364163.7260425512 637531.3979044443 628709.5549667014 1257704.3281817997 1275036.2507875 1133511.2929218966 1071417.0948800992
-9999.0 -9999.0 -9999.0 -9999.0 -9999.0 -9999.0 -9999.0 -9999.0 -9999.0 -9999.0 -9999.0 -9999.0 -9999.0 -9999.0 -9999.0 -9999.0 -9999.0 -9999.0 -9999.0 -9999.0 -9999.0 -9999.0 -9999.0 -9999.0 -9999.0 -9999.0 -9999.0 41503.205845681834 169201.51016107883 470992.8150513721 225713.4959258756 274224.17748646066 288120.3093401543 724926.2296946013 372831.2501175907 633553.9054525847 761131.9944505921 741856.8203374076 891401.2870792575 920385.8671104766 976357.4580919173 1150812.4866958251 1292184.2784427986 1365411.9309936247 1420234.4952307392 1489375.6860068073 1529994.9729193 1538720.7668159998 1258534.93875125 1258870.9570684999 1492612.7668842499 1410142.2724850208 1293182.702253274 1188689.9942602175 1134644.894661827 1287721.6426657 1071046.447636124 945434.8244381432
-9999.0 -9999.0 -9999.0 -9999.0 1046.7104727058495 -9999.0 -9999.0 -9999.0 -9999.0 -9999.0 -9999.0 -9999.0 -9999.0 -9999.0 -9999.0 -9999.0 -9999.0 -9999.0 -9999.0 -9999.0 -9999.0 -9999.0 -9999.0 -9999.0 -9999.0 966.7482072306261 66327.30892796435 144382.30923841408 894617.6529759575 480475.87044921843 42073.76994351548 207730.4774425339 908709.616589956 1048047.0130431051 941544.3282205783 1022535.7428940466 1143270.9165464728 966238.2039441156 896757.3154317252 954850.1634494206 1070566.846546672 1351876.037916833 1455436.31097004 1263405.0540805147 1336044.6200854874 1533988.7878299952 1513322.15156105 1519386.0426369 1254152.569556 1249350.44769235 1448649.07875937 1412510.1473190498 1315164.6390797035 1461458.3639666755 1073723.7912833765 1058033.8733060593 1014968.8667954166 981512.9723063563
-9999.0 -9999.0 -9999.0 0.0 -9999.0 1893.266031989343 -9999.0 -9999.0 -9999.0 -9999.0 -9999.0 -9999.0 -9999.0 -9999.0 -9999.0 -9999.0 -9999.0 -9999.0 -9999.0 -9999.0 -9999.0 -9999.0 -9999.0 -9999.0 -9999.0 9386.682971710772 748751.5900940928 434346.7291798416 1044163.1450364923 76934.19017215085 196486.21972247743 929607.70822741 693248.4392364153 1078677.9057487492 1142010.9676044676 1261446.5173659278 1218713.1574448477 1224814.3858200882 923116.7055012604 1217559.2920226676 1170609.1996800227 1388653.6849091183 1422090.834436166 1429115.6165836786 1248148.537799785 1526239.34939925 1257204.29127186 1270533.1964280498 1504469.0620723998 1497521.8579111001 1457251.1422343594 1218353.6405676757 1218566.408290937 1248848.3643553306 1060185.196177584 1224619.0558441991 1169649.1362823395 1331898.3624916044
-9999.0 -9999.0 0.0 0.0 0.0 -9999.0 -9999.0 -9999.0 -9999.0 -9999.0 -9999.0 -9999.0 -9999.0 -9999.0 -9999.0 -9999.0 -9999.0 -9999.0 -9999.0 -9999.0 -9999.0 -9999.0 -9999.0 -9999.0 -9999.0 59566.2374952838 293704.9960170242 363945.53329778014 232914.56710967585 114148.0201094916 608984.1552322382 950664.3650794307 856673.176754748 963903.2301797619 985557.8112103136 1201235.5786991434 725155.4483413344 997020.3690550958 989187.8169662713 1164284.3471277235 1174942.1183335113 1138419.902051574 1344680.7388435584 1445660.4465845 1379414.147164505 1442830.6201660945 1443443.2413898997 1246161.61117152 1243534.468968355 1474368.16911304 1396814.4518472953 1188445.3459635729 1167443.6332759797 1116333.4952089111 1124933.1459389634 1047078.8692369489 1019237.59377263 864058.4561105788
-9999.0 -9999.0 -9999.0 0.0 0.0 0.0 2065.615780861733 12375.820148200237 -9999.0 -9999.0 -9999.0 -9999.0 -9999.0 -9999.0 -9999.0 -9999.0 -9999.0 -9999.0 -9999.0 -9999.0 -9999.0 -9999.0 -9999.0 -9999.0 0.0 31752.82503254762 187112.953349227 528150.6334382548 89141.65387993556 194047.19253931087 936463.2832645734 1245474.8229032091 971666.7659602017 877930.0365383341 1064295.5502242094 1102816.1301755302 1017342.9453807309 1009344.6098518757 974830.9708989726 1003987.90149796 1094024.1409796122 1174620.9037151071 1360605.4992093034 1439195.23586271 1434996.13111373 1449737.0599902098 1358394.766918362 1440954.4564241502 1207586.6299688998 1238140.23776562 1409318.9207424999 1360507.4580556 1400019.8550045881 1053042.486068078 1002682.039465072 990081.5645653098 1045580.2413945883 1053869.9003306127
