critload/trunk/output/2010/nload_crit_sw.asc
ncols 720
nrows 360
xllcorner -180
yllcorner -90
cellsize 0.5
NODATA_value -9999
[rows 26 to 51 of 360, columns 174 to 231 of 720]
297846.16913421825 282642.8130762346 318285.26182997966 215447.57455468967 207469.428239217 398782.3192433446 318213.5565828551 273813.833859853 229797.01030364446 222236.67897101984 236189.6733960253 291763.30709448276 362596.3967464568 401354.6614655293 436813.68427195767 429750.3762714545 358441.1033426771 257264.64952384893 353816.2012480096 281541.6494577313 340973.3633398734 363541.0315677309 238663.15228853948 360355.55882809544 481927.4299524937 592163.6930641849 199932.57807285033 354019.62085676775 348710.07077566744 371611.35394714837 290041.31172754813 -9999.0 -9999.0 -9999.0 -9999.0 -9999.0 -9999.0 -9999.0 -9999.0 -9999.0 -9999.0 -9999.0 -9999.0 -9999.0 305821.55983990955 290492.03721754556 375356.71323860926 376371.8475949763 446718.1897912704 505888.6496899381 588507.9233648411 599170.7101985649 269270.65883544844 214813.2373336697 210139.47112258303 35780.196186365385 2527.7628314444582 3648.7354910538043
462635.8329627927 453985.38852435426 447520.1129222023 395032.7180319995 405707.7027925121 379467.9153183259 324132.93909810943 222231.57450947916 201647.4919428853 208320.36515852925 208135.66171959235 213241.03196990557 198335.3482933368 217834.82484086414 231773.29445014274 326671.8313802613 264945.91356659686 258721.44340168234 270144.7890285114 288014.93028169166 295538.18275869824 333808.978669626 -9999.0 324136.0111076227 393177.51851162186 465498.9515873899 403989.0213426256 403247.9913674897 235636.35206509396 -9999.0 -9999.0 -9999.0 -9999.0 -9999.0 -9999.0 -9999.0 -9999.0 -9999.0 -9999.0 -9999.0 -9999.0 -9999.0 -9999.0 -9999.0 -9999.0 -9999.0 -9999.0 338282.91366161767 367310.8074575037 458334.71186586865 535842.256544166 529917.1581759506 554413.2942227367 554538.8987389315 570541.4690449366 648041.2334089706 661599.939185493 579877.4116567922
-9999.0 366335.7988252711 405268.00777270715 408955.40472935105 378030.8188312575 380158.49414151505 380463.764055102 243598.46193408125 270895.94063256454 244656.01852970428 403827.8985330053 240048.0403153466 -9999.0 -9999.0 521875.28662489407 335431.3073341643 373915.9075046868 503057.80719277705 552111.883765256 554452.7869169016 675417.4709657633 687156.9893796123 694142.7813725623 541285.9497449091 458282.38594889647 355839.62453185197 281473.8173839627 224685.9065096031 -9999.0 -9999.0 -9999.0 -9999.0 -9999.0 -9999.0 -9999.0 -9999.0 -9999.0 -9999.0 -9999.0 -9999.0 -9999.0 -9999.0 -9999.0 -9999.0 -9999.0 -9999.0 -9999.0 -9999.0 -9999.0 -9999.0 -9999.0 -9999.0 485838.79922744696 -9999.0 -9999.0 -9999.0 -9999.0 -9999.0
-9999.0 482557.3702682138 432124.6559279551 455410.0885518166 466616.6417460666 505172.9299673878 418091.0808114926 457030.11308495485 401906.7259150494 412618.08121423406 402983.3020420728 436719.1673100404 467248.99958463985 477123.5566867225 581283.5617527456 602468.5235421495 621892.9524679007 773844.1066052933 207250.45935429932 114569.6524767267 3051.9108312543235 4401.294189094383 2741.6198674374964 153445.10412348597 432581.0069755352 647235.175330208 397439.06223980617 -9999.0 -9999.0 -9999.0 -9999.0 -9999.0 -9999.0 -9999.0 -9999.0 -9999.0 -9999.0 -9999.0 -9999.0 -9999.0 -9999.0 -9999.0 -9999.0 -9999.0 -9999.0 -9999.0 -9999.0 -9999.0 -9999.0 -9999.0 -9999.0 -9999.0 -9999.0 -9999.0 -9999.0 -9999.0 -9999.0 -9999.0
-9999.0 441143.77243530215 508933.20977497555 610690.1415138192 575540.4787543785 597182.4007354929 630964.8756209787 646192.5372760873 513247.8937597485 604645.1585548379 699577.999039367 686453.8779418622 644906.8613005241 598676.121659617 637136.3704084923 609503.2970629224 573644.3403840172 577827.3863985388 531990.3587324298 554601.0237232285 654856.5969777247 776426.8412209534 798289.08267918 666874.6500186168 546283.7719581714 455829.6708964868 304210.1199898336 -9999.0 -9999.0 -9999.0 -9999.0 -9999.0 -9999.0 -9999.0 -9999.0 -9999.0 -9999.0 -9999.0 -9999.0 -9999.0 -9999.0 -9999.0 -9999.0 -9999.0 -9999.0 -9999.0 -9999.0 -9999.0 -9999.0 -9999.0 -9999.0 -9999.0 -9999.0 -9999.0 -9999.0 -9999.0 -9999.0 -9999.0
524138.69314801495 725109.5592124633 -9999.0 -9999.0 -9999.0 -9999.0 -9999.0 -9999.0 -9999.0 -9999.0 -9999.0 -9999.0 -9999.0 -9999.0 -9999.0 -9999.0 -9999.0 -9999.0 -9999.0 -9999.0 -9999.0 -9999.0 -9999.0 -9999.0 -9999.0 -9999.0 -9999.0 -9999.0 -9999.0 -9999.0 -9999.0 -9999.0 -9999.0 -9999.0 -9999.0 -9999.0 -9999.0 -9999.0 -9999.0 -9999.0 -9999.0 -9999.0 -9999.0 -9999.0 -9999.0 -9999.0 -9999.0 -9999.0 -9999.0 -9999.0 -9999.0 -9999.0 -9999.0 -9999.0 -9999.0 -9999.0 -9999.0 -9999.0
799718.1767787451 765711.0378056193 770185.4010559411 758944.2409322856 749996.385769342 785727.4695399216 -9999.0 -9999.0 -9999.0 686692.0037296343 551628.0636816605 638622.9640008459 655337.6410891182 591763.2939341341 595181.692953532 744052.1409574151 858033.2929728797 -9999.0 879164.8070935714 721205.8155852017 692868.8686351582 681275.7251842815 725916.9911160473 712886.2910246637 767265.5750187981 881175.7069968546 707091.2226438456 645960.1131405428 830176.6897884281 3450.1620486793245 693844.0184673467 875450.8011228311 -9999.0 -9999.0 -9999.0 -9999.0 -9999.0 -9999.0 -9999.0 -9999.0 -9999.0 -9999.0 -9999.0 -9999.0 -9999.0 -9999.0 -9999.0 -9999.0 -9999.0 -9999.0 -9999.0 -9999.0 -9999.0 -9999.0 -9999.0 -9999.0 -9999.0 -9999.0
824992.7948027651 906901.0311859283 771531.3760937129 919058.0946611835 -9999.0 -9999.0 -9999.0 716599.170030615 746690.8388251613 824768.254711045 838256.6924154292 851181.988758214 827830.997800256 697355.0574403666 667028.7935236568 776069.7286510433 648256.7171573935 748259.5355345606 914708.074936997 977925.2704928824 1052350.273895996 998220.7300465637 966574.2499432793 923730.6296370674 861972.4095878627 970776.6585651098 1006641.8293159097 1041337.387327098 4700.721472859714 4304.323201360275 1058791.3448656504 835916.5594538795 823326.231009413 682784.8326536994 -9999.0 -9999.0 -9999.0 -9999.0 -9999.0 -9999.0 -9999.0 -9999.0 -9999.0 -9999.0 -9999.0 -9999.0 -9999.0 -9999.0 -9999.0 -9999.0 -9999.0 -9999.0 -9999.0 -9999.0 -9999.0 -9999.0 -9999.0 -9999.0
413116.8576675988 635029.6773586159 676072.0861870201 -9999.0 -9999.0 -9999.0 726534.1567241655 741418.2090891494 851939.4990569287 839584.8884295988 829436.4599958068 821412.817419015 689739.7162201445 795465.2772567794 638873.428345406 667228.1831108548 762652.5740060082 724304.7436467278 834508.9762841889 920041.1193887888 1124332.0063924112 1198371.034884764 1258684.1794624112 1061151.215260563 857203.2704925465 418218.4345886163 501737.32700086094 1112927.333127379 1043745.3153018212 823456.7368516093 1047843.231731367 1173944.132819798 1055484.9702680807 973532.2931636428 -9999.0 -9999.0 -9999.0 -9999.0 -9999.0 -9999.0 -9999.0 -9999.0 -9999.0 -9999.0 -9999.0 -9999.0 -9999.0 -9999.0 -9999.0 -9999.0 -9999.0 -9999.0 -9999.0 -9999.0 -9999.0 -9999.0 -9999.0 -9999.0
-9999.0 -9999.0 -9999.0 -9999.0 -9999.0 -9999.0 838545.6348936316 830159.6551467269 890717.33850458 923743.3727872858 791699.1809336571 878413.563523962 738169.4114076287 676076.5406367044 114693.72099364577 676006.1324800728 680296.4981809325 728568.9516029682 846035.6962298081 967843.3447409215 1446989.166146505 1481483.8909434453 1404115.5584005092 1116817.836794272 955330.1377697778 761385.3438875661 1103961.8639403402 1203622.5037533515 1025240.6333898611 1247148.0187632695 1232712.0578138866 1275463.2581969094 1277643.5218939087 1130828.9143764777 1070950.4325192217 1126804.2916116123 851585.0060994836 874446.0627883624 -9999.0 -9999.0 -9999.0 -9999.0 -9999.0 -9999.0 -9999.0 -9999.0 -9999.0 -9999.0 -9999.0 -9999.0 -9999.0 -9999.0 -9999.0 -9999.0 -9999.0 -9999.0 -9999.0 -9999.0
-9999.0 -9999.0 -9999.0 -9999.0 -9999.0 -9999.0 848843.7398059986 959358.8208775342 952749.9733287034 907217.7126021315 958073.3683482971 920636.2261225968 1013478.1463430297 938154.3030147997 792419.5114328759 812977.8563886855 861720.9042442536 908955.8501224807 1148362.334294168 1103269.7654974954 1200961.4937155673 1409869.5606823207 1214444.8522552433 1150795.0892974932 1145076.776991333 1202544.481937688 1194584.2943462785 1194450.7215856898 1286145.088774048 1391981.9126760578 1540551.7516057286 1671098.0099601995 1639078.478500118 1582823.281456431 1197473.8351113028 1213866.3917200228 1129345.0901411793 903676.9943538657 903418.9417695825 1205093.074294649 936097.0702585569 1026236.2014690774 -9999.0 -9999.0 -9999.0 -9999.0 -9999.0 -9999.0 -9999.0 -9999.0 -9999.0 -9999.0 -9999.0 -9999.0 -9999.0 -9999.0 -9999.0 -9999.0
174603.9953716416 -9999.0 -9999.0 -9999.0 -9999.0 -9999.0 -9999.0 740886.5387475574 844100.2353982183 864398.4749198554 811680.5653931285 921716.7854490351 918342.111800752 891009.5569027888 842459.3790666031 828004.7167099023 750428.9762973749 923538.5749381407 877373.3177464103 1043586.5146067394 1150653.8083024095 1178793.0335914104 1482157.67516623 1525257.9515532658 1677894.4608617665 1044936.5417141209 930109.251167446 1211306.899736419 1180919.0967991496 1472152.5251094233 1568131.2145927032 1721982.3322074169 1644948.9011244068 1635501.4753728572 1597545.9813792151 1457707.8717547902 1236670.1023227747 1143805.2833236128 1247864.3376824677 1261381.7475060665 1332898.1121780195 1300695.4345174797 1081791.0753084659 1095669.8417589257 1219157.55750238 -9999.0 -9999.0 -9999.0 -9999.0 -9999.0 -9999.0 -9999.0 -9999.0 -9999.0 -9999.0 -9999.0 -9999.0 -9999.0
690664.1689278 77477.94815759326 -9999.0 -9999.0 -9999.0 -9999.0 -9999.0 -9999.0 -9999.0 751909.3103375551 755884.7196983777 834532.2904374226 824118.7417480126 848016.4123937926 822745.0602758025 860058.903183165 764949.4066279575 899152.1916795451 1086179.3028665776 1164314.6879742001 1170235.2854871901 1030643.6865473926 925726.5379958176 1218765.5110450576 906278.3757147825 1046953.9089542025 939164.5009924426 1168242.1672372876 1224098.3213387777 1314441.1177059377 1722102.5815864878 1631781.1138328777 1540367.8943474027 1626409.8946948051 1906080.6827688753 1956842.8299404774 1816306.6640014125 1898109.1250281578 1795533.0201495902 1547219.60074017 1680938.232801773 1462240.2860622902 1585517.0259914552 1649223.6468691053 1316778.186375135 1173257.9696287804 1209357.6088901628 1195773.50523609 1257851.744127765 1058037.0343453125 -9999.0 -9999.0 -9999.0 -9999.0 -9999.0 -9999.0 -9999.0 -9999.0
592893.7390873103 651693.6246824004 628248.0042507802 -9999.0 -9999.0 -9999.0 -9999.0 -9999.0 -9999.0 -9999.0 398541.30437935464 883353.1888479783 860877.2140814768 1064455.4524526573 1083592.8754554344 911489.7292999246 990185.8460232632 1013804.3428816105 1293823.0502843934 1316769.0132421562 1183018.6552356163 1175011.18081546 1276856.7474723137 1340463.7210101401 1328758.9078989192 1359188.6564029874 1104343.3445909184 1220786.1373296808 836183.653733086 1394178.7988102448 1286056.8424170478 1310215.2120101133 1485388.1172777056 1693659.190208249 1836491.5364866632 1830490.8850463426 1830104.8472240989 1860556.9488453947 1610101.0984375537 1503962.5212993075 788362.708842599 1771189.642681741 1669776.1692200152 1673637.390722023 1333518.2604898978 1674377.166436732 1511189.6142569985 1508182.6080113507 1220188.9003042532 1564942.828314073 1303621.2830761473 -9999.0 -9999.0 -9999.0 -9999.0 -9999.0 -9999.0 -9999.0
447427.3222657741 548956.2980289652 422677.03485142946 380753.52042436705 343746.0992579828 994920.6865560111 -9999.0 -9999.0 -9999.0 -9999.0 -9999.0 -9999.0 -9999.0 -9999.0 978332.11483184 1177243.5013512874 1205376.6147293749 1256868.1833274867 1437208.1994579881 1002852.3542624236 1142205.4682009297 1112736.424117068 1247609.7680428817 998125.8651285649 1309135.9754859838 1355178.420198049 1088588.3632124125 1235725.6512643555 922842.7863892 753115.854988183 1083385.7366665564 902428.848756995 1289561.696885895 1217243.1388909698 1156558.4533232911 1151790.814172255 1361955.1056867267 1493054.9879435115 1808583.1044058823 1813578.549509384 1728528.7754727202 2071310.7806825768 1732860.1978839368 1831021.6651461103 2023897.3160151418 2595552.551601806 2039853.7786334786 2047395.2688523747 6265.816878588652 5579.791913166625 1304065.409902662 -9999.0 -9999.0 -9999.0 -9999.0 -9999.0 -9999.0 -9999.0
357902.48979270796 297858.41551033524 424787.4127698862 350176.0227116297 725684.4470757985 -9999.0 -9999.0 246834.9679375687 246431.69549280024 -9999.0 -9999.0 -9999.0 -9999.0 -9999.0 -9999.0 1015547.0139215312 1175776.2992069589 1303135.4585467842 1428813.1375861643 1461701.9641085628 1457355.1945103295 1285994.5521571252 1511464.1858839174 1372364.8043524018 -9999.0 -9999.0 -9999.0 1146290.1836257065 1123790.7043984192 -9999.0 -9999.0 1276165.5052888768 800932.8429205014 998171.5619750916 666385.0412137439 1006965.2007105729 1241261.3077508647 1327051.4248989269 1440546.911814483 1407819.8584894133 1320107.4144780184 1472929.7562296097 1531292.5596153482 1820408.2371364033 1940223.099635161 2125500.36577444 2106263.697728632 2147282.183619168 6710.784528786755 6303.740105305292 1310153.3575766585 1310991.8968614 1369336.4770468164 -9999.0 -9999.0 -9999.0 -9999.0 -9999.0
555632.7009938348 617245.3030702608 960066.7787140778 941232.7293707593 615945.4215139477 50147.49192090373 710577.7697910194 801359.9876140177 528830.9585073058 740775.7144260698 126830.84183490231 -9999.0 -9999.0 -9999.0 -9999.0 1033473.5324645413 1263433.2188728838 1281016.7487305196 1516026.4966682894 1649103.9498187033 1337541.8526793718 1310401.8682528848 1473096.6438039085 1570473.3234918625 -9999.0 -9999.0 -9999.0 1264450.8724959672 862428.487459386 -9999.0 -9999.0 -9999.0 -9999.0 1358662.7199002318 1340534.7703148113 494431.31010137 695364.2480408916 802179.5585551705 1221381.4141090657 1122896.594399357 986786.5739958384 1203063.1004960448 1383366.6309046512 1351308.276275903 1090029.0535817293 963863.1799116948 1653404.3580358166 1416932.4133710589 1342028.273942573 1217765.7322791782 1328490.972439674 -9999.0 -9999.0 -9999.0 -9999.0 -9999.0 -9999.0 -9999.0
662433.8522847161 689605.6759352614 728972.2387341531 766863.2522143229 789173.0878803744 814768.9267089892 790742.6307145003 952177.9586280584 717969.3708949018 664847.521004295 -9999.0 -9999.0 -9999.0 -9999.0 895959.487616752 1012102.1145157196 1096150.5599227732 1254599.1373179343 1365537.1187558195 1539874.7577615534 1521315.0258666957 1562957.5098741276 -9999.0 -9999.0 -9999.0 -9999.0 -9999.0 1701738.4760558375 1010484.4083293201 -9999.0 -9999.0 -9999.0 1468656.14216019 1320033.5878679357 1318811.5890904388 1005037.1763986375 -9999.0 989761.0390635955 1252895.5167399086 971313.7632401327 951667.7446405224 1128409.8939669924 1464999.8924262577 1621630.2154943557 863798.2753929892 1220990.1464495675 1492693.0490963692 1655045.777841606 1721554.2815996932 1881792.3148941703 1504524.301767989 1215816.8919634237 1175575.0829825548 1890444.3554185948 -9999.0 1591435.1694355947 1323508.608708174 -9999.0
768345.8186798478 960156.0120204322 1020470.1227718592 984097.7890896545 1048717.6851843959 986043.20658832 927819.1395353283 1020428.5002079885 1075766.1666076053 816838.1659515902 326776.72897477116 -9999.0 928209.3008576194 759987.9851509981 1154449.1074282343 979419.3359891896 1094831.120976773 1244254.8693499453 1315154.775579964 1543543.8611858618 1680768.014895969 1623181.674029675 1724467.6184519234 936071.9713449263 -9999.0 -9999.0 -9999.0 -9999.0 -9999.0 -9999.0 -9999.0 1548535.5030467983 1656982.859026106 1489722.885303674 1425658.4505209273 1368119.5286569966 -9999.0 661754.1301963234 837332.431330226 -9999.0 1598663.1647634746 1183756.831302188 1233618.7994125197 1101839.0856874501 1447072.7449247225 1392582.6610968062 1583609.4014520543 1772688.8793500431 1798112.0730083855 1929215.732476385 2068716.5105498852 2123094.1458056946 2203179.9752265904 2129357.6384523134 1888174.1953641793 1678535.0727370793 1560598.7573287147 1616444.507375312
825550.6892492216 946524.7475922545 674539.0635192642 929822.2754892256 893904.6142951368 730403.9430807407 1074992.5330572103 1109782.47165093 1047656.9837053044 1017194.5648504234 814587.9366211706 303612.5714287544 944255.75759488 1071537.4541240735 1143188.197716831 1202128.2167560596 1181351.6404991748 1103690.927240441 1289160.5642483924 1526427.7984029234 1680855.053450566 1729315.888111846 1851538.3563580094 1867278.9963852311 -9999.0 -9999.0 -9999.0 -9999.0 -9999.0 -9999.0 -9999.0 -9999.0 1785036.855660339 1676552.3556664314 1444131.515281293 1530132.571051563 -9999.0 -9999.0 -9999.0 -9999.0 1323484.3386043538 1070857.1448323042 1226623.1092900054 948461.4199520533 1479402.3457667958 1481516.4239275383 1645043.181471522 1587663.904802933 1879251.8238405278 2020277.9962606702 1961106.8457652587 3072.1283897348835 164553.86219268595 18496.813884472802 29595.3414989056 13323.831877224542 1838893.3747273963 1532536.9131676974
882273.9190569004 814653.2914909702 871104.4148952088 572243.3812222483 795096.6312161993 941644.1551223352 708989.0013859336 882627.0728792492 778790.961656895 788882.699176224 797194.4636498276 612308.5673462825 957314.7175164474 954089.634803666 626631.5724676428 1115060.2494738935 1155644.7886525223 1297114.4112083213 1288622.568252797 1387745.1717460866 1560423.3324224413 1586536.711443479 -9999.0 -9999.0 -9999.0 -9999.0 -9999.0 -9999.0 -9999.0 -9999.0 -9999.0 -9999.0 -9999.0 -9999.0 -9999.0 -9999.0 -9999.0 -9999.0 -9999.0 1438612.6710701485 1623298.4611116839 1493420.7838328916 1358549.67446099 846682.7708891322 1038367.4474757742 1048814.6132318082 1181585.3083298777 1555912.7814507538 1435457.2595290376 1460595.7581331413 1595559.7625922149 1476824.3264981403 1714195.9134013623 2196746.6305267457 13127.30990560381 17064.25235182139 11162.113132214545 12560.086580323632
601637.2199308682 740293.031828916 578977.182007805 762767.1045095536 858785.6785177328 821696.2547160758 902198.9338821946 833718.5296252539 713438.8159875569 969265.969640217 607395.2912572834 1002510.1570937401 898715.6540711595 690678.3738610215 -9999.0 1046181.6858251183 1100565.8902510675 1375308.2662722948 1161093.0739542076 992266.1594090664 -9999.0 -9999.0 -9999.0 -9999.0 -9999.0 -9999.0 -9999.0 -9999.0 -9999.0 -9999.0 -9999.0 -9999.0 -9999.0 -9999.0 -9999.0 -9999.0 -9999.0 1532048.1494562607 1690160.588489102 1813540.0534746253 1700773.378046341 1611808.8970683648 1537364.9534657805 1362143.4102823613 1165556.4338729926 1189615.3854089647 1101758.2114064896 1297448.6732589647 1339935.37476066 1507595.4363820455 1479910.9687280033 1649218.298965693 1688014.3577226186 2126094.632550241 2251608.922142145 2345363.4729796047 2013271.2369425048 2020034.8385351012
579397.2792886577 662252.5155645965 833485.5129608655 694063.3241861638 774958.3227661544 967837.6580240569 740308.0719488703 323333.51263048634 1171270.5343569526 1225111.7729714266 611132.1957120328 509895.71991173486 1128557.9050193466 939172.6072550495 679323.8664625994 963928.4270353934 772843.7517485365 770388.0228650463 864188.249045335 980816.1993804645 -9999.0 -9999.0 -9999.0 -9999.0 -9999.0 -9999.0 -9999.0 -9999.0 -9999.0 -9999.0 -9999.0 -9999.0 -9999.0 -9999.0 -9999.0 -9999.0 -9999.0 1744775.3359895388 1814705.4786364369 1627749.0310308833 1882767.884574981 1868785.9179208518 1658803.306660459 1691722.125406909 1576884.114270453 1643593.720056435 1888216.557087016 1908373.9256087898 2195841.7941617654 1829377.5148794313 1683073.446312167 1862881.2847946452 -9999.0 -9999.0 -9999.0 2050517.9559897536 2048954.570248297 2287025.4046609183
951515.2596829645 680135.5592745834 665035.133246544 886922.5538651884 728549.5262532783 930431.3569784181 679387.0462738097 1089086.1715737532 942444.286918149 1183904.4511614253 1146847.005588211 537659.3609720288 -9999.0 907146.3454933238 794966.4319648383 826707.3371949106 978646.1314757871 1230693.757358571 1301558.3671741302 1893672.7531180915 -9999.0 -9999.0 -9999.0 -9999.0 -9999.0 -9999.0 -9999.0 -9999.0 -9999.0 -9999.0 2264038.9026124654 2500365.8098123777 2412787.1574531035 2023941.8080664095 1831689.5651592857 2124268.514592491 2074399.5389599064 1945829.7476578588 1651231.7447968354 2120877.397613071 2027572.2327535106 1963004.1756848649 1771446.4594721487 1678599.920194103 1737954.542106678 1880315.3173904207 2099523.3098876434 2176149.3825093163 2299226.2977233017 2353521.4353266335 1889978.7036126358 1990150.016848117 2117516.167319881 -9999.0 -9999.0 2428929.8275317405 2220205.4582534595 2329666.5393826263
530785.2663895446 738690.590535513 684268.6881215186 1048811.4297469235 596213.4699696584 934678.4320136956 702321.6698960774 1199797.7960503707 954122.8828649925 818270.1039553178 599522.3103705044 587595.8321622731 -9999.0 847796.5242355814 807737.7187193882 761062.6133802471 1094694.9213243509 890908.4604232403 1186550.7345760732 1435484.714980648 1421384.828852586 1884866.8771130198 2116660.2175022615 -9999.0 -9999.0 -9999.0 -9999.0 -9999.0 -9999.0 2505770.974204202 2735868.4371377244 3054852.607992216 2928840.027934971 2689238.7265770547 1988087.247407138 1830718.5349983347 1978213.0554727248 1832525.1757431298 1943283.9295356316 1871542.8132820511 2093855.0372718764 1914779.469878275 1716559.4469565768 1655127.4625723357 1822912.223567073 1918487.3853760245 2142165.017686377 2519008.132909659 2406291.2277966477 2506888.933184887 2780770.42171264 2905035.4943337026 2480987.968964428 2149686.253214574 2455690.227813882 2740282.528657908 -9999.0 -9999.0
864434.4796334984 650776.5350375758 993807.1781534627 756763.9025611187 680457.3506224182 948785.480891215 693807.3014146711 1239565.3630795772 669794.4319279664 847352.2864798037 516789.7292541337 -9999.0 -9999.0 791868.585320496 661939.171318394 720145.8255710257 1036910.4742909604 1016842.8396210453 868241.2559350358 1256028.6620205094 1333732.4595059818 1145550.699568949 1588683.2839406575 1886731.3578834352 1980789.065492104 -9999.0 -9999.0 -9999.0 -9999.0 -9999.0 2705796.264360219 2831601.036021459 2932438.152630329 2633347.971257776 2614514.3139069774 2287527.7663981365 2146148.9420273225 1955189.5004392287 2266732.2621333217 1895741.2685624636 1935342.701328616 1925686.396855034 2356105.917390891 2410835.1285458663 2387074.4100824846 2219023.7495656586 2091738.1149152676 2166083.865801651 2348504.6421808847 2676852.833632073 2907191.2211613725 2862951.570268789 3064902.4508931376 3112854.314054221 3080785.0321510183 2702181.2948043477 3192602.357038758 -9999.0
