critload/trunk/output/2010/nload_var_nat.asc
ncols 720
nrows 360
xllcorner -180
yllcorner -90
cellsize 0.5
NODATA_value -9999
[rows 78 to 103 of 360, columns 174 to 231 of 720]
15008.09293063327 16076.706102572616 19062.70942284393 12783.476810520016 14938.90649511878 16468.94784295288 16128.124636242552 14515.085331551296 15446.454322165619 14960.935640431253 18820.14498419556 16289.635382469018 13245.017655446682 17207.387087876876 4147.038404665875 3291.9811967595297 4763.830917379034 5571.25897756514 16192.632959253226 6719.888457514666 9097.386204861617 3341.4405676589226 9319.850429879 15310.964830081779 25969.17670726457 15691.51507013268 13841.912285789009 15294.034527512918 14597.513116748292 17353.331613673672 16008.080340402055 33619.89002552703 29505.92044355968 30806.727177137032 38142.299736429195 39983.68117490608 44065.77637460936 43962.659109444554 24981.700452491394 41709.4266571943 49199.597257889625 57704.12918174931 60747.50466864343 55647.15923861694 43382.85303297395 53202.866330539015 62777.80859584148 47887.36267798627 45312.69005538675 56752.48257221714 57644.23962924686 81803.31482348854 82733.21919133107 101513.74153799015 97002.77649625856 97648.43304352404 90453.16983103815 89161.06893315357
36846.700579632845 24929.048043758685 10920.397467050228 15442.862391640476 12015.801914579266 11681.740694137137 12495.824465315609 11880.722161291495 10853.77469182544 12618.486969398624 16898.31312840452 16629.579614137685 14150.681272453268 18345.906329716796 16797.322718807456 10606.003859158456 11764.40380528927 4026.209117068474 5386.299383201983 5693.648898037834 3989.6036371746873 5492.9549174778085 6651.1994530489155 7272.6043606940775 13455.455654139518 34385.04054572879 12128.578841432314 13479.20588599875 18706.60918234735 16711.177317108326 15032.74246320656 35341.18140613417 30995.506635318874 31642.824688969038 45401.051621666 19434.399557243472 20037.243485618757 41250.16098930604 42489.72712489489 40742.47923371374 47727.98884906653 48795.58576166003 50198.84430247531 45973.059215348585 43871.63443365101 42633.65962350669 38059.61334856098 34722.91783776257 106261.90167882487 121210.9856812029 75655.22712291684 86949.40145514357 63519.74019452451 40641.92570077098 60413.74299384707 26847.25916909712 32962.717122422546 25093.96075977056
51169.90086082332 24172.73000888999 14442.931285212204 10491.98651304889 12400.84014674699 12232.877479778475 13143.506488106963 17273.654804049078 9528.456186546739 8285.28861813997 35619.81620915162 34264.7883511455 23321.258918232194 44384.66733437357 41717.29108421404 18255.98983635393 20485.050382218957 22200.702287512577 28156.467535214168 19811.892598839742 8677.80791191814 19488.04619568701 24473.571329375918 15600.870526884408 25008.756214958255 31288.609100898117 40780.158097767286 20931.379996848606 11328.615212938234 43320.912330760984 47065.961574340334 40371.724808108884 33348.7569205424 35684.26009713109 78027.77924925195 87277.94331738025 97917.42641768475 40437.13925526222 72445.42568641722 33234.73264042937 42839.38448601079 41773.488068053266 53737.81216637152 51098.06614365048 41861.97994818325 37313.91330425424 69201.90348196615 90019.0071329611 114408.81278328293 145828.02598540936 141754.0508245549 100524.09040783303 1695.6420662310372 -9999.0 -9999.0 -9999.0 -9999.0 32944.87742694454
20327.903093147936 16578.293228795534 15972.598999423564 22327.53082260556 30774.42211874768 26397.443214368166 35534.56957241323 30624.490150860514 30567.343079195274 33800.342614976485 44220.80170643231 46429.02292596815 48242.94161339554 67948.7561434431 59958.209023088 43827.08385919174 44427.238586335356 50461.88570804654 69310.33308888321 85676.89493723668 73106.73435753348 69881.96515161684 42740.69009535737 48209.05126594635 70713.41942437118 62187.94126359153 50574.13999742813 58502.00162027478 100125.7978577649 73677.07123935281 65712.8921953321 66854.44233077369 69161.60262130694 58635.522876239695 28074.98214938464 74938.34309289587 74200.1768708576 65181.15272903599 49480.95727896858 38137.17303808456 64732.54350896645 75133.74602064064 60737.86408493511 64901.73108386106 101478.35190895063 96856.29020072578 96892.15030759721 132604.31537272094 104948.3178021258 83109.50391801042 43767.801703612975 16083.1392991976 15934.921125846797 59004.826778165174 61769.838690404154 60560.09665874943 43032.1554075738 -9999.0
14522.808166390752 29933.333371720484 23885.673253511944 23510.52158053566 24470.652444501055 36008.02196902159 32400.41869892971 28361.495589009453 30209.480800097685 15211.539710505474 8947.571852491792 22312.612415439635 32803.15839129159 53021.44247116445 43885.07184184885 50752.017942433886 69226.38288217864 70191.2794241161 77257.82047798348 91030.78668463518 95549.68974597967 75347.54927057544 55513.413396542026 55827.188372060045 30415.350578809477 46584.182413941664 64620.390432280285 41206.5188006032 74762.5059897476 73921.94148476337 72184.47307196441 91149.34140774763 71850.13826169827 74611.28410720549 71606.74792111096 74675.02362702378 77648.85333337638 86467.7444412242 82195.8936300223 86158.40878574882 67611.16390437521 12645.031428530356 41594.385956094244 95067.31388994542 120793.51651887366 128061.65570283105 149202.4721258384 97204.14868003211 17728.537610681728 588.3426721889614 19435.15326834005 90998.51587927586 191477.3631568058 202404.0754832226 175484.12367304935 154066.38609151595 151158.77195559238 42063.76009428862
18142.58963178833 27666.31914667373 21480.441149925926 28151.271759219908 27255.575550107213 36702.32047216817 43847.51413199473 10448.374747497153 2474.947765219324 -9999 -9999 -9999 -9999 13326.532911808537 81493.49050846377 74588.94256783281 102204.75570782991 116509.14021338383 131936.42108586186 105500.25905841865 79836.54041877858 65908.74607516036 71639.25891329309 62031.943727598846 70308.85784313235 76405.96818704958 91822.01064716748 59302.28042019168 69454.89332975635 55050.89647065834 56848.1062075504 91585.07219421244 97597.36847573788 102592.43632219387 96476.43473377335 92739.61039845977 108153.85375678979 101113.80966044393 106776.10238769895 89151.13071275462 101499.59649897229 87632.77790095084 104012.8491383462 87884.85450331295 101056.95913507893 182974.05536122256 99596.94414291893 9318.424360996483 39473.01623607977 49877.7297706406 61544.187487191026 56430.90661468482 163495.41570980367 110878.57645297697 91582.90580410263 135455.54178576387 73596.63678837991 1147.8884728783255
96420.73829093215 28720.66612946562 50923.187133802734 70114.45330000616 51650.71809455352 13376.738768875446 2697.9683680958865 1179.517915286394 387.7250417662905 -9999 -9999 -9999 -9999 -9999 9654.26105847078 6162.380055175587 120217.64571412407 149193.4633688468 128368.08472952494 102070.78811072763 68450.36433198111 58175.13537929139 77489.18700267798 85439.13385547366 89996.14147223947 82041.48338999895 35222.64267535892 61533.20197930688 112103.81698649308 110012.23826314925 125261.6241687218 132998.53760122455 143275.75803589122 140832.79916054165 143050.94262524188 131181.1267204066 137413.26621376703 153021.61027653608 167735.30049291276 130611.10805063671 145241.40265305236 182489.8557613974 205772.7121701014 194659.9814172222 252524.44005816715 122619.47003430106 33452.676248637734 76140.81816761232 49485.68503711369 160899.7285832995 186479.1027381556 176821.36639753362 196114.55890416246 159728.84781276676 38872.862322033274 33463.42207656177 248.4884594474283 -9999.0
10243.688689063594 20646.47752375467 54313.36259757447 11193.904603186767 -9999 -9999 -9999 -9999 4490.277641340748 13593.211339810707 850.9313280321388 -9999 -9999 -9999 -9999 -9999 51182.03565187265 145008.8609591795 108041.83592259386 94398.42375698834 75940.33515622838 59792.60245144638 74742.9144298651 82846.21739356752 79642.81766095354 76728.34694096942 78849.68200454293 57576.74288063799 137502.24070621608 135450.15712934377 129086.3529503764 132526.14163146616 121978.2045552847 145602.92688388046 165847.86142781551 182549.3408491219 167773.7248480301 124659.6737389364 135625.11076459248 151790.5782802316 184304.86051448356 200601.15931723264 273892.35696517804 296967.4990571553 158411.33261157392 30788.808940041952 95119.75403747591 114549.56569323258 98957.4208549132 101470.50327169058 135207.98145183054 201293.38268752184 209938.8423516737 180326.44731652678 104479.42475439621 46335.877113123424 1021.0013096015942 -9999.0
5280.172743433982 29259.58801724822 12628.405454764794 35912.04212567602 9732.560026003135 3825.674409722942 20384.085885602184 50868.11710381764 71219.70933205161 53055.72084983867 41719.316269546034 35.2287474041 -9999 2505.38857581525 3119.6835713703185 5600.263343609238 1105.0077988238484 64570.98442595351 88694.16899383478 70234.24031447616 70779.79067119148 82885.22732819016 67740.63992054923 39412.22155832313 40301.41095767659 77946.48691742588 126318.34022313207 109860.85554330227 136489.7458129189 143751.9153794698 132440.7258616034 146271.4707625174 149794.73442639227 168992.1790727484 140955.45399422318 88756.1668279471 182727.96796266688 174413.8896114687 119128.4403371436 204201.46569713208 165687.20124932373 68410.112111866 41710.635353022066 5000.116697462706 37126.36416681199 116516.76636488283 114142.61197650505 112067.58391926638 142566.8805780082 94695.43163349063 71594.36345577522 194773.0305885897 226848.67375325726 200586.260379935 82074.20893607204 92378.11864211096 6055.489292165753 610.7904679353414
0.0 13707.030238342992 19251.130675712928 25158.105178487258 34214.87730346165 49012.90513696749 53450.635939768996 59107.98054127326 60072.33284209257 59447.45059500146 59564.64055020035 42943.354987094994 34245.22899397072 13610.28906829131 17173.390255437662 3075.012822 13404.755785331607 6053.8057123941635 3139.509310301533 2054.3016819965587 10206.195586196045 27718.203645284073 36250.46112267993 65493.891257308824 50541.18081894373 65029.9088613351 57627.79750954528 92166.72483144549 118598.19872945263 108262.10839298308 76647.48637491441 99950.0821366635 158697.86739657974 164038.3837396502 132638.32252215422 174968.7932126209 141718.57021368406 191669.5546014968 154094.18665056274 27932.803246888063 800.5506113446991 13024.524852301283 72516.8847072829 127746.24548603872 48359.1045434936 85012.47433375509 138327.84306637358 149099.72707808032 195550.89084487967 200260.3033699664 68060.995326921 172509.31861284273 194198.99952662046 121622.2043199225 106933.71606811427 119153.18261043658 31062.49641189381 13540.947366594379
0.0 5139.82605937 4823.512852898901 21080.955679703147 38383.19277100587 50452.54030362295 54776.823664395735 50532.1721240716 54622.139731850504 37485.51128237436 34221.158598843605 16774.426585652298 1990.173067344211 0.0 0.0 0.0 1487.09174723 0.0 0.0 0.0 0.0 11082.19391298935 5040.910059440148 0.0 1946.518947317212 125420.48031330697 177010.81405885433 156784.1647577749 193837.6219965435 143278.96320229236 62611.34188735791 44811.97557162198 39579.900501443095 115570.36864581278 112716.49444644387 62820.042325391834 50532.56849500346 42342.75391901701 3955.4711878686976 0.001034683211881069 2932.9301976977063 52533.27791579943 168807.9840965977 153036.37481871952 84821.94463366718 179254.0639814855 161858.80025627956 228110.32535955028 196088.9991643463 184436.12535752487 183768.13002020252 143245.90850107858 88162.49115782142 95856.00771057911 157239.60783300173 247940.2859918943 131698.2474341046 102897.53996106019
2399.86355835494 0.0 0.0 0.0 20791.254263630744 35470.039355784524 26545.802820036286 31776.277412091644 49058.46701956946 33835.59944221454 27428.352619038742 5822.242228416103 -9999 660.6797339275565 490.4961912348425 3307.409956358518 10732.156883392037 0.0 0.0 0.0 -9999 -9999 0.0 0.0 -9999 4858.242335485702 119030.44119161247 118023.18769203719 202328.31404735282 168294.46501438756 118946.28797842858 118927.55801055174 76424.46620398414 10881.549598551266 0.00637822056550666 1113.6942444682732 2963.070269868379 971.7132507937123 2116.2149524764504 0.002367294537499297 61080.31180321194 135050.0658740218 45543.008058322084 99202.58555874377 232666.6626374128 287044.6296299225 253382.2127099245 246038.08266240754 192625.9736380898 194901.1811774082 184271.13705426548 155640.055982463 144048.64510586875 125340.53457042143 57075.5387483952 17421.5888558315 33580.783818025026 45077.25172355565
4632.993815568438 12094.892729055991 0.0 4436.10585784 7937.10641253971 7131.687802324062 7710.081467111935 32345.542555686734 12984.504646901965 1048.20843975 6933.297261890501 7891.440959387243 -9999 6781.850092670322 20682.15872652171 5094.245293070099 3480.8938575 0.0 0.0 0.0 -9999 -9999 -9999 7901.503465217367 3807.0966551990946 1046.3543413963857 17672.675385479237 44614.89955252264 91539.05985635002 130764.59650569498 131933.92238604673 109238.96172027048 119192.01285280124 52013.98014837625 19987.16767698445 45813.05314054246 120324.28954391758 108579.15361279645 105782.34974652366 42738.045900532656 284654.2782053936 240485.04661784577 235573.3615694559 335634.5572667972 360743.59551972506 361068.4832771865 223451.75004202197 190948.14439555895 123997.85011595862 164325.27342385805 143492.86916392678 80985.70965096253 4589.357640036911 -9999 35708.03211830806 178156.29034394893 188438.00653448657 210048.3936500392
12404.97118240604 11599.355088645027 20778.032941935446 7693.099095111213 10999.566772302383 3912.859488135685 2363.209096077836 0.0 15178.26886502936 48139.50436522 11050.564617203305 -9999 -9999 16813.402478796404 7224.753133397 3047.968021235689 0.0 0.0 0.0 0.0 0.0 -9999 0.0 2080.142734730828 9595.294639119002 8267.691208887187 347.84308430275985 153.94167969166358 2498.0063832859887 8570.449441052266 0.005117088610769096 13667.580238668039 11218.158360258036 101125.17488773244 222465.46538720164 214151.83379970532 223082.49085359482 274868.7600601536 266851.86133103893 31340.743647921066 239059.8384824408 251584.8773459949 395565.67535340483 464164.1889625763 281570.9786141149 159009.5348841862 155713.8691812329 161521.9197653251 36136.66048390739 22771.729393836526 1230.1396630690451 -9999.0 -9999.0 13104.711918035206 223915.10705981715 218651.69879485216 172841.60330413363 1983.9395221196098
26798.207775640985 10743.329888891494 18607.91336171138 21534.129743431466 12411.155996146093 11000.295817550163 10301.813865989512 0.0 14326.144772729856 14283.854973779464 13499.466034282103 -9999 1109.9466739672202 34615.03343521544 35906.603044812866 6290.949118594639 1392.31409947 1664.15869871 0.0 1182.91123755 1539.21876165 -9999 836.8096496619129 2355.292585112701 0.0 0.0 227.68312296290094 290.37518542969093 599.2555646378116 505.4339123416101 -9999 1158.7305571328886 -9999 71625.61947297743 247939.87354705096 323602.5702601975 461553.89335734973 476144.7741290709 340298.2149589769 151576.4082445244 252930.11594340435 201560.74933123865 261511.83454750403 123134.40924629186 69973.38668438749 22914.869621056394 28365.594329047337 4484.12816418181 -9999.0 -9999.0 -9999.0 -9999.0 -9999.0 0.0 145456.783705675 140510.08895170173 20893.31135897798 -9999.0
30766.35808276949 87536.96754339903 19653.984267966014 22577.91935086115 20545.204742032118 13727.287459391595 10858.547602241782 6672.109647861736 4547.362476387546 606.1362025333186 3726.6818458397825 -9999 -9999 13586.21153439758 4824.870794223119 7034.266545143287 2804.660119192343 1406.2121614196258 558.5859945005652 1150.68784657 1659.1234797 773.5141516761898 2066.4523126689196 0.008015238886152359 0.0 0.0 537.3467828588994 0.0 459.18616114141656 0.0 139.45641283093545 3919.6594204715843 34453.682727097934 30967.86281293603 64846.65028032778 155219.69726787417 376309.78703724453 474788.37063170876 178027.82626958253 179644.5748403833 252686.39209311202 262517.01068961486 99571.92592246662 61914.7361234179 37241.63703746893 3256.2848117452177 -9999.0 -9999.0 -9999.0 -9999.0 -9999.0 -9999.0 -9999.0 -9999.0 -9999.0 -9999.0 -9999.0 -9999.0
37729.10240076616 32828.93237870782 60161.20350114709 24261.34292923272 21921.099187231248 13287.1891761898 13445.200062991367 6705.777339069415 4580.0745233121115 562.201528202092 7391.278033486755 -9999 -9999 22746.60687190502 7075.5215532035345 13627.698088020692 1346.7235179969482 908.5160013104818 0.000132036849583 197.95538512481193 3511.9834331979796 633.5198534056792 886.120157624516 1197.6582338849057 3249.361694762706 4968.345683058604 618.0735344023717 1695.1818210475521 22427.112863161332 8078.818819395568 19887.79100348232 45247.56220770902 36404.24836244425 28779.910288706815 107278.3545393433 145739.55188243018 158799.49628938828 169775.1378642382 39541.17410630447 236980.83337307896 201071.75636063877 146254.7799190448 64029.09433939219 4676.10700657486 19640.508617549403 -9999.0 -9999.0 -9999.0 -9999.0 -9999.0 -9999.0 -9999.0 -9999.0 -9999.0 -9999.0 -9999.0 -9999.0 -9999.0
59746.828609479904 53145.87708814268 21108.720525777666 21496.805939964634 10081.83848819138 16126.906488068653 19033.917500178948 19086.874778675676 17666.815721367424 0.0 4017.057956970671 -9999 294.30940470075643 3100.2463562018247 11253.50657866594 18711.453039989326 34514.72847674723 959.213857537 1075.9133847377482 6258.136146614522 1823.7647898818198 2650.115136597402 1838.234081883413 -9999 -9999 4843.027616726842 55163.18322023882 223951.24554606498 243418.64646998452 136966.44325844047 152854.62256429403 108555.5948541577 134725.75706350862 135640.45172718941 203172.93420272146 246080.45748734806 385228.73700569593 562489.8244891112 57357.267935195785 264798.9616066771 69718.89223354861 53031.75439917943 23486.35426032418 10211.710392777646 11162.356155243984 -9999 -9999.0 -9999.0 -9999.0 -9999.0 -9999.0 -9999.0 -9999.0 -9999.0 -9999.0 -9999.0 -9999.0 -9999.0
51372.14881414151 30953.37326265651 14412.951857706877 12255.116797643266 5500.737859227807 10670.132602878051 9141.074296065022 7647.602138094135 9534.352604705437 0.0 3766.1629265721667 2098.3226230749597 7968.533855854841 8348.964565572489 16296.536775202614 23772.198427479052 22221.945939644866 34895.5201719118 3916.244831884187 43412.315508932166 9814.478173492253 -9999 4870.028372390803 3150.835690584362 7336.321251105868 82741.86596697646 99327.43547062916 234916.44287511695 274586.5630893192 259929.40493139104 162415.11516609509 168543.8043283174 204905.4896829024 285696.3281799073 243321.40272292233 263590.8011825676 309928.79455434857 118039.78926890092 96459.25405626213 173592.66113395485 10274.158354884523 55826.38183962291 25903.680157681618 6194.763198798675 131.67109512347358 76.5853460588697 132.4037522943968 -9999.0 -9999.0 -9999.0 -9999.0 -9999.0 -9999.0 -9999.0 -9999.0 -9999.0 -9999.0 -9999.0
26872.867188950586 4319.808175608672 2334.23885363 5602.991770581915 6417.203905426701 26791.30061345605 30509.230294289802 11304.84679097112 14507.780737047582 12988.290306200257 0.016874007427234404 3874.7802253793257 10499.774292506847 3188.517537558286 4604.079561073145 382.5132322256627 31314.42357640526 31886.36306769983 33448.1779116154 20224.95283792564 8761.692421087682 6085.2306340524565 596.8443387982821 390.2298265918958 2168.74318385854 116976.9817773207 123986.1189216622 207432.03316145675 118018.80576428148 223134.17292827892 266851.82322858693 187655.57146447647 128076.65025344744 187340.41863730887 128183.09766232193 259674.1147668088 140765.62839813918 48378.00587831407 133031.28507833937 8293.03735508025 10693.02800403065 45042.33678401867 2519.3847638770244 0.0 71.62562745546524 4167.087989403652 -9999.0 -9999.0 -9999.0 -9999.0 -9999.0 -9999.0 -9999.0 -9999.0 -9999.0 -9999.0 -9999.0 -9999.0
8882.099259934235 3548.71276151 3375.1810071226114 3717.817678729325 6960.552566030061 25217.27112574788 3382.8375687096514 5007.036057863862 20631.541241224542 18184.663161486736 15122.799080033958 14717.975694489094 1111.8169906468313 3308.1577608322145 12726.129993831673 7879.81060862688 5085.883098041769 28753.47342593779 33522.94643334486 41169.64023630153 15937.676584977984 36663.660284518795 0.0016330015153579152 634.9238468217359 1589.7670825894165 771.617073413 757.891644487 3502.9217195792717 52758.20225995835 72641.54410185074 105471.55862670366 82301.63545842972 48685.24858305695 78770.90206142643 60439.18268422853 31018.293876811505 11360.585896363042 0.0 0.0 1333.3017631901912 0.0 0.0 -9999.0 -9999.0 -9999.0 -9999.0 -9999.0 -9999.0 -9999.0 -9999.0 -9999.0 -9999.0 -9999.0 -9999.0 -9999.0 -9999.0 -9999.0 -9999.0
10480.483568763895 3028.855731 9806.90561749877 8972.692494067625 0.0 12223.43403838898 9806.093243817006 8873.915114558748 18578.952440662415 25562.916075119927 12929.50675235142 10922.797205489434 3066.139572362439 15810.574669047332 17610.735775493715 6050.812040580904 564.9639821050492 4745.416373821937 17299.927978251402 29763.9200409025 5817.603782487241 34736.921655102844 108353.53130074215 90277.98371891116 0.0 0.0 0.0 22213.372197124427 24046.950093040974 68687.88364986645 76888.11162218668 29036.900935501377 27310.53698528206 4463.357315692547 4739.696582418142 0.0 0.0 0.0018628567242317043 -9999.0 -9999.0 -9999.0 -9999.0 -9999.0 -9999.0 -9999.0 -9999.0 -9999.0 -9999.0 -9999.0 -9999.0 -9999.0 -9999.0 -9999.0 -9999.0 -9999.0 -9999.0 -9999.0 -9999.0
5025.381972203837 2845.140730108582 3461.56551615 0.0 11613.860715133786 8371.461910865 21897.218816692955 8702.708866828221 27897.716325952686 21689.025157452612 33880.498162014046 5548.554567860925 2067.076869 2466.9942599497417 17339.512537054605 16015.23522177228 12121.233132325362 0.004835182966086645 16263.1077328079 36407.89983770823 3076.752889232995 10485.341472620801 45238.35597061305 36967.99466613158 48743.956741457485 29792.001492131978 17418.31153595051 88754.92987393224 46602.189006122404 35540.0910877 15089.339300677788 10506.572653654006 0.0 4199.286037034827 0.0 2690.938400587235 8483.229629692782 18968.87590325835 -9999.0 -9999.0 -9999.0 -9999.0 -9999.0 -9999.0 -9999.0 -9999.0 -9999.0 -9999.0 -9999.0 -9999.0 -9999.0 -9999.0 -9999.0 -9999.0 -9999.0 -9999.0 -9999.0 -9999.0
13419.646949029408 1940.4087269732095 5371.58787116164 1652.37268012 0.0 5565.0751267498035 2193.16370392 1252.2948942 2131.93132819 1310.15921625 4778.552534616794 2495.9609911777707 0.0 0.0 8957.596144572513 5318.4397923 25.902805729243994 0.0 2231.440323188339 18163.171309667243 21201.574681404214 8519.609490588711 14141.089368264637 50821.61340335419 86536.83848368746 24772.60228425925 131773.53020949723 151182.0222169204 79502.69119599207 10884.4123342 4601.95723133922 0.0 873.3908243447294 4316.3719060528865 10703.954855927725 7443.017031958138 1218.4118927080399 542.6812974598038 -9999.0 -9999.0 -9999.0 -9999.0 -9999.0 -9999.0 -9999.0 -9999.0 -9999.0 -9999.0 -9999.0 -9999.0 -9999.0 -9999.0 -9999.0 -9999.0 -9999.0 -9999.0 -9999.0 -9999.0
2213.83099354 817.563911925 5465.908004423475 0.0 1035.8256351775226 303.278903805 0.0 0.0 0.0 11002.881373960958 2940.1563693972284 25410.356345089822 25087.93873686103 10144.196726972898 3976.6263438 7970.067096 598.773523725 731.5672713086699 1738.6438973753577 18349.037466641657 9503.945303058828 9263.637994792829 14677.382135698552 138449.65624337184 157898.2058600656 196640.04646422376 289783.1255999924 185016.21770586827 0.0 0.0 3754.03110435 163.46072942767023 381.0886071908428 4041.444647836769 4491.927524025247 6660.961994330021 2080.7653275724156 -9999.0 -9999.0 -9999.0 -9999.0 -9999.0 -9999.0 -9999.0 -9999.0 -9999.0 -9999.0 -9999.0 -9999.0 -9999.0 -9999.0 -9999.0 -9999.0 -9999.0 -9999.0 -9999.0 -9999.0 -9999.0
0.0 0.0 6609.63941156 0.0 3309.41749609 2649.631707 1452.766977 1635.7032783 3068.255581622706 5946.332903202532 1973.8532440298281 11061.174575378065 6855.297992421227 17542.64965685452 4287.9905603257175 0.0 9498.103293812721 0.0 6983.786630368649 25958.552768310983 5116.9347405 14371.74520800933 27342.6220537723 95256.94844776587 150520.64449235055 328570.31005079247 110974.6058377005 29151.6119317 0.0 0.0 0.0 5857.0082666667995 7458.730213618794 5208.182869531522 10506.650076029728 19649.925582361924 -9999.0 -9999.0 -9999.0 -9999.0 -9999.0 -9999.0 -9999.0 -9999.0 -9999.0 -9999.0 -9999.0 -9999.0 -9999.0 -9999.0 -9999.0 -9999.0 -9999.0 -9999.0 -9999.0 -9999.0 -9999.0 -9999.0
