critload/trunk/output/2010/nload_var_nat.asc
ncols 720
nrows 360
xllcorner -180
yllcorner -90
cellsize 0.5
NODATA_value -9999
[rows 78 to 103 of 360, columns 406 to 463 of 720]
0.0 2014.72367087 901.40829228 0.0 1622.40633335 1844.25363053 1853.7741864555903 1472.0904996 0.0 0.0 7695.012176572659 3300.8892038766267 1660.039530192088 2098.7858270975307 928.715407987895 898.6023370968941 777.8760445326391 271.66581837943954 627.023900029 1756.54289253 0.0 0.0 0.0 0.0 0.0 0.0 0.0 208.000217756 1891.55227275 2470.0189536 3345.12704925 2405.61026213 0.000956166860662 0.00035736575832 0.0 0.0 228.018439403 2660.199729 641.5778431794597 2959.691743769369 8404.454506373042 7475.991641226681 12838.939398416878 1965.5606967683768 1914.6507897732363 728.896014337 37.71412722980348 3741.5527741952487 4738.1545359777265 3948.311615662072 642.2569539580769 693.9901522146963 431.42869809 0.0 136.464318963 146.916512248 68.63482845356498 0.0
3405.8452218705293 4009.4876492876065 588.2389636987808 0.0 1913.23710385 2326.51289602 4817.2132536 2857.36087065 0.0 0.0 0.0 0.0 0.0 1572.841454172594 468.79367499700464 256.66916370597323 46.93511124 0.0 0.0 0.0 0.0 0.0 2498.19709782 0.0 0.0 2674.55294398 3241.351241121249 2916.2840694 3371.48194407 2830.62135037 2834.017212 782.2933209 420.392589094 0.000653336132212 0.000511789041225 0.000680746076212 424.90202977079883 3600.4251279963646 2487.2497673184366 3996.2633189401695 2444.6421034361006 9451.765022865635 9355.436199968011 1487.725212341274 0.0001556423524702804 319.9511504423054 843.9694896145235 2009.5734631990867 3726.925401631601 370.0927102269347 55.5624812239 0.0 0.0 0.0 0.0 0.0 0.0 0.0
0.0008195612196244112 2435.5752319687886 4122.481537157424 509.335925175 0.0 314.670530053 0.0 0.0 0.0 0.0 0.0 1240.44328815 2069.81719095 1178.62257651 236.234413238 0.0 3197.36394367 0.0 23.3151719614 2045.28131362 963.73786899 1334.76766333 248.831184787 2862.33070894 2526.3428436 2087.22741894 8074.572264685999 3707.63207291 9301.27818262 8470.259424 22483.630144018614 12789.483168770255 12149.041619103078 1305.2478921298273 2047.2196379849502 4783.462620685739 313.0913239474352 554.5674731230444 2441.7093482482014 884.198348505038 1247.746831746074 655.7626170085481 7115.666944333142 559.9374482162748 0.0 0.0003149352605709263 12.1240205589 41.219389259496026 106.68399160107859 298.7663679 108.662894597 86.4925658663 155.932877392 125.213801606 0.0 0.0 0.0 69.8611624234
39454.93730905655 2745.1073467579918 0.0034265713264618252 1155.45881895 1139.27002331 0.0 3394.79779265 1732.56382688 0.0 0.0 0.0 0.0 0.0 0.0 1980.20081205 0.0 0.0 1951.05620955 0.0 0.0 0.0 2742.5376846 1809.08654337 1446.18521755 2458.96352495 4096.9498518 1189.53298575 14838.348949447005 14581.518329200164 9655.0717299689 6119.455073313671 9906.113832674353 20530.6757686832 3123.865289182515 10431.68370619028 12756.174639201687 15626.945194954824 4183.752023902103 4225.268843457774 1548.6732256871403 2796.004969208784 1946.3058772490267 531.1201874651969 47.0964219256717 67.92098628565951 26.404523607 74.9190593726 0.0 0.0 0.0 0.0 0.0 240.171680081 155.4659682 0.0 0.0 0.0 0.0
167228.141735993 147102.0748102583 40486.22573261126 948.4908523148083 519.7934298898193 0.0 8414.1863505 8148.827598 4066.75088625 703.2747078 0.0 0.0 0.0 0.0 0.0 0.0 0.0 0.0 4261.28713661 4629.7859013 9846.4169481 0.0 0.0 497.7850416 990.821066152 2856.00915825 6920.59147796 8204.56482015 3354.91335051 7574.787638031731 9521.116586693513 3479.172732754164 4274.314428977137 4686.072554466272 2891.8339794872177 2430.2239873066364 5375.987995697002 22851.49524700075 8279.910312882841 888.8107830962621 86.64623062301746 1021.7562397873622 208.78081587108198 2560.34985277 164.110255316 111.23308799288988 0.0 0.0 283.686963712 0.0 0.0 0.0 0.0 0.0 0.0 0.0 0.0 0.0
55427.9199263702 136627.1576682618 138054.6463036333 79943.5037783369 16368.64347343698 0.0 1782.57185494 0.0 0.0 0.0 0.0 0.00111325858402 899.949573825 0.0 0.0 2906.74252701 1191.00381499 1971.61864928 4167.614100021879 3986.169619038993 4730.681703 4660.7837508 5727.82913936 1735.60973454 0.0 1077.66212421 1040.94423526 1689.26172381 6213.0565476823895 11502.344380724948 11508.428621153354 18261.853508197077 9844.895148750958 3111.8637803801594 381.83894214256424 0.00019892766306800873 3738.1723969724826 29221.188865829186 1793.3485506131924 29.284180397048715 0.0 349.267761075602 272.4773471574058 409.32200772 95.113992465 0.0 0.0 0.0 0.0 195.391521068 0.0 0.0 0.0 0.0 0.0 0.0 0.0 0.0
20831.70145730359 95368.91347461182 131219.26484700295 122133.9355882471 72995.12958070348 39654.522104682415 1855.75064625 2085.5028051 0.0 0.000141581862169 0.0 2701.81210988 2955.09684195 0.0 5373.87172125 3862.226994849049 2729.07266063 6794.647367762524 4712.558916208594 3570.8333390137154 4975.462557125869 1614.07761877 0.0 0.0 0.0 2247.8162495975193 2022.93916661 2255.90841495 1438.519383322208 4738.115064569719 3129.1130749067006 5595.2614840831775 2156.3639548274714 4479.481729555858 222.65608428454874 0.0 0.0001813792921316975 217.137504414453 0.0 0.0 189.13320762 503.9998389608117 456.62636891936893 0.0 0.0 0.0 0.0 0.0 0.0 0.0 0.0 0.0 0.0 0.0 0.0 0.0 0.0 0.0
23037.263987501898 43897.61740190808 47118.81626407027 82120.68565703735 145131.90207902307 104848.67630244413 18667.24208001411 6417.75985312 10398.2725414 3632.93554215 3623.3547246 0.0 0.0 2799.4366242 5853.362125826494 5166.215623152053 2692.5950930947665 5593.601927572253 6815.436979202109 4501.505004002332 2375.2852367476753 0.0 0.0 0.0 0.0 1793.9859859541725 4841.631099770289 4341.465357665396 13653.69202290563 1936.5514452177533 1034.9120821902914 368.42853741412785 364.977852390954 0.0 0.0 328.349798535 744.6515007457044 469.7082260566766 3542.944731666078 1861.9879327796334 1242.9219445320873 515.2979292 634.0295805583999 0.0 0.0 0.0 0.0 0.0 0.0 0.0 0.0 0.0 0.0 0.0 0.0 113.66211977255205 0.0 64.2527255576
76563.16700427221 16338.04186697072 14294.99459070054 20572.708207835625 80496.22359026523 88878.4502961681 69072.64426762977 8328.18351487 0.0 8941.1002626 2665.62657416 4142.703033 403.20017451 440.173522162 4385.760151083252 1016.3245608551564 1047.062588588179 3892.0153814562846 1333.4655599552789 3631.0468562791248 1941.8760801572826 1636.746187110089 2222.5737929227594 274.62105652322145 2234.5277437641344 1080.2022233584262 9124.633251428522 2378.176590707751 34.65851813847536 37.0600177369688 0.0 0.0 984.580689937 2532.782925957431 0.0 166.87606065 0.0 872.11083924 4004.286662172749 2108.0949090639124 781.5748746350498 355.19200704 840.306439035 0.0 0.0 0.0 0.0 0.0 0.0 0.0 0.0 0.0 0.0 0.0 0.0 0.0 -9999 0.0
104720.64740171027 19032.98569689679 13972.669191 23614.7682037 25353.806683608203 40671.6446581012 60420.985639174556 28528.89175369808 0.0 11417.1981675 4921.03683652 4312.819050433823 3664.8999288236255 872.5193941555557 0.0 0.0 -9999.0 268.853056705908 2538.3976322961594 628.6072050104259 145.26325845254203 1374.903322493358 530.4918840072155 293.37907774136005 613.5821264727334 414.4237862110008 -9999.0 -9999.0 -9999.0 159.31934509458972 108.16516743460821 5177.556741509829 2776.456675116051 821.222549175 1426.363911347435 502.205400034 494.17262316 164.673887377 2322.0805345887484 0.0 0.0 675.852458681 1272.51990187 1471.4226165 0.0 0.0 0.0 0.0 0.0 0.0 0.0 0.0 0.0 -9999 -9999 -9999 -9999 -9999
57877.716825274525 79160.57731759429 31264.762047265365 54144.37696256877 44275.934653479475 28479.653461500773 69493.81573650756 50179.85378476442 1188.59835681 1168.9484247 3062.49620827 1719.85956375 468.233464687 1039.71738263 0.0 -9999.0 -9999.0 -9999.0 -9999.0 29.79843145694378 17.04790908048888 117.7713006261565 645.0982352937876 0.0 1266.140988416845 -9999.0 -9999.0 -9999.0 -9999.0 54.5568586285001 41.7021664665 739.3057919728914 1345.5685288256648 803.436551482 982.612739063 1312.13547215 515.84748126 523.29083781 3946.313827365078 350.72398624466234 522.7019150291163 301.40189363259526 0.0 0.0 0.0 0.0 0.0 0.0 0.0 0.0 0.0 0.0 -9999 -9999 -9999 -9999 -9999 -9999
73206.08237159575 99379.54419935415 78432.98101951642 83262.39696453715 101192.07214983217 78317.70609335069 33449.074779139904 13030.585479908383 730.3225138329776 5.15700796313e-05 0.0 0.0 856.56398535 0.0 -9999.0 -9999.0 -9999.0 -9999.0 -9999.0 147.37409794644157 209.36877286953472 764.0125758997505 4238.882694064698 6199.069386278987 0.0 1213.212479209481 4792.36996434166 556.6853369032815 118.29629313326774 1601.172953224716 175.04832890628285 40.64625372122365 167.1720042769608 894.8112514287924 1180.36631472 276.844591125 1816.86195298 4211.39696422 7008.532607005891 4907.160127213434 2347.9037164569345 1447.7910467401484 1249.036894066719 607.040973945 239.708246024 0.0 0.0 0.0 0.0 -9999 -9999 -9999 -9999 -9999 -9999 -9999 0.0 0.0
20189.5212855 15402.41051427213 6193.865013843535 8917.503489347151 5435.536529283056 1121.0415966762541 1815.3292633218216 527.619233175 73.1686698203 281.62266678 1858.292053360687 0.0 0.0 0.0 -9999.0 -9999.0 -9999.0 -9999.0 -9999.0 -9999.0 808.4157686649049 9273.501257991546 39265.5372519119 10124.91043407179 7313.2392857487175 -9999.0 -9999.0 -9999.0 2127.952643230565 22530.24178842355 64471.371908357585 48035.545589065936 10874.013048045452 10681.20943306365 19965.510064041806 1416.7155777122957 2684.8363212 4389.361467333901 16714.350114882174 10829.975420015107 4750.355260743743 2590.871837311324 306.9265864556588 115.6160916898624 23.557146067 114.282215297 0.0 0.0 0.0 -9999 -9999 -9999 -9999 -9999 0.0 0.0 0.0 0.0
3729.8797443982385 4585.305223828649 2580.6239190883643 6085.852342505657 2858.300889255446 1585.6238583349843 859.6708927084468 656.838128888 1320.40874063 4048.9566441 2004.6427746019967 843.9669648027683 -9999.0 -9999.0 -9999.0 -9999.0 -9999.0 -9999.0 -9999.0 -9999.0 -9999.0 11911.276647799757 4387.447354761367 -9999.0 -9999.0 -9999.0 -9999.0 -9999.0 -9999.0 -9999.0 20001.366412292347 85455.42783053145 228344.04645588523 196851.80513566497 229135.97557676857 120482.96091031775 66102.91150730907 31325.718597920102 21117.28352223905 6292.996096330877 3756.93128302 1179.42214329 1371.08699062 269.3890560774079 103.19667753543148 80.8926263437 0.0 66.78044256 0.0 -9999 -9999 -9999 -9999 -9999 0.0 0.0 0.0 0.0
3284.2437831439934 3647.1310352846826 2549.6659556021236 2391.2404284868207 2693.1641023599623 2431.6661060737742 5706.566134800232 13375.7336295 7456.41836438 13565.538929345676 3732.0887971734564 133.59883340575715 -9999.0 -9999.0 -9999.0 -9999.0 -9999.0 -9999.0 -9999.0 -9999.0 -9999.0 -9999.0 -9999.0 -9999.0 -9999.0 -9999.0 -9999.0 -9999.0 -9999.0 -9999.0 -9999.0 -9999.0 16210.963481476712 241797.37721799876 279456.2876649299 160081.2196694418 200893.12394808594 151540.50623464264 134495.56778951705 84438.31718750575 8745.21324641 0.0 965.626661947 1032.90323575 393.81106713 0.0 58.7433483022 0.0 0.0 0.0 -9999 -9999 -9999 -9999 -9999 -9999 0.0 0.0
37388.2955437 25641.33071786094 12463.279619436502 18574.801470453694 10752.380186219716 14978.257314 18631.418406 12459.688059 18259.2685575 11691.3008685 1967.5459129981725 0.0 -9999.0 -9999.0 -9999.0 -9999.0 -9999.0 -9999.0 -9999.0 -9999.0 -9999.0 -9999.0 -9999.0 -9999.0 -9999.0 -9999.0 -9999.0 -9999.0 -9999.0 -9999.0 -9999.0 -9999.0 -9999.0 912.5692738381535 155376.37164418798 177392.71888541713 248024.45869616725 173779.31557203745 164938.19016372645 207687.94511936506 152466.4641660269 53416.5303908556 4393.28713275 6580.223696837786 7733.833985676149 2956.24588669 12395.542093136512 4724.17262217406 122.11361143964922 -9999 -9999 -9999 -9999 -9999 -9999 -9999 0.0 0.0
33742.574336766855 36723.9821708 55140.7564311476 57592.18627193296 38139.13716588249 44463.3554284 27743.5556336 19997.6792895 19978.70573653229 8514.1535115 -9999.0 -9999.0 -9999.0 -9999.0 -9999.0 -9999.0 -9999.0 -9999.0 -9999.0 -9999.0 -9999.0 -9999.0 -9999.0 -9999.0 -9999.0 -9999.0 -9999.0 -9999.0 -9999.0 -9999.0 -9999.0 -9999.0 -9999.0 -9999.0 -9999.0 -9999.0 19975.581373337624 133225.35279267505 191736.09634437368 225136.30104865998 267185.7687030022 132656.1477378688 136370.45794571174 123119.80127526546 106988.12981158883 149493.4599632228 113114.80196075939 70423.44939328366 25848.911299198524 0.0 -9999 -9999 -9999 -9999 -9999 -9999 -9999 0.0
80165.076817086 91184.38464367043 11478.187126933804 2333.3462184449495 10376.754390776276 1894.9898500101908 12336.11766745499 7934.643999231173 23107.165429269324 11317.2969585 -9999.0 -9999.0 -9999.0 -9999.0 -9999.0 -9999.0 -9999.0 -9999.0 -9999.0 -9999.0 -9999.0 -9999.0 -9999.0 -9999.0 0.00011647651186765128 -9999.0 -9999.0 -9999.0 -9999.0 -9999.0 -9999.0 -9999.0 -9999.0 -9999.0 -9999.0 -9999.0 -9999.0 14093.85020897987 76734.04892271291 93304.29125331002 102271.25132000617 78037.7833793371 97762.76599165087 116458.33574377812 99797.53714767942 78330.2999388988 70188.24675896857 62383.775421358216 60594.24617036513 15636.890978431813 0.0 -9999 -9999 -9999 -9999 -9999 -9999 -9999
60538.62641758385 55103.73555797966 79688.10713848188 92806.05654838688 25847.984844 21673.1893961772 8377.530093210862 802.6464361284493 0.00366604246866027 4306.822766026121 0.0 -9999.0 -9999.0 -9999.0 -9999.0 -9999.0 -9999.0 -9999.0 4823.6373858084635 1258.5503545005854 71049.63230440898 61326.90796236441 60181.32935960446 45992.046746108055 5818.515862535921 0.0 0.0 -9999.0 -9999.0 -9999.0 -9999.0 -9999.0 -9999.0 -9999.0 -9999.0 -9999.0 -9999.0 138385.22451264792 186058.18728464318 114987.5987504168 104451.60056406433 85582.4425226093 59094.50507382539 22698.68314465842 20959.900216002738 9592.859494871704 28146.78717403421 94804.11968696042 55791.49935584184 62777.423349553195 4735.007718681376 0.0 -9999 -9999 -9999 -9999 -9999 -9999
13264.810771905826 48435.33939711012 31564.623487382283 28185.2718637 38298.5407811473 0.0 7104.632931748169 0.0025385374472433925 0.0 0.0 0.0 0.0 4799.403210768682 0.0 0.0005028454672963348 498.205857759934 4937.884569592691 437.27002895580574 0.0 71077.37460685102 58029.62680596347 24020.23838044138 18718.204931608816 46631.22590039957 0.0 25245.169899771812 3925.594327095137 0.00424993675640809 0.0 0.0 -9999.0 -9999.0 4836.535534195256 -9999 -9999.0 27739.70481046391 0.0 189610.0010768403 111991.07461758982 19205.689728866542 58843.757842191735 43826.589685361854 53752.892116626375 29880.694950816214 6812.700785133329 0.0 11985.793544152571 8698.685442628506 48356.53043130619 45798.2449420947 47181.13947742391 9961.228975529848 0.0 -9999 -9999 -9999 -9999 -9999
6693.7647565380485 4947.232295878027 5035.5103329151225 1774.189917436623 307.0224593799127 1053.5679371898195 136.51102157117893 0.0 0.0020476907601650793 0.0 -9999.0 0.0004900183230623598 0.0 2959.680891636525 0.0 0.0 20864.83025160071 57578.13890825461 47908.27326611865 49440.01249746683 24404.380642045893 40556.438790364875 35121.577197239494 24719.99788791917 16803.522738652235 17641.851403584173 43259.509118954564 53075.84679574733 24791.819804020637 46095.88195986042 77120.80971692315 80855.50327300024 88586.59009805541 77018.87667671996 79413.97418583743 121612.29786508926 127094.80823532854 96645.7744930783 47914.97951520642 15764.614516056743 5013.3085367002295 4964.753735975713 47651.00174940844 60931.88424714713 51074.73922512175 39031.94217732136 5453.641563825713 0.0 0.0 4531.513491978543 9618.682412364724 21642.942835704456 6450.70710656 0.0 0.0 -9999 -9999 -9999
3064.401568359688 6692.679043591226 3409.37464575 -9999.0 -9999.0 3601.683917935948 747.7343660700789 12159.859348601132 3694.6616916 2890.2825621 1714.7683067899584 0.0 46917.14310983625 22256.94211201776 0.0 36947.91363944781 45934.386746500575 44366.11729617075 23543.2223332372 31193.546658176892 50550.333346500425 10397.261029029354 7304.913671920211 13366.027933232954 35820.095851011196 34398.09122277006 41079.43684250687 42092.10033568262 53268.22263893286 46342.566775739135 50592.49095794652 65413.96223460087 46766.28724763485 30989.262248446605 57421.59980513299 91324.8330843158 44426.90144713888 30044.121718654504 42764.64052417444 40341.49718460103 40126.97490339315 2836.068434749719 3978.307985419697 19852.641053266645 0.0 41262.66580530483 85180.90476087519 11842.925061828126 0.0 167.26367595074416 73.54277409784034 3351.864693280348 5555.808430956923 0.0 0.0 -9999 -9999 -9999
896.6856477891606 105.42427688727977 -9999.0 -9999.0 439.603175696 -9999.0 6763.492744304744 28025.16735260313 19129.32190861339 28555.202305670427 0.004703852367893963 23045.231558936266 45804.100701077215 54922.972616803185 33174.494585893175 15626.765508775592 23073.43332634189 14159.633166337293 9207.742058986598 3478.5984008292767 12273.226411313713 4827.465064697506 9265.478783948513 15678.051151083531 6802.586305937348 28224.838669812576 32927.007540807506 20384.733581651082 11483.721725513184 30471.919800465133 44257.023271038765 55805.04946179484 61148.818215380816 57672.159487986704 34981.218173376954 23890.395592381476 31575.32021307553 24576.640891012717 53471.115905098166 23341.616568 23583.11964584867 21806.314138854217 15949.062000398733 5116.862833222357 25424.114844533673 64532.98389595322 85584.17137329988 61893.6629633226 2405.67559436 111.955239675 86.7870791812 53.80070081864088 0.0 -9999 -9999 -9999 -9999 -9999
8810.55266254 3449.9607425936224 -9999.0 -9999.0 -9999.0 6498.2193825527065 29391.18499797451 12474.638845580805 58973.65945256874 53837.52307796934 61074.54435307743 47580.81837873037 48174.07207659698 26426.16175171508 25470.02523011971 24344.62381144779 1391.0155770672873 7295.041975885718 2591.771999904953 4619.399591133274 2634.9170203125827 2147.5580444687503 1767.775124272194 669.1999329512403 1415.071948788975 17000.22550650535 15075.897488909915 5077.208327364246 4870.463912261406 14639.28847829477 38842.32720410726 51884.393181767984 57835.644767353995 58525.57593811753 87797.37825666874 77294.79581851691 25365.93248021893 20885.69945353948 13546.895072699353 4743.502469459534 30345.93867585869 18293.345435581774 13363.912806747743 4943.790053807588 0.0 24648.821168520757 80138.67503523032 15832.04298191205 1578.89963115 5306.81671406 5641.72853659 228.33760447586587 0.0 -9999 -9999 -9999 -9999 -9999
11419.558594221973 5607.746257943449 3599.4445237039295 4525.900949729665 -9999.0 0.0 16053.105048326848 8560.36583856267 53260.871214520404 18782.301920529164 46712.94637479344 92076.99825170626 13263.50540914356 31103.768464029832 24374.781200669247 13368.63061088464 14390.066966595023 9254.70474470309 0.0 803.4635780711358 0.0 3272.7084030176034 2833.196549028425 2892.329364507728 20293.831604399336 9342.409510903843 10466.697939985797 9508.92941029 11066.811349484537 12346.928124815226 12087.2727041346 9845.3091272109 6158.465433576611 27442.345438107706 53817.78704719985 67994.84698118226 55691.928446015096 41347.258584664494 19638.587103928952 0.0 0.0 15104.926176019262 13292.484418115078 11411.596471960313 7702.997861911894 11372.570167451144 23119.967274073922 21396.394260552835 8881.431960557638 8372.108341509012 10158.575614403226 0.0 0.0 -9999 -9999 -9999 -9999 -9999
15570.700459804195 6576.244422807157 7666.247770229667 0.000519123201799631 -9999.0 564.0564205926098 6303.015331810771 46875.135217252624 48356.663469732135 59739.13569535187 74345.71841894952 45714.89312457113 15353.8685822723 15339.031500423716 35990.752782389085 31510.24441873911 26245.15171437645 12314.49036460096 11299.343699901841 1713.9300932266428 334.0291024550546 251.30330324104676 10884.673846026897 7117.325693648101 0.0 27863.28296951988 44829.18989114142 46146.265513876206 11915.38042172195 17503.405527892053 24935.812972341715 37016.5947411434 35375.258565240016 13024.61343145147 3248.0815020395216 17699.43131912435 26833.261944486003 96864.82682045102 118377.3674678618 59341.5543465816 0.0 33034.997258240626 29980.758506248872 4683.289063155649 0.0 4401.59032316 6766.73241945 5433.366970821666 9091.587706753737 21356.06604632885 3112.5279676136506 0.0 -9999 -9999 -9999 -9999 -9999 -9999
