critload/trunk/output/2010/nload_crit_sw.asc
ncols 720
nrows 360
xllcorner -180
yllcorner -90
cellsize 0.5
NODATA_value -9999
[rows 208 to 233 of 360, columns 232 to 289 of 720]
1243700.1708887105 0.0 0.0 35955.716231775594 91520.36230036679 133086.6661547054 2213527.613525411 3909795.020756007 2883877.6902679536 9455976.328871444 10544178.254410831 10886187.500232268 12908987.455746748 13595882.56740993 12040377.247819174 10421745.77041086 9031475.947744416 11154164.152406972 13327460.871680262 9200099.070073815 10842620.631272813 13177549.41324627 12734859.615263823 13858709.072672203 17728429.328077793 19192089.632017896 19242838.44372902 17999264.335619885 14852252.6974036 13413762.568838798 11544117.242937379 15025867.706590524 15615798.609094042 10834347.835244847 4926906.338594504 8272004.676939132 5164000.997329464 4556082.844805469 6047767.135753832 7090775.247975161 4001182.318936118 4927814.006524668 4530739.417683804 3493904.8135124384 2384504.0283785746 2749770.993405523 2966997.0993397646 1415529.5657303734 66829.0747724944 9073313.698733937 12062717.632748522 -9999.0 -9999.0 -9999.0 -9999.0 -9999.0 -9999.0 -9999.0
899409.8680241926 211028.61288450562 1435.9264011105563 2502.7149966927186 295409.41325053497 688283.7655466964 704346.2240715375 1694933.4823289625 4517995.885294556 6050299.901612607 8957965.354333295 9771571.751925243 9738334.948741727 11708996.89315815 13825999.341156883 10352728.736180644 9640630.171023658 8174720.27782605 8619950.417973094 7554788.53181923 9118986.239561738 15291249.928807877 14718388.21048249 17281116.84944869 17920649.275346253 19411479.87760519 18754357.953798003 14573370.045268483 14242734.13120626 12898493.456124919 18306036.116474252 17112613.580001377 12615202.5319512 6005000.118700744 5140905.209510325 4705538.961171901 3232941.5905882875 2434666.9072876875 4357672.676159512 5865837.11104965 4994772.224345344 4799547.010164244 4600869.841032264 3671696.357886825 4387654.661357532 3369903.073244813 2702750.9155068942 2078235.0933368623 4657003.164230175 11245642.570064269 -9999.0 -9999.0 -9999.0 -9999.0 -9999.0 -9999.0 -9999.0 -9999.0
893805.3885086068 432644.6713628572 0.0 0.0 0.0 389467.73668471357 5629889.200689642 3160691.0237878524 7472418.623126491 6048943.223889349 8827715.355643978 7473677.486517056 6839265.751551806 6914583.8738002125 8576406.149847664 8329569.190644654 10059845.41558157 7228187.591739304 8075659.168664959 12807797.127908407 12561375.37962567 12874774.696550734 12384356.013881542 16611554.012308614 18008746.266228028 17932505.215254165 17659525.815373614 13681152.153424071 13984986.49595432 12848399.23567504 19200876.801457863 13349550.076086195 13284207.449228873 8707819.909450023 4359120.263741127 2557754.6982274787 4158960.3175154245 4052854.758984584 2700793.6854562126 6325533.880108397 5624429.650452237 6610330.969908614 3584190.2423330997 4499772.561893345 4187283.652980973 3571714.8231623787 2895231.836230938 3543402.5915200417 6367232.979297767 12070409.72435019 10631051.158341682 -9999.0 -9999.0 -9999.0 -9999.0 -9999.0 -9999.0 -9999.0
1347263.940626871 101328.56458821928 0.0 0.0 59463.95110048848 72720.95949729545 4454470.647195151 4964395.089301334 6149833.138831274 6585012.622876491 7216003.106840527 6605140.145001537 8262789.866840135 8433481.360194108 8929219.3340494 6542240.6003662 7583498.086431874 11402416.798729356 11543909.971882762 11231358.083881348 10676743.722128041 10582898.558761133 11684832.105546614 14774455.885001179 17754091.30720635 13025522.715229427 18013307.333612863 14224806.472202314 14253911.117060544 13977669.466418851 12933779.80709277 12610877.648820002 10354343.581166971 5884998.608386066 10013119.80234486 5681190.1817066325 4467946.430822628 4103581.4715975155 7405407.924830818 7453042.791125605 7390639.085623113 7075250.151744581 4924088.626661874 4648203.876549165 4576259.818093181 2595430.6872666706 38615.92494231375 4034636.1367029105 6200848.805457038 7499776.36216804 9855304.52585813 -9999.0 -9999.0 -9999.0 -9999.0 -9999.0 -9999.0 -9999.0
1641248.8507307058 16817.537769599734 22056.74497557815 97446.34174985436 0.0 54077.67599704952 2773847.5835224595 6398869.1321757315 6334522.69244501 6335246.454421287 5974068.042582839 6694356.664321964 7770725.36551551 8314550.76605076 7763183.372907226 6356087.377737811 9379435.974001393 10034812.946214544 10941625.999072395 10348121.341191595 11859712.708951317 12129596.245359376 11757898.11652989 13501338.632327138 14332763.624525363 9601707.538120214 12593761.099898214 11932567.961821247 11224124.026287695 11246977.88104195 9470738.77608079 10657842.818288239 12707821.670401856 12396281.270863416 5394532.980776632 7592869.757419913 5629003.176464394 7790731.771775868 6743941.7496963935 7616789.092766915 7799107.93192834 4123447.373928776 4556298.213369846 5336552.475845966 4940077.203938428 3743643.3134320583 3888513.065795886 4642049.671849186 6139418.16185851 16217196.523111733 14469544.072473349 -9999.0 -9999.0 -9999.0 -9999.0 -9999.0 -9999.0 -9999.0
12699.555683929537 0.0 0.0 20611.551580607284 168474.57419932398 13231.378635325971 4035472.563384966 3148957.6479161195 4184114.2171037802 5625427.448266603 4896972.414515204 5528290.464528775 6699364.6126234 6728706.232658491 7790727.854348882 7033682.617731492 8853738.72553409 10396771.857174529 9836937.88591591 9305962.951594664 10731184.772218488 10155208.429115586 11554941.6086092 11827422.431572223 8368765.427471855 8727075.464218698 10109679.574180461 10744681.88615204 8149575.075679919 8003177.690936802 9646483.676291578 9368447.338526726 8433967.06422686 13019063.93912377 11129162.148336343 10859475.592738276 5102263.657113971 6111134.289172446 7661921.634346774 6927405.960532622 7740311.577431936 5510058.087762548 6425426.957841692 4453462.632584435 5105152.734712457 4275014.5354770105 4004247.925511436 4379336.607175669 6932531.294159967 12925136.721795518 -9999.0 -9999.0 -9999.0 -9999.0 -9999.0 -9999.0 -9999.0 -9999.0
26814.90105914587 115806.61179894408 590559.295351543 4695576.7923703585 6072083.815655717 5216054.974251332 5682616.16393439 0.0 36379.92068564381 3961451.522473864 5385932.913713024 5902931.945807135 6641822.142354023 6375471.617677619 5457786.313760297 6968100.1589451395 7837129.556290065 10044174.781344667 9339591.697808396 8641647.554745153 9670279.54943748 9188726.825850934 11869537.807002198 13132802.939857611 11341580.273595558 14494814.719179505 15666169.225782912 13961990.130884577 10253993.02107525 10451712.309162676 9363200.645086246 10631621.410045912 10967249.758695085 14464819.357671568 13441516.37082949 13809876.085554015 10396540.583516298 7624537.188054212 8340641.086905263 8612792.041147072 8317898.6427579755 5339330.6647229735 7496600.79808524 5183408.153355546 3238069.5643603182 2668044.866535837 4578026.015746103 3831306.1192777073 4855970.74846875 12478251.484827276 -9999.0 -9999.0 -9999.0 -9999.0 -9999.0 -9999.0 -9999.0 -9999.0
621802.3861619381 18753.292375198063 9182.953524564442 288085.8261863637 5433033.053059921 6295681.760621301 6146340.434255985 1800.584611643552 12136.250010272463 20572.139225595904 2365847.182217696 558155.9233608013 6288355.172766404 6261003.352194446 5311633.020414389 5536706.180050888 2774509.6910153273 8574826.566489926 9437266.750083484 8704564.673176102 10057536.055137206 10516024.535096863 11336681.73728054 12404664.703282697 13055305.085461149 13382218.629489018 14126260.522602916 12079516.929962108 9328713.195812287 7629142.1306830915 9625218.75026014 10636970.722080907 9388490.499385474 10019395.672454728 12359956.376144454 12870473.096060123 9690883.579695081 8933318.185536297 9370486.996742606 8683720.074528404 6438748.195373558 8844626.437181482 7369433.038729747 5418638.612812363 3519001.29215384 5165233.211390245 4373821.704031615 5804193.814904614 9617544.94052224 7602743.371393504 -9999.0 -9999.0 -9999.0 -9999.0 -9999.0 -9999.0 -9999.0 -9999.0
0.0 0.0 28878.45741866938 0.0 2033007.0762590878 3057511.319682188 4865023.414341751 4961371.957890425 57124.10267230425 8391.095354609413 14048.176652326163 39243.75411915613 5644097.277020814 5057370.057369025 4372282.846056401 5202115.492575925 6317782.689640676 6745673.916775063 7619939.943527863 8957167.995616775 9477301.68670395 9522018.019973526 10822816.634924663 10870141.7228558 11168445.64718355 12974559.972438626 11970468.577842224 9363918.549962765 7913505.063426325 9613333.658395363 9840232.489634251 8812542.546791226 7148049.8434828995 5804220.203206701 10535100.72616375 10428575.906527076 10623223.876759313 7890604.237940188 9006731.4417531 9555890.594643664 5627928.0909687 10508675.205454664 7095137.386351851 4715001.463108888 3960711.0828187377 5254371.578634613 4793586.606752488 6223778.706066488 6928656.3745202385 -9999.0 -9999.0 -9999.0 -9999.0 -9999.0 -9999.0 -9999.0 -9999.0 -9999.0
0.0 0.0 3010.9266182640044 791318.5470718018 674873.5548559603 238446.315588639 3077801.554488787 3244714.0954778176 5642689.74771642 6127310.252861838 5019006.204963556 1640995.5756897738 2543118.753247574 4498271.549126944 4993398.867718862 6077157.53497997 5906034.686823217 6849760.111836083 7228413.8251823 8644613.201423567 8428128.614141097 7856166.578371849 8526531.66547336 8547775.62201508 9817457.865804037 11097999.477477618 10295080.54659511 7406416.231407538 7843031.932686659 10354421.927358082 10368373.871235557 9124958.525501078 8029937.750834217 8498471.872378241 6881956.3600808075 11630380.984588038 9958105.737931008 6281147.190445108 9691530.624594545 9672201.200512083 7659337.114119936 7968883.194404624 7700546.773153019 6166273.568486743 4488857.561688607 4765808.212524296 4870886.600628955 7360176.607908055 3765326.0143652824 -9999.0 -9999.0 -9999.0 -9999.0 -9999.0 -9999.0 -9999.0 -9999.0 -9999.0
11654.012312723298 1895128.5182812228 907459.6293937153 7595.285301774405 441022.4269853055 409398.4771628664 2378720.828767853 2527469.742397037 1920132.2398239698 3114561.3778898786 5199256.693992452 4662256.3528263895 3994135.821153139 4380690.01268918 4251939.44245657 903435.0157283457 5290887.451555676 7005811.686351192 7552758.769532857 7721274.316293067 7478044.610810347 6605544.723587251 7801662.181200836 8047877.853172344 8287365.063232464 8319869.331598706 5949163.723816316 7618773.307071221 9312413.663514933 9657243.348840334 9955422.294400493 9730486.533601418 12136174.302346883 6499794.80610483 5609985.455232523 6261183.417705005 11997878.527507698 8974721.21365718 9773353.238958461 11450846.14870437 8542651.266532945 7784374.317427488 8253085.1970651755 6797961.97181186 5401926.350614306 4518998.348139898 5503572.145514626 4701753.665239224 2764444.139543751 -9999.0 -9999.0 -9999.0 -9999.0 -9999.0 -9999.0 -9999.0 -9999.0 -9999.0
320652.58816193807 3175150.8646435053 1630573.1798456176 0.0 4489.929942108304 5137.86631273773 1758226.6309394687 2413172.526763648 2436316.4717826927 2278269.5205459413 3530941.7449177983 1024745.6130868801 3583274.279873564 4188904.5072984896 5074079.380052881 5220004.555934651 6109306.378039592 6450476.613512542 8162474.852098052 7508498.80558289 5606295.557263032 7256221.949001747 7211818.824613623 7194935.977489196 5582156.640877941 5201648.014642401 7782281.642987709 6889204.679477674 8412614.73778284 8414572.291415818 7001270.852281477 9915203.290902793 8990516.252771161 7245305.491114074 7441859.192618973 12931130.853268195 12472079.663375853 8913282.160961706 8499298.509898534 7150246.857559741 8264544.344768769 7713831.155732392 7684455.374746667 6617137.527167407 6556584.666717161 5053735.644909941 5715584.741904809 6725129.452925684 4465864.594605969 -9999.0 -9999.0 -9999.0 -9999.0 -9999.0 -9999.0 -9999.0 -9999.0 -9999.0
481633.1385074628 1651457.712301345 241163.39533930356 0.0 0.0 278759.515507225 1293879.1380799182 1836602.6275089802 1775958.1734085134 2390910.944048662 2209751.626718359 3282509.911400345 2727261.402206595 5100143.358821406 3734853.914286662 7119105.184628483 6403673.2406091 6853525.826006768 7997011.878989298 5554039.910830488 5327980.481564727 5829984.77360117 5548307.342961579 5344716.286255896 5302951.174401728 2018430.3985277342 5862347.831725428 9572380.779125525 10374266.629956499 7185823.606683096 7531342.121099255 9329009.735740094 11099654.782787759 10336785.63097256 7263488.218207228 7710348.902923734 9515691.839054218 9498343.192319592 7962364.239474224 6794981.5296232235 8331605.328959618 7693095.799232552 7185236.59966144 7098285.429764024 6210343.621717778 5973841.956735902 5407997.594585088 6787618.522001562 -9999.0 -9999.0 -9999.0 -9999.0 -9999.0 -9999.0 -9999.0 -9999.0 -9999.0 -9999.0
1399464.8141224138 413449.8316331771 397528.280650382 0.0 3176.7556628072534 1235486.0567866284 1382670.7610624125 537224.073889098 1603136.7964576574 1963435.8742791994 2910664.2482516635 3931137.50776266 3554283.7287823134 4647694.5896317605 4728166.457157744 7337020.986016555 6570919.511329355 7123425.692869521 6460847.334561397 4196975.594258506 5858424.194685178 4432301.61013899 3881427.573051341 3856648.7565056505 2670331.84549977 3157676.313852676 3070122.017539308 5548105.548117835 8676954.099208614 9706064.178318923 9175848.68459875 10779307.146749804 11685510.063252116 11152399.504741376 10123248.433947919 7756407.497273349 6114619.105082903 7916505.40581732 8455830.008896103 7506340.544996148 6002319.331520778 8306345.308148311 7034148.424890527 6726316.878044377 6863003.160191142 6090774.045486768 5098835.924208357 6739422.508179192 -9999.0 -9999.0 -9999.0 -9999.0 -9999.0 -9999.0 -9999.0 -9999.0 -9999.0 -9999.0
3901466.5409864495 1038411.571768478 301316.6064298674 0.0 35011.71294252204 1501462.2603430385 68765.66114739644 1804421.784267299 3140945.09273266 1813523.9262179 3718559.9914553305 3285793.167830234 4446478.699217095 5179775.304521453 4652001.066538316 5905288.661373833 7267523.975849944 7914445.435294192 6743573.229956595 6116319.86329954 5860288.7700776 2807683.158632955 3462258.4959669197 4976093.808070533 2473510.60760506 3242205.8046370205 2826314.8716940787 3048272.5869452665 5047015.248422161 6713329.823878727 10806828.21800304 9665447.554132223 9922517.136234572 11049097.962834483 9882355.879281405 9486138.056385964 8819688.26378797 8390111.284443455 7083666.735660359 6881396.593755246 8488837.953468883 10172320.807648413 7440694.83312411 7417371.906409375 7015617.0612866115 5408565.130017518 5009862.807777375 -9999.0 -9999.0 -9999.0 -9999.0 -9999.0 -9999.0 -9999.0 -9999.0 -9999.0 -9999.0 -9999.0
274526.4629959664 1157942.5687193999 29585.82058545142 0.0 0.0 162834.39897497933 2221951.088619133 3113480.0795343653 2861072.8308656653 3745705.669994911 2275492.740081728 5257461.374481599 5014734.484855518 5724292.501669344 6288386.277094045 6180315.992394208 7913160.892092179 7875352.370473875 8402496.689453367 8901905.135689823 7383868.118481094 5315723.742558532 4109921.2582401414 3702509.679575959 4280044.165268746 934893.0488517991 3533407.328805705 3649992.628314506 4551801.909903513 6148837.587783356 7146457.103295156 8285241.177918472 9692291.207201032 9214633.08058034 8641237.005035792 9395786.789536545 8623400.579057777 6743534.73170065 6465835.93103631 6539439.234926184 8298739.202268872 10020100.104108064 7988838.190502256 5647514.630140958 5828009.234050035 3802110.1830747635 -9999.0 -9999.0 -9999.0 -9999.0 -9999.0 -9999.0 -9999.0 -9999.0 -9999.0 -9999.0 -9999.0 -9999.0
191815.81581213008 827825.3011941025 8315.300581181142 3257.579013509504 15872.67764953504 1806456.2817355383 2729814.666488293 3528963.472528724 2874142.9231935935 3817434.4216412813 5772393.26594544 6383423.359575051 6587631.833353982 7298633.063467251 7045205.288482769 5078718.248790495 8555231.141110573 9161332.386256281 10340418.864146564 10699526.516888564 9170179.328808367 7690602.190992339 5158517.866327717 5188917.663891156 3400126.3526014592 4746027.772701462 5078431.333798063 5054722.232502384 5776812.08165623 6440268.295214253 6834596.3012734065 4635543.92017194 8660294.32422603 5147239.433748341 8293031.831413113 12038428.117270306 7343848.963781089 9663006.737695757 8441371.920618035 6982875.846056306 7195171.618231732 7427911.902048662 8133982.5123162875 5126947.170821448 2656609.149417921 0.0 -9999.0 -9999.0 -9999.0 -9999.0 -9999.0 -9999.0 -9999.0 -9999.0 -9999.0 -9999.0 -9999.0 -9999.0
507287.0522877027 57911.75086312406 0.0 439388.761195645 716323.4609264489 0.0 0.0 1443217.8984189192 1540692.2911728197 3028755.5382645517 6458610.832273837 7592841.68308263 6000854.81894917 6271827.813615656 6221250.758444896 324730.4629246338 8996955.881373467 10935504.98356744 11528324.674685843 11120211.737780219 8745044.612944264 8343555.594991287 7255791.177752931 5725091.405395563 4756007.344760689 6458173.828897118 6312997.567084709 7192571.493990124 6073038.77476268 6577085.795495591 5789703.570883509 3192316.079456717 7208759.3717315765 5147976.0086944215 7966631.9840042405 8640589.18154007 13087277.519048138 9690667.094234671 8984732.814670343 7898903.368463826 7148573.47077479 4354314.037772431 2943994.6173274308 2803434.33240836 2556269.370925969 -9999.0 -9999.0 -9999.0 -9999.0 -9999.0 -9999.0 -9999.0 -9999.0 -9999.0 -9999.0 -9999.0 -9999.0 -9999.0
1936483.0233745726 1268544.719075776 4476.1244978092 336444.3481481921 954254.3369131263 463541.4114457612 1253025.6610180004 1843407.002928924 3440012.3600408314 3563055.4566547293 6878617.759274605 6494077.240568629 5068673.110002789 6027705.064666212 489431.5240251938 11752.526359448631 5881110.459199402 9701782.040349832 11467559.89121685 11991005.922511263 10139270.91492554 9880750.752631407 6990023.5094342 6524710.253529083 6479445.89981222 9099484.0226322 9100260.815835517 7482339.775111183 4239438.299430169 4129002.5154038826 3259187.8847695454 6330932.864174998 8102822.923224247 9960119.463969728 8354663.398491395 11956021.755055 13442940.412970226 14172853.422472311 12067024.452648873 8030094.313641006 7898371.513827022 -9999.0 -9999.0 -9999.0 -9999.0 -9999.0 -9999.0 -9999.0 -9999.0 -9999.0 -9999.0 -9999.0 -9999.0 -9999.0 -9999.0 -9999.0 -9999.0 -9999.0
1508635.816938267 1116410.2253251346 676584.5588325933 29679.468082991327 7780.579710756781 2161231.2576455493 2452421.906996156 2560787.334147783 3545457.4806353236 4655474.967744161 4294057.861443884 4523477.347418428 4436439.471482774 4866584.37544255 216215.35438129984 132194.21731565156 1119460.0722826065 10062590.326383945 11652090.490647878 12369021.445667693 11065623.070319239 10599943.76018435 10015366.476751678 9359305.592679288 8203529.558950435 9172012.647874821 6651078.748870902 6785378.955424082 6820496.697478147 5943746.939943606 6219531.594577445 6544411.8139105495 7444525.67766201 8148090.52718999 10467951.96311962 10566093.949372599 13520523.992740765 16255298.217200434 -9999.0 -9999.0 -9999.0 -9999.0 -9999.0 -9999.0 -9999.0 -9999.0 -9999.0 -9999.0 -9999.0 -9999.0 -9999.0 -9999.0 -9999.0 -9999.0 -9999.0 -9999.0 -9999.0 -9999.0
1913099.647539718 882902.9454945191 0.0 0.0 0.0 366414.58294523973 3742990.9031387907 4607160.950225095 4442989.401301664 4461108.246604135 4260451.346476762 4821018.163957351 4784336.085547591 2264286.758182701 4526384.7320464775 45715.39659380621 986384.8524059693 2328891.5757680195 6196827.389045915 12775322.684771456 13325597.783353563 13580052.007807374 11440716.1770557 9030934.1815021 9564734.980542175 7484759.646290499 5787106.687442126 8183101.159899681 8599362.88818535 6270124.842090676 6688341.308101127 6576948.080444826 8834240.491348935 10612437.27935531 18784546.724196095 -9999.0 -9999.0 -9999.0 -9999.0 -9999.0 -9999.0 -9999.0 -9999.0 -9999.0 -9999.0 -9999.0 -9999.0 -9999.0 -9999.0 -9999.0 -9999.0 -9999.0 -9999.0 -9999.0 -9999.0 -9999.0 -9999.0 -9999.0
138372.95804928834 270002.9999558938 0.0 0.0 0.0 3755068.740535594 7383249.534642419 6038681.3415076565 5688389.008493814 3225405.4900795505 3341393.924501544 4220570.881711238 5509772.646496544 2894206.7596382694 5638603.4903673 4409371.453897719 4876015.172038944 3608092.0189333824 5057918.238776188 11095344.077591479 13610751.397697438 13456120.583926795 12109728.786065787 11277601.967728265 10432653.036983876 7185071.969392388 8122887.066469881 11374657.21163402 8753193.189099783 5808446.041397232 6978299.9181333445 10218032.161853677 11802191.685007408 14308789.786549125 -9999.0 -9999.0 -9999.0 -9999.0 -9999.0 -9999.0 -9999.0 -9999.0 -9999.0 -9999.0 -9999.0 -9999.0 -9999.0 -9999.0 -9999.0 -9999.0 -9999.0 -9999.0 -9999.0 -9999.0 -9999.0 -9999.0 -9999.0 -9999.0
72115.22993918756 0.0 0.0 0.0 0.0 5454949.586187957 8371801.12751646 10130080.69206369 8867181.478305181 6091030.531614084 3145179.0137524856 5187152.820896042 5916757.824893012 4208773.333115555 5174841.243448005 2686034.1713925563 7938030.528619912 7451702.508750395 10491048.334800925 12563936.81492494 11603277.575706698 13677308.072549753 13729768.809923777 13510539.582694761 10387492.96314177 7485430.3770583775 10746956.69658836 11396644.201855628 8136262.347529751 10338596.934424233 11520457.320174824 10450974.336109832 13246819.36598217 -9999.0 -9999.0 -9999.0 -9999.0 -9999.0 -9999.0 -9999.0 -9999.0 -9999.0 -9999.0 -9999.0 -9999.0 -9999.0 -9999.0 -9999.0 -9999.0 -9999.0 -9999.0 -9999.0 -9999.0 -9999.0 -9999.0 -9999.0 -9999.0 -9999.0
50874.095229449274 38354.234991190344 269126.7735010348 0.0 0.0 5684129.964924085 6896755.683368375 11630352.8114184 7260913.132344189 8128675.128492708 4727672.585893293 6100690.061386454 5119719.344351972 5914288.263185165 5377360.4312147545 2057840.7607678329 3206959.836116434 7305552.799615203 10389193.829839408 7891055.474273228 13196409.380043827 13747632.50085823 13113577.21291134 14283615.792480536 11340757.841029169 8361221.565689278 11206731.72743404 10961880.94192364 8443229.559692726 11699049.165334083 12402862.816335678 12549507.130689448 -9999.0 -9999.0 -9999.0 -9999.0 -9999.0 -9999.0 -9999.0 -9999.0 -9999.0 -9999.0 -9999.0 -9999.0 -9999.0 -9999.0 -9999.0 -9999.0 -9999.0 -9999.0 -9999.0 -9999.0 -9999.0 -9999.0 -9999.0 -9999.0 -9999.0 -9999.0
303769.8854877457 186910.19856817782 0.0 361841.34990953753 2153568.0389119894 2495092.04074513 9224608.618097926 11294329.864718793 10630294.491031889 8087839.909566452 5751188.785611835 5780389.662312722 5773134.709552229 4658004.301102359 5400863.465699046 1424812.159269514 2179208.597072109 4717728.8292703675 4948471.421412127 6482242.64219003 13127586.439828312 14251135.654961824 14014894.646308558 12562787.711081827 9446143.81307608 9377505.95262184 12134664.374758834 10787470.309770832 9111517.660561645 9792939.650026975 9371694.007876921 -9999.0 -9999.0 -9999.0 -9999.0 -9999.0 -9999.0 -9999.0 -9999.0 -9999.0 -9999.0 -9999.0 -9999.0 -9999.0 -9999.0 -9999.0 -9999.0 -9999.0 -9999.0 -9999.0 -9999.0 -9999.0 -9999.0 -9999.0 -9999.0 -9999.0 -9999.0 -9999.0
810060.0495926696 0.0 54819.62548048471 1775005.5829867774 1333362.255723964 4211528.301466959 7539948.522953522 9570806.786541572 10015287.256189115 8229797.071721371 6853434.628594411 5992887.048540614 4478208.442993817 7614522.816714296 8587603.366139807 8692712.311160117 3635468.0053297984 7195255.610892494 4092638.6077831015 5684112.222809358 13474397.162770772 15325829.18719681 15578441.82206969 15415446.769040216 13049392.696629869 11469922.629081573 10813183.015494978 9716636.233652396 9458968.599909522 7842855.703195956 7835440.718873179 -9999.0 -9999.0 -9999.0 -9999.0 -9999.0 -9999.0 -9999.0 -9999.0 -9999.0 -9999.0 -9999.0 -9999.0 -9999.0 -9999.0 -9999.0 -9999.0 -9999.0 -9999.0 -9999.0 -9999.0 -9999.0 -9999.0 -9999.0 -9999.0 -9999.0 -9999.0 -9999.0
