critload/trunk/output/2010/nload_crit_sw_test.asc
ncols 720
nrows 360
xllcorner -180
yllcorner -90
cellsize 0.5
NODATA_value -9999
[rows 196 to 223 of 360, columns 248 to 309 of 720]
-9999 15767472.573255409 -9999 -9999 -9999 -9999 -9999 12785137.494961161 -9999 15228029.282758527 15803479.882270062 14393887.85608202 10699327.729448564 10495911.950226298 14114109.414993431 15146069.054503417 13415350.152340202 10168107.284342937 10286430.71875889 9491275.669414949 5800076.78768911 4591938.470462036 2297165.5357324663 2336561.0622941256 1795528.4906710237 -9999 148142.13536206845 -9999 -9999 84331.20528976936 1148695.1557625502 58062.525571510574 81277.18441367566 254244.24634144723 765711.1487382638 2755803.8624803536 1060843.5172277172 316132.9336458553 364713.228121579 2715788.413581402 4964686.862068785 14222045.995488316 19151693.622137826 -9999.0 -9999.0 -9999.0 -9999.0 -9999.0 -9999.0 -9999.0 -9999.0 -9999.0 -9999.0 -9999.0 -9999.0 -9999.0 -9999.0 -9999.0 -9999.0 -9999.0 -9999.0 -9999.0
-9999 -9999 14115437.187124325 -9999 -9999 -9999 -9999 -9999 13687404.023615243 12575993.554143252 13309574.190117363 13262115.174482632 11918711.799189715 8922925.296401527 9778628.856791284 15236617.527531877 13165509.003782699 9931582.450539766 10144052.69290026 9403585.278197471 7032188.1356315855 3568773.3425682634 1361963.290075467 1718291.831791475 1437813.3975125363 1365367.7367498113 815109.845524351 -9999 -9999 1266377.1809258873 1186797.3443532845 72212.43357466001 525885.4091464714 514436.9595591303 359449.10706576105 162775.5353439624 152541.35578580707 1916629.4272727505 1137697.8484393824 4973178.499978515 7803659.027691476 16424765.815496748 -9999 -9999.0 -9999.0 -9999.0 -9999.0 -9999.0 -9999.0 -9999.0 -9999.0 -9999.0 -9999.0 -9999.0 -9999.0 -9999.0 -9999.0 -9999.0 -9999.0 -9999.0 -9999.0 -9999.0
-9999 15051310.013786819 14630023.508011388 -9999 -9999 -9999 -9999 -9999 -9999 13831682.319720346 18590102.6741454 14581155.653782744 22780657.036817517 12014284.924212486 16860154.719816167 14011943.630775888 10824794.838752456 8866148.260474017 8847588.929846449 8389607.91691554 6870382.597477758 2595689.7878783303 2841758.3386429944 1691864.3350905464 1194158.896404096 1821223.1992257913 -9999 -9999 47637.04199586221 163735.4448397056 1593464.4664013777 1396961.2439278248 37766.78655260863 26892.947221936185 18255.38431382233 817312.5611386136 -9999 677844.0827481847 3012522.874216607 6748213.62413326 9993556.665185472 13324004.174393296 -9999.0 -9999.0 -9999.0 -9999.0 -9999.0 -9999.0 -9999.0 -9999.0 -9999.0 -9999.0 -9999.0 -9999.0 -9999.0 -9999.0 -9999.0 -9999.0 -9999.0 -9999.0 -9999.0 -9999.0
14108548.808656588 19804728.355453853 20029891.353729896 18982022.92290157 -9999 -9999 -9999 13892719.509151865 13266328.482388707 13217748.005259411 18397162.580468457 21486753.417469297 15572583.071305878 12189642.774882846 16693083.917118385 15151257.145552702 11989130.416873727 9181575.573429525 8348943.834084676 6198562.538380927 4401719.322049641 2419143.4909083657 2230936.77818787 1469526.9716936997 855975.8193388116 -9999 -9999 442044.68036169745 440076.793092992 -9999 127107.98081962949 415224.28967953986 56548.999666048156 96174.53966982351 10539.458490521298 61407.70080432993 464366.77670012007 1158712.655211783 2422641.5377686443 7194461.652766155 13164114.350816038 -9999.0 -9999.0 -9999.0 -9999.0 -9999.0 -9999.0 -9999.0 -9999.0 -9999.0 -9999.0 -9999.0 -9999.0 -9999.0 -9999.0 -9999.0 -9999.0 -9999.0 -9999.0 -9999.0 -9999.0 -9999.0
17170435.684258748 17980056.245287545 17586849.97948049 18053445.944454573 20434352.256778717 -9999 19886496.608075503 19678613.81152355 18210581.181547884 19071358.53515939 18591225.417415515 22338774.95157707 21782127.43979762 14159391.105015859 16454201.748653626 14805486.691494506 11797942.425541533 8128928.100929773 6423220.304585854 6704152.944600983 5720234.2408414 2459360.2993032667 1840797.3017457472 881317.1979552505 -9999 33160.98224256937 -9999 164782.26602413552 249920.8853686661 -9999 993405.5568403315 972929.2543439821 -9999 1021086.8743611888 -9999 184565.19073165042 1020600.2694141386 3192156.6592768654 2546951.6628458723 8133744.557813717 -9999.0 -9999.0 -9999.0 -9999.0 -9999.0 -9999.0 -9999.0 -9999.0 -9999.0 -9999.0 -9999.0 -9999.0 -9999.0 -9999.0 -9999.0 -9999.0 -9999.0 -9999.0 -9999.0 -9999.0 -9999.0 -9999.0
16287490.218118232 20724335.10684513 19081146.634864096 20164164.404189844 19529263.510172747 -9999 19644763.32930372 19532984.033651255 23545061.87357238 22125658.115985546 21763850.735793997 21484681.68065297 20446836.275287125 12864118.759339921 12352249.526322871 10296747.496293632 13419575.135131994 9455038.357758282 -9999 3951481.0032866127 4249480.01702801 4149975.883408079 3926975.8819439155 837695.3711397834 374700.9680879815 49576.569351509315 906196.1055512951 214437.23020335997 119241.93005537432 1661667.7091999492 704430.5573335888 387425.16971005383 461511.827337154 730011.0663302396 216185.5608627051 979458.2165334031 2406637.6474320553 6101078.73490327 4750028.13004697 -9999.0 -9999.0 -9999.0 -9999.0 -9999.0 -9999.0 -9999.0 -9999.0 -9999.0 -9999.0 -9999.0 -9999.0 -9999.0 -9999.0 -9999.0 -9999.0 -9999.0 -9999.0 -9999.0 -9999.0 -9999.0 -9999.0 -9999.0
15577808.85646317 15086569.881970745 19865479.63263628 17814408.98181768 -9999 -9999 18023410.53533197 17668962.433502782 19621432.661061022 21196873.45937791 20484089.985608496 20208283.610002592 16378677.523506584 13025398.761820346 11768207.944552865 11115072.728731833 9015853.935646277 7891141.926250754 9400372.062050335 6805097.578192787 6494437.89489886 6157553.076816763 1342721.8046781223 4529169.804800372 3308812.795607731 1959522.7094102667 112600.15768664918 327047.50023961323 639032.9293322818 323334.4383444139 499115.86966507166 1708196.4269214782 762058.5727313965 -9999 1002388.8122010547 1268437.159883981 4418744.019969813 7866081.469838797 -9999.0 -9999.0 -9999.0 -9999.0 -9999.0 -9999.0 -9999.0 -9999.0 -9999.0 -9999.0 -9999.0 -9999.0 -9999.0 -9999.0 -9999.0 -9999.0 -9999.0 -9999.0 -9999.0 -9999.0 -9999.0 -9999.0 -9999.0 -9999.0
19538165.217134327 19271428.07828527 18886298.62209376 16849483.307653133 -9999 -9999 16813509.906438045 16149579.371411217 15709067.341371877 19542771.313925702 19684755.50972928 20184205.32978206 19238327.92335662 14317883.34502383 12274191.285467278 12019470.80465367 9486468.455840293 6733826.555483185 9157400.706149662 6275150.366177774 6929995.303754683 5789505.978936269 7254788.836032956 5227211.815975189 1650434.0596711873 2512557.728981261 -9999 2255023.638662873 1341198.594428944 445327.8566919378 308978.8479941343 3381906.0680314573 1517058.2252719817 874972.312129133 1625807.9480398446 3345679.6741359523 6330612.5121804215 -9999 -9999.0 -9999.0 -9999.0 -9999.0 -9999.0 -9999.0 -9999.0 -9999.0 -9999.0 -9999.0 -9999.0 -9999.0 -9999.0 -9999.0 -9999.0 -9999.0 -9999.0 -9999.0 -9999.0 -9999.0 -9999.0 -9999.0 -9999.0 -9999.0
19472195.90026085 17398234.698242262 17181858.34635498 17166707.357004203 -9999 16659106.917929998 15094964.017035367 15245423.40720155 15700148.46561701 19522446.652022358 18650026.3275379 20119398.614911854 14363541.623934997 13789529.992861532 12549002.14983946 11935299.549656505 10830770.044259647 6241101.810938064 9535102.584532635 9500167.418985985 7032334.538976101 5918823.117374038 6917269.66907355 2988445.487519267 2318147.141906297 3695063.081514179 3172114.784747687 2620636.9182934877 2592499.6433868036 216423.19284774904 241904.79670507676 2514990.541100772 2047909.621963513 1818222.035242924 4194071.00938292 3820713.701198084 7865923.054089777 -9999.0 -9999.0 -9999.0 -9999.0 -9999.0 -9999.0 -9999.0 -9999.0 -9999.0 -9999.0 -9999.0 -9999.0 -9999.0 -9999.0 -9999.0 -9999.0 -9999.0 -9999.0 -9999.0 -9999.0 -9999.0 -9999.0 -9999.0 -9999.0 -9999.0
22561024.595246375 16464887.160750287 14396856.717063162 15653831.401217278 13897758.341558587 14675381.418576984 14200293.390814777 13684600.540209377 17162857.956345085 18951703.157378722 19172211.913204744 16152321.58043437 15923039.521674832 12285886.391428223 13059277.490442002 12801882.900552113 9831339.237285757 10933408.447579352 12581087.334125383 6983960.722492233 5612297.21716705 5269107.45130966 3677188.954420519 5412544.081308114 206806.82009620697 5254665.963156073 442999.96130309283 3996620.4645774127 2487596.1027266057 3259261.3089433005 1999658.640196819 2013237.8544771029 1681637.2971123534 1272985.666447788 4826624.585490678 14425285.18971332 -9999.0 -9999.0 -9999.0 -9999.0 -9999.0 -9999.0 -9999.0 -9999.0 -9999.0 -9999.0 -9999.0 -9999.0 -9999.0 -9999.0 -9999.0 -9999.0 -9999.0 -9999.0 -9999.0 -9999.0 -9999.0 -9999.0 -9999.0 -9999.0 -9999.0 -9999.0
19000399.671233308 16885817.130131427 14304713.55408741 13802614.693819404 13608590.09762808 13402187.538720407 14066432.224449636 17385286.428543605 18657914.7980948 19038841.2896693 19363193.723405417 15484019.753370069 14060956.886428028 12367902.910505466 12654490.491728477 15436649.311576124 11199728.429848189 9741764.821566943 10701532.543823192 7923516.155891181 4778748.0588766 5310179.552445434 5832032.499441532 8566108.05157063 7927854.364089501 5306316.14543354 4292647.138258481 4525315.813210037 2776285.7813417437 2630894.41428079 2171756.767563426 1504664.2476223428 1224824.8247504584 3786069.0525558894 3245664.683090089 -9999.0 -9999.0 -9999.0 -9999.0 -9999.0 -9999.0 -9999.0 -9999.0 -9999.0 -9999.0 -9999.0 -9999.0 -9999.0 -9999.0 -9999.0 -9999.0 -9999.0 -9999.0 -9999.0 -9999.0 -9999.0 -9999.0 -9999.0 -9999.0 -9999.0 -9999.0 -9999.0
14379205.912776982 15419651.85775788 11095140.139320416 13330712.486848427 13252652.033037884 14168374.77066155 17681123.673982773 17179898.11105841 12774670.519942988 18590127.503753867 19176023.771701995 18782710.056586094 13164497.729195671 13550307.109327437 13061309.912703704 15137680.42197228 10797858.63039689 8647214.498513022 5004403.001901015 8764678.835076045 6117639.180400787 3475099.8938976456 3697353.234616895 4778178.513764065 5365500.791865499 5643765.261681164 5128885.595400354 3447385.136310317 3179826.023308082 3032799.8237498933 2363779.2026966847 1268244.5045342715 1025540.8966130952 6880384.059549277 8678425.84705231 -9999.0 -9999.0 -9999.0 -9999.0 -9999.0 -9999.0 -9999.0 -9999.0 -9999.0 -9999.0 -9999.0 -9999.0 -9999.0 -9999.0 -9999.0 -9999.0 -9999.0 -9999.0 -9999.0 -9999.0 -9999.0 -9999.0 -9999.0 -9999.0 -9999.0 -9999.0 -9999.0
10079873.757380538 11154047.593588345 13327327.159636326 9200011.844368812 10842523.174583454 13177401.629474306 12734707.478247812 13858518.901483508 17728151.535517488 19191739.967540637 19242542.67671254 17999011.09561836 14852052.039384035 13413595.629030619 11543975.791133435 15025694.973068587 15615798.609096637 10834347.83524757 4926906.33859392 8272004.676940041 5164000.997329935 4556082.844807557 6047688.301975823 7090694.342487702 4001157.80954267 4927748.207186977 4530689.992257671 3493862.1135637015 2384504.0283783274 2749770.9934061556 2966997.099339522 1415529.565730413 1061631.8577113564 9073313.698737044 12062702.350494664 -9999.0 -9999.0 -9999.0 -9999.0 -9999.0 -9999.0 -9999.0 -9999.0 -9999.0 -9999.0 -9999.0 -9999.0 -9999.0 -9999.0 -9999.0 -9999.0 -9999.0 -9999.0 -9999.0 -9999.0 -9999.0 -9999.0 -9999.0 -9999.0 -9999.0 -9999.0 -9999.0
9640568.47455013 8174661.818078117 8619899.515132101 7554747.716118454 9118928.90648986 15291078.25509972 14718233.468677925 17280848.939876832 17920351.486174066 19411182.09642707 18754103.61511178 14573212.528837426 14242734.131206255 12898375.841924686 18305795.982305065 17112379.03023409 12615202.53194758 6005000.118702244 5140905.209510779 4705538.961172293 3232914.230307214 2434646.8811589344 4357672.6761595905 5865781.56731094 4994757.224088909 4799490.626148248 4600812.974877341 3671645.1478308258 4387623.336032561 3369877.2508928212 2702748.321249488 2078235.0933368623 4656972.921577536 11245642.570064269 -9999.0 -9999.0 -9999.0 -9999.0 -9999.0 -9999.0 -9999.0 -9999.0 -9999.0 -9999.0 -9999.0 -9999.0 -9999.0 -9999.0 -9999.0 -9999.0 -9999.0 -9999.0 -9999.0 -9999.0 -9999.0 -9999.0 -9999.0 -9999.0 -9999.0 -9999.0 -9999.0 -9999.0
10059754.263234483 7228140.8820618875 8075615.9105717 12807713.494964361 12561285.694166599 12874662.722510595 12384197.250915334 16611356.59913287 18008501.782977358 17932270.551619224 17659315.625974577 13680988.426801058 13984885.044395443 12848301.065879747 19200876.801443096 13349550.076102614 13284207.449227046 8707724.978426667 4359120.263740826 2557754.698228496 4158909.4984384347 4052854.758981753 2700793.685456964 6325486.015811953 5624384.893599027 6610287.370591985 3584174.5844003404 4499726.515196696 4187283.652980973 3571686.9107065564 2895231.836231263 3543402.591520041 6367232.979299442 12070409.724350192 10631039.101891361 -9999.0 -9999.0 -9999.0 -9999.0 -9999.0 -9999.0 -9999.0 -9999.0 -9999.0 -9999.0 -9999.0 -9999.0 -9999.0 -9999.0 -9999.0 -9999.0 -9999.0 -9999.0 -9999.0 -9999.0 -9999.0 -9999.0 -9999.0 -9999.0 -9999.0 -9999.0 -9999.0
7583423.647044798 11402341.50907662 11543795.365518175 11231232.708057797 10676627.995411025 10582766.222486917 11684680.835939165 14774304.795682043 17753924.828885116 13025404.254572134 18013082.48569315 14224806.472197719 14253793.2418996 13977522.68312655 12933647.821914177 12610767.111003723 10354307.317837056 5884946.921707428 10013003.89558954 5681190.181705174 4467946.430820024 4103525.7292122627 7405305.4459395725 7452981.128345516 7390578.826748295 7075192.822027007 4924053.577941369 4648160.94331593 4576214.057221164 2595412.963870731 553894.2422214925 4034636.1367026162 6200848.805458231 7499776.362172153 9855304.525859203 -9999.0 -9999.0 -9999.0 -9999.0 -9999.0 -9999.0 -9999.0 -9999.0 -9999.0 -9999.0 -9999.0 -9999.0 -9999.0 -9999.0 -9999.0 -9999.0 -9999.0 -9999.0 -9999.0 -9999.0 -9999.0 -9999.0 -9999.0 -9999.0 -9999.0 -9999.0 -9999.0
9379319.064865706 10034738.580298139 10941550.86537841 10348022.055387188 11859588.092666171 12129454.575638706 11757783.39922841 13501196.274643887 14332598.417053498 9601610.021485532 12593651.003753625 11932467.319651349 11224053.64475733 11246898.204172658 9470677.253950609 10657753.625051914 12707742.70300574 12396162.849393055 5394488.586806619 7592802.662827113 5629003.176463875 7790623.787935838 6743847.059218502 7616694.548424823 7799051.173999141 4123447.373928776 4556250.25764954 5336515.583332878 4940030.919827962 3743627.980803028 3888495.7153423643 4642049.671849186 6139383.077316043 16217196.523116168 14469544.07247343 -9999.0 -9999.0 -9999.0 -9999.0 -9999.0 -9999.0 -9999.0 -9999.0 -9999.0 -9999.0 -9999.0 -9999.0 -9999.0 -9999.0 -9999.0 -9999.0 -9999.0 -9999.0 -9999.0 -9999.0 -9999.0 -9999.0 -9999.0 -9999.0 -9999.0 -9999.0 -9999.0
8853588.799171213 10396668.612105027 9836876.644385733 9305880.335992154 10731088.564465687 10155091.93072014 11554825.230836768 11827294.686124943 8368692.473898288 8727010.67798955 10109584.633109486 10744600.205308774 8149530.055424865 10412146.795398822 9646433.10133021 9368395.981616393 8433907.789690686 13018933.557912445 11129027.920709187 10859336.970044985 5102263.657113971 6111069.0053563565 7661858.8240323225 6927311.871427171 7740257.819305647 5510058.087764118 6425426.957840454 4453436.45157884 5105124.008664351 4274991.30631614 4004230.366260365 4379314.262639445 6932531.2941573225 12925018.918549655 -9999.0 -9999.0 -9999.0 -9999.0 -9999.0 -9999.0 -9999.0 -9999.0 -9999.0 -9999.0 -9999.0 -9999.0 -9999.0 -9999.0 -9999.0 -9999.0 -9999.0 -9999.0 -9999.0 -9999.0 -9999.0 -9999.0 -9999.0 -9999.0 -9999.0 -9999.0 -9999.0 -9999.0
7837129.5562927835 10044057.311157584 9339533.011633199 8641583.654829912 9670179.81236559 9188632.960199794 11869439.58585939 13132698.003573745 11341498.2377581 14494725.280062713 15666063.527159592 13961886.30597859 10253918.62216033 10451629.606335819 9363136.058172239 10631541.059451126 10967175.474334521 14464682.057638627 13441344.883759242 13809673.791264843 10396382.964190282 7624424.350573992 8340560.580399711 8612687.089155365 8317797.562268192 5339330.664722449 7496529.776364429 5183360.008014508 3238054.7125870446 2668035.7601760724 4577998.172394863 3831306.1192777073 4855970.748469207 12478251.484828638 -9999.0 -9999.0 -9999.0 -9999.0 -9999.0 -9999.0 -9999.0 -9999.0 -9999.0 -9999.0 -9999.0 -9999.0 -9999.0 -9999.0 -9999.0 -9999.0 -9999.0 -9999.0 -9999.0 -9999.0 -9999.0 -9999.0 -9999.0 -9999.0 -9999.0 -9999.0 -9999.0 -9999.0
2774509.691015368 8574715.64625438 9437211.165628213 8704490.602073481 10057440.666940369 10515926.367071744 11336597.588534586 12404586.21565174 13055218.410336375 13382132.878761768 14126170.35892328 12079450.659742052 9328667.41406076 7629102.602019312 9625155.343907915 10636970.722076053 9388490.499383882 10019327.187849382 12359793.429269385 12870277.923804773 9690883.579687398 8933204.32123424 9370486.996740201 8683720.074530408 6438669.945647721 8844529.543612279 7369358.032540853 5418595.747167538 3518987.1737471614 5165198.983676938 4373797.028642783 5804151.017612311 9617544.940519294 7602743.371393504 -9999.0 -9999.0 -9999.0 -9999.0 -9999.0 -9999.0 -9999.0 -9999.0 -9999.0 -9999.0 -9999.0 -9999.0 -9999.0 -9999.0 -9999.0 -9999.0 -9999.0 -9999.0 -9999.0 -9999.0 -9999.0 -9999.0 -9999.0 -9999.0 -9999.0 -9999.0 -9999.0 -9999.0
6317687.856029637 6745584.801570915 7619880.784128831 8957094.693757793 9477231.52647854 9521942.41746638 10822740.862660617 10870054.446559656 11168359.604274102 12974438.779818041 11970384.732856285 9363858.378992343 7913466.409780128 9613282.876680642 9840158.26483411 8812464.86676976 7147991.876406206 5804181.473581279 10534990.36628289 10428433.862485688 10623223.876750797 7890604.237940188 9006590.54431754 9555782.41891494 5627928.090970527 10508541.306895765 7095079.214013127 4714966.686486978 3960686.263156603 5254334.456045401 4793556.322435703 6223748.020149343 6928656.374520238 -9999 -9999.0 -9999.0 -9999.0 -9999.0 -9999.0 -9999.0 -9999.0 -9999.0 -9999.0 -9999.0 -9999.0 -9999.0 -9999.0 -9999.0 -9999.0 -9999.0 -9999.0 -9999.0 -9999.0 -9999.0 -9999.0 -9999.0 -9999.0 -9999.0 -9999.0 -9999.0 -9999.0 -9999.0
5906034.686825238 6849676.817408684 7228374.501768286 8644556.593062142 8428066.345189001 7856100.571902228 8526479.392525243 8547705.634519223 9817367.408365702 11097905.622516753 10295005.375620456 7406362.47781544 7842980.891200142 10354359.107407901 10368296.450535178 9124928.07494089 8029887.212021327 8498399.398530524 6881916.8663683385 11630255.38584988 9958105.73792642 6281081.076278106 9691410.528935175 9672096.68156068 7659250.2556155855 7968794.213227209 7700459.723723229 6166214.2738371305 4488843.83568011 4765779.492007634 4870862.034612298 7360123.9329921 3765314.841217204 -9999.0 -9999.0 -9999.0 -9999.0 -9999.0 -9999.0 -9999.0 -9999.0 -9999.0 -9999.0 -9999.0 -9999.0 -9999.0 -9999.0 -9999.0 -9999.0 -9999.0 -9999.0 -9999.0 -9999.0 -9999.0 -9999.0 -9999.0 -9999.0 -9999.0 -9999.0 -9999.0 -9999.0 -9999.0
5290829.0684649255 7005745.126227036 7552714.678995207 7721228.276409427 7477983.049837324 6605499.5903820535 7801587.195987982 8047786.388009932 8287312.219879635 8319803.265657818 5949119.174266829 7618714.902554704 9312337.785725612 9657155.0921442 9955340.251106087 9730415.491594167 12136094.707867287 6499748.753406977 5609952.972139795 6261140.900530014 11997716.549051799 8974629.191383801 9773273.40044602 11450751.896402402 8542651.266532943 7784305.208246897 8253027.908287653 6797914.584751523 5401895.0801103385 4518973.607968146 5503535.528283758 4701732.3563319165 2764432.1879211203 -9999.0 -9999.0 -9999.0 -9999.0 -9999.0 -9999.0 -9999.0 -9999.0 -9999.0 -9999.0 -9999.0 -9999.0 -9999.0 -9999.0 -9999.0 -9999.0 -9999.0 -9999.0 -9999.0 -9999.0 -9999.0 -9999.0 -9999.0 -9999.0 -9999.0 -9999.0 -9999.0 -9999.0 -9999.0
6109306.37803985 6450428.974996325 8162413.753195067 7508451.145718932 5606255.9408007525 7256167.130553757 7211747.293574015 7194873.943793949 5582116.963063077 5201614.501438094 7782222.1185856 6889161.592410715 8412548.470328974 8414512.27762399 7001223.526365263 9915128.308110848 8990470.659204148 7245256.106357268 7441803.813759505 12930978.575691655 12471952.332711434 8913206.989437558 8499245.215256695 10561602.45894311 13646792.308440264 7713779.547280937 7684403.145895071 6617098.591013085 6556534.779140044 5053704.31740351 5715554.761556019 6725082.64138426 4465864.59460598 -9999.0 -9999.0 -9999.0 -9999.0 -9999.0 -9999.0 -9999.0 -9999.0 -9999.0 -9999.0 -9999.0 -9999.0 -9999.0 -9999.0 -9999.0 -9999.0 -9999.0 -9999.0 -9999.0 -9999.0 -9999.0 -9999.0 -9999.0 -9999.0 -9999.0 -9999.0 -9999.0 -9999.0 -9999.0
6403631.70045483 6853491.040340992 7997011.87898937 5553997.352376886 5327940.472143713 5829943.600499766 5548261.305828077 5344684.829451845 5302914.30401595 2018425.4470469716 5862321.319602021 9572316.202134462 10374190.125885729 7185785.751652561 7531303.151910761 9328971.371516157 11099601.171589587 10336715.25472604 7263435.467233069 7710293.110035232 9515621.971922303 9498274.19015517 7962323.945167157 6794953.105821967 8331605.328966666 7693039.923482312 7185192.850329436 7098247.252598645 6210314.69429489 5973813.901767641 5407965.930871589 8001843.786940494 -9999.0 -9999.0 -9999.0 -9999.0 -9999.0 -9999.0 -9999.0 -9999.0 -9999.0 -9999.0 -9999.0 -9999.0 -9999.0 -9999.0 -9999.0 -9999.0 -9999.0 -9999.0 -9999.0 -9999.0 -9999.0 -9999.0 -9999.0 -9999.0 -9999.0 -9999.0 -9999.0 -9999.0 -9999.0 -9999.0
6570866.597579378 7123375.168655096 6460807.231217454 4196947.507905309 5858382.267724782 4432270.26567608 3881404.319210754 3856625.3652549456 2670323.0723963156 3157671.7343379743 3070115.2783541325 5548070.71144597 8676896.813914482 9706025.444188714 9175809.652587734 10779261.973761763 11685456.08140014 11152337.63279698 10123203.387716748 7756365.509034369 6114587.882911348 7916462.578753954 8455767.405538313 7506340.544998321 6002295.787815722 8306284.306847798 7034108.73778823 6726281.905662836 6862966.8773359265 6090747.547125081 5098815.872198811 -9999 -9999.0 -9999.0 -9999.0 -9999.0 -9999.0 -9999.0 -9999.0 -9999.0 -9999.0 -9999.0 -9999.0 -9999.0 -9999.0 -9999.0 -9999.0 -9999.0 -9999.0 -9999.0 -9999.0 -9999.0 -9999.0 -9999.0 -9999.0 -9999.0 -9999.0 -9999.0 -9999.0 -9999.0 -9999.0 -9999.0
7267465.491460035 7914398.03165511 6743527.939831155 6116280.324653851 5860251.64481278 2807669.1550461343 3462240.527364029 4976067.389835229 2473508.365937728 3242187.9131194344 2826303.539505331 3174873.0080106743 5046992.358700253 6713299.218608752 10806773.797479276 9665411.669167457 9922493.50419683 11049030.768154494 9882293.68580684 9486086.372338887 8819653.046264356 8390068.418564891 7083622.903934587 6881339.960472064 8488783.858792566 10172244.980223678 7440657.955016945 7417327.643708366 7015580.756966105 5408537.539976386 5009856.813217889 -9999.0 -9999.0 -9999.0 -9999.0 -9999.0 -9999.0 -9999.0 -9999.0 -9999.0 -9999.0 -9999.0 -9999.0 -9999.0 -9999.0 -9999.0 -9999.0 -9999.0 -9999.0 -9999.0 -9999.0 -9999.0 -9999.0 -9999.0 -9999.0 -9999.0 -9999.0 -9999.0 -9999.0 -9999.0 -9999.0 -9999.0
7913111.054510988 7875311.718152445 8402448.070460906 8901852.519077336 7383823.493483454 5315689.754216876 4109896.345721812 3702502.6217398606 4280023.46129543 934893.0177368359 3533392.259331452 3649970.3833181444 4551780.287514174 6148805.5537844505 7146420.605181467 8285208.431944968 9692229.83915357 9214588.062569898 8641207.659330113 9395733.412642024 8623358.994797332 6743511.9162498135 6465835.93103631 6539371.243261965 8298677.312606555 10020051.625197003 7988787.372210287 5647483.736535238 5827983.34008259 5190511.727473747 -9999.0 -9999.0 -9999.0 -9999.0 -9999.0 -9999.0 -9999.0 -9999.0 -9999.0 -9999.0 -9999.0 -9999.0 -9999.0 -9999.0 -9999.0 -9999.0 -9999.0 -9999.0 -9999.0 -9999.0 -9999.0 -9999.0 -9999.0 -9999.0 -9999.0 -9999.0 -9999.0 -9999.0 -9999.0 -9999.0 -9999.0 -9999.0
