critload/trunk/output/2010/nload_var_nat.asc
ncols 720
nrows 360
xllcorner -180
yllcorner -90
cellsize 0.5
NODATA_value -9999
[rows 26 to 51 of 360, columns 464 to 521 of 720]
-9999.0 -9999.0 -9999.0 -9999.0 -9999.0 -9999.0 -9999.0 -9999.0 -9999.0 -9999.0 -9999.0 -9999.0 -9999.0 -9999.0 -9999.0 -9999.0 -9999.0 -9999.0 -9999.0 -9999.0 -9999.0 -9999.0 -9999.0 -9999.0 -9999.0 -9999.0 -9999.0 -9999 -9999 0.0 0.0 52.03353879782246 1326.839560058617 505.7308512465035 -9999 -9999.0 -9999.0 -9999.0 -9999.0 -9999.0 -9999.0 -9999.0 -9999.0 -9999.0 -9999.0 -9999.0 -9999.0 -9999.0 -9999.0 -9999.0 -9999.0 -9999.0 -9999.0 -9999.0 -9999.0 -9999.0 -9999.0 -9999.0
-9999.0 -9999.0 -9999.0 -9999.0 -9999.0 -9999.0 -9999.0 -9999.0 -9999.0 -9999.0 -9999.0 -9999.0 -9999.0 -9999.0 -9999.0 -9999.0 -9999 -9999 -9999 -9999 -9999 -9999 -9999 0.0 0.0 0.0 0.0 62.217156565565496 866.0540639317828 1156.43810864128 1122.2604709047064 1187.5821902733264 838.7170690869685 126.89188360441688 -9999.0 -9999.0 -9999.0 -9999.0 -9999.0 -9999.0 -9999.0 -9999.0 -9999.0 -9999.0 -9999.0 -9999.0 -9999.0 -9999.0 -9999.0 -9999.0 -9999.0 -9999.0 -9999.0 -9999.0 -9999.0 -9999.0 -9999.0 -9999.0
-9999.0 -9999.0 -9999.0 -9999.0 -9999.0 -9999.0 -9999.0 -9999.0 -9999.0 -9999.0 -9999.0 -9999.0 -9999 24.840581080534037 0.0 0.0 195.2506797347936 0.0 4.076992652553528 192.62540785790992 241.0368937334826 72.69692950760698 1060.0280906373955 1628.8171320845038 215.973820054175 634.8714276292455 441.58606407611137 209.95561148903218 24.757786008810157 -9999.0 -9999.0 -9999.0 -9999.0 -9999.0 -9999.0 -9999.0 -9999.0 -9999.0 -9999.0 -9999.0 -9999.0 -9999.0 -9999.0 -9999.0 -9999.0 -9999.0 -9999.0 -9999.0 -9999.0 -9999.0 -9999.0 -9999.0 -9999.0 -9999.0 -9999.0 -9999.0 -9999.0 -9999.0
-9999.0 -9999.0 -9999.0 -9999.0 -9999.0 -9999.0 -9999.0 -9999 -9999 55.949016109052884 91.59203166226092 275.73404147945365 540.8244619271309 158.4093420258627 34.26614474631189 1372.2309603089652 1758.9844495225254 593.8171616787976 899.0147240887708 529.4644348105196 459.3597601860971 -9999.0 -9999.0 -9999.0 -9999.0 -9999.0 -9999.0 -9999.0 -9999.0 -9999.0 -9999.0 -9999.0 -9999.0 -9999.0 -9999.0 -9999.0 -9999.0 -9999.0 -9999.0 -9999.0 -9999.0 -9999.0 -9999.0 -9999.0 -9999.0 -9999.0 -9999.0 -9999.0 -9999.0 -9999.0 -9999.0 -9999.0 -9999.0 -9999.0 -9999.0 -9999.0 -9999.0 -9999.0
-9999.0 -9999.0 -9999.0 -9999.0 -9999.0 -9999.0 -9999.0 -9999 1638.6443302987436 1240.4280592558764 461.5381161011054 718.2803697689656 1479.45632539482 3479.767619585351 4469.145452387503 5027.90011097935 2141.247357313093 149.53238949485544 -9999.0 -9999.0 -9999.0 -9999.0 -9999.0 -9999.0 -9999.0 -9999.0 -9999.0 -9999.0 -9999.0 -9999.0 -9999.0 -9999.0 -9999.0 -9999.0 -9999.0 -9999.0 -9999.0 -9999.0 -9999.0 -9999.0 -9999.0 -9999.0 -9999.0 -9999.0 -9999.0 -9999.0 -9999.0 -9999.0 -9999.0 -9999.0 -9999.0 -9999.0 -9999.0 -9999.0 -9999 -9999.0 -9999.0 -9999.0
-9999.0 -9999.0 -9999.0 -9999.0 -9999.0 -9999 46.99098655814124 2535.3796567286245 2252.161476504198 2077.6614816298425 5937.742047341313 6831.3984346012 5320.350583796584 1183.4309075986823 204.419996284254 -9999.0 -9999.0 -9999.0 -9999.0 -9999.0 -9999.0 -9999.0 -9999.0 -9999.0 -9999.0 -9999.0 -9999.0 -9999.0 -9999.0 -9999.0 -9999.0 -9999.0 -9999.0 -9999.0 -9999.0 -9999.0 -9999.0 -9999.0 -9999.0 -9999.0 -9999.0 -9999.0 -9999.0 -9999.0 -9999.0 -9999.0 -9999.0 -9999.0 -9999.0 -9999.0 -9999.0 -9999.0 -9999.0 -9999.0 -9999.0 -9999.0 -9999.0 -9999.0
-9999.0 -9999.0 -9999.0 -9999 493.5214263598665 3926.400800755533 7149.797199012998 8328.979278852363 8488.400461428673 9022.314564645421 6142.9426554962665 2002.5207781234735 42.82982677870237 -9999.0 -9999.0 -9999.0 -9999.0 -9999.0 -9999.0 -9999.0 -9999.0 -9999.0 -9999.0 -9999.0 -9999.0 -9999.0 -9999.0 -9999.0 -9999.0 -9999.0 -9999.0 -9999.0 -9999.0 -9999.0 -9999.0 -9999.0 -9999.0 -9999.0 -9999.0 -9999.0 -9999.0 -9999.0 -9999.0 -9999.0 -9999.0 -9999.0 -9999.0 -9999.0 -9999.0 -9999.0 -9999.0 -9999.0 -9999.0 -9999.0 -9999.0 -9999.0 -9999.0 -9999
-9999.0 -9999.0 -9999 624.1984717318014 2783.857746943584 7317.572921573355 9421.902189042594 8956.444166236892 5560.816976847827 3141.6857118050134 687.9090818857636 -9999.0 -9999.0 -9999.0 -9999.0 -9999.0 -9999.0 -9999.0 -9999.0 -9999.0 -9999.0 -9999.0 -9999.0 -9999.0 -9999.0 -9999.0 -9999.0 -9999.0 -9999.0 -9999.0 -9999.0 -9999.0 -9999.0 -9999.0 -9999.0 25.33291514333705 376.8850475730148 230.28931536504734 33.366778491058966 -9999 -9999.0 -9999.0 -9999.0 -9999.0 -9999 -9999 -9999 -9999 -9999 -9999 -9999.0 -9999.0 -9999.0 -9999.0 -9999 -9999.0 7.135511395148372 1488.6096963147047
-9999 737.0684685233945 5633.474294948499 11805.71244742495 11263.819979980748 11027.662618066553 9795.999294121932 5494.501732423149 1139.1502933039615 -9999.0 -9999.0 -9999.0 -9999.0 -9999.0 -9999.0 -9999.0 -9999.0 -9999.0 -9999.0 -9999.0 -9999.0 -9999.0 -9999.0 -9999.0 -9999.0 -9999.0 -9999.0 -9999.0 -9999.0 -9999.0 -9999.0 -9999.0 -9999.0 -9999 243.16762612908906 261.02605996719006 390.164586713399 343.8940582735935 423.87274901756723 335.3133244963109 63.64944164274051 51.23905554330628 -9999.0 -9999.0 42.61863600077571 73.25583560740006 167.3955211149937 -9999.0 -9999.0 -9999.0 -9999.0 -9999 -9999.0 -9999 153.93047838584366 -9999 -9999 1042.65071822475
-9999 3194.0687834081955 13243.409453016742 13001.925649363826 10698.652768422933 9362.843701921227 6077.131518933109 73.28805848666353 -9999.0 -9999.0 -9999.0 -9999.0 -9999.0 -9999.0 -9999.0 -9999.0 -9999.0 -9999.0 -9999.0 -9999.0 -9999.0 -9999.0 -9999.0 -9999.0 -9999.0 -9999.0 -9999.0 -9999.0 -9999.0 -9999.0 -9999.0 -9999.0 -9999.0 195.19362659588234 1425.5437373117447 1976.6987971953472 1561.0448983903461 1207.0249589812256 2285.4637040143716 2372.3072322613552 1841.221566718109 577.3244682585437 -9999.0 -9999.0 -9999.0 92.87253677846155 1576.674091335933 75.32732141619839 -9999.0 -9999 151.042832132786 696.7701509631465 716.3068890309747 893.6696974540409 732.082168257788 505.78239691558196 35.21682179983924 145.8473524532954
3821.4300444733817 8325.894292200752 10066.65319182813 10449.168154667537 8256.594674540673 5960.489079591572 4764.097620393452 553.0781167973008 -9999.0 -9999.0 -9999.0 -9999.0 -9999.0 -9999.0 -9999.0 -9999.0 -9999.0 -9999.0 -9999.0 -9999.0 -9999.0 -9999.0 -9999.0 -9999.0 -9999.0 -9999.0 -9999.0 -9999.0 -9999.0 -9999.0 -9999.0 -9999.0 89.41276430793478 584.1118531261923 2533.2291253859144 2040.4196184144091 2515.939886551966 2507.9539868626116 1756.366574217047 1544.7832452157165 691.0889254835735 18.540116939268692 -9999 762.8810970158409 998.2035309129358 1621.6199934762603 1030.6293717488463 -9999.0 714.3044206828049 724.5094953873911 824.9257062418326 947.6523212928171 1558.4092247397423 3648.270122390544 5479.386170690494 5818.4249018711 2111.65203753735 4089.2392712447745
175.40201205496248 997.005914476608 1591.517460486411 4864.452075506289 6415.148129092053 6962.903742938746 6704.942379424847 4637.061766814464 302.76063485976306 -9999 -9999.0 -9999.0 -9999.0 -9999.0 -9999.0 -9999.0 -9999.0 -9999.0 -9999.0 -9999.0 -9999.0 -9999.0 -9999.0 -9999.0 -9999.0 -9999.0 -9999.0 -9999.0 -9999.0 128.910409768163 346.0889967684684 488.2028966091142 841.8452744667637 2023.494506127205 3260.0826190588677 2799.969182780881 2683.066560855619 2833.1129788857806 2365.5751128687884 635.9205341663105 99.96381445626665 -9999 402.1321932494335 1585.651496775475 3276.5041316083693 3599.7690256867427 1073.6282582925573 150.26825584510686 -9999 149.46762971816804 974.2784417145635 1547.0204356076467 1088.0922260402401 4180.215076158043 3367.313411058681 4224.981110673647 4384.814317116919 5615.1035521143385
-9999.0 -9999.0 -9999 1255.1186255920481 2019.5810628416023 2765.2139588440896 5151.9074547526325 4558.296116850219 4462.323061690422 2515.4466675542362 398.813020255829 -9999 -9999.0 -9999.0 -9999.0 -9999.0 -9999.0 -9999.0 -9999.0 -9999.0 -9999.0 -9999.0 -9999.0 -9999.0 -9999.0 -9999.0 -9999.0 -9999.0 -9999 235.94260566904663 746.4852529827793 2346.448131053472 2064.0892734426125 2581.231764926875 3422.1621939529764 3042.5124659585986 2630.412294420029 2622.808575518506 2642.852875567371 3907.539453803612 2367.4756040249 1312.4883696688812 -9999.0 175.6571069712868 1594.4774581415325 2641.694854374942 3144.172945599563 4661.932386936206 4897.048979953684 1465.742849590169 3978.0004319425298 2501.171915396104 1281.4738821472201 4784.540734142058 6714.225197450545 6101.485928193831 6281.68401464989 6586.533385607913
-9999.0 -9999.0 -9999.0 -9999.0 -9999.0 -9999.0 -9999.0 -9999.0 -9999.0 -9999.0 -9999.0 -9999.0 -9999.0 2538.9475352124846 3798.7110884083704 183.84664958914914 -9999 -9999.0 -9999.0 -9999.0 -9999.0 -9999.0 -9999.0 -9999.0 -9999.0 -9999.0 -9999.0 -9999.0 -9999.0 -9999 739.6012635801552 1959.7822946344281 1139.401192986887 1850.2393619289205 2013.67117948127 3118.0287381858407 2016.5322924484112 2169.2806334189017 4496.268276027306 2173.6320089022147 1859.7970142117458 225.28603974795317 -9999.0 346.65770997765134 2041.1642324508216 4036.8769125916097 3250.0001292662405 3397.302630948594 4282.569368602297 2875.0712863666763 4577.495597355628 3725.0724625901203 4216.577620783776 4997.141097255001 4256.305420807213 5000.966756071674 6651.599273825151 6456.001526267733
-9999.0 -9999.0 -9999.0 -9999.0 -9999.0 -9999.0 -9999.0 -9999.0 -9999.0 -9999.0 -9999.0 -9999.0 -9999.0 198.9964630647787 1186.9565825384918 2539.552704289571 3194.02870958549 1897.7007070014215 1753.508174390456 1223.162575864773 1205.3806232165834 376.0485325086019 -9999 -9999 -9999 -9999.0 -9999.0 -9999.0 -9999.0 442.7627719143802 635.0429728513502 702.9905473578863 592.510040650533 1286.7581542142268 2372.555113779875 3412.7093992870614 2272.6202578558787 3767.2533621232237 3903.297525921009 3409.2015225702316 2992.859941398675 225.42647662997985 -9999.0 1815.1450539614407 5664.529306144754 4211.288748991956 5701.8604441898915 2898.8029700089364 1979.4951866571068 2204.0307675539407 2093.4790178420235 4512.326996614794 4384.486626796801 4260.54972801875 4815.776586856003 5768.493945123995 6115.784371549123 6486.236681395921
-9999.0 -9999.0 -9999.0 -9999.0 -9999.0 -9999.0 -9999.0 -9999.0 -9999.0 -9999.0 -9999.0 -9999.0 -9999.0 -9999.0 -9999 -9999.0 350.78597368167226 3124.8466680606666 10627.09735740945 15536.154925351713 11171.200782956279 7628.546893833951 9406.217923369695 5800.022053209292 1179.350349525834 377.12026144510247 168.99398619485765 -9999 -9999 -9999.0 70.23914877589237 -9999.0 393.2694271807261 683.3123205662864 1525.8091402218006 2560.5135225970894 1836.5658168613122 2755.497022361218 2189.0858559411786 3334.0727204107206 2496.590403337838 210.02474308277112 -9999.0 758.404207514164 2088.336056659743 2232.519958605125 1369.3536244442294 1025.3874485162908 1922.2493095233986 2125.7111124514904 2229.7705033057673 5456.458732269857 7108.397466152994 6133.580981503806 5528.704408335156 5680.126019502328 6070.737987284892 6619.997405584445
-9999 253.0046797060252 1023.3486160154104 719.1941423143143 -9999 -9999.0 -9999 -9999 -9999 -9999 -9999 386.1400566311635 1410.6485113849544 2145.2574152005996 334.8863424826425 -9999 -9999 975.5528615226604 4903.278053213605 10531.443764358466 11151.418462168447 10898.199146865834 10321.927947673048 7068.157022173988 8735.789765532194 7840.221393455037 4151.595560811725 1950.7103086882194 1530.1652400344624 869.5330517324306 150.089570120499 -9999 -9999.0 395.9024138634828 1734.880336929347 2405.9781311033353 3647.3269294061492 2955.759450637939 4316.778398362704 4765.943397987277 3086.387593793055 443.9669674389132 -9999 -9999.0 -9999 476.48009853050115 575.077062662811 754.3166055918996 1060.8431038109356 379.6998476129944 129.87140716127232 2098.4331521267964 6335.510205429412 5686.237985011867 6704.752463827395 3920.5737214107253 2908.650861907063 3197.600488237405
2122.171442745767 3045.3581165289283 3956.6269726399387 3032.7421032011875 678.009202107638 486.7004255885973 2527.9173407699477 7877.433544777723 7842.158821088264 2594.572539937011 6656.954629548557 9629.35031705051 7549.8471102878875 9623.047079484495 2190.8575890259376 1293.3831258040914 5617.03938083023 5484.902634887455 7602.282229139531 6540.963487063152 8793.78854829737 5789.26112097699 6306.852917626408 4188.938250999767 6660.591851703112 5772.085294455149 4537.170283856945 8702.846475735532 10444.62380607326 10511.533289486273 5324.958162178031 2791.4344637477307 798.4348411780087 1262.8040514597196 3108.619303001557 3191.2000322600998 2897.124900451696 2859.1088899301913 2276.260544539862 3104.1646390144992 2447.380886411371 2940.0365979086246 627.7483980738505 18.144647996021103 357.01400897367614 2127.068891730699 3445.8370387120335 2561.8204352898647 2802.0494754581723 3337.3120992741415 575.5454685208599 261.4122398564531 3451.2366805687816 5254.727942120014 4875.858342480929 4494.99207812698 3262.4170627526773 3444.4529822906875
6767.020186470757 8722.443905843413 10726.62391428102 3360.472212176613 4777.807398888844 2964.2828484478678 10808.779614632793 6838.638860367344 6651.581807716282 6576.593880918962 9176.035268284732 9980.130089907645 9723.944162096615 9694.056537942983 10430.376867121346 6314.236716928854 9328.835833445331 11269.401164254785 10356.686793211451 12470.52172768163 11184.67956485707 7397.856502273311 7578.477536337441 5502.477034615628 5483.295137526578 8369.017498295178 8535.428766157323 20723.58753790358 15442.186554225802 13774.565237551584 6655.830930259855 6200.152127482448 5588.553895834169 4536.5781838388875 4458.9485997952215 2719.9358496365735 3355.4058703357587 2821.075205940121 3137.5966834942537 2459.9754533856276 1618.835318399376 1584.401495802856 260.09290521246385 -9999.0 -9999.0 1116.0262824402594 3598.936300620208 3606.132054384236 4079.175681001193 2285.6237510918177 1047.900907944289 2185.3761229167376 2911.9108599098504 2397.1351573484408 3328.0272309899947 3468.031732067214 3215.8848890861263 5123.400224380769
8514.946409236214 4111.980631013414 7758.524961785372 11979.210603593598 9643.747205069863 11350.955435904105 12196.196310531866 9152.519163268313 7313.521353466353 7569.413967761109 8475.336510373985 14219.07360305754 8785.472964698036 6741.136776546731 6692.192751316958 6419.1340509901565 7068.903254657387 10019.491145094105 6874.189854076493 15261.929895449868 12083.07176902273 4818.0456986717545 4688.932672764858 4408.992664001792 12108.648649014973 11516.96280528126 20621.242162271836 16033.223727327651 14483.963371768732 13831.198127332853 7519.752303593309 4980.322907066108 4792.562147230471 3255.49868397843 2617.368482288361 3761.4986663601417 2586.4715368632355 1502.0668171549933 4079.5916879830424 1667.4030006463836 758.4942954297096 -9999.0 -9999.0 92.16933674734761 1023.1941989293268 1036.2876741007572 3125.822574944173 3444.2586138799256 3104.1106686579305 2135.5337057445035 2188.5664889532914 3593.231796581321 3252.326306473454 2205.5589191764875 4178.1459433720065 4573.457836274931 5026.4997600896295 6035.0389241579915
6797.905587904369 10219.129432786534 10321.156545232276 10791.218097920955 9620.080418545194 4895.38233516971 11342.387648943533 11932.030710815732 10396.05275822289 5359.650077869146 5597.9553808337105 5250.05843789566 5409.566320484762 8976.086575481511 4799.906087452203 9975.756692364655 14073.760379376497 5535.1646141086685 4924.981893800908 13433.122326606068 14718.42123834713 9925.714666125063 9637.436415256863 14492.298249882626 26846.33787369092 24890.09727335756 34053.84810717613 12838.358508834564 3436.8996114308916 3245.6313606831864 2937.6248207580843 2599.059110086845 2538.330108739554 2675.35564585753 978.8257458403393 1640.4134797878191 3002.74040986818 3167.3388972620737 3107.69485768337 380.2891544189933 -9999.0 76.93306762422442 1345.143036201737 1863.0308590332318 4242.646928094708 3868.365304752063 2107.199121091335 2392.1251685057787 6562.994177497316 5163.238529007271 3601.851387348415 4855.6994864447615 4993.018447210331 6888.387296609649 6275.365041618711 6484.338605119595 3879.476437912438 5416.375281143741
9709.361014293578 5359.523663779539 7853.581658418402 8587.168739625158 15744.0858631365 9779.445109106558 8384.275754504686 7847.221842478277 7423.836621043306 7884.325337529485 7807.283584379824 9312.947511509066 8879.984507999721 9778.942387350913 12385.287108257002 6340.7225898169945 5238.7848791486 10324.368886827146 10003.35248032293 16000.340686907899 16713.897409838264 18465.63203939751 26683.39604117031 21570.405618599678 10733.154982775786 5597.6278674266305 4105.364084461289 3051.4596991943295 2740.9935347070236 2997.3790948130154 2804.5171106189173 2636.0097161790254 2892.8710612756972 2863.9764669634383 2174.9750839311405 2201.235610556891 686.5499422722079 672.5725159905983 671.1100236776806 690.4561564177218 1259.400755162689 2147.030527726307 2051.637769970359 5152.536390036053 2024.4008235982872 2034.5876728161866 1655.2488799773319 1784.7707284374383 4263.568206155927 3789.4655468204337 3679.70137209017 2018.6579164259763 3685.832609404373 4464.305273980179 2568.2387211991477 2471.060938282656 4977.814759666538 5356.968664025609
10461.008009295485 13820.114128163716 14123.169888488374 14577.798237037632 14295.178023678238 11835.702458706059 11898.648138849181 9438.181938324446 7924.60612624937 9114.872759691283 11631.601280560706 8262.918488226966 11644.288824822575 11322.016725987965 8727.727364713452 21413.113002329697 24891.88858480552 20578.15843566567 21141.59756190836 20920.1707784475 20685.83793150452 25172.16752706435 10338.404773644581 7699.242022478313 5416.8961703416535 3936.7964114376123 4323.504952336756 4132.236645809434 4139.534599866969 4157.4030394410165 4032.2303328325406 2249.8040728558476 3144.3493969806514 4052.3092332683277 4092.66906772794 2775.8543628412235 3743.884798726626 3385.021086953155 3288.6250806004186 2102.199967542422 3856.955987684154 4813.891319718912 5033.13628721418 5256.402247064331 4295.152573994722 5089.978013217465 2741.8461651707494 4862.450260628859 4984.672624076634 4671.520817681414 2102.172165190401 3688.5141557415354 3846.032342321112 3714.7891054464985 5811.450413234063 7711.083709417329 6390.226900669807 8913.893112238155
12397.413012972958 11047.320827757956 13179.143899434512 15538.482818168934 13047.250733855622 10061.074362211204 12275.067348017705 12280.621558497922 6748.766523284637 8458.198306468863 7119.2085174147805 8798.966437503359 10890.964752184163 16066.630261536053 31545.436260850285 36860.361931519765 36503.58577085896 26611.494228537907 38270.01172815857 25198.78857338436 18408.492364712936 9166.643401444231 4342.226067873712 4302.293694957986 4582.839592497594 5841.6812967714095 5197.803401652812 8159.827759317439 3806.332347066681 3613.622524125073 3210.372867513555 5790.539399318035 3256.5174894556553 6895.940341450577 4753.732781011649 5972.25384483663 3551.9343973091172 5385.071659335867 5147.5749063975045 5553.122694136537 2902.9184893905567 3164.4716643818 8628.521016381419 9769.054656225644 9869.843562909533 9505.706388940995 8474.034686121662 2772.916734991325 5740.089723514742 5633.09889291556 3159.815507740758 4914.891867057311 5810.540001783332 3253.3586750214527 3061.4961239075874 8585.73454648842 3464.2263630890834 7589.545058842191
12470.869967307477 12237.153352444855 14306.975146868475 17179.26654081496 14868.366515400461 12796.31943588207 15648.858282915184 15233.710339719999 14544.479429711024 9080.792346444163 10573.627497847327 9712.537075408369 10977.277609856872 24114.706979192015 39444.26072496825 47456.50578910904 28007.58660600122 32637.959833160465 25928.874090789508 11803.733956612567 9668.481351535527 4363.216160098801 7424.534796985736 6517.868373809874 8646.855017199638 7246.349433310908 7415.929551833428 5807.824548020174 5896.396236123424 2418.5938578440564 6836.147191325538 5980.6772391704835 4016.042466383396 8252.660456388163 4260.618653868039 8185.2047179252895 4474.461416531824 3391.831875451444 3134.0558226214457 3978.2329642026616 7883.40946483223 8694.834458865109 4003.8389265119413 10358.114948719289 8807.247827349487 4581.202542752762 3828.0935406566005 4728.145928456043 2815.906014696959 3035.7099369823864 6709.70268616735 6540.038754550154 7255.711865716468 3090.0278361428323 3163.770029853809 3347.822103121105 3541.036383914894 5655.1954905448065
19294.614548573023 11849.0229123471 14385.41567607702 18291.844284397037 12156.514982650953 14415.669129687709 13461.48973402956 13687.642124946002 16504.628894326215 11835.389714369163 7745.935420879518 9926.233094341465 12422.866832974814 24903.652498175794 38919.6206558896 35731.42873799434 23550.94020923703 6858.107146246681 10087.433289400453 12206.28281182385 13943.16365482811 10368.559856963942 14045.403980412266 13492.170822049437 12727.516180348704 6136.233595841451 10041.649259251411 8959.465988174794 7406.812217377856 6537.934908270054 9390.503595053551 10259.803589239393 4359.246181053704 4618.485915017377 8164.172799602236 4862.548651357099 4752.4705043812255 5532.447031314691 2872.515983777612 5634.656486203408 3269.3085256277886 4222.8126028319975 8738.818550048802 9664.25465294919 5294.892074406395 3182.9598862449816 8277.094388498883 7789.416925581598 7535.341846056296 7982.5059312378635 7408.453792517097 7553.618404430414 7549.596938482238 4155.802255929859 3226.584740826271 6410.460593649417 6104.787270448746 5685.58341938628
