critload/trunk/output/2010/nload_var_ag.asc
ncols 720
nrows 360
xllcorner -180
yllcorner -90
cellsize 0.5
NODATA_value -9999
[rows 216 to 242 of 360, columns 620 to 681 of 720]
2621.84578582 2014.35302355 811.068664388 1680.47062987 1969.262352 1561.52135498 968.0699022608347 4810.00996856 1785.72989355 1795.88549346 1557.468735 1751.212704 1177.88730245 14988.7257969 4157.71320441 13557.754915717713 9455.550279632249 4264.92253331 1199.28240831 2718.9421873687315 3383.67694824 1727.51132214 767.1837392447188 690.632979221 1995.55809615 3141.170507336 5975.045983130614 0.0 6097.252644734022 3393.5055756060983 26569.761526636838 85680.46490398943 15880.26279185693 -9999.0 -9999.0 -9999.0 -9999.0 -9999.0 -9999.0 -9999.0 -9999.0 -9999.0 -9999.0 -9999.0 -9999.0 -9999.0 -9999.0 -9999.0 -9999.0 -9999.0 -9999.0 -9999.0 -9999.0 -9999.0 -9999.0 -9999.0 -9999.0 -9999.0 -9999.0 -9999.0 -9999.0 -9999.0
2141.7546204 547.7406534 1535.08681904 1630.36360731 1832.29000447 2429.51818608 1964.46702566 4053.05453962 3508.82377365 2244.57418237 2471.68269212759 1977.9175157311422 1384.16619825 5182.93676025 4051.20745657 3435.59039857 4462.41653311 14016.620377002242 5915.2196726741995 2699.660563 1909.99921449 2165.42862709 951.671633996 841.200259819 589.71156408 4135.9571514 7540.0925204799005 9084.039477479999 12846.5318318 0.0 588.5853394419498 43973.22830388824 319787.6692438927 -9999.0 -9999.0 -9999.0 -9999.0 -9999.0 -9999.0 -9999.0 -9999.0 -9999.0 -9999.0 -9999.0 -9999.0 -9999.0 -9999.0 -9999.0 -9999.0 -9999.0 -9999.0 -9999.0 -9999.0 -9999.0 -9999.0 -9999.0 -9999.0 -9999.0 -9999.0 -9999.0 -9999.0 -9999.0
2195.26547476 1196.02076717 1725.71540889 3222.21612735 2641.5062651 2404.56736284 1206.89008803 3711.29756914 5920.48672246 2064.23415256 2251.6787012 1214.82027072 1293.16801297 1713.49630875 1326.68352084 1277.84096685 6599.92757926 9676.37821932 16974.289470251122 9825.9701886 2794.8473321 2246.63677308 984.3924729178666 414.900800475 759.976509138 1117.82217295 32665.164049 8663.2484343 13237.9809795 9416.4835104 0.0 0.0 257397.77102187675 54867.71931628598 28546.481097876356 -9999.0 -9999.0 -9999.0 -9999.0 -9999.0 -9999.0 -9999.0 -9999.0 -9999.0 -9999.0 -9999.0 -9999.0 -9999.0 -9999.0 -9999.0 -9999.0 -9999.0 -9999.0 -9999.0 -9999.0 -9999.0 -9999.0 -9999.0 -9999.0 -9999 -9999.0 -9999.0
649.53497106 1573.715136 3619.18513687 3219.38276448 4371.77409187 3721.16616489 1970.39578252 633.180731304 4121.953949844054 2456.79359171 1149.3625957 887.56451154 1501.49943562 2381.16058272 1577.9602644 1490.86513238 3157.2627546 5522.52654718 7921.469109 16915.8614465 5548.01873688 2034.72264083 1661.20273953 717.428109772 455.38462644 1569.3394589912737 5303.4835092 9900.1032456 12749.727349628272 8069.23519695 37878.211297901966 4813.641329293395 25370.39583400411 108478.22960023077 271745.3897721029 31213.99560675656 7836.558968558719 -9999.0 -9999.0 -9999.0 -9999.0 -9999.0 -9999.0 -9999.0 -9999.0 -9999.0 -9999.0 -9999.0 -9999.0 -9999.0 -9999.0 -9999.0 -9999.0 -9999.0 -9999.0 -9999.0 -9999.0 -9999.0 -9999.0 -9999.0 -9999.0 -9999.0
927.080329972 1727.1423072 3052.84782814 3240.14090126 4308.16753667 4066.9631676 1679.61214327 544.082252753 8215.19454684 6133.72431397 2346.10669865 1089.10692411 2520.83355447 4032.93852972 2983.3148252 1792.96943047 2680.3259475 5667.12776846 12412.90475 18512.8554975 7388.53775464 2307.13803788 2476.16317104 1437.310962 1385.9404264377 1395.84051585 5297.78528464006 10504.282583104397 14924.676098204178 9608.6136744 11773.69126976422 7880.36833131 14541.472219307929 8049.098863412022 55229.49554647 3103.869592619225 100240.16424064859 53954.12557069467 -9999.0 -9999.0 -9999.0 -9999.0 -9999.0 -9999.0 -9999.0 -9999.0 -9999.0 -9999.0 -9999.0 -9999.0 -9999.0 -9999.0 -9999.0 -9999.0 -9999.0 -9999.0 -9999.0 -9999.0 -9999.0 -9999.0 -9999.0 -9999.0
831.240611775 2559.62630022 2364.325362 2363.6839506583083 1596.80662412 7124.613048282077 6680.69944615705 2377.5754416144273 5912.15703739 18336.2896063 9506.13820657 3867.9294885 845.990072325 2331.8950572 2219.7904443 2879.01607945 1866.94468553 3934.64988258 9260.51380081 20741.7905295 15390.7557381 7606.14261248 1846.285881 1862.8720488 1353.13320195 2844.24618524 6183.01151647 8913.76336462 16618.1904252 10158.348625701366 5467.80417735 3086.987904 4299.469456567705 0.0 0.0 24792.670350297176 74973.31769171367 242817.04514862757 -9999.0 -9999.0 -9999.0 -9999.0 -9999.0 -9999.0 -9999.0 -9999.0 -9999.0 -9999.0 -9999.0 -9999.0 -9999.0 -9999.0 -9999.0 -9999.0 -9999.0 -9999.0 -9999.0 -9999.0 -9999.0 -9999.0 -9999.0 -9999.0
2407.70381202 1448.2085156 1489.14595084 718.092781875 927.1381655135576 3736.8815345706953 4364.077662951824 5981.087375765704 2442.8565915 4606.488904973357 15896.4825456 2444.09138325 2481.464428577022 3405.30422572 2980.89578655 3120.10549426 1710.48574125 1475.82368933 7019.31152268 9642.6625158 10231.7683403 16231.523017061745 1975.75285275 2148.52578188 1656.85107975 1817.4434391 2301.250623 2516.15715457 6533.08770996 2744.9934680695196 4280.01791067 5561.60283128 5600.224813183407 12730.569223231507 1061.7238049803377 5621.826666220628 47983.8551248765 239870.61740852153 179097.79996687645 -9999.0 -9999.0 -9999.0 -9999.0 -9999.0 -9999.0 -9999.0 -9999.0 -9999.0 -9999.0 -9999.0 -9999.0 -9999.0 -9999.0 -9999.0 -9999.0 -9999.0 -9999.0 -9999.0 -9999.0 -9999.0 -9999.0 -9999.0
1077.61294744 843.628918275 954.460118403 942.289650918 4305.1597415989145 10025.365197090448 7837.789792760594 8701.0067781 6508.448603429283 1698.9092376 2153.86740306 2170.00552725 3145.12971257 3781.14560557 3814.35633579 4360.0206444 2158.53330667 1617.56696007 8702.43636322 8587.40662204 5889.2381784 12067.4049872305 10714.2406479 8751.5066664 4059.98266354 2627.05769422 2395.6677435 2827.54457783 2910.12826455 3331.8773972411263 3409.9377721566543 6067.628866196486 7608.94692957 5827.419502565939 4791.443090566483 6301.86215415001 26459.59045742567 68532.74281074942 86997.70121205 -9999.0 -9999.0 -9999.0 -9999.0 -9999.0 -9999.0 -9999.0 -9999.0 -9999.0 -9999.0 -9999.0 -9999.0 -9999.0 -9999.0 -9999.0 -9999.0 -9999.0 -9999.0 -9999.0 -9999.0 -9999.0 -9999.0 -9999.0
1470.5872621 5565.09979857 8416.50862696 7684.16233452 6570.64587488 20526.802378463988 6650.857939988183 1807.83188595 3590.77191075 3012.1497072 4718.66890695 7034.948856471914 5957.794764362905 4624.847134725258 3353.0264988 2734.72656462 2336.55200835 1918.496337 6228.09897964 4662.73139105 5388.98431921 4344.48413957 8800.5851305 9326.1113376 7487.56388473 2473.8055866 3688.795188 2959.4369871 3143.6140593 3921.621165930082 3156.4154980757908 5331.720567572514 6638.2086955298055 3841.3966108094887 11079.668803725748 36874.68882996579 22787.929740995405 14674.439717913663 34854.61621231906 6805.381525716724 5072.415540548159 2915.693103227 -9999.0 -9999.0 -9999.0 -9999.0 -9999.0 -9999.0 -9999.0 -9999.0 -9999.0 -9999.0 -9999.0 -9999.0 -9999.0 -9999.0 -9999.0 -9999.0 -9999.0 -9999.0 -9999.0 -9999.0
1156.398417 2553.71637 4594.95913072 9204.75161892 4375.167071237766 8297.713140769163 8722.333978639877 1712.6603808 4291.7768814 4361.25796565 5454.652267773962 9648.557506586812 7589.87685225 5909.5616693 5331.9472326 8678.00566755 5322.77859861 3009.48574971 3654.57852238 3359.46939842 3785.0219777 2382.516612 4834.5057888 3554.95104068 5044.99746975 3992.6720574 9386.67453108 2730.083037 4736.21187922 5479.6225854094055 4520.056418977246 5515.520629756116 5913.23911395 9551.08660672 8806.85770248 47536.87021822594 29698.44414282953 4507.951851851752 28071.14109453317 30949.630327774452 35711.909883 36929.861864549996 -9999.0 -9999.0 -9999.0 -9999.0 -9999.0 -9999.0 -9999.0 -9999.0 -9999.0 -9999.0 -9999.0 -9999.0 -9999.0 -9999.0 -9999.0 -9999.0 -9999.0 -9999.0 -9999.0 -9999.0
2126.4412563 2144.05888935 10771.5042864 11038.745925 13677.4129133 18274.104994850673 6919.058626265248 5837.82855003 19165.12925508775 22782.09016185524 27944.464263 2353.7288055 951.46537224 971.660509628 2194.55475195 5878.62844044 3372.76400018 2769.85887627 3952.3876353 2423.40965983 1400.97951405 3179.79315563 3300.40287675 2484.6468093 3744.0420102 5692.08737124 6617.88448818 4941.01429714 4889.8833813 3976.37106604 3274.7722554901065 5942.50267999 7571.48306148 5492.603487294929 20973.1645522214 8692.183109916883 43060.984372387575 11425.688932802008 11134.386702703416 17684.803621569998 42472.803815380896 16112.730783992123 -9999.0 -9999.0 -9999.0 -9999.0 -9999.0 -9999.0 -9999.0 -9999.0 -9999.0 -9999.0 -9999.0 -9999.0 -9999.0 -9999.0 -9999.0 -9999.0 -9999.0 -9999.0 -9999.0 -9999.0
1124.04030743 4460.32928205 1965.89679435 21543.2711927 16526.6389147 21518.3520639 18508.7874645 14964.925187833314 20751.2416287 25164.27472254142 18043.7978849 2050.4723715 2318.47453642 1024.59846299 1214.22637818 1891.18448242 1488.3691734 3035.56484205 3743.941248 1965.7716516 1852.96386863 1723.4956794 213.264537757 3652.737726 2707.77107655 7515.40217224 4870.936443 4303.53575101 4565.42403452 3457.41966988 4128.386407291985 5661.15621474 8331.95937274 8871.432398466119 18034.3934052652 13510.27309335724 45532.893948642464 28967.987062418564 15188.0069452 21848.68681070405 54797.91288036247 68907.55197242515 17140.14659872553 -9999.0 -9999.0 -9999.0 -9999.0 -9999.0 -9999.0 -9999.0 -9999.0 -9999.0 -9999.0 -9999.0 -9999.0 -9999.0 -9999.0 -9999.0 -9999.0 -9999.0 -9999.0 -9999.0
1816.04119725 1671.91109445 2896.0427664 19623.1298058 24166.8369504 19665.4134039 17672.4237186 6743.2210407 13188.6966 10991.2698228 8020.15959675 1709.0936247 1180.87288968 2054.8133928 924.625908405 1196.18866043 403.533131684 1918.7933319 2467.1983431 958.682371875 1488.2109669 1404.0554136 2130.45143625 2799.9580617 2309.6012577 3837.53530282 5649.98271336 3673.59265761 3876.22885147 3102.01526057 3684.79986022 5026.29042492 12431.9093501 10073.2661771 16377.3518577 20753.921484 30574.662362907788 18939.14384570446 10518.485010204 30344.4665522309 46573.401797272316 109864.439556 20552.741641700002 11474.7009588 -9999.0 -9999.0 -9999.0 -9999.0 -9999.0 -9999.0 -9999.0 -9999.0 -9999.0 -9999.0 -9999.0 -9999.0 -9999.0 -9999.0 -9999.0 -9999.0 -9999.0 -9999.0
1039.41692127 2234.47558536 2649.71433285 2149.54674233 2473.470027 1533.02794365 2903.2299405 3254.9092965 4901.46035872 5906.44487932 1966.17625462 1423.7611326 875.67854751 1562.6506374 1357.02044325 1010.6237457 259.456054824 2126.12759496 2411.44434505 1482.8090952 1577.9250018 1522.8875466 2083.9265664 2510.9884932 4849.7274504 3386.64690765 7345.158481525608 8185.97498152 10329.6668323 10014.437034 5290.99234993828 8385.694187919818 9852.36999439 12565.5686062 13108.5892822 17404.1218020978 34835.8378195 26876.268673788465 37999.900295118874 29716.13937202839 50139.15995653157 29365.78222804336 85205.9929266 11577.54636369 39565.53555441322 -9999.0 11.174157480411065 -9999.0 -9999.0 -9999.0 -9999.0 -9999.0 -9999.0 -9999.0 -9999.0 -9999.0 -9999.0 -9999.0 -9999.0 -9999.0 -9999.0 -9999.0
4342.23676005 4132.14478125 899.220409425 1613.619105 2558.9556404943523 3017.27354194 1834.16154 1100.005467 3944.91219465 3596.87054925 1719.82325857 1207.551147 718.3518342 1461.3372459 2256.13359562 1741.43607345 366.53842884 2746.5637651 1820.8949028 2327.82497351 1965.92849856 1741.84372912 1749.3225834 6699.05948225 2322.65781247 2269.00965555 3559.22886981 11311.59866153254 10299.624327176725 7261.86479344 12363.956109045152 6494.764811072827 5314.496008437061 8145.42438384 14711.540517 13540.889916 16446.831264 31093.383206693903 16037.348147088001 20548.406607383713 27081.364605171115 10770.1311302 22539.6968122 83396.5856298 23978.85079171 6377.460793923663 0.0 -9999.0 -9999.0 -9999.0 -9999.0 -9999.0 -9999.0 -9999.0 -9999.0 -9999.0 -9999.0 -9999.0 -9999.0 -9999.0 -9999.0 -9999.0
11855.228897172496 7885.37731406 7497.34499688 3190.8865995 2334.330217502958 2172.951998504925 2333.69356346 4298.50133376 4323.70159688 3067.18545105 3274.42457043 1202.8328631 1075.9757799 1774.2413079 2174.99196915 3016.8179397 0.0 1995.41210333 2555.8887405 2322.6838872 2172.89787225 3639.13486943 3982.54743 2373.31654088 1482.6260844 2161.1217216 4164.49316206 6398.070723656914 6017.43514019 6402.591297296267 6598.4501502 5474.8403120294015 6346.32428025 5858.771663756974 8449.2752016 7888.84334888 22026.961682134486 19207.501532815317 15832.22114448 26071.459250734733 20052.515032799005 17597.347004275663 45061.4450715 25836.4387854 19582.37935313 14439.1738752 105.678784164 -9999.0 -9999.0 -9999.0 -9999.0 -9999.0 -9999.0 -9999.0 -9999.0 -9999.0 -9999.0 -9999.0 -9999.0 -9999.0 -9999.0 -9999.0
17783.449337476184 9751.564951303662 24412.837732 33811.7196375 22200.8445797 3673.5183198 1111.06893009 3607.9882839 4080.09347831 4542.427764 2149.88553972 0.0 0.0 0.0 0.0 0.0 0.0 1952.65161 3537.20618963 3057.2244444 2593.62972075 5163.43295115 3627.28606043 2239.98674328 2881.4373684 6008.115564 2770.86878352 4236.30833761 7789.32880128 5153.08894993 5019.89941729 4324.66859156 6368.4389229825065 4977.11738565 10844.9930909 13543.438209604208 16807.34322019329 21912.998671905138 12820.529623813036 20664.911978434386 12918.778328899054 6292.969402433 18589.933359500028 52914.71905178264 46396.290341399996 102456.8238204 1849.7339866072173 -9999.0 -9999.0 -9999.0 -9999.0 -9999.0 -9999.0 -9999.0 -9999.0 -9999.0 -9999.0 -9999.0 -9999.0 -9999.0 -9999.0 -9999.0
2340.50794883 2013.57908199 2347.936635 3775.61527875 3835.1486775 4588.96292055 5526.11821579 4336.50566045 4163.12612437 5864.0246475 6192.47553275 3792.06070992 320.708805003 0.0 0.0 0.0 571.20310215 1471.4046549 1418.24927699 2162.5229472 2828.9244921 2827.14164543 1836.4998285 3569.6331696 2905.65177218 4547.2792275 4286.09460865 6587.95261986 6181.10052412 5060.77812048 5973.418956021778 5406.22157481 4223.47942722 2959.6315215 5705.35009344 7278.427949291994 13416.916208512133 16463.035738312916 12311.550674732736 13648.329525326306 11523.890984720007 27597.396842980463 26768.900711502858 101452.6438074 55946.442447679896 149484.39564375 4033.4516326618673 -9999.0 -9999.0 -9999.0 -9999.0 -9999.0 -9999.0 -9999.0 -9999.0 -9999.0 -9999.0 -9999.0 -9999.0 -9999.0 -9999.0 -9999.0
1560.6591601827936 2601.44445405 1241.03061418 133.524891006 8235.73311718643 7110.15224443 8997.81736875 6081.51207094 5718.78357975 4410.93518988 2684.9102445 5849.22605273 3360.81960322 1374.42335011 0.0 0.0 0.0 1943.30874045 2029.29438435 3117.6526815 0.0 0.0 4146.97669988 3979.22857605 4890.707976 3326.47814363 5340.67529955 7605.10289145 4388.34712049 4164.88579029 6396.19944942 2954.43815715 1794.58237744 2806.21961081 2532.843621 4317.95470146 5607.913723360165 6984.191300953814 13142.594317347855 9925.302999159458 8513.681438688516 7993.36246376413 17251.906721198866 88678.23227648546 51176.15239409511 43352.540357620004 2152.5717177142606 -9999.0 -9999.0 -9999.0 -9999.0 -9999.0 -9999.0 -9999.0 -9999.0 -9999.0 -9999.0 -9999.0 -9999.0 -9999.0 -9999.0 -9999.0
2684.44871663 3333.45033045 3475.32719557 0.0 3424.02562867 6674.054181978989 2584.43604803 1978.97860125 4718.83742925 5111.57617763 3087.23371207 4648.01286427 3839.37271095 0.0 3663.13304115 3240.0634068 2829.8846016 2413.2467526 2760.6664701 3056.28561787 2502.065655 0.0 3544.85662898 1267.55142968 2701.226856 3670.767837 8142.64042608 5472.82724119 3093.55492531 5647.14132466 6390.74683121 2911.530049857 2111.10429728 3522.9656259676067 3430.07028149 2513.7050711093416 2014.2316157144637 4502.706346546424 10283.862370578698 17515.20003116264 9852.04913778604 7352.891125760052 38223.96958592535 121963.56015770737 126560.73005964702 113237.72443660592 42210.524188007716 -9999.0 -9999.0 -9999.0 -9999.0 -9999.0 -9999.0 -9999.0 -9999.0 -9999.0 -9999.0 -9999.0 -9999.0 -9999.0 -9999.0 -9999.0
1330.75363522 1118.33653428 4540.53454155 5886.36323813 4200.04229595 3103.03843215 606.265741365 368.892652485 3234.71663625 3653.75296733 1670.39224005 2642.84494987 0.0 0.0 -9999 723.29056455 2371.7486106 1892.4247377 2600.9741817 2372.50806345 2630.25365497 994.78168806 1911.41714145 1694.6687199 6821.17360177 5104.32262995 6286.83207669 5642.313711 5194.65003923 6088.45517626 2845.72157647 2179.099250835959 1725.5665978 2641.668866855724 2131.433763391319 1841.919365403719 4116.1404034260695 6529.619684795412 10493.448607629398 20142.87398933474 11143.609690197845 13374.785383467652 37415.98626248563 46422.43727979232 175398.31109248052 85152.44010491247 87927.84547043001 12629.12662871093 -9999.0 -9999.0 -9999.0 -9999.0 -9999.0 -9999.0 -9999.0 -9999.0 -9999.0 -9999.0 -9999.0 -9999.0 -9999.0 -9999.0
3074.9764101 4235.50387194 4187.48176867 2289.2280255 1816.6700988 2796.9548586 0.0 368.074866337 1841.09180796 2605.68019035 0.0 1828.6812012 0.0 0.0 842.766938685 1518.27339042 2302.9131132 2668.9152024 1266.02046864 0.0 1633.4925636 1541.7763029 1757.08378125 2784.65082525 4357.3060569 1196.24660812 1489.53357833 4883.09978497 4732.203198694431 2006.66270345 2279.176329 2084.53111686 1538.78116772 2254.170177 1347.4305767891738 1896.312998766334 5293.009686335803 7114.173505132257 13220.878928939565 16774.68149405915 23189.96080150293 30655.550597583937 30525.36518227698 41349.742144701275 9303.662415654222 51057.31802924801 216917.464247477 25177.09826456712 -9999.0 -9999.0 -9999.0 -9999.0 -9999.0 -9999.0 -9999.0 -9999.0 -9999.0 -9999.0 -9999.0 -9999.0 -9999.0 -9999.0
2495.75005365 1843.5595563 3071.86648492 2176.18106355 2984.197608 3308.6263698 108.690921893 765.909273773 2024.0981037 2860.72441275 0.0 0.0 0.0 0.0 0.0 0.0 1642.01187375 3106.6548816 2853.902115 1779.28179067 1404.5163774 1520.8878708 1476.89884125 3337.03602503 3169.2295608 1906.22318355 1588.89939405 3125.258262 3288.93134909 3139.302948540716 1724.42981182 1876.84905229 2139.78595485 2040.9683150706549 1453.8689006660288 3425.1981266730086 7967.8949588262685 11348.500233369157 10432.646167591345 12535.288312825698 23480.84231342597 63075.6566986612 75636.67505630034 118449.73795927005 25265.970931245458 12799.416399302661 28913.105600258597 -9999.0 -9999.0 -9999.0 -9999.0 -9999.0 -9999.0 -9999.0 -9999.0 -9999.0 -9999.0 -9999.0 -9999.0 -9999.0 -9999.0 -9999.0
2362.584021 3675.0955992 5147.06979893 2279.64185362 4578.9005097 5200.7452488 4415.72151168 2395.9685862 1652.88380835 2091.65268127 2178.6796437 2429.2694103 2772.13645402 3870.3448971 3351.1189014 5016.2811933 2794.85031263 2269.9673421 5140.56781275 3952.732203 1668.24477697 1263.56585475 3534.34055112 5236.27889715 2709.00032977 2018.23128375 2637.52946457 3300.55382493 2924.05641327 2781.6822951655795 1690.5472773 2080.9249612812 1812.04194318 1491.117509591336 1899.087350715 13214.530654894275 7079.896801558081 13412.963155729536 13139.979761553968 17949.18309161225 82247.18093954503 142360.2409693988 190973.31469309542 182739.45027885947 6958.45334457 16256.37978516 11029.393479020855 -9999.0 -9999.0 -9999.0 -9999.0 -9999.0 -9999.0 -9999.0 -9999.0 -9999.0 -9999.0 -9999.0 -9999.0 -9999.0 -9999.0 -9999.0
1867.6727559 2992.6837506 4094.81154427 4780.1311515 4472.122284 4755.55875465 3327.0484275 4210.41032433 4280.55472777 3412.54229516 3084.44819592 2747.64159922 2255.29381035 3103.494582960013 3000.55725188 2548.98886672 4782.3188544 9350.9226522 31566.3448192 4910.14331818 1899.05714415 1434.3626499 2280.42689067 3684.8176353 2240.82695288 2769.3213354 6211.636992 4771.375996943178 2445.97868327 3747.46132003 4027.09325156 2094.1678956360197 5178.270335878849 3270.7486680117936 3428.7417764756956 8822.48261228988 8555.753088407828 10693.62913343784 10872.806125744877 44411.70913330617 49277.52344408186 125104.711728942 50076.498442287324 133881.35214970322 18125.6231673 24674.15482568973 37877.13933946721 -9999.0 -9999.0 -9999.0 -9999.0 -9999.0 -9999.0 -9999.0 -9999.0 -9999.0 -9999.0 -9999.0 -9999.0 -9999.0 -9999.0 -9999.0
310.211126548 214.79855576 0.0 0.0 0.0 561.56390598 848.979015038 2037.71530503 4813.97581746 4810.85537737 4861.91475941 2593.4804478 2889.9239109 2850.9941481 6289.56644157 2100.82310691 8763.91594357 21121.8157005 13539.652065 742.9565098621177 2422.9153404 1641.00138593 2466.19780749 3261.38218845 4202.37615105 4423.6506888 5544.46197112 4918.52791553 2505.19373685 4272.90419264 4016.67050235 4575.902930264 2087.58044235 3099.564814 3021.2785266442634 8417.23516254741 11226.960544945163 12640.270421776864 7362.38607993 25591.947923646265 147910.9852388863 89200.77053396722 73771.64545996871 304788.68735485023 13194.799870639146 29783.279136940946 -9999 -9999.0 -9999.0 -9999.0 -9999.0 -9999.0 -9999.0 -9999.0 -9999.0 -9999.0 -9999.0 -9999.0 -9999.0 -9999.0 -9999.0 -9999.0
467.708458155 649.1134919121429 2735.5327816947647 3380.6346611024796 334.065846848 2251.43027642 0.0 0.0 0.0 3105.35821313 5638.023138912027 3447.93790218 5439.929353061343 10203.2288224 13080.6715397 4648.86046043811 4989.59823487 26996.6193112 6374.14938191 1750.89643372 1803.17907728 1732.28335434 3715.41504195 5212.88589217 6831.2349045 6375.72535782 3309.056339855 2414.381487537 3480.6219674863246 3512.57597587 11488.753099752372 2366.37646635 4019.8624877760003 5506.8010137 8335.0943070249 11251.15902767221 10936.962741170764 34751.20285780225 133162.31664571623 83029.05120090336 142374.69866615054 301235.7918541061 280088.63136400114 220702.04693468646 6328.630866324967 30801.271426702715 -9999 -9999.0 -9999.0 -9999.0 -9999.0 -9999.0 -9999.0 -9999.0 -9999.0 -9999.0 -9999.0 -9999.0 -9999.0 -9999.0 -9999.0 -9999.0
