critload/trunk/output/2010/nman_crit_sw_ara.asc
ncols 720
nrows 360
xllcorner -180
yllcorner -90
cellsize 0.5
NODATA_value -9999
[rows 168 to 195 of 360, columns 384 to 447 of 720]
-9999 120828555.88744973 64801948.50168773 140002331.64196452 116340534.72593525 164540754.15230837 151484130.64381945 172843071.02471 220847902.05024707 -9999 -9999 -9999 -9999 -9999 65345872.84702426 158481804.3034613 156684982.5031637 133845251.12938438 -9999 -9999 -9999 -9999 -9999 -9999 -9999 -9999 -9999 -9999 -9999 -9999 6793378.5277719395 110997775.6562044 -9999 106819710.73297705 113986450.17268468 166524732.3867559 108731930.34372894 0 89910174.79418226 125254579.60717902 172805757.10943452 0 -9999 -9999 -9999 46995.75471788716 18266.373252173416 -9999 -9999 20573524.943621933 11484339.268983105 1404720.4045107819 0 3840440.58624418 8637925.789643493 -9999 -9999 -9999 -9999 0 -9999 -9999 38198414.21131866 24292820.056055453
88353046.20614032 123125410.4177432 70810992.24549252 127725005.53149648 116342356.41831407 -9999 92594210.09823035 -9999 -9999 -9999 204142481.15505606 -9999 -9999 -9999 178045127.68387297 113416926.35789426 98328050.16504449 -9999 150870163.49362117 91504151.62186477 -9999 -9999 -9999 -9999 -9999 42485932.62724633 149139217.30792612 65916683.44470063 86008783.68504739 -9999 144142497.22383407 115209992.28186825 95551977.11348084 -9999 114987458.64864314 106068471.50007193 109538074.04801661 145746062.93479022 67664857.81161049 -9999 -9999 4494979.856658231 0 0 0 455810.15461976756 -9999 0 14867504.954520563 27808905.63967248 20821099.69828897 21564857.42905223 -9999 -9999 -9999 5611.544916681997 -9999 0 -9999 -9999 -9999 -9999 -9999 -9999
105953535.3326507 118909463.53940158 102654785.64548202 146031898.70043418 114702080.4925809 192524519.43202144 -9999 115734894.60441053 -9999 -9999 -9999 -9999 89765523.27580608 -9999 -9999 87677252.57841477 96834521.00911981 112610362.47473764 101822186.09161766 53163496.291137636 47891816.82873962 55493595.95736362 65101418.59959551 37617435.027954616 -9999 -9999 -9999 -9999 -9999 -9999 91160526.74327382 107257883.63315894 20461576.9590929 107694948.38243078 12636516.23634709 7827444.525303791 107733990.78186108 14500966.882642988 5700705.125173948 0 6048353.896748069 30816968.00591922 22226593.086851873 0 0 0 -9999 0 -9999 -9999 -9999 -9999 -9999 -9999 -9999 -9999 -9999 -9999 -9999 -9999 -9999 -9999 -9999 -9999
90576897.5171067 116747465.46758303 117012529.15415142 163290918.03902724 91729483.00666018 147044470.2795449 120341239.81973295 118881114.44363904 -9999 -9999 89728618.19564812 -9999 97904505.04766643 46673195.55938263 64193005.20969222 68135414.90884559 86859460.51527637 91625956.39888884 50252933.65947264 49021159.2872796 14851483.801086659 34531033.49401437 -9999 -9999 -9999 -9999 52326807.55488276 -9999 -9999 -9999 116299911.83022176 121195335.4126687 116636438.48101546 104822950.52522022 111381270.53782238 111635028.92892158 112820640.38762777 81894925.43726856 10036407.508420335 48493082.560149536 42052350.06914139 2959240.386102141 3070305.576629122 772394.4724563664 0 -9999 -9999 -9999 -9999 -9999 53528856.5208773 -9999 -9999 -9999 -9999 -9999 347253088.8692871 56803628.37745537 0 -9999 0 -9999 -9999 -9999
106806738.38038594 117567285.86487815 106236240.01318286 -9999 125814316.016575 -9999 95259026.86730744 75085324.62274675 121423130.98495819 -9999 -9999 171893888.95066306 160515730.71467656 118072159.07091834 92581355.08299935 74779443.4732412 80948515.89877604 102907456.85157862 -9999 -9999 59168527.4433791 61603554.53282405 48390548.5615984 53928434.38837173 -9999 56258829.440052286 21898710.015852436 64769251.70639766 85146047.1060833 74121849.0418056 86939489.2936684 111376925.58113171 64277665.02033645 75074809.98584801 -9999 57517394.29583369 46965729.61412305 15291655.642746098 616660.6217896484 317870.3938984171 2267303.8884446123 45289088.73108337 246351.65065750317 1445256.9831253889 0 -9999 -9999 -9999 -9999 -9999 -9999 -9999 -9999 22623755.668583225 -9999 71140481.88725057 191203993.83488464 149952994.9034911 0 0 0 0 -9999 -9999
97908697.3507521 89989273.24417771 -9999 103884763.5879162 -9999 99153521.17088759 59824292.513360195 -9999 91176860.93727718 -9999 -9999 -9999 -9999 108937419.9089943 99453975.29831663 69965346.27898258 99094624.05830915 89745995.23712455 41762048.880902454 -9999 83706929.09611751 84893229.18190542 -9999 43202895.90448548 -9999 -9999 63932786.01153385 66822638.072762884 65161609.788179606 66271092.67946984 69658155.02120762 53208964.39318103 -9999 74353695.35773146 -9999 35814557.078346334 27467966.913059995 25743182.235297795 6351994.504643343 0 11634380.002458645 0 0 0 0 -9999 -9999 0 -9999 -9999 -9999 -9999 9738408.768242063 194672350.71940738 86455819.19295771 131951331.29940139 30413522.264787275 4934014.149902521 0 0 0 0 -9999 21707046.68788411
96651789.66023044 77766557.51796126 122330059.09866613 102333827.2652429 108191266.17270383 -9999 80097986.23735686 -9999 171188843.25676283 -9999 -9999 -9999 268773395.66491324 126976401.41203532 67576716.2667784 58639810.93632288 54871735.77900645 45836951.22933415 51225899.23272242 38152140.46939558 38647697.60500714 33651027.68419772 8248987.872086828 0 -9999 46641040.549311645 -9999 53551758.429835714 74737707.85812964 -9999 73334800.62698947 82861539.52799058 90245252.13611506 68973304.56077081 -9999 33176363.175636634 39832605.038780145 23641264.228501294 0 5655335.638771045 14302031.37319987 0 8384764.779432801 0 0 6073963.890959066 -9999 -9999 0 -9999 14330643.12602457 -9999 78596423.06031929 -9999 559685.707672099 1422990.4449385188 0 0 -9999 -9999 0 -9999 -9999 -9999
79039824.75150634 66464037.7442005 -9999 -9999 63303273.51203749 81832103.30696051 66492378.86660163 -9999 -9999 -9999 -9999 -9999 297128009.16631204 334822864.2874737 280635373.8799893 152703117.63335642 139713114.22175634 40458989.8055268 0 0 0 0 0 -9999 -9999 -9999 -9999 -9999 -9999 -9999 72850106.11944924 65764655.66435747 66097975.01847482 -9999 -9999 57707519.159620434 31858534.61761136 5967040.639304626 0 -9999 0 15092256.961556636 1103880.9074916723 0 5091172.4373843875 1171936.5721895434 10331381.830073578 -9999 7463021.779626497 -9999 64981764.67490326 -9999 0 2855571.9650874394 0 0 0 0 -9999 -9999 -9999 -9999 -9999 -9999
-9999 -9999 -9999 0 -9999 0 -9999 465979693.9349329 0 -9999 -9999 -9999 371326873.6045527 350593307.4129359 163521289.18622464 176949090.32073185 0 0 47988879.62193715 38196107.65007118 -9999 0 0 12223681.440332055 -9999 -9999 44208386.890579194 33434645.034484398 97838908.3310291 -9999 -9999 -9999 -9999 -9999 -9999 36845885.48297714 9498965.463078119 0 0 46073433.828140736 16457644.469455248 0 0 0 10190238.874958051 45969283.38032422 0 0 -9999 10981732.85266135 -9999 0 0 0 0 0 -9999 -9999 -9999 -9999 0 -9999 -9999 0
-9999 -9999 -9999 -9999 -9999 -9999 0 0 -9999 -9999 -9999 -9999 291998526.9089648 217923255.78636858 271554368.0494065 181018708.87717846 215695632.96436182 -9999 -9999 -9999 -9999 -9999 32904397.959701654 0 28638517.52348588 36036336.084480226 72206808.67252634 -9999 -9999 -9999 -9999 7651715.117262972 -9999 -9999 8848411.586247053 15635877.454693178 1070025.7915239444 0 1932422.8685974185 0 12311520.688355777 0 0 0 998792.0999949746 15518975.633494234 1141268.4876054893 0 -9999 0 -9999 0 0 0 0 0 -9999 -9999 -9999 -9999 0 0 0 0
-9999 105768508.77872227 -9999 -9999 61814789.42325225 0 8959578498.504215 0 -9999 -9999 3484681289.4266834 0 183498801.98092556 201273055.05070856 170971533.71709767 -9999 -9999 -9999 -9999 -9999 67687810.43844692 56400044.60048039 -9999 81906528.40725282 0 0 0 -9999 -9999 -9999 -9999 -9999 -9999 5137129.536664561 8394906.347934213 291109.2363553351 0 54824643.084595904 16782094.720787007 1570099.7576589112 8736855.991914397 4150987.7669220306 0 0 0 0 1986955.4756889755 0 0 10523518.088900119 0 0 0 0 0 0 -9999 0 -9999 -9999 -9999 0 0 -9999
-9999 -9999 -9999 -9999 -9999 86508048.82850423 0 0 752422684.4240342 -9999 1384973441.5162768 -9999 316949537.59614545 210594874.9975921 -9999 -9999 -9999 -9999 -9999 -9999 83088986.18614657 65593909.65051192 -9999 79543303.07317846 2801125.0601440114 47852232.655445494 0 33266804.11477798 -9999 -9999 -9999 -9999 -9999 4312169.054487652 39403.314833762626 19535842.269448474 8905684.495743347 0 0 0 0 0 -9999 0 4955276.965919198 0 1593380.0342459392 0 436137.6142179602 8499899.905167287 12940360.8120664 4051387.1790687707 396165.7636323577 0 0 0 -9999 -9999 0 42034110.92678212 0 0 -9999 -9999.0
-9999 -9999 -9999 -9999 0 0 0 0 540120490.0326688 -9999 2885222708.271978 328473981.50511086 359252516.00847155 254946223.9978654 196667746.92395702 -9999 137969323.81295794 155255424.47805402 153055749.985807 123594047.2189628 -9999 -9999 -9999 138325104.35298544 45621123.7035663 -9999 0 92491688.97627133 -9999 -9999 -9999 -9999 -9999 11860110.251321904 4410379.932391462 0 1435157.265609227 10253018.946315583 3586198.4832796925 0 0 -9999.0 -9999.0 -9999.0 0 0 6830279.175021819 9440780.582448723 738638.3629237063 12172180.401060631 18895580.397160713 12293714.456657633 0 -9999 0 0 158275758.77115336 8993997.27140533 75471744.85802725 143168475.65978026 0 0 -9999.0 -9999.0
-9999 70759314.0866125 -9999 79411093.55145778 56397261.45043983 0 0 90124311.03513955 0 377044225.8773421 0 299543162.8964288 253175942.10378492 -9999 -9999 -9999 -9999 -9999 -9999 145713158.27125645 123646511.31261021 142849096.1698513 213198839.935825 122243596.83185627 61241941.13530326 -9999 0 -9999 104107790.92809615 34516491.614449516 -9999 -9999 16809532.56588348 28067892.031857047 4797889.9938482065 0 0 0 9481120.162933864 0 -9999.0 -9999.0 -9999.0 -9999.0 0 2856291.8924458157 15777531.311851002 0 0 14605982.877675112 7461201.0057995645 5650073.266959926 0 0 -9999 0 0 -9999 0 0 12682447.673161691 -9999.0 -9999.0 -9999.0
73955914.3738844 -9999 40216932.054584645 77349978.5236316 97014564.49591513 0 87506295.45997928 0 77160627.51542549 0 76608260.38796511 -9999 -9999 -9999 -9999 -9999 -9999 -9999 -9999 -9999 153350426.32488826 203510070.92580968 163792697.8910411 132713169.62192766 -9999 -9999 -9999 30141295.42750124 77306636.3276867 -9999 -9999 -9999 -9999 6021921.553807671 13639578.494968556 13626621.13732659 0 0 30097686.918765593 19996237.664795224 -9999.0 -9999.0 -9999.0 0 4904546.910152058 21949436.922877207 55627420.60297458 56374185.201354116 31014954.224094536 0 2875076.0711226556 0 6316302.027623953 5645711.947485231 0 64844933.31917623 0 568292277.022937 119657733.71405081 0 -9999.0 -9999.0 -9999.0 -9999.0
-9999 122149574.42660527 43375803.414021365 89617830.07319234 121215888.31452602 0 0 0 3982984813.0396485 173584370.42648292 -9999 164948709.60300347 135830471.44437164 168948587.27085716 -9999 -9999 -9999 -9999 -9999 -9999 -9999 -9999 -9999 -9999 -9999 -9999 -9999 -9999 -9999 -9999 33659301.61824287 29622348.791461077 18924959.925755 25145713.497362535 0 0 0 0 28279200.76694187 0 -9999.0 -9999 0 0 10974682.186342364 27904925.70919616 25919855.90731563 0 18858607.181068335 25870157.817677885 7466431.811503235 8544974.68479979 6848618.655563745 0 -9999 -9999 524575832.8587484 436127727.73524565 211096726.060825 443250445.2811683 -9999.0 -9999.0 -9999.0 -9999.0
-9999 0 30963544.866841618 147661364.67015898 0 2236392739.2384787 0 0 151127368.3782133 139922400.05259755 160006938.946756 156296099.4240339 141760082.69624147 124915408.2747507 119363524.14031456 228292970.0456175 -9999 -9999 -9999 -9999 -9999 -9999 -9999 -9999 113319609.53383116 -9999 -9999 -9999 -9999 -9999 24825959.60037476 25733932.998253535 22359923.898925565 20499100.757212114 14674035.534537515 0 0 0 27086927.095424656 0 0 0 0 0 1546434.5165403376 0 30554900.461346455 16476525.997274822 0 21141831.73799948 0 7367646.471305455 5161222.259371963 -9999 1001594.1443189617 0 783523255.9587331 599906996.4064701 126998051.52774188 -9999.0 -9999.0 -9999.0 -9999.0 -9999.0
0 0 -9999 0 0 0 952218497.4072732 0 126854945.07059759 158847788.66592264 124200826.50545098 88670157.73140293 156084561.5725672 135963598.5387938 -9999 -9999 -9999 -9999 -9999 -9999 -9999 -9999 107908656.36470653 -9999 -9999 -9999 175326759.58562118 82473086.57802162 48113840.29443924 16054040.944781387 22922655.661835432 29554408.036768235 22443678.768951673 18259255.960243244 2405406.751288927 11853562.906219168 0 11204761.718861282 27971797.612898696 0 14548776.793066293 0 23093673.132218923 29614001.75741434 9788726.003503876 -9999 -9999 -9999 25678094.50479212 51752486.96033148 2995471.090358977 169904069.8328445 33922287.90398843 -9999 167790.078893759 152042686.11289078 408630898.26633024 9390499.087884488 -9999.0 -9999.0 -9999.0 -9999.0 -9999.0 -9999.0
0 0 -9999 0 0 0 4203102892.211231 0 103095343.02170585 79621410.8789804 136384384.1732802 127802709.31080857 165654392.46970552 111864568.9687946 -9999 -9999 -9999 -9999 -9999 116907833.17311491 86478515.39888363 88940560.51947471 88412463.36688319 93671034.52682829 2671043.8551201737 77372545.98535807 193965525.60900503 147444911.57708353 93682514.35616875 56705239.8627552 67069923.592428595 37086805.3403878 25040127.98194795 81936942.86559808 1019560.741811388 11583899.500913104 7229358.196352183 4388663.22983166 58149076.95105207 34554351.575173564 47308080.80423351 21488625.103707768 134019008.89453702 85375922.60289072 0 47166064.185510814 0 6404644.118306017 6837741.2219376 14635829.876003817 20088133.022970688 21302459.770801175 33109495.762287162 0 0 81179929.76235838 109680991.22361767 -9999.0 -9999.0 -9999.0 -9999.0 -9999.0 -9999.0 -9999.0
0 0 21718735.403827693 65059571.20645885 0 3454903837.368273 42475110893.117676 97145963.34813736 91135576.87839377 136752931.0873702 103515616.5076289 135114046.65911248 123218398.45796642 145325209.9535235 123628228.64673996 -9999 -9999 -9999 123881580.60041586 121843622.40725805 117705910.62540233 -9999 113579345.1379952 119267612.82852443 119395589.17642854 166195855.28378952 191678860.1868212 143238495.11129725 51787968.97726243 52066410.369819 19093424.091675363 31770990.399734676 -9999 70380690.66252823 0 12446003.545813443 3869303.907918485 34375987.412287906 118331776.15591305 35359091.40672415 25078226.34855646 55195108.11807579 77431224.67585675 71261903.14466488 165031278.81668636 0 0 0 16181126.682330068 50129058.60972718 19339479.891202617 19707419.771872893 33647578.86286029 10419860.686277688 589023.817175724 99475781.252921 -9999.0 -9999.0 -9999.0 -9999.0 -9999.0 -9999.0 -9999.0 -9999.0
521744238.03422475 0 574730155.2493085 0 48954027.965840355 1577937710.6638086 0 55273418.9669608 126189446.26638448 108742442.21140069 106505771.17863213 121587685.04724698 102383888.68727544 135396617.95429206 96791609.09656307 72956506.5110804 64324769.964005955 68922021.59211873 76390405.89128299 85778057.15253232 110878615.66723104 91472318.06615146 116781613.44054897 -9999 89255930.49156861 170829022.45231152 135350477.51540023 109796679.82582238 91960870.35064302 59597053.582930796 3107061.636397466 50298122.13480434 62401312.65700274 51486517.97089185 0 1966951.1207925666 32319142.438664418 15133100.00193052 148855511.0060805 49224278.07981914 11336747.00261975 15761467.533705862 14796998.497062955 51236342.88879619 8056936.790277947 1965409.2703428234 16780717.997417048 7881648.160290542 42245771.40871916 52443193.31928028 56231560.561337255 8378938.121286917 23743050.723665956 59964426.76607832 17088892.436884 0 -9999.0 -9999.0 -9999.0 -9999.0 -9999.0 -9999.0 -9999.0 -9999.0
2931921893.4330945 86517010.18085663 83831883.82564698 103742440.92655669 127290564.96660149 2204988934.264887 90541893.03355747 158036121.8248467 135645067.37259346 90211153.18017273 82452091.0752865 67616776.35616665 116789506.3331961 105150893.64664043 120170080.94252641 79233952.00623992 84896746.8190021 96226396.94503228 63707943.13658241 56405584.74101085 48111281.66846793 97424310.57572226 71053271.41239561 105088033.17213023 100223038.33376765 114492919.32574591 83034804.40212803 124070331.10727584 90974061.66987963 54528711.23861996 52959244.60488397 -9999 45216098.72435892 49169569.88864754 -9999 0 41205702.65359239 -9999 10059346.173155721 0 30860365.15793723 37881549.20868275 42189102.101352766 3972655.706628202 43532286.50812525 13150996.83134656 19004178.98100552 19536573.36978006 47972920.895980224 41459578.4562526 31853168.083068777 39137961.36388727 16932392.923759222 32044817.341359206 169790677.13529688 -9999 -9999.0 -9999.0 -9999.0 -9999.0 -9999.0 -9999.0 -9999.0 -9999.0
274810841.83910453 83344576.44894148 48192963.18801444 77231730.94447413 106630096.7268183 116007875.64018469 111483096.80600293 113746221.19558968 -9999 -9999 94503406.88589756 91315533.0420441 103229943.88564323 77100836.55146986 100083125.95519204 87218933.97050954 103511652.70735876 104772172.45248966 44165529.6172387 47363236.11506751 68734966.03864591 96395176.40439484 99305908.77534804 101913496.00135861 95122571.61202908 84195331.04709277 90586832.51594321 89110557.86182979 118697851.57940173 41729206.00007588 27602181.135444127 -9999 -9999 -9999 -9999 0 50272031.98367028 36751535.21577896 53632927.84002857 44098592.1735439 50151516.88081633 2564196.1272342466 55666051.46090557 0 0 15918164.617696464 0 11949118.391017757 21089937.434212353 0 16727234.503482189 56306867.151642516 35186419.600958325 0 310052814.17287004 71681248.66446799 -9999.0 -9999.0 -9999.0 -9999.0 -9999.0 -9999.0 -9999.0 -9999.0
140292490.7561067 96401848.82102841 60049931.479706146 42687709.98290496 94443593.89352764 50713046.917273834 149968750.41285887 -9999 89311377.5389602 78121505.77853552 89006860.33897063 88511486.00561008 83518429.94525321 107121988.10037982 102285410.06526013 101899045.12483083 78831278.55564182 95586897.2108253 64959680.85035545 61456003.6166748 46028302.40894684 101215957.04677007 100738865.06925099 43459821.191203795 96313280.88618697 67122506.39222787 83528862.97596002 77959532.21238293 111424066.19881165 93139943.11385186 82250155.92169207 35187467.182853326 22959866.79603829 7195807.696094948 0 0 35421709.34926967 42982428.48360255 0 39338533.490759894 71708640.59204835 50943836.08895387 0 0 0 23432164.24462987 45046141.04760245 14295165.50927665 9213276.894368805 40937663.489159144 0 0 10489673.416113542 17749163.93652883 125146373.1184428 -9999.0 -9999.0 -9999.0 -9999.0 -9999.0 -9999.0 -9999.0 -9999.0 -9999.0
169598279.2103942 84800415.90770176 99615168.64868781 32076879.477120813 75841621.16288517 72065026.28813604 114371360.74794303 127940029.80030513 71677890.38746497 90814729.08717604 56017420.77260989 106798288.70594509 123650253.21051575 150309197.48419252 96331095.80425921 137277159.5027572 117267439.30115674 52009523.98802961 55423242.65703625 69051063.69193141 56184296.35214361 128952725.44740728 118344240.6394653 23554234.65684654 95010883.16226208 91896520.64482772 61281382.735164426 40885902.06296512 61589981.36231805 136087403.00093815 167526430.73634437 79485935.90086429 43633149.04144017 -9999 0 0 30697969.628561582 30118764.002844393 26382518.015656196 60999288.933626525 113246686.76524548 0 0 0 17176112.911614727 0 0 19171254.096091643 0 12288506.159230484 0 42158555.76122353 0 19674533.533637438 0 232083487.21036485 -9999.0 -9999.0 -9999.0 -9999.0 -9999.0 -9999.0 -9999.0 -9999.0
-9999.0 0 0 66929690.38977863 90241597.4102841 87935723.21064882 93523984.60236622 142785249.87328175 57063829.78068472 -9999 -9999 -9999 -9999 127552967.02984907 118244738.02188903 -9999 -9999 83672601.54162383 77539741.45909803 68026358.24863811 101194106.35265502 92161388.51136401 113414010.24563594 75472334.18362486 66051098.47459356 103262013.69806631 56126525.44926054 86035109.4334331 24018727.23874049 62350351.13859452 124227827.85020739 155737112.7728051 -9999 -9999 -9999 -9999 0 64425336.53730656 183631122.8976916 29920745.00436834 29449602.243895993 64120404.8554695 0 26209042.975423187 0 0 0 20952283.895550366 7608550.219009421 0 94588526.44969077 20322891.64564622 116130226.03884657 94721926.83323535 0 -9999.0 -9999.0 -9999.0 -9999.0 -9999.0 -9999.0 -9999.0 -9999.0 -9999.0
-9999.0 105057134.15953942 0 63983084.7895553 71532587.06500198 73581459.1886756 139462658.55757725 -9999 -9999 70798114.65886493 65132256.61391877 29511816.205400072 98456971.74715671 127365616.6378013 -9999 113588293.78211617 -9999 -9999 -9999 121593091.91997562 134112174.67128794 -9999 148874266.7716309 150455394.50555873 98981575.83699724 133000656.81257719 111580815.2205217 75210995.54078074 -9999 67670004.43317372 85038332.77499942 133758699.10022281 76333724.1518636 91676904.01513037 50573315.17106957 19526010.60634854 -9999 29430240.072567727 37161432.36387213 48823058.61034836 -9999 4322479.786776588 71255122.97342229 44976703.53381073 49084236.27966037 73323012.05034871 67026052.639504254 0 10974816.567506919 5151557.961645471 51170451.65587108 64015363.31173985 234943313.0797992 26951417.188356012 134404560.25699988 -9999.0 -9999.0 -9999.0 -9999.0 -9999.0 -9999.0 -9999.0 -9999.0 -9999.0
-9999.0 -9999.0 97193896.6626703 75835402.51530348 55354043.96099228 43983315.655323505 102206234.785894 -9999 -9999 87273112.9134645 44763598.3437525 -9999 -9999 -9999 155469988.18457443 144443867.53656468 156894265.81642556 -9999 -9999 -9999 -9999 -9999 111241637.95931573 121141017.07139334 120224249.47282518 105217090.94097073 105209057.1515109 -9999 46004565.575573064 39763315.94050885 53581098.918940775 2665615.685078383 62751073.105469234 -9999 -9999 58504747.8847657 0 0 43175328.27078559 0 0 57595708.72584933 31978925.358001087 6233333.5658767475 -9999 13316345.1874044 10234399.292537598 12914475.273211924 32157539.177615657 27148431.51066306 75584493.81438188 117095450.2059958 287602991.5978251 134261094.82269055 241463540.1587917 174801053.04189104 -9999.0 -9999.0 -9999.0 -9999.0 -9999.0 -9999.0 -9999.0 -9999.0
