critload/trunk/output/2010/nman_fer_araigl.asc
ncols 720
nrows 360
xllcorner -180.0
yllcorner -90.0
cellsize 0.5
NODATA_value -9999.0
[rows 112 to 139 of 360, columns 567 to 629 of 720]
435567.5625779866 1746825.6563320856 18650656.669019446 10716582.051294481 17683664.027585138 14944787.01231417 492376.59522431635 4791280.7234147275 3115522.57119798 2825484.6423238395 668699.4846383269 2152174.3826114475 10060953.589478778 7027717.289008406 5611743.905350087 3919456.4418294 4674661.755641987 3624288.6295620147 12476057.03359997 58925443.45452055 57774048.119559154 43038811.475232445 43499423.70179925 50829781.01942215 30802794.091614883 26340312.748425327 30950839.523555163 36499009.13177911 32455716.501958996 52742304.99152996 53430851.68333163 55472764.74920936 51397937.86308162 36359524.220118575 1046887.7953635906 -9999.0 -9999.0 -9999.0 -9999.0 -9999.0 -9999.0 -9999.0 -9999.0 -9999.0 -9999.0 -9999.0 6790308.749723672 -9999.0 -9999.0 -9999.0 -9999.0 -9999.0 3376389.5524281794 7635250.349385598 12696712.344838642 13668044.037514893 4534870.038496093 1615997.7790728235 4921560.5943398075 4693107.542599111 3273086.8256310564 0.0 5409588.800273296
652578.660586157 8827757.471415471 8497518.23948343 6389642.684602479 2839181.3943640543 2035326.8612375618 10490076.998460535 19700295.329493914 7507866.866283696 525149.5196047254 387688.17006524466 2073142.6486064335 6530574.613623818 12898762.537168484 2780652.2905263724 31292194.08678283 35686840.27462001 40887064.10782091 47375431.043332696 49365008.15758715 52706878.7554429 43385650.27907489 51476309.06222568 44913650.443628095 35966762.76726551 37986890.94745137 33415718.304301046 32686763.532207362 44201339.6080423 37545504.07881154 28788639.59973414 50495964.253873974 43307940.69014773 42281170.966232695 21210897.743354376 -9999.0 -9999.0 -9999.0 -9999.0 -9999.0 -9999.0 -9999.0 -9999.0 -9999.0 -9999.0 18375328.283902816 16366521.17204738 -9999.0 -9999.0 -9999.0 -9999.0 861753.301469022 1649616.2997945854 14024092.218028972 8084543.507597031 1308789.4634350182 6108358.4133551 0.0 1239974.6606448377 2459130.133766291 1301859.2101167198 0.0 -9999.0
950876.2251686028 44433.0118297218 8849706.352130324 2864387.8512384626 4683400.1497272765 3397801.9521469465 3063130.668628361 5761717.990273332 4763222.585484665 5673513.28632315 16053578.662027167 13350349.030323355 6540934.812289891 10243363.359739816 8862946.223421033 14123580.566295955 49389577.326498926 58350109.07214491 50166319.792293064 53855659.850810915 45469276.634825975 43534118.498888426 52978414.791586705 58773160.74727875 45361966.03559137 51807178.91826624 49717578.87328265 48598729.57866219 45840372.66605151 38110429.80090915 43289019.0731426 34552460.34436314 56750845.713760525 49369534.72532919 37320058.48237512 0.0 -9999.0 -9999.0 -9999.0 -9999.0 -9999.0 -9999.0 -9999.0 -9999.0 -9999.0 -9999.0 -9999.0 -9999.0 -9999.0 -9999.0 0.0 0.0 3632941.9184203045 13146614.943362694 16745243.924748467 1504221.5256647202 2937058.111869975 -9999.0 2551893.9295995384 -9999.0 -9999.0 -9999.0 -9999.0
9973466.610231303 715426.4178528206 11429655.227819776 18751342.60039512 28559606.24620135 6591792.97830626 15951820.86721774 1970568.1588828948 608222.413224605 3477343.8892347813 1198771.734418784 4024641.545126091 16865089.26581846 4290413.28788574 9315323.271834347 4512437.321029083 31908876.842397433 46477417.667620055 38908702.562524684 34131419.41337137 43172404.039398335 67469331.19561397 68394489.63854396 72083530.2915157 72319709.7799885 50547421.680683956 55579881.9134835 42168040.55138744 45365162.31087839 30279841.61887941 41310134.33338904 44911425.904856995 46395285.027172565 53605096.698898174 41468422.792361766 41963646.9582397 4837068.492000337 -9999.0 -9999.0 -9999.0 -9999.0 -9999.0 -9999.0 -9999.0 -9999.0 -9999.0 -9999.0 -9999.0 -9999.0 -9999.0 -9999.0 -9999.0 -9999.0 3243837.2142405286 2386422.312299073 4659671.632890571 6345025.053113127 -9999.0 -9999.0 -9999.0 -9999.0 -9999.0 -9999.0
416339.87969201576 16734940.29613377 32143190.543495532 37712288.56213572 38638445.76739852 25258546.3738771 34068651.41360882 847186.7850586683 16296083.770370757 3186929.194336247 2163595.9169282545 460192.41400173586 1456854.719402165 150442.59964944693 265147.0504493859 3128217.857867051 16476778.647909109 39766033.25420999 12238439.658430682 25908846.076081302 33458024.311157696 34354935.506661974 39006428.64703724 47527173.187430404 14208759.218946876 38306504.69060292 49034543.26377932 41613105.03852796 25132094.834112935 40059850.385632694 47937818.73067174 52052729.04234246 41324415.083553314 48529864.883386895 43575324.37955405 38221583.845033795 31320026.760846928 -9999.0 -9999.0 -9999.0 -9999.0 -9999.0 -9999.0 -9999.0 -9999.0 -9999.0 -9999.0 -9999.0 -9999.0 -9999.0 -9999.0 -9999.0 -9999.0 7855927.923810644 4046532.926541586 13470445.192426529 -9999.0 -9999.0 -9999.0 -9999.0 -9999.0 -9999.0 -9999.0
15269075.747184541 58479081.18876488 34415217.30693259 32831891.0288502 29175067.192777853 45931659.531013496 41529253.39669197 41013433.76359809 30537569.15150758 23758699.556097396 29745276.757007856 6543403.7288051415 15085506.057390101 14768936.838409936 10813675.26105791 2672475.3312621205 2131575.261813897 29155465.294403106 29372391.17128482 36729093.0877009 53628475.987266354 38473973.2531851 43232114.96296194 24336423.760232046 14053305.381777395 3996332.3688232913 27368963.14876163 46112126.26268624 47290517.32706958 45104643.47090655 35832838.45960248 43588315.31527154 28615283.49713737 12803654.760087846 37268022.0967617 44442140.32114306 17502042.381797668 -9999.0 -9999.0 -9999.0 -9999.0 -9999.0 -9999.0 -9999.0 -9999.0 -9999.0 -9999.0 -9999.0 -9999.0 -9999.0 -9999.0 -9999.0 -9999.0 9178850.699824285 6749942.529941505 1898893.5277302493 -9999.0 -9999.0 -9999.0 -9999.0 -9999.0 -9999.0 -9999.0
68619651.69877702 57956046.56285423 45333139.29356541 38893441.12234169 52353550.7578115 41218760.432888456 36564294.6189526 38957542.858017355 37152241.542561874 4388388.498414727 24914912.390230894 13999773.474668162 22078681.80904957 13479594.340535425 16112016.538418777 4667034.839703802 37138245.69858711 43189729.024514735 47468820.848287575 53418584.49311333 57835080.97745632 42698907.204984345 47817764.00154365 46125801.971265815 27017232.536759827 5769786.287181368 46094127.62928025 33258356.53695884 26628334.405355144 29334015.367331505 30071666.757604536 8428873.784358894 30539661.913144153 48066591.030119054 59795069.15555253 38469958.57465056 13978865.017656323 -9999.0 -9999.0 -9999.0 -9999.0 -9999.0 -9999.0 -9999.0 -9999.0 -9999.0 -9999.0 -9999.0 -9999.0 -9999.0 -9999.0 -9999.0 -9999.0 -9999.0 0.0 0.0 -9999.0 -9999.0 -9999.0 -9999.0 -9999.0 -9999.0 -9999.0
54504149.51746324 55631846.160300724 49385468.279061764 45373626.56375037 46873518.818702795 46460605.122609004 40556045.32721488 43914216.26397247 10091707.692648064 17730242.51055453 12082468.005275475 12214491.932306979 22224646.734066322 8982723.689653562 2068987.287550563 15026780.262172695 42649236.69787111 37432304.4972724 52111104.05931044 56588027.36028488 54017885.149022646 34890233.22456992 35922162.41654268 42107128.80290241 38946755.97759557 30123237.521008085 35216192.177155405 17888724.825063113 2758664.8875767235 12256934.633238133 3785772.669330468 11253653.382993737 21588280.638449755 40193064.27152658 30821946.065796737 23690895.257324673 4373720.770394047 4163774.9544885345 -9999.0 -9999.0 -9999.0 -9999.0 -9999.0 -9999.0 -9999.0 -9999.0 -9999.0 -9999.0 -9999.0 -9999.0 -9999.0 -9999.0 -9999.0 0.0 3036879.4430381213 -9999.0 -9999.0 -9999.0 -9999.0 -9999.0 -9999.0 -9999.0 -9999.0
44176224.42643226 41921589.56967395 47037340.34978542 45842149.30165503 40221505.414534494 40874952.83855037 36936076.49382054 17342666.07777509 22291821.331635624 15839440.145837614 22704136.352914505 14470653.834061755 2925754.07387943 2383080.13908808 5336224.210804496 26057968.704160847 43207980.212491915 56277702.101746 48966647.855839595 37103168.16999911 27342816.59083829 25138715.67957882 30428158.133484896 22470363.01426746 32823719.1079686 25763067.85245753 18562812.870502487 4515389.624852642 4476616.279993334 18390729.486312475 9063804.514209501 10807860.263121402 13690987.40461226 26441740.467042528 27409829.788836855 21787748.514706694 16578293.06338595 1565033.332535023 -9999.0 -9999.0 -9999.0 -9999.0 -9999.0 -9999.0 -9999.0 -9999.0 -9999.0 -9999.0 -9999.0 -9999.0 -9999.0 -9999.0 -9999.0 -9999.0 -9999.0 -9999.0 -9999.0 -9999.0 -9999.0 -9999.0 -9999.0 -9999.0 -9999.0
34710898.41293967 40930996.86642998 50518399.21295683 49513863.30136396 36222947.825801365 28934677.567843273 35723352.6021033 16972337.875192195 17352296.70327031 16725252.1526814 6379945.155212609 15001967.90647804 15336600.612198344 16502133.144558107 17356711.925630953 35889676.02619651 55227678.672228456 62805917.078950465 36670547.89368826 39681623.962508805 25667506.15685447 12057919.762882417 10398366.069917392 7507534.991533486 30896015.7520684 15649186.245014073 33763020.84163182 24179949.017408606 11886080.870426688 7705978.0001925025 7454939.259218901 37119661.69848726 33996133.46025884 27084223.778138634 18361731.059334353 10468696.234987501 5129643.066029057 -9999.0 -9999.0 -9999.0 -9999.0 -9999.0 -9999.0 -9999.0 -9999.0 -9999.0 -9999.0 -9999.0 -9999.0 -9999.0 -9999.0 -9999.0 -9999.0 -9999.0 -9999.0 -9999.0 -9999.0 -9999.0 -9999.0 -9999.0 -9999.0 -9999.0 -9999.0
13969486.703294337 28461246.24361772 33464314.06814882 40316225.43326554 31698583.799981233 20217467.174416423 33997741.36984414 23531612.258386157 24179126.871006295 21717324.27738626 20773264.345800925 20436014.17884328 17989089.847325195 1281624.6224819608 3938472.1415592222 22618448.304367945 47871962.15953709 41072401.73984316 51061926.32837692 32410537.11501469 30146033.814749062 5042681.493991405 10057110.605662607 21789605.434173565 38928381.26418137 38150362.0940592 46094179.0533721 30666407.52584412 11063367.571275227 25175588.030713297 20872270.362401996 11231378.921146937 13747592.679279562 17699544.929446205 10005764.20754055 22117530.901420236 6785082.1306719575 -9999.0 -9999.0 -9999.0 -9999.0 -9999.0 -9999.0 -9999.0 -9999.0 -9999.0 -9999.0 -9999.0 -9999.0 -9999.0 -9999.0 -9999.0 -9999.0 -9999.0 -9999.0 -9999.0 -9999.0 -9999.0 -9999.0 -9999.0 -9999.0 -9999.0 -9999.0
12195006.68181953 12500212.903235013 2683831.8508343715 24577737.274047013 13103992.191572107 24137380.98007068 8549401.720621074 20026550.60372715 23376518.35737893 29938465.70302437 22414934.50563109 29320973.104835585 16235822.354332877 16798864.386337664 18131131.106921967 11519834.838103034 25799926.62765869 35475401.67983009 41064764.30640608 37358021.52268306 15067042.109569293 13190929.909133695 14544561.460052121 42740736.90911057 56901703.89983775 40594828.65416611 39491536.14527671 32133045.780290257 21758949.32127124 18173813.590323787 2695689.2096887617 2161205.00496574 7280019.250855464 9093999.379741535 9691001.518027626 13971510.868377252 0.0 -9999.0 -9999.0 -9999.0 -9999.0 -9999.0 -9999.0 -9999.0 -9999.0 -9999.0 -9999.0 -9999.0 -9999.0 -9999.0 -9999.0 0.0 0.0 -9999.0 -9999.0 -9999.0 -9999.0 -9999.0 -9999.0 -9999.0 -9999.0 -9999.0 -9999.0
22764564.568985827 3583581.043560706 18231466.587560043 10999068.64758348 28051552.021418747 27175543.502706032 26597934.04940699 21009856.421480075 16345977.870413795 27182381.71285654 3228913.496685613 18722139.594585612 20094298.803298596 24633940.55027706 21744886.525969494 29476959.02124228 32101065.69935857 40606689.58325707 46283719.7863543 28936703.145104807 9919439.342403434 20213661.105636433 19019282.166121006 31858004.85276098 22632179.33931256 26988877.742978986 21624836.300606996 1835351.6585804122 3843039.1521045286 5639103.665127054 10268448.477116771 306891.8087088387 4108434.283674338 13922693.892945224 7092394.943777252 -9999.0 -9999.0 -9999.0 -9999.0 -9999.0 -9999.0 -9999.0 -9999.0 -9999.0 -9999.0 -9999.0 -9999.0 -9999.0 -9999.0 -9999.0 0.0 -9999.0 -9999.0 -9999.0 -9999.0 -9999.0 -9999.0 -9999.0 -9999.0 -9999.0 -9999.0 -9999.0 -9999.0
34663830.04666794 10524654.901663046 12120561.706120938 37938088.49680129 11839654.180132031 9197876.522056371 8212685.544045833 21052066.625026345 13815612.52567988 2943872.768914753 4908872.2000722755 2392878.467367064 18272132.05504675 13797976.517600102 31886749.744302027 38764382.33164124 39477490.54210124 38459424.73944775 32949553.040469024 31640511.98409999 12845059.341399223 13324505.081193222 29269440.83943716 22775275.217519592 16296689.896913944 5169899.912285971 21588962.98885674 4881979.47106328 6978430.6806643065 4503332.437876986 6493092.372082535 5163253.210659547 11663719.768926367 18603016.108969577 2485397.7576557077 -9999.0 -9999.0 -9999.0 -9999.0 -9999.0 -9999.0 -9999.0 -9999.0 -9999.0 -9999.0 -9999.0 -9999.0 -9999.0 -9999.0 -9999.0 0.0 -9999.0 -9999.0 -9999.0 -9999.0 -9999.0 -9999.0 -9999.0 -9999.0 -9999.0 -9999.0 -9999.0 -9999.0
7474164.0111402795 10315841.544630945 6365776.703839548 10978043.254464498 29776863.302735735 26838008.221246272 21696663.098649368 16404062.57838643 13639418.835962452 17115632.62406922 2835817.9046892133 12843513.768597707 20345623.220899217 16804580.335155748 28254674.900079496 31264922.367915213 39041204.44813941 29251938.620921507 39565517.92039907 26638774.1976064 17156835.68225443 4594092.988828725 23700820.15308651 17247685.55233199 5598646.993576522 15572933.092389863 2739624.3595652003 4654676.424328816 15067042.628452115 11644552.985926393 14494618.183401426 6380177.992482874 12282314.638573492 1894346.9175548924 -9999.0 -9999.0 -9999.0 -9999.0 -9999.0 -9999.0 -9999.0 -9999.0 -9999.0 -9999.0 -9999.0 -9999.0 -9999.0 -9999.0 0.0 0.0 -9999.0 -9999.0 -9999.0 -9999.0 -9999.0 -9999.0 -9999.0 -9999.0 -9999.0 -9999.0 -9999.0 -9999.0 -9999.0
4426370.5508067105 8049837.526399583 4142722.465323803 22664432.84935174 29966208.904195882 11997130.076950662 17420712.750687983 10557010.088911913 14346417.649742447 4464135.621283876 11440891.695885472 2597351.478726142 5431822.060458625 2434137.363786922 7513455.326444471 44005874.33651856 28611949.021189358 19151660.52823136 35832001.151022255 28242074.66959589 5547937.363552406 9220826.714414943 13485433.041206913 21124506.26978834 19962672.78566119 25213630.935745426 9258380.675032338 4232877.584345505 16531945.278706096 9183979.488642924 16211939.60574491 16372612.490889661 7903710.363847217 -9999.0 -9999.0 -9999.0 -9999.0 -9999.0 -9999.0 -9999.0 -9999.0 -9999.0 -9999.0 -9999.0 -9999.0 -9999.0 -9999.0 -9999.0 10275363.972562391 -9999.0 -9999.0 -9999.0 -9999.0 -9999.0 -9999.0 -9999.0 -9999.0 -9999.0 -9999.0 -9999.0 -9999.0 -9999.0 -9999.0
10086806.413072824 11050689.05318222 22865641.957478616 27054928.69970654 18167557.337540008 20111331.527083375 13724407.966372462 4937367.33421654 17252222.42506501 2614944.215383009 6296102.536670012 15256093.961781863 4847305.288823044 3842416.0705151497 22785918.386945613 25538405.98829015 19094123.881559998 15209402.968945704 14253068.259990938 14228739.5261575 2899332.323238004 7089607.485196823 23312939.825882062 21648762.977755107 15291475.942854103 16263000.629812317 18877782.659249146 4570904.129444009 3353461.0617458266 2781917.734466758 14655545.763704063 26385722.703501243 4945891.137273541 -9999.0 -9999.0 -9999.0 -9999.0 -9999.0 -9999.0 -9999.0 -9999.0 -9999.0 -9999.0 -9999.0 -9999.0 -9999.0 -9999.0 -9999.0 -9999.0 -9999.0 -9999.0 -9999.0 -9999.0 -9999.0 -9999.0 -9999.0 -9999.0 -9999.0 -9999.0 -9999.0 -9999.0 -9999.0 -9999.0
31004967.303238563 23356108.022998154 35023080.26907958 9404798.38760148 16897900.257182673 1440881.7390538435 1691560.5583538876 6695041.499802605 4490125.940769969 14197223.33357191 15462930.468151886 26739645.660838246 4494326.819559531 40702866.927346855 14315583.50654213 30673254.318389945 24867475.425789192 7646794.710865891 22490646.712224532 16050118.6972671 2874250.753723153 19927693.68813041 23454902.34684693 14924938.256250834 15283982.676126461 13825873.43167818 6007912.010021008 2522187.2017126167 12289514.52780124 30758225.711187974 27237723.361953106 10513436.195822107 3358439.4642068786 -9999.0 -9999.0 10111396.285422938 593044.5491876008 -9999.0 -9999.0 -9999.0 -9999.0 -9999.0 -9999.0 -9999.0 -9999.0 -9999.0 -9999.0 -9999.0 -9999.0 -9999.0 -9999.0 -9999.0 -9999.0 -9999.0 -9999.0 -9999.0 -9999.0 -9999.0 -9999.0 -9999.0 -9999.0 -9999.0 -9999.0
18727517.83115793 21889569.075987127 18823969.15022368 15979309.766755825 1423784.6985921487 2666656.572062478 2805351.1513281385 3158909.3306683036 3685551.6627497217 21486163.486355647 10414008.59160499 39520589.391798876 12088002.830239354 10232054.950801982 33784382.3756406 32609065.155316077 22782821.476489887 5320586.912442269 2630303.0509856697 17400179.313220777 15377187.786811948 4003678.8715589033 17327002.40456965 21152282.477832343 21596279.3633209 14419155.000224743 7009282.247911124 6779002.901568785 26489290.177363466 31911282.95877307 15935797.895361079 -9999.0 -9999.0 -9999.0 12116946.043800255 31547845.392698072 17895972.937209938 -9999.0 -9999.0 -9999.0 -9999.0 -9999.0 -9999.0 1620898.7063925664 -9999.0 -9999.0 -9999.0 -9999.0 -9999.0 -9999.0 -9999.0 -9999.0 -9999.0 -9999.0 -9999.0 -9999.0 -9999.0 -9999.0 -9999.0 -9999.0 -9999.0 -9999.0 -9999.0
8670279.879545866 20244856.18303702 10937074.831083354 2166891.0503530432 58957.81777624462 3215469.7350965356 15823844.193662133 14273686.087909035 10526558.577576287 18387132.232714087 16540951.216922022 19774692.639386456 24153773.228120305 29311641.871603325 23076048.08735545 25991618.002671473 19262403.936246123 12778211.629094236 21163225.37975149 13737877.29700642 21818834.67608302 5303574.182915606 16057873.433026632 2403143.3933052225 30286441.050075114 18387006.273650974 6342031.350621696 13778104.173404627 29865715.646647073 2272622.5700212643 -9999.0 -9999.0 -9999.0 5946164.632762103 42203158.50135119 949393.8715423072 2505449.1785523132 -9999.0 -9999.0 -9999.0 0.0 1042751.5247084969 -9999.0 -9999.0 -9999.0 -9999.0 -9999.0 -9999.0 -9999.0 -9999.0 -9999.0 -9999.0 -9999.0 -9999.0 -9999.0 -9999.0 -9999.0 -9999.0 -9999.0 -9999.0 -9999.0 -9999.0 -9999.0
12994171.218067054 34102493.1120226 14837830.73737111 9882949.623890376 6886006.762321915 4760010.396639801 24613867.065840513 25909576.471809544 27369758.938896507 18984644.111474983 28941759.69935596 25055142.08666058 30585905.864084724 22859541.590536594 22081378.582288653 23401204.41787925 17512999.514654383 23593696.188517205 26459682.210584737 27104374.995863765 22684374.81181523 3912957.0298251454 19429210.460327774 17647283.273167737 10937542.692114903 31228822.895544086 24345663.283843733 11449969.691069223 2994475.348465561 -9999.0 -9999.0 -9999.0 -9999.0 14543069.365825642 46381839.30171075 1956765.6367676645 3793347.7866175645 -9999.0 -9999.0 -9999.0 -9999.0 -9999.0 -9999.0 -9999.0 -9999.0 -9999.0 -9999.0 -9999.0 -9999.0 -9999.0 -9999.0 -9999.0 -9999.0 -9999.0 -9999.0 -9999.0 -9999.0 -9999.0 -9999.0 -9999.0 -9999.0 -9999.0 -9999.0
7941301.237844485 33655665.75594577 9029002.085683305 3023129.007930922 15772389.765102029 28715506.269088347 33939653.23771307 23775244.373062264 13074109.176302029 18515356.885115534 23045137.66291267 34641693.16822876 37945505.62735225 22579126.642132692 13181280.133695936 17104523.730825122 19173000.43245127 24196130.700606275 34991400.52601079 29982790.44120959 33887710.43758565 23502232.65476751 23383358.80354179 14012588.497873211 8064338.788353672 27567130.34270467 7476473.2662138045 47978.12047038507 -9999.0 -9999.0 -9999.0 -9999.0 -9999.0 58045301.096199766 11711162.60289174 6089061.493001458 -9999.0 -9999.0 -9999.0 -9999.0 -9999.0 -9999.0 -9999.0 -9999.0 -9999.0 -9999.0 -9999.0 -9999.0 -9999.0 -9999.0 -9999.0 -9999.0 -9999.0 -9999.0 -9999.0 -9999.0 -9999.0 -9999.0 -9999.0 -9999.0 -9999.0 -9999.0 -9999.0
10979711.807266714 5162981.608978182 2615693.7408672543 0.0 85169.41432121446 2968348.503116834 9873127.664592149 31547692.10913202 32072331.93108333 32134690.201889545 16878779.14296019 33038621.561431486 39018905.8185342 41163608.01308394 21801400.263169244 16717098.073363546 25289573.211772576 27826933.066135734 27266041.37412534 44586560.37256644 14526826.091487287 11983366.47045834 1960916.3158542104 10894053.753449097 7493876.613585487 5453466.146568031 -9999.0 -9999.0 -9999.0 -9999.0 -9999.0 -9999.0 -9999.0 25357999.54982103 27072853.321437847 6079970.894441953 -9999.0 -9999.0 -9999.0 -9999.0 -9999.0 -9999.0 -9999.0 -9999.0 -9999.0 -9999.0 -9999.0 -9999.0 -9999.0 -9999.0 -9999.0 -9999.0 -9999.0 -9999.0 -9999.0 -9999.0 -9999.0 -9999.0 -9999.0 -9999.0 -9999.0 -9999.0 -9999.0
2257336.314302755 6346318.436850303 6892882.9474257 6933929.277019206 5607601.902628584 1914459.9689933 21239344.344035085 35119782.40266441 29287853.014519043 25260539.349484965 21890091.449543506 35638969.07040304 28044706.800274454 24419448.87896757 12949170.022569986 21700495.810537044 21036916.831052683 22175037.305615287 33938799.725824825 29896992.23538642 1649993.6116881524 4834745.215347057 -9999.0 -9999.0 -9999.0 -9999.0 -9999.0 -9999.0 -9999.0 -9999.0 -9999.0 -9999.0 -9999.0 1332894.920452223 8305339.310301762 -9999.0 0.0 -9999.0 -9999.0 -9999.0 -9999.0 -9999.0 -9999.0 -9999.0 -9999.0 -9999.0 -9999.0 -9999.0 -9999.0 -9999.0 -9999.0 -9999.0 -9999.0 -9999.0 -9999.0 -9999.0 -9999.0 -9999.0 -9999.0 -9999.0 -9999.0 -9999.0 -9999.0
0.0 2529122.060241094 13748101.199000422 22205889.822150916 13871321.129397776 7250562.12936956 2910886.5461845105 1373031.3762039137 2619095.100932843 14510406.164477617 12789437.144289274 25714097.786446545 21364386.664560366 18517747.049150586 15758778.346067598 12191368.015013313 11537847.843185168 5497321.800081888 3633795.743953514 -9999.0 -9999.0 -9999.0 -9999.0 -9999.0 -9999.0 -9999.0 -9999.0 -9999.0 -9999.0 -9999.0 -9999.0 -9999.0 -9999.0 -9999.0 815897.0663304231 -9999.0 -9999.0 -9999.0 -9999.0 -9999.0 -9999.0 -9999.0 -9999.0 -9999.0 -9999.0 -9999.0 -9999.0 -9999.0 -9999.0 -9999.0 -9999.0 -9999.0 -9999.0 -9999.0 -9999.0 -9999.0 -9999.0 -9999.0 -9999.0 -9999.0 -9999.0 -9999.0 -9999.0
1420556.6766410824 6495795.84708887 3775016.1400131085 45353925.57731876 65531753.456447124 53327468.20126879 4426920.038881511 5791192.229386201 9673050.392941812 -9999.0 -9999.0 2087028.5492065889 8303063.406198513 15900602.29742695 6736000.718237231 -9999.0 -9999.0 -9999.0 -9999.0 -9999.0 -9999.0 -9999.0 -9999.0 -9999.0 -9999.0 -9999.0 -9999.0 -9999.0 -9999.0 -9999.0 -9999.0 -9999.0 -9999.0 -9999.0 -9999.0 -9999.0 -9999.0 -9999.0 -9999.0 -9999.0 -9999.0 -9999.0 -9999.0 -9999.0 -9999.0 -9999.0 -9999.0 -9999.0 -9999.0 -9999.0 -9999.0 -9999.0 -9999.0 -9999.0 -9999.0 -9999.0 -9999.0 -9999.0 -9999.0 -9999.0 -9999.0 -9999.0 -9999.0
214949.80529232285 232408.21767048846 0.0 12469569.759488543 57324463.264614865 87267696.48232862 35731441.6544486 1092106.6664870924 -9999.0 -9999.0 -9999.0 -9999.0 5840204.803237252 8598596.39017271 -9999.0 -9999.0 -9999.0 -9999.0 -9999.0 -9999.0 -9999.0 -9999.0 -9999.0 -9999.0 -9999.0 -9999.0 -9999.0 -9999.0 -9999.0 -9999.0 -9999.0 -9999.0 -9999.0 -9999.0 -9999.0 -9999.0 -9999.0 -9999.0 -9999.0 -9999.0 -9999.0 -9999.0 -9999.0 -9999.0 -9999.0 -9999.0 -9999.0 -9999.0 -9999.0 -9999.0 -9999.0 -9999.0 -9999.0 -9999.0 -9999.0 -9999.0 -9999.0 -9999.0 -9999.0 -9999.0 -9999.0 -9999.0 -9999.0
0.0 0.0 0.0 5417602.787794554 43932455.08512777 71481195.83208428 5534345.158790721 -9999.0 -9999.0 -9999.0 -9999.0 -9999.0 605013.460571467 6888084.996631757 908460.5856081143 -9999.0 -9999.0 -9999.0 -9999.0 -9999.0 -9999.0 -9999.0 -9999.0 -9999.0 -9999.0 -9999.0 -9999.0 -9999.0 -9999.0 -9999.0 -9999.0 -9999.0 -9999.0 -9999.0 -9999.0 -9999.0 -9999.0 -9999.0 -9999.0 -9999.0 -9999.0 -9999.0 -9999.0 -9999.0 -9999.0 -9999.0 -9999.0 -9999.0 -9999.0 -9999.0 -9999.0 -9999.0 -9999.0 -9999.0 -9999.0 -9999.0 -9999.0 -9999.0 -9999.0 -9999.0 -9999.0 -9999.0 -9999.0
