critload/trunk/output/2010/nman_ara.asc
ncols 720
nrows 360
xllcorner -180.0
yllcorner -90.0
cellsize 0.5
NODATA_value -9999.0
[rows 140 to 167 of 360, columns 378 to 440 of 720]
0.0 0.0 0.0 0.0 0.0 0.0 0.0 0.0 0.0 0.0 0.0 0.0 0.0 0.0 0.0 0.0 0.0 0.0 0.0 0.0 0.0 0.0 0.0 0.0 0.0 0.0 0.0 0.0 0.0 0.0 0.0 0.0 0.0 0.0 0.0 0.0 0.0 0.0 0.0 0.0 0.0 0.0 100541.2349733402 6289.140938704847 0.0 0.0 0.0 0.0 6451.6956748640505 0.0 0.0 0.0 0.0 0.0 0.0 0.0 0.0 -9999.0 -9999.0 -9999.0 -9999.0 -9999.0 -9999.0
0.0 0.0 0.0 0.0 0.0 0.0 0.0 0.0 0.0 0.0 0.0 0.0 0.0 0.0 0.0 0.0 0.0 0.0 0.0 0.0 0.0 0.0 0.0 0.0 0.0 0.0 0.0 0.0 0.0 0.0 0.0 0.0 0.0 0.0 0.0 0.0 0.0 0.0 0.0 0.0 0.0 0.0 91381.16680313088 79917.72959353428 0.0 0.0 0.0 0.0 10325.205669095641 969.5801645582785 0.0 0.0 0.0 0.0 0.0 0.0 0.0 -9999.0 -9999.0 -9999.0 -9999.0 -9999.0 -9999.0
0.0 0.0 0.0 0.0 0.0 0.0 0.0 0.0 0.0 0.0 0.0 0.0 0.0 0.0 0.0 0.0 0.0 0.0 0.0 0.0 0.0 0.0 0.0 0.0 0.0 0.0 0.0 0.0 0.0 0.0 0.0 0.0 0.0 0.0 0.0 0.0 0.0 0.0 0.0 0.0 0.0 0.0 0.0 23823.991157921853 0.0 12006.377265302192 2970.0873428777622 0.0 0.0 2926.2377399248558 0.0 0.0 0.0 0.0 0.0 0.0 0.0 90433.72111595758 -9999.0 -9999.0 -9999.0 -9999.0 -9999.0
0.0 0.0 0.0 0.0 0.0 0.0 0.0 0.0 0.0 0.0 0.0 0.0 0.0 0.0 0.0 0.0 0.0 0.0 0.0 0.0 0.0 0.0 0.0 0.0 0.0 0.0 0.0 0.0 0.0 0.0 0.0 0.0 0.0 0.0 0.0 0.0 0.0 0.0 0.0 0.0 0.0 0.0 0.0 75175.38722270951 22336.940402003383 45985.50804757314 0.0 0.0 0.0 42559.07111344005 0.0 0.0 0.0 0.0 0.0 0.0 0.0 307985.5346973179 0.0 0.0 -9999.0 -9999.0 -9999.0
0.0 0.0 0.0 0.0 0.0 0.0 0.0 0.0 0.0 0.0 0.0 0.0 0.0 0.0 0.0 0.0 0.0 0.0 0.0 0.0 0.0 0.0 0.0 0.0 0.0 0.0 0.0 0.0 0.0 0.0 0.0 0.0 0.0 0.0 0.0 0.0 0.0 0.0 0.0 0.0 0.0 0.0 0.0 0.0 5586.083082171685 0.0 0.0 0.0 0.0 97436.24863742948 10752.686456964626 0.0 0.0 0.0 0.0 0.0 11662.886777907981 7369.408005490861 0.0 0.0 -9999.0 -9999.0 -9999.0
0.0 0.0 0.0 0.0 0.0 0.0 0.0 0.0 0.0 0.0 0.0 0.0 0.0 0.0 0.0 0.0 0.0 0.0 0.0 0.0 0.0 0.0 0.0 0.0 0.0 0.0 0.0 0.0 0.0 0.0 0.0 0.0 0.0 0.0 0.0 0.0 0.0 0.0 0.0 0.0 0.0 0.0 0.0 0.0 0.0 0.0 0.0 0.0 0.0 114386.00032219267 2090.8412063781584 19532.580201047527 0.0 0.0 0.0 0.0 0.0 0.0 0.0 0.0 -9999.0 -9999.0 -9999.0
0.0 0.0 0.0 0.0 0.0 0.0 0.0 0.0 0.0 0.0 0.0 0.0 0.0 0.0 0.0 0.0 0.0 0.0 0.0 0.0 0.0 0.0 0.0 0.0 0.0 0.0 0.0 0.0 0.0 0.0 0.0 0.0 0.0 0.0 0.0 0.0 0.0 0.0 0.0 0.0 0.0 0.0 0.0 0.0 0.0 0.0 0.0 30811.529020252863 79712.49258321675 91974.74901310106 0.0 0.0 0.0 0.0 0.0 0.0 0.0 0.0 8437.05626983623 0.0 0.0 -9999.0 -9999.0
0.0 0.0 0.0 0.0 0.0 0.0 0.0 0.0 0.0 0.0 0.0 0.0 0.0 0.0 0.0 0.0 0.0 0.0 0.0 0.0 0.0 0.0 0.0 0.0 0.0 0.0 0.0 0.0 0.0 0.0 0.0 0.0 0.0 0.0 0.0 0.0 0.0 0.0 0.0 0.0 0.0 0.0 0.0 0.0 0.0 0.0 0.0 75449.20799913068 0.0 0.0 0.0 0.0 0.0 0.0 945165.3472400818 0.0 0.0 0.0 30766.958693011773 94845.05824477966 111287.81236078132 -9999.0 0.0
0.0 0.0 0.0 0.0 0.0 0.0 0.0 0.0 0.0 0.0 0.0 0.0 0.0 0.0 0.0 0.0 0.0 0.0 0.0 0.0 0.0 0.0 0.0 0.0 0.0 0.0 0.0 0.0 0.0 0.0 0.0 0.0 0.0 0.0 0.0 0.0 0.0 0.0 0.0 0.0 0.0 0.0 0.0 0.0 0.0 0.0 32883.44005054524 256381.42195634806 0.0 0.0 0.0 0.0 774016.5037287716 354944.7379926882 545083.7986682546 108386.88877030986 14124.356265835313 108604.71340246475 73886.5182723036 79894.63289595475 336682.2544708392 -9999.0 0.0
0.0 0.0 0.0 0.0 0.0 0.0 0.0 0.0 0.0 0.0 0.0 0.0 0.0 0.0 0.0 0.0 0.0 0.0 0.0 0.0 0.0 0.0 0.0 20642.460799811364 0.0 0.0 0.0 0.0 0.0 0.0 0.0 0.0 0.0 0.0 0.0 0.0 0.0 0.0 0.0 0.0 0.0 0.0 0.0 0.0 0.0 0.0 122674.76889482667 2273966.759338874 539227.417437756 0.0 930516.93943748 651446.5748165416 632765.5048562925 2198647.717720034 29487.035906014717 794708.8471953183 322570.5200179685 136632.8647150161 30682.025393135904 1009608.514111409 116442.5765844591 176393.650547755 0.0
0.0 0.0 0.0 0.0 0.0 0.0 0.0 0.0 0.0 0.0 0.0 0.0 0.0 0.0 0.0 0.0 0.0 0.0 0.0 0.0 0.0 0.0 20676.767062953713 41345.50959760456 0.0 0.0 29933.992311824433 212019.199485902 180197.16914171408 267770.4110822488 808.1743027521684 0.0 0.0 0.0 0.0 0.0 190138.00885511012 0.0 0.0 0.0 0.0 0.0 0.0 0.0 0.0 0.0 333270.3110903236 4255569.967929903 4075115.198954279 224958.7888285186 336745.41407097486 399142.5347005669 640017.3985296156 0.0 410252.8026340668 1420693.949827901 757377.649183912 5046657.62693932 3285373.445965241 1954589.9222770776 1209299.1239277693 0.0 59468.00283651447
2179684.313903983 1091638.6913072397 0.0 0.0 0.0 0.0 0.0 0.0 0.0 0.0 0.0 0.0 145.4922030755344 0.0 0.0 0.0 0.0 0.0 0.0 0.0 0.0 62209.94369099075 109389.52139324676 22306.81748071852 40895.35433120939 20563.177871354004 32184.543438012075 549795.4551581371 224461.12738629288 613.4458396174097 3142.064711590699 90693.72403340852 285673.1489581851 0.0 0.0 0.0 95212.67492521976 95177.17847396136 0.0 155.25743116874455 0.0 180574.66614044612 0.0 0.0 0.0 450442.4337222399 1023141.8479163335 4762816.862284422 4032168.491822317 2941161.6758089904 932275.562374494 1461658.5518848943 2747849.3569406574 1619308.777833732 1190014.030418558 1146463.0140857012 1150764.3428118848 3387417.969243185 1477892.7019937776 2921754.1969381147 1365936.8026594284 93424.36310320246 515.6100785047365
787162.3943416344 2733042.411157859 1093802.2002754083 1366229.047885771 2186924.9383523627 0.0 819526.0320361907 283763.10364552954 31080.57946243421 -9999.0 384.75310137490635 11967.748712980234 9257.58890080718 115.6454011997979 276.67559291832197 0.0 0.0 20784.27757276613 41590.609850695444 20761.980497749508 0.0 80606.77941531643 102250.15749141469 101848.72813025593 70179.35237327198 76634.83363460147 1250356.0589349922 355264.71175780054 819268.2888306717 252894.20416722383 164411.351282612 152864.37389639122 180838.6520776021 90545.18554735728 181033.44016541788 0.0 0.0 0.0 181097.35682094208 90516.7174958853 0.0 184472.25379214145 186389.80744056928 0.0 0.0 542652.0670832254 634925.1883761841 2336538.761362741 788383.8978806174 2967144.7736715577 1717746.332987495 1986508.7643053955 2361379.925462177 3692469.4947821572 2512094.3613368813 701308.4340628284 83547.64130969506 783930.9250710061 829567.1680669879 3377240.1047447864 2337886.41356595 579353.1737063465 0.0
1175581.4784859105 2884192.2544013155 286647.29207032267 214801.56913107328 128932.96729619656 174018.50579228546 680994.7437925368 153391.71672353795 300672.2992896487 134326.1776035925 -9999.0 -9999.0 91304.04541069067 41559.092801168954 20902.55441607759 55468.32705397466 87214.09725442193 110760.03458861537 25316.075242403804 29942.821573601846 41351.901535994824 81220.9152729792 118590.27821179086 24364.755862701695 96525.55338081715 164791.8935721514 2170363.813488112 2608403.2061171965 700682.1773798482 454448.6463107599 414242.4869307684 62382.32124894777 361378.55760022294 81473.29405297138 1934.6037611263976 0.0 42675.05660398867 128350.94367002168 127474.91517304604 303755.4223431172 334200.4822318615 199117.65625277118 199951.7136180438 35234.10770007059 451328.5652629074 361872.3778423972 103818.96499593789 756679.2632688369 2283079.6653889273 2756526.7961579096 3022115.959394674 3789406.1392995124 2806424.889630951 3858971.0093436074 4174314.3127457174 8079.773028609331 38800.92630497187 380949.14896746475 195716.760264737 522863.1923920525 973442.4783937044 502509.0027432771 0.0
449769.97163691325 396593.3861922937 239146.11265734845 236075.11569590788 390497.8603698389 176388.9719765173 139387.37955006253 284297.04866758647 380564.0481928252 210561.04740667844 112542.61310529367 256716.65987227473 238026.59694946822 164495.1291313448 238695.85737347178 244508.13241501976 253588.24723722716 197558.78340628464 149897.52054404 35742.36005792732 150604.0440320448 118048.29208058518 149445.5678146579 145053.43448991212 178721.2943337141 128341.14512299834 1792898.4812506645 999316.2679555722 929425.8943329793 525064.9972501651 1074834.5304132984 0.0 247695.2296348922 287996.91528497485 209169.28705989898 168568.77726138788 173225.61928266217 339131.3268548537 474764.4037916176 359335.09808809764 376393.82660781534 391780.77505439456 163735.4185938057 536964.5970738612 1193781.3906003651 776795.6112311796 76661.87324847515 770034.2938215965 1570773.072096561 2540196.805785109 4157339.823542859 1826847.3511841935 424462.94431645353 451148.2134543307 1570962.2366951858 0.0 1094109.3560173735 1208433.5545490095 734390.7028786088 150865.77675832776 339794.077026812 829547.713381428 0.0
2208522.800961541 425945.0072080682 396252.66200434597 318806.34412643185 233234.0457203025 248144.5305838955 420283.88673257665 144392.91013328024 234199.08656598342 208867.76762012427 120993.82875924386 48265.177665471434 23952.82949909183 24266.65288354918 117238.28388106193 17734.462747656955 960612.7443072255 2996417.233062921 96683.22357665114 2230424.0314427405 131613.53327692978 154308.30661262732 123593.99438731736 146610.69136229108 64890.37968247267 177053.8244821773 3158363.0515503655 1857277.5016196927 1205043.2752604475 1875663.9285431602 1370067.7899728916 22437.460042548668 518177.1228807018 387204.56774486235 400917.9090246063 502203.24256181647 360421.6579677925 895526.5775583852 387554.10914832307 535253.5268902513 964890.7483751096 2166132.3827075954 796911.9580097866 2053841.373646902 2260054.224499324 2977380.8305638037 209424.3897583505 89579.44530556559 1080195.974426454 1209941.6106450947 3120287.2709247805 1178713.791067123 0.0 0.0 216846.3320025425 1023377.5302677635 5106413.919214597 4390253.363502434 574488.2348561508 279731.7786025702 325025.7990190969 787711.0244234417 0.0
2477638.5676423297 2341249.064783315 2111417.179796744 1481208.0102669704 1376730.459630535 1125898.7448330123 1227722.969157284 1259475.511659251 241096.18605896342 255593.38802665746 277367.22262075567 63214.75118255282 63848.872050435806 114359.99961463468 4251987.202827597 4386471.002044027 3619516.289134283 192252.24331854118 207517.0836248474 135480.1580456115 122101.54330260502 93050.89328241603 76703.87734963463 102407.31495111526 97821.6372912166 106973.03181176397 47567.149725770694 247045.85562385817 1118643.8669265572 3018606.8717536274 2102562.497337932 1974094.0065144345 891458.8431891868 2291382.4027425824 989692.6298198679 1641158.4766670584 1544036.3329734604 797681.0227849464 617397.2190914806 2097591.741561992 756219.2881821638 2594153.086220308 2614372.7970655984 1640483.8735020033 1473246.4794836834 2838574.888866414 3063046.180944401 242464.61946883146 1193864.5484489792 5614896.550811369 4440051.262564323 2576812.5406175316 42399.7676325165 0.0 21572.441613828218 1573632.9045988466 4738305.1511077555 7292867.690780291 1061120.2606477714 373353.0616743108 1109045.391922668 762202.4360634148 0.0
2171049.311855536 2494521.260564704 2355286.2954191626 2140934.748871764 2148001.4005251233 2105249.102119544 1427070.828509924 1284932.53864388 1226898.0292661546 1322941.1825755509 4771804.920826518 48089.083923853526 2037571.1377852438 201678.0133497795 3718066.6184432264 3313369.7247215156 142121.32681149023 149818.68818405035 97191.491927024 103040.82404609046 80596.51429674502 80100.29357063217 208337.8877231305 116768.77984476628 61079.14091530382 120065.7092321248 106333.52328877983 212086.91755981254 1735945.8593064735 3897747.500775359 3899559.7681851694 3480101.1686316077 3050301.318696305 4208628.135624818 1272571.4105626997 2769576.7952673715 2881085.869005118 216028.81313686405 3142756.4373744773 2289471.3516947185 1582413.608848623 2216844.692976589 1116249.3593987657 556632.0330718727 2187504.1373626166 1828833.1685664756 802827.6157172731 3264587.4497690974 3929701.5679788976 2690128.3438876383 3967563.1728536845 2382344.2573858527 35473.27014311635 155725.98382919957 248493.51307596895 6098897.134647595 6764769.327007517 1253954.25662417 498480.2235926396 348585.8951685319 185363.62138737898 1366400.3036462024 2215.4960879357745
1910516.4468876875 2302271.0843745545 1973278.7820352372 1844599.1440822373 1999518.1898702655 1895181.6642953441 1750357.0750795119 1463954.409442013 1505364.0738490652 3347342.868262156 5631364.574000155 5019410.609962878 198132.20606887894 299581.61632400856 220694.7301542004 3203650.113754386 98028.81862378013 72080.38043186461 10418.031326095688 76207.97932628336 7926.522078620947 29697.682136054787 138681.7949492467 38315.23122440927 55195.74534955324 15763.190422735843 2129929.77346332 3098004.6161204176 2174379.948974033 2660976.6294950596 3517147.3156283814 4450772.389341659 2109575.5507803275 3328156.360218603 4345448.488213085 1156297.6329830873 2489380.623469791 3712328.078000003 2801371.7828832725 1928617.042823828 1021601.3432280894 740873.2328905168 670942.1407329319 561728.7416919181 827362.2737004898 917538.4640233533 2243296.746676136 1046285.8438374067 3064470.523002866 730281.648130872 314756.77623836807 395011.2806288308 22573.123273559628 638488.8235009166 1386645.619114955 5272567.8068836825 7421633.943968291 3518749.4386218456 1762616.6153991478 754142.5526746439 330694.0942131741 1625982.6325828824 299510.8526137407
1769455.3493156428 2090799.525324042 2044746.4207379378 2181312.443334656 2347978.206216529 1905168.5766409184 1483750.4149401584 1783471.604329134 1584438.9197937557 3699095.9200193565 5249079.616163981 4727930.287534891 6367139.336890535 82979.95117294359 58722.961763886415 148040.12217100302 74158.67953753249 60733.87528386818 79735.59565779284 42128.95203310703 70630.14892365593 21238.97485219536 104019.97828591111 76274.27830222258 42631.53362600652 330260.36130395945 2549505.767363258 3188802.505692096 11905379.758862317 501589.19352765195 220252.75078949734 1710916.8233322115 781646.8965587654 1091454.7402568243 1044442.7575007768 1122631.7021590818 968394.4444817903 3194828.295881613 387907.72546024196 742639.3057115683 729552.3544020803 692721.7458726609 244155.38349206827 460667.61576654325 714034.7312561697 105117.61145008332 2278632.2024455564 3488262.768113355 3655233.6204934735 915082.5775887072 353746.10835920385 530119.312972811 81812.56942810552 721556.425840834 800519.0879816797 1156897.737261312 2575269.857060377 6970347.88764535 1530312.6733124373 669023.3468627373 706108.3059605754 1462931.2595886 196973.0673198948
1890862.6127880441 2214864.9909007736 1353507.6226981385 1407538.8354112646 2140199.3353948267 1894226.3018509273 1965041.4493000745 1921527.0297590694 4054623.1595623335 4860599.751021391 4460644.81349754 130429.73815823285 5468390.721072389 189420.32460392854 72322.8870521431 52644.80191352148 43197.071424226895 98642.45036944732 72288.05536286297 2797913.3157133325 48253.93495912951 59467.167072086115 146489.00662515708 59032.779746116605 62211.85812916177 105809.04099866134 185201.31149122713 83673.91533786453 109190.88586181607 33528.23607441902 5966.715496391481 0.0 0.0 470420.43931353843 500608.1162828624 678053.3148528679 43006.41011506552 511746.6237204023 361817.5970147809 453778.5556298564 636098.1026339083 649301.8860117274 611290.2424126602 468535.65886324097 762126.176732954 761547.5889069369 425790.49701073166 2507222.552495593 978204.610709525 208354.19316363754 157478.06687870767 351354.85964424023 2276940.139317226 388579.52092001704 1016107.2338433757 2390633.5763694495 4408632.948165664 1997499.0764367613 3187489.8357924437 2281897.6095573064 3288666.5999553893 1654571.7740109602 0.0
1774044.60153863 1862344.7052733458 1943289.1357875732 1941679.3916396014 2089266.3271766428 2112368.0516108386 2172222.096217529 1895778.3284433398 4379478.572918859 4964541.79768614 2319182.6324269855 178748.49857734586 229379.56293956086 5115272.862567436 278997.28910634015 176503.91586504036 128972.280215846 5721.9436501998525 123563.6657478455 110892.96830663417 66245.14145243136 10618.536949619182 35210.45820205149 0.0 0.0 5106.3141080996265 10700.818634779087 130197.01974703703 24356.4576027211 0.0 11895.051526303832 0.0 0.0 353419.9923372653 382688.3461651033 636608.9847425105 886997.7544058608 1031786.7917665951 358353.0550551641 186225.57334133264 514632.92137354676 408752.56672265875 856891.1789720036 20923.50026273311 403939.61971622123 84575.02014238134 200560.45798330606 127908.82597840072 138236.69465977303 194825.04514345518 680249.0579654706 3743043.214494034 4751480.395814739 4415469.395222211 780320.4844349956 1481341.0364017813 2724022.016936366 2687006.267809255 3132374.518794549 2168155.470320907 2773226.50963997 372554.6807736419 18608.091164529862
1888290.0106945385 2044407.522941492 2100471.9493508567 2163632.741848997 1749459.6864193168 1477948.6705222218 1989000.7182836805 310236.78878767334 156863.00570373345 252407.257855023 114338.60670221795 28501.70468758144 204522.06619073742 204684.27629846983 284484.5816397966 199910.05328701172 162298.9745999414 4688998.981970878 4720441.146454132 37662.89351772637 599615.0803908778 1928708.3021256689 574508.5459981427 17609.4380516912 0.0 635635.412184213 0.0 0.0 0.0 0.0 0.0 0.0 0.0 126811.58538505761 0.0 145473.9787929094 520450.3690022101 649492.1383918494 528897.5577516174 462493.9703740382 1751183.990955855 296919.25864532095 2939.2960650546006 0.0 46647.56468028035 737569.1719758615 413621.0253971686 59410.989099597224 104183.12361159165 201369.4293286689 62125.222420370315 4613597.803735048 4629785.003298778 5049731.80367416 1178589.470000286 1022752.887718147 2747717.9765160573 5717378.973016656 5153447.814946094 5221703.520928705 4663173.087534475 2040946.0030484651 2867486.949776237
1309541.216487466 1926394.6615615538 1960982.846976653 1501835.8344964632 648007.1398155688 303605.6154248982 422910.3329639406 14147.228730215284 14716.634930997669 7484.493555564267 39550.87817978044 7899.531240718392 13250.052687328644 94078.10687190642 68382.62233831573 12136.628438411954 209074.62484274467 5104306.675205771 4752822.242321607 1534844.4725327773 173131.20754961684 0.0 0.0 0.0 0.0 0.0 0.0 0.0 0.0 0.0 0.0 0.0 0.0 56267.291958231144 0.0 3647.4521354622257 98814.36557067043 506708.63687304535 2044202.3619374179 929332.597733981 437874.3805797446 718295.4570975347 476993.18462698907 1522344.6782311553 386264.72877840744 849276.9204792498 871666.2340753169 259145.81839581655 1073756.1607278502 124495.24012378987 0.0 292375.4246323246 862412.5356246794 1365964.4203201113 1479312.4689675933 2500157.315230706 1395304.3240110248 5588749.433597948 4638674.036490541 5463249.541059037 4878082.918008835 2040992.2021573829 1016740.957651069
1681271.8779604225 1938046.8233599174 1464694.1505897439 378444.5886054779 95872.35505950253 9313.821550807872 21255.416079227623 3516.526456725249 832.15799169382 48618.382959031864 12056.019916791016 22839.207301133294 43757.133930038035 78328.82280550015 1602271.2840811796 366981.6577237937 209786.07810403104 220596.72521914856 0.0 324801.8627343568 0.0 0.0 0.0 0.0 0.0 0.0 0.0 0.0 0.0 0.0 0.0 0.0 0.0 172407.4854071542 45166.07559081502 186.67357227143924 29732.192854430963 229058.25581679188 270978.3070753746 512749.5424788657 360751.01187750784 287278.0034636656 2263498.5037383116 1483511.7904577756 168925.3457544464 223563.1856509169 107516.44899763852 13655.604891788 0.0 0.0 5590.400101842132 72401.34179162148 83311.44447739485 476574.3514275667 1160255.3073846893 2198839.9853225257 2323322.020714339 5595101.295261743 7747773.695914251 2373218.5029189056 105487.60649435301 2519846.6173977484 522747.88760553853
2104824.8614682443 1606454.9538822977 389723.15351765463 97269.21900790224 109021.91748659941 76948.2993659679 42798.5530990024 6547.088737523029 65620.15853377095 142266.75227079995 115669.88938060656 9893.522437840193 0.0 597700.5394116009 1019900.2293035565 173365.38968898397 266821.32719739527 280676.2457061847 21828.934807878777 0.0 24284.724393417102 0.0 0.0 0.0 0.0 0.0 0.0 0.0 0.0 0.0 0.0 0.0 0.0 0.0 9160.523663850705 0.0 0.0 44769.24977335972 90895.57936955946 248834.60234147726 340519.0222465514 49930.75251368037 12673.984010892309 1508548.5942369143 664126.2879131692 147982.61817777206 60434.62474364082 90739.06400929073 178570.55497761408 224852.31684559936 9852.347078731385 0.0 260348.4016219479 1224434.3478255505 866594.6575103734 448005.53117820737 344828.1445812247 6491790.918904801 8695849.051562395 4934596.390909636 88625.07019576093 472430.24591100286 1194613.908851088
1347504.2152655143 151760.74756257917 8446.058092282216 36868.28735081333 405275.5468170891 90894.05172605508 6968.021685667157 1742.0532819465182 31287.25625887326 13064.92966934252 32470.809314610924 1805.947973963018 426456.3853125466 543545.9336179865 509692.6703000425 541221.7762914193 538776.6556771912 367744.57168837695 39500.50389135758 0.0 26475.653891045236 17623.272436166662 0.0 0.0 0.0 42149.12407407574 0.0 0.0 0.0 0.0 0.0 0.0 0.0 0.0 0.0 0.0 0.0 93856.21994506115 0.0 0.0 399731.61213870347 479082.0865151865 172624.98997580016 210539.10249016492 447471.78688227397 18847.802027645357 57350.46393016384 100032.9506573679 0.0 0.0 38756.604507985496 0.0 61019.7767710426 360844.9320816694 0.0 57863.1837334899 21694.988476036073 5042154.639742015 5853243.82878422 4828949.617795097 54407.59346219207 2825.7393272801582 0.0
147216.8259549473 49765.11964423706 51350.289669596976 116281.12936236536 21681.759129797552 3115.744044240334 0.0 9091.802995684651 6925.8355601380445 18686.47288759846 31557.152518133105 32624.051951276146 235161.2447471751 310222.1215346532 108220.70844080634 0.0 66086.63154456065 0.0 0.0 0.0 13757.750238739332 0.0 0.0 0.0 25577.334247025487 0.0 0.0 0.0 0.0 0.0 0.0 0.0 0.0 0.0 0.0 0.0 0.0 31016.312945142858 0.0 0.0 2390.961373043461 120763.60584375358 296977.46830796765 123663.59684659501 223743.60368094067 588507.1219841641 111414.66871858182 361950.1624659705 3677.0473331043163 0.0 0.0 0.0 0.0 24595.982904795317 12357.441921798247 966474.6708054809 425930.04334429256 1076966.7336562143 1259056.203250051 471933.1307947138 130932.51922912126 31467.06285037381 0.0
