critload/trunk/output/2010/nman_araigl.asc
ncols 720
nrows 360
xllcorner -180.0
yllcorner -90.0
cellsize 0.5
NODATA_value -9999.0
[rows 56 to 83 of 360, columns 378 to 440 of 720]
0.0 0.0 0.0 0.0 347806.6308516856 0.0 329148.6809936898 0.0 622134.2523983433 0.0 0.0 0.0 0.0 0.0 0.0 89766.41279809375 857257.4574744431 -9999.0 -9999.0 -9999.0 -9999.0 -9999.0 -9999.0 -9999.0 9321.264371110916 681269.7917262445 0.0 196019.6208171446 255006.65070345835 0.0 206379.01616204449 0.0 655139.993613458 30208.394035047797 280768.961912127 114174.80871816026 418516.76620478707 368493.59312843665 356883.3951200603 26072.224045103987 133113.9491802843 195510.89355536213 0.0 0.0 0.0 0.0 0.0 0.0 0.0 0.0 0.0 0.0 0.0 0.0 0.0 0.0 0.0 0.0 0.0 0.0 0.0 0.0 0.0
0.0 0.0 0.0 616491.1385924978 644381.2950205283 0.0 0.0 0.0 344936.44945347257 932729.0529292232 322587.4287530137 0.0 0.0 0.0 244874.7483932084 192208.3269274121 1106670.4724286639 -9999.0 -9999.0 -9999.0 -9999.0 -9999.0 -9999.0 -9999.0 158880.39796423822 1088645.7814487857 1044941.2107778244 1401169.812077238 1067282.104066916 993697.2186187735 859697.6967375242 379641.49509728095 388318.63126169774 449193.63010319514 312619.2361243024 0.0 353297.5495861499 33195.16548424773 256652.38090664605 0.0 0.0 0.0 0.0 -9999.0 -9999.0 0.0 0.0 0.0 0.0 0.0 0.0 0.0 0.0 0.0 0.0 0.0 0.0 0.0 0.0 0.0 0.0 0.0 0.0
0.0 0.0 0.0 2981219.997401585 4942090.131235448 2445691.358332184 1266674.2294438106 253840.17427471277 350419.38314159535 0.0 347044.1289546033 213431.544569749 0.0 607336.6830702304 333009.0539986181 507527.3252424902 3146162.4457209986 124984.09027967778 0.0 -9999.0 -9999.0 -9999.0 -9999.0 -9999.0 254223.02955222258 1495477.7383175632 2112575.100076261 4124266.551735255 4158268.811746242 2447859.624341616 906844.9378590685 2316647.266419007 2589102.8140802393 2049689.8838339671 1071617.9955258453 2139663.4774692887 910615.4667585462 847758.1814405038 0.0 0.0 0.0 2886481.020478642 0.0 0.0 -9999.0 -9999.0 -9999.0 0.0 0.0 0.0 0.0 0.0 0.0 0.0 0.0 0.0 0.0 0.0 0.0 0.0 0.0 0.0 0.0
0.0 0.0 1722205.3721011125 629499.3139816279 7888541.036963243 676798.3233854468 1241441.1287726215 0.0 0.0 296375.73349144997 0.0 0.0 937026.5306636207 1977901.8987980275 1276917.5227231944 0.0 608115.9446751049 786321.4762362103 489039.31583395955 172114.93992937153 -9999.0 933871.6541421171 271710.4487197391 -9999.0 -9999.0 89419.10260636178 1301585.2759307139 2240508.714643774 2558018.8353152163 1302831.6574308772 1876084.5903996783 1755842.106673979 1008213.8507197034 1080623.8492447217 275074.784820226 165436.40568567096 -9999.0 -9999.0 -9999.0 0.0 0.0 2236264.6607891573 0.0 0.0 25242.542375579047 0.0 0.0 0.0 0.0 0.0 0.0 0.0 0.0 0.0 0.0 0.0 0.0 1517286.5579243582 0.0 0.0 0.0 0.0 0.0
0.0 594375.2407597476 1778734.2640175065 4521996.860727821 9922052.752102982 661187.2325486494 285120.819066681 424247.1839528698 0.0 462879.2774360905 0.0 477663.0103488378 271828.4568511987 387988.3548752729 1658802.099128942 1622605.3627058456 2141408.1439149315 3810412.827969522 933246.9242574543 1167986.3836567719 -9999.0 -9999.0 -9999.0 -9999.0 -9999.0 -9999.0 -9999.0 135466.0192084801 642884.375773876 176921.27292205207 -9999.0 0.0 -9999.0 0.0 9169.06011482325 0.0 -9999.0 -9999.0 0.0 0.0 0.0 0.0 2380573.3029093645 0.0 2962970.795526397 0.0 0.0 0.0 0.0 0.0 0.0 0.0 0.0 0.0 0.0 0.0 0.0 0.0 0.0 0.0 0.0 0.0 3363195.315858925
0.0 2061461.7418962254 8381657.836771058 5733645.596765902 7390500.281942241 608867.1721105322 0.0 414761.09711962374 1043134.0773959432 962581.7942642412 1654099.3553067688 623658.9776178729 2276697.8373900712 858144.1472790772 1049294.209049225 1630553.042250049 1178030.262014603 2036171.0185318796 4019538.2696259036 389026.1523143347 -9999.0 -9999.0 -9999.0 -9999.0 -9999.0 -9999.0 -9999.0 0.0 332766.2521332971 8132.370910563723 75853.14178449736 138791.11823224556 0.0 185217.79820069182 831336.0293903291 0.0 61326.585190256286 26606.524250504255 0.0 0.0 0.0 0.0 0.0 0.0 0.0 0.0 0.0 0.0 0.0 0.0 0.0 0.0 0.0 0.0 0.0 0.0 3545768.8647807166 0.0 0.0 0.0 0.0 0.0 0.0
0.0 397907.81794680085 -9999.0 -9999.0 245655.16860393042 0.0 482586.07115103543 141459.0539611973 706871.0113321904 947336.2431940013 810123.5554028393 675447.5882374194 664126.7985835548 410064.73669340706 435872.50522651616 1550714.317814187 1048249.9880423185 442187.91549900395 -9999.0 -9999.0 -9999.0 -9999.0 -9999.0 -9999.0 -9999.0 -9999.0 7173.279832481709 47130.02953559809 0.0 0.0 275199.9697998575 179596.84766129736 265812.1702117988 531638.5950944122 616480.0281318796 1323723.6417953642 3724.6583390260694 0.0 0.0 0.0 0.0 0.0 0.0 0.0 0.0 0.0 0.0 0.0 0.0 0.0 0.0 0.0 0.0 0.0 0.0 3305767.387128138 0.0 0.0 0.0 0.0 0.0 3642666.232770364 0.0
-9999.0 -9999.0 -9999.0 -9999.0 0.0 93595.55178901907 0.0 1830696.7813865591 2299062.2698455146 2032552.6736482088 521808.5851033785 625292.2700558902 1557654.3527036535 1413553.518290356 718897.8670053442 406247.0436628472 -9999.0 -9999.0 -9999.0 -9999.0 -9999.0 -9999.0 -9999.0 -9999.0 -9999.0 0.0 14439.724586793398 26141.46641587085 0.0 8125.821960609856 4995.755742377934 19093.948738866973 548284.3606010138 1019576.896932884 442619.6747749025 1413629.0193925654 168668.71297452433 0.0 3416802.5114756287 0.0 0.0 0.0 0.0 0.0 0.0 0.0 0.0 0.0 0.0 3505388.248646384 0.0 0.0 0.0 0.0 0.0 0.0 2930643.7487330344 3116896.2133662747 0.0 0.0 0.0 0.0 0.0
-9999.0 646040.5807565039 5657102.041651835 -9999.0 -9999.0 375204.49406237126 290680.8058331263 0.0 0.0 0.0 1507142.1157928398 309952.5919365056 291351.3776560404 1172090.8211529234 885523.4591785852 1184903.1984644085 -9999.0 -9999.0 1207360.252338655 1600353.1129168782 331969.8077765833 -9999.0 -9999.0 -9999.0 -9999.0 0.0 6275.529015397388 0.0 -9999.0 -9999.0 0.0 462440.5213424051 523302.8987006058 35020.46233147479 0.0 260200.06899589297 381277.74192888004 3328768.3596649636 3047535.7386259874 2897461.4207092463 0.0 0.0 0.0 0.0 0.0 0.0 0.0 0.0 0.0 0.0 0.0 0.0 0.0 0.0 0.0 2668569.1667785626 3022014.4636691045 2876151.9500699807 0.0 0.0 0.0 0.0 0.0
5073138.756450998 10080340.916860908 10591243.139240922 2429083.732724926 362939.67122394184 101436.22019942298 1460419.396109873 462293.31278988183 0.0 0.0 525571.4875259262 0.0 0.0 310023.4188850956 1196960.2355832544 1206872.2392562255 386348.9063959964 -9999.0 1432868.2515137517 1063312.2348550982 -9999.0 -9999.0 -9999.0 -9999.0 117475.92456413078 12372.888901048322 0.0 0.0 0.0 -9999.0 0.0 0.0 0.0 9168.347454092065 0.0 16447.792979453894 0.0 0.0 2552456.1340092164 2475626.3375223256 0.0 0.0 0.0 0.0 0.0 0.0 0.0 0.0 0.0 0.0 3875502.4944461146 3754182.519597024 3251962.6413037553 0.0 3366575.875747029 2994187.1144091524 3341828.798506133 2681437.8677171064 3604156.7747805156 3097376.5235242527 3814596.08571454 3580828.2513271812 0.0
8847952.438257841 8341303.100008374 8701149.646059519 -9999.0 -9999.0 -9999.0 239941.94063829246 1888762.0329262228 1345741.2486405238 366233.48338997463 275235.00777975534 899361.0115337058 280241.20907627285 1067134.2715754432 1870922.8729612443 1768052.4854958246 -9999.0 -9999.0 188635.40448722205 -9999.0 -9999.0 -9999.0 -9999.0 -9999.0 503863.56558884494 483314.61923662084 747123.7811780445 964346.9698916025 1853744.2619090877 104509.01018459765 887000.2999056978 70676.8289114969 460194.0531370571 360417.7623280671 0.0 219868.48951420476 0.0 1366664.7307341043 3147597.1582539864 3961329.8292536796 0.0 0.0 2780355.599496397 0.0 0.0 0.0 0.0 0.0 0.0 0.0 0.0 0.0 0.0 0.0 0.0 0.0 0.0 0.0 3490175.045709553 2889059.2808196596 3274194.02069005 1567132.897901182 2898405.3605308146
7024745.251290482 12362866.714315042 10771954.087830171 7126080.467013827 -9999.0 -9999.0 4573394.5790138105 2866553.0645196447 2727345.2258018185 3949130.312126092 2469753.4012266034 3240538.72583807 1943810.375133308 1772550.7721105206 934882.172612481 173665.5351303676 -9999.0 -9999.0 -9999.0 -9999.0 -9999.0 -9999.0 -9999.0 -9999.0 647859.1223792682 0.0 0.0 4267290.274275012 0.0 2672042.9952799603 3506713.9535155976 3190841.2834366355 1542456.8470029416 0.0 247404.31051835723 142565.5835942337 5749.924259580912 0.0 0.0 2689570.702829391 0.0 0.0 3493935.0497318334 4066291.902316262 0.0 0.0 0.0 0.0 0.0 0.0 3427312.5329287914 4212280.630819642 2956305.713595559 2660004.7651972705 3569742.1221727617 0.0 0.0 0.0 0.0 0.0 3684918.9150968725 2298540.5745912185 2174393.196688333
8477169.898891015 11373547.079316422 5202755.861759704 1176826.2011318344 8056266.217933925 10700003.92077962 14894104.875202008 1542669.7294312732 4367402.688906387 4113001.6005154145 2322797.0937082404 -9999.0 -9999.0 -9999.0 -9999.0 -9999.0 -9999.0 -9999.0 -9999.0 -9999.0 -9999.0 -9999.0 -9999.0 -9999.0 4144111.382791842 0.0 0.0 0.0 0.0 3355838.9043809706 0.0 0.0 0.0 0.0 0.0 1546088.404007066 0.0 7151894.084936081 7987430.734686659 0.0 0.0 0.0 0.0 0.0 0.0 0.0 3955322.037658034 0.0 0.0 2805159.065517952 2001288.8896073229 2671682.8784134947 0.0 0.0 0.0 0.0 0.0 1330703.642252369 0.0 0.0 0.0 0.0 3661387.2432456263
9986227.131385036 6858243.186263655 13549233.519768486 13220808.749164008 5546393.85693695 11302336.358582351 6236170.543840879 167333.68268711376 1244479.6465977444 757447.1799161963 484447.9368387381 2157208.7570041064 0.0 -9999.0 -9999.0 -9999.0 -9999.0 -9999.0 -9999.0 -9999.0 -9999.0 -9999.0 -9999.0 0.0 2813320.3888826743 4960060.663404899 0.0 4528437.469405363 3219094.950367147 0.0 0.0 0.0 0.0 0.0 3616854.450636619 5580706.302948637 0.0 6200302.595336478 0.0 0.0 7304990.550064656 8290437.5764429625 9186189.133991932 10316202.81037505 4371243.684068962 0.0 3439228.8793810494 0.0 0.0 0.0 3370242.5542940777 3052411.4361689244 3102563.446646968 0.0 0.0 0.0 0.0 4348337.374530159 3071313.14866996 3940234.633330357 0.0 0.0 0.0
4634318.197438174 6305576.068233019 766205.1016889559 1956221.0471040364 6665223.6617761515 7001937.740017366 2731532.3404366234 0.0 379487.07845208107 406066.79886625905 -9999.0 -9999.0 -9999.0 -9999.0 -9999.0 1150658.1632215274 2523859.951983719 0.0 3840832.8888940224 0.0 -9999.0 348606.9016006802 5377032.13351672 4859132.916211423 5914326.543735659 4170910.529471655 4923849.577865735 3159633.4179803124 2819882.83313752 0.0 0.0 3747904.2403728357 0.0 0.0 0.0 0.0 0.0 0.0 0.0 0.0 0.0 0.0 8175893.79936085 9407861.576038083 4594966.848367167 4531916.557797811 4408772.817073809 0.0 0.0 3590183.0654283105 0.0 0.0 0.0 3272452.961819381 0.0 3614686.2830796097 4231065.891382216 3194508.880002058 3520412.495088488 2120378.440519778 2015335.9986331516 3752240.5993726323 4011748.985158179
12956325.905285904 14898137.518230414 8610695.311873917 3994947.80322436 1075199.7811484695 2796606.1197120524 4241271.801398243 4298135.164574899 3021423.349776669 2374564.579182677 0.0 603414.9025641894 1481233.776043325 2370796.636901874 3915361.0357511695 0.0 0.0 0.0 4715861.777361697 5188337.074464745 3873463.6577556403 5315819.260293791 4881234.756682449 5402627.462425563 5000368.919944125 4267426.1429004725 3543314.1547187394 0.0 0.0 0.0 0.0 0.0 0.0 0.0 0.0 0.0 0.0 0.0 0.0 0.0 0.0 8253477.159601094 10977387.208094254 7054517.523555894 12294242.773119692 2472827.326177936 2512684.5482755373 3810281.9229313848 0.0 0.0 3958427.1203435906 3056878.222716262 1619948.329902024 1519647.7506708032 3383572.693689262 3877557.6806369796 2938642.1203393266 3037570.295619904 1887735.4077616949 1401778.6847970653 1295381.3623419432 1453866.6375614526 2594210.166784222
16146662.449314766 13248999.38295783 8626383.314364232 5015594.13252921 4905537.6075597275 4822996.108890912 5898513.723579449 4880015.980083153 5882422.646236958 5016592.725434211 1747652.7650873542 9559749.62068991 0.0 0.0 0.0 0.0 0.0 0.0 0.0 6684750.219583375 4304136.587712086 0.0 0.0 0.0 0.0 0.0 0.0 0.0 0.0 4034478.383198022 0.0 5139949.025446618 0.0 0.0 0.0 0.0 5114480.614734147 5399325.066167124 0.0 0.0 0.0 0.0 9561024.725270983 6954053.454809055 0.0 6549988.240389373 8735439.091840774 3792027.5023271474 3195294.3107086276 4140375.6508602183 3976375.250053541 4411931.223319808 3870898.160468176 2759782.849512076 2764692.169140411 1287127.4585854101 1483762.0945327752 1626360.0663992348 1465726.925331402 1465582.5034576594 1426391.0435166648 1583446.1641595154 2152230.6129004704
9599901.49806696 9259756.781481935 8149048.842846716 6616459.78572929 7998996.637105594 8088009.460556276 4930879.220101048 4346456.349048508 3107997.782298561 3027122.554826131 3600372.01766339 10542553.678936638 0.0 0.0 0.0 0.0 5104597.585420337 5808188.851260241 7712193.517071264 9348549.026836358 3072312.249346486 3988695.489878787 5033802.420554825 0.0 6226768.4191359235 6366842.329944613 0.0 0.0 0.0 0.0 6048522.0681331 5285680.535813009 0.0 0.0 5369263.6573378155 5324057.145730861 4954214.251960132 0.0 0.0 0.0 0.0 4676672.147139283 9003893.660755277 0.0 0.0 6034793.505011177 6933256.893279895 3378034.1110339332 4509287.880916338 3320184.287586606 0.0 4027549.7497786484 2631091.3839876964 1520733.504409965 1857639.4086331388 1655505.5363747173 1184506.289917358 1213746.5751972608 1330164.354091951 1440377.077268299 1430870.6173264254 1497692.5138719417 1728871.6175150154
6895407.350645083 6535502.706715198 3802809.8581966534 3588223.3948287023 7032125.496840413 6951678.011079139 2556636.223638841 5106446.259900312 3618315.360060567 4494745.848345633 8907461.989954544 7597718.397541927 0.0 6441314.9070349345 8798673.39022799 7258435.8393114945 3268335.7163660307 3828731.2650817577 4233093.855398924 7299306.521238566 8245708.151489288 11500105.080164723 4171518.9705337007 0.0 6294501.606634455 7146893.615090961 5540946.829792598 0.0 0.0 0.0 0.0 0.0 0.0 0.0 0.0 0.0 0.0 0.0 0.0 0.0 0.0 0.0 10372054.718064753 8919463.148073077 0.0 2151589.5762539664 2397217.231282478 2448189.584571992 2250410.6350736953 3992844.412499478 0.0 2915782.588439023 2156253.4696647734 1626883.8797644014 1457118.3138489285 1527743.164711368 1480262.3813419542 1485388.116645092 1273472.7072888627 1491000.0637685726 1600310.855415341 2891757.8480591187 1982009.2185329744
9439486.703074869 8051634.131153385 9257446.569879783 11015659.597789852 8549157.999602607 6332761.435323454 3454585.1933198366 1528508.6353666992 958039.6405062637 371076.438598052 6204259.040231867 0.0 0.0 5566818.18557524 6617450.130832662 10390780.667439755 0.0 4389005.653704547 6061308.25676471 10166923.067164652 8168739.702650067 10181306.127830187 4347022.8537848815 0.0 0.0 0.0 0.0 5345713.197007327 5596563.727455476 9295102.997902788 7367089.774138243 0.0 5399118.640486476 6797462.739527563 7316454.177321043 7529377.093645782 8691897.759514522 8179710.165810678 0.0 9011473.040300164 8851990.34100892 0.0 6001200.904149496 8624354.244553307 6652184.614288842 2503041.040187219 2382191.085474323 2535452.8749102848 3425826.4095065156 4109230.3589821653 2452255.151187307 1622606.3721863085 2653281.359141434 1654144.0024182915 1488475.1754380572 1480197.3641858022 1541812.9706571498 1530845.6722917273 1622877.6192942117 1710330.8543733975 2599376.0218919427 1767976.3309236174 1415670.5817646945
6382291.403911803 4596060.021967938 4020101.3838410117 3442299.1129490514 8302232.373164879 6614266.011788541 4959189.227138122 3972674.2816016823 2265113.9440193437 2352332.3987945467 0.0 0.0 0.0 8047732.410631391 8133598.894563358 0.0 7455768.475475639 9639378.963636965 4527788.775616875 5211923.031681472 0.0 7909317.22233535 5582115.2488809675 4362079.6363644665 0.0 4977306.369217198 0.0 5937465.3539788155 7031333.2003412265 8262725.546659345 10284610.369435737 3574801.070929924 2673979.9517037026 3553196.7579143126 3949683.4685474774 2831498.2841586038 0.0 0.0 0.0 0.0 0.0 0.0 0.0 4219288.169920495 2737741.384322476 3665871.4903271403 2574712.6172188525 3101775.1915637986 3397256.2913099076 1947972.2246585558 3234186.9168171585 1634441.61304151 1587922.1759922062 1630717.031030655 1734050.6548791192 1339654.6585129949 1503917.3607165692 1384254.3590249987 1323404.755907245 1447098.6142663236 3013520.878951936 1691874.6449025143 1596275.4706365666
5463283.120227169 3085296.7594029647 3360927.5188408224 3681179.0054300167 3896607.072525666 1438092.3674825518 1908022.152892888 1168124.563276953 5373013.292744525 1068375.9245502742 5790542.298961439 13199206.557948198 5008621.405373786 4251239.093686577 9679191.785290772 8909517.3521557 8532343.634625502 7211526.099913923 4225853.145780073 8462896.159885889 10778426.46672362 7995633.2436096305 5663144.424609174 0.0 4052212.5295824716 0.0 0.0 0.0 4686053.161019167 2622850.36118623 3230792.3552568597 2538789.2980444683 2692658.2958114715 3731359.4628852974 3268958.484579703 2660418.7582941656 0.0 0.0 0.0 2391167.950509253 0.0 3546820.816137964 0.0 4074480.556587518 3330837.422500564 3596041.6306642573 3888047.8935965183 5346355.773242795 2888736.4950835 2542019.365418964 3201585.4275708077 1893971.7470598924 1329769.619722746 1399134.7022210653 1521738.187919546 1483054.4938173671 1647238.3046366794 1967763.7526678145 1129934.5332758038 1496474.5031327526 2292288.8745994074 1702818.466971492 3090017.2829657127
7470886.431894586 7061252.299344627 6751573.338661901 3743562.0577859683 2582667.3489944655 6156532.609388302 4676505.394060103 5993378.155991225 3590717.6893625404 3174816.3738876805 0.0 8219559.955648655 0.0 0.0 4210928.485594044 4225367.123057422 5740330.176206468 8136822.144841213 7063725.543707373 6626582.583040016 10763396.389191076 7000259.17460987 6812355.887169652 8237112.208120788 6473110.508516958 8143054.833917571 6783907.4074281 0.0 4403787.296137946 5842094.278548913 2066773.5566122704 1193258.5215958776 1500732.5754449798 2342191.7428566846 2759944.248043526 1348821.8075786233 1773306.0500619577 1689505.152284746 1888255.0516929883 1730772.3943548645 2214976.4267293317 2429868.505451406 4457423.804949695 3269788.1078466624 2556284.168957847 2265702.4479024736 2441661.5235112654 1988668.0824725349 2208589.7528749825 1749638.504039138 1614716.3966271468 2153340.3987652725 1477637.8618871775 1493870.3758699568 1580606.3773758216 1927918.5752640897 1354768.286440775 1453466.1703852147 1260442.7741217804 1467948.8822253495 1741855.585192374 2847276.298249605 3018048.700265672
13797434.029062726 6465475.103034458 7596061.220148327 8966639.851281023 7218436.609107269 6323251.6831422355 4394705.636824199 0.0 0.0 5458834.870786911 4817792.909929453 4251337.314611584 3122208.177219914 4054005.67611098 3926091.127863992 0.0 0.0 5897194.763032312 8693017.764979523 10246196.871220171 12060371.972259913 9439790.555721495 6712717.1963315215 7431648.136975726 8410608.391765693 11241706.466312109 8670140.164162405 6321716.876109692 8059221.272809691 2661860.4430254344 3622293.721699443 3185919.2121552764 1923365.2974076276 2154393.0313226236 1149166.6462269125 1384403.0682831183 1383836.1058312722 1799180.8575528942 1248182.9727226398 1457207.3596802698 1452962.993344902 2075981.2308562952 2508171.742155609 3019004.8314695666 2409822.6039524777 2576224.2615673933 2037234.025289667 2081341.5484572093 2208913.864490391 1939517.8759968546 1988375.682365743 2186539.229185602 1657876.9075852167 3032962.039507921 3264802.9030124177 2834861.285505913 4396041.319943939 1586465.367041158 1730617.1362890855 1471749.4419071171 1587423.47227199 1845392.341676437 2357993.5483841603
7383538.12146723 6528491.1133507695 9056344.256187715 12640753.678065747 6902104.549880867 8340842.844215828 2286769.429258333 0.0 6054271.0116766775 0.0 6251566.156351026 2120673.8718893607 3594373.9153559036 4003016.0147405956 3549345.6610018173 5428231.708069757 4254171.759070003 4525020.086425981 5186279.525617976 5783667.007817522 0.0 5717902.475916266 0.0 4469828.224499856 0.0 5995440.79407032 0.0 6051996.304573598 3210887.792577553 3022281.249860663 2102374.1559220986 3233290.771169451 2739215.8705899697 1871318.8818392975 1692536.0722995554 1680221.3279292188 1748378.5089192896 1706819.87138534 1369729.7435230068 1629889.3493228978 1399884.8663351159 1810133.7438414954 2509897.964841728 2201312.264709395 1990895.2905120463 2146399.0250376957 2533419.641728795 1920339.5720428536 2514856.692343818 2330233.2255045194 2353373.1864106674 1791376.4324179827 2176263.3251768127 2511137.387988889 0.0 3785432.3705377076 0.0 0.0 0.0 0.0 0.0 1987095.2026462457 1559532.1980471606
5612005.957316541 5767379.763658962 7225374.761681337 7487063.573188191 7925723.55909303 5426170.095524071 8360647.506217245 4020547.102518165 0.0 5621956.618070902 7569425.916965953 2677289.3439724953 0.0 1856859.2629294177 3570174.3803891386 6963282.10361335 5467244.082399687 7656771.295698777 0.0 0.0 0.0 0.0 0.0 0.0 0.0 0.0 0.0 0.0 3306434.600240887 3991084.3398735197 3917131.702574376 3155763.243280231 2099389.10715866 2371393.148933111 1580152.5217274986 0.0 1935494.8832177557 1419317.7051920525 1873116.8210858144 1448309.1715215445 1297145.9568060446 1277396.3439282011 1694597.9080775264 1827600.9202395303 2064799.162823616 2792256.322408941 2576233.567429053 1030322.1274173986 0.0 3993746.430786067 2844612.8910289817 3048488.015728018 3701353.8581092637 1608008.4505411468 5370450.553171759 0.0 0.0 0.0 0.0 0.0 0.0 4687662.084605337 0.0
8317476.68802233 8064617.697176537 15066570.05327801 10535927.254344925 7715246.383002235 10885171.39989642 9097853.911518786 7040749.641211185 7686811.089578885 5562535.492191604 0.0 0.0 10326646.907207033 7915794.897525037 9078150.196069336 7290628.763108648 5847289.326349045 3891261.062107812 3506015.1809929395 0.0 0.0 0.0 0.0 0.0 3979727.8329106136 4317076.639896306 2606881.313318509 0.0 0.0 0.0 0.0 4369299.019218655 2442959.729132398 2311159.6478590695 1179385.3414025395 0.0 4317407.576858421 2021867.557659505 2131772.8101622895 2411879.0495186364 3390360.0172939557 2336945.4076232854 1824113.2955373065 1902712.6694535087 1484472.04656271 1767649.4084367633 2242489.8141552927 1963714.3992045927 0.0 2181401.6344096973 0.0 2360937.292471556 3388598.713066865 2605274.0629255446 0.0 0.0 4522029.2627348695 1616187.223529875 0.0 3436595.5469744266 2984196.755542782 2800130.9311798373 5352200.594190724
9597908.51644994 11746045.599487312 16233466.680830307 10338369.784698684 7420850.603667771 6743933.814685775 12485290.26836253 13413126.025620205 10723618.728274807 9824144.581284806 11870327.916501021 9129005.628450377 6652808.739469406 8874667.068768814 8286354.314726383 11188873.452275373 4187660.1545592793 3395557.612939978 3619075.836799052 2460882.3579652403 4279655.716631023 4747213.968214874 0.0 2572285.8213105733 2726732.7312551253 2218312.813339915 2900726.649820605 2502155.4032976404 0.0 0.0 0.0 0.0 3372617.6194100752 3765270.9607832227 3385212.619437821 7335976.042076698 4063028.7977193254 2652331.79664745 2244537.71685422 2792500.313106764 2925221.402910922 2502200.335519954 2067907.0576222863 1749787.7344065749 1983631.6453891178 1779690.4870998939 1245725.7991611056 1095016.2046406618 0.0 0.0 0.0 3250649.960306169 2629435.585686292 3869455.524087636 4484549.281858978 4495493.8726831665 1635338.579516611 1844957.524419129 0.0 0.0 0.0 2429739.7969019506 2110701.0400701514
