critload/trunk/output/2010/nman_ag.asc
ncols 720
nrows 360
xllcorner -180.0
yllcorner -90.0
cellsize 0.5
NODATA_value -9999.0
[rows 140 to 167 of 360, columns 305 to 365 of 720]
-9999.0 -9999.0 -9999.0 -9999.0 -9999.0 -9999.0 -9999.0 -9999.0 -9999.0 -9999.0 -9999.0 -9999.0 -9999.0 -9999.0 -9999.0 -9999.0 -9999.0 -9999.0 -9999.0 -9999.0 -9999.0 -9999.0 355083.59215091413 541091.0189515125 0.0 1173491.0581125333 631569.6079190657 642575.2945271439 735518.5307485374 541249.6232045565 541335.6290521065 541280.1375633838 541515.2906389231 540501.1374187311 541019.0429701864 0.0 0.0 0.0 0.0 0.0 0.0 0.0 540500.7970837023 0.0 0.0 0.0 0.0 0.0 0.0 0.0 0.0 0.0 0.0 0.0 0.0 0.0 253742.08975482752 253809.19169476148 126792.43480984922 0.0 127326.18087539
-9999.0 -9999.0 -9999.0 -9999.0 -9999.0 -9999.0 -9999.0 -9999.0 -9999.0 -9999.0 -9999.0 -9999.0 -9999.0 -9999.0 -9999.0 -9999.0 -9999.0 -9999.0 -9999.0 -9999.0 -9999.0 -9999.0 419930.23188247794 542642.4311027699 1176601.5376836853 1628568.6302436476 729724.3418257163 542606.3390862752 542483.8764204335 542959.3983613838 542920.6122421368 542777.223728977 543166.0049211623 542501.3742446774 542594.4900376583 542271.749881985 542180.7441666744 542684.4917587045 542501.8166786907 542639.2101229378 542317.9163922877 542593.4860466486 542410.7088644749 127715.41929903846 0.0 0.0 0.0 0.0 0.0 0.0 0.0 0.0 0.0 0.0 0.0 0.0 127143.23336630603 127231.6831862754 0.0 0.0 0.0
-9999.0 -9999.0 -9999.0 -9999.0 -9999.0 -9999.0 -9999.0 -9999.0 -9999.0 -9999.0 -9999.0 -9999.0 -9999.0 -9999.0 -9999.0 -9999.0 -9999.0 -9999.0 -9999.0 -9999.0 -9999.0 -9999.0 153089.93871398253 544887.3230570235 544116.1275504726 545021.656083726 544206.7022628844 544116.1275504726 545021.9883174777 543892.1212349832 544176.1992798077 725245.6191412886 1088232.0559211064 816397.1914219024 725568.342280554 544132.4831841739 543952.1564186553 543863.711731265 544221.2596990576 544086.3166718289 543997.5401569454 544085.6445102026 543953.041291971 256779.00632088337 0.0 0.0 0.0 0.0 0.0 0.0 0.0 0.0 0.0 0.0 0.0 0.0 127534.87607060828 255630.1912018498 127777.69767750287 127803.78953185744 0.0
-9999.0 -9999.0 -9999.0 -9999.0 -9999.0 -9999.0 -9999.0 -9999.0 -9999.0 -9999.0 -9999.0 -9999.0 -9999.0 -9999.0 -9999.0 -9999.0 -9999.0 -9999.0 -9999.0 -9999.0 -9999.0 -9999.0 25748.91325797914 635841.7850419993 545995.5087643822 545927.4005371917 545533.9796605345 1001267.2038257925 545927.4005371917 545841.3873230261 1462872.6472555879 2364014.421537282 727235.0122196233 727030.7043684663 636820.7459482569 545579.4755160058 545981.6110435094 545326.7544901586 545893.0727623218 545502.3931336418 545719.6462993973 545850.6839770175 545633.4308079882 257275.45074503857 0.0 0.0 0.0 0.0 0.0 0.0 0.0 0.0 0.0 0.0 0.0 0.0 384979.28795380704 639604.0457515207 512349.88287032256 256128.45290351682 0.0
-9999.0 -9999.0 -9999.0 -9999.0 -9999.0 -9999.0 -9999.0 -9999.0 -9999.0 -9999.0 -9999.0 -9999.0 -9999.0 -9999.0 -9999.0 -9999.0 -9999.0 -9999.0 -9999.0 -9999.0 -9999.0 -9999.0 0.0 2098801.564302066 730373.3523278332 912646.7450059884 1460237.2718962315 1186437.523544201 1003176.1320610477 1645021.9833984296 2936632.5914651128 3196813.537720087 2007369.4446161913 1642885.2096895515 1733782.7336411148 1825064.3171761732 730035.3672948673 547259.6989875654 547218.8752646565 547598.9095017153 1642015.5690440333 547345.3717923675 547004.9358003171 273570.60108140914 0.0 0.0 0.0 0.0 0.0 0.0 645348.4934951605 0.0 0.0 0.0 0.0 0.0 256502.72110636902 256771.4900817626 128315.69316845115 128966.32792784128 0.0
-9999.0 -9999.0 -9999.0 -9999.0 371915.4331990746 -9999.0 -9999.0 -9999.0 -9999.0 -9999.0 -9999.0 -9999.0 -9999.0 -9999.0 -9999.0 -9999.0 -9999.0 -9999.0 -9999.0 -9999.0 -9999.0 -9999.0 1014319.9620138162 3295386.1214737124 3291927.6701395153 3290317.2818713193 3289528.9933691146 3290840.9608074534 3291213.4123983695 3290060.331546053 3289484.4614495668 3291244.2706124773 3298782.4365096195 3302499.924628387 3292582.2709429953 3292865.1350073237 2013008.3438611857 2104498.5649706423 1464156.6472811308 2744394.3832594883 3109697.53512311 2379159.9880650314 2196028.95451035 915138.5410493878 0.0 647403.0065051361 258820.677345023 647270.4825136291 1165112.7354415904 646883.7425850373 517667.9413325365 0.0 0.0 258737.6785033013 0.0 0.0 0.0 129441.67647884462 0.0 0.0 129398.10597434298
-9999.0 -9999.0 -9999.0 -9999.0 1268517.11034921 120146.97816823995 158301.27359407418 -9999.0 -9999.0 322475.08869901934 -9999.0 -9999.0 -9999.0 -9999.0 -9999.0 -9999.0 -9999.0 -9999.0 -9999.0 -9999.0 -9999.0 -9999.0 3596294.7789302412 4725429.232151248 3877247.114136339 3304213.1529469285 3446431.8945416547 3298801.604057402 3299541.47767713 3295837.4204203906 3297026.133731969 3347863.0873079128 3300862.9255405907 3306843.026134162 3334931.0854954696 3300514.455873394 3300240.8764937953 3301507.0672392943 3300397.7886986337 3301026.509784489 3300934.062817371 3300876.593023153 3301426.2197532514 2751626.5906823343 2206133.792247607 2983280.570422554 2853668.949172701 2921894.811291418 2793969.793985016 2436239.247050631 2567074.1488958187 2462881.408844044 1167852.9548722 389566.87486817996 129677.97841525578 129855.62495616692 389401.0240866248 648718.7409907841 389454.0688944246 129571.64807247481 389397.28073912795
-9999.0 -9999.0 -9999.0 -9999.0 -9999.0 -9999.0 -9999.0 -9999.0 -9999.0 352416.0429848008 -9999.0 -9999.0 -9999.0 -9999.0 -9999.0 -9999.0 -9999.0 -9999.0 -9999.0 -9999.0 -9999.0 -9999.0 12709450.925527152 3404189.9403322875 4254830.329052758 4253065.441796831 4709607.959719764 5394756.336635852 3448190.5442952947 3511138.226718494 3306016.271814403 3365187.569172154 3315057.2276835754 3309892.253375018 3311494.6538256714 3307443.7575402656 3305682.2695909035 3312081.1677955347 3307938.314370705 3307809.681766895 3309948.6036798954 3314772.945137633 3309498.8835633956 3310208.0436549424 3381901.2682081806 2340123.469698832 2984425.1915423404 2921274.9986313703 3268062.9546691976 3119705.1934730783 3120001.1587041924 2859355.937430539 1951123.9828804028 2210623.5470661484 1647796.369195794 1560046.3962467571 2080077.7979772328 2340435.8165836995 1301173.0424445414 1820986.7401949214 649779.8176786718
-9999.0 -9999.0 -9999.0 -9999.0 -9999.0 -9999.0 -9999.0 -9999.0 -9999.0 -9999.0 -9999.0 -9999.0 -9999.0 -9999.0 -9999.0 -9999.0 -9999.0 -9999.0 -9999.0 -9999.0 -9999.0 638483.3916426882 5969989.095099968 4605781.675400657 6391516.852216336 7659983.814161747 7767070.180605465 4267631.098115311 2776638.1370547395 3491249.258040921 3315395.907544527 3315931.602975332 3388395.73641063 3315935.7474780884 3314465.3019452323 3338309.364706759 3312966.593844376 3319849.1064739954 3315703.5364829935 3315957.338007032 3316856.52372616 3316820.2003887454 3316165.890471696 3317453.5866479264 3258635.356150851 3043249.262141236 2916868.282889854 3368551.6945963283 3758651.955483766 2998542.970811425 2867656.083556034 2475216.6524522426 1432715.6655803425 2476221.013202264 2868476.8758152584 2476771.6038235603 2605841.4090501773 3127675.5398094724 2738349.3826838206 2737183.0709732138 1304083.7302739082
-9999.0 -9999.0 -9999.0 -9999.0 -9999.0 -9999.0 0.0 1726841.5502853056 688330.9661911542 -9999.0 -9999.0 -9999.0 -9999.0 -9999.0 -9999.0 -9999.0 -9999.0 -9999.0 -9999.0 -9999.0 0.0 7163165.231103952 10175504.821307726 2748127.5027727173 8696120.244564814 2607234.514542429 10107734.045205368 5032418.825272911 4703462.413278449 2993679.8758779443 3321000.4934159038 4262983.064171732 3323252.354723643 3705380.452417684 3250256.9360827873 3389533.7351137847 2980017.5043225135 2857684.8535042433 3129578.009503502 2987693.767516614 3745126.8671907866 3026390.0444390513 2947520.888962268 3005927.5012284196 3733298.6032449557 3954237.167913549 3932001.55968388 4127139.7654882395 3863562.964706412 3005366.408259142 3005506.2963334727 3006534.874493583 3632667.716694155 3501519.3647750434 3251026.4689035555 3136353.740017873 2998427.733464567 3397776.181456009 7327339.055849318 5754507.234575362 6298335.940839867
-9999.0 -9999.0 -9999.0 -9999.0 -9999.0 157553.20854240883 142614.21895783595 1130421.027049554 -9999.0 -9999.0 -9999.0 -9999.0 -9999.0 -9999.0 -9999.0 -9999.0 -9999.0 -9999.0 -9999.0 -9999.0 893386.748504508 6442410.83737454 1015907.6235225649 1503936.5829149233 1718136.2814427838 2658006.7401060285 3207157.1378790764 2850416.4997241404 3081587.2521136575 3895636.2343215644 6415514.914359856 2971988.4244650733 10501691.985805003 3068379.8501355397 2730072.3743593916 9464385.074269556 11164513.165668964 3137590.8654634096 10771793.283233957 3135112.619838406 3240543.422372883 10388557.0706976 8469404.550347596 3012715.5754591282 3815900.5315390397 2094404.86893047 8482327.276978329 3487515.0604645857 3021559.3650321895 3164433.8918410693 3213693.3834039792 3011965.8586714375 2987162.0155237634 11640771.602007166 10253138.366196262 5706768.665524962 7253013.227373423 7516278.745316512 6834066.611785055 6425584.4890161585 5955887.238322083
-9999.0 -9999.0 -9999.0 -9999.0 -9999.0 -9999.0 -9999.0 -9999.0 -9999.0 -9999.0 -9999.0 -9999.0 -9999.0 -9999.0 -9999.0 -9999.0 -9999.0 -9999.0 -9999.0 -9999.0 -9999.0 5415063.127120776 1479937.352379235 998355.9188246924 1373071.960410373 2157900.0305192545 3510544.814152002 3057212.6051562754 3309806.019874644 10425973.763962844 10195765.95500721 2916910.685932083 9964836.073270913 2835537.2116825813 2644980.85852846 3278884.3522904785 3058653.267686175 3053808.905620279 3113384.098842632 2792008.4555032216 3382881.9420630406 8161569.032660046 1872043.3847274878 2973436.4898445974 3126841.866789472 8320486.232388818 2710864.3074150295 3352331.3816924333 3645494.04179099 3015084.93246217 2885588.153127494 10723190.82655128 12284279.84447197 10191531.489834618 11636780.833198208 15474755.371007307 7592101.353626498 7287537.6433860995 7313719.20595225 7309143.2660887595 7822321.845611323
-9999.0 -9999.0 -9999.0 -9999.0 -9999.0 -9999.0 -9999.0 -9999.0 -9999.0 -9999.0 -9999.0 -9999.0 -9999.0 -9999.0 -9999.0 -9999.0 -9999.0 -9999.0 -9999.0 -9999.0 -9999.0 620444.1777776831 9405584.685817936 6286459.348170461 10028897.698229795 9568217.141613293 8840599.0030873 8720800.220242249 2900008.0062560085 9210139.51528257 2792113.762379422 2942603.8457477246 2489319.5139033697 2746372.3921838095 2750521.158047745 2610741.8324390906 2478474.476518961 1919793.8201530771 3056081.901319623 10198712.143724306 11811396.25527064 2083895.0588359335 9685065.075490551 7707567.462765038 2843035.2500205003 2961938.7545864475 11860508.593321428 3161301.106232899 3083400.01311714 5533250.591559165 8592436.981182763 7858884.892532865 6980925.811710108 7203423.946380659 7941576.666653012 8596287.513700781 6397059.146430722 7652778.980029647 7325108.936545943 7542882.649187943 7672117.088592413
-9999.0 -9999.0 -9999.0 -9999.0 -9999.0 -9999.0 -9999.0 -9999.0 -9999.0 -9999.0 -9999.0 -9999.0 -9999.0 -9999.0 -9999.0 -9999.0 -9999.0 -9999.0 -9999.0 -9999.0 -9999.0 11120595.209919114 19731300.023493018 8076926.2707120795 3151811.241065976 2270465.614067139 9442835.252937293 9711697.856476484 2607524.9812269453 2275866.6977366903 2341572.6708495417 2843969.381291546 2754582.7254226883 2884852.4586083656 2491932.9753645947 2735695.3907597503 3250492.184532762 3046934.0828332533 10683359.155270409 10424084.507546179 3147862.5471996767 9838134.25184603 8558564.418169634 1832956.0585486183 10822922.801848037 10345209.275958905 9613045.765830748 12090970.582395295 11427460.073739223 4083935.2745445045 6331179.28742007 11855785.761468962 10656745.379520768 5527404.157297344 7230493.817097793 2838339.53650148 9817609.511539232 7404529.21298942 7954080.249410285 7660609.953177692 7879400.110344917
-9999.0 -9999.0 -9999.0 -9999.0 -9999.0 -9999.0 -9999.0 -9999.0 -9999.0 -9999.0 -9999.0 -9999.0 -9999.0 -9999.0 -9999.0 -9999.0 -9999.0 -9999.0 -9999.0 -9999.0 -9999.0 3989250.3183872597 1850056.6235490462 10324668.308784483 2087086.6546435975 2055426.3311986732 2473658.4430135833 9529746.447913323 1579734.2769838225 2150682.8211518144 2566909.9579660078 2131624.455732412 2748831.1502443706 2905937.245971176 2739170.1389362114 2878254.650190274 2769113.580529993 2770390.1682063374 3384186.2149148183 2823352.173148665 11340890.601726035 11296021.2871312 9199327.310747847 9239376.01703713 9649514.321879555 8798749.140493864 9664141.588717893 6721937.695374178 11568598.485912547 4937203.013059615 12796703.763454244 5913361.408083799 12893018.315042913 5172007.663632085 5680001.543581186 9320970.876285465 4329493.111625984 9633434.110245038 6277623.859849383 8009260.4442437 8170708.113162155
-9999.0 -9999.0 -9999.0 -9999.0 -9999.0 -9999.0 -9999.0 -9999.0 -9999.0 -9999.0 -9999.0 -9999.0 -9999.0 -9999.0 -9999.0 -9999.0 -9999.0 -9999.0 -9999.0 -9999.0 -9999.0 2319333.3084814413 4493203.765265708 5128932.192539261 6379518.458505189 5131429.836039573 6289338.416849883 4981580.804895889 3823438.680589819 2737353.3566568615 2842424.9672519118 3942258.478841083 2645507.3309054826 2779065.791609249 2753066.497909152 2881300.620547128 3876511.8701589196 2676345.473035626 2934721.912832766 11437049.161260765 3263315.0165202073 9601722.954143956 11298807.451379215 8964727.023475114 9605890.751173533 10446521.232466081 9550981.531199535 4492342.831870751 11662733.501986016 10772169.33263475 9208836.403923675 1958674.5373241778 4903213.9467075085 10385223.136086993 7500032.110591449 2964633.789509767 4555556.41379684 5294353.847560156 5630236.79286265 1501443.9539701866 2020247.2951763987
-9999.0 -9999.0 -9999.0 -9999.0 -9999.0 -9999.0 -9999.0 -9999.0 -9999.0 -9999.0 -9999.0 -9999.0 -9999.0 -9999.0 -9999.0 -9999.0 -9999.0 -9999.0 -9999.0 -9999.0 -9999.0 -9999.0 1171554.4970574277 2427177.461274596 3616395.2320554075 6809141.248582108 3960637.6210171366 2639806.3243941087 2858056.407378508 2716018.4414917296 4329942.291623225 3929896.9892363423 3631682.0545086265 3565363.3603413478 4199714.975337741 3937558.1320256568 4090916.4503521323 2966602.656255649 10141594.37099246 10430948.08761982 8637438.588857587 9138751.875371672 9694829.754798237 11485687.505182317 9641544.702595627 10914505.373233052 7275638.701866095 14393402.323454393 11807769.788071346 11439022.517425526 10431374.111611912 10091575.83653228 3088934.4796414026 6252061.203781748 9163765.692233434 4961747.856086384 5192163.106681181 10353837.487059817 10500236.981324472 1331932.6000197032 259257.097585584
-9999.0 -9999.0 -9999.0 -9999.0 -9999.0 -9999.0 -9999.0 -9999.0 -9999.0 -9999.0 -9999.0 -9999.0 -9999.0 -9999.0 -9999.0 -9999.0 -9999.0 -9999.0 -9999.0 -9999.0 -9999.0 -9999.0 745721.095842817 337235.14633598045 3410587.479714697 5329968.305257589 4153138.224017499 1273027.5685032764 1600722.060293786 2225906.8280329034 4141111.3050581813 3799591.071317966 4135743.016525165 4789123.297137118 4387683.704508338 4531666.165622182 3956079.570419533 5800875.81057345 7893676.377676386 9605039.976530511 8888074.19412118 11453390.843696501 9637697.706639234 9597625.569823503 12316517.935371632 14298098.449279599 8355582.516086509 10561430.769332547 6161999.386980547 10145584.825086126 7188339.062169937 3434396.9764400134 4850250.0422530845 13147049.7465165 10898993.04407589 8455000.872237928 4800480.132906023 2630941.989290437 1915168.012759343 6543147.737771478 4895354.552181522
-9999.0 -9999.0 -9999.0 -9999.0 -9999.0 -9999.0 -9999.0 -9999.0 -9999.0 -9999.0 -9999.0 -9999.0 -9999.0 -9999.0 -9999.0 -9999.0 -9999.0 -9999.0 -9999.0 -9999.0 -9999.0 -9999.0 -9999.0 -9999.0 287555.2693468966 2262668.1716110306 4501881.39148769 4290251.852397083 4687605.199368565 3858158.4942498696 4325190.14252444 3518758.0001560706 3918859.7424415643 4149868.646383406 4009493.2935043997 3879601.049040815 4359174.467937318 4131800.768694008 9247542.557525707 2163176.5586637245 1815741.8620884845 8016200.325692065 9261897.80521632 12077638.431938026 9370917.905768054 4002579.584770177 10724327.672666265 5505295.406259183 5123057.083646551 2838493.2911777184 2194471.564908575 2113308.65406837 3580792.8940490717 3060009.288480761 2484572.1460650754 5854615.342416467 4534009.660281135 1492370.553793336 1110140.7996386588 2957709.855828186 5715324.020006528
-9999.0 -9999.0 -9999.0 -9999.0 -9999.0 -9999.0 -9999.0 -9999.0 -9999.0 -9999.0 -9999.0 -9999.0 -9999.0 -9999.0 -9999.0 -9999.0 -9999.0 -9999.0 -9999.0 -9999.0 -9999.0 -9999.0 -9999.0 -9999.0 -9999.0 115196.49518516891 1264527.8705099015 5537277.508862405 5181017.950444011 3901910.7894965643 3902188.550130751 4144622.8447431866 4372854.751826624 3458994.028293262 3673798.96359768 3970395.631688815 3782511.5811209306 3958484.126975436 2371726.566899691 1011143.4147673231 1015328.2031284014 1451810.9330419477 1614722.9600479675 1702153.6281581286 1478616.7147856683 9809829.765058864 4488530.749647514 3749165.974919375 4669062.423957402 2679191.9804200726 2405694.190814799 1706564.8632869516 2804083.596798748 2655129.084466313 1915444.8741987057 2409864.913186409 2849499.268616959 1985646.3749635275 1799220.7100658803 2803697.225105747 2340677.7849133783
-9999.0 -9999.0 -9999.0 -9999.0 -9999.0 -9999.0 -9999.0 -9999.0 -9999.0 -9999.0 -9999.0 -9999.0 -9999.0 -9999.0 -9999.0 -9999.0 -9999.0 -9999.0 -9999.0 -9999.0 -9999.0 -9999.0 -9999.0 -9999.0 -9999.0 -9999.0 -9999.0 1995617.2717129411 4324809.379395144 1848509.2788179852 2020879.083527727 2244574.594678904 2498066.810462795 3968182.027386194 3591565.542852436 2775538.589483927 2429810.7681998145 741881.8171070854 1675240.4327409049 1222475.8323704682 1042201.0688437298 1377951.2964481192 1686270.643933328 1845553.435757294 1384172.28492257 907656.9257398036 6382196.499983739 1028143.0404306706 1419429.9051747485 1849947.0685844617 1777341.4321827926 1603703.9374434 2361881.507713905 2373993.913782455 2687883.0625495766 2467948.6900643376 5031863.020087477 3914717.5956995585 5379300.595077646 798633.3069490457 1767470.7715843571
-9999.0 -9999.0 -9999.0 -9999.0 -9999.0 -9999.0 -9999.0 -9999.0 -9999.0 -9999.0 -9999.0 -9999.0 -9999.0 -9999.0 -9999.0 -9999.0 -9999.0 -9999.0 -9999.0 -9999.0 -9999.0 -9999.0 -9999.0 -9999.0 -9999.0 -9999.0 -9999.0 -9999.0 3217385.9176786435 3241760.9378911015 2129876.1472838605 2341010.4690698986 1911357.1839406427 2729218.340651957 4369398.977270526 2319653.520161885 1960626.3851959058 860629.2763074967 1602277.4950180182 846368.1095205672 1037258.5480702622 960606.8653856143 1423680.843697852 1745873.4426253475 1360389.3403033013 1375646.3070476365 782183.5559436551 0.0 975597.8031214555 1227724.6923067698 1473001.8973012955 1500967.3476273702 2622730.851064585 2556035.310305318 3269294.8440451478 3427868.5186520256 2035448.211584664 4363703.158355912 1357906.3239318177 684465.1143054918 1637474.2225369813
-9999.0 -9999.0 -9999.0 -9999.0 -9999.0 -9999.0 -9999.0 -9999.0 -9999.0 -9999.0 -9999.0 -9999.0 -9999.0 -9999.0 -9999.0 -9999.0 -9999.0 -9999.0 -9999.0 -9999.0 -9999.0 -9999.0 -9999.0 -9999.0 -9999.0 -9999.0 -9999.0 -9999.0 1558808.2623752854 3014386.9501241473 1842488.2826518957 2394739.898910103 2967496.398312365 3786022.220418276 4694001.4992569955 4509977.177733456 4567372.039958813 1448182.156481143 2247983.827792361 1082596.0240470949 1018800.8906092709 985070.4423292102 930639.13524027 1324744.9564693263 1375242.2382209408 997038.1132962944 1108187.7815713421 455446.5562849209 958747.9743101966 1045649.3791204003 1898860.1068367416 1951667.509166157 2522342.274657148 2641550.116117368 2938320.34713955 2117615.411517551 1604362.5332464008 3515512.279501334 1244366.990592819 958695.593632587 6802597.669970486
-9999.0 -9999.0 -9999.0 -9999.0 -9999.0 -9999.0 -9999.0 -9999.0 -9999.0 -9999.0 -9999.0 -9999.0 -9999.0 -9999.0 -9999.0 -9999.0 -9999.0 -9999.0 -9999.0 -9999.0 -9999.0 -9999.0 -9999.0 -9999.0 -9999.0 -9999.0 -9999.0 -9999.0 591985.2920926347 2930393.143859217 3372151.4998546625 3256882.8272783654 2028141.7235622508 3377242.5092643504 129519.8825269472 129374.01045181604 3893417.826042637 3887480.002646104 4589482.611965187 1293804.3269528819 964928.0034002584 980548.8666345183 1014991.7658268225 1313261.459554798 1545348.671033617 1017511.5788662982 1384517.4201973756 1341187.6410540207 1629206.1981479754 1325833.0038361193 1938493.9861266261 3186878.7333284924 2833901.4703973643 2456317.509123721 2257805.0156591996 2186429.0468400344 2749718.1021311376 3889526.634376374 1923683.4455182396 1518314.076464641 8184176.378386499
-9999.0 -9999.0 -9999.0 -9999.0 -9999.0 -9999.0 -9999.0 -9999.0 -9999.0 -9999.0 -9999.0 -9999.0 -9999.0 -9999.0 -9999.0 -9999.0 -9999.0 -9999.0 -9999.0 -9999.0 -9999.0 -9999.0 -9999.0 -9999.0 -9999.0 -9999.0 -9999.0 -9999.0 -9999.0 1548073.1317840386 2849713.5201311554 2944600.9105763882 3848240.8889661455 2749530.6325795534 152344.07449180694 84257.97339157491 1280624.9786006329 5346594.826068955 1355297.4902994912 680645.3916381943 674925.857000788 1541903.1306745796 1507508.5483531724 1728747.2678109617 1577319.9444146773 1379894.8087873782 1497449.3668717486 1633611.0333624873 1888601.4453424565 3364138.3754190416 3147801.159913254 3374219.5082302103 3185259.5320945336 2539257.1839174274 1727835.995176655 967194.208146786 3860712.5424009617 5119220.054940288 4943730.5404290715 4639927.68093981 8590368.637743685
-9999.0 -9999.0 -9999.0 -9999.0 -9999.0 -9999.0 -9999.0 -9999.0 -9999.0 -9999.0 -9999.0 -9999.0 -9999.0 -9999.0 -9999.0 -9999.0 -9999.0 -9999.0 -9999.0 -9999.0 -9999.0 -9999.0 -9999.0 -9999.0 -9999.0 -9999.0 -9999.0 -9999.0 -9999.0 -9999.0 1567209.0835780306 2414717.4660763256 1485648.8209935122 113345.2808226927 101121.66077229427 75460.35380507 119213.27617240467 123460.74748308085 356678.8498752227 1281733.8052211942 1084297.5590485432 1455332.652020243 1744359.7072731839 1156497.746922284 1620173.6357011788 1503095.712131686 1919185.0052172607 1514419.291825043 1096128.338345915 3134617.1368496213 3676382.082520912 3547231.3432942387 3324779.837375232 1981321.1872908396 2457809.7291252017 1211405.8720263785 5217584.815160524 5206873.487815155 4754130.166857197 5639342.657997634 6377245.94106329
-9999.0 -9999.0 -9999.0 -9999.0 -9999.0 -9999.0 -9999.0 -9999.0 -9999.0 -9999.0 -9999.0 -9999.0 -9999.0 -9999.0 -9999.0 -9999.0 -9999.0 -9999.0 -9999.0 -9999.0 -9999.0 -9999.0 -9999.0 -9999.0 -9999.0 -9999.0 -9999.0 -9999.0 -9999.0 -9999.0 -9999.0 0.0 1368009.550666568 2676312.793647994 2985368.0701666656 2275196.334875523 159138.30792048597 128753.51297983825 1115090.4475451668 444645.6744663967 1159786.4111512648 1460087.9771706092 1540868.4085447562 1647059.7537647765 1956813.8527986493 1532735.575658266 1744944.5582396989 1671265.0601189216 1811691.3589553596 2504308.5128299403 2686727.976995684 3147687.4741947334 3030419.850952946 2708300.308070385 2351902.6797109595 2206444.0133031313 6016319.67149932 4533500.18883416 5924019.245124869 7871340.739889198 7573280.793396667
-9999.0 -9999.0 -9999.0 -9999.0 -9999.0 -9999.0 -9999.0 -9999.0 -9999.0 -9999.0 -9999.0 -9999.0 -9999.0 -9999.0 -9999.0 -9999.0 -9999.0 -9999.0 -9999.0 -9999.0 -9999.0 -9999.0 -9999.0 -9999.0 -9999.0 -9999.0 -9999.0 -9999.0 -9999.0 -9999.0 -9999.0 -9999.0 -9999.0 119756.03655652095 1968847.8785771292 166356.7895235245 161333.20139637665 118882.23980407583 82065.68370248939 349406.9441865325 1053056.1548628055 1500198.1312804788 1876661.8233051172 1841043.4160810332 1619420.2335247023 1756322.04891523 1718280.1390032023 1507804.937759125 1481318.3599041998 2284712.02522517 3064741.0522699472 3150838.529758498 2978424.4977459935 3060634.6780286394 2875518.063817087 0.0 3491624.864068185 2808872.9170029643 1500831.051642827 2303364.634288467 1554644.9443604497
