critload/trunk/output/2010/nman_crit_sw_V1_ara.asc
ncols 720
nrows 360
xllcorner -180
yllcorner -90
cellsize 0.5
NODATA_value -9999
[rows 112 to 139 of 360, columns 124 to 185 of 720]
-305577440.10398465 -69018705.12024997 -1701027.8213865235 -4115353.8389789783 -533847.5096859006 -1901066.441952417 -1576245.3856009382 -127254.1988502827 -67042.7942480619 -69585.88492688972 -73976.33318536267 -2292580.8268763297 -12817702.609460838 98540.64224242343 45506.08152565644 -106925.36860883428 533297.6318609072 896089.816519216 -507.1607807981139 -9999 -9999 -264.830554884015 -3284.429074781676 -339.32966548144117 33722738.341589324 -7879277.6773792 -1327.5515925342277 -790.7442616262833 115808972.65712357 -5864760.933355113 68564720.90778464 7894.539121724421 1554.1849263113768 -2016036.335119112 -3269198.795285475 -6876613.896246276 -3294151.373345217 -6769654.138046195 5340.713241328119 8381.318816775416 9727.057515488732 3288.473653234772 2696.0399133244678 1766.6405676041204 1226.479154101246 -1394.758454358775 -2139.025249394855 10310225.3272081 -4067087.5313855563 -637544.1787076751 -9999 -872393.7999344941 -1799711.4175502695 -8695097.92404425 1562821.9205015216 -862174.7748645685 -538438.6116786352 -127286.146459638 515944.22140924935 -320448.7611678117 -574.6582691606909 -1668.760886063827
-3035324.0172124403 -11377101.344266359 -2168356.5214442234 1294503.0420096326 -8985291.379785586 -1287841.3546284551 -1643394.4478539012 -9999 -70625.01086909967 -197278.02703273098 -28774.16228252741 -1153016.0049330902 -4215483.367674174 127466.08474837264 1780818.6508518727 -1902178.8506591138 123701.67621650951 318945.49244400667 2073.7250684119886 2370.0770721156637 16834978.663553156 -561.3140240107374 -430.3599279759706 33.00703958076914 -419.6724929599088 -4862870.250177356 3833.945057025554 3544.8297074372467 -3955642.762857699 110390379.03528835 57194145.51196124 11206.728035629736 22893303.758041233 64514238.5816667 37819912.62266072 22455102.563538175 -32274054.37570854 12858596.398609376 2745.4046615077214 -9999 10407.150984596281 4481.556197272034 9250.66769138085 13487.056990027382 -2158.785165279675 -2723.103076311887 -7250.546636631304 2165.0184314143426 -1939413.4001565047 487718.6479833824 -2858866.607158571 -9999 8766767.489686167 16344951.563221782 2823794.562870444 -2051616.8235106065 468421.098130818 -117687.18725842872 486398.50940143183 -2137.3638483236587 812.2753398506735 -1086.2485041183877
-9999.0 -9999 -28711589.684428614 -1160871.1958484198 -9744589.204541858 -187615916.7429084 -11376020.433451274 -115481.00814827812 -104062.4576108216 -66767.29516082749 14651.481905480523 -61839.98022282199 -424240.423344996 234981.60744420098 -480915.8033398275 -68452.76523332669 -24613.9738451462 263914.4781435055 -2365062.373592451 -9999 1254.6275683812185 575.9477187860286 -391.551011440587 3682.767535566369 1613.8713359555902 -5310740.640946177 -1058.7653481202963 3341.119312107849 -6191011.73476808 70043638.18870871 22071969.980515797 -7144858.271664637 28496720.633553736 -5279725.966210311 37007356.20996717 646947.102382405 32696842.286732297 21536528.435364 8332.492288251284 5875.667250441662 9826.080247150503 -9039.777461402882 -5168.087129766039 1145.4793472817883 -5348.862935295712 -1896.0806440471144 -3089.975732891952 8834.075771470241 6853.230328454031 -906.3355731964696 -1806.2961168568165 2533.077579779894 7131.950137726439 -19320.26875506644 1776946.214799695 -690900.8040397466 -188990.6394211632 1004599.4714626566 -94030.94323437958 6760.981926834251 -945.0091277309876 -436.31437233770157
-9999.0 -11153827.80075973 -8779990.33621704 -152724.8790262067 1528016.8516265412 -2812366.1633972405 -31817605.617879376 -9999 -9999 -9999 -9999 -64113.7180237228 -62403.78857575924 -40306.35943271373 -24648648.238098405 -2249755.9558688416 -129199.79893370868 -71421.59224026707 -473.15150000473426 -470.72119698558504 478.1641719578706 -291.9393715185425 -164.39713859031514 -902.1414581508922 -9999 -357.1532034751492 -9999 2486.037184176556 -668.0006728762761 11472.860282721349 170914549.35537502 97864508.3017274 89216871.39219289 34847659.293626085 45560127.769452676 36936721.38749458 19228557.421691403 19282048.89513626 -7126379.589838176 3254777.640252257 29970357.579864744 -7333553.401677894 10850.49793984641 3146.826294861673 -4409.725925259818 -4652.769981439416 -2931.620395755201 -807.458499805097 3481373.9983999953 11039.60191431126 14068.655388640333 7108.984769106495 10207.283141963502 -3739.0445342790586 46766.440959613414 -3047202.0390395597 -359669.9154971997 -184414.3775975287 -433031.43021667283 14760.62184539754 -939.8267872210151 1082.7517082316372
-9999.0 -9999.0 -6286402.916569032 -219644.1421423548 1154879.7200422017 -9999 -2101756.6466729175 -9999 -9999 -9999 -789464.7600370526 -73032.51920289456 -927457.3236317085 -1332974.417340501 -4429933.020921796 23118581.14605224 -77804.27994722524 -58448.127720612596 -379.6017627229198 -364.42798224007646 493289.32039059396 -148121.74056077734 -8838234.885493685 -39300.23061880786 -659.477828894917 -1005.4653217865291 1231.7951657424483 -9999 -1345.4879572873326 19346.624677484233 16804.685973020503 -54466159.13144092 -4999635.634000644 -4383299.48926543 18380676.83695147 -737836.1678418353 8384425.516781818 22593668.49986907 -13792104.610090315 5020.811696120414 6693.581687393659 7077.771464560466 11467.202811396179 2637.240937627979 -1872.1003949606124 -899.8910612308601 -1252.6958230142488 -606.143470769386 383.42623736894194 4017.285199196963 10087.079686759591 13010.151004075948 21225.719885882932 -1065620.829082022 -66354.57266734653 -343913.1609863703 -226516.01681983887 -247868.24441893338 -215291.5985968839 7782.2420072641335 -890.809649575037 277.73307561657697
-9999.0 -9999.0 -9999 238998.2017212166 -172601.20433420982 -9999 -9999 -9999.0 -9999 -9999 -9999 -645387.9052790924 -1258987.0763968735 -7924695.1605667425 -10523103.386662858 -1604942.8574116498 -3187929.054526006 -611042.9919382429 -542606.1329431821 459741.5538643833 -946419.1435736942 -1557722.8010679306 -5303391.348735104 -580355.5220959096 -833.4956499627745 3052.186960955895 1568.0323546070906 -968.7453773935006 6552.398156657107 8920.989434079804 10685.57752318932 18593664.900345504 9797161.387112185 37601246.05064573 -10824015.696306493 -1144268.0000049141 26326886.36764683 31134416.258132912 -9955540.119562358 8240.080045401957 5269.761403561275 9377.650076592157 1418.0212249288634 4235.936614753178 -1176.7255170175754 -845.8916704671112 -4615.204359097852 -9999 -9999 -9999 4592.292616437517 5688.890514875448 24916.600564963177 2018977.1912441778 1524250.6631117754 -321358.64632366854 -192680.2053380256 -745528.9128077843 -31168.807513012303 6505.577586685036 -6972.305511070031 -2633.2729964654627
-9999.0 -9999.0 -9999.0 -81275.45928558701 -587015.1803284961 -9999 -9999 -9999.0 -9999.0 -289602.5880346848 -1023437.1502086675 -1211115.912264269 910665.5741606621 3260986.9362959103 2906647.2752611646 2367873.912153251 743876.2523255374 -633354.5278195308 -527646.1388042318 -1141052.255515172 -552864.8823522725 -2076005.4650400958 1842902.5224007317 -596919.3641705712 -747133.4635997767 -2744632.3673163466 -859.3178558739742 10512229.7404858 -2530236.9456376703 4019.601395873401 1812.7735045378074 -4735114.503879676 -3865033.0472471197 32441595.291647926 1041129.9113690152 -8931661.899597777 51687653.553301714 18062781.028122827 21542438.040066157 8734.87986239856 2187.3574790663356 12436.949211875906 2919.8653178673285 4833.913624454477 131.72550016902937 9145.908641987175 -448.94935711760525 196.67939906781967 -2875.806760161901 -635.1976224800532 -1483.7115287948277 13847.151539605196 1851.6651587991303 10558.743625166608 -2810.752116031387 7352.993626423271 -520601.20571275346 -227066.991340697 -187281.539589469 -61084037.597347714 4669.726751245817 27850696.888342492
-9999.0 -9999.0 -9999.0 -9999.0 -185408.56366421786 -301132.88064317027 -9999 -9999.0 -9999.0 -9999.0 -9999 -664421.8446672471 1923766.5310073143 3382053.724291038 -519874.0750249602 -1451437.730711795 -1159846.0118606756 1020714.0902162689 60955.739148214554 -692780.5259255558 206581.85048351416 -1009394.0088165153 -716651.1561274327 -664602.1954329059 -9999 -9999 -1526268.1367811812 6220.724317308453 34865040.445435904 42486402.245238595 -6002198.343306598 4526.591440175913 -18652052.202588733 -5747117.615774692 8232315.131600865 42849918.138856575 30612654.091963157 4531.114533343679 1827.6663076659577 8050.408219222921 456.76234506515897 4094.8593928209307 6724.114296797775 3548.557034168331 7708.251969309926 83721983.1432574 19568.08966005518 -21053.19508933947 -34220.104210072685 16919.49207186195 13569.118385645546 15202.240120103299 4835.638994812075 -66567.03685641036 -708272440.1630254 80926561.11671829 334491375.2578517 749602648.3332121 190982480.7782087 29065946.799559418 9584.72270671066 265948020.21314478
-9999.0 -9999.0 -9999.0 -9999.0 -9999 -9999 -9999 -9999 -9999 -9999.0 -9999 -9999 -9999 114529.42127736763 -1626996.6370856813 -1341510.2307127102 -772040.5564565031 -1815632.8934263894 -430520.97536675085 -380163.89888688445 2963859.8031409318 -876873.6332357829 731808.5018123625 -9999 -9999 -9999 -1500213.2544131412 352.91985350122405 -826.345610131593 -9999 -9999 -9999 -4114803.857746604 -9999 3721041.9611439877 -6792877.8579260055 28092817.23091429 23049868.52585915 3109.8385777518592 2452.5874948700102 13867.352796931225 13572.63862017844 4916.805869061704 4789.39557059609 3540.791514765684 38029606.43428312 105097929.88684309 21942.94455359615 -9999 59172.673401646614 52226.49469823464 8435.768629870516 60484.48432252959 838314940.5951997 516357968.65929204 372369326.3992632 -1446339250.5391545 -9999 -9999.0 -9999.0 -9999.0 -9999.0
-9999.0 -9999.0 -9999.0 -9999.0 -9999.0 -9999 -9999 -9999 -9999 -9999.0 -9999.0 -9999 -169964.6969428894 -3361588.1520884032 -19218864.06137655 -1123931.8471579312 -633148.8987785429 -10926833.367243137 -1525731.6531733228 -303443.53961115004 178666.0996711454 3149225.7827468733 -9999 -849568.0889111585 -9999 -1669525.089080761 -1818637.695865665 -654055.4138379137 501.9633836636889 -9999 -9999 -632935.299595577 -9999 -2764602.7956909216 -20975531.32165282 39361963.10195199 21090996.96667627 51835945.27526105 -8482798.37929505 -28468851.92569879 13988.610250033353 4000.5570376669534 7484.862013850203 19074.97731822487 16419.122858590064 27375.15930530861 28498.042023907503 -9999.0 -9999.0 -9999.0 -9999.0 -9999.0 -9999.0 -9999 -9999 -394921587.20860195 -9999 -9999 -9999.0 -9999.0 -9999.0 -9999.0
-9999.0 -9999.0 -9999.0 -9999.0 -9999.0 -9999.0 -9999.0 -9999 -9999 -9999 -9999.0 -9999 -1202248.9655629038 -589096.0718070546 -1030853.8978662424 -7479498.016633344 -1478028.6787752614 65432.51765188841 -138209.07868205104 -683903.1050540289 -5197055.930222721 -9323615.24138961 -1582849.5169024016 -21379350.34539849 -1362621.9326467915 -796039.5588514124 -866840.2508523066 -9999 -788621.9612455247 -9999 -9999 -9999 -916882.9602487047 -611824.8120785718 -8542769.602064574 51792583.02157842 38886211.99453472 32887713.568209123 62266974.23978802 108864531.61031039 6515055.249790693 9024.167471350158 20061.686125791886 37906.97649849353 31050.363119061716 22055.607592050605 -9999.0 -9999.0 -9999.0 -9999.0 -9999.0 -9999.0 -9999.0 -9999.0 -9999.0 -9999.0 -9999.0 -9999.0 -9999.0 -9999.0 -9999.0 -9999.0
-9999.0 -9999.0 -9999.0 -9999.0 -9999.0 -9999.0 -9999.0 -515193.5839583057 -9999 -9999 -9999 -9999.0 -108365.74809652846 -448548.5763783586 -720137.7765372206 101221.76188583298 -1046295.1215686089 -864577.0081997898 -97198.2802191979 -381239.6211136108 2312823.6861478332 -3620500.5174714806 -1992214.186353187 -751916.307338398 -925914.7947949702 -1827494.2881228663 -9999 -9999 -9999 -9999 -9999 -9999 -784402.9402976774 -1718091.2574548419 14428856.967150208 4793871.996081534 19526930.316767763 64598499.49447633 -31187497.420868713 59590374.20256414 42740765.61263616 30785.729518470544 35094.92742446635 193810977.89542562 -9999.0 -9999.0 -9999.0 -9999.0 -9999.0 -9999.0 -9999.0 -9999.0 -9999.0 -9999.0 -9999.0 -9999.0 -9999.0 -9999.0 -9999.0 -9999.0 -9999.0 -9999.0
-9999.0 -9999.0 -9999.0 -9999.0 -9999.0 -9999.0 -9999 -9999 -2492221.6256299685 -9999 -9999 -9999 -9999.0 -9999.0 2964041.019485431 1223488.3991073875 -8020967.094194439 -1173176.8963970907 -766710.6612263223 -660833.7682027053 961035.3267202717 1206518.8902110744 -8477203.803572737 -454807.7323034644 -1234605.7588060717 749154.8823819379 -826168.4199829357 -9999 -9999 -9999 -9999 -9999 -91128.7628234155 2201802.131322155 -2669141.299967084 4910764.918501044 12714302.003862409 61361956.77048248 41624801.39456828 80951570.49630918 26685.20597376648 16509.4555799751 -9999 -9999.0 -9999.0 -9999.0 -9999.0 -9999.0 -9999.0 -9999.0 -9999.0 -9999.0 -9999.0 -9999.0 -9999.0 -9999.0 -9999.0 -9999.0 -9999.0 -9999.0 -9999.0 -9999.0
-9999.0 -9999.0 -9999.0 -9999.0 -9999.0 -9999.0 -9999.0 -9999 -9999 886539.5587189238 -9999 710461.3318864458 -9999.0 -9999.0 -9999 64308998.63527284 -37589071.085449055 -8532913.545338208 -41770.77450257335 -863201.9149482194 -639483.8936810852 1306900.30739667 183611.9746120177 -401134.0505871118 1858263.1192906727 -1106490.9898175676 2764756.571032905 -9999 -9999 -9999 -9999 -1688073.2111692433 -448904.8407496753 2816829.9533170816 -307120.762175033 13450943.274071781 -17113987.81174809 24879807.425302148 41034485.622366495 105491850.07491094 -2409140.541477269 102778676.87684217 -9999.0 -9999.0 -9999.0 -9999.0 -9999.0 -9999.0 -9999.0 -9999.0 -9999.0 -9999.0 -9999.0 -9999.0 -9999.0 -9999.0 -9999.0 -9999.0 -9999.0 -9999.0 -9999.0 -9999.0
-9999.0 -9999.0 -9999.0 -9999.0 -9999.0 -9999.0 -9999.0 -9999.0 -9999 -9999 -9999 -310578.9874882842 -118919.55939595595 -9999.0 -9999.0 -9999.0 -91395257.99042825 6364499.056852298 823576.9205159944 890895.134877066 -674674.6992704613 -388321.6424082886 -56332.262220309916 1185531.0064554617 1230248.8192822044 825273.6862598759 -9999 3157989.2705574553 -942227.7019488241 -9999 -814305.5564678784 -240139.06140148753 202432.60922639043 -5465253.439039308 1262604.1779309772 3386998.3299201913 -91308.32045849912 -3638480.690122557 -6543246.019110933 25174224.705691695 -6031493.447799471 138009975.43669873 -9999.0 -9999.0 -9999.0 -9999.0 -9999.0 -9999.0 -9999.0 -9999.0 -9999.0 -9999.0 -9999.0 -9999.0 -9999.0 -9999.0 -9999.0 -9999.0 -9999.0 -9999.0 -9999.0 -9999.0
-9999.0 -9999.0 -9999.0 -9999.0 -9999.0 -9999.0 -9999.0 -9999.0 -9999.0 -9999.0 -9999 -9999 -9999 -9999 -9999.0 -9999.0 -9999.0 -3578944.3158208313 3259129.464223294 950622.1014710764 -352391.7148157585 -557320.4058105432 -327635.0991433484 -17680.324641465188 474744.5675625988 2913684.260568988 -1451616.6820399573 -1627526.266877892 -603012.0661603461 464160.30086186394 -920971.6577342565 -9999 -9999 -1331320.0120064097 -1056716.0484583925 4713853.377691501 3334857.060365031 4304062.252294416 -990164.3197412428 -62631.955708309084 -162.32767772598038 86436747.91918431 -9999.0 -9999.0 -9999.0 -9999.0 -9999.0 -9999.0 -9999.0 -9999.0 -9999.0 -9999.0 -9999.0 -9999.0 -9999.0 -9999.0 -9999.0 -9999.0 -9999.0 -9999.0 -9999.0 -9999.0
-9999.0 -9999.0 -9999.0 -9999.0 -9999.0 -9999.0 -9999.0 -9999.0 -9999.0 -9999.0 -9999.0 -70143.91124658949 -9999 -9999 -9999.0 -9999.0 -9999.0 -26585075.73369937 -34626782.49151385 -11836095.725492314 -139205.9403869053 -1004549.617571968 -182447.37533776244 -9999 2131085.1048905146 138577.63244333182 -2672575.3184256954 -1331783.9233401604 -3243213.5339688454 -21846415.822581694 -1870108.1606004678 6603851.812334008 -923111.0184190274 -896637.1673527077 -381208.20318724215 -25874086.53700051 13059033.136139669 43109018.34309065 11154150.560739212 24828702.34739543 -245182259.93768686 -194998655.3414051 -9999.0 -9999.0 -9999.0 -9999.0 -9999.0 -9999.0 -9999.0 -9999.0 -9999.0 -9999.0 -9999.0 -9999.0 -9999.0 -9999.0 -9999.0 -9999.0 -9999.0 -9999.0 -9999.0 -9999.0
-9999.0 -9999.0 -9999.0 -9999.0 -9999.0 -9999.0 -9999.0 -9999.0 -9999.0 -9999.0 -9999.0 -9999 -2351127.632631596 -345598.44370854617 -9999 -9999.0 -9999.0 -9999.0 38189840.07344393 52132989.730266385 10004198.725572377 1564356.7710661357 -308702.5683450121 -9999 61044.7033445357 224268.75101196405 -350913.1189631032 412265.95870862796 -1462645.23127727 -1596964.5300892852 -1388734.3457408862 2314707.3543992457 -827195.4210651917 110386.05515894086 -14883237.507313315 2423289.9610413727 50075471.46438535 7632743.077804764 -1460979.2752902212 295080.1993521083 -231704775.4317737 53992527.004739776 -9999.0 -9999.0 -9999.0 -9999.0 -9999.0 -9999.0 -9999.0 -9999.0 -9999.0 -9999.0 -9999.0 -9999.0 -9999.0 -9999.0 -9999.0 -9999.0 -9999.0 -9999.0 -9999.0 -9999.0
-9999.0 -9999.0 -9999.0 -9999.0 -9999.0 -9999.0 -9999.0 -9999.0 -9999.0 -9999.0 -9999.0 -9999 -306373.683063892 -9999 -9999 -9999.0 -9999.0 -9999.0 -9999.0 337469849.55158055 49753564.24239713 -23764990.511183135 -236200.23551113752 -610713.1233547075 832425.3982079398 15088791.036658928 -482145.1832558237 6962806.932556313 6597341.253024807 -2610139.403349371 2423089.0470603793 -9999 -739872.8650518253 1060607.0289720714 -176879.27516171313 2619964.024770494 2789423.351637765 6663376.715973712 5950821.037100335 26782568.480856184 97672449.32010512 -9999.0 -9999.0 -9999.0 -9999.0 -9999.0 -9999.0 -9999.0 -9999.0 -9999.0 -9999.0 -9999.0 -9999.0 -9999.0 -9999.0 -9999.0 -9999.0 -9999.0 -9999.0 -9999.0 -9999.0 -9999.0
-9999.0 -9999.0 -9999.0 -9999.0 -9999.0 -9999.0 -9999.0 -9999.0 -9999.0 -9999.0 -9999.0 -9999.0 -9999 -9999 -9999 -1948262.213111153 -9999 -9999.0 -9999.0 -9999.0 -9999.0 22342523.541314125 1522105.0821849785 -409834.3816360792 -351898.9783216466 -9999 -3528594.682728009 10157430.920890873 6448560.829348055 3854499.270444392 -1577826.4922562959 -920702.8343606236 -699772.119705931 -626296.5082521151 7927930.592310077 119412.83720153889 4993968.142337581 86222689.12579988 8659573.415016513 4638682.687920882 113673660.33145224 -9999.0 -9999.0 -9999.0 -9999.0 -9999.0 -9999.0 -9999.0 -9999.0 -9999.0 -9999.0 -9999.0 -9999.0 -9999.0 -9999.0 -9999.0 -9999.0 -9999.0 -9999.0 -9999.0 -9999.0 -9999.0
-9999.0 -9999.0 -9999.0 -9999.0 -9999.0 -9999.0 -9999.0 -9999.0 -9999.0 -9999.0 -9999.0 -9999.0 -9999.0 -9999.0 -9999 -303728.8451240949 1782583.6026533651 -9999 -9999.0 -9999.0 -9999.0 -9999.0 13003118.49853236 229097.3075094494 -262209.76942587027 -898921.4190979163 -76885.64206041612 -304763.3851320006 -1154904.67931359 2154862.904045965 4580256.823787724 -1851024.9518649818 -2077415.6880427464 -1382538.7930539588 2163871.562377579 -421657.981924431 735487.0918499313 313307.7350558582 32784934.104977336 -1231550.960062414 14376598.386903517 -9999.0 -9999.0 -9999.0 -9999.0 -9999.0 -9999.0 -9999.0 -9999.0 -9999.0 -9999.0 -9999.0 -9999.0 -9999.0 -9999.0 -9999.0 -9999.0 -9999.0 -9999.0 -9999.0 -9999.0 -9999.0
-9999.0 -9999.0 -9999.0 -9999.0 -9999.0 -9999.0 -9999.0 -9999.0 -9999.0 -9999.0 -9999.0 -9999.0 -9999.0 -9999.0 -9999.0 -88768.16916642938 26746.027006211516 117144.55718049945 -9999.0 -9999.0 -9999.0 -9999.0 16626138.70969837 -4681454.379125394 -688092.3190271807 -1323932.1580273951 -810960.3875314436 -925926.0641045831 -1179238.210139961 426016.49792143545 -6646616.634829552 -2681767.9818283515 -2316360.2588930735 2971586.945378827 5784.223849505304 -126126.83971205719 372476.1326160193 1834497.7027138928 4968949.090961021 1000334.7054715237 11768970.738878898 -9999.0 -9999.0 -9999.0 -9999.0 -9999.0 -9999.0 -9999.0 -9999.0 -9999.0 -9999.0 -9999.0 -9999.0 -9999.0 -9999.0 -9999.0 -9999.0 -9999.0 -9999.0 -9999.0 -9999.0 -9999.0
-9999.0 -9999.0 -9999.0 -9999.0 -9999.0 -9999.0 -9999.0 -9999.0 -9999.0 -9999.0 -9999.0 -9999.0 -9999.0 -9999.0 -9999.0 -9999.0 6924911.150282064 -9999.0 -9999.0 -9999.0 -9999.0 -9999.0 -9999.0 -9999.0 10826664.277853917 457284.5409646186 -1052781.4327430683 1042584.1411162212 689561.995319209 2718136.4647765225 -9959683.698509628 -2973790.19052143 -2174598.1078433753 -486536.4036281829 -479710.82333937543 -5151643.539336717 3088119.270990492 8849298.085556705 76558306.7528355 68525162.84045236 102464889.08233471 -9999.0 -9999.0 -9999.0 -9999.0 -9999.0 -9999.0 -9999.0 -9999.0 -9999.0 -9999.0 -9999.0 -9999.0 -9999.0 -9999.0 -9999.0 -9999.0 -9999.0 -9999.0 -9999.0 -9999.0 -9999.0
-9999.0 -9999.0 -9999.0 -9999.0 -9999.0 -9999.0 -9999.0 -9999.0 -9999.0 -9999.0 -9999.0 -9999.0 -9999.0 -9999.0 -9999.0 -9999.0 -9999.0 -9999.0 -9999.0 -9999.0 -9999.0 -9999.0 -9999.0 -9999.0 -28025783.13874717 15419302.20945321 -547298.4855929409 -2341528.654620654 5939892.321670328 5050872.0242236005 15449972.770109138 -199980.57950201037 -2873665.3865666236 701819.9051861541 -13700070.960853234 4391063.619796294 34052176.027895816 42599800.31639526 80286243.61916307 104006194.94667913 53410873.41542103 -9999.0 -9999.0 -9999.0 -9999.0 -9999.0 -9999.0 -9999.0 -9999.0 -9999.0 -9999.0 -9999.0 -9999.0 -9999.0 -9999.0 -9999.0 -9999.0 -9999.0 -9999.0 -9999.0 -9999.0 -9999.0
-9999.0 -9999.0 -9999.0 -9999.0 -9999.0 -9999.0 -9999.0 -9999.0 -9999.0 -9999.0 -9999.0 -9999.0 -9999.0 -9999.0 -9999.0 -9999.0 -9999.0 -9999.0 -9999.0 -9999.0 -9999.0 -9999.0 -9999.0 -9999.0 41243567.75392036 20081076.770837333 516926.6176301689 -3702985.334265498 3366789.555870825 25828256.941493966 1572139.5750104878 -10616584.955276348 10422800.515199147 40045.866462890444 2504581.8617976625 1966959.9235101864 30577036.46743155 10621244.999370381 45271157.11162647 42990466.27988208 100306134.8025144 -9999 -9999.0 -9999.0 -9999.0 -9999.0 -9999.0 -9999.0 -9999.0 -9999.0 -9999.0 -9999.0 -9999.0 -9999.0 -9999.0 -9999.0 -9999.0 -9999.0 -9999 -750193.6495543243 -3192187.4452436008 -220593.80215432786
-9999.0 -9999.0 -9999.0 -9999.0 -9999.0 -9999.0 -9999.0 -9999.0 -9999.0 -9999.0 -9999.0 -9999.0 -9999.0 -9999.0 -9999.0 -9999.0 -9999.0 -9999.0 -9999.0 -9999.0 -9999.0 -9999.0 -9999.0 -9999.0 -9999.0 32392598.31466253 -2652082.7873112797 -22769391.444699366 -299278.225161443 11129388.834112853 7922460.675769802 3330028.9092514226 -13685988.385272201 5623847.652658354 2778746.6326263137 -1980538.7266197822 2457377.7831505835 5615257.389230414 36844522.52218608 30571981.539615143 36345866.034736134 45214565.442331515 -9999.0 -9999.0 -9999.0 -9999.0 -9999.0 -9999.0 -9999.0 -9999.0 -9999.0 -9999.0 -9999.0 -9999.0 -9999.0 6456003.129050293 -150135407.73589426 -8204409.494530964 7107170.251631253 7744632.73798601 4536810.730663008 18090191.881207395
-9999.0 -9999.0 -9999.0 -9999.0 -9999.0 -9999.0 -9999.0 -9999.0 -9999.0 -9999.0 -9999.0 -9999.0 -9999.0 -9999.0 -9999.0 -9999.0 -9999.0 -9999.0 -9999.0 -9999.0 -9999.0 -9999.0 -9999.0 -9999.0 -9999.0 24046248.027548734 10776740.895157257 -771543.142784159 -698340.3883920448 -96706902.2309637 -7451305.748784048 6251301.989874431 18152333.573662907 -4524578.359196747 -115179.66201714847 -5741762.564421208 3271668.9939523507 2769557.5532554905 10929841.795615138 39474967.07093573 39453204.49903872 27659438.09015386 -9999.0 -9999.0 -9999.0 -9999.0 -9999.0 -9999.0 -9999.0 -9999.0 -9999.0 -9999.0 -9999.0 -9999.0 -9999.0 344008968.9739955 -213818958.2691103 -43878652.29807747 12684399.005669085 1739464.4267534174 25273375.674381483 -4840153.259691437
-9999.0 -9999.0 -9999.0 -9999.0 -9999.0 -9999.0 -9999.0 -9999.0 -9999.0 -9999.0 -9999.0 -9999.0 -9999.0 -9999.0 -9999.0 -9999.0 -9999.0 -9999.0 -9999.0 -9999.0 -9999.0 -9999.0 -9999.0 -9999.0 -8026.808286562123 29026939.937414054 13451436.553592667 -4662947.663448857 -678223.2608808158 -26709547.010845073 -22807304.292990506 -7575349.004970497 -10102754.252514305 -1962477.9284377676 6377961.203737224 17518708.459998276 17465981.986398593 -6622591.416554406 2422947.7702834015 11684075.294174213 13921962.435645198 57245134.645711906 63118079.16066626 -9999.0 -9999.0 -9999.0 -9999.0 -9999.0 -9999.0 -9999.0 -9999.0 -9999.0 -9999.0 -9999.0 -9999.0 10794635.732057774 -129450.61689223888 57170975.23300099 20269893.721997052 6543689.434275962 22034746.318752777 -4724504.271421055
