critload/trunk/output/2010/nman_fer_crit_sw_ara.asc
ncols 720
nrows 360
xllcorner -180
yllcorner -90
cellsize 0.5
NODATA_value -9999
[rows 168 to 195 of 360, columns 378 to 440 of 720]
474940602.0565134 256350825.12446567 23879069.990405545 243662689.68051633 342810944.93719375 -9999 -9999 364747836.7445353 195565157.63949633 428852301.3561366 346227304.93140996 164557209.87311777 151499280.57182375 172860357.06039372 220869989.04925063 -9999 -9999 -9999 -9999 -9999 65352408.08781136 158497654.0689376 156700652.56841806 133858636.99309255 -9999 -9999 -9999 -9999 -9999 -9999 -9999 -9999 -9999 -9999 -9999 -9999 9067362.345802668 178410421.1825317 -9999 181626622.0871194 194001368.32675138 248863805.32142958 173536438.18523562 0.0 143654378.07953653 206361764.68271643 286666620.6658287 0.0 -9999 -9999 -9999 63595.34017775126 28077.174820437183 -9999 -9999 37919649.70293519 19853358.427605495 2111096.6150455903 0.0 6705715.280887642 15187378.773822647 -9999 -9999
373241441.4191319 269254458.0896894 36971002.47648186 342484802.11980176 340049776.72392845 352290390.9492031 267933427.99650523 372805610.14527303 214627744.35688877 386181503.2401291 345952136.65169835 -9999 92603470.4452081 -9999 -9999 -9999 204162897.4448824 -9999 -9999 -9999 178062933.977277 113428269.18489394 98337883.95339258 -9999 150885252.01878923 91513302.95212081 -9999 -9999 -9999 -9999 -9999 42490181.645410866 149154132.72125757 211721089.13142604 86017385.4236478 -9999 144156912.91504246 184946194.77361143 150721138.29634282 -9999 183121398.75583705 170195822.58720103 175916093.03974974 224246205.49511823 107182403.01243077 -9999 -9999 6119971.778260128 0.0 0.0 0.0 616403.6418973934 -9999 0 24844054.943105288 45714715.35359773 38287574.184020855 39281760.0877988 -9999 -9999 -9999 8700.564437105939 -9999
360511051.41356945 394348725.30401444 343136409.4119428 307798519.0373027 318905271.4536823 227937842.02050537 322080649.29947424 361622594.80671334 311997918.5019419 434315502.3914218 347148463.0506721 192543773.80948314 -9999 115746469.25123143 -9999 -9999 -9999 -9999 89774500.72583574 -9999 -9999 280724371.7147863 310941520.85923904 112621624.63714531 101832369.32851015 53168813.17246104 47896606.48937433 55499145.8719552 65107929.392524615 120852302.92407964 -9999 -9999 -9999 -9999 -9999 -9999 291826897.90446687 172138002.98464167 27322703.01352974 171476517.4483428 16884083.82213454 10368713.70944495 174460349.88348123 19155756.887219734 7666874.661149813 0.0 8189304.897986611 50731495.814910255 36210144.10583004 0.0 0.0 0.0 -9999 0 -9999 -9999 -9999 -9999 -9999 -9999 -9999 -9999 -9999
41295241.474969596 21543146.326240882 356688579.3418195 201899094.0752967 50675750.869207524 278028255.6345036 274830014.9792931 352350783.89173967 353834611.28129226 497469545.470031 278981000.5444371 445467817.24529076 120353275.14722776 118893003.74402669 -9999 -9999 89737591.95481724 -9999 97914296.47728188 145596286.2090468 208623873.73473516 218083341.3673231 277992837.1134134 293098790.01376945 160719828.09197626 156913854.66367924 14852969.097989105 110564245.45869853 -9999 -9999 -9999 -9999 167410959.18452254 -9999 -9999 -9999 372333470.2905594 388104237.7904707 365315946.06223166 329854769.385968 350560336.3458005 351118149.2174702 182684274.20990437 131518632.4710336 13471139.702738196 79405312.45461991 68119028.34683287 3961630.368726155 4142149.2138406932 1041192.4744049243 0.0 -9999 -9999 -9999 -9999 -9999 98473920.4791829 -9999 -9999 -9999 -9999 -9999 583709586.1169368
-9999.0 753438197.0279173 35114533.11411104 303894814.00182474 298507415.7752635 181117672.22843814 324966901.9183935 355684317.0870008 322535248.4964054 -9999 382229477.9216755 -9999 95268553.72269128 75092833.90611103 121435274.51241247 -9999 -9999 171911080.05867115 160531783.8930697 377415599.2812557 295424966.6819136 236812812.27897984 265360760.694258 311279547.4414611 -9999 -9999 189400523.9141214 197261148.11430043 154913679.61929744 172669650.71304214 -9999 180070706.06252503 70049278.25590123 207290647.34761137 272503095.09292805 248625140.680961 278289180.5502904 356732414.32205725 205917146.52250382 237337180.67585024 -9999 185821545.8805373 149558312.21391538 20299037.679509077 637334.7624424172 427882.40056628536 3039775.6324291644 47123073.0112488 253920.39003799285 1495368.574787445 0.0 -9999 -9999 -9999 -9999 -9999 -9999 -9999 -9999 41447606.374688074 -9999 133925790.28609449 322805151.5175174
-9999.0 1086959320.6488214 409984267.0356113 277232871.09652245 213431236.50676513 327802232.97812635 298039414.3376641 260957619.19373196 -9999 316181949.1669977 -9999 300701370.5440731 181155314.63570184 -9999 91185979.53521205 -9999 -9999 -9999 -9999 348266886.3182157 320559002.5154204 224377569.3159399 308674192.872192 279423674.63397956 139754270.14576054 -9999 267956438.03812551 242042997.44906747 -9999 138458483.10183147 -9999 -9999 204594520.53574118 213267500.57384348 203711886.2731327 212056993.56977594 220459581.6727668 169708840.18237203 -9999 238132323.915893 -9999 113240030.56178772 87868463.2366601 26321103.2603426 6569477.3234796645 0.0 12112747.692159027 0.0 0.0 0.0 0.0 -9999 -9999 0.0 -9999 -9999 -9999 -9999 14252774.477436174 329452824.67773545 144670592.5508813 223615557.15866053 42553983.9459816
-9999.0 1093266780.1600583 243339778.48077196 300403545.54601204 244743776.58242893 312081037.9083046 294190232.09166944 237257151.7071115 373606324.13589454 311697057.4111968 328741771.45474213 -9999 242869523.7163484 -9999 171205963.85324827 -9999 -9999 -9999 338025280.18354315 406423185.20235497 214182392.94600427 190223548.84255186 174661468.84806284 145658555.0486344 160890837.9742424 122125736.68072844 122911758.2306487 106669302.74410668 26436708.166641373 0.0 -9999 149270261.77462372 -9999 162798819.5594395 239291048.83150908 -9999 231824423.64424372 263312414.89908588 289078413.4697638 220917810.54039508 -9999 106226968.02018015 128269147.35548703 75098241.89469936 0.0 5887938.230650552 14770764.811643705 0.0 8617144.674070165 0.0 0.0 6336084.921379296 -9999 -9999 0.0 -9999 23728507.849369302 -9999 137148830.10986713 -9999 826576.6344684629 2112898.936151699 0.0
-9999.0 1659468179.0022335 287333792.66779625 412078686.3142213 351155710.19817835 310907563.8472828 440017447.6750357 368456500.2686694 -9999 -9999 192692929.4269806 248878337.5385387 201951102.94979745 -9999 -9999 -9999 -9999 -9999 1013005977.5304272 1092375463.2577488 939207144.154882 529240007.0723965 476744664.4047283 135270316.9143052 0.0 0.0 0.0 0.0 0.0 -9999 -9999 -9999 -9999 -9999 -9999 -9999 241360624.71857008 220925784.43209773 211944019.4076988 -9999 -9999 184267161.60156173 102650101.17157865 6098872.127441402 0.0 -9999 0.0 15579131.674283573 1141022.852921473 0.0 5261674.35247941 1213174.33981612 17395800.33380236 -9999 12655432.064433053 -9999 106678433.23349464 -9999 0.0 4169030.9233551486 0.0 0.0 0.0
-9999.0 240433615.50273466 119627622.08885257 118798404.80321261 169541471.99791604 575581766.4379911 -9999 -9999 -9999 0.0 -9999 0.0 -9999 579286839.5600662 0.0 -9999 -9999 -9999 1226560556.0973155 1203406723.311584 558962450.8830382 583244501.4211023 0.0 0.0 160235997.19567108 127073111.10210083 -9999 0.0 0.0 40887407.84799181 -9999 -9999 140634300.58511627 111287633.40173551 312147819.07436687 -9999 -9999 -9999 -9999 -9999 -9999 117778549.97432792 9714030.939711932 0.0 0.0 47946262.614903755 16995558.63342533 0.0 0.0 0.0 10542012.768966947 47922576.43017943 0.0 0.0 -9999 17950926.187984526 -9999 0 0.0 0 0 0 -9999
-9999 358899842.09913206 140771905.33011425 178270104.88311496 210810823.80180538 -9999 -9999 -9999 -9999 -9999 -9999 -9999 0.0 0.0 -9999 -9999 -9999 -9999 984301223.2753279 706994274.0127733 854347765.2293389 578283533.6441916 669751151.0975144 -9999 -9999 -9999 -9999 -9999 109826357.2653305 0.0 90748450.40097088 114908506.67811327 229836613.65003836 -9999 -9999 -9999 -9999 24289841.17383375 -9999 -9999 28339692.969874516 50437253.100812465 1094699.9342443144 0.0 2011483.8599336026 0.0 12720952.720491739 0.0 0.0 0.0 1030420.4854468359 24909373.961352713 1837001.4777353622 0.0 -9999 0.0 -9999 0 0.0 0.0 0.0 0 -9999
0.0 1593642949.5601711 -9999 -9999 567858020.1096135 473202839.3130102 -9999 583716314.2532398 -9999 -9999 343856943.1636574 0.0 11143842904.812946 0.0 -9999 -9999 4337445687.944725 0.0 611202203.668402 657073424.0610416 579004432.0927987 -9999 -9999 -9999 -9999 -9999 216351380.34704334 180084089.7409271 -9999 263616739.9498093 0.0 0.0 0.0 -9999 -9999 -9999 -9999 -9999 -9999 16516422.016381823 26922765.532654904 933392.0846167863 0.0 57069208.0364939 17469899.09006429 1580227.3936185334 9034223.019105464 4293991.157836257 0.0 0.0 0.0 0.0 2793281.238802509 0.0 0.0 16956473.00485828 0.0 0.0 0.0 0.0 0 0.0 -9999
0.0 107008734.59689142 703662339.733875 -9999 -9999 -9999 -9999 -9999 -9999 -9999 -9999 107599287.1388415 0.0 0.0 936617511.2413542 -9999 1724740527.8582752 -9999 1004995360.6171601 660970769.746849 -9999 -9999 -9999 -9999 -9999 -9999 264765986.843459 209030534.36834985 -9999 253694420.98133418 9138329.911829162 150688911.5993638 0.0 106427203.49178922 -9999 -9999 -9999 -9999 -9999 13994551.299857248 40288.08322621934 61184606.755483836 9279566.53106276 0.0 0.0 0.0 0.0 0.0 -9999 0.0 7073847.801544785 0.0 2575549.275271868 0.0 614403.5845887722 11788373.198750958 20866415.87655478 6599339.951913439 555152.368695858 0.0 0 0.0 -9999
0.0 6799378510.894256 3008804410.121014 708122477.6749772 302684261.9272835 287726676.9615084 -9999 -9999 -9999 -9999 0.0 0.0 0.0 0.0 672153882.5787683 -9999 3590140762.802912 1078314451.7472727 1139389448.4605331 779255494.797548 613691873.6657965 -9999 435457897.53423065 494388138.0158814 487006958.6935663 393540743.9820441 -9999 -9999 -9999 438289557.7281275 145049447.23455083 -9999 0.0 295076309.2919558 -9999 -9999 -9999 -9999 -9999 37878526.1879829 13034049.41818016 0.0 1493193.1982618957 10590461.014557188 3704485.772016357 0.0 0.0 -9999.0 -9999.0 -9999.0 0.0 0.0 11349411.594339509 14639018.072288409 1018727.7028576953 15996871.656839836 24765620.80506849 17542445.471296214 0.0 -9999 0.0 0.0 265936471.62978506
2586546011.305301 4085755605.388698 1975016845.5226147 -9999 -9999 375151613.9446445 -9999 390537195.83184016 -9999 441862545.2742095 57739781.302046046 0.0 0.0 90617505.58962998 0.0 468275479.41294754 0.0 997892159.7418811 830877572.1345277 -9999 -9999 -9999 -9999 -9999 -9999 463435745.2856283 393525876.9909935 454175396.8020142 678162231.5306429 388140048.1179446 194267947.84279323 -9999 0.0 -9999 332249585.9285558 110474986.42822099 -9999 -9999 53852963.1926143 89821801.34564778 15363087.560993386 0.0 0.0 0.0 9857961.423916217 0.0 -9999.0 -9999.0 -9999.0 -9999.0 0.0 4085946.66499733 22413400.584943563 0.0 0.0 19381845.96445551 10691946.126756877 8033985.354625203 0.0 0.0 -9999 0.0 0.0
3966568876.0952086 -9999 -9999 -9999 -9999 -9999 405913124.94211113 -9999 222367455.58085513 432048317.66353655 545500490.4143878 0.0 87986637.31451842 0.0 77583497.82046212 0.0 240613567.59107974 -9999 -9999 -9999 -9999 -9999 -9999 -9999 -9999 -9999 487481811.3406874 647099645.4219916 520449838.7986393 421685310.3968047 -9999 -9999 -9999 95882658.86943029 246113700.3950644 -9999 -9999 -9999 -9999 19658238.14970226 42987338.83130041 14149517.712970229 0.0 0.0 71088817.33032537 47351341.4652424 -9999.0 -9999.0 -9999.0 0.0 6861548.445886283 36323977.98194213 91916808.89764282 88632508.06152497 50582516.310416326 0.0 4078500.393668069 0.0 8930671.743044702 8051863.77444729 0.0 109975391.6416195 0.0
0.0 -9999 2213272405.992408 2463130092.838563 699415697.603041 -9999 -9999 683592035.9607141 267960378.40065178 514965511.3410028 682034961.6836452 0.0 0.0 0.0 4944854615.2089815 545358606.717785 -9999 523258650.04826546 438938589.82000554 535908004.3848741 -9999 -9999 -9999 -9999 -9999 -9999 -9999 -9999 -9999 -9999 -9999 -9999 -9999 -9999 -9999 -9999 107709077.68012473 94744323.93972093 60523117.36951253 79281677.91979904 0.0 0.0 0.0 0.0 66617440.89645496 0.0 -9999.0 -9999 0.0 0.0 15365225.569562199 65891906.96918954 60092296.035702884 0.0 31717764.433776557 40712972.93793281 11973044.074109491 12096643.30310249 9748151.946867252 0.0 -9999 -9999 889222343.5729582
-9999 -9999 -9999 1749470632.031637 0.0 -9999 -9999 0.0 372729194.19077075 830109492.2043175 0.0 2783811756.0233626 0.0 0.0 475601963.83277047 444250753.86012393 507864545.5062926 495987207.4801005 440001254.9028324 409960214.98288655 382367841.10676754 685912118.6886768 -9999 -9999 -9999 -9999 -9999 -9999 -9999 -9999 360427737.48096806 -9999 -9999 -9999 -9999 -9999 79356596.4231263 82341780.1952277 71550521.95749012 20931027.866205752 14698489.68493257 0.0 0.0 0.0 63083950.45100561 0.0 0.0 0.0 0.0 0.0 3655612.1035526446 0.0 69792238.8732141 40788400.9997794 0.0 34412533.55714818 0.0 10317386.529604549 7370513.387736551 -9999 1447311.8597690347 0.0 1283502643.7846246
-9999.0 0.0 697035861.5520968 0.0 496626648.5751726 18276658.855695434 0.0 0.0 -9999 0.0 0.0 0.0 1185312903.1745937 0.0 403762595.1880091 505003057.9033325 394625460.9171387 281494457.3981864 495786020.9454459 431160960.31707954 -9999 -9999 -9999 -9999 -9999 -9999 -9999 -9999 343284424.9992499 -9999 -9999 -9999 555337172.2647027 262070604.08912534 153428962.31753308 52924913.742704086 73268335.37213059 94671075.19448888 72851102.32947294 56127356.017952055 3054081.8512282353 15094034.686692327 0.0 26345372.347147573 65958162.0063342 0.0 20330162.763382185 0.0 32329026.165574983 41418615.436497 13770154.824824385 -9999 -9999 -9999 63415174.70053162 123341410.01784027 4281391.068567661 279422236.20074165 56004399.90165593 -9999 244458.7972331128 237621544.43217653 658565992.6975579
-9999.0 -9999.0 0.0 657657259.6090362 436599240.59485894 207025937.32238588 0.0 0.0 -9999 0.0 0.0 0.0 5229888240.360714 0.0 328263374.2255986 245196882.27695733 428743787.0812279 402552199.184863 516740853.0669395 354714868.43333423 -9999 -9999 -9999 -9999 -9999 370305215.49252015 273889852.69600606 282262020.26759833 281017925.41288424 297361813.83873445 8498646.419564933 235419334.71581447 618088457.7643666 454406991.661513 295820762.83704287 179367199.16226876 199454951.5989723 118747874.62300804 78492971.634437 215833144.40416497 1288788.8970826922 14738100.772409067 9216525.559902225 5607504.027724595 136565018.2286055 81158549.77321666 66012069.83590972 30016315.81931433 317578495.3036676 119281753.44686002 0.0 111043265.46820046 0.0 14680626.634729829 16306267.72777012 34160097.579089046 27525917.94410084 30524890.27175747 54581915.7788475 0.0 0.0 133106129.33298656 156246694.68280482
-9999.0 -9999.0 -9999.0 -9999 3170322739.878043 0.0 0.0 0.0 21837871.144960236 65417707.525419645 0.0 4298147260.657595 53141801218.98538 97680038.17570798 290057194.8462659 433977783.3813385 333186942.300166 424620942.6728544 394991424.8362511 460819945.0695025 392672808.3236531 -9999 -9999 -9999 393386088.02499145 386911290.7501867 374372445.1567239 -9999 361433663.81486166 379279267.14174634 378561119.42923975 528925117.3943473 610948957.3136951 451537484.9132756 166354577.57496238 162950142.04335636 61120257.74880363 101609142.97515653 -9999 193228887.2860021 0.0 15818135.46121391 4942119.252850819 80450985.8592813 276917209.5785908 82393835.13010691 58886285.537328355 130130465.2211307 108137343.3825804 164729291.35731113 389907590.0535393 0.0 0.0 0.0 38336287.32298839 119565920.34805113 46563508.49560804 47261070.28200858 55564911.699648194 16960475.50189468 838852.347701065 140450618.96085215 -9999.0
-9999.0 -9999.0 -9999.0 -9999.0 0.0 3174559528.765485 648604596.3562729 0.0 727194510.0611571 0.0 49222364.669113204 1961860365.93414 0.0 185856831.59874827 393765376.43815625 346696565.7322305 338123222.7029191 382865484.17905056 323891828.00948083 429359523.97781456 307389310.1934184 227630198.34863818 203940798.1987909 216557928.14934927 242482422.5202971 272480012.93238354 352112061.9409006 290667995.899081 370854228.09329873 -9999 284008458.1252862 538645634.9671994 431537663.17383254 348870588.3252509 290139947.9004022 188423789.7187966 9955310.16323742 161009878.6062352 199655859.32456145 165226699.0475132 0.0 2511228.840287644 75958883.83011247 35335007.66178675 345950455.536353 115787248.24069369 26484746.960072935 37190649.46675316 20657772.70434176 121280469.36509481 11262600.254147572 2737892.8764392245 36979731.54779126 18617837.24550319 100233712.40701246 123986295.17790496 130670052.58546531 20159922.17309663 57398183.874027535 99307282.49882472 27639713.82539606 0.0 -9999.0
-9999.0 -9999.0 -9999.0 -9999.0 -9999.0 0.0 3651596595.2575207 137368439.60877848 266718844.29405344 330158963.8048861 404974573.1126002 2740668000.5295706 288072394.3820693 437036418.4675418 432554163.39057857 287386225.45236015 261238371.75056136 213680751.40987813 367805924.65093434 330163751.7190128 382907750.53249085 251621089.52754337 269732679.5698148 306161653.8229993 202630518.4623588 179382632.26675436 152908571.97133666 310082215.40785205 225731871.65672058 334422655.83522266 318752691.05246353 364360817.3647788 263863272.19580746 394263990.1032722 289549136.16899043 173725326.07137868 169467332.36856717 -9999 141403638.99610415 152254693.06406438 -9999 0.0 97135776.80861 -9999 23588724.078088596 0.0 72672036.16073892 89883459.80963098 99397750.56404237 9120255.778252687 102659805.45470878 18285287.91010082 44838725.55651412 45604327.61853038 110101939.47969356 98123126.56662759 75298372.54150037 93532430.5719704 40120466.83562154 77204186.41082306 415404052.31469584 -9999 -9999.0
-9999.0 -9999.0 -9999.0 -9999.0 -9999.0 -9999.0 441643760.92199016 270676434.61266947 153162262.2451145 242800890.62298357 338911033.6895047 365073311.0249325 357142376.94570434 359816512.6906934 -9999 -9999 299326612.80034554 288157586.18354577 326296780.66620994 244566461.7238481 327871423.4168231 289401371.45964336 329838501.5844924 334098353.542964 140709698.62851194 151002676.52577123 217955797.10622728 306987047.53574306 315978509.04887956 324030520.7585649 302957579.37121856 267976675.99016243 288325380.74641645 283568233.14525425 377701302.6461644 133509130.83089721 88158329.64648858 -9999 -9999 -9999 -9999 0.0 118427765.98995756 86424604.53499487 125626063.66815627 103755187.35922319 118178990.91057836 6018734.738347511 130729141.49243851 0.0 0.0 37296371.56756339 0.0 28307124.73362556 48231892.56159219 0.0 39543564.97460404 134524475.7595416 84335949.31641144 0.0 751776438.8526971 173556259.68246633 -9999.0
-9999.0 -9999.0 -9999.0 -9999.0 -9999.0 -9999.0 236665417.96083128 320699006.8096332 185616800.93269998 134728321.92378765 302290955.2972565 187395996.30301183 479049033.49520826 -9999 283859987.33850074 247818962.97347134 281876311.7724936 281350536.54424345 264453347.89892778 337659790.8028917 314851892.0199472 325059313.8520729 256214818.70934445 304522126.5469591 209600291.4101735 197114050.57110777 147115026.03886414 329376010.5428332 319739421.54938173 138403467.93885657 306952661.4755732 213623030.76009667 265846910.41761786 248053834.9054857 354934094.14788395 291663627.5336561 261979213.71538013 112105722.38856569 73279841.61288595 22989307.41644648 0.0 0.0 83132332.49148925 102231914.90980467 0.0 92304582.61091936 168659842.82354683 119919344.21795633 0.0 0.0 0.0 55151959.97370981 111326027.30261374 33997791.69118116 22617657.244928934 96344931.73770565 0.0 0.0 25274523.23937668 42739933.59102088 302045554.39285815 -9999.0 -9999.0
-9999.0 -9999.0 -9999.0 -9999.0 -9999.0 -9999.0 269350783.2399002 145780227.48300326 161716393.27204165 51668850.21496615 121515973.55517346 114846755.61527476 176714618.02779394 203685192.91529232 123023465.04330926 287407231.9197615 177590276.41970104 340351267.67750704 392189194.1372364 476135922.77988595 308206812.274014 438558737.1757389 354655975.05087256 167462402.4553122 176979836.65975076 221622033.62556118 177114697.40991524 410104157.2619586 375549832.38244617 74703176.82686996 311995017.65513533 292795961.55093026 194972718.76270872 130086121.36166057 195873722.9011729 425460195.23671615 518881642.9983347 252735489.5361014 139337937.86376572 -9999 0.0 0.0 71987786.91267663 71541728.36930522 62058469.87746978 146750454.5125255 266726730.56401926 0.0 0.0 0.0 39832161.63567779 0.0 0.0 45670304.81147654 0.0 28968416.273729987 0.0 102009053.99797341 0.0 48544422.79129717 0.0 554728968.9998107 -9999.0
-9999.0 -9999.0 -9999.0 -9999.0 -9999.0 -9999.0 -9999.0 0.0 0.0 107035846.86108288 143761733.3499632 139264816.0739467 147058641.362618 224536670.449787 98214708.82456473 -9999 -9999 -9999 -9999 402457695.7691101 379116346.4158714 -9999 -9999 265329271.79236883 243900821.2921875 221899909.4787359 320966881.88806033 298316628.2027856 358177812.5184269 240924923.78814846 205285689.1602538 328824232.503382 178758437.11837882 274366314.7367865 76361423.81158441 198142031.82145053 394774912.70421314 393116872.1909895 -9999 -9999 -9999 -9999 0.0 151758214.33599246 432523437.04438025 70407917.51360407 69134703.11261357 145964794.2828458 0.0 59470984.24352136 0.0 0.0 0.0 49982416.11109445 18117594.3089587 0.0 231713565.16038734 49982932.00773906 281898519.3612844 234648430.15160114 0.0 -9999.0 -9999.0
-9999.0 -9999.0 -9999.0 -9999.0 -9999.0 -9999.0 -9999.0 176408232.64497322 0.0 102916484.61135876 114399386.3748599 116508700.00080346 218547535.1688969 -9999 -9999 111975082.83552311 205613576.26617977 93921684.3848597 314032002.6144142 405095064.0775743 -9999 179635269.31969762 -9999 -9999 -9999 390132089.0087902 430014883.7273888 -9999 455877954.0637306 464936472.1858481 316256246.6204653 424032436.70293325 355641781.6740298 239335184.23002964 -9999 215391918.0714144 274857327.65304506 424995877.5354116 243438786.0802599 293891384.198899 161661971.92622206 62888736.95944634 -9999 69179650.33331843 87413055.5563306 115055185.04923868 -9999 8738583.874708232 160960750.1591454 100750500.41902073 121450456.41190708 181425133.12618643 165844394.31778777 0.0 25828913.83107753 12019549.107968971 122834711.44282204 151030208.53313065 564731331.4803346 64404051.87473266 325018880.0892729 -9999.0 -9999.0
-9999.0 -9999.0 -9999.0 -9999.0 -9999.0 -9999.0 -9999.0 -9999.0 145652333.02021927 123642251.21293747 88502970.41347842 69214787.34280515 159903485.36306128 -9999 -9999 137898306.81025434 71385463.37533455 -9999 -9999 -9999 498127578.41957235 227724813.9576698 247671061.0407098 -9999 -9999 -9999 -9999 -9999 355351658.3501178 380978163.1976853 383614080.78255296 335616706.75927603 335327133.70700645 -9999 146370077.50176114 125853898.07672393 158746932.93217832 8501688.179637412 199964751.3132397 -9999 -9999 190121366.44458604 0.0 0.0 96066034.48576134 0.0 0.0 118808913.37659962 74789774.18032284 14436982.790741097 -9999 31649264.25414034 23825735.525869988 29941418.034275696 75466491.31353544 63826807.56554395 183646964.6528232 270960093.1400036 688380039.2614253 320063800.02260333 581660238.1422658 418156682.52924836 -9999.0
