critload/trunk/output/2010/nman_crit_sw_V2_ara.asc
ncols 720
nrows 360
xllcorner -180
yllcorner -90
cellsize 0.5
NODATA_value -9999
[rows 140 to 167 of 360, columns 372 to 433 of 720]
-9999 -9999 -9999 -9999 -9999 -9999 -9999 -9999 -9999 -9999 -9999 -9999 -9999 -9999 -9999 -9999 -9999 -9999 -9999 -9999 -9999 -9999 -9999 -9999 -9999 -9999 -9999 -9999 -9999 -9999 -9999 -9999 -9999 -9999 -9999 -9999 -9999 -9999 -9999 -9999 -9999 -9999 -9999 -9999 -9999 -9999 -9999 -9999 -7279675.452370764 -3867353.8568215217 -9999 -9999 -9999 -9999 -629251.8568641557 -9999 -9999 -9999 -9999 -9999 -9999 -9999
-9999 -9999 -9999 -9999 -9999 -9999 -9999 -9999 -9999 -9999 -9999 -9999 -9999 -9999 -9999 -9999 -9999 -9999 -9999 -9999 -9999 -9999 -9999 -9999 -9999 -9999 -9999 -9999 -9999 -9999 -9999 -9999 -9999 -9999 -9999 -9999 -9999 -9999 -9999 -9999 -9999 -9999 -9999 -9999 -9999 -9999 -9999 -9999 -15243687.515864132 -2661129.760153801 -9999 -9999 -9999 -9999 -2767118.5488356757 -92403781.75174053 -9999 -9999 -9999 -9999 -9999 -9999
-9999 -9999 -88175852.65039082 -9999 -9999 -9999 -9999 -9999 -9999 -9999 -9999 -9999 -9999 -9999 -9999 -9999 -9999 -9999 -9999 -9999 -9999 -9999 -9999 -9999 -9999 -9999 -9999 -9999 -9999 -9999 -9999 -9999 -9999 -9999 -9999 -9999 -9999 -9999 -9999 -9999 -9999 -9999 -9999 -9999 -9999 -9999 -9999 -9999 -9999 -3761241.925966783 -9999 -63292642.44587402 -4435228.053584896 -9999 -9999 -6379747.828913858 -9999 -9999 -9999 -9999 -9999 -9999
-9999 -9999 -9999 62580934.74060257 -9999 -9999 -9999 -9999 -9999 -9999 -9999 -9999 -9999 -9999 -9999 -9999 -9999 -9999 -9999 -9999 -9999 -9999 -9999 -9999 -9999 -9999 -9999 -9999 -9999 -9999 -9999 -9999 -9999 -9999 -9999 -9999 -9999 -9999 -9999 -9999 -9999 -9999 -9999 -9999 -9999 -9999 -9999 -9999 -9999 -3548739.529910015 -3630316.801679747 -34365318.01878551 -9999 -9999 -9999 -30836905.715611465 -9999 -9999 -9999 -9999 -9999 -9999
-9999 -9999 -9999 73524889.78802878 -9999 -9999 -9999 -9999 -9999 -9999 -9999 -9999 -9999 -9999 -9999 -9999 -9999 -9999 -9999 -9999 -9999 -9999 -9999 -9999 -9999 -9999 -9999 -9999 -9999 -9999 -9999 -9999 -9999 -9999 -9999 -9999 -9999 -9999 -9999 -9999 -9999 -9999 -9999 -9999 -9999 -9999 -9999 -9999 -9999 -9999 4105672.061215911 -9999 -9999 -9999 -9999 -119828815.41310893 -79883377.5946162 -9999 -9999 -9999 -9999 -9999
-9999 219119165.93439314 -9999 117352432.14295734 56358257.663507774 -9999 -9999 -9999 -9999 -9999 -9999 -9999 -9999 -9999 -9999 -9999 -9999 -9999 -9999 -9999 -9999 -9999 -9999 -9999 -9999 -9999 -9999 -9999 -9999 -9999 -9999 -9999 -9999 -9999 -9999 -9999 -9999 -9999 -9999 -9999 -9999 -9999 -9999 -9999 -9999 -9999 -9999 -9999 -9999 -9999 -9999 -9999 -9999 -9999 -9999 -27671898.831627764 -8259595.053502881 -268665403.9554989 -9999 -9999 -9999 -9999
-4804828.294031354 -3449728.44961442 -9999 -358404938.6923839 -9999 -9999 -9999 -9999 -9999 -9999 -9999 -9999 -9999 -9999 -9999 -9999 -9999 -9999 -9999 -9999 -9999 -9999 -9999 -9999 -9999 -9999 -9999 -9999 -9999 -9999 -9999 -9999 -9999 -9999 -9999 -9999 -9999 -9999 -9999 -9999 -9999 -9999 -9999 -9999 -9999 -9999 -9999 -9999 -9999 -9999 -9999 -9999 -9999 -3521422.270919876 -87623216.16087121 -23673273.78879527 -9999 -9999 -9999 -9999 -9999 -9999
-9999 -9999 -3471000.01011177 -9999 -9999 -9999 -9999 -9999 -9999 -9999 -9999 -9999 -9999 -9999 -9999 -9999 -9999 -9999 -9999 -9999 -9999 -9999 -9999 -9999 -9999 -9999 -9999 -9999 -9999 -9999 -9999 -9999 -9999 -9999 -9999 -9999 -9999 -9999 -9999 -9999 -9999 -9999 -9999 -9999 -9999 -9999 -9999 -9999 -9999 -9999 -9999 -9999 -9999 -17616083.67468646 -9999 -9999 -9999 -9999 -9999 -9999 -324148401.04482645 -9999
-9999 -9999 -6365113.656158549 -9999 -9999 -9999 -9999 -9999 -9999 -9999 -9999 -9999 -9999 -9999 -9999 -9999 -9999 -9999 -9999 -9999 -9999 -9999 -9999 -9999 -9999 -9999 -9999 -9999 -9999 -9999 -9999 -9999 -9999 -9999 -9999 -9999 -9999 -9999 -9999 -9999 -9999 -9999 -9999 -9999 -9999 -9999 -9999 -9999 -9999 -9999 -9999 -9999 -1111790906.6316793 -1183219884.2584758 -9999 -9999 -9999 -9999 -148221795.15648103 -14813179.163506484 -172347611.26367697 57399567.98154804
-9999 -9999 -9575664.402756019 -9999 -9999 -9999 -9999 -9999 -9999 -9999 -9999 -9999 -9999 -9999 -9999 -9999 -9999 -9999 -9999 -9999 -9999 -9999 -9999 -9999 -9999 -9999 -9999 -9999 -9999 62354071.36458476 -9999 -9999 -9999 -9999 -9999 -9999 -9999 -9999 -9999 -9999 -9999 -9999 -9999 -9999 -9999 -9999 -9999 -9999 -9999 -9999 -9999 -9999 -190656865.75298244 -398396213.9886657 -800003819.6296419 -9999 -37096069.170544885 60533519.86502848 -23496260.058208644 -37815141.43553628 -250411993.36713096 5136585.232864786
-10846580.511245666 -11480675.273706505 -13001372.059168011 -4203003.254718411 -15606684.132234307 4561704.996092367 -9999 -9999 -9999 -9999 -9999 -9999 -9999 -9999 -9999 -9999 -9999 -9999 -9999 -9999 -9999 -9999 -9999 -9999 -9999 -9999 -9999 -9999 -53841482.56983007 -4199749.573455248 -9999 -9999 -29008976.8246986 95851760.17781241 22672965.387621373 149751627.88665247 96403476.33664283 -9999 -9999 -9999 -9999 -9999 60113333.871387206 -9999 -9999 -9999 -9999 -9999 -9999 -9999 -9999 -9999 -125189620.06225957 -93738860.0684984 -416994330.60904163 43957499.61192887 -37520596.84260134 -19665822.286141206 -13021354.839172183 -9999 116803308.69342157 -6185332.202019974
70908577.27066669 -14412107.112215294 -15488673.923097242 33911118.68132999 -5827219.840303032 59457918.69291542 -12161958.948990347 -9318802.04062391 -9999 -9999 -9999 -9999 -9999 -9999 -9999 -9999 -9999 -9999 -60639222.29867906 -9999 -9999 -9999 -9999 -9999 -9999 -9999 -9999 -43398925.23200432 26349521.01659781 -8849740.1575833 -15921537.499042433 -16073692.038237412 -20077729.591955923 -17950744.172009703 -21475897.112979684 -27912012.855469156 41362488.20276184 53659547.81718722 67959834.69011329 -9999 -9999 -9999 10555049.001602553 78712469.50309145 -9999 26697049.281444173 -9999 42273847.19890846 -9999 -9999 -9999 -11589572.199462265 -113176019.39763764 -237979103.4153816 -68368625.51404017 -251374627.58361474 -37465415.828725725 5083344.219921505 -11192612.83925779 -25837989.99337777 -3014211.8170203273 1485488.9718371085
-15972584.115904493 -16536053.923083456 58440758.88596561 7871724.01324324 -13092889.70317946 102774010.1277996 -5499728.31429406 -16960790.516129512 -10283447.837203154 -23916752.325370114 -31003732.447447997 -9999 -32892226.80604936 41852751.05081562 -611613642.6123497 -9999.0 -477734480.26875633 -197691438.387008 -423602309.83391494 -1779432.4091606962 84435337.57755962 -9999 -9999 -25237655.175464634 -17260761.307279196 -26039397.14313461 -9999 -10636746.14644032 -32105105.87185591 -60467836.65923181 -25127407.062953506 -20258753.59509161 -2397304.5914425086 -23063218.02820071 -7984148.671867007 -6857536.401770333 -65788.08363208374 40299346.253627166 25892846.860539205 -6466271.332130629 -42532496.08191165 -9999 -9999 -9999 -8127222.140266286 3697381.8418444037 -9999 -147466771.15779346 -209011439.03099746 -9999 -9999 18111337.418219596 -798439028.1001534 -118870334.4552121 156312546.67618054 6758027.649708317 -50803225.440712795 3571096.754415755 -7565540.517137554 158222711.6059511 48728684.755544685 -536990.9253993011
-23916017.434306093 -11372848.918025414 -126550919.71381275 -163468853.17189643 -280891380.7287176 -39399726.229019225 -39104214.610684335 -22739876.879089896 -15648532.757796539 110727752.78548396 -10532348.326360019 -10055360.66052028 -99237750.48936327 -17149391.206337404 -105583737.65150687 -41953217.714730226 -9999.0 -9999.0 -271719536.274075 -13025885.11562774 -10823717.158889832 -9812243.344508687 -16367889.379785364 -17442163.50745334 -17033388.304708764 -25834711.89289436 -15303901.728801431 119026692.42907593 -20842553.559933767 -8763128.693097591 -21379838.453294206 -13164261.477200264 -10813375.279725445 318400.43140418176 -192682.92003355356 -800718.9287346456 -517518.10222906526 29845207.39091179 32813541.90681824 -128138897.67428003 -15447720.929012034 -9999 -95268041.81870021 -155867735.8422591 -32669346.979429267 -37423106.11291878 -25026020.465224735 -10415735.237350564 -195037357.97632506 -17072785.972308025 -161486985.8536075 -408235539.6149759 -47085903.39696473 -766641461.4429871 27596751.23464865 -11957913.87864799 35827656.91121701 95348575.90424253 245571995.74407214 52305703.470162086 -2912525.194783509 -7758338.9924531905
-4170376.548827138 -7646686.744367414 -9321032.77266165 -87570245.88437948 -107875123.17266965 -120454636.86616467 -451646658.447365 -397594959.30658096 -266999995.99060556 -308498120.344167 -363394563.02444965 -205501487.53532293 -158921085.9193616 -34788495.950079165 -32204178.82495804 -674193152.1359621 -218985744.2390348 -278975134.4076793 -113169283.55873759 -90683289.8487982 -30943914.083881814 -111991686.05096123 261571019.56760314 -10770432.149264803 -22737642.891074087 -35486239.34209546 -24690697.45192872 -22733000.03463263 -26618290.149897277 -21732570.213689186 -14448542.942352144 -6087386.63216888 -994535.9398509776 -110968.27918838005 -363111.73782819393 2378944.8358584153 -517700.68343542115 -9999 30014344.360545862 -26836766.807387363 -19669770.95333489 -80761426.3773047 -82876141.4646584 -379566222.08240384 -229420477.03368002 -46919107.236689344 -50040344.70508911 -56255728.75461328 69891995.25812362 4326312.252267629 -24004625.958768275 -28018197.44949231 -10347483.047632491 -1021103934.6986022 -5479713.578748328 93135828.52494979 -37122611.89898897 122146966.5599553 59230739.71319336 38628057.59846115 329064.0568029332 -9999
-6826337.762454543 -15625171.316139072 -16531236.189593693 -19883780.91255841 -82589419.92493324 -233153076.6306201 -133506988.92820469 -482759124.2034343 -831895491.8412094 -160620708.9772304 -136392737.76558396 -14030077.049542615 -1258122.1695877605 -15180463.729778185 17702194.390669573 -95881619.87649874 -366454025.0607577 -506397593.9542982 -4380150356.080462 -71220057.95358197 -31868587.22731208 -1119218530.8278694 11681257.904158272 -11030027.207259933 -10513605.493843662 -1859580.4259708265 -20627089.234087497 -17270177.763244674 -29228173.32221998 -15384541.598852608 -7226136.1777334735 -12962677.404166536 -4029978.054509646 -1817248.5127608227 -171422.3388467021 -2686796.0369797414 -484003.69034039346 -68658866.52551302 -26508588.878138505 -14237050.678356716 -22305805.693406325 -11001880.225688996 -1623918878.7819588 -471200832.89540213 -135382894.84373397 -25227667.53211822 -27086970.205769412 -10078840.249424828 -947303.5326435321 -2169961.551840301 791576.18612514 -6400273.927545859 -16316168.051927857 -2015435032.8736892 -2584232.777757963 192389160.46044967 -8164277.4061746765 109986280.35464297 -9999 -9999 23339149.81160943 10570305.558964582
18565521.43480595 -1111351.3914111264 -16054810.070937114 -36639565.77904317 -104513335.01295437 -543407047.3019137 -66848575.252670266 -107061378.22280152 -88544329.33834797 96783498.23602475 -1986107.1551822533 -1890129.1789608123 -5555698.757491127 -4754541.776636032 -748654767.3069608 -694693862.4757043 -79380412.40859462 178523617.16937798 -6239957159.817316 87486989.05355991 -5613229.560541084 -4498498.458653409 -5701421.042184911 -18467961.27258185 -3977359.6154483208 12293581.38849324 -2779567.4908085447 19467100.45198804 -8580734.753186194 16848530.78462634 -36951489.92419466 -15360252.730355615 -3391378.9381687413 18790627.437853195 647105.2315065119 -5559410.407000971 -7404833.552969665 -2913027.598093566 -4919564.757303343 -70483236.090634 -3307983.8986680484 -6321337.66786213 -146678094.5118708 -617721547.7995358 -28837036.86386146 -3575286.80487447 -12321985.672565434 7293411.55813354 -1080861.677868206 -3323736.36302686 -2136110.5459043463 -4230596.448537625 51940216.67984261 -288559990.7195161 -1542233.2615988543 3198797.23748354 24645345.942465693 62710769.99863508 140977.00003441007 -9999 43075422.575252935 18236288.19717991
93549486.6299557 20528327.80899979 10906503.153690342 -25995279.489974007 8548.327455094886 11947150.763703698 4139936.0332012987 -18226589.887425646 -26093448.9684972 -2466928.31861551 -9132929.581116699 -6402474.288706688 -7141609.945085864 -9751058.889948875 -47464314.58010723 -4358883.303787348 -24896211.738645274 -38428590.8248048 -307618417.09863865 -586657043.6525389 -19092721.57333661 -28959092.254541557 -119666931.58540969 -1971794.171062522 14996877.567053905 40669717.89181353 10207754.489353912 -30559021.283341706 -161981571.23631173 -37369573.16080403 1017774851.7110089 229412520.58457187 -20836494.934665762 -16295149.932788337 -3236421.4002883807 -9035895.115351953 -53467374.55349525 -8213843.257434282 -14615067.657269906 -197321524.04102242 -188600415.44454926 -14926234.107982103 -201614862.9395056 -1183114611.3181753 -6899693.31759436 -835070.6140198433 -2400998.4391911696 -9792599.530211663 -1641724.567699599 -3699267.236950459 -4023303.1806837884 1128215.0817444944 11801267.018974992 -1009917495.3836423 8038672.369488345 12560117.7956721 19634588.15176905 8090494.225264013 13686617.151286999 40546439.94932627 33817490.849716626 12152102.008207107
65967566.20474595 51408718.63109119 54680822.49241357 58776199.902917586 72822815.92015876 13293859.443924213 22099300.9169238 379353.2253067732 -895158.8459149763 9973723.030622195 -9849190.256047392 -5248255.684553593 -7757157.210133195 11077528.01392559 21088060.69088786 -5951746.604465609 -7614884.861478936 -38497939.29978366 373436524.5335964 -485232798.69900644 -360289006.61720127 -169250494.42674908 111855934.41811106 110248025.39842941 136940790.8750381 21088294.44227135 91393970.45706722 -382309533.2227199 1772351495.854737 4153094999.707369 2514725708.4539037 422986496.3468811 -14912890.25430352 -6472480.62783328 -2161838.2787888404 -5616328.41181743 -14839631.831089482 -30098905.187479146 -4967194.999971725 -18161905.931570403 -139158726.39269954 -20481687.92226199 -13010883.846011007 -46478820.92567743 -11121572.301355625 -2747211.0964850564 -9709810.264305899 -12389470.305185687 -435973.8891339677 -10564185.019696638 -4907785.237717971 37789421.54775264 -1046123685.3374851 -4145651461.6846457 4422460.179072542 -11931594.644715874 25329915.187612887 12110298.359947186 84247.3956041017 40198047.58321974 8248182.70248822 20626137.511836924
40419377.50132593 29331832.50672121 31207040.901934467 73775590.56714095 54326893.47735755 23353905.21589463 17192709.622731075 15664666.30952041 5190773.5616954435 12908318.500155281 -15115580.072969064 1546679.6487202288 5039841.89189253 13859987.897910427 8508417.883468367 -1583035.7260856943 10133692.045885535 -17754053.432384577 -249606311.39018804 32190940.491392992 3499761626.03536 520810443.9927271 831672501.6611187 -718830.9658881157 2869782.901051193 -13289145.905677058 698962570.6709244 3107564502.083288 1624430635.6053796 2393471176.839927 5990219.351442948 -77786965.31807779 -52623654.68940316 109004380.62530954 -10888971.210592195 -17096831.61482034 784946.5027010853 -1590537.7686740055 -127130839.58242859 -1466637899.921251 -1112121759.900771 -38727788.12081963 -31644409.192262176 -74102157.57015045 -14454683.63409495 -16114977.750733174 -76748809.47694217 -23576381.638005704 -832746.271234928 -2187123.013318515 16871907.657067902 286212634.0331505 -619346138.9958177 -238336911.59295684 -31406548.88890967 79194618.0595767 -262031.50345056903 16188438.191142533 62251849.40037348 2534366.6767158257 3736401.9600443677 5703170.327925209
64255127.653184704 35181459.69032202 51088415.98503658 49232937.51255631 48978209.59419181 13790974.93788385 13862734.602527037 7588765.852668098 3514316.64681498 21372904.503856648 13091293.880176993 7929719.751014607 8241930.043992779 18541177.94340224 15323307.314439297 2732051.710298923 8141407.968649519 269631926.492341 71834142.05059476 870388856.2102818 2110237305.4644008 2908305669.962322 446556718.1710032 -919618849.3845196 709959822.6538106 -3480722.7135859365 -391660425.7999627 2119379562.5842578 1922472484.4322827 -356466350.19678 -1912989803.7745626 -49923438.61569816 95852555.34364638 13776030.428678753 54026822.55569933 269810.35214922513 136496145.53874826 -9999 -9999 11452299.499284774 695227.5477954476 -525010089.65010077 -710212783.0905079 -328718352.18722683 -576488690.0294701 -71228124.16654539 -98950083.09506132 -18932263.825555116 -228909621.57140926 976822324.9597169 31470094.60576884 -4246969257.3330555 -8818655845.953432 -396770291.31605136 226810835.69015938 246483005.46585974 654035.0206959996 93915940.4893068 10730322.688087897 2461225.9778406085 6229032.164523854 12196159.5424414
50006417.61686366 43006309.94345516 40694758.357169375 30036213.795185823 24174330.14589344 26660486.62443925 16029265.519326342 9777599.331069475 34032974.24065314 23245977.401681338 -8285835.669356746 12195844.063005561 15775508.939758942 39348401.596598595 18870857.040674306 43675853.40496531 75130348.36908142 155378631.52078074 375989622.1953418 120353818.64326924 355990945.25146246 273709189.2241165 359678827.92995137 444359694.4054623 -296472382.3442421 -180039260.14395973 -43673101.75709745 -1797681015.009941 20437992.247781564 -9999 -9999 655803030.8984957 183904697.7764813 126993111.15877004 114685387.29799165 -9999 93061426.49623029 -9999 -9999 206191465.97000083 240588350.0723661 -228924908.77945378 -270405154.644985 -215152114.8681856 198349724.57948974 382726486.7673298 -3336148493.275751 -5886110857.039152 396637743.3669166 3044136.05599387 -850929238.5638069 -5359955118.235109 -6812781252.640296 -3821363930.158231 51364236.90795794 842109756.9404701 5266698.717010071 30888809.811716903 16063105.608534954 17068419.167729527 3249551.7295953827 11128760.535392232
47718908.01994079 39510669.932606615 29413037.023562595 29119699.72496183 38845829.79021104 37684689.85746112 28899212.49821565 69866350.12945497 21638416.118597284 10021580.269072713 22725887.910155218 28691725.81048663 25278731.29634581 26594781.009288818 24256843.134034038 89134503.2407849 51984762.653675504 64788756.79945738 153386066.98446074 186698237.90897635 164023294.73404843 145195206.15598252 163878451.47549903 -66382453.6522338 -136560780.18081534 -719248675.6107022 297775936.89259994 295715129.26679826 175422586.85343775 130399089.7970901 -9999 95178238.29177023 -9999 -9999 -9999 -9999 -9999 -9999 -9999 22389495.78697868 -9999 -31835835.03205942 -220592308.7046929 -655591829.12384 -1007679184.5356525 99998188.7229237 -315584031.88920635 -4201669808.270368 -263859430.56973872 -9999 2164015115.53953 1105854626.0721598 -1275113060.4027607 -6092412901.661326 1590267603.9248796 1199686445.6065416 149508944.81048158 25527035.70224473 17735025.707434498 14716062.878508877 5738032.836531494 5759863.29424419
94627164.84291853 26040200.221989192 33554176.773212433 42221559.40842613 47397030.63921001 52403112.684285074 28683625.981018882 68623706.51839224 43612360.12127353 26874360.354684796 11395696.985197462 42618014.556407124 56527213.39854682 108031400.44221956 56788675.7543462 107993895.83103631 38253716.45332773 41573372.0632822 81313430.69241093 187527756.86137235 314830934.4919305 762463688.3717128 507652236.5252393 230910339.86916697 208122930.20796034 90294771.01673579 175955885.07900256 -9999 -9999 -9999 -9999 -9999 -9999 -9999 -9999 -9999 -9999 -9999 -9999 175300281.90975484 -9999 194779.86619945455 24842943.989406727 -95252601.19329594 -185461453.28026745 -72327593.38074565 619430044.9461197 -459640333.5903836 322472446.25488824 204196978.19074953 213242974.8615048 1859392200.8384612 -866687565.5651246 -3738851372.009873 -56412372.668720454 2459226.8757154895 -9999 2297358.6857336955 34309686.5686431 37464432.12167716 38205100.0638092 15015096.51162101
14718973.623969406 19789448.38270412 111954584.66892172 26509542.59080982 216542458.59639242 37947709.990113676 28260608.823798876 56351316.81079379 30006357.79162145 9377021.650854874 69284523.26798353 85197862.12762296 64476818.6636311 56027267.93694389 66801217.81577857 55734442.22059777 80884611.61422363 57807830.44125347 31865136.20166203 124710774.04327832 13021746.599350767 16576388.21399685 206063116.86502564 354527575.01094383 -9999 250340056.88005695 -9999 -9999 -9999 -9999 -9999 -9999 -9999 -9999 -9999 -9999 -9999 -9999 -9999 115465471.34051958 133765267.50491539 255364247.31735706 255143526.76431802 59422049.06534097 130167654.86078487 370694998.9957325 34828482.98605995 555670272.0186908 508993788.1357539 77941397.46263973 187050153.54305276 87548368.63552994 -1935025774.048072 -3797331033.540794 -9999 -9999 315880310.8556061 115852368.34009844 80915938.87692025 5222744.13088504 48266186.38668098 27487113.10625736
34585331.74394589 55113858.49343529 141881662.55639482 28644158.000501584 288049292.11880153 57417455.271476455 48956513.96307584 42466356.94717694 104390173.76144776 96002300.65654953 75212394.27227715 67912458.82316214 46439853.69557237 84091286.15563221 96831150.10009068 116511305.05193841 43464122.71800894 57591360.09260464 -9999 66996675.86120232 88369074.93050522 161026577.15828037 103607368.65432265 118220445.56142645 113592451.57525219 -9999 113644338.085113 -9999 -9999 -9999 -9999 -9999 -9999 -9999 -9999 -9999 -9999 -9999 -9999 -9999 114201315.28005645 -9999 -9999 174777986.6620068 132954643.5218703 184539401.29107943 -21769939.029144753 -333980024.3511279 3751201123.865159 248370684.65834498 149295356.02465805 172611004.04303083 57228570.83387206 -15796450.941819534 -5116339460.011512 -1430341821.6808288 22237.48720560813 -9999 67819615.83943003 41499240.69932011 35243379.36140712 39623811.92884084
47569963.654439025 82048780.33408792 37869330.465042435 201524634.18635714 56003504.384681776 40652154.28600239 31475115.958573602 71158392.28667523 72149254.72899498 68342440.713983 73917567.28211942 71230513.64979431 120168231.81456953 99675967.09740299 117439578.69305946 120230406.73626573 98924813.35388961 79250384.58123375 103300795.6831406 97010851.61628248 136299531.36895335 149744762.23665023 135914044.4242697 98246566.75026922 169275440.07074064 -9999 181981767.84276965 184305266.87609684 -9999 -9999 -9999 143538671.15375733 -9999 -9999 -9999 -9999 -9999 -9999 -9999 -9999 -9999 -9999 -9999 148815561.18164223 -9999 -9999 14005337.972234983 -335172980.13949376 1209032118.689546 43058242.6412749 1036030535.6877028 106198098.86590356 766230173.4784925 1434817471.946245 -9999 -9999 217265230.08861133 -9999 43340277.19451824 18973050.775112163 -9999 -434544.8743484979
62193100.96113726 32624853.927739136 43822819.9844247 52281948.586482264 88930046.20538776 34746400.61100327 97910571.55945309 55778228.25210663 61379007.38244726 57082691.99170218 100624190.37520307 99678074.38418727 -9999 139458540.91202474 122189493.48583537 147377866.218059 134713146.70151338 128809269.98207866 120104516.89693683 123006509.17544053 157957821.2849575 -9999 173579371.94218367 -9999 -9999 -9999 178341962.80858454 -9999 -9999 -9999 153845652.97217226 -9999 -9999 -9999 -9999 -9999 -9999 -9999 -9999 -9999 -9999 -9999 -9999 114991660.1580631 -9999 -9999 198989416.0080202 87185106.42652838 -84930365.35901731 36375247.11608622 1496378113.9776225 1549745603.7550676 1192550617.1196947 409345968.68267596 -482115533.88643813 -9999 -9999 -9999 -9999 22911816.89112866 33307652.188526675 14807711.76876582
