critload/trunk/output/2010/nman_ag.asc
ncols 720
nrows 360
xllcorner -180.0
yllcorner -90.0
cellsize 0.5
NODATA_value -9999.0
[rows 84 to 111 of 360, columns 366 to 426 of 720]
4795265.1053262735 4651232.723646525 5599852.089292809 4799938.403488499 8994745.593308356 13482639.982614513 12658756.12497304 7762308.770974359 7670483.966564547 7369835.099209552 9050837.845334336 13835456.338794373 10748058.964091279 19059905.86947712 17073100.426039718 16716374.275628427 7596935.994061234 6945736.181608129 8552060.581709635 0.0 7526738.107943914 4400042.173900656 4566399.355107957 3071079.7724074344 2058901.8877347403 1542534.5519516754 7478087.550830244 9124634.661798276 2570342.740821116 4008786.0947664427 7230580.252207857 3555610.524363719 6488383.308452065 2813625.9646288566 2712899.598491419 4891878.715259434 2434911.1136087044 6033719.724824777 5473239.987536832 3791908.4677008777 3723153.304745397 0.0 0.0 0.0 0.0 0.0 6571154.569968915 5884764.0885598175 3170367.8667187393 1810586.7326670394 1258030.03068308 2343309.6984262546 2101816.2529160017 2229284.6540124468 1289311.3042846492 1108528.136147542 1635481.2842436738 897053.0027374798 0.0 1165646.778011998 2536334.17551633
9293848.820295488 10165158.109127497 7877357.97399073 7963199.467211519 4198246.981845308 7345387.677108426 12064314.089189634 13938267.836222624 15657522.177639209 17413231.37849828 15029457.163247634 9921154.510321593 10479997.804657694 0.0 0.0 3984122.4278891957 507457.9427414143 0.0 508633.4043285947 2389986.153383641 0.0 0.0 0.0 0.0 5246563.938391644 7211606.020681984 10415226.052542401 2761124.16327206 2417988.034549751 4308194.630063211 5119265.819850012 4490925.4022798585 4809466.495664628 4650368.701518378 2757817.2161786486 1717587.012885767 1887987.5848866967 2554833.1407697145 5270299.997801366 6691868.108687671 5727278.471509134 0.0 0.0 0.0 0.0 0.0 6438598.839574207 7597125.051229817 8343065.722398896 2131846.472437131 3202813.3042234615 2536826.502043706 2741588.5494381227 1649977.916408702 1053999.7746495523 1072269.804136866 2312846.0294534485 1484920.8529327374 1353168.2221807386 1419346.4480157313 1432797.0738702985
9726709.715530705 8322747.319718195 8527079.345921865 7728863.207456195 5474689.963500332 6318750.810763207 12664739.17430736 20382172.93645526 12806200.427629795 3518030.9092391683 6849452.526022281 10664471.22818669 8290956.487450811 8654378.723055065 0.0 13027752.018256634 8420968.420039184 8086511.324705485 13353369.185699435 4465910.306513669 1043204.887464393 0.0 5105575.8104381915 5215897.936935996 6368259.331323326 11075118.017966583 14114695.138361163 3273810.5310181254 0.0 0.0 2335017.731202896 3030080.5904593877 2248199.7938498873 2488596.727898776 2981734.7549733585 1833352.7822461817 3245349.2874704963 5368672.374718169 0.0 0.0 0.0 3553339.9489267217 2223327.136791605 4457569.796473269 0.0 0.0 0.0 8297330.027797706 9513235.434997078 8625469.874635715 3219654.375264845 1762655.3534398566 3635975.414358074 3460283.144109368 0.0 0.0 1037100.8927584294 0.0 1968978.5005471392 1376278.6534714643 2369706.911741942
7389062.0270618 7038413.796143637 7625908.993757939 4938159.7079117475 4800391.467776711 4303801.265366223 5949177.133956174 5509229.617611725 8942396.278736206 12511111.992491055 12477272.475697407 1779825.8722649848 7779452.722564424 6062512.57083557 5487820.934648265 13165297.105057785 3563622.4402287416 8243477.992219007 7926177.195362237 5394874.493543017 5452471.566657255 0.0 0.0 0.0 0.0 13599606.974543205 3191413.6546850605 2988051.071918786 3880829.877088676 2163322.7618337553 4268109.31324553 3080113.2050446696 6962427.19741809 2532161.528925528 3140109.8721108614 2330016.0817851685 4307610.889062728 4178003.8456686116 0.0 0.0 0.0 4962569.287912925 7820524.511476585 0.0 0.0 0.0 0.0 0.0 13037987.402913934 6048810.615394496 2636157.59772945 4323624.623394044 3275625.035307314 0.0 2538210.910748808 492425.8747031656 -9999.0 0.0 1301824.9901032525 2662489.7874008305 1665966.6915810197
6773333.034163503 3043723.2708793315 7985476.002393715 4084096.029937345 5191378.336433268 4277257.025828835 2521653.7850834457 2827526.923777816 13300980.002560966 13665533.417366669 6887013.236278972 3671009.271089158 2051581.012803877 2894249.0612469977 3066128.584816698 5652873.843629209 8395337.926735433 4550626.970318023 4520323.05342987 3698231.0251038065 2518375.356294987 10651829.615442293 0.0 0.0 0.0 3326106.432060819 3549495.96297015 3153896.583193736 2513550.999732858 2356545.537080736 3182775.811325079 3008914.4165585265 4169095.5378794917 3413793.567957289 3454292.7453936194 3270013.888325759 3805275.2293937695 4370385.493074372 0.0 0.0 0.0 0.0 7211949.877790095 8175701.907670662 0.0 0.0 0.0 0.0 5420506.708428708 6894451.734920246 5497124.499158885 2235106.929654838 2225666.35877038 1070467.8138248257 234613.6140464166 -9999.0 -9999.0 -9999.0 -9999.0 0.0 3224281.711934986
5473077.44733163 5216747.250588717 10219092.55291001 2499298.636706121 3158337.801743941 2013183.9980682067 659775.5799718006 9008784.458111705 9576810.513432771 5772408.119273654 5222237.3112432845 1902224.0940782947 1717233.8507351778 1852061.4458361173 1861427.839449992 1663355.0106293045 4398567.058728752 4822376.5957604265 2602288.4332026644 95724.45111915056 -9999.0 3477325.1041112905 2010377.9474877878 0.0 0.0 2471317.7634796905 0.0 3016726.29097718 2727676.347739319 3140582.69378171 2520010.3139266046 2522074.913723649 6896045.37619874 7713838.87455074 5318424.143719859 3211755.233321326 2903484.2242757366 8023639.980389646 0.0 0.0 0.0 0.0 0.0 0.0 0.0 0.0 0.0 5746145.729814561 5726847.284579686 7121263.508603293 4925370.665663146 12352102.220390841 10453325.353588495 0.0 -9999.0 -9999.0 -9999.0 -9999.0 -9999.0 0.0 3527316.032047553
6718761.435697087 5947264.905311287 2921197.0719503677 2719505.168604562 2080428.7578877308 3693702.739781292 5411305.832010433 4622434.810530356 9667038.963294504 4483823.676209035 5952037.616159888 5220724.518382687 1936614.561151103 1926381.0439506005 2315672.2752449163 1949201.972219638 1863905.4708633043 1922999.0667325847 2908572.7937435335 -9999.0 -9999.0 0.0 0.0 0.0 0.0 0.0 0.0 5434318.707146749 5070760.745400552 5691197.425670228 5562006.721700585 7228659.021683689 5093654.06927847 5228695.444219563 5035091.793890014 5481524.417998026 9328577.595511558 0.0 0.0 10817921.188507926 0.0 11460744.542330075 13434903.40064493 12625942.513751954 4002196.1820598748 11028997.365920328 5108968.041720102 6170692.011176998 6079543.890621445 7559761.20693745 4713956.834846937 5131639.9058827385 0.0 873642.0672180462 -9999.0 -9999.0 -9999.0 -9999.0 -9999.0 -9999.0 0.0
2752135.4734201236 1024546.7336063323 2359494.378024397 5178400.455053482 2052547.179676052 2197423.8379888143 4648772.490283206 10752368.665313544 9574050.478296371 7615332.775439517 5843881.868938351 1673481.6616982424 3418641.626712922 4692294.10949236 3962881.1413604007 1848952.393569166 1586437.9162592313 2120560.8287385646 1632326.8894331502 149334.34638160092 -9999.0 -9999.0 -9999.0 -9999.0 0.0 3511268.8345898464 0.0 0.0 0.0 0.0 0.0 0.0 0.0 2008550.6319917303 4292904.305898348 4380953.261353053 4884683.950301935 0.0 12065781.85924259 9609970.96829951 6039034.414674081 14508000.07645775 8477203.287515443 10182690.694108449 11875579.525088523 5028174.7070865985 5394831.646332668 10037977.026232688 7482853.275561498 6439304.762497349 3420464.8162302156 2235858.502374347 -9999.0 -9999.0 -9999.0 -9999.0 -9999.0 -9999.0 -9999.0 -9999.0 -9999.0
2290334.8637668504 1420025.424152248 5789096.4340194585 7034134.256198152 4047556.8741135704 3422661.2701725177 1215624.2733113521 1882179.673169303 2130083.467048929 2257998.5157904476 1126810.7538606245 -9999.0 -9999.0 -9999.0 3320525.857686836 5296309.675406871 5861572.568378893 3368971.531964158 8026690.6292853905 3756439.620489464 1971244.238099524 233614.41040439898 -9999.0 -9999.0 0.0 0.0 3248423.033984922 2704880.2707448415 6418981.431652887 0.0 0.0 0.0 0.0 0.0 0.0 3909893.743405148 6766606.908974204 0.0 9546680.550967373 3962953.719243848 5135097.67534067 3464034.5136233736 7660087.540143747 8329332.050660863 6785071.788769777 7733573.511984882 3920984.896914488 0.0 4224834.197276257 0.0 2670933.9838454803 1534585.5279914583 -9999.0 -9999.0 -9999.0 -9999.0 -9999.0 -9999.0 -9999.0 -9999.0 -9999.0
2146647.046351628 683355.291511604 98809.42295385289 957689.1428522901 2202589.810097074 3541761.7909272886 2885569.659041005 2584938.3656652514 -9999.0 -9999.0 -9999.0 -9999.0 -9999.0 -9999.0 813996.8984944905 4618556.518813471 5455927.44932176 6314872.938655985 5425956.375811756 5434292.493697315 4540643.04074976 2368851.251270046 -9999.0 -9999.0 -9999.0 -9999.0 0.0 0.0 1837433.3576795715 10388045.89589146 8675969.605761202 0.0 0.0 0.0 0.0 0.0 0.0 5119322.451684623 0.0 0.0 0.0 0.0 4096366.4057583692 3852037.6712881145 3563071.208768929 2886838.1556555172 3502224.6369540016 5248422.907473762 0.0 4349512.406773284 964111.5206694949 148968.53316419746 -9999.0 -9999.0 -9999.0 -9999.0 -9999.0 -9999.0 -9999.0 -9999.0 -9999.0
630154.8588582737 -9999.0 -9999.0 -9999.0 -9999.0 -9999.0 -9999.0 -9999.0 -9999.0 -9999.0 -9999.0 15507.805863614365 436125.4682879614 -9999.0 534525.8856426566 2861344.9455995974 6032749.896641841 4033115.2961255065 6375820.686543082 3138693.9638070986 1706934.7723427678 4062443.2082901523 353121.0526608775 -9999.0 -9999.0 -9999.0 -9999.0 0.0 0.0 5350337.5448475145 10054675.625041807 0.0 0.0 0.0 0.0 14235044.82660551 11498227.056812428 0.0 0.0 0.0 0.0 0.0 0.0 0.0 0.0 0.0 0.0 0.0 2677662.926354565 2246377.696731667 -9999.0 -9999.0 -9999.0 -9999.0 -9999.0 -9999.0 -9999.0 -9999.0 -9999.0 -9999.0 -9999.0
1524458.354181606 -9999.0 -9999.0 -9999.0 -9999.0 -9999.0 -9999.0 -9999.0 -9999.0 -9999.0 -9999.0 212682.11797660857 1794400.6864487494 1164099.8787047802 -9999.0 -9999.0 1365509.5223817006 4618026.586876064 6600706.102276357 3885683.332425542 6091588.8971611485 5271060.559319578 3670407.0564699657 1536360.8753222972 -9999.0 -9999.0 -9999.0 -9999.0 -9999.0 -9999.0 0.0 0.0 0.0 1815122.5631214755 4930504.099479215 16102274.883673785 10063288.350964662 4558345.641350966 0.0 0.0 0.0 0.0 4101186.0635112864 4024362.1954960553 3490520.535755154 4255739.61822723 3723725.137027349 2515019.499001356 3176310.729819499 0.0 -9999.0 -9999.0 -9999.0 -9999.0 -9999.0 -9999.0 -9999.0 -9999.0 -9999.0 -9999.0 -9999.0
1003096.9561049341 -9999.0 -9999.0 -9999.0 -9999.0 -9999.0 -9999.0 -9999.0 -9999.0 -9999.0 -9999.0 998187.5315561099 697149.6214723309 -9999.0 -9999.0 -9999.0 -9999.0 -9999.0 2797362.6128214714 6256752.801836736 3085850.2550126854 5859875.400441973 3394691.996017786 7452435.926157067 4582240.29271377 5209448.136193998 67159.88572878265 -9999.0 -9999.0 -9999.0 -9999.0 -9999.0 3795586.458027405 1900631.845732774 3052057.1376977866 0.0 0.0 5279620.22762038 5356513.4011160545 0.0 0.0 0.0 0.0 0.0 0.0 3070294.4096358023 4441550.935448066 6049257.855922585 6635789.935237288 4023861.9056613604 1011145.8223018276 -9999.0 -9999.0 -9999.0 -9999.0 -9999.0 -9999.0 -9999.0 2068074.9338435307 3852156.3658772116 705758.0622666118
-9999.0 -9999.0 -9999.0 -9999.0 -9999.0 -9999.0 -9999.0 -9999.0 -9999.0 -9999.0 -9999.0 248010.34365167486 5315056.488650942 619798.1272815204 -9999.0 -9999.0 -9999.0 -9999.0 -9999.0 1261163.7651806567 3287947.9621752505 4296091.03785701 4545382.78290897 5233979.874597204 4490998.068955045 5243968.550231398 7862814.680967702 4254566.0597914355 237811.65012071148 -9999.0 -9999.0 -9999.0 2207738.9625520087 19780014.602164946 3876204.280684984 0.0 3011908.3788092793 4867187.918318765 3989724.729512268 6081052.598039033 3830065.6450502938 2642803.651910373 2952222.5147358584 3257616.4679882815 2694490.9796958026 3240361.8469505636 3474233.3433254394 6011726.580407997 5745971.472695058 5934192.424617671 2939962.2433601846 4564181.515543346 2469544.3183331876 1815414.100650588 2857644.2412075168 901852.1529393472 1862684.6247249476 3827381.2767743818 4952578.089365071 3959618.306614267 1852890.5960525358
-9999.0 -9999.0 -9999.0 -9999.0 -9999.0 -9999.0 -9999.0 -9999.0 -9999.0 -9999.0 4472032.766559686 6657896.760141348 5106736.092547921 3049019.1445131223 -9999.0 -9999.0 -9999.0 -9999.0 -9999.0 -9999.0 -9999.0 -9999.0 2597883.358227683 4357252.772245846 4913197.3557794485 5580466.733547566 6343855.199574406 10532835.457149457 9552003.571462324 5749327.31185652 182934.94271144405 -9999.0 4726228.96644271 18405799.803047564 6102188.335442063 1868369.650601332 3038033.0236612963 3526590.256076199 3319577.1620704085 3677971.4557446605 5410601.24785033 3706847.8752878974 1829914.5526414784 1728412.992354584 632771.4778489075 2054953.0279244354 5384363.149496701 6531596.715624521 4992355.580240802 664317.5080906526 -9999.0 560264.0750883567 3001652.8232121873 4256373.624285969 8105072.349142586 3849261.4633049546 6480639.727533033 4130428.1198842255 5443991.492798085 6379666.345426692 3295326.2558743535
-9999.0 -9999.0 -9999.0 -9999.0 -9999.0 -9999.0 -9999.0 -9999.0 -9999.0 -9999.0 594809.9999775161 7672080.864485409 6570262.801814043 2998555.1369468337 -9999.0 -9999.0 -9999.0 -9999.0 -9999.0 -9999.0 -9999.0 -9999.0 -9999.0 -9999.0 2800825.0899720695 6733475.175729271 8536933.124638576 4345189.274612941 1627217.0978077408 7826438.925795428 8766313.307089582 -9999.0 403262.80432584125 3444431.9945954676 4103418.9511431246 2412934.9256879906 3772991.831356711 3121128.661287284 3836586.1442336715 1162531.0763332888 2916888.8272209014 3326171.645477524 649584.7978873516 -9999.0 -9999.0 1487572.6990408194 1563992.7135094232 4012184.114862319 5326691.831537666 5095768.113224899 5431505.678723099 3260606.8708432927 4188969.7096541314 4062249.503996512 5109307.106204249 3427019.110001142 5625857.397182396 1255592.4439672222 4234259.753026501 4241507.174647974 1357906.7326234912
5001814.101056915 556602.9882867167 1625182.423950563 -9999.0 -9999.0 -9999.0 -9999.0 -9999.0 -9999.0 -9999.0 682066.4154622074 6085070.302545324 6193403.299052478 3486409.1569331433 -9999.0 -9999.0 -9999.0 -9999.0 -9999.0 -9999.0 -9999.0 -9999.0 -9999.0 -9999.0 -9999.0 2303736.579726406 6019865.904978155 2655095.7413523123 -9999.0 -9999.0 3372022.559372317 -9999.0 -9999.0 600998.7894510487 1798477.7974633896 2783941.332178888 3104828.4523031567 4005544.89229548 4337805.645271198 3231232.215794118 136649.98395215385 498199.0029196967 -9999.0 -9999.0 1426750.9862325713 -9999.0 5263083.533687297 4176503.7448201915 4870706.021637134 4367916.484258888 4655098.613733422 5288089.156193346 4027583.015678735 6473075.096751293 4867592.092055973 5003434.4612553725 3835169.177113616 4413879.2286909 5432243.929265908 5956599.51849787 5877482.20514216
1724953.988284625 -9999.0 -9999.0 -9999.0 -9999.0 -9999.0 -9999.0 -9999.0 -9999.0 -9999.0 2275522.8365526088 6005962.112871238 3778565.6628881567 1299973.4637287122 -9999.0 -9999.0 -9999.0 -9999.0 -9999.0 -9999.0 -9999.0 -9999.0 -9999.0 -9999.0 -9999.0 -9999.0 3710303.081956739 4123443.549692909 2008795.4263592353 -9999.0 -9999.0 -9999.0 -9999.0 117539.07069350823 37502.92662064538 2622062.162403341 2617458.642168879 3027844.9008171577 2964619.162719065 4683392.209159313 969345.8411264482 71587.180818147 -9999.0 -9999.0 -9999.0 71021.6725712467 3681044.5538864187 3486815.953002321 4181636.937340177 1476148.880341764 1705409.8583289795 1562801.8605020924 5545450.508279401 6778018.577667655 5245082.904111342 1160694.7823334092 6581814.4293499105 3957167.7988516954 5334129.810966077 4820226.42064925 6298379.916975597
-9999.0 -9999.0 -9999.0 -9999.0 -9999.0 -9999.0 -9999.0 -9999.0 -9999.0 -9999.0 -9999.0 1128767.1232647626 -9999.0 -9999.0 -9999.0 -9999.0 -9999.0 -9999.0 -9999.0 -9999.0 -9999.0 -9999.0 -9999.0 -9999.0 -9999.0 679703.1641571121 6463637.3123680875 2934721.2586238105 328568.6943503937 -9999.0 -9999.0 -9999.0 -9999.0 -9999.0 -9999.0 1044101.479794273 2883971.0967502063 3838908.05565924 5207297.017130198 4547498.063477955 3729664.9427995645 2920365.128383472 834257.9109412287 313291.34678020654 -9999.0 612581.2981028003 505441.0069575569 2397970.6431360203 4401557.832538417 5529991.9954043105 4678370.132754144 1380733.0581546344 6725361.884854431 5211849.432972602 5158046.904126845 5898408.557134418 4068164.701706459 6416330.08995461 5025685.159275568 6048802.211405561 3292522.3902478768
-9999.0 -9999.0 -9999.0 -9999.0 -9999.0 -9999.0 -9999.0 -9999.0 -9999.0 -9999.0 -9999.0 -9999.0 -9999.0 -9999.0 -9999.0 -9999.0 -9999.0 -9999.0 -9999.0 1619404.6393730412 3738076.917173056 240714.56360528572 -9999.0 2316329.2896765675 3121429.185742458 3680575.521668784 3583278.8426829954 132746.4077803543 -9999.0 -9999.0 -9999.0 -9999.0 -9999.0 -9999.0 191907.7812125464 159753.60453442959 1359890.5540502132 3668272.709912657 4359768.906186832 4036223.494337569 5585649.537586463 6179402.774496239 2751907.609936889 445174.11699565686 -9999.0 829009.8922418699 2674888.916187619 888290.367779955 3377590.102524214 797294.8439927266 680244.4466220837 1053525.2675639184 4807009.903518182 4994934.716491919 3769101.5914090388 4075116.9293622593 4109217.6392477285 4445145.374098819 4258862.217864733 6164335.765550323 6356237.490150669
-9999.0 -9999.0 -9999.0 -9999.0 -9999.0 -9999.0 -9999.0 -9999.0 -9999.0 -9999.0 -9999.0 -9999.0 -9999.0 -9999.0 -9999.0 -9999.0 -9999.0 -9999.0 518233.1762986591 8695092.844487188 7746130.22968122 5834385.392682043 6448007.677776902 9498228.223517628 3823604.6180638517 1745374.5024199006 407369.52312991564 -9999.0 -9999.0 -9999.0 -9999.0 -9999.0 -9999.0 -9999.0 -9999.0 252100.14200028338 1600091.1156214334 4759732.486605391 5670545.797130108 5663901.693047883 3760282.6062826617 2259854.4255123683 1084728.1389337247 1263415.039697951 512743.2026111858 -9999.0 782187.1864868281 950229.3121000788 2556630.2321001873 4386545.536806752 1139605.3727485035 1318102.99921937 4052346.214972116 3911951.5880947458 1183409.8440309733 1209965.9410050926 1291619.734656425 3876916.7606258285 1426819.2906050372 5890439.290948607 5610041.2818004005
-9999.0 -9999.0 -9999.0 -9999.0 -9999.0 -9999.0 19107.909643069295 4250.421328016235 19663.752748930736 0.0 -9999.0 165374.8347664049 2986221.6631074287 3742489.049878243 1283890.3652050213 120540.1879228162 168736.25466797233 -9999.0 -9999.0 -9999.0 1736710.6206117857 4350066.109486036 11259273.162272934 10381710.96568691 4217014.097269814 -9999.0 -9999.0 -9999.0 -9999.0 -9999.0 -9999.0 -9999.0 -9999.0 -9999.0 -9999.0 -9999.0 -9999.0 4020670.894590225 3437956.353966726 5247068.636185048 1896726.0536516968 -9999.0 -9999.0 53506.178141543955 1348674.9918585175 634778.2234719273 -9999.0 205070.54869611515 1517495.8614864815 894953.5825704106 1330967.6913995368 1144223.7107756461 1502897.254042266 4986530.027981301 4440088.576554673 1162030.9999926412 1001659.688485449 1114205.0425766907 1465736.586477906 4165695.717646593 4534232.9598275805
5308623.18889093 7331967.211159294 8037563.325482172 7433432.555207656 3793478.868875157 6085208.94109644 9037302.520367807 8992992.922201507 9491798.750267548 8697191.520960355 8536328.325618042 6486244.253547834 6934348.9659951385 7189137.837128135 5185565.449549619 5312877.29554727 673168.8581301654 15955.934573617404 -9999.0 -9999.0 -9999.0 -9999.0 503197.56166378874 3095624.7646824406 1866869.2105592275 -9999.0 -9999.0 -9999.0 -9999.0 -9999.0 -9999.0 -9999.0 -9999.0 -9999.0 -9999.0 -9999.0 -9999.0 1200922.4283950652 2482712.967066675 4636030.213277022 784591.3260174942 -9999.0 466404.37604608707 453938.80423964426 722731.8640304451 109273.78793250833 242867.09591306665 0.0 888124.1322264449 743963.5395421091 2587718.6066262363 886635.0217486782 972871.0033146685 1574452.599684389 1186998.7700938545 2701904.2466237526 2251829.0223450796 848871.1394193426 1236847.7845344897 1489155.861245999 1376966.646332054
10499242.614621896 10434117.525319751 9679706.911268083 10584563.594005527 10399425.129985457 10402924.756812578 10145517.091106126 10229638.286956508 10256800.986459387 10463757.09615865 10522546.87204682 7321675.332464585 7263694.009973349 7290357.844966863 7230371.688144851 917085.5982725474 -9999.0 -9999.0 -9999.0 -9999.0 -9999.0 -9999.0 -9999.0 -9999.0 -9999.0 -9999.0 -9999.0 -9999.0 -9999.0 -9999.0 -9999.0 -9999.0 -9999.0 -9999.0 -9999.0 -9999.0 -9999.0 -9999.0 176815.1517569638 529827.0298431986 533724.7254115101 -9999.0 -9999.0 -9999.0 123464.24317068407 -9999.0 -9999.0 -9999.0 -9999.0 2713148.634404784 1997586.6799031652 -9999.0 570661.8599701527 638149.6663485401 1897205.5705706268 0.0 -9999.0 -9999.0 2344474.9697016133 1012122.6232449885 790230.8042090512
282388.1642101191 263115.26255784783 275701.71916048694 307042.910007524 10768324.996823773 10197875.084259242 9663554.57801251 10548517.433122907 9983551.657079756 334718.55074240494 10372287.576259341 7123161.50035585 7338126.674209766 7389104.702884436 6919453.52710815 4121577.646895136 -9999.0 -9999.0 -9999.0 -9999.0 -9999.0 -9999.0 1693701.184445477 1116786.677235873 -9999.0 -9999.0 -9999.0 -9999.0 -9999.0 -9999.0 -9999.0 -9999.0 -9999.0 -9999.0 -9999.0 -9999.0 -9999.0 -9999.0 -9999.0 -9999.0 -9999.0 521084.962170568 326155.41467399 -9999.0 -9999.0 -9999.0 -9999.0 -9999.0 823530.3071283192 490139.285425541 -9999.0 -9999.0 -9999.0 -9999.0 -9999.0 -9999.0 -9999.0 -9999.0 -9999.0 -9999.0 -9999.0
270112.36606186035 271411.414113269 284051.05675764906 252494.57493935167 274695.51793113234 295621.4623222296 332375.22039986803 312483.6933618003 331221.03622977226 315355.78691881633 316199.7720218699 6937539.41930324 7342094.664098362 7422010.827323445 7469620.207047445 7394946.361138648 1049822.6395288946 -9999.0 -9999.0 -9999.0 -9999.0 -9999.0 -9999.0 -9999.0 -9999.0 -9999.0 -9999.0 -9999.0 -9999.0 -9999.0 -9999.0 -9999.0 -9999.0 -9999.0 -9999.0 -9999.0 -9999.0 -9999.0 -9999.0 -9999.0 -9999.0 2949112.6215121252 3388556.118694439 5258744.087713764 3142213.9887452973 3309850.7095372123 1837078.1529081515 -9999.0 214640.74128141152 -9999.0 -9999.0 -9999.0 -9999.0 -9999.0 -9999.0 -9999.0 -9999.0 -9999.0 0.0 1463187.4825836562 3199022.2120140344
294639.6195602017 268494.2085521905 279868.44718620303 265772.7285301923 308930.6234403319 281256.63373344176 314849.0215121965 293116.98198816564 264833.9913015808 265838.91479038 1501496.4128020077 7321215.95918874 7258864.012878939 1475899.1389276884 7194206.699820587 4041101.4482763256 325943.3247039091 -9999.0 -9999.0 -9999.0 -9999.0 -9999.0 -9999.0 -9999.0 -9999.0 -9999.0 -9999.0 -9999.0 -9999.0 -9999.0 -9999.0 -9999.0 -9999.0 -9999.0 -9999.0 -9999.0 -9999.0 -9999.0 -9999.0 -9999.0 -9999.0 -9999.0 -9999.0 531987.6424961223 -9999.0 -9999.0 -9999.0 -9999.0 -9999.0 -9999.0 -9999.0 -9999.0 -9999.0 -9999.0 -9999.0 -9999.0 -9999.0 -9999.0 1021850.5707312756 1977903.3270968185 1842996.924500283
267967.7659742996 265401.7239824314 265109.57533074584 265716.89272333775 266745.49771532405 266944.02876341785 162060.63178771257 179298.0672438044 164165.6077607999 981990.0578105166 1305859.2595298367 1308596.5890263815 1440030.712128364 7146953.393895711 2396982.6859501014 -9999.0 -9999.0 -9999.0 -9999.0 -9999.0 -9999.0 -9999.0 -9999.0 -9999.0 -9999.0 -9999.0 -9999.0 -9999.0 -9999.0 -9999.0 -9999.0 -9999.0 -9999.0 -9999.0 -9999.0 -9999.0 -9999.0 -9999.0 -9999.0 -9999.0 -9999.0 -9999.0 -9999.0 -9999.0 -9999.0 -9999.0 -9999.0 -9999.0 -9999.0 -9999.0 -9999.0 -9999.0 -9999.0 -9999.0 -9999.0 -9999.0 -9999.0 -9999.0 -9999.0 -9999.0 -9999.0
