critload/trunk/output/2010/nman_crit_sw_V1_ara.asc
ncols 720
nrows 360
xllcorner -180
yllcorner -90
cellsize 0.5
NODATA_value -9999
[rows 196 to 223 of 360, columns 372 to 433 of 720]
-9999.0 -9999.0 -9999.0 -9999.0 -9999.0 -9999.0 -9999.0 -9999.0 -9999.0 -9999.0 -9999.0 -9999.0 -9999.0 -9999.0 45945145.0956373 65125537.51722962 51960368.01825679 64641633.2870329 113283714.95882875 -9999 -9999 99674668.76721922 -9999 -9999 -9999 128744126.98239778 121495142.0596425 154035504.63963768 105550823.65851115 -9999 -9999 -9999 -9999 56513986.50060755 102342948.66069697 -9999 141017145.98253414 80734023.78420714 138658885.93534547 67172721.83111651 40754669.76804669 -83197010.12638819 55946984.62566849 -9999 108994697.9594435 27378702.49154241 63107581.84478921 62779327.17803064 74048253.33120292 -34698100.23301396 32666303.686945185 30883629.382917054 35918607.66491668 -6149295.165187738 14428285.530637745 74436897.56872652 115335930.47996387 20576460.460983418 43115465.95966915 52220599.45163172 85527234.91971299 113028163.79510312
-9999.0 -9999.0 -9999.0 -9999.0 -9999.0 -9999.0 -9999.0 -9999.0 -9999.0 -9999.0 -9999.0 -9999.0 -9999.0 -9999.0 -457382417.22669715 31025410.288165737 -9999 67225450.9574041 99134853.10409766 140970298.44341415 -9999 97176851.33870323 52000855.62540303 -9999 -9999 144594444.64486644 134699809.87487572 -9999 -9999 -9999 116460629.79079841 -9999 -9999 -9999 177322060.5264323 185531080.51661304 109412457.53181377 144198740.69344476 107001571.4432215 61808114.676766224 37773827.773918234 -9999 -9999 -9999 42436344.83821579 -19725102.251768995 21262333.794018626 -14813248.245771172 -9999 17242679.80305585 11143219.030084746 32272872.78210358 24855645.571328185 4520716.958791809 29909398.36668057 49477289.699603766 36158166.9166026 43525680.57538358 50240572.12252753 15344494.804603705 118900445.55139627 78711337.15714036
-9999.0 -9999.0 -9999.0 -9999.0 -9999.0 -9999.0 -9999.0 -9999.0 -9999.0 -9999.0 -9999.0 -9999.0 -9999.0 -9999.0 54488094.789560884 66813090.37582749 -9999 40120809.917822875 72141514.639169 64589421.27505617 131092782.61262989 -9999 138222152.537577 -9999 -9999 -9999 -9999 141008372.25714254 -9999 123660399.97520648 127775007.4592573 76531302.88821217 -9999 99012055.65211831 241083157.32013172 180908892.22715715 154306621.13662893 -9999 93902792.4188187 42981150.62154273 35194703.009185 -9999 46399948.15748256 125107566.02036881 6342651.249188243 -19311261.2817767 60140211.79001544 53855908.986817874 52326996.64583217 58648913.5782927 62136106.44553706 23016561.5344661 36681211.79151527 1195003.9793668296 13955461.534675714 12360327.859414378 32996551.312887724 37901416.80609714 74820167.43803541 3156254.524456433 72960011.56636809 -9999
-9999.0 -9999.0 -9999.0 -9999.0 -9999.0 -9999.0 -9999.0 -9999.0 -9999.0 -9999.0 -9999.0 -9999.0 -9999.0 -9999.0 125037120.11263402 117378344.87704903 56366189.28688553 49365476.6956299 83890680.40349987 -9999 121604977.09384333 -9999 29951514.108144287 122780847.96256478 188048501.12990633 -9999 -9999 -9999 144750996.05638942 148100476.881739 141016866.86245874 -9999 -9999 73063486.76600482 113892142.69273496 121230728.6217098 142994920.2306307 -9999 -9999 73473888.40159422 40203323.7634672 138821390.43152103 21361626.72874767 119533739.99796332 395355533.1897467 96304381.92633 52851990.82241088 47897342.95385407 59863227.81691231 60943201.174291976 69243796.95411856 8388058.458646612 33072613.977056317 35097501.93642149 3935128.837275271 1306367.332273077 -11827652.45523502 58613072.160264865 43484589.86611537 -9999 -9999 -9999
-9999.0 -9999.0 -9999.0 -9999.0 -9999.0 -9999.0 -9999.0 -9999.0 -9999.0 -9999.0 -9999.0 -9999.0 -9999.0 -9999.0 -9999 112140831.97901045 -9999 38809235.33434562 -9999 -9999 -9999 -9999 154827390.8309085 -9999 -9999 133278377.11249715 -9999 148292227.395209 181729206.80258182 182312175.77328694 -9999 -9999 90267106.9627165 139108142.75248742 98217671.52492711 -9999 33666548.85305892 62587797.243737735 43194935.77121132 96700219.2271131 72408408.19068134 123699731.19538806 100318341.96272855 -9999 161793650.87405756 48700465.525310464 53187147.56984819 56857573.46766269 66322535.34848247 49307414.808838174 65755004.66250827 19452599.793106742 41041842.414843276 26422017.08189892 5264501.229141536 3240807.342370506 -1955668.9350436707 50773175.71474953 59227081.003772795 67298935.09423238 57326974.01238301 -9999
-9999.0 -9999.0 -9999.0 -9999.0 -9999.0 -9999.0 -9999.0 -9999.0 -9999.0 -9999.0 -9999.0 -9999.0 -9999.0 -9999.0 -9999.0 87191177.37839629 11833547.722605972 45183878.86597723 81447401.5075311 131421205.06279713 -9999 -9999 -9999 -9999 -9999 -9999 122595199.24752946 186408692.71086615 171082770.71137303 196893067.40709585 161920817.4155983 -9999 71054675.93798415 87510145.88178079 117940966.30986741 93832103.3243622 109838229.54411453 117443043.90798925 87706988.65600553 105105646.58890407 85277059.40748246 82027493.06733741 33463096.994414065 43373515.84882829 259432078.33411068 53166706.797662705 65359956.77393354 105563783.85083799 86163979.48231383 -9999 71916234.9053454 72839315.00479266 34731648.632714465 -9999 9794016.37515024 2021241.571639979 1270679.0098225593 47041736.044403285 48612147.04512135 25091565.051722582 64794641.51937054 93498796.91075931
-9999.0 -9999.0 -9999.0 -9999.0 -9999.0 -9999.0 -9999.0 -9999.0 -9999.0 -9999.0 -9999.0 -9999.0 -9999.0 -9999.0 -9999.0 43912474.65907773 -780751.136039547 45746548.58850651 47856572.80948793 121887567.009701 181134142.43972835 101777430.09862901 -9999 -9999 -9999 -9999 141476978.17759246 135623321.7428874 156427334.7827875 155309558.45075148 600557084.2927148 633258865.2006502 146195651.65483168 154245868.0872943 169617262.62494788 -9999 57663573.134223714 -9999 242032800.1118971 206195426.15168145 -9999 128492812.76345761 154977598.44112515 252557770.807198 -18284615802.55018 62127349.14604843 72705572.92621067 47352230.56413143 -9999 82726882.16360037 73193542.64405869 62194921.54675137 24593307.242668174 -9999 -173393.08229101315 1590028.776513762 2698392.7392200446 38669360.61657293 46668644.36344406 100303934.79195945 99630805.1165929 102318974.14635696
-9999.0 -9999.0 -9999.0 -9999.0 -9999.0 -9999.0 -9999.0 -9999.0 -9999.0 -9999.0 -9999.0 -9999.0 -9999.0 -9999.0 -9999.0 14010889.794003608 26571168.392125674 59756065.74121352 75412056.7950767 57985940.84637073 93340244.03739646 82202610.99366885 111499000.31814672 -9999 -9999 -9999 -9999 135863565.1621533 156291937.99064073 198003489.87203944 -9999 -9999 372956016.126922 473969586.5940975 -9999 -9999 40937834.84132467 -9999 -9999 -9999 -9999 -9999 420200518.95151716 144136073.5037825 -9999 75050952.80484582 70909503.5730015 385560201.9239647 -9999 79562445.45191458 76595316.53242767 42696837.77629304 15572120.604721839 28956334.197627544 22372430.21406306 1974469.1685858464 4906044.241453715 -7792172.371994289 25554798.656431623 34823467.130191825 31591294.86204584 28063993.79225338
-9999.0 -9999.0 -9999.0 -9999.0 -9999.0 -9999.0 -9999.0 -9999.0 -9999.0 -9999.0 -9999.0 -9999.0 -9999.0 -9999.0 -9999.0 -5932719.917500628 -3037191.608055457 52644128.67154844 75353156.83664538 71347918.39314748 95641365.42238522 59064525.710643575 78505194.5605515 112398952.1964715 -9999 147375378.04304877 142123248.61736608 -9999 170872845.05283308 520008313.8627105 553895189.5260423 312901702.8039935 201413292.1044208 -9999 -9999 -9999 -9999 -9999 -9999 69244809.85663402 70461232.17639889 -9999 -9999 3124695225.501771 -528298842.1233752 1639005263.4428544 78198525.62153938 98972730.8273001 -9999 -9999 30094031.27783638 22102585.816614144 -9999 23267131.37501076 36944900.9006086 2879632.5894887475 -3284466.104650262 23876755.615065843 27524351.4942301 24905715.054750368 24111086.07976601 -9999
-9999.0 -9999.0 -9999.0 -9999.0 -9999.0 -9999.0 -9999.0 -9999.0 -9999.0 -9999.0 -9999.0 -9999.0 -9999.0 -9999.0 -12471796.080618 -3465580.6793681877 9917517.34346927 47257009.801266894 41041554.25760554 44288015.07513505 95480774.38152589 63836949.85731309 106727862.76159704 120654921.22403382 142061717.3664955 144002817.7388352 148684660.15489873 152962248.28754622 169091950.2617462 178036269.44240022 736894467.4756409 574219326.3809144 436146426.45535994 257717702.72866482 -9999 133846546.80240867 -9999 -9999 -9999 -9999 -9999 -9999 -9999 54560799.182653934 69648849.61463995 -315153683.30900013 267703505.6557208 1533438249.18739 57624040.9379239 40331919.306746654 17879870.862778053 -9999 -9999 18348875.90332915 2936300.4925817032 21814561.026176937 5043813.898791419 17211413.121833008 16839508.90301931 20261707.72395092 10879562.337397674 -9999
-9999.0 -9999.0 -9999.0 -9999.0 -9999.0 -9999.0 -9999.0 -9999.0 -9999.0 -9999.0 -9999.0 -9999.0 -9999.0 -9999 49403957.858144015 26950892.709663767 -5868959.212637683 32127665.074892677 51577336.481926404 84588607.9766344 90759731.23581548 60022576.268807754 25823702.199440874 -9999 123345241.16056032 133690166.5351258 146773162.43773454 148705197.50496042 76330623.67784597 -9999 185096098.6059108 977258966.2051837 629780660.6828197 214758096.35567382 62979650.42690163 69025978.49467373 81815479.74178141 27315347.020912293 37507207.53275971 41289297.46003145 -9999 -9999 90406143.156093 77252851.92878282 53923216.93381555 66816525.55279595 328986494.4376723 53485274.79874345 35515049.96588529 49768283.36908447 16435308.360720217 -9999 23278827.967372417 13734376.448198149 3702382.284190548 636217.2236435341 3482340.3744375133 7711536.88539303 15153418.686904484 14459879.010600863 21554625.96352788 23281004.843818247
-9999.0 -9999.0 -9999.0 -9999.0 -9999.0 -9999.0 -9999.0 -9999.0 -9999.0 -9999.0 -9999.0 -9999.0 -9999.0 -3516163.7411373993 -1584351.6923549327 -4572895.7351874625 39684136.688134715 38181071.06575047 56040917.18416428 87475782.68948188 95908832.59016678 -45393727.76184715 29063596.57715074 -9999 124403292.61035582 135485141.6720696 145471407.4569722 63847493.56450565 74455306.97639307 81034094.83226697 93484939.31039433 134003885.71597198 341891024.32750225 312446914.15042484 62876755.8021651 72868387.79911223 -6963550.079825958 -9999 73176710.89913614 46901721.572849385 -9999 87193710.88885053 174597795.7133946 78198045.6382762 62083733.12909405 30662238.310754567 33442187.792710602 21741338.07788733 47633662.729108565 10816185.862633785 31221103.948496673 18679488.68805663 6791316.467103547 4526422.351363247 2765625.870558687 1270284.3341668032 3923871.1754721017 -2874954.554459163 8317186.697738087 17079689.64948858 27766974.416585144 17145110.827051345
-9999.0 -9999.0 -9999.0 -9999.0 -9999.0 -9999.0 -9999.0 -9999.0 -9999.0 -9999.0 -9999.0 -9999.0 -1582986.5492879145 -11568160.196656931 10320414.26486307 23675912.946715396 35143557.30753688 -6386031.082654795 46336202.89853888 -9999 70372475.1140321 -9999 17763247.056644708 85161753.35381855 105014531.41602816 89767306.34638807 131377898.33486415 38876214.67733335 158283461.81581578 -9999 -9999 188125776.86889896 -9999 -9999 269676908.7073846 104070696.51815778 -9999 65955940.185329385 71238170.40775427 -9999 -9999 -9999 81184027.4959916 43135026.65549027 39450120.69868936 15043162.589969983 21676968.09332484 35260587.22099394 7361056.1921204785 7274803.9972576415 24411067.577349935 13433005.130994923 11766268.256855793 12995988.897517657 9867125.099616082 2655978.3896191474 2432594.832189907 -1026597.6965419943 431094.0162708756 450030.609434905 1787203.9307622248 -916682.549495771
-9999.0 -9999.0 -9999.0 -9999.0 -9999.0 -9999.0 -9999.0 -9999.0 -9999.0 -9999.0 -9999.0 -9999.0 -9999 -1310976.2667545145 26033641.365045857 31260572.652833834 1177567.120984119 21851053.55136486 51948269.42734082 80959222.79769942 96584295.67820938 72221698.56144504 16399617.230785469 72622640.65251407 70180962.40379344 97727920.83262742 115649677.85882778 33652314.32357184 -9999 127872471.74916153 -9999 -9999 -9999 -9999 216402113.03624815 207599975.4800861 87128590.56121552 47706436.88343781 57068119.73975314 -9999 -9999 15714106.35591505 39827453.341557 60741635.36363158 55935563.575150914 13453690.932781842 4849989.192696607 -9999 -9541659.091765825 15774216.570934836 9973005.068634756 4083590.08223513 2884966.105023306 9201042.675525025 13335549.848527348 7971704.757599341 4166259.1613544086 3233634.789668687 20830325.649331983 4142878.414848802 3108681.007276219 7499073.148400481
-9999.0 -9999.0 -9999.0 -9999.0 -9999.0 -9999.0 -9999.0 -9999.0 -9999.0 -9999.0 -9999.0 -9999.0 -33998892.14868005 29967818.568199992 8712846.632084878 36757850.43978338 -1800745.0721230772 -9999 -62962405.68107886 -5831175.189175652 75993650.11878935 -2811092.653901188 11128987.616274444 25533371.950738464 58794451.36703522 158506800.5247369 14708950.39123878 467535050.4939412 -9999 -9999 -9999 -9999 144476005.58073616 -89235215.71795951 72311153.75782904 175813775.0871838 137962389.70106387 123731195.60323763 -9999 -9999 14758744.06190501 4836765.7213242855 41705110.315322675 54322328.37310879 -3406933.6024238886 12660158.745274039 10047951.850697031 -9999 -4490163.333918151 2724706.8206230924 7895248.808675494 6819074.104641379 7786747.766695568 4095438.9894237043 12266973.396725714 5607678.849486769 8247681.019948432 3668101.740652155 2210437.4876391394 7660846.176147336 18787696.11797233 8078151.443548089
-9999.0 -9999.0 -9999.0 -9999.0 -9999.0 -9999.0 -9999.0 -9999.0 -9999.0 -9999.0 -9999.0 -9999 -9999 -9999 -2784489.8817835655 -188294.58384591338 -10055954.300749533 -3205103.746650432 -361864724.82855994 -6147809.473380507 104007756.8701276 55370741.49234821 20652237.376133904 9459438.141793495 -9999 -9999 -9999 -9999 -9999 -9999 -9999 196594246.53477222 314401629.96914 59199496.93749196 52949234.415075816 286739554.7979202 -9999 -9999 163404500.03718442 -9999 49875540.88217079 141542420.96805945 -9999 68278390.45632142 28595644.113581724 23383407.510219295 -9999 -9999 -381465.8591116034 11601622.295071606 8079530.765518829 521363.0092071923 -1610386.1398033444 8253727.805580637 6352033.456708271 3920933.7280191644 6052816.434465308 2019898.1620796237 3882057.4993090993 3672119.923524205 20079271.36725124 14540889.24976591
-9999.0 -9999.0 -9999.0 -9999.0 -9999.0 -9999.0 -9999.0 -9999.0 -9999.0 -9999.0 -9999.0 -9999 -9999 -9999 -817421.3875086275 -6390522.7700939765 -15405372.394397855 -66317810.266919225 -178911064.4143302 -29971980.76748325 -63546809.12552717 -17989719.02735662 -9999 -9999 -9999 -9999 -9999 -9999 -9999 -9999 -9999 -9999 -9999 -9999 -9999 -9999 144179606.81516218 127267699.96576706 169027544.58693013 -9999 77419929.18683742 54209862.33923875 19515617.019619804 16316996.318459978 12136872.295204125 14388006.854186783 9095727.173865223 28086729.444192138 6630988.195020576 -12546913.549980382 6733410.366435672 438498.381650742 5902341.0524908295 1878506.1348008818 4123221.324653156 3781770.1906821425 6215321.096353631 66474031.56402867 20545769.328465253 13752017.030978099 5784797.117566883 5478021.47794876
-9999.0 -9999.0 -9999.0 -9999.0 -9999.0 -9999.0 -9999.0 -9999.0 -9999.0 -9999.0 -9999.0 -9999 -9999 24999738.663121127 -439092.75919167424 -1866086.4488039017 -5778566.967077436 -477093450.5809528 -171957668.8670164 -221716758.03385925 -16335802.314835602 -9999 -9999 -13782032.842047578 -9999 -9999 -9999 -9999 -9999 -9999 -9999 -9999 -9999 -9999 -9999 -10743724.044166459 58528820.2361265 135236219.5732715 207484747.5471544 -9999 -3664910.0381596102 -6733611.142610353 2839416.8863864276 -2659405.1448661033 -9517707.102761459 -9999 16640536.584675025 8418347.180344194 29857227.46246713 23896453.33953895 17101828.606286246 31360106.24890481 5386126.8607656425 22399154.001032945 -376612.03531599836 7670248.730950371 4159411.1519658146 20787928.67669557 19123779.238372214 16448775.867198108 17654960.197920293 9175127.775643656
-9999.0 -9999.0 -9999.0 -9999.0 -9999.0 -9999.0 -9999.0 -9999.0 -9999.0 -9999.0 -9999.0 -9999 -9999 -9999 -4128190.4819773654 -3882318.9212263892 -9999 -166864988.84557274 -39082022.71067071 -415306587.9523557 -1995138.001217774 45042760.56826499 -5475344.337047105 -20286118.010769375 -31577640.51316899 196574642.17988914 -9999 -9999 -9999 -9999 -9999 -9999 -9999 -272671854.7120453 -9999 -9999 51515164.622096375 234879332.57669455 193465568.17446113 -4292638.372442234 -3158680.970201149 2245355.411166806 12229673.689102724 -17090660.554964155 27628954.486102927 -1158069.3778601617 34660309.00117562 14802728.501639685 32541902.897528272 60141833.842536226 36682845.31470494 7899741.586179107 16313858.575479135 21034036.861320563 10307365.01876825 16436254.61833599 38712970.25157784 19508061.002945382 18971977.71704514 18780042.820208434 18985595.5913027 11440310.834927859
-9999.0 -9999.0 -9999.0 -9999.0 -9999.0 -9999.0 -9999.0 -9999.0 -9999.0 -9999.0 -9999.0 -9999 -9999 -9999 746933.8039181321 -3630250.3427200126 -4247746.12439689 177096143.6343155 597614803.1768798 224175717.07736108 68278819.86919658 146960171.0300947 -11648457.093391152 -14441312.37048555 -4347508.109314366 -88101694.11427411 -4021830.7011219626 -140355068.69541842 -14058971.023963664 -113696170.30431801 -31606831.760786038 -46592577.97191297 -9649703.412204178 73554351.72908811 -220473673.48368347 -9999 -62934599.78880766 140294551.0754979 21361610.017088138 41190148.32088631 4349941.380628378 1016202.7347321428 19167205.004513223 40719108.95491558 15629384.523141192 4206384.886539028 -9330420.652012529 1469236.9797123438 28342818.90278946 111015387.04087062 -44841002.99961381 42186849.47764164 10798530.815417351 8483625.264826786 16611681.721045684 23131351.59093481 31746034.669301875 38220186.679091774 26726760.57642767 38480211.67401269 65359505.14265126 73206447.06391755
-9999.0 -9999.0 -9999.0 -9999.0 -9999.0 -9999.0 -9999.0 -9999.0 -9999.0 -9999.0 -9999.0 -9999 -9999 -9999 -9999 -4484090.911376469 -2446688.583620316 -9999 -9999 -420733200.459604 552995686.5418224 427016968.1540191 -10702233.254019883 -7065013.623919672 -5852175.335470421 19959116.903866597 -6172620.179796971 -5788639.930246116 -6566490.24868231 -4187816.8256266303 -5422683.393091365 -196460403.16540217 -26234813.541624792 -2545339.6467036917 -1131244958.7435803 228897716.1088812 -132089387.3076923 -762245.9749438672 68611410.64201745 18519878.789980825 6502408.321926952 5940531.007917055 -9999 6730539.409499595 4823506.37807781 88309631.08422175 25122052.104369722 -27029431.252491068 37497753.40404735 40230946.28253387 5754769.625622665 52983488.638830334 67780037.55139513 60712350.601096995 20168252.949253093 23378835.501318794 22670297.169540595 34966595.69225808 34171309.42465456 25592816.459154453 75029869.50982292 95946626.40919168
-9999.0 -9999.0 -9999.0 -9999.0 -9999.0 -9999.0 -9999.0 -9999.0 -9999.0 -9999.0 -9999.0 -9999.0 -9999 -9999 -9999 -4336829.33222563 -9999 -9999 -9999 73756527.75872569 -9999 -9999 298268925.7754636 -233681230.25394076 -12036221.726402923 -4700645.656884978 -7911371.5612213565 2793968.0898745432 9661478.345171478 4553080.006273821 -9999 -9999 -9999 -9999 -9999 -9999 -9999 -2198772.483018507 1088989.33370862 -2559619.3318826486 -9999 55720766.89405873 -9999 -9999 91657934.95050083 91847470.5929021 84442135.98881306 -841695.0241067808 19667885.146028824 78640607.11311668 7233521.881162221 7859850.093003962 9665621.52301251 53261225.95796842 9961070.518083487 18998301.50146004 22572564.41068434 30423549.100070704 50757450.3577509 44412818.15648648 53487771.97022344 -9999.0
-9999.0 -9999.0 -9999.0 -9999.0 -9999.0 -9999.0 -9999.0 -9999.0 -9999.0 -9999.0 -9999.0 -9999.0 -9999.0 -9999 -9205404.37804241 23985037.64862731 -9999 -9999 149697869.20390254 -9999 529229520.59590346 -11312724.16228893 69563660.5650738 26241368.661315758 10872654.473361624 -6654670.557697222 -4547198.486363925 -6748486.066118282 -7784670.855284584 -5660437.734274081 -9999 -9999 -9999 -9999 -9999 -9999 -9999 -9999 -2528762.82288005 -1924340.8563708253 -1744458.269135081 77443166.87058467 3655216.7205922888 65218102.354007125 46707797.58541422 20171583.93973748 24357695.05710881 3085631.2024129513 26353289.331866305 48721794.86153904 23186608.876162462 8500403.111803683 9425233.584763747 3891161.696985502 5992979.223297622 12719467.030878637 28004089.411396105 35733956.69935424 83315702.24497782 138340356.1584185 -9999.0 -9999.0
-9999.0 -9999.0 -9999.0 -9999.0 -9999.0 -9999.0 -9999.0 -9999.0 -9999.0 -9999.0 -9999.0 -9999.0 -9999.0 -9999 -9999 -9999 -9999 -9999 -3600055.234901868 -9999 -5389518.461649059 -6318854.24441237 24857212.14483855 24949388.60389772 -35734827.043794185 -124241231.79658157 -7149067.694984939 -5708788.160714404 -8865903.487250974 -6889135.520726617 -9999 -9999 -9999 -9999 -9999 -9999 -9999 -9999 -9999 -1776399.8654092026 34893795.77226886 -46357356.37384292 -5381190.058659898 4066092.343809315 4408961.661227926 22318185.06548186 13615071.295640541 23041677.552080035 16192804.848542577 9896771.451909246 10421032.701445993 12546716.188914247 21027134.736541856 28940880.632515416 2729241.692639266 5682877.866268131 42032038.265974954 62647716.54281232 147986371.17480752 -9999.0 -9999.0 -9999.0
-9999.0 -9999.0 -9999.0 -9999.0 -9999.0 -9999.0 -9999.0 -9999.0 -9999.0 -9999.0 -9999.0 -9999.0 -9999.0 -9999.0 -9999 -9999 -9999 29525950.12514103 -3052534.9456322687 -2579733.815514534 -2434265.100372732 -39402987.65142371 -1378644.6571915187 -4227663.0632742485 -9999 -9999 -5046025.027118494 -9999 -9999 5876007.436756061 -9999 -9999 -9999 -3540297.98381876 -9999 -9999 -9999 -9999 -9999 -9999 219604653.47520146 -9999 -4973740.458327436 34655239.10668575 -7757851.75228727 -68308127.82558684 -175516.60495655882 3987560.521618534 21775182.406470995 16043287.495405322 4036057.078104062 14564020.953486277 35545658.21363897 30200176.758212846 19485104.5457792 31241258.30310641 50750687.05567815 67866082.93196034 -9999.0 -9999.0 -9999.0 -9999.0
-9999.0 -9999.0 -9999.0 -9999.0 -9999.0 -9999.0 -9999.0 -9999.0 -9999.0 -9999.0 -9999.0 -9999.0 -9999.0 -9999.0 -9999 -9999 -9999 -9999 -9999 -4320909.426225712 -4869859.289551307 -1809257.5435750189 -9999 -9999 -9999 -9999 -5572159.553779481 -9999 -3643558.1385964574 -4047609.153301994 -9999 -9999 -9999 -9999 -9999 -9999 -9999 -9999 -9999 -9999 137014535.51167333 -2858089.163653963 -6842401.350419897 -10141075.251477523 129572.54999213287 857491.2641895406 4039095.490040374 5974029.472434298 4831274.050866606 3761561.954204556 12623039.888957458 53395751.51562242 44668453.92435228 9701975.14267113 19265485.95240552 66432028.32023963 58234170.13049161 64420652.873701334 64171812.24041416 -9999.0 -9999.0 -9999.0
-9999.0 -9999.0 -9999.0 -9999.0 -9999.0 -9999.0 -9999.0 -9999.0 -9999.0 -9999.0 -9999.0 -9999.0 -9999.0 -9999.0 -9999.0 -9999 -9999 -9999 -9999 -3943990.7176971235 -4205514.277712307 -9999 -9999 -7333090.135791274 -1560545.278000718 -6824683.786549299 -5499069.98194989 -4389524.726686921 -3568201.525924074 -9999 -9999 -9999 -9999 -9999 -9999 -9999 -9999 -9999 -9999 -9999 68343095.69739895 -4386556.4219187815 58201610.99671476 -10933079.7382037 55616119.93963119 112953822.65602955 20983011.9522044 9012074.228846943 8228211.902114428 15178793.406104416 29798476.16302342 52956291.52865785 111500329.21403046 11175989.551477823 28153756.066542536 42303847.484800406 57350154.09824505 57732337.05941798 57747267.6332166 -9999.0 -9999.0 -9999.0
-9999.0 -9999.0 -9999.0 -9999.0 -9999.0 -9999.0 -9999.0 -9999.0 -9999.0 -9999.0 -9999.0 -9999.0 -9999.0 -9999.0 -9999.0 -9999 -9999 -9999 -9999 -9999 -9999 120080626.35594296 -9999 -7029269.876724805 11728971.849824423 -9999 -6414966.2163256155 -9999 -9999 96697910.62675513 -9999 -9999 -9999 -9999 -9999 -9999 -9999 -9999 -9999 -2399728.3243458876 -2080308.1178189719 -1591792.796458293 -4206599.358362531 32599797.714949537 57950773.756241135 -9999 -9999 -9999 -9999 84980912.36798494 45419988.30428221 16511793.880481767 -9999 52647330.33966143 -60767209.364024274 82357216.33386844 40520846.6281762 -9999 14053883.01306633 -9999.0 -9999.0 -9999.0
