critload/trunk/output/2010/nman_crit_sw_V2_ara.asc
ncols 720
nrows 360
xllcorner -180
yllcorner -90
cellsize 0.5
NODATA_value -9999
[rows 112 to 139 of 360, columns 124 to 185 of 720]
-38688267.99996 -16104569.203331068 -1701027.8213865233 -4115353.8389789783 -533847.5096859008 -1901066.4419524174 -1576245.3856009382 -127254.1988502827 -67042.7942480619 -69585.88492688973 -73976.33318536269 -2292562.94560036 -6869416.688647792 98479.91899551588 45503.43983971175 -106925.36860883428 532043.3845580309 893696.4839877308 -507.1591588020241 -9999 -9999 -264.8286236034746 -3284.39970646132 -339.32681077719377 995345.7510509668 -254903.73658130845 -1327.539776394097 -790.7367780157435 27746857.226895154 -4472166.801852664 50291237.90662192 7835.536028213597 1397.330648730461 -1631264.6620881115 -1169699.3377109417 -2869905.8182747657 -2086604.6102490132 -3929064.1424181154 5185.6729352196135 8292.543019177785 9584.52327031113 3046.9965723464056 2506.7191422786027 1544.1425224928298 1076.98460495483 -1511.6137751352453 -2245.4277130058904 10106270.897668766 -4199522.621046679 -638414.3293870782 -9999 -872393.7999344942 -1799711.4175502693 -8752514.984523714 1562821.9128274447 -868690.227540425 -539285.2101152414 -128174.56406490032 512380.17405596736 -320448.7611678117 -574.6571210468686 -1682.9068758284689
-6028.391796921923 -11377101.344266357 -2168356.5214442234 1294503.0420096326 -8985291.379785588 -1287841.354628455 -1643394.4478539012 -9999 -70625.01086909967 -197278.02703273098 -28778.801984481346 -1153015.8333230144 -4215451.12845417 127106.02277634061 727008.2175295072 -795676.6908463443 123540.22099705665 318141.0211468284 2068.579903188559 2365.7206491722627 146055.28414251655 -561.3092485094134 -430.3563069043709 33.006730694247125 -419.67149935241514 -1413264.2820351282 3833.2330890412422 3544.7964472258686 -453533.0257227503 80723742.44757959 38595207.37664093 11128.261270969966 17501500.585938334 22534153.5906518 13360228.696113804 9835569.312764365 -25437252.41617917 6352167.456937011 2711.8334260528645 -9999 10194.046713531381 4318.281188843026 9093.028167838034 13336.261898945259 -2316.593574254007 -2723.7056269706854 -7263.122805193452 1947.1294344432702 -2127836.134007362 482087.88677284087 -2858866.607158571 -9999 8697389.901521347 16122719.232849611 2823755.300502805 -2052933.1616877285 466170.0124779703 -117687.18725842875 484303.49451175536 -2169.5033683388997 750.783342610165 -1086.2451443463256
-9999.0 -9999 -28711589.68442861 -1160871.1958484198 -9744589.204541858 -187615916.7429084 -11376020.43345127 -115481.00814827812 -104062.45761082161 -66767.29516082749 14650.505416632453 -61839.98022282201 -424240.423344996 234973.0057228367 -283317.94765931123 -68452.76523332669 -24691.134465625397 263724.40326572466 -427232.8853770335 -9999 1254.6169612267993 575.9425306960013 -391.5476127287868 3682.7308377328727 1610.8303664664113 -975776.1610739903 -1058.7567113320224 3341.089389858731 -462103.25760438107 49336156.377526954 17553603.344531648 -4896452.577512928 17883330.248449974 -1626791.5229042189 18834987.893514957 392138.63162105175 20715160.99504963 4978921.556947429 8292.937859097832 5768.423084760307 9576.32151472706 -9120.26135738882 -5229.92644942193 903.6756423119494 -5348.831399784325 -1896.0709257183657 -3090.532611849363 8699.208354792012 6608.964082872858 -906.3336069289013 -1806.2932787809011 2478.5583107703724 7068.195399432704 -19333.122122026776 1776858.4975564969 -691905.895381527 -188990.6394211632 986197.5729839043 -94030.94323437958 6742.731072155235 -1004.0571854599536 -436.31375632325063
-9999.0 -11153827.800759729 -8779990.336217038 -152724.8790262067 1528015.0526079463 -2812366.1633972405 -31817605.617879376 -9999 -9999 -9999 -9999 -64113.7180237228 -62403.78857575924 -40335.33030165748 -5713770.913644241 -765420.2807707724 -129199.79893370869 -71421.59224026707 -473.1473980249082 -470.7172360859545 478.159685563103 -291.9373783334483 -164.39558389386565 -902.1347605085502 -9999 -357.15010395787056 -9999 2486.0139313324726 -667.9947001321078 11465.669172806034 13693090.015979968 9359118.37769397 26860440.76930796 12862296.073207498 22618977.239237174 16227833.501812704 9068863.456425589 7356266.571714455 -4230879.7580508925 1818062.0757384305 11784643.790604604 -4377454.651176849 10814.740786883047 3039.008191243294 -4420.624577634044 -4711.436153083878 -2938.83464199873 -808.4689554329258 1931188.4156305627 10801.599160607324 14056.78190414422 7049.023541324464 10183.178781603558 -3787.5646158296267 42990.17993182364 -3047897.683898065 -359669.9154971997 -184414.37759752868 -433031.43021667283 14702.328430302896 -939.8252609502481 986.810973641115
-9999.0 -9999.0 -6286402.916569031 -219652.62360256517 1154876.6161239378 -9999 -2101756.6466729175 -9999 -9999 -9999 -789464.7600370524 -73032.51920289455 -60086.9486206022 -604496.1746486925 -1704377.2141700578 4845435.582506476 -77804.27994722525 -58448.127720612596 -379.598468837737 -364.4245326839671 493273.91964002943 -148121.7405607773 -8838218.405566078 -39299.53885796433 -659.4710438095548 -1005.4549769837529 1230.7681837918224 -9999 -1345.4743315907583 19338.909160041185 16801.49076051351 -4294731.47396207 -2597371.970017541 -1434927.4985991651 6303959.829243767 -427850.69172504847 3763244.9719718145 9015274.436479751 -9745822.75081242 4907.32971322126 6610.438568427027 7046.0246280816245 11444.3570730037 2578.3946207446334 -1906.7509889473497 -899.8889011995403 -1252.6933320655316 -606.1426087702105 333.34962545639837 3855.7608834215757 9851.715405889698 12860.832141270279 21109.59200671001 -1074536.1441274388 -66354.57266734654 -343913.1609863703 -226516.01681983887 -247868.24441893338 -215291.5985968839 7752.370992609163 -890.8076796772162 274.67894821342173
-9999.0 -9999.0 -9999 238998.2017212166 -172603.48166343116 -9999 -9999 -9999.0 -9999 -9999 -9999 -645387.9052790924 -1258987.0763968735 -5896393.787321261 -7908595.952135485 -1227949.8725792458 -3187929.054526006 -611042.9919382429 -542606.1329431821 459713.6404719205 -946419.143573694 -1557722.8010679306 -5303391.348735103 -580355.5220959097 -833.4872917931668 3051.9856463659708 1567.037153628865 -968.7354103979362 6518.256176685999 8901.288167677867 10665.352209537514 1422120.5399530716 4823430.441743184 7032755.496366091 -3498528.608531185 -635516.3836622866 10741960.176294358 11156577.250175593 -5415628.917376955 8199.954537590842 5251.641363028975 9311.173305283206 1294.7754662817656 4076.708864106132 -1177.4608225696938 -845.8901318114159 -4615.196431873943 -9999 -9999 -9999 4511.7013998802895 5458.834730407511 24793.8474810987 1985569.3542189617 1518263.2071853515 -321358.64632366854 -192680.2053380256 -745650.5874646715 -31168.80751301231 6416.349752925696 -6972.530535341069 -2637.5545391703704
-9999.0 -9999.0 -9999.0 -81275.45928558701 -587015.1803284961 -9999 -9999 -9999.0 -9999.0 -289602.58803468477 -1023437.1502086675 -1211131.2457633577 910645.0392672066 3251123.4130100477 2886210.790228081 2366243.696150627 743366.7564820934 -633354.5278195307 -527646.1388042317 -1141052.2555151717 -552864.8823522725 -2076005.4650400958 1842598.1401238444 -596919.3641705712 -747133.4635997767 -2744632.367316347 -859.3090147111217 57897.53480817894 -128881.2952994268 4008.7121253624346 1812.7549036252053 -203176.3284725233 -901442.1650956469 7753204.808455928 261243.95475244458 -2184184.3014292126 10419702.149304751 7132645.142901216 6570139.013059133 8724.582995961238 2141.2980886066994 12367.44004886617 2790.143701377119 4661.69812219577 121.72127066878443 8992.033261602966 -448.9489965342861 196.67924799093845 -2875.803798388826 -635.9057893143104 -1483.7082274809145 13835.190611413685 1817.45188518754 10387.76325423426 -2810.7423264575823 7305.227383258947 -520601.20571275346 -227066.991340697 -187281.539589469 -25156350.77192858 4622.327963469727 27732540.755720045
-9999.0 -9999.0 -9999.0 -9999.0 -185408.56366421786 -301132.8806431703 -9999 -9999.0 -9999.0 -9999.0 -9999 -664421.8446672471 1922895.0164359317 3380498.177515474 -519874.0750249602 -1451437.7307117954 -1159846.0118606756 1020309.8245757007 60868.07423071338 -692988.7010517408 187833.05805752525 -1009394.0088165153 -716651.1561274327 -664602.1954329058 -9999 -9999 -1526268.1367811814 6220.496412871409 74220.16346650073 113794.34993194847 -6037.6851336496275 4526.537125617696 -149517.09967014808 -1367195.4245808264 2262499.6510371123 10685329.277983693 8459287.35556247 4477.187637457029 1790.7144649472912 7983.527366819928 414.9479585456859 3938.0265714615266 6548.908535446585 3363.550844788901 7380.801222700064 28110762.474119324 19473.65906693953 -21048.598945771413 -34216.95500095469 16866.840731449316 13568.296089628364 15199.556322711453 4786.563387052131 -66628.59544112411 -418818833.7788947 13868311.131129168 24118542.881413132 6429248.706191462 15748174.702791175 11858759.537273115 9583.497151650094 55303610.77580286
-9999.0 -9999.0 -9999.0 -9999.0 -9999 -9999 -9999 -9999 -9999 -9999.0 -9999 -9999 -9999 114529.27793513332 -1486596.3785923114 -1341510.2307127102 -772045.0743353094 -1815632.8934263894 -430520.97536675085 -380163.89888688445 2919988.0369656845 -876873.6332357829 731478.4229836914 -9999 -9999 -9999 -1500214.222190831 352.9162424578908 -826.3371067246934 -9999 -9999 -9999 -4114803.8577466044 -9999 677497.3139405681 -485662.9997359608 3547770.504663605 7575912.314385323 3091.888086166754 2413.8349144383865 13780.663093596988 13499.787434100897 4739.166690427058 4609.08774673603 3378.4449492098024 28773473.336865455 84405705.56945628 21836.862239169724 -9999 59154.461369773184 52204.46334183083 8402.265586185962 60484.186045145514 69350789.92717782 118183290.28612754 4142305.522497478 -216721373.4414315 -9999 -9999.0 -9999.0 -9999.0 -9999.0
-9999.0 -9999.0 -9999.0 -9999.0 -9999.0 -9999 -9999 -9999 -9999 -9999.0 -9999.0 -9999 -169964.6969428894 -3361588.1520884032 -19218864.06137655 -1123931.8471579312 -633176.5350899042 -10280521.138820792 -1525731.6531733228 -303445.8648595397 178066.21367800486 3112582.9144292763 -9999 -849568.0889111584 -9999 -1669525.089080761 -1818637.695865665 -654060.3154187576 501.95942673542555 -9999 -9999 -632935.305952153 -9999 -2764602.7956909216 -9845670.672924142 10638641.952425499 10360399.491912877 27859891.175872896 -4592955.864183523 -22004119.618409242 13865.583275529014 3865.790378318795 7371.752251628631 19050.1125357528 16183.384622853135 27227.899709584763 28480.3443294068 -9999.0 -9999.0 -9999.0 -9999.0 -9999.0 -9999.0 -9999 -9999 -33348080.80210841 -9999 -9999 -9999.0 -9999.0 -9999.0 -9999.0
-9999.0 -9999.0 -9999.0 -9999.0 -9999.0 -9999.0 -9999.0 -9999 -9999 -9999 -9999.0 -9999 -1202248.9655629038 -589096.0718070546 -1030853.8978662424 -6615787.827391687 -1478028.6787752614 65420.80668266406 -138209.07868205104 -683903.1050540289 -4609973.985954431 -8472075.533920225 -1273905.9990948557 -21379350.345398493 -1362621.9326467917 -796039.5588514123 -866840.2508523065 -9999 -788621.9612455247 -9999 -9999 -9999 -916882.9602487047 -611825.0408557658 -8542827.945857912 25532494.86466959 20886063.683667727 16522367.385739923 22430772.35255997 52949935.845667765 4803228.451562604 8757.427752987964 19889.359311594257 37819.10537600134 30967.08862942435 22043.53804764088 -9999.0 -9999.0 -9999.0 -9999.0 -9999.0 -9999.0 -9999.0 -9999.0 -9999.0 -9999.0 -9999.0 -9999.0 -9999.0 -9999.0 -9999.0 -9999.0
-9999.0 -9999.0 -9999.0 -9999.0 -9999.0 -9999.0 -9999.0 -515193.58395830565 -9999 -9999 -9999 -9999.0 -108365.74809652846 -448548.5763783586 -720137.7765372205 101221.70055858226 -1046295.1215686091 -864577.0081997898 -97207.2742388005 -381239.6211136108 2310611.371747706 -3283694.544803216 -1992883.6817009856 -751916.307338398 -925914.7947949702 -1838848.4025916366 -9999 -9999 -9999 -9999 -9999 -9999 -784402.9402976774 -1718091.2574548419 14390312.835038817 4793303.511066246 11083003.334343836 21898150.066830426 -7757025.13750922 19882153.71905339 29978086.732901037 30607.237812562886 35005.54813952812 153733736.05288547 -9999.0 -9999.0 -9999.0 -9999.0 -9999.0 -9999.0 -9999.0 -9999.0 -9999.0 -9999.0 -9999.0 -9999.0 -9999.0 -9999.0 -9999.0 -9999.0 -9999.0 -9999.0
-9999.0 -9999.0 -9999.0 -9999.0 -9999.0 -9999.0 -9999 -9999 -2492221.6256299685 -9999 -9999 -9999 -9999.0 -9999.0 2963354.737671415 1221320.2683925892 -6793359.854701205 -1173176.8963970907 -766718.3444410674 -660834.6945852558 958567.9164432092 1201491.2416724348 -5443359.754364602 -454808.7006757572 -1234605.7588060717 743165.287568374 -826168.4199829357 -9999 -9999 -9999 -9999 -9999 -91142.37545965379 2189166.599315411 -2669141.299967084 4910754.825258667 12713293.424320875 22083323.41622426 18434390.185105335 36529760.426170185 26620.198298153246 16507.379681071572 -9999 -9999.0 -9999.0 -9999.0 -9999.0 -9999.0 -9999.0 -9999.0 -9999.0 -9999.0 -9999.0 -9999.0 -9999.0 -9999.0 -9999.0 -9999.0 -9999.0 -9999.0 -9999.0 -9999.0
-9999.0 -9999.0 -9999.0 -9999.0 -9999.0 -9999.0 -9999.0 -9999 -9999 886529.7675105488 -9999 710461.3318864458 -9999.0 -9999.0 -9999 46394000.20696159 -24919457.615775473 -2831726.3752584374 -42140.802934200336 -863218.7527969405 -639483.8936810852 1297677.8214779072 173195.40364763068 -402105.7114446643 1857628.4369260285 -1106490.9898175679 2757942.1670197863 -9999 -9999 -9999 -9999 -1688073.211169243 -449301.06908848445 2814557.545062616 -307139.0071146954 13303857.158803776 -17100764.179295167 13568509.296749048 21805377.31117205 60389842.54373074 -1689409.9198541031 68580325.4425264 -9999.0 -9999.0 -9999.0 -9999.0 -9999.0 -9999.0 -9999.0 -9999.0 -9999.0 -9999.0 -9999.0 -9999.0 -9999.0 -9999.0 -9999.0 -9999.0 -9999.0 -9999.0 -9999.0 -9999.0
-9999.0 -9999.0 -9999.0 -9999.0 -9999.0 -9999.0 -9999.0 -9999.0 -9999 -9999 -9999 -310578.9874882842 -118919.55939595595 -9999.0 -9999.0 -9999.0 -73882881.30144541 2139273.0912069306 817589.6242666774 889213.95463672 -674677.0553428691 -388321.6424082886 -56362.93971926102 1160099.0943918442 1207363.2895121747 821094.4067925088 -9999 3146523.134563072 -942227.7019488241 -9999 -814305.5564678784 -240139.87467976476 202263.3157115801 -5465254.168843763 1262289.0736958422 3383092.027047182 -91308.32045849912 -3638480.6901225573 -2153785.054682698 13022280.606534697 -3961087.3702812837 99029125.96447426 -9999.0 -9999.0 -9999.0 -9999.0 -9999.0 -9999.0 -9999.0 -9999.0 -9999.0 -9999.0 -9999.0 -9999.0 -9999.0 -9999.0 -9999.0 -9999.0 -9999.0 -9999.0 -9999.0 -9999.0
-9999.0 -9999.0 -9999.0 -9999.0 -9999.0 -9999.0 -9999.0 -9999.0 -9999.0 -9999.0 -9999 -9999 -9999 -9999 -9999.0 -9999.0 -9999.0 -1759320.2641249946 1773055.875048727 937207.753727262 -352399.7195458219 -557320.4058105432 -327635.0991433484 -17712.9187270582 147649.76530331827 2913380.526531434 -1451616.6820399573 -1627526.266877892 -603012.0661603463 463526.60469007026 -920971.6577342565 -9999 -9999 -1331320.0120064097 -1056716.0484583925 4686698.747771941 3325136.2145181424 4304062.252294415 -990164.3197412428 -62566.19280927663 -190.18219902273944 64626353.815914154 -9999.0 -9999.0 -9999.0 -9999.0 -9999.0 -9999.0 -9999.0 -9999.0 -9999.0 -9999.0 -9999.0 -9999.0 -9999.0 -9999.0 -9999.0 -9999.0 -9999.0 -9999.0 -9999.0 -9999.0
-9999.0 -9999.0 -9999.0 -9999.0 -9999.0 -9999.0 -9999.0 -9999.0 -9999.0 -9999.0 -9999.0 -70143.91124658949 -9999 -9999 -9999.0 -9999.0 -9999.0 -21582715.110600214 -27835714.46516952 -8483604.40587193 -139388.48000825293 -1004572.1308709044 -182447.37533776247 -9999 2108845.7889384734 134817.00594277526 -2672575.3184256954 -1331783.9233401604 -3243219.4375994783 -21846302.31477936 -1870111.0748566436 6588453.897063007 -923111.0184190274 -896637.1673527077 -382204.22491157637 -25946728.410938535 12894564.478812532 43109018.34309065 3391802.0720146773 15191975.512195157 -196837650.5479668 -80836587.88016152 -9999.0 -9999.0 -9999.0 -9999.0 -9999.0 -9999.0 -9999.0 -9999.0 -9999.0 -9999.0 -9999.0 -9999.0 -9999.0 -9999.0 -9999.0 -9999.0 -9999.0 -9999.0 -9999.0 -9999.0
-9999.0 -9999.0 -9999.0 -9999.0 -9999.0 -9999.0 -9999.0 -9999.0 -9999.0 -9999.0 -9999.0 -9999 -2351127.632631596 -345598.4437085461 -9999 -9999.0 -9999.0 -9999.0 20441014.879751813 44121217.943262674 5459815.266282164 1559834.3358000983 -308737.772906193 -9999 59120.91216646277 211942.0602566157 -353866.50624228787 404067.2506219538 -1462645.2312772702 -1596964.5300892852 -1388734.3457408862 2302441.2564311107 -827195.4210651919 78098.31562107978 -2787750.5521658342 2405223.80760218 22604829.006293416 7623540.340549353 -1088577.3908530145 106407.14162525779 -191941685.84597155 53963924.872620545 -9999.0 -9999.0 -9999.0 -9999.0 -9999.0 -9999.0 -9999.0 -9999.0 -9999.0 -9999.0 -9999.0 -9999.0 -9999.0 -9999.0 -9999.0 -9999.0 -9999.0 -9999.0 -9999.0 -9999.0
-9999.0 -9999.0 -9999.0 -9999.0 -9999.0 -9999.0 -9999.0 -9999.0 -9999.0 -9999.0 -9999.0 -9999 -306373.683063892 -9999 -9999 -9999.0 -9999.0 -9999.0 -9999.0 5137829.355112476 37409862.333985984 -14405064.615183564 -236540.37571852206 -610721.760195399 832267.7729698071 2939203.3115047025 -484286.49613096 6843089.3196176095 6533370.328466722 -2610139.403349371 2422384.115272497 -9999 -739872.8650518253 1059981.963039987 -176917.08560777022 2599211.9917056267 2778154.248720547 6644391.000520656 5877849.519643176 14854360.827825068 50933411.46300476 -9999.0 -9999.0 -9999.0 -9999.0 -9999.0 -9999.0 -9999.0 -9999.0 -9999.0 -9999.0 -9999.0 -9999.0 -9999.0 -9999.0 -9999.0 -9999.0 -9999.0 -9999.0 -9999.0 -9999.0 -9999.0
-9999.0 -9999.0 -9999.0 -9999.0 -9999.0 -9999.0 -9999.0 -9999.0 -9999.0 -9999.0 -9999.0 -9999.0 -9999 -9999 -9999 -1948267.7460375428 -9999 -9999.0 -9999.0 -9999.0 -9999.0 17496157.651197355 1518775.0176257563 -409837.71717047977 -351898.97832164663 -9999 -3592009.1310131922 9987782.819939837 6338598.639788424 3837738.693842503 -1577826.492256296 -920702.8343606237 -699772.119705931 -626296.508252115 7902250.590132293 119410.05536525726 4958576.334237679 30789083.909041554 8659573.415016511 4638682.687920882 47373907.8446353 -9999.0 -9999.0 -9999.0 -9999.0 -9999.0 -9999.0 -9999.0 -9999.0 -9999.0 -9999.0 -9999.0 -9999.0 -9999.0 -9999.0 -9999.0 -9999.0 -9999.0 -9999.0 -9999.0 -9999.0 -9999.0
-9999.0 -9999.0 -9999.0 -9999.0 -9999.0 -9999.0 -9999.0 -9999.0 -9999.0 -9999.0 -9999.0 -9999.0 -9999.0 -9999.0 -9999 -303728.845124095 1782565.8581304655 -9999 -9999.0 -9999.0 -9999.0 -9999.0 8618924.531182265 227793.2554359018 -262209.76942587027 -898921.4190979165 -78724.32442459503 -312254.7664829358 -1154904.6793135903 2140302.6541301887 4576061.046336951 -1851024.9518649818 -2077415.6880427464 -1382538.7930539588 2133156.2815326764 -421660.9274463051 723241.6535007994 290100.16678377375 9369986.239135265 -1231550.960062414 14376598.386903515 -9999.0 -9999.0 -9999.0 -9999.0 -9999.0 -9999.0 -9999.0 -9999.0 -9999.0 -9999.0 -9999.0 -9999.0 -9999.0 -9999.0 -9999.0 -9999.0 -9999.0 -9999.0 -9999.0 -9999.0 -9999.0
-9999.0 -9999.0 -9999.0 -9999.0 -9999.0 -9999.0 -9999.0 -9999.0 -9999.0 -9999.0 -9999.0 -9999.0 -9999.0 -9999.0 -9999.0 -88768.16916642938 25938.32060473961 117144.55718049945 -9999.0 -9999.0 -9999.0 -9999.0 16617003.727301022 -2688528.75626129 -688096.5962593808 -1323932.158027395 -810960.3875314436 -925926.0641045831 -229023.55710684182 425397.1133424759 -6646616.634829551 -2681767.9818283515 -2316360.2588930735 2971530.4239218566 5783.4255127022725 -126126.98939638569 370605.77243442414 1827661.0359705111 4925855.370646122 999388.4989129637 11767288.96122983 -9999.0 -9999.0 -9999.0 -9999.0 -9999.0 -9999.0 -9999.0 -9999.0 -9999.0 -9999.0 -9999.0 -9999.0 -9999.0 -9999.0 -9999.0 -9999.0 -9999.0 -9999.0 -9999.0 -9999.0 -9999.0
-9999.0 -9999.0 -9999.0 -9999.0 -9999.0 -9999.0 -9999.0 -9999.0 -9999.0 -9999.0 -9999.0 -9999.0 -9999.0 -9999.0 -9999.0 -9999.0 6923472.916224223 -9999.0 -9999.0 -9999.0 -9999.0 -9999.0 -9999.0 -9999.0 5910002.673637896 455082.71533636324 -1052786.8510630275 1037350.5478358906 72241.71241121853 2691074.7872510725 -9959683.698509628 -2973790.1905214298 -2174598.1078433753 -486540.52679766784 -479710.82333937543 -13653.79967776024 181656.4341912234 8743469.833821194 49883157.55661863 45854766.954818666 69186186.69120926 -9999.0 -9999.0 -9999.0 -9999.0 -9999.0 -9999.0 -9999.0 -9999.0 -9999.0 -9999.0 -9999.0 -9999.0 -9999.0 -9999.0 -9999.0 -9999.0 -9999.0 -9999.0 -9999.0 -9999.0 -9999.0
-9999.0 -9999.0 -9999.0 -9999.0 -9999.0 -9999.0 -9999.0 -9999.0 -9999.0 -9999.0 -9999.0 -9999.0 -9999.0 -9999.0 -9999.0 -9999.0 -9999.0 -9999.0 -9999.0 -9999.0 -9999.0 -9999.0 -9999.0 -9999.0 -18987799.07254124 10092311.161312731 -182295.6146601736 -2341868.866097126 526120.1254064026 4969786.427897917 2133388.800578829 -218335.82875858402 -2873665.3865666236 646803.5566957019 -13717740.58457176 4348446.381602024 4146919.3505736166 19370523.79588436 56563053.26961216 82096567.64878342 36490191.217395745 -9999.0 -9999.0 -9999.0 -9999.0 -9999.0 -9999.0 -9999.0 -9999.0 -9999.0 -9999.0 -9999.0 -9999.0 -9999.0 -9999.0 -9999.0 -9999.0 -9999.0 -9999.0 -9999.0 -9999.0 -9999.0
-9999.0 -9999.0 -9999.0 -9999.0 -9999.0 -9999.0 -9999.0 -9999.0 -9999.0 -9999.0 -9999.0 -9999.0 -9999.0 -9999.0 -9999.0 -9999.0 -9999.0 -9999.0 -9999.0 -9999.0 -9999.0 -9999.0 -9999.0 -9999.0 41196471.67570161 14508879.748437187 470528.48568190954 -2582830.956160979 466414.71582044987 7380078.824154803 1534762.7802492254 -10727641.787942156 10277054.08263412 39954.35147959193 2457170.9420678997 1957755.9817759017 7826603.89839482 10364927.258733768 34766934.570360005 35774323.366407774 67759417.99468854 -9999 -9999.0 -9999.0 -9999.0 -9999.0 -9999.0 -9999.0 -9999.0 -9999.0 -9999.0 -9999.0 -9999.0 -9999.0 -9999.0 -9999.0 -9999.0 -9999.0 -9999 -750193.6495543245 -2141974.9503053087 -220593.8021543279
-9999.0 -9999.0 -9999.0 -9999.0 -9999.0 -9999.0 -9999.0 -9999.0 -9999.0 -9999.0 -9999.0 -9999.0 -9999.0 -9999.0 -9999.0 -9999.0 -9999.0 -9999.0 -9999.0 -9999.0 -9999.0 -9999.0 -9999.0 -9999.0 -9999.0 14378479.08348913 -1383974.0644983626 -12759794.044023413 -300895.4557399906 4336139.27555582 7683295.693856489 2796778.7263700427 -13827977.325668573 5479644.977310132 2625260.5690020313 -275592.32912815915 2432409.511914593 5549964.816209073 25343465.209208634 23771331.041025672 31018825.4008588 45190892.20357877 -9999.0 -9999.0 -9999.0 -9999.0 -9999.0 -9999.0 -9999.0 -9999.0 -9999.0 -9999.0 -9999.0 -9999.0 -9999.0 6456003.129050293 -150091054.51844156 -8204409.494530964 7105646.808772714 5035190.7012069225 4534096.30169691 18083836.29910643
-9999.0 -9999.0 -9999.0 -9999.0 -9999.0 -9999.0 -9999.0 -9999.0 -9999.0 -9999.0 -9999.0 -9999.0 -9999.0 -9999.0 -9999.0 -9999.0 -9999.0 -9999.0 -9999.0 -9999.0 -9999.0 -9999.0 -9999.0 -9999.0 -9999.0 9490287.739257123 3552039.712527958 -320921.2224541841 -408411.56234298163 -57381076.933354914 -3891086.97895987 6037015.778688563 9664048.00028095 -4608723.077483196 -203807.90287609247 -5785025.031766662 3187176.1287742327 2715306.430743736 10873173.63563878 21650583.3007501 33669317.01133842 23374801.473439503 -9999.0 -9999.0 -9999.0 -9999.0 -9999.0 -9999.0 -9999.0 -9999.0 -9999.0 -9999.0 -9999.0 -9999.0 -9999.0 89518026.22540995 -76306033.65262836 -19598875.853104364 12682493.877742944 1737098.9642710758 25240334.095745113 -4840304.097011085
-9999.0 -9999.0 -9999.0 -9999.0 -9999.0 -9999.0 -9999.0 -9999.0 -9999.0 -9999.0 -9999.0 -9999.0 -9999.0 -9999.0 -9999.0 -9999.0 -9999.0 -9999.0 -9999.0 -9999.0 -9999.0 -9999.0 -9999.0 -9999.0 -8026.808286562123 15536814.446015466 5957819.569276809 -2074952.088992438 -696306.9847102687 -10027339.101849549 -12431364.550063495 -4611340.608147894 -5895295.76600256 -1984539.9605100653 2691523.2049408313 6243502.289155565 5485230.5201540515 -3345687.8131986335 2304055.8260070863 11579297.213605702 13903467.01352285 45449262.12572327 50173057.15372829 -9999.0 -9999.0 -9999.0 -9999.0 -9999.0 -9999.0 -9999.0 -9999.0 -9999.0 -9999.0 -9999.0 -9999.0 3474711.9432663275 -129532.48158823812 18161141.06656194 20267864.338422794 6543629.747359179 22025688.205790307 -4724504.271421055
