critload/trunk/output/2010/nman_ara.asc
ncols 720
nrows 360
xllcorner -180.0
yllcorner -90.0
cellsize 0.5
NODATA_value -9999.0
[rows 140 to 167 of 360, columns 315 to 377 of 720]
-9999.0 -9999.0 -9999.0 -9999.0 -9999.0 -9999.0 -9999.0 -9999.0 -9999.0 -9999.0 -9999.0 -9999.0 0.0 0.0 0.0 0.0 0.0 12671.258607617852 17256.32981891709 0.0 0.0 0.0 0.0 0.0 0.0 0.0 0.0 0.0 0.0 0.0 0.0 0.0 0.0 0.0 0.0 0.0 0.0 0.0 0.0 0.0 0.0 0.0 0.0 0.0 0.0 0.0 0.0 0.0 0.0 0.0 0.0 0.0 0.0 0.0 0.0 0.0 0.0 0.0 0.0 0.0 0.0 0.0 0.0
-9999.0 -9999.0 -9999.0 -9999.0 -9999.0 -9999.0 -9999.0 -9999.0 -9999.0 -9999.0 -9999.0 -9999.0 0.0 0.0 0.0 0.0 6752.5160679695455 0.0 0.0 0.0 0.0 0.0 0.0 0.0 0.0 0.0 0.0 0.0 0.0 0.0 0.0 0.0 0.0 0.0 0.0 0.0 0.0 0.0 0.0 0.0 0.0 0.0 0.0 0.0 0.0 0.0 0.0 0.0 0.0 0.0 0.0 0.0 0.0 0.0 0.0 0.0 0.0 0.0 0.0 0.0 0.0 0.0 0.0
-9999.0 -9999.0 -9999.0 -9999.0 -9999.0 -9999.0 -9999.0 -9999.0 -9999.0 -9999.0 -9999.0 -9999.0 0.0 0.0 0.0 0.0 0.0 0.0 0.0 0.0 0.0 0.0 0.0 0.0 0.0 0.0 0.0 0.0 0.0 0.0 0.0 0.0 0.0 0.0 0.0 0.0 0.0 0.0 0.0 0.0 0.0 0.0 0.0 0.0 0.0 0.0 0.0 0.0 0.0 0.0 0.0 0.0 0.0 0.0 0.0 0.0 0.0 0.0 0.0 3379.565658229919 0.0 0.0 0.0
-9999.0 -9999.0 -9999.0 -9999.0 -9999.0 -9999.0 -9999.0 -9999.0 -9999.0 -9999.0 -9999.0 -9999.0 0.0 0.0 0.0 0.0 0.0 0.0 0.0 0.0 9536.275796639433 0.0 219.58811410214454 0.0 0.0 0.0 0.0 0.0 0.0 0.0 0.0 0.0 0.0 0.0 0.0 0.0 0.0 0.0 0.0 0.0 0.0 0.0 0.0 0.0 0.0 0.0 0.0 0.0 0.0 0.0 0.0 0.0 0.0 0.0 0.0 0.0 0.0 0.0 0.0 0.0 1016.2109047661726 0.0 0.0
-9999.0 -9999.0 -9999.0 -9999.0 -9999.0 -9999.0 -9999.0 -9999.0 -9999.0 -9999.0 -9999.0 -9999.0 0.0 0.0 0.0 0.0 0.0 0.0 0.0 4772.280139855392 23053.998881491054 6210.306696505653 0.0 0.0 0.0 0.0 0.0 0.0 0.0 0.0 0.0 0.0 0.0 0.0 0.0 0.0 0.0 0.0 0.0 0.0 0.0 0.0 0.0 0.0 0.0 0.0 0.0 0.0 0.0 0.0 0.0 0.0 0.0 0.0 0.0 0.0 0.0 0.0 0.0 0.0 12586.197848911572 0.0 0.0
-9999.0 -9999.0 -9999.0 -9999.0 -9999.0 -9999.0 -9999.0 -9999.0 -9999.0 -9999.0 -9999.0 -9999.0 0.0 0.0 0.0 0.0 0.0 0.0 0.0 0.0 0.0 0.0 8221.327761632881 11512.670792766608 0.0 0.0 0.0 0.0 0.0 0.0 0.0 424.1296010543363 0.0 0.0 0.0 0.0 0.0 0.0 0.0 0.0 0.0 0.0 0.0 0.0 0.0 0.0 0.0 0.0 0.0 0.0 0.0 0.0 0.0 0.0 0.0 0.0 0.0 0.0 2048.343882362879 0.0 6141.056790461664 1023.5968419967185 0.0
-9999.0 -9999.0 -9999.0 -9999.0 -9999.0 -9999.0 -9999.0 -9999.0 -9999.0 -9999.0 -9999.0 -9999.0 1493548.1045914853 1766158.0531116927 1132495.1234820292 550562.1414299775 394003.091474329 0.0 0.0 0.0 0.0 57822.59564154662 0.0 7597.013688516383 41820.755276419484 0.0 0.0 0.0 0.0 0.0 0.0 0.0 0.0 0.0 0.0 0.0 0.0 16269.430796334555 21012.71393123029 19139.95051707102 21906.680168829105 2351.427714515281 0.0 0.0 0.0 0.0 0.0 0.0 0.0 0.0 0.0 0.0 0.0 0.0 0.0 0.0 0.0 2591.2776006844747 7557.004476076185 0.0 17754.98994204777 0.0 0.0
-9999.0 -9999.0 -9999.0 -9999.0 -9999.0 -9999.0 -9999.0 -9999.0 -9999.0 -9999.0 -9999.0 -9999.0 3763936.205858987 126929.2239433913 0.0 0.0 4844.221741161371 2575357.5184451584 166857.4611138276 300875.651350391 0.0 66255.8446213783 8297.437842503028 0.0 3854.372977038452 0.0 0.0 5277.884202157365 0.0 0.0 1504.7527178033788 6045.052289406742 0.0 0.0 0.0 0.0 6641.612218674392 171960.96306074818 91747.38700931164 0.0 0.0 0.0 0.0 0.0 9298.577892700341 0.0 0.0 0.0 0.0 0.0 0.0 0.0 0.0 0.0 0.0 0.0 0.0 0.0 0.0 1946.2948168614728 0.0 0.0 0.0
-9999.0 -9999.0 -9999.0 -9999.0 -9999.0 -9999.0 -9999.0 -9999.0 -9999.0 -9999.0 -9999.0 5050.968957301934 497543.49944595515 258083.40947488812 198966.38508441433 176169.26925092787 211726.16908190493 0.0 252285.10775420273 212389.34424917976 0.0 0.0 84082.40238281905 0.0 0.0 29536.07284940543 0.0 4679.7166526574265 0.0 0.0 0.0 0.0 0.0 0.0 0.0 45493.185469239375 43431.51720437157 0.0 626247.9327625979 0.0 0.0 0.0 0.0 0.0 0.0 510.34170499475863 0.0 0.0 0.0 0.0 0.0 0.0 0.0 0.0 0.0 0.0 0.0 0.0 0.0 16601.939425238696 0.0 0.0 0.0
-9999.0 -9999.0 -9999.0 -9999.0 -9999.0 -9999.0 -9999.0 -9999.0 -9999.0 -9999.0 0.0 457796.3307583673 536431.5017587895 28040.625589328545 2073034.9976733797 1886.829849073958 15559.448735483153 54216.38420907964 14717.37406874704 265120.3550621342 0.0 241620.21207782585 276419.5575076379 281929.2299365224 192952.7642286344 180211.01592358443 384131.78071468347 379609.81729837717 542991.6685172047 380761.9906040212 238355.80641883676 149021.85002038206 80142.30965133448 0.0 77004.80845218916 132039.03449274032 297006.6666105203 232190.9063284276 431510.1552839993 0.0 0.0 0.0 35838.320157087444 35272.883029243494 21717.617879608955 0.0 0.0 0.0 2444710.1076946175 319069.7945252225 814688.2633804751 0.0 0.0 0.0 0.0 0.0 0.0 0.0 0.0 712.9096664884476 0.0 0.0 0.0
-9999.0 -9999.0 -9999.0 -9999.0 -9999.0 -9999.0 -9999.0 -9999.0 -9999.0 -9999.0 235477.07482109312 3492997.802247726 436484.4183109742 41922.9017637089 249115.22764159378 186775.89697943532 100788.77470808304 2336.492007842176 4133.812267886241 167948.40659954437 264531.0105059709 405814.6259384033 2508886.762789033 631605.5578444314 205539.97213045077 2602888.1309073907 3317592.378538108 722854.730915091 2246177.064783462 548903.2043505035 404308.437276513 1642631.830196992 160936.53374621787 0.0 334747.67426387675 982.0313913391149 617556.4741798044 417034.5799744073 155942.84467597163 149111.61051427826 82783.80320341325 0.0 34643.97569220727 137359.3470084937 89895.48484202854 93368.56810012407 161662.18234031956 134620.18212080954 363964.13974245224 1276448.818272778 223113.05564297293 0.0 0.0 444757.8932076971 310193.0055314294 493723.124253657 1737701.2354517025 262469.94248665334 815648.2004300916 815753.7487451162 1432550.721741783 3280365.6718368996 2477344.358939286
-9999.0 -9999.0 -9999.0 -9999.0 -9999.0 -9999.0 -9999.0 -9999.0 -9999.0 -9999.0 -9999.0 3299491.50398472 377283.8985425364 380804.60933739145 411177.2170961993 721385.2968896339 413379.1457617858 12161.150718208899 272108.99963956553 2463182.061640237 1593105.71212829 314265.4642428239 1588146.7635335166 245711.32651119275 155582.82493029052 716868.2092622776 659868.1677762985 310321.1816057902 230015.54499882972 310471.6400691971 578201.076701286 991963.8693037955 126806.92988448941 59512.05248261546 206978.16457070768 233663.62365570082 232369.45614183386 431827.58419003687 382332.8485428973 1213.2605366589319 0.0 0.0 128.62940423010016 0.0 32125.524382153148 127193.4126542824 0.0 231199.9751567296 92370.72940697688 1390768.5692171948 887487.042964944 0.0 664157.9321953215 545518.6542292072 1845282.413796221 326503.0789582419 877833.7143058965 1481858.993843318 818731.7565840957 310679.3285850776 1246654.7483873267 2725775.7696712376 2180863.4993858794
-9999.0 -9999.0 -9999.0 -9999.0 -9999.0 -9999.0 -9999.0 -9999.0 -9999.0 -9999.0 -9999.0 36801.2741405582 7369318.433739454 3533220.041205105 4352734.980021374 3618913.4950437085 1837949.93378924 1953974.663377387 189853.88533722615 2027710.1324471347 87538.07539213283 115603.97331527964 15252.755717285272 201970.0873293708 17216.194099243723 27728.03146039226 30501.317249978638 73878.43059663486 672201.8011003118 4403922.357845752 3219032.31362904 28673.664629561157 1593858.5056528745 657514.4203596467 57548.48892860998 434650.0345484377 3672964.2592223184 522280.9138584994 626523.0977264233 75977.87481903136 1402.9961860661815 148449.92894270047 0.0 65954.40662236066 131193.4662600829 0.0 260215.861814023 221934.0835343022 177278.78481636647 304859.0670305532 259929.76942507745 976542.1255320418 1269533.9507755009 1080473.5104782886 206993.38955988298 114985.07605318283 124201.00162493713 1095246.0768110775 1364654.1965757208 1535165.9864693142 1705397.844904356 1392339.3038727175 21675.16833299164
-9999.0 -9999.0 -9999.0 -9999.0 -9999.0 -9999.0 -9999.0 -9999.0 -9999.0 -9999.0 -9999.0 7969868.010195919 8706935.736209266 2060950.3722746249 208953.40670378524 480991.2973786007 3163727.5778095988 2580917.076265308 73815.97431143519 33087.17394291716 15212.58710949804 8613.1664832374 16219.204233999088 21802.613899625092 12764.474843625025 220677.53380903282 419560.155721574 159818.22372589947 2398421.108223585 2671067.700138389 635036.5093776778 4148643.436665551 3091607.141739049 186149.43437526797 2750084.5157963727 3248819.2571859513 2002225.569385564 1791948.8286304693 2829087.084816381 260317.17804179044 446337.7568762622 2523082.6639823206 1675116.240380439 79178.81368209785 163817.4747184334 80135.75090851127 2981234.4614512036 1642938.3619775549 1360762.1131556495 1027067.1005667506 1248486.0894348887 2352634.8612703513 2072322.493070957 613103.8549164067 532159.4158133435 398893.8225767162 315614.3561248918 649614.4984293794 2592665.359366552 2824612.9692220697 398479.06250375125 2249703.582614238 1969239.8534428116
-9999.0 -9999.0 -9999.0 -9999.0 -9999.0 -9999.0 -9999.0 -9999.0 -9999.0 -9999.0 -9999.0 1564456.3769838968 251390.4662262186 5067555.28548398 350904.81233152596 360284.36400322604 243514.83137035085 1762164.8999308534 93950.94935410008 3585.0236689704343 21106.8124340234 8618.748553121406 31427.666381088147 0.0 16946.42038579443 213398.47863231009 180648.78117727244 182603.97997277544 494754.77512435074 284751.9093541247 2706112.256486911 4303262.524153987 2490609.987699978 4936124.131875897 4006618.5982454466 3383298.0213263314 3056477.392751575 489193.71918114956 2372225.783373742 308121.23934781726 3562425.9954084028 210628.7124998956 3526470.4127138476 358893.520807377 476034.0970384141 3264453.286545891 645973.351222119 2322824.054739879 2204512.347842216 3358424.0223013796 2580418.717588708 2678893.3969510356 3644152.6383170323 697541.218387427 1321884.24334776 2079847.044377769 2290440.742464001 2019017.6624711032 2066623.1682626135 1996078.2235713108 1713484.934590553 1949786.269376487 374285.0215780633
-9999.0 -9999.0 -9999.0 -9999.0 -9999.0 -9999.0 -9999.0 -9999.0 -9999.0 -9999.0 -9999.0 809639.4266449129 1096938.2768982362 1716825.9038569771 2379115.1350740385 1276675.9317540945 957324.1494763164 975050.2480728177 117765.84717173612 110283.62877362466 81053.07213776358 129751.4833567455 1756.000119943554 0.0 36208.754591577606 41544.30038276025 104819.66273759183 140738.23733152525 498725.77611600346 3684298.2216042704 781605.093066863 3082265.7660400216 3335276.3535802197 2239293.8768309727 2561158.633040187 3701306.3498767037 3527972.9250638615 722245.4452414801 3511931.2357343268 2453565.952094576 4394856.254583163 789939.4934258417 516468.5624505386 4161706.5501514156 3462006.8315832918 1344708.103220392 710934.8123527418 240103.35848244745 820642.1063914933 913865.6565819725 48874.43289015304 41513525.85186756 726622.1407440382 501681.1305516389 1943167.08423618 2160719.0674702367 1835602.4249881052 1810214.8955118377 2140039.6681310902 2209263.2563886177 2446473.2694767597 2235568.7380561866 2136130.745517774
-9999.0 -9999.0 -9999.0 -9999.0 -9999.0 -9999.0 -9999.0 -9999.0 -9999.0 -9999.0 -9999.0 -9999.0 267722.60951117915 622972.5389793981 946700.0569571073 1010402.5548710388 239790.49991288522 134986.00924195943 78562.28829126127 65506.403000139704 735668.2788706599 269780.6935480837 23742.73619320485 136779.85694375512 69980.06368727317 187552.84512465494 295323.7006323512 289295.7446556267 2324502.662438352 2250538.9133347864 1598795.948967762 3602686.985586479 3005681.1600824613 3675376.749534728 1556578.8660687788 3148192.9015483297 3248870.3554291837 3137474.8678505323 3815213.6447141655 3245341.566710332 3836204.41036091 4028127.7465794403 1207174.39519582 3836472.2052043136 4906202.836566163 547303.8645152088 154834.5842659906 2326009.6182438587 2225047.3551576105 166174.01608767465 26576.806940736806 2111199.629498931 2075117.9518499614 1966089.9305356678 1876643.066661511 1921804.6549250323 1770240.0017059806 1975812.9691716514 2000853.7933457373 2301973.074366517 2486803.943163081 2259289.275710613 2333752.3875306877
-9999.0 -9999.0 -9999.0 -9999.0 -9999.0 -9999.0 -9999.0 -9999.0 -9999.0 -9999.0 -9999.0 -9999.0 230080.31830761244 68351.54220700702 703877.1647078857 2691850.8841818725 512034.5708300329 393182.65476881526 404825.6863306059 241848.70017323544 267462.71916362003 26360.918071471264 742545.6989842796 818113.2476406381 21835.498661744736 31799.76497386505 450013.038825276 2465034.9399608257 1772655.96859119 1624453.3072451288 2877180.2570168823 2719865.857334939 3083874.582666494 3488923.488696377 2788748.6335296896 2058018.9346329665 2163811.206968126 2215727.320645747 395847.5101348803 1282232.2394660022 2958055.3838952156 398142.49948535033 329646.04568091995 4472650.102545954 5807592.099346977 3775321.6261487375 213900.5316681082 41712.85971864645 23638.073846933436 1198356.26074083 1534316.803979504 174322.05996550262 1312693.171899382 1810836.7262154755 1913069.7817350568 2185878.643522883 2099105.6044685035 2040367.6018269085 1894736.1566112814 2379305.4948811666 2499338.1075374065 2389009.363981826 2308517.4276973503
-9999.0 -9999.0 -9999.0 -9999.0 -9999.0 -9999.0 -9999.0 -9999.0 -9999.0 -9999.0 -9999.0 -9999.0 -9999.0 -9999.0 115849.40986511498 933833.4529014474 1964193.0888911965 1955698.5289605581 2622720.799122844 1499133.88872508 1044892.8793790353 102613.99483424364 793982.2918098727 616221.8392088523 24594.070623718035 109808.42108691225 180086.95012604407 141232.59299050464 480873.3702606264 134774.47993721178 578949.4727532916 1704910.9356547727 3012772.449005846 3090876.959023048 2896877.2277256236 488107.1150908477 2927659.4846064122 423001.85341672326 493616.82858481846 793877.272018598 592489.1006529629 425988.3106212061 765232.7962222444 943848.574907024 1124265.402989777 1392658.6982917497 1496785.1660404447 164382.40755011307 57397.398094496995 86329.93033780428 1499859.2898446915 72739.33468888562 1705714.536532446 1515470.1777076237 1668900.0480361828 2097926.63442443 1995368.9746549712 1686273.1505535648 1800474.942059314 1878098.504853856 2368506.3401480117 2315394.087665788 2033499.4385556653
-9999.0 -9999.0 -9999.0 -9999.0 -9999.0 -9999.0 -9999.0 -9999.0 -9999.0 -9999.0 -9999.0 -9999.0 -9999.0 -9999.0 -9999.0 70045.11366861212 177807.73655347055 1973848.4040701066 1911029.1744444917 1038826.6373039198 1083646.4260410874 880590.0277634343 757111.8651363163 24206.57615348199 17491.70198978515 75974.03761822764 131488.75360149067 118536.43721371442 14007.139488303786 8603.551425220136 7615.158525413988 441263.85475997766 756926.2381587819 896914.7623808391 890234.1562685769 1504001.134794854 84021.15908005048 13696.230736105399 148470.29767406848 591904.2714929832 505261.1075165382 88349.92971376434 547921.7971693272 876513.5311237129 839679.8541761509 845900.7152982008 1330969.0179701317 242404.71946837744 143832.81839637997 164026.5524729549 128778.98890424469 174203.02635248573 471421.1567702796 343429.5844595502 1424917.721602968 1986287.9836597908 1656598.5007128208 1890050.0456806426 1616082.4418853614 1862523.6574075902 2112899.536608553 1921364.8135702454 2225523.032284229
-9999.0 -9999.0 -9999.0 -9999.0 -9999.0 -9999.0 -9999.0 -9999.0 -9999.0 -9999.0 -9999.0 -9999.0 -9999.0 -9999.0 -9999.0 -9999.0 -9999.0 467456.17625915975 1565701.40961576 296264.42496482533 54700.70147647831 22910.56121950689 17758.73736705314 126957.73644823351 39765.67840796154 8717.438067443292 1578.0762343421013 1861.524836697516 2580.0519269188108 4942.04722909025 866.273799930184 106223.73091138095 322832.3591843505 427326.4539562675 182972.15238830328 1843.7731376033312 35115.19543160283 4415.057731199518 51001.332280884235 529092.2374526921 493081.6433522993 27106.664511673138 664129.57202524 1131053.445972448 937721.6794653239 959614.8470771685 1553841.9767894042 1298281.7257192926 2157844.2888008747 34391.07338891918 124109.48471574276 137185.5368531519 192226.57411314457 148307.2414042398 847471.4033747958 1037391.0182479458 1663525.10819705 1936139.6684403527 1908699.8751104926 1921375.4209752858 1751789.9324326296 2062028.1156641091 2205597.3077579276
-9999.0 -9999.0 -9999.0 -9999.0 -9999.0 -9999.0 -9999.0 -9999.0 -9999.0 -9999.0 -9999.0 -9999.0 -9999.0 -9999.0 -9999.0 -9999.0 -9999.0 -9999.0 1690087.3373105682 948077.7898786368 161925.37166497763 102760.31554980876 165136.06616963542 16089.39557948956 905835.5423063606 175739.08616007515 26196.774641728058 19945.927757227335 22328.23066740326 1181.458340695175 2657.242501048375 5429.2432341150525 154139.05383757973 349586.7091413129 53983.38790487037 7656.40444774777 1161.1982516266282 0.0 1706.9182843195206 229781.03695101486 180906.27408596766 124384.30115566512 561938.6406665979 855609.160002731 633824.4492398207 768382.9525226325 1099936.1552192606 906558.3986787709 130413.63298606742 64797.28909973458 223383.56483342045 932832.684752066 798266.8144731418 566109.582250172 926432.921472909 1161248.5546012968 1547957.7619464688 2060583.8529053878 1691613.4810139125 1687197.532538284 1500753.486902015 1715336.202087955 1626056.7606216534
-9999.0 -9999.0 -9999.0 -9999.0 -9999.0 -9999.0 -9999.0 -9999.0 -9999.0 -9999.0 -9999.0 -9999.0 -9999.0 -9999.0 -9999.0 -9999.0 -9999.0 -9999.0 152682.68014207893 845161.3996069621 204664.31222281602 903190.9860002522 661932.6606918925 520499.4211208342 2629466.1135545895 2401513.898260422 1301354.4969431167 13194.691983116698 97537.69030333936 8254.295063300186 7997.819962867306 16745.629767480794 47849.461736014084 12548.286022805458 4041.6105203932966 13944.510778976473 1767.5323237580249 979.7937908720926 6539.3798807803805 647.7463710676179 85375.1716281651 76423.87455492755 471171.02449234005 361875.6016659264 700958.6872678269 632474.9361812351 233322.54132993205 1244387.1531897958 116348.10859402112 46516.81747311068 92144.17272239366 597493.3312898617 1248941.42045757 1359117.608538705 1149991.220073083 841265.2410719399 1217259.9927048953 1502509.6262022997 1248514.0371535376 1284659.3971120284 1565931.2509894962 1528653.23449903 1540343.0770943966
-9999.0 -9999.0 -9999.0 -9999.0 -9999.0 -9999.0 -9999.0 -9999.0 -9999.0 -9999.0 -9999.0 -9999.0 -9999.0 -9999.0 -9999.0 -9999.0 -9999.0 -9999.0 118471.94875995627 852854.8141006373 1106670.5327328132 1152087.4979641142 240835.02217211158 698141.0195958102 23939.206667361374 6539.10580547579 1801362.3971716126 1846490.6971252167 1270964.5603486926 128437.23366319493 39330.117266162386 18142.525449228036 26197.092178049752 99610.92853953986 202049.0110922226 24676.50362654592 15144.234728591722 26449.381967965914 53696.866834987755 65423.548042507864 130976.38039042882 325980.6809941293 482007.50603868807 630249.0377361818 642384.1386903125 609493.8559862999 115182.50038420582 959103.7644215851 114490.8510815035 96484.95151778437 420181.4259229716 1101008.8701653876 1088011.8767522387 1288346.680972405 665135.8189984874 256822.0177925415 278302.6495657083 322185.21298467997 1062893.219285457 1198461.2067326203 1446617.585611262 1462847.2502697005 1574474.3248578743
-9999.0 -9999.0 -9999.0 -9999.0 -9999.0 -9999.0 -9999.0 -9999.0 -9999.0 -9999.0 -9999.0 -9999.0 -9999.0 -9999.0 -9999.0 -9999.0 -9999.0 -9999.0 -9999.0 291087.57427108363 751133.085090738 983284.664159541 1202170.4111239586 139349.30724041013 98.68948109515249 2005.7835643158905 495387.6031038565 3220639.112874878 474684.0565403905 113204.62038934795 97660.62377567202 440909.6924872758 265312.7366431195 468573.8374556103 83001.73384278489 109023.53911709216 279477.9186628869 640568.5222466049 604083.6701234108 659575.1363901023 821542.2898322383 583076.2166582766 397224.39106049755 527890.2677566919 108493.32042466821 152334.32544461868 574615.5487413018 1263639.3728964662 1319735.9211023042 1479089.2716618346 410443.1474296618 1386414.2917968417 1613149.3960356552 1451497.1886384853 1407195.169588764 1551588.3832231946 544969.4490190435 1016996.5613758074 1197417.7197341868 526010.5455599374 1374051.4777286889 706024.7661923638 1626358.5474177063
-9999.0 -9999.0 -9999.0 -9999.0 -9999.0 -9999.0 -9999.0 -9999.0 -9999.0 -9999.0 -9999.0 -9999.0 -9999.0 -9999.0 -9999.0 -9999.0 -9999.0 -9999.0 -9999.0 -9999.0 37774.81533759296 557936.1509955993 195206.75052171713 2608.000253743515 6109.065134268501 13305.96671744192 31418.78238161062 21154.473295484844 163216.8957789826 593516.216325331 657280.2666659666 678926.3174133941 702588.5915944411 502172.5282153604 543351.2440284459 88713.56848864493 559920.4857873273 705744.4971506286 527549.1819326385 870443.5836345486 848087.6838107866 843171.3603732507 532985.2014902993 425596.35697374947 290820.4239102597 126676.62148495563 763270.7494794532 1339558.0430040979 1413410.4006713799 2149120.870579927 2446901.1306114052 1597828.4873002083 1704844.1579707456 1490999.151792801 1488835.8395939013 1490833.928565697 1462462.957292055 1373249.2173774028 1329730.5628895238 521085.23594434344 1158403.3721455354 736133.0594714581 1837294.6859381918
-9999.0 -9999.0 -9999.0 -9999.0 -9999.0 -9999.0 -9999.0 -9999.0 -9999.0 -9999.0 -9999.0 -9999.0 -9999.0 -9999.0 -9999.0 -9999.0 -9999.0 -9999.0 -9999.0 -9999.0 -9999.0 0.0 713684.10720096 1376586.4219598952 1620085.5881584887 1336251.792648177 19626.190301598202 15177.104383777038 614494.7283230869 175059.3789752056 661525.6555456 779613.6417306735 777267.1524932211 848822.7844033387 724622.6660973169 182342.56072399497 703699.5874225047 810255.345385802 826389.6587300103 586479.7684503865 724709.4068478746 940102.9580084736 934215.7178187334 775922.8797197548 344669.7631205553 399880.05198391434 1557397.8351097305 1532678.486748389 1913042.7350630735 2587308.928599183 3317431.9981390205 1368797.7506298511 954025.2818218104 1121090.7282426464 1349424.6875442776 754997.8193193492 1065507.5074934436 1553572.255397576 1400648.7631546415 1404258.9271649974 701159.7710858705 1508541.6893479275 1446130.1558606043
-9999.0 -9999.0 -9999.0 -9999.0 -9999.0 -9999.0 -9999.0 -9999.0 -9999.0 -9999.0 -9999.0 -9999.0 -9999.0 -9999.0 -9999.0 -9999.0 -9999.0 -9999.0 -9999.0 -9999.0 -9999.0 -9999.0 -9999.0 5923.823704103248 875114.976328524 9153.947222238117 2158.929444367246 5455.431835706416 16181.037739296156 97674.33108654784 485988.8942098784 837620.2989606998 738593.0441489904 784031.2953094597 849579.2917223834 797549.5065496321 746098.6502793995 824730.0759564134 749291.9636295398 686636.8621803691 632176.6507277536 828700.1508412011 776688.1663282554 819771.0813156681 1082028.3413391623 0.0 864695.0775683353 1592772.8137845807 788350.2339215777 578249.0130546533 325601.8134671141 63153.04939612063 59140.54809618933 116198.48083701782 1084910.0483961382 858651.714476641 1181748.6384325214 1874012.4803585366 1379673.6622111402 1637833.4429780631 1498813.8273272098 2107551.775285142 810390.1446885999
