critload/trunk/output/2010/nman_crit_sw_ara.asc
ncols 720
nrows 360
xllcorner -180
yllcorner -90
cellsize 0.5
NODATA_value -9999
[rows 196 to 223 of 360, columns 384 to 447 of 720]
-9999.0 -9999.0 45927106.632014886 65125537.517291084 51960368.01836557 64641633.2870663 113283714.9587651 -9999 -9999 99674668.76722428 -9999 -9999 -9999 128744126.98260695 121495142.05966651 154035504.6399595 105550823.65854138 -9999 -9999 -9999 -9999 56513986.50072238 102342948.66049737 -9999 141017145.98153505 80734023.78397657 138658885.935585 67172721.83107364 40754669.768061705 0 55946984.62534871 -9999 108994697.95824473 27378702.49147972 63107581.84481581 62779327.17803063 74048253.33145487 0 32666303.686949138 30883629.38291038 35770229.43312093 0 14428285.530637126 74436897.56873922 115335930.47996871 20576460.460983638 43115465.959670134 52220599.45163172 85527234.91970119 113028163.79518318 109013160.48614246 153576114.85215393 157587489.5038154 59665505.11710183 254622346.3101381 -9999.0 -9999.0 -9999.0 -9999.0 -9999.0 -9999.0 -9999.0 -9999.0 -9999.0
-9999.0 -9999.0 0 31025410.288165364 -9999 67225450.95743002 99134853.10405369 140970298.443487 -9999 97176851.33862999 51981052.201988354 -9999 -9999 144594444.644649 134699809.87451756 -9999 -9999 -9999 116460629.790518 -9999 -9999 -9999 177322060.5258934 185531080.51726538 109412457.53163446 144198740.69389495 34359694.3524512 61808114.67674638 37773827.773918234 -9999 -9999 -9999 42436344.83820057 0 21262333.79401833 0 -9999 17242679.80305585 11143219.030084912 32272872.78208978 24684555.399245333 4505689.6807343485 29909398.366684936 49477289.69960194 36158166.91660138 19951467.458198987 50240572.12255599 15344494.804603474 118900445.55152786 78711337.15702143 62049297.112318486 113215468.43487206 92808624.97559536 102731332.70107113 363636627.4372911 -9999.0 -9999.0 -9999.0 -9999.0 -9999.0 -9999.0 -9999.0 -9999.0 -9999.0
-9999.0 -9999.0 54488094.78955861 66813090.37582749 -9999 40120809.91786712 72141514.63918357 64589421.27507346 131092782.61299506 -9999 138222152.53756714 -9999 -9999 -9999 -9999 141008372.25730762 -9999 123660399.97552374 127775007.45949492 76531302.88821311 -9999 99012055.6530803 241083157.32052916 180908892.22781366 154306621.1381339 -9999 93902792.41836092 9148509.138140282 35194703.00925362 -9999 46399948.15724839 125107566.01956487 6342651.249189493 0 60140211.790027454 53855908.98679522 52326996.645785905 58648913.57824807 62136106.44553558 23016561.534464378 36681211.791526735 1187138.8140380715 13955461.534675714 12360327.859413115 32996551.312885128 37901416.806098595 74820167.4380808 2750779.343028886 72960011.56635712 -9999 147900376.53881285 151615306.71203375 218970251.3677703 157739366.7001807 189821383.42156717 166135083.1979776 -9999.0 -9999.0 -9999.0 -9999.0 -9999.0 -9999.0 -9999.0 -9999.0
-9999.0 -9999.0 125037120.1126281 117378344.87704383 56059274.81569319 49365476.695620224 83890680.4034891 -9999 121604977.09386285 -9999 29945228.707623556 122780847.96247216 188048501.13010556 -9999 -9999 -9999 144750996.05635935 148100476.88128808 141016866.86214206 -9999 -9999 73063486.76567 113892142.69403544 121230728.62167086 142994920.22888058 -9999 -9999 73473888.40147538 40203323.763363466 138821390.43130744 21361626.72874767 119533739.99729599 395355533.19487906 96304381.92635718 52851990.822417326 47897342.95387453 59863227.81685074 60943201.17418193 69243796.95411076 8334687.8874873845 32974663.838062443 35097501.936416194 3935128.837274208 1306367.332272994 0 58613072.16025638 43484589.86611656 -9999 -9999 -9999 165996306.99013537 129345363.22605579 248591079.4165131 140342612.00394937 44719542.35424347 43890227.25303526 -9999.0 -9999.0 -9999.0 -9999.0 -9999.0 -9999.0 -9999.0 -9999.0
-9999.0 -9999.0 -9999 112140831.97900663 -9999 38809235.33434562 -9999 -9999 -9999 -9999 154827390.83069125 -9999 -9999 133278377.11249763 -9999 148292227.39551824 181729206.8020661 182312175.7733593 -9999 -9999 90267106.96268044 139108142.75256732 98217671.52461223 -9999 33666548.85317337 62587797.24354155 43194935.771161355 96700219.22718377 72408408.19052859 123699731.19551036 100318341.96274467 -9999 161793650.87283507 48700465.52525993 53187147.56991409 56857573.46747203 66322535.34839198 49307414.80885137 65755004.662700474 19362085.569829278 41041842.41483601 26422017.08192569 5264501.229141765 3240807.3423698363 0 50773175.71472594 59227081.00379186 67298935.09415092 57326974.012349 -9999 -9999 104538927.83142865 13060361.784804493 73001594.2841732 42060628.86710645 16888292.478794783 53942885.707429364 -9999.0 -9999.0 -9999.0 -9999.0 -9999.0 -9999.0 -9999.0
-9999.0 -9999.0 -9999.0 87191177.378396 11833547.722606087 45183878.86597723 81447401.5075566 131421205.06275816 -9999 -9999 -9999 -9999 -9999 -9999 122595199.24782372 186408692.710818 171082770.71108654 196893067.407456 161920817.4155031 -9999 71054675.93789689 87510145.88146284 117940966.30911593 93832103.32372382 109838229.54386786 117443043.90824789 87706988.65574972 105105646.58887829 85277059.4071653 82027493.06771599 33463096.994407482 43373515.84875344 259432078.3339783 53166706.7977067 65359956.77390129 105563783.85083799 86163979.4823283 -9999 71916234.90536153 72839315.00460699 34731648.63271325 -9999 9794016.375150733 2021241.5716400805 1270679.0098225349 47041736.0444006 48612147.04516993 25091565.05172342 64794641.51937482 93498796.91081536 98305051.21512498 0 46478066.993967615 30190879.123572577 32175794.232317377 5883242.195958304 0 96309457.46807586 -9999.0 -9999.0 -9999.0 -9999.0 -9999.0 -9999.0
-9999.0 -9999.0 -9999.0 43912474.65907746 0 45746548.58849839 47856572.80949046 121887567.00971788 181134142.43972835 101777430.09867424 -9999 -9999 -9999 -9999 141476978.17758894 135623321.7430734 156427334.78327006 155309558.45064446 600557084.2927297 633258865.2004718 146195651.65483168 154245868.08760223 169617262.625266 -9999 57663573.13409167 -9999 242032800.11275387 206195426.15168145 -9999 128492812.76499088 154977598.44025952 252557770.80468285 0 62127349.1461128 72705572.92617992 47352230.56413564 -9999 82726882.16363904 73193542.64402783 62194921.546748854 24593307.24266551 -9999 0 1590028.7765138696 2698392.7392200446 38669360.616573445 46668644.36345977 100303934.79182982 99630805.11663836 102318974.14634351 26281860.240014173 6077668.264435268 87359986.24169554 44848089.92170411 14128598.924248716 0 6788066.135786187 -9999 -9999.0 -9999.0 -9999.0 -9999.0 74755348.8782832 -9999.0
-9999.0 -9999.0 -9999.0 14010878.60115843 26571168.392124183 59756065.74120591 75412056.79506847 57985940.84636554 93340244.03741471 82202610.99367455 111499000.31812972 -9999 -9999 -9999 -9999 135863565.16194013 156291937.99071744 198003489.8720085 -9999 -9999 372956016.1269675 473969586.59414625 -9999 -9999 40937834.84139383 -9999 -9999 -9999 -9999 -9999 420200518.9555514 144136073.50252843 -9999 75050952.80500984 70909503.57307601 385560201.9240307 -9999 79562445.45189026 76595316.53248449 42696837.77623581 15572120.604721839 28956334.19762777 22372430.21406175 1974469.168585846 4906044.241453825 0 25554798.656427667 34823467.130192526 31591294.862042848 28063993.792251077 26098762.93018881 23326369.829053275 22960908.45519072 0 22378412.50944651 1795291.2342431697 997784.1197391545 -9999.0 -9999.0 -9999.0 -9999.0 -9999.0 19432506.019116756 -9999.0
-9999.0 -9999.0 -9999.0 0 0 52644128.67155177 75353156.83664538 71347918.39315352 95641365.42237315 59064525.71062126 78505194.56054817 112398952.19620608 -9999 147375378.04303765 142123248.6179526 -9999 170872845.0528252 520008313.8631217 553895189.5256897 312901702.8039 201413292.10438684 -9999 -9999 -9999 -9999 -9999 -9999 69244809.85670981 70461232.17635219 -9999 -9999 3124695225.4675083 0 1639005263.3415377 78198525.62149881 98972730.827311 -9999 -9999 30094031.277833585 22102585.816614144 -9999 23267131.375010606 36944900.9006086 2879632.589488712 0 23876755.615056608 27524351.4942301 24905715.05474483 24111086.07977422 -9999 12178087.191801442 9266016.650132047 20984207.14681888 16684630.36957434 19126780.705858063 25760009.658304956 33669622.709952906 -9999.0 -9999.0 -9999.0 -9999.0 -9999.0 -9999.0 35784920.78403092
-9999.0 -9999.0 0 0 9917517.343468824 47257009.8012763 41041554.25760554 44288015.075124815 95480774.38156392 63836949.85731309 106727862.76154135 120654921.22382821 142061717.3669617 144002817.73870397 148684660.15517735 152962248.28808177 169091950.26140955 178036269.44299945 736894467.4756409 574219326.3809607 436146426.4550842 256116474.49215665 -9999 133846546.80280223 -9999 -9999 -9999 -9999 -9999 -9999 -9999 54560799.18266632 69648849.61460008 0 267703505.65889314 1533438249.003044 57624040.9379518 40331919.3067423 17879870.862780128 -9999 -9999 18348875.90332891 2936300.492581554 13963389.937380264 5043813.898791306 17211413.121834952 16839508.903012805 20261707.72395841 10879562.337396087 -9999 30871825.15364871 21754091.018878117 23771922.422698855 22146804.386792652 6638247.1933886185 13842876.319951914 17686663.35917853 49368771.297446884 -9999.0 -9999.0 -9999.0 -9999.0 -9999.0 -9999.0
-9999.0 -9999 49403957.858141385 26950892.709665075 0 32127665.07488633 51577336.48191397 84588607.97663091 90759731.23577832 60022576.26908974 25823702.199418355 -9999 123345241.1608516 133690166.53532237 146773162.4381769 148705197.50511503 76330623.67784597 -9999 185096098.60606927 977258966.2051837 629780660.682961 214758096.3556896 62979650.426860206 69025978.49459763 81616161.50469503 27315347.020915043 37507207.532762446 41289297.46002587 -9999 -9999 90406143.15620902 77252851.92878327 53923216.93383122 66816525.55280692 328986494.4414552 53485274.7987546 35515049.96588529 49768283.36909881 16435308.360714946 -9999 23278827.96739071 13677539.868100723 3702382.2841921304 636217.2236435302 3482340.374437592 7711536.8853932 15153418.686901443 14459879.010600064 21554625.963533454 23281004.84381622 18835439.54860392 13182977.04131685 22376569.07746542 11376138.295265643 14819411.150659997 17716486.420275625 14050700.262741432 10838464.050425574 -9999.0 -9999.0 -9999.0 -9999.0 -9999.0 -9999.0
-9999.0 0 0 0 39684136.68812838 38181071.06575047 56040917.18417018 87475782.68969217 95908832.59027983 0 29063596.57715941 -9999 124403292.61047882 135485141.67202562 145471407.45708203 63847493.56450552 74455306.97639331 81034094.83226688 93484939.31039433 134003885.71596397 341891024.32755023 312446914.15036213 62876755.80211042 72868387.79917313 0 -9999 73176710.89919871 46901721.57283921 -9999 87193710.88894053 174597795.71346456 78198045.63814694 62083733.12916561 30662238.31075456 33442187.7927084 21741338.07788733 47633662.729072005 10816185.862633893 31221103.948514737 18679488.688057065 6773393.463337985 4526422.351363282 2765625.8705583545 1270284.334166833 3923871.175471764 0 8317186.697737517 17079689.649491917 27766974.41658299 17145110.827046603 10053431.277757451 15571029.166928561 18986919.202737592 9934847.894689845 9402053.61285135 8831524.999081764 7698802.786047032 41935845.417332046 -9999.0 -9999.0 -9999.0 -9999.0 -9999.0 -9999.0
0 0 10320414.264862748 23675912.946717966 35143557.30753688 0 46336202.89853603 -9999 70372475.11392835 -9999 17763247.056643818 85161753.35389104 105014531.41599251 89767306.34627187 131377898.33498338 38876214.67733345 158283461.8155244 -9999 -9999 188125776.86897537 -9999 -9999 269676908.7073198 103996811.72211674 -9999 65955940.18533245 71238170.40775941 -9999 -9999 -9999 81184027.49599719 43135026.65549523 39450120.69869093 14997170.31593121 21676968.093326353 35260587.22109507 7361056.192124554 7274803.997258191 24411067.577349935 13433005.130994923 11766268.256855793 12995988.897517584 9867125.099614222 2655978.389619399 2432594.8321898277 0 425450.7846945868 449212.58969676105 1786866.1696418645 0 7552305.736599572 7073320.49908389 7443359.383013923 19392463.732032936 10725661.560849223 14222322.961326353 38440171.65616597 3421371.6175708175 -9999.0 -9999.0 -9999.0 -9999.0 -9999.0 -9999.0
-9999 0 26033641.365044508 31260572.652833834 1133235.044859162 21851053.551367816 51948269.42734555 80959222.79771136 96584295.67820938 72221698.56142937 16399617.23078956 72622640.65252909 70180962.40379006 97394336.77671972 108335969.24791685 33652314.3235718 -9999 127872471.74906367 -9999 -9999 -9999 -9999 216402113.036279 207599975.48006606 87128590.56118701 47706436.88344098 57068119.73975048 -9999 -9999 15694684.051628157 39827453.341557674 60741635.363618456 55935563.575177155 13453690.932781726 4849088.74979365 -9999 0 15774216.5709298 9973005.068634756 4071043.4792801123 2884493.360304458 9201042.675524104 13335549.848529534 7971704.757599604 4166259.1613539993 3233634.7896688 12818926.853917355 4142878.4148478406 2899568.2728941245 7499073.148400481 820678.7060698537 2970364.221109707 4656070.734974279 9496388.798680814 14138071.632876523 39212225.84839747 11582665.025193483 2236267.547831949 -9999.0 -9999.0 -9999.0 -9999.0 -9999.0 -9999.0
0 29967818.568198796 8712846.632084753 36757850.43978338 0 -9999 0 0 75993650.11879633 0 11128987.616275938 25533371.95073695 58794451.367028214 158067658.49403688 14705706.725620836 467535050.4939332 -9999 -9999 -9999 -9999 144427734.33605725 0 72311153.75782904 175813775.0871554 137962389.7012653 123731195.60286808 -9999 -9999 14758699.051508505 4836040.488350842 41705110.31532477 54322328.37310879 0 12660158.745273413 10047951.8506922 -9999 0 2724706.8206202514 7895248.808664258 6819074.104635589 7786747.766695316 4095438.9894241667 12266973.396726247 5607678.849485425 8247681.01994669 3668101.7406518254 2210437.4876389327 7660846.176147789 18787696.117978863 8078151.443546517 5787379.239357238 10456853.013216974 8484669.824819956 8777940.086732674 0 22246320.232940424 0 10596161.876121935 -9999.0 -9999.0 -9999.0 -9999.0 -9999.0 -9999.0
-9999 -9999 0 0 0 0 0 0 104007756.8701211 55370741.49234094 20652237.37613401 9459438.141793584 -9999 -9999 -9999 -9999 -9999 -9999 -9999 194787511.8740239 313305554.4462876 59189486.83333979 52926665.88464816 286739554.79797643 -9999 -9999 163404500.0372378 -9999 49815442.94246998 141542420.96812415 -9999 68278390.45632142 28595644.11358815 23383407.51021774 -9999 -9999 0 11601622.295070278 8079530.765517132 521363.00920715655 0 8253727.805589018 6352033.456708586 3920933.72801937 6052816.43446566 2019898.162078977 3359114.485287293 3672119.923524584 20079271.367255893 14540889.249762064 28094401.991706297 12969982.566001998 14413082.258028707 13269168.728017244 0 16614171.993939878 67545.48647026121 -9999.0 -9999.0 -9999.0 -9999.0 -9999.0 -9999.0 -9999.0
-9999 -9999 0 0 0 0 0 0 0 0 -9999 -9999 -9999 -9999 -9999 -9999 -9999 -9999 -9999 -9999 -9999 -9999 -9999 -9999 144179606.81510714 127267699.96575534 169027544.5869701 -9999 77318474.11760898 54209862.33923997 19515617.01961965 16316996.318460634 12136872.29520354 14388006.854186904 9095727.173865747 28086729.44417787 6630988.19502055 0 6733410.366435725 438498.3816507356 5902341.052491131 1876766.3614899446 4123221.3246530956 3781770.1906819697 6215321.096353998 45175851.86101381 14491323.422378073 13752017.030979378 5673419.300722198 5478021.477948785 28217823.87430004 3320227.183596158 5211555.219305521 1247202.7712615323 23680216.35543592 15400661.579530558 16056463.931530062 -9999.0 -9999.0 -9999.0 -9999.0 -9999.0 -9999.0 -9999.0
-9999 24999738.663119964 0 0 0 0 0 0 0 -9999 -9999 0 -9999 -9999 -9999 -9999 -9999 -9999 -9999 -9999 -9999 -9999 -9999 0 58528820.236125894 135236219.57320505 207484747.54730827 -9999 0 0 2831523.340343543 0 0 -9999 16640536.584676066 8418347.180344613 29857227.462468933 23896453.3395367 17101828.606288478 31360106.24889803 5386126.8607659 22399154.001031365 0 7670248.730950691 4158177.1390517224 20787928.676690467 19123779.238373015 16448775.86720395 17654960.197931547 9175127.775644973 19093684.121389825 24221363.678420693 21569242.897693753 29036021.59615634 108059019.10817188 27968778.589113582 -9999.0 -9999.0 -9999.0 -9999.0 -9999.0 -9999.0 -9999.0 -9999.0
-9999 -9999 0 0 -9999 0 0 0 0 45042760.56826499 0 0 0 196574642.1798875 -9999 -9999 -9999 -9999 -9999 -9999 -9999 0 -9999 -9999 51515164.622101754 234879332.57670134 193465568.17446598 0 0 2241917.2585316002 12229673.689102974 0 27628954.486104127 0 34660309.00115901 14802728.501639685 32541902.897513248 60141833.84254329 36682845.3147234 7899741.586179107 16313858.57548515 21034036.861325312 10307365.018767366 16436254.618333343 38712970.251584895 19508061.002946172 18971977.71704746 18780042.82020652 18985595.591308452 11440310.834926883 5472916.809808607 27092429.87722157 35215557.56685755 42776552.872371644 -9999.0 -9999.0 -9999.0 -9999.0 -9999.0 -9999.0 -9999.0 -9999.0 -9999.0 -9999.0
-9999 -9999 746933.8039181321 0 0 167754559.24874154 585959780.8559408 224175717.0773621 68251864.5761455 146917232.32995367 0 0 0 0 0 0 0 0 0 0 0 73552359.19541922 0 -9999 0 140294551.07549244 21361133.939059403 41190148.32089004 4348439.793611691 1016202.7347321472 19167205.004513223 40719108.95490312 15629384.52314257 4174589.470544572 0 1469236.979711575 28342818.902793065 111015387.04087333 0 42186849.47763496 10798530.815420005 8483625.264826218 16611681.72104887 23131351.59093284 31746034.669312548 38220186.67909177 26726760.576431405 38480211.67402895 65359505.142683364 73206447.06396264 82320896.3655834 106659690.70574029 -9999.0 -9999.0 -9999.0 -9999.0 -9999.0 -9999.0 -9999.0 -9999.0 -9999.0 -9999.0 -9999.0 -9999.0
-9999 -9999 -9999 0 0 -9999 -9999 0 541500687.2110459 427016968.15397835 0 0 0 19959116.903866597 0 0 0 0 0 0 0 0 0 227781133.3917583 0 0 68611410.64201745 18519878.789980825 6502245.385523477 5940531.0079173185 -9999 6730054.958460644 4800855.720190613 88309631.08421974 25122052.1043701 0 37497753.404046014 40230946.28253099 5754769.625625065 52983488.63883668 67780037.55139008 60712350.60109907 20168252.94930644 23378835.501310203 22670297.169539005 34966595.69222964 34171309.424766295 25592816.459154453 75029869.5098621 95946626.40919167 -9999.0 -9999.0 -9999.0 -9999.0 -9999.0 -9999.0 -9999.0 -9999.0 -9999.0 -9999.0 -9999.0 -9999.0 -9999.0 -9999.0
-9999 -9999 -9999 0 -9999 -9999 -9999 73756527.75872569 -9999 -9999 295389369.83153826 0 0 0 0 2793968.0898745432 9661478.345171478 4553080.006273821 -9999 -9999 -9999 -9999 -9999 -9999 -9999 0 1088989.33370862 0 -9999 55720766.89405885 -9999 -9999 91657934.95053145 91847470.59292452 84442135.9888074 0 19667885.14602842 78640607.1131168 7233521.881162221 7859850.093004606 9665621.52301251 53261225.957963355 9961070.518085135 18998301.50145857 22572564.41068001 30423549.100115098 50757450.35769511 44412818.156741805 53487771.97024771 -9999.0 -9999.0 -9999.0 -9999.0 -9999.0 -9999.0 -9999.0 -9999.0 -9999.0 -9999.0 -9999.0 -9999.0 -9999.0 -9999.0 -9999.0
-9999.0 -9999 0 23985037.648628894 -9999 -9999 149697869.2039029 -9999 522948414.21960217 0 69408178.3237679 26239888.56940756 10872571.666987242 0 0 0 0 0 -9999 -9999 -9999 -9999 -9999 -9999 -9999 -9999 0 0 0 77433131.6700319 3655216.7205922888 65218102.354007125 46707797.585416585 20166171.709377985 24357695.057108838 3085631.2024129513 26353289.331866417 48721794.861541085 23186608.87615024 8500403.111804483 9425233.584765019 3891161.6969856154 5992979.223298582 12719467.030879457 28004089.411378674 35733956.69932127 83315702.244928 138340356.15835986 -9999.0 -9999.0 -9999.0 -9999.0 -9999.0 -9999.0 -9999.0 -9999.0 -9999.0 -9999.0 -9999.0 -9999.0 -9999.0 -9999.0 -9999.0 -9999.0
-9999.0 -9999 -9999 -9999 -9999 -9999 0 -9999 0 0 24846654.240876686 24949388.60389842 0 0 0 0 0 0 -9999 -9999 -9999 -9999 -9999 -9999 -9999 -9999 -9999 0 34893795.77226886 0 0 4065836.065320652 4408697.899376606 22301387.851910032 13590520.34051062 23041677.55207858 16192804.848544193 9896771.451907724 10421032.701443002 12546716.188916335 21027134.736533098 28940880.632513642 2729241.6926392126 5670774.719435382 42032038.26592644 62647716.54279262 147986371.17479518 -9999.0 -9999.0 -9999.0 -9999.0 -9999.0 -9999.0 -9999.0 -9999.0 -9999.0 -9999.0 -9999.0 -9999.0 -9999.0 -9999.0 -9999.0 -9999.0 -9999.0
-9999.0 -9999.0 -9999 -9999 -9999 29525950.125144597 0 0 0 0 0 0 -9999 -9999 0 -9999 -9999 5876007.436756061 -9999 -9999 -9999 0 -9999 -9999 -9999 -9999 -9999 -9999 219604653.47519296 -9999 0 34655239.10668575 0 0 0 3987560.5216178508 21775182.40646554 16043287.495405322 4036057.0781028196 14564020.953483544 35545658.213623196 30200176.758218013 19485104.54577912 31241258.30311681 50750687.05552649 67866082.93203354 -9999.0 -9999.0 -9999.0 -9999.0 -9999.0 -9999.0 -9999.0 -9999.0 -9999.0 -9999.0 -9999.0 -9999.0 -9999.0 -9999.0 -9999.0 -9999.0 -9999.0 -9999.0
-9999.0 -9999.0 -9999 -9999 -9999 -9999 -9999 0 0 0 -9999 -9999 -9999 -9999 0 -9999 0 0 -9999 -9999 -9999 -9999 -9999 -9999 -9999 -9999 -9999 -9999 137014535.51167023 0 0 0 69018.26699237137 857491.2641895406 4039095.490040374 5974029.472433995 4831274.050866606 3761561.954204899 12623039.888957458 53395751.515655465 44668453.92436211 9697014.187019397 19265485.952402994 66432028.320235014 58234170.13045767 64420652.87372525 64171812.240411915 -9999.0 -9999.0 -9999.0 -9999.0 -9999.0 -9999.0 -9999.0 -9999.0 -9999.0 -9999.0 -9999.0 -9999.0 -9999.0 -9999.0 -9999.0 -9999.0 377344124.8698467
-9999.0 -9999.0 -9999.0 -9999 -9999 -9999 -9999 0 0 -9999 -9999 0 0 0 0 0 0 -9999 -9999 -9999 -9999 -9999 -9999 -9999 -9999 -9999 -9999 -9999 68340897.60928838 0 56503017.875709 0 55616119.93962382 112938127.16731542 20860965.29573586 9012074.228846466 8195120.045999989 15178793.406107718 29798476.16302342 52956291.52865736 111500329.21402735 11175955.16896711 28153756.066542987 42303847.48477951 57350154.09825174 57732337.05943397 57747267.63320661 -9999.0 -9999.0 -9999.0 -9999.0 -9999.0 -9999.0 -9999.0 -9999.0 -9999.0 -9999.0 -9999.0 -9999.0 -9999.0 -9999.0 -9999.0 -9999.0 47029134.281286746
-9999.0 -9999.0 -9999.0 -9999 -9999 -9999 -9999 -9999 -9999 120080626.35594669 -9999 0 11728971.849824423 -9999 0 -9999 -9999 96697910.62675513 -9999 -9999 -9999 -9999 -9999 -9999 -9999 -9999 -9999 0 0 0 0 32599797.714949932 57760746.50520454 -9999 -9999 -9999 -9999 84980912.3679859 45336153.55206803 16511562.510378568 -9999 52647330.33966852 0 82357216.33387326 40478838.86398388 -9999 14053883.013066376 -9999.0 -9999.0 -9999.0 -9999.0 -9999.0 -9999.0 -9999.0 -9999.0 -9999.0 -9999.0 -9999.0 -9999.0 -9999.0 -9999.0 -9999.0 189548336.9145368 0
