critload/trunk/output/2010/nman_fer_araigl.asc
ncols 720
nrows 360
xllcorner -180.0
yllcorner -90.0
cellsize 0.5
NODATA_value -9999.0
[rows 140 to 167 of 360, columns 378 to 440 of 720]
0.0 0.0 0.0 0.0 0.0 0.0 0.0 0.0 0.0 0.0 0.0 0.0 0.0 0.0 0.0 0.0 0.0 0.0 0.0 0.0 0.0 0.0 0.0 0.0 0.0 0.0 0.0 0.0 0.0 0.0 0.0 0.0 0.0 0.0 0.0 0.0 0.0 0.0 0.0 0.0 0.0 0.0 164209.80082104955 10271.791276614615 0.0 0.0 0.0 0.0 10537.285124830432 0.0 0.0 0.0 0.0 0.0 0.0 0.0 0.0 -9999.0 -9999.0 -9999.0 -9999.0 -9999.0 -9999.0
0.0 0.0 0.0 0.0 0.0 0.0 0.0 0.0 0.0 0.0 0.0 0.0 0.0 0.0 0.0 0.0 0.0 0.0 0.0 0.0 0.0 0.0 0.0 0.0 0.0 0.0 0.0 0.0 0.0 0.0 0.0 0.0 0.0 0.0 0.0 0.0 0.0 0.0 0.0 0.0 0.0 0.0 149249.04394077795 131702.7843570847 0.0 0.0 0.0 0.0 16863.72730961594 1583.5747984690531 0.0 0.0 0.0 0.0 0.0 0.0 0.0 -9999.0 -9999.0 -9999.0 -9999.0 -9999.0 -9999.0
0.0 0.0 0.0 0.0 0.0 0.0 0.0 0.0 0.0 0.0 0.0 0.0 0.0 0.0 0.0 0.0 0.0 0.0 0.0 0.0 0.0 0.0 0.0 0.0 0.0 0.0 0.0 0.0 0.0 0.0 0.0 0.0 0.0 0.0 0.0 0.0 0.0 0.0 0.0 0.0 0.0 0.0 0.0 39261.45023148571 0.0 19609.514669928114 4850.919642345392 0.0 0.0 4822.379960651348 0.0 0.0 0.0 0.0 0.0 0.0 0.0 136525.4946545856 -9999.0 -9999.0 -9999.0 -9999.0 -9999.0
0.0 0.0 0.0 0.0 0.0 0.0 0.0 0.0 0.0 0.0 0.0 0.0 0.0 0.0 0.0 0.0 0.0 0.0 0.0 0.0 0.0 0.0 0.0 0.0 0.0 0.0 0.0 0.0 0.0 0.0 0.0 0.0 0.0 0.0 0.0 0.0 0.0 0.0 0.0 0.0 0.0 0.0 0.0 123887.50100717525 36810.82105361436 75106.2100233682 0.0 0.0 0.0 70136.47892029722 0.0 0.0 0.0 0.0 0.0 0.0 0.0 465342.4099795697 0.0 0.0 -9999.0 -9999.0 -9999.0
0.0 0.0 0.0 0.0 0.0 0.0 0.0 0.0 0.0 0.0 0.0 0.0 0.0 0.0 0.0 0.0 0.0 0.0 0.0 0.0 0.0 0.0 0.0 0.0 0.0 0.0 0.0 0.0 0.0 0.0 0.0 0.0 0.0 0.0 0.0 0.0 0.0 0.0 0.0 0.0 0.0 0.0 0.0 0.0 8691.845305289105 0.0 0.0 0.0 0.0 151609.05921830144 16730.98778591648 0.0 0.0 0.0 0.0 0.0 17621.72427461747 11134.608419783786 0.0 0.0 -9999.0 -9999.0 -9999.0
0.0 0.0 0.0 0.0 0.0 0.0 0.0 0.0 0.0 0.0 0.0 0.0 0.0 0.0 0.0 0.0 0.0 0.0 0.0 0.0 0.0 0.0 0.0 0.0 0.0 0.0 0.0 0.0 0.0 0.0 0.0 0.0 0.0 0.0 0.0 0.0 0.0 0.0 0.0 0.0 0.0 0.0 0.0 0.0 0.0 0.0 0.0 0.0 0.0 177982.57006701455 3253.3115201404266 30392.34520005505 0.0 0.0 0.0 0.0 0.0 0.0 0.0 0.0 -9999.0 -9999.0 -9999.0
0.0 0.0 0.0 0.0 0.0 0.0 0.0 0.0 0.0 0.0 0.0 0.0 0.0 0.0 0.0 0.0 0.0 0.0 0.0 0.0 0.0 0.0 0.0 0.0 0.0 0.0 0.0 0.0 0.0 0.0 0.0 0.0 0.0 0.0 0.0 0.0 0.0 0.0 0.0 0.0 0.0 0.0 0.0 0.0 0.0 0.0 0.0 47942.187825110945 124031.21248346855 143111.06388009008 0.0 0.0 0.0 0.0 0.0 0.0 0.0 0.0 8580.849621949043 0.0 0.0 -9999.0 -9999.0
0.0 0.0 0.0 0.0 0.0 0.0 0.0 0.0 0.0 0.0 0.0 0.0 0.0 0.0 0.0 0.0 0.0 0.0 0.0 0.0 0.0 0.0 0.0 0.0 0.0 0.0 0.0 0.0 0.0 0.0 0.0 0.0 0.0 0.0 0.0 0.0 0.0 0.0 0.0 0.0 0.0 0.0 0.0 0.0 0.0 0.0 0.0 117397.6174627044 0.0 0.0 0.0 0.0 0.0 0.0 1433804.3617644291 0.0 0.0 0.0 31291.32216241018 96497.38017437667 113184.84723896309 -9999.0 0.0
0.0 0.0 0.0 0.0 0.0 0.0 0.0 0.0 0.0 0.0 0.0 0.0 0.0 0.0 0.0 0.0 0.0 0.0 0.0 0.0 0.0 0.0 0.0 0.0 0.0 0.0 0.0 0.0 0.0 0.0 0.0 0.0 0.0 0.0 0.0 0.0 0.0 0.0 0.0 0.0 0.0 0.0 0.0 0.0 0.0 0.0 49803.40710126048 386431.0668587981 0.0 0.0 0.0 0.0 1170916.3592148616 536953.1513779256 825769.3735995092 110229.04953158356 14364.416055951706 110450.57629413789 75141.65862900318 81251.83552826401 342402.65495085396 -9999.0 0.0
0.0 0.0 0.0 0.0 0.0 0.0 0.0 0.0 0.0 0.0 0.0 0.0 0.0 0.0 0.0 0.0 0.0 0.0 0.0 0.0 0.0 0.0 0.0 20642.460799811364 0.0 0.0 0.0 0.0 0.0 0.0 0.0 0.0 0.0 0.0 0.0 0.0 0.0 0.0 0.0 0.0 0.0 0.0 0.0 0.0 0.0 0.0 186123.7876569056 11577767.318646878 814901.3085588331 0.0 1489038.0333139247 1034936.9931558185 998509.0188290651 13262255.889550798 44731.13164511731 810606.5291583382 329388.1775619787 139576.5858467302 31339.243754930758 1026343.2977071285 118444.86657577807 179427.41617996639 0.0
0.0 0.0 0.0 0.0 0.0 0.0 0.0 0.0 0.0 0.0 0.0 0.0 0.0 0.0 0.0 0.0 0.0 0.0 0.0 0.0 0.0 0.0 20676.767062953713 41345.50959760456 0.0 0.0 29933.992311824433 353615.3189721788 276441.9523577625 427298.6669288253 1218.1796769369603 0.0 0.0 0.0 0.0 0.0 327058.3967201058 0.0 0.0 0.0 0.0 0.0 0.0 0.0 0.0 0.0 504126.6992396522 9741003.97916853 10189869.087589756 366887.583960281 555768.7449281553 662010.3169957486 1069978.7597935668 0.0 692201.7289053174 1451435.422646416 773747.4903464252 5148966.932633013 3351192.737083069 1986415.0428639592 1227256.3477838351 0.0 60490.78330471945
2319595.7457657414 1161709.724714337 0.0 0.0 0.0 0.0 0.0 0.0 0.0 0.0 0.0 0.0 145.4922030755344 0.0 0.0 0.0 0.0 0.0 0.0 0.0 0.0 62209.94369099075 109389.52139324676 22306.81748071852 40895.35433120939 20563.177871354004 32184.543438012075 857228.3848788531 355962.6715509534 1031.1116019581189 4746.778469845862 155160.8222985315 476008.9908400107 0.0 0.0 0.0 143633.74532757973 143462.74575967167 0.0 265.7252512412446 0.0 277717.21846280876 0.0 0.0 0.0 770938.485646257 1600321.195031767 9379421.282125685 10491354.689613873 12375363.708001481 1503259.2270844996 9931837.21243799 10579849.646828212 11787667.227744626 10571826.698177667 22984824.642066464 19168892.16490583 23030667.32189145 2627421.0565912165 12472757.80161713 2264614.0266356175 127099.87513326404 908.7631017665128
817351.7213248574 2865753.0929930774 1151446.4300191524 1453925.7208037213 2327301.137578681 0.0 872130.4664759659 301987.49112218857 32547.967559836346 -9999.0 384.75310137490635 11967.748712980234 9257.58890080718 115.6454011997979 276.67559291832197 0.0 0.0 20784.27757276613 41590.609850695444 20761.980497749508 0.0 80606.77941531643 102250.15749141469 101848.72813025593 70179.35237327198 76634.83363460147 11757990.143062683 569886.9891349622 1296224.2806051997 377204.53154237586 10130768.029177021 249057.82280382753 291260.06085369684 139408.71375166473 300730.61241199286 0.0 0.0 0.0 301344.18909811624 135889.75702492782 0.0 304205.5631752049 292835.61544625985 0.0 0.0 873002.8711624411 977998.6979226703 12718930.257343013 1290965.922174137 11431400.076939331 11357888.236145524 8401055.271775251 8824809.032084674 6447471.553333952 10163850.202557432 19839415.55005443 148804.00499576988 1411524.5981008848 1453753.5222273031 13818220.756365012 14585540.653770437 1038280.1062659265 0.0
1226481.471233277 3023656.9970052443 588677.9134872654 463553.75383832783 260955.3355931605 369235.279708836 713126.4018721672 349777.6280214862 687089.4734570533 4848610.808867841 -9999.0 -9999.0 91304.04541069067 41559.092801168954 20902.55441607759 55468.32705397466 87214.09725442193 110760.03458861537 25316.075242403804 29942.821573601846 41351.901535994824 81220.9152729792 118590.27821179086 24364.755862701695 96525.55338081715 164791.8935721514 11029478.032610131 9561661.179199776 10781478.990457056 10203949.130325591 9358557.09299313 100388.81888503899 602814.989892837 136533.4902460868 2904.356701300484 0.0 67614.56333934522 210361.90684167712 208617.25584421615 511048.7749895429 560627.5650108512 320655.62250559876 328212.2066892537 55725.768625178775 756056.6683418499 580748.5748419586 165651.9598414511 1151940.3548548005 11754550.643988822 11119387.54592019 7677293.1391708935 7542112.445188849 4684782.0308697345 7058730.083211623 15034219.561220814 14566.96991999283 68780.23804867227 661482.2638334506 329075.9844258184 17213755.48873362 1696202.7052112373 896568.8330053529 0.0
1001844.8742826906 859116.2555098308 542366.2897041186 569985.8939252071 963458.7479793051 450935.3892344217 326817.0840679835 603802.5132103959 810674.9980660244 458244.3329654242 342524.22245127446 256716.65987227473 238026.59694946822 164495.1291313448 238695.85737347178 244508.13241501976 253588.24723722716 197558.78340628464 149897.52054404 35742.36005792732 150604.0440320448 118048.29208058518 149445.5678146579 145053.43448991212 178721.2943337141 128341.14512299834 11160111.871907962 8613897.699820828 7799876.350744188 10137385.921236249 9858974.861654088 0.0 383778.4722535474 482081.3875917128 352560.42312690325 283724.44235217606 291598.12426009425 571313.7644643903 794730.1248232624 598970.4205401437 611662.2488551725 630067.282882856 272770.033010971 895548.4673251348 11080896.323136032 11616419.985557154 129196.63113959154 1245784.0657785898 7608216.733663429 6008579.539708686 10239132.340209179 9092284.76267443 691918.2148283047 733142.7070993164 16773702.52377936 0.0 1873312.2945748675 2074637.8144060667 1250311.1657704753 257854.50942275993 589959.4206804612 1507362.3880427424 0.0
4771203.53791533 965192.1747109471 897183.6062853892 712598.6385611767 521055.88234399876 552033.6630187399 8716784.287019223 303521.8305039334 508096.0820106184 472276.48192270356 269801.77678790584 135817.13792705297 23952.82949909183 24266.65288354918 117238.28388106193 17734.462747656955 11391437.776372522 13805298.235660003 96683.22357665114 13296423.115572222 131613.53327692978 154308.30661262732 123593.99438731736 146610.69136229108 64890.37968247267 177053.8244821773 15020764.520062758 11366738.146844365 10613630.800712185 10201210.418851834 10389047.23342818 36631.04976240598 832237.9569071676 633528.7553624972 645461.6592375445 847303.3353912786 605605.242674687 1468160.4857202214 651160.3276711876 872050.9818966539 1557190.284031989 13164868.398801103 10782751.229549441 11496294.130967617 10361489.373705316 11239530.122991433 348346.8864364152 145827.77569722795 1819455.649129323 1976869.8618202463 7509841.594387017 10357443.865616206 0.0 0.0 392331.25144878717 1859595.8375126328 8787134.301335063 8603771.463078603 978019.4046707122 477731.3849490492 549686.8328093039 1426198.9259456699 0.0
4965881.819550069 5656825.982284509 5753556.227622662 5053576.832798591 4637737.4347610185 3528193.9202016518 3120230.560139377 3909968.4717613775 539256.1767629588 569423.2470289997 618913.3316323963 190078.05180669593 63848.872050435806 114359.99961463468 13957744.708561607 16423610.442482863 12635982.688039832 192252.24331854118 207517.0836248474 135480.1580456115 122101.54330260502 93050.89328241603 76703.87734963463 102407.31495111526 97821.6372912166 106973.03181176397 47567.149725770694 396248.46483513527 10306330.031848894 11449293.207029413 9900620.451811686 10523493.554401707 10159349.55623421 12819524.668179138 11406922.315429479 10993222.322967345 11573800.744851276 1299028.8019159117 988110.9980157083 13065511.49688125 1210019.1991423569 12180269.819112342 13050514.73775262 11410338.328877077 8916685.822723929 11463384.853916235 11213034.948980754 9245598.82637137 1940320.4941837827 9502424.203659786 9851082.767893966 12299942.33875975 19025151.936847087 0.0 37355.63369798137 2724296.116355627 12373003.007950254 14564368.401732184 1793313.253107964 638585.2142481807 1895378.0334794577 1377575.9617375114 0.0
6116613.430946415 4956953.998308433 5736717.168232584 6433859.338013854 6332918.938854955 6887745.213545851 4897227.8794612475 5582259.426948193 7671394.896700125 5364848.20355265 9453701.56410963 144332.76359374519 12947880.761915442 201678.0133497795 14436813.930352384 14860793.891033923 142121.32681149023 149818.68818405035 97191.491927024 103040.82404609046 80596.51429674502 80100.29357063217 208337.8877231305 116768.77984476628 61079.14091530382 120065.7092321248 106333.52328877983 212086.91755981254 9515781.471178057 10685396.756625665 11060383.988594323 11180459.520873524 8748451.084175145 10786159.826476788 7417101.179897675 9570006.209664632 12554207.035470245 362620.0861739126 12121224.309735939 11938727.390444638 12621698.929529417 12044095.951985002 12148270.765591765 901818.2772920814 10946483.069040453 12778676.939661045 1286338.8075740794 11964156.516951248 11532892.764593314 11713038.77163371 11093767.565124424 12313348.044342922 63814.21138231405 285136.3401784829 446227.24172606925 19616723.203005962 14577751.589986086 2170586.1975703305 868039.5270767934 614158.4137021841 261572.03862991848 2422572.3407591567 4266.884712285977
6902493.294527123 6022409.806022675 7550636.898865323 7464080.5947535895 6725280.128333868 7417654.661819663 8406182.976643614 8979847.95390613 8734180.211738221 9058190.181838213 9751397.800831683 10045465.761790358 198132.20606887894 299581.61632400856 220694.7301542004 15076030.270458449 98028.81862378013 72080.38043186461 10418.031326095688 76207.97932628336 7926.522078620947 29697.682136054787 138681.7949492467 38315.23122440927 55195.74534955324 15763.190422735843 2129929.77346332 3098004.6161204176 10304608.081084717 12392768.28953192 11732443.366826728 10047778.859861728 8148788.679430724 11540199.254109785 10649482.86238214 9439795.929118918 13129703.221162954 11536905.55312838 12686794.777139667 13383398.11150081 1630407.4685959832 1183168.4713309174 11387675.288240425 898462.3615597477 1337277.9574126755 1457131.3349162801 13674179.057253875 1655471.0315593453 12661268.131928012 1184625.2613282304 504759.0385910543 725988.2878710739 18161819.838913664 1148175.8435874346 18986635.019844275 13303722.299283743 14906697.878944803 12296830.62203697 2658341.4643302993 1286802.3685104102 481169.71683327423 2788774.9295182386 520854.47181330726
6644427.017173329 6968827.745517785 6425763.584084752 6340376.888100433 5426093.604579447 7810871.843581434 7967138.165876514 7959928.802100545 5601013.104489271 8318096.728170906 8073836.254280393 6624678.439752396 14271292.069184028 82979.95117294359 58722.961763886415 148040.12217100302 74158.67953753249 60733.87528386818 79735.59565779284 42128.95203310703 70630.14892365593 21238.97485219536 104019.97828591111 76274.27830222258 42631.53362600652 330260.36130395945 2549505.767363258 3188802.505692096 25653267.950132743 805420.8605176398 10662304.772834841 5946521.9420886785 9916979.96841359 1735063.5094900213 1680286.489815083 1785550.1336244328 1564459.552976244 12079329.585120505 630241.9653648423 1195212.3488463666 1176307.2979177572 1119266.7451282912 393154.71224204486 734078.2597361542 1137147.3026498165 169050.99208357302 13655167.72689455 12180518.831844347 11989753.254071234 1486856.2901943556 9546967.72167837 955036.5130488656 149392.66522658442 20993685.21142321 20876253.63154771 18433292.728765205 16217894.022066621 14465471.884832513 2641798.7029714244 1206538.74821312 1225294.6103403692 2477952.100004236 361379.462780309
6500580.197468039 5917106.019550233 4258163.317289051 4462049.931857187 6260623.487008318 6788017.73382212 6872701.391408462 6406768.461862348 10186844.707725823 12600027.551466415 15632138.955003154 130429.73815823285 14056973.193809852 189420.32460392854 72322.8870521431 52644.80191352148 43197.071424226895 98642.45036944732 72288.05536286297 13583264.23841075 48253.93495912951 59467.167072086115 146489.00662515708 59032.779746116605 62211.85812916177 105809.04099866134 185201.31149122713 83673.91533786453 109190.88586181607 10463238.861319778 9523.153229981861 0.0 0.0 755131.965220654 781924.3520194513 1094396.2158777378 69238.9431864648 822935.7504185184 584220.2006385012 728213.405849342 1030195.8470758125 1040358.9596713458 973587.1350323954 751424.8659213444 1189969.069319193 1232581.575594495 687497.8282133623 13402727.912724454 1586700.8945887468 343387.575743081 19875964.940846793 642871.6341550291 21343544.920848574 22432195.428422738 19576968.92295203 20269273.92297522 14619635.5559319 14356190.508856574 13426950.073946545 3923630.8578192014 5578468.952174084 2807716.4086409947 0.0
4707050.456643878 7103204.213232499 7746879.691990168 6365061.709684912 6419084.518878615 6268288.527454127 6440873.643763106 5840337.050062127 8535372.422352254 11135545.671305107 11534700.353217874 178748.49857734586 229379.56293956086 14911325.87086278 278997.28910634015 176503.91586504036 128972.280215846 5721.9436501998525 123563.6657478455 110892.96830663417 66245.14145243136 10618.536949619182 35210.45820205149 0.0 0.0 5106.3141080996265 10700.818634779087 130197.01974703703 24356.4576027211 0.0 18967.638396789425 0.0 0.0 557259.4482093852 615193.9899027564 1024813.6919580204 1435671.3515686719 1665548.071180989 577406.0103121242 300140.0270398514 832904.5157653729 649896.0619374928 7547858.107152676 8672586.079885937 657583.4253269826 136612.6422716834 323967.118132335 206612.34466188372 226502.74826509677 325503.99819555733 17312319.573052716 20023122.571346764 20025061.006230555 17123733.497007042 22836698.712845717 18941042.944623146 16097049.107568892 14090869.703232892 14968374.814308468 3642929.806460744 4655602.6336730905 668286.1090778962 31277.628642120464
6105118.732511636 7249952.484688696 6559336.516231516 6659673.30673906 6786858.521345753 4300373.718052846 6094647.074418224 939528.3461185076 477826.64215550467 767224.8230904668 348020.5834799077 86552.94697294149 204522.06619073742 204684.27629846983 284484.5816397966 199910.05328701172 162298.9745999414 14314546.621921971 12982199.870537285 37662.89351772637 599615.0803908778 1928708.3021256689 574508.5459981427 17609.4380516912 0.0 635635.412184213 0.0 0.0 0.0 0.0 10079704.915465387 0.0 0.0 194072.3384570845 9614514.373999216 232733.35061165766 835701.9243682276 1061496.0650006891 851610.1641213635 9904648.419808526 12325454.148753738 483787.38205028954 4755.896183161849 0.0 75498.84932538273 1174997.4801159948 674339.360062403 98460.78817755313 170780.43017624295 330293.9553995004 114789.77912688302 10715117.649170829 17032826.44080752 11376898.0229421 18384679.53151078 20624130.79359585 16160270.038717588 11655205.652772326 13538689.608934294 10210033.995081961 10219026.627441606 18449084.515779406 13724379.619216444
9744693.672274612 7248448.862149749 7209538.746144304 7998161.261792803 7766014.0039357785 672018.271201133 935800.8846177179 43059.21236674814 44599.8328414007 22696.406191123748 119624.52892413973 24030.7192163553 39392.72330258801 94078.10687190642 68382.62233831573 12136.628438411954 209074.62484274467 13906506.717958864 16272517.620060224 11620332.964588067 173131.20754961684 0.0 0.0 0.0 0.0 0.0 0.0 0.0 0.0 0.0 0.0 8258110.594570108 0.0 80595.26900953476 0.0 8253897.788867131 159994.60519720017 820550.1424541802 11911329.814357368 1529616.10779616 715253.8110610507 10009326.783372706 776092.6414593022 7764747.578164725 630064.0561755769 1373900.818882575 1437457.5057684053 428028.2990146836 1851151.600747344 17213112.263117097 0.0 19810797.71488452 1535203.5286919114 2363387.4257100085 2538423.772647837 14623633.085538309 2404254.09790497 16780581.8135521 12574386.200127024 12396544.834548127 10607798.004155874 3504416.2351577906 17997508.64640579
8694843.276298534 7800287.433460803 7239498.00064165 6692073.631125655 212124.1673195391 20597.44636410798 64361.85786058218 10589.608831915617 2512.612994942971 146254.81791453506 36062.008794418936 68532.57093696285 131370.69904419855 78328.82280550015 10922940.059391417 11504805.245790651 209786.07810403104 220596.72521914856 0.0 324801.8627343568 0.0 0.0 0.0 0.0 0.0 0.0 0.0 0.0 0.0 0.0 0.0 0.0 0.0 252807.13682145247 70969.33348813375 234.0107820248994 49523.73730458629 367561.6310074249 439070.6584231502 845427.6579100488 589034.0437623634 444804.1528567786 12507013.055494199 9911399.389513493 279767.13137040776 368953.2515117638 176766.64327718364 22651.11151126126 0.0 0.0 10342.85449338875 134367.19742368872 144866.3883275593 17614501.459534872 2007190.959153467 3796244.228340481 13822980.302252589 12749922.23356706 14257903.757166184 14194636.763899554 155181.38172639237 17464712.78731177 19635383.63395947
6979669.769569028 6587477.383116854 860993.430264883 215328.80175880337 241328.43547188962 170412.82515119112 126865.36581581981 19611.440709277515 198477.37904223567 422533.87561672257 343313.0291740692 29549.7223752004 0.0 597700.5394116009 1019900.2293035565 173365.38968898397 266821.32719739527 280676.2457061847 21828.934807878777 0.0 24284.724393417102 0.0 0.0 0.0 0.0 0.0 0.0 0.0 0.0 0.0 0.0 0.0 0.0 9198422.59362605 15649.76159338441 0.0 0.0 70851.41608993793 149376.96547921025 412014.1508256078 551149.3758886892 80039.29406018268 20925.698411002602 8959621.44687467 1072912.6594300396 240734.6096599126 97391.39324898942 148835.00924473433 292534.69479276496 359057.02221709443 20311369.40685845 18386564.67591488 467633.11097033985 2124701.1910313116 1497342.1955859116 777429.4793457882 594909.7328399005 11430645.50166967 18375307.205956485 13876520.044008436 135059.51817622565 702850.4580465383 2055514.2407781836
6593039.899645379 335765.13923063467 25561.633639837506 109690.09674425007 900209.8887611644 271778.78476574965 20930.23298660869 5245.583567181766 93155.05876015038 38654.26836346167 94720.72708696948 5368.734312903937 426456.3853125466 543545.9336179865 509692.6703000425 541221.7762914193 538776.6556771912 367744.57168837695 39500.50389135758 0.0 26475.653891045236 17623.272436166662 0.0 0.0 0.0 42149.12407407574 0.0 0.0 0.0 0.0 0.0 0.0 0.0 0.0 0.0 0.0 9672003.949184302 142789.40947437478 0.0 0.0 9093428.381597947 780066.4785309972 285051.22163011436 10282889.64738917 695958.8523865822 30865.82631298613 92734.21440011199 159172.84037136319 9681874.151858179 8298644.726628615 63343.784377045 0.0 109287.00618722242 622670.9407248629 0.0 101135.96318607104 38962.979201189184 16861689.931283414 21571474.68251712 12982371.49791738 78486.0659353292 4073.99210851631 0.0
325773.3685555479 150180.8142539577 151880.09310510944 346243.8575513522 64255.72407209497 9363.028703147778 0.0 27633.071515811447 20804.746168875332 55599.37376747881 92829.45809087022 32624.051951276146 235161.2447471751 310222.1215346532 108220.70844080634 0.0 66086.63154456065 0.0 0.0 0.0 13757.750238739332 0.0 0.0 0.0 25577.334247025487 0.0 0.0 0.0 0.0 0.0 0.0 0.0 0.0 0.0 0.0 0.0 0.0 49908.20786882233 0.0 0.0 3906.3852754498434 198619.5110953463 473005.7062744011 199639.6572479467 354370.86435298517 960134.7631594078 180802.1258567173 601015.2154959692 6067.341949906665 0.0 0.0 9693698.138512049 21315170.79045332 43887.22819557581 20760.773396933284 1671374.2780234278 742837.000781448 1861361.7746108752 2170373.499027627 821620.6594732436 227759.37696749408 57804.42563483743 0.0
