critload/trunk/output/2010/nox_em.asc
ncols 720
nrows 360
xllcorner -180
yllcorner -90
cellsize 0.5
NODATA_value -1.0
[rows 210 to 239 of 360, columns 402 to 468 of 720]
1093847.3744275002 1093847.3744275002 1030450.1692305832 970975.7221091208 802135.6280567507 864214.3243241921 1066606.6588707783 1106462.654956739 1112585.7570850002 1112585.7570850002 1080740.2478318056 967313.1896215734 862517.5170312969 691792.99630092 783493.6399798209 787507.7092824988 964070.6741387971 1023578.8355375 939259.0193527413 1004477.942543013 955634.0332042531 943949.3119167082 868864.4611863028 860582.8344382242 767562.87526327 782941.5164006066 727710.2016858946 0.0 56307.24932038644 67818.61416866723 637529.5234659216 625939.2738863265 554311.5057265607 582586.4549624643 557459.8170818903 553888.3812365175 458420.33747429884 490435.6886529129 500885.8831641905 527407.4675265787 -1.0 -1.0 -1.0 -1.0 -1.0 -1.0 -1.0 -1.0 -1.0 -1.0 -1.0 579661.5436376624 294778.8116781518 109253.05613889766 0.0 68844.80475873139 422979.86277079204 476579.40603931603 342243.1299528392 -1.0 -1.0 -1.0 -1.0 -1.0 -1.0 -1.0 -1.0
1091201.7220006 1085135.8992329668 984749.0611702687 1040970.3504707761 1002581.0073351761 1095740.7571407394 1114568.0255752 1114568.0255752 1075124.9697219834 1109894.7827524 910070.6671241482 842622.0745821673 1033559.6115454626 729914.6591471455 706870.9182381923 859174.8537089354 1010428.288492999 1021103.1392989999 881306.5403021302 955573.2391013794 920553.3893857636 914204.1304610828 840436.7116928957 870121.2998252815 785634.1550366742 776134.3010835892 745949.591173616 0.0 0.0 0.0 624938.8257020392 649935.9434365119 0.0 587630.4630602783 565628.073226496 505426.9960286061 448714.1973723711 458882.9617951162 509824.17431750684 -1.0 -1.0 -1.0 -1.0 -1.0 -1.0 -1.0 -1.0 -1.0 718473.8594961897 660020.4113766829 557144.3298608728 0.0 0.0 109017.2187033355 94815.96244110994 36979.060704370495 404494.56681836944 504546.4715987015 382239.4010881288 -1.0 -1.0 -1.0 -1.0 -1.0 -1.0 -1.0 -1.0
1053513.8381493 1053513.8381493 1058175.4057791 1058175.4057791 1011904.1067150004 1065167.7572238 1027496.5433415164 1007102.3875443392 1038778.8573350755 1072160.1086685 962941.9664049683 730569.5103139158 521357.4489669224 675399.591614441 802618.0565638011 642958.7330031673 948404.2636301576 835380.3828682379 719198.0686714761 624699.7762171887 434510.8031698611 892943.916194775 835528.905009983 797600.7415959374 751780.9187473942 711038.3613387998 745894.1518677324 0.0 0.0 656355.164795144 522928.5859261685 495911.3936427715 0.0 561409.9955970068 544553.6749845815 546431.2965719238 480038.989467483 487454.9252065664 535498.0961823029 -1.0 -1.0 -1.0 -1.0 -1.0 -1.0 -1.0 780262.4565194573 664883.9362142796 445954.72892743157 398714.58721830277 317775.47612534964 247922.52226048277 189629.35988519527 406579.322323194 313886.52161942434 255847.86280469585 460904.672764849 476101.74624027155 -1.0 -1.0 -1.0 -1.0 -1.0 -1.0 -1.0 -1.0 -1.0
1050793.7857461001 1050793.7857461001 1055443.3177407002 1055443.3177407002 1051796.787749087 1014226.8305460248 1057050.0090520286 1001158.108877348 901197.2307622244 1058787.7085478127 702517.1444723298 593328.1399238307 798421.8275783218 879588.0498307012 908190.0661305458 1015922.3254554999 652019.9055352052 577961.7538099283 566029.2895338344 639124.4052543241 632835.0451376191 570451.4369221776 461389.00967184256 662295.7721711763 790645.2411276425 770024.672842978 737982.2708653035 737486.5605812424 673031.2823274692 702508.2778480531 668616.0209490383 632054.4512141391 576633.6434489031 607445.5807985098 560388.4647500776 547851.2156534281 0.0 559435.1146574282 -1.0 -1.0 -1.0 -1.0 -1.0 -1.0 -1.0 -1.0 698384.5359042984 365671.4407091756 506167.18593557365 348218.80069913 498446.26969345124 462370.6466472753 376800.8629282195 415004.6723819314 293449.3969695217 544494.6901866216 474942.1052437544 475848.87581917713 -1.0 -1.0 -1.0 -1.0 -1.0 -1.0 -1.0 -1.0 -1.0
1013217.2078504999 1013217.2078504999 1013217.2078504999 852398.6111160474 1015535.7836448001 1015535.7836448001 922498.6670390577 841952.4333364544 630717.6355567205 669774.081522584 758800.8019299845 823011.7835384663 837140.3277020289 844867.5473991229 735511.364977062 589411.1539829123 684181.81585882 664841.353407037 779220.1854188496 796929.95161758 819340.2982804201 661857.1792870142 506393.3555430809 446478.318669374 781027.6198662054 798025.9010447359 719817.0863435618 706904.3188664267 644892.937572445 609835.4595787158 623784.0644917764 622595.8539528971 551544.2632119278 549452.5720933336 513435.1947711539 544917.2363466783 -1.0 -1.0 -1.0 -1.0 -1.0 -1.0 -1.0 -1.0 -1.0 -1.0 525900.1740373492 401493.9858745327 562885.5074845343 426967.2201901769 500350.3412398181 448663.2822925988 439345.5282525493 407770.4971542527 270860.3002365635 533229.8816179062 39932.40441963606 495447.2009881432 -1.0 -1.0 -1.0 -1.0 -1.0 -1.0 -1.0 -1.0 -1.0
862937.823973471 827526.6480905818 842066.0663420577 875908.9657139084 894911.5452644702 1012745.5390272001 751639.8141829623 766033.3662967354 718623.7721491507 752121.2273327527 904706.9706464771 859871.6405053289 611105.136244829 662505.3895712064 669991.0292990506 528504.6759526187 690510.872457909 730020.6822911514 744137.1438955056 705904.1567773984 640607.9421863991 636703.8976785563 370029.6759854789 639682.2088014956 812997.4960651848 781369.0273590684 725667.9913967287 728998.0069922989 648274.0226940198 662641.0556378774 603322.1455432377 584819.9125631698 541563.659984031 579432.0001763521 -1.0 -1.0 -1.0 -1.0 -1.0 -1.0 -1.0 -1.0 -1.0 -1.0 -1.0 -1.0 483124.8264181077 523507.88894009934 546641.4929514952 533520.1827317054 494025.95616228605 483110.9587476925 393030.40204370004 420820.11670802126 0.0 506157.7560987995 370584.5174475682 -1.0 -1.0 -1.0 -1.0 -1.0 -1.0 -1.0 -1.0 -1.0 -1.0
880842.8781028433 893953.9656239164 897561.0312716201 896294.456656594 876905.8277272577 872292.1327932884 888321.951171944 794085.7255248728 662260.6471254816 694191.9208323836 678153.487019791 669547.2141771005 755816.3583408771 685464.7038312242 625356.2184855456 672017.4034417194 751164.6748236248 851479.7583064042 722382.7725398967 645522.1053712154 525915.3598761285 598542.0340114501 772324.0960401796 778576.0424894334 806163.7600774072 768270.151631297 686581.1003961673 686719.876904547 644973.0417418048 602040.7595673125 488818.5497695409 526508.785935084 -1.0 -1.0 -1.0 -1.0 -1.0 -1.0 -1.0 -1.0 -1.0 -1.0 -1.0 -1.0 -1.0 -1.0 488236.69347908074 548715.9735864832 389224.92652500514 435779.8542774706 316865.3867726372 486406.1129466252 372014.7147796565 387432.0175384037 248326.32812242163 500364.509996008 101444.15870289545 -1.0 -1.0 -1.0 -1.0 -1.0 -1.0 -1.0 -1.0 -1.0 -1.0
888895.9799828109 883661.2905114781 914843.4611414615 904422.1389121793 896909.8381164798 902107.7803429959 951757.3694112 897877.8905497736 784395.2899726552 834376.2065340696 960953.0961888001 838046.823034067 866446.8304593698 708691.9504712755 672444.8200777426 646193.4940240127 706109.0530191094 932503.4115606993 822706.6358122062 712980.1784976176 434369.31899639126 439095.291433919 627450.088551774 751578.5457476932 762039.1186902446 770613.6115281804 681875.7560893857 713553.0492026171 660942.8625011537 645185.3974545083 545600.2534836824 -1.0 -1.0 -1.0 -1.0 -1.0 -1.0 -1.0 -1.0 -1.0 -1.0 -1.0 -1.0 -1.0 -1.0 -1.0 667137.3116167178 473988.1785517497 363812.3810949271 438235.1387292937 460395.8591262911 423995.3863745384 283295.8145390426 148406.521155042 446782.0897771145 488410.1474966835 302425.27192266914 -1.0 -1.0 -1.0 -1.0 -1.0 -1.0 -1.0 -1.0 -1.0 -1.0
816212.0072639743 821468.7854425556 838742.629208361 880079.509842108 864562.3675451372 859365.4340428937 869721.7059586622 869683.0242642942 884875.6300681292 889898.5476504121 845015.08161052 865277.1107532204 880033.786803025 833120.9230602754 718377.4133653078 759441.5482644977 783131.9690321297 761684.836578499 718142.8493171409 629762.1512997177 532411.1283610428 301512.9832965712 522559.8827080343 516540.573829568 742926.9371797879 755791.2688225459 635634.5250825161 685535.6040561162 596696.4160098482 616648.9402962672 -1.0 -1.0 -1.0 -1.0 -1.0 -1.0 -1.0 -1.0 -1.0 -1.0 -1.0 -1.0 -1.0 -1.0 -1.0 -1.0 732537.2612163323 453716.83602939686 523004.9160780549 401435.58845546073 439348.2776530598 237967.96362600347 360670.86149360565 340032.9773673729 492727.4071011111 451277.99771293043 419567.88456880685 -1.0 -1.0 -1.0 -1.0 -1.0 -1.0 -1.0 -1.0 -1.0 -1.0
813773.9138173951 803447.6091502011 810344.6323652358 841250.3281570914 838482.8374396245 836085.6253399139 861883.4658125419 846366.0679447093 862996.586261733 855623.892904707 850639.6940041612 665098.3925204782 756451.7213807437 783013.6397082208 724830.9203922396 755961.7046953232 782948.422683023 694642.023696851 707676.905021397 471420.37467572885 434593.8276487887 571059.041347068 373081.7036931238 717906.0905818787 785458.9942851424 782242.2434498965 682381.4136555217 669731.4892171117 609437.6017658261 -1.0 -1.0 -1.0 -1.0 -1.0 -1.0 -1.0 -1.0 -1.0 -1.0 -1.0 -1.0 -1.0 -1.0 -1.0 -1.0 -1.0 774149.2624948041 450720.9536865202 314993.90459260903 499058.40074785973 408632.5621049373 451968.00651605934 328381.9747102712 165928.83523812355 468569.95200719335 491171.68446535897 -1.0 -1.0 -1.0 -1.0 -1.0 -1.0 -1.0 -1.0 -1.0 -1.0 -1.0
736454.5697275007 736482.2927863392 746754.3919744479 751719.3936408889 771415.8301831251 766157.8352160117 782690.1059619039 844351.0669998709 812842.7956196247 833366.6826419353 851080.8967966065 895541.4932856567 670542.5865699255 700634.8516773457 734071.7822504439 700260.7603323186 535295.4528160729 544708.0808056551 679040.051274749 683321.5228857188 493867.1725713818 393149.9020156963 282509.71926246746 731909.0621637246 763662.9940613434 741260.111551854 652907.6709958708 659246.8224833754 -1.0 -1.0 -1.0 -1.0 -1.0 -1.0 -1.0 -1.0 -1.0 -1.0 -1.0 -1.0 -1.0 -1.0 -1.0 -1.0 -1.0 -1.0 499490.5496584107 272922.6942858747 429370.86883185245 395662.90824997996 393896.1990265955 402587.3673361485 318089.3064089394 489134.69325319456 448754.84145088244 337749.6489796152 -1.0 -1.0 -1.0 -1.0 -1.0 -1.0 -1.0 -1.0 -1.0 -1.0 -1.0
744290.9996705663 723820.9910611233 764737.0860651667 754551.0827961552 753340.4380023353 748236.4180421699 769823.6573785128 805784.8194098976 866519.0415950698 861343.7722943709 861714.8945716934 841564.3617764052 771521.5607808555 366820.16086230276 633866.6755284701 726915.7740267757 472423.4604743052 587170.602154946 549123.4478275777 554145.1730598757 481441.8292333281 653673.2244091355 390416.816552024 796478.2497649712 742044.5016839522 726324.4182220453 607517.1588516398 631315.0577376187 573016.258989004 -1.0 -1.0 -1.0 -1.0 -1.0 -1.0 -1.0 -1.0 -1.0 -1.0 -1.0 -1.0 -1.0 -1.0 -1.0 -1.0 628653.6321685847 546370.8713391883 298752.8564210781 360834.28074309696 402273.764889062 376155.75694233517 374354.76015732635 96883.29119041003 569479.9141129607 439254.18450316484 528114.9847576082 -1.0 -1.0 -1.0 -1.0 -1.0 -1.0 -1.0 -1.0 -1.0 -1.0 -1.0
666044.0048790738 655772.9275471076 694881.7736710182 705053.1045136737 719137.8632296033 719147.964762793 763955.9723553592 774172.3841716229 806477.8727985643 816562.4033506216 885376.4572932597 715893.9444036514 832260.0419217133 394056.00038191 600402.5720709577 737112.9840764094 661899.6742927947 711256.8687694167 665612.403210894 438205.63484218076 508473.66073378874 471395.21134063235 708089.3862668865 812067.5026551766 726570.5149666017 729970.9878570988 618292.2685125711 615299.5401057561 538500.1882267224 -1.0 -1.0 -1.0 -1.0 -1.0 -1.0 -1.0 -1.0 -1.0 -1.0 -1.0 -1.0 -1.0 -1.0 -1.0 -1.0 114826.36397706001 147781.0466973625 316309.8114866139 333254.99540845 319309.6564112002 294133.1799748473 330012.4397562403 35585.73134741234 506336.496396159 115291.73684210487 -1.0 -1.0 -1.0 -1.0 -1.0 -1.0 -1.0 -1.0 -1.0 -1.0 -1.0 -1.0
658614.8159547885 674327.8420398424 712849.7595304061 707785.6681803555 721716.9154923914 726847.1894011955 751101.7713260324 751025.1417616714 783138.5697737021 709786.2556648517 845728.9293715734 855742.8134554503 907913.0317278712 653194.072677681 932025.8307843235 931775.7671167552 676901.4203198168 679119.3834767585 651892.0508302297 616333.2164443196 591683.3657945774 689781.5104792713 859132.5563112 845501.2357807994 743895.4373513801 741737.7565705449 604449.1601885041 618246.4742668172 510933.69268569857 -1.0 -1.0 -1.0 -1.0 -1.0 -1.0 -1.0 -1.0 -1.0 -1.0 -1.0 -1.0 -1.0 -1.0 -1.0 506955.32954246394 0.0 244918.82883774402 339315.37268354703 362848.4530599144 314886.29035951704 283560.7185643049 288163.055221941 44763.40780961665 117591.7204919727 230153.76649475 -1.0 -1.0 -1.0 -1.0 -1.0 -1.0 -1.0 -1.0 -1.0 -1.0 -1.0 -1.0
618785.9621331675 608661.4441690372 651351.589139446 651307.7063568155 688373.1498497085 683343.7192661365 727649.5570735396 727674.6225778891 795086.9100786945 789964.4826311757 870896.6595956238 711068.538043964 776247.5981086357 631976.6648993114 971771.605945305 940594.2796592957 366037.4101420125 326923.3167515579 338165.45895256207 335032.94917199446 515864.9940793748 905398.1423267871 809285.3159009086 836436.7424895889 761734.2422945 709957.2582080491 586333.2096279718 592948.528348531 476059.5618036487 519492.0292534702 -1.0 -1.0 -1.0 -1.0 -1.0 -1.0 -1.0 -1.0 -1.0 -1.0 -1.0 -1.0 -1.0 -1.0 266216.2916183061 0.0 147306.37702877005 258469.04367123364 305593.5299517671 260210.42816614057 274509.500795236 337275.68896322127 433146.19361205056 0.0 445807.61582536646 -1.0 -1.0 -1.0 -1.0 -1.0 -1.0 -1.0 -1.0 -1.0 -1.0 -1.0 -1.0
596287.7175155049 591236.2414301229 633763.509882992 643868.7103035714 695968.7335622872 685857.7970336399 735113.142799128 730072.9708223417 787115.3697529901 787128.5756646342 867739.7935975445 785321.7044323874 823695.7032509814 936080.5835614819 408548.2429754636 100400.32523146021 51098.30265956378 67359.57548237214 0.0 0.0 347570.62714007037 923840.1317380053 813409.6963957037 864213.014816 755030.9892324985 707680.9481751221 582406.6129816659 595404.4316961542 496395.4323009119 516359.1975733919 -1.0 -1.0 -1.0 -1.0 -1.0 -1.0 -1.0 -1.0 -1.0 -1.0 -1.0 -1.0 -1.0 -1.0 412338.30093939963 0.0 153252.53301851824 257673.1209145678 274638.74343653914 268539.25043198286 286825.9591696453 283587.13264971005 142153.86548377236 124622.32908977475 -1.0 -1.0 -1.0 -1.0 -1.0 -1.0 -1.0 -1.0 -1.0 -1.0 -1.0 -1.0 -1.0
573506.610745206 558426.9436219872 617057.9789082063 632172.3579606044 699002.7754808642 673871.1493292061 740195.8321243847 740208.2520743642 737093.5417352852 743895.4804485955 922552.8694691157 926916.7046120088 901798.953911752 445463.5919356259 131593.77850691878 124382.4639228957 0.0 0.0 0.0 0.0 221345.76391855002 942002.2297138906 874518.3452062991 867782.0836425008 728634.4582400233 725209.2126707144 577541.5422148891 593751.9574497584 471007.93416198925 513042.38647480006 -1.0 -1.0 -1.0 -1.0 -1.0 -1.0 -1.0 -1.0 -1.0 -1.0 -1.0 -1.0 -1.0 -1.0 -1.0 78848.53208223038 0.0 184800.35141045798 238992.63193307485 183998.1915460471 249505.40693705576 154993.28395014303 354123.0485585641 203135.18430569745 -1.0 -1.0 -1.0 -1.0 -1.0 -1.0 -1.0 -1.0 -1.0 -1.0 -1.0 -1.0 -1.0
556347.8371073046 556322.2190420374 619706.0459206738 619664.2257387352 676290.5565851603 671301.6577712427 742369.4809022412 737390.1754018163 666958.123606992 749438.0584949553 933813.2803752387 813310.6058324191 195064.17495317885 146889.42920613693 135347.03610278398 93488.05115347932 0.0 55416.256157182914 0.0 0.0 206349.26610861585 719348.9585009066 890042.2648298073 859955.5423021727 723857.5876898281 723110.4053770697 576359.7204595665 557531.9344145157 0.0 511099.6038792 -1.0 -1.0 -1.0 -1.0 -1.0 -1.0 -1.0 -1.0 -1.0 -1.0 -1.0 -1.0 -1.0 -1.0 -1.0 13133.033132144483 170538.8180293761 183212.72614164755 205555.74203208066 202066.04483815236 244255.61393788143 128657.2772495537 376811.065437485 415662.02695010963 -1.0 -1.0 -1.0 -1.0 -1.0 -1.0 -1.0 -1.0 -1.0 -1.0 -1.0 -1.0 -1.0
526988.266369257 527594.5927299615 603476.6911551836 608393.1332815627 691894.2518100451 691923.823072393 784912.6879789466 779516.4203117974 637944.0219466989 718355.4460637342 1006916.2500642501 683692.3107938394 171829.0897173202 166083.1866191043 122823.3815549945 0.0 0.0 56698.96082406811 123134.89125785779 229700.94809214055 231207.44281069553 303055.57771126134 918320.4679053769 901701.8178302938 754144.0950410079 744685.7435030974 587413.5620723141 577030.3535263775 450818.71450439305 -1.0 -1.0 -1.0 -1.0 -1.0 -1.0 -1.0 -1.0 -1.0 -1.0 -1.0 -1.0 -1.0 -1.0 -1.0 -1.0 221520.72969578908 143196.65465350257 7704.829368084844 108203.7937219821 157792.20266107505 186592.02235645195 192996.2743136749 320432.00482970313 -1.0 -1.0 -1.0 -1.0 -1.0 -1.0 -1.0 -1.0 -1.0 -1.0 -1.0 -1.0 -1.0 -1.0
569672.516140969 524879.887929295 591026.4265222122 591059.771667812 699227.6791776511 684259.0148981164 771931.0242071094 771011.1443726609 869321.1303254778 631713.7684171615 344433.57272935973 51619.36875765229 99205.92338558211 58515.8984842957 92604.6255853597 0.0 0.0 0.0 96773.4653708103 281743.2183534767 0.0 300626.90097377787 947702.312186169 901922.6084455994 713837.3892782178 712673.2064440474 548772.1160914121 0.0 505892.02391522063 -1.0 -1.0 -1.0 -1.0 -1.0 -1.0 -1.0 -1.0 -1.0 -1.0 -1.0 -1.0 -1.0 -1.0 -1.0 -1.0 377541.7601991238 0.0 95405.36942392064 73096.5411844785 80043.35614880704 0.0 360475.43314857665 396501.75523079204 -1.0 -1.0 -1.0 -1.0 -1.0 -1.0 -1.0 -1.0 -1.0 -1.0 -1.0 -1.0 -1.0 -1.0
599456.9376864 589554.2465821247 584253.4054243425 571738.1773837372 455901.5548075867 626133.9430872691 783344.3363667458 553716.5325435197 830425.5513155875 394417.8278331512 0.0 2386.879601550929 0.0 0.0 0.0 99532.64208980638 0.0 20659.447850812343 394599.252009017 444192.2683232 51295.85156674805 0.0 998285.112011487 965740.5895575581 791751.3086467483 812002.3974834355 -1.0 -1.0 -1.0 -1.0 -1.0 -1.0 -1.0 -1.0 -1.0 -1.0 -1.0 -1.0 -1.0 -1.0 -1.0 -1.0 -1.0 -1.0 -1.0 -1.0 292464.7664525391 134776.26123892207 1272.561361043714 75510.96160874842 233261.47239405333 271281.17247937736 -1.0 -1.0 -1.0 -1.0 -1.0 -1.0 -1.0 -1.0 -1.0 -1.0 -1.0 -1.0 -1.0 -1.0 -1.0
592036.3842102564 503150.4242126987 581781.2386050716 358680.8086698267 0.0 39102.47610514995 322664.1937331801 526471.9236504794 371770.3927737151 0.0 64264.621950189525 0.0 0.0 0.0 50378.34276255866 0.0 49171.97816985857 0.0 396137.5125312947 260856.46452180203 474916.9623561309 167947.60186440533 976469.3792330108 981602.7883060344 -1.0 -1.0 -1.0 -1.0 -1.0 -1.0 -1.0 -1.0 -1.0 -1.0 -1.0 -1.0 -1.0 -1.0 -1.0 -1.0 -1.0 -1.0 -1.0 -1.0 -1.0 -1.0 -1.0 -1.0 363211.3214151206 402941.81367091025 -1.0 -1.0 -1.0 -1.0 -1.0 -1.0 -1.0 -1.0 -1.0 -1.0 -1.0 -1.0 -1.0 -1.0 -1.0 -1.0 -1.0
485765.6828788043 485740.9599235484 456228.04834689957 4706.778967786813 0.0 15254.162601951713 71552.84050069671 53909.14376488596 94275.05356936288 0.0 0.0 0.0 0.0 0.0 0.0 0.0 0.0 0.0 0.0 367649.4253777364 470793.04333805526 398607.8149402689 1032986.8478351911 1067700.7803515862 -1.0 -1.0 -1.0 -1.0 -1.0 -1.0 -1.0 -1.0 -1.0 -1.0 -1.0 -1.0 -1.0 -1.0 -1.0 -1.0 -1.0 -1.0 -1.0 -1.0 -1.0 -1.0 -1.0 -1.0 -1.0 -1.0 -1.0 -1.0 -1.0 -1.0 -1.0 -1.0 -1.0 -1.0 -1.0 -1.0 -1.0 -1.0 -1.0 -1.0 -1.0 -1.0 -1.0
336418.9098672596 262218.7943309744 0.0 0.0 0.0 6579.063155776006 42143.45272929233 35601.27429910819 107270.20321087507 72988.75975542335 0.0 0.0 0.0 0.0 0.0 0.0 0.0 0.0 0.0 514541.7511830083 354688.30818268866 406256.61848167796 848353.4282411155 953287.2960260945 -1.0 -1.0 -1.0 -1.0 -1.0 -1.0 -1.0 -1.0 -1.0 -1.0 -1.0 -1.0 -1.0 -1.0 -1.0 -1.0 -1.0 -1.0 -1.0 -1.0 -1.0 -1.0 -1.0 -1.0 -1.0 -1.0 -1.0 -1.0 -1.0 -1.0 -1.0 -1.0 -1.0 -1.0 -1.0 -1.0 -1.0 -1.0 -1.0 -1.0 -1.0 -1.0 -1.0
0.0 0.0 0.0 0.0 0.0 0.0 18447.65332689631 26821.06682335888 116718.13110696676 102076.02363775906 136955.07247326843 0.0 0.0 0.0 0.0 0.0 0.0 0.0 147803.67404573364 254227.42014347835 391710.8632250507 413652.2417121079 122232.62505082699 237261.46299450676 -1.0 -1.0 -1.0 -1.0 -1.0 -1.0 -1.0 -1.0 -1.0 -1.0 -1.0 -1.0 -1.0 -1.0 -1.0 -1.0 -1.0 -1.0 -1.0 -1.0 -1.0 -1.0 -1.0 -1.0 -1.0 -1.0 -1.0 -1.0 -1.0 -1.0 -1.0 -1.0 -1.0 -1.0 -1.0 -1.0 -1.0 -1.0 -1.0 -1.0 -1.0 -1.0 -1.0
0.0 0.0 0.0 0.0 0.0 0.0 20518.3986425756 0.0 102762.39831991695 124113.90271241262 142431.52841187315 0.0 0.0 0.0 0.0 0.0 0.0 256478.98437359073 0.0 224446.9196396009 346784.0052641649 181466.34311903405 97454.5351083955 321013.9014485787 -1.0 -1.0 -1.0 -1.0 -1.0 -1.0 -1.0 -1.0 -1.0 -1.0 -1.0 -1.0 -1.0 -1.0 -1.0 -1.0 -1.0 -1.0 -1.0 -1.0 -1.0 -1.0 -1.0 -1.0 -1.0 -1.0 -1.0 -1.0 -1.0 -1.0 -1.0 -1.0 -1.0 -1.0 -1.0 -1.0 -1.0 -1.0 -1.0 -1.0 -1.0 -1.0 -1.0
0.0 0.0 0.0 0.0 0.0 0.0 0.0 0.0 63681.22318800184 76133.53835188929 118966.45231064194 0.0 0.0 0.0 0.0 0.0 0.0 297804.97109137475 0.0 59732.051636776596 341387.1477043364 88927.52833390882 0.0 345341.159715694 -1.0 -1.0 -1.0 -1.0 -1.0 -1.0 -1.0 -1.0 -1.0 -1.0 -1.0 -1.0 -1.0 -1.0 -1.0 -1.0 -1.0 -1.0 -1.0 -1.0 -1.0 -1.0 -1.0 -1.0 -1.0 -1.0 -1.0 -1.0 -1.0 -1.0 -1.0 -1.0 -1.0 -1.0 -1.0 -1.0 -1.0 -1.0 -1.0 -1.0 -1.0 -1.0 -1.0
0.0 0.0 0.0 0.0 0.0 0.0 9763.370015029854 0.0 68569.23725917499 76515.5174117575 132586.24598357838 0.0 0.0 0.0 687073.0614620926 593838.5473469534 117742.70064337476 0.0 34333.08755699539 212503.80645236387 51204.33031422127 0.0 243761.15188820753 -1.0 -1.0 -1.0 -1.0 -1.0 -1.0 -1.0 -1.0 -1.0 -1.0 -1.0 -1.0 -1.0 -1.0 -1.0 -1.0 -1.0 -1.0 -1.0 -1.0 -1.0 -1.0 -1.0 -1.0 -1.0 -1.0 -1.0 -1.0 -1.0 -1.0 -1.0 -1.0 -1.0 -1.0 -1.0 -1.0 -1.0 -1.0 -1.0 -1.0 -1.0 -1.0 -1.0 -1.0
0.0 0.0 0.0 0.0 0.0 0.0 231.7239081718144 0.0 50310.08919338067 65190.18787822343 102539.9820123277 0.0 0.0 212767.96651625843 914653.2484697851 826290.8431912123 679299.532677132 48798.74616055732 251635.45583987806 218439.08422532197 0.0 295438.46510978474 -1.0 -1.0 -1.0 -1.0 -1.0 -1.0 -1.0 -1.0 -1.0 -1.0 -1.0 -1.0 -1.0 -1.0 -1.0 -1.0 -1.0 -1.0 -1.0 -1.0 -1.0 -1.0 -1.0 -1.0 -1.0 -1.0 -1.0 -1.0 -1.0 -1.0 -1.0 -1.0 -1.0 -1.0 -1.0 -1.0 -1.0 -1.0 -1.0 -1.0 -1.0 -1.0 -1.0 -1.0 -1.0
0.0 0.0 0.0 0.0 0.0 0.0 0.0 0.0 54450.305280866305 30084.04818322038 83146.9906314612 0.0 481009.7056145412 758734.6619307299 827665.739206599 832917.2562175795 602568.0531993748 221058.10253236693 265770.24933677015 183586.37268692278 283299.04812632303 -1.0 -1.0 -1.0 -1.0 -1.0 -1.0 -1.0 -1.0 -1.0 -1.0 -1.0 -1.0 -1.0 -1.0 -1.0 -1.0 -1.0 -1.0 -1.0 -1.0 -1.0 -1.0 -1.0 -1.0 -1.0 -1.0 -1.0 -1.0 -1.0 -1.0 -1.0 -1.0 -1.0 -1.0 -1.0 -1.0 -1.0 -1.0 -1.0 -1.0 -1.0 -1.0 -1.0 -1.0 -1.0 -1.0
