critload/trunk/output/2010/nue_corr_ara.asc
ncols 720
nrows 360
xllcorner -180.0
yllcorner -90.0
cellsize 0.5
NODATA_value -9999.0
[rows 140 to 167 of 360, columns 384 to 447 of 720]
-9999.0 -9999.0 -9999.0 -9999.0 -9999.0 -9999.0 -9999.0 -9999.0 -9999.0 -9999.0 -9999.0 -9999.0 -9999.0 -9999.0 -9999.0 -9999.0 -9999.0 -9999.0 -9999.0 -9999.0 -9999.0 -9999.0 -9999.0 -9999.0 -9999.0 -9999.0 -9999.0 -9999.0 -9999.0 -9999.0 -9999.0 -9999.0 -9999.0 -9999.0 -9999.0 -9999.0 0.4730650198120008 0.4730672301713764 -9999.0 -9999.0 -9999.0 -9999.0 0.47032511979611885 -9999.0 -9999.0 -9999.0 -9999.0 -0.0 0.0 -0.0 -0.0 -9999.0 -9999.0 -9999.0 -9999.0 -9999.0 -9999.0 0.22866094059369774 0.0 0.22882261938042553 0.229193031641008 -0.0 -0.0 -0.0
-9999.0 -9999.0 -9999.0 -9999.0 -9999.0 -9999.0 -9999.0 -9999.0 -9999.0 -9999.0 -9999.0 -9999.0 -9999.0 -9999.0 -9999.0 -9999.0 -9999.0 -9999.0 -9999.0 -9999.0 -9999.0 -0.0 0.0 -9999.0 -9999.0 -9999.0 -9999.0 -9999.0 -9999.0 -9999.0 -9999.0 -9999.0 -9999.0 -9999.0 -9999.0 -9999.0 0.4730668900607217 0.4619031694142249 -9999.0 -9999.0 -9999.0 -9999.0 0.47032851041369855 0.4703228314687351 -9999.0 -9999.0 -0.0 -0.0 0.0 -9999.0 -0.0 -9999.0 -9999.0 -9999.0 -9999.0 -9999.0 -9999.0 -9999.0 0.22882384510914472 0.22882365255602716 -0.0 0.22919353804209242 0.22952764894177874 -0.0
-9999.0 -9999.0 -9999.0 -9999.0 -9999.0 -9999.0 -9999.0 -9999.0 -9999.0 -9999.0 -9999.0 -9999.0 -9999.0 -9999.0 -9999.0 -9999.0 -9999.0 -9999.0 -9999.0 -9999.0 -0.0 -0.0 0.0 -9999.0 0.0 0.0 -0.0 0.0 -9999.0 -9999.0 -9999.0 -9999.0 -9999.0 -9999.0 -9999.0 -9999.0 -9999.0 0.46175460810487273 -9999.0 0.47123643812257954 0.4700216173297586 -9999.0 -9999.0 0.4587830107380125 -9999.0 -9999.0 -9999.0 -0.0 0.0 -0.0 -0.0 0.5507021995541294 -9999.0 -9999.0 -9999.0 -9999.0 -9999.0 -9999.0 0.24191916140789635 0.22991699588450396 0.0 0.0 0.0 -0.0
-9999.0 -9999.0 -9999.0 -9999.0 -9999.0 -9999.0 -9999.0 -9999.0 -9999.0 -9999.0 -9999.0 -9999.0 -9999.0 -9999.0 -9999.0 -9999.0 -9999.0 -9999.0 -9999.0 -9999.0 -9999.0 0.0 0.0 -9999.0 -9999.0 -9999.0 -9999.0 -9999.0 -9999.0 -9999.0 -9999.0 -9999.0 -9999.0 -9999.0 -9999.0 -9999.0 -9999.0 0.46175404388813396 0.4601150289493636 0.47123669290192205 -9999.0 -9999.0 -9999.0 0.45877881918033336 -9999.0 -9999.0 -0.0 -0.0 0.0 0.0 -0.0 0.5470644294640115 0.0 -9999.0 -9999.0 -9999.0 -9999.0 -9999.0 0.2440465946305481 0.22992456544943485 -0.0 0.2302278956308968 0.0 0.0
-9999.0 -9999.0 -9999.0 -9999.0 -9999.0 -9999.0 -9999.0 -9999.0 -9999.0 -9999.0 -9999.0 -9999.0 -9999.0 -9999.0 -9999.0 -9999.0 -9999.0 -9999.0 -9999.0 -9999.0 -9999.0 -9999.0 -9999.0 -9999.0 -9999.0 -9999.0 -9999.0 -9999.0 -9999.0 -9999.0 -9999.0 -9999.0 -9999.0 -9999.0 -9999.0 -9999.0 -9999.0 -9999.0 0.505287459761814 -9999.0 -9999.0 -0.0 0.0 0.5030747221810651 0.5017602905013059 -0.0 0.0 0.0 -0.0 0.0 0.5432869408994072 0.5432818470029169 0.0 -0.0 -9999.0 -9999.0 -9999.0 -9999.0 -9999.0 0.2444872115417307 0.22947576440834078 0.2297935159908312 0.0 0.0
-9999.0 -9999.0 -9999.0 -9999.0 -9999.0 -9999.0 -9999.0 -9999.0 -9999.0 -9999.0 -9999.0 -9999.0 -9999.0 -9999.0 -9999.0 -9999.0 -9999.0 -0.0 -9999.0 0.0 0.0 -0.0 0.0 -9999.0 -9999.0 -9999.0 -9999.0 -9999.0 -9999.0 -9999.0 -0.0 -9999.0 -9999.0 -9999.0 -9999.0 -9999.0 -9999.0 0.0 -9999.0 -9999.0 -9999.0 -9999.0 -0.0 0.5030760167741984 0.501720336180259 0.5017574441696795 0.0 -0.0 -0.0 0.0 -0.0 0.0 0.0 0.0 -9999.0 -9999.0 -9999.0 -9999.0 -9999.0 -9999.0 0.24465527229658185 0.21872988355152984 0.20799350830010838 0.20779525827762024
-9999.0 -9999.0 -9999.0 -9999.0 -9999.0 -9999.0 -9999.0 -9999.0 -9999.0 -9999.0 -9999.0 -9999.0 -9999.0 -9999.0 -9999.0 -9999.0 -9999.0 -0.0 0.0 0.0 0.0 0.0 -9999.0 -9999.0 -9999.0 -9999.0 -9999.0 -9999.0 -9999.0 -9999.0 -9999.0 -9999.0 -9999.0 -9999.0 -9999.0 -9999.0 -9999.0 0.0 0.0 0.0 -0.0 0.4984255074401659 0.49684292900899135 0.4968447489852906 0.0 0.0 -0.0 -0.0 0.0 0.0 -0.0 -0.0 0.08432597856785322 0.0 0.0 -9999.0 -9999.0 -9999.0 -9999.0 -9999.0 -0.0 0.16929442130792807 0.2043032804653145 0.20658907133757426
-9999.0 -9999.0 -9999.0 -9999.0 -9999.0 -9999.0 -9999.0 -9999.0 -9999.0 -9999.0 -9999.0 -9999.0 -9999.0 -9999.0 -9999.0 -0.0 0.0 -0.0 0.0 -0.0 -0.0 0.0 -9999.0 -9999.0 -9999.0 0.0 -0.0 -9999.0 0.0 -9999.0 -9999.0 -9999.0 -9999.0 0.0 -0.0 -9999.0 0.0 -0.0 0.0 -0.0 -0.0 0.4984239996314195 -0.0 0.0 -0.0 -0.0 0.0 -0.0 0.5162008848489656 -0.0 0.0 0.0 0.08432473615814508 0.07201224306510426 0.08225802848341683 -9999.0 -9999.0 -9999.0 -9999.0 -9999.0 -9999.0 0.20647762660726887 0.20658877967346415 0.20658846475393394
-9999.0 -9999.0 -9999.0 -9999.0 -9999.0 -9999.0 -9999.0 -9999.0 -9999.0 -9999.0 -9999.0 -9999.0 -0.0 -0.0 -0.0 -0.0 0.0 0.0 -0.0 0.0 -0.0 -0.0 0.0 0.0 -0.0 0.0 -9999.0 -0.0 -0.0 -0.0 -0.0 -9999.0 -9999.0 0.0 -0.0 0.0 -0.0 -0.0 0.0 -0.0 0.5196322444247932 0.540869820738943 -0.0 -0.0 0.0 0.0 0.5173265709811121 0.5173263744505037 0.5100786397685948 0.07807037486422429 0.07799606469067366 0.07799352029133194 0.08372949970311307 0.0837274715483508 0.08180343878110118 -9999.0 0.0 -9999.0 -9999.0 -9999.0 -9999.0 0.2055071960646127 0.2051121029118836 0.2051117975727834
0.0 -0.0 -0.0 0.0 -0.0 0.0 -0.0 -0.0 -0.0 -0.0 -0.0 -0.0 0.0 -0.0 -0.0 -0.0 -0.0 0.8 -0.0 -0.0 -0.0 0.0 0.0 0.0 -0.0 0.0 -0.0 0.0 0.0 0.0 0.0 -0.0 -0.0 0.0 0.0 0.0 -0.0 -0.0 -0.0 0.0 0.5185407639535657 0.38298460749427515 0.5367575468963026 -0.0 0.4739664511958154 0.4830915775669015 0.4832698152693847 0.36071588392169646 0.5135806104163024 0.08349269049813648 0.08524472501939277 0.08711201998696662 0.0883381535912936 0.1323400428421235 0.08500456989670178 0.08297640063433083 0.0 -9999.0 -9999.0 -9999.0 -9999.0 0.21702431958310286 0.20511202805458212 0.20283437958773068
-0.0 -0.0 -0.0 -0.0 0.0 0.0 -0.0 -0.0 -0.0 0.0 0.0 0.0 -0.0 -0.0 0.0 0.0 0.8 0.8 0.0 -0.0 0.8 0.437451143092036 0.5374789848818988 0.4861907582129142 0.5530536217640947 -0.0 0.0 -0.0 -0.0 0.0 0.3963488015889851 -0.0 0.0 -0.0 -0.0 -0.0 0.0 0.0 -0.0 0.0 0.5203726233828443 0.35691530410400363 0.38127356080554 0.43996688976791604 0.4250550123049126 0.41635652480856417 0.40565720187505244 -0.0 0.40161520856195243 0.08941302664470599 0.08938744560326647 0.08935453653040998 0.0978466867820271 0.1149028139876738 0.11846501432618879 0.0 0.0828911548247093 0.0 0.0 -9999.0 -9999.0 0.0 0.20463104584023686 0.2048189663710157
-0.0 -0.0 -0.0 0.0 0.0 -0.0 0.6180649758835536 -0.0 0.0 -0.0 -0.0 -0.0 0.0 -0.0 -0.0 0.8 0.8 0.8 0.8 0.8 0.8 0.5182322730243348 0.49816184023015775 0.4337106186708789 0.5390532339318961 0.4103712801672818 0.43573995492829 0.0 0.0 -0.0 0.5521606387128372 0.5530474247161323 -0.0 0.4123771087638116 -0.0 0.5376244048974518 0.0 -0.0 0.0 0.39708884107232134 0.49745372692984835 0.3831464386895224 0.37162197180768275 0.3529581892326955 0.4459797110136987 0.29121634975716343 0.3079640052942945 0.3091450854334211 0.30021822525114655 0.3046591056259127 0.3207361635164962 0.2979123201773782 0.42782693015681184 0.3478822488322966 0.4587860929868202 0.5040131790098203 0.39675172587952395 -0.0 0.0 -0.0 -9999.0 -9999.0 0.2046304071899609 0.20463178386561298
0.20858883166221504 0.20235167802039167 0.19958421808697852 -9999.0 0.6583366334327495 0.6578412174862118 0.662636157195802 0.6650119913736477 0.6671792455042236 -0.0 -0.0 0.8 0.8 0.8 0.0 0.8 0.8 0.8 0.8 0.8 0.3458079548709795 0.48253337328832013 0.4978276881019986 0.5627951094984499 0.35814853295000454 0.46456625625012093 0.4739914756190343 0.5106685965510156 0.44297167582977737 -0.0 0.0 -0.0 0.4356433247813666 0.5547514965486845 -0.0 0.4406110150552117 0.4854224945656869 0.0 -0.0 0.4555568523147468 0.4865772283433487 0.3751909229906329 0.4252920432264046 0.34959013058157706 0.33473313388154075 0.3054513490209651 0.3123875263431553 0.30553687818884495 0.3300208130499672 0.3200860381627015 0.41514854964278786 0.42016595043658594 0.4246384559035526 0.3380550526057892 0.3346833685961947 0.4346540656538101 -0.0 -0.0 -0.0 0.0 0.0 -0.0 0.20498116517832196 0.2051701778878272
0.19883921573102406 0.8 0.8 0.8 -9999.0 -9999.0 0.8 0.8 0.8 0.8 0.8 0.8 0.8 0.8 0.8 0.8 0.8 0.8 0.8 0.8 0.36216128629483263 0.3574325827821881 0.3433383993932981 0.36006487795328646 0.361592330003166 0.4781611055116458 0.4357830616831163 0.4325734115932802 0.561740319868837 -0.0 0.4983167812054828 0.45427696764247244 0.45206226875951905 0.4212992797507437 0.41781235083086565 0.463100267443405 0.43268306256765693 0.47846681157386295 0.40821846681590396 0.4583295732927697 0.4598520384428483 0.4985381785902446 0.3144760283485524 0.3256531108759453 0.2961037167500221 0.32110415878114235 0.319474832367563 0.3301917335035838 0.32454480601319724 0.412102080633604 0.4154883747766453 0.42259256026325415 0.4366260984282149 0.33275500044948075 0.4290309175444617 0.42437172999811823 -0.0 -0.0 0.0 0.0 -9999.0 0.0 0.20516954357542133 -0.0
0.8 0.8 0.8 0.8 0.8 0.8 0.8 0.8 0.8 0.8 0.8 0.8 0.8 0.8 0.8 0.8 0.8 0.8 0.8 0.8 0.346451482678951 0.3459703845910076 0.35767615936150354 0.3516187753808552 0.35288416258376665 -0.0 0.5163143052582782 0.42365558903368516 0.4131781417588266 0.41663279046035184 0.41425239360422955 0.4130354271157464 0.4160746490603398 0.42070553497881963 0.44249309175812124 0.4479164154779511 0.3973532254420409 0.3961465289266983 0.2979565391030689 0.2973643416103721 0.38381864589632764 0.4250227937481116 0.2971360094803731 0.2895779662343413 0.31198991249929725 0.31001619721160056 0.3978265413577402 0.40095272675597654 0.3268823065916963 0.0 0.41365848086156976 0.4220719265267826 0.42550912477473724 0.41123578058806953 0.42549525426032053 0.4153552257911531 -0.0 0.0 0.0 -0.0 0.0 -9999.0 0.0 0.0
0.8 0.8 0.8 0.8 0.8 0.8 0.8 0.8 0.8 0.8 0.27271223138632716 0.32437407770025845 0.8 0.32487911701676686 0.8 0.8 0.8 0.8 0.8 0.8 0.31657093070716513 0.3338155350012573 0.35322375746520934 0.338096822571698 0.35510059145688655 0.45207560861991836 0.47189467996880996 0.45155363565160006 0.4675684645647224 0.4133801427844963 0.41652079492878336 0.44638864780107806 0.4126944193862646 0.4400301219050626 0.4439997126254872 0.31814167336123084 0.32550750558038194 0.32332095559587964 0.3261093787614361 0.3187910561496805 0.3902330623137575 0.4118541848436428 0.3721613464661219 0.4050546995318832 0.31280038322305104 0.3140800217375853 0.0 -0.0 0.4052771120327142 0.4062486298225024 0.33855397916919694 0.34385990994455123 0.42750098644719026 0.4236457479085872 0.4373314433822954 0.41617083580227177 -0.0 -0.0 -0.0 0.0 0.19833643208671647 -0.0 0.18493922035119795 -9999.0
0.8 0.8 0.8 0.8 0.8 0.8 0.8 0.8 0.29126337494390153 0.265695412392498 0.3264547001776586 0.8 0.8 0.8 0.8 0.8 0.8 0.8 0.8 0.8 0.8 0.45529306523038143 0.3446768150111642 0.31926952321795365 0.3412224055523339 0.3418087753479582 0.33062933976283354 0.33381578310413734 0.3272804200852904 0.32745156883967363 0.3227526280695276 0.4407164084925164 0.45780210590320286 0.34390612646945284 0.4488211577644066 0.33597771662468295 0.3309254144161083 0.33566434733171824 0.33629594426944986 0.32335415903184833 0.31521872749345253 0.3058433545782008 0.4004761600981109 0.3114855910952882 0.30783829261043616 0.31082566792964245 0.3236390035086256 0.0 0.4021869788729785 0.4074388672347935 0.33871051361163546 0.3334232740911427 0.42409993116782624 0.4239191370062515 0.43131745085945256 0.41137834418369323 -0.0 -0.0 0.40727320836332703 0.4240749623586632 0.19829140739190876 -0.0 -0.0 -9999.0
0.8 0.8 0.8 0.8 0.5268372141671304 0.8 0.27057924971252756 0.8 0.295046336434268 0.3026314489743836 0.8 0.8 0.8 0.8 0.8 0.8 0.8 0.8 0.8 0.8 0.8 0.8 0.33887514941115454 0.3412489571852029 0.3583832307720725 0.35937198596455033 0.32007194944243145 0.3311253582231189 0.3395487298061268 0.3177001641481301 0.3215867967227957 0.4062559371212204 0.3481840223211472 0.33976345973741173 0.3148864866676931 0.3236065154563374 0.3246162347685448 0.42707107352736073 0.3220235915748277 0.30491813338743395 0.42138113865277305 0.30688927614013645 0.32383322173649104 0.32163265801478846 0.30657779847444305 0.31964717325024145 0.3965630443132777 0.3996158630331783 0.40304015011328176 0.3232805232844775 0.3420499722954471 0.40926651988739143 0.4174408840498771 0.4170545092073322 0.4725293212262555 0.42262271973366056 0.4089629591472335 0.4194012119679174 0.4240753838147766 0.4240737631262651 -0.0 -0.0 0.17393902622159202 0.0
0.8 0.8 0.8 0.508464271376657 0.5122653928516887 0.5027007041159584 0.8 0.8 0.8 0.31011639404807206 0.8 0.8 0.8 0.8 0.8 0.8 0.8 0.8 0.8 0.8 0.4069711705049359 0.40332700966633533 0.34024623710257784 0.32811259475498195 0.32978954413599637 0.33070086709511487 0.3378835512854992 0.3272814927833919 0.32868747810871063 0.30835439909233286 0.3125756313853776 0.3044196110884041 0.3232090579250841 0.32628411751618824 0.4436354308427359 0.4432504171773685 0.321006098699241 0.43227851515817384 0.41156266576109335 0.4304745466571665 0.3088651361503993 0.42554174230843006 0.3110299564753401 0.39311781999182815 0.4039473069946163 0.3959799453757486 0.32476945874921653 0.4062299206087016 0.3341957768432124 0.3308265674206807 0.3366711476586762 0.3692527291446056 0.4451460452739275 0.41695406981342026 0.46120280047907086 0.42392745279217003 0.4171510885357371 0.0 0.0 0.42171142758801183 0.0 -0.0 0.0 -0.0
0.8 0.8 0.8 0.5115780985399812 0.5128487172326679 0.5220453872534562 0.4784367520485338 0.8 0.8 0.8 0.8 0.8 0.7883564930356397 0.7804951823294607 0.8 0.8 0.8 0.8 0.8 0.3918368712748511 0.407253914397769 0.4017240131102986 0.12074550407955707 0.45066258552571914 0.34175979909200244 0.3407185046257249 0.3422753894778552 0.4643931794468928 0.4490823665459006 0.4613071976961114 0.44056875332958134 0.3328536535420819 0.42952215953903927 0.4422487514001239 0.43246782473533335 0.42350677600597586 0.42609880689021934 0.43082434137549475 0.42727223199635833 0.4245475909415897 0.31302698418720104 0.3115981194725649 0.3043573726009741 0.39158946297100217 0.3017380161000497 0.3949333077005279 0.39455720965783364 0.3274430133560029 0.32819242657894976 0.33289831858662394 0.3347861674611934 0.3393041816877636 0.41087514798952224 0.4061216333053164 0.4180689765972117 0.42863324712629103 0.41376896419918446 0.4019748365458144 0.0 -0.0 -0.0 0.41484462629306823 0.19302704675697122 -0.0
0.7985258038640167 0.7990837190102004 0.5025271788661569 0.50253782815485 0.29561404796711577 0.8 0.3007137441236885 0.8 0.8 0.8 0.761502322752037 0.8 0.8 0.30279726766874365 0.8 0.8 0.8 0.8 0.39912105840357065 0.39566362895464413 0.4000039602885313 0.4030402029651892 0.4031061119612329 0.349795427310355 0.45328124242289847 -9999.0 0.0 0.44870434379469454 0.47557525689549507 0.4383639784153379 0.4375144236279975 0.4390953940338842 0.4300162569471851 0.43666058082895 0.4230254836125226 0.42556052757955887 0.43288051559510876 0.4246574247594257 0.449185769226022 0.4110653554382912 0.3974218056406638 0.3088788181679109 0.3861582813691938 0.37065687719202145 0.331817436899033 0.381846860639937 0.3307413628463674 0.3287998466604152 0.3321112887294624 0.3343179125761458 0.3305681965961577 0.32957455960995885 0.3405132223701703 0.409526243400929 0.42316164742729706 0.4226821180152602 -0.0 -9999.0 -0.0 0.30311914993124733 0.3922430143706055 0.411334582140257 0.07694099561499787 0.1757772196471209
0.8 0.8 0.5052684767803974 0.5086368187565841 0.5141885434596796 0.8 0.8 0.2995766976062721 0.8 0.8 0.8 0.8 0.8 0.8 0.8 0.8 0.7859301099607474 0.0 -9999.0 0.4013957935589292 0.40979080992747635 0.3803735515145429 0.404083786483491 0.0 0.4540991435642207 0.0 -0.0 0.4699528233955605 0.44533209398113216 0.44290707091266623 0.43315606219819935 0.43590408130817476 0.43209382191802226 0.4317768132261298 0.42366717727516456 0.4405617917151415 0.3380617028619057 0.3148884374324653 0.3973158900182051 0.4049164851502099 0.39695745636167545 0.39699577044130596 0.3838025248143188 0.3568579646988137 0.32401245869707523 0.30915409964526214 0.3190586655555391 0.33484753155071356 0.3250824324991534 0.32811042018679903 0.33700333434069724 0.33840299880600433 0.3694505791275178 0.4200094411972871 0.4311941603604181 0.40948307035767306 0.40243064348075785 0.4154107445301018 0.32774633683634546 0.34457016021124587 0.43516762193895814 0.4256867288902995 0.39474506987790564 0.08775212701993056
0.7749736374394256 0.8 0.8 0.8 0.8 0.8 0.8 0.8 0.8 0.8 0.8 0.29015265642113675 0.2853120296448754 0.8 0.40758635899557005 0.39730953198924024 0.41078214458690554 0.3593073281529735 0.0 0.2597172384920646 -0.0 -9999.0 -9999.0 0.0 -0.0 -0.0 0.0 0.49185543916137847 0.0 0.4429233000903458 0.43586351707708554 0.4172526673199535 0.4268716000135518 0.32558045175849565 0.3387763959324311 0.4107503061547823 0.40139899911091903 -9999.0 0.3966160677746637 0.41331320751086786 0.38194518882153056 0.36647055682818025 0.37623508170645853 0.3690382971777129 0.37676650085064 0.32268661093064754 0.32822176062991737 0.332508712739576 0.33319823220697187 0.32701299785473403 0.33013172982780126 0.33866939129554713 0.36776901421735053 0.3436815237722973 0.3451171291743659 0.31343589327821114 0.3181321045315548 0.3110376701979436 0.4066639206632394 0.30826615370298877 0.40967645481727866 -9999.0 0.0 0.30144048319761924
0.8 0.8 0.8 0.8 0.8 0.8 0.8 0.8 0.8 0.7850911201384797 0.8 0.2984024257057682 0.3010383348670647 0.30262526146268254 0.4128931170049707 0.0 0.0 0.0 -0.0 -0.0 -9999.0 -9999.0 -9999.0 -9999.0 0.0 0.0 -0.0 0.5604884889099411 -9999.0 0.3204208198830019 0.42699684215847644 0.4286021183998838 0.31203290218017093 0.40536792006756417 0.41045046171090094 0.3530454737822222 0.40350908960860404 0.32562136205966064 0.38927195240278084 0.397283970557553 0.371322732071944 0.3696654085373473 0.3907938575341777 0.31523427314119773 -9999.0 0.3290808504450641 0.3943129762508103 0.39949730716782805 0.39769525657618615 0.32867146009756126 0.39766642140224734 0.3294190050498551 0.366744868931325 0.3216282129257401 0.3272932434766823 0.4201449692522038 0.3161232226636383 0.0 0.0 0.3069945011488399 0.4096763066347552 -9999.0 0.0 -0.0
0.8 0.8 0.8 0.8 0.8 0.8 0.8 0.8 0.3051793797881144 0.32434016254703474 0.4235116160488754 0.38128705168126403 0.0 0.39699072416290937 -0.0 -0.0 -0.0 0.0 -0.0 -9999.0 -9999.0 -9999.0 -9999.0 -9999.0 -9999.0 -9999.0 0.0 0.5261171475717519 0.4576413763002873 0.6633653078224888 0.3917282945404505 0.433086430572406 0.41964072074030073 0.40045309492964787 0.4057125549990934 0.46115890812171345 0.33732757558114895 0.33170340310248275 0.37481331971094495 0.37854392937390985 0.3702075792806817 0.361210027761413 0.0 -0.0 0.3750954223204768 0.37436476388738393 0.3922591174609785 0.3287669368919899 0.40277163146109657 0.4003714473801772 0.3348478483181531 0.3349254529130568 0.3358727559876489 0.32295845619146113 0.4596704078930126 0.33905592602581086 0.3153046605583985 0.0 0.0 0.0 0.0 -0.0 -0.0 0.40991452918093485
0.8 0.8 0.8 0.8 0.8 0.8 0.0 0.39531070285085806 0.3932614483227477 0.38986531473941516 0.3871955258779027 0.38682416843820905 0.3858051284690932 -0.0 0.3834864081203407 -0.0 0.0 -0.0 -0.0 -9999.0 -9999.0 -9999.0 -9999.0 -9999.0 -9999.0 -9999.0 -0.0 -0.0 0.3642329683540218 -0.0 -0.0 0.447888304177028 0.404118268699828 0.3957447979673068 0.4152466115498079 0.42586170427061165 0.3843364880856675 0.33941482739981044 0.39959427167697303 0.39357977977370906 0.39016201750972823 0.3725598190222723 0.36688912529516227 0.39172417842605456 0.3114974436392165 0.0 0.37527811175874815 0.39273589183089014 0.39595338154105175 0.39757138046106516 0.399424369513803 0.3306116163499224 0.3036619439766295 0.3405545762106015 0.4476172183506532 0.4573741627034342 0.43890459448865937 0.40466469599335175 -0.0 0.0 -0.0 -0.0 -0.0 -0.0
0.8 0.8 0.8 0.8 0.8 0.8 0.39695438272500866 0.39943822617046515 0.39281652870636213 0.3899801033299563 0.38622505849072764 0.3869120628907036 0.38282776842464733 -9999.0 0.38412941709415355 0.3853181913084797 -0.0 -0.0 -0.0 0.38963360972315714 -9999.0 -9999.0 -9999.0 -9999.0 -9999.0 -9999.0 -9999.0 -9999.0 -0.0 0.0 0.0 0.478442661327403 0.0 0.0 0.3157045610602926 0.40347651906445686 0.3789514868820985 0.2983540445258504 0.431159715388264 0.3811925660985201 0.3831720175260467 0.3977799936921565 0.0 0.0 0.36749966600896006 -0.0 0.3907433132131458 0.3988110423036728 0.0 0.3997246122370295 0.40062798919718906 0.32538842488355363 0.30054970300321016 0.34921864613981707 0.47052046273697395 0.47062177022435336 -0.0 0.40767379153819494 0.3942095302965929 0.0 -0.0 0.0 -0.0 -0.0
0.0 0.8 0.8 0.8 0.8 0.39310214572239816 0.40009805854092445 0.41107697589444564 0.4253006003249239 0.0 0.3933499790565351 -0.0 -9999.0 -9999.0 0.39031562182640106 0.0 -9999.0 -9999.0 0.3930494885107598 -0.0 0.0 -9999.0 -9999.0 -9999.0 -9999.0 -9999.0 -9999.0 -9999.0 0.0 -0.0 0.0 0.42184174058853297 -0.0 -0.0 0.40080914413125895 0.3936376820171283 0.4173951636453023 0.4024973319528582 0.41462480503644766 0.3787454514210827 0.38621316249928256 0.35639442820835343 0.3586402685605262 -9999.0 -9999.0 -0.0 0.0 0.39133182649972886 0.39467160447514693 0.40292990361296865 0.4078811692493047 0.404977852232091 0.4146391246582758 0.4232277204569013 0.42410632582114355 0.3989379481487089 -0.0 0.4030360233325202 -0.0 0.0 0.4045005972878004 0.3123456775729147 0.3105021113231124 0.0
