critload/trunk/output/2010/nue_corr_ara.asc
ncols 720
nrows 360
xllcorner -180.0
yllcorner -90.0
cellsize 0.5
NODATA_value -9999.0
[rows 84 to 111 of 360, columns 384 to 447 of 720]
0.0 -9999.0 -0.0 -0.0 0.0 -0.0 -0.0 0.0 0.7346598085859775 0.7072192080705024 0.7002699568866484 0.6830725236892621 0.5496203717873099 0.7009214595634777 0.702339918288809 0.7042269174009893 0.7062506575481797 0.706353340830248 0.7025258989789733 0.6968570274224488 0.6997989437162492 0.6585661948258773 0.6555035274370671 0.7834683847460546 -0.0 0.8 0.8 0.8 0.6760685690729519 0.6787700300910209 0.6899284344405674 0.8 0.8 0.8 0.6511484012701682 0.6473484203327864 0.653105658367917 0.6518741222060115 0.652401339625536 0.6594842824990667 0.7792592101038561 0.6574821872402778 0.6651509306041214 0.6702725939112925 0.6652265985857382 0.7938140304856094 0.6680408997902993 0.6558466522646571 0.6530560779251403 0.6594492482104242 0.6594756133933181 0.6643638776456857 0.6618749481617893 0.6474947752500234 0.5413181257019455 0.5428575401540128 0.5457793352848548 0.5434669777153275 0.5519962275161061 0.5886504372146762 -9999.0 0.5624597040387621 0.5665669339392363 0.7309142502940273
0.7290433707135975 0.7260228992047136 -9999.0 -9999.0 -9999.0 -9999.0 0.0 0.7435986649287779 0.7307867946926311 0.6991394983475706 0.6982399042128653 0.6985673850766754 0.6876905885763053 0.6886878319184138 0.7074036737834134 0.6889601547777252 0.691296618361801 0.6965003645591238 0.7024694516026938 0.702472039343607 0.6511999472940105 0.6512238588680878 0.6554632901977261 0.7821850844934148 0.8 0.8 -9999.0 -9999.0 0.6760610127781874 0.67609334376641 0.6604450792620166 0.7663956781027126 0.8 0.8 0.7964774616700409 0.6469557595321752 0.6520540924174085 0.6550211967221079 0.6501809449518968 0.6645457779577315 0.6635026776375507 0.6703580948655308 0.654050204457266 0.6550027967274692 0.6565584959922917 0.6792959189657272 0.6599133609537181 0.6510513296742573 0.6499059925222116 0.6519900583979819 0.661754474634033 0.664655775347672 0.647803275565686 0.5406578093481141 0.5416130022055203 0.5419736265741207 0.5614951359355529 0.5768052598561254 0.5770487627323527 0.5701728227878432 0.7268569826646543 0.560457245477145 0.5668673581146751 0.7210025177441362
0.8 0.7413533745219366 0.73325462264368 -9999.0 0.7491288955197604 0.7442465055237247 0.7475294912744541 0.7343810120330957 0.3955748256538368 0.7168819023975423 0.7830371238953296 0.7829125860124747 0.7155639581602017 0.7154978748604724 0.6987856872776527 0.7016538005212616 0.6972765467523901 0.6979516280523956 0.7000298532600049 0.6415645224479779 0.7868316717159126 0.7914144082018232 0.7981526195542756 0.6661449442384685 0.6753164362509535 0.6726341065413346 0.8 0.8 0.8 0.6671411406748243 0.6797034549544708 0.6617613027306393 0.7959131267270738 0.8 0.8 0.8 0.7998668029296869 0.7937812605332356 0.6624655604706673 0.7913568915957663 0.6814114552265457 0.675017030499355 0.6862080113716815 -0.0 0.8 0.6743596984698289 0.684243729212328 0.6680413003089394 0.7935973616311737 0.8 0.7184295546141477 0.55479814962743 0.55230414363868 0.5526414158805244 0.5503977047115154 0.5504092388921269 0.5531577406554884 0.5491836738119984 0.5609741611099722 0.5667250820500813 0.5935655056294401 0.560623436224497 0.5739567791915682 0.7308999741639707
0.8 0.8 0.8 0.5274515381933981 0.5341064569961043 0.5341677364146236 0.5328573644597039 0.3945477180618134 0.6607647408100179 0.6595070945797605 0.717123304708205 0.7170315384132853 0.7138011709686356 0.6991645051625465 0.6984679315372473 0.6988963448221331 0.6978760779565549 0.6982633760254667 0.6383388083401349 0.6385628541375941 0.7868330457084066 0.7868290091747632 0.7979157437012685 0.6633949561190876 0.6725911556926849 0.8 0.8 0.8 0.8 0.8 0.6798782845537881 0.6619453684888588 0.8 0.8 0.6510168561409199 0.7962655744805113 0.6741823434588257 0.689010937490224 -9999.0 0.8 0.6830910404729823 0.6785462447790295 0.6830081669641728 0.6855747993548977 0.6860735260926741 0.6737245746022655 0.7278872097882844 0.7352233495214413 -9999.0 -9999.0 -9999.0 0.5548359871550942 0.5524854587816578 0.5526424875294544 0.558771264565822 0.5508589635767519 0.5532845838858093 0.5535626723573615 0.5571424326846198 0.5631493299066141 0.5692730333860397 0.5672642824087061 0.5840397043561173 0.738248456811872
0.8 0.8 0.8 0.39580126317401115 0.5360672354310798 0.5360297484203902 0.5359265730593333 0.668186930819898 0.6782148057885347 0.6705389751972569 0.6683883075088299 0.6682429867379386 0.6656871523121973 0.6498510399957651 0.47373364130839546 0.47313681263379337 0.47963163194293984 0.6608274571457462 0.6628020974680394 0.6599311270277198 0.7901428248845809 0.7901174424082716 0.8 0.8 0.6749704023807915 0.6749730749915638 0.8 0.8 0.8 0.8 0.6803355376521022 0.662963176058003 0.7997248048769036 0.6551116151692089 0.6682984686874986 0.6755625425974294 0.7283957586537905 -9999.0 -9999.0 -9999.0 -9999.0 0.8 0.703174288980539 0.6962922592870253 0.6943782118538921 0.692455638275116 -9999.0 -9999.0 -9999.0 -9999.0 -9999.0 0.7295507596487161 0.5953161264234396 0.5912217915323477 0.5681415861885792 0.5684134524421397 0.5692653048810556 0.5669315935108907 0.5773452978449402 0.5717180041259171 0.5928851064820039 0.5833969293735669 0.5847110219775762 0.7416932426082941
0.8 0.8 -9999.0 0.6704037150300804 0.6708369514119475 0.73967447248242 0.7294371149354586 0.6759875534659576 0.7377938154175702 0.6703212884863263 0.6705635254508995 0.6684289282450929 0.6638265485815563 0.6635468977624456 0.48146471180955913 0.4951575677991593 0.4909221180485551 0.49273063795095606 0.6625646541518634 0.6599179075132827 0.7947700415751704 0.7947623429393212 0.8 0.8 0.8 0.8 0.8 0.8 0.8 0.6843143692255205 0.6616605255354414 0.6631614606386783 0.6812921758710928 0.6828740157674685 0.6903805684576771 0.8 -9999.0 -9999.0 -9999.0 -9999.0 -9999.0 0.8 0.7010813441718928 0.6929076637289707 0.6962452439422105 0.695941910059161 0.6886181563826888 0.6888726053806637 0.8 0.5779331178194915 0.5734912211639263 0.5752586134197147 0.6147847096441663 0.6055315775791162 0.5613344732388641 0.5561446483816731 0.5578716269234514 0.5580746417962049 0.5737896687840474 0.5852416246937294 0.5794170549325977 0.5767966577440768 0.5781040845831409 0.5776115450970793
0.8 -9999.0 -9999.0 0.7436064718407956 0.0 0.7478067815700106 0.7463101406407234 0.7494774742059228 0.40850263773722306 0.3289943493903017 0.3249814151287562 0.3258154419133843 0.3273839427275702 0.327323735092038 0.5018418995443023 0.504918178223712 0.49580119703568565 0.49543994046984996 0.4979531795206087 0.8 0.8 0.6701180189173618 0.8 0.6724017763715345 0.6706852191756484 0.6703186039684446 0.6739099762199753 0.6743035001170189 0.681541552463332 0.6821111912694806 0.6658049280447116 0.6661172105400004 0.6791824750935394 0.6742784398419701 0.8 -0.0 -9999.0 -9999.0 -9999.0 -9999.0 -9999.0 -9999.0 0.8 0.7024378180363605 0.8 0.8 0.8 -9999.0 -9999.0 -9999.0 0.5963278343494913 0.5967589649906212 0.7774767661130249 0.6124881392760669 0.5909712317075166 0.5865279170881756 0.579600020633164 0.57804329141504 0.5709180752653678 0.5738225795184229 0.5743697185895166 0.5763065235448886 0.5850699096595606 0.5936227396060259
0.4348257254721825 0.8 -9999.0 -9999.0 -9999.0 -9999.0 0.746420625871159 0.682866530870587 0.41863395174294077 0.4144295824561278 0.4109269450733024 0.41054108211093515 0.40153241475125234 0.40611701288449004 0.39585270159838276 0.4997785588248421 0.5019193562179973 0.49931817205105017 0.4980417952251786 0.5534966170962925 0.49469238668807275 0.6749347424054627 0.6763711379304845 0.6761783463101382 0.6730015097372788 0.6749132632912397 0.6746041306921711 0.6750921247549476 0.6820122578105389 0.6825303734224926 0.6649020493846979 0.6645033765975138 0.6766640493491246 0.6757139895167643 -9999.0 -9999.0 -9999.0 -9999.0 -9999.0 -9999.0 -9999.0 -9999.0 -9999.0 0.8 -9999.0 -9999.0 -9999.0 -9999.0 -9999.0 -9999.0 -9999.0 -9999.0 0.7536262432987811 0.7703230291483427 0.7842685613359396 0.7445231036987374 0.7431253694048766 0.7357943360641312 0.5743595489849482 0.5769980406322628 0.5856486143368295 0.5810647907707925 0.5912735408858992 0.5823442637057925
0.8 0.8 0.8 0.8 -9999.0 -9999.0 0.7581809992223505 0.7427240957661517 0.6922810675686828 0.6877874795687753 0.32824803272635117 0.4313078698465403 0.407983251344533 0.41770039051604063 0.4006535801347391 0.5777647514170475 0.5653677784017598 0.5062873990817576 0.5073329555091155 0.5627933026538338 0.5030866906553024 0.39198375487819714 0.38519545965196095 0.3872728117736099 0.6670023611698374 0.6661418312482134 0.6683090860926053 0.6671031248415537 0.38513838487367713 0.40932925747169613 0.38361979662214873 0.4158556551184093 0.39406276661179457 0.6838664293687361 -9999.0 -9999.0 -9999.0 -9999.0 -9999.0 -9999.0 -9999.0 -9999.0 -9999.0 -9999.0 -9999.0 -9999.0 -9999.0 -9999.0 -9999.0 -9999.0 -9999.0 -9999.0 -9999.0 -9999.0 -9999.0 0.8 0.8 0.8 0.7584029228079661 0.7614834107839275 0.7555781975069981 0.7505528587708322 0.5897101421618074 0.6066956716996781
0.8 0.8 0.8 0.8 -9999.0 -9999.0 -9999.0 -9999.0 0.7660696508770042 0.7379193886351212 0.668194529894323 0.3292856244149633 0.3255304880150247 0.4114562329556907 0.5764087397355642 0.5738747029365491 0.5752026883711364 0.571886622256929 0.564354358552082 0.5079990981843528 0.5617662206164404 0.5696605646467588 0.41765256290243963 0.4197166748207368 0.3824877548859983 0.39073894490370203 0.39162826171070686 0.39207467042316474 0.3945846148804847 0.38662824306271465 0.4175621096584464 0.3844277102831164 0.38558232735081316 0.38553799143694367 -9999.0 -9999.0 -9999.0 -9999.0 -9999.0 -9999.0 -9999.0 -9999.0 -9999.0 -9999.0 -9999.0 -9999.0 -9999.0 -9999.0 -9999.0 -9999.0 -9999.0 -9999.0 -9999.0 -9999.0 -9999.0 0.7731846412074479 0.36771536779791475 0.3396061151995733 0.39715816566202694 0.7978447209494056 0.757241264380314 0.7871474825392633 0.765209520644731 0.7628776514283587
0.8 0.8 0.8 0.8 0.8 -9999.0 -9999.0 -9999.0 -9999.0 0.7809686969775785 0.7547428707659694 0.3284436492856367 0.33299032565304515 0.5836034726584313 0.579900673768333 0.5978569018497832 0.5910356370232436 0.5073333083474804 0.510539556340422 0.5771136362840665 0.5774189867023731 0.42148660219513756 0.4226349438396625 0.42445506873123595 0.424504424453832 0.42143556380226355 0.42219403085038026 0.4221746556790209 0.4291994095221348 0.4237302846739917 0.39796872793766536 0.39889938054788476 -9999.0 -9999.0 -9999.0 -9999.0 -9999.0 -9999.0 -9999.0 -9999.0 -9999.0 -9999.0 -9999.0 -9999.0 -9999.0 -9999.0 -9999.0 -9999.0 -9999.0 -9999.0 -9999.0 -9999.0 -9999.0 -9999.0 -9999.0 -9999.0 -9999.0 -9999.0 0.14673216868693661 0.3579447788669274 0.343510932656051 -0.0 0.8 0.8
0.8 0.7587894265399591 0.8 0.8 0.8 0.8 -9999.0 -9999.0 -9999.0 -9999.0 -9999.0 -9999.0 -9999.0 0.6140327241411803 0.5747996853664058 0.7336946603902492 0.7382187772808732 0.5109714048010017 0.5157043058053883 0.5337377385111367 0.6590373581069242 0.42669819735936576 0.42971441918032915 0.42603737897336824 0.39785864836676654 0.40014386236034477 0.39664635040378504 0.39881849958217924 0.39540621723626423 0.39796880289181247 0.40133460143867167 0.0 -9999.0 -9999.0 -9999.0 -9999.0 -9999.0 -9999.0 -9999.0 -9999.0 -9999.0 -9999.0 -9999.0 -9999.0 -9999.0 -9999.0 0.5238747075951798 -9999.0 -9999.0 -9999.0 -9999.0 -9999.0 -9999.0 -9999.0 -9999.0 -9999.0 -9999.0 -9999.0 -9999.0 0.1421077722932403 0.14125991226015575 0.15742872514487147 0.34373664199059123 0.3661547192989686
0.8 0.8 0.8 0.7400372715936161 0.8 0.8 0.8 0.8 0.8 -9999.0 -9999.0 -9999.0 -9999.0 -9999.0 0.4554241557937735 0.7127952564166675 0.7342434657495504 0.6527019935293732 0.6571811992194936 0.5228156280230586 0.5238819256819855 0.6654619125865786 0.4272387675528921 0.42492592364316706 0.4256823305185535 0.4259040923579806 0.42645895596027616 0.3991832127413645 0.4091272122616709 0.40924497983555885 0.40855779288335653 0.5154595680346712 0.5425191075909029 -9999.0 -9999.0 -9999.0 -9999.0 -9999.0 -9999.0 -9999.0 0.4139735892392283 0.5256692379680915 0.5257819152328351 0.41926978291549416 0.5151337260273511 0.40842860108071083 0.4142153352329521 0.41186322327825003 0.5235177498454975 -9999.0 -9999.0 -9999.0 -9999.0 -9999.0 -9999.0 -9999.0 -9999.0 -9999.0 -9999.0 0.34731364374293894 0.3453295208783269 0.4015346544216615 0.3584680451423937 0.35339686788119695
-9999.0 0.8 0.8 0.8 0.8 0.8 0.8 0.8 0.8 0.8 0.8 -9999.0 -9999.0 -9999.0 0.4339354129730858 0.4103628792161562 0.7363188233228098 0.655151935149476 0.5381053538421929 0.5364496086625633 0.5394612800834323 0.5351959835115131 0.8 0.8 0.8 0.8 0.8 0.8 0.8 0.40792434382944043 0.4105848084932294 0.4090534324311906 0.5133138497062583 0.411273967588575 0.3992541594974093 0.5152351701952462 0.4119485747852468 0.5144412958787732 0.4168902608485007 0.5357964065340158 0.5265647978916667 0.40679082092460506 0.5258807591791309 0.4147098147959389 0.4172007385005999 0.5285829342831859 0.5330297180162926 0.40903783155288304 0.4156001091417351 0.39192584466992614 0.5377604319600862 0.5318170390432684 -9999.0 -9999.0 0.5324964584148169 -9999.0 -9999.0 0.5315017606631461 0.5434734781998001 0.5324673841336623 0.5418184787222922 0.4255038309547437 0.4108684820008804 0.13680697200299924
-9999.0 -9999.0 -9999.0 -9999.0 0.8 0.8 0.8 0.8 0.8 0.8 0.8 0.8 0.8 -9999.0 0.43364647167080345 0.4052820186759962 0.7413868201095972 0.7269266019622629 0.8 0.8 0.8 0.8 0.8 0.8 0.8 0.8 0.8 0.8 0.38169758327843234 0.4121807601404803 0.41183983564403986 0.5193049449523175 -9999.0 0.5166985006565298 0.5114437770667071 0.5419323527767143 0.4467621709586469 0.5143944313337544 0.41872923365357173 0.4154306777730777 0.41345249825766595 0.41351144396191136 0.5141790863390688 0.5155326365573826 0.5177228666420352 0.4059632600309265 0.40762386080965857 0.41284073872387306 0.5265646316839686 0.5260667696743163 0.5373129580641983 0.4246584742318813 0.4252359722552233 0.5380509782637357 0.5372607177100052 0.5396821111425334 0.5366681305720732 0.5336118073551085 0.5170712975704822 0.5175549431106173 0.4127420186575553 0.41192533968703815 0.4075935843355839 0.42813279117663855
-9999.0 -9999.0 -9999.0 -9999.0 -9999.0 -9999.0 0.8 0.8 0.8 0.8 0.8 0.8 0.8 -9999.0 0.7601603269231071 0.7408724439806066 0.7520886420164324 0.8 0.8 0.8 0.8 0.8 0.8 0.8 0.8 -9999.0 -9999.0 0.8 0.5179037271632491 0.39652156173457337 0.4138778219382379 0.404550572726273 0.41731934648449504 0.5207480702379746 0.40835798827097597 0.40264264366491415 0.5065735554747883 0.5085378543893906 0.40370454469797284 0.5118036358698352 0.4115707596628438 0.4036208132648382 0.5074257617302347 0.40485234755447946 0.4060176273198242 0.4057813579245199 0.5110869944925852 0.5213357479045345 0.5396564015199978 0.523136873368324 0.5264995194948263 0.5178496632409968 0.5279074242883676 0.518318560371582 0.519180546520345 0.5243276079445053 0.5194445383476017 0.5278692966407477 0.420211195603882 0.5213397213935043 0.5158304655497796 0.410886649897208 0.4107084889661031 0.8
-9999.0 -9999.0 -9999.0 -9999.0 -9999.0 -9999.0 -9999.0 0.8 0.8 0.8 -9999.0 -9999.0 0.8 -9999.0 -9999.0 0.8 0.8 0.8 0.8 0.8 0.8 0.8 0.8 0.8 -9999.0 -9999.0 0.8 -9999.0 0.39907334154957724 0.3993299461627522 0.41291801771616726 0.412844069819005 0.510754628771761 0.4088080454226643 0.5046462139078528 0.39755352485851464 0.406961270966316 0.4005961428585219 0.40046420976551234 0.40028258297804503 0.4021548223372215 0.40214847127650194 0.404127582822995 0.40429368914401004 0.4075276184462094 0.40553304860156186 0.40732326414707987 0.4075050770177906 0.5152972616594292 0.40937524376678575 0.4114339878088527 0.5179314800540948 0.5176691075365036 0.5299273580728934 0.5323892873212288 0.5426437687067722 0.5211853196757948 0.5200298754273774 0.43140551884644635 0.5268839609216405 0.5275895934846597 0.5197387051156531 0.41277419187835795 0.4150919012288006
-9999.0 -9999.0 -9999.0 -9999.0 -9999.0 -9999.0 -9999.0 -9999.0 0.8 0.8 0.8 -9999.0 -9999.0 -9999.0 -9999.0 0.8 0.8 0.8 0.8 0.8 0.8 0.8 0.8 0.8 -9999.0 -9999.0 -9999.0 0.8 0.8 0.40450761513356187 0.40719020524101635 0.5239783536951033 0.5097435367205464 0.5098524446773535 0.40532442607084646 0.39763696077346283 0.39910255156069824 0.49876944225495146 0.39927077237799696 0.400364267482717 0.4007879061264554 0.4022088656468384 0.40403289688704963 0.40392637878565946 0.40374236688211107 0.39870832514587995 0.4003964029663844 0.4074389662494505 0.4136703655496818 0.40834490927059663 0.5173521764576334 0.4112424212945891 0.532175090205077 0.5294674287065728 0.5283446361687401 0.5282655775709278 0.5274895831866823 0.5280332970221363 0.42036920571500436 0.42040093257634004 0.42236046007107014 0.4065287000439373 0.5204028925487804 0.5191460726332585
-9999.0 -9999.0 -9999.0 -9999.0 -9999.0 -9999.0 -9999.0 0.8 0.8 0.8 0.8 -9999.0 -9999.0 -9999.0 -9999.0 -9999.0 -9999.0 0.8 0.8 0.8 0.8 0.8 0.8 0.8 0.8 0.8 -9999.0 0.8 0.5329922744356724 0.409155586713805 0.4032672218393099 0.38272023442414443 0.4185710112135826 0.5130876773892371 0.3990564438681477 0.39903254201630306 0.40054851436703703 0.40058498347492505 0.4014228751851192 0.4013853638495025 0.4031898497618566 0.3982343773914488 0.4058470052075151 0.40578839131511285 0.405367170642098 0.4153732858871125 0.41328290560405534 0.4079837473416141 0.40956555027165586 0.5145472041483777 0.4108722639896617 0.41116066625036163 0.41700281378360304 0.426912390716612 0.426080627989984 0.42415788594103043 0.42499047647397553 0.5290662695521008 0.5155695829708712 0.40951454281818406 0.41971043422991083 0.4169243432046964 0.5217331978034553 0.41378059702984904
-9999.0 0.8 0.8 0.8 -9999.0 0.8 0.8 0.8 0.8 0.8 -9999.0 -9999.0 -9999.0 -9999.0 -9999.0 -9999.0 0.8 0.8 0.8 0.8 0.8 0.8 0.8 0.8 0.8 0.8 -9999.0 0.8 0.8 0.5232723373265687 0.4130526221424867 0.5122072293724439 0.517257195890177 0.5126850574314648 0.39904142197807385 0.40404529635698067 0.4004904502635504 0.40827030776415757 0.40668591747715976 0.40299073035013955 0.4035453394975835 0.39909417967897776 0.3976885331200105 0.40065596279694843 0.4078930444045187 0.42111609950199336 0.4108320337046535 0.41640009272738093 0.523819575111555 0.417984200752354 0.4111502047784058 0.4143206557718776 0.4234388019102481 0.4319298188176506 0.4258182203419068 0.4199229568545621 0.41499318261957313 0.4200763058563741 0.4208012841527403 0.5282752067054466 0.5163354428537444 0.5193966069390551 0.4141217786613154 0.5226514585822378
0.8 0.8 0.8 0.8 0.8 0.8 0.8 0.8 0.8 -9999.0 -9999.0 -9999.0 -9999.0 -9999.0 -9999.0 -9999.0 -9999.0 0.8 0.8 0.8 0.8 0.8 0.8 0.8 0.8 0.8 0.8 -9999.0 0.8 0.8 0.40161678929373906 0.4075942321828368 0.5064852410078282 0.5289478740424037 0.4163680118864876 0.4095609249627965 0.5119348513438718 0.5207887768631313 0.5164995931473685 0.4070201861183844 0.5105488408659219 0.40397434727856274 0.40407619894028424 0.4037939539285082 0.4025259020262609 0.41812196483068637 0.5235189217253986 0.5235478303916431 0.5240006563826521 0.537365314961759 0.41809266719650057 0.41804064101338995 0.41993497776859245 0.4217091114104831 0.4143480856258877 0.41610129526487616 0.40153667461383075 0.4128930277616439 0.42019007580663825 0.42438126957968525 0.5305505792668453 0.5203856433915622 0.5229590366112707 0.5224321547027401
-9999.0 -9999.0 0.8 0.8 0.8 0.8 0.8 -9999.0 -9999.0 -9999.0 -9999.0 -9999.0 -9999.0 -9999.0 -9999.0 -9999.0 -9999.0 -9999.0 -9999.0 0.8 0.8 0.8 0.8 -9999.0 -9999.0 0.8 0.8 0.8 -9999.0 0.8 0.41815750194003454 0.5186317193578521 0.5020674409725 0.5164272993638325 0.5112647235896984 0.41354551188077404 0.40458444334338356 0.4998088977303799 0.5070362157966823 0.5174878666530267 0.5190148165913311 0.4068893365676851 0.4101013595075382 0.409231050601327 0.5243738644049336 0.5243906750538867 0.40863763337901204 0.38710319880336885 0.4145043746470558 0.41837169106390093 0.4182151660699699 0.4227995472049742 0.4056855436941777 0.40892831145158626 0.40608877435856267 0.39787456465770593 0.40024728573596396 0.41017177078065964 0.414978280570644 0.39489002358040065 0.3873462394947654 0.7943564904101709 0.7973801093775366 0.5209778781836946
-9999.0 -9999.0 -9999.0 -9999.0 0.8 0.8 0.8 -9999.0 -9999.0 -9999.0 -9999.0 -9999.0 -9999.0 -9999.0 -9999.0 -9999.0 -9999.0 -9999.0 -9999.0 0.8 0.8 0.8 0.8 -9999.0 0.8 0.8 0.8 0.8 0.8 -9999.0 0.542107606388494 0.538531150810728 0.5556669216478545 0.5309056393685019 0.5170397446861928 0.520039023543403 0.5239239785472365 0.4172563199709143 0.419848074119625 0.5126440483944881 0.5271607067670283 0.5266210261273289 0.5282257383615161 0.527919503433323 0.523517518015924 0.41556774458891416 0.4004659287334416 0.4066984647485761 0.4170309898103353 0.5117409228097791 0.41855906184553865 0.40168878708348515 0.3117075632852018 0.38504412387942916 0.3766669199148163 0.3253722948261502 0.31861612877299317 0.3116700836797968 0.31055009826564656 0.3137183990007024 0.7634079533318787 0.7690096511012842 0.7962391527258968 0.7977855567573676
-9999.0 -9999.0 -9999.0 -9999.0 -9999.0 -9999.0 -9999.0 -9999.0 -9999.0 -9999.0 -9999.0 -9999.0 -9999.0 -9999.0 -9999.0 -9999.0 -9999.0 -9999.0 -9999.0 -9999.0 0.8 0.8 0.8 -9999.0 -9999.0 -9999.0 0.8 -9999.0 -9999.0 -9999.0 -9999.0 0.8 0.8 -9999.0 0.5218682752593797 0.5069632632701484 0.40906061946968814 -9999.0 -9999.0 -9999.0 0.41890589797579453 0.5309405535747764 0.5263789434290934 0.5372169600769671 0.43215797533014944 -9999.0 -9999.0 0.5438129562720901 0.385073768926859 0.5992521558818151 0.32789963020599944 0.3121051338027134 0.3374481236797011 0.5822874721399905 0.586555214297665 0.31349402042889246 0.3162493323225599 0.31596993014239555 0.3390179929651439 0.5043929968792976 0.5106738830860018 0.7666035297960997 0.519747429873922 0.5089858315234472
-9999.0 -9999.0 -9999.0 -9999.0 0.18359756912272665 0.18359749681316392 -9999.0 -9999.0 -9999.0 -9999.0 -9999.0 -9999.0 -9999.0 -9999.0 -9999.0 -9999.0 -9999.0 -9999.0 -9999.0 -9999.0 -9999.0 -9999.0 -9999.0 0.8 0.8 -9999.0 -9999.0 -9999.0 -9999.0 -9999.0 0.8 0.8 -9999.0 -9999.0 -9999.0 -9999.0 -9999.0 -9999.0 -9999.0 -9999.0 -9999.0 -9999.0 -9999.0 -9999.0 -9999.0 -9999.0 -9999.0 0.36522885511937203 0.33508985143752607 0.601481879469031 0.3085306532983002 0.5857624180723224 0.5937141148868285 0.5946075722028967 0.33294367864815483 0.3274366908298567 0.33069088361543963 0.32166574121524966 0.5933566969331175 0.7740745572513219 0.7983472947923045 0.7951144775625038 0.5164874066890434 0.5453294174150085
-9999.0 -9999.0 -9999.0 -9999.0 -9999.0 -9999.0 -9999.0 -9999.0 -9999.0 -9999.0 -9999.0 -9999.0 -9999.0 -9999.0 -9999.0 -9999.0 -9999.0 -9999.0 -9999.0 -9999.0 -9999.0 -9999.0 -9999.0 0.8 0.8 0.8 0.8 0.8 0.8 -9999.0 0.8 -9999.0 -9999.0 -9999.0 -9999.0 -9999.0 -9999.0 -9999.0 -9999.0 -9999.0 -9999.0 0.3494378232183552 0.33203954577561506 0.3326817943864759 0.3525904273628086 -9999.0 -9999.0 0.3595310281551173 0.6085712414071553 0.6162912925405319 0.3113825846394341 0.5761362912581002 -0.0 0.5771211547798564 -0.0 0.5850346858389338 0.33022334128989805 0.602048831824473 0.7637982498485472 -0.0 0.7657892914526246 0.7657753440562642 0.7731699716251875 0.5225184665472684
-9999.0 -9999.0 -9999.0 -9999.0 -9999.0 -9999.0 -9999.0 -9999.0 -9999.0 -9999.0 -9999.0 -9999.0 -9999.0 -9999.0 -9999.0 -9999.0 -9999.0 -9999.0 -9999.0 -9999.0 -9999.0 -9999.0 -9999.0 -9999.0 -9999.0 0.8 -9999.0 -9999.0 -9999.0 -9999.0 -9999.0 -9999.0 -9999.0 -9999.0 -9999.0 -9999.0 -9999.0 -9999.0 -9999.0 -9999.0 0.3614581972625753 0.3456374949877363 0.33657092453506926 0.0843544785103481 -9999.0 -9999.0 -9999.0 0.33914347986734283 0.35298160112487786 0.32230178513327434 0.5888773475376775 0.5887241792495295 0.5980668808018449 0.592311542784721 0.0 -0.0 0.6055076178562988 0.3352398616539446 0.8 -0.0 -0.0 0.0 0.7785099399084315 0.7877396210250055
-9999.0 -9999.0 -9999.0 -9999.0 -9999.0 -9999.0 -9999.0 -9999.0 -9999.0 -9999.0 -9999.0 -9999.0 -9999.0 -9999.0 -9999.0 -9999.0 -9999.0 -9999.0 -9999.0 -9999.0 -9999.0 -9999.0 -9999.0 -9999.0 -9999.0 -9999.0 -9999.0 -9999.0 -9999.0 -9999.0 -9999.0 -9999.0 -9999.0 -9999.0 -9999.0 -9999.0 -9999.0 -9999.0 -9999.0 -9999.0 -9999.0 -9999.0 -9999.0 -9999.0 -9999.0 -9999.0 -9999.0 0.3352216235785136 0.15930022135040073 0.6295692748811971 0.5887239534477869 0.5887310092471456 -0.0 0.0 0.0 -0.0 -0.0 0.8 0.7980986660145123 0.7981767333270092 0.7953673997786352 0.7964062522233604 -0.0 0.7865308888176826
