critload/trunk/output/2010/nue_corr_agri.asc
ncols 720
nrows 360
xllcorner -180.0
yllcorner -90.0
cellsize 0.5
NODATA_value -9999.0
[rows 140 to 167 of 360, columns 320 to 383 of 720]
-9999.0 -9999.0 -9999.0 -9999.0 -9999.0 -9999.0 -9999.0 -0.0 -0.0 -9999.0 -0.0 -0.0 0.10660714264125855 0.11200982666733714 -0.0 0.0 0.0 -0.0 -0.0 -0.0 -9999.0 -9999.0 -9999.0 -9999.0 -9999.0 -9999.0 -9999.0 -0.0 -9999.0 -9999.0 -9999.0 -9999.0 -9999.0 -9999.0 -9999.0 -9999.0 -9999.0 -9999.0 -9999.0 -9999.0 -9999.0 -0.0 0.0 -0.0 -9999.0 0.0 -0.0 -0.0 -0.0 0.0 0.0 -0.0 -9999.0 -9999.0 -9999.0 -9999.0 -9999.0 -9999.0 -9999.0 -9999.0 -9999.0 -9999.0 -9999.0 -9999.0
-9999.0 -9999.0 -9999.0 -9999.0 -9999.0 -9999.0 -9999.0 -0.0 0.0 0.0 0.0 0.10666334897312275 0.0 0.0 0.0 -0.0 -0.0 -0.0 -0.0 0.0 -0.0 -0.0 -0.0 -0.0 0.0 0.0 -0.0 -0.0 -0.0 -9999.0 -9999.0 -9999.0 -9999.0 -9999.0 -9999.0 -9999.0 -9999.0 -9999.0 -9999.0 -9999.0 -9999.0 0.0 0.0 -9999.0 -9999.0 -9999.0 0.0 -0.0 -0.0 -0.0 -9999.0 -9999.0 -9999.0 -9999.0 -9999.0 -9999.0 -9999.0 -9999.0 -9999.0 -9999.0 -9999.0 -9999.0 -9999.0 -9999.0
-9999.0 -9999.0 -9999.0 -9999.0 -9999.0 -9999.0 -9999.0 0.0 -0.0 -0.0 -0.0 0.0 -0.0 -0.0 0.0 0.0 0.0 0.0 -0.0 -0.0 -0.0 -0.0 0.0 -0.0 0.0 0.0 -0.0 0.0 -0.0 -9999.0 -9999.0 -9999.0 -9999.0 -9999.0 -9999.0 -9999.0 -9999.0 -9999.0 -9999.0 -9999.0 -9999.0 -0.0 -0.0 0.0 -0.0 -9999.0 -9999.0 -9999.0 -9999.0 -9999.0 -9999.0 -9999.0 -9999.0 -9999.0 0.20214734457973327 -0.0 -9999.0 -9999.0 -9999.0 -9999.0 -9999.0 -9999.0 -9999.0 -9999.0
-9999.0 -9999.0 -9999.0 -9999.0 -9999.0 -9999.0 -9999.0 -0.0 -0.0 -0.0 -0.0 0.0 0.0 -0.0 0.0 0.11298745896667872 0.0 0.11217106466155531 0.0 0.0 -0.0 -0.0 0.0 0.0 0.0 0.0 0.0 -0.0 -0.0 -9999.0 -9999.0 -9999.0 -9999.0 -9999.0 -9999.0 -9999.0 -9999.0 -9999.0 -9999.0 -9999.0 -9999.0 0.0 -0.0 -0.0 0.0 -9999.0 -9999.0 -9999.0 -9999.0 -9999.0 -9999.0 -9999.0 -9999.0 -9999.0 0.0 0.20214477366066916 -9999.0 -9999.0 -9999.0 -9999.0 -9999.0 -9999.0 -9999.0 -9999.0
-9999.0 -9999.0 -9999.0 -9999.0 -9999.0 -9999.0 -9999.0 -9999.0 0.0 -0.0 0.0 0.0 0.0 -0.0 0.1127912379438489 0.1125171646098287 0.11132066364486448 0.0 0.0 -0.0 -0.0 -0.0 -0.0 -0.0 -0.0 -0.0 0.0 -0.0 -0.0 -9999.0 -9999.0 -9999.0 -9999.0 -9999.0 -9999.0 0.0 -9999.0 -9999.0 -9999.0 -9999.0 -9999.0 0.0 -0.0 -0.0 -0.0 -9999.0 -9999.0 -9999.0 -9999.0 -9999.0 -9999.0 -9999.0 -0.0 0.0 -0.0 0.20117190786433545 -9999.0 -9999.0 -9999.0 -9999.0 -9999.0 -9999.0 -9999.0 -9999.0
-9999.0 -9999.0 -9999.0 -9999.0 -9999.0 -9999.0 -9999.0 0.0 -0.0 0.0 -0.0 -0.0 0.0 0.0 0.0 0.0 0.0 0.3065722295770281 0.3065660758951783 0.0 0.0 -0.0 0.0 0.0 0.0 -0.0 0.11159833144019808 0.0 0.0 -9999.0 -0.0 -0.0 -0.0 0.0 0.0 -0.0 -9999.0 -9999.0 -0.0 -9999.0 -9999.0 -9999.0 -0.0 -9999.0 -9999.0 -0.0 -9999.0 -9999.0 -9999.0 -9999.0 -9999.0 -0.0 0.0 0.2009942900809897 -0.0 0.2011593931358639 0.20135431471789403 -9999.0 -9999.0 -9999.0 -9999.0 -9999.0 -9999.0 -9999.0
-9999.0 -9999.0 -9999.0 -9999.0 -9999.0 -9999.0 -9999.0 0.29061773235870986 0.28919296700905966 0.2889723910108179 0.30429691510795764 0.2887690237582572 0.0 0.0 0.0 -0.0 0.3046294119296794 -0.0 0.30777282953721485 0.30791384487431445 -0.0 -0.0 0.0 -0.0 -0.0 -0.0 0.0 -0.0 0.0 -0.0 -0.0 0.0 0.5455579092987652 0.5601905092465713 0.5610146594020161 0.5610709396594544 0.545135554757941 -0.0 0.0 -0.0 -0.0 0.0 0.0 0.0 -0.0 0.0 -0.0 -9999.0 0.0 0.0 0.0 -0.0 0.20619857845392192 0.20621345879715683 -0.0 0.1993693862446703 -0.0 -9999.0 -9999.0 -9999.0 -9999.0 -9999.0 -9999.0 -9999.0
-9999.0 -9999.0 -9999.0 -9999.0 -9999.0 -9999.0 -9999.0 0.42507602224059254 0.6822710154791917 -0.0 0.0 0.6783033819192901 0.12415846708425136 0.2796500586047723 0.30453254965324544 -0.0 0.30464399368985673 0.3046373390313624 0.0 0.3050442382770484 -0.0 -0.0 0.30518183784607666 -0.0 0.0 0.30445687219859885 0.30476061872116733 -0.0 -0.0 0.0 -0.0 0.5605261805339101 0.5601884660531445 0.5601950215429451 -0.0 0.0 -0.0 -0.0 0.0 0.5452353390052106 0.0 -0.0 -0.0 0.0 -0.0 -0.0 -0.0 -0.0 -0.0 0.0 0.0 0.0 -0.0 -0.0 0.20679459684408139 -0.0 -9999.0 0.0 -9999.0 -9999.0 -9999.0 -9999.0 -9999.0 -9999.0
-9999.0 -9999.0 -9999.0 -9999.0 -9999.0 -9999.0 0.6852301715544707 0.8 0.7657093417117505 0.7660669531125703 0.7515073475198355 0.7492869844268518 0.0 0.29263595076411075 0.3004329422909213 0.0 0.0 0.10987597566357425 0.0 0.0 0.2875337560467807 0.0 0.2874860681847806 -0.0 0.0 -0.0 -0.0 -0.0 0.0 -0.0 0.8 0.5536989486283074 0.0 0.8 0.0 0.0 0.0 -0.0 -0.0 0.0 0.555066687264026 -0.0 -0.0 0.0 -0.0 -0.0 -0.0 0.0 -0.0 -0.0 0.0 -0.0 0.0 -0.0 0.20386856301435063 -0.0 -0.0 0.0 -0.0 -9999.0 -9999.0 -9999.0 -9999.0 -9999.0
-9999.0 -9999.0 -9999.0 -9999.0 -9999.0 -9999.0 0.5270285482849882 0.5192915524098584 0.8 0.49696124990964163 0.7736209569570769 0.5230297124873428 0.7693048527627916 0.6578595901197463 0.2759793469418068 0.0 0.8 0.8 0.8 0.8 0.8 0.8 0.8 0.8 0.8 0.8 0.8 0.8 0.0 0.8 0.8 0.6636864171382786 0.8 0.8 0.0 -0.0 -0.0 0.8 0.8 0.8 -0.0 0.0 0.0 0.20799836339564273 0.21268882764486954 0.21118031629023132 0.0 -0.0 -0.0 0.0 -0.0 0.0 0.0 0.0 0.2019710487311175 0.0 -0.0 -0.0 -0.0 0.0 -0.0 0.0 0.0 0.0
-9999.0 -9999.0 -9999.0 -9999.0 -9999.0 0.8 0.46639336757737093 0.8 0.8 0.8 0.8 0.8 0.8 0.8 0.7718001209712019 0.8 0.7917363165084412 0.49080467689126483 0.7809037602066691 0.7743059482162515 0.49007866277294887 0.4779683083363419 0.7699610737729257 0.4931421771264011 0.7516364912477945 0.7438978438661855 0.5085514322035791 0.538635201287586 -0.0 0.7905559252546654 0.5422525202563517 0.5146795068068595 0.7310047994579497 0.8 0.8 0.8 0.0 0.7901334832188035 0.6841295474731216 0.6785058915663924 0.20869689844421588 0.1992251197074393 0.2061752960469276 0.20972714597136596 0.19282876103245436 0.20955608438900825 0.0 0.0 0.20596691412670975 0.2059681085380638 0.20530941154521884 0.2056307447091792 0.20875826231227798 0.20875809301545037 0.20796836155579687 0.20718715285995218 0.20614862731824954 0.2073869808796354 0.0 -0.0 0.0 -0.0 0.0 -0.0
-9999.0 -9999.0 -9999.0 -9999.0 -9999.0 -9999.0 0.43967125910324506 0.8 0.8 0.8 0.8 0.7454109155057282 0.8 0.7500684082812175 0.47280398819764674 0.4984307931295294 0.7768686284908244 0.5055253802173134 0.7482166103576157 0.7197823086309038 0.7655482902500547 0.7747860105029581 0.7789699466043868 0.7351272731350329 0.7095926857124502 0.7379346300552758 0.5269633780225362 0.609188576716036 0.779647999621094 0.7578383405711212 0.5326383584481429 0.5934501986692405 0.7551026739763191 0.7966824842086458 0.7898734550303285 0.0 0.0 0.5252376518346525 -0.0 0.6860340208884581 0.6461674619987356 -0.0 0.1997853726514626 0.19980057885640512 0.19101958714599282 0.1920032248770088 0.0 0.19102297221133527 0.1880529477913277 0.18935524709187654 0.20475927681871692 0.19755218089057683 0.19094443868915675 0.18994415587848257 0.1956852498751057 0.1901799364045921 0.20591241626768161 0.20650206045993097 0.20650601536326252 0.2099606416616395 0.0 -0.0 0.0 -0.0
-9999.0 -9999.0 -9999.0 -9999.0 -9999.0 -9999.0 0.7993638789555001 0.42090794455678254 0.4412942316152159 0.4597182776879688 0.4630106730208992 0.48272188554793016 0.4878108690719444 0.7439264656309453 0.5017510737910424 0.8 0.7211189898727958 0.7549839327055828 0.7389528765832788 0.7594446501834831 0.7656605233145037 0.7533372700445387 0.7508521079572381 0.7379397399823816 0.4696053919103034 0.4850877792165315 0.7166751996428986 0.5143683549949313 0.5262334452649837 0.7122034555954853 0.7323143401838473 0.47815663930149366 0.6921243095903976 0.7552200738810791 0.6201189699786238 0.46370443938214495 0.6230072120958878 -0.0 0.6607080876303346 0.64945035992115 0.0 0.20351514136133986 0.20552948105777025 0.19673898649900723 0.2015450538409476 0.20465520254713113 0.19155554614326264 0.19746944295906563 0.1967768321121777 0.20298122697144624 0.6631554732782551 0.6070308749503671 0.19515053077982608 0.19126050509472461 0.19184625146026732 0.19224484930218372 0.19271057001370384 0.1964649082809004 0.19035853725017313 0.19645787063288045 0.20018649015029472 0.20724208394776908 0.2064947941035649 0.0
-9999.0 -9999.0 -9999.0 -9999.0 -9999.0 -9999.0 0.21527405140935796 0.2959779122542454 0.49616798962003894 0.8 0.7875801205922413 0.4763824173726734 0.4936877271041699 0.8 0.8 0.8 0.8 0.7508052434912753 0.7707670772051426 0.7552201854937699 0.7560518512603946 0.73868523307054 0.7287389225304767 0.49687424988060086 0.4920103421439215 0.7414682213517063 0.467292594116394 0.4839748375781476 0.7100010105195511 0.4960432136993118 0.4866843452189493 0.5105677438064397 0.488233501590204 0.47610077874350193 0.6163395808466008 0.6229536011363415 0.46886248691166454 0.4905103185927349 0.6224589338033641 0.6200762201001018 0.628575561042115 0.45595964985532716 0.19629443487632833 0.195419319120978 0.1960437769127602 0.1923810470840299 0.19618444687389125 0.19609523516676214 0.8 0.6180827455535443 0.8 0.8 0.8 0.19513332078727783 0.1960218289439987 0.8 0.19394891512594414 0.1933855404753486 0.1934103962648357 0.19628221540085847 0.8 0.8 0.8 0.8
-9999.0 -9999.0 -9999.0 -9999.0 -9999.0 -9999.0 0.5051814967479964 0.8 0.4588743380569982 0.8 0.8 0.7953741755118289 0.5111339310869082 0.7662765005495765 0.8 0.8 0.8 0.7405418835777643 -0.0 0.733158053064917 0.7283382505530932 0.7220777519315141 0.7113695915245173 0.699198227982342 0.6266999373663676 0.49773984966309004 0.47342613614913903 0.5031959710865053 0.4584044334046268 0.47223509226237825 0.4827747759826508 0.46196446060645074 0.6541518713849808 0.4892693928684412 0.6316111823863111 0.4531970280841518 0.5987796355435206 0.45525587405622003 0.5991292461498426 0.6199522915172536 0.4453203083393111 0.6027899831147077 0.47409954100400625 0.19354786540073046 0.19312036057865212 0.19250981720068255 0.1917499963915873 0.1917105168875856 0.8 0.6538710574116493 0.7512079841453796 0.741590434562446 0.7200083896381717 0.7591642471190103 0.7469478153852036 0.7393356645615479 0.7306814790123816 0.8 0.8 0.8 0.8 0.7397338259907834 0.7271741684283944 0.6312048802789155
-9999.0 -9999.0 -9999.0 -9999.0 -9999.0 -9999.0 0.5111260547768541 0.6472659826551965 0.6604798149075876 0.6753522902300808 0.6236946521695053 0.601983590496776 0.5515979464186697 0.8 0.8 0.8 0.5506605181457258 0.726706734805191 -0.0 0.7305237617351428 0.7296053645293046 0.8 0.7192695379905061 0.6671696167974974 0.48017363037986455 0.6967414140541889 0.4896149683397473 0.4885955638720355 0.5041614058446994 0.5039915383243155 0.48532889867289947 0.4420693332808902 0.6043640916072611 0.45667508550487207 0.4859843965601721 0.4342218041568977 0.6427267413414537 0.6428264457224276 0.4417148943759971 0.44556463664657525 0.6700879852469275 0.6594048545834794 0.6733383081792128 0.6566441017123046 0.1974499187990745 0.8 0.047051301681840546 0.8 0.8 0.7229797799960208 0.7294675425399483 0.7026285903780823 0.7045628138379402 0.753389009895223 0.7588615335104768 0.7855084262748484 0.7660557154514778 0.8 0.8 0.8 0.8 0.8 0.8 0.8
-9999.0 -9999.0 -9999.0 -9999.0 -9999.0 -9999.0 -9999.0 0.642230070218499 0.6469399587331685 0.6384250578929686 0.6061595927763846 0.8 0.8 0.8 0.8 0.5556146609617223 0.5533854206806436 0.8 0.8 0.8 0.8 0.8 0.6659989987712228 0.5065453394384365 0.5088274275717944 0.517413903858529 0.4810076167519564 0.4950796926115617 0.4862304105894129 0.521585580137725 0.46301360068277786 0.42716891610728286 0.46945456168687005 0.44526375583827354 0.4586261555601399 0.4440391546596576 0.4364590445180817 0.5690216544163229 0.39395658122306787 0.4018950320144165 0.5665627778694144 0.6118143140115982 0.48142263178043343 0.48509862431898393 0.6019394634619248 0.8 0.5846867800386406 0.7524972074346289 0.7049287601242085 0.7142552614864084 0.6907000800524571 0.6623624342139833 0.7099475986334524 0.7111279761254234 0.7413809018347495 0.7717078901433484 0.7516506108073294 0.7765993077914953 0.7825129311970617 0.7777341800032443 0.7767301801175326 0.7515643093075264 0.7578394840330445 0.7677082764083369
-9999.0 -9999.0 -9999.0 -9999.0 -9999.0 -9999.0 -9999.0 0.6876576120926261 0.8 0.6256939400292492 0.5691270279847466 0.55172871526375 0.8 0.8 0.8 0.8 0.8 0.5479364355863384 0.5527094370900034 0.8 0.8 0.8 0.553550394422923 0.5106667861427795 0.5204000029303779 0.4960008577866518 0.501135352426491 0.4940995927850904 0.49173455151270934 0.4737076581351323 0.4926964618552514 0.4715862841096971 0.48348246535231987 0.5823587930840306 0.5093184911267696 0.4375473780507592 0.5990777357574639 0.5976177013496429 0.42896903595479385 0.3890671819407733 0.43138667899538413 0.5844560289152534 0.8 0.8 0.571004485381421 0.5836261894036554 0.8 0.6851870591979594 0.7025141990166537 0.7110382138263456 0.7381443407225406 0.7426559725182241 0.7243295705029642 0.7054617959483057 0.7569836760738167 0.7760903825483099 0.7741021613967882 0.7619843660592791 0.7381442992041007 0.7860198910937939 0.7479046600514021 0.7593709123033355 0.7470170679964729 0.7441561074585343
-9999.0 -9999.0 -9999.0 -9999.0 -9999.0 -9999.0 -9999.0 -9999.0 -9999.0 0.5513423874858969 0.5471110716217813 0.5640948353393951 0.5609721713511785 0.562954754900924 0.552907526791469 0.5614950564400724 0.8 0.5520682405919443 0.5507425911992914 0.8 0.8 0.8 0.8 0.5426342696369438 0.6749986166572821 0.6829043061563074 0.5143262895400097 0.4941912692337031 0.5013981746372094 0.4577813044598307 0.5731530495083106 0.466077287703487 0.5614055059802228 0.5747526936676803 0.8 0.8 0.7768053597220699 0.7781982374195725 0.8 0.8 0.5856151931814689 0.5868366389761908 0.8 0.8 0.8 0.5703435218684795 0.8 0.5715444511895096 0.6600954711511394 0.6792449046973339 0.7052903734217048 0.7051788381950767 0.6947440195359599 0.6875116305040486 0.6997946542235306 0.727396864633598 0.727146509718919 0.6992568032568732 0.6942665859645295 0.7235131718487829 0.6934277761498978 0.6886656686331081 0.7103671465094712 0.7033623307856253
-9999.0 -9999.0 -9999.0 -9999.0 -9999.0 -9999.0 -9999.0 -9999.0 -9999.0 -9999.0 0.5523953466838958 0.8 0.5521738485135751 0.5609032194231153 0.5541474237732174 0.5563782699229043 0.5544158777111025 0.5547550469203617 0.8 0.8 0.5547682775360152 0.8 0.5565538056273873 0.8 0.8 0.8 0.702179695124352 0.7401222186895307 0.7377444621370253 0.7423507939543114 0.49870865935143827 0.5665029660714788 0.5687278405662405 0.5759083201472375 0.7882886128425569 0.7802219543970409 0.8 0.7735029401078545 0.8 0.8 0.8 0.5928021920161121 0.8 0.8 0.8 0.8 0.8 0.6098484888230057 0.8 0.6962726971241457 0.7125744889406179 0.6805888378209867 0.7058253648347672 0.6943650627751032 0.6865034030469065 0.7122128304708771 0.6937244416962515 0.7249890019993608 0.6908171356347479 0.7033349220795374 0.7218735485727653 0.7265081856569059 0.7584017970651388 0.6941758599763375
-9999.0 -9999.0 -9999.0 -9999.0 -9999.0 -9999.0 -9999.0 -9999.0 -9999.0 -9999.0 -9999.0 -9999.0 0.5372668590791789 0.5530177123207639 0.8 0.8 0.8 0.8 0.557907618090016 0.8 0.8 0.8 0.8 0.684910301605483 0.7914293506686945 0.8 0.6382004585969168 0.6683155451786392 0.6788640290396047 0.8 0.8 0.5615675822547116 0.8 0.6254756281896026 0.8 0.8 0.8 0.8 0.8 0.8 0.8 0.5812553473372859 0.5767159762220522 0.5777607025417562 0.8 0.8 0.8 0.8 0.8 0.6328031596810826 0.6420723347567138 0.6572188751781811 0.6770248597254844 0.6802358309494981 0.6827943547848582 0.6776200144610658 0.697285312089541 0.700526803282174 0.6805933594898654 0.7040522557481649 0.7047797633204478 0.7067307931986625 0.7141415968468229 0.6806984768820784
-9999.0 -9999.0 -9999.0 -9999.0 -9999.0 -9999.0 -9999.0 -9999.0 -9999.0 -9999.0 -9999.0 -9999.0 -9999.0 0.5512754007000752 0.701061523393809 0.8 0.8 0.8 0.8 0.5535597171327084 0.8 0.8 0.8 0.8 0.774274794524412 0.7959671598070726 0.8 0.6502476558309512 0.6700222340031537 0.8 0.6164868996777871 0.7157965367998865 -9999.0 0.8 0.664685577729585 0.8 0.8 0.7753492664485595 0.8 0.7614373435193255 0.782508725251482 0.5758570584794843 0.5801870592121382 0.8 0.8 0.8 0.6508173219615554 0.6242111503714082 0.6105708027983872 0.6177760363229278 0.629853262998646 0.6574701991726478 0.6932877520512334 0.6605543850546899 0.6739281980110242 0.6519629161173089 0.6697803506565253 0.6809789189444114 0.6995699818812869 0.6793652215089793 0.68544846329456 0.6987510853036439 0.7109059068649936 0.7122533086719389
-9999.0 -9999.0 -9999.0 -9999.0 -9999.0 -9999.0 -9999.0 -9999.0 -9999.0 -9999.0 -9999.0 -9999.0 -9999.0 0.6211311233192284 0.6928673767280509 0.8 0.7094347439611044 0.6643057202394367 0.6304413250114129 0.5460166692808178 0.5445549551284432 0.5564536448333596 0.8 0.8 0.8 0.6659335137791706 0.8 0.8 0.8 0.6170479957990553 0.8 0.8 0.7359886114412726 0.8 0.8 0.8 0.8 0.7546390761997032 0.7199626188740685 0.784570078308114 0.8 0.7366933035122566 0.5707747838202464 0.8 0.8 0.8 0.6070383886821448 0.6576618923258852 0.6425672957121347 0.629417283920577 0.6101370418466749 0.6246838226558784 0.6492185868251861 0.6373835644402064 0.6450877286889894 0.6488233714789653 0.66857509280655 0.6615079691794029 0.67930258485986 0.6724743398570955 0.6879864131770498 0.6886214634076994 0.6770815938042143 0.6956360779060142
-9999.0 -9999.0 -9999.0 -9999.0 -9999.0 -9999.0 -9999.0 -9999.0 -9999.0 -9999.0 -9999.0 -9999.0 -9999.0 0.6720426095209392 0.694422198064122 0.7083196282420754 0.7051720403651959 0.8 0.6576935350711589 0.8 0.8 0.5450863698685441 0.5443769940189029 0.5508464487991337 0.6458182016676157 0.8 0.8 0.8 0.636644029219065 0.6433999084828016 0.8 0.7751941855346878 0.8 0.8 0.8 0.8 0.6957555667645775 0.744014386263469 0.7939455757973689 0.8 0.8 0.7378160757587062 0.5758320430853195 0.8 0.8 0.8 0.6274813184373387 0.6552786829309383 0.63397241156424 0.8 0.8 0.8 0.8 0.6320233451451697 0.6278904920005107 0.6338697478000731 0.640893692590579 0.6414449341380706 0.630389751569931 0.6688770967276986 0.6753394785207935 0.6521359950997223 0.6163130142978249 0.8
-9999.0 -9999.0 -9999.0 -9999.0 -9999.0 -9999.0 -9999.0 -9999.0 -9999.0 -9999.0 -9999.0 -9999.0 -9999.0 -9999.0 0.6551798582588194 0.6837500749482341 0.6981553545949272 0.6904563668247412 0.8 0.8 0.8 0.8 0.5407356659104202 0.8 0.8 0.8 0.68444267147226 0.656195838653967 0.6820436367748037 0.8 0.6390598238350021 0.6662420240873512 0.7105659440617706 0.6952086799227143 0.7597443899479814 0.7964590251270289 0.7439064132566965 0.7096430381048601 0.7638468192760833 0.8 0.8 0.5790188924397036 0.5709883005478938 0.5651207320592974 0.5615682240261869 0.5994012366152007 0.6323333768719215 0.6485019545491548 0.6335151513898799 0.63394419425125 0.6340643265151563 0.7981960814382286 0.615214561408863 0.6247349966923402 0.7889946598410661 0.6256849767048962 0.7996094561353642 0.6442577288254636 0.6429902238443971 0.6558675628200935 0.6470482552368682 0.6009659173097562 0.8 0.8
-9999.0 -9999.0 -9999.0 -9999.0 -9999.0 -9999.0 -9999.0 -9999.0 -9999.0 -9999.0 -9999.0 -9999.0 -9999.0 -9999.0 -9999.0 0.8 0.666075625154634 0.8 0.8 0.8 0.8 0.8 0.8 0.8 0.7101963326253866 0.726100259316425 0.712613960483987 0.7051604106926823 0.7122903947662864 0.6949949250587275 0.8 0.6894587279124204 0.7122534676702915 0.7146872101210731 0.8 0.7843555086607485 0.7835238757988501 0.7365576662369916 0.7660149183376669 0.7057702881126101 0.8 0.5770793139710537 0.5697995543516128 0.5667444791960745 0.5682997758101176 0.5689920532654985 0.6530735405344795 0.6561039952444615 0.6502868671097733 0.6424268909121685 0.6418981458546739 0.6400239399619598 0.6328238177465568 0.627762005282816 0.8 0.6212846073995613 0.8 0.6545675759427373 0.668474013083317 0.6556001698330538 0.8 0.8 0.8 0.8
-9999.0 -9999.0 -9999.0 -9999.0 -9999.0 -9999.0 -9999.0 -9999.0 -9999.0 -9999.0 -9999.0 -9999.0 -9999.0 -9999.0 -9999.0 -9999.0 -9999.0 0.5311122183821543 0.5328378835160641 0.5247215800250589 0.5170886518407987 0.8 0.8 0.7237448121081513 0.8 0.72813230333459 0.7251751364832436 0.7187427855941081 0.721613547347319 0.7006806884273554 0.8 0.7063158384918076 0.7168029551006221 0.7101176340160299 0.7861032082325113 0.799744158132352 0.8 0.8 0.8 0.7249282043306153 0.7467730562076558 0.5712316936687346 0.5653681513338383 0.5722417527895897 0.5654403159847312 0.5743724554334958 0.6645735518362459 0.6248502515463631 0.6456710298376952 0.6645797154047449 0.6290517874598757 0.6308668128329568 0.6394140564474352 0.6314746285941216 0.6275232736791754 0.7999555003216668 0.6386507998233606 0.6363932807131578 0.6464480626433496 0.7991545786286438 0.8 0.8 0.7864513540375463 0.8
-9999.0 -9999.0 -9999.0 -9999.0 -9999.0 -9999.0 -9999.0 -9999.0 -9999.0 -9999.0 -9999.0 -9999.0 -9999.0 -9999.0 -9999.0 -9999.0 -9999.0 -9999.0 0.8 0.5412360840984365 0.8 0.8 0.8 0.8 0.8 0.7163936649122389 0.7255910201423332 0.7049938953609043 0.7115217487201935 0.7244982702763061 0.7162293944864659 0.7115135650522625 0.7275721827560523 0.7195491906563255 0.8 0.7707151740817563 0.8 0.7994692440501338 0.8 0.8 -9999.0 0.7771276063276487 0.5673261538873293 0.5632278868270477 0.5704993549500267 0.6675463019802796 0.8 0.8 0.6336476495243449 0.6500981020899697 0.6308995161643791 0.6376828895787131 0.6566688842134355 0.6301719863289824 0.6404314847344688 0.6337973254683177 0.6763107174138773 0.6249079260969117 0.7972752649709237 0.8 0.8 0.8 0.8 0.8
