critload/trunk/output/2010/nue_corr_agri.asc
ncols 720
nrows 360
xllcorner -180.0
yllcorner -90.0
cellsize 0.5
NODATA_value -9999.0
[rows 84 to 111 of 360, columns 448 to 511 of 720]
0.7552156515842311 0.762015272845374 0.7724788217413437 0.789784951829451 0.8 0.8 0.8 0.0 0.0 0.0 0.0 0.0 0.0 0.0 0.0 0.8 0.0 -0.0 0.0 0.0 0.0 0.0 0.0 -0.0 0.0 0.0 -0.0 0.0 0.0 -0.0 0.0 0.8 -0.0 -0.0 -0.0 -0.0 0.0 -0.0 0.0 0.0 0.0 0.0 0.0 -0.0 0.0 0.0 0.0 0.0 0.0 -0.0 0.0 0.0 -0.0 -0.0 -0.0 0.0 -0.0 0.0 -0.0 0.0 0.0 -0.0 -0.0 -0.0
0.7539689986023432 0.8 0.7679983787981821 0.7714470956090884 0.0 0.8 0.8 0.8 -0.0 0.0 0.0 -0.0 0.0 0.0 -0.0 0.8 -0.0 -0.0 0.0 -0.0 -0.0 -0.0 -0.0 -0.0 0.0 0.0 -0.0 0.0 0.0 0.0 -0.0 -0.0 0.0 0.0 -0.0 -0.0 -0.0 0.0 0.0 0.0 0.0 -0.0 -0.0 -0.0 -0.0 -0.0 0.0 0.0 -0.0 0.0 -0.0 -0.0 -0.0 -0.0 -0.0 -0.0 0.0 0.0 -0.0 -0.0 -0.0 0.0 0.0 -0.0
0.7637909108799501 0.7797313081333237 0.8 0.8 0.8 0.0 0.8 0.8 0.8 0.8 -0.0 0.0 -0.0 -9999.0 -9999.0 -9999.0 -9999.0 -9999.0 0.0 -0.0 -0.0 0.0 -0.0 0.0 -0.0 0.0 0.0 -0.0 0.0 0.0 0.0 -0.0 0.0 -0.0 0.0 -0.0 0.0 -0.0 0.0 0.0 -0.0 -0.0 -0.0 0.0 0.0 -0.0 0.0 -0.0 -0.0 -0.0 0.0 0.0 -0.0 0.0 0.0 0.0 0.0 -0.0 0.0 -0.0 0.0 -0.0 -0.0 0.0
0.7637913609957703 0.7726407735061909 0.8 0.8 0.8 0.0 0.0 0.8 0.8 0.8 -9999.0 -9999.0 -9999.0 -9999.0 -9999.0 -9999.0 -9999.0 -9999.0 -0.0 -0.0 -0.0 0.0 0.0 -0.0 0.0 0.0 0.0 -0.0 -0.0 -0.0 -0.0 -0.0 -0.0 -9999.0 -0.0 -0.0 -0.0 -0.0 -0.0 0.0 -0.0 0.0 0.0 -0.0 -0.0 -0.0 -0.0 0.0 0.0 -0.0 0.0 -0.0 0.0 -0.0 0.0 0.0 0.0 0.0 -0.0 -0.0 -0.0 0.0 -0.0 0.0
0.7697928731656174 0.7764906167506985 0.8 0.8 0.8 0.0 0.8 0.8 0.8 -9999.0 -9999.0 -9999.0 -9999.0 -9999.0 -9999.0 -9999.0 -9999.0 -9999.0 0.0 -0.0 -0.0 -0.0 -0.0 -0.0 0.0 0.0 -0.0 0.0 0.0 -0.0 -0.0 -9999.0 -9999.0 -9999.0 0.8 0.5593749481536369 0.8 0.0 -0.0 -0.0 -0.0 -0.0 -0.0 -0.0 -0.0 -0.0 0.0 0.0 0.0 0.0 -0.0 -0.0 -0.0 -0.0 -0.0 0.0 -0.0 0.0 -0.0 -9999.0 -0.0 -0.0 0.0 -0.0
0.7651645825001007 0.8 0.8 0.5855773218280337 0.8 0.8 0.8 -9999.0 -9999.0 -9999.0 -9999.0 -9999.0 -9999.0 -9999.0 -9999.0 -9999.0 0.0 -0.0 -0.0 -0.0 -9999.0 0.0 -0.0 -0.0 0.0 0.0 -0.0 -0.0 -0.0 -9999.0 -9999.0 -9999.0 -9999.0 -9999.0 -9999.0 0.8 0.0 -0.0 0.0 0.8 0.8 0.8 0.8 0.8 0.0 0.0 0.0 0.0 -0.0 -0.0 -0.0 0.0 -0.0 -0.0 0.0 0.0 0.0 -0.0 0.0 0.0 0.8 -0.0 -0.0 0.0
0.574523966315325 0.7777078152246705 0.8 0.7978203286054574 0.8 0.5919097681627802 -9999.0 -9999.0 -9999.0 -9999.0 -9999.0 -9999.0 -0.0 0.0 0.0 -0.0 0.0 0.0 -0.0 0.0 -0.0 0.0 -0.0 0.0 -0.0 -0.0 -0.0 0.0 0.0 -9999.0 -9999.0 -9999.0 -9999.0 -9999.0 0.0 -0.0 -0.0 0.0 0.0 0.8 0.8 0.5443507019510629 0.5566452108360702 0.8 -0.0 -0.0 -0.0 -0.0 -0.0 -0.0 0.0 0.0 -0.0 -0.0 -0.0 0.0 0.5360497570731875 0.5445069046466002 0.0 -0.0 -0.0 0.5368809496339225 0.5371071433837644 0.5369026172973693
0.5684818883244126 0.5771974562821247 0.5888865584648809 0.8 0.5782953055099863 0.6051477652489141 -9999.0 -9999.0 -9999.0 -9999.0 -9999.0 -9999.0 0.8 -0.0 0.0 0.0 0.0 -0.0 0.0 0.0 -0.0 -0.0 -0.0 0.0 -0.0 0.0 -9999.0 -9999.0 0.0 -9999.0 -9999.0 -9999.0 -9999.0 -9999.0 -0.0 -0.0 0.0 0.0 0.0 -0.0 0.0 0.0 0.0 -0.0 -0.0 0.8 0.8 0.0 0.8 0.8 0.0 0.0 -0.0 0.0 0.0 0.0 0.5452700159824057 0.5462194461918582 0.5465748805518628 0.536956996942036 0.5361813401259159 0.5361962308552227 0.5358225010972277 0.5352620438434419
0.5953939120828595 0.5800408579913401 0.5871090173849488 0.8 0.8 0.6116657266996789 0.6225082161386112 -9999.0 -9999.0 -9999.0 -9999.0 -9999.0 -9999.0 -9999.0 -0.0 -0.0 0.0 -0.0 0.0 -0.0 0.0 0.0 -0.0 0.0 -0.0 -9999.0 -9999.0 -9999.0 -0.0 0.0 -0.0 0.0 -0.0 -0.0 -0.0 0.0 0.0 -0.0 -0.0 0.0 0.0 0.0 0.0 0.0 -0.0 0.8 0.8 0.8 0.0 0.8 0.0 0.5321777347681962 0.531353335230846 0.5301683583203383 0.5408420362038368 0.5411245938674368 0.540298545963114 0.5403064415138202 0.5378013128737629 -9999.0 0.5308343265751865 0.5308260128813699 0.5323753859491094 -9999.0
0.6002379389058623 0.5880394772502926 0.6002014508621175 0.6044135296640116 0.6181149153386046 0.6070312539232329 0.6037017423235769 -9999.0 -9999.0 -9999.0 -9999.0 -9999.0 -9999.0 -9999.0 -0.0 0.0 -0.0 -0.0 -0.0 -0.0 -0.0 -0.0 -0.0 -0.0 0.0 -0.0 0.0 -9999.0 0.33387294447814325 0.3100539410047932 0.33475895926356913 0.2740987541518741 0.33515147800534767 0.33549928538300294 0.0 0.0 -0.0 0.0 0.0 -0.0 -0.0 0.0 0.0 0.0 0.0 0.0 0.8 0.5457990991303555 0.5372243671632441 0.535840946365186 -9999.0 -9999.0 -9999.0 -9999.0 0.8 0.8 0.5223414659038168 0.5329952705804996 -9999.0 -9999.0 0.8 0.8 0.8 0.8
0.7787890329171383 0.797108553163243 0.8 0.7903988060455861 0.8 0.8 0.5953088558861817 0.5960338464583066 -9999.0 -9999.0 -9999.0 -9999.0 -9999.0 -9999.0 -9999.0 -0.0 -0.0 0.0 0.0 0.0 -0.0 0.0 0.0 -0.0 0.0 0.0 0.0 0.0 0.3340568518956135 0.3345735282266989 0.21838591029347817 0.2266517353591958 0.33559276059348464 0.33552603360455846 -0.0 -0.0 -0.0 0.0 0.0 -0.0 -0.0 -0.0 -0.0 0.0 -0.0 -0.0 0.5428609813515091 0.5425647966484519 0.5344192396927542 0.5341616478188367 0.8 0.8 0.8 -9999.0 -9999.0 0.8 0.47195597371759906 0.8 0.8 0.8 0.8 0.8 0.8 0.8
0.38639003447735526 0.35019833475302226 0.35630327822419955 0.3623729878490281 0.8 0.8 0.8 0.599426916156878 0.6192859274082961 -9999.0 -9999.0 -9999.0 -9999.0 -9999.0 -9999.0 -9999.0 -0.0 0.0 -0.0 -0.0 -0.0 0.0 -0.0 0.0 0.0 -0.0 0.0 0.0 0.5459776628706698 0.5915769425476233 0.5443156280518556 0.5773014812743869 0.33559252649213234 -0.0 -0.0 -0.0 -0.0 -0.0 -0.0 -0.0 -0.0 -0.0 -0.0 -0.0 -0.0 0.0 0.5446364684860315 -9999.0 0.5315894685418947 -9999.0 -9999.0 0.8 0.8 0.8 0.8 0.5060677738287485 0.5046621491594262 0.5041667449413055 0.5009947338848058 0.527925929686334 0.5030437917022705 0.8 0.8 0.8
0.3474519932013024 0.4755217861613593 0.4391904088923655 0.4299781625204386 0.1446210177944177 0.8 0.8 0.8 0.6035779742647426 0.4443485000945462 -9999.0 -9999.0 -9999.0 -9999.0 -9999.0 -9999.0 -9999.0 -0.0 -9999.0 -9999.0 -0.0 -0.0 -0.0 0.0 0.0 -0.0 -0.0 0.0 0.0 0.5727154970982524 0.5730707522611107 0.5764718477010046 0.21727175305552507 0.27765393946688965 0.3340189747223858 0.0 0.0 0.0 -0.0 0.0 0.33164384386378437 0.0 -0.0 0.0 0.3222307468728277 0.5455324935331372 0.5419347920898451 0.5419766781947285 0.5393579814024467 0.8 0.8 -9999.0 0.31841409578836916 0.8 0.5063127868598915 0.5084083036349558 0.8 0.8 0.8 0.8 0.8 0.8 0.505762658597179 0.5043981907885133
0.36010765610144196 0.45967131668477795 0.5514112815524219 0.8 0.40338972551272917 0.4191820908876163 0.8 0.8 0.8 0.49597361971512066 0.8 -9999.0 -9999.0 -9999.0 -9999.0 -9999.0 -9999.0 0.0 -9999.0 -9999.0 -9999.0 -0.0 0.0 0.0 0.0 0.0 -0.0 0.0 0.0 -0.0 -0.0 -0.0 0.592519256476528 0.33254004556856265 0.3323081926186918 0.33195378892116745 0.0 -0.0 -0.0 0.0 0.0 0.3322480150368243 -0.0 0.0 0.0 -0.0 -0.0 0.8 0.8 0.5321440522944713 0.2112015327600049 0.31868269067922594 0.31989263505047993 0.31962829664107784 0.8 0.26231712187478906 0.4900415323605208 0.49779683610076003 0.5214680802221036 0.5189072817820735 0.5171351064376343 0.5171780351783986 0.5105876292885196 0.8
0.5355537656705497 0.8 0.8 0.5520473440443411 0.5311371156284322 0.48754762424663534 0.4586784892278534 0.47274504954054797 0.46463861897911435 0.8 0.8 0.8 0.8 -9999.0 -9999.0 -9999.0 -9999.0 -0.0 0.0 0.0 -9999.0 -9999.0 -0.0 -0.0 -0.0 0.0 -0.0 -0.0 -0.0 -0.0 0.0 0.0 -0.0 -0.0 0.0 -0.0 0.33177314238821803 0.0 0.0 -0.0 0.0 -0.0 0.33105790872334073 0.3234046727180622 0.33034375602403215 0.0 -0.0 0.32954722048369844 -0.0 0.2850410329708301 0.21370115899616565 0.32002814867343854 0.2810697696397387 0.3239902612220624 0.22109323691917493 0.20959457192036318 0.20815972760491747 0.2220477975015266 0.8 0.5125986953297736 -0.0 0.8 0.8 -0.0
0.43876349284730204 0.5030456222393056 0.8 0.8 0.8 0.8 0.3615918010072574 0.38673456546106943 0.3657361053997861 0.5360260118700186 0.5713944938304154 0.8 0.8 -9999.0 -9999.0 -9999.0 -9999.0 -0.0 -0.0 -0.0 -0.0 0.0 -0.0 -0.0 0.0 0.0 -0.0 0.0 0.0 0.0 -0.0 -0.0 -0.0 -0.0 -0.0 -0.0 0.5531633407062301 0.0 0.0 -0.0 0.3240707522463246 0.3038071422918843 0.37956142097320955 0.32751086168966015 0.3251997190060544 0.3256517491063425 0.32352270630001934 0.3210732723780892 0.0 0.0 0.17694780572035118 0.28085813508310925 0.28028734239537345 0.26447638615842556 0.46613642961950336 0.321803823652208 0.8 0.8 0.8 0.5228213887771493 0.5295410376943575 0.0 -0.0 -0.0
0.43359739212127424 0.4740601238252604 0.8 0.8 0.8 0.8 0.4983654527233183 0.3597770496182571 0.3882120398773067 0.41660365155705364 0.8 -9999.0 -9999.0 -9999.0 -9999.0 -9999.0 -9999.0 -9999.0 -0.0 -0.0 -0.0 -0.0 -0.0 -0.0 -0.0 -0.0 -0.0 -0.0 0.0 -0.0 -0.0 -0.0 -0.0 -0.0 -0.0 -0.0 0.0 0.551120545734989 0.3326040702228086 0.32804449881304837 0.23411441998017057 0.32877983115939025 0.3311206345897885 0.32124143020460505 0.31915551358213606 0.21758777454188924 0.2596069096311388 0.3188917812978696 0.3244645502793854 0.2766899536840629 0.2789206121194472 0.8 0.8 0.8 0.8 0.8 0.8 0.8 0.8 -0.0 0.6731290516934598 0.6395795729218541 0.6391861429784819 0.5046243757891922
0.4071514046476747 0.39186709066983566 0.5357592199186876 0.58042289208591 0.8 0.8 0.8 0.40153563840547135 0.3772903747632222 0.4312323936626135 0.5171570001628522 -9999.0 -9999.0 -9999.0 -9999.0 -9999.0 -9999.0 -9999.0 -9999.0 -9999.0 -0.0 0.0 0.5850513183711938 0.5850530029958803 0.5809880538111414 0.5809863270953125 0.0 0.0 -0.0 -0.0 0.0 0.0 -0.0 0.0 -0.0 -0.0 0.0 0.6013811613961056 0.5791659018696476 0.3281142693381851 0.3318178346688732 0.3307984830684857 0.3263496408945354 0.3219986320773558 0.40348449246651313 0.3553948359906717 0.32366031120739075 0.28279840862112016 0.28305105011448456 0.0 -0.0 0.0 0.2822106208540842 0.28195220865798687 0.0 0.27414177905493947 0.2746064279521867 0.0 0.0 -9999.0 -0.0 -0.0 0.6427877337100293 0.49010324296834973
0.47511622990663777 0.8 0.38752470361249686 0.8 0.4752418367646527 0.45606576976427476 0.8 0.8 0.8 0.4990437851589205 -9999.0 -9999.0 -9999.0 -9999.0 -9999.0 -9999.0 -9999.0 -9999.0 -9999.0 -9999.0 -9999.0 -9999.0 -0.0 0.0 0.5828940515854513 0.591513143045611 0.5783285557974871 0.0 0.597297833643853 -0.0 0.0 0.0 -0.0 0.0 0.0 -0.0 0.0 -9999.0 0.6218207782579708 0.5784682494075699 0.5836646369424541 0.32488392168790153 0.3267921207526506 0.23140047039886477 0.28413650280103414 0.32277778104323396 0.31913163756958396 0.3193313566614331 0.28560126531399666 0.2820543109643861 0.28209798596486746 0.28193728644385285 0.472097687622073 -0.0 0.0 0.0 0.0 -9999.0 -9999.0 -0.0 -0.0 -0.0 -0.0 0.0
0.5209459868797759 0.35548344988894093 0.8 0.34125470927300044 0.39965700572299595 0.8 0.4103432116962586 0.3986374106244501 0.38233294824552017 0.4209526591692758 -9999.0 -9999.0 -9999.0 -9999.0 -9999.0 -9999.0 -9999.0 -9999.0 -9999.0 -9999.0 0.0 0.0 0.6138981923950565 0.6047941171705451 0.6097525531921317 0.8 0.6193450922089662 0.5871800503111531 0.5923008620105104 0.5836303070738557 0.6138406885895582 0.6125636696486836 0.5990869754422538 0.5990816925208644 0.6036753008788202 0.6042221477619323 0.6242118735331904 -0.0 -0.0 0.0 0.5839839215337622 0.5881917243286655 0.5707669939131224 0.5763850501953954 -0.0 -0.0 0.3238714369138907 0.2868332332386591 0.3216702857148589 0.28072791465914854 0.27867706564637923 0.2752236316946695 0.2849891461847497 0.8 0.3946783886123082 -0.0 0.0 -0.0 -0.0 -9999.0 -9999.0 0.0 0.6901894550259893 -0.0
0.5196364123676755 0.4087819508672811 0.3557501612530109 0.3905848496782428 0.42301029070485924 0.8 0.8 0.3982421429348777 0.8 0.4676595309983418 0.3616279628368742 -9999.0 -9999.0 -9999.0 -9999.0 -9999.0 -9999.0 -9999.0 -9999.0 -9999.0 0.0 0.5571060962849016 0.8 0.8 0.43486704355308403 0.40588969616668463 0.8 0.8 0.5892025479701924 0.6068474939356561 0.6058242861174307 0.577876604951239 0.62524945109889 0.6141855586114192 0.6213255347703954 0.1908143364118088 0.2604796341515375 0.6238557874026376 0.6239293114361246 -0.0 0.614693632214003 0.6198056401607429 0.5938950858510328 0.585648138836 0.5742836432139923 0.3306465415693839 0.3073001344656112 0.3700854485626227 0.2822012923333383 0.27364811400644606 0.4447291890425772 0.29411818461546435 0.8 0.8 0.8 0.28491382414105665 0.0 -9999.0 0.0 -0.0 -9999.0 0.0 0.6431020027378979 0.6431076555430607
0.5184056983426789 0.8 0.3212118298515139 0.37701471214700394 0.32282873868675294 0.8 0.8 0.38045910231287644 0.8 0.8 0.3698986727252236 0.32368774724397836 0.40314242888328017 -9999.0 -9999.0 -9999.0 -9999.0 -9999.0 -9999.0 0.6014411147760443 0.8 0.3072067794833131 0.3233318411396654 0.8 0.8 0.4323663954647167 0.3824814601274921 0.4187961408866492 0.3633301893556986 0.8 0.40876211137065055 0.6180278101110614 0.6153109113188416 0.6283340242028733 0.6014344744503204 0.6236894274112874 0.6058247925354745 0.0 -0.0 -0.0 0.0 0.6313303481138971 0.48080083277542335 0.8 0.8 0.8 0.8 0.3620867098450527 0.28691263772449443 0.4066099573697257 0.21796996509402417 0.8 0.8 0.8 0.8 0.0 -0.0 0.27538055157325136 -9999.0 -0.0 -9999.0 -0.0 0.6889618598601299 0.0
0.8 0.7998266295891506 0.33547774845551415 0.3936191882147098 0.8 0.44563824026181525 0.4309205478817903 0.8 0.8 0.8 0.8 0.8 0.41875377710235023 0.3967782187214756 0.8 0.42083708191471136 -9999.0 -0.0 0.8 0.3726385667796465 0.3899968896817964 0.8 0.8 0.8 0.8 0.8 0.3621627903618068 0.39599815002556193 0.8 0.3902660207202511 0.3663875835355551 0.4425416484941693 0.8 0.6032175469005432 0.594029327376599 -0.0 0.6089153564846083 0.5953438236797622 -0.0 0.0 0.0 0.8 0.8 0.49761620650266236 0.4939785419632265 0.48805760911277984 0.8 0.8 0.8 0.496106159778302 0.505217384847857 0.8 0.48896923578899987 0.4857285033675835 0.8 0.31012293790868795 0.7912961927996484 0.18148961872877573 0.17358732690827078 -9999.0 -9999.0 -9999.0 0.0 0.0
0.5039357026836806 0.5091383346384798 0.5131835581772077 0.3399758672877339 0.8 0.8 0.8 0.3856096879312054 0.3499834678675658 0.8 0.3834936644553843 0.8 0.36130815289342044 0.8 0.443932755440781 0.40994259285020906 0.8 0.8 0.8 0.8 0.8 0.8 0.8 0.8 -0.0 0.8 0.8 0.3953263217076523 0.40559293730329476 0.36290299480303856 0.41520566081081933 0.3293922050848409 0.8 0.8 0.5871513033277246 0.0 -0.0 0.5988755854149244 0.5942957200439034 0.6192272176787286 0.5804546676916077 0.4926468371529803 0.8 0.8 0.8 0.8 0.8 0.8 0.8 0.8 0.4987228871331197 0.8 0.8 0.8 0.8 0.18352623733917525 0.18272491498981167 -9999.0 0.1827447238747736 0.18055511634731866 0.17351285848045075 0.1693820561053 -9999.0 -9999.0
0.560136427490569 0.5356385521496544 0.5136485191273529 0.7971787690345072 0.8 0.4235408977985918 0.8 0.34723260669535777 0.8 0.37226432423809663 0.8 0.8 0.8 0.8 0.3910260027109224 0.8 0.8 0.8 0.8 0.8 0.8 -0.0 0.0 -0.0 0.0 0.8 0.8 0.8 0.8 0.8 0.8 0.3756303116130745 0.8 0.8 0.8 0.5922662729015722 0.5947258352180791 0.5958030584968895 0.5081714872805918 0.5006724697358874 0.4969782787898599 0.498719511419445 0.8 0.8 0.47984687610302573 0.8 0.8 0.8 0.8 0.8 0.48969965601932247 0.8 0.8 0.8 0.8 0.1782746043841062 0.18149761107145687 0.18117459016418422 0.17682770622258304 0.17947409581542667 0.17993359371814355 0.17986457996597233 0.18010161716878623 0.18083395002304395
0.5424422269268668 0.5184003378796121 0.49754565073483276 0.4810915907540829 0.3344950981699743 0.8 0.8 0.8 0.345921930828494 0.3372167243306232 0.8 0.8 0.8 0.8 0.8 0.3642764942621096 0.8 0.8 0.8 0.0 0.0 -0.0 -0.0 0.0 -0.0 0.0 -0.0 0.8 0.8 0.8 0.3579750483214496 0.3738522508317678 0.3793255174866382 0.34292311834529704 0.8 0.8 0.5093083498437422 0.8 0.8 0.8 0.8 0.8 0.8 0.8 0.8 0.8 0.8 0.4763627431746131 0.48244494992148 0.8 0.48877888994165825 0.502179127585202 0.722758631925317 0.8 0.47878043421081895 0.22680701964671182 0.2870451349618397 0.37555726518249855 0.4128475569449342 0.17963687315940316 0.18025747836708034 0.17978273992853175 0.18083412205523683 0.17696407858895005
0.8 0.48948650860107784 0.5149502094102214 0.3426532797350261 0.8 0.8 0.8 0.8 0.37261808332570456 0.8 0.8 0.8 0.8 0.8 0.8 0.8 0.0 -0.0 -0.0 -0.0 -0.0 0.0 -0.0 -0.0 -0.0 0.0 -0.0 0.8 0.8 0.8 0.8 0.8 0.8 0.8 0.8 0.8 0.4647453272140084 0.8 0.4806770451226843 0.8 0.8 0.8 0.8 0.8 0.8 0.48387866800728385 0.8 0.48495917203034533 0.8 0.4933696978607245 0.48970506609644143 0.5108086508436195 0.8 0.4919404925561991 0.3177231769827224 0.15826032203560514 0.2801805904138003 0.18331402139726785 0.3600406451774727 0.18314977551453834 0.4182286382346029 0.17751465754427762 -9999.0 -9999.0
0.5053791298043762 0.4874474601322844 0.47125066588849296 0.3690817564346876 0.8 0.8 0.8 0.8 0.8 0.8 0.8 0.34454218256748503 0.8 0.8 0.8 0.8 -0.0 0.0 -0.0 0.0 0.0 -0.0 0.0 -0.0 0.0 0.8 -0.0 0.8 0.8 0.8 0.8 0.8 0.8 0.8 0.8 0.8 0.4867633944298861 0.49180670057123893 0.48105527577466356 0.46279632159167267 0.4633695957406913 0.4698786461313508 0.8 0.8 0.8 0.8 0.8 0.8 0.4830489650543233 0.4807579680731726 0.46877039499269535 0.5094431872025369 0.4852829531071351 0.4526554068563832 0.16012225509639919 0.12542438471687242 0.16102350969668294 0.27189831016692106 0.20873786985194887 0.3171399408104567 0.28644519620162223 0.2834430508279738 0.3410623961431171 0.2987023043976986
