critload/trunk/output/2010/nup_crit_sw_ara.asc
ncols 720
nrows 360
xllcorner -180
yllcorner -90
cellsize 0.5
NODATA_value -9999
[rows 196 to 223 of 360, columns 372 to 433 of 720]
-9999.0 -9999.0 -9999.0 -9999.0 -9999.0 -9999.0 -9999.0 -9999.0 -9999.0 -9999.0 -9999.0 -9999.0 -9999.0 -9999.0 47512584.476745136 69505840.2089517 49237798.19343561 59440237.60634407 100937427.14246976 -9999 -9999 89475050.63983163 -9999 -9999 -9999 114546379.17496154 109051129.0313601 138666398.52800745 95808929.44259718 -9999 -9999 -9999 -9999 180635741.0773997 329267191.0156285 -9999 456652009.9957807 258470064.62688646 452734340.84153724 222157299.87679973 139476048.07830927 837196.5361071203 200329996.2534312 -9999 387116026.42412996 96364545.66375035 225277517.72704536 237035533.46624747 281721330.3096439 11947.197038856206 53024206.5710881 50392659.62448581 58801269.638012834 254397.21447222022 24047601.09382327 121551096.57173832 187412475.90969485 34698612.760782026 70028839.90055533 87482819.891376 141045197.75485024 187618541.68605998
-9999.0 -9999.0 -9999.0 -9999.0 -9999.0 -9999.0 -9999.0 -9999.0 -9999.0 -9999.0 -9999.0 -9999.0 -9999.0 -9999.0 153532.34102571828 30034577.74553707 -9999 62296620.001510054 88747061.84091327 124962693.33096494 -9999 87364354.22594754 47510586.151926756 -9999 -9999 128008846.84859982 119887595.01208726 -9999 -9999 -9999 105994798.41228242 -9999 -9999 -9999 568671867.6485891 595398412.0477672 344070396.5044053 473966414.67748386 12200883.527318845 207669627.62953264 130506569.37238793 -9999 -9999 -9999 148711584.5367996 75828.21775205238 59812072.43595479 10316.838775093529 -9999 48186218.348405026 31806508.033083137 52008045.03251015 41632475.33589933 7840113.443456115 49956852.02363874 81879062.27223781 60740970.65941183 14952830.105361763 82625312.5432527 25314943.629329026 196560303.15016428 129341838.46860984
-9999.0 -9999.0 -9999.0 -9999.0 -9999.0 -9999.0 -9999.0 -9999.0 -9999.0 -9999.0 -9999.0 -9999.0 -9999.0 -9999.0 39438032.15183713 49411487.576448366 -9999 37682993.29548461 65841433.95958398 58242832.388697006 117836256.21952803 -9999 125679387.32898001 -9999 -9999 -9999 -9999 126986375.8559575 -9999 112800990.3615029 116977319.60148582 68484330.49591878 -9999 324990258.8741222 790002700.2880613 595026048.6688889 510906209.55933475 -9999 317219271.51271886 3403394.3659193506 112025213.29445362 -9999 156394043.70312104 415464234.0839394 23198757.33699913 128345.28921893863 169550259.20471665 150961590.0681386 146518185.72416896 160650347.12443447 175418281.15130156 63927380.654421 104650513.85591783 2146912.3215249833 24580094.999507565 20670840.029743377 54639403.77003329 62608507.86689129 121581266.77268511 5169620.5158615075 120499437.53038374 -9999
-9999.0 -9999.0 -9999.0 -9999.0 -9999.0 -9999.0 -9999.0 -9999.0 -9999.0 -9999.0 -9999.0 -9999.0 -9999.0 -9999.0 134462481.03317314 126327692.89257717 51792960.15732358 47839157.34615036 76395116.871998 -9999 109787137.63969544 -9999 27044309.180844966 110958051.2652745 170983720.671353 -9999 -9999 -9999 131494275.85135056 134668083.60502258 129013291.37181021 -9999 -9999 240245611.857156 375155799.2804999 398481043.2877656 474345498.65946406 -9999 -9999 247423559.18274552 134353911.76553616 454174436.82507175 74214452.21437229 398562603.95221514 1367995998.7050202 264115096.3547218 147738282.9875136 134341036.98730022 174895137.89984816 172673276.67368302 200302012.91011035 23451625.842753112 93787741.34373382 99897104.98737685 34667013.06206188 11820919.985239295 137062.5728685299 94483390.25208429 71779594.76621568 -9999 -9999 -9999
-9999.0 -9999.0 -9999.0 -9999.0 -9999.0 -9999.0 -9999.0 -9999.0 -9999.0 -9999.0 -9999.0 -9999.0 -9999.0 -9999.0 -9999 113878217.08290343 -9999 37434919.12277631 -9999 -9999 -9999 -9999 140847904.08729246 -9999 -9999 121440807.61743858 -9999 134476964.51206848 165627073.48070866 168084192.80889183 -9999 -9999 75655131.28575486 468292467.68791395 331242405.23851454 -9999 113494680.62868665 211278446.5514811 144609303.30294484 319612260.21426797 253641156.04216307 423317245.0133937 346410199.9564776 -9999 567005843.7030059 133206740.82015897 149834640.7141537 160579011.31160906 189804941.1759441 143187125.69612372 186670307.57390895 56157379.52924456 118090569.38060871 73849104.0457972 15914686.830504661 28792915.643606447 125997.64546365099 83608900.14816423 99023006.02536194 111895508.5674329 97147112.94929509 -9999
-9999.0 -9999.0 -9999.0 -9999.0 -9999.0 -9999.0 -9999.0 -9999.0 -9999.0 -9999.0 -9999.0 -9999.0 -9999.0 -9999.0 -9999.0 64062837.11974511 13979972.973999716 39392317.24670404 67930960.97251958 101591414.1923769 -9999 -9999 -9999 -9999 -9999 -9999 110811179.84116645 168453289.3883844 156378235.80922717 180934498.5026716 150046422.6282721 -9999 60301207.57424144 293393427.24668473 397135899.8906415 313871615.7851207 391772941.3934195 392192443.39082986 295348361.9171291 354047570.1673646 285034892.8386258 281714460.4125551 118429200.89581762 144056122.02727744 941428647.1215013 147513221.9897325 184507979.87663463 294807666.4203175 244429318.98840025 -9999 205629678.6511966 209467572.8590085 99086618.44403264 -9999 28548536.909526724 18717141.389408454 11770557.821235105 78160909.86686084 81149919.16380304 43416920.308973454 109895735.5498284 156386338.90709797
-9999.0 -9999.0 -9999.0 -9999.0 -9999.0 -9999.0 -9999.0 -9999.0 -9999.0 -9999.0 -9999.0 -9999.0 -9999.0 -9999.0 -9999.0 35831431.117612876 75234.88207203128 38158995.4470693 38765231.60011606 104398050.78580035 146227333.7175411 92614107.03493607 -9999 -9999 -9999 -9999 128262631.7265044 124000757.51907445 144383362.40183955 144521034.7299018 562322261.7575027 595047413.8810896 135204610.20292297 133038064.01740564 150580867.38681957 -9999 158517593.21577212 -9999 841082553.663607 694049035.8807291 -9999 440894414.94765985 538695333.881872 870802314.6923711 10185.885300816139 173887815.54560387 205320403.6887291 132088530.78666109 -9999 233656664.84821042 207558373.36977318 174380908.47683552 72664722.08724032 -9999 652284.845958885 14698696.146554902 24130009.05502603 63873385.59942279 78035117.19373325 165473949.24154565 166232832.8444743 171388321.53130984
-9999.0 -9999.0 -9999.0 -9999.0 -9999.0 -9999.0 -9999.0 -9999.0 -9999.0 -9999.0 -9999.0 -9999.0 -9999.0 -9999.0 -9999.0 11144866.90385925 26214129.81627744 47834106.757729 66385139.763068885 56405013.97903353 74815347.3434835 66226522.1643635 101000138.5661591 -9999 -9999 -9999 -9999 124419324.3100835 144261940.02543887 185976792.39091524 -9999 -9999 348592782.73505664 443387915.6131265 -9999 -9999 112423595.50726818 -9999 -9999 -9999 -9999 -9999 1515766033.5407941 490413005.4506078 -9999 206193496.48175234 197587266.759731 1075540194.163222 -9999 229207319.21336985 216853833.51048687 121911745.50843634 40824407.64492559 83798589.15980867 66129785.2139957 18193029.357154686 42449775.976768754 11183.939762412303 201092156.76063728 258742480.54923776 236162938.7022646 217744252.16726264
-9999.0 -9999.0 -9999.0 -9999.0 -9999.0 -9999.0 -9999.0 -9999.0 -9999.0 -9999.0 -9999.0 -9999.0 -9999.0 -9999.0 -9999.0 69919.95493586233 83243.96523892689 45701110.30300443 59462769.32237695 63850858.8366114 77545936.06889099 45558916.30331833 70007977.22247331 101778678.74588417 -9999 134478938.41413164 130992545.29946396 -9999 160364276.11738327 488758623.74120986 526945218.2151767 297507923.35538787 189723750.39452818 -9999 -9999 -9999 -9999 -9999 -9999 190641011.2553656 193330485.9180813 -9999 -9999 11899912369.845472 160464.1565184119 6084357424.365399 220361399.68217617 253317913.28335178 -9999 -9999 88338270.41345763 61205827.28462949 -9999 64985495.77167533 109010096.92824903 26044723.8828767 51514.62039433489 177214698.44602776 205033307.6087939 183578266.48186737 178865698.17293882 -9999
-9999.0 -9999.0 -9999.0 -9999.0 -9999.0 -9999.0 -9999.0 -9999.0 -9999.0 -9999.0 -9999.0 -9999.0 -9999.0 -9999.0 158927.0704990484 111544.93164424923 10084169.721430322 39511734.2130351 38861860.11261953 36997177.27756645 76487597.76080276 63694366.17252542 96036528.81451164 109228283.27976708 128911984.34307912 131319697.82917875 137313918.29585335 142575759.6209559 158449662.42913684 166838738.1794554 706125163.3760678 549780177.696712 415933063.17851996 241519668.26907298 -9999 126226995.39298616 -9999 -9999 -9999 -9999 -9999 -9999 -9999 156897617.47094956 192796659.64233822 742953.7363276365 958764878.527456 5729783179.435957 162476260.64474514 117105357.39243606 51913592.66260542 -9999 -9999 51772719.70527677 26956530.13543595 9670579.279212816 44746307.40556154 123919204.60366848 123749316.43500072 145834328.1564591 81747999.63227607 -9999
-9999.0 -9999.0 -9999.0 -9999.0 -9999.0 -9999.0 -9999.0 -9999.0 -9999.0 -9999.0 -9999.0 -9999.0 -9999.0 -9999 33819624.13350813 30124267.68830893 499382.7350200906 30058852.14419034 42601758.963636324 69654845.96995881 74171767.22144723 48512746.2193195 23402184.99243783 -9999 110761685.23176767 122358788.26979972 136294649.22338665 139838419.0801551 85372305.09168436 -9999 174929253.00449315 1038114802.6353872 1765551361.1831012 604917056.341136 175934474.4775002 192641018.0770946 224330081.4282135 78671332.56751645 109435241.19659966 119187588.14587015 -9999 -9999 226843743.1292066 212294362.95594555 152280484.02219573 186988191.03303763 1196780245.8205884 150210219.54248738 103836347.34697817 141106092.51337194 47464879.75592216 -9999 66323858.4797708 40596064.0798611 33923045.697929494 6131562.155821081 31417580.256541368 55844756.770580985 110865356.62974092 105851797.64227968 163296554.5520501 179981108.15199086
-9999.0 -9999.0 -9999.0 -9999.0 -9999.0 -9999.0 -9999.0 -9999.0 -9999.0 -9999.0 -9999.0 -9999.0 -9999.0 1715.576418030231 64.21017397152403 36936.911923336105 33593963.25922281 31289797.162347104 47325132.2923888 71737861.03572516 78123068.02257134 6812.22841737627 26217808.08196285 -9999 118660284.8293267 123604316.0631978 134890680.24438867 71928514.30645676 80505076.54717714 79269124.80422676 107179120.42707533 140770672.89296278 950962715.1467859 874343655.5898465 175212557.50521967 204069037.2147296 1590.0572052188013 -9999 209503874.71221498 136105800.3026025 -9999 245041159.32000184 465477660.5911753 202767100.11658236 159969992.35761485 85069631.1145417 91038168.0855453 62107948.03948984 138526129.72704133 31145998.01419942 90318681.05219981 53984983.097534046 20408149.900251713 13808931.733254598 25612557.200032044 12066975.48616505 35276193.044922195 103110.88396708822 62181147.9931238 126152192.4245654 215474953.16645837 127784777.88635932
-9999.0 -9999.0 -9999.0 -9999.0 -9999.0 -9999.0 -9999.0 -9999.0 -9999.0 -9999.0 -9999.0 -9999.0 14670.293956215 1528.007531990609 11218298.766204901 27286957.865783464 33906183.99083642 159034.67351740532 44140849.41115345 -9999 61922767.80293656 -9999 16989269.763313547 81369488.64298938 101124903.21458983 82284695.31611043 123566210.47657834 40362592.83758858 143341006.28755462 -9999 -9999 174553693.99753475 -9999 -9999 752117117.2754236 295794529.3420777 -9999 179877434.34498873 202049913.96547374 -9999 -9999 -9999 224964794.87107795 124462519.84817125 112246456.32808933 42766874.37744072 58889831.291698076 101163167.2104735 19760787.77916514 20502205.02738096 71217865.21530429 39948814.936570115 34772145.03869866 93221519.36606778 72440597.55125935 24354001.550539784 22119128.906077974 278369.2378010411 4210424.477097556 3761058.0313639087 13458760.250425864 107156.60638221061
-9999.0 -9999.0 -9999.0 -9999.0 -9999.0 -9999.0 -9999.0 -9999.0 -9999.0 -9999.0 -9999.0 -9999.0 -9999 278.85995389009446 22241744.46638893 28799043.43503387 1471064.4143448842 22374462.386484932 50560955.813451305 76258782.82011923 89234001.30684468 78911633.15239045 15678239.24573138 69766111.87718156 67881795.05908991 104942149.62189448 109024501.73077929 33120931.41436623 -9999 142854527.17117426 -9999 -9999 -9999 -9999 608701504.6601845 586442827.4953173 236493520.26761556 129725724.59508604 159941325.26492447 -9999 -9999 44014941.536177926 111168652.67481641 175420506.4100081 155178857.15180114 38316172.229741454 13090792.031748272 -9999 27845.289116201995 43503781.20891782 71247972.43517043 30797173.710813 20293557.017312564 65562043.59897785 94821454.13265042 57214082.05216283 29240264.993796997 29660217.34152293 8619054.13432914 37109675.42197681 23277606.322194133 56518667.2960734
-9999.0 -9999.0 -9999.0 -9999.0 -9999.0 -9999.0 -9999.0 -9999.0 -9999.0 -9999.0 -9999.0 -9999.0 10342.003049604324 23222025.879854366 10364823.401374307 34568532.929770775 236977.4414875829 -9999 281884.31686445116 122379.89162230144 72717266.63778248 79731.5321492268 11043835.649931364 24984760.2655182 57924384.7034895 151141323.9036676 14175867.992384216 512293327.33657175 -9999 -9999 -9999 -9999 399579817.9089194 87423.68745961232 207355833.10031378 500103192.0306714 387399055.58304626 346663266.02763414 -9999 -9999 42077784.60987043 13388417.551101157 113012346.09915757 154070889.66685423 385405.1181297459 35928549.82724713 27504634.743757363 -9999 69241.08090121656 21977143.57826917 51974375.293999426 48109304.79971901 55035841.904986955 31055407.561954547 90589435.78830783 40738428.19473714 59381307.879311286 33521013.97457981 20495094.22658682 67598057.71440881 138036606.243855 61152970.96023624
-9999.0 -9999.0 -9999.0 -9999.0 -9999.0 -9999.0 -9999.0 -9999.0 -9999.0 -9999.0 -9999.0 -9999 -9999 -9999 824.1005893706877 384193.4628349976 40630.267886664136 38895.621080686215 53925.214095487616 248735.02039125483 101134091.7253796 54030175.5865596 20463221.666444436 9795846.51663036 -9999 -9999 -9999 -9999 -9999 -9999 -9999 220859482.64315736 883177902.0878794 166224640.91052002 148195587.07508305 816273243.3042032 -9999 -9999 458224861.40529495 -9999 139406060.2293866 381153894.3666283 -9999 177551498.1689236 80451640.2094846 64463459.9799385 -9999 -9999 36569.30712004937 86920017.1690067 64845191.33240918 4430249.394682359 367328.5738282595 60573671.68473825 51663812.8672396 30623209.826267164 44542861.83224966 18131695.714568872 2565118.902242894 33086621.813813306 151820315.49996737 109216608.10949127
-9999.0 -9999.0 -9999.0 -9999.0 -9999.0 -9999.0 -9999.0 -9999.0 -9999.0 -9999.0 -9999.0 -9999 -9999 -9999 42442.382791985736 291294.1304834309 605823.1160830124 336869.1680048979 20394.69807302152 227537.98902872522 125647.74350992755 117705.4688792822 -9999 -9999 -9999 -9999 -9999 -9999 -9999 -9999 -9999 -9999 -9999 -9999 -9999 -9999 405557027.2800679 357922260.8151202 475397883.0661959 -9999 208102695.0401547 144358549.5104046 56289332.99213728 46066735.36665905 34016441.7752753 42432413.813334495 10284996.314378228 28491899.34743414 7067227.825853656 19178.88395504772 7533640.758647636 4243936.544079735 49266257.85232714 17058361.287336 36270036.7876385 34129988.928208396 45704559.378379956 30295024.07197013 9854430.749661885 105260705.91510342 55304096.17399675 53781839.33202528
-9999.0 -9999.0 -9999.0 -9999.0 -9999.0 -9999.0 -9999.0 -9999.0 -9999.0 -9999.0 -9999.0 -9999 -9999 33044354.923831575 8878.802112958016 56429.093903976594 186301.47242299546 129432.61674607746 209072.9754785568 303088.8390103826 9756.740576025724 -9999 -9999 38521.97448518607 -9999 -9999 -9999 -9999 -9999 -9999 -9999 -9999 -9999 -9999 -9999 22286.253350773226 161923101.0839186 380563518.1346789 584328392.6595968 -9999 464433.9066700864 618624.7063975581 8510705.73600114 146980.87524712156 55129.488823555555 -9999 19472237.060645174 10289609.004766531 35018779.65292182 26939121.13691149 19193282.68167193 33769601.10565239 6521414.016423555 25195286.694625184 82280.95227422567 56922164.563683964 31101307.10010726 156359081.0722425 148654660.72453848 123217676.05042055 133330446.29743087 71229043.25951593
-9999.0 -9999.0 -9999.0 -9999.0 -9999.0 -9999.0 -9999.0 -9999.0 -9999.0 -9999.0 -9999.0 -9999 -9999 -9999 413.41608046001875 7567.380018263635 -9999 79527.55360398612 22673.542839306574 64017.07503272685 190243.1663516041 48837281.05192911 234126.58790057435 169788.44090071443 231051.73570513853 159971701.1371202 -9999 -9999 -9999 -9999 -9999 -9999 -9999 96249.66795987535 -9999 -9999 141391404.5010266 633987158.6651862 571180524.4131064 498680.7037437359 316305.2677181474 5856502.955846597 34271522.72060301 4656.514680616056 30767756.503880527 115399.13640345506 38108372.3926061 16911941.26894981 37207254.59251653 66746394.77454148 41514193.78575799 9405010.803599633 16930284.93420458 24656358.494147632 74296655.6952366 117721791.29722328 286342888.709526 144388491.4183191 145914312.3502329 146772779.2176021 144835342.45369634 88525745.56557766
-9999.0 -9999.0 -9999.0 -9999.0 -9999.0 -9999.0 -9999.0 -9999.0 -9999.0 -9999.0 -9999.0 -9999 -9999 -9999 536029.1875973876 30674.895191344694 37470.998070838934 80893780.06362228 191127402.26509273 71377044.91674101 22385817.612923432 61314617.36293461 117448.9730705064 142955.21748132992 120995.45342938046 158703.96114083644 351180.33085715375 176493.1575428893 234488.2710746664 52409.70960509729 213520.9278246678 128595.78859331556 150475.82878691875 78803925.72874255 111488.12226154213 -9999 201538.28905487814 47837547.67200412 62570390.71795087 119436465.32110247 12670185.302142426 3033316.9095785352 20210251.55199211 45611471.537602656 18070374.515333064 4710099.593340835 2828.6473106997296 1526558.1888998842 32684334.751064956 125619500.3342209 41771.55375009023 49316475.568706796 11964098.067073418 9159592.320091773 117437627.03566432 166069037.40069455 234067532.2157858 283299156.9011853 203263129.43280905 292062293.4341839 506870479.90318793 566722882.4016873
-9999.0 -9999.0 -9999.0 -9999.0 -9999.0 -9999.0 -9999.0 -9999.0 -9999.0 -9999.0 -9999.0 -9999 -9999 -9999 -9999 6433.122123385499 479.09644309564203 -9999 -9999 2743.4490253348526 183301085.17938533 179258091.49579093 69193.58944640399 124593.15802914617 82074.52630667706 8344449.4988710275 81252.58047135711 13659.172456774108 37476.89657936091 22678.61363613523 30461.83462784368 20775.18867995968 375.75743059264545 471.6168752033709 153.67482657634224 94543201.83974035 323.95362646022795 9982.337574942032 17111811.969480176 18718671.887857176 7199089.853270187 6391247.175506701 -9999 6942431.61922842 4987116.231236851 93320952.29773894 28509870.339100182 20820.609443521917 41703307.831450045 46146228.526389495 6669883.409357691 60354470.78103979 75948081.76604487 71553820.17440546 144772848.29788765 166381490.3635645 169723161.5638883 263891144.04388452 260954930.66195482 188491864.75906196 595269448.9076763 766107788.7857589
-9999.0 -9999.0 -9999.0 -9999.0 -9999.0 -9999.0 -9999.0 -9999.0 -9999.0 -9999.0 -9999.0 -9999.0 -9999 -9999 -9999 290.26128734430273 -9999 -9999 -9999 27270877.04426542 -9999 -9999 110914477.99983144 28219.648081221705 22431.55613282948 40543.524104733166 90871.36390535758 1145251.9107837 3911099.6674869475 1834276.387588844 -9999 -9999 -9999 -9999 -9999 -9999 -9999 1056.9353017207554 278183.3880639393 5681.332932438155 -9999 60705972.423535995 -9999 -9999 94289659.27234866 96912591.32413085 93992716.48603325 9700.644794434254 22435068.959292725 90283694.82034543 7786938.122337056 8655827.72989709 11118556.559592154 62602778.683167346 73878933.69920214 144265483.82799292 171433179.93151793 226561690.62253612 387600581.1991257 344225056.3616389 394569912.40963185 -9999.0
-9999.0 -9999.0 -9999.0 -9999.0 -9999.0 -9999.0 -9999.0 -9999.0 -9999.0 -9999.0 -9999.0 -9999.0 -9999.0 -9999 305.614115285783 12436718.493294518 -9999 -9999 71918444.0460722 -9999 216742728.6356133 20914.81402892506 29809449.265738077 12376629.282643748 5007017.061951858 16355.891971980778 53906.50807175095 20821.88977823358 17234.772291849662 27117.32555154575 -9999 -9999 -9999 -9999 -9999 -9999 -9999 -9999 119.31638889797874 131.1634711963261 1385.2335356695335 86741705.74091396 4106063.874688188 64545621.995809026 49736167.87304629 23195732.023755115 27943230.10483173 3534017.0166952675 30097301.886403393 56793286.91871331 25958919.611428585 10122801.544316316 11382599.047065277 4537981.898260847 44264813.940737724 95308843.91071351 219112037.02444515 270299565.1270208 647496599.6013434 1108705952.0561833 -9999.0 -9999.0
-9999.0 -9999.0 -9999.0 -9999.0 -9999.0 -9999.0 -9999.0 -9999.0 -9999.0 -9999.0 -9999.0 -9999.0 -9999.0 -9999 -9999 -9999 -9999 -9999 2138.4363725195335 -9999 7283.950044007062 40766.755125968746 11370458.190127125 11322253.502496373 458.85370291368923 641.0067826232815 20838.696318584458 25326.28553259844 29965.445214399984 33302.86171553718 -9999 -9999 -9999 -9999 -9999 -9999 -9999 -9999 -9999 168.34252727187317 8601384.959235031 62221.20116669939 59769.20251777301 4623910.507055965 4682592.2398222955 25598527.21845121 15504242.65819187 26102206.143702157 18463079.025783338 10731414.347271396 11855106.137617607 13880665.063785562 23903444.969711423 34131485.438295715 19668364.88612453 42272019.061983764 241380683.79233107 371987621.2520186 1188398387.1548045 -9999.0 -9999.0 -9999.0
-9999.0 -9999.0 -9999.0 -9999.0 -9999.0 -9999.0 -9999.0 -9999.0 -9999.0 -9999.0 -9999.0 -9999.0 -9999.0 -9999.0 -9999 -9999 -9999 14753129.633130664 1.1824963121173557 607.077219362986 11530.661124260956 41978.3949557941 11061.734829781552 1781.0614672544903 -9999 -9999 2711.855885322201 -9999 -9999 2393538.6457286594 -9999 -9999 -9999 36.12532474827704 -9999 -9999 -9999 -9999 -9999 -9999 54124244.6402695 -9999 15653.005091067245 39779547.84246996 9529.314517591922 32065.16444543042 166652.38502630923 4325257.291394543 24605026.407562766 17992632.43584592 4557384.819764547 16401882.703191949 41042356.66523045 35412545.64321675 149096129.93411845 239357783.02307397 396929866.44170713 524019132.78460234 -9999.0 -9999.0 -9999.0 -9999.0
-9999.0 -9999.0 -9999.0 -9999.0 -9999.0 -9999.0 -9999.0 -9999.0 -9999.0 -9999.0 -9999.0 -9999.0 -9999.0 -9999.0 -9999 -9999 -9999 -9999 -9999 1.041908980678184 17342.254268619883 9526.765680381379 -9999 -9999 -9999 -9999 175.77150518542024 -9999 596.6955237938683 3269.4440317808044 -9999 -9999 -9999 -9999 -9999 -9999 -9999 -9999 -9999 -9999 33771518.99068576 1726.7608099338088 5008.009050611846 154649.29148720985 249850.46690670235 986470.9690727411 4523275.52742676 6648071.936794254 5317057.799751133 4102278.8721757857 13685399.719108203 60238847.65535218 51611881.82760475 71592567.64246936 147034950.79911473 511575649.8501228 464896479.62960136 509776684.7886614 526834186.0351234 -9999.0 -9999.0 -9999.0
-9999.0 -9999.0 -9999.0 -9999.0 -9999.0 -9999.0 -9999.0 -9999.0 -9999.0 -9999.0 -9999.0 -9999.0 -9999.0 -9999.0 -9999.0 -9999 -9999 -9999 -9999 40.700746612368945 348.0424253071397 -9999 -9999 35.42334738478736 32.398451967538676 5.782238207338836 121.53707210050133 341.8464508457725 2247.4097708831496 -9999 -9999 -9999 -9999 -9999 -9999 -9999 -9999 -9999 -9999 -9999 18239346.098908428 10034.481670758529 13612313.84673068 29714.290566719796 56604846.23635616 124946402.81351781 20893492.55129189 9388868.306611959 8689489.440899387 16286955.615048556 32794601.723997857 60064403.99028217 127393048.35508607 58694677.22750849 232157870.33909735 332597736.3584349 456571664.63779706 457200265.4901755 486897538.4963268 -9999.0 -9999.0 -9999.0
-9999.0 -9999.0 -9999.0 -9999.0 -9999.0 -9999.0 -9999.0 -9999.0 -9999.0 -9999.0 -9999.0 -9999.0 -9999.0 -9999.0 -9999.0 -9999 -9999 -9999 -9999 -9999 -9999 71485339.88366392 -9999 8.09633233709948 3940638.1961181355 -9999 1523.114433529164 -9999 -9999 37560264.29366924 -9999 -9999 -9999 -9999 -9999 -9999 -9999 -9999 -9999 4983.289059531422 87.3115568782574 493.10566135652596 530.6278243041816 7688804.71438329 13512602.758652417 -9999 -9999 -9999 -9999 88855234.1128028 47851036.275892936 17631398.39059735 -9999 435856607.161704 7406.352502621093 664069735.9854515 328749758.08723044 -9999 116407634.84336704 -9999.0 -9999.0 -9999.0
