critload/trunk/output/2010/nup_max_ara.asc
ncols 720
nrows 360
xllcorner -180.0
yllcorner -90.0
cellsize 0.5
NODATA_value -9999.0
[rows 145 to 173 of 360, columns 396 to 461 of 720]
0.0 0.0 0.0 0.0 0.0 0.0 0.0 0.0 0.0 0.0 0.0 0.0 0.0 0.0 0.0 0.0 0.0 0.0 0.0 0.0 0.0 0.0 0.0 0.0 0.0 0.0 0.0 0.0 0.0 0.0 0.0 359360.424 6568.676399999999 61364.5296 0.0 0.0 0.0 0.0 0.0 0.0 0.0 0.0 -9999.0 -9999.0 -9999.0 -9999.0 -9999.0 -9999.0 951510.2799999999 13004961.9 412043.94 433858.95 130255.986 0.0 9172.221099999999 0.0 0.0 0.0 0.0 0.0 0.0 0.0 0.0 0.0 0.0 0.0
0.0 0.0 0.0 0.0 0.0 0.0 0.0 0.0 0.0 0.0 0.0 0.0 0.0 0.0 0.0 0.0 0.0 0.0 0.0 0.0 0.0 0.0 0.0 0.0 0.0 0.0 0.0 0.0 0.0 96799.04639999999 250428.288 288952.92 0.0 0.0 0.0 0.0 0.0 0.0 0.0 0.0 2047.5940079999998 0.0 0.0 -9999.0 -9999.0 -9999.0 -9999.0 0.0 0.0 13876585.799999999 2272055.1 623430.15 94138.072 93696.043 4141.6186 0.0 0.0 0.0 0.0 0.0 0.0 0.0 0.0 0.0 0.0 0.0
0.0 0.0 0.0 0.0 0.0 0.0 0.0 0.0 0.0 0.0 0.0 0.0 0.0 0.0 0.0 0.0 0.0 0.0 0.0 0.0 0.0 0.0 0.0 0.0 0.0 0.0 0.0 0.0 0.0 237034.9608 0.0 0.0 0.0 0.0 0.0 0.0 3121627.1999999997 0.0 0.0 0.0 7466.84112 19572.345599999997 26256.040800000002 -9999.0 0.0 -9999.0 -9999.0 -9999.0 -9999.0 378369.88 1056455.82 692724.76 1208093.25 2055946.97 0.0 0.0 0.0 0.0 0.0 0.0 0.0 20136.6452 64131.963 0.0 0.0 0.0
0.0 0.0 0.0 0.0 0.0 0.0 0.0 0.0 0.0 0.0 0.0 0.0 0.0 0.0 0.0 0.0 0.0 0.0 0.0 0.0 0.0 0.0 0.0 0.0 0.0 0.0 0.0 0.0 109013.34 907746.792 0.0 0.0 0.0 0.0 2607472.56 1195717.9919999999 1805933.328 24216.269039999996 3155.7328799999996 24264.9672 17920.413839999997 19377.601440000002 79383.576 -9999.0 0.0 -9999.0 -9999.0 -9999.0 -9999.0 329607.81 1602501.5999999999 2051836.99 2256995.3 132716.766 482950.86 194961.046 0.0 0.0 0.0 3138.7314 87028.935 207521.44 28570.871 0.0 0.0 0.0
0.0 0.0 0.0 0.0 0.0 228182.85869999998 0.0 0.0 0.0 0.0 0.0 0.0 0.0 0.0 0.0 0.0 0.0 0.0 0.0 0.0 0.0 0.0 0.0 0.0 0.0 0.0 0.0 0.0 404689.224 4422321.36 1894814.136 0.0 2654231.52 1893078.552 1898195.616 4069411.1999999997 98564.2032 184736.676 75837.99119999999 32699.275199999996 7449.291359999999 386841.312 28587.9288 42100.5168 0.0 -9999.0 -9999.0 -9999.0 -9999.0 86129.47 1881659.0799999998 564770.71 4858391.3 105737.373 526281.4199999999 45379.04 0.0 0.0 0.0 26348.574 5053.496 4228.8092 5899.6440999999995 0.0 3312.3531 0.0
0.0 0.0 0.0 0.0 509661.292 476744.702 0.0 0.0 439312.419 566210.04 590377.32 818863.5599999999 2617.82304 0.0 0.0 0.0 0.0 0.0 431973.768 0.0 0.0 0.0 0.0 0.0 0.0 0.0 0.0 0.0 1156890.3599999999 7498450.08 7822005.6 613773.768 882207.5279999999 1041764.904 1624264.224 0.0 1033227.576 354160.944 188815.2984 1268976.1199999999 910454.4 658925.616 424609.656 0.0 14193.416879999999 0.0 0.0 -9999.0 -9999.0 0.0 2295035.4 260569.25999999998 3119830.6999999997 379407.14 35439.354999999996 113282.463 21485.7559 0.0 0.0 37.964150000000004 0.0 403.32488 39644.598000000005 0.0 2468.5051999999996 -9999.0
0.0 0.0 0.0 943857.816 1667798.311 236023.7653 699032.112 287184.842 474781.049 1734064.152 678790.296 1561.557768 11028.1092 217699.68240000002 718936.584 0.0 0.0 0.0 307877.088 308296.44 0.0 372.110664 0.0 584891.808 0.0 0.0 0.0 1079589.0 3263697.84 9133147.2 7508921.76 5278356.96 2650740.96 1965391.3199999998 4061096.88 2416119.576 1663130.64 1742945.6879999998 1795112.592 5030163.6 3527307.84 4759257.359999999 3485663.52 259096.512 1111.2222 0.0 0.0 0.0 -9999.0 0.0 2203613.3 519873.41 7217897.399999999 2397264.1 130214.53899999999 146801.802 14904.4714 4749.3488 0.0 0.0 26490.057999999997 0.0 -9999.0 -9999.0 -9999.0 -9999.0
807635.592 373016.091 0.0 1243557.106 1677614.213 1780856.046 1106356.6 1365379.208 2088331.7519999999 1042543.0079999999 2498974.32 882929.88 278934.528 430599.36 532354.032 305714.88 478107.336 0.0 0.0 0.0 475814.23199999996 309312.096 0.0 498049.584 574361.9519999999 0.0 0.0 1571193.168 2102124.312 4494847.4399999995 2214900.912 5199746.64 2811306.7199999997 2866501.1999999997 3504570.7199999997 5379971.04 3974390.4 1094002.104 198314.46959999998 1893531.8399999999 2000435.088 5392478.88 3702514.56 1422895.2719999999 0.0 0.0 0.0 0.0 0.0 0.0 455040.32 366371.95 1023521.73 521641.95999999996 160364.085 72644.873 17445.8452 42837.97 0.0 3966.7383 -9999.0 -9999.0 -9999.0 -9999.0 -9999.0 -9999.0
467103.662 474161.94299999997 558577.755 955776.788 1869123.548 360969.517 1409954.84 2497549.22 3789778.56 4422709.2 1137903.168 767443.248 701105.64 182295.9504 948091.848 209706.5424 6610.87824 0.0 128607.9864 356318.304 355971.67199999996 772368.816 861925.9199999999 583767.0719999999 552887.736 106665.696 1161302.04 1054660.584 307242.0 2610575.28 3466320.0 4409086.32 4201470.72 5734384.08 4251720.24 6099705.12 6493605.12 19108.61016 92129.2104 918676.608 481985.736 832219.7999999999 2338861.8479999998 1196859.696 0.0 0.0 0.0 0.0 0.0 0.0 198920.211 0.0 133678.944 370293.14 633540.1799999999 339.19920999999994 0.0 80225.768 -9999.0 -9999.0 -9999.0 -9999.0 -9999.0 -9999.0 -9999.0 -9999.0
2504590.96 557155.229 2454637.14 1938782.425 2508489.91 2182036.734 2591124.02 2014830.854 2996233.6799999997 1586801.304 1526955.168 870249.936 1782568.392 0.0 788553.864 746640.48 531163.848 427230.0 438860.352 857906.928 1229993.352 944991.552 1072098.84 1110751.944 422025.67199999996 1378948.152 1664478.3839999998 1084177.632 193499.19359999997 2235097.68 2240651.064 3513709.1999999997 6299030.64 2746028.4 1162007.4239999999 1246045.08 2459075.28 0.0 2629555.1999999997 2967751.6799999997 1791963.8159999999 355229.928 818909.6159999999 1959416.16 0.0 0.0 0.0 0.0 0.0 0.0 0.0 0.0 16545.512199999997 74604.817 0.0 -9999.0 -9999.0 -9999.0 -9999.0 -9999.0 -9999.0 -9999.0 -9999.0 -9999.0 -9999.0 -9999.0
1495037.018 2475218.87 2193764.303 2471839.78 1884223.118 2520753.88 1025149.742 2853322.5 3497712.6 2964964.08 2030444.2079999999 3000039.36 2306101.488 62839.5336 1519307.4479999999 1074297.408 1167345.072 1264210.536 918489.96 2460869.04 987804.24 1463649.984 2710759.1999999997 3377310.7199999997 1214819.112 3192965.52 3498559.1999999997 4600485.36 542673.0 248462.424 2681040.96 3289561.92 4738338.24 1797597.192 0.0 0.0 515209.07999999996 2438859.12 8066369.04 7045234.8 1408731.8399999999 679638.696 803989.896 1863648.768 0.0 0.0 0.0 0.0 5807.00712 0.0 641.072856 -9999.0 -9999.0 -9999.0 -9999.0 -9999.0 -9999.0 -9999.0 -9999.0 -9999.0 -9999.0 -9999.0 -9999.0 -9999.0 -9999.0 -9999.0
3243028.46 2287334.377 1866063.463 1528861.0 1175327.844 1741190.728 1489290.202 1733411.732 768026.986 729110.112 1824433.2959999999 4649135.04 3384558.48 3205012.8 1384768.176 3751697.52 1542524.52 2569682.4 2394053.904 2257003.368 1820322.192 3539355.12 2247258.888 4237758.0 4245151.2 2643881.04 2403553.56 4445325.12 4667315.04 360984.504 3296882.4 8538297.6 6768001.92 3970318.08 66245.2536 0.0 51461.0352 3805607.28 7593810.24 11684431.44 2613435.6 920344.32 2734902.2399999998 1799458.824 0.0 0.0 276243.888 145297.7112 4435.70184 0.0 0.0 -9999.0 -9999.0 -9999.0 -9999.0 -9999.0 -9999.0 -9999.0 -9999.0 -9999.0 -9999.0 -9999.0 -9999.0 -9999.0 0.0 0.0
1550291.047 1645023.717 1268628.536 1222668.186 3200754.39 1863849.332 1070554.787 1966554.764 1643863.484 3337572.09 2764208.4 6426654.24 6786618.24 6067902.24 4564367.76 6736344.4799999995 1983503.4479999999 4142373.6 4531328.64 556666.752 5335442.16 3782312.6399999997 2406719.304 3474246.48 1741971.24 1593891.504 3369869.04 2699681.52 2302373.376 4880481.6 6229607.28 4240497.12 6019761.6 3819521.04 83757.1992 371436.792 596548.824 9733596.24 11087885.04 3034920.7199999997 1211374.608 847413.432 493676.68799999997 3311668.8 5145.133919999999 84093.16560000001 215900.832 39988.0008 0.0 0.0 3867.87984 0.0 -9999.0 -9999.0 -9999.0 -9999.0 -9999.0 -9999.0 0.0 0.0 0.0 0.0 0.0 0.0 0.0 0.0
166703.2699 1247283.557 150104.6127 480456.975 2218816.829 634302.453 840285.163 251281.42 2994440.86 4291704.2299999995 3523768.8 4256156.16 5641399.4399999995 7078613.28 3318189.36 5289192.24 6912908.64 1657940.856 3812273.28 5487475.4399999995 4434053.52 3075304.56 3048349.6799999997 2204652.2399999998 1045461.504 1670395.368 2316905.256 2681889.36 3405186.7199999997 3096199.44 4762723.68 2027416.632 924166.968 940381.1039999999 35298.5304 1580120.76 2257206.9839999997 8384155.4399999995 12043159.2 6162389.76 4580341.92 1852093.56 871117.728 3984813.6 707660.1359999999 0.0 0.0 2141.172528 0.0 0.0 0.0 0.0 0.0 -9999.0 0.0 0.0 0.0 0.0 0.0 0.0 0.0 0.0 0.0 0.0 0.0 0.0
1110995.169 556651.91 1051787.841 338131.122 1676933.669 1236491.736 678504.731 453320.283 3606245.19 4410043.27 4072890.43 1469276.088 354068.832 2723606.4 1252628.6639999999 3287719.6799999997 3043792.56 3375129.12 2794362.96 5198777.04 1103089.68 2186811.6 2119734.672 1943783.784 710913.144 1336765.704 2074602.216 310722.864 3518896.56 5338617.6 5536391.76 2527383.6 543691.08 1255615.032 195409.3056 1161968.64 1291170.264 1865061.96 4151802.96 11342235.36 3705132.48 1607974.944 1707426.8159999999 3622304.4 464358.408 231041.136 0.0 0.0 0.0 208418.1864 16298.92752 0.0 0.0 0.0 0.0 0.0 0.0 0.0 0.0 0.0 0.0 0.0 0.0 0.0 0.0 0.0
1203305.764 2940210.01 774856.056 932876.955 2288849.06 941501.905 86665.6243 145642.5598 258070.319 117824.8512 153599.0171 56543.436 18125.120639999997 0.0 0.0 1400909.592 1598526.192 1982567.784 126676.30079999998 1510602.864 1056713.712 1347460.392 1842152.736 1863469.392 1847075.88 1394919.888 2416473.48 2209500.2399999998 1198236.528 3868849.44 2707002.0 549891.672 255290.832 807121.704 3717373.6799999997 633381.504 1650748.848 3918492.96 7048289.04 3183536.1599999997 5175652.08 5556680.64 8095214.64 4068102.2399999998 0.0 0.0 0.0 293684.56799999997 1054660.584 832559.16 1566747.552 694795.968 184874.6016 29782.9608 78771.0312 24863.937599999997 0.0 0.0 0.0 0.0 0.0 0.0 0.0 0.0 0.0 0.0
1938950.198 1827241.736 1031097.413 167458.721 519616.611 0.0 0.0 7173.07554 15442.65397 173099.6746 35037.618800000004 0.0 36232.9824 0.0 0.0 1097662.344 1132199.496 1881489.408 2585244.48 3031551.36 1053356.472 547060.44 1493739.096 1231629.552 1427149.392 32130.3624 1110281.688 237807.0048 563907.24 359568.888 383253.792 492973.728 1065001.368 5671432.8 7469943.84 7217653.92 1260608.472 2355313.536 4440016.56 4428478.32 5477634.0 5426608.8 6976878.0 891382.368 42032.8872 2567743.1999999997 5651337.84 4194126.0 1769212.152 2078815.128 338589.168 630736.9199999999 20854.884 0.0 0.0 1746.198696 40862.3376 0.0 0.0 0.0 0.0 0.0 0.0 0.0 0.0 0.0
4635095.39 603420.406 888476.1849999999 2743206.7 848832.134 22389.94486 0.0 518997.505 0.0 0.0 0.0 0.0 0.0 0.0 0.0 424830.24 0.0 436715.11199999996 1546698.648 1832720.952 1557475.7519999999 733291.512 2914447.92 845905.704 8221.9656 0.0 130422.3504 2141298.576 1130701.464 153931.9992 289006.24799999996 538872.168 142107.7272 7235300.64 7466744.16 8236291.4399999995 1923342.192 1629352.2 4392336.4799999995 9371838.48 8976702.24 8556210.959999999 7532798.16 3073825.92 4297703.52 3804419.52 301775.88 1062475.56 25772.6952 0.0 0.0 21463.69584 0.0 0.0 0.0 0.0 0.0 0.0 0.0 0.0 0.0 0.0 0.0 0.0 0.0 -9999.0
5121093.6 1596182.8699999999 256947.894 0.0 0.0 0.0 0.0 0.0 0.0 0.0 0.0 0.0 0.0 0.0 0.0 214555.0272 0.0 5569.988399999999 286894.944 1461468.3839999998 3072395.76 2547599.76 1226308.872 1251508.776 1363912.08 2445597.84 1054529.688 2375498.184 2294817.768 679326.0 2508694.56 188536.78079999998 0.0 472020.67199999996 2103144.816 3368802.48 3592974.0 3995091.36 3372850.56 8914041.84 8021112.96 8280505.2 7411986.0 4985949.84 1533941.136 0.0 0.0 34989.7128 62335.8264 0.0 0.0 0.0 0.0 0.0 0.0 0.0 0.0 0.0 0.0 0.0 0.0 0.0 0.0 0.0 0.0 -9999.0
0.0 476647.819 0.0 0.0 0.0 0.0 0.0 0.0 0.0 0.0 0.0 0.0 0.0 0.0 0.0 631405.944 141055.4688 877.58496 78918.6528 677394.0719999999 780295.296 1403915.352 1013365.32 926343.72 3868364.6399999997 2496913.92 450253.152 602208.864 284822.424 35247.868800000004 0.0 0.0 12779.18256 165237.77759999997 199976.364 763004.904 2843521.6799999997 5353767.6 3742898.4 9006032.64 12477952.08 3584829.36 276755.352 4110982.8 790197.336 0.0 0.0 0.0 0.0 0.0 0.0 12346.474320000001 0.0 0.0 0.0 0.0 0.0 0.0 0.0 0.0 0.0 0.0 0.0 0.0 -9999.0 -9999.0
30585.9631 0.0 33820.9101 0.0 0.0 0.0 0.0 0.0 0.0 0.0 0.0 0.0 0.0 0.0 0.0 0.0 22370.63544 0.0 0.0 137304.5712 251320.32 672706.056 988938.672 147327.3264 34394.8632 2596007.04 1910819.808 415536.624 169222.34879999998 241991.55599999998 477925.53599999996 644883.384 14893.7832 0.0 593235.216 2942178.48 2085595.0559999999 1083353.472 830297.568 10319331.6 13143921.84 7960634.16 226838.4048 1234247.472 2982925.92 2247489.168 0.0 0.0 0.0 0.0 0.0 0.0 0.0 0.0 0.0 0.0 0.0 0.0 0.0 0.0 0.0 0.0 0.0 0.0 -9999.0 -9999.0
55737.971399999995 0.0 37663.856999999996 25188.6348 0.0 0.0 0.0 61092.2931 0.0 0.0 0.0 0.0 0.0 0.0 0.0 0.0 0.0 0.0 0.0 319269.888 0.0 0.0 626732.472 1354005.192 468302.256 316797.408 1418522.376 51931.2912 159135.6 290751.528 0.0 0.0 104411.1336 0.0 144537.7872 869786.9519999999 0.0 138169.9392 51404.3136 7920516.96 8787000.0 7930722.0 143770.5912 7468.465200000001 0.0 162937.1592 3156.02376 0.0 0.0 0.0 0.0 0.0 0.0 0.0 0.0 0.0 0.0 0.0 0.0 0.0 0.0 0.0 0.0 -9999.0 -9999.0 -9999.0
0.0 0.0 20018.674359999997 0.0 0.0 0.0 37535.5461 0.0 0.0 0.0 0.0 0.0 0.0 0.0 0.0 0.0 0.0 0.0 0.0 91924.86720000001 0.0 0.0 6724.5880799999995 333120.624 895852.2239999999 361440.216 686990.688 1602663.96 317507.64 933283.632 9639.18144 0.0 0.0 0.0 0.0 58328.469600000004 28988.615999999998 2324632.968 1022469.864 2563089.12 3021879.6 1163641.2 316118.68799999997 71062.71119999999 0.0 9180.390959999999 0.0 0.0 33426.4752 48287.292 22295.80656 0.0 0.0 0.0 0.0 0.0 0.0 0.0 0.0 0.0 0.0 0.0 0.0 -9999.0 -9999.0 -9999.0
0.0 0.0 531459.967 14265.45463 33111.0649 60765.0176 0.0 0.0 0.0 0.0 0.0 0.0 0.0 0.0 0.0 0.0 0.0 0.0 532511.592 194791.42799999999 0.0 255782.90399999998 75768.18 414268.872 587558.208 167438.2848 385917.768 159545.01359999998 112545.8352 187262.24159999998 0.0 0.0 0.0 103515.708 13587.2472 0.0 0.0 1306472.976 2977229.52 1945524.216 1052331.1199999999 262902.192 214377.10559999998 0.0 0.0 0.0 0.0 13297.79736 0.0 0.0 12610.9812 9462.22944 52481.5392 0.0 0.0 0.0 0.0 0.0 0.0 0.0 0.0 0.0 -9999.0 -9999.0 -9999.0 -9999.0
0.0 0.0 32181.2244 131851.3829 174863.41780000002 0.0 193568.6895 68164.9884 0.0 0.0 0.0 0.0 0.0 4968561.95 32682.653 12986.07917 369235.291 0.0 676713.577 351487.272 115156.968 0.0 705284.616 412009.70399999997 703330.872 641627.9519999999 658768.056 0.0 0.0 101399.7984 677658.288 691019.3759999999 161081.3448 266613.336 0.0 0.0 5211.74544 872797.5599999999 2392883.1119999997 175785.0864 0.0 0.0 0.0 11444.96448 0.0 0.0 0.0 0.0 0.0 0.0 0.0 0.0 29757.5088 63250.159199999995 0.0 0.0 0.0 0.0 0.0 0.0 0.0 0.0 -9999.0 -9999.0 -9999.0 -9999.0
438447.561 0.0 0.0 128679.05540000001 87141.2962 526332.257 622005.401 525174.387 276123.639 584771.61 327443.273 241354.457 0.0 0.0 0.0 0.0 0.0 0.0 31404.27 453743.712 3097629.6 1399106.136 1397491.7519999999 779820.1919999999 484324.896 1657739.6639999999 1937442.5999999999 156048.8784 723452.4959999999 394256.328 916272.0 518493.6 2408883.9359999998 134308.7496 0.0 0.0 0.0 0.0 0.0 0.0 0.0 0.0 0.0 0.0 0.0 0.0 0.0 0.0 0.0 0.0 0.0 0.0 0.0 0.0 60629.8152 0.0 0.0 0.0 0.0 0.0 0.0 -9999.0 -9999.0 -9999.0 -9999.0 -9999.0
510469.438 755529.079 137134.10570000001 18690.8574 208337.9121 367803.313 653078.851 178826.87769999998 324877.055 158102.6588 0.0 0.0 0.0 0.0 155049.89909999998 0.0 0.0 0.0 41762.4805 19268.58727 1039084.353 369733.884 60730.2815 18356.54016 628429.272 1548031.848 1484292.768 390571.848 1025049.0 1265126.808 1261464.1439999999 711812.448 105117.24479999999 0.0 0.0 0.0 0.0 0.0 10355.667360000001 0.0 0.0 0.0 0.0 0.0 10186.76304 54327.415199999996 0.0 0.0 144666.2592 0.0 0.0 0.0 0.0 0.0 25295.4096 18330.23952 0.0 0.0 0.0 0.0 -9999.0 -9999.0 -9999.0 -9999.0 -9999.0 -9999.0
613526.957 93166.2373 896456.036 967199.53 399800.696 460024.114 0.0 0.0 251803.643 535736.997 65164.9236 334135.289 0.0 121699.4623 19720.227460000002 178071.4266 276350.487 163459.1072 27258.3865 69724.5684 194373.9999 248155.171 0.0 609791.054 595998.223 2386178.3279999997 2629506.7199999997 2661333.84 1663935.408 1025112.024 932243.7359999999 886614.36 1111093.728 0.0 0.0 0.0 0.0 0.0 0.0 0.0 0.0 289866.768 0.0 107102.016 1542163.344 66213.2568 53900.064 63123.384 32787.2664 14539.806480000001 0.0 0.0 0.0 0.0 8881.87536 104873.63279999999 0.0 0.0 0.0 -9999.0 -9999.0 -9999.0 -9999.0 -9999.0 -9999.0 -9999.0
0.0 691711.538 1720816.942 2304232.19 2125750.074 642908.499 175968.1203 0.0 62654.4724 86749.7471 0.0 259391.236 0.0 0.0 109113.41540000001 352994.392 168963.0068 280946.522 226142.6445 438149.823 0.0 13152.07992 0.0 619068.192 524949.902 4902090.76 6811149.12 3385140.2399999998 1703470.848 4572148.8 2869361.52 2212188.456 1283352.864 0.0 0.0 89648.73120000001 0.0 0.0 0.0 0.0 929514.3119999999 1358581.704 82324.3728 529789.44 2729933.04 685121.784 43131.443999999996 547.552512 4138.6164 19006.244639999997 0.0 3080.49192 0.0 0.0 17826.89592 86977.968 0.0 0.0 -9999.0 -9999.0 -9999.0 -9999.0 -9999.0 -9999.0 -9999.0 -9999.0
