critload/trunk/output/2010/nup_crit_sw_agri.asc
ncols 720
nrows 360
xllcorner -180
yllcorner -90
cellsize 0.5
NODATA_value -9999
[rows 196 to 223 of 360, columns 372 to 433 of 720]
-9999.0 -9999.0 -9999.0 -9999.0 -9999.0 -9999.0 -9999.0 -9999.0 -9999.0 -9999.0 -9999.0 -9999.0 -9999.0 -9999.0 47493959.29269047 69505840.20901728 49237798.19353859 59440237.606374756 100937427.14241304 -9999 -9999 89475050.63983616 -9999 -9999 -9999 114546379.17514762 109051129.03138165 138666398.5282971 95808929.44262458 -9999 -9999 -9999 -9999 180635741.07776654 329267191.01498646 -9999 456652009.9925455 258470064.62614894 452734340.8423189 222157299.876658 139476048.0783606 -286105922.281667 200329996.25228706 -9999 387116026.4198728 96364545.66353002 225277517.72714034 237035533.46624747 281721330.31060237 -54408269.78827585 53024206.57109446 50392659.62447503 58559799.70555472 -9799280.161774112 24047601.093822252 121551096.571759 187412475.90970278 34698612.76078238 70028839.90055692 87482819.891376 141045197.75483078 187618541.68619275
-9999.0 -9999.0 -9999.0 -9999.0 -9999.0 -9999.0 -9999.0 -9999.0 -9999.0 -9999.0 -9999.0 -9999.0 -9999.0 -9999.0 -370402264.0283661 30034577.745536722 -9999 62296620.00153405 88747061.84087387 124962693.33102949 -9999 87364354.22588179 47492519.760696836 -9999 -9999 128008846.84840734 119887595.01176853 -9999 -9999 -9999 105994798.41202722 -9999 -9999 -9999 568671867.646861 595398412.0498606 344070396.5038416 473966414.6789627 64042468.9269644 207669627.62946615 130506569.37238793 -9999 -9999 -9999 148711584.53674623 -69210103.22185491 59812072.43595397 -41534870.594763495 -9999 48186218.34840502 31806508.03308361 52008045.03248812 41349892.62047664 7815427.782650314 49956852.02364598 81879062.2722348 60740970.65940981 30074984.88073311 82625312.54329935 25314943.629328653 196560303.15038168 129341838.46841446
-9999.0 -9999.0 -9999.0 -9999.0 -9999.0 -9999.0 -9999.0 -9999.0 -9999.0 -9999.0 -9999.0 -9999.0 -9999.0 -9999.0 39438032.1518355 49411487.57644836 -9999 37682993.29552602 65841433.95959729 58242832.38871261 117836256.21985617 -9999 125679387.32897103 -9999 -9999 -9999 -9999 126986375.85610615 -9999 112800990.36179222 116977319.60170332 68484330.4959196 -9999 324990258.8772795 790002700.2893634 595026048.6710482 510906209.5643175 -9999 317219271.5111726 25626917.70396006 112025213.29467188 -9999 156394043.70233238 415464234.08126986 23198757.33700363 -53994486.327021755 169550259.20475057 150961590.06807512 146518185.7240394 160650347.12431228 175418281.1512974 63927380.654416226 104650513.85595052 2134130.8861801107 24580094.999507565 20670840.029741317 54639403.770029016 62608507.86689369 121581266.77275877 4506663.701240736 120499437.53036562 -9999
-9999.0 -9999.0 -9999.0 -9999.0 -9999.0 -9999.0 -9999.0 -9999.0 -9999.0 -9999.0 -9999.0 -9999.0 -9999.0 -9999.0 134462481.0331668 126327692.89257161 51511420.3631337 47839157.34614105 76395116.8719882 -9999 109787137.63971306 -9999 27038638.156292167 110958051.26519085 170983720.67153412 -9999 -9999 -9999 131494275.85132326 134668083.60461262 129013291.37152052 -9999 -9999 240245611.8560555 375155799.2847833 398481043.2876377 474345498.65365875 -9999 -9999 247423559.18234545 134353911.76518962 454174436.8243731 74214452.21437228 398562603.9499902 1367995998.722773 264115096.3547963 147738282.98753157 134341036.98735756 174895137.89966828 172673276.6733714 200302012.91008782 23302688.579138882 93510430.5892239 99897104.98736185 34667013.06205259 11820919.985238563 -19044811.855969727 94483390.25207065 71779594.76621768 -9999 -9999 -9999
-9999.0 -9999.0 -9999.0 -9999.0 -9999.0 -9999.0 -9999.0 -9999.0 -9999.0 -9999.0 -9999.0 -9999.0 -9999.0 -9999.0 -9999 113878217.08289953 -9999 37434919.12277631 -9999 -9999 -9999 -9999 140847904.08709484 -9999 -9999 121440807.61743905 -9999 134476964.5123489 165627073.48023868 168084192.80895853 -9999 -9999 75655131.28572465 468292467.6881829 331242405.237453 -9999 113494680.62907226 211278446.55081895 144609303.3027776 319612260.21450156 253641156.0416286 423317245.013812 346410199.9565333 -9999 567005843.6987246 133206740.820021 149834640.7143393 160579011.31107068 189804941.17568514 143187125.696162 186670307.57445434 55896739.7045096 118090569.3805878 73849104.04587194 15914686.830505343 28792915.643600546 -17595611.07318272 83608900.14812547 99023006.02539378 111895508.56729774 97147112.94923763 -9999
-9999.0 -9999.0 -9999.0 -9999.0 -9999.0 -9999.0 -9999.0 -9999.0 -9999.0 -9999.0 -9999.0 -9999.0 -9999.0 -9999.0 -9999.0 64062837.1197449 13979972.973999845 39392317.24670404 67930960.97254086 101591414.1923468 -9999 -9999 -9999 -9999 -9999 -9999 110811179.84143242 168453289.3883409 156378235.80896538 180934498.50300258 150046422.62818393 -9999 60301207.57416749 293393427.24561876 397135899.8881116 313871615.7829854 391772941.39254 392192443.39169353 295348361.91626924 354047570.16727793 285034892.8375663 281714460.4138514 118429200.89579438 144056122.02702904 941428647.121021 147513221.98985443 184507979.87654367 294807666.4203175 244429318.98844138 -9999 205629678.65124273 209467572.85847458 99086618.44402918 -9999 28548536.909528155 18717141.38940939 11770557.821234878 78160909.86685637 81149919.16388386 43416920.308974884 109895735.54983565 156386338.90719163
-9999.0 -9999.0 -9999.0 -9999.0 -9999.0 -9999.0 -9999.0 -9999.0 -9999.0 -9999.0 -9999.0 -9999.0 -9999.0 -9999.0 -9999.0 35831431.11761267 -637042.0168244643 38158995.44706254 38765231.6001181 104398050.78581484 146227333.71754107 92614107.03497718 -9999 -9999 -9999 -9999 128262631.72650118 124000757.51924449 144383362.4022849 144521034.72980222 562322261.7575167 595047413.8809217 135204610.20292297 133038064.01767118 150580867.38710186 -9999 158517593.2154092 -9999 841082553.6665844 694049035.8807291 -9999 440894414.9529169 538695333.8788656 870802314.6837013 -69869187449.44943 173887815.54578388 205320403.68864232 132088530.78667282 -9999 233656664.8483196 207558373.36968568 174380908.47682843 72664722.08723247 -9999 149367.1509154545 14698696.146555874 24130009.05502603 63873385.59942365 78035117.19375944 165473949.24133188 166232832.84455013 171388321.53128734
-9999.0 -9999.0 -9999.0 -9999.0 -9999.0 -9999.0 -9999.0 -9999.0 -9999.0 -9999.0 -9999.0 -9999.0 -9999.0 -9999.0 -9999.0 11144858.002088046 26214129.81627597 47834106.75772292 66385139.76306165 56405013.979028486 74815347.34349814 66226522.16436808 101000138.5661437 -9999 -9999 -9999 -9999 124419324.30988833 144261940.02550974 185976792.39088625 -9999 -9999 348592782.7350992 443387915.6131722 -9999 -9999 112423595.50745809 -9999 -9999 -9999 -9999 -9999 1515766033.5553417 490413005.44634545 -9999 206193496.4822029 197587266.75993857 1075540194.1634064 -9999 229207319.2132998 216853833.51064765 121911745.50827293 40824407.64492559 83798589.1598093 66129785.21399186 18193029.35715468 42449775.97676971 -57647968.17936458 201092156.76060614 258742480.54924297 236162938.70224226 217744252.16724473
-9999.0 -9999.0 -9999.0 -9999.0 -9999.0 -9999.0 -9999.0 -9999.0 -9999.0 -9999.0 -9999.0 -9999.0 -9999.0 -9999.0 -9999.0 -5510568.977423446 -2712280.5755926096 45701110.30300732 59462769.32237695 63850858.836616784 77545936.06888121 45558916.30330117 70007977.22247036 101778678.74564382 -9999 134478938.4141215 130992545.30000453 -9999 160364276.11737594 488758623.7415964 526945218.21484137 297507923.35529894 189723750.39449617 -9999 -9999 -9999 -9999 -9999 -9999 190641011.25557426 193330485.91795322 -9999 -9999 11899912369.714981 -2127291865.139922 6084357423.989294 220361399.68206188 253317913.2833796 -9999 -9999 88338270.41344944 61205827.28462949 -9999 64985495.77167491 109010096.92824903 26044723.882876385 -29847686.13029496 177214698.44595927 205033307.6087939 183578266.48182654 178865698.1729997 -9999
-9999.0 -9999.0 -9999.0 -9999.0 -9999.0 -9999.0 -9999.0 -9999.0 -9999.0 -9999.0 -9999.0 -9999.0 -9999.0 -9999.0 -10352549.519910695 -3825219.701597667 10084169.721429884 39511734.21304295 38861860.112619534 36997177.277557984 76487597.76083317 63694366.17252542 96036528.8144615 109228283.27958097 128911984.34350212 131319697.82905911 137313918.29611066 142575759.621455 158449662.42882138 166838738.18001693 706125163.3760678 549780177.6967562 415933063.17825717 240019305.41558516 -9999 126226995.39335732 -9999 -9999 -9999 -9999 -9999 -9999 -9999 156897617.4709851 192796659.64222786 -1160806146.1403751 958764878.5388156 5729783178.747139 162476260.64482376 117105357.39242342 51913592.66261142 -9999 -9999 51772719.7052761 26956530.1354346 19203321.514547575 44746307.40556053 123919204.60368246 123749316.43495297 145834328.156513 81747999.63226415 -9999
-9999.0 -9999.0 -9999.0 -9999.0 -9999.0 -9999.0 -9999.0 -9999.0 -9999.0 -9999.0 -9999.0 -9999.0 -9999.0 -9999 33819624.13350633 30124267.68831038 -5401432.220439809 30058852.144184444 42601758.96362609 69654845.96995594 74171767.22141689 48512746.21954736 23402184.99241742 -9999 110761685.23202918 122358788.26997955 136294649.22379744 139838419.08030048 85372305.09168436 -9999 174929253.0046429 1038114802.6353872 1765551361.183498 604917056.3411803 175934474.47738448 192641018.0768823 223783797.46234205 78671332.56752434 109435241.19660762 119187588.14585412 -9999 -9999 226843743.12949768 212294362.9559468 152280484.02223995 186988191.0330683 1196780245.8343494 150210219.5425187 103836347.34697817 141106092.5134126 47464879.75590701 -9999 66323858.47982284 40429633.22317351 33923045.697943784 6131562.155821048 31417580.256542068 55844756.77058222 110865356.62971869 105851797.64227386 163296554.5520923 179981108.1519752
-9999.0 -9999.0 -9999.0 -9999.0 -9999.0 -9999.0 -9999.0 -9999.0 -9999.0 -9999.0 -9999.0 -9999.0 -9999.0 -2720258.394355001 -1768948.5285892354 -5259069.260753398 33593963.25921748 31289797.162347104 47325132.29239378 71737861.03589757 78123068.02266344 -40050170.27167306 26217808.08197066 -9999 118660284.82944404 123604316.06315766 134890680.2444905 71928514.3064566 80505076.54717739 79269124.80422668 107179120.42707531 140770672.89295444 950962715.146919 874343655.5896713 175212557.50506765 204069037.21490005 -19704744.50823395 -9999 209503874.7123942 136105800.30257306 -9999 245041159.3202548 465477660.5913617 202767100.1162474 159969992.357799 85069631.11454168 91038168.08553933 62107948.03948985 138526129.72693503 31145998.014199726 90318681.05225185 53984983.0975353 20355431.204609737 13808931.733254699 25612557.200029016 12066975.48616532 35276193.044919215 -25872935.07847413 62181147.99311957 126152192.42459004 215474953.16644165 127784777.88632397
-9999.0 -9999.0 -9999.0 -9999.0 -9999.0 -9999.0 -9999.0 -9999.0 -9999.0 -9999.0 -9999.0 -9999.0 -1231722.8180867073 -9150431.415484773 11218298.766204555 27286957.865786422 33906183.99083641 -5904578.338047235 44140849.41115074 -9999 61922767.802845314 -9999 16989269.763312697 81369488.64305864 101124903.21455552 82284695.31600392 123566210.47669047 40362592.83758869 143341006.28729075 -9999 -9999 174553693.99760565 -9999 -9999 752117117.2752432 295584571.4150975 -9999 179877434.344997 202049913.96548834 -9999 -9999 -9999 224964794.87109348 124462519.84818551 112246456.32809377 42636911.15597958 58889831.29170217 101163167.21076362 19760787.779176075 20502205.027382504 71217865.2153043 39948814.936570115 34772145.03869866 93221519.36606725 72440597.55124578 24354001.55054206 22119128.906077262 -8772636.657806529 4159605.402921697 3754953.396290478 13456227.791749422 -6860382.059346505
-9999.0 -9999.0 -9999.0 -9999.0 -9999.0 -9999.0 -9999.0 -9999.0 -9999.0 -9999.0 -9999.0 -9999.0 -9999 -1519672.0775700256 22241744.466387775 28799043.43503387 1431356.3004368756 22374462.38648787 50560955.81345588 76258782.82013047 89234001.30684468 78911633.15237334 15678239.245735291 69766111.87719597 67881795.05908667 104584384.99113068 102132495.89118633 33120931.41436619 -9999 142854527.1710649 -9999 -9999 -9999 -9999 608701504.6602713 586442827.4952607 236493520.26753825 129725724.59509462 159941325.26491705 -9999 -9999 43960681.43279734 111168652.67481829 175420506.40997034 155178857.15187386 38316172.22974113 13088368.11007374 -9999 -26539459.295561526 43503781.20890395 71247972.43517043 30703633.72515058 20290236.484985117 65562043.59897129 94821454.13266595 57214082.05216469 29240264.99379417 29660217.34152395 17822872.50114679 37109675.42196823 21724004.986547258 56518667.296073385
-9999.0 -9999.0 -9999.0 -9999.0 -9999.0 -9999.0 -9999.0 -9999.0 -9999.0 -9999.0 -9999.0 -9999.0 -26315618.78860772 23222025.87985344 10364823.401374161 34568532.92977078 -1268289.2868165395 -9999 -62233667.69637237 -5635449.116750427 72717266.63778916 -2546897.9574801316 11043835.649932837 24984760.265516717 57924384.703482606 150722814.11601558 14172788.841464002 512293327.3365631 -9999 -9999 -9999 -9999 399446320.7884226 -243468030.97377947 207355833.10031378 500103192.0305908 387399055.58361167 346663266.02659875 -9999 -9999 42077656.28412825 13386420.358149163 113012346.09916325 154070889.66685423 -8822289.237097573 35928549.82724536 27504634.743744176 -9999 -12586810.70651893 21977143.578246266 51974375.2939255 48109304.799678214 55035841.90498518 31055407.56195804 90589435.78831175 40738428.19472742 59381307.87929883 33521013.97457685 20495094.22658495 67598057.7144128 138036606.24390298 61152970.96022441
-9999.0 -9999.0 -9999.0 -9999.0 -9999.0 -9999.0 -9999.0 -9999.0 -9999.0 -9999.0 -9999.0 -9999 -9999 -9999 -1920429.4029782135 162048.01765145673 -11633658.021043194 -3262451.9463805 -395620906.02765214 -5728729.512027084 101134091.72537331 54030175.586552545 20463221.66644454 9795846.51663045 -9999 -9999 -9999 -9999 -9999 -9999 -9999 218829751.89101228 880098999.332318 166196535.42287922 148132452.84481758 816273243.3043628 -9999 -9999 458224861.4054445 -9999 139238243.88014153 381153894.3668024 -9999 177551498.1689236 80451640.20950255 64463459.97993426 -9999 -9999 -371531.5038638852 86920017.16899677 64845191.332395576 4430249.394682068 -13252631.58249879 60573671.684799686 51663812.86724216 30623209.82626877 44542861.832252234 18131695.71456319 2808604.7082609027 33086621.813816693 151820315.50000244 109216608.10946244
-9999.0 -9999.0 -9999.0 -9999.0 -9999.0 -9999.0 -9999.0 -9999.0 -9999.0 -9999.0 -9999.0 -9999 -9999 -9999 -802509.9658862711 -7357368.401049497 -18277972.796129696 -79826938.43433215 -180060449.48385534 -30052695.933463756 -63262027.38932138 -17637907.28267392 -9999 -9999 -9999 -9999 -9999 -9999 -9999 -9999 -9999 -9999 -9999 -9999 -9999 -9999 405557027.27991307 357922260.8150873 475397883.06630826 -9999 207830018.84580198 144358549.51040784 56289332.992136836 46066735.36666088 34016441.77527366 42432413.81333485 10284996.31437882 28491899.347419668 7067227.825853629 -12824700.375259554 7533640.758647693 4243936.544079681 49266257.85232964 17043287.332404245 36270036.787637986 34129988.928206876 45704559.37838265 51333655.7074742 16772630.257411264 105260705.91511318 54260936.58094476 53781839.33202552
-9999.0 -9999.0 -9999.0 -9999.0 -9999.0 -9999.0 -9999.0 -9999.0 -9999.0 -9999.0 -9999.0 -9999 -9999 33044354.92383004 -459443.8446604822 -1845947.5661479593 -5897048.049736867 -515094787.46581227 -192827502.92914876 -255510756.37113827 -17953474.093514513 -9999 -9999 -12379464.681404015 -9999 -9999 -9999 -9999 -9999 -9999 -9999 -9999 -9999 -9999 -9999 -29663836.799223874 161923101.08391693 380563518.134492 584328392.6600301 -9999 -10305006.210849766 -19358894.70340253 8487782.984126577 -7206870.418583133 -26409141.037634887 -9999 19472237.060646378 10289609.004767023 35018779.65292392 26939121.136908974 19193282.68167441 33769601.1056451 6521414.016423855 25195286.694623422 -2915988.2910666014 56922164.56368634 31092133.682026602 156359081.0722041 148654660.72454467 123217676.05046426 133330446.29751581 71229043.25952609
-9999.0 -9999.0 -9999.0 -9999.0 -9999.0 -9999.0 -9999.0 -9999.0 -9999.0 -9999.0 -9999.0 -9999 -9999 -9999 -2091268.8638171921 -3000492.9335557236 -9999 -127897679.85639581 -41008671.75719047 -439747993.46151996 -1974118.1362944816 48837281.0519291 -5717291.424929412 -21459421.23388997 -32447066.118346803 159971701.13711882 -9999 -9999 -9999 -9999 -9999 -9999 -9999 -288167055.07598555 -9999 -9999 141391404.50104135 633987158.6652045 571180524.4131209 -12241346.134308577 -8883519.662315184 5847713.079333516 34271522.72060371 -18480153.41584411 30767756.50388186 -1191530.801638573 38108372.39258788 16911941.26894981 37207254.59249939 66746394.774549305 41514193.78577885 9405010.803599637 16930284.934210815 24656358.494153153 74296655.69523026 117721791.29720432 286342888.7095781 144388491.41832492 145914312.3502507 146772779.21758723 144835342.4537402 88525745.56557012
-9999.0 -9999.0 -9999.0 -9999.0 -9999.0 -9999.0 -9999.0 -9999.0 -9999.0 -9999.0 -9999.0 -9999 -9999 -9999 536029.1875973875 -1693422.264147506 -1976759.1904608281 76627225.52596916 187400840.04498607 71377044.91674133 22376995.97421294 61296721.09659839 -4728234.755064403 -5795148.833466993 -1697836.113285954 -37428884.224997096 -4020040.618258438 -147866752.118947 -14814126.062627008 -111285588.6610166 -33931540.11104439 -49848499.74891712 -10247331.985475846 78801794.24636307 -92466000.2057908 -9999 -21223884.19848106 47837547.672002256 62569003.494975016 119436465.32111329 12665853.328411456 3033316.9095785473 20210251.55199211 45611471.53758872 18070374.515334636 4675454.495827174 -9564559.667631444 1526558.188899094 32684334.751069102 125619500.33422397 -50336293.999209665 49316475.56869899 11964098.067076309 9159592.320091167 117437627.03568684 166069037.40068042 234067532.2158645 283299156.9011852 203263129.43283746 292062293.4343072 506870479.9034368 566722882.4020361
-9999.0 -9999.0 -9999.0 -9999.0 -9999.0 -9999.0 -9999.0 -9999.0 -9999.0 -9999.0 -9999.0 -9999 -9999 -9999 -9999 -3043231.8935509087 -1158655.8828509352 -9999 -9999 -166830383.41868308 179491293.4845281 179258091.49577382 -4051186.679762204 -2776340.1847330173 -2356321.5698214355 8344449.4988710275 -2479657.162023935 -2369261.611981578 -2670616.58326917 -1722228.1479175724 -2221778.4564583027 -83165751.39204164 -6456261.866094386 -625322.7871717436 -278179354.91961795 94082272.77408922 -32601302.835500084 -176720.81354516678 17111811.96948017 18718671.88785718 7198912.047664451 6391247.175506979 -9999 6941932.590360288 4963777.815331718 93320952.29773682 28509870.339100603 -29536153.953637026 41703307.831448555 46146228.52638619 6669883.409360456 60354470.78104702 75948081.76603922 71553820.17440788 144772848.29827046 166381490.36350343 169723161.56387645 263891144.04367006 260954930.66280806 188491864.759062 595269448.9079868 766107788.7857586
-9999.0 -9999.0 -9999.0 -9999.0 -9999.0 -9999.0 -9999.0 -9999.0 -9999.0 -9999.0 -9999.0 -9999.0 -9999 -9999 -9999 -3121151.2493805913 -9999 -9999 -9999 27270877.044265427 -9999 -9999 109844077.67585424 -93335603.89438713 -4965864.856003959 -1766500.4018537563 -3113366.1631045784 1145251.9107837 3911099.6674869475 1834276.387588844 -9999 -9999 -9999 -9999 -9999 -9999 -9999 -541209.0865693848 278183.38806393935 -628780.6951517938 -9999 60705972.42353614 -9999 -9999 94289659.27238013 96912591.3241545 93992716.48602696 -912836.246960751 22435068.95929227 90283694.82034558 7786938.122337054 8655827.729897786 11118556.559592154 62602778.68316141 73878933.69921432 144265483.82798177 171433179.93148512 226561690.62286675 387600581.19869965 344225056.36361694 394569912.40981066 -9999.0
-9999.0 -9999.0 -9999.0 -9999.0 -9999.0 -9999.0 -9999.0 -9999.0 -9999.0 -9999.0 -9999.0 -9999.0 -9999.0 -9999 -4778160.705183302 12436718.49329534 -9999 -9999 71918444.04607236 -9999 214170346.69241256 -4751403.37966311 29743040.910452265 12375938.053181093 5006979.642839281 -2502841.836289481 -1668816.0083083704 -2546730.1197576406 -2974336.6283481345 -2082897.5078048792 -9999 -9999 -9999 -9999 -9999 -9999 -9999 -9999 -622030.2040429213 -473334.11292552156 -1898769.2419577024 86730467.89549516 4106063.874688189 64545621.995809026 49736167.87304879 23189518.625240862 27943230.104831766 3534017.016695268 30097301.88640353 56793286.91871569 25958919.611414947 10122801.544317232 11382599.047066778 4537981.898260973 44264813.940744735 95308843.91071963 219112037.02430904 270299565.12677157 647496599.6009563 1108705952.0557134 -9999.0 -9999.0
-9999.0 -9999.0 -9999.0 -9999.0 -9999.0 -9999.0 -9999.0 -9999.0 -9999.0 -9999.0 -9999.0 -9999.0 -9999.0 -9999 -9999 -9999 -9999 -9999 -1619039.279287059 -9999 -2378963.9963282985 -2792341.3311702823 11365650.493679957 11322253.502496686 -16372257.575857984 -87269026.38710903 -2717058.026713687 -2116546.6252607615 -3561917.90554389 -2774026.9410990123 -9999 -9999 -9999 -9999 -9999 -9999 -9999 -9999 -9999 -431489.86189300433 8601384.959235031 -48454123.38309145 -5932186.900000543 4623622.158111876 4682317.165448069 25579293.57731287 15476326.57331254 26102206.143700507 18463079.02578517 10731414.347269766 11855106.137614269 13880665.063787851 23903444.96970153 34131485.438293636 19668364.886124153 42182094.68329202 241380683.79205245 371987621.25190175 1188398387.1547055 -9999.0 -9999.0 -9999.0
-9999.0 -9999.0 -9999.0 -9999.0 -9999.0 -9999.0 -9999.0 -9999.0 -9999.0 -9999.0 -9999.0 -9999.0 -9999.0 -9999.0 -9999 -9999 -9999 14753129.633132447 -984851.3904937501 -1862851.7531966325 -1530643.9794185509 -16486751.037047341 -579773.9327954428 -1722021.1278781637 -9999 -9999 -3557014.9364504307 -9999 -9999 2393538.6457286594 -9999 -9999 -9999 -754188.9726026753 -9999 -9999 -9999 -9999 -9999 -9999 54124244.64026741 -9999 -1216585.4587940874 39779547.842469946 -8799610.497855075 -76640084.5118773 -20985.797667037452 4325257.291393823 24605026.407556616 17992632.43584592 4557384.819763189 16401882.70318889 41042356.66521232 35412545.6432228 149096129.93411782 239357783.0231536 396929866.4405211 524019132.7851676 -9999.0 -9999.0 -9999.0 -9999.0
-9999.0 -9999.0 -9999.0 -9999.0 -9999.0 -9999.0 -9999.0 -9999.0 -9999.0 -9999.0 -9999.0 -9999.0 -9999.0 -9999.0 -9999 -9999 -9999 -9999 -9999 -1442584.8277224475 -3117279.6947611845 -815876.6681457784 -9999 -9999 -9999 -9999 -3920904.109317158 -9999 -1389845.8023851789 -1552197.3336859664 -9999 -9999 -9999 -9999 -9999 -9999 -9999 -9999 -9999 -9999 33771518.99068499 -703201.7282587433 -1605852.6140420155 -10559722.526349558 185107.20540447414 986470.9690727415 4523275.527426761 6648071.936793925 5317057.799751134 4102278.8721761485 13685399.719108203 60238847.65538941 51611881.82761605 71556075.01960948 147034950.79909545 511575649.85008717 464896479.6293306 509776684.7888506 526834186.0351051 -9999.0 -9999.0 -9999.0
-9999.0 -9999.0 -9999.0 -9999.0 -9999.0 -9999.0 -9999.0 -9999.0 -9999.0 -9999.0 -9999.0 -9999.0 -9999.0 -9999.0 -9999.0 -9999 -9999 -9999 -9999 -1939365.778612764 -2052149.2801043582 -9999 -9999 -3459680.3126906613 -523248.7350670956 -2287029.638681268 -3298729.0604191017 -1703128.5732387882 -1382124.1648599452 -9999 -9999 -9999 -9999 -9999 -9999 -9999 -9999 -9999 -9999 -9999 18238759.476056732 -1067459.6740930371 13215164.503508465 -2698303.6374187195 56604846.23634867 124929042.01908731 20772249.493391544 9388868.306611465 8654689.215318734 16286955.615052057 32794601.72399787 60064403.99028161 127393048.35508251 58694496.69877834 232157870.3391011 332597736.3582706 456571664.6378504 457200265.490302 486897538.4962427 -9999.0 -9999.0 -9999.0
-9999.0 -9999.0 -9999.0 -9999.0 -9999.0 -9999.0 -9999.0 -9999.0 -9999.0 -9999.0 -9999.0 -9999.0 -9999.0 -9999.0 -9999.0 -9999 -9999 -9999 -9999 -9999 -9999 71485339.88366613 -9999 -2368064.6163827325 3940638.1961181355 -9999 -3836569.954235614 -9999 -9999 37560264.29366924 -9999 -9999 -9999 -9999 -9999 -9999 -9999 -9999 -9999 -583825.0165424999 -511148.57109152514 -385218.7700380329 -1017298.6787674209 7688804.714383382 13468294.207142865 -9999 -9999 -9999 -9999 88855234.11280383 47762798.85787236 17631151.356991354 -9999 435856607.16176265 -323171342.5031226 664069735.9854901 328409069.0436022 -9999 116407634.84336743 -9999.0 -9999.0 -9999.0
