critload/trunk/output/2010/nup_max_ara.asc
ncols 720
nrows 360
xllcorner -180.0
yllcorner -90.0
cellsize 0.5
NODATA_value -9999.0
[rows 145 to 173 of 360, columns 330 to 395 of 720]
0.0 0.0 0.0 0.0 0.0 0.0 0.0 7366.34531 10315.39294 0.0 0.0 0.0 0.0 0.0 0.0 0.0 121.6444044 0.0 0.0 0.0 0.0 0.0 0.0 0.0 0.0 0.0 0.0 0.0 0.0 0.0 0.0 0.0 0.0 0.0 0.0 0.0 0.0 0.0 0.0 0.0 0.0 0.0 0.0 1502.1118399999998 0.0 4503.42903 750.632943 0.0 0.0 0.0 0.0 0.0 0.0 0.0 0.0 0.0 0.0 0.0 0.0 0.0 0.0 0.0 0.0 0.0 0.0 0.0
493304.60599999997 332254.341 0.0 0.0 0.0 0.0 51809.2476 0.0 6891.78402 37938.437600000005 0.0 0.0 0.0 0.0 0.0 0.0 0.0 0.0 0.0 0.0 0.0 0.0 140974.4533 178990.161 162844.7272 186372.8819 20375.109279999997 0.0 0.0 0.0 0.0 0.0 0.0 0.0 0.0 0.0 0.0 0.0 0.0 0.0 0.0 0.0 2006.8864480000002 5852.72566 0.0 13020.271780000001 0.0 0.0 0.0 0.0 0.0 0.0 0.0 0.0 0.0 0.0 0.0 0.0 0.0 0.0 0.0 0.0 0.0 0.0 0.0 0.0
0.0 58566.4824 840890.091 135135.00770000002 269585.218 0.0 59365.4127 7434.54149 0.0 3453.5245 0.0 0.0 4729.00101 0.0 0.0 1348.263999 5416.39771 0.0 0.0 0.0 0.0 56574.473399999995 1464795.344 781522.079 0.0 0.0 0.0 0.0 0.0 80571.91990000001 0.0 0.0 0.0 0.0 0.0 0.0 0.0 0.0 0.0 0.0 0.0 0.0 0.0 0.0 1507.3624260000001 0.0 0.0 0.0 0.0 0.0 0.0 0.0 0.0 0.0 0.0 0.0 0.0 0.0 0.0 0.0 0.0 0.0 0.0 0.0 0.0 0.0
1205815.27 1449190.092 0.0 217080.0669 190301.6057 0.0 0.0 24134.736800000002 0.0 0.0 24907.2015 0.0 3946.32815 0.0 0.0 0.0 0.0 0.0 0.0 0.0 274004.028 369958.369 0.0 3771867.86 0.0 0.0 0.0 0.0 0.0 0.0 4347.18747 0.0 0.0 0.0 0.0 0.0 0.0 0.0 0.0 0.0 0.0 0.0 0.0 0.0 12857.83916 0.0 0.0 0.0 0.0 0.0 0.0 0.0 0.0 0.0 0.0 0.0 0.0 0.0 0.0 0.0 0.0 0.0 0.0 0.0 0.0 0.0
12914.66931 20727.408949999997 371092.609 170885.7799 214716.358 0.0 1508992.896 1718921.816 1749636.09 1188671.705 1134963.078 2406384.68 2376847.18 3401420.35 2392891.95 1488779.794 1002646.893 482692.373 0.0 516691.217 795265.287 2079643.2179999999 1398473.023 2803321.42 0.0 0.0 0.0 215852.4884 212446.6965 130804.1013 0.0 0.0 0.0 1593385.078 207959.5958 530987.367 0.0 0.0 0.0 0.0 0.0 0.0 0.0 0.0 539.952589 0.0 0.0 0.0 0.0 0.0 0.0 0.0 0.0 0.0 0.0 0.0 0.0 0.0 0.0 0.0 0.0 0.0 0.0 0.0 0.0 0.0
1894617.955 1087528.216 24012.806 41988.383299999994 1236803.652 2403738.12 2452959.41 5146614.0 3932055.63 1280483.707 5209658.84 6697285.49 4570396.45 4552744.84 3493104.75 2559247.15 3340525.84 388800.931 0.0 2115459.209 8407.19955 1683672.945 2778888.0 984978.742 1004041.063 540616.592 0.0 208658.8075 624789.015 406081.55 60854.8116 122583.9332 91319.3165 237221.57 759747.034 145418.0748 0.0 0.0 289878.662 202174.02659999998 326625.675 1143994.464 171069.6213 531613.562 531682.089 941329.406 2139696.5 1617709.8 0.0 0.0 0.0 0.0 0.0 0.0 0.0 0.0 0.0 0.0 0.0 0.0 0.0 0.0 0.0 0.0 0.0 0.0
6156678.35 2865373.8 127708.5713 1881727.79 3955236.66 2861758.41 1986455.95 3191845.88 1596733.449 1014589.495 4591072.7 4188275.72 1932574.824 1501506.912 2045285.198 3748615.94 2081741.562 961124.257 379703.381 1346595.721 622787.554 1816584.606 2789308.83 2382305.71 7307.41209 0.0 0.0 219.4028959 0.0 146125.0844 572172.094 0.0 175109.4061 69961.1047 822579.204 530238.296 0.0 394122.407 321996.558 1097386.652 219309.3211 661836.129 882743.547 483264.219 188903.89119999998 738539.1089999999 1776574.29 1421417.753 1420649.778 711494.574 0.0 0.0 0.0 0.0 0.0 0.0 0.0 0.0 0.0 0.0 1870.075837 0.0 0.0 0.0 0.0 0.0
6641849.51 2829338.05 3262192.39 1512501.951 3848145.5 860720.387 744668.731 97499.27040000001 1297473.677 108091.6542 170959.74180000002 190635.4976 461779.823 4284308.04 9001753.98 6592628.22 190108.076 3215026.91 1629938.325 381475.631 2845146.52 7901990.15 3404279.58 3790441.04 315687.348 5567.44067 617000.567 0.0 280814.194 546247.621 0.0 167736.3735 144649.62720000002 134269.91340000002 208935.5148 169414.1035 595135.728 799719.542 680768.485 134911.7042 1159500.47 1234705.308 832406.921 838182.093 944602.161 1044072.646 850313.735 16416.63531 471217.645 1691291.257 686427.87 890465.831 1425368.689 0.0 534141.972 178131.9194 23540.22963 -9999.0 5466.233380000001 170027.302 131523.8711 1642.989174 3930.75598 0.0 0.0 440000.052
4471174.08 5879829.27 4935456.32 724566.69 302374.206 146926.3777 83237.3839 103867.55540000001 140378.9773 81874.6418 1416998.943 2727209.19 1042747.003 4990088.88 5585777.55 4035058.8 8717910.42 6322324.65 1237852.824 5408930.63 6457370.1 4080806.48 2820925.77 4814399.83 1073484.907 1854515.482 3930685.09 2645685.69 328416.829 673885.066 332192.903 4807830.69 1026938.5329999999 845327.805 780234.244 760673.33 1474353.679 1295533.654 7185953.89 3834062.02 4568009.82 3623873.17 7681900.33 1661061.398 1836632.298 4686277.97 1432994.09 1210260.073 716388.347 1805844.771 3854407.45 2613218.07 1780688.273 2200763.509 485653.212 1790544.346 3190498.97 1062752.161 -9999.0 -9999.0 1034646.639 1015716.646 514592.873 1036092.795 1685251.429 2166355.866
3643675.11 2281374.891 3397875.85 850169.592 34910.2531 205377.5457 83600.3407 198905.525 0.0 109075.1348 1382359.726 1175512.158 1196417.619 3299173.34 2051289.581 5629185.86 8978123.98 5162776.92 10472414.29 8554461.709999999 7168514.95 4906533.2 2200612.277 4017005.48 1341512.908 5547071.61 880475.067 5554869.51 1489108.251 2006354.773 5073597.3 2698167.92 3658751.05 1414635.943 2165174.366 1612747.5 1674563.58 2332885.928 7653567.96 8910353.14 14985767.92 15974470.75 14206403.26 14601638.64 14810409.69 11546941.28 13361512.61 4373842.11 5276626.26 4785004.11 2837135.95 2596535.29 4049756.66 1790152.088 1579656.048 3578007.34 4759932.68 2555277.31 2456811.1 4155311.87 3943870.63 2687038.19 4266467.39 4099875.89 4335112.54 3294636.38
4948216.52 3665745.53 2287558.862 1410108.435 1297835.216 991325.76 314815.401 11350.12701 0.0 234321.4601 269365.459 1277043.179 914039.119 3442772.85 7718030.6 5159114.27 6442152.38 6946133.02 4779616.47 5338253.3 7754066.35 5621695.15 3070860.28 5660306.57 4151082.1 7351718.34 3484125.35 2279895.653 6871296.81 5792918.13 6051264.92 3151036.87 1088048.076 3635924.47 593127.178 1113826.043 6050414.24 8100033.18 5594497.02 13063987.28 15127264.36 13171409.26 13167864.76 15560071.44 16115092.88 17628003.63 15547500.28 15841835.56 16616639.63 4920238.6 4578832.36 3727585.2399999998 2728626.9899999998 2915823.85 3021591.73 1855852.94 2816294.29 2396152.89 1417436.098 1005333.624 384152.91 408184.62 2011016.972 305512.27 833007.123 3362619.89
4067195.6 1539142.413 1668360.705 962211.237 811213.174 1828496.489 657240.094 293229.396 1703155.88 850396.44 2273309.972 3632852.57 1954595.621 4904713.69 4736728.02 3362714.41 7605882.62 6323175.33 7766401.21 3244588.04 4994554.95 5197134.94 5021138.7 6066600.79 5237282.31 6205072.59 6526818.67 5117360.06 6115018.66 7803783.87 2256565.754 662630.097 3705184.0 3569051.57 707281.345 606858.571 7315186.36 14115333.24 13349106.86 13915376.18 13588336.98 11880478.73 14614233.43 14703672.98 16839186.97 18281680.32 16430458.86 17187327.76 18066576.43 17285108.7 15805823.44 11110849.63 10294763.95 8423031.65 8253557.29 8450395.19 2812678.9 2996591.19 3248014.39 1325869.848 1070311.398 1928004.782 4214481.39 3965161.26 4063651.1 2935460.38
6799225.31 1226534.054 4913291.38 5066839.12 3088039.29 3506408.44 326935.228 1774797.314 1978412.298 265754.795 391173.383 5434309.25 5865745.79 3764259.0 3424932.2 6076052.79 5729400.69 6493264.07 7516773.89 4421834.64 3238018.9 3492608.52 3472877.47 1674778.613 2050578.318 4742966.34 1711095.56 1412783.351 6833559.7 8822898.51 5999160.77 906855.599 954845.766 561614.21 4266585.54 5446762.26 4001267.9 9642694.1 12742028.53 13534555.1 16039382.36 15437479.0 15100208.01 14032557.35 17643126.83 18647330.94 17639275.14 17084962.6 15891836.64 18375444.16 16579351.49 15822128.14 15776120.53 15454728.9 10730926.49 9636101.33 8720793.28 9395547.93 10224346.55 1006633.274 1797047.322 3048151.85 3763408.32 3506526.59 2189541.622 2411323.35
2234726.908 4894316.49 4859249.57 6567863.9799999995 3628788.21 2722648.6 1309158.712 1930998.703 1487992.915 311259.086 1322528.566 2163210.713 1708855.436 1026981.067 889570.254 3892758.94 3664611.29 6337944.08 6505480.78 4582873.09 2119190.386 4651352.83 1778649.004 2092157.666 8746171.9 6559380.81 4677109.53 8303227.55 10345048.59 12366217.01 6377264.4 6968392.4799999995 3748214.23 1320765.768 1973809.1739999999 5308479.5 1662245.261 6013031.58 10665660.43 11825491.72 15408012.39 14596085.59 12403103.44 13292820.2 13805543.94 17481166.81 17087987.24 15037210.43 14134260.87 16901617.43 14218478.19 13319285.8 14251560.19 13802991.9 13097707.29 10702499.6 11120372.52 7234986.14 12591269.13 10896620.05 2957530.8 4630109.46 3490978.05 3457045.37 1563348.985 1127110.829
168931.81519999998 2223857.108 4813974.49 4803340.99 2525219.95 2695568.62 2154836.241 1853974.355 300079.733 232047.3089 179370.36769999997 1616986.722 300639.764 173369.7655 257614.26 232075.19230000002 4123931.23 7201904.14 8288080.72 8201287.7299999995 2381714.96 355636.226 58025.591700000004 629630.802 6534333.01 5581240.59 2020303.562 6004406.63 9651389.94 9275271.23 9374068.26 6247086.7299999995 5572639.27 3295274.39 3731177.0 2947866.13 4015611.31 3447853.3 4041486.16 10607979.6 14772247.24 12133934.11 13877450.03 11907629.6 13753936.02 15678103.29 14179914.03 16490148.24 13135940.63 15436368.39 15245107.17 16064690.09 17322798.55 13841745.1 10553347.04 12892953.34 11605307.38 8094787.32 11504076.459999999 10547061.459999999 13902521.459999999 1345180.284 949878.74 2292377.019 1148172.248 979470.589
-9999.0 -9999.0 1072568.063 3810030.31 3690131.69 818850.39 342979.998 265828.048 307135.651 490875.442 103469.8625 19159.22763 23184.31457 28440.8317 154958.21469999998 26773.0263 999582.082 3019323.25 4031750.6 5423841.16 53192.07520000001 148666.7272 129456.48240000001 465033.674 5834506.93 5452197.16 621409.925 7299472.41 12483232.77 10370758.03 10613981.62 7188198.74 5982099.91 7619895.21 787417.764 2818751.81 3131423.97 2302722.233 1771609.627 6303373.39 7756311.2 12337861.01 14182206.14 14037826.84 14125116.06 12910699.47 15524059.32 16738688.58 14146832.03 16280691.92 10126471.09 10508213.74 15730396.48 13483183.48 14362715.709999999 14091915.91 8829987.51 10816632.5 4617538.3 2031915.344 5775951.79 2914736.87 1162801.581 780999.856 596768.561 1507140.304
-9999.0 -9999.0 -9999.0 4067526.42 5671270.89 2432921.17 1540692.541 2471650.7399999998 239324.63999999998 2205111.429 2166889.904 319586.298 249015.30299999999 277461.097 37439.6083 83122.54209999999 165193.7855 1497690.667 3287074.78 1619047.258 71259.8095 37061.7646 0.0 49162.687600000005 2084822.914 4147277.67 2853322.5 6187113.79 9446257.91 7012698.7299999995 8495788.42 5062538.46 4197089.71 2978915.95 1472685.401 5115304.25 6875479.32 5896630.2 4161597.45 6702413.2 8621405.5 11540064.95 15364131.48 12464588.7 12441005.959999999 11146412.78 12937661.3 12260307.35 13142557.03 13769177.37 14406242.17 14197116.67 15286294.26 15428783.16 15826806.88 13799258.36 9614149.06 11015597.1 5147322.9 2867240.57 3495018.78 5435538.01 4385349.92 2790868.41 1972344.114 94130.81390000001
-9999.0 -9999.0 -9999.0 943860.179 5061924.08 3054366.54 5402054.3 3962916.41 3109211.77 6475305.27 5869692.0 3301725.38 164097.11719999998 1212736.497 252446.379 273148.622 495542.36699999997 1412029.554 370154.498 38036.502100000005 403843.789 52463.7986 31368.825 191110.6969 18670.582860000002 1959468.127 1752774.154 5208524.6 3985979.29 7760517.34 6996063.21 3174288.79 5699343.33 2660005.47 1057579.554 2113084.394 4390808.45 9178553.64 9937998.209999999 8413437.87 6097319.79 8816140.33 11178006.09 9339355.79 9450913.02 11489945.72 11241429.01 11348850.99 13844486.18 14989005.23 15382681.03 15811258.34 12785460.47 10861836.69 14584246.959999999 6280759.4799999995 3197209.89 5093659.17 2288492.247 579766.776 3285137.12 3359996.96 4519426.54 3140048.92 2578671.01 4761090.55
-9999.0 -9999.0 -9999.0 743971.646 5096069.43 6616234.59 6885333.03 3608111.96 4183053.4899999998 2394215.23 654047.681 4371266.44 4468598.41 3062448.0 1224889.406 1196393.989 538440.269 787826.563 934268.762 1965274.018 730098.473 494235.628 785678.596 1665194.285 1914507.326 3011147.27 3617162.25 5333291.0 6964989.76 7112511.85 6767679.26 1565773.423 4424457.57 2607972.21 2191039.764 4992475.51 8110761.2 7967894.22 9441744.58 7954141.56 3077287.64 3330175.9 3856203.33 7919948.95 8898868.959999999 10586098.22 10750941.1 11618374.77 9560745.26 14078399.55 14328972.07 11022402.54 4737625.96 3640886.77 5051290.58 286407.415 297466.255 151252.7944 799391.085 157846.7459 262056.7 1529602.982 1118547.317 162660.17690000002 3324032.1 5312662.01
-9999.0 -9999.0 -9999.0 -9999.0 1735767.643 4490432.53 5886162.11 7185150.47 2086656.602 9864.627059999999 200559.1524 6120642.6 7813543.06 5897646.29 3374505.78 2862349.16 4123954.86 2529024.38 4367462.01 2457283.7 1008240.114 2613501.63 6039922.52 5659101.44 7322558.92 9134412.8 6473462.13 4378355.44 5868557.76 2493981.09 3564727.28 2710762.71 5822313.85 4652676.11 5193023.32 3014998.96 10167114.69 11843686.82 10649379.36 10354406.07 11378081.3 6538680.93 7461999.55 8725141.2 6342244.74 10185971.43 8540685.42 12104562.02 12274461.72 14163751.11 10757462.98 2770806.54 1146116.438 111605.4352 437594.518 72292.9131 17122.93601 998882.634 247722.742 469376.868 881427.356 1242689.885 1711816.275 421894.746 328457.0 302414.377
-9999.0 -9999.0 -9999.0 -9999.0 -9999.0 583779.15 3337690.2399999998 2926173.79 261482.491 613054.357 1328828.324 3141088.64 2112876.45 4805373.17 5525970.02 6096776.3 6320127.06 6591942.95 4693366.97 5053133.72 2579403.54 5261550.32 6557065.07 4916670.47 9841705.959999999 9624617.15 9407055.74 5914494.4799999995 4708135.72 3209781.05 2966226.64 3518885.08 6178465.21 5003510.72 7668974.72 8729418.23 11675653.89 12439966.24 10898274.15 10947731.74 10947495.44 10777453.959999999 10249725.17 9702430.74 6319465.42 8628210.94 8988497.55 13647553.76 15427034.54 11744866.16 4671391.07 1184935.802 1343779.025 941839.814 876448.515 134404.6044 1356851.141 2939595.63 2367135.25 203287.7085 0.0 867804.661 1463831.24 245773.267 374752.896 393318.987
-9999.0 -9999.0 -9999.0 -9999.0 -9999.0 -9999.0 0.0 1436359.002 2799186.17 3252338.68 2680350.9 1960566.922 1521901.965 5743649.58 5140115.75 6128464.13 7296376.88 7180660.77 7847546.63 6755438.92 5216015.31 6512758.82 7491726.09 7661224.08 6599717.22 8008183.37 10563011.709999999 10544816.61 8734333.27 3818017.25 4445700.94 7192782.96 7101618.42 6640573.49 8956431.64 11852075.47 10183726.58 7097483.17 8360081.33 10072571.06 5643387.49 7934126.95 11578392.81 10202110.72 10434180.95 8506823.63 11215530.53 10807227.76 10041119.53 1845025.6739999999 173842.36549999999 770756.251 5029740.02 1859406.892 143162.8276 35798.977399999996 632757.051 270180.694 671025.836 37064.8365 636117.237 821218.116 742740.523 777417.548 766977.814 524673.431
-9999.0 -9999.0 -9999.0 -9999.0 -9999.0 -9999.0 -9999.0 -9999.0 619453.361 1763202.073 914315.59 216170.3119 543858.628 1619767.973 2851810.18 4531288.8 7740101.02 6885309.4 7297156.67 7868175.62 7377120.59 6876637.19 7616445.2299999995 6928434.15 7566562.3 7113291.64 9344341.72 8731497.67 9238573.84 12144614.87 0.0 9466508.82 7536764.87 3705184.0 2158633.582 2532521.62 800742.721 751781.361 901628.643 7934623.18 6403446.44 8822922.14 13955688.959999999 10192020.709999999 12150475.11 11148870.3 15690343.63 5906838.36 1751724.982 1016914.687 1083208.652 2323967.966 438277.425 63972.7901 0.0 188132.3717 142404.7772 394434.323 650106.197 48542.4001 355555.884 481350.189 173653.3255 0.0 96559.50529999999 0.0
-9999.0 -9999.0 -9999.0 -9999.0 -9999.0 -9999.0 -9999.0 -9999.0 -9999.0 10058.86566 1096741.553 112047.07990000001 65282.601 0.0 303456.46 1417133.634 6717583.66 7237963.52 3858708.11 8202847.31 8392359.91 6518500.91 4610567.45 5485988.06 4784366.1 6250324.04 8294248.15 9246513.52 12470448.94 7622069.17 4421243.89 3103753.2399999998 -9999.0 -9999.0 -9999.0 -9999.0 -9999.0 -9999.0 -9999.0 137518.8021 816234.549 7302260.75 11054421.19 8925878.05 12950019.79 11536520.45 7529864.91 1788928.054 873931.92 567909.242 3639090.89 2095035.8 265858.767 0.0 0.0 36613.0309 479792.972 144588.8981 197700.395 119956.2772 364502.202 1212611.258 108974.9436 0.0 0.0 0.0
-9999.0 -9999.0 -9999.0 -9999.0 -9999.0 -9999.0 -9999.0 -9999.0 -9999.0 -9999.0 356.385297 241496.237 153760.88259999998 150240.0126 415413.037 2383628.9899999998 6060244.32 5745020.12 4324455.41 3603196.92 3778106.18 3264673.54 3262664.9899999998 3501327.9899999998 4362523.34 5714844.61 7495743.19 8594254.63 5662173.34 357897.617 -9999.0 -9999.0 -9999.0 -9999.0 -9999.0 -9999.0 -9999.0 -9999.0 -9999.0 -9999.0 80623.6696 2671276.98 3554495.4899999998 7750781.78 11017322.09 11927029.83 4628408.1 1243708.338 29991.904899999998 1686388.032 5477268.59 932940.756 436415.381 100837.4805 530443.877 95860.52990000001 327620.498 134280.0743 901952.374 0.0 499772.137 0.0 0.0 0.0 18250.89043 0.0
-9999.0 -9999.0 -9999.0 -9999.0 -9999.0 -9999.0 -9999.0 -9999.0 -9999.0 -9999.0 -9999.0 -9999.0 27641.4288 262347.349 1409007.277 5017972.28 4447614.97 1312013.216 -9999.0 -9999.0 -9999.0 -9999.0 -9999.0 -9999.0 -9999.0 3310303.07 2964029.05 -9999.0 -9999.0 -9999.0 -9999.0 -9999.0 -9999.0 -9999.0 -9999.0 -9999.0 -9999.0 -9999.0 -9999.0 -9999.0 0.0 663218.484 856249.591 2598992.81 7532724.14 11677851.48 5366042.18 1441815.169 2891461.32 4335963.22 210934.8491 621381.569 3223959.05 1265173.83 1241208.284 678729.216 638548.764 1593952.198 2976741.9899999998 253840.549 0.0 329841.718 0.0 0.0 0.0 0.0
-9999.0 -9999.0 -9999.0 -9999.0 -9999.0 -9999.0 -9999.0 -9999.0 -9999.0 -9999.0 -9999.0 -9999.0 -9999.0 -9999.0 416611.078 859862.618 -9999.0 -9999.0 -9999.0 -9999.0 -9999.0 -9999.0 -9999.0 -9999.0 -9999.0 -9999.0 -9999.0 -9999.0 -9999.0 -9999.0 -9999.0 -9999.0 -9999.0 -9999.0 -9999.0 -9999.0 -9999.0 -9999.0 -9999.0 -9999.0 -9999.0 70623.21729999999 324262.675 0.0 -9999.0 -9999.0 -9999.0 393647.444 4881579.92 3150871.46 569572.794 2116595.812 10415276.95 4239316.52 506785.521 990453.813 481078.444 102359.48879999999 1174935.586 2011146.937 1631798.006 547277.889 0.0 0.0 121749.3216 0.0
-9999.0 -9999.0 -9999.0 -9999.0 -9999.0 -9999.0 -9999.0 -9999.0 -9999.0 -9999.0 -9999.0 -9999.0 -9999.0 -9999.0 -9999.0 -9999.0 -9999.0 -9999.0 -9999.0 -9999.0 -9999.0 -9999.0 -9999.0 -9999.0 -9999.0 -9999.0 -9999.0 -9999.0 -9999.0 -9999.0 -9999.0 -9999.0 -9999.0 -9999.0 -9999.0 -9999.0 -9999.0 -9999.0 -9999.0 -9999.0 -9999.0 -9999.0 -9999.0 -9999.0 -9999.0 -9999.0 -9999.0 305713.125 -9999.0 1708779.82 4059941.19 2808189.2 4363492.17 5023430.81 1328887.399 768525.579 246723.193 0.0 96027.8303 0.0 495991.337 155082.9811 265858.767 0.0 0.0 268899.948
-9999.0 -9999.0 -9999.0 -9999.0 -9999.0 -9999.0 -9999.0 -9999.0 -9999.0 -9999.0 -9999.0 -9999.0 -9999.0 -9999.0 -9999.0 -9999.0 -9999.0 -9999.0 -9999.0 -9999.0 -9999.0 -9999.0 -9999.0 -9999.0 -9999.0 -9999.0 -9999.0 -9999.0 -9999.0 -9999.0 -9999.0 -9999.0 -9999.0 -9999.0 -9999.0 -9999.0 -9999.0 -9999.0 -9999.0 -9999.0 -9999.0 -9999.0 -9999.0 -9999.0 -9999.0 -9999.0 0.0 163025.733 -9999.0 608687.533 2055039.662 875966.463 2108639.591 2813884.03 1525782.011 540479.538 0.0 185991.2574 0.0 196192.801 319777.701 0.0 339140.123 0.0 0.0 0.0
