critload/trunk/output/2010/nup_crit_sw_ara.asc
ncols 720
nrows 360
xllcorner -180
yllcorner -90
cellsize 0.5
NODATA_value -9999
[rows 196 to 223 of 360, columns 372 to 433 of 720]
-9999.0 -9999.0 -9999.0 -9999.0 -9999.0 -9999.0 -9999.0 -9999.0 -9999.0 -9999.0 -9999.0 -9999.0 -9999.0 -9999.0 47493959.29269047 69505840.20901729 49237798.19353859 59440237.60637477 100937427.14241304 -9999 -9999 89475050.63983618 -9999 -9999 -9999 114546379.17514765 109051129.03138165 138666398.5282971 95808929.44262458 -9999 -9999 -9999 -9999 180635741.07776657 329267191.01498646 -9999 456652009.99254537 258470064.6261489 452734340.8423189 222157299.876658 139476048.0783606 837196.5361071203 200329996.25228703 -9999 387116026.4198729 96364545.66353002 225277517.72714034 237035533.4662474 281721330.31060237 11947.197038856206 53024206.57109446 50392659.62447503 58559799.70555472 254397.21447222022 24047601.093822252 121551096.57175903 187412475.90970275 34698612.76078238 70028839.90055692 87482819.891376 141045197.75483078 187618541.68619275
-9999.0 -9999.0 -9999.0 -9999.0 -9999.0 -9999.0 -9999.0 -9999.0 -9999.0 -9999.0 -9999.0 -9999.0 -9999.0 -9999.0 153532.34102571828 30034577.745536715 -9999 62296620.00153405 88747061.84087388 124962693.33102949 -9999 87364354.22588177 47492519.760696836 -9999 -9999 128008846.84840734 119887595.01176853 -9999 -9999 -9999 105994798.41202724 -9999 -9999 -9999 568671867.646861 595398412.0498607 344070396.5038416 473966414.6789628 12200883.527318845 207669627.6294661 130506569.37238793 -9999 -9999 -9999 148711584.53674626 75828.21775205238 59812072.43595396 10316.838775093529 -9999 48186218.348405026 31806508.03308361 52008045.03248812 41349892.62047664 7815427.782650314 49956852.02364597 81879062.2722348 60740970.659409806 14952830.105361763 82625312.54329935 25314943.629328642 196560303.15038168 129341838.46841446
-9999.0 -9999.0 -9999.0 -9999.0 -9999.0 -9999.0 -9999.0 -9999.0 -9999.0 -9999.0 -9999.0 -9999.0 -9999.0 -9999.0 39438032.151835494 49411487.576448366 -9999 37682993.29552603 65841433.95959727 58242832.388712585 117836256.21985617 -9999 125679387.32897107 -9999 -9999 -9999 -9999 126986375.85610615 -9999 112800990.36179219 116977319.60170327 68484330.49591962 -9999 324990258.8772795 790002700.2893635 595026048.6710482 510906209.5643174 -9999 317219271.5111726 3403394.3659193506 112025213.29467191 -9999 156394043.70233238 415464234.08126986 23198757.33700363 128345.28921893863 169550259.20475054 150961590.06807515 146518185.7240394 160650347.12431228 175418281.1512974 63927380.654416226 104650513.8559505 2134130.8861801126 24580094.999507565 20670840.029741317 54639403.770029016 62608507.86689369 121581266.77275877 4506663.701240737 120499437.53036563 -9999
-9999.0 -9999.0 -9999.0 -9999.0 -9999.0 -9999.0 -9999.0 -9999.0 -9999.0 -9999.0 -9999.0 -9999.0 -9999.0 -9999.0 134462481.0331668 126327692.89257155 51511420.3631337 47839157.34614105 76395116.87198819 -9999 109787137.63971305 -9999 27038638.156292174 110958051.26519081 170983720.67153412 -9999 -9999 -9999 131494275.85132326 134668083.60461262 129013291.37152052 -9999 -9999 240245611.8560555 375155799.28478336 398481043.28763765 474345498.65365875 -9999 -9999 247423559.18234545 134353911.76518962 454174436.8243731 74214452.21437229 398562603.9499903 1367995998.722773 264115096.3547963 147738282.98753157 134341036.98735756 174895137.89966828 172673276.67337143 200302012.91008773 23302688.57913888 93510430.5892239 99897104.98736185 34667013.06205259 11820919.985238563 137062.5728685299 94483390.25207065 71779594.76621766 -9999 -9999 -9999
-9999.0 -9999.0 -9999.0 -9999.0 -9999.0 -9999.0 -9999.0 -9999.0 -9999.0 -9999.0 -9999.0 -9999.0 -9999.0 -9999.0 -9999 113878217.08289953 -9999 37434919.12277631 -9999 -9999 -9999 -9999 140847904.08709484 -9999 -9999 121440807.61743903 -9999 134476964.5123489 165627073.48023868 168084192.80895853 -9999 -9999 75655131.28572465 468292467.68818295 331242405.23745286 -9999 113494680.62907228 211278446.55081895 144609303.3027776 319612260.21450156 253641156.0416286 423317245.013812 346410199.9565333 -9999 567005843.6987244 133206740.820021 149834640.7143393 160579011.31107068 189804941.17568514 143187125.696162 186670307.57445434 55896739.7045096 118090569.38058783 73849104.04587194 15914686.830505343 28792915.643600546 125997.64546365099 83608900.14812545 99023006.02539378 111895508.5672977 97147112.94923763 -9999
-9999.0 -9999.0 -9999.0 -9999.0 -9999.0 -9999.0 -9999.0 -9999.0 -9999.0 -9999.0 -9999.0 -9999.0 -9999.0 -9999.0 -9999.0 64062837.1197449 13979972.973999845 39392317.24670404 67930960.97254086 101591414.1923468 -9999 -9999 -9999 -9999 -9999 -9999 110811179.84143242 168453289.3883409 156378235.80896538 180934498.50300258 150046422.62818393 -9999 60301207.574167475 293393427.2456189 397135899.8881116 313871615.7829854 391772941.3925398 392192443.3916936 295348361.91626924 354047570.16727793 285034892.8375663 281714460.4138514 118429200.89579438 144056122.027029 941428647.1210209 147513221.9898544 184507979.87654364 294807666.4203175 244429318.98844135 -9999 205629678.65124273 209467572.85847458 99086618.44402918 -9999 28548536.909528155 18717141.389409386 11770557.821234878 78160909.86685637 81149919.16388388 43416920.308974884 109895735.5498356 156386338.9071917
-9999.0 -9999.0 -9999.0 -9999.0 -9999.0 -9999.0 -9999.0 -9999.0 -9999.0 -9999.0 -9999.0 -9999.0 -9999.0 -9999.0 -9999.0 35831431.11761266 75234.88207203128 38158995.44706253 38765231.6001181 104398050.78581482 146227333.7175411 92614107.03497718 -9999 -9999 -9999 -9999 128262631.72650118 124000757.5192445 144383362.40228495 144521034.72980222 562322261.7575167 595047413.8809218 135204610.20292297 133038064.01767118 150580867.3871019 -9999 158517593.2154092 -9999 841082553.6665844 694049035.8807291 -9999 440894414.9529169 538695333.8788656 870802314.6837013 10185.885300816139 173887815.54578388 205320403.6886423 132088530.78667283 -9999 233656664.8483196 207558373.36968568 174380908.47682846 72664722.08723247 -9999 652284.845958885 14698696.146555874 24130009.05502603 63873385.59942365 78035117.19375944 165473949.24133188 166232832.8445501 171388321.53128734
-9999.0 -9999.0 -9999.0 -9999.0 -9999.0 -9999.0 -9999.0 -9999.0 -9999.0 -9999.0 -9999.0 -9999.0 -9999.0 -9999.0 -9999.0 11144858.002088046 26214129.816275973 47834106.75772292 66385139.76306165 56405013.979028486 74815347.34349811 66226522.16436808 101000138.5661437 -9999 -9999 -9999 -9999 124419324.30988833 144261940.02550972 185976792.39088625 -9999 -9999 348592782.7350992 443387915.6131722 -9999 -9999 112423595.50745809 -9999 -9999 -9999 -9999 -9999 1515766033.5553424 490413005.44634545 -9999 206193496.4822029 197587266.75993854 1075540194.1634064 -9999 229207319.2132998 216853833.51064765 121911745.50827293 40824407.64492559 83798589.1598093 66129785.21399186 18193029.357154682 42449775.97676971 11183.939762412303 201092156.76060614 258742480.54924297 236162938.70224226 217744252.16724476
-9999.0 -9999.0 -9999.0 -9999.0 -9999.0 -9999.0 -9999.0 -9999.0 -9999.0 -9999.0 -9999.0 -9999.0 -9999.0 -9999.0 -9999.0 69919.95493586233 83243.96523892689 45701110.30300731 59462769.32237695 63850858.83661679 77545936.0688812 45558916.30330117 70007977.22247036 101778678.74564382 -9999 134478938.4141215 130992545.30000448 -9999 160364276.11737588 488758623.7415964 526945218.21484137 297507923.35529894 189723750.39449617 -9999 -9999 -9999 -9999 -9999 -9999 190641011.25557426 193330485.91795322 -9999 -9999 11899912369.714993 160464.1565184119 6084357423.989294 220361399.68206185 253317913.2833796 -9999 -9999 88338270.41344944 61205827.28462949 -9999 64985495.77167491 109010096.92824903 26044723.88287639 51514.62039433489 177214698.44595927 205033307.6087939 183578266.48182654 178865698.17299977 -9999
-9999.0 -9999.0 -9999.0 -9999.0 -9999.0 -9999.0 -9999.0 -9999.0 -9999.0 -9999.0 -9999.0 -9999.0 -9999.0 -9999.0 158927.0704990484 111544.93164424923 10084169.721429884 39511734.21304295 38861860.11261953 36997177.27755798 76487597.76083317 63694366.17252542 96036528.81446154 109228283.27958098 128911984.34350213 131319697.82905911 137313918.29611066 142575759.62145507 158449662.42882138 166838738.18001693 706125163.3760678 549780177.6967562 415933063.17825717 240019305.41558516 -9999 126226995.39335732 -9999 -9999 -9999 -9999 -9999 -9999 -9999 156897617.4709851 192796659.64222786 742953.7363276365 958764878.5388157 5729783178.747141 162476260.64482376 117105357.39242342 51913592.66261142 -9999 -9999 51772719.7052761 26956530.1354346 9670579.279212816 44746307.40556053 123919204.60368246 123749316.43495297 145834328.156513 81747999.63226415 -9999
-9999.0 -9999.0 -9999.0 -9999.0 -9999.0 -9999.0 -9999.0 -9999.0 -9999.0 -9999.0 -9999.0 -9999.0 -9999.0 -9999 33819624.13350633 30124267.68831038 499382.7350200906 30058852.144184444 42601758.96362609 69654845.96995594 74171767.22141688 48512746.21954736 23402184.992417425 -9999 110761685.23202918 122358788.26997955 136294649.22379738 139838419.08030048 85372305.09168436 -9999 174929253.00464287 1038114802.6353872 1765551361.1834974 604917056.3411803 175934474.4773845 192641018.07688233 223783797.46234205 78671332.56752434 109435241.19660762 119187588.14585409 -9999 -9999 226843743.12949768 212294362.9559468 152280484.02223995 186988191.0330683 1196780245.8343494 150210219.5425187 103836347.34697817 141106092.5134126 47464879.755907014 -9999 66323858.47982282 40429633.22317351 33923045.69794379 6131562.155821046 31417580.256542068 55844756.77058222 110865356.62971869 105851797.64227386 163296554.5520923 179981108.1519752
-9999.0 -9999.0 -9999.0 -9999.0 -9999.0 -9999.0 -9999.0 -9999.0 -9999.0 -9999.0 -9999.0 -9999.0 -9999.0 1715.576418030231 64.21017397152403 36936.911923336105 33593963.25921748 31289797.162347104 47325132.29239378 71737861.0358976 78123068.02266344 6812.22841737627 26217808.08197066 -9999 118660284.82944404 123604316.06315766 134890680.2444905 71928514.3064566 80505076.54717739 79269124.80422667 107179120.42707533 140770672.8929544 950962715.146919 874343655.5896711 175212557.50506762 204069037.2149001 1590.0572052188013 -9999 209503874.71239412 136105800.30257306 -9999 245041159.32025474 465477660.5913617 202767100.1162474 159969992.35779905 85069631.11454168 91038168.08553933 62107948.03948984 138526129.72693503 31145998.014199734 90318681.05225185 53984983.0975353 20355431.204609737 13808931.733254699 25612557.200029016 12066975.48616532 35276193.044919215 103110.88396708822 62181147.99311957 126152192.42459004 215474953.16644165 127784777.88632397
-9999.0 -9999.0 -9999.0 -9999.0 -9999.0 -9999.0 -9999.0 -9999.0 -9999.0 -9999.0 -9999.0 -9999.0 14670.293956215 1528.007531990609 11218298.766204555 27286957.865786422 33906183.99083642 159034.67351740532 44140849.41115074 -9999 61922767.80284531 -9999 16989269.763312697 81369488.64305864 101124903.21455552 82284695.3160039 123566210.47669047 40362592.83758868 143341006.28729075 -9999 -9999 174553693.99760565 -9999 -9999 752117117.2752429 295584571.4150975 -9999 179877434.34499705 202049913.96548834 -9999 -9999 -9999 224964794.87109348 124462519.84818551 112246456.32809377 42636911.15597957 58889831.29170217 101163167.21076362 19760787.779176075 20502205.027382504 71217865.21530429 39948814.936570115 34772145.03869866 93221519.36606725 72440597.5512458 24354001.55054206 22119128.906077262 278369.2378010411 4159605.402921697 3754953.396290477 13456227.791749422 107156.60638221061
-9999.0 -9999.0 -9999.0 -9999.0 -9999.0 -9999.0 -9999.0 -9999.0 -9999.0 -9999.0 -9999.0 -9999.0 -9999 278.85995389009446 22241744.466387782 28799043.43503387 1431356.3004368756 22374462.38648787 50560955.81345588 76258782.82013047 89234001.30684468 78911633.15237333 15678239.245735293 69766111.87719597 67881795.05908665 104584384.99113066 102132495.89118633 33120931.41436619 -9999 142854527.1710649 -9999 -9999 -9999 -9999 608701504.6602713 586442827.4952607 236493520.26753825 129725724.59509462 159941325.26491705 -9999 -9999 43960681.43279734 111168652.67481829 175420506.40997034 155178857.15187386 38316172.22974113 13088368.110073734 -9999 27845.289116201995 43503781.20890395 71247972.43517043 30703633.72515058 20290236.484985113 65562043.59897129 94821454.13266596 57214082.0521647 29240264.99379416 29660217.34152395 8619054.13432914 37109675.42196823 21724004.986547258 56518667.2960734
-9999.0 -9999.0 -9999.0 -9999.0 -9999.0 -9999.0 -9999.0 -9999.0 -9999.0 -9999.0 -9999.0 -9999.0 10342.003049604324 23222025.87985344 10364823.401374163 34568532.929770775 236977.4414875829 -9999 281884.31686445116 122379.89162230144 72717266.63778916 79731.5321492268 11043835.649932839 24984760.265516717 57924384.703482606 150722814.11601558 14172788.841464002 512293327.336563 -9999 -9999 -9999 -9999 399446320.7884226 87423.68745961232 207355833.10031378 500103192.0305908 387399055.5836118 346663266.02659875 -9999 -9999 42077656.28412824 13386420.358149163 113012346.09916328 154070889.66685423 385405.1181297459 35928549.82724537 27504634.743744176 -9999 69241.08090121656 21977143.578246266 51974375.29392549 48109304.79967821 55035841.90498518 31055407.56195804 90589435.78831173 40738428.19472742 59381307.87929883 33521013.974576842 20495094.22658495 67598057.7144128 138036606.24390298 61152970.96022441
-9999.0 -9999.0 -9999.0 -9999.0 -9999.0 -9999.0 -9999.0 -9999.0 -9999.0 -9999.0 -9999.0 -9999 -9999 -9999 824.1005893706877 384193.4628349976 40630.267886664136 38895.621080686215 53925.214095487616 248735.02039125483 101134091.72537331 54030175.58655254 20463221.666444536 9795846.516630448 -9999 -9999 -9999 -9999 -9999 -9999 -9999 218829751.89101228 880098999.3323177 166196535.4228792 148132452.84481755 816273243.3043631 -9999 -9999 458224861.4054445 -9999 139238243.88014153 381153894.36680245 -9999 177551498.1689236 80451640.20950256 64463459.97993424 -9999 -9999 36569.30712004937 86920017.16899677 64845191.33239557 4430249.3946820665 367328.5738282595 60573671.684799686 51663812.86724216 30623209.82626877 44542861.832252234 18131695.714563195 2565118.902242894 33086621.813816693 151820315.50000247 109216608.10946244
-9999.0 -9999.0 -9999.0 -9999.0 -9999.0 -9999.0 -9999.0 -9999.0 -9999.0 -9999.0 -9999.0 -9999 -9999 -9999 42442.382791985736 291294.1304834309 605823.1160830124 336869.1680048979 20394.69807302152 227537.98902872522 125647.74350992755 117705.4688792822 -9999 -9999 -9999 -9999 -9999 -9999 -9999 -9999 -9999 -9999 -9999 -9999 -9999 -9999 405557027.27991307 357922260.81508726 475397883.06630826 -9999 207830018.84580198 144358549.51040787 56289332.992136836 46066735.36666088 34016441.77527366 42432413.81333485 10284996.31437882 28491899.347419668 7067227.825853629 19178.88395504772 7533640.758647693 4243936.544079681 49266257.852329634 17043287.332404245 36270036.787637986 34129988.92820687 45704559.378382646 30295024.07197013 9854430.749661885 105260705.91511318 54260936.58094476 53781839.33202552
-9999.0 -9999.0 -9999.0 -9999.0 -9999.0 -9999.0 -9999.0 -9999.0 -9999.0 -9999.0 -9999.0 -9999 -9999 33044354.92383004 8878.802112958016 56429.093903976594 186301.47242299546 129432.61674607746 209072.9754785568 303088.8390103826 9756.740576025724 -9999 -9999 38521.97448518607 -9999 -9999 -9999 -9999 -9999 -9999 -9999 -9999 -9999 -9999 -9999 22286.253350773226 161923101.08391693 380563518.1344919 584328392.6600301 -9999 464433.9066700864 618624.7063975581 8487782.984126573 146980.87524712156 55129.488823555555 -9999 19472237.060646378 10289609.004767027 35018779.65292392 26939121.13690897 19193282.68167441 33769601.1056451 6521414.016423855 25195286.694623414 82280.95227422567 56922164.56368632 31092133.682026614 156359081.07220414 148654660.72454467 123217676.05046423 133330446.29751581 71229043.25952609
-9999.0 -9999.0 -9999.0 -9999.0 -9999.0 -9999.0 -9999.0 -9999.0 -9999.0 -9999.0 -9999.0 -9999 -9999 -9999 413.41608046001875 7567.380018263635 -9999 79527.55360398612 22673.542839306574 64017.07503272685 190243.1663516041 48837281.05192911 234126.58790057435 169788.44090071443 231051.73570513853 159971701.13711885 -9999 -9999 -9999 -9999 -9999 -9999 -9999 96249.66795987535 -9999 -9999 141391404.50104138 633987158.6652045 571180524.4131207 498680.7037437359 316305.2677181474 5847713.079333516 34271522.72060371 4656.514680616056 30767756.50388186 115399.13640345506 38108372.39258788 16911941.26894981 37207254.59249938 66746394.77454932 41514193.78577885 9405010.803599633 16930284.934210807 24656358.494153153 74296655.69523026 117721791.29720427 286342888.70957816 144388491.41832492 145914312.3502507 146772779.21758723 144835342.4537402 88525745.56557012
-9999.0 -9999.0 -9999.0 -9999.0 -9999.0 -9999.0 -9999.0 -9999.0 -9999.0 -9999.0 -9999.0 -9999 -9999 -9999 536029.1875973876 30674.895191344694 37470.998070838934 76627225.52596918 187400840.04498607 71377044.91674133 22376995.974212945 61296721.09659837 117448.9730705064 142955.21748132992 120995.45342938046 158703.96114083644 351180.33085715375 176493.1575428893 234488.2710746664 52409.70960509729 213520.9278246678 128595.78859331556 150475.82878691875 78801794.24636307 111488.12226154213 -9999 201538.28905487814 47837547.672002256 62569003.494975016 119436465.32111329 12665853.328411456 3033316.9095785483 20210251.55199211 45611471.53758872 18070374.515334636 4675454.495827174 2828.6473106997296 1526558.1888990942 32684334.75106911 125619500.33422397 41771.55375009023 49316475.56869899 11964098.067076309 9159592.320091167 117437627.03568682 166069037.40068042 234067532.2158645 283299156.9011852 203263129.43283743 292062293.4343072 506870479.9034369 566722882.4020361
-9999.0 -9999.0 -9999.0 -9999.0 -9999.0 -9999.0 -9999.0 -9999.0 -9999.0 -9999.0 -9999.0 -9999 -9999 -9999 -9999 6433.122123385499 479.09644309564203 -9999 -9999 2743.4490253348526 179491293.4845281 179258091.49577382 69193.58944640399 124593.15802914617 82074.52630667706 8344449.4988710275 81252.58047135711 13659.172456774108 37476.89657936091 22678.61363613523 30461.83462784368 20775.18867995968 375.75743059264545 471.6168752033709 153.67482657634224 94082272.77408922 323.95362646022795 9982.337574942032 17111811.969480176 18718671.887857176 7198912.047664453 6391247.175506979 -9999 6941932.590360287 4963777.815331718 93320952.29773682 28509870.339100603 20820.609443521917 41703307.83144856 46146228.52638619 6669883.4093604535 60354470.78104702 75948081.76603922 71553820.17440788 144772848.29827046 166381490.3635034 169723161.56387645 263891144.04367006 260954930.66280806 188491864.75906196 595269448.9079869 766107788.7857586
-9999.0 -9999.0 -9999.0 -9999.0 -9999.0 -9999.0 -9999.0 -9999.0 -9999.0 -9999.0 -9999.0 -9999.0 -9999 -9999 -9999 290.26128734430273 -9999 -9999 -9999 27270877.04426542 -9999 -9999 109844077.67585427 28219.648081221705 22431.55613282948 40543.524104733166 90871.36390535758 1145251.9107837 3911099.6674869475 1834276.387588844 -9999 -9999 -9999 -9999 -9999 -9999 -9999 1056.9353017207554 278183.3880639393 5681.332932438155 -9999 60705972.42353614 -9999 -9999 94289659.27238014 96912591.3241545 93992716.48602696 9700.644794434254 22435068.95929227 90283694.82034558 7786938.122337056 8655827.729897786 11118556.559592154 62602778.68316141 73878933.69921431 144265483.82798177 171433179.93148512 226561690.62286675 387600581.19869965 344225056.36361706 394569912.40981066 -9999.0
-9999.0 -9999.0 -9999.0 -9999.0 -9999.0 -9999.0 -9999.0 -9999.0 -9999.0 -9999.0 -9999.0 -9999.0 -9999.0 -9999 305.614115285783 12436718.493295342 -9999 -9999 71918444.04607238 -9999 214170346.69241256 20914.81402892506 29743040.910452265 12375938.053181091 5006979.642839279 16355.891971980778 53906.50807175095 20821.88977823358 17234.772291849662 27117.32555154575 -9999 -9999 -9999 -9999 -9999 -9999 -9999 -9999 119.31638889797874 131.1634711963261 1385.2335356695335 86730467.89549516 4106063.874688188 64545621.995809026 49736167.873048805 23189518.625240862 27943230.104831766 3534017.0166952675 30097301.88640352 56793286.91871569 25958919.611414947 10122801.544317232 11382599.047066778 4537981.898260973 44264813.940744735 95308843.91071963 219112037.02430904 270299565.12677157 647496599.6009563 1108705952.0557134 -9999.0 -9999.0
-9999.0 -9999.0 -9999.0 -9999.0 -9999.0 -9999.0 -9999.0 -9999.0 -9999.0 -9999.0 -9999.0 -9999.0 -9999.0 -9999 -9999 -9999 -9999 -9999 2138.4363725195335 -9999 7283.950044007062 40766.755125968746 11365650.493679956 11322253.50249669 458.85370291368923 641.0067826232815 20838.696318584458 25326.28553259844 29965.445214399984 33302.86171553718 -9999 -9999 -9999 -9999 -9999 -9999 -9999 -9999 -9999 168.34252727187317 8601384.959235031 62221.20116669939 59769.20251777301 4623622.158111876 4682317.165448071 25579293.57731287 15476326.57331254 26102206.143700507 18463079.02578517 10731414.347269768 11855106.137614269 13880665.063787846 23903444.96970153 34131485.438293636 19668364.886124153 42182094.683291994 241380683.79205248 371987621.2519017 1188398387.1547055 -9999.0 -9999.0 -9999.0
-9999.0 -9999.0 -9999.0 -9999.0 -9999.0 -9999.0 -9999.0 -9999.0 -9999.0 -9999.0 -9999.0 -9999.0 -9999.0 -9999.0 -9999 -9999 -9999 14753129.633132447 1.1824963121173557 607.077219362986 11530.661124260956 41978.3949557941 11061.734829781552 1781.0614672544903 -9999 -9999 2711.855885322201 -9999 -9999 2393538.6457286594 -9999 -9999 -9999 36.12532474827704 -9999 -9999 -9999 -9999 -9999 -9999 54124244.64026741 -9999 15653.005091067245 39779547.84246996 9529.314517591922 32065.16444543042 166652.38502630923 4325257.291393824 24605026.407556616 17992632.43584592 4557384.819763189 16401882.703188894 41042356.66521232 35412545.6432228 149096129.93411782 239357783.0231536 396929866.4405211 524019132.78516746 -9999.0 -9999.0 -9999.0 -9999.0
-9999.0 -9999.0 -9999.0 -9999.0 -9999.0 -9999.0 -9999.0 -9999.0 -9999.0 -9999.0 -9999.0 -9999.0 -9999.0 -9999.0 -9999 -9999 -9999 -9999 -9999 1.041908980678184 17342.254268619883 9526.765680381379 -9999 -9999 -9999 -9999 175.77150518542024 -9999 596.6955237938683 3269.4440317808044 -9999 -9999 -9999 -9999 -9999 -9999 -9999 -9999 -9999 -9999 33771518.99068499 1726.7608099338088 5008.009050611846 154649.29148720985 185107.2054044739 986470.9690727411 4523275.52742676 6648071.936793925 5317057.799751133 4102278.8721761485 13685399.719108203 60238847.65538941 51611881.82761605 71556075.01960948 147034950.79909548 511575649.8500871 464896479.6293306 509776684.7888506 526834186.035105 -9999.0 -9999.0 -9999.0
-9999.0 -9999.0 -9999.0 -9999.0 -9999.0 -9999.0 -9999.0 -9999.0 -9999.0 -9999.0 -9999.0 -9999.0 -9999.0 -9999.0 -9999.0 -9999 -9999 -9999 -9999 40.700746612368945 348.0424253071397 -9999 -9999 35.42334738478736 32.398451967538676 5.782238207338836 121.53707210050133 341.8464508457725 2247.4097708831496 -9999 -9999 -9999 -9999 -9999 -9999 -9999 -9999 -9999 -9999 -9999 18238759.476056732 10034.481670758529 13215164.503508465 29714.290566719796 56604846.236348666 124929042.01908731 20772249.493391544 9388868.306611465 8654689.215318736 16286955.615052057 32794601.723997857 60064403.99028161 127393048.3550825 58694496.698778324 232157870.3391011 332597736.35827065 456571664.6378504 457200265.490302 486897538.4962427 -9999.0 -9999.0 -9999.0
-9999.0 -9999.0 -9999.0 -9999.0 -9999.0 -9999.0 -9999.0 -9999.0 -9999.0 -9999.0 -9999.0 -9999.0 -9999.0 -9999.0 -9999.0 -9999 -9999 -9999 -9999 -9999 -9999 71485339.88366614 -9999 8.09633233709948 3940638.1961181355 -9999 1523.114433529164 -9999 -9999 37560264.29366924 -9999 -9999 -9999 -9999 -9999 -9999 -9999 -9999 -9999 4983.289059531422 87.3115568782574 493.10566135652596 530.6278243041816 7688804.714383382 13468294.207142867 -9999 -9999 -9999 -9999 88855234.11280383 47762798.85787236 17631151.356991354 -9999 435856607.16176265 7406.352502621093 664069735.9854901 328409069.0436022 -9999 116407634.84336743 -9999.0 -9999.0 -9999.0
