critload/trunk/output/2010/nup_crit_sw_ara.asc
ncols 720
nrows 360
xllcorner -180
yllcorner -90
cellsize 0.5
NODATA_value -9999
[rows 112 to 139 of 360, columns 124 to 185 of 720]
107118.78816670085 459000.8645045228 434642.40010522155 1226963.8172339126 34534.32890122082 5325.733016289223 1258480.0913760492 535762.0535460745 247676.1994484945 415386.3748870507 50575.3747086663 320782.97003138973 49204.56555083257 2463386.520060621 1158048.4502243998 19103.143247130156 13650687.400435662 21479343.553345513 43622.273831363294 0.0 0.0 455.80487935559006 234536.69508588477 1235.8569758979345 776769.9122292323 10955.989579148787 18863.904510561155 90645.59543450823 18464145.449407116 1077685.2861895035 34704721.8923434 44650269.42164135 10419966.044448966 1043558.5004304359 152765.38130840377 254863.934571899 625121.9008479877 779490.7508207799 34864588.20427441 56749367.31363575 71815160.81643453 19150367.808636457 16173434.331675218 12935791.036043188 10118185.147228966 3788195.881754442 2228273.1785471956 62773317.1135787 1917709.6153344105 493560.1495538946 -9999 57901.004831987826 1671261.843054211 3903916.08975668 31524012.081226215 4863286.069070869 942153.2107654974 1219000.683451651 11118675.024505185 931131.5406486631 534664.5749976631 697035.6275188733
387.37844644427423 962951.3623946975 282049.3756498882 3441853.227714131 1292121.4224210298 1478612.042974418 676464.1644483537 -9999 7963.8084420466375 323240.14876775834 586290.8379415354 920308.3591921126 1154743.9100426617 3637604.8036203356 207199.99990859546 33149.061723067614 3110252.510561467 8116106.562931362 18701046.32462789 20152953.61541249 114548.42373157591 104803.80304770375 434.33672739665883 578328.0383894667 140252.66112831823 123935.56461073481 34852076.52675603 34930123.86989884 47327.519714613365 61303329.099173665 26311831.290713325 60488712.72563539 12460197.646343304 14292907.322950473 8092653.600619143 6232688.551494932 1427503.7687301803 4681763.805580955 18066082.868590135 -9999 76664669.18464766 22883105.875712547 53398859.8248353 75074778.38375828 3654882.96336906 3523025.937178703 3543958.436138224 13105659.929138534 2271799.0945766508 2763956.271646736 90924.7254940829 -9999 54005087.200407155 105596677.82184018 55520625.07648399 3527535.0208111485 8951191.215579422 327226.09863396385 9535506.308495725 1121842.5661659916 2817734.2151471106 230918.87963811323
-9999.0 0.0 66793.18304980845 46548.698415199375 3059072.6559825963 4029308.4679221683 3528436.1753031006 678009.7989108837 548272.2221790063 177574.8903744578 752466.5479690644 272993.6145757161 1798087.6554120872 5834735.626031731 72317.7919125815 220108.43476697349 328275.2647594034 5436852.969158029 66773.78096510451 0.0 11349470.476779256 6343678.563781084 49824.04356219475 33137036.451219305 15464188.130086819 68528.05931247656 219497.83252876354 31333430.998311896 27875.225975302714 37378166.21690688 12797369.882491777 607672.9573212473 11197479.36888579 103793.5809228853 10938129.408968765 611104.0179972294 13597191.286939513 3297813.4388404363 42450711.95096164 34981207.96295865 70546046.30574338 396921.3195358728 791122.574848718 9015710.801107168 3397079.6544829356 2811027.1525138887 1708621.2426398296 53224368.607920595 45651872.31744612 106607.25443601485 224634.8532453819 17086397.59669657 57608945.79665446 6157006.016614044 34279002.21864148 2263684.437900179 737201.8704122171 18270352.278107513 302345.33780188527 21430407.169755675 633591.8268917635 396642.30180653074
-9999.0 7654.855532737036 29715.787070225346 3750.138826753926 7159385.814368822 755059.2553806888 352282.8367401473 -9999 -9999 -9999 -9999 3058.995488106387 18483.386890916732 360607.20567300485 12608.907124770261 25632.4688850224 201806.95693580838 170574.14834323822 222886.4978271991 3521.776975743597 5378358.576174301 76859.48354118744 2351361.897713388 8767.991857990319 -9999 23309.177725550766 -9999 23108489.00442729 54933.01320507802 89607695.62442252 9919200.331955597 6581700.395721379 18679435.416054375 7415721.375355653 13229513.29137858 9876056.481951246 5960924.99178034 5235037.890276491 888610.5778523881 2064446.3074044033 8406137.612855459 929259.5840356273 62770770.59652542 17724536.73282634 3052902.0191739295 2832214.7526695183 2264009.6863489305 510434.854966236 3540087.205798982 81963253.28303702 98367320.84856237 49443099.487136826 80170118.68692489 3823619.191271771 2132634.5110293995 2010388.80384369 752278.4021524441 495876.49532062974 429206.5166177197 77892060.73396887 457467.34792298765 4236561.925752646
-9999.0 -9999.0 13921.992895995165 85693.47472971032 6093538.244788357 -9999 4688.471471785769 -9999 -9999 -9999 27995.46412748959 7239.670138314392 3362.981930531824 42673.099174196774 30154.402117496036 1134396.8592800822 161882.93853309593 189086.86015890722 16308.589663119947 68745.90677826075 3204405.672356011 548.538088967474 78143.83822126864 264394.1237616843 1049.5782717000411 191922.39235337422 6361988.404591073 -9999 2360.7886476217673 99140138.18451221 129085113.06400558 89806.7481608274 362986.81319024274 124120.8036832802 3933672.342356096 570876.6846148566 2624677.1798428753 6350398.087886804 737073.2654178607 25696171.147686433 33647472.28357822 38445425.1150813 60212227.31491511 15590434.306452373 2200757.4071188783 955720.151015795 263553.6091003144 234188.59458865138 2270958.7372700325 28516344.18049414 64349215.72728014 88879839.91606995 154525310.95214334 708946.0377073163 224187.10988350058 822533.8421963457 726953.1056182426 461385.40108822804 167622.4584918985 17805843.7999371 91606.90114722212 1159765.5100198244
-9999.0 -9999.0 0.0 1179044.6948360796 71318.14098121502 -9999 -9999 -9999.0 -9999 -9999 -9999 32223.697762398217 4472.55049202111 664176.7253532372 577702.7246698998 666906.334387214 47124.301094152164 4783.6097742769125 5396.327185689735 3026102.1225312343 32630.026804383484 524.9692321705627 1463.728588846368 199461.84790096994 560191.929376166 15829000.32178964 8134120.881453462 92.74875811307362 33857067.105240285 45852119.9642686 65253394.66160092 1166703.670499524 2853648.2795004467 4024695.487279452 148594.32514441837 505280.65823746443 6728420.254744561 7361450.76052211 381084.85514680727 40883541.81259646 25940648.34498614 50529613.550482474 9404318.33458725 25169091.80956393 2243212.2600666224 651471.0617957828 156137.79931141622 -9999 -9999 -9999 30507915.917933952 42146790.09055766 168090300.45975593 35431155.697895005 26283454.384630628 777828.4148327035 447768.003682249 482188.7430151328 8968.568277724029 22362930.576581586 335175.2056274435 621649.0595223394
-9999.0 -9999.0 -9999.0 50348.1154034462 101926.48136863131 -9999 -9999 -9999.0 -9999.0 16625.3152548839 203635.82004014144 309280.2922865958 4995377.679223061 18378480.296060815 16772618.536687093 12614530.684340663 4091455.622829442 11923.900941829485 121958.16472679347 40409.44677000199 34166.21272612784 29647.153753590654 9767936.314186266 18141.076464722984 8322.15812995205 1885.2927640575022 7610.833708353921 56943.87376044318 27912.38301891251 20794539.330014274 9584871.078671679 46254.72147139723 58605.790199922754 4501843.58183705 275864.8388505041 124158.58345450743 6657557.249540182 4254077.748464913 4162182.362683292 48489746.37072905 11113176.856440168 65221066.52845955 16257139.01411927 26705729.310254302 1751524.4601256524 45884029.18461793 50706.753620952186 1185732.341277807 205207.16654766037 704033.7926456879 1316341.1060319275 101761416.33657047 15873991.878672732 70664732.46000914 494132.7557702629 47227529.74648154 357169.5636700448 152116.94170011446 349895.7202509632 328621.62733754114 14226014.980581274 127216917.05955082
-9999.0 -9999.0 -9999.0 -9999.0 50858.54708128646 209.5979826425249 -9999 -9999.0 -9999.0 -9999.0 -9999 19300.165215030025 10719698.661431158 18995149.012146045 32369.52262075847 140772.33786268486 24482.508431151866 5496604.76011654 364135.7947224615 744786.6412595749 1414525.3514943847 13864.398987147004 62407.94217985575 23083.76732916211 -9999 -9999 15994.886040956411 32108276.347552404 60215.21886867636 94031.96730103725 2027.996383144277 37609710.21548358 18491.04141165122 62460.974039342946 1489348.613037925 6662424.842573885 4733529.555242084 19113746.35303052 9140504.150986515 37904708.929960825 2687623.3272408037 20685091.630872387 32719143.815629486 18996225.27361553 38110615.39101091 17312089.44153392 110105585.46411212 710573.605662179 710790.6438489043 108547302.55313683 97513412.22262226 109363517.11739612 34550499.67945667 2864455.058575503 1253892.9831211462 17133582.63724312 29848502.275468852 2226841.6911499426 3498629.187783514 6644496.363871539 29143069.853724405 15952417.946909014
-9999.0 -9999.0 -9999.0 -9999.0 -9999 -9999 -9999 -9999 -9999 -9999.0 -9999 -9999 -9999 637828.0351388698 830293.3222332656 934429.3544171157 992727.7644731032 968760.389150641 144966.2552669696 289441.0556699238 16382070.116842004 15921.420115989717 4547210.783550105 -9999 -9999 -9999 57748.996806076066 2100724.0452115065 607.5906689255421 -9999 -9999 -9999 351.19952433056915 0.0 328334.7649227734 9940.69703429422 2054662.6992158736 3747385.00645919 11042577.521715064 8910976.590128591 50631518.03150268 48972248.53619008 18526801.235593468 19718610.60471162 14325832.298181878 15192450.830562918 46703041.862219594 91305412.8859484 -9999 314602265.7191324 292360867.6686702 49552906.58016158 332045875.0744655 92125305.4295343 151839588.96027905 7049969.393092174 24981.22164751741 -9999 -9999.0 -9999.0 -9999.0 -9999.0
-9999.0 -9999.0 -9999.0 -9999.0 -9999.0 -9999 -9999 -9999 -9999 -9999.0 -9999.0 -9999 109576.25310784798 18951.0047112295 159580.22802489647 46748.31853332418 938082.3729617028 665747.508376644 595554.5438133654 193397.2193249731 2043533.5088338517 19418731.910513487 -9999 34795.510480417805 -9999 17870.774271905855 20793.857392882444 21855.456193824004 2571894.6087302295 -9999 -9999 4083.089465081908 -9999 30218.23605354098 343230.42015869333 5617927.945283749 6677677.1764146285 18173051.822148163 222071.62791469955 270687.52065435814 50201844.00076049 14961425.87525582 28676050.834153164 82226261.18473093 63723623.46816532 104962363.54437767 106785753.64133334 -9999.0 -9999.0 -9999.0 -9999.0 -9999.0 -9999.0 -9999 -9999 9060.827735941299 0.0 0.0 -9999.0 -9999.0 -9999.0 -9999.0
-9999.0 -9999.0 -9999.0 -9999.0 -9999.0 -9999.0 -9999.0 -9999 -9999 -9999 -9999.0 -9999 363734.24145378475 161773.7253863051 813.0798121811738 721484.8939809996 890221.8274000133 1038560.6354136592 61222.026682852076 320817.496366151 742813.6462682883 972543.811479646 905135.9107767463 48675.37965870304 145407.5691696772 10615.128634441313 52112.05282901816 -9999 360.35282728662344 -9999 -9999 -9999 2147.897754359 26104.769765600748 331504.42426742514 14886787.726569962 12568926.204357645 10609614.039498558 14523930.748560434 27964139.675842658 2569183.8430104833 31848204.095512405 75710031.68567707 148259303.1469152 117052725.82718557 74522485.65753779 -9999.0 -9999.0 -9999.0 -9999.0 -9999.0 -9999.0 -9999.0 -9999.0 -9999.0 -9999.0 -9999.0 -9999.0 -9999.0 -9999.0 -9999.0 -9999.0
-9999.0 -9999.0 -9999.0 -9999.0 -9999.0 -9999.0 -9999.0 1158.0790628482168 -9999 -9999 -9999 -9999.0 3595.230751777557 52408.56860941631 225279.77885073016 548643.6826308664 620867.6117920718 464405.28231221787 195001.0806664164 220440.94202403064 16473564.193814455 812059.9791386324 175397.73852541155 29168.983754261768 261814.3213906222 400437.3730010947 -9999 -9999 -9999 -9999 -9999 -9999 15819.312192498413 8423.466815866288 75528408.0249126 26269270.825762235 6148633.102387679 12244193.343584884 58028.80470406222 10426651.059199981 15978507.043665687 108598907.37950225 127732481.63219406 75202014.91726203 -9999.0 -9999.0 -9999.0 -9999.0 -9999.0 -9999.0 -9999.0 -9999.0 -9999.0 -9999.0 -9999.0 -9999.0 -9999.0 -9999.0 -9999.0 -9999.0 -9999.0 -9999.0
-9999.0 -9999.0 -9999.0 -9999.0 -9999.0 -9999.0 -9999 -9999 1834.3385182739075 -9999 -9999 -9999 -9999.0 -9999.0 16585340.719451118 7124394.561200837 685784.9905226905 807569.3242017757 444160.1945868429 387152.3502141993 7030722.034573674 9446241.39004808 788763.9084771231 22123.633613557962 19765.06885458373 4099108.049244818 13561.6303971372 -9999 -9999 -9999 -9999 -9999 68280.99975959753 11266060.08256952 19346.879310745702 25360765.55665453 76005054.99405865 12069016.171550278 9710854.450920526 19894954.992087528 123042602.32627195 69386064.6641685 -9999 -9999.0 -9999.0 -9999.0 -9999.0 -9999.0 -9999.0 -9999.0 -9999.0 -9999.0 -9999.0 -9999.0 -9999.0 -9999.0 -9999.0 -9999.0 -9999.0 -9999.0 -9999.0 -9999.0
-9999.0 -9999.0 -9999.0 -9999.0 -9999.0 -9999.0 -9999.0 -9999 -9999 4806856.20289977 -9999 4256513.8640829595 -9999.0 -9999.0 -9999 42686514.48300798 585746.0296158444 191586.45299679207 176672.9255952795 600913.245261303 386397.36257985985 9163580.752308406 1325106.1241829523 41289.92033543245 10113067.45730143 114014.97444004516 17509239.764289208 -9999 -9999 -9999 -9999 76735.10865948352 229702.9648439315 14392689.300370835 59445.49943617592 69542788.0403718 67572.53314258346 7838820.08774747 11524523.571187228 32787601.43642242 222933.80489376464 36280119.243744075 -9999.0 -9999.0 -9999.0 -9999.0 -9999.0 -9999.0 -9999.0 -9999.0 -9999.0 -9999.0 -9999.0 -9999.0 -9999.0 -9999.0 -9999.0 -9999.0 -9999.0 -9999.0 -9999.0 -9999.0
-9999.0 -9999.0 -9999.0 -9999.0 -9999.0 -9999.0 -9999.0 -9999.0 -9999 -9999 -9999 392.5847782348872 1230.5626668662815 -9999.0 -9999.0 -9999.0 397104.3741104377 2516764.1308575263 5948076.327756893 6067077.929359517 377185.72703032295 113506.10341482077 692693.7938502011 7539681.869277218 7660202.527989445 5189509.661726666 -9999 16690206.680806393 9387.47825031855 -9999 990.3412568241664 8996.662026084068 1043595.8597898224 54352.98526875888 6337920.763201798 17510346.09644108 91564.36024135526 548288.0388303283 122823.06499835225 9070170.510267526 183409.40216228057 50877439.574939124 -9999.0 -9999.0 -9999.0 -9999.0 -9999.0 -9999.0 -9999.0 -9999.0 -9999.0 -9999.0 -9999.0 -9999.0 -9999.0 -9999.0 -9999.0 -9999.0 -9999.0 -9999.0 -9999.0 -9999.0
-9999.0 -9999.0 -9999.0 -9999.0 -9999.0 -9999.0 -9999.0 -9999.0 -9999.0 -9999.0 -9999 -9999 -9999 -9999 -9999.0 -9999.0 -9999.0 190125.16038844816 2213359.016993919 6041331.281776904 99795.46025597063 299121.7161861561 51586.70557311118 82654.87769342655 323024.24565098924 15407627.569399096 12412.138421198946 121249.36985148404 68732.84157229621 2565592.466716846 5676.426482828768 -9999 -9999 9975.59827284599 3262.9088222927785 24697736.618354518 21311313.660137188 27427603.21452033 730520.8236178913 2504936.801255254 2539056.745100675 44029237.56987596 -9999.0 -9999.0 -9999.0 -9999.0 -9999.0 -9999.0 -9999.0 -9999.0 -9999.0 -9999.0 -9999.0 -9999.0 -9999.0 -9999.0 -9999.0 -9999.0 -9999.0 -9999.0 -9999.0 -9999.0
-9999.0 -9999.0 -9999.0 -9999.0 -9999.0 -9999.0 -9999.0 -9999.0 -9999.0 -9999.0 -9999.0 1424.0740422188264 -9999 -9999 -9999.0 -9999.0 -9999.0 474169.97007819853 834662.3302345545 652183.5371937214 208444.73616513333 509394.8763237231 61237.99973621115 -9999 12423460.702407576 688019.7887752732 32584.744106426486 4864.80635982193 272035.41493719904 756443.9384976602 108582.78873418737 34021620.82679679 8025.961315242945 29804.05698218608 38221.475401611235 326463.12562622543 81027428.25802967 221545337.940821 4145898.241403821 16875961.29430743 917807.4074267026 198559.19179085997 -9999.0 -9999.0 -9999.0 -9999.0 -9999.0 -9999.0 -9999.0 -9999.0 -9999.0 -9999.0 -9999.0 -9999.0 -9999.0 -9999.0 -9999.0 -9999.0 -9999.0 -9999.0 -9999.0 -9999.0
-9999.0 -9999.0 -9999.0 -9999.0 -9999.0 -9999.0 -9999.0 -9999.0 -9999.0 -9999.0 -9999.0 -9999 190564.55326979718 1958.24593673773 -9999 -9999.0 -9999.0 -9999.0 20362112.105953835 43957393.964448355 6266415.220208703 9645935.748539671 81611.83675383945 -9999 464014.850283034 1138270.9580298136 96027.02533677577 2232733.7928767945 67972.34568158556 234971.2592072466 2890.447581160934 11874825.084080914 35785.87972403141 569681.0628830802 105607.38781469093 10103584.31807217 22192110.566144124 42857188.72918241 658175.8075186108 426296.1505516809 645275.8774608036 329310243.3347193 -9999.0 -9999.0 -9999.0 -9999.0 -9999.0 -9999.0 -9999.0 -9999.0 -9999.0 -9999.0 -9999.0 -9999.0 -9999.0 -9999.0 -9999.0 -9999.0 -9999.0 -9999.0 -9999.0 -9999.0
-9999.0 -9999.0 -9999.0 -9999.0 -9999.0 -9999.0 -9999.0 -9999.0 -9999.0 -9999.0 -9999.0 -9999 53526.978244961094 -9999 -9999 -9999.0 -9999.0 -9999.0 -9999.0 5955880.868473815 37816411.86065897 356055.117869887 204192.76456899068 148978.8997360617 5614854.892185705 3136118.2677237806 246636.87058014804 30089469.199097328 27119722.97333516 90049.07792155768 12790566.090130346 -9999 2851.078026318119 4815745.75105311 34996.606583460576 12417383.944755027 15280133.533201806 39158570.11256367 34989565.797658026 17917004.767094377 58406511.427854836 -9999.0 -9999.0 -9999.0 -9999.0 -9999.0 -9999.0 -9999.0 -9999.0 -9999.0 -9999.0 -9999.0 -9999.0 -9999.0 -9999.0 -9999.0 -9999.0 -9999.0 -9999.0 -9999.0 -9999.0 -9999.0
-9999.0 -9999.0 -9999.0 -9999.0 -9999.0 -9999.0 -9999.0 -9999.0 -9999.0 -9999.0 -9999.0 -9999.0 -9999 -9999 -9999 28969.279459575573 -9999 -9999.0 -9999.0 -9999.0 -9999.0 18796445.91754261 10209429.210332166 50919.400989667025 17237.609015278547 -9999 286821.69575530855 41952488.18419083 25916300.36257218 15204998.113475047 3903.769049337785 475.749024813093 285.0670324566048 53.64935881042869 35655338.90454526 555129.126426932 24931487.761046574 32335754.676570512 55326134.79483567 27366103.597762417 49852426.72394001 -9999.0 -9999.0 -9999.0 -9999.0 -9999.0 -9999.0 -9999.0 -9999.0 -9999.0 -9999.0 -9999.0 -9999.0 -9999.0 -9999.0 -9999.0 -9999.0 -9999.0 -9999.0 -9999.0 -9999.0 -9999.0
-9999.0 -9999.0 -9999.0 -9999.0 -9999.0 -9999.0 -9999.0 -9999.0 -9999.0 -9999.0 -9999.0 -9999.0 -9999.0 -9999.0 -9999 1503.1715494311968 9640213.9101777 -9999 -9999.0 -9999.0 -9999.0 -9999.0 9681118.783921884 1776896.8826963496 14658.57266335401 29622.304145807404 136620.86891139584 235261.99623533565 119403.84162483798 9576280.440306803 17901183.76668057 58680.821705039554 5784.99294290236 9309.48583885731 10013252.083793215 6518.678432517895 2824817.269114498 2223128.536359022 10887750.523398524 231095.57733227758 88524934.37522827 -9999.0 -9999.0 -9999.0 -9999.0 -9999.0 -9999.0 -9999.0 -9999.0 -9999.0 -9999.0 -9999.0 -9999.0 -9999.0 -9999.0 -9999.0 -9999.0 -9999.0 -9999.0 -9999.0 -9999.0 -9999.0
-9999.0 -9999.0 -9999.0 -9999.0 -9999.0 -9999.0 -9999.0 -9999.0 -9999.0 -9999.0 -9999.0 -9999.0 -9999.0 -9999.0 -9999.0 11858.03445930898 374993.32046002854 847943.425583223 -9999.0 -9999.0 -9999.0 -9999.0 98768659.012556 315299.9383357066 300299.18688173656 512039.3948755074 153489.9925166742 22949.050057910525 113958.97171296483 2138486.666673053 436140.166390546 288847.6990735632 1057.2360157694193 9747410.977695823 42050.60306977451 3142.025411551288 1511304.382511881 10511434.32933553 30202281.234866392 6775238.2737259725 79845623.92952985 -9999.0 -9999.0 -9999.0 -9999.0 -9999.0 -9999.0 -9999.0 -9999.0 -9999.0 -9999.0 -9999.0 -9999.0 -9999.0 -9999.0 -9999.0 -9999.0 -9999.0 -9999.0 -9999.0 -9999.0 -9999.0
-9999.0 -9999.0 -9999.0 -9999.0 -9999.0 -9999.0 -9999.0 -9999.0 -9999.0 -9999.0 -9999.0 -9999.0 -9999.0 -9999.0 -9999.0 -9999.0 49278032.9368459 -9999.0 -9999.0 -9999.0 -9999.0 -9999.0 -9999.0 -9999.0 6713889.755043908 3167175.9388767392 486126.861545412 4434401.019851828 111480.85318598416 11356284.405638225 438116.72168332525 499125.6005732115 14623.43917553722 46115.102057905526 203547.34053218242 1339.816977909696 213571.75293578132 52122283.285806835 53552866.25157415 53012897.71369858 76087462.26782925 -9999.0 -9999.0 -9999.0 -9999.0 -9999.0 -9999.0 -9999.0 -9999.0 -9999.0 -9999.0 -9999.0 -9999.0 -9999.0 -9999.0 -9999.0 -9999.0 -9999.0 -9999.0 -9999.0 -9999.0 -9999.0
-9999.0 -9999.0 -9999.0 -9999.0 -9999.0 -9999.0 -9999.0 -9999.0 -9999.0 -9999.0 -9999.0 -9999.0 -9999.0 -9999.0 -9999.0 -9999.0 -9999.0 -9999.0 -9999.0 -9999.0 -9999.0 -9999.0 -9999.0 -9999.0 279347.51871177857 11209017.764682202 220200.24535373133 341635.9903749245 459690.6632815709 21505690.6102506 1726453.1259074823 692065.3126743345 204988.09595154526 2805962.4580768524 108424.04234776134 22325071.182861734 4226111.54280599 20826587.06336031 60542005.022281684 87298244.29826687 39249800.46444102 -9999.0 -9999.0 -9999.0 -9999.0 -9999.0 -9999.0 -9999.0 -9999.0 -9999.0 -9999.0 -9999.0 -9999.0 -9999.0 -9999.0 -9999.0 -9999.0 -9999.0 -9999.0 -9999.0 -9999.0 -9999.0
-9999.0 -9999.0 -9999.0 -9999.0 -9999.0 -9999.0 -9999.0 -9999.0 -9999.0 -9999.0 -9999.0 -9999.0 -9999.0 -9999.0 -9999.0 -9999.0 -9999.0 -9999.0 -9999.0 -9999.0 -9999.0 -9999.0 -9999.0 -9999.0 247786833.5647406 16041473.495729877 3628096.614275017 536345.5278505369 447794.0283728963 6492933.9638710525 9015685.837314148 675561.1279728848 42147312.867235236 253728.0051903934 12031649.233815458 9754658.783771086 8448723.473421775 63465687.71932966 38192148.53143433 39060629.31533938 73853207.25601313 -9999 -9999.0 -9999.0 -9999.0 -9999.0 -9999.0 -9999.0 -9999.0 -9999.0 -9999.0 -9999.0 -9999.0 -9999.0 -9999.0 -9999.0 -9999.0 -9999.0 -9999 194212.35193858837 58036.34146405153 2304.9893322888624
-9999.0 -9999.0 -9999.0 -9999.0 -9999.0 -9999.0 -9999.0 -9999.0 -9999.0 -9999.0 -9999.0 -9999.0 -9999.0 -9999.0 -9999.0 -9999.0 -9999.0 -9999.0 -9999.0 -9999.0 -9999.0 -9999.0 -9999.0 -9999.0 -9999.0 15037840.376943618 466912.1732428199 465571.09366936446 897667.8821638377 4019653.8045666334 34290354.69512973 15093040.463217493 381769.4377561628 25143835.97463629 14181447.123605702 92588.65326972434 13527315.617936146 33648058.81004997 27886089.61855539 26560192.334573865 33796905.84685438 274540880.0362853 -9999.0 -9999.0 -9999.0 -9999.0 -9999.0 -9999.0 -9999.0 -9999.0 -9999.0 -9999.0 -9999.0 -9999.0 -9999.0 45934698.26178747 20983.58055992309 456187.26164268074 45973569.95848033 6052620.320111922 30805329.823917817 112643288.97998919
-9999.0 -9999.0 -9999.0 -9999.0 -9999.0 -9999.0 -9999.0 -9999.0 -9999.0 -9999.0 -9999.0 -9999.0 -9999.0 -9999.0 -9999.0 -9999.0 -9999.0 -9999.0 -9999.0 -9999.0 -9999.0 -9999.0 -9999.0 -9999.0 -9999.0 10170380.493656088 3763794.1771830595 258563.7359515242 492229.61108660826 556265.0084480721 391163.1439997663 29920962.533831988 10122024.513227062 1013953.2951790531 585120.866824026 400803.15253060043 16588479.850605512 16182113.9589455 47110121.18004848 23561635.113788728 36015459.86210276 25327478.45349827 -9999.0 -9999.0 -9999.0 -9999.0 -9999.0 -9999.0 -9999.0 -9999.0 -9999.0 -9999.0 -9999.0 -9999.0 -9999.0 103928643.11786668 263755.56666048727 295743.9447006502 80154785.13360396 11362420.738002751 158943302.86499825 18879.29155332812
-9999.0 -9999.0 -9999.0 -9999.0 -9999.0 -9999.0 -9999.0 -9999.0 -9999.0 -9999.0 -9999.0 -9999.0 -9999.0 -9999.0 -9999.0 -9999.0 -9999.0 -9999.0 -9999.0 -9999.0 -9999.0 -9999.0 -9999.0 -9999.0 55614.48409723917 17268229.30274543 6408970.378651794 382393.46569429163 410777.4446195553 270055.31466043124 469392.9191689667 622963.8304448401 620290.9329622764 1157190.7239750302 3038078.098861099 5594339.085994368 5549306.825823627 332301.7902652707 11950698.292423693 60675030.587322436 86131901.71029745 50108174.11829329 53767879.37460687 -9999.0 -9999.0 -9999.0 -9999.0 -9999.0 -9999.0 -9999.0 -9999.0 -9999.0 -9999.0 -9999.0 -9999.0 4194070.91509904 103703.48118344627 19266992.04369676 127517777.19192109 42716293.138040334 141427007.36578465 10720.454963063296
