critload/trunk/output/2010/nup_crit_sw_agri.asc
ncols 720
nrows 360
xllcorner -180
yllcorner -90
cellsize 0.5
NODATA_value -9999
[rows 196 to 223 of 360, columns 248 to 309 of 720]
-9999 320030395.9712228 -9999 -9999 -9999 -9999 -9999 223849559.55400196 -9999 227702985.3313371 281385918.71231383 270463394.4015589 238403811.0980262 247244180.67832935 285807951.0732383 143511756.77260584 170780672.91255584 157003353.41241184 295420379.4748708 213777996.84594598 166817106.75549245 146326789.5393144 93179731.15473479 133170187.21256837 88391591.66567348 -9999 -31078177.278688762 -9999 -9999 -18796676.205978487 91573947.72421356 -8052882.653995585 -9824483.520845328 -22172986.99828135 10909477.188318012 66001061.35594619 37165856.217276745 -48114820.83870017 -2953223.945822303 25697303.735103104 29101119.911388695 74140323.85785037 244683181.08387583 -9999.0 -9999.0 -9999.0 -9999.0 -9999.0 -9999.0 -9999.0 -9999.0 -9999.0 -9999.0 -9999.0 -9999.0 -9999.0 -9999.0 -9999.0 -9999.0 -9999.0 -9999.0 -9999.0
-9999 -9999 203473093.58848903 -9999 -9999 -9999 -9999 -9999 219889793.416168 256613464.21817043 200658008.68645817 296275131.5585854 506113922.6095665 201265622.25994763 273954174.8221542 137850335.76971453 169222302.94059312 159442490.60504448 342633340.2531463 221607518.1127338 142927495.83336654 122487562.03400771 49245153.30714032 53184606.860288784 154162658.62452832 143483559.83509114 81629258.40851739 -9999 -9999 86833777.17447689 162597977.53026634 -10657862.97102441 -41986481.39394966 -89423973.58318192 -49436771.25901264 -24969350.85290782 -1987603.557206316 21130812.775777712 11350775.337261615 34661453.17424501 52426879.35473501 121820150.84429033 -9999.0 -9999.0 -9999.0 -9999.0 -9999.0 -9999.0 -9999.0 -9999.0 -9999.0 -9999.0 -9999.0 -9999.0 -9999.0 -9999.0 -9999.0 -9999.0 -9999.0 -9999.0 -9999.0 -9999.0
-9999 263176854.0954307 231948823.41780087 -9999 -9999 -9999 -9999 -9999 -9999 269423306.02261186 297764657.2581102 316418569.07012665 433984887.8237577 153484794.63712716 336377628.7138473 526390147.67522717 160845573.21718913 395458105.4822653 332354689.742401 239013590.85290283 135445450.63331988 64991849.82918605 113536217.42249759 69233893.44122289 104995574.74678491 167017280.00867143 -9999 -9999 -5538813.984945328 -31922945.43287301 -127558927.7874736 -89876155.03077966 -8464100.715192111 -10730907.016436562 -7192381.776058819 -100605757.16715978 -9999 -4215907.157808375 29309227.36684517 51000807.346915185 70207769.93879376 144278263.01114058 -9999.0 -9999.0 -9999.0 -9999.0 -9999.0 -9999.0 -9999.0 -9999.0 -9999.0 -9999.0 -9999.0 -9999.0 -9999.0 -9999.0 -9999.0 -9999.0 -9999.0 -9999.0 -9999.0 -9999.0
357869749.73354137 328056488.09966123 291616702.0856724 318816162.71331877 -9999 -9999 -9999 321461209.29423636 255491273.9396641 198488528.57848638 451103138.69560635 508837429.253066 515033793.4038702 163238615.0004057 178405493.124426 480592142.6863837 167006200.89853656 498294041.50558764 235611461.8850207 178169486.2058632 372334816.21893007 90475126.10432278 95031257.91093144 95340898.11690025 139514577.6764171 -9999 -9999 -107459050.05012982 -29503991.07763813 -9999 -3362275.0958446064 34360131.08574322 -14314438.156711848 -16152663.723051567 -4236554.67443759 -10440283.322167495 -15652428.155210646 -47290769.46153983 -6922023.447394972 46134153.49366221 53043244.251459636 -9999.0 -9999.0 -9999.0 -9999.0 -9999.0 -9999.0 -9999.0 -9999.0 -9999.0 -9999.0 -9999.0 -9999.0 -9999.0 -9999.0 -9999.0 -9999.0 -9999.0 -9999.0 -9999.0 -9999.0 -9999.0
355137700.4766176 347924000.0550988 296824893.46061224 334545817.02498263 372760127.5383204 -9999 380126140.2675664 383992502.64981365 445506456.22526705 363908222.42985755 516426926.1574296 588277573.4612328 692412048.992349 166023208.53205848 318183155.4617719 321542473.26157343 131954679.58252946 170907936.20932 247783624.2597439 250768174.6220211 141160361.50900975 48295662.8679702 100175510.77391808 29822600.531929348 -9999 -9604386.322028263 -9999 -17741922.66987372 -24812181.89426802 -9999 108937100.93602616 17641704.24042954 -9999 57750241.19941152 -9999 -16111891.494492246 127815581.99519742 64283556.32830589 -20453484.088720996 84242139.83990331 -9999.0 -9999.0 -9999.0 -9999.0 -9999.0 -9999.0 -9999.0 -9999.0 -9999.0 -9999.0 -9999.0 -9999.0 -9999.0 -9999.0 -9999.0 -9999.0 -9999.0 -9999.0 -9999.0 -9999.0 -9999.0 -9999.0
342001944.15987706 375055376.6177953 307237428.9600003 413735554.2455556 402139748.8794852 -9999 434424887.0751848 412466742.9369787 515631012.6299916 514879224.55391777 596839071.5083714 422559058.1422691 312246617.57315236 145874330.39377522 133412216.45792854 313092871.35211885 387575505.20512694 138545361.87946415 -9999 195252357.3364729 84555480.88830258 104959061.01804446 172728285.0885775 23991953.722006813 35309240.57060642 -7204747.707298705 -120281707.26826084 -131468235.69063815 -12860219.640805187 60466470.91580573 15750556.622814747 829537.8036737645 22701974.116088066 26066405.42859863 -26355680.801944762 32721463.543950994 45656586.47663515 -10124645.418257495 108108748.28166036 -9999.0 -9999.0 -9999.0 -9999.0 -9999.0 -9999.0 -9999.0 -9999.0 -9999.0 -9999.0 -9999.0 -9999.0 -9999.0 -9999.0 -9999.0 -9999.0 -9999.0 -9999.0 -9999.0 -9999.0 -9999.0 -9999.0 -9999.0
216129099.0032803 209953938.81287494 290691381.62139624 412554601.30273414 -9999 -9999 425524593.2356375 381332878.30711734 677535575.3805338 529778771.3851041 659245935.4360168 361033352.9470087 280334485.7054571 133289500.18107152 133566694.46355109 141197526.73574546 90956363.21131891 95107441.72738908 273159874.4746785 254091972.0461779 103415737.5008648 87674490.73116829 45700751.71983195 412228533.3232763 132446669.92330304 -262632723.93181542 -9970378.367693318 -16669721.260241106 -39009336.36981482 -8366658.095795774 2606075.55807954 41569109.19254135 116091260.24336483 -9999 30303053.849935137 54110836.766198784 66795816.85335788 145711928.37840447 -9999.0 -9999.0 -9999.0 -9999.0 -9999.0 -9999.0 -9999.0 -9999.0 -9999.0 -9999.0 -9999.0 -9999.0 -9999.0 -9999.0 -9999.0 -9999.0 -9999.0 -9999.0 -9999.0 -9999.0 -9999.0 -9999.0 -9999.0 -9999.0
324842423.96565944 445388881.57248116 397757536.9440269 353974352.2208643 -9999 -9999 400589100.8536929 360566091.09003836 477084317.93546534 204113235.06109253 710605243.7501742 416117242.47785956 142828479.51980886 106838138.81068511 358884990.7221433 149252837.06355327 117643720.92449279 94325255.24645948 139590911.56368724 295695987.7164192 348819077.686995 77116623.3944372 264016163.64197415 386280502.63165706 32071639.380647086 58701091.236521915 -9999 30267080.29632437 80148591.57807308 -17668237.40759117 -15497729.13367894 59535981.99904654 99907270.56100169 20020866.862054665 41332896.334196776 103115005.19520487 98220943.11289291 -9999 -9999.0 -9999.0 -9999.0 -9999.0 -9999.0 -9999.0 -9999.0 -9999.0 -9999.0 -9999.0 -9999.0 -9999.0 -9999.0 -9999.0 -9999.0 -9999.0 -9999.0 -9999.0 -9999.0 -9999.0 -9999.0 -9999.0 -9999.0 -9999.0
293331285.56049436 425874862.7877334 401241050.23493814 382231588.85054415 -9999 472521633.42464054 434425230.6387282 394425287.54749256 505782126.9837931 591735154.3966475 408344979.8821168 388914851.864341 136607624.08657697 141910614.65195858 507767364.7102868 124382630.11909483 110737628.79315475 104049256.82993472 156767218.4306546 357155000.2146742 384479376.10828143 189039600.28415108 96805456.81427273 116220878.30364086 31617867.112507932 57334643.90344666 51891566.91402695 22492934.15099296 33685172.47142391 -12413492.06153836 -12606315.698750095 61446227.41160313 82798241.94749634 35843792.44218493 -41007758.5478043 109236237.84262998 144952466.948128 -9999.0 -9999.0 -9999.0 -9999.0 -9999.0 -9999.0 -9999.0 -9999.0 -9999.0 -9999.0 -9999.0 -9999.0 -9999.0 -9999.0 -9999.0 -9999.0 -9999.0 -9999.0 -9999.0 -9999.0 -9999.0 -9999.0 -9999.0 -9999.0 -9999.0
191047858.5693591 423601924.4246213 686404918.1860846 397608485.5540595 556115454.9894946 724450921.5594748 369962405.07367843 383400959.23084986 647017153.3307228 567772493.765529 597287736.0528424 160264172.59858692 138646735.3780104 161751659.6082722 125303789.19734412 340366329.1947938 102126798.95823991 122682470.48863994 111704608.35898808 195022526.86915416 452677143.1660135 302651401.36241066 337497631.44881916 91809641.08940236 -3040053.485964131 66020122.666432396 -12537201.00332575 52791436.899590656 13720263.588175362 58310017.93333769 70016017.52126525 30646979.85413677 39222721.34949828 -7593772.597507756 25517278.955209583 9892740.713689508 -9999.0 -9999.0 -9999.0 -9999.0 -9999.0 -9999.0 -9999.0 -9999.0 -9999.0 -9999.0 -9999.0 -9999.0 -9999.0 -9999.0 -9999.0 -9999.0 -9999.0 -9999.0 -9999.0 -9999.0 -9999.0 -9999.0 -9999.0 -9999.0 -9999.0 -9999.0
521012515.9423853 517089924.79438555 404877476.85907996 731962164.2438703 698253058.515832 386943752.10502326 342041208.21079457 187403731.46425176 167727895.83928493 184813919.04084432 173833563.74392134 155774535.44099933 149259875.92831337 130582765.4951228 132652295.99261661 241338821.66608337 95129225.91693056 76181056.49674414 107380177.94261938 118897394.54852581 432750141.44673884 196789950.86092946 171273983.55426395 115132748.85171193 108331883.61118233 89788619.14645156 50785645.13376298 54251026.863771684 9911272.906914413 32092589.06949622 29034088.032977004 19046650.316569608 5007047.836241688 34903984.79122988 339459633.10665375 -9999.0 -9999.0 -9999.0 -9999.0 -9999.0 -9999.0 -9999.0 -9999.0 -9999.0 -9999.0 -9999.0 -9999.0 -9999.0 -9999.0 -9999.0 -9999.0 -9999.0 -9999.0 -9999.0 -9999.0 -9999.0 -9999.0 -9999.0 -9999.0 -9999.0 -9999.0 -9999.0
451421342.47360444 344365299.2467171 350679383.92097497 302717361.0786434 137567175.2694677 264441830.36409232 153003071.9588977 161366347.40778083 158646965.8973699 459082040.1155668 195991373.26828727 174565102.4885786 136323588.49617332 140077931.0198351 225872610.81087238 219954703.0797085 149195184.76623023 119095811.4947188 113955766.67990687 142771591.1857708 386846155.0520598 285884630.714358 217705298.62484586 80694530.25684893 184829117.29894271 81184315.71937037 58501618.65340836 25695740.408331234 27392552.1339289 28263084.458895907 46834513.09892807 -20130341.694654487 -6984817.461337568 137585924.2689647 262682300.44366673 -9999.0 -9999.0 -9999.0 -9999.0 -9999.0 -9999.0 -9999.0 -9999.0 -9999.0 -9999.0 -9999.0 -9999.0 -9999.0 -9999.0 -9999.0 -9999.0 -9999.0 -9999.0 -9999.0 -9999.0 -9999.0 -9999.0 -9999.0 -9999.0 -9999.0 -9999.0 -9999.0
348414970.88150334 92035487.4015012 118600532.15558255 116217371.79646507 118277989.80385262 139338809.2695291 130138791.69464615 163840827.57436848 178364851.8620723 194520843.0872109 176937369.22326687 172017631.13229132 146642608.6624322 135340931.22272184 119802291.38634615 123637939.60571496 224508179.92768976 154507627.32034418 191256081.66617772 254949504.40030816 390529494.00150496 263166598.33299038 117754105.40312064 94347140.86869833 60400775.51695142 125541480.99042797 53757893.81670976 60120491.361045934 34167105.85535247 59327635.43524578 53823328.10599735 11399937.63501363 -12216778.006806452 155919546.11135477 167016178.5120204 -9999.0 -9999.0 -9999.0 -9999.0 -9999.0 -9999.0 -9999.0 -9999.0 -9999.0 -9999.0 -9999.0 -9999.0 -9999.0 -9999.0 -9999.0 -9999.0 -9999.0 -9999.0 -9999.0 -9999.0 -9999.0 -9999.0 -9999.0 -9999.0 -9999.0 -9999.0 -9999.0
191688098.96938303 73979545.40970622 77460574.91200736 83442835.39978635 99962257.81212279 145114562.84180692 138858441.01765352 215071538.1846987 191493972.87264496 205442220.12975058 193156911.69131666 138969083.575419 229143332.25515595 109267375.1871873 129958672.20854017 121779748.13501471 204975555.7099737 152320357.32100996 106287990.87042616 177880717.92371395 170681789.32812056 102392369.46372585 250810502.8841715 102751819.19820747 40895217.79963719 107301112.94932851 56051100.0886395 68965664.03409441 49067389.51370845 40040794.381978706 7383407.7411751365 14156595.257601054 36865523.08999301 152676848.58738488 -9999.0 -9999.0 -9999.0 -9999.0 -9999.0 -9999.0 -9999.0 -9999.0 -9999.0 -9999.0 -9999.0 -9999.0 -9999.0 -9999.0 -9999.0 -9999.0 -9999.0 -9999.0 -9999.0 -9999.0 -9999.0 -9999.0 -9999.0 -9999.0 -9999.0 -9999.0 -9999.0 -9999.0
94991553.02456741 98658727.15300177 113022437.21155304 198395509.46905044 177025730.2833933 153041327.0987508 138489642.72248542 160690451.74860206 194635920.1703111 225989298.36578628 177036305.49483433 109689954.97919565 97977436.34554103 86440058.81572245 297172946.30712885 248266796.46267456 181543481.57053643 72165189.7777414 62828126.31023079 48837681.66734063 154182804.02132386 334640905.8425055 351244720.37881565 81360403.69547693 109190492.99790789 79169782.41536425 26316103.778558947 75926831.02874707 117545100.34832446 55292620.53701657 30583114.244738884 48272984.34151155 87445415.9062945 171443561.97253326 214565027.77270782 -9999.0 -9999.0 -9999.0 -9999.0 -9999.0 -9999.0 -9999.0 -9999.0 -9999.0 -9999.0 -9999.0 -9999.0 -9999.0 -9999.0 -9999.0 -9999.0 -9999.0 -9999.0 -9999.0 -9999.0 -9999.0 -9999.0 -9999.0 -9999.0 -9999.0 -9999.0 -9999.0
103387986.90484175 127227948.84043145 158861699.78426865 129813411.64097777 131938491.21274687 147222264.65252197 144795250.2506153 132132662.41359504 194960566.5310619 151417860.07534358 166412676.92385432 232933686.3971204 116218635.20515294 113633984.08275412 103756316.43409303 74926584.08018091 29886541.838352807 82274586.74665555 95572116.69810185 89370708.68835981 312097407.1679615 168781803.4541107 152450243.66209295 91607921.96054721 101894722.74848892 86315841.88050352 40575394.54320611 63101265.84937615 93422849.6109902 38862121.57641111 -12013540.445631845 59171414.23255779 88105629.86291668 166528591.0914399 1036578901.824831 -9999.0 -9999.0 -9999.0 -9999.0 -9999.0 -9999.0 -9999.0 -9999.0 -9999.0 -9999.0 -9999.0 -9999.0 -9999.0 -9999.0 -9999.0 -9999.0 -9999.0 -9999.0 -9999.0 -9999.0 -9999.0 -9999.0 -9999.0 -9999.0 -9999.0 -9999.0 -9999.0
147789597.20149532 113098310.07289144 116505917.11466137 137571280.77278146 146987718.654848 157622507.5722464 149737584.2754747 134278880.8366765 128166904.10657208 93323869.14048675 104994885.4703571 103966199.17855321 81791014.10203059 78429089.7281287 68243042.21594176 88443017.42691667 94936502.02231741 112787590.11166209 65021297.780241705 81427336.79035494 176423493.64269826 149639588.9536791 128252358.0072808 110491040.8678466 76064084.0199376 78917582.5796988 56814865.74902687 43124542.5090802 52627243.60342429 23443750.176215127 23868612.88530337 54802741.921739504 47815412.16219938 411500336.3435061 1056048605.7091793 -9999.0 -9999.0 -9999.0 -9999.0 -9999.0 -9999.0 -9999.0 -9999.0 -9999.0 -9999.0 -9999.0 -9999.0 -9999.0 -9999.0 -9999.0 -9999.0 -9999.0 -9999.0 -9999.0 -9999.0 -9999.0 -9999.0 -9999.0 -9999.0 -9999.0 -9999.0 -9999.0
274009900.93874776 140979524.40140283 98836533.518383 122288296.5986318 147213208.71717903 152364860.95567855 151429365.8876022 149066059.96647573 93960662.3312701 89585243.35393593 86848327.48918831 103804282.95480362 69267274.99808231 -28927575.19561326 72345719.42979191 77008947.64658327 79170507.44031435 127420274.95909792 120534857.64794473 116710365.22266804 157925281.42785063 136676737.87488186 94351086.71969807 112267345.13332331 60073689.46202703 79026986.32781892 87221176.8006262 34901159.92404225 34223412.5629169 27225631.244768202 22234476.600073803 27527281.863285623 81823288.50210463 191893152.5116689 -9999.0 -9999.0 -9999.0 -9999.0 -9999.0 -9999.0 -9999.0 -9999.0 -9999.0 -9999.0 -9999.0 -9999.0 -9999.0 -9999.0 -9999.0 -9999.0 -9999.0 -9999.0 -9999.0 -9999.0 -9999.0 -9999.0 -9999.0 -9999.0 -9999.0 -9999.0 -9999.0 -9999.0
782836204.7807384 244571646.8116589 128857786.26159853 135223659.79621112 153205474.52489737 135565504.60795206 134276800.11091477 137876695.14967978 123469521.02879255 138805277.04049298 152216737.12943017 107677019.33911781 88943150.42297554 92639706.19939402 84315617.74028702 99518907.40035126 96543256.63038735 124470882.4503687 124335139.05861704 139272480.32021645 144571456.21645018 159469134.97954232 100310383.22914404 89595438.88803603 94738523.9213372 76517759.64721738 63870923.421424955 50943973.427101664 20229347.544456735 13592646.774090514 45282803.47577305 48978611.584884845 80736270.79445505 464036495.2701112 -9999.0 -9999.0 -9999.0 -9999.0 -9999.0 -9999.0 -9999.0 -9999.0 -9999.0 -9999.0 -9999.0 -9999.0 -9999.0 -9999.0 -9999.0 -9999.0 -9999.0 -9999.0 -9999.0 -9999.0 -9999.0 -9999.0 -9999.0 -9999.0 -9999.0 -9999.0 -9999.0 -9999.0
1410195311.13769 248780291.07417667 121419160.36200678 124209246.44202805 132372367.42431462 125219390.12529288 131848957.2880757 128701169.50747278 122432605.97353674 152043187.14111903 133715983.56100208 105684640.44559728 80757907.53264545 64232125.31950646 85656809.1340683 206978457.4632636 170273426.57700962 84362909.79075398 122090633.36146158 146235224.31019858 240636773.78434116 130850047.37217036 191250811.60594913 139146497.40583825 64550463.75439992 88481788.09093626 78338773.66151814 45663189.1052785 20987554.044831105 37601021.53620554 45153086.95562166 72617280.55043028 301843838.1290401 545961026.2701154 -9999.0 -9999.0 -9999.0 -9999.0 -9999.0 -9999.0 -9999.0 -9999.0 -9999.0 -9999.0 -9999.0 -9999.0 -9999.0 -9999.0 -9999.0 -9999.0 -9999.0 -9999.0 -9999.0 -9999.0 -9999.0 -9999.0 -9999.0 -9999.0 -9999.0 -9999.0 -9999.0 -9999.0
348791890.4990368 346050781.5015595 171929512.76968655 169152479.31168687 142422689.37168714 132557521.27829804 153084831.14347416 123169868.27476439 138399998.3527325 159550332.19275904 110961140.97583188 116750217.67664634 85109662.31894118 75409179.52075456 87310273.31872557 87852248.09651269 74271292.70472853 54117275.081262775 99711794.38286726 120947578.2229204 239737307.7307651 181217520.11994857 126376536.08740568 86262774.66761665 92923785.6172264 75099236.35075086 63755238.40053941 38799947.38134959 32652142.75326575 37598051.32848977 43563246.559077114 87295181.4153257 348069108.2636606 -9999.0 -9999.0 -9999.0 -9999.0 -9999.0 -9999.0 -9999.0 -9999.0 -9999.0 -9999.0 -9999.0 -9999.0 -9999.0 -9999.0 -9999.0 -9999.0 -9999.0 -9999.0 -9999.0 -9999.0 -9999.0 -9999.0 -9999.0 -9999.0 -9999.0 -9999.0 -9999.0 -9999.0 -9999.0
833593582.3876208 353648213.1723808 103052819.9850036 130224437.37336242 153280752.4338568 119007941.79150918 151803183.43434328 146587713.2380327 153299851.2357869 126762898.51348846 114277644.6973257 116253514.75397195 93885152.50470361 93293328.2774657 99762575.7730622 37632321.5066738 67483408.61978151 76773699.4229589 54783552.15278687 115900109.68789563 222821300.36851066 91821534.66642065 108918177.21354525 86252932.54727638 65366475.84231824 64874307.47969914 71597149.99649313 53131672.838428766 19870182.50634242 29015372.259083755 29004064.29635153 81822804.53536184 94877678.73475952 -9999.0 -9999.0 -9999.0 -9999.0 -9999.0 -9999.0 -9999.0 -9999.0 -9999.0 -9999.0 -9999.0 -9999.0 -9999.0 -9999.0 -9999.0 -9999.0 -9999.0 -9999.0 -9999.0 -9999.0 -9999.0 -9999.0 -9999.0 -9999.0 -9999.0 -9999.0 -9999.0 -9999.0 -9999.0
291374385.19903344 132685347.83134319 97061203.02690819 105784581.31434648 123966796.45796055 136452704.1070701 138367756.92298067 146509002.89922383 94488837.80737841 135024117.5761114 126424681.51089385 119779646.54967818 106240633.06137994 124902719.15605144 119934570.17326137 115886606.10535528 105107909.03039712 63458455.33649088 49766430.323909976 59030178.43246087 116522601.44089195 96826586.70426697 90374117.8225009 86293750.69713773 119659111.9407289 51578267.47267649 41494388.40938348 44880040.70223843 32632537.714216243 28577536.802072067 32415118.75075594 42849962.47894885 176838285.94664758 -9999.0 -9999.0 -9999.0 -9999.0 -9999.0 -9999.0 -9999.0 -9999.0 -9999.0 -9999.0 -9999.0 -9999.0 -9999.0 -9999.0 -9999.0 -9999.0 -9999.0 -9999.0 -9999.0 -9999.0 -9999.0 -9999.0 -9999.0 -9999.0 -9999.0 -9999.0 -9999.0 -9999.0 -9999.0
496015910.74314106 78989727.14729464 110172110.95489092 126791240.85891832 128295806.72985409 180692029.6226322 152711884.7232684 155487402.97020152 103689417.42353785 108483899.95702402 146125407.9999443 122346167.21520618 129555164.97929163 109094888.23634952 83863817.5194075 101333119.99924822 72812315.78654999 61903136.68886652 60943214.07069593 98134608.2836887 104731651.88651249 81035167.11820598 59169784.13068639 -40064958.55599698 -50884544.23941596 44546833.292988434 45537676.1653183 40379328.49118427 43174167.18360442 30783059.97265278 24377977.427456666 80229528.5779962 705553282.9934059 -9999.0 -9999.0 -9999.0 -9999.0 -9999.0 -9999.0 -9999.0 -9999.0 -9999.0 -9999.0 -9999.0 -9999.0 -9999.0 -9999.0 -9999.0 -9999.0 -9999.0 -9999.0 -9999.0 -9999.0 -9999.0 -9999.0 -9999.0 -9999.0 -9999.0 -9999.0 -9999.0 -9999.0 -9999.0
66992018.64331512 69580267.6061708 131882328.56221916 104049967.99484836 158345308.25164875 131427738.16060089 147871320.77249828 133356625.85188064 153721338.21531352 72903842.83397894 100230980.78278711 143178102.0016453 148410281.46984977 88328415.40728062 78548455.81231457 71417297.48477075 77026902.7397999 66002701.65631705 50053162.69440573 62279446.86055675 77527078.6160531 66236774.95085192 50599850.387466095 31094632.90824646 99518971.442971 50779873.73839424 49374264.519585244 35134985.42344097 29876461.44259475 25784335.976668995 31226973.569061473 -15362635.176551955 -9999.0 -9999.0 -9999.0 -9999.0 -9999.0 -9999.0 -9999.0 -9999.0 -9999.0 -9999.0 -9999.0 -9999.0 -9999.0 -9999.0 -9999.0 -9999.0 -9999.0 -9999.0 -9999.0 -9999.0 -9999.0 -9999.0 -9999.0 -9999.0 -9999.0 -9999.0 -9999.0 -9999.0 -9999.0 -9999.0
90172113.7844507 95959500.26395974 77240609.81241247 103948573.31577271 135357673.46740663 126730333.61458768 111427401.92595512 125199670.38345103 75079035.28612661 42637359.30382477 47775302.17612223 131301626.64233774 145326285.26127613 81252918.60917787 77332008.19615847 80967876.77382709 80084546.89408353 63797861.322491 63616927.129690774 47223427.682199 44422957.64558191 52110837.152067624 65016856.05983845 108236948.30657429 30797715.30016215 68277323.57331704 45055057.03750891 31913460.865982067 38483005.01441872 25745174.97274708 34044804.01525037 -9999 -9999.0 -9999.0 -9999.0 -9999.0 -9999.0 -9999.0 -9999.0 -9999.0 -9999.0 -9999.0 -9999.0 -9999.0 -9999.0 -9999.0 -9999.0 -9999.0 -9999.0 -9999.0 -9999.0 -9999.0 -9999.0 -9999.0 -9999.0 -9999.0 -9999.0 -9999.0 -9999.0 -9999.0 -9999.0 -9999.0
100766253.58665085 102701345.07859851 106657454.4259594 107366126.26146576 133280535.14969695 121988243.91031158 120575779.58404078 121725535.27995978 24584191.66578569 116126376.08450991 81754709.98998858 -2690987.122438369 124932081.08183557 107005442.52637702 109578023.22982985 69279236.1704828 35419586.98226076 82961645.41031238 64133016.208210014 60501444.349675015 54532215.292634204 61248530.321815275 55924894.044490054 65310326.54651563 51966132.69724753 73220326.84719342 39766316.73392446 46638129.75128147 41339068.86626038 59446649.21912142 196177762.2733619 -9999.0 -9999.0 -9999.0 -9999.0 -9999.0 -9999.0 -9999.0 -9999.0 -9999.0 -9999.0 -9999.0 -9999.0 -9999.0 -9999.0 -9999.0 -9999.0 -9999.0 -9999.0 -9999.0 -9999.0 -9999.0 -9999.0 -9999.0 -9999.0 -9999.0 -9999.0 -9999.0 -9999.0 -9999.0 -9999.0 -9999.0
95412851.71073979 100065595.11303215 109214796.3391408 112158459.62917794 133811476.38189684 133162503.65288393 130307183.38729818 30594694.10500416 82266889.59510636 2745910.858680436 81993701.51483142 105457663.16781552 98379914.75856899 103760106.36847247 98748790.44947962 65509653.89339575 75144198.32244109 70045690.93713781 27364337.425429977 51504118.57461246 52837422.85803235 30682719.777333364 78688981.61579026 58970091.575979955 55987439.42000262 47539036.02232934 51945682.45979806 34390342.606495805 28093581.78156574 -67355761.20749979 -9999.0 -9999.0 -9999.0 -9999.0 -9999.0 -9999.0 -9999.0 -9999.0 -9999.0 -9999.0 -9999.0 -9999.0 -9999.0 -9999.0 -9999.0 -9999.0 -9999.0 -9999.0 -9999.0 -9999.0 -9999.0 -9999.0 -9999.0 -9999.0 -9999.0 -9999.0 -9999.0 -9999.0 -9999.0 -9999.0 -9999.0 -9999.0
