critload/trunk/output/2010/nup_max_ara.asc
ncols 720
nrows 360
xllcorner -180.0
yllcorner -90.0
cellsize 0.5
NODATA_value -9999.0
[rows 174 to 202 of 360, columns 396 to 461 of 720]
145938.4074 101681.7804 1029918.276 955046.621 1084331.077 329437.645 212745.1434 555132.501 1349606.183 701380.934 183996.41280000002 594448.095 0.0 943697.132 0.0 357245.429 148036.2788 0.0 582784.327 1668287.452 17981.62658 92028.2165 0.0 27252.2427 1013809.705 3683231.73 4559059.2 2139929.016 6177733.68 4700426.88 3742607.52 1097424.792 2005898.784 621060.312 0.0 0.0 1847.43948 0.0 62032.8264 0.0 241473.0624 0.0 495659.51999999996 188137.3056 650790.672 840701.3759999999 0.0 0.0 11103.883440000001 0.0 0.0 0.0 11815.642559999998 0.0 370556.88 446098.41599999997 0.0 0.0 -9999.0 -9999.0 -9999.0 -9999.0 -9999.0 -9999.0 -9999.0 -9999.0
234182.752 123691.47129999999 476333.54 240047.718 856975.032 497553.27999999997 1707851.161 2028477.179 1907418.326 411537.717 842747.409 0.0 0.0 0.0 0.0 0.0 0.0 0.0 61112.851200000005 947000.606 181974.1574 0.0 0.0 59057.51379999999 564445.084 3248108.91 4837649.52 0.0 6079392.0 8351528.399999999 6716588.88 4784248.8 1580525.568 1860609.072 1008861.5279999999 0.0 1847.4419039999998 0.0 16367.26008 0.0 269825.136 1792240.152 1108160.688 642682.392 251094.888 958102.968 0.0 0.0 0.0 0.0 0.0 0.0 0.0 461890.776 558254.472 3334.9876799999997 0.0 -9999.0 -9999.0 -9999.0 -9999.0 -9999.0 -9999.0 -9999.0 -9999.0 -9999.0
266846.501 573337.053 522244.267 265875.308 206875.45140000002 117489.7778 338133.485 875628.554 0.0 489719.935 82326.4474 20088.85546 0.0 0.0 141565.43959999998 66709.3804 31192.308899999996 0.0 0.0 0.0 0.0 0.0 0.0 278425.201 2461891.55 1484590.195 1986021.984 3857844.48 5712980.16 6582105.359999999 8921144.16 6577984.56 2887541.52 1238050.728 2588662.32 2005651.5359999998 0.0 433130.016 0.0 0.0 2516136.2399999998 0.0 0.0 0.0 0.0 0.0 0.0 0.0 29461.0536 0.0 0.0 300374.808 1243291.416 1286169.552 0.0 -9999.0 -9999.0 -9999.0 -9999.0 -9999.0 -9999.0 -9999.0 -9999.0 -9999.0 -9999.0 -9999.0
372389.896 556004.448 801482.34 136022.5505 43611.764299999995 0.0 0.0 0.0 0.0 0.0 136798.796 401844.691 73772.38739999999 15045.03196 526190.477 0.0 0.0 0.0 0.0 71783.21399999999 0.0 0.0 201503.1709 898414.963 3248581.51 1520538.8399999999 3699484.56 4267452.0 5179094.16 5865789.12 7175985.359999999 8889777.6 5627534.16 5274769.4399999995 4920307.92 1003863.24 0.0 1088385.696 0.0 0.0 1203433.584 3622037.76 384172.488 0.0 0.0 0.0 0.0 0.0 7745.45568 307976.472 387689.712 466544.85599999997 317105.256 -9999.0 -9999.0 -9999.0 -9999.0 -9999.0 -9999.0 -9999.0 -9999.0 -9999.0 -9999.0 -9999.0 -9999.0 -9999.0
247382.47 547351.142 184999.27 0.0 0.0 0.0 0.0 0.0 113543.56779999999 98127.1195 0.0 468504.921 1147749.271 379639.58 1111181.846 0.0 0.0 0.0 0.0 0.0 0.0 29764.820600000003 2272308.06 1529321.785 4199895.12 2742901.44 2424872.64 3423124.32 4397887.4399999995 8548648.08 8566682.64 9663445.68 10498925.76 13545069.6 12765535.44 1571619.792 994438.728 1603180.2719999999 71637.1992 92076.36720000001 1268486.472 1259280.1199999999 0.0 662811.288 0.0 9251.196 0.0 0.0 0.0 945973.272 297005.448 0.0 -9999.0 -9999.0 -9999.0 -9999.0 -9999.0 -9999.0 -9999.0 -9999.0 -9999.0 -9999.0 -9999.0 -9999.0 -9999.0 -9999.0
1543487.97 1309146.8969999999 0.0 0.0 0.0 0.0 0.0 0.0 76406.4235 108908.54329999999 0.0 260913.008 405025.289 504928.203 843588.637 139772.8678 0.0 0.0 0.0 0.0 0.0 414425.303 3619194.43 1982660.972 3681862.08 4019985.84 4285947.12 5727742.32 8645608.08 6287419.68 0.0 5556559.4399999995 19871103.599999998 17698617.84 7791342.0 3030339.36 6872839.92 2833922.64 2317579.128 4204209.84 535650.672 1253423.736 0.0 3880290.7199999997 0.0 0.0 238156.3032 461626.56 970261.752 1124476.632 0.0 -9999.0 -9999.0 -9999.0 -9999.0 -9999.0 -9999.0 -9999.0 -9999.0 -9999.0 -9999.0 -9999.0 -9999.0 -9999.0 -9999.0 -9999.0
2108037.026 925286.999 968834.726 0.0 530165.043 149017.63270000002 101592.69529999999 84738.5978 0.0 0.0 0.0 503876.668 308033.591 0.0 217141.7412 108551.2577 0.0 0.0 0.0 0.0 0.0 259970.171 2632500.15 308286.744 3693763.92 5176403.52 7383382.8 9360760.799999999 119117.5416 -9999.0 -9999.0 -9999.0 7061621.04 12419412.48 7629612.72 7233579.6 9415567.44 2964939.84 3246778.32 13539300.48 4182321.12 0.0 883310.448 3436432.08 1420066.464 771692.52 638285.2559999999 1553437.368 1413453.792 406543.584 -9999.0 -9999.0 -9999.0 -9999.0 -9999.0 -9999.0 -9999.0 -9999.0 -9999.0 -9999.0 -9999.0 -9999.0 -9999.0 -9999.0 -9999.0 -9999.0
349234.859 0.0 0.0 0.0 0.0 0.0 0.0 47510.005399999995 171800.96980000002 157860.6876 54246.2095 112863.2601 230978.0514 0.0 35206.573300000004 0.0 141551.9705 162768.6386 0.0 0.0 36102.8592 363639.707 2435922.18 5675190.0 6439428.72 4768371.6 5141473.68 3838646.4 -9999.0 -9999.0 -9999.0 -9999.0 9872079.36 17993255.04 12571785.12 5143364.399999999 3949302.0 5037823.4399999995 15909172.559999999 10543333.44 8425024.08 4003211.76 0.0 1432179.192 1349852.88 0.0 0.0 0.0 260085.504 -9999.0 -9999.0 -9999.0 -9999.0 -9999.0 -9999.0 -9999.0 -9999.0 -9999.0 -9999.0 -9999.0 -9999.0 -9999.0 -9999.0 -9999.0 -9999.0 -9999.0
0.0 0.0 0.0 0.0 0.0 0.0 0.0 0.0 71454.0481 134770.1605 88625.0239 25530.3246 0.0 0.0 0.0 95978.4436 71041.4683 0.0 0.0 0.0 0.0 1364845.17 1876328.335 4825020.4799999995 9211539.36 2567530.48 1176031.408 1557714.5790000001 -9999.0 -9999.0 -9999.0 629959.246 8595900.620000001 7245942.0 1577762.2079999999 1321666.608 1720906.68 7177585.2 8220753.6 11098526.4 7031030.16 2732381.28 627333.624 237071.8056 2294.35236 22707.74112 5369717.52 1753446.456 -9999.0 -9999.0 -9999.0 -9999.0 -9999.0 -9999.0 -9999.0 -9999.0 -9999.0 -9999.0 -9999.0 -9999.0 -9999.0 -9999.0 -9999.0 -9999.0 -9999.0 -9999.0
232689.5723 278276.332 0.0 0.0 0.0 0.0 0.0 0.0 0.0 0.0 0.0 0.0 0.0 0.0 0.0 0.0 0.0 0.0 48984.2811 27843.4653 107748.54659999999 836771.382 4183145.28 6570785.28 6871579.4399999995 4660091.52 517266.27 897821.8990000001 -9999.0 0.0 429147.07700000005 5985181.71 4287465.7 2772707.41 80819.5065 278927.256 636222.432 861179.328 2136860.232 8454112.08 8094754.08 135174.1176 0.0 0.0 100255.428 1864497.168 1867973.184 40590.12239999999 -9999.0 -9999.0 -9999.0 -9999.0 -9999.0 -9999.0 -9999.0 -9999.0 -9999.0 -9999.0 -9999.0 -9999.0 -9999.0 -9999.0 -9999.0 -9999.0 -9999.0 -9999.0
163500.696 97846.3951 1243906.83 112076.3811 0.0 0.0 0.0 0.0 0.0 0.0 0.0 0.0 23951.840600000003 0.0 0.0 0.0 0.0 0.0 144934.3687 281194.637 287475.491 2635383.01 5145449.04 12718994.639999999 9860492.64 5343029.28 140194.7968 354553.286 608306.358 382499.49100000004 1038121.797 4929833.010000001 1572778.2340000002 44015.2091 78661.6156 1066.884322 1460205.48 572093.088 453484.344 3011820.0 5852384.399999999 0.0 1344515.232 5408428.8 1469130.648 2310852.528 294062.712 -9999.0 -9999.0 -9999.0 -9999.0 -9999.0 -9999.0 -9999.0 -9999.0 -9999.0 -9999.0 -9999.0 -9999.0 -9999.0 -9999.0 -9999.0 -9999.0 -9999.0 -9999.0 -9999.0
226264.8116 115827.6436 0.0 0.0 0.0 0.0 0.0 0.0 0.0 0.0 79837.4995 0.0 0.0 0.0 27414.8171 269025.187 341685.074 618413.641 294030.453 284885.643 306336.957 2343786.447 6870028.08 12370859.76 11587398.719999999 2820921.31 803792.0390000001 3258443.3200000003 4199252.12 4571060.37 7405910.140000001 5150443.49 3450661.1700000004 0.0 0.0 0.0 14278.202100000002 493156.76900000003 984027.6479999999 581859.384 2714976.96 0.0 1434998.304 509510.256 1863929.952 10958.297999999999 -9999.0 -9999.0 -9999.0 -9999.0 -9999.0 -9999.0 -9999.0 -9999.0 -9999.0 -9999.0 -9999.0 -9999.0 -9999.0 -9999.0 -9999.0 -9999.0 -9999.0 -9999.0 -9999.0 -9999.0
456611.942 62395.7239 0.0 0.0 0.0 0.0 0.0 47607.597299999994 88884.4813 31910.1883 232904.84159999999 408728.11 224064.386 95777.3523 38212.781899999994 285488.208 234986.6446 200978.58490000002 120214.78940000001 49335.4229 1306890.232 418756.682 6222698.88 11251505.04 11160629.28 5790087.6 1159671.845 2716534.39 3902468.7800000003 3954356.12 5788040.430000001 4525831.140000001 3670557.37 668782.915 419580.82700000005 1248495.114 1584076.6130000001 2205171.134 3963131.56 5383582.8 3002608.8 20453.85744 656428.896 4105310.6399999997 1671694.632 -9999.0 -9999.0 -9999.0 -9999.0 -9999.0 -9999.0 -9999.0 -9999.0 -9999.0 -9999.0 -9999.0 -9999.0 -9999.0 -9999.0 -9999.0 -9999.0 -9999.0 -9999.0 -9999.0 -9999.0 -9999.0
418385.691 88543.73670000001 26410.305800000002 0.0 0.0 0.0 23458.49346 125313.67079999999 54247.863600000004 0.0 613630.929 1013623.028 767696.166 354849.347 53721.1509 260166.3 339291.355 177379.3039 115638.8399 116961.1747 0.0 912210.157 2810215.92 8421145.68 6984877.2 1941109.4710000001 71842.28240000001 114800.35710000001 2947323.3600000003 4685600.2700000005 5191667.65 4674375.87 4389276.11 928569.1020000001 1095731.03 1230689.134 1656836.235 2387057.4340000004 1520827.1190000002 1050537.514 1842586.632 1556380.104 6524220.24 7467810.72 -9999.0 -9999.0 -9999.0 -9999.0 -9999.0 -9999.0 -9999.0 -9999.0 -9999.0 -9999.0 -9999.0 -9999.0 -9999.0 -9999.0 -9999.0 -9999.0 -9999.0 -9999.0 -9999.0 -9999.0 -9999.0 -9999.0
284566.638 210298.4932 154188.113 258651.617 209188.1195 379256.774 121210.3213 155166.395 84405.65109999999 115671.6856 45882.371 0.0 556985.093 529720.799 91127.2046 65720.2286 355640.952 394127.133 337764.857 59899.4507 94476.2845 24288.3318 423052.616 6309623.52 2824008.02 187951.55760000003 16443.28682 138184.60880000002 1401662.256 2975154.77 3987264.02 3731424.2300000004 3250917.87 3561196.0 3097883.3800000004 2380845.7490000003 372083.75800000003 637897.958 503164.342 2033629.1390000002 194746.65630000003 477578.904 4624652.64 2249932.56 -9999.0 -9999.0 -9999.0 -9999.0 -9999.0 -9999.0 -9999.0 -9999.0 -9999.0 -9999.0 -9999.0 -9999.0 -9999.0 -9999.0 -9999.0 -9999.0 -9999.0 -9999.0 -9999.0 -9999.0 -9999.0 -9999.0
324950.308 469374.505 148298.5718 128790.58899999999 34445.6873 57652.7103 392725.874 504942.381 288928.736 281074.124 152926.0347 30407.792899999997 129019.09109999999 188909.5624 47556.792799999996 14198.250909999999 146327.3572 131164.2225 190120.12730000002 0.0 477196.035 187388.263 0.0 2351463.3310000002 2244415.7180000003 0.0 24350.08581 447333.156 2594494.5500000003 2032098.539 2559086.67 971476.922 2608627.0900000003 3885504.6300000004 1268732.1970000002 2077445.1150000002 1572796.091 362905.26 687520.01 241850.10600000003 1324190.9370000002 700933.1680000001 1291127.426 0.0 -9999.0 -9999.0 -9999.0 -9999.0 -9999.0 -9999.0 -9999.0 -9999.0 -9999.0 -9999.0 -9999.0 -9999.0 -9999.0 -9999.0 -9999.0 -9999.0 -9999.0 -9999.0 -9999.0 -9999.0 -9999.0 -9999.0
280313.238 185418.4662 149588.2972 222954.72119999997 112275.582 148824.3393 373084.618 373417.801 411199.808 154036.881 81588.7188 44602.5702 192648.0647 206396.9439 33779.5576 197497.41330000001 82775.18109999999 224843.23080000002 545094.477 0.0 0.0 0.0 0.0 501095.481 496623.57800000004 127239.2882 310982.206 1430348.2510000002 2187232.5020000003 2664366.44 2833140.6 1473146.378 1341190.801 3079771.2800000003 394552.966 3036047.14 2859339.37 501452.62100000004 727050.3060000001 240047.82450000002 1788054.573 2998623.97 515661.69100000005 1188868.04 -9999.0 -9999.0 -9999.0 -9999.0 -9999.0 -9999.0 -9999.0 -9999.0 -9999.0 -9999.0 -9999.0 -9999.0 -9999.0 -9999.0 -9999.0 -9999.0 -9999.0 -9999.0 -9999.0 -9999.0 -9999.0 -9999.0
218156.1771 78812.1938 1201793.444 648109.4619999999 487555.427 115536.0494 362755.945 195610.08519999997 1801496.851 504989.641 1024306.151 321006.461 128240.2463 228956.9775 74025.93729999999 69154.14020000001 155016.1082 811109.202 126473.6675 17974.13587 81180.1561 149374.2094 418411.684 364364.43200000003 733290.052 538898.75 13562.825170000002 169725.68300000002 355826.23500000004 2424669.378 146538.3685 222969.6448 1661961.1940000001 2704646.73 2837808.93 3014440.1700000004 738034.912 843656.5160000001 1152205.068 361242.00800000003 1551377.895 769118.8470000001 801098.1830000001 -9999.0 -9999.0 -9999.0 -9999.0 -9999.0 -9999.0 -9999.0 -9999.0 -9999.0 -9999.0 -9999.0 -9999.0 -9999.0 -9999.0 -9999.0 -9999.0 -9999.0 -9999.0 -9999.0 -9999.0 -9999.0 -9999.0 -9999.0
155399.85940000002 96403.54729999999 412310.418 106683.7788 194936.63019999999 1016777.633 259714.967 496081.131 920038.776 1040906.226 1183338.414 2265032.383 353445.725 204046.2315 181124.4226 65530.716 73111.6926 876677.726 282347.781 117629.6674 134207.29390000002 0.0 346945.112 81933.78330000001 265806.547 673244.6140000001 1921729.5240000002 224721.9267 594367.694 158738.7811 198962.94910000003 45039.69070000001 1037343.7420000001 830626.008 4492948.75 3590736.58 4134762.8400000003 4000427.18 1126570.0690000001 165198.16820000001 1310668.0860000001 579051.49 1819934.4200000002 482549.711 -9999.0 -9999.0 -9999.0 -9999.0 -9999.0 -9999.0 -9999.0 -9999.0 -9999.0 -9999.0 -9999.0 -9999.0 -9999.0 -9999.0 -9999.0 -9999.0 -9999.0 -9999.0 -9999.0 -9999.0 -9999.0 -9999.0
0.0 25640.913 46138.9928 0.0 0.0 544680.952 163304.3307 445073.413 428022.005 410134.095 563332.111 1853482.851 2133219.517 50343.0061 258854.835 305921.069 139547.6739 168446.9276 43849.2458 48810.364299999994 0.0 0.0 0.0 0.0 279979.903 129653.04440000001 267349.902 140252.1943 944796.013 219597.22280000002 418119.10400000005 720547.807 747664.937 314306.15900000004 4009202.62 1693693.083 2450240.602 1620321.2210000001 1414218.2780000002 1019188.275 1203977.6130000001 1301566.118 2589545.6100000003 -9999.0 -9999.0 -9999.0 -9999.0 -9999.0 -9999.0 -9999.0 -9999.0 -9999.0 -9999.0 -9999.0 -9999.0 -9999.0 -9999.0 -9999.0 -9999.0 -9999.0 -9999.0 -9999.0 -9999.0 -9999.0 -9999.0 -9999.0
143969.7921 10204.45009 0.0 34700.7428 0.0 0.0 0.0 65286.1455 48479.544299999994 0.0 259986.712 1571881.778 675182.353 21422.272729999997 93591.8136 274235.602 0.0 83726.0523 1325104.236 50413.4235 80784.35359999999 11433.49365 170735.2568 1016779.996 0.0 714958.566 2815793.8000000003 286515.565 0.0 10955.42256 196031.595 518189.732 163416.80490000002 23190.01856 155724.51950000002 1746664.598 1216839.7550000001 485802.23600000003 391598.908 284035.993 167252.4885 272806.49100000004 1936135.0210000002 -9999.0 -9999.0 -9999.0 -9999.0 -9999.0 -9999.0 -9999.0 -9999.0 -9999.0 -9999.0 -9999.0 -9999.0 -9999.0 -9999.0 -9999.0 -9999.0 -9999.0 -9999.0 -9999.0 -9999.0 -9999.0 -9999.0 -9999.0
0.0 0.0 17237.541510000003 20034.2785 19197.88213 0.0 0.0 0.0 0.0 0.0 200050.1622 204545.76969999998 148876.3253 112510.4642 141920.3622 0.0 34626.9294 1656120.365 966920.696 696338.292 23735.3898 0.0 0.0 465600.794 132955.1402 245972.52200000003 1827561.9100000001 1179837.5 70250.96860000001 9281.63493 478730.864 344066.125 0.0 79638.3935 2636330.95 3133010.6500000004 1179954.8460000001 602002.837 181699.3117 65264.528900000005 427774.639 329015.22500000003 1460916.884 1002956.2620000001 -9999.0 -9999.0 -9999.0 -9999.0 -9999.0 -9999.0 -9999.0 -9999.0 -9999.0 -9999.0 -9999.0 -9999.0 -9999.0 -9999.0 -9999.0 -9999.0 -9999.0 -9999.0 -9999.0 -9999.0 -9999.0 -9999.0
0.0 25205.12999 73330.7909 129824.21650000001 478781.884 0.0 0.0 0.0 0.0 223405.34530000002 72066.3014 0.0 21801.699640000003 551826.664 367110.954 67413.5544 418187.199 2163387.938 387678.506 0.0 114453.7954 366581.642 101162.393 488847.988 45121.7213 55775.5742 2031473.5440000002 2534898.088 1801868.2380000001 1426656.9540000001 1432753.844 654081.5020000001 416784.93100000004 2427432.111 616038.439 2001851.3320000002 249035.76280000003 794628.8470000001 30405.369000000002 13741.67578 45745.2973 6790047.720000001 1542076.949 -9999.0 -9999.0 -9999.0 -9999.0 -9999.0 -9999.0 -9999.0 -9999.0 -9999.0 -9999.0 -9999.0 -9999.0 -9999.0 -9999.0 -9999.0 -9999.0 -9999.0 -9999.0 -9999.0 -9999.0 -9999.0 -9999.0 -9999.0
0.0 52044.9918 77955.4988 0.0 0.0 0.0 81068.229 0.0 0.0 0.0 67407.1743 19943.460069999997 130619.07840000001 673722.019 2160791.001 963860.611 338641.52999999997 0.0 0.0 0.0 200441.2387 195044.14669999998 876556.763 79979.46220000001 0.0 619926.1630000001 644221.887 2106383.659 2851941.47 2086429.7370000002 2158663.853 2246943.759 2688881.5500000003 4372005.84 1310267.5790000001 647979.51 415402.28900000005 38138.2153 62946.1801 496225.62200000003 5696842.180000001 4204022.49 708402.496 -9999.0 -9999.0 -9999.0 -9999.0 -9999.0 -9999.0 -9999.0 -9999.0 -9999.0 -9999.0 -9999.0 -9999.0 -9999.0 -9999.0 -9999.0 -9999.0 -9999.0 -9999.0 -9999.0 -9999.0 -9999.0 -9999.0 -9999.0
0.0 0.0 0.0 40009.6289 0.0 222108.68230000001 117904.66900000001 95508.41960000001 0.0 68166.4062 48707.101200000005 136889.7715 85573.4457 0.0 98664.22940000001 1566288.557 149213.7617 0.0 321398.719 108192.55429999999 911144.444 987221.694 208893.73700000002 168452.4789 256732.64 248051.3319 216881.1731 411397.21900000004 1074478.649 990428.3010000001 4244455.84 2363333.134 1229793.733 1866806.4940000002 595143.1980000001 48181.5023 58471.471000000005 0.0 37975.7166 272888.123 622237.3690000001 457238.689 243237.5949 354606.857 -9999.0 -9999.0 -9999.0 -9999.0 -9999.0 -9999.0 -9999.0 -9999.0 -9999.0 -9999.0 -9999.0 -9999.0 -9999.0 -9999.0 -9999.0 -9999.0 -9999.0 -9999.0 -9999.0 -9999.0 -9999.0 -9999.0
35167.320700000004 0.0 0.0 0.0 168511.66210000002 68072.66970000001 92355.89380000002 0.0 0.0 247134.355 60761.7094 187183.3909 41328.3974 0.0 0.0 166558.89059999998 131792.3079 274956.317 99587.6898 110423.4626 1236527.181 1251329.2750000001 475141.607 359838.95800000004 3655.88912 797289.54 90361.52200000001 332693.767 1245247.691 2226221.986 3805046.0900000003 3891269.89 634270.436 934793.542 711933.0800000001 0.0 0.0 0.0 49061.34220000001 729805.386 645790.7520000001 183548.7867 638635.197 1408708.118 -9999.0 -9999.0 -9999.0 -9999.0 -9999.0 -9999.0 -9999.0 -9999.0 -9999.0 -9999.0 -9999.0 -9999.0 -9999.0 -9999.0 -9999.0 -9999.0 -9999.0 -9999.0 -9999.0 -9999.0 -9999.0 -9999.0
0.0 27442.1274 0.0 40667.0216 13740.782930000001 59717.6345 0.0 0.0 248189.34100000001 37172.5893 176389.20690000002 0.0 152424.1335 75051.47929999999 146777.98129999998 147448.36440000002 804197.427 777677.478 328303.40499999997 0.0 968622.056 1613818.722 344354.38800000004 270704.467 89296.98969999999 1597244.875 604329.349 1280056.0860000001 1983808.1090000002 470422.25700000004 2888599.3400000003 2876609.64 1487796.7710000002 872850.16 846049.354 1098077.95 1315168.05 0.0 0.0 335793.232 1188260.902 2798753.12 2025874.0990000002 1517931.7340000002 1374478.8 -9999.0 -9999.0 -9999.0 -9999.0 -9999.0 -9999.0 -9999.0 -9999.0 -9999.0 -9999.0 -9999.0 -9999.0 -9999.0 -9999.0 -9999.0 -9999.0 -9999.0 -9999.0 -9999.0 -9999.0 -9999.0
0.0 0.0 30796.182200000003 93704.09730000001 220017.1174 28759.7189 40959.6213 0.0 337632.503 78457.03490000001 219076.5656 38972.4864 174966.6809 42130.872200000005 1382565.307 1663842.649 452599.56799999997 2196252.542 860332.855 332696.222 92789.1025 1416419.7910000002 339438.61100000003 193401.2589 299739.949 0.0 276273.3 256696.926 329997.36000000004 0.0 2011343.6030000001 1953155.293 1192931.783 1338290.314 1348407.58 3312779.62 1382971.0790000001 341275.331 1611303.436 1183289.003 2058350.8800000001 3976116.1500000004 4369225.25 2401751.194 1375394.6090000002 384448.455 -9999.0 -9999.0 -9999.0 -9999.0 -9999.0 -9999.0 -9999.0 -9999.0 -9999.0 -9999.0 -9999.0 -9999.0 -9999.0 -9999.0 -9999.0 -9999.0 -9999.0 -9999.0 -9999.0 -9999.0
0.0 0.0 25003.269360000002 11165.67598 10588.05305 11384.70484 12871.68274 113228.9411 74234.8653 36593.0746 221821.9499 0.0 199162.9475 0.0 25272.993899999998 39031.0888 0.0 848274.466 1103920.347 573939.618 26516.1682 1034920.292 448195.39400000003 725029.914 0.0 649818.7810000001 267038.68 678020.086 2041483.668 0.0 5349982.71 3515890.24 1180092.6 832125.996 1265097.022 326803.50800000003 692581.194 978831.4550000001 1953369.577 875730.2390000001 2133314.566 1054693.093 781667.216 447542.33800000005 440226.07 0.0 -9999.0 -9999.0 -9999.0 -9999.0 442316.97599999997 -9999.0 -9999.0 -9999.0 -9999.0 -9999.0 -9999.0 -9999.0 -9999.0 -9999.0 -9999.0 -9999.0 -9999.0 -9999.0 -9999.0 -9999.0
