critload/trunk/output/2010/nup_crit_sw_ara.asc
ncols 720
nrows 360
xllcorner -180
yllcorner -90
cellsize 0.5
NODATA_value -9999
[rows 140 to 167 of 360, columns 372 to 433 of 720]
-9999 -9999 -9999 -9999 -9999 -9999 -9999 -9999 -9999 -9999 -9999 -9999 -9999 -9999 -9999 -9999 -9999 -9999 -9999 -9999 -9999 -9999 -9999 -9999 -9999 -9999 -9999 -9999 -9999 -9999 -9999 -9999 -9999 -9999 -9999 -9999 -9999 -9999 -9999 -9999 -9999 -9999 -9999 -9999 -9999 -9999 -9999 -9999 32449.917974597545 2057.7589595456216 -9999 -9999 -9999 -9999 2139.8007242305957 -9999 -9999 -9999 -9999 -9999 -9999 -9999
-9999 -9999 -9999 -9999 -9999 -9999 -9999 -9999 -9999 -9999 -9999 -9999 -9999 -9999 -9999 -9999 -9999 -9999 -9999 -9999 -9999 -9999 -9999 -9999 -9999 -9999 -9999 -9999 -9999 -9999 -9999 -9999 -9999 -9999 -9999 -9999 -9999 -9999 -9999 -9999 -9999 -9999 -9999 -9999 -9999 -9999 -9999 -9999 29534.075136765066 24583.851648219323 -9999 -9999 -9999 -9999 3422.6307903974484 321.8247262008077 -9999 -9999 -9999 -9999 -9999 -9999
-9999 -9999 332.09917661640424 -9999 -9999 -9999 -9999 -9999 -9999 -9999 -9999 -9999 -9999 -9999 -9999 -9999 -9999 -9999 -9999 -9999 -9999 -9999 -9999 -9999 -9999 -9999 -9999 -9999 -9999 -9999 -9999 -9999 -9999 -9999 -9999 -9999 -9999 -9999 -9999 -9999 -9999 -9999 -9999 -9999 -9999 -9999 -9999 -9999 -9999 7396.44340068543 -9999 3961.1590832227625 987.0325478749999 -9999 -9999 925.6412631272435 -9999 -9999 -9999 -9999 -9999 -9999
-9999 -9999 -9999 13270996.89581977 -9999 -9999 -9999 -9999 -9999 -9999 -9999 -9999 -9999 -9999 -9999 -9999 -9999 -9999 -9999 -9999 -9999 -9999 -9999 -9999 -9999 -9999 -9999 -9999 -9999 -9999 -9999 -9999 -9999 -9999 -9999 -9999 -9999 -9999 -9999 -9999 -9999 -9999 -9999 -9999 -9999 -9999 -9999 -9999 -9999 23161.626464472978 6996.804437244468 15098.860804196835 -9999 -9999 -9999 13385.637125585985 -9999 -9999 -9999 -9999 -9999 -9999
-9999 -9999 -9999 15521235.714145117 -9999 -9999 -9999 -9999 -9999 -9999 -9999 -9999 -9999 -9999 -9999 -9999 -9999 -9999 -9999 -9999 -9999 -9999 -9999 -9999 -9999 -9999 -9999 -9999 -9999 -9999 -9999 -9999 -9999 -9999 -9999 -9999 -9999 -9999 -9999 -9999 -9999 -9999 -9999 -9999 -9999 -9999 -9999 -9999 -9999 -9999 3231884.31291617 -9999 -9999 -9999 -9999 49565.7636756777 5535.730608119857 -9999 -9999 -9999 -9999 -9999
-9999 46202984.06286364 -9999 24767390.84283507 11904685.55538481 -9999 -9999 -9999 -9999 -9999 -9999 -9999 -9999 -9999 -9999 -9999 -9999 -9999 -9999 -9999 -9999 -9999 -9999 -9999 -9999 -9999 -9999 -9999 -9999 -9999 -9999 -9999 -9999 -9999 -9999 -9999 -9999 -9999 -9999 -9999 -9999 -9999 -9999 -9999 -9999 -9999 -9999 -9999 -9999 -9999 -9999 -9999 -9999 -9999 -9999 58098.50323593779 1077.39294496861 10047.965540136485 -9999 -9999 -9999 -9999
288.7775930746074 841.927241445416 -9999 1795.4804340069143 -9999 -9999 -9999 -9999 -9999 -9999 -9999 -9999 -9999 -9999 -9999 -9999 -9999 -9999 -9999 -9999 -9999 -9999 -9999 -9999 -9999 -9999 -9999 -9999 -9999 -9999 -9999 -9999 -9999 -9999 -9999 -9999 -9999 -9999 -9999 -9999 -9999 -9999 -9999 -9999 -9999 -9999 -9999 -9999 -9999 -9999 -9999 -9999 -9999 15993.988961602014 41394.39683840843 47710.17754452321 -9999 -9999 -9999 -9999 -9999 -9999
-9999 -9999 215.68680247825074 -9999 -9999 -9999 -9999 -9999 -9999 -9999 -9999 -9999 -9999 -9999 -9999 -9999 -9999 -9999 -9999 -9999 -9999 -9999 -9999 -9999 -9999 -9999 -9999 -9999 -9999 -9999 -9999 -9999 -9999 -9999 -9999 -9999 -9999 -9999 -9999 -9999 -9999 -9999 -9999 -9999 -9999 -9999 -9999 -9999 -9999 -9999 -9999 -9999 -9999 39009.744613943345 -9999 -9999 -9999 -9999 -9999 -9999 506121.4253519362 -9999
-9999 -9999 1889.9987285493992 -9999 -9999 -9999 -9999 -9999 -9999 -9999 -9999 -9999 -9999 -9999 -9999 -9999 -9999 -9999 -9999 -9999 -9999 -9999 -9999 -9999 -9999 -9999 -9999 -9999 -9999 -9999 -9999 -9999 -9999 -9999 -9999 -9999 -9999 -9999 -9999 -9999 -9999 -9999 -9999 -9999 -9999 -9999 -9999 -9999 -9999 -9999 -9999 -9999 19042.63566043978 163065.49838892426 -9999 -9999 -9999 -9999 443651.5136952189 209973.92776952533 310214.66419093666 4562620.84381284
-9999 -9999 77.71631683360927 -9999 -9999 -9999 -9999 -9999 -9999 -9999 -9999 -9999 -9999 -9999 -9999 -9999 -9999 -9999 -9999 -9999 -9999 -9999 -9999 -9999 -9999 -9999 -9999 -9999 -9999 77484285.89618266 -9999 -9999 -9999 -9999 -9999 -9999 -9999 -9999 -9999 -9999 -9999 -9999 -9999 -9999 -9999 -9999 -9999 -9999 -9999 -9999 -9999 -9999 69738.54340692842 440202.14475170325 333707.2366679503 -9999 352338.3860934087 48419117.921172746 283393.202149007 381783.4421562549 17650.856559423457 448378.7272820143
13862.072379167603 41615.99075626186 42314.71833566919 76160.52209151673 151480.533934579 1161069.145621455 -9999 -9999 -9999 -9999 -9999 -9999 -9999 -9999 -9999 -9999 -9999 -9999 -9999 -9999 -9999 -9999 -9999 -9999 -9999 -9999 -9999 -9999 187176.09434649252 153057.36307798748 -9999 -9999 154188.44999587798 70639543.05010246 18947654.308182787 117712282.75862329 80381659.28666122 -9999 -9999 -9999 -9999 -9999 41487649.675609626 -9999 -9999 -9999 -9999 -9999 -9999 -9999 -9999 -9999 210766.74397156405 653516.1487313887 764340.3256587462 32030071.87657523 123239.51037713453 147941.2585836411 220372.04425202557 -9999 80856041.02501445 15121.337262645206
14403277.580521835 41640.42069161984 16219.750209704196 6865134.631828644 130843.89318860517 13585586.270961342 107004.75622094145 53310.71670220914 -9999 -9999 -9999 -9999 -9999 -9999 -9999 -9999 -9999 -9999 701.4728192331498 -9999 -9999 -9999 -9999 -9999 -9999 -9999 -9999 319616.49100737926 32293967.3828323 75152.68334265336 246333.43198057936 99576.1977238719 167040.4380513455 259507.13060345504 100803.60258429822 196.98977228936772 34101838.0918859 37883476.2096974 50350577.48130559 -9999 -9999 -9999 8888300.04242688 66027418.906575106 -9999 18842672.561697267 -9999 35343821.79171424 -9999 -9999 -9999 132605.61492943467 513866.43933836336 894098.2644800046 698686.9209655575 474310.3161069444 388091.34058136825 2541320.034666788 272053.8572689947 162925.52152785187 98078.18533921534 914445.0700726007
124838.40379548229 76883.03214550028 12044561.128399357 1710384.0840927677 74151.81532727194 20878673.56439656 42047.429347610356 130405.550114354 56326.26268609411 69545.99822612877 107369.63010706403 -9999 41962.95430102438 9070518.555827795 3462.9718002706604 -9999.0 2059.9440443224635 64062.854811203586 49514.27686134014 618.3906971947484 56344247.29422291 -9999 -9999 158814.0300680438 288209.4306914703 131668.27339861498 -9999 433703.0909271119 591420.2423156275 637068.6090328966 390746.0569865256 489064.21608133963 158577.1924946458 150446.22946900604 360475.44491723675 149421.9967352918 23090.686057809464 30886797.159267735 20031145.2444738 54621.574168342435 62869.7391209896 -9999 -9999 -9999 63876.42859682667 3144344.849231236 -9999 70247.5009467196 93540.22032936059 -9999 -9999 13857019.12286495 376989.1278113877 435088.62334476964 113057053.7733281 4302222.853172549 227005.3873292383 1956810.7500882386 259499.54335010497 76810799.1463113 26376501.56927195 46431.88432528391
1711033.6950179504 151798.4948669306 171954.13821958654 1056955.6275518232 135523.3020636874 102965.75161260701 61915.11235548719 145911.92520831682 974472.6468095051 263112089.92375872 470007.8450243481 521846.0000081367 62312.416925957754 443479.18868589407 576877.7110075392 203448.49072246044 -9999.0 -9999.0 341940.1601710098 373623.10501304414 189423.86391240795 366445.65878142085 598897.9768082929 770638.653062376 165522.73976762255 163941.81008995912 191297.47424480077 117614628.25570156 655778.9320979288 127913.67411717301 493715.008536932 868173.1553788626 304725.10739544616 527650.3720383962 85114.25250072371 60309.18696649049 57473.319210561545 23126223.722128056 24388294.399917457 27221.765856259 1095.6170584510485 -9999 19294.38691264777 50848.23495637335 51971.47214938681 100200.81841201577 117597.98883933407 90924.1007989942 84722.06578146128 17296.493704311215 163789.3676426354 164337.4934147644 50198.918349391344 483354.19736301317 14710665.675016781 340954.1710293419 17434851.609851718 49488426.89234808 119346426.07446963 27633569.87850808 260274.34205544225 1879.0627432535123
2352344.7977444106 2153725.5960289827 2345050.0519095124 1564319.3121306065 1764102.4161119217 1028150.8751699368 1216556.0583128266 1080877.81207954 713162.0560843513 667817.4404777818 987452.4957061359 468189.9418867051 400349.99268070393 842242.120181726 1096676.9277746072 589542.7879610581 623992.6237903071 1486045.2131126246 1397808.0160307642 951916.4125103521 1525017.044598629 1451127.7104130855 302226541.68760765 1169583.7442523306 890969.4969399294 197242.0167437213 875499.7312676306 688973.0828207999 894695.1428642104 767116.1497609718 908088.0548622463 712153.2548140901 233071.4123723137 116132.57913554877 121831.10440328582 1384704.815958347 138188.47122074047 -9999 24430498.823282834 100976.43138604949 72001.20943859046 57089.82354924807 59253.82680134152 114128.09768681141 169264.13398008732 133538.386339083 166782.68673667658 169862.95320151965 46753670.43864747 3147602.9715485144 97329.39673269943 63295.406416347534 30056.813390678195 373188.8788752003 189345.8016758409 42607312.48650881 431014.535238037 60673129.72268269 39517208.386737905 26014219.31429589 301552.18454268604 -9999
2054211.3679334032 2593217.2195301447 2652320.6228505783 3007076.2100287583 2332712.1696398077 2704444.4802708253 2811765.3878758275 1159300.4283823606 1070590.0780259452 863533.0714809226 632194.2639909583 672395.0473675914 457518.1208679655 450468.9075003445 43594236.412646584 584569.8465779743 324012.6316240752 281725.934118023 141008.24080011089 146493.894485078 716071.8316704612 108053.148119853 3761096.037572868 245713.66475414985 526477.615013617 177845.53074157354 779390.1071386092 872331.8784010148 669528.7628098022 900832.4232280559 363723.89060258446 1018542.7913604161 250733.54684591907 216837.17437097503 161188.3233061311 218854.36350948983 179904.90247834343 9346.25030583176 224403.8519232514 151859.24914356048 174044.6483527118 162896.37091512678 122336.90421299044 331968.4545156421 133818.5408076926 208666.38977365877 389852.9250818862 233802.34847800643 84595.43958428377 225692.1539210314 665767.6992315381 321719.996499761 86350.86985675647 42141.820468631835 388068.1625664812 136396318.6118066 407397.8195968852 55604528.036615506 -9999 -9999 17258940.000444997 8351165.973519209
36841547.41409083 2541984.192736397 3042939.5111680287 3394916.9417198473 3149175.911765404 3246853.9591882094 3226029.4092994356 2998516.474274557 2742283.894442595 177747252.3984328 1864551.2462570216 1599370.7231625356 1313608.0146884394 1293743.077282172 664740.2669821786 706728.607322159 758763.3741717855 586243819.3493116 388684.41387181496 93616079.64206496 271725.98772046954 214081.22871320267 303568.71212887205 1047267.3713038397 1157702.5542271682 14147292.343049712 669796.344425026 20774102.29118993 422794.9166636632 18336964.589908175 538240.7603653423 625466.9888424533 276767.40773034573 13997708.00849101 494066.0320621133 313280.7062232662 248209.9625446288 236001.88189135882 99737.26970146547 273536.37836264196 108815.97165808598 184730.241854533 168490.73921634225 336957.8461435938 285397.7620857653 264584.6534323461 364580.8687698835 4355855.494761964 303314.42273335205 194041.99761069563 216504.9287732052 313195.26364573993 27583252.68303564 32556.010495137507 531562.5834134255 2255674.658906036 13147156.457502548 32955836.49665655 83883.89928825061 -9999 31206242.382356916 14463620.672335356
172992747.97737294 40128943.523921065 22536664.75891441 3549056.1646810398 3315624.8064703117 24336073.944724087 10271455.532561135 3325041.7338135904 2776861.180820252 2643409.4959549974 2703902.8323964295 2530701.167547447 1925135.3684116087 1685693.24921153 1332310.4095944895 1550629.7121100363 610333.4597881173 269719.7261858005 102630.35897062624 1078601.1570565915 250869.2379094294 253521.5374227344 785640.2700570709 867468.5595744047 16247479.165868865 41223132.62343066 11001040.251465892 441596.65796597523 1139972.7734244512 671346.3297126119 1067842492.7707756 228345268.5036598 593517.1355638014 1191876.3423096852 205122.4749776705 472596.27121696627 526313.2292529335 474056.6974523277 309012.57044348546 472711.5708230404 152826.43215685812 277572.67896954867 311519.389244617 80820.25289286055 397575.56469453586 283029.4990029447 163425.74760098054 242002.05329553303 121863.57610036651 262270.85036406654 237483.3739228649 754153.0865231937 8705232.976581872 318283.1717372239 4800805.01686339 7007725.367673519 10568513.400221271 4608345.10135384 10089474.007426765 31217436.66930539 25871580.56804871 7482027.607927741
114455347.1555038 91452944.76891565 95336210.29489721 103282876.43177478 128530456.01779899 25878887.538034055 41141800.916866854 3820832.781065233 2458825.0748174363 20199511.742075205 2439137.89905142 2362901.459934968 2184784.369229505 22697729.67532637 42439578.90630797 631497.1678008605 1115015.9423915395 909540.8509077576 335594139.85133225 1667504.875790982 1248885.6001675203 241503.09021513344 112902991.44401397 103887733.56887361 133175713.04958576 21157992.283031397 96377761.42577945 174723.57038795727 1679495859.3637617 3887168632.0139375 2295078512.531781 407617433.57812005 376627.6357625051 516860.4484126007 263572.16691242845 299570.3638326812 396210.7235417831 500568.0556500441 251754.06035211735 372529.93044784875 486406.81692525104 109707.1668537278 252624.10615678417 353037.5145170014 307543.213508931 211848.82533607623 499456.3063499436 366767.8553587654 81896.84769681805 290439.19380132155 380280.3767957104 27588173.06912231 225215.73884419756 532212.9673938333 2678924.314753704 351891.0143685126 16784782.79668679 9954639.269546252 49603.44405338829 31410017.736107115 5037538.913414653 12040525.61745695
71862969.3698946 51554949.31924044 56764932.28324134 128449085.40393047 96856864.68799989 42522262.99205057 32099075.789251707 30437488.413956657 12030749.175729582 25821635.795467183 3184705.1579601797 5200304.908698328 11019990.083592752 27679283.853863016 17163048.474824253 746929.9505425666 8451576.53666651 1018381.1456745899 1154106.4387268005 32259886.692773823 3527828941.750889 507633678.2164986 803062036.2572569 359673.28006842075 2703174.268157248 202426.3736335626 651777369.9329987 2973472398.6534925 1559158253.1282616 2270586331.5183873 6023413.053575336 61882.282405478916 453789.8588655514 46322472.13602622 104952.89443943505 234596.64242620007 452561.7722037448 245679.53405578993 93821.24366167384 509233.5111288682 464007.3669095734 525230.4337119068 432100.55369835824 376370.18462635664 179417.2113843262 356207.808644943 348284.7391184489 309755.98187130556 123832.58156247687 227189.1791364019 12282918.559800232 196379408.7050032 241068.84550814546 361941.3386327028 397161.5851275039 53365804.62386843 55013.82845993703 12766039.544363726 45853787.800608605 1556936.4187083489 2277151.3861130113 3451211.787716933
109936402.58421525 61171488.32313659 85769527.40997964 81736489.85673717 83335186.64120387 25830059.14027357 25763397.252858523 15850919.899018053 7730916.946553346 36659248.056896694 25626848.267849546 15999285.294574112 17182664.358187903 35019941.07013175 11976114.790175408 2971163.89451481 3307724.3520456864 249762454.33934176 26949195.553706292 803693277.7621003 1891439167.1646433 2381389172.8033013 347237518.15347 552664.1491409177 610811303.1254256 222901.74329377475 283218.5063290894 1861699376.6357489 1695614595.138966 345274.52226877434 11826.209792417905 19712.956210669672 38445502.45448568 5638623.070818075 21818607.83231691 152650.06008224678 98763682.95214568 -9999 -9999 8634491.937864812 806901.8274929583 323776.3189205679 21908.625053093278 253673.67227505945 180697.93147327652 231531.16327721655 311912.89981335506 310201.1132649729 329189.4906291767 679278585.8450722 23255535.470074248 387785.98537508724 214686.16958211342 282207.69556559966 150196363.39953142 152400951.56999817 402851.63384370017 68061470.45502381 6483132.600253312 1490263.1992611 3750277.2982294434 7350180.318708787
86654603.34177944 75641243.31390283 68452100.63423485 52556666.8096519 43636542.72665897 45395416.914250456 28125996.218403302 19277155.479895085 62727299.12280802 42422758.57610618 2830770.125953553 23995299.281042263 30747994.360247474 70761931.77390018 14531140.125817817 33806370.593734615 56379718.976964965 147645879.10177663 338079433.23672915 44921687.69705552 338697626.09792733 258277863.0139121 311910008.977511 423981901.7725809 710356.1245579949 669681.9243423117 380795.9570180711 61619.39082997967 16363091.866693174 -9999 -9999 263965609.38545895 75451765.38776037 48940963.04811267 46575071.5085595 -9999 67409382.27653565 -9999 -9999 153580317.77021152 173615656.5519618 310017.70313192456 421195.05029535305 492776.94987034384 140459412.74105683 268620316.008603 255340.60828940885 216293.8806897347 203004228.02636337 1477359.4969470992 190957.62857186937 42531.10633533488 102614.8712593648 65735.58377846377 32570769.019888677 507774595.37978065 3045172.8377999235 17332690.59509653 9544763.500663508 10274609.4360998 1968417.4421333913 6428367.118915151
81256207.00598595 67997133.51919802 48545894.765236564 49206759.20722373 63213317.44325981 62680942.79712768 49691358.404804535 119656951.6113146 39182860.94199487 19884689.143664546 40718470.927362666 47142373.690101944 45454967.822958544 81188384.04200962 74494262.51445761 269528902.41938454 154433104.5585138 194596422.31486034 136909157.85378918 163557576.64880678 149328104.68711188 125489958.94330932 147209840.33318 346610.95946018776 334798.62559684826 223011.07537063534 123629654.18899992 121860364.57279573 73028390.58162214 46567946.5682598 -9999 24999874.80671643 -9999 -9999 -9999 -9999 0.0 -9999 -9999 16993238.90708433 0.0 76444.30266447557 265785.20528184 300935.12345553207 270527.0243771623 51433453.674582064 230986.33691890707 147652.66769671344 1482.579710540779 -9999 1392861576.9186316 757956377.1482097 203042.08642754488 27302.253113283103 985378202.610736 735541476.6031228 107329435.78471565 14347258.567707313 10638866.620272635 8705465.91811578 3413210.890021618 3371796.830418713
185219161.70670295 44157098.61549164 56488984.98735882 72199685.84339431 81720652.61979721 92370358.94384585 51143680.47875682 117125682.37098263 76336199.11509548 47614044.935062036 19883555.746250153 83922953.94244117 112692034.51314698 310266268.6226535 163770452.0859883 312390584.5679192 112548049.30422549 121065310.70055148 228229235.03857774 165002968.86044464 279658812.263889 600093776.3293654 456692305.20767206 84636644.97487876 78909663.36433573 32109713.129148915 73332388.62450576 -9999 -9999 -9999 -9999 -9999 -9999 -9999 -9999 -9999 -9999 0.0 -9999 144045516.07544416 -9999 97150.8509487724 17296565.09255441 243674.71548822866 206033.42204679528 405534.51839924394 423514963.7574955 121853.43901454948 217266132.4990008 102224475.67748728 138459831.39986297 1251416273.7221582 387368.28043866326 119768.04523016677 293984.5044301268 1378525.1449200027 -9999 1391803.1676066106 25614735.546435304 27811246.22824814 27577590.764144003 8550184.615868352
26106920.804713704 33456918.356133692 216949178.34773287 46457904.601209775 332419010.3164759 65561129.237522446 49566004.540021166 95715807.48604704 50603916.943475075 14984183.84666743 131001178.74928646 159288064.89240107 177899804.294555 151635350.7155512 185462361.2008893 153968986.3484766 223857424.51276162 161225849.30603704 90353030.64322342 105645807.753805 4769741.640877466 6285829.466976453 89427149.03320226 135615928.7781366 -9999 99965252.03258063 -9999 -9999 -9999 -9999 -9999 -9999 -9999 -9999 -9999 -9999 -9999 -9999 -9999 91864469.65406969 98516331.1413971 216101001.54596734 166643640.6862479 41814442.96520739 89650158.6077581 250169296.52458826 23613367.75066973 401916944.1396651 282030800.43625563 40995319.26936623 119386965.74375042 55373843.55956966 51674.53270647068 6353.25328892349 -9999 -9999 219688731.84940913 81204139.47511931 56459561.28836064 2978591.294753834 35443875.08976433 20914784.65956036
59769770.98565188 93314606.21857125 276898589.6179355 50246522.79955394 439527331.88243645 97560604.37812427 82929697.4988035 69991787.84257874 203213990.84987018 177584600.13376257 139417001.78829005 124112978.74283025 121533288.50608703 224784551.9938011 277105101.946622 321533148.74917537 119538122.4891003 158444872.53519616 -9999 27102805.320652194 35578320.413873225 63377506.23282973 40435806.179544255 46081433.281663544 43994762.65532092 -9999 43671625.68347395 -9999 -9999 -9999 -9999 -9999 -9999 -9999 -9999 -9999 -9999 -9999 -9999 0.0 72248656.61049926 -9999 -9999 124165189.64330022 89778375.92497005 122256920.41354536 175819.01650397884 26618.361300050838 2381726771.01581 130572981.9162954 102380856.95929301 111356915.98023796 36133196.747826375 44105.83605622491 88786.11072158265 123662.47887862213 13115.33746218292 0.0 46569775.64653364 30034202.978329033 25324456.783042666 28129795.048530456
81364433.60198532 135742164.32416856 65769481.16941446 393270852.7443686 94641333.38637328 69660839.7265501 51517744.300973535 131510665.14918353 190355147.04791322 179109946.423526 136440682.79999277 187165565.22610146 319127238.5462321 265128900.81879753 304075200.3755078 317142624.9837387 257701026.4826245 212334662.52175957 41895467.17259263 39560663.56944553 54860624.49957039 60053098.191905014 53605366.182368204 38361299.52888421 65074757.41018843 -9999 70172172.29871412 71271186.71343139 -9999 -9999 -9999 56067513.74558748 -9999 -9999 -9999 -9999 -9999 -9999 -9999 -9999 -9999 -9999 0.0 110798582.31224808 -9999 -9999 6978178.21032367 237231.22260516195 762378244.0937734 20583150.701564565 709461277.1621592 66362659.9219877 476258025.83192974 913178401.744808 0.0 0.0 130794963.84562223 -9999 31318778.026690487 13439739.639898682 -9999 16529.440990312774
104816261.8846904 55533179.4266383 74501871.8154826 89981824.21640258 144466729.7893654 53943628.41108247 178393441.75246853 145011124.45341945 161375068.11118156 142250816.7070034 252297120.37872058 260902911.240033 -9999 383399476.51650715 328648082.6136728 406561016.15379816 357029928.797964 51340159.23176014 49352643.524323426 52132602.47490624 68489217.91538978 -9999 68816854.993206 -9999 -9999 -9999 69746563.39711016 -9999 -9999 -9999 60595663.323740415 -9999 -9999 -9999 -9999 -9999 -9999 -9999 -9999 -9999 -9999 -9999 -9999 79773698.76563561 -9999 -9999 130322078.48109606 56791933.98301957 169677.60757942864 23827647.183850773 992401812.7659091 988706245.0352579 751160061.4044119 247216285.44935915 1800.1289747990095 -9999 -9999 0.0 0.0 16414172.19995816 22683165.241541218 10972444.163985502
