critload/trunk/output/2010/nup_crit_sw_agri.asc
ncols 720
nrows 360
xllcorner -180
yllcorner -90
cellsize 0.5
NODATA_value -9999
[rows 112 to 139 of 360, columns 124 to 185 of 720]
-136298820.75344148 -27240163.834125347 -3918034.682907169 -9305129.270309726 -1317183.1183482832 -4978709.771080168 -2808649.5845829058 -2077387.806215696 -1125411.037113397 -1133976.991803785 -1555035.1447968858 -46953687.60330266 -4178497.0963663715 2463386.520060621 1158048.4502243998 -2556025.2680610586 13650687.400435658 21479343.55334551 -4616401.868372902 -3965938.0152466055 34058.84400363939 -2380474.744244249 -29305273.82178286 -3043421.044255013 29965920.561943695 -6268197.269307277 -11854210.07761274 -6957489.772846584 100009044.50529222 -3329563.204370006 51001675.4797783 44650269.421641335 10419966.044448966 -261388.1169775874 -2310890.6911733747 -5391946.812460751 -1592298.7766890265 -4394822.658226008 34864588.20427442 56749367.31363575 71815160.81643452 19150367.80863645 16173434.331675217 12935791.036043186 10118185.147228966 -3568518.5240433123 -7743351.962886436 62773317.113578714 -22160184.01264407 -3114214.8201417946 -9999 -4921518.685883119 -9412047.776227219 -50506839.99731455 31524012.081226215 -10647440.451383527 -8519964.547001364 -1027712.9289705937 11118675.024505185 -4688263.208618899 -1566720.695149168 -5356277.583110229
-1661721.6040758425 -28621050.516878963 -5223634.90180354 3441853.227714132 -21878375.14217368 -1851829.1358487606 -3531180.676549593 -9999 -1431041.995764544 -3723657.977023748 -8768.514886165742 -23612372.764283605 -89718940.64704584 3637604.8036203356 887280.7193042344 -490567.3610600583 3110252.510561467 8116106.562931362 18701046.32462789 20152953.61541249 14138235.980671097 -4947299.899331267 -3854848.3965175985 578328.0383894666 -3818962.7784198653 -3393527.153565297 34852076.52675603 34930123.86989885 -2305597.993692619 96290177.74951683 43530530.357402384 60488712.72563539 18519103.464010186 61477156.250095956 41793131.33738319 24119272.49128312 -23460310.60866816 12490864.594860524 18066082.868590135 -9999 76664669.18464766 22883105.875712547 53398859.8248353 75074778.38375825 -7829421.443553824 -10949273.70927537 -36529949.20199026 13105659.929138534 -9323690.028575111 2763956.271646736 -16143100.615932949 -9999 54005087.200407155 105596677.8218402 55520625.07648399 -33442608.586059555 8951191.215579422 -1715628.4385272132 9535506.308495725 -6315666.120908639 2817734.21514711 -3592254.1273870845
-9999.0 -371604864.4215906 -75587750.01399006 -2948563.8613513014 -21691520.0231575 -456838819.0790949 -24725090.607031588 -1708684.7341131202 -1602305.0209821614 -1191106.6071085478 752466.5479690647 -1024174.4071271719 -7666430.676348054 5834735.626031731 97660.2717278376 -1444989.7436861717 -217132.91201905833 5436852.969158029 -1343298.0536088175 17051151.119487118 11349470.476779256 6343678.563781084 -3468428.7380987084 33137036.451219305 15464188.130086817 -3919508.4558873656 -9275173.861794794 31333430.998311896 -3285312.0876279254 60875442.85153126 16570875.50264382 -4354964.976647055 22158128.07694449 -4130544.9423399316 32067398.675121147 1423789.3845398957 27315357.661137953 22593385.236921877 42450711.95096164 34981207.96295865 70546046.30574338 -42682191.18873126 -25134397.243864793 9015710.801107168 -25747018.970900454 -7079012.182756596 -15026421.397200791 53224368.607920595 45651872.31744612 -6199000.519236445 -12338204.512940757 17086397.59669657 57608945.79665446 -135452590.41163173 34279002.21864148 -10073412.637218272 -2551840.237626697 18270352.278107516 -1343645.6568552149 21430407.169755667 -2175384.582016753 -1161802.072149917
-9999.0 -45182180.2131054 -47150636.262057856 -813617.8693657238 7159385.814368822 -15172437.514614211 -174495817.3560565 -9999 -9999 -9999 -9999 -1558033.6377708104 -1373494.9629474054 -512841.7753325929 -9852947.93835407 -642212.3977712629 -2427079.395121793 -1297877.1148637393 -4144868.0203938987 -4230289.413645794 5378358.576174301 -2590149.7759009684 852875.2764640957 -8217165.496577488 -9999 -3177089.4963900493 -9999 23108489.004427295 -5869030.354077878 89607695.62442252 148902652.71739408 88481589.66698743 82590422.8104763 30943730.1810484 39417319.22737215 33567758.526826136 19870679.442055486 19415775.625876166 -4521451.841989442 4405447.061900306 27956690.22888089 -4298033.412349481 62770770.59652542 17724536.73282634 -20509695.90889429 -22190710.068469323 -15636055.053400736 -3739644.947728667 6814171.13067346 81963253.28303704 98367320.84856237 49443099.487136826 80170118.68692489 -23131336.40870714 2132634.5110293995 -51827023.04329882 -5542895.376904394 -2711311.743987991 -7044872.490268549 77892060.73396887 -2361539.931705558 4236561.925752645
-9999.0 -9999.0 -30877420.15755939 -1237760.8852722873 6093538.244788357 -9999 -11126182.345937688 -9999 -9999 -9999 -4181947.0523245917 -1596794.3054656268 -186986.65388045122 -226548.94006493816 -1401679.5715329372 9620363.665519902 -1447274.6230771102 -1235563.1964195843 -3470156.8123169364 -3279330.065402805 3204405.6723560113 -983333.3751655592 -53806163.43252772 -211688078.472254 -3419951.2404918214 -5051761.936999411 6361988.404591073 -9999 -6890709.759384429 99140138.18451221 129085113.06400558 -41983727.944054864 -3264416.330286621 -3164412.03242329 17507220.396691125 454939.6537103408 8760406.629213806 22368924.63022762 -9300414.940564217 25696171.147686433 33647472.28357821 38445425.1150813 60212227.31491512 15590434.306452373 -8130794.874520423 -3805209.8354506684 -6844529.351652667 -3414298.7889806656 2270958.737270032 28516344.18049414 64349215.72728013 88879839.91606995 154525310.95214334 -17998166.527017362 -917409.1984151832 -5497028.375314519 -3288851.071882695 -3934696.2980164103 -3637558.338488249 17805843.7999371 -6690171.798622627 1159765.5100198241
-9999.0 -9999.0 5276963.68485254 1179044.6948360796 -985439.8129764072 -9999 -9999 -9999.0 -9999 -9999 -9999 -3411987.009150349 -7542974.685710633 -8378373.210220129 -11446377.224367619 -1084896.736179202 -19733897.518416326 -3233452.018063671 -3462318.55529019 3026102.1225312343 -6272276.545169891 -9939949.350125039 -29877840.75546602 -3191663.3702176316 -4024998.0915514003 15829000.32178964 8134120.881453462 -5018526.985609679 33857067.105240285 45852119.9642686 65253394.66160092 15038015.81881164 8147929.243452068 34784916.52566144 -9258068.495810146 14982.12755707544 25237590.914817028 29801320.308343064 -7763108.327595439 40883541.81259646 25940648.34498614 50529613.55048248 9404318.33458725 25169091.80956393 -4294394.080364135 -3667728.6185239297 -36895813.713368796 -9999 -9999 -9999 30507915.91793396 42146790.09055766 168090300.45975587 35431155.697895005 26283454.384630624 -4825315.06308437 -2978338.673800097 -12686913.264748938 -557594.8378120088 22362930.576581586 -20329918.643690504 -7133434.445785977
-9999.0 -9999.0 -9999.0 -356606.64006776724 -3043593.3194157206 -9999 -9999 -9999.0 -9999.0 -1606630.0424407215 -5329984.405454563 -6267942.356398801 4995377.6792230625 18378480.29606082 16772618.53668709 12614530.684340669 4091455.6228294424 -3350261.8467352293 -2808792.1375629106 -7572064.049913373 -3660988.5990708414 -10970857.772079393 9767936.31418627 -3348828.2368260124 -4728160.459729866 -15784033.456916256 -4430563.830208241 6662951.306503787 -1602568.9808762257 20794539.33001427 9584871.078671679 -3153974.496634376 -2873999.5955629977 28883964.75698965 1612105.7249831203 -7491689.049643726 52617746.984919734 17398813.966032475 23128952.44327356 48489746.37072905 11113176.856440168 65221066.52845955 16257139.014119273 26705729.310254302 1751524.4601256528 45884029.18461793 -2273607.1362052993 1185732.341277807 -14507509.689873384 -3175444.6190115195 -8186691.896151588 101761416.33657047 15873991.878672728 70664732.46000914 -16751428.078123443 47227529.74648154 -8927463.849783795 -3932502.328990566 -2935267.72578713 -67295791.1159371 14226014.980581274 127216917.05955082
-9999.0 -9999.0 -9999.0 -9999.0 -839381.7896170209 -1422193.9153207843 -9999 -9999.0 -9999.0 -9999.0 -9999 -3536810.1637498382 10719698.661431158 18995149.012146045 -2960731.3874351387 -6230662.04100773 -6179718.041325628 5496604.76011654 364135.79472246155 -4313678.054937738 1414525.3514943842 -6685055.945971576 -4697948.527139153 -3623829.726015101 -9999 -9999 -7977409.749231899 32108276.347552404 24281725.59360716 26489900.247269325 -3513166.617166846 37609710.21548358 -12292923.841814855 -4511472.909809173 8113435.760397196 40355448.558222644 31260866.781610653 19113746.35303052 9140504.150986515 37904708.929960825 2687623.327240803 20685091.63087239 32719143.81562949 18996225.27361553 38110615.39101091 88611364.04569492 110105585.46411212 -101448150.80383821 -167540650.82136792 108547302.55313684 97513412.22262226 109363517.11739615 34550499.679456666 -435531648.4790281 -976434944.7979435 118571507.56133214 402341335.50518376 628586170.4102496 148874583.7110184 31164750.359136965 29143069.853724405 139233308.0465143
-9999.0 -9999.0 -9999.0 -9999.0 -9999 -9999 -9999 -9999 -9999 -9999.0 -9999 -9999 -9999 637828.0351388698 -970791.0289186194 -8465877.07885031 -4465298.317993157 -11811674.35861065 -2672620.467785997 -2399393.8856885345 16382070.116842005 -5359181.113471869 4547210.783550106 -9999 -9999 -9999 -7833395.441452466 2100724.0452115065 -4230225.364755963 -9999 -9999 -9999 -22892864.537352663 -10935686.332161404 4361551.499015318 -6830554.895680689 29363891.189372685 22402653.95652744 11042577.521715065 8910976.590128591 50631518.03150268 48972248.53619008 18526801.235593468 19718610.60471162 14325832.298181875 32098296.09555693 77377609.34179981 91305412.8859484 -9999 314602265.7191324 292360867.6686702 49552906.58016158 332045875.0744656 1402211607.6818717 798431974.9321564 649575037.9970713 -2319104294.466938 -9999 -9999.0 -9999.0 -9999.0 -9999.0
-9999.0 -9999.0 -9999.0 -9999.0 -9999.0 -9999 -9999 -9999 -9999 -9999.0 -9999.0 -9999 -807688.976937849 -17966582.608779587 -104578703.3131511 -6017242.72169845 -3543317.272004369 -10395852.890606787 -9754587.810790323 -1941909.8685968202 2043533.5088338517 19418731.910513487 -9999 -4436804.567042833 -9999 -9036474.531325877 -9812900.424428988 -3731211.7415554086 2571894.60873023 -9999 -9999 -3310644.0191856674 -9999 -13923461.573810276 -17898094.99564417 38598255.92544738 19214921.481460683 47203022.57296478 -7269278.493338138 -20217906.391921 50201844.00076051 14961425.87525582 28676050.834153164 82226261.18473093 63723623.46816532 104962363.54437767 106785753.64133334 -9999.0 -9999.0 -9999.0 -9999.0 -9999.0 -9999.0 -9999 -9999 -672005331.9691129 1834363149.814867 2336619912.7261124 -9999.0 -9999.0 -9999.0 -9999.0
-9999.0 -9999.0 -9999.0 -9999.0 -9999.0 -9999.0 -9999.0 -9999 -9999 -9999 -9999.0 -9999 -6983251.690956383 -3389800.181813103 -5543549.614930979 -7416053.541833464 -9377246.227193115 1038560.6354136592 -845864.0488552762 -4368117.7448011255 -4968085.135576958 -9144559.281722793 -763907.0097829928 -113918499.87775214 -7027458.631321367 -4130798.561502581 -4389180.033861135 -9999 -4055414.338940848 -9999 -9999 -9999 -4702286.041482901 -3076548.2706483505 -45619532.23692693 46283197.09590147 33768902.31694271 31767272.253265046 67123194.41081409 100475214.16973661 5717389.8568133665 31848204.095512405 75710031.6856771 148259303.14691526 117052725.82718557 74522485.65753779 -9999.0 -9999.0 -9999.0 -9999.0 -9999.0 -9999.0 -9999.0 -9999.0 -9999.0 -9999.0 -9999.0 -9999.0 -9999.0 -9999.0 -9999.0 -9999.0
-9999.0 -9999.0 -9999.0 -9999.0 -9999.0 -9999.0 -9999.0 -2607545.629382703 -9999 -9999 -9999 -9999.0 -674982.4327056657 -2359123.260706749 -3658489.9192593894 548643.6826308665 -6599822.091149242 -5324641.584977919 -482250.5231753628 -2439933.024765498 16473564.193814455 -3160385.7677006815 -10909965.563207574 -4077645.3475459907 -4751025.775679854 -9752137.93061391 -9999 -9999 -9999 -9999 -9999 -9999 -3934563.3364243587 -8639650.02007162 75528408.0249126 26269270.825762242 17427973.07365665 68320006.03140135 -32325134.379157733 66801255.474337764 34141598.40211273 108598907.37950222 127732481.63219404 159354134.31331727 -9999.0 -9999.0 -9999.0 -9999.0 -9999.0 -9999.0 -9999.0 -9999.0 -9999.0 -9999.0 -9999.0 -9999.0 -9999.0 -9999.0 -9999.0 -9999.0 -9999.0 -9999.0
-9999.0 -9999.0 -9999.0 -9999.0 -9999.0 -9999.0 -9999 -9999 -13430840.482088149 -9999 -9999 -9999 -9999.0 -9999.0 16585340.719451113 7124394.561200837 -7895476.429969747 -7222953.6590301385 -4705739.317475822 -3974518.5228860383 7030722.034573674 9446241.39004808 -8803430.080483783 -2438330.275055466 -6364358.961947917 4099108.049244817 -4711298.837322174 -9999 -9999 -9999 -9999 -9999 -390066.78669422015 11266060.08256952 -13110708.307350479 25360765.55665453 76005054.99405864 60788892.27428706 42303682.1995789 80738831.5954965 123042602.32627195 69386064.66416852 -9999 -9999.0 -9999.0 -9999.0 -9999.0 -9999.0 -9999.0 -9999.0 -9999.0 -9999.0 -9999.0 -9999.0 -9999.0 -9999.0 -9999.0 -9999.0 -9999.0 -9999.0 -9999.0 -9999.0
-9999.0 -9999.0 -9999.0 -9999.0 -9999.0 -9999.0 -9999.0 -9999 -9999 4806856.20289977 -9999 4256513.864082959 -9999.0 -9999.0 -9999 62031501.33655068 -36798919.32095061 -9905946.96346193 -78519.62946141495 -5169751.36870169 -4078154.9809210044 9163580.752308406 1325106.1241829526 -2154436.1646047677 10113067.45730143 -5682392.734545477 17509239.76428921 -9999 -9999 -9999 -9999 -8889649.72631691 -2122205.7258517467 14392689.300370838 -1453718.1497576837 69542788.04037182 -90108012.48357779 21941142.98063444 37821627.363427185 89379467.78830574 -1190034.7868696293 80219244.66206014 -9999.0 -9999.0 -9999.0 -9999.0 -9999.0 -9999.0 -9999.0 -9999.0 -9999.0 -9999.0 -9999.0 -9999.0 -9999.0 -9999.0 -9999.0 -9999.0 -9999.0 -9999.0 -9999.0 -9999.0
-9999.0 -9999.0 -9999.0 -9999.0 -9999.0 -9999.0 -9999.0 -9999.0 -9999 -9999 -9999 -1712736.1280232929 -708406.9385713327 -9999.0 -9999.0 -9999.0 -84072392.96956295 8143381.320124558 5948076.327756893 6067077.929359517 -4109906.765545252 -2486118.754276887 294218.29780277266 7539681.869277218 7660202.527989445 5189509.661726666 -9999 16690206.680806395 -4886434.633176375 -9999 -4145429.235193567 -1226641.1155120723 1043595.8597898221 -27751507.27926029 6337920.7632017955 17510346.09644108 -375118.696906545 -22847648.88129844 -5713966.184185291 23162986.036456406 -4016367.408705162 102242182.8117351 -9999.0 -9999.0 -9999.0 -9999.0 -9999.0 -9999.0 -9999.0 -9999.0 -9999.0 -9999.0 -9999.0 -9999.0 -9999.0 -9999.0 -9999.0 -9999.0 -9999.0 -9999.0 -9999.0 -9999.0
-9999.0 -9999.0 -9999.0 -9999.0 -9999.0 -9999.0 -9999.0 -9999.0 -9999.0 -9999.0 -9999 -9999 -9999 -9999 -9999.0 -9999.0 -9999.0 -3463217.7439346956 4240100.943625222 6041331.281776902 -2039731.0730941815 -3088733.487446403 -1995734.8758233122 -38077.5295982226 1064289.8125496507 15407627.569399096 -7694571.683222855 -8430127.084000038 -3078293.210175824 2565592.466716845 -4732379.060518987 -9999 -9999 -6929608.995065609 -5245834.080704414 24697736.618354518 21311313.660137184 27427603.214520335 -4738335.988439213 -327469731.1888809 1649829.5900261393 67673387.94279289 -9999.0 -9999.0 -9999.0 -9999.0 -9999.0 -9999.0 -9999.0 -9999.0 -9999.0 -9999.0 -9999.0 -9999.0 -9999.0 -9999.0 -9999.0 -9999.0 -9999.0 -9999.0 -9999.0 -9999.0
-9999.0 -9999.0 -9999.0 -9999.0 -9999.0 -9999.0 -9999.0 -9999.0 -9999.0 -9999.0 -9999.0 -398780.2644335461 -9999 -9999 -9999.0 -9999.0 -9999.0 -23936129.586955838 -33265853.08430445 -11618171.119361168 -648826.3750068228 -5870245.546610283 -1092946.9281423201 -9999 12423460.702407574 688019.7887752728 -8180190.4252794795 -6846522.891087345 -17059617.621394925 -117363349.00301264 -9537826.250091357 34021620.82679678 -4682163.557267298 -4539928.425182335 -1942693.394877115 -147679794.6189037 81027428.25802965 221545337.94082096 15668196.836843435 30103612.766326144 -242880456.21650273 -235469266.58430466 -9999.0 -9999.0 -9999.0 -9999.0 -9999.0 -9999.0 -9999.0 -9999.0 -9999.0 -9999.0 -9999.0 -9999.0 -9999.0 -9999.0 -9999.0 -9999.0 -9999.0 -9999.0 -9999.0 -9999.0
-9999.0 -9999.0 -9999.0 -9999.0 -9999.0 -9999.0 -9999.0 -9999.0 -9999.0 -9999.0 -9999.0 -9999 -12703298.199568165 -1859466.688621903 -9999 -9999.0 -9999.0 -9999.0 41596940.80710011 50245430.75420055 12070918.25568747 9645935.748539671 -1571864.2222898854 -9999 464014.85028303415 1138270.9580298131 -1255991.7009156214 2232733.792876794 -7639017.660535486 -8253205.471640392 -7082647.556198243 11874825.084080914 -4168815.1854144656 569681.0628830794 -17800844.978356127 10103584.31807217 61867397.506846525 42857188.729182415 -931639.1872102409 1144855.112501124 -248911688.60856906 329310243.3347194 -9999.0 -9999.0 -9999.0 -9999.0 -9999.0 -9999.0 -9999.0 -9999.0 -9999.0 -9999.0 -9999.0 -9999.0 -9999.0 -9999.0 -9999.0 -9999.0 -9999.0 -9999.0 -9999.0 -9999.0
-9999.0 -9999.0 -9999.0 -9999.0 -9999.0 -9999.0 -9999.0 -9999.0 -9999.0 -9999.0 -9999.0 -9999 -1607632.7412421727 -9999 -9999 -9999.0 -9999.0 -9999.0 -9999.0 452536171.9882586 50472071.91599722 -25699265.945607904 -1232677.731256517 -3398276.784429097 5614854.892185705 19868029.80060442 -1803965.398172631 30089469.199097328 27119722.97333516 -13237098.64700173 12790566.090130346 -9999 -3512854.472251063 4815745.75105311 -762655.8034519448 12417383.944755029 15280133.533201806 39158570.11256367 34989565.797658026 34189483.32727915 120065609.98515661 -9999.0 -9999.0 -9999.0 -9999.0 -9999.0 -9999.0 -9999.0 -9999.0 -9999.0 -9999.0 -9999.0 -9999.0 -9999.0 -9999.0 -9999.0 -9999.0 -9999.0 -9999.0 -9999.0 -9999.0 -9999.0
-9999.0 -9999.0 -9999.0 -9999.0 -9999.0 -9999.0 -9999.0 -9999.0 -9999.0 -9999.0 -9999.0 -9999.0 -9999 -9999 -9999 -10566161.62959351 -9999 -9999.0 -9999.0 -9999.0 -9999.0 23844266.43831036 10209429.210332166 -2090675.2080476515 -1500979.5764185693 -9999 -16124333.48975645 41952488.18419083 25916300.362572186 15204998.113475047 -7108725.559402425 -4128581.5037421593 -4465469.781373762 -3996531.790485387 35655338.90454526 555129.1264269328 24931487.76104658 107758058.88732512 55326134.79483567 27366103.597762417 135362784.8796912 -9999.0 -9999.0 -9999.0 -9999.0 -9999.0 -9999.0 -9999.0 -9999.0 -9999.0 -9999.0 -9999.0 -9999.0 -9999.0 -9999.0 -9999.0 -9999.0 -9999.0 -9999.0 -9999.0 -9999.0 -9999.0
-9999.0 -9999.0 -9999.0 -9999.0 -9999.0 -9999.0 -9999.0 -9999.0 -9999.0 -9999.0 -9999.0 -9999.0 -9999.0 -9999.0 -9999 -1636927.8203417908 9640213.910177696 -9999 -9999.0 -9999.0 -9999.0 -9999.0 15168077.409508714 1776896.8826963496 -1422233.565741331 -3765003.764429222 -321750.69805745233 -1387140.9394597367 -4668964.613920797 9576280.440306803 17901183.76668057 -8397850.05148775 -5615923.583372852 -5725973.57582327 10013252.08379322 -2507195.193970003 2824817.269114497 2223128.536359022 43610795.33748377 -6999139.864087078 88524934.37522829 -9999.0 -9999.0 -9999.0 -9999.0 -9999.0 -9999.0 -9999.0 -9999.0 -9999.0 -9999.0 -9999.0 -9999.0 -9999.0 -9999.0 -9999.0 -9999.0 -9999.0 -9999.0 -9999.0 -9999.0 -9999.0
-9999.0 -9999.0 -9999.0 -9999.0 -9999.0 -9999.0 -9999.0 -9999.0 -9999.0 -9999.0 -9999.0 -9999.0 -9999.0 -9999.0 -9999.0 -489709.53887062654 374993.32046002866 847943.4255832231 -9999.0 -9999.0 -9999.0 -9999.0 98768659.012556 -4936659.587157724 -3795974.7798135215 -6649063.5816918975 -3842858.0219265916 -4070018.5209452948 -880917.8507151076 2138486.6666730526 -32710745.58451323 -13162739.26293229 -6462631.515562985 9747410.97769582 42050.603069774654 -730699.6552153606 1511304.3825118814 10511434.32933553 30202281.234866396 6775238.2737259725 79845623.92952985 -9999.0 -9999.0 -9999.0 -9999.0 -9999.0 -9999.0 -9999.0 -9999.0 -9999.0 -9999.0 -9999.0 -9999.0 -9999.0 -9999.0 -9999.0 -9999.0 -9999.0 -9999.0 -9999.0 -9999.0 -9999.0
-9999.0 -9999.0 -9999.0 -9999.0 -9999.0 -9999.0 -9999.0 -9999.0 -9999.0 -9999.0 -9999.0 -9999.0 -9999.0 -9999.0 -9999.0 -9999.0 49278032.9368459 -9999.0 -9999.0 -9999.0 -9999.0 -9999.0 -9999.0 -9999.0 13183461.485496216 3167175.9388767392 -6297720.96076515 4434401.019851829 1321191.5988676315 11356284.405638225 -48293918.91042283 -13599242.703507114 -6640571.326803061 -2139764.2752205185 -2293511.7052870886 -6363298.244589645 4701721.763874997 52122283.28580685 85841357.02266411 81417802.91812153 115163589.75494564 -9999.0 -9999.0 -9999.0 -9999.0 -9999.0 -9999.0 -9999.0 -9999.0 -9999.0 -9999.0 -9999.0 -9999.0 -9999.0 -9999.0 -9999.0 -9999.0 -9999.0 -9999.0 -9999.0 -9999.0 -9999.0
-9999.0 -9999.0 -9999.0 -9999.0 -9999.0 -9999.0 -9999.0 -9999.0 -9999.0 -9999.0 -9999.0 -9999.0 -9999.0 -9999.0 -9999.0 -9999.0 -9999.0 -9999.0 -9999.0 -9999.0 -9999.0 -9999.0 -9999.0 -9999.0 -30729723.492335103 17951085.28841276 -135379.85936070263 -13993607.070577882 7460774.090036167 21505690.6102506 19009338.895557307 -346344.8620553413 -12396701.298291419 2805962.458076853 -69854384.7993967 22325071.182861738 46087687.69030922 54501478.03806876 88273519.19809929 109184632.33554117 59748649.948939465 -9999.0 -9999.0 -9999.0 -9999.0 -9999.0 -9999.0 -9999.0 -9999.0 -9999.0 -9999.0 -9999.0 -9999.0 -9999.0 -9999.0 -9999.0 -9999.0 -9999.0 -9999.0 -9999.0 -9999.0 -9999.0
-9999.0 -9999.0 -9999.0 -9999.0 -9999.0 -9999.0 -9999.0 -9999.0 -9999.0 -9999.0 -9999.0 -9999.0 -9999.0 -9999.0 -9999.0 -9999.0 -9999.0 -9999.0 -9999.0 -9999.0 -9999.0 -9999.0 -9999.0 -9999.0 247786833.5647406 22487620.54709271 3628096.6142750178 -3563681.203268813 4461386.750202373 31580558.122935027 9015685.837314148 -50597049.11455493 42147312.86723523 253728.005190393 12031649.233815458 9754658.783771086 41336547.81815786 63465687.71932966 49918375.52446672 45212422.46936904 113933060.28145632 -9999 -9999.0 -9999.0 -9999.0 -9999.0 -9999.0 -9999.0 -9999.0 -9999.0 -9999.0 -9999.0 -9999.0 -9999.0 -9999.0 -9999.0 -9999.0 -9999.0 -9999 -5171794.090490847 -3692672.594522046 -1435952.225778299
-9999.0 -9999.0 -9999.0 -9999.0 -9999.0 -9999.0 -9999.0 -9999.0 -9999.0 -9999.0 -9999.0 -9999.0 -9999.0 -9999.0 -9999.0 -9999.0 -9999.0 -9999.0 -9999.0 -9999.0 -9999.0 -9999.0 -9999.0 -9999.0 -9999.0 39184971.93679663 -2327620.1086442526 -26558864.0150718 -1110198.8108091615 13212913.89872753 34290354.69512974 15093040.463217493 -64565435.94905015 25143835.974636286 14181447.123605698 -1735836.66966355 13527315.617936147 33648058.81004997 42536977.29658591 33911728.00616701 37563269.65361488 274540880.0362853 -9999.0 -9999.0 -9999.0 -9999.0 -9999.0 -9999.0 -9999.0 -9999.0 -9999.0 -9999.0 -9999.0 -9999.0 -9999.0 45934698.261787444 -821199263.1186581 -57043523.703237616 45973569.95848031 9331271.839984361 30805329.82391782 112643288.97998919
-9999.0 -9999.0 -9999.0 -9999.0 -9999.0 -9999.0 -9999.0 -9999.0 -9999.0 -9999.0 -9999.0 -9999.0 -9999.0 -9999.0 -9999.0 -9999.0 -9999.0 -9999.0 -9999.0 -9999.0 -9999.0 -9999.0 -9999.0 -9999.0 -9999.0 30061065.55315499 13674137.605405087 -353776.2774562503 -52747.54751467532 -110008768.95512787 -7647049.152821955 29920962.533831995 21543201.96423973 -23377677.176347166 -15806.705614436498 -28032461.263715595 16588479.850605512 16182113.958945494 47110121.18004848 48942825.83173459 40048785.39249774 29183054.808264695 -9999.0 -9999.0 -9999.0 -9999.0 -9999.0 -9999.0 -9999.0 -9999.0 -9999.0 -9999.0 -9999.0 -9999.0 -9999.0 450648773.73683316 -259693816.62483937 -50362647.34925031 80154785.13360396 11362420.738002751 158943302.86499828 -29739977.707494374
-9999.0 -9999.0 -9999.0 -9999.0 -9999.0 -9999.0 -9999.0 -9999.0 -9999.0 -9999.0 -9999.0 -9999.0 -9999.0 -9999.0 -9999.0 -9999.0 -9999.0 -9999.0 -9999.0 -9999.0 -9999.0 -9999.0 -9999.0 -9999.0 1596.9463199557429 34793596.53291513 16598729.283932913 -4715781.7805180345 -3002345.624448589 -31263865.780905396 -24626195.19511324 -7458693.435235639 -10468609.713507626 -10292713.060690017 8508282.875440167 21691838.125957552 22049263.298513725 -6718542.875520449 11950698.292423693 60675030.587322436 86131901.71029745 61692538.3776568 67481901.15152872 -9999.0 -9999.0 -9999.0 -9999.0 -9999.0 -9999.0 -9999.0 -9999.0 -9999.0 -9999.0 -9999.0 -9999.0 14147529.15658276 -697237.9296830697 69062353.7281854 127517777.19192107 42716293.13804032 141427007.36578465 -30093965.39697338
