critload/trunk/output/2010/nup_crit_sw_ara.asc
ncols 720
nrows 360
xllcorner -180
yllcorner -90
cellsize 0.5
NODATA_value -9999
[rows 196 to 223 of 360, columns 248 to 309 of 720]
-9999 320030395.97141355 -9999 -9999 -9999 -9999 -9999 223849559.5540516 -9999 227702985.3313142 281385918.7124903 270463394.402045 238403811.09784904 247244180.6784882 285807951.07314986 17019912.04550463 10566303.352186088 10743479.693192141 295420379.4747661 213777996.8459709 166817106.75541136 146326789.5393952 93179731.15474457 133170187.21256493 88391591.66567348 -9999 24674.288461056305 -9999 -9999 4081.8285134561847 91573947.72421354 45718.372000493706 127890.83550226783 92443.75614771464 10909477.188317863 66001061.355984524 37165856.21727613 51256.17731068965 230430.17904703075 25697303.73510311 29101119.91138976 44733030.60416361 244683181.08387724 -9999.0 -9999.0 -9999.0 -9999.0 -9999.0 -9999.0 -9999.0 -9999.0 -9999.0 -9999.0 -9999.0 -9999.0 -9999.0 -9999.0 -9999.0 -9999.0 -9999.0 -9999.0 -9999.0
-9999 -9999 203473093.58878016 -9999 -9999 -9999 -9999 -9999 219889793.416458 256613464.21784788 200658008.68646935 296275131.5587005 506113922.6095665 201265622.26005745 273954174.82222325 16196355.193360284 27212959.382608913 21926258.25484788 342633340.25314623 221607518.11279902 142927495.83333477 122487562.0340089 49245153.30714035 53184606.86028509 154162658.62452832 143483559.83509114 81629258.40851739 -9999 -9999 86863690.9488588 162673356.16347766 61943.34852373886 261865.4394203812 262233.3934610401 309276.21650245565 111256.93941217448 32852.49098332097 21130812.77576689 2255073.1831227457 19391928.003598865 28273366.073143557 67269468.04022999 -9999.0 -9999.0 -9999.0 -9999.0 -9999.0 -9999.0 -9999.0 -9999.0 -9999.0 -9999.0 -9999.0 -9999.0 -9999.0 -9999.0 -9999.0 -9999.0 -9999.0 -9999.0 -9999.0 -9999.0
-9999 263176854.09537295 231948823.41798794 -9999 -9999 -9999 -9999 -9999 -9999 269423306.0226357 297764657.25804424 316418569.0695183 433984887.8239044 21458150.074398257 336377628.71392184 526390147.6756697 914108.7080155984 395458105.48208 332354689.7426048 239013590.85304517 135445450.63332513 64991849.82918554 113536217.42249519 69233893.44122289 104995574.74678491 167017280.00866652 -9999 -9999 46842.76982937598 57447.74717790367 625340.2645757381 643064.2870823969 5771.118797900722 11847.60737448815 2691.6387525206037 258062.891457599 -9999 393387.3597457526 12086107.194632953 28952857.842226863 43735816.75325088 79020436.27205354 -9999.0 -9999.0 -9999.0 -9999.0 -9999.0 -9999.0 -9999.0 -9999.0 -9999.0 -9999.0 -9999.0 -9999.0 -9999.0 -9999.0 -9999.0 -9999.0 -9999.0 -9999.0 -9999.0 -9999.0
357869749.7337306 328056488.0998035 291616702.0854432 318816162.71340394 -9999 -9999 -9999 321461209.2941876 255491273.94011414 198488528.57854542 451103138.6957175 508837429.2535773 515033793.4029496 19633706.81251564 17275050.72181061 480592142.6868726 21240374.631528076 498294041.505973 235611461.8848939 178169486.20591855 372334816.21835506 90475126.10432096 95031257.91093385 95340898.11690027 139514577.6764171 -9999 -9999 16314.616314554667 4730.367901833529 -9999 430247.43162928225 34360131.08574321 1829.0232096969341 4464.646212966326 8785.23895888636 175085.11915988385 1178866.493080899 362438.0924674957 1838887.387094126 28817397.95795225 31667627.909332726 -9999.0 -9999.0 -9999.0 -9999.0 -9999.0 -9999.0 -9999.0 -9999.0 -9999.0 -9999.0 -9999.0 -9999.0 -9999.0 -9999.0 -9999.0 -9999.0 -9999.0 -9999.0 -9999.0 -9999.0 -9999.0
355137700.4763951 347924000.05471426 296824893.4606739 334545817.0245657 372760127.53800374 -9999 380126140.2677383 383992502.64999294 445506456.22585726 363908222.42952085 516426926.1567027 588277573.460558 692412048.992349 8333285.049203072 318183155.4622256 321542473.261291 34249899.85864405 22804128.903863728 247783624.25961518 250768174.6221654 141160361.50902632 48295662.86797022 100175510.77391203 29822600.531929348 -9999 11.250222255041471 -9999 229812.6206896362 18816.433249116868 -9999 109834411.42820343 17641704.24042954 -9999 57750241.19941152 -9999 38505.25358082694 127835042.45725831 14739924.884970687 2563046.5882335077 52127342.071133465 -9999.0 -9999.0 -9999.0 -9999.0 -9999.0 -9999.0 -9999.0 -9999.0 -9999.0 -9999.0 -9999.0 -9999.0 -9999.0 -9999.0 -9999.0 -9999.0 -9999.0 -9999.0 -9999.0 -9999.0 -9999.0 -9999.0
342001944.1599585 375055376.6181426 307237428.9600003 413735554.2449738 402139748.88024336 -9999 434424887.07499146 412466742.93651867 515631012.6298528 514879224.5527007 596839071.5079104 422559058.14222723 312246617.5733655 24399317.997476544 12478784.215949418 313092871.3524407 387575505.20521814 22818579.44910562 -9999 195252357.33650208 84555480.88830648 104959061.01809503 172728285.0885775 23991953.722006813 35309240.57060641 26282.65123653948 91512.6457401291 11728.413608512978 1758.997651707474 60466470.915810615 6752996.082055917 733451.7147639195 86338.18133523631 0.0 18133.698983676743 18069729.171379823 45656586.476635136 1235057.3462657023 41507934.62790541 -9999.0 -9999.0 -9999.0 -9999.0 -9999.0 -9999.0 -9999.0 -9999.0 -9999.0 -9999.0 -9999.0 -9999.0 -9999.0 -9999.0 -9999.0 -9999.0 -9999.0 -9999.0 -9999.0 -9999.0 -9999.0 -9999.0 -9999.0
216129099.00291944 209953938.81273544 290691381.6212018 412554601.30309457 -9999 -9999 425524593.2352531 381332878.3072724 677535575.3805335 529778771.38463 659245935.4362639 361033352.9470004 280334485.70580673 35686265.25949517 28041873.893185843 18199068.922933612 23174935.86074597 28293956.28050796 273159874.47487366 254091972.04618403 41801552.02190514 34757041.886098765 13806307.3111639 412228533.3230718 132446669.92313108 103340.62082784697 56256.09910854879 338660.38650877326 719399.9147058853 1495604.9095571905 1250710.342698028 13200246.426735824 5442678.358927029 -9999 10465799.764872352 15899553.262305366 29150678.67339667 69349488.25422402 -9999.0 -9999.0 -9999.0 -9999.0 -9999.0 -9999.0 -9999.0 -9999.0 -9999.0 -9999.0 -9999.0 -9999.0 -9999.0 -9999.0 -9999.0 -9999.0 -9999.0 -9999.0 -9999.0 -9999.0 -9999.0 -9999.0 -9999.0 -9999.0
324842423.9658533 445388881.57231575 397757536.9434471 353974352.2214114 -9999 -9999 400589100.8530822 360566091.0899584 477084317.93486375 56396982.9918124 710605243.7518758 416117242.47804445 142828479.5197766 33773898.62622929 358884990.72248137 32067555.00347154 27769993.03732852 26813089.807166006 21291028.97637092 295695987.71656054 348819077.6865875 29868925.05645446 264016163.64182252 386280502.63144386 15714440.605217727 58701091.2365373 -9999 30267080.296290807 80148591.57807036 1803381.0544402418 484085.00342602853 19021062.476079248 16410647.710365951 20020866.862054672 15762080.675474975 42629358.48177136 45668249.38030726 -9999 -9999.0 -9999.0 -9999.0 -9999.0 -9999.0 -9999.0 -9999.0 -9999.0 -9999.0 -9999.0 -9999.0 -9999.0 -9999.0 -9999.0 -9999.0 -9999.0 -9999.0 -9999.0 -9999.0 -9999.0 -9999.0 -9999.0 -9999.0 -9999.0
293331285.5609099 425874862.7880381 401241050.235488 382231588.850598 -9999 472521633.4243854 434425230.6387755 394425287.54749256 505782126.9837931 591735154.3975883 408344979.882816 388914851.8639831 36143259.57767854 16320532.618639747 507767364.71103436 17148986.375851262 38835438.80981065 29994934.30286578 22305917.92599264 357155000.21489465 384479376.10774225 189039600.28412983 96805456.81420553 44225920.80382621 16029241.52465955 57334643.9034131 51891566.91404542 22492934.150995824 6770215.084398612 214052.85172665527 456624.0294123722 15018775.139982594 16030477.942511583 9637524.17277857 1285895.2906312002 109236237.84262998 66156140.36785989 -9999.0 -9999.0 -9999.0 -9999.0 -9999.0 -9999.0 -9999.0 -9999.0 -9999.0 -9999.0 -9999.0 -9999.0 -9999.0 -9999.0 -9999.0 -9999.0 -9999.0 -9999.0 -9999.0 -9999.0 -9999.0 -9999.0 -9999.0 -9999.0 -9999.0
113406957.68416545 423601924.4248595 686404918.1860731 397608485.55391747 556115454.9894946 724450921.5594748 369962405.0740466 383400959.231286 647017153.3305138 567772493.76514 597287736.0523734 32972426.06338956 44359666.28138312 33483451.952160366 30794035.97168233 340366329.1951779 31901299.34061995 21845000.44011812 43360371.62840132 195022526.86928436 452677143.1656546 302651401.36269116 337497631.4483903 54270244.957342 1123304.33105677 13614321.25598246 832459.5807565547 52791436.89958061 6005739.806662258 58310017.933311224 70016017.52126525 30646979.854136754 39222721.34950217 1103221.5854091295 25517278.955209583 5146375.061484857 -9999.0 -9999.0 -9999.0 -9999.0 -9999.0 -9999.0 -9999.0 -9999.0 -9999.0 -9999.0 -9999.0 -9999.0 -9999.0 -9999.0 -9999.0 -9999.0 -9999.0 -9999.0 -9999.0 -9999.0 -9999.0 -9999.0 -9999.0 -9999.0 -9999.0 -9999.0
521012515.94288915 517089924.7945548 404877476.8588625 731962164.2437932 709256561.2525305 386943752.10509926 342041208.2112119 93603149.93536869 51642923.09427566 34095519.55056647 17439021.400393136 45866727.28049207 56299966.65769305 34350592.52873584 32458851.765809227 241338821.66613412 17802320.431072917 23810243.32158273 36636521.283673346 39340224.49782425 432750141.44674695 81164280.02787465 62112266.26302769 50282549.73635369 29795132.57840391 4922676.755760932 50785645.133804075 54251026.86376109 9911272.906916257 32092589.069478206 6716943.580598278 19046650.316569608 5007047.836241688 19108815.526162796 339459633.10666585 -9999.0 -9999.0 -9999.0 -9999.0 -9999.0 -9999.0 -9999.0 -9999.0 -9999.0 -9999.0 -9999.0 -9999.0 -9999.0 -9999.0 -9999.0 -9999.0 -9999.0 -9999.0 -9999.0 -9999.0 -9999.0 -9999.0 -9999.0 -9999.0 -9999.0 -9999.0 -9999.0
451421342.47347957 344365299.2464732 372027138.34220845 302717361.0787066 47917030.96998384 203994847.6638866 70961969.20749624 69859446.51223128 67722892.84861985 459082040.115404 52848956.52779883 70866348.11778112 38763580.11062687 49653409.73271216 225872610.81096318 219954703.0797085 149195184.7662786 119095811.49477829 113955766.67986761 33427856.462045718 386846155.05218256 285884630.71422416 217705298.62480816 36329586.0969379 184829117.29902267 26425937.81091925 8994494.1995515 14150782.268171888 27392552.13392557 28263084.4589022 46834513.09892915 997335.0758949879 2169579.0379109434 137585924.2689647 130821919.0300274 -9999.0 -9999.0 -9999.0 -9999.0 -9999.0 -9999.0 -9999.0 -9999.0 -9999.0 -9999.0 -9999.0 -9999.0 -9999.0 -9999.0 -9999.0 -9999.0 -9999.0 -9999.0 -9999.0 -9999.0 -9999.0 -9999.0 -9999.0 -9999.0 -9999.0 -9999.0 -9999.0
393622311.3586474 42411506.46860162 56462234.278779894 55823589.07239345 59531476.997690715 64932918.25845238 53261335.714572564 71311462.01668754 50097254.100902654 58726295.910059586 53552414.7143282 68735559.64818618 48152253.030620836 48136464.12303923 39855817.57176253 43130107.22536386 224508179.92773232 154507627.3203908 191256081.66614592 254949504.4003416 390529494.0015494 263166598.3331448 21625657.035062872 28158212.20533407 16677923.59503215 22529910.91937939 5156753.531314135 1589164.1316773556 34167105.85534431 59327635.43527005 53823328.10598915 11399937.635014419 1794463.9995658766 155919546.11141804 46914632.42121171 -9999.0 -9999.0 -9999.0 -9999.0 -9999.0 -9999.0 -9999.0 -9999.0 -9999.0 -9999.0 -9999.0 -9999.0 -9999.0 -9999.0 -9999.0 -9999.0 -9999.0 -9999.0 -9999.0 -9999.0 -9999.0 -9999.0 -9999.0 -9999.0 -9999.0 -9999.0 -9999.0
144582741.9200303 44473149.85743604 51643730.50657133 57527577.637301855 66438845.660956755 66649624.291984856 71528671.51690882 92897634.50237904 54514236.74132542 63504787.75285788 78645364.78876941 60633500.72560426 229143332.25515595 54201283.413861915 41469746.17995052 36710071.35412195 204975555.70990556 152320357.32106277 106287990.87043887 177880717.92373294 77965634.93420403 32548241.059761614 250810502.88417727 35566669.876714416 21358008.738943823 22373739.87069572 5246744.059014068 3518446.4083704846 18493431.971945126 10183047.031620411 4157393.909201688 14156595.257601058 16039655.083844703 152676848.58738488 -9999.0 -9999.0 -9999.0 -9999.0 -9999.0 -9999.0 -9999.0 -9999.0 -9999.0 -9999.0 -9999.0 -9999.0 -9999.0 -9999.0 -9999.0 -9999.0 -9999.0 -9999.0 -9999.0 -9999.0 -9999.0 -9999.0 -9999.0 -9999.0 -9999.0 -9999.0 -9999.0 -9999.0
44675424.02762746 61063496.356708266 79424139.67202334 145056210.82366183 127389777.71910849 91999254.58605531 55973696.591618545 72747267.71499018 73258495.53105402 91907687.00038783 79419694.75170082 40457672.582563564 59238516.92234696 49390848.08213602 297172946.30687755 248266796.46302634 181543481.57050693 22070353.91808419 62828126.31022425 48837681.6673763 47712502.70937989 334640905.8422057 351244720.37894386 33761530.53723219 46620426.60780212 44028828.47367159 14598932.258569391 15352382.999978233 117545100.34832446 17567435.98806877 30583114.244744886 48272984.34151154 87445415.90632595 171443561.97253326 49153427.85957926 -9999.0 -9999.0 -9999.0 -9999.0 -9999.0 -9999.0 -9999.0 -9999.0 -9999.0 -9999.0 -9999.0 -9999.0 -9999.0 -9999.0 -9999.0 -9999.0 -9999.0 -9999.0 -9999.0 -9999.0 -9999.0 -9999.0 -9999.0 -9999.0 -9999.0 -9999.0 -9999.0
41683130.87886245 84798951.11785232 76876455.9042251 60058350.40836449 69247254.37441194 68417070.89642996 65868590.815956615 72568432.37353808 112221076.51300839 79417021.8144571 64390580.84488354 232933686.39703465 62501501.80017834 46310708.960302986 41150326.50736209 21533541.054531813 10477238.765504336 26610405.668434042 31564946.127272952 89370708.68832724 312097407.1677311 27292142.362642307 27082190.327782493 40544363.55988974 48397947.9464416 36824764.214506775 16011845.601763954 15554818.487447822 23190366.240791112 12051491.920439243 746839.1899029003 59171414.232551165 88105629.86294071 166528591.09156442 1036578901.8249876 -9999.0 -9999.0 -9999.0 -9999.0 -9999.0 -9999.0 -9999.0 -9999.0 -9999.0 -9999.0 -9999.0 -9999.0 -9999.0 -9999.0 -9999.0 -9999.0 -9999.0 -9999.0 -9999.0 -9999.0 -9999.0 -9999.0 -9999.0 -9999.0 -9999.0 -9999.0 -9999.0
42079731.47119071 66258062.25830342 61673951.28589625 57423601.59763448 69640544.64879428 71875181.80414611 87297602.901117 64184857.976586096 57366056.69224079 39996533.01473445 52474274.1768136 54779998.30231039 54144249.448478006 42985025.43650534 34606456.97002005 37070175.87650876 58573993.03746571 56452088.88817527 21954747.48100776 34617557.740640886 176423493.64267692 25896441.88230152 25813523.892400164 27085006.56174747 39501359.720083624 78917582.5796988 8845344.23825666 19107888.03092526 13580140.125762818 13196022.8641549 12208808.961313361 54802741.921739504 27128183.547526497 411500336.3436357 1056048605.7091856 -9999.0 -9999.0 -9999.0 -9999.0 -9999.0 -9999.0 -9999.0 -9999.0 -9999.0 -9999.0 -9999.0 -9999.0 -9999.0 -9999.0 -9999.0 -9999.0 -9999.0 -9999.0 -9999.0 -9999.0 -9999.0 -9999.0 -9999.0 -9999.0 -9999.0 -9999.0 -9999.0
81116482.90165254 59937230.449752316 60649686.13310764 61589019.807037994 86724495.7804898 62959480.31791599 81774090.44798292 74947124.16844569 44744225.56221653 51764840.5538372 42358528.04248463 56650434.00870236 44040001.77037465 1541004.4086809356 50839307.24798672 52513357.833433375 41597192.07446447 58125402.59646078 36522476.3921722 35367471.66402152 157925281.42785063 32481301.763414107 42945288.28194501 18569030.151271135 24767634.11177278 79026986.327853 87221176.80060266 14639380.292348636 17335083.399502095 12472678.344620103 12727652.242253302 14904865.303376282 81823288.50206394 94153362.88662946 -9999.0 -9999.0 -9999.0 -9999.0 -9999.0 -9999.0 -9999.0 -9999.0 -9999.0 -9999.0 -9999.0 -9999.0 -9999.0 -9999.0 -9999.0 -9999.0 -9999.0 -9999.0 -9999.0 -9999.0 -9999.0 -9999.0 -9999.0 -9999.0 -9999.0 -9999.0 -9999.0 -9999.0
782836204.7810718 103197547.07515714 87665698.19786799 81506056.30495492 66134512.7712671 66696938.259067714 78230943.33054072 80246017.69874798 75191358.40844794 96423613.39046365 103282959.4421606 64551975.34669516 52066530.36172576 50537798.93039833 51583132.95345149 54784504.54465828 57763402.582533866 62396818.46599646 32681777.81618844 31067010.447385263 20844379.405411318 23950577.618288018 30363174.16286669 23702515.134097304 27506046.939588595 76517759.64720595 19959743.46850719 12817750.799360447 10380732.752520818 7820507.8210876435 22934575.652220394 48978611.584884845 80736270.79446667 464036495.27016926 -9999.0 -9999.0 -9999.0 -9999.0 -9999.0 -9999.0 -9999.0 -9999.0 -9999.0 -9999.0 -9999.0 -9999.0 -9999.0 -9999.0 -9999.0 -9999.0 -9999.0 -9999.0 -9999.0 -9999.0 -9999.0 -9999.0 -9999.0 -9999.0 -9999.0 -9999.0 -9999.0 -9999.0
1410195311.1377137 67043235.76577223 80345664.26828037 62994874.227564484 64271040.269006565 70991669.42491657 77307638.6922723 86905231.32969767 80222340.40607572 106243614.35945219 91066565.72797632 68884083.38327177 57692073.54563446 41184068.059679046 51125850.46159427 206978457.4631523 170273426.57697445 51289420.57301874 39243149.62416034 36310105.55062789 240636773.7841168 31344520.83040872 191250811.6058894 139146497.40587887 13094081.690879844 26552417.433997247 23307065.278282735 16713291.437937306 10536224.005809344 16964142.312251363 24107119.05438131 35492959.17803457 301843838.128923 545961026.2701153 -9999.0 -9999.0 -9999.0 -9999.0 -9999.0 -9999.0 -9999.0 -9999.0 -9999.0 -9999.0 -9999.0 -9999.0 -9999.0 -9999.0 -9999.0 -9999.0 -9999.0 -9999.0 -9999.0 -9999.0 -9999.0 -9999.0 -9999.0 -9999.0 -9999.0 -9999.0 -9999.0 -9999.0
91865240.55465336 82960098.00860746 94103686.98205647 93416956.75915405 79753336.23986042 77070367.99877472 102190516.89181939 63385966.52666765 79495139.86881793 81352102.13155764 69279727.88578811 73489069.18620248 60212919.24023616 51180368.09164561 47158994.06590311 38297104.38647141 31665000.705002394 24074454.141973693 39733535.220674574 28164318.476344436 239737307.7305395 181217520.11994857 15966131.257755838 25566379.659218278 92923785.61727126 21822519.192750223 26883690.541426543 14091186.349375175 14273826.219094398 15926360.68722754 20912977.82378415 59025659.59163181 348069108.2636606 -9999.0 -9999.0 -9999.0 -9999.0 -9999.0 -9999.0 -9999.0 -9999.0 -9999.0 -9999.0 -9999.0 -9999.0 -9999.0 -9999.0 -9999.0 -9999.0 -9999.0 -9999.0 -9999.0 -9999.0 -9999.0 -9999.0 -9999.0 -9999.0 -9999.0 -9999.0 -9999.0 -9999.0 -9999.0
833593582.3879744 116461078.19060625 68816038.28917465 80016424.18312299 90595062.3897682 64830868.33651936 101151659.13833025 77592165.49612658 72545770.41465752 64764223.412584476 66888571.18322827 64303240.89787063 56974347.67885769 60972014.606414184 59512855.784121804 22576481.006261107 39343528.64204094 34110400.35434636 30143343.461965848 44385568.471606486 222821300.36838967 28505643.83522231 36882796.495452955 31580005.426411223 18737751.174858175 22641945.403935436 19859965.147955935 17230906.271369897 10755696.109892176 13429008.352570603 16294450.34229423 42331693.15807547 43102645.5209476 -9999.0 -9999.0 -9999.0 -9999.0 -9999.0 -9999.0 -9999.0 -9999.0 -9999.0 -9999.0 -9999.0 -9999.0 -9999.0 -9999.0 -9999.0 -9999.0 -9999.0 -9999.0 -9999.0 -9999.0 -9999.0 -9999.0 -9999.0 -9999.0 -9999.0 -9999.0 -9999.0 -9999.0 -9999.0
97703432.5364896 53544346.020750515 63178477.92572416 63633678.989006884 66247185.855397 90175410.55671696 73951523.88287267 69665195.65081003 58612923.5696913 77235694.41824368 65057157.01961902 64331855.23059287 55326336.920827925 60060609.65984855 65194426.75707173 70107692.94008711 70443851.11878885 32440503.914230444 27038517.934084415 28799826.585776217 38328448.82567 41287572.5175149 48065642.620174244 40948763.2096993 119659111.9407289 20028840.594368204 16379990.543580165 19652301.297270663 17360397.74240744 14117966.209807968 14137614.821706198 24645708.185152918 77635986.0631006 -9999.0 -9999.0 -9999.0 -9999.0 -9999.0 -9999.0 -9999.0 -9999.0 -9999.0 -9999.0 -9999.0 -9999.0 -9999.0 -9999.0 -9999.0 -9999.0 -9999.0 -9999.0 -9999.0 -9999.0 -9999.0 -9999.0 -9999.0 -9999.0 -9999.0 -9999.0 -9999.0 -9999.0 -9999.0
496015910.7431719 38712411.41809224 60029813.70118621 76355683.42459348 80063761.45033602 107963486.35491402 77161339.26447567 94582159.51350479 61812202.046344995 66850149.09570782 78390826.58880316 69794716.69527991 68542123.88858853 61622979.60768048 47312780.8244228 60467863.19427084 47648240.65831741 34359718.45546817 29446016.799919005 40881340.038944155 55041131.672053866 37342255.78925288 31103882.69229974 2030724.9814823093 1871322.827458021 20885674.345560852 21538180.332398906 21328466.490654435 18133325.12629104 14028637.361306185 11445490.33281253 36534532.54303331 705553282.9934084 -9999.0 -9999.0 -9999.0 -9999.0 -9999.0 -9999.0 -9999.0 -9999.0 -9999.0 -9999.0 -9999.0 -9999.0 -9999.0 -9999.0 -9999.0 -9999.0 -9999.0 -9999.0 -9999.0 -9999.0 -9999.0 -9999.0 -9999.0 -9999.0 -9999.0 -9999.0 -9999.0 -9999.0 -9999.0
32779905.39780677 40702487.90765068 131882328.56222121 53062907.94083292 80133251.68733469 72985199.43535306 80632149.72079095 81084352.50061549 95683843.52209805 47464752.70649624 66838708.86290277 83168591.1648153 79608356.87682295 56291111.52050976 50019741.51299962 53395201.935648486 56795497.56492835 38149691.785837814 24950168.61354881 32674400.90638209 41445120.48261019 36971958.319957435 29176942.74148468 17385290.09243807 99518971.44308291 26252490.732148096 26676018.29712223 19577641.529120773 17970952.541873697 15282540.921861729 14520515.354402866 710902.5096759293 -9999.0 -9999.0 -9999.0 -9999.0 -9999.0 -9999.0 -9999.0 -9999.0 -9999.0 -9999.0 -9999.0 -9999.0 -9999.0 -9999.0 -9999.0 -9999.0 -9999.0 -9999.0 -9999.0 -9999.0 -9999.0 -9999.0 -9999.0 -9999.0 -9999.0 -9999.0 -9999.0 -9999.0 -9999.0 -9999.0
44030342.4935395 50144660.94050499 39580031.98924121 56069044.57188296 79848509.45776227 67650932.72071579 64188131.91850149 73204191.46237345 46810123.95138317 26451560.943442494 29239858.320428412 76234040.04199465 84903056.82250461 50712840.35711674 53322273.0182343 60264028.2321359 58727268.040286876 39913087.34679263 46753225.003616266 29766488.201291256 26002084.504778896 32990672.085945092 33580118.02988771 108236948.30661725 17261332.295796126 37238990.250289634 25754858.56257726 18163007.077901915 23329066.750265703 14990217.830824934 21740609.790107206 -9999 -9999.0 -9999.0 -9999.0 -9999.0 -9999.0 -9999.0 -9999.0 -9999.0 -9999.0 -9999.0 -9999.0 -9999.0 -9999.0 -9999.0 -9999.0 -9999.0 -9999.0 -9999.0 -9999.0 -9999.0 -9999.0 -9999.0 -9999.0 -9999.0 -9999.0 -9999.0 -9999.0 -9999.0 -9999.0 -9999.0
49343920.2488067 64692609.66652957 59329083.71629818 61709899.48436288 76792236.68983166 73969675.87756151 76286537.97205314 76796687.39661333 14374164.411879169 63852988.20275757 52575876.9592873 3244494.2357419403 80887507.2892399 75700027.6965581 75893096.6057684 51594497.87845358 25069703.321325343 51081036.82178755 39526297.88713023 41116371.82488025 40566039.257233895 41618801.548552744 32207448.13709508 26197395.88730292 29007888.30327943 39698691.24205195 22647449.38348608 25408401.887164287 25270369.640565075 39040697.70028732 128959075.82960524 -9999.0 -9999.0 -9999.0 -9999.0 -9999.0 -9999.0 -9999.0 -9999.0 -9999.0 -9999.0 -9999.0 -9999.0 -9999.0 -9999.0 -9999.0 -9999.0 -9999.0 -9999.0 -9999.0 -9999.0 -9999.0 -9999.0 -9999.0 -9999.0 -9999.0 -9999.0 -9999.0 -9999.0 -9999.0 -9999.0 -9999.0
57670382.31111344 67608694.1004338 64719058.62203329 68387359.76961413 80034829.43497975 78999808.5031514 75572136.5064234 17506228.56170217 52197681.476210035 2432224.2642982006 47410485.747058995 56370167.79705097 61008057.49665531 66807378.225088015 66787999.81361271 42894765.07198769 43591949.006173775 45130847.593291074 17380746.341315895 33049241.253388405 37303217.54866648 20662140.380000338 78688981.61579026 17962586.299877867 28900100.408926725 27191512.20651993 28587425.241015464 16386838.992547827 16996859.70735966 2286840.288121994 -9999.0 -9999.0 -9999.0 -9999.0 -9999.0 -9999.0 -9999.0 -9999.0 -9999.0 -9999.0 -9999.0 -9999.0 -9999.0 -9999.0 -9999.0 -9999.0 -9999.0 -9999.0 -9999.0 -9999.0 -9999.0 -9999.0 -9999.0 -9999.0 -9999.0 -9999.0 -9999.0 -9999.0 -9999.0 -9999.0 -9999.0 -9999.0
