Model Version1.4/trunk/input/2010/a_crop.asc
ncols 720
nrows 360
xllcorner -180
yllcorner -90
cellsize 0.5
NODATA_value -1
[rows 185 to 221 of 360, columns 166 to 248 of 720]
-1 -1 -1 -1 -1 -1 -1 -1 -1 -1 -1 -1 -1 -1 -1 -1 -1 -1 -1 -1 -1 -1 -1 -1 -1 -1 -1 -1 -1 -1 -1 -1 -1 10373.41735762326 38596.39287373321 13294.192379465234 16232.213343318763 13528.258747577112 722.8793166575553 0.0 178.25900539744887 0.0 0.0 0.0 0.0 0.0 0.0 0.0 0.0 0.0 0.0 0.0 0.0 0.0 0.0 0.0 0.0 0.0 0.0 0.0 0.0 797.7086976168761 0.0 0.0 0.0 0.0 0.0 0.0 0.0 0.0 0.0 0.0 0.0 2179.9185127027245 0.0 0.0 0.0 0.0 550.2186343073602 853.1357809885749 2243.897242095796 0.0 0.0
-1 -1 -1 -1 -1 -1 -1 -1 -1 -1 -1 -1 -1 -1 -1 -1 -1 -1 -1 -1 -1 -1 -1 -1 -1 -1 -1 -1 -1 -1 -1 -1 -1 13712.227068452697 45005.71499053314 28229.61733032592 16077.559522626983 4624.6614082026435 0.0 0.0 209.00402367099164 0.0 0.0 0.0 0.0 0.0 0.0 0.0 0.0 0.0 0.0 0.0 0.0 0.0 0.0 0.0 0.0 0.0 283.088654279815 0.0 0.0 0.0 0.0 0.0 0.0 0.0 0.0 0.0 0.0 0.0 0.0 0.0 1977.5012426081762 4023.2878152911503 1007.5770467514711 0.0 203.08223739288994 1837.496621905684 827.073299883844 0.0 0.0 0.0 0.0
-1 -1 -1 -1 -1 -1 -1 -1 -1 -1 -1 -1 -1 -1 -1 -1 -1 -1 -1 -1 -1 -1 -1 -1 -1 -1 -1 -1 -1 -1 -1 -1 4015.4561027819905 35590.25923177129 9985.387656091469 26954.28042410046 502.0148736083657 1434.6553005303201 0.0 0.0 0.0 0.0 0.0 0.0 0.0 0.0 0.0 3271.561892333021 0.0 0.0 0.0 0.0 137.42960318909923 0.0 0.0 0.0 0.0 0.0 0.0 0.0 0.0 0.0 0.0 0.0 0.0 0.0 0.0 0.0 0.0 0.0 0.0 0.0 0.0 294.1955506800296 0.0 1149.5256677248515 0.0 0.0 0.0 0.0 0.0 0.0 0.0
-1 -1 -1 -1 -1 -1 -1 -1 -1 -1 -1 -1 -1 -1 -1 -1 -1 -1 -1 -1 -1 -1 -1 -1 -1 -1 -1 -1 -1 -1 -1 0.0 10.207904875284626 9735.76355164563 14477.988813326423 27928.349892829712 853.1946093443793 828.5013481990761 0.0 0.0 0.0 0.0 0.0 0.0 0.0 0.0 0.0 418.84382218135744 0.0 0.0 0.0 0.0 0.0 781.5123289821587 1115.7093659038176 0.0 0.0 0.0 0.0 0.0 0.0 0.0 0.0 0.0 0.0 0.0 0.0 1002.377256749274 0.0 0.0 0.0 0.0 0.0 0.0 484.36591029220847 0.0 0.0 0.0 0.0 0.0 0.0 19017.522844705687 6753.15470397152
-1 -1 -1 -1 -1 -1 -1 -1 -1 -1 -1 -1 -1 -1 -1 -1 -1 -1 -1 -1 -1 -1 -1 -1 -1 -1 -1 -1 -1 -1 -1 8719.812074676673 44282.03424508726 29440.148201568885 12266.01307988656 2273.300196416346 0.0 0.0 0.0 0.0 597.2037345165257 0.0 207.2780929502726 0.0 0.0 0.0 266.11807495356925 0.0 0.0 0.0 0.0 0.0 0.0 0.0 0.0 0.0 0.0 0.0 0.0 0.0 1596.4641392253607 0.0 0.0 0.0 0.0 0.0 0.0 0.0 0.0 0.0 0.0 0.0 0.0 0.0 0.0 0.0 0.0 0.0 0.0 0.0 0.0 0.0 0.0
-1 -1 -1 -1 -1 -1 -1 -1 -1 -1 -1 -1 -1 -1 -1 -1 -1 -1 -1 -1 -1 -1 -1 -1 -1 -1 -1 -1 -1 -1 -1 0.0 37652.96952718659 32133.60385909892 6461.084348324814 4178.6617254821895 27510.810551401573 0.0 0.0 0.0 0.0 0.0 718.0128693595983 0.0 0.0 564.1892105351909 690.8223576864268 0.0 0.0 0.0 0.0 0.0 0.0 0.0 0.0 0.0 0.0 0.0 0.0 0.0 0.0 0.0 0.0 0.0 0.0 0.0 0.0 0.0 0.0 0.0 0.0 0.0 0.0 596.6879472128647 0.0 0.0 0.0 0.0 0.0 0.0 0.0 0.0 0.0
-1 -1 -1 -1 -1 -1 -1 -1 -1 -1 -1 -1 -1 -1 -1 -1 -1 -1 -1 -1 -1 -1 -1 -1 -1 -1 -1 -1 -1 -1 -1 0.0 2581.3759327021667 0.0 7193.202933290211 4375.791934865073 37988.0443459661 21957.610140149405 5142.311860287497 7696.333992485615 0.0 1387.3792409907524 0.0 0.0 285.8269512651421 291.4431020617231 0.0 0.0 0.0 0.0 0.0 0.0 0.0 0.0 0.0 0.0 0.0 0.0 0.0 0.0 0.0 0.0 0.0 0.0 0.0 0.0 0.0 0.0 0.0 0.0 0.0 470.7818042936552 0.0 0.0 0.0 0.0 0.0 0.0 0.0 0.0 0.0 0.0 0.0
-1 -1 -1 -1 -1 -1 -1 -1 -1 -1 -1 -1 -1 -1 -1 -1 -1 -1 -1 -1 -1 -1 -1 -1 -1 -1 -1 -1 -1 -1 -1 0.0 0.0 0.0 40056.59129161906 8746.99122680912 17606.254747501822 8978.393915291881 8106.531044644686 5282.116745083464 3853.64871792763 10491.21278670914 0.0 0.0 0.0 0.0 0.0 0.0 0.0 0.0 0.0 0.0 0.0 0.0 0.0 0.0 0.0 0.0 0.0 0.0 0.0 0.0 0.0 0.0 0.0 0.0 0.0 0.0 0.0 0.0 0.0 0.0 0.0 0.0 0.0 0.0 0.0 0.0 0.0 0.0 0.0 0.0 0.0
-1 -1 -1 -1 -1 -1 -1 -1 -1 -1 -1 -1 -1 -1 -1 -1 -1 -1 -1 -1 -1 -1 -1 -1 -1 -1 -1 -1 -1 -1 -1 -1 -1 8530.430030829846 130315.2180837238 22201.673876484074 21613.548775795753 20554.472794335004 6884.250814272757 0.0 10398.107679919014 10613.806127007532 0.0 492.32339486307956 0.0 0.0 0.0 0.0 0.0 0.0 0.0 0.0 0.0 0.0 1801.7193043615753 0.0 0.0 0.0 0.0 0.0 0.0 0.0 0.0 0.0 0.0 0.0 0.0 0.0 0.0 0.0 0.0 0.0 0.0 0.0 0.0 0.0 0.0 0.0 1302.6072131932603 0.0 0.0 0.0 0.0
-1 -1 -1 -1 -1 -1 -1 -1 -1 -1 -1 -1 -1 -1 -1 -1 -1 -1 -1 -1 -1 -1 -1 -1 -1 -1 -1 -1 -1 -1 -1 -1 -1 -1 26901.390706789527 42883.8788814653 9807.251838506236 21780.60301019454 6340.23616024439 1013.7546256189097 14094.589171531703 5362.854434558557 0.0 709.6369668824357 0.0 0.0 0.0 0.0 0.0 0.0 1050.6661029066108 0.0 0.0 0.0 0.0 0.0 0.0 0.0 0.0 0.0 0.0 0.0 0.0 0.0 976.0568118890905 0.0 0.0 0.0 0.0 0.0 0.0 0.0 0.0 0.0 0.0 0.0 0.0 0.0 1934.183188632065 0.0 0.0 0.0 0.0
-1 -1 -1 -1 -1 -1 -1 -1 -1 -1 -1 -1 -1 -1 -1 -1 -1 -1 -1 -1 -1 -1 -1 -1 -1 -1 -1 -1 -1 -1 -1 -1 -1 -1 -1 66917.6808092134 6520.579331358707 13100.712718086628 14252.940274036666 605.5897150181786 0.0 0.0 0.0 0.0 0.0 0.0 0.0 0.0 5052.150813598755 0.0 0.0 0.0 0.0 0.0 0.0 0.0 0.0 0.0 0.0 0.0 0.0 0.0 0.0 0.0 0.0 0.0 0.0 1015.1746007844578 0.0 0.0 0.0 0.0 0.0 0.0 0.0 0.0 0.0 0.0 0.0 0.0 0.0 0.0 0.0
-1 -1 -1 -1 -1 -1 -1 -1 -1 -1 -1 -1 -1 -1 -1 -1 -1 -1 -1 -1 -1 -1 -1 -1 -1 -1 -1 -1 -1 -1 -1 -1 -1 -1 -1 0.0 20141.871362890597 13798.760181210175 8870.505438745451 10699.117687346063 5215.726527987115 18510.7166186284 223.85013685550035 0.0 10544.058145907224 0.0 0.0 0.0 211.9042259814535 0.0 0.0 0.0 2402.926596438161 4104.8924786337175 0.0 0.0 0.0 0.0 0.0 0.0 0.0 0.0 0.0 0.0 0.0 0.0 0.0 0.0 0.0 0.0 2263.058185580072 0.0 0.0 0.0 0.0 0.0 0.0 0.0 0.0 0.0 363.3628563153343 151.37753585022105 0.0
-1 -1 -1 -1 -1 -1 -1 -1 -1 -1 -1 -1 -1 -1 -1 -1 -1 -1 -1 -1 -1 -1 -1 -1 -1 -1 -1 -1 -1 -1 -1 -1 -1 -1 -1 -1 22550.619265494657 5295.190460792567 7629.759270700176 6096.34399712827 88.94779756663758 3447.983947387723 259.70593541902485 1844.5476174358087 11372.67738275853 0.0 0.0 0.0 0.0 0.0 0.0 0.0 0.0 0.0 0.0 566.3015599613061 0.0 0.0 0.0 328.6422939970984 0.0 0.0 0.0 0.0 0.0 5374.3104308734355 24961.036354770786 639.4072683175061 0.0 0.0 297.3720536742678 0.0 0.0 0.0 0.0 0.0 0.0 0.0 1182.0879672654369 0.0 0.0 0.0 0.0
-1 -1 -1 -1 -1 -1 -1 -1 -1 -1 -1 -1 -1 -1 -1 -1 -1 -1 -1 -1 -1 -1 -1 -1 -1 -1 -1 -1 -1 -1 -1 -1 -1 -1 -1 -1 9231.796693786677 11222.464603180499 18649.35028329088 10467.994049832856 7243.199448394217 2424.881845038828 1628.3428829191635 2953.971488403322 238.40559870029486 0.0 0.0 0.0 0.0 0.0 0.0 0.0 0.0 0.0 0.0 0.0 6533.693214413331 4628.174329911138 0.0 0.0 0.0 0.0 0.0 0.0 2993.2041764286428 6870.652368680437 0.0 7791.296926700988 7582.314949396581 2436.1447764569543 0.0 0.0 0.0 0.0 0.0 0.0 0.0 0.0 0.0 781.8070041717662 236.68108431208475 2746.675848961383 0.0
-1 -1 -1 -1 -1 -1 -1 -1 -1 -1 -1 -1 -1 -1 -1 -1 -1 -1 -1 -1 -1 -1 -1 -1 -1 -1 -1 -1 -1 -1 -1 -1 -1 -1 -1 -1 -1 4813.628703353462 13012.82919273412 4174.7178880581605 9942.842665339029 13461.250711826675 11866.110290569188 0.0 0.0 0.0 0.0 0.0 0.0 0.0 0.0 0.0 0.0 0.0 0.0 0.0 0.0 16048.758115242428 29219.629080949275 11265.749080721398 1329.394416746308 4192.442463345616 1023.8787886663334 1174.6159183774366 0.0 0.0 0.0 20046.626685163945 18786.82939882897 15003.227969421201 2020.8389323214906 0.0 0.0 0.0 0.0 0.0 0.0 1673.6811760826672 5637.486695776852 7207.693024427441 15963.548261316078 27991.65450418472 5034.118013026499
-1 -1 -1 -1 -1 -1 -1 -1 -1 -1 -1 -1 -1 -1 -1 -1 -1 -1 -1 -1 -1 -1 -1 -1 -1 -1 -1 -1 -1 -1 -1 -1 -1 -1 -1 -1 -1 520.0194910173474 127.42995740845191 7891.948829593385 9090.485936030122 15040.186280758679 4730.340667820743 4301.8978744946 0.0 422.6346090448029 0.0 0.0 0.0 0.0 0.0 0.0 0.0 0.0 0.0 0.0 0.0 1809.8650345094627 26955.24017759193 29469.694602696225 0.0 0.0 0.0 12895.947467214663 6164.331407113339 0.0 19852.468502925003 20915.597670132374 33051.00929411648 55894.30441960877 4685.588548509166 6340.4453873764905 2574.387535451968 0.0 0.0 4989.472139724599 7650.440572426225 5887.791762057757 985.4266703108642 2581.9867328755927 7243.076055613353 13064.96900098404 29875.510904849903
-1 -1 -1 -1 -1 -1 -1 -1 -1 -1 -1 -1 -1 -1 -1 -1 -1 -1 -1 -1 -1 -1 -1 -1 -1 -1 -1 -1 -1 -1 -1 -1 -1 -1 -1 -1 -1 -1 34872.32555591183 1085.7611916973574 9517.783290631225 8830.116387448781 1750.3822758825322 7362.560140308175 82.73858780732482 0.0 0.0 0.0 0.0 0.0 0.0 0.0 0.0 0.0 0.0 9586.741055619661 34259.36480518016 21330.035370582034 7033.71442033565 0.0 0.0 13130.5193901206 0.0 18963.189540011346 0.0 0.0 4756.381183769224 0.0 40845.56151541869 43774.14159741087 30678.141422680506 8498.910303052608 0.0 0.0 0.0 1828.7105198942795 7645.566817096634 0.0 8620.58638863524 6234.258342317704 1912.0702012669024 7209.721031140146 19271.079975172703
-1 -1 -1 -1 -1 -1 -1 -1 -1 -1 -1 -1 -1 -1 -1 -1 -1 -1 -1 -1 -1 -1 -1 -1 -1 -1 -1 -1 -1 -1 -1 -1 -1 -1 -1 -1 -1 -1 17384.84259545772 28550.250408077132 1075.1209065317164 5424.267366909131 23385.960346483014 9203.787012422275 10.438069660430923 3682.263164787132 258.6565464740458 0.0 0.0 0.0 0.0 0.0 0.0 0.0 0.0 0.0 3162.72242050163 0.0 596.6447740778525 0.0 0.0 777.3822886887665 0.0 0.0 0.0 0.0 0.0 7130.097529296828 16508.43470217567 38357.51524953458 37166.479039329526 35560.38621561206 19586.909893456297 0.0 0.0 7101.34016322083 32398.083301609728 4128.234831335469 15708.300514310064 23566.05635252837 20866.538742868313 12048.503932426911 9529.982011664826
-1 -1 -1 -1 -1 -1 -1 -1 -1 -1 -1 -1 -1 -1 -1 -1 -1 -1 -1 -1 -1 -1 -1 -1 -1 -1 -1 -1 -1 -1 -1 -1 -1 -1 -1 -1 -1 -1 -1 15545.265027841004 18421.352028852005 26.313356868958966 4774.4369326041615 23776.104837674666 2712.653812390768 1220.4842410985884 0.0 267.6442846657468 600.6862342365913 0.0 0.0 0.0 0.0 0.0 0.0 0.0 0.0 0.0 0.0 0.0 0.0 0.0 0.0 0.0 0.0 292.66952149366773 0.0 12832.588101910293 27217.392327277194 40721.81878853111 53961.58138108996 27917.000117406238 30663.63264268179 0.0 364.2974633720646 6324.149638414052 10987.07441761468 13540.611302216 6563.389569879976 8740.860431887055 9462.865683443117 12786.239804342193 39227.23842704059
-1 -1 -1 -1 -1 -1 -1 -1 -1 -1 -1 -1 -1 -1 -1 -1 -1 -1 -1 -1 -1 -1 -1 -1 -1 -1 -1 -1 -1 -1 -1 -1 -1 -1 -1 -1 -1 -1 -1 0.0 5379.3456673726005 1321.228858488161 5488.650669908438 26889.85295467833 12149.711764064741 3589.3502525651293 227.46878266333428 300.5334607910178 0.0 3917.5633311302186 0.0 0.0 0.0 0.0 0.0 0.0 0.0 0.0 0.0 0.0 1139.639809960315 5.898465268541693 0.0 177.9500812293175 0.0 440.5057478715071 6026.733403423164 7340.352270042444 6755.2490421416505 17838.64477321155 29580.833024150445 22933.104051097263 11244.905515374814 905.0035920919843 3547.66317085203 237.88606239209003 0.0 3355.0194090122823 1187.3190300046317 0.0 3745.8974148993602 31716.7287050695 51497.78102106253
-1 -1 -1 -1 -1 -1 -1 -1 -1 -1 -1 -1 -1 -1 -1 -1 -1 -1 -1 -1 -1 -1 -1 -1 -1 -1 -1 -1 -1 -1 -1 -1 -1 -1 -1 -1 -1 -1 -1 -1 9109.231400519704 9122.252929210117 6609.560845786993 12333.99758898068 20044.25366315061 11242.490547886597 3346.3066939321784 18.67115160568158 12244.239107010431 9868.535115944831 7510.245651747379 316.23203256227845 3207.973319293165 2126.642529828317 252.9218237385157 4007.921433451086 0.0 0.0 0.0 0.0 0.0 0.0 0.0 314.82331022844926 31.241672648974927 0.0 0.0 0.0 0.0 2196.1642288858284 2620.6103255525372 26383.931814018753 30828.42612961103 10261.914904791955 290.7881507537484 6702.022236116326 27356.09394572857 31242.656077797128 737.4219308622754 1541.4870798614388 12092.804061639556 71781.39702999483 69306.23006099313
-1 -1 -1 -1 -1 -1 -1 -1 -1 -1 -1 -1 -1 -1 -1 -1 -1 -1 -1 -1 -1 -1 -1 -1 -1 -1 -1 -1 -1 -1 -1 -1 -1 -1 -1 -1 -1 -1 -1 -1 -1 38394.678378164586 1653.1559636787342 5991.419552261701 13494.988691800212 21359.962092883445 13789.131437116928 8511.985392853909 9140.996707233815 20937.8185628787 15796.600221289247 2134.8136731760824 16.92912131000691 0.0 0.0 0.0 0.0 0.0 0.0 0.0 3408.1902175041064 0.0 4227.180188077567 8307.662715613696 88.57995901352537 1086.8147021636605 936.703916252386 883.1190456419156 0.0 3747.0493078345553 283.0776793413124 23679.94626544265 47254.380961785406 26592.83525979539 6475.988167510642 28469.54378268841 81322.11281602972 50441.986322599645 68042.04269602118 9934.198929012498 2694.706408845287 63495.642186974546 66624.59296548068
-1 -1 -1 -1 -1 -1 -1 -1 -1 -1 -1 -1 -1 -1 -1 -1 -1 -1 -1 -1 -1 -1 -1 -1 -1 -1 -1 -1 -1 -1 -1 -1 -1 -1 -1 -1 -1 -1 -1 -1 -1 39223.40270787612 0.0 1151.565711057608 15711.58050374728 20670.219176985105 12870.067979569258 17418.544267128327 17669.503411450376 8171.443887478499 12784.311686270239 7660.222384691125 2901.8781427322288 1249.682704334882 1136.2630718126034 0.0 302.5969505313565 4302.884519010382 2466.394256053098 0.0 1330.4194313967391 2212.4311772661476 63.27997827921789 667.7721645782203 5104.399280872248 0.0 8734.354045947775 208.82919182750487 640.8520471756033 0.0 107.05368965865635 0.0 2338.6230659675825 17083.824393860352 22426.845924533263 66499.17211683831 93662.39839456305 34014.80241901926 115217.35926631633 65554.33263409768 279122.9927117555 52378.48910123914 58687.38865839583
-1 -1 -1 -1 -1 -1 -1 -1 -1 -1 -1 -1 -1 -1 -1 -1 -1 -1 -1 -1 -1 -1 -1 -1 -1 -1 -1 -1 -1 -1 -1 -1 -1 -1 -1 -1 -1 -1 -1 -1 -1 0.0 17518.125104888906 457.8195480629703 5098.060625112847 4734.259099812325 11298.904109757734 8196.803234370129 5382.680111300429 11492.10109709524 12499.779538238367 7330.145558350828 1196.3937317213065 0.0 0.0 4428.804684985109 4124.78422821079 0.0 3601.0053247237606 648.8049768075415 673.3464453138381 1028.974359388933 3239.099478711696 4558.160190694719 3311.481136452927 485.21376997183506 4890.061051865469 0.0 1691.1417372552469 0.0 0.0 0.0 0.0 26563.43278120498 13740.301825776367 51531.61106303754 20074.752184649984 40449.629390682254 79736.35765031567 51451.60516668406 230769.66814130679 229896.8438415808 200218.69897001327
-1 -1 -1 -1 -1 -1 -1 -1 -1 -1 -1 -1 -1 -1 -1 -1 -1 -1 -1 -1 -1 -1 -1 -1 -1 -1 -1 -1 -1 -1 -1 -1 -1 -1 -1 -1 -1 -1 -1 -1 -1 -1 0.0 1539.0621781363448 0.0 385.3943836887052 1658.8250704124566 4685.481963864506 1862.8774456654028 2234.717689222006 2846.9832774297793 20291.210499583896 17035.766403138925 11607.942671526369 3805.567046619042 672.3125658931514 3257.353421636373 7080.777821208893 2032.2643309829598 10033.592712870626 6465.248518628029 0.0 888.2353262644438 3791.6619908219914 14983.476325850308 995.4302705810036 0.0 0.0 0.0 0.0 0.0 43.20926310019107 0.0 14675.060496524446 26737.988452108457 17279.584181967442 26563.454879549623 41608.61975185155 129531.998180908 139943.0316798573 31471.565746993318 122801.94865596875 133949.9195378783
-1 -1 -1 -1 -1 -1 -1 -1 -1 -1 -1 -1 -1 -1 -1 -1 -1 -1 -1 -1 -1 -1 -1 -1 -1 -1 -1 -1 -1 -1 -1 -1 -1 -1 -1 -1 -1 -1 -1 -1 -1 -1 -1 0.0 0.0 108.49156416962033 1314.8591294892121 1090.0019477324547 1158.4321971999875 323.1184937049815 2038.8705443621752 3.2795712351855375 0.0 29926.185830813014 10556.19275308166 7056.381910326481 6692.358587125898 3787.7211876399256 5460.438230633235 9102.902954806717 0.0 0.0 4132.783813427929 5135.252349900455 2893.9393270784853 5202.374010524118 1486.4752955748725 0.0 0.0 0.0 0.0 2001.1447936338077 7854.78042439784 36283.20525006793 35957.111487509595 68754.9086531514 83233.13005175405 70286.8397065547 43356.004971316266 35974.34417012297 51896.76548014916 52316.198565832674 54922.60970557263
-1 -1 -1 -1 -1 -1 -1 -1 -1 -1 -1 -1 -1 -1 -1 -1 -1 -1 -1 -1 -1 -1 -1 -1 -1 -1 -1 -1 -1 -1 -1 -1 -1 -1 -1 -1 -1 -1 -1 -1 -1 -1 -1 -1 0.0 422.7892197666631 3.801500750719091 61.24423164885874 1230.362975224802 5247.498863930519 8074.882186212352 1828.4254294819789 1109.2134058499873 28672.292889110715 7242.57445854631 1897.7497779679552 4827.589520422218 322.5523396749125 1754.5670621085385 12650.637066487268 0.0 0.0 0.0 1899.5382301483546 5601.32163653477 3715.117842906097 3942.617706584038 4902.3036356389475 0.0 0.0 11031.911852964442 8868.693186353346 4628.525382283266 17314.962769826834 38677.4349756444 75729.53485858708 99452.068915137 87142.38286381586 23388.19089227829 25639.63920901506 49259.75676119 29454.424790764042 45671.08117594641
-1 -1 -1 -1 -1 -1 -1 -1 -1 -1 -1 -1 -1 -1 -1 -1 -1 -1 -1 -1 -1 -1 -1 -1 -1 -1 -1 -1 -1 -1 -1 -1 -1 -1 -1 -1 -1 -1 -1 -1 -1 -1 -1 -1 -1 -1 0.0 0.0 0.0 75.60785906371707 11415.302692824886 21008.395920665625 581.9609739822918 1497.442542014486 10439.851184163997 5139.412737125131 29723.65556878613 32224.166815682373 6297.4336683870915 3530.5884204907056 424.4051754477121 0.0 0.0 4397.5522016083605 353.28359678486163 272.86015674453927 20238.556810920018 4753.865857150213 21893.34610951563 21467.522385747598 1461.6585822485808 6790.05449787845 9110.575118654882 30430.64219075031 45868.60754462855 21336.13887882881 39982.37977099825 54892.53710794569 24967.736439821394 31216.145101755883 53882.617102993536 32819.09161510853 24016.280908691326
-1 -1 -1 -1 -1 -1 -1 -1 -1 -1 -1 -1 -1 -1 -1 -1 -1 -1 -1 -1 -1 -1 -1 -1 -1 -1 -1 -1 -1 -1 -1 -1 -1 -1 -1 -1 -1 -1 -1 -1 -1 -1 -1 -1 -1 -1 -1 -1 5164.334487919079 0.0 0.0 1558.7855815876292 438.8512218837452 184.73125286392647 0.0 3970.2521482525685 9808.967855210267 28058.79017863061 0.0 0.0 1388.7904167202748 0.0 7214.871958530529 38266.738857489574 6927.114525527692 2070.7479417365275 17920.222822526877 42871.22725786527 18639.737555706022 15205.634348124222 3304.2196363254893 3241.736609481933 5480.503452589125 701.9829064630784 260.3671953083579 1205.3326539690606 5184.1301292036005 4849.059702092386 24679.268106770916 12448.48458169227 5738.496166470639 11151.895797237323 22192.524768640098
-1 -1 -1 -1 -1 -1 -1 -1 -1 -1 -1 -1 -1 -1 -1 -1 -1 -1 -1 -1 -1 -1 -1 -1 -1 -1 -1 -1 -1 -1 -1 -1 -1 -1 -1 -1 -1 -1 -1 -1 -1 -1 -1 -1 -1 -1 -1 -1 -1 -1 3202.456498131543 0.0 1143.2435907906577 11647.094971224653 789.6923812120755 7798.198575154386 1431.726461274802 2677.241840211859 9870.854867233666 289.4147992131906 0.0 15344.342988902292 36522.127993810085 41042.93060297586 44832.71310572138 40931.56055160224 74166.98328363233 101865.38585030807 43829.44477206936 50348.39153273522 36270.889161547486 4471.213426194534 9863.816517575628 391.31101369853536 200.53950771681565 205.13214394443972 957.616021459656 18503.887272425975 18673.869033177216 10919.149327294313 8264.06821688295 1352.254716677089 34651.77577259511
-1 -1 -1 -1 -1 -1 -1 -1 -1 -1 -1 -1 -1 -1 -1 -1 -1 -1 -1 -1 -1 -1 -1 -1 -1 -1 -1 -1 -1 -1 -1 -1 -1 -1 -1 -1 -1 -1 -1 -1 -1 -1 -1 -1 -1 -1 -1 -1 -1 -1 -1 69.74084973359429 122.39962667240688 2280.3759092438986 170.29073517760574 168.5229232534584 772.45050929474 340.74062295351985 5595.610870057926 1292.2223031505368 1304.9755204646046 50785.68016130203 15414.636690601217 15497.570865145784 1064.471857250449 2589.4084930418785 10828.213710336662 96139.42454359445 67537.52527247638 30112.392915628912 37609.68894214002 2899.2782381971024 11159.882305610376 3604.91162441395 3515.7183304411938 0.0 0.0 394.5768371237046 6534.953879646449 15262.556788838476 29107.25970248204 32768.836201178 23872.728484961768
-1 -1 -1 -1 -1 -1 -1 -1 -1 -1 -1 -1 -1 -1 -1 -1 -1 -1 -1 -1 -1 -1 -1 -1 -1 -1 -1 -1 -1 -1 -1 -1 -1 -1 -1 -1 -1 -1 -1 -1 -1 -1 -1 -1 -1 -1 -1 -1 -1 -1 -1 -1 0.0 2450.6957322332833 80.75669407836386 266.1514759060054 1150.3377463663146 0.0 403.5379160188053 317.8837511685344 58.37491564465256 0.0 1467.543313094071 6381.962923873855 2776.9206931795043 10255.544960115825 9125.868034341467 60578.41806876824 36011.07711227744 6393.440885094182 4026.494990289621 155.50924539552258 19064.38402530434 14728.675179920421 10401.37147307126 1967.2831542765182 658.6363963779348 1250.8371897030763 1559.3518634369473 12829.389805804345 14654.094477147766 14423.453019643403 28936.379035313013
-1 -1 -1 -1 -1 -1 -1 -1 -1 -1 -1 -1 -1 -1 -1 -1 -1 -1 -1 -1 -1 -1 -1 -1 -1 -1 -1 -1 -1 -1 -1 -1 -1 -1 -1 -1 -1 -1 -1 -1 -1 -1 -1 -1 -1 -1 -1 -1 -1 -1 -1 -1 -1 0.0 16.390262916683255 361.98491342483345 44.530002959002765 0.0 149.92330819381903 68.06269157677697 4141.89274489291 2545.4739618534013 29481.728817354804 24623.384004632197 1862.3411825817977 0.0 694.4005966177073 22814.321526507618 0.0 0.0 126.66599154463488 1410.2530717849047 12960.210561736047 12353.470706938166 25107.4197472114 5104.77005588092 4408.986988181136 2225.346393882637 4700.324217235449 22627.40601131577 20588.243767924036 34272.7137162635 30457.980429633786
-1 -1 -1 -1 -1 -1 -1 -1 -1 -1 -1 -1 -1 -1 -1 -1 -1 -1 -1 -1 -1 -1 -1 -1 -1 -1 -1 -1 -1 -1 -1 -1 -1 -1 -1 -1 -1 -1 -1 -1 -1 -1 -1 -1 -1 -1 -1 -1 -1 -1 -1 -1 -1 0.0 0.0 0.0 152.61804461480702 0.0 0.0 16.469473391801017 588.4343469515895 1098.7161704338678 474.8629109465436 19731.871847787694 14232.525692885269 5728.135732544658 2670.41959762691 3745.0775146482283 4975.365412228623 0.0 0.0 0.0 196.2963044645248 1458.8380992394825 9791.869175431568 2355.867591497701 0.0 2328.511161358262 28778.52745268055 25982.005064335342 17545.040702150225 49794.552540577715 31594.521295703493
-1 -1 -1 -1 -1 -1 -1 -1 -1 -1 -1 -1 -1 -1 -1 -1 -1 -1 -1 -1 -1 -1 -1 -1 -1 -1 -1 -1 -1 -1 -1 -1 -1 -1 -1 -1 -1 -1 -1 -1 -1 -1 -1 -1 -1 -1 -1 -1 -1 -1 -1 -1 -1 0.0 0.0 0.0 0.0 0.0 0.0 0.0 0.0 11.99605241418002 12050.454672113994 6107.117825748346 2183.4574089417174 16795.828933650475 13121.968173963402 0.0 6643.7674105335145 0.0 0.0 0.0 0.0 46.06826603433606 1461.658555271316 4410.868287098467 10329.023290906802 1711.5350075033423 24635.64576546813 18503.61921344687 27118.119139935738 21879.210039682086 28894.95320381417
-1 -1 -1 -1 -1 -1 -1 -1 -1 -1 -1 -1 -1 -1 -1 -1 -1 -1 -1 -1 -1 -1 -1 -1 -1 -1 -1 -1 -1 -1 -1 -1 -1 -1 -1 -1 -1 -1 -1 -1 -1 -1 -1 -1 -1 -1 -1 -1 -1 -1 -1 -1 -1 0.0 0.0 0.0 0.0 0.0 0.0 0.0 0.0 0.0 0.0 416.45951978757546 2086.9210012293793 4109.46466289858 10050.644660020605 0.0 1716.2059173024074 0.0 0.0 0.0 0.0 0.0 4139.434772738174 2168.3128595368416 1405.8721587085156 2964.9916917061055 17953.752884995385 30684.145137625543 48445.025542421 61546.43254950075 66956.44178758566
-1 -1 -1 -1 -1 -1 -1 -1 -1 -1 -1 -1 -1 -1 -1 -1 -1 -1 -1 -1 -1 -1 -1 -1 -1 -1 -1 -1 -1 -1 -1 -1 -1 -1 -1 -1 -1 -1 -1 -1 -1 -1 -1 -1 -1 -1 -1 -1 -1 -1 -1 -1 -1 0.0 0.0 0.0 0.0 0.0 0.0 0.0 0.0 0.0 0.0 1006.998234240941 11131.69927897328 3755.3571063998666 5135.556763392769 0.0 0.0 0.0 0.0 0.0 0.0 0.0 243.65988969802126 0.0 2072.5051716004646 2864.0864197406945 7479.155474794016 8382.934588831935 48904.26582820576 59766.26689558336 64454.32471652173
