Model Version1.4/trunk/input/2010/n_man_eff.asc
ncols 720
nrows 360
xllcorner -180.0
yllcorner -90.0
cellsize 0.5
NODATA_value -9999.0
[rows 140 to 167 of 360, columns 305 to 365 of 720]
-9999.0 -9999.0 -9999.0 -9999.0 -9999.0 -9999.0 -9999.0 -9999.0 -9999.0 -9999.0 -9999.0 -9999.0 -9999.0 -9999.0 -9999.0 -9999.0 -9999.0 -9999.0 -9999.0 -9999.0 -9999.0 -9999.0 314982.2728819539 479982.9751438462 0.0 1039919.0861288715 559681.5458912358 568484.7104920197 651913.4841101858 479642.1835849241 479718.3998643475 479669.22466370015 479877.61157020845 479565.3105262891 480024.82766587025 0.0 0.0 0.0 0.0 0.0 0.0 0.0 479565.0085604606 0.0 0.0 0.0 0.0 0.0 0.0 0.0 0.0 0.0 0.0 0.0 0.0 0.0 221812.7941120342 221871.45236932795 110874.99967947188 0.0 111341.73963075134
-9999.0 -9999.0 -9999.0 -9999.0 -9999.0 -9999.0 -9999.0 -9999.0 -9999.0 -9999.0 -9999.0 -9999.0 -9999.0 -9999.0 -9999.0 -9999.0 -9999.0 -9999.0 -9999.0 -9999.0 -9999.0 -9999.0 372505.46579457977 481359.1787657022 1042675.5170796599 1443197.7047913 646157.8612332706 481327.16279639327 481218.53043578117 481157.34452823247 481122.97321760084 480995.90582280845 481340.4342103802 481340.04165662883 481422.6596218547 481136.30502931133 481055.55925265857 481502.5145940525 481340.4342108536 481462.3379871699 481177.2667504188 481421.76882028737 481259.59784587496 111690.36313553846 0.0 0.0 0.0 0.0 0.0 0.0 0.0 0.0 0.0 0.0 0.0 0.0 111144.33507136434 111221.65492683282 0.0 0.0 0.0
-9999.0 -9999.0 -9999.0 -9999.0 -9999.0 -9999.0 -9999.0 -9999.0 -9999.0 -9999.0 -9999.0 -9999.0 -9999.0 -9999.0 -9999.0 -9999.0 -9999.0 -9999.0 -9999.0 -9999.0 -9999.0 -9999.0 135918.35230206317 482865.82425950497 482666.4434968706 482984.8669035879 482746.7891659235 482666.4434968706 482985.16132101626 482573.9965294246 482826.0477580873 643481.7921241061 965545.3202463172 724356.9819053388 643768.1316186629 482787.2601931291 482627.2633766281 482548.78989889356 482866.02808829205 482746.29847020947 482667.53057504667 482745.7020877475 482628.04848977044 224559.7330296524 0.0 0.0 0.0 0.0 0.0 0.0 0.0 0.0 0.0 0.0 0.0 0.0 111486.6959410916 223463.30884506745 111698.96241666176 111721.77103750802 0.0
-9999.0 -9999.0 -9999.0 -9999.0 -9999.0 -9999.0 -9999.0 -9999.0 -9999.0 -9999.0 -9999.0 -9999.0 -9999.0 -9999.0 -9999.0 -9999.0 -9999.0 -9999.0 -9999.0 -9999.0 -9999.0 -9999.0 22845.388569224 564033.075796775 483847.87134038453 484273.1606045537 483924.170663402 888189.22246671 484273.1606045537 484196.86128153617 1297748.6926885722 2097496.6224259124 645097.9597532391 645065.6277389129 564901.4778804865 483964.52845035645 484427.91830589465 483846.88995162025 484349.3617860805 484002.7271826105 484195.4873355233 484311.75189115154 484118.991735334 224993.88622990676 0.0 0.0 0.0 0.0 0.0 0.0 0.0 0.0 0.0 0.0 0.0 0.0 336535.9354406069 559120.3282458463 447879.0223263603 223898.87245358256 0.0
-9999.0 -9999.0 -9999.0 -9999.0 -9999.0 -9999.0 -9999.0 -9999.0 -9999.0 -9999.0 -9999.0 -9999.0 -9999.0 -9999.0 -9999.0 -9999.0 -9999.0 -9999.0 -9999.0 -9999.0 -9999.0 -9999.0 0.0 1859906.6346746285 647888.7328335281 809577.1036306478 1295325.5656300103 1052447.3562257981 889882.5661401447 1459462.837875462 2605073.784933728 2835587.5920486734 1780667.4376276603 1457346.182338457 1537978.2062519605 1618950.916029879 647588.9180962747 485454.9961028198 485418.7828017449 485755.89792169916 1456895.5581078744 485530.99346056115 485229.00456296856 242728.38885227288 0.0 0.0 0.0 0.0 0.0 0.0 564373.5735516613 0.0 0.0 0.0 0.0 0.0 224226.0451189537 224460.99391069842 112169.25996635965 112738.02297318353 0.0
-9999.0 -9999.0 -9999.0 -9999.0 335697.50244499714 -9999.0 -9999.0 -9999.0 -9999.0 -9999.0 -9999.0 -9999.0 -9999.0 -9999.0 -9999.0 -9999.0 -9999.0 -9999.0 -9999.0 -9999.0 -9999.0 -9999.0 899767.869107456 2920290.615078619 2920154.247124004 2918725.727845301 2918026.464602505 2919190.2651689346 2919520.6539879013 2918497.796171579 2918629.634639128 2919548.027233615 2925952.947470077 2929137.8359575234 2920734.920670933 2920985.839518969 1785669.5085202681 1866827.2934152721 1298802.3068658838 2434456.5607417533 2758504.248690234 2110456.504112135 1948020.7103240837 811787.4890121684 0.0 566170.2971220048 226345.2259587053 566054.4015409009 1018920.5440465679 565716.1876956149 452713.70260844403 0.0 0.0 226255.92815646747 0.0 0.0 0.0 113153.55667662642 0.0 0.0 113153.55667667226
-9999.0 -9999.0 -9999.0 -9999.0 1082379.5953594842 108445.61729416913 142890.61971226407 -9999.0 -9999.0 291095.98398223397 -9999.0 -9999.0 -9999.0 -9999.0 -9999.0 -9999.0 -9999.0 -9999.0 -9999.0 -9999.0 -9999.0 -9999.0 3139333.7740709484 4131675.6672602007 3400852.6731053297 2912177.612025777 3043803.8276158287 2926251.874209448 2926908.19029822 2923622.4502657237 2924676.9163941587 2967791.82510117 2928080.4006191944 2933850.0229765223 2957954.9408550016 2927771.2853285125 2927528.6026005447 2928651.796258983 2927667.793945951 2928225.5104977963 2928143.504016879 2928092.5245663915 2928580.079273255 2440871.9997605 1929177.2720916676 2608761.5778136402 2495421.3104224117 2554454.121769428 2442411.0566014107 2129662.5613026884 2243964.9796097884 2153603.1934848074 1021241.4975019238 340660.91711953684 113398.2941236898 113553.63903993911 340515.8871311203 567279.0360662224 340562.27273020294 113305.31241906808 340512.61372089566
-9999.0 -9999.0 -9999.0 -9999.0 -9999.0 -9999.0 -9999.0 -9999.0 -9999.0 318122.58623866725 -9999.0 -9999.0 -9999.0 -9999.0 -9999.0 -9999.0 -9999.0 -9999.0 -9999.0 -9999.0 -9999.0 -9999.0 10451068.661353838 2976572.5018841326 3730682.890549884 3729135.4176355163 4129121.5881085275 4616685.651164809 3045306.6396839223 3104293.448511704 2932651.75440223 2982867.346021588 2940387.260094985 2936090.0024897177 2937379.285675828 2933918.0272134156 2932355.4726763745 2937850.6923657106 2934356.731332571 2934242.625835132 2936088.2011052785 2940212.1599683533 2935741.0578465774 2936370.1290354757 2957339.707143632 2046345.9775174828 2609508.9083335954 2547944.484203603 2854274.2304332573 2728059.5474415882 2728318.3574009845 2500394.3580826335 1706181.2189418578 1933103.3861757866 1440574.0843590253 1364199.2437736841 1818946.2607124494 2046619.1125890785 1137824.672902088 1592381.3162688056 568206.905915917
-9999.0 -9999.0 -9999.0 -9999.0 -9999.0 -9999.0 -9999.0 -9999.0 -9999.0 -9999.0 -9999.0 -9999.0 -9999.0 -9999.0 -9999.0 -9999.0 -9999.0 -9999.0 -9999.0 -9999.0 -9999.0 559872.0196226806 5203488.867232947 4022282.747514378 5591727.899716164 6705360.9802121725 6797033.4669667585 3741906.7482443876 2444220.5543276547 3089684.498525603 2940972.1021918394 2941447.298928882 3003101.4007586446 2941450.9753727587 2940146.594414792 2960293.007704791 2938817.142718264 2944763.244685466 2941244.9890961745 2941470.1275781253 2942267.763875084 2942883.556093279 2941655.127197334 2942797.3975734822 2849548.5129738636 2659580.521825113 2549020.3684483105 2945666.0298287757 3264474.0741746337 2622107.946946482 2507652.5095676486 2164479.65494821 1252853.525529547 2165357.9289399018 2508370.2601307235 2165819.682214665 2278705.8693721807 2735029.301976378 2394578.883059401 2393558.9893194186 1140369.9549816698
-9999.0 -9999.0 -9999.0 -9999.0 -9999.0 -9999.0 0.0 1557654.254921982 621342.2902175267 -9999.0 -9999.0 -9999.0 -9999.0 -9999.0 -9999.0 -9999.0 -9999.0 -9999.0 -9999.0 -9999.0 0.0 6033192.145023964 8550035.067143682 2407837.8973019915 7122970.263225832 2285934.5606179046 8567992.300677428 4409096.315081958 4121584.560581205 2635824.977575344 2945943.734887213 3719199.671236578 2896203.6670943443 3230163.5707128127 2835344.9138504295 2957592.566354668 2592218.412626102 2485404.18590598 2717342.4009716343 2599050.5742155598 3266472.125109068 2641147.9384928048 2574634.2039010813 2628565.4284898033 3261877.804298329 3453120.9016636186 3427478.929691863 3600745.149369256 3363154.1569244624 2628074.774746288 2628197.101367903 2629096.5525326636 3175347.6486490606 3060683.427727836 2842120.50672527 2742618.046894541 2622007.176416954 2971221.6946920557 6278899.3767217025 4972675.639408205 5430533.687283054
-9999.0 -9999.0 -9999.0 -9999.0 -9999.0 134453.00012827915 128736.06762675359 1020307.2287400966 -9999.0 -9999.0 -9999.0 -9999.0 -9999.0 -9999.0 -9999.0 -9999.0 -9999.0 -9999.0 -9999.0 -9999.0 768568.1408604222 5162049.622914403 863454.8936226784 1316028.0406269787 1490854.8477190668 2318863.6399922064 2805762.0120969606 2499131.0241902275 2701711.8069740534 3408209.3240355 5608669.96721614 2584424.245065875 8746864.650035221 2660604.3412628183 2379988.4241119074 7856753.530619281 9248890.561064484 2717818.092407963 8997125.192755017 2721843.3537011906 2819213.21271851 8717415.967103511 7182875.4923284035 2634501.332546562 3324926.528522619 1831436.811217177 7172292.192693915 3034651.9931614813 2636677.7649503564 2761858.201617932 2807297.5278500817 2633845.734689169 2610921.087374076 10227186.524368932 9010297.585193433 4937214.744236675 6273390.022574453 6502317.808840033 5905951.88452539 5528689.688386699 5149478.306351974
-9999.0 -9999.0 -9999.0 -9999.0 -9999.0 -9999.0 -9999.0 -9999.0 -9999.0 -9999.0 -9999.0 -9999.0 -9999.0 -9999.0 -9999.0 -9999.0 -9999.0 -9999.0 -9999.0 -9999.0 -9999.0 4307586.475573748 1274015.025973063 851538.8410343565 1178192.5874082565 1846972.0898181389 3052273.1031133835 2679838.2237494257 2885083.8166069994 8627934.122874105 8507206.892878126 2539484.938366116 8360963.363784065 2470728.486643795 2305721.8089569015 2841554.50774145 2651052.8500047754 2659342.9989855746 2714242.2468223306 2430274.008042146 2937399.9802998505 6871723.2138272105 1632311.8071544191 2598028.98079998 2726881.720989039 7065097.516435952 2361832.053928405 2915984.5781274633 3174213.977888021 2636529.899913944 2523333.3994485755 9430188.69586967 10474644.65454845 8962636.83110709 10231293.203864953 13597569.933421586 6571536.430704937 6301283.677978546 6327925.819298695 6290509.762962367 6747771.265948848
-9999.0 -9999.0 -9999.0 -9999.0 -9999.0 -9999.0 -9999.0 -9999.0 -9999.0 -9999.0 -9999.0 -9999.0 -9999.0 -9999.0 -9999.0 -9999.0 -9999.0 -9999.0 -9999.0 -9999.0 -9999.0 543345.0210264098 7446043.40608215 5078272.692370645 8128377.378231306 7800578.899844309 7336988.5009088125 7225426.019879666 2530863.795988101 7634247.898592495 2442682.2476400696 2569032.440164411 2176266.7956571872 2394344.171887686 2404607.5227582008 2282001.771848106 2166237.459356045 1676140.544219808 2648304.6197185293 8342745.361075749 9807023.792745346 1821251.7937524475 8122246.649655549 6510105.65781046 2484050.426286732 2574509.550914224 9812834.166287627 2745566.0556145823 2673973.264341901 4860536.425004427 7556257.193407001 6900483.505186507 6139165.920025478 6330062.033482297 6974487.042258243 7559747.3410084 5530381.685002762 6618294.295764002 6335351.74035141 6520757.648607548 6634047.64585536
-9999.0 -9999.0 -9999.0 -9999.0 -9999.0 -9999.0 -9999.0 -9999.0 -9999.0 -9999.0 -9999.0 -9999.0 -9999.0 -9999.0 -9999.0 -9999.0 -9999.0 -9999.0 -9999.0 -9999.0 -9999.0 8497400.952528542 15338556.12484706 6704107.127419266 2750455.032975424 1960521.265536098 7733807.690091345 8011972.781802943 2281688.1331933993 1993433.6907217684 2052164.6695970166 2493085.3471426154 2408193.390834696 2521912.039325047 2178639.9633235703 2384357.5649212515 2827358.7083800384 2658674.9625888923 8909867.978294078 8667879.177783119 2729926.3143192893 8054489.684156801 7047282.412441699 1596142.1876577071 9002033.752155166 8556669.100213096 8029475.171076987 10060383.088713907 9454118.773447622 3572597.542550625 5535377.481381063 9850019.943010218 8914846.843560208 4855161.2538657235 6344873.477252419 2490276.097905744 8065073.365104948 6366357.790169552 6849409.550440266 6601330.056086568 6787805.494376299
-9999.0 -9999.0 -9999.0 -9999.0 -9999.0 -9999.0 -9999.0 -9999.0 -9999.0 -9999.0 -9999.0 -9999.0 -9999.0 -9999.0 -9999.0 -9999.0 -9999.0 -9999.0 -9999.0 -9999.0 -9999.0 3247599.110947939 1610361.8841437704 8393085.836709362 1807872.4688315839 1779587.1130099797 2153641.6124754646 7927779.650924331 1379229.164943687 1885518.3996998277 2249374.211572635 1868492.3790434413 2402622.7402063296 2541127.8811611827 2394690.4690754456 2509265.6043991605 2414993.6051063365 2416028.0994143845 2941483.4352436243 2458438.9012315776 9445918.910488175 9284109.83799799 7639318.825908983 7483706.987719054 7904538.477710712 7228664.96099153 7926735.101977363 5875975.295693331 9621212.940215338 4319528.5075289775 10545740.226668052 5185017.304261371 10631682.307441622 4522290.654974199 4960583.675509149 7612436.9146230165 3760484.2269263295 7975628.059612601 5375786.50627402 6844213.890044768 7005361.694451556
-9999.0 -9999.0 -9999.0 -9999.0 -9999.0 -9999.0 -9999.0 -9999.0 -9999.0 -9999.0 -9999.0 -9999.0 -9999.0 -9999.0 -9999.0 -9999.0 -9999.0 -9999.0 -9999.0 -9999.0 -9999.0 1939207.7294137038 3706373.01659298 4192546.076247468 5194959.589847248 4230427.4602201395 5235136.484869397 4060663.3354829573 3310235.071529155 2368682.957700494 2462685.2349108597 3216767.1897372226 2313328.8386121644 2430183.7819898967 2406149.3663204266 2518094.438978057 3356891.4078299827 2335304.0481659374 2548159.002517536 9451880.767267881 2825446.8075764547 7935870.367713719 9361357.498346431 7458488.748749687 7979957.596853079 8607455.588934325 7780878.898574308 3898184.674275998 9584070.247543221 8933780.178401625 7401321.718897042 1665215.8619162887 4274531.732285305 8428291.716465669 6039985.181296707 2509804.8534441814 3954758.8130646474 4638580.430558567 4891899.590526593 1275765.0240502823 1759171.5752947961
-9999.0 -9999.0 -9999.0 -9999.0 -9999.0 -9999.0 -9999.0 -9999.0 -9999.0 -9999.0 -9999.0 -9999.0 -9999.0 -9999.0 -9999.0 -9999.0 -9999.0 -9999.0 -9999.0 -9999.0 -9999.0 -9999.0 980071.1279633287 2027300.6442584316 2977778.6134840013 5689758.275572925 3448225.983651739 2285188.5433874098 2476319.8050407763 2353549.6586769503 3530343.3698182087 3207325.4019610886 3148860.433305439 3087893.7713159914 3638849.347559714 3405845.8952202783 3533684.874135861 2583693.0972104617 8454071.030049525 8706225.627127383 7229736.9117556 7501229.051967247 8021036.888654888 9493813.896907797 8087915.934591356 8983050.434524126 5869435.2605957575 11950415.27318868 9675373.388350893 9419629.742288632 8500141.71697085 8190498.092530493 2628418.4480881835 4935933.594773259 7308292.20451491 4306350.28743355 4554860.701924168 8589499.712647881 8724712.248383295 1159274.7859129554 223527.77293194146
-9999.0 -9999.0 -9999.0 -9999.0 -9999.0 -9999.0 -9999.0 -9999.0 -9999.0 -9999.0 -9999.0 -9999.0 -9999.0 -9999.0 -9999.0 -9999.0 -9999.0 -9999.0 -9999.0 -9999.0 -9999.0 -9999.0 621108.4677856915 292963.039237987 2823830.061348517 4331585.837982595 3387716.036002467 1091341.1129501483 1375174.123413755 1922719.6228672855 3582993.1640062057 3294627.7649763133 3371416.3787540463 3904641.698092227 3804178.756316678 3928568.659333789 3409239.3938698904 4678339.444245326 6583014.868599882 8051526.556462678 7344177.433854344 9540310.70875298 7966374.492226761 7955562.601054824 10215428.545112161 11980136.921331987 6937378.558363816 8777813.73676632 5390204.41314504 8519402.079225762 5825100.956866924 2991343.087111274 4241449.854859851 10613326.72961615 8528361.831339862 6821359.389148871 4206070.563266349 2293355.9819581993 1670172.093102379 5365312.856753271 3955802.995803901
-9999.0 -9999.0 -9999.0 -9999.0 -9999.0 -9999.0 -9999.0 -9999.0 -9999.0 -9999.0 -9999.0 -9999.0 -9999.0 -9999.0 -9999.0 -9999.0 -9999.0 -9999.0 -9999.0 -9999.0 -9999.0 -9999.0 -9999.0 -9999.0 237817.86585177088 1834834.9593768367 3661079.943073238 3488366.8015248585 3807528.434139962 3139024.827564023 3524018.36094989 3048572.2237295997 3194056.2739325454 3384033.423007765 3476751.1628223965 3359292.6100423173 3771773.894619266 3576517.6598130804 7835622.024859517 1886756.0384887327 1576266.133065872 6721366.37898079 7652038.534337116 10043153.511961846 7692562.9854837665 3492245.2938830317 8843324.786024095 4810683.459702068 4469453.344300665 2357455.943880998 1825148.2222729942 1775097.7741196537 3002401.66144957 2530778.8632242433 2011673.2337938412 4918213.480464911 3743104.733520177 1285423.012249791 963328.4372560438 2573873.237699641 4644926.163948346
-9999.0 -9999.0 -9999.0 -9999.0 -9999.0 -9999.0 -9999.0 -9999.0 -9999.0 -9999.0 -9999.0 -9999.0 -9999.0 -9999.0 -9999.0 -9999.0 -9999.0 -9999.0 -9999.0 -9999.0 -9999.0 -9999.0 -9999.0 -9999.0 -9999.0 95797.68835787901 1090971.9929260134 4506296.644626961 4216145.045981721 3178405.6620988464 3178244.3780993936 3377851.6765494384 3565222.226200706 2999295.529168761 3185815.9037066284 3241895.2166948062 3276375.4951030468 3231895.673960992 2056611.5829857131 885284.2322522665 888991.4557954881 1169422.9044346637 1286606.7886754153 1337397.3094183921 1154411.2528588187 8210045.737083221 3941192.6925672693 3296095.761304983 4095281.1541330693 2244167.007961341 2018227.4347223253 1506120.3900059757 2357423.2026107633 2188981.766133826 1554166.292341109 1980744.9828515036 2291235.730383701 1707704.3567743457 1555688.1830277722 2430811.515454516 2030276.3243402282
-9999.0 -9999.0 -9999.0 -9999.0 -9999.0 -9999.0 -9999.0 -9999.0 -9999.0 -9999.0 -9999.0 -9999.0 -9999.0 -9999.0 -9999.0 -9999.0 -9999.0 -9999.0 -9999.0 -9999.0 -9999.0 -9999.0 -9999.0 -9999.0 -9999.0 -9999.0 -9999.0 1622818.0560626602 3519507.1718547544 1593637.2064995796 1761739.088135213 1959172.128787967 2180926.6321908496 3239721.433387125 3113766.3345566094 2407013.6377050993 2107392.9556296435 643394.798433813 1452894.503617447 1070549.93809083 912829.5219169252 1126417.4713704903 1368280.7955878677 1493624.1584381277 1204338.686301077 794827.3420659895 5610077.644000471 900360.4036783291 1161104.7769632465 1535037.8548974562 1476632.9105293972 1421872.8858189497 1961191.4422016693 1915332.502756202 2209938.780294224 2017215.975464205 4171036.479708519 3230965.6688276352 4303599.077407355 693771.302205725 1530125.7419052012
-9999.0 -9999.0 -9999.0 -9999.0 -9999.0 -9999.0 -9999.0 -9999.0 -9999.0 -9999.0 -9999.0 -9999.0 -9999.0 -9999.0 -9999.0 -9999.0 -9999.0 -9999.0 -9999.0 -9999.0 -9999.0 -9999.0 -9999.0 -9999.0 -9999.0 -9999.0 -9999.0 -9999.0 2614162.7580691176 2667530.7320457157 1850096.0216923552 2038302.2695273978 1659005.0393115762 2382942.949664961 3561215.6873210394 2006174.097585366 1699644.6536632343 745799.397375764 1388975.3955002967 741284.1891712917 908420.0095265134 841158.2857593421 1161457.3940348297 1415829.1540637044 1189192.0423788624 1128037.368423054 684974.8797954479 0.0 854338.8444624066 992087.715721936 1287765.4678345865 1319219.6784447264 2198977.168698668 2105893.0252274214 2749094.03844599 2869919.803721521 1613260.7741907882 3686339.916971925 1171704.7279172 590710.4585176925 1405681.0310201338
-9999.0 -9999.0 -9999.0 -9999.0 -9999.0 -9999.0 -9999.0 -9999.0 -9999.0 -9999.0 -9999.0 -9999.0 -9999.0 -9999.0 -9999.0 -9999.0 -9999.0 -9999.0 -9999.0 -9999.0 -9999.0 -9999.0 -9999.0 -9999.0 -9999.0 -9999.0 -9999.0 -9999.0 1317082.3779480122 2483704.7595210634 1596307.6539877749 1952385.0853276465 2460280.8989388025 3167876.7358627054 3812777.4585943804 3664218.249663187 3719805.7712971377 1255620.3920929562 1946568.2672964474 947884.4534208777 892003.5971293362 862088.6547358476 813043.547048821 1159796.8637525074 1129591.8774884506 872389.0428768765 970458.4621861728 398883.2190637848 839483.6404175665 915753.8267064719 1677340.4597080646 1725309.8917628846 2123170.4697554 2239382.9506361987 2454978.544040404 1753897.4720348457 1411370.1544413702 2889228.9145894335 1074082.7643324197 832241.8241256742 5931474.046016831
-9999.0 -9999.0 -9999.0 -9999.0 -9999.0 -9999.0 -9999.0 -9999.0 -9999.0 -9999.0 -9999.0 -9999.0 -9999.0 -9999.0 -9999.0 -9999.0 -9999.0 -9999.0 -9999.0 -9999.0 -9999.0 -9999.0 -9999.0 -9999.0 -9999.0 -9999.0 -9999.0 -9999.0 497408.5331558584 2411671.511738615 2764035.017754904 2662097.7303960645 1756175.856943069 2804943.772906821 114277.74877271937 115434.79595342877 3165428.0153342737 3160206.4744867045 3738121.1672870344 1056122.3333185997 843435.5041043964 858065.7497358676 887876.903875802 1073619.3296499914 1258808.887604434 890156.8435186251 1211660.8562343356 1173584.656439664 1424662.3724967213 1157290.2247607913 1707233.4129959787 2715039.991372947 2391138.4433266916 2046921.0283825633 1873879.4609811462 1816170.0515008417 2463207.1065675844 3262112.5703548454 1667624.8177385135 1315518.2508835355 7276561.888224113
-9999.0 -9999.0 -9999.0 -9999.0 -9999.0 -9999.0 -9999.0 -9999.0 -9999.0 -9999.0 -9999.0 -9999.0 -9999.0 -9999.0 -9999.0 -9999.0 -9999.0 -9999.0 -9999.0 -9999.0 -9999.0 -9999.0 -9999.0 -9999.0 -9999.0 -9999.0 -9999.0 -9999.0 -9999.0 1288306.2413191511 2352280.9782941435 2412091.748314322 3159698.878925224 2392799.9680096055 136492.55321981947 75346.46950896877 1094615.0830239686 4341078.841203694 1160056.134925928 591195.8917018472 586871.5973981505 1243462.419593039 1224416.439666486 1395503.6193758082 1377928.8913497394 1127878.0437618482 1215466.083072603 1308323.319616709 1519719.9745640627 2827999.624037927 2621487.45749984 2845929.552372494 2705026.5499388287 2130961.060281269 1522671.2561091972 843971.4030615569 3307630.818290619 4293252.69489277 4015838.4164476893 3747005.1162358094 7457018.584416817
-9999.0 -9999.0 -9999.0 -9999.0 -9999.0 -9999.0 -9999.0 -9999.0 -9999.0 -9999.0 -9999.0 -9999.0 -9999.0 -9999.0 -9999.0 -9999.0 -9999.0 -9999.0 -9999.0 -9999.0 -9999.0 -9999.0 -9999.0 -9999.0 -9999.0 -9999.0 -9999.0 -9999.0 -9999.0 -9999.0 1368272.7210585072 2000254.9818541391 1285229.0065555468 101364.02586052509 90152.79368208455 66627.15769436616 104489.48303492226 109054.57024126935 305231.636325315 1021675.3046339133 856107.4422439827 1159789.7376983867 1395985.9964337146 923622.4190441023 1302375.394948399 1311166.3046096363 1547155.5347843631 1206925.7384314425 872681.1000703948 2618233.2076249723 3089329.5712040467 2964094.314348837 2809256.8198349993 1661074.0765571536 2089170.9141452177 1063628.7677640717 4457971.218955079 4358219.058876422 3848638.1174873537 4555482.0026016245 5136837.9912287155
-9999.0 -9999.0 -9999.0 -9999.0 -9999.0 -9999.0 -9999.0 -9999.0 -9999.0 -9999.0 -9999.0 -9999.0 -9999.0 -9999.0 -9999.0 -9999.0 -9999.0 -9999.0 -9999.0 -9999.0 -9999.0 -9999.0 -9999.0 -9999.0 -9999.0 -9999.0 -9999.0 -9999.0 -9999.0 -9999.0 -9999.0 0.0 1067821.343429122 2087951.5065037017 2333847.8600412156 1784541.8340482814 141134.85179622346 114240.03490020633 883657.2441332382 381764.829924425 917911.7751241552 1158384.5570430176 1224879.5123863919 1308354.6046279534 1569365.510133411 1334519.6154058252 1396432.2636880258 1330280.7681703418 1444767.8171142642 2103468.6719115204 2234646.7898689345 2621925.4487178093 2521196.0992352366 2259574.5830603875 1991126.1555460927 1858759.9058953847 5034148.980428764 3737090.130102372 4812578.690457508 6390795.421100485 6084097.444380992
-9999.0 -9999.0 -9999.0 -9999.0 -9999.0 -9999.0 -9999.0 -9999.0 -9999.0 -9999.0 -9999.0 -9999.0 -9999.0 -9999.0 -9999.0 -9999.0 -9999.0 -9999.0 -9999.0 -9999.0 -9999.0 -9999.0 -9999.0 -9999.0 -9999.0 -9999.0 -9999.0 -9999.0 -9999.0 -9999.0 -9999.0 -9999.0 -9999.0 107109.76076057648 1528011.5648421769 148377.58416072183 144394.37869474175 106114.2244043282 72333.58719669687 301749.8267726358 839492.7251996157 1188282.931471312 1502785.939066345 1471142.9830506009 1285616.5516749064 1400850.0421140073 1372302.3400906164 1195250.3816912149 1177446.4189186895 1891803.9585990042 2583402.6593832416 2636778.1627694396 2493189.672826876 2559693.551270222 2371318.605530326 0.0 2913370.6097265705 2237239.8741986435 1204406.8622743606 1906965.4734713787 1325690.8070856237
