Model Version1.4/trunk/input/2010/n_man_eff.asc
ncols 720
nrows 360
xllcorner -180.0
yllcorner -90.0
cellsize 0.5
NODATA_value -9999.0
[rows 84 to 111 of 360, columns 366 to 426 of 720]
3933744.7250953107 3719841.5565425796 4495595.686799538 3934610.0921120667 7511096.912697974 11440385.733887006 10840063.70564876 6691854.72219844 6344211.754091794 5769689.818151844 7402450.572625303 11146428.358930556 8594246.785370424 15452696.490053888 14000951.463632088 13710273.865562296 6226070.05413473 5714782.822594497 7036427.47611906 0.0 6127982.221476954 3582346.008153809 3717787.6608635555 2500355.662194177 1676279.150790116 1255872.6203582454 5966478.005054404 6921093.688491134 1866232.5330793995 2944598.6577831036 5949013.900778223 2850942.3551236326 5430105.31450721 2149457.786374891 2108579.371242665 3900440.4159513013 1759005.879476911 4732237.052292245 4298157.170608843 2771594.626440106 2842835.1386448615 0.0 0.0 0.0 0.0 0.0 5204464.033608526 4605796.56483353 2353961.459706151 1328144.5264549302 924175.5509832866 1869938.9176654443 1595566.3155865713 1700569.9492961827 930543.638453763 794794.7809821474 1243346.799125886 642111.1930638074 0.0 837414.8008866082 2040731.8588977093
7778604.178191182 8668257.755125074 6684856.243480402 6624685.579753274 3244705.195327809 6145016.999213179 10424947.092544928 12164303.634318529 12840892.053835385 14068149.009854548 11950619.092780748 7962485.422762972 8360514.497617765 0.0 0.0 3232010.5041255374 412478.35881635256 0.0 416760.4851630092 1955924.5651906906 0.0 0.0 0.0 0.0 4304246.893593234 5888584.821051655 8317641.7975429725 2043274.2966735568 1743286.6420373956 3546229.3437988698 4096535.3342449553 3423890.4351290427 4023145.968567623 3558268.94924827 1884257.196372573 1094503.0149563404 1281130.60591423 1872784.8960585773 4238629.880699314 5504618.288904985 4728842.996446591 0.0 0.0 0.0 0.0 0.0 5394323.206378146 6259121.473036738 6862588.861615929 1619861.486562031 2636033.910192474 2105541.1192536224 2180934.863146921 1200713.4006829143 753903.7120909774 754403.5278183406 1825589.8396501183 1103230.669504164 965825.1529483905 1002423.719817035 1024671.2539369065
8026739.888442774 6829453.570613792 7071794.719822047 6302017.75507891 4446925.67170016 5372523.521216125 11046461.214080518 16886893.56287777 10353212.878452 2817042.3921749177 5477920.025065276 8461636.662812298 6577525.013140217 6919933.462619194 0.0 11274790.288853848 7283084.485081481 6997798.278386953 11543598.267171858 3653266.687150833 848824.5607937331 0.0 4175165.4166846974 4256443.773775112 5181051.583891333 8842877.763689166 11461400.261609292 2614807.8784469585 0.0 0.0 1687656.8475384524 2235038.1949147573 1694280.3350142222 1818844.1963479407 2086291.137417079 1192461.7533208122 2353648.0964772175 4067246.751961474 0.0 0.0 0.0 2748180.5071750246 1528271.0030585958 3628268.097491032 0.0 0.0 0.0 6815768.1236397335 8244151.687448074 6964663.839426261 2597720.3514409517 1325012.289288195 2974292.9491384723 2870975.8540121983 0.0 0.0 737806.333955442 0.0 1526354.0233663272 1051900.449194387 1939565.7768712193
5889921.150459607 5729561.76401362 6248654.034821811 3943002.3869019686 3886284.2586850477 3692053.6537765907 5060497.796604831 4800563.846779856 7221236.141352406 10029456.360524833 10789019.80556925 1444744.7918747205 6731151.589330837 5073440.118881576 4593340.865502844 11388920.900796028 3022773.9544528904 7076635.14423525 6793375.79699846 4407222.49365789 4436272.700791529 0.0 0.0 0.0 0.0 10920603.870869344 2543119.1188779254 2338128.498402684 3187835.6915910244 1645768.1422402922 3405295.568481945 2189007.4529441213 5595512.141915576 1966667.087293409 2194888.4205574286 1539461.1335624675 2979464.4153888384 3174944.835881675 0.0 0.0 0.0 4005284.1228865227 6569157.912926005 0.0 0.0 0.0 0.0 0.0 11246917.225787548 4776915.920339069 2131904.581748688 3641005.732739383 2610309.1242957027 0.0 1980428.9485929096 373342.9463346231 -9999.0 0.0 1001203.342514591 2157844.00233802 1223625.9829113954
5557860.882299588 2595410.7777364957 6524431.609443189 3197776.037814563 4019983.4559168504 3579427.4828150184 2164266.22368296 2484780.4165865076 11369674.666328881 11805952.925400052 5816090.984057735 2925193.8422906245 1620570.7587536825 2286230.1131506097 2489474.685060198 4776415.567587786 7110717.563008454 3516140.896442135 3288601.1421842882 2581153.2354976363 1779423.4778257222 8714383.288375344 0.0 0.0 0.0 2696242.2708759713 2880459.2386028576 2512835.097415547 1975444.3641836306 1799564.8322071384 2457621.3163121934 2260982.927339667 2788080.58911092 2132803.281298189 2217116.9413735964 2184280.063047948 2737777.9387654024 3457587.56410217 0.0 0.0 0.0 0.0 6113983.663052165 7076298.443364845 0.0 0.0 0.0 0.0 4175708.419736763 5267988.378153646 4718188.456479654 1693811.1603186887 1651984.086478139 822137.2555334581 168658.24412134968 -9999.0 -9999.0 -9999.0 -9999.0 0.0 2717243.4021612983
4587286.077242776 4450018.955715513 8879066.50446234 1876954.0938557365 2474238.6222023233 1719745.732362705 574350.9583813917 7930870.802558466 8264468.202595755 4564118.494963361 3809050.4085625513 1260475.1028882023 1138321.6647407596 1224300.408987424 1230492.8587901003 1099528.9357620345 3105512.965166228 3489722.965161631 1924871.2250437965 80563.2511618149 -9999.0 2802707.8093735888 1655851.470294112 0.0 0.0 2000182.5776176706 0.0 2419986.7548133964 2151275.891245757 2497765.7549947877 1923130.2827867975 1888989.3948938444 5226334.335569383 6154494.250127112 3917820.0943484493 2097008.3337410628 1943780.542556833 6813707.972013245 0.0 0.0 0.0 0.0 0.0 0.0 0.0 0.0 0.0 4731566.374130416 4364078.050136278 5413613.06127196 3766616.6400532676 10395385.762467789 8859030.852761265 0.0 -9999.0 -9999.0 -9999.0 -9999.0 -9999.0 0.0 3002065.859356075
5805188.490567716 5178511.998069307 2484419.511053014 2130787.9371481333 1730622.7199573417 3183493.216256391 4669934.731866063 4044831.516729981 8179618.879778649 3147526.7225720743 4650996.791385602 4038002.2355935415 1501042.1307129888 1446817.3563735192 1656030.674108414 1332735.1245457348 1239498.431735105 1274810.122564719 2090513.6415841528 -9999.0 -9999.0 0.0 0.0 0.0 0.0 0.0 0.0 4289970.71904365 3969454.962943512 4347535.04831058 4298374.848972784 5587129.7328777425 3847340.5887363595 3918050.920055326 3760174.3560620626 4078476.648694412 7537804.765546453 0.0 0.0 9278976.217835246 0.0 9947071.165219773 11494981.159578199 10931729.184927873 3021755.9259917433 9220780.908862358 4087705.0708169015 4909747.442388949 4488205.799380985 5857442.242714095 3384359.572444519 4033544.279094253 0.0 757612.1180062698 -9999.0 -9999.0 -9999.0 -9999.0 -9999.0 -9999.0 0.0
2286150.4448845675 880714.1761929531 1815007.2009877274 4031876.502791172 1586684.7727225902 1784595.2461004357 4018666.6456880937 9458573.671162989 8183819.646160187 6410004.789306047 4868537.117042154 1436672.637865508 2935145.8238138757 4004690.9610944986 3423372.7391000143 1475780.7437735852 1229711.7479055277 1527119.9144768752 1121943.236395128 114906.1951986924 -9999.0 -9999.0 -9999.0 -9999.0 0.0 2885097.379140664 0.0 0.0 0.0 0.0 0.0 0.0 0.0 1373519.3188263373 3220039.864298706 3162076.111042334 3550893.241145944 0.0 10152972.127975948 7896870.268935109 4686919.237239097 12504822.46474481 6878283.918391253 8636070.852993282 9998897.660553867 3766119.28918576 4147803.0540377903 8344042.74211016 5894572.7997065345 5111581.61016925 2184143.9550186405 1734398.636215914 -9999.0 -9999.0 -9999.0 -9999.0 -9999.0 -9999.0 -9999.0 -9999.0 -9999.0
1868311.8487896486 1016608.3118354374 4537855.584560463 5259712.082547018 3097142.8044589437 2768026.800110342 947890.2110139879 1584988.802615204 1766097.9316987135 1872667.4153314922 963246.2855477182 -9999.0 -9999.0 -9999.0 2606211.631737031 3883129.47979607 4712044.962228865 2774921.0390270106 6603933.447128834 2634103.5908278795 1399523.3887791552 177644.9654455373 -9999.0 -9999.0 0.0 0.0 2654055.930914185 2181215.186819546 5212299.974869548 0.0 0.0 0.0 0.0 0.0 0.0 3092837.838526782 5323636.672185627 0.0 8017720.671429561 3288714.771337153 4105508.335736441 2638210.7546323594 6052207.090609429 6589826.873969559 5179147.787853214 6016724.016194548 3091762.637617382 0.0 3439208.922732253 0.0 2024544.9049488895 1187605.4080999831 -9999.0 -9999.0 -9999.0 -9999.0 -9999.0 -9999.0 -9999.0 -9999.0 -9999.0
1443923.53523545 526664.063903949 83244.0725281968 789502.456387748 1827392.6188884152 2914550.120472723 2374786.5486437916 2213464.4616226507 -9999.0 -9999.0 -9999.0 -9999.0 -9999.0 -9999.0 670169.9297890639 3567788.3318238487 4269487.577209533 4836530.395675343 4281862.018498354 4299475.350682808 3339460.5519635766 1592177.5061074824 -9999.0 -9999.0 -9999.0 -9999.0 0.0 0.0 1426446.0857217151 8474706.834337588 7095962.629719476 0.0 0.0 0.0 0.0 0.0 0.0 3983354.2449092125 0.0 0.0 0.0 0.0 3337679.213680413 3306406.405972143 2909016.9124820014 2355156.6916433307 2941638.205288926 4332424.886448715 0.0 3611166.6657442157 758053.582587784 120733.87577284886 -9999.0 -9999.0 -9999.0 -9999.0 -9999.0 -9999.0 -9999.0 -9999.0 -9999.0
532146.2637871065 -9999.0 -9999.0 -9999.0 -9999.0 -9999.0 -9999.0 -9999.0 -9999.0 -9999.0 -9999.0 10457.4508152505 352369.81016914506 -9999.0 458951.56764556764 2379798.001681661 4495184.6239483785 2901254.397078898 4769185.902772627 2455318.376810448 1430911.5244206337 2999824.318518157 258138.41719050222 -9999.0 -9999.0 -9999.0 -9999.0 0.0 0.0 4368419.835101708 8398003.131546719 0.0 0.0 0.0 0.0 12199630.484437283 9902215.283129292 0.0 0.0 0.0 0.0 0.0 0.0 0.0 0.0 0.0 0.0 0.0 2177416.1915880307 1900650.625851003 -9999.0 -9999.0 -9999.0 -9999.0 -9999.0 -9999.0 -9999.0 -9999.0 -9999.0 -9999.0 -9999.0
1180028.7502020695 -9999.0 -9999.0 -9999.0 -9999.0 -9999.0 -9999.0 -9999.0 -9999.0 -9999.0 -9999.0 183668.1031050525 1537965.908659033 975959.6590490686 -9999.0 -9999.0 1118465.5528112093 3439906.042166037 4815140.5222267145 2802307.8527341955 5100097.164074996 4218788.226234063 2673244.8348338553 1163742.6399552794 -9999.0 -9999.0 -9999.0 -9999.0 -9999.0 -9999.0 0.0 0.0 0.0 1717513.7557447306 4665364.676072403 14029763.073292123 8608945.490080193 3757814.91245493 0.0 0.0 0.0 0.0 3333969.368682151 3209859.5034162668 2820272.3908116976 3405153.0107726324 3033255.1311485134 1993785.6107635167 2637369.195997073 0.0 -9999.0 -9999.0 -9999.0 -9999.0 -9999.0 -9999.0 -9999.0 -9999.0 -9999.0 -9999.0 -9999.0
796786.5498883765 -9999.0 -9999.0 -9999.0 -9999.0 -9999.0 -9999.0 -9999.0 -9999.0 -9999.0 -9999.0 849878.531143379 597474.6844444921 -9999.0 -9999.0 -9999.0 -9999.0 -9999.0 2114165.020878233 4689609.97371789 2245575.0407118564 4537622.264148253 2735938.9972936753 5995325.958794328 3232331.9817087553 4132070.3045801404 57483.16134181276 -9999.0 -9999.0 -9999.0 -9999.0 -9999.0 3184898.322405601 1798424.8562676643 2887932.0944067845 0.0 0.0 4342800.8225959 4410783.032802459 0.0 0.0 0.0 0.0 0.0 0.0 2469512.6247230168 3603212.2162785586 4735461.362635403 5230830.478874691 3488514.8883750094 878311.8081935367 -9999.0 -9999.0 -9999.0 -9999.0 -9999.0 -9999.0 -9999.0 1651619.8479111623 3345204.741373968 609853.2619851957
-9999.0 -9999.0 -9999.0 -9999.0 -9999.0 -9999.0 -9999.0 -9999.0 -9999.0 -9999.0 -9999.0 213733.97229501992 4409358.4560518535 532499.3797057823 -9999.0 -9999.0 -9999.0 -9999.0 -9999.0 1015165.1376546953 2507068.9676604318 3330345.2397228787 3366897.455664849 3946081.3945325795 3273296.0993056335 3664601.3159414786 6213373.390693576 3535975.917023898 172211.89365715196 -9999.0 -9999.0 -9999.0 1818161.85764459 15569807.84394106 3667760.4733509724 0.0 2428293.7718212614 4186457.7218163908 3377346.886941443 5096824.882039394 3328013.5991461026 2277209.4412247506 2545042.093267105 2845395.7698274963 2308867.5313278274 2817042.3989334037 2963990.3599510104 4679986.394815846 4495171.627557236 4658531.996540464 2543507.0058526797 3665562.8812883305 1862060.9637442236 1576069.5190994586 2297890.8163486845 782245.6229797562 1516788.6726717055 3319608.4279746786 4298521.863646433 3126431.710793712 1605565.6403533423
-9999.0 -9999.0 -9999.0 -9999.0 -9999.0 -9999.0 -9999.0 -9999.0 -9999.0 -9999.0 3574134.8602127326 5267175.648615371 4120331.7156626233 2532901.4239889965 -9999.0 -9999.0 -9999.0 -9999.0 -9999.0 -9999.0 -9999.0 -9999.0 2049489.1041530878 3535774.3887570566 3849667.7725533387 4427888.478925578 4680287.376104322 8231857.6697231205 7501793.133608974 4589369.258541013 136934.64140600283 -9999.0 3652191.324405249 13886956.790903637 5774041.446363613 1767897.709779874 2626565.0512285437 3073137.875811354 2769188.002583368 3022828.974759714 4769089.260989345 3241670.5790145025 1606336.5235196108 1461198.1175546944 561056.872163766 1823983.7970284515 3969429.3370822845 5211645.084398524 4011792.525063376 576527.630371121 -9999.0 486200.9435921204 2604597.154042962 3692130.9937203717 6516768.896218446 3333225.71208497 5280726.216181745 3367602.249812148 4415449.059475111 5180797.150817527 2854359.572437723
-9999.0 -9999.0 -9999.0 -9999.0 -9999.0 -9999.0 -9999.0 -9999.0 -9999.0 -9999.0 494679.0962501968 6063647.044405353 5255008.156704932 2485361.0727457954 -9999.0 -9999.0 -9999.0 -9999.0 -9999.0 -9999.0 -9999.0 -9999.0 -9999.0 -9999.0 2226339.6380296876 5617158.789181877 6775860.984461589 3289193.634881294 1337423.620871315 6400110.6523247035 6943140.571459935 -9999.0 381577.2291785475 3259206.9135223427 3882756.3052164786 2155225.7182812975 3199346.148541891 2755887.7244346645 3365723.7597952774 987332.9758780915 2536288.011903293 2936332.286843398 586619.4383608346 -9999.0 -9999.0 1341303.3492919093 1355330.8328121891 3173655.8134270846 4258371.939868818 4006118.851837467 4315280.619940542 2825957.2664659796 3372508.2532948013 3165690.877518816 4430155.075548187 2970402.277618293 4552676.173432383 1084992.4726995907 3403552.702279669 3366615.2009435007 1171072.6581485597
3867373.164778493 452044.8768932007 1323745.6047893902 -9999.0 -9999.0 -9999.0 -9999.0 -9999.0 -9999.0 -9999.0 572007.3199797464 4674573.075049226 4975638.654607008 2971490.3954628133 -9999.0 -9999.0 -9999.0 -9999.0 -9999.0 -9999.0 -9999.0 -9999.0 -9999.0 -9999.0 -9999.0 1903060.3075495146 4662821.364983589 2208652.4174255747 -9999.0 -9999.0 2827139.5822099084 -9999.0 -9999.0 526890.2613446728 1519946.0121244602 2399451.3090414866 2757579.847771707 3484946.119714087 3788270.406674552 2841617.2104273573 121824.9997823374 442412.2451240375 -9999.0 -9999.0 1263411.1140903288 -9999.0 4160661.977239137 3330080.254819834 3943364.3204694963 3479242.871216536 4036390.077857535 4302996.282818795 3496696.079786165 5216069.555121022 3909385.3815056127 3904740.4257256105 3003938.5325427614 3472610.4769500424 4242584.679863418 4708125.195193202 4638213.248160636
1384492.9240116843 -9999.0 -9999.0 -9999.0 -9999.0 -9999.0 -9999.0 -9999.0 -9999.0 -9999.0 1939771.7462296074 4716453.986328606 3036771.3530413173 1101384.2380803218 -9999.0 -9999.0 -9999.0 -9999.0 -9999.0 -9999.0 -9999.0 -9999.0 -9999.0 -9999.0 -9999.0 -9999.0 2943858.506479989 3214223.988675868 1588317.833859641 -9999.0 -9999.0 -9999.0 -9999.0 103890.4858617807 33466.989737926015 2226694.8610348045 2277343.586969914 2622342.576924478 2403471.1338931485 4086919.3956665355 862998.46817241 63093.57715861641 -9999.0 -9999.0 -9999.0 64050.099534904526 3237513.169583862 2768948.5770203704 3277040.4490613686 1275402.6299615365 1477223.7826384832 1352922.832090895 4466886.415509463 5413377.127296238 4125152.885910843 997052.2389965843 5081234.11548687 2996554.9694923456 4039255.853322417 3650103.8563998956 4917531.613509249
-9999.0 -9999.0 -9999.0 -9999.0 -9999.0 -9999.0 -9999.0 -9999.0 -9999.0 -9999.0 -9999.0 965151.7820105489 -9999.0 -9999.0 -9999.0 -9999.0 -9999.0 -9999.0 -9999.0 -9999.0 -9999.0 -9999.0 -9999.0 -9999.0 -9999.0 554344.0847386284 5244308.287048412 2381433.46865666 247334.03194297475 -9999.0 -9999.0 -9999.0 -9999.0 -9999.0 -9999.0 922961.8337589317 2475626.6947646323 3449390.896449028 4666603.723812021 3972226.643628517 3268066.6491189525 2559277.459368557 741623.8130932688 281803.79524558317 -9999.0 549473.3788992926 438881.9775394256 1888479.5931856937 3458324.186506833 4024919.520692006 3743521.348436882 1191926.197807992 5285932.977365293 4131086.8516081185 4039653.3915448147 4637867.31127757 3184071.579567887 5029250.444617501 3805686.9499100037 4601875.096380455 2523020.7251908956
-9999.0 -9999.0 -9999.0 -9999.0 -9999.0 -9999.0 -9999.0 -9999.0 -9999.0 -9999.0 -9999.0 -9999.0 -9999.0 -9999.0 -9999.0 -9999.0 -9999.0 -9999.0 -9999.0 1373231.8673126095 3166467.1983388322 204419.70762142516 -9999.0 1959714.0837728905 2657816.4187208437 3033207.277396091 2856689.900916324 92291.7627350548 -9999.0 -9999.0 -9999.0 -9999.0 -9999.0 -9999.0 169911.16186908702 140299.75820761832 1132435.99592219 3198736.923070353 3848250.2939266535 3548033.702509221 4870179.776990589 5430406.588215431 2428786.6493191062 398477.80440863146 -9999.0 742930.9403708973 2395786.4522150583 766788.145042675 2612864.8900210448 678805.3493335985 582626.3253743676 906200.9724356749 3768368.4728228403 3866945.87298384 2918452.392228257 3281724.3283881657 3203810.6417611004 3427438.9755764306 3281242.8564429735 4721590.643153818 4869381.1519913655
-9999.0 -9999.0 -9999.0 -9999.0 -9999.0 -9999.0 -9999.0 -9999.0 -9999.0 -9999.0 -9999.0 -9999.0 -9999.0 -9999.0 -9999.0 -9999.0 -9999.0 -9999.0 437178.51704466174 6865419.724828817 5992686.001911909 4592291.273330675 5102966.378803083 7664105.418386096 3170221.3172101662 1470737.6808556905 335095.24724452855 -9999.0 -9999.0 -9999.0 -9999.0 -9999.0 -9999.0 -9999.0 -9999.0 223558.35186929468 1335435.82134577 4121387.2203835305 5074076.933170037 4914221.637158639 3334406.9913074058 2013999.2623640182 970621.1106108516 1131690.9243579018 459769.1144045044 -9999.0 703964.8725107763 847252.2969315192 1875520.5938139686 3408528.7200087234 975985.5984008664 1137107.329900596 3217869.212780427 3121987.200127247 1017608.4585450646 1045069.5550303279 1118528.1442207627 3024634.713791809 1228947.8227230103 4460288.817092225 4304284.7293054005
-9999.0 -9999.0 -9999.0 -9999.0 -9999.0 -9999.0 17118.399194017667 3811.5568190067575 17610.04576350684 0.0 -9999.0 130529.05204978002 2288908.6437269426 2863541.3888833355 984986.4229507309 92283.64296993634 131056.43461465012 -9999.0 -9999.0 -9999.0 1398114.493482299 3160165.669510904 9039445.100804804 8158451.49545005 3357024.674180766 -9999.0 -9999.0 -9999.0 -9999.0 -9999.0 -9999.0 -9999.0 -9999.0 -9999.0 -9999.0 -9999.0 -9999.0 3489595.605091716 2999212.9745091703 4646434.235276122 1699246.684554598 -9999.0 -9999.0 48135.35352961653 1198014.170745987 570283.2914443512 -9999.0 185208.88312799847 1222204.3343402166 772757.8895049273 1150678.500193544 992604.6244558619 1299731.9847595657 3983733.405313936 3504677.01355403 995435.8804566102 868221.7354882447 964745.8843613574 1267589.8580323795 3262961.040712748 3448700.674422195
3922998.2841897644 5707859.524307805 6278619.37886532 5740305.324409509 2915635.44954853 4751055.904760008 7093278.018309846 6907078.782270936 7120331.726680195 6619346.922460156 6498505.103357013 4967565.990691731 5287684.736679436 5255362.589315475 3807565.935899783 3876572.17656259 520195.45105668093 14137.423801076347 -9999.0 -9999.0 -9999.0 -9999.0 385787.12889062526 2179351.3984168503 1497250.2962251825 -9999.0 -9999.0 -9999.0 -9999.0 -9999.0 -9999.0 -9999.0 -9999.0 -9999.0 -9999.0 -9999.0 -9999.0 1045149.7501574343 2197448.0089526875 4074495.7125558592 701788.4174337874 -9999.0 418102.6848075331 406370.63044364884 650836.454310932 98244.09866706815 219324.79107356147 0.0 770928.3726730923 646152.4297694681 2243859.582260588 761805.5248656294 838768.640694165 1361547.4714344856 1027387.1907408313 2084548.3183822578 1740716.3829527546 731541.4904170344 1071312.125916067 1288783.4462513546 1191643.3973192999
8055288.6012049625 7978647.399546409 7541203.3271789765 8179637.786369754 7856985.96225783 7829958.190265485 7536596.936541486 7627357.4218547335 7581531.1267265035 7937860.77276375 8022813.771658572 5393531.394506262 5413270.579216682 5412789.957341324 5419326.683174888 708258.2205773086 -9999.0 -9999.0 -9999.0 -9999.0 -9999.0 -9999.0 -9999.0 -9999.0 -9999.0 -9999.0 -9999.0 -9999.0 -9999.0 -9999.0 -9999.0 -9999.0 -9999.0 -9999.0 -9999.0 -9999.0 -9999.0 -9999.0 158455.79882243113 472127.4487190615 477167.5558679207 -9999.0 -9999.0 -9999.0 106805.33774071187 -9999.0 -9999.0 -9999.0 -9999.0 2437950.0404708446 1771671.8637742382 -9999.0 493204.9558135375 551611.7559232685 1486762.8320029918 0.0 -9999.0 -9999.0 1867744.8444366336 875518.7635211512 680606.087083104
249590.5371538038 235317.97115302586 244294.33548700737 267798.04553485475 8299958.242776386 8061507.730078229 7592594.64046069 8023524.733831017 7870379.690758121 287686.6492514216 8202433.988756887 5494083.428137184 5520416.859987101 5488557.293504203 5113943.5136814425 2985359.689866645 -9999.0 -9999.0 -9999.0 -9999.0 -9999.0 -9999.0 1308154.7517654235 862105.5177031652 -9999.0 -9999.0 -9999.0 -9999.0 -9999.0 -9999.0 -9999.0 -9999.0 -9999.0 -9999.0 -9999.0 -9999.0 -9999.0 -9999.0 -9999.0 -9999.0 -9999.0 461546.64570647554 288325.86487147206 -9999.0 -9999.0 -9999.0 -9999.0 -9999.0 741019.9135301122 436488.84969689284 -9999.0 -9999.0 -9999.0 -9999.0 -9999.0 -9999.0 -9999.0 -9999.0 -9999.0 -9999.0 -9999.0
240906.45834188888 241550.8182251944 249381.0695019233 225463.0373171758 243989.32087054953 259726.87013788964 293675.103598342 277068.7167076526 292676.9059927862 279445.7488961952 280153.8868442497 5393072.787936372 5528151.25200488 5511862.364278215 5352767.50992791 5301868.868341406 812845.4054608743 -9999.0 -9999.0 -9999.0 -9999.0 -9999.0 -9999.0 -9999.0 -9999.0 -9999.0 -9999.0 -9999.0 -9999.0 -9999.0 -9999.0 -9999.0 -9999.0 -9999.0 -9999.0 -9999.0 -9999.0 -9999.0 -9999.0 -9999.0 -9999.0 2569941.328406093 2964947.372686797 4590602.333851426 2600892.627712851 2883506.75183949 1638358.4741207329 -9999.0 190918.0762703369 -9999.0 -9999.0 -9999.0 -9999.0 -9999.0 -9999.0 -9999.0 -9999.0 -9999.0 0.0 1333014.1132942718 2738990.408441697
261818.46055408413 240412.98821840534 247925.82343643607 237801.6086272548 268985.36234598013 249021.7791030921 273248.8809539371 257557.30233338926 237188.48809495693 238011.35869120943 1318869.7128947787 5649346.5803539455 5549465.132433432 1310453.9961569014 5399306.682097706 3049777.25708629 251997.4949997656 -9999.0 -9999.0 -9999.0 -9999.0 -9999.0 -9999.0 -9999.0 -9999.0 -9999.0 -9999.0 -9999.0 -9999.0 -9999.0 -9999.0 -9999.0 -9999.0 -9999.0 -9999.0 -9999.0 -9999.0 -9999.0 -9999.0 -9999.0 -9999.0 -9999.0 -9999.0 470749.7187230742 -9999.0 -9999.0 -9999.0 -9999.0 -9999.0 -9999.0 -9999.0 -9999.0 -9999.0 -9999.0 -9999.0 -9999.0 -9999.0 -9999.0 946072.2248368685 1819060.0480583813 1707146.0801241917
239724.98462759372 237906.11380339693 237681.79003929102 238106.60875616063 238846.67472982453 238887.65086191398 145232.33541951774 158995.58912395473 146800.7049657814 873283.0765920233 1159367.6418648325 1159092.581270513 1277483.1454386169 5303462.083829608 1833965.4911973365 -9999.0 -9999.0 -9999.0 -9999.0 -9999.0 -9999.0 -9999.0 -9999.0 -9999.0 -9999.0 -9999.0 -9999.0 -9999.0 -9999.0 -9999.0 -9999.0 -9999.0 -9999.0 -9999.0 -9999.0 -9999.0 -9999.0 -9999.0 -9999.0 -9999.0 -9999.0 -9999.0 -9999.0 -9999.0 -9999.0 -9999.0 -9999.0 -9999.0 -9999.0 -9999.0 -9999.0 -9999.0 -9999.0 -9999.0 -9999.0 -9999.0 -9999.0 -9999.0 -9999.0 -9999.0 -9999.0
