Model Version1.4/trunk/input/2010/n_man_eff.asc
ncols 720
nrows 360
xllcorner -180.0
yllcorner -90.0
cellsize 0.5
NODATA_value -9999.0
[rows 56 to 83 of 360, columns 427 to 487 of 720]
0.0 0.0 0.0 0.0 0.0 0.0 0.0 0.0 0.0 0.0 0.0 0.0 0.0 0.0 0.0 0.0 0.0 0.0 0.0 0.0 0.0 0.0 0.0 0.0 0.0 0.0 0.0 0.0 0.0 0.0 0.0 0.0 0.0 0.0 0.0 0.0 0.0 0.0 0.0 0.0 0.0 0.0 0.0 0.0 0.0 0.0 0.0 0.0 0.0 0.0 0.0 0.0 0.0 0.0 0.0 0.0 0.0 0.0 0.0 0.0 0.0
0.0 0.0 0.0 0.0 0.0 0.0 0.0 0.0 0.0 0.0 0.0 0.0 0.0 0.0 0.0 0.0 0.0 0.0 0.0 0.0 0.0 0.0 0.0 0.0 0.0 0.0 0.0 0.0 0.0 0.0 0.0 0.0 0.0 0.0 0.0 0.0 0.0 0.0 0.0 0.0 0.0 0.0 0.0 0.0 0.0 0.0 0.0 0.0 0.0 0.0 0.0 0.0 0.0 0.0 0.0 0.0 0.0 0.0 0.0 0.0 0.0
0.0 0.0 0.0 0.0 0.0 0.0 0.0 0.0 0.0 0.0 0.0 0.0 0.0 0.0 0.0 0.0 0.0 0.0 0.0 0.0 0.0 0.0 0.0 0.0 0.0 0.0 0.0 0.0 0.0 0.0 0.0 0.0 0.0 0.0 0.0 0.0 0.0 0.0 0.0 0.0 0.0 0.0 0.0 0.0 0.0 0.0 0.0 0.0 0.0 0.0 0.0 0.0 0.0 0.0 0.0 0.0 0.0 0.0 0.0 0.0 0.0
0.0 0.0 0.0 0.0 0.0 0.0 0.0 0.0 1347920.9567313746 0.0 0.0 0.0 0.0 0.0 0.0 0.0 0.0 0.0 0.0 0.0 0.0 0.0 0.0 0.0 0.0 0.0 0.0 0.0 0.0 0.0 0.0 0.0 0.0 0.0 0.0 0.0 0.0 0.0 0.0 0.0 0.0 0.0 0.0 0.0 0.0 0.0 0.0 0.0 0.0 0.0 0.0 0.0 0.0 0.0 0.0 0.0 0.0 0.0 0.0 0.0 0.0
0.0 0.0 0.0 0.0 0.0 0.0 0.0 0.0 0.0 0.0 0.0 0.0 0.0 2983164.3138773423 0.0 0.0 0.0 0.0 0.0 0.0 0.0 0.0 0.0 0.0 0.0 0.0 0.0 0.0 0.0 0.0 0.0 0.0 0.0 0.0 0.0 0.0 0.0 0.0 0.0 0.0 0.0 0.0 0.0 0.0 0.0 0.0 0.0 0.0 0.0 0.0 0.0 0.0 0.0 0.0 0.0 0.0 0.0 0.0 0.0 0.0 0.0
0.0 0.0 0.0 0.0 0.0 0.0 0.0 3142853.4044840196 0.0 0.0 0.0 0.0 0.0 0.0 0.0 0.0 0.0 0.0 0.0 0.0 0.0 0.0 0.0 0.0 0.0 0.0 0.0 0.0 0.0 0.0 0.0 0.0 0.0 0.0 0.0 0.0 0.0 0.0 0.0 0.0 0.0 0.0 0.0 0.0 0.0 0.0 0.0 0.0 0.0 0.0 0.0 0.0 0.0 0.0 0.0 0.0 0.0 0.0 0.0 0.0 0.0
0.0 0.0 0.0 0.0 0.0 0.0 2920944.7820685576 0.0 0.0 0.0 0.0 0.0 3223815.954645473 0.0 0.0 0.0 0.0 0.0 0.0 0.0 0.0 0.0 0.0 0.0 0.0 0.0 0.0 0.0 0.0 0.0 0.0 0.0 0.0 0.0 0.0 0.0 0.0 0.0 0.0 0.0 0.0 0.0 0.0 0.0 0.0 0.0 0.0 0.0 0.0 0.0 0.0 0.0 0.0 0.0 0.0 0.0 0.0 0.0 0.0 0.0 0.0
3094299.9646123396 0.0 0.0 0.0 0.0 0.0 0.0 2537580.906788592 2737563.258856583 0.0 0.0 0.0 0.0 0.0 0.0 0.0 3240084.637419633 3173818.432558606 0.0 0.0 0.0 0.0 0.0 0.0 0.0 0.0 0.0 0.0 0.0 0.0 0.0 0.0 0.0 0.0 0.0 0.0 0.0 0.0 0.0 0.0 0.0 0.0 0.0 0.0 0.0 0.0 0.0 0.0 0.0 0.0 0.0 0.0 0.0 0.0 0.0 0.0 0.0 0.0 0.0 0.0 0.0
0.0 0.0 0.0 0.0 0.0 0.0 2308328.523107653 2612650.0502065965 2497658.2664631912 0.0 0.0 0.0 0.0 0.0 0.0 0.0 0.0 0.0 0.0 0.0 0.0 0.0 0.0 0.0 0.0 0.0 0.0 0.0 0.0 0.0 0.0 0.0 0.0 0.0 0.0 0.0 0.0 0.0 0.0 0.0 0.0 2597993.990989885 2493141.842381018 0.0 0.0 2580090.9866158026 0.0 0.0 0.0 0.0 0.0 0.0 0.0 0.0 0.0 0.0 0.0 0.0 0.0 0.0 0.0
0.0 3432334.9382106983 3316250.4078580076 2853866.051014132 0.0 2946773.3467522683 2630191.412246192 2890714.7684272127 2282876.675929846 3160393.111766821 2724787.6897050957 3324789.6419415358 3103689.492446472 0.0 3654710.20468038 0.0 0.0 0.0 0.0 0.0 0.0 0.0 0.0 0.0 0.0 0.0 1079662.1116002416 0.0 682416.9315362906 925267.7278815315 675271.6789373702 714209.1560232283 874864.1361591289 0.0 0.0 0.0 0.0 0.0 0.0 0.0 0.0 2857683.4303467083 2579532.1677200757 1921499.8943579094 0.0 0.0 2831505.3902972755 2875036.692988055 0.0 0.0 0.0 0.0 0.0 0.0 0.0 0.0 0.0 0.0 0.0 0.0 2051123.4584367662
0.0 0.0 0.0 0.0 0.0 0.0 0.0 0.0 0.0 3057326.6315279035 2534959.088965326 2845991.927459113 1279938.8199831496 2507681.53902403 0.0 0.0 0.0 3660172.3709378312 3491945.448505637 0.0 2427215.677882966 3230651.3637598557 0.0 3027803.968133447 0.0 0.0 0.0 0.0 2747934.5617303713 2237625.1056682356 1065520.0678275523 975962.329832012 1028834.4465706911 1443983.9930676883 0.0 0.0 0.0 0.0 0.0 2420115.8850745833 1851285.4610027277 2642953.488024304 0.0 2420811.5363201303 0.0 0.0 0.0 0.0 0.0 0.0 0.0 0.0 0.0 0.0 0.0 2790397.5483216653 1740389.4896449612 2379051.8181149974 2180898.110053823 1624330.434613978 0.0
0.0 2979538.6378020896 3678316.4609046467 2538876.0063161715 2246710.3240542514 3134974.505059295 0.0 0.0 0.0 0.0 0.0 3228765.9448155956 1929920.9807203682 1799127.4555167712 2790800.3887228337 3604269.069945963 3506832.441645846 3677786.4575250717 0.0 3387789.842683206 2636006.737452729 0.0 3342573.984537705 2344043.1724260147 2899803.7569634146 2290164.4940146855 0.0 1925658.6278565626 2714868.9512315514 0.0 2168986.4590045894 1242672.299004379 1036006.6128414663 1135727.1660288894 1187618.786025617 2561687.1816102862 0.0 1659550.824552897 1303027.4442255585 1479892.61480296 1473376.7764397548 2855847.352655862 987804.898915071 1143077.1050169764 1086486.0542065147 0.0 0.0 0.0 0.0 0.0 0.0 0.0 0.0 0.0 0.0 0.0 2063014.7064824724 2628779.186212757 2323406.2345192423 2314423.0574014136 2526501.655763871
2451702.279711745 1667270.0651666315 2302420.3622118817 0.0 0.0 0.0 0.0 0.0 1160890.46470029 0.0 0.0 0.0 0.0 3238834.3671405707 3355563.3137527136 0.0 3635912.945346949 3634412.1723435703 3619637.7680979907 2507362.2922127675 1790609.5128676377 899997.532490468 930114.1016162079 1054587.7607645225 1112378.3041593398 2167726.309320139 1212581.8738316863 1008096.5172583796 1258683.4125895912 1476766.5303409498 2127791.1199567886 1631165.0587947848 863568.5945788161 877388.7624642353 2279888.204581145 2200886.819236803 1356023.70483196 1266350.751439172 375576.52173647325 1874948.449560935 2445066.6811931212 1657798.7906885464 1509781.6353623904 954396.5863861153 629268.1818069953 0.0 0.0 0.0 0.0 1904467.0322371013 0.0 0.0 0.0 0.0 2660245.663506006 2237063.307783934 2015725.7357605926 2384498.160339243 2616714.8337431047 1906738.3596137732 1808973.0799906575
0.0 2949956.633151732 2663896.489662832 2723625.310686126 0.0 0.0 0.0 0.0 3756610.9938576897 2553767.4379977705 3382537.7845750563 0.0 0.0 0.0 3325102.8318302864 0.0 0.0 0.0 0.0 1579576.5022727943 2134032.5210911715 1069236.2075482013 689830.4521794735 1077724.3725420753 773978.3446475513 1262890.6526398857 0.0 1595190.294102229 1474608.83281963 915519.884397838 966298.1203692061 806962.2120383288 762033.7304147759 996908.0831602655 1120285.7307446063 1299890.625354529 1095015.6061063576 1038348.3839891589 1212420.1927369197 1770638.4795947142 1405990.1473893095 780287.1450252236 863857.6299515376 691844.48967981 1038262.1918243077 0.0 0.0 0.0 0.0 0.0 0.0 0.0 0.0 0.0 2482678.9708918356 2482089.1718195397 2517211.931472905 1449940.9248241237 1452106.072854756 1509641.0117606788 1483732.5114845573
3169195.7773798527 0.0 0.0 0.0 2808800.268166025 0.0 3136509.4609336616 3655157.9657868496 2677677.4821501435 2961521.9301928366 1680347.2591612078 1584720.1823466269 3237327.5162411947 3521262.580657726 2417214.82104493 3435011.847513737 3020533.914600621 1825001.9422916009 2646482.375392059 0.0 1601846.4992404887 0.0 1161423.5561416082 689589.4037453275 898976.4927239638 1186843.7052849499 0.0 0.0 1157354.280881063 1055102.63666164 1108221.020432847 2492766.2020820356 1211608.151990845 1523659.740569146 1874499.0983754012 1577742.0220492405 921695.8886270651 2074671.9516891101 1018104.5500909255 1048968.0486800177 1323426.2552902466 1586541.7912082742 878858.0179851925 1198270.58747522 1773587.845481339 2326574.6064520306 0.0 0.0 0.0 0.0 0.0 0.0 0.0 1279238.6195461652 1253790.6006724366 1391945.44937757 1238006.767589934 1626542.9514536595 817128.9202557512 1062101.7792515617 1138686.0219118448
0.0 3436379.054367274 2643130.0839511957 1289765.6166936033 1150122.9271424068 2888221.3422433445 3293030.675294654 2427047.08094279 2538336.2533479067 1473330.81057661 1027964.2237042752 951504.2463969375 1082933.2125885426 2118630.7076142775 2182341.3003899977 2434597.836554497 1362053.416649398 1751312.123239751 2759969.7258859333 680847.8472602073 1269604.5891492374 1102629.7694671443 947803.201164484 1164672.586230447 1153864.6674719634 1469391.531382113 1104344.0730632728 936334.020901899 987485.6272472087 1248864.1730250437 1405160.88674633 1632895.8073580633 2381383.811280399 1308413.2897581696 737982.2788423563 935632.8834512031 657152.5543546146 805343.8418786174 568183.9254341996 969781.4181937651 0.0 1284582.092284373 804620.543613382 871991.2780235298 1118510.4475621646 1029274.5043715024 0.0 0.0 0.0 0.0 0.0 1734360.1830074831 1233860.6603266534 828488.7879070541 1060913.6351508107 1107870.2508488256 967353.1823398274 988626.5451589901 2193320.8437809194 1191115.5847440185 1186252.6638419176
3571879.968626499 3480796.841892649 3834775.964328662 3388296.925407955 2376098.7513730587 2287861.5820230334 948386.9175036438 1113768.9420591497 1238434.6216599508 1088649.2151150124 1083782.3116313014 1046787.0308600124 1192149.4703244292 1734416.809192771 888220.9883486909 816497.6995056449 1077251.7653609943 0.0 1486461.2162119325 681819.7743685424 973290.2175942296 1309904.0904596273 1118578.4113806493 876768.8593423362 0.0 0.0 0.0 0.0 1362916.8032304721 1535455.4488457325 1818063.8178114262 1215277.2477521463 1064829.9085972058 1010883.0850083097 932636.1421258542 1255472.6761808107 1187979.7253478116 1048117.5350952286 0.0 566887.639258078 630045.6653544597 615670.7250576961 1365453.0557998454 763389.4201954487 1087942.4349514283 1761745.0051540425 0.0 0.0 0.0 0.0 0.0 975255.6977143645 1002038.1765354859 1009896.6304106601 1042099.3595461918 1573009.4412433708 2160923.7546668 2176522.5154502597 2107346.204331832 2137179.4538278254 2017349.5974133974
2801995.806561304 0.0 3498978.541807269 2258535.141239879 1160134.7560026008 1440861.5537379123 1260784.9099871435 873206.563655941 892608.7504592561 978950.7026708662 1056485.303426791 1048731.5771558897 1124065.657043578 1358406.387815331 988112.9002232461 1462630.0959247954 1746232.3001582262 1134752.4346248468 1019407.3546177169 1008573.7595919092 873678.2605086975 774574.6652425007 1125779.7435165665 1888074.4653700294 1956971.1706617146 1755088.8577183364 1552490.4699426685 1080137.6217906787 1542871.9450047873 1444086.5897104286 1436208.6578496625 0.0 2152718.2955996944 1893739.5630210147 1244169.3098958398 1044389.0668849525 1060832.1652721383 0.0 582425.5408747287 581667.9614731548 554339.8707436709 640481.0168720675 726694.1200031989 654553.8300744471 753754.8881623895 0.0 0.0 0.0 0.0 0.0 1175884.1735516917 1244058.6633993401 823654.6237632538 661828.1031827934 818295.3036496841 1961999.2861326349 96896.62248120809 2222628.699850645 2305743.0338363033 97366.96964121512 94067.43685112035
3409418.6673651366 0.0 2418556.7522522584 1700665.310172332 1224939.991817279 1084042.1536408588 1133503.378702906 1097532.7779664798 1131873.157643517 938750.1309070938 1102211.5266494884 1200221.574051911 2422429.1369667742 1573847.8458079 1165113.2419878098 1485790.6891710237 2494689.4945812197 829628.586283167 1178393.4311001133 1071955.6657938994 1044957.6649429011 868945.8476218106 1511331.5149252356 1105703.6109347914 895578.9479425435 1176650.5768633923 1272317.0310370356 1819073.0424149807 1520740.082789374 830962.3924220325 1056224.7573235044 822732.4090478702 885698.4422573848 882013.3994363672 927588.3934942033 1182652.5938970451 644448.703781494 945134.7159881259 700297.2551885204 586886.9611880935 587939.3259008806 626845.6606833157 659455.275985942 618898.8676394653 960877.9319251091 740890.389160077 0.0 0.0 0.0 0.0 1093046.688129109 1209380.6666019342 868857.0213925163 858082.2627556692 1538965.738110703 2188664.2733396613 97623.44645769407 96164.93399798506 96653.53160375147 97158.25101247072 79181.49132163644
3546399.137231327 2045361.3345142263 1232362.2110425404 2178517.2532896874 1253883.6786092285 1094898.2532906362 1094378.7109055088 1151036.9124724388 1142437.4244458734 1225368.7944088883 1297977.4962132229 2113043.1417177296 1375237.7827227726 1027574.9963190849 1001676.5428335329 1098012.418899372 995278.6283437986 1113084.6224168667 964056.1691568998 970868.3462849881 934884.3994307149 918839.5366356475 665115.9927840964 664068.102338308 994022.1527905139 1424277.5852513446 1385637.863767528 1746332.1868951926 1457275.340977828 1301071.4254294888 0.0 0.0 0.0 802500.1488000709 773676.303589187 654653.6061915524 635568.8077505404 616636.67832537 630028.5243345816 892386.6773543934 1021711.902367583 824742.5923220911 1007531.6513905055 753143.491241305 856221.8752325376 779470.2271294573 705596.0572890593 0.0 0.0 1148527.2430449757 1257493.1856351742 962906.2068697097 0.0 1113853.862845263 0.0 94716.67997055569 99196.50795162912 94551.39443984695 77350.43195943373 85728.42011023483 89672.30895972395
1596284.598462956 2661695.511526515 1256321.7532368118 1206238.4205978368 1224147.0804363901 1316440.8696327193 971115.500037402 1128530.3237977386 1003385.1148113793 971003.6658610376 1061873.9172002194 2539780.205049301 1300627.44621143 1181684.5794969029 1150932.3169067677 912198.5042309087 1011359.6959059718 1256039.0036706452 1005329.3795696998 1286169.4368967412 853284.8049291854 826885.7326200334 902586.0877679333 926773.0058527004 1258181.566852651 1669857.4763489796 2240741.612560033 1787419.1363402219 0.0 0.0 0.0 0.0 0.0 0.0 0.0 0.0 0.0 0.0 0.0 0.0 0.0 0.0 0.0 0.0 0.0 0.0 0.0 0.0 0.0 1386997.125154575 0.0 0.0 0.0 0.0 97338.4604720949 87928.80050282224 98596.26276683257 84952.85813183902 63192.72627611698 63174.2142582477 68717.34099197896
2020644.9579407237 2631254.9040044914 1529702.8478257016 1005450.7289482097 1014035.156390431 1102725.1616330463 1075038.6467081162 1232735.439867037 1576270.6064718007 824293.0526060134 1086864.1287861238 1807554.2411371637 1275860.9197559159 2551582.414585346 1214729.805316366 1524846.4555185754 1718934.4214056884 2373088.1531441514 831593.2027038332 1649810.8566973798 820516.31604365 846416.0026464355 1057821.1280258119 1224495.7511923867 1635339.6806235537 1499376.914872907 0.0 0.0 0.0 0.0 0.0 0.0 0.0 80548.06051684443 86056.58531304938 96157.75012963665 99848.11804599228 99957.17380875898 97102.70565117859 96987.76405073253 86438.70100186887 0.0 0.0 0.0 0.0 0.0 0.0 0.0 0.0 0.0 0.0 0.0 0.0 0.0 0.0 0.0 81926.83533296749 69267.36833266639 69483.74558951642 63679.87828471917 72230.05238457954
1320466.148308261 1226218.3886096897 1758838.6499583211 1179589.208429285 1122419.860071117 1153940.2799688096 1502034.2500855923 1001925.0579442437 1093494.0183966653 925071.7989849076 1114211.8460830764 1301985.26827121 2310842.7429672675 2466124.6745527275 1329353.9014394716 1130539.1130456883 1228692.3908726242 1596710.16456671 1437256.9668186426 812724.9421741021 974363.1542288131 888668.9432576544 1718268.213593825 1188880.7404628352 1834006.1650889933 0.0 0.0 0.0 0.0 4199859.006510025 0.0 70231.42651405881 72978.9586592186 81485.25153628961 84909.4457349212 99995.92456426956 78757.89385228105 87101.51600793346 87042.45243764759 81463.14710464995 78576.66317982053 75884.35591414056 70311.89884970417 0.0 0.0 73248.97165825692 73083.1118379937 85870.03451131679 1579559.9777785605 82161.18364844684 70343.60597869095 0.0 0.0 65114.35249846313 0.0 64607.496819271386 71776.95295709294 78615.54693856591 70321.5406368047 73098.16971768877 78691.47149950426
1499290.6992259633 1552057.7744753829 1761619.8225950585 1314419.680265584 2518823.3210236067 2738860.5315235937 2331746.1462450996 3738415.2218265925 1212574.9617560145 1345103.9468069545 1066374.1394361476 1164071.1472656692 1393455.115707851 1860673.1987729797 1446433.7427615596 1060858.0381065984 1023820.114979417 1332130.9144338414 1148218.2290094115 1279546.8948985513 1513464.7598492038 1534925.2335016704 1773464.2105309123 2732009.0420954865 2950747.3578966293 0.0 0.0 0.0 84314.15393493239 0.0 0.0 79523.29799539312 82339.43889577854 82335.0635756075 109318.81772378541 104187.24194152969 84916.83654758587 87978.4305343549 85127.26300558819 85168.3828509049 82369.83830868777 76511.81317352224 79543.18034598319 76681.81530872128 76676.77799948759 71053.36164166246 73894.88575201154 82322.39212217736 82712.77509746951 76280.54235092361 70983.82302456508 73830.28502742894 70998.71520989994 71043.37618255784 76706.63574908367 73736.80513714612 82354.93566890704 82340.05374086271 79558.12460669875 82384.74094857073 82335.0894160403
1820759.764807039 1794676.3215399792 1414205.8724000228 1738091.5296434837 2004254.560560526 0.0 3227893.627727587 0.0 0.0 0.0 0.0 0.0 1542929.928588326 1147837.912235463 1320684.0929683084 2292127.2767102784 1690104.6786803193 1787667.411336362 2646657.12462023 2855950.218952561 2682209.7267309073 1460909.4610917948 3074116.019753319 0.0 0.0 0.0 0.0 89198.56954060476 74532.88620627738 86808.82933378282 89979.42601860424 80259.85056359213 77409.07103609455 83141.65204156922 77417.6179121527 86017.75441876365 88903.04337099 74518.12815461805 83161.32766838114 86029.29878680246 86081.85332565711 86062.12621504889 83176.11136331531 83240.17397530125 83215.53954675622 86090.37791179479 83240.17930127091 82774.39477871808 80364.08205278072 80393.63918520208 80378.82945270707 83220.49341702013 83250.04542082941 83209.03722242833 80373.90674872747 80300.7692082021 83235.24081711074 83183.60903845883 83210.60145724333 84428.05441805859 78031.76887981423
3400863.178364178 2311545.6717530997 2505018.0853059017 3106523.327331074 1299171.4819222167 4557345.178911454 0.0 0.0 0.0 0.0 0.0 0.0 3898434.8014383717 0.0 0.0 0.0 839337.2031961723 853824.1523275317 1353505.0102317163 2844950.8621946266 3621272.7887727544 3619098.612498207 0.0 4363790.542793193 0.0 0.0 0.0 87064.80468196314 78244.0311303731 66537.23213472473 69442.34287997805 78234.43386968736 81135.13004069871 74321.59123335851 75337.65321684947 75362.92300484053 84003.48186143916 75392.28879969305 78322.31881020925 78266.15193425429 84011.07106312303 84064.85351654192 81159.35989871726 81164.21001267622 81149.57149776568 86934.05787481925 86985.15745874644 86566.12599820216 86975.38976957987 86950.89480047135 81063.21153815082 84055.14816002823 85868.27913174157 87004.71907216025 84113.86929513968 81032.78115647832 75225.52184908414 77597.53074653912 80337.24203038496 78204.88719186478 72418.30616029256
1726501.3542221016 0.0 1836803.5318884614 2782281.076176327 2121426.1438793195 0.0 0.0 3834967.873298636 1320026.9793667784 0.0 2921685.663208127 2494753.022520714 2260212.9289077455 4584956.34459755 3406700.628810162 3449447.6981038 0.0 1263121.96393809 2616338.3193944944 3216594.095139107 3850817.0003799573 3110149.39705587 0.0 4259655.579772159 0.0 0.0 2145341.077173428 70161.47957849801 87831.21750435497 82036.28724656718 84966.16734296417 84975.89873719703 84925.75406635995 84922.43169502857 76098.88104540599 81944.01238886498 88285.73576409055 76132.8022546701 81937.5617452349 87862.01754248462 81920.69187824283 76152.25518031185 79043.22922824469 75982.86611497632 84834.64834118701 81963.39824770397 79062.67189659587 81973.15055098466 87813.488392828 84820.25343653825 84893.27301832773 84903.03557889901 84835.1051844148 84830.24441871035 81948.89347186463 76115.9860409131 73871.81434084498 69995.89083396306 70326.51482438983 73154.38807715668 66770.0989504322
0.0 0.0 2689526.4550289153 2093522.8370549278 3193842.5843034303 3750044.7961549936 3778709.0227284324 1306042.6823604242 1508168.6167313654 0.0 0.0 0.0 1935384.333195727 1634437.6757106003 1443921.4528002227 3334408.882295548 0.0 1988240.5134815993 2844991.823904998 2980361.697124087 0.0 0.0 0.0 0.0 0.0 0.0 0.0 76925.83178417722 65032.77701210721 70901.98810239183 82718.24605031966 85754.16074695514 85768.61857600402 85778.30894112783 76892.02439111542 83275.97041401935 91534.75245241371 79846.06806792403 76920.9193376762 82751.92404378418 79783.43279549143 76899.6759251655 76847.23165190301 73885.00976981194 76858.27380791404 76911.27552486798 79860.53635152198 79850.92883369976 76834.20333237817 79797.95295718279 85696.4174065131 82747.11002754352 79826.76505631323 76877.60266006822 70969.47388327059 73712.46087106531 79841.2850206954 76954.69063288494 70959.8456534759 41342.19605241273 73933.12507777265
