Model Version1.4/trunk/input/2010/n_man_eff_crops.asc
ncols 720
nrows 360
xllcorner -180.0
yllcorner -90.0
cellsize 0.5
NODATA_value -9999.0
[rows 56 to 83 of 360, columns 378 to 440 of 720]
0.0 0.0 0.0 0.0 0.0 0.0 0.0 0.0 0.0 0.0 0.0 0.0 0.0 0.0 0.0 391.21706748207043 4827.35908965252 -9999.0 -9999.0 -9999.0 -9999.0 -9999.0 -9999.0 -9999.0 0.0 201428.98579180765 0.0 49331.62277848875 91357.021799423 0.0 88749.32688596843 0.0 139995.23426737596 324.7610702361564 12815.08488307524 6717.088763245054 24348.238211023694 19297.633409062266 24279.97195605787 0.0 9700.61663028804 92337.52578454842 0.0 0.0 0.0 0.0 0.0 0.0 0.0 0.0 0.0 0.0 0.0 0.0 0.0 0.0 0.0 0.0 0.0 0.0 0.0 0.0 0.0
0.0 0.0 0.0 19654.193554506266 10963.55864098247 0.0 0.0 0.0 0.0 0.0 3671.334286022188 0.0 0.0 0.0 22230.364367645627 0.0 7077.873357915391 -9999.0 -9999.0 -9999.0 -9999.0 -9999.0 -9999.0 -9999.0 7338.9007734736 479607.27079348644 345253.83153470815 644870.452187593 509436.80129474326 308769.8058944804 338119.15569422214 114671.72732608054 123789.50472994715 166063.76382247393 7261.170929525532 0.0 13708.031683125611 0.0 53756.16405346897 0.0 0.0 0.0 0.0 -9999.0 -9999.0 0.0 0.0 0.0 0.0 0.0 0.0 0.0 0.0 0.0 0.0 0.0 0.0 0.0 0.0 0.0 0.0 0.0 0.0
0.0 0.0 0.0 1055802.1234455442 2144558.851900285 272962.7766507753 654344.9262011697 0.0 0.0 0.0 0.0 2328.9904270111465 0.0 14393.703631716358 0.0 0.0 28385.144095630072 0.0 0.0 -9999.0 -9999.0 -9999.0 -9999.0 -9999.0 56248.897825892695 800430.8846291443 865728.5848238629 2142950.2439521956 2281037.39191979 794165.3101042047 176177.17176548162 822409.6151731862 939328.14158201 750817.343021734 413580.2535550439 654585.6343055401 323952.25399979384 237951.6306213207 0.0 0.0 0.0 4609.858575880283 0.0 0.0 -9999.0 -9999.0 -9999.0 0.0 0.0 0.0 0.0 0.0 0.0 0.0 0.0 0.0 0.0 0.0 0.0 0.0 0.0 0.0 0.0
0.0 0.0 311769.1459793515 73482.74263445547 2404839.570945273 206125.6649493185 402742.47660024755 0.0 0.0 1756.9219561669759 0.0 0.0 42296.83316776622 141181.55743487706 121575.71837621352 0.0 170798.05155369572 102445.29051442683 79143.49483468046 0.0 -9999.0 199944.80810968266 62941.835090969835 -9999.0 -9999.0 4156.357838605954 227233.12647641587 761750.3253138931 965796.5267990611 476409.7991502295 624729.2924806427 557272.4483560339 330275.7708586682 358354.2317562577 55181.544254347435 22967.253428397085 -9999.0 -9999.0 -9999.0 0.0 0.0 6338.12703172402 0.0 0.0 0.0 0.0 0.0 0.0 0.0 0.0 0.0 0.0 0.0 0.0 0.0 0.0 0.0 5143.224944364984 0.0 0.0 0.0 0.0 0.0
0.0 266676.4159505854 375515.01185331936 1126937.9980442694 2987152.1564089363 115600.8348472958 20761.085946500927 22678.133294157065 0.0 37331.10831185154 0.0 950.6484286177299 21042.86316021163 47427.52596748014 340291.4566116547 337126.5470535121 510425.37681423663 490673.2248981609 143756.84153296487 142535.52526001836 -9999.0 -9999.0 -9999.0 -9999.0 -9999.0 -9999.0 -9999.0 9282.476443383895 40130.837208642755 38665.96712550344 -9999.0 0.0 -9999.0 0.0 8356.792382676755 0.0 -9999.0 -9999.0 0.0 0.0 0.0 0.0 172157.82840891992 0.0 39044.34865647535 0.0 0.0 0.0 0.0 0.0 0.0 0.0 0.0 0.0 0.0 0.0 0.0 0.0 0.0 0.0 0.0 0.0 5070.904467342582
0.0 475736.59756938776 3290713.4399144347 1204607.659601695 2256892.9915255974 33537.944415901635 0.0 52018.781413981764 125546.02114491431 117427.30782797416 91280.60362474424 158651.56200559955 529076.7394720603 216859.8949971893 187214.6962183535 231730.4764141922 119637.8384517029 102294.50932736396 37695.835335540956 1825.648818031985 -9999.0 -9999.0 -9999.0 -9999.0 -9999.0 -9999.0 -9999.0 0.0 0.0 7315.301985421282 68232.08690294619 124846.61040783825 0.0 166608.74692186882 747810.7151324904 0.0 55165.030633150425 24249.508281297203 0.0 0.0 0.0 0.0 0.0 0.0 0.0 0.0 0.0 0.0 0.0 0.0 0.0 0.0 0.0 0.0 0.0 0.0 16265.904006960427 0.0 0.0 0.0 0.0 0.0 0.0
0.0 147497.24067739648 -9999.0 -9999.0 47338.09890489676 0.0 235405.7541247892 83325.41757709229 228336.01420879443 344242.35904425645 191127.45004990423 37146.38117863447 201019.46383964235 65785.47471130302 108622.1352390085 235171.3095744127 135963.52480010793 31226.467167665178 -9999.0 -9999.0 -9999.0 -9999.0 -9999.0 -9999.0 -9999.0 -9999.0 6537.814073874406 42954.87944088027 0.0 0.0 247550.303300815 161552.5399321735 242264.42966139907 478224.2365715152 554541.5504730218 1190727.5616753045 3394.6986982151025 0.0 0.0 0.0 0.0 0.0 0.0 0.0 0.0 0.0 0.0 0.0 0.0 0.0 0.0 0.0 0.0 0.0 0.0 59596.12565742253 0.0 0.0 0.0 0.0 0.0 40529.052218287165 0.0
-9999.0 -9999.0 -9999.0 -9999.0 0.0 24829.349918427743 0.0 807920.1543496844 1189681.3808298788 576118.131454141 101348.67909902036 291298.9619507526 737760.8822062849 413945.24973134417 145654.1472756271 26272.340878341358 -9999.0 -9999.0 -9999.0 -9999.0 -9999.0 -9999.0 -9999.0 -9999.0 -9999.0 0.0 12988.948376849683 23515.00236240305 0.0 7309.411016216014 4493.826253476159 17402.456018171695 499713.0033866803 929254.7261269834 398149.1524767309 1288398.6006474474 151722.36786423958 0.0 13556.276012008277 0.0 0.0 0.0 0.0 0.0 0.0 0.0 0.0 0.0 0.0 77851.34437465492 0.0 0.0 0.0 0.0 0.0 0.0 304134.18091081973 136046.74396239413 0.0 0.0 0.0 0.0 0.0
-9999.0 159478.5792351129 1222527.891905733 -9999.0 -9999.0 78552.36983754538 31285.810138237688 0.0 0.0 0.0 128531.30298247507 21811.73929243374 27890.669343059286 83189.42330366271 91996.66358684459 24625.080282682004 -9999.0 -9999.0 261098.2304159657 178130.07384050725 24034.19780963101 -9999.0 -9999.0 -9999.0 -9999.0 0.0 5719.593422720293 0.0 -9999.0 -9999.0 0.0 386695.93678839755 476944.62254174065 31918.07503722347 0.0 237149.49267717396 347501.1494672569 251240.63306868702 457271.37432958605 136287.18581958208 0.0 0.0 0.0 0.0 0.0 0.0 0.0 0.0 0.0 0.0 0.0 0.0 0.0 0.0 0.0 288231.0601567523 333215.8325018861 263325.1220333505 0.0 0.0 0.0 0.0 0.0
1452678.6792578793 4582921.247251654 5846931.3280084785 138826.3252891033 20254.326585963085 21726.571206958404 440885.2926722759 97363.74479247852 0.0 0.0 22126.993682937024 0.0 0.0 27817.543745771767 61059.53703803191 137616.31841341057 52797.011237255065 -9999.0 338816.27132592554 182332.7091244583 -9999.0 -9999.0 -9999.0 -9999.0 107068.98554948992 11276.80133497138 0.0 0.0 0.0 -9999.0 0.0 0.0 0.0 8356.143309508496 0.0 14990.718441860694 0.0 0.0 533189.8921556578 267900.5349162561 0.0 0.0 0.0 0.0 0.0 0.0 0.0 0.0 0.0 0.0 31271.79932024525 72084.21512868954 153209.9128797084 0.0 195798.66247996717 128735.3926302318 360846.3598679438 466698.2658317052 182160.8135848538 114052.8995967788 290246.3204098547 356496.58775339636 0.0
3841856.396402506 4460968.66226134 3555153.3150135195 -9999.0 -9999.0 -9999.0 161545.60090666747 753923.3557853026 224463.93560432177 30030.260157825014 13341.06197139435 101857.79978507961 2100.7756236579935 23241.19310959351 403548.56290889793 312967.35078582284 -9999.0 -9999.0 35083.75639759389 -9999.0 -9999.0 -9999.0 -9999.0 -9999.0 459227.3780615865 440498.8185868965 680937.695339978 878917.5498478645 1689525.0522794856 95250.78217313944 808422.8546858688 64415.72093589101 419426.4536168398 328489.12940810306 0.0 200390.81381081915 0.0 1245594.8471900418 143972.42342461905 147678.38185773167 0.0 0.0 156692.18389181414 0.0 0.0 0.0 0.0 0.0 0.0 0.0 0.0 0.0 0.0 0.0 0.0 0.0 0.0 0.0 191517.61081290967 138205.25965317336 286834.664741352 535425.2643759967 310434.0022392841
3061073.773056241 5794621.16888223 5228852.134053014 2388947.1280365395 -9999.0 -9999.0 1166786.6683286033 1537884.92765599 610186.8905005198 410704.46609035786 722162.1011273381 460954.88662221545 170654.12056297853 143128.93350743369 230250.85109299258 59250.83324702057 -9999.0 -9999.0 -9999.0 -9999.0 -9999.0 -9999.0 -9999.0 -9999.0 590466.6787641582 0.0 0.0 830085.8084106521 0.0 1391163.532456269 1447940.6106537948 1307471.1162721235 1397761.9070556962 0.0 224195.78321161238 129936.00575046088 5240.55085962443 0.0 0.0 23449.860125374256 0.0 0.0 227256.57044800185 164254.98134994804 0.0 0.0 0.0 0.0 0.0 0.0 298037.348341601 287095.0500990943 408097.79718023003 549716.273630138 157400.36047132866 0.0 0.0 0.0 0.0 0.0 198115.77616722425 472927.3243072105 571195.5455197425
4624088.829015201 5493818.787915426 2182116.3683437114 519072.6537496117 3168492.4941196055 5366715.932081684 4734400.666365503 553895.0558374968 2529260.5404370315 1730674.7700427603 1170504.524878769 -9999.0 -9999.0 -9999.0 -9999.0 -9999.0 -9999.0 -9999.0 -9999.0 -9999.0 -9999.0 -9999.0 -9999.0 -9999.0 1310965.0545863658 0.0 0.0 0.0 0.0 1260883.272937902 0.0 0.0 0.0 0.0 0.0 1409123.7638780896 0.0 1512503.5064575246 1901373.153341625 0.0 0.0 0.0 0.0 0.0 0.0 0.0 9971.015434440365 0.0 0.0 180846.6594905571 525268.6322355168 330211.422424094 0.0 0.0 0.0 0.0 0.0 96164.91647328644 0.0 0.0 0.0 0.0 48257.55101855751
6292802.219485457 2951737.8030904327 5795161.463881998 1989121.075954141 2846242.3082277486 5759861.87430097 3379388.850614506 59030.041410920545 882484.311095654 526662.6134052837 343549.04665875685 152284.21077542676 0.0 -9999.0 -9999.0 -9999.0 -9999.0 -9999.0 -9999.0 -9999.0 -9999.0 -9999.0 -9999.0 0.0 533482.972622938 1756789.4199767017 0.0 938474.1019636069 1215278.2641175168 0.0 0.0 0.0 0.0 0.0 478435.893688564 1519629.3374739068 0.0 2208543.853577241 0.0 0.0 1505740.4071690387 1826739.063310667 2023118.0942925094 1945649.3853338414 388832.54863864766 0.0 94849.99769466507 0.0 0.0 0.0 196117.4639287348 215672.70188049023 141959.24668410607 0.0 0.0 0.0 0.0 492496.38140021893 748402.324968115 550398.5712894211 0.0 0.0 0.0
601689.3537731938 2544525.8764502234 307011.05152474943 974699.0604486694 3148264.5037781936 3364588.954191605 1229019.552191925 0.0 72216.74330068204 77279.48919969265 -9999.0 -9999.0 -9999.0 -9999.0 -9999.0 280389.86666232406 691645.7658384308 0.0 888684.9987923286 0.0 -9999.0 108687.98219465921 1662019.3631474485 2183100.706919381 1426422.7598588052 2286864.9851726587 2416898.586965118 1857403.1057567056 1368311.4528124433 0.0 0.0 398363.27401927696 0.0 0.0 0.0 0.0 0.0 0.0 0.0 0.0 0.0 0.0 1850734.553503218 1914242.1929106181 534963.2640168603 511376.1090116047 517116.1211306747 0.0 0.0 79536.96285928685 0.0 0.0 0.0 459385.9457479851 0.0 343009.6595970347 479878.363532432 678369.0476128039 697827.6019516662 902285.9047491285 915301.974463227 445824.7075942215 186010.03728906903
1983856.6132175943 1161322.4624750155 2028684.6192788212 1325230.6278595193 543410.8660338821 789815.0627131932 1392507.2335851467 1750452.1768589206 480098.33015232714 91007.24668536395 0.0 89669.16232728669 459362.7269329049 844464.2440325426 900023.4465780533 0.0 0.0 0.0 1500604.0500731736 2311722.8915216057 2047878.3981625696 1871701.9586732616 1741281.1444719909 2478611.996703528 2746967.701077601 1861792.8442182634 1629089.6167014858 0.0 0.0 0.0 0.0 0.0 0.0 0.0 0.0 0.0 0.0 0.0 0.0 0.0 0.0 2452220.1321744528 3501258.3847223357 2202795.8442359166 2002224.2243060418 555288.7004882178 751882.4833100801 495692.10753266915 0.0 0.0 367928.3047880053 335416.3825470938 714757.7147450991 899085.1291320047 552293.113098674 623892.8997216612 792591.0369614812 681360.1681882095 908865.3128873318 1017296.8321311127 932631.7579619476 975250.1273460285 811258.0976244428
2882658.4306545905 1957624.213120439 2373904.86968705 1654899.0165833898 2116936.1870165616 1532007.6618205619 1391427.1580877095 1148876.74949453 1663851.8551011975 1191180.8568155244 199216.69415454165 1376126.764976721 0.0 0.0 0.0 0.0 0.0 0.0 0.0 1820865.8914536808 2505932.256107435 0.0 0.0 0.0 0.0 0.0 0.0 0.0 0.0 1728455.189234545 0.0 2071350.565657204 0.0 0.0 0.0 0.0 1960276.692901754 2184058.2338499455 0.0 0.0 0.0 0.0 2418958.1648139316 1583928.8225665882 0.0 1704322.2634472942 1339093.622319659 332623.8826369669 496326.22450782213 493532.4475588164 229952.22183444296 387266.7268523573 224665.24243865072 351933.5548656237 800188.5276165241 881567.3951047999 954518.9113227134 962341.0501949674 998054.4666607616 1020617.4937587297 1031475.787961821 1001728.3592267862 818670.2852830854
2218722.921382945 1881399.981592935 1956162.4838754113 2073703.9311898234 1819347.8547204311 2371325.5507764155 1759013.3220442738 531299.9529577281 765493.3797130466 1414346.4424833436 1199128.2052820842 1769538.5251984787 0.0 0.0 0.0 0.0 1581638.6350856542 1569038.6676235367 1106803.5460077533 281155.0670395691 1959158.2786379547 1886995.9779625954 1738773.1041719208 0.0 1320055.4244303796 924060.3535529192 0.0 0.0 0.0 0.0 2449145.389677193 2321217.7846072908 0.0 0.0 2689143.284396694 2818108.3029343355 2502016.8608877296 0.0 0.0 0.0 0.0 2633515.8107526954 1522948.2122214702 0.0 0.0 2047689.0333846756 2409306.31878292 479466.4266784318 454273.2056430683 697357.9335761395 0.0 281857.65323127835 311163.3929262625 889690.9766731217 973922.398628812 942922.6510241171 837843.5340012496 868775.3723358165 948643.2071570152 1044281.2293296966 1041108.5967381938 964245.4621247451 823470.9342042916
2320077.1176083633 1158874.9949679556 1271770.4672743578 1565235.8126497096 1407739.4611150261 2878269.8245823905 157658.17002288913 1537102.314433526 390113.5883711012 1010749.3759574826 2557075.0124730757 1282989.6077826184 0.0 1104327.866987598 788839.3001339795 1347293.067760222 1901373.6493573545 2020619.7444265692 1787422.6135823987 2290858.544287647 577760.4743515837 1521351.8745188594 924258.1988839773 0.0 1470328.3075524662 1265872.5592344406 1373824.6259659184 0.0 0.0 0.0 0.0 0.0 0.0 0.0 0.0 0.0 0.0 0.0 0.0 0.0 0.0 0.0 2516081.6520167175 3147915.083732712 0.0 700451.7224118606 695540.3937652565 833614.3873349839 901060.6265789339 646292.3651376285 0.0 737965.3404284114 955363.7332140367 1028790.461459894 983683.9671792055 1046033.9814519285 1017060.2385060188 875189.055564898 900965.5523717242 1040062.6774157545 1034413.5724725224 661702.2375061158 865267.3947021114
3419798.144671253 3213887.9594771126 4105539.889987556 2617189.3624764634 4221208.678623923 2428999.0158112184 753672.8012416823 353412.532698721 169573.8288761438 150010.86580904343 2011381.9102474414 0.0 0.0 902067.4146261063 1402975.174275775 1322447.4738992723 0.0 1222046.102575841 1201237.4312771407 2204041.4376110234 1486915.0048634347 1109982.6463457278 993407.3422502552 0.0 0.0 0.0 0.0 1294466.7309020082 1648656.4804678177 4037986.115045684 3095777.816879821 0.0 2364900.0589633244 2337940.6686493955 2498673.366802743 2054163.6313403763 2069161.7597058755 1490797.6010548016 0.0 2205768.9538222495 1586846.902885575 0.0 2334907.489697105 1736205.9577563922 2424632.8190821675 454671.98788414145 542300.9716294344 713071.1862614831 835911.1783034713 265251.45233290107 568055.2902408901 939885.9339597861 775459.3229822216 1005955.0775441363 1064227.9316813278 1031797.1235150637 1021893.5254009578 1016582.3237040841 1009862.4041640501 1032968.8897702285 901687.0373064067 908237.2624852879 1005688.1426442609
1757136.6923143365 1342944.461544291 1825535.2206458966 1523070.5716365722 2243600.886368406 3069226.2655196786 1821356.604740307 1159632.3755674218 926701.1126018004 518627.7227576012 0.0 0.0 0.0 1206454.0176759495 1986196.75688892 0.0 1348186.9030328994 929806.2700797173 1469217.3640947714 1655005.4654926464 0.0 1428884.9460849406 1169770.1293361478 2077547.5460419739 0.0 1063968.8087920933 0.0 1617894.5576865338 1201121.600936889 2203140.0080611715 2172143.1246550158 663547.1344575068 461384.8995044627 381461.7977017394 337114.7351519319 560910.9756635749 0.0 0.0 0.0 0.0 0.0 0.0 0.0 623518.5628905345 714075.2921927652 900891.8865531484 512701.23142853944 568481.1687622282 564060.5334900756 510840.2035641483 796408.8855461965 876965.2747595153 953529.979348246 1048735.1874050053 968472.1554718162 957538.2581847113 900124.9388726988 989691.9522389516 957975.9074798393 1046970.2756392445 616480.7063907703 871031.1945284712 1029041.8762279217
2253402.9951202758 1037774.0461350498 1614399.2009640236 2247636.524850305 1746785.7434845176 606813.3305673943 766729.4519372208 454313.5969947092 2460686.1879443885 779316.9715587603 533791.557765777 2079297.0645900324 1738668.888316635 1929179.9214532692 1983668.958259499 1309716.3927000042 2141283.9980988908 850298.9364615141 1149776.9824359152 1168978.3908589222 1300551.6391051153 1567369.2215150138 1401026.4079138055 0.0 1657072.7142693012 0.0 0.0 0.0 1147155.3945434866 312504.79021860444 803061.2034100735 756684.8149251776 549835.0541494748 529842.6126737968 638927.0224357685 425880.69786765025 0.0 0.0 0.0 506248.2816438291 0.0 565124.3950297497 0.0 369610.28794609266 875036.5238520858 957750.082486707 804061.6354044443 690699.7064630167 757071.0500349505 903385.4853011459 804750.9132899193 704203.48348314 820821.9290276376 1000950.0964140595 1089424.4434592286 1060156.7245583844 1001146.2643762267 758696.9112399193 783909.0394843472 1060189.4139051286 973325.5300626451 1027949.0537139577 787774.2308477897
1373493.3416082116 923751.3060854254 731162.9939427634 1935427.3079286653 1309123.490021966 666109.4763680523 942680.563437578 497554.15680723824 930333.5776933403 1127273.0888328643 0.0 781325.1911000696 0.0 0.0 1630231.613328379 2723578.5525328196 3663969.201377533 2484133.4965181304 735848.1965437643 1543630.3381058143 2270143.1768857064 1275256.5018217082 2111323.677229929 1416193.4403099811 2056342.5108002229 1072857.5347080168 1424992.7000840132 0.0 1894365.6112393725 3047984.7907718928 1002474.0260836562 674049.0585245155 846642.5112018546 769919.9510158899 725990.8724857187 862228.9110890639 552408.6968492287 681649.4064010574 664837.4264090441 755242.7882599066 702194.356189753 594761.4256279134 525865.6646954113 616044.4688882213 864165.8293807192 1065614.5784827443 916035.2378352929 863106.0044974153 995503.1605501228 935242.2978798022 829337.660424201 625665.5790825661 555514.6135118867 955958.138643214 1092554.131242463 979054.5405659606 943021.7814144383 890416.9511228309 849046.221271502 885731.6617644309 1065761.4178390724 909584.4106483556 888089.5322410201
619149.961203741 868681.834690546 3043591.2544239145 1868294.8722349585 1537139.3023400945 78778.70596563598 918573.5899448287 0.0 0.0 692998.9469399462 1446314.0805489544 1678895.868154309 1625599.493422087 1388126.3241211022 870785.6341749039 0.0 0.0 3690158.00490532 2860952.286279207 1756215.0592112623 1657050.086756389 3117387.9953156705 3682361.889856012 3567560.9015660677 3253230.300807431 890202.3387894823 2367498.926260999 1757790.436914352 1524379.5088213428 740016.4061254784 932923.7042000295 882597.9972449396 874006.0131240652 922003.7213099197 733543.2377533256 690321.8988500052 690454.2923075589 717818.9483497728 632477.4101921985 763717.191370781 684564.274513904 852835.4018653949 999232.0987392786 882210.979189873 1095753.0686894138 1162678.308142681 1206806.233204145 854462.7774764984 883632.5073040379 878397.537591608 833674.6300143794 672110.95516202 665048.7687938852 689622.126887547 615449.1876790337 748711.9341798977 474577.3593197354 848763.2893137434 823981.6317996609 1054212.0512673806 1073771.1843505513 1064910.7051812375 995260.7832688512
907701.4516761205 2993473.272807021 4512626.2067550905 2280785.939962308 1122867.073283982 1438370.8317742525 261042.5596813963 0.0 805352.5882793721 0.0 883369.3273914588 1031615.1930080919 1108298.2089800632 1195292.0142657633 1105885.379944375 1146841.9537854744 1293885.769264909 1295604.3506893583 1328886.4065837488 1835387.5581756989 0.0 1446171.827236872 0.0 2085959.2187367904 0.0 2192115.6194416364 0.0 2357177.171290193 1089321.737763558 948059.8765454082 828123.8827649263 1054202.4877385667 1160315.310166313 1196793.9882209443 1176301.3862988737 1181807.5529160209 1034985.3194952564 1087182.1389101255 883813.7115633992 958009.7051153944 834399.6607730564 995065.2822519513 1096349.7772069096 1061160.3624959425 781481.706214746 897751.7922486016 1125311.5741434782 572870.6308802229 898900.4716855931 968676.8833312496 1175199.8444017665 680117.0645095607 736907.8948614524 901416.1979591685 0.0 369700.43276247254 0.0 0.0 0.0 0.0 0.0 953026.0571623894 943059.0989998594
2101996.373720404 1790419.6988913498 2313432.9457417214 2233157.0515839853 1296663.8852026304 1250464.8383072375 1582095.692315512 902080.9395196682 0.0 962102.5854867519 998662.1841383636 936827.0075702264 0.0 1063363.9052917354 1002966.9217457928 950446.8381846659 1512618.3404982113 1134376.0308202878 0.0 0.0 0.0 0.0 0.0 0.0 0.0 0.0 0.0 0.0 319413.6317078521 811758.6343390824 1002906.2339139398 1023852.0306246971 1133143.3387404296 1218083.5689369356 910869.4132670782 0.0 883286.5888321111 834435.1656052842 723557.9785360461 822702.4077069733 858747.1493636296 776012.1529111487 934549.2923385464 919091.9053833097 1007166.2656836481 910707.7730134411 411518.72896445 337644.29336084926 0.0 410832.32105789566 786435.313203353 718839.9480759553 582905.2339090996 477973.6553008541 623078.688283536 0.0 0.0 0.0 0.0 0.0 0.0 721923.1754379806 0.0
1800852.8760915024 854998.1216971996 2361414.4292160035 2547854.9650643454 2693841.614675221 2298175.7097050175 3556754.9949977417 3310606.6197731346 1526724.0875542252 0.0 0.0 0.0 168814.6617609702 2013769.6540809565 5201751.631235538 1714012.0080929527 1013325.9123686331 873674.6054712925 699446.2659852925 0.0 0.0 0.0 0.0 0.0 787489.7660435083 1145450.6553431011 755122.9413464922 0.0 0.0 0.0 0.0 863949.9185931516 1168618.6381394586 1238889.206943162 612034.4096881825 0.0 637219.0205351171 1202877.1732514934 1230940.7370623942 1148549.529720652 1086965.5244853545 1193027.1752092757 909948.7368940178 1045489.1343043497 976272.0800751658 1065671.9827991172 576107.823051576 651410.9995391722 0.0 808609.192936801 0.0 1016933.5170114415 808876.2546123029 700793.8901542546 0.0 0.0 535392.1077706771 416914.1631140613 0.0 374595.2092735886 513949.2145128768 723185.5930410747 450545.71768630244
1801613.574666576 4282645.538354431 3146824.7807909255 1990920.8179639054 2117289.660655014 2226254.0792641924 2899376.1008620174 2878616.518977165 3251965.5077145705 3589988.645258592 3088321.953389113 1193921.5438633019 1268608.246397527 2859356.616581465 2819417.868052624 6177276.979129928 1077226.2755341856 1714837.9716484598 1351753.050441168 923334.6542371842 568120.4902882385 540372.7768299109 0.0 528410.874813327 809136.1117920298 1051847.0644933088 1117140.6061228137 1120892.1429327477 0.0 0.0 0.0 0.0 502579.1881709711 891450.4268274916 982588.7893696103 1109239.8332826186 928379.0841266708 972417.7494378627 1268683.0774334096 1203721.0938337077 1093150.3997292905 1102449.2595005443 941527.2426568263 902439.4113493394 1094537.8983364995 945022.8121309932 840066.7890033714 775728.44281247 0.0 0.0 0.0 684555.3728686629 919352.1489665918 849036.59250156 767783.6710410346 682728.7102068533 553900.9998846605 470172.6789944273 0.0 0.0 0.0 845665.9110073838 1032678.0372463196
