Model Version1.4/trunk/input/2010/nero_ag.asc
ncols 720
nrows 360
xllcorner -180
yllcorner -90
cellsize 0.5
NODATA_value -1
[rows 64 to 95 of 360, columns 73 to 145 of 720]
-1.0 -1.0 -1.0 -1.0 -1.0 -1.0 -1.0 -1.0 -1.0 -1.0 -1.0 -1.0 -1.0 -1.0 0.0 0.0 0.0 0.0 0.0 0.0 0.0 0.0 0.0 0.0 0.0 0.0 0.0 0.0 0.0 0.0 0.0 0.0 0.0 0.0 0.0 0.0 0.0 0.0 0.0 0.0 0.0 0.0 0.0 0.0 0.0 0.0 0.0 0.0 0.0 0.0 0.0 0.0 5004.456983468 4368.56464916 0.0 0.0 0.0 0.0 1806.979958769 0.0 0.0 5059.213967674 2162.09768378 0.0 2248.1424038229998 1475.260081684 3673.8727851979997 0.0 467.35934623800006 1011.213849584 4105.482222578 4003.031291292 2165.444944628
-1.0 -1.0 -1.0 -1.0 -1.0 -1.0 -1.0 -1.0 -1.0 -1.0 -1.0 -1.0 -1.0 -1.0 -1.0 3510.64480506 0.0 0.0 261.268861496 52.2058471568 0.0 440.83382803 0.0 0.0 0.0 0.0 0.0 0.0 0.0 0.0 0.0 0.0 0.0 0.0 0.0 0.0 0.0 0.0 0.0 0.0 0.0 0.0 0.0 0.0 0.0 0.0 0.0 0.0 0.0 0.0 0.0 5625.071102206902 7733.5823389703255 0.0 0.0 0.0 0.0 0.0 0.0 0.0 0.0 0.0 0.0 1506.844364968 0.0 0.0 4340.965737685 7586.5029919458 8132.738438856 0.0 4034.23096971 1372.739029082 3449.4589588999997
-1.0 -1.0 -1.0 -1.0 -1.0 -1.0 -1.0 -1.0 -1.0 -1.0 -1.0 -1.0 -1.0 -1.0 -1.0 -1.0 727.146648539 0.0 707.131611469 1750.94524184 3778.95614707 2046.99570629 0.0 0.0 0.0 0.0 0.0 0.0 0.0 0.0 0.0 0.0 0.0 0.0 0.0 0.0 0.0 0.0 0.0 0.0 0.0 0.0 0.0 0.0 17479.5662639 20337.375909969247 0.0 0.0 15293.626969316003 7224.83991882 0.0 34000.2704841 60691.698478808 0.0 0.0 0.0 0.0 0.0 0.0 0.0 0.0 0.0 0.0 0.0 0.0 0.0 0.0 3012.28834818 10006.005027969999 1079.880688081 0.0 157.4648946864 0.0
-1.0 -1.0 -1.0 -1.0 -1.0 -1.0 -1.0 -1.0 -1.0 -1.0 -1.0 -1.0 -1.0 -1.0 -1.0 -1.0 -1.0 0.0 0.0 0.0 983.502648381 320.424629262 5648.83750721 0.0 0.0 0.0 0.0 0.0 0.0 0.0 0.0 0.0 0.0 0.0 0.0 0.0 0.0 0.0 0.0 0.0 0.0 0.0 0.0 24260.947542384998 22362.013924 155104.970605653 101491.59023148271 85452.8544379948 121118.30314366476 168739.80153089523 67101.21878213975 165950.86339109796 241049.17864897219 12778.489676912472 0.0 4449.830897811 0.0 0.0 0.0 0.0 0.0 0.0 0.0 0.0 0.0 0.0 0.0 2085.200571899 2942.301577835 213.2182545437 40.67536195006 1224.231075841 7975.422675891
-1.0 -1.0 -1.0 -1.0 -1.0 -1.0 -1.0 -1.0 -1.0 -1.0 -1.0 -1.0 -1.0 -1.0 -1.0 -1.0 -1.0 -1.0 0.0 0.0 1069.4785044 1509.72179587 233.802438929 1529.42692379 28522.9155459 0.0 985.774266436 0.0 0.0 0.0 0.0 0.0 0.0 0.0 0.0 0.0 0.0 0.0 0.0 0.0 0.0 0.0 0.0 0.0 10873.258146252 34860.24025162131 116090.63275682669 50084.156641233 45068.07264358334 222234.33976661143 124501.57662609624 37212.202226400805 155900.40814520422 42747.1101014 53053.353156103105 7647.539100598 2106.899890629 2559.409091736 0.0 1417.291468042 0.0 0.0 0.0 0.0 0.0 0.0 0.0 0.0 0.0 116.7860924329 97.2847147059 484.503891659 0.0
-1.0 -1.0 -1.0 -1.0 -1.0 -1.0 -1.0 -1.0 -1.0 -1.0 -1.0 -1.0 -1.0 -1.0 -1.0 -1.0 -1.0 -1.0 -1.0 0.0 92.2085822852 740.679397515 2347.28406801 0.0 2106.05446539 0.0 0.0 145392.33307229998 59285.44355106 72372.86110313001 0.0 0.0 0.0 0.0 0.0 0.0 0.0 0.0 0.0 0.0 10778.3302821 0.0 0.0 0.0 0.0 0.0 0.0 56665.5517093167 232251.027613187 215653.54074702584 229905.754335159 94832.31883613 174738.5248818094 76022.214495832 51342.420616441 18582.103035567 30631.853516648 27314.374902276 10012.46079814 23081.237118738998 6041.445079107 4916.694197111 12062.938970365001 5708.135142583001 2144.000423418 0.0 0.0 0.0 0.0 2118.422782982 0.0 668.531550968 139.9376594579
-1.0 -1.0 -1.0 -1.0 -1.0 -1.0 -1.0 -1.0 -1.0 -1.0 -1.0 -1.0 -1.0 -1.0 -1.0 -1.0 -1.0 -1.0 -1.0 -1.0 0.0 0.0 0.0 -1.0 0.0 0.0 71052.19572016 72638.60151696 0.0 186693.71934419998 0.0 0.0 74599.8962662916 0.0 345.431182895 0.0 0.0 0.0 0.0 0.0 0.0 0.0 0.0 0.0 0.0 0.0 0.0 0.0 12572.20769050064 57224.3429626217 0.0 4871.10583987 64803.684104297005 8269.683601473 5579.824787519 12446.36194540205 0.0 19332.253529717 33516.872890834 51876.111680197 108763.48115052053 69501.80472533099 64895.978848294 56186.642756621 15687.338038591999 17064.163168782 9216.320926625 593.834275818 133.21453628720002 0.0 0.0 0.0 99.8293908779
-1.0 -1.0 -1.0 -1.0 -1.0 -1.0 -1.0 -1.0 -1.0 -1.0 -1.0 -1.0 -1.0 -1.0 -1.0 -1.0 -1.0 -1.0 -1.0 -1.0 329.7802345884 8388.160915631 0.0 0.0 -1.0 0.0 68520.25504647 188026.1719999 0.0 122189.30950850999 0.0 0.0 0.0 0.0 0.0 0.0 0.0 0.0 16954.713613237003 7614.119790504998 0.0 31088.023534642 20852.722258049 0.0 0.0 0.0 0.0 0.0 0.0 0.0 0.0 0.0 0.0 15075.227480531 4976.98281761 39394.388693852 90489.4559919 123729.04174740403 116157.4002232022 301027.246556136 92203.685989743 308219.710571468 116842.775981193 129397.754806674 126468.16024926955 123731.284439302 108917.796103637 79895.46119200399 68892.96431221461 42555.500198258596 37164.005763596404 4824.622837729001 0.0
-1.0 -1.0 -1.0 -1.0 -1.0 -1.0 -1.0 -1.0 -1.0 -1.0 -1.0 -1.0 -1.0 -1.0 -1.0 -1.0 -1.0 -1.0 -1.0 -1.0 6719.633369194999 288630.8818829 42897.73993353 912.844177091 -1.0 0.0 10987.04145853 267923.26928320003 226599.9129698 37745.31819648 0.0 0.0 0.0 0.0 0.0 0.0 0.0 0.0 6118.164102787 4947.939738125 0.0 51722.202940719995 0.0 0.0 0.0 0.0 0.0 0.0 0.0 0.0 0.0 0.0 0.0 22609.559535047098 58626.063091556 71937.5738838881 123030.75183728804 140373.06716919268 130411.83585145074 340155.711282816 384591.2851747748 309304.3575942657 303320.54457667 398131.9325374112 153544.75807084318 430493.3639790822 138560.500595398 103675.11438832899 98172.89005568299 48908.323047469596 8752.368724730999 24338.4368050918 37854.136449233
-1.0 -1.0 -1.0 -1.0 -1.0 -1.0 -1.0 -1.0 -1.0 -1.0 -1.0 -1.0 -1.0 -1.0 -1.0 -1.0 -1.0 -1.0 -1.0 -1.0 -1.0 4035.268463463 17638.689038020002 2467.345550506 -1.0 -1.0 0.0 0.0 1345.314167773 209468.9062621 64929.26879785 0.0 0.0 0.0 0.0 0.0 0.0 0.0 0.0 0.0 0.0 20029.699875414 17409.58476255994 0.0 0.0 0.0 0.0 0.0 0.0 0.0 0.0 116872.49317239999 0.0 0.0 0.0 4136.238832757 74960.139243586 195243.83743679154 179012.3605523979 365584.43350889947 370432.866499768 226308.68651300503 172533.781680146 205879.989957713 331315.723214119 384744.1447715299 369775.1485101035 334613.58469113254 400815.688903003 394143.42895085004 84459.165940185 94473.6971697 73540.49413276999
-1.0 -1.0 -1.0 -1.0 -1.0 -1.0 -1.0 -1.0 -1.0 -1.0 -1.0 -1.0 -1.0 -1.0 -1.0 -1.0 -1.0 -1.0 -1.0 -1.0 -1.0 -1.0 0.0 8679.99470636 0.0 -1.0 -1.0 -1.0 0.0 13220.13158238 31692.61329976 0.0 0.0 0.0 0.0 0.0 0.0 0.0 0.0 0.0 0.0 10346.961790408 34231.999065042 0.0 0.0 0.0 0.0 0.0 0.0 0.0 0.0 0.0 0.0 0.0 0.0 4901.205391421 11834.446561729 115253.341997665 208150.0326646283 411185.204340583 423849.160969823 279838.5761385765 183099.279375812 178439.26687664576 297134.7091545832 263122.133000282 226292.82599212002 26878.996075481 293489.25164672 355835.51902431 368394.047011684 217851.82196837998 184335.86414332
-1.0 -1.0 -1.0 -1.0 -1.0 -1.0 -1.0 -1.0 -1.0 -1.0 -1.0 -1.0 -1.0 -1.0 -1.0 -1.0 -1.0 -1.0 -1.0 -1.0 -1.0 -1.0 -1.0 0.0 0.0 -1.0 -1.0 -1.0 -1.0 0.0 468.975414993 0.0 14163.3502274 0.0 0.0 0.0 19471.485592560002 0.0 0.0 3915.784083911 0.0 0.0 5626.13222065 6043.578485574 0.0 0.0 0.0 0.0 0.0 0.0 0.0 0.0 0.0 0.0 0.0 0.0 31816.37672197 164860.950051913 456988.8995288232 569976.212875177 502980.23869612097 364136.83118662296 106706.36386626 117158.50544708999 209807.41544575 111832.58135528999 63957.48722543 74491.51647184 217517.8700157 73522.342046065 214899.243495998 277229.05220216396 338285.653448559
-1.0 -1.0 -1.0 -1.0 -1.0 -1.0 -1.0 -1.0 -1.0 -1.0 -1.0 -1.0 -1.0 -1.0 -1.0 -1.0 -1.0 -1.0 -1.0 -1.0 -1.0 -1.0 -1.0 -1.0 -1.0 -1.0 -1.0 -1.0 -1.0 -1.0 23.4102502642 959.638605652 31776.8307019 0.0 0.0 0.0 0.0 0.0 3025.94751241 0.0 0.0 0.0 164770.0219698 0.0 1890.986629066 0.0 0.0 0.0 0.0 0.0 0.0 0.0 0.0 0.0 0.0 0.0 0.0 135335.459412207 519209.1646741436 412336.281256846 552864.1021092561 280012.408890908 185604.31262612 52916.21447506 43293.60988676 86042.1721163 98167.0587744 122003.5175348 115129.48862204999 162220.27424383 201455.53740833 191454.78079884 187371.72282843
-1.0 -1.0 -1.0 -1.0 -1.0 -1.0 -1.0 -1.0 -1.0 -1.0 -1.0 -1.0 -1.0 -1.0 -1.0 -1.0 -1.0 -1.0 -1.0 -1.0 -1.0 -1.0 -1.0 -1.0 -1.0 -1.0 -1.0 -1.0 -1.0 -1.0 -1.0 0.0 5832.00736399 40890.5560498 46775.3391366 23314.6518355 0.0 0.0 0.0 8479.92297853 0.0 12819.805895 26200.552738799997 15257.2115091 0.0 0.0 0.0 0.0 3467.09017413 0.0 0.0 0.0 0.0 0.0 0.0 0.0 0.0 109309.645308312 486329.5444234 370063.592457859 359599.08550958836 342733.08848513 190730.6260001 77694.83096754 73599.26131989 100947.7168162 126340.46936789999 126983.830587 157016.92853724002 187042.88247983 167988.9378341 183799.17335393 231460.1770894
-1.0 -1.0 -1.0 -1.0 -1.0 -1.0 -1.0 -1.0 -1.0 -1.0 -1.0 -1.0 -1.0 -1.0 -1.0 -1.0 -1.0 -1.0 -1.0 -1.0 -1.0 -1.0 -1.0 -1.0 -1.0 -1.0 -1.0 -1.0 -1.0 -1.0 0.0 0.0 1703.89366688 1530.04728929 15761.9502129 195806.6412099 38439.3787699 47371.4842042 13792.3604775 0.0 0.0 0.0 0.0 0.0 40784.5990729 25946.3501133 214066.67468589998 49143.49303458 194248.47549513998 27791.073796689998 0.0 0.0 0.0 0.0 0.0 0.0 0.0 73245.738832181 609979.1695898101 355136.21820923 325371.89958632 261160.61455874998 146487.5242512 130041.82196759999 103743.6930424 117313.354121 91866.9870883 142146.9967546 108385.11871190001 160633.68924778 185099.71897165 228679.68519627 250516.22214336
-1.0 -1.0 -1.0 -1.0 -1.0 -1.0 -1.0 -1.0 -1.0 -1.0 -1.0 -1.0 -1.0 -1.0 -1.0 -1.0 -1.0 -1.0 -1.0 -1.0 -1.0 -1.0 -1.0 -1.0 -1.0 -1.0 -1.0 -1.0 -1.0 -1.0 -1.0 401.908728174 0.0 0.0 0.0 0.0 11717.43507235 22738.9059289 126967.6979622 10821.6345762 7819.50914747 0.0 0.0 0.0 14368.00649542 32227.87222763 98156.0161041 0.0 213993.74433639998 72589.50543820999 0.0 0.0 0.0 0.0 0.0 0.0 0.0 0.0 523192.86453192 468592.47032235004 238168.81759387 229602.13841081999 206334.42411914 148364.61825872 101368.0143287 100419.2457325 120642.50482460001 129968.8603924 84695.1143064 157675.36771841 191950.18218847 288111.76551717997 269118.57787712
-1.0 -1.0 -1.0 -1.0 -1.0 -1.0 -1.0 -1.0 -1.0 -1.0 -1.0 -1.0 -1.0 -1.0 -1.0 -1.0 -1.0 -1.0 -1.0 -1.0 -1.0 -1.0 -1.0 -1.0 -1.0 -1.0 -1.0 -1.0 -1.0 -1.0 -1.0 -1.0 0.0 3193.18326526 0.0 38777.3112084 98267.8257018 21663.222621980003 889.474516654 0.0 23804.4997597 15807.0676993 0.0 15222.0924175 0.0 0.0 0.0 103763.6555075 75429.733274461 0.0 0.0 0.0 0.0 0.0 0.0 57818.1480574 0.0 0.0 399661.86928976 370240.92050849996 212945.79976927 261896.919189199 213268.17818482 209936.20297765 163307.01220438 177351.21166 248525.42182730002 159466.3850045 202344.9330344 232887.01652151998 207658.11545916 249449.85718287 263681.828211
-1.0 -1.0 -1.0 -1.0 -1.0 -1.0 -1.0 -1.0 -1.0 -1.0 -1.0 -1.0 -1.0 -1.0 -1.0 -1.0 -1.0 -1.0 -1.0 -1.0 -1.0 -1.0 -1.0 -1.0 -1.0 -1.0 -1.0 -1.0 -1.0 -1.0 -1.0 -1.0 -1.0 -1.0 0.0 15582.507024925 10524.8308433 42906.0935069 58418.396156129995 40761.34030763 227495.5086923 2507201.5853628 982108.5767603801 731757.0924080401 40931.0885609 0.0 0.0 277293.0385813 32435.0218636 40053.86814822 265066.97882495 78885.92753471 0.0 241519.093908213 398762.7260871893 24043.833667320003 23728.43716533 0.0 378126.10294852004 797881.1125549229 480216.67118986 360939.35810682003 205333.41456763 106011.46319514001 90736.34139076999 56115.147798499995 48701.2475381 56724.4706114 96443.07764640001 122472.5710788 157998.9808876 129043.2141376 230822.878076
-1.0 -1.0 -1.0 -1.0 -1.0 -1.0 -1.0 -1.0 -1.0 -1.0 -1.0 -1.0 -1.0 -1.0 -1.0 -1.0 -1.0 -1.0 -1.0 -1.0 -1.0 -1.0 -1.0 -1.0 -1.0 -1.0 -1.0 -1.0 -1.0 -1.0 -1.0 -1.0 -1.0 -1.0 -1.0 -1.0 0.0 0.0 0.0 159770.46302172 32138.01594971 111291.76425595999 862849.61782 0.0 89416.5811595 0.0 45583.9432818 196531.1292116 148410.6339463 85348.2356435 200925.2561408 208610.0609169 0.0 7356.9555568 269799.0986578 22460.947779223 63771.050095900006 7942.13172872 4840.72761418 39403.4669928 91348.4464917 113869.025388 113529.5539998 131889.60409069998 215792.5810626 128344.5018035 113938.2734408 96201.6331606 48944.5646691 59336.763650400004 60416.928182 56784.226431999996 55004.490951700005
-1.0 -1.0 -1.0 -1.0 -1.0 -1.0 -1.0 -1.0 -1.0 -1.0 -1.0 -1.0 -1.0 -1.0 -1.0 -1.0 -1.0 -1.0 -1.0 -1.0 -1.0 -1.0 -1.0 -1.0 -1.0 -1.0 -1.0 -1.0 -1.0 -1.0 -1.0 -1.0 -1.0 -1.0 -1.0 -1.0 -1.0 0.0 44914.78778357 0.0 63442.80395419001 86327.7477683 396762.3048053 0.0 54824.9571511 56826.7876212 315450.91862440004 325288.793664 371618.08254900004 165227.7860824 420067.39134 417769.88020919997 184768.2342273 15735.494319309999 81208.75827610001 84845.89012864 154908.30678289998 17844.570851329998 141306.24673217 13028.4235884 0.0 112207.5381663 152904.6578674 156127.9038405 175212.44968999998 159462.4104424 141130.6925568 212401.40175679998 133709.6133014 65377.016886900004 48371.3211684 51207.546646999996 30395.6232301
-1.0 -1.0 -1.0 -1.0 -1.0 -1.0 -1.0 -1.0 -1.0 -1.0 -1.0 -1.0 -1.0 -1.0 -1.0 -1.0 -1.0 -1.0 -1.0 -1.0 -1.0 -1.0 -1.0 -1.0 -1.0 -1.0 -1.0 -1.0 -1.0 -1.0 -1.0 -1.0 -1.0 -1.0 -1.0 -1.0 -1.0 0.0 1869.69191159 0.0 0.0 16881.46822235 230755.23328868 866098.37769135 133367.827405 236666.2241966 540174.972696 215800.8177147 205183.7580161 243727.23949289997 285527.5353964 265280.8173429 971208.18118293 857222.4006697 0.0 35991.658131000004 75829.5944321 538035.254776 278359.41434869997 4769.5224939 0.0 10735.06629789 108877.1824792 151306.6764212 191321.16134710002 220475.7236556 187206.863722 92487.5821521 56032.1383594 45704.858939800004 34026.4024508 29479.992176990003 39351.50980608
-1.0 -1.0 -1.0 -1.0 -1.0 -1.0 -1.0 -1.0 -1.0 -1.0 -1.0 -1.0 -1.0 -1.0 -1.0 -1.0 -1.0 -1.0 -1.0 -1.0 -1.0 -1.0 -1.0 -1.0 -1.0 -1.0 -1.0 -1.0 -1.0 -1.0 -1.0 -1.0 -1.0 -1.0 -1.0 -1.0 -1.0 -1.0 3463.36828335 8942.94791139 26945.3809568 23825.656411980002 435538.06659404 273029.92316726974 103882.118861 641677.494146 388649.4142625 256411.0870232 128041.4747067 156916.7591758 147880.8660152 184352.70405949999 437671.911761 763855.038242755 0.0 0.0 0.0 450474.447639 533055.401434 14202.57432187 42564.850223500005 46595.4788586 198194.95000860002 345092.4160796 452816.3859154 428660.100114 317392.2239083 349577.3868037 227762.9831072 34548.599038500004 37074.3394997 37689.915288560005 76827.0816111
-1.0 -1.0 -1.0 -1.0 -1.0 -1.0 -1.0 -1.0 -1.0 -1.0 -1.0 -1.0 -1.0 -1.0 -1.0 -1.0 -1.0 -1.0 -1.0 -1.0 -1.0 -1.0 -1.0 -1.0 -1.0 -1.0 -1.0 -1.0 -1.0 -1.0 -1.0 -1.0 -1.0 -1.0 -1.0 -1.0 -1.0 -1.0 1729.1989142459001 41703.0443517 227189.2152978 421738.768293 244951.17111400003 46986.889557 24745.3037235 428460.7384276 216688.0704606 57402.2623632 36504.04214137 296066.0272071 225971.711634 232468.0390826 681460.2592485 242092.38501645 154375.46460665512 0.0 0.0 0.0 328093.6919618 85254.3507757 122891.53884699999 266106.116447 77592.3868471 372082.271542 89593.2436234 66337.96448170001 91297.2030706 316321.22735959996 125707.1687795 110841.1086557 37526.3016646 29764.34220454 28380.83963561
-1.0 -1.0 -1.0 -1.0 -1.0 -1.0 -1.0 -1.0 -1.0 -1.0 -1.0 -1.0 -1.0 -1.0 -1.0 -1.0 -1.0 -1.0 -1.0 -1.0 -1.0 -1.0 -1.0 -1.0 -1.0 -1.0 -1.0 -1.0 -1.0 -1.0 -1.0 -1.0 -1.0 -1.0 -1.0 -1.0 -1.0 -1.0 0.0 46960.2471266 109975.8952974 298183.1696153 0.0 20686.2350966 63497.39553930001 164684.2908647 294346.9079825 474066.0834288 25653.39489547 208590.7813149 430894.97537689 294572.1960944 417325.122313 509344.4158845 1110918.4075724436 182888.567375064 0.0 0.0 681371.4774146001 29400.2488818 27422.34620313 206979.7953906 33218.253193900004 248795.9974052 336155.3404922 249851.1081005 163484.6505763 71253.21272519999 115675.6294528 66342.9442086 52619.792619700005 56153.971055300004 68566.7936725
-1.0 -1.0 -1.0 -1.0 -1.0 -1.0 -1.0 -1.0 -1.0 -1.0 -1.0 -1.0 -1.0 -1.0 -1.0 -1.0 -1.0 -1.0 -1.0 -1.0 -1.0 -1.0 -1.0 -1.0 -1.0 -1.0 -1.0 -1.0 -1.0 -1.0 -1.0 -1.0 -1.0 -1.0 -1.0 -1.0 -1.0 -1.0 -1.0 0.0 335092.15943845 234292.62918356198 276567.400439034 37847.506251923995 105854.2842296 349516.159324 144334.6967616 153555.8589216 300348.0501318 363803.21032270003 766493.9329308 282313.4453397 223772.2559743 200665.76302279998 380276.9701139 0.0 0.0 0.0 87553.5452665 29810.924813699996 113578.7906355 52202.4696478 294690.71466 180782.0519037 688121.1708259999 137340.5138723 262986.7915853 211834.5627157 86302.981314 101871.200466 91914.35702669999 85539.1567931 73390.17350040001
-1.0 -1.0 -1.0 -1.0 -1.0 -1.0 -1.0 -1.0 -1.0 -1.0 -1.0 -1.0 -1.0 -1.0 -1.0 -1.0 -1.0 -1.0 -1.0 -1.0 -1.0 -1.0 -1.0 -1.0 -1.0 -1.0 -1.0 -1.0 -1.0 -1.0 -1.0 -1.0 -1.0 -1.0 -1.0 -1.0 -1.0 -1.0 -1.0 182780.88845257 1154422.1363308001 641321.395440895 1027433.4653970059 14874.8126053 125447.4787554 233066.6334442 217616.7486391 261799.58040079998 110104.211867 159387.2843802 158991.173777 505215.4592039 431418.8021378 165125.8640083 152025.5674752 46578.059280600006 29097.0455238 74239.0978493 59194.63476883 446569.9421511 135300.4119807 357457.6702667 437559.2208165 268982.1226724 0.0 90103.86445200001 11915.2980109 140341.1906211 176521.8018741 142170.7706443 103121.6457157 134043.8809471 235809.63883070002
-1.0 -1.0 -1.0 -1.0 -1.0 -1.0 -1.0 -1.0 -1.0 -1.0 -1.0 -1.0 -1.0 -1.0 -1.0 -1.0 -1.0 -1.0 -1.0 -1.0 -1.0 -1.0 -1.0 -1.0 -1.0 -1.0 -1.0 -1.0 -1.0 -1.0 -1.0 -1.0 -1.0 -1.0 -1.0 -1.0 -1.0 -1.0 3326.7496068872997 12759.53080373 831149.3130185 960000.0684056099 0.0 24829.8894767 221946.00096130001 67210.59252050001 111266.8958387 108349.100299 147335.0506894 31678.3402355 149609.05872939999 359423.4867528 347101.0862179 300278.56978300004 237705.0675389 0.0 0.0 38981.1120985 12157.208169755999 20429.1010891 87888.1028735 130361.0237229 140792.74439190002 33679.4099133 10670.18371583 0.0 0.0 28508.50424255 33433.6430562 141342.9787926 90136.7089732 61719.8825587 122275.7796351
-1.0 -1.0 -1.0 -1.0 -1.0 -1.0 -1.0 -1.0 -1.0 -1.0 -1.0 -1.0 -1.0 -1.0 -1.0 -1.0 -1.0 -1.0 -1.0 -1.0 -1.0 -1.0 -1.0 -1.0 -1.0 -1.0 -1.0 -1.0 -1.0 -1.0 -1.0 -1.0 -1.0 -1.0 -1.0 -1.0 -1.0 -1.0 3300.45953242 0.0 701524.2677745201 518179.8796729 0.0 32951.48622042 94017.6280573 175526.7824982 73429.9399121 84785.6741335 118070.7660143 144287.1483617 110701.345719 126013.6226445 381233.2885804 256590.3336866 143078.503879 90133.6741378 0.0 0.0 11671.281549509 6549.396038610001 4507.666054978 94853.8378223 26990.92083668 20337.91740865 17118.62474065 0.0 0.0 37708.654006920005 14591.78192845 11952.17250332 70550.4439624 99915.5972058 41876.325534999996
-1.0 -1.0 -1.0 -1.0 -1.0 -1.0 -1.0 -1.0 -1.0 -1.0 -1.0 -1.0 -1.0 -1.0 -1.0 -1.0 -1.0 -1.0 -1.0 -1.0 -1.0 -1.0 -1.0 -1.0 -1.0 -1.0 -1.0 -1.0 -1.0 -1.0 -1.0 -1.0 -1.0 -1.0 -1.0 -1.0 -1.0 -1.0 6106.67587182 40482.35285848 119423.38231207001 253185.45384435 0.0 4410.488348177 3041.854803567 18917.619443992997 40380.4136176 37653.491055 75990.78758430001 128150.6463107 81897.0743371 108409.7596345 42295.06132092 38699.993754762 429830.66293510003 282805.7619939 77148.2836467 20096.83802202 72067.6908212 16265.7865677 50887.999594479996 25520.8066962 44747.48139915 321902.8803152 280354.92032529996 93164.38130040001 4611.94805977 20496.08119059 50599.30699312 160140.0944712 201511.3053493 61051.8403024 155407.22736239998
-1.0 -1.0 -1.0 -1.0 -1.0 -1.0 -1.0 -1.0 -1.0 -1.0 -1.0 -1.0 -1.0 -1.0 -1.0 -1.0 -1.0 -1.0 -1.0 -1.0 -1.0 -1.0 -1.0 -1.0 -1.0 -1.0 -1.0 -1.0 -1.0 -1.0 -1.0 -1.0 -1.0 -1.0 -1.0 -1.0 -1.0 -1.0 51893.8916438 0.0 310619.0013073 0.0 0.0 1150.6217676 4002.1066724599996 27460.57804924 42055.1329911 18939.40354981 17588.21022524 34615.78297189 53795.973942840006 39973.15142546 78776.6049038 319755.664654 8314.38076726 13730.191975200001 13730.87611195 15761.16724781 10749.61001543 4371.6687626269995 890.3106301830001 45593.512037550005 118508.90949624 157379.7351168 71557.5323797 54104.4567125 23794.77079021 29589.705302299997 84884.5565126 97731.41469199999 20213.367568510002 7903.0149943900005 12071.78744303
-1.0 -1.0 -1.0 -1.0 -1.0 -1.0 -1.0 -1.0 -1.0 -1.0 -1.0 -1.0 -1.0 -1.0 -1.0 -1.0 -1.0 -1.0 -1.0 -1.0 -1.0 -1.0 -1.0 -1.0 -1.0 -1.0 -1.0 -1.0 -1.0 -1.0 -1.0 -1.0 -1.0 -1.0 -1.0 -1.0 -1.0 0.0 57873.19170284 0.0 0.0 59180.338135519996 12165.25541051 4234.93414672 3498.2210126600003 54276.5975886 45745.077621 22514.02746905 19265.76163711 100481.40978749999 25332.78382373 19313.695448129998 44886.8000429 42922.10684257 87188.0930183 44856.74145968 10169.47815522 139274.46143271 90477.20353658 75888.529974688 31593.47422663 224478.3640905 330034.88584979996 109728.9633168 26995.161126220002 125275.79487396 134137.6334939 96890.01640749999 20343.06839401 30505.106373389997 7717.69251962 5704.310403645 7379.544718448
-1.0 -1.0 -1.0 -1.0 -1.0 -1.0 -1.0 -1.0 -1.0 -1.0 -1.0 -1.0 -1.0 -1.0 -1.0 -1.0 -1.0 -1.0 -1.0 -1.0 -1.0 -1.0 -1.0 -1.0 -1.0 -1.0 -1.0 -1.0 -1.0 -1.0 -1.0 -1.0 -1.0 -1.0 -1.0 -1.0 -1.0 -1.0 2075.678038837 0.0 52456.438489 202868.59319619997 13791.41158945 345847.3185632 232546.2688142 161621.499778 216069.5685482 64776.00527749999 22307.68908185 29456.4737733 29614.2044809 46165.039227600006 19778.262430919996 14719.728911581 20489.0474924 1656.488837806 1998.309275292 36633.37924617 469747.6305813 414481.21390449995 51271.956713759995 256395.1384694 512457.49696659995 469213.78946319997 77550.2825534 27868.84511083 66879.5927505 2672.570614 5530.3952923 3965.5328167881 4163.66493764 6613.385594239 7788.7846296590005
