Model Version1.4/trunk/input/2010/nero_ag.asc
ncols 720
nrows 360
xllcorner -180
yllcorner -90
cellsize 0.5
NODATA_value -1
[rows 128 to 159 of 360, columns 292 to 364 of 720]
-1.0 -1.0 -1.0 -1.0 -1.0 -1.0 -1.0 -1.0 -1.0 -1.0 -1.0 -1.0 -1.0 -1.0 -1.0 -1.0 -1.0 -1.0 -1.0 -1.0 -1.0 -1.0 -1.0 -1.0 -1.0 -1.0 -1.0 -1.0 -1.0 -1.0 -1.0 -1.0 -1.0 -1.0 -1.0 -1.0 -1.0 -1.0 275.582326585 2427.12672088 3142.42673531 2519.26457854 2222.24730471 3196.06653814 0.0 0.0 0.0 0.0 0.0 0.0 0.0 0.0 0.0 0.0 0.0 0.0 0.0 220.714711108 0.0 0.0 0.0 0.0 0.0 0.0 0.0 0.0 0.0 0.0 0.0 0.0 0.0 0.0 0.0
-1.0 -1.0 -1.0 -1.0 -1.0 -1.0 -1.0 -1.0 -1.0 -1.0 -1.0 -1.0 -1.0 -1.0 -1.0 -1.0 -1.0 -1.0 -1.0 -1.0 -1.0 -1.0 -1.0 -1.0 -1.0 -1.0 -1.0 -1.0 -1.0 -1.0 -1.0 -1.0 -1.0 -1.0 -1.0 -1.0 -1.0 -1.0 827.889927799 1736.71178091 749.49134738 1918.15679328 2265.38026528 3048.51574705 0.0 0.0 0.0 0.0 0.0 0.0 0.0 0.0 0.0 0.0 0.0 0.0 0.0 0.0 0.0 0.0 0.0 0.0 0.0 0.0 0.0 0.0 0.0 0.0 0.0 0.0 0.0 0.0 0.0
-1.0 -1.0 -1.0 -1.0 -1.0 -1.0 -1.0 -1.0 -1.0 -1.0 -1.0 -1.0 -1.0 -1.0 -1.0 -1.0 -1.0 -1.0 -1.0 -1.0 -1.0 -1.0 -1.0 -1.0 -1.0 -1.0 -1.0 -1.0 -1.0 -1.0 -1.0 -1.0 -1.0 -1.0 -1.0 -1.0 -1.0 -1.0 851.833714202 920.416791089 890.52183131 1599.77880633 1035.46247187 426.374607695 0.0 0.0 0.0 0.0 0.0 0.0 0.0 0.0 0.0 0.0 0.0 0.0 0.0 0.0 0.0 0.0 0.0 0.0 0.0 0.0 0.0 0.0 0.0 0.0 0.0 0.0 0.0 0.0 0.0
-1.0 -1.0 -1.0 -1.0 -1.0 -1.0 -1.0 -1.0 -1.0 -1.0 -1.0 -1.0 -1.0 -1.0 -1.0 -1.0 -1.0 -1.0 -1.0 -1.0 -1.0 -1.0 -1.0 -1.0 -1.0 -1.0 -1.0 -1.0 -1.0 -1.0 -1.0 -1.0 -1.0 -1.0 -1.0 -1.0 0.0 603.407856763 757.224743813 1101.90954043 945.431360609 2106.6880664 823.885569355 614.383921315 0.0 0.0 0.0 0.0 0.0 0.0 0.0 0.0 0.0 0.0 0.0 0.0 0.0 0.0 0.0 0.0 0.0 0.0 0.0 0.0 0.0 0.0 0.0 0.0 0.0 0.0 0.0 0.0 0.0
-1.0 -1.0 -1.0 -1.0 -1.0 -1.0 -1.0 -1.0 -1.0 -1.0 -1.0 -1.0 -1.0 -1.0 -1.0 -1.0 -1.0 -1.0 -1.0 -1.0 -1.0 -1.0 -1.0 -1.0 -1.0 -1.0 -1.0 -1.0 -1.0 -1.0 -1.0 -1.0 -1.0 -1.0 -1.0 -1.0 529.720988952 1194.4175083 793.356605967 798.541083849 1025.7460321 689.937528571 660.785357149 608.319712861 0.0 0.0 0.0 0.0 0.0 0.0 0.0 0.0 0.0 0.0 0.0 0.0 0.0 0.0 0.0 0.0 0.0 0.0 0.0 0.0 0.0 0.0 0.0 0.0 0.0 0.0 0.0 0.0 0.0
-1.0 -1.0 -1.0 -1.0 -1.0 -1.0 -1.0 -1.0 -1.0 -1.0 -1.0 -1.0 -1.0 -1.0 -1.0 -1.0 -1.0 -1.0 -1.0 -1.0 -1.0 -1.0 -1.0 -1.0 -1.0 -1.0 -1.0 -1.0 -1.0 -1.0 -1.0 -1.0 -1.0 -1.0 -1.0 85.0099909315 863.370024176 783.428066834 752.550998609 704.703613016 605.547782674 612.224057684 212.032836498 0.0 0.0 0.0 0.0 0.0 0.0 0.0 0.0 0.0 0.0 0.0 0.0 0.0 0.0 0.0 0.0 0.0 0.0 0.0 0.0 0.0 0.0 0.0 0.0 0.0 0.0 0.0 0.0 0.0 0.0
-1.0 -1.0 -1.0 -1.0 -1.0 -1.0 -1.0 -1.0 -1.0 -1.0 -1.0 -1.0 -1.0 -1.0 -1.0 -1.0 -1.0 -1.0 -1.0 -1.0 -1.0 -1.0 -1.0 -1.0 -1.0 -1.0 -1.0 -1.0 -1.0 -1.0 -1.0 -1.0 -1.0 -1.0 -1.0 538.455020374 784.114319606 723.618253841 713.636012853 964.33372634 657.400832343 412.558940442 0.0 0.0 0.0 0.0 0.0 0.0 0.0 0.0 0.0 0.0 0.0 0.0 0.0 0.0 0.0 0.0 0.0 0.0 0.0 0.0 0.0 0.0 0.0 0.0 0.0 0.0 0.0 0.0 0.0 0.0 0.0
-1.0 -1.0 -1.0 -1.0 -1.0 -1.0 -1.0 -1.0 -1.0 -1.0 -1.0 -1.0 -1.0 -1.0 -1.0 -1.0 -1.0 -1.0 -1.0 -1.0 -1.0 -1.0 -1.0 -1.0 -1.0 -1.0 -1.0 -1.0 -1.0 -1.0 -1.0 -1.0 -1.0 -1.0 199.643211131 869.483551004 705.121646199 985.859691228 913.801680991 645.68552728 674.874566242 671.655885125 0.0 0.0 0.0 0.0 0.0 0.0 0.0 0.0 0.0 0.0 0.0 0.0 0.0 0.0 0.0 0.0 0.0 0.0 0.0 0.0 0.0 0.0 0.0 0.0 0.0 0.0 0.0 0.0 0.0 0.0 0.0
-1.0 -1.0 -1.0 -1.0 -1.0 -1.0 -1.0 -1.0 -1.0 -1.0 -1.0 -1.0 -1.0 -1.0 -1.0 -1.0 -1.0 -1.0 -1.0 -1.0 -1.0 -1.0 -1.0 -1.0 -1.0 -1.0 -1.0 -1.0 -1.0 -1.0 -1.0 -1.0 -1.0 -1.0 319.165699816 878.543897234 750.754166249 628.975356438 1088.21620098 661.323194707 317.606864913 652.770123629 0.0 0.0 0.0 0.0 0.0 0.0 0.0 0.0 0.0 0.0 0.0 0.0 0.0 0.0 0.0 0.0 0.0 0.0 0.0 0.0 0.0 0.0 0.0 0.0 0.0 0.0 0.0 0.0 0.0 241.655299166 245.222325539
-1.0 -1.0 -1.0 -1.0 -1.0 -1.0 -1.0 -1.0 -1.0 -1.0 -1.0 -1.0 -1.0 -1.0 -1.0 -1.0 -1.0 -1.0 -1.0 -1.0 -1.0 -1.0 -1.0 -1.0 -1.0 -1.0 -1.0 -1.0 -1.0 -1.0 -1.0 -1.0 -1.0 0.0 94.9788013066 211.031033296 214.163263831 208.039883274 210.474866622 105.559418723 102.903809698 248.832184652 0.0 0.0 0.0 0.0 0.0 0.0 0.0 0.0 0.0 0.0 0.0 0.0 0.0 0.0 0.0 0.0 0.0 0.0 0.0 0.0 0.0 0.0 0.0 0.0 0.0 0.0 0.0 0.0 0.0 0.0 0.0
-1.0 -1.0 -1.0 -1.0 -1.0 -1.0 -1.0 -1.0 -1.0 -1.0 -1.0 -1.0 -1.0 -1.0 -1.0 -1.0 -1.0 -1.0 -1.0 -1.0 -1.0 -1.0 -1.0 -1.0 -1.0 -1.0 -1.0 -1.0 -1.0 -1.0 -1.0 -1.0 -1.0 0.0 0.0 0.0 0.0 0.0 0.0 0.0 0.0 211.1205628464 0.0 0.0 295.3142592616 0.0 0.0 0.0 0.0 0.0 0.0 0.0 0.0 0.0 0.0 0.0 0.0 0.0 0.0 0.0 0.0 0.0 0.0 0.0 0.0 0.0 0.0 0.0 0.0 0.0 0.0 425.512939147 2648.81569447
-1.0 -1.0 -1.0 -1.0 -1.0 -1.0 -1.0 -1.0 -1.0 -1.0 -1.0 -1.0 -1.0 -1.0 -1.0 -1.0 -1.0 -1.0 -1.0 -1.0 -1.0 -1.0 -1.0 -1.0 -1.0 -1.0 -1.0 -1.0 -1.0 -1.0 -1.0 -1.0 -1.0 -1.0 -1.0 0.0 0.0 0.0 0.0 0.0 0.0 3725.3403998420004 2967.08881201 0.0 0.0 0.0 0.0 0.0 0.0 0.0 0.0 0.0 0.0 0.0 0.0 0.0 0.0 0.0 0.0 0.0 0.0 0.0 0.0 0.0 0.0 0.0 0.0 0.0 0.0 0.0 0.0 295.478099895 2823.98031561
-1.0 -1.0 -1.0 -1.0 -1.0 -1.0 -1.0 -1.0 -1.0 -1.0 -1.0 -1.0 -1.0 -1.0 -1.0 -1.0 -1.0 -1.0 -1.0 -1.0 -1.0 -1.0 -1.0 -1.0 -1.0 -1.0 -1.0 -1.0 -1.0 -1.0 -1.0 -1.0 -1.0 -1.0 -1.0 270.492990799 433.415791775 0.0 2904.2923696 1791.1839228 2029.7949897726999 1369.1512561667 3107.67307636 2239.6175863 1687.43711533 1621.68513841 424.502609608 416.138619306 0.0 0.0 0.0 0.0 0.0 0.0 0.0 400.636366306 0.0 0.0 0.0 0.0 0.0 0.0 0.0 0.0 0.0 0.0 0.0 0.0 0.0 507.511691434 676.068959478 138.616607911 0.0
-1.0 -1.0 -1.0 -1.0 -1.0 -1.0 -1.0 -1.0 -1.0 -1.0 -1.0 -1.0 -1.0 -1.0 -1.0 -1.0 -1.0 -1.0 -1.0 -1.0 -1.0 -1.0 -1.0 -1.0 -1.0 -1.0 -1.0 -1.0 -1.0 -1.0 -1.0 -1.0 -1.0 -1.0 -1.0 401.137957999 485.105765511 2539.72871717 3564.07484563 1823.7160317492999 475.880629414 514.09771163 2488.819977 2200.68638769 2049.40420246 1829.1783584 458.742679114 433.446040704 434.134040655 409.617101359 408.219928336 419.723937916 404.613678255 407.200931986 406.885104105 399.829625462 65.3677261821 0.0 0.0 0.0 0.0 0.0 0.0 0.0 0.0 0.0 0.0 0.0 0.0 244.837414237 317.589965856 0.0 0.0
-1.0 -1.0 -1.0 -1.0 -1.0 -1.0 -1.0 -1.0 -1.0 -1.0 -1.0 -1.0 -1.0 -1.0 -1.0 -1.0 -1.0 -1.0 -1.0 -1.0 -1.0 -1.0 -1.0 -1.0 -1.0 -1.0 -1.0 -1.0 -1.0 -1.0 -1.0 -1.0 -1.0 -1.0 -1.0 96.9260485006 1213.08663251 447.118235813 1196.9637363 419.243376937 465.28657805 1925.17665438 855.473253046 628.203091187 11044.6707503 12759.2178112 7820.01932988 765.399654645 560.005649797 456.954184188 472.428207888 441.334360513 404.2522671 406.073825853 412.896194775 404.248446462 133.873058369 0.0 0.0 0.0 0.0 0.0 0.0 0.0 0.0 0.0 0.0 0.0 0.0 243.487965854 682.254653551 284.111463092 314.588795125
-1.0 -1.0 -1.0 -1.0 -1.0 -1.0 -1.0 -1.0 -1.0 -1.0 -1.0 -1.0 -1.0 -1.0 -1.0 -1.0 -1.0 -1.0 -1.0 -1.0 -1.0 -1.0 -1.0 -1.0 -1.0 -1.0 -1.0 -1.0 -1.0 -1.0 -1.0 -1.0 -1.0 -1.0 -1.0 56.5044307135 552.856674789 1610.02361126 512.893026377 535.193233698 889.069196867 713.508487557 827.065891681 2228.0773839803 33128.6527877 1351.411708390569 1104.4958696 1342.05816656 684.650519936 609.520587463 758.569040513 562.274238359 414.250386171 397.274354523 408.604253645 411.180044949 141.397346616 0.0 0.0 0.0 0.0 0.0 0.0 0.0 0.0 0.0 0.0 0.0 0.0 660.666320192 1450.50258545 1099.51566851 568.429276022
-1.0 -1.0 -1.0 -1.0 -1.0 -1.0 -1.0 -1.0 -1.0 -1.0 -1.0 -1.0 -1.0 -1.0 -1.0 -1.0 -1.0 -1.0 -1.0 -1.0 -1.0 -1.0 -1.0 -1.0 -1.0 -1.0 -1.0 -1.0 -1.0 -1.0 -1.0 -1.0 -1.0 -1.0 -1.0 0.0 5189.50761473 764.612551524 954.979444787 1272.6845733 1030.7387647 1280.69207964 21922.372615097 49598.682685584994 6704.1946115893 6390.64603023 3428.62237145 2833.98162136 2412.96151654 995.837330755 679.362609245 792.119331866 775.037871844 1331.5074067 531.354290077 551.575579807 202.869957449 0.0 0.0 0.0 0.0 0.0 0.0 399.680278551 0.0 0.0 0.0 0.0 0.0 438.837168629 482.759974945 231.123777358 238.510585239
-1.0 -1.0 -1.0 -1.0 -1.0 -1.0 -1.0 -1.0 -1.0 -1.0 -1.0 -1.0 -1.0 -1.0 -1.0 -1.0 -1.0 293.5976867614 -1.0 -1.0 -1.0 -1.0 -1.0 -1.0 -1.0 -1.0 -1.0 -1.0 -1.0 -1.0 -1.0 -1.0 -1.0 -1.0 -1.0 695.878509819 7337.14477085 3325.97164772 3694.12889916 3055.92453052 2625.83707297 3965.30605255 4529.66470726 48601.4809838 6006.563853 5480.2051385791 5678.2204341376 5176.95497949 4405.60451149 2430.13604625 2246.58497197 1676.28613864 3364.83378882 4827.81451352 2595.302709739018 2193.35392233 931.321107437 0.0 338.93367078 135.472444248 343.729175005 760.50298625 445.76421612 345.635822161 0.0 0.0 204.794290054 0.0 0.0 0.0 278.323370898 0.0 0.0
-1.0 -1.0 -1.0 -1.0 -1.0 -1.0 -1.0 -1.0 -1.0 -1.0 -1.0 -1.0 -1.0 -1.0 -1.0 -1.0 -1.0 630.308159867 24.7740816721 52.89759084411 -1.0 -1.0 48.814899371 -1.0 -1.0 -1.0 -1.0 -1.0 -1.0 -1.0 -1.0 -1.0 -1.0 -1.0 -1.0 3746.6300520900004 5159.11439644 4321.32187777 3206.9300267219996 4239.461395856 4046.49650953 4564.90721934 4425.02263469 6515.09295344 5760.631620529 3227.90690332 53330.087401848 56457.44607174 5339.48232749 4421.60416908 4171.9732764 4626.03401824 3807.79445416 4807.85495296 3809.68933127 3440.24329894 2748.82791741 1565.20389171 2312.22361239 2183.41655405 3281.298100379 12797.69944928 11537.671601850001 1505.540588672 1303.3827909381 723.234964192 259.168513685 69.9231604183 64.0089834557 235.250058463 366.886247217 247.380662396 70.0393347819
-1.0 -1.0 -1.0 -1.0 -1.0 -1.0 -1.0 -1.0 -1.0 -1.0 -1.0 -1.0 -1.0 -1.0 -1.0 -1.0 -1.0 -1.0 -1.0 -1.0 -1.0 -1.0 67.83665694376201 -1.0 -1.0 -1.0 -1.0 -1.0 -1.0 -1.0 -1.0 -1.0 -1.0 -1.0 -1.0 89769.87823329 3348.669334373 1261.14985535 1239.1836123 1459.1515246572 34371.483707399995 16814.5072598 4790.937228856 4801.19359609 5716.21701296 3392.6956355791 4155.17921913 3200.95513989594 2583.10411887 2371.39105188 2236.72693256321 2360.21934617 2264.09883658 2853.26762378384 4338.886836966601 4139.02078879 3948.60084517 2877.55647675 2148.19178637 3210.029821222 6165.54081687 21194.36953849 1498.1205261 1797.81989822 1858.73724691 1125.78112398 1480.95190307 1148.3938979690001 839.481205947 1201.61239995 1396.43975103 858.852376327 1921.54491678
-1.0 -1.0 -1.0 -1.0 -1.0 -1.0 -1.0 -1.0 -1.0 -1.0 -1.0 -1.0 -1.0 -1.0 -1.0 -1.0 -1.0 -1.0 -1.0 -1.0 -1.0 -1.0 -1.0 -1.0 -1.0 -1.0 -1.0 -1.0 -1.0 -1.0 -1.0 -1.0 -1.0 -1.0 210.6355412698 10783.60799138 5704.86212192 5754.99421832 4987.238455340001 5578.3721748 1166.5332934 13496.81264692 4992.6704609240005 5152.11020674 4653.68716499 4023.088073913 20713.4702059 2571.33627058 2240.8924132684997 2510.6853748 2407.62025415725 2507.4276914 2449.45828237 2311.80277531 29456.9599337 4255.81272186 3946.99725789 3016.09079252 17046.41824203 16670.24162439 13404.328991 74463.3675081 1815.57607637 1916.87479337 1486.35313491 901.927977109 2728.43526789 2911.97602632 1483.83496833345 1544.3726926 3058.61578619 1503.94454865 1550.52377269
-1.0 -1.0 -1.0 -1.0 -1.0 -1.0 -1.0 -1.0 -1.0 -1.0 -1.0 -1.0 -1.0 -1.0 -1.0 -1.0 -1.0 -1.0 -1.0 0.0 2145.362629739 114.55763856438 -1.0 -1.0 -1.0 -1.0 -1.0 -1.0 -1.0 -1.0 -1.0 -1.0 -1.0 0.0 2170.943811406 14560.19187408 1124.220567991 40456.94330723 756.3346590688 1227.0052241847 2400.639710331 9196.97866851 13939.50262279 4984.39669284 7311.66910849 42337.3793291 39709.9290575 7552.84972419 4594.84297677 7196.94932858 6447.44437413 8141.281007240001 6128.3129933 4817.25864801 5847.873762900001 4055.68527903 2310.60345819 20396.06012304 24662.997566500002 37312.5246969 8883.78139017 75718.7675092 2559.45746203 2002.44097364 1941.97016694 2376.002299994 2352.259928053 3859.4732596 3102.91305918 1822.96315559 2195.56146632 10988.25811537 3079.30406297
-1.0 -1.0 -1.0 -1.0 -1.0 -1.0 -1.0 -1.0 -1.0 -1.0 -1.0 -1.0 -1.0 -1.0 -1.0 -1.0 -1.0 -1.0 59.3387294179 75.817524742551 253.2161123692 -1.0 -1.0 -1.0 -1.0 -1.0 -1.0 -1.0 -1.0 -1.0 -1.0 -1.0 -1.0 4834.5910784709995 12994.675105351 7260.374090762 1094.8084649490002 4431.4477337710005 3739.537400982 2513.325106804 765.9938933573001 888.6672235021999 39588.869072400004 34388.863515699995 40849.283593759996 75453.91390796 106049.70833970001 39841.3834335 74966.1371998 17124.92243775 12328.24437911 11134.61694533 8203.14034732 6924.011691029999 45657.24414882 10870.51584961 6980.70783735 38346.3045255 7096.1602094763 24180.09855119 18237.07314434 11872.98416322 4678.65700392 2387.05321561 1469.2186515 2166.894659022 5095.86205918 2780.71484525 4370.897695313 3279.862708756 30244.83600699 4188.53120147 7781.25824033
-1.0 -1.0 -1.0 -1.0 -1.0 -1.0 -1.0 -1.0 -1.0 -1.0 -1.0 -1.0 -1.0 -1.0 -1.0 -1.0 -1.0 -1.0 -1.0 -1.0 -1.0 -1.0 -1.0 -1.0 -1.0 -1.0 -1.0 -1.0 -1.0 -1.0 -1.0 -1.0 -1.0 -1.0 56921.67680395 36104.21809017 37770.224218922995 43343.65617281 72475.19389554 41349.0530862 1581.416376122 32011.70493425 60615.13506893 13230.643628270001 14613.59594317 81215.86794309999 63240.18623589999 53670.143167899994 79716.7791711 70941.91428597999 10645.54697431 36427.4819504 43428.4634329 64186.0775414 29587.26636514 11778.63231617 9627.08584318 26686.13907048 14045.019314860001 34074.0001233 19225.07610162 7652.41802458 1389.2153306042 1534.13418733 6323.06826848 2309.559505820897 6727.23160148 8167.065552669999 28069.725016700002 24509.8233181 3859.640949914 3679.522637384 9355.65744411
-1.0 -1.0 -1.0 -1.0 -1.0 -1.0 -1.0 -1.0 -1.0 -1.0 -1.0 -1.0 -1.0 -1.0 -1.0 -1.0 -1.0 -1.0 -1.0 -1.0 -1.0 -1.0 -1.0 -1.0 -1.0 -1.0 -1.0 -1.0 -1.0 -1.0 -1.0 -1.0 -1.0 -1.0 1083.735327743 253113.85877491 126533.46589933 97344.96740525999 81951.87244651 43410.58046496 46095.27403298 24748.67766126 57002.08420503 5285.56265839 8108.6258487800005 5656.90904658 13370.65814227 23902.66821434 16994.903312809998 5298.96403587 6008.7477926 84524.5258533 144225.53574325002 103177.23578906 8677.182940949999 35110.84068442 16383.8646432 9657.77581595 46909.20154032 107881.82635959 10845.94973817 7807.44596157 2582.0047747099998 2207.6120331146 4782.37122449 1605.13158767 3098.62558549 2722.01193532 5344.05625889 15458.0021183 4111.138240563 4054.659853927 4740.71755752
-1.0 -1.0 -1.0 -1.0 -1.0 -1.0 -1.0 -1.0 -1.0 -1.0 -1.0 -1.0 -1.0 -1.0 -1.0 -1.0 -1.0 -1.0 -1.0 -1.0 -1.0 -1.0 -1.0 -1.0 -1.0 -1.0 -1.0 -1.0 -1.0 -1.0 -1.0 -1.0 -1.0 -1.0 68536.30913152499 96735.52080496999 83080.33456657999 37681.039725049995 71572.83751082 98752.29970311 66682.54410793 14888.24802604 14483.4230203 2537.31233984 2567.9349258499997 5773.480228351 5783.338683705 5300.149096095 13935.815988670001 17326.50920513 10480.94488347 94121.922906 102964.53251017 63399.53443842 94675.3060745 67857.35083872 15378.47875439 62158.36677059 75586.76715431 73318.63678009 45072.19766864 76783.01078337 6023.000937504 10518.23798949 23319.097453680002 16789.02792705 2890.5040528199997 23309.77849208 2234.982867265 25553.50220146 17049.721651 9298.21421869 7058.783863570001
-1.0 -1.0 -1.0 -1.0 -1.0 -1.0 -1.0 -1.0 -1.0 -1.0 -1.0 -1.0 -1.0 -1.0 -1.0 -1.0 -1.0 -1.0 -1.0 -1.0 -1.0 -1.0 -1.0 -1.0 -1.0 -1.0 -1.0 -1.0 -1.0 -1.0 -1.0 -1.0 -1.0 -1.0 7538.927623612 49807.05358835 213111.68449922002 53014.46377111 51746.36831831 36497.93236123 51802.03651358 22730.565733279996 9531.779572368001 3833.7802869099996 7141.27492361 35475.03746662 6058.80473926 6180.20712693 13038.573984719998 11323.52637381 18726.77837344 126428.9359882 52021.4008089 106010.25526410001 118821.66036079 71433.98228062 129757.45290543001 103136.93252244 95853.65698777 31218.99305989 36210.68007847 74387.91967947001 7411.42199306 31796.79771295 5661.155549319999 30528.0013634 8702.25096301 10588.441735699998 25482.798180050002 13669.826383369 19187.422447229997 63558.064887190005 28373.33821892
-1.0 -1.0 -1.0 -1.0 -1.0 -1.0 -1.0 -1.0 -1.0 -1.0 -1.0 -1.0 -1.0 -1.0 -1.0 -1.0 -1.0 -1.0 -1.0 -1.0 -1.0 -1.0 -1.0 -1.0 -1.0 -1.0 -1.0 -1.0 -1.0 -1.0 -1.0 -1.0 -1.0 -1.0 22001.5752869 52446.44065907 102803.12536299 154675.58825407 89977.09545858 64183.08618976 70641.1319783 47933.6067747 93648.1414501 137955.0302634 88762.72510730001 40348.743786346 8507.88025998 10834.51630542 61818.727028600006 66293.1422549 55073.861892 69364.2089327 127848.5453477 88958.58687690001 90965.14864693 115560.35855339 69534.80785158 85148.64197233999 37301.00982472 33211.13017741 65357.45826703 107359.62346655001 20742.23267212 174126.48881924 80357.45176838 58594.10463668 119763.11675108 94230.31238849 27886.173885076998 15542.307686869 6032.87833078 63698.13164091 6938.878873238
-1.0 -1.0 -1.0 -1.0 -1.0 -1.0 -1.0 -1.0 -1.0 -1.0 -1.0 -1.0 -1.0 -1.0 -1.0 -1.0 -1.0 -1.0 -1.0 -1.0 -1.0 -1.0 -1.0 -1.0 -1.0 -1.0 -1.0 -1.0 -1.0 -1.0 -1.0 -1.0 -1.0 -1.0 -1.0 10979.070663756 28317.72214634 55602.17189417 132300.9427397 66542.4590042 116557.33346580001 111952.68070590001 148473.5271727 328539.1836435 144618.8221712 130928.0107236 158875.2935119 53982.3443805 134632.8144015 109600.9462947 59365.5611351 86299.09129685 82139.82146196999 63915.825007830004 120321.26155303001 119493.83408157 154383.7894519 74437.3299438 162743.80558698 132280.9414394 106466.93737477 182325.68320827998 143283.31537301998 164054.06558837 171757.34445209 132532.17460692 158581.08688334 213516.1479178 52706.786165230005 16087.83470114 68386.91048288 20794.71680674 14733.902012120001
-1.0 -1.0 -1.0 -1.0 -1.0 -1.0 -1.0 -1.0 -1.0 -1.0 -1.0 -1.0 -1.0 -1.0 -1.0 -1.0 -1.0 -1.0 -1.0 -1.0 -1.0 -1.0 -1.0 -1.0 -1.0 -1.0 -1.0 -1.0 -1.0 -1.0 -1.0 -1.0 -1.0 -1.0 0.0 8573.477984161 4153.800702085 35097.885285230004 150035.04477923 85490.2296473 366468.4883388 643363.1966341999 576683.074213 312201.7338351 97198.1243965 222680.8728728 118300.0836779 23998.63084798 32484.6920588 142724.6973065 117954.77105057999 71334.1030587 65521.51522607 101815.57268325999 98238.80507733 150646.9272584 294012.8590744 159401.52499839998 126301.80224399999 144210.32877602 119170.9327138 61765.44850899 66506.32229213 136968.9333568 53472.45896387 45948.80304566 169657.47364627998 211121.31350753 176684.08957139 30651.16431743 21916.139445419998 13216.356043369999 74524.80128463001
-1.0 -1.0 -1.0 -1.0 -1.0 -1.0 -1.0 -1.0 -1.0 -1.0 -1.0 -1.0 -1.0 -1.0 -1.0 -1.0 -1.0 -1.0 -1.0 -1.0 -1.0 -1.0 -1.0 -1.0 -1.0 -1.0 -1.0 -1.0 -1.0 -1.0 -1.0 -1.0 -1.0 -1.0 -1.0 -1.0 -1.0 12295.690910543 467251.8197925 259348.8545054 402687.9207022 666530.0144325 381718.67950900004 310295.50214540004 183332.3189621 220898.2632096 80740.7889468 26648.990543040003 52560.0029905 66855.0590096 65632.9282616 35835.2915861 25012.98883683 104439.23897038 93279.69865070001 123960.07213487 124989.03302049999 176596.91000859 95808.40962443 153709.23871385 73696.22799931 80404.61071342 145327.65634778 149864.95975103 125582.88516808 133281.86199828 183166.50163058002 250687.30699734 312306.41216829995 212840.89139268 78716.79121066 36071.57917477 36952.910506629996
-1.0 -1.0 -1.0 -1.0 -1.0 -1.0 -1.0 -1.0 -1.0 -1.0 -1.0 -1.0 -1.0 -1.0 -1.0 -1.0 -1.0 -1.0 -1.0 -1.0 -1.0 -1.0 -1.0 -1.0 -1.0 -1.0 -1.0 -1.0 -1.0 -1.0 -1.0 -1.0 -1.0 -1.0 -1.0 -1.0 -1.0 -1.0 29709.60744887 72254.32364735 384748.0197813 505166.2470342 302464.0395142 301324.1356272 269321.8589163 178421.11071110002 35666.175933 25889.45686852 27077.74183283 65796.8541737 25441.0216774 17167.34216787 26467.552306820002 23913.3646547 153888.54299599997 201331.33928948 176707.89340041 179688.18500305002 61881.47038893 19465.26171968 6459.47674227 34207.51353256 116855.48552951 158911.4950388 63940.963741 76690.75613748 131285.17309316 135892.01094565002 183233.78309031998 149131.5939092 160869.07708955 79307.99902206 72827.79589906
