Model Version1.4/trunk/input/2010/nero_ag.asc
ncols 720
nrows 360
xllcorner -180
yllcorner -90
cellsize 0.5
NODATA_value -1
[rows 64 to 95 of 360, columns 146 to 218 of 720]
1740.509364711 2055.932286388 0.0 0.0 0.0 0.0 0.0 0.0 0.0 0.0 0.0 0.0 0.0 0.0 0.0 0.0 0.0 0.0 0.0 0.0 0.0 0.0 0.0 0.0 0.0 0.0 0.0 0.0 0.0 -1.0 -1.0 -1.0 -1.0 -1.0 -1.0 -1.0 -1.0 -1.0 -1.0 -1.0 -1.0 -1.0 -1.0 -1.0 -1.0 -1.0 -1.0 -1.0 -1.0 -1.0 -1.0 -1.0 -1.0 -1.0 -1.0 -1.0 -1.0 -1.0 -1.0 0.0 0.0 0.0 0.0 0.0 0.0 0.0 0.0 0.0 0.0 0.0 0.0 0.0 0.0
169.5740368329 131.50863104590002 0.0 0.0 0.0 0.0 0.0 0.0 0.0 0.0 0.0 0.0 0.0 0.0 0.0 0.0 78.3617067973 0.0 0.0 0.0 0.0 0.0 0.0 0.0 0.0 0.0 0.0 0.0 0.0 0.0 0.0 0.0 0.0 0.0 -1.0 -1.0 -1.0 -1.0 -1.0 -1.0 -1.0 -1.0 -1.0 -1.0 -1.0 -1.0 -1.0 -1.0 -1.0 -1.0 -1.0 -1.0 -1.0 -1.0 -1.0 -1.0 -1.0 -1.0 -1.0 -1.0 0.0 0.0 0.0 0.0 0.0 0.0 0.0 0.0 0.0 0.0 0.0 0.0 0.0
0.0 3954.7676206359997 1179.467782603 0.0 0.0 0.0 0.0 0.0 0.0 0.0 0.0 0.0 0.0 494.540701984 0.0 85.83578771079999 88.46993743350001 0.0 0.0 0.0 0.0 15.15947575232 0.0 0.0 0.0 0.0 0.0 0.0 0.0 0.0 0.0 0.0 0.0 0.0 0.0 0.0 0.0 0.0 -1.0 -1.0 -1.0 -1.0 -1.0 -1.0 -1.0 -1.0 -1.0 -1.0 -1.0 -1.0 -1.0 -1.0 -1.0 -1.0 0.0 0.0 -1.0 -1.0 -1.0 -1.0 -1.0 0.0 0.0 0.0 0.0 0.0 0.0 0.0 0.0 0.0 0.0 0.0 0.0
0.0 0.0 0.0 0.0 0.0 0.0 0.0 0.0 0.0 0.0 0.0 0.0 0.0 0.0 0.0 0.0 0.0 0.0 0.0 0.0 0.0 0.0 0.0 0.0 0.0 0.0 0.0 0.0 0.0 0.0 0.0 0.0 0.0 0.0 0.0 0.0 0.0 0.0 0.0 -1.0 -1.0 -1.0 -1.0 -1.0 -1.0 -1.0 -1.0 -1.0 -1.0 -1.0 -1.0 -1.0 -1.0 -1.0 0.0 0.0 0.0 -1.0 -1.0 -1.0 0.0 0.0 0.0 0.0 0.0 0.0 0.0 0.0 0.0 0.0 0.0 0.0 0.0
0.0 350.974995868 5376.978084277 0.0 0.0 0.0 0.0 66.2606226107 0.0 0.0 0.0 0.0 0.0 0.0 0.0 0.0 0.0 0.0 0.0 0.0 0.0 0.0 0.0 0.0 0.0 0.0 0.0 0.0 0.0 0.0 0.0 0.0 0.0 0.0 0.0 0.0 0.0 0.0 0.0 0.0 0.0 0.0 0.0 -1.0 -1.0 -1.0 -1.0 -1.0 -1.0 -1.0 -1.0 -1.0 -1.0 -1.0 0.0 0.0 -1.0 -1.0 -1.0 0.0 0.0 0.0 0.0 0.0 0.0 0.0 0.0 0.0 0.0 0.0 0.0 0.0 0.0
161.0677513577 247.7522012946 0.0 196.82499852220002 114.8646067803 0.0 0.0 0.0 0.0 0.0 0.0 0.0 0.0 0.0 0.0 0.0 0.0 0.0 0.0 0.0 0.0 0.0 0.0 0.0 0.0 0.0 0.0 0.0 0.0 0.0 0.0 0.0 0.0 0.0 0.0 0.0 0.0 0.0 0.0 0.0 0.0 0.0 0.0 0.0 0.0 0.0 0.0 0.0 0.0 0.0 -1.0 -1.0 -1.0 -1.0 -1.0 -1.0 -1.0 0.0 0.0 0.0 0.0 0.0 0.0 0.0 0.0 0.0 0.0 0.0 0.0 0.0 0.0 0.0 0.0
27.607760948359996 0.0 0.0 46.526322637999996 952.919857458 0.0 97.99933309330001 53.2950231623 0.0 0.0 0.0 0.0 0.0 0.0 0.0 0.0 0.0 0.0 0.0 0.0 0.0 0.0 0.0 0.0 0.0 0.0 0.0 0.0 0.0 0.0 0.0 0.0 0.0 0.0 0.0 0.0 0.0 0.0 0.0 0.0 0.0 0.0 0.0 0.0 0.0 0.0 0.0 0.0 0.0 0.0 -1.0 -1.0 -1.0 -1.0 0.0 0.0 0.0 0.0 0.0 0.0 0.0 0.0 0.0 0.0 0.0 0.0 0.0 0.0 0.0 0.0 0.0 0.0 0.0
0.0 0.0 2171.0901442609998 0.0 0.0 2872.578105536 0.0 0.0 59834.123288588 20.00986608913 845.021699507 1156.136708963 4668.62945798 5437.282577627 4054.520190888 8614.50585788 1538.5170164668 46.7086182339 0.0 0.0 0.0 0.0 0.0 0.0 0.0 0.0 0.0 0.0 0.0 0.0 0.0 0.0 2186.036449704 0.0 0.0 0.0 0.0 0.0 0.0 0.0 0.0 0.0 0.0 0.0 0.0 0.0 0.0 0.0 0.0 0.0 -1.0 0.0 -1.0 -1.0 0.0 0.0 0.0 0.0 0.0 0.0 0.0 0.0 0.0 0.0 0.0 0.0 0.0 0.0 0.0 0.0 0.0 0.0 0.0
40287.091722707206 15734.015436793694 17722.701068185 7579.103910045125 7270.641250329638 13953.472171758118 4500.69307457551 826.619438647 193530.79717933 125172.65470333 322101.30807621 20867.394057951 49924.95377772 4786.447188642001 3134.181330805 997.1674782120001 164.0775547745 157.1731953483 66.0730666452 0.0 0.0 879.0647081546 236.8346408585 0.0 7.101854455499001 13.73539848119 0.0 0.0 0.0 18.75155745477 0.0 0.0 220.8156835964 55.942778125100006 0.0 0.0 0.0 0.0 0.0 0.0 0.0 0.0 0.0 0.0 0.0 0.0 0.0 0.0 0.0 0.0 -1.0 -1.0 -1.0 -1.0 -1.0 0.0 0.0 0.0 0.0 0.0 0.0 0.0 0.0 0.0 0.0 0.0 0.0 0.0 0.0 0.0 0.0 0.0 0.0
51834.04962792 69437.783489808 251530.487423547 75631.691054867 50728.15041034475 66198.16479179091 193586.08607790378 29381.05479270098 0.0 0.0 0.0 0.0 295.491585334 13.59600605353 1803.439272243 0.0 0.0 0.0 49.3673938244 26.629537632799998 0.0 0.0 0.0 0.0 0.0 0.0 0.0 0.0 0.0 0.0 0.0 0.0 0.0 0.0 0.0 0.0 0.0 0.0 0.0 0.0 0.0 0.0 0.0 0.0 0.0 0.0 0.0 0.0 0.0 0.0 0.0 0.0 0.0 0.0 -1.0 0.0 0.0 0.0 0.0 0.0 0.0 0.0 0.0 0.0 0.0 0.0 0.0 0.0 0.0 0.0 0.0 0.0 0.0
292430.9547332 116195.729394261 264997.2996144 79653.43702263999 124345.19839539999 196869.27963773 57693.37378916138 43147.544462419304 23758.97515408443 15636.699505686907 0.0 335.4531831762 2069.2628270429 1816.7318315383 1345.236474795 0.0 1396.441522251 0.0 0.0 0.0 0.0 0.0 0.0 1299.74314143 1261.5294136710002 1610.4283776070001 0.0 0.0 0.0 0.0 0.0 0.0 0.0 0.0 0.0 155.0825209115 0.0 0.0 0.0 0.0 0.0 0.0 0.0 0.0 0.0 0.0 0.0 0.0 0.0 0.0 0.0 0.0 0.0 -1.0 -1.0 -1.0 0.0 0.0 0.0 0.0 0.0 0.0 0.0 0.0 0.0 0.0 0.0 0.0 0.0 0.0 0.0 0.0 0.0
354126.39846535 269699.582478132 196735.78948256 275587.91166986 179149.89750853 113251.39803292 216105.28653204002 52267.421426374 29868.411773444997 25581.1017176403 25937.01258537482 179790.92621352192 68065.7761289117 1299.717509524 385.06504396360003 282.1398337124 167.470897905 159.6279959906 71.3264172925 75.8537200945 0.0 0.0 396.73327599 168.418408789 0.0 0.0 0.0 0.0 0.0 0.0 0.0 0.0 181.892475411 610.055773443 0.0 0.0 0.0 0.0 0.0 0.0 0.0 0.0 0.0 0.0 0.0 0.0 0.0 0.0 0.0 0.0 4087.8825242 0.0 -1.0 0.0 -1.0 0.0 0.0 0.0 0.0 0.0 0.0 0.0 0.0 0.0 0.0 0.0 0.0 0.0 0.0 0.0 0.0 0.0 0.0
26059.662681434602 274398.36600248003 276548.14349714894 223648.872563507 120881.77635201 114339.44043386 243359.67547649902 215937.189575962 212555.527606915 184073.0340456415 183183.5374104495 23433.735830963942 6486.52543114 35866.553174594 28846.063797518 2639.250023385 5074.504602393999 2703.691922384 2384.2678520629997 4942.483326718 976.598046131 0.0 0.0 0.0 0.0 0.0 0.0 0.0 0.0 0.0 0.0 0.0 234.182862438 0.0 0.0 0.0 0.0 0.0 0.0 0.0 0.0 0.0 0.0 0.0 0.0 0.0 0.0 0.0 0.0 0.0 0.0 0.0 0.0 -1.0 0.0 0.0 0.0 0.0 0.0 0.0 0.0 0.0 0.0 0.0 0.0 0.0 0.0 0.0 0.0 0.0 0.0 0.0 0.0
202938.66444666 199697.23637326 264944.97389966797 195868.00759558848 225226.779961833 256895.64144807 280046.408411132 65956.344299804 150464.98223802997 218494.827274576 191581.1973828909 77099.4417790299 65810.78190254523 143901.3727216283 95137.12494373499 66777.39163788 59997.782534158 102155.88078864 183251.76149752998 53005.44150056 6060.98084299 3399.111719447 0.0 0.0 0.0 0.0 3807.2881413650002 0.0 0.0 128.310426519 0.0 0.0 0.0 70.7601829355 0.0 0.0 0.0 0.0 0.0 0.0 0.0 0.0 0.0 0.0 0.0 0.0 0.0 0.0 0.0 0.0 0.0 0.0 0.0 0.0 0.0 0.0 0.0 0.0 0.0 0.0 0.0 0.0 0.0 0.0 0.0 0.0 0.0 0.0 0.0 0.0 0.0 0.0 0.0
193301.59011132 194261.02314409 194485.50560776002 234125.215488166 285189.734463424 426181.844530823 450776.867978671 265418.61982341 147965.80649895 156595.0611266 120101.14449164 351611.237253983 84321.5704491556 43051.5091647151 45648.751022357006 169020.52753003 91282.53938218401 94523.36719505 156546.54548776 194601.32201057998 13878.715280789 5527.056639389 273.306835876 3090.37236851 0.0 0.0 0.0 282.772143331 0.0 0.0 0.0 517.383307593 135.330721138 0.0 0.0 0.0 0.0 0.0 0.0 0.0 0.0 0.0 0.0 0.0 0.0 0.0 0.0 0.0 0.0 0.0 0.0 0.0 0.0 0.0 0.0 0.0 0.0 0.0 0.0 19.1356646277 0.0 0.0 0.0 0.0 0.0 0.0 0.0 0.0 0.0 0.0 0.0 0.0 0.0
188751.3545497 224841.90983216 270489.115404217 243004.775112048 226656.19559410002 232285.810208918 214001.5837820051 334547.27998136904 237544.79611070998 148569.1546661 221957.30517323 185624.1698541 279614.140528147 331782.2376765332 412873.9370219031 320977.3864983739 184835.174878393 104705.657577329 221418.41245427 252400.997629709 257887.56392394 164809.90602775998 16811.809677679 0.0 1230.532070702 0.0 2494.256813317 910.950339847 0.0 0.0 0.0 0.0 0.0 111.407300967 0.0 0.0 75.6329845268 21.97303773 0.0 0.0 0.0 0.0 0.0 0.0 0.0 0.0 0.0 0.0 0.0 0.0 0.0 0.0 0.0 0.0 0.0 0.0 0.0 0.0 0.0 0.0 0.0 0.0 0.0 0.0 0.0 0.0 0.0 0.0 0.0 1164.9064206 0.0 391.130865894 0.0
250751.780994078 234873.28421101178 269876.826284394 211149.86079812 90151.03603591 108601.90954894 93490.19930297999 185945.11330674 43642.2647192 316303.4429519 151666.4380691 171463.3271086 314118.286816559 372261.89126337407 378875.452736058 294463.617816821 411709.315087421 394574.9851725719 313524.9782223008 286120.914751555 347721.953324351 35259.17310529001 18833.590984036 473.90923696699997 0.0 3029.2810733859997 0.0 7646.609823934999 9420.507461960999 770.18825065 891.7157893570001 310.074373639 0.0 0.0 0.0 306.893918172 0.0 776.2131954288 0.0 0.0 0.0 0.0 0.0 0.0 0.0 0.0 0.0 0.0 0.0 0.0 0.0 0.0 0.0 0.0 0.0 0.0 0.0 0.0 322.781081862 697.632185538 2360.63543545 0.0 0.0 0.0 0.0 0.0 0.0 1149.73198234 0.0 0.0 1403.46238088 1032.55127243 1151.57365121
265208.92955129 290999.14498775 255550.75775774 117968.21533109 177850.30653742 58738.539855239 63217.39701233 122477.212388296 166972.571873332 179874.111798437 121621.25378387 308774.45988153 333224.8347951807 318799.67300832097 335284.545497211 339348.520104889 430048.689407473 467812.367460949 345467.1578058159 255442.362057791 256012.29209479 57414.734811580005 12877.838112658 2491.4104608530997 0.0 16543.710913516 7703.913325081 0.0 0.0 0.0 1224.003655262 0.0 0.0 0.0 0.0 0.0 5881.934531031 0.0 0.0 0.0 0.0 0.0 929.691675889 0.0 0.0 0.0 0.0 0.0 5409.417181501401 7103.530132272 830.854513387 9377.881596607001 5125.401715209 0.0 326.352640969 231.317874794 0.0 361.073572441 0.0 0.0 501.497651748 0.0 0.0 0.0 0.0 0.0 0.0 0.0 0.0 0.0 0.0 891.865907857 0.0
56532.0204917 80290.21747789999 87615.5997977 98561.04217940001 119248.6121813 91093.47001230001 82046.1906437 66415.84349122 71638.83529137 80617.03262433 0.0 10348.600473937999 37667.23483571 126903.38242835001 90011.87888566 0.0 0.0 11811.087683192 0.0 0.0 17597.77643036 18473.648052964 25283.4333650483 1353.37542269502 418775.65001638 26418.516819181 56332.385721524 13547.91541853 13090.68598789 15310.10365096 1262.1887054889999 0.0 1208.157042841 0.0 4031.666731865 7909.375529578 18491.65751456 3518.321207462 0.0 1059.99125547 0.0 1007.69107297 0.0 0.0 0.0 0.0 2770.238386806 0.0 0.0 0.0 0.0 3735.901094935 27613.55199368 22115.4933923 1347.956142225 73268.18810474 7644.698794301 15098.912553077998 3204.9139255 0.0 0.0 0.0 0.0 0.0 144.820493292 0.0 0.0 0.0 63310.169921913 82113.46381383 77787.01305199 109374.04644939999 0.0
61674.545855599994 91580.3533569 76675.3447935 113874.05453169999 109839.4964853 131686.0024583 96266.84471080001 100907.7164341 63898.6400372 105084.3124634 86875.22463217999 18431.69765164 100701.8348231 61552.0014954 154599.026598535 166765.66084974803 147972.81745483002 32871.7717668929 69326.3656264195 117559.09438493579 24556.42064215577 69307.601609037 59033.660915317996 63215.56159556365 9234.28905958331 23289.513699069998 67287.9414495434 0.0 6556.742699044 3236.63255285 0.0 0.0 0.0 0.0 47731.5424433 17972.209180179 0.0 0.0 0.0 0.0 0.0 0.0 1312.72759043 3018.54711091 12754.99649261 0.0 0.0 0.0 0.0 0.0 0.0 11210.040841764 315.365918357 13705.37545717 0.0 56697.12946897 34494.99266699 33995.61755559 28440.525456800002 8355.15132728 0.0 0.0 0.0 218.829623921 0.0 0.0 0.0 0.0 0.0 21713.43497976 84212.71166626 113086.82775551999 77911.27586478001
24044.53405243 27536.34150526 65102.929346100005 139064.3466506 124752.3292294 130836.1275955 105615.232239 80922.01291260001 82184.2229753 72770.7439821 20437.62005431 32165.258054690003 46390.3501419 384707.78369035106 25331.51547941304 237431.3283176982 194048.16831369 114587.43989182 176790.80319951248 135386.01040224 108590.261250149 141748.1689321692 126765.9436742392 55661.248570261 53999.99085197 13092.6609666569 0.0 0.0 3197.076146339 28889.666983220002 0.0 0.0 0.0 0.0 0.0 0.0 0.0 0.0 0.0 0.0 0.0 0.0 0.0 0.0 7944.1280907 0.0 0.0 0.0 0.0 0.0 0.0 0.0 897.034516664 13427.50743625 94525.81951917699 44415.206133930005 4508.082043557 3736.430860421 0.0 0.0 0.0 0.0 0.0 0.0 0.0 1246.88889982 0.0 1938.327296779 4402.59842498 2004.5021658310002 7755.8770802399995 0.0 0.0
62123.1568986 40894.1653639 109593.7151042 76473.3219027 72599.1538058 61557.9056514 67932.3269767 62484.47473 118569.115505 107329.5358495 100448.7951994 94075.6416704 45915.635650359996 314725.9774296453 292701.035660525 194580.36981692998 177124.84703431002 95749.23500619401 158895.4401936537 90695.09587732519 44566.9912024452 89285.92813833001 65786.96233906 75729.098238512 84011.92707615 0.0 10286.395134000999 15503.967503223 0.0 28612.089434515 0.0 0.0 0.0 0.0 0.0 0.0 0.0 0.0 0.0 0.0 0.0 0.0 0.0 0.0 0.0 0.0 0.0 0.0 0.0 0.0 0.0 0.0 0.0 1211.273920442 21001.44931756 125908.28400429 4570.381210486999 0.0 0.0 0.0 0.0 0.0 0.0 0.0 0.0 1457.9421360000001 12939.60769316 14052.140753681 9790.4609149 0.0 0.0 0.0 66832.87671898
23650.483172269996 99075.6176448 44855.0571028 51810.3278547 48564.4388631 121676.5499038 72463.0426228 111897.7645881 36767.3709551 108469.0257034 95919.84553210001 96732.58934 101797.2527729 60790.187415299995 268912.43358992523 112325.39583194 199824.188555642 62451.740984976 233203.45216559558 213408.656994 160266.127570714 255983.0643488076 125228.439556131 105308.1856810756 11221.31853237044 66971.46685774 40627.630663865995 448965.25806095 0.0 1875.534392472 0.0 12326.09431375 0.0 0.0 3034.4742915139996 0.0 0.0 0.0 19115.709300157 0.0 0.0 0.0 0.0 0.0 1240.77151886 40750.16103537 0.0 0.0 0.0 0.0 0.0 63154.19084501 81148.56694882999 2963.747647577 0.0 1735.953608256 0.0 0.0 0.0 0.0 0.0 2889.9502113099998 25006.15516488 84816.40812441999 4998.81245336 0.0 28714.968770469997 18127.923361542 178327.32712516998 248796.69388115001 267701.23028301 270302.64112893 260588.97073639
56568.3925136 51549.180619399995 51172.307476899994 57107.1220565 55180.2726301 83250.6238845 49429.2910262 88626.42812150001 97586.7783958 76037.7643194 77520.7151073 44298.664906000005 44971.5793201 77234.31289120001 200594.448721 330267.82929685205 219924.88762861764 182140.93130748038 202420.21633358512 189261.882572 121529.48995254 160663.7641311707 164538.2969345245 187812.41583306022 85712.54931915349 93029.686271806 18214.920674021 9873.4655821006 28334.464279709002 0.0 0.0 0.0 0.0 9226.451079632 14083.487576353 17006.576872327 21833.222004026 6386.406130061 5015.508535866 0.0 0.0 7938.80797104 0.0 35287.00084536 12424.120972953999 39882.828325607 55353.58646845 19255.81904214 31211.16372898 19941.7015344 37507.2662337 81613.73061024 61922.50327907 24907.698053937 12745.264732145 67466.4279761 9171.673113750001 0.0 1629.99348066 1858.589525959 0.0 7320.02553493 48608.58763361 29346.25530587 82186.34323079999 20193.486168839998 172184.53625161 326051.46201747 185495.521344599 182359.15906512 198339.57797527002 278337.4844523 271678.8504919
70208.87300739999 74610.3269974 110959.73983149999 53082.994936 53550.90415 91020.6445063 61803.923963199995 56863.815800000004 67901.8926778 109345.91122000001 49667.672285299996 52790.240034300004 256177.26263597 383901.04025511 86618.3055679 183379.93652801024 185365.10656820005 210607.20273772583 244029.42361200202 487322.543323 280365.43034156854 80143.798302474 234351.442328611 69337.1549392771 96228.2279731969 426203.33429508354 75908.09447109599 83247.465228891 46191.4549184728 20111.247264060003 72890.272109381 7566.0380737450205 0.0 0.0 26133.147752195 40928.745489760004 0.0 7555.986240656 17058.8075947949 23212.322443760597 0.0 0.0 0.0 0.0 6937.68623835918 0.0 0.0 0.0 0.0 0.0 0.0 0.0 7097.913707756999 14442.014782106999 18186.818660599 32702.469712309998 0.0 0.0 0.0 120352.34732052 149910.13333019 147463.36327509 221939.47953329998 208984.6267333 380687.99182783 248111.7722357 189671.20894283 333170.170390093 213040.637485062 211454.85927728 207104.11116382 74421.2603811 112542.55643730001
73114.6764298 74392.3697403 127491.9592959 54753.6239153 33847.0653472 29745.240480200002 51789.687694299995 69903.6079907 86235.9044482 84998.787442 93253.1422797 98837.3954856 317303.30599880003 329604.58477210003 58881.06528456 1905.229678445 168487.984252664 147454.28859206272 294545.30045408 407108.29184948996 390963.84001322003 190726.288425592 150313.75951576998 177623.432657845 100874.7240503517 176885.566912828 458401.94601651 24934.891496359 135762.86525642 96477.657301099 125310.829034446 48186.270719420005 24030.43565899 31741.792745306997 48697.847148680004 41539.611461133 9867.590508051 32871.167831686005 21342.07071637 0.0 0.0 0.0 0.0 37803.98352455 94489.40715792999 16603.3668942336 21355.309224203 0.0 0.0 0.0 0.0 7051.87451266 0.0 5093.12166724 26137.94323986 58313.08175796 10906.85631431 1551.031573835 11820.712236880001 6830.134425788 66073.72933104 179221.80386869 187553.83622095 338348.93526032 187468.50167931998 174902.07262467302 163428.16558999 194463.235379384 306441.18879198004 191755.63380062 378723.72700568003 0.0 4933.12214446
26547.98212309 87325.7237251 77158.9806946 12570.56269793 13080.841799720001 60791.063389 127973.18738319998 100516.8127676 78407.29372650001 106348.522693 166282.060036 89162.6359311 131144.93226539998 293585.960558 99942.6687732 44602.3331246 47101.570272519995 109271.4552872987 165498.664714387 332742.456188747 303183.10276507004 107018.02518676 144105.02484035998 88583.39612922 91552.8156392 106621.3294988 120541.38523463 301836.34123279003 475229.16112207004 114587.808107375 158772.68681233 129268.00383757999 72928.09807129999 96894.6599667 68248.32057728001 35907.69129849 38379.661490275 105947.88399759 13282.853199337 0.0 0.0 0.0 65094.8998616 48769.6515838 0.0 5192.582500728 10462.326866733 0.0 0.0 0.0 0.0 66790.61962425 54053.1252583463 6845.3245071 111227.08833416 75348.196566278 95009.16077231 32626.576309379998 26448.5803824 71223.20334816 41942.3233717 114321.70763681999 153179.24047976 73026.34292459999 41504.15595505 158633.87513703 127694.01086879999 38459.34067484 52134.479759680005 17377.13962178 0.0 0.0 0.0
18267.47004347 44964.373825610004 8856.01232669 10337.07785572 10534.41575367 81711.5571359 70579.1686462 151390.62541510002 147381.3828884 169278.6078914 94876.123076 125840.0193208 167649.8412422 228189.0133357 106751.3422254 72044.1659131 59268.650251 46548.65450531 26507.54150702 140880.76596426702 174870.52296531093 155758.1535202357 0.0 77115.05009451 147823.6923991324 111525.6416911 85782.32781297 73364.89565179 118652.135354627 126576.547448392 114858.17780304 219408.6131062 15451.285472333 5324.09839085 9506.137508829 18159.362489109 80465.18860744 24041.75940751 79958.72792368 0.0 0.0 23869.742925770002 13664.421830270001 51414.06037236 3574.3515957090003 27138.83194158 47521.725860160004 0.0 0.0 0.0 21610.83916899171 164059.3275585138 176579.525610846 212848.257455745 189425.809367817 132630.799011059 202402.39749814902 204987.00822751498 212278.85012174002 131100.88061336 147952.84297250002 47284.489147454005 0.0 7182.624554686 0.0 0.0 0.0 58163.48371377 0.0 0.0 0.0 0.0 29608.43614452
15120.50493553 38694.07023618 6238.1389782 6470.3890703199995 7337.94355677 8648.31788294 42548.478270499996 114204.60125159999 85409.7508403 30282.1748097 56338.3795343 103381.33034670001 107085.3648409 218612.9193234 253360.0191653 212215.38141182 41770.57805074 43183.782745720004 35769.8239871 53838.78059436 252992.36865795 294520.81499456003 26671.8073401 64892.723879054 100626.29058829 101822.25842863001 97280.26534729 215416.126819542 184529.82447989003 85603.17114716601 27752.20605243 60573.34869887 153092.83544693 101424.24648885 11966.426294367 16495.706240169002 113145.16726087 30930.27098677 13676.52696479 0.0 0.0 85982.96118549 38854.053789080004 67522.65520029 109582.82865635 97148.51440172 0.0 114653.529910795 76338.8082883534 0.0 58610.928554741884 149245.02263228985 163187.2195108775 187730.07384996398 152042.572219555 44909.33639998 25867.3114864116 11856.109914441 0.0 28446.3749737198 0.0 0.0 56835.32770166 16814.396149207 0.0 0.0 0.0 68390.061451199 0.0 0.0 0.0 0.0 129567.4271076
6012.574124137001 6420.558110305 5974.057500967 4627.503684613001 6923.18499985 7570.528412899999 115340.3719174 119346.2292252 66774.5553779 123088.0891285 119424.90221480001 113386.1590414 193280.4613193 119258.46813875 190421.62038312 210498.37491306 263375.52020877 250518.965923241 159567.990452666 202137.167482672 244844.040304371 306342.04232735 188928.76991873 28245.6638967 76537.28700555999 5991.710645221 33621.64716038 187283.77617800998 167189.14893251003 44996.889883799995 0.0 22340.14470003 35799.19029528 134472.43879503998 173428.41409902 132659.23333786702 133749.05206137002 129467.3638433 0.0 0.0 0.0 47399.59493234 182322.14627466 147035.82687076 99304.666448512 164161.18492765902 213619.42350484 124030.75830223001 110927.80410232 27606.250706571234 98279.86653731842 152131.933506474 172562.2894964157 170545.5330309163 92594.808809618 35995.138472764 63587.537637526 112280.21646432001 53812.316809478005 65125.85261206 65559.8773024 80790.33887225001 22143.81160791 135377.14888354 59924.407322089995 18933.866740236 147608.51730597002 256868.33082930002 0.0 14367.71279315 70035.3424272 51780.0717193 117615.925349
9792.87588032 14235.54183154 138102.4366777 12418.15188145 111550.1509792 83377.7650039 92236.1883862 117071.3604413 166496.521168 124722.5693552 14667.97037577 16231.40102337 10996.16526815 10311.72123553 130013.3536374 12410.410524820001 288718.7258063 160501.2479329 300559.47057695 510536.82810035197 416724.097858142 565949.08849654 142308.05147032999 17052.116394 51801.59150044 13950.44676194 31340.932115962998 57105.835106712 115472.18470869999 286867.23619336 96088.08137213 26320.236314550002 12887.28551225 114832.13195215 414527.36229517 399882.7219872 155643.274400369 185315.37392672 0.0 0.0 0.0 0.0 155735.898071512 150591.65214731998 120355.717084637 127167.93964249801 138434.4006654 96525.29807637999 76472.62841827 326593.2333788892 135421.35964971356 99809.47204225531 108864.05249762871 68168.7819542783 36966.82011672526 36372.331707920996 169179.95460206998 309772.34741166 355070.05568463 256578.04535025 111071.38837364 167418.3059065 133064.95286333 350568.37524660997 588480.8217728001 256845.1013308 99734.80700114 167819.22371332 329408.404387 148842.8447395 276718.2472259 175087.7590756 28252.76619475
10212.532983 6055.764596579 97545.2503981 161677.074495 150168.8440714 121114.759323 81286.8195443 157420.75030339998 19568.6354701 13622.975678589999 13542.800065129999 11440.24705903 7384.56288648 5997.698876189999 13062.849853040001 6465.65301115 12827.682749897 294117.1942807 360930.5916220861 441105.491535248 435420.756323184 422002.48266099696 325084.67872815527 213731.86763266 170896.54471053 127730.84754571 201321.51886855002 157237.50783605 30977.26264226 218257.14099664 301701.25980801 334640.24467992 44100.9567671 132253.9573714 402968.06432592997 433831.411921978 397319.803376321 225170.44323151 0.0 0.0 0.0 111720.54717569001 145229.886832363 123876.63713501999 111881.70346329901 142500.75069223 152469.71285897002 44557.268317949005 183207.37432645602 176610.86971205857 56212.69519509525 0.0 0.0 0.0 0.0 104500.2637178 49455.091229699996 356905.8227486 375012.8059594 396845.5804502 265216.5009633 218521.5971115 0.0 117326.2822828 163712.9015004 22313.910686670002 385066.3970698 214653.3535891 491196.74099879997 428822.2512073 352710.0799412 89232.9585542 7147.1286323799995
