Model Version1.4/trunk/input/2010/nero_ag.asc
ncols 720
nrows 360
xllcorner -180
yllcorner -90
cellsize 0.5
NODATA_value -1
[rows 32 to 63 of 360, columns 365 to 437 of 720]
-1.0 -1.0 -1.0 -1.0 -1.0 -1.0 -1.0 -1.0 -1.0 -1.0 -1.0 -1.0 -1.0 -1.0 -1.0 -1.0 -1.0 -1.0 -1.0 -1.0 -1.0 -1.0 -1.0 -1.0 -1.0 -1.0 -1.0 -1.0 -1.0 -1.0 -1.0 -1.0 -1.0 -1.0 -1.0 -1.0 -1.0 -1.0 -1.0 -1.0 -1.0 -1.0 -1.0 -1.0 -1.0 -1.0 -1.0 -1.0 -1.0 -1.0 -1.0 -1.0 -1.0 -1.0 -1.0 -1.0 -1.0 -1.0 -1.0 -1.0 -1.0 -1.0 -1.0 -1.0 -1.0 -1.0 -1.0 -1.0 -1.0 -1.0 -1.0 -1.0 -1.0
-1.0 -1.0 -1.0 -1.0 -1.0 -1.0 -1.0 -1.0 -1.0 -1.0 -1.0 -1.0 -1.0 -1.0 -1.0 -1.0 -1.0 -1.0 -1.0 -1.0 -1.0 -1.0 -1.0 -1.0 -1.0 -1.0 -1.0 -1.0 -1.0 -1.0 -1.0 -1.0 -1.0 -1.0 -1.0 -1.0 -1.0 -1.0 -1.0 -1.0 -1.0 -1.0 -1.0 -1.0 -1.0 -1.0 -1.0 -1.0 -1.0 -1.0 -1.0 -1.0 -1.0 -1.0 -1.0 -1.0 -1.0 -1.0 -1.0 -1.0 -1.0 -1.0 -1.0 -1.0 -1.0 -1.0 -1.0 -1.0 -1.0 -1.0 -1.0 -1.0 -1.0
-1.0 -1.0 -1.0 -1.0 -1.0 -1.0 -1.0 -1.0 -1.0 -1.0 -1.0 -1.0 -1.0 -1.0 -1.0 -1.0 -1.0 -1.0 -1.0 -1.0 -1.0 -1.0 -1.0 -1.0 -1.0 -1.0 -1.0 -1.0 -1.0 -1.0 -1.0 -1.0 -1.0 -1.0 -1.0 -1.0 -1.0 -1.0 -1.0 -1.0 -1.0 -1.0 -1.0 -1.0 -1.0 -1.0 -1.0 -1.0 -1.0 -1.0 -1.0 -1.0 -1.0 -1.0 -1.0 -1.0 -1.0 -1.0 -1.0 -1.0 -1.0 -1.0 -1.0 -1.0 -1.0 -1.0 -1.0 -1.0 -1.0 -1.0 -1.0 -1.0 -1.0
-1.0 -1.0 -1.0 -1.0 -1.0 -1.0 -1.0 -1.0 -1.0 -1.0 -1.0 -1.0 -1.0 -1.0 -1.0 -1.0 -1.0 -1.0 -1.0 -1.0 -1.0 -1.0 -1.0 -1.0 -1.0 -1.0 -1.0 -1.0 -1.0 -1.0 -1.0 -1.0 -1.0 -1.0 -1.0 -1.0 -1.0 -1.0 -1.0 -1.0 -1.0 -1.0 -1.0 -1.0 -1.0 -1.0 -1.0 -1.0 -1.0 -1.0 -1.0 -1.0 -1.0 -1.0 -1.0 -1.0 -1.0 -1.0 -1.0 -1.0 -1.0 -1.0 -1.0 -1.0 -1.0 -1.0 -1.0 -1.0 -1.0 -1.0 -1.0 -1.0 -1.0
-1.0 -1.0 -1.0 -1.0 -1.0 -1.0 -1.0 -1.0 -1.0 -1.0 -1.0 -1.0 -1.0 -1.0 -1.0 -1.0 -1.0 -1.0 -1.0 -1.0 -1.0 -1.0 -1.0 -1.0 -1.0 -1.0 -1.0 -1.0 -1.0 -1.0 -1.0 -1.0 -1.0 -1.0 -1.0 -1.0 -1.0 -1.0 -1.0 -1.0 -1.0 -1.0 -1.0 -1.0 -1.0 -1.0 -1.0 -1.0 -1.0 -1.0 -1.0 -1.0 -1.0 -1.0 -1.0 -1.0 -1.0 -1.0 -1.0 -1.0 -1.0 -1.0 -1.0 -1.0 -1.0 -1.0 -1.0 -1.0 -1.0 -1.0 -1.0 -1.0 -1.0
-1.0 -1.0 -1.0 -1.0 -1.0 -1.0 -1.0 -1.0 -1.0 -1.0 -1.0 -1.0 -1.0 -1.0 -1.0 -1.0 -1.0 -1.0 -1.0 -1.0 -1.0 -1.0 -1.0 -1.0 -1.0 -1.0 -1.0 -1.0 -1.0 -1.0 -1.0 -1.0 -1.0 -1.0 -1.0 -1.0 -1.0 -1.0 -1.0 -1.0 -1.0 -1.0 -1.0 0.0 -1.0 0.0 0.0 0.0 -1.0 0.0 0.0 0.0 -1.0 -1.0 -1.0 -1.0 -1.0 -1.0 -1.0 -1.0 -1.0 -1.0 -1.0 -1.0 -1.0 -1.0 -1.0 -1.0 -1.0 -1.0 -1.0 -1.0 -1.0
-1.0 -1.0 -1.0 -1.0 -1.0 -1.0 -1.0 -1.0 -1.0 -1.0 -1.0 -1.0 -1.0 -1.0 -1.0 -1.0 -1.0 -1.0 -1.0 -1.0 -1.0 -1.0 -1.0 -1.0 -1.0 -1.0 -1.0 -1.0 -1.0 -1.0 -1.0 -1.0 -1.0 -1.0 -1.0 -1.0 -1.0 -1.0 -1.0 0.0 0.0 0.0 0.0 0.0 0.0 0.0 0.0 0.0 0.0 0.0 0.0 0.0 0.0 0.0 0.0 0.0 0.0 -1.0 -1.0 -1.0 -1.0 -1.0 -1.0 -1.0 -1.0 -1.0 -1.0 -1.0 -1.0 -1.0 -1.0 -1.0 -1.0
-1.0 -1.0 -1.0 -1.0 -1.0 -1.0 -1.0 -1.0 -1.0 -1.0 -1.0 -1.0 -1.0 -1.0 -1.0 -1.0 -1.0 -1.0 -1.0 -1.0 -1.0 -1.0 -1.0 -1.0 -1.0 -1.0 -1.0 -1.0 -1.0 -1.0 -1.0 -1.0 0.0 0.0 0.0 0.0 0.0 0.0 0.0 0.0 0.0 0.0 0.0 0.0 0.0 0.0 0.0 0.0 0.0 0.0 0.0 0.0 0.0 0.0 0.0 0.0 0.0 0.0 -1.0 -1.0 -1.0 -1.0 -1.0 -1.0 -1.0 -1.0 -1.0 -1.0 -1.0 -1.0 -1.0 -1.0 -1.0
-1.0 -1.0 -1.0 -1.0 -1.0 -1.0 -1.0 -1.0 -1.0 -1.0 -1.0 -1.0 -1.0 -1.0 -1.0 -1.0 -1.0 -1.0 -1.0 -1.0 -1.0 -1.0 -1.0 -1.0 -1.0 -1.0 -1.0 -1.0 -1.0 -1.0 0.0 0.0 526.7788021448999 0.0 0.0 0.0 0.0 0.0 0.0 0.0 0.0 0.0 0.0 0.0 0.0 0.0 0.0 0.0 0.0 0.0 0.0 0.0 0.0 0.0 0.0 0.0 0.0 0.0 0.0 28.0558764185 0.0 0.0 -1.0 -1.0 -1.0 -1.0 -1.0 -1.0 -1.0 -1.0 -1.0 -1.0 -1.0
-1.0 -1.0 -1.0 -1.0 -1.0 -1.0 -1.0 -1.0 -1.0 -1.0 -1.0 -1.0 -1.0 -1.0 -1.0 -1.0 -1.0 -1.0 -1.0 -1.0 -1.0 -1.0 -1.0 -1.0 -1.0 -1.0 150.9768355574 70.2737122177 0.0 0.0 0.0 0.0 0.0 0.0 0.0 0.0 0.0 0.0 0.0 0.0 0.0 0.0 0.0 0.0 0.0 0.0 0.0 0.0 0.0 0.0 8.17364126924 0.0 0.0 0.0 0.0 0.0 0.0 0.0 0.0 0.0 0.0 20922.859525682798 0.0 0.0 0.0 66.1845887067 0.0 0.0 -1.0 -1.0 -1.0 -1.0 -1.0
-1.0 -1.0 -1.0 -1.0 -1.0 -1.0 -1.0 -1.0 -1.0 -1.0 -1.0 -1.0 -1.0 -1.0 -1.0 -1.0 -1.0 -1.0 -1.0 -1.0 -1.0 -1.0 -1.0 0.0 446.84695537799996 246.2534666017 0.0 60.9385449353 297.157831124 0.0 0.0 0.0 0.0 0.0 0.0 0.0 0.0 0.0 0.0 0.0 0.0 0.0 0.0 0.0 0.0 0.0 0.0 0.0 0.0 0.0 0.0 0.0 0.0 0.0 0.0 0.0 0.0 0.0 0.0 0.0 0.0 25473.929626917 0.0 0.0 0.0 322.496792799 265.04523673 512.566301489 685.513897941 568.779223847 0.0 0.0 -1.0
-1.0 -1.0 -1.0 -1.0 -1.0 -1.0 -1.0 -1.0 -1.0 -1.0 -1.0 -1.0 -1.0 -1.0 -1.0 -1.0 -1.0 -1.0 -1.0 -1.0 -1.0 0.0 0.0 0.0 0.0 0.0 86.9746846847 48.2556612292 0.0 0.0 0.0 0.0 0.0 0.0 0.0 0.0 0.0 0.0 0.0 0.0 0.0 0.0 0.0 0.0 0.0 0.0 0.0 0.0 0.0 0.0 0.0 0.0 0.0 0.0 0.0 0.0 0.0 50.3734566464 0.0 0.0 0.0 13744.762807766001 0.0 0.0 0.0 0.0 0.0 0.0 364.488350718 488.6000052 540.217576417 555.745221662 261.10310551
-1.0 -1.0 -1.0 -1.0 -1.0 -1.0 -1.0 -1.0 -1.0 -1.0 -1.0 -1.0 -1.0 -1.0 -1.0 -1.0 -1.0 -1.0 -1.0 -1.0 0.0 0.0 -1.0 -1.0 0.0 157.249871531 0.0 0.0 0.0 0.0 0.0 0.0 0.0 0.0 0.0 0.0 0.0 0.0 0.0 0.0 0.0 0.0 0.0 0.0 0.0 0.0 0.0 0.0 0.0 0.0 0.0 0.0 0.0 0.0 0.0 0.0 0.0 0.0 0.0 0.0 20204.8108790328 68.0027879625 27102.43086295 0.0 0.0 0.0 0.0 0.0 0.0 0.0 524.656497298 516.565865136 489.954570523
-1.0 -1.0 -1.0 -1.0 -1.0 -1.0 -1.0 -1.0 -1.0 -1.0 -1.0 -1.0 -1.0 -1.0 -1.0 -1.0 -1.0 -1.0 -1.0 -1.0 -1.0 -1.0 -1.0 100.03927517 427.400160182 0.0 0.0 0.0 0.0 0.0 0.0 0.0 0.0 0.0 0.0 0.0 0.0 0.0 0.0 0.0 0.0 0.0 0.0 0.0 0.0 0.0 0.0 0.0 0.0 0.0 0.0 0.0 0.0 0.0 0.0 0.0 0.0 0.0 0.0 1628.7997296627 0.0 0.0 0.0 0.0 0.0 0.0 0.0 0.0 0.0 137.028419961 0.0 533.877430668 0.0
-1.0 -1.0 -1.0 -1.0 -1.0 -1.0 -1.0 -1.0 -1.0 -1.0 -1.0 -1.0 -1.0 -1.0 -1.0 -1.0 -1.0 -1.0 -1.0 -1.0 -1.0 89.0549367211 1005.303875352 0.0 0.0 0.0 0.0 0.0 0.0 0.0 0.0 0.0 0.0 0.0 0.0 0.0 0.0 0.0 0.0 0.0 0.0 0.0 0.0 0.0 0.0 0.0 0.0 0.0 0.0 0.0 0.0 0.0 0.0 0.0 0.0 0.0 0.0 0.0 0.0 0.0 0.0 0.0 0.0 0.0 0.0 0.0 0.0 0.0 0.0 0.0 0.0 0.0 0.0
-1.0 -1.0 -1.0 -1.0 -1.0 -1.0 -1.0 -1.0 -1.0 -1.0 -1.0 -1.0 -1.0 -1.0 -1.0 -1.0 -1.0 -1.0 -1.0 0.0 175.7011677571 565.503282709 0.0 0.0 0.0 0.0 0.0 0.0 0.0 0.0 0.0 0.0 0.0 0.0 0.0 0.0 0.0 0.0 0.0 0.0 0.0 0.0 0.0 0.0 0.0 702.076644391 1196.1526870930002 0.0 0.0 0.0 0.0 0.0 0.0 0.0 0.0 0.0 56.1581733889 18.1935541289 0.0 0.0 0.0 0.0 0.0 0.0 0.0 0.0 0.0 0.0 0.0 0.0 0.0 0.0 0.0
-1.0 -1.0 -1.0 -1.0 -1.0 -1.0 -1.0 -1.0 -1.0 -1.0 -1.0 -1.0 -1.0 -1.0 -1.0 -1.0 -1.0 -1.0 34.3544224051 135.834475471 1161.29012624 0.0 0.0 0.0 0.0 0.0 0.0 0.0 0.0 0.0 0.0 0.0 0.0 0.0 0.0 0.0 0.0 0.0 1926.4489153620002 2336.058684093 229.361979087 1021.9209797589999 0.0 1058.4255791159999 1287.812773244 0.0 0.0 0.0 0.0 0.0 0.0 126.9647584713 0.0 0.0 0.0 0.0 0.0 18.3718946467 0.0 0.0 0.0 0.0 0.0 302.07701325 122.846888539 -1.0 -1.0 -1.0 -1.0 -1.0 -1.0 -1.0 -1.0
-1.0 -1.0 -1.0 -1.0 -1.0 -1.0 -1.0 -1.0 -1.0 -1.0 -1.0 -1.0 -1.0 -1.0 -1.0 -1.0 -1.0 -1.0 108.80148714237 674.004960388 2776.1781223099997 0.0 0.0 0.0 0.0 0.0 0.0 0.0 0.0 0.0 0.0 0.0 0.0 0.0 0.0 0.0 0.0 2358.167896779 297.2212128931 -1.0 -1.0 -1.0 -1.0 -1.0 208.45773799030002 1990.4294191879999 840.256905639 0.0 285.25842810489996 292.513761229 0.0 0.0 0.0 93.06281643129999 0.0 429.370087031 14.3749314498 0.0 0.0 0.0 0.0 0.0 0.0 36.5426529245 0.0 -1.0 0.0 -1.0 0.0 0.0 0.0 -1.0 -1.0
-1.0 -1.0 -1.0 -1.0 -1.0 -1.0 -1.0 -1.0 -1.0 -1.0 -1.0 -1.0 -1.0 -1.0 -1.0 -1.0 0.0 3046.49017517 2813.705077562 0.0 0.0 0.0 0.0 0.0 0.0 0.0 0.0 0.0 0.0 0.0 0.0 0.0 0.0 0.0 0.0 0.0 5433.687105790001 1725.098120382 -1.0 -1.0 -1.0 -1.0 -1.0 164.8492287132 478.680748251 13484.424503420001 11680.162087511 3755.414848106 143.894230409 0.0 0.0 0.0 261.803503902 148.521860156 0.0 462.76354674 1722.61619759 0.0 0.0 0.0 0.0 0.0 0.0 0.0 1689.13903958 -1.0 -1.0 -1.0 27.4202726278 0.0 0.0 32.6656284427 0.0
-1.0 -1.0 -1.0 -1.0 -1.0 -1.0 -1.0 -1.0 -1.0 -1.0 -1.0 -1.0 -1.0 -1.0 -1.0 273.6106629186 810.647824028 2774.9868412799997 0.0 0.0 0.0 0.0 0.0 0.0 0.0 0.0 0.0 0.0 0.0 0.0 0.0 0.0 0.0 0.0 0.0 0.0 939.304108624 397.25593794400004 0.0 -1.0 -1.0 76.5009515321 3892.641366166 4856.699356669 1702.143998985 1791.065734053 332.933939355 2137.552494587 675.535369294 390.34704327500003 2691.82520895 614.388021622 0.0 206.96295676489999 0.0 0.0 0.0 239.512486569 215.737855557 437.608915225 0.0 0.0 0.0 1135.60531478 701.681056471 320.179469824 284.369991795 127.052084478 -1.0 15.1458274286 49.0399544405 82.536861989 0.0
-1.0 -1.0 -1.0 -1.0 -1.0 -1.0 -1.0 -1.0 -1.0 -1.0 -1.0 20.7919320834 348.5461963459 26.968176934163 4230.201195959 2391.729935244 550.1967443402 6678.45723069 0.0 0.0 0.0 1001.09745117 0.0 0.0 0.0 203.869779091 0.0 0.0 0.0 0.0 0.0 0.0 0.0 543.172765376 271.883622527 2907.35630963 136.729404389 -1.0 -1.0 -1.0 6636.46930746 6638.249394711 1882.617060722 5457.681444259 3914.614505223 6077.570205077 2432.4240222910003 3421.11520104 5846.840508651 10675.23547288 1010.6639400033 559.754792284 0.0 0.0 0.0 0.0 173.36229804 55.8511767556 0.0 0.0 385.560519996 257.920564515 0.0 987.572876822 468.757430341 394.378814195 0.0 441.315647089 0.0 169.751084109 167.445828524 719.845299791 0.0
-1.0 -1.0 -1.0 -1.0 -1.0 -1.0 -1.0 -1.0 -1.0 59.735636571 253.86549133749 0.0 763.327208593 550.6883815927 0.0 34.1917417318 0.0 0.0 0.0 0.0 0.0 0.0 0.0 0.0 504.831796271 0.0 0.0 0.0 0.0 1085.8630135 0.0 0.0 1283.358306839 771.375659811 0.0 -1.0 -1.0 645.807817397 10473.45816145 9958.332188979 17978.197126766 5121.479435736001 4496.357901665 2199.561031804 1699.241922031 539.4574357488 0.0 663.221200483 1276.105022627 4847.021807376999 6148.117435077 0.0 958.14897531 1930.1426721159999 68.121102781 3208.8533508190003 0.0 0.0 0.0 0.0 0.0 890.5876345505 648.043632297 1464.7073857 729.204902998 904.039354807 848.350932656 448.0894763 0.0 0.0 0.0 0.0 0.0
-1.0 -1.0 -1.0 -1.0 -1.0 -1.0 -1.0 0.0 1963.4747579940001 2765.68313709 0.0 0.0 0.0 0.0 0.0 0.0 0.0 0.0 0.0 0.0 0.0 0.0 0.0 0.0 0.0 0.0 0.0 0.0 0.0 1498.6759904809999 2469.769146337 0.0 -1.0 -1.0 -1.0 -1.0 -1.0 6761.941811461 14156.574450760001 17475.313684798002 21571.64057483 6691.563167058 5266.6752014290005 302.958646454 0.0 0.0 379.13545043299996 544.6382021430001 0.0 0.0 1633.2157495469999 480.367765628 389.965743103 10370.494046252 3860.304114159 1304.7855311849999 1091.77638663 582.495102753 196.580112751 302.05779195 507.06506279 947.677859606 1083.30935456 2247.34564227 2219.051523317 1422.4181085330001 1755.77288631 1027.12180533 0.0 0.0 0.0 0.0 264.67828794
-1.0 -1.0 -1.0 -1.0 0.0 0.0 587.0241609986599 5876.813111915 0.0 0.0 0.0 0.0 0.0 0.0 0.0 0.0 0.0 0.0 0.0 0.0 0.0 0.0 0.0 1764.340236639 762.831080121 0.0 0.0 0.0 0.0 3979.1816718600003 31.9223796572 -1.0 -1.0 -1.0 -1.0 -1.0 -1.0 7420.11408308 10829.854975996 12961.720855783 3488.5776743 0.0 746.380902874 0.0 842.8939481689999 0.0 1117.502411948 0.0 687.211987632 1740.152057678 4326.7712028900005 0.0 2015.650099069 504.6772345 0.0 648.963011948 5515.54028325 509.978953128 602.102321891 839.24250248 650.414009566 669.352234763 1718.91840533 1861.14278953 448.041202997 2853.56013248 727.586232985 1635.08163167 409.56363387 0.0 0.0 0.0 0.0
-1.0 -1.0 -1.0 -1.0 57.5640598999 10703.515506920001 6717.082488329999 0.0 0.0 0.0 0.0 0.0 0.0 0.0 0.0 0.0 0.0 1057.57985019 0.0 1000.87368473 0.0 1362.31783993 0.0 0.0 0.0 0.0 0.0 0.0 336.7523020743 1503.153866798 -1.0 -1.0 -1.0 -1.0 -1.0 -1.0 -1.0 10.3518647822 5279.91539812 0.0 1785.491616673 3626.900201277 0.0 3809.321657789 0.0 7996.35153205 102.07052047120001 1100.311643742 449.580804311 1388.158321701 1323.722989305 2457.44747567 76.6824019488 605.0897198350001 3055.656143088 11044.884675486 8588.37996384 1995.22304355 2478.63309564 1084.1716454 1217.21680066 1609.3329634000002 2105.17620171 8837.28860125 768.9643949726 28.935736313 0.0 3875.5621137400003 3351.0628805489996 3039.40293207 539.673342636 443.16091951 4413.52314399
-1.0 -1.0 -1.0 -1.0 151.399137007 0.0 11258.62437621 0.0 0.0 0.0 0.0 0.0 0.0 0.0 0.0 0.0 2060.032182982 2187.997247148 0.0 0.0 0.0 899.836499418 3016.97908445 1935.95383825 0.0 0.0 0.0 3754.091917639 510.644754892 1189.91714832 -1.0 -1.0 -1.0 -1.0 -1.0 -1.0 -1.0 274.091288304 13042.900891172 10035.64749334 20064.76390973 16262.99415609 17012.7436462 12540.35150236 4762.761727413999 4865.088722592 6700.166545008 1266.130512527 0.0 1183.086615756 61.9982913827 1918.5970775 0.0 4157.838326925 10653.59756133 953.63509644454 0.0 0.0 689.8592889086999 1426.634140405 4873.18484699 1837.50066097 1607.00939745 1608.49619312 4902.01394321 6258.0549299350005 438.244728388 1544.924340023 10578.757094139 923.696788693 818.267800083 1436.774064812 2185.475006668
-1.0 -1.0 -1.0 -1.0 803.1902437040001 2058.752761726 0.0 0.0 0.0 0.0 0.0 0.0 0.0 0.0 0.0 0.0 37803.59531563 56333.53910454 11605.62937903 20240.905418352002 1073.38760275 1044.47859418 0.0 822.279324244 771.750865019 0.0 4732.58825391 906.484667766 810.634417856 4315.5998068 83.0240141751 0.0 -1.0 -1.0 -1.0 -1.0 -1.0 1226.6614631290001 22226.25357958 34044.49733152 69437.21609706001 77296.44347872 40109.80824608 8120.58852067 33195.74388989 24449.14345675 21048.627982500002 14367.941750349999 23537.37513347 12353.716227750001 8487.18389875 1852.834370245 9819.3282896 8911.975757532 9008.81120124 5931.900621654 740.796484354 0.0 0.0 0.0 4104.1206642689995 6809.08368253 8562.03524295 0.0 10913.1189603 9325.54875533 10171.33640032 13931.6909613 4231.815544735 6782.601364546001 4393.09921314 3546.75479359 2185.304972117
-1.0 -1.0 -1.0 -1.0 0.0 0.0 4495.0482857219995 1560.91374429 0.0 0.0 0.0 0.0 0.0 0.0 0.0 14065.91028849 5228.71171576 61562.828485490005 6629.713899448 13488.63428262 0.0 0.0 989.1087646670001 0.0 0.0 10973.11452405 25602.76572286 17348.26724254 0.0 10478.821212099 6989.037290827 4729.498151591 122.666424285 -1.0 4513.377842621 1378.095148571 -1.0 -1.0 180.05540567769998 7772.88191509 30832.09253146 49107.18533647 28491.455560450002 26757.31095756 18561.5912653 7725.659267792 7590.368212324 1167.067633931 499.66142328499996 -1.0 -1.0 -1.0 2279.729598791 6544.507115099 6031.13297715 14527.60757217 6488.01042273 28.7713329114 859.520894782 2998.63204642 8623.38916073 4188.238791972 3893.10385219 2707.81605395 1317.85992978 4628.68768108 2320.8967855 4363.0138704500005 6490.8062037 5623.109848432 6204.01027056 6084.109852125889 3836.3826554019997
-1.0 -1.0 -1.0 -1.0 -1.0 1424.826166331 2915.30767946 0.0 0.0 0.0 0.0 0.0 0.0 0.0 13663.606301956 19809.46565058 29067.24894412 77739.59388493 3663.24995957 4129.574972544 4885.551321569999 0.0 6662.6254793 0.0 1409.312820253 3278.7057178960004 5190.115211368 27032.128715109997 22382.215214810003 35999.88479029 38977.522712900005 11320.58565637 10884.31195298 -1.0 -1.0 -1.0 -1.0 -1.0 -1.0 -1.0 297.287080803 1683.0458616790002 833.979963847 -1.0 0.0 0.0 18.8127244035 405.235388355 80.1122385665 -1.0 -1.0 1923.70550995 2388.369525669 13163.63222047 57262.16508 39012.214002819994 21705.9402304 13623.006380949999 7470.20922406 9914.00552156 2695.0483435819997 5771.312676269999 4202.10011002 2979.772270182 3039.354080058 3600.48645117 4331.4326911299995 5464.29199642 2899.49291202 7818.512603823 13136.06636264 14685.35284184 14694.768464910001
-1.0 -1.0 -1.0 -1.0 -1.0 5904.415184986 1822.738234068 5666.705995699 0.0 0.0 0.0 3349.65495104 3388.34377921 0.0 25886.71777232 70823.70929981 14478.42983529 49649.28845913 1302.103482471 0.0 7198.270453104999 9278.89945555 6495.265365739 9853.79539549 15864.132287545 40017.9516919 14724.470940353001 14646.32963201 19318.12740717 11306.098218070001 10479.21819048 7855.77732737 364.26049183 -1.0 -1.0 -1.0 -1.0 -1.0 -1.0 -1.0 103.566347786 62.0317618225 518.114724983 4020.17316958 5482.70404967 0.0 5641.461293660001 23228.04353951 567.683449861 5034.55826315 3033.429775827 7637.39843145 6163.82839075 14431.767360409998 11715.3023314 13274.44161717 2758.96401476 7585.52532069 9684.98607402 5049.793477845 7638.31763956 2707.56054501 5752.99057737 2295.7982658481 2735.878455704 3432.993040399 2653.50763257 751.561634455 16080.36145043 9566.3030811 19245.581472719998 26744.013839400002 37192.817098
-1.0 -1.0 -1.0 -1.0 -1.0 -1.0 74918.12649484 22926.47550259 3645.9088892600003 2614.311229056 4922.077414914 2074.88010096 9148.536922579999 0.0 979.0034967035 -1.0 -1.0 4304.180554854001 0.0 23683.356654341 3408.6811823501002 8793.309642683 16034.01704851 15093.327866777 3553.0387080289997 16591.114893689 5207.540959624 8604.176349846999 18794.185568369998 9640.490884874001 1853.376984509 -1.0 -1.0 -1.0 -1.0 -1.0 -1.0 -1.0 -1.0 338.56749066910004 1274.902712302 0.0 0.0 6874.7234731 5085.64523716 4693.770116837 12365.25831386 16173.07237192 39112.541928570005 703.5676526727 7179.29811374 4533.532938358 3296.5612778170002 3657.457947515 12727.825930570001 6490.97696591 7271.5387156100005 19109.62911181 4203.96892714 4559.026476403 5743.3612658288 9095.35835407 8168.44063609 4623.053714502 5683.0862443099995 3988.98515846 3140.83959202 15015.45480227 20955.1466789 11218.602304259999 5027.5387496799995 10676.00868732 17653.1664596
-1.0 -1.0 -1.0 -1.0 -1.0 -1.0 0.0 3441.699975187 18458.29549503 6001.96394111 0.0 2688.8193922399996 3068.413363834 -1.0 -1.0 -1.0 -1.0 0.0 2834.1303819649997 0.0 46024.201714521 62720.600600633 49640.11774967 7117.1052291860005 19644.637796083 57319.412796455 38652.36528235 15066.765042777 1908.6233164839998 -1.0 -1.0 -1.0 -1.0 -1.0 -1.0 -1.0 -1.0 -1.0 0.0 706.224458267 908.258687727 0.0 170.2283502399 506.1539092416 852.495738915 9893.859309881002 20180.781975020003 12671.84599502 30758.64276927 4001.64039087 8059.891754460001 11019.13533714 4149.97964734 4150.037447965 7760.830519980001 26206.743290090002 35310.007609939996 3190.09123442 7942.8530138099995 4371.21604129 3000.2089913500004 2704.9910701999997 27646.67193457 11176.006375190002 6178.931712559999 4435.5340837 9772.9020001 12549.07538505 57287.64038345 80791.8313263 34248.757983 11428.22793574 0.0
