Model Version1.4/trunk/input/2010/nfix_ag.asc
ncols 720
nrows 360
xllcorner -180.0
yllcorner -90.0
cellsize 0.5
NODATA_value -9999.0
[rows 60 to 89 of 360, columns 335 to 401 of 720]
-9999.0 -9999.0 -9999.0 -9999.0 -9999.0 -9999.0 -9999.0 -9999.0 -9999.0 -9999.0 -9999.0 -9999.0 -9999.0 -9999.0 -9999.0 -9999.0 -9999.0 -9999.0 -9999.0 -9999.0 -9999.0 -9999.0 3069.69 -9999.0 -9999.0 -9999.0 -9999.0 -9999.0 -9999.0 -9999.0 -9999.0 -9999.0 -9999.0 -9999.0 -9999.0 19999.1 18066.8 0.0 0.0 0.0 0.0 0.0 0.0 0.0 18537.6 56438.5 143089.0 363740.0 21033.8 20384.4 29010.5 0.0 33676.2 0.0 28837.0 19635.1 31046.0 153890.0 150002.0 208463.0 304885.0 78487.3 92282.3 -9999.0 -9999.0 -9999.0 -9999.0
-9999.0 -9999.0 -9999.0 -9999.0 -9999.0 -9999.0 -9999.0 -9999.0 -9999.0 -9999.0 -9999.0 -9999.0 -9999.0 -9999.0 -9999.0 -9999.0 -9999.0 -9999.0 100336.0 22566.2 -9999.0 -9999.0 -9999.0 -9999.0 -9999.0 -9999.0 -9999.0 -9999.0 -9999.0 -9999.0 -9999.0 -9999.0 -9999.0 -9999.0 -9999.0 63837.3 21078.5 30217.4 0.0 0.0 0.0 22084.7 22084.6 0.0 65317.0 351480.0 217700.0 232910.0 19535.6 0.0 33161.2 82551.8 76528.1 114213.0 62796.5 220100.0 85759.6 92352.5 134012.0 89151.9 138624.0 251169.0 23655.0 -9999.0 -9999.0 -9999.0 -9999.0
-9999.0 -9999.0 -9999.0 -9999.0 -9999.0 -9999.0 -9999.0 -9999.0 -9999.0 -9999.0 -9999.0 -9999.0 -9999.0 -9999.0 3736.66 67699.7 19420.5 42942.6 137557.0 46705.4 -9999.0 -9999.0 -9999.0 -9999.0 -9999.0 -9999.0 -9999.0 -9999.0 -9999.0 -9999.0 -9999.0 -9999.0 -9999.0 -9999.0 -9999.0 -9999.0 193056.0 22351.8 19390.5 22580.0 35903.4 19622.5 42027.7 0.0 33014.8 -9999.0 -9999.0 22298.4 0.0 66704.1 21855.6 78406.3 111207.0 79166.4 46379.3 71696.6 34907.4 43314.4 129823.0 84065.5 31315.1 -9999.0 -9999.0 -9999.0 -9999.0 -9999.0 -9999.0
-9999.0 -9999.0 -9999.0 -9999.0 -9999.0 -9999.0 -9999.0 -9999.0 -9999.0 -9999.0 40299.3 247549.0 150973.0 -9999.0 134223.0 273600.0 229105.0 339585.0 70525.1 -9999.0 -9999.0 -9999.0 -9999.0 -9999.0 -9999.0 -9999.0 -9999.0 -9999.0 -9999.0 -9999.0 -9999.0 -9999.0 -9999.0 -9999.0 -9999.0 -9999.0 0.0 22458.3 36261.9 30476.7 0.0 37346.2 67701.3 -9999.0 -9999.0 -9999.0 -9999.0 0.0 9515.35 0.0 237776.0 326671.0 213152.0 47493.2 83879.1 211026.0 151071.0 66400.4 28276.4 -9999.0 -9999.0 -9999.0 -9999.0 -9999.0 -9999.0 -9999.0 -9999.0
-9999.0 -9999.0 -9999.0 -9999.0 -9999.0 -9999.0 -9999.0 -9999.0 -9999.0 -9999.0 0.0 106104.0 0.0 0.0 415108.0 365761.0 206400.0 89820.4 87610.5 183247.0 243878.0 68155.9 -9999.0 -9999.0 -9999.0 -9999.0 -9999.0 -9999.0 -9999.0 -9999.0 -9999.0 -9999.0 -9999.0 -9999.0 -9999.0 -9999.0 -9999.0 -9999.0 -9999.0 -9999.0 -9999.0 -9999.0 -9999.0 -9999.0 107869.0 838466.0 -9999.0 -9999.0 34781.4 22409.2 0.0 0.0 0.0 110773.0 22038.0 21903.3 83450.8 67734.3 75394.5 -9999.0 -9999.0 113596.0 124882.0 23569.6 -9999.0 -9999.0 -9999.0
-9999.0 -9999.0 -9999.0 -9999.0 -9999.0 -9999.0 -9999.0 -9999.0 -9999.0 -9999.0 0.0 4277.6 0.0 145641.0 423786.0 369374.0 306191.0 377676.0 424167.0 208205.0 547290.0 72939.9 -9999.0 -9999.0 -9999.0 -9999.0 -9999.0 -9999.0 -9999.0 -9999.0 -9999.0 -9999.0 -9999.0 -9999.0 -9999.0 -9999.0 -9999.0 -9999.0 -9999.0 -9999.0 -9999.0 -9999.0 699884.0 1033890.0 3002660.0 4105010.0 125583.0 24802.0 9510.1 157476.0 43076.5 0.0 0.0 34979.6 0.0 0.0 23007.9 82011.9 94495.2 31556.7 -9999.0 139459.0 92401.5 -9999.0 -9999.0 -9999.0 -9999.0
-9999.0 -9999.0 -9999.0 -9999.0 -9999.0 -9999.0 -9999.0 -9999.0 -9999.0 0.0 -9999.0 0.0 0.0 0.0 261854.0 447059.0 399711.0 143326.0 233895.0 416200.0 123085.0 -9999.0 -9999.0 -9999.0 -9999.0 -9999.0 -9999.0 -9999.0 -9999.0 -9999.0 -9999.0 -9999.0 -9999.0 -9999.0 -9999.0 -9999.0 -9999.0 -9999.0 -9999.0 -9999.0 -9999.0 1664270.0 2735040.0 2633400.0 2982770.0 2610170.0 -9999.0 -9999.0 -9999.0 40173.4 245424.0 178852.0 26724.3 18600.3 70326.4 17436.9 69462.2 175859.0 155214.0 -9999.0 -9999.0 16831.6 -9999.0 -9999.0 -9999.0 -9999.0 -9999.0
-9999.0 -9999.0 -9999.0 -9999.0 -9999.0 -9999.0 -9999.0 -9999.0 -9999.0 -9999.0 -9999.0 -9999.0 0.0 0.0 32668.3 48380.6 73360.2 261522.0 510181.0 241206.0 -9999.0 -9999.0 -9999.0 -9999.0 -9999.0 -9999.0 -9999.0 -9999.0 -9999.0 -9999.0 -9999.0 -9999.0 -9999.0 -9999.0 -9999.0 -9999.0 -9999.0 -9999.0 -9999.0 -9999.0 -9999.0 1936970.0 2834190.0 2182610.0 4172790.0 3930900.0 1776120.0 -9999.0 -9999.0 853399.0 500034.0 329880.0 302141.0 473991.0 350301.0 143002.0 128988.0 93991.1 23154.6 -9999.0 -9999.0 -9999.0 -9999.0 -9999.0 -9999.0 -9999.0 -9999.0
-9999.0 -9999.0 -9999.0 -9999.0 -9999.0 -9999.0 -9999.0 -9999.0 -9999.0 -9999.0 -9999.0 -9999.0 25526.1 205235.0 42303.3 52930.9 86341.3 196544.0 157249.0 309194.0 477695.0 166419.0 -9999.0 -9999.0 -9999.0 -9999.0 -9999.0 -9999.0 -9999.0 -9999.0 -9999.0 -9999.0 -9999.0 -9999.0 -9999.0 -9999.0 -9999.0 -9999.0 -9999.0 -9999.0 -9999.0 1677410.0 2841970.0 3366930.0 3817620.0 1487480.0 336449.0 2068430.0 3499060.0 3390690.0 182364.0 689087.0 571207.0 519055.0 -9999.0 -9999.0 -9999.0 -9999.0 -9999.0 -9999.0 -9999.0 -9999.0 -9999.0 -9999.0 -9999.0 -9999.0 -9999.0
-9999.0 -9999.0 -9999.0 -9999.0 -9999.0 -9999.0 -9999.0 -9999.0 92932.8 195715.0 292993.0 278292.0 188082.0 0.0 0.0 24150.8 23985.4 23983.6 0.0 97213.4 48941.4 449646.0 0.0 -9999.0 -9999.0 -9999.0 -9999.0 -9999.0 -9999.0 -9999.0 -9999.0 -9999.0 -9999.0 -9999.0 -9999.0 -9999.0 -9999.0 -9999.0 -9999.0 -9999.0 -9999.0 46631.4 2458060.0 4523210.0 1916030.0 3763180.0 1435960.0 1829590.0 3703820.0 2166490.0 19409.7 215523.0 129499.0 83901.0 129214.0 0.0 -9999.0 -9999.0 -9999.0 -9999.0 -9999.0 -9999.0 -9999.0 -9999.0 -9999.0 -9999.0 0.0
-9999.0 -9999.0 -9999.0 -9999.0 -9999.0 -9999.0 -9999.0 63021.2 124169.0 195370.0 72803.3 24412.6 37749.6 335084.0 69999.6 315945.0 0.0 39760.3 108564.0 49606.6 100668.0 437793.0 322791.0 56249.0 -9999.0 -9999.0 -9999.0 -9999.0 -9999.0 -9999.0 -9999.0 -9999.0 -9999.0 -9999.0 -9999.0 -9999.0 -9999.0 -9999.0 -9999.0 -9999.0 -9999.0 4478.0 379170.0 322520.0 761547.0 200178.0 627504.0 2032670.0 2170290.0 795694.0 0.0 28714.1 30726.3 -9999.0 -9999.0 -9999.0 -9999.0 -9999.0 199361.0 477564.0 511677.0 639466.0 0.0 -9999.0 52265.4 802678.0 896760.0
-9999.0 -9999.0 -9999.0 -9999.0 32825.0 310929.0 375412.0 397300.0 643099.0 201422.0 24783.2 322450.0 595929.0 419476.0 -9999.0 0.0 0.0 18802.4 82060.7 80707.6 24955.9 294498.0 645035.0 587821.0 277230.0 -9999.0 -9999.0 -9999.0 -9999.0 -9999.0 -9999.0 -9999.0 -9999.0 -9999.0 -9999.0 -9999.0 -9999.0 -9999.0 -9999.0 -9999.0 -9999.0 -9999.0 236207.0 880596.0 774293.0 733054.0 421593.0 153103.0 265888.0 444576.0 522343.0 208388.0 102731.0 0.0 73594.1 308092.0 551305.0 648727.0 645782.0 766142.0 544615.0 1001220.0 1453470.0 1256640.0 1224540.0 1136470.0 1551520.0
-9999.0 -9999.0 -9999.0 -9999.0 41832.5 354601.0 668918.0 833574.0 858855.0 757473.0 654038.0 852880.0 472918.0 -9999.0 -9999.0 -9999.0 -9999.0 -9999.0 50131.0 673934.0 57302.4 273211.0 742476.0 772384.0 572638.0 31764.1 -9999.0 -9999.0 -9999.0 -9999.0 -9999.0 -9999.0 -9999.0 -9999.0 -9999.0 -9999.0 -9999.0 -9999.0 -9999.0 360343.0 398203.0 7039.26 691702.0 1188930.0 885043.0 809703.0 527610.0 621528.0 494563.0 503003.0 415351.0 560032.0 428981.0 104136.0 1146410.0 963892.0 762670.0 613513.0 613005.0 681071.0 782371.0 722124.0 1258980.0 1519070.0 904549.0 453533.0 519398.0
-9999.0 -9999.0 -9999.0 -9999.0 24174.3 178983.0 401528.0 837602.0 892278.0 842355.0 837585.0 831716.0 485467.0 -9999.0 -9999.0 55123.4 424102.0 94921.7 169428.0 689256.0 672329.0 98184.7 679381.0 714902.0 714386.0 481629.0 -9999.0 -9999.0 -9999.0 -9999.0 -9999.0 -9999.0 -9999.0 -9999.0 37642.7 0.0 574448.0 653353.0 439427.0 938804.0 763548.0 802299.0 943961.0 812644.0 727554.0 746510.0 727558.0 695516.0 787196.0 548078.0 266781.0 272643.0 406557.0 380825.0 1393900.0 985269.0 479534.0 641763.0 591404.0 1063210.0 1084410.0 923042.0 549956.0 1175090.0 1177610.0 1143840.0 871489.0
-9999.0 -9999.0 -9999.0 -9999.0 -9999.0 128836.0 675328.0 836680.0 821515.0 850288.0 851963.0 813271.0 582494.0 -9999.0 -9999.0 82572.0 223795.0 0.0 178346.0 766914.0 724555.0 761700.0 735699.0 709821.0 834866.0 964079.0 595146.0 631753.0 225538.0 -9999.0 -9999.0 -9999.0 -9999.0 -9999.0 1038630.0 0.0 782702.0 892260.0 513981.0 578672.0 614452.0 683527.0 633092.0 784391.0 572470.0 664410.0 778674.0 546249.0 854896.0 123171.0 506670.0 210958.0 373818.0 904477.0 1008630.0 658430.0 866782.0 800684.0 1031530.0 1152700.0 1240210.0 1133310.0 1532770.0 664335.0 1307650.0 672699.0 323638.0
-9999.0 -9999.0 -9999.0 -9999.0 158477.0 525295.0 731681.0 838820.0 812208.0 725576.0 626788.0 525879.0 160655.0 -9999.0 -9999.0 146434.0 356818.0 0.0 157602.0 782736.0 790241.0 705767.0 768317.0 805182.0 815295.0 1147030.0 671389.0 776511.0 216523.0 -9999.0 -9999.0 -9999.0 -9999.0 67033.6 668120.0 542250.0 337204.0 1974760.0 706497.0 749578.0 621431.0 800316.0 1148690.0 1057420.0 1122040.0 1647710.0 1137740.0 1228680.0 737815.0 282461.0 129114.0 69901.4 44996.6 646594.0 596241.0 462621.0 721221.0 1033460.0 1149220.0 718898.0 840720.0 901959.0 1609210.0 1141700.0 1027080.0 715233.0 241372.0
-9999.0 -9999.0 -9999.0 -9999.0 148584.0 346390.0 662305.0 697297.0 375554.0 99939.9 -9999.0 -9999.0 -9999.0 -9999.0 201193.0 586557.0 613982.0 656759.0 637550.0 761602.0 905938.0 896779.0 910992.0 841410.0 538292.0 742214.0 619992.0 191692.0 -9999.0 -9999.0 -9999.0 -9999.0 161226.0 736172.0 1470150.0 1994170.0 1750560.0 1907790.0 928176.0 653893.0 1155700.0 1495820.0 921988.0 597060.0 446445.0 530027.0 445292.0 766385.0 882011.0 562178.0 410177.0 363913.0 193355.0 0.0 752088.0 701701.0 990631.0 1409680.0 905136.0 1037280.0 912124.0 978376.0 1106920.0 937275.0 1103130.0 864490.0 1293360.0
-9999.0 -9999.0 -9999.0 -9999.0 -9999.0 0.0 -9999.0 -9999.0 -9999.0 -9999.0 -9999.0 -9999.0 -9999.0 -9999.0 -9999.0 -9999.0 183644.0 428296.0 434989.0 794321.0 862670.0 847743.0 920967.0 803686.0 616671.0 764026.0 736274.0 399894.0 -9999.0 -9999.0 274776.0 282635.0 303339.0 426178.0 609669.0 835623.0 1027790.0 1697180.0 712404.0 460569.0 446287.0 213362.0 282000.0 670119.0 329700.0 460687.0 606299.0 506581.0 204919.0 229632.0 137386.0 771655.0 203113.0 318348.0 932027.0 1140520.0 1209570.0 1475170.0 1082910.0 1509550.0 764779.0 795172.0 988637.0 1158850.0 1180640.0 991177.0 753087.0
-9999.0 -9999.0 -9999.0 -9999.0 -9999.0 -9999.0 -9999.0 -9999.0 -9999.0 -9999.0 -9999.0 -9999.0 -9999.0 -9999.0 -9999.0 356159.0 948450.0 851891.0 634006.0 570915.0 668039.0 465851.0 416451.0 387787.0 285856.0 361565.0 171477.0 -9999.0 847032.0 1246120.0 1095570.0 461487.0 356084.0 418168.0 564724.0 842197.0 625045.0 669834.0 1241790.0 742684.0 481006.0 382269.0 615908.0 556387.0 446364.0 394652.0 543422.0 369379.0 359611.0 365882.0 317933.0 324805.0 351638.0 770261.0 1174890.0 703247.0 825778.0 1050460.0 1631640.0 2197410.0 1675060.0 697437.0 1108790.0 1674670.0 981997.0 1419210.0 1107010.0
-9999.0 -9999.0 -9999.0 -9999.0 -9999.0 -9999.0 -9999.0 -9999.0 -9999.0 -9999.0 -9999.0 -9999.0 -9999.0 86574.8 463101.0 409330.0 263568.0 382982.0 -9999.0 -9999.0 -9999.0 -9999.0 -9999.0 -9999.0 -9999.0 -9999.0 -9999.0 111823.0 1128950.0 958894.0 1301860.0 1400700.0 1173340.0 554118.0 449846.0 449277.0 297020.0 462538.0 483579.0 764250.0 559392.0 835753.0 932318.0 619965.0 413386.0 912726.0 714443.0 581929.0 240492.0 350736.0 390659.0 906522.0 975142.0 1893500.0 2060720.0 1952950.0 1716680.0 1126270.0 830016.0 630485.0 2218090.0 1899810.0 1374100.0 1404210.0 2064620.0 2248800.0 2218420.0
-9999.0 -9999.0 -9999.0 -9999.0 -9999.0 -9999.0 -9999.0 -9999.0 -9999.0 -9999.0 -9999.0 -9999.0 -9999.0 -9999.0 0.0 -9999.0 -9999.0 -9999.0 -9999.0 -9999.0 -9999.0 333281.0 217621.0 -9999.0 -9999.0 499593.0 1171080.0 1065020.0 1088670.0 1108730.0 2350820.0 1573230.0 1296670.0 1077390.0 896939.0 496204.0 368333.0 594540.0 582671.0 633307.0 764114.0 2015060.0 836056.0 454159.0 864556.0 1275610.0 931640.0 480516.0 600572.0 136435.0 824101.0 1126810.0 882075.0 1221200.0 1245450.0 1382740.0 1495940.0 1379240.0 1491160.0 1617100.0 1629480.0 1688440.0 1225240.0 1002070.0 1017610.0 891938.0 1304400.0
-9999.0 -9999.0 -9999.0 -9999.0 -9999.0 -9999.0 -9999.0 -9999.0 -9999.0 -9999.0 -9999.0 -9999.0 -9999.0 -9999.0 -9999.0 -9999.0 -9999.0 -9999.0 -9999.0 -9999.0 50248.6 560045.0 1356470.0 1003720.0 932346.0 1283540.0 1342730.0 1311720.0 1468190.0 1252700.0 1603770.0 1305650.0 1232960.0 1408670.0 763370.0 1106360.0 1251140.0 1210520.0 1004520.0 992892.0 309121.0 1077320.0 977236.0 643158.0 581530.0 743359.0 735419.0 551879.0 456075.0 631817.0 333838.0 384042.0 1288300.0 1402110.0 1156130.0 959011.0 1272550.0 1262740.0 1322440.0 1904140.0 1556670.0 324022.0 403032.0 319785.0 673464.0 657076.0 375677.0
-9999.0 -9999.0 -9999.0 -9999.0 -9999.0 -9999.0 -9999.0 -9999.0 -9999.0 -9999.0 -9999.0 -9999.0 -9999.0 -9999.0 -9999.0 150109.0 558202.0 621636.0 1160270.0 344154.0 400762.0 559326.0 1444160.0 1141410.0 1127370.0 1182230.0 812397.0 1066200.0 1523040.0 637154.0 1252960.0 1266720.0 1251490.0 1261630.0 1032670.0 1001080.0 1107920.0 1357600.0 1339980.0 863391.0 1403870.0 718935.0 727481.0 674369.0 463263.0 1030170.0 910847.0 842515.0 870247.0 1163350.0 950027.0 596469.0 196842.0 700996.0 410538.0 668341.0 864040.0 1670630.0 2193120.0 1500750.0 1264730.0 1026450.0 567731.0 331525.0 85228.0 188238.0 430005.0
-9999.0 -9999.0 -9999.0 -9999.0 -9999.0 -9999.0 -9999.0 -9999.0 -9999.0 -9999.0 -9999.0 -9999.0 -9999.0 -9999.0 -9999.0 358195.0 1313080.0 1523620.0 1328600.0 1529630.0 1629440.0 1792960.0 1787460.0 1287560.0 1024350.0 1108570.0 851369.0 1453760.0 2925500.0 2442800.0 1853930.0 1300140.0 1302750.0 1221110.0 700454.0 1035490.0 1161900.0 1235470.0 593337.0 730842.0 1496100.0 200824.0 927144.0 719550.0 1327260.0 1238070.0 785373.0 709934.0 709271.0 1053890.0 1082040.0 1438240.0 1384790.0 1377960.0 958640.0 662940.0 1089940.0 1188680.0 2755860.0 1640980.0 2602770.0 1773170.0 1261860.0 871764.0 874826.0 1014470.0 1092980.0
-9999.0 -9999.0 -9999.0 -9999.0 -9999.0 -9999.0 -9999.0 -9999.0 -9999.0 -9999.0 -9999.0 -9999.0 -9999.0 -9999.0 -9999.0 -9999.0 404069.0 594253.0 1125490.0 1532340.0 1542980.0 1670620.0 1388150.0 1392590.0 1261860.0 980434.0 783422.0 1941840.0 2211660.0 1729940.0 1516330.0 772029.0 970927.0 1129300.0 779668.0 1141150.0 1289170.0 981306.0 497907.0 1527190.0 930595.0 485940.0 845752.0 755166.0 1017180.0 669632.0 652857.0 303933.0 243738.0 300107.0 0.0 423112.0 247346.0 256698.0 172639.0 115740.0 86712.9 934041.0 1261300.0 2102670.0 2554200.0 1563260.0 1435420.0 1335070.0 1729900.0 1499170.0 2174730.0
-9999.0 -9999.0 -9999.0 -9999.0 -9999.0 -9999.0 -9999.0 -9999.0 -9999.0 -9999.0 -9999.0 -9999.0 -9999.0 -9999.0 -9999.0 -9999.0 -9999.0 -9999.0 -9999.0 -9999.0 718917.0 1571360.0 1855760.0 1756560.0 2363150.0 1322490.0 1332590.0 1054620.0 936895.0 856960.0 1464900.0 1137950.0 1014920.0 863029.0 1068300.0 1661950.0 905864.0 717372.0 550366.0 636758.0 849671.0 746685.0 528814.0 504893.0 0.0 0.0 251953.0 29979.3 0.0 30549.8 146302.0 0.0 0.0 0.0 0.0 297191.0 576649.0 1154270.0 1980440.0 1998440.0 1203410.0 1194250.0 1920360.0 1355140.0 1924410.0 2351330.0 2030720.0
-9999.0 -9999.0 -9999.0 -9999.0 -9999.0 -9999.0 -9999.0 -9999.0 -9999.0 -9999.0 -9999.0 -9999.0 -9999.0 -9999.0 -9999.0 -9999.0 -9999.0 -9999.0 -9999.0 -9999.0 182087.0 1668870.0 2236150.0 1522460.0 1313800.0 1348110.0 1100900.0 887681.0 1240390.0 1196320.0 1230670.0 1455720.0 1461360.0 1321410.0 1333110.0 983887.0 578914.0 514924.0 755734.0 597291.0 172240.0 336417.0 522581.0 406640.0 425648.0 0.0 640888.0 441691.0 401383.0 731286.0 283943.0 59749.4 0.0 353919.0 365255.0 573290.0 1117440.0 669017.0 1334960.0 956465.0 958700.0 1968710.0 2320900.0 1065020.0 1574340.0 2369560.0 1910200.0
-9999.0 -9999.0 -9999.0 -9999.0 -9999.0 -9999.0 -9999.0 -9999.0 -9999.0 -9999.0 -9999.0 -9999.0 -9999.0 -9999.0 -9999.0 -9999.0 -9999.0 -9999.0 -9999.0 -9999.0 -9999.0 128553.0 949752.0 2597560.0 1274670.0 1091350.0 1109410.0 1295690.0 1180900.0 1372760.0 1393760.0 1681130.0 1344170.0 1360180.0 1045460.0 892694.0 318362.0 539943.0 352373.0 620289.0 604956.0 667392.0 80670.8 391459.0 692304.0 623439.0 675738.0 750517.0 444351.0 488698.0 2147180.0 1850310.0 59910.5 228729.0 282651.0 391792.0 719759.0 1542300.0 1759380.0 1120090.0 1318920.0 1762130.0 2267640.0 1450150.0 883655.0 2449970.0 2269110.0
-9999.0 -9999.0 -9999.0 -9999.0 -9999.0 -9999.0 -9999.0 -9999.0 -9999.0 -9999.0 -9999.0 -9999.0 -9999.0 -9999.0 -9999.0 -9999.0 -9999.0 -9999.0 -9999.0 -9999.0 -9999.0 -9999.0 614441.0 2657610.0 1385290.0 1475020.0 1063170.0 1163950.0 445086.0 413647.0 580280.0 1530930.0 304131.0 1610950.0 1140950.0 1858510.0 524816.0 184112.0 108928.0 1351540.0 852786.0 1402230.0 885806.0 543340.0 831964.0 545028.0 793880.0 994294.0 3732990.0 5182270.0 5156050.0 3398240.0 422631.0 150478.0 153818.0 463689.0 1187230.0 1604450.0 1520100.0 1408330.0 1747010.0 2292190.0 2055080.0 1691060.0 1684140.0 1788780.0 2490910.0
-9999.0 -9999.0 -9999.0 -9999.0 -9999.0 -9999.0 -9999.0 -9999.0 -9999.0 -9999.0 -9999.0 -9999.0 -9999.0 -9999.0 -9999.0 -9999.0 -9999.0 -9999.0 -9999.0 -9999.0 -9999.0 -9999.0 199535.0 1123910.0 1077370.0 1161950.0 688340.0 1065090.0 716585.0 503702.0 823373.0 734453.0 517374.0 632195.0 1489720.0 1081640.0 165810.0 38246.1 313825.0 606922.0 3220120.0 6097000.0 1847780.0 1660910.0 1812640.0 1821800.0 1648730.0 6576900.0 5605010.0 2733070.0 14330.7 -9999.0 1409780.0 516396.0 279238.0 179865.0 1123170.0 834653.0 1307770.0 1541510.0 1517350.0 1926390.0 2214070.0 1723550.0 1688680.0 1877780.0 1863360.0
