Model Version1.4/trunk/input/2010/nfix_ag.asc
ncols 720
nrows 360
xllcorner -180.0
yllcorner -90.0
cellsize 0.5
NODATA_value -9999.0
[rows 90 to 119 of 360, columns 469 to 535 of 720]
456746.0 366092.0 365564.0 366004.0 549643.0 487389.0 334437.0 243607.0 -9999.0 0.0 -9999.0 -9999.0 -9999.0 122309.0 545536.0 762474.0 761860.0 578397.0 487300.0 645285.0 850648.0 919158.0 893866.0 427817.0 457889.0 763003.0 671556.0 822706.0 853613.0 731568.0 701716.0 762650.0 762650.0 762782.0 671249.0 619688.0 640843.0 792635.0 823761.0 580462.0 762240.0 793165.0 784176.0 763478.0 793700.0 792987.0 732583.0 584768.0 1085210.0 732227.0 701789.0 0.0 1187350.0 1681530.0 1665890.0 1248990.0 612698.0 122300.0 349888.0 804474.0 1094170.0 1209080.0 1097380.0 1216430.0 860821.0 364242.0 517776.0
769517.0 676107.0 338380.0 368630.0 122703.0 0.0 0.0 61504.0 -9999.0 -9999.0 -9999.0 -9999.0 0.0 461475.0 769168.0 737306.0 399100.0 184076.0 215416.0 585398.0 707709.0 553231.0 707142.0 922035.0 1013520.0 863576.0 830324.0 911640.0 837687.0 800030.0 799899.0 799985.0 799899.0 830847.0 892133.0 892483.0 751798.0 844954.0 804303.0 861490.0 861315.0 861010.0 861849.0 892399.0 923872.0 984367.0 858262.0 830079.0 921064.0 1106370.0 795668.0 896195.0 2818040.0 1901400.0 1513530.0 1637140.0 685474.0 621020.0 1068990.0 738695.0 607014.0 644927.0 1166990.0 1205930.0 1210460.0 1317680.0 1116860.0
775801.0 744681.0 620934.0 216804.0 0.0 0.0 0.0 31120.0 310856.0 401786.0 45261.8 31120.0 62240.0 185511.0 495288.0 527142.0 590375.0 713820.0 775154.0 775197.0 805885.0 744897.0 744724.0 775757.0 900543.0 1035320.0 963539.0 834858.0 833037.0 868007.0 895627.0 843874.0 852921.0 919797.0 898943.0 868470.0 899072.0 868514.0 0.0 619725.0 805884.0 835876.0 0.0 0.0 124135.0 687529.0 482123.0 611744.0 559183.0 496046.0 875606.0 869085.0 2705530.0 3815270.0 3391160.0 761350.0 1838320.0 1834040.0 1143610.0 736452.0 464211.0 735993.0 640950.0 1096870.0 2627590.0 2476160.0 3201980.0
561962.0 782243.0 625443.0 407089.0 250887.0 156757.0 0.0 125656.0 877543.0 901175.0 789551.0 740250.0 448923.0 187150.0 187706.0 719446.0 781944.0 782372.0 782158.0 781858.0 781602.0 781816.0 781602.0 781987.0 782115.0 832123.0 935658.0 660202.0 657758.0 0.0 0.0 0.0 0.0 187622.0 542840.0 876730.0 845750.0 0.0 0.0 31490.3 97351.3 62326.0 312020.0 0.0 986911.0 531099.0 249734.0 812464.0 780364.0 719040.0 812437.0 844519.0 1265200.0 1692240.0 3019690.0 3106090.0 902631.0 1128820.0 1433100.0 1286060.0 1462470.0 828306.0 1044250.0 708317.0 1207450.0 1832880.0 1734020.0
756572.0 756402.0 598371.0 440807.0 440468.0 251951.0 189366.0 296980.0 689635.0 1175560.0 1232110.0 797625.0 578755.0 316103.0 599473.0 788372.0 788076.0 788288.0 788499.0 788457.0 788457.0 788542.0 788500.0 819749.0 820088.0 883225.0 946113.0 849675.0 732803.0 33509.8 41485.1 31419.5 0.0 0.0 383480.0 658689.0 315425.0 347673.0 31631.9 315005.0 377672.0 378308.0 221435.0 441109.0 440978.0 797037.0 520049.0 818207.0 1134930.0 756424.0 882294.0 952756.0 2018520.0 1645840.0 816247.0 607405.0 472481.0 1052430.0 1390330.0 1942750.0 2292970.0 1327760.0 1804180.0 1973710.0 1284950.0 1148700.0 823504.0
190126.0 349208.0 382100.0 350468.0 318290.0 94328.4 151673.0 184401.0 1048420.0 1372720.0 315369.0 823939.0 730469.0 666534.0 699089.0 794572.0 667499.0 571723.0 762479.0 794572.0 794908.0 794740.0 826246.0 826581.0 826372.0 858297.0 0.0 787522.0 0.0 0.0 83080.8 31883.8 476144.0 508167.0 571767.0 614702.0 574940.0 635539.0 572736.0 574552.0 509347.0 511816.0 479018.0 387091.0 178684.0 380432.0 326207.0 253854.0 253599.0 444192.0 221757.0 0.0 222135.0 317996.0 552744.0 862729.0 441788.0 514350.0 476158.0 348957.0 444272.0 539634.0 444995.0 1177070.0 983768.0 498351.0 126905.0
224185.0 352634.0 576611.0 575988.0 287993.0 75702.3 282264.0 255944.0 686934.0 840583.0 1086450.0 1020720.0 993256.0 839737.0 769246.0 800921.0 801296.0 609410.0 769204.0 794233.0 800589.0 833179.0 961006.0 880413.0 846324.0 748271.0 585314.0 814983.0 325426.0 258493.0 0.0 193854.0 645634.0 584032.0 617839.0 293267.0 318582.0 259516.0 517905.0 550156.0 551257.0 625707.0 652250.0 712341.0 513176.0 352136.0 223294.0 223005.0 159619.0 375739.0 420439.0 836603.0 1558440.0 651390.0 825134.0 795188.0 1258100.0 819056.0 0.0 569290.0 478195.0 124188.0 802438.0 837548.0 514140.0 0.0 0.0
161244.0 322406.0 322447.0 284624.0 322200.0 257479.0 516277.0 549564.0 968576.0 1000830.0 1000830.0 821507.0 685376.0 888004.0 679082.0 807085.0 807208.0 807208.0 807003.0 806879.0 777325.0 806878.0 903280.0 677357.0 613954.0 484472.0 479222.0 714704.0 821414.0 890902.0 260552.0 453878.0 678511.0 494351.0 651938.0 771573.0 681782.0 625453.0 719374.0 617930.0 588858.0 592235.0 494230.0 592820.0 581409.0 290725.0 96771.2 161614.0 636342.0 838979.0 898745.0 1384340.0 813455.0 32257.2 0.0 481371.0 2298510.0 959472.0 366948.0 81301.6 0.0 0.0 169822.0 479801.0 0.0 0.0 0.0
0.0 64965.4 129726.0 390770.0 358308.0 325967.0 1008650.0 1008610.0 1008570.0 1008370.0 1008450.0 1008530.0 911267.0 1008450.0 911267.0 924005.0 714985.0 455205.0 519355.0 519723.0 800622.0 878761.0 784726.0 622756.0 715801.0 683419.0 834359.0 582815.0 816420.0 1025670.0 526943.0 442204.0 520057.0 1024830.0 1328300.0 1116720.0 749261.0 295906.0 623950.0 552633.0 390648.0 524183.0 455205.0 519641.0 455370.0 488363.0 1176750.0 1809270.0 552593.0 582842.0 485052.0 1852300.0 913731.0 705959.0 458776.0 0.0 74847.5 0.0 0.0 0.0 0.0 0.0 0.0 0.0 181255.0 235871.0 412978.0
558023.0 197084.0 327748.0 655819.0 884682.0 720787.0 982639.0 1015470.0 1015750.0 1016110.0 1016030.0 1016110.0 1016070.0 1015990.0 1015990.0 861470.0 458251.0 163410.0 196318.0 591831.0 794984.0 610415.0 363279.0 814829.0 764258.0 825655.0 476627.0 65331.5 122334.0 986846.0 577389.0 398977.0 670203.0 945635.0 367062.0 532802.0 406356.0 728226.0 593992.0 589478.0 524430.0 524144.0 491802.0 490946.0 462662.0 404083.0 490264.0 523463.0 392556.0 291642.0 148931.0 524922.0 349635.0 43724.7 0.0 0.0 0.0 0.0 0.0 0.0 0.0 0.0 0.0 0.0 0.0 0.0 0.0
858356.0 692419.0 429756.0 727124.0 924291.0 923851.0 758235.0 725447.0 891024.0 1023450.0 1022970.0 1023250.0 1023370.0 1023570.0 1023610.0 858875.0 334962.0 199307.0 421848.0 643071.0 597952.0 738516.0 554891.0 878192.0 1079060.0 781509.0 562848.0 662896.0 497727.0 581514.0 502331.0 397862.0 432453.0 305489.0 297127.0 337461.0 396171.0 627284.0 527921.0 802358.0 638121.0 773646.0 386572.0 778171.0 933816.0 586722.0 401887.0 465135.0 728961.0 795547.0 104060.0 0.0 0.0 0.0 0.0 0.0 0.0 0.0 0.0 0.0 0.0 0.0 0.0 0.0 0.0 0.0 0.0
99479.6 270803.0 468903.0 541920.0 606151.0 465876.0 333288.0 99954.7 565396.0 996981.0 564330.0 664048.0 830574.0 997612.0 996980.0 830929.0 334419.0 442391.0 459722.0 432325.0 785327.0 612925.0 640709.0 612540.0 616924.0 438335.0 508395.0 300252.0 299667.0 299706.0 299825.0 434440.0 435588.0 432454.0 337688.0 165735.0 107219.0 47108.4 0.0 298994.0 365400.0 1532540.0 1386640.0 1990060.0 1412920.0 352629.0 1514160.0 494168.0 0.0 0.0 0.0 0.0 0.0 0.0 0.0 0.0 0.0 0.0 0.0 0.0 0.0 0.0 0.0 0.0 0.0 0.0 99678.6
0.0 703602.0 937759.0 1008970.0 865478.0 881772.0 468195.0 169775.0 133926.0 267384.0 335012.0 335323.0 167350.0 669397.0 501227.0 367653.0 0.0 33624.4 416339.0 688678.0 973074.0 522013.0 836426.0 644806.0 573766.0 939709.0 906500.0 294571.0 276033.0 336419.0 537436.0 604156.0 534827.0 240379.0 146267.0 17587.6 0.0 0.0 67002.2 267775.0 335285.0 348739.0 435744.0 964156.0 164329.0 1767700.0 769330.0 0.0 0.0 0.0 0.0 0.0 0.0 0.0 0.0 33535.5 0.0 0.0 0.0 0.0 0.0 0.0 33579.2 0.0 67002.5 144406.0 100269.0
472047.0 1079230.0 911464.0 914550.0 1075490.0 1045060.0 814071.0 876627.0 918209.0 944713.0 944635.0 756102.0 506330.0 781102.0 733005.0 644480.0 877282.0 843702.0 708882.0 689149.0 849796.0 932096.0 919979.0 708031.0 707876.0 844884.0 654903.0 697744.0 956486.0 943594.0 201922.0 476927.0 491628.0 241863.0 29200.7 18420.9 20797.8 18782.2 0.0 0.0 168555.0 388388.0 606978.0 573397.0 433920.0 3939510.0 486935.0 0.0 0.0 0.0 0.0 0.0 0.0 0.0 100799.0 33574.6 101241.0 0.0 0.0 0.0 33811.4 198833.0 455196.0 0.0 67584.2 169018.0 269951.0
653185.0 1031390.0 1481280.0 866375.0 1074380.0 1290670.0 957807.0 749964.0 514897.0 727432.0 1072880.0 591063.0 828328.0 1040950.0 1278470.0 1036710.0 1053620.0 1052490.0 1052100.0 1052590.0 1051090.0 735943.0 691436.0 849027.0 588644.0 706940.0 765993.0 1005640.0 1310070.0 655175.0 1114820.0 551505.0 320107.0 219502.0 135084.0 25068.0 0.0 27695.3 34002.8 0.0 67738.0 508343.0 577016.0 610900.0 160580.0 971790.0 251156.0 374812.0 86659.3 0.0 152774.0 482034.0 0.0 0.0 101856.0 33926.5 227700.0 203750.0 160492.0 170052.0 101549.0 0.0 34040.9 272099.0 407499.0 441731.0 0.0
1983860.0 2015340.0 1213330.0 792809.0 809554.0 1374710.0 1039660.0 1697830.0 1065160.0 1182950.0 888551.0 752196.0 105903.0 553656.0 1029560.0 851569.0 1093710.0 1093780.0 1059170.0 1059250.0 922387.0 806975.0 367458.0 937424.0 890862.0 573546.0 535404.0 358973.0 2585400.0 1515200.0 649855.0 434663.0 427301.0 413376.0 102389.0 34192.5 32733.5 0.0 33083.0 0.0 203844.0 409890.0 541998.0 580932.0 554506.0 405588.0 213691.0 166372.0 292530.0 87954.3 2272960.0 778002.0 311733.0 317804.0 109938.0 34186.7 332748.0 273804.0 512471.0 546587.0 444880.0 493898.0 375739.0 444615.0 546890.0 580931.0 512812.0
1656720.0 924476.0 698133.0 442142.0 712612.0 1256440.0 1049050.0 1016850.0 1233350.0 1193240.0 823550.0 807719.0 932114.0 1115830.0 1066160.0 1078100.0 1103110.0 1100690.0 1100920.0 1101110.0 602308.0 573787.0 1453120.0 1517270.0 2181250.0 806488.0 771300.0 248986.0 1400190.0 1209070.0 533944.0 760798.0 874054.0 531216.0 137328.0 60542.2 36233.1 40507.3 0.0 0.0 0.0 68648.5 260514.0 478556.0 468783.0 578195.0 528223.0 619481.0 653600.0 516266.0 0.0 0.0 108577.0 500273.0 742804.0 321966.0 378997.0 621003.0 653190.0 549637.0 550309.0 378296.0 514824.0 549824.0 0.0 0.0 0.0
651444.0 495147.0 641500.0 276605.0 313826.0 519680.0 970322.0 945872.0 1490140.0 995516.0 1358030.0 769105.0 656443.0 970847.0 1142320.0 1073370.0 1051240.0 1108380.0 1142320.0 843889.0 1135870.0 392887.0 834774.0 371706.0 394219.0 37961.5 243068.0 238656.0 1032110.0 906104.0 720357.0 607069.0 300316.0 73939.7 36124.7 133813.0 0.0 45243.3 79715.1 131856.0 106948.0 0.0 0.0 293392.0 429020.0 533028.0 553131.0 519323.0 518787.0 449179.0 553928.0 629485.0 490391.0 508767.0 644918.0 449659.0 479987.0 380416.0 450176.0 554541.0 554319.0 550968.0 0.0 0.0 0.0 0.0 0.0
208943.0 244023.0 208614.0 139332.0 317817.0 393131.0 508976.0 524141.0 766287.0 1109030.0 1185620.0 934204.0 643409.0 1032890.0 941149.0 1080180.0 1013230.0 888235.0 950535.0 1296440.0 852088.0 405825.0 629678.0 844874.0 637594.0 536140.0 454205.0 446216.0 658352.0 847761.0 717704.0 161340.0 154013.0 265290.0 205542.0 39809.6 134869.0 146140.0 295443.0 158925.0 82743.4 85189.4 38867.1 5096.8 0.0 0.0 480455.0 626408.0 487710.0 487601.0 0.0 313158.0 417887.0 418276.0 0.0 0.0 0.0 557400.0 696952.0 626903.0 591568.0 626056.0 0.0 0.0 0.0 0.0 0.0
175208.0 105125.0 105305.0 139914.0 175064.0 175028.0 720658.0 1057130.0 927806.0 1427560.0 1322450.0 1236310.0 1370050.0 212687.0 254387.0 671985.0 506955.0 546778.0 392096.0 219951.0 487970.0 646766.0 466408.0 593698.0 227033.0 257976.0 873635.0 797451.0 627425.0 1123230.0 720772.0 501339.0 273843.0 1401040.0 1116480.0 1049710.0 811820.0 808051.0 247645.0 147784.0 45236.5 39401.9 146903.0 48168.2 0.0 0.0 34922.5 559025.0 0.0 630815.0 658119.0 490458.0 245015.0 260713.0 0.0 0.0 596573.0 573539.0 631650.0 700832.0 692878.0 771313.0 771565.0 771277.0 700833.0 726869.0 0.0
141454.0 176283.0 282232.0 317738.0 106055.0 211576.0 197626.0 302077.0 724670.0 930289.0 953278.0 833455.0 1153050.0 533370.0 300485.0 792692.0 608383.0 815006.0 590562.0 227671.0 114698.0 514341.0 371719.0 722207.0 713266.0 620372.0 832356.0 1039170.0 989524.0 1408540.0 661255.0 908144.0 1533160.0 1500950.0 1830550.0 1791840.0 3747320.0 1013100.0 556454.0 669155.0 517934.0 0.0 0.0 36885.6 0.0 36383.2 39517.5 210391.0 598492.0 669066.0 669370.0 623194.0 669953.0 704267.0 576491.0 630920.0 669665.0 740926.0 740640.0 0.0 740570.0 0.0 0.0 0.0 0.0 0.0 0.0
106372.0 106408.0 248460.0 141912.0 177640.0 141736.0 108765.0 426833.0 497130.0 463253.0 528876.0 402378.0 215484.0 493027.0 990241.0 1685270.0 1148580.0 1011910.0 846169.0 879367.0 857508.0 507735.0 641734.0 1049330.0 1148180.0 1222550.0 1364740.0 1076870.0 1155360.0 1305660.0 730112.0 1853040.0 1513520.0 1072240.0 3008590.0 2222810.0 1853120.0 2842530.0 1143740.0 1493760.0 1781750.0 957647.0 144194.0 42571.7 38161.2 74083.0 182406.0 0.0 176295.0 531932.0 0.0 599856.0 599949.0 709691.0 576856.0 579496.0 603327.0 701914.0 709559.0 0.0 745652.0 0.0 0.0 0.0 0.0 0.0 0.0
320868.0 142716.0 285396.0 178568.0 246899.0 406952.0 143062.0 511660.0 856838.0 541974.0 613182.0 639564.0 107245.0 0.0 256894.0 462355.0 755409.0 903500.0 927408.0 1010020.0 939626.0 813256.0 906999.0 1105740.0 1119780.0 793761.0 878537.0 1426470.0 1387960.0 1411870.0 561847.0 2105430.0 2227020.0 999812.0 1456510.0 3003700.0 2441690.0 1578990.0 1162420.0 667112.0 2380720.0 1517610.0 1605100.0 0.0 0.0 0.0 81491.2 0.0 304882.0 606932.0 593032.0 729468.0 790984.0 714133.0 678177.0 627588.0 713821.0 794071.0 785595.0 793717.0 878518.0 794088.0 0.0 0.0 742326.0 0.0 0.0
179292.0 107589.0 71669.0 35817.3 35817.3 179224.0 217382.0 108803.0 319081.0 430608.0 488166.0 507118.0 253485.0 0.0 521727.0 1168950.0 800876.0 147611.0 528177.0 1129130.0 1200050.0 895978.0 654477.0 821439.0 933414.0 1268950.0 1179880.0 2365240.0 1714330.0 825513.0 1160700.0 565818.0 1079890.0 495347.0 1625020.0 3895160.0 4765320.0 5864720.0 1370840.0 631495.0 484070.0 605156.0 836562.0 797475.0 41086.1 0.0 0.0 0.0 107486.0 609786.0 790182.0 795415.0 759488.0 828227.0 754323.0 799107.0 763305.0 790312.0 878912.0 933217.0 799183.0 754015.0 754049.0 753330.0 886573.0 0.0 0.0
144293.0 36090.3 72146.5 36191.4 72281.7 72382.8 36124.1 72146.8 236698.0 385487.0 435206.0 324605.0 180620.0 0.0 649506.0 1142930.0 692098.0 341857.0 392768.0 727320.0 804245.0 742380.0 780079.0 743742.0 1142880.0 1370980.0 1806930.0 1155850.0 840212.0 848237.0 0.0 367800.0 3132410.0 1688620.0 1192750.0 2015050.0 4742840.0 4049390.0 3565960.0 3763430.0 3124170.0 532307.0 455532.0 779007.0 731015.0 80892.0 0.0 0.0 71885.1 360950.0 795778.0 801630.0 758873.0 722344.0 803166.0 682345.0 801854.0 916858.0 915566.0 886373.0 922407.0 802914.0 802669.0 836199.0 746049.0 931959.0 745318.0
72749.9 181525.0 154127.0 72483.3 181792.0 72583.5 36258.4 72783.1 72598.4 185332.0 235769.0 218084.0 343033.0 465164.0 875406.0 842933.0 639895.0 716467.0 450424.0 905089.0 1599290.0 912596.0 683685.0 932976.0 1004860.0 1040820.0 896066.0 438110.0 252005.0 37738.7 81437.8 1335300.0 485167.0 1458870.0 1303900.0 2138610.0 2836790.0 2961050.0 2977500.0 2824320.0 3011200.0 3675400.0 2156960.0 892367.0 715279.0 437788.0 41003.0 0.0 455735.0 690167.0 700838.0 883623.0 881570.0 880503.0 842610.0 806208.0 762526.0 761607.0 880815.0 886353.0 896481.0 859288.0 762474.0 841412.0 807769.0 808010.0 762504.0
89090.4 179232.0 292384.0 255650.0 292449.0 36588.9 36424.6 72882.3 36457.6 109603.0 110143.0 273182.0 184988.0 122864.0 333330.0 0.0 164433.0 84170.0 42888.8 1177870.0 1295950.0 947236.0 1561400.0 741333.0 858989.0 663628.0 514072.0 158776.0 191496.0 0.0 0.0 37354.2 1599940.0 1658010.0 0.0 2114850.0 3029900.0 3004530.0 3052100.0 2832920.0 3856150.0 4194420.0 3282510.0 1765800.0 706503.0 583045.0 756409.0 627834.0 696003.0 1022470.0 730011.0 775356.0 766334.0 803382.0 845009.0 762010.0 707944.0 679749.0 766530.0 810832.0 848064.0 766183.0 856576.0 980783.0 766481.0 978939.0 810348.0
272947.0 81271.2 256643.0 220087.0 413898.0 110221.0 73243.1 36621.6 36621.6 36654.1 110092.0 73373.1 219859.0 488966.0 768090.0 479226.0 67622.8 76943.1 106721.0 1107930.0 0.0 230358.0 811660.0 822007.0 412812.0 163902.0 38775.1 0.0 0.0 85310.8 0.0 412883.0 1612230.0 693237.0 87496.1 2641590.0 2981270.0 2851790.0 2994000.0 2760500.0 4033120.0 3972170.0 4153670.0 3815820.0 809107.0 724620.0 990885.0 819388.0 644088.0 819744.0 859342.0 813827.0 771158.0 0.0 770254.0 731584.0 1090000.0 744634.0 732219.0 711357.0 774750.0 787691.0 927131.0 734312.0 736769.0 793581.0 719741.0
151074.0 375916.0 809445.0 505916.0 741361.0 298337.0 73918.8 36847.8 36879.8 73855.0 184718.0 73823.1 295389.0 440733.0 448834.0 0.0 0.0 63770.0 371121.0 455169.0 0.0 0.0 0.0 377152.0 446165.0 251124.0 86845.1 170609.0 59318.2 77299.7 46860.4 37258.3 1516270.0 598449.0 1840270.0 3060900.0 3030710.0 3084600.0 3084630.0 3203610.0 4309470.0 4349060.0 4079940.0 4344000.0 3660560.0 403130.0 293113.0 214110.0 310994.0 203625.0 959936.0 598618.0 967099.0 771634.0 935990.0 725970.0 0.0 0.0 746874.0 829284.0 737944.0 783294.0 674202.0 800298.0 974456.0 960503.0 913099.0
85457.2 352586.0 576592.0 436606.0 641448.0 578384.0 185825.0 0.0 37164.3 185319.0 111053.0 37164.3 185098.0 74045.6 189216.0 194856.0 93861.9 179011.0 0.0 0.0 0.0 0.0 141081.0 89064.0 60682.1 60619.6 0.0 0.0 146327.0 154691.0 104100.0 0.0 2145810.0 1687830.0 2985640.0 2933000.0 3115570.0 3077800.0 2764180.0 4388660.0 4387390.0 3417630.0 4366780.0 4374800.0 4217750.0 3928500.0 3086920.0 883920.0 183563.0 163890.0 351055.0 513428.0 171189.0 0.0 185015.0 481631.0 879292.0 1038790.0 742148.0 0.0 0.0 0.0 0.0 824745.0 906132.0 779069.0 0.0
