Model Version1.4/trunk/input/2010/nfix_ag.asc
ncols 720
nrows 360
xllcorner -180.0
yllcorner -90.0
cellsize 0.5
NODATA_value -9999.0
[rows 90 to 119 of 360, columns 402 to 468 of 720]
1737260.0 752019.0 293984.0 1266050.0 425911.0 978842.0 1722820.0 1142210.0 1865790.0 2201280.0 1711150.0 2370790.0 3382930.0 3047820.0 2830540.0 1506450.0 80489.8 22491.3 -9999.0 -9999.0 -9999.0 -9999.0 -9999.0 -9999.0 367.198 891579.0 303837.0 105011.0 54934.6 -9999.0 -9999.0 -9999.0 154614.0 405389.0 584004.0 693664.0 772481.0 908910.0 636591.0 955868.0 810587.0 803886.0 654456.0 668151.0 859642.0 902139.0 1127440.0 1100240.0 1105420.0 764098.0 623336.0 621541.0 0.0 -9999.0 -9999.0 -9999.0 -9999.0 -9999.0 97911.5 152996.0 213052.0 639991.0 609347.0 456659.0 517549.0 610622.0 579715.0
1872320.0 355269.0 1177930.0 2873260.0 2854090.0 1896630.0 2989980.0 1949760.0 2212260.0 2758360.0 2528400.0 2530080.0 2406250.0 1866200.0 3317290.0 818884.0 -9999.0 -9999.0 -9999.0 -9999.0 -9999.0 -9999.0 -9999.0 -9999.0 -9999.0 17399.6 0.0 -9999.0 -9999.0 -9999.0 -9999.0 -9999.0 -9999.0 -9999.0 9967.7 93632.9 56986.1 299982.0 99368.3 396486.0 607167.0 821913.0 953236.0 825241.0 839893.0 932620.0 865888.0 1154010.0 1253610.0 947595.0 691955.0 953925.0 0.0 -9999.0 -9999.0 -9999.0 -9999.0 -9999.0 168732.0 509132.0 769300.0 769169.0 708101.0 462215.0 523110.0 799594.0 738874.0
1705140.0 726741.0 1061310.0 971022.0 1485570.0 1620450.0 2479820.0 2515040.0 2827440.0 2550470.0 1260680.0 250416.0 880385.0 194242.0 1299930.0 513812.0 -9999.0 -9999.0 -9999.0 -9999.0 -9999.0 -9999.0 -9999.0 -9999.0 -9999.0 -9999.0 -9999.0 -9999.0 -9999.0 -9999.0 -9999.0 -9999.0 -9999.0 -9999.0 -9999.0 -9999.0 0.0 60020.7 130908.0 159213.0 251083.0 327390.0 376732.0 498302.0 806324.0 1254620.0 1309520.0 1161520.0 1076370.0 1146100.0 1068020.0 1416470.0 1100650.0 0.0 -9999.0 -9999.0 -9999.0 -9999.0 -9999.0 -9999.0 648895.0 744162.0 806403.0 775282.0 744811.0 713388.0 775369.0
605430.0 1410170.0 682452.0 590041.0 571213.0 454580.0 880506.0 487960.0 1049440.0 864775.0 714300.0 922208.0 581207.0 648960.0 301288.0 33024.6 -9999.0 -9999.0 -9999.0 -9999.0 -9999.0 -9999.0 -9999.0 -9999.0 -9999.0 -9999.0 -9999.0 -9999.0 -9999.0 -9999.0 -9999.0 -9999.0 -9999.0 -9999.0 -9999.0 -9999.0 -9999.0 28374.2 38986.1 308125.0 274886.0 251691.0 250601.0 195628.0 158302.0 546107.0 1095720.0 1028250.0 954625.0 1187160.0 969435.0 1007360.0 1158690.0 -9999.0 -9999.0 -9999.0 -9999.0 -9999.0 -9999.0 -9999.0 187278.0 561499.0 813321.0 743948.0 782200.0 719832.0 531740.0
837972.0 665159.0 222104.0 484203.0 558287.0 435634.0 210737.0 321398.0 433486.0 223111.0 695142.0 757786.0 825922.0 401217.0 -9999.0 -9999.0 -9999.0 -9999.0 -9999.0 -9999.0 -9999.0 -9999.0 -9999.0 -9999.0 -9999.0 -9999.0 -9999.0 -9999.0 -9999.0 -9999.0 -9999.0 -9999.0 -9999.0 -9999.0 -9999.0 -9999.0 -9999.0 -9999.0 -9999.0 -9999.0 356054.0 555038.0 346807.0 283327.0 31765.2 222003.0 189768.0 223031.0 191060.0 127965.0 251434.0 411122.0 693801.0 356637.0 -9999.0 -9999.0 -9999.0 -9999.0 -9999.0 -9999.0 -9999.0 73481.1 219979.0 409896.0 725321.0 503646.0 378052.0
936260.0 1409510.0 365833.0 411624.0 563839.0 207599.0 1351680.0 1685960.0 1185370.0 1672510.0 1120490.0 1033930.0 813196.0 1005.51 -9999.0 -9999.0 -9999.0 -9999.0 -9999.0 -9999.0 -9999.0 -9999.0 -9999.0 -9999.0 -9999.0 -9999.0 -9999.0 -9999.0 62132.9 -9999.0 -9999.0 -9999.0 -9999.0 -9999.0 -9999.0 -9999.0 -9999.0 -9999.0 -9999.0 -9999.0 -9999.0 593925.0 883361.0 718508.0 226728.0 498368.0 533740.0 349742.0 413869.0 223013.0 226230.0 246114.0 434023.0 721623.0 444222.0 -9999.0 -9999.0 -9999.0 -9999.0 -9999.0 -9999.0 -9999.0 23786.1 539234.0 285441.0 317367.0 317409.0
547987.0 1129560.0 1198430.0 727589.0 349330.0 268840.0 73321.4 80456.4 629079.0 1064200.0 1675610.0 2882250.0 2871660.0 1597180.0 205184.0 -9999.0 -9999.0 -9999.0 -9999.0 -9999.0 -9999.0 -9999.0 385115.0 920915.0 491650.0 1156520.0 758910.0 870857.0 921896.0 820810.0 175073.0 -9999.0 -9999.0 -9999.0 -9999.0 -9999.0 -9999.0 -9999.0 -9999.0 -9999.0 -9999.0 315539.0 320257.0 437561.0 324952.0 420999.0 444969.0 686008.0 807508.0 989101.0 748823.0 356192.0 227185.0 320018.0 972244.0 739719.0 -9999.0 -9999.0 -9999.0 -9999.0 -9999.0 -9999.0 -9999.0 204082.0 -9999.0 0.0 256110.0
1265240.0 673170.0 823886.0 1352550.0 2044760.0 1390140.0 1643130.0 1342500.0 1549340.0 1420670.0 2666760.0 3021760.0 3089000.0 1979610.0 1321700.0 918354.0 710608.0 420367.0 530384.0 258156.0 281394.0 1318510.0 1469610.0 943923.0 790791.0 991303.0 1028260.0 838684.0 1735210.0 987798.0 1362020.0 1582720.0 415443.0 149215.0 -9999.0 -9999.0 151378.0 -9999.0 -9999.0 106558.0 1051890.0 306452.0 1015540.0 1713440.0 597344.0 689676.0 522651.0 754843.0 786348.0 1172480.0 692278.0 747690.0 581461.0 299097.0 411812.0 986743.0 317412.0 -9999.0 -9999.0 -9999.0 -9999.0 -9999.0 -9999.0 32174.6 -9999.0 -9999.0 0.0
1509520.0 1626190.0 3306720.0 3153800.0 1790090.0 1589330.0 741793.0 1110760.0 168074.0 560208.0 1951240.0 2078290.0 943979.0 184106.0 -9999.0 152784.0 790880.0 1484660.0 1979950.0 1745690.0 1112790.0 708384.0 1017640.0 1137970.0 1209410.0 988639.0 1157110.0 880508.0 987384.0 1244010.0 930232.0 925605.0 1438210.0 973838.0 723388.0 598634.0 526499.0 842407.0 846053.0 459788.0 413070.0 374672.0 974995.0 1686770.0 2104370.0 1173140.0 657428.0 437870.0 366956.0 611050.0 903801.0 890547.0 1282920.0 1156640.0 935823.0 494655.0 466576.0 226471.0 48513.2 -9999.0 -9999.0 -9999.0 -9999.0 97834.9 293424.0 65250.4 0.0
1942200.0 951161.0 1419030.0 916688.0 867077.0 622997.0 77040.2 -9999.0 -9999.0 241897.0 645021.0 704121.0 1224790.0 1180100.0 1481110.0 1171540.0 984764.0 1116070.0 1496200.0 1116500.0 822000.0 674880.0 799195.0 810566.0 691316.0 1206260.0 1295310.0 1013940.0 691121.0 790632.0 815819.0 432941.0 313499.0 407977.0 502637.0 310367.0 473997.0 782882.0 730409.0 403097.0 805194.0 849681.0 592126.0 810806.0 773800.0 1249030.0 1537930.0 777954.0 461914.0 509196.0 295052.0 604973.0 1888100.0 1488270.0 1634940.0 967112.0 634331.0 270221.0 259624.0 -9999.0 -9999.0 -9999.0 -9999.0 415073.0 786079.0 654649.0 491643.0
829059.0 1907670.0 1990490.0 1326710.0 32701.6 127304.0 -9999.0 -9999.0 395537.0 -9999.0 948435.0 678875.0 787182.0 1003690.0 1469860.0 729871.0 931440.0 938308.0 993979.0 1315770.0 931628.0 973672.0 1283990.0 1199820.0 1255140.0 1546560.0 1358690.0 1206410.0 1239710.0 821781.0 612210.0 980899.0 1007350.0 535102.0 426745.0 405134.0 576624.0 581590.0 737859.0 652800.0 785536.0 804194.0 432713.0 805417.0 1006170.0 880846.0 1125820.0 1357230.0 576174.0 495922.0 361423.0 411340.0 1108140.0 1800140.0 1535160.0 1690870.0 826668.0 -9999.0 -9999.0 -9999.0 -9999.0 -9999.0 -9999.0 -9999.0 9266.55 98882.9 484342.0
779582.0 1775790.0 2968200.0 1303080.0 272275.0 29982.9 -9999.0 -9999.0 -9999.0 7898.4 787980.0 613994.0 950340.0 821945.0 637712.0 643160.0 1002420.0 1177970.0 1200920.0 812773.0 1874040.0 1353640.0 1772530.0 1583830.0 1544290.0 1503730.0 1560410.0 1801150.0 1679130.0 995170.0 1270630.0 1314500.0 1122060.0 813513.0 792923.0 695812.0 482441.0 399510.0 459222.0 469037.0 724437.0 900340.0 1276040.0 1465810.0 848122.0 794593.0 1135340.0 1583820.0 1126940.0 709432.0 368374.0 609239.0 1599180.0 1361120.0 1082380.0 1507710.0 494807.0 -9999.0 -9999.0 -9999.0 -9999.0 -9999.0 -9999.0 -9999.0 0.0 0.0 33146.9
1252800.0 611305.0 1006390.0 1292590.0 994888.0 871193.0 204184.0 46711.9 -9999.0 105595.0 114333.0 539655.0 940890.0 1804150.0 1078410.0 833034.0 1493480.0 1020040.0 1225870.0 1338370.0 950083.0 1459420.0 1617000.0 1966680.0 988919.0 1565670.0 1539480.0 1503240.0 1034560.0 1163180.0 1092360.0 883621.0 931382.0 977564.0 1339490.0 1153740.0 1377100.0 1205910.0 863903.0 717283.0 632070.0 1049120.0 1233130.0 539778.0 662807.0 761978.0 893491.0 1315280.0 1549290.0 1380880.0 851643.0 896940.0 1138720.0 1390540.0 806550.0 486270.0 0.0 -9999.0 -9999.0 -9999.0 -9999.0 -9999.0 -9999.0 -9999.0 -9999.0 0.0 0.0
1112070.0 1122650.0 898406.0 972183.0 1704910.0 1478010.0 552353.0 84116.2 -9999.0 150218.0 501361.0 414646.0 967966.0 840940.0 805907.0 862010.0 1101350.0 1420460.0 1015360.0 743275.0 1098980.0 1323620.0 1180890.0 1809290.0 1836450.0 2059610.0 1471450.0 1470530.0 1284500.0 985965.0 665876.0 903877.0 1200910.0 980793.0 1193460.0 730932.0 1038990.0 1375370.0 1836870.0 1510740.0 1259960.0 672890.0 438772.0 400610.0 653800.0 721718.0 812860.0 1979250.0 1027450.0 1945460.0 1386400.0 1446100.0 1413430.0 1290960.0 1711390.0 783296.0 -9999.0 -9999.0 -9999.0 -9999.0 -9999.0 -9999.0 -9999.0 -9999.0 -9999.0 0.0 33656.9
1574400.0 1600250.0 1109110.0 1911040.0 611035.0 519338.0 213605.0 239156.0 92191.3 -9999.0 114028.0 210160.0 832908.0 1065800.0 853474.0 938571.0 1086790.0 872958.0 801999.0 704373.0 498029.0 975523.0 797844.0 2228540.0 1639290.0 1717110.0 1998720.0 881163.0 436248.0 402615.0 442741.0 675766.0 747503.0 1122170.0 1475350.0 1466240.0 1692800.0 1550110.0 1875970.0 1992080.0 1587670.0 1009390.0 863692.0 434755.0 377489.0 504963.0 818470.0 1323590.0 942365.0 1023770.0 1349440.0 1508810.0 1614170.0 1470230.0 1362390.0 923626.0 383398.0 -9999.0 -9999.0 -9999.0 -9999.0 -9999.0 -9999.0 -9999.0 -9999.0 0.0 102123.0
-9999.0 1280850.0 1065120.0 863224.0 363137.0 -9999.0 -9999.0 8300.99 341667.0 107615.0 -9999.0 24149.6 312063.0 372296.0 476081.0 318319.0 625871.0 1193210.0 938379.0 693898.0 278629.0 462388.0 684559.0 969611.0 1501960.0 1140750.0 416023.0 457964.0 1403360.0 3002580.0 1748210.0 1025210.0 1369460.0 1566160.0 1723820.0 1397110.0 1476270.0 1844660.0 1759230.0 1504630.0 1547120.0 1846010.0 2036130.0 961480.0 912184.0 613334.0 512982.0 858513.0 1740640.0 1005570.0 2438680.0 1503550.0 1501090.0 1720980.0 1336170.0 1099940.0 1748800.0 2145360.0 735083.0 -9999.0 -9999.0 -9999.0 -9999.0 -9999.0 -9999.0 24951.3 1376320.0
-9999.0 497531.0 448492.0 1114910.0 159119.0 -9999.0 84773.3 95294.8 107293.0 18106.4 28746.9 0.0 218620.0 157232.0 934007.0 636032.0 508955.0 742878.0 494549.0 1062350.0 782486.0 444869.0 478255.0 644649.0 591289.0 708431.0 717513.0 1160570.0 2071620.0 1411220.0 805298.0 1292740.0 1857070.0 1820070.0 1244960.0 1835500.0 1699060.0 947097.0 1216400.0 1374700.0 1440590.0 1340980.0 1205380.0 1134530.0 989982.0 588752.0 666783.0 537651.0 1914650.0 1586220.0 1859350.0 1116210.0 1223650.0 1273360.0 1509270.0 1307890.0 1234000.0 1186940.0 1106010.0 1122680.0 331854.0 306009.0 0.0 485163.0 935850.0 987647.0 1557960.0
-9999.0 -9999.0 31704.2 119871.0 107519.0 -9999.0 -9999.0 -9999.0 56986.1 -9999.0 -9999.0 -9999.0 -9999.0 460834.0 383087.0 -9999.0 312688.0 242396.0 512668.0 0.0 -9999.0 -9999.0 788645.0 545055.0 453466.0 494751.0 265132.0 -9999.0 -9999.0 247153.0 2479450.0 1266350.0 1323370.0 1303390.0 831243.0 537451.0 553338.0 1128630.0 1158040.0 1229040.0 743011.0 1151410.0 996806.0 801389.0 1279640.0 1227290.0 1141450.0 884401.0 1294440.0 1378140.0 1165310.0 1424930.0 1214430.0 1306550.0 1952530.0 1723220.0 1748160.0 1952180.0 1939090.0 1106820.0 941015.0 1113590.0 1015400.0 840907.0 629594.0 979046.0 759360.0
-9999.0 -9999.0 -9999.0 -9999.0 -9999.0 168733.0 114027.0 -9999.0 -9999.0 -9999.0 -9999.0 -9999.0 126696.0 113769.0 -9999.0 -9999.0 -9999.0 -9999.0 -9999.0 -9999.0 -9999.0 -9999.0 -9999.0 -9999.0 -9999.0 -9999.0 0.0 -9999.0 -9999.0 467317.0 1180070.0 1291920.0 1288740.0 1296850.0 1128010.0 1212170.0 998924.0 960793.0 806768.0 1110130.0 568926.0 317067.0 549665.0 278733.0 980914.0 1520530.0 2953510.0 870908.0 1096720.0 875473.0 1204470.0 1234600.0 1430940.0 1701600.0 1651230.0 1620230.0 1623570.0 1785940.0 1332660.0 1707770.0 1492920.0 1248010.0 1257200.0 1058150.0 930350.0 661479.0 421101.0
-9999.0 -9999.0 -9999.0 -9999.0 -9999.0 931340.0 898832.0 1497710.0 2508000.0 1026060.0 463369.0 -9999.0 51517.4 -9999.0 -9999.0 -9999.0 -9999.0 -9999.0 -9999.0 -9999.0 -9999.0 -9999.0 0.0 151081.0 537308.0 440875.0 23461.1 -9999.0 -9999.0 298282.0 1338700.0 1364990.0 1238460.0 1263660.0 1121090.0 805675.0 665089.0 351393.0 1064300.0 474835.0 387398.0 105377.0 175373.0 209072.0 644691.0 1822680.0 2680350.0 2419640.0 1229070.0 1226950.0 1565340.0 1359950.0 1717620.0 1755200.0 1988900.0 2511410.0 1771910.0 1462720.0 1329720.0 1019900.0 991353.0 1455090.0 740488.0 523481.0 159845.0 140131.0 174920.0
-9999.0 -9999.0 -9999.0 -9999.0 -9999.0 -9999.0 -9999.0 149862.0 -9999.0 -9999.0 -9999.0 -9999.0 -9999.0 -9999.0 -9999.0 -9999.0 -9999.0 -9999.0 -9999.0 -9999.0 -9999.0 -9999.0 74150.1 155407.0 108510.0 167525.0 -9999.0 -9999.0 -9999.0 220439.0 916184.0 1286450.0 1244710.0 879643.0 950453.0 669125.0 635618.0 812080.0 741397.0 948684.0 422198.0 140920.0 105556.0 140738.0 327013.0 754450.0 1158520.0 1811790.0 2129700.0 1764910.0 1543360.0 1456150.0 1557630.0 1737110.0 1954640.0 1454390.0 1842140.0 1243360.0 1348000.0 1174610.0 521821.0 177029.0 175999.0 140813.0 247153.0 141134.0 105912.0
-9999.0 -9999.0 -9999.0 -9999.0 -9999.0 -9999.0 -9999.0 -9999.0 -9999.0 -9999.0 -9999.0 -9999.0 -9999.0 -9999.0 -9999.0 -9999.0 -9999.0 -9999.0 -9999.0 -9999.0 -9999.0 -9999.0 -9999.0 -9999.0 -9999.0 -9999.0 -9999.0 -9999.0 -9999.0 262921.0 723573.0 931059.0 708815.0 532159.0 496384.0 957160.0 922337.0 638788.0 850683.0 553736.0 423854.0 315426.0 266448.0 71820.3 176378.0 474684.0 1438160.0 1441960.0 1747690.0 1289190.0 1339820.0 1209090.0 1349490.0 1624550.0 1938600.0 1933230.0 1527950.0 2285910.0 1155210.0 533936.0 533734.0 155223.0 142263.0 106408.0 213201.0 35398.8 106548.0
-9999.0 -9999.0 -9999.0 -9999.0 -9999.0 -9999.0 -9999.0 -9999.0 -9999.0 -9999.0 -9999.0 -9999.0 -9999.0 -9999.0 -9999.0 -9999.0 -9999.0 -9999.0 -9999.0 -9999.0 -9999.0 -9999.0 -9999.0 -9999.0 -9999.0 -9999.0 -9999.0 -9999.0 189979.0 884646.0 1149880.0 1098350.0 674766.0 891169.0 891091.0 1032740.0 961549.0 463012.0 142462.0 107176.0 71427.4 71565.7 178164.0 393814.0 180786.0 231769.0 1588290.0 2025210.0 1381660.0 896473.0 1046150.0 1427210.0 975760.0 1280870.0 1598140.0 1810610.0 1723550.0 1601700.0 1308670.0 545394.0 601945.0 545111.0 489778.0 214593.0 178463.0 35713.7 142646.0
-9999.0 -9999.0 -9999.0 -9999.0 -9999.0 -9999.0 -9999.0 -9999.0 -9999.0 -9999.0 -9999.0 -9999.0 -9999.0 -9999.0 -9999.0 -9999.0 -9999.0 -9999.0 -9999.0 -9999.0 -9999.0 -9999.0 -9999.0 -9999.0 -9999.0 -9999.0 -9999.0 -9999.0 915198.0 1122700.0 1363480.0 724938.0 573878.0 571933.0 858794.0 465087.0 179448.0 143391.0 71619.1 71874.6 71874.5 107403.0 143886.0 111030.0 454949.0 795821.0 1342380.0 1272830.0 1261300.0 353606.0 630209.0 951963.0 1224190.0 1197730.0 1227050.0 972731.0 1226440.0 1510130.0 1306800.0 417471.0 496919.0 339857.0 319363.0 184721.0 71634.6 107521.0 107692.0
746185.0 1140870.0 1015520.0 630594.0 92096.4 -9999.0 -9999.0 -9999.0 -9999.0 -9999.0 -9999.0 -9999.0 -9999.0 -9999.0 -9999.0 -9999.0 -9999.0 -9999.0 -9999.0 -9999.0 -9999.0 -9999.0 -9999.0 -9999.0 -9999.0 -9999.0 -9999.0 209223.0 673508.0 768258.0 1343330.0 1242890.0 936472.0 432643.0 144075.0 108057.0 107948.0 143478.0 108507.0 36090.3 72213.9 72281.7 72180.6 144293.0 140638.0 160544.0 1664540.0 1595680.0 1247030.0 535815.0 1108740.0 1292650.0 913963.0 1287570.0 1348570.0 763332.0 884489.0 886578.0 1239460.0 1081970.0 817809.0 1769770.0 414029.0 108266.0 108271.0 180519.0 144327.0
1282150.0 1210050.0 1374760.0 1325920.0 759821.0 406661.0 -9999.0 -9999.0 -9999.0 -9999.0 -9999.0 -9999.0 -9999.0 -9999.0 -9999.0 -9999.0 -9999.0 -9999.0 -9999.0 -9999.0 -9999.0 -9999.0 -9999.0 -9999.0 -9999.0 -9999.0 -9999.0 615841.0 1032680.0 1363340.0 750423.0 459304.0 181085.0 181518.0 72636.0 108921.0 363055.0 363135.0 181458.0 108675.0 72616.5 108267.0 108068.0 71875.2 143856.0 142854.0 1097660.0 1498840.0 724888.0 799061.0 651153.0 1360200.0 2205460.0 2404950.0 2676770.0 2493470.0 954212.0 953416.0 989919.0 1901090.0 1189690.0 949450.0 524000.0 285340.0 72550.2 213786.0 294223.0
1329070.0 1355670.0 783666.0 415237.0 182123.0 255324.0 436581.0 642890.0 257585.0 3933030.0 2666830.0 -9999.0 -9999.0 -9999.0 -9999.0 -9999.0 -9999.0 -9999.0 -9999.0 -9999.0 1890310.0 -9999.0 -9999.0 -9999.0 -9999.0 -9999.0 -9999.0 1228510.0 487329.0 1672190.0 252193.0 143543.0 181074.0 435201.0 509244.0 145404.0 0.0 0.0 72849.3 474114.0 109570.0 72882.3 109406.0 146127.0 72109.8 109340.0 579573.0 1341950.0 761968.0 508466.0 1335430.0 1822310.0 3310590.0 1243520.0 2003920.0 3103090.0 1581180.0 1339500.0 1005160.0 1251040.0 1416320.0 750367.0 220689.0 73177.8 76265.6 382537.0 767822.0
112302.0 1052700.0 0.0 0.0 0.0 0.0 0.0 0.0 0.0 0.0 0.0 0.0 23364.6 8572020.0 3398330.0 569815.0 -9999.0 3897520.0 14571300.0 14273500.0 13472800.0 8124020.0 1914340.0 816823.0 1277130.0 2145280.0 11849700.0 1787800.0 756149.0 550211.0 109992.0 142793.0 511553.0 330761.0 771550.0 880896.0 624191.0 36783.5 0.0 0.0 146695.0 441047.0 110156.0 73405.3 73340.6 109962.0 35748.7 260623.0 876166.0 438838.0 1279860.0 336851.0 1727510.0 1845770.0 2212350.0 1865490.0 1462640.0 1356530.0 1074180.0 1159060.0 1387070.0 1071560.0 693352.0 524419.0 273564.0 312568.0 266999.0
0.0 0.0 0.0 0.0 0.0 36975.3 0.0 0.0 0.0 0.0 0.0 0.0 0.0 0.0 0.0 2455.02 225249.0 1390740.0 4217640.0 17593600.0 19483600.0 17936700.0 3757260.0 36815.7 0.0 0.0 47410.4 36815.7 76823.5 222049.0 110646.0 184292.0 147757.0 0.0 0.0 663930.0 885463.0 221195.0 0.0 480266.0 626571.0 737286.0 663916.0 332185.0 36815.7 36975.3 36847.8 36763.6 83700.8 116131.0 287440.0 539805.0 606247.0 496736.0 1024050.0 1878620.0 1696340.0 999068.0 1460710.0 1374630.0 1422930.0 1311920.0 1276870.0 989960.0 496066.0 245198.0 110575.0
0.0 0.0 0.0 0.0 0.0 37007.0 0.0 0.0 0.0 0.0 0.0 0.0 0.0 0.0 0.0 0.0 0.0 0.0 0.0 5012140.0 14199000.0 2411810.0 1187620.0 326096.0 0.0 0.0 0.0 0.0 73996.1 114418.0 73933.1 110963.0 148118.0 0.0 0.0 0.0 0.0 74045.6 222406.0 259679.0 445217.0 742250.0 667440.0 630610.0 519264.0 185361.0 37016.9 37164.2 36922.5 37038.6 74086.8 111116.0 146963.0 584935.0 670794.0 758362.0 253128.0 2267380.0 776134.0 975575.0 1252690.0 1430200.0 1669690.0 1614420.0 968053.0 722066.0 390259.0
