Model Version1.4/trunk/input/2010/nfix_ag.asc
ncols 720
nrows 360
xllcorner -180.0
yllcorner -90.0
cellsize 0.5
NODATA_value -9999.0
[rows 150 to 179 of 360, columns 402 to 468 of 720]
1286290.0 1203710.0 1422240.0 1473040.0 1376250.0 1441730.0 1162130.0 788591.0 539996.0 664443.0 456437.0 248989.0 207671.0 207558.0 290768.0 290720.0 871441.0 788810.0 581008.0 373608.0 664473.0 622110.0 827426.0 2178900.0 2428620.0 1517450.0 1516830.0 1537950.0 1503510.0 1477500.0 1464270.0 1494960.0 1494690.0 1408480.0 1311190.0 1618690.0 1549760.0 1494390.0 1393910.0 931861.0 207353.0 -9999.0 -9999.0 150340.0 1455540.0 987877.0 2686290.0 1142160.0 1167610.0 1054200.0 542755.0 456271.0 954182.0 912301.0 828094.0 912144.0 569270.0 0.0 84090.8 -9999.0 -9999.0 -9999.0 -9999.0 -9999.0 -9999.0 -9999.0 -9999.0
1449290.0 1401450.0 1265230.0 1498340.0 1416460.0 1247540.0 1165340.0 1247280.0 1142560.0 998476.0 707572.0 832580.0 1065000.0 1024010.0 957166.0 1247970.0 1286580.0 1370590.0 1245820.0 331412.0 249487.0 1367840.0 1735090.0 2594750.0 2333630.0 2112160.0 1605980.0 1105740.0 1495040.0 1400260.0 1143380.0 1118480.0 995854.0 1569660.0 893842.0 1063530.0 906193.0 590089.0 415970.0 1122800.0 1324490.0 107466.0 -9999.0 0.0 1308020.0 954877.0 2533400.0 1665480.0 1267640.0 1103120.0 1249890.0 1123140.0 748349.0 249559.0 378668.0 471266.0 -9999.0 -9999.0 -9999.0 -9999.0 -9999.0 -9999.0 -9999.0 -9999.0 -9999.0 -9999.0 -9999.0
1576340.0 1496670.0 1382660.0 1267430.0 1548600.0 1333680.0 980503.0 1271450.0 1374200.0 1334030.0 1304990.0 1250790.0 1250550.0 1291740.0 1345120.0 1316900.0 1289000.0 1428350.0 1324220.0 1080110.0 1083640.0 1573100.0 1708490.0 2039330.0 1605310.0 1981830.0 1503810.0 1137670.0 1267950.0 1235590.0 1474280.0 968357.0 429334.0 649294.0 607085.0 1220110.0 1037560.0 542843.0 166923.0 41738.1 1083680.0 1286980.0 251136.0 27181.0 728076.0 1044110.0 1115970.0 1244700.0 1314610.0 1175050.0 1211170.0 631855.0 402355.0 108475.0 -9999.0 -9999.0 -9999.0 -9999.0 -9999.0 -9999.0 -9999.0 -9999.0 -9999.0 -9999.0 -9999.0 -9999.0 -9999.0
1525320.0 1351200.0 1581170.0 1516510.0 1153310.0 1052480.0 970890.0 1097130.0 1448080.0 1340000.0 1253840.0 1253250.0 1342510.0 1393560.0 1353540.0 1306670.0 1483820.0 1497500.0 1442540.0 1420920.0 1519760.0 1549340.0 1516190.0 1772860.0 1520110.0 1713030.0 1189200.0 1435690.0 982914.0 1458050.0 1159800.0 544190.0 507593.0 449174.0 339714.0 861890.0 639580.0 449973.0 250832.0 41752.7 83562.9 1002190.0 0.0 160048.0 442368.0 1030350.0 1123820.0 934393.0 911381.0 166772.0 94642.1 106109.0 -9999.0 -9999.0 -9999.0 -9999.0 -9999.0 -9999.0 -9999.0 -9999.0 -9999.0 -9999.0 -9999.0 -9999.0 -9999.0 -9999.0 -9999.0
1568410.0 1355970.0 1470680.0 1000570.0 940206.0 1064050.0 1163030.0 1128890.0 1432550.0 1399480.0 1393480.0 1262310.0 1261050.0 1349990.0 1450600.0 1532970.0 1483110.0 1569020.0 1436380.0 1310030.0 1189870.0 1182310.0 1172140.0 1638600.0 977242.0 950138.0 1766490.0 1190480.0 355654.0 698388.0 971110.0 460196.0 733010.0 757326.0 917129.0 534528.0 316409.0 600902.0 335093.0 167547.0 41852.3 83626.9 1046640.0 0.0 206243.0 406102.0 328028.0 266190.0 98211.4 -9999.0 -9999.0 -9999.0 -9999.0 -9999.0 -9999.0 -9999.0 -9999.0 -9999.0 -9999.0 -9999.0 -9999.0 -9999.0 -9999.0 -9999.0 61460.0 108858.0 82817.7
1189190.0 1629330.0 1537020.0 1457920.0 1281020.0 1343390.0 1289080.0 1217860.0 1516400.0 1470530.0 1536310.0 1317990.0 1311490.0 1550540.0 1269870.0 1497220.0 1582050.0 1666760.0 1151310.0 1490190.0 1416210.0 1655240.0 1152370.0 1064630.0 667462.0 843269.0 1310350.0 1192510.0 209883.0 629237.0 530960.0 668476.0 1397660.0 1279040.0 715170.0 480139.0 285632.0 854040.0 671357.0 209670.0 167816.0 41987.0 419882.0 754977.0 1036010.0 -9999.0 -9999.0 -9999.0 -9999.0 -9999.0 -9999.0 -9999.0 -9999.0 -9999.0 -9999.0 -9999.0 -9999.0 -9999.0 -9999.0 -9999.0 -9999.0 -9999.0 -9999.0 -9999.0 0.0 101448.0 74817.3
1355980.0 1451820.0 1128580.0 1181770.0 1210320.0 1638480.0 1366150.0 1404300.0 1123110.0 1704430.0 1256460.0 1363280.0 1387400.0 1551330.0 1572470.0 1704740.0 1582130.0 1707430.0 1782440.0 1417040.0 1164030.0 1654980.0 1638450.0 903484.0 818751.0 1964700.0 1784870.0 1659740.0 844292.0 420256.0 508632.0 1020620.0 1487790.0 2098010.0 499520.0 458007.0 619329.0 812241.0 1134880.0 294306.0 279518.0 350854.0 1050500.0 1075240.0 293942.0 -9999.0 -9999.0 -9999.0 -9999.0 -9999.0 -9999.0 -9999.0 -9999.0 -9999.0 -9999.0 -9999.0 -9999.0 -9999.0 0.0 0.0 378358.0 -9999.0 -9999.0 -9999.0 -9999.0 -9999.0 -9999.0
1256620.0 1588110.0 1496300.0 1720080.0 1256050.0 1862330.0 1987480.0 1903560.0 1365830.0 1869860.0 942917.0 1387760.0 1748210.0 1109440.0 1854380.0 1637340.0 1476320.0 1567950.0 1351200.0 1349900.0 1458660.0 1512010.0 1579590.0 1709350.0 1898660.0 1657900.0 1796150.0 1655100.0 467878.0 480084.0 624323.0 2058710.0 2137800.0 540536.0 388163.0 270215.0 299184.0 640396.0 589244.0 303092.0 358494.0 371548.0 126159.0 1193200.0 1033270.0 85806.8 -9999.0 -9999.0 -9999.0 -9999.0 -9999.0 -9999.0 0.0 0.0 0.0 0.0 0.0 951054.0 0.0 0.0 249632.0 -9999.0 -9999.0 -9999.0 -9999.0 -9999.0 -9999.0
1230460.0 867787.0 1053810.0 1189300.0 1441520.0 1708160.0 1822730.0 1854520.0 1191900.0 1765600.0 1890340.0 1064940.0 1690990.0 1727990.0 1754400.0 1632850.0 1715830.0 1568480.0 1189960.0 1377820.0 1526710.0 1686540.0 1696210.0 1737750.0 1815150.0 1594860.0 1191910.0 715598.0 803577.0 807838.0 1040220.0 1602010.0 2117680.0 1872980.0 1245330.0 418516.0 314316.0 932782.0 308112.0 632968.0 337518.0 295389.0 84379.6 379678.0 1054390.0 843267.0 98009.8 -9999.0 0.0 0.0 0.0 0.0 926028.0 1012250.0 843296.0 885570.0 0.0 885478.0 0.0 0.0 207486.0 -9999.0 -9999.0 -9999.0 -9999.0 -9999.0 -9999.0
1038370.0 565495.0 1099550.0 1248800.0 1263160.0 1520520.0 1035200.0 917463.0 1088500.0 1739960.0 1695230.0 1741730.0 1680030.0 1826800.0 1242620.0 1650170.0 1646350.0 1637330.0 1393840.0 1479560.0 1654240.0 1117270.0 1731730.0 1820540.0 1815880.0 1663640.0 946180.0 662598.0 727666.0 1027180.0 1036030.0 990050.0 1205820.0 2054600.0 769219.0 342890.0 346954.0 759353.0 274204.0 671242.0 633624.0 253489.0 169030.0 508620.0 1141830.0 1054820.0 981665.0 407158.0 464959.0 380289.0 675796.0 718138.0 1140370.0 971561.0 1055290.0 970804.0 971733.0 0.0 0.0 0.0 102518.0 -9999.0 -9999.0 -9999.0 -9999.0 -9999.0 -9999.0
390274.0 312079.0 325000.0 309552.0 313567.0 976595.0 508732.0 0.0 507737.0 1564570.0 1641830.0 1640550.0 1234730.0 1614430.0 1584540.0 1606160.0 1626660.0 1645110.0 1595240.0 1612130.0 1693450.0 1649420.0 1343800.0 1757800.0 1667270.0 1501880.0 897775.0 1137740.0 1387950.0 1055230.0 1033380.0 1381660.0 1506630.0 1022140.0 1236050.0 980594.0 1467240.0 840919.0 84580.4 0.0 253868.0 892542.0 646538.0 680327.0 1233700.0 1163170.0 1024980.0 1102610.0 1108000.0 1097180.0 1100000.0 973158.0 888545.0 1099860.0 972738.0 1140800.0 1014900.0 1057750.0 0.0 0.0 -9999.0 -9999.0 -9999.0 -9999.0 -9999.0 -9999.0 -9999.0
0.0 297406.0 298348.0 274357.0 131540.0 1016610.0 1188550.0 1017200.0 1186570.0 1594240.0 1502740.0 1634560.0 1628150.0 1702760.0 1585580.0 1259770.0 1568220.0 1522580.0 896543.0 806043.0 1459480.0 1412080.0 1390130.0 1208180.0 1495100.0 1452150.0 863309.0 1499680.0 1697150.0 1636410.0 1143280.0 1129420.0 1273070.0 1173650.0 1753940.0 1249710.0 1361650.0 434243.0 638950.0 835060.0 1338520.0 1127010.0 344435.0 738223.0 1125660.0 1072380.0 1145990.0 1058630.0 1059000.0 1142820.0 1063110.0 931939.0 974520.0 1101730.0 1059170.0 1016880.0 974110.0 974500.0 932118.0 0.0 -9999.0 -9999.0 -9999.0 -9999.0 -9999.0 -9999.0 -9999.0
127350.0 84820.0 84815.9 0.0 0.0 509002.0 933224.0 1103300.0 1103240.0 1350820.0 890155.0 1383370.0 1615290.0 1517730.0 1576450.0 1014740.0 1551360.0 1444530.0 254930.0 0.0 1110080.0 1664160.0 1586280.0 1488100.0 1452450.0 1506320.0 1108320.0 1222800.0 1517340.0 1511300.0 1044760.0 1110860.0 1259590.0 1771440.0 2347560.0 1556070.0 1370900.0 1160250.0 969709.0 1183540.0 395629.0 985291.0 87502.4 0.0 169661.0 806210.0 509143.0 848428.0 1059710.0 1272460.0 1272790.0 1060690.0 891211.0 806191.0 848675.0 678843.0 848014.0 1060450.0 0.0 -9999.0 -9999.0 -9999.0 -9999.0 -9999.0 -9999.0 -9999.0 -9999.0
85001.4 42500.7 0.0 0.0 0.0 0.0 382255.0 764573.0 1189620.0 1253080.0 0.0 764817.0 1374280.0 1587930.0 1445670.0 1607680.0 1485330.0 1108840.0 795892.0 1054330.0 1456910.0 1629430.0 1613270.0 1510690.0 1697320.0 772252.0 0.0 910660.0 685997.0 826477.0 692369.0 1141300.0 918554.0 1849420.0 2165220.0 1586630.0 1416940.0 1022430.0 935626.0 720862.0 720971.0 936380.0 303661.0 0.0 212530.0 637145.0 637296.0 594947.0 637376.0 721293.0 891096.0 1146370.0 1232220.0 1147250.0 1019810.0 892414.0 1019890.0 806073.0 319430.0 -9999.0 -9999.0 -9999.0 -9999.0 -9999.0 -9999.0 -9999.0 -9999.0
42518.1 0.0 0.0 0.0 0.0 0.0 0.0 0.0 723131.0 1380320.0 1326920.0 1233500.0 1235290.0 1519960.0 1561100.0 1313770.0 1567440.0 1592620.0 1707610.0 1273060.0 1202010.0 1547810.0 1539900.0 1318490.0 1190960.0 467857.0 128178.0 474120.0 355927.0 867758.0 655150.0 1033340.0 1071280.0 1745250.0 2238510.0 1064040.0 87796.8 1263300.0 947527.0 765398.0 722921.0 849688.0 85104.0 85112.3 638204.0 596797.0 638221.0 638078.0 595601.0 595569.0 595585.0 595518.0 595585.0 935756.0 1233690.0 1233160.0 1233200.0 762256.0 -9999.0 -9999.0 -9999.0 -9999.0 -9999.0 -9999.0 -9999.0 -9999.0 -9999.0
85176.6 0.0 0.0 0.0 0.0 0.0 0.0 0.0 212858.0 851631.0 1192540.0 1192470.0 1107230.0 1327360.0 1242790.0 1461470.0 1579040.0 1493250.0 1234290.0 1201980.0 1546850.0 1547840.0 1497440.0 1499440.0 1550970.0 1524940.0 894921.0 809088.0 503469.0 703418.0 555225.0 341659.0 494584.0 1792770.0 2419570.0 1605110.0 76290.5 791715.0 932454.0 674861.0 595923.0 638798.0 553683.0 383345.0 638883.0 638930.0 638742.0 638836.0 638750.0 596251.0 596338.0 596314.0 851899.0 1234310.0 1276490.0 1234530.0 1103570.0 156318.0 -9999.0 -9999.0 -9999.0 -9999.0 -9999.0 -9999.0 -9999.0 -9999.0 -9999.0
42575.8 50557.3 0.0 0.0 0.0 0.0 0.0 0.0 0.0 0.0 682054.0 1151160.0 895478.0 1350020.0 42637.7 84972.5 916192.0 1582700.0 1416610.0 987316.0 1509330.0 1236700.0 1455640.0 1552800.0 895093.0 767213.0 686066.0 298536.0 562814.0 328364.0 468250.0 394185.0 471823.0 1715120.0 1941160.0 1655790.0 152537.0 342344.0 426029.0 519729.0 595943.0 596802.0 383723.0 639513.0 724619.0 682238.0 639244.0 639556.0 639402.0 639498.0 596831.0 767454.0 1148950.0 1193050.0 1236000.0 1108430.0 498272.0 -9999.0 -9999.0 -9999.0 -9999.0 -9999.0 -9999.0 -9999.0 -9999.0 -9999.0 -9999.0
47576.7 42612.0 42664.7 0.0 0.0 0.0 0.0 0.0 0.0 0.0 213324.0 1152260.0 1194650.0 1199610.0 597231.0 212774.0 510920.0 1416160.0 1536770.0 1550590.0 1536820.0 1613720.0 1462680.0 1523040.0 42973.7 0.0 0.0 896186.0 938921.0 387665.0 685380.0 531579.0 716939.0 715747.0 806247.0 430554.0 195396.0 301668.0 469545.0 597855.0 639793.0 554756.0 728793.0 815516.0 855776.0 640108.0 682890.0 682794.0 640257.0 640264.0 853451.0 1237620.0 1109550.0 1023940.0 938777.0 1109520.0 136955.0 -9999.0 -9999.0 -9999.0 -9999.0 -9999.0 -9999.0 -9999.0 -9999.0 -9999.0 -9999.0
85330.4 85349.1 0.0 0.0 0.0 0.0 0.0 0.0 0.0 0.0 0.0 128106.0 971981.0 1206690.0 1065430.0 1281050.0 1193880.0 1364320.0 1529130.0 1458690.0 1520320.0 517134.0 515239.0 986454.0 0.0 0.0 0.0 985391.0 982531.0 256293.0 512530.0 354253.0 871090.0 864844.0 597053.0 361305.0 654287.0 597616.0 512655.0 555323.0 683448.0 683744.0 555242.0 640829.0 684368.0 684033.0 731344.0 683429.0 726173.0 897048.0 1238350.0 1281080.0 1110650.0 811641.0 854348.0 657461.0 -9999.0 -9999.0 -9999.0 -9999.0 -9999.0 -9999.0 -9999.0 -9999.0 -9999.0 -9999.0 -9999.0
152927.0 94294.3 0.0 0.0 0.0 0.0 0.0 812015.0 47009.8 44018.1 174977.0 0.0 622367.0 1260600.0 1245090.0 1154000.0 1329940.0 1220720.0 1325530.0 1457150.0 1535410.0 0.0 0.0 770369.0 1563290.0 1521540.0 1239040.0 912783.0 1111210.0 854265.0 385229.0 652264.0 701730.0 649729.0 725321.0 512954.0 512666.0 855013.0 726914.0 855149.0 684057.0 641252.0 598520.0 598434.0 641205.0 598467.0 644299.0 733069.0 940611.0 1282080.0 1282530.0 1282450.0 1282570.0 1197030.0 1009080.0 87363.8 -9999.0 -9999.0 -9999.0 -9999.0 -9999.0 -9999.0 -9999.0 -9999.0 -9999.0 -9999.0 -9999.0
206686.0 152242.0 78260.8 203110.0 85081.5 66359.6 42748.3 42763.9 0.0 0.0 0.0 0.0 45760.3 713057.0 1643250.0 1505080.0 1285390.0 1081800.0 1266970.0 1308420.0 1369820.0 1030820.0 1051950.0 1208890.0 1273100.0 942402.0 1382660.0 1275070.0 1026350.0 897317.0 42796.9 597457.0 253535.0 42771.0 256631.0 513347.0 684489.0 641639.0 641634.0 727327.0 1197500.0 812356.0 598999.0 598909.0 855686.0 1155020.0 1197640.0 1197700.0 1327350.0 1283530.0 1282340.0 1282960.0 1283070.0 1112390.0 322083.0 -9999.0 -9999.0 -9999.0 -9999.0 -9999.0 -9999.0 -9999.0 -9999.0 -9999.0 -9999.0 -9999.0 -9999.0
224138.0 59525.0 119622.0 57644.0 0.0 0.0 0.0 0.0 57848.1 0.0 42815.9 42820.4 46900.1 44681.3 452565.0 195203.0 217951.0 214985.0 1272400.0 1506080.0 1321570.0 1254720.0 1253890.0 1144780.0 1160110.0 926387.0 598881.0 599407.0 599365.0 513400.0 342494.0 599389.0 685553.0 0.0 0.0 0.0 0.0 0.0 172165.0 690293.0 984370.0 1326820.0 909063.0 942007.0 1283940.0 1283330.0 1284070.0 1284360.0 1286560.0 1285890.0 1284080.0 1283560.0 984534.0 475096.0 -9999.0 -9999.0 -9999.0 -9999.0 -9999.0 -9999.0 -9999.0 -9999.0 -9999.0 -9999.0 -9999.0 -9999.0 -9999.0
0.0 0.0 108039.0 257472.0 48953.1 115706.0 0.0 54216.8 87524.9 101622.0 111221.0 185706.0 84602.9 133942.0 104421.0 190930.0 42849.7 315738.0 246979.0 1065300.0 1170900.0 1226170.0 1241900.0 647866.0 988712.0 791193.0 578700.0 599684.0 599742.0 455490.0 328965.0 556917.0 599762.0 599767.0 299944.0 227424.0 0.0 559894.0 782413.0 603274.0 602601.0 947425.0 1288240.0 1286560.0 1284640.0 1199450.0 1242210.0 1285120.0 1286040.0 1336440.0 1284870.0 1240940.0 471096.0 -9999.0 -9999.0 -9999.0 -9999.0 -9999.0 -9999.0 -9999.0 -9999.0 -9999.0 -9999.0 -9999.0 -9999.0 -9999.0 -9999.0
62555.9 0.0 48720.4 52251.5 0.0 111285.0 0.0 0.0 52999.9 158874.0 100963.0 112625.0 107374.0 166345.0 42871.2 44113.9 85725.0 312546.0 225704.0 1258330.0 1311140.0 732334.0 665583.0 914483.0 715764.0 732660.0 829955.0 514285.0 557207.0 586920.0 325079.0 557221.0 557203.0 600071.0 880346.0 738812.0 642524.0 649423.0 993840.0 772771.0 816659.0 1285540.0 1328080.0 1330450.0 1285580.0 1366360.0 1242980.0 1285840.0 1286840.0 1292960.0 1200120.0 691039.0 -9999.0 -9999.0 -9999.0 -9999.0 -9999.0 -9999.0 -9999.0 -9999.0 -9999.0 -9999.0 -9999.0 -9999.0 -9999.0 -9999.0 -9999.0
104661.0 225830.0 554039.0 274418.0 59248.8 180062.0 0.0 304048.0 0.0 67205.0 56461.7 0.0 272206.0 817570.0 87497.5 94653.4 42889.4 131345.0 790065.0 911400.0 1002960.0 778156.0 1309840.0 1058880.0 769079.0 708179.0 556968.0 659682.0 557463.0 600322.0 504267.0 422942.0 643452.0 557474.0 739931.0 600332.0 963397.0 823692.0 944981.0 1202880.0 1242710.0 1243570.0 1287320.0 1328980.0 1328140.0 1284160.0 1324610.0 1286480.0 1563870.0 1276350.0 728949.0 37581.3 -9999.0 -9999.0 -9999.0 -9999.0 -9999.0 -9999.0 -9999.0 -9999.0 -9999.0 -9999.0 -9999.0 -9999.0 -9999.0 -9999.0 -9999.0
715184.0 811924.0 911580.0 331745.0 481613.0 0.0 0.0 0.0 0.0 0.0 0.0 0.0 47761.0 396554.0 91708.6 0.0 128706.0 175480.0 615589.0 1085370.0 1088720.0 0.0 1174670.0 1806130.0 1426780.0 1432620.0 911789.0 855286.0 653515.0 600573.0 557768.0 514778.0 643544.0 643506.0 690478.0 1140450.0 1109920.0 1184990.0 987435.0 1377250.0 1286850.0 1286710.0 1282030.0 1285990.0 1286970.0 1286930.0 1286940.0 1562260.0 1312810.0 482810.0 0.0 -9999.0 -9999.0 -9999.0 -9999.0 -9999.0 -9999.0 -9999.0 -9999.0 -9999.0 -9999.0 -9999.0 -9999.0 -9999.0 -9999.0 -9999.0 -9999.0
189600.0 313872.0 0.0 228861.0 46384.0 44584.2 0.0 0.0 52622.6 46101.4 42024.1 0.0 42906.6 0.0 0.0 0.0 343298.0 619209.0 1038970.0 568938.0 405069.0 827675.0 1316470.0 1390630.0 1737190.0 1614030.0 1064360.0 637961.0 710806.0 688123.0 557851.0 603584.0 600774.0 858213.0 1294870.0 858264.0 815322.0 814913.0 857770.0 729443.0 1287120.0 1287350.0 1289850.0 1287200.0 1287330.0 1544810.0 1603830.0 972518.0 116219.0 -9999.0 -9999.0 -9999.0 -9999.0 -9999.0 -9999.0 -9999.0 -9999.0 -9999.0 -9999.0 -9999.0 -9999.0 -9999.0 -9999.0 -9999.0 -9999.0 -9999.0 -9999.0
0.0 0.0 0.0 0.0 49242.8 185061.0 78616.5 43965.1 211611.0 0.0 0.0 0.0 41328.2 46268.5 0.0 0.0 271526.0 706364.0 1324170.0 405658.0 772741.0 1056860.0 1296930.0 1362970.0 1528260.0 1727830.0 1272810.0 729790.0 603504.0 572954.0 686768.0 664614.0 600908.0 815503.0 1008810.0 1361050.0 1246530.0 772332.0 858183.0 772563.0 1287390.0 1287630.0 1288090.0 1552200.0 1545170.0 1502240.0 550983.0 -9999.0 -9999.0 -9999.0 -9999.0 -9999.0 -9999.0 -9999.0 -9999.0 -9999.0 -9999.0 -9999.0 -9999.0 -9999.0 -9999.0 -9999.0 -9999.0 -9999.0 -9999.0 -9999.0 -9999.0
0.0 0.0 50804.0 49970.6 0.0 247272.0 512969.0 189016.0 426376.0 0.0 0.0 0.0 0.0 0.0 0.0 173929.0 849676.0 833820.0 867219.0 510979.0 454871.0 635045.0 1104290.0 1744840.0 1828460.0 1782990.0 1894950.0 1383360.0 1374680.0 571704.0 658256.0 720117.0 731029.0 643688.0 783157.0 968716.0 944371.0 1462700.0 686846.0 687304.0 1287840.0 1244910.0 1116110.0 1586370.0 1405780.0 342880.0 -9999.0 -9999.0 -9999.0 -9999.0 -9999.0 -9999.0 -9999.0 -9999.0 -9999.0 -9999.0 -9999.0 -9999.0 -9999.0 -9999.0 -9999.0 -9999.0 -9999.0 -9999.0 -9999.0 -9999.0 -9999.0
0.0 0.0 48917.8 51374.0 0.0 105710.0 164100.0 124969.0 328399.0 53949.9 0.0 0.0 0.0 0.0 85862.9 205698.0 1095480.0 712233.0 708782.0 741769.0 955586.0 1203960.0 1538530.0 1194520.0 0.0 935372.0 1846040.0 1479810.0 776357.0 551898.0 1021210.0 958191.0 779747.0 811877.0 779403.0 800126.0 772559.0 1549080.0 729692.0 686844.0 1545520.0 1545520.0 1503550.0 1483310.0 351926.0 -9999.0 -9999.0 -9999.0 -9999.0 -9999.0 -9999.0 -9999.0 -9999.0 -9999.0 -9999.0 -9999.0 -9999.0 -9999.0 -9999.0 -9999.0 -9999.0 -9999.0 -9999.0 -9999.0 -9999.0 -9999.0 -9999.0
