Model Version1.4/trunk/input/2010/nfix_grass_int.asc
ncols 720
nrows 360
xllcorner -180
yllcorner -90
cellsize 0.5
NODATA_value -2
[rows 74 to 110 of 360, columns 581 to 663 of 720]
0.0 0.0 0.0 0.0 0.0 0.0 0.0 0.0 0.0 0.0 0.0 0.0 0.0 0.0 0.0 0.0 0.0 0.0 0.0 0.0 0.0 0.0 0.0 0.0 0.0 0.0 0.0 0.0 0.0 0.0 0.0 0.0 0.0 0.0 0.0 0.0 0.0 0.0 0.0 0.0 0.0 0.0 0.0 0.0 0.0 0.0 0.0 0.0 0.0 0.0 0.0 0.0 0.0 0.0 0.0 0.0 0.0 0.0 0.0 0.0 0.0 0.0 0.0 0.0 0.0 0.0 -2.0 -2.0 -2.0 -2.0 -2.0 -2.0 -2.0 -2.0 -2.0 -2.0 -2.0 -2.0 -2.0 -2.0 -2.0 -2.0 -2.0
0.0 0.0 0.0 0.0 0.0 0.0 0.0 0.0 0.0 0.0 0.0 0.0 0.0 0.0 0.0 0.0 0.0 0.0 0.0 0.0 0.0 0.0 0.0 0.0 0.0 0.0 0.0 0.0 0.0 0.0 0.0 0.0 0.0 0.0 0.0 0.0 0.0 0.0 0.0 0.0 0.0 0.0 0.0 0.0 0.0 0.0 0.0 0.0 0.0 0.0 0.0 0.0 0.0 0.0 0.0 0.0 0.0 0.0 0.0 0.0 0.0 0.0 0.0 0.0 0.0 0.0 -2.0 -2.0 -2.0 -2.0 -2.0 -2.0 -2.0 -2.0 -2.0 -2.0 -2.0 -2.0 -2.0 -2.0 -2.0 -2.0 -2.0
0.0 0.0 0.0 0.0 0.0 0.0 0.0 0.0 0.0 0.0 0.0 0.0 0.0 0.0 0.0 0.0 0.0 0.0 0.0 0.0 0.0 0.0 0.0 0.0 0.0 0.0 0.0 0.0 0.0 0.0 0.0 0.0 0.0 0.0 0.0 0.0 0.0 0.0 0.0 0.0 0.0 0.0 0.0 0.0 0.0 0.0 0.0 0.0 0.0 0.0 0.0 0.0 0.0 0.0 0.0 0.0 0.0 0.0 0.0 0.0 0.0 0.0 0.0 0.0 0.0 0.0 -2.0 -2.0 -2.0 -2.0 -2.0 -2.0 -2.0 -2.0 -2.0 -2.0 -2.0 -2.0 -2.0 -2.0 -2.0 -2.0 -2.0
0.0 0.0 0.0 0.0 0.0 0.0 0.0 0.0 0.0 0.0 0.0 0.0 0.0 0.0 0.0 0.0 0.0 0.0 0.0 0.0 0.0 0.0 599828.6242489823 567837.1131408343 617912.4031069597 0.0 0.0 0.0 0.0 0.0 0.0 0.0 0.0 0.0 0.0 0.0 319539.834499083 0.0 0.0 0.0 0.0 0.0 0.0 0.0 0.0 0.0 0.0 0.0 0.0 0.0 0.0 0.0 0.0 0.0 0.0 0.0 0.0 0.0 0.0 0.0 0.0 -2.0 -2.0 0.0 0.0 0.0 0.0 -2.0 -2.0 -2.0 -2.0 -2.0 -2.0 -2.0 -2.0 -2.0 -2.0 -2.0 -2.0 -2.0 -2.0 -2.0 -2.0
0.0 0.0 0.0 0.0 0.0 0.0 0.0 0.0 263533.812523409 0.0 0.0 0.0 0.0 0.0 0.0 0.0 0.0 0.0 535918.5447684939 539006.0148250592 0.0 402779.71482318075 0.0 406632.2209841347 0.0 0.0 0.0 0.0 0.0 511262.1688842572 0.0 0.0 0.0 0.0 0.0 0.0 0.0 0.0 0.0 0.0 0.0 0.0 0.0 0.0 0.0 0.0 0.0 0.0 0.0 0.0 0.0 0.0 0.0 0.0 0.0 0.0 0.0 0.0 0.0 0.0 0.0 -2.0 -2.0 0.0 0.0 0.0 0.0 -2.0 -2.0 -2.0 -2.0 -2.0 -2.0 -2.0 -2.0 -2.0 -2.0 -2.0 -2.0 -2.0 -2.0 -2.0 -2.0
0.0 0.0 0.0 0.0 0.0 0.0 0.0 0.0 458171.6804511514 346103.4706835352 267281.33463829267 303478.9829254917 0.0 0.0 0.0 0.0 0.0 481792.3753263598 0.0 0.0 0.0 566918.2577124927 466537.01162275654 0.0 0.0 0.0 0.0 0.0 0.0 630303.5173415601 370002.8209695068 0.0 0.0 0.0 0.0 0.0 246584.73422428095 252290.71187962627 0.0 0.0 0.0 0.0 0.0 0.0 0.0 0.0 0.0 0.0 0.0 0.0 0.0 0.0 0.0 0.0 0.0 0.0 0.0 0.0 0.0 0.0 0.0 -2.0 -2.0 0.0 0.0 0.0 0.0 -2.0 -2.0 -2.0 -2.0 -2.0 -2.0 -2.0 -2.0 -2.0 -2.0 -2.0 -2.0 -2.0 -2.0 -2.0 -2.0
0.0 0.0 0.0 0.0 0.0 599677.9270168863 0.0 0.0 0.0 0.0 0.0 0.0 0.0 0.0 0.0 482788.3138662755 0.0 0.0 0.0 0.0 0.0 0.0 505079.17261280416 0.0 0.0 0.0 559047.9202257147 0.0 0.0 555744.415282219 427024.7349400284 0.0 0.0 0.0 385909.9390515575 264295.3255318267 276135.8135942992 240301.51748649395 457585.9832770491 0.0 0.0 0.0 0.0 0.0 0.0 0.0 0.0 0.0 0.0 0.0 0.0 0.0 0.0 0.0 0.0 0.0 0.0 0.0 0.0 0.0 -2.0 -2.0 -2.0 0.0 0.0 0.0 0.0 0.0 -2.0 -2.0 -2.0 -2.0 -2.0 -2.0 -2.0 -2.0 -2.0 -2.0 -2.0 -2.0 -2.0 -2.0 -2.0
0.0 0.0 0.0 491652.256011002 0.0 0.0 0.0 0.0 0.0 0.0 0.0 0.0 615675.25126659 531379.5272710479 417122.52847956086 0.0 0.0 0.0 0.0 0.0 0.0 0.0 589853.5060876465 0.0 0.0 0.0 557156.7516322187 635182.0507045299 541903.8219448352 0.0 593917.1199789984 0.0 0.0 439049.0205296879 0.0 327010.7288368498 0.0 0.0 0.0 0.0 0.0 0.0 0.0 0.0 0.0 0.0 0.0 0.0 0.0 0.0 0.0 0.0 0.0 0.0 0.0 0.0 0.0 0.0 0.0 0.0 -2.0 -2.0 -2.0 0.0 0.0 0.0 0.0 0.0 -2.0 -2.0 -2.0 -2.0 -2.0 -2.0 -2.0 -2.0 -2.0 -2.0 -2.0 -2.0 -2.0 -2.0 -2.0
0.0 641881.3571914729 0.0 0.0 0.0 0.0 0.0 0.0 510175.1842501606 0.0 0.0 651077.2493212573 622327.3648509374 0.0 577068.3040360853 623238.4738936838 650735.2614465413 0.0 0.0 0.0 594793.5080514917 574659.8119744766 0.0 0.0 0.0 0.0 572129.5876488746 510981.0206900759 0.0 0.0 636664.9935239076 0.0 501662.6148215279 0.0 0.0 0.0 0.0 0.0 0.0 0.0 0.0 0.0 0.0 0.0 0.0 0.0 0.0 0.0 381958.5614200359 0.0 0.0 0.0 0.0 0.0 0.0 0.0 0.0 0.0 0.0 0.0 -2.0 -2.0 0.0 0.0 0.0 -2.0 -2.0 -2 -2 -2.0 -2.0 -2.0 -2.0 -2.0 -2.0 -2.0 -2.0 -2.0 -2.0 -2.0 -2.0 -2.0 -2.0
0.0 0.0 0.0 0.0 0.0 0.0 628443.296433188 0.0 0.0 0.0 0.0 0.0 657005.0534596953 629541.574478864 658045.729567936 0.0 657532.1053823682 627989.1253791454 0.0 0.0 537619.7514547579 465174.27539848344 0.0 0.0 407540.57741218735 648339.9929992039 447988.65699818474 283419.3414304871 428420.3987121579 406489.6259317523 320724.5264047791 0.0 338728.0483250909 420633.23096733494 0.0 0.0 0.0 251403.97453294293 0.0 0.0 0.0 0.0 0.0 0.0 0.0 390117.79594477493 0.0 623825.2096169215 427675.05550479545 316892.9154869319 0.0 0.0 0.0 0.0 0.0 0.0 0.0 0.0 0.0 0.0 -2.0 -2.0 -2.0 0.0 0.0 -2.0 -2.0 -2.0 -2.0 -2.0 -2.0 -2.0 -2.0 -2.0 -2.0 -2.0 -2.0 -2.0 -2.0 -2.0 -2.0 -2.0 -2.0
0.0 0.0 0.0 0.0 0.0 0.0 0.0 0.0 0.0 0.0 0.0 0.0 0.0 0.0 0.0 0.0 0.0 0.0 0.0 0.0 0.0 486303.1997676487 0.0 561314.2385472688 0.0 0.0 0.0 0.0 0.0 208967.17071519993 0.0 0.0 0.0 567482.9010975603 0.0 0.0 0.0 0.0 0.0 0.0 356079.89360346005 0.0 516384.1924664948 0.0 0.0 0.0 0.0 0.0 0.0 0.0 0.0 0.0 0.0 0.0 0.0 0.0 0.0 0.0 -2.0 -2.0 -2.0 -2.0 0.0 0.0 0.0 -2.0 -2.0 -2.0 -2.0 -2.0 -2.0 -2.0 -2.0 -2.0 -2.0 -2.0 -2.0 -2.0 -2.0 -2.0 -2.0 -2.0 -2.0
0.0 0.0 0.0 0.0 0.0 0.0 0.0 0.0 0.0 0.0 0.0 0.0 0.0 0.0 0.0 0.0 0.0 0.0 560285.9802250046 0.0 542954.39100318 512861.4482885124 670131.9913866462 0.0 618421.2236393737 0.0 0.0 0.0 0.0 0.0 219830.65319014108 0.0 0.0 0.0 469802.2403704969 0.0 0.0 0.0 0.0 546377.2654543935 0.0 0.0 0.0 348489.5141495663 0.0 0.0 0.0 366929.7971715601 0.0 0.0 0.0 0.0 0.0 0.0 0.0 0.0 0.0 -2.0 -2.0 -2.0 -2.0 -2.0 0.0 0.0 0.0 -2.0 -2.0 -2.0 -2.0 -2.0 -2.0 -2.0 -2.0 -2.0 -2.0 -2.0 -2.0 -2.0 -2.0 -2.0 -2.0 -2.0 -2.0
0.0 0.0 0.0 0.0 0.0 0.0 0.0 0.0 0.0 0.0 0.0 0.0 0.0 0.0 617282.7835094581 0.0 0.0 585982.4943553194 0.0 0.0 0.0 0.0 0.0 0.0 0.0 619886.350632973 0.0 0.0 0.0 0.0 0.0 0.0 0.0 0.0 608995.0327883363 0.0 0.0 0.0 531613.659143615 618591.799021363 481433.204531796 0.0 0.0 0.0 0.0 0.0 0.0 0.0 0.0 0.0 0.0 0.0 0.0 0.0 0.0 0.0 -2.0 -2.0 -2.0 -2.0 -2.0 -2.0 0.0 0.0 0.0 0.0 -2.0 -2.0 -2.0 -2.0 -2.0 -2.0 -2.0 -2.0 -2.0 -2.0 -2.0 -2.0 -2.0 -2.0 -2.0 -2.0 0.0
0.0 0.0 0.0 0.0 0.0 0.0 0.0 0.0 0.0 0.0 0.0 0.0 0.0 0.0 649518.8034994232 651798.5439291766 652241.9013980743 0.0 0.0 0.0 0.0 0.0 0.0 0.0 0.0 0.0 0.0 0.0 373205.13248414884 0.0 0.0 0.0 215240.77320032538 0.0 477606.2090401706 0.0 0.0 474009.30730129447 0.0 0.0 493796.70629661914 0.0 366959.17940197507 638402.1482478606 670649.0468962969 516400.333882047 0.0 0.0 0.0 0.0 0.0 0.0 0.0 0.0 0.0 0.0 -2.0 -2.0 -2.0 -2.0 -2.0 -2.0 0.0 0.0 -2.0 0.0 0.0 -2.0 -2.0 -2.0 -2.0 -2.0 -2.0 -2.0 -2.0 -2.0 -2.0 -2.0 -2.0 0.0 -2.0 -2.0 -2.0
0.0 0.0 0.0 0.0 0.0 0.0 0.0 0.0 0.0 0.0 0.0 0.0 659057.1327150057 0.0 0.0 658733.9744566515 688469.992481176 0.0 0.0 0.0 0.0 0.0 0.0 0.0 0.0 0.0 404325.5624772749 357353.9142614063 0.0 0.0 0.0 0.0 377866.869925945 651901.8940919363 553304.9188698119 455389.7740822361 616683.5350686258 0.0 0.0 418080.6460388787 575245.2381842447 353887.81929031806 523314.93949835084 543995.0904852515 0.0 0.0 486427.58750921744 0.0 0.0 0.0 0.0 0.0 0.0 0.0 0.0 -2.0 -2.0 -2.0 -2.0 -2.0 -2.0 -2.0 0.0 -2.0 -2.0 -2.0 -2.0 -2.0 -2.0 -2.0 -2.0 -2.0 -2.0 -2.0 -2.0 -2.0 -2.0 -2.0 0.0 -2 -2.0 -2.0 -2.0
0.0 0.0 0.0 0.0 0.0 0.0 0.0 0.0 0.0 0.0 0.0 0.0 0.0 0.0 0.0 694614.119289364 0.0 0.0 0.0 0.0 593867.5374973532 0.0 0.0 0.0 0.0 0.0 0.0 371117.38157314766 348742.2332761261 450363.3909233587 375130.30719737284 323287.9800800804 0.0 0.0 450314.10074221995 586946.4681147721 0.0 0.0 0.0 423144.8297639389 532662.325382924 478883.79655887047 432109.25674528 0.0 0.0 88933.50909729632 0.0 0.0 0.0 0.0 0.0 0.0 0.0 0.0 -2.0 -2.0 -2.0 -2.0 -2.0 -2.0 0.0 0.0 0.0 0.0 -2.0 -2.0 -2.0 -2.0 -2.0 -2.0 -2.0 -2.0 -2.0 -2.0 0.0 0.0 0.0 -2.0 -2.0 -2.0 -2.0 -2.0 -2.0
0.0 0.0 0.0 0.0 0.0 0.0 0.0 0.0 0.0 0.0 0.0 0.0 0.0 0.0 700678.4361176082 0.0 0.0 678987.2112265048 0.0 384734.9311977518 344473.463058463 0.0 0.0 0.0 0.0 0.0 373269.6743002196 329005.3882598179 0.0 0.0 0.0 437521.2316507803 0.0 0.0 506129.724502929 0.0 0.0 421896.801471664 598558.8474282019 368842.57245196524 0.0 0.0 0.0 90611.77164310528 399169.5885669678 0.0 0.0 0.0 0.0 0.0 0.0 0.0 -2.0 -2.0 -2.0 -2.0 -2.0 -2.0 -2.0 -2.0 -2.0 -2.0 0.0 0.0 0.0 0.0 -2.0 -2.0 -2.0 -2.0 -2.0 -2.0 -2 0.0 -2 -2.0 -2.0 -2.0 -2.0 -2.0 -2.0 -2.0 -2.0
0.0 0.0 0.0 0.0 0.0 0.0 0.0 0.0 0.0 0.0 0.0 0.0 706540.4512040624 706669.6071622458 0.0 0.0 0.0 0.0 0.0 635917.8045688004 584667.9706563053 0.0 0.0 0.0 0.0 567367.8817763361 0.0 356205.8916089743 429136.54231924535 352514.81342242646 694767.9590441536 0.0 641005.7640093077 0.0 0.0 0.0 0.0 695415.446012846 0.0 0.0 0.0 0.0 323173.38275913266 270481.2238336194 0.0 0.0 0.0 0.0 0.0 0.0 0.0 -2.0 -2.0 -2.0 -2.0 -2.0 -2.0 -2.0 -2.0 -2.0 -2.0 -2.0 0.0 0.0 0.0 0.0 0.0 0.0 0.0 0.0 -2.0 0.0 -2 -2.0 -2.0 -2.0 -2.0 -2.0 -2.0 -2.0 -2.0 -2.0 -2.0
0.0 0.0 0.0 0.0 0.0 0.0 0.0 0.0 0.0 0.0 0.0 0.0 713101.827556792 0.0 0.0 0.0 0.0 0.0 0.0 664126.5144344943 0.0 623594.362693253 0.0 515809.3630114643 656451.1722912187 0.0 0.0 343593.468614146 466767.3349374986 579507.2069170116 0.0 533038.1845221542 463187.0097054387 524659.4834322613 0.0 601921.6296676277 0.0 0.0 0.0 0.0 0.0 0.0 0.0 0.0 0.0 0.0 0.0 0.0 0.0 0.0 -2.0 -2.0 -2.0 -2.0 -2.0 -2.0 -2.0 -2.0 -2.0 -2.0 -2.0 0.0 0.0 55719.993114307355 0.0 0.0 19531.089782704235 20279.44946295597 19500.68283074064 29180.64880368653 -2.0 -2 -2.0 -2.0 -2.0 -2.0 -2.0 -2.0 -2.0 -2.0 -2.0 -2.0 -2.0
0.0 0.0 0.0 0.0 0.0 0.0 0.0 0.0 0.0 718890.1500700199 0.0 0.0 0.0 0.0 0.0 0.0 0.0 0.0 0.0 0.0 0.0 0.0 0.0 0.0 0.0 0.0 0.0 400412.95719141985 0.0 0.0 0.0 465618.13206334435 530388.6137005079 0.0 0.0 515297.1391272568 0.0 0.0 0.0 0.0 0.0 0.0 0.0 303329.3809001038 0.0 0.0 0.0 0.0 0.0 -2.0 -2.0 -2.0 -2.0 -2.0 -2.0 -2.0 -2.0 -2.0 -2.0 0.0 0.0 0.0 106282.51647932784 0.0 13122.71404271526 0.0 0.0 0.0 0.0 0.0 0.0 -2.0 -2.0 -2.0 -2.0 -2.0 -2.0 -2.0 -2.0 -2.0 -2.0 -2.0 -2.0
0.0 0.0 0.0 0.0 0.0 0.0 0.0 0.0 0.0 724174.877167685 0.0 0.0 0.0 0.0 0.0 0.0 0.0 527443.810686381 0.0 0.0 0.0 0.0 0.0 0.0 0.0 687853.3948266715 0.0 534944.5677408584 633688.4155272517 726556.4985284082 0.0 0.0 231458.34609916323 0.0 0.0 332592.8072484704 0.0 441489.438960562 0.0 204220.2377910534 0.0 0.0 -2.0 43986.513614601026 0.0 0.0 0.0 -2.0 -2.0 -2.0 -2.0 -2.0 -2.0 -2.0 -2.0 -2.0 -2.0 -2.0 0.0 0.0 0.0 0.0 0.0 7734.467983234588 23987.634658774026 21553.396701811704 0.0 -2.0 -2.0 -2.0 -2.0 -2.0 -2.0 -2.0 -2.0 -2.0 -2.0 -2.0 -2.0 -2.0 -2.0 -2.0 -2.0
0.0 0.0 0.0 0.0 0.0 0.0 728916.0373949963 0.0 0.0 728110.9083226726 0.0 0.0 0.0 0.0 380318.835854028 695808.4101602134 678390.1083050178 727040.2872345155 667450.0212066937 0.0 618205.5406575996 636738.9879220125 723627.9935838381 0.0 0.0 0.0 707455.6803726217 370211.6308211451 459502.2315988275 480315.13643199205 611120.1877603799 426796.44966213434 400376.60166756343 466485.71705865406 517754.05216226086 494569.5733911398 0.0 0.0 0.0 0.0 0.0 -2.0 -2.0 -2.0 -2.0 -2.0 -2.0 -2.0 -2.0 -2.0 -2.0 -2.0 -2.0 -2.0 -2.0 -2.0 -2.0 0.0 0.0 0.0 0.0 0.0 -2.0 0.0 0.0 0.0 -2.0 -2.0 -2.0 -2.0 -2.0 -2.0 -2.0 -2.0 -2.0 -2.0 -2.0 -2.0 -2.0 -2.0 -2.0 -2.0 -2.0
0.0 0.0 0.0 744104.2584649057 0.0 0.0 0.0 0.0 0.0 0.0 0.0 0.0 0.0 0.0 0.0 464686.7728234412 0.0 693121.2682564254 685290.4138580062 530311.4681247977 636801.5108111526 637428.4796705107 658723.0434423541 0.0 0.0 94247.84226316189 660100.9682521212 503455.9044842619 0.0 0.0 323178.93481154804 0.0 0.0 0.0 582289.9959074999 0.0 0.0 0.0 0.0 -2.0 -2.0 -2.0 -2.0 -2.0 -2.0 -2.0 -2.0 -2.0 -2.0 -2.0 -2.0 -2.0 -2.0 -2.0 -2.0 -2.0 -2.0 -2.0 0.0 0.0 48248.82411954929 0.0 -2.0 -2.0 -2.0 -2.0 -2.0 -2.0 -2.0 -2.0 -2.0 -2.0 -2.0 -2.0 -2.0 -2.0 -2.0 -2.0 -2.0 -2.0 -2.0 -2.0 -2.0
0.0 0.0 694292.1567391047 724645.1481498233 733422.9581572213 0.0 0.0 0.0 0.0 0.0 608351.4652250198 0.0 0.0 0.0 372514.22360640194 0.0 643845.9281926205 599816.293716759 0.0 578842.5579084127 651548.135755739 0.0 240153.52161884675 117063.1349506375 185892.74605094775 594523.3027510935 408519.10185750335 0.0 0.0 0.0 0.0 0.0 0.0 0.0 0.0 0.0 0.0 0.0 0.0 -2.0 -2.0 -2.0 -2.0 -2.0 -2.0 -2.0 -2.0 -2.0 -2.0 -2.0 -2.0 -2.0 -2.0 -2.0 -2.0 -2.0 -2.0 -2.0 -2.0 0.0 0.0 0.0 -2.0 -2.0 -2.0 -2.0 -2.0 -2.0 -2.0 -2.0 -2.0 -2.0 -2.0 -2.0 -2.0 -2.0 -2.0 -2.0 -2.0 -2.0 -2.0 -2.0 -2.0
572691.8367195321 316962.00759584625 307879.1735912118 655414.5425481139 0.0 697132.3027065033 0.0 0.0 745342.2388420149 450293.87712517823 287666.0197381053 0.0 0.0 0.0 0.0 425143.36287131056 463701.4628206283 516041.8558116138 611250.8840551844 704776.9956600643 565671.8298860755 157408.09726710632 0.0 98402.46552309168 532177.4852923878 0.0 0.0 0.0 0.0 0.0 0.0 0.0 0.0 0.0 0.0 0.0 0.0 0.0 0.0 -2.0 -2.0 -2.0 -2.0 -2.0 -2.0 -2.0 -2.0 -2.0 -2.0 -2.0 -2.0 -2.0 -2.0 -2.0 -2.0 -2.0 -2.0 -2.0 0.0 0.0 0.0 193955.46181559016 1280.8523178086484 -2.0 -2.0 -2.0 -2.0 -2.0 -2.0 -2.0 -2.0 -2.0 -2.0 -2.0 -2.0 -2.0 -2.0 -2.0 -2.0 -2.0 -2.0 -2.0 -2.0
571047.1632649831 708242.1239261811 0.0 0.0 0.0 0.0 0.0 0.0 717089.0636445817 528846.4342118874 354750.4806066963 236544.38179460805 310806.7100586338 427055.46224066755 405257.8499137648 481934.8583623971 485024.8384477985 530416.8429382453 497420.8183283458 0.0 0.0 -2.0 0.0 556557.3091511822 0.0 0.0 357503.06820987177 578461.6659586354 0.0 0.0 0.0 0.0 0.0 0.0 0.0 0.0 0.0 -2.0 -2.0 -2.0 -2.0 -2.0 -2.0 -2.0 -2.0 -2.0 -2.0 -2.0 -2.0 -2.0 -2.0 -2.0 -2.0 -2.0 -2.0 -2.0 -2.0 -2.0 3601.162561752829 0.0017932206901624301 0.0 79198.88687146317 16495.68939208719 -2.0 -2.0 -2.0 -2.0 -2.0 -2.0 -2.0 -2.0 -2.0 -2.0 -2.0 -2.0 -2.0 -2.0 -2.0 -2.0 -2.0 -2.0 -2.0 -2.0
0.0 0.0 0.0 0.0 703917.8143146068 557173.25374625 619490.1943196219 543734.6878049935 359637.70864896046 0.0 476402.1145154942 222786.56780439435 72922.16340893864 154376.06711134443 359650.96818952984 483941.5474745951 511002.3249408947 414389.1277271945 96577.24327962716 -2.0 -2.0 0.0 0.0 692684.6535218735 599473.7114910971 369646.2660589098 153680.8953236318 0.0 8323.076176591123 4751.65382028695 4166.0428153794155 0.0 0.0 0.0 0.0 -2.0 -2.0 -2.0 -2.0 -2.0 -2.0 -2.0 -2.0 -2.0 -2.0 -2.0 -2.0 -2.0 -2.0 -2.0 -2.0 -2.0 -2.0 -2.0 -2.0 -2.0 -2.0 -2.0 263.2049024103661 3795.203816859638 0.0 86937.21818904845 0.0 -2.0 -2.0 -2.0 -2.0 -2.0 -2.0 -2.0 -2.0 -2.0 -2.0 -2.0 -2.0 -2.0 -2.0 -2.0 -2.0 -2.0 -2.0 -2.0 -2.0
687131.4310287563 0.0 0.0 0.0 613877.7595760087 642506.8273542422 502855.8731084068 489264.80579465954 0.0 724013.7531887576 64527.376481777465 151792.62309024288 399554.0004172008 445730.3990270592 543816.9924282567 471240.2172990673 327151.89051671093 115428.31237288509 -2.0 -2.0 -2.0 0.0 612485.3162766005 307802.48594237975 -2.0 -2.0 -2.0 -2.0 -2.0 1174.464891321823 7126.549966387449 0.0 0.0 0.0 5490.938312379666 -2.0 -2.0 -2.0 -2.0 -2.0 -2.0 -2.0 -2.0 -2.0 -2.0 -2.0 -2.0 -2.0 -2.0 -2.0 -2.0 -2.0 -2.0 -2.0 -2.0 -2.0 -2.0 -2.0 0.003930825187117083 0.0 0.0 9768.640502058122 0.0 -2.0 -2.0 -2.0 -2.0 -2.0 -2.0 -2.0 -2.0 -2.0 -2.0 -2.0 -2.0 -2.0 -2.0 -2.0 -2.0 -2.0 -2.0 -2.0 -2.0
562319.2960628142 0.0 719565.2580248755 662418.1375973603 612729.4909347777 468597.02205654024 0.0 730334.9208818553 0.0 142440.95199926716 134964.09177840437 246316.3674969438 336867.05150308035 615451.1091152519 168475.99303708517 -2.0 -2.0 -2.0 -2.0 -2.0 -2.0 256178.96699909438 36240.56934184207 -2.0 -2.0 -2.0 -2.0 -2.0 -2.0 3557.2871341304153 1807.696611974941 0.0 0.0 0.0 0.0 0.0 -2.0 -2.0 -2.0 -2.0 -2.0 -2.0 -2.0 -2.0 -2.0 -2.0 -2.0 -2.0 -2.0 -2.0 -2.0 -2.0 -2.0 -2.0 -2.0 -2.0 -2.0 -2.0 7917.200175644729 0.0 0.003998309239253533 829.900413827704 0.0 -2.0 -2.0 -2.0 -2.0 -2.0 -2.0 -2.0 -2.0 -2.0 -2.0 -2.0 -2.0 -2.0 -2.0 -2.0 -2.0 -2.0 -2.0 -2.0 -2.0
0.0 658898.6139286882 677466.1502833762 596454.3228144678 468700.06804108224 477873.8094666848 523954.1126303213 183831.99809153436 147755.31565098566 134434.01278284303 240762.6737779655 338211.89694956644 390894.08008682163 485363.7097548625 491321.7829824452 0.0 0.0 -2.0 -2.0 -2.0 -2.0 -2.0 -2.0 -2.0 -2.0 -2.0 -2.0 -2.0 11261.780183825538 9660.639753542857 0.0 0.0 0.0 0.0 0.0 0.0 26191.320031893563 -2.0 -2.0 -2.0 -2.0 -2.0 -2.0 -2.0 -2.0 -2.0 -2.0 -2.0 -2.0 -2.0 -2.0 -2.0 -2.0 -2.0 -2.0 0.0 0.0 0.001468107143408344 0.0 0.0 771.439806187132 2663.4344831132876 -2.0 -2.0 -2.0 -2.0 -2.0 -2.0 -2.0 -2.0 -2.0 -2.0 -2.0 -2.0 -2.0 -2.0 -2.0 -2.0 -2.0 -2.0 -2.0 -2.0 -2.0
0.0 592102.8842931378 0.0 578596.0426465301 482204.90105926356 702431.8723684337 0.0 511254.45510533 27320.73065018504 128218.03407351772 338940.7563674365 161849.9072823121 253497.32325547957 344200.75766088616 363480.0721691817 458818.19443222776 738758.3756875892 -2.0 -2.0 106991.68469124971 327705.7442659454 59858.70394871992 -2.0 -2.0 -2.0 -2.0 -2.0 -2.0 -2.0 19878.371142953318 7712.42207563818 11629.189431762297 9008.96619348071 0.0 0.0 0.0 0.0 0.0 -2.0 -2.0 -2 -2.0 -2.0 -2.0 -2.0 -2.0 -2.0 -2.0 -2.0 -2.0 -2.0 -2.0 -2.0 -2.0 -2.0 0.0 2796.25607024648 0.004044347861064402 0.0020289987787660635 0.00773229498919719 3987.1848482410714 -2.0 -2.0 -2.0 -2.0 -2.0 -2.0 -2.0 -2.0 -2.0 -2.0 -2.0 -2.0 -2.0 -2.0 -2.0 -2.0 -2.0 -2.0 -2.0 -2.0 -2.0 -2.0
0.0 527680.8625550214 325960.90075347724 331202.9436733784 558517.9575829882 481800.882339437 563770.7948685088 667493.746156177 235792.4461870157 325148.0039629989 340631.08145137696 117905.48688319931 430662.4254684377 192090.02511895512 151221.78678788382 104629.95836390895 548411.426016837 262015.38610452975 139133.02674839372 96441.3997560394 0.0 521896.3568488907 0.0 0.0 0.0 -2.0 -2.0 -2.0 -2.0 -2.0 -2.0 -2.0 13200.128659629547 0.0 0.0 0.0 0.0 0.0 -2.0 -2.0 -2.0 -2.0 -2.0 -2.0 -2.0 -2.0 -2.0 -2.0 -2.0 -2.0 -2.0 -2.0 0.004039752639060207 0.0 8657.649040205391 9339.50605900792 0.012871239505309228 0.0 27409.77478029981 0.009431821354148556 348.6235577058328 -2.0 -2.0 -2.0 -2.0 -2.0 -2.0 -2.0 -2.0 -2.0 -2.0 -2.0 -2.0 -2.0 -2.0 -2.0 -2.0 -2.0 -2.0 -2.0 -2.0 -2.0 -2.0
754801.0749812562 711530.7150865558 0.0 0.0 551657.3982242217 514607.30362068274 692033.0901126123 488392.0262619904 198068.69704807625 281324.31619301933 231714.4261327249 160702.35183409383 81805.7566536928 269362.2694861855 226866.2909916631 272988.21561238175 97773.81098430145 50593.52190540569 0.05451681181513359 481713.1863005855 600846.4549943906 431181.5713456832 152081.25059320216 144784.97237646347 -2.0 -2.0 -2.0 -2.0 -2.0 -2.0 -2.0 17763.59818563558 14110.811505760119 0.0 0.0 0.0 0.0 0.0 -2.0 -2.0 -2.0 -2.0 -2.0 -2.0 -2.0 -2.0 -2.0 -2.0 -2.0 -2.0 -2.0 -2.0 6104.010475310234 4293.232874162846 0.004039055056628537 16930.37223813702 0.0 32081.321716283328 1037.0008561256363 590.8945326202983 515.200786212017 -2.0 -2.0 -2.0 -2.0 -2.0 -2.0 -2.0 -2.0 -2.0 -2.0 -2.0 -2.0 -2.0 -2.0 -2.0 -2.0 -2.0 -2.0 -2.0 -2.0 -2.0 -2.0
647666.132926069 669148.9020495147 502067.6862781874 494258.6793901506 509512.1793749492 379735.1689335002 591467.7243224119 231437.46478909304 71285.17427654365 180444.96051988317 227768.89642324255 363891.91149049636 487927.54747219593 424098.91533625923 703133.0824637434 636196.8078318955 652955.2069503184 230482.34095833288 188614.02394066783 250370.24213026912 0.0 -2.0 -2.0 -2.0 -2.0 -2.0 -2.0 -2.0 -2.0 -2.0 -2.0 0.0 0.0 0.0 0.0 0.0 0.0 0.0 0.0 -2.0 -2.0 -2.0 -2.0 -2.0 -2.0 0.0 -2.0 -2.0 -2.0 -2.0 -2.0 5943.234432169227 0.0 0.0 42662.28866584449 46967.119216897125 0.0 5168.531177205473 11305.130756252 1244.123722135253 4572.920415246206 -2.0 -2.0 -2.0 -2.0 -2.0 -2.0 -2.0 -2.0 -2.0 -2.0 -2.0 -2.0 -2.0 -2.0 -2.0 -2.0 -2.0 -2.0 -2.0 -2.0 -2.0 -2.0
576504.9234696273 467992.77898772416 555525.9481664868 629790.7395355228 546179.1181557495 502732.1329129229 530096.3663795411 350497.8425859929 246752.08835872234 107084.64374302019 230687.64876713604 95155.98868940679 139361.36250253234 273377.0517121327 0.0 783470.4520707654 580939.6993057521 695562.4305678987 0.0 0.0 -2.0 -2.0 -2.0 -2.0 -2.0 -2.0 -2.0 -2.0 -2.0 -2.0 -2.0 -2.0 3967.744162049414 0.0 0.0 0.0 0.0 0.0 0.0 -2.0 -2.0 -2.0 -2.0 -2.0 0.0 0.0 0.0 39.065908640496275 0.0 0.0 0.0 0.0 0.0 0.0 27650.772094661992 0.0 982.0516705493561 8407.459110113867 0.0 46101.03913072614 8699.927054279991 -2.0 -2.0 -2.0 -2.0 -2.0 -2.0 -2.0 -2.0 -2.0 -2.0 -2.0 -2.0 -2.0 -2.0 -2.0 -2.0 -2.0 -2.0 -2.0 -2.0 -2.0 -2.0
673545.496101611 403684.2162210454 0.0 427565.4950134035 546404.0505504408 274775.64521114394 184431.39633492279 230758.01416284463 328018.6634233586 218685.39440731952 284432.1826471966 174321.57116210696 302512.6751554228 220181.3055860982 802376.5163921993 559706.9372863886 465445.17011198046 124820.16415870513 30249.524116598004 -2.0 -2.0 -2.0 -2.0 -2.0 -2.0 -2.0 -2.0 -2.0 -2.0 -2.0 -2.0 2450.2104073792725 0.0 0.0 0.0 0.0 0.0 0.0 -2.0 -2.0 -2.0 -2.0 -2.0 0.0 111.48678511366087 54.908772509897965 0.0 74.269062185767 0.0 0.0 0.00628523866907984 0.013838313975617505 0.01142442306448686 8235.127525673695 0.0 0.0 17257.6994896136 3765.5970620591283 4209.304043611188 6890.450161172643 -2.0 -2.0 -2.0 -2.0 -2.0 -2.0 -2.0 -2.0 -2.0 -2.0 -2.0 -2.0 -2.0 -2.0 -2.0 -2.0 -2.0 -2.0 -2.0 -2.0 -2.0 -2.0 -2.0
470934.53892572736 596328.0018368799 554040.2030943856 554508.3641480149 303671.5169233168 368327.96729139116 207515.72515779687 231591.46180193216 351990.27393506514 376070.5531168408 368961.978360362 411539.9670205979 156773.1251570967 521636.5069716752 430571.72591985326 491788.18763645226 377489.26834969944 321146.41188285296 0.0 -2.0 -2.0 -2.0 -2.0 -2.0 -2.0 -2.0 -2.0 -2.0 -2.0 -2.0 -2.0 0.0 0.0 0.0 0.0 0.0 0.0 0.0 -2.0 -2.0 -2.0 0.0 7958.648502990598 0.0015847116401269223 0.0 0.0 9272.399046257564 3567.180871965234 0.002097216338376659 2416.819241191941 9176.308879785995 0.02954496903836322 10407.341054327448 1830.0776293660601 3336.6751670787953 492.5513676722587 0.0 0.0 0.001133388309427273 -2.0 -2.0 -2.0 -2.0 -2.0 -2.0 -2.0 -2.0 -2.0 -2.0 -2.0 -2.0 -2.0 -2.0 -2.0 -2.0 -2.0 -2.0 -2.0 -2.0 -2.0 -2.0 -2.0 -2.0
