Model Version1.4/trunk/input/2010/nh3_graz_ext.asc
ncols 720
nrows 360
xllcorner -180.0
yllcorner -90.0
cellsize 0.5
NODATA_value -9999.0
[rows 84 to 111 of 360, columns 441 to 503 of 720]
0.0 0.0 0.0 0.0 0.0 0.0 0.0 0.0 0.0 0.0 0.0 0.0 0.0 0.0 0.0 9753.769388933777 11450.817478601597 12299.690530594924 12300.36562245946 12300.363380652661 11458.300122714363 11035.906512526373 12678.771103248691 11450.821934184405 9737.101533099172 10167.348582117496 11028.437179130977 11027.748103993286 11029.101202069676 10606.033284650286 10604.676459562652 11027.748103993286 10608.75573388327 11031.826537634448 11033.188490845403 11027.078168282858 11028.435693926527 11028.430509756894 11746.174218115244 11036.586003927403 11026.394277330068 11027.071526939568 11039.982788422574 11034.54161695258 11452.179459828078 10610.792694896925 11461.014445414883 11029.11737110331 11021.641396349358 11022.318001433869 11027.080382074135 11456.934498553748 11874.578198154655 11030.47128186114 10599.953086388636 10607.386382726676 11031.155172781155 11031.14264668166 11025.712516091451 11876.610087076037 12302.41292379686 12297.65059920291 12290.184908726387
0.0 0.0 0.0 0.0 0.0 0.0 0.0 0.0 0.0 0.0 0.0 0.0 0.0 0.0 0.0 0.0 11563.769109998482 11557.714552369973 12411.989796447735 12417.368533623685 10269.690193951305 8551.876619339811 11428.094616762213 11126.52053645125 7705.350738236519 3866.4813634231787 9857.900662545248 11140.668069894444 10694.000520279707 10708.815103108333 10709.489466391773 10707.47884659768 10710.15872956018 10705.444799949679 10707.470047508961 10706.118434640854 10702.075225386601 11130.569602475438 11128.543626270739 11138.647950456372 10706.803026145124 11131.245422874845 11123.826053729737 11129.223089653799 10708.142197009425 11140.672497460399 11129.890111017638 11129.889382425372 10705.448442880179 11130.569630443882 11133.934805481324 11563.091804355214 11128.546568645985 11129.892324800614 11129.888653848519 10706.120620402236 10701.307546932938 11133.934076889058 10706.11989180997 11555.684148652475 11557.706509895113 11562.426240175906 11561.073142101674
0.0 0.0 0.0 0.0 0.0 0.0 0.0 0.0 0.0 0.0 0.0 0.0 0.0 0.0 0.0 0.0 0.0 12095.02190668851 11157.22851526469 6035.094612603876 0.0 -9999.0 0.0 0.0 -9999.0 8634.604558105426 7338.476743427368 5569.805248966678 7345.327730701764 10364.877558262755 10363.54861563894 10799.39925501112 10796.05686233973 9940.386682467879 10810.757561425145 10806.078940220199 11667.757412486899 11234.581415849025 10370.221743616634 7331.962531517468 7428.050576358495 7766.470385128306 9435.84343535312 10810.755375664658 11234.579958670183 11231.233923059468 10808.080004348707 11237.250958465167 9506.541478714089 8636.839806888302 11239.920501081306 10805.404633032753 11238.585001191595 11239.919772499665 11237.247315525838 11670.424769342553 11240.586065273457 10806.743775861793 10806.74304728015 11236.578836991563 11235.243337101849 11235.244794265134 11239.25275114423
0.0 0.0 0.0 0.0 0.0 0.0 0.0 0.0 0.0 0.0 0.0 0.0 0.0 0.0 0.0 0.0 0.0 0.0 -9999.0 -9999.0 -9999.0 -9999.0 -9999.0 -9999.0 -9999.0 5947.358815391467 6109.01547626447 10461.426287242148 5223.424499806108 6105.039885486449 11343.043130123282 10038.175382421354 10913.166175235465 10911.8424448256 11341.050893143543 11344.368317701323 11341.047950778993 11336.417808666474 4587.786040561582 855.5284416690915 0.0 5002.554525854442 10853.423781916057 11339.7286198592 11339.722735157051 11336.418537257052 11341.703202647184 10898.587430389034 10036.85459437604 10908.52502025212 11339.05425663108 10020.952091091543 11348.999188407142 11344.365375336773 11336.411195344075 10904.547916249521 10463.411154297486 10907.20274701043 10917.143279238062 11344.359490591969 11344.365375336773 11349.666209764939 11345.020627220667
0.0 0.0 0.0 0.0 0.0 0.0 0.0 0.0 0.0 0.0 0.0 0.0 0.0 0.0 0.0 0.0 0.0 -9999.0 -9999.0 -9999.0 -9999.0 -9999.0 -9999.0 -9999.0 0.0 6144.174729037202 1753.1307626531213 4827.27798263343 7926.912547565766 5718.710433070826 10128.544461018444 8366.051972420551 7470.682097936108 7469.367895203106 8360.792303167571 11002.879273360599 3515.11130680173 877.6272687939006 0.0 -9999.0 0.0 4631.799180158848 0.0 10160.820232797314 11006.15550473979 9671.651389568373 9671.64917579049 7919.669412394029 3951.6245679829913 7467.397740012461 10998.931565033618 7936.7604371688985 10571.62128189115 11008.785367387482 11014.703987517152 11446.618716053723 11446.620173235407 11450.563453990779 11002.882944320167 11006.822554115972 11010.100298719248 11002.871931441465 11004.848699952481
0.0 0.0 0.0 0.0 0.0 0.0 0.0 0.0 0.0 0.0 0.0 0.0 0.0 0.0 -9999.0 -9999.0 -9999.0 -9999.0 -9999.0 -9999.0 -9999.0 0.0 0.0 4007.2297082637265 4325.418037217289 3561.541323476165 1335.7442262212178 0.0 2655.848828942887 5320.1786622953405 8869.354576032365 9765.292468113725 8443.873606606789 135899.39848753193 130104.99877274041 81102.82657040685 0.0 -9999.0 -9999.0 -9999.0 -9999.0 0.0 7043.981277787086 11107.541490687405 10667.719632051609 4882.962426787875 5390.506919730905 9720.750892786393 7164.64992013065 6697.788588086538 3976.478742861228 3541.349460627012 8421.335357484502 10197.937969382183 10645.573727003417 11550.612426828646 11998.904949555612 11549.306294593685 11108.83506882255 11101.686061472945 11104.93586757506 11099.729076909913 11100.374016469095
0.0 0.0 0.0 0.0 0.0 0.0 0.0 0.0 0.0 0.0 0.0 0.0 0.0 0.0 -9999.0 -9999.0 -9999.0 -9999.0 -9999.0 1438.5066951016197 2247.794594745568 3130.1342519005316 9402.685246659497 8952.464406480989 6709.181698564044 7603.783978665613 8971.195872802511 8517.116295948887 6710.464319856029 5378.589226676411 5370.828178254162 68507.23926489141 102880.04343520662 91227.60734995558 62598.55140269583 45597.383540890936 -9999.0 0.0 -9999.0 -9999.0 -9999.0 1796.948654947681 8014.964047080176 11202.199060167077 11193.164273605902 8497.74350495976 7135.876493854537 7045.512879661542 0.0 0.0 11689.43852109095 6285.451187341933 6727.263041146185 11209.965965284066 9866.438692942105 12087.12082951204 12541.19970580124 10748.11648489835 10309.534625183966 11204.783386123263 11204.779631103276 11206.721231250986 9861.91870754467
0.0 0.0 0.0 0.0 0.0 0.0 0.0 0.0 0.0 0.0 0.0 0.0 0.0 0.0 -9999.0 -9999.0 -9999.0 -9999.0 -9999.0 2440.4149543988165 7480.123828329766 11302.470644309527 11300.549696794906 10403.343250731788 6790.823958703646 7685.478388818059 11747.547072126896 10855.465927085295 11305.66835646262 9933.297195059378 4971.441494762103 68998.76440898096 22966.981947340864 0.0 0.0 11512.072649700769 -9999.0 -9999.0 -9999.0 -9999.0 0.0 6779.945314720405 11300.543812054117 10832.420161098888 5863.532896059251 2704.4232451622424 3164.8703357765276 8600.60454323305 10397.589151157046 8128.008629369199 10389.260309332489 13546.449012673058 8476.25358738336 12455.681615210135 12199.032851380103 12001.147097724863 11783.303345879125 11753.954209798267 11752.033962822085 11753.30559928168 11752.030291871319 12206.719611943834 13107.124470682224
0.0 0.0 0.0 0.0 0.0 0.0 0.0 0.0 0.0 0.0 0.0 0.0 0.0 0.0 0.0 -9999.0 -9999.0 -9999.0 -9999.0 -9999.0 -9999.0 9533.502026472403 10933.159666252976 11847.589431656375 11390.37382036778 10942.681485169192 10481.027434203475 11391.643186979736 11397.987133756786 10940.783263938212 9122.697404542081 40580.59027526496 0.0 0.0 0.0 5824.917277069798 58184.6896449238 75204.73476159385 8471.913180911271 5824.9172770801 11649.834554159357 34723.26364063236 7276.716724708434 7744.71690819548 8673.737131873288 10487.375079962665 11388.482212466522 11389.113925385454 11839.981190343597 10943.950879813185 10941.40404803732 11397.346593731818 13123.170981974987 12160.103357211405 14029.820195256816 12265.64884613261 12159.884977284335 12752.66627017716 0.0 0.0 0.0 0.0 0.0
0.0 0.0 0.0 0.0 0.0 0.0 0.0 0.0 0.0 0.0 0.0 0.0 0.0 0.0 -9999.0 -9999.0 -9999.0 -9999.0 -9999.0 -9999.0 -9999.0 2751.47113160418 8249.484952381803 11949.234458315701 10930.014468456877 11492.00853472321 10575.702657892189 7812.273060372949 8256.29469041166 11492.638818481213 9188.950394879199 76197.27115982503 46960.07136057134 29341.06361486085 0.0 22989.57674612373 0.0 97801.16434294858 0.0 64164.415501840536 74413.53944489083 35029.91371352374 35133.98316680943 134663.10823339404 146361.11234683095 146441.25178420308 146401.22419271542 146345.08081772958 146297.1172533946 146337.19161324398 11483.217684676805 11488.874041528758 11490.753879948077 10950.87915332619 0.0 0.0 0.0 0.0 0.0 0.0 0.0 1007.468540739031 3001.000381851062
-9999.0 0.0 0.0 0.0 0.0 0.0 0.0 0.0 0.0 0.0 0.0 0.0 0.0 0.0 0.0 -9999.0 -9999.0 -9999.0 -9999.0 -9999.0 -9999.0 -9999.0 1079.576988310389 3231.909499469585 6022.1481267098925 10656.340700998278 7399.510809318708 5554.306607036562 11115.47796040333 11112.977421921501 8791.211326716182 82508.48195805022 82444.94490838313 47159.09616156345 35444.69565527286 44851.36291608544 4793.1607712025325 0.0 0.0 116705.65036147843 99686.32901521014 59166.89524775685 112207.00529314538 147564.41167389677 147508.89485118727 147548.55722165623 147588.1453340807 147580.25577273074 147580.29325874138 147596.14699679273 147588.19210242655 12043.674768709645 12048.65900409456 0.0 0.0 0.0 0.0 0.0 0.0 171.53969077203826 0.0 0.0 9565.101658418556
-9999.0 -9999.0 0.0 0.0 0.0 0.0 0.0 0.0 0.0 0.0 0.0 0.0 0.0 0.0 0.0 0.0 -9999.0 -9999.0 -9999.0 -9999.0 -9999.0 -9999.0 -9999.0 349.4630082844759 7922.368210588271 4193.671272199677 29193.397547507062 29197.265512664577 2793.3106581060892 5130.532604773842 5613.773510400634 65599.17059842362 59576.2959796558 17656.01217743031 28389.516950092737 6690.189838660181 32707.96537022896 23581.200421826026 14312.171980933259 100287.47392308776 136726.3658380112 124759.21232764421 130852.73741782036 148724.81626344076 124939.84790625527 107012.84094757885 142717.8510763056 148724.81662040466 148787.74532523812 148756.3366663599 154653.42884751115 12144.050428776083 12140.97464287396 0.0 0.0 0.0 0.0 0.0 0.0 156.85748658352398 1830.2175503459514 17931.669714102787 0.0
-9999.0 -9999.0 0.0 0.0 0.0 0.0 0.0 0.0 0.0 0.0 0.0 0.0 111086.30736506122 0.0 0.0 0.0 0.0 -9999.0 -9999.0 -9999.0 -9999.0 -9999.0 -9999.0 -9999.0 18772.755632229488 -9999.0 0.0 23558.600300474704 20621.95005903941 5180.868800315094 8471.507761043458 107811.07685616138 53905.40740536501 6963.5685980689 25964.360479323506 23543.302836444076 45457.47971331406 61706.887876146924 44689.823159306725 0.0 0.0 0.0 143984.31045080736 149913.16615851884 149983.30146499138 114066.94933692111 143976.52406513182 147182.38003430748 149851.03287157472 155951.1365833651 179877.18132467128 79855.46044127044 0.0 0.0 0.0 0.0 3902.9546508096005 1863.6273351491163 0.0 5126.308971465239 65520.30151305676 0.0 0.0
2402.343696026484 421003.720037597 46229.92865527454 140956.70532485814 0.0 0.0 0.0 0.0 0.0 0.0 381794.39087232033 0.0 0.0 79515.4684948558 0.0 169069.40385081517 0.0 93470.85519406793 -9999.0 -9999.0 -9999.0 -9999.0 -9999.0 -9999.0 2959.6190703737257 -9999.0 -9999.0 0.0 14832.25050609586 29656.875264256647 29660.64217041699 26181.47550216461 29637.93476159309 23684.550940896515 47490.332046509946 50552.292010377365 89095.63163611479 92062.8076782891 92062.79855480307 68287.29555884874 91958.19739492207 121497.4902243427 124856.47324529123 151066.87824080532 151089.98534872266 151090.0517526624 151051.5396680463 151028.3675842777 143242.6381176064 151028.30118033802 169072.26350733795 126784.89999664067 114917.5036168854 7117.820175422461 6951.079939167507 8797.292751174382 0.0 0.0 35384.332423434826 82045.41514319103 126994.41053534501 37227.57040571019 0.0
193456.51478657566 185977.13263491655 171856.4374793652 0.0 0.0 0.0 0.0 0.0 0.0 0.0 0.0 0.0 0.0 0.0 0.0 0.0 186089.18502435138 221083.71964881965 84423.6477485399 14402.347432574785 -9999.0 -9999.0 -9999.0 -9999.0 8999.46488017512 26990.916270283746 6002.1360435519855 0.0 0.0 5975.920341481236 11933.047207189433 35945.455837719004 32959.37192657221 29984.492236707447 92782.24675849303 92778.47529060664 92774.73119286902 92755.93806811627 92763.45328274152 92770.96884836555 83823.99607794124 92763.46275712321 83823.99607794124 160115.03054982447 133828.01962180925 85203.40072720799 97210.86422424579 97279.6721680791 149857.23984600167 164143.44747461413 137820.4893996505 112359.99509752709 133980.71917697915 127919.69662384104 134161.97889821348 8562.65998655263 0.0 0.0 80544.07896330963 74892.6372314291 44855.54091365041 0.0 0.0
104632.25257159655 0.0 403228.0716291682 225590.19554952095 0.0 0.0 0.0 0.0 0.0 0.0 0.0 121999.84719376353 194632.3607251965 0.0 0.0 0.0 0.0 0.0 153705.20237286825 120356.16717329394 -9999.0 -9999.0 -9999.0 -9999.0 38180.996936335636 72308.44699703527 60218.71859905488 45224.394278295564 51330.3927156309 18129.013119778596 30148.34370823615 60326.26122678447 81378.52127961807 66302.47070955865 90389.20827686909 93408.84870767161 93434.85808086948 93468.24020356935 93460.78920340228 93468.23108018267 93464.51470348581 93457.11458382377 93457.07773936502 74669.66477153491 85773.53123764931 30586.38229218705 36746.055245650794 39351.52168326888 0.0 0.0 64046.12546355737 113947.8722591583 126811.93849771151 142433.61051429342 76021.20370108871 12228.48831850194 22897.975149073205 0.0 64386.078528028534 45439.18018441708 0.0 0.0 31960.020537998225
205816.20725560994 0.0 130388.88474685502 173151.2246258836 121225.28702276314 0.0 0.0 0.0 0.0 0.0 0.0 151129.96169474858 84187.40281237908 0.0 0.0 0.0 0.0 288883.4183661211 -9999.0 -9999.0 -9999.0 -9999.0 -9999.0 -9999.0 -9999.0 852.3947275065715 9095.862588753127 44552.820171274885 78956.91291076741 63693.00337774497 39531.63615273643 66885.41654905202 85022.03225743292 84981.59073852726 69747.18097604565 66731.1004207952 81961.92293754085 94143.56349587512 94099.47928923077 94125.23531297676 94136.21846743714 94154.59717997289 94158.27671220011 79004.63980515042 28770.541010127443 36134.162789612754 43571.24686712479 0.0 85699.21614839304 127873.20251197611 96182.3694333813 0.0 0.0 0.0 90669.34884638633 120453.77482961892 95604.91456317186 99484.59555388273 46784.74707522081 40075.746506816875 42457.6551426617 26813.92674139588 30670.82352963572
149445.20296037296 0.0 0.0 0.0 0.0 93630.46981517303 157002.32810854953 0.0 0.0 0.0 0.0 0.0 236681.78288299762 81586.56731559125 0.0 0.0 0.0 0.0 -9999.0 -9999.0 -9999.0 -9999.0 -9999.0 -9999.0 -9999.0 0.0 0.0 3049.0619507561505 9150.748534947681 22586.838421369146 26645.978284158493 30135.56364118122 52309.833306597175 42854.149526454436 30657.86031735056 9194.45341926064 52008.671283797856 91708.48023534354 51910.553816758824 61083.26164273665 76401.31426758003 91766.56989401733 91708.45251429042 76433.96476481308 27826.58791685557 19574.305679422767 47380.154318872315 80513.47000674508 127464.30516433324 48058.1835257755 0.0 0.0 0.0 72837.07446139045 84285.24966539077 59533.144233386476 61196.77578006012 61204.84255514676 61229.00315021236 86649.2794433532 83667.41532525403 88313.98681983165 67059.02079215006
217039.273214487 151583.1127571544 0.0 0.0 0.0 243539.84592964005 0.0 0.0 78677.06482398702 0.0 68441.00363150402 0.0 0.0 101528.7244754585 93893.48628670294 443222.7410904741 0.0 0.0 -9999.0 -9999.0 -9999.0 -9999.0 -9999.0 -9999.0 -9999.0 -9999.0 0.0 0.0 0.0 64721.70247397464 86260.86015370744 87788.03849012664 63644.6434072249 61181.551884071974 43067.45186168767 14505.387792117566 12319.344051446787 24595.62466283409 30816.434962110503 30845.135032605984 15393.863410420869 61575.27292840815 46105.99068722199 33818.97991988879 0.0 2824.6899643305605 16285.123262726709 52944.32586702723 178799.09143450914 72596.13669920249 0.0 0.0 98574.88726104988 165886.55610581324 158527.47398276857 53803.712771076986 35110.620528429354 66774.13275733037 107482.95843626243 0.0 109220.27808387682 49089.16710861541 29870.009396291203
0.0 0.0 123019.68106994391 122033.04377919172 162241.3897363825 0.0 220769.0946881673 206777.18309080653 0.0 47216.781971684984 0.0 0.0 84222.99888497705 0.0 0.0 0.0 0.0 -9999.0 -9999.0 -9999.0 -9999.0 -9999.0 -9999.0 -9999.0 -9999.0 -9999.0 0.0 3095.970196664202 43421.785971568475 99258.67752227778 82061.97736978762 77486.14280988385 101269.72150871712 87756.51473117514 55809.836234007504 60936.3848758032 81114.81609006201 86899.6204193379 86892.93613463984 63260.93897415373 46502.05060814713 69498.12724468642 56444.442560327436 55861.41828574548 80697.84150572603 77608.98649828637 65207.31545762399 55628.52496799347 72341.18855269454 75922.78138294064 76499.72131450685 132526.43654325925 132497.45233844285 154772.32920520284 0.0 115095.96322047462 157074.15998492806 189208.37498465486 18293.51657604162 92575.51957297024 51851.089469581624 47660.89784353804 5963.250306394964
0.0 0.0 0.0 125405.9345518592 131125.25816554937 91365.30226946874 76563.19415152683 152642.23543061677 0.0 0.0 0.0 0.0 74275.17210661773 86224.56271068341 0.0 85833.09188180951 0.0 0.0 -9999.0 -9999.0 -9999.0 -9999.0 -9999.0 -9999.0 -9999.0 -9999.0 0.0 9393.893118570504 53091.469258466284 40194.18049299034 29281.767596487156 0.0 0.0 77809.38773981544 79271.81608274463 64597.20455732837 38766.34205136151 44564.52468752135 89041.56451394167 33904.97876538044 28382.914081495986 71905.08729166609 0.0 0.0 94954.20398940505 96595.72152648332 96778.68403768756 96615.96316438135 95000.90169571598 56630.33524906288 55907.6941230955 76035.20379495005 100205.62345967817 0.0 0.0 190284.6498771182 145126.75245774275 0.0 193329.99846340014 47671.25101343127 33760.473601204576 22291.103589478338 26462.84328400526
0.0 0.0 0.0 0.0 185413.05327617814 236811.5238003681 308171.3825549395 114669.615798967 35540.317128167495 0.0 0.0 0.0 76367.58216725667 76035.29320292444 0.0 89303.75278074025 75206.04321486969 0.0 0.0 0.0 -9999.0 -9999.0 -9999.0 -9999.0 -9999.0 -9999.0 2291.690283021998 73430.35851417316 0.0 0.0 52277.17980105428 73951.52835739433 0.0 0.0 0.0 0.0 76123.91457322579 0.0 68658.96686756893 49990.39992186358 4165.048877881487 35483.35891043574 90265.75990067486 61548.515525074654 100605.80423463535 100612.76292271436 97429.24435217594 97436.24514814568 83526.69840172943 42715.38824683751 22690.905222594316 39988.95328834959 13790.652853377178 6781.427626315375 59617.34142239398 11708.59221160254 0.0 0.0 43020.49372523474 45093.71443048065 34047.07974292878 40907.006289683406 20909.38086596394
0.0 0.0 0.0 269149.1304907743 267762.75400376826 203648.90105148422 129218.60593098689 73127.96493328607 123386.40567769592 0.0 0.0 72433.28887500825 0.0 0.0 82880.98516324436 93184.88694726788 78419.41784601432 85853.35178306601 76127.22004961439 0.0 0.0 30127.452184698202 0.0 0.0 54231.05609606104 51064.766914521075 0.0 0.0 55667.15779010477 64047.196821628335 56135.536049676506 43724.159705342216 35712.78415479652 0.0 0.0 83303.66283205754 0.0 0.0 0.0 80336.15113094557 80382.45917080228 79454.59749569888 98072.38840559073 91800.34230451366 99851.5687312282 101248.66721758022 101269.29098516623 101286.50155320736 62913.76593401875 3564.931168244467 0.0 0.0 0.0 11431.804616984564 11463.114120043252 10693.654759736857 0.0 0.0 31805.802333342144 0.0 0.0 47212.644055978555 16519.498165438763
0.0 0.0 0.0 0.0 6202.620922901241 0.0 0.0 0.0 0.0 0.0 0.0 97018.5792975142 84375.2260517453 94579.41422957317 0.0 0.0 79897.88962365103 0.0 69250.69744349395 0.0 76603.18306841394 0.0 0.0 61464.02561111576 82257.8957353113 69143.37137046132 67202.17843414484 70694.98116392396 51983.2188206187 46335.89808131919 35138.94138291914 30918.675442556763 27864.661700792356 44542.58257402591 0.0 0.0 0.0 0.0 0.0 31240.45506434237 46733.28791748017 67942.25761021313 105077.57980968912 98735.24599362485 87666.67121165796 101838.0825918443 102883.1780813487 72690.00915441045 0.0 33967.05208997079 33974.96810334532 22052.13279324992 18259.346514474444 3772.9605365610787 7228.857500929973 18986.491417587356 17858.62783759975 0.0 60735.44919141296 60330.02978021677 29989.936640154916 7591.780571111035 37273.39757411291
0.0 28775.66579954066 29857.064666294864 22558.02913736421 43827.26872210752 0.0 0.0 0.0 0.0 0.0 200335.65375477687 5140.526062898402 0.0 85522.52324891856 0.0 101063.76333477846 0.0 83937.27430572479 77886.85527798226 81928.45064835537 72615.833662365 0.0 87650.59797994867 86518.78550262956 88762.9547523943 77493.78696483045 73923.43223426312 26552.82612155852 23355.490427558092 27276.608407627955 23318.70421041196 15574.369536934764 34739.731978271215 42041.518920795046 52685.434173502115 51543.43556705095 39278.573867611645 17716.966188249527 0.0 32817.790180093994 41555.579776305094 77268.11086102395 86335.53893717371 99254.28706772922 91727.84971263318 0.0 0.0 0.0 0.0 33724.106066355205 56761.07759548214 0.0 56581.33369523607 53152.74585259779 45777.64225491567 46047.96364187049 50818.07459001832 0.0 60436.72891553373 14872.645347220045 15056.360111412943 26553.947206478577 136700.70174838434
23772.224739116627 110680.74382365099 30775.593363567594 51059.21996388334 60517.74016352772 66674.99635785604 0.0 0.0 0.0 0.0 0.0 0.0 82767.64328954766 82669.8069029617 79560.30663208611 0.0 0.0 73182.50504897267 78344.59008110219 99455.90081222127 99457.52743338284 68569.47188669338 0.0 21775.420330195473 32320.305746720525 14084.471243856757 15663.658761112749 19552.344099000584 19584.60319506668 11750.795943991941 11770.870999382521 15639.447596176044 19568.473647033632 19564.461194433865 23144.324659632504 21162.36356151976 40239.79709073155 0.0 0.0 0.0 0.0 21725.74659141954 24604.022989503603 0.0 44998.15405030951 30347.09011822246 37976.886209033895 23284.617675341706 50062.37911520964 65209.84992237846 45599.14210296913 56663.82933719447 23029.22231352724 27141.663084132204 0.0 0.0 60580.844282982835 0.0 0.0 49355.35214168266 26543.319493283732 0.0 0.0
0.0 123273.06540614093 41155.98290256191 30827.94445104166 41102.6892950613 82043.35704301536 60083.45764350036 62483.88390711386 0.0 0.0 0.0 91535.5254281831 98335.60388210996 71587.06739720429 75982.87371762577 0.0 88364.86998601601 76230.06542619556 97070.70003441873 87917.01526383756 80770.07549997608 19350.567428629623 19639.521775270438 19672.96456618182 15739.969982068276 27626.531803112317 15775.822802981538 11838.765450731065 15811.54173329182 19704.787878220963 31547.65532637359 35516.48610153478 11854.693736502697 23649.80361696467 18014.019638552847 29911.678385413947 30447.819879340044 28025.383051072466 32025.899601473684 48407.6085124816 29070.33507404124 26556.900392320622 30935.315663668338 0.0 61870.23648846912 0.0 62430.63575489419 23275.067962298028 11564.077463810663 46213.420507058865 33872.69727353136 73479.84534461732 0.0 61005.160139151856 0.0 93409.83522459515 0.0 0.0 0.0 49946.8493080785 0.0 0.0 922664.7257239713
145845.52940207536 96450.41921386034 89498.48612921282 59929.09791793845 20135.72113066242 51511.6630401195 75520.88697932397 0.0 0.0 0.0 0.0 103189.23003829221 99016.47307225483 84128.7259153038 85018.72805061318 89024.56651926527 75747.34311942154 95527.34135289406 0.0 98109.56112492886 52562.48128183304 24471.622998997584 14859.76003314231 15902.016358064726 11894.151795159823 23831.42317194805 3956.8369103645405 11909.801213342813 11890.155972211078 11894.135591844553 27772.666096499896 15862.74804868083 19832.721157641117 15843.125406973002 11705.760533546409 40119.47968957267 34059.52381944735 44671.000460461124 52858.52865243362 42668.70002342699 22528.853114542468 15524.189148221765 30761.351735887838 0.0 0.0 0.0 0.0 0.0 0.0 50194.71305254477 66455.22421365828 104283.14683483326 111322.50769352786 114015.54002192216 113955.06014572295 0.0 0.0 0.0 0.0 0.0 0.0 0.0 0.0
