Model Version1.4/trunk/input/2010/nh3_graz.asc
ncols 720
nrows 360
xllcorner -180.0
yllcorner -90.0
cellsize 0.5
NODATA_value -9999.0
[rows 56 to 83 of 360, columns 366 to 426 of 720]
-9999.0 -9999.0 -9999.0 5258.7930902128055 47850.26668501939 26216.204658726914 0.0 0.0 0.0 0.0 0.0 0.0 0.0 0.0 0.0 0.0 16012.698127451678 0.0 14654.165508744483 0.0 27698.298154441385 0.0 0.0 0.0 0.0 0.0 0.0 3972.9388814159547 37875.24407078048 -9999.0 -9999.0 -9999.0 -9999.0 -9999.0 -9999.0 -9999.0 462.5613614945115 21734.15443465498 0.0 6770.465892135655 7178.708882292857 0.0 4921.8976718862095 0.0 24119.740578073684 1479.6051103509508 13164.847886180129 5263.233100359858 19309.206078819978 17129.567078283246 16254.784034308665 1293.816264762365 6024.246181506437 4167.502536054026 0.0 0.0 0.0 0.0 0.0 0.0 0.0
-9999.0 -9999.0 -9999.0 12297.81344079362 0.0 24409.701989491892 0.0 0.0 0.0 0.0 0.0 0.0 0.0 0.0 0.0 27306.650785460803 29066.486296150244 0.0 0.0 0.0 15357.059323554657 41526.41862387219 14140.681142227257 0.0 0.0 0.0 9561.760428267402 8557.38697311433 48843.76694750778 -9999.0 -9999.0 -9999.0 -9999.0 -9999.0 -9999.0 -9999.0 7444.446747286588 25276.26292956024 31160.424638257755 30879.39294027377 21684.32941647704 30804.281851262993 22395.485330447067 11966.174442965099 11850.263617342218 12337.279423771135 15078.290341392028 0.0 16710.50730968033 1647.2873561035206 9514.123819845154 0.0 0.0 0.0 0.0 -9999.0 -9999.0 0.0 0.0 0.0 0.0
-9999.0 -9999.0 -9999.0 56113.939665919555 20770.697525450887 0.0 0.0 0.0 0.0 0.0 0.0 0.0 0.0 0.0 0.0 79449.16273473983 110118.14236360205 97653.11234941086 22492.185570332633 11301.324116992279 15601.167297788836 0.0 15450.896200420491 9361.84502101257 0.0 26171.601357480868 14826.034783046063 22595.83541960609 138360.08745201404 5564.4687361009765 0.0 -9999.0 -9999.0 -9999.0 -9999.0 -9999.0 9244.157689327953 26235.268401325797 52944.4428492633 73220.000565379 66520.29919301599 73872.11775303006 34441.72761462297 65667.86728472426 70586.55545477259 55444.592929641134 27711.56577109919 66944.31995648125 25771.39053579595 27806.906750248567 0.0 0.0 0.0 154833.72317757164 0.0 0.0 -9999.0 -9999.0 -9999.0 0.0 0.0
-9999.0 -9999.0 -9999.0 -9999.0 0.0 33087.290677677556 10186.806487635771 0.0 0.0 0.0 0.0 0.0 0.0 0.0 62219.89504898577 24958.508647803257 231520.08704672504 19874.12470895663 35105.306730035896 0.0 0.0 13089.131451184046 0.0 0.0 39167.40300482815 79546.25905091439 49519.602586660374 0.0 16775.681079438593 28569.962346686752 16834.687238798455 7610.856747592072 -9999.0 34358.308570459245 9710.79290137044 -9999.0 -9999.0 4188.2350308433215 50970.21880029423 64182.48575488021 67449.86063313507 36096.74266524099 55653.948628067265 53730.27356130951 30235.620098721563 32145.930119445562 10342.887556219444 6833.040928758587 -9999.0 -9999.0 -9999.0 0.0 0.0 119753.22577128142 0.0 0.0 1356.982056676125 0.0 0.0 0.0 0.0
-9999.0 -9999.0 -9999.0 -9999.0 26263.278021838556 23590.689674303187 0.0 0.0 0.0 0.0 0.0 0.0 0.0 12764.385265509176 61332.44960040769 146490.5407960691 293260.4217351997 24111.493447667366 11442.164654482876 17520.676496027645 0.0 18357.110846330568 0.0 21208.913171056673 10833.379717796915 14414.083579036462 53333.88023302959 51007.989109865346 63342.86893526594 138044.86846436243 32566.41903771182 43020.43647815831 -9999.0 -9999.0 -9999.0 -9999.0 -9999.0 -9999.0 -9999.0 6166.02882715101 29497.306525176802 6462.009038805894 -9999.0 0.0 -9999.0 0.0 0.0 0.0 -9999.0 -9999.0 0.0 0.0 0.0 0.0 115389.67664784126 0.0 156428.51361954494 0.0 0.0 0.0 0.0
-9999.0 -9999.0 -9999.0 -9999.0 66465.94371753179 27922.293059202915 42864.096031390334 0.0 0.0 0.0 31565.943656125906 31565.943656097912 0.0 68861.99241402562 205722.5606887403 198021.44755350662 216690.58527423898 26195.53730676601 0.0 15329.207959004396 38871.83761572216 35775.0647956909 68138.95742755104 18200.068125245856 68650.4381813211 24820.579233491753 35067.54678241959 58076.11248039285 44850.53760831705 83468.0300959069 174735.37580340047 17022.128672706905 -9999.0 -9999.0 -9999.0 -9999.0 -9999.0 -9999.0 -9999.0 0.0 12191.05601587066 0.0 0.0 0.0 0.0 0.0 0.0 0.0 0.0 0.0 0.0 0.0 0.0 0.0 0.0 0.0 0.0 0.0 0.0 0.0 0.0
-9999.0 -9999.0 -9999.0 -9999.0 -9999.0 106128.28320798962 19860.331480186258 25811.398817518642 31315.59635023652 48807.11425161126 28046.75244654094 50410.514728848466 0.0 10244.073808690508 -9999.0 -9999.0 8082.600641893003 0.0 7291.303494729604 1273.7374192471134 17278.577504826164 20837.146510579416 24543.557156217375 27832.091516113043 17200.008251158673 14151.00369580091 12699.370719001548 54337.39942353649 38123.52829384539 17663.28632880698 -9999.0 -9999.0 -9999.0 -9999.0 -9999.0 -9999.0 -9999.0 -9999.0 0.0 0.0 0.0 0.0 0.0 0.0 0.0 0.0 0.0 0.0 0.0 0.0 0.0 0.0 0.0 0.0 0.0 0.0 0.0 0.0 0.0 0.0 0.0
-9999.0 -9999.0 -9999.0 -9999.0 -9999.0 0.0 24173.340109659617 30127.293133862226 38705.39463284353 0.0 50220.56647099158 83071.70808309503 -9999.0 -9999.0 -9999.0 -9999.0 0.0 2615.681102372424 0.0 31611.05068055658 29077.976205995543 55007.083431563144 17120.7000932669 10018.269628785009 24223.253869266973 37974.00981604643 23223.93528501541 16297.450346138186 -9999.0 -9999.0 -9999.0 -9999.0 -9999.0 -9999.0 -9999.0 -9999.0 -9999.0 0.0 0.0 0.0 0.0 0.0 0.0 0.0 0.0 0.0 0.0 0.0 0.0 0.0 182688.63432511635 0.0 0.0 0.0 0.0 0.0 0.0 0.0 0.0 0.0 0.0
-9999.0 -9999.0 -9999.0 -9999.0 -9999.0 -9999.0 -9999.0 -9999.0 -9999.0 -9999.0 -9999.0 -9999.0 -9999.0 15676.244451059161 146673.32673748373 -9999.0 -9999.0 11758.678932656845 11055.10049865809 0.0 0.0 0.0 59350.13108891815 12484.359775519475 11289.669964630128 47167.123519588684 33877.69404838132 50689.746238735555 -9999.0 -9999.0 37585.09615811811 59985.039906938364 13224.821719701597 -9999.0 -9999.0 -9999.0 -9999.0 5020.314980881687 19730.363098996044 6866.626779670762 -9999.0 -9999.0 0.0 0.0 23124.004015923754 24957.316368529475 0.0 0.0 0.0 160581.6263817401 130402.55308277217 145798.5226434687 0.0 0.0 0.0 0.0 0.0 0.0 0.0 0.0 0.0
-9999.0 -9999.0 -9999.0 -9999.0 -9999.0 -9999.0 -9999.0 -9999.0 -9999.0 -9999.0 -9999.0 128626.47102726765 112270.68590220659 142335.59086745066 98176.74299915212 86231.1487756782 14823.085735680404 3170.3921216121153 37893.021868432676 14549.14320244879 0.0 0.0 22065.009731231607 0.0 0.0 12125.384896548136 49608.696841502606 45037.70677446902 13888.470478275289 -9999.0 42852.81464853138 35982.918307062646 -9999.0 -9999.0 -9999.0 -9999.0 1176.2114730643532 12696.153161283723 24806.642723475277 67324.90588972604 36719.30355272525 -9999.0 13268.950938919741 0.0 0.0 26369.13276783839 0.0 12938.89321532448 0.0 0.0 98238.62352454841 113500.81616494725 0.0 0.0 0.0 0.0 0.0 0.0 0.0 0.0 0.0
-9999.0 -9999.0 -9999.0 -9999.0 -9999.0 -9999.0 -9999.0 -9999.0 -9999.0 -9999.0 126012.43244256914 70623.71310204724 138001.52816954153 85045.73909160106 144415.1398344249 -9999.0 -9999.0 -9999.0 832.0133647558639 37886.41250010722 46379.946549721 14494.51782555043 11449.434828652176 33899.17078334133 12350.066442818677 46108.96980872639 58305.26802067407 59239.124799260404 -9999.0 -9999.0 6217.815092641796 -9999.0 -9999.0 -9999.0 -9999.0 -9999.0 25643.27620766701 52828.0353814144 16578.254679258982 51573.68231663441 75959.96199885725 10450.75789463106 34729.741917897976 23750.441112973553 38819.342280227764 26745.425627036202 0.0 33823.5334274141 0.0 25644.902684216042 158683.47160377068 202156.99993541735 0.0 0.0 138011.59310541904 0.0 0.0 0.0 0.0 0.0 0.0
-9999.0 -9999.0 -9999.0 -9999.0 -9999.0 -9999.0 -9999.0 -9999.0 -9999.0 -9999.0 76703.39516128892 45613.51506866129 108981.35300275253 165207.75588648173 134271.34393389296 146385.06769851103 -9999.0 -9999.0 113654.5344001771 33671.87025975696 84633.21941224304 151056.8877417698 65500.089018342405 116479.46877276513 75625.08846804334 70286.31631185905 27738.988527811176 4159.225575156916 -9999.0 -9999.0 -9999.0 -9999.0 -9999.0 -9999.0 -9999.0 -9999.0 49384.0076808469 0.0 0.0 158529.21231153092 0.0 40555.38981177792 78501.2415521723 72102.13143076433 49925.27799442992 13773.744385129969 33525.00660680042 50294.122869262785 13675.265263689622 13734.834689472002 0.0 142871.08387873237 0.0 0.0 171213.82573206117 206587.79089500505 0.0 0.0 0.0 0.0 0.0
-9999.0 -9999.0 -9999.0 -9999.0 -9999.0 -9999.0 -9999.0 -9999.0 -9999.0 -9999.0 183331.6870089119 26297.37324613545 81574.05971482483 143225.31026533543 83320.47822604673 17475.298340756224 140336.77396294445 124080.81630379456 319871.46557608934 34689.778606333864 40032.298236592265 77120.05416474535 31864.20704586108 -9999.0 -9999.0 -9999.0 -9999.0 -9999.0 -9999.0 -9999.0 -9999.0 -9999.0 -9999.0 -9999.0 -9999.0 -9999.0 120251.80869323791 0.0 0.0 0.0 0.0 83471.43415217924 0.0 0.0 0.0 0.0 0.0 67253.8536799731 0.0 288924.9288375147 307174.1223797047 0.0 0.0 0.0 0.0 0.0 0.0 0.0 211900.30656136628 0.0 0.0
-9999.0 -9999.0 -9999.0 -9999.0 -9999.0 -9999.0 -9999.0 -9999.0 -9999.0 -9999.0 33250.3588005024 74035.96275837408 50695.22981814122 105783.3214294073 210940.92814464093 402984.7251827147 60854.99457633921 126169.03496252316 58786.14402005605 3826.4262658439993 1614.8833172005538 1615.8794141003507 627.5631590517168 75020.15154063333 0.0 -9999.0 -9999.0 -9999.0 -9999.0 -9999.0 -9999.0 -9999.0 -9999.0 -9999.0 -9999.0 0.0 105433.83551586753 131398.20798544027 0.0 164386.3464757394 80263.34838208443 0.0 0.0 0.0 0.0 0.0 149394.1664107923 200647.91204250726 0.0 184908.9503107473 0.0 0.0 297970.13936809555 329552.3258807197 365231.8553154971 434008.39957447373 206564.91234259133 0.0 177951.7347620877 0.0 0.0
-9999.0 -9999.0 -9999.0 -9999.0 -9999.0 -9999.0 -9999.0 -9999.0 -9999.0 -9999.0 2381.6232340390284 120448.82970305585 148428.44951923558 107427.7387442503 13042.21309638968 23032.837026263496 87767.48206890075 89120.43807148737 39260.32957831043 0.0 10796.884852937701 11552.865083506033 -9999.0 -9999.0 -9999.0 -9999.0 -9999.0 25240.644161831486 51240.96953757218 0.0 85885.59086570807 0.0 -9999.0 10221.964586895409 158629.79113666262 97879.13728033024 201294.89903677435 56447.83057143849 85516.23482008258 34416.27115132255 49478.409760883726 0.0 0.0 161309.77369865612 0.0 0.0 0.0 0.0 0.0 0.0 0.0 0.0 0.0 0.0 321401.08096566633 385569.62743175344 207909.75389100355 206244.51033810352 199204.9918173892 0.0 0.0
-9999.0 -9999.0 -9999.0 -9999.0 -9999.0 -9999.0 -9999.0 -9999.0 -9999.0 -9999.0 -9999.0 61361.47541984083 398851.6709951132 518446.5975542142 224105.40617914862 83417.85950698752 12455.09401160632 65776.83392716091 89334.04016821348 72370.58020263635 91042.22762277076 86876.71511362407 0.0 15699.085515071072 26995.347404336655 37938.02030268745 87837.08083926213 0.0 0.0 0.0 84107.4538884224 60656.24291041119 29749.35765218115 86114.82527797186 77984.54839305679 59716.47254153415 33420.780758400266 51800.77406822557 38996.617789217154 0.0 0.0 0.0 0.0 0.0 0.0 0.0 0.0 0.0 0.0 0.0 0.0 0.0 0.0 281778.0912848078 357254.64457866084 233039.8662959749 540354.300347982 92342.55771710047 80114.38136580413 168597.54745374533 0.0
-9999.0 -9999.0 -9999.0 -9999.0 -9999.0 -9999.0 -9999.0 -9999.0 90354.16723227955 338627.1533706814 1290.0980160810977 382438.7934205723 453584.77031472465 411656.3963730609 209308.86320343686 105206.606388139 76221.72257635824 104343.30506151707 153424.2598551144 127055.16525402464 138219.83009055624 130067.69920453886 57452.92022104409 254094.27968083858 0.0 0.0 0.0 0.0 0.0 0.0 0.0 136250.7242384016 21943.813437612018 0.0 0.0 0.0 0.0 0.0 0.0 0.0 0.0 99024.84539398928 0.0 135710.56319700932 0.0 0.0 0.0 0.0 142405.29181894567 141960.9865893759 0.0 0.0 0.0 0.0 357239.9081846234 272655.1172063114 0.0 241288.38231831157 390044.1011348744 179536.3565743771 135490.84931982076
-9999.0 -9999.0 -9999.0 29282.63151018352 0.0 792163.4693210073 772092.7905333142 379599.3670515213 406135.0967517808 444041.98957497225 598413.5114574152 480332.7714595477 257206.76767020777 260294.3408613363 213024.16126815695 147031.13790726918 214485.63757379336 185568.5749808508 98164.79931563594 140972.30627143648 80208.54571297315 41252.78412074341 74922.44096475805 264498.5202892139 0.0 0.0 0.0 0.0 94818.5264059818 117056.0548575171 205149.4606658692 296678.2715332858 7442.380566121342 42674.20827299028 84863.36724546643 0.0 145060.90331403803 168863.66924577102 0.0 0.0 0.0 0.0 158848.43448574722 125589.99042449768 0.0 0.0 103370.57083769463 91420.92702844263 93863.7406194274 0.0 0.0 0.0 0.0 66340.63565540405 388731.5147947532 0.0 0.0 187419.89193853983 211175.35116176106 146546.96268938764 209202.20939714668
-9999.0 -9999.0 -9999.0 299690.1765420838 0.0 515579.55972240807 639156.3502484836 232018.6074430148 130396.77445979489 116778.38675395877 179395.92193443695 132407.78284480138 135050.94920614653 192742.5081443092 80237.77327677619 56201.305506147415 196351.49053497775 114526.70249501595 90343.80991428753 116211.03695238638 120143.10617926353 121140.27037478198 198154.6413452047 190243.4659434544 0.0 162662.46894755514 256915.67634714098 178333.53036865147 16735.344002551006 29579.90330677049 54249.26410770252 131717.6818569832 248561.96641679714 312137.9481494383 95255.49675958119 0.0 140081.00460760656 178522.59590049656 120405.58878474691 0.0 0.0 0.0 0.0 0.0 0.0 0.0 0.0 0.0 0.0 0.0 0.0 0.0 0.0 0.0 391753.58279969054 268134.64321312937 0.0 64462.268983872214 78025.67011346835 70672.756671006 54191.16843463565
-9999.0 -9999.0 65900.90052964636 614777.0547721992 452780.42397153797 342338.05989022634 346543.33999044396 340195.0011039574 142036.11195662094 185261.64154137764 200714.78804368625 146663.2250907969 181662.85773171825 139061.3300794661 137921.92634981143 289407.58778847806 107625.94269637429 114662.19733400889 94344.09176440915 40677.97662318125 28270.462600282062 6445.466787176244 134299.42491544748 0.0 0.0 143103.86937811627 154157.7029444921 281030.79087816674 0.0 88178.51239321192 145246.7884832882 231071.06119272733 199355.46663478354 284329.09155230736 96335.82873015186 0.0 0.0 0.0 0.0 117656.65533509794 108078.17239539922 224069.44632754067 185239.39591485774 0.0 128733.6199378706 206045.336647336 223084.61784492776 267633.8234037031 331188.6597417762 345256.7614962616 0.0 338911.7490255167 375581.17486004415 0.0 161981.10901202724 351930.5450769265 191586.36018918638 100564.63631572296 87645.89383133483 81607.82674734555 119649.19412432524
-9999.0 54424.98868983301 187253.07452825675 458584.5254844727 464893.0242696029 293110.4320227462 195724.0019209728 206168.66126658572 153407.68328887213 149735.36856538148 165817.86771259183 228799.44562954316 152540.25396528287 105695.38459074347 59124.720662240536 52767.89371704565 198932.00184274497 89786.58807750983 95937.76530181667 92846.10349017968 38756.173398610845 63951.777300544585 0.0 0.0 0.0 211590.3296842509 176846.43307195345 0.0 182387.38403468716 278298.83183306566 80905.2293524566 94876.68256684407 0.0 196217.64247300243 130700.05051348831 44533.295185732546 0.0 115528.6332742023 0.0 120991.22596973731 177772.6450574755 300497.30608692724 415691.7947588209 140203.99582205512 107444.69976765267 159810.20978383662 184035.562519751 108452.630688379 0.0 0.0 0.0 0.0 0.0 0.0 0.0 177224.235852072 92229.57516372108 127561.51276446914 98421.61555075858 122186.16918703774 138134.30260236637
176316.7582161753 153109.1367979219 347784.46677169594 302745.46568377904 261385.12631982466 207473.75214071607 162164.89206434277 115682.40495608422 432203.765578367 403762.9026763784 234923.08090962766 200469.96514101283 90466.88394505873 64780.131752696536 43441.63383449951 21918.737915199516 56184.03945309971 22764.62058723078 32679.541892636375 20814.83019940845 77911.79514625492 0.0 197105.39981021773 403217.13711360877 82338.03980906073 48012.6318841642 228784.69025213658 235499.42160632872 182731.46583556067 200740.83902180794 86195.77902328772 227316.97103474985 298597.1487668665 192429.5370583118 122258.4535334676 0.0 56576.26406762298 0.0 0.0 0.0 101750.56226809567 116516.36543674377 112935.69563767727 79555.48781717394 101926.41931786227 158316.21054084678 125844.08186575756 109339.15385664561 0.0 0.0 0.0 90031.56287985916 0.0 145963.9794644893 0.0 188243.78420932335 112986.73251910723 120442.10702530529 147195.06125362898 232831.8341901831 97654.25462666231
208621.65477110693 171422.87081327644 330781.14405641676 332061.24447381974 486132.3818954203 675124.1784718613 216106.70631000228 147601.90589017025 511131.8465362417 450125.18754917535 348920.5417747544 199133.3869296217 217724.16498636105 225786.54967398435 224007.6037577582 42479.96449013178 30701.92230802367 204297.75210953964 131858.11425879382 206944.15596228105 90211.88044365874 63487.49236043081 0.0 275534.40973288513 0.0 0.0 62513.49143424158 8829.843674102893 13738.289769827225 152929.0458445203 201308.0458272996 147677.2585693849 251310.47166821396 173153.87362026089 126514.14018822514 205036.30726521963 115613.2084243195 218478.47302815766 158675.86868960486 0.0 54754.662272919864 47932.617215761085 36075.983247563 13842.69246594487 17812.587396893723 68140.13129019938 92527.0692659995 7895.914272784536 53821.68265865809 39913.948306331185 51705.34309524243 36723.17073543397 65463.30323522817 84727.4160441686 198396.75660636713 127571.04944078381 72173.40803291593 41993.75530189273 62292.2088903657 42154.355403613954 44106.687773335594
141964.00310336959 333175.4233589972 733923.2592861778 472710.0437826577 561856.8110258392 556937.6889361661 387917.03416299325 315477.83575563296 164973.56383513592 290045.3249932085 325565.90364518674 340590.20086266694 504519.94442596985 205514.718162672 130574.79770792018 249573.5662973793 199146.74483895814 242166.02735786728 122165.96788801228 0.0 0.0 172665.20981704522 100093.35368606044 65356.118650832985 25354.00831340548 76429.88480406615 102101.07559524637 0.0 0.0 17680.5890759107 153394.10178395684 255306.3529032773 324373.5619193228 162877.7499082944 45120.72039674229 74517.5945563357 124998.8608048805 333928.0508676828 176436.2501688061 127123.35409370283 193913.5739460137 86309.44845983104 122901.35685564081 104206.99578037277 37892.5081941697 45530.99268960662 6804.886384429306 22421.64793267327 23026.655087905696 43096.111681612034 20059.3744271925 21566.059009193155 27130.92291236175 47928.11881309424 59117.11681821164 94733.77406078864 47425.41781603236 51340.96619452689 18339.002888912375 47701.99283672872 52327.27602063588
139092.70529974235 154487.5250716267 458676.6537710891 575991.3462536242 683787.8600678996 505685.21115725813 555096.4371156048 318053.12938179215 324336.2279385742 186827.92048660354 106878.5641223394 283317.1321636891 239201.13587243034 92008.87494399221 108360.70218420232 370695.45350022946 206576.76974543894 248154.9767950915 75156.18746362907 0.0 189318.91890952835 0.0 192418.1236118328 21864.93554023881 75025.99107591274 85868.96103556328 73405.81867491025 144552.2671445286 89857.00123700524 100361.23626390404 122395.50520095573 103392.79224371463 0.0 121915.96100386661 0.0 49204.29702744941 0.0 93211.09895062906 0.0 89160.51199535986 90371.9889615685 90063.55971261537 50247.06323161046 94135.1364602085 60156.56495660716 11463.011489656166 2419.520356494938 1364.0491114390047 15791.155041623608 9748.734935573764 6986.179658281167 15225.247559883404 13040.25717206146 21992.299249087475 51405.87847079004 37735.70725688929 47783.55667524171 46899.18440775782 50508.66699759168 58956.14862049422 66237.38151162947
207313.46926068873 134733.19138459457 27349.698870750683 134583.39983024122 423485.2333765968 295562.7492554847 715508.9031392407 646410.3582371427 551727.5170685288 231883.6423947488 244256.31648524993 276190.5391734072 104317.9178148225 125767.8662683039 153789.07476897904 168152.32631812684 235209.88468843783 142719.492467506 241249.56346719514 108468.5268844027 0.0 163094.06479321458 237186.92245788805 48304.25345691735 0.0 9651.400855276053 80324.89239761634 216310.27558318214 121220.2490546845 232558.9529740834 0.0 0.0 0.0 0.0 0.0 0.0 0.0 0.0 0.0 0.0 152336.44201128517 152701.16202636797 134787.9779603985 92249.9654398031 28223.46468691981 36417.35200658064 16081.96861014971 0.0 37366.21552592388 13667.5858784595 45816.774016523166 16465.616345043603 5807.335270391776 10827.05334209939 21322.95065170733 29027.912323664536 35627.21584978598 80648.84300136367 105944.40855066599 29397.306221726125 0.0
45250.03179245818 64221.91220193159 11710.53419915028 187989.82352500848 370271.3457312061 543350.3586252386 553444.7480278352 682917.328292129 510283.8611193885 343083.0388568222 160004.73721225388 209979.0190944206 224971.71844921954 264221.622924225 455736.27394474356 270701.5648521903 153901.7201274292 297560.79326858517 161131.66792906143 94825.55954135276 217952.43488305365 216734.07994426435 0.0 0.0 407165.8311682945 212049.3356453196 87384.75092009928 179631.44524133747 156127.58886034726 94279.74945251922 89748.64050916904 0.0 0.0 0.0 0.0 0.0 100904.01641909643 93504.65274723276 53480.20111257352 0.0 0.0 0.0 0.0 168981.3499830077 43210.106607286514 31697.92057537032 17654.587535594812 0.0 181404.1276675293 18999.494112214878 22769.129123719875 43662.92651890613 100060.94366753931 36428.19489780293 29994.20185655599 23151.666869836026 6212.076724220482 14542.586423998668 75699.17096137143 55446.99656977013 0.0
70903.88869540892 42095.49382391853 90088.03563262618 193334.70938561187 416724.3872276715 762527.5170643212 773326.7566197406 592640.9699991281 23885.424301729017 185337.3004652756 175076.77863618618 251110.9111160595 274404.23925516533 231046.61288155147 458780.28119708935 292880.6483333024 173389.2988949081 141401.84345177442 327204.243405795 364165.14607175003 259447.20787600172 205252.3342080274 314345.2858685602 307504.832064302 203006.22993566067 205788.06888192557 182381.93529916322 120148.22746619223 87460.51444638449 24714.531813675414 56939.14600995138 38488.71530627917 123776.98084056057 142219.98156594805 0.0 50624.67999842135 42783.88996474991 16885.051115000206 33840.14075361711 49850.43434830732 0.0 0.0 0.0 0.0 142453.95077851313 133511.51989436673 106713.0983095982 212252.62339107096 130865.52792045505 61292.17917798283 25980.653445356842 58379.93671511729 74944.31589440859 51832.544876100525 39531.27908269423 25646.220869354584 23797.85928717007 24080.222403667285 3677.5649968652374 480.6575758234676 0.0
