Model Version1.4/trunk/input/2010/nh3_graz_ext.asc
ncols 720
nrows 360
xllcorner -180.0
yllcorner -90.0
cellsize 0.5
NODATA_value -9999.0
[rows 112 to 139 of 360, columns 441 to 503 of 720]
31300.847789365584 20860.51463980058 20900.904857361405 52033.037090588456 85679.3673440833 23670.418875292104 53377.313640373366 0.0 0.0 0.0 44893.9759938106 83964.44449463286 104418.39310234167 92996.11000422794 108092.53182924558 96144.42528474383 77704.41527206555 0.0 84536.07391526942 92726.08291984192 51847.061825433135 51940.83499732695 31966.428102708225 22853.324728528532 23987.04024261194 19948.471675682773 3992.041598628549 15944.883082614118 35866.2483167145 15952.612490551684 31901.329789351326 19960.112905242106 27598.15937070378 35920.53880525013 15991.354618499267 14104.328645034951 33802.72457678579 51530.61618601473 46626.31426667353 65281.94171523371 12026.372722126418 0.0 27813.210161633124 46936.63750124208 0.0 0.0 93671.2590456296 101402.57968616771 0.0 0.0 0.0 99843.85490215855 99297.40677928686 0.0 0.0 0.0 0.0 0.0 53843.22958661023 205603.6548518852 0.0 103138.6211282294 0.0
20991.135003729203 20991.09155421201 31367.14616905654 42022.13437471157 29895.46340467209 48220.299533821475 43727.337144755016 0.0 0.0 5407.2038975223895 24236.660670830344 52374.9905833802 0.0 93840.76470834085 89251.74877219196 98127.36281267497 86995.72349220754 85701.08261560967 84589.07965143687 87708.1596196683 35559.84660096422 29111.449282083788 34715.57112888442 22327.003936383604 19602.60337329555 8007.243705071732 12018.556162935252 12037.681618733382 20041.124793434934 12026.235681780701 8011.089007731947 4003.621852528642 4003.621852528642 20033.479386852432 23856.67433379062 11925.717559811572 29494.824209641007 41148.444392003934 50347.77157894063 55694.35579339769 27487.235730378372 0.0 31743.263186422813 26307.01697045429 0.0 15959.61691814622 55518.31786289966 108627.31872328895 111366.73094143537 0.0 61676.54808324225 0.0 0.0 94815.23319094241 0.0 0.0 0.0 0.0 41491.31584620059 221054.4491370036 0.011319193075562659 135641.2087950404 0.0
10540.24473765012 21090.213252550267 21110.01508760139 21080.489475312894 42141.014458391335 41073.566983407865 27624.21397344282 0.0 0.0 0.0 7617.715193432277 41252.530209638586 0.0 0.0 76567.04882151698 90909.83212761012 0.0 74268.55454447574 0.0 73907.88280755458 0.0 21955.12147869873 0.0 15687.47209199189 12082.621941314706 12102.384869663205 20178.22232709862 16132.705096098432 16128.93825158484 4034.137812888777 8064.46912579242 4045.438346400503 8079.57615930381 8090.8766928155355 4037.9102006365797 8064.491725159823 15761.00359154212 21597.250941557126 41370.79162044164 22524.54538092632 20246.365617702413 0.0 46554.20543065173 19986.739815988283 58732.030365840095 35828.67818336881 39435.76571483805 67939.61767453476 0.0 46149.3591869841 38905.29004756444 66213.11908156093 96666.08619663103 0.0 0.0 0.0 0.0 0.0 0.0 0.0068646516013770795 0.0 0.0 0.009077230370458317
31738.70631355688 21207.793193433823 31619.67805568486 31561.39889556045 20991.289862240035 42013.54251266682 41720.77638111079 0.0 0.0 0.0018757925729411867 0.0 0.0 0.0006317551850000668 0.0 0.0 0.0 0.0 76576.17256742777 0.0 0.0 0.0 0.0 12844.790934648978 13899.654148860382 5144.228786100733 8109.5889640702135 17759.023794774468 10202.080894051489 8131.916280340732 20290.733034636032 15500.239580591662 8102.116250688576 20320.51600815187 8113.3165795015775 4052.927689502508 8135.621722810955 8111.977247535713 12775.587226524718 15951.666302170364 24377.16619629014 35164.45371673559 22660.076471100943 41403.871484727024 14427.656681062015 27610.827492339406 35823.877163052624 43066.5957732355 43984.123492083934 0.0 55699.20090734358 2630.8279808031098 0.0 63714.14260189337 0.0 0.0 43564.763627445136 23361.64335726263 4014.817156709508 0.0023239871481299237 0.027889496949053235 112243.51598038407 0.0 61174.99759403326
138465.89578660106 32000.20996673217 21285.42075410274 31952.197145570746 42676.549706458616 21059.803052878353 31932.95012729621 39790.3545396367 0.0 24212.201382647072 22646.68724545365 0.0 5425.246658244216 0.0 0.0 0.0 0.0 79125.09426489247 0.0 0.0 0.0 0.0 58643.70144555802 24335.048661985144 8179.741645955073 7904.974345793442 39418.41637096002 37676.011894984986 6921.667602350913 13808.732597559681 32682.363293586866 28572.40632872324 32689.634744663912 4089.870822984882 4071.5107606407696 8146.710334025621 4075.1995733848516 12251.285666037891 12193.799286627534 19887.328463765567 20190.720626704144 4948.509502846507 3215.562435844809 0.0 886.63020417133 7792.787399835488 3894.7078273623547 24282.26957909081 0.0 35317.58887652416 0.0 58751.371189731864 62390.08015288463 46753.21772017279 51870.92638455706 154292.86710852673 20160.673584046603 0.0 0.0 39515.465992316465 0.0 0.0 0.0
0.0 3659.919460124009 128808.64533311105 32171.368722195442 21438.179199733713 21419.28311983213 32114.63703296239 10440.46684033349 20377.5720976197 31358.357391916197 27302.546851094303 0.0 57675.712887744754 0.0 0.0 0.0 0.0 0.0 0.0 0.0 0.0 0.0 75931.42472548252 29293.340338137656 20291.597993328865 19905.195604096087 31340.20768616245 27798.382464078935 20420.21500994128 7617.050379638668 28687.30361418825 24601.06531872974 36900.214528798766 12320.404320510632 8187.04081328062 4093.52040664031 4093.52040664031 4097.158477420548 12305.979105469722 8201.571776270564 24575.664062860378 54055.41833619688 66161.62828880185 14847.243073645326 1621.1484823676794 8110.013773790159 5566.797273973132 16034.24823283158 0.0 3653.2448822926485 17718.1763733034 27586.441455353768 31871.024433601888 15883.196541928293 39221.85730546722 0.0 0.0 75609.5887282861 0.0 0.0 0.0 0.0023795937123109916 0.0
11982.241322971206 15632.433179987896 18394.703277253404 16564.177263974514 8287.747276234557 10752.084488319193 10798.71026749319 10761.45955540355 10736.89164344252 16437.976876688157 29586.278372096178 34050.18647341689 60119.92788155835 66496.79697074759 69340.5026959803 22701.670850905426 0.0 0.0 0.0 0.0 0.0 0.0 0.0 0.0 0.0 44965.500414264345 22691.625231479826 12359.974523188377 16257.193038860152 5646.106130256978 6752.246159434042 16455.08248586967 25728.76705756509 32829.92262603635 8262.575128020762 4118.804828052534 4122.381496805409 8255.443537092953 20647.54326577258 8251.866868340077 33018.25376485504 49264.73939681669 34449.080096397774 0.0 0.0 3158.0285758109867 16449.520638867765 6997.937524256634 0.0 0.0 0.0 35743.91827755563 36878.675647468895 0.0 75855.650154337 0.00476937528834924 0.0 0.0 36651.462494997184 39856.92444570188 0.020647717786674246 0.006907362232419883 0.0
6478.789609593886 11107.81794602874 18518.554740165928 16652.092871638193 15733.219310039127 12955.22881083048 54135.145487447095 10810.859418537895 10853.893371660462 10783.29237644326 10817.197476352674 21637.18574806287 32451.533382281483 42920.91419975375 140268.65155248044 135620.4676786096 45576.47457675304 25492.32571594022 0.0 52136.52183553577 76140.735960068 69280.67729463917 0.0 0.0 0.0 43358.16929883191 48639.87579479319 11861.82703306717 7356.406401152387 35036.5468743084 17066.639270562348 7239.645307969467 20090.93153705183 39656.56055314747 20714.27406322335 0.0 4154.182635947871 20714.766985025697 12413.348671611639 4154.182635947871 20690.091893670353 8303.42925657512 6806.808514156673 15016.475173011231 7670.907925661833 8338.923269160263 0.0 0.0 0.0 0.0 3669.750143888837 0.0004959763569329501 0.002391879317131933 0.002391879564141546 0.0 0.0 109011.38614976997 92260.20519531245 38131.59372435843 0.0 0.0 62942.86699639428 0.0
16745.74440460054 19537.705157618333 16754.26206512737 16741.105260435535 14866.797752486906 13003.731203818585 76117.45625319863 10883.353252624267 10883.355480795166 10908.258733841727 21791.613100489907 32688.766585595928 43615.01564402056 58429.28328043066 53687.44440073536 75958.54261878476 4871.191722892806 -9999.0 -9999.0 24410.25464629048 0.0 74946.17827483645 0.0 0.0 0.0 0.0 37449.42952476728 31851.343839534176 8346.537725333097 9636.168792344177 32772.147998169385 64802.47153128621 37850.030922005084 51895.21914573922 16115.837018081127 4174.990251770557 0.0 4157.675729685353 4168.09360890506 8343.083860675617 14979.477591829651 4188.451335569567 0.0 0.0 0.0 0.0 0.0 0.0 0.0 0.0 0.0 79822.76750738527 74078.0854061604 0.0 69641.74446556045 12690.710558934165 0.0 36021.21886992507 39706.844338698276 44593.75340197534 0.0 0.0 0.0
25244.28912226467 25232.85353296016 25232.091382417086 25235.14398188531 23375.214737246617 23371.56644590507 23362.79962073825 16815.272654387925 131396.13710424467 32798.19807242893 43713.65716969815 65517.69905774941 175044.21464826347 117105.94075327032 29927.723658151444 0.0 -9999.0 -9999.0 -9999.0 -9999.0 0.0 0.0 0.0 0.0 0.0 50569.26365613087 43168.19455730647 38868.38010734151 41017.950135810854 33540.076431087175 10167.501349346308 53399.09002708561 53848.75613043188 56060.972015124324 40233.52331610474 19707.159318788916 4181.859178417903 4178.427486705793 4181.859178417903 12559.236930426028 10003.470457058425 4169.977457546424 0.0 0.0 0.0 0.0 0.0 0.0 0.0 0.0 0.0 0.0 0.002418046124054661 0.0 138553.64738660865 111902.40174559 0.0 0.0 0.0 0.01916004589457815 0.0 0.0 0.0
25361.961816999934 25337.971396318942 25336.471650009928 25338.71346518059 25353.219070751562 23456.485606519425 25326.692748337588 24407.042284183244 21594.332820003503 15967.280426283825 15964.274937713435 20646.534084225877 25329.314401502616 25307.90137835744 157005.51091295687 27974.81437683125 -9999.0 -9999.0 -9999.0 -9999.0 11335.44105458134 0.0 0.0 50177.36322623559 49514.2749382657 46766.43993878641 0.0 0.0 45388.34342107157 44630.02120902232 41913.017459459414 46234.65539387738 44825.7996900987 62684.93439197081 35283.7393290802 45025.5840146818 15675.427378562816 20998.464870562366 4205.606416840463 4619.541437436735 16621.63289950419 21068.23975938029 68865.04458575103 0.0 0.0 0.0 0.0 0.0 0.0 0.0 0.0 38034.92865948088 0.0 77930.05998559255 76069.86560681861 0.00975033788694179 0.00487516931397 0.0 84653.98023786485 0.0 0.0 37929.70470203168 0.0
25471.908220050747 25441.708289984417 22619.915928953444 24482.357567514166 25307.21669909719 25452.85483700328 8487.510761190553 25473.66084265665 24534.76112825479 17931.168604792798 22545.515740279036 21604.452062661367 25417.740520644234 25451.714656729553 23566.20245072451 19718.634158889898 4821.789610824039 -9999.0 -9999.0 -9999.0 -9999.0 0.00025166874819305523 49972.71833312761 54212.86806780186 0.0 31540.938643330104 48010.58399704893 35143.2146587167 0.0 54045.60808137721 45200.62587611689 36012.919664567824 25305.699976128475 38552.30671777284 24067.988170455246 45156.800171031675 33690.365595820746 33870.84836018524 21174.20134263268 17452.34870133959 37997.35999681691 16135.114379847377 12673.514225862082 8467.712090031091 82195.80430460484 0.0 0.0 0.0 0.0 0.0 0.0 13332.057799718144 0.0 40701.00228329874 0.012193662371571178 121103.85109534468 187911.32014210898 424961.8406422877 0.0 0.028947565890356422 34085.41050584992 0.0 0.0
25577.66422260394 25534.601003507258 17024.353068138073 17441.258460077574 17910.099253568973 24489.72048624975 25533.807635979723 25521.316475731244 25590.922387222738 24516.29039824933 18835.54331819059 20828.74726353542 23610.317433831326 22080.357667145232 18975.554242886883 16712.128454505888 16226.493081677947 0.0 -9999.0 -9999.0 -9999.0 0.0 15700.885452543414 0.0 0.0 51415.131143460705 0.0 60232.505417388216 50757.85276865286 48327.53087327563 37897.44352947888 37048.171893106235 22105.780706184007 40475.76160721256 50630.774427524746 41425.1840193707 32547.203335401362 24498.928783944215 29674.70382676402 25445.712614167984 21210.188054008293 25494.520412470032 8506.817513341057 12752.139109842952 8408.598130202749 0.0 0.0 0.0 0.0 0.0 0.0 0.002458483893502954 0.0 0.0 81209.32979037108 155980.0824411386 0.0 72597.96312774817 0.0072727297970851664 0.0 0.0 46845.27423959243 154259.80856005088
22821.03659008051 24727.788793629126 25672.493529375133 22821.965675261883 10354.534154187573 14118.567681191817 19342.38756674105 25357.665868975935 25690.91296073323 25661.973225073707 18022.791130749632 18094.19544346606 25613.514707132003 23555.419705004042 8852.63526603415 8496.017096059906 10269.093632301214 13776.661691165207 1867.5367596366134 -9999.0 -9999.0 -9999.0 -9999.0 -9999.0 43747.68670666205 45869.75365876164 56820.9019798986 0.0 46244.83747218316 33420.976943595095 25515.32845464344 0.0 25934.030102903504 47723.507293843846 42514.29948066032 25079.78034280366 12787.545486753126 7347.908188442031 11399.828074357234 13680.491668352712 13935.252670635226 25597.463914981232 22528.52969097026 26998.870570645748 17093.731427643048 83045.56344756183 0.0 0.0 0.0 0.0 76993.06318051275 10942.397694658968 0.0 0.0 236370.1450696236 0.0 35155.742229628166 32396.87566237215 0.0 104022.20472635965 71071.86507027084 53328.703741596946 50175.4707697545
23895.23373076224 24849.134429658447 25802.090434917445 25794.447325005243 23425.85197025998 19042.95559963473 14567.938778360704 23652.949516352564 25750.602444720767 25661.895944026925 25827.314972285763 22008.413267875203 19138.618936858893 19046.48894498497 11488.921011414861 14171.96437887608 8434.7207003428 7480.877105634856 13818.022444203374 0.0 -9999.0 -9999.0 -9999.0 -9999.0 -9999.0 970.2584904307727 27549.431949605263 31416.2034756929 34470.17724213224 21921.165855540763 50655.77294576349 24903.3293792289 -9999.0 30214.557265939093 42830.650032271806 47186.57290352822 25727.334769711386 25730.414252589835 34313.49352416813 34329.18174506836 42884.05957214802 30032.961269797055 38537.59943718274 21415.37021486493 17137.94558583309 121625.24680139509 34013.447307878974 36998.515490339516 0.0 0.0 0.0 0.0 0.0 40813.75401937526 283498.8304676909 0.0 36914.09957405503 0.0 0.0 0.0 314427.78282074456 154202.2543969317 152297.34088391598
22079.346756505027 22075.761850826944 24022.020634372635 23782.042477466843 25794.938421013805 18511.79970739581 10403.516127175279 23005.592278288816 21207.23885922262 24734.597992013656 25891.76456596858 25819.856118556672 25898.051546666575 23049.839362414634 19209.46067809704 17285.430651135433 10519.467891992632 5625.619268997229 9494.804160451036 6160.7025373677925 27126.22099682711 66890.81412996777 -9999.0 -9999.0 -9999.0 -9999.0 -9999.0 -9999.0 -9999.0 -9999.0 -9999.0 2613.4424050096945 -9999.0 10669.288365963374 12894.84725478897 17187.96564793592 4299.322131013637 12888.6435168758 17184.85802252784 25650.352816620132 34385.24265917903 21542.820805898093 21545.984290189463 73517.0844998763 10468.825070402985 43459.169199689546 0.0 0.0 0.0 38549.81817088626 41433.666868847235 146814.60375499557 0.0 0.0 237160.2441580834 0.0 0.007328494439004489 41229.14092150397 0.0 0.0 211892.46522364797 258400.1350331819 53671.23436428211
24110.33368722962 24110.483966410193 21202.291162055557 20249.475823461835 21116.83512694636 23048.442594044063 20927.352893926698 19619.061683183685 22781.069084116407 23233.93031779246 25807.755741246303 25924.770119929355 25911.267168694605 25952.2292392551 26039.147427113865 11567.646271203823 10417.273001671792 7486.147346225272 14311.087119352873 7675.679878502743 65451.121571832744 151638.4238815789 54686.212872170894 -9999.0 -9999.0 -9999.0 -9999.0 -9999.0 -9999.0 -9999.0 89726.97687101923 206615.3334406115 -9999.0 7322.720667145204 12417.15463851423 11509.686714923017 8694.486887941503 4326.858813307779 4314.714001768061 8635.520450242748 3144.0050385701593 18595.632966353143 209924.55051315093 41540.71658032342 0.0 81293.68681780994 0.0 0.0 0.0 0.0 0.0 78151.64745957287 78977.33875430934 0.0 0.0 195870.96730453175 0.0 0.024540852320207106 41857.05825739552 0.0 106648.81603354859 262009.9437077986 107484.73522627029
24169.62886673178 21288.729103779136 17427.19712510267 11613.242061066692 23236.458415249734 18347.71433555036 9526.79811366382 10875.160284141257 18695.30116905023 23551.57764013711 24920.29205221679 24979.602459493504 23948.69885823235 25770.712445588084 26076.792886606603 21209.073236058717 6769.0011777367745 3832.9575193529813 5753.147004281935 1819.9148180493466 144372.98986943872 44814.37258338668 51188.20242856428 -9999.0 -9999.0 -9999.0 -9999.0 -9999.0 -9999.0 37370.17740107283 135716.645777623 245128.90740848353 -9999.0 -9999.0 -9999.0 -9999.0 0.0 8569.464648814917 8141.032137864088 17561.588311349627 14954.2289348868 6789.164428273295 42137.32820538284 0.0 0.0 0.0 0.0 0.0 0.0 0.0 0.0 0.0 196864.52715141472 99854.31786086825 0.0 179389.08857189163 0.0 2467.9233845961153 11919.82329965485 0.0 41795.92776682279 246400.16941160144 269228.61744850577
21356.810047928808 10697.62048775874 18483.28262590836 17508.28040716539 19407.053347440073 19375.69534449786 6744.3409249242895 9802.584307604518 14846.464593273677 18650.477403989025 20095.881168903932 22748.655557829497 15226.956429707201 9697.25877537065 26234.228939824407 26270.252069229824 7765.070939384697 914.0213236663141 0.0 1947.3935389204246 6813.442368488821 89658.44051522345 0.0 -9999.0 -9999.0 -9999.0 -9999.0 -9999.0 66125.14433887563 27426.442369463664 135556.58023055398 133411.12208875272 0.0 -9999.0 -9999.0 -9999.0 -9999.0 -9999.0 -9999.0 -9999.0 -9999.0 -9999.0 -9999.0 -9999.0 -9999.0 -9999.0 -9999.0 -9999.0 -9999.0 -9999.0 -9999.0 -9999.0 40773.3632968527 113170.59874693314 531056.6555398516 0.0 0.0 119526.03778876222 11009.450355257375 0.0 0.0 311539.62919384555 0.0
22442.7909230781 19522.60976097767 15614.518359266005 11721.04296462577 10730.597203996187 17492.708190484776 10696.945421068656 10743.495897768467 14641.428464575854 21042.55714122939 17992.79615725763 22177.411919646216 20119.31591828545 15956.919537743044 18766.79634880869 25374.14118831505 14486.550298168364 5658.253835992126 0.0 1949.9819765441275 0.0 0.0 325950.39398708486 0.0 25579.308853443526 13841.317891289878 62445.44388598774 60556.97246029406 42558.24276867455 37038.282163023585 21588.71599406646 124187.03557427881 77387.8985569207 0.0 -9999.0 -9999.0 -9999.0 -9999.0 -9999.0 -9999.0 -9999.0 -9999.0 -9999.0 -9999.0 -9999.0 -9999.0 -9999.0 -9999.0 -9999.0 -9999.0 -9999.0 -9999.0 -9999.0 0.0 440461.77098494367 321210.13698510185 42731.6223469889 59184.2094118237 0.0 0.0 0.0 488376.0805644109 0.0
25431.797382516983 18631.617223451263 9805.839055911549 12735.626760253115 6833.3951900631255 16653.46108798419 22558.22094606844 10766.205566738277 10742.16299087439 19359.7583273022 20360.150162134072 19407.162511565788 16193.688439412595 10038.800155170919 5865.655862522579 26476.03005275695 7828.643032131654 11595.680239429292 0.0 0.0 0.0 0.0 429968.1898784117 88879.20520649025 0.0 0.0 29076.426769384114 0.0 0.0 49050.278391103435 20656.449288715274 73732.05519360525 124771.95519552732 105049.99096786873 45166.6984408233 28052.759270222276 4500.661702314925 -9999.0 -9999.0 -9999.0 -9999.0 -9999.0 -9999.0 -9999.0 -9999.0 -9999.0 -9999.0 -9999.0 -9999.0 -9999.0 -9999.0 -9999.0 -9999.0 0.0 0.0 0.0 157664.67269511553 211886.80704886036 161278.60612199333 52649.63193328945 453514.80172763194 378798.3410062481 0.0
23541.42503919732 23602.054553147245 21536.51007199234 7857.097382314554 5900.428410294095 12772.28507863531 16727.327162176953 15710.045574420485 10816.345802965407 15749.056490129175 14579.572447802771 11204.080615509187 20137.290936304547 4349.966646343319 0.0 25590.904780137593 7856.942154077434 9479.032459858874 0.0 0.0 0.0 0.0 0.0 49174.75028057775 0.0 0.0 6846.462651391189 0.0 0.0 48561.52546815873 25046.637717118007 25030.875996192237 49258.270325679405 94968.4102229912 124261.32732229435 125036.77441319718 93845.80886509873 0.0 -9999.0 -9999.0 -9999.0 -9999.0 -9999.0 -9999.0 -9999.0 -9999.0 -9999.0 -9999.0 -9999.0 -9999.0 -9999.0 -9999.0 -9999.0 -9999.0 -9999.0 0.0 0.0 410714.5305848279 381357.62806110486 0.0 0.0 423762.1317000076 0.0
21485.135243230572 21620.301044181615 8825.454291632443 7809.19610607227 6917.133150593618 2966.038203645096 2966.033159440632 16799.112074265675 15806.231200808106 22714.330183455306 5925.444898054212 9841.532503866347 12251.019357946705 989.2781703382027 3955.316373969075 24695.901720389218 988.6806701971976 987.4768187606708 1972.5335620757296 0.0 0.0 0.0 0.0 0.0 0.0 289577.90764053096 584740.6565154522 372296.5659201478 148256.10213853826 142128.77595927473 0.0 0.0 25124.716544988845 43414.32195826707 70318.29822408615 74688.21049932895 75429.28777641474 63848.15421366965 16954.89847277007 -9999.0 -9999.0 -9999.0 -9999.0 -9999.0 -9999.0 -9999.0 -9999.0 -9999.0 -9999.0 -9999.0 -9999.0 -9999.0 -9999.0 -9999.0 -9999.0 -9999.0 0.0 0.0 0.0 372498.098827863 0.0 0.0 0.0
12694.19719672025 3937.088527151867 1983.2992241066381 6883.070217552958 0.0 5943.989577990304 9909.386839617468 19827.05426223592 17850.827010968147 15859.874588551984 7924.763750099725 8234.71461775562 15185.919671591077 3952.172312644096 6936.804400969736 18834.794682268788 2972.5898622002364 0.0 0.0 0.0 0.0 0.0 0.0 0.0 0.0 0.0 0.0 0.0 0.0 99046.66500000948 0.0 0.0 0.0 0.0 25276.84224561595 22330.493885461427 22128.50092200277 38315.770127575386 0.0 -9999.0 -9999.0 -9999.0 -9999.0 -9999.0 -9999.0 -9999.0 -9999.0 -9999.0 -9999.0 -9999.0 -9999.0 -9999.0 -9999.0 -9999.0 -9999.0 -9999.0 0.0 0.0 0.0 0.0 0.0 0.0 0.0
10738.805074339582 12923.772683864032 18553.681809765487 24792.32290157174 8946.678866785765 1989.7011745165632 14923.692176813025 8954.55362936831 9945.65808679037 8950.48800160502 13918.273032147894 16001.348308409151 9789.773411517603 3975.371840360484 12933.975964862104 4968.199035919069 0.0 0.0 0.0 0.0 0.0 0.0 0.0 0.0 0.0 0.0 0.0 0.0 0.0 0.0 2986.576390727537 0.0 0.0 0.0 0.0 0.0 0.0 25380.152919368822 0.0 -9999.0 -9999.0 -9999.0 -9999.0 -9999.0 -9999.0 -9999.0 -9999.0 -9999.0 -9999.0 -9999.0 -9999.0 -9999.0 -9999.0 -9999.0 -9999.0 -9999.0 -9999.0 0.0 0.0 0.0 0.0 0.0 0.0
16267.619421977666 22903.53282010125 26552.585353473176 26937.264949173066 19561.883926943647 11987.842482292985 18972.127682365004 18967.630632433822 8978.020690191635 10977.95598191089 11834.238405553911 4878.825344187446 4989.9897081336685 1998.8164303659007 8980.289820244843 0.0 0.0 0.0 0.0 0.0 0.0 0.0 0.0 0.0 0.0 0.0 0.0 0.0 0.0 4994.050291710287 1997.6936668762853 0.0 0.0 0.0 0.0 0.0 0.0 0.0 -9999.0 -9999.0 -9999.0 -9999.0 -9999.0 -9999.0 -9999.0 -9999.0 -9999.0 -9999.0 -9999.0 -9999.0 -9999.0 -9999.0 -9999.0 -9999.0 -9999.0 -9999.0 -9999.0 -9999.0 0.0 0.0 211.24542831152618 0.0 0.0
23876.169973734613 26542.346001627728 26862.992007693796 26932.36550519701 18957.629880973593 9002.970366029498 10012.989919169166 11010.467679728501 9497.462455553657 11598.615965635023 11648.775141432334 3004.611035059594 1003.0064927648453 0.0 0.0 0.0 0.0 0.0 0.0 0.0 0.0 0.0 0.0 0.0 0.0 0.0 0.0 0.0 0.0 306168.00555198174 50961.65630772025 25480.828153883624 0.0 0.0 0.0 29282.352915801683 37181.921481035126 -9999.0 -9999.0 -9999.0 -9999.0 -9999.0 -9999.0 -9999.0 -9999.0 -9999.0 -9999.0 -9999.0 -9999.0 -9999.0 -9999.0 -9999.0 -9999.0 -9999.0 -9999.0 -9999.0 -9999.0 -9999.0 -9999.0 0.0 0.0 0.0 0.0
26357.074607660783 24841.663869530727 26835.743126915593 23179.10544437992 17834.41079442592 11013.256457930493 5020.9032501159 8846.233268039367 9407.019939987198 7336.762531292649 13740.671943862044 6025.093417521755 1003.5516474076269 0.0 0.0 0.0 0.0 0.0 0.0 0.0 0.0 0.0 0.0 0.0 0.0 0.0 0.0 0.0 0.0 25578.897043340407 0.0 0.0 0.0 0.0 0.0 0.0 36018.67326121471 -9999.0 -9999.0 -9999.0 -9999.0 -9999.0 -9999.0 -9999.0 -9999.0 -9999.0 -9999.0 -9999.0 -9999.0 -9999.0 -9999.0 -9999.0 -9999.0 -9999.0 -9999.0 -9999.0 -9999.0 -9999.0 -9999.0 -9999.0 -9999.0 -9999.0 -9999.0
