Model Version1.4/trunk/input/2010/nle_nat.asc
ncols 720
nrows 360
xllcorner -180
yllcorner -90
cellsize 0.5
NODATA_value -1
[rows 144 to 179 of 360, columns 320 to 399 of 720]
-1 -1 -1 -1 -1 -1 -1 23789.3772314 0.0 0.0 0.0 0.0 0.0 55841.9574599 171163.098314 0.0 12370.4878976 0.0 0.0 0.0 0.0 0.0 70345.605019 73463.5107218 0.0 0.0 0.0 0.0 0.0 0.0 0.0 0.0 0.0 0.0 0.0 0.0 0.0 0.0 0.0 0.0 0.0 0.0 0.0 0.0 0.0 0.0 0.0 0.0 0.0 0.0 0.0 0.0 0.0 0.0 0.0 128226.567894 306098.132272 403601.827058 432892.416081 0.0 0.0 0.0 0.0 0.0 0.0 0.0 0.0 0.0 0.0 0.0 0.0 0.0 0.0 0.0 0.0 0.0 0.0 0.0 0.0 0.0
-1 -1 -1 -1 -1 -1 -1 0.0 0.0 0.0 0.0 0.0 0.0 0.0 0.0 0.0 0.0 0.0 0.0 0.0 0.0 0.0 0.0 0.0 0.0 0.0 0.0 0.0 0.0 0.0 0.0 0.0 0.0 0.0 0.0 0.0 0.0 0.0 0.0 0.0 0.0 0.0 0.0 0.0 0.0 0.0 0.0 0.0 0.0 0.0 0.0 0.0 0.0 0.0 0.0 190954.020133 279029.743631 290304.034771 384227.517369 0.0 0.0 0.0 0.0 0.0 0.0 0.0 0.0 0.0 0.0 0.0 0.0 0.0 0.0 0.0 0.0 0.0 0.0 0.0 0.0 0.0
-1 -1 -1 -1 -1 -1 -1 0.0 0.0 0.0 0.0 0.0 0.0 0.0 0.0 0.0 0.0 0.0 0.0 0.0 0.0 0.0 0.0 0.0 0.0 0.0 0.0 0.0 0.0 0.0 0.0 0.0 0.0 0.0 0.0 0.0 0.0 0.0 0.0 0.0 0.0 0.0 0.0 0.0 0.0 0.0 0.0 0.0 0.0 0.0 0.0 0.0 0.0 0.0 0.0 0.0 0.0 0.0 0.0 0.0 0.0 0.0 0.0 0.0 0.0 0.0 0.0 0.0 0.0 0.0 0.0 0.0 0.0 0.0 53673.3410073 0.0 0.0 0.0 0.0 0.0
-1 -1 -1 -1 -1 -1 -1 0.0 0.0 0.0 0.0 0.0 0.0 0.0 0.0 0.0 0.0 0.0 0.0 0.0 0.0 0.0 0.0 0.0 0.0 0.0 0.0 0.0 0.0 0.0 0.0 0.0 0.0 0.0 0.0 0.0 0.0 0.0 0.0 0.0 0.0 0.0 0.0 0.0 0.0 0.0 0.0 0.0 0.0 0.0 0.0 0.0 0.0 0.0 0.0 0.0 0.0 0.0 0.0 42411.8319879 0.0 0.0 0.0 66893.9626627 0.0 51236.3388888 6498.34594781 0.0 0.0 0.0 0.0 0.0 0.0 0.0 44356.1575919 0.0 0.0 0.0 102712.753273 0.0
-1 -1 -1 -1 -1 -1 0.0 0.0 0.0 0.0 0.0 0.0 178199.473336 0.0 0.0 0.0 0.0 0.0 0.0 0.0 0.0 0.0 0.0 0.0 0.0 0.0 0.0 0.0 0.0 0.0 0.0 0.0 0.0 0.0 0.0 0.0 0.0 0.0 0.0 0.0 0.0 0.0 0.0 0.0 0.0 0.0 0.0 0.0 0.0 0.0 0.0 0.0 0.0 0.0 0.0 0.0 0.0 0.0 0.0 0.0 0.0 0.0 0.0 188692.274587 75451.5398881 0.0 120457.657226 106224.441617 170315.237786 0.0 77507.690869 304975.489856 46438.8493553 0.0 87679.8304965 203915.148012 0.0 0.0 0.0 0.0
-1 -1 -1 -1 -1 0.0 0.0 0.0 0.0 0.0 0.0 0.0 300634.969554 361664.704893 45680.1220701 0.0 0.0 0.0 0.0 0.0 0.0 0.0 0.0 0.0 0.0 0.0 0.0 0.0 0.0 0.0 0.0 0.0 0.0 0.0 0.0 0.0 0.0 0.0 0.0 0.0 0.0 0.0 0.0 0.0 0.0 0.0 0.0 0.0 0.0 0.0 0.0 0.0 0.0 0.0 0.0 0.0 0.0 0.0 0.0 0.0 0.0 0.0 0.0 180395.780981 97679.5645375 148129.592934 0.0 0.0 0.0 0.0 0.0 0.0 0.0 0.0 0.0 0.0 0.0 0.0 0.0 0.0
-1 -1 -1 -1 -1 0.0 0.0 0.0 0.0 0.0 0.0 0.0 507023.565911 0.0 194102.140855 0.0 0.0 0.0 0.0 0.0 0.0 0.0 0.0 0.0 0.0 0.0 0.0 0.0 0.0 0.0 0.0 0.0 0.0 0.0 0.0 0.0 0.0 0.0 0.0 0.0 0.0 0.0 0.0 0.0 0.0 0.0 0.0 0.0 0.0 0.0 0.0 0.0 0.0 0.0 0.0 0.0 0.0 0.0 0.0 0.0 0.0 0.0 0.0 0.0 0.0 0.0 0.0 0.0 0.0 0.0 0.0 0.0 0.0 0.0 0.0 0.0 0.0 0.0 0.0 0.0
-1 -1 -1 -1 -1 -1 0.0 0.0 394811.37418 0.0 0.0 0.0 0.0 303903.485871 0.0 0.0 0.0 0.0 0.0 0.0 0.0 0.0 0.0 0.0 0.0 0.0 0.0 0.0 0.0 0.0 0.0 0.0 0.0 0.0 0.0 0.0 0.0 0.0 0.0 0.0 0.0 0.0 0.0 0.0 0.0 0.0 0.0 0.0 0.0 0.0 0.0 0.0 0.0 0.0 0.0 0.0 0.0 0.0 0.0 0.0 0.0 0.0 0.0 0.0 0.0 0.0 0.0 0.0 0.0 0.0 0.0 0.0 0.0 0.0 0.0 0.0 0.0 0.0 0.0 0.0
-1 -1 -1 -1 -1 -1 176589.55222 113958.904114 349091.063285 208237.928621 286928.883591 0.0 0.0 0.0 0.0 0.0 22426.414335 119089.761954 0.0 0.0 0.0 0.0 0.0 0.0 0.0 0.0 0.0 0.0 0.0 0.0 0.0 0.0 0.0 0.0 0.0 0.0 0.0 0.0 0.0 0.0 0.0 0.0 0.0 0.0 0.0 0.0 0.0 0.0 0.0 0.0 0.0 0.0 0.0 0.0 0.0 0.0 0.0 0.0 0.0 0.0 0.0 0.0 0.0 0.0 0.0 0.0 0.0 0.0 0.0 0.0 0.0 0.0 0.0 0.0 0.0 0.0 0.0 0.0 0.0 0.0
-1 -1 -1 -1 -1 -1 97213.7732963 292913.325903 405057.236239 296704.285737 270835.055552 0.0 510251.0923 375676.932865 0.0 306068.3089 430338.534533 545261.874829 409927.565562 0.0 318075.734592 0.0 0.0 333479.549715 384364.394545 0.0 0.0 0.0 0.0 0.0 0.0 0.0 0.0 0.0 0.0 0.0 0.0 0.0 0.0 0.0 0.0 0.0 0.0 0.0 0.0 0.0 0.0 0.0 0.0 0.0 0.0 0.0 0.0 0.0 0.0 0.0 0.0 0.0 0.0 0.0 0.0 0.0 0.0 0.0 0.0 0.0 0.0 0.0 0.0 0.0 0.0 0.0 0.0 0.0 0.0 0.0 0.0 0.0 0.0 0.0
-1 -1 -1 -1 -1 -1 271683.418729 894741.428076 333884.892122 1070222.14275 1112267.97193 1019303.24519 752174.337991 1445063.22962 1387161.68304 701254.146794 717047.890624 756567.857213 620539.880637 249333.9877 648091.736045 688209.393312 664308.037642 330107.271292 549037.283721 303937.358657 0.0 0.0 0.0 0.0 0.0 0.0 0.0 0.0 0.0 0.0 0.0 0.0 0.0 0.0 0.0 0.0 0.0 0.0 0.0 0.0 0.0 0.0 0.0 0.0 0.0 0.0 0.0 0.0 0.0 0.0 0.0 0.0 0.0 0.0 0.0 0.0 0.0 0.0 0.0 0.0 0.0 0.0 0.0 0.0 0.0 0.0 0.0 0.0 0.0 0.0 0.0 0.0 0.0 0.0
-1 -1 -1 -1 -1 -1 50418.1133869 557697.083596 609335.171507 254649.058262 733046.28976 627162.89214 690617.586595 686554.54782 1004661.81797 1004312.42928 934805.353733 835009.252622 775497.185157 773406.469724 707724.200148 651290.577134 750059.35251 257915.581283 126096.311264 93204.1255763 39988.1402666 0.0 0.0 0.0 0.0 0.0 0.0 0.0 0.0 0.0 0.0 0.0 0.0 0.0 0.0 0.0 0.0 0.0 0.0 0.0 0.0 0.0 0.0 0.0 0.0 0.0 0.0 0.0 0.0 0.0 0.0 0.0 0.0 0.0 0.0 0.0 0.0 0.0 0.0 0.0 0.0 0.0 0.0 0.0 0.0 0.0 0.0 0.0 0.0 0.0 0.0 0.0 0.0 0.0
-1 -1 -1 -1 -1 -1 -1 121773.644798 147893.194249 342299.863207 533449.81541 1121951.92865 1036409.28781 1034369.9094 1088876.03673 870739.228357 981292.026665 873279.428164 754989.785842 647767.093861 580412.316015 422182.433756 625264.085481 263329.777039 354784.060673 496845.161005 410087.634341 242802.024024 0.0 0.0 0.0 0.0 0.0 0.0 0.0 0.0 0.0 0.0 0.0 0.0 0.0 0.0 0.0 0.0 0.0 0.0 0.0 0.0 0.0 0.0 0.0 0.0 0.00194466632784 0.0 0.0 0.0 0.0 0.0 0.0 0.0 0.0 2500.82317898 0.0 0.0 0.0 0.0 0.0 0.0 0.0 0.0 0.0 0.0 0.0 0.0 0.0 0.0 0.0 0.0 0.0 0.0
-1 -1 -1 -1 -1 -1 0.0 118852.405224 109080.847505 165713.229392 560958.69306 910251.579146 1147690.63182 1033738.91512 1034176.8965 438576.31465 823525.838675 921372.064464 644830.188616 566125.252529 587582.814661 169177.74287 460345.532568 313932.710727 523041.80492 524822.857901 261299.523673 58389.8522221 0.0 0.0 0.0 0.0 0.0 0.0 0.0 0.0 0.0 1161814.41715 0.0 0.0 0.0 0.0 0.0 504044.538658 209399.046831 117947.090804 0.0 0.0 0.0 0.0 0.0 99202.5293775 51631.9432962 25159.7584118 0.00568841510153 0.0 0.0 0.0 42383.792716 0.0 0.0 0.0 0.0 0.0 0.0 0.0 0.0 0.0 0.0 0.0 0.0 0.0 0.0 0.0 0.0 0.0 0.0 0.0 0.0 0.0
-1 -1 -1 -1 -1 -1 -1 -1 -1 2600.67397062 312796.261273 804263.283219 885427.274755 772515.517872 1012156.0789 898312.207393 854003.757862 1021357.08663 905090.756169 758008.720415 731898.863183 505608.704161 624646.28381 852437.081619 1006871.0207 955888.043548 782201.99288 589208.443454 198002.217714 306607.125565 0.0 0.0 0.0 0.0 0.0 0.0 0.0 40183.9091314 74182.4743985 43556.9749136 144020.714458 0.0 739904.495772 1270532.81802 689707.366007 472931.508089 545546.786139 112461.171052 0.0 102243.467171 0.030998188574 77906.2069587 335927.077836 168192.852771 224407.869338 0.0 0.162070772275 0.0 114821.606143 0.0 0.0 0.0 0.0 0.0 0.0 0.0 5700.74213983 0.0 0.0 0.0 0.0 0.0 0.0 0.0 0.0 0.0 0.0 0.0 0.0 0.0
-1 -1 -1 -1 -1 -1 -1 -1 -1 -1 11871.6812605 713150.718088 464783.297902 663415.133246 1013143.43558 1013283.99847 971222.674018 915498.938856 775128.357272 876630.515645 971978.242791 626023.636155 833594.98924 1131954.74867 893510.661961 1028045.05821 684782.59577 342608.149563 327894.99771 429572.445101 787751.804592 235708.862816 470368.558652 0.0 344130.472613 745338.209799 1122224.01736 0.0 0.0 0.0 0.0 577435.258804 999156.229978 1236975.06836 721702.734122 847803.558768 510643.826726 349859.527661 633161.233461 0.0 0.0 165793.49687 189379.727847 327647.350324 100547.930392 115346.777808 59862.6502401 19642.163703 234317.3557 0.0 0.0 0.0 0.0 0.0253393916358 198128.750265 32434.1104805 307841.204421 0.0 0.0 0.0 0.0 0.0 51855.6433675 0.0 106948.969593 0.0 0.0 0.0 109973.351692 0.0
-1 -1 -1 -1 -1 -1 -1 -1 -1 -1 -1 -1 249633.851924 751071.388164 1148014.09616 1436016.60811 1182023.93881 1138345.91574 845841.437722 912383.368459 1179559.23732 1286370.06565 1711344.19499 1419695.40177 823988.60617 1050128.68281 931209.302768 487669.029022 337369.876258 56684.9269586 376569.173974 23360.8953481 0.0 0.0 0.0 484711.744276 1335316.7489 0.0 0.0 0.0 0.0 189471.346557 543286.758615 459721.136148 1694333.28918 1384137.90506 1145008.75135 370295.23963 511107.985047 320046.578526 486025.309105 94297.4238861 128465.697204 101106.427064 234767.767746 373222.948816 115051.027035 53133.7452607 185869.705734 6678.57850289 0.0 262490.519332 41042.3792643 113801.697572 33995.6288217 168428.844499 709888.523683 0.0 0.0 207844.891612 65310.9104636 0.0 42121.7365499 31904.0932611 308907.82018 0.0 0.0 0.0 0.0 0.0
-1 -1 -1 -1 -1 -1 -1 -1 -1 -1 -1 -1 -1 198875.674091 617034.470915 1003408.08009 1042656.034 1057091.84239 1103245.75999 763289.016898 795713.190162 993251.454143 1291037.37793 1025873.89918 1206278.49459 1080290.84189 1125333.03596 635265.161324 540198.148348 627342.473702 710983.834011 0.0 1262256.96502 182003.223391 0.0 106666.096946 145909.712943 0.0 142358.756539 9258.73263245 155698.144251 933936.910858 710481.5954 1018389.09002 1606482.83832 1099029.92403 735114.549533 565526.664267 750737.318606 313215.047065 112757.238525 130104.955089 36688.6235127 91892.8871033 369443.496773 257752.051172 96988.8399457 408561.506784 496109.807125 120557.812896 0.0 177565.149166 0.0 29598.5777868 0.0 173633.111089 589798.252039 0.0 937158.334193 125382.068531 103755.856923 96057.6282162 42257.9820186 27018.5720061 33446.7052093 406321.955413 0.0 0.0 0.0 0.0
-1 -1 -1 -1 -1 -1 -1 -1 -1 -1 -1 -1 -1 249896.516325 703084.048999 1031470.13148 845085.990406 852300.087503 647689.381399 494555.43276 518761.549919 517858.457155 1200816.29243 863747.053007 713086.939328 1053021.27618 1070266.85994 1064480.33824 810028.548051 933315.48973 768568.868706 728954.797625 832476.424485 859374.736544 516088.385046 659107.421133 2572.69134436 458539.378322 433174.990953 158439.6551 767928.169629 1209416.69828 672019.383143 1442614.76488 1238996.86702 540462.175129 590482.80836 576834.377669 301728.880806 300542.190942 419280.94203 173973.452658 140852.844323 254513.434968 451339.59291 236683.151822 591267.435885 428373.115334 216812.90083 0.0 22938.037792 0.0 213986.808367 731539.294257 143360.777797 1063782.4689 1546841.34943 1007245.78064 0.0 875355.384389 109315.36384 0.0 47932.0084133 0.0 0.0 0.0 0.0 0.0 745626.356891 782004.480171
-1 -1 -1 -1 -1 -1 -1 -1 -1 -1 -1 -1 -1 146302.156272 718188.5215 543620.417633 537768.901471 944812.13065 533028.218003 764932.849477 911643.38007 632764.292974 772495.718021 601677.046306 683282.059921 764465.72157 706133.596409 554332.29549 669199.09877 580616.736022 905960.973488 503475.770763 503484.089833 298673.140887 439523.288977 980521.299352 630115.87184 543822.127417 295210.254207 381461.720766 669824.774297 1376699.24949 630059.741921 1294892.90153 1405214.03942 373040.149515 234527.914176 782419.199045 182295.690192 62246.1569899 383687.51678 380196.732681 426696.014263 413607.875825 335653.795152 102977.138302 145108.060274 0.0 81043.3698437 0.0 31798.6224836 223863.777093 753488.998091 1257236.27832 448632.486123 224765.423648 2142833.02795 1936005.75936 2055755.51169 2007405.08863 1415691.92102 28094.6026891 288729.76257 0.0 97406.9686395 0.0 77464.7812669 331753.982616 1637762.98786 1755507.54189
-1 -1 -1 -1 -1 -1 -1 -1 -1 -1 -1 -1 -1 -1 464077.025036 720805.352321 500008.133564 282934.733752 838617.287952 824229.632103 1078574.90704 662532.747621 386266.762071 757707.058067 554053.995405 774338.408592 453415.108036 499008.044297 286541.219835 259092.650045 622786.264948 398588.170547 266181.974386 175422.533085 228530.655647 197207.06779 279627.099632 384923.727172 516078.911415 542688.092352 535799.924866 784155.489625 407767.175619 876788.438844 885239.480996 526438.662118 0.0 45138.7456904 42114.5192304 94319.3336462 0.0 67013.6196588 254301.624527 294122.531693 63701.7876698 0.0 0.0 0.0718845917637 0.0646493430641 0.184675967068 384235.840975 1176631.48738 1270823.05249 1358672.03533 1655575.55512 1756193.0358 1566903.67979 1694476.29948 1729137.86682 1674518.92397 2035174.74928 733513.088497 1052165.64184 440589.067857 1015031.93655 0.0 1204223.87193 233435.477404 0.0 1881316.7797
-1 -1 -1 -1 -1 -1 -1 -1 -1 -1 -1 -1 -1 -1 -1 112254.553148 423739.525337 819442.479806 1022480.73271 1033499.38105 1299873.17537 737868.051778 788692.666301 830990.527521 562617.346013 610110.838895 345330.800562 251233.479368 473410.77515 310521.692506 304138.95143 171020.584294 142716.655451 43867.8326734 135285.845945 22212.449753 47019.2239332 302902.029145 702570.770046 685131.066077 411126.039682 486700.607898 251945.836311 97775.9671841 357548.534123 113414.276541 131629.652176 88929.4160489 283181.889638 141236.874663 192231.427948 202624.91794 114177.639114 31415.9241016 197711.221824 112101.018181 0.0 0.0 0.0 402275.28505 531248.015689 1679474.7193 1780198.87593 1975513.03608 1763094.26496 1674807.19923 1474745.21745 1232101.833 1524933.30806 1783651.17506 2142472.6985 1892204.71335 1407359.0254 1478981.47771 2068354.68789 1567623.47768 942294.180662 1506811.25407 1017374.2626 1644287.77689
-1 -1 -1 -1 -1 -1 -1 -1 -1 -1 -1 -1 -1 -1 -1 -1 9803.37708586 285068.76572 701045.007035 600150.479892 981284.374399 973960.791331 818339.388894 634867.796932 741166.7863 589210.702298 357615.036842 267488.5065 212043.64328 139671.741426 55910.0866679 26056.5767064 72255.2909321 114118.27207 318263.14634 254934.663707 45524.0886053 86353.7111881 290958.467258 336894.449272 181233.582039 41058.2589627 99398.1529246 303835.831628 84532.9717047 0.0740817538121 217878.341222 141948.256604 348997.97783 409768.518795 685431.4109 388444.808106 43639.3893623 59390.7852974 0.0 43098.2023356 87390.9750756 100902.351131 393162.082978 1371679.60155 1751109.61585 1610202.61384 985285.351983 1320255.90002 1694041.25253 2038961.4049 1652265.10605 1640627.42998 1528245.64408 1807324.07183 1770804.3496 1864119.36718 1318641.73421 1219654.602 1410839.71846 1627774.87426 1638518.07583 1752778.68935 1670337.36986 1649180.66838
-1 -1 -1 -1 -1 -1 -1 -1 -1 -1 -1 -1 -1 -1 -1 -1 -1 -1 27340.0692921 639573.193032 1246416.11077 1146988.45743 1427911.98753 1392072.92971 1315364.19055 920704.155328 343403.126171 194827.972892 202944.181839 230051.222846 202836.255351 204299.209048 229720.6939 292680.783119 404489.874054 230670.207318 125474.628786 163030.151268 119705.718628 32741.9392363 322641.785644 22024.554028 14358.4956057 33970.7722052 0.0 0.0 78118.5070148 0.0 108244.461538 70015.8722526 605968.140586 348162.664481 0.0 35181.1834197 0.0 0.0 44321.8680742 781017.197223 1276871.43397 1309014.53855 1036409.38665 1226925.97737 1245531.10945 1773275.42845 1764072.24276 1674350.17922 1769999.08761 1653825.72109 1401113.10776 1725387.89491 1514728.1512 1459967.87326 1585092.76417 1565275.16721 1556371.69374 1731877.1852 1737427.27014 1729079.77377 1658037.83694 1696029.46166
-1 -1 -1 -1 -1 -1 -1 -1 -1 -1 -1 -1 -1 -1 -1 -1 -1 -1 -1 29985.0887252 798206.809899 1617371.62258 1064837.73994 1239314.43354 1577734.31299 1379108.11485 592895.341202 347596.887472 883528.852317 124186.127069 109653.23229 275208.75364 395813.534985 495547.683211 797319.484173 486186.498974 235466.61448 64642.2106692 0.0 0.0 0.0 0.0 -1 -1 -1 -1 -1 -1 -1 669.373176412 326548.464411 387903.360204 44292.4800417 48121.631655 0.0 0.0712582357331 683605.110768 1101427.02142 1133757.31812 1551530.06431 628606.879606 1172302.12003 1565347.35945 1908327.12591 1557001.92483 1770596.42921 1705278.40798 1831783.31806 1456864.02256 1349053.14313 1471117.89323 1289700.65374 2173672.63046 1539514.29542 1708719.29112 1671267.85318 1543449.90124 1649134.88554 1431787.80002 1457853.89755
-1 -1 -1 -1 -1 -1 -1 -1 -1 -1 -1 -1 -1 -1 -1 -1 -1 -1 -1 -1 22902.1765932 954959.173288 1352004.41447 1351190.9572 1558665.37866 1189385.18707 734353.145661 673951.700807 596392.709786 232877.149607 216385.246981 246295.377696 122158.224694 340846.227562 718922.704569 628289.571125 346506.642927 0.0 1189.39920968 0.0 -1 -1 -1 -1 -1 -1 -1 -1 -1 -1 160782.168744 278765.69201 70257.3828737 0.0 53231.1547957 0.0 666155.448041 1579567.57334 1673503.50676 1355328.13759 720562.31995 954916.730724 1330592.88808 1410820.76915 1248160.57312 1241924.65978 1225009.61227 1303063.66439 979228.646957 1048150.56226 2336848.77924 2170728.39005 2062181.46309 2080819.72914 1557442.58026 1404465.72978 1502659.24446 1546230.31849 1503643.55665 1478188.68301
-1 -1 -1 -1 -1 -1 -1 -1 -1 -1 -1 -1 -1 -1 -1 -1 -1 -1 -1 -1 -1 0.0 372560.421793 957717.981601 1114187.88356 154193.51764 238155.868706 212895.70661 -1 -1 -1 -1 -1 -1 -1 28749.7228143 0.00712445396314 -1 -1 -1 -1 -1 -1 -1 -1 -1 -1 -1 -1 -1 16195.3547255 512209.111451 210858.544472 197366.735971 437630.198956 0.0768231320737 207136.56501 1583787.13476 1562378.90809 851312.565158 1458437.55323 1416355.61328 1111769.7602 1269147.58609 1110100.75452 1207431.88115 1228531.01298 1126466.70676 876048.182818 1096437.56851 1178611.92365 2130626.27274 2230497.66028 2339305.5254 1525141.67557 1563671.28148 1619873.20839 499102.907972 1139636.43655 1175234.08646
-1 -1 -1 -1 -1 -1 -1 -1 -1 -1 -1 -1 -1 -1 -1 -1 -1 -1 -1 -1 -1 -1 -1 -1 51087.1300037 0.0 -1 -1 -1 -1 -1 -1 -1 -1 -1 -1 -1 -1 -1 -1 -1 -1 -1 -1 -1 -1 -1 -1 -1 -1 -1 106570.435562 327947.323109 260143.28449 0.0 0.0 -1 173145.732529 1117085.74437 951115.835392 1288364.7639 1315750.37718 278759.752002 743711.663007 1187080.30683 1104310.23858 1203092.12319 1337532.23799 1116218.02471 966286.261718 993313.814561 923876.473718 2421540.57562 1699294.47581 1751784.20413 1123493.29678 970825.549975 1111146.06203 1122164.42481 1244339.26307
-1 -1 -1 -1 -1 -1 -1 -1 -1 -1 -1 -1 -1 -1 -1 -1 -1 -1 -1 -1 -1 -1 -1 -1 -1 -1 -1 -1 -1 -1 -1 -1 -1 -1 -1 -1 -1 -1 -1 -1 -1 -1 -1 -1 -1 -1 -1 -1 -1 -1 -1 -1 -1 -1 -1 -1 -1 607670.398058 -1 224500.772747 794441.713027 1104677.88116 932659.719668 870732.533193 1120312.39678 1147555.94655 1243560.24113 1299613.60058 1290811.13731 1326595.99867 1214707.11542 1254247.23262 1042338.65988 1846896.06243 1862578.13581 866461.316229 790568.975904 1061917.83886 841288.624298 1132314.552
-1 -1 -1 -1 -1 -1 -1 -1 -1 -1 -1 -1 -1 -1 -1 -1 -1 -1 -1 -1 -1 -1 -1 -1 -1 -1 -1 -1 -1 -1 -1 -1 -1 -1 -1 -1 -1 -1 -1 -1 -1 -1 -1 -1 -1 -1 -1 -1 -1 -1 -1 -1 -1 -1 -1 -1 120117.007596 632380.215773 -1 74360.1677912 1262931.66694 1604429.55952 1498384.87799 1415248.89195 1470151.02064 1647468.26071 1696990.56696 1634821.87813 1325790.0536 1262959.38523 1203906.81371 1115360.49284 1173484.57539 1841962.4533 1888046.84822 1864422.07499 1178188.90001 1261768.34883 924273.758159 889348.080183
-1 -1 -1 -1 -1 -1 -1 -1 -1 -1 -1 -1 -1 -1 -1 -1 -1 -1 -1 -1 -1 -1 -1 -1 -1 -1 -1 -1 -1 -1 -1 -1 -1 -1 -1 -1 -1 -1 -1 -1 -1 -1 -1 -1 -1 -1 -1 -1 -1 -1 -1 -1 -1 -1 -1 -1 -1 -1 -1 199571.455329 1440928.48409 1497740.16501 1276960.94298 1408059.74448 1524745.74809 1563591.85202 1563725.73014 1583515.65132 1621185.74932 1641047.82461 1147083.97495 1136865.88379 1151559.10008 1878140.99291 1296693.9468 1533836.68755 1456983.13154 133047.177219 986809.822726 1107762.16728
-1 -1 -1 -1 -1 -1 -1 -1 -1 -1 -1 -1 -1 -1 -1 -1 -1 -1 -1 -1 -1 -1 -1 -1 -1 -1 -1 -1 -1 -1 -1 -1 -1 -1 -1 -1 -1 -1 -1 -1 -1 -1 -1 -1 -1 -1 -1 -1 -1 -1 -1 -1 -1 -1 -1 -1 -1 -1 -1 491997.382703 1447410.98368 1389512.99411 1232820.62076 1535605.71925 1495621.78697 1618489.43966 1618793.89265 1665487.4022 1826382.42394 1589514.82113 1517295.84104 1556883.67396 1569094.14099 1805676.55885 1665645.44477 63741.3209122 283820.750044 214289.377516 0.0 0.0
-1 -1 -1 -1 -1 -1 -1 -1 -1 -1 -1 -1 -1 -1 -1 -1 -1 -1 -1 -1 -1 -1 -1 -1 -1 -1 -1 -1 -1 -1 -1 -1 -1 -1 -1 -1 -1 -1 -1 -1 -1 -1 -1 -1 -1 -1 -1 -1 -1 -1 -1 -1 -1 -1 112033.019178 -1 -1 -1 -1 859028.801052 1472112.71135 1553454.55263 1452432.14735 1474563.89149 1546424.40085 1529968.807 1594302.92927 1842214.01969 1574697.99699 1169972.69242 1462108.69405 1544088.90869 1741513.75185 1809468.73546 299241.631661 326078.280527 693262.268514 535580.088507 599534.611331 675703.655781
-1 -1 -1 -1 -1 -1 -1 -1 -1 -1 -1 -1 -1 -1 -1 -1 -1 -1 -1 -1 -1 -1 -1 -1 -1 -1 -1 -1 -1 -1 -1 -1 -1 -1 -1 -1 -1 -1 -1 -1 -1 -1 -1 -1 -1 -1 -1 -1 -1 -1 -1 -1 -1 -1 -1 -1 -1 -1 151563.662791 1674583.10113 1563234.43248 1528418.55268 1608071.30508 1484488.77975 1496359.75078 1587624.93961 1646137.56792 1571420.38604 1482880.78693 1589463.65195 1532173.86517 1588189.84046 1784024.11669 1844146.1794 157054.563328 261997.972708 695504.374618 598363.407463 561927.674052 600287.095122
-1 -1 -1 -1 -1 -1 -1 -1 -1 -1 -1 -1 -1 -1 -1 -1 -1 -1 -1 -1 -1 -1 -1 -1 -1 -1 -1 -1 -1 -1 -1 -1 -1 -1 -1 -1 -1 -1 -1 -1 -1 -1 -1 -1 -1 -1 -1 -1 -1 -1 -1 -1 -1 -1 -1 -1 -1 -1 61991.4414708 690709.999809 1438224.22949 1365800.9756 1483733.6284 1544572.7705 1594208.49227 1452104.79068 1564172.71558 1569913.29476 1589447.48607 1605655.68834 1558603.96525 1540701.49797 1823422.33917 436033.302199 321562.231526 394817.641071 606256.16843 547104.116453 648821.789844 672671.146528
-1 -1 -1 -1 -1 -1 -1 -1 -1 -1 -1 -1 -1 -1 -1 -1 -1 -1 -1 -1 -1 -1 -1 -1 -1 -1 -1 -1 -1 -1 -1 -1 -1 -1 -1 -1 -1 -1 -1 -1 -1 -1 -1 -1 -1 -1 -1 -1 -1 -1 -1 -1 -1 271989.297042 -1 -1 -1 -1 117302.896141 418208.157328 1147684.41432 1047190.11984 1759491.11276 1247011.25586 1309384.03712 1447809.99762 1486809.40868 1498410.86285 1583976.32356 1279369.03777 1290360.2233 1617252.24182 229341.741922 333011.964852 59205.2894297 421903.406142 291361.561216 512730.236895 1900547.77395 1880770.57943
