Model Version1.4/trunk/input/2010/nle_nat.asc
ncols 720
nrows 360
xllcorner -180
yllcorner -90
cellsize 0.5
NODATA_value -1
[rows 72 to 107 of 360, columns 320 to 399 of 720]
-1 -1 -1 -1 -1 -1 -1 -1 -1 -1 -1 -1 -1 -1 -1 -1 -1 -1 -1 14584.6947241 142823.677935 160062.368767 69913.8778745 44720.5692571 92491.5016837 245444.371122 50879.1033456 12094.0497075 -1 -1 -1 -1 -1 15095.1409016 80914.2098789 412113.185637 369405.171993 41155.2358343 98190.0048273 104731.932076 12116.3348866 -1 -1 -1 -1 -1 -1 -1 -1 -1 -1 -1 -1 -1 41442.3399916 31014.3748087 176275.866278 109435.63263 69855.4800542 169583.900628 398236.089881 717467.278462 630640.338367 847780.018916 545397.047073 431.334414554 392088.729333 0.0 0.0 171184.811457 213756.908946 407875.842492 563227.267301 620756.82127 505641.381814 429057.159131 116636.208065 120754.048343 0.0 392187.940775
-1 -1 -1 -1 -1 -1 -1 -1 -1 -1 -1 -1 -1 -1 -1 -1 -1 -1 -1 5555.91816915 77371.4453532 168344.268351 73324.8201662 21233.7699019 64742.1399565 74886.0313669 46986.3714864 132847.938219 -1 -1 13390.0472728 144989.099986 523185.879975 312546.667451 14180.0583066 21733.69359 1125954.62349 63732.678058 147091.97727 163217.46691 9379.01799704 -1 -1 -1 -1 -1 -1 -1 -1 54182.3414479 163921.045603 136229.211139 188791.043726 448118.076619 237001.815947 145294.405321 151929.808302 84392.99085 143256.910672 700906.7497 707350.813314 723480.738629 477146.79636 604338.350648 0.0 0.0 0.0 529819.54376 839815.007743 112351.634351 0.0 573603.529695 263134.98856 446657.884363 265788.719782 271510.66551 170577.839759 328439.817861 219119.656894 0.0
-1 -1 -1 -1 -1 -1 -1 -1 -1 -1 -1 -1 -1 -1 -1 -1 -1 -1 -1 -1 18480.685072 88946.3273677 49389.4923973 89474.6923319 74921.9500214 74854.7575734 109116.443653 104674.309917 -1 -1 16504.422129 124925.552004 1245111.01021 1003048.57918 135182.485338 70752.4556421 40128.0956628 7063.63269306 174996.122229 129493.059073 62164.5947657 482627.81848 104071.610766 8560.88998773 -1 -1 -1 -1 -1 30211.9630784 437542.217787 547336.320797 518725.215317 322395.965165 285305.240653 748315.811128 590462.972424 436040.107378 380224.752821 927192.43147 982872.992594 695690.432104 455865.475153 367905.550206 853815.364947 0.0 707863.652857 867697.134495 496501.105983 477065.677085 0.0 0.0 0.0 388429.977329 316966.696134 204766.003905 303210.412766 93307.3186398 0.0 0.0
-1 -1 -1 -1 -1 -1 -1 -1 -1 -1 -1 -1 -1 -1 -1 -1 -1 -1 -1 44213.2674774 115538.286165 109902.06731 100236.657069 134921.438388 191619.054685 55108.0264819 54304.5123234 15049.5373591 -1 -1 26858.8187429 210154.302527 1258356.65164 1047028.6041 210459.961733 98466.1357153 70373.9699156 110363.759898 56024.570648 98002.6127215 44530.5306013 234203.663809 86519.2959243 15415.5173017 -1 -1 -1 -1 2085.90375585 13547.4972583 407152.145439 951821.478032 526259.625014 830312.231789 847643.92737 933753.839568 590170.312386 293084.456011 415842.101335 322377.227293 307846.091242 401504.576203 443309.749331 549768.775319 1092128.28223 1164179.00928 930947.017002 1181193.76421 703623.860283 656629.650051 152360.651589 0.0 0.0 207551.673864 425774.020516 375829.178353 0.0 113578.948426 55778.9312976 112769.096414
-1 -1 -1 -1 -1 -1 -1 -1 -1 -1 -1 -1 -1 -1 -1 -1 -1 -1 -1 66401.7552961 148312.346738 102162.90312 42195.1104004 22089.2609334 11201.332399 -1 -1 -1 -1 28950.8294325 20319.1704633 68017.688932 187337.280917 262093.806143 106513.413764 0.0 27970.495359 0.0 11798.5132158 32928.1985688 35748.9878427 63033.4099022 3871.3947993 -1 -1 -1 -1 183743.140229 390435.476401 191002.599215 108954.416256 402200.058308 138599.999308 444292.504737 603019.397013 254719.642448 149431.215317 594692.035139 1007715.3861 1093279.2415 920577.576141 1013961.5633 524072.818045 478441.75471 549475.10044 425412.772217 996898.717345 1165697.73157 1243127.671 0.0 386117.959293 134965.868003 189326.894967 0.0 15561.1791818 0.0 0.0 0.0 0.0 0.0
-1 -1 -1 -1 -1 -1 -1 -1 -1 -1 -1 -1 -1 -1 -1 -1 -1 -1 -1 -1 3019.59947108 0.0 -1 -1 -1 -1 -1 -1 -1 -1 -1 16987.5845118 90041.4145518 72236.5154127 31596.5350135 78685.389956 151487.32473 0.0 32817.0691551 14785.1925174 23050.2620381 32370.9769662 10347.4376854 -1 0.0 21040.9184625 440592.456092 571996.397607 455232.779441 874362.263332 1075553.96588 862910.604219 81211.1585631 0.0 202399.952066 805028.283602 1346705.17026 1315693.25869 942640.612214 1251323.67638 1123772.04782 824173.135504 570695.638352 746744.213389 852642.459284 619779.38678 324516.521214 439654.217119 507294.350989 227422.387688 395740.425417 518600.453731 86864.3082096 0.0 0.0 0.0 0.0 0.0 93973.7374078 0.0
-1 -1 -1 -1 -1 -1 -1 -1 -1 -1 -1 -1 -1 -1 -1 -1 -1 -1 -1 -1 -1 -1 -1 -1 -1 -1 -1 -1 -1 -1 17739.1803859 18499.2822006 135178.66201 21832.9669279 34361.2352711 54848.7836779 37179.779909 43157.7356154 5802.72051634 9060.09575523 17213.3410429 5674.03502986 -1 179776.109877 263130.99114 325193.316616 299509.005794 797663.802642 431065.09262 421433.031066 178560.142943 253177.122744 777081.241153 193660.181763 245216.502016 849445.889652 1003241.93293 898642.225354 1004931.04766 1032814.83288 985983.997059 583714.930156 192271.243769 0.0 0.0 678674.134074 950136.707785 880558.428494 0.0 363786.207546 878121.195286 762643.753878 685078.344429 397768.993046 23073.5668787 0.0 0.0 0.0 0.0 0.0
-1 -1 -1 -1 -1 -1 -1 -1 -1 -1 -1 -1 -1 -1 -1 -1 -1 -1 -1 -1 -1 -1 -1 -1 -1 -1 -1 -1 14177.140994 498.185166936 14042.3208912 2940.2057474 25996.3041518 -1 -1 -1 -1 -1 -1 -1 -1 -1 0.0 306961.404287 565152.463056 228100.723005 82195.5104962 193777.529989 582576.846283 874826.972559 997335.5822 1338149.86901 1094609.20699 1156478.71879 847295.969479 850168.145338 532261.700494 90565.2067454 697611.242906 1109812.54242 719786.212474 508720.79453 664612.784958 1045936.44407 1045919.00652 1118241.5259 0.0 0.0 0.0 6660.43612056 0.0 170714.45727 665029.993108 852624.129867 1014279.8555 157682.615989 89792.5232236 76561.9034473 59791.1905218 0.0
-1 -1 -1 -1 -1 -1 -1 -1 -1 -1 -1 -1 -1 -1 -1 -1 -1 -1 -1 -1 -1 -1 -1 -1 -1 -1 -1 -1 -1 5751.44708996 -1 -1 -1 -1 -1 -1 21140.5464185 40225.5745633 -1 -1 24474.0975128 32549.9631922 342192.982062 431552.292807 489491.564704 259381.313426 230781.727761 430961.218857 419039.887828 511364.32545 884899.256559 760974.858793 565685.287751 929987.69493 881840.3602 680131.144511 12855.4854018 561974.706565 841527.905695 761231.581413 377810.150599 411958.879691 881571.503056 552996.168013 1084828.61512 874310.32348 352184.308735 0.0 0.0 0.0 114730.527278 445731.937028 548797.835182 440748.138272 385770.474587 399216.212499 211213.488919 461505.763055 744318.071347 695077.435299
-1 -1 -1 -1 -1 -1 -1 -1 -1 -1 -1 -1 -1 -1 -1 -1 -1 -1 -1 -1 -1 -1 -1 -1 -1 -1 -1 -1 -1 -1 -1 -1 -1 -1 0.0 3529.11431826 10748.0921662 32979.5990399 83208.3867132 25544.3985317 38928.7272158 140092.761994 85512.9758192 21351.7138478 185763.700067 73305.4928184 270230.6106 387764.437143 277106.563852 624708.096875 449055.07299 344159.777715 50987.4544532 246918.729909 282601.628577 1078841.39741 251002.176157 322811.381156 765811.388221 735039.605512 641984.686211 530581.466653 367878.257835 942575.747723 603558.542052 1082718.9815 1203223.76742 503882.728443 0.0 0.0 0.0 0.0 605238.621917 403417.625832 152669.712003 304200.899558 1149633.92528 1031809.9654 1108888.32385 775924.112174
-1 -1 -1 -1 -1 -1 -1 -1 -1 -1 -1 -1 -1 -1 -1 -1 -1 -1 -1 -1 -1 -1 -1 -1 -1 -1 -1 -1 -1 -1 3769.04115727 1681.65455625 4977.5608922 49097.8139093 7179.97403833 10160.9469409 19385.1558724 87147.6634249 251769.822806 287262.336682 340588.813877 493450.023835 467654.182531 33851.8120131 38006.5675519 37204.1173768 344447.399442 296881.819141 525113.232208 394289.595077 538712.978949 358297.186816 45173.3916799 89733.8141649 525999.715943 0.0 745705.363912 674187.348094 231928.824821 669460.660783 390714.568759 544040.843932 589225.346658 513898.805899 453214.612079 606669.087291 838233.236391 1208297.17522 785007.851018 403752.439461 0.0 0.0 0.0 27609.9787881 261727.738727 485588.08421 601466.729841 921488.20807 1107662.6446 1288793.97951
-1 -1 -1 -1 -1 -1 -1 -1 -1 -1 -1 -1 -1 -1 -1 -1 -1 -1 -1 -1 -1 -1 -1 -1 -1 -1 -1 -1 -1 -1 10946.2052083 112490.328392 199670.487065 280810.319904 194358.06441 189948.792634 65581.4481842 85760.275059 209495.529434 388155.204612 399241.68389 633979.876074 445054.543595 451356.58239 453140.07159 307768.791562 320333.998586 394219.336373 468184.942471 743728.989648 492198.036507 221924.866892 137688.412836 777040.265102 1240849.51171 318507.493319 1290451.13667 479273.136885 826104.606123 247833.483655 194152.043448 523319.023042 561968.756122 480253.999871 452682.562911 381967.82052 222372.738112 271880.537148 96402.233929 553298.33041 698483.585865 372017.595484 1640.39362837 0.0 335267.080284 0.0 88233.6404954 305238.680892 648375.817162 0.0
-1 -1 -1 -1 -1 -1 -1 -1 -1 -1 -1 -1 -1 -1 -1 -1 -1 -1 -1 -1 -1 -1 -1 -1 -1 -1 -1 -1 -1 -1 -1 4878.17253215 569.740342917 64687.3538703 93930.1634651 188534.984419 194509.875962 170566.669525 164629.56953 326881.835276 388646.37 0.0 321586.018187 0.0 0.0 345575.647261 494633.838983 603104.809207 482304.038709 699106.59889 423031.674782 211336.716596 473038.853481 946784.212098 325192.925679 641587.11215 959052.653548 505977.62859 405864.684622 152703.782502 467456.493676 506206.854067 836189.060873 954761.597231 912725.722449 1377936.08634 769805.809534 986737.208664 1027468.93424 1137204.98991 1204891.31236 1237818.33663 529278.574114 175339.22558 117904.569227 0.0642960436371 155575.270652 0.0 214476.546964 109827.139719
-1 -1 -1 -1 -1 -1 -1 -1 -1 -1 -1 -1 -1 -1 -1 -1 -1 -1 -1 -1 -1 -1 -1 -1 -1 -1 -1 -1 -1 -1 -1 -1 -1 0.0 -1 87536.4314453 0.0824273865329 0.0 5222.64254181 59500.79052 359705.223931 174473.101924 368630.048239 0.0 577474.333072 296970.954486 275021.155119 398524.721853 547952.706719 462811.887447 332459.802015 473736.653248 699485.370448 770662.044271 632983.026072 355312.892571 258303.773218 625132.409135 743824.696548 1484482.55564 1160226.56711 895695.331306 1058912.85255 1111779.19002 1361383.00629 963281.215345 1084285.18817 1091888.72901 1096349.90093 1376958.64095 899267.615996 678632.639888 203715.162733 209537.845249 157473.360865 0.0 286122.759854 32081.243598 0.0 127837.148376
-1 -1 -1 -1 -1 -1 -1 -1 -1 -1 -1 -1 -1 -1 -1 -1 -1 -1 -1 -1 -1 -1 -1 -1 -1 -1 -1 -1 -1 -1 -1 -1 -1 -1 -1 5242.99655661 130261.171189 105982.452006 222239.783208 216217.080196 368347.101245 547810.375006 599699.426641 382252.905891 421510.915582 339564.551658 74144.2131379 155623.706312 245930.904096 256139.243391 391581.910238 771687.047784 778475.960709 304594.332987 596826.518623 1196312.28625 591143.585773 514223.023015 710527.072285 633227.774816 1104015.41763 348288.633854 630610.50339 729079.944029 410896.910549 770647.293152 960047.490299 1312974.41689 885062.336353 884856.14333 758779.56875 269788.770147 187868.56925 90768.8794463 0.0 0.0 73676.0214917 38199.8665086 509587.384421 0.0
-1 -1 -1 -1 -1 -1 -1 -1 -1 -1 -1 -1 -1 -1 -1 -1 -1 -1 -1 -1 -1 -1 -1 -1 -1 -1 -1 -1 -1 -1 -1 -1 -1 -1 -1 -1 705.079979742 119248.060877 272437.052388 408725.654113 384231.023492 342102.341728 327175.099811 368461.809197 212259.273554 186080.701063 80685.410591 288241.725807 249769.413512 369176.935612 541716.39351 976505.435276 646705.60565 999280.746743 762062.711249 350561.822301 222142.202666 1035205.6818 678875.735897 361445.235166 475338.429886 411231.246889 1032366.20132 671384.800759 621132.742021 669160.12721 596128.001402 962566.468213 1009487.49745 924912.529643 794122.745404 439815.652933 151516.89991 78204.9462776 699563.476027 442318.407157 214072.920307 60505.0890166 204300.142894 376763.311822
-1 -1 -1 -1 -1 -1 -1 -1 -1 -1 -1 -1 -1 -1 -1 -1 -1 -1 -1 -1 -1 -1 -1 -1 -1 -1 -1 -1 -1 -1 -1 -1 -1 -1 -1 -1 -1 30207.4340593 147555.375861 364033.911228 454114.072892 336702.925343 257033.904256 870735.275713 851291.644023 762475.562488 257026.343279 955859.269552 169853.393657 272892.560454 205509.90692 735651.610285 992989.266259 853860.925495 255015.563966 273737.153287 706507.229313 257982.976818 302072.42483 462800.33546 664026.109444 667739.002495 637276.039375 374883.808291 35080.7310614 9285.84403921 2351.80344739 455143.047133 1062310.01851 1054346.11542 708478.134442 190330.321361 112888.985137 153645.30401 202288.080707 131554.031412 49799.4847315 77227.6049695 0.0 0.0995032390775
-1 -1 -1 -1 -1 -1 -1 -1 -1 -1 -1 -1 -1 -1 -1 -1 -1 -1 -1 -1 -1 -1 -1 -1 -1 -1 -1 -1 -1 -1 -1 -1 -1 -1 -1 -1 -1 178521.568389 379914.011717 325327.3517 570003.504615 278057.116415 441958.501835 377904.344466 795714.111339 583072.722085 626349.096877 800264.42346 596966.848337 293545.53097 536054.901873 967511.43622 987406.688048 723276.492752 752448.241705 140720.406236 0.0 0.0 0.0 0.0 0.0 68705.8759294 0.0687161110996 0.0 1109.41463208 0.00114641603096 -1 99896.2190249 403843.346602 760557.276827 1080171.63315 498396.436354 593330.468377 219024.957291 195444.151031 149575.128751 98300.1908487 35620.0848787 37917.8170985 16323.9389192
-1 -1 -1 -1 -1 -1 -1 -1 -1 -1 -1 -1 -1 -1 -1 -1 -1 -1 -1 -1 -1 -1 -1 -1 -1 -1 -1 -1 -1 -1 -1 -1 -1 -1 -1 -1 -1 170778.160469 540122.408071 85538.2747643 134678.130016 0.0 0.0 76826.1855742 464840.365517 548826.096779 771049.784144 904769.99071 947742.665743 631728.805443 867015.847326 908988.529306 635411.775961 766987.599606 450311.44442 0.0 177761.373201 328704.580108 710054.776894 541234.555799 105322.221901 9731.76735421 5114.54477116 0.0 16522.8296842 -1 -1 3550.19462767 40159.8869 76823.2321121 833654.7295 678779.241872 640587.465715 486944.551469 486317.110873 306133.468996 190158.573488 156354.746339 129721.474209 0.0
-1 -1 -1 -1 -1 -1 -1 -1 -1 -1 -1 -1 -1 -1 -1 -1 -1 -1 -1 -1 -1 -1 -1 -1 -1 -1 -1 -1 -1 -1 -1 -1 -1 -1 -1 -1 -1 485616.487822 885353.915109 834492.971958 430557.230594 186693.790574 164977.765863 0.0 328261.844172 431986.794639 989981.197859 1101132.52939 787233.191408 293923.658137 748080.870762 899639.598471 996567.272979 822692.867491 669841.868192 567057.029771 598244.984821 87514.8588899 255031.294819 601807.647325 923083.756891 723752.721389 632308.152915 249776.470205 3687.777277 4122.49952017 -1 -1 -1 0.0 428773.20508 443656.996595 672955.356967 734592.759343 725633.842324 785883.999626 934214.878656 705986.50935 729312.193111 489703.615466
-1 -1 -1 -1 -1 -1 -1 -1 -1 -1 -1 -1 -1 -1 -1 -1 -1 -1 -1 -1 -1 -1 -1 24455.4529052 344562.64311 131944.426326 -1 -1 4509.90435561 -1 -1 -1 -1 -1 -1 -1 -1 383274.954212 395699.199541 0.0 0.0 328630.450381 103808.982377 272950.943381 454231.238072 42558.1760502 850171.365775 810197.002792 187001.504405 114879.243302 466608.980155 715501.18607 965205.415613 996504.573474 509452.171486 229005.152274 0.0 -1 -1 -1 123239.498527 178060.440711 238974.849042 510620.111789 274158.505612 107892.414291 4685.72274166 11332.6541728 -1 -1 72288.8307752 401950.808798 382191.608502 467761.838565 572011.781783 782958.030695 740098.787069 750421.988684 807526.561333 570944.064357
-1 -1 -1 -1 -1 -1 -1 -1 -1 -1 -1 -1 -1 -1 -1 -1 -1 -1 -1 -1 -1 13832.6212583 34083.6395629 287316.446946 265525.846745 638694.901499 793942.913697 722293.486988 527588.817475 767646.021413 536810.628637 440416.62453 487102.034042 501965.778438 654506.726799 484319.789528 517465.998574 400181.543746 0.0 0.0 0.0 0.0 407801.37834 281187.802391 811786.396967 858917.680265 200606.889471 11756.6955074 23174.7328458 51253.1108986 40487.5316844 518990.111469 603529.44242 149061.248758 -1 -1 -1 -1 -1 -1 0.0 361951.915531 312627.357491 85091.8565606 235275.321717 425462.171061 209971.514267 7658.42593371 -1 -1 -1 -1 75265.7050462 121726.714035 402998.865636 335346.030397 482155.606349 904489.173047 830421.152728 731861.825778
-1 -1 -1 -1 -1 -1 -1 -1 -1 -1 -1 -1 -1 -1 -1 -1 -1 -1 -1 -1 -1 85237.7959201 412316.379571 336849.059924 407767.471672 734687.58793 826951.570971 804102.398012 576969.453236 515300.110346 595840.609194 370140.427816 663697.359552 67064.3672976 478354.504594 743564.791262 442746.641979 826216.211094 837463.846093 1085066.57908 980159.978843 657447.039262 756035.059987 804534.818946 1031311.39777 668792.979668 34429.7202463 -1 -1 -1 -1 -1 -1 -1 -1 -1 -1 126173.712452 497666.290089 0.0 87900.1343122 71610.4002875 102205.874753 302417.592049 156174.887074 368829.850407 859219.121744 220750.346736 1030.70103504 -1 -1 -1 -1 38651.7708379 71448.529611 161887.387455 356040.510127 740283.306092 798007.692365 903226.798024
-1 -1 -1 -1 -1 -1 -1 -1 -1 -1 -1 -1 -1 -1 -1 -1 -1 -1 -1 -1 -1 -1 325294.328949 804879.934248 498782.114594 840192.748246 782454.415488 566479.211976 50796.7164019 161265.841372 202970.318739 172157.06053 325117.042158 0.0 108906.50479 360848.344558 71172.0872801 354362.845547 513397.173155 553258.86483 582399.560391 700095.052775 808012.853192 821249.232412 859453.204203 694932.599136 114956.476485 -1 -1 -1 -1 -1 -1 -1 -1 -1 -1 695426.80488 907478.113327 20180.0577231 -1 -1 9910.02527577 41269.2495031 12948.7485974 377500.344213 621344.418484 485032.379932 186664.905254 0.0 -1 -1 -1 -1 -1 -1 23997.2379788 263993.531781 500252.990451 912330.342552
-1 -1 -1 -1 -1 -1 -1 -1 -1 -1 -1 -1 -1 -1 -1 -1 -1 -1 -1 -1 -1 -1 386504.78045 691334.080232 904300.954301 627828.603642 327415.641692 395247.361761 89381.396558 94158.4426096 111645.213038 226457.031423 121183.054351 281840.174646 664219.048559 451781.038033 380797.316304 112315.279701 341270.545881 247194.673654 158590.813712 222960.04928 369785.307983 451789.213847 485009.893545 231189.759067 2810.01672665 -1 -1 -1 -1 -1 -1 -1 -1 -1 -1 413461.716075 738043.503906 -1 -1 -1 -1 -1 4039.82615167 56148.579084 393967.704 67357.7544856 0.0 135258.52946 29455.9942406 166342.464097 161399.749384 -1 -1 -1 -1 -1 46095.4891717 585914.017996
-1 -1 -1 -1 -1 -1 -1 -1 -1 -1 -1 -1 -1 -1 -1 -1 -1 -1 -1 -1 -1 -1 7095.64986078 316141.486859 722504.09023 765670.368998 769723.358117 256685.427271 125442.944367 52308.8580011 32183.7968879 262390.218819 278477.901993 675569.16332 251353.801454 362774.966964 314091.304991 53528.0506407 64325.5678519 19439.9906358 0.0 53979.7395365 194219.183443 112242.327193 22974.6816747 -1 -1 -1 -1 -1 -1 -1 -1 -1 -1 -1 0.0 21816.9160386 180748.105023 651.082823605 -1 -1 -1 -1 -1 191.095337313 71360.0402826 237545.753921 357542.760163 225717.034993 103306.508905 0.0 842.964583562 8217.41419544 3022.30661939 -1 -1 -1 3294.07080893 294037.289332
-1 -1 -1 -1 -1 -1 -1 -1 -1 -1 -1 -1 -1 -1 -1 -1 -1 -1 -1 -1 -1 -1 2572.72571974 561858.127571 515074.345373 567026.98013 204006.641784 0.0 0.0 63505.7109857 0.0 468908.85168 245139.499405 133751.517263 0.0 584246.746896 884291.098763 257617.157691 0.0 47412.4359084 515984.391173 174908.06264 -1 -1 -1 -1 -1 -1 -1 -1 -1 -1 -1 -1 -1 -1 48806.8024745 271117.666327 561249.094722 154360.655642 -1 -1 -1 -1 -1 -1 -1 0.0 46864.9015634 203310.237409 209746.469119 197861.866155 100126.255479 0.0301662345535 4820.48439305 0.0 1593.51508197 -1 1435.78510797 255028.359442
-1 -1 -1 -1 -1 -1 -1 -1 -1 -1 -1 -1 -1 -1 -1 -1 -1 -1 -1 -1 -1 -1 87234.5671345 454195.190477 728122.881398 743207.937397 743442.84576 656236.519696 555812.719955 459442.462715 439147.70457 0.0 14675.1596927 59122.3944414 0.0 192288.028736 737133.150647 317905.043096 781024.801923 417543.50661 0.0 0.0 -1 -1 -1 -1 -1 -1 -1 -1 -1 -1 -1 -1 -1 -1 86946.9292831 288626.352228 453556.255376 165381.984569 -1 -1 -1 -1 -1 -1 -1 -1 -1 0.0 0.0 0.0 120792.927266 5920.61843706 0.00492702713521 0.0177419744789 0.018717619678 0.0 51538.5486165 611121.077358
-1 -1 -1 -1 -1 -1 -1 -1 -1 -1 -1 -1 -1 -1 -1 -1 -1 -1 -1 -1 -1 17542.9735752 142995.437226 519354.340652 518324.737286 138020.664842 0.0 0.0 0.0 0.0 0.0 0.0 0.0 47406.5758772 25848.4404312 0.0 0.0 0.0 322003.724079 0.0 2498.80595649 -1 -1 -1 24851.365692 178388.112787 10825.0145694 0.0 6946.32299862 -1 -1 -1 -1 -1 -1 -1 25852.0038963 150798.288119 394354.265828 92221.0667766 -1 -1 -1 -1 -1 -1 -1 -1 -1 -1 -1 0.0 276860.241981 55665.2885362 -1 -1 381.183591757 -1 -1 149290.509862
-1 -1 -1 -1 -1 -1 -1 -1 -1 -1 -1 -1 -1 -1 -1 -1 -1 -1 -1 -1 -1 67983.2491466 62764.666326 124797.168406 0.0 0.0 0.0 0.0 0.0 0.0 0.0 0.0 0.0 10731.947391 0.0 0.0 0.0 0.0 58295.7114912 0.0 -1 -1 25276.2599895 0.0 -1 0.0 0.0 -1 -1 -1 -1 -1 -1 -1 -1 -1 39544.0911908 150908.559659 155420.467781 32277.0581814 -1 -1 -1 -1 -1 -1 -1 -1 -1 -1 -1 -1 439936.257296 243921.974269 1285.1983968 -1 -1 -1 -1 9686.95754885
-1 -1 -1 -1 -1 -1 -1 -1 -1 -1 -1 -1 -1 -1 -1 -1 -1 -1 -1 -1 -1 66474.6622612 27844.8031501 0.0 0.0 0.0 20178.0036073 0.0 0.0 0.0 0.0 0.0 0.0 0.0 0.0 0.0 168.568057225 403086.414453 70352.9572468 0.0 40806.9802528 -1 0.0 18169.6211064 -1 -1 -1 -1 -1 -1 -1 -1 -1 -1 -1 -1 -1 37747.63383 0.0 -1 -1 -1 -1 -1 -1 -1 -1 -1 -1 -1 -1 15059.6091078 311782.911005 12423.1467257 990.391759481 -1 -1 -1 -1 -1
-1 -1 -1 -1 -1 -1 -1 -1 -1 -1 -1 -1 -1 -1 -1 -1 -1 -1 -1 -1 -1 0.0 0.0 0.0 0.0 457195.003274 0.0 0.0 0.0 0.0 0.0 558340.135402 0.0 0.0 152511.99827 0.0 0.0 0.0 0.0 0.0 -1 -1 -1 -1 -1 -1 -1 -1 -1 -1 -1 -1 -1 -1 -1 -1 -1 -1 -1 -1 -1 -1 -1 -1 -1 58656.5850057 44542.1552199 10657.3210987 -1 148970.653767 209378.343969 0.0 0.0 4295.79232844 -1 -1 -1 -1 -1 -1
-1 -1 -1 -1 -1 -1 -1 -1 -1 -1 -1 -1 -1 -1 -1 -1 -1 -1 -1 -1 -1 -1 300775.791628 609778.423063 711149.299802 572547.914867 225958.731986 273673.178657 0.0 142605.558584 0.0 0.0 0.0 0.0 142880.630615 0.0 0.0 0.0 0.0 -1 -1 -1 -1 -1 -1 -1 -1 -1 -1 -1 -1 -1 -1 -1 -1 -1 -1 -1 -1 -1 -1 -1 -1 -1 420.678452668 65885.5099609 434936.83666 355269.337202 158129.238005 411412.126962 208957.494419 0.00420823868986 0.0 -1 -1 -1 -1 -1 -1 -1
-1 -1 -1 -1 -1 -1 -1 -1 -1 -1 -1 -1 -1 -1 -1 -1 -1 -1 -1 -1 -1 -1 450794.145191 604682.454575 663037.791966 40317.027993 0.0 0.0 0.0 0.0 0.0 0.0 3046.82272176 258059.68371 164374.383511 40307.0112831 0.0 0.0 -1 -1 -1 -1 -1 -1 -1 -1 -1 -1 -1 -1 -1 -1 0.00492191038213 0.0 0.0 4028.42536507 -1 0.0 0.0 0.0 0.00507788177658 0.000124145249982 0.0 -1 -1 -1 704.298766338 11259.0254087 76562.8057172 74994.7183625 10140.257831 -1 -1 -1 -1 -1 -1 -1 -1 -1
-1 -1 -1 -1 -1 -1 -1 -1 -1 -1 -1 -1 -1 -1 -1 -1 -1 -1 -1 -1 -1 -1 -1 -1 7305.98547514 -1 2819.44912576 3690.10406161 0.0 0.0 0.0 0.0 0.0 141072.509399 104266.652263 28637.1864896 1601.4810261 -1 -1 -1 -1 -1 0.0 0.0 0.0 0.0 0.0 0.0 0.0 0.0 0.0 0.0 0.0 0.0 0.0 0.0 0.0 460.211782811 0.0012399111012 0.0 1153.25636572 0.0 0.0 0.0 -1 -1 -1 -1 0.0 8754.02956907 1037.98359118 -1 -1 -1 -1 -1 -1 -1 -1 -1
-1 -1 -1 -1 -1 -1 -1 -1 -1 -1 -1 -1 -1 -1 -1 -1 -1 -1 -1 -1 -1 -1 -1 -1 -1 -1 -1 0.0 0.0 0.0 0.0 -1 -1 -1 -1 -1 -1 -1 -1 -1 0.0 2313.66279703 0.0 0.023010053161 0.0 0.0 0.0 0.0433781489983 52773.2191444 0.0 0.0 0.0 0.0 0.0 0.0 0.0 0.0 0.0 0.0 0.0284280763458 0.0 0.0 -1 -1 -1 -1 -1 -1 0.0 -1 -1 -1 -1 -1 -1 -1 -1 -1 -1 -1
