Model Version1.4/trunk/input/2010/nle_nat.asc
ncols 720
nrows 360
xllcorner -180
yllcorner -90
cellsize 0.5
NODATA_value -1
[rows 180 to 215 of 360, columns 400 to 479 of 720]
1780413.17517 1865189.28956 1922682.32899 1850005.84449 1889020.27227 1827961.59989 1805742.14077 1560146.18528 1772797.80324 1783670.00313 1742591.19976 1680374.78772 1370221.09246 1291160.05317 1242115.31206 709557.293761 1001810.91893 1348771.38249 906736.838063 0.0 817343.995978 626881.66427 575538.226346 0.0 0.0 0.0 0.0 0.0 0.0 0.0 738295.812667 532041.663941 410967.84711 446928.193203 397897.996299 218445.530075 0.0 0.0 0.0 0.0 0.0 0.0 0.0 0.0 0.0 0.0 -1 -1 -1 -1 -1 -1 -1 -1 -1 -1 -1 -1 -1 -1 -1 -1 -1 -1 -1 -1 -1 -1 -1 -1 -1 -1 -1 -1 -1 -1 -1 -1 -1 -1
1981729.91242 2001570.46229 1998287.72435 1885703.74788 1796062.69043 1805966.25991 1658923.35241 1798479.1191 1812397.37306 1871301.55278 1784065.13716 1758121.12312 1507459.11697 1594188.46291 1572924.55666 1273727.23222 1303876.33148 1263714.70372 788315.501418 1015523.80252 327256.047705 459388.883939 666298.34665 0.0 0.0 0.0 0.0 0.0 0.0 226999.800078 513526.142967 249213.368391 135488.905412 315987.196948 110938.419481 391727.079687 0.0 0.0 0.0 0.0 0.0 0.0 0.0 0.0 0.0 -1 -1 -1 -1 -1 -1 -1 -1 -1 -1 -1 -1 -1 -1 -1 -1 -1 -1 -1 -1 -1 -1 -1 -1 -1 -1 -1 -1 -1 -1 -1 -1 -1 -1 -1
1987765.36805 1993055.72658 1982604.65632 1981159.53068 1880615.59151 1643057.61658 1627482.99072 1862600.04151 1678989.85909 1692304.09437 1837043.22542 1669816.09335 1491808.07464 1601540.17685 1337354.33481 993002.329797 1337791.29619 982658.509685 1692833.99557 1122354.79957 237475.717693 796469.017693 980917.633653 753515.14455 0.0 0.0 0.0 0.0 104458.159972 848132.844206 782734.016169 646944.139084 79567.1355388 282990.253392 427369.664691 0.0 585331.349199 0.0 0.0 0.0 0.0 0.0 127888.752266 0.0 -1 -1 -1 -1 -1 -1 -1 -1 -1 -1 -1 -1 -1 -1 -1 -1 -1 -1 -1 -1 -1 -1 -1 -1 -1 -1 -1 -1 -1 -1 -1 -1 -1 -1 -1 -1
1928725.77789 1953492.20369 1962550.08358 1980959.91017 1931786.61326 1910963.57318 1907988.41233 1907343.81528 1900260.34702 1712820.05182 1874299.88526 1583428.48213 1600115.59918 1558853.26186 1524981.20122 1521610.5075 1265091.90194 1251325.04284 476136.957344 858886.470427 449753.357452 571912.144826 855439.460213 0.0 0.0 0.0 0.0 0.0 0.0 37885.6380905 981844.965289 0.0 0.0 0.0 613837.139295 366515.889503 368416.293773 0.0 0.0 0.0 253349.985722 252667.886487 0.0 0.0 -1 -1 -1 -1 -1 -1 -1 -1 -1 -1 -1 -1 -1 -1 -1 -1 -1 -1 -1 -1 -1 -1 -1 -1 -1 -1 -1 -1 -1 -1 -1 -1 -1 -1 -1 -1
1874196.58322 1892711.67104 1914238.7877 1926876.53351 1905022.26032 1924935.18068 1939899.8283 1906347.7914 1905016.79455 1725610.87842 1664203.19257 1586341.71884 1634226.10105 1604977.58181 1588391.51249 1288376.35227 1060386.32993 796774.601817 453071.908993 234251.189376 36121.6957192 493259.178077 919635.263099 0.0 0.0 0.0 0.0 0.0 0.0 0.0 0.0 472289.698387 0.0 818669.292026 0.0 648339.187829 437683.650589 0.0 0.0 0.0 0.0 452782.766662 34007.0990851 -1 -1 -1 -1 -1 -1 -1 -1 -1 -1 -1 -1 -1 -1 -1 -1 -1 -1 -1 -1 -1 -1 -1 -1 -1 -1 -1 -1 -1 -1 -1 -1 -1 -1 -1 -1 -1
1844373.49222 1868556.0534 1888341.26863 1901160.80529 1898563.47315 1907511.25689 1859540.65181 1929293.90465 1896497.00996 1699201.25729 1669624.62014 1546271.04045 1513530.86598 1387916.77686 1404898.06533 1118837.18238 1044520.52017 781303.719243 398944.988048 100496.043548 0.0 543311.526392 955277.782377 0.0 0.0 0.0 297496.894827 47524.1160666 0.0 0.0 0.0 491151.454464 0.0 440210.272688 717204.12991 466417.944732 951787.235339 0.0 0.0 903922.341681 569037.967424 0.0 -1 -1 -1 -1 -1 -1 -1 -1 -1 -1 -1 -1 -1 -1 -1 -1 -1 -1 -1 -1 -1 -1 -1 -1 -1 -1 -1 -1 -1 -1 -1 -1 -1 -1 -1 -1 -1 -1
1877115.37772 1885865.86401 1898007.38993 1889750.63688 1816781.72317 1896797.855 1789938.53839 1772405.65371 1835436.51657 1641926.83902 1675904.73584 1536002.88284 1554469.10471 1535818.58521 1026029.50187 1092066.09599 836781.351917 823466.537758 144165.267865 128059.251044 201427.615431 542967.505119 965867.477305 803385.557467 160796.92997 0.0 90128.5384323 146494.840622 0.0 94838.0089902 0.0 576629.686588 0.0 830401.315603 393078.271959 785239.127434 837834.459992 0.0 0.0 660561.634251 139469.704863 -1 -1 -1 -1 -1 -1 -1 -1 -1 -1 -1 -1 -1 -1 -1 -1 -1 -1 -1 -1 -1 -1 -1 -1 -1 -1 -1 -1 -1 -1 -1 -1 -1 -1 -1 -1 -1 -1 -1
1870376.96958 1869911.63214 1842844.91156 1768187.02949 1830554.81802 1886973.16654 1581224.59512 1427772.90772 1375534.04846 1362110.65547 1549394.14183 1346759.14158 1077957.59289 1180093.22844 746231.228541 1198409.74997 1038145.29634 789983.545076 83679.771443 520329.445084 427531.209547 1297773.84054 1140983.46057 0.0 691686.945046 0.0 72932.5484641 0.0 128108.355104 0.0 0.0 0.0 329587.315465 589302.326933 362026.105023 833862.057215 0.0 0.0 0.0 276599.132143 -1 -1 -1 -1 -1 -1 -1 -1 -1 -1 -1 -1 -1 -1 -1 -1 -1 -1 -1 -1 -1 -1 -1 -1 -1 -1 -1 -1 -1 -1 -1 -1 -1 -1 -1 -1 -1 -1 -1 -1
1337937.76682 1254901.06688 1728248.80626 1666772.26723 1758865.16324 1714355.4943 1792605.54218 1716645.54484 1379060.9111 946320.335634 1139665.69037 1145928.55851 993633.552219 945674.029823 0.0 1128238.27549 1230985.5133 1294976.82657 0.0 378102.605995 958866.526238 0.0 1173241.02839 622491.035908 0.0 0.0 322251.817168 0.0 0.0 339423.512706 516779.316346 683353.414904 866042.821814 478230.104911 460183.659132 516504.794873 459125.005224 0.0 0.0 8283.07793571 -1 -1 -1 -1 -1 -1 -1 -1 -1 -1 -1 -1 -1 -1 -1 -1 -1 -1 -1 -1 -1 -1 -1 -1 -1 -1 -1 -1 -1 -1 -1 -1 -1 -1 -1 -1 -1 -1 -1 -1
1243359.50323 1781661.15137 1156345.19245 1248981.95137 1683599.48029 1748725.91999 1699066.70551 1629087.13387 1442027.32673 887220.645237 1125264.98132 1032459.28906 1109365.54035 910990.333741 1070899.80689 0.0 1241982.40514 1154197.23721 0.0 0.0 1084118.88614 940661.38662 1125809.14557 0.0 876933.561559 665142.577927 438631.565311 0.0 705495.266062 605182.363026 392269.212204 373092.700185 308851.467271 307135.871353 211584.06667 222820.328392 947477.609686 464994.340865 144948.588439 94639.1423309 -1 -1 -1 -1 -1 -1 -1 -1 -1 -1 -1 -1 -1 -1 -1 -1 -1 -1 -1 -1 -1 -1 -1 -1 -1 -1 -1 -1 -1 -1 -1 -1 -1 -1 -1 -1 -1 -1 -1 -1
1228773.39425 1685215.93531 1144682.49129 1184415.48994 1259756.84556 1348744.05086 1298655.52941 1182820.2377 1167099.92732 994319.529096 928965.951069 1041009.49714 932555.866891 1308667.94895 1146524.97674 0.0 0.0 1388622.08524 0.0 0.0 1023217.63166 1229021.18049 1035882.74837 995917.367052 819792.95616 0.0 277813.759967 0.0 0.0 17577.1006107 0.0 545399.456505 445646.063168 0.0 301806.103875 868994.141162 850680.395436 0.0 44548.4079502 79115.2623083 -1 -1 -1 -1 -1 -1 -1 -1 -1 -1 -1 -1 -1 -1 -1 -1 -1 -1 -1 -1 -1 -1 -1 -1 -1 -1 -1 -1 -1 -1 -1 -1 -1 -1 -1 -1 -1 -1 -1 -1
1110120.53758 1139490.47858 1174532.94566 1169027.40073 867961.261656 1236134.589 1027669.55316 1234167.60045 1251848.274 972313.446363 1048259.45866 1050504.40931 1468917.72607 1089821.25887 1130441.99398 1077459.93847 765554.287677 672290.226311 0.0 0.0 1375969.94091 1446245.64082 0.0 597011.156846 688387.74136 462313.012169 0.0 0.0 0.0 0.0 53637.3284556 486242.389276 0.0 614503.149194 0.0 0.0 0.0 0.0 0.0 -1 -1 -1 -1 -1 -1 -1 -1 -1 -1 -1 -1 -1 -1 -1 -1 -1 -1 -1 -1 -1 -1 -1 -1 -1 -1 -1 -1 -1 -1 -1 -1 -1 -1 -1 -1 -1 -1 -1 -1 -1
1619878.06919 898310.620377 1065135.53028 1146141.53291 1051540.61245 1015577.2692 871230.838784 250144.212927 1208525.02265 1071676.43356 858321.433333 1208354.17728 1014138.71466 1178289.11844 1286165.44248 1296190.19041 884615.691533 594738.87078 0.0 0.0 940741.546411 1197111.02123 1037076.92049 145815.225307 198947.368195 0.0 0.0 0.0 0.0 0.0 0.0 430919.987786 0.0 453350.935256 0.0 184303.993238 0.0 0.0 7242.88212626 0.0 -1 -1 -1 -1 -1 -1 -1 -1 -1 -1 -1 -1 -1 -1 -1 -1 -1 -1 -1 -1 -1 -1 -1 -1 -1 -1 -1 -1 -1 -1 -1 -1 -1 -1 -1 -1 -1 -1 -1 -1
1758138.91121 1383562.38243 904324.906971 1013100.14645 1213743.30504 1200749.34246 1019387.71086 571964.144328 682401.474951 1710840.86248 1170025.74252 1323241.15294 1043574.86595 1356252.43635 1363967.32035 1264581.73218 1116985.35689 1163919.94076 1161092.32431 0.0 0.0 741688.317598 274004.377251 955712.206973 0.0 0.0 0.0 0.0 0.0 0.0 0.0 57086.8062555 450941.585979 0.0 140542.576443 275862.084211 577044.570613 921850.547342 173417.030868 -1 -1 -1 -1 -1 -1 -1 -1 -1 -1 -1 -1 -1 -1 -1 -1 -1 -1 -1 -1 -1 -1 -1 -1 -1 -1 -1 -1 -1 -1 -1 -1 -1 -1 -1 -1 -1 -1 -1 -1 -1
1899846.93681 1514532.03926 1412188.65013 917378.012476 1075697.48944 1106609.43281 1039976.04606 677619.742495 1412695.8919 1284190.05033 1615985.8796 1513640.00981 1514267.35338 1408254.47899 1028063.43944 1144640.31503 969719.09156 897296.225013 779558.718365 740953.804838 0.0 500453.325378 189788.023336 961501.271223 773082.127492 0.0 609418.258105 938380.45815 794990.490299 460040.656894 348174.436418 0.0 719536.120821 0.0 962796.926005 1204583.4623 575455.197591 423530.645649 417007.752103 -1 -1 -1 -1 -1 -1 -1 -1 -1 -1 -1 -1 -1 -1 -1 -1 -1 -1 -1 -1 -1 -1 -1 -1 -1 -1 -1 -1 -1 -1 -1 -1 -1 -1 -1 -1 -1 -1 -1 -1 -1
986968.279031 1408131.55669 686236.70638 985490.655775 1558580.78809 1624089.29901 1576326.79176 1459250.96698 1544313.72185 1425756.0245 1442065.05471 1292612.26734 1218011.33592 1036966.21418 953682.262349 1287899.58179 966749.739206 1064190.68142 1248971.58182 900734.90075 0.0 0.0 986284.31988 0.0 0.0 1002041.30688 1163948.42072 0.0 0.0 573443.677936 373289.044763 805796.660343 854564.208436 1030577.80187 1097838.78302 949533.649128 485404.323733 1053550.52295 556228.957061 0.0 -1 -1 -1 -1 -1 -1 -1 -1 -1 -1 -1 -1 -1 -1 -1 -1 -1 -1 -1 -1 -1 -1 -1 -1 -1 -1 -1 -1 -1 -1 -1 -1 -1 -1 -1 -1 -1 -1 -1 -1
1217520.65673 1205867.05683 359275.161832 878366.207741 1843548.68806 1519329.01227 1531738.56278 1411776.31054 1315145.65021 1365788.2944 1262939.06787 1142960.03707 767826.999097 0.0 1604815.55309 1713656.47437 1114882.66648 1228518.88102 1233726.67905 927832.976129 1031346.33621 0.0 681649.163696 991048.215702 0.0 0.0 450110.884063 661822.343307 316703.080499 244842.659845 752998.205435 595356.875797 775082.766994 926176.137665 1419577.58459 917419.177057 920453.545801 0.229584394052 602568.115507 -1 -1 -1 -1 -1 -1 -1 -1 -1 -1 -1 -1 -1 -1 -1 -1 -1 -1 -1 -1 -1 -1 -1 -1 -1 -1 -1 -1 -1 -1 -1 -1 -1 -1 -1 -1 -1 -1 -1 -1 -1
1826022.43771 934414.839245 1126810.74509 1025061.43833 1567319.84871 1488981.79616 1529866.04883 1376113.90655 1390572.31348 1350255.68509 864565.472102 1005312.38378 0.0 1013924.0831 1924415.11275 1241096.69857 760534.835379 0.0 548492.680149 0.0 1077358.01199 865722.745181 321411.717639 931419.296767 0.0 0.0 514164.143548 352749.712785 228328.022903 635942.494736 932966.02859 530538.562533 960762.653837 1355190.56722 1269125.26745 1265285.75789 0.0 0.125424384209 817386.277861 -1 -1 -1 -1 -1 -1 -1 -1 -1 -1 -1 -1 -1 -1 -1 -1 -1 -1 -1 -1 -1 -1 -1 -1 -1 -1 -1 -1 -1 -1 -1 -1 -1 -1 -1 -1 -1 -1 -1 -1 -1
1514853.54764 1041230.14842 1575716.90493 948634.710314 1749584.87316 1610185.75663 1550664.23796 1307149.07553 1367798.61452 1408467.12041 1335525.74174 525942.751153 989667.866178 1367564.24826 1020096.75014 1633167.80194 825997.606339 0.0 859288.915762 1060031.29074 995817.223286 990935.666182 817184.857357 528410.302554 341429.191417 0.0 276100.2923 553827.435777 580960.369533 696274.859475 1064543.27208 0.0 1168394.2764 1344002.01038 1122126.99911 1338823.97307 394512.226396 420579.918366 387748.326181 11313.6316058 -1 -1 -1 -1 -1 -1 -1 -1 -1 -1 -1 -1 -1 -1 -1 -1 -1 -1 -1 -1 -1 -1 -1 -1 -1 -1 -1 -1 -1 -1 -1 -1 -1 -1 -1 -1 -1 -1 -1 -1
1425890.04006 1496458.20449 1548510.58722 1574753.71649 1525572.8492 1295530.73653 1465660.88652 1471607.76322 1316137.28276 1318793.67543 1419253.65637 1020475.36642 1822853.09976 1017373.06414 257921.645211 1623848.4649 847187.323338 459063.521065 913488.132132 1057346.93638 930973.458119 873631.130168 767193.597395 0.0 0.0 350968.433428 377082.568663 1012706.90313 0.0 706024.097089 750215.494512 1146069.21737 1253305.28157 1118540.8608 1065419.29504 1293744.83793 242823.678624 801576.447214 983273.171561 0.0 -1 -1 -1 -1 -1 -1 -1 -1 -1 -1 -1 -1 -1 -1 -1 -1 -1 -1 -1 -1 -1 -1 -1 -1 -1 -1 -1 -1 -1 -1 -1 -1 -1 -1 -1 -1 -1 -1 -1 -1
923283.52312 965382.695409 1437928.26819 1452796.81333 1203118.57056 1343439.71095 1359721.72806 1306817.76875 1069440.36316 1357896.22688 1289153.32523 1356576.3509 1490321.56034 1031942.40216 428742.22831 1998545.55991 1488758.92905 904497.395594 969810.511582 1053195.76356 1138750.68714 973425.730661 1001304.78422 0.0 401458.553885 1032012.55244 305929.178477 842695.371507 0.0 769591.941641 1096490.98207 1193345.28557 1161893.35774 1203303.50006 1210188.90322 1425353.60803 0.0 656844.597722 719791.288403 0.0 292531.087905 -1 -1 -1 -1 -1 -1 -1 -1 -1 -1 -1 -1 -1 -1 -1 -1 -1 -1 -1 -1 -1 -1 -1 -1 -1 -1 -1 -1 -1 -1 -1 -1 -1 -1 -1 -1 -1 -1 -1
757682.732341 967940.600386 1452493.56994 1629483.34355 1395724.97049 1646924.61416 1377710.83834 1236763.56411 1203183.12807 1381710.41591 1241324.60058 885543.562137 1402854.15337 1021351.39463 723670.457569 1697153.00508 1861070.2033 900848.856159 920754.469078 0.0 936391.036683 866714.072481 760411.722154 885366.349862 866056.726078 1696444.06836 1009964.51831 619007.332421 432022.995241 517006.343807 1101726.72295 852211.382166 1103564.42945 1237625.24953 934602.635525 0.0 57976.2957063 659650.428534 882226.282059 736002.435288 76801.0175644 51840.7671109 -1 -1 -1 -1 -1 -1 -1 -1 -1 -1 -1 -1 -1 -1 -1 -1 -1 -1 -1 -1 -1 -1 -1 -1 -1 -1 -1 -1 -1 -1 -1 -1 -1 -1 -1 -1 -1 -1
1411120.40209 1000590.47554 291241.576535 210097.691554 1215014.13156 1537216.63849 918661.435642 1170850.64767 1213052.55526 1453699.57714 1269885.90799 1192159.76997 1514674.21169 1306455.07468 973787.478437 976994.687086 1337941.78023 829689.655925 814504.209741 205438.229011 145093.848637 900840.243233 862388.879214 701218.209565 1068315.18373 0.0 565763.300242 831340.433176 490817.11537 478116.706593 1155854.59107 1234575.20165 1276605.06132 1163690.96734 755199.842696 0.0 130426.988868 354725.03095 679492.863618 0.0 0.0 58433.9537073 -1 -1 -1 -1 8266.9522287 -1 -1 -1 -1 -1 -1 -1 -1 -1 -1 -1 -1 -1 -1 -1 -1 -1 -1 -1 -1 -1 -1 -1 -1 -1 -1 -1 -1 -1 -1 -1 -1 -1
1521323.22192 721454.693575 670877.242181 772096.387159 215848.929822 369644.685644 1361157.37289 1403763.57101 1739828.42555 1514381.84095 1204680.2945 1257590.04854 1419130.40466 1555706.86309 1051986.12606 1212943.61992 1326878.91149 969518.686487 1072919.344 142321.455165 452845.755356 827154.579149 928883.210476 1388245.17746 1220870.31687 937009.331366 286020.579061 889858.419248 778069.778576 0.0 780624.420903 577578.960291 515963.138484 510836.765596 259296.631612 143421.858511 97286.3436191 0.0 198489.256752 546871.825357 0.0 -1 -1 -1 -1 -1 115644.427618 -1 -1 -1 -1 -1 -1 -1 -1 -1 -1 -1 -1 -1 -1 -1 -1 -1 -1 -1 -1 -1 -1 -1 -1 -1 -1 -1 -1 -1 -1 -1 -1 -1
1879160.27036 387207.495517 395138.93589 484093.615855 585194.031379 865697.589134 1144633.57696 1209295.86427 1872628.26583 1504636.5219 1375003.07771 1259382.94392 1121087.23034 809938.048949 744573.630519 674142.245106 1408269.14701 1183840.76428 1010496.95282 697676.125174 828786.91481 1172530.67119 1383205.20177 1352437.67068 1282096.62244 797743.359385 262070.429987 650830.723892 0.0 330001.221797 496131.09448 1079186.45073 833119.888962 870903.772311 109390.714497 115731.814205 157991.75924 0.0 87181.9607958 746154.70874 138413.006237 -1 -1 -1 -1 -1 -1 19702.4476816 0.0 0.0039780909729 -1 -1 -1 -1 -1 -1 -1 30225.3373133 206350.073335 0.0 -1 -1 -1 -1 -1 -1 -1 -1 -1 -1 -1 -1 -1 -1 -1 -1 -1 -1 -1 -1
1596211.97378 1308081.36127 157739.968144 120173.048574 151095.225298 0.0 1441148.26666 1232503.58605 1350709.56594 1683714.92243 1333674.20857 1311373.95605 1380832.47628 891103.817485 828287.458712 579144.41504 465130.086588 1099064.79757 1330850.757 1131364.77699 1127661.89915 959973.771288 1420092.62014 1301113.8856 751250.562561 175128.408242 610700.29147 610563.460199 426528.70443 233386.896923 541471.200479 617524.956738 817956.072097 890529.290392 165329.168293 110505.066606 25158.5211187 49288.2323315 0.0 600205.233888 0.0 21145.1183929 -1 -1 -1 -1 -1 -1 -1 -1 202530.04689 -1 -1 -1 -1 -1 -1 86061.3336326 553468.079593 106473.840721 -1 -1 -1 -1 -1 -1 -1 -1 -1 -1 -1 -1 -1 -1 -1 -1 -1 -1 -1 -1
1620758.83572 1687182.99161 1229073.47098 45859.6813167 77477.6969797 311877.594624 1721684.67576 1525709.88761 0.0 1264624.08204 1199072.11402 1177374.99567 1344372.05359 1298690.02975 1096866.39652 937287.412987 699122.384406 819239.628861 1088091.76485 631831.124138 497400.653789 630081.430953 1000870.56424 1348833.0972 1177024.58458 0.0 426902.522206 485924.538299 421748.602067 67806.0097409 429421.622211 723778.013028 593488.295611 697790.942716 567571.444722 503298.409718 121876.318968 146185.200442 121577.581976 180069.545515 55334.389867 0.0 -1 -1 -1 -1 -1 -1 -1 -1 -1 -1 -1 -1 -1 -1 35206.654771 191624.894104 272655.390053 286190.013904 0.0 -1 -1 -1 -1 -1 -1 -1 -1 -1 -1 -1 -1 -1 -1 -1 -1 -1 -1 -1
1548309.90327 1851542.64714 1298951.36573 1299007.68486 97547.0469488 225716.325676 1336283.34526 1669367.1048 1110550.09078 1537947.06911 1191257.59075 1000263.52112 1011267.13749 1013086.1777 586770.017477 797467.565347 929712.38082 421876.314113 736655.360876 938242.535238 1293309.33108 873146.104148 1158629.51842 570466.696185 0.0 328670.754109 639311.073832 865014.150638 169380.813202 0.0 408024.693129 653937.169225 428450.718274 629603.008555 542517.344326 259306.492656 159657.853148 149375.147182 42005.4060416 217587.372174 1025962.26929 29500.9823317 -1 -1 -1 -1 -1 -1 -1 -1 -1 -1 -1 -1 -1 119561.556742 623619.154997 482567.279178 437510.769588 643845.677499 152750.769082 -1 -1 -1 -1 -1 -1 -1 -1 -1 -1 -1 -1 -1 -1 -1 -1 -1 -1 -1
1742583.38012 1796165.7858 1811957.9006 1739317.68293 83127.2871097 0.0 371317.278365 0.0 1740856.06164 1305380.83477 830810.613836 0.0 859188.235214 600798.646975 201727.574941 206147.074292 533724.043601 0.0 681137.81953 1248001.07322 1083365.86267 475528.96329 372998.135219 95999.4602444 121137.900561 598059.95288 399543.292144 713945.47513 990406.93142 0.0 0.0 0.0 0.0 0.0 0.0 0.0 56938.1633179 198876.991464 664062.895039 231059.391504 725125.263711 63966.7216003 -1 -1 -1 -1 -1 -1 -1 -1 -1 -1 -1 -1 -1 123187.607586 590543.39106 493012.131494 1028139.67667 829339.732455 126695.538035 -1 -1 -1 -1 -1 -1 -1 -1 -1 -1 -1 -1 -1 -1 -1 -1 -1 -1 -1
1745857.92448 1604552.70748 1659547.55679 1564818.00111 23618.3936477 0.0 306764.064354 630875.15506 1470126.75023 970141.996126 273225.575342 649635.26233 0.0 0.0 558624.99328 546325.913232 892430.663657 363714.168066 0.0 0.0 1247989.60824 1124506.56835 254001.63551 0.0 0.0 290561.697574 488755.306943 245816.302098 29889.5548983 735806.016022 689808.4883 578728.044763 0.0 229010.992924 0.0 0.0 253572.43055 344509.031281 471251.598243 614431.743666 1203081.52165 454699.283903 -1 -1 -1 -1 -1 -1 -1 -1 -1 -1 -1 -1 103660.38887 392407.034174 485272.088266 397699.381242 852880.211162 734804.526253 169868.426393 -1 -1 -1 -1 -1 -1 -1 -1 -1 -1 -1 -1 -1 -1 -1 -1 -1 -1 -1
978766.859674 1080853.44616 1605266.98739 39843.7455838 0.0 0.0 441962.321148 623128.323555 1569884.37346 1756185.6074 0.0 0.0 0.0 0.0 459429.291452 491553.052322 733128.16783 293171.897446 1476838.89997 1573579.12867 686874.754098 1060458.08193 1174646.16461 1031773.52431 837510.689074 517307.620445 254032.398414 236072.713209 190532.025108 368626.016011 906945.1047 205432.116239 215443.045905 232806.801577 311522.561054 505871.730174 583663.27378 889576.942419 0.0 113061.051164 0.0 91457.7179452 -1 -1 -1 -1 -1 -1 -1 -1 -1 -1 -1 146062.540386 442271.883922 536816.428864 305893.948043 374547.406073 892101.150196 906234.374259 721473.555136 -1 -1 -1 -1 -1 -1 -1 -1 -1 -1 -1 -1 -1 -1 -1 -1 -1 -1 -1
0.0 0.0 0.0 0.0 0.0 0.0 0.0 922988.422448 846135.662044 1641175.27305 1429982.00452 0.0 0.0 221044.18691 665075.816883 584352.47038 687928.374458 1146334.40828 0.0 0.0 122857.448629 516046.360725 532456.69173 396754.506684 0.0 954082.45329 183858.02552 148808.316158 575525.075889 436152.672011 779303.706464 758693.994222 243173.514203 524983.338262 523049.809524 568148.42394 861243.028498 359672.036666 0.0 261127.287239 0.0 -1 -1 -1 -1 -1 -1 -1 -1 -1 13151.7198084 234025.731522 173931.844792 237642.238537 354766.970884 340417.415958 393107.14941 383854.729557 855307.83286 364071.196509 581045.85745 -1 -1 -1 -1 -1 -1 -1 -1 -1 -1 -1 -1 -1 -1 -1 -1 -1 -1 -1
0.0 0.0 0.0 0.0 158844.435982 0.0 0.0 728118.505851 1464336.0412 1240457.89164 1213246.40116 1126245.10157 0.0 233326.17824 3068.43912172 422607.241967 620622.531862 652663.981716 1399443.40723 1006881.01954 33224.4546553 90801.1987151 281276.396472 600376.186243 431792.762009 0.0 308131.839907 282591.391269 751417.371669 76116.7788299 527803.471803 307217.980393 0.0 0.0956161617164 500774.96725 0.0 2145.51291051 0.0 410488.876745 248656.029321 0.0 -1 -1 -1 -1 -1 -1 -1 26929.6605426 414671.88747 754407.92039 759153.974638 565035.295842 672236.140066 617343.254223 258200.464946 343991.48699 623519.1191 985338.471878 504367.022484 -1 -1 -1 -1 -1 -1 -1 -1 -1 -1 -1 -1 -1 -1 -1 -1 -1 -1 -1 -1
0.0 0.0 0.0 0.0 0.0 0.0 0.0 0.0 684334.307093 1084540.46874 858265.690414 0.0 0.0 0.0 0.0 0.0 0.0 0.0 866556.66619 470451.811455 797071.56425 648837.90972 950821.805016 703400.753356 403390.383548 892295.597984 0.0 73450.8523036 0.0 176326.246673 138709.706123 826593.017768 1288741.31788 307805.228778 898881.46848 1064031.70836 939877.244003 902740.209109 254073.45444 36857.260717 -1 -1 -1 -1 -1 -1 -1 -1 151970.894571 675881.820494 399988.233417 539677.43099 418058.060496 276702.829159 198604.915911 293057.395286 308126.017568 948372.038008 982880.701053 441533.142022 -1 -1 -1 -1 -1 -1 -1 -1 -1 -1 -1 -1 -1 -1 -1 -1 -1 -1 -1 -1
0.0 0.0 0.0 0.0 0.0 0.0 0.0 0.0 942130.24128 815309.289718 331328.359277 0.0 0.0 0.0 487967.324078 0.0 676045.455031 0.0 1046369.77754 661602.162403 1087260.50065 776146.809075 812374.869248 862787.766635 751064.455201 707514.510725 393560.114372 396823.823819 250777.352963 108919.172847 361304.601841 345466.975695 677374.529288 810301.158803 876285.113168 946123.45266 204719.323441 84972.6361229 -1 -1 -1 -1 -1 -1 -1 -1 -1 0.0 567868.671519 609668.136765 487313.35965 653887.148974 403234.449626 200318.251281 318267.677008 213573.716568 205657.33155 844857.875805 576981.429041 6257.92157331 -1 -1 -1 -1 -1 -1 -1 -1 -1 -1 -1 -1 -1 -1 -1 -1 -1 -1 -1 -1
0.0 0.0 0.0 0.0 0.0 0.0 0.0 0.0 0.0 643838.286573 0.0 1228807.50493 0.0 935752.290887 419202.508316 1037953.76386 902243.864742 0.0 640172.316775 1037338.21924 614811.076064 410476.102102 473449.346123 589323.525139 393425.991362 585704.146368 1090865.49455 287163.338735 526291.780691 456664.685505 266466.277815 594477.502292 482807.793462 413606.650617 277568.337346 0.0 -1 -1 -1 -1 -1 -1 -1 -1 -1 -1 -1 0.0 544514.315939 427150.411411 435095.852141 402943.147722 410047.98478 348473.926487 217935.010854 238404.616894 204319.563509 826871.265563 666306.521854 -1 -1 -1 -1 -1 -1 -1 -1 -1 -1 -1 -1 -1 -1 -1 -1 -1 -1 -1 -1 -1
