Model Version1.4/trunk/input/2010/nsro_nat.asc
ncols 720
nrows 360
xllcorner -180
yllcorner -90
cellsize 0.5
NODATA_value -1
[rows 70 to 104 of 360, columns 80 to 159 of 720]
-1 -1 -1 -1 -1 -1 -1 -1 -1 -1 -1 -1 -1 1199.17024957 3732.76733554 7412.29163246 -1 45.3475980405 2676.0658617 5527.788 4268.3716998 17042.3558784 26628.2964945 10154.2616783 9094.88460375 6741.0794451 5922.31873222 3347.876628 4214.1921459 5140.52808142 3183.28305075 3508.65904702 2985.84614235 2678.5097625 2743.27779911 6649.6358187 10141.1762211 9518.97423244 7260.5959545 4823.0429565 12418.6821412 0.0 0.0 0.0 0.0 0.0 0.0 7309.40776125 3261.70766452 2797.00260097 0.0 3029.220084 2500.74406602 0.0 734.240764496 620.983081384 1113.77638948 0.0 0.0 0.0 0.0 1251.99911532 0.0 0.0 0.0 0.0 0.0 0.0 0.0 0.0 0.0 1443.55761941 393.824855168 500.838631819 461.948157675 397.82339505 486.636762 243.722477992 295.547859911 297.241060099
-1 -1 -1 -1 -1 -1 -1 -1 -1 -1 -1 -1 -1 156.258099868 615.69499971 181.84144641 187.701852319 -1 176.860272291 4365.94169798 3305.91438225 3852.06194205 16069.3152806 9310.25522066 9148.74710625 6073.21870256 5643.17376075 4480.5865806 4240.36519358 5133.21008805 4968.97578945 7069.0925475 2086.27155953 5139.6790905 5864.60325787 11549.3828535 6994.631952 10246.1222905 11401.2392457 10038.6610419 7900.65712061 6592.07130592 0.0 3952.98323681 0.0 0.0 0.0 0.0 0.0 3039.7813505 1055.93693516 493.354364392 314.061356734 792.63471375 1011.05029702 1300.28539883 885.601983656 740.338455045 357.765689767 375.488414347 942.557027062 1075.29626319 0.0 0.0 0.0 1262.37354496 0.0 2006.76779451 0.0 1555.39833907 0.0 1676.01010072 0.0 0.0 591.10275 570.111412466 706.167424875 681.185687812 522.820518998 529.379734969
-1 -1 -1 -1 -1 -1 -1 -1 -1 -1 -1 -1 -1 306.596331622 4849.2215304 1875.97175955 592.301291951 -1 232.231963056 3731.96970525 2904.6506676 4079.49540225 2529.05890526 5320.6924134 7068.21297 8092.91472015 4825.80787185 3480.52005 3497.55320265 5118.1280115 12210.4670625 3069.2918772 2950.8105249 10297.1700563 7993.705299 4006.1022687 4487.76313669 9154.267122 10314.882864 11931.07773 15346.8704206 10853.608584 8141.40281914 5026.77296921 3577.48449075 9900.2882475 3565.64273726 5226.01528163 3565.11538582 1644.25747864 878.616662591 618.1904778 74.1798543352 0.000235164632906 0.0 0.0 0.0 0.0 1524.32903178 1431.73283531 2334.22124929 949.67887479 994.899448755 1519.26720435 0.0 0.0 1549.43667342 0.0 1464.72943619 0.0 0.0 0.0 0.0 901.241855205 557.1587565 1257.53129766 514.742954445 483.440260875 382.253974219 329.1783693
-1 -1 -1 -1 -1 -1 -1 -1 -1 -1 -1 -1 -1 -1 1255.95810248 6852.74434875 1452.89146807 -1 -1 1240.7835195 3007.99280813 4494.90043721 8458.554294 6338.31146992 9694.22468625 8378.5358826 6745.89549952 4629.12720064 3247.6905765 4457.13330015 4498.56729 3297.68213025 3863.0164167 12629.9682697 12725.7600892 3802.9447026 5335.54643205 7090.9922328 11835.1008002 13153.3316199 12559.0636269 13458.9255444 17843.8771384 11160.9651045 8509.9137684 4647.28699732 7755.2279025 2651.9489802 6057.71314537 3794.93335755 454.536495105 50.146087212 0.0 148.326113298 0.0 0.0 0.0 0.0 0.0 1288.96528441 0.0 0.0 0.0 749.848163018 759.766774882 724.69033305 530.47846974 0.0 588.764881069 668.374486665 999.688719217 0.0 0.0 1412.94919519 0.0 0.0 531.988925186 783.67655982 0.0 0.0
-1 -1 -1 -1 -1 -1 -1 -1 -1 -1 -1 -1 -1 -1 -1 1800.6053994 4562.89242679 197.169383512 -1 -1 -1 1055.45103068 6189.40787737 8096.97192825 6188.98337768 8614.005825 6153.26284507 6053.90144531 5116.87325992 4158.4906461 3220.14176385 4207.76721758 5360.38568813 4909.8659805 13207.4395819 16664.025357 4771.67218447 5078.89748812 6854.2763373 13989.6004633 15555.4811748 11641.7442015 10282.9184448 13003.6972709 13014.4595711 17672.7226884 8993.10352702 6032.92602019 3261.422637 0.0 3161.74977342 910.598935879 410.057359594 425.1496599 0.0 0.0 0.0 0.0 0.0 0.0 0.0 0.0 0.0 1416.57619062 0.0 0.0 0.0 0.0 0.0 1028.066967 497.12672664 0.0 0.0 1202.43826741 1006.56964757 1310.93567978 0.0 2816.06601188 0.0 637.301322956
-1 -1 -1 -1 -1 -1 -1 -1 -1 -1 -1 -1 -1 -1 -1 -1 596.222850375 2255.50748644 -1 -1 -1 -1 434.413593158 2638.5035028 8324.2222785 3908.11123755 7825.128261 12333.2889116 10742.5276691 4046.3183592 3471.71843914 3677.29885612 10787.45031 3816.44133045 3822.0802092 15866.9139735 10096.886196 11602.1257301 3864.992856 8383.652115 10203.7752931 7282.56663712 11766.6949005 8317.73401755 14398.6520775 19785.5532084 20032.8879584 10917.7055971 8901.05732681 4003.58797369 626.273517083 367.057671345 116.847456121 0.0 0.0 0.0 0.0 0.0 0.0 0.0 0.0 0.0 0.0 471.79470075 0.0 0.0 9.81134285329e-05 0.0 0.0 0.0 0.0 236.3259672 0.0 1352.1178939 1838.57052596 0.0 0.0 0.0 1032.24907351 525.422803084
-1 -1 -1 -1 -1 -1 -1 -1 -1 -1 -1 -1 -1 -1 -1 -1 -1 -1 -1 -1 -1 -1 -1 863.868229384 5694.66365625 3945.39402405 10427.1893244 13390.6250684 13405.8656003 15933.2513985 10330.2818418 7288.15441856 4964.9270988 4389.921261 7848.90890497 18019.923474 6882.94407 13098.454704 19766.2154085 23894.3185594 7954.74747994 5321.31654817 13053.7520527 12603.5846135 12720.5658607 12027.6414884 23068.2627944 21896.1241686 19627.2983769 8918.64508106 5195.71984312 0.0 746.806706719 0.0 0.0 0.0 0.0 0.0 0.0 0.0 0.0 0.0 0.0 756.191105344 0.0 0.0 0.0 0.0 0.0 0.0 0.0 713.38830396 261.961131409 0.0 0.0 755.651971845 0.0 0.0 0.0 599.644389071
-1 -1 -1 -1 -1 -1 -1 -1 -1 -1 -1 -1 -1 -1 -1 -1 -1 -1 -1 -1 -1 -1 -1 -1 1628.38687714 9074.1111645 4455.4740234 7268.70775275 30876.6012465 14440.3640372 10509.5201668 13342.4632609 17059.0820823 14112.5874041 10438.7161221 12752.7009782 7374.76738751 13847.856165 15312.6711934 26462.4067868 5741.99151094 10970.3113313 8975.39586773 9970.3532955 21787.6775645 18131.1033308 13533.9403281 23259.043836 22284.8983226 18835.4507621 5485.44758963 1596.38248125 348.118382513 0.0 972.8452335 0.0 0.0 0.0 0.0 0.0 688.812889763 0.0 513.800119732 771.168891667 770.7460173 871.05539235 0.0 0.0 0.0 0.0 0.0 0.0 0.0 837.7753776 356.22775395 254.4450075 0.0 0.0 0.0 694.863684848
-1 -1 -1 -1 -1 -1 -1 -1 -1 -1 -1 -1 -1 -1 -1 -1 -1 -1 -1 -1 -1 -1 -1 2645.92795372 4330.4551587 2316.64573685 2959.27868404 7081.759257 9064.184976 6818.05399913 9387.58156028 14288.1012559 25039.3781547 23487.0649488 14051.3449477 11794.9694391 16987.5299544 15661.2120675 13009.7439549 12018.7520022 29611.283856 25051.1235255 17545.0716919 8282.16153983 7333.21903339 12693.8288736 15406.8476074 15241.2121564 17554.5936116 24556.6134487 12938.7283209 3621.20103938 0.0 416.45523264 0.0 385.544687254 774.164448382 0.0 0.0 0.0 0.0 0.0 735.044801925 763.034783831 1607.47826936 1214.66031879 0.0 613.552132417 0.0 0.0 206.356752809 0.0 0.0 0.0 1522.6041096 0.0 0.0 2277.83176403 2965.53694425 2378.75047635
-1 -1 -1 -1 -1 -1 -1 -1 -1 -1 -1 -1 -1 -1 -1 -1 -1 -1 -1 -1 -1 -1 -1 -1 5776.63330845 10283.1728134 11684.8113075 12276.819135 8535.40065 4793.548812 7179.65519318 19226.20644 12787.931121 14733.4781144 12487.2783558 6598.18323746 12628.8424511 34984.1987756 23689.9805258 16356.388194 28942.668342 20746.968846 21712.4672085 5682.07969612 12481.005969 7377.4791192 13829.4796406 16824.6967969 15938.1203493 24149.2626446 16547.7040774 6670.39446562 0.0 0.0 0.0 197.559216037 0.0 0.0 1243.7518401 0.0 644.877519712 520.98138579 0.0 0.0 856.73502195 1209.32057869 685.407490312 838.988771321 671.50048845 306.448142981 0.0 51.0001119799 0.0 0.0 0.0 0.0 0.0 0.0 0.0 0.0
-1 -1 -1 -1 -1 -1 -1 -1 -1 -1 -1 -1 -1 -1 -1 -1 -1 -1 -1 -1 -1 -1 -1 -1 -1 1221.65456951 6684.1935375 23264.4352658 10885.2080454 7467.01690988 1116.2240448 5477.6498601 17712.9563021 22068.1451452 12649.2435149 29627.1774574 17404.4178 42893.4345244 14261.9044071 10598.2971833 26541.3583875 11825.5021335 9214.16239425 9456.117264 9174.70689615 9428.10762758 10455.0967546 14497.2795943 24789.4924635 18489.3073785 17628.4881927 9185.9148927 6493.81969125 1117.43703523 525.661444237 318.262823921 0.0 0.0 0.0 1755.5798412 0.0 0.0 0.0 0.0 0.0 0.0 732.573113265 0.0 1032.17989618 1459.69201333 0.0 0.0 412.425690187 0.0 0.0 0.0 0.0 0.0 0.0 0.0
-1 -1 -1 -1 -1 -1 -1 -1 -1 -1 -1 -1 -1 -1 -1 -1 -1 -1 -1 -1 -1 -1 -1 -1 -1 -1 -1 3471.81992944 19805.1138787 11828.702886 10637.1515273 4803.12620475 1702.44512062 5298.2891265 8193.675588 17455.885233 32709.5498602 22945.0522975 16069.5097395 16591.1636861 14154.220989 27154.0288586 31011.4666785 36278.7573859 35599.7650781 23856.454503 9774.06924817 13461.9422262 31261.7613142 27972.578094 17884.8780815 14719.3717581 8186.322321 0.0 2155.64919826 865.2263127 0.0 0.0 1307.7068895 1068.85876734 867.918112406 1219.39418007 0.0 0.0 0.0 0.0 0.0 0.0 2148.38037456 3315.55270946 0.0 0.0 0.0 459.033424639 0.0 0.0 0.0 0.0 0.0 0.0
-1 -1 -1 -1 -1 -1 -1 -1 -1 -1 -1 -1 -1 -1 -1 -1 -1 -1 -1 -1 -1 -1 -1 -1 -1 -1 -1 -1 -1 825.287908987 8477.64702 12658.7278125 18186.860247 1674.10414946 500.185707233 23423.053416 47975.987145 27298.0867545 22601.2898232 19738.3493995 28238.396094 9511.12618125 27479.2272998 30331.9892516 30187.234629 34500.00645 16391.2019804 32404.3131968 34327.554312 26502.3601076 31031.027586 16295.5302734 21050.1260961 15366.1170926 0.0 1197.06381238 1053.94251056 496.051002 0.0 82.5944469832 246.202555084 841.12938315 0.0 0.0 0.0 0.0 1101.8280042 0.0 0.0 0.0 0.0 0.0 0.0 0.0 0.0 0.0 0.0 1453.59743681 1776.0585375 2850.25285545
-1 -1 -1 -1 -1 -1 -1 -1 -1 -1 -1 -1 -1 -1 -1 -1 -1 -1 -1 -1 -1 -1 -1 -1 -1 -1 -1 -1 -1 -1 5466.06127361 12567.7987875 4817.69785597 2585.24928056 1629.3266031 9397.18049647 45011.1124564 26480.626317 22984.6173727 31061.4660626 5948.85556305 0.0 0.0 0.0 19278.2700394 20101.647555 28612.617561 30311.6770687 36351.8282625 26576.916237 24929.852958 0.0 19304.1554279 17264.7721289 11335.5196556 1432.96053142 704.353867658 324.512505446 0.0 0.0 2524.1654592 0.0 1307.05072163 1073.8623093 968.494573069 545.085729517 685.907265825 0.0 1202.84392667 0.0 0.0 274.679349007 1814.07735736 1670.71123555 0.0 0.0 0.0 2601.9325116 0.0 1790.32932562
-1 -1 -1 -1 -1 -1 -1 -1 -1 -1 -1 -1 -1 -1 -1 -1 -1 -1 -1 -1 -1 -1 -1 -1 -1 -1 -1 -1 -1 -1 1062.394896 21012.510906 46656.1723669 50256.6030934 19618.13895 2985.8167269 32724.081054 46253.7542651 42544.8758475 9469.58118097 2384.12109322 0.0 0.0 2559.640311 2519.193555 3505.71767726 19784.4845344 36181.7311777 38612.7513 36134.0320005 18903.0216037 0.0 38162.5731191 41352.5128245 30490.0801605 1247.18136075 765.526733153 0.0 0.0 0.0 0.0 1398.4181145 2374.3016649 1541.41290844 455.14521375 0.0 0.0 0.0 0.0 0.0 0.0 478.341789292 0.0 0.0 1915.59844354 1635.6226068 2230.01283908 1885.82957062 0.0 0.0
-1 -1 -1 -1 -1 -1 -1 -1 -1 -1 -1 -1 -1 -1 -1 -1 -1 -1 -1 -1 -1 -1 -1 -1 -1 -1 -1 -1 -1 -1 -1 3449.70011115 21451.4983372 24011.9368313 10279.9512484 4120.88222205 39623.7836104 38686.0511445 13970.131594 0.0 2480.4140031 0.0 1095.18090984 945.834592808 1102.81732946 1375.02044617 21876.720768 34906.310067 38641.289175 39288.622428 29659.5099825 0.0 32773.4509162 32204.7588634 33961.7553915 3713.36389192 0.0 2890.22525588 7552.04063445 825.673292887 210.111682305 2235.13059094 1014.53533623 1096.2534879 1175.87668245 0.0 0.0 0.0 0.0 0.0 0.000840083236312 0.0 0.0 0.0 0.0 0.0 1699.79025071 2348.68885861 0.0 0.0
-1 -1 -1 -1 -1 -1 -1 -1 -1 -1 -1 -1 -1 -1 -1 -1 -1 -1 -1 -1 -1 -1 -1 -1 -1 -1 -1 -1 -1 -1 -1 220.417250199 12159.5008106 19953.3710145 10600.1460217 35703.028833 54009.7246849 43123.147911 5689.04432355 4889.07282499 0.0 2591.32271827 1985.00198651 2668.88141006 0.0 3357.25991932 8138.8005282 29004.073272 34917.8425103 39499.2240983 37937.7418313 13138.5645198 13921.9972502 8026.72233056 8171.41303853 8086.36920195 5984.16537712 8965.53184117 12533.2328212 8540.7408855 2289.51877297 8123.2029 1713.69972731 0.0 276.508951866 0.0 0.0 0.0 0.0 0.0 0.0 0.0 0.0 552.355829419 3266.57701725 1350.28008959 1547.10684581 0.0 1168.14777727 0.0
-1 -1 -1 -1 -1 -1 -1 -1 -1 -1 -1 -1 -1 -1 -1 -1 -1 -1 -1 -1 -1 -1 -1 -1 -1 -1 -1 -1 -1 -1 -1 0.0 14150.851065 26459.6465884 21404.303145 47872.2232552 43036.7398402 29042.5563619 6080.83103839 2711.05487153 2895.32213228 1773.7097364 0.0 5159.54631454 15914.812842 8050.89630802 17816.7383021 13913.3566845 28811.4878385 42480.411507 41693.6541416 13642.0410278 16806.071838 16423.6616314 7376.6702049 13802.7608853 4260.22902532 5887.7831472 5542.09564282 16446.3531773 1044.5184738 0.0 156.425197462 0.0 0.0 0.0 0.0 0.0 0.0 0.0 0.0 0.0 0.0 883.017678431 901.001155012 0.0 0.0 0.0 0.0 0.0
-1 -1 -1 -1 -1 -1 -1 -1 -1 -1 -1 -1 -1 -1 -1 -1 -1 -1 -1 -1 -1 -1 -1 -1 -1 -1 -1 -1 -1 -1 -1 -1 30359.021535 22812.715788 5039.25481605 28184.0993415 38504.9996741 22277.8936016 6415.30650765 4057.99122645 0.0 2275.47156952 2646.99323212 10604.3408935 12915.4483828 15594.3883084 21118.1453025 27879.278949 35847.5761215 33365.9433937 21801.1074829 20270.4450795 14116.5003358 13137.4113093 10426.7767572 5390.90772255 2145.46225748 1989.01971889 18087.622938 12440.4048431 1420.71492113 0.0 0.0 0.0 0.0 0.0 0.0 0.0 0.0 0.0 0.00074275795062 0.0 0.0 0.0 0.0 0.0 0.0 0.0 0.0 397.384763445
-1 -1 -1 -1 -1 -1 -1 -1 -1 -1 -1 -1 -1 -1 -1 -1 -1 -1 -1 -1 -1 -1 -1 -1 -1 -1 -1 -1 -1 -1 -1 -1 26324.469675 8844.01109708 373.64439495 25121.2493584 36801.4067505 13726.9217955 7821.554202 7392.44033955 6616.76560496 0.0 5761.37648441 10056.8647705 11356.0293195 30520.1583323 31867.0836986 37140.8824594 40356.456855 38952.2873767 22612.4653005 19963.9472602 14950.3935205 9321.15941505 3401.2049526 2294.69580469 18034.06122 38614.4173688 33670.976262 20791.7498348 27296.192862 6318.00507937 1034.31749902 3385.77454159 0.0 607.311020295 0.0 0.0 0.0 0.0 0.0 0.0 0.000675660507113 0.0 0.0 0.0 0.0 0.0 793.691604326 0.0
-1 -1 -1 -1 -1 -1 -1 -1 -1 -1 -1 -1 -1 -1 -1 -1 -1 -1 -1 -1 -1 -1 -1 -1 -1 -1 -1 -1 -1 -1 -1 456.97044915 27503.9203725 5960.64447 11474.473953 41639.7600165 31909.6150369 5985.0129237 8237.88236014 9992.51165137 10079.2851464 7377.62893635 0.0 13483.3594916 5654.9849625 9001.81889966 17319.9234585 19632.0466163 37550.7316725 0.0 22206.5601461 17722.3967456 17368.2132319 12892.3709677 9008.96447756 15733.52325 25826.323989 27084.9435694 25184.9237962 14982.7113813 18633.445353 7807.50305242 410.58113085 877.480417125 14788.6456733 10446.2686916 618.726595312 0.0 0.0 0.0 0.0 0.0 0.0 123.086332773 0.0 0.0 241.669663852 0.0 0.0 129.150084124
-1 -1 -1 -1 -1 -1 -1 -1 -1 -1 -1 -1 -1 -1 -1 -1 -1 -1 -1 -1 -1 -1 -1 -1 -1 -1 -1 -1 -1 -1 -1 4243.19411501 31234.3408969 4852.2031425 28960.03488 42910.7152369 25586.1023062 2743.4631909 8088.24531424 9134.1761742 0.0 0.0 11941.8421268 10518.6862673 6186.2156235 5291.94592631 4871.2670478 11539.7513185 32581.1714242 37804.9939912 16672.8750229 18633.371304 18023.684952 16571.1471412 13730.0886937 5933.1592701 4678.83363833 0.0 22589.002059 13323.6688053 19629.1486718 10210.5176984 0.0 628.84475475 504.738408037 15417.81666 0.0 0.0 0.00074326473585 0.0 0.0 4661.57156516 0.0 0.0 0.0 0.0 0.0 1913.77618921 1183.49195619 463.11746052
-1 -1 -1 -1 -1 -1 -1 -1 -1 -1 -1 -1 -1 -1 -1 -1 -1 -1 -1 -1 -1 -1 -1 -1 -1 -1 -1 -1 -1 -1 -1 5455.59186127 28491.066738 21304.2038625 34725.2255977 38071.094568 18205.7687156 0.0 0.0 0.0 0.0 6009.786153 0.0 0.0 0.0 3413.19077929 518.15984121 4567.0687755 13130.9449034 18981.6991879 16819.1300675 16354.6720886 31339.765983 12622.0538322 3439.80680596 0.0 2532.7045194 16065.27372 31644.0186075 15061.2095883 16356.6422106 13417.0112977 0.0 0.0 0.0 0.0 0.0 0.0 0.0 0.0 0.0 590.284896412 3619.24447875 1031.45466675 0.0 0.0 0.0 0.0 3320.14228642 0.0
-1 -1 -1 -1 -1 -1 -1 -1 -1 -1 -1 -1 -1 -1 -1 -1 -1 -1 -1 -1 -1 -1 -1 -1 -1 -1 -1 -1 -1 -1 -1 13792.57704 35636.7247065 9765.86635845 36927.864855 32904.4089172 8199.39445237 0.0 0.0 0.0 0.0 0.0 0.0 0.0 0.0 0.0 7568.23393515 0.0 3922.71681367 7805.7136353 6954.5626131 6234.50005868 5566.189266 2558.69860525 0.0 2221.37324726 0.0 16789.840326 34292.4486401 11803.6076288 17293.6990226 10221.3540086 579.192421238 0.0 219.947008718 0.0 0.0 0.0 0.0 0.0 0.0 0.0 0.0 0.0 0.0 0.0 0.0 0.0 0.0 0.0
-1 -1 -1 -1 -1 -1 -1 -1 -1 -1 -1 -1 -1 -1 -1 -1 -1 -1 -1 -1 -1 -1 -1 -1 -1 -1 -1 -1 -1 -1 208.38764625 33363.1845435 39982.975188 17503.7561955 16025.6846902 26483.6001675 7155.3115971 0.0 0.0 0.0 0.0 0.0 6601.36885189 5572.93436692 2006.22004084 0.0 6880.9517031 5266.92951487 3503.93937135 3203.6741991 1455.2960121 1148.62814901 969.792528937 0.0 0.0 9053.9009946 0.0 0.0 17101.9280006 3959.52535837 4583.12197613 13724.4406188 6221.75570438 0.0 0.0 0.0 0.0 1901.75311219 1139.302101 0.0008609623905 0.0 0.0 0.0 0.0 0.0 0.0 0.0 0.0 1271.17731122 0.0
-1 -1 -1 -1 -1 -1 -1 -1 -1 -1 -1 -1 -1 -1 -1 -1 -1 -1 -1 -1 -1 -1 -1 -1 -1 -1 -1 -1 -1 -1 -1 28958.6316442 40733.4598886 17471.0628336 13139.581151 13743.5712713 0.0 0.0 8752.35415699 7321.5151872 6756.27191325 5569.53605392 7358.17095851 5586.9720561 0.0 0.0 5779.8236772 0.0 0.0 0.0 0.0 7553.65229482 8640.67431604 0.0 7950.2325588 8265.70401844 12852.7243554 12882.8364563 12588.6930877 4205.58890486 876.1025529 1468.44872156 1945.43149042 398.551352805 0.0 860.09500185 0.0 0.0 5132.06807021 1257.33268136 0.0 0.000730936370059 0.000751865616401 0.0 0.00041230467558 0.0 0.0 0.0 0.0 0.0
-1 -1 -1 -1 -1 -1 -1 -1 -1 -1 -1 -1 -1 -1 -1 -1 -1 -1 -1 -1 -1 -1 -1 -1 -1 -1 -1 -1 -1 -1 -1 8966.44400287 48585.4014262 43012.0733625 15610.5709032 9560.46907688 9281.38861969 4675.15778569 3929.25329505 0.0 9575.64113175 8981.03430878 11794.4781585 10778.8768868 8991.11103401 6623.1715389 0.0 8488.8882708 10610.9460025 11242.4784423 0.0 0.0 9067.4784 0.0 0.0 0.0 12457.0045344 9841.0420518 3853.15571228 1726.31668935 751.579790606 1148.77455881 0.0 339.995789385 425.349727031 1438.83286462 1989.66811267 2769.02468779 0.0 0.0 0.0 0.0 0.0 0.000194357205098 0.0 0.0 0.0 0.0 0.0 0.0
-1 -1 -1 -1 -1 -1 -1 -1 -1 -1 -1 -1 -1 -1 -1 -1 -1 -1 -1 -1 -1 -1 -1 -1 -1 -1 -1 -1 -1 -1 -1 7846.84846072 24296.2696463 43862.9724844 39209.7436087 17627.518404 11928.966192 6565.96406674 7239.59309677 9278.24722931 10020.9401059 11894.5355759 9016.44729094 7125.7513104 7288.26410062 7289.42132182 9577.8876576 9695.79031144 7761.39401115 6877.43128635 0.0 9851.676318 0.0 0.0 0.0 0.0 16236.220122 9928.1539005 4231.92352478 2954.15841795 0.0 0.0 1946.8130544 981.710327325 0.0 7057.9704945 9502.760061 16331.7376661 3277.73488894 0.0 0.0 0.0 0.0 0.0 0.0 0.0 0.0 174.53145708 202.534726007 0.0
-1 -1 -1 -1 -1 -1 -1 -1 -1 -1 -1 -1 -1 -1 -1 -1 -1 -1 -1 -1 -1 -1 -1 -1 -1 -1 -1 -1 -1 -1 -1 5840.4248478 43299.3296933 41377.3215825 22732.2184466 25624.998888 15099.6318907 11339.2225162 9856.13500673 8799.1686585 11164.9495388 11094.515712 8046.44772367 8299.12813616 0.0 8524.3237854 9050.68377341 9235.2313314 7833.03318345 10399.2988944 9053.09126677 8403.12478406 0.0 3191.81214825 0.0 0.0 10874.3507628 28659.8910225 18385.1993063 15686.8641711 15280.411221 0.0 8785.84760464 4796.13312135 3620.72943844 19738.9655663 18235.6017255 10495.4035725 22430.034675 7817.8290696 0.0 0.0 0.0 1473.56017161 1036.49137169 580.605366701 312.658804868 0.0 0.0 2176.42555845
-1 -1 -1 -1 -1 -1 -1 -1 -1 -1 -1 -1 -1 -1 -1 -1 -1 -1 -1 -1 -1 -1 -1 -1 -1 -1 -1 -1 -1 -1 -1 21454.9797525 52191.3192754 34666.224177 31535.5824551 4284.966654 14069.1657015 17510.3888685 15894.577674 8897.5970625 10506.4192896 13648.996221 0.0 14363.0365815 11380.1518215 9420.3562635 11697.4958614 0.0 9291.08672077 7726.5928866 9436.21376873 8263.54989075 0.0 2875.61233265 9113.587959 8497.3903215 7816.03036646 31488.3823275 14247.8940728 4651.23565777 3599.31840975 7013.60020856 0.0 0.0 10791.0575706 25247.2153943 14642.8025681 15348.1394768 24506.301183 5351.43353321 736.54444113 0.0 1545.1788573 0.0 733.534272135 1353.68018131 539.16075846 0.0 900.691338008 1163.14927376
-1 -1 -1 -1 -1 -1 -1 -1 -1 -1 -1 -1 -1 -1 -1 -1 -1 -1 -1 -1 -1 -1 -1 -1 -1 -1 -1 -1 -1 -1 -1 -1 35808.792768 46917.6041606 21766.8863081 2178.31611099 10800.6186409 23505.0687675 21310.550898 13058.9499652 12393.8784163 12445.7843081 0.0 14256.6955635 10493.6278983 0.0 10674.5355217 8485.50054623 0.0 9091.75059244 11616.2842365 9386.01708086 8249.14020645 8916.08579842 6260.63751844 8682.63756465 10533.9046215 25363.5489836 10926.7645872 15177.4162695 10030.6099451 7955.64093769 0.0 0.0 14253.1916409 18842.555232 16820.8555598 18131.5658557 23950.144131 4383.7353315 0.0 0.0 0.0 0.0 0.0 0.0 499.150048815 1836.82390661 2507.2253064 0.0
-1 -1 -1 -1 -1 -1 -1 -1 -1 -1 -1 -1 -1 -1 -1 -1 -1 -1 -1 -1 -1 -1 -1 -1 -1 -1 -1 -1 -1 -1 -1 -1 20227.22793 39919.4131215 40486.5624847 9911.97295387 1166.25828821 15481.968012 21885.8278155 16263.2338725 13281.0975084 16715.8307494 10560.5776564 0.0 10147.2335412 11200.8220885 8866.40775075 9550.45340437 8785.949433 9509.16506895 13812.9342188 11454.1352292 6880.24799962 7771.6745991 2120.585247 8264.6059122 10179.3191344 17168.7433365 9290.10264 14116.6585849 14053.7092902 8578.6907781 5414.35199002 11362.6326647 26636.1574958 18141.2231138 25428.3422299 19573.3260701 17875.9482098 11366.1670506 0.0 0.0 1661.2718433 0.0 0.0 1542.525957 1466.40677107 1183.16569537 1448.1808224 1907.91302707
-1 -1 -1 -1 -1 -1 -1 -1 -1 -1 -1 -1 -1 -1 -1 -1 -1 -1 -1 -1 -1 -1 -1 -1 -1 -1 -1 -1 -1 -1 -1 -1 5522.73618724 37207.0324447 28752.5099966 23625.8415304 345.601538302 1020.54355377 32341.3074105 21888.682344 17678.0535653 13365.2059406 12778.892469 0.0 9445.226463 12807.4567248 12597.9374231 10617.230545 8082.47276137 10136.0475562 0.0 10367.289333 9532.64193862 0.0 0.0 10845.4807776 14209.7513951 11012.4820466 8283.826419 8484.78258038 9091.36978912 0.0 10462.1247 6355.68273506 8817.04807305 18592.6502755 14431.5478629 15384.8383213 13070.7617344 11638.9914323 3330.3659631 0.0 0.0 0.0 0.0 958.699147819 928.05994728 0.0 0.0 0.0
-1 -1 -1 -1 -1 -1 -1 -1 -1 -1 -1 -1 -1 -1 -1 -1 -1 -1 -1 -1 -1 -1 -1 -1 -1 -1 -1 -1 -1 -1 -1 -1 -1 3046.75473645 11365.5586567 11009.9524076 892.236486323 250.256436097 15362.9200462 22728.6710062 22487.3320087 16512.014277 12380.37591 14338.9726507 9168.9243885 10110.9095812 9531.43053 10566.5442772 0.0 8449.16315996 9389.69680646 0.0 0.0 6191.517306 6591.8520828 13548.885094 10100.4220168 11376.6664836 12523.0516792 0.0 0.0 9618.921741 7862.95356 10313.5506815 13413.6151109 14611.8836763 11494.0626324 13357.48884 0.0 9567.65800185 1895.399226 1031.34251883 0.0 0.0 1189.5153984 1066.01502602 75.6155198531 619.127886825 941.41226445 1902.64819792
-1 -1 -1 -1 -1 -1 -1 -1 -1 -1 -1 -1 -1 -1 -1 -1 -1 -1 -1 -1 -1 -1 -1 -1 -1 -1 -1 -1 -1 -1 -1 -1 -1 -1 2427.2199825 1677.74302526 13883.6682517 1250.15123813 3883.96465747 26570.223372 27341.10993 23959.725894 14538.8258925 17592.0003394 18155.019186 13448.4251145 0.0 9145.1747595 9326.765679 0.0 0.0 0.0 4880.31194794 6319.00844055 10229.0501628 6338.1963099 9982.82692192 0.0 0.0 0.0 11054.5130644 5116.0086162 6530.23663849 28243.2027544 18437.0817018 22623.807654 15595.36767 5161.88729059 0.0 12260.2737395 0.0 0.0 2216.79380977 0.0 0.0 0.0 294.967523824 966.2829225 1129.71070339 1158.3989739
