Model Version1.4/trunk/input/2010/nsro_nat.asc
ncols 720
nrows 360
xllcorner -180
yllcorner -90
cellsize 0.5
NODATA_value -1
[rows 70 to 104 of 360, columns 320 to 399 of 720]
-1 -1 -1 -1 -1 -1 -1 -1 -1 -1 -1 -1 -1 -1 -1 -1 -1 -1 -1 -1 -1 -1 3031.58609385 15204.7200787 14974.0125435 19240.6076085 15932.0768918 10539.0335018 2131.27464713 912.4787589 1429.5259506 10758.7233652 8253.159915 20924.4371198 27116.476386 34679.8357943 7694.125569 425.693847499 654.377568225 -1 -1 -1 -1 -1 -1 -1 -1 -1 -1 -1 -1 -1 -1 -1 -1 -1 82.9777547182 511.895863237 2086.38816068 2732.67256564 374.478432637 135.58240854 256.015004074 412.667834962 116.806036924 391.377018487 661.788374539 490.19493744 -1 -1 -1 -1 -1 313.70833935 1176.56003301 3921.78142965 3010.39922563 127.42191967 -1 188.598409956
-1 -1 -1 -1 -1 -1 -1 -1 -1 -1 -1 -1 -1 -1 -1 -1 -1 -1 -1 498.75720795 4788.79007063 2044.71302603 2815.07695144 5542.75360279 13993.1573925 11332.94292 6852.40258725 6240.26924235 1039.68807442 -1 6021.87239224 3709.849338 82.0782995137 20624.9860575 30219.030525 48675.386859 17680.550031 5741.80312387 7862.32908 464.26265532 -1 -1 -1 -1 -1 -1 -1 -1 -1 -1 -1 -1 -1 -1 -1 -1 -1 277.82045795 849.1168332 1257.13022453 1761.47982686 3616.58771415 529.747190321 814.20027 1029.8741083 0.0 0.0 1871.03006439 114.631227747 79.41484206 607.94531589 952.954899285 2410.86941955 7266.47473305 5372.24532694 5040.6504525 4714.53196515 253.05147459 394.195461 2200.44375977
-1 -1 -1 -1 -1 -1 -1 -1 -1 -1 -1 -1 -1 -1 -1 -1 -1 -1 -1 1209.65837272 17202.9098378 3797.89341975 591.479695665 508.986346943 1386.46143021 3102.85488384 495.850445895 127.009043406 -1 -1 -1 -1 -1 112.251166623 1774.99679812 27082.004922 16157.1127095 488.048358904 1366.7887613 712.752863865 71.5638268275 -1 -1 -1 -1 -1 -1 -1 -1 -1 -1 -1 -1 -1 77.929005285 58.68568404 225.959452058 541.03469001 316.0666281 496.57710744 1404.85328194 4447.84323769 4718.1937962 7533.29780332 6820.614489 7930.45362127 5822.04794625 5471.8117272 4774.03242251 1189.51195555 3699.99609525 6832.2579003 6963.62242444 5116.8233394 4795.31413148 4002.90289819 3820.78218409 3842.4867576 2703.13759271 4943.329479
-1 -1 -1 -1 -1 -1 -1 -1 -1 -1 -1 -1 -1 -1 -1 -1 -1 -1 -1 161.40651525 5789.84574547 3834.349272 749.757192019 163.415760073 837.305984014 636.76345239 574.260292013 3765.23295581 -1 -1 135.644101304 4263.70361017 21654.0083261 11665.6623 205.672614588 395.751541785 38202.0375555 1292.36974807 1638.02708208 2002.70048904 74.641198212 -1 -1 -1 -1 -1 -1 -1 -1 104.90205879 353.639429108 162.7429929 206.103181584 726.96102825 357.655229951 1289.02624537 538.487605215 533.721891405 2887.0508268 3063.91233896 3077.27486269 4530.97772415 4085.6868099 4170.21085305 6245.6882856 6826.7674566 8522.421453 8281.07275283 8885.06573467 1044.8601755 3929.38386784 6579.9981039 5093.4629106 5553.36266355 3572.67243585 2500.6890888 3712.36298434 3669.0362364 3373.73600737 0.0
-1 -1 -1 -1 -1 -1 -1 -1 -1 -1 -1 -1 -1 -1 -1 -1 -1 -1 -1 -1 434.08802535 2201.09626935 787.6432593 2255.6592858 1230.47887207 1468.54456436 2744.7532476 3146.6253144 -1 -1 443.083631925 4673.36839489 57766.1464013 34978.681422 3264.96223192 1026.6035747 473.161904588 75.5175939727 3545.4500838 852.669051465 214.91670735 1225.990404 794.355452632 53.9500012875 -1 -1 -1 -1 -1 230.325862275 584.21053917 1060.0702908 556.5600495 2267.359947 2564.372616 3270.91268452 2661.51348562 4542.09662284 3746.664936 2828.1854295 2066.68550302 3795.11905972 5333.05926563 3536.86094205 8045.54370709 0.0 4605.85329019 7052.58323212 5601.86199877 3382.66879995 4829.71209225 3243.0297963 2804.2915995 2310.10286423 1640.07915075 3424.8772992 2310.65749204 1331.83607948 3170.1666546 947.128757287
-1 -1 -1 -1 -1 -1 -1 -1 -1 -1 -1 -1 -1 -1 -1 -1 -1 -1 -1 3620.03909426 5651.90251031 4278.61525556 2029.46650275 3677.57633565 6410.33840145 1189.1670543 845.46991065 139.419574219 -1 -1 765.954846525 5845.93169569 45018.7179097 36865.2916046 5563.08007628 1566.55853888 1384.43430213 1995.46380414 750.623155189 1046.4173378 1113.32078834 1855.84108174 985.36159554 127.348523154 -1 -1 -1 -1 6.48359358716 92.52543024 801.4770909 1787.479173 1114.1395116 876.10469445 1473.71172131 2622.3724758 6296.70793027 4554.0578355 9824.5016235 6267.276015 3406.87559689 4870.28079236 4036.66255237 4569.1828425 7331.98566292 10776.6681623 7883.37491062 9285.67812 5714.619645 7277.7291309 6007.65863985 3874.8785427 2522.8022859 1386.66879649 3358.54070662 3146.76923081 4169.1302109 910.04387868 1790.67245156 1797.3762684
-1 -1 -1 -1 -1 -1 -1 -1 -1 -1 -1 -1 -1 -1 -1 -1 -1 -1 -1 5000.65645084 13845.0493519 6447.19939312 838.783486125 424.178616 212.02907748 -1 -1 -1 -1 471.167172094 407.7473904 1719.32948404 7478.47824653 12010.0755645 2505.72788385 0.0 520.787947387 0.0 295.811135692 582.54110295 406.283402471 842.055881389 39.0478894785 -1 -1 -1 -1 316.223512372 573.366930937 273.72647655 152.822943067 1831.42437896 818.582466 1407.71046473 2182.94550791 1318.50675092 788.602229595 8659.786164 29468.020509 36181.0949734 31605.6495506 30063.6224629 12518.9482894 6484.080618 4405.072896 7019.4628374 7263.31532119 9233.44858012 9486.3343575 4862.21492295 4653.6346221 3865.15995889 2386.40518462 4249.79349026 2985.8251464 2542.4013519 3876.5969334 0.0 3442.994133 3179.47565183
-1 -1 -1 -1 -1 -1 -1 -1 -1 -1 -1 -1 -1 -1 -1 -1 -1 -1 -1 -1 172.472652 0.0 -1 -1 -1 -1 -1 -1 -1 -1 -1 455.459861445 2681.83025348 1462.309494 635.94172305 1461.72893239 2351.4677067 0.0 225.81219072 171.770266458 584.390419762 659.67139368 239.358701846 -1 0.0 52.622434629 818.1132705 733.8942228 798.889335675 945.937269712 1366.02592308 1650.8754417 520.71508476 0.0 4266.35055855 24345.9953505 49827.67737 40623.5525974 26043.3892549 45828.393342 34726.9550756 20594.54124 21746.9763225 22687.9934602 10050.3 13670.552763 9355.18394475 13967.8876181 13403.5997625 5268.11955469 5025.89872627 6886.32086711 2179.19557428 3117.01726665 0.0 0.0 0.0 0.0 2839.40607075 0.0
-1 -1 -1 -1 -1 -1 -1 -1 -1 -1 -1 -1 -1 -1 -1 -1 -1 -1 -1 -1 -1 -1 -1 -1 -1 -1 -1 -1 -1 -1 644.78238552 564.24291678 3098.7572409 562.202584166 770.007045375 1235.2266045 262.417255155 558.06308142 62.6199524842 161.062652437 242.199181174 98.9471213887 -1 3074.44028452 3064.01732329 1802.16651547 2653.4298 7692.82176 4026.61738185 3916.46394799 1836.55844401 4619.3532264 16013.8617795 3132.1270092 5713.0948659 22170.824271 33545.3930677 23260.0207084 24263.2087031 33754.3235663 37162.4503845 32377.3462875 36653.833794 24290.1232211 16758.875328 19202.0884121 29355.7569559 35993.604195 29760.710877 9102.801375 31519.2162758 31722.7891522 21747.1622786 8865.95149462 1060.59755276 0.0 3670.44213713 3919.1573643 1222.77182223 4528.3533003
-1 -1 -1 -1 -1 -1 -1 -1 -1 -1 -1 -1 -1 -1 -1 -1 -1 -1 -1 -1 -1 -1 -1 -1 -1 -1 -1 -1 371.215181419 15.1826274701 483.103629461 105.15322698 1038.68883484 -1 -1 -1 -1 -1 -1 -1 -1 -1 0.0 3711.1835079 8378.31903487 2132.15921932 593.778781845 1687.11268133 7133.35290019 18765.534924 19890.2561666 34320.7015133 25893.5366753 30521.7844875 28695.767871 30647.2129582 15334.0461555 1556.2686528 21305.0521822 42015.9749513 17226.2234201 14026.5912139 22506.3371981 29096.26209 24588.1809562 38092.047348 25276.1879865 16443.6243075 2627.896947 1043.65495814 2891.03354576 3791.1084075 17289.1173236 34641.5123535 37415.197146 2130.73641206 1388.32214987 879.105647385 786.30896988 0.0
-1 -1 -1 -1 -1 -1 -1 -1 -1 -1 -1 -1 -1 -1 -1 -1 -1 -1 -1 -1 -1 -1 -1 -1 -1 -1 -1 -1 -1 173.1800925 -1 -1 -1 -1 -1 -1 465.690682519 568.445243625 -1 -1 519.047936812 485.029290112 6838.41918825 7432.34809688 6900.47985375 2905.614801 2985.91374084 5849.16956119 5078.91426131 12481.620459 17302.7861437 16569.856512 18408.0831821 32689.4018775 28858.8599696 26422.8113467 194.1610125 14583.4545094 35458.5501517 19510.322349 8052.3307995 6452.4942 22377.6341625 11788.1509267 26471.3107028 20797.9899836 12119.487822 0.0 15049.1927801 0.0 10388.1929062 9144.06237787 13272.4805895 13530.700365 9741.023895 10353.246975 6627.38753768 17695.6306969 27557.149785 24594.5841221
-1 -1 -1 -1 -1 -1 -1 -1 -1 -1 -1 -1 -1 -1 -1 -1 -1 -1 -1 -1 -1 -1 -1 -1 -1 -1 -1 -1 -1 -1 -1 -1 -1 -1 0.0 81.229286385 123.679436756 337.337711719 1167.17427305 259.233063725 726.48707265 2439.94571576 2103.94497337 2671.9404021 3276.2530962 1035.87310647 5876.129046 10253.5565936 2911.27353709 10429.9081479 8299.20169612 4360.44049725 1037.73505369 5510.72034844 6893.167134 29534.635968 4158.52242375 8515.78176825 22769.726565 30719.6708719 16573.3868677 12958.2212726 13952.5420384 21952.4891512 14022.023928 41839.9747875 49861.3436167 16094.3508248 8916.53942812 0.0 16648.6744399 0.0 14466.274542 11005.1200702 4067.11945969 9813.50506425 54476.1815475 49284.5682038 59541.24306 36539.8416431
-1 -1 -1 -1 -1 -1 -1 -1 -1 -1 -1 -1 -1 -1 -1 -1 -1 -1 -1 -1 -1 -1 -1 -1 -1 -1 -1 -1 -1 -1 36.095549184 13.7631137742 74.0159956087 611.143612987 123.360631418 139.823004521 226.806496694 1462.20105994 4691.8009677 4666.469478 5403.42331425 5831.730408 4898.72566417 455.317473 669.394651537 404.849916 5635.11381109 5901.09274811 4418.83794161 4871.4906057 8836.89323737 7231.7914575 944.39993985 1109.1983649 13021.013871 1388.61678615 27023.1272963 18531.8604292 6855.2561703 30539.196036 7798.06009575 11206.2689156 11434.7952 9364.1867505 7842.77928037 13145.9682847 26745.9021 47255.298048 27561.475305 18526.8589538 0.0 13410.731412 3859.07600587 586.3400247 5276.0662335 18982.59948 25103.89098 42566.6352825 53076.0028305 60157.2509895
-1 -1 -1 -1 -1 -1 -1 -1 -1 -1 -1 -1 -1 -1 -1 -1 -1 -1 -1 -1 -1 -1 -1 -1 -1 -1 -1 -1 -1 -1 167.095932075 1882.85681355 2601.59983305 3561.95657644 2961.74386961 2214.74518509 613.14028725 983.0239335 2504.1419176 7154.63947462 4755.88138234 9270.41646375 4420.60285549 1454.91663113 4562.56872592 2804.89293225 6148.26580387 7750.23987525 5361.82892209 14418.868464 9160.504443 4800.06142481 2531.54138231 22003.7245969 52984.8419801 7094.5997625 58319.1028665 21168.6777566 23596.8848272 6379.47997312 3409.74005047 7434.8996982 7152.2831601 4765.531428 6869.2082325 6402.105042 5878.288407 9418.6604925 4081.5980562 14905.4504812 30358.5735915 15451.035831 9387.313425 394.510145265 6354.8436675 0.0 4427.91099188 18403.90146 23146.74054 20733.294516
-1 -1 -1 -1 -1 -1 -1 -1 -1 -1 -1 -1 -1 -1 -1 -1 -1 -1 -1 -1 -1 -1 -1 -1 -1 -1 -1 -1 -1 -1 -1 39.1958332155 5.89635554625 634.68056169 980.877663487 2366.81766007 2296.64904906 1553.0150688 1552.14942839 2901.69340537 5893.8454845 0.0 2548.09594462 1192.27744942 2068.164981 4139.99895862 9587.44303999 10633.3877711 8787.0542505 15527.056968 8557.01895337 3813.7527324 9381.468096 37053.5488313 9730.98187312 27604.671255 36723.861627 17888.0669381 9975.94401375 3519.65467474 17172.3706834 18575.5491 37036.6244332 47939.1074325 47420.9551755 78750.282507 48574.4394896 69807.544911 74790.1496003 82978.798449 84507.151695 81582.166575 17333.40114 3528.56688476 439.9823208 0.000423619935615 2409.36256618 0.0 7637.06127375 6361.14613125
-1 -1 -1 -1 -1 -1 -1 -1 -1 -1 -1 -1 -1 -1 -1 -1 -1 -1 -1 -1 -1 -1 -1 -1 -1 -1 -1 -1 -1 -1 -1 -1 -1 0.0 -1 596.425618631 0.000576521878688 0.0 54.078585333 589.339479713 3864.95701942 2309.92629009 4858.72606125 4253.62360189 4630.67806852 4195.1104395 7117.80766875 11177.7567581 15435.1615125 14823.3598867 3847.1143074 11444.3101511 22250.1416771 34107.7123346 31744.3007002 15844.9396117 10922.0108484 26329.1665211 38632.8228938 93249.8757135 93591.6832313 63036.1589468 71206.737399 66672.718476 79414.1265195 64007.8188788 69419.288157 70269.7063065 63512.5786035 88632.038775 52317.76095 31687.6839169 10354.648101 1845.96742151 1709.84034516 11903.9211855 8843.060169 2493.96194083 1970.34458062 840.82229079
-1 -1 -1 -1 -1 -1 -1 -1 -1 -1 -1 -1 -1 -1 -1 -1 -1 -1 -1 -1 -1 -1 -1 -1 -1 -1 -1 -1 -1 -1 -1 -1 -1 -1 -1 16.8757418363 743.945611455 812.629062525 2443.19470535 2554.0939518 3240.37833323 6595.24358944 3607.1887383 3028.32947025 3690.42634365 3628.27121003 1695.15565911 2855.05098019 6453.49816313 5280.58092206 4715.73007087 26569.1962643 32891.724789 12559.206144 32528.9778739 84803.8758142 50973.5144006 44274.9024709 56990.3951295 50635.7714048 95956.336392 20540.3777025 26980.4001026 35650.6428795 22287.5135842 59327.530332 71891.903232 77738.2660935 51071.9120314 52472.332206 35981.7974392 8280.504864 7679.83082437 8488.20418875 11783.201895 0.0 2895.6910059 651.972751012 1184.94176336 0.0
-1 -1 -1 -1 -1 -1 -1 -1 -1 -1 -1 -1 -1 -1 -1 -1 -1 -1 -1 -1 -1 -1 -1 -1 -1 -1 -1 -1 -1 -1 -1 -1 -1 -1 -1 -1 4.19302431698 403.00196613 1548.22984092 3359.2678335 4712.00018906 5147.674512 4904.6739285 7419.117252 3754.17972784 3845.9195328 1892.83528489 6367.72275562 6735.20358623 13564.3578506 13777.3904888 60563.332683 32160.4653364 74868.135084 67306.4307645 33940.101888 32406.5479388 47608.05519 22211.922222 24656.7463361 31967.6718637 31361.3090962 46909.826262 37788.4498913 49224.665853 41072.0264955 35231.7368475 77386.227072 61047.1907452 57797.818203 43126.997022 16699.2048 6494.99662969 2583.77136682 2637.8465769 5664.2816223 5738.9837148 1636.31150091 1213.74118725 1699.43443031
-1 -1 -1 -1 -1 -1 -1 -1 -1 -1 -1 -1 -1 -1 -1 -1 -1 -1 -1 -1 -1 -1 -1 -1 -1 -1 -1 -1 -1 -1 -1 -1 -1 -1 -1 -1 -1 128.642577 1012.76654377 3820.12197908 5607.12388898 6809.22795713 6669.424062 25440.0881962 19752.823755 24086.7539212 9580.845684 45226.4087014 4709.51574154 8182.60067625 6376.6017165 52341.70656 84473.1476662 70431.0501803 21401.2153383 17472.2583159 27629.7935734 9635.68367655 14345.7648375 21915.3004639 37996.718184 47264.78439 43324.0320667 13977.3674644 597.916427325 14.042408214 8.07738024555 19266.1633331 48436.4832851 50131.4997488 27209.4644678 8033.8469445 2255.00117361 3581.55541522 6252.59892 3687.14702475 554.964041723 733.557983535 0.0 0.000294443841405
-1 -1 -1 -1 -1 -1 -1 -1 -1 -1 -1 -1 -1 -1 -1 -1 -1 -1 -1 -1 -1 -1 -1 -1 -1 -1 -1 -1 -1 -1 -1 -1 -1 -1 -1 -1 -1 728.52563889 2074.53304192 4787.52903037 8318.494734 12042.62388 10679.9063929 22137.4771065 29774.3179804 26340.1948215 28137.0348 32868.0017767 24678.53061 26669.9541052 27763.964712 83906.6216179 81173.8058985 59203.841106 37234.8714701 4088.67040147 0.0 0.0 0.0 0.0 0.0 461.634255131 0.0008413679796 0.0 1.4185808401 8.95478012179e-07 -1 2604.6111546 18863.3806324 37281.646335 44714.8880033 13058.4618158 17082.0597727 7133.893728 7523.905596 7473.47467725 2758.16699974 472.171896488 378.185428541 372.208135162
-1 -1 -1 -1 -1 -1 -1 -1 -1 -1 -1 -1 -1 -1 -1 -1 -1 -1 -1 -1 -1 -1 -1 -1 -1 -1 -1 -1 -1 -1 -1 -1 -1 -1 -1 -1 -1 705.422337315 1234.95266947 904.779046132 1838.00255272 10536.5706998 19531.4192989 17804.0298881 15863.7906787 27207.16884 27262.1306715 34644.2896485 52128.022968 29728.765629 63085.4454675 75037.1869012 51432.301704 62350.6405852 28644.0524625 0.0 5561.45779665 9112.0591305 40824.5615055 24783.02058 2308.73966348 99.4181289885 10.0278696585 0.0 38.926630995 -1 -1 46.0077351825 1714.7085804 3573.61829032 42165.3614636 31870.7393389 29598.492012 20307.8206845 20558.8743 10340.1431044 13621.163652 5185.33412846 2125.5396227 275.81354325
-1 -1 -1 -1 -1 -1 -1 -1 -1 -1 -1 -1 -1 -1 -1 -1 -1 -1 -1 -1 -1 -1 -1 -1 -1 -1 -1 -1 -1 -1 -1 -1 -1 -1 -1 -1 -1 1806.07418437 1029.5853864 1915.44954052 5535.78418552 4146.18695831 3746.8279026 0.0 9652.1198235 14428.1113912 47469.96897 67843.04916 25093.0581112 6887.16865687 43690.5157305 52802.3714287 66840.871989 64386.8985555 51723.086415 32004.5148829 34064.9014282 5064.8284503 16617.022816 35179.464375 43389.1084219 30483.5397836 37984.711707 8551.6446654 51.6450954079 35.8007088319 -1 -1 -1 0.0 14727.943152 18836.2039388 39149.1895327 40708.791348 45586.490229 52780.3818322 48508.7742435 36566.2885477 46851.4489669 22411.657917
-1 -1 -1 -1 -1 -1 -1 -1 -1 -1 -1 -1 -1 -1 -1 -1 -1 -1 -1 -1 -1 -1 -1 966.098052337 16100.253132 5413.6337886 -1 -1 108.843180716 -1 -1 -1 -1 -1 -1 -1 -1 3346.5245535 6763.50393345 7824.379026 0.0 6286.9129695 2517.37970299 5001.157491 11668.4277187 42036.7367321 37709.2137994 26287.789248 3354.05445165 1911.82872055 16301.3379499 25336.0449562 46018.7928938 58426.9769977 31945.4833005 17996.11128 0.0 -1 -1 -1 3687.29379934 6412.09468061 12162.3737235 46195.327893 19349.4098119 4593.22477582 122.21546733 568.78712202 -1 -1 1910.02968836 9993.98144175 17103.2453775 24675.5320245 28556.3413822 58764.9765 46364.3457907 43447.0915538 61131.881253 30959.27244
-1 -1 -1 -1 -1 -1 -1 -1 -1 -1 -1 -1 -1 -1 -1 -1 -1 -1 -1 -1 -1 530.487110715 1133.3060781 8414.60002845 7327.3528575 28526.3226364 51038.3882295 46693.6748696 34551.527796 50966.222265 42022.7657955 27785.38038 29445.2846205 36334.7882325 34405.0978912 30067.021476 29092.810851 23041.4304037 23249.7204375 20342.792964 0.0 0.0 11807.23965 9927.22159125 26039.069532 26008.644375 2811.05324516 203.227920236 18.988775084 237.86446905 1199.71414912 21853.8155963 24107.507496 5204.440263 -1 -1 -1 -1 -1 -1 0.0 20146.2155179 12201.0662437 2849.99836815 11919.80877 25069.233132 9605.5430826 312.3509697 -1 -1 -1 -1 2386.3021272 6506.13500032 22463.5135882 16886.6015591 27963.0087675 62149.5701111 48791.58186 41342.572815
-1 -1 -1 -1 -1 -1 -1 -1 -1 -1 -1 -1 -1 -1 -1 -1 -1 -1 -1 -1 -1 4099.9689318 17330.3850915 12012.8216872 13558.105743 33870.6464861 48676.601127 41875.777575 21260.841138 21238.045719 23855.8715959 11891.5691962 25459.6938435 25032.2178971 18213.5606625 36378.4159058 25804.7274611 44665.7193225 53510.4814406 84271.9321875 79503.5892982 51749.583582 57384.774405 56920.1316994 62462.653083 26650.7333662 632.40152625 -1 -1 -1 -1 -1 -1 -1 -1 -1 -1 7498.01615625 30917.6943176 0.0 5183.2220715 2301.92378239 3729.51230888 13017.8437125 6737.53242199 38140.213932 66500.4066562 9123.81057705 24.3306899107 -1 -1 -1 -1 1534.62662805 4115.34753375 8867.7585 19814.895948 38021.9679 54520.6866285 64347.5578515
-1 -1 -1 -1 -1 -1 -1 -1 -1 -1 -1 -1 -1 -1 -1 -1 -1 -1 -1 -1 -1 -1 16262.2045432 37189.549509 21571.9918339 44769.298599 45062.7063784 17348.6725301 771.92615808 2308.90630162 1914.06181829 3386.90800429 6253.56155025 34287.502977 38051.0409019 18510.068049 3065.11501342 11702.566467 20272.7075734 24283.7134312 31487.805945 42104.8348695 53226.263475 52592.9337563 49833.756453 33279.6485531 4013.9115177 -1 -1 -1 -1 -1 -1 -1 -1 -1 -1 50002.9528391 62160.4100415 342.46940154 -1 -1 1103.46069308 1318.74238208 824.045874525 22276.7393115 44030.486766 31797.4587772 7602.69071494 0.0 -1 -1 -1 -1 -1 -1 1499.65754602 15744.8210166 25183.2639713 69442.136955
-1 -1 -1 -1 -1 -1 -1 -1 -1 -1 -1 -1 -1 -1 -1 -1 -1 -1 -1 -1 -1 -1 20462.1933067 41364.7930159 39465.271524 27454.996044 20151.4353547 9321.99834225 2087.64964395 1979.66656863 2300.27484667 5414.65158465 2031.81552259 9764.6434215 25704.6422932 13680.1181047 19240.946955 4836.857286 7385.04892125 8176.05357937 3945.89628225 7347.15636 9934.67797612 18637.618083 23246.6394566 10577.2168661 127.665514826 -1 -1 -1 -1 -1 -1 -1 -1 -1 -1 23750.207748 50639.1398839 -1 -1 -1 -1 -1 71.628335685 2419.16019375 35990.1788663 30049.5086269 42253.8228862 9143.62112051 1028.28957949 13362.164937 6873.55112805 -1 -1 -1 -1 -1 1651.05080044 30156.7456294
-1 -1 -1 -1 -1 -1 -1 -1 -1 -1 -1 -1 -1 -1 -1 -1 -1 -1 -1 -1 -1 -1 151.788896434 14948.673498 42698.1170483 35584.944636 30531.418866 5179.013742 2064.90509367 1294.3269582 697.522894309 1980.36871344 12212.9126595 32234.2911225 16120.3826925 14765.3099569 19520.075157 11792.745702 8238.50589375 9489.06733387 16526.197845 14094.215877 9473.732982 4750.0611165 711.11809416 -1 -1 -1 -1 -1 -1 -1 -1 -1 -1 -1 0.0 893.572672099 6560.85894874 76.193068581 -1 -1 -1 -1 -1 4.948256178 3986.24864464 13762.7939754 18219.696855 14475.3476588 5783.4840324 0.00103731349313 20.264607288 64.6671677872 40.6766692792 -1 -1 -1 55.750937385 11580.9612469
-1 -1 -1 -1 -1 -1 -1 -1 -1 -1 -1 -1 -1 -1 -1 -1 -1 -1 -1 -1 -1 -1 23.5993885526 30827.2372718 18738.5354314 20404.5198656 8120.7200955 3588.6775032 8385.97747687 5084.815851 5324.0152002 18543.3320722 24406.0151314 14038.829415 12941.064576 23900.180634 26596.2935025 10755.5175877 0.0 16195.6705114 30719.2846736 6846.97429538 -1 -1 -1 -1 -1 -1 -1 -1 -1 -1 -1 -1 -1 -1 1596.83721262 10337.9851819 30706.6798568 12674.8102684 -1 -1 -1 -1 -1 -1 -1 0.0 2007.1435599 15936.1514903 23804.1907372 11055.9335986 5730.07148854 0.00106261713607 94.4368887 0.0 7.15189678485 -1 9.5175140706 8929.55366625
-1 -1 -1 -1 -1 -1 -1 -1 -1 -1 -1 -1 -1 -1 -1 -1 -1 -1 -1 -1 -1 -1 501.468222495 20386.3792988 41779.741395 24032.0292053 21252.5865075 26014.6396931 35534.799024 26428.294623 25475.5401645 11503.010952 2670.3266787 5678.8246572 11779.5428888 17008.4487105 31867.9759417 16564.3658584 33770.9715544 24833.3572245 14491.4815406 0.0 -1 -1 -1 -1 -1 -1 -1 -1 -1 -1 -1 -1 -1 -1 3660.23958469 15104.556114 28025.0780794 17296.990695 -1 -1 -1 -1 -1 -1 -1 -1 -1 0.0 0.0 0.0 10146.1538317 257.494232775 7.34301688327e-05 0.000211732768582 0.000222405197404 0.0 3674.2049253 42963.2622232
-1 -1 -1 -1 -1 -1 -1 -1 -1 -1 -1 -1 -1 -1 -1 -1 -1 -1 -1 -1 -1 132.232063903 2286.31036358 17995.989759 23790.59193 10327.3644435 0.0 0.0 0.0 0.0 0.0 11471.97156 3554.2085541 3272.42000156 2423.98588444 8991.6985035 14120.26212 17568.028128 21161.3684828 6038.08521855 7.3660968 -1 -1 -1 1850.97612578 10385.704584 583.065333105 0.0 191.515180747 -1 -1 -1 -1 -1 -1 -1 935.053746075 8960.479047 27697.7914999 9122.80792402 -1 -1 -1 -1 -1 -1 -1 -1 -1 -1 -1 18678.5766637 22272.500115 2418.044886 -1 -1 8.12313898725 -1 -1 7695.27413681
-1 -1 -1 -1 -1 -1 -1 -1 -1 -1 -1 -1 -1 -1 -1 -1 -1 -1 -1 -1 -1 1459.2473133 1268.54678633 2074.6685448 4019.64879701 9446.974875 11369.8021106 14075.0534257 13326.0367927 0.0 0.0 0.0 4944.8705607 683.59662666 657.7655133 1207.98353232 2673.79274916 14033.2899735 9288.83824312 410.786796225 -1 -1 1567.8197352 0.0 -1 23.091926553 286.840371533 -1 -1 -1 -1 -1 -1 -1 -1 -1 3453.51555675 18199.588536 12204.7325438 3381.51563205 -1 -1 -1 -1 -1 -1 -1 -1 -1 -1 -1 -1 36237.7913569 35133.1864875 57.7962661793 -1 -1 -1 -1 530.527015642
-1 -1 -1 -1 -1 -1 -1 -1 -1 -1 -1 -1 -1 -1 -1 -1 -1 -1 -1 -1 -1 2338.5821436 1862.1811233 6316.59515445 0.0 4421.06712469 2843.1372824 3523.99381031 11104.2315832 23249.9681167 24445.8239156 19150.791714 8913.50502075 5351.28286875 3336.81026055 7700.12375175 4794.539877 15702.2868008 18681.9085631 22006.3731195 2888.01904388 -1 1507.678083 627.06286935 -1 -1 -1 -1 -1 -1 -1 -1 -1 -1 -1 -1 -1 3127.13975595 0.0 -1 -1 -1 -1 -1 -1 -1 -1 -1 -1 -1 -1 1636.3021713 17263.305171 2040.16970415 22.4903866275 -1 -1 -1 -1 -1
-1 -1 -1 -1 -1 -1 -1 -1 -1 -1 -1 -1 -1 -1 -1 -1 -1 -1 -1 -1 -1 371.855326006 2414.14167172 0.0 3731.55401284 9506.006643 21750.210426 6017.41750417 13218.9839055 20169.6125647 24774.1740855 33513.0516982 15202.316337 13016.43567 25665.027096 0.0 12692.2999174 16905.0447442 6966.32151735 93.1352290425 -1 -1 -1 -1 -1 -1 -1 -1 -1 -1 -1 -1 -1 -1 -1 -1 -1 -1 -1 -1 -1 -1 -1 -1 -1 3816.7855425 2377.28054081 498.157355876 -1 8479.1671965 11869.6264312 16238.619306 16403.5653915 186.86789667 -1 -1 -1 -1 -1 -1
-1 -1 -1 -1 -1 -1 -1 -1 -1 -1 -1 -1 -1 -1 -1 -1 -1 -1 -1 -1 -1 -1 4644.23146084 6284.72474865 8720.89276136 15942.9327525 22664.8218431 26826.817695 11469.735897 5234.64503175 795.79321125 5872.2675375 11948.8123647 12439.53135 14063.9716061 0.0 0.0 0.0 139.963979074 -1 -1 -1 -1 -1 -1 -1 -1 -1 -1 -1 -1 -1 -1 -1 -1 -1 -1 -1 -1 -1 -1 -1 -1 -1 4.35901193374 1971.28165762 20298.049509 27912.3559147 26391.2432726 18424.870272 11988.3651998 0.000313793053909 0.0 -1 -1 -1 -1 -1 -1 -1
