Model Version1.4/trunk/input/2010/nsro_nat.asc
ncols 720
nrows 360
xllcorner -180
yllcorner -90
cellsize 0.5
NODATA_value -1
[rows 210 to 244 of 360, columns 560 to 639 of 720]
-1 -1 -1 -1 -1 -1 -1 -1 -1 -1 -1 -1 -1 -1 -1 -1 -1 -1 -1 -1 -1 -1 -1 -1 -1 -1 -1 -1 -1 -1 -1 -1 -1 -1 -1 -1 -1 -1 -1 -1 -1 -1 -1 -1 -1 -1 -1 -1 -1 13026.045429 31405.2535777 26732.40996 5772.59463533 12172.4772876 16391.8371957 26605.4097968 20554.0265925 17606.5885466 14376.8635459 36131.723109 37763.099919 0.0 21552.89229 0.0 0.0 2210.67527546 3040.22763604 11973.0490155 14236.7577687 10307.5740554 7696.28975194 2442.31719023 88.7229700575 -1 -1 -1 -1 -1 -1 -1
-1 -1 -1 -1 -1 -1 -1 -1 -1 -1 -1 -1 -1 -1 -1 -1 -1 -1 -1 -1 -1 -1 -1 -1 -1 -1 -1 -1 -1 -1 -1 -1 -1 -1 -1 -1 -1 -1 -1 -1 -1 -1 -1 -1 -1 -1 -1 -1 557.950617 30103.8818089 37595.8124985 36038.524806 10564.2845429 5691.26050365 16715.199975 8584.58003212 12803.8472494 13227.334425 11642.1312945 8933.9669685 15857.4015697 15743.1462998 0.0 0.0 0.0 0.0 976.6568232 4719.19179971 4311.0884187 9518.07726975 18167.5223462 14546.3012209 2507.9531772 1162.2986334 604.832704875 -1 -1 -1 -1 -1
-1 -1 -1 -1 -1 -1 -1 -1 -1 -1 -1 -1 -1 -1 -1 -1 -1 -1 -1 -1 -1 -1 -1 -1 -1 -1 -1 -1 -1 -1 -1 -1 -1 -1 -1 -1 -1 -1 -1 -1 -1 -1 -1 -1 -1 0.0 -1 3939.15607387 4944.6959427 22978.768137 30687.077025 29775.6250358 17748.9752955 9185.7953655 5569.07297077 13351.4181855 17497.4564456 0.0 5237.6443779 4841.38414819 16630.9182 12659.4666919 0.0 0.0 0.0 0.0 0.0 1668.1734459 2519.42860597 3468.740625 3737.5281198 8705.75413733 11219.323788 2809.5495984 5209.4664765 1775.21788451 -1 -1 35.6433935625 13.4401245878
-1 -1 -1 -1 -1 -1 -1 -1 -1 -1 -1 -1 -1 -1 -1 -1 -1 -1 -1 -1 -1 -1 -1 -1 -1 -1 -1 -1 -1 -1 -1 -1 -1 -1 -1 -1 -1 -1 -1 -1 -1 -1 -1 -1 -1 444.210625875 154.91441808 4990.97688862 6116.92601389 11728.5659888 19099.268424 14688.97713 16400.7961853 7427.23775062 5544.27873713 10431.553782 8450.65269675 6466.863075 6588.339036 5932.17567 9928.95019792 0.0 0.0 0.0 0.0 1447.37461744 1243.02212044 0.0 1511.67080479 1509.35294475 2952.69234855 4581.9775239 3748.90043295 12778.9250451 6105.503184 9475.88775705 1028.49818703 370.885729706 361.060144684 -1
-1 -1 -1 -1 -1 -1 -1 -1 -1 -1 -1 -1 -1 -1 -1 -1 -1 -1 -1 -1 -1 -1 -1 -1 -1 -1 -1 -1 -1 -1 -1 -1 -1 -1 -1 -1 -1 -1 -1 -1 -1 -1 -1 -1 460.96215204 854.487038962 722.018762775 563.03177505 1052.33761793 5291.65493032 14390.5751152 13835.019672 4880.18979866 4745.365206 11230.6399931 7856.18470125 14403.8276985 7522.436478 4538.53212398 3732.10489102 2799.1305741 2411.24602144 0.0 525.057239962 0.0 472.17092325 900.7891977 0.0 0.0 1079.58932059 2313.8975892 3029.98335176 2434.201026 3240.59088015 3105.49657365 8601.74546835 4099.87726418 1259.33259532 1174.65754365 -1
-1 -1 -1 -1 -1 -1 -1 -1 -1 -1 -1 -1 -1 -1 -1 -1 -1 -1 -1 -1 -1 -1 -1 -1 -1 -1 -1 -1 -1 -1 -1 -1 -1 -1 -1 -1 -1 -1 -1 -1 -1 -1 -1 -1 428.801221913 602.481359985 550.047495825 1370.59183759 1301.16464696 1103.21713462 3645.02463255 4428.48223425 8309.60069287 8480.0288055 6362.95451512 0.0 0.0 0.0 0.0 0.0 0.0 0.0 0.0 0.0 0.0 111.076097407 0.0 0.0 0.0 0.0 0.0 0.0 0.0 1418.50972069 2355.1864134 5549.13760121 3775.90946932 345.97599525 286.16884848 483.85650915
-1 -1 -1 -1 -1 -1 -1 -1 -1 -1 -1 -1 -1 -1 -1 -1 -1 -1 -1 -1 -1 -1 -1 -1 -1 -1 -1 -1 -1 -1 -1 -1 -1 -1 -1 -1 -1 -1 -1 -1 -1 -1 -1 34.1785905878 248.752487017 346.509090169 677.184519975 344.354963006 815.671923806 0.0 0.0 626.34384807 2508.94009103 0.0 0.0 0.0 0.0 618.028691981 0.0 0.0 0.0 0.0 0.0 0.0 0.0 0.0 82.4967335632 410.176596521 0.0 83.5881126806 0.0 0.0 0.0 1894.10976195 1322.08007745 2427.0878475 4260.74835413 1206.22636781 300.038331694 395.830603087
-1 -1 -1 -1 -1 -1 -1 -1 -1 -1 -1 -1 -1 -1 -1 -1 -1 -1 -1 -1 -1 -1 -1 -1 -1 -1 -1 -1 -1 -1 -1 -1 -1 -1 -1 -1 -1 -1 -1 -1 -1 -1 -1 176.174752575 148.760554588 171.623286968 236.757525337 0.0 0.0 576.732351532 1026.0460911 518.35585791 661.054477177 0.0 0.0 0.0 0.0 0.0 0.0 0.0 0.0 0.0 150.795863446 123.260321982 0.0 157.93938576 146.384929069 345.457399219 297.665281339 123.72712065 135.700553205 126.583940363 0.0 436.27407102 386.736511538 0.0 0.0 3084.06049301 1132.33363313 594.204789487
-1 -1 -1 -1 -1 -1 -1 -1 -1 -1 -1 -1 -1 -1 -1 -1 -1 -1 -1 -1 -1 -1 -1 -1 -1 -1 -1 -1 -1 -1 -1 -1 -1 -1 -1 -1 -1 -1 -1 -1 -1 -1 20.16496647 128.60987457 200.915657145 224.09697714 0.0 0.0 0.0 0.0 0.0 0.0 0.0 0.0 0.0 0.0 0.0 0.0 0.0 0.0 211.370142112 206.137415228 186.797392102 237.2402472 251.42959443 130.84476969 0.0 271.381442107 494.72622024 249.26611749 187.864844186 0.0 0.0 0.0 0.0 0.0 359.955664177 1617.92892616 4789.598346 1891.1115078
-1 -1 -1 -1 -1 -1 -1 -1 -1 -1 -1 -1 -1 -1 -1 -1 -1 -1 -1 -1 -1 -1 -1 -1 -1 -1 -1 -1 -1 -1 -1 -1 -1 -1 -1 -1 -1 -1 0.0 7.09298074215 18.7295426295 88.6222103437 226.298014785 202.37936397 228.731793713 0.0 0.0 0.0 0.0 0.0 0.0 0.0 0.0 0.0 0.0 0.0 0.0 0.0 283.888206788 184.57932429 0.0 0.0 266.8153644 205.59729636 238.206086325 202.63709643 106.937239837 40.146409641 223.956111911 133.230976313 0.0 0.0 0.0 128.77807104 0.0 0.0 231.606149512 526.504548938 0.0 1830.3637779
-1 -1 -1 -1 -1 -1 -1 -1 -1 -1 -1 -1 -1 -1 -1 -1 -1 -1 -1 -1 -1 -1 -1 -1 -1 -1 -1 -1 -1 -1 -1 -1 -1 -1 -1 -1 32.1209512549 64.53502335 359.090358825 256.00127511 294.676674 166.163288854 83.6626515555 96.4004476575 124.368576532 0.0 0.0 0.0 0.0 0.0 0.0 0.0 0.0 0.0 0.0 791.88408738 0.0 0.0 0.0 0.0 0.0 0.0 162.184278682 172.209285923 352.427831111 251.8062273 89.1768428362 28.9143058125 435.677683267 379.659752681 124.771205632 0.0 156.388154827 214.591273425 252.655109077 0.0 168.75127725 470.661478762 1035.12070942 2805.18415534
-1 -1 -1 -1 -1 -1 -1 -1 -1 -1 -1 -1 -1 -1 -1 -1 -1 -1 -1 -1 -1 -1 -1 -1 -1 -1 -1 -1 -1 -1 16.2368374534 -1 28.4990402902 297.858987956 253.204552031 272.797371338 165.375879005 0.0 0.0 681.004558762 0.0 0.0 0.0 133.299183898 0.0 0.0 0.0 0.0 0.0 0.0 0.0 0.0 0.0 0.0 0.0 210.373081875 192.494211615 0.0 81.872633187 0.0 0.0 136.472439015 125.761977469 125.666429876 84.8668962874 206.474989822 104.435072888 51.7889585273 313.840072042 1134.86820079 0.0 0.0 0.0 197.15665572 188.035091887 243.691548862 0.0 247.588556235 586.077143355 2244.5053005
-1 -1 -1 -1 -1 -1 -1 -1 -1 -1 -1 -1 -1 -1 -1 -1 -1 -1 -1 -1 -1 -1 -1 -1 -1 -1 -1 -1 -1 -1 -1 56.3628155648 1233.65124677 1647.2118288 4227.13220737 1938.94876912 1395.54099282 0.0 0.0 0.0 0.0 0.0 0.0 0.0 0.0 0.0 0.0 0.0 0.0 0.0 0.0 0.0 0.0 0.0 0.0 293.400364091 0.0 0.0 0.0 219.84062094 124.586884395 121.15491492 77.07015357 0.0 44.1833519839 105.984561949 189.213301434 504.042598822 275.04816735 425.058855086 1553.11705791 0.0 235.07794479 285.420352163 291.9994002 305.43021345 0.0 77.94594633 435.718385899 0.0
-1 -1 -1 -1 -1 -1 -1 -1 -1 -1 -1 -1 -1 -1 -1 -1 -1 -1 -1 -1 -1 -1 -1 -1 -1 -1 -1 46.6114468455 0.0 25.6383742028 126.889540391 574.03412052 2304.37911973 2056.44434769 2478.87327171 2269.86478981 2193.34633684 1069.03590322 0.0 0.0 0.0 0.0 0.0 0.0 0.0 0.0 0.0 0.0 0.0 0.0 227.931136331 0.0 0.0 0.0 204.644260032 0.0 0.0 0.0 0.0 0.0 105.144272483 0.0 79.75952556 78.705536184 418.276628044 1080.41577782 827.67748329 1440.35210747 1076.89549529 0.0 242.681336955 0.0 263.316401021 317.071179487 374.28015471 366.661954875 279.917843692 183.403092143 462.688258856 532.033148134
-1 -1 -1 -1 -1 -1 -1 -1 -1 -1 -1 -1 -1 -1 -1 -1 -1 -1 -1 -1 -1 -1 -1 -1 -1 -1 -1 179.231019975 209.088761408 142.730617941 238.956067931 1315.37453872 2379.07603361 5699.45083061 5190.14914575 3252.3229518 2996.405541 2640.71005909 0.0 0.0 661.304370405 0.0 0.0 0.0 1171.32655174 544.88297241 0.0 0.0 0.0 0.0 0.0 0.0 0.0 0.0 0.0 0.0 180.779789824 0.0 137.28182286 0.0 141.872206817 537.640191172 813.805272742 980.21407617 838.335823256 1960.82783531 937.14289884 0.0 0.0 0.0 0.0 584.229512873 468.130362375 384.02079858 325.877795325 350.54317161 386.296516162 0.0 609.174396307 456.081396626
-1 -1 -1 -1 -1 -1 -1 -1 -1 -1 -1 -1 -1 -1 -1 -1 -1 -1 -1 -1 -1 -1 -1 -1 -1 -1 -1 318.99626982 435.495899377 255.005020725 528.524791804 822.15082656 1250.13345119 3502.25208007 3503.44926112 6169.61518935 13498.529241 5796.5668794 3778.8541272 485.211919616 344.600763521 615.444480488 266.009725534 0.0 1369.0220355 1127.44332671 276.289311292 0.0 0.0 0.0 0.0 0.0 157.978922377 168.63530859 0.0 0.0 264.15971217 144.548482929 0.0 0.0 0.0 0.0 0.0 1025.30898063 556.624507312 760.544922 966.461843565 0.0 704.72610717 557.295370088 527.867083282 800.693846152 630.170889863 490.70476257 518.30019951 973.63518552 778.833177585 704.25019176 606.210271433 627.367455124
-1 -1 -1 -1 -1 -1 -1 -1 -1 -1 -1 -1 -1 -1 -1 -1 -1 -1 -1 -1 -1 -1 -1 -1 -1 -1 -1 240.914148615 358.798906834 331.458048705 349.51606974 2089.04956643 2412.88238085 1873.7208819 1263.33085871 2882.2846635 3544.76842706 5462.14115329 2710.57619096 1972.84583843 507.30489516 518.358854606 0.0 0.0 171.122147662 0.0 453.322912594 145.650196095 0.0 0.0 0.0 0.0 166.65556545 0.0 0.0 0.0 0.0 0.0 0.0 0.0 0.0 0.0 0.0 0.0 1966.31447188 3332.12027655 1260.26030041 1200.97885133 3427.647804 3706.0563825 3093.46209555 193.5184833 0.0 0.0 0.0 565.565437474 0.0 453.886756125 0.0 503.981466795
-1 -1 -1 -1 -1 -1 -1 -1 -1 -1 -1 -1 -1 -1 -1 -1 -1 -1 -1 -1 -1 -1 -1 -1 -1 -1 0.0 430.01888925 158.091387908 488.35754565 453.17724186 572.83695495 1029.60079688 1549.08052695 1189.69155702 1111.07554596 1426.29320531 958.109508202 763.7530032 353.111943727 348.977757937 314.630079525 164.919849806 0.0 0.0 301.807730362 0.0 0.0 0.0 0.0 0.0 0.0 0.0 0.0 0.0 0.0 0.0 0.0 0.0 0.0 0.0 0.0 0.0 2727.45036525 2092.43909824 5547.2665194 5949.06637275 1914.62091034 2628.8561277 3619.69848 1484.43224276 0.0 0.0 0.0 0.0 0.0 0.0 559.73950962 0.0 0.0
-1 -1 -1 -1 -1 -1 -1 -1 -1 -1 -1 -1 -1 -1 -1 -1 -1 -1 -1 -1 -1 -1 -1 -1 -1 -1 158.23655505 323.277633 110.276070877 679.597492275 524.40016779 305.819036325 0.0 1488.4200372 1211.13728438 1722.0561645 1511.3597304 1076.35479823 934.477991055 435.50782026 229.90344432 199.36957887 186.344158455 0.0 239.134223737 0.0 0.0 0.0 128.345168284 106.890749067 0.0 0.0 0.0 0.0 0.0 0.0 2643.32949675 0.0 0.0 0.0 0.0 0.0 0.0 2812.67757855 4932.635112 3575.41320578 2223.6434442 0.0 1254.18840892 0.0 0.0 0.0 0.0 0.0 0.0 0.0 0.0 0.0 0.0 0.0
-1 -1 -1 -1 -1 -1 -1 -1 -1 -1 -1 -1 -1 -1 -1 -1 -1 -1 -1 -1 -1 -1 -1 -1 -1 -1 3.73798005176e-06 119.13818364 105.439361334 394.804453455 1209.30407022 575.889821677 494.498429213 944.66429706 853.47978897 1407.7559601 798.307546669 1464.20441034 2392.38422919 637.914273326 405.90396624 206.683796812 224.135774317 303.552470295 0.0 505.275897 0.0 268.387322648 184.96490148 446.014206675 1195.614921 1434.014271 957.778759838 935.321396625 1736.12138198 4094.61133935 6304.9652394 10601.233473 3119.74616535 741.820442512 0.0 212.12745543 251.439935287 0.0 0.0 0.0 0.0 0.0 0.0 0.0 0.0 0.0 0.0 0.0 0.0 0.0 0.0 389.88804003 558.625829212 0.0
-1 -1 -1 -1 -1 -1 -1 -1 -1 -1 -1 -1 -1 -1 -1 -1 -1 -1 -1 -1 -1 -1 -1 -1 -1 -1 0.0 34.9991393467 0.0 0.0 284.670272872 516.101623481 647.0116128 249.725950402 346.018125015 374.643378158 3074.31458306 665.545410656 350.106803707 293.580738 339.513406875 455.559989524 409.960314285 462.123605104 338.95736505 479.30213667 173.215565347 286.620908149 264.256186612 655.004247472 1480.07660771 1195.80761588 555.175815563 851.491645125 1229.81517986 1293.79939095 1101.80058503 1991.92627429 678.612303911 902.77426035 350.931376845 514.1070975 0.0 0.0 278.82908172 284.999526319 0.0 0.0 0.0 0.0 0.0 0.0 0.0 0.0 0.0 0.0 0.0 629.22289752 0.0 335.211818524
-1 -1 -1 -1 -1 -1 -1 -1 -1 -1 -1 -1 -1 -1 -1 -1 -1 -1 -1 -1 -1 -1 -1 -1 -1 58.9910173875 325.907087119 132.58015821 139.090220348 0.0 0.0 0.0 0.0 0.0 476.164030361 239.810793045 622.71199782 521.703297979 323.123459801 316.203346575 336.967927155 505.432907618 346.975673906 311.292438765 349.09742409 403.148234531 287.523704115 203.86356276 346.296348765 307.348778756 314.737278525 262.906128769 597.599334146 1209.84065171 1871.98992094 1609.8711174 2653.1605521 2546.52597248 563.434285365 830.894937356 1328.60048623 743.453129344 707.048148 257.9776785 152.765896935 197.003406521 189.263769525 406.557324105 0.0 0.0 590.330902665 0.0 0.0 0.0 0.0 0.0 0.0 0.0 0.0 0.0
-1 -1 -1 -1 -1 -1 -1 -1 -1 -1 -1 -1 -1 -1 -1 -1 -1 -1 -1 -1 -1 -1 -1 -1 -1 -1 255.518424984 279.687688177 199.527290745 0.0 0.0 345.433805753 0.0 281.171280172 476.795298075 277.41642669 1029.57425269 333.252207975 508.757835375 368.162808221 311.83126248 181.41796866 310.803923584 501.27662646 645.936238552 0.0 311.271899895 220.623894585 247.571800845 249.60468549 136.12109826 191.640429806 552.845231325 1625.74205648 2476.72535932 1611.51715935 2870.8763694 6982.9102395 2266.23475102 2392.7946813 2012.04058282 912.202206176 2646.07561597 4756.46814563 3982.01692811 344.88710337 0.0 0.0 328.591634906 0.0 0.0 3082.03897313 0.0 0.0 0.0 0.0 0.0 0.0 0.0 0.0
-1 -1 -1 -1 -1 -1 -1 -1 -1 -1 -1 -1 -1 -1 -1 -1 -1 -1 -1 -1 -1 -1 -1 -1 -1 -1 0.0 1437.67861826 0.0 0.0 0.0 439.354891417 359.933065991 261.99219615 334.73606616 472.777348298 339.168898721 392.983873999 394.4004945 549.9743184 332.402176155 240.80001624 134.288814319 216.743020519 331.45840926 353.242677937 456.62645223 200.315934 151.75477809 193.672716281 151.248753611 160.209054225 160.867808475 185.23345071 312.965720149 389.779157629 554.003499499 378.386088255 131.620310156 135.536974189 218.901128745 188.7343101 188.6633166 303.820243125 308.737914844 369.246465473 444.679525575 349.241637412 334.697811094 471.99621 499.97398725 0.0 0.0 0.0 0.0 0.0 0.0 0.0 258.880433809 0.0
-1 -1 -1 -1 -1 -1 -1 -1 -1 -1 -1 -1 -1 -1 -1 -1 -1 -1 -1 -1 -1 -1 -1 -1 -1 -1 -1 159.38879448 0.0 0.0 545.527794262 535.873183256 316.248912394 385.568441426 373.476185696 391.231614056 397.058967 297.65986302 353.67227397 324.079138432 245.303125031 255.497995087 261.15731385 160.60502259 139.687516035 0.0 0.0 265.840065915 203.917996586 113.518756141 223.311434726 137.294828726 153.819465041 193.100422215 192.291528202 364.67841225 0.0 0.0 216.430679362 0.0 124.399952235 207.462709155 115.578674566 1304.80996864 635.474069794 568.82305668 720.746899687 486.792755437 0.0 475.861186912 0.0 0.0 0.0 0.0 0.0 0.0 0.0 0.0 0.0 0.0
-1 -1 -1 -1 -1 -1 -1 -1 -1 -1 -1 -1 -1 -1 -1 -1 -1 -1 -1 -1 -1 -1 -1 -1 -1 -1 -1 -1 0.0 0.0 0.0 418.84815825 446.5568304 476.701385542 548.604173648 409.956584527 235.535246606 266.323165928 360.98481495 408.955594905 226.958781375 327.58544154 236.867002785 313.360885688 348.21665049 0.0 207.67987467 0.0 0.0 0.0 143.013340935 0.0 174.484662165 174.702269437 341.599771507 459.380169435 658.581468188 562.901026012 433.619374072 0.0 0.0 0.0 0.0 0.0 1917.34947652 420.231230573 0.0 0.0 0.0 0.0 0.0 0.0 0.0 0.0 0.0 0.0 0.0 0.0 0.0 0.0
-1 -1 -1 -1 -1 -1 -1 -1 -1 -1 -1 -1 -1 -1 -1 -1 -1 -1 -1 -1 -1 -1 -1 -1 -1 -1 -1 -1 0.0 485.038984815 0.0 836.529288225 508.27077387 451.254350302 278.777644515 302.962153556 315.88574283 373.12349556 301.778120655 191.787943275 139.252236626 313.13160102 0.0 284.074641956 273.603300525 126.962263828 0.0 269.7137013 558.508263975 141.552245276 153.51143079 596.230209975 0.0 0.0 465.664035161 595.901231535 703.33711992 664.38065625 2416.9722126 2778.4602228 0.0 0.0 0.0 0.0 0.0 0.0 0.0 0.0 904.475816063 0.0 0.0 0.0 0.0 0.0 0.0 0.0 0.0 0.0 0.0 0.0
-1 -1 -1 -1 -1 -1 -1 -1 -1 -1 -1 -1 -1 -1 -1 -1 -1 -1 -1 -1 -1 -1 -1 -1 -1 -1 -1 -1 -1 1561.40479845 0.0 0.0 391.30712811 475.912482345 393.834999915 379.082270385 426.83072796 499.42304433 396.14350902 0.0 259.60092912 237.323373769 363.890034349 378.34877613 343.473705465 0.0 0.0 0.0 0.0 0.0 121.661296215 0.0 0.0 0.0 0.0 339.994771301 369.02308302 474.6805161 2252.1170067 0.0 0.0 1178.41082122 0.0 0.0 0.0 0.0 0.0 0.0 0.0 0.0 0.0 0.0 0.0 1256.75144512 621.507019613 0.0 0.0 0.0 0.0 0.0
-1 -1 -1 -1 -1 -1 -1 -1 -1 -1 -1 -1 -1 -1 -1 -1 -1 -1 -1 -1 -1 -1 -1 -1 -1 -1 -1 -1 -1 0.0 0.0 0.0 128.387191383 597.0864564 1228.35460078 538.183365514 366.804379879 0.0 264.745611217 440.1821418 623.391769466 632.481237 474.123340493 326.879412 411.066138735 309.112789898 0.0 0.0 0.0 0.0 0.0 244.99685238 327.16716642 220.9176795 0.0 492.507233482 548.52010596 1274.1269544 1540.79712206 332.628849 0.0 0.0 0.0 0.0 0.0 0.0 0.0 0.0 0.0 0.0 0.0 0.0 0.0 0.0 1618.86859099 1502.57989609 0.0 0.0 0.0 0.0
-1 -1 -1 -1 -1 -1 -1 -1 -1 -1 -1 -1 -1 -1 -1 -1 -1 -1 -1 -1 -1 -1 -1 -1 -1 -1 -1 -1 -1 281.18234466 0.0 965.420900606 0.0 0.0 0.0 397.780610839 0.0 0.0 0.0 0.0 0.0 965.928918885 762.364721482 577.97932545 431.312126704 368.227072815 0.0 506.626542562 0.0 0.0 335.9364516 172.222615867 204.60787488 180.97506 422.148631875 957.0233907 341.960582081 0.0 0.0 116.53783936 0.0 0.0 407.358679162 0.0 0.0 413.483709656 351.61953312 0.0 0.0 195.968850356 0.0 0.0 0.0 0.0 0.0 0.0 0.0 0.0 0.0 0.0
-1 -1 -1 -1 -1 -1 -1 -1 -1 -1 -1 -1 -1 -1 -1 -1 -1 -1 -1 -1 -1 -1 -1 -1 -1 -1 -1 -1 -1 0.0 0.0 1656.78601207 0.0 93.1881354202 0.0 1453.68682003 0.0 0.0 0.0 1493.68086285 725.336649255 0.0 1005.83028047 810.4315815 873.624285082 722.779066361 974.1045837 0.0 304.974019256 266.700759469 188.396579625 117.565775433 0.0 0.0 0.0 0.0 348.475408929 0.0 0.0 118.253613154 146.82804192 274.0235943 322.533943099 0.0 0.0 0.0 0.0 336.116245395 343.968453619 274.181303693 249.718555485 0.0 0.0 709.65999078 0.0 0.0 0.0 0.0 3533.45725316 1144.67432179
-1 -1 -1 -1 -1 -1 -1 -1 -1 -1 -1 -1 -1 -1 -1 -1 -1 -1 -1 -1 -1 -1 -1 -1 -1 -1 -1 -1 -1 -1 0.0 0.0 1466.97818754 0.0 0.0 0.0 1620.86781801 0.0 0.0 0.0 0.0 0.0 865.578550444 1080.67079109 797.015640086 0.0 1239.12555483 748.40096331 428.5641282 127.13283324 94.3689505252 105.548379217 109.359419068 0.0 0.0 109.023710884 134.841080314 108.063850752 0.0 0.0 0.0 0.0 0.0 0.0 0.0 0.0 0.0 0.0 675.661013235 451.116428062 529.74933429 0.0 0.0 0.0 1297.99852033 1211.43309746 0.0 0.0 0.0 649.190884275
-1 -1 -1 -1 -1 -1 -1 -1 -1 -1 -1 -1 -1 -1 -1 -1 -1 -1 -1 -1 -1 -1 -1 -1 -1 -1 -1 -1 -1 -1 0.0 0.0 0.0 2355.40245711 0.0 442.613730405 502.756757752 1616.67957168 474.932669557 0.0 0.0 0.0 0.0 670.742127428 434.965889205 476.14869234 1008.16527539 890.83935873 428.557640734 166.49950863 0.0 0.0 0.0 0.0 152.12117709 0.0 138.4414047 116.75090553 326.761998895 347.214540175 0.0 315.699610563 426.584252036 524.831386118 0.0 0.0 0.0 0.0 0.0 0.0 909.637250006 879.85594683 886.26564279 1661.62332994 2158.12838822 1900.70457652 1171.88787409 2785.45002941 1196.39999784 0.0
-1 -1 -1 -1 -1 -1 -1 -1 -1 -1 -1 -1 -1 -1 -1 -1 -1 -1 -1 -1 -1 -1 -1 -1 -1 -1 -1 -1 -1 -1 -1 339.951523313 0.0 0.0 1159.06892335 526.527344306 578.381398481 0.0 320.429772 0.0 0.0 0.0 0.0 580.615182675 0.0 0.0 0.0 404.03455209 164.44381308 0.0 0.0 72.48737655 79.27220133 179.267029425 243.53833446 237.366569677 242.3329473 248.63599407 426.4583661 0.0 0.0 40.142995461 0.0 0.0 433.402330275 0.0 0.0 0.0 0.0 0.0 942.26191731 1780.16209231 893.690168385 684.748678781 0.0 1671.83358469 0.0 0.0 1620.78933776 0.0
-1 -1 -1 -1 -1 -1 -1 -1 -1 -1 -1 -1 -1 -1 -1 -1 -1 -1 -1 -1 -1 -1 -1 -1 -1 -1 -1 -1 -1 -1 -1 1.09789973869e-05 2639.36758249 2507.3438313 1207.40044127 3563.34690675 1308.01053108 683.574457867 0.0 0.0 0.0 0.0 0.0 586.67227125 0.0 0.0 0.0 0.0 0.0 99.120613365 136.61683392 212.012461522 0.0 0.0 0.0 0.0 0.0 -1 -1 -1 -1 -1 -1 -1 5.119192908e-06 0.0 315.68034825 84.4375551124 0.0 0.0 1425.92743312 0.0 1521.36034155 0.0 0.0 1568.3995452 0.0 0.0 0.0 0.0
