Model Version1.4/trunk/input/2010/nsro_nat.asc
ncols 720
nrows 360
xllcorner -180
yllcorner -90
cellsize 0.5
NODATA_value -1
[rows 175 to 209 of 360, columns 240 to 319 of 720]
5853.0913776 9228.37720507 7192.50804562 7681.9129737 7264.7686359 10526.9993838 8515.42396732 21681.19071 22354.02375 17652.2483456 26722.5989081 19789.1620432 13374.4475605 15204.991089 8294.41452937 9695.03643112 16901.9784045 8262.16593622 2445.17765625 0.0 -1 -1 -1 -1 -1 -1 -1 -1 -1 -1 -1 -1 -1 -1 -1 -1 -1 -1 -1 -1 -1 -1 -1 -1 -1 -1 -1 -1 -1 -1 -1 -1 -1 -1 -1 -1 -1 -1 -1 -1 -1 -1 -1 -1 -1 -1 -1 -1 -1 -1 -1 -1 -1 -1 -1 -1 -1 -1 -1 -1
22318.720815 32212.547811 15390.70368 32144.6501475 10262.4293625 13226.9443332 15147.5056493 11408.9568126 6334.12182589 10450.6320765 17215.6781617 11996.9626731 9131.24112585 14249.1666315 14067.3773234 7518.21721312 8422.4529108 11959.8916461 3570.64934985 2388.61214835 -1 -1 -1 -1 -1 -1 -1 -1 -1 -1 -1 -1 -1 -1 -1 -1 -1 -1 -1 -1 -1 -1 -1 -1 -1 -1 -1 -1 -1 -1 -1 -1 -1 -1 -1 -1 -1 -1 -1 -1 -1 -1 -1 -1 -1 -1 -1 -1 -1 -1 -1 -1 -1 -1 -1 -1 -1 -1 -1 -1
19763.7208061 36872.0169064 38176.5051649 37001.5750579 31900.2455085 13946.7429774 13107.3953559 8998.75663294 11152.5856176 9846.9896952 21393.204015 30102.3017325 22191.1130332 13794.6705797 22595.086395 12466.3653221 13919.3607312 12338.0801838 4200.79169107 2122.77664102 649.67186172 -1 -1 -1 -1 -1 -1 -1 -1 -1 -1 -1 -1 -1 -1 -1 -1 -1 -1 -1 -1 -1 -1 -1 -1 -1 -1 -1 -1 -1 -1 -1 -1 -1 -1 -1 -1 -1 -1 -1 -1 -1 -1 -1 -1 -1 -1 -1 -1 -1 -1 -1 -1 -1 -1 -1 -1 -1 -1 -1
13653.3096809 18300.772608 32099.694744 28833.64653 33880.6318215 20422.9831999 11132.4020775 18084.3242482 16547.64909 23099.22648 28699.2739136 27182.9805266 44175.5550049 37563.0050438 36009.5853893 22454.2521056 19104.0049702 9552.87744345 5178.78013256 2002.79148326 0.0 -1 -1 -1 -1 -1 -1 -1 -1 -1 -1 -1 -1 -1 -1 -1 -1 -1 -1 -1 -1 -1 -1 -1 -1 -1 -1 -1 -1 -1 -1 -1 -1 -1 -1 -1 -1 -1 -1 -1 -1 -1 -1 -1 -1 -1 -1 -1 -1 -1 -1 -1 -1 -1 -1 -1 -1 -1 -1 -1
11359.1311358 27437.8176889 13237.4948459 13342.698443 19208.9932361 20184.9773111 14676.6870337 14330.7421115 22342.646025 26622.08346 31360.0903605 21078.8685236 32596.8532673 25532.9070345 31132.5542055 29720.9988923 16057.0113067 5441.90345295 2873.68201935 695.79240897 0.0 0.0 -1 -1 -1 -1 -1 -1 -1 -1 -1 -1 -1 -1 -1 -1 -1 -1 -1 -1 -1 -1 -1 -1 -1 -1 -1 -1 -1 -1 -1 -1 -1 -1 -1 -1 -1 -1 -1 -1 -1 -1 -1 -1 -1 -1 -1 -1 -1 -1 -1 -1 -1 -1 -1 -1 -1 -1 -1 -1
24177.0810904 30563.0471648 28418.958669 24855.516831 31235.1322035 18934.8645562 16102.0500784 23807.818287 28135.9399106 29292.7248934 29427.4998847 26893.4802139 21393.4934059 24712.4540209 32976.7545083 28055.9107609 11712.610048 4014.65309032 3694.84358513 3084.59326275 2101.95815602 1592.68224487 912.01056435 586.508493 -1 -1 -1 -1 -1 -1 -1 -1 -1 -1 -1 -1 -1 -1 -1 -1 -1 -1 -1 -1 -1 -1 -1 -1 -1 -1 -1 -1 -1 -1 -1 -1 -1 -1 -1 -1 -1 -1 -1 -1 -1 -1 -1 -1 -1 -1 -1 -1 -1 -1 -1 -1 -1 -1 -1 -1
36448.38198 36650.265768 44078.3739112 22670.3458376 24473.5160085 22687.7934307 21923.3682195 25393.965564 26281.5714026 29760.993801 31972.9660965 31868.0202641 36766.9954042 42214.2411705 33012.2622349 19433.9483861 5832.03506985 4597.53073969 4825.13831021 2948.06172255 2523.16298813 1885.6402182 1872.31595569 642.23203035 2986.97497013 2347.76583795 876.948688192 184.480621762 -1 -1 -1 -1 -1 -1 -1 -1 -1 -1 -1 -1 -1 -1 -1 -1 -1 -1 -1 -1 -1 -1 -1 -1 -1 -1 -1 -1 -1 -1 -1 -1 -1 -1 -1 -1 -1 -1 -1 -1 -1 -1 -1 -1 -1 -1 -1 -1 -1 -1 -1 -1
31959.7514985 39703.305558 35592.05574 36528.328587 24633.0777517 19308.777867 15380.138025 17365.940811 20064.5247578 26721.8889075 37234.5097324 39669.330393 41192.077302 24888.140613 31414.4766427 14383.1242551 5463.33827737 5043.1119585 4060.87311172 3185.3416965 2689.80756124 5048.44481325 4059.5183343 4097.8164483 3445.86546 3124.818837 4993.2775143 4271.7604479 4488.04130434 524.392564106 0.0 -1 -1 -1 -1 -1 -1 -1 -1 -1 -1 -1 -1 -1 -1 -1 -1 -1 -1 -1 -1 -1 -1 -1 -1 -1 -1 -1 -1 -1 -1 -1 -1 -1 -1 -1 -1 -1 -1 -1 -1 -1 -1 -1 -1 -1 -1 -1 -1 -1
23837.674212 23668.4790922 25814.281212 16438.533345 17268.6345907 16456.9450815 20928.1261489 12087.6245148 9911.07373057 8726.14392548 9255.00331935 15577.3578581 9447.63899265 13107.1855278 7062.42694553 5398.98276094 7441.9838775 5488.3362513 4791.2424705 6004.210506 5857.01235105 3841.3399203 5019.3500595 8551.34767309 8139.726657 5844.58259632 5915.89523779 3763.8261693 8551.68966518 8748.04051144 3571.31686511 -1 -1 -1 -1 -1 -1 -1 -1 -1 -1 -1 -1 -1 -1 -1 -1 -1 -1 -1 -1 -1 -1 -1 -1 -1 -1 -1 -1 -1 -1 -1 -1 -1 -1 -1 -1 -1 -1 -1 -1 -1 -1 -1 -1 -1 -1 -1 -1 -1
21817.1029806 20677.352241 16850.4747907 12771.762938 15431.6715084 15392.86056 9059.60624962 7984.16346998 8658.42685717 4970.17323911 3006.8695098 6207.51274031 10635.4180499 18062.36919 19846.120113 10882.0853994 9300.70809675 6865.36236919 7047.68630044 4892.07657803 6191.17399279 5784.55261417 10518.984675 12197.6353557 12648.6725112 11423.9107111 11502.4055616 7146.8539956 5190.45828668 5410.79608388 9089.50739175 1915.59331309 135.61150428 609.18811575 -1 -1 -1 -1 -1 -1 -1 -1 -1 -1 -1 -1 -1 -1 -1 -1 -1 -1 -1 -1 -1 -1 -1 -1 -1 -1 -1 -1 -1 -1 -1 -1 -1 -1 -1 -1 -1 -1 -1 -1 -1 -1 -1 -1 -1 -1
19223.2344961 19744.2835099 17652.93819 11527.3096101 3208.2262401 3820.88895559 7177.13977207 12848.4370893 14141.9393672 11324.3800564 17413.0238126 22081.5476786 18044.4056587 21259.148328 23762.364633 20849.739225 12542.6083864 11412.2319232 9756.23079 8046.16839844 6500.243559 8298.81350978 11591.2423531 12369.2455854 14421.0916296 17640.0863588 17463.9863277 9938.26271812 7619.67796826 7664.0496522 4863.31356608 4861.7968155 4152.792282 3707.16914374 4431.07764465 1570.49532281 603.665532405 408.453374843 46.03427889 231.25174275 0.0 -1 -1 -1 -1 -1 -1 -1 -1 -1 -1 -1 -1 -1 -1 -1 -1 -1 -1 -1 -1 -1 -1 -1 -1 -1 -1 -1 -1 -1 -1 -1 -1 -1 -1 -1 -1 -1 -1 -1
7175.70535988 8561.1815436 6315.2420562 4695.03009855 6013.92397988 8460.3442797 16400.095347 11857.5438506 13213.4815224 17045.0878237 21330.261648 24202.27053 24699.1119409 18932.593326 19712.1491078 18377.1851962 20745.5975077 16532.5869508 13573.8925416 16577.1471132 11554.4110973 14382.6210569 9757.75485915 16250.2882757 22459.3723159 21271.0914675 17367.4764422 17214.2519707 7872.5559108 6037.25540344 3369.48594997 6942.21135435 10647.1848182 11291.4058039 7229.5169796 3673.02841909 5121.92416628 18223.1960231 14427.8450002 12256.0569386 2905.7162424 322.288026083 218.056276905 -1 -1 -1 -1 -1 -1 -1 -1 -1 -1 -1 -1 -1 -1 -1 -1 -1 -1 -1 -1 -1 -1 -1 -1 -1 -1 -1 -1 -1 -1 -1 -1 -1 -1 -1 -1 -1
7877.07711135 4728.1454493 6250.25307675 7122.0881556 10476.6417998 17264.3676276 18183.8955556 19883.0808519 25619.4460991 26960.3046037 29776.1561231 31322.8854382 27996.6770066 21356.7456229 22809.5166667 26959.1753209 22865.1667312 28705.4683762 19573.1310656 18958.233915 19498.9538546 15400.1087995 17262.5481169 23064.6706875 21261.0740636 18875.5993387 26540.7922642 26363.7946867 8987.4795975 4970.3145051 4635.47032256 9936.7661193 19149.4921013 11060.8305851 5098.454235 4091.37910706 3792.89790349 14758.2229277 36305.9445341 17250.0579375 47837.7476812 11381.80821 10812.2023913 282.829992143 -1 -1 -1 -1 -1 -1 -1 -1 -1 -1 -1 -1 -1 -1 -1 -1 -1 -1 -1 -1 -1 -1 -1 -1 -1 -1 -1 -1 -1 -1 -1 -1 -1 -1 -1 -1
7050.33103568 7816.88166367 7554.67595812 8801.46615 20212.2007249 19612.4716142 15931.9325213 19902.8909947 29501.763195 41971.4552813 48945.2459265 34104.500976 25243.108659 14041.1183914 13893.708675 18309.1880718 28002.578688 24266.5405455 24218.0597962 13921.1161281 11340.4193869 13312.7899032 20456.5841182 29805.9416753 25433.6266057 24055.2982275 42022.886367 41580.9225566 30346.9426463 8073.6889887 6093.47129355 14132.3356729 19341.8655638 18027.3115372 5035.86987544 2444.36122144 6525.9928224 10863.3302288 23830.395246 9860.05078455 37142.532468 27834.841233 33993.300915 4050.85352175 0.0 -1 -1 -1 -1 -1 -1 -1 -1 -1 -1 -1 -1 -1 -1 -1 -1 -1 -1 -1 -1 -1 -1 -1 -1 -1 -1 -1 -1 -1 -1 -1 -1 -1 -1 -1
7785.1291446 7939.1462475 11557.7787336 20777.9858842 26949.7294391 22918.2493219 36385.3076921 39809.7345112 32705.6467669 28074.8229019 27045.8169345 21435.8101695 17467.5225509 24227.2527997 20298.1185094 14628.9894503 17531.9244687 17041.1512896 26594.2748269 27994.1912002 20573.3308961 9859.540617 22960.7140834 24341.6000498 25774.4754487 30604.4654006 42085.406808 49425.2340694 54545.4113197 37922.525058 20156.1013406 21735.8091262 8729.4476451 8442.5358138 5380.2948576 2744.60326954 6765.52411744 13044.726 27900.2123366 0.0 0.0 0.0 0.0 8803.18174793 4411.0746867 573.707658262 599.91546105 -1 -1 -1 -1 -1 -1 -1 -1 -1 -1 -1 -1 -1 -1 -1 -1 -1 -1 -1 -1 -1 -1 -1 -1 -1 -1 -1 -1 -1 -1 -1 -1 -1
8715.7363245 12370.1913219 12125.1854509 14826.3390907 28387.404969 34386.9185625 43761.4887405 29009.532255 26954.0582805 26539.8643785 23000.8889062 30574.2593407 22881.2464095 23645.1332257 18933.1070527 10548.5348223 13310.7007253 13042.9793351 18715.8201476 15803.3800998 18133.5162129 9727.674615 6084.31073962 9564.02954482 13103.6998477 27603.056715 25721.296443 37263.4160141 41201.3865705 32075.14065 24119.0990062 17916.0731355 9835.79781146 6212.78322585 5541.82774939 5983.94162756 11853.3525103 30631.7677444 23191.944192 0.0 0.0 0.0 11198.2992649 0.0 0.0 3413.98782525 3944.17499873 1206.47119747 747.537304687 548.385712875 -1 -1 -1 -1 -1 -1 -1 -1 -1 -1 -1 -1 -1 -1 -1 -1 -1 -1 -1 -1 -1 -1 -1 -1 -1 -1 -1 -1 -1 -1
13866.5330679 12097.4336536 11716.0819125 8360.6746368 20961.6571125 31849.4558471 27645.320235 32282.835615 29064.916359 26275.2689775 24244.7554755 23473.0876905 41294.3398661 40699.9169782 32261.3088 41810.3695012 37585.1919375 38495.3767669 62522.1884497 48523.7324213 37618.7430563 18896.621431 12314.3941723 13775.1249943 7814.86209945 6974.35484775 17845.4716386 24053.269872 21503.9021093 22842.9887647 25701.8221215 17771.2848096 6790.84442246 7084.85620496 9215.1366588 10074.3253728 7962.68991105 28910.3585018 29374.5471075 0.0 24125.3224931 0.0 0.0 34984.0499138 0.0 12032.7954671 8878.9086612 14872.453842 4340.21405591 684.175948466 -1 -1 -1 -1 -1 -1 -1 -1 -1 -1 -1 -1 -1 -1 -1 -1 -1 -1 -1 -1 -1 -1 -1 -1 -1 -1 -1 -1 -1 -1
15441.5075861 8590.83228157 3875.35590262 10645.4847431 21014.950572 26521.1431388 39161.3208577 28487.6762284 28476.83817 27864.7946944 25389.0609304 18886.78866 36964.1669063 31962.8788556 32390.7384589 31673.9046945 36409.538097 36312.9120675 47173.5244406 96472.448814 56783.352492 13792.9292321 13980.2265855 21521.6229525 5579.6228346 7155.12345795 20637.199222 22547.277423 30872.7962647 36824.26734 29602.850922 15687.7290826 12273.9420521 8836.440228 10108.3155851 19659.942847 12729.7230695 26544.5250236 0.0 0.0 19431.247329 9728.7659046 31041.4527622 26772.0123622 22993.9752532 0.0 28743.3621506 17627.384352 13115.4557265 831.319623832 300.217592588 -1 -1 -1 -1 -1 -1 -1 -1 -1 -1 -1 -1 -1 -1 -1 -1 -1 -1 -1 -1 -1 -1 -1 -1 -1 -1 -1 -1 -1
17711.9902215 7557.8881104 5185.7095815 23735.3722207 20953.8339547 22711.731612 34191.0514418 25349.4421189 25375.5586586 24114.5392762 20250.4767825 19654.8200662 34622.9063543 35482.490907 34032.7035825 44838.9925339 26771.2549642 20908.183212 36437.4455614 18741.5518972 21868.9522144 14876.7897461 9648.31360875 14164.6942236 5324.8450137 9120.97027215 14694.431268 32199.6779977 43701.6004736 35216.8698667 40194.7677307 17970.1249136 7274.2190529 9177.77230875 13998.3199288 18654.8969416 26867.7658417 15626.3900186 0.0 0.0 32203.5294356 15924.8504895 17528.389122 16240.7224192 0.0 0.0 16192.7478697 7474.052781 6641.16795 1881.31965876 1132.78613056 -1 -1 -1 -1 -1 -1 -1 -1 -1 -1 -1 -1 -1 -1 -1 -1 -1 -1 -1 -1 -1 -1 -1 -1 -1 -1 -1 -1 -1
18950.3978625 4554.1918116 7334.27631319 16660.3066263 19645.053549 26143.1264366 23556.735471 23744.868723 24934.507539 32609.306652 22197.526254 24700.420317 32099.7176062 42563.83845 46780.2756878 51422.3387404 27876.932181 44209.6686 70639.037937 22114.8260057 30333.9539842 16788.7339909 12166.0298064 5149.6335534 8150.51502375 17982.5081042 16619.026242 26197.3329345 13259.4935553 12031.5864536 14352.9427971 26896.6027395 8398.22137763 13011.4047284 0.0 0.0 14717.6312697 0.0 0.0 11870.5910025 27225.5433424 21850.801266 17114.8818694 12881.3087715 23518.673178 12964.8047115 0.0 4198.4886666 0.0 836.2369356 2.94764762115e-05 -1 -1 -1 -1 -1 -1 -1 -1 -1 -1 -1 -1 -1 -1 -1 -1 -1 -1 -1 -1 -1 -1 -1 -1 -1 -1 -1 -1 -1
11704.2102458 7785.56362444 10936.8135277 14169.5806682 15243.8538647 20505.6760837 23464.445238 23979.57282 27570.5077624 20205.870975 24654.2593054 23929.8048229 25824.980181 38467.2513615 49948.1610862 51211.6654969 43634.3472742 48323.0704684 33949.0479352 39819.9512025 10430.6431509 11689.6057473 10089.6348735 2736.87250373 2115.20305763 4973.7606144 3293.9600604 34979.4419152 21016.635675 18359.1845775 26907.9117075 30002.254986 21094.5659525 0.0 0.0 15184.8299808 0.0 0.0 0.0 14651.492895 16364.762226 16501.4704894 11270.2110034 27559.6122727 20113.8905445 5091.38899327 7319.05616475 7394.15688 2290.29448485 833.123459325 544.8541275 -1 -1 -1 -1 -1 -1 -1 -1 -1 -1 -1 -1 -1 -1 -1 -1 -1 -1 -1 -1 -1 -1 -1 -1 -1 -1 -1 -1 -1
19773.3962036 14059.83056 6188.34892909 21129.4703145 16096.9131512 21741.7049363 16172.8578771 24610.1547285 26810.4410363 16697.7025453 27184.8195844 26765.5497787 15872.9499043 26380.5129472 33641.8177144 43704.7065098 39485.2984995 28694.9295338 47032.8440051 19063.0983813 6207.3368907 9489.03216154 13624.9116402 2355.60850897 2640.25160093 4917.89476316 12555.0130716 44141.3026763 26536.5072431 30842.2128187 21470.4319049 23659.778943 24295.4124724 21902.1913097 0.0 0.0 0.0 0.0 17754.2083372 0.0 0.0 0.0 20192.271891 13983.5262315 14410.9351395 0.0 24559.4937908 8526.34738013 2595.43288935 0.0 341.912661266 -1 -1 -1 -1 -1 -1 -1 -1 -1 -1 -1 -1 -1 -1 -1 -1 -1 -1 -1 -1 -1 -1 -1 -1 -1 -1 -1 -1 -1
18057.28002 18978.250434 6024.86533687 22445.574849 16845.2972622 20836.5700725 18616.586075 19303.3430269 21183.9647209 29842.8652365 26018.2541655 25763.342364 12882.8233929 24215.439864 34734.8930872 37066.5064901 44976.309966 44312.3019349 41081.6172694 11984.9432922 6240.67023412 5234.7634254 7151.0889159 5082.2756196 2759.37003188 3948.75143385 22109.9047166 29542.8868312 30619.7300374 20325.0175963 24159.5296999 26417.4756525 18024.6228665 22250.5474275 23682.4953356 0.0 0.0 11708.043312 6522.14567936 0.0 0.0 0.0 0.0 0.0 9973.05976875 7387.76865056 12192.0942487 10929.536793 8260.7991375 1700.7618135 0.0 -1 -1 -1 -1 -1 -1 -1 -1 -1 -1 -1 -1 -1 -1 -1 -1 -1 -1 -1 -1 -1 -1 -1 -1 -1 -1 -1 -1 -1
20867.483115 21931.4933374 16302.064786 7639.41781568 12489.7870599 21260.1730084 24699.4085992 20765.3865645 18208.0993866 18847.7388908 19032.3572512 21335.7984375 12150.0110438 17830.5933908 32367.418506 38412.1831222 46503.9386554 42694.9289858 44052.735162 11493.4432913 7314.5971704 6395.23560784 10146.0131524 9205.66136408 4812.9511935 2449.85236335 18509.760048 28462.241391 30760.1689526 28511.980602 28529.9280791 27827.4225187 30583.7570036 24257.8780155 0.0 0.0 0.0 0.0 0.0 0.0 0.0 0.0 0.0 0.0 7793.61963975 12010.4199525 12122.8456725 1239.0542493 2443.40089969 275.423915182 -1 -1 -1 -1 -1 -1 -1 -1 -1 -1 -1 -1 -1 -1 -1 -1 -1 -1 -1 -1 -1 -1 -1 -1 -1 -1 -1 -1 -1 -1
22064.6120644 18130.3336622 18223.2264759 13819.3595451 16935.1426082 16319.151726 16701.0417244 10718.6498616 16232.1324638 18305.863998 21866.9850068 29806.9931985 15381.586739 18789.978078 25390.804056 20248.3053173 53981.4621045 48344.8598325 21093.5147315 6113.14336166 6105.58019404 8454.87409564 17917.8903878 28452.1217456 6037.46049322 1703.98663005 15309.914085 24184.221597 14701.0757951 24298.5054716 13732.7773444 30837.6418455 12697.6559054 10752.9485529 0.0 0.0 0.0 0.0 0.0 6352.4194464 0.0 0.0 0.0 0.0 2613.11129722 3345.06404595 0.0 717.457416525 323.822778176 -1 -1 -1 -1 -1 -1 -1 -1 -1 -1 -1 -1 -1 -1 -1 -1 -1 -1 -1 -1 -1 -1 -1 -1 -1 -1 -1 -1 -1 -1 -1
16963.5220277 27308.8949805 14090.4043905 16899.3725122 26465.0574566 26788.5799305 18879.7598017 11157.390045 6516.4488813 5397.2788674 11715.76623 25166.3712975 13640.6494663 16521.3394371 11036.2702107 10050.5457362 20770.9875945 27538.6253505 13839.5921787 4772.42230185 4687.18763925 9494.06500819 27011.5553408 35075.2230937 9824.0489928 3892.667514 15879.986451 22538.094237 23610.54804 37787.4745275 13377.427444 27553.1937135 0.0 0.0 0.0 0.0 0.0 0.0 14843.4167628 22826.341602 13958.1271406 25006.2566062 0.0 5490.96743587 3284.26039403 8071.0415286 523.037575508 759.040290844 -1 -1 -1 -1 -1 -1 -1 -1 -1 -1 -1 -1 -1 -1 -1 -1 -1 -1 -1 -1 -1 -1 -1 -1 -1 -1 -1 -1 -1 -1 -1 -1
16861.8618945 9871.84020293 14366.159452 24254.063448 26439.1301543 24260.029104 17230.6146095 18293.4363458 13831.904973 11870.2861856 16889.0717775 17293.8468953 11764.9570866 10817.4861349 9349.60278915 8797.9154382 7880.9905674 19311.2037333 7791.31347581 2951.71068296 4178.2482027 10281.4095732 26863.984896 28805.595054 40946.244507 8703.10416915 33894.8218001 15287.8027969 23970.8086897 26561.974749 17094.702852 18440.7313695 17123.6582924 0.0 0.0 0.0 0.0 22571.7121901 14077.0577666 20959.5941111 11003.8785937 12635.5720339 8277.20075096 5278.94264989 5006.28060945 10105.8119269 992.526839509 -1 -1 -1 -1 -1 -1 -1 -1 -1 -1 -1 -1 -1 -1 -1 -1 -1 -1 -1 -1 -1 -1 -1 -1 -1 -1 -1 -1 -1 -1 -1 -1 -1
20504.268378 7455.84496335 11976.8563322 19046.7203813 14077.9709908 12809.685544 13163.3521281 14781.5503251 12843.2565731 11445.9631797 10516.9983837 9259.40216775 11294.8454729 9879.14355577 9709.7112195 14520.2697947 9775.5101406 4782.28391685 3675.8287335 3066.55204972 5293.12667535 7185.70756575 9292.65212565 12270.905955 25452.9244391 23004.6622815 19533.1387875 8966.54626875 18068.386392 17162.9888542 7655.62950435 3020.511579 18064.8790245 0.0 0.0 0.0 6792.56812237 0.0 20979.0842906 10592.5630268 3870.20676544 3739.01759407 11911.9729916 7955.9381265 4084.36072837 772.475912813 -1 -1 -1 -1 -1 -1 -1 -1 -1 -1 -1 -1 -1 -1 -1 -1 -1 -1 -1 -1 -1 -1 -1 -1 -1 -1 -1 -1 -1 -1 -1 -1 -1 -1
6899.44211887 6726.74038121 19468.9268752 13104.6425857 13190.0357365 13001.9922257 18130.2334356 15827.6023282 9089.2530795 8333.64292162 9824.68624069 11252.7398358 10301.0993232 7936.13114843 9201.0897678 14008.1885863 16833.7914968 6452.99749414 2853.22779806 2528.5648374 4931.46176123 9095.57118937 5326.67758125 6466.38765082 14269.8378206 11778.1679677 18692.0387689 13097.3643218 5931.9615429 12954.9101865 11836.8977276 3880.27759335 16478.4846375 20053.525428 47135.1608434 51336.3712654 2981.66988645 0.0 0.0 5989.254831 4813.34568165 4916.33146875 6183.06063645 5298.26392755 4710.84302197 219.362075137 -1 -1 -1 -1 -1 -1 -1 -1 -1 -1 -1 -1 -1 -1 -1 -1 -1 -1 -1 -1 -1 -1 -1 -1 -1 -1 -1 -1 -1 -1 -1 -1 -1 -1
4881.5309727 15364.1563649 16584.8330241 13500.8900985 14184.5243337 19204.5504855 18401.8858082 13932.5984391 10893.7565574 13925.284504 11411.0458263 10859.8924604 9513.9852066 7941.95649967 10559.058552 12898.7104104 15750.3768446 6474.86399359 1954.6804692 2515.52811652 7044.9168339 7449.64781333 9977.38338724 16914.4614825 16182.598725 9557.9974737 7672.25864625 9909.66470985 2695.1739324 15005.8248598 13114.2581069 4220.7723162 17993.8423762 30625.1045486 37026.7931479 33448.4684771 18621.338427 0.0 0.0 14582.3160285 8347.25200387 10858.7860144 3416.87489377 8177.145864 2341.26518744 -1 -1 -1 -1 -1 -1 -1 -1 -1 -1 -1 -1 -1 -1 -1 -1 -1 -1 -1 -1 -1 -1 -1 -1 -1 -1 -1 -1 -1 -1 -1 -1 -1 -1 -1
9209.94675375 16762.21074 13145.7979395 10720.5538166 12430.051048 19317.4947512 17313.1369163 9158.50196741 6468.4369386 15416.9771141 2008.58394392 10950.3168264 11454.1558845 6187.33769587 10864.9162687 12553.6677552 13315.3050512 1476.80335766 2157.40723005 5623.5134826 10273.3514604 4792.08330056 18762.3399064 35749.34325 14414.448783 18525.6442995 18549.9879337 15742.4192662 2831.38787977 4256.371899 2976.0315354 4473.6891615 4506.9125508 12142.3859002 27488.77857 27748.4077035 26814.665493 41201.8003316 38180.970945 35199.8485185 29565.5260837 6726.60189862 8543.152566 2298.02459832 -1 -1 -1 -1 -1 -1 -1 -1 -1 -1 -1 -1 -1 -1 -1 -1 -1 -1 -1 -1 -1 -1 -1 -1 -1 -1 -1 -1 -1 -1 -1 -1 -1 -1 -1 -1
13042.8893446 19085.3164114 11822.2683757 10200.3081988 12739.4182973 20518.3301729 21165.5278866 9362.9890506 8758.29114135 8862.62582531 17606.0469619 970.9594455 0.0 14079.5452369 12031.6090547 9347.35420762 7658.41841625 1517.18809935 1776.00165405 6708.81061815 6383.5291527 10230.3359708 12995.8633594 15778.6922801 24902.162505 26130.788244 11654.8295242 11874.3752872 2417.4481881 1736.4748305 4889.34160388 4176.49126421 3580.9700193 6669.91451115 33851.9246782 30267.9373972 57115.404531 36692.2812259 21718.3502775 26578.0078196 31134.5991469 17440.7327411 412.854881542 -1 -1 -1 -1 -1 -1 -1 -1 -1 -1 -1 -1 -1 -1 -1 -1 -1 -1 -1 -1 -1 -1 -1 -1 -1 -1 -1 -1 -1 -1 -1 -1 -1 -1 -1 -1 -1
20346.8702828 12718.3174344 7117.39658925 7941.02339074 8534.590221 10624.941654 0.0 15944.8420524 11044.5759734 14119.938105 0.0 16770.7304179 13618.730502 595.21168245 10475.6842665 10854.5725622 5805.904065 5416.53762 3993.31350922 6150.4347018 9464.29951399 10444.8084878 17740.0991167 9448.99876823 8944.19563196 5160.98211532 4761.24351278 8379.09281625 3633.71511116 3538.90813185 6403.98580331 14191.3193062 3042.83048895 4622.10370616 23871.8735381 19476.81351 51929.1923198 48278.0199037 41886.005742 42214.7801722 25081.5245929 22245.9707445 215.04854052 -1 -1 -1 -1 -1 -1 -1 -1 -1 -1 -1 -1 -1 -1 -1 -1 -1 -1 -1 -1 -1 -1 -1 -1 -1 -1 -1 -1 -1 -1 -1 -1 -1 -1 -1 -1 -1
28583.8595347 10891.0430233 7956.97753252 7573.99237133 13490.107092 15004.3647093 0.0 0.0 0.0 9110.11285575 6870.66719059 7935.56471467 6840.76475625 7933.11280387 10634.6046056 7087.8903579 5660.4264585 4215.48884145 3566.12079281 7542.2449305 7624.0138275 10620.944646 15645.0379849 12919.079943 15072.322626 7506.66339135 2856.93196797 4375.20141337 3470.57820056 6763.0530408 9531.824715 11235.124863 5466.56666955 7569.52599975 21280.394442 16397.4601755 28502.881344 25992.1032128 30708.543054 45614.1010162 19789.635978 34801.145352 510.9188283 -1 -1 -1 -1 -1 -1 -1 -1 -1 -1 -1 -1 -1 -1 -1 -1 -1 -1 -1 -1 -1 -1 -1 -1 -1 -1 -1 -1 -1 -1 -1 -1 -1 -1 -1 -1 -1
27123.62955 26292.01878 17800.272108 20557.2119077 3891.81439327 5948.5520178 15558.1523377 3184.2314028 3074.03902683 7448.50762238 15456.4327297 11231.1181327 10113.5428403 14005.7889225 5187.40435106 9934.27635082 2660.17819725 2332.5233283 5002.29046875 6980.86920225 7753.83550706 10546.9775861 16404.7067606 20057.4144998 10118.7841414 5933.06823656 2986.07743912 3927.8598084 2458.59484747 5168.659635 2657.63064844 5154.67086412 4422.23675644 10851.7034284 27588.295773 17025.764382 13969.6785742 19166.75865 17232.314895 48475.4632485 30891.7316242 28184.8926375 -1 -1 -1 -1 -1 -1 -1 -1 -1 -1 -1 -1 -1 -1 -1 -1 -1 -1 -1 -1 -1 -1 -1 -1 -1 -1 -1 -1 -1 -1 -1 -1 -1 -1 -1 -1 -1 -1
