Model Version1.4/trunk/input/2010/q.asc
ncols 720
nrows 360
xllcorner -180
yllcorner -90
cellsize 0.5
NODATA_value -9999
[rows 52 to 77 of 360, columns 58 to 115 of 720]
271139255291.17447 245631921725.0503 218781294015.71936 204361331716.89645 215893302623.07263 181541551884.7765 179310606594.10526 139727450731.81393 97101075120.30725 77139434185.82826 54908731857.483376 46276263694.09832 18852938691.47645 5266943761.677598 5678594094.594425 5471378020.832487 32644442075.897655 13379456177.977194 2856684732.8180223 14315259825.513517 27766510797.324482 0.0 0.0 0.0 0.0 0.0 0.0 0.0 0.0 0.0 0.0 0.0 0.0 0.0 0.0 0.0 0.0 0.0 392144961.8442539 107261885834.14145 35655618375.151184 194112406608.09915 223123383244.8481 222963447479.99988 234181777246.42548 213383502359.5083 269764431906.6003 208614968628.78305 239231396842.51492 168218341520.3859 194969683949.884 179517143369.46964 10295223369.238668 0.0 271920060.5137015 0.0 9807798855.57691 16796899518.103607
359970468156.0807 337155619592.30597 319392494232.537 306790735266.5293 246595800225.14304 232720720510.93756 235175406171.2755 206471683240.1939 194820737358.68607 196303508437.16348 140492912630.3955 150035124374.1715 145403612360.11777 114059964825.4976 86462109112.71307 18751946790.915134 0.0 0.0 171077699.56943423 3350119998.054246 30280087477.843006 836904077.1824319 0.0 137425780.8370048 0.0 0.0 224122124.10913345 0.0 0.0 0.0 0.0 0.0 0.0 0.0 0.0 0.0 0.0 0.0 0.0 10525276402.040089 28233284187.385597 154996454398.1984 146386132798.09152 230826002073.16287 258603084125.2659 341137425736.36993 345987794958.2784 290799862635.78436 204299501676.3475 212620966162.8691 238360737844.07104 210345100700.23615 191115711364.69568 16127184183.411394 0.0 8046524975.066424 0.0 3870140572.8376513
387716406794.7618 362792642505.039 265745857430.45923 281457463076.8362 196776314155.9419 184363348234.8854 163365405223.6001 299599867265.46783 77386717372.6329 36262940267.427864 978608774.7383168 185631343391.55875 246662031559.162 157327846273.9756 198367453390.34717 118318356422.69986 76121596627.27611 88476695006.06024 25280588293.94809 29377159762.774647 50721916721.1809 5505999139.464276 0.0 0.0 0.0 0.0 0.0 0.0 0.0 0.0 0.0 0.0 0.0 0.0 0.0 0.0 0.0 0.0 0.0 1852194768.9459274 16455340424.033407 62420238057.41379 175036110082.4673 227021288521.53015 279475449265.5664 382825708005.0746 407643526067.193 417902627035.7393 353642380635.1112 342003762972.18195 240844941408.34113 223522130716.36398 189866138925.37753 9158414189.720184 18312575251.191967 21152422877.615925 4062944132.341244 0.0
442657253827.06744 354655363654.7906 217804565250.0245 324182256253.2081 396641073766.82996 379148965417.7333 267547844203.8312 362731204866.83234 274223378096.8836 447706515095.909 295447160369.3551 287341938682.8806 175870821636.19296 393781770311.98584 410532216549.85895 317869385875.50555 355183080567.5681 305323614977.44965 215435587325.73697 176288115057.48914 118774766023.30275 94096226607.84766 2345463686.0424743 0.0 0.0 0.0 0.0 0.0 0.0 0.0 0.0 57485412047.016045 52008938490.17482 57977386357.12361 57577768359.47044 0.0 0.0 0.0 63218259.874748394 2974410136.189608 11199435440.660427 91838824752.50525 192072898382.3959 269878581473.8284 325105689228.54193 441970495945.5568 423470925362.36017 427272008989.4316 378958592525.5378 351455688490.5996 238821463078.8384 178251397236.2964 130609884121.49614 37335080197.426865 59460083978.26397 77456882831.89304 130686627456.05865 53420703481.528725
468169867690.97095 280716476611.2766 193193479635.16916 274968530831.05255 374620291002.8556 583274409804.766 614772013453.2494 544897883707.9692 622341022537.2216 620165065051.2079 591193277046.3335 607507900139.7859 594797580382.6079 517281440753.33453 668001562615.7682 571713519577.8322 595657904106.8411 640034329112.6118 556786841025.3624 472841849819.6876 297399372404.57294 244377406420.02774 139139314126.10587 24168024049.383293 0.0 0.0 0.0 0.0 0.0 4028698934.52519 0.0 34836805082.765976 28644131453.916992 53167349420.70526 70970012268.86267 96484743043.11446 78900317774.12524 93447342185.479 1302710326.2618387 3184660029.61268 4589452331.190627 86091260089.40326 171585206474.1999 269687877271.39062 415337902824.15027 459390616756.6432 456371500504.8041 305116475226.41815 262341999445.19687 205858974323.39114 166564914397.16003 148338401833.94858 170438272203.3881 98653848011.25984 147507355836.52103 104599625204.28795 95465705496.29431 68866183374.43422
273520738224.91006 201892497238.7061 149502325154.401 507980541115.75946 580563073128.4531 672980501655.6818 834601498679.5045 860611142008.5122 935766635253.4115 941007402597.3752 1026053327891.1096 949338735304.2386 940701248604.3773 765491592946.0223 765096504192.1991 813410269489.7345 986001598024.118 880054729992.5764 334851243723.3577 175275652892.7087 140056355734.11115 9337918185.183786 489944396656.7599 283637670563.2254 181309731957.98062 15979577774.626266 10601567290.626015 0.0 350602242.43609643 9868872160.752163 0.0 23415123119.557354 42879205358.35895 42252799085.83265 41425894686.0844 107262311608.29634 98349829452.1327 112899448137.72174 157253712174.72513 196499153482.9169 157474120620.4645 188898355223.8252 175336945818.57822 223679994157.10504 325922719004.5282 351198262905.088 339983467257.8325 304183147388.45667 219282031983.8163 176620718488.90842 154123433108.81644 158125024416.21503 182029973149.60934 153661720251.9765 155426404258.4254 120898887130.04831 0.0 86131560259.54964
360026493954.76514 320550531310.39294 522536355097.2163 575105036794.0944 743681439003.0049 759583748723.1735 1244219929221.4915 1175612362244.2705 1345077469995.4175 1284515590445.6162 1573712579905.8047 1551511427545.0657 1583890051821.4175 1441531528684.1128 1381291803598.4023 1299765089624.5461 1428196182213.2295 1299787007619.3503 1162198163982.9246 671566525090.607 86360610064.45699 25886973435.040894 118927320132.43996 377691506670.8361 561763712046.913 473522335501.0099 300166909590.84955 298322426721.2151 250673312548.64258 204190450541.87234 148026383856.8713 92948885268.02449 56938323487.75373 43420863714.88138 76434788639.7265 113120299995.32446 142672710295.36945 155259533027.16672 163035688992.81598 235453458269.8886 286583294974.94977 329723582527.1933 345872418524.47205 321157510285.34686 238386713916.64896 210782635603.70975 244795676335.1155 224261573715.33694 177179180590.2221 138290595488.08118 144842646297.27216 114554813353.63593 183007372819.96512 173794854002.46527 129628774684.73032 72380597899.39392 346056734781.2611 353661424959.4906
416120731576.7311 627910199386.5735 797394159953.0118 745830690578.4634 1049522209527.5573 1101968023252.8474 1330679674746.5388 1462521455886.5288 1669066113577.1113 1953282242968.942 2372220054360.1294 2267736979534.078 1861022934820.72 1758295978817.631 1909518888367.75 1863878970695.484 1644388118910.9978 1722578975844.0825 1671936435129.7856 1375344163689.7708 1464584014787.9612 1378137119319.3916 1100368154876.854 997326239692.5983 887788871154.1799 761123434983.5184 777537331899.6434 579923317251.0247 504993620881.81415 485789194642.7989 366410656201.5593 307993952894.505 179762560752.697 82630618909.75443 102070019675.98553 136691593805.56354 151550715033.1314 167015206308.0157 234781599335.64398 313130984669.2657 358023800387.3328 370831663401.4542 219735134186.20947 165368473971.5034 191926488231.45502 214647789782.04688 183936043184.1272 101131674402.69136 130049177020.20135 128281288957.5283 150244318908.79486 117668788767.73329 169827435127.94568 156418505558.1773 290189340509.2576 221363172328.39536 320735281980.38934 224071701601.7905
824930532958.3389 980767630812.8761 1087192800061.4486 1141798838363.701 1244228646750.282 -9999 1483695049846.6619 1456288024189.6775 -9999.0 -9999.0 -9999.0 -9999.0 -9999 -9999 -9999.0 -9999.0 -9999.0 -9999.0 1699055975553.2524 1761265699753.7744 2445445808451.0957 2478795390679.5396 2367766091946.471 2016609419169.791 1844904831669.663 1628103622094.0667 1220331592993.401 1104333163445.9827 1001968273567.2546 867852500508.7328 827266694595.1237 624115598726.9991 394042468514.9766 284419787284.9063 176866068832.3703 245927859186.57153 241727096799.77786 237219245881.9703 311006795080.9777 371613159404.7904 425136768292.2347 497076123487.52936 419945778236.5769 276829390888.23816 134914652322.6848 215116426119.29333 249029026109.88004 245045542301.05743 175064912442.15118 101799056501.74612 182217909635.17245 177457793338.2395 201303571607.19394 379468143556.20764 366556843012.4156 313524203990.0317 314363989178.4464 315495214367.5943
1148734863025.9917 -9999 -9999.0 -9999.0 -9999.0 -9999.0 -9999.0 -9999.0 -9999.0 -9999.0 -9999.0 -9999.0 -9999.0 -9999.0 -9999.0 -9999.0 -9999.0 -9999.0 -9999.0 -9999.0 -9999.0 -9999.0 1925054074913.5361 1590900331350.2256 2387522033175.0913 2049315349051.9136 1250171186802.0159 1516530495407.3948 1439397815516.7722 1386253484679.029 1307926357922.6736 1154770022960.5513 890646820794.049 701543022076.1819 449606370296.6137 522803418758.53955 471035434981.1026 418410445518.14594 392683900197.1709 414508757288.54083 450080301930.9409 540175400583.5732 540339931184.53937 491907140584.6685 382584437087.02484 335792152195.7768 251562627193.26672 257232578902.02463 221225273950.59726 309115083755.5667 349210767067.0515 387410589298.51874 411547638907.22736 394550524197.6544 352801094684.3062 322194208655.66864 297933196394.6806 295632178066.73395
-9999.0 -9999.0 -9999.0 -9999.0 -9999.0 -9999.0 -9999.0 -9999.0 -9999.0 -9999.0 -9999.0 -9999.0 -9999.0 -9999.0 -9999.0 -9999.0 -9999.0 -9999.0 -9999.0 -9999.0 -9999.0 -9999.0 -9999.0 -9999.0 -9999.0 1713323262270.7444 2179643699939.2317 819983006140.0458 1993094226456.3372 1843574773729.8152 1673299558243.1938 1620957938080.043 1321737313441.8813 1159606622318.3076 1019363343453.1213 730051454392.8019 758462229569.9069 619064447512.1677 572088267313.5706 577784804332.8938 534861380378.564 404262980411.4485 542955281913.88934 495062935660.3258 439950769039.62366 384542112726.8372 340876422082.65155 154587268147.99704 364617331400.99445 447651109217.76044 458880457536.9676 448953561672.4515 418095393779.01874 424051465623.7448 182304656106.48184 338959014615.76685 298412472186.4171 272687771675.72513
-9999.0 -9999.0 -9999.0 -9999.0 -9999.0 -9999.0 -9999.0 -9999.0 -9999.0 -9999.0 -9999.0 -9999.0 -9999.0 -9999.0 -9999.0 -9999.0 -9999.0 -9999.0 -9999.0 -9999.0 -9999.0 -9999.0 -9999.0 -9999.0 -9999.0 -9999.0 -9999.0 1752726767110.3706 1701377259673.9148 1940830368965.6143 1623564855636.5054 1621101742086.9915 1463794419403.6838 1527371697236.7776 1437318018186.1672 1287159758568.0557 1128546584296.0583 970786246793.3997 705706152244.2224 649376402974.449 476858612587.8109 470696957412.4796 422313913196.0164 483500555782.2819 425387536521.51013 386993971670.35406 322104397695.15125 335654594001.85547 170676234983.5463 407371245497.2364 397151303317.03973 466037783915.6774 518065475307.3209 388265482025.135 382413574379.33795 0.0 335599057471.3225 336936792254.37177
-9999.0 -9999.0 -9999.0 -9999.0 -9999.0 -9999.0 -9999.0 -9999.0 -9999.0 -9999.0 -9999.0 -9999.0 -9999.0 -9999.0 -9999.0 -9999.0 -9999.0 -9999.0 -9999.0 -9999.0 -9999.0 -9999.0 -9999.0 -9999.0 -9999.0 -9999.0 -9999.0 -9999.0 -9999.0 2193234937939.0938 2124734050685.2588 1901573536808.5361 1833390963105.5024 1643590140540.2546 1535874345250.3354 1674426770237.6714 1633128633546.86 1355404173622.149 1042595404420.8444 859266046479.225 713159250129.0764 556022211024.5225 554509150401.9226 459600077500.6444 442849244775.8679 393530980442.69354 395057496772.1387 309815343116.3256 307449996628.921 326521184453.9656 359081940890.3291 404443416634.41284 456479813933.06323 506161389509.9379 368116435171.82336 210798918467.3323 0.0 0.0
-9999.0 -9999.0 -9999.0 -9999.0 -9999.0 -9999.0 -9999.0 -9999.0 -9999.0 -9999.0 -9999.0 -9999.0 -9999.0 -9999.0 -9999.0 -9999.0 -9999.0 -9999.0 -9999.0 -9999.0 -9999.0 -9999.0 -9999.0 -9999.0 -9999.0 -9999.0 -9999.0 -9999.0 -9999.0 -9999.0 2702480701095.049 2536245992347.9897 2415229279263.813 2058813098910.7114 1591112279306.1355 1818641285366.5593 1972457803240.6567 1743995368524.196 1542833989844.2559 1415163241026.3354 1198056449600.4534 897195900047.1428 810040523220.0084 615342878425.5491 469462449275.78986 341523495607.08026 268186111421.3118 348208878764.90607 406966879951.5843 415698120668.2218 371348715691.6039 314389372316.55176 399253412437.09393 399802849047.8508 371867467769.2561 300218581183.57806 1205241438.190073 0.0
-9999.0 -9999.0 -9999.0 -9999.0 -9999.0 -9999.0 -9999.0 -9999.0 -9999.0 -9999.0 -9999.0 -9999.0 -9999.0 -9999.0 -9999.0 -9999.0 -9999.0 -9999.0 -9999.0 -9999.0 -9999.0 -9999.0 -9999.0 -9999.0 -9999.0 -9999.0 -9999.0 -9999.0 -9999.0 -9999.0 -9999.0 1944136182101.5322 2742041821379.2563 2401787876507.516 2137375672026.2683 1946414694645.6199 2058213119043.6118 2218782296302.656 2100507255003.624 2019929175069.276 1655304074508.4487 1344706467647.4556 1062613616696.596 821839107353.714 547939967185.04474 397395817316.2804 273490912326.35043 253243897787.01764 361047046842.30084 408707437664.772 405810215773.196 351187445217.108 336311364655.4964 389307778130.3848 444180787615.754 336181233091.25757 226622736922.97922 24654408748.80476
-9999.0 -9999.0 -9999.0 -9999.0 -9999.0 -9999.0 -9999.0 -9999.0 -9999.0 -9999.0 -9999.0 -9999.0 -9999.0 -9999.0 -9999.0 -9999.0 -9999.0 -9999.0 -9999.0 -9999.0 -9999.0 -9999.0 -9999.0 -9999.0 -9999.0 -9999.0 -9999.0 -9999.0 -9999.0 -9999.0 -9999.0 -9999.0 1986287252990.747 1922154147544.0396 2404532135836.122 2357653636072.4927 2308078982516.0854 2223828096380.101 2395409215817.611 2434730250553.236 2211818313221.1416 2083854459262.644 1595522194856.4197 1027696643630.12 707556144397.8479 494609010113.20087 395138180248.168 321075511823.35803 244959232148.94864 302258927612.331 317742370922.4713 330463613488.3119 251799387553.8132 116311883643.39525 260213760118.1554 358504362546.7063 124428392476.92088 196881585697.71146
-9999.0 -9999.0 -9999.0 -9999.0 -9999.0 -9999.0 -9999.0 -9999.0 -9999.0 -9999.0 -9999.0 -9999.0 -9999.0 -9999.0 -9999.0 -9999.0 -9999.0 -9999.0 -9999.0 -9999.0 -9999.0 -9999.0 -9999.0 -9999.0 -9999.0 -9999.0 -9999.0 -9999.0 -9999.0 -9999.0 -9999.0 -9999.0 -9999.0 -9999 2054750084772.5747 2457246626524.0425 2504778860285.1133 2485228074342.1553 2493458790195.7354 2558613754310.3687 2726800866878.058 2595158026598.837 2052319334766.5122 1360576520113.4807 632596191763.7693 488946302977.6817 258376318924.9361 362994955313.8422 203774676849.91342 150193391771.56018 227789329692.0765 255328002153.8141 260963163963.82806 307569502352.5259 202632010862.01102 332192604239.7985 444245092499.2814 147114190752.89743
-9999.0 -9999.0 -9999.0 -9999.0 -9999.0 -9999.0 -9999.0 -9999.0 -9999.0 -9999.0 -9999.0 -9999.0 -9999.0 -9999.0 -9999.0 -9999.0 -9999.0 -9999.0 -9999.0 -9999.0 -9999.0 -9999.0 -9999.0 -9999.0 -9999.0 -9999.0 -9999.0 -9999.0 -9999.0 -9999.0 -9999.0 -9999.0 -9999.0 -9999.0 -9999 2269204259210.46 2338274525502.058 2521417540776.7773 2758428145713.383 2896665633682.1777 2893589219616.4526 2941288561870.3013 2433768993179.6665 1705135355900.3193 1011772897038.2961 603110899475.9634 304256765960.1542 279439019159.3286 234895848016.19363 146713065713.30267 84666343443.73419 187753049611.20566 239055064674.74774 226820103753.62195 286159198120.57434 356183095022.7121 470506981296.0946 618386696456.622
-9999.0 -9999.0 -9999.0 -9999.0 -9999.0 -9999.0 -9999.0 -9999.0 -9999.0 -9999.0 -9999.0 -9999.0 -9999.0 -9999.0 -9999.0 -9999.0 -9999.0 -9999.0 -9999.0 -9999.0 -9999.0 -9999.0 -9999.0 -9999.0 -9999.0 -9999.0 -9999.0 -9999.0 -9999.0 -9999.0 -9999.0 -9999.0 -9999.0 -9999.0 -9999.0 1819310694871.1262 1970746132262.5818 2126111389412.6282 -9999.0 2436829218114.628 3129541221757.106 3340461885642.396 3199190439288.0117 2604761482829.558 1596390519824.2852 1068246435634.4697 688299542327.1667 354619926369.11646 229225524131.38757 134984183327.24025 138009321218.48938 179869625976.936 36039855926.78414 73031000759.68817 114450011701.7472 228285745792.66922 230637628344.50082 591626227237.9346
-9999.0 -9999.0 -9999.0 -9999.0 -9999.0 -9999.0 -9999.0 -9999.0 -9999.0 -9999.0 -9999.0 -9999.0 -9999.0 -9999.0 -9999.0 -9999.0 -9999.0 -9999.0 -9999.0 -9999.0 -9999.0 -9999.0 -9999.0 -9999.0 -9999.0 -9999.0 -9999.0 -9999.0 -9999.0 -9999.0 -9999.0 -9999.0 -9999.0 -9999.0 -9999.0 1769892694331.5156 1677692014081.6638 1817339199244.5078 2049773724054.2925 -9999.0 2662580611439.408 3641468285056.1216 3432825978473.513 3136058599343.399 2133604047201.1614 1823701236342.3787 1412033554671.9646 664046252225.6891 243240663540.57126 176822488116.49487 11906431354.59729 155967889280.08057 201837881656.0175 198751843412.00818 195822749096.99063 134755880292.97981 267356741643.60126 435927904683.22876
-9999.0 -9999.0 -9999.0 -9999.0 -9999.0 -9999.0 -9999.0 -9999.0 -9999.0 -9999.0 -9999.0 -9999.0 -9999.0 -9999.0 -9999.0 -9999.0 -9999.0 -9999.0 -9999.0 -9999.0 -9999.0 -9999.0 -9999.0 -9999.0 -9999.0 -9999.0 -9999.0 -9999.0 -9999.0 -9999.0 -9999.0 -9999.0 -9999.0 -9999.0 -9999.0 2094510489469.7336 2150761967138.157 1575292217712.1418 2178993703571.4827 -9999.0 2726271447937.7783 3585671272200.9414 3512105982904.3696 3627045075573.1533 3090921497396.682 2170104031114.0095 2265355486941.4014 1283609496744.3813 679561941065.9696 258173547765.76 203362007667.22498 131862513070.3822 129526166880.7541 118811339047.93428 67586491600.57568 133085452181.06009 252799652765.55115 429434691577.8678
-9999.0 -9999.0 -9999.0 -9999.0 -9999.0 -9999.0 -9999.0 -9999.0 -9999.0 -9999.0 -9999.0 -9999.0 -9999.0 -9999.0 -9999.0 -9999.0 -9999.0 -9999.0 -9999.0 -9999.0 -9999.0 -9999.0 -9999.0 -9999.0 -9999.0 -9999.0 -9999.0 -9999.0 -9999.0 -9999.0 -9999.0 -9999.0 -9999.0 -9999.0 -9999.0 -9999.0 1933709379215.4036 2292087435057.715 2027955756404.1672 -9999.0 -9999.0 2435439721913.6973 3571246853818.268 4389660180271.5586 3308195193456.195 3106279604176.0576 2282691830881.446 1731454943207.9673 1035840360735.6611 612258799248.0946 243495482518.66608 146426566734.56854 93719806559.57797 42356027968.58733 41453280112.888115 137766099653.0718 222294817718.217 354884261350.09937
-9999.0 -9999.0 -9999.0 -9999.0 -9999.0 -9999.0 -9999.0 -9999.0 -9999.0 -9999.0 -9999.0 -9999.0 -9999.0 -9999.0 -9999.0 -9999.0 -9999.0 -9999.0 -9999.0 -9999.0 -9999.0 -9999.0 -9999.0 -9999.0 -9999.0 -9999.0 -9999.0 -9999.0 -9999.0 -9999.0 -9999.0 -9999.0 -9999.0 -9999.0 -9999.0 -9999.0 -9999.0 1806849536341.9563 3005601995837.982 1627274923608.8499 -9999.0 -9999.0 -9999.0 3393268370013.293 3949260985261.123 3962503485984.062 3246171755268.7725 2444993919031.9473 1584408534096.3062 980851471516.2524 747623650680.4727 504146313646.5003 117461476079.23033 17962205862.548588 21993113227.51083 26619993202.620636 92245969593.89752 221561087466.5574
-9999.0 -9999.0 -9999.0 -9999.0 -9999.0 -9999.0 -9999.0 -9999.0 -9999.0 -9999.0 -9999.0 -9999.0 -9999.0 -9999.0 -9999.0 -9999.0 -9999.0 -9999.0 -9999.0 -9999.0 -9999.0 -9999.0 -9999.0 -9999.0 -9999.0 -9999.0 -9999.0 -9999.0 -9999.0 -9999.0 -9999.0 -9999.0 -9999.0 -9999.0 -9999.0 -9999.0 -9999.0 -9999.0 1727521796767.2834 1727451612512.9023 -9999.0 -9999.0 -9999.0 -9999.0 4120001486956.765 4197090343282.487 3999076170271.6846 2964698097223.5513 2105392367327.9673 1615628880168.1394 1099839405840.0913 556233878701.8354 188285524683.65085 41543143032.90936 12042066892.53157 14632016946.598206 23569546923.10491 42698899458.55575
-9999.0 -9999.0 -9999.0 -9999.0 -9999.0 -9999.0 -9999.0 -9999.0 -9999.0 -9999.0 -9999.0 -9999.0 -9999.0 -9999.0 -9999.0 -9999.0 -9999.0 -9999.0 -9999.0 -9999.0 -9999.0 -9999.0 -9999.0 -9999.0 -9999.0 -9999.0 -9999.0 -9999.0 -9999.0 -9999.0 -9999.0 -9999.0 -9999.0 -9999.0 -9999.0 -9999.0 -9999.0 -9999.0 -9999.0 -9999.0 -9999.0 -9999.0 -9999.0 -9999.0 -9999.0 4594343100983.577 3689880363685.0537 2983780548008.687 2331184125436.9844 1980484965634.1123 1597830167288.5334 1345514736525.0225 727976364193.4508 142360403179.4423 30280628377.35187 31585614079.89243 102358808106.01128 132512679267.92024
-9999.0 -9999.0 -9999.0 -9999.0 -9999.0 -9999.0 -9999.0 -9999.0 -9999.0 -9999.0 -9999.0 -9999.0 -9999.0 -9999.0 -9999.0 -9999.0 -9999.0 -9999.0 -9999.0 -9999.0 -9999.0 -9999.0 -9999.0 -9999.0 -9999.0 -9999.0 -9999.0 -9999.0 -9999.0 -9999.0 -9999.0 -9999.0 -9999.0 -9999.0 -9999.0 -9999.0 -9999.0 -9999.0 -9999.0 -9999.0 -9999.0 -9999.0 -9999.0 -9999.0 -9999.0 -9999.0 3747152392026.82 2372005710393.5776 2322089127131.5537 2224890587266.7188 1800142570547.1003 1939749325656.1135 1090076350930.1173 1173694168859.9285 1028147142445.2977 1070373328558.8256 582251872776.01 193070837721.2528
