Model Version1.4/trunk/input/2010/q.asc
ncols 720
nrows 360
xllcorner -180
yllcorner -90
cellsize 0.5
NODATA_value -9999
[rows 78 to 103 of 360, columns 406 to 463 of 720]
138050975.45093232 17588105501.315742 11864484665.404793 0.0 16683557257.110632 27211313953.216743 60495500312.43275 15828879327.730886 1000081938.5477502 5366454581.716156 176046331074.68207 115701138137.03539 68938002398.05609 78358560649.05743 88252922016.05618 56385166336.783714 124327443501.43498 123022962047.65503 56596405192.93533 21557330125.159782 0.0 0.0 49380735.99887158 0.0 0.0 476734666.8535063 8446376976.295671 14714611656.542482 17488610459.610023 6361893952.755201 6219104681.608174 14516864749.441874 14815119032.781599 8405675618.156953 9519059313.013517 6017414153.922765 29405943103.419266 32315618766.9655 62397907102.48529 172360488441.80695 345805126513.7443 346055886296.3458 368092407541.7947 222440607871.1401 167371701124.6841 32396349705.463066 83963665546.17874 369804420784.2154 340627352639.70105 302217238761.8655 110480607522.88501 74202445568.38551 17024601484.600378 3592266579.5246 13241448921.172892 8248735817.854435 50322036887.432045 0.0
100607432215.89977 125699145926.28317 161086713151.52377 509066081.75691646 27103140800.38496 23873791505.204872 6248586849.523103 7928182986.134672 0.0 0.0 0.0 1905540070.3718772 1001653882.2530301 40133262880.33354 37719055908.27975 51476700687.50509 16022753938.356209 3090995959.9028745 683956462.2901565 3483649247.0854077 0.0 0.0 12840326658.601866 5168696367.702406 0.0 28502212229.04263 69935795434.6841 28795987500.4658 14274792897.468573 10570906408.48262 6251726995.197622 11483142364.10321 18110128304.10073 10819469570.178038 22508988723.960358 11776389818.755083 49907126638.88236 148436262546.74194 121239775591.91428 283020277070.9761 163423970120.93994 369898231238.2719 375184857614.4099 199173827303.25772 181933982644.47586 45746893041.64287 190473193851.17963 354693322512.9949 388569188481.88135 93432199946.06552 30960845625.901035 2804568773.087335 4182287266.06949 3090184289.369931 1608167130.5706983 1585465313.7570307 2833966125.9801893 0.0
238278728035.85022 223269336539.40222 87073510370.37158 8950388543.174501 53444315728.65689 28601631568.32256 3199441429.5951366 0.0 0.0 0.0 0.0 47325759567.19514 60060890870.40563 30695449138.178047 16788419726.649036 0.0 43202811880.88064 0.0 9469919939.79433 11628954957.31282 20822415525.971455 24788810660.176384 8429653029.851291 15042200418.685644 14195926049.850008 16910740687.928984 79907497676.64896 16681043714.540237 28555131869.624836 18471040980.416153 189137271420.23013 154759852966.3575 155101128923.25784 102869392533.32478 144395922114.57794 175683205040.6815 102049548282.28763 114766772553.63481 187985385749.546 194170631969.66144 144633577961.57748 292831056652.1139 342234907828.3213 332518568506.5625 0.0 180599532015.43576 15031898131.735655 45617209921.42438 45046703473.30867 8444064109.479219 23185087202.430977 10728063507.065857 31804275852.509182 8907705395.21152 2760319616.761344 2965795135.794996 0.0 9419476612.64425
448775924277.6404 146735432516.6632 254738690907.99118 14516983334.107807 63872189293.330734 43787211729.831726 14639211783.024143 9087066675.074118 2907137756.9112554 0.0 0.0 0.0 2976728700.7300963 0.0 8253959788.664394 0.0 0.0 10402354029.220467 0.0 0.0 0.0 24867091258.75368 15413952605.664923 23494234514.944176 30948651772.40405 21881190594.052727 24898889091.180454 118189795823.83157 138366490322.17438 53690688784.368004 64897211797.58412 70675484786.78587 189776865655.34756 181581581050.34027 110588295851.59378 145683947168.9409 171656838588.78763 189350853106.06824 166435498847.7594 117360860873.00394 168041495125.62894 113099537759.17291 304156831059.53644 42390664319.889145 76524961910.4884 26565210281.06777 7267264330.624193 0.0 583436961.5845788 1027995420.2690535 0.0 2215821022.1272874 22335157551.84588 26651198868.144337 430533385.3981137 2549449812.3269973 981277990.416486 0.0
772211121026.6879 787689861125.4221 467016197670.43585 156433427637.67758 40674810095.076866 37483718134.39948 21688122048.43469 16901225641.81202 10473908816.0448 7388842105.714944 881695406.8195122 364925866.82872313 3881168741.879655 3655755690.8888063 4576841696.84905 0.0 0.0 4604517856.281907 31446145867.63776 24396060321.3143 27540632162.65267 0.0 0.0 24882009214.401028 39419212431.18028 39718514940.959236 53441454925.50144 42210058327.80442 49097823667.25376 82336167536.01791 97560359258.51443 77632762792.73625 161097225904.61337 195097542114.92966 264654128267.3971 82622779857.87035 197970566447.0554 234636206845.07135 232146576414.73535 216308852584.4736 98431216841.35219 222191242340.0141 197205222383.7481 16654781689.857023 24234061158.956547 93322619490.5948 1723444484.1522584 0.0 9625598093.846785 0.0 0.0 0.0 0.0 463910667.3263462 0.0 0.0 0.0 0.0
480603762134.2518 624792522712.4506 744492795962.5225 497758817754.03534 173472570763.7667 254802038.28994685 33072952901.605427 5311571940.17051 14945407857.506575 4776645158.943453 20339642869.557816 18082385930.150024 23869697077.942986 5715181756.6860075 4294609998.3664284 7968131017.109219 25014254587.766953 21436767433.928497 112355463571.85623 96730205828.30966 22419006446.007114 23631475089.598732 54530987814.46082 43653004026.156494 0.0 54984741631.209496 31839222770.62273 41460557249.639946 138085644046.58102 301981127437.03296 264010922015.7652 245666681973.4893 188685401445.6551 226306087140.50974 179241275140.2323 234247908763.94595 334152161098.1511 348963758258.6674 293501118278.84186 70780047984.25941 0.0 138522104838.47217 110649604910.11133 14972058580.605888 13278500690.244564 0.0 0.0 0.0 3660518184.892789 6380045574.885009 587385645.7546911 0.0 0.0 0.0 0.0 0.0 0.0 0.0
410072298505.1006 611182122515.1262 474443396461.1043 411557194400.6109 233210655633.96655 218947627971.4797 27119615635.967552 8157450478.17832 4251437781.351309 10205038256.224386 2977817663.417623 37742276013.58641 15241654452.44039 40355472.973421335 18798575802.72372 70782726633.23853 28886499770.625774 119865406167.82637 133875048588.21964 192561188399.8422 204842469998.05954 22306216833.22382 0.0 0.0 0.0 114957536762.09863 46227048350.08693 30897813857.62366 105180539398.55539 133209193583.55774 195723013331.1716 267500144332.632 145134104161.98773 449844354727.84485 70025645740.68843 82867302390.4245 123104774495.10425 131982797928.92448 0.0 0.0 39334156081.585236 58647257753.60163 111997364259.97928 6228158773.189322 4087157485.4331627 2292197381.682916 2334800297.744298 0.0 580272024.6132797 589974123.9257005 568588962.8802185 1144696989.152644 0.0 0.0 0.0 0.0 0.0 0.0
262663572013.01846 342405744797.95013 328900982799.0624 391590732497.3797 493943952373.6431 213213912402.0777 72279573264.35066 18834078406.109962 27474155530.076813 26184009809.243053 39669885378.751854 4310805458.919354 574750064.5318457 12321985426.150263 83163319802.18114 119162779586.85298 110112894626.33351 233750062022.48764 294618416873.8287 268281260408.1414 174681001898.22064 0.0 0.0 0.0 0.0 52769014323.9715 140384256975.96973 166907425870.2567 576128134711.4664 225904768100.1358 179656449722.74493 104944217760.55176 194239843415.4397 337873091905.2531 41379835315.99995 19390400050.9378 63817055742.03357 76768774631.68755 224003026944.6508 187027959908.56958 153861135787.9113 17888282210.28536 76131247545.08336 3235918804.687099 337402990.5219553 0.0 115000918.72481216 140737583.83283496 0.0 0.0 0.0 0.0 0.0 0.0 0.0 19965159992.51892 0.0 17122119814.798126
380734008867.61365 132773231902.10582 120278073976.00978 173516876168.3748 436239983958.1096 282072387623.6051 193525042693.35193 31055770063.336735 6298851425.777675 9203032472.166634 19993603356.79161 9061531170.083527 38007600084.62999 35289380000.02256 219530618323.53302 80980603612.43431 136007354861.75183 129617652450.9875 265813288780.64584 188114878489.63995 109717471896.24863 111068367497.6738 122999751299.61444 96054518831.28506 244796543415.07837 267107218795.75397 354157863011.47864 167959191724.08755 440677746611.80927 209262069041.19098 213763480853.1748 209562461954.2461 81988275059.21645 358093204207.68835 5573053870.608211 8600863588.668234 0.0 36541827886.20302 231564344923.9898 92424817348.9096 96470876379.51149 46550115641.764 27944667869.603363 414312045.80867946 9919880.21606976 0.0 3156873.52358696 232624465.1799672 196621769.46320036 0.0 0.0 2423765708.4260855 2622129357.595945 0.0 0.0 0.0 -9999 0.0
520795645202.48236 185477626003.02518 17921393408.642624 16192382979.426033 137886606666.69177 173778194927.15787 208293951109.20596 68972273597.13185 3600304629.195335 17608134971.690945 25269574824.670376 105511646676.9874 194619697977.60123 168034536059.01764 0.0 0.0 -9999.0 272125425322.09384 366320865567.3312 259087271436.33655 257183813351.58267 222055384563.8874 74240544652.03143 145967730568.14847 246500709453.8417 538844173108.1086 -9999.0 -9999.0 -9999.0 416135423737.81525 140763579119.24026 494261300981.55597 261888943595.0458 94240214508.45862 199951426028.9798 17386332694.80095 15426529684.689327 11098406868.762665 249227565741.98206 0.0 0.0 28989049871.559586 17268780567.040363 28729134935.374344 1015851402.3485214 0.0 0.0 0.0 918042666.2425536 5449588910.4813385 0.0 0.0 0.0 -9999 -9999 -9999 -9999 -9999
265388490461.10403 394132076030.652 318796586620.476 437809689667.70807 233252571953.60803 182037327896.371 290352864796.91797 72375076570.4412 33305534418.2096 55950903593.861404 60911352024.648796 14406064214.1978 18794771418.5232 11552494819.8468 0.0 -9999.0 -9999.0 -9999.0 -9999.0 265746581554.69 192241471074.3922 193840547595.4144 335989408863.17194 0.0 404337687421.576 -9999.0 -9999.0 -9999.0 -9999.0 530547479070.1921 49454652822.18639 256810665381.37402 176221056047.20837 24224505626.885998 35718862224.5076 40024368012.5424 34626652426.819 18097645841.41446 277887703555.214 241873978452.05402 67614393996.307 101779293051.17241 0.0 3059782150.1532006 1031038784.957046 0.0 1570770659.3513281 372188996.61585796 1079804532.1987019 0.0 0.0 0.0 -9999 -9999 -9999 -9999 -9999 -9999
317771109010.5822 425565781443.1782 461691293092.3319 466421604419.04767 491504601399.80035 382896615612.9053 141884011864.61075 118172821627.62846 96083732433.8141 38621235294.30547 0.0 0.0 9708369508.204916 0.0 -9999.0 -9999.0 -9999.0 -9999.0 -9999.0 298384242463.84094 196841152725.27615 201027422694.98828 442198649195.7744 408795026647.1112 0.0 377645008077.4043 423804553152.4955 550902164890.6298 356408501557.576 289199530083.38654 250661952859.02338 174696891965.98746 176239627902.42096 120718663682.60724 40151342044.4523 14391294669.199469 12492849465.575312 42663760308.03681 287249420558.53986 161351403769.92953 160790908685.6769 146597102659.52402 82663704441.06673 10914732866.74331 9217549044.040173 0.0 0.0 0.0 0.0 -9999 -9999 -9999 -9999 -9999 -9999 -9999 0.0 0.0
97807921430.04988 56623904257.83528 102440046879.63681 170424383806.02133 160242315342.2222 118746362054.40028 81995661097.57013 71681476445.8126 89229113211.78287 53845184611.04312 148576183587.68488 0.0 0.0 0.0 -9999.0 -9999.0 -9999.0 -9999.0 -9999.0 -9999.0 613807518967.6161 510164514651.20526 377380173817.948 328628892784.3888 634523416504.9424 -9999.0 -9999.0 -9999.0 421305686635.40485 657418689545.928 844766365862.6179 1180986377545.3425 555864074507.8336 705719733638.7063 613395686116.3275 86500835757.2712 14787857752.135546 85310526380.3264 312269051180.2564 215705074274.98364 190170427239.97348 179614632996.24487 110799910634.37605 58193452392.807 17666695294.062283 10628852600.667511 0.0 0.0 0.0 -9999 -9999 -9999 -9999 -9999 0.0 0.0 0.0 6485064799.399465
355133996219.6625 201347997459.03882 310665128776.94 298404768474.093 219782465724.02393 171767383676.60703 145313339688.17944 45779809763.15837 7401626733.721745 77832289508.32031 288895814136.7088 246394133070.6016 -9999.0 -9999.0 -9999.0 -9999.0 -9999.0 -9999.0 -9999.0 -9999.0 -9999.0 540162787419.3365 591354498439.0905 -9999.0 -9999.0 -9999.0 -9999.0 -9999.0 -9999.0 -9999.0 904592352198.8794 1471350833221.5762 1459512359819.7676 1445548798997.0115 1430270815759.4404 1037128145484.3525 878606395579.4381 660567288716.3826 599169479024.4233 110139540418.03612 13389975815.62377 21184923911.702187 42147827096.92702 142662243119.6985 108952157353.693 7450964459.760504 4802510322.938773 40662176830.97007 0.0 -9999 -9999 -9999 -9999 -9999 0.0 0.0 1484363037.4929154 6284466011.650137
229565912619.95166 246834702417.03073 141816483527.29272 180026733728.61768 211463374613.2991 230538258227.80826 97064408291.75513 79281075951.11676 57922757722.09057 168490487407.93903 250274324115.89838 249628406354.61102 -9999.0 -9999.0 -9999.0 -9999.0 -9999.0 -9999.0 -9999.0 -9999.0 -9999.0 -9999.0 -9999.0 -9999.0 -9999.0 -9999.0 -9999.0 -9999.0 -9999.0 -9999.0 -9999.0 -9999.0 717798615255.0009 1957926980965.75 1580664063145.724 1600977907323.3396 1377388836984.6523 1140280514733.5725 1144115218753.5002 818300610136.0319 28733135739.102715 2085762900.6175332 12241812255.514673 9425104210.806154 16452771463.336863 5912940610.738991 37946953852.41286 96788282461.51564 0.0 0.0 -9999 -9999 -9999 -9999 -9999 -9999 0.0 3316707840.6944427
6833385227.289374 78876295456.6008 109837153922.74088 101991942510.64514 78568038399.5451 37130943780.00787 29829982934.10645 86149705641.00705 81206412028.31677 93850812150.28426 277221161096.67377 250057461247.19772 -9999.0 -9999.0 -9999.0 -9999.0 -9999.0 -9999.0 -9999.0 -9999.0 -9999.0 -9999.0 -9999.0 -9999.0 -9999.0 -9999.0 -9999.0 -9999.0 -9999.0 -9999.0 -9999.0 -9999.0 -9999.0 536053045295.1195 2097854572501.5078 1982234198822.922 1848741337334.1826 1809785236097.2139 1694833059953.693 1700341681530.1165 1412710227496.28 593986701398.0535 15477446184.325943 400420414507.5563 269180624588.53275 12184011492.912157 291312733369.9275 327465047932.9785 200054288683.78806 -9999 -9999 -9999 -9999 -9999 -9999 -9999 0.0 0.0
159124648192.93817 17836626329.29969 92667444427.15079 155383053918.37457 96934355523.18677 18696880633.924614 28947273038.651123 11191030392.804632 208614955432.0182 61220323485.20094 -9999.0 -9999.0 -9999.0 -9999.0 -9999.0 -9999.0 -9999.0 -9999.0 -9999.0 -9999.0 -9999.0 -9999.0 -9999.0 -9999.0 -9999.0 -9999.0 -9999.0 -9999.0 -9999.0 -9999.0 -9999.0 -9999.0 -9999.0 -9999.0 -9999.0 -9999.0 2172442136554.988 1889969941371.4602 1365785592458.9565 1444943561092.508 1293997998229.6282 1316886061370.8452 1365866530024.7878 1304499347240.104 1170853381750.3833 924893544748.088 749421784758.4011 553801631279.2147 417838649162.94794 0.0 -9999 -9999 -9999 -9999 -9999 -9999 -9999 0.0
365962641305.6261 299056588935.90155 166780569766.85587 203466206428.96027 196831465703.93185 217325092895.26254 243890388471.11426 224791659154.58826 192759619418.5235 53094705008.39039 -9999.0 -9999.0 -9999.0 -9999.0 -9999.0 -9999.0 -9999.0 -9999.0 -9999.0 -9999.0 -9999.0 -9999.0 -9999.0 -9999.0 744484017932.3306 -9999.0 -9999.0 -9999.0 -9999.0 -9999.0 -9999.0 -9999.0 -9999.0 -9999.0 -9999.0 -9999.0 -9999.0 2598645986384.2783 1615237158280.5981 1124749801605.5981 674270793195.6906 744057946316.2515 875636274326.6638 884254826957.9849 819548089616.5142 819611805597.6613 769671558159.7986 644039957266.799 464884352668.4018 358292126835.0438 0.0 -9999 -9999 -9999 -9999 -9999 -9999 -9999
149577696735.67337 124601074994.43341 216811163694.03165 243337823602.40985 10259544220.3676 199631859800.74017 219046081029.397 308689758168.4341 317224948827.5511 381164054958.43005 418124030594.2384 -9999.0 -9999.0 -9999.0 -9999.0 -9999.0 -9999.0 -9999.0 109877256335.24672 229832041036.24365 584416498163.9603 626930017320.0454 553063085208.5706 703625266029.0298 760957428358.8937 786044944402.3762 794006899525.8181 -9999.0 -9999.0 -9999.0 -9999.0 -9999.0 -9999.0 -9999.0 -9999.0 -9999.0 -9999.0 2684492495701.503 1283709203372.4885 890740975339.6763 713963079485.9305 698475215449.5546 481178486159.1811 369486808079.7774 329564920276.51965 183403386860.68674 467580133900.6742 629510573516.724 597339802851.966 389866550225.2586 249137053973.01685 0.0 -9999 -9999 -9999 -9999 -9999 -9999
127413696227.25104 305979144650.1167 170024997686.9515 16491904139.935703 317716076044.2701 4119365678.74469 126195134808.09137 340898731272.24634 458543768431.8589 394995557224.0863 678435934865.2014 1062753975016.518 853138958887.1997 214881564588.91013 270061238139.5464 98043804234.50334 164255792065.30704 350227185309.9803 621601345744.2797 914410319299.8147 477530319281.78064 464468345316.9864 336940662848.15247 412256428093.3 330464019245.24774 511285460407.84845 408637931459.4212 829661329131.4563 476190504333.3946 332993531672.03815 -9999.0 -9999.0 656673059873.8474 -9999 -9999.0 636012564409.3774 1420407567724.316 953053419415.9696 730489569064.9307 556370511516.3994 434100255115.8399 592531838653.5111 485282881800.51685 345603265728.345 148042831773.47772 35774180168.47567 109092726884.50133 83502563645.94945 394355509665.0153 502232946022.9803 353635209183.2516 298170034496.86896 0.0 -9999 -9999 -9999 -9999 -9999
155182344289.33823 140164695578.07648 462043907324.856 189772511881.38483 147816383595.62112 279822702360.1104 160493103789.62402 212529783593.90305 438954413261.6304 513734250203.64 -9999.0 528361297948.19525 525130284499.5168 152750566887.4411 131220148891.90897 161671133877.06528 123789359746.52065 354306173122.008 545184538320.2112 707783541208.8623 501065758873.6272 422940357586.07996 477174134931.0192 458189348450.78876 261882196454.6064 333591142850.06396 409860898042.9968 451634787228.26874 553220347269.7152 478745636276.9952 715151436158.2753 720007602342.1632 633577100813.6255 765798310621.6992 777770861970.5137 687005767576.944 701626179233.16 458260775251.344 393493029758.2944 417803666599.2817 287639341364.088 206566877323.1491 415850247717.3216 400254451155.648 304717330595.56323 342829495540.56964 71052872115.31776 0.0 5118228996.70896 86581614245.76 260783934734.8656 417431259201.8016 14207575898.86416 0.0 0.0 -9999 -9999 -9999
196675320425.02383 183410599940.0912 51168183737.915596 -9999.0 -9999.0 706221519108.059 394213624993.7357 80255179962.80266 26754270898.60565 40284397942.03674 385111758034.3521 294475415156.57605 515342204341.5722 307692673806.8036 610450802760.8033 654746132137.1719 613428125908.6232 465583994314.6686 324520741607.62024 426799771151.63245 498424923394.5319 280968224042.4066 53196008026.060814 202207557470.40112 318122525866.4493 330692177141.4682 348741555026.0724 344459408003.6129 451607395930.80865 558849117089.2587 659188533508.2483 610530154155.4934 507145925272.3643 411988498903.19727 442332737263.5726 520157300077.8124 404934618609.65234 338082158359.3932 315187135515.546 316337022173.68726 295911694370.0954 124070446535.41068 127778554180.06535 267004567602.20605 0.0 290383078437.95807 548694009883.9387 65671011878.912506 49769787363.81277 93792582616.97646 93628475130.07103 94438841726.6357 149984721372.24344 0.0 0.0 -9999 -9999 -9999
305066479916.0908 378283342941.89374 -9999.0 -9999.0 69291122684.66843 -9999.0 310424669882.11847 384259196032.78436 146133688547.0349 509478440945.8079 247672307682.7572 250459299071.95273 913564763957.066 1014728421553.7885 451622495001.723 335532064144.8304 342830198727.5744 280900283693.6686 273496469216.9308 152572059404.15063 323512646462.53375 237720988689.9879 142901700884.8351 355303480393.8844 161829563966.72284 425331430680.64264 402597963108.88885 369255258759.53644 199963309476.93506 465009128751.8748 526500380360.9785 520819913442.3976 493873706551.50354 507850451654.83185 425939420725.8362 289468483145.1231 353338578420.35913 157320346410.34625 342411293262.65314 28826625144.949257 342023175663.7299 239985889130.05023 80057993563.09941 59037056764.39898 241062101636.74268 490153064329.9269 570578627186.374 465421926335.9896 11098555523.439924 54569909655.87121 121417482466.70866 129992138009.95157 0.0 -9999 -9999 -9999 -9999 -9999
51326111258.71896 559708636594.1276 -9999.0 -9999.0 -9999.0 379671021199.05115 614534685157.8121 546124695291.95374 470784699043.6766 651603637654.1649 717528931076.3022 414226074311.10065 1079076674539.6804 856810296257.6267 559338286542.8071 402131196835.73303 230883272463.842 88511112171.69865 36432021430.65707 85160798900.88528 205846025205.60068 150916709815.1452 146101402379.34784 176937802904.959 144362406183.16953 223389500971.2348 395822884952.29834 318793855625.4859 24899551553.69617 121386132206.5718 403301074926.7616 515002974964.8713 626103347213.426 654504225453.1029 923058211815.0715 707592012750.9279 495508735875.27826 423107165588.782 359284116014.56067 201789962982.17618 280822164199.4272 126252166683.71548 72200804989.89993 47279694243.41264 0.0 371974139370.9907 495782128556.41 176492676992.81677 126237794223.94916 69851110490.11191 49658995822.37425 89323643337.36353 0.0 -9999 -9999 -9999 -9999 -9999
365703169127.7312 296146104112.8808 497620266208.336 477143667865.0779 -9999.0 586264759067.6796 765859688160.2173 359586970094.5482 508698122020.22656 669545251111.4493 788623616146.3942 1170957636834.4905 929251261866.9647 543749194400.76746 478229302849.0914 342777448359.6062 126674149917.88205 304305011008.91583 4983215601.731726 183377054522.46893 0.0 113678711148.22205 99109492110.14668 153494734888.69446 302170177659.53735 247333155689.4203 180231329492.80576 22236600988.221996 23445659042.436638 61640729105.87875 469483199895.33453 276516313709.31085 199826831345.41013 601663985399.791 673988330746.5765 768674848493.9908 490895215935.9145 664552860664.4 480634188219.9504 0.0 0.0 56744054360.96199 90936987938.84468 175180013109.66174 68893388792.92116 80205476178.47713 115737100223.10478 77510045763.11157 103022993675.2835 151872863206.02988 98904593817.88327 0.0 0.0 -9999 -9999 -9999 -9999 -9999
359342646502.85455 317399296681.0348 385312937580.70184 687287419662.1954 -9999.0 536326857027.8383 585362991966.355 693886469625.9685 636814018642.0781 334288890195.79565 611590147673.7621 559082331264.8976 278723739156.4805 359173116722.0769 465077907387.6693 291125241686.5179 303228014183.1183 191507529671.92004 127492480404.78648 186107176925.06876 73293102639.7237 125444939766.28273 190907483762.54547 72430813692.69505 4557136977.4246 374406325346.66235 497963328063.67017 498992306795.22375 223944579254.55008 80756237872.26509 472926049621.00684 366408980133.6778 448517710229.63306 470361783828.99786 441101897008.1399 562427986744.3982 629696851613.5939 1055925580070.3925 1064511855364.7314 441852447941.90106 0.0 352567109204.7898 322583778534.75793 201148374016.18552 0.0 16987871846.282225 104100027807.28397 118972506414.94818 120577267727.30698 189238267986.53317 160994703696.18497 0.0 -9999 -9999 -9999 -9999 -9999 -9999
