Model Version1.4/trunk/input/2010/q.asc
ncols 720
nrows 360
xllcorner -180
yllcorner -90
cellsize 0.5
NODATA_value -9999
[rows 78 to 103 of 360, columns 580 to 637 of 720]
292859913484.907 402557321530.0377 2390889127.1414065 13703547208.948277 51896527882.202156 18139554387.636913 280231904434.4398 230634622267.0321 135107158889.19254 267872111078.7955 8565645763.196344 27180747758.929363 89684670668.6702 99039957018.73462 84880471855.88058 137585078802.72714 148517171339.48694 268579536984.8504 103206294710.47707 292568388290.861 524718101303.65356 549214963664.34656 607522493575.5975 632461971114.9979 520611575041.6477 466041314700.61993 585115187767.0131 312906077867.05206 262903108055.1827 142745747312.15588 59972292357.05051 222606811602.7992 50921999491.75897 51647917290.13076 188175346687.39594 313151698659.51074 155944188699.829 264943798676.93842 417914701576.62354 393178469532.13983 734559184899.5859 811828174617.2583 770855798362.0262 654078533133.0118 353589499377.0151 359340996976.58044 373415007910.324 548741421205.15326 976983490099.3491 934741738436.053 784160770440.648 851745114688.5363 876907443473.3009 957398895341.0371 623696488721.5356 618747066746.1261 854333342327.9296 986272588191.0721
269491749165.09073 6146304249.987455 250766329330.31372 176442110446.28503 14857691443.41338 206658637009.94818 92683339703.45073 165282948726.09668 243862534239.07913 112122251106.20111 17568264137.469852 0.0 26189379460.981506 17783052593.02216 138355191257.89862 208342888332.67447 217227081765.7587 63832219387.29582 77278456763.057 190111189620.44434 247545218907.8153 430419038317.2688 475726113280.93 640388099972.4147 675278955139.0546 545073635901.2653 135286482667.90067 172802503764.47745 314265164713.691 351998439232.00653 314168077645.4605 374968847270.7901 156138803697.55753 29650339087.290768 215867396748.7106 208684387901.53802 159625625961.14713 235514788910.83453 448804794279.2514 308388062499.3099 179421114774.5542 791283547047.626 806530881938.7697 803061824535.017 870112047438.828 793849376409.2969 359648623776.6753 777397475405.4161 949089284628.8878 960080833422.3622 910264313048.12 503055127536.7649 477602719731.7799 472786436314.5046 681408830586.0242 604094193976.5625 829458974323.5804 1095927815240.309
313859567731.4612 320912056219.06946 398388088925.0355 54867013672.38195 150307735662.2817 49229328774.587395 250504569306.94144 221788833992.07938 127172677050.43558 9624654705.983078 0.0 0.0 197385252790.49628 43714607625.97734 49118559343.72096 35998589304.250885 15389737830.717901 55116231879.40147 98224676786.67264 171778680834.0014 268988004582.80957 422647713906.7904 273883222340.75137 375954685968.9933 601837623679.1348 48898384024.33331 84274719529.05576 197370566111.00623 269317868652.6054 385565596057.7587 308541351240.19714 164360829218.7863 103254349436.31566 43008236316.68787 179558157468.08063 237603035186.8365 279202070447.7849 281306223945.81506 365540099909.2531 422239761694.27454 198430975809.38034 198003382210.2175 761406198067.1897 866516332183.3472 896596028210.6726 1038730299301.6064 881390748575.9694 1022542515951.9437 710383960470.0928 750470241087.4009 691161282684.0474 747642757448.4174 647501750004.7104 610994254584.1459 475572207670.3693 672238385285.161 882917325103.8926 1051176318911.1808
55864768094.40326 46306068619.64594 125415099263.13199 221898726925.51465 177049585909.0839 227214115645.41147 90070429960.68321 46189692408.907005 76258487882.70894 21388138809.201794 1390536557.5435324 130712366603.28513 0.0 0.0 0.0 0.0 0.0 16684761820.56909 27149545797.479137 26942074513.529903 103496127804.45079 243449804062.28735 305061261488.03015 406752460925.5829 28764846939.534267 29093011658.255302 19750151707.97847 24964947628.82928 104223659495.48724 283269948736.3862 36934839047.55175 276721192603.48895 159960557367.4454 13950739965.242268 125444168527.13892 59248469144.097145 326380117248.73004 197536680016.97522 189180879350.64786 357293987088.4339 66232672115.62874 61448391464.515274 184514681396.7846 457518624167.62585 363878583716.8274 352814327301.3271 343018880123.0659 317116298156.0738 395695618175.46747 423416241268.7523 409499841780.905 719609663698.6019 788385725566.2433 541187174567.9045 642963939952.6635 861379075809.2628 1008857636820.473 1084336056896.3165
210700953791.35486 186362669274.32446 203936769298.1714 209327270613.88803 225860729785.5283 205262262967.2653 131214089322.91429 11098914432.673536 0.0 0.0 0.0 0.0 0.0 8567770032.511333 0.0 0.0 10705182572.966246 24123196583.2919 50817249087.73632 36405022695.98208 231522332615.02463 467349077826.5702 485553779786.4499 38061841650.7177 22794816568.882175 186394589213.0381 12114107314.56092 217513899290.63425 161467948790.90536 143334432554.37466 89927742022.62682 196398633541.3617 174641611029.73132 272064004853.2224 4388836546.96489 25227587411.088387 95405730472.49664 505742624799.28314 85963581512.47102 103014931033.9753 310082457438.1363 151505538403.15082 7432306465.946879 7353729446.865715 265482870218.1734 232301268342.42047 180954666494.7195 209720166623.27808 247693168500.98688 414843359282.25793 475861675776.1843 490605590531.37415 495405094084.66943 669132501957.8572 762031946766.075 1225227029769.4158 1233581482919.6543 1184548371244.493
182630484262.77045 184090294498.93652 184917107069.65567 74546590348.19969 107971331016.70241 1055877563.8389689 0.0 0.0 0.0 0.0 0.0 0.0 0.0 0.0 0.0 1790913273.042767 0.0 21405466548.612858 6148851531.97436 167190297877.28662 256842935097.41595 404395868181.04596 334985895199.1312 7262153878.682603 11328136734.868576 55421403040.41761 157733723881.46506 68405334495.42283 209350998363.7931 95723553392.29813 80493875534.54721 200384911398.81488 261497897476.58417 269841020707.3644 358139995578.60034 53747266803.74152 120724616882.6523 64514410695.32782 82754676849.2237 57675428584.348625 355683491956.78094 234722358630.9981 9720564040.5029 30157889463.802654 12129568740.014038 53294278503.33315 127297849037.59955 257050848397.21054 295030278252.2006 485990470846.59814 565945816232.088 693018084622.2817 579706256986.4602 781479180253.044 1193505867470.3806 1147389787964.2075 1211445297759.0603 1229664512538.0254
0.0 0.0 2289259135.4479923 0.0 0.0 0.0 3174617132.783927 0.0 0.0 0.0 0.0 0.0 3006763552.96362 1961999725.7594461 70687466.56524725 347958799.9061979 4454169675.121433 0.0 86836092795.53107 358885969268.7969 451337846415.7327 532506309547.76404 453610395168.80676 910882050.3592755 2612593136.1402316 116510613786.0739 190518541649.5215 197931071600.63235 251137655860.64984 91628018100.28813 194199432160.7961 100414095747.13727 131643902848.95424 353937102513.51355 321832084928.4565 7498162855.966416 62878493959.70911 118182950648.84277 191754907690.84903 52783309459.86396 14363499913.566027 87200277639.81679 313776890331.7599 106982533194.813 107396582012.18132 156090513452.1311 360635636156.01465 208455005589.69797 374657280729.1966 418963060399.3536 462748524968.00305 578227767009.3196 726820363840.5204 820903533142.1852 936163142236.1697 1052876021998.5201 1161701714382.686 1059124497081.6998
0.0 3712927220.811618 0.0 0.0 0.0 0.0 0.0 0.0 0.0 0.0 0.0 0.0 0.0 0.0 0.0 0.0 0.0 0.0 110425788053.21983 251977748411.18698 474590983388.51917 465597934213.95483 0.0 0.0 10520770607.082104 128062282512.20447 147286061485.5268 141690726311.5209 40529870273.03421 130466645163.74915 34601111071.56415 99437275015.88924 387335360780.6262 277222334776.40735 315174847686.7507 378468329508.2858 59898635689.742485 90999787048.46338 129944681753.79451 85291663739.32185 63606575314.25066 388756453630.25183 14284373372.35788 354290347543.94275 338724454002.95496 499403314126.82855 346447376774.23016 213334099047.13187 387526480782.9206 522580965910.87683 561539729369.5739 665409983251.2452 743058297635.6393 1081840278537.0168 1039632048892.8315 1203996422620.4746 1290884255455.667 1384104844776.502
0.0 0.0 0.0 0.0 0.0 0.0 0.0 0.0 0.0 0.0 0.0 0.0 0.0 0.0 0.0 0.0 11659328306.360943 12584310905.631445 65992855177.75964 189381204458.9761 403385108115.7853 0.0 0.0 0.0 0.0 78921492533.42285 49008162114.78166 116400675918.84653 186615827289.48587 55406708740.71527 96963633223.76991 139560811575.4118 195008987178.78094 294045021916.88104 391681848233.7684 545363830639.05695 178083953394.9636 222296336311.7215 154015356224.26633 84291561085.88521 98939173090.64813 153237356643.35468 192896189919.07318 364629337563.0164 392755993115.416 513948170456.8111 184919963813.12836 157764049195.27344 366768708931.79767 451486559292.97125 590863065143.1549 807539501842.654 976911075797.4413 983136343874.7742 882353705874.2915 1051417319537.5978 1201827054058.4663 -9999.0
0.0 0.0 0.0 0.0 0.0 0.0 0.0 0.0 0.0 0.0 0.0 0.0 0.0 0.0 0.0 5142560869.899589 7503133573.663204 34011868003.73103 24399303874.959732 153459031646.13867 278361201253.7005 67120859271.203156 0.0 0.0 99662264949.20074 73467560030.30527 125583049485.57466 34352664793.331562 52456544450.64083 133156548229.99614 131669386933.8392 200474590245.43054 278147426566.27435 337576621825.50574 435775091836.6057 690098999844.5751 95431348594.83632 170965442743.38464 166738577629.90198 287473042472.32983 358167476458.0153 174009856276.96152 25821241360.631584 65517270089.93538 257082016533.12308 222216682037.6971 287288252861.2091 306309991653.9922 409086296219.0293 546782970948.487 745165428242.6522 1075414056635.883 1147904538910.362 1170837089860.9028 1163681341563.762 1134129078793.1714 1091582421445.1855 -9999.0
0.0 0.0 0.0 0.0 0.0 0.0 0.0 0.0 0.0 0.0 0.0 0.0 0.0 1899681018.0371401 11441377299.453482 1088804957.5032 0.0 26066548171.6572 74340023997.41159 204381271412.9672 285243851372.476 267153482911.336 0.0 113784053844.0946 142558452124.7338 73804207483.5292 111590151071.1442 128080692466.6922 106610525379.0836 244529709155.69 155180961126.6328 245995696128.15 337397332774.472 452236600504.454 471172943253.304 460028571515.768 410213201194.18005 69193771811.05919 376714697443.91797 172599249502.42477 66471382304.61381 208771546817.939 42646673700.2156 399261670002.248 452220991822.22003 426306011930.9539 338594030185.164 373632582550.68396 474117542847.986 805641587907.7521 1173666156245.644 1268109229954.104 1344706296282.698 1618544806319.9338 1563768659213.16 1543973417200.1 -9999.0 -9999.0
0.0 0.0 0.0 0.0 0.0 0.0 0.0 0.0 0.0 0.0 0.0 847939025.138388 0.0 0.0 0.0 0.0 27612607287.096066 100220111687.26653 215179902129.18536 237017854257.71744 212275017350.18417 270871691933.916 112619108269.65881 56190975075.510994 68261179420.07144 94378013205.84494 117578891203.41273 210844022546.46472 132618346614.33041 136799270643.4696 166337188062.5416 221893861426.32657 357705730337.7101 487679199981.44684 643487285208.2107 355241621171.08704 14402898842.523218 137897247782.28638 756402388784.0436 540963812432.8363 96970675780.76723 135252384939.18898 215101803556.94376 393403988515.51025 207822534837.34332 423382754161.55347 253829340424.59775 520240379618.8746 567892881778.9031 1235239124000.583 1298466362750.5645 1404948474720.32 1443186908177.8665 1429762094719.4255 1432588294664.65 -9999.0 -9999.0 -9999.0
0.0 843593987.3604397 0.0 0.0 0.0 0.0 0.0 0.0 0.0 0.0 0.0 0.0 0.0 933888278.2792504 0.0 44848891392.49108 20420173901.234776 182666679606.8347 194456452810.3889 201944554109.41678 185026184039.21463 200904382790.75842 96793669733.31335 30847674069.10012 3924873706.912952 49150488270.63868 78932909492.79155 77624599733.07184 104175032359.2577 144193277739.31555 120077073738.63676 369435577281.434 308034645967.35443 412697232809.70715 577041557086.8568 68446280222.90672 91216115243.50548 532122370516.0876 409051847158.6028 640450553096.0381 291891974084.448 211328548531.9626 170239134239.32477 157712889409.86032 584240378954.0256 293759175620.92206 536051393069.7632 746591631687.6057 1193725848037.2415 1335080621137.4424 1403635323518.3252 1385813359217.8286 1305980105281.7854 -9999.0 -9999.0 -9999.0 -9999.0 -9999.0
0.0 0.0 0.0 0.0 0.0 0.0 0.0 0.0 0.0 0.0 0.0 0.0 1241743459.8445518 0.0 1000617166.1554941 21309554921.116623 189097541184.66843 102139823534.2696 190673481008.56497 117440793133.9622 40459840946.77353 6259605168.741449 0.0 46349980588.07648 77546279779.86359 0.0 47402023156.61917 51868811574.022354 169951622.05620342 105162712455.67505 254964605856.3177 369444093899.42773 456528009806.8186 401987647018.6041 43643810097.20777 400369508380.5949 951886078035.824 232845761108.41605 474453825869.16296 232301588592.75095 946286372992.4324 755920116448.1252 252713145359.51328 14753601058.125914 481971399013.3147 509680624645.01416 777215947145.0251 825870351144.9684 1477728544008.9373 1577719684493.967 1414367997490.7646 1115880417247.1824 -9999.0 -9999.0 -9999.0 -9999.0 -9999.0 -9999.0
1002495148.9827992 0.0 0.0 0.0 0.0 0.0 0.0 0.0 0.0 0.0 0.0 0.0 1756891532.4718592 0.0 229622649484.61865 73203376377.10391 195934175463.13242 209614841397.81226 181907731852.1373 0.0 101185950804.98538 0.0 894055746.5207438 4702036435.466027 84750826173.30954 48251498724.102844 110399583701.24364 130607333823.29172 189872822921.24417 203772990963.5022 332568306723.3479 496928917681.96704 558997672424.9015 253633644194.0039 212886876842.01715 220323627606.2197 566676465055.1589 165994231307.46786 850407471476.1305 1016558221654.6274 1002556446142.7654 744285846366.076 446025473816.8316 373595128768.7594 1183117150784.826 1633018590350.6604 1479562114625.0508 1895518344507.1265 1946607422790.257 1509351786281.5684 1335246334622.414 -9999.0 -9999.0 -9999.0 -9999.0 -9999.0 -9999.0 -9999.0
0.0 0.0 0.0 0.0 0.0 0.0 0.0 0.0 3825320349.888742 0.0 0.0 0.0 0.0 0.0 205444008119.8836 33332311091.028824 899375900.9502599 1526430345.0052588 0.0 32449770521.20215 0.0 0.0 0.0 56233350054.12105 41301262672.00065 0.0 1092334322.2511654 2812922457.798015 126380499587.13239 262497857059.95978 360538716648.4245 548039749258.09576 811089245714.8411 253945571341.65524 375953869623.68774 294502681937.9655 236024528201.20126 268731088442.31827 448370733984.14703 978259764371.4967 1187792775990.2183 1369748389453.1934 1194598238949.628 448571230977.3008 758867828463.3308 1366087915677.5933 1891412289144.2158 1977856899530.4045 1742269207224.375 1438098994041.7139 -9999.0 -9999.0 -9999.0 -9999.0 -9999.0 -9999.0 -9999.0 -9999.0
15584823558.565472 1970534383.250652 0.0 0.0 0.0 0.0 0.0 0.0 0.0 0.0 0.0 0.0 0.0 0.0 93502262031.78914 65714050831.243126 35547124579.87844 0.0 127530088115.92102 45637233630.356964 0.0 45331365930.87554 0.0 81708148429.72702 19295900658.854084 39260188190.4878 32924325450.160656 22180685487.897003 216976463233.145 524592126900.1681 673503699394.0607 744811618519.1564 164553331663.99237 348961196972.9028 325907837253.3746 498385097590.5405 762550843336.5127 788001351847.0846 739954243057.5912 743957382741.671 96646844567.86053 155581551761.6795 597747579836.8054 -9999.0 1067178852156.8362 1151543000375.1643 1411542511146.024 1503417310862.8464 -9999.0 -9999.0 -9999.0 -9999.0 -9999.0 -9999.0 -9999.0 -9999.0 -9999.0 -9999.0
4815291880.090729 0.0 0.0 0.0 0.0 0.0 0.0 0.0 19156792025.66621 0.0 0.0 41625923292.259415 57125351795.15268 10712790802.594479 96051064392.57681 116998864088.06203 210687993470.66428 233604573270.4379 263303590362.7152 263306072033.86325 11252656678.714064 200814960.9136421 0.0 157447793258.88223 54201616159.25558 149997582535.03183 99509409550.87312 168612558499.02414 591007965009.3004 583419241465.3555 780866383618.817 871244860936.2509 434206628670.3752 1002363670678.663 1104554597696.1814 1428092004189.0786 1571303662500.5 1118865849193.877 1375348985450.4534 920454003362.4166 880830176036.647 982391917238.0876 -9999.0 -9999.0 -9999.0 -9999.0 -9999.0 -9999.0 -9999.0 -9999.0 -9999.0 -9999.0 -9999.0 -9999.0 -9999.0 -9999.0 -9999.0 -9999.0
0.0 0.0 0.0 0.0 0.0 0.0 16325606036.337975 0.0 0.0 19665719315.87203 32299365675.457363 64530368877.287415 49716687382.70946 146400482379.22885 169967475973.59515 161625542237.0229 131714451536.56245 263412347990.11453 221470823225.6958 211028702994.32498 81979348588.38806 63758794349.48848 125127991757.31888 275214874644.51685 9680344548.830267 123712054548.62874 208303057166.4566 351095273606.53644 583593609121.1702 730714484774.7576 581650098196.9136 620578617167.6047 1196866381006.4805 1058840588203.9028 1358520592540.3372 1795856805699.9668 2453661439531.5576 2183066388824.3105 1977396787325.3894 529037395429.2935 -9999.0 -9999.0 -9999.0 -9999.0 -9999.0 -9999.0 -9999.0 -9999.0 -9999.0 -9999.0 -9999.0 -9999.0 -9999.0 -9999.0 -9999.0 -9999.0 -9999.0 -9999.0
121877889322.41379 160888687201.2699 150591957739.1234 130825430642.8469 156892489360.58505 167007355816.63004 49067792659.78481 0.0 0.0 71836044046.73373 191470244960.3609 178267170398.42117 145334275563.72708 215896758646.0217 225775658973.24994 282861465813.9834 131394564624.29105 259698923686.41147 272530964644.65353 251131054225.59457 1193568614.369991 163252486068.83493 125517165143.65393 242568921313.93893 140284101239.27213 205993020551.0114 349070506042.5428 426868382434.4418 716384293574.3712 973592129749.5726 392172817907.29285 341508013643.77936 1207993616463.8853 1288007779351.8472 1641988748901.5288 1734050148966.2112 2445051307473.2266 2691721782319.6006 2130284721442.072 691626570126.1155 -9999.0 -9999.0 -9999.0 -9999.0 -9999.0 -9999.0 -9999.0 -9999.0 -9999.0 -9999.0 -9999.0 -9999.0 -9999.0 -9999.0 -9999.0 -9999.0 -9999.0 -9999.0
165474958958.25696 171355127336.90784 177178668947.77106 226250030936.54733 209262620119.27246 0.0 0.0 198279811156.56335 153689591093.5411 128373292156.8456 214614328634.1605 203367832370.8992 213870139955.97406 104838377424.74783 174240347881.66705 247051943665.4736 134668996371.83519 158758171351.60175 282924348247.1376 221484397755.34656 323249208027.4944 201210381646.21298 300516508099.52637 303357795067.94403 265360562453.88 285412011516.1008 547342310252.88 594266212676.7936 866210104518.9409 956526637143.8448 1153763206633.2527 1184078363242.9968 1415456503809.48 1764168664965.48 1921855657252.1472 2616781655899.5845 2535774223007.232 2250353255899.752 1485769303537.589 843858958691.2031 -9999.0 -9999.0 -9999.0 -9999.0 -9999.0 -9999.0 -9999.0 -9999.0 -9999.0 -9999.0 -9999.0 -9999.0 -9999.0 -9999.0 -9999.0 -9999.0 -9999.0 -9999.0
247079242.8889032 6479589975.921988 128561651324.16612 0.0 1936362873.1064746 230766445161.8706 258952332716.668 267941154949.13513 217041386128.23853 249063679670.82324 244095433090.89508 164527782624.71826 231829919501.91702 198349841690.97113 75504495019.09483 48346201056.58417 247949571422.3785 269829042420.62543 130649664024.179 320053324454.986 302989573004.8435 28472073007.56888 -9999.0 86471329115.58984 392920537174.6761 206105994198.76373 508037055289.48254 166421387933.59796 755205948658.5944 756334580922.4336 983278932314.5469 1047176415162.2169 1178762543889.777 1939639310036.0923 2179134282930.8801 2193728747947.648 1934098099006.7393 1696495270106.5112 -9999.0 -9999.0 -9999.0 -9999.0 -9999.0 -9999.0 -9999.0 -9999.0 -9999.0 -9999.0 -9999.0 -9999.0 -9999.0 -9999.0 -9999.0 -9999.0 -9999.0 -9999.0 -9999.0 -9999.0
0.0 33918415683.380405 0.0 1188581896.371693 321288990.62978685 269792460318.87192 224033600345.61633 268748489977.02963 300134778014.3469 133791535535.3272 164310147248.60843 93387970495.01477 223070342471.1767 184245299570.40277 81483942638.80183 142566744056.6654 268014118312.20773 144648894268.50262 275256620621.31287 238656419790.40024 -9999.0 -9999.0 156811853091.28186 331782092512.9422 500779704619.7838 514495112259.16437 297589242448.5096 375547352431.6348 249835450368.02295 748693827509.8325 882475744571.0471 977874616233.2604 1223071908960.7048 2060444407813.231 1946747504490.7517 942829428015.4664 -9999.0 -9999.0 -9999.0 -9999.0 -9999.0 -9999.0 -9999.0 -9999.0 -9999.0 -9999.0 -9999.0 -9999.0 -9999.0 -9999.0 -9999.0 -9999.0 -9999.0 -9999.0 -9999.0 -9999.0 -9999.0 -9999.0
0.0 1928898817.4944897 0.0 292947167080.0294 46116386184.72816 315242489437.43353 354880416684.9977 357668792683.4692 230957210639.7305 316380470193.8421 177978651250.44818 242766826144.91873 198709117848.44098 142190238434.65576 148771221871.10696 159265015603.77902 245269287177.2342 205639957588.82343 101134728620.41168 -9999.0 -9999.0 -9999.0 361350705195.00726 264386056644.32733 279426003897.12396 -9999.0 -9999.0 -9999.0 -9999.0 -9999.0 663816540434.8453 791429696561.1111 1381214092731.85 2181863914397.8938 2376420880964.27 1156654036779.0627 -9999.0 -9999.0 -9999.0 -9999.0 -9999.0 -9999.0 -9999.0 -9999.0 -9999.0 -9999.0 -9999.0 -9999.0 -9999.0 -9999.0 -9999.0 -9999.0 -9999.0 -9999.0 -9999.0 -9999.0 -9999.0 -9999.0
158240956588.71512 0.0 78851393680.72571 427089378271.4395 475453512851.14056 362037964156.96405 465040194932.9806 200307119532.98535 104155895389.20908 119695533855.28525 278186790467.3345 223641952613.32178 222642610736.58737 0.0 52566748552.69747 296530055469.8441 -9999.0 -9999.0 -9999.0 -9999.0 -9999.0 -9999.0 391264510595.56506 275275969348.04205 -9999.0 -9999.0 -9999.0 -9999.0 -9999.0 -9999.0 915027691148.0262 1137250048979.1763 1282656073278.7776 1949034489800.8674 2292683560694.126 2285060221096.1553 1919232879212.6018 -9999.0 -9999.0 -9999.0 -9999.0 -9999.0 -9999.0 -9999.0 -9999.0 -9999.0 -9999.0 -9999.0 -9999.0 -9999.0 -9999.0 -9999.0 -9999.0 -9999.0 -9999.0 -9999.0 -9999.0 -9999.0
19707773.55232961 0.0 76542897467.33324 278728992077.91034 441112856988.8806 301832803170.12195 418294335876.6601 385736521668.7552 276982440835.7498 242383738640.05957 255156162943.2497 137007597293.09872 91388506660.51631 90442757281.80634 36963682859.50713 614786482533.7456 981954639359.4954 914232424310.5948 -9999.0 -9999.0 -9999.0 -9999.0 -9999.0 -9999.0 -9999.0 -9999.0 -9999.0 -9999.0 -9999.0 680486673958.5303 1098901541004.1577 1218812076173.7756 1600189111988.6904 2041551801313.3196 2080376287210.1304 1977256318092.2417 1930534108353.092 1845224446213.129 -9999.0 -9999.0 -9999.0 -9999.0 -9999.0 -9999.0 -9999.0 -9999.0 -9999.0 -9999.0 -9999.0 -9999.0 -9999.0 -9999.0 -9999.0 -9999.0 -9999.0 -9999.0 1593556577561.506 994553284649.1633
