Model Version1.4/trunk/input/2010/q.asc
ncols 720
nrows 360
xllcorner -180
yllcorner -90
cellsize 0.5
NODATA_value -9999
[rows 130 to 155 of 360, columns 522 to 579 of 720]
780738815117.4401 0.0 542093246150.295 0.0 0.0 359720923282.735 208649663423.2736 253980609219.94888 348950488638.5038 801204643305.8676 733288087171.0264 781982167820.65 1025492208674.5312 1264519710098.7126 1363754128829.1624 2195070251598.8623 2787775842762.2847 4125078810638.7627 5566123806338.138 5415410573780.263 6775700915863.8 7235237164054.6875 7608628216560.087 6189533284779.538 3612962451625.6875 2463310638458.549 2105936678302.4573 1914367698791.1987 1642438962876.6301 1784403003040.77 1981975337748.0098 1853974904147.6511 2626752306212.4663 2128912046592.7998 1488580523300.906 1567538747379.5586 1072084570703.21 386067479199.0088 739562396300.6051 524152123163.3326 1171834404170.4238 1333519411231.8462 1194743974548.9912 1123499021375.3086 1155081357843.8926 1374355955016.7803 1673490224395.8225 1536369560525.8274 1311847380031.0352 1330204252326.8186 1201440772090.28 1155560773359.0474 1376026351860.256 1416409782417.8726 1549512285003.9539 1576122080460.1663 2035524232506.7437 2681108510131.8115
805512390063.31 426573366615.55457 1392162475484.4365 149263835291.3651 396956804653.6423 463745936383.55585 443122120557.5718 1252455137298.647 1105344427810.9631 1077936560960.6489 1181644954128.9062 1039990173502.3884 1364658110469.5374 831722970055.2485 1276794234461.9827 1904099232530.0776 2696243526294.597 3782546730994.8413 4697149878151.667 5384849963281.203 5451989020701.722 4853086927158.938 6177396324582.427 5474891004360.755 4246724298076.301 3040837570362.4062 2014040863824.0461 1664390864026.2043 1769164295208.6887 1950865482207.99 1883296448307.0452 1671877199855.113 2551909418005.9995 1586165782867.456 1609620177634.9285 1005721717638.9581 1530340408440.2278 1295793226155.2268 1180185798713.1814 1169939499563.9526 893987395004.014 1278115268752.4824 1415145821895.5647 1302406489572.873 920222166936.4071 1395222910889.674 1624196398462.989 1348009233673.7087 1007437416946.6265 568698274051.2653 1339119265260.75 1208205703721.321 1225328859766.121 1357750453984.2727 1279049498087.1694 1383498103447.5225 1965027624142.322 2426335208723.227
279146885718.9934 972038246903.3502 1715543940029.3135 1003556108628.6611 1551439834160.9473 1117148404982.7368 1081275494822.9624 1127558309328.59 1443334916385.4795 1333601766421.6455 1131517022432.2769 1385910098575.7476 1491933434876.2563 651108465701.3612 941506117636.4948 1991568076948.3667 2452332719767.654 2932089337643.726 3804963287486.1533 4484749782707.135 4268455720620.956 4356221607111.4453 5020979421221.302 5653200270350.751 4863580854451.261 3760814322999.149 2145995362882.0527 1599300340703.692 1208650964384.9705 1193293922973.2522 1082738998428.0057 1024037665002.1349 1393309315368.8955 1181485574718.6265 1069574483529.5468 726789278748.1776 1336321875558.078 1054432635087.1613 1064340507465.8519 759872814358.5624 1254121962171.9133 1641656962511.4727 1066593371069.9417 1199575104021.2063 956085417964.6763 1511255640826.2542 1452528705895.7896 1609931798524.405 1555518150024.3845 1337194952001.3865 1047512190823.0538 1291020987487.3408 540948886048.36957 1108155565467.0906 1299945829120.7185 1532993191022.3738 1980720420638.2166 2448630119839.445
1138947976475.31 876437448996.7819 1413767646041.78 1417711161802.5623 1526480351268.5112 1592631091244.2622 1613289116503.966 792807141714.0743 1412041199866.0916 1532591436474.4404 1435959186400.519 1469687421272.2012 1130758114742.087 1121207965602.9473 1352896610807.1614 2004088810355.731 2256004687652.2715 2879416333585.867 3637774651431.895 4155397865677.661 4544673742311.373 4246912086174.3237 4281684532467.2197 4634893900791.469 4964391658124.898 4082800569079.536 2187528368706.4219 1475320496888.2632 1971539478728.7861 1310133455840.67 680241641819.8268 735357943049.5677 1377766856885.893 1169769871599.8088 1804427790686.0999 763424750497.0658 765490099364.5571 1245834719444.0906 1452158670106.6526 974310136134.9332 1931611776406.8806 1154688103920.9014 1224871832288.5508 1060809189355.5106 1016447549674.5105 2190986584484.373 1933958471739.9133 1796458204071.7656 1549043662947.0505 1142729671555.4102 1521649562243.7148 1355832552753.1577 753465548445.0214 802326128569.7125 1166857212468.4417 1501419141930.6914 2136232358316.0925 2687442116461.3296
1535946628658.5933 1516445197230.2817 1365993814905.0588 1323367987619.208 1598388756241.0188 1650262479278.8765 1390877251690.242 1276876372363.8557 1138382460857.644 1329760370569.506 1497606518871.3843 1342551208978.357 1441093062185.0679 1386997544846.6726 1835582959661.877 2275904214096.115 2799422871935.883 2942622947218.295 3713374408017.244 4806648981583.245 5915865130116.22 4671368501823.202 4176514711475.8687 4071003924587.4565 4914202803718.13 3923501518315.568 2507887102813.2847 2116050207009.257 2033143613917.4155 1539420604953.9238 440405705770.23474 759854339581.6726 706953656138.3846 761005200261.2432 1195883589945.8123 799783253031.134 879808880975.7496 810845066934.5814 1083029957700.2594 1146607928793.4995 1376376401955.9407 1219835451814.3364 1382911322345.3665 1684420155499.176 1481221475700.7148 1641580283004.3438 1470814579630.053 1412627109560.921 1281538748146.135 1323070342421.0513 1159236735659.6772 1033580386106.2556 1118938826393.705 991774253721.1454 1206289440556.1199 1170250132648.912 1465611089733.8484 1608643399532.5242
1394560619578.5142 752471373902.3672 909009064078.0914 1013323046844.329 1877736196825.3477 1460788270833.138 1670930741459.5383 1350084809322.1248 1524852140889.6035 920121006943.4736 1527203772249.8396 1478537224656.2183 1513366807973.537 1639170697940.168 2122352016004.36 2136877124412.6272 2643746976915.0063 2959586496901.8345 3890258714568.081 4847432528072.776 6203470093238.667 5720909333831.534 4415204217300.379 5058041632526.011 5230358826498.178 4332361281094.381 2975602981309.8633 2410677493341.76 2298224617580.8154 1457027887027.9553 111386256442.22655 465183746264.207 509759133622.21204 943931995316.0044 677171061376.5037 557582655020.6038 857603721590.0115 838145954778.2008 824900136754.0105 1168635466933.441 1172109562648.8916 1431973584810.306 1378777825027.5198 1407448272814.9155 1864911633973.728 2143029746296.3843 878946282581.5598 1254837925486.5693 1367869935194.805 1245791677041.1692 941995902456.5939 1014043389437.994 1036737110021.3751 1011472648357.0011 983030691451.749 1063780017063.6176 1587984168336.6582 2257451580281.991
552983333669.4943 551694052536.3889 189967243832.70688 368564514049.56036 1081256903909.7712 936772911294.4402 1370387029044.216 1678612991119.0251 1809369073312.9834 906484554189.4099 2032045559325.016 1911364085573.061 1945020322434.0686 2007261739441.9795 2476851204632.7026 2415976010166.0225 2776636775286.5396 4593339838727.165 5201806262926.045 -9999.0 -9999.0 6087733529297.902 5325623352853.401 5065074896882.171 5325009903426.251 5357046117170.731 4061406206038.2534 3396736300009.591 2570250351292.14 1621857398226.2014 1097056784013.686 683060395136.9573 585075994121.8856 1131522310315.9382 430930172195.8214 384850767889.4084 687511486799.0468 756084242691.0184 1463274914189.568 1187894861625.7546 1357722125485.9307 1473088445500.3345 1701255640437.416 1807239766474.088 1927830758825.6067 1893691125467.62 2419864660826.9946 2185873940225.8076 1708700747970.4624 868996539727.0809 1217634870155.0166 1593889164167.4265 1230464185414.3162 1753097782735.8052 1284668456231.5635 1215871482746.995 1433611114843.2107 2018967101447.8618
561702011500.1573 576210577281.5829 924424899721.438 681083237451.753 684171077346.1727 1058727077603.377 1070085185835.7205 1400568629613.4111 1495712919071.1465 1679279325394.8945 1781427257472.9065 2009459950483.6267 -9999.0 -9999.0 -9999.0 -9999.0 -9999.0 -9999.0 -9999.0 -9999.0 -9999.0 -9999.0 6323750322062.944 5842214868902.88 5548230737552.051 5761432164661.496 4613648850242.697 4464518269583.903 3179912558209.418 1978923693863.8586 1332328819822.3994 1338802130466.9307 1004091292160.3352 1201394282674.6562 454062673606.3759 526653906019.4867 517188411286.00604 1333740377294.8418 424641026131.9914 809512639764.3009 2383394574586.1074 1661752316607.1619 1861552681370.6582 2063488268157.5686 2070421751614.6523 1925062867947.7568 2181898086218.3645 2495535215606.6436 2210744843126.9414 2222030953953.28 2049698830753.0742 1683312278498.7148 1375527181449.6196 1413832923606.0127 -9999.0 -9999.0 2304288744821.1177 1985820459516.7131
1007073295870.736 1188925818763.9998 1035561516014.8173 748912845455.1118 592050246357.5911 1306535717172.5442 872386023252.8551 1407647176202.0134 831739610471.0687 1692817828365.8674 1321748106756.4368 1778640822408.686 -9999.0 -9999.0 -9999.0 -9999.0 -9999.0 -9999.0 -9999.0 -9999.0 -9999.0 -9999.0 5880306820576.382 6922846790596.764 6330558806694.37 5582841731446.433 4759113002840.909 5027592754227.04 2980838843120.8022 3365481872795.0566 2027404073292.6316 1927796125155.5352 1610095076666.8845 1158498779544.201 390886429256.3785 454862740371.7187 440294429116.28656 663404928950.3302 835486124057.2888 1071627927415.3186 1644569721653.2126 1864777586772.8118 2006264676941.8918 2134828885018.4553 2195006396164.4338 2183423701997.6702 2172627574897.9548 2434037904499.0205 2810141448468.104 2671832383552.778 2607382944358.9097 2645006898335.5107 2070962174110.4583 -9999.0 -9999.0 -9999.0 -9999.0 2883926437211.3857
1638063542800.97 1575519640706.093 1384194352148.9033 757736947795.4462 979430978932.8433 1098477947874.9633 1273228748684.002 1352677675016.1733 1179716930401.4675 1534010832929.4873 1499816273574.9548 2628644037364.085 -9999.0 -9999.0 -9999.0 -9999.0 -9999.0 -9999.0 -9999.0 -9999.0 -9999.0 -9999.0 -9999.0 6078221211372.317 7292976796213.703 5777785802061.025 5051218957309.017 5188822603226.139 4744467689602.087 3589466603130.048 1867343354320.5496 1941965956412.3074 1916053660470.229 863120589621.2307 698259901683.3064 670764321356.8325 644281042842.6565 1422257651557.3867 1735298402920.407 1384403453784.5815 1718531277955.3262 1925186653225.3127 2078963620399.6492 3326415398069.637 2534944742837.2666 2494873454015.8223 2539358128137.8354 2321269469459.229 2644387485931.4263 2831124217163.0894 2969742173043.3228 2141127917124.5303 -9999.0 -9999.0 -9999.0 -9999.0 -9999.0 3878653396768.647
1447181300137.9978 1659826197921.456 1029630692088.0579 973685547905.0765 1260235507499.1052 1046730276449.8788 1091349014313.4594 1186688429822.2107 460970997924.6412 373613476371.8462 2157551616817.4592 -9999.0 -9999.0 -9999.0 -9999.0 -9999.0 -9999.0 -9999.0 -9999.0 -9999.0 -9999.0 -9999.0 -9999.0 -9999.0 5744873659116.055 6029355973050.677 5008329659134.798 5027563932188.039 4365142557006.8687 2589092285096.891 2264269172549.223 1588139628679.8054 1373857519696.6526 770437266460.6023 475790923347.56573 332042438144.0981 770823092511.7782 1776202731685.5415 2001245901744.5298 1282322379049.672 1508974107773.2407 1293554689344.3804 2668449982367.8457 2700863709298.228 3056353689880.6196 2842012973478.116 2906375611061.2065 2596741190764.908 2789368761209.6772 3633062778473.213 -9999 -9999.0 -9999.0 -9999.0 -9999.0 -9999.0 3823939455518.494 3910445685372.9365
1374146673723.817 1787671065909.6855 1179877807096.7185 976991220226.4015 891440461967.2887 1303741458083.7083 1210147383731.3838 173994615954.43066 1340162125866.9282 -9999.0 -9999.0 -9999.0 -9999.0 -9999.0 -9999.0 -9999.0 -9999.0 -9999.0 -9999.0 -9999.0 -9999.0 -9999.0 -9999.0 -9999.0 -9999.0 6893030871560.91 5203306424640.931 4926709881080.698 3792710495324.7837 3378708467018.967 2565829677112.437 1728107989316.5334 1269616095608.1716 407192456239.2192 397943462979.2583 290479255554.9773 325923427454.2963 553513953139.3613 1483672664505.4617 1030134911874.4253 1586629174188.8647 1719317130653.042 2737782119708.7188 1839920351287.899 3340413042508.08 3164018303036.448 3247513748256.8354 3147737579110.7134 3997321932147.7725 4193269140393.062 -9999.0 -9999.0 -9999.0 -9999.0 -9999.0 3069346225300.608 3864105311266.464 4373139070699.0273
1782082042516.0085 1234183424717.3447 1531310154904.156 978554751644.499 611701097736.1293 954644483763.9424 171110322796.04822 1391018611228.0938 -9999.0 -9999.0 -9999.0 -9999.0 -9999.0 -9999.0 -9999.0 -9999.0 -9999.0 -9999.0 -9999.0 -9999.0 -9999.0 -9999.0 -9999.0 -9999.0 -9999.0 7774853294249.571 5833749370954.876 4945252004238.322 4780615121902.013 3607383036876.9067 2639833584707.646 1749271795232.2993 1503934985427.982 524643992225.41504 322358093819.0184 110302154091.34769 108462490133.78134 166832613087.52737 835452771491.6699 666291888569.7677 1583721075981.9539 2218682483638.1074 2720611499442.5225 2846637877489.018 3072857971389.87 3048488595571.9536 3310330424442.149 3990373623032.245 4724429410289.337 5160207912186.062 -9999.0 -9999.0 -9999.0 -9999.0 -9999.0 3750427938528.586 4094388443543.253 4689364698122.544
858447213432.7925 902045672264.55 1242753691140.115 1139768963316.445 467845838810.70746 147307970753.62775 1607623007247.2075 -9999.0 -9999.0 -9999.0 -9999.0 -9999.0 -9999.0 -9999.0 -9999.0 -9999.0 -9999.0 -9999.0 -9999.0 -9999.0 -9999.0 -9999.0 -9999.0 -9999.0 -9999.0 -9999.0 7628467866440.575 4923979018047.925 5336846769644.5 4559304997493.125 2982988969105.475 2142156426909.3726 1989680662021.7449 539796984350.88245 309510346075.7275 461817770214.68 417005225848.99744 446659961686.565 523384633997.5825 874473938668.1375 1294952783648.535 2227868107758.1226 2695111980135.19 3398294133161.9497 3100327230896.4995 3944625103692.9 3874618197784.6753 4462503495528.375 4087273406408.775 4391023798515.2 5543878380905.7 -9999.0 -9999.0 -9999.0 -9999.0 3168351506228.15 4172130111309.0503 3345053549293.2246
1588962178418.224 1105049012318.6672 1122195272947.8862 931286410554.7625 833675089901.5455 0.0 -9999.0 -9999.0 -9999.0 -9999.0 -9999.0 -9999.0 -9999.0 -9999.0 -9999.0 -9999.0 -9999.0 -9999.0 -9999.0 -9999.0 -9999.0 -9999.0 -9999.0 -9999.0 -9999.0 -9999.0 6282466472540.51 5063860088405.258 5533861476977.896 4899867282688.508 3421553778453.8667 2740307605742.823 1780601455218.9631 950155980721.1659 743276271003.9258 324916753625.2456 225084203912.89902 386091847244.1128 1040123044239.3782 834552351639.0654 1870174022849.5615 2203887482393.9746 2291619081767.639 2497649836174.349 2501924984090.95 3063774406491.831 4508237833560.902 5357550697228.262 4788797356321.99 5412072595599.571 5633577957775.457 5577592367131.288 -9999.0 -9999.0 -9999.0 -9999.0 -9999.0 -9999.0
1179598092481.5454 1082019440391.1299 866107485152.5791 178210632710.60098 -9999.0 -9999.0 -9999.0 -9999.0 -9999.0 -9999.0 -9999.0 -9999.0 -9999.0 -9999.0 -9999.0 -9999.0 -9999.0 -9999.0 -9999.0 -9999.0 -9999.0 -9999.0 -9999.0 -9999.0 -9999.0 -9999.0 -9999.0 5172509601831.395 5673352526954.469 4883299177127.634 4373761163071.4077 4232578845150.182 2147416925972.156 1245924156518.538 1020229900238.262 350706242785.57196 443702844637.49585 1386574327559.5264 1803232491794.8643 1059695522183.8192 1383358788137.6692 2041208995324.3953 2215311551359.732 1831500623203.206 1854673882659.4678 2838738398397.266 3627077421732.4834 5195969579290.312 4582637631561.697 4242650895256.6816 5085600626001.419 5808412322709.42 4627667419560.078 -9999.0 -9999.0 -9999.0 -9999.0 -9999.0
1317622227782.169 1311635420613.5698 267784421958.2961 -9999.0 -9999.0 -9999.0 -9999.0 -9999.0 -9999.0 -9999.0 -9999.0 -9999.0 -9999.0 -9999.0 -9999.0 -9999.0 -9999.0 -9999.0 -9999.0 -9999.0 -9999.0 -9999.0 -9999.0 -9999.0 -9999.0 -9999.0 7884960817524.22 6344726888240.056 6051275885260.699 5645622507116.512 5633027463997.385 5072203686358.695 4423797053201.8955 3768916397383.538 1621549726456.3032 941939236380.9658 1254114068655.8845 1895576016860.1787 2036196756648.2693 641405435924.9525 279390157474.8774 1628732259838.804 1794616165492.6353 800784434529.8627 1328848503744.5974 2396048681464.161 2925631245858.706 3058923108008.8984 3468418065287.5137 3344462611489.627 3921545474049.0405 5023714825498.439 6228816822714.305 2271250731480.8784 -9999.0 -9999.0 -9999.0 -9999.0
1378423393963.1387 1367399254501.8108 954199341469.2823 -9999.0 -9999.0 -9999.0 -9999.0 -9999.0 -9999.0 -9999.0 -9999.0 -9999.0 -9999.0 -9999.0 -9999.0 -9999.0 -9999.0 -9999.0 -9999.0 -9999.0 -9999.0 -9999.0 -9999.0 -9999.0 -9999.0 -9999.0 6360162555920.0625 6730107491752.866 6706459470594.284 6646158704970.134 7945524687042.073 -9999.0 -9999 4886883141093.996 2798370545414.739 1734736282609.3896 883427326182.3687 1857003868590.143 1693968315300.7761 1256571629271.1218 1066579773079.8604 862468949661.128 599156968202.7429 1762440422523.831 2106398811859.4817 2410022824390.835 2016650677565.5645 2116059880532.7632 3222109085333.0664 3179852765736.838 3782586781438.2114 4825383171298.003 4766582837886.56 4817648895137.733 4135698285469.191 -9999.0 -9999.0 -9999.0
1910975433930.304 -9999.0 -9999.0 -9999.0 -9999.0 -9999.0 -9999.0 -9999.0 -9999.0 -9999.0 -9999.0 -9999.0 -9999.0 -9999.0 -9999.0 -9999.0 -9999.0 -9999.0 -9999.0 -9999.0 -9999.0 -9999.0 -9999.0 -9999.0 -9999.0 -9999.0 9914469361986.207 9585969319075.682 6611682843224.169 6745065985365.907 -9999.0 -9999.0 -9999.0 5343804374420.449 4136827184217.09 2608427135229.1387 941545425414.6819 2054213295067.926 1472030394441.5032 2021791500839.1675 2319418413567.5938 1662752405489.8235 1788753558069.8447 2154373662663.665 1461586029669.1143 1813713320867.9297 2015201447241.3484 2351252234944.995 2163379961271.787 3531324621775.9766 3620853317783.147 3331807493447.064 5041678545280.364 5159622065657.672 5303331485975.386 4944090896954.083 -9999.0 -9999.0
-9999.0 -9999.0 -9999.0 -9999.0 -9999.0 -9999.0 -9999.0 -9999.0 -9999.0 -9999.0 -9999.0 -9999.0 -9999.0 -9999.0 -9999.0 -9999.0 -9999.0 -9999.0 -9999.0 -9999.0 -9999.0 -9999.0 -9999.0 -9999.0 -9999.0 -9999.0 -9999.0 -9999.0 -9999.0 -9999.0 -9999.0 -9999.0 -9999.0 7994972517092.935 6486331265394.642 4759104653802.867 2438355090696.709 2117606231902.5464 1747753206010.7515 2108649357511.466 2623261119247.9917 1466718403628.0767 1167941207402.2192 696101380498.2958 1633543350715.3008 1896301629210.8267 2496124865715.6626 3029066975903.375 3526454531593.5107 3764780863423.0854 4281437874795.4 3577593520190.8 3868174161598.2847 4935929844921.625 4863787851794.823 4686087708067.947 -9999.0 -9999.0
-9999.0 -9999.0 -9999.0 -9999.0 -9999.0 -9999.0 -9999.0 -9999.0 -9999.0 -9999.0 -9999.0 -9999.0 -9999.0 -9999.0 -9999.0 -9999.0 -9999.0 -9999.0 -9999.0 -9999.0 -9999.0 -9999.0 -9999.0 -9999.0 -9999.0 -9999.0 -9999.0 -9999.0 -9999.0 -9999.0 -9999.0 -9999.0 -9999.0 6659037354189.1875 7650470950300.237 6890500378235.512 3000008115506.213 2425872169502.895 765589371668.8575 2417432393536.5073 3202633700835.825 2323207032715.9233 1697797695930.0261 1588811351872.391 2130243059499.0078 2473031818299.7236 1658591228459.1414 2129462582612.1375 3308204361559.313 3903359113875.7495 2743084644437.404 2824850997342.4463 3244642129519.65 3187305367123.4624 4118638445396.4 3722861691034.5 3972079058425.7627 -9999.0
-9999.0 -9999.0 -9999.0 -9999.0 -9999.0 -9999.0 -9999.0 -9999.0 -9999.0 -9999.0 -9999.0 -9999.0 -9999.0 -9999.0 -9999.0 -9999.0 -9999.0 -9999.0 -9999.0 -9999.0 -9999.0 -9999.0 -9999.0 -9999.0 -9999.0 -9999.0 -9999.0 -9999.0 -9999.0 -9999.0 -9999.0 -9999.0 -9999.0 -9999.0 11566927962736.014 6800093047077.571 5170502289501.943 1809652851288.8772 1652081726005.9202 3147680793249.93 4240242525252.471 3322152416129.1016 1465026485002.9724 1457411357844.5396 1342426784332.8345 2336752188672.259 1584081849296.965 2689756795958.319 2262048073798.3105 2568422312163.9824 2992871982631.616 2136436656883.757 2664675945626.134 3379902140888.592 3524684007886.858 3994155528323.867 3785169564058.5938 -9999.0
-9999.0 -9999.0 -9999.0 -9999.0 -9999.0 -9999.0 -9999.0 -9999.0 -9999.0 -9999.0 -9999.0 -9999.0 -9999.0 -9999.0 -9999.0 -9999.0 -9999.0 -9999.0 -9999.0 -9999.0 -9999.0 -9999.0 -9999.0 -9999.0 -9999.0 -9999.0 -9999.0 -9999.0 -9999.0 -9999.0 -9999.0 -9999.0 -9999.0 -9999.0 14040496345068.637 9453680760258.797 5419737253455.088 1986902105337.3215 2036429928109.5208 3571282726641.6523 4600649140479.198 4220274493646.799 3694409190240.632 2759322837112.751 2383316287971.21 2387509319319.1133 2080577739999.0024 2001776114292.4067 3060275137680.341 2274532858305.755 2564983713447.0493 1919480612942.8223 1669706579338.1545 3559662216218.0654 3570137533414.888 2886037042460.5415 3376248233727.8823 -9999.0
-9999.0 -9999.0 -9999.0 -9999.0 -9999.0 -9999.0 -9999.0 -9999.0 -9999.0 -9999.0 -9999.0 -9999.0 -9999.0 -9999.0 -9999.0 -9999.0 -9999.0 -9999.0 -9999.0 -9999.0 -9999.0 -9999.0 -9999.0 5247594378822.596 5768983343683.903 -9999.0 -9999.0 -9999.0 -9999.0 -9999.0 -9999.0 -9999.0 -9999.0 -9999.0 7601363331022.718 8556349647884.652 5857047722201.977 2523401722111.1514 6249170179469.604 5193422085255.261 1235442617892.3372 3592223822761.4736 3691078655982.732 3445124558522.79 2654061861217.231 2798256880302.0674 2953501988323.788 2527280011734.9214 3113659416313.6606 1360603907098.0657 3123447088722.804 2441381826557.6367 2193760081095.8203 2653648482662.832 3117387834850.3174 3737055759251.6147 3181718104364.4287 -9999.0
-9999.0 -9999.0 -9999.0 -9999.0 -9999.0 -9999.0 -9999.0 -9999.0 -9999.0 -9999.0 -9999.0 -9999.0 -9999.0 -9999.0 -9999.0 -9999.0 -9999.0 -9999.0 -9999.0 -9999.0 -9999.0 -9999.0 -9999.0 5239495082939.985 -9999.0 -9999.0 -9999.0 -9999.0 -9999.0 -9999.0 -9999.0 -9999.0 -9999.0 -9999.0 3745694284398.361 11327779733652.375 3981272150074.4097 2311431265775.945 -9999 2935972534305.1816 1745673501168.693 3386813874784.326 5140427882651.304 5852731656349.67 4773785603709.437 4095154438510.27 2547870052288.341 3390124195874.0513 2055606137932.7686 1320552440818.4905 3343508166503.918 2478294348708.814 3426911912418.7554 3222827851412.581 2611233009289.0444 2922646766982.424 3138973786596.544 -9999.0
-9999.0 -9999.0 -9999.0 -9999.0 -9999.0 -9999.0 -9999.0 -9999.0 -9999.0 -9999.0 -9999.0 -9999.0 -9999.0 -9999.0 -9999.0 -9999.0 -9999.0 -9999.0 -9999.0 -9999.0 -9999.0 -9999.0 -9999.0 5852239990624.038 -9999.0 -9999.0 -9999.0 -9999.0 -9999.0 -9999.0 -9999.0 -9999.0 -9999.0 -9999 3530066902055.806 7250584392696.338 3030279627982.582 983193630457.8839 -9999.0 -9999.0 -9999.0 -9999.0 8143012772620.218 7964325360013.705 7281081612107.775 4989218356163.454 2580086960393.159 3054608817640.798 1922905101110.5198 2371310774011.12 2035992922588.4822 2175030729919.047 2405612678127.728 2588762117459.3755 3202077332768.0796 2792402159679.4146 2505637827353.292 -9999.0
