Model Version1.4/trunk/output/1999/fag.asc
ncols 720
nrows 360
xllcorner -180
yllcorner -90
cellsize 0.5
NODATA_value -1
[rows 31 to 61 of 360, columns 414 to 482 of 720]
-1.0 -1.0 -1.0 -1.0 -1.0 -1.0 -1.0 -1.0 -1.0 -1.0 -1.0 -1.0 -1.0 -1.0 -1.0 -1.0 -1.0 -1.0 -1.0 -1.0 -1.0 -1.0 -1.0 -1.0 -1.0 -1.0 -1.0 -1.0 -1.0 -1.0 -1.0 -1.0 -1.0 -1.0 -1.0 -1.0 -1.0 -1.0 -1.0 -1.0 -1.0 -1.0 -1.0 -1.0 -1.0 -1.0 -1.0 -1.0 -1.0 -1.0 -1.0 -1.0 -1.0 -1.0 -1.0 -1.0 0.0 0.0 0.0 0.0 0.0 0.0 0.0 0.0 0.0 -1.0 -1.0 -1.0 -1.0
-1.0 -1.0 -1.0 -1.0 -1.0 -1.0 -1.0 -1.0 -1.0 -1.0 -1.0 -1.0 -1.0 -1.0 -1.0 -1.0 -1.0 -1.0 -1.0 -1.0 -1.0 -1.0 -1.0 -1.0 -1.0 -1.0 -1.0 -1.0 -1.0 -1.0 -1.0 -1.0 -1.0 -1.0 -1.0 -1.0 -1.0 -1.0 -1.0 -1.0 -1.0 -1.0 -1.0 -1.0 -1.0 -1.0 -1.0 -1.0 -1.0 -1.0 -1.0 -1.0 -1.0 -1.0 0.0 0.0 0.0 0.0 0.0 0.0 0.0 0.0 0.0 -1.0 -1.0 -1.0 -1.0 -1.0 -1.0
-1.0 -1.0 -1.0 -1.0 -1.0 -1.0 -1.0 -1.0 -1.0 -1.0 -1.0 -1.0 -1.0 -1.0 -1.0 -1.0 -1.0 -1.0 -1.0 -1.0 -1.0 -1.0 -1.0 -1.0 -1.0 -1.0 -1.0 -1.0 -1.0 -1.0 -1.0 -1.0 -1.0 -1.0 -1.0 -1.0 -1.0 -1.0 -1.0 -1.0 -1.0 -1.0 -1.0 -1.0 -1.0 -1.0 -1.0 -1.0 -1.0 -1.0 -1.0 -1.0 -1.0 0.0 0.0 0.0 0.0 0.0 0.0 0.0 0.0 -1.0 -1.0 -1.0 -1.0 -1.0 -1.0 -1.0 -1.0
-1.0 -1.0 -1.0 -1.0 -1.0 -1.0 -1.0 -1.0 -1.0 -1.0 -1.0 -1.0 -1.0 -1.0 -1.0 -1.0 -1.0 -1.0 -1.0 -1.0 -1.0 -1.0 -1.0 -1.0 -1.0 -1.0 -1.0 -1.0 -1.0 -1.0 -1.0 -1.0 -1.0 -1.0 -1.0 -1.0 -1.0 -1.0 -1.0 -1.0 -1.0 -1.0 -1.0 -1.0 -1.0 -1.0 -1.0 -1.0 -1.0 -1.0 -1.0 0.0 0.0 0.0 0.0 0.0 0.0 0.0 0.0 -1.0 -1.0 -1.0 -1.0 -1.0 -1.0 -1.0 -1.0 -1.0 -1.0
-1.0 -1.0 -1.0 -1.0 -1.0 -1.0 -1.0 -1.0 -1.0 -1.0 -1.0 -1.0 -1.0 -1.0 -1.0 -1.0 -1.0 -1.0 -1.0 -1.0 -1.0 -1.0 -1.0 -1.0 -1.0 -1.0 -1.0 -1.0 -1.0 -1.0 -1.0 -1.0 -1.0 -1.0 -1.0 -1.0 -1.0 -1.0 -1.0 -1.0 -1.0 -1.0 -1.0 -1.0 -1.0 -1.0 -1.0 -1.0 -1.0 -1.0 -1.0 0.0 0.0 0.0 0.0 0.0 0.0 0.0 -1.0 -1.0 -1.0 -1.0 -1.0 -1.0 -1.0 -1.0 -1.0 -1.0 -1.0
-1.0 -1.0 -1.0 -1.0 -1.0 -1.0 -1.0 -1.0 -1.0 -1.0 -1.0 -1.0 -1.0 -1.0 -1.0 -1.0 -1.0 -1.0 -1.0 -1.0 -1.0 -1.0 -1.0 -1.0 -1.0 -1.0 -1.0 -1.0 -1.0 -1.0 -1.0 -1.0 -1.0 -1.0 -1.0 -1.0 -1.0 -1.0 -1.0 -1.0 -1.0 -1.0 -1.0 -1.0 -1.0 -1.0 -1.0 -1.0 -1.0 0.0 0.0 0.0 0.0 0.0 0.0 0.0 0.0 0.0 -1.0 -1.0 -1.0 -1.0 -1.0 -1.0 -1.0 -1.0 -1.0 -1.0 -1.0
0.0 0.0 0.0 -1.0 -1.0 -1.0 -1.0 -1.0 -1.0 -1.0 -1.0 -1.0 -1.0 -1.0 -1.0 -1.0 -1.0 -1.0 -1.0 -1.0 -1.0 -1.0 -1.0 -1.0 -1.0 -1.0 -1.0 -1.0 -1.0 -1.0 -1.0 -1.0 -1.0 -1.0 -1.0 -1.0 -1.0 -1.0 -1.0 -1.0 -1.0 -1.0 -1.0 -1.0 -1.0 -1.0 -1.0 -1.0 -1.0 -1.0 0.0 0.0 0.0 0.0 0.0 0.0 0.0 0.0 0.0 -1.0 -1.0 -1.0 -1.0 -1.0 -1.0 -1.0 -1.0 -1.0 -1.0
0.0 0.0 0.0 0.0 0.0 0.0 0.0 0.0 -1.0 -1.0 -1.0 -1.0 -1.0 -1.0 -1.0 -1.0 -1.0 -1.0 -1.0 -1.0 -1.0 -1.0 -1.0 -1.0 -1.0 -1.0 -1.0 -1.0 -1.0 -1.0 -1.0 -1.0 -1.0 -1.0 -1.0 -1.0 -1.0 -1.0 -1.0 -1.0 -1.0 -1.0 -1.0 -1.0 -1.0 -1.0 -1.0 -1.0 -1.0 -1.0 -1.0 -1.0 -1.0 0.0 0.0 0.0 0.0 0.0 0.0 0.0 0.0 -1.0 -1.0 -1.0 -1.0 -1.0 -1.0 -1.0 -1.0
0.0 0.0 0.0 0.0 0.0 0.0 0.0 0.0 0.0 -1.0 -1.0 -1.0 -1.0 -1.0 -1.0 -1.0 -1.0 -1.0 -1.0 -1.0 -1.0 -1.0 -1.0 -1.0 -1.0 -1.0 -1.0 -1.0 -1.0 -1.0 -1.0 -1.0 -1.0 -1.0 -1.0 -1.0 -1.0 -1.0 -1.0 -1.0 -1.0 -1.0 -1.0 -1.0 -1.0 -1.0 -1.0 -1.0 -1.0 -1.0 -1.0 -1.0 -1.0 -1.0 -1.0 -1.0 -1.0 -1.0 -1.0 -1.0 -1.0 -1.0 -1.0 0.0 0.0 0.0 -1.0 -1.0 -1.0
0.0 0.0 0.0 0.0 0.0 0.0 0.0 0.0 0.0 0.0 0.0016397952050794706 0.0 -1.0 -1.0 -1.0 -1.0 -1.0 -1.0 -1.0 -1.0 -1.0 -1.0 -1.0 -1.0 -1.0 -1.0 -1.0 -1.0 -1.0 -1.0 -1.0 -1.0 -1.0 -1.0 -1.0 -1.0 -1.0 -1.0 -1.0 -1.0 -1.0 -1.0 -1.0 -1.0 -1.0 -1.0 -1.0 -1.0 -1.0 -1.0 -1.0 -1.0 -1.0 -1.0 -1.0 -1.0 -1.0 -1.0 -1.0 -1.0 -1.0 -1.0 -1.0 0.0 0.0 0.0 0.0 0.0 0.0
0.0 0.0009326058131205506 0.0 0.0 0.0 0.0 0.0 0.0 0.0 0.0 0.0 0.0 0.0 0.0 0.0 0.0 0.0037069197833600382 0.0 0.0 -1.0 -1.0 -1.0 -1.0 -1.0 -1.0 -1.0 -1.0 -1.0 -1.0 -1.0 -1.0 -1.0 -1.0 -1.0 -1.0 -1.0 -1.0 -1.0 -1.0 -1.0 -1.0 -1.0 0.0 0.0 0.0 0.0 0.0 -1.0 -1.0 -1.0 -1.0 -1.0 -1.0 -1.0 -1.0 -1.0 -1.0 -1.0 -1.0 -1.0 -1.0 -1.0 -1.0 -1.0 -1.0 -1.0 0.0 0.0 0.0
0.0 0.0 0.0 0.0 0.0 0.0 0.0 0.0 0.0 0.0 0.0 0.0 0.0 0.0 0.0 0.0 0.013253312934000876 0.01040542831431102 0.020221914161070793 0.026736215639120802 0.027764391302944207 0.0 -1.0 -1.0 -1.0 -1.0 -1.0 -1.0 -1.0 -1.0 -1.0 -1.0 0.0 -1.0 -1.0 -1.0 -1.0 -1.0 -1.0 -1.0 -1.0 -1.0 0.0 0.0008956240123198405 0.0026768451488766586 0.0 -1.0 -1.0 -1.0 -1.0 -1.0 0.0 0.0 0.0 -1.0 -1.0 -1.0 -1.0 -1.0 -1.0 -1.0 0.0 0.0 0.0 0.0 -1.0 -1.0 0.0 0.0
0.0 0.0 0.0 0.0 0.0 0.0 0.0 0.0 0.000980716138687748 0.0 0.0 0.0 0.0 0.0 0.0 0.0 0.0 0.0 0.0 0.020280808724122155 0.02697877367014063 0.02776328004612475 0.027662245108860315 0.017089826140282295 0.0 0.0 -1.0 -1.0 -1.0 -1.0 -1.0 -1.0 -1.0 0.0 0.0 0.0 0.0 0.0 0.0 -1.0 -1.0 -1.0 -1.0 -1.0 -1.0 -1.0 0.0 0.0 0.0 0.0 0.0 0.0 0.0 0.0 0.0 0.0 0.0 0.0 0.0 0.0 0.0 0.0 0.0 0.0 0.0 0.0 0.0 0.0 0.0
0.0 0.0 0.0 0.0 0.0 0.0 0.0 0.0 0.0 0.0 0.0 0.0 0.0015976355439382185 0.0 0.0 0.0 0.0 0.0 0.0 0.0 0.0 0.02795864295086164 0.026580007671674358 0.026788328595435267 0.0 0.0 0.0 0.0 -1.0 -1.0 -1.0 -1.0 -1.0 -1.0 0.0 0.0 0.0 0.0 0.0 -1.0 -1.0 0.0 0.0 0.0 0.0 0.0 0.0 0.0 0.0 0.0 0.0 0.0 0.0 0.0 0.0 0.0 0.0 0.0 0.0 0.0 0.0 0.0 0.0 0.0 0.0 0.0 0.0 0.0 0.0
0.0 0.0 0.0 0.0 0.0 0.0 0.0 0.0 0.0 0.0 0.0 0.0 0.0 0.0 0.0 0.0 0.0 0.0 0.0 0.0 0.01002462083941532 0.0 0.02756820716018588 0.0 0.0 0.0 0.0 0.0 0.0 -1.0 -1.0 -1.0 -1.0 0.0 0.0043483145674701445 0.0042925042796454465 0.0 0.0 -1.0 -1.0 -1.0 0.005921887337801514 0.0 0.0 0.0 0.0 0.0 0.0 0.0 0.0 0.0 0.0 0.0 0.0 0.0 0.0 0.0 0.0 0.0 0.0 0.0 0.0 0.0 0.0 0.0 0.0 0.0 0.0 0.0
0.0 0.0 0.0 0.0 0.0 0.0 0.0 0.0 0.0 0.0 0.0 0.0 0.0 0.0 0.0 0.0 0.0 0.0 0.0 0.0 0.0 0.0 0.0 0.0 0.0 0.0 0.0 0.0 0.0 -1.0 -1.0 -1.0 -1.0 -1.0 -1.0 0.0 0.0 0.0 0.0 0.0 0.0 0.0 0.0 0.0 0.0 0.0 0.0 0.0 0.0 0.0 0.0 0.0 0.0 0.0 0.0 0.0 0.0 0.0 0.0 0.0 0.0 0.0 0.0 0.0 0.0 0.0 0.0 0.0 0.0
0.0 0.0 0.0 0.0 0.0 0.0 0.0 0.002784990187699346 0.0008678261456168771 0.0 0.0 0.0 0.0 0.0 0.0 -1.0 0.0 0.0 0.0 0.0 0.0 0.0 0.0 0.0 0.0 0.000841158840782359 0.0 -1.0 0.0 0.0 0.0 0.0 0.0 0.0 0.00504696890297306 0.0 0.0 0.0 0.0 0.0 0.0 0.0 0.0 0.0 0.0 0.0 0.0 0.0 0.0 0.0 0.0 0.0 0.0 0.0 0.0 0.0 0.0 0.0 0.0 0.0 0.0 0.0 0.0 0.0 0.0 0.0 0.0 0.0 0.0
0.0 0.0 0.004743074922947084 0.0 0.0 0.0 0.0 0.0 0.001374437159717766 0.0 0.0 0.0 0.0 0.0 0.02766783094784244 0.014135790809853489 -1.0 -1.0 -1.0 -1.0 -1.0 -1.0 -1.0 -1.0 -1.0 0.0 0.0 0.0 0.0 0.0 0.0 0.0 0.0 0.0 0.0 0.0 0.0 0.0 0.0 0.0 0.0 0.0 0.0 0.0 0.0 0.0 0.0 0.0 0.0 0.0 0.0 0.0 0.0 0.0 0.0 0.0 0.0 0.0 0.0 0.0 0.0 0.0 0.0 0.0 0.0 0.0 0.0 0.0 0.0
0.02635701281728068 0.0 0.0 0.0 0.0052767064237761365 0.0 0.019950738773198678 0.0007980264005640111 0.0 0.0 0.0 0.0 0.0 0.0 0.003447681349504716 0.0 -1.0 0.0 -1.0 0.0 0.0 0.0 -1.0 -1.0 -1.0 0.0025233087251722683 0.012768531219644394 0.0 0.0 0.0 0.0 0.0 0.0 0.0 0.0 0.0 0.0 0.0 0.0 0.0 0.0 0.0 0.0 0.0 0.0 0.0 0.0 0.0 0.0 0.0 0.0 0.0 0.0 0.0 0.0 0.0 0.0 0.0 0.0 0.0 0.0 0.0 0.0 0.0 0.0 0.0 0.0 0.0 0.0
0.0 0.0 0.0 0.014720049590347475 0.008249625584120027 0.0 0.019249125882003785 0.0747213026961998 0.0 0.0 0.0 0.0 0.0 0.0 0.0 0.16997267074526054 -1.0 -1.0 -1.0 0.003965036301497238 0.0 0.0 0.0058396864880513235 0.0 0.022176166998136387 0.007808966658529903 0.1551771467722365 0.18162522193932618 0.0 0.0 0.0 0.0 0.0 0.0 0.0 0.0 0.0 0.0 0.0 0.0 0.0 0.0 0.0 0.0 0.0 0.0 0.0 0.0 0.0 0.0 0.0 0.0 0.0 0.0 0.0 0.0 0.0 0.0 0.0 0.0 0.0 0.0 0.0 0.0 0.0 0.0 0.0 0.0 0.0
0.020012481081206634 0.098868261937275 0.01665267640522817 0.0 0.008048527388721792 0.0 0.0 0.0 0.01237656516373526 0.01189345217300496 0.019746360712393912 0.0 0.0 0.0 0.06978621166205352 0.044144391428887826 0.02630558906334209 0.026174571672339886 0.029219440982926857 -1.0 0.002829457807255019 0.009761236309926744 0.009307088645479265 0.0 0.0 0.027587256041775945 0.02738612333269316 0.25965504610566453 0.07628941662423293 0.21535581712274487 0.0 0.0 0.0 0.0 0.0 0.0 0.0 0.0 0.0 0.0 0.0 0.0 0.0 0.0 0.0 0.0 0.0 0.0 0.0 0.0 0.0 0.0 0.0 0.0 0.0 0.0 0.0 0.0 0.0 0.0 0.0 0.0 0.0 0.0 0.0 0.0 0.0 0.0 0.0
0.0960467249011303 0.05558834419344252 0.027916620840232814 0.0 0.0 0.0 0.0 0.007929537106768091 0.0023788610972302485 0.0 0.0 0.0186026403855381 0.013835824891116316 0.0 0.07564992616604803 0.039308172497928874 0.02752563086407391 0.0 0.027589848010555196 0.0 0.027526159766781244 0.02775330680153145 0.08471031931951345 0.0 0.0 0.0 0.0 0.02762863885268194 0.026041142774654812 0.24012988992526718 0.0 0.0 0.0 0.0 0.0 0.0 0.0 0.0 0.0 0.0 0.0 0.0 0.0 0.0 0.0 0.0 0.0 0.0 0.0 0.0 0.0 0.0 0.0 0.0 0.0 0.0 0.0 0.0 0.0 0.0 0.0 0.0 0.0 0.0 0.0 0.0 0.0 0.0 0.0
0.0478956312358579 0.0676755773222819 0.027364760475097026 0.05095915380764683 0.025523161709327235 0.0035729835398854736 0.043994873789170365 0.0 0.0 0.0 0.0 0.0 0.04128981169678359 0.050313454745354 0.10323334911052238 0.05772845232345794 0.058784407656474066 0.05495790605846103 0.027832505132960858 0.0 0.0 0.0 0.0 0.0 0.0 0.0 0.08262254164358263 0.027672672227857298 0.055265317219079936 0.1322079437924068 0.2553579633865792 0.07955368203044826 0.0 0.0 0.0 0.0 0.0 0.0 0.0 0.0 0.0 0.0 0.0 0.0 0.0 0.0 0.0 0.0 0.0 0.0 0.0 0.0 0.0 0.0 0.0 0.0 0.0 0.0 0.0 0.0 0.0 0.0 0.0 0.0 0.0 0.0 0.0 0.0 0.0
0.0 0.02765013804662784 0.02195051667375994 0.011124864889006224 0.10648333865082939 0.07922326716752666 0.04858904330537298 0.048852731655210355 0.027516794384212714 0.011006731975761885 0.0183997464979282 0.027680348464291158 0.050358228267179055 0.06119646654806336 0.13422415875132762 0.13430215766281275 0.08077364996477689 0.10580220136973276 0.0552881110630249 0.0 0.0 0.0 0.0 0.016826349583172844 0.0 0.02762752321213428 0.13659622720151834 0.08243261912765455 0.027516794982896692 0.02790815202621247 0.027516794982896692 0.21089519292713205 0.21074957268335015 0.13675736862399301 0.0 0.0 0.0 0.0 0.0 0.0 0.0 0.0 0.0 0.0 0.0 0.0 0.0 0.0 0.0 0.0 0.0 0.0 0.0 0.0 0.0 0.0 0.0 0.0 0.0 0.0 0.0 0.0 0.0 0.0 0.0 0.0 0.0 0.0 0.0
0.06961436792880539 0.09761272025216959 0.0 0.05756943540193086 0.027903842561133013 0.0 0.027903841040113102 0.14272488280355955 0.027903842561020208 0.03828467184679803 0.0571917629491064 0.04531367807572644 0.0424769187419532 0.08333052541038223 0.0992620618647588 0.029792533713848 0.09695791111499756 0.06168644648241211 0.055348181006403846 0.027903842561223753 0.0 0.0 0.0 0.0 0.05528022094890644 0.027492585476467636 0.027607731314017704 0.0 0.0 0.027597530282271562 0.0 0.05443915384917328 0.0278273867877582 0.13546304021099398 0.10900931841680267 0.15765589776071715 0.16240642451509435 0.027903842561101577 0.0 0.0 0.0 0.0 0.0 0.0 0.0 0.0 0.21002164130335924 0.0 0.0 0.0 0.0 0.0 0.0 0.0 0.0 0.0 0.0 0.0 0.0 0.0 0.0 0.0 0.0 0.0 0.0 0.0 0.0 0.0 0.0
0.05986713903425377 0.0525367480315105 0.05062433802346642 0.0037555623827238635 0.018829132782749516 0.0518516070619574 0.5142938606703277 0.3950319323242255 0.12095189613303428 0.15689964488777983 0.07489024903888415 0.08236670685726255 0.0656329696270462 0.10673540429344965 0.2743998012852917 0.06566264469230806 0.0034478999768828766 0.0 0.20187143914750333 0.13731406537828608 0.08340017972655894 0.027675092683322685 0.02752487293217317 0.08194191365083699 0.05535011756065408 0.0 0.05223835935068073 0.027600017946896607 0.0 0.0 0.02789991247303924 0.08347505438585727 0.02789991247303924 0.027781018905050428 0.02760001662344975 0.02760001662344975 0.26435107660011203 0.18280456897626857 0.08203967229393558 0.027825038926440154 0.0 0.0 0.21835292188185387 0.13859857421231248 0.055124889555618596 0.02767509268322475 0.07659709007082412 0.3462244499370004 0.10872295596613357 0.13460045739632664 0.10709763548706394 0.0 0.0 0.0 0.0 0.0 0.0 0.0 0.0 0.0 0.0 0.0 0.0 0.0 0.0 0.0 0.0 0.0 0.0
0.04975742746063092 0.004705348650252849 0.06339119915035739 0.19630013432831422 0.14904636427628737 0.407800844273028 0.08228669669567065 -1.0 -1.0 0.07137738500351867 0.1056882300194571 0.233239283563935 0.11143766202772197 0.08317452501214352 0.0832121198497969 0.20897288880669976 0.3760084973055836 0.050604724254952126 0.12553266541118788 0.2775662835671532 0.027896086279951226 0.02578693832654133 0.02789608696940982 0.08642759740235557 0.05535164717206885 0.08324773345202924 0.13500851673565253 0.055492044839845475 0.05560469728770661 0.05579217182516211 0.21799779994267107 0.11080765943659171 0.13842278243140524 0.08273571919171709 0.05557194314262299 0.16601034778675627 0.055351514065738766 0.08316794649121301 0.10862187951602788 0.37274543906284285 0.12767480494335556 0.10973595487749267 0.11099712953669241 0.055351714562517626 0.0 0.0 0.027750747938793667 0.027533028732070187 0.027528769331928295 0.05527816995983379 0.02774933407473199 0.027602313097254035 0.0 0.0 0.027675856862595574 0.0 0.0 0.02767585686257977 0.02767585686257977 0.0 0.0 0.0 0.0 0.0 0.0 0.0 0.0 0.0 0.0
0.11683285337401836 0.11004597259828729 0.10534215916045402 0.3876417113360705 0.4704907180457622 0.4159979351051787 0.3145913919533155 0.05686773442267329 -1.0 -1.0 -1.0 0.13288481242963074 0.4128828311386831 0.2611726264169469 0.3279714522878322 0.2969754042064877 0.188690613531099 0.29383029000779437 0.38126632996336685 0.24856829698326577 0.217849902555125 0.13895820195599776 0.13903026927584358 0.16872424681076967 0.09652126396973215 0.19414094660608713 0.16504973393592648 0.0833173483606587 0.11080536358749225 0.19432381842131305 0.13812985715080128 0.08302968438289034 0.276340080356317 0.11100047600472178 0.08324541669657719 0.13903013320856258 0.0831531183183078 0.08331761504303761 0.18793664209969774 0.16615754377280922 0.22125407185166812 0.19449972647038286 0.13917387980662335 0.027820492290012058 0.08346147754960928 0.1376836414660066 0.02745885824804489 0.0 0.027635278421584444 0.0 0.0 0.027552842337934393 0.0 0.0 0.0 0.0 0.0 0.0 0.027532432377165204 0.0 0.0 0.0 0.0 0.0 0.0 0.0 0.0 0.0 0.0
-1.0 -1.0 -1.0 0.1962065407986966 0.4008500253089067 0.3204740510222934 0.5761305597043842 0.3529641295597804 0.0035436143564638307 0.06294886443026684 0.14240293412993857 0.3097896964366839 0.24875154821543627 0.19280002517968192 0.11127320943675038 0.05542482568835662 0.13916198488311796 0.08338456301315278 0.11093153973085979 0.24871930877872123 0.23364891453629685 0.21845507929383368 0.2446508196676304 0.2749974093951883 0.21291828851330574 0.22152823217993967 0.3601729908499845 0.3604972932834706 0.24951806025873807 0.2763311978158892 0.13812396949825845 0.1388797662820527 0.24929707139349633 0.3044654706765171 0.2760198802509051 0.11099092506526702 0.02788871093473359 0.11117874926274017 0.08287766012039924 0.08274606822567107 0.13732084292410093 0.16526155330062264 0.19316972703360755 0.08289089163776824 0.08331379673525104 0.193441103134448 0.02788871093473359 0.0 0.0 0.0 0.027606751597800145 0.027432743640502664 0.11114767390274216 0.027888710934772187 0.16621700538600098 0.05542885761311112 0.055495787567706754 0.10827994555154066 0.3268200990783639 0.11063878542247793 0.02788871093473359 0.0 0.0 0.0 0.0 0.0 0.0 0.0 0.0
-1.0 -1.0 0.16763036118925664 0.12526669922430667 0.394618370260265 0.7340679897540718 0.4708141855863865 0.7729695281007132 0.41580503375804656 0.3864596400175851 0.35434452979655784 0.1659291913248734 0.1656525498095762 0.18863266974782417 0.13785815524201464 0.1663438335043208 0.25013793885427177 0.1935112115051649 0.2211356290425865 0.24993036059245038 0.4159288050334858 0.4614290706506592 0.462336901549522 0.42455657621075854 0.35360054151589376 0.538721204220181 0.46983829103174835 0.30438943595139517 0.3045951238281031 0.3056763599740688 0.3605211845903221 0.38654217698069254 0.19343581401691878 0.1382509744078368 0.0831030115046784 0.1377080337094048 0.2761336184291524 0.13800090231751205 0.05501096702678959 0.027532449756904102 0.0 0.08286692902017137 0.13786975012959968 0.13840330811232224 0.13862352472972359 0.02788515268032337 0.0 0.027624952891862828 0.0 0.027459382932873568 0.220459424165396 0.41546809899975967 0.24840966342063597 0.05511787494381349 0.11077589546748613 0.08290289509430762 0.05559026715718759 0.05556311430718378 0.19330066107103455 0.3198367551218032 0.13832035801945364 0.027677960562452152 0.0 0.0 0.0 0.0 0.0 0.021272559368939032 0.0
0.2076429568115361 0.21284423381434647 0.34633881561630225 0.24464573603045023 0.302944880824416 0.30378775108234385 0.4351910404967836 0.16627543935652722 0.24809663469680268 0.2752804363246845 0.30001869418077026 0.19408954826055264 0.16676664906294872 0.22028962128415935 0.13913865551392904 0.16582213935148482 0.24918523131103543 0.2204204903581384 0.027610973093981573 0.44374058373955433 0.49821650822031643 0.5659092524498223 0.5524328186895839 0.7150259260740538 0.4700603463299066 0.8618248911967807 0.5487715379801975 0.4158583668513916 0.47196052815486544 0.4162643244683593 0.41633055154884996 0.3045333361460953 0.13873244768580076 0.11098582126595986 0.05508623102939751 0.027610973665950115 0.027543115514698756 0.055357349610856206 0.05545682321881352 0.08317338378064137 0.027881842511072043 0.08330723830083117 0.05556073740842378 0.13753280230271847 0.1937233191041025 0.05502646066554121 0.055510719586750905 0.16622634253628868 0.0828836552018506 0.05549281645920821 0.24695365312298 0.16566527923459717 0.16651150735665657 0.055197037005275 0.16587781904871937 0.21860119971207856 0.111276860292227 0.054634694510894324 0.2146174455909268 0.274893771052734 0.24715329151304313 0.0 0.0 0.0 0.0 0.0 0.02774650214258693 0.02788184279325809 0.027543115514698756
