Model Version1.4/trunk/output/1999/fagri.asc
ncols 720
nrows 360
xllcorner -180
yllcorner -90
cellsize 0.5
NODATA_value -1
[rows 96 to 127 of 360, columns 360 to 431 of 720]
0.8007583221497794 0.7331988780187163 0.6120285606168014 0.4992198896443879 0.3373834129062041 0.3720176242711681 0.13132248120352724 -1.0 -1.0 -1.0 -1.0 -1.0 -1.0 -1.0 -1.0 -1.0 -1.0 0.03987561045171183 0.02368072484921956 -1.0 -1.0 -1.0 -1.0 -1.0 0.2751751414185808 0.7441777584729669 0.4542840990002883 0.5937425766212808 0.32998703266407026 0.7916409083175414 0.7795352131019543 0.43466805326408214 0.002352187872406921 -1.0 -1.0 -1.0 -1.0 -1.0 0.10883851247999211 0.24737072496567938 0.17700641179393406 0.121325055152802 0.07649063410792262 0.6423003456767244 0.6447210996262605 0.44868620261440684 0.10329137964482642 0.09601629861585068 0.017815733651342487 0.023943834235073284 0.49161243888149125 0.6070352116702675 0.8023029726597268 0.955943208931771 0.9727547346447889 0.36637501991656446 0.007882871009260507 -1.0 -1.0 -1.0 -1.0 -1.0 -1.0 -1.0 0.20983391247182365 0.1044983254974281 0.1749676893377855 0.5352179011378255 0.2621847570923528 0.4519590118215731 0.49151444569516345 0.3415806840929211
0.49863587434756906 0.656109080953259 0.49445185917263773 0.39443462251517153 0.007664821964659689 -1.0 -1.0 -1.0 -1.0 -1.0 -1.0 -1.0 -1.0 -1.0 -1.0 -1.0 -1.0 0.010844264256971105 0.2538670406111194 0.026108111297095987 -1.0 -1.0 -1.0 -1.0 -1.0 0.11316701682733626 0.36938262156861185 0.43308268884393913 0.6110655624463207 0.6980712049283921 0.7976826951776964 0.9509630618957066 0.6469515850090849 0.25386895201462994 0.04072660792888469 -1.0 -1.0 -1.0 0.06382277691499474 0.6992509782514887 0.1326547079259262 0.10572307211809974 0.5539559106706702 0.47795471559715297 0.49701147032465254 0.7371778004207169 0.6570706346083807 0.5021807931277584 0.5520922559959099 0.5250238115209565 0.5520948640073885 0.6078819157987955 0.719986481511679 0.9885954047255617 0.9793830794092061 0.9779116682078993 0.4751065865846278 0.5241678181670968 0.3241015887132914 0.0482147980895661 0.334840760103121 0.05246005713173787 0.19367074767521822 0.3420049013723824 0.22557741972827536 0.4953960407666399 0.17270680735857333 0.658454173031513 0.6345437973155699 0.18077376382101593 0.3492079397800984 0.6101704446770895
0.42650892518676164 0.22929295922816123 -1.0 -1.0 -1.0 -1.0 -1.0 -1.0 -1.0 -1.0 -1.0 -1.0 -1.0 -1.0 -1.0 -1.0 0.34112238160434516 0.5565993854399284 0.3785506668608597 0.1401263233851711 -1.0 -1.0 -1.0 -1.0 -1.0 -1.0 -1.0 -1.0 0.17110201684213727 0.37342226218414987 0.5871715626794094 0.7030101632905126 0.8562269826824759 0.9782580255924651 0.8537442993998612 0.44613311613747814 0.028139186622007005 -1.0 0.18273074503298042 0.7557115084011483 0.058524760643943796 0.26808828249583705 0.5466650131471301 0.6134775582981187 0.8245785845989901 0.8325709378753726 0.7682209612052706 0.5840278811038598 0.27489916830450595 0.31296692805517856 0.08239826245792141 0.2636565695906198 0.733680453335469 0.8380978715390515 0.5649489084124516 0.02594757281287699 -1.0 0.008507765691817746 0.13134538312040103 0.29091651278071956 0.8853754180681125 0.4714593198382691 0.5844988034493347 0.11719081397765571 0.5777124953097368 0.6640400948553487 0.7179885256861116 0.27765306817559554 0.3339056877853811 0.4536907884118884 0.5405494448097848 0.5905667215691142
0.18112763908620258 -1.0 -1.0 -1.0 -1.0 -1.0 -1.0 -1.0 -1.0 -1.0 -1.0 -1.0 -1.0 -1.0 -1.0 -1.0 0.03847934807596721 0.6028034453240083 0.4929713216438835 0.14286255756948107 -1.0 -1.0 -1.0 -1.0 -1.0 -1.0 -1.0 -1.0 -1.0 -1.0 0.2239557991574936 0.48135902277440795 0.7307597729224292 0.5056235421676362 0.1301756477899504 0.45739420593273894 0.7293643867426318 -1.0 0.011873293968256968 0.1260427657432052 0.10286263191762039 0.2767155181990314 0.6897551403613542 0.5173064873327871 0.5764696797892924 0.2474080047585307 0.4176309846518074 0.360513945909968 0.06018920086005548 -1.0 -1.0 0.15397003528544273 0.1396812332431922 0.44663793282115477 0.6701898961189865 0.6569082143462457 0.7207440910185375 0.3316984949794979 0.4395706176665184 0.5143377425877875 0.2218365049200367 0.27538452296680443 0.5538686616067875 0.15448588071002098 0.45469699128523533 0.49971232559198736 0.2251490479395506 0.7142334159390357 0.6903594770798974 0.6021682424838426 0.19877016670409736 0.2947459078991585
0.0 -1.0 -1.0 -1.0 0.034800658215310316 0.37726654025394435 0.4877073724969324 0.05065890164131112 0.14425239218465277 -1.0 -1.0 -1.0 -1.0 -1.0 -1.0 -1.0 0.04205583930558221 0.6655004969291854 0.46948700680109057 0.16634679230578234 -1.0 -1.0 -1.0 -1.0 -1.0 -1.0 -1.0 -1.0 -1.0 -1.0 -1.0 0.11563901566862315 0.5999986588467182 0.18175101441565777 -1.0 -1.0 0.20883245313194307 -1.0 -1.0 0.095013956247001 0.3489535385269277 0.4154455572513581 0.4158387479268044 0.6950175168863629 0.6854958819742206 0.46643135917971024 0.016023127084463507 0.06242517340164443 -1.0 -1.0 0.19443595082352702 -1.0 0.5864452913693308 0.441181633565 0.5214761140374417 0.569637966645946 0.30670011825382565 0.4993611323209195 0.101525746714289 0.6611163661614775 0.548872405700313 0.6589552991606008 0.4634225092724564 0.5489122658432443 0.7376054005183043 0.7435572779466542 0.720793085196818 0.8358417694281017 0.661358527571596 0.6844015318497882 0.715794999886414 0.45270045405657106
-1.0 -1.0 0.0327456650863638 0.04137683799311478 -1.0 0.14476721376687263 0.18486450230056975 -1.0 -1.0 -1.0 -1.0 -1.0 -1.0 -1.0 -1.0 -1.0 0.10816307278412801 0.521843828737402 0.25988156601618867 0.06850858871237116 -1.0 -1.0 -1.0 -1.0 -1.0 -1.0 -1.0 -1.0 -1.0 -1.0 -1.0 -1.0 0.29883727345801775 0.3837182651532548 0.21932274233932955 -1.0 -1.0 -1.0 -1.0 0.015692983447701522 0.0043096753808442275 0.47869053504591375 0.42928277732150216 0.5230724945868385 0.7183076959212735 0.5899429203927244 0.11575933438732197 0.009955675153378498 -1.0 -1.0 -1.0 0.006383296604148366 0.41581110461941884 0.37251233828171526 0.4990223628136728 0.26181219506691383 0.1717238912233432 0.17415209732348966 0.5859191772466235 0.7367845453342989 0.6528966758336577 0.29385337926905053 0.9359111877753128 0.6372597484390596 0.853445869040415 0.7707135207038379 0.8541673412621573 0.8625904250877467 0.874004474308359 0.967623929131941 0.9264736596618098 0.5487634615106637
0.06969135567162958 -1.0 0.10189671403208662 0.0 -1.0 -1.0 -1.0 -1.0 -1.0 -1.0 -1.0 -1.0 -1.0 -1.0 -1.0 -1.0 -1.0 0.050390629498535476 -1.0 -1.0 -1.0 -1.0 -1.0 -1.0 -1.0 -1.0 -1.0 -1.0 -1.0 -1.0 -1.0 0.055774561662343874 0.4076936188830167 0.2574468135957018 0.04851165197817931 -1.0 -1.0 -1.0 -1.0 -1.0 -1.0 0.13852294876339014 0.46295037568442116 0.38610609023129616 0.5509029115248055 0.5612444598476035 0.4411846472376561 0.34473249528966476 0.10134316296756789 0.03085328757426536 -1.0 0.0636902581761143 0.009780452386315077 0.2830247907860344 0.5045268471999234 0.7262596394018267 0.5586761951917719 0.2810554896798776 0.8112382720950969 0.6033054600751224 0.6626328693073076 0.7255237034054377 0.43943257927049634 0.7882781577971334 0.8038387571090531 0.7971918729867232 0.35171114003549336 0.650726454930851 0.8843082235207945 0.8739713292334803 0.6267622515419335 0.7196750742633733
-1.0 -1.0 -1.0 -1.0 -1.0 -1.0 -1.0 -1.0 -1.0 -1.0 -1.0 -1.0 -1.0 -1.0 -1.0 -1.0 -1.0 -1.0 -1.0 -1.0 -1.0 -1.0 -1.0 -1.0 -1.0 0.08296937856166668 0.17896334940302458 0.02404522393807659 -1.0 0.12343976382596045 0.14981850525956164 0.189630144414389 0.272367362994662 0.02660901958238174 -1.0 -1.0 -1.0 -1.0 -1.0 -1.0 0.02464204138295499 0.02856503714010488 0.2813772601767949 0.49319438757198636 0.46570644036939496 0.45316145260427315 0.7009792147647131 0.6974058596819368 0.2908598521999351 0.04777436301966861 -1.0 0.08705888849312392 0.28400919792583473 0.09812478284810479 0.4474855642140682 0.2849592790304375 0.307683610930206 0.3070965206466328 0.6025024294173521 0.6575560110280829 0.5215474777626523 0.4297058207338388 0.529810808929547 0.6009811607397552 0.6637567471193894 0.8031372574650828 0.6923349895437992 0.63458959336079 0.7401534953240969 0.7615338356673566 0.5252899263910996 0.5753810124928664
-1.0 -1.0 -1.0 -1.0 -1.0 -1.0 -1.0 -1.0 -1.0 -1.0 -1.0 -1.0 -1.0 -1.0 -1.0 -1.0 -1.0 -1.0 -1.0 -1.0 -1.0 -1.0 -1.0 -1.0 0.029316316268232192 0.7146788124213712 0.6322206421445228 0.5198100639292377 0.5464694154295029 0.6510029002620117 0.18255682753241323 0.09680394817074826 0.030770542353137607 -1.0 -1.0 -1.0 -1.0 -1.0 -1.0 -1.0 -1.0 0.04466482275508944 0.3796597097916445 0.6734790822184011 0.6080969506248438 0.7507205465577448 0.36602598511254947 0.25984251564624083 0.11631814446967388 0.13293890231651634 0.0529079122645819 -1.0 0.07513427466284237 0.112676702231359 0.2835298654063398 0.5038461263747122 0.290208030619861 0.29393330431776377 0.5282042106104757 0.42114870354889267 0.24885882100016865 0.2063328697336201 0.13718019632881143 0.49052773237684477 0.26880070441801523 0.7928292577406832 0.6239623332300552 0.5210515405068352 0.7188184051053268 0.5699768590755498 0.08007389583622967 0.08094421594866445
-1.0 -1.0 -1.0 -1.0 -1.0 -1.0 -1.0 -1.0 -1.0 -1.0 -1.0 -1.0 0.010701320762040598 0.00071031597438047 0.012684259542759653 0.0 -1.0 0.01096476505574489 0.42282634330107166 0.5365824970948266 0.18897189076791454 0.01749976568774575 0.024016154073000336 -1.0 -1.0 -1.0 0.15967870214377808 0.6053193435142786 0.8093684371377109 0.883607666599574 0.31853178135203375 -1.0 -1.0 -1.0 -1.0 -1.0 -1.0 -1.0 -1.0 -1.0 -1.0 -1.0 -1.0 0.5271423225422236 0.4505849361942369 0.5189308277509803 0.19746258605727818 -1.0 -1.0 0.005148015657907633 0.16281655951075136 0.06273723026105552 -1.0 0.0181842758886415 0.16807932379542678 0.09692340532883126 0.11494470305649167 0.053479774490796904 0.1483187827288421 0.6059732100447309 0.4982798577084749 0.20216185665957076 0.05036303100007345 0.12222397965537055 0.21454726327371557 0.5229230235858966 0.659160937156818 0.714937551558415 0.12537679666102172 0.1338729615199828 0.7092803841985885 0.9925167847643438
-1.0 -1.0 0.00865177645133726 0.01119214014733108 0.20562680615380638 0.3472744526741192 0.5071844414898913 0.7168518520319581 0.7811030557646468 0.7420514566982306 0.3561572326726746 0.5843825233025587 0.874903274124291 0.8864211042410829 0.9197210069506343 0.826305494848469 0.8128785804178427 0.914167242043622 0.9918882296906067 0.9895912544221713 0.7216533668476516 0.725898481458894 0.09483485065182487 0.0016019257499795296 -1.0 -1.0 -1.0 -1.0 0.06444718295952565 0.4948171889079519 0.18258947474204645 -1.0 -1.0 -1.0 -1.0 -1.0 -1.0 -1.0 -1.0 -1.0 -1.0 -1.0 -1.0 0.18965099963840631 0.24590315342715854 0.5115977421983399 0.08363738166581627 -1.0 0.0478195983529099 0.04768321100351804 0.0676980569786736 0.010574447188828403 0.021437065416778058 0.0 0.02752129218050925 0.00821615443995677 0.08238270660559335 0.180480860542726 0.12212415731122692 0.23031256229036443 0.14416974911320887 0.3473400997847297 0.3104749441234054 0.12001048575351685 0.12261265720611755 0.18500381040633504 0.1735449473680736 0.12455398137358777 0.23020516034318764 0.4188075091519683 0.7044893225900234 0.5294472648610209
0.23325996153883094 0.6845084321005357 0.9827303585376101 0.9952952139286203 0.9971499504698932 0.8754612667367256 0.9917452928261261 0.9830729580714561 0.393207944683876 0.9832838743357861 0.9902300881295528 0.9897516560703753 0.9786153148910058 0.9723873288625007 0.9880528036780334 0.993285348696296 0.9938327749283619 0.9908410743405373 0.9912547418661526 0.9944260617293338 0.9859041684395845 0.1295688551974066 -1.0 -1.0 -1.0 -1.0 -1.0 -1.0 -1.0 -1.0 -1.0 -1.0 -1.0 -1.0 -1.0 -1.0 -1.0 -1.0 -1.0 -1.0 -1.0 -1.0 -1.0 -1.0 0.018081924195762312 0.05985359538829051 0.0569854321118063 -1.0 -1.0 -1.0 0.02070918363550456 -1.0 -1.0 -1.0 -1.0 0.26369815367741367 0.20211738038343313 -1.0 0.09389192505470167 0.05427111442104047 0.21634829169542552 0.0 -1.0 -1.0 0.2523828606818099 0.17437062800803638 0.14467366009225363 0.14580986915446145 0.09152879618998198 -1.0 -1.0 0.06922828130445634
0.920814249524764 0.9800758399134727 0.9976501686876353 0.9826571461196101 0.28127363577185815 0.14995679776337184 0.07858559372137976 0.013164790654219393 0.055548326195582594 0.1633249346320012 0.47450017714279014 0.9677435117793506 0.9310128574092635 0.9852654767270946 0.9475597378214685 0.28047019176851673 0.9956523280520493 0.992421072413568 0.9943277120196851 0.993934392761745 0.9316384877668084 0.5672768485938195 -1.0 -1.0 -1.0 -1.0 -1.0 -1.0 0.030335783310733853 0.019889802282696108 -1.0 -1.0 -1.0 -1.0 -1.0 -1.0 -1.0 -1.0 -1.0 -1.0 -1.0 -1.0 -1.0 -1.0 -1.0 -1.0 -1.0 0.06434948870255434 0.041846255216425 -1.0 -1.0 -1.0 -1.0 -1.0 0.0773919987092983 0.055592872771376776 -1.0 -1.0 -1.0 -1.0 -1.0 -1.0 -1.0 -1.0 -1.0 -1.0 -1.0 -1.0 0.0 -1.0 -1.0 0.3217032247260178
0.9834450313151627 0.7981941056053745 0.9817820848496585 0.9927351254347414 0.03239705038348 0.007098820796975735 0.02983632746909592 0.040649209139939455 0.10794746784841514 0.015685499504794743 0.04383263818216654 0.1307172766509837 0.31357625369037423 0.26537247687038945 0.30505929273734594 0.2692162235833491 0.2754238451885621 0.9632706463361744 0.9895022198731939 0.9920911026527518 0.9951857619280187 0.9886601171080261 0.14474576698850702 -1.0 -1.0 -1.0 -1.0 -1.0 -1.0 -1.0 -1.0 -1.0 -1.0 -1.0 -1.0 -1.0 -1.0 -1.0 -1.0 -1.0 -1.0 -1.0 -1.0 -1.0 -1.0 -1.0 -1.0 0.3583353354229791 0.39028555562948936 0.6250284142656972 0.6267656170982709 0.4037117785272546 0.20218492371219107 -1.0 0.024669873242538255 -1.0 -1.0 -1.0 -1.0 -1.0 -1.0 -1.0 -1.0 -1.0 0.0 0.039646892118413594 0.23458675754166256 0.21575006856308737 0.0022429758636916403 -1.0 -1.0 0.1946010381721038
0.9896212932495335 0.2743378937319956 0.09127845137856319 0.018386815309106797 0.009693359104559018 0.06388602591363426 0.14039102875799375 0.02205149231760657 0.05928029699917503 0.008219187522925497 0.14181212311316826 0.05725413946181922 0.14181589466462105 0.08238458714141646 0.004175083250302385 0.00815609077871033 0.1444572719889816 0.9967404508539905 0.9948971092020521 0.07897528507429073 0.9972587201278567 0.5647370443745158 0.03631040714209846 -1.0 -1.0 -1.0 -1.0 -1.0 -1.0 -1.0 -1.0 -1.0 -1.0 -1.0 -1.0 -1.0 -1.0 -1.0 -1.0 -1.0 -1.0 -1.0 -1.0 -1.0 -1.0 -1.0 -1.0 -1.0 -1.0 0.06583098031610694 -1.0 -1.0 -1.0 -1.0 -1.0 -1.0 -1.0 -1.0 -1.0 -1.0 -1.0 -1.0 -1.0 -1.0 0.012298123677090407 0.029455076080935335 0.008409745989075153 0.08613351392768641 -1.0 -1.0 -1.0 0.13824938901844408
0.0025141888940333184 0.017775882454616945 0.0 0.009408038821785024 0.01939063303078592 0.02957108891972377 0.010256083589091318 0.0006974286028150874 0.0 0.001847393934454256 0.005679373795855584 0.00865978752554399 0.0011550429932486175 0.03325294275435855 0.006228165772565946 0.015000837989613635 0.02621698421165452 0.03943798953271716 0.04116822326259646 0.9423641028626905 0.33011845673486334 -1.0 -1.0 -1.0 -1.0 -1.0 -1.0 -1.0 -1.0 -1.0 -1.0 -1.0 -1.0 -1.0 -1.0 -1.0 -1.0 -1.0 -1.0 -1.0 -1.0 -1.0 -1.0 -1.0 -1.0 -1.0 -1.0 -1.0 -1.0 -1.0 -1.0 -1.0 -1.0 -1.0 -1.0 -1.0 -1.0 -1.0 -1.0 -1.0 -1.0 -1.0 -1.0 -1.0 -1.0 -1.0 -1.0 -1.0 -1.0 -1.0 -1.0 0.025436536672871105
0.0002538461814072698 0.00449462410456203 0.012818093647432202 0.002076377286243905 0.0017946834632548059 0.004365448927841604 0.02486584006277782 0.0006638657401548558 0.0 0.0 0.0 0.01722553808945289 0.026094332252001265 0.0006545126267632305 0.0002969201415575954 0.009650756043020757 0.022611670280313814 0.06533952979032931 0.005896249756168957 0.8017647436940918 0.5949051106762873 0.358100688114242 0.07352193810725183 -1.0 -1.0 -1.0 -1.0 -1.0 -1.0 -1.0 -1.0 -1.0 -1.0 -1.0 -1.0 -1.0 -1.0 -1.0 -1.0 -1.0 -1.0 -1.0 -1.0 -1.0 -1.0 -1.0 -1.0 -1.0 -1.0 -1.0 -1.0 -1.0 -1.0 -1.0 -1.0 -1.0 -1.0 -1.0 -1.0 -1.0 -1.0 -1.0 -1.0 -1.0 -1.0 -1.0 -1.0 -1.0 -1.0 -1.0 0.038825451988909396 0.5317926331477181
0.0 0.0 0.0 0.0 0.0 0.0 0.0 0.0 0.0 0.0 0.0 0.0022790152173628904 0.009010363577637204 0.0009775737176165673 0.0 0.0 0.0 0.01069711830324448 0.005558565264798881 0.0008638866870325929 0.9387443371152154 0.9637817238286324 0.5494562802708961 0.0 -1.0 -1.0 -1.0 -1.0 -1.0 -1.0 -1.0 -1.0 -1.0 -1.0 -1.0 -1.0 -1.0 -1.0 -1.0 -1.0 -1.0 -1.0 -1.0 -1.0 -1.0 -1.0 -1.0 -1.0 -1.0 -1.0 -1.0 -1.0 -1.0 -1.0 -1.0 -1.0 -1.0 -1.0 -1.0 -1.0 -1.0 -1.0 -1.0 -1.0 -1.0 -1.0 -1.0 -1.0 -1.0 -1.0 0.48522140527618574 0.6839685567281657
0.0 0.0 0.0 0.0 0.0 0.0 0.00015491266938460875 0.0034377180432145476 0.001405624693235383 0.003809942159291327 0.0 0.0020084226631393036 0.0 0.0 0.0 0.0 0.0 0.0 0.0 0.0 0.009092965505727366 0.6093387507993662 0.021223520078481575 0.15181111294899846 0.7469830868681885 0.5738958752475687 0.6784845211776933 0.5825004623034465 0.2990941951298664 -1.0 -1.0 -1.0 -1.0 -1.0 -1.0 -1.0 -1.0 -1.0 -1.0 -1.0 -1.0 0.23231662634950823 0.1615255881258372 0.7844096103917862 0.11528383413081805 0.07397982325137398 0.00017955277720777256 -1.0 -1.0 -1.0 -1.0 -1.0 -1.0 -1.0 -1.0 -1.0 -1.0 -1.0 -1.0 -1.0 -1.0 -1.0 -1.0 -1.0 -1.0 -1.0 -1.0 -1.0 -1.0 0.07776086830671336 0.21553948598243397 0.5172331711243398
0.0 0.0 0.0 0.0 0.0 0.0 0.0 0.0061381444411141755 0.0019628939127608962 0.0 0.003928194104078221 0.0033368180645244236 0.0 0.0 0.0 0.0 0.0 0.0 0.0 0.0 0.0008987116731356637 0.0035249148675102356 0.010081051181930695 0.004753504452662338 0.040377172756561504 0.4597911312787006 0.9055403586352837 0.9356759643821856 0.10978412897587418 0.8096011524325704 0.4762966429853188 -1.0 -1.0 -1.0 -1.0 -1.0 -1.0 -1.0 -1.0 -1.0 0.5270580551232397 0.9905448355732084 0.05276163700805058 0.03521834891684183 0.7205253339275381 0.14487093795240855 0.07863380429628944 0.047758159645735994 -1.0 -1.0 -1.0 -1.0 -1.0 -1.0 -1.0 -1.0 -1.0 -1.0 -1.0 -1.0 -1.0 -1.0 -1.0 -1.0 -1.0 -1.0 -1.0 -1.0 -1.0 0.24414314843080498 0.05852750595429606 0.7877055716415035
0.0 0.0 0.0 0.0 0.0 0.0 0.0 0.0 0.0 0.0 0.004829780314346619 0.0042011375536211626 0.0003850068675659952 0.0 0.0 0.0 0.0 0.0 0.0 0.0 0.0 0.000445381052891747 0.004899367297640931 0.004453205079211694 0.0 0.0009627747915952554 0.0030970050058629593 0.000843260144437748 0.04187672185304288 0.02915964989084167 0.0788157662136947 0.0 -1.0 -1.0 -1.0 -1.0 -1.0 -1.0 -1.0 0.06674353422451977 0.9973066491010915 0.15703242674844806 0.1385749690884143 0.05537520529317951 0.055474948487409 0.0 0.0 0.00840415849162039 0.0038997817322254883 0.008963809701966533 0.12781440681646586 0.0598649369599679 0.0 -1.0 -1.0 -1.0 -1.0 -1.0 -1.0 -1.0 -1.0 -1.0 0.09258680801544208 -1.0 -1.0 -1.0 -1.0 -1.0 -1.0 0.5452026041269216 0.17168170877586897 0.5866432477807638
0.0 0.0 0.0 0.0 0.0 0.0 0.0 0.0 0.0 0.0 0.0 0.0 0.0 0.0 0.0 0.0 0.0 0.0 0.0 0.0 0.0 0.0 0.0 0.0 0.0 0.0 0.0030104858067379362 0.009969672036291882 0.0008937766416740142 0.0 0.01341217975653221 0.0055524500687518 0.047716658569201514 0.047834127162826874 0.02788989266741356 -1.0 -1.0 -1.0 -1.0 -1.0 0.05824046614496333 0.0010780448984683572 0.027651218809129893 0.0 0.0 0.0 0.0 0.0 0.0 0.0 0.0 0.0 0.0 0.0 0.00015824297087070635 0.0 0.0047370006216175325 0.0 -1.0 0.16636109341778965 0.524193052107872 0.6898226919916324 0.5815155227079624 0.4041083065279773 0.306344228442145 0.1263223184157474 0.19317148996232286 0.29309059988807035 0.16078559951790417 0.22563307060043714 0.12311559772015153 0.18020164762633958
0.0 0.0 0.0 0.0 0.0 0.00671062033667197 0.0008886268155037845 0.0 0.0 0.0 0.0 0.0 0.0021781846216703945 0.0017827821412168706 0.0 0.0 0.0 0.0 0.0 0.0 0.0 0.0 0.0 0.0 0.0 0.0 0.006757667202085479 0.0019297710610212513 0.0 0.0 0.0 0.0 0.0015131485352348655 0.01571079549789104 0.0 0.002544283021526574 0.006258436426452004 -1.0 -1.0 0.0007520609909928872 0.011003983342278796 0.0 0.0 0.0 0.0 0.0 0.0 0.0 0.0 0.0 0.0 0.0 0.0 0.0 0.0 0.0 0.0 0.0 0.006813598496355185 0.06949242190095033 0.3836306350121764 0.7853712770199346 0.8530526794600298 0.7914840412302157 0.1358042948297373 0.0 0.0 0.0 0.0004179693991831842 0.0 0.0036767967516437823 0.0016691717062379838
0.0 0.0 0.0 0.0 0.0 0.0007942380356346592 0.0 0.0 0.0 0.0 0.0 0.0 0.0 0.0 0.0 0.0 0.0 0.0 0.0009573992867119802 0.0 0.0 0.0 0.0 0.0 0.0 0.0 0.0 0.0 0.0 0.0 0.0 0.0 0.0 0.0 0.0 0.0 0.0 0.0 0.0 0.00029031552272646327 0.0 0.0 0.0 0.0 0.0 0.0 0.0 0.0 0.0 0.0 0.0 0.0 0.0 0.0 0.0 0.0 0.0 0.0 0.0 0.0 0.0 0.21473495919725874 0.7275546015116827 0.09182376736076776 0.04122971610527342 0.010112433910576708 0.0 0.0 0.0 0.0 0.0 0.0036617588547985446
0.0 0.0 0.0 0.0 0.0 0.0 0.0 0.0 0.0 0.0 0.0 0.0 0.0 0.0 0.0 0.0 0.0 0.0 0.0 0.0 0.0 0.0 0.0 0.0 0.0 0.0 0.0 0.0 0.0014023713700057278 0.0 0.0 0.0 0.0 0.0 0.0 0.0 0.0 0.0 0.0 0.0 0.0 0.0 0.0 0.0 0.0 0.0 0.0 0.0 0.0 0.0 0.0 0.0 0.0 0.0 0.0 0.0 0.0 0.0 0.0 0.0 0.0 0.0 0.12906963803871216 0.0 0.0 0.0 0.0 0.0 0.0 0.002904286380523012 0.0 0.0
0.0027753900894939092 0.0 0.0 0.0 0.0 0.0 0.0 0.0 0.0 0.0 0.0 0.0 0.0 0.0 0.0 0.0 0.0 0.0 0.0 0.0 0.0 0.0 0.0 0.0 0.0 0.0 0.0 0.0 0.0 0.0 0.0 0.018962719097602245 0.004376622951464111 0.0 0.0 0.0 0.0 0.0 0.0 0.0 0.0 0.0 0.005318545139365898 0.0 0.0 0.0 0.0 0.0 0.0 0.0 0.0 0.0 0.0 0.0 0.0 0.0 0.0 0.0 0.0 0.0 0.0 0.45334702168199487 0.3223139115612298 0.0 0.0 0.0 0.0 0.0 0.0 0.0 0.0 0.0
0.007132635191836339 0.0 0.0 0.0 0.0 0.0 0.0 0.0 0.0 0.0 0.0 0.0 0.0 0.0 0.0 0.0 0.0 0.0 0.0 0.0 0.0 0.0 0.0 0.0 0.0 0.0 0.0 0.0 0.0 0.0 0.0 0.002830239325022773 0.0 0.0 0.0 0.0 0.0 0.0 0.0 0.0 0.0 0.0 0.0 0.0 0.0 0.0 0.0 0.0 0.0 0.0 0.0 0.0 0.0 0.0 0.0 0.0 0.0 0.0 0.0 0.0 0.0 0.3806654274062227 0.012783263494120251 0.0 0.0 0.0 0.0 0.0 0.0 0.0 0.0 0.0
0.0 0.0 0.0 0.0 0.0 0.0 0.0 0.0 0.0 0.0 0.0 0.0 0.0 0.0 0.0 0.0 0.0 0.0 0.0 0.0 0.0 0.0 0.0 0.0 0.0 0.0 0.0 0.0 0.0 0.0 0.0 0.0 0.0 0.0 0.0013571364201112003 0.0 0.0 0.0 0.0 0.0 0.0 0.0 0.0 0.0 0.0 0.0 0.0 0.0 0.0 0.0 0.0 0.0 0.0 0.0 0.0 0.0 0.0 0.0 0.0 0.0 0.0 0.34123894630985546 0.0 0.0 0.0 0.0 0.0 0.0 0.0 0.0 0.0 0.0
0.0 0.0 0.0 0.0 0.0 0.0 0.0 0.0 0.0 0.0 0.0 0.0 0.0 0.0 0.0 0.0 0.0 0.0 0.0 0.0 0.0 0.0 0.0 0.0 0.0 0.0 0.0 0.0016215867303745822 0.03405278903152066 0.002388157885187815 0.005912536271532813 0.0 0.0 0.0 0.0 0.0 0.0 0.0 0.0 0.0 0.0 0.0 0.0 0.00882650585551482 0.012881339939292741 0.0 0.0 0.0 0.0 0.0 0.0 0.0 0.0 0.0 0.0 0.0 0.0 0.0 0.0 0.0 0.0 0.3238955385504865 0.0 0.0 0.0 0.0 0.0 0.0 0.0 0.0 0.0 0.0
0.0 0.0 0.006189446874088798 0.0011873476542189807 0.00737554678429257 0.003105316532203578 0.0 0.0 0.0 0.0 0.0 0.0 0.0 0.0 0.0 0.0 0.0 0.0 0.0 0.0 0.0 0.0 0.0 0.0 0.0 0.0 0.005158714920889078 0.002153986599472333 0.01271085828803231 0.007290237003777432 0.0 0.0 0.0 0.0 0.0 0.0 0.0 0.0 0.0 0.0 0.0 0.0 0.0 0.003634156061622413 0.0038813950887761914 0.0 0.0 0.0 0.0 0.0 0.0 0.0 0.0 0.0 0.0 0.0 0.0 0.0 0.0 0.0 0.0 0.11487308898352484 0.20317267598318767 0.0 0.0 0.0 0.0 0.0 -1.0 -1.0 -1.0 0.0
0.002753375237148366 0.0 0.0026803171825866435 0.0 0.0 0.0 0.0 0.0 0.0 0.0 0.0 0.0 0.0 0.0 0.0 0.0 0.0 0.0 0.0 0.0 0.0 0.0 0.0 0.0 0.0057800032649128474 0.01744849703519988 0.005776334969903286 0.007930534143331714 0.015453460069990734 0.0 0.0 0.0 0.0 0.0 0.0 0.0 0.0 0.0 0.0 0.0 0.0 0.0 0.0 0.007926540172550825 0.005509593165093649 0.0 0.0 0.0 0.0 0.0 0.0 0.0 0.0 0.0 0.0 0.0 0.0 0.0 0.0 0.0 0.0 0.0 0.1774222538561884 0.16857455516227188 0.0 0.0 0.0 0.0 -1.0 -1.0 -1.0 -1.0
0.0 0.0 0.0 0.0 0.0 0.0 0.0 0.0 0.0 0.0 0.0 0.0 0.0 0.0 0.0 0.0 0.0 0.0 0.0 0.0 0.0 0.0 0.0 0.0 0.0007795197498897114 0.008999359456612267 0.0112097848289489 0.007203972633880175 0.0014109966506005301 0.02728904875657432 0.008545000287860285 0.0025076431711342742 0.0 0.0 0.0 0.0 0.0 0.0 0.0 0.0 0.0 0.0 0.0 0.0 0.0 0.0 0.0 0.0 0.0 0.0 0.0 0.0 0.0 0.0 0.0 0.0 0.0 0.0 0.0 0.0 0.0 0.0 0.0 0.14971838186590986 0.2798505329849176 0.13258768170809587 0.0 0.0 0.0 -1.0 -1.0 -1.0
