Model Version1.4/trunk/output/1999/fagri.asc
ncols 720
nrows 360
xllcorner -180
yllcorner -90
cellsize 0.5
NODATA_value -1
[rows 160 to 191 of 360, columns 216 to 287 of 720]
0.0 0.12110670422700186 0.5509565069249616 0.07619085147245626 0.050120110067066084 0.1070267595091392 0.09222558656181172 0.55021596739399 0.009441822224149778 0.6083861079646814 0.5705735674703875 0.6632800997485668 0.5816125727002113 0.5535862808263117 0.5818081239665693 0.027739061945194977 0.49714644773989497 0.5461940108604985 0.008207322790631298 0.006934119145726851 0.0017710723584760685 0.00012124553527428006 -1.0 -1.0 -1.0 -1.0 -1.0 -1.0 -1.0 -1.0 -1.0 -1.0 -1.0 -1.0 -1.0 -1.0 -1.0 -1.0 -1.0 -1.0 -1.0 -1.0 -1.0 -1.0 -1.0 -1.0 -1.0 -1.0 -1.0 -1.0 -1.0 -1.0 -1.0 -1.0 -1.0 -1.0 -1.0 -1.0 -1.0 -1.0 -1.0 -1.0 -1.0 -1.0 -1.0 -1.0 -1.0 -1.0 -1.0 -1.0 -1.0 -1.0
0.0013011320136617158 0.24310711514950714 0.07284832524973191 0.10865422618526677 0.12226428412061707 0.6055634560810098 0.17203938673477226 0.018901254998062802 0.6371964865599301 0.5999686781092873 0.6095951309772718 0.6074419100629229 0.6628918991100973 0.054764611065728254 0.6366679766756004 0.5520939886922858 0.6347680383896408 0.4987659833168801 0.006887116907712152 0.012181311348941166 0.012440400998605126 0.0 0.0 -1.0 -1.0 -1.0 -1.0 -1.0 -1.0 -1.0 -1.0 -1.0 -1.0 -1.0 -1.0 -1.0 -1.0 -1.0 -1.0 -1.0 -1.0 -1.0 -1.0 -1.0 -1.0 -1.0 -1.0 -1.0 -1.0 -1.0 -1.0 -1.0 -1.0 -1.0 -1.0 -1.0 -1.0 -1.0 -1.0 -1.0 -1.0 -1.0 -1.0 -1.0 -1.0 -1.0 -1.0 -1.0 -1.0 -1.0 -1.0 -1.0
0.13670387689358368 0.083458139688384 0.013429179023028238 0.0786645067392104 0.5241028671381871 0.4981808364644067 0.4988622518771759 0.5265362348895126 0.5266075362371844 0.16869456904741054 0.010840231228522823 0.581641875191196 0.5815139544906632 0.5539191804018156 0.5536360615765661 0.6879060770297365 0.581860080180519 0.008728193926566747 0.008536040006619094 0.026342874352691777 0.0067926165033596305 0.0 0.0 0.0 -1.0 -1.0 -1.0 -1.0 -1.0 -1.0 -1.0 -1.0 -1.0 -1.0 -1.0 -1.0 -1.0 -1.0 -1.0 -1.0 -1.0 -1.0 -1.0 -1.0 -1.0 -1.0 -1.0 -1.0 -1.0 -1.0 -1.0 -1.0 -1.0 -1.0 -1.0 -1.0 -1.0 -1.0 -1.0 -1.0 -1.0 -1.0 -1.0 -1.0 -1.0 -1.0 -1.0 -1.0 -1.0 -1.0 -1.0 -1.0
0.029902863365053323 0.04493121393009003 0.06822359707419531 0.5816777948689046 0.525227220742125 0.05334047848465251 0.49884238139899 0.03196871810107923 0.029976558885253003 0.4987198592299882 0.00026009181056257106 0.0006643460164782587 0.00040302353707098113 0.4987131684552281 0.55423769429485 0.49873662444219047 0.47526903150732186 0.005410863015545699 0.021770296085151613 0.038884110932671904 0.007273039159726886 0.0 0.0 0.0 0.002941480674706192 0.001142503856057297 -1.0 -1.0 -1.0 -1.0 -1.0 -1.0 -1.0 -1.0 -1.0 -1.0 -1.0 -1.0 -1.0 -1.0 -1.0 -1.0 -1.0 -1.0 -1.0 -1.0 -1.0 -1.0 -1.0 -1.0 -1.0 -1.0 -1.0 -1.0 -1.0 -1.0 -1.0 -1.0 -1.0 -1.0 -1.0 -1.0 -1.0 -1.0 -1.0 -1.0 -1.0 -1.0 -1.0 -1.0 -1.0 -1.0
0.07621980438994146 0.07840330875666708 0.03519559407931158 0.03164137965461829 0.018950837992765947 0.035410567564250144 0.016935253564747312 0.02396068248993944 0.4974879012088039 0.008068190071929155 0.012113041294901972 0.018391018996013232 0.003968833278238452 0.0015222185972981722 0.0018616667001930215 0.008369264757970589 0.48531167617677956 0.0005601094060529486 0.0003649170937196033 0.6339569817844851 0.04432574859655701 0.0 0.0 0.00122918181024525 0.0006955879967640079 0.0015381342096381027 0.0033333533891722208 -1.0 -1.0 -1.0 -1.0 -1.0 -1.0 -1.0 -1.0 -1.0 -1.0 -1.0 -1.0 -1.0 -1.0 -1.0 -1.0 -1.0 -1.0 -1.0 -1.0 -1.0 -1.0 -1.0 -1.0 -1.0 -1.0 -1.0 -1.0 -1.0 -1.0 -1.0 -1.0 -1.0 -1.0 -1.0 -1.0 -1.0 -1.0 -1.0 -1.0 -1.0 -1.0 -1.0 -1.0 -1.0
0.07194951491544702 0.07314381987505347 0.020229793654346673 0.5261072373499499 0.014657737295139146 0.020354296451788857 0.014782010148656106 0.01077969834520136 0.011760160742968742 0.0053690164578926464 0.0006091224028692561 0.0028140949508264827 0.008435279554382832 0.0024089699862461264 0.0 0.0 0.016545456942697528 0.004503494185987595 0.018096778957916025 0.4969237510772843 0.05086587631133186 0.014011852616181677 0.0 0.0 0.0 0.0020524767318435286 0.046291497032012845 -1.0 -1.0 -1.0 -1.0 -1.0 -1.0 -1.0 -1.0 -1.0 -1.0 -1.0 -1.0 -1.0 -1.0 -1.0 -1.0 -1.0 -1.0 -1.0 -1.0 -1.0 -1.0 -1.0 -1.0 -1.0 -1.0 -1.0 -1.0 -1.0 -1.0 -1.0 -1.0 -1.0 -1.0 -1.0 -1.0 -1.0 -1.0 -1.0 -1.0 -1.0 -1.0 -1.0 -1.0 -1.0
0.581063837405841 0.060386881748017054 0.637189691974154 0.6095045403189785 8.433379937727448e-05 0.0 0.0 5.389323553445015e-05 0.0 0.0002996368372777587 0.0 0.0 0.002099079484092286 0.0 0.0 0.0 0.0012265348426853191 0.028980515707164554 0.0 0.0 0.0 0.0 0.0 0.0 0.0 0.0 4.8461528655442294e-05 0.35788818544053014 0.14515567817044117 -1.0 -1.0 -1.0 -1.0 -1.0 -1.0 -1.0 -1.0 -1.0 -1.0 -1.0 -1.0 -1.0 -1.0 -1.0 -1.0 -1.0 -1.0 -1.0 -1.0 -1.0 -1.0 -1.0 -1.0 -1.0 -1.0 -1.0 -1.0 -1.0 -1.0 -1.0 -1.0 -1.0 -1.0 -1.0 -1.0 -1.0 -1.0 -1.0 -1.0 -1.0 -1.0 -1.0
0.0387338999095696 0.6096651120771515 0.5542284333489818 0.5542300213966856 0.5806617379981112 0.0 0.4988328929049568 0.5266062327406795 0.5253820334616508 0.00038809166637853354 0.0 0.0 0.0 0.0 0.0 0.0 0.0 0.000752876496876498 0.0 0.0 0.0 0.0 0.0 0.0 0.0 0.0 0.0022603092658287547 0.04542649392271607 0.10785838779132034 0.20962333274952757 -1.0 -1.0 -1.0 -1.0 -1.0 -1.0 -1.0 -1.0 -1.0 -1.0 -1.0 -1.0 -1.0 -1.0 -1.0 -1.0 -1.0 -1.0 -1.0 -1.0 -1.0 -1.0 -1.0 -1.0 -1.0 -1.0 -1.0 -1.0 -1.0 -1.0 -1.0 -1.0 -1.0 -1.0 -1.0 -1.0 -1.0 -1.0 -1.0 -1.0 -1.0 -1.0
0.03761158871086117 0.6373178056985856 0.5265441385453787 5.513414814325576e-05 0.0 0.0 0.0 0.0 0.0004927271853289462 0.0009622800961414428 0.0 0.0 0.0029737880665970354 0.0 0.0 0.0 0.0 0.0 0.0 0.0 0.0 0.002042904389760044 0.0 0.0 0.0 0.0 0.0007168674424438445 0.013974681890066832 0.022409997814698983 0.050746798453934185 0.0015434215847356027 0.00012498010404533486 0.0002474127404937214 0.03226696535938546 0.0009539725547284941 1.1701434473601814e-07 0.0 -1.0 -1.0 -1.0 -1.0 -1.0 -1.0 -1.0 -1.0 -1.0 -1.0 -1.0 -1.0 -1.0 -1.0 -1.0 -1.0 -1.0 -1.0 -1.0 -1.0 -1.0 -1.0 -1.0 -1.0 -1.0 -1.0 -1.0 -1.0 -1.0 -1.0 -1.0 -1.0 -1.0 -1.0 -1.0
0.6096578852776682 0.5542458962409325 0.6097030386180133 0.0 0.0 0.0 0.0 0.0 0.0032157136999179685 0.0 0.0 0.0 0.0 0.0 0.0 0.0 0.0 0.0 0.0 0.0 0.0 0.0 0.007947001033256096 0.00545189021517469 0.0 0.0 0.0 0.006373245054203769 0.0 0.0 0.0 0.0 0.0 0.0 0.0 0.0 0.0 0.0 7.705841838446295e-05 -1.0 -1.0 -1.0 -1.0 -1.0 -1.0 -1.0 -1.0 -1.0 -1.0 -1.0 -1.0 -1.0 -1.0 -1.0 -1.0 -1.0 -1.0 -1.0 -1.0 -1.0 -1.0 -1.0 -1.0 -1.0 -1.0 -1.0 -1.0 -1.0 -1.0 -1.0 -1.0 -1.0
0.6097117895446553 0.6374075403639238 0.0 0.0 0.0 0.0 0.6373141759971307 0.0 0.0 0.0 0.0 0.0 0.0 0.0 0.0 0.0 0.0 0.0 0.0 0.0 0.0008135749878701835 0.007374804310973171 0.010197515004829528 0.028463941222235348 0.0131624649594477 0.0 0.0 0.0 0.0 0.0 0.0 0.0 0.0 0.0 0.0 0.0 0.0 0.0 0.0 0.0034647528609625445 -1.0 -1.0 -1.0 -1.0 -1.0 -1.0 -1.0 -1.0 -1.0 -1.0 -1.0 -1.0 -1.0 -1.0 -1.0 -1.0 -1.0 -1.0 -1.0 -1.0 -1.0 -1.0 -1.0 -1.0 -1.0 -1.0 -1.0 -1.0 -1.0 -1.0 -1.0 -1.0
0.0009329652146818334 0.0 0.0 0.5818616507340381 0.0005483778516573196 0.0 0.0 0.0 0.0 0.0 0.0 0.0 0.0 0.0 0.0 0.0 0.0 0.0 0.0 0.0 0.0 0.015284015038604772 0.012151372613328174 0.028683311809804237 0.03790499572849806 0.0 0.0 0.0 0.0 0.0 0.0 0.0 0.0 0.0 0.0 0.0 0.0 0.0 0.0 0.0 0.0 0.0 -1.0 -1.0 -1.0 -1.0 -1.0 -1.0 -1.0 -1.0 -1.0 -1.0 -1.0 -1.0 -1.0 -1.0 -1.0 -1.0 -1.0 -1.0 -1.0 -1.0 -1.0 -1.0 -1.0 -1.0 -1.0 -1.0 -1.0 -1.0 -1.0 -1.0
0.0 0.60961922729102 0.0 0.0 0.0 0.0 0.0 0.0 0.0 0.0 0.0 0.0 0.0 0.0 0.0 0.0 0.0 0.0 0.0 0.0 0.006546767576075524 0.07008925171534247 0.02001412669227726 0.03122136744818639 0.3651728953094463 0.044552223635733905 0.0 0.0 0.0 0.0 0.0 0.0 0.0 0.0 0.0 0.0 0.0 0.0 0.0 0.0 0.0 0.000612746125104192 -1.0 -1.0 -1.0 -1.0 -1.0 -1.0 -1.0 -1.0 -1.0 -1.0 -1.0 -1.0 -1.0 -1.0 -1.0 -1.0 -1.0 -1.0 -1.0 -1.0 -1.0 -1.0 -1.0 -1.0 -1.0 -1.0 -1.0 -1.0 -1.0 -1.0
0.0 0.0 0.0 0.0 0.0 0.0 0.0 0.0 0.0 0.0 0.0 0.0 0.0 0.0 0.0 0.0 0.0 0.0 0.0 0.0 0.0 0.0898111302545676 0.03613729335976947 0.027365580648573556 0.04536023562592486 0.0 0.0 0.0 0.0 0.0 0.0 0.0 0.0 0.0 0.0 0.0 0.0 0.0 0.0 0.0 0.0 0.0 -1.0 -1.0 -1.0 -1.0 -1.0 -1.0 -1.0 -1.0 -1.0 -1.0 -1.0 -1.0 -1.0 -1.0 -1.0 -1.0 -1.0 -1.0 -1.0 -1.0 -1.0 -1.0 -1.0 -1.0 -1.0 -1.0 -1.0 -1.0 -1.0 -1.0
0.0 0.0 0.0 0.0 0.0 0.0 0.0 0.0 0.0 0.0 0.0 0.0 0.0 0.0 0.0 0.02373385953173093 0.0 0.0 0.0 0.0 0.012662058028730508 0.032561835165308 0.027526855964781625 0.04498831343525648 0.03021700259317384 0.034628676619695625 0.0 0.0 0.0 0.0 0.0 0.0 0.0 0.0 0.0 0.0 0.0 0.0 0.0 0.0 0.0 0.0 0.0 -1.0 -1.0 -1.0 -1.0 -1.0 -1.0 -1.0 -1.0 -1.0 -1.0 -1.0 -1.0 -1.0 -1.0 -1.0 -1.0 -1.0 -1.0 -1.0 -1.0 -1.0 -1.0 -1.0 -1.0 -1.0 -1.0 -1.0 -1.0 -1.0
0.0 0.0 0.0 0.0 0.0 0.0 0.0 0.0 0.0 0.0 0.0 0.0 0.0 0.0 0.0 0.0 0.0 0.0 0.0 0.0 0.0 0.011623883241366387 0.02222572724410202 0.005933248822235834 0.011726516583792819 0.009320530731482082 0.0 0.0 0.0 0.0 0.0 0.0 0.01452049021350657 0.0 0.0 0.0 0.0 0.0 0.0 0.0 0.0 0.0 0.022810263529893647 -1.0 -1.0 -1.0 -1.0 -1.0 -1.0 -1.0 -1.0 -1.0 -1.0 -1.0 -1.0 -1.0 -1.0 -1.0 -1.0 -1.0 -1.0 -1.0 -1.0 -1.0 -1.0 -1.0 -1.0 -1.0 -1.0 -1.0 -1.0 -1.0
0.0 0.0 0.0 0.0 0.0 0.0 0.0 0.0 0.0 0.0 0.0 0.0 0.0 0.0 0.0 0.0 0.0 0.0 0.0 0.0 0.0 0.024650871484138064 0.0 0.0 0.0 0.0 0.0 0.0 0.0 0.0 0.0 0.007183078557993203 0.4046597155828904 0.0 0.0 0.0 0.0 0.0 0.0 0.0 0.0 0.0 0.019029732550186907 0.0030279459984552844 -1.0 -1.0 -1.0 -1.0 -1.0 -1.0 -1.0 -1.0 -1.0 -1.0 -1.0 -1.0 -1.0 -1.0 -1.0 -1.0 -1.0 -1.0 -1.0 -1.0 -1.0 -1.0 -1.0 -1.0 -1.0 -1.0 -1.0 -1.0
0.019304228492237514 0.0 0.0 0.0 0.0 0.0 0.0 0.0 0.0 0.0 0.0 0.0 0.0 0.0 0.0 0.0 0.0 0.0 0.0 0.014801656590522452 0.0 0.004970033363808665 0.0 0.0 0.0 0.0 0.0 0.0 0.0 0.0 0.0 0.007400051940336962 0.016532389963239132 0.0 0.0 0.0 0.0 0.0 0.0 0.0 0.0 0.016898581215263744 0.03796900533952261 0.024960839824946634 0.0 -1.0 -1.0 -1.0 -1.0 -1.0 -1.0 -1.0 -1.0 -1.0 -1.0 -1.0 -1.0 -1.0 -1.0 -1.0 -1.0 -1.0 -1.0 -1.0 -1.0 -1.0 -1.0 -1.0 -1.0 -1.0 -1.0 -1.0
0.0 0.0 0.0 0.0 0.0 0.0 0.0 0.0 0.0 0.0 0.0 0.0 0.0 0.0 0.0 0.0 0.0 0.0 0.0 0.0 0.0 0.0 0.0 0.0 0.005801821530478056 0.0 0.0 0.0 0.0 0.0 0.0 0.0 0.0036779494746190804 0.0 0.0 0.0 0.0 0.0 0.0 0.0 0.0 0.026769592280838726 0.001803481730010815 0.0011759136282769708 -1.0 -1.0 -1.0 -1.0 -1.0 -1.0 -1.0 -1.0 -1.0 -1.0 -1.0 -1.0 -1.0 -1.0 -1.0 -1.0 -1.0 -1.0 -1.0 -1.0 -1.0 -1.0 -1.0 -1.0 -1.0 -1.0 -1.0 -1.0
0.0 0.0 0.0 0.0 0.0 0.0 0.0 0.0 0.0 0.0 0.0 0.0 0.0 0.0 0.0 0.0 0.0 0.0 0.0 0.0 0.0 0.0 0.0 0.0 0.0 0.0 0.0 0.0 0.0 0.0 0.0 0.0 0.0 0.0 0.0 0.0 0.0 0.0 0.0 0.0 0.0 0.00905922532109827 0.023456369113972957 0.0 -1.0 -1.0 -1.0 -1.0 -1.0 -1.0 -1.0 -1.0 -1.0 -1.0 -1.0 -1.0 -1.0 -1.0 -1.0 -1.0 -1.0 -1.0 -1.0 -1.0 -1.0 -1.0 -1.0 -1.0 -1.0 -1.0 -1.0 -1.0
0.0 0.0 0.0 0.0 0.0 0.0 0.0 0.0 0.0 0.001838723717339925 0.0 0.0 0.0 0.000598448062928975 0.0 0.0 0.0 0.0 0.0 0.0 0.0 0.0 0.0 0.0 0.0 0.0 0.0 0.0 0.0 0.0 0.0 0.0 0.0 0.0 0.0 0.0 0.0 0.0 0.0 0.0 0.006669142988720659 0.01603432752001681 0.004759055384787324 0.0 0.00828603855204516 0.02125294082939916 0.010935907532810195 0.0 -1.0 -1.0 -1.0 -1.0 -1.0 -1.0 -1.0 -1.0 -1.0 -1.0 -1.0 -1.0 -1.0 -1.0 -1.0 -1.0 -1.0 -1.0 -1.0 -1.0 -1.0 -1.0 -1.0 -1.0
0.0 0.0 0.0 0.0 0.0 0.0 0.0 0.0 0.0 0.0 0.0 0.0 0.0 0.0 0.0 0.0 0.0 0.0 0.0 0.0 0.0 0.0 0.0 0.0 0.0 0.0 0.0 0.0 0.0 0.0 0.0 0.0 0.0 0.0 0.0 0.0 0.0 0.00013554172082221998 0.003993489421512253 0.0 0.0 0.0 0.0018094133267563335 0.0 0.0 0.008860475433294565 0.022949221881130768 0.18866688943125498 0.0824397662364231 0.08737765250358613 0.0290375021251922 0.0 -1.0 -1.0 -1.0 -1.0 -1.0 -1.0 -1.0 -1.0 -1.0 -1.0 -1.0 -1.0 -1.0 -1.0 -1.0 -1.0 -1.0 -1.0 -1.0 -1.0
0.0 0.0 0.0 0.0 0.0 0.0 0.0 0.0 0.0 0.0 0.0 0.0 0.0 0.0 0.0 0.0 0.0 0.0 0.0 0.0 0.0 0.0 0.0 0.0 0.0 0.0 0.0 0.0 0.0 0.0 0.0 0.0 0.0 0.0 0.00091938744201349 0.017018379256587134 0.011165063970902668 0.0 0.0 0.0022386513776946125 0.0 0.0 0.000494054965276894 0.0 0.0 0.015434990309607141 0.00875531892514012 0.10919834166659759 0.44675781986912894 0.6265963975181722 0.08890289328578177 0.05127614570763794 0.0 0.0 -1.0 -1.0 -1.0 -1.0 -1.0 -1.0 -1.0 -1.0 -1.0 -1.0 -1.0 -1.0 -1.0 -1.0 -1.0 -1.0 -1.0 -1.0
0.0 0.0 0.0 0.0 0.0 0.0 0.0 0.0 0.0 0.0 0.0 0.0 0.0 0.0 0.0 0.0 0.0 0.0 0.0 0.0 0.0 0.0 0.0 0.0 0.0 0.0 0.0 0.0 0.0 0.0 0.0 0.004424927832178421 0.01624041226255821 0.017473406058458298 0.03666678261838067 0.028740020002952928 0.028931112518027678 0.010668886265512002 0.009957822693887132 0.01014825316502217 0.0017560487836415018 0.0 0.0033301088957022125 0.0015864240316841038 0.006992222566758018 0.0034895822553626813 0.06946104413262803 0.04251577827740993 0.11226404479213797 0.13215857554036375 0.12821981659838558 0.07114896933983447 0.05991262349983427 0.0 0.007099210157420279 -1.0 -1.0 -1.0 -1.0 -1.0 -1.0 -1.0 -1.0 -1.0 -1.0 -1.0 -1.0 -1.0 -1.0 -1.0 -1.0 -1.0
0.0 0.0 0.0 0.0 0.0 0.0 0.0 0.0 0.0 0.0 0.0 0.0 0.0 0.0 0.0 0.0 0.0 0.0 0.0 0.0 0.0 0.0 0.0 0.0 0.0 0.0 0.0 0.0 0.0 0.0 0.0185473636519816 0.012535332769819659 0.007356714696161437 0.012604388177399081 0.009518424769210453 0.02352494656011948 0.005345137322289641 0.0 0.0 0.00024190301330503537 0.0 0.0 0.001758772897982499 0.0 0.007017831196294039 0.013144593180255647 0.019298602406186922 0.04828181624758255 0.08157370452391488 0.08867836072944392 0.03437452731322249 0.009904305281988447 0.12219302994713518 0.10035793261107713 0.021989816041533914 0.010058219314911791 0.0 0.006217488972565087 -1.0 -1.0 -1.0 -1.0 -1.0 -1.0 -1.0 -1.0 -1.0 -1.0 -1.0 -1.0 -1.0 -1.0
0.0 0.0 0.0 0.0 0.0 0.0 0.0 0.0 0.0 0.0 0.0 0.0019104664594929513 0.0 0.0 0.0 0.0 0.0 0.0 0.0 0.0 0.0 0.0 0.0 0.005670705050105541 0.0 0.0 0.0 0.0 0.001346568756388791 0.0021192692727530224 0.004399426087454262 0.0 0.0 0.00022364161924899042 0.0659608253121272 0.0069308235751935465 0.0 0.0 0.0 0.02968048819933087 0.002915334713362209 0.0 0.0 0.0 0.010815059622997149 0.01720576341383784 0.03554693755320604 0.03988430476870204 0.024879196246731995 0.0478866014831969 0.0 0.0 0.08080027310734712 0.06018895870753457 0.046854024934211196 0.07600989695137984 0.07482181468765992 0.1261362168810498 0.05133918675003147 0.07695710993140524 0.22045512185812055 0.12777443976399566 0.0643769387595658 0.3229502091775795 0.030551883587077274 -1.0 -1.0 -1.0 -1.0 -1.0 -1.0 -1.0
0.0 0.0 0.0 0.0 0.0 0.0 0.0 0.0 0.0006630351384633355 0.0 0.0 0.0 0.0 0.0 0.0 0.0 0.0 0.0 0.0 0.0 0.0 0.0 0.005671276863271567 0.010390275236149021 0.002783334810970825 0.0 0.0004897837875195162 0.004758251164738004 0.002115620855021169 0.0 0.0 0.0 0.0 0.0 0.0 0.0 0.0 0.009879555697302818 0.05795550778383597 0.07299551649083715 0.021741139860857923 0.007359963443724805 0.0 0.0 0.0037627660054500465 0.006601890020789239 0.0279266588596817 0.005258482908517423 0.04087896234566519 0.06760053345241256 0.018691870349733297 0.04120390634139101 0.06273271541237421 0.06005730501150275 0.058873864266327555 0.1218257316744588 0.02496365132963216 0.07702984214486147 0.12123201591416868 0.08666083019086245 0.0387735440600427 0.07616982095726234 0.4124756614916717 0.12147782029319536 0.6752163152205699 0.08380087696550685 0.0 -1.0 -1.0 -1.0 -1.0 -1.0
0.0 0.0 0.00040658157407328374 0.0 0.0 0.0 0.0 0.0 0.0 0.0 0.0 0.0 0.0 0.0 0.0 0.0 0.0 0.0 0.0 0.0 0.0 0.0 0.0 0.0007192248829462538 0.0 0.0028491355022323833 0.0 0.0 0.0 0.0 0.0 0.0 0.0 0.0010841266200823242 0.007226864484025899 0.01263438658204587 0.022858457707946186 0.002241784585818377 0.011569091080115784 0.0 0.0 0.00413251575667198 0.021630108721664366 0.015385347140631054 0.0551242346689587 0.05109006896599098 0.00399844534798444 0.00466935907145236 0.05656559979599274 0.0404920434552523 0.0039204750842196075 0.03647114522315613 0.05819046312560577 0.08814975120702324 0.07444602387266018 0.07121635777311003 0.046254397965676236 0.07896217234405113 0.06590848804802601 0.021884627192662744 0.05855392400509116 0.06319918734704362 0.10428344142328384 0.14547299425326932 0.011452895368251663 0.4535482314441283 0.380218018312745 0.10042132909927068 -1.0 -1.0 -1.0 -1.0
0.0 0.0 0.0 0.0018888876950648478 0.0033896506476596513 0.0 0.0 0.0 0.0 0.0 0.0 0.0 0.0 0.0 0.0 0.0 0.0 0.002550888210175286 0.0 0.0 0.0 0.0 0.0 0.0 0.001194632455436012 0.0 0.0 0.0 0.0 0.0 0.0 0.054789957589278515 0.017859699301205165 0.006696958602130856 0.004312043324903704 0.0 0.0 0.0 0.0 0.0 0.0 0.0 0.011600710222940354 0.0508890783343017 0.01994648684592974 0.04035284354704732 0.006778063066090703 0.022716093599196293 0.07827438092791149 0.03980827832410201 0.03840431569408276 0.0617169340126509 0.12209504403350445 0.08712096858997745 0.04612123469058995 0.015368509320390881 0.03644770789030068 0.012135635671265898 0.010188246326363028 0.09478293386456094 0.08241084025659046 0.05881464072535374 0.4186540561781084 0.06829563075515599 0.0 0.03271795674290831 0.187049096223405 0.5184951240890255 0.09656311460365785 -1.0 -1.0 -1.0
0.0 0.0 0.0 0.0 0.0 0.0 0.0 0.0 0.0 0.0 0.004053735932163301 0.0 0.0 0.0 0.0 0.0 0.0 0.0 0.0 0.0 0.0 0.0 0.0 0.0 0.0 0.0 0.0 0.0 0.0 0.0 0.0 0.0 0.0 0.0 0.0 0.0 0.0 0.0 0.0 0.0 0.0 0.0 0.0 0.0 0.029908961456089615 0.051144459426120184 0.03380057952813325 0.06578306575518923 0.054454145591630185 0.06163989860826122 0.023196788504469792 0.02580040146719543 0.02835809893951882 0.04083915142778284 0.0619394106225273 0.03248867211480761 0.0596846017084305 0.036310842184133794 0.05716320984475656 0.0817374102037441 0.06570542632300806 0.05103540879725669 0.05813731882738678 0.011306452884154411 0.039973128741436846 0.11646947645841763 0.03234840936244718 0.019396515255906587 0.5179479710973611 0.2912551219189412 0.0 -1.0
0.0 0.0 0.0 0.0 0.0 0.0 0.0 0.0 0.0 0.0 0.0 0.0 0.0 0.0 0.0 0.0 0.0 0.0 0.0 0.0 0.0 0.0 0.0 0.0014818869547452488 0.0 0.0 0.0 0.0 0.0 0.0 0.0 0.0 0.0 0.0 0.0 0.0 0.0 0.0 0.0 0.0 0.0 0.0 0.008524391526623938 0.04091468972934628 0.0367715340303827 0.10869504334750844 0.1017887242907896 0.10441102487587497 0.5184546956840174 0.05583573171544679 0.07412048240305062 0.029451144424637865 0.021686903534751556 0.027222973869566226 0.05328464394931783 0.04817826586859584 0.0018575014371611897 0.02420568830025374 0.02483791832654407 0.12327757575457544 0.06789926361766935 0.01826739400961811 0.020378135900387676 0.041008042677817054 0.1113527033269514 0.0641585094230968 0.03807136363622303 0.075859480404339 0.07086062045667067 0.42482155307948294 0.02861850163612291 0.020153372255562137
0.0 0.0 0.0 0.0 0.0 0.0 0.0 0.0 0.0 0.0 0.0 0.0 0.0 0.0 0.0 0.0 0.0 0.0 0.0 0.0 0.0 0.0014048678752972379 0.0 0.0 0.0 0.0 0.0 0.0 0.0 0.0 0.0 0.0 0.0 0.0 0.0 0.0 0.0 0.0 0.0 0.0 0.0 0.0036882481316041827 0.0 0.03934678731007387 0.053900627086884645 0.05863471801794102 0.0533505699311733 0.0419289612715551 0.40617069201898026 0.09329254956635802 0.04384886497529383 0.04236889414236656 0.04148037465827732 0.020054924657845214 0.038177666566864395 0.025095344651162158 0.01637082480322262 0.0209839215849208 0.0463839054566334 0.0404192685631468 0.015913982058715685 0.0130990734865983 0.013051388630830132 0.007477369826069785 0.011257319518899243 0.025115600699252155 0.015922334443080395 0.015841481475179348 0.010395617828148457 0.007414889000647541 0.021470306109175056 0.009795460227354648
