Model Version1.4/trunk/output/1999/fagri.asc
ncols 720
nrows 360
xllcorner -180
yllcorner -90
cellsize 0.5
NODATA_value -1
[rows 64 to 95 of 360, columns 72 to 143 of 720]
-1.0 -1.0 -1.0 -1.0 -1.0 -1.0 -1.0 -1.0 -1.0 -1.0 -1.0 -1.0 -1.0 -1.0 -1.0 0.0 0.0 0.0 0.0 0.0 0.0 0.0 0.0 0.0 0.0 0.0 0.0 0.0 0.0 0.0 0.0 0.0 0.0 0.0 0.0 0.0 0.0 0.0 0.0 0.0 0.0 0.0 0.0 0.0 0.0 0.0 0.0 0.0 0.0 0.0 0.0 0.0 0.0 0.02942184595174 0.027552742611150562 0.0 0.0 0.0 0.0 0.01468296248068159 0.0 0.0 0.027678498937254634 0.010048812950393731 0.0 0.010969172000953478 0.007492294705604796 0.016472790648663343 0.0 0.001420175369032616 0.01126158082575223 0.015646710447804038
-1.0 -1.0 -1.0 -1.0 -1.0 -1.0 -1.0 -1.0 -1.0 -1.0 -1.0 -1.0 -1.0 -1.0 -1.0 -1.0 0.0 0.0 0.0 0.0 0.0 0.0 0.0 0.0 0.0 0.0 0.0 0.0 0.0 0.0 0.0 0.0 0.0 0.0 0.0 0.0 0.0 0.0 0.0 0.0 0.0 0.0 0.0 0.0 0.0 0.0 0.0 0.0 0.0 0.0 0.0 0.0 0.02786901770350137 0.13878176094643163 0.0 0.0 0.0 0.0 0.0 0.0 0.0 0.0 0.0 0.0 0.012136133226125867 0.0 0.0 0.016087059698348866 0.024510557822859925 0.03234168567606118 0.0 0.01552010673820576
-1.0 -1.0 -1.0 -1.0 -1.0 -1.0 -1.0 -1.0 -1.0 -1.0 -1.0 -1.0 -1.0 -1.0 -1.0 -1.0 -1.0 0.0 0.0 0.0 0.0 0.0 0.0 0.0 0.0 0.0 0.0 0.0 0.0 0.0 0.0 0.0 0.0 0.0 0.0 0.0 0.0 0.0 0.0 0.0 0.0 0.0 0.0 0.0 0.0 0.055609547168447654 0.11134188257148735 0.0 0.0 0.055732273349470084 0.02786614027805536 0.0 0.11020604265121801 0.15308827805910968 0.0 0.0 0.0 0.0 0.0 0.0 0.0 0.0 0.0 0.0 0.0 0.0 0.0 0.0 0.010315494703522728 0.03448308572397246 0.0038174097190565707 0.0
-1.0 -1.0 -1.0 -1.0 -1.0 -1.0 -1.0 -1.0 -1.0 -1.0 -1.0 -1.0 -1.0 -1.0 -1.0 -1.0 -1.0 -1.0 0.0 0.0 0.0 0.0 0.0 0.0 0.0 0.0 0.0 0.0 0.0 0.0 0.0 0.0 0.0 0.0 0.0 0.0 0.0 0.0 0.0 0.0 0.0 0.0 0.0 0.0 0.04874971818984877 0.05524401896440538 0.3842106525866489 0.3886995942026511 0.3571684461554323 0.30492767296064077 0.4443047722922156 0.333284831108958 0.4588333393554034 0.5259620802398518 0.08352949124350094 0.0 0.028429082487123447 0.0 0.0 0.0 0.0 0.0 0.0 0.0 0.0 0.0 0.0 0.0 0.015548567035488318 0.02600741544143594 0.0011821630702170628 5.0769307864705674e-05
-1.0 -1.0 -1.0 -1.0 -1.0 -1.0 -1.0 -1.0 -1.0 -1.0 -1.0 -1.0 -1.0 -1.0 -1.0 -1.0 -1.0 -1.0 -1.0 -1.0 0.0 0.0 0.0 0.0 0.0 0.0 0.0 0.0 0.0 0.0 0.0 0.0 0.0 0.0 0.0 0.0 0.0 0.0 0.0 0.0 0.0 0.0 0.0 0.0 0.0 0.019368706776327876 0.08293015215727216 0.3596998273560696 0.18813936075937052 0.1937798440263553 0.580772473637869 0.6653946978984503 0.6322523701395082 0.6648654441218431 0.29382343928140403 0.3005794865281074 0.04553030234733702 0.014846669866597008 0.014777492998112327 0.0 0.006024639747181395 0.0 0.0 0.0 0.0 0.0 0.0 0.0 0.0 0.0 0.0005229930642712228 0.0004954015660315437
-1.0 -1.0 -1.0 -1.0 -1.0 -1.0 -1.0 -1.0 -1.0 -1.0 -1.0 -1.0 -1.0 -1.0 -1.0 -1.0 -1.0 -1.0 -1.0 -1.0 -1.0 0.0 0.0 0.0 0.0 0.0 0.0 0.0 0.024507545857183097 0.014709591673093006 0.014946979870329651 0.0 0.0 0.0 0.0 0.0 0.0 0.0 0.0 0.0 0.0 0.014184271700958654 0.0 0.0 0.0 0.0 0.0 0.0 0.30504083337719107 0.6299446733489282 0.6056610664275084 0.6270279800988032 0.2509419338843258 0.5525601412743377 0.4308706522153991 0.26527098950535755 0.07558065458942657 0.11374432438206267 0.0962367991306064 0.05189795459456341 0.10464081741345256 0.03880384961210928 0.030889247301117723 0.07234999879436928 0.0334671616928479 0.013173652489722304 0.0 0.0 0.0 0.0 0.014946948550111604 0.0
-1.0 -1.0 -1.0 -1.0 -1.0 -1.0 -1.0 -1.0 -1.0 -1.0 -1.0 -1.0 -1.0 -1.0 -1.0 -1.0 -1.0 -1.0 -1.0 -1.0 -1.0 0.0 0.0 0.0 -1.0 0.0 0.0 0.022602494511412653 0.00889663197105047 0.0 0.0300680959817371 0.0 0.0 0.027476622641936514 0.0 0.00039518916117612973 0.0 0.0 0.0 0.0 0.0 0.0 0.0 0.0 0.0 0.0 0.0 0.0 0.0 0.02741088654938535 0.08178589992281411 0.0 0.01718231397990153 0.293855837935666 0.03778800416638025 0.016265894516356696 0.027779743670352804 0.0 0.09201869461830108 0.22527395419641097 0.3092202363899607 0.6605207542627746 0.45523640013720024 0.41736187574511363 0.3127726079386259 0.06667614615117268 0.1053968407587374 0.05776365560495837 0.004043133996673135 0.0005797335721426064 0.0 0.0
-1.0 -1.0 -1.0 -1.0 -1.0 -1.0 -1.0 -1.0 -1.0 -1.0 -1.0 -1.0 -1.0 -1.0 -1.0 -1.0 -1.0 -1.0 -1.0 -1.0 -1.0 0.0015780494816307253 0.03056345539081084 0.0 0.0 -1.0 0.0 0.03617779653471362 0.02504188082029534 0.0 0.03038788355984498 0.0 0.0 0.0 0.0 0.0 0.0 0.0 0.0 0.0610086676899416 0.02785234413733333 0.0 0.06997151582067726 0.03667498261683363 0.0 0.0 0.0 0.0 0.0 0.0 0.0 0.0 0.0 0.0 0.04898511668547272 0.01516460984490436 0.12383641156231925 0.4074145684376195 0.7486843373174007 0.8015865672453002 0.8268450243849778 0.6935119326432536 0.7329613772437344 0.6435828444117438 0.7429951547990279 0.8008866618037591 0.7498429447495404 0.6783563369590587 0.470031119498557 0.4295313835721186 0.3045248070945749 0.28328581069100356
-1.0 -1.0 -1.0 -1.0 -1.0 -1.0 -1.0 -1.0 -1.0 -1.0 -1.0 -1.0 -1.0 -1.0 -1.0 -1.0 -1.0 -1.0 -1.0 -1.0 -1.0 0.023738079146719035 0.13234050267304448 0.07925413835590064 0.004515015117495779 -1.0 0.0 0.008852728656950852 0.0475413952532406 0.03287585480585781 0.008755571212008447 0.0 0.0 0.0 0.0 0.0 0.0 0.0 0.0 0.016548526627755748 0.013551012427828803 0.0 0.15112575255171717 0.0 0.0 0.0 0.0 0.0 0.0 0.0 0.0 0.0 0.0 0.0 0.05408283424722413 0.20787538523947366 0.3012468203628275 0.6070629690385291 0.7569797527870294 0.776623628273038 0.9114098459204574 0.9490228738930566 0.8540996523343117 0.8785772711965347 0.7687537157479308 0.7380870685426059 0.7478782736457366 0.7008838564157801 0.5358955420811107 0.5657031898688039 0.3241841137699747 0.05661517817635493
-1.0 -1.0 -1.0 -1.0 -1.0 -1.0 -1.0 -1.0 -1.0 -1.0 -1.0 -1.0 -1.0 -1.0 -1.0 -1.0 -1.0 -1.0 -1.0 -1.0 -1.0 -1.0 0.0054608470029765535 0.007174594018724211 0.005879007117284239 -1.0 -1.0 0.0 0.0 0.0005627540921097395 0.03479790357548872 0.006603913295288781 0.0 0.0 0.0 0.0 0.0 0.0 0.0 0.0 0.0 0.0 0.03708876065500253 0.027736584637463924 0.0 0.0 0.0 0.0 0.0 0.0 0.0 0.0 0.0452619713671485 0.0 0.0 0.0 0.017392922531807787 0.30402159223512315 0.9090100816711987 0.9482714322554923 0.9831743183730488 0.9217172321252943 0.8738652931759067 0.8411835011793756 0.7518957251868873 0.6927313836120856 0.7191934602909528 0.7187553256233568 0.689446501501297 0.6609218110194885 0.7014908185136993 0.5255651345576721
-1.0 -1.0 -1.0 -1.0 -1.0 -1.0 -1.0 -1.0 -1.0 -1.0 -1.0 -1.0 -1.0 -1.0 -1.0 -1.0 -1.0 -1.0 -1.0 -1.0 -1.0 -1.0 -1.0 0.0 0.0034240369929805317 0.0 -1.0 -1.0 -1.0 0.0 0.005363395889012451 0.007269550019816511 0.0 0.0 0.0 0.0 0.0 0.0 0.0 0.0 0.0 0.0 0.020093264109180175 0.05149466381667053 0.0 0.0 0.0 0.0 0.0 0.0 0.0 0.0 0.0 0.0 0.0 0.0 0.01548794936136096 0.041314791414156816 0.45976410072078117 0.813016452442083 0.874005323229001 0.8760827153773204 0.6625774782009172 0.8108411570357817 0.6655246827117102 0.720843868370761 0.6958247721794097 0.5220745441977779 0.46720460021228816 0.4893211351311919 0.653748224126907 0.5902567112592645
-1.0 -1.0 -1.0 -1.0 -1.0 -1.0 -1.0 -1.0 -1.0 -1.0 -1.0 -1.0 -1.0 -1.0 -1.0 -1.0 -1.0 -1.0 -1.0 -1.0 -1.0 -1.0 -1.0 -1.0 0.0 0.0 -1.0 -1.0 -1.0 -1.0 0.0 0.0 0.0 0.0 0.0 0.0 0.0 0.01565119372087479 0.0 0.0 0.009443967435540839 0.0 0.0 0.004140928307032427 0.013349806243174974 0.0 0.0 0.0 0.0 0.0 0.0 0.0 0.0 0.0 0.0 0.0 0.0 0.07426931009464438 0.8386890252307945 0.8810317709160076 0.9504022841417404 0.8218946299779633 0.7969887929385937 0.45950586934203547 0.3924124134809505 0.553303009895299 0.2447859547259892 0.1404448141170843 0.1859017704931412 0.6329971115811722 0.2417652607356968 0.6956769289851492
-1.0 -1.0 -1.0 -1.0 -1.0 -1.0 -1.0 -1.0 -1.0 -1.0 -1.0 -1.0 -1.0 -1.0 -1.0 -1.0 -1.0 -1.0 -1.0 -1.0 -1.0 -1.0 -1.0 -1.0 -1.0 -1.0 -1.0 -1.0 -1.0 -1.0 -1.0 0.0 0.0 0.0 0.0 0.0 0.0 0.0 0.0 0.0 0.0 0.0 0.0 0.04987144785027484 0.0 0.0018217825564345812 0.0 0.0 0.0 0.0 0.0 0.0 0.0 0.0 0.0 0.0 0.0 0.0 0.419655633934902 0.8834465770012067 0.8075883998792358 0.8151164295319502 0.6761277800924941 0.47039265281952 0.6648837313455314 0.6929911418264407 0.6931957589355385 0.6928892748492211 0.6929911388554196 0.43452978467715686 0.4756338958582155 0.5294015435057953
-1.0 -1.0 -1.0 -1.0 -1.0 -1.0 -1.0 -1.0 -1.0 -1.0 -1.0 -1.0 -1.0 -1.0 -1.0 -1.0 -1.0 -1.0 -1.0 -1.0 -1.0 -1.0 -1.0 -1.0 -1.0 -1.0 -1.0 -1.0 -1.0 -1.0 -1.0 -1.0 0.0 0.0 0.0 0.0 0.0 0.0 0.0 0.0 0.0 0.0 0.0 0.004599097479848928 0.00776929826637605 0.0 0.0 0.0 0.0 0.0 0.0 0.0 0.0 0.0 0.0 0.0 0.0 0.0 0.20347052769802165 0.6409049247261053 0.8518164579825924 0.8248283724787175 0.7087055990110899 0.37709918716237517 0.692837368456297 0.6931391691982179 0.7146957842261952 0.6926367338422258 0.7427086446846812 0.4479619814006332 0.5733950623044839 0.7455352582719174
-1.0 -1.0 -1.0 -1.0 -1.0 -1.0 -1.0 -1.0 -1.0 -1.0 -1.0 -1.0 -1.0 -1.0 -1.0 -1.0 -1.0 -1.0 -1.0 -1.0 -1.0 -1.0 -1.0 -1.0 -1.0 -1.0 -1.0 -1.0 -1.0 -1.0 -1.0 0.0 0.0 0.0 0.0 0.0 0.0017539904240099062 0.0 0.0 0.0 0.0 0.0 0.0 0.0 0.0 0.007854702505339593 0.005073827145478955 0.07672777288418832 0.0276763031107778 0.10776231923738458 0.004728045300303414 0.0 0.0 0.0 0.0 0.0 0.0 0.0 0.027097502392813496 0.5447685213689574 0.7652325054058526 0.8083616923507891 0.6475429446312 0.5209760066709633 0.4533596626950541 0.693134003871179 0.6927889096374866 0.6931345620222373 0.770230029152962 0.7483105758009138 0.40949242435760674 0.455724071546336
-1.0 -1.0 -1.0 -1.0 -1.0 -1.0 -1.0 -1.0 -1.0 -1.0 -1.0 -1.0 -1.0 -1.0 -1.0 -1.0 -1.0 -1.0 -1.0 -1.0 -1.0 -1.0 -1.0 -1.0 -1.0 -1.0 -1.0 -1.0 -1.0 -1.0 -1.0 -1.0 0.0 0.0 0.0 0.0 0.0 0.004591997138689394 0.0 0.00998579816679091 0.0 0.0 0.0 0.0 0.0 0.004204710300286388 0.027636039921921506 0.04542783888818053 0.0 0.18109150353041711 0.04355331081184752 0.0 0.0 0.0 0.0 0.0 0.0 0.0 0.0 0.2247549986980671 0.5059238353785993 0.6621208826182831 0.5470802422943977 0.759406297029654 0.6006367629789136 0.7206205295388428 0.7685150555516395 0.6933683977454917 0.7482112999057581 0.6907950274935231 0.3869337239323367 0.4778532216549715
-1.0 -1.0 -1.0 -1.0 -1.0 -1.0 -1.0 -1.0 -1.0 -1.0 -1.0 -1.0 -1.0 -1.0 -1.0 -1.0 -1.0 -1.0 -1.0 -1.0 -1.0 -1.0 -1.0 -1.0 -1.0 -1.0 -1.0 -1.0 -1.0 -1.0 -1.0 -1.0 -1.0 0.0 0.0 0.0 0.0 0.031069062495797554 0.03677572582295944 0.0 0.0 0.0 0.0 0.0 0.0 0.0 0.0 0.0 0.03016265310727121 0.06095026963927531 0.0 0.0 0.0 0.0 0.0 0.0 0.017982864811765028 0.0 0.0 0.1342125802313751 0.2854337144745865 0.6244675260361378 0.8043171329530596 0.7314439506864789 0.6447081427819821 0.5022064987563116 0.7207619308171861 0.7202383236705661 0.6650517010453149 0.692424100163383 0.4413600040546339 0.4966437325459951
-1.0 -1.0 -1.0 -1.0 -1.0 -1.0 -1.0 -1.0 -1.0 -1.0 -1.0 -1.0 -1.0 -1.0 -1.0 -1.0 -1.0 -1.0 -1.0 -1.0 -1.0 -1.0 -1.0 -1.0 -1.0 -1.0 -1.0 -1.0 -1.0 -1.0 -1.0 -1.0 -1.0 -1.0 -1.0 0.0 0.0038709498269610914 0.0 0.012224323502088446 0.03681276420799776 0.15753682481721648 0.06314891004549154 0.35449073735288944 0.30061356839090175 0.1095779626719566 0.0 0.0 0.0 0.043286001531159725 0.008666197907069633 0.013004599175130376 0.024118725446045583 0.013541454787302872 0.0 0.055611968113690416 0.027829294663382086 0.0005288014742380628 0.006481235311462096 0.0 0.09859092849974425 0.46834182616715053 0.6573685687108479 0.5849948317156907 0.4221703093101164 0.27212650609897193 0.27642176026791154 0.692975507133729 0.6928821079448367 0.6643982257542341 0.6344234852324749 0.6928836586404963 0.3489814740825665
-1.0 -1.0 -1.0 -1.0 -1.0 -1.0 -1.0 -1.0 -1.0 -1.0 -1.0 -1.0 -1.0 -1.0 -1.0 -1.0 -1.0 -1.0 -1.0 -1.0 -1.0 -1.0 -1.0 -1.0 -1.0 -1.0 -1.0 -1.0 -1.0 -1.0 -1.0 -1.0 -1.0 -1.0 -1.0 -1.0 -1.0 0.0 0.0 0.0 0.0724097693860416 0.07130817649484432 0.15032072814151604 0.17597587476355234 0.0 0.0007960618587973601 0.0 0.0010181998897143213 0.005483603072030099 0.023561841287494646 0.0030973801545722836 0.013624230969403914 0.02269586562651721 0.0 0.0 0.030603129860876297 1.4250877952707007e-05 0.008775329095940471 0.0 0.0 0.0026172060545113156 0.03444338453747799 0.1902708444740375 0.7194861240785994 0.747543108451279 0.9141528700187582 0.8868423041456903 0.9700540016703063 0.9077654080326124 0.7194012578369691 0.6649434482604245 0.6936639908601943
-1.0 -1.0 -1.0 -1.0 -1.0 -1.0 -1.0 -1.0 -1.0 -1.0 -1.0 -1.0 -1.0 -1.0 -1.0 -1.0 -1.0 -1.0 -1.0 -1.0 -1.0 -1.0 -1.0 -1.0 -1.0 -1.0 -1.0 -1.0 -1.0 -1.0 -1.0 -1.0 -1.0 -1.0 -1.0 -1.0 -1.0 -1.0 0.0 0.015352391799366759 0.0 0.04987890833752233 0.10302142370982773 0.1948117881990695 0.0 0.0 0.0 0.005276149028076802 0.6364542232966968 0.5494424521203161 0.004002009276822956 0.03396228903874506 0.0617719615816522 0.03115513694090654 0.000648892035545658 0.006991985520269126 9.170941263141585e-05 0.0016545600073458778 0.002609191550857536 0.18124859909034383 0.0 0.0 0.051443218933953025 0.25011456027581463 0.35732742771935017 0.9146272546320914 0.9976522125132958 0.9972889777603627 0.7757254797153782 0.7479909136569514 0.7483972419747074 0.721294490235923
-1.0 -1.0 -1.0 -1.0 -1.0 -1.0 -1.0 -1.0 -1.0 -1.0 -1.0 -1.0 -1.0 -1.0 -1.0 -1.0 -1.0 -1.0 -1.0 -1.0 -1.0 -1.0 -1.0 -1.0 -1.0 -1.0 -1.0 -1.0 -1.0 -1.0 -1.0 -1.0 -1.0 -1.0 -1.0 -1.0 -1.0 -1.0 0.0 0.0 0.0 0.0 0.0035135868148132156 0.18511341580002866 0.10049006681847131 0.0 0.011123445912159916 0.09066829106532638 0.7475597470388888 0.31235385225365137 0.7380308358293257 0.7173580840200073 0.7157592661791299 0.5516665599131007 0.1763016295450235 0.0 0.0033702670067533884 0.0 0.054445798495636494 0.1594786518903178 0.0 0.0 0.000561817994074368 0.719749654203103 0.33228486382595496 0.9839875478463732 0.9971707322240931 0.9698250737382972 0.9142670209899895 0.8312852107489689 0.7758158235795194 0.7764372108658393
-1.0 -1.0 -1.0 -1.0 -1.0 -1.0 -1.0 -1.0 -1.0 -1.0 -1.0 -1.0 -1.0 -1.0 -1.0 -1.0 -1.0 -1.0 -1.0 -1.0 -1.0 -1.0 -1.0 -1.0 -1.0 -1.0 -1.0 -1.0 -1.0 -1.0 -1.0 -1.0 -1.0 -1.0 -1.0 -1.0 -1.0 -1.0 -1.0 0.0006833347920062326 0.00034945380244340453 0.006419745776084519 0.015218206910905576 0.36532140462685825 0.02433165552750935 0.0 0.06606797179743293 0.10780109110549281 0.2732097994198649 0.2152263881747823 0.7474171898500472 0.7453640869059993 0.7742856530967879 0.5240933992049499 0.1659129417660111 0.0 0.0 0.0 0.022772226759953454 0.16190978023851232 0.0007575239111891931 0.009256185267120031 0.012692199826161932 0.692311958376962 0.7750514741335026 0.7662572694420424 0.11142870079887697 0.9144048094836227 0.9698731034934425 0.7732319329711866 0.8037724283182697 0.8042522707775824
-1.0 -1.0 -1.0 -1.0 -1.0 -1.0 -1.0 -1.0 -1.0 -1.0 -1.0 -1.0 -1.0 -1.0 -1.0 -1.0 -1.0 -1.0 -1.0 -1.0 -1.0 -1.0 -1.0 -1.0 -1.0 -1.0 -1.0 -1.0 -1.0 -1.0 -1.0 -1.0 -1.0 -1.0 -1.0 -1.0 -1.0 -1.0 -1.0 0.05339521545846446 0.011478274671367668 0.0750628264698236 0.22892345671934744 0.0474491741216799 0.0 0.0 0.17443418644593223 0.09552271090648701 0.09123703511890854 0.10512166483728072 0.40725038705461314 0.20876514427737347 0.18921973909371997 0.5094407611308154 0.2981678483630393 0.027755581627068607 0.0 0.0 0.0 0.07074656658057747 0.018631609181450792 0.08376791191095644 0.04884553720480788 0.02657572821357104 0.6330868778618546 0.053429592576151076 0.04099627919001197 0.06295148514347264 0.22809222808180218 0.04026858402392263 0.748343567170886 0.8039396726647656
-1.0 -1.0 -1.0 -1.0 -1.0 -1.0 -1.0 -1.0 -1.0 -1.0 -1.0 -1.0 -1.0 -1.0 -1.0 -1.0 -1.0 -1.0 -1.0 -1.0 -1.0 -1.0 -1.0 -1.0 -1.0 -1.0 -1.0 -1.0 -1.0 -1.0 -1.0 -1.0 -1.0 -1.0 -1.0 -1.0 -1.0 -1.0 -1.0 -1.0 0.01148051802852937 0.023458918422280012 0.08838772496778985 0.0 0.0 0.004546161848396222 0.08504193974437739 0.3153285841552393 0.444003196683553 0.24810966390971106 0.24146870237874954 0.3414232053624575 0.08522537960968558 0.5968162780986384 0.20694755189201242 0.4990452475042776 0.027793519948125595 0.0 0.0 0.14119011926103744 0.00807057428700008 0.005517750071724172 0.08262960067217354 0.007591388819524134 0.6928568209549106 0.13510187155992692 0.13575828004146503 0.055943305058586544 0.8590661195478754 0.9147860793247813 0.9691934899980524 0.9976497205895446
-1.0 -1.0 -1.0 -1.0 -1.0 -1.0 -1.0 -1.0 -1.0 -1.0 -1.0 -1.0 -1.0 -1.0 -1.0 -1.0 -1.0 -1.0 -1.0 -1.0 -1.0 -1.0 -1.0 -1.0 -1.0 -1.0 -1.0 -1.0 -1.0 -1.0 -1.0 -1.0 -1.0 -1.0 -1.0 -1.0 -1.0 -1.0 -1.0 -1.0 0.0 0.08863555274544496 0.46057816968391835 0.17173945665518475 0.02064862135484286 0.09496870284296847 0.22181855145610138 0.6052690121731521 0.24134903272156813 0.325364852115478 0.31002865697353216 0.1816346460996008 0.071386367606328 0.042744575786350505 0.00504482871055494 0.09407020719786027 0.0 0.0 0.0 0.0024128487824751155 0.013204585583509116 0.021093530752436983 0.012823042366824846 0.6366924750004745 0.8301491655971985 0.37095142112245305 0.09658875317851613 0.07672049581694797 0.857885762519329 0.9965169258050594 0.9678216293709528 0.9869233885413417
-1.0 -1.0 -1.0 -1.0 -1.0 -1.0 -1.0 -1.0 -1.0 -1.0 -1.0 -1.0 -1.0 -1.0 -1.0 -1.0 -1.0 -1.0 -1.0 -1.0 -1.0 -1.0 -1.0 -1.0 -1.0 -1.0 -1.0 -1.0 -1.0 -1.0 -1.0 -1.0 -1.0 -1.0 -1.0 -1.0 -1.0 -1.0 -1.0 -1.0 0.040191145157314284 0.48930406710864444 0.7251529548356116 0.2505610071670282 0.0 0.12196803320624429 0.12044404894768906 0.08285080293802234 0.14450567034729794 0.01774755160451303 0.5814959088958339 0.05938337575995095 0.16529572576412147 0.05992631772438956 0.009969155589905108 0.012420788391183536 0.001130975730237221 0.0 0.0 0.0003614814897436584 0.03892051423283953 0.02684879927260003 0.7189642598042546 0.8030728515062338 0.07791770137912502 0.0 0.02682598786527013 0.0 0.027531255540554772 0.1291469335951451 0.9139744383239291 0.8034397720619657
-1.0 -1.0 -1.0 -1.0 -1.0 -1.0 -1.0 -1.0 -1.0 -1.0 -1.0 -1.0 -1.0 -1.0 -1.0 -1.0 -1.0 -1.0 -1.0 -1.0 -1.0 -1.0 -1.0 -1.0 -1.0 -1.0 -1.0 -1.0 -1.0 -1.0 -1.0 -1.0 -1.0 -1.0 -1.0 -1.0 -1.0 -1.0 -1.0 0.07716896345327035 0.0008071965052564055 0.48023977521173156 0.416325521087534 0.0 0.0 0.13811966972122328 0.010016889911850122 0.007907393920657351 0.009268773958226537 0.027120604661247744 0.0 0.031196471374212952 0.18360233843421817 0.09075815037470378 0.04367525428641728 0.08140614959691987 0.0 0.0 0.0 0.00010377973205698374 0.007695556521955219 0.01061496900562085 0.02370590717707607 0.024769835496772936 0.019541172120126897 0.0025929595826730068 0.0 0.0 0.001811776101712653 0.07771839696627875 0.9397477372786889 0.08922117728541216
-1.0 -1.0 -1.0 -1.0 -1.0 -1.0 -1.0 -1.0 -1.0 -1.0 -1.0 -1.0 -1.0 -1.0 -1.0 -1.0 -1.0 -1.0 -1.0 -1.0 -1.0 -1.0 -1.0 -1.0 -1.0 -1.0 -1.0 -1.0 -1.0 -1.0 -1.0 -1.0 -1.0 -1.0 -1.0 -1.0 -1.0 -1.0 -1.0 0.0 0.0 0.5374014097522208 0.10120553613308096 0.0 0.0014656590156938174 0.5816077000294524 0.07679597103400966 0.020663876672481943 0.0211091895983584 0.018686300510293033 0.03291924047539734 0.025528307918026568 0.041430091666990555 0.1968649401878184 0.2005245095095932 0.0217240875247318 0.003050571950052618 0.0 0.0 2.2021485787820186e-05 0.0016717924570959627 0.0008021943427428852 0.01655038491835404 0.036310745873192246 0.009479655973568087 0.045467908314130445 0.0 0.0 0.0007840608189911477 0.018556695404938522 0.9143374908045477 0.14374159152250005
-1.0 -1.0 -1.0 -1.0 -1.0 -1.0 -1.0 -1.0 -1.0 -1.0 -1.0 -1.0 -1.0 -1.0 -1.0 -1.0 -1.0 -1.0 -1.0 -1.0 -1.0 -1.0 -1.0 -1.0 -1.0 -1.0 -1.0 -1.0 -1.0 -1.0 -1.0 -1.0 -1.0 -1.0 -1.0 -1.0 -1.0 -1.0 -1.0 0.0 0.00909632472992453 0.0849964474994341 0.037893732373949905 0.0 0.0005353557906592494 0.0028007829434952805 0.0007188045374838195 0.023978457394682597 0.02068655528257658 0.040925313259473683 0.08233873165032532 0.012711849655552365 0.03274482583120572 0.2893316274019154 0.7751791889037438 0.2042784801447007 0.04093401675369349 0.007055574568159717 0.0009104994312161313 0.003330753877076203 0.006249075656797814 0.07303030530622813 0.07449650189037975 0.27112288065979934 0.4604682392172588 0.13662504681189885 0.009842707991650409 0.0009513318765562783 0.0017439089110490487 0.004283983080100237 0.7206006828828131 0.9965438323943084
-1.0 -1.0 -1.0 -1.0 -1.0 -1.0 -1.0 -1.0 -1.0 -1.0 -1.0 -1.0 -1.0 -1.0 -1.0 -1.0 -1.0 -1.0 -1.0 -1.0 -1.0 -1.0 -1.0 -1.0 -1.0 -1.0 -1.0 -1.0 -1.0 -1.0 -1.0 -1.0 -1.0 -1.0 -1.0 -1.0 -1.0 -1.0 -1.0 0.018057345499346285 0.0 0.18750959302330047 0.0 0.0 0.0 0.015389793472431067 0.05874261889496045 0.05365613587905868 0.0018668031192665508 0.03579951733055794 0.08811001745687888 0.004829814289294019 0.006873904648481935 0.01893474364034984 0.1606749423408525 0.1170383566718239 0.09596280754011552 0.05418790996331647 0.1091476299496808 0.07209066173571244 0.04142165686668813 0.006643060144560534 0.23096314434485002 0.3210066492487521 0.0666547938762293 0.036493975636014295 0.010513510058685118 0.012904175215024188 0.005783960791388693 0.0072159589593218144 0.9143030918266097 0.910650769802629
-1.0 -1.0 -1.0 -1.0 -1.0 -1.0 -1.0 -1.0 -1.0 -1.0 -1.0 -1.0 -1.0 -1.0 -1.0 -1.0 -1.0 -1.0 -1.0 -1.0 -1.0 -1.0 -1.0 -1.0 -1.0 -1.0 -1.0 -1.0 -1.0 -1.0 -1.0 -1.0 -1.0 -1.0 -1.0 -1.0 -1.0 -1.0 0.0 0.008941550054189928 0.0 0.0 0.024935253938851463 0.0007829531720126524 0.020951357737136453 0.008205812994456201 0.012508877997152543 0.03278851279217116 0.003647173797949437 0.015961646319696907 0.026293617026693885 0.006529156564267203 0.027682506899683355 0.029278697379978336 0.003806354207842421 0.056557820656924794 0.18147262585294996 0.10959936235285568 0.5851220278134108 0.4467712632119246 0.44251226775195446 0.11417424563411081 0.1855777322071924 0.11247541479921437 0.06729248058156675 0.01815425838499281 0.06508435965314377 0.08143967469080812 0.03967050052032819 0.0036267525401236385 0.11952616941022254 0.9698433564547946
-1.0 -1.0 -1.0 -1.0 -1.0 -1.0 -1.0 -1.0 -1.0 -1.0 -1.0 -1.0 -1.0 -1.0 -1.0 -1.0 -1.0 -1.0 -1.0 -1.0 -1.0 -1.0 -1.0 -1.0 -1.0 -1.0 -1.0 -1.0 -1.0 -1.0 -1.0 -1.0 -1.0 -1.0 -1.0 -1.0 -1.0 -1.0 -1.0 6.219857604846609e-05 0.0 0.01552499323625259 0.09332413766457384 0.0002462546603734325 0.18840070728073016 0.14738692569873763 0.052624375168131884 0.11901413017474845 0.04345053745308225 0.0015247155325842654 0.014542136441013605 0.00951772680529836 0.007790685615159453 0.001996862556061394 0.0008486475836184903 0.017244254361048386 0.002882720708412289 0.007305336054790853 0.07511202712303919 0.20032354226431523 0.21869194360482125 0.11003746394496239 0.1301407974574637 0.16518636016773933 0.12843470197705922 0.036515431121632844 0.005043817340553129 0.5826413877803726 0.7208933623698858 0.7210034556656186 0.6927589828795504 0.914386394235774
