Model Version1.4/trunk/output/1999/fara.asc
ncols 720
nrows 360
xllcorner -180
yllcorner -90
cellsize 0.5
NODATA_value -1
[rows 32 to 63 of 360, columns 360 to 431 of 720]
-1.0 -1.0 -1.0 -1.0 -1.0 -1.0 -1.0 -1.0 -1.0 -1.0 -1.0 -1.0 -1.0 -1.0 -1.0 -1.0 -1.0 -1.0 -1.0 -1.0 -1.0 -1.0 -1.0 -1.0 -1.0 -1.0 -1.0 -1.0 -1.0 -1.0 -1.0 -1.0 -1.0 -1.0 -1.0 -1.0 -1.0 -1.0 -1.0 -1.0 -1.0 -1.0 -1.0 -1.0 -1.0 -1.0 -1.0 -1.0 -1.0 -1.0 -1.0 -1.0 -1.0 -1.0 -1.0 -1.0 -1.0 -1.0 -1.0 -1.0 -1.0 -1.0 -1.0 -1.0 -1.0 -1.0 -1.0 -1.0 -1.0 -1.0 -1.0 -1.0
-1.0 -1.0 -1.0 -1.0 -1.0 -1.0 -1.0 -1.0 -1.0 -1.0 -1.0 -1.0 -1.0 -1.0 -1.0 -1.0 -1.0 -1.0 -1.0 -1.0 -1.0 -1.0 -1.0 -1.0 -1.0 -1.0 -1.0 -1.0 -1.0 -1.0 -1.0 -1.0 -1.0 -1.0 -1.0 -1.0 -1.0 -1.0 -1.0 -1.0 -1.0 -1.0 -1.0 -1.0 -1.0 -1.0 -1.0 -1.0 -1.0 -1.0 -1.0 -1.0 -1.0 -1.0 -1.0 -1.0 -1.0 -1.0 -1.0 -1.0 -1.0 -1.0 -1.0 -1.0 -1.0 -1.0 -1.0 -1.0 -1.0 -1.0 -1.0 -1.0
-1.0 -1.0 -1.0 -1.0 -1.0 -1.0 -1.0 -1.0 -1.0 -1.0 -1.0 -1.0 -1.0 -1.0 -1.0 -1.0 -1.0 -1.0 -1.0 -1.0 -1.0 -1.0 -1.0 -1.0 -1.0 -1.0 -1.0 -1.0 -1.0 -1.0 -1.0 -1.0 -1.0 -1.0 -1.0 -1.0 -1.0 -1.0 -1.0 -1.0 -1.0 -1.0 -1.0 -1.0 -1.0 -1.0 -1.0 -1.0 -1.0 -1.0 -1.0 -1.0 -1.0 -1.0 -1.0 -1.0 -1.0 -1.0 -1.0 -1.0 -1.0 -1.0 -1.0 -1.0 -1.0 -1.0 -1.0 -1.0 -1.0 -1.0 -1.0 -1.0
-1.0 -1.0 -1.0 -1.0 -1.0 -1.0 -1.0 -1.0 -1.0 -1.0 -1.0 -1.0 -1.0 -1.0 -1.0 -1.0 -1.0 -1.0 -1.0 -1.0 -1.0 -1.0 -1.0 -1.0 -1.0 -1.0 -1.0 -1.0 -1.0 -1.0 -1.0 -1.0 -1.0 -1.0 -1.0 -1.0 -1.0 -1.0 -1.0 -1.0 -1.0 -1.0 -1.0 -1.0 -1.0 -1.0 -1.0 -1.0 -1.0 -1.0 -1.0 -1.0 -1.0 -1.0 -1.0 -1.0 -1.0 -1.0 -1.0 -1.0 -1.0 -1.0 -1.0 -1.0 -1.0 -1.0 -1.0 -1.0 -1.0 -1.0 -1.0 -1.0
-1.0 -1.0 -1.0 -1.0 -1.0 -1.0 -1.0 -1.0 -1.0 -1.0 -1.0 -1.0 -1.0 -1.0 -1.0 -1.0 -1.0 -1.0 -1.0 -1.0 -1.0 -1.0 -1.0 -1.0 -1.0 -1.0 -1.0 -1.0 -1.0 -1.0 -1.0 -1.0 -1.0 -1.0 -1.0 -1.0 -1.0 -1.0 -1.0 -1.0 -1.0 -1.0 -1.0 -1.0 -1.0 -1.0 -1.0 -1.0 -1.0 -1.0 -1.0 -1.0 -1.0 -1.0 -1.0 -1.0 -1.0 -1.0 -1.0 -1.0 -1.0 -1.0 -1.0 -1.0 -1.0 -1.0 -1.0 -1.0 -1.0 -1.0 -1.0 -1.0
-1.0 -1.0 -1.0 -1.0 -1.0 -1.0 -1.0 -1.0 -1.0 -1.0 -1.0 -1.0 -1.0 -1.0 -1.0 -1.0 -1.0 -1.0 -1.0 -1.0 -1.0 -1.0 -1.0 -1.0 -1.0 -1.0 -1.0 -1.0 -1.0 -1.0 -1.0 -1.0 -1.0 -1.0 -1.0 -1.0 -1.0 -1.0 -1.0 -1.0 -1.0 -1.0 -1.0 -1.0 -1.0 -1.0 -1.0 -1.0 -1.0 -1.0 0.0 0.0 0.0 -1.0 0.0 0.0 0.0 -1.0 -1.0 -1.0 -1.0 -1.0 -1.0 -1.0 -1.0 -1.0 -1.0 -1.0 -1.0 -1.0 -1.0 -1.0
-1.0 -1.0 -1.0 -1.0 -1.0 -1.0 -1.0 -1.0 -1.0 -1.0 -1.0 -1.0 -1.0 -1.0 -1.0 -1.0 -1.0 -1.0 -1.0 -1.0 -1.0 -1.0 -1.0 -1.0 -1.0 -1.0 -1.0 -1.0 -1.0 -1.0 -1.0 -1.0 -1.0 -1.0 -1.0 -1.0 -1.0 -1.0 -1.0 -1.0 -1.0 -1.0 -1.0 -1.0 0.0 0.0 0.0 0.0 0.0 0.0 0.0 0.0 0.0 0.0 0.0 0.0 0.0 0.0 0.0 0.0 0.0 0.0 -1.0 -1.0 -1.0 -1.0 -1.0 -1.0 -1.0 -1.0 -1.0 -1.0
-1.0 -1.0 -1.0 -1.0 -1.0 -1.0 -1.0 -1.0 -1.0 -1.0 -1.0 -1.0 -1.0 -1.0 -1.0 -1.0 -1.0 -1.0 -1.0 -1.0 -1.0 -1.0 -1.0 -1.0 -1.0 -1.0 -1.0 -1.0 -1.0 -1.0 -1.0 -1.0 -1.0 -1.0 -1.0 -1.0 -1.0 0.0 0.0 0.0 0.0 0.0 0.0 0.0 0.0 0.0 0.0 0.0 0.0 0.0 0.0 0.0 0.0 0.0 0.0 0.0 0.0 0.0 0.0 0.0 0.0 0.0 0.0 -1.0 -1.0 -1.0 -1.0 -1.0 -1.0 -1.0 -1.0 -1.0
-1.0 -1.0 -1.0 -1.0 -1.0 -1.0 -1.0 -1.0 -1.0 -1.0 -1.0 -1.0 -1.0 -1.0 -1.0 -1.0 -1.0 -1.0 -1.0 -1.0 -1.0 -1.0 -1.0 -1.0 -1.0 -1.0 -1.0 -1.0 -1.0 -1.0 -1.0 -1.0 -1.0 -1.0 -1.0 0.0 0.0 8.699857396750068e-05 0.0 0.0 0.0 0.0 0.0 0.0 0.0 0.0 0.0 0.0 0.0 0.0 0.0 0.0 0.0 0.0 0.0 0.0 0.0 0.0 0.0 0.0 0.0 0.0 0.0 0.0 0.0 0.0 -1.0 -1.0 -1.0 -1.0 -1.0 -1.0
-1.0 -1.0 -1.0 -1.0 -1.0 -1.0 -1.0 -1.0 -1.0 -1.0 -1.0 -1.0 -1.0 -1.0 -1.0 -1.0 -1.0 -1.0 -1.0 -1.0 -1.0 -1.0 -1.0 -1.0 -1.0 -1.0 -1.0 -1.0 -1.0 -1.0 -1.0 0.00014031408295916482 0.00022309618219700143 0.0 0.0 0.0 0.0 0.0 0.0 0.0 0.0 0.0 0.0 0.0 0.0 0.0 0.0 0.0 0.0 0.0 0.0 0.0 0.0 0.0 0.0 0.0 0.0 0.0 0.0 0.0 0.0 0.0 0.0 0.0 0.0 0.0 0.0 0.0 0.0 0.0 0.0 0.0
-1.0 -1.0 -1.0 -1.0 -1.0 -1.0 -1.0 -1.0 -1.0 -1.0 -1.0 -1.0 -1.0 -1.0 -1.0 -1.0 -1.0 -1.0 -1.0 -1.0 -1.0 -1.0 -1.0 -1.0 -1.0 -1.0 -1.0 -1.0 0.0 0.0004608028314801534 1.485322763912203e-05 0.0 0.0 0.0 0.0 0.0 0.0 0.0 0.0 0.0 0.0 0.0 0.0 0.0 0.0 0.0 0.0 0.0 0.0 0.0 0.0 0.0 0.0 0.0 0.0 0.0 0.0 0.0 0.0 0.0 0.0 0.0 0.0 0.0 0.0 0.0 0.0 0.0 0.0 0.0 0.0 0.0
-1.0 -1.0 -1.0 -1.0 -1.0 -1.0 -1.0 -1.0 -1.0 -1.0 -1.0 -1.0 -1.0 -1.0 -1.0 -1.0 -1.0 -1.0 -1.0 -1.0 -1.0 -1.0 -1.0 -1.0 -1.0 -1.0 0.0 0.0 0.0 0.0 0.0 0.0 0.0 0.0 0.0 0.0 0.0 0.0 0.0 0.0 0.0 0.0 0.0 0.0 0.0 0.0 0.0 0.0 0.0 0.0 0.0 0.0 0.0 0.0 0.0 0.0 0.0 0.0 0.0 0.0 0.0 0.0 0.0 0.0 0.0 0.0 0.0 0.0 0.0 0.0 0.0 0.0
-1.0 -1.0 -1.0 -1.0 -1.0 -1.0 -1.0 -1.0 -1.0 -1.0 -1.0 -1.0 -1.0 -1.0 -1.0 -1.0 -1.0 -1.0 -1.0 -1.0 -1.0 -1.0 -1.0 -1.0 -1.0 0.0 0.0 -1.0 -1.0 0.0 0.0 0.0 0.0 0.0 0.0 0.0 0.0 0.0 0.0 0.0 0.0 0.0 0.0 0.0 0.0 0.0 0.0 0.0 0.0 0.0 0.0 0.0 0.0 0.0 0.0 0.0 0.0 0.0 0.0 0.0 0.0 0.0 0.0 0.0 0.0 0.0 0.0 0.0 0.0 0.0 0.0 0.0
-1.0 -1.0 -1.0 -1.0 -1.0 -1.0 -1.0 -1.0 -1.0 -1.0 -1.0 -1.0 -1.0 -1.0 -1.0 -1.0 -1.0 -1.0 -1.0 -1.0 -1.0 -1.0 -1.0 -1.0 -1.0 -1.0 -1.0 -1.0 0.0 0.0 0.0 0.0 0.0 0.0 0.0 0.0 0.0 0.0 0.0 0.0 0.0 0.0 0.0 0.0 0.0 0.0 0.0 0.0 0.0 0.0 0.0 0.0 0.0 0.0 0.0 0.0 0.0 0.0 0.0 0.0 0.0 0.0 0.0 0.0 0.0 0.0 0.0 0.0 0.0 0.0 0.0 0.0
-1.0 -1.0 -1.0 -1.0 -1.0 -1.0 -1.0 -1.0 -1.0 -1.0 -1.0 -1.0 -1.0 -1.0 -1.0 -1.0 -1.0 -1.0 -1.0 -1.0 -1.0 -1.0 -1.0 -1.0 -1.0 -1.0 0.0 0.00014057836590216665 0.0 0.0 0.0 0.0 0.0 0.0 0.0 0.0 0.0 0.0 0.0 0.0 0.0 0.0 0.0 0.0 0.0 0.0 0.0 0.0 0.0 0.0 0.0 0.0 0.0 0.0 0.0 0.0 0.0 0.0 0.0 0.0 0.0 0.0 0.0 0.0 0.0 0.0 0.0 0.0 0.0 0.0 0.0 0.0
-1.0 -1.0 -1.0 -1.0 -1.0 -1.0 -1.0 -1.0 -1.0 -1.0 -1.0 -1.0 -1.0 -1.0 -1.0 -1.0 -1.0 -1.0 -1.0 -1.0 -1.0 -1.0 -1.0 -1.0 0.0 0.00042756133716749344 0.0 0.0 0.0 0.0 0.0 0.0 0.0 0.0 0.0 0.0 0.0 0.0 0.0 0.0 0.0 0.0 0.0 0.0 0.0 0.0 0.0 0.0 0.0 0.0 0.0011242545352065072 0.00044460367751271147 0.0 0.0 0.0 0.0 0.0 0.0 0.0 0.0 0.0 0.0 0.0 0.0 0.0 0.0 0.0 0.0 0.0 -1.0 0.0 0.0
-1.0 -1.0 -1.0 -1.0 -1.0 -1.0 -1.0 -1.0 -1.0 -1.0 -1.0 -1.0 -1.0 -1.0 -1.0 -1.0 -1.0 -1.0 -1.0 -1.0 -1.0 -1.0 -1.0 0.0 0.0 0.0 0.0 0.0 0.0 0.0 0.0 0.0 0.0 0.0 0.0 0.0 0.0 0.0 0.0 0.0 0.0 0.0 0.0 0.002747737561382916 0.0036034088678469963 0.0 0.0010373020206313707 0.0 0.0022931513967282876 0.002513490103516021 0.0 0.0 0.0 0.0 0.0 0.0 0.0002223675135474835 0.0 0.0 0.0 0.0 0.0 0.0 0.0 0.0 0.0 0.0 0.0 0.0 0.0 -1.0 -1.0
-1.0 -1.0 -1.0 -1.0 -1.0 -1.0 -1.0 -1.0 -1.0 -1.0 -1.0 -1.0 -1.0 -1.0 -1.0 -1.0 -1.0 -1.0 -1.0 -1.0 -1.0 -1.0 -1.0 6.3914641449664376e-06 0.00018187296299565479 0.0007380141636810076 0.0 0.0 0.0 0.0 0.0 0.0 0.0 0.0 0.0 0.0 0.0 0.0 0.0 0.0 0.0 0.0 0.006177274616156919 0.0006754786762354698 -1.0 -1.0 -1.0 -1.0 -1.0 0.001174467688478139 0.007805649300421894 0.0008462632522733438 0.0 0.0004884440458887513 0.0 0.0 0.0 0.0 8.469508745910861e-05 0.0 0.0 0.0 0.0 0.0 0.0 0.0 0.0 0.0 0.0 0.0 -1.0 0.0
-1.0 -1.0 -1.0 -1.0 -1.0 -1.0 -1.0 -1.0 -1.0 -1.0 -1.0 -1.0 -1.0 -1.0 -1.0 -1.0 -1.0 -1.0 -1.0 -1.0 -1.0 0.0 0.0038034985355208193 0.00017660140249815766 0.0 0.0 0.0 0.0 0.0 0.0 0.0 0.0 0.0 0.0 0.0 0.0 0.0 0.0 0.0 0.0 0.0 0.014122484482355204 0.003190098162161403 -1.0 -1.0 -1.0 -1.0 -1.0 0.000748725624139939 0.0014847435199564535 0.085243454273722 0.06793227534148324 0.020517192726225358 0.0 0.0 0.0 0.0 0.0 0.0 0.0 0.0 0.0 0.0 0.0 0.0 0.0 0.0 0.0 0.0 0.0 -1.0 -1.0
-1.0 -1.0 -1.0 -1.0 -1.0 -1.0 -1.0 -1.0 -1.0 -1.0 -1.0 -1.0 -1.0 -1.0 -1.0 -1.0 -1.0 -1.0 -1.0 -1.0 0.00018227144464932955 0.0 0.001679775882468347 0.0 0.0 0.0 0.0 0.0 0.0 0.0 0.0 0.0 0.0 0.0 0.0 0.0 0.0 0.0 0.0 0.0 0.0 0.0015905061947120648 0.0010606759088581318 -1.0 -1.0 -1.0 0.0 0.028868680406269893 0.03150174087968871 0.009493867230878446 0.005078543458671344 0.0 0.010065987661666857 0.0 0.0010226703647218556 0.004562197699867417 0.0012008782163578234 0.0 0.00023509396313927856 0.0 0.0 0.0 0.0 0.0 0.0 0.0 0.0 0.0 0.0 0.0 0.0 0.0
-1.0 -1.0 -1.0 -1.0 -1.0 -1.0 -1.0 -1.0 -1.0 -1.0 -1.0 -1.0 -1.0 -1.0 -1.0 -1.0 0.0 0.0003721767451566245 1.4796355377481142e-06 0.009758541656151245 0.000842314283950265 0.0001431651299354671 0.012715381702765104 0.0 0.0 0.0 0.0 0.0 0.0 0.0 0.0 0.0 0.0 0.0 0.0 0.0 0.0 0.0 0.0005639166949526024 0.0 0.0075011347547106096 0.0 -1.0 -1.0 -1.0 0.04674473811069865 0.03502085507603156 0.009354449526912625 0.02920950003887526 0.019097026414309715 0.030503839869207634 0.012765364081198192 0.0135823254391511 0.02256252991652402 0.038799202658451784 0.00034554728886386575 0.0 0.0 0.0 0.0 0.0 0.0 0.0 0.0 0.0 0.0 0.0 0.0 0.0 0.0 0.0 0.0
-1.0 -1.0 -1.0 -1.0 -1.0 -1.0 -1.0 -1.0 -1.0 -1.0 -1.0 -1.0 -1.0 -1.0 0.0 1.4478490364578542e-05 0.0 0.0 3.665746986769895e-06 0.0 0.00018064629048888598 0.0 0.0 0.0 0.0 0.0 0.0 0.0 0.0 0.0 0.0 0.0 0.0 0.0 0.0 0.0 0.0 0.0011402071301800634 0.0028832742821385663 0.0 -1.0 -1.0 0.0017566037121367886 0.0564751223745091 0.05726013029975386 0.10285409237607368 0.028190203151027802 0.02357491721690629 0.012502736576916511 0.008521247909450599 0.00045562100005915984 0.0003860526294104589 0.0007038847759157273 0.0022670649089947203 0.0175601604822916 0.02033143209027155 0.0009459869740816364 0.0 0.005957701235095834 0.0 0.006309341199677593 0.0 0.0 0.0 0.0 0.0 0.00013586181614912455 0.0 0.0 0.0 0.0 0.0
-1.0 -1.0 -1.0 -1.0 -1.0 -1.0 -1.0 -1.0 -1.0 -1.0 -1.0 -1.0 0.0 0.0006361779515689882 0.0013581494385602557 0.0 0.0 0.0 0.0 0.0 0.0 0.0 0.0 0.0 0.0 0.0 0.0 0.0 0.0 0.0 0.0 0.0 0.0 0.0 0.0006838898052916365 0.0010697902208048912 0.0 -1.0 -1.0 -1.0 -1.0 -1.0 0.04710578140227461 0.07479404665063953 0.08846959026531313 0.11448553603705525 0.034701892167131244 0.025378471065636305 0.0 0.0 0.0 0.0004724382669345413 0.0006237712915586431 0.0 0.0 0.005690696973855389 0.0 0.0004854519724360659 0.04559533535966336 0.016280027256727864 0.0007417188797881732 0.0009508616165392486 0.0007824392136063054 0.0 0.0 0.0 0.0 0.0 0.0 0.001674471160764343 0.0012808686338721246 0.0
-1.0 -1.0 -1.0 -1.0 -1.0 -1.0 -1.0 -1.0 -1.0 -1.0 0.0 2.2036033095696695e-06 0.0003278399760063438 0.0 0.0 0.0 0.0 0.0 0.0 0.0 0.0 0.0 0.0 0.0 0.0 0.0 0.0 0.0 0.0003941748879486862 0.0 0.0 0.0 0.0 0.0 0.002764070137521388 0.0 -1.0 -1.0 -1.0 -1.0 -1.0 -1.0 0.05037015086219323 0.05167262461138683 0.0619415991553359 0.018312694929499034 0.0 0.0013787308755276169 0.0 0.0014674365270470108 0.0 0.00039088576808871345 0.0 0.0005456038999079044 0.002454353009506165 0.010705540093426185 0.0 0.0015717591109756215 0.0 0.0 0.00046993943966862627 0.008607547363941441 0.0 0.0 0.0 0.0 0.0 0.0 0.0 0.0 0.005315578461222139 0.0
-1.0 -1.0 -1.0 -1.0 -1.0 -1.0 -1.0 -1.0 -1.0 0.0 0.003104735324081061 0.0005447855644142252 0.0 0.0 0.0 0.0 0.0 0.0 0.0 0.0 0.0 0.0 0.0 0.0 0.0 0.0 0.0 0.0 0.0 0.0 0.0 0.0 0.0 0.0001289902932414723 0.001592487752676089 -1.0 -1.0 -1.0 -1.0 -1.0 -1.0 -1.0 0.0 0.029580106276431404 0.0005320273272441235 0.007056540338537997 0.013131324187779196 0.0 0.012641165377376707 0.0 0.02086099436329634 0.0009130391819815897 0.0017789892544032833 0.0009341061743390128 0.003391312202612838 0.002675956536893484 0.003361250512238875 0.0 0.0013408953279176448 0.013545245657096581 0.003227641702147193 0.0036665658272140534 0.0 0.0 0.0 0.0 0.005399383887840057 0.0 0.016012983317956836 0.00045551951082877006 0.0 0.0
-1.0 -1.0 -1.0 -1.0 -1.0 -1.0 -1.0 -1.0 -1.0 0.0 0.0 0.003952121206204226 0.0 0.0 0.0 0.0 0.0 0.0 0.0 0.0 0.0 0.0009545403739704146 0.0005301902310611966 0.0 0.0 0.0 0.0 0.0 0.001190770139612891 0.0 0.0 0.0 0.007344693291126792 0.0 0.00229855767862185 -1.0 -1.0 -1.0 -1.0 -1.0 -1.0 -1.0 0.0010501540769335003 0.06756570917084653 0.048420770182079305 0.09132148881836917 0.07054056406594099 0.04359487086391889 0.050001006353025707 0.015987682131561074 0.0172489081578413 0.023707065884039737 0.0010424929918132707 0.0 0.0018702868875797231 0.0 0.009939336688630512 0.0 0.002840644403912351 0.005518718475562851 0.0 -1.0 -1.0 0.00040211860420537424 0.0007716049807590876 0.009325552310695817 0.0 0.0 0.0 0.008851586136024193 0.002438440084681302 0.0
-1.0 -1.0 -1.0 -1.0 -1.0 -1.0 -1.0 -1.0 -1.0 0.0032786731443827195 0.00043971162799995956 0.0 0.0 0.0 0.0 0.0 0.0 0.0 0.0 0.0 0.0 0.05103947790039727 0.10487350374599286 0.013277904455241234 0.031601634192306716 0.0 0.0 0.0 0.0 0.0007442311762551524 0.0 0.0046646502968890925 0.0 0.00048597241688606635 0.009193725661425848 0.0 0.0 -1.0 -1.0 -1.0 -1.0 -1.0 0.007883124758709786 0.11008437622699939 0.12013354964431158 0.29481917343516234 0.3117698436292373 0.11049769604358657 0.024641120926277998 0.11419127129756981 0.12999914553812666 0.10471251618191171 0.05649860905398389 0.09466173793093928 0.044395067910333055 0.032690957015372786 0.00047906885050470315 0.013588865816592856 0.0038451515605579492 0.007352886856907667 0.003954458781372408 0.0026256621190617366 -1.0 -1.0 -1.0 0.029349476560300763 0.01070191820478463 0.0 0.0 0.0 0.004326670125820255 0.006581026125683913
-1.0 -1.0 -1.0 -1.0 -1.0 -1.0 -1.0 -1.0 -1.0 -1.0 0.0 0.00028349885128290796 0.0 0.0 0.0 0.0 0.0 0.0 0.0 0.0 0.015053189004427299 0.003781975511638724 0.12055300364863182 0.009897748281625908 0.01915061700984587 0.0 0.0 0.0005958848169939615 0.0 0.0 0.013322345911468447 0.04513233427736407 0.0396275155492403 0.0 0.054545583401452574 0.032707204362338746 0.02662217187538668 0.0 -1.0 0.027191905676821105 0.008529977081804219 -1.0 -1.0 0.001143817781098946 0.031775090502683255 0.10337713395868404 0.13154393679108112 0.06420518472205033 0.08424728071680355 0.0784847335325774 0.0457891005368017 0.04958864372923329 0.007466769113654083 0.003102743601301298 -1.0 -1.0 -1.0 0.0009611731250293808 0.002425361965386016 0.007461334290959327 0.02974218972575189 0.015508048034243424 0.0 0.0018872761207680885 0.013023520737471104 0.006563102390415978 0.004232867101787803 0.0 0.0 0.0 0.0 0.0
-1.0 -1.0 -1.0 -1.0 -1.0 -1.0 -1.0 -1.0 -1.0 -1.0 0.002146565375413 0.0008914112146469831 0.0 0.0 0.0 0.0 0.0 0.0 0.0 0.01272728247977478 0.01849216353222675 0.05375039725909466 0.14637566625591528 0.0054946197264836745 0.0065807126671468 0.007379784285734789 0.0013247348739342394 0.011905372170295463 0.0 0.000293501211152473 0.006693577792099968 0.016325935210507535 0.11177368635518437 0.10994873652718659 0.16015867804892311 0.1511734867532099 0.045355214597853494 0.04510134818294292 -1.0 -1.0 -1.0 -1.0 -1.0 -1.0 -1.0 0.0012054153514804563 0.005296911323196536 0.005162223355339945 -1.0 0.0 -1.0 0.0 0.0007882984300019531 0.0 -1.0 -1.0 0.0 0.0032479190595498123 0.040039743735495424 0.1474971590216639 0.19515712795666873 0.06375754437252786 0.01854766519438737 0.014506154763007977 0.023287689368830508 0.0008084461532741267 0.019324286518028932 0.008529860226936614 0.0014958864990578045 0.001244436286060494 0.0008008846376147389 0.007435826179048664
-1.0 -1.0 -1.0 -1.0 -1.0 -1.0 -1.0 -1.0 -1.0 -1.0 0.023458900840001483 0.0017642515565030202 0.00016041688956679187 0.0 0.0 0.0 0.0 0.0 0.0 0.02325859820708405 0.1552492942241245 0.05681214854755927 0.105492339669801 0.001565591593841203 0.0 0.01846877139538545 0.039646868117254076 0.03766936507678062 0.02937687396148446 0.04891288825328695 0.1655450881334233 0.06715138693119192 0.05845061502942029 0.07198629450554159 0.037416927289716524 0.031949449184359574 0.011570273378810171 0.0005572402098747995 -1.0 -1.0 -1.0 -1.0 -1.0 -1.0 -1.0 0.0 0.0 0.0006798023252449352 0.006474581077800654 0.04774695275627223 0.001534416951041015 0.037878325882809115 0.10188225849057435 0.011639547172245246 0.005125931605054322 0.00224369010391227 0.018798027367486026 0.014403529096382421 0.05620023683365857 0.04227391675880163 0.03863487012755727 0.0020578728373406973 0.027260601777286408 0.03960875278011384 0.00476451198584903 0.027678769208612758 0.0 0.006370195143889555 0.00037551231150609625 0.0019202721655016016 0.0016093536232708078 0.0
-1.0 -1.0 -1.0 -1.0 -1.0 -1.0 -1.0 -1.0 -1.0 -1.0 -1.0 0.15257426693149023 0.010775413495726995 0.0007062386957065846 0.0006166741610050793 0.0007395045958229965 0.0 0.008667517052811612 0.0 0.0066532055515952536 -1.0 -1.0 0.014503507107294193 0.0 0.07138846018418524 0.02516465930226545 0.0705788961778901 0.10448148182094062 0.058677160486147135 0.011404634994413682 0.06118923727439514 0.020168931247625012 0.03305584814531955 0.07339196746645839 0.041811877423905054 0.00962559998198793 -1.0 -1.0 -1.0 -1.0 -1.0 -1.0 -1.0 -1.0 0.0005991695182475742 0.005741726099908436 7.080309723286986e-05 0.001360107180489058 0.02726185580889009 0.01463552354692217 0.04093308025658826 0.05035337758170062 0.05607910734977411 0.11146347295306772 0.008209883363545794 0.01792657670362698 0.0006188404527526626 0.0010111575569853404 0.0033985145714332025 0.02795745912938291 0.02928869720752884 0.018730940813107534 0.07497153299965041 0.008451581722759739 0.006704109870357085 0.0010650279738054305 0.012274574069456973 0.010154502182627784 0.0016487005041255023 0.017504017663000165 0.0053523623864853995 0.0072692639764451545
-1.0 -1.0 -1.0 -1.0 -1.0 -1.0 -1.0 -1.0 -1.0 -1.0 -1.0 0.0 0.0069944590917169645 0.019178443472534782 0.0042837626035329476 0.0 0.002755402357270011 0.012188506827696363 -1.0 -1.0 -1.0 -1.0 0.0 0.008513857389887613 0.0 0.2421708619589678 0.3580136441085526 0.17521271807109542 0.03047609798231914 0.08679983471919955 0.21963451588204663 0.12356122202693388 0.04392530182399261 0.007996029063569481 -1.0 -1.0 -1.0 -1.0 -1.0 -1.0 -1.0 -1.0 -1.0 0.0 0.0011725610311536928 0.00212259344267068 9.115496890794009e-05 0.000981384730369079 0.012420368907465978 0.0017991288486467105 0.04515611024302188 0.08258886856881761 0.048275388993253565 0.12513385459663504 0.015342932126228918 0.003911590997180455 0.020820679366267397 0.0 0.0013764933445213963 0.014767012870266837 0.1333301676350849 0.17470720138049325 0.0 0.008560800797470397 0.0 0.005663463716844986 0.00691673519465132 0.057824905071552544 0.028937205643980675 0.013604794276380781 0.007636729913483152 0.03297779852896816
