Model Version1.4/trunk/output/1999/fara.asc
ncols 720
nrows 360
xllcorner -180
yllcorner -90
cellsize 0.5
NODATA_value -1
[rows 128 to 159 of 360, columns 432 to 503 of 720]
-1.0 0.0 0.0 0.0 0.03638106293558454 0.0 0.0 0.0 0.0 0.0 0.0 0.0 0.0 0.0008116557548126099 0.0 0.056171109154906175 0.09221998097303882 0.056147628797151884 0.041490653250474255 0.0 0.0 0.0 0.0 0.0 0.0 0.0017903625412238541 0.0038313560005987946 0.0 0.0 0.0006179223181098605 0.011146488174298775 0.0 -1.0 -1.0 -1.0 -1.0 -1.0 -1.0 -1.0 0.01389585009663175 0.005713036001903925 -1.0 0.0 0.0 0.0 0.0 0.0 0.0 0.0 0.03223736841109404 0.093549506690132 0.0 0.00031280813667912714 0.0 0.0012592241694985744 0.0 0.0 0.0 0.0 0.0 0.0029896877653003222 0.0026123572186065123 0.0 0.0 0.237519969848137 0.7484755086905367 0.32158337649067614 0.022121085253159797 0.0 0.00042688726679029887 0.0029018548117830142 0.00042521455260351355
-1.0 -1.0 0.0 0.0 0.0015625055612026894 0.0 0.0 0.0 0.0 0.0 0.0 0.0 0.0 0.0 0.0 0.0022025716760661032 0.09271364581454035 0.09215770317674121 0.03660071985879108 0.0017448953837123596 0.0 0.0015652214217516428 0.00679679629590509 0.0 0.0 0.0 0.0 0.0 0.0 0.0 2.1732865378360027e-05 0.0012525289099224078 -1.0 -1.0 -1.0 -1.0 -1.0 -1.0 0.001064855713306608 0.02070196970148839 0.008229920065626265 -1.0 -1.0 -1.0 -1.0 0.0 0.0 0.0 0.0006328928229430212 0.023511538494157422 0.02999644791177643 0.0 0.0 0.0 0.0 0.0 0.0 0.0 0.0 0.0 0.0 0.007271862182916842 0.01395456029148442 0.0 0.2793331084122551 0.7183804458292691 0.38632334461682066 0.28961293483107586 0.0 0.00022988259666676338 0.011388931597341789 0.020719256110994712
-1.0 -1.0 0.0 0.0 0.0015628718546093663 0.004672638288556103 0.002342867598907619 0.003818760945603273 0.0 0.0 0.0 0.0 0.0 0.0 0.0 0.0 0.022279557838589106 0.19295285098750328 0.019656611759613824 0.031027221934421246 0.011972112023183868 0.003304035870138187 0.000829175690819152 0.0 0.0 0.0 0.0015354697212337572 0.0 0.0 0.0 0.0 0.0 -1.0 -1.0 -1.0 -1.0 -1.0 0.0 0.0 0.00011155427084742345 0.028307212228609338 0.0 -1.0 -1.0 -1.0 -1.0 -1.0 -1.0 -1.0 -1.0 -1.0 -1.0 -1.0 -1.0 -1.0 -1.0 -1.0 -1.0 -1.0 -1.0 -1.0 0.00033139791132799233 0.005855416645875717 0.15916698239578192 0.4450592835149267 0.46562456497503313 0.3441910988535177 0.016440618598498744 0.0 0.7819817148595881 0.006979691965076053 0.25895650161731293
-1.0 -1.0 0.0 0.0 0.0 0.0 0.0 0.0 0.0 0.0 0.0 0.0 0.0 0.0 0.0 0.0 0.0 0.0 0.007912351960333387 0.03753579135509856 0.05359173540912058 0.00856527066981276 0.06320772539610224 0.043452803800243335 0.0 0.003411274656166749 0.004356224659930623 0.0 0.0 0.0 0.0 0.005738456842801621 0.0 0.018962559927019822 0.018174611757835326 0.0 0.0 0.0010504382611328552 0.02996428174540218 0.0385031361161085 0.00013537448704413954 0.02640262129564405 0.0 -1.0 -1.0 -1.0 -1.0 -1.0 -1.0 -1.0 -1.0 -1.0 -1.0 -1.0 -1.0 -1.0 -1.0 -1.0 -1.0 -1.0 -1.0 -1.0 0.0 0.12263349655224941 0.11757990562671597 0.06694080990435904 0.020588953607637378 0.0 0.26014643175631585 0.02029704490416024 0.019848911388401485 0.380951890582089
-1.0 -1.0 -1.0 -1.0 0.0 0.0007792533448383025 0.0 0.0 0.0 0.0 0.0 0.0 0.0 0.0 0.0 0.0 0.0 0.0 0.0050500667745261825 0.03024385220040825 0.004135220354131456 0.010843764626857167 0.04336103937565974 0.0 0.0 0.00025553149872099655 0.02786856828681495 0.0 0.0 0.0 0.0 0.0 0.0 0.0 0.0 0.008861127868897941 0.0 0.0 0.0 0.0024721930231871685 0.0011037418873587202 0.0 0.012517130822042926 0.028174646618113298 0.0046228183574390964 0.0 -1.0 -1.0 -1.0 -1.0 -1.0 -1.0 -1.0 -1.0 -1.0 -1.0 -1.0 -1.0 -1.0 -1.0 -1.0 -1.0 0.0 0.00017281940044376116 0.026322762509173727 0.00331036435469464 0.0037247050996785137 0.0017003671308712769 0.001092587049984528 0.033348451165665954 0.02147783785593044 0.4053377404269302
-1.0 -1.0 -1.0 -1.0 -1.0 0.0 0.0035804040407169417 0.0030711794090857686 0.0 0.0 0.0 0.0 0.0 0.0 0.0 0.0 0.0 0.0 0.0 0.0043255262906545956 0.015453170283804543 0.06209509962308457 0.014325249371535675 0.0 0.0 0.0 0.007920156861678594 0.0 0.0 0.0 0.0 0.0 0.0 0.0 0.0 0.021568256714582852 0.0 0.0 0.00031525014179981526 0.0 0.0 0.0008586602192098047 0.0024787490278409493 0.001012578016447194 0.0003722827564747107 0.0025002749589118443 0.0 -1.0 -1.0 -1.0 -1.0 -1.0 -1.0 -1.0 -1.0 -1.0 -1.0 -1.0 -1.0 -1.0 -1.0 -1.0 -1.0 -1.0 0.0 0.048705320131128375 0.04397124338724959 0.05043105951343687 0.06724860715380432 0.08198898334594695 0.10809925573738419 0.1831781408231518
0.0 -1.0 -1.0 -1.0 -1.0 0.0030644508104396228 0.005113762385352131 0.0 0.0 0.0023024421878497106 0.0 0.0 0.0 0.0 0.0 0.0 0.0 0.0 0.0 0.0 0.0 0.040101524776520736 0.0 0.0 0.0 0.0 0.0 0.0 0.0 0.0 0.0 0.0 0.0 0.0 0.003335182133608632 0.0 0.010745975627241012 0.0 0.0 0.0 0.0 0.0 0.0025341250908485604 0.002284851297866134 0.0003567155216815469 2.4009700015164747e-05 0.00019084142792713917 0.0 -1.0 -1.0 -1.0 -1.0 -1.0 -1.0 -1.0 -1.0 -1.0 -1.0 -1.0 -1.0 -1.0 -1.0 -1.0 -1.0 -1.0 0.0 0.04828648148200054 0.056527698584702885 0.09908612437015817 0.3190354388130606 0.47219712399312136 0.4635026895223123
0.0 0.0 -1.0 -1.0 -1.0 -1.0 0.017879919353700383 0.0 0.004604651215835261 0.0007661611519614411 0.0 0.0 0.0005113401264964343 0.0 0.0 0.0 0.0 0.0 0.0 0.0 0.017129336900691863 0.2175985705819245 0.0003680289925759949 0.0 0.0 0.0 0.0 0.0 0.0 0.0 0.0 0.0 0.0 0.0 0.0 0.0 0.0 0.0 0.0 0.0 0.0 0.0 0.0 0.0 0.00034183754049314097 0.0015882877264814528 0.004742160998348778 0.0 -1.0 -1.0 -1.0 -1.0 -1.0 -1.0 -1.0 -1.0 -1.0 -1.0 -1.0 -1.0 -1.0 -1.0 -1.0 -1.0 -1.0 0.0 0.15300481801583482 0.5369514978619615 0.41225247518312275 0.7858552824097456 0.24201891587498564 0.37964557110462915
0.0 0.0 -1.0 -1.0 -1.0 0.0 0.013026434619544622 0.01712613695442215 0.0007665507109234305 0.0023035604540496053 0.0 0.004859983034509226 0.0010215371900124898 0.0 0.0 0.0 0.0 0.0 0.0 0.0 0.04830870051687753 0.02901513094800414 0.0 0.0 0.0 0.0 0.0 0.0 0.0 0.0 0.0 0.0 0.0 0.0 0.0 0.0 0.0 0.0 0.0 0.0 0.0 0.0 0.0 0.0 0.0 0.0 0.0 0.0 -1.0 -1.0 -1.0 -1.0 -1.0 -1.0 -1.0 -1.0 -1.0 -1.0 -1.0 -1.0 -1.0 -1.0 -1.0 -1.0 -1.0 -1.0 0.14341947452580928 0.6130592214690049 0.8027893969846516 0.772940927023857 0.7992648346867971 0.9133601572764029
0.0 0.0 0.0 -1.0 -1.0 -1.0 0.0020427208030003546 0.002297953713595592 0.0107229296282281 0.012252478108186226 0.0 0.006131754219338563 0.0 0.0074140624588689245 0.0 0.0 0.0 0.0 0.0 0.0033152760977378046 0.053214436333053776 0.0 0.0 0.0 0.0 0.0 0.0 0.0 0.0 0.0 0.0 0.0 0.0 0.0 0.0 0.0 0.0 0.0 0.0 0.0 0.0 0.0 0.0 0.0 0.0 0.0 0.0 -1.0 -1.0 -1.0 -1.0 -1.0 -1.0 -1.0 -1.0 -1.0 -1.0 -1.0 -1.0 -1.0 -1.0 -1.0 -1.0 -1.0 -1.0 -1.0 -1.0 0.1380281391474711 0.7952600549126341 0.44314861066784517 0.7722320034275236 0.6492317624727122
0.0 0.0 0.0 -1.0 -1.0 -1.0 0.0 0.005362503302099266 0.006639512858939534 0.0 0.0071630735193811 0.0 0.0023004096614979252 0.0 0.0 0.0 0.0 0.038026154328371045 0.0862496210083844 0.03365439346442901 0.0 0.0 0.0 0.0 0.0 0.0 0.0 0.0 0.0 0.0 0.0 0.0 0.0 0.0 0.0 0.0 0.0 0.0 0.0 0.0 0.0 0.0 0.0 0.0 0.0 0.0 -1.0 -1.0 -1.0 -1.0 -1.0 -1.0 -1.0 -1.0 -1.0 -1.0 -1.0 -1.0 -1.0 -1.0 -1.0 -1.0 -1.0 -1.0 -1.0 -1.0 -1.0 -1.0 0.10073687198039788 0.3757116227353496 0.331784026255577 0.0
0.0 0.0 0.0 -1.0 -1.0 -1.0 -1.0 0.0 0.010217470976485541 0.012715450981683375 0.0013904612496878144 0.0032415930533873337 0.021751233496069118 0.0302039931182088 0.0 0.0 0.004684362169320162 0.1923549638429513 0.11690367999295485 0.05626428969048698 0.0 0.0 0.0 0.0 0.0 0.0 0.0 0.0 0.0 0.0 0.0 0.0 0.0 0.0 0.0 0.0 0.0 0.0 0.0 0.0 0.0 0.0 0.0 0.0 0.0 0.0 -1.0 -1.0 -1.0 -1.0 -1.0 -1.0 -1.0 -1.0 -1.0 -1.0 -1.0 -1.0 -1.0 -1.0 -1.0 -1.0 -1.0 -1.0 -1.0 -1.0 -1.0 -1.0 -1.0 -1.0 -1.0 -1.0
0.0 0.0 0.0 -1.0 -1.0 -1.0 -1.0 -1.0 -1.0 0.05715756817023615 0.0 0.011523171886902078 0.005239533236790571 0.0 0.0 0.0 0.0 0.0027586106407667863 0.01901913960077887 0.0 0.0 0.0 0.0 0.0 0.0 0.0 0.0 0.0 0.0 0.0 0.0 0.0 0.0 0.0 0.0 0.0 0.0 0.0 0.0 0.0 0.0 0.0 0.0 0.0 -1.0 -1.0 -1.0 -1.0 -1.0 -1.0 -1.0 -1.0 -1.0 -1.0 -1.0 -1.0 -1.0 -1.0 -1.0 -1.0 -1.0 -1.0 -1.0 -1.0 -1.0 -1.0 -1.0 -1.0 -1.0 -1.0 -1.0 -1.0
0.0 0.0 0.0 -1.0 -1.0 -1.0 -1.0 -1.0 -1.0 0.0 0.051440424619372586 0.020058277270744298 0.0 0.00026164379730422393 0.0007857770301469681 0.0 0.0 0.0 0.0 0.0 0.0 0.0 0.0 0.0 0.0 0.0 0.0 0.0 0.0 0.0 0.0 0.0 0.0 0.0 0.0 0.0 0.0 0.0 0.0 0.0 0.0 0.0 0.0 0.0 -1.0 -1.0 -1.0 -1.0 -1.0 -1.0 -1.0 -1.0 -1.0 -1.0 -1.0 -1.0 -1.0 -1.0 -1.0 -1.0 -1.0 -1.0 -1.0 -1.0 -1.0 -1.0 -1.0 -1.0 -1.0 -1.0 -1.0 -1.0
0.0 0.0 0.0 0.028547468970708558 -1.0 -1.0 -1.0 -1.0 -1.0 -1.0 0.10695531859842528 0.008321131523524697 0.0 0.0 0.0 0.0 0.0 0.0 0.0 0.0 0.0 0.0 0.0 0.0 0.0 0.0 0.0 0.0 0.0 0.0 0.0 0.0 0.0 0.0 0.0 0.0 0.0 0.0 0.0 0.0 0.0 0.0 0.0 0.0 -1.0 -1.0 -1.0 -1.0 -1.0 -1.0 -1.0 -1.0 -1.0 -1.0 -1.0 -1.0 -1.0 -1.0 -1.0 -1.0 -1.0 -1.0 -1.0 -1.0 -1.0 -1.0 -1.0 -1.0 -1.0 -1.0 -1.0 -1.0
0.0 0.0 0.0 0.09428421893201067 0.0 0.0 -1.0 -1.0 -1.0 -1.0 0.0009272505637943607 0.0007786080565315232 0.0 0.01053769780133092 0.0 0.0 0.0 0.0 0.0 0.0 0.0 0.0 0.0 0.0 0.0 0.0 0.0 0.0 0.0 0.0 0.0 0.0 0.0 0.0 0.0 0.0 0.0 0.0 0.0 0.0 0.0 0.0 -1.0 -1.0 -1.0 -1.0 -1.0 -1.0 -1.0 -1.0 -1.0 -1.0 -1.0 -1.0 -1.0 -1.0 -1.0 -1.0 -1.0 -1.0 -1.0 -1.0 -1.0 -1.0 -1.0 -1.0 -1.0 -1.0 -1.0 -1.0 -1.0 -1.0
0.0 0.0 0.003620489098892869 0.0022876715327575605 0.0 0.0 -1.0 -1.0 -1.0 -1.0 -1.0 0.0023329221667244254 0.0851634961592186 0.01375590369801858 0.0 0.0 0.004458176062581789 0.001950291159548653 0.0 0.0 0.0 0.0 0.0 0.0 0.0 0.0 0.0 0.0 0.0 0.0 0.0 0.0 0.0 0.0 0.0 0.0 0.0 0.0 0.0 0.0 0.0 -1.0 -1.0 -1.0 -1.0 -1.0 -1.0 -1.0 -1.0 -1.0 -1.0 -1.0 -1.0 -1.0 -1.0 -1.0 -1.0 -1.0 -1.0 -1.0 -1.0 -1.0 -1.0 -1.0 -1.0 -1.0 -1.0 -1.0 -1.0 -1.0 -1.0 -1.0
0.0 0.0 0.0 0.0 0.0 0.0 -1.0 -1.0 -1.0 -1.0 -1.0 -1.0 0.0243728797601431 0.3395043838362676 0.021487077638431478 0.022205177550349838 0.006768118085165112 0.0 0.00023354190957184453 0.0 0.0 0.0 0.0 0.0 0.0 0.0 0.0 0.0 0.0 0.0 0.0 0.0 0.0 0.0 0.0 0.0 0.005686412834706584 0.0 0.0 -1.0 -1.0 -1.0 -1.0 -1.0 -1.0 -1.0 -1.0 -1.0 -1.0 -1.0 -1.0 -1.0 -1.0 -1.0 -1.0 -1.0 -1.0 -1.0 -1.0 -1.0 -1.0 -1.0 -1.0 -1.0 -1.0 -1.0 -1.0 -1.0 -1.0 -1.0 -1.0 -1.0
0.0 0.0 0.0 0.0 0.0003923359786938677 0.0 0.0 -1.0 -1.0 -1.0 -1.0 0.0 0.0 0.3711606316145682 0.11962410552354068 0.03153594904923046 0.004868524228316027 0.00476110105927849 0.00010517274363241041 0.0 0.0 0.0 0.0 0.0 0.0 0.0 0.0 0.0 0.0 0.0 0.0 0.0 0.0 0.0 0.0 0.00019929985010137092 -1.0 -1.0 -1.0 -1.0 -1.0 -1.0 -1.0 -1.0 -1.0 -1.0 -1.0 -1.0 -1.0 -1.0 -1.0 -1.0 -1.0 -1.0 -1.0 -1.0 -1.0 -1.0 -1.0 -1.0 -1.0 -1.0 -1.0 -1.0 -1.0 -1.0 -1.0 -1.0 -1.0 -1.0 -1.0 -1.0
0.27285068330751255 0.0 0.0 0.0 0.0014507723705003757 0.004424071126432597 0.0050856858516089625 -1.0 0.0 -1.0 -1.0 -1.0 -1.0 0.019555567242920426 0.05440975277023914 0.03672405805011379 0.06257301331407027 0.10563849031997065 0.0 0.0 0.0 0.0 0.0 0.0 0.0 0.0010410130871449925 0.0033152552998270803 0.0 0.0 0.0 0.0 0.0 0.0 0.0 -1.0 -1.0 -1.0 -1.0 -1.0 -1.0 -1.0 -1.0 -1.0 -1.0 -1.0 -1.0 -1.0 -1.0 -1.0 -1.0 -1.0 -1.0 -1.0 -1.0 -1.0 -1.0 -1.0 -1.0 -1.0 -1.0 -1.0 -1.0 -1.0 -1.0 -1.0 -1.0 -1.0 -1.0 -1.0 -1.0 -1.0 -1.0
0.15759301871097875 0.004680258186708292 0.0006099115017313405 0.00468431692728782 0.00344869240866615 0.00376810099829407 0.015360004813364806 -1.0 0.0 -1.0 -1.0 -1.0 -1.0 0.01716298011719189 0.08333610778255623 0.10855529807881933 0.12048514235399917 0.0068234597436868626 0.024898838907757053 0.004925731369125387 0.0 0.0 0.0 0.00016124715291645207 0.004330848194432795 0.010703081628542783 0.001473296018056797 0.0 0.0 0.0 0.0 0.0 0.0 -1.0 -1.0 -1.0 -1.0 -1.0 -1.0 -1.0 -1.0 -1.0 -1.0 -1.0 -1.0 -1.0 -1.0 -1.0 -1.0 -1.0 -1.0 -1.0 -1.0 -1.0 -1.0 -1.0 -1.0 -1.0 -1.0 -1.0 -1.0 -1.0 -1.0 -1.0 -1.0 -1.0 -1.0 -1.0 -1.0 -1.0 -1.0 -1.0
0.034263225286839775 0.034549248919874986 0.01402340467656673 0.005938062679429898 0.001334409210162956 0.0475409480192347 0.005448507108441841 0.008036659339295557 0.0 -1.0 -1.0 -1.0 -1.0 0.004569336625400653 0.09786382127061774 0.030159341728572802 0.19268985689484588 0.005670561221207222 0.02647510437814417 0.002322509549602187 0.0 0.0 0.0 0.00135379262814295 0.0002599189758800243 0.00021927376747284615 0.0003034283125312351 0.0 0.0001731680545223042 0.0 0.0 0.0002933080159919136 -1.0 -1.0 -1.0 -1.0 -1.0 -1.0 -1.0 -1.0 -1.0 -1.0 -1.0 -1.0 -1.0 -1.0 -1.0 -1.0 -1.0 -1.0 -1.0 -1.0 -1.0 -1.0 -1.0 -1.0 -1.0 -1.0 -1.0 -1.0 -1.0 -1.0 -1.0 -1.0 -1.0 -1.0 -1.0 -1.0 -1.0 -1.0 -1.0 -1.0
0.09029630499843729 0.06503436845273036 0.034666307858154305 0.21889522449291243 0.15459285269630077 0.09200390983646577 0.056939395140916435 0.0 0.002696349245214651 0.0 0.0 -1.0 -1.0 0.0 0.11819606957575574 0.0134330221751299 0.3012656254848535 0.01940493695997739 0.001814662724172563 0.0057567757844963156 0.0010992563184876348 0.0 0.0 2.0736552585267917e-06 0.0 2.2584785624538842e-05 0.0019509107111971556 0.0 0.0001269295437415539 -1.0 -1.0 -1.0 -1.0 -1.0 -1.0 -1.0 -1.0 -1.0 -1.0 -1.0 -1.0 -1.0 -1.0 -1.0 -1.0 -1.0 -1.0 -1.0 -1.0 -1.0 -1.0 -1.0 -1.0 -1.0 -1.0 -1.0 -1.0 -1.0 -1.0 -1.0 -1.0 -1.0 -1.0 -1.0 -1.0 -1.0 -1.0 -1.0 -1.0 -1.0 -1.0 -1.0
0.2026183525074206 0.10226206314824766 0.10261952871655834 0.28633174362290925 0.19860901159104485 0.2661891113339205 0.18904310922820616 0.013036869235410952 6.524529403232585e-05 0.0 0.0 0.0 -1.0 0.0 0.11474259159703547 0.02659432248411461 0.13658145853937806 0.15147391887014383 0.006668538998788465 0.0075248787979412335 0.0007633866145570403 0.000243915283566439 0.0 0.0 0.0013569527519605522 0.0 -1.0 -1.0 -1.0 -1.0 -1.0 -1.0 -1.0 -1.0 -1.0 -1.0 -1.0 -1.0 -1.0 -1.0 -1.0 -1.0 -1.0 -1.0 -1.0 -1.0 -1.0 -1.0 -1.0 -1.0 -1.0 -1.0 -1.0 -1.0 -1.0 -1.0 -1.0 -1.0 -1.0 -1.0 -1.0 -1.0 -1.0 -1.0 -1.0 -1.0 -1.0 -1.0 -1.0 -1.0 -1.0 -1.0
0.28811608086582136 0.06242686913727947 0.011233734899358689 0.10741227489404123 0.11363744848176564 0.30674766319039776 0.20842862034409482 0.08041455179276803 0.0 0.0 0.0 0.0 0.0 0.0 0.023348628726734003 0.018867158005258337 0.04654038609598779 0.02682751647711656 0.008188877544237073 0.0037008406840305006 0.0008880522565892602 0.002202312450078176 0.0 0.0001965592700456099 -1.0 -1.0 -1.0 -1.0 -1.0 -1.0 -1.0 -1.0 -1.0 -1.0 -1.0 -1.0 -1.0 -1.0 -1.0 -1.0 -1.0 -1.0 -1.0 -1.0 -1.0 -1.0 -1.0 -1.0 -1.0 -1.0 -1.0 -1.0 -1.0 -1.0 -1.0 -1.0 -1.0 -1.0 -1.0 -1.0 -1.0 -1.0 -1.0 -1.0 -1.0 -1.0 -1.0 -1.0 -1.0 -1.0 -1.0 -1.0
0.30935648279803885 0.0010841736787230534 0.00520602761748556 0.050100521813756724 0.0254329302217214 0.0473873066430289 0.12838716419318513 0.06793329291926929 0.0 0.0 0.0 0.0 0.0 0.0 0.01012136255928525 0.0 0.0070274143912928185 0.019185622953137513 0.03181947132685214 1.8497923437022845e-05 0.0 0.00410342943439044 -1.0 -1.0 -1.0 -1.0 -1.0 -1.0 -1.0 -1.0 -1.0 -1.0 -1.0 -1.0 -1.0 -1.0 -1.0 -1.0 -1.0 -1.0 -1.0 -1.0 -1.0 -1.0 -1.0 -1.0 -1.0 -1.0 -1.0 -1.0 -1.0 -1.0 -1.0 -1.0 -1.0 -1.0 -1.0 -1.0 -1.0 -1.0 -1.0 -1.0 -1.0 -1.0 -1.0 -1.0 -1.0 -1.0 -1.0 -1.0 -1.0 -1.0
0.13012739827471498 0.0 0.14160058159241776 0.15189841373649068 0.09538022454068884 0.020191767881473754 0.045503398437170245 0.1115569682567924 0.0 0.0 0.0 0.0 0.0 0.0 0.0 0.0 0.0008387682896601362 0.0037813387307299947 0.0 -1.0 -1.0 -1.0 -1.0 -1.0 -1.0 -1.0 -1.0 -1.0 -1.0 -1.0 -1.0 -1.0 -1.0 -1.0 0.0 0.0 0.0 -1.0 -1.0 -1.0 -1.0 -1.0 -1.0 -1.0 -1.0 -1.0 -1.0 -1.0 -1.0 -1.0 -1.0 -1.0 -1.0 -1.0 -1.0 -1.0 -1.0 -1.0 -1.0 -1.0 -1.0 -1.0 -1.0 -1.0 -1.0 -1.0 -1.0 -1.0 -1.0 -1.0 -1.0 -1.0
0.028067486586624685 0.13489756794320032 0.4526150512212605 0.3836090855542341 0.07253598509063351 0.03653097887378905 0.04176119016818556 0.10561230595772811 0.0 0.0 0.0 0.0 0.00046423220206893046 0.0 5.438233233509334e-05 -1.0 -1.0 -1.0 -1.0 -1.0 -1.0 -1.0 -1.0 -1.0 -1.0 -1.0 -1.0 -1.0 -1.0 -1.0 -1.0 -1.0 -1.0 -1.0 0.0 0.0 0.0 -1.0 -1.0 -1.0 -1.0 -1.0 -1.0 -1.0 -1.0 -1.0 -1.0 -1.0 -1.0 -1.0 -1.0 -1.0 -1.0 -1.0 -1.0 -1.0 -1.0 -1.0 -1.0 -1.0 -1.0 -1.0 -1.0 -1.0 -1.0 -1.0 -1.0 -1.0 -1.0 -1.0 -1.0 -1.0
0.0028773236778496043 0.20085476737223537 0.3559829030486923 0.6334336319479569 0.1375167002315628 0.04529017457497363 0.14372243947371593 0.08774784724298372 0.0 0.0 0.015627068316731833 0.008189629678121691 0.00035410960276896107 0.0 0.0 -1.0 -1.0 -1.0 -1.0 -1.0 -1.0 -1.0 -1.0 -1.0 -1.0 -1.0 -1.0 -1.0 0.0 0.0 0.0 -1.0 -1.0 -1.0 -1.0 -1.0 -1.0 -1.0 -1.0 -1.0 -1.0 -1.0 -1.0 -1.0 -1.0 -1.0 -1.0 -1.0 -1.0 -1.0 -1.0 -1.0 -1.0 -1.0 -1.0 -1.0 -1.0 -1.0 -1.0 -1.0 -1.0 -1.0 -1.0 -1.0 -1.0 -1.0 -1.0 -1.0 -1.0 -1.0 -1.0 -1.0
0.030619349732711524 0.5295294385308831 0.5865037041377676 0.16508914012419826 0.0627499562259738 0.04353953944793897 0.023277635781522858 0.17195246668524597 0.0002951261542616024 0.004731464485901791 0.012147566563768742 0.002249903648034216 0.0 0.0 0.0003386123366369438 0.0 -1.0 -1.0 -1.0 -1.0 -1.0 -1.0 0.0 0.0 0.0 0.0 0.0 0.0 0.0 0.0 0.0 -1.0 -1.0 -1.0 -1.0 -1.0 -1.0 -1.0 -1.0 -1.0 -1.0 -1.0 -1.0 -1.0 -1.0 -1.0 -1.0 -1.0 -1.0 -1.0 -1.0 -1.0 -1.0 -1.0 -1.0 -1.0 -1.0 -1.0 -1.0 -1.0 -1.0 -1.0 -1.0 -1.0 -1.0 -1.0 -1.0 -1.0 -1.0 -1.0 -1.0 -1.0
0.11741675457465599 0.45278190947851243 0.6430642879453152 0.2950619807754335 0.22738402334577018 0.09618964397553106 0.041018677599322935 0.20758496344097638 0.03977099423297823 0.0 0.0 0.00012039224058655035 0.0 0.0 0.0 0.0 0.0 -1.0 0.0 0.0 0.0 0.0 0.0 0.0 0.0 0.0 0.0 0.0 0.0 0.0 0.0 -1.0 -1.0 -1.0 -1.0 -1.0 -1.0 -1.0 -1.0 -1.0 -1.0 -1.0 -1.0 -1.0 -1.0 -1.0 -1.0 -1.0 -1.0 -1.0 -1.0 -1.0 -1.0 -1.0 -1.0 -1.0 -1.0 -1.0 -1.0 -1.0 -1.0 -1.0 -1.0 -1.0 -1.0 -1.0 -1.0 -1.0 -1.0 -1.0 -1.0 -1.0
0.06749561114662539 0.09801243268565701 0.2269994595854891 0.6063399511935997 0.20108849691382058 0.08445237662922825 0.09104452029518621 0.188637697503525 0.026146946461810663 0.00023098729269557258 0.0 0.0 0.0 0.0 0.00133573966421627 0.0 0.0 0.0 0.0 0.0 0.0 0.0 0.0 0.0 0.0 0.0 0.0 0.0 0.0 0.0 0.0 -1.0 -1.0 -1.0 -1.0 -1.0 -1.0 -1.0 -1.0 -1.0 -1.0 -1.0 -1.0 -1.0 -1.0 -1.0 -1.0 -1.0 -1.0 -1.0 -1.0 -1.0 -1.0 -1.0 -1.0 -1.0 -1.0 -1.0 -1.0 -1.0 -1.0 -1.0 -1.0 -1.0 -1.0 -1.0 -1.0 -1.0 -1.0 -1.0 -1.0 -1.0
