Model Version1.4/trunk/output/1999/fgw_rec_le_nat.asc
ncols 720
nrows 360
xllcorner -180
yllcorner -90
cellsize 0.5
NODATA_value -9999
[rows 26 to 51 of 360, columns 638 to 695 of 720]
-9999.0 -9999.0 -9999.0 -9999.0 -9999.0 -9999.0 -9999.0 -9999.0 -9999.0 -9999.0 -9999.0 -9999.0 -9999.0 -9999.0 -9999.0 -9999.0 -9999.0 -9999.0 -9999.0 -9999 -9999 -9999.0 -9999.0 -9999.0 -9999.0 -9999.0 -9999.0 -9999.0 -9999.0 -9999.0 -9999.0 -9999.0 -9999.0 -9999.0 -9999.0 -9999 -9999.0 -9999.0 -9999.0 -9999.0 -9999.0 -9999.0 -9999.0 -9999.0 -9999.0 -9999.0 -9999.0 -9999.0 -9999.0 -9999.0 -9999.0 -9999.0 -9999.0 -9999.0 -9999.0 -9999.0 -9999.0 -9999.0
-9999 -9999.0 -9999.0 -9999 -9999 -9999 -9999.0 -9999.0 -9999.0 -9999.0 -9999.0 -9999.0 -9999.0 -9999.0 -9999.0 -9999.0 -9999.0 -9999.0 -9999.0 -9999.0 -9999.0 -9999.0 -9999.0 -9999.0 -9999.0 -9999.0 -9999.0 0.002950336878213302 -9999.0 -9999.0 -9999.0 -9999.0 -9999.0 -9999.0 -9999.0 -9999.0 -9999.0 -9999.0 -9999.0 -9999.0 -9999.0 -9999.0 -9999.0 -9999.0 -9999.0 -9999.0 -9999.0 -9999.0 -9999.0 -9999.0 -9999.0 -9999.0 -9999.0 -9999.0 -9999.0 -9999.0 -9999.0 -9999.0
0.008446823721683625 0.004968894614133021 0.004573428018249081 0.0008660983062987414 0.0019403344602808544 0.008454397667392732 0.004455015217833417 0.01129612007671658 0.00111063686173761 0.0013472488115358334 0.0035318048217480146 0.0031249099291449133 -9999 -9999.0 -9999 -9999 -9999.0 -9999.0 -9999.0 -9999.0 -9999.0 -9999.0 -9999.0 -9999.0 -9999.0 -9999.0 -9999.0 -9999.0 -9999.0 -9999.0 -9999.0 -9999.0 -9999.0 -9999.0 -9999.0 -9999.0 -9999.0 -9999.0 -9999.0 -9999.0 -9999.0 -9999.0 -9999.0 -9999.0 -9999.0 -9999.0 -9999.0 -9999.0 -9999.0 -9999.0 -9999.0 -9999.0 -9999.0 -9999.0 -9999.0 -9999.0 -9999.0 -9999.0
0.004434620468152433 0.005062167907952921 0.0015978960387351044 0.001876019896848707 0.006172925199035903 0.0016735917178428354 0.0023785289573972908 0 0 0.0012169915725077363 0.0015381519641027067 0.002227426178101442 -9999.0 -9999.0 0.0029100646382644283 0.0009417020111106646 0.0027862573693385254 0.0013492122829273981 0.0026122106670422272 0 0.00113105852756551 0 0.000984287687955703 -9999 -9999.0 -9999.0 -9999.0 -9999.0 -9999.0 -9999.0 -9999.0 -9999.0 -9999.0 -9999.0 -9999.0 -9999.0 -9999.0 -9999.0 -9999.0 -9999.0 -9999.0 -9999.0 -9999.0 -9999.0 -9999.0 -9999.0 -9999.0 -9999.0 -9999.0 -9999.0 -9999.0 -9999.0 -9999.0 -9999.0 -9999.0 -9999.0 -9999.0 -9999.0
0.003757665314209221 0.006778101935326243 0.0025310477943819147 0.005653126207384398 0.004827872583334512 0.007300821639969977 0.006936389812721046 0.00718488324092441 0.006973533944657466 0.007309147237955157 -9999.0 -9999.0 -9999.0 -9999.0 -9999.0 -9999.0 -9999.0 0.0034395625533866405 0 0 0 0 0.0002679896907433185 0.0005744078648215945 -9999.0 -9999.0 -9999.0 -9999.0 -9999.0 -9999.0 -9999.0 -9999.0 -9999.0 -9999.0 -9999.0 -9999.0 -9999.0 -9999.0 -9999.0 -9999.0 -9999.0 -9999.0 -9999.0 -9999.0 -9999.0 -9999.0 -9999.0 -9999.0 -9999.0 -9999.0 -9999.0 -9999.0 -9999.0 -9999.0 -9999.0 -9999.0 -9999.0 -9999.0
-9999.0 -9999.0 -9999 -9999 -9999 -9999.0 -9999.0 -9999.0 -9999.0 -9999.0 -9999.0 -9999.0 -9999.0 -9999.0 -9999.0 -9999.0 -9999.0 -9999.0 -9999.0 -9999.0 -9999.0 -9999.0 -9999.0 -9999.0 -9999.0 -9999.0 -9999.0 -9999.0 -9999.0 -9999.0 -9999.0 -9999.0 -9999.0 -9999.0 -9999.0 -9999.0 -9999.0 -9999.0 -9999.0 -9999.0 -9999.0 -9999.0 -9999.0 -9999.0 -9999.0 -9999.0 -9999.0 -9999.0 -9999.0 -9999.0 -9999.0 -9999.0 -9999.0 -9999.0 -9999.0 -9999.0 -9999.0 -9999.0
-9999.0 -9999.0 -9999 0.006471521060311911 0.003014407716990093 0.00597436614994067 0.0056110438408185515 0.005884216056877085 0.0047245779606822445 -9999.0 -9999.0 -9999.0 -9999.0 -9999.0 -9999.0 -9999.0 -9999.0 -9999.0 -9999.0 -9999.0 -9999.0 -9999.0 -9999.0 -9999.0 -9999.0 -9999.0 -9999.0 -9999.0 -9999.0 -9999.0 -9999.0 -9999.0 -9999.0 -9999.0 -9999.0 -9999.0 -9999.0 -9999.0 -9999.0 -9999.0 -9999.0 -9999.0 -9999.0 -9999.0 -9999.0 -9999.0 -9999.0 -9999.0 -9999.0 -9999.0 -9999.0 -9999.0 -9999.0 -9999.0 -9999.0 -9999.0 -9999.0 -9999.0
-9999.0 0.017315007075236644 -9999 0.004759813510843398 0.007127699640557596 0 0 0.018252479463350412 0.014978966674476624 -9999 -9999.0 -9999.0 -9999.0 -9999.0 -9999.0 -9999.0 -9999.0 -9999.0 -9999.0 -9999.0 -9999.0 -9999.0 -9999.0 -9999.0 -9999.0 -9999.0 -9999.0 -9999.0 -9999.0 -9999.0 -9999.0 -9999.0 -9999.0 -9999.0 -9999.0 -9999.0 -9999.0 -9999.0 -9999.0 -9999.0 -9999.0 -9999.0 -9999.0 -9999.0 -9999.0 -9999.0 -9999.0 -9999.0 -9999.0 -9999.0 -9999.0 -9999.0 -9999.0 -9999.0 -9999.0 -9999.0 -9999.0 -9999.0
-9999.0 -9999.0 -9999.0 0.004861848809402175 0.001908216266907825 0 0.0063052093371110075 0.0042174681660439904 0.0041404632025401214 0.004126684392404631 -9999 -9999 -9999 -9999.0 -9999.0 -9999.0 -9999.0 -9999.0 -9999.0 -9999.0 -9999.0 -9999.0 -9999.0 -9999.0 -9999.0 -9999.0 -9999.0 -9999.0 -9999.0 -9999.0 -9999.0 -9999.0 -9999.0 -9999.0 -9999.0 -9999.0 -9999.0 -9999.0 -9999.0 -9999.0 -9999.0 -9999.0 -9999.0 -9999.0 -9999.0 -9999.0 -9999.0 -9999.0 -9999.0 -9999.0 -9999.0 -9999.0 -9999.0 -9999.0 -9999.0 -9999.0 -9999.0 -9999.0
0.004388505061205418 0.002051096673337651 0.001711733624296939 0.003411256893746096 0.008580875900177998 0.003164331413841465 0.01465847510346073 0.005153955540161018 0.006888612200495962 0.004935944283396648 0.0009443631598319631 0 0.0029440115985290543 0.0003913305713867121 0.002896625675180571 0.0018021222103579298 0.0010462573915943412 0.0005493807901695059 0.000811309635433692 0.0010760597163489087 0 -9999 -9999.0 -9999.0 -9999.0 -9999.0 -9999.0 -9999.0 -9999.0 -9999.0 -9999.0 -9999.0 -9999.0 -9999.0 -9999.0 -9999.0 -9999.0 -9999.0 -9999.0 -9999.0 -9999.0 -9999.0 -9999.0 -9999.0 -9999.0 -9999.0 -9999.0 -9999.0 -9999.0 -9999.0 -9999.0 -9999.0 -9999.0 -9999.0 -9999.0 -9999.0 -9999.0 -9999.0
-9999 0.0013677130801697487 0.005699866861110027 0.0129784968266852 0.008716264782165492 0.004591944305199386 0.005277170772798718 0.006276989462332425 0.014851455155762082 0.019413238571682336 0.015762462162781644 0.0045093602901345245 0.0025647778363809843 0.004270043485270335 0.0005674398444326558 0.006794309591650836 0.004238170528988996 0.006283347619722739 0.007073747434822872 0.005507867390321427 0.0011857804774632053 0.00394591720984375 -9999 -9999.0 -9999.0 -9999.0 -9999.0 -9999.0 -9999.0 -9999.0 -9999.0 -9999.0 -9999.0 -9999.0 -9999.0 -9999.0 -9999.0 -9999.0 -9999.0 -9999.0 -9999.0 -9999.0 -9999.0 -9999.0 -9999.0 -9999.0 -9999.0 -9999.0 -9999.0 -9999.0 -9999.0 -9999.0 -9999.0 -9999.0 -9999.0 -9999.0 -9999.0 -9999.0
0.002846426729570837 0.003143437312844971 0.012388801227118587 0.011140844582812474 0.00846492215430213 0.01601000952410091 0.011068294526615487 0.013146589447610596 0.019455712392568762 0.017986951519313236 0.02012511989757056 0.016344589075828145 0.00708627919152301 0.009914999679382459 0.005679046852539668 0.004645606802219097 0.002902679583625824 0.002639302878060358 0.003225191079030379 0.005574395910223299 0.013631492080114506 0.014839990038311233 0.00356457106500682 0.0010178606907898357 0.005468644431108573 1.0554787656258251e-05 -9999 -9999.0 -9999.0 -9999.0 -9999.0 -9999.0 -9999.0 -9999 -9999 -9999 -9999 -9999.0 -9999.0 -9999.0 -9999.0 -9999.0 -9999.0 -9999.0 -9999.0 -9999.0 -9999.0 -9999.0 -9999.0 -9999.0 -9999.0 -9999.0 -9999.0 -9999.0 -9999.0 -9999.0 -9999.0 -9999.0
0.008013166856323157 0.0020433360108639935 0.006574766960394364 0.008814610939501014 0.01372024381262883 0.006034916732615533 0.007871164579980336 0.016452101273506717 0.014916227179177307 0.014267120527698672 0.015631763705123522 0.013848944034206799 0.01438188574507509 0.01596105370798902 0.00789852029898796 0.004136528493268415 0.003768937483004446 0.002105956857562989 0.0016346215433995415 0.010267572710136582 0.010593823642833018 0.005300261813713759 0.005739598223492915 0.007668864918147735 0.004516021733020834 0.006663825789970533 0.0037645056366412775 0.00038100213366446315 0.0014639881642206833 0.00032972762787946065 0.002605231749795781 0.002438998253379267 0.0038668676986101523 0.0019969054938068975 0.008173160693502273 0.0020239220549043346 0.004425085223241356 0.004563155766028101 0.0022084146260666643 0.004954685679300006 0.00040582173411595417 0.00024159252464434067 -9999.0 -9999 -9999.0 -9999 -9999.0 -9999.0 -9999.0 -9999.0 -9999.0 -9999.0 -9999.0 -9999.0 -9999.0 -9999.0 -9999.0 -9999.0
0.004767411493718484 0.009393922136938586 0.0140549076418252 0.007199431481911365 0.00826387888223197 0.01155762313260907 0.013339431466332255 0.014163216521043805 0.009523522589566609 0.009930006873404909 0.008864588980501324 0.010010091256591995 0.007585807832018277 0.006750590979001761 0.005137793187397518 0.00670189516442145 0.009313070528564333 0.025964801807818426 0.005606059751576703 0.004728473553160803 0.00451441667426174 0.0032575172187122047 0.002228929497212177 0.003348753200724173 0.007460095887435737 0.010677645054840057 0.0052088165477867186 0.010938071421320347 0.010432871612190486 0.008574977598459285 0.00883388867686787 0.008940116040163114 0.00607316353545676 0.0020648394730770413 0.008929657923536768 0.003046677629919713 0.0044386676625932575 0.004556421802028232 0.0008121303507447595 0.001472448597469498 0.0013142033421314487 0.005040636246110699 0.0014185562735865435 -9999.0 -9999.0 -9999.0 -9999.0 -9999.0 -9999.0 -9999.0 -9999.0 -9999.0 -9999.0 -9999.0 -9999.0 -9999.0 -9999.0 -9999.0
0.004625388728593632 0.011209734510454662 0.011784606201401305 0.00994188786267721 0.00467591150583354 0.0063840246882527 0.011372399766915417 0.01794918197525469 0.01500112943045071 0.012941431993606317 0.01209470906065474 0.012646882124867639 0.01049777731963413 0.003494604904537545 0.009487871300140324 0.005779599060185211 0.00466345584972459 0.0188480102920425 0.005342523023633983 0.007690031293224892 0.008039346223296131 0.00923151121174903 0.011602398711268821 0.010417972286135039 0.010840938649819267 0.011470284796625587 0.0066323767760026265 0.00775231411482059 0.006798621445920695 0.007402271669622227 0.01575198705785412 0.012360617794422867 0.012418134082831678 0.012274205376608659 0.004385576130119204 0.011456117272769123 0.007893960468838735 0.007070482570084852 0.009488913141654088 0.012355774234358114 0.00962878201148444 0.0020590592744122007 4.226121662066496e-05 0.0030970837925238352 -9999 -9999 0.0025672935657325984 0.0006779070565840683 0.014153246640545594 1.841243745482136e-05 0.0005027515788796601 -9999 0 0 -9999 -9999.0 4.2660841537955255e-05 0.003534973476107078
0.004803251334422347 0.006260604535779387 0.00982754842479564 0.010489869348626531 0.012760542024113742 0.02610780316343106 0.020332502916919667 0.02143401261492289 0.013271088143095078 0.022952056243576 0.026792476023418037 0.031808454580681454 0.028794948645985564 0.01956995867863426 0.01029985605150036 0.005660936730427674 0.010921604759332723 0.023227465950539046 0.02129087948148603 0.016917741617060444 0.012883777778413832 0.010631812127569073 0.0078048305730305375 0.01640203478972517 0.017304515164108244 0.005134182224738614 0.009858601134170586 0.02036579538175668 0.020004054819790534 0.013792688241937173 0.022744449556062554 0.01384729787532645 0.015400380038710526 0.00983394682181396 0.010255358988928636 0.015515127115647481 0.011376954593420883 0.011705368294466832 0.019938330599491294 0.012885180634249814 0.013886495740911938 0.0034309596273093927 0.001057504127207905 0.010573788967801461 0.008981104109973374 0.006510738391650284 0.014298578787924876 0.008430837536414784 0.013994211069171095 0.013041427279815429 0.010371055673290367 0.009717802053519945 0.007013430878332711 0.006378636082734609 0.005880353991534993 0.005279834448906747 0.0023633566665883132 0.006161548415067721
0.012672133478177224 0.006188342834529387 0.013020720939965097 0.007712252753952004 0.021893674705911893 0.016980336829840074 0.011324246354074337 0.01919694296498893 0.0180600802860198 0.019688484701376706 0.018188939615714852 0.02287467119462726 0.014887317294997855 0.007593882617622613 0.01253981264911467 0.009271174770495563 0.0236091925164822 0.012606531266436466 0.01163308436513828 0.02285858842394931 0.017522716705789847 0.0361386181142436 0.01660242161021591 0.027184933182942187 0.022445513214759277 0.016538916523447054 0.013733673672806208 0.026056326200591992 0.02539519232642557 0.026974862910548434 0.01353053326172565 0.02055175509735876 0.01658042724266271 0.008671825214962734 0.009633014956178116 0.0235430697550143 0.008649201292053328 0.020820919126442718 0.010159656117053583 0.011483702727807148 0.009854913095952711 0.013145861977676978 0.011835847241423027 0.015448468995534934 0.01061313917680156 0.01974397722763539 0.01998834540805042 0.024562133156065886 0.030653199205232327 0.029387436684918757 0.00952553495681558 0.029529319948490642 0.01599530114732505 0.011949248374067467 0.009187998216173016 0.009168546826766185 0.0058871167394469485 0.005286440898859628
0.007155562913738885 0.012533832743262188 0.016655708754703496 0.022154003827383348 0.024709063907691432 0.020406358065519083 0.007360726043227899 0.01815137917425765 0.016033403689285047 0.0179157441168808 0.018225432897359797 0.020088082300239563 0.005316947142970536 0.006283398679823334 0.014904428545773375 0.030435844269667753 0.03544993461381623 0.04352598437278517 0.05041521715027258 0.02443337135638258 0.03826963967854176 0.027952506926452538 0.01132009883471337 0.005366359364963716 0.025853011710158323 0.005340513594514857 0.019135238079093054 0.016274629886478324 0.028779441071577525 0.018488130829869717 0.023830461306482982 0.017389646067466825 0.014113587869963735 0.009122148422728718 0.025416694460545185 0.020326175340802177 0.011367323524217066 0.011612593227382955 0.03399148966217909 0.0456973090749229 0.049473819637551236 0.039983963805112446 0.026461265425458114 0.021679734912595557 0.011716495125834801 0.023943138910553996 0.015749959017814893 0.017596969525677242 0.028028878223380557 0.03332241172465825 0.02872886930521007 0.013926498859530673 0.012270406711605729 0.023171223390405716 0.015357509033358108 0.011083856874943053 0.011771536175550703 0.011788373863711472
0.016875638327582022 0.02809839623544862 0.0380146990281888 0.03584174869205146 0.01765591460843489 0.017093014227739886 0.012324209379224666 0.007615786622097562 0.00973172722173949 0.013383703675490773 0.013426841455066455 0.011936162491023528 0.015161598581175358 0.017745838792875144 0.013977669643447798 0.012574100078254156 0.03616530374528443 0.06284467649000469 0.07252711378249067 0.037736069339031585 0.036079174637807895 0.041355427807955904 0.05824097732113123 0.04577758696655868 0.02515593271036598 0.02426958104961032 0.028449219783755118 0.016681766840633404 0.02183580405087975 0.017363550008267545 0.0184340007399191 0.013227356927123018 0.014316221140324863 0.024570732224913957 0.019824718618758924 0.018542061474429637 0.034489185689510364 0.042966675870441236 0.049178303890742125 0.06226748774923975 0.06638756073483378 0.060337982039933576 0.05660400557750799 0.04324488682593148 0.03497292290527125 0.024602033975539565 0.027022167709131698 0.0316098013497116 0.02758180033339746 0.04065506649401078 0.036511605031482486 0.03094741252774162 0.020525385665897487 0.010480295237011595 0.015903523939212655 0.02852707725631889 0.02285764745345538 0.035443441428523514
0.011928462355584809 0.021169192890516456 0.023917213133060576 0.02765589288937482 0.01129600553281652 0.005822708954248106 0.006835991361085824 0.005327354273394688 0.008591642757481907 0.006812011124805594 0.009368806648511368 0.009887663807206688 0.011372335908673387 0.015521631605321036 0.019856734097110734 0.02878617843537031 0.025557156716265975 0.05182711474159136 0.07609668354534166 0.06974448914101258 0.046123774381129724 0.03860739745860856 0.04464810618595695 0.030871729486350846 0.023502426315562798 0.025684278920359883 0.01602529149623426 0.019844697502900834 0.02535673355002965 0.0111516850847043 0.03754025850553446 0.030798629958193373 0.03607561941862868 0.057377772331983455 0.06011706385525322 0.058471800604955784 0.056249716962120784 0.042305891167119615 0.048466175642447006 0.04111286666937211 0.05507421150253367 0.052071239679065726 0.06589196930020318 0.06321450216721865 0.0490658606866956 0.035550805833904096 0.023797013456659945 0.03141169968176066 0.03964572301660914 0.04362569618622219 0.03494013139507796 0.0361520289419396 0.017012606475410162 0.012232826990133087 0.013060731547380468 0.025433441437058762 0.018851306726358954 0.01763062434227961
0.012880406955956117 0.012576624426512745 0.01538845861708371 0.01668436001246444 0.040705363040150884 0.027414423641749973 0.024143415005853396 0.009463909032611198 0.011978422463846089 0.008063551759171018 0.010372314633955123 0.014512329483962796 0.013351400865638198 0.014900092660051635 0.019259953403410843 0.02445000084426076 0.02232054027912949 0.030712229315404134 0.044076370751271354 0.0658356462233143 0.03995523329646408 0.005846727215163246 0.011338684586272641 0.03431438082241916 0.04275960059855073 0.03615870573733542 0.0191104056529496 0.03274576821815276 0.0478561512098325 0.08890028268390156 0.020945864297173367 0.023533195854696848 0.03488455349217998 0.03557116911089955 0.03779625162362175 0.04282273358756886 0.05212397786609929 0.05936925141156052 0.053631315007283846 0.05368805437409752 0.05800452517208235 0.059272263190249974 0.046496341118509504 0.04020005064754005 0.038801237500406684 0.042442450491189755 0.024109408812548676 0.020943172339674025 0.02287808486325761 0.01898277947984402 0.027173021826887942 0.025872895104087943 0.04387758028734281 0.03365749548812688 0.012751114762929002 0.01486820417496748 0.020812827332475355 0.028393781523769025
0.03769704378129604 0.032738044712088736 0.03099159903225168 0.02515313923780465 0.02425023516115719 0.01888128076938705 0.012524308992815666 0.02880957807128887 0.01771455954218466 0.01876060410816584 0.01061574272744818 0.013413911510502243 0.018358742676627196 0.022550420326178496 0.029536154014281422 0.03064435185629685 0.03198867890654357 0.03855675992418492 0.02604676540556659 0.05199841116653799 0.0488692293679581 0.02932521687253055 0.00650238577032184 0.033743904610144294 0.030621025705575487 0.03343457787926193 0.04232201413898993 0.04781246765305637 0.06175658948337185 0.046799130427946055 0.036758996675276046 0.026680287819078576 0.023998208884026012 0.04363955175777956 0.030347159197471888 0.03422663635193865 0.04421542444438439 0.037655478193257465 0.037296224192155905 0.028243168637119433 0.04352992175453981 0.04194517124131372 0.06027085236444457 0.0537523299455268 0.043923202826004176 0.04374914641765992 0.03864303448022135 0.0359882648943728 0.038368407781806294 0.03517779113440328 0.037429805814586464 0.0260615857741803 0.04002421995244913 0.04917735008454876 0.05576201086669194 0.0533188666377106 0.04568925145611557 0.05095477065689224
0.014897962764512395 0.012153503700881233 0.018467421316843268 0.027659023786069145 0.030187850411330916 0.0242604222554427 0.012790359850701764 0.005205850927499867 0.010185788918961963 0.0079491511193773 0.01851469501955867 0.025490205408038844 0.025297666329253066 0.02537574873228271 0.028070557700862767 0.03986188202474947 0.03579921174204701 0.0370101097165649 0.04235332509780107 0.03590734910479867 0.04105955758993666 0.036641168344849644 0.03679553710624002 0.03726437130373242 0.033967320595176737 0.04937628499408882 0.07529018898113497 0.08082063211435038 0.0852348871730852 0.03658620777116951 0.03496801063058448 0.023950730250964662 0.050191674543040694 0.050866014304042355 0.033142576574415314 0.04883095041303702 0.033086917476487204 0.03920619452226281 0.06407637187285518 0.028872767050428818 0.030735539122031544 0.030694404315233438 0.03719838741411995 0.046774683959619555 0.0601024161989578 0.06872495541318316 0.05357482255302482 0.04948907761658823 0.049310279978746555 0.059519334468473795 0.046524892940370065 0.03517462254254334 0.03775613918936879 0.04840509032592209 0.04890289659010687 0.05986554411585665 0.06217854092147512 0.07235279626345704
0.024228187542856067 0.022356823496241178 0.017244504266991353 0.012707354447870065 0.010255701158264395 0.012288278504516269 0.014145816459666439 0.009659759719089141 0.015817326259988027 0.02076029068428419 0.017600814956440947 0.02587438373699483 0.05269774333305338 0.06323539843156296 0.05879477804407177 0.020463294062259167 0.05186340723386608 0.07855801865677044 0.09068239390289616 0.08087892890647125 0.06023719960802236 0.04183096965758672 0.04718652682881979 0.04678575758071785 0.04816524302162617 0.04691054517312677 0.08004784719847173 0.09375733143400863 0.07783651437151307 0.07322579650610857 0.08448957370064115 0.05722273973762116 0.04435396074834106 0.03672298523292253 0.034998920917694055 0.04198078942877128 0.029837725962705702 0.03081439374039702 0.0522402754764649 0.048898524749456634 0.04520457556357875 0.030397610013594742 0.037152996485133545 0.029282466100888693 0.030959481744704687 0.03629002236511879 0.06216652222540146 0.05589745744755892 0.049840087159656654 0.052988346248100476 0.029648828325389162 0.026778880642615736 0.022156083203555953 0.05293601292192351 0.048951417333522804 0.0442427955762913 0.0518934739619697 0.07664287260535285
0.009554636455818005 0.022171553098701908 0.031461948124588655 0.027922344588834108 0.02241373444795972 0.022411805194499902 0.02212846001119228 0.011598216218063213 0.030237153176645076 0.015151851966467749 0.011771884104649301 0.018393332961683082 0.06543524715618332 0.033634538930267466 0.07385786148840248 0.06826404507235274 0.07711402345551852 0.0963176717766574 0.10022992858638452 0.12031261444848079 0.12725581654443566 0.08823938805610504 0.06118510929324345 0.052485757324400105 0.05408486017739418 0.03871890067733681 0.029780446746929454 0.08736419435725833 0.12654240725061344 0.11095605610635925 0.052493002956007714 0.05110650460409531 0.04934544822390955 0.03796671559286808 0.023661278463887887 0.03243210991964539 0.044118769148645764 0.04744545210112335 0.03444923696000598 0.04854165688222976 0.0571044349754188 0.03226672834050795 0.026317199727643133 0.036040406028398586 0.02324110486459581 0.02235600208182575 0.04553337490413924 0.04112215336259652 0.03646918783058844 0.023506256351531706 0.03139558339123391 0.03260144766680499 0.04856944785849412 0.07015801850311844 0.06395908528976701 0.07168649368575894 0.06657066013519193 0.06821278935028197
0.012867507441078575 0.011898011575283592 0.014146572338906139 0.00825784376521756 0.022300730846851732 0.018479089633804843 0.017197024575994622 0.03256557060912118 0.04551349850995795 0.028100076797362945 0.03172545223884087 0.02054309062891859 0.030073847225029246 0.04068430222758202 0.04507196663536578 0.04298627667201269 0.06213888244368029 0.10505881791352487 0.09334314051226811 0.061947743507753436 0.10379378183496044 0.12137238153759422 0.10385943951448044 0.07822392548642529 0.07480672389312173 0.04023803994540347 0.04664552750578958 0.08493938528977667 0.09728397472601015 0.03693773063800917 0.07330158434189517 0.07530895931763963 0.0394687288956596 0.04857326102280691 0.03643793449093023 0.039907222236130364 0.044326769063047576 0.04788953547667687 0.044400487385098886 0.026913317729914073 0.04171892831358131 0.04231649291499575 0.03392287871558143 0.04099320241205817 0.025837963422764433 0.03880535005598659 0.03306445079684619 0.03768478570320905 0.04118323292073228 0.05043188369126077 0.04619056518568875 0.05265543562674632 0.05352196693162084 0.05759715742670488 0.07684988052606993 0.06366421459568482 0.05422973648204451 0.08610577336184323
