Model Version1.4/trunk/output/1999/fgw_rec_le_nat.asc
ncols 720
nrows 360
xllcorner -180
yllcorner -90
cellsize 0.5
NODATA_value -9999
[rows 52 to 77 of 360, columns 58 to 115 of 720]
0.0379291148063496 0.03415507118843737 0.033175194868365294 0.030857490498979123 0.05109329803674336 0.04060422836211103 0.033395975583241484 0.02080472728984932 0.010016254959255443 0.009911547644793324 0.008090205534947449 0.004986093400585244 0.006402847859262092 0.0009833225203559255 0 0 0.018581799665280164 0.003362500178366575 0 0.007320991257183561 0.012349663231168422 0 0 0 0 0 0 0 0 0 0 0 0 0 0 0 0 0 0 0.01211640100827556 0.0029679239945334434 0.020439169110477065 0.036379564088402885 0.041579481636635905 0.037848886897469944 0.047909417506028305 0.03349765917518646 0.05084462172684709 0.02999972184986259 0.03420737873898395 0.03547129636442381 0.03436911548824394 0.0004493489022942818 0 0 0 0 0.0005064723226923223
0.09224216457733522 0.08801579980291334 0.07888189522108058 0.08658396628155172 0.06507012847037862 0.06477911236983148 0.06615838435897738 0.07160173477699779 0.06508521302857166 0.062044596040255466 0.04280355646409765 0.03719759165956804 0.031065104264046677 0.029886762257471878 0.027661134562846006 0.00382526169412926 0 0 0 0 0.014048619498899998 0 0 0 0 0 0 0 0 0 0 0 0 0 0 0 0 0 0 0.0006356105557153083 0.0025918906707287507 0.0230179463137324 0.009234090041041277 0.04982381164683702 0.046578496552670746 0.06160562783003584 0.059028351302791465 0.04516278797331922 0.06126487392764049 0.06253720422415777 0.029313280485856744 0.03439762310402511 0.033507034737635624 0.0010106363205123169 0 0.0002054176418263824 0 0.00011438113711736392
0.11301693969124896 0.08930825861326991 0.05110354479637503 0.07108155573750125 0.04947253141842347 0.046080089854422863 0.040226713586888285 0.08310086564859197 0.013094503366376024 0.003191280566560308 0 0.02163552881847468 0.03504294354519038 0.042069131506766166 0.0517126359248873 0.03107706696887621 0.023939400638213745 0.01472281108282607 0.0044633409047733 0.009971687245742373 0.014132490303274561 0.003528392556818848 0 0 0 0 0 0 0 0 0 0 0 0 0 0 0 0 0 0 0.002460288383830263 0.005102621876639399 0.01106720127706639 0.026341286934174264 0.04916164495761837 0.06616926438938722 0.07213262440136002 0.08257147522828631 0.06749226911045401 0.07197548116110097 0.06685671155304308 0.06095270179553238 0.05311835591820044 0.0002680746899887189 0.003369025272458738 0.003333556816193223 4.484289898109514e-05 0
0.10172994388123258 0.0616078385263499 0.04115499106308051 0.0957301370940536 0.11316681738736976 0.10869529214176837 0.07290822139772758 0.07385429628675665 0.08434962700400153 0.041614353556152055 0.04933194757003214 0.021915154449571022 0.03357160275125003 0.07585059020341249 0.06930724711157257 0.06062088256940579 0.06779994225921679 0.05263570271517926 0.033997325612917115 0.04458322071371207 0.05951524911699095 0.010739221068629944 0.005349063064509317 0 0 0 0 0 0 0 0 0.005241185398453284 0.0026540904585382373 0.004760744850308712 0.004782059804654642 0 0 0 0 0.000832520720733855 0.002516123826048443 0.013743323050062099 0.0262292654982632 0.04821573051819391 0.06728148275594058 0.10879868885848575 0.10468138866379459 0.08634068880573116 0.08830685127961899 0.07197701521362879 0.047743520907263776 0.0314803921348682 0.021051385323369854 0.01050994718634112 0.019522757319712168 0.017318355013914197 0.029608967088595083 0.011159098413205339
0.08099733651602237 0.051637784842980095 0.036510524268483696 0.06409398334160683 0.1171327696612673 0.11737064575427546 0.13406780271772736 0.1582351255878756 0.14597157819505388 0.1206799380218454 0.11409650489235311 0.10797423969253421 0.14381363602936362 0.12062551335463259 0.12665376711081652 0.14302365036137415 0.13866736778687666 0.12931668354750048 0.09647586657864374 0.08554922103642347 0.06051673354274014 0.02719787707988328 0.04660516162088558 0.006048004111236967 0 0 0 0 0 0 0 0.001729368126987933 0.0010418295305735185 0.004187857594631347 0.002573299863514822 0.006083035215684489 0.0080352723420851 0.01441637768079502 0 0 0.0009110750563780192 0.021473210073886622 0.027657803023835588 0.052159158369588406 0.09486567363821198 0.10797293861653988 0.11523203238267662 0.07610788229534503 0.06516979671936446 0.051050146131300884 0.03656029256931984 0.029082653859946937 0.031001173836837995 0.022897656356773044 0.03961085191187348 0.026051762940291535 0.010273100639915269 0.012019724837173965
0.03245866556740192 0.02410559259011522 0.022022245132347778 0.1869215062083826 0.16307834582477937 0.16580139352714562 0.20522072220577506 0.2033503991325892 0.2303167095706603 0.22062425392426965 0.257882247521654 0.23250015738955426 0.21888869876981906 0.26470780997327914 0.2683262535229851 0.20848774157752986 0.2374297628685332 0.20208029955316775 0.08159803374512878 0.03845254357030277 0.028154049929657587 0.0003499350451567141 0.08325088540028529 0.03030884774215992 0.025669904227648227 0.00077191130269254 0.002243720070004039 0 0 0.0009478496739197851 0 0 0.0032893487863344187 0.002748474817920211 0.0036093398391847686 0.008978357024776222 0.01622192565598466 0.018809528505207503 0.02396250855083142 0.03394359978528833 0.021053067297700283 0.0320959197931535 0.030916975772909736 0.04728370520262088 0.07407293334157644 0.08411289034479415 0.08397502433688606 0.07538398878197443 0.05743700839449275 0.051513991627300366 0.0400148892526831 0.03770143233481075 0.03678927479756307 0.03323249718531508 0.04175550818627848 0.036227044859037834 0 0.025659999219805756
0.02297922593797937 0.03756327963675178 0.1618540523491037 0.18461616530313602 0.22182303920208157 0.1930031119200555 0.3008214749118871 0.28389736627146467 0.3707861148118626 0.32765865420521284 0.3935096506324342 0.44664470253091465 0.39867056760614766 0.3604296902673954 0.3502768807806146 0.3362620420981592 0.3721134235601308 0.32638754969233347 0.27921329477699625 0.1556876315587561 0.01725274196889575 0.0033905056404320367 0 0.06913098753070221 0.12267597327371986 0.06551267781610087 0.03522681433712757 0.04693891298853765 0.053616731904770655 0.03280915675925957 0.028814910744502528 0.014980954924596097 0.008654419835092584 0.0052824563332362585 0.01020438562366405 0.016846782718393388 0.02825081478973641 0.028713848933722193 0.025985494824441176 0.04544680314162286 0.05795149225507104 0.06129457427705944 0.08864642720039909 0.06010079300196464 0.05533069344101692 0.04795436090003111 0.056944426488793345 0.0554684686825587 0.05019075764872478 0.035987390007136 0.04320347210739464 0.025964356098318122 0.04686224248326744 0.0353084650019024 0.029150542007725395 0.006930921141175306 0.06451056313926806 0.06543724409389245
0.06855739585679568 0.211250618193763 0.22402260347578182 0.1919894275929324 0.2826821697090306 0.26349056809883065 0.2994693785226885 0.3891505518802528 0.42693604534126967 0.4886601071515882 0.5678935978326599 0.5401884921198068 0.2780234653441583 0.2641628306373654 0.3830235897997329 0.3764050759004982 0.27106405062788164 0.19618986684273892 0.34174451185957183 0.27029833577604606 0.4120176424013397 0.2944930438506898 0.2328402241856558 0.2104051540842998 0 0.1891160343436411 0.1347011834907576 0.09600686095395096 0.08390828153315724 0.09742803266412361 0.0679380561575051 0.060891903118818584 0.042466631268645416 0.007761591553563028 0.013736771856782376 0.01804357383308668 0.027527864653009926 0.030726546733622042 0.041284373871733754 0.05840954630080558 0.08916560500683135 0.09786846527379894 0.029972406222072576 0.03675484868634023 0.04367398635796535 0.04736218971414335 0.03430352098676862 0.02099357660664321 0.03134353607594077 0.02268098075709373 0.028194938767134272 0.030832541228851776 0.04307835302971838 0.028003909281029242 0.036206137280649864 0.011557892669461195 0.05404318217349473 0.05787407482955118
0.1950016281276255 0.24664532835207909 0.2687765601908586 0.2791668952613462 0.2886554243909158 -9999 0.4088126773910906 0.4022376077534552 -9999.0 -9999.0 -9999.0 -9999.0 -9999 -9999 -9999.0 -9999.0 -9999.0 -9999.0 0.2823921432595907 0.3042179174815648 0.4373925254473978 0.4779393344350805 0.5566728818597851 0.41809865193575907 0.34403924938888836 0.3420786228563643 0.2567054993533448 0.22550301650013485 0.18126329515750647 0.17798039638456611 0.18390316818309893 0.14493779927925884 0.08802253047816291 0.04285346349364683 0.021450135456792307 0.042680643707657395 0.03287162733361045 0.03198180297791768 0.05583006805483015 0.07825056047902998 0.06944953579699606 0.11752890566334719 0.11400994655565531 0.05993624614994764 0.026642859318610285 0.04973095455762622 0.05067246470699784 0.05176740860604395 0.033736119080788815 0.016290198294876414 0.047494406971882376 0.05121051552784276 0.04229535726142992 0.046812482661782374 0.027391982229578653 0.045524153802612335 0.04793530198437585 0.049892959119094644
0.2792762475022306 -9999 -9999.0 -9999.0 -9999.0 -9999.0 -9999.0 -9999.0 -9999.0 -9999.0 -9999.0 -9999.0 -9999.0 -9999.0 -9999.0 -9999.0 -9999.0 -9999.0 -9999.0 -9999.0 -9999.0 -9999.0 0.3671536407714065 0.34018565332813516 0.5310868647980502 0.5234701990323289 0.3178447529777273 0.3792066995227178 0.3472972931699396 0.3705586706941728 0.36692658240544423 0.26796159555387783 0.22692511088448683 0.16581762823332907 0.08519949969828416 0.08669156915502788 0.09803343766169742 0.059576967288394615 0.046448764589319506 0.05774344405826661 0.06680091312321638 0.09132798546247017 0.14578089583697376 0.10925074000822242 0.07851747406230945 0.07274636887046687 0.03930296791798741 0.054071368025395 0.05405805760474706 0.07425611212465898 0.07339055868638132 0.07714067764111066 0.10131785350035351 0.049120041295516344 0.04499216502725862 0.048800112522474626 0.04826507938567785 0.04404538577977919
-9999.0 -9999.0 -9999.0 -9999.0 -9999.0 -9999.0 -9999.0 -9999.0 -9999.0 -9999.0 -9999.0 -9999.0 -9999.0 -9999.0 -9999.0 -9999.0 -9999.0 -9999.0 -9999.0 -9999.0 -9999.0 -9999.0 -9999.0 -9999.0 -9999.0 0.38907274469141195 0.5544673522352174 0.1830148609443169 0.4575195620852618 0.4404176091177054 0.4266052415347736 0.42179496979734277 0.34467605153300973 0.12711868794307726 0.2573839112584906 0.1787108492293315 0.1667674928035056 0.13154589848116174 0.10221517364350874 0.10581432569908866 0.08371859250544843 0.10535801035136612 0.10035144561464711 0.09043050305960103 0.1022397911718076 0.1050616030082717 0.0932359313609583 0.029815771537000657 0.06898353956238563 0.10017331938658644 0.09037294252492319 0.09748906701617381 0.07823100768219571 0.10784728917090348 0.025553607215045356 0.04789128696360281 0.044049487506576175 0.02325593382271425
-9999.0 -9999.0 -9999.0 -9999.0 -9999.0 -9999.0 -9999.0 -9999.0 -9999.0 -9999.0 -9999.0 -9999.0 -9999.0 -9999.0 -9999.0 -9999.0 -9999.0 -9999.0 -9999.0 -9999.0 -9999.0 -9999.0 -9999.0 -9999.0 -9999.0 -9999.0 -9999.0 0.3904168626293316 0.43041567340892284 0.5794219693688115 0.5809344778828964 0.5441501783855063 0.47749047813900986 0.41620964681666145 0.35239560623653216 0.332146159268598 0.2781202972034201 0.19448809376303178 0.17658605517501477 0.11481088203340731 0.07934718437403192 0.07348395510830737 0.11097744965280457 0.10936603915270818 0.08558052739835069 0.07910390750348772 0.10015369361928474 0.10468493343657333 0.05501676461113542 0.09082273909918645 0.11644462875459312 0.12594308054927628 0.1524867067538988 0.10260931803763393 0.09835627316012256 0 0.042941883113824235 0.043518724782969434
-9999.0 -9999.0 -9999.0 -9999.0 -9999.0 -9999.0 -9999.0 -9999.0 -9999.0 -9999.0 -9999.0 -9999.0 -9999.0 -9999.0 -9999.0 -9999.0 -9999.0 -9999.0 -9999.0 -9999.0 -9999.0 -9999.0 -9999.0 -9999.0 -9999.0 -9999.0 -9999.0 -9999.0 -9999.0 0.6918721101166164 0.6893803097990756 0.6332883067092476 0.5975832839680322 0.48342777726407066 0.4303949793489491 0.4177116296026682 0.3944129650013035 0.3263438234220754 0.2703584571403588 0.20352794246432812 0.16253736184841291 0.14094267062804858 0.11223803833576852 0.0912313751871126 0.10643875271710658 0.0655613127881275 0.06762822063191193 0.10482038940588319 0.11863067556423201 0.09930661128778605 0.09727782054861245 0.11067512082372434 0.13892267311914355 0.11695630381336557 0.12364593047944103 0.051612815681766136 0 0
-9999.0 -9999.0 -9999.0 -9999.0 -9999.0 -9999.0 -9999.0 -9999.0 -9999.0 -9999.0 -9999.0 -9999.0 -9999.0 -9999.0 -9999.0 -9999.0 -9999.0 -9999.0 -9999.0 -9999.0 -9999.0 -9999.0 -9999.0 -9999.0 -9999.0 -9999.0 -9999.0 -9999.0 -9999.0 -9999.0 0.8202845636301084 0.6700681071710115 0.6338156266208825 0.6474221015734446 0.46605269018704587 0.4838397962110356 0.5417803828642488 0.3955426990899447 0.4220533522873779 0.3308107809415742 0.2451624283170386 0.17256603416340677 0.12229612071424205 0.0813009667800997 0.06170523582699421 0.039994894327270235 0.026773558817604844 0.10053750870027242 0.10760067790262691 0.1189539304530377 0.11844256573558958 0.08602001585462975 0.10356964099087167 0.12903456710335756 0.12733235799607343 0.11805189419834515 0 0
-9999.0 -9999.0 -9999.0 -9999.0 -9999.0 -9999.0 -9999.0 -9999.0 -9999.0 -9999.0 -9999.0 -9999.0 -9999.0 -9999.0 -9999.0 -9999.0 -9999.0 -9999.0 -9999.0 -9999.0 -9999.0 -9999.0 -9999.0 -9999.0 -9999.0 -9999.0 -9999.0 -9999.0 -9999.0 -9999.0 -9999.0 0.5005050332619968 0.6945757838026597 0.7125078392821457 0.6414837463890365 0.5699783725491535 0.5712723191068877 0.5637994398783005 0.6062480466212667 0.5433198554479355 0.44482526352016294 0.3359784276106084 0.2281576603563585 0.1808826478806653 0.06917196300916847 0.050899785845329226 0.022406816628273204 0.04336467271092702 0.11749327426019684 0.10665554677052325 0.11477290995431556 0.10456667136218194 0.10485991925335734 0.12645891746944696 0.1413140090101304 0.09994928350658804 0.04711727388035592 0.0017971115445022882
-9999.0 -9999.0 -9999.0 -9999.0 -9999.0 -9999.0 -9999.0 -9999.0 -9999.0 -9999.0 -9999.0 -9999.0 -9999.0 -9999.0 -9999.0 -9999.0 -9999.0 -9999.0 -9999.0 -9999.0 -9999.0 -9999.0 -9999.0 -9999.0 -9999.0 -9999.0 -9999.0 -9999.0 -9999.0 -9999.0 -9999.0 -9999.0 0.500016495824847 0.5685185110494663 0.6771965998991786 0.6503086898826757 0.5894502667941088 0.5552393574727063 0.5314432416161629 0.5242722148510177 0.537560471540958 0.46320001055324245 0.36433474018271783 0.21357738414984612 0.10364828642668213 0.06980286219152071 0.0306373741815154 0.03805866202884606 0.05734386870935207 0.08878416752328727 0.08788701992845843 0.06947494886017373 0.07830593810653451 0.05333617496942405 0.07624640192136962 0.09333385247849824 0.011535390172275891 0.017207379464541924
-9999.0 -9999.0 -9999.0 -9999.0 -9999.0 -9999.0 -9999.0 -9999.0 -9999.0 -9999.0 -9999.0 -9999.0 -9999.0 -9999.0 -9999.0 -9999.0 -9999.0 -9999.0 -9999.0 -9999.0 -9999.0 -9999.0 -9999.0 -9999.0 -9999.0 -9999.0 -9999.0 -9999.0 -9999.0 -9999.0 -9999.0 -9999.0 -9999.0 -9999 0.5914911498802222 0.6672142403198492 0.6651806005966573 0.6353517725634814 0.6918768212285012 0.681961023032306 0.5764900113594853 0.6151846138192077 0.4871129950303661 0.34111700362213315 0.12503748192969075 0.07039846787469561 0.030304828202601154 0.05738426274602426 0.02539280102774017 0.034722779042064285 0.06413206600654034 0.07100763944681943 0.08415074927523349 0.09659620994283183 0.08376356321767121 0.10612831863079712 0.09764659904159703 0.015007688012578908
-9999.0 -9999.0 -9999.0 -9999.0 -9999.0 -9999.0 -9999.0 -9999.0 -9999.0 -9999.0 -9999.0 -9999.0 -9999.0 -9999.0 -9999.0 -9999.0 -9999.0 -9999.0 -9999.0 -9999.0 -9999.0 -9999.0 -9999.0 -9999.0 -9999.0 -9999.0 -9999.0 -9999.0 -9999.0 -9999.0 -9999.0 -9999.0 -9999.0 -9999.0 -9999 0.5502393120697116 0.5880531293375932 0.6709997240509873 0.7320795073312706 0.7735064367893162 0.7591496518369875 0.7016642687944543 0.600169518965786 0.43071884639020325 0.20281603632459372 0.08608682451973468 0.042895973700939234 0.045914864879829945 0.03527410300322994 0.039370761659569604 0.030682971454362568 0.0557153284008194 0.07178683445879457 0.07818936236032613 0.09369109712202571 0.12221185274537351 0.17990798601369612 0.17632253671145237
-9999.0 -9999.0 -9999.0 -9999.0 -9999.0 -9999.0 -9999.0 -9999.0 -9999.0 -9999.0 -9999.0 -9999.0 -9999.0 -9999.0 -9999.0 -9999.0 -9999.0 -9999.0 -9999.0 -9999.0 -9999.0 -9999.0 -9999.0 -9999.0 -9999.0 -9999.0 -9999.0 -9999.0 -9999.0 -9999.0 -9999.0 -9999.0 -9999.0 -9999.0 -9999.0 0.43336214013590935 0.49283525274709666 0.5401827390978742 -9999.0 0.61911667075772 0.8107762028847689 0.8349649881931431 0.7501335856992828 0.6729194384899079 0.38359670757648334 0.277133287284969 0.1934936704171421 0.09142999740154904 0.045884581086387446 0.034231007901398755 0.03189095980576469 0.045483360567455965 0.011436322136374398 0.026388025199202147 0.045623494684836785 0.08270917202662116 0.09034910188013529 0.15461536588030125
-9999.0 -9999.0 -9999.0 -9999.0 -9999.0 -9999.0 -9999.0 -9999.0 -9999.0 -9999.0 -9999.0 -9999.0 -9999.0 -9999.0 -9999.0 -9999.0 -9999.0 -9999.0 -9999.0 -9999.0 -9999.0 -9999.0 -9999.0 -9999.0 -9999.0 -9999.0 -9999.0 -9999.0 -9999.0 -9999.0 -9999.0 -9999.0 -9999.0 -9999.0 -9999.0 0.4863165126720453 0.47195158470272847 0.5144184701935303 0.47231294433689724 -9999.0 0.636773395855802 0.8402051936781644 0.8385607781128867 0.8193696024191214 0.5851836680368718 0.4996912634977147 0.4043936400997741 0.20365532265875858 0.07255323117855102 0.04539208851333895 0.005868987717135072 0.04184243913104238 0.05527934665718013 0.05013259241239006 0.05095423851117722 0.044980797901574804 0.07291043873780997 0.11122449162461248
-9999.0 -9999.0 -9999.0 -9999.0 -9999.0 -9999.0 -9999.0 -9999.0 -9999.0 -9999.0 -9999.0 -9999.0 -9999.0 -9999.0 -9999.0 -9999.0 -9999.0 -9999.0 -9999.0 -9999.0 -9999.0 -9999.0 -9999.0 -9999.0 -9999.0 -9999.0 -9999.0 -9999.0 -9999.0 -9999.0 -9999.0 -9999.0 -9999.0 -9999.0 -9999.0 0.5056127848926633 0.5282183354925786 0.3839616946587052 0.4388925836222372 -9999.0 0.6357010896132085 0.8373551128163521 0.8446254289117902 0.8403859593934851 0.7673213201595259 0.6735155638030291 0.590367085109963 0.387295351942193 0.2043883302969933 0.07468464085513032 0.05617524634325097 0.036739030834515525 0.03709271967715647 0.0327779433199532 0.02176744618718198 0.03484360705421171 0.040634172561428455 0.14104345205364255
-9999.0 -9999.0 -9999.0 -9999.0 -9999.0 -9999.0 -9999.0 -9999.0 -9999.0 -9999.0 -9999.0 -9999.0 -9999.0 -9999.0 -9999.0 -9999.0 -9999.0 -9999.0 -9999.0 -9999.0 -9999.0 -9999.0 -9999.0 -9999.0 -9999.0 -9999.0 -9999.0 -9999.0 -9999.0 -9999.0 -9999.0 -9999.0 -9999.0 -9999.0 -9999.0 -9999.0 0.4614903575182855 0.556945193933003 0.5022362712789923 -9999.0 -9999.0 0.6403364035851659 0.8365066652494916 0.8323253746059432 0.8430986206432669 0.8279636090532676 0.7641559792867846 0.6035844767443914 0.34295106868360903 0.18467656568715007 0.06427975025799451 0.0407627894227627 0.030949311697183804 0.01535563250251069 0.008943344466631812 0.026493052294823512 0.03270017556304158 0.08695255540646671
-9999.0 -9999.0 -9999.0 -9999.0 -9999.0 -9999.0 -9999.0 -9999.0 -9999.0 -9999.0 -9999.0 -9999.0 -9999.0 -9999.0 -9999.0 -9999.0 -9999.0 -9999.0 -9999.0 -9999.0 -9999.0 -9999.0 -9999.0 -9999.0 -9999.0 -9999.0 -9999.0 -9999.0 -9999.0 -9999.0 -9999.0 -9999.0 -9999.0 -9999.0 -9999.0 -9999.0 -9999.0 0.43438751780468315 0.7399826454981556 0.44891960385847796 -9999.0 -9999.0 -9999.0 0.8302317674389134 0.8408911800886715 0.841943740666408 0.8336318622680311 0.6901660103857029 0.5498047416715627 0.3341236657643837 0.23321752393815426 0.14433803496390332 0.05922606756292823 0.017654804732914472 0.004207209596445345 0.004413038316195642 0.015581230030359057 0.03960035229015244
-9999.0 -9999.0 -9999.0 -9999.0 -9999.0 -9999.0 -9999.0 -9999.0 -9999.0 -9999.0 -9999.0 -9999.0 -9999.0 -9999.0 -9999.0 -9999.0 -9999.0 -9999.0 -9999.0 -9999.0 -9999.0 -9999.0 -9999.0 -9999.0 -9999.0 -9999.0 -9999.0 -9999.0 -9999.0 -9999.0 -9999.0 -9999.0 -9999.0 -9999.0 -9999.0 -9999.0 -9999.0 -9999.0 0.430731564417024 0.4533957565198213 -9999.0 -9999.0 -9999.0 -9999.0 0.8282027377652297 0.8322637436851251 0.8434172888923133 0.8292190830044879 0.6286876725280446 0.5157282066593436 0.354398862961711 0.20492724021997905 0.0738068223422099 0.021611141184114818 0 0.0020972650920705873 0.0020898918920536917 0.0031394115810160716
-9999.0 -9999.0 -9999.0 -9999.0 -9999.0 -9999.0 -9999.0 -9999.0 -9999.0 -9999.0 -9999.0 -9999.0 -9999.0 -9999.0 -9999.0 -9999.0 -9999.0 -9999.0 -9999.0 -9999.0 -9999.0 -9999.0 -9999.0 -9999.0 -9999.0 -9999.0 -9999.0 -9999.0 -9999.0 -9999.0 -9999.0 -9999.0 -9999.0 -9999.0 -9999.0 -9999.0 -9999.0 -9999.0 -9999.0 -9999.0 -9999.0 -9999.0 -9999.0 -9999.0 -9999.0 0.8334825293480146 0.8427084884160032 0.8155627770931397 0.6860328585706831 0.6537572658454964 0.5145657326605635 0.4051551185509023 0.22937531348096468 0.05664559919666862 0.015726231607923438 0.009100397779949481 0.0232482372013074 0.018188049444510832
-9999.0 -9999.0 -9999.0 -9999.0 -9999.0 -9999.0 -9999.0 -9999.0 -9999.0 -9999.0 -9999.0 -9999.0 -9999.0 -9999.0 -9999.0 -9999.0 -9999.0 -9999.0 -9999.0 -9999.0 -9999.0 -9999.0 -9999.0 -9999.0 -9999.0 -9999.0 -9999.0 -9999.0 -9999.0 -9999.0 -9999.0 -9999.0 -9999.0 -9999.0 -9999.0 -9999.0 -9999.0 -9999.0 -9999.0 -9999.0 -9999.0 -9999.0 -9999.0 -9999.0 -9999.0 -9999.0 0.8348470292287443 0.6817025395392563 0.7308472330965373 0.6760612206010322 0.5243863198507979 0.5300990665181421 0.3086105117919825 0.3095634607304985 0.28073072289576134 0.28949945384953685 0.1756364914338235 0.04677285000051697
