Model Version1.4/trunk/output/1999/fgw_rec_le_nat.asc
ncols 720
nrows 360
xllcorner -180
yllcorner -90
cellsize 0.5
NODATA_value -9999
[rows 26 to 51 of 360, columns 464 to 521 of 720]
-9999.0 -9999.0 -9999.0 -9999.0 -9999.0 -9999.0 -9999.0 -9999.0 -9999.0 -9999.0 -9999.0 -9999.0 -9999.0 -9999.0 -9999.0 -9999.0 -9999.0 -9999.0 -9999.0 -9999.0 -9999.0 -9999.0 -9999.0 -9999.0 -9999.0 -9999.0 -9999.0 -9999 -9999 0 0 0.018764056492043314 0.003393969346703037 0.003131708672060111 -9999 -9999.0 -9999.0 -9999.0 -9999.0 -9999.0 -9999.0 -9999.0 -9999.0 -9999.0 -9999.0 -9999.0 -9999.0 -9999.0 -9999.0 -9999.0 -9999.0 -9999.0 -9999.0 -9999.0 -9999.0 -9999.0 -9999.0 -9999.0
-9999.0 -9999.0 -9999.0 -9999.0 -9999.0 -9999.0 -9999.0 -9999.0 -9999.0 -9999.0 -9999.0 -9999.0 -9999.0 -9999.0 -9999.0 -9999.0 -9999 -9999 -9999 -9999 -9999 -9999 -9999 0 0 0 0 0.009917123886566638 0.010855789511043748 0.010281036647710838 0.018382287458076397 0.015802624151945638 0.01185097793141954 0.01770363166153683 -9999.0 -9999.0 -9999.0 -9999.0 -9999.0 -9999.0 -9999.0 -9999.0 -9999.0 -9999.0 -9999.0 -9999.0 -9999.0 -9999.0 -9999.0 -9999.0 -9999.0 -9999.0 -9999.0 -9999.0 -9999.0 -9999.0 -9999.0 -9999.0
-9999.0 -9999.0 -9999.0 -9999.0 -9999.0 -9999.0 -9999.0 -9999.0 -9999.0 -9999.0 -9999.0 -9999.0 -9999 0.05775762328414367 0 0 0.020600488241723197 0 0.02698851605580608 0.020689330941592043 0.03245118757772089 0.031371063323178155 0.028464080059163722 0.006199165837352209 0.005164255210452414 0.006243914324318371 0.023955365605819946 0.016173364049799688 0.0056462889443394506 -9999.0 -9999.0 -9999.0 -9999.0 -9999.0 -9999.0 -9999.0 -9999.0 -9999.0 -9999.0 -9999.0 -9999.0 -9999.0 -9999.0 -9999.0 -9999.0 -9999.0 -9999.0 -9999.0 -9999.0 -9999.0 -9999.0 -9999.0 -9999.0 -9999.0 -9999.0 -9999.0 -9999.0 -9999.0
-9999.0 -9999.0 -9999.0 -9999.0 -9999.0 -9999.0 -9999.0 -9999 -9999 0.037670666975608245 0.041701466569245976 0.04509759456593252 0.026192820627331644 0.03662093246227488 0.04417697531583734 0.02153927973303393 0.06141376666976312 0.058541848528011003 0.06064354491049853 0.05607183099093223 0.05325206656532459 -9999.0 -9999.0 -9999.0 -9999.0 -9999.0 -9999.0 -9999.0 -9999.0 -9999.0 -9999.0 -9999.0 -9999.0 -9999.0 -9999.0 -9999.0 -9999.0 -9999.0 -9999.0 -9999.0 -9999.0 -9999.0 -9999.0 -9999.0 -9999.0 -9999.0 -9999.0 -9999.0 -9999.0 -9999.0 -9999.0 -9999.0 -9999.0 -9999.0 -9999.0 -9999.0 -9999.0 -9999.0
-9999.0 -9999.0 -9999.0 -9999.0 -9999.0 -9999.0 -9999.0 -9999 0.06292201566812754 0.06544726094444597 0.054254013085708576 0.025526584316652643 0.06846842486475632 0.06298849306528577 0.03451733775492258 0.036879537809281826 0.035906973757111445 0.036767965874599864 -9999.0 -9999.0 -9999.0 -9999.0 -9999.0 -9999.0 -9999.0 -9999.0 -9999.0 -9999.0 -9999.0 -9999.0 -9999.0 -9999.0 -9999.0 -9999.0 -9999.0 -9999.0 -9999.0 -9999.0 -9999.0 -9999.0 -9999.0 -9999.0 -9999.0 -9999.0 -9999.0 -9999.0 -9999.0 -9999.0 -9999.0 -9999.0 -9999.0 -9999.0 -9999.0 -9999.0 -9999 -9999.0 -9999.0 -9999.0
-9999.0 -9999.0 -9999.0 -9999.0 -9999.0 -9999 0.055030321407431824 0.021472057090496655 0.023858781574371303 0.024331665047839915 0.03377429916418182 0.05044608266194865 0.038046522150103144 0.04385463632741812 0.03596029102989458 -9999.0 -9999.0 -9999.0 -9999.0 -9999.0 -9999.0 -9999.0 -9999.0 -9999.0 -9999.0 -9999.0 -9999.0 -9999.0 -9999.0 -9999.0 -9999.0 -9999.0 -9999.0 -9999.0 -9999.0 -9999.0 -9999.0 -9999.0 -9999.0 -9999.0 -9999.0 -9999.0 -9999.0 -9999.0 -9999.0 -9999.0 -9999.0 -9999.0 -9999.0 -9999.0 -9999.0 -9999.0 -9999.0 -9999.0 -9999.0 -9999.0 -9999.0 -9999.0
-9999.0 -9999.0 -9999.0 -9999 0.022070778737479962 0.025451459224066563 0.050145748315634335 0.05681118695076163 0.06270893781274611 0.060244276747210765 0.03732004615316951 0.045011366402757075 0.04408741061188882 -9999.0 -9999.0 -9999.0 -9999.0 -9999.0 -9999.0 -9999.0 -9999.0 -9999.0 -9999.0 -9999.0 -9999.0 -9999.0 -9999.0 -9999.0 -9999.0 -9999.0 -9999.0 -9999.0 -9999.0 -9999.0 -9999.0 -9999.0 -9999.0 -9999.0 -9999.0 -9999.0 -9999.0 -9999.0 -9999.0 -9999.0 -9999.0 -9999.0 -9999.0 -9999.0 -9999.0 -9999.0 -9999.0 -9999.0 -9999.0 -9999.0 -9999.0 -9999.0 -9999.0 -9999
-9999.0 -9999.0 -9999 0.034192110092452106 0.04312315708231437 0.052070559675425884 0.05525324362749465 0.0513904919401741 0.047176360025607295 0.0390129754548961 0.03410750449226276 -9999.0 -9999.0 -9999.0 -9999.0 -9999.0 -9999.0 -9999.0 -9999.0 -9999.0 -9999.0 -9999.0 -9999.0 -9999.0 -9999.0 -9999.0 -9999.0 -9999.0 -9999.0 -9999.0 -9999.0 -9999.0 -9999.0 -9999.0 -9999.0 0.015653361983801725 0.007563771183858634 0.0063956128061389336 0.004391565372625564 -9999 -9999.0 -9999.0 -9999.0 -9999.0 -9999 -9999 -9999 -9999 -9999 -9999 -9999.0 -9999.0 -9999.0 -9999.0 -9999 -9999.0 0.03288851467753778 0.03396010526754368
-9999 0.025613030864670566 0.03190648322340337 0.04427132775271371 0.050774891281870085 0.05603009216606757 0.05097050709084627 0.039787640016984045 0.03565113277482493 -9999.0 -9999.0 -9999.0 -9999.0 -9999.0 -9999.0 -9999.0 -9999.0 -9999.0 -9999.0 -9999.0 -9999.0 -9999.0 -9999.0 -9999.0 -9999.0 -9999.0 -9999.0 -9999.0 -9999.0 -9999.0 -9999.0 -9999.0 -9999.0 -9999 0.010233354945856338 0.01079080708505009 0.009579126056010832 0.005795181715097797 0.009715247026165707 0.007367399126047539 0.00972735315591681 0.016594670009833716 -9999.0 -9999.0 0.014563270959609301 0.018267396068614647 0.011241580686571067 -9999.0 -9999.0 -9999.0 -9999.0 -9999 -9999.0 -9999 0.03565866854805907 -9999 -9999 0.05164389751743765
-9999 0.03318253544370835 0.048541928794423865 0.057448473838057214 0.055601313968876555 0.04593808734517888 0.0424472733201975 0.0351354691662425 -9999.0 -9999.0 -9999.0 -9999.0 -9999.0 -9999.0 -9999.0 -9999.0 -9999.0 -9999.0 -9999.0 -9999.0 -9999.0 -9999.0 -9999.0 -9999.0 -9999.0 -9999.0 -9999.0 -9999.0 -9999.0 -9999.0 -9999.0 -9999.0 -9999.0 0.004516374394008826 0.018279426383122292 0.025234718847136687 0.021295052427644852 0.00913289167545199 0.029375588104967217 0.031979654213854264 0.03012304570152649 0.014921193720559443 -9999.0 -9999.0 -9999.0 0.010402807202978186 0.011182878789410312 0.018005739275249604 -9999.0 -9999 0.028887156448740327 0.028880416023433945 0.014414921768055589 0.014167631693356114 0.01957014297238547 0.02018010134049425 0.018270358138119808 0.03668241982862099
0.03132026598195775 0.03483588927986114 0.04303145828776359 0.048970352349284534 0.04411130800976737 0.04030811646808923 0.026375247235021965 0.03293027044835033 -9999.0 -9999.0 -9999.0 -9999.0 -9999.0 -9999.0 -9999.0 -9999.0 -9999.0 -9999.0 -9999.0 -9999.0 -9999.0 -9999.0 -9999.0 -9999.0 -9999.0 -9999.0 -9999.0 -9999.0 -9999.0 -9999.0 -9999.0 -9999.0 0.003070824877407626 0.011563334189208137 0.015317064878979755 0.017361088091023012 0.021109422943814463 0.022260363424780463 0.02650561524600859 0.022488922527552767 0.015094111136477923 0.013493054342873533 -9999 0.010198977359131322 0.013397386878338831 0.011033275932705425 0.011485019077528937 -9999.0 0.01667306385575621 0.016650863433690325 0.010959180329228194 0.012803027264766866 0.014917483280447763 0.06882304938661189 0.049944562015518564 0.06819286271291226 0.022431560341878008 0.0733825435250499
0.03372871395881297 0.0272715190513215 0.02831096402231492 0.04009704032996425 0.03924939034072409 0.035028587255897206 0.04442274848260811 0.02649624599473074 0.02566975776676008 -9999 -9999.0 -9999.0 -9999.0 -9999.0 -9999.0 -9999.0 -9999.0 -9999.0 -9999.0 -9999.0 -9999.0 -9999.0 -9999.0 -9999.0 -9999.0 -9999.0 -9999.0 -9999.0 -9999.0 0.012224104895718367 0.005328953949133654 0.013886085170570613 0.011583736133696496 0.0255129174396766 0.02309128861680128 0.024326418055805904 0.024505101373284804 0.031604864535582394 0.034534453826758627 0.018999614377611097 0.00875419690849184 -9999 0.012536594287116143 0.01088347462076459 0.03651046728464696 0.042534500208465914 0.016433822577874943 0.01334798819634206 -9999 0.015725139351512762 0.01868960389733567 0.022311489153617657 0.03253567477828768 0.06268738786927265 0.06690738121031566 0.0669370482261884 0.068064457692624 0.07380006785853559
-9999.0 -9999.0 -9999 0.0473330611590499 0.03032791476985464 0.031607783598167634 0.029311260294117077 0.024528457669544475 0.028290553769070307 0.036792120501130586 0.0477724480899434 -9999 -9999.0 -9999.0 -9999.0 -9999.0 -9999.0 -9999.0 -9999.0 -9999.0 -9999.0 -9999.0 -9999.0 -9999.0 -9999.0 -9999.0 -9999.0 -9999.0 -9999 0.01326434640830127 0.01805740886059818 0.03202027285514664 0.02994333246288604 0.030167759835453146 0.025474740639266667 0.02913962253564532 0.026782417843137018 0.03003083798544914 0.029727896672787052 0.0345565851941636 0.062365969030990766 0.02944062690069314 -9999.0 0.018370720947962327 0.016039900839364504 0.04914468549847014 0.04798033493447285 0.044307728451893305 0.051352965841415334 0.016538054846221107 0.0547231959485027 0.07169941860056842 0.024322102753883447 0.06776134585590701 0.07358622893847365 0.07176356433736805 0.06837185245961513 0.07036777825921436
-9999.0 -9999.0 -9999.0 -9999.0 -9999.0 -9999.0 -9999.0 -9999.0 -9999.0 -9999.0 -9999.0 -9999.0 -9999.0 0.06936895969285506 0.09744335315791398 0.06792734177376265 -9999 -9999.0 -9999.0 -9999.0 -9999.0 -9999.0 -9999.0 -9999.0 -9999.0 -9999.0 -9999.0 -9999.0 -9999.0 -9999 0.0165385436700021 0.027438455910502407 0.044446507074128 0.03608273827352925 0.03713981185896993 0.03758560370242809 0.03887366810863136 0.04242076670342808 0.038607972821848704 0.038181285684752805 0.011315515133512323 0.02720979031045814 -9999.0 0.01316483010215335 0.018053213669419577 0.05190002026419875 0.0533816351498118 0.05626015450869435 0.06341378870532265 0.016131539123437694 0.0768256291920057 0.07311936366362483 0.06542911142299355 0.06573842630348747 0.059702109779036554 0.08797528708708977 0.06676683301778051 0.06885162013203863
-9999.0 -9999.0 -9999.0 -9999.0 -9999.0 -9999.0 -9999.0 -9999.0 -9999.0 -9999.0 -9999.0 -9999.0 -9999.0 0.04656607389111901 0.052202395990486636 0.04832100210639397 0.05679489803394383 0.0782955583827811 0.09814470983926699 0.06164976782038103 0.057937328309028514 0.05491670719652291 -9999 -9999 -9999 -9999.0 -9999.0 -9999.0 -9999.0 0.029586090817860816 0.017326057222930066 0.012740203418517193 0.014239337138522754 0.04020132960151828 0.027537285874328188 0.022498620965503806 0.054528971894998335 0.026563172863907615 0.0440821124557952 0.04066217693961907 0.034549208376486194 0.02660369395111625 -9999.0 0.016421144249737885 0.040507902651638936 0.06509526643847072 0.040962133768739674 0.01279038214814889 0.023235733812444887 0.023017632610208463 0.023485736593036675 0.08134335135538583 0.0647939202018004 0.06867683879700734 0.08201623765174951 0.0806413771649472 0.08288311955226339 0.06988339286770764
-9999.0 -9999.0 -9999.0 -9999.0 -9999.0 -9999.0 -9999.0 -9999.0 -9999.0 -9999.0 -9999.0 -9999.0 -9999.0 -9999.0 -9999 -9999.0 0.04793862511318941 0.11708926177658004 0.1430710932158999 0.10637800212403811 0.0746989602413479 0.06979651567880928 0.08838821146738322 0.0942002506502228 0.035987893351089595 0.019577214457608256 0.007275845702073437 -9999 -9999 -9999.0 0.029382537080517714 -9999.0 0.0271508315195324 0.01196496280510758 0.009623832531047259 0.044585689196243936 0.05383556534883987 0.04405351528219509 0.028889521228663877 0.03640800059738777 0.04413559727238101 0.02743200902650305 -9999.0 0.021761906755081963 0.012057492548204804 0.012269183446055204 0.02608323324602714 0.021670006532156404 0.019435203411030347 0.025515072951360677 0.024266736916524832 0.07230136201456581 0.0676430562446971 0.07111496632225059 0.0708044024443833 0.08375452334611806 0.08605628567171793 0.06940303121396393
-9999 0.03174813497299724 0.02896483725482643 0.0351559480091363 -9999 -9999.0 -9999 -9999 -9999 -9999 -9999 0.06438787597942348 0.049883155673515936 0.04993533618228819 0.04200948867872635 -9999 -9999 0.060767788813477275 0.12814012494499732 0.13205652953813074 0.13475383526101448 0.1312170368300083 0.12049149617971128 0.09354304263615162 0.05186356825959278 0.03839203835875244 0.03211943217566981 0.04862185486136334 0.02747724147877499 0.028552677627983723 0.013897626209134 -9999 -9999.0 0.014248801810599848 0.01127387270785213 0.0462592638732947 0.02851345233414318 0.05367324101821654 0.04232452790385378 0.0397583432791185 0.04618447787751228 0.023165049915483637 -9999 -9999.0 -9999 0.02109406214543577 0.01655105523325113 0.02360347197470241 0.01901074093190799 0.03172945608008883 0.038344857099966864 0.032105889080255016 0.05988346445513762 0.05934363108481181 0.0710762644547013 0.10272928896090851 0.10825078720626959 0.09117968600359777
0.03929673042585448 0.03526513078443446 0.05306001618328394 0.05294062617212954 0.030555287208248055 0.05357543574066552 0.04907360995984481 0.08997856478259032 0.09525509804675544 0.06107837191171658 0.09324550047090809 0.09050344054178594 0.0918774643828371 0.09213649775281897 0.07305591755340629 0.07231496844901741 0.10437274982294427 0.09401936721981705 0.07970242616305873 0.08174019965186967 0.0807989291314939 0.0585180170208438 0.05802772337577344 0.07471078876098726 0.06391480861477748 0.06872042720940856 0.05974990406398695 0.0633410043848963 0.030924654932366118 0.05019532308845442 0.06466944845199862 0.05884910757105367 0.06413761537791164 0.043820753074082605 0.04008053546332249 0.051263474402509564 0.03097881100287979 0.03326150840906598 0.03685049821934804 0.05212602328788076 0.03713154923220598 0.05074647003010754 0.013921985747606823 0.034235440719852704 0.0698457014781233 0.020975715018740078 0.06313075288272332 0.0788118599653659 0.07699079333301241 0.06802489031906728 0.02765728342849117 0.02853962531994402 0.0602028396282252 0.0677316753288937 0.06696516599841489 0.08237816819335118 0.09286652356695406 0.07339797976844838
0.08577117496995453 0.06434343000107054 0.07403665568329043 0.07825731193556994 0.05106309480971805 0.03314396305273909 0.08518344042586383 0.10273685077839595 0.10950387929428182 0.09460632489322807 0.11332233238331342 0.09642870527651208 0.09329771119882752 0.09471287764603832 0.10286565890450731 0.05998684717606561 0.09639884180911837 0.09871398202037447 0.09102136169400867 0.11927436770747728 0.1090102399132873 0.06825605880845369 0.07750245375563783 0.05612069739885067 0.055805688564488615 0.08641714337589157 0.08888128791890831 0.06963075780748125 0.077557261450238 0.07810957074882814 0.08115448164849907 0.11763654402494955 0.10558189856674692 0.09049956402978507 0.062351973667346454 0.08464547157988837 0.06459869357332407 0.04400273697239748 0.056599315790616014 0.043267187258817175 0.013764615054835866 0.013251598235224269 0.020527406325276876 -9999.0 -9999.0 0.021436086240193736 0.060986031779889496 0.0624011173855535 0.07237975381183427 0.08419774375388606 0.05942756272109294 0.060151028087987606 0.0560525430039834 0.05157241587601566 0.08729857231162604 0.08543277789572708 0.09240370375785181 0.06750815605294093
0.05941707197292373 0.03382230549459155 0.07836606658027684 0.07933890630645495 0.07691981651042162 0.0932538224450483 0.10654318083467423 0.12708204833197922 0.11848042301292534 0.13576078046656365 0.10609100000793234 0.08456601089803932 0.09843247573251498 0.08243249684649731 0.08642901020314814 0.08455703076989378 0.08986315480932865 0.11191282565945525 0.09544734785116334 0.12536624550433542 0.10025369878332978 0.0659236560279967 0.06194125734376467 0.05818451503642906 0.07347817507873838 0.10048212665433581 0.10039705055789344 0.07471931486524218 0.07609854071763904 0.07766969615529769 0.07113305048864156 0.07432370449818386 0.06400110087021565 0.0511517180734596 0.02891044528578475 0.06559615935583048 0.0517230635476198 0.02159605416572697 0.05541110113540763 0.03787560713422346 0.016366490470366965 -9999.0 -9999.0 0.019517380223554447 0.019164158899599774 0.021823238671164542 0.05258763528609133 0.07345125430899603 0.08649233496883761 0.09589453119607093 0.09767864404179968 0.07211308531569485 0.08519372837023705 0.04323151467048004 0.08671193809549016 0.08720285763185383 0.09400024905038137 0.08464743736352019
0.041738589679257664 0.045627182786582815 0.06390844384876511 0.07232316341513799 0.060737728957441124 0.050304512360499085 0.08331082288533391 0.09404193254271595 0.08680686401148004 0.08011873398972265 0.09170769861712821 0.08784384141631535 0.09511738721357604 0.0937792316888276 0.08982317009551315 0.11445959383768756 0.14016918470590622 0.10827408557584155 0.09280114999844385 0.11078391981645024 0.08033342537456528 0.13037762431313124 0.12347902117080653 0.1166449112799938 0.1505867533927201 0.13445320739109679 0.09989358515742683 0.08395143806413896 0.04004678831358129 0.038179090962769974 0.03739440924256804 0.04193836674845752 0.04808951640634945 0.04369474607473096 0.03826696183474434 0.05869272460211627 0.051299741147208214 0.049418370883557154 0.07575959797171211 0.041849942538579814 -9999.0 0.029139699171286382 0.02388673665298681 0.01809192975311212 0.08419604280347244 0.06676764110363573 0.0803168731558358 0.10018450416992203 0.1075394298895669 0.10754040190952488 0.10649335440289236 0.09539102683155334 0.08560635073919966 0.09648777929668097 0.09161550411034965 0.09415245778048818 0.07735936760232552 0.08498862966857784
0.05873719970571184 0.04988342020611314 0.08294574399642515 0.0917737815684633 0.10418738343188866 0.06077633406195383 0.05558957786777857 0.06276028811641789 0.06001599830568027 0.07226879120126929 0.07209620206481357 0.08930590878895717 0.10264378531150498 0.11964793489858615 0.14675504410231993 0.12302420578110243 0.10162347962494225 0.11214950102014799 0.11188785542605 0.15166975287557566 0.15177889454583973 0.16119929245498113 0.1283215034037665 0.15833801480106546 0.12305106107410776 0.07127491895733216 0.051992551061873886 0.04390427423390418 0.04856079760671059 0.047411635230757865 0.04465978933224384 0.04078790962704375 0.04245982511670146 0.04393251494074961 0.036565255217884514 0.05789128026442587 0.02243723401982477 0.02494828734780067 0.024393786702652773 0.04570847825864148 0.04064458916649203 0.028529342161921493 0.058478628422378255 0.07243169015563838 0.050968988379900895 0.05426841521055218 0.050317706070220646 0.06667767669452856 0.07391108714610105 0.07040763375376102 0.07069680810481768 0.07666758971971636 0.0792211198109089 0.0786215356661364 0.08526634898062962 0.08864934541677474 0.0839090948436574 0.08815970593819875
0.06343795513680746 0.08174102484405366 0.0772809739664191 0.07705006850742424 0.08222384182206528 0.07848786805892383 0.07981937108018981 0.07515314286632653 0.05146747810989633 0.07549563234135541 0.11897756278682003 0.07929817069986174 0.11882032057798571 0.13407092743811155 0.14182257956807337 0.11928907345105363 0.14974426461975843 0.17708686552307934 0.12610272637264225 0.14934162002282023 0.14592191689866552 0.1608443055275277 0.12396494144260299 0.0884545647549009 0.061525745775694876 0.059398493446102166 0.07134685601952456 0.06580294161257504 0.05046392102088826 0.045794701962999396 0.04984596376757772 0.05070188883878318 0.07920175868095544 0.060944863098895984 0.0631958460019614 0.0670349859385834 0.05897850713345324 0.05248168084911568 0.05161214539264025 0.05056860585307276 0.062268181893997444 0.06972695392483219 0.07001131209006381 0.07331291193246749 0.06549228811240292 0.07617972811829189 0.08545514616579965 0.08234296815964404 0.08804198488478672 0.08575446967870802 0.08128908214555741 0.08206252102907327 0.07911626671892724 0.07898921371179546 0.08987406493998916 0.10792915526141356 0.09134970842091321 0.11783935911554567
0.050599768165886544 0.06371846570059642 0.08326587115187838 0.0872830969488063 0.07512267757535152 0.054487962276567305 0.07512831389559085 0.09885467405841407 0.05489875919988833 0.07163260770973963 0.07035436494296875 0.09411447124366251 0.12542351710203362 0.15273190126969768 0.15355203058772307 0.18414224299760398 0.19668872478880048 0.18313937102431999 0.20447023434084535 0.16938312519463086 0.12079133224798394 0.12039212280625844 0.05766649411958741 0.049154718923438714 0.04884091424701069 0.07209752901168735 0.06912677215379157 0.09485386945893776 0.04842184070026152 0.0447270137791213 0.043092634298831096 0.06292651789982891 0.04168350292918028 0.08280980892076704 0.06033896706568513 0.07544684583984965 0.08892339609112464 0.07258111246350568 0.07104473989288165 0.07995997347992562 0.0769144959200355 0.08152191809970796 0.10988710008748517 0.11981929997948579 0.12727076374709345 0.12261243310006606 0.11671757733891933 0.09343739037335108 0.09319580839866934 0.09558936772392788 0.11210367415548629 0.14628507574827615 0.109725054097731 0.10182750813779651 0.09847271389323624 0.11626583528197133 0.11006660153620099 0.10850057286180374
0.06836841165100996 0.06800842720845565 0.074385859548572 0.08514168256344401 0.07789365840926671 0.06539355446778544 0.09199435534704989 0.09422535431955259 0.09930699339212912 0.07199494856450475 0.10131474556659086 0.08726574273578622 0.11487049761620173 0.1481373204223949 0.25716809667360774 0.22631329909452877 0.19154961547506447 0.2051078548212115 0.16394631307242313 0.14154761755034906 0.09548819905801376 0.0821814728726031 0.08476171960137671 0.051735981346786176 0.06705427942062242 0.06148082530897873 0.08790634238647953 0.07152940607227938 0.05955025084170165 0.04973663395893865 0.08217612754308376 0.07177639441464277 0.07752926166259694 0.0889639238700369 0.09745749237386568 0.09327983810063276 0.10045104620546316 0.08015769072509218 0.08005603249435818 0.1019451802133741 0.10317809964322795 0.11376795373293919 0.11585830415485104 0.12972339057809115 0.12527562356349123 0.1295098115989602 0.11779995470044934 0.13235110531148545 0.09144137752642215 0.10391618102484373 0.10885858997289875 0.10464388497816463 0.1145638605528381 0.10781022491461033 0.1052137923011466 0.10342543652964332 0.10432664088116443 0.10140624689945575
0.0979640856114361 0.04871862485412136 0.06901108396569568 0.0821256727875008 0.0709328619506337 0.09028200729959415 0.08386077321645956 0.090077452238533 0.113886789192891 0.10252225073381577 0.0720564973614819 0.08286395219205535 0.12165425749903955 0.19671960671930117 0.2554506209176284 0.20809737901099434 0.1575544035935982 0.09966972018908561 0.13501982331752388 0.0689371646702466 0.10472767737764127 0.09419968307305153 0.07594590366319191 0.1039911461387388 0.1077729128665257 0.0354748469009906 0.10887370808713129 0.10627128092906817 0.08254710890743469 0.10974137905003042 0.08153756065823307 0.08558603202823126 0.04276116816266316 0.08565621210000987 0.08763645723428012 0.10172123384851464 0.10051502329053301 0.12150643781672561 0.0712642543931941 0.07107486128871067 0.08327899143448772 0.10852932243592715 0.11473660302023815 0.12847106837324154 0.1396974423624509 0.0994401046643563 0.12041126359718857 0.11443202685544378 0.11378654187888103 0.1214856840680604 0.12122236087852434 0.1163227651863566 0.11346371009508639 0.11624530756126973 0.09706719783328899 0.10369280975591759 0.09757827959259296 0.0942907641580022
