Model Version1.4/trunk/output/1999/fgw_rec_le_nat.asc
ncols 720
nrows 360
xllcorner -180
yllcorner -90
cellsize 0.5
NODATA_value -9999
[rows 52 to 77 of 360, columns 464 to 521 of 720]
0.031980519282305074 0.06457290646070216 0.046060465585436014 0.0852148538468397 0.07840525754557531 0.09197471468813562 0.08332767054688851 0.07934086023121772 0.09321178187779847 0.09553867033929662 0.09255541176311465 0.09191191998759093 0.12016231956527183 0.16097011702768407 0.23409165943668983 0.19166132077513465 0.12505029263772263 0.16099670274289402 0.11792377385614879 0.07273235976104335 0.08581506029910295 0.0795749589378449 0.04311270836155425 0.09971650058012024 0.11408372496419586 0.11110286932890796 0.10587358427546642 0.11794811884028075 0.09140018014343938 0.12751896523976303 0.10366869915257998 0.08904383695131629 0.11944846864184394 0.12718679879308759 0.11221074073364917 0.1112388008814055 0.09317710422449989 0.08712851159721892 0.0866941584024122 0.11165984494227271 0.10604927160610964 0.10890229394016507 0.12732431843053907 0.13119097207308447 0.12044325121312029 0.11779153943042467 0.10468583196818027 0.1220809411614295 0.12972180614711393 0.11330268093865703 0.11299619313223022 0.10410397991165252 0.12610763003048558 0.1244219826757409 0.13493607419829132 0.12866490026493363 0.11136861274273184 0.07827094640827807
0.022848452784705625 0.028148530611904532 0.061697050756335206 0.058603309948882534 0.05981161589927798 0.06960459404141521 0.08246873284991023 0.0647765994367588 0.05420616141260654 0.07811050693785612 0.06289612632771634 0.07790868530932722 0.07782857387782885 0.17657394770397708 0.23613687847915926 0.18831506298826747 0.15327269133552243 0.1782229509183911 0.080365910426499 0.11299127193446665 0.059330150142094626 0.05091270517608226 0.10799659067446422 0.050966134401301065 0.07100557689118284 0.10865625982565047 0.09905338770530021 0.08265216575635363 0.13708205749509494 0.14553573156789615 0.1303962860045958 0.10584520041220025 0.1394540308434166 0.1432567138432512 0.12736738365457773 0.10139718745980894 0.07490883208245656 0.11991714499618614 0.07362474551227148 0.2018042452789009 0.11085399734041941 0.13503016976612955 0.13776399584842547 0.15078382632843546 0.14312949818054185 0.15754814633596984 0.15101624843137712 0.13500862131636004 0.15498271905916508 0.12718874649259385 0.12069308050489123 0.11645763239553085 0.1313495439236548 0.13938294724331474 0.13589227126038234 0.09021764535354865 0.09356028168562477 0.08963749642731994
0.02630808401312207 0.023829168270375976 0.019792060333019324 0.03999653124123641 0.05099112271760104 0.062328167739744936 0.0742980432136804 0.07427562017240621 0.10386873164158364 0.07827415954546686 0.043977373124611016 0.037415763238371764 0.04492343459183468 0.0912743430608495 0.13361538353691424 0.1860565198065231 0.11257146655178793 0.10301777711564856 0.12492421998953063 0.11643193553119237 0.07286741986424589 0.11743114003602564 0.016048339217458955 0.025966623296677312 0.05157543910880104 0.05493525920408823 0.07350867757305649 0.06538345486986272 0.03131230675875291 0.05333951947297669 0.04008839830230615 0.11953293348273618 0.12822719987289535 0.10356717937420894 0.12070535963532887 0.10945625801948064 0.11424971063140975 0.1242164455142162 0.18176871230051309 0.12409646842432191 0.14631916879330592 0.1250088515748571 0.1520126731498009 0.16203210035600255 0.17729392872859057 0.16750213194270658 0.17182657979376584 0.1563343137511779 0.18827799437791287 0.15174626982841316 0.14675250811425225 0.14294254700865536 0.14259281759217615 0.16439142980226729 0.11847757148780158 0.07722064636204848 0.08724195689832225 0.09681647920312578
0.03840900713293136 0.02125242015299532 0.019068798679308118 0.018296816258128856 0.035174419297830495 0.06069967921470803 0.06193878773957748 0.05542251226694969 0.06893664469063418 0.0803641067494251 0.08185787650158101 0.05453564667932211 0.0651899456995659 0.0842284828510218 0.1029837826568357 0.1898971017106996 0.15431497615320333 0.1367548144117053 0.03507848645398035 0.043881917045930655 0.030213694397290658 0.024179080928056297 0.023086411821465622 0.017198223166481754 0.023928939859659052 0.030687706697963103 0.04016017400597351 0.07726485697577772 0.11815365490212117 0.08018464083868604 0.08622936848913658 0.05914101944524247 0.05359339357503877 0.05313416522469528 0.06932895229194697 0.08536064489529553 0.16605386814565662 0.08122735232530845 0.06896135911022487 0.1484823627523188 0.13695459372242727 0.16421920346215385 0.14945100832678493 0.15547448257966634 0.16416914130128035 0.21439280627690183 0.20449599461740028 0.11560244577688152 0.20029781269362198 0.1305441471569795 0.10907513916563859 0.14453174267296848 0.10979047066285375 0.1178877408475157 0.07714748377727801 0.07398918757757979 0.09122231487072172 0.13047322290196056
0.02096489304665653 0.02291864461328002 0.023989760067639535 0.028852609385465376 0.030636784536657677 0.036131332655619144 0.061546299325441346 0.0628407852815305 0.06259197526620118 0.04458468191962003 0.056042528619527535 0.037407740118926926 0.037995133453953174 0.1036293971176376 0.15493963904680788 0.12360485363627899 0.15031292093275342 0.0474437063475107 0.022196768674402057 0.011880377363961123 0.010595854827189988 0.024260482924032722 0.021095818669544207 0.022506896177883644 0.02420570436886735 0.030038640892836532 0.03594328172105089 0.037406446195929026 0.07529499704773673 0.04432931740980858 0.0839055540529778 0.0687489033799879 0.039986233818988526 0.041733323369254394 0.054908954679459505 0.05238456766146913 0.043809547341301255 0.05100126344432187 0.1406411229833079 0.19915327406327504 0.13061773853507339 0.23153523662479758 0.24537383564086063 0.22650375222625937 0.1604933240962898 0.07716497182763635 0.12364278992440861 0.19767127764261996 0.14959123140365113 0.13571994907510238 0.16906595995152704 0.07416626564979038 0.09087227916634905 0.08536756865500937 0.06030640742032605 0.09054378689090804 0.08039697802272361 0.05909992069272936
0.023894155716024736 0.018676859264165374 0.025044099953609816 0.02778398820692971 0.028858657604164333 0.03477322480555715 0.039088871794850585 0.050821829010872704 0.03985446885073518 0.042920207311930615 0.045660601756016175 0.05437149808743921 0.05745179103348235 0.1428470313537467 0.12780698797976267 0.06115726978724712 0.11737995494674837 0.023262156317081728 0.0074080894303435755 0.013361685989399264 0.022608162643028843 0.019541971472649602 0.016497656182287043 0.0232469493433364 0.026571650650033963 0.025487901433152466 0.030942316360684126 0.03559986107045665 0.09017725283516555 0.02371712191551068 0.11836592881553731 0.08756765534510927 0.07214556970898926 0.082090811183317 0.10661704131817244 0.07921335960673381 0.08899948481364786 0.10355415364905463 0.07365758617792582 0.10904754593012955 0.09735486055781661 0.10354251149910862 0.12348328710754468 0.10405526102057067 0.10882149481087977 0.09354830052113006 0.0967284688241155 0.07528070149359661 0.07912602410641112 0.07194413383065809 0.07852802760189062 0.06961169469915371 0.0748051051361363 0.09545681378776621 0.11145980091768022 0.06800025014942512 0.06267921494720284 0.05151598755464752
0.05178301212747838 0.04478697528951855 0.02159321440502538 0.02171705186903962 0.02671515928301145 0.032360545648531046 0.03838885789434301 0.040579745896092395 0.04838271561833718 0.055654149346578405 0.101081376131362 0.09334742547905077 0.09392883694036015 0.09862226047731802 0.13876899787753805 0.10332188329864185 0.08239359473415302 0.025297322560003336 0.011443274748668863 0.01660324299002107 0.021774632719470922 0.022541479818794282 0.015902476449293216 0.01783788168234087 0.06034129267794386 0.06583982763112606 0.10770031130606678 0.11143156676808601 0.12810496904591653 0.03311064363337958 0.10405347883447955 0.07313402186820339 0.10986386130044193 0.12064475704435633 0.11213815253925373 0.09897014870633632 0.1059330787501487 0.1055311304919598 0.08254535119839798 0.07523907443809591 0.04354157817664492 0.08430884260922768 0.10559953259827089 0.06729405257164095 0.04161012130587596 0.045744689910359994 0.03349134558151725 0.09667133278414654 0.05621423579337117 0.09153009392205097 0.08402774479029199 0.08336366018523172 0.05912406568537359 0.054915364109013536 0.05285989260089909 0.05109079755086725 0.04522891689704081 0.042535583692553385
0.05158387695047288 0.0469307591357163 0.05072900000491263 0.02944766021026574 0.017962098371710915 0.019141220357428237 0.019779243911187662 0.04304146010262622 0.04822522658679026 0.05023838607002316 0.10416967256513347 0.11546187491658878 0.07511859299739776 0.10019142378656055 0.16413397887808326 0.10911616691649761 0.08556364867957696 0.038057880295389805 0.02848716727176425 0.016221037890410937 0.009788524802600404 0.011029790570819804 0.005305349235878352 0.000914861867693155 0.02027674220061039 0.03352869095901371 0.05793408080998764 0.021760810285747053 0.08567244346794531 0.0953722473724345 0.10340683234251567 0.11285577414716703 0.08999837682313384 0.1003923458506523 0.07997784476281612 0.07172914530664151 0.01090008975694835 0.005714135745653011 0.0466962367704505 0.009562041209102106 0.010299147296085378 0.047722244008849335 0.023369468356491407 0.020415324095131457 0.02203910612772803 0.010160605804268445 0.008132744232848087 0.011041631794123763 0.0056304101944964465 0.00952911739880963 0.045052849751017955 0.0632806816375127 0.0473977063099608 0.04119458750203693 0.031253183246774 0.024364524053549733 0.024573033974712215 0.027605528522787824
0.04817832741113186 0.05836711610373599 0.053023240409323755 0.05169526759279698 0.03333794448978804 0.026343201129190953 0.03777200676739897 0.04725368601073406 0.07679553157200807 0.08626393021579291 0.10168805693391797 0.13443692717413697 0.10119137496953441 0.11844824100595404 0.13318620873830198 0.05297169607255176 0.06574750929721943 0.03509328180921574 0.014881019164703675 0.01038200403954864 0.019611714500179976 0.0015008988889792182 0.0026203801394856577 0.00032195289541571187 0.0005244139131864495 0.0035814024170167315 0.0009618920297101381 0.0021017059463381087 0.02846607938551379 0.0754687812075449 0.07237084124875205 0.08653823165760399 0.09664862484152784 0.09209023547029938 0.05483818792004061 0.00983975511156905 0.09385354871322536 0.015086525916596734 0.09631030637158709 0.08717209753949345 0.01595345451609269 0.035228841750984195 0.017326804508805343 0.015128241763111385 0.012383064369963583 0.004155033029936951 0.006480577914200251 0.04587710677887483 0.005669053942230427 0.04824567121627478 0.004268546166613566 0.007528336270189317 0.009322225303278154 0.03205129797245508 0.035437959634982925 0.02793087700141779 0.0175840410527084 0.014617653340519574
0.04573193927238089 0.04788943106460853 0.05241177890688872 0.0644726005130651 0.049877922914509175 0.03702996098359338 0.04485670347303939 0.04885815564583829 0.09707744373716184 0.09453938160564065 0.09803097627354679 0.1265196275240096 0.11799564910081321 0.12273336640999824 0.11370747532173339 0.10987922581592927 0.0524617342511092 0.03395260830780855 0.012185803724402998 0.014811484177506795 0.01273250957026287 0.002144780249651486 0.0036068855578825997 0.0011311673215869263 0.00039423488915170445 0.000449410149695987 0 0 0.0015033564401645736 0.000830393850248632 0.07980984980317896 0.0880290351382031 0.004167402274371733 0.010664609260518054 0.002134619426219866 0.001393473796466425 0.010408027922478575 0.009280425211922351 0.004663267807299455 0.002989058672998998 0.007559439520454855 0.03218403735787179 0.006433603428626664 0.0056121565184196675 0.0066835233690085 0.006014916713059036 0.0035993783177116784 0.017652287275100906 0.01720694242387614 0.022523628794060176 0.02020677576188372 0.017849496695981085 0.008484959917260206 0.009456653332779723 0.008523837090803732 0.022550158315367 0.036652263574070205 0.028068734174073576
0.019329196101192558 0.03879235588367773 0.052049874540935466 0.04936823669798788 0.06785505763166666 0.039059651898134505 0.04221940620938819 0.09639337240155814 0.05355887849677379 0.05956198231110915 0.10206069162778124 0.12376905151618267 0.11264553549070713 0.1505374145667925 0.13417951840604211 0.06909429155714272 0.0685949318328501 0.03515697098340092 0.022216641121768296 0.013095109434312177 0.0026025834321385883 8.670145071937568e-05 0 0 0.00033358492817110567 0.003611602099815435 0.0007988565756303981 0 0 0 0.0017388696947570406 0 0.01875764482058938 0.04043711733593313 0.0002704868446749071 0 0 0 0.017639745020957595 0.014178226211441996 0.031640542431848766 0.03541360476858353 0.036279890836198224 0.03436955623744906 0.001310107519150849 0 0 0.04646740150885105 0.013335877004047014 0.0006192291525046373 0.0002644943032979867 0.0032065635518908307 0.0018655742985395664 0.002073462966176038 0.0012545642654241632 0.0065186696620472395 0.005541048730423786 0.0025266549019263874
0.020844165083190206 0.02057558526743063 0.02394427603644795 0.030883628212801224 0.03211394139178758 0.03690739334104487 0.03961365461243093 0.042882484286249814 0.10286753270306653 0.11436429622749039 0.10889262682411785 0.10367587211927957 0.12410623501310773 0.11924383414488365 0.14691654823452951 0.15610216999516827 0.06298961148781031 0.05597116687711996 0.05752661724097555 0.019931634274056694 0.0008712747224651508 0.0004330704869271662 0 0 0 0 0 0 0.0008960283885899304 0 0 0 0.022475176615220995 0.04656318230218813 0 0 0 0 0 0.029292352398716075 0.03826633082267595 0.03366917489844657 0 0 0 0 0.005510563117633682 0 0 0 0 0 0.005690126827559995 0 0 0 0 0.00277217924654005
0.03415148903702415 0.030855376413963322 0.02379063785858857 0.037594424228762725 0.019360563553895347 0.027817536193580877 0.049909649039276076 0.10172763971770775 0.05834465852292061 0.0504919673917337 0.07834573887674907 0.10338079925983723 0.09961310511908124 0.11300664567053162 0.09417991771812227 0.11395409608878979 0.043761860827327775 0.01763859681834977 0.03278483919383678 0.018308524439519438 7.614732679469505e-05 0 0 0 0 0 0 0.029052841103919133 0.0005426269380252889 0.0002060155778312101 0 0.004934909373449645 0.033771239277219915 0.03233862841363056 0.04307996566637972 0.001070490611878658 0.00044399599635673397 0.0001588537342131917 0 0 0 0 0 0 0 0 0 0 0 0 0 0 0.0004363426135887978 0 0 0 0 0
0.01087566829455566 0.008847524493499216 0.016172730603848526 0.03329051639682794 0.04700734887066694 0.010123147675632696 0.07646697194179507 0.025667795633437403 0.025736827116188268 0.05151198186805196 0.05553448652427928 0.10427578480511254 0.07631449766298615 0.09260309882701132 0.10371042181505899 0.06765898612316605 0.03913139865161113 0.003251852476428282 0.0014003655915480852 0.0010724294103311267 0 0 0 0 0 0 0.0006186271848443804 0 0 8.753203663678455e-05 0 0.002039509623261922 0.00597905801245558 0 0.03971322133771174 0.00045319634692621335 0.0027777743398685714 0.005382173078848425 0 0 0 0 0.00038112692574619647 0 0.0018630213336393415 0 0 0 0 0 0 0.01329669019556775 0.012319759150011572 0 0 0 0 0
0.012082880487143214 0.010908514051473243 0.017621492367442173 0.01634436536866164 0.0178721163229532 0.03719704340150989 0.00208428339663705 0.011195745474328505 0.02056023451858649 0.04905229306673674 0.04945306360725107 0.05051932433434123 0.04997941890602742 0.05194317453883295 0.06617549076026796 0.07755364137796811 0.07527455108494287 0.014978369337285519 0 0 0 0 0 0 0 0 3.8802477028960304e-05 3.542643135621659e-05 0 0 0 0.0004630620957908701 0 0 0 0.003953174359959854 0.002069320323020749 0.0048271256097684595 0 0 0 0 0 0.012259528057252552 0.013429668096711277 0 0.0037913906655494423 0.004697765848197074 0.010317301002390795 0.01748328856007475 0 0.0034022337821760797 0.008975624031302863 0.009710330778403987 0.01448063574208755 0 0 0
0 0 0 0.0006998929051057619 0.006723088461263053 0.011047581256297812 0.0002666608224004514 0.014569702513276103 0.014740523869852072 0.02812170284982665 0.04782468748404898 0.02952283542036284 0.044128433007552266 0.05067045044598759 0.030518203449819297 0.027908678343976975 0.026439845699233876 0.10914035295356352 0 0 0 0 0 0 0 0.00010453816099717317 0.000443795434637244 4.744323142102307e-05 6.949888571840013e-05 0 0 0 0.001954797951568992 0 0 0.0001862630940867197 0 0.002370397118250739 0.00031757232138295303 0 0 0 0 0.0005548499895108132 0.009208918171126054 0.003213010603818076 0.002521674153147605 0.0022362448890692116 0.0028352001984049712 0.002419151390911553 0.007284557702663978 0.012858451609862211 0.010223185504282497 0.011605174851183949 0.03914677226788143 0.039698856189277286 0.014106113526193585 0.003577778451772832
0.0006127366194878723 0 0 0 0 0 0 0 0.003106337403830521 0.06051551688361565 0.021075236939247368 0.01641838353004754 0.016526698212097634 0.024923100398435573 0.03382884311441667 0.0427264506119497 0.019894268281130785 0.03841423539020901 0 0 0 0 0 0 0 0 0.00013817718715781766 0.00028434473984002715 0 0.0002885519713217657 0.0019341065120945444 0.002149256680654223 0.0002265730362028666 0.004201143338789208 0.004047939628682286 0 0 0.0006029420485009024 0.006837386143026786 0.00016057154790945493 0.008654331214379852 0.0056755376665252565 0 0.0004904002057835224 0.005094604528342905 0.002461060681568431 0 0.0007408039583249645 0 7.158882808400571e-05 0.00024022970162031006 9.386306136655233e-05 0.0008270420428219395 0.0013808346029130592 0.0039070695958806885 0.013218014708630594 0 0
0 0 0 0 0 0 0 0 0 0.025042428219382684 0.04259240116044081 0.06789015526295794 0 0 0.006563981471834975 0.0036670381633531752 0.07013753666537784 0 0 0.006043077780384615 0 0 0 0 0 0 0.00013825737714260285 0 0 0.00025764650874018756 0.007228971270459584 0.003938121820864365 0.0044276792819985195 0.0237890853421826 0.005287397981364854 0 0 0 0 0.004928611724172089 0 0.009374438176822503 0.0016587728899702318 0 0 0.0024949522313499044 0 0 0 0 0 0 0 0 0 0 0.0007322142903225552 0
0 0 0 0 0 0 0 0 0 0.024165748161434613 0.05605978949211928 0.00023935716641311145 5.173324289903432e-05 0.12425250106787923 0.00013225590625778994 1.6468844166165476e-05 0 0 0 0 0 0 0 0.005547677050614911 0.006596079540392774 0 0.0052428632702296255 0.005047118650125567 0.009158351924864427 0.008311265441244584 0.01724622372178882 0.02742483552917343 0.017147455720967163 0 0 0 0.0105557743823098 0.03122880478823303 0 0.0015518797370955221 0.005165591924805557 0.007473094898750591 0.002312861742226437 0 7.991062166342691e-05 0.001967203240457339 0 0 0.00016927287447721835 0 0 0 0 0 0.0004734483408007321 0.0019893535213545252 0 0.0026514112582283387
0 0 0 0 0 0 0 0 0 0 0.0002144648450892011 0.0001487774212534601 0.1034056483036612 0.0008007718805605313 0.004698319940505829 0 0 0 0.008525926619206193 0.001527932080202783 0.004887668829039076 0 0.012036557076757241 0 0 0 0.004875062831388745 0 0 0.003484956349040524 0 0 0 0.012753332572141177 0.0077337011376938805 0 0 0.007823384161276516 0.00252364715463717 0.00043820722980469836 0.0035182505926718327 0.002070260512117621 0.002880031850923445 0.001713267525733816 0.0018822450975272075 0.0010220810950921728 0.00038782584410740583 0.0022278746030653706 0.0008838313436203388 0.0005096503635267624 0.003924932991688762 0.003032811578792843 0 0.00021410560059636628 0.0009354805323655835 0.001274319963653392 0.003359094684227884 0.0025081767800875536
0 0 0 0.0007191062700804245 0 0 0 0 0 0 0.00018445782383812962 0.000165997109036705 2.6062246140027033e-05 0.001750009123848501 0.011928114050598343 0 0 0 0 0 0.00511449931187704 0.010211917080643262 0 0 0 0 0.006648362624124872 0 0 0 0 0 0 0 0 0 0 0 0 0 0 0 0 0.0035649935848401284 0.00422165686589913 0.003073361632751179 0 0 0 0.002593563446022855 0 0 0.0014073005436492487 0.000250789956490208 0.0034428488625362196 0.00038395666628072874 5.2234472613095796e-05 0.0021290095028865365
0 0 0 0 0.00016237362020554073 0 0 0 0 1.2438345406386512e-06 7.98108727368429e-05 6.9622178155212725e-06 2.6385030431939204e-05 0.0035842474674407307 0 0.027485603588442167 0 0 0 0 0 0.00024186081633399554 0.009871543125794309 0 0 0.011940619064726144 0 0 0 0 0 0 0 0 0 0 0.02123449617144 0.003811496421702862 0 0 0 0 0 0 0.00575358316485425 0 0 0 0 0 0 0 0.0020415946833824317 0.0025058455572719344 0.0007928267210092135 0.0012685983154008243 0.002155356663006322 0.0024756908421276523
0.0019394087639333568 0 0.002698557841964685 0.00023146879275832836 0 0.0006661875447643882 0.00017266700547385582 0 0 0 0 0 7.968749974455106e-06 0.013228007608856854 0.014428161568568989 0.021284316254904626 0.024191300200594085 0.007687730610818802 0 0.002093772574122553 0 0 0 0 0.004963482444444291 0 0 0.0047069325031444025 0 0 0 0 0 0 0 0 0 0.018331543926579708 0 0 0 0 0.002903950089925492 0 0 0 0 0 0 0 0 0.010850845217766523 0.0078034111603673155 0 0 0 0.0019731328529925423 0.0005600693844132003
0.007690535878360157 0.005796755500562334 0.014451266696850514 0.001640164640213322 0.0007440792858883428 0.0002253480498763231 0.0002136761294329138 0.00037686617952949577 0.0017435747378578938 0 0 0 0.01445513805623062 0.015796689136250402 0.02399914746557974 0.010294768986882051 0.01844721507793916 0.015255412354492192 0 0.004050859315253713 0 0 0 0.001021882759501869 0.0014358165565532233 0.003602833385168169 0 0.022960805661585634 0 0 0.0036573966678520656 0 0 0.00766607588878111 0 0 0.022018601377463646 0.009011324718883294 0 0 0.006319918966229449 0 0.003337280273951089 0 0 0 0.0007805245710916 0 0 0.0034956304154891166 0.005211623287202422 0 0 0.0006403830742405876 0.005300578930380066 0.005595371481376047 0.00048686357271197575 0
0.006603570924832224 0.0025085779875655663 0.005105928266268237 0.003336516024823288 0.002507422459959971 0.0017165008858881301 0.001212311201626373 0.00027388979203406657 0.0018433294008870804 0 0 0.007903527179927945 0.01076369013003459 0.0017643288118460298 0 0.007647521981388897 0.007745208195238847 0.0068049534397595065 0.01765219810358262 0.014430106039001743 0.002322375436210495 0 0 0 0 0.007634570066451276 0.009884035938708732 0.014503787297214833 0.008253308951504333 0.01600360169080969 0.009246844949980218 0.0036790525955105323 0.003389522189637943 0 0.0045678848230365455 0.004036444871944224 0.002453215244837537 0 0 0 0.004778926416418427 0 0 0 0 0 0.017616682790587385 0.011005061660792069 0 0 0 0.0030803411711246903 0.003964204171153671 0 0 0 0 0
0 0 0.0029169954018958963 0.003240514727232784 0.003761274133508893 0.020295046658120455 0.0035620863296212646 0.0036327990205637446 0.01080094190127929 0.0014333641828310477 0.007914231635238708 0.0045585851212449425 0.004282609541295701 0.0025803417397445537 0 0 0.002290956163746108 0.007979725067843658 0.0041240655606472046 0.003421743215143936 0 0.0024290439169845513 0.004088711437274883 0.0042967360115110185 0 0.0011936388101386457 0.003895397522830218 0.01005713760459784 0.008271095727328807 0.00977470400242637 0.008575350792000202 0.0016172523147249163 0.002855391063079422 0.00501437036262756 0.009987789942228974 0 0 0 0.003633738013513744 0 0.0028696175400008757 0.006670867835225839 0.0063494768761490645 0 0.0028831828821343566 0.003476912122698527 0.003543811332217318 0.0028741743279763273 0.00202963684493769 0 0 0.04032511369302664 0.003930281211895099 0 0.002447326074674039 0 0 6.654769301329552e-05
