Model Version1.4/trunk/output/1999/fland.asc
ncols 720
nrows 360
xllcorner -180
yllcorner -90
cellsize 0.5
NODATA_value -1
[rows 72 to 107 of 360, columns 324 to 404 of 720]
-1.0 -1.0 -1.0 -1.0 -1.0 -1.0 -1.0 -1.0 -1.0 -1.0 -1.0 -1.0 -1.0 -1.0 -1.0 0.11089089996070042 0.7780009606567398 1.0 1.0 1.0 1.0 1.0 1.0 0.5196271128522274 -1.0 -1.0 -1.0 -1.0 -1.0 0.04011211656128784 0.9723592856207153 1.0 1.0 1.0 1.0 0.8058054233439588 0.03467543537614745 -1.0 -1.0 -1.0 -1.0 -1.0 -1.0 -1.0 -1.0 -1.0 -1.0 -1.0 -1.0 -1.0 0.24202536425074056 0.3860294487741795 0.1395222916029868 0.6399665953451814 0.8890550630976813 0.9163082398148552 1.0 1.0 0.9447240295183617 1.0 1.0 1.0 1.0 1.0 0.9170833151390769 1.0 1.0 1.0 1.0 1.0 1.0 1.0 1.0 1.0 1.0 1.0 1.0 1.0 1.0 1.0 1.0
-1.0 -1.0 -1.0 -1.0 -1.0 -1.0 -1.0 -1.0 -1.0 -1.0 -1.0 -1.0 -1.0 -1.0 -1.0 0.11067795147317432 0.4708963114002438 0.7493230194948809 1.0 1.0 1.0 1.0 1.0 0.6946898835917187 -1.0 -1.0 0.05953719969328813 0.5007573550830178 0.5292110345125202 0.6955529663074085 0.9444983871141751 1.0 1.0 1.0 1.0 1.0 0.5195076779783242 -1.0 -1.0 -1.0 -1.0 -1.0 -1.0 -1.0 -1.0 0.33436094119170146 0.7787541400999018 0.9723543817630622 0.9723543817630622 0.8064483067395971 0.8889428315586195 1.0 0.9170739338231327 0.9723543817630622 1.0 1.0 1.0 1.0 1.0 1.0 1.0 1.0 1.0 1.0 1.0 1.0 1.0 1.0 1.0 1.0 1.0 1.0 1.0 1.0 1.0 1.0 1.0 1.0 1.0 1.0 1.0
-1.0 -1.0 -1.0 -1.0 -1.0 -1.0 -1.0 -1.0 -1.0 -1.0 -1.0 -1.0 -1.0 -1.0 -1.0 -1.0 0.1670919958835668 0.8608730890845202 1.0 1.0 1.0 1.0 1.0 0.6662436480556252 -1.0 -1.0 0.13865021515295323 0.41579014722114094 1.0 1.0 1.0 1.0 1.0 1.0 1.0 1.0 0.6666177861977127 0.8341322697436827 0.7787363829775888 0.24172528170026625 -1.0 -1.0 -1.0 -1.0 -1.0 0.6668781759721875 1.0 1.0 1.0 1.0 1.0 1.0 1.0 1.0 1.0 1.0 1.0 1.0 1.0 1.0 1.0 1.0 1.0 1.0 1.0 1.0 1.0 1.0 1.0 1.0 1.0 1.0 1.0 1.0 1.0 1.0 1.0 1.0 1.0 1.0 1.0
-1.0 -1.0 -1.0 -1.0 -1.0 -1.0 -1.0 -1.0 -1.0 -1.0 -1.0 -1.0 -1.0 -1.0 -1.0 0.27835264595173076 0.8058950054300265 1.0 1.0 1.0 0.944186708560463 0.8046982908596312 0.6654154761026116 0.17148433564156992 -1.0 -1.0 0.15446243707629148 0.5566515188258491 1.0 1.0 1.0 1.0 1.0 1.0 1.0 1.0 1.0 1.0 1.0 0.33291650411733076 -1.0 -1.0 -1.0 -1.0 0.16724059761922336 0.9446559050219837 1.0 1.0 1.0 1.0 1.0 1.0 1.0 1.0 1.0 1.0 1.0 1.0 1.0 1.0 1.0 1.0 1.0 1.0 1.0 1.0 1.0 1.0 1.0 1.0 1.0 1.0 1.0 1.0 1.0 1.0 1.0 1.0 1.0 1.0 1.0
-1.0 -1.0 -1.0 -1.0 -1.0 -1.0 -1.0 -1.0 -1.0 -1.0 -1.0 -1.0 -1.0 -1.0 -1.0 0.2771115177486876 0.8049651490743782 0.9720931929912364 0.8047618302861581 0.4155132235411877 0.13829900373793774 -1.0 -1.0 -1.0 -1.0 0.30522268620612353 0.6655405933780635 0.7493079341247126 0.9441863859824728 1.0 0.9163317119963298 1.0 1.0 1.0 1.0 1.0 1.0 0.8051736811648602 0.2768550232773946 -1.0 -1.0 -1.0 -1.0 0.27849512816903615 0.7498188377463937 1.0 1.0 1.0 1.0 1.0 1.0 1.0 1.0 1.0 1.0 1.0 1.0 1.0 1.0 1.0 1.0 1.0 1.0 1.0 1.0 1.0 1.0 1.0 1.0 1.0 1.0 1.0 1.0 1.0 1.0 1.0 1.0 1.0 1.0 1.0 1.0
-1.0 -1.0 -1.0 -1.0 -1.0 -1.0 -1.0 -1.0 -1.0 -1.0 -1.0 -1.0 -1.0 -1.0 -1.0 -1.0 0.027651817895871258 -1.0 -1.0 -1.0 -1.0 -1.0 -1.0 -1.0 -1.0 -1.0 -1.0 0.191067150439793 0.4451985995163278 0.5838098724817333 0.9169919508283789 1.0 1.0 1.0 1.0 1.0 0.9446973954922576 0.7639306134063406 0.47300253180222035 -1.0 -1.0 0.2803884624048523 0.612371282865732 0.8615398101406155 0.9169919508283789 1.0 1.0 1.0 1.0 1.0 1.0 1.0 1.0 1.0 1.0 1.0 1.0 1.0 1.0 1.0 1.0 1.0 1.0 1.0 1.0 1.0 1.0 1.0 1.0 1.0 1.0 1.0 1.0 1.0 1.0 1.0 1.0 1.0 1.0 1.0 1.0
-1.0 -1.0 -1.0 -1.0 -1.0 -1.0 -1.0 -1.0 -1.0 -1.0 -1.0 -1.0 -1.0 -1.0 -1.0 -1.0 -1.0 -1.0 -1.0 -1.0 -1.0 -1.0 -1.0 -1.0 -1.0 -1.0 0.38963088035748905 1.0 1.0 0.7769366538457615 0.7211861207749676 0.8883969107399737 0.6654814981074711 0.6102206760051828 0.4432083210055399 0.4709121887019599 0.4709121887019599 0.2767392391115827 -1.0 0.8060285460685391 1.0 1.0 1.0 1.0 1.0 1.0 1.0 1.0 1.0 1.0 1.0 1.0 1.0 1.0 1.0 1.0 1.0 1.0 1.0 1.0 1.0 1.0 1.0 1.0 1.0 1.0 1.0 1.0 1.0 1.0 1.0 1.0 1.0 1.0 1.0 1.0 1.0 1.0 1.0 1.0 1.0
-1.0 -1.0 -1.0 -1.0 -1.0 -1.0 -1.0 -1.0 -1.0 -1.0 -1.0 -1.0 -1.0 -1.0 -1.0 -1.0 -1.0 -1.0 -1.0 -1.0 -1.0 -1.0 -1.0 -1.0 0.11149953816102282 0.5004850571115632 0.5543380055622574 0.35991994791062026 0.5265368133615316 -1.0 -1.0 -1.0 -1.0 -1.0 -1.0 -1.0 -1.0 -1.0 0.08364888123924269 0.9444884691678318 1.0 1.0 1.0 1.0 1.0 1.0 1.0 1.0 1.0 1.0 1.0 1.0 1.0 1.0 1.0 1.0 1.0 1.0 1.0 1.0 1.0 1.0 1.0 1.0 1.0 1.0 1.0 1.0 1.0 1.0 1.0 1.0 1.0 1.0 1.0 1.0 1.0 1.0 1.0 1.0 1.0
-1.0 -1.0 -1.0 -1.0 -1.0 -1.0 -1.0 -1.0 -1.0 -1.0 -1.0 -1.0 -1.0 -1.0 -1.0 -1.0 -1.0 -1.0 -1.0 -1.0 -1.0 -1.0 -1.0 -1.0 -1.0 0.027658347985933505 -1.0 -1.0 -1.0 -1.0 -1.0 -1.0 0.25083469868925834 0.1490483065712611 -1.0 -1.0 0.38984325047953966 0.7259272361228992 0.9446831042199488 1.0 1.0 1.0 1.0 1.0 1.0 1.0 1.0 1.0 1.0 1.0 1.0 1.0 1.0 1.0 1.0 1.0 1.0 1.0 1.0 1.0 1.0 1.0 1.0 1.0 1.0 1.0 1.0 1.0 1.0 1.0 1.0 1.0 1.0 1.0 1.0 1.0 1.0 1.0 1.0 1.0 1.0
-1.0 -1.0 -1.0 -1.0 -1.0 -1.0 -1.0 -1.0 -1.0 -1.0 -1.0 -1.0 -1.0 -1.0 -1.0 -1.0 -1.0 -1.0 -1.0 -1.0 -1.0 -1.0 -1.0 -1.0 -1.0 -1.0 -1.0 -1.0 -1.0 -1.0 -1.0 0.05560252758988964 0.4160802579011907 0.8683440829142168 0.6677890510660179 0.6122829397571299 0.9169682765713382 1.0 1.0 1.0 1.0 1.0 1.0 1.0 1.0 1.0 1.0 1.0 1.0 1.0 1.0 1.0 1.0 1.0 1.0 1.0 1.0 1.0 1.0 1.0 1.0 1.0 1.0 1.0 1.0 1.0 1.0 1.0 1.0 1.0 1.0 1.0 1.0 1.0 1.0 1.0 1.0 1.0 1.0 1.0 1.0
-1.0 -1.0 -1.0 -1.0 -1.0 -1.0 -1.0 -1.0 -1.0 -1.0 -1.0 -1.0 -1.0 -1.0 -1.0 -1.0 -1.0 -1.0 -1.0 -1.0 -1.0 -1.0 -1.0 -1.0 -1.0 -1.0 0.09883383664970222 0.34024601073772787 0.4189067421044326 0.6259438547094924 0.23517161531961128 0.2636237385581841 0.3585437557819631 0.9721569548872181 1.0 1.0 1.0 1.0 1.0 1.0 1.0 1.0 1.0 1.0 1.0 1.0 1.0 1.0 1.0 1.0 1.0 1.0 1.0 1.0 1.0 1.0 1.0 1.0 1.0 1.0 1.0 1.0 1.0 1.0 1.0 1.0 1.0 1.0 1.0 1.0 1.0 1.0 1.0 1.0 1.0 1.0 1.0 1.0 1.0 1.0 1.0
-1.0 -1.0 -1.0 -1.0 -1.0 -1.0 -1.0 -1.0 -1.0 -1.0 -1.0 -1.0 -1.0 -1.0 -1.0 -1.0 -1.0 -1.0 -1.0 -1.0 -1.0 -1.0 -1.0 -1.0 -1.0 -1.0 0.27741586812270674 0.8609539873880948 1.0 1.0 1.0 1.0 1.0 1.0 1.0 1.0 1.0 1.0 1.0 1.0 1.0 1.0 1.0 1.0 1.0 1.0 1.0 1.0 1.0 1.0 1.0 1.0 1.0 1.0 1.0 1.0 1.0 1.0 1.0 1.0 1.0 1.0 1.0 1.0 1.0 1.0 1.0 1.0 1.0 1.0 1.0 1.0 1.0 1.0 1.0 1.0 1.0 1.0 1.0 1.0 1.0
-1.0 -1.0 -1.0 -1.0 -1.0 -1.0 -1.0 -1.0 -1.0 -1.0 -1.0 -1.0 -1.0 -1.0 -1.0 -1.0 -1.0 -1.0 -1.0 -1.0 -1.0 -1.0 -1.0 -1.0 -1.0 -1.0 -1.0 0.3600653792428105 0.44328758706431837 0.7491779592267777 0.9163318500597629 1.0 1.0 1.0 1.0 1.0 1.0 1.0 1.0 1.0 1.0 1.0 1.0 1.0 1.0 1.0 1.0 1.0 1.0 1.0 1.0 1.0 1.0 1.0 1.0 1.0 1.0 1.0 1.0 1.0 1.0 1.0 1.0 1.0 1.0 1.0 1.0 1.0 1.0 1.0 1.0 1.0 1.0 1.0 1.0 1.0 1.0 1.0 1.0 1.0 1.0
-1.0 -1.0 -1.0 -1.0 -1.0 -1.0 -1.0 -1.0 -1.0 -1.0 -1.0 -1.0 -1.0 -1.0 -1.0 -1.0 -1.0 -1.0 -1.0 -1.0 -1.0 -1.0 -1.0 -1.0 -1.0 -1.0 -1.0 -1.0 -1.0 -1.0 -1.0 0.5825234409174765 0.9722037315277963 1.0 1.0 1.0 1.0 1.0 1.0 1.0 1.0 1.0 1.0 1.0 1.0 1.0 1.0 1.0 1.0 1.0 1.0 1.0 1.0 1.0 1.0 1.0 1.0 1.0 1.0 1.0 1.0 1.0 1.0 1.0 1.0 1.0 1.0 1.0 1.0 1.0 1.0 1.0 1.0 1.0 1.0 1.0 1.0 1.0 1.0 1.0 1.0
-1.0 -1.0 -1.0 -1.0 -1.0 -1.0 -1.0 -1.0 -1.0 -1.0 -1.0 -1.0 -1.0 -1.0 -1.0 -1.0 -1.0 -1.0 -1.0 -1.0 -1.0 -1.0 -1.0 -1.0 -1.0 -1.0 -1.0 -1.0 -1.0 -1.0 -1.0 0.10672863654178932 0.9163848248184122 1.0 1.0 1.0 1.0 1.0 1.0 1.0 1.0 1.0 1.0 1.0 1.0 1.0 1.0 1.0 1.0 1.0 1.0 1.0 1.0 1.0 1.0 1.0 1.0 1.0 1.0 1.0 1.0 1.0 1.0 1.0 1.0 1.0 1.0 1.0 1.0 1.0 1.0 1.0 1.0 1.0 1.0 1.0 1.0 1.0 1.0 1.0 1.0
-1.0 -1.0 -1.0 -1.0 -1.0 -1.0 -1.0 -1.0 -1.0 -1.0 -1.0 -1.0 -1.0 -1.0 -1.0 -1.0 -1.0 -1.0 -1.0 -1.0 -1.0 -1.0 -1.0 -1.0 -1.0 -1.0 -1.0 -1.0 -1.0 -1.0 -1.0 -1.0 0.13852978926979534 0.6103521504749014 1.0 1.0 1.0 1.0 1.0 1.0 1.0 1.0 1.0 1.0 1.0 1.0 1.0 1.0 1.0 1.0 1.0 1.0 1.0 1.0 1.0 1.0 1.0 1.0 1.0 1.0 1.0 1.0 1.0 1.0 1.0 1.0 1.0 1.0 1.0 1.0 1.0 1.0 1.0 1.0 1.0 1.0 1.0 1.0 1.0 1.0 1.0
-1.0 -1.0 -1.0 -1.0 -1.0 -1.0 -1.0 -1.0 -1.0 -1.0 -1.0 -1.0 -1.0 -1.0 -1.0 -1.0 -1.0 -1.0 -1.0 -1.0 -1.0 -1.0 -1.0 -1.0 -1.0 -1.0 -1.0 -1.0 -1.0 -1.0 -1.0 -1.0 -1.0 0.3330430157261795 1.0 1.0 1.0 1.0 1.0 1.0 1.0 1.0 1.0 1.0 1.0 1.0 1.0 1.0 1.0 1.0 1.0 1.0 1.0 1.0 1.0 1.0 1.0 1.0 1.0 1.0 1.0 0.9442368177613321 0.5823172987974098 0.8050370027752082 1.0 1.0 1.0 1.0 1.0 1.0 1.0 1.0 1.0 1.0 1.0 1.0 1.0 1.0 1.0 1.0 1.0
-1.0 -1.0 -1.0 -1.0 -1.0 -1.0 -1.0 -1.0 -1.0 -1.0 -1.0 -1.0 -1.0 -1.0 -1.0 -1.0 -1.0 -1.0 -1.0 -1.0 -1.0 -1.0 -1.0 -1.0 -1.0 -1.0 -1.0 -1.0 -1.0 -1.0 -1.0 -1.0 -1.0 0.33333409741069464 0.805779175529964 1.0 1.0 1.0 1.0 1.0 1.0 1.0 1.0 1.0 1.0 1.0 1.0 1.0 1.0 1.0 1.0 1.0 1.0 1.0 1.0 1.0 1.0 1.0 1.0 1.0 0.6110723978581384 0.027675814200836205 -1.0 0.8608477591139148 0.6940191080466515 0.8886846255409667 1.0 1.0 1.0 1.0 1.0 1.0 1.0 1.0 1.0 1.0 1.0 1.0 1.0 1.0 1.0
-1.0 -1.0 -1.0 -1.0 -1.0 -1.0 -1.0 -1.0 -1.0 -1.0 -1.0 -1.0 -1.0 -1.0 -1.0 -1.0 -1.0 -1.0 -1.0 -1.0 -1.0 -1.0 -1.0 -1.0 -1.0 -1.0 -1.0 -1.0 -1.0 -1.0 -1.0 -1.0 -1.0 0.4164870023632067 1.0 1.0 1.0 1.0 1.0 1.0 1.0 1.0 1.0 1.0 1.0 1.0 1.0 1.0 1.0 1.0 1.0 1.0 1.0 1.0 1.0 1.0 1.0 1.0 1.0 1.0 0.6939465551717869 -1.0 -1.0 0.1384684602799491 0.27749772768587533 0.2776976913288493 1.0 1.0 1.0 1.0 1.0 1.0 1.0 1.0 1.0 1.0 1.0 1.0 1.0 1.0 1.0
-1.0 -1.0 -1.0 -1.0 -1.0 -1.0 -1.0 -1.0 -1.0 -1.0 -1.0 -1.0 -1.0 -1.0 -1.0 -1.0 -1.0 -1.0 -1.0 -1.0 -1.0 -1.0 -1.0 -1.0 -1.0 -1.0 -1.0 -1.0 -1.0 -1.0 -1.0 -1.0 -1.0 0.5557122580935859 1.0 1.0 1.0 1.0 1.0 1.0 1.0 1.0 1.0 1.0 1.0 1.0 1.0 1.0 1.0 1.0 1.0 1.0 0.8329015252213486 0.27695090904994707 0.38790501723477594 0.8606619055128754 1.0 1.0 1.0 1.0 0.7782098362133058 0.027876134904363893 -1.0 -1.0 -1.0 -1.0 0.5833915335571226 1.0 1.0 1.0 1.0 1.0 1.0 1.0 1.0 1.0 1.0 1.0 1.0 1.0 1.0
-1.0 -1.0 -1.0 -1.0 -1.0 -1.0 -1.0 -1.0 -1.0 -1.0 -1.0 -1.0 -1.0 -1.0 -1.0 -1.0 -1.0 -1.0 -1.0 0.1279296685716576 0.3342601445843424 0.0835845836274764 -1.0 -1.0 0.13439717699490122 -1.0 -1.0 -1.0 -1.0 -1.0 -1.0 -1.0 -1.0 0.8058075008712592 1.0 1.0 1.0 1.0 1.0 1.0 1.0 1.0 1.0 1.0 1.0 1.0 1.0 1.0 1.0 1.0 0.7771944561108778 0.4434378546471624 0.08308148730642408 -1.0 -1.0 -1.0 0.5830823809055734 1.0 1.0 1.0 1.0 0.9446370647055145 0.404622963134251 0.02979961240956594 -1.0 -1.0 0.11076250815409222 0.5547418838857265 1.0 1.0 1.0 1.0 1.0 1.0 1.0 1.0 1.0 1.0 1.0 1.0 1.0
-1.0 -1.0 -1.0 -1.0 -1.0 -1.0 -1.0 -1.0 -1.0 -1.0 -1.0 -1.0 -1.0 -1.0 -1.0 -1.0 -1.0 0.15857788564877295 0.5642275891905542 0.8336723163841808 1.0 1.0 1.0 1.0 1.0 0.8892699678741554 0.7230220449761826 0.695300764373546 0.8061814556331007 0.6398183228093497 0.7230220449761826 0.5010258114545253 0.6675396034119863 1.0 1.0 1.0 1.0 1.0 1.0 1.0 1.0 1.0 0.6937011188656254 0.24933421956353163 0.11073047524094384 0.22157527417746758 0.36033145009416195 0.8328392599977844 0.8327639304309294 0.3882042760607068 -1.0 -1.0 -1.0 -1.0 -1.0 -1.0 0.08308585355045973 1.0 1.0 1.0 1.0 1.0 1.0 0.5003035338429157 -1.0 -1.0 -1.0 -1.0 0.1665518998559876 0.5551345962113658 0.7772061592998781 1.0 1.0 1.0 1.0 1.0 1.0 1.0 1.0 1.0 1.0
-1.0 -1.0 -1.0 -1.0 -1.0 -1.0 -1.0 -1.0 -1.0 -1.0 -1.0 -1.0 -1.0 -1.0 -1.0 -1.0 -1.0 0.3606437264580101 0.9443299240942514 1.0 1.0 1.0 1.0 1.0 1.0 1.0 1.0 1.0 1.0 1.0 1.0 1.0 1.0 1.0 1.0 1.0 1.0 1.0 1.0 1.0 1.0 1.0 0.1389075198115322 -1.0 -1.0 -1.0 -1.0 -1.0 -1.0 -1.0 -1.0 -1.0 -1.0 0.0557421577978103 0.5561513543923804 -1.0 0.0833521595998576 0.36034485032019303 0.972129800148559 1.0 1.0 1.0 1.0 0.9168333194150818 0.06242765353936963 -1.0 -1.0 -1.0 -1.0 0.03697414488136194 0.05540592214276611 0.49914073110377594 0.8607193245399285 1.0 1.0 1.0 1.0 1.0 1.0 1.0 1.0
-1.0 -1.0 -1.0 -1.0 -1.0 -1.0 -1.0 -1.0 -1.0 -1.0 -1.0 -1.0 -1.0 -1.0 -1.0 -1.0 -1.0 -1.0 0.6667030020275131 1.0 1.0 1.0 1.0 1.0 1.0 1.0 1.0 1.0 1.0 1.0 1.0 1.0 1.0 1.0 1.0 1.0 1.0 1.0 1.0 1.0 1.0 1.0 0.44451808410909327 -1.0 -1.0 -1.0 -1.0 -1.0 -1.0 -1.0 -1.0 -1.0 -1.0 0.6943905469925222 1.0 0.16666681200811007 -1.0 -1.0 0.2493579541738429 0.7495432645141599 1.0 1.0 1.0 1.0 0.8060520177025878 0.22740111564847718 -1.0 -1.0 -1.0 -1.0 -1.0 -1.0 0.02768597527742048 0.3603963461161133 0.9164315768819901 1.0 1.0 1.0 1.0 1.0 1.0
-1.0 -1.0 -1.0 -1.0 -1.0 -1.0 -1.0 -1.0 -1.0 -1.0 -1.0 -1.0 -1.0 -1.0 -1.0 -1.0 -1.0 -1.0 0.6942441219095412 1.0 1.0 1.0 1.0 1.0 1.0 1.0 1.0 1.0 1.0 1.0 1.0 1.0 1.0 1.0 1.0 1.0 1.0 1.0 1.0 1.0 1.0 0.8049966472713115 0.22175293634141593 -1.0 -1.0 -1.0 -1.0 -1.0 -1.0 -1.0 -1.0 -1.0 -1.0 0.49967337933421296 0.8331509160519998 -1.0 -1.0 -1.0 -1.0 -1.0 0.4715191105535247 1.0 1.0 1.0 1.0 1.0 0.8615604248231706 0.806004628928641 0.19431853085591924 -1.0 -1.0 -1.0 -1.0 -1.0 0.13847375137894488 0.9166100668382687 1.0 1.0 1.0 1.0 1.0
-1.0 -1.0 -1.0 -1.0 -1.0 -1.0 -1.0 -1.0 -1.0 -1.0 -1.0 -1.0 -1.0 -1.0 -1.0 -1.0 -1.0 -1.0 0.4165076884771578 1.0 1.0 1.0 1.0 1.0 1.0 1.0 1.0 1.0 1.0 1.0 1.0 1.0 1.0 1.0 1.0 1.0 1.0 1.0 0.9164012260352185 0.638023404565865 0.2771397662977686 -1.0 -1.0 -1.0 -1.0 -1.0 -1.0 -1.0 -1.0 -1.0 -1.0 -1.0 -1.0 0.027777811166536454 0.41696745168408134 0.02786628660719652 -1.0 -1.0 -1.0 -1.0 -1.0 0.19389472238201128 0.49904269659062617 0.6937530586487856 1.0 1.0 1.0 0.9723111794149717 0.6469515850090849 0.30631691464974714 0.04072660792888469 -1.0 -1.0 -1.0 0.06382277691499474 1.0 1.0 1.0 1.0 1.0 1.0
-1.0 -1.0 -1.0 -1.0 -1.0 -1.0 -1.0 -1.0 -1.0 -1.0 -1.0 -1.0 -1.0 -1.0 -1.0 -1.0 -1.0 -1.0 0.3799346385277779 1.0 1.0 1.0 1.0 1.0 1.0 1.0 1.0 1.0 1.0 1.0 1.0 1.0 1.0 1.0 1.0 1.0 1.0 0.6940098841172461 -1.0 -1.0 -1.0 -1.0 -1.0 -1.0 -1.0 -1.0 -1.0 -1.0 -1.0 -1.0 -1.0 -1.0 0.3892727505112475 0.8337849352419905 1.0 0.44475971370143147 -1.0 -1.0 -1.0 -1.0 -1.0 -1.0 -1.0 -1.0 0.47140422631220175 0.8606765507839127 1.0 1.0 1.0 1.0 0.889204158145876 0.44613311613747814 0.05569487048398092 -1.0 0.18273074503298042 1.0 1.0 1.0 1.0 1.0 1.0
-1.0 -1.0 -1.0 -1.0 -1.0 -1.0 -1.0 -1.0 -1.0 -1.0 -1.0 -1.0 -1.0 -1.0 -1.0 -1.0 -1.0 -1.0 0.6389739339298702 1.0 1.0 1.0 1.0 1.0 1.0 1.0 1.0 1.0 1.0 1.0 1.0 1.0 1.0 1.0 1.0 1.0 0.7217096026658096 -1.0 -1.0 -1.0 -1.0 -1.0 -1.0 -1.0 -1.0 -1.0 -1.0 -1.0 -1.0 -1.0 -1.0 -1.0 0.05541873171061757 1.0 1.0 0.47203521710448415 -1.0 -1.0 -1.0 -1.0 -1.0 -1.0 -1.0 -1.0 -1.0 -1.0 0.8607511967387811 0.9721367073191359 1.0 0.5827356687359394 0.1662561951318527 0.5268737630880089 0.8614700857592313 -1.0 0.05548723760550754 0.8328879040579171 1.0 1.0 1.0 1.0 1.0
-1.0 -1.0 -1.0 -1.0 -1.0 -1.0 -1.0 -1.0 -1.0 -1.0 -1.0 -1.0 -1.0 -1.0 -1.0 -1.0 -1.0 0.06699232592319584 0.9445792438731561 1.0 1.0 1.0 1.0 1.0 1.0 1.0 1.0 1.0 1.0 1.0 1.0 1.0 1.0 1.0 1.0 0.7774102277783841 0.027693670397205876 -1.0 -1.0 -1.0 0.0835517643799273 0.6118867908687147 0.5007052482221868 0.05538717287816837 0.22181903666451175 -1.0 -1.0 -1.0 -1.0 -1.0 -1.0 -1.0 0.11104385132695811 0.9722392470635647 1.0 0.36102705970262033 -1.0 -1.0 -1.0 -1.0 -1.0 -1.0 -1.0 -1.0 -1.0 -1.0 -1.0 0.41651582190803227 1.0 0.22238995189199628 -1.0 -1.0 0.24944545660624481 -1.0 -1.0 0.2500843779122974 0.8886211557675032 1.0 1.0 1.0 1.0
-1.0 -1.0 -1.0 -1.0 -1.0 -1.0 -1.0 -1.0 -1.0 -1.0 -1.0 -1.0 -1.0 -1.0 -1.0 -1.0 -1.0 0.6114098043628664 1.0 1.0 1.0 1.0 1.0 1.0 1.0 1.0 1.0 1.0 1.0 1.0 1.0 1.0 1.0 1.0 1.0 0.41681462402160596 -1.0 -1.0 0.05572032308884944 0.04137683799311478 -1.0 0.19396542382488519 0.2494881925862946 -1.0 -1.0 -1.0 -1.0 -1.0 -1.0 -1.0 -1.0 -1.0 0.2223540640342761 1.0 0.721531754565839 0.22199146431935451 -1.0 -1.0 -1.0 -1.0 -1.0 -1.0 -1.0 -1.0 -1.0 -1.0 -1.0 -1.0 0.8887569081497412 1.0 0.22235448081555761 -1.0 -1.0 -1.0 -1.0 0.027695157835071312 0.2495215350888161 0.8607325347803979 1.0 1.0 1.0
-1.0 -1.0 -1.0 -1.0 -1.0 -1.0 -1.0 -1.0 -1.0 -1.0 -1.0 -1.0 -1.0 -1.0 -1.0 -1.0 -1.0 0.6106871492658379 0.9444412256451853 1.0 1.0 1.0 1.0 1.0 1.0 1.0 1.0 1.0 1.0 1.0 1.0 1.0 1.0 1.0 1.0 0.9168749689615786 0.1667313645317751 -1.0 0.19407124766177228 0.027696576669039383 -1.0 -1.0 -1.0 -1.0 -1.0 -1.0 -1.0 -1.0 -1.0 -1.0 -1.0 -1.0 -1.0 0.2216701981492824 -1.0 -1.0 -1.0 -1.0 -1.0 -1.0 -1.0 -1.0 -1.0 -1.0 -1.0 -1.0 -1.0 0.08351156284659571 0.7225454816335314 0.3883688688771541 0.05539323610720257 -1.0 -1.0 -1.0 -1.0 -1.0 -1.0 0.3055393236107203 0.9167466768196791 1.0 1.0
-1.0 -1.0 -1.0 -1.0 -1.0 -1.0 -1.0 -1.0 -1.0 -1.0 -1.0 -1.0 -1.0 -1.0 -1.0 -1.0 -1.0 0.1108561189220735 0.555394358845795 1.0 1.0 1.0 1.0 1.0 1.0 1.0 1.0 1.0 1.0 1.0 1.0 1.0 1.0 1.0 0.9164594626806785 0.13855391481964008 -1.0 -1.0 -1.0 -1.0 -1.0 -1.0 -1.0 -1.0 -1.0 -1.0 -1.0 -1.0 -1.0 -1.0 -1.0 -1.0 -1.0 -1.0 -1.0 -1.0 -1.0 -1.0 -1.0 -1.0 -1.0 0.08357177203588706 0.22276271068021816 0.027857257345295684 -1.0 0.22276271068021816 0.3062395456170706 0.5282078259404321 0.6661255389016065 0.027698001389122925 -1.0 -1.0 -1.0 -1.0 -1.0 -1.0 0.05555546422597496 0.33336525302175335 0.2813772601767949 0.7778389685967804 0.6945532408073353
-1.0 -1.0 -1.0 -1.0 -1.0 -1.0 -1.0 -1.0 -1.0 -1.0 -1.0 -1.0 -1.0 -1.0 -1.0 -1.0 -1.0 -1.0 0.5832853708216489 1.0 1.0 1.0 1.0 1.0 1.0 1.0 1.0 1.0 1.0 1.0 1.0 1.0 1.0 1.0 0.4998142728270941 -1.0 -1.0 -1.0 -1.0 -1.0 -1.0 -1.0 -1.0 -1.0 -1.0 -1.0 -1.0 -1.0 -1.0 -1.0 -1.0 -1.0 -1.0 -1.0 -1.0 -1.0 -1.0 -1.0 -1.0 -1.0 0.029316316268232192 0.8328986092912569 1.0 0.9446043194833927 1.0 1.0 0.55527526399791 0.11079789209863543 0.055398946049317714 -1.0 -1.0 -1.0 -1.0 -1.0 -1.0 -1.0 -1.0 0.16660462154516845 0.3796597097916445 0.9442900119600135 1.0
-1.0 -1.0 -1.0 -1.0 -1.0 -1.0 -1.0 -1.0 -1.0 -1.0 -1.0 -1.0 -1.0 -1.0 -1.0 -1.0 -1.0 -1.0 0.6666369323964335 0.9721443950224832 0.94429284471818 0.7215777544408808 0.8608192872695425 1.0 1.0 1.0 1.0 1.0 1.0 1.0 1.0 1.0 0.6383839694439827 0.027700919194417528 -1.0 -1.0 -1.0 -1.0 -1.0 -1.0 -1.0 -1.0 -1.0 -1.0 -1.0 -1.0 -1.0 -1.0 0.06683333573586236 0.027854510215749164 0.08356357119397963 0.027854510215749164 -1.0 0.027854510215749164 0.47300601308037576 0.5840270203422955 0.19473662870140981 0.027854510215749164 0.027854510215749164 -1.0 -1.0 -1.0 0.2217614311374575 0.6659922393554691 0.9164372397406632 1.0 0.3892271387387534 -1.0 -1.0 -1.0 -1.0 -1.0 -1.0 -1.0 -1.0 -1.0 -1.0 -1.0 -1.0 0.6111730575074302 1.0
-1.0 -1.0 -1.0 -1.0 -1.0 -1.0 -1.0 -1.0 -1.0 -1.0 -1.0 -1.0 -1.0 -1.0 -1.0 -1.0 -1.0 -1.0 -1.0 -1.0 0.0831069541118845 -1.0 0.027702291183294665 0.8330634506316061 1.0 1.0 1.0 0.6937677236401134 0.6659456367620521 0.6103578564062903 0.6381517465841712 0.4992185485949987 0.08313716486207785 -1.0 -1.0 -1.0 -1.0 -1.0 0.05570620649651973 0.16711902229956174 0.22276521010569736 0.36176003802526424 0.6118683939159577 0.7228264372260892 0.8337885086362464 0.8060550399587523 0.4451695024490848 0.5843825233025587 0.874903274124291 0.972298756122712 0.9197210069506343 0.8891305748904357 0.8337885086362464 0.9445975122454241 1.0 1.0 0.7781403067800979 0.7500161124001031 0.09483485065182487 0.02776283352668213 -1.0 -1.0 -1.0 -1.0 0.08313716486207785 0.5825639662284093 0.2219209203402939 -1.0 -1.0 -1.0 -1.0 -1.0 -1.0 -1.0 -1.0 -1.0 -1.0 -1.0 -1.0 0.19406741428203145 0.4996978924980665
-1.0 -1.0 -1.0 -1.0 -1.0 -1.0 -1.0 -1.0 -1.0 -1.0 -1.0 -1.0 -1.0 -1.0 -1.0 -1.0 -1.0 -1.0 -1.0 -1.0 -1.0 -1.0 -1.0 0.24962959998399137 0.9164748964440798 0.5550517279330839 0.1108142396894323 -1.0 -1.0 -1.0 -1.0 -1.0 -1.0 -1.0 -1.0 -1.0 0.23325996153883094 0.6950833450063034 1.0 1.0 1.0 1.0 1.0 1.0 1.0 1.0 1.0 1.0 1.0 1.0 1.0 1.0 1.0 1.0 1.0 1.0 0.9859041684395845 0.1295688551974066 -1.0 -1.0 -1.0 -1.0 -1.0 -1.0 -1.0 -1.0 -1.0 -1.0 -1.0 -1.0 -1.0 -1.0 -1.0 -1.0 -1.0 -1.0 -1.0 -1.0 -1.0 -1.0 0.055407119844716156
