Model Version1.4/trunk/output/1999/fle_nat.asc
ncols 720
nrows 360
xllcorner -180
yllcorner -90
cellsize 0.5
NODATA_value -1
[rows 203 to 231 of 360, columns 390 to 454 of 720]
0.21101778214749534 0.1973640015646353 0.21330604364856515 0.20461273731132312 0.21736077947687168 0.26831119088210464 0.31962527580425293 0.32203935262325356 0.32757855408727743 0.3244476648330503 0.3096383425891114 0.20385628146204685 0.07255745043509824 0.09624157808245105 0.09681475533548817 0.1123697777932751 0.3100351622395441 0.2705594567882152 0.32401800980302276 0.28318066075589776 0.24711709475339458 0.2459262228383283 0.2469136268739123 0.24487353137283127 0.2435350668283865 0.24044007151198382 0.23145263949167535 0.23384098825282118 0.2336741605636694 0.041961898404918825 0.14282286206161623 0.19893113855270178 0.2358549438494919 0.29518874811835855 0.23066360909551428 0.23624948733130371 0.16788856776730968 0.2950806175808132 0.2586279607441813 0.0 0.295170794423358 0.2927231734341488 0.2904501160796345 0.2792036988801322 0.24207788395965502 0.24763796752216222 0.23119296569968775 0.2267221704385593 0.22514844649367027 0.3047005449648252 0.22501895272361347 -1.0 -1.0 -1.0 -1.0 -1.0 0.35214223375334597 -1.0 -1.0 -1.0 -1.0 -1.0 -1.0 -1.0 -1.0
0.22240707116490746 0.21539456087252407 0.22382145332879397 0.3225317227637454 0.1900076359874774 0.3242494555972359 0.33159802829128515 0.3258688570688181 0.32254484543487083 0.3100867138869849 0.29745360689935124 0.08027775159910451 0.09383099415155366 0.07880799012489373 0.08769582011992147 0.2522018982088981 0.22753518672798678 0.23390702940760258 0.3322753172717145 0.26913097411975423 0.24266299802719057 0.2444183574790888 0.24117629549739059 0.24706705359663544 0.24562559545594267 0.24490851496803717 0.24261107856374903 0.24193505700488685 0.23706849747105024 0.13996290098776365 0.1375875215007906 0.2360108251848704 0.29440831253196426 0.2554198076325128 0.248458956207276 0.288641611492572 0.21134914106893538 0.29574664727433186 0.0 0.2111674137502075 0.29552674725587713 0.2948928829895083 0.2874793346572315 0.2200817733805561 0.2114776103050788 0.21596225807971972 0.2620522013038192 0.0 0.2271691832191383 0.2891239350594552 0.09529307690366465 -1.0 -1.0 -1.0 -1.0 -1.0 -1.0 0.31756105851542726 0 0.0 -1.0 -1.0 -1.0 -1.0 -1.0
0.22888143519383897 0.26325271844975306 0.2623861947819617 0.33443400650428684 0.2602392742988454 0.32073259306232443 0.32557643622475785 0.3228456585029073 0.31362747144790676 0.3036029409855745 0.3022079521177447 0.3016764113729213 0.06996854544111639 0.08729510765771913 0.0842146453673325 0.0 0.3238242124431179 0.3268210527516136 0.2548824379597779 0.27076284324235506 0.2757787199426804 0.23688145257433993 0.2432416755602477 0.24589458682835943 0.24582116542026675 0.24565743836341863 0.24444100132274157 0.24188113004317097 0.23727863208716043 0.2374431058504733 0.23561875489672549 0.22669201617317516 0.29329899922246083 0.24691028776859097 0.2254528558842941 0.09783676974244145 0.20921660619113208 0.21384045783098504 0.18181170399653712 0.15368946954708823 0.24203240944558513 0.23768132849332302 0.21037457736341628 0.27717624575961924 0.2719852906720245 0.19177138257268814 0.1786724653625818 0.1698619607053167 0.00754722966937288 0.25945869202184685 0.008446187403652203 0.10081404234510288 -1.0 -1.0 -1.0 -1.0 -1.0 -1.0 -1.0 -1.0 0.2790465494486811 -1.0 -1.0 -1.0 -1.0
0.18535622614298544 0.26266152234505635 0.26206673953964765 0.3318484886679518 0.28597922615589255 0.3090366240157117 0.32372202150096835 0.32190138829667964 0.3099381606899333 0.3030679072019308 0.3068050893937627 0.30847220715652757 0.30187853234831047 0.0 0.0 0.04548144728920096 0.3142541160370399 0.3171182823983687 0.0 0.2486432571367337 0.2678924985828943 0.23527648646336688 0.23748950563642895 0.23662897831640187 0.2385893054060024 0.23959199250784335 0.2307043042874803 0.24109594935991746 0.23729488396190385 0.23961274633730312 0.23363496380757207 0.2251893399272028 0.22224784956940105 0.25418005640427244 0.29048521336942884 0.07601765887084613 0.217985130253877 0.14944870733596546 0.1895856987329213 0.05128884963869764 0.23698677625962156 0.22915736985369978 0.2104112172118406 0.20556540402148996 0.20424391191827274 0.1928907104057743 0.177443865671638 0.17474085685554974 0.16853130340645392 0.25231859336936024 0.055355300513463095 0.0027811684121970574 -1.0 -1.0 -1.0 -1.0 -1.0 -1.0 -1.0 -1.0 -1.0 -1.0 -1.0 -1.0 -1.0
0.17444193278635542 0.25574104687775795 0.2639224873322549 0.24215648767003822 0.2536323419989245 0.2755316145097885 0.3115884841479589 0.3045934030278347 0.30606132593278046 0.3073332792112647 0.3101915142869919 0.3052707598427113 0.3123230901607241 0.30855809027461384 0.0 0.034135283502615424 0.3096981231517402 0.3166161469038775 0.2118230535207877 0.24666968761559604 0.23340401980867043 0.23230064882225376 0.23607026827647998 0.23658569645936275 0.13669242458799105 0.23401167229240497 0.21792693114124248 0.1412452874081542 0.21433380921224485 0.22809645255189642 0.2947931556215863 0.2225145650180534 0.2733083248481076 0.24428732384043725 0.08080893083981627 0.10074279397030525 0.18550859380457208 0.2781042150387588 0.21096904216538057 0.0 0.20675349488130476 0.21034666743628266 0.1937911183749247 0.2048673638878811 0.19982124477805152 0.16388181342337388 0.17592486845470917 0.22556950027427725 0.1624635385591477 0.2511913390362497 0.2892286758422719 0.32240791689022763 -1.0 -1.0 -1.0 -1.0 -1.0 -1.0 -1.0 -1.0 -1.0 -1.0 -1.0 -1.0 -1.0
0.06994697570945689 0.24531456824063788 0.2488869973154736 0.17545769907098438 0.0 0.24016909556636254 0.2750416885121192 0.2662960436162326 0.2753229050361116 0.28413820474050483 0.3000174297011182 0.30124046022900824 0.2995201619513866 0.28989731864110724 0.0 0.0 0.017029348895588468 0.0 0.3006737726297038 0.27887573826712614 0.21472659429252755 0.032402380464075134 0.19222024675988167 0.19838090641739994 0.0589836026889997 0.043397973707163036 0.18683587953252595 0.0 0.16219516161222342 0.21985262402116285 0.20182403158847334 0.16832504137524051 0.252477724304806 0.12569122619247808 0.1263828229395726 0.21420890109902266 0.28409184272072885 0.2182784212162033 0.29216611671838333 0.0 0.025386880394069045 0.0 0.0 0.0 0.0 0.11074360376657609 0.1692114201428988 0.26758006513200927 0.2695439088248403 0.2633909349372221 0.2880585716052655 0.32062692629776907 -1.0 -1.0 -1.0 -1.0 -1.0 -1.0 -1.0 -1.0 -1.0 -1.0 -1.0 -1.0 -1.0
0.19572704314931394 0.1722660481146506 0.1576068342192144 0.21314242918987705 0.013569495786904718 0.283269356101589 0.19806359361759057 0.0 0.0 0.25795452871389946 0.29166209207581156 0.2837096417003014 0.28648912015153327 0.2584699880125911 0.0 0.0 0.03801593339813655 0.13916740241555361 0.28448042492477754 0.2503818307733589 0.10944602206018761 0.11497220698047904 0.0 0.0 0.0 0.18773813552210938 0.2557088316103834 0.17355487445980505 0.08233845023716496 0.0 0.2818437337092614 0.25347306763232874 0.2442254382455198 0.06863489437479219 0.08030592205909982 0.24556734998529775 0.2839144781535722 0.22247216612778586 0.15512879458536463 0.23290354670294325 0.2818377411476786 0.18504050274312156 0.2586603360779996 0.2603778450109952 0.018621379017594395 0.0927028402738949 0.1869262722218697 0.2687018399248712 0.2729949215276733 0.20012651105970097 0.29046372039381013 0.29060497464551566 -1.0 -1.0 -1.0 -1.0 -1.0 -1.0 -1.0 -1.0 -1.0 -1.0 -1.0 -1.0 0.2815371631326265
0.0 0.0 0.09019181281811954 0.03336286937310645 0.24581914178020328 0.0 0.03572272398787699 0.0 0.0 0.0 0.17448209461334835 0.19802862881724972 0.2585174281966528 0.0 0.0 0.0 0.04344254290477137 0.06885839015792632 0.19039081039315667 0.22372000571171133 0.0 0.0 0.0 0.0 0.030149371453525715 0.21875177178327898 0.25373411397246876 0.18043635555442633 0.29116417000450145 0.2787297200776792 0.1214334155583758 0.22225089525869757 0.24603567273665086 0.2549938482422369 0.2557419046355553 0.22751138603699406 0.27165732666262715 0.18025244723070616 0.2102347451347758 0.23253125193029156 0.2929704937947325 0.20069739290951283 0.2847329605739795 0.22885798760579415 0.23882029607810049 0.21348200993620295 0.21229968026486698 0.27939503941177685 0.1172057919379568 0.2676490541283405 0.19696231249686313 0.3263802912084224 -1.0 -1.0 -1.0 -1.0 -1.0 -1.0 -1.0 -1.0 -1.0 -1.0 -1.0 0.21256077967407874 0.2887863986931997
0.0 0.0 0.14695995689577213 0.0 0.09641995844232511 0.13328648826652598 0.0 0.0 0.0 0.0 0.0 0.0 0.0 0.0 0.0 0.0 0.0 0.0 0.0 0.0 0.0 0.0 0.0 0.0 0.0643815957039433 0.2525296712820248 0.25615949478873895 0.2925684225090683 0.0 0.0 0.2735318507920608 0.25790179249890866 0.23476063782855316 0.13996431993836725 0.0 0.2883055321835894 0.19052654729103255 0.18191338530257314 0.25394620952258856 0.2573877417005848 0.25319261988566016 0.2899981382647781 0.24313795568472948 0.23723965192654278 0.1715878969932856 0.213085485472487 0.2761671145896783 0.2717072386320562 0.07090601534149688 0.2621408965325097 0.14638194076666264 -1.0 -1.0 -1.0 -1.0 -1.0 -1.0 -1.0 -1.0 -1.0 0.22778583651579976 0.31824811100858486 0.2770206063980581 0.2505455046702526 0.2791067195434853
0.0 0.0 0.0 0.0 0.0 0.0 0.0 0.0 0.0 0.0 0.0 0.0 0.0 0.0 0.0 0.0 0.0 0.0 0.0 0.0 0.0 0.0 0.0 0.0 0.0 0.14192050626196365 0.1745423342788864 0.16762492925747025 0.2755955103273991 0.24636757878657578 0.1994941524015047 0.21803828394547045 0.1223956216488824 0.26673350108948574 0.26538469344690074 0.0846781369754148 0.15778669894578976 0.266179065019587 0.2835214209706035 0.10083421957679123 0.2842207698065699 0.2889404360041971 0.23235766724407178 0.22691895483391136 0.15988006646421066 0.1134575268169725 0.20939317268196764 0.16793484103494713 0.2597805427606098 0.2090417580747125 3.670099402664814e-07 -1.0 -1.0 -1.0 -1.0 -1.0 -1.0 -1.0 0.2471694688992933 0.2575464296990639 0.3086443341565626 0.31040302190825947 0.2528216232201089 0.32160952197263093 0.32431968559937513
0.0 0.0 0.0 0.0 0.0 0.0 0.0 0.0 0.0 0.0 0.0 0.0 0.0 0.0 0.0 0.0 0.0 0.0 0.0 0.0 0.0 0.0 0.0 0.0 0.0 0.0 0.0 0.0 0.24999371238611304 0.17590635670358978 0.29151268527369034 0.29760432747062554 0.2923850264369565 0.284746953741999 0.2546235523543131 0.27253126174948655 0.07425598071928774 0.12627372944678203 0.0 0.24004130853640074 0.13700162096370105 0.284276458595692 0.2883049211006101 0.19620743191442097 0.2812537878432991 0.27889356921274505 0.2759233526087262 0.28759717733223567 0.294289481603598 0.28968432556153484 -1.0 -1.0 -1.0 -1.0 -1.0 -1.0 -1.0 -1.0 0.28233220320937735 0.27648147979797993 0.2192438923186442 0.24486423559042525 0.2140474021850489 0.21773383424377657 0.2879665080335214
0.0 0.0 0.0 0.0 0.0 0.0 0.0 0.03255538751621416 0.0 0.0 0.0 0.0 0.0 0.0 0.0 0.0 0.0 0.0 0.0 0.0 0.0 0.0 0.0 0.0 0.0 0.0 0.0 0.0 0.29274059985019846 0.16551679025528393 0.26481662120657445 0.28197667912627944 0.28114783208290955 0.24508856157531345 0.2655153203142268 0.278217380415153 0.262094298218173 0.24599957971393704 0.2648735340615081 0.23917961823187447 0.223694874674483 0.28485516007574385 0.25749538317133064 0.2893579340868798 0.3356784449324867 0.3320091056427187 0.25274553618833584 0.3116838346383002 -1.0 -1.0 -1.0 -1.0 -1.0 -1.0 -1.0 -1.0 -1.0 0.0 0.27538256526017113 0.2843691670812472 0.283082981260794 0.2949772092816769 0.28012134999442884 0.2519800438603827 0.2948591909025463
0.0 0.020060236657360914 0.0 0.0 0.0 0.0 0.0 0.0 0.0 0.0 0.0 0.0 0.0 0.0 0.0 0.0 0.0 0.0 0.0 0.0 0.0 0.0 0.0 0.0 0.0 0.287978837981282 0.0 0.0 0.10214650370557808 0.26348245040892043 0.23096186289473603 0.15558781370843983 0.2477727433583476 0.28255899241575494 0.2768095157400455 0.2926966795470171 0.29166842237273105 0.28308889324332276 0.29274293837018533 0.27835723796875983 0.22061105623933275 0.33822263456170504 0.23229040821531866 0.2350400813572816 0.3146056417707107 0.38153341498866766 -1.0 -1.0 -1.0 -1.0 -1.0 -1.0 -1.0 -1.0 -1.0 -1.0 -1.0 0.0 0.2527578603862378 0.28488571994779466 0.2838844273692631 0.286332607159699 0.289759810131505 0.27677306987466677 0.2788208246375727
0.0 0.03613578335186988 0.0 0.12182537855333281 0.0 0.0 0.0 0.0 0.0 0.0 0.0 0.0 0.0 0.0 0.0 0.0 0.0 0.0 0.0 0.0 0.0 0.0 0.0 0.0 0.10642800802151071 0.0 0.0 0.06901199490227339 0.0 0.0 0.08156357515409987 0.2120569535807804 0.22066319632112585 0.2840343038882547 0.29839645547766125 0.25497521030048614 0.23897428174322471 0.28869237481666554 0.2958586522738452 0.2808206402468268 0.3414037419778958 0.3403639086502292 0.23564820035631096 0.2716329251416387 -1.0 -1.0 -1.0 -1.0 -1.0 -1.0 -1.0 -1.0 -1.0 -1.0 -1.0 -1.0 -1.0 -1.0 0.2765396508637821 0.27292013129338827 0.279715894669324 0.2721362015818259 0.2278571318821255 0.23974427429909495 0.24270770791610766
0.0 0.0 0.0 0.004375541251432193 0.0 0.0 0.0 0.0 0.0 0.0 0.0 0.0 0.0 0.0 0.0 0.0 0.0 0.0 0.0 0.0 0.0 0.0 0.0 0.0 0.0 0.0 0.0 0.0 0.014021298224256452 0.0 0.0 0.0 0.1850747625291934 0.26416498252012255 0.26450267780150905 0.24675148945704153 0.22664015126623785 0.22991394574763588 0.29677589304582025 0.34225966771178595 0.3420685919277062 0.34212082873880945 0.3300430867873489 -1.0 -1.0 -1.0 -1.0 -1.0 -1.0 -1.0 -1.0 -1.0 -1.0 -1.0 -1.0 -1.0 -1.0 -1.0 0.26993762831108725 0.270987725133951 0.27470526832171677 0.19073099334379098 0.20540218769736107 0.2160161201060486 0.23129639598134472
0.018347865468181672 0.049534288590753234 0.027880462860676695 0.0 0.0 0.0 0.0 0.0 0.0 0.0 0.0 0.0 0.0 0.0 0.0 0.0 0.0 0.0 0.0 0.0 0.0 0.0 0.0 0.0 0.0 0.0 0.0 0.0 0.0 0.017313573813472122 0.10851030139017423 0.25482093642763476 0.2719761414743222 0.25653541379847916 0.2618450367303308 0.21291391553190317 0.21446533327265377 0.2808990389336042 0.2902298094812696 0.34270575060242736 0.34246186278823215 0.33687506539544526 -1.0 -1.0 -1.0 -1.0 -1.0 -1.0 -1.0 -1.0 -1.0 -1.0 -1.0 -1.0 -1.0 -1.0 -1.0 -1.0 0.2858027076835746 0.27872188569241396 0.2726721166160043 0.25192250136591293 0.1957431675343949 0.23234734836818272 0.2455952413625665
0.0 0.0 0.0 0.0 0.0 0.2634586197860544 0.0 0.0 0.0 0.0 0.0 0.0 0.0 0.0 0.0 0.0 0.0 0.0 0.0 0.0 0.0 0.0 0.0 0.0 0.0 0.0 0.0 0.0 0.0 0.10771358945956627 0.19702450983390615 0.22919865266352007 0.2608978023556183 0.2684520600711757 0.23716078664073956 0.23495951705619336 0.18676161618447884 0.20031525826516047 0.3381283770742876 0.23492640887025976 0.352716650478293 -1.0 -1.0 -1.0 -1.0 -1.0 -1.0 -1.0 -1.0 -1.0 -1.0 -1.0 -1.0 -1.0 -1.0 -1.0 -1.0 -1.0 0.3000476104398691 0.2645052381805453 0.21869729361840498 0.24577209313106854 0.22345167406650016 0.26853735232315 0.24589071805194587
0.0 0.0 0.0 0.0 0.0 0.0 0.0 0.0 0.0 0.0 0.0 0.0 0.0 0.0 0.0 0.0 0.0 0.0 0.0 0.0 0.0 0.0 0.0 0.0 0.0 0.0 0.0 0.0 0.0 0.0 0.23903781209260075 0.22864655735473732 0.18951198105999312 0.2529513605401964 0.224314808859324 0.22305395814643122 0.055087857533230596 0.32913265498875155 0.33850989912787 0.32374096372442973 -1.0 -1.0 -1.0 -1.0 -1.0 -1.0 -1.0 -1.0 -1.0 -1.0 -1.0 -1.0 -1.0 -1.0 -1.0 -1.0 -1.0 -1.0 0.24235679251120304 0.3191039561239202 0.28518448780544686 0.2903698569681374 0.26731003418419846 0.2703680303186097 0.24591990826303609
0.0 0.0 0.0 0.0 0.0 0.0 0.0 0.0 0.0 0.0 0.0 0.0 0.0 0.0 0.0 0.0 0.0 0.0 0.0 0.0 0.0 0.0 0.0 0.0 0.0 0.19219287276780414 0.0 0.0 0.17917308322364037 0.18713574336485445 0.1768799838805009 0.18651901574475374 0.2582202082901175 0.23792648915746648 0.23135202352645898 0.0 0.27994748411403103 0.32112991642148847 0.32505027117678376 0.32069537838980966 0.30400650143236757 -1.0 -1.0 -1.0 -1.0 -1.0 -1.0 -1.0 -1.0 -1.0 -1.0 -1.0 -1.0 -1.0 -1.0 -1.0 -1.0 0.3221633657652551 0.2930040188733605 0.2799086476635587 0.2517082661371966 0.28464631416593145 0.22065255878896448 0.2736457973536667 0.24406946879269495
0.09585621551722211 0.0 0.0 0.0 0.0 0.0 0.0 0.0 0.0 0.0 0.0 0.0 0.0 0.0 0.0 0.0 0.0 0.0 0.0 0.0 0.0 0.0 0.0 0.0 0.0 0.10924604478502503 0.0 0.0 0.0 0.0 0.0 0.11284268581446241 0.23571427311499885 0.04090410262054115 0.0 0.0 0.25366269187235585 0.28972077623278214 0.32670129341597465 0.3174156371502902 0.29821054961229815 -1.0 -1.0 -1.0 -1.0 -1.0 -1.0 -1.0 -1.0 -1.0 -1.0 -1.0 -1.0 -1.0 -1.0 -1.0 -1.0 0.26886843067879523 0.2813662899318953 0.32048682305459975 0.32277663498241 0.21315527414361746 0.04615064664170472 0.27365277180912584 0.2272318859470281
0.03461157226036158 0.09182967359024329 0.0 0.15283552830797206 0.0 0.0 0.0 0.0 0.0 0.0 0.0 0.0 0.0 0.0 0.0 0.0 0.0 0.0 0.0 0.0 0.0 0.0 0.0 0.0 0.0 0.0 0.0 0.25209026527742073 0.0 0.0 0.0 0.0 0.0 0.0 0.0 0.04621959681858625 0.0 0.23104092409445803 0.24173866269043834 0.2856807757435004 0.24358181709358034 -1.0 -1.0 -1.0 -1.0 -1.0 -1.0 -1.0 -1.0 -1.0 -1.0 -1.0 -1.0 -1.0 -1.0 -1.0 0.10220989488111824 0.22076691217285718 0.2799415876382991 0.24801849649800206 0.2178985929150933 0.0 0.20818398494084422 0.24773819702655528 0.25933462083918335
0.0 0.24200409474222864 0.0 0.0 0.0 0.0 0.0 0.0 0.0 0.0 0.0 0.0 0.0 0.0 0.0 0.0 0.0 0.0 0.0 0.0 0.0 0.0 0.0 0.0 0.0 0.0 0.0 0.0 0.0 0.0 0.0 0.0 0.0 0.0 0.0 0.0 0.0 0.0 0.0 0.1591038512524103 0.16490805429074257 0.29463406853417273 -1.0 -1.0 -1.0 -1.0 -1.0 -1.0 -1.0 -1.0 -1.0 -1.0 -1.0 -1.0 -1.0 -1.0 0.04324973501243865 0.25601136810364605 0.14580632160775994 0.3130944194216392 0.2364527342741307 0.1156821797740318 0.29101792009760163 0.28890679444797557 0.23750670946319963
0.0 0.0 0.0 0.1743789931951514 0.21595824273874134 0.0 0.0 0.0 0.0 0.0 0.0 0.0 0.0 0.0 0.0 0.0 0.0 0.0 0.0 0.0 0.0 0.0 0.0 0.0 0.2500379179247973 0.07395076575277029 0.0 0.0 0.0 0.0 0.0 0.0 0.0 0.0485726670370202 0.0 0.0 0.0 0.0 0.0 0.0 0.14126578969960715 0.34027884122356505 -1.0 -1.0 -1.0 -1.0 -1.0 -1.0 -1.0 -1.0 -1.0 -1.0 -1.0 -1.0 -1.0 -1.0 0.33573776335466804 0.28827658752546914 0.3194495023612965 0.3152558780755496 0.3212875649484217 0.08598071447619665 0.25205610471676204 0.27892505016616864 0.23358449907628567
0.0 0.0 0.0 0.0 0.008051158336903997 0.0 0.0 0.0 0.0 0.0 0.0 0.0 0.0 0.0 0.0 0.0 0.0 0.0 0.0 0.0 0.0 0.0 0.0 0.0 0.0 0.0 0.0 0.04894623477544881 0.18423976752875693 0.11031121239193212 0.15238513913947574 0.06071737635800474 0.0 0.047692562092200255 0.02697813777522296 0.0 0.0 0.0 0.0 0.05471022216472444 0.2675671312511124 0.34977062713415186 -1.0 -1.0 -1.0 -1.0 -1.0 -1.0 -1.0 -1.0 -1.0 -1.0 -1.0 -1.0 -1.0 -1.0 -1.0 0.026614549151410365 0.0 0.270934498790373 0.2789776399192865 0.0 0.27139410271824205 0.2325521311999851 0.2333829714485332
0.0 0.0 0.0 0.0 0.050845341907037385 0.0 0.0 0.0 0.0 0.0 0.0 0.0 0.0 0.0 0.0 0.0 0.0 0.0 0.0 0.0 0.0 0.0 0.0 0.0 0.0 0.0 0.0 0.0 0.0 0.2684913925452917 0.18454931759398238 0.009113555286795368 0.0 0.0 0.0 0.0 0.0 0.0 0.0 0.2869695202585962 0.31127231237849323 0.33481100969879196 -1.0 -1.0 -1.0 -1.0 -1.0 -1.0 -1.0 -1.0 -1.0 -1.0 -1.0 -1.0 -1.0 -1.0 -1.0 0.0 0.0 0.21643930370635142 0.0 0.24886670527136157 0.28228175440719466 0.23509790055385196 0.23626775813049947
0.0 0.0 0.0 0.0 0.0 0.0 0.0 0.0 0.0 0.0 0.0 0.0 0.0 0.0 0.0 0.0 0.0 0.0 0.0 0.0 0.0 0.0 0.0 0.0 0.0 0.0 0.0 0.0 0.16161728790602778 0.220825126083684 0.21556593208734234 0.13160268869165018 0.10112422603090752 0.03542603361259922 0.0 0.0 0.31355932533274905 0.0 0.29319263182673533 0.28400668797257295 0.3004387255981271 -1.0 -1.0 -1.0 -1.0 -1.0 -1.0 -1.0 -1.0 -1.0 -1.0 -1.0 -1.0 -1.0 -1.0 -1.0 -1.0 0.0 0.0 0.13156465141789073 0.11809862666534811 0.2467757144991379 0.27486017502608995 0.2764084257700682 0.23569383879445854
0.0 0.0 0.0 0.0 0.0 0.0 0.0 0.0 0.0 0.0 0.0 0.0 0.0 0.0 0.0 0.0 0.0 0.0 0.0 0.0 0.0 0.27787453240760873 0.0 0.0 0.0638075007306633 0.0 0.0 0.0 0.1093202566277774 0.19835779313686766 0.28565471661218367 0.23091137851990107 0.10723428592531459 0.14746332168739928 0.0 0.0 0.2802702374990066 0.10591529797567395 0.2133644179140504 0.21941982654696748 0.30202164482555494 -1.0 -1.0 -1.0 -1.0 -1.0 -1.0 -1.0 -1.0 -1.0 -1.0 -1.0 -1.0 -1.0 -1.0 -1.0 -1.0 0.2825543973419268 0.0 0.25911105623754005 0.10836463442772915 0.2662413197182244 0.2854988208852741 0.24532600541073385 0.2884656246046094
0.0 0.0 0.0 0.0 0.0 0.0 0.0 0.0 0.0 0.0 0.0 0.0 0.0 0.0 0.0 0.0 0.0 0.0 0.0 0.0 0.0 0.0 0.0 0.0 0.03503797265434526 0.12257531494435535 0.05150978240095861 0.0 0.0571729977199184 0.05148355780755048 0.27017892142109745 0.23196142233870462 0.1751269684394662 0.02969854742609487 0.19864327379121957 0.0 0.20776492850451495 0.3298324605371934 -1.0 -1.0 -1.0 -1.0 -1.0 -1.0 -1.0 -1.0 -1.0 -1.0 -1.0 -1.0 -1.0 -1.0 -1.0 -1.0 -1.0 -1.0 -1.0 -1.0 0.2837297735824304 0.29374777582780387 0.25150902807751735 0.23570885568245956 0.30874492003351883 0.29815091183760073 -1.0
0.0 0.0 0.0 0.0 0.0 0.0 0.0 0.0 0.0 0.0 0.0 0.0 0.0 0.0 0.0 0.0 0.0 0.0 0.0 0.0 0.0 0.0 0.0 0.18832241515688963 0.132322667691947 0.1232628494328361 0.0 0.16401099490401966 0.17378566861704564 0.2009718342298677 0.2756903669229115 0.2709644214482429 0.2157762761042092 0.0 0.13526133296710113 0.17903452318106622 -1.0 -1.0 -1.0 -1.0 -1.0 -1.0 -1.0 -1.0 -1.0 -1.0 -1.0 -1.0 -1.0 -1.0 -1.0 -1.0 -1.0 -1.0 -1.0 -1.0 -1.0 -1.0 -1.0 -1.0 0.3585999730439562 0.369577886229874 -1.0 -1.0 -1.0
