Model Version1.4/trunk/output/1999/fle_nat.asc
ncols 720
nrows 360
xllcorner -180
yllcorner -90
cellsize 0.5
NODATA_value -1
[rows 203 to 231 of 360, columns 195 to 259 of 720]
-1.0 -1.0 -1.0 -1.0 -1.0 -1.0 -1.0 -1.0 -1.0 -1.0 0.07211862197918208 0.29704234953063935 0.29769288231672014 0.2969496291621855 0.29709593387969924 0.29712693943338986 0.28911736524287246 0.29709985805836997 0.29715291805627025 0.2957406360837178 0.2956483388540749 0.2952920731238249 0.29248026486408846 0.2927917761875659 0.29018267496224553 0.2740602924658951 0.24028235689130775 0.23447796239864677 0.2487973687316803 0.26312903736511534 0.2604653683112434 0.24655632981749648 0.24703395476684545 0.23942402749050995 0.19101042962777393 0.1978161553007385 0.17435588944231042 0.18485815601238684 0.1875663696908973 0.16227717528365404 0.17227311152896752 0.19865739530864912 0.24766491540798727 0.3264018626056621 0.3307305694043112 0.33098592584345576 0.3367841172063976 0.23639945955241914 0.23941926002443087 0.2434460074237018 0.24112130921945615 0.23834092493943845 0.2409640902745361 0.24169888329410458 0.28671199404976216 0.28599491370056723 0.28136260466053575 0.28108516984576154 0.2807785920146399 0.27870121954133964 0.277337903322108 0.276425330365622 0.2413449280569192 0.24056405659294255 0.23883066945793707
-1.0 -1.0 -1.0 -1.0 -1.0 -1.0 -1.0 -1.0 -1.0 -1.0 0.0 0.2819723456983324 0.2975891955487825 0.29729321630454636 0.2868267582141476 0.296629199127657 0.2962699392194885 0.29334820133701944 0.29664288312046894 0.29545009481136686 0.29706741784396523 0.2992581157220616 0.29735614133975063 0.22356755991010652 0.29546940283181405 0.2872797912723163 0.2601312069353074 0.24796815160311686 0.25047069565233393 0.2629088304940416 0.26241564340474455 0.23184185229929521 0.19664368529317885 0.21903732694281103 0.2137736299270814 0.2115922395367542 0.026146259968678597 0.0 0.13285233359637544 0.16856223387932628 0.20887676976732356 0.20577675400510162 0.22272382472391533 0.3290091386879212 0.3339100315237985 0.33697481360149695 0.23282486842370284 0.2357298397546493 0.23996347067897578 0.2392429260870179 0.2406825004861533 0.24257748400143062 0.24096747774276206 0.24322963307069867 0.24322373610534023 0.28419781008384654 0.28278576724668986 0.2805888566285684 0.2768369615175617 0.27655068724076665 0.2764355237231647 0.2771904082814663 0.24313257572834765 0.23879922318117666 0.2393403732140736
-1.0 -1.0 -1.0 -1.0 -1.0 -1.0 -1.0 -1.0 -1.0 -1.0 -1.0 0.0 0.28782834844977556 0.2975039843110814 0.29760532602135137 0.2970577552467346 0.2966219254373761 0.29625492958014765 0.29600385771351306 0.2960895884722285 0.2965312855360777 0.29690737736532374 0.29743022989148005 0.22580180383958037 0.298704019296703 0.29453198347249177 0.2759830346877397 0.26763084246116464 0.27642968466526086 0.2776056951194565 0.27048750164447677 0.23165251126745579 0.2318322383655338 0.21016977337285328 0.219736608273377 0.1850366242507923 0.24060113577582787 0.0 0.046819833925328874 0.18687565937012746 0.2007787355282009 0.19700067727880274 0.15650285428073843 0.17952162933519922 0.22260855705461638 0.33390785098132475 0.2365281787462053 0.23765810972147502 0.2390575098657919 0.24071699931113072 0.2369710950191509 0.24056964788814444 0.24787675604977424 0.24628227283222023 0.24280426260123356 0.27823881216180474 0.2811907888568363 0.27670319418505274 0.2761136103220166 0.27619739039650615 0.2738087321660629 0.2352297587620594 0.2407442926891335 0.23916963550514717 0.23473968719708885
-1.0 -1.0 -1.0 -1.0 -1.0 -1.0 -1.0 -1.0 -1.0 -1.0 -1.0 -1.0 0.0 0.2915282903188909 0.29707536756774516 0.2975844780808852 0.24481642471244713 0.2962693163245083 0.29649145325081433 0.29693636226041425 0.29662382217015404 0.2965603710567363 0.2971676967651567 0.29766401345122473 0.2977268679457286 0.297128164464671 0.2896034980436419 0.28003039546489145 0.27390843311854646 0.2744870455396575 0.22960609104673874 0.22280001214209189 0.22682382552519934 0.2177284179603919 0.22031797687169904 0.20289869448521106 0.18233933308314132 0.16583573982448777 0.18071323940966402 0.0 0.19450009944733004 0.22620523578895685 0.20493429591388504 0.20564330160750627 0.173106869911909 0.33252391514083063 0.23562897180383557 0.24312830930682308 0.24314724935746906 0.24240079689083788 0.23879941189958567 0.23571128994659069 0.24598951783055778 0.2443875070680661 0.2445835664886923 0.24032096667795894 0.2758228527492341 2.1878226375280618e-05 0.2758184843412631 0.27664439199591745 0.24244161041745266 0.24370625605838706 0.24070134166569102 0.23985954542958507 0.2304476619921431
-1.0 -1.0 -1.0 -1.0 -1.0 -1.0 -1.0 -1.0 -1.0 -1.0 -1.0 -1.0 0.0 0.2862962692431176 0.29309064369760623 0.2969286488225666 0.2975776859201566 0.2964418626489175 0.2965877057913838 0.29661212930916364 0.29695597663986867 0.29542134111275364 0.29425921093854823 0.29629992699394525 0.2973976814018243 0.29757882183386486 0.29725909205753903 0.2715632198556445 0.2721891730262101 0.26870794191633113 0.23448569892871338 0.22786049573240444 0.23033498231747712 0.23043277342936722 0.19573351948293116 0.1796638220821189 0.1882862424467785 0.14935129443235476 0.1003420838149756 0.0 0.0 0.0 0.021050248306223568 0.16284479027778154 0.19564196292749425 0.2233989048329602 0.23744119557501625 0.24040535985606082 0.24108589804084085 0.24339080882497552 0.24204186252652307 0.33496247868375995 0.2420805927485205 0.2430598929746248 0.2437444899234354 0.22792502036683857 0.23937336198738876 0.2388334433592996 0.26394568553552056 0.24309162722798763 0.2414631952120348 0.2328990636930633 0.23961996272573372 0.23959423627537932 0.2308216335785016
-1.0 -1.0 -1.0 -1.0 -1.0 -1.0 -1.0 -1.0 -1.0 -1.0 -1.0 -1.0 0.0 0.0 0.2682471699324045 0.288754393241816 0.2960904330716474 0.2968461714350025 0.2973811107054259 0.2971792508089914 0.29743322497140956 0.29488419643200536 0.2953378466685016 0.26951306012779325 0.29311236630243565 0.285550812432904 0.297117414923335 0.29572537055422476 0.25472097981578157 0.2677082159416763 0.2365952043429872 0.23307608538790905 0.22871156261740688 0.22534758172458155 0.20639934976212218 0.19133649406211406 0.0 0.0 0.0 0.0 0.0 0.0 0.0 0.0856618470656836 0.17197008710235495 0.1463880103203103 0.23474342627120381 0.23735975501229323 0.23851491664378593 0.2417880405854297 0.2439135017423225 0.3396518900539238 0.33845795989724403 0.3333378290774765 0.3372389294513486 0.2946585887590499 0.22687414004997575 0.23359562116670096 0.23932624994812227 0.23673247577983858 0.23795977805703689 0.24052857207113515 0.24100973793399497 0.23853109554828344 0.23297959896633064
-1.0 -1.0 -1.0 -1.0 -1.0 -1.0 -1.0 -1.0 -1.0 -1.0 -1.0 -1.0 -1.0 0.0 0.16920016610721347 0.27991553784394946 0.18800860456002305 0.24534999308422345 0.24683711251063445 0.2974592736199331 0.2975177075889512 0.2971871387061852 0.16596376442248467 0.13960392793308574 0.11709696699385873 0.26605746634882016 0.2929765459785481 0.2962352512430221 0.2961825147315841 0.29565872654836167 0.25870542879706626 0.2257437683790913 0.19365348772250424 0.177367796402898 0.225061357146984 0.20672155001586914 0.04812085532053077 0.0 0.0 0.0 0.0 0.0 0.0 0.0 0.10299236115352377 0.20560630864153848 0.21738119673707357 0.22913301158072322 0.23010168393032496 0.3369611628383241 0.2396718573423898 0.26838862160188237 0.2934708593919138 0.3326706972078093 0.3302930998590515 0.2257982103407465 0.22205041450819304 0.22684656361950767 0.24140023825138843 0.3390715607858661 0.2407378138137776 0.24008109413079567 0.23993644744908932 0.2364675270043591 0.22904817606256103
-1.0 -1.0 -1.0 -1.0 -1.0 -1.0 -1.0 -1.0 -1.0 -1.0 -1.0 -1.0 -1.0 -1.0 0.0 0.0 0.28615001945117297 0.26598594349962895 0.2039722454360963 0.252768165728656 0.25860385874455893 0.29760781861772506 0.259862098288241 0.2965014202590428 0.08958366306360702 0.0 0.2915666024719982 0.29609439307646024 0.2961233915430867 0.29520012102373006 0.2928401598338284 0.24425680279163273 0.24418017909649717 0.2078811649631418 0.18094956023071834 0.21293660076328597 0.0 0.0 0.0 0.0 0.0 0.0 0.0 0.14609266900286946 0.0924408404464043 0.1779011595905089 0.1945593519306158 0.22523942935882424 0.2088824086155543 0.2200920676717267 0.1889852410137841 0.29247588404226826 0.25466917154360263 0.2368788411915221 0.21590394496610588 0.22408614871396942 0.2398615725187329 0.23838292512015016 0.23675115948458023 0.3362370365581032 0.2400261851279695 0.2399404635418194 0.23170346357752744 0.22860537178214002 0.27491563505554717
-1.0 -1.0 -1.0 -1.0 -1.0 -1.0 -1.0 -1.0 -1.0 -1.0 -1.0 -1.0 -1.0 -1.0 -1.0 0.0 0.0 0.0 0.1324605316267151 0.2869265730997307 0.22688905551191266 0.254321756931312 0.2558635752150125 0.29342251049975987 0.14479369265220962 0.0 0.0 0.27636767379361954 0.29628251498440233 0.29071983383096506 0.2890392278086513 0.2893447622457973 0.23690025586052613 0.2355028875413327 0.19584265451028726 0.2378632299273695 0.23560478978555457 0.0 0.0 0.0 0.0 0.0 0.0 0.11258975009608076 0.13068616154433263 0.15981101765951067 0.20158730105573489 0.16251125365616206 0.19525406436151202 0.2227765729324671 0.29266559448475993 0.2724001681663404 0.22789910236583594 0.2513974021002109 0.23844023153355556 0.2346574454936395 0.33874038241001436 0.33937761782067155 0.33610410607858504 0.336639629317334 0.3367521846509685 0.2385921618807254 0.22339040661428936 0.2292525106765542 0.2927968834246727
-1.0 -1.0 -1.0 -1.0 -1.0 -1.0 -1.0 -1.0 -1.0 -1.0 -1.0 -1.0 -1.0 -1.0 -1.0 -1.0 -1.0 0.0 0.0 0.0 0.0 0.1841995189926314 0.2054094716789958 0.23737084959293853 0.2489329399065389 0.13584748411324576 0.0 0.0 0.2787299224407184 0.2959186989801183 0.2942561347783261 0.2945483464055489 0.24228410837840664 0.24476111776564063 0.23990709835617363 0.22971047707687844 0.14793129560507545 0.05757342229174205 0.0 0.0 0.0 0.0 0.0 0.19523542091194152 0.26211823368372955 0.1592820145780339 0.155176074431373 0.14529635587861042 0.1515301555693404 0.1770989240083028 0.18512750615961504 0.18370082360845613 0.1480862401956784 0.1896849243731462 0.23527793883277917 0.22757799612934848 0.2267173558182307 0.33823800641689067 0.3376183720648181 0.33513630797417815 0.3361740579539489 0.33523343050311405 0.3294129730235059 0.2230353787858744 0.22342477703426486
-1.0 -1.0 -1.0 -1.0 -1.0 -1.0 -1.0 -1.0 -1.0 -1.0 -1.0 -1.0 -1.0 -1.0 -1.0 -1.0 -1.0 -1.0 -1.0 0.0 0.0 0.0 0.22839138158458167 0.17832303679049805 0.2805567827821643 0.24409021423359703 0.08249741015067014 0.16204112166320422 0.2633034706810722 0.29459602198404444 0.29508848915199304 0.29471321917017385 0.2938582411418724 0.26602216291133207 0.2657713904660991 0.24789223388824216 0.18089186853859335 0.0 0.0 0.0 0.0 0.0 0.0 0.23691761756865426 0.2237926967579612 0.23934374172092066 0.1404333863183009 0.1229472446779252 0.16572153503992537 0.16929665143985356 0.17493560988833012 0.18219615996165076 0.17667528935320648 0.18781147525877115 0.2726581775271739 0.2318982356526773 0.33527615353683493 0.337580526479359 0.3347122012657306 0.3347325656386403 0.33461025386201737 0.32936730084940025 0.3288687943373786 0.3323751029021203 0.2183021559039137
-1.0 -1.0 -1.0 -1.0 -1.0 -1.0 -1.0 -1.0 -1.0 -1.0 -1.0 -1.0 -1.0 -1.0 -1.0 -1.0 -1.0 -1.0 -1.0 -1.0 -1.0 0.0 0.0 0.0 0.21688358147435463 0.0 0.20566183803042126 0.03734272175301112 0.2562974946205853 0.24619173970547842 0.2954336293674638 0.2956023180975007 0.2890694053467447 0.2913952356970167 0.23640725327313514 0.23589989388869895 0.20655233153973837 0.0 0.0 0.0 0.09645597580028983 0.13296690090521285 0.25334366897549 0.255046160167551 0.0 0.0 0.09955298822424657 0.13360755988629774 0.16970411295562052 0.17184646984660598 0.17031187369435385 0.1630205852335812 0.17584178030746525 0.17916362054760687 0.19063923423068815 0.23207841468695628 0.22998268147293505 0.2329541400268452 0.3341050732366326 0.33625222682417205 0.2361683393641285 0.22774759008718581 0.2271651825442415 0.23591160211853143 0.2305117510749169
-1.0 -1.0 -1.0 -1.0 -1.0 -1.0 -1.0 -1.0 -1.0 -1.0 -1.0 -1.0 -1.0 -1.0 -1.0 -1.0 -1.0 -1.0 -1.0 -1.0 -1.0 -1.0 0.0 0.0 0.0 0.0 0.0 0.0 0.0 0.0 0.21009398283110714 0.2898640159588406 0.29417364479123015 0.29364481642854323 0.2942624246925593 0.29254324645135504 0.2897427734204585 0.2857448382427236 0.0 0.0 0.0 0.12227895470340872 0.1372427854952345 0.13448631244365322 0.0 0.0 0.0 0.040702848557954335 0.0 0.14470773515101631 0.1661470804204256 0.16200256812333466 0.1640053565688051 0.1389429575715378 0.18497171467608645 0.23021644130466923 0.3350598940232059 0.3361101094497112 0.33595167015084776 0.23206746090444044 0.23350755992984726 0.23284531696790745 0.2326791448595303 0.23112245943969406 0.2222002283125972
-1.0 -1.0 -1.0 -1.0 -1.0 -1.0 -1.0 -1.0 -1.0 -1.0 -1.0 -1.0 -1.0 -1.0 -1.0 -1.0 -1.0 -1.0 -1.0 -1.0 -1.0 -1.0 -1.0 0.0 0.0 0.0 0.0 0.0 0.0 0.0 0.0 0.2926414433366314 0.2941973469165388 0.29375643890511927 0.2894236885734364 0.2906296134591585 0.288835869934386 0.0 0.0 0.0 0.0 0.0 0.10629130426804824 0.11845014938508029 0.12491683192712875 0.2178089181568348 0.0 0.0 0.0 0.13567231488641213 0.15530945949962768 0.14855487620544747 0.1594985837076183 0.1728565874815542 0.17543309233765428 0.32468634686958786 0.3335842505950047 0.3304065021227764 0.23074327189666627 0.23274051387754313 0.2285277988261233 0.22528772041150766 0.22989240205946837 0.22191207351045364 0.20494853792088286
-1.0 -1.0 -1.0 -1.0 -1.0 -1.0 -1.0 -1.0 -1.0 -1.0 -1.0 -1.0 -1.0 -1.0 -1.0 -1.0 -1.0 -1.0 -1.0 -1.0 -1.0 -1.0 -1.0 -1.0 0.0 0.0 0.0 0.0 0.0 0.0 0.0 0.0 0.29412039168150017 0.2944571691369257 0.29223140284925037 0.2902900705707524 0.28852462048174354 0.0 0.0 0.0 0.0 0.0 0.0 0.11958073135616643 0.0 0.1349645994615766 0.1364995930301827 0.11895737833096011 0.0 0.026099002745137448 0.13972620549538542 0.14915063037716125 0.1635326582062981 0.1603176714140095 0.1742550235296642 0.32300365363851746 0.3242826723081307 0.3325782543621223 0.33265885162040204 0.22631497535441616 0.22033655746757436 0.21957000717882025 0.22018944456160178 0.2079037608908448 0.15806645485603416
-1.0 -1.0 -1.0 -1.0 -1.0 -1.0 -1.0 -1.0 -1.0 -1.0 -1.0 -1.0 -1.0 -1.0 -1.0 -1.0 -1.0 -1.0 -1.0 -1.0 -1.0 -1.0 -1.0 -1.0 0.0 0.0 0.0 0.0 0.0 0.0 0.0 0.0 0.2903862148998145 0.292864570749009 0.29015197854817354 0.2916930099645514 0.2026579664547545 0.0 0.27987776786800106 0.0 0.0 0.0 0.0 0.05376746756552669 0.07811457693417292 0.01572645209894729 0.1559152759296236 0.13124484400611747 0.13203442351539257 0.10710375550318121 0.12616676838087568 0.12708714844366176 0.0 0.15128795579785254 0.2757485888606074 0.22491475489850565 0.3261314095893951 0.3327924427968741 0.33178292257103104 0.3317020165263956 0.3292553287055998 0.21350821045844592 0.2094670450959549 0.17791911296930887 0.20457314624579406
-1.0 -1.0 -1.0 -1.0 -1.0 -1.0 -1.0 -1.0 -1.0 -1.0 -1.0 -1.0 -1.0 -1.0 -1.0 -1.0 -1.0 -1.0 -1.0 -1.0 -1.0 -1.0 -1.0 -1.0 0.0 0.0 0.0 0.0 0.0 0.0 0.0 0.0 0.2627185145283512 0.283692241801675 0.2910842857054867 0.29282531208996143 0.1300057997832795 0.23797577530244718 0.28794307995271795 0.0 0.0 0.0 0.0 0.0 0.07139887241787232 0.013344656538574933 0.0 0.09219530356245216 0.0 0.09639673132097175 0.11135266514195011 0.13149817590423007 0.14332456478258113 0.16454505403336506 0.22281934775235654 0.27482763203473165 0.22475541804196528 0.33027436554590595 0.226254524182562 0.3305766276099036 0.32773621106102 0.31845094912480404 0.2994127344337794 0.18003542412171394 0.1613183419798495
-1.0 -1.0 -1.0 -1.0 -1.0 -1.0 -1.0 -1.0 -1.0 -1.0 -1.0 -1.0 -1.0 -1.0 -1.0 -1.0 -1.0 -1.0 -1.0 -1.0 -1.0 -1.0 -1.0 -1.0 0.0 0.0 0.0 0.0 0.0 0.0 0.0 0.0 0.0 0.2834310741664173 0.2878653271686338 0.2923305633251444 0.0 0.27817923207459394 0.10368866030335394 0.0 0.0 0.0 0.0 0.0 0.0 0.0 0.0 0.0 0.07196233438734044 0.04797372333086034 0.12495642363927252 0.2229795207610868 0.26648190243256864 0.26501361916411786 0.2749750589168553 0.18324707908724155 0.22180456901090267 0.21750078102215978 0.32851557233039996 0.3278642425292966 0.3226614675372859 0.31775501698068004 0.19287475802759185 0.10447877594510568 0.0
-1.0 -1.0 -1.0 -1.0 -1.0 -1.0 -1.0 -1.0 -1.0 -1.0 -1.0 -1.0 -1.0 -1.0 -1.0 -1.0 -1.0 -1.0 -1.0 -1.0 -1.0 -1.0 -1.0 -1.0 0.0 0.0 0.0 0.0 0.0 0.0 0.0 0.0 0.0 0.27901742081166636 0.27578584395472056 0.290853101764007 0.0 0.29019026247555635 0.0 0.0 0.0 0.0 0.0 0.0 0.0 0.0 0.0 0.035453654495960225 0.02025837346125499 0.07716257640011981 0.10225393105868974 0.20477969853460867 0.266268705578532 0.26205364111486545 0.22102039316708022 0.21912892335200204 0.21330515706065162 0.3265128342085816 0.32108436027236936 0.3205603048147543 0.317421381951901 0.2324713848311646 0.21134645678163883 0.13576145313147064 0.256829369675756
-1.0 -1.0 -1.0 -1.0 -1.0 -1.0 -1.0 -1.0 -1.0 -1.0 -1.0 -1.0 -1.0 -1.0 -1.0 -1.0 -1.0 -1.0 -1.0 -1.0 -1.0 -1.0 -1.0 -1.0 0.0 0.0 0.0 0.0 0.0 0.0 0.0 0.0 0.0 0.0 0.0 0.29057113299874554 0.2311607495282374 0.2904062501583496 0.0 0.0 0.0 0.0 0.0 0.0 0.0 0.08914355481927845 0.023680558183800816 0.153531992640017 0.0 0.1121809997565808 0.24211648225149732 0.19482653198160693 0.25212122924660635 0.2108193233357399 0.22260282280923058 0.22035189080323137 0.21832528886056382 0.32476438664027996 0.3144982332511714 0.3163617570521497 0.19926973031666048 0.14421715763176882 0.24507662432105604 0.2295397358770996 0.22875118905846184
-1.0 -1.0 -1.0 -1.0 -1.0 -1.0 -1.0 -1.0 -1.0 -1.0 -1.0 -1.0 -1.0 -1.0 -1.0 -1.0 -1.0 -1.0 -1.0 -1.0 -1.0 -1.0 -1.0 -1.0 0.0 0.0 0.0 0.0 0.0 0.0 0.0 0.0 0.0 0.0 0.0 0.1900249133250386 0.2924879594981626 0.05300181762730245 0.02612454827106585 0.0 0.0 0.0 0.0 0.0 0.1151887348646664 0.0982984887095461 0.14998442690218247 0.0 0.04234002614440953 0.12539672276964003 0.2472888183816033 0.2546532715214618 0.2531898926038427 0.2192497336244629 0.2128106515285619 0.21716478782357396 0.22449462562858633 0.21540212426808217 0.20342853934471705 0.19376508409002777 0.16171411586872908 0.20074967761722992 0.24938024124984373 0.24959009871972054 0.2629145722452152
-1.0 -1.0 -1.0 -1.0 -1.0 -1.0 -1.0 -1.0 -1.0 -1.0 -1.0 -1.0 -1.0 -1.0 -1.0 -1.0 -1.0 -1.0 -1.0 -1.0 -1.0 -1.0 -1.0 -1.0 0.0 0.0 0.0 0.0 0.0 0.0 0.0 0.0 0.0 0.0 0.0 0.28716994055215644 0.19866481192061983 0.0 0.01116860579756941 0.0 0.0 0.0 0.0 0.034666930447736916 0.1168322459562865 0.10569448393959527 0.09485297509366611 0.13522034142904604 0.06536339646012052 0.05498922684010618 0.0834629953663704 0.14325271682631116 0.15031483807461832 0.2216334520317463 0.22599835503000879 0.0 0.22123302355455032 0.22872507016964022 0.21914907225517255 0.1954385401934842 0.20156863883323123 0.19819010806357448 0.271049766986616 0.27414550141816507 0.2655544739894763
-1.0 -1.0 -1.0 -1.0 -1.0 -1.0 -1.0 -1.0 -1.0 -1.0 -1.0 -1.0 -1.0 -1.0 -1.0 -1.0 -1.0 -1.0 -1.0 -1.0 -1.0 -1.0 -1.0 -1.0 0.0 0.0 0.0 0.0 0.05453610076498822 0.0 0.0 0.0 0.0 0.0 0.0 0.12707513725324784 0.0 0.0 0.0 0.0 0.0 0.0 0.0 0.0 0.0 0.009227227324748039 0.08657483661530425 0.14404806860106706 0.14863298031551125 0.06396147394523778 0.259612989542234 0.1448136926038802 0.0 0.22384477711849687 0.2320350274698456 0.23108107715458523 0.22452435330873438 0.21375829298777171 0.19033937781182442 0.21254248171016796 0.214351933600187 0.21683730023709086 0.17183710489145737 0.21660490611188904 0.23382650782251638
-1.0 -1.0 -1.0 -1.0 -1.0 -1.0 -1.0 -1.0 -1.0 -1.0 -1.0 -1.0 -1.0 -1.0 -1.0 -1.0 -1.0 -1.0 -1.0 -1.0 -1.0 -1.0 -1.0 0.0 0.0 0.0 0.0 0.0 0.13227874014049115 0.0 0.0 0.1273195217430856 0.0 0.0 0.0 0.2888966909408821 0.06923689439289411 0.01779896760252257 0.06790200577126863 0.0 0.0 0.0 0.0 0.0 0.002721837561099297 0.1449286546307934 0.09325858410840528 0.1443309422898796 0.15469659701957064 0.13291908061069124 0.12262044956854673 0.0 0.0 0.2097293700998022 0.23054552857333827 0.2351734878182778 0.23075668105616157 0.18733806488652505 0.0 0.2262948752842886 0.23214189187906809 0.2285887084799214 0.22924579848444876 0.28656767851536824 0.0
-1.0 -1.0 -1.0 -1.0 -1.0 -1.0 -1.0 -1.0 -1.0 -1.0 -1.0 -1.0 -1.0 -1.0 -1.0 -1.0 -1.0 -1.0 -1.0 -1.0 -1.0 -1.0 -1.0 0.0 0.0 0.0 0.0 0.0 0.0 0.0 0.2728447662227296 0.0 0.0 0.20704083588507083 0.19700890036580596 0.15661084058782332 0.16143577574687842 0.1434073511300128 0.0 0.0 0.0 0.0 0.00923418596254826 0.05806036142077757 0.10148339214827116 0.0902205745317929 0.09424070054836776 0.10744215165024065 0.13161008943105226 0.13754494317217617 0.041340660507167566 0.0 0.0 0.19564354159086292 0.22876602263635018 0.23059493929461594 0.11375575665035219 0.09984488713159598 0.2383708204920335 0.2371134869365137 0.2408802468533747 0.0 0.20407255965121734 0.27602229216188123 0.26359914283495706
-1.0 -1.0 -1.0 -1.0 -1.0 -1.0 -1.0 -1.0 -1.0 -1.0 -1.0 -1.0 -1.0 -1.0 -1.0 -1.0 -1.0 -1.0 -1.0 -1.0 -1.0 -1.0 -1.0 0.0 0.0 0.0 0.0 0.0 0.18283359443733388 0.0 0.0 0.2268328452872618 0.0 0.2857982139317706 0.2918930413090314 0.16257163313531509 0.26448375722369477 0.0 0.0 0.0 0.0 0.0 0.0 0.12988541523737882 0.13177410094333294 0.16191639848347036 0.11059222968430445 0.11249497572977214 0.1338623069313131 0.14388557692585202 0.0 0.04477440512581139 0.01894590439881374 0.18483665011426828 0.1954247329904759 0.22189571427013605 0.2168241832903448 0.24449364851847996 0.24550991324758198 0.2450066374559931 0.208446206686944 0.23156700820220266 0.2782943441871494 0.2775971744937696 0.28621624538098955
-1.0 -1.0 -1.0 -1.0 -1.0 -1.0 -1.0 -1.0 -1.0 -1.0 -1.0 -1.0 -1.0 -1.0 -1.0 -1.0 -1.0 -1.0 -1.0 -1.0 -1.0 -1.0 -1.0 0.0 0.0 0.0 0.0 0.0 0.0 0.0 0.0 0.0 0.2547509405158662 0.295645182241113 0.19084892672304987 0.15595587893770213 0.0 0.0 0.0 0.0 0.0 0.0 0.06771540361901233 0.19345421216406353 0.15157456960556173 0.16794079408107104 0.09896600669697103 0.0887466662662725 0.12506119022973727 0.1528275413116338 0.13397056010932834 0.09051004458313204 0.2546918628141141 0.26279286662177787 0.2558659067624956 0.2127915331437039 0.17565785477890494 0.21362533547729093 0.21321706530682308 0.21187187679777805 0.21360573043784195 0.21357485935801662 0.27676098159054147 0.28443445329899664 0.244146134061027
-1.0 -1.0 -1.0 -1.0 -1.0 -1.0 -1.0 -1.0 -1.0 -1.0 -1.0 -1.0 -1.0 -1.0 -1.0 -1.0 -1.0 -1.0 -1.0 -1.0 -1.0 -1.0 -1.0 0.0 0.0 0.0 0.0 0.0 0.0 0.27391851453700483 0.0 0.2478412932607368 0.2951021169743752 0.29611242549997546 0.1551646169978097 0.011055198500342754 0.0 0.0 0.0 0.0 0.0 0.0 0.1325336796875298 0.20263374229676415 0.22712402445082974 0.23057196409889794 0.21383208385512303 0.1152345047213988 0.1848581554975414 0.18668140482379297 0.21973949515524993 0.09943483102934511 0.2526489905784549 0.27529020357667416 0.21942744494998417 0.21245608428699356 0.17507684948910252 0.20740068709270137 0.21533166188763742 0.21543417513198765 0.21607034488971938 0.21875086746926545 0.2827390729414351 0.2855499131058568 0.2591869545800166
-1.0 -1.0 -1.0 -1.0 -1.0 -1.0 -1.0 -1.0 -1.0 -1.0 -1.0 -1.0 -1.0 -1.0 -1.0 -1.0 -1.0 -1.0 -1.0 -1.0 -1.0 -1.0 -1.0 0.0 0.0 0.0 0.0 0.0 0.2018688554371498 0.27732833887970787 0.26554631476539226 0.2878217272543446 0.29509731222690533 0.20040875666620028 0.2920094325983981 0.047290648031100585 0.0 0.0 0.0 0.0 0.0 0.0 0.1324768109746915 0.15745657413556635 0.24668474270450214 0.1948663641759094 0.24393042313599111 0.18009571935323032 0.21383908474997695 0.19760716513134963 0.26435338184196255 0.2683039094818509 0.25451829113007746 0.2591547106182041 0.24071927216705216 0.23913745972123163 0.20092672360883965 0.2106206552056637 0.20356590975928834 0.2110507018333098 0.2174986730653196 0.21763045281603305 0.2103240079184442 0.25449568321590693 0.25519730342016694
