Model Version1.4/trunk/output/1999/fle_nat.asc
ncols 720
nrows 360
xllcorner -180
yllcorner -90
cellsize 0.5
NODATA_value -1
[rows 29 to 57 of 360, columns 65 to 129 of 720]
-1.0 -1.0 -1.0 -1.0 -1.0 -1.0 -1.0 -1.0 -1.0 -1.0 -1.0 -1.0 -1.0 -1.0 -1.0 -1.0 -1.0 -1.0 -1.0 -1.0 -1.0 -1.0 -1.0 -1.0 -1.0 -1.0 -1.0 -1.0 -1.0 -1.0 -1.0 -1.0 -1.0 -1.0 -1.0 -1.0 -1.0 -1.0 -1.0 -1.0 -1.0 -1.0 -1.0 -1.0 -1.0 -1.0 -1.0 -1.0 -1.0 -1.0 -1.0 -1.0 -1.0 -1.0 -1.0 -1.0 -1.0 -1.0 -1.0 0.21307067470197308 0.24030570948979205 0.2367677455933597 0.23658963374095726 0.23730002994279914 0.2324081234405353
-1.0 -1.0 -1.0 -1.0 -1.0 -1.0 -1.0 -1.0 -1.0 -1.0 -1.0 -1.0 -1.0 -1.0 -1.0 -1.0 -1.0 -1.0 -1.0 -1.0 -1.0 -1.0 -1.0 -1.0 -1.0 -1.0 -1.0 -1.0 -1.0 -1.0 -1.0 -1.0 -1.0 -1.0 -1.0 -1.0 -1.0 -1.0 -1.0 -1.0 -1.0 -1.0 -1.0 -1.0 -1.0 -1.0 -1.0 -1.0 -1.0 -1.0 -1.0 -1.0 -1.0 -1.0 -1.0 -1.0 -1.0 -1.0 -1.0 -1.0 -1.0 -1.0 -1.0 -1.0 -1.0
-1.0 -1.0 -1.0 -1.0 -1.0 -1.0 -1.0 -1.0 -1.0 -1.0 -1.0 -1.0 -1.0 -1.0 -1.0 -1.0 -1.0 -1.0 -1.0 -1.0 -1.0 -1.0 -1.0 -1.0 -1.0 -1.0 -1.0 -1.0 -1.0 -1.0 -1.0 -1.0 -1.0 -1.0 -1.0 -1.0 -1.0 -1.0 -1.0 -1.0 -1.0 -1.0 -1.0 -1.0 -1.0 -1.0 0.24820786465033556 0.2550399517173879 0.253163561704299 0.25260233983832137 0.2520531987352908 0.24809290163595907 0.24618026106400945 0.244676374090804 0.2451378273324178 0.2422798480425463 0.24578170401235155 0.2385715633188551 0.2535424120413534 0.24605231104340256 0.23328667484104823 0.1764040848921456 0.0 -1.0 -1.0
-1.0 -1.0 -1.0 -1.0 -1.0 -1.0 -1.0 -1.0 -1.0 -1.0 -1.0 -1.0 -1.0 -1.0 -1.0 -1.0 -1.0 -1.0 -1.0 -1.0 -1.0 -1.0 -1.0 -1.0 -1.0 -1.0 -1.0 -1.0 -1.0 -1.0 -1.0 -1.0 -1.0 -1.0 -1.0 -1.0 -1.0 -1.0 -1.0 -1.0 -1.0 -1.0 -1.0 -1.0 -1.0 -1.0 0.24323253452188245 0.24577705458936708 0.2429635322443295 0.24594452923894994 0.24713381171815393 0.24727013946973253 0.2469249610602248 0.24591063135433433 0.24681874526922093 0.24677712721908876 0.24656442939370693 0.24754732442032024 0.2477267699581817 0.2484730846163562 0.24533271921822683 0.24599579707511288 0.2366734129877592 0.22875433768315392 0.16682686487324125
-1.0 -1.0 -1.0 -1.0 -1.0 -1.0 -1.0 -1.0 -1.0 -1.0 -1.0 -1.0 -1.0 -1.0 -1.0 -1.0 -1.0 -1.0 -1.0 -1.0 -1.0 -1.0 -1.0 -1.0 -1.0 -1.0 -1.0 -1.0 -1.0 -1.0 -1.0 -1.0 -1.0 -1.0 -1.0 -1.0 -1.0 -1.0 -1.0 -1.0 -1.0 -1.0 -1.0 -1.0 -1.0 -1.0 0.25688365148054537 0.24845491035691888 0.2453356782901102 0.24623385782828708 0.24592570561526386 0.2473448413273714 0.2474505847794018 0.24802170417930322 0.24707997550615013 0.24682320327269439 0.24683967823839378 0.2465419365930242 0.24663392634470507 0.2477082149005863 0.244771124627728 0.24489757826135908 0.24807736074708625 0.24608717353903753 0.2414772155644586
-1.0 -1.0 -1.0 -1.0 -1.0 -1.0 -1.0 -1.0 -1.0 -1.0 -1.0 -1.0 -1.0 -1.0 -1.0 -1.0 -1.0 -1.0 -1.0 -1.0 -1.0 -1.0 -1.0 -1.0 -1.0 -1.0 -1.0 -1.0 -1.0 -1.0 -1.0 -1.0 -1.0 -1.0 -1.0 -1.0 -1.0 -1.0 -1.0 -1.0 -1.0 -1.0 -1.0 -1.0 -1.0 -1.0 0.2529432762039829 0.24597916355881316 0.24509795143064356 0.24486326791006627 0.24669413382471372 0.2475992317204564 0.24749479614302533 0.24767637756434402 0.24773912686016142 0.24685575769354529 0.24458275397205484 0.23528624906673237 0.2420857402502496 0.25134266290076673 0.25594597389945206 0.25011770739670697 0.2491024174223452 0.24525174865136007 0.24688335784691207
-1.0 -1.0 -1.0 -1.0 -1.0 -1.0 -1.0 -1.0 -1.0 -1.0 -1.0 -1.0 -1.0 -1.0 -1.0 -1.0 -1.0 -1.0 -1.0 -1.0 -1.0 -1.0 -1.0 -1.0 -1.0 -1.0 -1.0 -1.0 -1.0 -1.0 -1.0 -1.0 -1.0 -1.0 -1.0 -1.0 -1.0 -1.0 -1.0 -1.0 -1.0 -1.0 -1.0 -1.0 0.25851375323466025 0.24960087183015586 0.2441544825032797 0.24536216235425945 0.2452591277779429 0.24658312158292525 0.2471613753899954 0.24744110648589146 0.24773821874990623 0.24632233565608536 0.2425881793032396 0.22978827861043166 0.1895906470091972 -1.0 0.2590919891412409 0.2496131276813842 0.24599036673635816 0.24705209695223088 0.2472013443490647 0.24642863902753964 0.24732189771087573
-1.0 -1.0 -1.0 -1.0 -1.0 -1.0 -1.0 -1.0 -1.0 -1.0 -1.0 -1.0 -1.0 -1.0 -1.0 -1.0 -1.0 -1.0 -1.0 -1.0 -1.0 -1.0 -1.0 -1.0 -1.0 -1.0 -1.0 -1.0 -1.0 -1.0 -1.0 -1.0 -1.0 -1.0 -1.0 -1.0 -1.0 -1.0 -1.0 -1.0 -1.0 -1.0 -1.0 -1.0 -1.0 0.25885356419687766 0.2473873200684153 0.24535196264506007 0.24564080045826103 0.24737310792633826 0.24751750241598386 0.24776910667514782 0.24737738083563646 0.24497658339520947 0.17574398707626232 0.0 -1.0 0.2504901306709497 0.2451950887925504 0.24879174134094276 0.24688558217494816 0.24826930380323706 0.24659821526038037 0.24462461904177127 0.24648639729856567
-1.0 -1.0 -1.0 -1.0 -1.0 -1.0 -1.0 -1.0 -1.0 -1.0 -1.0 -1.0 -1.0 -1.0 -1.0 -1.0 -1.0 -1.0 -1.0 -1.0 -1.0 -1.0 -1.0 -1.0 -1.0 -1.0 -1.0 -1.0 -1.0 -1.0 -1.0 -1.0 -1.0 -1.0 -1.0 -1.0 -1.0 -1.0 -1.0 -1.0 -1.0 -1.0 -1.0 -1.0 -1.0 -1.0 -1.0 0.2463743111411575 0.24770928977780804 0.24533561659287917 0.24072664961615028 0.23802037400983544 0.2433299999409464 0.19994886717891147 -1.0 -1.0 -1.0 -1.0 0.2520765524765871 0.2499824067132968 0.24455919170059764 0.24219648445854297 0.2439814056300571 0.2491796309324557 0.2515572246422418
-1.0 -1.0 -1.0 -1.0 -1.0 -1.0 -1.0 -1.0 -1.0 -1.0 -1.0 -1.0 -1.0 -1.0 -1.0 -1.0 -1.0 -1.0 -1.0 -1.0 -1.0 -1.0 -1.0 -1.0 -1.0 -1.0 -1.0 -1.0 -1.0 -1.0 -1.0 -1.0 -1.0 -1.0 -1.0 -1.0 -1.0 -1.0 -1.0 -1.0 -1.0 -1.0 -1.0 -1.0 -1.0 -1.0 -1.0 -1.0 -1.0 -1.0 -1.0 -1.0 -1.0 -1.0 -1.0 -1.0 -1.0 -1.0 0.26128268064688204 0.2509438714879925 0.24983658340172657 0.24835976006636507 0.24300302415800565 0.248805192100762 0.24887151253027415
0.0 0.0 0.0 0.0 -1.0 -1.0 0.0 0.0 0.0 0.0 -1.0 -1.0 -1.0 -1.0 -1.0 -1.0 -1.0 -1.0 -1.0 -1.0 -1.0 -1.0 -1.0 -1.0 -1.0 -1.0 -1.0 -1.0 -1.0 -1.0 -1.0 -1.0 -1.0 0.135564913164523 0.13999414603195023 0.13158330475423397 -1.0 0.0 0.07402643502048355 0.14608327958214062 0.15266022471819496 0.02198651451636192 -1.0 -1.0 -1.0 0.24075809116086241 0.22394911278609295 -1.0 -1.0 -1.0 -1.0 -1.0 -1.0 -1.0 -1.0 -1.0 -1.0 -1.0 -1.0 -1.0 -1.0 0.2576755381032601 0.2557766390906789 0.2562815377554826 0.2553126169631395
0.0 0.0 0.0 0.0 0.0 0.0 0.0 0.0 0.0 0.0 0.0 0.0 0.0 0.0 0.0 0.0 0.0 0.0 -1.0 -1.0 -1.0 -1.0 -1.0 -1.0 0.0 0.0 0.19458145079023959 0.0 -1.0 0.14633230519661372 0.14070725405360832 0.14858230408453485 0.1452855627393764 0.14708730453065785 0.1464585243615714 0.14635932021460615 0.12153655038829546 0.13919680735177792 0.14484700676028345 0.14793326150123973 0.15077874597846375 0.1455131480047652 0.16506490954840305 -1.0 0.2603021314822134 0.24520988362841395 0.2270629883618174 -1.0 0.22507136085988336 0.24305745747923435 0.24237842765107875 0.24280453891543885 0.24303516156230787 0.24824134255054214 -1.0 -1.0 -1.0 -1.0 -1.0 -1.0 -1.0 0.25346088779941756 0.24742936161705717 0.24707299610219138 0.24703627688951776
0.08151445943643734 0.035337478157055256 0.13788325981736985 0.11410651024438002 0.28773751046901613 0.0 0.0 0.0 0.0 0.0 0.0 0.0 0.0 0.0 0.0 0.0 0.12176345726600175 0.2915517559379943 0.0 0.2784311127972723 -1.0 -1.0 0.0 0.22074200493845603 0.0 0.0 0.25898199444602454 0.13893001664719737 0.1503713559197996 0.14063502766226205 0.12287749876595119 0.14996519984714451 0.1499950473268576 0.14977524774901274 0.14950673785420768 0.15239500660113062 0.15170387688259218 0.2434564152304198 0.24364468910670764 0.24462412482640383 0.2423710517794479 0.24470836904460458 0.2432005513178373 0.24112914586304693 0.24525441145644825 0.24184483153307315 0.24226394141605007 0.24439163503923617 0.24489469735278718 0.24615760628534952 0.2451148409942625 0.24589521580781873 0.24623979255448153 0.2459261210840486 0.2444254431811288 0.24563342615940661 0.24660987548782723 0.2490962085768738 0.24806615365331117 -1.0 -1.0 -1.0 0.2540946705737113 0.24339649918772568 0.2414889383577641
0.2976803897502961 0.2973496766209505 0.2962876713193912 0.2963019906197852 0.0 0.0 0.0 0.0 0.0 0.0 0.0 0.0 0.0 0.0 0.0 0.0 0.29472322627443687 0.2966450762978087 0.29739841478725126 0.2419758841517736 0.14849262085477885 0.1509037594742643 0.2258056974882245 0.0 0.0 0.0 0.0 0.0 0.13336717963873843 0.12295178058241617 0.24155533485356587 0.2463551528082067 0.24604528198161515 0.24559458841000673 0.2452013918694164 0.2430046325815712 0.24394349810416155 0.24378367356353273 0.24327737453797277 0.2439995006501303 0.24362864719523947 0.2421778500534647 0.24017909894177333 0.24298762009655067 0.24407982150367183 0.24437282892709739 0.24454792411199044 0.24591093476924722 0.24549825512903187 0.24442305716612236 0.24490615197669982 0.2453811657613503 0.2437587368746497 0.24196835694639424 0.24460389804188443 0.23428781588315226 0.24379282533975763 0.24675507933895402 0.24590440408808592 0.2461705238274139 0.24603492761420462 0.24812928495983919 0.24659440963262874 0.24675942481545934 0.24893729732684414
0.20986077840067185 0.20551120939504527 0.12166764955892491 0.0017773652294120164 0.0 0.021714919241433612 0.0 0.0 0.0 0.0 0.0 0.0 0.0 0.0 0.0 0.003613399641156441 0.08847714226435414 0.12376819190865337 0.13746145990775782 0.14210424724137727 0.24411028053806863 0.24488197708622805 0.24547288354680244 0.24578990202186005 0.0 0.0 0.0 0.0 0.24643511230860218 0.2400486777283001 0.24513067342849743 0.24611277249031407 0.24299951560708585 0.24362829306883016 0.24509951735699032 0.24508552214310114 0.2447997264024984 0.24416699570396594 0.24283051005525588 0.24408163250364442 0.24337681803534042 0.2387722307422472 0.2430673304641543 0.24331553702338732 0.24330671365927578 0.24457918884859123 0.24524014958360302 0.24540482205873337 0.24555224534604583 0.2437792591703782 0.2443812004123447 0.24585006764201345 0.24303021944961775 0.24570861341270367 0.24610450566669811 0.2310462644574657 0.24452550064899203 0.24614347320989133 0.24661414551713468 0.2449489138549461 0.2442953481935478 0.2398369605647342 0.24538690550746312 0.24703354486454182 0.2486463838785888
0.1387994494959286 0.1155194582209268 0.07250140903673659 0.0 0.0 0.0 0.0 0.0 0.0 0.0 0.0 0.0 0.0 0.0 0.0 0.0 0.08213956466141285 0.329826263094085 0.29929314004514995 0.11102395238808281 0.24432050523834095 0.24531990605621015 0.24570000003837664 0.3439798297434647 0.0 0.0 0.0 0.24381065728317386 0.24405408081794625 0.23882275029765776 0.2348438804138823 0.22698134795621103 0.24133506177795472 0.24267947585188554 0.24369687402776266 0.24567382027959636 0.24513030390326188 0.2449109151769586 0.244012249661887 0.2434102261823393 0.23628674541888176 0.24143272090265963 0.23976931175687605 0.2382670214424448 0.24052655126535671 0.24030854705731083 0.24393015927903303 0.2436724088730153 0.24539675181756332 0.24424099259022117 0.24344436192188115 0.24421889883574205 0.24363099586984716 0.24427472793093025 0.24465295985839378 0.24273778449581337 0.2448255908261644 0.24492101076819817 0.24277346945991835 0.24675119443956467 0.24625577204768775 0.24674060953138202 0.246716712888529 0.2462054933043569 0.24756401758464253
0.13466111861301205 0.14446169335194167 0.12300598716920132 0.06579532840692046 0.0 0.0 0.0 0.0 0.0 0.0 0.04842769814229961 0.058413456022880124 0.0 0.0 0.0 0.03604144215691565 0.0 0.0 0.0 0.11311123103732038 0.1456871944852165 0.14945629300220434 0.24540801018082564 0.343942223201986 0.34543366305873147 0.24533193228509662 0.2421301031907387 0.23686674688882214 0.23971310731814713 0.24251897883503917 0.24301243857985186 0.2410608403293294 0.24092658735185116 0.240662885681619 0.24058801483885306 0.24609941530052137 0.2458472631487192 0.24046301847851115 0.2447237396212222 0.2443398372120578 0.24017748202595826 0.2383796158592058 0.20515718635862673 0.21402914494582057 0.24127416241335514 0.2388322235179923 0.2436287379780008 0.24457319963828525 0.2444945997483603 0.2442844793485549 0.2430311124254364 0.24454379286387828 0.24468302879154663 0.24523699394080847 0.2444207239307316 0.243345146720822 0.1340291709576724 0.1350580198089668 0.13559597400814627 0.24473992253714674 0.24341208228923406 0.24570570338874903 0.24761137223338758 0.24727700595590876 0.2478072749845129
0.1648907511506793 0.0 0.0 0.0 0.0 0.0 0.0 0.0 0.0 0.056824042666697765 0.07474620731970924 0.07036873393134309 0.0 0.0 0.0 0.2511810176252972 0.1759848546861651 0.28187618752610927 0.29713411126910294 0.3308088966081336 0.34347196264467994 0.1502912373538093 0.15060446410771364 0.2449045900408271 0.34417828692037544 0.3457603768408434 0.13548929632744977 0.1370722236542391 0.13758364610299742 0.13469007754413012 0.13285835588149345 0.13389253650618346 0.1344512073563956 0.13404814085023825 0.13243924229193896 0.13360713607694638 0.13157257009463252 0.13242676026976705 0.13148413967712727 0.12988481810714528 0.13208388393571213 0.1329748346713991 0.09870563354251152 0.13034516355268455 0.1077588967822657 0.13090212140615717 0.1317585295864409 0.2415925146319686 0.2430593892568655 0.24079001688597512 0.23160457051258318 0.2166453132786308 0.0 0.0 0.0 0.0 0.12150610236489734 0.1332185355695473 0.13432899395459533 0.13234150175133838 0.2933308191167336 0.29209096988045347 0.29284945630518666 0.2934621682490413 0.29373955578382344
0.0 0.0 0.0 0.0 0.0 0.0 0.0 0.09774029219679813 0.09877379014584003 0.0987914006051907 0.10889523910845454 0.11857706204726888 0.1248990253182375 0.0 0.0 0.2673183733182623 0.2712237456152647 0.28533051746582755 0.3147415868652978 0.3301692971425615 0.3306460994144691 0.3343744791149173 0.3403463370389663 0.24281463393076272 0.24386722916479958 0.34363294731984845 0.3442030612770942 0.34303383714903385 0.3453367181685648 0.34589220100614293 0.3457474326125833 0.13377845298224816 0.13390934990811892 0.13401899193032643 0.13703542452930703 0.13696294051159108 0.13522130299354115 0.13374705399508466 0.13441625842483285 0.13455674990741567 0.12937232529388334 0.13405310680437854 0.13270475358198172 0.13076444197209616 0.12150027201107423 0.016201145974601167 0.09106468925996121 0.0 0.0 0.0 0.0 0.0 0.0 0.0 0.0 0.051821640321000347 0.061041239765412446 0.07359092363757234 0.03425396562593591 0.23151202964287695 0.28508711560963895 0.28781401776573096 0.28956471869021444 0.29083798588429577 0.29041958089792397
0.0 0.0 0.0 0.0 0.0 0.0 0.0 0.0 0.0 0.0 0.1083171650620757 0.062418281857007624 0.0 0.0 0.0 0.26961438084804584 0.2696661644824667 0.2731089205261644 0.2695830797914461 0.3091311242257085 0.32446066821168656 0.3382483074271136 0.3401864628304191 0.3415261900219166 0.3429583160557213 0.3423377967864734 0.34141279293259835 0.3428127887862546 0.3423547724362062 0.3424355782022266 0.3423662653733672 0.34205357432516914 0.34262215738037105 0.34113985996816903 0.2633668889076252 0.26505409156970766 0.26015115712619835 0.0 0.0 0.0 0.0 0.0 0.0 0.0 0.0 0.0 0.0 0.0 0.0 0.0 0.0 0.0 0.0 0.0 0.0 0.0 0.0 0.0 0.2129682481932437 0.26828005276797734 0.27543545097647554 0.2861909022784973 0.28762764316814776 0.2888945886215459 0.2861210827597173
0.0 0.0 0.0 0.13267705963388268 0.1212530787431875 0.0 0.0 0.0 0.0 0.0 0.0 0.0 0.0 0.0 0.0 0.0 0.0 0.27560086494556385 0.28556112950170004 0.28410771887288483 0.28141323444291005 0.2864269162416375 0.2851343154292133 0.3396072169289646 0.3433673415303747 0.3441884502612966 0.34219771204711896 0.2961609076227923 0.2972123813582844 0.2965944061784948 0.2970288305718566 0.2977401068366273 0.2982266949656552 0.29951547755848157 0.29986705442840533 0.3001187396176297 0.2657323630754184 0.06099880711476416 0.12742996020450365 0.0 0.0 0.0 0.0 0.0 0.0 0.0 0.0 0.0 0.0 0.0 0.0 0.0 0.0 0.0 0.0 0.0 0.10631210745831432 0.08483044738143798 0.2559331402536346 0.2737054368929952 0.27177551392573984 0.2837815945990768 0.28499092110472396 0.2879252222616214 0.2946875879273068
0.0 0.0 0.0 0.0 0.1616902090367412 0.0 0.0 0.2953545740314867 0.0 0.0 0.1519513455247012 0.0 0.0 0.0 0.0 0.0 0.0 0.0 0.0 0.0 0.0 0.0 0.28868615636696837 0.28717131364924836 0.2929332940963387 0.2942616218526442 0.29587842499464284 0.2968318087238465 0.29671790820102695 0.29729525596745754 0.29777391779551315 0.29817109709903866 0.2985145582967323 0.2986642719513259 0.3008439079625548 0.3008218123286932 0.30063494616965053 0.3002872427590193 0.299858587480112 0.2988883479942632 0.29979970505458375 0.23455944125582973 0.0 0.0 0.0 0.0 0.0 0.25211650848445943 0.03982691366132554 0.0 0.0 0.0 0.0 0.0 0.036372776247737736 0.08766477356782974 0.09176927450818713 0.09943427074639306 0.0 0.0 0.264664350265869 0.2709260648643525 0.27470531189619307 0.2825659502030164 0.27799196060907866
0.0 0.0 0.0 0.0 0.0 0.15427343114442987 0.16202626732015624 0.12549243133937818 0.15541930205714893 0.161327270123514 0.1606955346404611 0.1489005509514465 0.07243346306050001 0.0 0.0 0.0 0.0 0.0 0.0 0.0 0.0 0.0 0.0 0.0 0.0 0.0 0.0 0.0 0.2883661809872818 0.0 0.0 0.0 0.29502226929066705 0.29848698258370776 0.3007329265535266 0.30082635422224246 0.30122836371882517 0.3012116559525587 0.30124809128256524 0.2998804016865892 0.3010187011260526 0.29847919176421694 0.30009157381376045 0.22805276693623203 0.2168729082028965 0.0 0.0 0.26110765177756273 0.0 0.0 0.0 0.0 0.0 0.041071141594066427 0.0 0.056708951249705326 0.05515794630559007 0.057541333850224294 0.097336053568534 0.0 0.0 0.12437471818573181 0.0 0.26526828301076233 0.1857704457365066
0.1350546659686266 0.13378712347182772 0.28734283175726905 0.29483482406869466 0.29179888108990104 0.29411886316271557 0.2865817376319995 0.0 0.0 0.1649734461869554 0.11547951687788488 0.0 0.14354563616080657 0.1572100285633427 0.0 0.0 0.0 0.0 0.0 0.0 0.0 0.0 0.0 0.0 0.0 0.0 0.0 0.0 0.0 0.0 0.0 0.0 0.29409863172202566 0.2735821600097586 0.2977783444337369 0.3008255695991707 0.3013642485833553 0.3010939242841911 0.3017021824988759 0.30052427446484803 0.30201573301873963 0.2997511083716791 0.2978450737979493 0.2995757540366108 0.2989617119618881 0.19520254356005468 0.0 0.0 0.0 0.0 0.07196909238828064 0.0 0.0 0.04640208949481632 0.019345906564029333 0.0 0.0 0.0 0.0 0.0 0.0 0.0 0.0 0.1104560135108657 0.17048772876270152
0.18343346579163003 0.17939674467757746 0.17457863868210957 0.1736049130389775 0.12968448456014375 0.1733933465489746 0.1387422500745357 0.17555911341291816 0.12851448452607672 0.0 0.0 0.0 0.0 0.15908378887966912 0.0 0.0 0.0 0.0 0.0 0.0 0.0 0.0 0.0 0.0 0.0 0.0 0.0 0.0 0.0 0.0 0.0 0.0 0.23855185766718634 0.27444851547465215 0.29769883988385465 0.2918935394999003 0.3011982699937804 0.3008285066350248 0.30188844159565065 0.30236778870347614 0.30185346172419797 0.3017277538499652 0.3016422686740854 0.29822031745271943 0.2994206201012737 0.2984092337280719 0.2329656974796065 0.0 0.1525497767238788 0.0 0.030981226103085978 0.08243122755226952 0.06839659468410658 0.03952159863273716 0.0603801061877209 0.0 0.0 0.0 0.0 0.0 0.0939729436247153 0.12154150024414435 0.0 0.0 0.0
0.18292157492987818 0.15622808961764933 0.11741983129253883 0.0 0.16961581976763368 0.17413825117228926 0.1775504070407432 0.18006608328096926 0.17540961675906147 0.17285638625224928 0.16808838052709738 0.2730459074388109 0.27736566667572976 0.15236455438735316 0.25047993510451977 0.0 0.0 0.0 0.0 0.0 0.0 0.0 0.0 0.0 0.0 0.0 0.0 0.0 0.0 0.0 0.0 0.0 0.0 0.2709499962509733 0.28403688448454545 0.29356556183600385 0.2982345566665133 0.301109004487201 0.3018320852507676 0.30262892945594855 0.3033880747717166 0.30254455641918027 0.3029528920782963 0.3025901736119256 0.3022315907075187 0.30082325919405273 0.16447057579557647 0.22264685528503547 0.25989303123862423 0.11534304482252196 0.0 0.0 0.0 0.0 0.0 0.0 0.0 0.0 0.0 0.0 0.0 0.0 0.0 0.0 0.2895183382110527
0.18294622650496564 0.1807032375685026 0.1784225419638893 0.18049793813539688 0.17261836964100197 0.29482964222926467 0.13694851957988746 0.14112346702400946 0.29342979541997494 0.2886447049063161 0.29524966613726983 0.2975258417787332 0.2986223928011023 0.3001430353591216 0.28145905468790733 0.2596134159378237 0.0 0.0 0.0 0.0 0.0 0.0 0.0 0.0 0.24829605325397863 0.20654557555861666 0.24911719623898634 0.2523084487943551 0.0 0.0 0.0 0.0 0.055812754653842986 0.22632600247429943 0.2882054316678741 0.29612346548349144 0.3007350890591383 0.3013464144227164 0.30132169743284853 0.30040371265343874 0.30235210891369774 0.30281878551073665 0.3024912586431491 0.30142553093388635 0.2994906483683973 0.29606248983842215 0.28893961485162056 0.25503873912405534 0.28771050950194965 0.2954806122502243 0.11035261090072469 0.12117377153090575 0.10705065976092669 0.0 0.19721788152340375 0.28898874814450837 0.24194941996767963 0.0 0.11697526734081568 0.25996455550857794 0.0 0.0 0.0 0.0 0.0
0.27709105342929574 0.1359094907759208 0.18001882515842355 0.1830133398885217 0.18484870459406852 0.18641643462268853 0.14905327143794675 0.13478836415851225 0.10010797948642698 0.12160711861032245 0.13472898541782555 0.284254444132634 0.29118385907693267 0.29728250977908616 0.2967629746276007 0.29876903931303467 0.26905112164564043 0.0 0.0 0.0 0.0 0.0 0.0 0.0 0.21228650685150643 0.17030196568579897 0.23667237837134183 0.29006236085376846 0.29418888383620273 0.26978454085813763 0.2829610955172193 0.0 0.0 0.10147985803652733 0.29020170068941636 0.29272904549856055 0.2991807581535238 0.30204090542604917 0.30237121718262644 0.30278284466906186 0.301648198738206 0.3007000008501087 0.2987001418092413 0.2978170869014931 0.2973179280757018 0.29836347731912677 0.29512958861481126 0.2982371196553636 0.2918571340096832 0.11627408674197638 0.11118555950209141 0.11427017122373981 0.28322429231190205 0.28410854757940146 0.29948643112580053 0.30010684838661134 0.30015860486503704 0.13272583544007072 0.1271300393830245 0.29772126899270707 0.2931863818169835 0.0 0.0 0.0 0.0
0.10635453929876545 0.0881403118633121 0.23806655698745938 0.2737392011896444 0.2834866020944393 0.2865491505484503 0.294296986888403 0.18679318984451912 0.1867587167278979 0.2980970407306515 0.2877295736266932 0.12555467628863448 0.021340172228168017 0.02499037272876539 0.06598458154665827 0.27849174914763614 0.29454042640147493 0.28476369994558304 0.0946229342235142 0.2296743216057171 0.0 0.0 0.1389363000529339 0.0 0.0 0.23227051201958965 0.23227979011882766 0.23130547913980004 0.29263737308326454 0.28221913230961865 0.2867528386454472 0.29184529789663194 0.2953217680950248 0.2891245176253521 0.2975222098251797 0.2959937769439801 0.2939510091702196 0.3010349568773484 0.30148266844476207 0.30170141179840115 0.30111986352918263 0.29913492095273375 0.2981763097631146 0.29625658896827795 0.2973202668110727 0.298326928758075 0.297507137614341 0.2976883531643783 0.29576498604030943 0.0 0.29327295943858306 0.1891985553549102 0.18867631785605485 0.30059329943897484 0.2958839394121084 0.29449983182886874 0.29624610155825876 0.29376922759565643 0.28294522384091786 0.2914473827301812 0.2809580125009573 0.21606690357763697 0.0 0.0 0.0
