Model Version1.4/trunk/output/1999/fle_nat.asc
ncols 720
nrows 360
xllcorner -180
yllcorner -90
cellsize 0.5
NODATA_value -1
[rows 87 to 115 of 360, columns 585 to 649 of 720]
0.0 0.0 0.0 0.0 0.0 0.0 0.0 0.0 0.0 0.0 0.0 0.0 4.496417260046912e-06 0.058738628589317374 0.0 0.28099292874115045 0.0 0.0 0.0 2.3658261384754506e-06 0.0 0.0 0.0 0.0 0.175156004182077 0.17010835109893782 0.0 0.06237930609444543 0.20422941019454785 5.596479792133974e-07 0.2597160802965797 0.29410048475139855 0.2956586489492181 0.10889432596215334 0.0973906077639124 0.0 0.13165633040145536 0.2864339304696642 0.2924545857758301 0.2495238256306089 0.19368449367688162 0.18378540825063183 0.11917620098565189 0.20684069056820611 0.21538034208828766 0.2972853508017267 0.2975857773417648 0.2979014907850824 0.2977487884584022 0.2977530706351082 0.3027926406315897 0.301752597946775 -1.0 -1.0 -1.0 -1.0 -1.0 -1.0 0.2905604514060073 0.2953832072142091 -1.0 0.08310876068635345 0.1926927057827696 -1.0 -1.0
0.0 0.0 0.0 0.0 0.0 0.0 0.0 0.0 0.0 0.0 0.0 0.0 0.0 0.0 0.0 0.2884032016885768 0.2926113535595645 0.0 0.217394136022919 0.0 0.0 2.921303346482694e-06 0.08062039591645057 0.1597877316626761 0.12162506366112634 0.0 0.2231488549977152 0.2196761960191555 0.16411866315966728 0.24155674982956307 0.24750992893509838 0.2918849571215092 0.00189776493785176 0.29542964956952 0.1066852540210421 0.2861059779851053 0.22738439299927224 0.2728485357639613 0.24796765542537771 0.2955049718703231 0.20122576769902561 0.1019123501191744 0.18415871077913612 0.2084813896384304 0.29696447568963064 0.2975270609810923 0.2978158391101307 0.29793111488974566 0.2978117107901222 0.2990339570212757 0.32618830110755725 -1.0 -1.0 -1.0 -1.0 -1.0 -1.0 -1.0 0.30496944252389413 -1.0 -1.0 -1.0 -1.0 -1.0 -1.0
0.0 0.0 0.0 0.0 0.0 0.0 0.0 0.0 0.0 0.0 0.0 0.0 0.0 0.0 0.28059611889699554 0.2946285572275872 0.29566613710812706 0.2198099542502235 0.0 0.0 0.0 0.0 0.11945701054152383 0.13397853535224802 0.06940424661682222 0.1449632387152459 0.13922305163467752 0.16641843788143415 0.0 0.24460030015526413 0.2394841147663426 0.0 0.2929887774255902 0.2969041173793782 0.2959459981505339 0.2628987220268613 0.23704636925245393 0.2771003688628433 0.16154327433137158 0.0 0.0 0.05655160510372537 0.20617511476427744 0.2969607003146292 0.2975141416481078 0.29782788723112363 0.2978617348659794 0.29789559703449003 0.3073106576625419 0.33093213307703523 -1.0 -1.0 -1.0 -1.0 -1.0 -1.0 0.35808629417395227 0.4382192661618227 0.29827927177271935 0.30892433011844594 -1.0 -1.0 -1.0 -1.0 -1.0
0.0 0.0 0.0 0.0 0.0 0.0 0.0 0.0 0.0 0.0 0.0 0.0 0.0 0.294637946000098 0.2898897356417886 0.29024847364059486 0.17004581598678017 0.17553234932250802 0.0 0.0 0.0 2.9782673209039192e-06 0.11910277479376034 0.1356926737894737 0.0 0.0 3.3395149522720975e-06 0.14380347477097769 0.0 0.1572213699210708 0.0 0.2675567694092042 0.2947235175129502 0.29423845949720817 0.21299703986481766 0.21166129858618377 0.29190556269161405 0.29480747831348864 0.1545630513333146 0.0 0.0 0.1928072642476963 0.20068295456075189 0.29740298431049217 0.29765560111727757 0.29777175081121 0.29700783151037974 0.3088387127113319 -1.0 -1.0 -1.0 -1.0 -1.0 -1.0 -1.0 -1.0 -1.0 -1.0 0.30175176787242725 0.2979105363824609 0.3025022615159243 0.3262885171967236 -1.0 -1.0 -1.0
0.0 0.0 0.0 0.0 0.0 0.0 0.0 0.0 0.0 0.0 0.0 0.28805010336591097 0.29203672290290417 0.2709787616269652 0.2891827236617054 0.0 0.0 0.0 0.0 0.0 0.0 0.09045183701915413 0.0 0.0 0.0927309095345203 0.17438946186780116 0.0 0.22196529650220542 0.1637495014281943 0.23677485968470197 0.2952038408466729 0.29687443328204205 0.2870653912978543 0.08233588604564032 0.29174265674590755 0.29696731377411234 0.2958721594359306 0.2925134132087217 0.0 0.18013928628316958 0.19656470303174625 0.2577007199170588 0.2964971630662713 0.29762624733707554 0.29766607024354635 0.29711731657438717 0.32544517892780106 -1.0 -1.0 -1.0 -1.0 -1.0 -1.0 -1.0 -1.0 -1.0 -1.0 -1.0 0.2927406277076038 0.30134442021713326 0.2928108513128781 0.2899972609555116 0.2186171306567996 0.227278565097047 0.22377258631493627
0.0 0.0 0.0 0.0 0.0 0.0 0.0 0.0 0.0 0.0 0.29000755338461104 0.2820802434968131 0.28375803141551537 1.0548422028639486e-05 0.0 0.0 0.0 0.0 0.0 0.0 0.15570782777886039 0.0 0.22219259082415818 0.15592725015995318 0.14738661718790194 0.04378685813573258 0.19682041215676327 0.18740984601312566 0.2598615825123271 0.2526991546703813 0.2885506299198068 0.19088827377922787 0.07448324506276131 0.2965426495712255 0.29675989804029873 0.29694707944817966 0.2957408046044439 0.29478093623485346 0.13670902007555003 0.19946373407095352 0.22364006007588305 0.2973380853908089 0.2977509352424423 0.2977874113257899 0.2972777770439207 0.3052884168269833 -1.0 -1.0 -1.0 -1.0 -1.0 -1.0 -1.0 -1.0 -1.0 -1.0 -1.0 0.31039001261549953 0.29324154865828916 0.220912537079864 0.2979392379922269 0.29780296238519904 0.21808058697961033 0.21665276279615303 0.221470508201629
0.0 0.0 0.0 0.0 0.0 0.0 0.0 0.0 0.0 0.2794292059890885 0.2872918955330641 0.0 0.0 0.0 0.0 0.0 0.0 0.0 0.0 1.761998913489839e-06 0.0 0.0 0.0 0.1804473350787883 0.11043509108727571 0.1817254569361779 0.22160555514954863 0.18276052450323924 0.2071771947169375 0.2937462643033894 0.2923871524513233 0.07538327983005869 0.28511235351975395 0.2879684340647683 0.2959121990834724 0.2969867315613536 0.29715875947943443 0.2966805630525439 0.18556726009265184 0.19942822159449883 0.29733025792956264 0.2967430917605704 0.2976223399740173 0.30641191152365665 0.3289637533944497 -1.0 -1.0 -1.0 -1.0 -1.0 -1.0 -1.0 -1.0 -1.0 -1.0 0.24419400865241842 0.225148764778834 0.2779376498216749 0.18665471110488238 0.29415345376049057 0.2244355469618609 0.22207689098505098 0.21978500593878805 0.22182546665949196 0.22459446320275453
0.0 0.0 0.0 0.0 0.0 0.0 0.0 0.0 0.0 0.28736172744039834 0.2920937752086136 9.051016039123377e-06 0.0 0.0 0.0 0.0 1.5534966581169634e-06 0.0 0.0 0.0 0.11266658929771492 0.044216044794880734 0.0 0.23634338320785772 0.24071897395517539 0.10884593725607772 0.29363139338403227 0.07534560690504548 0.29300029648624687 0.29409916937335057 0.29425362230905167 0.2963437197087491 0.29601263308635156 0.21686619142521213 0.2918794632749189 0.049806116815064416 0.05025709227698664 0.31164100203058726 -1.0 0.19922760899306116 0.2744676925977161 0.2870004871162618 0.3031843802742017 -1.0 -1.0 -1.0 -1.0 -1.0 -1.0 -1.0 -1.0 -1.0 -1.0 -1.0 0.22279183115763787 0.22534825105648856 0.22923014669211259 0.30606503036722904 0.26985363950965946 0.2221995594816731 0.29792539188842765 0.2212660948123316 0.2667697197291346 -1.0 -1.0
0.0 0.0 0.0 0.0 0.0 0.0 0.0 0.0 0.0 0.2942997658423874 0.17709016901581062 0.18768752654966214 0.0 0.16670984744364162 0.1276685070814288 0.16506876829390907 0.1774104888500167 0.14204487051353376 0.0346024930346786 0.0 0.08899652744659566 0.2445287481088795 0.12807165537653525 0.2910844052489484 0.29648535755755745 0.29544241124059806 0.20951421619410152 0.2895729091244982 0.29409991262725116 0.24528732480184331 0.2647570753158538 0.2940538110406186 0.2972529669259033 0.2971299878606343 0.29564214307898995 0.31248286391734936 0.2524553649878022 -1.0 -1.0 -1.0 -1.0 -1.0 -1.0 -1.0 -1.0 -1.0 -1.0 -1.0 -1.0 -1.0 -1.0 -1.0 -1.0 0.2512750260244311 0.2571783943299263 0.23966189855562123 0.2555362576002071 0.3340334680821067 -1.0 0.2868904147732651 0.22860296292731375 0.3419074538783584 -1.0 -1.0 -1.0
0.0 0.0 0.0 0.0 0.0 0.0 0.0 0.2665230819065847 0.2952037953596605 0.29509988275088095 0.2950676179229404 0.29479940294835094 0.27546800305414904 0.0 0.0765991258022851 0.1328739712694609 0.0 0.026198137894947546 0.27381963701181944 0.0 0.11811372877691205 0.07722115372466361 0.18043253542006768 0.2905193241813362 0.2967212616608474 0.29627515605784677 0.22680062314613122 0.2918571534315595 0.2923955243211316 0.29721062191749653 0.24355593700128575 0.2968205251753504 0.29746436873429244 0.2978645706275244 0.3104573728706578 -1.0 -1.0 -1.0 -1.0 -1.0 -1.0 -1.0 -1.0 -1.0 -1.0 -1.0 -1.0 -1.0 -1.0 -1.0 -1.0 -1.0 -1.0 -1.0 0.26345439552075023 0.22626788342316845 0.2537477149212016 0.3279552806714978 -1.0 -1.0 -1.0 -1.0 -1.0 -1.0 -1.0
0.0 0.0 0.0 0.0 0.0 0.21187203006793792 0.18767209798196485 0.29529645787560965 0.2962436240856098 0.2959126907909742 0.242687022156353 0.29581342898203716 0.18098079774283818 0.12402120987604254 0.27881488143971783 0.18767415571696924 0.1573070952758552 0.017278046138268492 0.09834104244886506 0.041943085332377956 0.0732605676936604 0.16575571483672696 0.27281101770956173 0.29652405643062585 0.2970102063799812 0.29524518402624045 0.29565299547609186 0.2954703636213637 0.29645398991828203 0.2976382955136564 0.29768801918414695 0.29464959671108376 0.2977891451785176 0.2978644192929002 0.3085050294595652 -1.0 -1.0 -1.0 -1.0 -1.0 -1.0 -1.0 -1.0 -1.0 -1.0 -1.0 -1.0 -1.0 -1.0 -1.0 -1.0 -1.0 -1.0 -1.0 -1.0 0.24618003935549432 0.27179490034049786 0.2773890030760613 -1.0 -1.0 -1.0 -1.0 -1.0 -1.0 -1.0
0.0 0.0 0.23428894527856367 0.19533367036353944 0.022928561574929736 0.19916695145117283 0.25489548162527387 0.11756058425243539 0.28911284130234516 0.2933948827491432 0.29178867454649454 0.2564627465227514 0.2222419577786245 0.2505489513692242 0.19816010994111036 0.18642024211330083 0.5876156767651268 0.3185035912073852 0.18547991221521212 0.07911660448846611 0.17693666892333218 0.2965016774001255 0.29655768278308314 0.2967261063647863 0.29673532256210833 0.29366123201938715 0.2917054503712282 0.2966929132490176 0.29514277979580095 0.29771482652681397 0.29778591281992906 0.29777731134012114 0.3021788496804436 0.3108123305769911 0.31114222920831075 -1.0 -1.0 -1.0 -1.0 -1.0 -1.0 -1.0 -1.0 -1.0 -1.0 -1.0 -1.0 -1.0 -1.0 -1.0 -1.0 -1.0 -1.0 -1.0 0.182021813193927 0.21787755140144527 0.22575126318848876 0.18473024616807532 0.29333958020336964 -1.0 -1.0 -1.0 -1.0 -1.0 -1.0
0.0 0.10788157259730546 0.2572984637018369 0.25623224980745873 0.17860740145238263 0.1920107136736971 0.28291444786243225 0.18236550341606128 0.10658547750390208 0.19010589140198042 0.15822032532129496 0.22325509868866752 0.19688289621453114 0.19994397308796602 0.2837124088811726 1.8300344818291832 0 -1.0 0.3022530587628755 0.2828024547428043 0.29345345508425946 0.29624434934809674 0.29349596239085485 0.15454298412339157 0.2842546110371928 0.2956117392725746 0.29717513840774895 0.2968360051873566 0.29781908346170943 0.29784924188809103 0.30147955370735713 0.32546077574836074 0.3104189274077968 -1.0 -1.0 -1.0 -1.0 -1.0 -1.0 -1.0 -1.0 -1.0 -1.0 -1.0 -1.0 -1.0 -1.0 -1.0 -1.0 -1.0 -1.0 -1.0 -1.0 -1.0 0.2359794677332692 0.2210931722282061 0.296155596424807 0.22281176645258183 0.2642240589093009 -1.0 -1.0 -1.0 -1.0 -1.0 -1.0
0.25750534708244854 0.21428213716551414 0.2880649592898954 0.29375725797028324 0.2482864443681469 0.29496970096954755 0.28077023584575056 0.0 0.0 0.0 0.0 0.010316141432721528 2.5558890892019085e-07 0.08759904809761547 0.0 -1.0 -1.0 0.6148340020003321 0.061265618543619574 0.2073045310366883 0.21102591353293218 0.6185792846467258 0.8712226540435376 0.4073654503029229 0.37438306686580386 0.34348844542810825 0.29782153220952357 0.29668327855770893 0.2976606549923459 0.29714186023869127 0.29797434294969144 -1.0 -1.0 -1.0 -1.0 -1.0 -1.0 -1.0 -1.0 -1.0 -1.0 -1.0 -1.0 -1.0 -1.0 -1.0 -1.0 -1.0 -1.0 -1.0 -1.0 -1.0 -1.0 -1.0 0.4314167560612789 0.2805506845208239 0.2973768803810443 0.22119598588879466 0.23287724480233055 -1.0 -1.0 -1.0 -1.0 -1.0 -1.0
0.2920075941875925 0.2938312040124868 0.2953496410146207 0.29219979622635633 0.22268094967539936 0.20278140596161978 2.1237555236868688e-07 0.0 0.0 0.0 0.0 0.0031313726582087495 0.0 0.0 -1.0 -1.0 -1.0 0.7373937466517487 0.7257552800946795 0.7450919364332187 -1.0 -1.0 -1.0 -1.0 -1.0 0.9309704791094099 0.2445966358595224 0.29606495028116014 0.2696064521156794 0.2984204062853647 0.4610777853689037 -1.0 -1.0 -1.0 -1.0 -1.0 -1.0 -1.0 -1.0 -1.0 -1.0 -1.0 -1.0 -1.0 -1.0 -1.0 -1.0 -1.0 -1.0 -1.0 -1.0 -1.0 -1.0 -1.0 0.23794424408913986 0.28995196946192187 0.296742118955524 0.20928358986761403 0.2615637248627814 -1.0 -1.0 -1.0 -1.0 -1.0 -1.0
0.2527116507629588 0.2945013049357096 0.29256096015415745 0.24263147972137675 0.0 0.0 0.0 0.0 0.0 0.0 0.0 -1.0 -1.0 -1.0 -1.0 -1.0 -1.0 0 0.12741399212613325 -1.0 -1.0 -1.0 -1.0 -1.0 -1.0 0.7042338159981553 0.4204277018268101 0.2965912377380689 0.2991622157858113 0.29721080132637756 0.3002820020225014 0.3000678598594072 -1.0 -1.0 -1.0 -1.0 -1.0 -1.0 -1.0 -1.0 -1.0 -1.0 -1.0 -1.0 -1.0 -1.0 -1.0 -1.0 -1.0 -1.0 -1.0 -1.0 -1.0 -1.0 0.2901180527481654 0.2976468205207607 0.22187941688612847 0.16533442132483817 0.41567582182387247 -1.0 -1.0 -1.0 -1.0 -1.0 -1.0
0.22623018895939048 0.29317101677599083 0.23065529179242608 0.0 0.0 0.0 0.0 0.0 0.0 0.0 0.04837593019939974 1.2768838807680274 0.5730463197578008 -1.0 -1.0 -1.0 -1.0 -1.0 -1.0 -1.0 -1.0 -1.0 -1.0 -1.0 0.40575754199547187 0.3023078158797834 0.29975032101402077 0.2965508297403662 0.29885029773320465 0.2971517355536996 0.2975854823121492 0.2975838975810459 0.32321234959013284 -1.0 -1.0 -1.0 -1.0 -1.0 -1.0 -1.0 -1.0 -1.0 -1.0 -1.0 -1.0 -1.0 -1.0 -1.0 -1.0 -1.0 -1.0 0.3388268100974148 0.386667918549511 0.21635397695555786 0.2213037632842719 0.29135119449112523 0.21137129369143945 0.283823304471634 -1.0 -1.0 -1.0 -1.0 -1.0 -1.0 -1.0
0.11083207099962984 0.2650097655586759 0.21004800842227095 0.2417653267339144 0.0 0.0 0.0 0.0 0.0 0.0 0.0 0 0 -1.0 -1.0 0 0.9009472938433123 0.8468544076004413 -1.0 0.0 -1.0 -1.0 -1.0 -1.0 0.0 0.9398703544456691 0.9408348081922373 1.0544545190359753 0.25802832555137983 0.2846507660873999 0.29607149204016636 0.29772329674304027 0.30315927163065925 0.3460710561180079 -1.0 -1.0 0.0 -1.0 -1.0 -1.0 -1.0 -1.0 -1.0 -1.0 -1.0 -1.0 -1.0 -1.0 -1.0 -1.0 -1.0 0.39766875284375836 0.30472965952224096 0.2703013135657697 0.22273358847690608 0.21924380345123845 0.30319870207027466 -1.0 -1.0 -1.0 -1.0 -1.0 -1.0 -1.0 -1.0
0.2714897335290168 0.2949669300041955 0.29317715244506126 0.2180249082060106 0.0 0.0 0.0 0.0 0.0 0.0 0.0 0.0 0.054988686784892785 1.5170397185754634e-07 0.07355129268946015 0.2155525414159993 0.210079510625862 0.1738582214278581 0.3049175746044042 0.327523655117935 0 -1.0 -1.0 -1.0 -1.0 -1.0 -1.0 -1.0 0.2673706642191617 0.27335541634296495 0.2996493192619592 0.2969381895194446 0.29739406549441794 0.3007327247710864 -1.0 -1.0 -1.0 -1.0 -1.0 -1.0 -1.0 -1.0 -1.0 -1.0 -1.0 -1.0 -1.0 -1.0 0.36419002532287204 0.37931942788890005 0.40378054806047475 0.23652116086901204 0.28612632563858503 0.2977744636302644 0.22342401496752567 0.21430290711685934 0.2168361640840292 -1.0 -1.0 -1.0 -1.0 -1.0 -1.0 -1.0 -1.0
0.25377348497119145 0.18230599933792235 0.2838027663785248 0.0 0.0 0.0 0.0 0.0 0.0 0.0542037489485166 0.07561309195372376 0.04263920209797402 0.03268532533406904 0.030969175909636142 0.027902583773388754 0.04752864014960162 0.0 0.18042694749432334 0.3390251450823379 0.0 -1.0 -1.0 -1.0 -1.0 -1.0 -1.0 -1.0 1.017697599469541 0.21785547337267905 0.2903839056132542 0.2958012323973748 0.2967531897892622 0.2958482141862367 0.29988695505587193 -1.0 -1.0 -1.0 -1.0 -1.0 -1.0 -1.0 -1.0 -1.0 -1.0 -1.0 -1.0 -1.0 -1.0 0.2570957035836382 0.26237944345236 0.22238993859072456 0.21628040509129046 0.2976444366275467 0.22571446794146685 0.21474558121041437 0.21933593291778863 0.2331485835493989 -1.0 -1.0 -1.0 -1.0 -1.0 -1.0 -1.0 -1.0
0.26765086464002896 0.26162342877766237 0.23176929527912127 1.615319891826745e-07 4.432118792338525e-08 0.0 0.0 0.0 0.11400585644287795 0.25135388490436705 0.05557955725462659 0.15782119328861738 0.041034005791422884 0.022192036589613766 0.13861337452607778 0.14305686517047525 0.0 -1.0 -1.0 -1.0 -1.0 -1.0 -1.0 -1.0 -1.0 -1.0 -1.0 0.9854524937708188 0.3831983642022472 0.2843181032983325 0.2968245957264954 0.28796872485307606 0.29526767181424673 0.3259961584688232 0.28357675916272923 -1.0 -1.0 -1.0 -1.0 -1.0 -1.0 0.3493865151437303 -1.0 -1.0 -1.0 -1.0 -1.0 0.2559391282852083 0.22389802997815433 0.224369752882513 0.2185313821136169 0.21942776809031678 0.2161003906543546 0.12614550312125666 0.08841203494332246 0.1097789781314753 0.6032346028098228 -1.0 -1.0 -1.0 -1.0 -1.0 -1.0 -1.0 -1.0
0.254887692973189 0.2753848892934719 0.27349667519856175 0.0 0.0 0.0 0.0 0.0 0.25968823226943183 0.28447669203470466 0.2779457446512528 0.23377684268029508 0.0 0.07689560003954592 0.25619939491280125 0.9083520903289114 -1.0 -1.0 -1.0 -1.0 -1.0 -1.0 -1.0 -1.0 -1.0 -1.0 -1.0 -1.0 0.13930317915266402 0.2930325069533805 0.29758017964857286 0.29561840454099303 0.28419194803666536 0.3070712280728678 0.3895576901581867 -1.0 -1.0 -1.0 -1.0 -1.0 0.38762166236282586 0.4704430652842735 0.40431059826231375 0.2713278345724249 0.2972258712537111 0.3077331866649221 0.3570678186864398 0.2893832935818587 0.2200752343049045 0.22347228394119126 0.22508742655203154 0.2248295899504546 0.21886343909069844 0.15711027770283353 0.04795624360924623 0.07522359712820732 0.5016184082818962 -1.0 -1.0 -1.0 -1.0 -1.0 -1.0 -1.0 -1.0
0.17975989535174083 0.19934758081100265 0.019545506994613097 0.0 7.618820441080859e-09 0.0298931106722309 5.3554480103842214e-09 0.0 0.128416112482751 0.2805225356935749 0.20339747757699206 0.10684029580799331 0.06003242657187856 0.25595868141026124 0.17998968102525625 -1.0 -1.0 -1.0 -1.0 -1.0 -1.0 -1.0 -1.0 -1.0 -1.0 -1.0 -1.0 0.49303381303814137 0.28344325824590294 0.2970014606586534 0.29763004169125745 0.315401294675405 0.34272756273033106 0.33022273858491696 -1.0 -1.0 -1.0 -1.0 -1.0 0.2829886771555831 0.3073880805870309 0.2919655864720974 0.2967212864253031 0.29715720055004136 0.2920793383478679 0.2898331449622803 0.2721146198897607 0.25950679929338655 0.11377950733143144 0.2875614006475333 0.22283608727734175 0.22346207316120892 0.23096242664098932 0.19544127678692144 0.1791930250045209 0.32869919030242684 -1.0 -1.0 -1.0 -1.0 -1.0 -1.0 -1.0 -1.0 -1.0
0.0 0.0 0.0632983750535507 0.0 0.0 0.0 0.0 0.0 0.04286965634558368 0.1418242580011136 0.2294997640474524 0.0 0.0 1.1466976264842875e-07 0.1732739910335999 -1.0 -1.0 -1.0 -1.0 -1.0 -1.0 -1.0 -1.0 -1.0 -1.0 -1.0 -1.0 0.910862977083662 0.3236165278224582 0.403191960245339 0.6543753718234199 0.5044113786010866 0.41477110179868915 0.6565048229615298 -1.0 -1.0 -1.0 0.2802093810946692 0.3285415322383523 0.29649196868160205 0.29684960285826834 0.29308804578528724 0.2883471328994573 0.37321507241270785 0.32679719515866046 0.23964356846798232 0.17130509124721488 0.2966677417752094 0.8617192121195617 0.3254176293797527 0.2043681600568871 0.24339931221963887 0.25204981935356774 0.20828205446368886 0.787443227360986 -1.0 -1.0 -1.0 -1.0 -1.0 -1.0 -1.0 -1.0 -1.0 -1.0
0.0 0.0 0.0 0.09217473607660326 0.0 0.05110544153663816 0.07195754656652334 0.03802922134599836 0.0 0.13131908489323713 1.7894389439026363e-07 0.0 0.08065392958765917 0.07531016406366906 0.1392529674154583 0.4499575709926327 -1.0 -1.0 -1.0 -1.0 -1.0 -1.0 -1.0 -1.0 -1.0 -1.0 -1.0 0.9305448378674177 0.9370861550660502 0.0 -1.0 -1.0 -1.0 0.6056823741236442 -1.0 -1.0 0.305155265029591 0.3420424085912052 0.30660958406150146 0.3317897576277688 0.39574352043348804 0.7823929715308483 0.3467331150924508 0.339116281076236 0.5555499324759898 0.2704117562542336 0.2181603821873552 0.31990887995224715 0.455266231547092 -1.0 -1.0 -1.0 -1.0 -1.0 0.0 -1.0 -1.0 -1.0 -1.0 -1.0 -1.0 -1.0 -1.0 -1.0 -1.0
0.21111990010863574 0.0 0.0 0.059048734039286586 0.03736866645570874 0.12177488175135562 0.1212708638155092 0.09184094185971825 0.0787151444075555 0.0 0.10852860557607939 0.0 0.04528913645245498 0.08679692275506165 0.11410953766533465 0.13052471622242878 0.06181608923299627 -1.0 -1.0 -1.0 -1.0 -1.0 -1.0 -1.0 -1.0 -1.0 -1.0 -1.0 0.11834313994448466 -1.0 -1.0 -1.0 -1.0 -1.0 0.5655083973068147 0.31706002496509744 0.3026096013047111 0.7780659387958863 0.5371034230149228 0.507558638864019 0.2865650478581639 0.22115914427370537 0.22552305386465696 0.31665412125578485 0.5547711224409047 0.2690428336147598 0.31507759091559695 0.5128506392727971 -1.0 -1.0 -1.0 -1.0 -1.0 -1.0 -1.0 -1.0 -1.0 -1.0 -1.0 -1.0 -1.0 -1.0 -1.0 -1.0 -1.0
0.0 0.0 2.841056786865226e-07 0.06907732731273483 0.05839414207358719 4.564847209789384e-08 0.043774411160367364 0.06179684089399828 0.014044918802524493 0.10473151045805203 4.956089451238821e-08 0.037674624960413114 0.020359630595417406 0.06780126730758498 0.13893974784307098 0.10370357790004761 0.061647187383312145 -1.0 -1.0 -1.0 -1.0 -1.0 -1.0 -1.0 -1.0 -1.0 -1.0 0.4152498721533672 0.5494291527587242 -1.0 -1.0 -1.0 -1.0 0.3425964032009608 0.2810142367779537 0.23878418170224813 0.2120298205394204 0.22264688471597158 0.2760393388636276 0.45525779686530726 0.29963050494876914 0.3561641697260117 0.473472309135605 0.2885612845540328 -1.0 -1.0 -1.0 -1.0 -1.0 -1.0 -1.0 -1.0 -1.0 -1.0 0.38875650524447747 -1.0 -1.0 -1.0 -1.0 -1.0 -1.0 -1.0 -1.0 -1.0 -1.0
0.04618427331144538 0.08061590192470333 0.1446045599227105 0.12958273978359558 0.0934891057430528 0.05447260047562076 0.0 1.924831674486475e-07 0.0 0.009635712765514018 0.12005680289981392 0.0 0.0 0.029564972167198902 0.0 0.08544404844884286 0.09779614777003569 0.22842066752508308 -1.0 -1.0 -1.0 -1.0 -1.0 -1.0 -1.0 -1.0 -1.0 -1.0 -1.0 -1.0 -1.0 -1.0 0.4217371483538088 0.29989527491899315 0.2597366867238779 0.3410291139557602 0.21145063157844987 0.226009148738796 0.3286079887647728 0.0 0.36200340077013404 -1.0 -1.0 -1.0 -1.0 -1.0 -1.0 -1.0 -1.0 -1.0 -1.0 -1.0 -1.0 -1.0 -1.0 -1.0 -1.0 -1.0 -1.0 -1.0 -1.0 -1.0 -1.0 -1.0 -1.0
0.0 0.3123106872941967 0.13875246207631498 9.985989114479348e-08 1.34824782566701e-06 0.0 0.0 0.03250955320157815 3.565503314423465e-08 0.15290675830332992 0.0 0.15161763234474973 0.08577286511081476 0.07872457058545543 0.03481685792128549 0.07267314943536382 0.12428287624325458 0.05317097803191148 0.356895562351093 -1.0 -1.0 -1.0 -1.0 -1.0 -1.0 -1.0 -1.0 -1.0 -1.0 -1.0 -1.0 -1.0 -1.0 -1.0 -1.0 0.2831306880209357 0.22559592206398008 0.22482944437811353 0.4436596850641184 -1.0 -1.0 -1.0 -1.0 -1.0 -1.0 -1.0 -1.0 -1.0 -1.0 -1.0 -1.0 -1.0 -1.0 -1.0 -1.0 -1.0 -1.0 -1.0 -1.0 -1.0 -1.0 -1.0 -1.0 -1.0 -1.0
