Model Version1.4/trunk/output/1999/frnup_agri.asc
ncols 720
nrows 360
xllcorner -180.0
yllcorner -90.0
cellsize 0.5
NODATA_value -9999.0
[rows 81 to 107 of 360, columns 180 to 239 of 720]
-9999.0 -9999.0 0.6745399751431675 0.6702104611073529 -9999.0 -9999.0 -9999.0 -9999.0 0.6695662999888655 -9999.0 -9999.0 -9999.0 -9999.0 -9999.0 0.6727572472270933 0.6707409556701057 0.6875641749876739 0.675849124443367 0.6744583402108484 -9999.0 0.6697019684929119 0.6699654302599836 -9999.0 0.6704636374828394 -9999.0 -9999.0 0.6697832441276583 -9999.0 -9999.0 -9999.0 -9999.0 -9999.0 -9999.0 -9999.0 -9999.0 -9999.0 -9999.0 0.6788069280221904 -9999.0 -9999.0 0.6716519847556173 0.6808063023430257 0.6807878736211688 0.6709954098717158 0.6710309588565945 0.6689375184809446 0.6793318753911924 0.6736570671123926 -9999.0 -9999.0 0.6712473516119977 -9999.0 -9999.0 0.6713233125729566 0.6702068659171482 0.6698742454262947 -9999.0 -9999.0 -9999.0 -9999.0
0.6666799525117347 0.662259894402007 0.6928193192555131 0.6694297640245062 -9999.0 0.670363100498107 -9999.0 0.6733794584461247 -9999.0 -9999.0 -9999.0 -9999.0 0.6643746260806899 -9999.0 -9999.0 -9999.0 -9999.0 0.664450120585562 0.666060876779711 0.6696154345226065 0.6645258715397557 0.6641358789262403 0.6666296441989312 0.663805242974622 0.6705168678880682 -9999.0 -9999.0 -9999.0 -9999.0 -9999.0 0.6713958973796006 -9999.0 -9999.0 -9999.0 0.6725389048596199 0.6571333222288813 0.6602036443420926 0.6670700849754685 -9999.0 -9999.0 0.674341965237177 0.674887331349085 0.6782082642663959 0.3887808572038943 0.5094496350062709 0.6732893535346236 -9999.0 0.6740275295562179 0.6918452617348764 0.680813189322478 0.6800932371265115 0.6873353894145111 -9999.0 -9999.0 -9999.0 -9999.0 -9999.0 -9999.0 -9999.0 -9999.0
0.6730843452307093 0.6709882029378181 -9999.0 -9999.0 -9999.0 -9999.0 -9999.0 -9999.0 0.6712320904626946 0.6705881726768897 0.6723635489934232 0.6705592938308804 0.6702424876492585 -9999.0 -9999.0 0.6696849073812119 -9999.0 0.6649641636160362 0.6618418683649584 0.6643063293162371 0.6704219384008117 0.6647679348650768 0.6661977607161648 0.6635020317195487 0.6646678223666181 0.6617717632642893 0.6709635700503161 -9999.0 -9999.0 0.6705937926382266 -9999.0 -9999.0 -9999.0 -9999.0 -9999.0 0.6644589273477333 0.6666232306310771 0.6695138337310366 0.689940828944812 -9999.0 0.6744949543944986 0.6663410489191433 0.6797132022129572 0.6856298186765853 0.6857492988449522 0.6970597887724691 0.6970028048808347 0.6905990649652511 0.6899583330394421 0.681901497839711 0.6819444667609036 0.5661329051602704 -9999.0 -9999.0 -9999.0 -9999.0 -9999.0 -9999.0 -9999.0 -9999.0
-9999.0 -9999.0 -9999.0 -9999.0 -9999.0 -9999.0 -9999.0 -9999.0 -9999.0 0.6710191919918698 0.6671126679098343 0.672456914150218 0.6716255602328505 0.6709987823928341 -9999.0 -9999.0 -9999.0 -9999.0 0.6721047925325795 0.6578557146232995 0.660973977885882 0.656961323717772 0.6606419881961505 0.6594255463882381 0.6713618891287041 0.6723137553341155 -9999.0 -9999.0 0.672676054167157 -9999.0 0.6743187209394819 0.664485158570149 -9999.0 0.6734091766419604 0.660306294520628 0.6786166284683771 0.6600784334518762 -9999.0 -9999.0 0.6785123036941337 0.6603837747472132 0.6671870263848638 0.6813120973032699 -9999.0 -9999.0 0.6753450341598212 0.6702497124488628 0.6662808846398257 0.6641380270464304 0.6648838087039036 0.4181616031908962 -9999.0 -9999.0 -9999.0 -9999.0 -9999.0 -9999.0 -9999.0 -9999.0 -9999.0
-9999.0 -9999.0 -9999.0 -9999.0 -9999.0 -9999.0 -9999.0 -9999.0 -9999.0 -9999.0 -9999.0 0.6730494260140061 -9999.0 -9999.0 -9999.0 -9999.0 -9999.0 -9999.0 -9999.0 0.6622150495742719 0.6577230522375636 0.6517617588001094 0.6638119734926052 -9999.0 -9999.0 -9999.0 0.6722145404863371 -9999.0 0.6737702297731365 -9999.0 0.6737332455414728 0.6778527423279633 0.6515117544911454 0.6478765296327179 0.6612911017733344 0.6751584097468074 -9999.0 -9999.0 0.6772556003863035 0.65184441696166 0.6682634823357257 0.6802887913814314 0.6703822910628302 0.6722823392339777 0.6639048998102092 0.6650645774835887 0.6648703608320028 0.6689229490397072 0.6658229988648235 0.6644074054460537 0.6648002436003075 -9999.0 -9999.0 -9999.0 -9999.0 -9999.0 0.6756868287565146 -9999.0 -9999.0 -9999.0
0.6607929069002036 -9999.0 -9999.0 -9999.0 0.6757326305489803 -9999.0 -9999.0 -9999.0 -9999.0 -9999.0 0.6732153019778092 0.6601159493222845 -9999.0 0.6740856129379154 -9999.0 -9999.0 0.6741709010418023 0.6383009126139474 0.6312648737050032 0.6497531342204633 -9999.0 0.665482761886739 0.674146416784529 -9999.0 -9999.0 -9999.0 -9999.0 0.6594560164910311 0.6505402445132651 0.6453638473540463 0.6629356769138594 0.6760206479622148 0.646956975168114 0.6255075011184467 0.6232704264837253 0.6184515210108974 0.6301841551216277 0.6318147811690876 0.640802650164551 0.659033293354388 0.6660291395090701 -9999.0 -9999.0 0.6634185814532327 0.6323997889653842 0.660507695123777 0.6733967799689843 0.6633794924260227 0.6646840625313293 0.6656937072658182 0.5179902629249531 0.6571582923884632 0.6641756810541036 -9999.0 -9999.0 -9999.0 -9999.0 0.688161995334267 0.6802355694506631 0.6785829441487858
0.7593278107150101 0.6723153944044289 0.7247125216264901 0.7280171368113783 0.6704932425299972 -9999.0 -9999.0 -9999.0 -9999.0 0.6646280537764105 0.7930355286140207 0.7502411754516164 0.6440553567041264 0.653436511799146 0.6524733297780393 0.652286886723211 0.6670592194840076 0.6533874066289697 0.667445982171212 0.6297523100687334 0.6376223960453674 0.6619324333821665 0.6533968855954794 -9999.0 0.6786313076810487 0.6778439043601238 -9999.0 0.6598286073303146 0.6645046856283441 0.6676429066468671 0.6777954707346948 0.6774224191710702 0.6421664752591115 0.6145853084484003 0.6116039256398599 0.6076495629778825 0.624111424450745 0.632079988993282 0.6432862266293923 0.5837242415669409 -9999.0 0.6660145821384623 -9999.0 0.6643370687529012 0.6339271611387043 0.6601944338009862 0.6675288597554603 0.6693706434991515 0.6648123538105711 0.659690446184755 0.530987268716938 0.45113057557796643 0.6610202088855699 0.6640168923427159 0.6645859402090437 0.6680066916454758 -9999.0 0.691172472875717 0.6946034686829546 0.5125544216240949
0.7582515514064567 0.7680039536274411 -9999.0 0.7006152294987261 0.7044368655995563 0.6989439114517731 -9999.0 -9999.0 -9999.0 -9999.0 0.7138844752180279 -9999.0 -9999.0 -9999.0 -9999.0 -9999.0 -9999.0 0.6735688407612824 0.6435229655222107 0.6360795180422876 0.62228870541962 0.6441546917502539 -9999.0 -9999.0 0.676962132098187 0.6138473377429354 0.6091557384611209 0.634886764298152 0.6459686824885201 0.6187845127254693 0.6184040744529345 0.38557399442147383 0.5969267440715433 0.593390697942221 0.5944316646966811 0.5988320883869851 0.619858222402301 0.6346322581893629 0.6411552000443427 0.6741195015501279 0.6709968152125192 -9999.0 -9999.0 0.6620863858557446 0.6757880921986644 0.6693310132361728 0.5210257886929687 0.6512571220753709 0.6627755958771354 0.6639333553006763 0.6652538524929319 0.6582259468158114 0.6621793172944386 0.6620623590132249 0.6706017201769319 0.6716146740825057 0.41261352800461565 0.6752327460747074 0.6699240616553481 0.718606694491935
0.7696608111415704 0.7751457255485756 0.7280129311526602 0.7559604165968349 0.7460072882692615 -9999.0 -9999.0 -9999.0 -9999.0 0.6938122777524006 0.7080117889768781 0.7038556506420999 0.7130053073351545 -9999.0 -9999.0 -9999.0 0.673504048320778 0.5304659555433098 -9999.0 0.6496043885212863 0.6440160699739302 0.6331860858194132 0.6535180071427205 0.6769015135313032 0.6660960961381694 0.6427123675221655 0.6171753942543345 0.5995569371900552 0.5941235371123565 0.5878493785522719 0.5899984801896954 0.5883361377473972 0.5948308511024453 0.5932715610816557 0.6092328620603666 0.6186942380538942 0.6192719847734844 -9999.0 0.6784255927361963 -9999.0 -9999.0 0.6708345336983298 -9999.0 -9999.0 0.6743952545193582 0.6680289311358668 0.6674601767902382 0.5945932630424897 0.561980745911597 0.6654146786879581 0.6572849403537573 0.6603671124137961 0.6635383099929162 0.6654592197516417 0.6695127397858598 0.6675423171203734 0.6703260167182558 0.6678836883621808 -9999.0 -9999.0
0.7594928317089541 0.7429079678315086 0.7739897510572714 0.7597626873214302 0.7677931132942157 -9999.0 -9999.0 -9999.0 0.6808445636556169 0.6730931555212684 0.6333692448544065 0.6851903947088644 0.6786612404031551 -9999.0 -9999.0 -9999.0 -9999.0 0.6010924751715264 0.5920173943474366 0.5865373172257456 0.5892802357598702 0.5877598055036246 0.5880966378011758 0.6189376283338025 0.617171952337679 0.5949461442176368 0.5974785795661308 0.5755584683748598 0.5779440033697659 0.7976515082655825 0.7772636121644956 0.7889947796368353 0.7783544838170435 1.3052738772691064 1.3092914731570366 1.2060168972566725 0.6209737810395646 -9999.0 -9999.0 -9999.0 0.6583055627806617 0.6690938498636435 0.678001327869293 -9999.0 -9999.0 0.6679535071650761 -9999.0 -9999.0 0.5489650195715919 0.6487865475504736 0.6561033694112972 0.6584039546382 0.5521607505720686 0.597362088745572 0.6040315612706253 0.6037833593805119 -9999.0 -9999.0 -9999.0 -9999.0
0.7468067810758979 0.7711373788300213 0.7737094974768743 0.7299599150348185 0.7751342281810578 -9999.0 -9999.0 0.6587928466682688 0.6751353245981634 0.6959249716116661 0.7068339749759172 0.7301106205135954 0.6960559385679821 -9999.0 -9999.0 -9999.0 0.5786450422798564 0.5960697885513933 0.5928445403577299 0.5916882600252817 0.5840932769889334 0.5814272577042343 0.582410212468317 0.5842900038335601 0.5860741658086762 0.5776563465570681 0.5682969633192182 0.5659160612099748 -9999.0 0.7354132370560222 -9999.0 0.6783310190063333 -9999.0 1.3961825383048672 0.6274934336751805 0.7956820242789485 -9999.0 -9999.0 0.6694512451940976 0.6689343620280225 0.6740671601767121 0.6801286165273032 -9999.0 -9999.0 -9999.0 -9999.0 -9999.0 0.5944013052794587 0.6679210109937987 0.6664524241012212 0.6656815186821867 0.5987916145179298 0.5612760594729951 -9999.0 -9999.0 -9999.0 -9999.0 -9999.0 -9999.0 -9999.0
0.7599182179946544 0.774616596315275 0.7813360641249126 0.7480402670132914 0.7425831288380983 -9999.0 -9999.0 0.6669940958677867 0.6626539571338667 0.6656976577192282 0.6717189339834263 0.6768880682167543 -9999.0 0.6802933034752826 0.6852215757154668 -9999.0 0.5614666076186932 0.5703801044038906 0.5657467870010969 0.5649076680828501 0.568082643866114 0.560419825527043 0.5539760594906857 0.5546419357974894 -9999.0 0.5497461882498847 -9999.0 -9999.0 0.7583121794861442 0.7385465853157791 -9999.0 -9999.0 -9999.0 1.4014926714076514 0.6328233607305224 -9999.0 -9999.0 0.7259574825898163 0.6716091210878383 0.37990514015664634 0.6785521104260747 0.6913570966798027 -9999.0 -9999.0 -9999.0 -9999.0 -9999.0 0.5556600333748468 0.6648392345343781 0.6663799781486047 0.6634061523804827 -9999.0 -9999.0 -9999.0 -9999.0 -9999.0 -9999.0 -9999.0 -9999.0 -9999.0
0.7932909080204853 0.7819971460114984 0.7770515349769868 0.7624153753613168 -9999.0 -9999.0 -9999.0 0.6685404503591236 0.6813814439121897 0.6802357514752286 0.6937793059146544 0.6883955200429953 0.6851616396600907 0.6806895162662493 0.6978357130721924 0.567311950640905 0.5638397326901811 0.5635340508790302 0.5618228754636952 0.5588357643463567 0.5620337252419537 0.5588549820033977 0.79095806265573 0.7921033163259574 0.7906090655945843 0.7913582874460462 0.7746051921180276 0.7730703581373745 0.7704225519300002 0.7775895405744306 0.7851983810690233 0.7534406401020296 0.8104490436352468 0.8279328508117392 -9999.0 0.8749197044493963 0.8285223561581453 0.8377380296398538 0.5380255194446516 0.517205282150585 -9999.0 -9999.0 -9999.0 -9999.0 -9999.0 -9999.0 -9999.0 -9999.0 -9999.0 -9999.0 -9999.0 -9999.0 -9999.0 -9999.0 -9999.0 -9999.0 -9999.0 -9999.0 -9999.0 -9999.0
0.7758179257103739 0.7763380344078209 0.7727364374668195 0.7670858517946323 -9999.0 -9999.0 -9999.0 -9999.0 0.6896313302987895 0.6843298030926501 0.6839311700648403 0.677104650910485 0.6742461804261398 0.6688707376955338 0.6847226401944765 0.5400574656774801 0.5479596768723138 0.5475932879261909 0.5466729350664953 0.5437636498708612 0.5376420991087815 0.5397713260037196 0.7729251443475524 0.8049234324603254 0.8188392286516325 0.820059892523046 0.7960785969320181 0.8212230044625404 0.8042399175401338 0.8005040045496292 0.8182841121057335 0.8098923167537733 0.7872239551920288 0.8266659693077373 1.190595187555409 0.7549300907279326 0.6489160972441883 0.6303039529820847 0.670566433447619 -9999.0 -9999.0 -9999.0 -9999.0 -9999.0 -9999.0 -9999.0 -9999.0 -9999.0 -9999.0 -9999.0 -9999.0 -9999.0 -9999.0 -9999.0 -9999.0 -9999.0 -9999.0 -9999.0 -9999.0 -9999.0
0.7863625915204394 0.784148246852829 0.7800084711464323 0.7468642199162159 -9999.0 -9999.0 -9999.0 0.702791043950686 0.699270273702673 0.6938517783877417 0.6865069334749938 0.6791249266829875 0.6928052301745127 0.6906575494070614 0.5420496822077435 0.5404943050643687 0.5451785252535094 -9999.0 -9999.0 -9999.0 -9999.0 0.5269238367196651 0.5982148325440477 0.7990689586524683 0.811224973998678 0.8241530188480878 0.8167978296151954 0.606081876125275 0.5919015054123723 0.7469233478544454 0.7815953033013987 0.728544753109408 0.5752250652199813 0.6851739088287202 0.6760638962066534 0.5987618314732565 0.6244819416218015 0.6324093605772503 0.6494229548967319 -9999.0 -9999.0 -9999.0 -9999.0 -9999.0 -9999.0 -9999.0 -9999.0 -9999.0 -9999.0 -9999.0 -9999.0 -9999.0 -9999.0 -9999.0 -9999.0 -9999.0 -9999.0 -9999.0 -9999.0 -9999.0
0.7760782193300114 0.7864425059468229 0.7956653288403233 0.7799594561596702 0.7453572456046815 -9999.0 0.6959847583887797 0.7028900952247163 0.6988088611453338 0.6927643871792973 0.6887203050839116 0.6939030632656796 0.6975086689467258 -9999.0 -9999.0 -9999.0 -9999.0 0.756606633377724 0.7479282501632907 0.3972672166651115 0.8039042061159686 0.7008837659437481 0.6938239393247668 0.6965467081753905 0.6974146477107277 0.8838251272536358 0.8766296285946306 0.6955821548880433 0.6150818932833744 0.6947021931769752 0.712992430005032 0.7911109393647139 0.610882323600114 0.631285829260405 0.561861643703167 0.5743915446642784 0.6242432892758124 0.6165162705239454 0.6188405712697793 0.6280995950498371 0.6422510337114666 -9999.0 -9999.0 -9999.0 -9999.0 -9999.0 -9999.0 -9999.0 -9999.0 -9999.0 -9999.0 -9999.0 -9999.0 -9999.0 -9999.0 -9999.0 -9999.0 -9999.0 -9999.0 -9999.0
0.7826146945249184 0.7916742586427197 0.8014930586211488 0.7951822884904794 0.7981537776354096 0.7147660131714476 0.7230958320366244 0.7285879577909924 0.7271297325316203 0.7145310855384077 0.8076190162422067 0.811752999617937 0.8126757405082873 0.7991586616687262 0.8077531089495386 0.793476407270548 0.786805355621942 0.780209300418349 0.7752819700917509 0.41603732681505806 0.5616005677594732 0.557589909148265 0.6905280888777573 0.6962859893106018 0.7248012184008069 0.9077423861786457 0.9239099386461667 0.8609695367796677 0.5647797192031614 0.6909382415439487 0.6831733912900199 0.7786163489684634 0.5508530654308236 0.5965186127715854 0.580455381425505 0.620693900248047 0.6056511348145199 0.6134342355621568 0.6067739317468995 0.6602981595521404 -9999.0 -9999.0 -9999.0 -9999.0 -9999.0 -9999.0 -9999.0 -9999.0 -9999.0 -9999.0 -9999.0 -9999.0 -9999.0 -9999.0 -9999.0 -9999.0 -9999.0 -9999.0 -9999.0 -9999.0
0.7886528047803678 0.8042021405634723 0.7988754469314268 0.802655636421344 0.8010079176197811 0.7296850252567533 0.7409834491657228 0.7252229761540288 0.7313167590647225 0.7324380543523641 0.8128282730683221 0.8080018494858207 0.8047020773790707 0.7921063365582731 0.797725414811806 0.7989882397796058 0.8014960266852792 0.7826471989362188 0.34582306514879246 0.40025361142593907 0.38947674077455996 0.8724341832684996 0.5526375653580856 0.7086132482043292 0.9120989346789073 0.9331155902561322 0.9065314714147527 0.8356412846149368 0.870789039033555 0.883678442650982 0.5704777749961115 0.6473647261321164 0.7015217156559551 0.6863513952095376 0.4441676414948384 0.7769203478514743 -9999.0 -9999.0 -9999.0 -9999.0 -9999.0 -9999.0 -9999.0 -9999.0 -9999.0 -9999.0 -9999.0 -9999.0 -9999.0 -9999.0 -9999.0 -9999.0 -9999.0 -9999.0 -9999.0 -9999.0 -9999.0 -9999.0 -9999.0 -9999.0
0.790796070616454 0.8072750785082785 0.8066439267488711 0.8068643352583649 0.8074170699265079 0.7398083850519748 0.7431678478073894 0.7396019922724233 0.7368120129351402 0.7317740385824166 0.8128568877231769 0.8105482841285964 0.8103078611596347 0.8073950710502952 0.8041139104753444 0.8123967599952113 0.7954396745998981 0.763290434832903 0.35652971858217014 0.8779812774528706 0.8818773668753251 0.8818001494173812 0.8640156314713431 0.9095292258454174 0.9571206866355765 0.9056443548352641 0.8917098111733421 0.8959685963883457 0.8811091130541736 0.8622126766333243 0.6696707639405785 0.6614602667310122 -9999.0 -9999.0 -9999.0 -9999.0 -9999.0 -9999.0 -9999.0 -9999.0 -9999.0 -9999.0 -9999.0 -9999.0 -9999.0 -9999.0 -9999.0 -9999.0 -9999.0 -9999.0 -9999.0 -9999.0 -9999.0 -9999.0 -9999.0 -9999.0 -9999.0 -9999.0 -9999.0 -9999.0
0.7979254002074553 0.8048058503869417 0.8014860774196473 0.8067624629729091 0.8066650453190422 0.7161218809219961 0.7331046270594295 0.7035786038678397 0.7370943618408321 0.7298882151904456 0.8177476481830116 0.8035733372167081 0.8157098779593303 0.8160989025786188 0.8165187361381383 0.7879469001531 0.7584778797223649 0.58585098481716 0.6239316513929768 0.4505342641948275 0.44168445308824766 0.8777888180960826 0.9063807083978382 0.8437615821303821 0.9110317126238785 0.9007457728136161 0.8877327265974666 0.8896544275164123 0.8682473637416719 0.66629937476202 0.6660337732324901 0.6842324161512605 -9999.0 -9999.0 -9999.0 -9999.0 -9999.0 -9999.0 -9999.0 -9999.0 -9999.0 -9999.0 -9999.0 -9999.0 -9999.0 -9999.0 -9999.0 -9999.0 -9999.0 -9999.0 -9999.0 -9999.0 -9999.0 -9999.0 -9999.0 -9999.0 -9999.0 -9999.0 -9999.0 -9999.0
0.7998830206889354 0.7916705641303681 0.7586335072375673 0.7652007154598024 0.7976261407976951 0.7167294945508043 0.6764047359670389 0.6782487635909705 0.7338926565375982 0.7103905443117022 0.8025104143554207 0.7987482240856436 0.819513097863625 0.8217521789794712 0.7902154605190305 0.4514975503940613 0.41268104130826555 0.5875863301325697 0.7008962576578416 0.5963536795596753 0.7153073766982019 0.8890346902498636 0.8991233224001982 0.6902462794857631 0.688941839636807 0.7488470509631204 0.7143636622203585 0.7357547092314981 0.7026262270397983 0.6616380149721646 0.5629922994253476 0.5637956494807805 -9999.0 -9999.0 -9999.0 -9999.0 -9999.0 -9999.0 -9999.0 -9999.0 -9999.0 -9999.0 -9999.0 -9999.0 -9999.0 -9999.0 -9999.0 -9999.0 -9999.0 -9999.0 -9999.0 -9999.0 -9999.0 -9999.0 -9999.0 -9999.0 -9999.0 -9999.0 -9999.0 -9999.0
0.7890595095337469 0.7447973681050962 0.770896986541268 0.8027718092062145 0.7724818901773841 0.7425328641696669 0.6900789531267478 0.708727799515828 0.6971578759762113 0.6801516366218907 0.640278787485028 0.6437014065740975 0.8067581667929618 0.7589897377100223 0.40995617574204885 0.3902996980200601 0.5399053218407929 0.700617052750804 0.7032177526618171 0.7365553845860902 0.7107748507263403 0.8382652755557946 0.7236383310587837 0.7091100757723815 0.6753864504806664 0.5326181567791861 0.7175544912686816 0.7444825370175545 0.7574723350949565 0.7130111450869959 -9999.0 -9999.0 -9999.0 -9999.0 -9999.0 -9999.0 -9999.0 -9999.0 -9999.0 -9999.0 -9999.0 -9999.0 -9999.0 -9999.0 -9999.0 -9999.0 -9999.0 -9999.0 -9999.0 -9999.0 -9999.0 -9999.0 -9999.0 -9999.0 -9999.0 -9999.0 -9999.0 -9999.0 -9999.0 -9999.0
0.7782886096160987 0.778279947523484 0.7875669878661269 0.7891228389357519 0.7207879106098907 0.7229353833963638 0.7043516953629433 0.682426533315421 0.6416462935996505 0.6346270517396808 0.6391133067514296 0.6397992192301967 0.6513860941803387 0.6801131865052765 0.5628913567355448 0.6282904654200842 0.6245531890019139 0.7081783793554123 0.7054647846500968 0.7122980216314129 0.7040829263164629 0.7150720879467867 0.7098744393070572 0.6957541546577276 0.6789347037864701 0.6711013768291721 0.7208989979915283 0.6867598290581095 0.7209250607856446 0.7463788603481942 -9999.0 -9999.0 -9999.0 -9999.0 -9999.0 -9999.0 -9999.0 -9999.0 -9999.0 -9999.0 -9999.0 -9999.0 -9999.0 -9999.0 -9999.0 -9999.0 -9999.0 -9999.0 -9999.0 -9999.0 -9999.0 -9999.0 -9999.0 -9999.0 -9999.0 -9999.0 -9999.0 -9999.0 -9999.0 -9999.0
0.6356891802665288 0.7746443349007909 0.7779420913059153 0.7602545023031513 0.6563920634982867 0.6588483575257063 0.6552211358361166 0.6458979178971553 0.65664437783282 0.653163341442009 0.6475439928260767 0.650983492802116 0.6732466941327604 0.6756535969432621 0.6325839861761277 0.7063336927390244 0.7091870271244743 0.7415640704065147 0.9480409801621814 0.9344980895307589 0.7205851550300765 0.7313280460420106 0.6979871152094833 0.6811509734076195 0.6779092041973961 0.6744392199809446 0.6774921705202916 0.6771817863725623 0.6992209742145468 0.6820056448274552 -9999.0 -9999.0 -9999.0 -9999.0 -9999.0 -9999.0 -9999.0 -9999.0 -9999.0 -9999.0 -9999.0 -9999.0 -9999.0 -9999.0 -9999.0 -9999.0 -9999.0 -9999.0 -9999.0 -9999.0 -9999.0 -9999.0 -9999.0 -9999.0 -9999.0 -9999.0 -9999.0 -9999.0 -9999.0 -9999.0
0.6411249538111496 0.773618448550846 0.7910833212597289 0.6462708064403418 0.651843179356732 0.6584044833436067 0.6519450221869985 0.6480439095467095 0.6502283171488492 0.6460892356705065 0.6479731529318836 0.6565237354774709 0.671780886684595 0.6851110622401274 0.6396103304830606 0.6285270485946504 0.7053375754786579 0.7106911270626678 0.7132728237011646 0.7191155841418203 0.7109041827096559 0.6881757379297768 0.6822072945385851 0.6820067803547256 0.6754216316393472 0.6748767632644929 0.6836572502068353 0.5054129167298708 0.724587518763407 -9999.0 -9999.0 -9999.0 -9999.0 -9999.0 -9999.0 -9999.0 -9999.0 -9999.0 -9999.0 -9999.0 -9999.0 -9999.0 -9999.0 -9999.0 -9999.0 -9999.0 -9999.0 -9999.0 -9999.0 -9999.0 -9999.0 -9999.0 -9999.0 -9999.0 -9999.0 -9999.0 -9999.0 -9999.0 -9999.0 -9999.0
0.6126704190393838 0.6573150304096868 0.6525466817470053 0.6500897474493448 0.663575282130623 0.6567690691027188 0.6630183947179212 0.6426275297553504 0.6628159887827612 0.6754376524097763 0.6834102730284293 0.6874306576375266 0.6932523163868283 0.7029408220610084 0.7186349044528408 0.7103355106027235 0.7339794805174775 0.7177452510142781 0.708199674449608 0.7028209963964941 0.6911537150797369 0.6821396878969526 0.68369586244211 0.68396605304475 0.6826382500616197 0.6812778902098754 0.6861140514633304 0.6970693864938238 -9999.0 -9999.0 -9999.0 -9999.0 -9999.0 -9999.0 -9999.0 -9999.0 -9999.0 -9999.0 -9999.0 -9999.0 -9999.0 -9999.0 -9999.0 -9999.0 -9999.0 -9999.0 -9999.0 -9999.0 -9999.0 -9999.0 -9999.0 -9999.0 -9999.0 -9999.0 -9999.0 -9999.0 -9999.0 -9999.0 -9999.0 -9999.0
0.6435666352601663 0.5100039604737133 0.4911590516576716 0.5082539251328717 0.6185997353932026 0.5451545003250512 0.526864298351154 0.4875815250622724 0.5764531305458039 0.5018007661893833 0.5805518039448723 0.5981046543556009 0.5466740153384808 0.5101888673337739 0.5054016996894435 0.5332103508285561 0.6156014301971207 0.5688489677277071 0.4764365470939259 0.48432482097506047 0.46629778444899034 0.48041484486767133 0.5048961386898451 0.49522767825655417 0.48728353113798045 0.481703799479478 0.49643652381575554 0.5428461128254127 0.5145495346942013 -9999.0 -9999.0 -9999.0 -9999.0 -9999.0 -9999.0 -9999.0 -9999.0 -9999.0 -9999.0 -9999.0 -9999.0 -9999.0 -9999.0 -9999.0 -9999.0 -9999.0 -9999.0 -9999.0 -9999.0 -9999.0 -9999.0 -9999.0 -9999.0 -9999.0 -9999.0 -9999.0 -9999.0 -9999.0 -9999.0 -9999.0
