Model Version1.4/trunk/output/1999/frnup.asc
ncols 720
nrows 360
xllcorner -180.0
yllcorner -90.0
cellsize 0.5
NODATA_value -9999.0
[rows 135 to 161 of 360, columns 420 to 479 of 720]
-9999.0 -9999.0 -9999.0 -9999.0 -9999.0 -9999.0 -9999.0 -9999.0 -9999.0 -9999.0 -9999.0 -9999.0 -9999.0 -9999.0 -9999.0 -9999.0 -9999.0 -9999.0 0.46222890284741874 0.7063857294661016 0.626374106670791 0.6650980323237304 0.6924484648938105 0.6919983792433199 0.6578482361368246 -9999.0 0.6939351500287296 0.693425792341236 0.6948730630294144 0.6951035434400857 0.6930463277507505 0.6936799119564695 0.3720215273742063 0.21458470009559286 0.6526872068403019 0.6921703358342641 0.6923731173304924 0.6923341355814465 -9999.0 -9999.0 -9999.0 -9999.0 -9999.0 -9999.0 -9999.0 -9999.0 -9999.0 -9999.0 -9999.0 -9999.0 0.6266553853496183 -9999.0 -9999.0 -9999.0 -9999.0 0.6349843706897444 0.5895726050821759 0.4951167721239467 0.4683848978909416 -9999.0
-9999.0 -9999.0 -9999.0 -9999.0 -9999.0 -9999.0 -9999.0 -9999.0 -9999.0 -9999.0 -9999.0 -9999.0 0.6464299361627426 -9999.0 -9999.0 -9999.0 -9999.0 -9999.0 0.5014724144774824 0.517677844794012 0.6944001717278032 0.6103091969012808 0.6965888004341918 0.5940134470406875 0.6746353318449393 0.6921879985636661 0.6926906733777819 0.6961825245569869 0.6930186401120436 0.6928732143558247 0.6922456024907585 0.6943455691691441 0.3276328766491184 0.32753944408111973 0.6918549638204697 0.691633606230341 0.6917775719014324 -9999.0 -9999.0 -9999.0 -9999.0 -9999.0 -9999.0 -9999.0 -9999.0 -9999.0 -9999.0 -9999.0 -9999.0 -9999.0 -9999.0 0.6918923217897169 -9999.0 -9999.0 -9999.0 -9999.0 -9999.0 -9999.0 0.6346958948527273 -9999.0
-9999.0 -9999.0 -9999.0 -9999.0 -9999.0 -9999.0 -9999.0 -9999.0 -9999.0 -9999.0 -9999.0 -9999.0 -9999.0 -9999.0 -9999.0 -9999.0 -9999.0 -9999.0 0.6003323514451526 0.6445892768316404 0.5603813232820543 0.4940215980821417 0.6965523967584819 0.60379642167525 0.6957832457540735 0.564216313626384 0.6929472670801706 0.6972044346327051 0.6954357972458411 0.6921307109732188 0.6923916774684452 0.5857672757924965 0.24741943525571533 0.691716658450296 0.6916198046305746 0.6916430377775729 -9999.0 -9999.0 -9999.0 -9999.0 -9999.0 -9999.0 -9999.0 -9999.0 -9999.0 -9999.0 -9999.0 -9999.0 -9999.0 -9999.0 0.6953216904292239 0.6937371620737582 -9999.0 -9999.0 -9999.0 -9999.0 -9999.0 -9999.0 -9999.0 -9999.0
0.6201633765501855 -9999.0 -9999.0 -9999.0 -9999.0 -9999.0 -9999.0 -9999.0 -9999.0 -9999.0 -9999.0 -9999.0 0.6392462819926158 0.6431100312326707 -9999.0 -9999.0 -9999.0 -9999.0 0.6923253063497801 0.6021462250371225 0.6223701966481876 0.7163678144872335 0.6025631152719038 0.6956401966401781 0.6586517790718539 0.6963988329177809 0.6931717013348846 0.6944455670851315 0.693708104155724 0.2999984946838044 0.2529213901405292 0.3290356052360039 0.6913890891258194 0.6914767992496079 -9999.0 -9999.0 -9999.0 -9999.0 -9999.0 -9999.0 -9999.0 -9999.0 -9999.0 -9999.0 -9999.0 -9999.0 -9999.0 -9999.0 -9999.0 -9999.0 0.6333174038553983 0.6334602826600321 0.6330082010776418 -9999.0 -9999.0 -9999.0 0.6331045751988706 0.6334667811436178 -9999.0 -9999.0
0.6303351112131673 0.6299261033750599 -9999.0 -9999.0 -9999.0 -9999.0 -9999.0 -9999.0 -9999.0 -9999.0 -9999.0 -9999.0 -9999.0 0.6459630613680478 0.6323155070830504 -9999.0 -9999.0 -9999.0 -9999.0 0.6926031144982566 0.5483030243281897 0.558753970742588 0.6905843934998831 0.6490068666175222 0.4628025331167791 0.39282334832186566 0.6943695857705809 0.6927706546950728 0.5203986078299263 0.21155233113914163 0.2273202721490808 0.289197785155004 0.6915303123055578 0.6914708623698775 -9999.0 -9999.0 -9999.0 -9999.0 -9999.0 -9999.0 -9999.0 -9999.0 -9999.0 -9999.0 -9999.0 -9999.0 -9999.0 -9999.0 -9999.0 -9999.0 0.6339492678662676 -9999.0 -9999.0 -9999.0 -9999.0 -9999.0 -9999.0 0.6389470023412364 -9999.0 -9999.0
0.6166156452428369 0.6263683948287626 -9999.0 -9999.0 -9999.0 -9999.0 0.6267405984464531 -9999.0 -9999.0 -9999.0 -9999.0 0.6340812737975471 0.6374248829801321 0.6443058193304825 0.6329002914499988 -9999.0 -9999.0 -9999.0 -9999.0 -9999.0 -9999.0 0.3004157982284133 0.7092272872955759 0.568978151655398 0.6261382331641805 0.6971585522818845 0.6982864104101046 0.6946620155353547 0.6937555820249475 0.5909833026919322 0.41424390280823103 0.6926426374853513 -9999.0 -9999.0 -9999.0 -9999.0 -9999.0 -9999.0 -9999.0 -9999.0 -9999.0 -9999.0 -9999.0 -9999.0 -9999.0 -9999.0 -9999.0 0.6345909078647954 0.632595968938441 0.6323341086028691 -9999.0 -9999.0 -9999.0 -9999.0 -9999.0 -9999.0 -9999.0 -9999.0 -9999.0 -9999.0
0.617291017539909 0.6148235643721024 -9999.0 -9999.0 -9999.0 -9999.0 0.6280553726621425 0.6289903208988508 -9999.0 -9999.0 0.6314637958439107 0.6346683244082829 0.6383482936328188 -9999.0 0.6353616459056722 -9999.0 -9999.0 -9999.0 -9999.0 -9999.0 -9999.0 -9999.0 0.3302030393915195 0.5107379224663334 0.7085682348069002 0.6932747919098083 0.6879031584746189 0.698242590747682 0.6963023745678805 0.6921351555151222 0.6959588635123939 -9999.0 -9999.0 -9999.0 -9999.0 -9999.0 -9999.0 -9999.0 -9999.0 -9999.0 -9999.0 -9999.0 -9999.0 -9999.0 0.694507863661319 0.6362174107168623 0.635740702192883 0.6338783558510175 -9999.0 -9999.0 -9999.0 -9999.0 -9999.0 0.6318380825941374 -9999.0 -9999.0 -9999.0 -9999.0 -9999.0 -9999.0
-9999.0 0.6195381457009788 -9999.0 0.6263177221025824 0.6285734239605087 -9999.0 -9999.0 0.6277682835868136 -9999.0 -9999.0 -9999.0 0.6346661232916823 0.6389127525002786 0.6396938301527136 0.6363944391189887 0.609131899216174 -9999.0 -9999.0 -9999.0 -9999.0 -9999.0 -9999.0 0.24548988473383868 0.5989057106864759 0.7142033902882926 0.6963183896375797 0.6981586437409582 0.7011871917425593 0.6971814894367562 0.6922160290611078 0.6935824138093746 -9999.0 -9999.0 -9999.0 -9999.0 -9999.0 -9999.0 -9999.0 0.6921990125993855 0.6933980218946478 0.694190316628657 0.6934462599450902 0.6591709920694255 0.6597964275697854 0.6339592794044523 0.6336962596664979 0.6345204395830973 0.6336357858285366 -9999.0 -9999.0 -9999.0 -9999.0 0.6371318563472392 0.6370856174844811 0.6379477445323691 -9999.0 -9999.0 -9999.0 -9999.0 -9999.0
-9999.0 0.6184258117381404 0.625062703557189 0.6257778859371681 -9999.0 -9999.0 -9999.0 0.624781497248589 -9999.0 -9999.0 0.6307789022831681 0.6312803124515136 0.6312555586023573 0.6338322789523353 0.6419821924069692 0.614692355318948 0.6330790416067906 -9999.0 -9999.0 -9999.0 -9999.0 -9999.0 0.5520583453478608 0.6868789422324023 0.7168036150202186 0.5589529719259375 0.7004121876810087 0.7024068509944719 0.6997518566374898 0.6923826857935179 0.692783599301371 0.6924938302463205 -9999.0 -9999.0 -9999.0 -9999.0 0.6925363918840531 0.6931886806401142 0.6925307819122245 0.6588662749793923 -9999.0 -9999.0 -9999.0 -9999.0 -9999.0 -9999.0 0.6322722035015704 -9999.0 0.6318693736117106 0.6321895745754244 0.6327026324530122 0.6318884712407834 0.6335155685438043 -9999.0 -9999.0 -9999.0 -9999.0 -9999.0 -9999.0 -9999.0
-9999.0 -9999.0 0.6212124529193566 -9999.0 -9999.0 0.6317488809384544 0.6305374511770462 0.6088136630418 0.6245102615826358 0.6303849344911895 0.6304627498523501 0.6359827662783545 0.6358332575315944 0.6414637103670846 0.6368669905913363 0.6454978353518571 0.6490583228112907 0.6441345638481877 -9999.0 -9999.0 -9999.0 -9999.0 -9999.0 0.5912658161802302 0.2881027320800982 0.5643392646782245 0.7149477926986937 0.7061863702380883 0.6312892065210912 0.6131944976322554 0.6921338087810823 0.692572866289132 0.692406156726272 0.6925322909703107 -9999.0 0.6917686008324777 0.6585498633492056 0.6588289008095484 0.6580768951678824 -9999.0 -9999.0 0.6593433524616228 0.6589601536858931 0.6596549588125528 0.6591789974879796 0.6337581949803298 0.6336884183666304 0.6327234019391211 0.6327868653890907 0.6346199959378832 0.6397424888996986 0.6451621186369947 0.6470608912580635 -9999.0 -9999.0 -9999.0 -9999.0 -9999.0 -9999.0 -9999.0
-9999.0 0.6306333963663171 -9999.0 -9999.0 -9999.0 -9999.0 0.6305801815166905 0.6071847610449456 0.6293201609399127 0.6255993690608863 0.6317948951998242 0.632391970590279 0.6364405479483692 0.6372677652171921 0.6365283215694696 0.6627237319490116 0.6675912187103142 0.6498283192576175 -9999.0 -9999.0 -9999.0 -9999.0 -9999.0 -9999.0 0.32290591099283056 0.2041331319551802 0.6239970626632187 0.5980488224815328 0.6472814454231736 0.6956963975006597 0.6868653710129949 0.6939475986631468 0.6942005594273195 0.6932384324408023 0.6574639470749858 0.6573895082967365 0.6593061888558095 0.6599202966216333 0.6593665097027552 0.6584463484469084 0.6592516331041385 0.6608974055726528 0.6606924202405163 0.6601664872463899 0.6608051788674925 0.6361348755653828 0.6363831080468086 0.6398090387220229 0.5002591512917747 0.6451018850888682 0.6519933859775215 -9999.0 -9999.0 -9999.0 -9999.0 -9999.0 -9999.0 -9999.0 -9999.0 -9999.0
-9999.0 0.6311665232034892 0.6324477948433893 0.6311952484294736 0.6314735551851658 0.6120623502037524 0.6164491924774604 0.6163831771289137 0.6313770101153845 0.6310499821502992 0.6316859469291665 0.6315294521532522 0.6319393115871728 0.6363456412142877 0.6527251922831456 0.6644580396651969 0.6671832272090782 0.6592967675140281 0.6455328592844861 -9999.0 -9999.0 -9999.0 -9999.0 -9999.0 0.6936514280419379 0.21087571304216815 0.45857790965983347 0.5650541917666977 0.6562574700673964 0.6520095020717015 0.6898597069939081 0.6937626331512958 0.6936501218700724 0.6922611054429614 0.6586908040888515 0.6598834613849486 0.6615899046614117 0.6604975076508548 0.6604298905843033 0.6608938886105563 0.6630236932299197 0.6615212997103331 0.6657404002935928 0.6663362414765259 0.6679145854285826 0.6708625562249385 0.647094509414283 0.641850074944422 -9999.0 -9999.0 -9999.0 -9999.0 -9999.0 -9999.0 -9999.0 -9999.0 -9999.0 -9999.0 -9999.0 -9999.0
0.6316694343017119 0.6315930447344981 0.631799643982804 0.6311444192195784 0.6314948709149905 0.6108239093448842 0.6324716108237357 0.6313813466098792 0.631310470802559 0.6312178314408171 0.6317393470056897 0.6323530126586865 0.5951792152812345 0.6371612374763611 0.6494179769189209 0.6646168556476933 0.6654782293530562 0.649298066716722 0.6191658824094929 -9999.0 -9999.0 -9999.0 -9999.0 -9999.0 -9999.0 0.49480959600473823 0.5482627045372206 0.5842063741934433 0.5141247087041758 0.4151666996875329 0.7003373350564479 0.6934258638485488 0.6925845277971304 0.6585329671515651 0.6602832503410896 0.6632164310281455 0.6626484216972823 0.6575576831530494 0.6507145997154523 0.6626670807838276 0.6620290840660903 0.6610859291928864 0.6651492025658522 0.6612676189578346 0.6603150529164544 0.668359297552273 -9999.0 -9999.0 -9999.0 -9999.0 -9999.0 -9999.0 -9999.0 -9999.0 -9999.0 -9999.0 -9999.0 -9999.0 -9999.0 -9999.0
0.6323383456928529 0.6327577299531352 0.6322147532729564 0.6322854682598795 0.6254005304585537 0.6088709715669555 0.633111738548562 0.633052341683813 0.6332143047878599 0.6330088351430635 0.5978403522255994 0.6180078079005277 0.6103762208651133 0.6378821815096464 0.6503477747361738 0.6439802849675771 0.6581929118606609 0.6601568975902478 0.6085180199505782 -9999.0 0.6463825928495529 -9999.0 -9999.0 -9999.0 -9999.0 0.5524208102206616 0.5067357901836139 0.4886519634884723 0.4545701873699309 0.6479459177617445 0.3903239069908533 0.2813554168254838 0.6601760515258739 -9999.0 0.659988782313164 0.6639638471193587 0.6507143549597978 0.6276004115303923 0.6583220609039072 0.6640200483355084 0.6669056749083629 0.6721144849719722 0.6702287218328468 0.6672497484393789 0.6668670368603716 -9999.0 -9999.0 -9999.0 -9999.0 -9999.0 -9999.0 -9999.0 -9999.0 -9999.0 -9999.0 -9999.0 -9999.0 -9999.0 -9999.0 -9999.0
0.6328767553254755 0.6327808837140914 0.6320763628260806 0.6323299766485422 0.612876005712679 0.5107756558937948 0.6131889033257876 0.6324362709200756 0.6278229442292091 0.631607525899487 0.6198580298378257 0.5199973960700031 0.6338650912669166 0.5824826957628824 0.6223427710801988 0.6414419211007033 0.6549251933268644 0.5786082145921442 0.655425493488181 0.6304715005496919 0.6476845706963185 -9999.0 -9999.0 -9999.0 -9999.0 0.6280488820949973 0.4881910417417569 0.6095984963945045 0.37338185807337754 0.662601339175521 0.563562756825514 0.6007824293324785 0.6593665801978309 0.6599942498857998 0.6671323657567212 0.6660488611590013 0.6624363403090328 0.6635456943767459 0.6633082270849698 0.6713508768791954 0.674739709989019 0.6667342126254119 0.6683954892118695 0.6554729022716271 -9999.0 -9999.0 -9999.0 -9999.0 -9999.0 -9999.0 -9999.0 -9999.0 -9999.0 -9999.0 -9999.0 -9999.0 -9999.0 -9999.0 -9999.0 -9999.0
0.6366226968703949 0.633265113125905 0.6337996049423685 0.6338944425202504 0.60501561189741 0.45354666257186993 0.4451478207584849 0.6302574367596586 0.6346520059417404 0.6344652626734091 0.6239357862430495 0.6355956009806881 0.6229433323520283 0.5306397252362008 0.58561906852825 0.3401908286887353 0.40805160595713863 0.5138242018717891 0.5552626198821053 0.6707382522567529 0.6471953664728152 0.6480343164874771 0.6480188804536408 -9999.0 -9999.0 0.6645623785031821 0.4405458772394248 0.6478692922410112 0.2835522808964128 0.6204631145984659 0.6720210036776424 0.6643935427270116 0.6653929764071131 0.6633573270805958 0.674539953594759 0.6734488137991979 0.6700628370518562 0.6740204776938905 0.659140268521148 -9999.0 0.656694062448779 -9999.0 -9999.0 -9999.0 -9999.0 -9999.0 -9999.0 -9999.0 -9999.0 -9999.0 -9999.0 -9999.0 -9999.0 -9999.0 -9999.0 -9999.0 -9999.0 -9999.0 -9999.0 -9999.0
0.6332632470766897 0.6331214567921505 0.6334901594736048 0.6220696122398627 0.6122137670153628 0.4115877537085409 0.45112836489313385 0.49941267327038613 0.5933341464381404 0.5495139166634077 0.5125812489968511 0.5446257818309693 0.5683248874485683 0.5799068630906205 0.593225079531292 0.5421148490009172 0.5882734679804186 0.5522119310268389 0.5764709670451639 0.6370741784285765 0.6225782549454387 0.6549521775950816 0.6520963414812069 0.6467932021438844 -9999.0 -9999.0 0.423595342087496 0.6019841215590016 0.4414493145792057 0.4421741783007339 0.6504214107326056 0.649612660594982 0.675675642323754 0.6738558558039571 0.6826919136855617 0.666308284123277 0.6545535090525562 0.6691168541918093 -9999.0 -9999.0 -9999.0 -9999.0 -9999.0 -9999.0 -9999.0 -9999.0 -9999.0 -9999.0 -9999.0 -9999.0 -9999.0 -9999.0 -9999.0 -9999.0 -9999.0 -9999.0 -9999.0 -9999.0 -9999.0 -9999.0
0.6312558709028416 0.6354510183808899 0.6358480132991093 0.6260510201517765 0.6111948823808242 0.5292327515756414 0.6010313210926237 0.49696457934527094 0.5524250402884423 0.5086996486040577 0.5182902606687145 0.4665206284492821 0.5572053495428158 0.6051928700469761 0.6343898068391182 0.592896088553782 0.5975523766843847 0.5490387668064941 0.5740821146253465 0.608655996426186 0.6236184321692891 0.6208976671862716 0.6583462709313984 0.6516935751114391 0.649077260482592 0.6695436978754893 0.5600152815469491 0.6250976485114064 0.5530494979059775 0.6171910497866524 0.6643621168791307 0.6675064471155701 0.6665053802595531 0.6537778170952558 0.6644746274993247 0.6575678823382743 -9999.0 -9999.0 -9999.0 -9999.0 -9999.0 -9999.0 -9999.0 -9999.0 -9999.0 -9999.0 -9999.0 -9999.0 -9999.0 -9999.0 -9999.0 -9999.0 -9999.0 -9999.0 -9999.0 -9999.0 -9999.0 -9999.0 -9999.0 -9999.0
0.6232138700774188 0.6342578633988026 0.6281659882024759 0.6296709309597858 0.6354469791799208 0.6022291353783985 0.5260586891338925 0.4988969181030074 0.42865455583267603 0.40418044683722 0.3651181954208405 0.4899063740157971 0.5388873146045963 0.6247583359582914 0.6371903735200911 0.6200288401245886 0.6373613317279385 0.6181558024452258 0.5863633054251425 0.6029908272415524 0.6266394914668323 0.6214538631327365 0.6200093224742445 0.6576077925412032 0.65145827486957 0.6494779194614574 0.5871590924034219 0.6782574241721233 0.6615966617138298 0.6014141132991441 0.5572045490016875 0.6695385562698423 0.6649737192623895 0.5349490186707433 -9999.0 -9999.0 -9999.0 -9999.0 -9999.0 -9999.0 -9999.0 -9999.0 -9999.0 -9999.0 -9999.0 -9999.0 -9999.0 -9999.0 -9999.0 -9999.0 -9999.0 -9999.0 -9999.0 -9999.0 -9999.0 -9999.0 -9999.0 -9999.0 -9999.0 -9999.0
0.6289989436238458 0.6049805461903238 0.574871000142765 0.5963959060677898 0.6334534971708784 0.6251307081205311 0.521253929392301 0.410066788770644 0.4432480706427461 0.5308915898341112 0.5140623662145931 0.5861511152907642 0.5903977529783216 0.6345371736885462 0.5859958388306127 0.5891801851045481 0.6146994839991633 0.6272066499297866 0.6074748733896388 0.599993160879559 0.6267259964705615 0.6238974942132989 0.6243820621087327 0.6245835696811133 0.6510761754094332 0.6488328356326669 0.6401477493302978 0.6657001291054107 0.6560941312814941 0.6163853660946853 0.6690308854118893 -9999.0 -9999.0 -9999.0 -9999.0 -9999.0 -9999.0 -9999.0 -9999.0 -9999.0 -9999.0 -9999.0 -9999.0 -9999.0 -9999.0 -9999.0 0.6664740649205045 0.6682105098692135 0.667506267086028 -9999.0 -9999.0 -9999.0 -9999.0 -9999.0 -9999.0 -9999.0 -9999.0 -9999.0 -9999.0 -9999.0
0.6024655903105562 0.6109745314974766 0.5777677758454254 0.5947296575933034 0.6230439442285678 0.6316637066692038 0.45266605028473 0.4869386100383639 0.43342747351589983 0.5751741251405224 0.6415311232960428 0.6240573814890281 0.62487588055139 0.5923178453881661 0.40357179342085314 0.45470920347636584 0.6168260860104776 0.6264523677463883 0.6172776075877124 0.6120038828906427 0.622806771711565 0.6233118883684774 0.6241095765720577 0.6303853414855779 0.6463063645746987 0.6456221549530469 0.642451406373028 -9999.0 -9999.0 -9999.0 -9999.0 -9999.0 -9999.0 -9999.0 -9999.0 -9999.0 -9999.0 -9999.0 -9999.0 -9999.0 -9999.0 -9999.0 -9999.0 -9999.0 -9999.0 -9999.0 -9999.0 0.6715918169647096 0.6679879527708193 -9999.0 -9999.0 -9999.0 -9999.0 -9999.0 -9999.0 -9999.0 -9999.0 -9999.0 -9999.0 -9999.0
0.6075973670237461 0.5839566011805546 0.5606815880044836 0.5658745260484118 0.556158238342366 0.6184464612513011 0.4712587554452369 0.44160903505063176 0.4546987195166442 0.5457393139280148 0.6241918230918406 0.6248751002941138 0.6299614258227347 0.5795135818893216 0.4785620486781543 0.4396940258006567 0.5188218052084916 0.6172355446551108 0.5818314696659487 0.6173689233948624 0.6111875792287337 0.622371750031336 0.6112574456512656 0.6290314420111579 0.6562402061983279 0.6509305967494124 0.6449217804958502 -9999.0 -9999.0 -9999.0 -9999.0 -9999.0 -9999.0 -9999.0 -9999.0 -9999.0 -9999.0 -9999.0 -9999.0 -9999.0 -9999.0 -9999.0 0.6466676887852871 -9999.0 -9999.0 -9999.0 -9999.0 -9999.0 -9999.0 -9999.0 -9999.0 -9999.0 -9999.0 -9999.0 -9999.0 -9999.0 -9999.0 -9999.0 -9999.0 -9999.0
0.6169097012243848 0.6185833099746555 0.5479571792664008 0.5959041623623199 0.6120914463962427 0.5385316451181744 0.5520787166557105 0.5681728618958454 0.504717657318262 0.5679505617525995 0.6323601510999906 0.6228706363156636 0.6218978332000096 0.5104394086422696 0.4653563983806574 0.48771920455956685 0.5927139137673417 0.5966770258241676 0.6263593394435906 0.5712330996160954 0.6231834063811673 0.6190124763159525 0.6214048417812926 0.6239084588208119 0.6448056214727353 0.6475386358770044 0.6377680601572453 0.6375485119415271 -9999.0 -9999.0 -9999.0 -9999.0 -9999.0 -9999.0 -9999.0 -9999.0 -9999.0 -9999.0 -9999.0 0.6474130839840062 -9999.0 -9999.0 0.6430876990940818 -9999.0 -9999.0 -9999.0 -9999.0 -9999.0 -9999.0 -9999.0 -9999.0 -9999.0 -9999.0 -9999.0 -9999.0 -9999.0 -9999.0 -9999.0 -9999.0 -9999.0
0.6140968918505187 0.6220604536707032 0.6117447695491202 0.6222520763861974 0.6064565811165107 0.6267538366104323 0.5809350459819876 0.6221103715810994 0.625446457894609 0.616648115690227 0.6303339532954032 0.6197002769861412 0.6051297372721393 0.47762748930107723 0.44184345032246247 0.5518140298497856 0.5585466773375334 0.5641680414713833 0.6077686976190075 0.5831452290258365 0.6008810300018858 0.6234700818931366 0.6265165868134432 0.6247548300067021 0.6198486930760481 0.6223313840713082 0.6391185632598867 0.637375294567842 0.637067285658753 -9999.0 -9999.0 -9999.0 -9999.0 -9999.0 0.6509633736757693 0.6403930898614109 0.6395306711003049 0.640972754663373 -9999.0 0.641208007331469 -9999.0 -9999.0 0.6381816590191819 -9999.0 -9999.0 -9999.0 -9999.0 -9999.0 -9999.0 -9999.0 -9999.0 -9999.0 -9999.0 -9999.0 -9999.0 -9999.0 -9999.0 -9999.0 -9999.0 -9999.0
0.6307555037870889 0.6291011754516694 0.6270247311950949 0.6330483036056197 0.6180228056444006 0.5887481104705388 0.5800036765846244 0.6205694755403953 0.6298989511534315 0.6100204448518818 0.6312367125756453 0.6235202366501998 0.6268518245999483 0.6141614337124661 0.5667029224027098 0.446088777761008 0.5458390216080913 0.5686999942281946 0.5599050662114634 0.5669377782011112 0.6082066251944279 0.6256676754611853 0.6224455261766083 0.6178671568438444 0.6177709168116615 0.6247691341452347 0.6470857857820802 0.647539553084665 0.6438499627958406 0.6422444908362821 0.6440749462715147 0.6424902098239157 0.6475922452801406 0.644561094269176 0.6391440620857837 0.6367436637310758 0.6357677936862255 0.6366012935949922 0.6374307381633674 -9999.0 -9999.0 -9999.0 0.6384925952451982 -9999.0 -9999.0 -9999.0 -9999.0 -9999.0 -9999.0 -9999.0 -9999.0 -9999.0 -9999.0 -9999.0 -9999.0 -9999.0 -9999.0 -9999.0 -9999.0 -9999.0
0.628232867041961 0.6394783237605818 0.634356990030893 0.6274663154660518 0.6144210463073365 0.6115285336508633 0.6134442110735526 0.6349356542684681 0.6309509672350371 0.6239983536426793 0.5907548967004537 0.6324692029647884 0.6155603929596074 0.5853989379967447 0.5096584544119003 0.5833034495593407 0.5524045670167275 0.4741027031654843 0.49262494709283217 0.5509475692121711 0.6224810777331166 -9999.0 0.619667685177376 0.622651618464935 0.6209888398369 0.6201218263099324 0.522409864813655 0.5562179442246047 0.6127214404837515 0.637507108453185 0.6338974320281187 0.640633401299945 0.6430227782839772 0.6432006632482029 0.6375852343498382 0.6358986962153648 0.6350689815326478 0.6351488092035912 0.6368259110910571 0.6378386789768324 -9999.0 -9999.0 -9999.0 -9999.0 -9999.0 -9999.0 -9999.0 -9999.0 -9999.0 -9999.0 -9999.0 -9999.0 -9999.0 -9999.0 -9999.0 -9999.0 -9999.0 -9999.0 -9999.0 -9999.0
0.6367359749344081 0.6323478058539345 0.6352687727404797 0.6365288305538233 0.6301585820682634 0.6333649851474583 0.6364348317248036 0.6347447636344334 0.6210488418432935 0.5542646814296364 0.5280067605805898 0.5277754443222905 0.6190798416084902 0.602249724703309 0.5709084657429866 0.5645014974490447 0.5678021357293459 0.5307247099327277 0.5156494931423294 0.6161484386568319 0.6215359571027985 0.601888953756451 0.5723559480118888 0.5866602472167368 0.5814679956892235 0.5965314118947268 0.5969613256654979 0.5410192414949195 0.6348064300668526 0.637214905822649 0.6368286829974728 0.6371940340087755 0.6330624302095383 0.6380866329671262 0.6377148410853754 0.6373822395516882 0.6383694409473962 0.6364815958713524 0.6353265303220293 0.6358614867796067 0.6356920837955358 -9999.0 -9999.0 -9999.0 -9999.0 -9999.0 -9999.0 -9999.0 -9999.0 -9999.0 -9999.0 -9999.0 -9999.0 -9999.0 -9999.0 -9999.0 -9999.0 -9999.0 -9999.0 -9999.0
