Model Version1.4/trunk/output/1999/frnup.asc
ncols 720
nrows 360
xllcorner -180.0
yllcorner -90.0
cellsize 0.5
NODATA_value -9999.0
[rows 162 to 188 of 360, columns 420 to 479 of 720]
0.6405187061973954 -9999.0 0.6387046779955681 0.6284697285122789 0.6297354372744558 0.6402490491082322 0.638419385034046 0.6372898804015591 0.628819604758469 0.4655673551248637 0.5124364605297956 0.4469760822319487 0.6111760098150482 0.6152254171649636 0.5643273926352607 0.4413675000138379 0.4951072357653143 0.43385211596052503 0.49892320132789686 0.5954213969059174 0.5649508380351657 0.5853062997530281 0.6276871792952339 0.6041377720309737 0.6179127555355349 -9999.0 0.6166815436301905 0.6151410501881097 0.6143824421139963 0.6005826551082671 0.6359575964837659 0.6362205331218643 0.6364617087816653 0.6372764784783824 0.6358424578122134 0.635711732152833 0.6352234267271959 0.6364359063362216 0.636176799600031 0.6354459363212529 -9999.0 -9999.0 -9999.0 -9999.0 -9999.0 -9999.0 -9999.0 -9999.0 -9999.0 -9999.0 -9999.0 -9999.0 -9999.0 -9999.0 -9999.0 -9999.0 -9999.0 -9999.0 -9999.0 -9999.0
0.630727285607742 0.6326242236181692 0.6251166929454773 0.6254049658498136 0.5962666908549651 0.6292919000903356 0.6218733146522533 0.619534140395875 -9999.0 0.6328738465094704 0.5938779687840355 0.5539193977882578 0.48988062535052984 0.5664032893036997 0.5761310306095835 0.4922183945111581 0.5120401467568139 0.4544566273569288 0.5025823972555907 0.5468018628949771 0.6134713830152462 0.6309472771463436 0.626435007444697 0.6119527830172318 0.6205155461360735 -9999.0 0.6179853891775088 0.6179476523406646 0.6119575501703661 0.6137777104902763 0.6080826488698612 0.603860598923185 0.5924285166797675 0.6356846555026261 0.6378089216281565 0.636974836167234 0.6359830360397796 0.636011103174498 0.6371286843129979 0.63901794587387 0.640521650508976 -9999.0 -9999.0 -9999.0 -9999.0 -9999.0 -9999.0 -9999.0 -9999.0 -9999.0 -9999.0 -9999.0 -9999.0 -9999.0 -9999.0 -9999.0 -9999.0 -9999.0 -9999.0 -9999.0
0.6169795085052447 0.6337172349013139 0.6319197498947535 0.6318390372523705 0.6386641956301129 0.6432126803593836 0.6450513718016249 0.6230058436443839 0.6235570418293848 0.6303918383371817 0.6353184765830304 0.6232699635113294 0.5573542318938174 0.5055065919013996 0.5723591552139434 0.4632709088844756 0.42822057101247596 0.5641044542177204 0.5798096499435104 0.5922913073130405 0.6209886069247472 0.6324158040571318 0.622190663304262 0.613801059519856 0.6218999440900577 0.6208671606358576 0.6130247514347349 0.618417061555017 0.6098109093234824 0.6091724709355141 0.6084506842994251 0.6084359541013067 0.6062863803616874 0.6063466558629508 0.6052582117871517 0.6359295835468984 0.6356073947754184 0.6351047340570225 0.6359446236167321 0.6363684638797982 -9999.0 -9999.0 -9999.0 -9999.0 -9999.0 -9999.0 -9999.0 -9999.0 -9999.0 -9999.0 -9999.0 -9999.0 -9999.0 -9999.0 -9999.0 -9999.0 -9999.0 -9999.0 -9999.0 -9999.0
0.6416472427333416 0.6342123493012705 0.6230119924071673 0.6358668413604733 0.641335572401381 0.639439983226398 0.6356621550126803 0.6348933186455049 0.6244805312911011 0.6329502473553955 0.623722289918249 0.5599593573867842 0.5760106182428378 0.6019158146035268 0.6260097237534125 0.41184180987342667 0.4506500825956412 0.49581120581820853 0.5834774227821179 0.6234987874186638 0.6043610343470545 0.5955905760539192 0.6207304859446445 0.6197992586245978 0.6242106828464254 0.6207618031460875 0.6149287059280453 0.6168379292217243 0.6141139347033886 0.6094720871291545 0.6063088687841708 0.6084679161594589 0.6062524000245344 0.6063049837458758 0.6348855462528632 0.635435926475628 0.6348905648674095 0.6353463778382328 0.6352341676067206 0.6378859139660336 -9999.0 -9999.0 -9999.0 -9999.0 -9999.0 -9999.0 -9999.0 -9999.0 -9999.0 -9999.0 -9999.0 -9999.0 -9999.0 -9999.0 -9999.0 -9999.0 -9999.0 -9999.0 -9999.0 -9999.0
0.6336988989749429 0.6260077668233605 0.6425428473361933 0.642613117159124 0.6416440689011504 0.6424607506898378 0.6365731466296646 0.6368935291899473 0.6433664340288059 0.6317767151436536 0.6360631291223775 0.604592049625895 0.6417457617266372 0.6409362860263739 0.6420704191097423 0.5162850680302609 0.5195492616956653 0.5039391978588642 0.6294769453086224 0.6356444832159577 0.6320207033128531 0.6252864917525862 0.6203058177012649 0.6230699230172804 0.6203769389281125 0.6216600785558596 0.607452250371242 0.6101671311228831 0.6102501954965529 0.6082556577784607 0.605704931761574 0.6055211363385766 0.6052176792874111 0.6348158182577924 0.6346437054309223 0.6349398685970774 0.634886267154091 0.6349922419255337 0.6346009444116515 -9999.0 -9999.0 -9999.0 -9999.0 -9999.0 -9999.0 -9999.0 -9999.0 -9999.0 -9999.0 -9999.0 -9999.0 -9999.0 -9999.0 -9999.0 -9999.0 -9999.0 -9999.0 -9999.0 -9999.0 -9999.0
0.6314395250469133 0.640440308185845 0.6429999878496867 0.62821142626038 0.6384308001627581 0.6244036823922645 0.6383626614229402 -9999.0 -9999.0 0.6465106799066198 0.6359796568917765 0.6384954087902834 0.6353363291801709 0.5739078713756469 0.628400066839428 0.5828988280215485 0.5797178016915673 0.6086861908491172 0.6252180818396477 0.6261016625534914 0.6238600149188451 0.6257872379232633 0.6199097427286608 0.6246270938870673 0.6152447310779556 0.5959329506700659 0.5897215356836094 0.6125760978576217 0.6066572324769796 0.6055524054252107 0.605410826719329 0.6054871221476364 0.6347121387866455 0.6349310446187367 0.6347845427203898 0.6346781882324594 0.6344075514091592 0.635277204268784 0.63588930263676 -9999.0 -9999.0 -9999.0 -9999.0 -9999.0 -9999.0 -9999.0 -9999.0 -9999.0 -9999.0 -9999.0 -9999.0 -9999.0 -9999.0 -9999.0 -9999.0 -9999.0 -9999.0 -9999.0 -9999.0 -9999.0
0.6391282808349681 0.6428295715588872 0.6392862150420531 0.6354497982985314 0.6380319946705046 0.6299112312395383 -9999.0 -9999.0 -9999.0 0.6460886244705111 0.632856190552877 0.6314522835738173 0.6315727213348653 0.5975180931394488 0.5985965751272124 0.6116923673219579 0.6155258531010356 0.6260963489284256 0.6270992173368759 0.6247240432063889 0.6264618066663098 0.6293679170344956 0.621737170107681 0.6171328347964466 0.6187465089588159 0.6124553854842107 0.6105813900125062 0.6123764856874129 0.608855722478705 0.6060508396762062 0.6010072397831073 0.6352058959664729 0.6345342498854514 0.6346214265254237 0.6349693841130469 0.6346775467446722 0.6346895971150968 0.6354913148938656 -9999.0 -9999.0 -9999.0 -9999.0 -9999.0 -9999.0 -9999.0 -9999.0 -9999.0 -9999.0 -9999.0 -9999.0 -9999.0 -9999.0 -9999.0 -9999.0 -9999.0 -9999.0 -9999.0 -9999.0 -9999.0 -9999.0
0.6325762044524122 0.6412927727855877 0.6406130318138752 -9999.0 -9999.0 0.632209674749176 0.6366063971648647 0.6327693933502804 0.6426516558306529 0.6432700157136372 0.6509023187586218 0.6272313706187274 0.6257383772649359 0.6294529044722449 0.596575497198348 0.6281251820042613 0.6254900697777857 0.6298998045008734 0.6270434055192069 0.6149223248527793 0.6262223779952872 0.6077801258742482 0.6196702103789496 0.6164519702894925 0.6151844747095567 0.6148608392272276 0.6097663701901835 0.6131622295667697 0.6072564860022228 0.6068032413413433 0.5927395123456156 0.635308835353685 0.6345818533537629 0.6346117597893648 0.6334761683985188 0.6346361962765542 0.6350029340493679 0.6353748410659353 -9999.0 -9999.0 -9999.0 -9999.0 -9999.0 -9999.0 -9999.0 -9999.0 -9999.0 -9999.0 -9999.0 -9999.0 -9999.0 -9999.0 -9999.0 -9999.0 -9999.0 -9999.0 -9999.0 -9999.0 -9999.0 -9999.0
0.6369957532704907 0.6044394883757884 0.5963068192378896 0.644326357377983 0.6166820890434408 0.6455742310919159 0.6276147935648765 0.6170729240307733 0.642570201907758 0.6367368367084959 0.6542994950738975 0.6416730465126373 0.6198133076798806 0.6219047054849982 0.6282106350004464 0.6230492534151223 0.6252148387156695 0.6238641839690654 0.62018229946726 0.625862976883656 0.6254033307658097 0.6180453839574181 0.5897542348417453 0.6051935330261663 0.613645124234248 0.6125703804516748 0.5977007318587826 0.6370619847588118 0.6362198135169386 0.6371131495189587 0.6308866760492965 0.635658398954281 0.6346499570627061 0.6347546790430908 0.6329887352791691 0.6353125264675678 0.6368163192217601 -9999.0 -9999.0 -9999.0 -9999.0 -9999.0 -9999.0 -9999.0 -9999.0 -9999.0 -9999.0 -9999.0 -9999.0 -9999.0 -9999.0 -9999.0 -9999.0 -9999.0 -9999.0 -9999.0 -9999.0 -9999.0 -9999.0 -9999.0
0.6322660932093818 0.6172560437669397 0.6157434723922739 0.6412501268190492 0.6286957078116027 0.6125615014323981 0.6151821621157106 0.6280265425780924 0.6346356725483792 0.6284447728225131 0.6300959658590535 0.6307998724755185 0.625559244356453 0.6305694711212984 0.6243671862713487 -9999.0 -9999.0 -9999.0 -9999.0 -9999.0 0.6161696175394769 0.6204232831909285 0.5896049346896344 0.5800152422343507 0.5961915776320316 0.6379333968570312 0.6365011782249381 0.6362548855516895 0.6359208722686303 0.636028585544764 0.633504991723653 0.6338474608056818 0.6347030986008467 0.6348067463660201 0.635395380320581 0.6360862715607637 -9999.0 -9999.0 -9999.0 -9999.0 -9999.0 -9999.0 -9999.0 -9999.0 -9999.0 -9999.0 -9999.0 -9999.0 -9999.0 -9999.0 -9999.0 -9999.0 -9999.0 -9999.0 -9999.0 -9999.0 -9999.0 -9999.0 -9999.0 -9999.0
0.7557075042023371 0.5494935790498165 0.6220162458015879 0.5615677526427347 0.5977410672189166 0.6435112509128695 0.6289311976158694 0.6300721052081129 0.6500162670537942 0.6313724675428259 0.6304652872586372 0.6270280498370838 0.6244488306863414 0.6275228047821565 0.6230768125043907 0.6245254083675826 0.6233545030429534 0.6159171597717907 -9999.0 0.6190863074554739 0.6208433101895049 0.6217833538411913 0.621526364070495 0.5790564561888443 0.6344860205378328 0.6353355950426003 0.6360465611268654 0.636575587759319 0.6363826707555885 0.636213665165817 0.6345700033904981 0.6233326014057983 0.6352049746686881 0.6355242567333529 0.6357232701210245 -9999.0 -9999.0 -9999.0 -9999.0 -9999.0 -9999.0 -9999.0 -9999.0 -9999.0 -9999.0 -9999.0 -9999.0 -9999.0 -9999.0 -9999.0 -9999.0 -9999.0 -9999.0 -9999.0 -9999.0 -9999.0 -9999.0 -9999.0 -9999.0 -9999.0
0.7475735758412546 0.2401864770100199 0.6224579144920431 0.6641709554665157 0.639310515391957 0.6763076275776783 0.6643745125921221 0.6492356610792008 0.6246352737660165 0.6382391844433771 0.6318915794753047 0.6266692904077733 0.6245445803329 0.6254599397269485 0.6221752576779636 0.62519422659275 0.6224425608713331 0.6242416222538045 0.6282492467763605 0.6245750411562813 0.6221012287476967 0.6202764988932036 0.602504838962201 0.6375630851612422 0.6382545086324881 0.634765280221618 0.6360805940260346 0.6373935017295128 0.636482132209503 0.6362894728326374 0.6333409773211294 0.6246794467628316 0.6355293073238842 0.6362648850147241 -9999.0 -9999.0 -9999.0 -9999.0 -9999.0 -9999.0 -9999.0 -9999.0 -9999.0 -9999.0 -9999.0 -9999.0 -9999.0 -9999.0 -9999.0 -9999.0 -9999.0 -9999.0 -9999.0 -9999.0 -9999.0 -9999.0 -9999.0 -9999.0 -9999.0 -9999.0
0.7189329446877809 0.8190192125714643 0.6190426033571392 0.6378572849987371 0.6165844388311607 0.6172929574592197 0.6824562102191588 0.6407381443634522 0.6531030440076205 0.6365760156357951 0.6284356630125931 0.6277060282904567 0.6247656986947573 0.6279456669190493 0.6230944358824251 0.6222574069734932 0.6218127722422178 0.6217085024442068 0.6209203621130098 0.6245098747145541 0.6052317872091842 0.6012249545897836 0.637178637764942 0.640271903761901 0.6369634550859556 0.6376494840365572 0.6370252453783478 0.6364538929875789 0.6348138789625288 0.6356687751689207 0.6033662868622657 0.5753522883513398 0.6355647436574674 0.6360776092683567 -9999.0 -9999.0 -9999.0 -9999.0 -9999.0 -9999.0 -9999.0 -9999.0 -9999.0 -9999.0 -9999.0 -9999.0 -9999.0 -9999.0 -9999.0 -9999.0 -9999.0 -9999.0 -9999.0 -9999.0 -9999.0 -9999.0 -9999.0 -9999.0 -9999.0 -9999.0
0.7141178159599929 0.7760563616079555 0.6279770242779837 -9999.0 0.6140157802838939 0.6150162318277571 0.6266916810392724 0.6236964361269658 0.6255505199997584 0.6274789577233305 0.6439977064478655 0.6297915190861653 0.6300470940909539 0.6381911013943384 0.6235812525380474 0.6248445372900279 0.621568293236587 0.6100973424761393 0.5983751981139308 0.6010090719879981 0.619358762253508 0.6206107577972314 0.6366280548464103 0.6367803277392956 0.6371972345399541 0.6371165369013556 0.6374856856256301 0.6362865437265505 0.6356178946821349 0.6136625667503869 0.5861476842665226 0.5877704883218268 -9999.0 -9999.0 -9999.0 -9999.0 -9999.0 -9999.0 -9999.0 -9999.0 -9999.0 -9999.0 -9999.0 -9999.0 -9999.0 -9999.0 -9999.0 -9999.0 -9999.0 -9999.0 -9999.0 -9999.0 -9999.0 -9999.0 -9999.0 -9999.0 -9999.0 -9999.0 -9999.0 -9999.0
0.4437142206908618 0.7691706641553847 0.6708079499415796 0.6641716156854505 0.6167534140372926 0.6160943576379714 0.629647684365169 0.6281957590556064 0.6240139650016385 0.644870174568461 0.6642169717543468 0.6361356575691185 0.630312555076483 0.6378188304362933 0.6367519689168947 0.6183056230806963 0.604525584598948 0.6063069290651132 0.6037768878569273 0.6035311336114791 0.6129183555760296 0.6187465005260707 0.6357759912976424 0.6363710911701869 0.6322245045618617 0.6361011432750796 0.6359495689969934 0.6350724571601367 0.5344042106289282 0.4541101880152449 0.6360885752318394 -9999.0 -9999.0 -9999.0 -9999.0 -9999.0 -9999.0 -9999.0 -9999.0 -9999.0 -9999.0 -9999.0 -9999.0 -9999.0 -9999.0 -9999.0 -9999.0 -9999.0 -9999.0 -9999.0 -9999.0 -9999.0 -9999.0 -9999.0 -9999.0 -9999.0 -9999.0 -9999.0 -9999.0 -9999.0
0.42912080784993056 0.6557219042617762 0.6675396733576553 0.6138227388538497 0.6180723683676191 0.6179966473320454 0.6275902223075299 0.6369189191892761 0.6575193864567719 0.6680577868847913 0.6961427981719883 0.6490574561692546 0.633943303532275 0.646684920026579 0.6358756136385029 0.6160364016687476 0.6094052704524657 0.606857359867 0.5990071679352126 0.6062191570204828 0.6127800812379426 0.6169833303461132 0.6356826857371404 0.6356854817012461 0.6344634361217687 0.6206470474941184 0.6219671262099777 0.6280092778384073 0.565818733098406 -9999.0 -9999.0 -9999.0 -9999.0 -9999.0 -9999.0 -9999.0 -9999.0 -9999.0 -9999.0 -9999.0 -9999.0 -9999.0 -9999.0 -9999.0 -9999.0 -9999.0 -9999.0 -9999.0 -9999.0 -9999.0 -9999.0 -9999.0 -9999.0 -9999.0 -9999.0 -9999.0 -9999.0 -9999.0 -9999.0 -9999.0
0.6888450705021038 0.699457107005313 0.6931810970932278 0.7003282267232753 0.6314755684612745 0.625069144517404 0.6316439899597963 0.6432236036589208 0.6830326126075476 0.5871094965247795 0.592872603104491 0.663382253012608 0.6383352215926704 0.6392361441004427 0.6321845248394412 0.6276611631651277 0.6260213876864397 0.61054651187423 0.6002631008542354 0.6052765622556372 0.6193717075937097 0.6191751845193207 0.6358947389256834 0.6358793609002537 0.6351511678398771 0.5405974379346923 0.5933499154715554 0.6354047446351734 -9999.0 -9999.0 -9999.0 -9999.0 -9999.0 -9999.0 -9999.0 -9999.0 -9999.0 -9999.0 -9999.0 -9999.0 -9999.0 -9999.0 -9999.0 -9999.0 -9999.0 -9999.0 -9999.0 -9999.0 -9999.0 -9999.0 -9999.0 -9999.0 -9999.0 -9999.0 -9999.0 -9999.0 -9999.0 -9999.0 -9999.0 -9999.0
0.7034538262156982 0.6930052027100896 0.6185103798719732 0.6213846052598768 0.6344849657705529 0.630512022308217 0.6251848584165454 0.6513624240343873 0.5912730218033755 0.6211321436633889 0.6863443143944591 0.6642247637592048 0.6228422600078501 0.6216569213137194 0.6481553669113279 0.6706214163239896 0.6196106537093831 0.6194152189166082 0.610431304358004 0.6103090089460457 0.6194117750931325 0.6192108911008433 0.6361360088068283 0.6359648742332978 0.465236890596706 0.5433415979904633 0.6351359684050185 -9999.0 -9999.0 -9999.0 -9999.0 -9999.0 -9999.0 -9999.0 -9999.0 -9999.0 -9999.0 -9999.0 -9999.0 -9999.0 -9999.0 -9999.0 -9999.0 -9999.0 -9999.0 -9999.0 -9999.0 -9999.0 -9999.0 -9999.0 -9999.0 -9999.0 -9999.0 -9999.0 -9999.0 -9999.0 -9999.0 -9999.0 -9999.0 -9999.0
0.7469879374277562 0.6378446160343879 0.6288553561551423 0.6331082501861157 0.6422315053784513 -9999.0 -9999.0 -9999.0 0.7022237194971612 0.6207920098154935 0.7291657307013766 0.6368951552175921 0.5976360842123188 0.5961239878533969 0.5892522933347131 0.6233356311157128 0.6321718317416357 0.6234628901983053 0.6229431485407554 0.6087137483989253 0.6204304151331502 0.6207430354121576 0.6258637271679687 0.5982940791656286 0.6026402465464995 0.5805360521579208 -9999.0 -9999.0 -9999.0 -9999.0 -9999.0 -9999.0 -9999.0 -9999.0 -9999.0 -9999.0 -9999.0 -9999.0 -9999.0 -9999.0 -9999.0 -9999.0 -9999.0 -9999.0 -9999.0 -9999.0 -9999.0 -9999.0 -9999.0 -9999.0 -9999.0 -9999.0 -9999.0 -9999.0 -9999.0 -9999.0 -9999.0 -9999.0 -9999.0 -9999.0
0.6534870870063112 0.6447513748185358 0.7388666163529197 0.6246061400348744 -9999.0 -9999.0 -9999.0 -9999.0 0.6194371040263468 0.611836374441529 0.5954290560143547 0.6475681115922952 0.622230777603816 0.5765271780047826 0.6015136918013957 0.6324828794208628 0.6300082767563633 0.6158980942820764 0.6213961959300207 0.6204508490903523 0.6215620966756065 0.6206274808213358 0.5859556449023012 0.5924974884158584 0.6007148864704933 -9999.0 -9999.0 -9999.0 -9999.0 -9999.0 -9999.0 -9999.0 -9999.0 -9999.0 -9999.0 -9999.0 -9999.0 -9999.0 -9999.0 -9999.0 -9999.0 -9999.0 -9999.0 -9999.0 -9999.0 -9999.0 -9999.0 -9999.0 -9999.0 -9999.0 -9999.0 -9999.0 -9999.0 -9999.0 -9999.0 -9999.0 -9999.0 -9999.0 -9999.0 -9999.0
0.530485499262604 0.6716732238244797 0.6495644165744738 0.6610977411911488 -9999.0 -9999.0 -9999.0 0.5832642328887401 0.5766004118640456 0.7097742354220065 0.6431704726697002 0.6325317668122247 0.6474637590911037 0.6182374459510964 0.6305607115846122 0.6253100641946615 0.6421268957467111 0.6333582064990488 0.6218497727460561 0.6224034311481268 0.6208976446758849 0.6211633464127732 0.6214044118379443 0.5819581022091918 -9999.0 -9999.0 -9999.0 -9999.0 -9999.0 -9999.0 -9999.0 -9999.0 -9999.0 -9999.0 -9999.0 -9999.0 -9999.0 -9999.0 -9999.0 -9999.0 -9999.0 -9999.0 -9999.0 -9999.0 -9999.0 -9999.0 -9999.0 -9999.0 -9999.0 -9999.0 -9999.0 -9999.0 -9999.0 -9999.0 -9999.0 -9999.0 -9999.0 -9999.0 -9999.0 -9999.0
0.5088874372508666 0.535093908152822 0.6504146025925818 0.6719932200717198 -9999.0 -9999.0 0.7060458485503414 0.5776894781388632 0.6006349248050128 0.6775356619646183 0.6434670281537647 0.6385075695602709 0.6342397438910429 0.6354362287873276 0.6493813590831168 0.6347734507716961 0.6344884376522962 0.6242432425551363 0.6211831499403814 0.6211398211388244 0.6223948295228826 0.6232130248409524 0.6307114272206973 0.5709384076474651 -9999.0 -9999.0 -9999.0 -9999.0 -9999.0 -9999.0 -9999.0 -9999.0 -9999.0 -9999.0 -9999.0 -9999.0 -9999.0 -9999.0 -9999.0 -9999.0 -9999.0 -9999.0 -9999.0 -9999.0 -9999.0 -9999.0 -9999.0 -9999.0 -9999.0 -9999.0 -9999.0 -9999.0 -9999.0 -9999.0 -9999.0 -9999.0 -9999.0 -9999.0 -9999.0 -9999.0
0.4984533553677868 0.58435650496444 0.6478375077914887 0.6500606573310003 0.6669528511273883 0.6894615424781166 0.7040179986305295 0.5859611199533232 0.658065433787032 0.6381405977689977 0.6382859412770114 0.6470198660739658 0.628668170220439 0.6371806075709818 0.6278107463076541 0.6207758521900044 0.6329771285163989 0.6209700456592754 0.6135929522528607 0.6242547858614823 0.6272105390501367 0.654169916851832 0.6375173084478306 -9999.0 -9999.0 -9999.0 -9999.0 -9999.0 -9999.0 -9999.0 -9999.0 -9999.0 -9999.0 -9999.0 -9999.0 -9999.0 -9999.0 -9999.0 -9999.0 -9999.0 -9999.0 -9999.0 -9999.0 -9999.0 -9999.0 -9999.0 -9999.0 -9999.0 -9999.0 -9999.0 -9999.0 -9999.0 -9999.0 -9999.0 -9999.0 -9999.0 -9999.0 -9999.0 -9999.0 -9999.0
0.7713220201738459 0.6650233622548256 0.6507916840272033 0.583695711927093 0.5961903075062881 0.5793968747054989 0.5724937812046117 0.5838334106826379 0.5964267746646547 0.63706035217062 0.6366147271374721 -9999.0 0.6485428257481892 0.64117076519637 0.6243313366661368 0.6348883610375944 0.6932981583606412 -9999.0 0.6138264959591369 0.6210914949828676 0.6616633631240731 0.6220687659549761 -9999.0 -9999.0 -9999.0 -9999.0 -9999.0 -9999.0 -9999.0 -9999.0 -9999.0 -9999.0 -9999.0 -9999.0 -9999.0 -9999.0 -9999.0 -9999.0 -9999.0 -9999.0 -9999.0 -9999.0 -9999.0 -9999.0 -9999.0 -9999.0 -9999.0 -9999.0 -9999.0 -9999.0 -9999.0 -9999.0 -9999.0 -9999.0 -9999.0 -9999.0 -9999.0 -9999.0 -9999.0 -9999.0
0.8033382400161796 0.7068611023534901 0.647970476358726 0.6596049807012938 0.6749986965818076 0.6815481228494735 0.6860116035306498 0.5927958355475628 0.6750089354970862 0.6403204837058064 0.7112670075285688 0.6707178744136392 0.6647491345872669 0.6751540339007641 0.633622271570357 0.6286080423789351 0.6717954860026164 0.6244876307440754 0.6263611801323029 0.6862932739937242 0.6392720545945815 -9999.0 -9999.0 -9999.0 -9999.0 -9999.0 -9999.0 -9999.0 -9999.0 -9999.0 -9999.0 -9999.0 -9999.0 -9999.0 -9999.0 -9999.0 -9999.0 -9999.0 -9999.0 -9999.0 -9999.0 -9999.0 -9999.0 -9999.0 -9999.0 -9999.0 -9999.0 -9999.0 -9999.0 -9999.0 -9999.0 -9999.0 -9999.0 -9999.0 -9999.0 -9999.0 -9999.0 -9999.0 -9999.0 -9999.0
0.7236584222510373 0.6669418406437394 0.6368367797338886 0.6381359021249066 0.6737560574250829 0.675956621131787 0.584379446642169 0.6676811410542041 0.6703530319101363 0.6447540953998041 0.6526142160228905 0.6635951955375923 0.6540578451983268 0.6647980860866661 0.6559091848068136 0.6671681103508915 0.6444810596574924 0.6413603497353347 0.6148321383990789 0.6351812021020571 -9999.0 -9999.0 -9999.0 -9999.0 -9999.0 -9999.0 -9999.0 -9999.0 -9999.0 -9999.0 -9999.0 -9999.0 -9999.0 -9999.0 -9999.0 -9999.0 -9999.0 -9999.0 -9999.0 -9999.0 -9999.0 -9999.0 -9999.0 -9999.0 -9999.0 -9999.0 -9999.0 -9999.0 -9999.0 -9999.0 -9999.0 -9999.0 -9999.0 -9999.0 -9999.0 -9999.0 -9999.0 -9999.0 -9999.0 -9999.0
0.6736401983463544 0.6402920577495532 0.6343264933822619 0.6376501674911087 0.6533200474315809 0.6698864887735619 0.6035261236810731 0.6774980603112816 0.6133031602570344 0.6128981578629982 0.6833987290909065 0.6904312024682149 0.6383932056476138 0.6405792506473044 0.6394580129147963 0.6863185070696276 0.6414091406706667 0.6271704307064593 0.680575501076026 0.6329022748395456 -9999.0 -9999.0 -9999.0 -9999.0 -9999.0 -9999.0 -9999.0 -9999.0 -9999.0 -9999.0 -9999.0 -9999.0 -9999.0 -9999.0 -9999.0 -9999.0 -9999.0 -9999.0 -9999.0 -9999.0 -9999.0 -9999.0 -9999.0 -9999.0 -9999.0 -9999.0 -9999.0 -9999.0 -9999.0 -9999.0 -9999.0 -9999.0 -9999.0 -9999.0 -9999.0 -9999.0 -9999.0 -9999.0 -9999.0 -9999.0
