Model Version1.4/trunk/output/1999/fsro_nat.asc
ncols 720
nrows 360
xllcorner -180
yllcorner -90
cellsize 0.5
NODATA_value -1
[rows 112 to 139 of 360, columns 441 to 503 of 720]
0.0 0.0 0.0 0.0012672410013231101 0.0 0.0 0.0005300720428859918 0.00023924081399536682 0.0 0.000695409159581379 0.006702846353417965 0.014952266995643365 0.016011684733935418 0.013980305833134128 0.015811288104048356 0.016330625830599424 0.011176955165723573 0.006681341645640717 0.012300193951983309 0.009940314363392043 0.00781288619078422 0.01309720303351338 0.007907296747162123 0.0 0.0 0.0 0.0 0.0 0.0 0.0 0.0 0.0 0.0 0.012080000343054786 0.002584796375643226 0.0 0.009306646643620776 0.009325736544753521 0.008472359542320397 0.004714480268700616 0.0 0.0030798875665904333 0.0 0.007287271031892803 0.009523200639927638 0.008421673651364783 0.012912098676227089 0.012530791620312662 0.012002253234004731 0.010268149649845739 0.015991220791287005 0.015364495079820498 0.01619570458434025 0.013196127061825557 0.008908006300956237 0.007283198945651121 0.0072141220966806694 0.007371200225744836 0.017115444349020535 0.005324041472806271 0.006403304321753359 0.009206811579504332 0.0013215096212085792
0.0 0.0 0.0 0.0 0.000877964522218534 0.0007295449963286407 0.0 0.0 0.0 0.0 0.0008998457373248345 0.008829007501491945 0.014154200481928123 0.017340624685645734 0.014198595533472606 0.015723718158637552 0.01911685455966796 0.02045797746268376 0.013270608295676127 0.011824554486168651 0.010975247591486801 0.005719666015338361 0.009449126581187803 0.00936443667181078 0.006802455844056305 0.0 0.0 0.0 0.0 0.0 0.0 0.0 0.0038502828933768577 0.0 0.0 0.0031117807714371374 0.004730469600603182 0.0071843130479902016 0.007831423320202875 0.009683529801059913 0.003230078267990267 0.0024607990496693876 0.005385026174253847 0.005537395298248971 0.0074904825632618206 0.0164535028745645 0.017596734751889703 0.013548431407407498 0.010964770240353723 0.010694828567548833 0.018055281626279555 0.01311652156139103 0.012710976648168644 0.013550633218570574 0.0075921010589668474 0.0019243328959694425 0.002271969133291984 0.007895000846641739 0.008758062056979576 0.007839733836600873 0.0068101849579118795 0.009688664447320621 0.003608116418434173
0.0 0.0 0.0 0.0 0.0011829348310078314 0.0 0.0 0.0 0.0 0.0 0.00031485579163802646 0.0006379758405815869 0.005189747064632014 0.008106774325771145 0.012486833228584985 0.012975307319095264 0.01831065175532015 0.023038596671509013 0.019966891379611825 0.010402740324635566 0.012392444616594635 0.009066901275734649 0.0015631978614342914 0.0 0.0 0.004028784654299769 0.0 0.0 0.0 0.0 0.0 0.004074845323095678 0.0 0.00544438171014801 0.002972888659884724 0.0032169574589172357 0.004640892166365822 0.007912703204117775 0.00797153860337744 0.007905774817736227 0.0 0.009309387233839752 0.010474300453228518 0.007285388811429395 0.00920634184450413 0.012617199190184298 0.018280214439036234 0.013863331602544172 0.010200489608427466 0.014516439601925082 0.013316181650315376 0.01539109166719574 0.01432138477880235 0.007744035255969591 0.003057557650089997 0.0021879296934792275 0.0069986883301695274 0.01026764988672617 0.002531189241423795 0.009078090301761195 0.00016151608558605197 0.0 0.002259374211866293
0.0 0.0 0.0 0.0 0.0 0.0007726488310162864 0.0 0.0 0.0 0.0 0.00020326175574801294 0.0 0.00024055917567996347 0.0005326331760852868 0.000726148834499302 0.0 0.002012856021629825 0.014801735122361073 0.017992772598122975 0.01623866835424008 0.0086587536537664 0.0077483614127345606 0.012121349084033919 0.0 0.0 0.006110546380348016 0.0 0.0 0.0 0.0 0.0 0.0 0.006567024609010462 0.007507005516629476 0.002821355823021171 0.0021710682461723242 0.00444499143617121 0.0063678306980479785 0.007328877078545086 0.008244247135457287 0.007119521700536858 0.007165075060443423 0.0038270852034128673 0.004653200588082655 0.009752412450958457 0.005618931313815658 0.007068603838923127 0.007522343692926184 0.0 0.0 0.010793645938132439 0.009578211080945266 0.009933008510002074 0.005536758715258815 0.0030415143440094368 0.004324242948191342 0.010899451114699059 0.013051887254918253 0.013156896537482298 0.002888454490041591 0.001217427494475204 0.0 0.00036287505723293256
0.0 0.0 0.0 0.0 0.0 0.0 0.0 0.0007174548879208468 0.0 0.0 0.00022882894290195737 0.00015251476881897498 0.0002254304534320545 0.0 0.0 0.0003327607775537707 0.0 0.007025528449364034 0.013523284027018781 0.01674234979559655 0.013834304274846146 0.008941644292967633 0.012435074847186414 0.010328551853690169 0.0026469199314051953 0.00333287801906143 0.011475054041772485 0.011542187995942157 0.0 0.0 0.009864937194894913 0.010757638183579681 0.009127975267862236 0.005986805385773142 0.002807922710232483 0.001012463127415281 0.0034660831334179507 0.0069808658103559015 0.008045057030935247 0.00774081447743242 0.006633164598153144 0.0023318512006188364 0.0017118164958389438 0.0024537957096057344 0.0011752355933158547 0.002568508667449923 0.0008988144496179175 0.0008119316600516826 0.0 0.00852728854778405 0.0 0.008859386156742142 0.00740119568489039 0.010352513037620567 0.0050631096462076895 0.00491463612902781 0.010077178644014624 0.012990073798014845 0.015953275726147714 0.005165901583355076 0.0 0.0 0.0
0.0 0.0 0.0 0.0 0.0 0.0 0.0 0.0 0.0 0.0 0.0 0.0001705233845034668 0.0002073761536592452 0.00014070984264266946 0.0 9.582046273581394e-05 0.000257991983336768 0.0010024676905244058 0.004768136285987378 0.015411577922542191 0.01404384186170689 0.012024893448464058 0.012213338304896118 0.008731694600512754 0.010056125982104322 0.0 0.002670697327639605 0.008548446200158372 0.010137198670092853 0.0 0.01181707391053207 0.01035590217782186 0.012054964352129145 0.0 0.0036029262812280016 0.0019972469571901755 0.002989572513219632 0.0032715269832044058 0.003837906506885225 0.005966667761906318 0.004638190300461519 0.0 0.00036353222931832585 0.0 0.0018917120783846727 0.0 0.0006330085122826037 0.0 0.0 0.0 0.0 0.007399368245022417 0.009377464294222882 0.0059053658710574095 0.006943057696456697 0.00952954666407725 0.010156750776679439 0.010765284721983294 0.012689932376654292 0.012547071294979449 0.0 0.0 0.0
0.0 0.0 0.0 0.0 0.0 0.0 0.0 0.0 0.0 0.0 0.0 0.0 0.0 0.0 0.0002166512401332744 0.0002218819861950712 0.00010658701159029136 0.0001343725632263289 0.003237646645231321 0.007176136748759739 0.009337046372383062 0.010878891963024823 0.009969510497794008 0.00734249029622678 0.008956592103706551 0.009926289949891455 0.004474553077103557 0.002682678409619429 0.008293876891481719 0.0 0.005894846666872322 0.008712491102701114 0.010391226437331967 0.01575843921656802 0.004845305242844102 0.00273157211957809 0.002221546340275327 0.0 0.0 0.007092103100118607 0.0060128185891698315 0.0 0.0 0.00239113222066872 0.0024108031416367063 0.0008866424645890234 0.0 0.0 0.0 0.0 0.0 0.004176519499589343 0.0036347377631243765 0.006116277584845035 0.012893790131952172 0.008237524426796757 0.007752076870476418 0.007557397998409267 0.010564780791929096 0.0 0.0 0.0 0.0
0.0 0.0 0.0 0.0 0.0 0.0 0.0 0.0 0.0 0.0 0.0 0.0007845331223947849 0.0 0.0004399135894605064 0.0005581095593166311 0.00026012689379769765 0.0004634430424486554 0.0004720416311610047 0.0007924038828213273 0.004564996620096119 0.012651654727751914 0.015358435720001165 0.010218213046110288 0.009130434772125297 0.009853144749387614 0.009504613642682345 0.011960132187949753 0.005188679095473036 0.002842627869756227 0.007374186871529157 0.00566815053162273 0.005365273023700383 0.009220456759104545 0.011525164703016151 0.0 0.0031505358690158323 0.0 0.0 0.0 0.006642143257893272 0.006806126167836674 0.0 0.0 0.0 0.0 0.0 0.0 0.0 0.0 0.0 0.0 0.006491036153395863 0.006940015227601281 0.017429783120491753 0.017362724765576824 0.015010848467731005 0.009656288951724623 0.010005743892440841 0.010403310499121632 0.011913165732156228 0.0001258294679965122 0.0 1.781638276241939e-05
0.0 0.0 0.0 0.0 0.0 0.0 0.0 0.0 0.0 0.0 0.0 0.0 0.0 0.0 0.0 0.0005593871797053687 0.0 -1.0 -1.0 0.00259838902288845 0.004528426632025364 0.006721596897622623 0.008383162796952259 0.009255103918731218 0.0051238810597283736 0.005996115366920809 0.012569476063173856 0.007854460089216399 0.0042833112685190695 0.0029988934577406773 0.00485876310569415 0.008643167253602735 0.00697921535072533 0.011530528442711855 0.012268914331337909 0.0038053521387637775 0.0017343400722508472 0.0 0.0068966934489940275 0.005905824388946537 0.009709377145020813 0.0040811513239370325 0.0007838615331804715 0.0009686162326020153 0.001442288742173306 0.001280788053354535 0.0028860468122128093 0.004009947009776423 0.0 0.0 0.0 0.0 0.01365112757531464 0.016892124175158854 0.010291474782611503 0.015170592743638354 0.013181967597165615 0.011467139073614005 0.013092371963087893 0.00247598710861695 0.0 0.0 0.0
0.0 0.0 0.0 0.0 0.0 0.0 0.0 0.0 0.0 0.0 0.0 0.0 0.0 0.000634397612828354 0.0007256292709305787 0.0009659276223363357 -1.0 -1.0 -1.0 -1.0 0.00022013782368634916 0.003551238153145528 0.00588044387052519 0.011539353726731167 0.0 0.014175015229951224 0.015516936183237835 0.0 0.0 0.0 0.0 0.005451118825493975 0.009580077060981214 0.013977314579482411 0.012444215891478346 0.005899819689279766 0.002636629048222816 0.0012801556211099294 0.005317471651180569 0.008100981562965057 0.006559804886974113 0.0104149444816174 0.004087839047455 0.003722954431141467 0.004678552735586755 0.004750864868461497 0.0077201319809739296 0.008311137059277328 0.0 0.0019021102306435078 0.0 0.00997804791205921 0.010561117676006511 0.01756490217862482 0.0011880882302949724 0.004958096388869234 0.010295008263054147 0.008743148687813024 0.008896297366736437 0.00024175941949428366 0.0 0.0 0.0
0.0 0.0 0.0 0.0 0.0 0.0 0.0 0.0 0.0 0.0 0.0 0.0 0.0 0.0 0.0007216826288635275 0.0 -1.0 -1.0 -1.0 -1.0 0.000838136794071731 0.005385223597530247 0.01258169924421587 0.014541651861083697 0.018202639599605618 0.016254455527127103 0.00429294262173553 0.00581792909529331 0.014124794164234978 0.009696790080586356 0.009297113509256577 0.01169818528897995 0.012564155382571543 0.012011498760927318 0.011720397208864001 0.015013905339944438 0.0 0.0 0.002341310897406144 0.0064443504211175754 0.006695939958268767 0.009684165374388294 0.0 0.0 0.0 0.0010082531279401485 0.0020005213984723717 0.005605154830955575 0.010626222253880525 0.0 0.006214809359896071 0.007641779253900458 0.015665679548603654 0.01476752633565659 0.00024296634589662255 0.0002669096446326487 0.0033795428208319832 0.004537214918203769 0.002097583905970814 0.0 3.2630472880053404e-05 0.0 0.00018030383151208256
0.0 0.0 0.0 0.0 0.0 0.0 0.0 0.0 0.0 0.0 0.0004645888385792947 0.0 0.0 0.0 0.0 0.0007969774358061883 0.0 -1.0 -1.0 -1.0 -1.0 0.005005291918624476 0.013246390826459262 0.013624728576657991 0.009963545834349875 0.014556616306258974 0.014420133241188364 0.010291618614162416 0.012238891860160493 0.01424481968989057 0.015119409489734451 0.010174568260611553 0.011278968973908374 0.009665483767578054 0.005522467646729056 0.0075106039635723576 0.009738712113228644 0.008743893002697307 0.0 0.0 0.0 0.0 0.013474683932641644 0.0 0.0 0.0 0.0 0.0 0.0018757254385198946 0.0009406076926832728 0.008780324556887499 0.008893398902607017 0.014464583997220356 0.01763487339191002 8.670509806078759e-05 4.423012010584854e-05 5.905337185103206e-05 0.0 0.0 7.366061385805214e-05 0.00033036152981904626 0.00042328632616141703 0.0
0.0 0.0 0.0 0.0 0.0 0.0 0.0 0.0 0.0 0.0007381809387665416 0.0003207679195342831 0.0 0.0 0.0 0.0 0.0 0.0 0.0006470803794326248 -1.0 -1.0 -1.0 0.0 0.004171284349768372 0.016009839685515687 0.0 0.011940899389904634 0.013177458105863236 0.014269163118175056 0.01330680803098282 0.013070377664560366 0.017832208328588856 0.01817004048434516 0.01536048646054378 0.006449043029042248 0.009083261822408647 0.00046929142490435876 0.0 0.006275502339262033 0.00998969728388644 0.0 0.009366704798426792 0.00874185603220611 0.006825581854574567 0.010789174966397674 0.0026246067512126574 0.0009815518450333916 0.0 0.001602164181284127 0.0045891952382905625 0.007171297206406152 0.006948769562861965 0.011054985052298415 0.015251362691520205 0.017257863541387225 0.00030653277133802794 0.0 0.0 6.543990738009295e-05 0.0 0.0005595911076124891 0.0005396161708318939 0.0 0.00035306996183002694
0.0 0.005843776121923657 0.0038092347156961936 0.0 0.0 0.0 0.0 0.0 0.0 0.0 0.0 0.0 0.0 0.0 0.0 0.0 0.0008515194589557426 0.0011165945120893675 0.0004620842873014782 -1.0 -1.0 -1.0 -1.0 -1.0 0.01234264633338986 0.009498995767549364 0.01539999382528568 0.012705703961124144 0.015278402335642647 0.01567926023829142 0.013159653163724116 0.007053679724911379 0.0015107960898994312 0.007961098247452256 0.008338509307686289 0.0 0.0 0.0002861455039927061 0.00043674528635269583 0.0 0.0 0.008263874339509104 0.0 0.0 0.006502346185048354 0.006702884385819617 0.007029018947243948 0.0060788628258112865 0.004642235632409677 0.005553658175032091 0.011552194841973625 0.010554157242034077 0.014767231937801013 0.012746727619071559 0.00010980370043756281 0.0 0.0002986988243882839 0.000579309438995869 0.0004995058892069946 0.0003656904984180471 0.0010021964382576558 0.0 0.0
0.0028098776739086157 0.003070389145192794 0.005360212379873208 0.0 0.0 0.0 0.0 0.0 0.0 0.0009667069166046348 0.0 0.0 0.0 0.0 0.0 0.0 0.0 0.0 0.00045582688399409607 0.0004176989650137489 -1.0 -1.0 -1.0 -1.0 -1.0 0.0045746496442955155 0.010664335234488818 0.013667289107345148 0.009155151221526358 0.007955660495918367 0.00526410707223695 0.0 0.0 0.006376194601641355 0.011455350056827037 0.011072241546984734 0.009839459201946288 0.009200599544484074 0.007172387279224172 0.005955464458852755 0.008257247144835667 0.008589356573002976 0.006547113849830977 0.007594457125802823 0.007315296979603175 0.005023029605882377 0.0 0.0 0.005769274472180925 0.0 0.0 0.012837958814219877 0.012944349392319312 0.010012768139478719 0.0 3.612196118105485e-05 0.0 0.0006442826239379238 0.00041697536984797076 0.0 0.001263137032350782 0.0007980902046721525 0.0
0.0 0.0033042444581730395 0.0017769399479368418 0.002379006562561834 0.0022338894278866868 0.0 0.0 0.0 0.0 0.0 0.0 0.0 0.0 0.0 0.0 0.0 0.0012399855220776353 0.001423607736064334 0.0005738057745861547 0.0008918780659055663 0.0 0.0004869610655293521 -1.0 -1.0 -1.0 -1.0 -1.0 -1.0 -1.0 -1.0 -1.0 0.023606782965455392 -1.0 0.005365156770905212 0.011786805245253336 0.012954893713807059 0.009668903574497324 0.007506755482217308 0.008360565997858772 0.009182671689187098 0.0101825169501676 0.0 0.0 0.008579160018862195 0.0 0.006023799045196468 0.0063274705293033875 0.0059736630651949785 0.006659653314150589 0.007026540367081652 0.0 0.007835648859938545 0.0 0.0 0.0 4.200267611558132e-05 0.0 0.0 0.000447152059940138 0.0 0.0 0.0008287548742001228 0.0
0.002595463065026984 0.0 0.0 0.0 0.0027646676967592702 0.001504702176351701 0.0004543320279301457 0.0 0.0 0.0026043219038004977 0.0019355236061808696 0.0 0.0 0.0 0.0 0.0 0.0 0.0015970915796267708 0.0006884863854584863 0.0 0.0 0.0005108612233625436 0.0004525468535981126 -1.0 -1.0 -1.0 -1.0 -1.0 -1.0 -1.0 0.0 0.019132513511186146 -1.0 0.0 0.006415318918061884 0.004577675094376562 0.0054969046533835985 0.004241670755879876 0.00650396250075521 0.010384689398667308 0.007156761351684096 0.0 0.00607546442906609 0.006123767229189691 0.00490795268083456 0.005941262215835447 0.009060418724389074 0.009103413207521867 0.008716710260585292 0.010243544531279047 0.0 0.0 0.0 0.0 0.0 0.0005810298804595172 3.777222408003299e-05 0.0 0.0 0.0 0.0 0.001090574632483652 0.0
0.002741218224000707 0.0 0.0 0.0 0.004259927889878352 0.0 0.0 0.0 0.0006628295228185757 0.001798086220609037 0.0 0.0 0.0 0.0 0.0 0.0 0.0006158847451247323 0.0 0.0009943715726757306 0.0008136461118968296 0.0 0.0006514886142231465 0.0005244676892200014 -1.0 -1.0 -1.0 -1.0 -1.0 -1.0 0.0 0.0 0.011835938910278175 -1.0 -1.0 -1.0 -1.0 0.00032770305436020193 0.0011640249611449929 0.0 0.002070854875038367 0.005807800570605469 0.0 0.0017126633998588822 0.0050865548429854185 0.007043714350996413 0.0036731195939752794 0.0 0.003832369769284293 0.004845416888191105 0.012230413715914826 0.003126998846853407 0.0011430007876632837 0.004517003412819066 0.004925925407346442 0.0 0.0 3.56563290006066e-05 0.0 0.00024290601957442312 0.0 0.0 0.0 0.0
0.0 0.0 0.0 0.0 0.0 0.0 0.0013711608901909446 0.0007893250374139416 0.0 0.0 0.0 0.0 0.002025939083380849 0.0 0.0 0.0 0.0 0.0 0.00045802631761809084 0.0 0.0 0.0005346647715153718 0.0003678898365837639 -1.0 -1.0 -1.0 -1.0 0.0 0.0004636160261343669 0.0006646292198754005 0.003472748939377954 0.009326589318548415 0.0 -1.0 -1.0 -1.0 -1.0 -1.0 -1.0 -1.0 -1.0 -1.0 -1.0 -1.0 -1.0 -1.0 -1.0 -1.0 -1.0 -1.0 -1.0 -1.0 0.002410687644085573 0.000864919387166434 0.0005711302567997901 0.0 0.0 0.0 0.0 0.0007400826753409737 0.00014919894222438122 0.0005615814222210173 0.00011393490625518123
0.0 0.0 0.0 0.0 0.0 0.0 0.001728475362866391 0.0025288800471199957 0.0022310542080946597 0.0 0.0 0.0 0.0 0.0014482909448765835 0.0 0.0 0.0 0.0 0.0003225093879540747 0.0 0.0013801224298066652 0.0 0.0 0.0 0.0 0.0 0.0 0.0005660329222819451 0.0006109647115811025 0.0 0.0035659870214667954 0.011440050668440574 0.0 0.0 -1.0 -1.0 -1.0 -1.0 -1.0 -1.0 -1.0 -1.0 -1.0 -1.0 -1.0 -1.0 -1.0 -1.0 -1.0 -1.0 -1.0 -1.0 -1.0 0.0002262328070830037 0.0 0.00013427433607212682 0.00023655413843928983 0.0005260209822156447 0.00047297838692537334 0.0004064516796698993 0.0016086007910539487 0.0005016689615204122 0.0
0.0 0.002233126056166021 0.0009986077758017632 0.0 0.0 0.0 0.003700789912348216 0.002588635690047603 0.0016630898681570183 0.0030336245926116936 0.0 0.0 0.0 0.0 0.0 0.0 0.0 0.0 0.0 0.0 0.0 0.0 0.0 0.00035484114571171965 0.0 0.0 0.0 0.0005560654149252286 0.00046522814599355187 0.0 0.0 0.011418120918312511 0.012517167968262742 0.004655312757685131 0.0 0.0 0.009467978143204025 -1.0 -1.0 -1.0 -1.0 -1.0 -1.0 -1.0 -1.0 -1.0 -1.0 -1.0 -1.0 -1.0 -1.0 -1.0 -1.0 0.00014320585246482292 0.00023119808534521622 0.0 0.0 0.0009301870088653418 0.001932402590255856 0.001333441203894641 0.0016790023308374308 0.0005473368294793988 0.00015228171814600603
0.002267403456300809 0.002261082433589016 0.0010127116709248076 0.0007485538184365924 0.0 0.0023091256565356223 0.003204204910818357 0.003327564353461819 0.0049517677241496545 0.0038199614057368024 0.0 0.0 0.0 0.0 0.0006847817490382263 0.0 0.0 0.0 0.0 0.0 0.0 0.0 0.0 0.0 0.0 0.0 0.0 0.0 0.000430113374032171 0.0 0.0 0.0028158727486202358 0.00852243087829905 0.02049921538554314 0.020192264086308965 0.014659396060915595 0.017533583417156374 0.015087264502517147 -1.0 -1.0 -1.0 -1.0 -1.0 -1.0 -1.0 -1.0 -1.0 -1.0 -1.0 -1.0 -1.0 -1.0 -1.0 -1.0 -1.0 0.00016868590983926 0.0006890541647106452 0.0025606005651328018 0.0029440452330619614 0.0009438666355245284 0.0008363611913773528 0.0004159183287924324 0.00021524888101090504
0.0 0.003174386445064559 0.0 0.0007335409287701049 0.0 0.0011355098309779716 0.001876588626246497 0.004084053048396521 0.005356191172255497 0.0 0.0 0.0 0.0 0.0 0.0 0.0 0.0 0.0 0.0 0.0 0.0 0.0 0.0 0.0 0.0 0.0 0.0 0.0 0.0 0.0 0.0003561446096899216 0.0006153586135621194 0.004154731005402557 0.006610509009431361 0.006460927617569879 0.006419411978565283 0.010167059650153522 0.018471867976379213 0.0 -1.0 -1.0 -1.0 -1.0 -1.0 -1.0 -1.0 -1.0 -1.0 -1.0 -1.0 -1.0 -1.0 -1.0 -1.0 -1.0 -1.0 0.00020625426106241011 0.0006295131493095556 0.0006269720457854762 0.0005719223523092985 0.0005060896629501198 0.00048759853197678397 0.00025562859214662523
0.0007309440955279859 0.0007946151871980155 0.0 0.0005961548022117698 0.0009308050560994493 0.0 0.0016066454949645185 0.0026080391754362726 0.0 0.0 0.0 0.0 0.0 0.0 0.0 0.0 0.0 0.0 0.0 0.0 0.0 0.0 0.0 0.0 0.0 0.0 0.0 0.0 0.0 0.0 0.0003755175380381284 0.0010728986217549896 0.0010838176225655939 0.0043108479260951 0.0018231581830947783 0.001295188237646424 0.0013752587026685983 0.00767280133664299 0.0031878537500034058 -1.0 -1.0 -1.0 -1.0 -1.0 -1.0 -1.0 -1.0 -1.0 -1.0 -1.0 -1.0 -1.0 -1.0 -1.0 -1.0 -1.0 0.0004644238997078531 0.001158145037092757 0.000985908681384435 0.0008792884640400881 0.0005750865380522198 0.0018856572993039738 0.0004900478572013097
0.001234536212096514 0.003587091684090217 0.001183138756433261 0.0018903013318535208 0.0 0.0 0.0 0.0 0.0 0.0 0.0 0.0 0.0 0.0 0.0 0.0 0.0 0.0 0.0 0.0 0.0 0.0 0.0 0.0 0.0 0.0 0.0 0.0 0.0 0.0 0.0 0.0006488505443305676 0.0006333293639003012 0.00040201966699311145 0.0005040372282868121 0.0004959264892888052 0.0008388125633829958 0.0016768794826669171 0.0027213415175368154 -1.0 -1.0 -1.0 -1.0 -1.0 -1.0 -1.0 -1.0 -1.0 -1.0 -1.0 -1.0 -1.0 -1.0 -1.0 -1.0 -1.0 -1.0 0.00027865525189403075 0.0011490878179111473 0.0009710006445564871 0.0009049304985762218 0.00048599639776616396 0.000562810325277516
0.003709554133775144 0.0035555716237145943 0.0015689282662219508 0.0031606636682448247 0.004284968231664071 0.0012546677581943965 0.0 0.0 0.0 0.0 0.0 0.0 0.0 0.0 0.0 0.0 0.0 0.0 0.0 0.0 0.0 0.0 0.0 0.0 0.0 0.0 0.0 0.0 0.0 0.0 0.0 0.001101506013704255 0.0005274522739917696 0.0 0.0007538273651018804 0.0007138461865462721 0.0003468889495025372 0.0005226219877897207 -1.0 -1.0 -1.0 -1.0 -1.0 -1.0 -1.0 -1.0 -1.0 -1.0 -1.0 -1.0 -1.0 -1.0 -1.0 -1.0 -1.0 -1.0 -1.0 -1.0 0.00030361092165763124 0.00047266797717747123 0.0027861312780927293 0.0011689962270420304 0.0013294821578812971
0.0170194745461497 0.006649506967283603 0.0027587378048917486 0.0036001089172232373 0.0034897296796153896 0.0 0.0022773436086539205 0.0 0.0 0.0 0.0 0.0 0.0 0.0 0.0 0.0 0.0 0.0 0.0 0.0 0.0 0.0 0.0 0.0 0.0 0.0 0.0 0.0 0.0 0.0 0.0 0.0009787731236156315 0.0006716397301418144 0.0 0.0014460723089284278 0.0007432473844559504 0.0010832242824424093 -1.0 -1.0 -1.0 -1.0 -1.0 -1.0 -1.0 -1.0 -1.0 -1.0 -1.0 -1.0 -1.0 -1.0 -1.0 -1.0 -1.0 -1.0 -1.0 -1.0 -1.0 -1.0 7.980872484900193e-05 0.0006161032893849403 0.000662073281671375 0.00045875552265993175
0.010840533810619321 0.015526058569575743 0.005269236584617271 0.0036849323794503727 0.0037384364132360196 0.002223166492351583 0.0010749740901040367 0.0 0.0 0.0 0.0 0.0 0.0 0.0 0.0 0.0 0.0 0.0 0.0 0.0 0.0 0.0 0.0 0.0 0.0 0.0 0.0 0.0 0.0 0.0 0.00175922216412215 0.0005942631606585721 0.0003196112679834678 0.0011786878273214172 0.002771210323486427 0.0005997765414359709 0.0023790719618857416 -1.0 -1.0 -1.0 -1.0 -1.0 -1.0 -1.0 -1.0 -1.0 -1.0 -1.0 -1.0 -1.0 -1.0 -1.0 -1.0 -1.0 -1.0 -1.0 -1.0 -1.0 -1.0 -1.0 -1.0 -1.0 -1.0
