Model Version1.4/trunk/output/1999/fsro_nat.asc
ncols 720
nrows 360
xllcorner -180
yllcorner -90
cellsize 0.5
NODATA_value -1
[rows 28 to 55 of 360, columns 378 to 440 of 720]
-1.0 -1.0 -1.0 -1.0 -1.0 -1.0 -1.0 -1.0 -1.0 -1.0 -1.0 -1.0 -1.0 -1.0 -1.0 -1.0 -1.0 -1.0 -1.0 -1.0 -1.0 -1.0 -1.0 -1.0 -1.0 -1.0 -1.0 -1.0 -1.0 -1.0 -1.0 -1.0 -1.0 -1.0 -1.0 -1.0 -1.0 -1.0 -1.0 -1.0 -1.0 -1.0 -1.0 -1.0 -1.0 -1.0 -1.0 -1.0 -1.0 -1.0 -1.0 -1.0 -1.0 -1.0 -1.0 -1.0 -1.0 -1.0 -1.0 -1.0 -1.0 -1.0 -1.0
-1.0 -1.0 -1.0 -1.0 -1.0 -1.0 -1.0 -1.0 -1.0 -1.0 -1.0 -1.0 -1.0 -1.0 -1.0 -1.0 -1.0 -1.0 -1.0 -1.0 -1.0 -1.0 -1.0 -1.0 -1.0 -1.0 -1.0 -1.0 -1.0 -1.0 -1.0 -1.0 -1.0 -1.0 -1.0 -1.0 -1.0 -1.0 -1.0 -1.0 -1.0 -1.0 -1.0 -1.0 -1.0 -1.0 -1.0 -1.0 -1.0 -1.0 -1.0 -1.0 -1.0 -1.0 -1.0 -1.0 -1.0 -1.0 -1.0 -1.0 -1.0 -1.0 -1.0
-1.0 -1.0 -1.0 -1.0 -1.0 -1.0 -1.0 -1.0 -1.0 -1.0 -1.0 -1.0 -1.0 -1.0 -1.0 -1.0 -1.0 -1.0 -1.0 -1.0 -1.0 -1.0 -1.0 -1.0 -1.0 -1.0 -1.0 -1.0 -1.0 -1.0 -1.0 -1.0 -1.0 -1.0 -1.0 -1.0 -1.0 -1.0 -1.0 -1.0 -1.0 -1.0 -1.0 -1.0 -1.0 -1.0 -1.0 -1.0 -1.0 -1.0 -1.0 -1.0 -1.0 -1.0 -1.0 -1.0 -1.0 -1.0 -1.0 -1.0 -1.0 -1.0 -1.0
-1.0 -1.0 -1.0 -1.0 -1.0 -1.0 -1.0 -1.0 -1.0 -1.0 -1.0 -1.0 -1.0 -1.0 -1.0 -1.0 -1.0 -1.0 -1.0 -1.0 -1.0 -1.0 -1.0 -1.0 -1.0 -1.0 -1.0 -1.0 -1.0 -1.0 -1.0 -1.0 -1.0 -1.0 -1.0 -1.0 -1.0 -1.0 -1.0 -1.0 -1.0 -1.0 -1.0 -1.0 -1.0 -1.0 -1.0 -1.0 -1.0 -1.0 -1.0 -1.0 -1.0 -1.0 -1.0 -1.0 -1.0 -1.0 -1.0 -1.0 -1.0 -1.0 -1.0
-1.0 -1.0 -1.0 -1.0 -1.0 -1.0 -1.0 -1.0 -1.0 -1.0 -1.0 -1.0 -1.0 -1.0 -1.0 -1.0 -1.0 -1.0 -1.0 -1.0 -1.0 -1.0 -1.0 -1.0 -1.0 -1.0 -1.0 -1.0 -1.0 -1.0 -1.0 -1.0 -1.0 -1.0 -1.0 -1.0 -1.0 -1.0 -1.0 -1.0 -1.0 -1.0 -1.0 -1.0 -1.0 -1.0 -1.0 -1.0 -1.0 -1.0 -1.0 -1.0 -1.0 -1.0 -1.0 -1.0 -1.0 -1.0 -1.0 -1.0 -1.0 -1.0 -1.0
-1.0 -1.0 -1.0 -1.0 -1.0 -1.0 -1.0 -1.0 -1.0 -1.0 -1.0 -1.0 -1.0 -1.0 -1.0 -1.0 -1.0 -1.0 -1.0 -1.0 -1.0 -1.0 -1.0 -1.0 -1.0 -1.0 -1.0 -1.0 -1.0 -1.0 -1.0 -1.0 -1.0 -1.0 -1.0 -1.0 -1.0 -1.0 -1.0 -1.0 -1.0 -1.0 -1.0 -1.0 -1.0 -1.0 -1.0 -1.0 -1.0 -1.0 -1.0 -1.0 -1.0 -1.0 -1.0 -1.0 -1.0 -1.0 -1.0 -1.0 -1.0 -1.0 -1.0
-1.0 -1.0 -1.0 -1.0 -1.0 -1.0 -1.0 -1.0 -1.0 -1.0 -1.0 -1.0 -1.0 -1.0 -1.0 -1.0 -1.0 -1.0 -1.0 -1.0 -1.0 -1.0 -1.0 -1.0 -1.0 -1.0 -1.0 -1.0 -1.0 -1.0 -1.0 -1.0 -1.0 -1.0 -1.0 -1.0 -1.0 -1.0 -1.0 -1.0 -1.0 -1.0 -1.0 -1.0 -1.0 -1.0 -1.0 -1.0 -1.0 -1.0 -1.0 -1.0 -1.0 -1.0 -1.0 -1.0 -1.0 -1.0 -1.0 -1.0 -1.0 -1.0 -1.0
-1.0 -1.0 -1.0 -1.0 -1.0 -1.0 -1.0 -1.0 -1.0 -1.0 -1.0 -1.0 -1.0 -1.0 -1.0 -1.0 -1.0 -1.0 -1.0 -1.0 -1.0 -1.0 -1.0 -1.0 -1.0 -1.0 -1.0 -1.0 -1.0 -1.0 -1.0 -1.0 -1.0 -1.0 -1.0 -1.0 -1.0 -1.0 -1.0 -1.0 -1.0 -1.0 -1.0 -1.0 -1.0 -1.0 -1.0 -1.0 -1.0 -1.0 -1.0 -1.0 -1.0 -1.0 -1.0 -1.0 -1.0 -1.0 -1.0 -1.0 -1.0 -1.0 -1.0
-1.0 -1.0 -1.0 -1.0 -1.0 -1.0 -1.0 -1.0 -1.0 -1.0 -1.0 -1.0 -1.0 -1.0 -1.0 -1.0 -1.0 -1.0 -1.0 -1.0 -1.0 -1.0 -1.0 -1.0 -1.0 -1.0 -1.0 -1.0 -1.0 -1.0 -1.0 -1.0 -1.0 -1.0 -1.0 -1.0 -1.0 -1.0 -1.0 -1.0 -1.0 -1.0 -1.0 -1.0 -1.0 -1.0 -1.0 -1.0 -1.0 -1.0 -1.0 -1.0 -1.0 -1.0 -1.0 -1.0 -1.0 -1.0 -1.0 -1.0 -1.0 -1.0 -1.0
-1.0 -1.0 -1.0 -1.0 -1.0 -1.0 -1.0 -1.0 -1.0 -1.0 -1.0 -1.0 -1.0 -1.0 -1.0 -1.0 -1.0 -1.0 -1.0 -1.0 -1.0 -1.0 -1.0 -1.0 -1.0 -1.0 -1.0 -1.0 -1.0 -1.0 0.0 -1.0 0.02776267424521132 0.018825478482782643 0.014157893909634265 -1.0 0.020869726783932608 0.014627866414976598 0.010541641772364187 -1.0 -1.0 -1.0 -1.0 -1.0 -1.0 -1.0 -1.0 -1.0 -1.0 -1.0 -1.0 -1.0 -1.0 -1.0 -1.0 -1.0 -1.0 -1.0 -1.0 -1.0 -1.0 -1.0 -1.0
-1.0 -1.0 -1.0 -1.0 -1.0 -1.0 -1.0 -1.0 -1.0 -1.0 -1.0 -1.0 -1.0 -1.0 -1.0 -1.0 -1.0 -1.0 -1.0 -1.0 -1.0 -1.0 -1.0 -1.0 -1.0 -1.0 0.019391983798140756 0.018755278783242617 0.016951156080677314 0.02426625952587522 0.017806168700347763 0.013619210283664512 0.006515417670536293 0.01021721481254058 0.005819258199244844 0.003628858248391806 0.010770830552041012 0.005843354895794779 0.013290936468779088 0.012676443445656436 0.006392972140127428 0.00924043031029078 0.011847899148507453 0.0018554013105003373 -1.0 -1.0 -1.0 -1.0 -1.0 -1.0 -1.0 -1.0 -1.0 -1.0 -1.0 -1.0 -1.0 -1.0 -1.0 -1.0 -1.0 -1.0 -1.0
-1.0 -1.0 -1.0 -1.0 -1.0 -1.0 -1.0 -1.0 -1.0 -1.0 -1.0 -1.0 -1.0 -1.0 -1.0 -1.0 -1.0 -1.0 -1.0 0.027436328710748255 0.02409987568543833 0.02030026887952101 0.021236498664055154 0.026932725071115507 0.015677197981225233 0.022804724818727647 0.021334891742710107 0.021700532421483714 0.020472436327393123 0.013984958734989126 0.0056779440338045415 0.00686835491356059 0.011701078305871538 0.008455832513378916 0.007395808973731149 0.003971532117228093 0.002565361556467707 0.0033452296799973743 0.008072012080974309 0.0038868615774763286 0.0027738037068667 0.0028990212160607924 0.0029041571357704093 0.0027765956282467578 0.0011684936083732713 -1.0 -1.0 -1.0 -1.0 -1.0 -1.0 -1.0 -1.0 -1.0 -1.0 -1.0 -1.0 -1.0 -1.0 -1.0 -1.0 -1.0 -1.0
-1.0 -1.0 -1.0 -1.0 -1.0 -1.0 -1.0 -1.0 -1.0 -1.0 -1.0 -1.0 -1.0 -1.0 -1.0 -1.0 -1.0 0.01972765648322224 0.02360535504556575 0.011041612868416647 0.010967661585294055 0.02181230431656429 0.019010970662024586 0.021374704706773117 0.012013974119792955 0.013475319675488437 0.010604339409292262 0.010618772836989705 0.009565715887386961 0.0043113327136669755 0.0035010899836690093 0.008588967785186212 0.003369903103139404 0.004956724328488526 0.0036992652306071143 0.0029806189190387093 0.002470944175149664 0.001647985452459022 0.0017311326530674756 0.002107196563497805 0.003192072277971279 0.003770712887893568 0.004301482846664283 0.004343175291820836 0.002207966121216888 0.003627353373603272 0.0029324834333615164 0.0012341529320203648 0.0 -1.0 -1.0 -1.0 -1.0 -1.0 -1.0 -1.0 -1.0 -1.0 -1.0 -1.0 -1.0 -1.0 -1.0
-1.0 -1.0 -1.0 -1.0 -1.0 -1.0 -1.0 -1.0 -1.0 -1.0 -1.0 -1.0 -1.0 0.016118678600682588 0.007569924145833832 0.015787527568002096 0.017141112046862552 0.007694283552780991 0.00588306878872138 0.007452546731322746 0.007967475603590003 0.01952865197978923 0.022322752415919803 0.017308527853034116 0.013209610735081439 0.008448955922953867 0.004759418371014064 0.002905300427593338 0.0025011281091917087 0.0022608476961906965 0.001531794137672183 0.002257910879355675 0.0025892567078140603 0.0026777701444769984 0.002706319260854069 0.0022255605278526844 0.001105569867077301 0.0006838193561320268 0.0008112405655958324 0.0012225799445685665 0.0019842591637246995 0.003429028284434455 0.002317578492511777 0.0025680841284375887 0.002352286135141597 0.002088542252327346 0.002937638510129841 0.0033704375493409924 0.0027685839646031567 0.0029498378123493534 0.002851922449028583 0.0032590756032636436 0.003893317623153326 0.0035679896103517723 0.0017627415703132675 -1.0 -1.0 -1.0 -1.0 -1.0 -1.0 -1.0 -1.0
-1.0 -1.0 -1.0 -1.0 -1.0 -1.0 -1.0 -1.0 -1.0 -1.0 0.0058576162438529105 0.00709072671728934 0.007627425463069813 0.009748214256990753 0.007694865782795417 0.0055335811818539304 0.007248369263227679 0.007936203016354568 0.016984870431763492 0.02208596397459342 0.02051165593494004 0.01708202964702208 0.012825937072244836 0.008969499592093288 0.008342556577415219 0.008013524318457976 0.004007856751091161 0.0019907914886984385 0.0018054042480657674 0.0019582261183410904 0.0015803127085592217 0.0015647910514331666 0.0018871322859846016 0.002320494406606123 0.002419340974900042 0.00270642234811747 0.002482470151544728 0.0019106236163474028 0.002260173899342052 0.0023420494719106886 0.0031214578365993083 0.005730131240815745 0.005478639388190847 0.0050516361887223415 0.002096942856010764 0.0022399995873752365 0.0027036464639761367 0.0028086427009532096 0.0030918828937421517 0.003342166005482402 0.0019012736398958978 0.0017408566093615812 0.002043244675863753 0.0022471473501642645 0.0022000245241508313 0.0022543406777015616 0.0025517763098745596 0.0030194709518836017 0.0 -1.0 -1.0 -1.0 -1.0
-1.0 -1.0 -1.0 -1.0 -1.0 -1.0 -1.0 -1.0 0.024823379171511853 0.006368672336259207 0.0088017985241604 0.008965392472751415 0.01451017901809855 0.013618526676538036 0.011570536769727632 0.012325596490054028 0.016622643551894693 0.018457803460858502 0.017667695714456942 0.01763488731253711 0.015955579786510552 0.01193532847839228 0.010131160030666641 0.006839692265530276 0.005552855791305329 0.004888583633290481 0.003085506499145233 0.0024755366078235775 0.001783628850152419 0.006072732071210081 0.00652227282639591 0.002281830706536305 0.002720806556893021 0.0025958961677561973 0.0020839988119580955 0.0021459550015582515 0.0030238565591791298 0.0024864330743276314 0.004047393988519419 0.008313163080797248 0.007255997214258495 0.005813820290176577 0.005733732113200868 0.006059476262802434 0.006947394432147904 0.0052375416217513154 0.007277525187021807 0.003570839164356628 0.0020418216003623597 0.005215071096018431 0.0037646200430578357 0.00165744817698447 0.001514066998549048 0.0013562055722283863 0.0011268185611100676 0.0014247527206574392 0.0013882286371085207 0.001586462315289918 0.0019857475186576485 0.0011566585091342823 0.0014525438034455908 0.002275180631504197 -1.0
-1.0 -1.0 -1.0 -1.0 -1.0 -1.0 -1.0 0.021883200443859326 0.028873072565283153 -1.0 -1.0 0.022087363712029115 0.020138520005577042 0.013345741115021521 0.019290519916721045 0.01633065538362726 0.015836732808756304 0.015063547004989755 0.02137511284271773 0.01805663678485581 0.010880396066129738 0.00831976871909132 0.006399802749379624 0.003737271087497312 0.002554781531834216 0.0013675124178098349 0.0011388009238428786 0.0017240415356467346 0.0017797361430331555 0.0021274980973884157 0.005671088346466249 0.00366161121607405 0.0 0.0 0.0022022626231703135 0.001513560009464155 0.002840603938545166 0.002803694080579089 0.003643959278712756 0.0041358435559123675 0.003329083986050211 0.00614248030290816 0.004668165197857449 0.004979754325503625 0.003162089707862511 0.00647466894431822 0.008546679336527127 0.007589435548404186 0.005591894775258497 0.015105844640696028 0.0073923820221922214 0.010386400516302857 0.0030007125955055143 0.001811339389247308 0.0023788000262047917 0.0024060089264840317 0.0016222241045537105 0.0016764818858089308 0.0031441572194365447 0.0014876676874933607 0.0011767316705481798 0.002211035227872699 0.004249036485306871
-1.0 -1.0 -1.0 -1.0 -1.0 -1.0 -1.0 -1.0 -1.0 -1.0 0.020195217697771255 0.014574119631997154 0.009752859986353231 0.012529950514126842 0.015277230863469948 0.01564095313683751 0.01900647091406079 0.019729850274419324 0.01738845260975807 0.009671987943733806 0.008409569833369133 0.0038830238426807656 0.0037928243396434824 0.002861386110792525 0.001824618461511107 0.0018942726198934816 0.0014486912589423719 0.0009978441684367694 0.001489849833559401 0.001810421912114886 0.0 0.0 0.0 0.0 0.0017431853391495992 0.0018586481418394064 0.004354934776449257 0.00514543216498102 0.005164538285206419 0.0048325009923247085 0.003642014714840962 0.004810792887300568 0.002437007232199328 0.007720538836329392 0.009057648457243555 0.00717159323715189 0.002907159514201539 0.006454807507818932 0.0050559042104112144 0.0012171191134442473 0.0014359970973485657 0.0014553652403646185 0.0012498254408018243 0.0031236640002369133 0.00443973653819046 0.003914525819270156 0.002851963480087626 0.0026491002355845724 0.00204526181620456 0.0013778994609523127 0.0011613299032131733 0.0018148750014228769 0.002381493571129336
-1.0 -1.0 -1.0 -1.0 -1.0 -1.0 -1.0 -1.0 0.020058066928317422 0.020757208988071065 0.017497032519293538 0.01711243497961329 0.013604567285629891 0.01860911639119811 0.015187220224947721 0.015121740387268927 0.014661569746648742 0.008654554992042906 0.00770967131848602 0.005943470264314212 0.002062038778607087 0.002330308036771155 0.002123127242418961 0.0015207707278015628 0.001613626770436456 0.002165298260017467 0.0024300789977911024 0.0022838962655936015 0.002079059898426266 0.0025017539711084218 0.004526663752713438 0.0034573967580301176 0.003837737760304935 0.0034094147916302986 0.004204905840254746 0.00371605827881289 0.001899860564088098 0.005097407500631298 0.005887458897331045 0.004624251377976547 0.005932957292947505 0.005268209042682479 0.002538328493554849 0.0026352690860635616 0.0028557365024011678 0.0026196947590547918 0.001525636528810232 0.002928606518034599 0.004804290042525492 0.001473780865763669 0.001305333712857385 0.001129547611567642 0.0008377244021229005 0.0009318871536519149 0.0024938827955416185 0.002955971834369333 0.004465874775022325 0.0038785945021673532 0.0022008462418996962 0.0022134525632288194 0.0010953798802378599 0.000894611415088679 0.0007536382821937996
-1.0 -1.0 -1.0 -1.0 -1.0 -1.0 0.012605234836954624 0.023029793921998047 0.0214675851924558 0.007236236666788577 0.00608007417315168 0.010080892282322862 0.00882362668442326 0.01485047233062475 0.013469043894524774 0.010485903667564885 0.004227272584386939 0.004744216205373765 0.002758334606289671 0.002149458039286774 0.0019399883746137332 0.0023029304785508863 0.001870071357975886 0.0022685587220740116 0.00265779880422761 0.0025805681606580473 0.001897193599905412 0.0025303506416385194 0.0024766394092982577 0.0020920968074293923 0.003289091012127928 0.0036587920611778632 0.0024922002831632368 0.0022919016823392062 0.0024870740254682054 0.0031690416633250677 0.003950244879754342 0.002759762250846329 0.00333540602486462 0.002987393711611603 0.002704757796273307 0.0022018816654561443 0.0024293016517334745 0.0019930609155258535 0.0021929342111524142 0.001238372313745816 0.0011782958996562774 0.0009302057017400452 0.0008720361493801757 0.0007660894919975144 0.0006805857899158524 0.0 0.0014217119005752025 0.0015202340139581218 0.001470130287998639 0.0014206546527151065 0.0022834985579675477 0.0019026283645795115 0.0016771414843309595 0.001471981073081109 0.0008207142253965521 0.0008322345250416983 0.000919792540052954
-1.0 -1.0 -1.0 -1.0 -1.0 0.01168237061121736 0.021494851526715 0.01780136739913032 0.007448139874132355 0.005555741988851368 0.005125595436737008 0.011547300258253792 0.012805333472615317 0.009664356526072527 0.008508128427969375 0.004958281924934017 0.003017102547987193 0.002389865576804975 0.002146318277325124 0.0023519316872151713 0.0022369778009973204 0.002263945499521954 0.0028329408099769856 0.002766977160202261 0.0028526159996836884 0.0024180650390301264 0.0015412400649682514 0.0015524239583848216 0.0011895614683927805 0.0010504485492611767 0.002339936555966823 0.0017008709932331157 0.0013664061142376579 0.002170322482083486 0.002164996838342645 0.0028342943374083896 0.002379102784291913 0.003614153403420027 0.0025946436009730025 0.0027430686219550833 0.002582055418099658 0.001737982510613842 0.0010289570258493648 0.0012877225849242063 0.001012333445992817 0.0010094274551279946 0.0008027754672732852 0.0010202471105641982 0.0006199829252833667 0.0006853063117380282 0.0007496618600522807 0.0006740234968111814 -1.0 -1.0 -1.0 -1.0 -1.0 -1.0 -1.0 -1.0 -1.0 0.0018041167451229182 0.001391847726007878
-1.0 -1.0 -1.0 -1.0 -1.0 0.017691284317558256 0.017552955121319894 0.00787784409463603 0.0061272891893135355 0.01168712638447007 0.011935196876026826 0.013636722898612275 0.012420914944101651 0.009512101847483275 0.0025918375903639 0.0023156808472495237 0.0024797811610031374 0.002121059040674749 0.0020989737030043987 0.0017831565427164375 0.0014429495709543734 0.0014886572482424182 0.0019673091739687634 0.0018615559348758685 0.001631521180142061 0.001180303560154437 -1.0 -1.0 -1.0 -1.0 -1.0 0.0003501101671687202 0.0007240938322482455 0.0008993874598831438 0.0009662966271326559 0.0010069564971983663 0.0019529471096598335 0.004937976875397138 0.0035416952442847353 0.0023525318270592364 0.0020386281325002202 0.0019359662144590945 0.0015921833978728025 0.0011825319772820445 0.0010489719716527668 0.0008252989319938588 0.0006712956521046484 0.0007530570107108003 0.0011468218911074286 0.0012427658677069927 0.0011445745325868622 0.000505038025858057 -1.0 0.001300494561492296 -1.0 0.0017917333478533718 0.0007915167516763694 0.0005433481568801845 -1.0 -1.0 -1.0 0.00202939333576244 0.0010543265693796844
-1.0 -1.0 -1.0 0.016845708668023346 0.007162297257440842 0.0056048607121318775 0.0059819541671152065 0.005577501966120271 0.004763382547123529 0.00433698102505018 0.008139468040167004 0.012409190542224524 0.007177158655096547 0.00449263042915008 0.0019095368268386278 0.002174844229198035 0.002412296243045039 0.0020796866427286033 0.001983311599466173 0.002014860589011158 0.0019752623521166342 0.0018413074060747478 0.0017407625898575871 0.0014850521336512456 0.001346443039829846 -1.0 -1.0 -1.0 -1.0 -1.0 0.0006941042193480767 0.0006724421002298533 0.000564698649540061 0.0009555940183631132 0.0007761695042207433 0.001417351598637198 0.0023396233510634937 0.0036589574595358013 0.0033101009742045073 0.0017340871079717512 0.002731062638984098 0.00411713508997822 0.004160927826585176 0.0016789515310481138 0.0014551805620970863 0.0011622341099456123 0.001577629962375888 0.003710139760021824 0.003277580511987458 0.002121802811981922 0.00078007756676945 0.0004930824467959373 -1.0 -1.0 -1.0 0.001132129133607164 0.0007185067004728304 0.0009052555075327942 0.0008325023238239965 0.0009003447726809545 0.0005325432028362773 0.00021318747789988307 0.0007012619403720698
-1.0 -1.0 0.01679822920623796 0.009435824254285683 0.005316190367991267 0.004219345012389762 0.004578334844034321 0.004064031267013676 0.005881223429483031 0.005241685420097053 0.006493584632668817 0.0048222617558768876 0.0030251628736607953 0.002183398718888362 0.0023185403344944218 0.0022617291608817407 0.002636406133440434 0.0024987913947437422 0.002155594028420069 0.00226993844049564 0.0020806410650850518 0.002250128829765694 0.0016611663644772296 0.0013591856025847637 0.001157313280824946 0.0 -1.0 -1.0 0.0009066850411886526 0.0004936533817023612 0.0004657777765843962 0.0005238608338616797 0.00069909103334174 0.0006564602366711861 0.0009113631617966252 0.0016901888820274194 0.001198664250965813 0.0011923512284947437 0.0022221042739227446 0.0030019745681230496 0.0030136017754980398 0.002097945995372975 0.0036112385323955145 0.0026630374292273694 0.0012758310402647586 0.0015025981411760727 0.0017667310113937908 0.0026445934274612766 0.004069912126975249 0.004019249686717867 0.0024301903008581696 0.0009488374807904754 0.0008144787282126567 0.0008091263749574145 0.00046568547320080403 -1.0 0.0015648087283893304 0.0009122718670609514 0.0011499353554363838 0.0008512279510429266 0.0007755464743791417 0.0005796188517420506 0.0012737073741990656
0.007429629070209525 0.004274409377491876 0.005523732143856938 0.004034442914176393 0.0034044719774602556 0.004137312648929226 0.004685460857985251 0.007647212494839765 0.006315369357313779 0.005715594691188837 0.0024792413836442003 0.0017646869338125925 0.0012428244832386251 0.0018724805093627036 0.0025942256063496844 0.0024458834557875547 0.0020786274608366744 0.002617761400397372 0.0030234708678146395 0.0029057966205751 0.002487724109890733 0.0020507543138059115 0.0014671335835209644 0.0009894067541723513 -1.0 -1.0 -1.0 0.0008396960961304133 0.0008296340659392624 0.0006499119005600962 0.0005721569890278586 0.0005503555105085249 0.0007401792858193742 0.0008198487493617062 0.0011013052996731985 0.0011946818587885075 0.0015271663199697414 0.0014044859613871145 0.0013363260044484836 0.0019928542866494473 0.004089522396201956 0.003345229768870369 0.002373612368014291 0.001547007607607069 0.0016958395977487817 0.0017910401588156107 0.0018517783879810588 0.001602162233125558 0.0018421882070074876 0.002673698024246074 0.002415062425814329 0.0007892416133562901 0.00076631940741063 0.000972348131350313 0.0013301695059981101 0.0008714897550066741 0.0006535392848742926 0.0008337936594366007 0.0010431394807485954 0.0011655974707340917 0.0008229687011161413 0.0015523773563951779 0.0015689760953441865
0.006453089359841387 0.0047680201170677465 0.004443269577795221 0.0037538367838243296 0.004635466698165682 0.004291197790788206 0.008632445566725024 0.010069399724855564 0.006370562305522812 0.005545228463147274 0.0026217024686171217 0.002814551922418743 0.0018701475569336348 0.002742172994610334 0.002798052931675615 0.002526272428846997 0.002764686478550257 0.0031030262105984194 0.003173755476541629 0.003320031237989006 0.00168628849941361 0.0006551891052785812 -1.0 -1.0 0.001336401077210197 0.0017328512044812322 0.002740599614411642 0.000680477601481996 0.0007602683116937869 0.0007467716036935825 0.0006677175481592787 0.0008273915326386518 0.0011287047297268075 0.0015113266414299338 0.001187111641156138 0.0010517489307694883 0.001536142949938627 0.00133123093458545 0.001436873749450821 0.0011789611336353392 0.0017244614686140768 0.0017581214857822006 0.002100413009697541 0.002808153036409369 0.004187263563854939 0.002650557381252777 0.0013613448383091818 0.0020887649019871893 0.0017322886488310059 0.001765927246037355 0.0018165990713387816 0.001011035258792332 0.0011400405899152325 0.000859481145413789 0.002213646872188309 0.003457494350749411 0.0017627451941677242 0.0008450272967741952 0.0009125181310945507 0.00079483350372556 0.0009832278533610727 0.0017172441893032791 0.0012224789895685206
0.006721768381381502 0.0052281257637497355 0.004297014155705424 0.0043694867970055 0.004114170865162582 0.0035171058060860833 0.010940399213206971 0.0104168301627545 0.005868548348669828 0.0033535424079873103 0.003926418071542138 0.00245588199926234 0.0026195773172608314 0.0029443958340413683 0.0026455365005296967 0.0030322945105035995 0.0032101027197501213 0.003079809622817964 0.0036959468013270536 -1.0 -1.0 -1.0 -1.0 -1.0 0.0007666196526747239 0.0006144374693682451 0.001020270178165807 0.001431436345666393 0.0008152986732961288 0.0007943296733828152 0.0013165627303596316 0.002591159124680049 0.0018433969605175103 0.0018318766576205848 0.0015598021185973196 0.0013504473621286526 0.0014271148899164178 0.0015161191015878493 0.0017637559456476447 0.001756660697397598 0.0010475004555449842 0.0014985958041899968 0.0017861846224766177 0.0016362999927887311 0.0019356424111173747 0.0028791869392142473 0.0010739753275416607 0.0013541728900753351 0.0011107165448916033 0.0011296913793793935 0.0012305163720242242 0.0012213483696010311 0.0013310505764860688 0.001712620546478651 0.0023612574008849683 0.002759312843136819 0.0006951652294503841 0.0006658402790507025 0.0008111454101431652 0.0009270736971883928 0.0011933243111064884 0.0024546414726174643 0.0016020214513761133
0.01212986782118254 0.008802493035994733 0.004983118786283326 0.005223023588657651 0.004288868024581292 0.0030574021223683254 0.008226055459157779 0.0032277053222781356 0.003286424904454975 0.0035076671892264747 0.00244482604977642 0.0027738550393053207 0.0024250962965602653 0.0023905840254385916 0.0023790190679149445 0.0028972031131525144 0.0024004901240999065 0.001398712522780535 -1.0 -1.0 -1.0 -1.0 -1.0 -1.0 0.0011843473130700927 0.0008427610943690964 0.0008019404466931017 0.0018093442544808694 0.0010011204722008976 0.0011007322114449756 0.0012005512330074018 0.001354144708660746 0.001673737091311438 0.001914057923727875 0.0016359070375701267 0.0013736841641366316 0.0015575688535088479 0.0012750775059001934 0.0017070284085042428 0.0019407378327139656 0.0013525592305332617 0.0014738031159724605 0.0015903569714483478 0.0017536143834752283 0.0012954212892956998 0.0011352055215378461 0.0009493920586673113 0.0007931058661431366 0.0009155368319141889 0.0016536909623713096 0.001485295532887569 0.0013346911852527136 0.0014573402254695847 0.0008490957760000405 0.002347604034770846 0.001466779481472044 0.0029382445982067845 0.0027198551919650846 0.0015707445951958134 0.002428668140705166 0.0013875618416241962 0.0009969525452697577 0.0015758128985361186
