Model Version1.4/trunk/output/1999/fsro_nat.asc
ncols 720
nrows 360
xllcorner -180
yllcorner -90
cellsize 0.5
NODATA_value -1
[rows 224 to 251 of 360, columns 630 to 692 of 720]
0.0 0.0014275309359895784 0.001142313315964203 0.0009370037713467335 0.0007027292381985521 0.0006190395810734893 0.0005724721937976175 0.0 0.001290996923084086 0.0009668708610487421 0.0 0.0 0.001734884006075044 0.0018387107890523236 0.0014654449818869016 0.0 0.0 0.0 0.0 0.0007858185984566699 0.0006491813638203194 0.0011804603994259252 0.0014828542933355427 0.0008392533880032067 0.0012185991657599074 0.0017818248098577627 0.0028584078409118765 0.0011772354043095021 0.007988063194403162 0.003227415404578381 0.0025227366714255127 0.0 -1.0 -1.0 -1.0 -1.0 -1.0 -1.0 -1.0 -1.0 -1.0 -1.0 -1.0 -1.0 -1.0 -1.0 -1.0 -1.0 -1.0 -1.0 -1.0 -1.0 -1.0 -1.0 -1.0 -1.0 -1.0 -1.0 -1.0 -1.0 -1.0 -1.0 0.010944118558778373
0.0011520224630350755 0.0 0.0015440988160334093 0.0012022754995930408 0.0 0.0018955629703431935 0.001254443853982788 0.0008512922808183895 0.0008931748370955279 0.0008586190002781613 0.0008460371891935184 0.0 0.0 0.0 0.0 0.0 0.0020394382819723805 0.0 0.0009729423185728569 0.000873987875781375 0.0009510806838216723 0.0012898111042072696 0.0015349584350809887 0.0022529846562424865 0.0019776125550965825 0.0023603609442148193 0.005207719738233613 0.0018132264822499399 0.00553469622424499 0.0053215361388996105 0.0 0.0 -1.0 -1.0 -1.0 -1.0 -1.0 -1.0 -1.0 -1.0 -1.0 -1.0 -1.0 -1.0 -1.0 -1.0 -1.0 -1.0 -1.0 -1.0 -1.0 -1.0 -1.0 -1.0 -1.0 -1.0 -1.0 -1.0 -1.0 -1.0 -1.0 -1.0 -1.0
0.006231552173872409 0.00048713644753185277 0.0 0.0 0.0 0.001257069639983703 0.0 0.0006921496808176511 0.0 0.0006595825036136054 0.0 0.0 0.0 0.0 0.0 0.0011284565060649602 0.001338681305655813 0.0009993634778755292 0.0009698760173219997 0.0008195043641633342 0.0006875772582236358 0.0014184107599386439 0.001776627367505558 0.0011224811932214187 0.004560523333174405 0.002078551385114428 0.001818908727735063 0.0017552438569813024 0.002034007829980507 0.0049101294044836385 0.005237674669532182 0.004954453578525024 -1.0 -1.0 -1.0 -1.0 -1.0 -1.0 -1.0 -1.0 -1.0 -1.0 -1.0 -1.0 -1.0 -1.0 -1.0 -1.0 -1.0 -1.0 -1.0 -1.0 -1.0 -1.0 -1.0 -1.0 -1.0 -1.0 -1.0 -1.0 -1.0 -1.0 -1.0
0.0037491159861166067 0.0 0.0 0.0 0.0 0.0 0.0 0.0007956385816543105 0.0 0.0 0.0 0.0 0.0 0.0 0.0 0.0014952147683983859 0.0009531363652630498 0.0008739640075397969 0.0009087029790690105 0.0008102923333257782 0.0008647822476387095 0.0012972420940333114 0.001725977193709234 0.001766346796447755 0.0 0.003034347465276019 0.0018643777426530941 0.004501741008244235 0.0 0.0032385382704060873 0.006363993117924512 0.006193496783002749 0.004574623358190567 -1.0 -1.0 -1.0 -1.0 -1.0 -1.0 -1.0 -1.0 -1.0 -1.0 -1.0 -1.0 -1.0 -1.0 -1.0 -1.0 -1.0 -1.0 -1.0 -1.0 -1.0 -1.0 -1.0 -1.0 -1.0 -1.0 -1.0 -1.0 -1.0 -1.0
0.0 0.0 0.0 0.0 0.0 0.0 0.0 0.0 0.0 0.0 0.0 0.0 0.0 0.0 0.0 0.0 0.0011964382397597984 0.0007487026437763873 0.0008692086421639119 0.0007272758845036201 0.0007749869114919678 0.0009784745754639486 0.0027827635775672234 0.0 0.003329811501922817 0.004590184514948433 0.0042907143499454035 0.0025022494995455584 0.0 0.0026789574984774508 0.0036607783442350436 0.0 0.0 0.0 -1.0 -1.0 -1.0 -1.0 -1.0 -1.0 -1.0 -1.0 -1.0 -1.0 -1.0 -1.0 -1.0 -1.0 -1.0 -1.0 -1.0 -1.0 -1.0 -1.0 -1.0 -1.0 -1.0 -1.0 -1.0 -1.0 -1.0 -1.0 -1.0
0.0 0.0 0.0 0.0 0.0 0.0 0.0 0.0 0.000703516218389955 0.0 0.0 0.0 0.0 0.0 0.0 0.0 0.001527500320117289 0.0018869516827194745 0.0025381978068524155 0.0023567554234956807 0.001129649425499257 0.0017398865510301364 0.002123571861798111 0.003796855371146827 0.004073275864983621 0.0 0.0 0.004802843952154653 0.004523231558355235 0.003346164518324474 0.00457582673451097 0.005158384311654635 0.0 0.0 0.0016556709169153036 -1.0 0.002373550330085811 -1.0 -1.0 -1.0 -1.0 -1.0 -1.0 -1.0 -1.0 -1.0 -1.0 -1.0 -1.0 -1.0 -1.0 -1.0 -1.0 -1.0 -1.0 -1.0 -1.0 -1.0 -1.0 -1.0 -1.0 -1.0 -1.0
0.0 0.0 0.0 0.0 0.0 0.0 0.0 0.0 0.0 0.0005724437856547434 0.0004990130392356805 0.0 0.0 0.0015443093759333563 0.0 0.0 0.0007609487998977569 0.0023947527495934468 0.0027654220086414886 0.001968433792730865 0.002833318119974765 0.001438638799750041 0.0010511914297255348 0.0018231044791382235 0.0029860332877128058 0.0 0.0 0.006800154413728758 0.0 0.004057710800648826 0.004665798995850847 0.0 0.0 0.0 0.0 0.0012714866328780688 0.0016416865333483965 -1.0 -1.0 -1.0 -1.0 -1.0 -1.0 -1.0 -1.0 -1.0 -1.0 -1.0 -1.0 -1.0 -1.0 -1.0 -1.0 -1.0 -1.0 -1.0 -1.0 -1.0 -1.0 -1.0 -1.0 -1.0 -1.0
0.0 0.0 0.0 0.0 0.0 0.0 0.0 0.0 0.0 0.0 0.0 0.0 0.0 0.0 0.0 0.0 0.0008304960514558266 0.0012733524971967486 0.0012585062600711985 0.0013892398394639905 0.0017438645119606246 0.0012071226685898193 0.0013668954196464946 0.0015148940747865575 0.0 0.0 0.0046043173246137934 0.0037978218288657554 0.0 0.0028960333096442704 0.0034043150697446204 0.0037947598110044207 0.0 0.0 0.0 0.0 0.0015946707790563733 -1.0 -1.0 -1.0 -1.0 -1.0 -1.0 -1.0 -1.0 -1.0 -1.0 -1.0 -1.0 -1.0 -1.0 -1.0 -1.0 -1.0 -1.0 -1.0 -1.0 -1.0 -1.0 -1.0 -1.0 -1.0 -1.0
0.0 0.0018556398798063932 0.0 0.0 0.0 0.0 0.0 0.0 0.0 0.0 0.0 0.0 0.0 0.0005689628044319318 0.0 0.0 0.0005982097181607295 0.000847684711421354 0.001569637891296951 0.0010383784239060031 0.0 0.001142899344498898 0.0013671648389626588 0.0 0.0024947089022922635 0.002926047488461894 0.0034699399924615045 0.0029347048072060344 0.002608365723284282 0.0028432152783576135 0.0 0.0 0.003303776375713436 0.0046557005483394785 0.0 0.005640737442979645 0.0023086469588804734 -1.0 -1.0 -1.0 -1.0 -1.0 -1.0 -1.0 -1.0 -1.0 -1.0 -1.0 -1.0 -1.0 -1.0 -1.0 -1.0 -1.0 -1.0 -1.0 -1.0 -1.0 -1.0 -1.0 -1.0 -1.0 -1.0
0.0013567352213465845 0.0 0.0 0.0 0.0 0.0 0.0 0.0 0.0 0.0 0.0 0.0 0.0 0.0 0.0 0.0 0.0 0.0013731758110331962 0.0012511647152383006 0.001024361753310512 0.0013703903783880008 0.001304945438113702 0.0010925913913392175 0.0 0.001527238300882371 0.0017941720766157271 0.002504901330952411 0.0018195609653099728 0.001582015460429967 0.0014149101964476356 0.0015668362226183218 0.0011717284905510504 0.0033998989654842778 0.0 0.007635602469235747 0.011232052887104858 0.0021744188478611034 -1.0 -1.0 -1.0 -1.0 -1.0 -1.0 -1.0 -1.0 -1.0 -1.0 -1.0 -1.0 -1.0 -1.0 -1.0 -1.0 -1.0 -1.0 -1.0 -1.0 -1.0 -1.0 -1.0 -1.0 -1.0 -1.0
0.0 0.0 0.0 0.0 0.0 0.0 0.0 0.0 0.0 0.0 0.0 0.0 0.0 0.0 0.0 0.0 0.0 0.0015381261624143497 0.0008938734983550275 0.0008812276158451241 0.0013609759922303373 0.0 0.00046506333265205455 0.0007274168352079587 0.0 0.0011504660140778983 0.001147262121219187 0.0013110084590487135 0.0019815641379471623 0.001239003259707933 0.0008530273587767932 0.0015814705151956925 0.0009194264337432557 0.004394167712511563 0.006679072918990627 0.0 0.0010244319133710413 -1.0 -1.0 -1.0 -1.0 -1.0 -1.0 -1.0 -1.0 -1.0 -1.0 -1.0 -1.0 -1.0 -1.0 -1.0 -1.0 -1.0 -1.0 -1.0 -1.0 -1.0 -1.0 -1.0 -1.0 -1.0 -1.0
0.0 0.0 0.0 0.0 0.0 0.0 0.0 0.0 0.0 0.0 0.0 0.0 0.0 0.0 0.0 0.0 0.0 0.0011994991377948013 0.0006849984668086829 0.0012005019701997659 0.0 0.0 0.00043817738207475637 0.0006560816977054621 0.0007581945878305639 0.0005834986875892247 0.00038323399193249396 0.0008199796423115317 0.0017159972627905618 0.0012913028935124422 0.0009579212201547883 0.0015206548392597598 0.0015017563715291722 0.004581368825611799 0.00843607380680305 0.005299232174460621 0.0036282457042840477 -1.0 -1.0 -1.0 -1.0 -1.0 -1.0 -1.0 -1.0 -1.0 -1.0 -1.0 -1.0 -1.0 -1.0 -1.0 -1.0 -1.0 -1.0 -1.0 -1.0 -1.0 -1.0 -1.0 -1.0 -1.0 -1.0
0.0 0.0 0.0 0.0 0.0 0.0 0.0 0.0 0.0 0.0 0.0 0.0 0.0 0.0 0.0 0.0 0.0014392913312971103 0.0012422081654614202 0.0011570106520898266 0.001353828845579001 0.0 0.0004633970601166922 0.00034578525352672455 0.0005714562693180152 0.000397585689494945 0.0003534648647697522 0.00039349643019956 0.0004012252511093469 0.001064010559045864 0.0008076972345794301 0.000705383902568691 0.001483748863689801 0.0030172624329383117 0.004523211090653006 0.011090312164569006 0.01269615747457725 0.015432962759668385 0.0 -1.0 -1.0 -1.0 -1.0 -1.0 -1.0 -1.0 -1.0 -1.0 -1.0 -1.0 -1.0 -1.0 -1.0 -1.0 -1.0 -1.0 -1.0 -1.0 -1.0 -1.0 -1.0 -1.0 -1.0 -1.0
0.0 0.0 0.0 0.0 0.0005242271389879634 0.0 0.0 0.0 0.0 0.0 0.0 0.0 0.0 0.0 0.0 0.0 0.0 0.0010398031844415765 0.0011507176171800919 0.0005617173582380941 0.0 0.0004692195043503369 0.0003503804336136878 0.0005627772287210138 0.0003069152870025957 0.0003726248238311233 0.0006515035364284625 0.0005038905801767905 0.0005189517846003471 0.00039035357635019676 0.000659033303713198 0.002114599975624138 0.0042781786661620375 0.007143375816144729 0.010856336371083908 0.00925209845673449 0.009408991570312842 0.0039463499999999995 -1.0 -1.0 -1.0 -1.0 -1.0 -1.0 -1.0 -1.0 -1.0 -1.0 -1.0 -1.0 -1.0 -1.0 -1.0 -1.0 -1.0 -1.0 -1.0 -1.0 -1.0 -1.0 -1.0 -1.0 -1.0
0.0 0.0 0.0 0.0 0.0 0.0 0.0 0.0 0.0 0.0 0.0 0.0 0.0 0.0 0.0 0.0 0.0 0.0006626673598262895 0.0007633224922750424 0.0008260420235547667 0.0 0.00050588149129971 0.0 0.0005406916194778742 0.00025314184805897024 0.0006573107137828927 0.00047054849816380306 0.0005539460273169193 0.0003759205331637996 0.0003555556270730222 0.0020714422515965805 0.005483727903637958 0.005980054843920825 0.006128585601175751 0.016235509118855792 0.0086869980705373 0.0032977505464063766 -1.0 -1.0 -1.0 -1.0 -1.0 -1.0 -1.0 -1.0 -1.0 -1.0 -1.0 -1.0 -1.0 -1.0 -1.0 -1.0 -1.0 -1.0 -1.0 -1.0 -1.0 -1.0 -1.0 -1.0 -1.0 -1.0
0.0 0.0 0.0 0.0 0.0 0.0 0.0 0.0 0.0 0.0 0.0 0.0 0.0010598446376572752 0.0 0.0 0.0 0.0005621748992699815 0.0007029268293135678 0.0006284547554950363 0.0006216162310891921 0.0 0.0 0.000476438967130917 0.0003083614782391339 0.0 0.000765177510139722 0.00037179641888118 0.00031946292495394087 0.00036136964128425845 0.0009352209611998957 0.005032751840672729 0.005927608723713616 0.005130425924633444 0.006316934420931994 0.018546395386332428 0.008815018077082527 0.0030807148231232467 -1.0 -1.0 -1.0 -1.0 -1.0 -1.0 -1.0 -1.0 -1.0 -1.0 -1.0 -1.0 -1.0 -1.0 -1.0 -1.0 -1.0 -1.0 -1.0 -1.0 -1.0 -1.0 -1.0 -1.0 -1.0 -1.0
0.0006940801138213627 0.0 0.0 0.0009684573741810755 0.0 0.0 0.0 0.0 0.007358170677198904 0.0 0.0 0.0 0.0006464622615405144 0.0 0.0 0.0 0.0013113491980843342 0.001046326762392918 0.0005411380966930886 0.0007955136441305371 0.0 0.0003943661188111776 0.0008526349644749076 0.0006449476623633315 0.00042298920119507484 0.00039835379823754957 0.0002791396451974753 0.0003921872484407147 0.00045699209958370416 0.002010158930920972 0.011796136969648192 0.005663261647021637 0.006436360924368734 0.006038632405710304 0.013718358640153215 0.013237360674275932 0.008245301884028831 -1.0 -1.0 -1.0 -1.0 -1.0 -1.0 -1.0 -1.0 -1.0 -1.0 -1.0 -1.0 -1.0 -1.0 -1.0 -1.0 -1.0 -1.0 -1.0 -1.0 -1.0 -1.0 -1.0 -1.0 -1.0 -1.0
0.0011846794525807744 0.0 0.0 0.0 0.0018564688921145513 0.0010844757920626215 0.0 0.0 0.0 0.0005033718959493644 0.0 0.0 0.0 0.0 0.0 0.0 0.0 0.0 0.0 0.0 0.0 0.0 0.0 0.0 0.00037904861774102375 0.0004413162841258617 0.00035795254322481455 0.00047040913854468996 0.0 0.0022684638461374458 0.006335072264244229 0.0066672170454319685 0.006394085984937028 0.010197312394415762 0.017510909782152983 0.009879740788931274 0.0 -1.0 -1.0 -1.0 -1.0 -1.0 -1.0 -1.0 -1.0 -1.0 -1.0 -1.0 -1.0 -1.0 -1.0 -1.0 -1.0 -1.0 -1.0 -1.0 -1.0 -1.0 -1.0 -1.0 -1.0 -1.0 -1.0
0.0015445588578769096 0.001143296208462446 0.0014701539181244084 0.002757269870505907 0.0034796843836356404 0.001897814148155777 0.0015118682855703607 0.007101580262218993 0.0017483214843230436 0.0 0.0 0.0 0.0 0.0 0.0 0.0 0.0 0.0 0.0 0.0 0.0 0.0 0.0 0.0 0.00037940816810458664 0.0005529685272885298 0.0005054168026346071 0.0037979891641583842 0.006438983826135098 0.005335330541992697 0.0053516320348387875 0.007725124155561352 0.011804238189576334 0.012377847232433434 0.016619194295212046 0.006578153604726401 0.0 -1.0 -1.0 -1.0 -1.0 -1.0 -1.0 -1.0 -1.0 -1.0 -1.0 -1.0 -1.0 -1.0 -1.0 -1.0 -1.0 -1.0 -1.0 -1.0 -1.0 -1.0 -1.0 -1.0 -1.0 -1.0 -1.0
0.002087649202529494 0.0028177975862002384 0.00121058420647978 0.0013488692512950786 0.0 0.002515378878875358 0.006257986499363989 0.0 0.0030274157524124243 0.0 0.0 0.0 0.0022252582419146714 0.0 0.0 0.0014631739105468546 0.0 0.001033292267058162 0.0 0.0 0.0 0.0013166829383947406 0.0 0.0009995726013332976 0.0 0.0003912076346313228 0.0006268612199434972 0.0019674964917634195 0.004061936290434213 0.008478932358852189 0.011309966073782516 0.011703171888922819 0.015171414534993734 0.01853608454685739 0.012523502893629631 0.008059744668474218 -1.0 -1.0 -1.0 -1.0 -1.0 -1.0 -1.0 -1.0 -1.0 -1.0 -1.0 -1.0 -1.0 -1.0 -1.0 -1.0 -1.0 -1.0 -1.0 -1.0 -1.0 -1.0 -1.0 -1.0 -1.0 -1.0 -1.0
0.004724854650241677 0.0 0.002943626903220947 0.0 0.0 0.005183462828712687 0.0 0.0 0.0 0.0025689892517973653 0.0 0.0 0.0 0.0 0.0 0.0 0.0 0.0007197247058590858 0.0 0.0 0.0 0.0019261886684774502 0.00241254987693269 0.0 0.0 0.00045019497340556823 0.0014061377587210834 0.0027278139878252772 0.004325693287806983 0.005465650124624319 0.0 0.008119176030982963 0.013385327929665848 0.012921450163632713 0.008060922291948394 -1.0 -1.0 -1.0 -1.0 -1.0 -1.0 -1.0 -1.0 -1.0 -1.0 -1.0 -1.0 -1.0 -1.0 -1.0 -1.0 -1.0 -1.0 -1.0 -1.0 -1.0 -1.0 -1.0 -1.0 -1.0 -1.0 -1.0 -1.0
0.0 0.0 0.0 0.0 0.0 0.005589264221220639 0.0 0.0 0.0 0.0 0.0 0.0 0.0 0.0 0.0 0.0 0.0 0.0 0.0007458770417220291 0.0 0.0015370444345494726 0.0031493886037603984 0.00198027149917545 0.002067650262730991 0.0 0.0015727167277159789 0.003564343985501706 0.004834096695021682 0.00925885457441655 0.008736910844080098 0.0 0.0 0.007468032106640004 0.004145437589522139 0.0013722434342847314 -1.0 -1.0 -1.0 -1.0 -1.0 -1.0 -1.0 -1.0 -1.0 -1.0 -1.0 -1.0 -1.0 -1.0 -1.0 -1.0 -1.0 -1.0 -1.0 -1.0 -1.0 -1.0 -1.0 -1.0 -1.0 -1.0 -1.0 -1.0
0.0 0.0 0.0 0.002590293822241642 0.0 0.0 0.0 0.0 0.0 0.0 0.0 0.0 0.0 0.0012857563951395948 0.0 0.0 0.0 0.0 0.000486797036489844 0.00029987864986478916 0.0006684745562045362 0.0 0.0 0.0 0.0016789354128379655 0.0022751548067519397 0.004156097672372522 0.00621426169448134 0.007782672145340753 0.010277073367943822 0.012159969348347064 0.0 0.008328802521616004 0.0005060098600480877 -1.0 -1.0 -1.0 -1.0 -1.0 -1.0 -1.0 -1.0 -1.0 -1.0 -1.0 -1.0 -1.0 -1.0 -1.0 -1.0 -1.0 -1.0 -1.0 -1.0 -1.0 -1.0 -1.0 -1.0 -1.0 -1.0 -1.0 -1.0 -1.0
0.0 0.0 0.0 0.0 0.0005173090014079224 0.0 0.0 0.0 0.002121896968425105 0.0 0.0 0.0 0.0 0.0012549215540130453 0.0 0.0 0.0 0.0 0.00034521400843375054 0.0 0.00030119486420612644 0.0 0.0 0.0 0.0014380677552971463 0.0 0.0 0.005438916714314846 0.008034679629865288 0.008773076793646754 0.014861596576234171 0.0033860714926640485 0.0013990704454510832 -1.0 -1.0 -1.0 -1.0 -1.0 -1.0 -1.0 -1.0 -1.0 -1.0 -1.0 -1.0 -1.0 -1.0 -1.0 -1.0 -1.0 -1.0 -1.0 -1.0 -1.0 -1.0 -1.0 -1.0 -1.0 -1.0 -1.0 -1.0 -1.0 -1.0
0.0 0.0 0.0 -1.0 0.0013103305218700682 0.0016077174609677367 0.0014639226813155614 0.002553194539098335 0.0023856922454839695 0.0015977633214586562 0.0 0.0017210171693263765 0.0 0.0008659055867955332 0.0009185108534673406 0.0 0.0 0.0005959333200197903 0.000426252989723139 0.0002791922798872953 0.0 0.0 0.002681324343631433 0.0022551100990888607 0.0 0.00182134785921915 0.0042612309363546375 0.006422954007788897 0.008203498231549889 0.009074943320575018 0.01431751314924364 0.006003676122062034 0.0026948585767307422 -1.0 -1.0 -1.0 -1.0 -1.0 -1.0 -1.0 -1.0 -1.0 -1.0 -1.0 -1.0 -1.0 -1.0 -1.0 -1.0 -1.0 -1.0 -1.0 -1.0 -1.0 -1.0 -1.0 -1.0 -1.0 -1.0 -1.0 -1.0 -1.0 -1.0
0.002090256354505847 0.004170152019927217 -1.0 -1.0 0.0016206673061777493 0.0019335912287530873 0.00023878379995467464 0.00216602446319805 0.003300960407437103 0.00211525881258289 0.0008978570412666168 0.0011353920894616883 0.0 0.0 0.0006714102963919681 0.0007460037728998928 0.0005695050384185701 0.00046920945222479353 0.00029888117769534626 0.0003118628113605929 0.0 0.00033199496011148067 0.0006784577671202734 0.0019482487259610962 0.0020149060132858693 0.004295038169875212 0.0061513967651763935 0.006712169439131607 0.005231177799957388 0.005459227049115711 0.011633560836932238 0.010923818682503085 -1.0 -1.0 -1.0 -1.0 -1.0 -1.0 -1.0 -1.0 -1.0 -1.0 -1.0 -1.0 -1.0 -1.0 -1.0 -1.0 -1.0 -1.0 -1.0 -1.0 -1.0 -1.0 -1.0 -1.0 -1.0 -1.0 -1.0 -1.0 -1.0 -1.0 -1.0
-1.0 -1.0 -1.0 0.002428703900975721 0.0016078479814472962 0.0007596480139227359 0.004940458843843492 0.0034182543741202074 0.0 0.0 0.0 0.0 0.0 0.0 0.0 0.0009170422166170021 0.0007703758138007255 0.00046984293632405924 0.0003723431905867411 0.00037556323182964753 0.000320625222734392 0.0003036048643953343 0.0 0.0 0.004151072705838296 0.006934144236475124 0.012616961397704147 0.014575633094033967 0.006131543682735169 0.006235266501873563 0.011362457450383546 0.0025790306676647503 -1.0 -1.0 -1.0 -1.0 -1.0 -1.0 -1.0 -1.0 -1.0 -1.0 -1.0 -1.0 -1.0 -1.0 -1.0 -1.0 -1.0 -1.0 -1.0 -1.0 -1.0 -1.0 -1.0 -1.0 -1.0 -1.0 -1.0 -1.0 -1.0 -1.0 -1.0
-1.0 -1.0 -1.0 0.004168962177316084 0.0033600518211129487 0.0 0.0 0.0014982227186984844 0.0 0.0 0.000884780149683867 0.00037986519149980295 0.0005506672936291323 0.0 0.0 0.0007615186616528405 0.00047786902071097077 0.0006692386196533342 0.0 0.0 0.0004445969986516859 0.0006918852671013406 0.00072083885979456 2.0081039790340065e-07 0.0 0.010279390493391799 0.016077677482611543 0.013375597239211234 0.012443012846425138 0.014398659571052993 0.0072828889734703126 -1.0 -1.0 -1.0 -1.0 -1.0 -1.0 -1.0 -1.0 -1.0 -1.0 -1.0 -1.0 -1.0 -1.0 -1.0 -1.0 -1.0 -1.0 -1.0 -1.0 -1.0 -1.0 -1.0 -1.0 -1.0 -1.0 -1.0 -1.0 -1.0 -1.0 -1.0 -1.0
