Model Version1.4/trunk/output/1999/fsro_nat.asc
ncols 720
nrows 360
xllcorner -180
yllcorner -90
cellsize 0.5
NODATA_value -1
[rows 112 to 139 of 360, columns 126 to 188 of 720]
0.014474840118281259 0.010643465016591374 0.010439769475064023 0.0 0.0 0.0 0.0 0.0 0.0 0.003361578822754096 0.005097200328208155 0.014185506953107366 0.014053589365598052 0.0 0.010092450387415491 0.012408104333961622 0.0 0.0 0.0 0.0 0.0 0.0 0.005457940138473004 0.0 0.0 0.0 0.0014535590868994218 0.0 0.0 0.0 0.0 0.0 0.0 0.0 4.35011367379508e-08 0.0 0.0011089195962829582 0.0012655734120610642 0.0019536658034447667 0.0021954179135009596 0.001202867209777636 0.0012528917467838393 0.0011669927710559029 0.0011835652825076771 0.0011868933858020041 0.001341334606672171 0.0014954362743087068 0.0017073205889413148 0.0013923188551210287 0.0012423417977594918 0.0010711263734961348 0.0007859610295685724 0.00034605343806785573 0.000878565328683844 0.0021012514910563355 0.0019353218304703713 0.00152571603060744 0.002106401727722667 0.003142062442029645 0.003427449831166718 0.003717898260209874 0.00488170752224068 0.005638800179959911
0.014417771125808125 0.013561343117475888 0.0 0.0 0.0 0.0 0.0 0.0 0.005832327177876539 0.005836833640863381 0.001514442041328368 0.009199030503877622 0.009922690905894973 0.0 0.010776976298065804 0.01297815414408359 0.012597041031427324 0.011250940132776584 0.011176662138214478 0.0 0.0 0.0 0.0 0.0 0.0021953092251994666 0.001536092035011524 0.0 0.0005757838766827255 2.1159657724447966e-08 1.030152880608756e-08 2.3863111539414515e-08 0.0 0.0 0.0 0.0 0.0018535762255790264 0.0016125715851167772 0.002444902356269047 0.0021238692065187756 0.001230269506294927 0.00014205792825143932 0.0009564260694817982 0.0008720545960267367 0.0011262757901768679 0.0013902176331373765 0.001427312612386403 0.0013716840456324598 0.00138589968933944 0.0014365790374492732 0.0010608554143571745 0.0008660031439932212 0.0006058999692519286 0.00044714106446055573 0.0014199500854127972 0.0019057754933558917 0.0019155187012756317 0.0016108847962341358 0.0016428800679090493 0.002470769703431575 0.003379571537990131 0.0016073676608274006 0.004453843507412444 0.004254096339524592
0.0 0.011595258942262637 0.0035758198582761655 0.0 0.0 0.0 0.0 0.0 0.00443465617003753 0.0 0.0 0.0045009091419726845 0.005498768346413608 0.0 0.008565478297183793 0.00844426654234155 0.0 0.007919148995038313 0.0090760509558414 0.005832653310242346 0.0 0.0012724295580608515 0.008446684026314027 0.0 0.0 0.001614145948699762 0.0 0.0006720361789107655 0.0 0.0 1.9926877404120677e-08 0.0 0.0 1.1192050846743369e-07 0.0 0.002295889136050057 0.002479359339357642 0.0036192031448145806 0.002244780365189093 0.0007296873949752541 0.0004095619641057936 0.0009057204119406932 0.0 0.0 0.0 0.0017465420301051556 0.0013041693813589318 0.0016759423852096586 0.0019592281710239857 0.001374365666684676 0.0007281686572584414 0.0006955481550835462 0.0012237267946183824 0.0016168993552353429 0.0014848981957664821 0.001808244758963347 0.002053612018232788 0.0016108425399351178 0.0017161349936068255 0.002796608946601437 0.0029014591294720393 0.0028429972716611457 0.0024238247521186835
0.0 0.0 0.008951244268820024 0.0 0.0 0.0 0.0 0.0 0.008093856571339694 0.0 0.0 0.005151043083154568 0.006503773554397786 0.0 0.0 0.0 0.0 0.0 0.004033395966676778 0.0 0.004763240602140011 0.0 0.0 0.0 0.0 0.002611589398641502 0.0 0.0011629066728802455 0.0 0.0 0.0 0.0 0.0 0.0 0.0 0.002270699767216653 0.0 0.002145918833818495 0.002423510982686392 0.001691205948410382 0.0015737577368760078 0.001128964662886095 0.002020902965852055 0.001877160237259716 0.0017832742939179408 0.0013478130339307291 0.0011037338061580682 0.0015285519721393854 0.0015845199570371038 0.0012707694268456378 0.0005478711611871495 0.0008497709710889368 0.0020532398560157584 0.0011537744026508092 0.001639961825106251 0.001906610045763822 0.0 0.0021919915201206275 0.0017826049495337822 0.0018017278588611085 0.002325735977252881 0.001389991262761533 0.0017139887474333212
0.0 0.012320299682030265 0.011094713959099153 0.006950159678585272 0.0 0.0 0.0 0.0 0.0 0.0 0.0 0.0 0.0 0.004496390357700912 0.0 0.0 0.0 0.0 0.0035875397170060733 0.0 1.634518235635575e-08 4.6674080781751794e-09 0.0 0.0 0.007635461702069879 0.0 0.0 0.0 5.225004707576835e-08 0.0 0.0 0.0 0.0 0.0 0.0 0.0016566039506079508 0.001973645849382399 0.0022168000401910954 0.002673764110749903 0.0015061287098561914 0.00140666934822515 0.0012689795107963038 0.002188069334367595 0.0 0.002323565911451563 0.0021479474287364464 0.0016665005741765934 0.0015245752433921775 0.0013847255024341692 0.0012703760595817323 0.0010902527341000762 0.0018729010770245646 0.002024113277443022 0.0018904581642952211 0.0019320043892403587 0.0018361907082373842 0.0 0.002316540210182192 0.0027727707224404876 0.0026676449811492667 0.0020102981107569438 0.0 0.0
0.006354168738238977 0.010548060264848011 0.013939887597658976 0.011809488297596444 0.0 -1.0 0.0 0.0 0.0 0.0 0.0 0.0 0.006806384319101434 0.005189868577489443 0.0 0.0 0.0 0.003797701260589011 0.0 0.0 0.0 0.0 0.0 0.0 0.0 0.0 0.0 8.50446438818466e-09 3.881404818844879e-08 1.9044155303759402e-07 0.0 0.0 0.0 0.0 0.0 4.421856942719674e-08 0.002424717449524752 0.0027834035977717607 0.0027481297208223738 0.0013185106710170314 0.001266933725993898 0.0017285133755051327 0.0016784468843556639 0.0015503645473473558 0.001505486764846234 0.0017409462765701142 0.0019308793675111165 0.0016494146353892645 0.001331918961549494 0.0007709747190534794 0.0009047941022209999 0.002151782180513729 0.0017115250878556457 0.0016519190742158062 0.0018819858580676407 0.0016881537329799055 0.0 0.0017777682336062956 0.00182971089512505 0.0021477012762237935 0.00182990656572963 0.0016544612111845584 0.0018545376589196518
-1.0 0.0 0.0 0.013850108965780544 0.008366728577075093 -1.0 -1.0 0.0 0.0 0.004656674150687411 0.004511221066719748 0.006025075879105491 0.01188888477514076 0.009204585248860163 0.009509343882483087 0.0 0.0 0.0 0.0 0.0 0.0032771294257932662 0.0 0.0 0.0 0.0 0.006864778570980701 0.0 1.34868462038453e-07 0.0 0.0 0.0 0.0 1.524950545328264e-07 0.0 0.0025823032730715734 0.0028256781688593114 0.0032863330629317256 0.0032291511451221023 0.0022351264032793587 0.0016023327312130462 0.0016415747849887787 0.00113325978874586 0.0014969239305579628 0.0015366060696362582 0.0016459417349150738 0.001549460426523307 0.0012237267604464717 0.0009659657029574698 0.0008519617441135082 0.0007456120066856754 0.0009273133630639531 0.0011770655985534496 0.0010564357352988549 0.0011763930816949767 0.0 0.0 0.0013383307738952066 0.0003333950535891563 0.001545277278948671 0.0016271385782989389 0.0017944856346225823 0.0015453936300111662 0.0014339066389165921
-1.0 -1.0 0.0 0.0 0.010368535989289777 -1.0 -1.0 -1.0 0.0 0.0 0.0048907569523148585 0.0036504425827530635 0.0 0.0 0.0 0.014464120391739556 0.014528813576604214 0.010855354262421105 0.007039136139041869 0.0 0.0 0.0 0.00448154909506206 0.0 0.0 4.559840873727179e-07 0.0 0.0 0.0 1.9318832444531164e-07 0.0 0.0 0.0 1.7409870395048996e-07 0.0 0.0030487487240169857 0.003667927229514746 0.003408032751761372 0.0018814257127970288 0.0017537409831884614 0.0014987857849093407 0.0015195428995758576 0.0011252008960596681 0.0007874572213529154 0.0009414417521905624 0.00067291180810865 0.0006173639731290144 0.0004773402613497841 0.0005329604394035495 0.0003923766731933905 0.0006053336605945254 0.0005226924646833681 0.00037579798340666316 0.00023058278634345626 0.00038822999460411963 0.00015851031866280017 8.426157357814819e-05 0.0002714762724817606 6.249898916501153e-05 0.0005697053812386896 0.00032538451837020946 0.0001251302390407008 0.0005059766191373989
-1.0 -1.0 0.0 0.0 0.009779311195370968 0.0 0.009130167617294991 -1.0 0.0 0.0 0.005214895820355841 0.00346292124336994 0.0 0.009884394057380686 0.008498904404062226 0.0 0.017027134820959498 0.011087178610058 0.009833473840257664 0.0 0.009670044081574318 0.0 0.0 0.0 0.010323922598938667 1.1978541720187078e-07 0.0 0.0 0.0 0.0 0.0 0.0 0.0 0.0 0.005157483397000564 0.004783993337973966 0.0034188286966696686 0.002740152971983814 0.0018683770685197687 0.001635752962675236 0.0016537178415338659 0.0008198274729203605 5.4027140892873326e-05 0.00014620622068036142 0.0004569751822212553 0.0003277720229202471 0.0002168047139391627 9.131037217274758e-05 0.00014016976258552193 0.00027511687824432525 0.00047373907277964503 0.00045014380728468204 0.0004228241277691203 0.00024553862580419834 6.921594227905248e-05 1.584070379576598e-05 -1.0 -1.0 -1.0 -1.0 -1.0 -1.0 -1.0
-1.0 -1.0 -1.0 0.0 0.0 0.0 0.012501356126074387 0.0 -1.0 0.0 0.0024982572426215295 0.0 0.0 0.0 0.011229587181520393 0.0 0.0 0.014377449543689714 0.009071333057555208 0.007295372913950414 0.007138419516003527 0.0 0.0 0.0 0.0 0.009342896943240614 0.010617183025265002 0.0 0.0 0.011338133869424831 0.00786267187369248 0.0 0.0 0.0021699655800958804 4.9519519557680826e-08 0.001667299419488255 0.0 0.00015436178038703635 0.001521392875546621 0.0015567038444054433 0.000708391883978786 0.00040750011979700677 0.0005945749357905622 0.00027770731504086566 5.6377678789882945e-06 -1.0 -1.0 -1.0 -1.0 -1.0 -1.0 0.00015764002436089198 0.0001425592794408732 1.4211056618122452e-05 1.206328869410413e-05 1.2517753268655409e-05 -1.0 -1.0 -1.0 -1.0 -1.0 -1.0 -1.0
-1.0 -1.0 -1.0 -1.0 0.0 0.0 0.01417047234121686 0.0 0.0 0.0015772885745156725 0.0 0.0 0.0 0.0 0.0 0.015179511031794303 0.01589352257496133 0.014017259314391971 0.006795206564306622 0.005061368967280831 0.002958018164352641 0.0 0.0 0.0 0.0 0.0 0.0 0.0 0.0 0.0 0.0 0.004030907059507807 0.0013087774843479213 0.0 0.0 0.0010396722545499603 0.0011664937375340586 0.0013772865132250568 0.0015822902571668831 0.0009452429968931204 0.0003993939149622437 0.00018189330565154872 0.0003177007637676317 0.0002952438350012271 -1.0 -1.0 -1.0 -1.0 -1.0 -1.0 -1.0 -1.0 -1.0 -1.0 -1.0 -1.0 -1.0 -1.0 -1.0 -1.0 -1.0 -1.0 -1.0
-1.0 -1.0 -1.0 0.0 -1.0 0.0 0.0 0.0 0.0 -1.0 0.0 0.0 0.0 0.007880782978949586 0.0 0.014107859038222178 0.015964968728688644 0.01654489806619906 0.011320516840858413 0.005410274333382892 0.0 0.0 0.0 0.004575582078525312 0.0 0.0 0.0 0.010193791945003626 0.0 0.0 0.0 0.0 0.0017098597070233062 0.001558195478732701 0.0 3.577192946803997e-08 0.0 0.0010445031903734928 0.0007321369180619864 0.00036476863269945155 0.00012305094417778572 1.8230500892561206e-05 -1.0 -1.0 -1.0 -1.0 -1.0 -1.0 -1.0 -1.0 -1.0 -1.0 -1.0 -1.0 -1.0 -1.0 -1.0 -1.0 -1.0 -1.0 -1.0 -1.0 -1.0
-1.0 -1.0 -1.0 0.0 0.007852967576596193 0.0 0.0 0.0 0.0 0.0 -1.0 -1.0 0.003263031282687819 0.006173866632161916 0.005133947535485171 0.010798045830432252 0.019029381560520447 0.020287052409253454 0.013104861021826644 0.010493618075626343 0.006466925500532945 0.0 0.0 0.003785613557875246 0.0 0.0 0.0 0.004028160551723988 0.0 0.0 0.010847458155939675 0.0028565670631285995 0.0 0.0012214046859950023 0.0015735905427467643 0.0 0.0 0.0008497196762185773 0.0 6.0182186731943426e-05 0.0002133891973017196 -1.0 -1.0 -1.0 -1.0 -1.0 -1.0 -1.0 -1.0 -1.0 -1.0 -1.0 -1.0 -1.0 -1.0 -1.0 -1.0 -1.0 -1.0 -1.0 -1.0 -1.0 -1.0
-1.0 -1.0 -1.0 -1.0 -1.0 0.005196041999019191 0.004003157385684958 0.003279695779406371 0.0 0.01137506635081192 -1.0 -1.0 4.574730979721811e-05 0.00022465718468731946 0.0006286375761853685 0.005938339299596415 0.016677039900661605 0.017475629221731927 0.020729026673694542 0.010065685956812983 0.010234735724730822 0.008136778841058468 0.0055229412100004085 0.0 0.005260821066355677 0.0 0.0 0.0 0.011849311311389544 0.0 0.011122024317153641 0.006607249448885786 0.0 0.0013267753571695718 0.0012698710424798778 0.0 6.905612189483783e-08 0.0004974353619240982 0.00031682144316151194 2.9727922575516916e-05 -1.0 -1.0 -1.0 -1.0 -1.0 -1.0 -1.0 -1.0 -1.0 -1.0 -1.0 -1.0 -1.0 -1.0 -1.0 -1.0 -1.0 -1.0 -1.0 -1.0 -1.0 -1.0 -1.0
-1.0 -1.0 -1.0 -1.0 -1.0 -1.0 0.004900695034353723 0.0 0.00911253161447872 0.0 0.0 -1.0 -1.0 -1.0 0.0 0.003697258573751237 0.008739312373835838 0.015959327503051905 0.021408007138519133 0.0 0.012299622892432308 0.013148623322227874 0.008930189138040062 0.0 0.0 0.00379202133304048 0.0 0.009399172659474332 0.0 0.013742126323416837 0.013392541500326498 0.009188228410616535 0.012610507205059565 0.007545836039765788 0.0014426606914257273 0.0 0.0 0.0 0.0 0.0 -1.0 -1.0 -1.0 -1.0 -1.0 -1.0 -1.0 -1.0 -1.0 -1.0 -1.0 -1.0 -1.0 -1.0 -1.0 -1.0 -1.0 -1.0 -1.0 -1.0 -1.0 -1.0 -1.0
-1.0 -1.0 -1.0 -1.0 -1.0 -1.0 -1.0 -1.0 0.0 0.0 0.0 0.00997442723827706 -1.0 -1.0 -1.0 0.0 0.005153073351729657 0.014471120575032609 0.01887305666850538 0.018615840812261725 0.013966037901687815 0.012576854780466978 0.009980474382186928 0.005840038305419628 0.0 0.0 0.0 0.007901216597792863 0.0 0.0 0.0 0.0 0.0 0.010676917051016222 0.0051844333176181215 0.0015757861232896517 0.0011929509151021745 3.196097415175752e-10 3.976682907495594e-10 5.386027342107657e-05 -1.0 -1.0 -1.0 -1.0 -1.0 -1.0 -1.0 -1.0 -1.0 -1.0 -1.0 -1.0 -1.0 -1.0 -1.0 -1.0 -1.0 -1.0 -1.0 -1.0 -1.0 -1.0 -1.0
-1.0 -1.0 -1.0 -1.0 -1.0 -1.0 -1.0 -1.0 -1.0 0.0 0.0 0.01367722728760799 0.0 -1.0 -1.0 0.0 0.0 0.0021052203647714336 0.013548152696615046 0.018843396499307885 0.01721821965596318 0.0 0.011126578500832512 0.00803812998031563 0.0 0.0 0.010053841728919087 0.001918448619969683 0.0 0.0039017167089446182 0.0 0.0 0.015929825133255218 0.008586686617201232 0.0034376657765580903 0.00158607027449915 0.0018885271985085636 0.0007069721958007417 0.0001275282497613262 0.000327775797756397 -1.0 -1.0 -1.0 -1.0 -1.0 -1.0 -1.0 -1.0 -1.0 -1.0 -1.0 -1.0 -1.0 -1.0 -1.0 -1.0 -1.0 -1.0 -1.0 -1.0 -1.0 -1.0 -1.0
-1.0 -1.0 -1.0 -1.0 -1.0 -1.0 -1.0 -1.0 -1.0 0.0 0.0 0.0 0.0 -1.0 -1.0 -1.0 0.003238123208183552 0.0012049749253630546 0.008540981457521102 0.015919505617449595 0.021769381383873056 0.0 0.012370656838017517 0.011248257235583564 0.011847709373551955 0.009688221689444332 0.0 0.0 0.0 0.013214089762960136 0.0 0.012374851247023472 0.014873507123976717 0.021654479968711976 0.003986472484514401 0.0017867754359632323 0.0018814234910722223 0.001715928830178541 0.0 0.00030817780770667246 -1.0 -1.0 -1.0 -1.0 -1.0 -1.0 -1.0 -1.0 -1.0 -1.0 -1.0 -1.0 -1.0 -1.0 -1.0 -1.0 -1.0 -1.0 -1.0 -1.0 -1.0 -1.0 -1.0
-1.0 -1.0 -1.0 -1.0 -1.0 -1.0 -1.0 -1.0 -1.0 0.0006123890666954482 0.0 0.0 0.011259677899517342 -1.0 -1.0 -1.0 -1.0 0.0004910113586413013 0.0014886293127976864 0.006993047094239438 0.016036192332995875 0.02185108122646569 0.01487634087185143 0.012288206087418346 0.0 0.0078210558810881 0.006933650057674105 0.0 0.005532687238449901 0.0 0.0 0.009937948108121078 0.0 0.0120284543664717 0.013925540090530562 0.005011935248207356 0.006927473233261988 0.0025885303485656016 0.0003489228971617537 -1.0 -1.0 -1.0 -1.0 -1.0 -1.0 -1.0 -1.0 -1.0 -1.0 -1.0 -1.0 -1.0 -1.0 -1.0 -1.0 -1.0 -1.0 -1.0 -1.0 -1.0 -1.0 -1.0 -1.0
-1.0 -1.0 -1.0 -1.0 -1.0 -1.0 -1.0 -1.0 -1.0 -1.0 0.0 0.0 0.005921187460875911 0.007712751089301768 0.0 -1.0 -1.0 -1.0 0.0 0.0021621129331460334 0.013130575248529163 0.020445295575211322 0.0 0.009211482511833655 0.00755252215204708 0.004530684760959303 0.005299108068371508 0.005868139748425883 0.0 0.0 0.0 0.0 0.0049540899241076655 0.007878178468271 0.01876475757909146 0.0038033652687706385 0.004014838353882734 0.0030987125370356963 0.0005500422694493716 -1.0 -1.0 -1.0 -1.0 -1.0 -1.0 -1.0 -1.0 -1.0 -1.0 -1.0 -1.0 -1.0 -1.0 -1.0 -1.0 -1.0 -1.0 -1.0 -1.0 -1.0 -1.0 -1.0 -1.0
-1.0 -1.0 -1.0 -1.0 -1.0 -1.0 -1.0 -1.0 -1.0 -1.0 -1.0 -1.0 0.001932524663105701 0.0 0.010765205207633834 0.0 -1.0 -1.0 -1.0 -1.0 0.005824697138793798 0.013819163641174192 0.0 0.0 0.011397055286034703 0.009071909831255349 0.0 0.004963950216792547 0.0033495113237412754 0.0 0.0 0.0 0.008673023062593505 0.00850330352915004 0.01943178224723525 0.013544087627232372 0.004137920738627273 0.0046601485498285 0.002300966933957705 -1.0 -1.0 -1.0 -1.0 -1.0 -1.0 -1.0 -1.0 -1.0 -1.0 -1.0 -1.0 -1.0 -1.0 -1.0 -1.0 -1.0 -1.0 -1.0 -1.0 -1.0 -1.0 -1.0 -1.0
-1.0 -1.0 -1.0 -1.0 -1.0 -1.0 -1.0 -1.0 -1.0 -1.0 -1.0 -1.0 -1.0 0.0 0.011366625748518152 0.0 -1.0 -1.0 -1.0 -1.0 0 0.006224175816006473 0.016094970383816215 0.0 0.0 0.0 0.0 0.007296607820146834 0.0 0.0 0.0 0.005036752868720781 0.00973913124974404 0.011785399010129986 0.017596607959689547 0.01690918243735106 0.008408126092793181 0.011564877371744385 0.005031504563879034 -1.0 -1.0 -1.0 -1.0 -1.0 -1.0 -1.0 -1.0 -1.0 -1.0 -1.0 -1.0 -1.0 -1.0 -1.0 -1.0 -1.0 -1.0 -1.0 -1.0 -1.0 -1.0 -1.0 -1.0
-1.0 -1.0 -1.0 -1.0 -1.0 -1.0 -1.0 -1.0 -1.0 -1.0 -1.0 -1.0 -1.0 -1.0 0.0070025820988322135 -1.0 -1.0 -1.0 -1.0 -1.0 -1.0 0.0 0.007524842963363874 0.015457624590799836 0.01879009634827147 0.016795176413289942 0.011913884602642347 0.00956927158462042 0.0 0.0 0.0 0.005092404247074478 0.0 0.0 0.01203994232483667 0.012760705236858003 0.0029957094075952037 0.0030303089588854717 0.0023466476507800218 -1.0 -1.0 -1.0 -1.0 -1.0 -1.0 -1.0 -1.0 -1.0 -1.0 -1.0 -1.0 -1.0 -1.0 -1.0 -1.0 -1.0 -1.0 -1.0 -1.0 -1.0 -1.0 -1.0 -1.0
-1.0 -1.0 -1.0 -1.0 -1.0 -1.0 -1.0 -1.0 -1.0 -1.0 -1.0 -1.0 -1.0 -1.0 -1.0 -1.0 -1.0 -1.0 -1.0 -1.0 -1.0 -1.0 0.0 0.00724313773965111 0.01936613582897755 0.019332073611540386 0.014832983648101546 0.00937929621841106 0.01081548907460446 0.0055236916575992084 0.0 0.007719775203414879 0.007125618904887747 0.009226714180978509 0.009579724755824743 0.013351320498070003 0.005558780694711998 0.001234069041652266 0.0009503298343420905 -1.0 -1.0 -1.0 -1.0 -1.0 -1.0 -1.0 -1.0 -1.0 -1.0 -1.0 -1.0 -1.0 -1.0 -1.0 -1.0 -1.0 -1.0 -1.0 -1.0 -1.0 -1.0 -1.0 -1.0
-1.0 -1.0 -1.0 -1.0 -1.0 -1.0 -1.0 -1.0 -1.0 -1.0 -1.0 -1.0 -1.0 -1.0 -1.0 -1.0 -1.0 -1.0 -1.0 -1.0 0.0 -1.0 0.0003773457884708777 0.0049230797388887726 0.015615422940646296 0.01693334991599736 0.01623779881657041 0.011569771745893782 0.010732126637236536 2.5182078211092894e-08 0.006584137951045614 0.007682120533378146 0.00988474714849667 0.014319863591031603 0.012943261613692051 0.014850364327194996 2.7884612350012877e-08 0.0015916736910179777 0.0015754671786742407 0.0003846663209257014 -1.0 -1.0 -1.0 -1.0 -1.0 -1.0 -1.0 -1.0 -1.0 -1.0 -1.0 -1.0 -1.0 -1.0 -1.0 -1.0 0.0008069203717278609 0.0 0.0 0.0 -1.0 -1.0 -1.0
-1.0 -1.0 -1.0 -1.0 -1.0 -1.0 -1.0 -1.0 -1.0 -1.0 -1.0 -1.0 -1.0 -1.0 -1.0 -1.0 -1.0 -1.0 -1.0 -1.0 -1.0 0.0 -1.0 0.01354353280908018 0.012348909066044375 0.018380200172830714 0.015784301376350254 0.0144658409762563 0.007511826182969613 0.0 0.004014184528315231 0.009547299628908292 0.005474305878333839 0.013692350586171067 0.01958188025066698 0.019564127919214726 0.01301593927986733 0.004367619703825736 0.005331372686688282 0.0006000726469336404 -1.0 -1.0 -1.0 -1.0 -1.0 -1.0 -1.0 -1.0 -1.0 -1.0 -1.0 -1.0 -1.0 0.0002693818907882714 0.00024257969106215282 0.0002921910942520297 0.00033874752613965856 0.0003289546784525961 0.0004811434903522767 0.0006147623550603527 0.0004915897293396477 -1.0 -1.0
-1.0 -1.0 -1.0 -1.0 -1.0 -1.0 -1.0 -1.0 -1.0 -1.0 -1.0 -1.0 -1.0 -1.0 -1.0 -1.0 -1.0 -1.0 -1.0 -1.0 -1.0 -1.0 -1.0 0.012066345205661648 0.016511377482230215 0.014221300747540662 0.012115658547407065 0.0062150789672362405 0.00837896080897864 0.007489236916844789 0.007120611122339675 0.0037564547243618086 0.00689582001561358 0.00979571514709681 0.013433596073902406 0.017646300800771737 0.019992917801749867 0.016290234932285264 0.0071617196592838155 0.003745083476801946 -1.0 -1.0 -1.0 -1.0 -1.0 -1.0 -1.0 -1.0 -1.0 -1.0 -1.0 -1.0 -1.0 0.00035834595279286494 0.0005502455509169419 0.0003247420925378052 0.0004759516495134616 0.00038941493747475184 0.0005062209059045719 0.0005786739339070636 0.0005302103586989917 -1.0 -1.0
-1.0 -1.0 -1.0 -1.0 -1.0 -1.0 -1.0 -1.0 -1.0 -1.0 -1.0 -1.0 -1.0 -1.0 -1.0 -1.0 -1.0 -1.0 -1.0 -1.0 -1.0 -1.0 0.011125806777991508 0.016209817630382976 0.017386711600195236 0.011300448912396583 0.01244821881144804 0.0 0.0 0.007953703205613385 0.008130424426815169 0.0 0.009280579742652914 0.00887494601947473 0.008610375347025058 0.011823025546120573 0.012509932105678707 0.015784639512149926 0.015183318695860504 0.0044564625577084675 0.006946367267016799 -1.0 -1.0 -1.0 -1.0 -1.0 -1.0 -1.0 -1.0 -1.0 -1.0 -1.0 -1.0 0.001029357694873128 0.0019143803214974056 0.0015586639278146015 0.0004865678752179315 0.0004454117775131607 0.0005745158448240203 0.0 0.0 -1.0 -1.0
