Model Version1.4/trunk/output/1999/n_in_ag.asc
ncols 720
nrows 360
xllcorner -180.0
yllcorner -90.0
cellsize 0.5
NODATA_value -9999.0
[rows 140 to 167 of 360, columns 305 to 365 of 720]
-9999.0 -9999.0 -9999.0 -9999.0 -9999.0 -9999.0 -9999.0 -9999.0 -9999.0 -9999.0 -9999.0 -9999.0 -9999.0 -9999.0 -9999.0 -9999.0 -9999.0 -9999.0 -9999.0 -9999.0 -9999.0 -9999.0 486460.1239939808 741106.1411294012 0.0 1611027.2196121903 865571.8166341637 879021.9902298872 1007139.3213974353 743983.0724455588 744111.994257629 743562.7367589059 743886.4543793957 742399.9578479294 743111.1214796549 0.0 0.0 0.0 742625.0508591552 0.0 0.0 0.0 742399.6429707034 0.0 0.0 0.0 0.0 0.0 0.0 0.0 0.0 0.0 0.0 0.0 0.0 0.0 261090.38325458052 262701.7192648491 131247.81023821584 0.0 131117.39255109214
-9999.0 -9999.0 -9999.0 -9999.0 -9999.0 -9999.0 -9999.0 -9999.0 -9999.0 -9999.0 -9999.0 -9999.0 -9999.0 -9999.0 -9999.0 -9999.0 -9999.0 -9999.0 -9999.0 -9999.0 -9999.0 -9999.0 573694.5449097785 743266.2153051544 1610031.9863088052 2235895.5299372994 999273.0096867657 747094.1184103679 746905.1937887964 746354.296951785 746290.6650007898 745678.9591141507 746120.8893189371 745147.5669868101 745275.7172542774 744345.8694727991 744220.7530426793 744912.3660976228 744661.5198273617 744850.5123575836 744409.5411008886 745273.7883668003 745022.6838290296 130779.65963736826 0.0 0.0 0.0 0.0 0.0 0.0 0.0 0.0 0.0 0.0 0.0 0.0 131508.2915265899 131656.75829147216 0.0 0.0 0.0
-9999.0 -9999.0 -9999.0 -9999.0 -9999.0 -9999.0 -9999.0 -9999.0 -9999.0 -9999.0 -9999.0 -9999.0 -9999.0 -9999.0 -9999.0 -9999.0 -9999.0 -9999.0 -9999.0 -9999.0 -9999.0 -9999.0 211372.5349663657 754829.555396059 754517.6276795075 757456.0843266543 757083.0154942008 759395.5936829342 759896.9908114783 758783.6462557178 759159.0963827136 1011500.5957122113 1511138.2566324156 1135995.7319208642 1009609.4252593832 755682.2787662158 755431.6924861236 754334.1602813621 754829.7710294032 755130.98468443 755007.5754137938 755617.2298616596 755433.524655289 266032.61369695136 0.0 0.0 0.0 0.0 0.0 0.0 0.0 0.0 0.0 0.0 0.0 0.0 133532.86100797157 267497.5689352952 133716.02974726044 133553.29674555102 0.0
-9999.0 -9999.0 -9999.0 -9999.0 -9999.0 -9999.0 -9999.0 -9999.0 -9999.0 -9999.0 -9999.0 -9999.0 -9999.0 -9999.0 -9999.0 -9999.0 -9999.0 -9999.0 -9999.0 -9999.0 -9999.0 -9999.0 35620.58447779124 850868.7839081711 756364.4768325059 759476.4983086544 758929.5334388951 1397419.1822165207 761923.6002831429 761314.7677673195 2038013.6372543294 3296495.4231862 1013944.662383704 1011706.0516324028 885924.7570862371 757525.1069966764 758250.2702801034 756363.4386075118 757149.0106371992 757096.4480958369 757397.5665850887 758069.1413924415 757766.8280911521 266546.8999807781 0.0 0.0 0.0 0.0 0.0 0.0 0.0 0.0 0.0 0.0 0.0 0.0 397462.67839918594 604633.222388194 536031.902837678 267688.5124914583 0.0
-9999.0 -9999.0 -9999.0 -9999.0 -9999.0 -9999.0 -9999.0 -9999.0 -9999.0 -9999.0 -9999.0 -9999.0 -9999.0 -9999.0 -9999.0 -9999.0 -9999.0 -9999.0 -9999.0 -9999.0 -9999.0 -9999.0 0.0 2962671.1328440397 1031131.3143385807 1297812.3860279683 2075944.795873479 1693079.3907222778 1432136.9255027664 2346675.677219971 4183007.8990765344 4555658.121442249 2861217.6582192834 2334132.81717884 2463457.207542971 2581510.8829995166 1032618.0680670084 772123.2761313278 772065.9774186318 773583.6528878099 2320159.364471905 775188.8981263876 774706.3482627176 388025.5711333318 0.0 0.0 0.0 0.0 0.0 0.0 684150.4701545363 0.0 0.0 0.0 0.0 0.0 268141.7845290537 268681.316546575 134766.42338095017 135928.86647086617 0.0
-9999.0 -9999.0 -9999.0 -9999.0 336888.0347990426 -9999.0 -9999.0 -9999.0 -9999.0 -9999.0 -9999.0 -9999.0 -9999.0 -9999.0 -9999.0 -9999.0 -9999.0 -9999.0 -9999.0 -9999.0 -9999.0 -9999.0 1423554.032331968 4648828.960320605 4648828.960320605 4681301.316323395 4681301.316323395 4692676.80788158 4697865.256100406 4694437.995905822 4691971.423885189 4692358.266768269 4701853.474997316 4691127.552052818 4678349.283959505 4657685.057412275 2847353.0386485094 2969217.9567984473 2065765.6395480302 3877186.6624454437 4393299.44732032 3369441.515705026 3110169.493653172 1297723.9696159463 0.0 683931.53396776 273535.83172754507 684752.3925798209 1232418.853559428 685778.4279522449 548792.5542455888 0.0 0.0 274602.2169021756 0.0 0.0 0.0 136757.95633138373 0.0 0.0 136429.87753499736
-9999.0 -9999.0 -9999.0 -9999.0 244126.21705642174 118049.26767272521 153998.1144954399 -9999.0 -9999.0 314164.4728103164 -9999.0 -9999.0 -9999.0 -9999.0 -9999.0 -9999.0 -9999.0 -9999.0 -9999.0 -9999.0 -9999.0 -9999.0 4942896.653221639 6619412.187698353 5457801.642018917 4800969.271679569 5002592.689913932 4849828.897508688 4849828.897508688 4846563.562445357 4848454.863297481 4903644.024699399 4822858.8434034 4835327.046662198 4873801.712769754 4803101.457424819 4803740.744302858 4789338.190876187 4788240.517502024 4803222.915043429 4802730.738208131 4817988.079942145 4818143.285889851 4017873.6446577576 2394513.5641072737 3234527.083966062 3094788.709379863 3213895.6077046124 3084986.0467492836 2694435.0397102777 2843480.6149978046 2687536.6072754767 1271176.8115097652 423793.30266013404 141141.56885147814 140703.52539861502 422050.0016479421 700810.1338848706 420547.2870257669 139756.41489356093 420005.5640346428
-9999.0 -9999.0 -9999.0 -9999.0 -9999.0 -9999.0 -9999.0 -9999.0 -9999.0 340697.4009709827 -9999.0 -9999.0 -9999.0 -9999.0 -9999.0 -9999.0 -9999.0 -9999.0 -9999.0 -9999.0 -9999.0 -9999.0 4562028.563042071 4371860.97524264 4735246.816536622 4769232.56952323 5296545.028980028 4416606.934387984 5024070.070049889 5118419.432833988 4859423.595392245 4927338.195046693 4862593.322882087 4839276.930811733 4843557.326679133 4814651.3638387695 4811102.985138292 4805354.523619558 4798633.115739914 4814419.450962089 4816154.266141545 4836774.773486029 4830456.875853177 4833501.03456492 3670680.432278102 2537057.4469402353 3252633.582759532 3569536.474061612 3759391.001418987 3393249.2359712813 3393427.9728994295 3113804.961966242 2124446.1962727816 2405895.649427855 1798345.3373247518 1691090.874872983 2254744.8486578977 2528381.2176283794 1405276.8999348981 1964347.569135608 700854.6937959931
-9999.0 -9999.0 -9999.0 -9999.0 -9999.0 -9999.0 -9999.0 -9999.0 -9999.0 -9999.0 -9999.0 -9999.0 -9999.0 -9999.0 -9999.0 -9999.0 -9999.0 -9999.0 -9999.0 -9999.0 -9999.0 750827.1266575773 6440060.530500965 5848123.422767194 4423453.556734641 6071150.329977258 5971348.400972148 4856870.686672304 4154002.4764676485 5412117.591425925 5178983.696974167 5029893.9650457855 4891018.110164593 5007355.924889375 5006506.464916134 5013437.189727662 4982088.339593228 4985166.179105743 4979673.6039749365 5000508.7330492865 5003065.6519384 5030906.4132211115 5028846.409481988 5032796.005997499 3668001.8694410194 3362948.9509917772 3378291.4892849973 3779856.706054023 3565770.9569625054 3360933.5922883935 3213790.175886078 2776173.163381623 1606669.1127666077 2772368.662726433 3210731.677485366 2760626.2025850527 2903553.3017077455 3479135.9806474824 3045096.3452560413 3056447.2002272536 1455831.8238310365
-9999.0 -9999.0 -9999.0 -9999.0 -9999.0 -9999.0 0.0 736602.3679845773 668306.1433904083 -9999.0 -9999.0 -9999.0 -9999.0 -9999.0 -9999.0 -9999.0 -9999.0 -9999.0 -9999.0 -9999.0 0.0 9100769.557218073 11536201.271681063 3216801.032255274 3158681.2509551523 2960181.9287971742 11229552.269370148 5517642.02540893 5590127.141516957 4586898.584731568 5188988.958095759 4173578.9769383725 3431404.8512402447 3992531.0696015046 3125113.0999041903 3674670.029437162 4381643.006260434 4951394.280268169 4759321.830750473 3454857.670044366 3858811.4292120435 3596711.646454478 2793801.129582467 3383124.490550827 3727696.0231487863 3429879.40461765 2680595.8416426945 3128002.7234726106 3369742.024643871 3367887.793093215 3367888.528224606 3370905.4974293998 3370384.841341079 3422988.191785778 3393678.8943220465 3493892.208281915 3340971.125255863 3778899.51804972 4631809.256427651 3953634.918977569 4989288.164158639
-9999.0 -9999.0 -9999.0 -9999.0 -9999.0 52453.43136243518 137821.97863937588 1156870.1232344783 -9999.0 -9999.0 -9999.0 -9999.0 -9999.0 -9999.0 -9999.0 -9999.0 -9999.0 -9999.0 -9999.0 -9999.0 1607271.913454385 8064631.692418029 2114953.2502465076 1855288.6094231477 2088571.0566859234 3284560.1368136588 3686605.6275505116 3308868.7683988772 3581116.1138320835 4932196.071423067 6887003.95542039 3904308.374812972 3049291.6624762155 3745269.185126893 2762990.9978475156 5274227.87958489 5149379.061721675 5092500.089052924 5005830.723461263 5070343.804405509 4613943.190232627 4687125.680340082 4637958.843315918 3576603.355823201 4333150.924405941 2457515.440795522 4962583.508684697 3837303.479161985 3735156.485756686 3913712.44182759 3565093.8162157303 3501396.6567626903 3075849.2159765866 6314563.872333176 6635341.964793504 4805017.284769221 6686588.090781501 6623316.802755423 5086858.250345061 5051799.7464647135 4618476.525862674
-9999.0 -9999.0 -9999.0 -9999.0 -9999.0 -9999.0 -9999.0 -9999.0 -9999.0 -9999.0 -9999.0 -9999.0 -9999.0 -9999.0 -9999.0 -9999.0 -9999.0 -9999.0 -9999.0 -9999.0 -9999.0 6853588.826205472 2501029.75298796 2131396.21987293 2643476.461725428 5431297.702401385 5052144.5209109085 3574811.9501171773 5601791.558822276 10953694.496856013 9063990.38893701 3604166.564457563 4993585.158601868 4516048.684572679 2764310.1451166174 5003973.025257849 4013383.0734046143 3593844.7903873674 3248430.5157707636 4573281.7359157195 3517069.166130713 3052629.9747802876 2492944.029926722 3618260.9948945185 3528862.6934067523 4587586.163161253 3662025.195979095 4163115.1035775333 4243975.696674294 3511350.77616593 3359202.8590453872 8339610.855700127 14002089.473614324 7906246.498029075 8522204.465374162 10776042.680072742 7157951.409696025 6858962.909207141 6864192.590589347 6482691.319936283 6547135.164128397
-9999.0 -9999.0 -9999.0 -9999.0 -9999.0 -9999.0 -9999.0 -9999.0 -9999.0 -9999.0 -9999.0 -9999.0 -9999.0 -9999.0 -9999.0 -9999.0 -9999.0 -9999.0 -9999.0 -9999.0 -9999.0 812524.4934493019 14039002.563286431 8108542.790895241 13031319.470862862 12097461.484873665 10377688.159533607 10241528.149465315 3916265.345982246 4177383.797495776 3558940.4805631908 3020043.1114866133 3028357.6272332342 4874912.073464161 3314146.557452968 2998910.7098694844 3008727.5821448416 2406781.962716121 5815000.649929817 6742351.594648112 6219773.846112985 2600903.7276286064 5606033.456911157 4700716.902598651 3627648.836484706 3827965.269970294 5590914.37998211 4562856.947421011 4519509.572674092 4327625.48919219 6782836.269961835 6093788.757579871 5503147.300283696 5587133.709374945 6094389.968277208 6743464.764628897 5517833.007941205 7372335.251695611 7117080.256830495 7436208.445749033 7426750.483287331
-9999.0 -9999.0 -9999.0 -9999.0 -9999.0 -9999.0 -9999.0 -9999.0 -9999.0 -9999.0 -9999.0 -9999.0 -9999.0 -9999.0 -9999.0 -9999.0 -9999.0 -9999.0 -9999.0 -9999.0 -9999.0 8541266.534713022 16485333.51400081 9663246.294811921 4269015.473107304 4037673.1206385773 11762201.464714408 4338598.738460742 3307793.3003142844 2536344.4844849273 2822417.5659770584 3385243.4213161347 3352178.752132659 3483461.614504521 3004669.3549390812 3598689.1946439454 3914342.457747638 3538586.8918044697 5416962.518052881 5404722.600230971 4118706.0271695163 7540461.303151512 6118443.376413345 2583145.3056566445 7164716.37772706 7155236.604148786 5432899.81713079 13686274.09290736 13917229.598133925 3305925.5913920137 4900149.704659208 5950255.170079667 6171139.821589837 4312728.107839108 5608735.293510865 2181959.084334252 2960833.2782948166 6776956.930151918 7375058.856785407 7328395.750120581 7569917.964616997
-9999.0 -9999.0 -9999.0 -9999.0 -9999.0 -9999.0 -9999.0 -9999.0 -9999.0 -9999.0 -9999.0 -9999.0 -9999.0 -9999.0 -9999.0 -9999.0 -9999.0 -9999.0 -9999.0 -9999.0 -9999.0 1183903.5136553515 2848697.433924318 3968669.99608811 3510838.9626157316 3508360.6499192114 3649671.8061239053 4150605.598058059 2178070.62592072 2611201.4067409495 3161073.777252901 2593624.6430899994 3308847.2518578633 3605448.4697168507 3425231.7601294983 3707340.6345764333 3517617.538281169 3529414.616546588 4241779.749851486 3981008.8714748966 5823854.300819736 6955087.656575568 6404667.116376117 7889377.848983193 7649023.638769096 6808234.747069523 5094804.453496311 6073398.317854702 13743967.376415808 4231467.847606694 11223143.023188453 5066120.602219126 11820699.22002145 4202077.448161855 4998542.783129804 4226100.916165306 3133899.917437593 6781411.747621445 5973181.139523652 7657785.979736403 8013676.689040209
-9999.0 -9999.0 -9999.0 -9999.0 -9999.0 -9999.0 -9999.0 -9999.0 -9999.0 -9999.0 -9999.0 -9999.0 -9999.0 -9999.0 -9999.0 -9999.0 -9999.0 -9999.0 -9999.0 -9999.0 -9999.0 2409995.183056272 3351306.367532913 5927177.139319108 6459609.196286695 5628896.352877701 6585136.754394924 4598904.25110266 3880088.949891323 2934825.243018468 2805235.201293672 3651550.09760907 3312153.594528553 3446648.505786685 3469528.8637505225 3635528.2564780875 3960959.46255015 3542086.4375506146 4323024.867521023 6800892.131465155 6120775.748142371 6155950.9144761665 6103633.314247118 6263488.560792223 6720392.966583344 6240492.230332565 4751506.578271975 4642214.770122545 11809185.35723531 14079678.232627975 13456779.927827084 2567869.379156867 4633317.996822935 14779327.153355703 10780500.04101803 5611502.891993313 4767240.139651061 4561243.02645884 6754549.139533797 1475592.0775458564 2996619.3575366694
-9999.0 -9999.0 -9999.0 -9999.0 -9999.0 -9999.0 -9999.0 -9999.0 -9999.0 -9999.0 -9999.0 -9999.0 -9999.0 -9999.0 -9999.0 -9999.0 -9999.0 -9999.0 -9999.0 -9999.0 -9999.0 -9999.0 1212300.3759416924 1988640.0422635428 2937006.013356261 6657705.9149226155 4196237.805948758 2967423.1958134463 3035909.5509091476 2878693.410292327 4441027.155871948 3812449.326269656 3685291.3046771213 3906936.375093196 4358790.742705468 4224255.613091136 4758995.183216678 4281020.795971003 5858356.242690017 6183844.31773754 5693019.64207279 6019894.150155729 6285272.413836495 6612404.96758946 5481495.6738863485 5434946.39500567 10467129.310408488 14400099.288328767 5815315.060517382 11929133.46788456 3711132.3649504753 4154571.640386633 4385798.483316465 9668495.405562026 14191320.636632536 4800742.042504362 4106693.3524068487 4046612.2532841926 4850999.158812275 1319719.1599790046 640908.5152634359
-9999.0 -9999.0 -9999.0 -9999.0 -9999.0 -9999.0 -9999.0 -9999.0 -9999.0 -9999.0 -9999.0 -9999.0 -9999.0 -9999.0 -9999.0 -9999.0 -9999.0 -9999.0 -9999.0 -9999.0 -9999.0 -9999.0 895174.9801262498 219220.90470151385 2533298.198152661 4992046.805972549 4058117.8145364253 2274009.5956829465 2481119.699373407 2697765.8806690928 4713340.144087754 3871356.3157206443 4323097.346022354 3889271.6236188263 4416522.789195219 4425228.97417864 4619728.476634469 6468801.231020098 4868288.555133206 5979740.081005301 5981342.439788669 6836498.394066804 6512573.765025029 6314147.146502612 13903648.401251586 15067847.804751404 10931410.104600351 5936502.9781446485 5325821.212363229 6010907.299717921 2583664.2767185685 1748022.2656017165 3523496.9096376044 14379125.628900731 13111361.540752549 4547054.179311449 3848157.4034512835 3359378.712283874 2571728.200020676 8604617.60604623 3818962.1807695488
-9999.0 -9999.0 -9999.0 -9999.0 -9999.0 -9999.0 -9999.0 -9999.0 -9999.0 -9999.0 -9999.0 -9999.0 -9999.0 -9999.0 -9999.0 -9999.0 -9999.0 -9999.0 -9999.0 -9999.0 -9999.0 -9999.0 -9999.0 -9999.0 300178.9498814357 1357770.2304089372 2709103.981562761 2237207.98543626 2639752.885912769 2878515.0309555624 4470717.4269345 3748209.5002638632 4223683.410675315 4121450.5975178224 4017817.9175218637 4298111.326638758 4840459.90229809 4627213.441373928 3639417.5856156903 3079573.4906531596 3364653.6260672812 5031315.836194598 6376601.000361434 7017146.092708394 4873192.186762408 3834209.0657486813 4292193.644268775 4195123.573475487 4376360.351963435 5118720.763864941 4076401.5604804168 3589638.5933822393 5532511.833474442 5300975.920441166 5216656.112190073 7455431.950891466 6285944.514901747 2300810.2707394543 1403970.334423261 2335690.163790582 5494565.215287471
-9999.0 -9999.0 -9999.0 -9999.0 -9999.0 -9999.0 -9999.0 -9999.0 -9999.0 -9999.0 -9999.0 -9999.0 -9999.0 -9999.0 -9999.0 -9999.0 -9999.0 -9999.0 -9999.0 -9999.0 -9999.0 -9999.0 -9999.0 -9999.0 -9999.0 15119.397056049143 1664278.8854068501 5910087.542455518 4706732.7584149605 2963736.822037288 2984638.9741981914 4463277.955521985 4611821.628275393 3627487.0281886817 3658791.229962346 3848007.3558253334 4256832.8511380525 3249173.9922800483 2469498.9911309797 2376315.8513223026 2379326.2312372895 3971696.7717767786 5077402.670882823 5026810.588946038 4184867.1504851524 4897509.545517899 3844611.607687538 3105964.790956143 3699813.6564180413 4342100.176330039 3865447.9936845666 2834097.452932344 3858147.4714965513 4339404.81041395 4075330.6172692096 4774632.597195168 5020901.825811726 2920188.9220940634 1364326.4517343948 1738213.6311587442 2481353.5266531864
-9999.0 -9999.0 -9999.0 -9999.0 -9999.0 -9999.0 -9999.0 -9999.0 -9999.0 -9999.0 -9999.0 -9999.0 -9999.0 -9999.0 -9999.0 -9999.0 -9999.0 -9999.0 -9999.0 -9999.0 -9999.0 -9999.0 -9999.0 -9999.0 -9999.0 -9999.0 -9999.0 2110515.7851482993 2937850.6124917073 2534917.3463201937 1976083.3874138747 2080123.879159465 2282092.042378186 3969664.6044656294 3940504.6092946185 2957089.815927974 2567153.30638076 786891.7003279472 1775611.3869222999 2914864.85263029 2445848.836612883 3118922.9929504897 4222527.31043084 4504562.777297946 4900081.280771303 2164125.2939181365 5344460.254038716 2485847.6299337186 3095507.06764356 3553527.1075327396 3401804.9506894113 2436609.83616713 3557988.215567212 4114877.956699569 3424134.989994084 4822474.601657706 6370355.587329701 4845884.273336029 1390818.862633266 1122600.166268062 726513.7719939444
-9999.0 -9999.0 -9999.0 -9999.0 -9999.0 -9999.0 -9999.0 -9999.0 -9999.0 -9999.0 -9999.0 -9999.0 -9999.0 -9999.0 -9999.0 -9999.0 -9999.0 -9999.0 -9999.0 -9999.0 -9999.0 -9999.0 -9999.0 -9999.0 -9999.0 -9999.0 -9999.0 -9999.0 1876149.5411205813 3853003.964682072 1278659.721855224 2174018.853119162 2367033.95174984 2501604.4561207825 3207548.339679435 2792291.385142773 2152021.8784481823 964793.2217777736 1752075.2226704843 1990976.6231127693 2458203.7755004037 2314819.1921588564 3112796.7835527384 4270677.520005204 3629291.664884139 2889414.9744806318 1862004.7306953687 0.0 2329507.0984611977 2746708.9358126507 3018026.054262687 2770716.367951354 3772467.858739649 3913248.957473862 4018063.1895419876 4738266.0907738 3083948.3690623525 4831057.175226677 676483.1648138732 665889.5667323087 1258832.795307553
-9999.0 -9999.0 -9999.0 -9999.0 -9999.0 -9999.0 -9999.0 -9999.0 -9999.0 -9999.0 -9999.0 -9999.0 -9999.0 -9999.0 -9999.0 -9999.0 -9999.0 -9999.0 -9999.0 -9999.0 -9999.0 -9999.0 -9999.0 -9999.0 -9999.0 -9999.0 -9999.0 -9999.0 1756183.454652225 4443525.320912688 2437090.2784774154 2482790.2145868493 2853237.241244546 2843724.758021013 5896464.026212053 4658383.978351436 3135020.8737862953 1594628.6362910322 2694645.351006029 2508338.091807646 2568245.396126306 2530110.9443861507 2737780.307344293 3287088.6746818293 2902291.1905019865 2363647.8033566643 2657101.4435713696 1103761.3668044 2363259.7361859377 2514249.0219982937 3189412.8512400985 3215678.5219833963 4018992.080721796 3407767.209187221 4325697.113014593 3740526.7875772147 2617567.16221332 4742315.609622085 2396617.857460473 697848.2522628852 8624227.172156159
-9999.0 -9999.0 -9999.0 -9999.0 -9999.0 -9999.0 -9999.0 -9999.0 -9999.0 -9999.0 -9999.0 -9999.0 -9999.0 -9999.0 -9999.0 -9999.0 -9999.0 -9999.0 -9999.0 -9999.0 -9999.0 -9999.0 -9999.0 -9999.0 -9999.0 -9999.0 -9999.0 -9999.0 499751.2944329317 2249134.9939834913 4149326.2209503786 3501246.0978564187 2309613.0991912 4051867.415421975 1542904.2230862195 1145655.0234221476 2820774.1909973393 2993433.5321616223 4706817.164960967 2565063.4754216187 2789421.757399905 2533948.9847607957 2543404.9257296734 3002920.080358619 3471367.077011062 2536308.735885063 3511517.011341093 3009129.712122026 3494472.2800576147 3198450.6704654926 3301750.752564279 4938558.504343595 3314030.6485824864 3519255.125149755 3803415.7411080725 3715191.1527919844 3002545.3808125425 5515006.290603167 3206250.645468157 2585362.6039476963 7137246.094820384
-9999.0 -9999.0 -9999.0 -9999.0 -9999.0 -9999.0 -9999.0 -9999.0 -9999.0 -9999.0 -9999.0 -9999.0 -9999.0 -9999.0 -9999.0 -9999.0 -9999.0 -9999.0 -9999.0 -9999.0 -9999.0 -9999.0 -9999.0 -9999.0 -9999.0 -9999.0 -9999.0 -9999.0 -9999.0 1268103.3323859724 3931540.476790332 4656938.175177932 4290198.595004018 2778461.614283483 1161127.8807644052 698634.467588701 2647823.3201705986 6441514.351766575 2263025.6020683465 2739523.6680540643 2707943.419547088 3810447.7691429676 2855647.707868859 3621232.476676016 4594268.939107681 3192065.7825223487 3507386.938665631 4294751.689573593 4846827.624494723 5540834.455786156 4855320.538419543 4161410.099089075 4095320.887479472 3719984.1451400043 3107924.037514029 1819972.5224868008 2933983.3326505744 6175447.034430387 3671074.3041192507 2879103.311546711 8977770.114941617
-9999.0 -9999.0 -9999.0 -9999.0 -9999.0 -9999.0 -9999.0 -9999.0 -9999.0 -9999.0 -9999.0 -9999.0 -9999.0 -9999.0 -9999.0 -9999.0 -9999.0 -9999.0 -9999.0 -9999.0 -9999.0 -9999.0 -9999.0 -9999.0 -9999.0 -9999.0 -9999.0 -9999.0 -9999.0 -9999.0 1573642.5673970163 3203307.297427583 1980645.4387789285 697385.8137234077 831878.6718892003 853384.7953621874 3050796.266842261 1414971.0346365687 2345809.334491033 3777064.92031896 3563600.926273328 3640338.4135967446 4628381.939581776 3227039.8640054716 4379945.354636812 3896135.0391735965 4148684.248929309 4021586.3555404367 3598341.3325708876 4970666.863261316 5893210.6590759335 5517876.339024741 4868079.350388063 3094112.1243051747 4032365.106828088 2016665.1346451838 5257529.005498528 6612928.671817641 7888557.7973686755 7822725.533307384 11819324.977865715
-9999.0 -9999.0 -9999.0 -9999.0 -9999.0 -9999.0 -9999.0 -9999.0 -9999.0 -9999.0 -9999.0 -9999.0 -9999.0 -9999.0 -9999.0 -9999.0 -9999.0 -9999.0 -9999.0 -9999.0 -9999.0 -9999.0 -9999.0 -9999.0 -9999.0 -9999.0 -9999.0 -9999.0 -9999.0 -9999.0 -9999.0 0.0 818645.7552363575 2997807.810039369 3469845.1181832743 1402995.1848591885 1397353.9703234865 1276180.0238852291 2999568.502054454 2979423.653758917 3781359.7501131934 4059134.856026438 4378697.838225077 4784861.294340287 5112045.609061886 4591207.329712848 4109719.9852607613 4619685.376959084 3657931.560449091 2568840.4433644325 3292538.229509882 5782705.461337015 5289500.5996306185 4257316.510040646 2957649.3929088954 3722506.046097136 8128769.954624335 7558680.853000058 10267248.371961463 14105055.031910265 14871542.76560661
-9999.0 -9999.0 -9999.0 -9999.0 -9999.0 -9999.0 -9999.0 -9999.0 -9999.0 -9999.0 -9999.0 -9999.0 -9999.0 -9999.0 -9999.0 -9999.0 -9999.0 -9999.0 -9999.0 -9999.0 -9999.0 -9999.0 -9999.0 -9999.0 -9999.0 -9999.0 -9999.0 -9999.0 -9999.0 -9999.0 -9999.0 -9999.0 -9999.0 1075981.0699904612 2794626.798322116 1265454.346417617 1257665.902557891 917236.2075904032 1059199.8939131978 1897647.455763524 2564854.5119967265 4497899.8885157695 4878560.775272331 5419715.051093212 4571375.266770214 4934781.59728277 4164857.795932341 4619411.283791114 3889174.4467147896 2785774.4922334524 2987528.4646105804 4890838.306428949 4557931.446179731 5497901.495781543 5168747.114028417 3387964.374951358 6658811.456746173 5535028.0492325 3067292.0283866883 3825937.7371052895 2216845.5793939508
