Model Version1.4/trunk/output/1999/n_in_agri.asc
ncols 720
nrows 360
xllcorner -180.0
yllcorner -90.0
cellsize 0.5
NODATA_value -9999.0
[rows 135 to 161 of 360, columns 366 to 426 of 720]
0.0 0.0 0.0 0.0 0.0 0.0 0.0 0.0 0.0 0.0 0.0 0.0 0.0 0.0 0.0 0.0 0.0 0.0 0.0 0.0 0.0 0.0 0.0 0.0 0.0 0.0 0.0 0.0 0.0 0.0 0.0 -0.3522037483926397 -0.5031743579311296 0.0 0.0 0.0 0.0 0.0 0.0 0.0 0.0 0.0 0.0 -0.04955448830150999 0.0 0.0 0.0 0.0 0.0 0.0 0.0 0.0 0.0 0.0 0.0 0.0 0.0 0.0 0.0 0.0 0.0
0.0 0.0001220653357449919 0.0001220653357449919 0.0 0.0 0.0 0.04986557079246268 0.0 0.0 0.0 0.0 0.0 0.0 0.0 0.0 0.0 0.0 0.0 0.0 0.0 0.0 0.0 0.0 0.0 0.0 0.0 0.0 0.0 0.0 0.0 0.0 0.0 0.40087876134202816 0.0 0.0 0.0 0.0 0.0 0.0 0.0 0.0 0.0 0.0 0.0 0.0 0.0 0.0 0.0 0.0 0.0 0.0 0.0 0.0 0.0 0.0 0.0 0.0 0.0 0.0 0.0 0.0
0.0 0.0 0.0 0.0 0.0008972833311418071 -0.05065302072762279 0.0 -0.05065302072762279 0.0 0.0 0.0 0.0 0.0 0.0 0.0 0.0 0.0 0.0 0.0 0.0 0.0 0.0 0.0 0.0 0.0 0.0 0.0 0.0 0.0 0.0 0.0 0.0 0.0 0.0 0.0 0.0 0.0 0.0 0.0 0.0 0.0 0.0 0.0 0.0 0.0 0.0 0.0 0.0 0.0 0.0 0.0 0.0 0.0 0.0 0.0 0.0 0.0 0.0 0.0 0.0 0.0
0.0 -0.050073142439941876 0.0490107933874242 -0.002709812280954793 0.4498292016069172 0.49566667490580585 -0.000964289232797455 -0.050073142439941876 0.0 0.0 0.0 0.0 0.0 0.0 0.0 0.0 0.0 0.0 0.0 0.0 0.0 0.0 0.0 0.0 0.0 0.0 0.0 0.0 0.0 0.0 0.0 0.0 0.0 0.0 0.0 0.0 0.0 0.0 0.0 0.0 0.0 0.0 0.0 -0.003369035854120739 0.0 0.0 0.0 0.0 0.0 0.0 0.0 0.0 0.0 0.0 16316.410531954069 0.0 0.0 0.0 0.0 0.0 0.0
-0.0013184893177822232 0.0 -0.04814460283523658 0.0 -0.0006592446588911116 0.4541013542620931 0.0008727667591301724 0.0003478088983683847 0.0 0.0 0.0 0.0 0.0 0.0 0.0 0.0 0.0 0.0 0.0 0.0 0.0 0.0 0.0 0.0 0.0 0.0 0.0 0.0 0.0 0.0 0.0 0.0 0.0 0.0 0.0 0.0 0.0 0.0 0.0 0.0 0.0 0.0003478088983683847 0.0 0.0 0.0 0.0 0.0 0.0 0.0 0.0 0.0 0.0 0.0 0.0 281.1171873017828 1691.6923878519046 0.0 0.0 0.0 0.0 0.0
-0.45123339080601 -0.30435195652535185 -0.4448549165390432 0.44387728336732835 0.30181840219302103 -0.04722910541750025 0.0 0.0 0.0 0.0 0.0 0.0 0.0 0.0 0.0 0.0 0.0 0.0 0.0 0.0 0.0 0.0 0.0 0.0 0.0 0.0 0.0 0.0 0.0 0.0 0.0 0.0 0.0 0.0 0.0 0.0 0.0 0.0 0.0 0.0 0.0 0.0 0.0 0.0 0.0 0.0 0.0 0.0 0.0 0.0 0.0 0.0 0.0 0.0 175407.7560027428 10972.289386600414 0.0 0.0 0.0 0.0 11342.486042988989
0.4002681327110622 -0.4975587889784947 -0.24813855469983537 -0.04940799022006104 0.0 0.0 0.0 0.0 0.0 0.0 0.0 0.0 0.0 0.0 0.0 0.0 0.0 0.0 0.0 0.0 0.0 0.0 0.0 0.0 0.0 0.0 0.0 0.0 0.0 0.0 0.0 0.0 0.0 0.0 0.0 0.0 0.0 0.0 0.0 -0.3999932875158265 0.0010864359210245311 0.0 0.0 0.0 0.0 0.0 0.0 0.0 0.0 0.0 0.0 0.0 0.0 0.0 159426.88011089404 138339.22922178413 0.0 0.0 0.0 0.0 18152.307150432003
0.0 0.0 0.0 0.0 0.0 0.0 0.0 0.0 3329.9197639860354 0.0005186774506000802 0.0 0.0 0.0 0.0 0.0 0.0 0.0 0.0 0.0 0.0 0.0 0.0 0.0 0.0 0.0 0.0 0.0 0.0 0.0 0.0 0.0 0.0 0.0 0.0 0.0 0.0 0.0 0.0 -0.0008545655146008357 -0.05042735593451653 0.44616677539306693 0.0 0.00043941686453763396 7.926059333840385e-05 -0.050689774441707414 0.0015380783006548882 0.0 0.0 0.0 0.0 0.0 0.0 0.0 0.0 0.0 41257.54476604214 0.0 18304.53244248906 5225.987950067267 0.0 0.0
0.0 0.0 0.0 0.0 0.0 0.0 0.0 0.0 0.0007690890124649741 1001.15494710443 0.0 0.0 0.0 0.0 0.0 0.0 0.0 0.0 0.0 0.0 0.0 0.0 0.0 0.0 0.0 0.0 0.0 0.0 0.0 0.0 0.0 0.0 0.0 0.0 0.0 0.0 0.0 0.0 0.0 0.0008545724413124844 0.0004272862206562422 0.0 0.0 0.0 0.0 0.0 0.0 0.0 0.0 0.0 0.0 0.0 0.0 0.0 0.0 130185.56069742856 38865.06871643479 80389.49771265838 0.0 0.0 0.0
0.0 0.0 0.0 0.0 0.0 0.0 -0.04949335064156912 0.0009277499630115926 -0.39538531965808943 12474.080976457126 0.0 0.0 0.0 0.0 0.0 0.0 0.0 0.0 0.0 0.0 0.0 0.0 0.0 0.0 0.0 0.0 0.0 0.0 0.0 0.0 0.0 0.0 0.0 0.0 0.0 0.0 0.0 0.0 0.0 0.0 0.0 0.0 0.0 0.0 0.0 0.0 0.0 0.0 0.0 0.0 0.0 0.0 0.0 0.0 0.0 0.0 11394.989482005329 0.0 0.0 0.048681676511478145 -0.049328563538438175
0.0 0.0 0.0 0.0 0.0 0.304657016065903 0.10156314598862082 2031.7182779696752 -0.2454216445912607 6089.041532586302 1013.8485401195683 0.0 0.0 0.0 0.0 0.0 0.0 0.0 0.0 0.0 0.0 0.0 0.0 0.0 0.0 0.0 0.0 0.0 0.0 0.0 0.0 0.0 0.0 0.0 0.0 -0.05164794273878215 0.0 0.0013244794099591672 0.3986819721176289 -0.35305816697655246 0.0017883006657939404 0.0 0.0 0.0 0.0 0.0 0.0 0.0 -0.05164794273878215 0.0 0.0 0.0 0.0 0.0 0.0 0.4495857752626762 0.0 0.0 0.0 0.0 0.0013244794099591672
-0.04843761504162103 0.0 0.14861984679009765 0.4503474802477285 0.20010269025806338 -0.2533273274311796 2749.5156285312173 8023.257908304955 0.2493282605719287 17541.905489198216 -0.04985360435966868 0.0 0.0 0.0 0.0 0.0 0.0 0.0 0.0 0.0 0.0 0.0 0.0 0.0 0.0 0.0 0.0 0.0 0.0 0.0 0.0 0.0 0.0 0.0 0.0 -0.048669511612388305 -0.2991029226104729 -0.3513193165708799 -3.102468326687813e-07 -0.2524723415845074 0.0 0.0 0.0 0.0 0.0 0.0 0.0 0.0 0.0 0.0 0.0 0.0 0.0 0.0 0.0 -0.10025105252861977 0.00029892713064327836 -0.0009217204205924645 -0.050006107449007686 63929.35064139464 161982.4512905231
0.30709756712894887 -0.3937378543196246 -3.387603912851773 3.458556425757706 0.31094307731837034 0.11306691262871027 -0.08966102916747332 -0.44363406667253 2059.4815176003835 -0.1443479144363664 0.0 0.051269554780446924 0.0 0.0 0.0 0.0 0.0 0.0 0.0 0.0 0.0 0.0 0.0 0.0 0.0 0.0 0.0 0.0 0.0 0.0 0.0 0.0 0.0 -0.14620935340644792 -0.540803014242556 -0.38977028417866677 -0.08514478441793472 -0.19275015546008945 0.1526489428943023 0.3507384459953755 0.0 0.0 0.0 0.051269554780446924 -0.04907836356869666 0.0 0.4515990102372598 0.0 0.0 0.0 0.0 0.051269554780446924 -0.04841316969395848 0.0 0.051269554780446924 -0.05020147280447418 0.051269554780446924 -0.0008056688675424084 -0.05020147280447418 158372.14992772846 0.3085930700181052
-0.4001158783212304 -2.5021375173237175 -4.848327889339998 -0.24594185256864876 2.9533374132588506 -0.7002259199507535 0.35180547542404383 0.24679439689498395 17839.71679191722 0.2511593238450587 0.20016400353051722 -0.45324787544086576 -0.20223940405412577 0.0 0.0 0.0 0.0 0.0 0.0 0.0 0.0 0.0 0.0 0.0 0.0 0.0 0.0 0.0 0.0 0.0 0.09893798145640176 -0.40338118036743253 -0.0005492609343491495 -0.35046411969233304 -0.044556907494552433 -0.10839844984002411 3.8967884166631848 0.5024707873817533 0.09921155113261193 -0.10604849876835942 0.24459807260427624 0.0011588205234147608 -0.0007324562902795151 0.0015990208339644596 0.0 -0.0003295622591394931 -0.4020996118779294 -0.3012085333757568 -0.0006592732534045354 0.0 0.0 0.0016296624526148662 -0.0004028940384159796 0.0016296624526148662 -0.0003295622591394931 -0.0007324562902795151 0.19860827043885365 -0.0003295622591394931 72074.78777463901 561919.8621808593 0.2475892084185034
-3.970644336892292 -4.619142026640475 -0.36282518808729947 0.28451345418579876 -1.317445051856339 3.7348915096372366 4.534147005993873 3.9347828160971403 741.038756222672 3.2864359591621906 -0.06994832726195455 -0.2655346452957019 -0.25900428160093725 0.2974244289798662 -0.20510839705821127 0.19076443673111498 0.29766810053843074 0.045715248910710216 0.14764380242559128 -0.000988873107417021 -0.050378451371216215 0.04863267553446349 -0.10296647019276861 0.19604510403587483 -0.10296647019276861 -0.0021912686352152377 -0.40353459323523566 -0.407623968902044 -0.20617780019529164 -0.057648761838208884 0.4439691748120822 -0.31216548243537545 -0.4109815319534391 -0.2616891413927078 -2.5161765068769455 -0.9194964780472219 -1.3177503105252981 -4.0165726114064455 -0.06744564650580287 1.469268725020811 145923.6730999198 280725.25470320747 274658.64180187904 0.29528700845548883 -0.0015748476143926382 0.09765580293606035 0.29415820800932124 0.39675807440653443 0.048516741568164434 -0.0012023955350741744 -0.000988873107417021 0.3982542241574265 0.4974362792709144 0.1947011830052361 -0.4033198779216036 -0.3532716284680646 -0.20587184248142876 0.34844945049553644 266756.62507715164 12903572.457635116 1215639.805576271
-2.8926078896038234 3.9559936416335404 4247.65000619238 11633.913420128913 53839.64716588735 125311.96817806628 3737.452635367482 1.5513621389400214 51016.457653390135 127905.7824584786 321183.9381696239 182975.09697283673 0.2503670630976558 -0.09793085418641567 0.10208182199858129 -0.10192793502938002 0.1006159617099911 -0.39889486343599856 -0.2470090283313766 -0.2996830268530175 -0.05160529783461243 -0.20046969538088888 3.2035829400410876 1.978912687394768 -1.6465758075937629 -2.8982546138577163 0.05194189492613077 0.1515510914614424 0.3496089018881321 0.05368018848821521 -2.7468876417260617 -0.04547149897553027 0.45120195485651493 4.057007629657164 133298.40405745726 -1.0504143401049078 -4.926146182231605 2.4055481227114797 82096.21312713275 235585.67492027435 554087.0832647113 536664.861195796 160211.46369569577 183104.5934420187 141146.99651060285 -0.2487488166661933 -0.39700376393739134 0.2533570956729818 0.3988952431245707 -0.45129320287378505 0.048034475767053664 -0.05081164266448468 0.09927430818788707 -0.44387832994107157 0.14947558951098472 0.09628359490307048 -0.2004396931733936 -0.10122636193409562 770467.7213181236 9600711.068069126 12066119.5842247
-2.297209999989718 384260.2168940873 407495.3394301025 1017320.9719744768 59000.166844051695 913436.5559604602 811244.5136763863 615136.1704982942 -2.5177019657567143 843692.174674129 306921.0238511988 1272059.9951510003 403316.0244279098 50485.671220479766 0.4279774271417409 -2.0587178799323738 0.38409241545014083 -0.2666632158216089 -0.06683433870784938 -2.7598582026548684 -0.003874919144436717 0.4240717302309349 -1.248777313856408 3.956147695891559 1548.5869689654382 -2.9687521550804377 0.881040463456884 -1.2661766412202269 -1.6212477274239063 -2.623292949516326 2.7325421585701406 -4.621888327412307 -2.2718829326331615 -3.0671717214863747 289618.92569852044 3593.5999270899083 245674.19539379288 -2.4121088972315192 39434.96034008522 428487.47100924695 126738.62469719775 176466.92504762695 7085.313482820873 347121.7365673622 249186.86620217699 32950.7569799094 0.4439076934941113 141757.89363247465 326361.8224586414 284393.1136550371 185464.42431707363 133212.52968197133 187823.9771119001 563196.6599159339 -2.3796057598665357 -0.3499758841935545 -0.35296716599259526 418528.13669366855 1196548.2611840612 11669187.585347872 12115841.54850825
889710.8791980941 881278.2083727655 285819.34109123383 200647.84098858578 487198.2706945827 491481.5877065555 995621.3882093604 1261902.086250686 1410995.2283151704 1353194.975138049 1261894.542901882 21211.116561140738 419173.49887350976 617548.539066833 240453.33928736497 103356.05062496787 1.629944597138092 1.5957653759978712 102648.39764930707 -5.0669846795499325 32909.62372888561 -9999.0 3568.663234974304 110852.01025319079 85004.16896667634 1249.7281998911064 2980.9822757179804 3.0014026348944753 -3.212583764689043 -4.2219523610547185 257327.20047512214 -4.6745297813322395 4.974519510753453 348087.399700199 28406.09928980976 82548.77390754163 251636.775670968 270320.00058353815 9065861.16314895 586497.4696988749 770309.5021403866 205577.9105936798 9986457.750846572 326425.9349574926 147644.38628678868 188557.45264037815 257597.6454722927 -4.740294897696003 190369.0925214765 337264.3876088429 558834.0239289165 681692.4770571013 35236.284399945405 442177.3902841766 815390.2178369983 2.261505346512422 -1.3529988061636686 825754.9504547648 1302348.712724344 14081673.627234817 1639373.9248712459
1978176.6170796964 1927561.7507061677 1209536.5830264986 5687991.040288462 1237868.6236848254 974865.2568856843 1087274.287387893 2072864.9920596976 2778619.8862207327 1401386.960197557 1942875.2759474865 1357109.1166278315 1059824.405809169 1703323.2732836418 402616.9828104178 -4.725338905816898 387754.62112747197 258608.76854378285 688680.0142847977 557740.7697516597 100264.66969855526 153427.4320113927 -9999.0 -9999.0 179286.33355425013 327202.0814010997 136578.52027830508 3.8957226714119315 4.5703118848614395 0.8428956582210958 -2.280881095677614 108086.18888791448 110684.12946546933 4622.022193495381 12026.400427083794 37000.826261718554 408980.916267661 7765573.397541288 11630943.679601435 11039105.252318745 11154313.441916127 10405903.395014364 9248349.460657863 127393.7116915423 365304.42559658515 244894.25098965244 66784.91537866867 70472.1191372106 48587.556086337194 200974.46208514302 169847.63237056247 640970.058600874 200356.31037243776 188349.1676811321 686338.4046751929 291963.834859273 799804.3714955145 718527.4482349202 226663.6044757522 1680014.1871554698 12492089.714633636
2561673.8339085057 2857829.0765253077 2100436.6830890877 8294674.510138461 7787631.901883444 7356700.741211843 7181221.906119149 7624564.39080333 8204015.685179511 6407155.594461888 7197223.9851773735 1405834.260084641 1642364.0835276633 1338219.1181844817 942719.4682837448 1017076.8546471522 862956.9576093644 728841.5886864932 114542.00481059332 -0.1702887392602861 651360.0281852758 336734.2743189345 191695.4085146045 127323.32996933581 176834.75107400605 140927.9191220859 1307.6988012665038 144571.90469289455 238142.48915573864 134773.60642400174 486901.4357662287 106244.3151679132 445352.171912036 366885.16516578913 487017.12502412667 519063.0323730471 463871.6814829722 502332.4799627831 10865936.940612305 8836757.819888808 7722217.108916764 10097834.48668767 10217596.291576933 -0.3790273000486195 281925.726197303 416501.4134049113 75353.64811459661 332004.8234980566 432021.16230470664 553709.9433879592 635303.9609617254 366642.13460953475 704493.8032001677 412681.7612530468 343868.1245631135 1125704.139486316 11253347.06544716 11764117.648494368 166942.3301567784 605504.6408615189 8044942.732452736
50984523.6168155 2222133.159382886 1690047.7113144528 8093533.932047509 7751386.777513163 8813122.577785932 8635852.340857856 7370658.18930801 7155189.720087128 6775491.965059461 7105668.491752418 6167852.148081418 6018172.174534062 1627463.8233396464 1492071.5326651572 1159453.9072955924 839223.4477920574 883517.6383570898 7908244.438426453 500071.8724174727 760143.8211422815 770277.6936562755 421945.1240974269 393029.0657502837 171715.69795730463 178866.28824892075 174788.98032798473 119495.80033270549 8044916.152508935 7676698.039810519 487602.7310110641 9154783.748316556 715397.971426805 950030.7257383508 242683.9744280522 793761.2446783559 378826.90442040237 637350.0235129939 8717634.225433227 12404152.837930659 10957317.226330927 10866383.113524042 11282387.495726421 39462.569685732946 405475.81625142094 376726.96896404633 180174.5006708124 780444.0635595648 874848.1753300591 1380535.9084374672 782056.080287749 506517.2914833805 1273019.753451828 1439215.6757985118 11462064.037670907 1249844.8779034296 12208138.34424225 1693506.8885167735 457130.85706712893 200284.42445973156 2340824.82066522
8243781.519493725 6753097.294053942 8128728.2443100745 7327214.073234021 8548187.797726955 9333267.138571113 8124271.175716616 8647806.179310557 7332805.889661765 6989587.1357299555 6513953.355646353 6465508.562515628 6848916.95715911 7268487.607207034 7032718.570387384 5823473.04278774 5252917.015492447 4094949.091222156 3462882.718071536 4174204.4070345764 874087.5911657034 942008.5279413105 1016173.0614375249 507132.7467722947 502563.9762729625 671065.9999871172 11124220.704980455 10468679.466498548 9978139.757436205 1287054.9873778494 10051002.310747484 952989.3592629648 590612.4718984164 524134.20557480684 237032.7220496345 652764.2131906115 750809.2493071454 448762.22959784034 354692.2512216074 540592.0072885302 10516281.33552375 13061645.54826944 1789054.2308808828 1395183.7470155382 10382494.387697354 1205116.4154086849 870722.7256010605 1370175.3958054618 1403059.598839771 1155913.296000121 382549.73700099724 976849.4854615311 1211428.039126377 1582607.151521373 1588127.9148753874 12358188.32766639 9521356.493181873 13260815.395808179 13179529.060142042 9478886.767662417 2755417.531857831
1926082.768040975 7745141.865611881 7793949.679167478 8086572.515910952 7620162.265444528 7507673.545252631 7439718.29306992 8682332.678903656 7433027.8248998355 6874907.109191567 6764248.093655614 6922371.407943491 6604174.823182696 6862908.555749169 7225680.434276503 7834928.251859788 6480292.195917045 7291734.212815946 5561222.609029964 6025592.775670212 7630766.613770293 5662515.502563991 11809615.804737017 388173.3884631543 9525005.776994294 1416151.5036948062 11372236.58349416 11609842.678359326 1067750.5063836565 742381.474261483 704711.7997384897 229656.42117521737 387928.794562424 268482.72870016494 950150.5242858494 737407.2361084772 466201.55825128325 511740.53248224256 381472.79083594243 1214159.0077902633 10080737.171426848 13186071.58390974 1951176.440746471 1410303.5339360964 10665856.797730612 2342015.3341897996 7545897.214165191 2316831.7109070974 1648416.7605523611 444175.4884756072 870226.192363489 13099743.336931909 1207621.81185225 13014709.714593727 997338.9803905124 1082556.6858644502 11724148.65314525 1724788.520349467 1223881.3803505276 13841368.512023684 14238687.508404098
488101.7598246675 8099944.474177698 8852539.695942892 7837356.764329654 8731448.481037427 7848786.862274555 7543363.509429061 7888242.874119867 7736345.078230014 7827470.951414648 7264362.404631788 7956960.636003035 8006699.159477588 8041118.742301193 8885449.459338587 8744010.371767534 7430727.363196859 7458049.296649128 9274224.762391735 9498631.867296144 8914611.415095134 2433493.8850910366 8973641.853656523 13388671.560385186 1582988.28110055 2320255.224757398 1630324.7719889856 11691059.939999629 734085.73449998 564067.0535922013 79196.4124407199 138026.20729464007 58874.421120130326 230738.10820891953 706643.3833083133 177299.4893581724 205177.1841055518 120110.94227292071 2680946.1505711223 4218383.656795674 11075056.456274534 1986510.3633156572 14156419.235221919 13361522.418434571 8594127.522642124 14042174.320672743 13626342.49561762 9574400.101475073 1313537.2427527348 14104083.982960984 1823269.453126655 1145665.1525801632 610844.0711405432 881439.3829809075 11796649.705944909 811947.3739250037 1344406.2231998346 884009.5733484435 1356509.9773439039 634366.6962990105 2528963.438651065
1564397.0083346895 801881.7976223401 1359405.5579934947 6835822.691542482 7788164.704900748 8169646.876110006 7692700.145275677 6883964.589817932 8724592.099261023 7337217.027029129 8261525.949124801 7551943.149992236 7565125.016793085 7840053.073668918 7891124.041903079 8123451.039315077 7270496.165964133 8504928.005699959 8016485.239497567 8518440.941117238 5981219.053448672 2452790.931024731 10631516.129335152 8482716.158912504 19998900.64473658 636772.2841672646 443183.44148752006 1122591.0333457931 565340.6380983213 344565.958711473 650535.8151050234 332688.47222555405 152945.7454380038 162694.50245375236 386904.1592633971 332556.0582173392 325730.8986935303 181165.1386361088 2814521.656564102 3302799.288115201 2892196.561866785 364968.3915949643 10575587.91096811 6407242.2975294925 9986203.623053327 752055.8636163052 865857.4075867352 976550.768229594 922608.4337053748 14471083.578175236 693952.5701210597 605249.9205405851 539811.7735248079 236462.6684260575 426807.3290175454 807715.9023363288 731635.4643072237 253066.35911067558 962637.8077569758 2277768.7988794157 2599156.2172983824
1228772.1782207708 663154.092796966 571690.5291190518 7961645.647168662 8178960.233796779 7576868.013563611 8114603.03417445 7471951.970028406 7074171.911675936 7060754.926629096 8242274.939268897 8124292.188496547 7896713.787879286 7986499.076360395 5606739.269356545 5794576.311309328 6975582.657022366 8078874.143165291 8100966.512507277 8004064.287144835 13794093.660531253 12265522.562315635 11484382.300057154 1027775.4645480291 11869043.059026087 1489598.3689213723 600527.8289892172 441593.49596469966 363037.0631020216 376651.0349854221 615718.9395385525 10530998.406254634 384237.23330233985 224556.6322606115 335386.83552151197 19409.991624996197 98493.40171305004 167069.98812946485 292750.38265360886 132506.0428061395 172764.7148719621 10466599.688283222 13802.770377563776 0.0 0.09204217448132113 323350.5332030874 197960.3798914815 540914.3785679806 99308.68001112659 294485.8603958159 311054.5406338375 126576.2411924634 456464.97743512975 309399.8809669203 468481.7066346138 59425.11488904142 270862.42221999186 603293.0043780727 1018112.6020514516 1303697.092353109 1290621.6296097278
5590747.24323604 8545398.789106674 8395752.84720451 9450975.802247686 10845904.9957943 9588254.643940909 8426621.749965308 9287850.84000209 7496858.207093814 8117605.555274352 9047391.474837255 6880689.4547009105 6329621.137639018 8926530.321362099 9481699.45191124 7329576.990331843 8197179.755402832 7803725.755447875 8185221.658212554 7359903.957719846 9539581.396983612 12631766.19015238 1536388.8096323083 1306223.2553999452 1650884.2220692874 12463233.552342195 2204319.852778388 1390670.853877489 1064737.1278107043 45674.31357150764 994933.2288227475 529703.0668712839 566785.7624373541 0.09011763415765017 161877.24352416562 -0.3201601030305028 0.0 8098.189621871128 17287.24027911974 195727.74279084947 34727.37875314734 1.7933652804931626 27578.6072613235 0.1861561993137002 -2.2122209446970373 754560.5110222613 480336.2597361413 890659.9588872143 1107940.8126510219 1336438.278136089 829112.5127069377 434433.96415140154 486045.787338798 149486.167734202 68773.58119949038 8881067.338241773 230162.92363119646 197440.09443393885 479483.19072479324 306037.335126237 312078.79914591374
