Model Version1.4/trunk/output/1999/n_in_ag.asc
ncols 720
nrows 360
xllcorner -180.0
yllcorner -90.0
cellsize 0.5
NODATA_value -9999.0
[rows 56 to 83 of 360, columns 488 to 548 of 720]
0.0 0.0 0.0 0.0 0.0 0.0 0.0 0.0 0.0 0.0 0.0 0.0 0.0 0.0 0.0 13333.849468841692 60386.62114680308 29394.441110201657 4417.80343430034 0.0 0.0 0.0 0.0 0.0 0.0 0.0 0.0 0.0 0.0 0.0 0.0 0.0 0.0 0.0 0.0 0.0 0.0 0.0 0.0 0.0 0.0 0.0 0.0 0.0 0.0 0.0 0.0 0.0 0.0 0.0 0.0 0.0 0.0 0.0 0.0 0.0 0.0 0.0 0.0 0.0 0.0
0.0 0.0 0.0 0.0 0.0 0.0 0.0 0.0 0.0 0.0 0.0 0.0 0.0 0.0 0.0 0.0 0.0 0.0 26235.633196173436 0.0 0.0 0.0 0.0 0.0 0.0 8130.657585408182 0.0 0.0 0.0 0.0 0.0 0.0 0.0 0.0 0.0 0.0 0.0 0.0 0.0 0.0 0.0 0.0 0.0 0.0 0.0 0.0 0.0 0.0 0.0 0.0 0.0 0.0 0.0 0.0 0.0 0.0 0.0 0.0 0.0 0.0 0.0
0.0 14735.483532469323 0.0 0.0 0.0 0.0 0.0 0.0 0.0 0.0 0.0 0.0 0.0 0.0 0.0 0.0 0.0 0.0 0.0 0.0 0.0 0.0 0.0 0.0 0.0 9959.10150993628 0.0 0.0 0.0 0.0 0.0 0.0 0.0 0.0 0.0 0.0 0.0 0.0 0.0 0.0 0.0 0.0 0.0 0.0 0.0 0.0 0.0 0.0 0.0 0.0 0.0 0.0 0.0 0.0 0.0 0.0 0.0 0.0 0.0 0.0 0.0
23257.214590171687 29285.695391524263 0.0 0.0 0.0 0.0 0.0 0.0 0.0 0.0 0.0 0.0 0.0 0.0 0.0 0.0 0.0 0.0 0.0 0.0 0.0 0.0 0.0 0.0 0.0 0.0 0.0 0.0 32353.310195774087 27683.82054108627 0.0 0.0 0.0 0.0 0.0 0.0 0.0 0.0 0.0 0.0 0.0 0.0 0.0 0.0 0.0 0.0 0.0 30875.89182346574 60993.571444143585 61459.272013412236 30472.959610097976 30395.84631294998 0.0 0.0 0.0 0.0 0.0 0.0 0.0 0.0 0.0
0.0 37885.026050092354 38399.922458418616 0.0 7813.144988567227 0.0 0.0 0.0 0.0 0.0 0.0 0.0 0.0 0.0 0.0 0.0 0.0 0.0 0.0 0.0 0.0 0.0 0.0 0.0 0.0 0.0 0.0 0.0 0.0 33630.08470118613 33661.70022682783 28743.014180297258 33563.00517468597 66543.997213562 33177.85588999921 0.0 0.0 0.0 0.0 0.0 0.0 0.0 0.0 0.0 0.0 0.0 0.0 0.0 0.0 0.0 0.0 0.0 0.0 0.0 0.0 0.0 0.0 0.0 0.0 0.0 0.0
115066.74654279769 76992.91204353934 76256.49676628239 133747.2223185756 202956.63766104242 171202.18187149233 36931.07697324804 0.0 0.0 0.0 0.0 0.0 0.0 0.0 0.0 0.0 0.0 0.0 0.0 0.0 0.0 0.0 0.0 0.0 0.0 0.0 0.0 0.0 0.0 0.0 0.0 33911.96839135425 33053.450649285965 67705.97088599252 33921.05078537164 0.0 0.0 0.0 0.0 0.0 0.0 0.0 0.0 0.0 0.0 0.0 0.0 0.0 0.0 0.0 0.0 0.0 0.0 0.0 0.0 0.0 0.0 0.0 0.0 0.0 0.0
82695.90675883781 125673.633203596 144465.83002230976 122830.92812153706 178614.75652794406 166806.96626371605 110411.27964411673 39523.185511978874 0.0 0.0 0.0 0.0 0.0 0.0 0.0 0.0 0.0 0.0 0.0 0.0 0.0 0.0 0.0 0.0 0.0 0.0 0.0 0.0 0.0 0.0 0.0 0.0 0.0 35579.07899781213 106855.61151511413 106927.54726286551 108024.06845461405 34951.783599344606 0.0 0.0 0.0 0.0 0.0 0.0 0.0 0.0 0.0 0.0 0.0 0.0 0.0 0.0 0.0 0.0 0.0 0.0 0.0 0.0 0.0 0.0 0.0
115819.98988937924 127184.22395768666 330225.7029069478 274679.2169255135 419844.5439400739 288832.4946546769 159865.05258502037 161118.09160477977 159635.08960664284 161766.84306443093 75504.33967257559 39231.926379082135 0.0 0.0 0.0 0.0 0.0 0.0 0.0 0.0 0.0 0.0 0.0 0.0 0.0 0.0 0.0 0.0 37778.74686053636 0.0 0.0 0.0 0.0 0.0 0.0 0.0 67950.18486962904 204972.65954467034 73135.58125140177 0.0 0.0 0.0 0.0 0.0 0.0 0.0 0.0 0.0 0.0 0.0 34855.132582924685 0.0 0.0 0.0 0.0 0.0 123791.83783138772 30677.40224955603 0.0 0.0 0.0
731900.9354304048 208174.83879079355 318629.4299246514 683761.8389336609 614850.186132656 544328.0323891194 935886.445719556 585261.8817236576 356640.8328906887 578217.7437062961 652170.9493898249 171451.83557720657 103229.49066415706 157172.46237160673 84476.79028231648 93704.33933917724 46896.831935203976 49203.113593696056 0.0 0.0 0.0 0.0 0.0 39158.83310080292 0.0 0.0 0.0 0.0 41394.523027113166 0.0 0.0 0.0 0.0 0.0 0.0 0.0 42577.372681982735 39346.78134091614 202399.433696135 214308.32664714282 124465.93246662931 40194.2691618254 0.0 0.0 0.0 0.0 0.0 0.0 0.0 0.0 0.0 0.0 0.0 0.0 0.0 0.0 112635.74214602466 72357.45791982872 71210.53927750207 0.0 0.0
815020.5582189586 935342.4054278503 5613507.71697956 4455007.235350637 695759.9516894834 960483.08702754 668210.635293318 413143.8294065467 518837.4364589867 467971.1810888555 490959.5293847627 304807.83472963306 277992.1220740009 334576.3202820864 334240.5548286097 349468.01783947856 358203.5343283209 138180.66939970286 171877.1234164362 195301.94105613377 99062.75980361074 98633.27357021686 49292.09513786109 46009.84928796216 0.0 41604.37333431569 0.0 0.0 0.0 0.0 0.0 38695.20327481402 0.0 0.0 0.0 90614.68465172838 44547.07435498228 0.0 0.0 250799.5956849896 530585.8392228372 0.0 0.0 99345.81698905372 210026.60298521936 49630.494766147436 40774.41627644117 38633.414843884624 0.0 0.0 0.0 0.0 36360.62400308783 169632.55635057835 0.0 0.0 0.0 40636.37978849004 43185.667832160914 0.0 0.0
4396044.070491226 1094098.9203149092 4905440.32315758 6174624.681168924 1891964.1117428332 5396196.129388702 1017571.165541671 4217786.3331680605 1104867.962641172 1072135.0160319395 4768580.608765366 808569.4047634513 5407203.436974409 5575975.32615145 447913.38316910376 680170.2720638235 741236.9486228635 878299.9054626585 597637.2701640126 716654.5585494072 4543620.922049761 262963.67329692014 157084.20607483247 196612.07335166034 316697.2110202371 308215.15568777 106018.4070234893 45018.67419075454 136300.01574836008 47864.318159291266 42563.499727015456 134383.1762727426 99359.3482371378 0.0 0.0 0.0 0.0 0.0 0.0 710275.7329075071 236070.98477597407 208526.86222326208 111261.03608443355 303672.5948035297 453798.2032510871 605275.2210149124 97425.57586662724 0.0 0.0 0.0 54239.46878937778 0.0 110575.41134911336 510922.3310320314 0.0 0.0 0.0 82783.96600387155 217747.26691254007 111020.69500106644 0.0
4317549.5683504315 3909527.323842839 4065652.4195933384 4420689.526874457 7113389.141223902 5221705.380161655 4019618.2433105204 3417775.774755817 3245654.358569807 3273744.4005214926 3897129.182099091 4898417.114778345 6023089.326281386 6469672.094261361 3125667.7022435227 1033248.5052215558 952725.223705418 3466016.287435907 832140.3454323374 1581618.2421672742 3620943.2473008577 4522679.125930812 644903.4402355218 857665.9578419185 552459.6117531409 889629.0695508383 620595.1156000013 336478.6423699432 874797.5433370997 251128.00760406512 96147.39668209541 260986.73253426317 323496.26475950755 137594.52537452162 372976.9234683842 348787.10830872715 147915.80391039583 96593.44726529639 588064.1904069575 5369879.086228806 349325.3264147269 789984.8377385401 5466467.763049337 168597.7919218748 514505.8776357415 369426.4279620752 534181.6472279577 908496.3616357974 337981.2342085491 171300.7910973565 448512.2829183233 491428.43350460986 629524.1869541383 414779.5982626874 79984.73417535858 0.0 41336.96228535901 319148.5869068786 4490971.296881028 92820.9287694908 0.0
4026855.5305934213 3968000.4419076084 4893236.037109965 3790653.657391946 3662719.1325082467 3660947.8947534515 3190082.481282987 1055135.8978860832 3695446.056859179 691479.4949482805 4593407.439650329 1031906.2393497957 4063137.7697021756 1179541.0735831072 1224763.2195622711 1133675.8689351734 1245951.8866603915 3216620.5184240346 2470965.0728763295 861835.9100082028 3528026.649953274 5096503.477786098 3027323.3104660423 1098989.9900367698 1017125.2570597794 1256549.1640561055 976688.8449540092 917951.7541482579 633963.5766148636 445567.3117118546 525797.0462534402 729860.3193226987 257949.635034513 219714.38741861354 487040.10917593486 262781.2827553492 256931.09536541085 558759.5575925782 5176243.5552231455 5130984.905329109 4392705.467303517 5736078.458126996 6281324.934024656 986280.1770435588 300138.224939726 0.0 66695.87450951774 243224.2855139002 356317.68195937097 772267.4659760856 650464.4212200484 581296.8552700866 569075.9117705441 396542.55371604476 279459.3060447605 50318.75780540121 17845.127325789326 46294.67031790203 125178.75562375762 334737.18190863385 350644.13027055276
4966145.074597815 4683289.552438463 4844441.248663182 1536882.200342735 2487617.0110594165 801218.821803993 1613308.4962962177 1183601.8371946039 5301035.275457642 1478115.179453983 2381580.988162661 1983018.9452985753 2987629.669011416 1538633.4221632471 1224790.8926520068 3459609.4871849027 2323650.409535132 4203204.25495094 4776177.347076216 3709474.529516935 2484428.83563431 1998143.8756376205 2417366.219646097 1062769.2757304336 0.0 79868.4952888379 375368.5279409472 31482.733979055134 320426.8381158287 813790.900163987 705788.8453980002 774287.9606164473 941242.6998490915 905656.9851021981 875403.910461474 953917.5458860395 2523379.0503235366 5543518.999548026 6513320.223872258 5324312.008855193 4909055.091269924 4058312.197379827 3504647.8983209943 5116895.1218106635 4552504.494955737 388021.8796062715 0.0 87616.78577572384 0.0 85402.7073542623 163276.76896642044 600060.754263462 441606.4507168571 3179186.796393299 469072.9893595276 362347.91069838963 63666.444457004814 17527.15630789531 0.0 118097.83545282323 128590.26042631494
5006043.054171227 5515154.617142301 4867787.593568534 4354331.017088616 2719904.904611677 3115118.938071393 1662594.2492347662 1642569.9644767917 1662913.8303490672 3397393.1613164535 3297664.4401093703 3396717.6034305496 3340970.932517161 1889963.8911452892 3870374.5698834984 3052538.813290827 3357469.4107861435 4284247.172997181 4355845.020510878 4489990.580252025 3992595.2496063905 3043930.681051075 2612747.7507849955 893000.0407508736 1548491.6285156615 1203962.0596550982 2131436.0710674236 654841.4208622384 1090544.1727906137 593135.4456209573 1225286.3204724658 1665360.379745882 2686067.727394173 1196952.425333309 3884281.055972798 1207561.9851909205 3599537.336760439 3059536.8250082843 5857129.738930984 1144235.0160906406 661485.345905589 844394.2552716169 2777412.15715343 3056293.012703983 3763034.75384112 4081880.6906068954 142014.10471035787 44054.35589454725 42196.51192913558 42371.32366109495 160810.24494286405 392266.8021943703 654325.7883133203 1096829.9368483142 289794.40916225914 91094.12322886923 105706.48691191082 0.0 0.0 0.0 36984.22492891514
3430735.4316225685 3498104.941018791 3401704.2218697914 3418689.9423915586 3464209.830324406 3502071.089485807 3483953.271434471 3480856.2550039394 3383532.0317743756 3445517.5300633456 3435755.9985883506 3365254.772948129 2094222.1370842755 3448175.147435613 2661932.712008353 5042534.621578594 5095288.94464064 4644798.348088255 4046414.3061020863 4099777.351445992 4363139.872271134 4596244.667916303 3833817.5793559826 1191156.8977153134 2592338.3862575414 4121703.620358497 1279692.5152597046 1052064.5033901962 2503281.8171945186 1667785.7851726802 2540932.7195563857 2580525.73193106 2816026.7188128578 3411283.689454836 3486114.49509758 1097982.4643648074 3723064.286084848 3534234.803996008 3958218.43935837 4290498.320568924 918155.5754257849 192520.30928751657 73165.38569296812 555328.8359852612 3253001.96041879 4218607.696929448 438023.3038195866 50310.44487604687 43153.6216344445 43153.6216344445 41883.93161274205 309263.99057877297 416069.9469722596 577540.8916339143 741232.121777321 3431633.0600322625 1216523.8897182036 422029.02171921555 0.0 0.0 0.0
3509952.729670834 3512973.191432262 3549071.3300088868 3540920.8081535483 3472486.2755527343 3596963.879534322 3340127.174193602 2059837.0517246784 3531136.4541362203 2051380.5929241038 3506519.160412532 3512611.430805509 3463603.3119560527 3310250.6985836728 1913803.331140587 3420349.321857315 3375028.135424259 3376334.1324898344 3033964.993339957 1664811.662713707 1557072.4289176827 1778967.9202280643 1814525.2192679173 1801090.507560322 1797167.9367162292 1660410.9566318549 1241089.8890067781 1010285.6592968618 1090475.6872349065 4821177.189341688 1176138.8424522574 2467505.1207664288 2973353.043127625 2991102.7233833787 4138562.071691389 3735294.3129824074 5000234.858594468 430205.04692908167 4333527.1099681975 3806930.8278193325 3039353.9595933678 3318826.1101178494 2746346.2172245034 685742.3707945616 54451.8972925743 1067854.8787306207 4578732.369170034 142388.80510720052 29016.142813479877 84745.29563703915 41312.938864204334 83630.06441351921 361927.6472557775 760840.8022630697 6626522.585707287 5096946.479912894 1106985.0222577166 1028255.0180321103 49922.224183816164 0.0 0.0
2127428.8149325605 2123431.5456457483 2107390.501862408 2058274.073515039 2120374.932185093 2121432.276228871 2114251.9720298112 3568949.0768342363 3385204.572439679 3556325.3272773316 2004409.3757625367 3538717.68765557 3386233.860826196 3494958.6731981183 3431750.752961102 1912140.7309978828 1901170.576842038 2051259.690628792 1707013.4168034745 1864655.112014349 1839671.6922530606 1835546.257402488 1822850.575760778 1841260.2467765887 1822235.9039644762 1818492.1533233158 1839969.6554218153 1637352.5919811071 1258107.895723119 1462497.1967378717 1170217.6442361334 5215180.799443406 2557923.9374530497 2933125.744671419 3351841.7023729454 3500508.5202235985 4636577.509143459 4921447.294083031 5725831.613879294 5212385.872537971 1250148.0874836652 3490458.9160144883 3769365.6797672817 3335613.607190801 3510946.667457052 108248.51550242808 378172.8061423861 0.0 0.0 0.0 0.0 57955.869063686405 405101.57596789923 737821.0470097424 6311884.635836275 4438054.650665626 307592.70642076834 170564.64218624827 60930.6699112249 0.0 0.0
2096667.5943228651 1716455.1186035965 2100487.0217969995 2047330.2156801822 2112967.4775046413 2090854.285075011 2120532.188834601 3625686.856835872 2011235.4680480305 3586129.6924002334 3513232.933148524 3490356.6066631856 3434642.7367655267 3490644.8327863333 3438319.0805597673 1924544.0700965938 1865495.0169902784 1883631.0675667112 1836031.9671366396 1846362.0807356294 1711062.4946802938 1828706.1553351488 1799403.702290954 1818399.2109045964 1861321.604865023 1846678.8544372385 1819134.9476940858 1841599.0433996841 1818310.1106646503 1383855.2860347172 1193344.2901080037 971074.1311525041 1365463.7486597635 3260763.5466144346 3293479.9811535547 3465137.8200242706 2922698.9277984034 4307917.929679738 4314604.172636344 1343049.5133961684 61869.63629006631 3451245.303092922 4452204.507697116 4653562.066821492 4066867.8221412627 385782.29563972726 43545.94494560823 0.0 0.0 0.0 0.0 128073.55805272634 306601.0361095457 57477.49553457269 17937.140102944737 0.0 0.0 0.0 0.0 0.0 0.0
2045995.8358331295 1473404.9165495029 2127224.048187638 2126634.980549774 2136425.8349279976 2137567.977947468 2123481.8292306727 2119484.322519423 2104292.4581117486 3597343.224741947 2060285.3379241363 2060402.4318382049 3545684.859437399 3477183.7222037623 3450652.513655445 3478766.9464211264 1907243.0175640588 1905062.7339354232 1865527.6849171917 1867077.1090971106 1853872.3736476037 1851014.3704014758 1804870.4871594142 1707276.9670239738 1793158.9717555759 1742014.318330342 1837999.101070858 1777996.7922943935 1886995.2781785936 1772619.612916876 1214176.8913326394 1404510.4215456164 1394498.4694358439 1923406.932039652 2800269.6542358156 3403022.678473344 3596844.0114386175 3663897.459518305 3819694.7766802507 4602300.47095587 4343368.314218782 4310956.427703187 5109333.643047062 4585171.660820339 779336.8007586447 51738.44788411056 0.0 0.0 0.0 0.0 0.0 0.0 0.0 0.0 40062.03765756666 79599.99165926155 64866.50687075262 0.0 0.0 311875.2433792466 176357.12669706772
1454839.9154340762 1455649.6463808757 1409908.657697701 1409171.0411646515 1647579.9324182165 2045088.39480848 2047722.8076254297 2047703.35296463 2005159.0906613325 2027748.1902635999 1978484.9759877657 1997918.6123692805 1933946.848184696 3487613.577681603 1918146.455975908 1933157.992729368 1902695.0250760554 1899368.125378708 1809520.059608217 1840151.094299824 1822973.0154194557 1831286.3587123468 1672243.6489925538 1595057.9162067953 1661623.391275316 1215108.132952914 1337827.9716189029 1397252.2986699105 1727862.5372536625 1642979.6937796026 1405665.777880833 771520.7500474397 739173.5605971307 581713.9232376122 3392147.7104131975 3290096.128351082 3286699.139818702 2802703.80137511 2688621.3382839034 694325.5947531385 933254.5593127308 375169.0806824594 249616.31857176186 245433.15046737896 44963.57303677994 0.0 0.0 0.0 0.0 0.0 39670.1652686419 0.0 0.0 90936.46217840699 182215.68783403956 239865.45735739564 269769.283058694 159986.6381534959 372217.9542447813 295933.68385882594 316473.5663079123
1530235.3779162578 1472821.2785482942 1482780.699099795 1425436.1030009347 1715937.2800541876 1610830.1357348377 1618938.7800033179 1505991.4303810108 2035904.925660742 1990406.356284717 2000418.2208338468 2023145.4648800879 1962473.946141691 1960697.9073735366 1838489.8919985208 1952184.0201265395 1890513.7281542416 1925511.136667723 1869519.1984682665 1868787.102437485 1663692.0884472113 1843949.814713234 1695992.648197078 1746510.6713658562 1463775.366614703 1264588.1788889677 1320648.6861405368 1366405.7971525462 1455070.0893366681 1354487.6654931048 1383771.9012520579 1240392.0658712909 1039932.5320116018 1673694.782296903 4788667.444455227 3769677.033020112 1605274.0362242665 719662.779769155 787817.3603244292 351418.0218761187 197781.39766768808 291640.9248249377 323240.76583752874 207860.25999335622 96360.93451975318 44415.81594252916 42585.51823148151 27242.34111727471 0.0 0.0 0.0 0.0 137907.30188924077 478578.53654062544 666278.3949549536 149957.08299935766 286839.36681782966 345134.0021514909 371589.0751845818 458479.7907715942 679579.0705097023
1544842.409995876 1544179.440675662 1503964.1525560175 1290642.3417195762 1300471.4364427254 1354691.2079246666 1301985.881398808 1585916.8684041165 1454631.2289864323 1291873.3039257047 1344048.6211756805 1896546.7304901495 1804542.9572940776 1810058.9316168781 1870183.817173096 1866492.78624271 1847023.5519218799 1863449.4275952855 1832644.1302935665 1685549.0992378108 1763834.6515373457 1596990.0640856395 1128736.884721218 1518534.0345198545 1570935.6289483986 1629573.1502224742 1424566.280142588 1376805.7590558454 1165563.675716142 1262269.8773243707 1545160.892721375 1158747.1974006528 1678876.2413741366 1831352.5782442584 3384049.646116905 3321015.760505584 5061289.609264049 1335972.5638883654 611276.553705593 744298.7892073538 193882.50051685143 218079.97045231052 100340.10437312047 186808.25954389002 170714.98591630638 48242.79932544486 0.0 94919.65381832248 45909.53754243406 0.0 0.0 0.0 97085.82181326272 96917.4684214667 155737.93657510937 545333.1329834512 5957718.414626123 568428.8992073536 414022.30701373186 402638.9111210876 374565.3116966501
1397081.5628720855 1560899.4686073703 1573840.2349558438 1574206.1638547394 1533196.4603383022 1352045.3759977403 1262467.0129444748 1600105.3174129482 1577746.7669501896 1086332.1365808265 1123696.021025075 1389237.05560826 1308493.4101326116 1303733.3342844713 1874850.4543341475 1840630.0769890912 1841264.2844330021 1837611.7101866824 1782576.1447106553 1689402.725599687 1687142.6254188337 1673637.3247580589 1616315.1933326656 1743559.6097488035 1577184.204372834 1388608.7815066713 1389965.3759346493 1291159.989746236 1227442.4003278664 1178655.93168412 1670371.2978698337 1604730.267558863 1369020.39583151 1658743.4854323599 1412962.4071172774 1873093.8049260275 1578939.9868121184 1125018.4561934755 1313466.1063303072 1421061.751417146 849218.4599442589 568229.5767380189 246786.9370588623 304416.54272504145 153682.99458903776 0.0 44414.315603506984 86768.6495657653 0.0 0.0 0.0 0.0 191738.35908824584 1507519.1306255646 1692634.5612701841 2106378.956140863 1217880.468218083 53631.582374308695 1324952.9008195454 2097730.1847296883 1923798.384316778
1297818.4182394207 1348237.8114229976 1452872.7142517488 1453902.4555545445 1461933.9005299155 1462715.1023562644 1471617.6958696204 1471181.08531103 1450000.8399084513 1450430.2619785843 1418851.9717015368 1416720.9388221572 1408357.2696701875 1408023.062416304 1277429.4795978572 1326039.0894043942 1409573.2441730439 1615347.0563930622 1722291.0182755818 1691947.1353568146 1660147.2074071201 1558918.1554919817 1423205.8153711176 1549093.461905586 1573345.95438771 1563250.2259607387 1991976.8037269579 1954551.7127712772 1332802.0326853425 1445564.184615134 1322488.8899578806 1445271.8273779429 3211760.4047582294 1629731.1353914125 2005681.6231824625 3491210.1462445664 2079475.0975430754 3464955.0498180883 1108188.341776501 1147039.6203446856 1762740.156264712 1824843.617714386 586008.3143039182 274022.43793237023 134636.84419531745 255075.68353026512 45856.57178241243 0.0 0.0 0.0 151586.76189236154 708497.3934434073 1975775.9987057073 1915751.4367210567 809373.2921637746 2084516.5124113713 2100723.454604572 2070159.0980910533 2084633.4084146812 2071517.7439236417 2199880.8353200005
1311248.0153071892 1311672.7700921292 1265589.0330834275 1367123.4905539118 1476177.75716241 1527929.4383575057 1537119.3083132412 1485414.0425398266 1364536.5397097778 1312863.7496861154 1333775.6193569219 1431909.0948771036 1422316.6116919168 1422397.6801987628 1439864.0586398041 1438878.4008812576 1493944.008582752 1473577.8125476143 1638585.464733467 1649399.2568536596 1481117.182017432 1510390.441600981 1462800.5942016193 1499221.871605745 1490883.8348077266 1696909.531728434 1597119.9066940544 1606747.9577880371 1563760.9510643193 1516692.4018141672 1334451.8505821074 1383308.8270888012 1645564.57471995 1644483.2892554356 1815751.904618717 2027561.4387956616 3070829.4322828967 3590190.2373825912 2025144.1318581554 3074715.8402284216 2957608.450207428 3435093.840293954 1597978.2487725094 1542018.9205224873 1040830.5321680969 947308.5856806621 243643.2806520291 199369.87479460728 5258386.262470465 1934047.8955103892 1968067.8820998431 2139220.783827431 2094664.4415558975 1716044.877160786 2102194.9637811184 2045567.0972405057 2098944.921727103 1253683.400940195 696077.5062169408 990844.5669965944 1519568.996382625
1187871.5970683985 1188658.9760916282 1142297.038420005 1236896.7867218582 1335305.7189700669 1382487.4147893197 1435897.1217096355 1388301.3617753452 1373225.8097139453 1183953.1923475764 1354606.2099387473 1401017.3231893745 1397442.108859614 1397938.2773999055 1412416.412295959 1463262.3958458079 1417028.95819879 1373112.3437057568 1513492.0216721175 1371107.0419797092 1417733.3412767919 1455395.5337362748 1482903.2185879701 1298026.2114855307 1438678.2780397353 1336984.9744200697 1328565.4290669004 1327541.3065999928 1367913.1127470515 1459624.8612001727 1202297.3585034232 1155340.8610517075 1591298.4932062952 1239140.2257000378 1547171.0273522758 1274356.7816671522 1342516.7966055428 1239979.9286815594 1247530.6588765609 1150556.7428572455 3458106.9946341966 1836760.6878352119 1423663.5321026752 1124584.5604673584 1394899.9937773114 8198760.789258988 3346590.7836787677 3538901.3133347086 60069.299443935975 5561057.955823257 2136964.2561217095 2136093.1846746793 2049074.2656236321 6512863.089338882 1583987.0093899153 2097344.1304069585 2092009.1896863943 1625365.3894647753 1580535.8402028908 1802404.2333400045 2097426.803575389
1200429.2830747135 1248142.8296114113 1249394.5473358845 1249863.845306442 1300651.8041697836 1444567.5386474459 1353833.845513032 1305367.4355207095 1290593.5049933572 1385196.3196034618 1319684.993562976 1413745.1278617545 1411921.852794112 1364180.8284958724 1325430.1720817736 1324966.6704539456 1383885.5361872988 1430212.0836620522 1433262.0357434493 1385865.136332448 1327733.229318521 1375080.2582846708 1310039.924079553 1262758.8599180554 1256870.005727001 1302239.3525432362 1294427.062444848 1248522.995844887 1289451.465846586 1334954.5108265313 1306417.3226543206 1409446.0309440368 1346704.1943133322 1394929.2590986788 1284761.9859822853 1285565.39589493 1511835.710026473 1452120.4993468858 892607.0916716298 657011.187023571 1145794.444271751 1237418.1426647843 1181224.1097737853 7494066.815831522 11522689.063981049 11433097.073969433 8253340.606843875 4219734.408365422 2616272.6905459664 790109.8110419203 949689.5379971638 2146933.682602007 2104085.2047313983 2063676.427412242 2102839.887679694 2081999.0064918245 575782.0885687281 760504.3980024961 978854.2274814001 1291395.8726836194 2058651.0383538853
