Model Version1.4/trunk/output/1999/n_in_egl.asc
ncols 720
nrows 360
xllcorner -180.0
yllcorner -90.0
cellsize 0.5
NODATA_value -9999.0
[rows 84 to 111 of 360, columns 567 to 629 of 720]
2518485.692189393 2530674.8479425428 2532115.638866215 2346822.086211136 1889211.968751308 2042726.5659648713 2036222.5464380565 1880581.1095854535 1881269.9535215155 2252320.196750993 2244204.3517304705 2245408.9173420724 2259356.1738068555 2290698.115802629 2292705.374402241 2370243.2324325177 2238521.027402491 1697457.4022787502 1836740.4287738865 2448101.3634191393 2448338.1336762025 2428453.1560410243 2428510.6525436854 2432495.4323718906 2156300.5363235422 2205607.5304425294 2431845.3086929973 3332208.751698324 1686117.409294629 2513374.085636491 2485662.413999491 3273519.449907707 2739421.83038364 2125166.7211117037 2106337.087026111 0.0 1400614.6240482454 0.0 2768076.509234327 3719649.2765370393 970488.9343585211 1216700.8358128746 854279.0298198205 0.0 4099821.3463792214 4631346.300627308 3461339.5075952685 0.0 1928248.977931132 133542.83448851074 2184005.6954485793 727873.7433487842 0.0 485048.3563034293 0.0 2005502.8675931548 0.0 1739903.3204435972 2933586.5502482634 811166.7609901353 971516.9826958929 940193.0599330848 1526043.3974927748
2460673.35287199 2271495.2094690893 2555569.396207422 2369280.2926833406 2369280.2926833406 2318993.5548196826 2318993.5548196826 2282787.084757799 2282220.4491515793 2276603.7964671534 2265281.8839823934 2284373.025171985 2284392.9083956527 2316712.149284275 2315267.196579483 2393388.0937427226 2393417.936593637 2469718.3577471105 2469839.467018748 2471822.702161653 2471822.5673424806 2451750.587933431 2451750.587933431 2455773.500608883 2454096.0707341917 2457784.9800270265 2457784.9800270265 2467387.158548492 2474221.286940706 2539258.512635645 2539234.881981498 2100060.288534881 0.0 2131390.4365442917 0.0 0.0 0.0 2735664.9748996785 0.0 659509.1266876322 1420163.7255899569 2073349.1195813324 963262.8886359225 1211775.9452684105 0.0 4949854.967949486 4870434.244917193 4729508.231494561 0.0 642316.8297939298 533936.6353776351 1210882.0656080768 316529.0236143309 0.0 864457.4077877358 996899.1140319405 1489445.1099068555 0.0 1311111.200878194 3850189.687518795 3550566.5146846925 0.0 184099.994507061
2490754.5515640127 2442196.993347699 2440062.0841231984 2375870.915117029 2377331.7379025286 2328615.625907785 2328598.3880040017 2302220.6517739603 2302176.9673878057 2299709.0863647424 2300046.38369069 2313875.8460351266 2314137.778147322 2344814.4404258113 2343991.56318888 2409592.329478798 2409716.6441187495 2478631.9446148593 2478786.25092748 2491614.169555237 2492824.3192935856 2511082.616947639 2506863.325071683 2618151.440549957 2618960.3922106167 2286776.069761708 1930813.37959413 1150590.0346021482 0.0 2132130.432507011 2526852.1382006025 0.0 1157720.130690114 2808703.8379737223 2675855.9562125294 3274341.7262141067 3144904.604900901 3237704.3108693655 3313380.88590693 0.0 4302692.310477501 3940707.114377382 1474942.3402113263 1881684.4721894097 1109080.1349584009 1636280.1669022704 1376615.4562395667 1688491.697848937 0.0 1784516.7177418657 889302.6036754041 796338.5125485084 0.0 0.0 0.0 1355500.1227150492 1120160.1766496322 981214.757970003 1404353.169272495 1524267.077026416 639627.652284163 803342.7549470677 134244.58637287287
2513320.193244534 2464298.3241130863 2464693.044227397 2399272.301678113 2399241.964391501 2349994.3494071835 2350018.0840210244 2323463.676075288 2323395.9041141192 2319802.631382699 2321034.1363701727 2335655.2294774586 2335690.9121575 2366419.602948573 2366520.977026208 2432093.459849733 2429495.9469988756 2501671.519165808 2501645.7932561315 2515961.0307593634 2515882.6561706085 2534550.438344128 2534461.949716209 2643052.362422175 2643140.4586990904 1520028.5970594336 2673953.7317930046 2974641.1695853956 3385967.7581394864 3415129.3723095716 3437530.718431179 3411418.0675340374 3671760.6421900867 3822657.474862821 3563810.9510210506 3414016.6604130534 3227021.294586718 3307093.207698382 3520928.535038301 4858044.968771538 1801315.8120099893 4676028.091719664 0.0 1411103.87783942 1595396.507990647 1442182.7432895429 0.0 4612342.89830583 0.0 1263039.2752510912 2115400.1177607337 512083.7583213727 4467913.3749161 4851777.501562974 0.0 1506294.3928424013 0.0 0.0 0.0 0.0 1810023.5269662924 654664.3165694004 0.0
2389466.1054274067 2375349.0094973203 2375495.278778441 2348322.8328398676 2348716.764684948 2325633.0422689137 2325945.731493507 2319757.752409436 2319757.009818865 2334231.5462761815 1814704.0347670182 2356560.2840431686 2356894.689399597 2396167.785055616 2396274.8052370376 2452065.9352072557 2452103.8298072387 2509528.6449093134 2509942.6032816907 2559345.3871252835 2559591.7486592405 2617523.186631712 2617523.186631712 2759994.9700851757 2452936.2416201304 3355113.313201318 0.0 3419681.184496288 3326297.0004971554 3544168.2956754053 3498663.2996149585 3502586.941491259 3544302.3707014387 3642852.0522452854 3238932.676737522 3188095.9540754166 3302903.3044052944 4980164.37006233 5204090.6977658905 5324336.693941844 0.0 0.0 1236534.5153642623 1243558.7239256958 1552393.4541372983 1462102.939371603 0.0 0.0 0.0 0.0 0.0 1241919.2065593018 1269341.9113929113 0.0 0.0 0.0 0.0 0.0 1092415.3317258002 1060391.5581212793 0.0 419408.0984640579 141033.9758093719
2410270.675220261 2196615.1988573703 1995863.9245469926 2171555.9890180733 2369642.473252265 2346691.8961929716 2346708.2768825856 2340459.94465981 2210624.898855576 2093896.65135187 2094157.7711165806 2378011.2816895936 2377861.5436650477 2417536.5395852374 2417574.880954823 2473874.3998059775 2473913.8512950046 2391171.5963806813 2532389.006876492 2582295.263854615 2438242.37524552 2493906.573262345 2838763.6922678724 2799988.2512860303 3117074.8355683796 3317287.5975168096 3734434.30726374 3475194.7601359347 3732429.0629698895 3429477.65803695 3453854.8661057004 3662071.616737085 3611235.2484824457 2947855.550420697 0.0 3261544.2694979734 4112940.853119674 4440471.964257015 5090564.002905158 5705598.01425812 2564509.7156578526 0.0 0.0 0.0 0.0 0.0 4468503.497644823 2403466.0098331403 0.0 0.0 1409142.1150489608 86376.97865753245 1286652.6814900737 0.0 0.0 0.0 0.0 0.0 954987.4081913778 0.0 458539.9250746659 0.0 0.0
2270586.095952103 2143584.727047582 1690021.2722909742 1948281.6218075098 2337824.846593369 2210386.487233798 1622905.436129745 1435318.429042273 1435318.429042273 2384113.529273364 2384064.2945968253 2419656.566071494 2419735.113264657 2467932.2527214335 2470317.333580623 2535635.215200742 2642689.6164492667 2734509.461313576 2909655.3048326797 3061385.6896416275 3061235.0026490157 3560305.437908835 3036544.965073865 3559606.455128365 3014795.195088176 3829135.5709179817 3717479.5965752136 3788361.872301627 3568324.7527677 3778232.6997699095 3922834.6053432096 0.0 3700094.208784012 3430874.7726141135 0.0 3826219.1549405768 4459296.312029691 4641982.106829804 5712091.211609573 5832396.142189425 0.0 0.0 5051978.718434467 5628306.923330199 5487117.043890208 0.0 5342144.498704601 5328951.848751344 0.0 1408681.8760621897 1934570.9060916123 0.0 0.0 0.0 1079233.2950883447 0.0 520669.4077789824 0.0 0.0 279231.3527212895 307063.07894789916 0.0 0.0
1111599.302157564 2225984.164513595 1833123.3050599408 1833042.8069235492 2357903.210273264 2031957.73036638 2031725.317828714 2175763.5833576173 2044088.344007095 2399609.9742441988 2271056.4959167605 2440710.498095342 2440694.8340798784 2491550.534997287 2491683.772945543 2486578.1992887664 2565446.106662558 2499309.7856769087 2758051.1661913963 2557345.5660157013 2557797.613776685 2713480.11218575 3471490.13689774 3471794.6992428433 3563758.9831210533 3652365.154374174 3594987.999646403 3893073.8411127627 3835530.885598884 3841338.3512454564 3271255.8197207553 2976857.8243537126 3259689.2079622215 3761559.4771865564 4166609.495113462 3957590.2351631904 3978211.1171877887 4511153.125694206 4324663.637813324 0.0 5149417.306554525 0.0 0.0 0.0 0.0 4438875.380530319 0.0 2126860.381041409 1536545.1613469664 2154559.4898253167 1718903.8848028013 0.0 1411646.395824274 871651.1446723021 861028.7745449999 735271.8386578555 712247.4872449489 0.0 567101.1813630625 492446.758466122 219335.33368772286 0.0 0.0
774771.7943837587 2089905.0626405838 2222676.685685739 2245495.906644324 2377369.764746419 2401411.5055378065 2068873.2237343562 2304775.9980903887 1762548.2541506775 2495371.006590911 2218930.870920151 2559862.2454612358 2559862.2454612358 2641170.4010794214 2641203.4761887137 2724685.275843768 2495458.9509146614 2635916.9815229494 2635306.919518996 2715210.986982407 3579738.27442976 3596853.2598395357 3620143.2560399678 3963783.6934030335 3973057.3866108656 3953234.1511623682 3905052.407660204 3774476.515412537 3158618.456224809 3459444.2886909647 3890053.7018793225 3937870.033809603 3805482.767699456 4339452.953236801 4512021.940499453 0.0 3785630.069313148 0.0 0.0 4542586.217367283 2178256.8660763055 0.0 0.0 0.0 4425880.061547377 0.0 520137.4094224995 0.0 1884804.2409248883 0.0 2034349.3422795678 530578.9219173914 1402528.1186007054 1536423.5580919627 547155.1500313799 325601.81435398967 804819.7707026023 327708.3096309606 147302.76024358752 0.0 0.0 0.0 0.0
2217523.009692536 1716120.1386745838 2373893.7360821697 2397593.15408413 2397653.136676636 2421430.9778640885 2421430.9778640885 2324067.100392052 2118426.8237145348 2516398.7988832504 2167137.1172341164 2366200.3471405627 2581149.5775500233 2663157.2228637356 2514768.045732461 2818431.68849424 2494281.5100920163 2656616.888164887 2659042.6097748787 2762131.975852716 2761055.933889776 3410269.5487211267 3349594.858486506 4034238.249594599 4096467.643703446 3956981.581588765 3482344.5730987694 3973083.9270987296 3771567.258336895 3579050.387172445 3757189.298083218 4069234.5997907557 4385612.771312553 4273006.365970473 3987618.594013499 4858819.282769718 4830649.477587001 5253185.818751344 5162677.14747884 4931088.721063914 1531493.2032039578 0.0 4680031.795590663 5271552.860411049 4863442.220371632 0.0 0.0 2481514.3787491685 1329375.6113584554 0.0 1789273.8725924096 594703.4309814259 2252073.65650966 1579717.8442339094 1284844.3067645296 95385.86119503065 161447.77143534538 610505.7497330711 80004.90200439873 70597.39251788302 0.0 0.0 0.0
2086120.835085347 2322319.3191383933 2189335.5613066433 1957788.4659901236 1890319.9952812577 1512147.4979231106 2271274.5705449823 2408158.283353214 1556248.174154321 584170.839002195 731048.8148952222 1222395.8374634935 2524653.541617049 2511806.870657662 2832910.900881544 2781415.7640380333 2781883.572928939 2847194.8962124963 2961023.4294859925 3558367.201276336 3558371.306627491 3991560.337093247 4074161.063867162 4211096.000452979 4310680.169232522 4537855.596628099 4158814.048860737 4276601.470503769 3662832.473702697 3669242.5433810744 3729515.9176026992 3633552.9652898274 3859093.0534133855 3702593.291113672 4119315.046596041 3930999.797115395 4443046.5096373595 7974586.622876065 7089828.769460333 0.0 1744050.1165093763 0.0 0.0 0.0 1524025.994165711 6142119.042817635 1441235.4437180017 1326562.9846860147 2106322.7734972863 2074637.393203973 823095.8764269298 0.0 971227.6545765093 382491.72596290347 145492.75325342253 241843.43406159396 -9999.0 0.0 119790.96743144287 81281.98907889839 0.0 -9999.0 -9999.0
1381629.6212489668 2408158.3479373995 2139796.3036049195 339796.53641283663 0.0 765280.4499029873 2855898.540482675 2079490.9800159165 2601426.4044912905 2663779.320768851 2771463.22877856 2854202.372844302 2635641.7741018897 2858871.9668289106 2857515.613242191 2921055.5441448325 2802345.3772651413 2865609.5773487706 2868609.321822455 3140001.3086025985 3989539.8906978033 4254383.61950829 3964811.427045882 4066889.0837269314 4295424.761492981 4181488.1758925626 3655283.6339706997 5466152.599154305 1091931.987497941 0.0 0.0 3487749.203860629 0.0 4118718.1975007965 0.0 0.0 0.0 6763536.653205661 3236400.9025231907 2242222.917152786 0.0 371016.8558951352 289195.20070441166 513015.8531000566 0.0 431631.71490517195 2665645.1378962616 0.0 0.0 518568.5162955048 1253734.432315223 482669.2330642248 602003.3525618423 21268.11922423323 757.3409916546386 -9999.0 -9999.0 -9999.0 -9999.0 -9999.0 -9999.0 -9999.0 -9999.0
1704821.3109703343 1528350.3681443727 1110016.5733736798 1282215.8052435648 1352348.429760101 2012363.6886362229 2010299.5471407555 2291749.543727343 2510106.13935545 2708920.760385719 2817850.411954798 2987077.953309876 2982147.4734760006 3144139.767000614 3166405.8363329023 4067527.7178521915 4004259.5947585907 4182433.1304272288 4003992.3360406975 4503604.057404436 4344194.850181994 4612835.722146265 15365139.09286947 4687310.896779908 13943055.503610436 12342662.902464382 4864470.7728607375 3232073.3323245896 4037757.14922465 0.0 3854801.7129090335 0.0 0.0 0.0 0.0 0.0 0.0 2174818.766689175 2012349.149671837 0.0 0.0 537919.5139986952 1876815.7037609904 2410286.065369428 389405.6683264872 2111812.1238903473 1487916.4373894841 2062970.4791692966 0.0 1915633.1443774097 2645.1159507158136 0.0 11048.37326312579 -9999.0 -9999.0 -9999.0 -9999.0 -9999.0 -9999.0 -9999.0 -9999.0 -9999.0 -9999.0
1622086.4272841958 1133912.2494373461 1542351.7720818392 1465892.9380591821 1990135.9658265843 2242800.516085529 2561217.541640639 2437122.8132417593 0.0 0.0 2451457.286532299 2829969.0229668794 3372305.1951460694 3398663.9733460587 4176561.818648629 4098523.4453243976 4330977.9984565405 4382999.292673374 4044107.2833710564 4189124.5441027773 4413965.230944825 14744642.407380495 13540206.797850877 12215095.5201634 0.0 3641640.623717552 3064737.7894071257 2447009.7768513625 837720.9224974522 4020233.834615773 0.0 0.0 4832115.967450345 0.0 0.0 4903814.253944022 0.0 0.0 0.0 0.0 529379.6096164985 2505783.2236159956 2008186.9199430933 2175860.0153101604 1297368.637871731 925444.0717694038 0.0 0.0 0.0 642603.7284319822 0.0 0.0 6937.664461690041 -9999.0 -9999.0 -9999.0 -9999.0 -9999.0 -9999.0 -9999.0 -9999.0 -9999.0 -9999.0
2198583.4326912663 2246245.801438699 2031734.4076746055 2191835.5857347064 2083808.8227676358 2366655.3838693555 0.0 0.0 0.0 1283571.4300455018 0.0 2740441.8593018274 3093644.643724541 3896822.822788527 3769773.9706652425 0.0 0.0 4258107.546622204 4116883.5984611297 4450958.207266966 4726586.47670705 9993714.575191053 0.0 0.0 781438.7116813889 3562481.905369973 2218796.432338499 4735589.332436535 4131873.668127424 705995.0488052921 882955.7766177979 0.0 0.0 0.0 0.0 0.0 583583.2163619096 0.0 0.0 1501978.90898555 1791279.6841759873 2079568.264065383 3231382.5532320146 1032290.6938530686 609924.7202448875 0.0 0.0 0.0 0.0 0.0 4010.3961791842444 122811.29488996453 0.0 -9999.0 -9999.0 -9999.0 -9999.0 -9999.0 -9999.0 -9999.0 -9999.0 -9999.0 -9999.0
1899156.4064012659 1723926.50228881 1832576.2906303008 2207965.498549088 1654682.3429858556 1700531.3916214642 2002805.7097299905 2733353.241866135 2713839.8386976765 2793982.3523072824 3070726.6294098506 3496385.71767849 4476702.9226690335 4022566.222649306 0.0 3387770.070613522 4384313.259316673 4527874.645940646 4470827.141275377 6073827.861507657 6312730.3219438335 12943326.988059703 0.0 0.0 0.0 0.0 0.0 0.0 0.0 0.0 0.0 0.0 518191.47113271547 0.0 595451.5746467013 -9999.0 0.0 0.0 2000751.7527326492 2007505.0463000403 494592.97188535496 470148.4992000406 889291.922149113 271044.11914025876 3295.152165695198 0.0170429948453982 0.0 4064.138788645301 9393.244799599206 30103.005461305595 17875.157122990393 -9999.0 -9999.0 -9999.0 -9999.0 -9999.0 -9999.0 -9999.0 -9999.0 -9999.0 -9999.0 -9999.0 -9999.0
1316426.302207314 1011969.7400471675 2246938.5128033753 1736273.196037691 811185.1319383653 840582.2949635835 2099212.495729258 3017807.745781033 3144134.4542596517 3290923.4510705853 3452741.5924938377 4728357.788534149 4385821.39779266 4950381.930727498 4910008.653382441 5066034.804293325 4233869.656156258 4712239.030217054 0.0 0.0 0.0 0.0 0.0 3592954.7075826377 0.0 0.0 0.0 0.0 0.0 0.0 0.0 0.0 304708.8991013658 -9999.0 -9999.0 1151818.5978889582 6087142.30361573 0.0 0.0 0.0 0.0 0.0 0.0 0.0 0.0 13109.576500339106 0.0 39969.882269602786 94797.30314221872 -9999.0 -9999.0 -9999.0 -9999.0 -9999.0 -9999.0 -9999.0 -9999.0 -9999.0 -9999.0 -9999.0 -9999.0 -9999.0 -9999.0
809234.3208729691 1470946.1456160243 2039050.0925640778 2567376.20034432 2683383.997684157 2774548.0133947474 2753141.1970666503 2834458.2186046713 3069434.331565058 3912733.2184528504 4449145.731470081 4841080.805217438 4762188.707747368 3317769.6257346673 4102357.111957146 7075884.1636271225 5831969.859980274 0.0 0.0 0.0 0.0 0.0 0.0 0.0 0.0 0.0 0.0 0.0 0.0 0.0 0.0 0.0 -9999.0 -9999.0 -9999.0 1371675.6433880737 3942992.9648208367 0.0 -9999.0 -9999.0 -9999.0 -9999.0 -9999.0 0.0 0.0 41343.465197302095 0.0 26984.548902652023 0.0 -9999.0 -9999.0 -9999.0 -9999.0 -9999.0 -9999.0 -9999.0 -9999.0 -9999.0 -9999.0 -9999.0 -9999.0 -9999.0 -9999.0
1534359.4411986298 1947664.8389048888 2798596.0699387873 2780798.782697726 2886132.799383548 704021.0781970415 1114947.9686240866 3165739.172446164 3524247.9319581464 5131412.67928699 4653062.16416363 5104512.413846485 4718620.023317844 5064569.04806512 4206106.800448385 6333198.556949325 0.0 0.0 0.0 0.0 5002658.150947485 0.0 14136748.03333719 0.0 0.0 0.0 0.0 0.0 0.0 -9999.0 -9999.0 -9999.0 -9999.0 -9999.0 -9999.0 0.0 0.0 -9999.0 -9999.0 -9999.0 -9999.0 -9999.0 -9999.0 0.0 0.0 20285.69519567437 7099.649799232961 4892.356444123501 8186.069436445072 105641.51974519614 -9999.0 -9999.0 -9999.0 -9999.0 -9999.0 -9999.0 -9999.0 -9999.0 -9999.0 -9999.0 -9999.0 -9999.0 -9999.0
832509.0365054251 1224569.9542922021 2081725.8408328574 2800889.409550967 2916054.900679824 0.0 5134172.835213174 4827944.265876336 4738490.325788891 5290361.031791611 5370703.943445007 4788042.748319106 4699603.269985835 4405827.3661071565 4861195.547475411 0.0 0.0 0.0 0.0 0.0 0.0 0.0 0.0 0.0 0.0 0.0 0.0 0.0 0.0 3105574.7298586885 2656065.857413602 -9999.0 -9999.0 -9999.0 -9999.0 -9999.0 -9999.0 -9999.0 -9999.0 -9999.0 -9999.0 -9999.0 0.0 0.0 32299.435795944803 198236.32253812428 94507.14701742814 3432.6292833668276 0.0 7188.532694873681 0.0 -9999.0 -9999.0 -9999.0 -9999.0 -9999.0 -9999.0 -9999.0 -9999.0 -9999.0 -9999.0 -9999.0 -9999.0
619003.150322357 2373540.2531179837 3062077.2549580457 2402560.1250399593 0.0 3925389.5801236425 6415370.219365272 6895984.383051572 6014697.280825679 6090625.965255778 5948631.618515085 5371787.108632537 4681054.905480072 6502359.011452407 8323258.539585795 0.0 3159175.1760627106 0.0 0.0 0.0 5559543.099296092 0.0 0.0 0.0 0.0 0.0 0.0 0.0 0.0 0.0 12797774.465795841 -9999.0 -9999.0 0.0 0.0 0.0 -9999.0 -9999.0 -9999.0 -9999.0 -9999.0 -9999.0 -9999.0 0.0 0.0 0.0 0.0 78853.81645356107 0.0 0.0 45520.54262676112 124370.64238857315 -9999.0 -9999.0 -9999.0 -9999.0 -9999.0 -9999.0 -9999.0 -9999.0 -9999.0 -9999.0 -9999.0
4046291.173979342 4476042.622722418 4144773.749149523 4312145.881942412 5537585.095281212 5958443.508900049 5907603.392636747 5906235.005717118 4799063.34666601 0.0 5256425.752165203 4558022.168872208 0.0 6135050.502902349 6856227.961440902 0.0 0.0 0.0 0.0 0.0 0.0 0.0 0.0 0.0 0.0 0.0 0.0 0.0 0.0 0.0 0.0 0.0 0.0 0.0 11441398.729632093 0.0 2826977.6276035155 1519382.0026554815 1575320.4174595198 -9999.0 -9999.0 -9999.0 -9999.0 -9999.0 -9999.0 -9999.0 0.0 164966.5025404893 204196.5002304234 6901.46117312328 0.0 153991.81643504463 -9999.0 -9999.0 -9999.0 -9999.0 -9999.0 -9999.0 -9999.0 -9999.0 -9999.0 -9999.0 -9999.0
5196018.606363676 4756392.300890268 4827615.969037629 4847654.260249756 5095736.957206419 5963284.35268304 6126627.313863646 6412973.24345312 6058172.424755391 6512639.421061784 6256683.195995959 5758122.46059511 5602146.513756317 0.0 0.0 0.0 5898232.997262536 3007509.5550250327 0.0 0.0 0.0 0.0 0.0 0.0 0.0 0.0 0.0 0.0 0.0 0.0 0.0 0.0 0.0 0.0 0.0 0.0 0.0 0.0 -9999.0 -9999.0 -9999.0 -9999.0 -9999.0 -9999.0 -9999.0 0.0 0.0 172281.7461922154 5879.720221349626 14988.093044133248 16682.837625763972 179077.28282338227 -9999.0 -9999.0 -9999.0 -9999.0 -9999.0 -9999.0 -9999.0 -9999.0 -9999.0 -9999.0 -9999.0
4672397.44551326 5106290.657992706 4872991.735271209 4767406.70394397 5779583.251573166 5640422.424535737 6434220.612266641 6226850.210972998 6065358.748322691 6134239.007578685 2958989.0532233547 0.0 2754920.7075164444 0.0 0.0 0.0 0.0 0.0 0.0 0.0 0.0 0.0 0.0 0.0 0.0 0.0 0.0 0.0 0.0 0.0 0.0 0.0 0.0 0.0 1369119.0131153574 -9999.0 -9999.0 -9999.0 -9999.0 -9999.0 -9999.0 -9999.0 -9999.0 -9999.0 -9999.0 3863.6028945132102 132417.28783340097 206171.7601325689 0.0 25809.251160644213 85156.45386601755 315023.4319032037 0.0 -9999.0 -9999.0 -9999.0 -9999.0 -9999.0 -9999.0 0.0 -9999.0 -9999.0 -9999.0
4390394.0275017265 0.0 4704929.645479212 4823144.4413353745 0.0 0.0 5888713.7543240385 6162294.064782138 5345983.680627165 6919224.1097251605 2997480.254153697 0.0 0.0 3045564.462320595 0.0 0.0 0.0 0.0 0.0 0.0 0.0 0.0 0.0 0.0 0.0 0.0 0.0 0.0 5770991.562628835 0.0 0.0 0.0 3372793.9468031405 1679272.6443963982 -9999.0 -9999.0 -9999.0 -9999.0 -9999.0 -9999.0 -9999.0 -9999.0 -9999.0 -9999.0 -9999.0 -9999.0 0.0 14246.478688791785 0.0 24227.16011130667 17751.76100643896 230263.9418939375 0.0 -9999.0 -9999.0 -9999.0 -9999.0 -9999.0 0.0 0.0 0.0 0.0 0.0
4713656.816091604 5165294.101619777 0.0 5620493.695889211 0.0 0.0 5025704.589718239 0.0 4328161.929057652 0.0 3003839.2295659455 0.0 0.0 0.0 0.0 0.0 3656547.2361987703 0.0 0.0 0.0 0.0 0.0 0.0 0.0 0.0 0.0 0.0 0.0 0.0 0.0 0.0 0.0 0.0 -9999.0 -9999.0 -9999.0 -9999.0 -9999.0 -9999.0 -9999.0 -9999.0 -9999.0 -9999.0 -9999.0 -9999.0 0.0 47007.10983648242 2991.0389757404314 0.0 124429.04387093871 133969.8986199605 322623.7054381442 -9999.0 -9999.0 -9999.0 -9999.0 -9999.0 0.0 0.0 0.0 0.0 0.0 0.0
6102743.974982537 5700127.0457056025 5108498.128567707 4969757.177603571 0.0 0.0 553272.0584008694 0.0 0.0 0.0 0.0 0.0 0.0 0.0 0.0 0.0 0.0 0.0 0.0 0.0 0.0 0.0 0.0 0.0 0.0 0.0 0.0 0.0 0.0 0.0 0.0 0.0 0.0 -9999.0 -9999.0 -9999.0 -9999.0 -9999.0 -9999.0 -9999.0 -9999.0 -9999.0 -9999.0 -9999.0 -9999.0 0.0 33581.538622728825 26546.914233312054 118952.7734187024 1978.1403458095294 0.0 0.0 -9999.0 -9999.0 -9999.0 0.0 0.0 0.0 0.0 0.0 0.0 0.0 0.0
5286798.04870132 5503814.701101476 0.0 4031573.979353728 0.0 0.0 3266815.6226876415 0.0 0.0 0.0 0.0 0.0 2342674.587034907 0.0 0.0 0.0 0.0 0.0 0.0 0.0 0.0 0.0 0.0 0.0 0.0 0.0 0.0 0.0 0.0 0.0 0.0 0.0 0.0 0.0 -9999.0 -9999.0 -9999.0 -9999.0 -9999.0 -9999.0 -9999.0 -9999.0 -9999.0 -9999.0 -9999.0 25008.22219500056 124251.85381269336 -9999.0 -9999.0 -9999.0 -9999.0 0.0 -9999.0 -9999.0 0.0 0.0 0.0 0.0 0.0 0.0 0.0 0.0 0.0
