Model Version1.4/trunk/output/1999/n_in_ara.asc
ncols 720
nrows 360
xllcorner -180.0
yllcorner -90.0
cellsize 0.5
NODATA_value -9999.0
[rows 135 to 161 of 360, columns 366 to 426 of 720]
0.0 0.0 0.0 0.0 0.0 0.0 0.0 0.0 0.0 0.0 0.0 0.0 0.0 0.0 0.0 0.0 0.0 0.0 0.0 0.0 0.0 0.0 0.0 0.0 0.0 0.0 0.0 0.0 0.0 0.0 0.0 -0.3522037483926397 -0.5031743579311296 0.0 0.0 0.0 0.0 0.0 0.0 0.0 0.0 0.0 0.0 -0.04955448830150999 0.0 0.0 0.0 0.0 0.0 0.0 0.0 0.0 0.0 0.0 0.0 0.0 0.0 0.0 0.0 0.0 0.0
0.0 0.0001220653357449919 0.0001220653357449919 0.0 0.0 0.0 0.04986557079246268 0.0 0.0 0.0 0.0 0.0 0.0 0.0 0.0 0.0 0.0 0.0 0.0 0.0 0.0 0.0 0.0 0.0 0.0 0.0 0.0 0.0 0.0 0.0 0.0 0.0 0.40087876134202816 0.0 0.0 0.0 0.0 0.0 0.0 0.0 0.0 0.0 0.0 0.0 0.0 0.0 0.0 0.0 0.0 0.0 0.0 0.0 0.0 0.0 0.0 0.0 0.0 0.0 0.0 0.0 0.0
0.0 0.0 0.0 0.0 0.0008972833311418071 -0.05065302072762279 0.0 -0.05065302072762279 0.0 0.0 0.0 0.0 0.0 0.0 0.0 0.0 0.0 0.0 0.0 0.0 0.0 0.0 0.0 0.0 0.0 0.0 0.0 0.0 0.0 0.0 0.0 0.0 0.0 0.0 0.0 0.0 0.0 0.0 0.0 0.0 0.0 0.0 0.0 0.0 0.0 0.0 0.0 0.0 0.0 0.0 0.0 0.0 0.0 0.0 0.0 0.0 0.0 0.0 0.0 0.0 0.0
0.0 -0.050073142439941876 0.0490107933874242 -0.002709812280954793 0.4498292016069172 0.49566667490580585 -0.000964289232797455 -0.050073142439941876 0.0 0.0 0.0 0.0 0.0 0.0 0.0 0.0 0.0 0.0 0.0 0.0 0.0 0.0 0.0 0.0 0.0 0.0 0.0 0.0 0.0 0.0 0.0 0.0 0.0 0.0 0.0 0.0 0.0 0.0 0.0 0.0 0.0 0.0 0.0 -0.003369035854120739 0.0 0.0 0.0 0.0 0.0 0.0 0.0 0.0 0.0 0.0 16316.410531954069 0.0 0.0 0.0 0.0 0.0 0.0
-0.0013184893177822232 0.0 -0.04814460283523658 0.0 -0.0006592446588911116 0.4541013542620931 0.0008727667591301724 0.0003478088983683847 0.0 0.0 0.0 0.0 0.0 0.0 0.0 0.0 0.0 0.0 0.0 0.0 0.0 0.0 0.0 0.0 0.0 0.0 0.0 0.0 0.0 0.0 0.0 0.0 0.0 0.0 0.0 0.0 0.0 0.0 0.0 0.0 0.0 0.0003478088983683847 0.0 0.0 0.0 0.0 0.0 0.0 0.0 0.0 0.0 0.0 0.0 0.0 281.1171873017828 1691.6923878519046 0.0 0.0 0.0 0.0 0.0
-0.45123339080601 -0.30435195652535185 -0.4448549165390432 0.44387728336732835 0.30181840219302103 -0.04722910541750025 0.0 0.0 0.0 0.0 0.0 0.0 0.0 0.0 0.0 0.0 0.0 0.0 0.0 0.0 0.0 0.0 0.0 0.0 0.0 0.0 0.0 0.0 0.0 0.0 0.0 0.0 0.0 0.0 0.0 0.0 0.0 0.0 0.0 0.0 0.0 0.0 0.0 0.0 0.0 0.0 0.0 0.0 0.0 0.0 0.0 0.0 0.0 0.0 175407.7560027428 10972.289386600414 0.0 0.0 0.0 0.0 11342.486042988989
0.4002681327110622 -0.4975587889784947 -0.24813855469983537 -0.04940799022006104 0.0 0.0 0.0 0.0 0.0 0.0 0.0 0.0 0.0 0.0 0.0 0.0 0.0 0.0 0.0 0.0 0.0 0.0 0.0 0.0 0.0 0.0 0.0 0.0 0.0 0.0 0.0 0.0 0.0 0.0 0.0 0.0 0.0 0.0 0.0 -0.3999932875158265 0.0010864359210245311 0.0 0.0 0.0 0.0 0.0 0.0 0.0 0.0 0.0 0.0 0.0 0.0 0.0 159426.88011089404 138339.22922178413 0.0 0.0 0.0 0.0 18152.307150432003
0.0 0.0 0.0 0.0 0.0 0.0 0.0 0.0 3329.9197639860354 0.0005186774506000802 0.0 0.0 0.0 0.0 0.0 0.0 0.0 0.0 0.0 0.0 0.0 0.0 0.0 0.0 0.0 0.0 0.0 0.0 0.0 0.0 0.0 0.0 0.0 0.0 0.0 0.0 0.0 0.0 -0.0008545655146008357 -0.05042735593451653 0.44616677539306693 0.0 0.00043941686453763396 7.926059333840385e-05 -0.050689774441707414 0.0015380783006548882 0.0 0.0 0.0 0.0 0.0 0.0 0.0 0.0 0.0 41257.54476604214 0.0 18304.53244248906 5225.987950067267 0.0 0.0
0.0 0.0 0.0 0.0 0.0 0.0 0.0 0.0 0.0007690890124649741 1001.15494710443 0.0 0.0 0.0 0.0 0.0 0.0 0.0 0.0 0.0 0.0 0.0 0.0 0.0 0.0 0.0 0.0 0.0 0.0 0.0 0.0 0.0 0.0 0.0 0.0 0.0 0.0 0.0 0.0 0.0 0.0008545724413124844 0.0004272862206562422 0.0 0.0 0.0 0.0 0.0 0.0 0.0 0.0 0.0 0.0 0.0 0.0 0.0 0.0 130185.56069742856 38865.06871643479 80389.49771265838 0.0 0.0 0.0
0.0 0.0 0.0 0.0 0.0 0.0 -0.04949335064156912 0.0009277499630115926 -0.39538531965808943 12474.080976457126 0.0 0.0 0.0 0.0 0.0 0.0 0.0 0.0 0.0 0.0 0.0 0.0 0.0 0.0 0.0 0.0 0.0 0.0 0.0 0.0 0.0 0.0 0.0 0.0 0.0 0.0 0.0 0.0 0.0 0.0 0.0 0.0 0.0 0.0 0.0 0.0 0.0 0.0 0.0 0.0 0.0 0.0 0.0 0.0 0.0 0.0 11394.989482005329 0.0 0.0 0.048681676511478145 -0.049328563538438175
0.0 0.0 0.0 0.0 0.0 0.304657016065903 0.10156314598862082 2031.7182779696752 -0.2454216445912607 6089.041532586302 1013.8485401195683 0.0 0.0 0.0 0.0 0.0 0.0 0.0 0.0 0.0 0.0 0.0 0.0 0.0 0.0 0.0 0.0 0.0 0.0 0.0 0.0 0.0 0.0 0.0 0.0 -0.05164794273878215 0.0 0.0013244794099591672 0.3986819721176289 -0.35305816697655246 0.0017883006657939404 0.0 0.0 0.0 0.0 0.0 0.0 0.0 -0.05164794273878215 0.0 0.0 0.0 0.0 0.0 0.0 0.4495857752626762 0.0 0.0 0.0 0.0 0.0013244794099591672
-0.04843761504162103 0.0 0.14861984679009765 0.4503474802477285 0.20010269025806338 -0.2533273274311796 2749.5156285312173 8023.257908304955 0.2493282605719287 17541.905489198216 -0.04985360435966868 0.0 0.0 0.0 0.0 0.0 0.0 0.0 0.0 0.0 0.0 0.0 0.0 0.0 0.0 0.0 0.0 0.0 0.0 0.0 0.0 0.0 0.0 0.0 0.0 -0.048669511612388305 -0.2991029226104729 -0.3513193165708799 -3.102468326687813e-07 -0.2524723415845074 0.0 0.0 0.0 0.0 0.0 0.0 0.0 0.0 0.0 0.0 0.0 0.0 0.0 0.0 0.0 -0.10025105252861977 0.00029892713064327836 -0.0009217204205924645 -0.050006107449007686 63929.35064139464 161982.4512905231
0.30709756712894887 -0.3937378543196246 -3.387603912851773 3.458556425757706 0.31094307731837034 0.11306691262871027 -0.08966102916747332 -0.44363406667253 2059.4815176003835 -0.1443479144363664 0.0 0.051269554780446924 0.0 0.0 0.0 0.0 0.0 0.0 0.0 0.0 0.0 0.0 0.0 0.0 0.0 0.0 0.0 0.0 0.0 0.0 0.0 0.0 0.0 -0.14620935340644792 -0.540803014242556 -0.38977028417866677 -0.08514478441793472 -0.19275015546008945 0.1526489428943023 0.3507384459953755 0.0 0.0 0.0 0.051269554780446924 -0.04907836356869666 0.0 0.4515990102372598 0.0 0.0 0.0 0.0 0.051269554780446924 -0.04841316969395848 0.0 0.051269554780446924 -0.05020147280447418 0.051269554780446924 -0.0008056688675424084 -0.05020147280447418 158372.14992772846 0.3085930700181052
-0.4001158783212304 -2.5021375173237175 -4.848327889339998 -0.24594185256864876 2.9533374132588506 -0.7002259199507535 0.35180547542404383 0.24679439689498395 17839.71679191722 0.2511593238450587 0.20016400353051722 -0.45324787544086576 -0.20223940405412577 0.0 0.0 0.0 0.0 0.0 0.0 0.0 0.0 0.0 0.0 0.0 0.0 0.0 0.0 0.0 0.0 0.0 0.09893798145640176 -0.40338118036743253 -0.0005492609343491495 -0.35046411969233304 -0.044556907494552433 -0.10839844984002411 3.8967884166631848 0.5024707873817533 0.09921155113261193 -0.10604849876835942 0.24459807260427624 0.0011588205234147608 -0.0007324562902795151 0.0015990208339644596 0.0 -0.0003295622591394931 -0.4020996118779294 -0.3012085333757568 -0.0006592732534045354 0.0 0.0 0.0016296624526148662 -0.0004028940384159796 0.0016296624526148662 -0.0003295622591394931 -0.0007324562902795151 0.19860827043885365 -0.0003295622591394931 72074.78777463901 561919.8621808593 0.2475892084185034
-3.970644336892292 -4.619142026640475 -0.36282518808729947 0.28451345418579876 -1.317445051856339 3.7348915096372366 4.534147005993873 3.9347828160971403 741.038756222672 3.2864359591621906 -0.06994832726195455 -0.2655346452957019 -0.25900428160093725 0.2974244289798662 -0.20510839705821127 0.19076443673111498 0.29766810053843074 0.045715248910710216 0.14764380242559128 -0.000988873107417021 -0.050378451371216215 0.04863267553446349 -0.10296647019276861 0.19604510403587483 -0.10296647019276861 -0.0021912686352152377 -0.40353459323523566 -0.407623968902044 -0.20617780019529164 -0.057648761838208884 0.4439691748120822 -0.31216548243537545 -0.4109815319534391 -0.2616891413927078 -2.5161765068769455 -0.9194964780472219 -1.3177503105252981 -4.0165726114064455 -0.06744564650580287 1.469268725020811 145923.6730999198 280725.25470320747 274658.64180187904 0.29528700845548883 -0.0015748476143926382 0.09765580293606035 0.29415820800932124 0.39675807440653443 0.048516741568164434 -0.0012023955350741744 -0.000988873107417021 0.3982542241574265 0.4974362792709144 0.1947011830052361 -0.4033198779216036 -0.3532716284680646 -0.20587184248142876 0.34844945049553644 266756.62507715164 4295838.399306122 1215639.805576271
-2.8926078896038234 3.9559936416335404 4247.65000619238 11633.913420128913 53839.64716588735 125311.96817806628 3737.452635367482 1.5513621389400214 51016.457653390135 127905.7824584786 321183.9381696239 182975.09697283673 0.2503670630976558 -0.09793085418641567 0.10208182199858129 -0.10192793502938002 0.1006159617099911 -0.39889486343599856 -0.2470090283313766 -0.2996830268530175 -0.05160529783461243 -0.20046969538088888 3.2035829400410876 1.978912687394768 -1.6465758075937629 -2.8982546138577163 0.05194189492613077 0.1515510914614424 0.3496089018881321 0.05368018848821521 -2.7468876417260617 -0.04547149897553027 0.45120195485651493 4.057007629657164 133298.40405745726 -1.0504143401049078 -4.926146182231605 2.4055481227114797 82096.21312713275 235585.67492027435 554087.0832647113 536664.861195796 160211.46369569577 183104.5934420187 141146.99651060285 -0.2487488166661933 -0.39700376393739134 0.2533570956729818 0.3988952431245707 -0.45129320287378505 0.048034475767053664 -0.05081164266448468 0.09927430818788707 -0.44387832994107157 0.14947558951098472 0.09628359490307048 -0.2004396931733936 -0.10122636193409562 770467.7213181236 5849650.640213929 7477683.45263363
-2.297209999989718 384260.2168940873 407495.3394301025 1017320.9719744768 59000.166844051695 913436.5559604602 811244.5136763863 615136.1704982942 -2.5177019657567143 843692.174674129 306921.0238511988 1272059.9951510003 403316.0244279098 50485.671220479766 0.4279774271417409 -2.0587178799323738 0.38409241545014083 -0.2666632158216089 -0.06683433870784938 -2.7598582026548684 -0.003874919144436717 0.4240717302309349 -1.248777313856408 3.956147695891559 1548.5869689654382 -2.9687521550804377 0.881040463456884 -1.2661766412202269 -1.6212477274239063 -2.623292949516326 2.7325421585701406 -4.621888327412307 -2.2718829326331615 -3.0671717214863747 289618.92569852044 3593.5999270899083 245674.19539379288 -2.4121088972315192 39434.96034008522 428487.47100924695 126738.62469719775 176466.92504762695 7085.313482820873 347121.7365673622 249186.86620217699 32950.7569799094 0.4439076934941113 141757.89363247465 326361.8224586414 284393.1136550371 185464.42431707363 133212.52968197133 187823.9771119001 563196.6599159339 -2.3796057598665357 -0.3499758841935545 -0.35296716599259526 418528.13669366855 1196548.2611840612 8816331.007056521 7172727.7036495535
889710.8791980941 881278.2083727655 285819.34109123383 200647.84098858578 487198.2706945827 491481.5877065555 995621.3882093604 1261902.086250686 1410995.2283151704 1353194.975138049 1261894.542901882 21211.116561140738 419173.49887350976 617548.539066833 240453.33928736497 103356.05062496787 1.629944597138092 1.5957653759978712 102648.39764930707 -5.0669846795499325 32909.62372888561 -9999.0 3568.663234974304 110852.01025319079 85004.16896667634 1249.7281998911064 2980.9822757179804 3.0014026348944753 -3.212583764689043 -4.2219523610547185 257327.20047512214 -4.6745297813322395 4.974519510753453 348087.399700199 28406.09928980976 82548.77390754163 251636.775670968 270320.00058353815 1292726.820131468 586497.4696988749 770309.5021403866 205577.9105936798 280867.4483934179 326425.9349574926 147644.38628678868 188557.45264037815 257597.6454722927 -4.740294897696003 190369.0925214765 337264.3876088429 558834.0239289165 681692.4770571013 35236.284399945405 442177.3902841766 815390.2178369983 2.261505346512422 -1.3529988061636686 825754.9504547648 1302348.712724344 4387012.34769446 1639373.9248712459
1978176.6170796964 1927561.7507061677 1209536.5830264986 843425.4313160382 1237868.6236848254 974865.2568856843 1087274.287387893 2072864.9920596976 2778619.8862207327 1401386.960197557 1942875.2759474865 1357109.1166278315 1059824.405809169 1703323.2732836418 402616.9828104178 -4.725338905816898 387754.62112747197 258608.76854378285 688680.0142847977 557740.7697516597 100264.66969855526 153427.4320113927 -9999.0 -9999.0 179286.33355425013 327202.0814010997 136578.52027830508 3.8957226714119315 4.5703118848614395 0.8428956582210958 -2.280881095677614 108086.18888791448 110684.12946546933 4622.022193495381 12026.400427083794 37000.826261718554 408980.916267661 1535722.6852462275 2261085.8239231594 3053529.261736257 731705.9841549974 354954.6128566141 699498.1664330264 127393.7116915423 365304.42559658515 244894.25098965244 66784.91537866867 70472.1191372106 48587.556086337194 200974.46208514302 169847.63237056247 640970.058600874 200356.31037243776 188349.1676811321 686338.4046751929 291963.834859273 799804.3714955145 718527.4482349202 226663.6044757522 1680014.1871554698 3970891.0103448667
2561673.8339085057 2857829.0765253077 2100436.6830890877 2673418.41530646 5062865.577285283 5879293.934568949 5085333.708926382 4761590.585150642 4895327.028097088 3921391.9799866453 3779587.9278722596 1405834.260084641 1642364.0835276633 1338219.1181844817 942719.4682837448 1017076.8546471522 862956.9576093644 728841.5886864932 114542.00481059332 -0.1702887392602861 651360.0281852758 336734.2743189345 191695.4085146045 127323.32996933581 176834.75107400605 140927.9191220859 1307.6988012665038 144571.90469289455 238142.48915573864 134773.60642400174 486901.4357662287 106244.3151679132 445352.171912036 366885.16516578913 487017.12502412667 519063.0323730471 463871.6814829722 502332.4799627831 2250159.8317279797 1305839.8333332434 1492954.9010033624 743013.1472992769 1334414.9373693422 -0.3790273000486195 281925.726197303 416501.4134049113 75353.64811459661 332004.8234980566 432021.16230470664 553709.9433879592 635303.9609617254 366642.13460953475 704493.8032001677 412681.7612530468 343868.1245631135 1125704.139486316 1972751.8478128517 1287081.1435875518 166942.3301567784 605504.6408615189 2643774.3295109244
49640621.157736674 2222133.159382886 1690047.7113144528 4358275.928809387 5504785.768919243 4639752.2496160595 4413835.21235352 5427643.578582492 5207388.010473892 6351611.952147698 5457409.834963664 5403516.664194702 5472109.337578945 1627463.8233396464 1492071.5326651572 1159453.9072955924 839223.4477920574 883517.6383570898 1017966.2273127575 500071.8724174727 760143.8211422815 770277.6936562755 421945.1240974269 393029.0657502837 171715.69795730463 178866.28824892075 174788.98032798473 119495.80033270549 940258.5002102205 2002784.6855929438 487602.7310110641 1971518.243818062 715397.971426805 950030.7257383508 242683.9744280522 793761.2446783559 378826.90442040237 637350.0235129939 2259488.076833993 2002823.9604835915 1658033.6145357795 2633475.8869650215 1120204.9638663512 39462.569685732946 405475.81625142094 376726.96896404633 180174.5006708124 780444.0635595648 874848.1753300591 1380535.9084374672 782056.080287749 506517.2914833805 1273019.753451828 1439215.6757985118 1145850.7151661178 1249844.8779034296 2411288.473400314 1693506.8885167735 457130.85706712893 200284.42445973156 2340824.82066522
4256724.979728568 4964790.782602552 4956754.577549462 4317629.504533573 4874466.629241057 4529639.093787937 4947649.270634746 5318247.954250079 6136155.775848538 6865370.604124044 6401201.67440082 6464965.370600591 6621348.615940394 6090520.916124219 5448985.638322154 3789816.6617165925 3444776.6655293014 2839733.4060354475 2809953.279688973 2875449.73930838 874087.5911657034 942008.5279413105 1016173.0614375249 507132.7467722947 502563.9762729625 671065.9999871172 4437960.606408669 3865331.581287542 3889211.9992642486 1287054.9873778494 2302225.6501716496 952989.3592629648 590612.4718984164 524134.20557480684 237032.7220496345 652764.2131906115 750809.2493071454 448762.22959784034 354692.2512216074 540592.0072885302 1902754.7213807954 4094754.1056865947 1789054.2308808828 1395183.7470155382 1255960.4677597606 1205116.4154086849 870722.7256010605 1370175.3958054618 1403059.598839771 1155913.296000121 382549.73700099724 976849.4854615311 1211428.039126377 1582607.151521373 1588127.9148753874 2109543.918501268 2608089.824608838 2965414.6346238176 3049012.295758674 416580.61923400086 2755417.531857831
1926082.768040975 3371203.1925264555 4565174.531513254 4901261.9954042975 5639504.501790005 5514071.34139971 5101726.615971629 5034188.573498806 6544059.6150802 6873936.6366038555 6568082.632930709 6123287.15356659 5250461.578060117 6660511.44082447 6106320.434977755 5434423.108695859 5038059.570680389 4368255.90911318 3591878.874216058 3210860.091670626 2882209.939722942 3111685.7974031954 8173908.005229805 388173.3884631543 2050382.8577998152 1416151.5036948062 3940594.014049194 3658732.522571451 1067750.5063836565 742381.474261483 704711.7997384897 229656.42117521737 387928.794562424 268482.72870016494 950150.5242858494 737407.2361084772 466201.55825128325 511740.53248224256 381472.79083594243 1214159.0077902633 2582794.1862924965 4874994.775703371 1951176.440746471 1410303.5339360964 3774023.237144983 2342015.3341897996 2103110.7369982237 2316831.7109070974 1648416.7605523611 444175.4884756072 870226.192363489 2974618.315152762 1207621.81185225 3134588.799546917 997338.9803905124 1082556.6858644502 3359003.538488363 1724788.520349467 1223881.3803505276 4019334.3474032814 3682426.051926885
488101.7598246675 3583582.27554679 3981805.295449104 4481187.4774238 5763659.138718483 5414461.765102769 4653348.554036563 4787370.609675817 5258340.597345118 6753263.751824494 6429288.929467633 5523999.007601766 5006824.495620677 6435303.31821612 5256816.737542623 5024377.634831137 4675407.937588698 4220316.918679433 4665287.479959175 3892391.7553967256 3796538.294932234 2433493.8850910366 7812714.08519299 9180453.708144994 1582988.28110055 2320255.224757398 1630324.7719889856 3482491.7996309465 734085.73449998 564067.0535922013 79196.4124407199 138026.20729464007 58874.421120130326 230738.10820891953 706643.3833083133 177299.4893581724 205177.1841055518 120110.94227292071 2680946.1505711223 4218383.656795674 3279493.3336132914 1986510.3633156572 4194922.015066785 4611821.008012345 3547675.8560182755 3419955.136705859 5047699.543380269 1916624.849885674 1313537.2427527348 4134190.325968655 1823269.453126655 1145665.1525801632 610844.0711405432 881439.3829809075 1122739.7097690369 811947.3739250037 1344406.2231998346 884009.5733484435 1356509.9773439039 634366.6962990105 2528963.438651065
1564397.0083346895 801881.7976223401 1359405.5579934947 3885495.8341889703 5360013.75201642 4432085.029236348 5165170.295866638 4374636.357446373 5119794.587679915 5775996.130847937 5231135.429200415 6369622.633383138 4712077.15935588 5392436.910946485 5471555.869368449 5995700.207764781 6381562.996496162 4803307.977070014 3620315.901362376 4349466.0365810385 3869753.1585913813 2452790.931024731 9448109.380311452 8330967.192096544 12365372.524300106 636772.2841672646 443183.44148752006 1122591.0333457931 565340.6380983213 344565.958711473 650535.8151050234 332688.47222555405 152945.7454380038 162694.50245375236 386904.1592633971 332556.0582173392 325730.8986935303 181165.1386361088 2814521.656564102 3302799.288115201 2892196.561866785 364968.3915949643 373293.50453413976 2788334.7675622446 1321098.2427704912 752055.8636163052 865857.4075867352 976550.768229594 922608.4337053748 3773151.8860532832 693952.5701210597 605249.9205405851 539811.7735248079 236462.6684260575 426807.3290175454 807715.9023363288 731635.4643072237 253066.35911067558 962637.8077569758 2277768.7988794157 2599156.2172983824
1228772.1782207708 663154.092796966 571690.5291190518 2358165.2248599636 2951384.0975313187 3974013.897730263 5423475.386722963 5347649.610899297 5198744.906962175 4936498.9840159295 6207655.801985204 6684336.150734416 5374260.137973615 6219967.818860801 3855944.287826374 4017069.7333074063 5442337.576278663 5134878.1470091585 5162507.788748549 5210185.182559896 7140243.07331807 6367004.70286487 4079836.757625336 1027775.4645480291 6037095.735260917 1489598.3689213723 600527.8289892172 441593.49596469966 363037.0631020216 376651.0349854221 615718.9395385525 3084458.9102870002 384237.23330233985 224556.6322606115 335386.83552151197 19409.991624996197 98493.40171305004 167069.98812946485 292750.38265360886 132506.0428061395 172764.7148719621 58743.305311640346 13802.770377563776 0.0 0.09204217448132113 323350.5332030874 197960.3798914815 540914.3785679806 99308.68001112659 294485.8603958159 311054.5406338375 126576.2411924634 456464.97743512975 309399.8809669203 468481.7066346138 59425.11488904142 270862.42221999186 603293.0043780727 1018112.6020514516 1303697.092353109 1290621.6296097278
2341504.699882621 2065774.4020640743 1530413.9952566484 2535659.4300658894 3269528.675016806 4451336.329657588 5824940.955547681 4762861.17515047 4714971.4761820445 3930548.1113185193 4910593.15353501 4659684.459776189 5123194.247444441 5365142.993503956 5411971.441297667 4938551.542958101 5667656.727819694 5693575.710979175 5828977.202715486 5079596.473672081 6890464.1910903305 7277902.22418563 1536388.8096323083 1306223.2553999452 1650884.2220692874 5518732.313213364 2204319.852778388 1390670.853877489 1064737.1278107043 45674.31357150764 994933.2288227475 529703.0668712839 566785.7624373541 0.09011763415765017 161877.24352416562 -0.3201601030305028 0.0 8098.189621871128 17287.24027911974 195727.74279084947 34727.37875314734 1.7933652804931626 27578.6072613235 0.1861561993137002 -2.2122209446970373 754560.5110222613 480336.2597361413 890659.9588872143 1107940.8126510219 1336438.278136089 829112.5127069377 434433.96415140154 486045.787338798 149486.167734202 68773.58119949038 36204.64775643719 230162.92363119646 197440.09443393885 479483.19072479324 306037.335126237 312078.79914591374
