Model Version1.4/trunk/output/1999/n_in_agri.asc
ncols 720
nrows 360
xllcorner -180.0
yllcorner -90.0
cellsize 0.5
NODATA_value -9999.0
[rows 216 to 242 of 360, columns 366 to 426 of 720]
-9999.0 -9999.0 -9999.0 -9999.0 -9999.0 -9999.0 -9999.0 -9999.0 -9999.0 -9999.0 -9999.0 -9999.0 -9999.0 -9999.0 -9999.0 -9999.0 -9999.0 0.0 0.04957886015472468 -0.39782623562496156 -0.5419604801572859 11951.490338694992 2289.7268305454845 0.46017577941529453 -0.034514557803049684 18620.44213243009 60173.24318910116 259001.5019151578 508288.06907174666 833307.6724195315 517640.79318916594 702042.4629115548 515561.3937325909 85258.18200103902 235265.9472566282 136941.8569610007 184374.72357370914 116914.60114628362 19739.968146951094 24849.65031391274 8069.943380190462 337871.87696787535 16602.5204272382 12736.910001614193 32143.75338158729 440155.76332025015 814388.0476177136 821795.5075914165 336383.8141389645 686091.9412033221 805250.3014792792 707102.5452981602 954127.8861617128 371173.24772472266 355524.21549395856 504537.42588876496 481769.26594524464 249038.57208619858 169792.27881618182 629727.5006124965 36126.62027291866
-9999.0 -9999.0 -9999.0 -9999.0 -9999.0 -9999.0 -9999.0 -9999.0 -9999.0 -9999.0 -9999.0 -9999.0 -9999.0 -9999.0 -9999.0 -9999.0 -9999.0 -9999.0 0.0 0.0965577841270715 0.29931731265969574 505.6206432050346 0.05169768049381673 -0.30917293578386307 -0.45819133322220296 32960.33206246025 0.0 0.0 316259.58421585365 188520.00139007362 138905.40184558427 292592.94906142814 611906.2869013897 205191.02395300404 101550.77872718792 10506.715148384548 0.034730331506580114 -0.49655039282515645 0.43829272338189185 -0.35183729126583785 0.49508804274955764 0.44934158254181966 0.0 55225.41510852524 49063.65233807723 27418.334083301994 0.0 976790.3239425167 102656.65787191187 370458.9433071491 704565.5709709276 857808.9764582311 2453082.5705680205 205157.48921062815 545153.0180447523 139293.52899410654 589521.0160830971 1368241.8054740308 808749.4318584586 460562.5032716787 417535.079358706
-9999.0 -9999.0 -9999.0 -9999.0 -9999.0 -9999.0 -9999.0 -9999.0 -9999.0 -9999.0 -9999.0 -9999.0 -9999.0 -9999.0 -9999.0 -9999.0 -9999.0 -9999.0 -9999.0 -0.0013610255846288055 746.4506525177175 158.49350820019433 0.5497739986749366 0.19720476923976094 6440.007400193735 0.19711227028165013 3817.0911619317317 129598.56775151857 605999.9531340143 622989.8713388832 511314.55655015784 123448.00593052259 413087.87650748197 154857.89518875632 124660.19753870013 211229.35437766754 0.3027048361254856 0.3219914777437225 -0.19717394676990807 -0.40008477034280077 -0.3996280560968444 0.04968157655093819 0.3235470286454074 -0.0016487518441863358 6452.828900116061 7113.912259877701 30343.067566985148 326258.22136105306 695587.2811545073 132897.0391704441 674309.1677620988 580034.9525300936 1028295.2769176195 119276.41301155514 53876.4390372919 269277.19566501374 677138.7588582756 6154890.994632607 3865470.740114188 1512703.0316184764 677176.7806024451
-9999.0 -9999.0 -9999.0 -9999.0 -9999.0 -9999.0 -9999.0 -9999.0 -9999.0 -9999.0 -9999.0 -9999.0 -9999.0 -9999.0 -9999.0 -9999.0 -9999.0 -9999.0 -9999.0 0.0 0.0 0.49664341792231426 0.050048783770762384 0.4989930533338338 11474.873770849734 -0.4541318849660456 40325.780359645745 222411.84443929952 267366.6909489223 179122.40447909595 2281.0149919679197 1161.7802683940158 152584.6229119756 194735.15701445233 198336.34528103255 218306.14655419393 0.44802855770103633 -0.34353605681099 0.4703358879778534 0.29916391137521714 -0.3853449319722131 -0.2863453992176801 -0.24996933166403323 -0.24841319269035012 0.05075093649793416 9569.51274236775 110316.75679803971 1640848.7861146017 2677551.2104318338 1959828.4204301224 624374.637588212 672153.2241807178 517407.1120699109 201213.10650598555 1259341.853249331 1177973.693298645 2470633.7627845556 1936054.9262445595 2229010.823578407 1121807.2977176702 48798.73743452366
-9999.0 -9999.0 -9999.0 -9999.0 -9999.0 -9999.0 -9999.0 -9999.0 -9999.0 -9999.0 -9999.0 -9999.0 -9999.0 -9999.0 -9999.0 -9999.0 -9999.0 -9999.0 -9999.0 -9999.0 0.0 0.20736631494946778 -0.3902295338921249 1611.6939501957675 12.064047392809325 1074.175878076525 23480.139114385325 275127.89130190585 66916.82712913743 11964.759770473696 0.2850958026247099 -0.18396141449920833 4900.294654520687 -0.34152321924921125 -0.18560901971068233 37008.9495531852 0.17043980374000967 0.20764020085334778 0.42526354803703725 1078.156887166786 0.452056335285306 -0.32562109164427966 -0.43258753314148635 -0.0032044737017713487 -0.28897160780616105 -0.43154927366413176 15117.477680396045 -0.13757319923024625 1887592.4492148792 1885527.5970347316 150781.9290444963 567807.5496363937 1535906.303035345 984390.2208043856 2080977.739551383 1534422.6888279181 1794034.55491275 2072024.9950820361 1265488.590311178 309727.8718679901 8447.706555366114
-9999.0 -9999.0 -9999.0 -9999.0 -9999.0 -9999.0 -9999.0 -9999.0 -9999.0 -9999.0 -9999.0 -9999.0 -9999.0 -9999.0 -9999.0 -9999.0 -9999.0 -9999.0 -9999.0 -9999.0 0.0 -0.30712877435144037 -0.20169082569191232 0.341400358825922 0.2905286638997495 11.809454904361756 34227.12638601658 50998.811694821576 -0.11291351914405823 0.23706088052131236 -0.41827298095449805 -0.10247834410984069 318.1425101392438 -0.11614915507379919 4608.259065592544 24118.29867861201 -0.6055598806124181 -0.4120781811652705 0.41201824066229165 0.36749384400900453 0.23568882094696164 0.08291736710816622 0.4406134053133428 -0.41589255386497825 0.19445803607231937 -0.2541192986536771 46364.10605840896 91521.42799698611 281887.65349406004 3801455.162467558 2620301.3406468467 2616277.753288823 5291087.120262667 2022272.024503655 1765729.8517769158 1289932.7793267514 1225447.6310649838 634688.3796441572 2057941.2004152187 296388.2442897481 17975.294067000636
-9999.0 -9999.0 -9999.0 -9999.0 -9999.0 -9999.0 -9999.0 -9999.0 -9999.0 -9999.0 -9999.0 -9999.0 -9999.0 -9999.0 -9999.0 -9999.0 -9999.0 -9999.0 -9999.0 -9999.0 -9999.0 0.3007510776515119 -0.051635128853376955 0.4467468935181387 -0.15148867253446952 135.94990143729962 1063.1552456847196 -0.005126370466314256 -0.39907807169947773 141.89058566728886 338.2044754280138 59.52776314284856 269.4383484060921 2542.3538617631675 16606.89471751593 0.046143238665536046 -0.4950260533951223 -0.30413758067879826 0.20129370922222733 -0.25173905270639807 -0.6035160303581506 0.015319100813940167 -0.07916166877839714 0.45492568938061595 -0.5174556169658899 0.25170872057788074 1207.381569085236 560140.7049660186 250684.28661742384 2096537.472296133 1302757.6682316689 2149824.7650882388 1107179.3961740069 936143.9257506807 403205.6769408397 491666.53809105116 623634.1568460998 1709988.802131108 499894.0237388511 25264.14862525815 169431.5368670567
-9999.0 -9999.0 -9999.0 -9999.0 -9999.0 -9999.0 -9999.0 -9999.0 -9999.0 -9999.0 -9999.0 -9999.0 -9999.0 -9999.0 -9999.0 -9999.0 -9999.0 -9999.0 -9999.0 -9999.0 -9999.0 0.04138406259153271 0.08118817614740692 -0.0007935936591820791 0.24761970460531302 0.36706447263713926 -0.4582531686173752 484.2269681631864 -0.21319732442498207 84.93913014083833 128.35123731647258 0.1426370448898524 3354.5224610976834 -0.05975465686060488 0.39794781571254134 13894.008838688953 -0.10360673989634961 0.07974378857761621 0.2596129826270044 0.5307305462192744 -0.357789397938177 0.4931636875262484 -0.4510179148055613 -0.10482863383367658 0.34231500583700836 247792.2255967669 4975.0000489624745 27558.632717293272 29193.5706940347 315837.61357723793 266005.63833009027 -0.003052149433642626 -0.11386045929975808 -0.10375884501263499 0.12542682490311563 59996.719505266316 242242.7077206076 42963.6692165314 0.0 16156.299714352717 6806.504031508596
-9999.0 -9999.0 -9999.0 -9999.0 -9999.0 -9999.0 -9999.0 -9999.0 -9999.0 -9999.0 -9999.0 -9999.0 -9999.0 -9999.0 -9999.0 -9999.0 -9999.0 -9999.0 -9999.0 -9999.0 -9999.0 -9999.0 -0.00587427203572588 0.001855350194091443 0.3056935571366921 0.30444226518739015 -0.00036709639243781567 2166.1235033564744 154.908343912405 353.60877299925085 2838.8728399663146 30.665013796197556 0.39782644889783114 0.2968437639065087 0.22064254147699103 -0.09066793113015592 0.380249890149571 0.0030512467492371798 -0.24371416913345456 -0.4005427689990029 0.20156820537522435 0.45800623181276023 -0.25088567775674164 -0.3073114297585562 -0.3945940264966339 248720.46593017495 0.14852743572555482 775112.7409293349 474323.04815025855 914614.3615875735 315723.54097893747 5749.035838649714 193047.48737776506 212178.17117455156 21412.291407605124 8195.183744419195 9564.69347574594 1278.713768917692 13384.384674318928 15478.453509963469 0.0
-9999.0 -9999.0 -9999.0 -9999.0 -9999.0 -9999.0 -9999.0 -9999.0 -9999.0 -9999.0 -9999.0 -9999.0 -9999.0 -9999.0 -9999.0 -9999.0 -9999.0 -9999.0 -9999.0 -9999.0 -9999.0 -9999.0 -4.579999949783087e-05 -0.04296876277658157 -0.39346309239044785 0.007783299777656794 0.3529364347923547 -0.5811144961044192 138.25335402673142 -0.1437674582703039 0.30999879469163716 -0.1414471574826166 -0.2892741927644238 -0.43920797028113157 0.21011517010629177 0.15915023093111813 0.16384857089724392 -0.05325177940540016 -0.0900562119204551 0.1083689141087234 0.006806803052313626 0.11566114332526922 -0.493867079494521 0.20459052606020123 -0.4743335547391325 -0.43722331686876714 -0.34036122099496424 265615.7558783657 454459.19495259936 317651.76597940386 1716864.2267749936 1060500.7356352024 772398.3760161719 108278.98463584523 10704972.63178553 13319607.54176255 1745295.6269677896 1069.143381404886 -3.084409225033596 0.0 6593.208595560478
-9999.0 -9999.0 -9999.0 -9999.0 -9999.0 -9999.0 -9999.0 -9999.0 -9999.0 -9999.0 -9999.0 -9999.0 -9999.0 -9999.0 -9999.0 -9999.0 -9999.0 -9999.0 -9999.0 -9999.0 -9999.0 -9999.0 -9999.0 -0.04979867937800009 -0.04971933540946338 -0.35147171665448695 0.3487849581288174 -0.053040866390801966 -0.21597285103052855 -0.2022712390171364 -0.0022591179003939033 -0.5516971624456346 0.3963304621865973 0.14837582828477025 -0.3528153366642073 -0.4498894535936415 -0.053253280464559793 -0.40463129174895585 0.06588698597624898 0.25106721150223166 0.09985265461727977 0.1758739771321416 0.19729729765094817 -0.3514714619377628 245739.85793427652 246558.66832380733 0.25008973910007626 19433.272902790577 944804.8579882957 2083881.243364933 3261114.0984741687 270558.68677832786 1384162.6716764509 17740968.125807595 16176506.15971303 19481283.074413896 -0.4024056663038209 0.0481870919757057 12600.550560685806 10441.133870059984 2396.3883523230998
-9999.0 -9999.0 -9999.0 -9999.0 -9999.0 -9999.0 -9999.0 -9999.0 -9999.0 -9999.0 -9999.0 -9999.0 -9999.0 -9999.0 -9999.0 -9999.0 -9999.0 -9999.0 -9999.0 -9999.0 -9999.0 -9999.0 -9999.0 0.0 0.1562189580872655 0.09860139235388488 0.2979728472419083 0.34625151194632053 0.45361161592882127 0.29873597517143935 -0.15576257335487753 -0.3985910154879093 -0.1622013549786061 -0.35663011483848095 -0.10635490412823856 0.2098984943004325 0.2053219274384901 -0.3523870025528595 -0.0039076505927369 -0.40411485347431153 -0.052217113436199725 0.05157366720959544 -0.10885660967323929 0.09869294823147357 540200.203064222 296291.5239165514 1100.400208818521 308734.8212328579 6916.223149084244 343784.13227894134 92403.01609129518 78346.79150530322 1828137.7065008136 1018158.9189002007 6480036.730293313 3324296.100860278 595603.8342101845 26604.249414664922 0.24613891792250797 22326.798360419347 5673.771087917174
-9999.0 -9999.0 -9999.0 -9999.0 -9999.0 -9999.0 -9999.0 -9999.0 -9999.0 -9999.0 -9999.0 -9999.0 -9999.0 -9999.0 -9999.0 -9999.0 -9999.0 -9999.0 -9999.0 -9999.0 -9999.0 -9999.0 -9999.0 0.0 -0.0516654048115015 0.39953663310734555 -0.3892517475178465 -0.2872912718448788 -0.43411234044469893 0.3589177508838475 1363.7183032147202 -0.38879330758936703 0.30670247599482536 0.20828301808796823 -0.19470129790715873 -0.044189377687871456 -0.09475668636150658 0.006071929121389985 0.4101876827189699 0.06091298128012568 0.2019028547219932 -0.29174776072613895 0.1582647506147623 2185.679854734803 542532.3413443558 548704.5620381417 0.05535882094409317 1002958.0483775778 1647926.2600823944 470575.4206585747 965083.0655118652 3442647.329460172 3737242.002998935 1607854.7875293666 1306952.613681595 804990.2562253493 215445.7573862387 1310487.31512225 1600.2187496683619 463936.1468853672 48624.40035904154
-9999.0 -9999.0 -9999.0 -9999.0 -9999.0 -9999.0 -9999.0 -9999.0 -9999.0 -9999.0 -9999.0 -9999.0 -9999.0 -9999.0 -9999.0 -9999.0 -9999.0 -9999.0 -9999.0 -9999.0 -9999.0 -9999.0 -9999.0 0.0 -0.3910513245500624 0.30719038331881166 0.06588843010831624 -0.059814464999362826 0.11987396434415132 23781.648287762266 0.27023337490390986 0.21576009946875274 0.1671454884344712 0.06662075885105878 0.0 0.0 0.05679400614462793 0.272796553443186 -0.38726804591715336 -0.3360902777640149 -0.1416311573702842 -0.23782300972379744 0.009949050610885024 4533.239846339855 6320.066202198095 531627.6761664216 1068424.5283738342 408735.5826338509 794822.1029937376 1247843.3889192473 1220524.9432129737 15675127.452564534 3364020.458412998 4665306.560253269 1052082.578759225 621004.5782233786 1832992.2422342363 1914511.8080864993 38411.05816244372 166863.61287201208 993130.7237456348
-9999.0 -9999.0 -9999.0 -9999.0 -9999.0 -9999.0 -9999.0 -9999.0 -9999.0 -9999.0 -9999.0 -9999.0 -9999.0 -9999.0 -9999.0 -9999.0 -9999.0 -9999.0 -9999.0 -9999.0 -9999.0 -9999.0 -9999.0 0.0 0.45538415742339566 -0.19561695627635345 0.013855440192855895 0.0628973909188062 0.16348325554281473 -0.3355705919675529 -0.4834272814914584 0.420197386527434 0.07479937467724085 -0.33233526279218495 0.0 0.0 0.0 -0.002612220254377462 0.31720024964306504 0.5101931863464415 0.0693376783747226 -0.4348131720907986 0.27099590143188834 839975.5143794068 386163.23316688236 305531.0870959537 767968.7264858746 1028438.2860462131 1524421.8650992722 3416987.2274672505 3948017.13755403 1107979.05687012 3266366.874789698 2586504.7702606358 85627.82075573702 0.0 2402000.4367557596 1856428.822114231 158475.05895256982 693121.6651785403 258424.78837566712
-9999.0 -9999.0 -9999.0 -9999.0 -9999.0 -9999.0 -9999.0 -9999.0 -9999.0 -9999.0 -9999.0 -9999.0 -9999.0 -9999.0 -9999.0 -9999.0 -9999.0 -9999.0 -9999.0 -9999.0 -9999.0 -9999.0 -9999.0 0.0001068357341864612 0.30029235043912195 -0.44683929422171786 -0.241486607468687 -0.3406986346235499 0.05917255626991391 -0.4433604284422472 -0.2938849958591163 0.003173378063365817 -0.4098493503406644 -0.24368375120684505 0.0009825811575865373 0.0 0.0009825811575865373 -0.34237722284160554 0.20565769844688475 0.20751874474808574 2.959898843895644 2200.745304639896 1824.2658859923304 568886.8559454387 681565.9943019366 1100334.8801219226 359988.20327038935 1336994.9983235148 3961735.4703198574 3806498.2537475117 1664986.339288609 2635633.6059056986 2083612.1134086682 1890026.5562339951 173449.3500314025 1111318.0120181304 903768.052746568 2122267.5381815475 177048.83273963176 604554.5825566314 -9999.0
-9999.0 -9999.0 -9999.0 -9999.0 -9999.0 -9999.0 -9999.0 -9999.0 -9999.0 -9999.0 -9999.0 -9999.0 -9999.0 -9999.0 -9999.0 -9999.0 -9999.0 -9999.0 -9999.0 -9999.0 -9999.0 -9999.0 -9999.0 -9999.0 0.053318906953791156 0.4393917449633591 -0.20782547490671277 -0.117431765422225 0.03665149037260562 -0.16488758649211377 -0.46655298804398626 -0.3211064289789647 -0.37402347614988685 0.3209838423645124 -0.012756575946696103 0.048217785282758996 -0.4642029411625117 -0.014312601066194475 -0.34387102036271244 4.07669021631591 1.6258236933499575 2.6281734500080347 873.355449526713 1371.271104069757 1704104.347940559 1618139.6840919768 5105212.501549434 4951442.472624223 4353596.914293898 4225427.115165414 3937713.466023321 22931851.15915126 7423623.029383598 22338523.474552143 20753501.88176296 1167859.6860300617 1534004.5836317001 1649080.975286061 236498.63987131655 97644.91685722653 -9999.0
-9999.0 -9999.0 -9999.0 -9999.0 -9999.0 -9999.0 -9999.0 -9999.0 -9999.0 -9999.0 -9999.0 -9999.0 -9999.0 -9999.0 -9999.0 -9999.0 -9999.0 -9999.0 -9999.0 -9999.0 -9999.0 -9999.0 -9999.0 -9999.0 0.15293876858777367 0.10388170581427403 -0.4099434089730494 -0.21374644432216883 0.5393369246739894 0.13281210348941386 0.18692153610754758 -0.11373932869173586 -0.31198178546037525 0.37384113937150687 0.5859368061646819 0.9431453768629581 0.2454219136852771 -2.1087662097997963 1.5380842834711075 2.185057499911636 2.230529340915382 -2.108307308051735 127011.92515773451 12877.817267925311 41973.055351302675 162876.28452108486 6159258.737116855 4491074.055071447 5149857.272864546 6871951.6357941 19950025.578683093 21636913.20650979 17506279.364385232 5734386.037302249 15358370.389392573 830006.4401395513 1746635.007571267 859534.3820729682 96862.18156309029 71509.37763819438 -9999.0
-9999.0 -9999.0 -9999.0 -9999.0 -9999.0 -9999.0 -9999.0 -9999.0 -9999.0 -9999.0 -9999.0 -9999.0 -9999.0 -9999.0 -9999.0 -9999.0 -9999.0 -9999.0 -9999.0 -9999.0 -9999.0 -9999.0 -9999.0 -9999.0 -0.24622857035137713 0.05306941224262118 -0.24877861666027457 -0.26153517165221274 -0.10479695117101073 0.4913938941899687 0.03692605427931994 -0.36404422228224576 -0.113189633237198 0.1362309460528195 -2.6141349996905774 3.8836665886919945 -1.3626095606014132 -2.8630069529172033 -2.7142336387187243 517.646420385747 13765.31800275451 18415.052197482524 24501.803880222287 24699.915312986705 5782.84756976182 96472.87155847451 164115.66788093187 6927172.836622954 22814842.614311367 18680661.256666917 21260482.23041122 6779544.9651313815 11869304.50433292 4712760.476516636 2181400.716394687 1224241.5453001016 542969.4085771216 1903672.4900927625 813139.6923548415 373076.52606429416 -9999.0
-9999.0 -9999.0 -9999.0 -9999.0 -9999.0 -9999.0 -9999.0 -9999.0 -9999.0 -9999.0 -9999.0 -9999.0 -9999.0 -9999.0 -9999.0 -9999.0 -9999.0 -9999.0 -9999.0 -9999.0 -9999.0 -9999.0 -9999.0 -9999.0 -9999.0 -0.04818744264775887 0.30044466810068116 0.41625949076842517 0.46527050354052335 0.16082704334985465 0.15551742142997682 -0.4858407462015748 0.4634395877365023 0.11151050578337163 3.2247903819661587 2.4720745030790567 0.821684172609821 2.173765191109851 0.821684172609821 -4.695128961233422 10259.796612704695 11809.438039450717 4335.089146321645 1033557.6708257851 56249.74237133361 1960926.877394402 188084.3885049559 6139500.960704094 12123588.454362066 20928642.842356842 3511885.1701393225 22326993.382919084 21966565.0464863 1475750.8300794614 2300521.0691356435 1095916.9238956696 355866.7383341741 914696.4029400502 1148137.337230319 214603.14916764945 -9999.0
-9999.0 -9999.0 -9999.0 -9999.0 -9999.0 -9999.0 -9999.0 -9999.0 -9999.0 -9999.0 -9999.0 -9999.0 -9999.0 -9999.0 -9999.0 -9999.0 -9999.0 -9999.0 -9999.0 -9999.0 -9999.0 -9999.0 -9999.0 -9999.0 -9999.0 -0.025488524639513344 0.4455116760218516 2903.7660084751697 34724.92249130204 -0.407897972734645 -0.1634816228179261 -0.3385626293020323 0.3374634423526004 3080.424010184487 30936.55459318045 -0.665130426408723 262646.8316173274 86783.7446729584 4.084473527269438 538.9704118052814 8215.715545822846 16344.376053890928 166086.11908898168 275595.21174148604 2102640.1809754176 1971573.109991777 337204.7691230867 5964839.136370219 5791369.166577831 22426973.70720523 14734312.951662421 18701127.23125253 17917037.886758074 1051616.940708447 3234242.5906358436 1503409.8781545362 433852.3836160376 1166853.4717092027 3311955.7580411886 85.42245300694844 -9999.0
-9999.0 -9999.0 -9999.0 -9999.0 -9999.0 -9999.0 -9999.0 -9999.0 -9999.0 -9999.0 -9999.0 -9999.0 -9999.0 -9999.0 -9999.0 -9999.0 -9999.0 -9999.0 -9999.0 -9999.0 -9999.0 -9999.0 -9999.0 -9999.0 -9999.0 -9999.0 2955.62253196417 11703.78561596591 1.2673944691196084 58864.73877626372 13733.136613588997 4158.771531615928 19158.878527173365 1172.6611297011757 239165.42064053364 699672.8568137496 359742.65895114234 361474.56900986785 142749.756138272 3.3116139895282686 527.0863123506479 4891.276787156376 204889.41968959649 153821.49266384525 31895.290478252806 1942295.814137493 767999.3532825237 2727853.2627395 5933905.249265017 7487104.0548678 2287707.4232220803 121101.20639726098 3244864.1009401516 1965635.4797106893 1140994.7475751156 906111.8578549383 2413417.151390683 3590785.413764788 592716.5268806758 -9999.0 -9999.0
-9999.0 -9999.0 -9999.0 -9999.0 -9999.0 -9999.0 -9999.0 -9999.0 -9999.0 -9999.0 -9999.0 -9999.0 -9999.0 -9999.0 -9999.0 -9999.0 -9999.0 -9999.0 -9999.0 -9999.0 -9999.0 -9999.0 -9999.0 -9999.0 -9999.0 -9999.0 -9999.0 -0.4323322176351212 4.252166779944673 -4.022063430398703 0.0 0.0 2223.1745851288656 0.0 0.0 0.0 1911.3843745697156 0.6024171116296202 101167.13953374255 15057.118723649392 151370.88778209646 326064.2754352523 34281.82074656397 293650.20852397545 1232825.3944703802 1362348.973180237 55749.45249576521 1997954.1440140763 5451211.42737317 6180662.175134761 245392.21947395668 295389.3680672667 172706.13671375037 3035601.4934045738 618537.7801798516 1282924.0332613843 14023295.028470194 878265.6165230436 -9999.0 -9999.0 -9999.0
-9999.0 -9999.0 -9999.0 -9999.0 -9999.0 -9999.0 -9999.0 -9999.0 -9999.0 -9999.0 -9999.0 -9999.0 -9999.0 -9999.0 -9999.0 -9999.0 -9999.0 -9999.0 -9999.0 -9999.0 -9999.0 -9999.0 -9999.0 -9999.0 -9999.0 -9999.0 -9999.0 -9999.0 0.629350770264864 596.2501162380543 3.053282065782696 -0.29998915595933795 1.902464505052194 3.053282065782696 -0.29998915595933795 0.0 1.902464505052194 -4.249574039364234 499.94516402829765 224355.49507468028 49064.45196873257 853.0151591297401 338239.5414960612 333572.92243459687 295803.5236688597 93353.6393188789 20144.813148941317 1887549.5988363985 2358211.7126545096 726486.5691262471 200060.3971667186 266319.5604718298 537797.775945955 1479987.3228634729 634968.1434931929 1873791.3573491874 871188.530876226 -9999.0 -9999.0 -9999.0 -9999.0
-9999.0 -9999.0 -9999.0 -9999.0 -9999.0 -9999.0 -9999.0 -9999.0 -9999.0 -9999.0 -9999.0 -9999.0 -9999.0 -9999.0 -9999.0 -9999.0 -9999.0 -9999.0 -9999.0 -9999.0 -9999.0 -9999.0 -9999.0 -9999.0 -9999.0 -9999.0 -9999.0 -9999.0 -0.3085611097048968 7712.944624182767 40478.4900642924 -4.990691497456282 -0.5921940680127591 -0.688781161326915 -3.890685717575252 -0.5921940680127591 -2.2897334394510835 2.1087639902252704 -2.2897334394510835 -0.7421873470302671 17180.378695179315 10200.81340589692 1385.7825390639794 18213.555181733864 35143.68220153771 58125.01411944172 132655.61146940326 506823.77274751983 1027829.5071499263 995495.2984292858 424268.7004246495 618477.2276630488 3240076.4573879493 861422.2712002922 875026.3790154115 8652704.937120838 -9999.0 -9999.0 -9999.0 -9999.0 -9999.0
-9999.0 -9999.0 -9999.0 -9999.0 -9999.0 -9999.0 -9999.0 -9999.0 -9999.0 -9999.0 -9999.0 -9999.0 -9999.0 -9999.0 -9999.0 -9999.0 -9999.0 -9999.0 -9999.0 -9999.0 -9999.0 -9999.0 -9999.0 -9999.0 -9999.0 -9999.0 -9999.0 -9999.0 -9999.0 168898.25195641554 42023.92551773546 10965.673279480183 2.068025022977963 -4.717104548588395 596.4383408160862 5772.843060032998 12940.69964674059 5709.878020352801 17714.784119128737 7594.037569565182 100697.78250061962 2604.3949165043337 2600.262979557738 33033.149893675756 107427.44714868334 75378.49609923584 181777.0590486467 433510.87981622835 285668.770662227 291571.7316056163 1232211.8497953918 0.0 10593943.229228863 808040.7288062786 4124847.494533452 361588.1680972347 -9999.0 -9999.0 -9999.0 -9999.0 -9999.0
-9999.0 -9999.0 -9999.0 -9999.0 -9999.0 -9999.0 -9999.0 -9999.0 -9999.0 -9999.0 -9999.0 -9999.0 -9999.0 -9999.0 -9999.0 -9999.0 -9999.0 -9999.0 -9999.0 -9999.0 -9999.0 -9999.0 -9999.0 -9999.0 -9999.0 -9999.0 -9999.0 -9999.0 -9999.0 4211.8723400651 332298.1339443667 685.0348915682054 174001.88356068797 32754.222376342437 144242.54835424403 42927.87245378944 11540.188633310463 1928.3030616722779 9559.731732857203 24575.74666268001 4708.38400072197 2594.9040520628664 9833.474505590328 38844.0405363206 82426.20523165593 326805.5624099941 112014.17051464217 379519.7469328193 400763.4748219388 2007309.5856759718 15129.376879021884 541943.0824009101 263581.6862491073 692317.7887031003 524546.643417294 -9999.0 -9999.0 -9999.0 -9999.0 -9999.0 -9999.0
