Model Version1.4/trunk/output/1999/nde_ag.asc
ncols 720
nrows 360
xllcorner -180.0
yllcorner -90.0
cellsize 0.5
NODATA_value -9999.0
[rows 54 to 80 of 360, columns 360 to 419 of 720]
-9999.0 -9999.0 -9999.0 -9999.0 -9999.0 -9999.0 -9999.0 -9999.0 -9999.0 -9999.0 -9999.0 -9999.0 -9999.0 457544.6737882046 157403.3212195844 -9999.0 -9999.0 -9999.0 -9999.0 -9999.0 -9999.0 -9999.0 -9999.0 -9999.0 -9999.0 -9999.0 -9999.0 -9999.0 -9999.0 -9999.0 -9999.0 -9999.0 -9999.0 -9999.0 111805.4542805087 252409.62970344065 -9999.0 -9999.0 -9999.0 -9999.0 -9999.0 -9999.0 693304.2713493838 742653.6645863741 549517.6454831286 950259.1646462345 435321.840185618 209041.98490886926 84592.05130984992 -9999.0 -9999.0 49449.91199429373 74562.44120219795 -9999.0 -9999.0 122452.14912935358 89418.3847386192 44248.867017011944 390665.71581573936 303894.81604770356
-9999.0 -9999.0 -9999.0 -9999.0 -9999.0 -9999.0 -9999.0 -9999.0 -9999.0 -9999.0 -9999.0 71307.92089359046 284119.4224034187 -9999.0 -9999.0 -9999.0 -9999.0 -9999.0 -9999.0 -9999.0 -9999.0 -9999.0 -9999.0 -9999.0 -9999.0 -9999.0 -9999.0 -9999.0 269645.30989089847 119217.27575814631 -9999.0 -9999.0 -9999.0 -9999.0 438996.025409485 24975.821104866587 -9999.0 -9999.0 -9999.0 -9999.0 -9999.0 -9999.0 702821.6411326169 456197.2891592071 424804.06286195735 132604.76429179142 -9999.0 110441.19483179289 -9999.0 103998.60752553234 -9999.0 180513.03577087616 -9999.0 111962.48647959318 290011.5075591104 396447.7323625159 -9999.0 234133.43599678902 114626.34751292317 -9999.0
-9999.0 -9999.0 -9999.0 -9999.0 -9999.0 -9999.0 -9999.0 -9999.0 -9999.0 52129.58135021736 497353.6815174736 261827.84061788395 -9999.0 -9999.0 -9999.0 -9999.0 -9999.0 -9999.0 -9999.0 -9999.0 -9999.0 -9999.0 163282.21259093223 -9999.0 143929.23545228053 -9999.0 273385.53405678493 -9999.0 -9999.0 -9999.0 -9999.0 -9999.0 -9999.0 39737.89430105665 393848.01481405617 -9999.0 -9999.0 -9999.0 -9999.0 -9999.0 -9999.0 -9999.0 6982.6845939419945 461913.945900418 124999.53825273734 111159.65998611174 140760.31764309964 1395.1359273022526 123561.73427517232 -9999.0 401509.6474888216 139301.9448988962 173362.91704143328 70346.73801664366 251501.3765012838 227384.67392473362 219273.26246845035 17227.218176075112 80949.05747728083 209056.01123550048
-9999.0 -9999.0 -9999.0 -9999.0 -9999.0 -9999.0 -9999.0 -9999.0 -9999.0 122546.52671144526 -9999.0 273093.10705314897 -9999.0 -9999.0 -9999.0 -9999.0 -9999.0 -9999.0 -9999.0 -9999.0 -9999.0 289893.3596340033 300858.2332685144 -9999.0 -9999.0 -9999.0 150789.6155583028 406667.6544813253 140989.04713822587 -9999.0 -9999.0 -9999.0 110679.51674290694 85259.22412420527 504782.99497009045 -9999.0 -9999.0 -9999.0 -9999.0 -9999.0 -9999.0 -9999.0 98543.52988092322 579511.1115569428 601739.6638048966 731893.7794138109 713014.5802553592 610369.2810532858 516928.8647211197 213931.73441733563 215258.24984136072 270290.19802412426 209361.0704963993 15016.62370113734 216406.65718758703 20919.54282177337 335318.9677270794 883871.9771022698 55066.28494685319 144431.78921178673
-9999.0 -9999.0 -9999.0 -9999.0 -9999.0 -9999.0 -9999.0 -9999.0 -9999.0 599077.2646275145 210016.25237755658 -9999.0 -9999.0 -9999.0 -9999.0 -9999.0 -9999.0 -9999.0 -9999.0 -9999.0 -9999.0 1359632.809845031 2287276.365367477 1158419.0472302423 558884.276187588 111225.55853249648 154486.85284103043 -9999.0 153272.0208190298 95721.42922222128 -9999.0 270555.50310048705 148295.39378843643 378768.9192131284 1460309.0483344642 58672.23594654497 -9999.0 -9999.0 -9999.0 -9999.0 -9999.0 -9999.0 143725.65235684492 743710.3762756353 1108977.152637076 2764996.972616087 2720792.452548427 1338416.9089549617 577927.6901865026 1267031.911550697 1750570.870309555 1392435.4969700528 704653.3638109183 1261472.0592842316 505052.25525371067 482003.34736039164 45645.86907281968 158116.42457689642 184747.26994297764 1137411.6343324753
-9999.0 -9999.0 -9999.0 -9999.0 -9999.0 -9999.0 -9999.0 -9999.0 -9999.0 -9999.0 -9999.0 329298.6313162335 100422.35501571011 -9999.0 -9999.0 -9999.0 -9999.0 -9999.0 -9999.0 -9999.0 797550.2294775044 309827.0823229849 3767984.4426332666 311519.57011473057 559893.1944259624 -9999.0 -9999.0 141395.1629505043 -9999.0 -9999.0 422979.3241745159 938394.8110141207 763701.7854394019 32855.05688385807 338407.37108797557 485204.2948758226 512606.4964819482 81369.31382583214 -9999.0 529875.9544000594 158682.23695896516 -9999.0 -9999.0 138392.95379227033 770339.3105396109 1488442.534855714 1798658.3666135059 677810.9663057441 1012235.443042038 1021310.9991014318 550445.2689670408 591183.9000462599 155880.31404812104 136048.6876005057 -9999.0 -9999.0 -9999.0 79066.90644822293 160066.9476399498 867862.5160302109
-9999.0 -9999.0 -9999.0 -9999.0 -9999.0 -9999.0 -9999.0 -9999.0 -9999.0 -9999.0 286193.40743664757 247554.71185619308 -9999.0 -9999.0 -9999.0 -9999.0 -9999.0 -9999.0 -9999.0 260341.11711264268 841981.6695549913 2132719.098140509 4745680.551788278 314620.80873307533 133765.60754521974 202517.92590438743 173970.84270836224 217609.46113927258 -9999.0 214582.9541799535 155208.3756817382 202641.6954893071 936529.0949043924 1365872.5199816977 1529278.026800505 2330165.757461834 586123.7978275523 728306.3285274995 -9999.0 -9999.0 -9999.0 -9999.0 -9999.0 -9999.0 -9999.0 81520.6391356593 386627.1886396414 105336.97825825315 -9999.0 -9999.0 -9999.0 3230.879537841488 58884.7340802314 15857.814871758117 -9999.0 -9999.0 66903.11291933025 50225.10427340132 155731.09422586625 281241.94811254874
-9999.0 -9999.0 -9999.0 -9999.0 -9999.0 -9999.0 -9999.0 -9999.0 -9999.0 -9999.0 958966.708921184 279836.5688803656 427995.9089845616 -9999.0 -9999.0 -9999.0 317779.14923641697 318577.45168498764 -9999.0 1002169.4487617649 3835000.074261331 2692110.930099979 3511267.9480172936 292976.536576729 -9999.0 392703.32554173184 529480.0715490559 542866.8588754238 844441.101886079 337166.51059436693 1346205.1170916816 471913.5142299752 713337.5287487456 1072682.6158913204 733041.870135726 1313432.37477385 2421476.7149615698 235817.63991585743 -9999.0 -9999.0 -9999.0 -9999.0 -9999.0 -9999.0 -9999.0 21007.300779600373 121337.51783835462 47866.51284038371 283930.39265555947 422815.0967262011 85942.09209448844 391127.15977297054 741779.9633554118 106705.90094458126 397099.55313376896 383598.6697464094 140036.4343042118 99224.05341400627 121231.17624779537 121140.8910737008
-9999.0 -9999.0 -9999.0 -9999.0 -9999.0 -9999.0 -9999.0 -9999.0 -9999.0 -9999.0 -9999.0 2603375.9284854718 288217.76715529704 260453.22346652322 324438.79738330096 503222.09880391636 286611.9587128928 605778.6897743256 -9999.0 179198.23031423375 -9999.0 -9999.0 131318.62029699527 -9999.0 285917.43686474685 94887.1500401838 543701.8083085266 789010.1555232145 451033.219159693 335531.2629262076 381762.58823746094 237992.4468435758 338059.6691822187 1149492.2438628837 693321.0383189718 233884.62598836175 -9999.0 -9999.0 -9999.0 -9999.0 -9999.0 -9999.0 -9999.0 -9999.0 51601.71502144226 133742.89646708258 10525.517262216723 57034.333467272336 260733.06417573476 205659.62168502616 328917.92388263927 437808.07619425363 511950.80035961966 969294.550359464 184506.25863305398 731746.2643067287 118743.66507178138 71422.99351243406 84922.47566174292 191415.80147936533
-9999.0 -9999.0 -9999.0 -9999.0 -9999.0 -9999.0 -9999.0 -9999.0 -9999.0 -9999.0 -9999.0 -9999.0 307190.55173272407 475231.35634163546 433101.8395196852 725657.1799518692 551377.1545860551 1013691.1096313659 -9999.0 -9999.0 -9999.0 -9999.0 -9999.0 248273.38125800889 1012763.0049798908 1520949.358489087 2081923.8951802966 1067055.0044133728 282830.3104637504 398293.7333405764 1015028.0698795782 949945.8822201316 458676.9038200545 267981.2017101321 -9999.0 -9999.0 -9999.0 -9999.0 -9999.0 -9999.0 -9999.0 -9999.0 -9999.0 -9999.0 49719.38321603278 67518.46029760991 10513.092915532725 9371.554130382901 95286.38564977996 115497.8955102719 320340.2779383031 583826.5748983305 410016.22106445534 934986.1795373298 230074.0764155624 167873.38628106003 1236437.8686335129 96112.88635581343 110382.18664182248 98743.98782358936
-9999.0 -9999.0 -9999.0 -9999.0 -9999.0 -9999.0 -9999.0 -9999.0 -9999.0 -9999.0 -9999.0 -9999.0 -9999.0 -9999.0 -9999.0 -9999.0 -9999.0 -9999.0 -9999.0 215199.48982389632 1928530.1664125354 -9999.0 -9999.0 277134.1699748626 142009.24131266781 -9999.0 24744.00459275423 -9999.0 751249.3572709986 306729.61366057454 150244.40459253517 630795.3056163022 550288.5101519639 639097.8060855165 -9999.0 -9999.0 644471.4052598305 1013511.8824393871 158510.292686261 -9999.0 -9999.0 -9999.0 -9999.0 22350.973296214346 89862.70214227997 30669.741734338197 -9999.0 -9999.0 -9999.0 148228.01786931013 402410.8757051438 193892.3923870153 10528.693638083932 279446.57582562475 396886.9204126821 1305420.613077321 1281364.5422522607 1131539.950699181 165140.5315880847 205194.83194882132
-9999.0 -9999.0 -9999.0 -9999.0 -9999.0 -9999.0 -9999.0 -9999.0 -9999.0 -9999.0 -9999.0 -9999.0 -9999.0 -9999.0 -9999.0 -9999.0 -9999.0 2109856.968604142 1745286.6164030875 3832709.3996040896 3847371.880304639 737894.06401355 173629.6216436075 53568.12740120243 781049.0411172644 273640.59907063836 -9999.0 -9999.0 248892.56982776613 -9999.0 -9999.0 161914.47453887665 789676.8967164067 646540.9376831164 208740.71630598872 -9999.0 953182.9354346689 588187.580725139 -9999.0 -9999.0 -9999.0 -9999.0 23251.52434513202 69721.41002928231 124208.89574518372 399213.37930065737 163398.4494301646 -9999.0 70381.23166509795 23709.394157178278 11944.750071335538 190142.67593228878 11814.489263705633 86728.70901377925 94941.00108738395 345484.5199500306 1040457.2428794666 1009281.6017873927 163556.59743192027 181826.457082081
-9999.0 -9999.0 -9999.0 -9999.0 -9999.0 -9999.0 -9999.0 -9999.0 -9999.0 -9999.0 -9999.0 -9999.0 -9999.0 -9999.0 -9999.0 -9999.0 2133452.2649362003 2278604.5575167034 2951141.113695774 2709814.975480186 3835942.0651108273 -9999.0 -9999.0 -9999.0 165540.10244704084 1068122.7286818516 700424.5941184377 376298.3591818694 134478.02416606917 671318.5894450853 137123.43119461444 530810.1416179219 1194117.2256374457 992395.0715709565 -9999.0 -9999.0 100106.40169612966 -9999.0 -9999.0 -9999.0 -9999.0 -9999.0 211082.46333085225 374766.0327021304 227781.34024127843 446400.79946474964 649226.429662813 65729.90427046742 384864.5307997793 282044.8715272447 344847.78114654106 177720.6551584181 24889.97536521366 338018.2957293659 201280.98471786088 435598.11017993966 1234533.5813504944 1546660.291304167 166988.85675537726 196894.7950639663
-9999.0 -9999.0 -9999.0 -9999.0 -9999.0 -9999.0 -9999.0 -9999.0 -9999.0 -9999.0 -9999.0 -9999.0 -9999.0 -9999.0 -9999.0 -9999.0 1843936.5792747494 2217471.5205844566 2324826.5872150864 3865920.462555686 3894507.8591329735 2416579.72784156 -9999.0 -9999.0 1481237.8930061748 1742727.6122095934 1608728.1615176797 1969689.61919482 1300313.5304456928 1730181.151117823 1020872.7450642888 1028367.86282026 559832.2003839434 109939.55481284921 -9999.0 -9999.0 -9999.0 -9999.0 -9999.0 -9999.0 -9999.0 -9999.0 385367.94494366285 189068.7410197324 162805.39955374398 1166099.8230143273 236444.92787039623 1270523.3845886865 1518331.0225769822 1398294.8964873082 582749.0243678287 424086.0936079364 305048.79862480564 495598.9881735407 288810.60786108125 425081.7532265383 117877.70913478258 1046978.0749690798 136524.29266259976 546772.343873066
-9999.0 -9999.0 -9999.0 -9999.0 -9999.0 -9999.0 -9999.0 -9999.0 -9999.0 -9999.0 -9999.0 -9999.0 -9999.0 -9999.0 -9999.0 -9999.0 2526001.3874202226 2002648.1543866312 2758224.779592965 4343525.127122018 2156503.229011322 386286.18237608543 2741117.2740572244 3606182.9440696025 4252283.632522136 885306.4862921566 2833853.706420061 2451871.1095085535 1441319.8163054367 -9999.0 -9999.0 -9999.0 -9999.0 -9999.0 -9999.0 -9999.0 -9999.0 -9999.0 -9999.0 -9999.0 -9999.0 -9999.0 1282442.1683058906 158599.59870285838 1288964.63157458 1063470.0391931154 179049.00575355734 1584309.708351165 306629.4949155317 201466.46845760304 1264389.2529731565 1137289.1468226893 42947.22366675857 564222.7009660013 242341.75779775874 2819893.4338966147 2907952.283246073 202880.13681188016 157248.900952679 279249.91649628
-9999.0 -9999.0 -9999.0 -9999.0 -9999.0 -9999.0 -9999.0 -9999.0 -9999.0 -9999.0 -9999.0 -9999.0 -9999.0 -9999.0 -9999.0 -9999.0 335133.347999754 2373297.9751255466 3221705.1591634555 2771564.624705394 4025782.3255616706 2753592.7545077805 2081486.7083433708 3874469.942680058 2474709.821061582 102007.79956763308 911781.4455645238 537791.5225272432 347144.7410009096 1194308.5069230585 484482.9315803925 -9999.0 -9999.0 -9999.0 -9999.0 -9999.0 -9999.0 -9999.0 -9999.0 -9999.0 -9999.0 -9999.0 918345.753234638 1342541.4435915472 1287829.6988087313 1150462.2164933197 886078.5972312468 330666.0146530642 244319.71523002227 1000217.5543913203 1110968.9550272448 142596.91711967735 1105584.4616568743 2108364.192911653 487434.7666532267 2299240.4967787336 349710.2418504596 1183886.6186274379 2659107.37717064 3123065.803554261
-9999.0 -9999.0 -9999.0 -9999.0 -9999.0 -9999.0 -9999.0 -9999.0 -9999.0 -9999.0 -9999.0 -9999.0 -9999.0 -9999.0 -9999.0 -9999.0 205192.531530408 3087397.4532855935 6425130.244671297 3129954.917409758 293417.40236548346 726549.4208352498 2522576.1770270346 2875022.4397778697 1071975.0538099643 -9999.0 390579.8745755629 404799.20081408403 -9999.0 -9999.0 -9999.0 -9999.0 -9999.0 597175.1612979367 1624423.0777044496 555774.0018606258 1848447.3772343453 -9999.0 -9999.0 104679.62045722622 1426826.6749212076 1313226.1730721267 1617261.100843042 1204673.687934556 1425726.6223757816 942796.9036983433 1508731.286318412 1435377.5007685935 1139934.7613227626 1500376.5817853473 1042851.2533864554 704246.5547542229 438743.2406544613 383445.6481342943 418992.6988994054 416275.8979709315 104493.62103245531 422325.45809214015 448734.2192778805 491011.25252827676
-9999.0 -9999.0 -9999.0 -9999.0 -9999.0 -9999.0 -9999.0 -9999.0 -9999.0 -9999.0 -9999.0 -9999.0 -9999.0 -9999.0 -9999.0 -9999.0 -9999.0 1425926.0859669289 6695230.323112827 6033404.392250008 3905857.343745116 1939078.1785275657 521202.0097294693 1705501.402985067 2377518.9005571855 2761812.4035719614 3408585.450291274 1297361.8581091173 -9999.0 105238.61138465675 860507.6321901247 1469121.2501728956 1844727.84523552 779157.0997420497 857968.4450217988 276232.71471410047 2245813.3639631975 3085045.4427851303 2501052.9304865636 2414591.1142173256 2389047.8692913153 2363845.338427594 2368149.442726464 1915807.7653644918 1863607.8442655848 754552.089988185 664511.4500180339 237536.69015788106 198957.7201976945 160973.08310099275 968428.4346176748 507891.0083843075 407842.0902912023 480428.6498475163 393724.6403831786 396279.3490283198 508277.98253285757 400783.64063306316 307323.3986292684 3066410.195357568
299771.20273325825 -9999.0 -9999.0 -9999.0 -9999.0 -9999.0 -9999.0 -9999.0 -9999.0 -9999.0 -9999.0 -9999.0 -9999.0 -9999.0 1952266.5493977144 4360587.950620839 611556.2400971013 7795080.654340504 8187925.456857542 5562170.59313917 3789868.045658595 2647698.092223477 2533757.997720298 2597896.709378007 3022175.1957725585 3358982.7229953036 3019771.299635213 2773867.693884844 950496.7414174349 4102009.737579435 1436176.8134924958 923750.4801248016 707077.334345509 662460.6882414072 806655.7199029387 1118915.3686776133 919252.0288979277 4145747.1296065105 2438906.900056369 1068203.5842021296 552301.1408670669 570648.0078543068 520678.75911454705 594814.4533085717 897548.493827855 635338.2288555363 429976.37961355865 1640955.3590924637 455117.5443625266 1866448.706748391 568869.4576573842 469207.7715860689 662719.8511056245 393249.1914861966 1912975.7237467756 2086069.8358125733 463350.5474987299 328265.81743011135 561886.7721152483 481968.3775913289
3161928.091640545 -9999.0 -9999.0 -9999.0 -9999.0 -9999.0 -9999.0 -9999.0 -9999.0 768996.5618756246 361997.61589985865 15889709.75649346 19567087.138806995 11048438.776127642 6927449.919972905 8192415.649476766 8479509.540566057 8070957.731760807 5344472.199896552 3895659.9774831715 3929612.31777638 3250563.2526178164 5149295.186625503 4312234.229743975 2455717.5984250917 2218589.3810264072 2463516.15401954 1678449.1453664722 2341213.8720715614 4407713.873672835 1248190.967680359 598479.0934718029 772304.2308753217 2529044.6839508447 2655972.7272604657 3505383.8531307965 3930718.435405283 4252267.424679566 2585083.6857946934 2545902.7497181827 2321661.2043576506 791829.282196518 2960231.2256296217 3371913.7442634413 1195061.718884801 1207394.743216312 818147.4470026162 878175.6386396266 2487336.0826076274 2218221.022865929 617187.5827314013 504223.423747487 2195846.0819421476 2252685.221055496 1952332.5255864314 676256.7105491027 529272.5805776864 446519.17579949007 464718.30753232376 2927394.62686983
4230213.07166445 2157883.981218328 5976599.917560971 2119512.8662414523 -9999.0 -9999.0 -9999.0 -9999.0 -9999.0 11839986.713853281 -9999.0 11667850.987263884 15350962.457542779 6007048.066008532 3334931.946442089 3501298.1387328263 4252160.9222179875 3836033.0534724183 3971918.849393803 3270147.719608165 2005533.0473109675 1888979.2632531542 4029537.0635259356 5087045.540690993 5238794.585108058 5866813.817684068 5506224.467414594 2946476.4413556475 4530629.448479047 4025644.479105879 725001.3880055274 2918416.544023605 4577051.848818735 3377661.672437211 1312764.0705347755 3003431.2476951843 2918660.5778710083 4709655.87242564 4340929.210740481 4849310.924010757 3586823.489348856 1022084.7236861738 4267294.13193587 3779560.086145428 3874095.015896614 2769520.0168791655 2993514.200860452 647505.8177650289 554585.227290311 2338293.346726837 586363.3834544334 716376.7459716363 620714.1711163521 976179.6748195783 1081895.9017734104 3157494.0302885054 472803.3407126214 504801.6602025437 486793.9094416934 638335.4035401943
6440955.613849723 5740656.814719806 7391883.877321776 1973032.3009529065 -9999.0 -9999.0 -9999.0 -9999.0 1650205.7507011995 27810781.467361823 15012267.94002513 6660782.027913146 14634356.647859763 9575804.944540756 3418341.884103275 3399782.4940406783 3863013.3307507196 4740562.19362604 4589370.91734392 4070196.7788086417 5502954.958122369 5524576.800004501 4235748.6627453575 5521673.124181811 2929676.784113168 1193382.053715027 1949829.8284007714 234079.98364835308 3432691.7540247133 3156843.0286235837 356666.3134355751 2746302.5736110574 4626140.42064804 4297801.259356631 1944241.1964572435 3167347.044125114 4252512.8422757955 4695820.734311052 3870260.4095504656 5117457.724352492 3360104.342822075 332843.92798341234 3049334.3861411684 2608596.3478221446 553374.5984118109 3697686.327313304 3430004.089729519 5238090.384401394 4327882.281209798 740108.6250334906 2520708.4091526107 4349334.847928213 4302465.459117223 4217756.584712746 4687184.461779088 3847224.1639797576 617973.0119642904 4425066.543161051 4070851.0687515177 726606.901005957
6616286.923919962 6521149.45897076 1730882.234286114 -9999.0 -9999.0 -9999.0 -9999.0 3326893.9804270375 10800028.852895271 20196297.70497162 22383147.251144953 15708944.160363518 6367789.137483721 4400529.877209663 3177343.643138681 4362207.519344894 5248666.185364954 4388675.812703651 2733807.8217073786 1992531.1595036485 1795808.4954062067 1863335.7759099328 3616610.9445504695 6865084.171408126 3761993.60148522 4299883.68054326 1367964.363880035 2018205.4277577088 26735.642237507345 3830021.4757559677 988654.5457328463 4189198.4342944464 4479575.689974841 2610977.516344475 4528583.756437438 4138204.8617667956 2943321.930315492 4260346.323640265 4487926.081751019 3981758.8246253114 3038593.901328396 3282741.398630249 2620648.0212751604 3877814.9888400864 1083337.3425617313 3515959.1606382723 3432996.952314265 4645802.082086566 5166543.2877031695 2489722.0884681847 1838721.0690110696 2392773.4201691574 2571229.669245592 1939149.0763220817 574389.0831026167 359153.4913839998 442303.5457256795 386148.8230278131 678278.6377163054 555977.1240375148
8287531.388693959 4918863.8617233 2236867.1329483385 -9999.0 -9999.0 2355523.1080470225 2102533.705723408 2656357.5833380204 3394359.494445446 3232236.166589414 3018232.158520284 8673532.05680745 5942529.525469666 3417733.4271260463 5151363.972063487 4988094.930694095 2788422.683441175 2283328.8468783647 2326973.894812899 1350052.0048027232 1461956.404767014 2045515.2989921044 2376570.5458178343 941329.6505469185 1209699.1138478136 1442246.1754616755 3627565.4160537696 2728536.533477497 5133004.226465086 6130615.282379709 2826231.9079702995 2914851.069775759 5122744.522551669 3060396.6162543376 5122773.392835102 4516873.7016015 5252032.006128244 5895599.763059857 5727606.871629256 3771427.786025436 3032326.8960282737 1005426.3764161838 3339025.002924232 4778183.474973437 5057474.867863234 3030962.927683956 3366960.939857239 3020482.1778619722 1996027.70006874 1553558.5169423546 2015732.0405619075 2460679.0707826996 2203005.932654183 1778924.9928517397 237769.02396833507 300895.8566730736 225242.00865855967 1156473.5583152333 1568135.2738852943 2159734.223081624
3201412.1473938012 1415163.2111104536 -9999.0 3140968.160488905 3438651.933320623 3064541.3079662547 3842222.204131178 2643694.447107258 3435185.2518591974 4332011.315645068 6616065.781543797 6508448.612723142 3552628.5562063097 4892914.53349152 6470055.743318042 5378225.949391153 4278389.458330637 3287011.1902104644 3209868.151359205 2953319.7381482907 2578900.465506495 1685709.7432685862 2326175.352338124 4003068.2001958294 4034753.71717471 5594761.32795544 3625297.549786515 5372234.956724471 2245783.8294351296 3741265.9479413833 403354.42857000564 711996.4556866896 1913925.7662212313 2873656.2490911675 5107862.9792313585 4185571.130568224 3375748.92542458 4066639.673355839 5667192.856079551 3839509.363178351 3749147.2141024666 3867312.8693977427 4051477.347987706 5869609.892091442 3236044.495393817 1300651.855878019 2554012.306115144 5516249.153222743 1889839.4762045334 1159942.6087878845 792784.137227115 1371721.3307030303 1614603.9911329201 1056370.8161841985 1041761.2007053292 969456.0963625921 936524.0693095719 863278.8172534674 1468214.2991389907 1507053.9987665708
-9999.0 -9999.0 499517.5908817561 2822178.2905147546 2312739.4790663295 2861470.510008829 3713272.072264703 4459961.614714505 5685326.9570205975 4047371.8921869923 4707617.797110228 3974752.8543426692 4500003.814634837 3873884.506028219 3249308.5044487463 3980934.4688421395 5016667.667479032 6152959.692579694 5796258.479405794 2702162.4241992207 3305295.037419982 3916350.2557497984 3537210.170744909 5120128.13964692 4102236.9152665776 312115.6673008154 566108.1122005341 2024038.8778345848 3239044.269106588 3287430.029353944 3278791.6825801395 2569565.9018466584 1909811.0547486944 695495.1618515272 312472.98499205173 3275159.871403767 5443340.649656085 5038457.222206514 5336804.934261534 3903795.6276835147 3711067.371143584 4838800.221970421 4449012.8316909885 6711914.355010551 4772494.350283561 3404353.648061683 4496885.599412795 1548292.7776772091 2366913.1726505393 2547868.7868100274 1605666.2472662914 1331268.3427354537 731842.4938936678 1475112.8633381003 772770.9932751963 1032689.7228991115 681796.101103087 782121.2030714508 795885.002747541 1066041.9208750955
1996351.08382565 3311330.8653124548 3513929.1607430405 2990910.807951706 2058733.2120705387 2806863.289530264 3510562.7773540085 3003134.4094323353 4643121.430723889 4949641.307261895 5329512.11164902 4895731.66366717 4133109.874686825 4485511.902657885 4345261.748824988 3653404.817923287 4553743.967098721 4379539.992601238 3375558.557436225 2789101.1053916947 4670582.231399144 5782888.684963763 3143362.863998514 4119286.8970785094 3143608.746379118 527123.1265711616 2831845.648949576 767206.0056129708 3432732.8099212293 1461818.582791138 2237432.5625641956 2225114.3700799095 1947976.4417169038 2611704.9112284253 2280214.2252228307 2258640.683599138 3114807.3662549965 3049158.30468396 768568.945806569 2180135.5612158044 759360.5416750589 2129820.712705847 1194520.1648651785 3200439.8662748486 916872.7713830825 2849244.276949457 2377748.4761450547 1879454.1684272625 1238380.6389966875 1709481.7593592063 2073608.7502118875 1554650.3961146006 1053338.4886409717 1083074.821895375 1064503.50451564 1040911.8529079924 817991.979990365 937135.2253223215 1063204.540125433 1043130.8444370932
