Model Version1.4/trunk/output/1999/nde_ag.asc
ncols 720
nrows 360
xllcorner -180.0
yllcorner -90.0
cellsize 0.5
NODATA_value -9999.0
[rows 135 to 161 of 360, columns 360 to 419 of 720]
-9999.0 -9999.0 -9999.0 -9999.0 -9999.0 -9999.0 -9999.0 -9999.0 -9999.0 -9999.0 -9999.0 -9999.0 -9999.0 -9999.0 -9999.0 -9999.0 -9999.0 -9999.0 -9999.0 -9999.0 -9999.0 -9999.0 -9999.0 -9999.0 -9999.0 -9999.0 -9999.0 -9999.0 -9999.0 -9999.0 -9999.0 -9999.0 -9999.0 -9999.0 -9999.0 -9999.0 -9999.0 61400.496449828686 122549.691229583 -9999.0 -9999.0 -9999.0 -9999.0 -9999.0 -9999.0 -9999.0 -9999.0 -9999.0 -9999.0 32256.332115688343 -9999.0 -9999.0 -9999.0 -9999.0 -9999.0 -9999.0 -9999.0 -9999.0 -9999.0 -9999.0
-9999.0 -9999.0 -9999.0 16500.568607677746 16576.036539837976 16452.104976331484 -9999.0 16515.1201450709 16453.078822667994 -9999.0 -9999.0 -9999.0 32417.33889336678 -9999.0 -9999.0 -9999.0 -9999.0 -9999.0 -9999.0 -9999.0 -9999.0 -9999.0 -9999.0 -9999.0 -9999.0 -9999.0 -9999.0 -9999.0 -9999.0 -9999.0 -9999.0 -9999.0 -9999.0 -9999.0 -9999.0 -9999.0 -9999.0 -9999.0 85995.90464889894 -9999.0 -9999.0 -9999.0 -9999.0 -9999.0 -9999.0 -9999.0 -9999.0 -9999.0 -9999.0 -9999.0 -9999.0 -9999.0 -9999.0 -9999.0 -9999.0 -9999.0 -9999.0 -9999.0 -9999.0 -9999.0
-9999.0 -9999.0 -9999.0 -9999.0 -9999.0 -9999.0 -9999.0 -9999.0 -9999.0 -9999.0 16519.284587925293 16555.47983787454 -9999.0 16295.714526209444 -9999.0 -9999.0 -9999.0 -9999.0 -9999.0 -9999.0 -9999.0 -9999.0 -9999.0 -9999.0 -9999.0 -9999.0 -9999.0 -9999.0 -9999.0 -9999.0 -9999.0 -9999.0 -9999.0 -9999.0 -9999.0 -9999.0 -9999.0 -9999.0 -9999.0 -9999.0 -9999.0 -9999.0 -9999.0 -9999.0 -9999.0 -9999.0 -9999.0 -9999.0 -9999.0 -9999.0 -9999.0 -9999.0 -9999.0 -9999.0 -9999.0 -9999.0 -9999.0 -9999.0 -9999.0 -9999.0
-9999.0 -9999.0 -9999.0 50451.235507399724 267361.4196936439 33516.977653271046 -9999.0 16643.23564111426 66531.63581556888 33252.24821858436 49834.82456326454 49745.003746040406 16455.10914400993 16529.713527758217 -9999.0 -9999.0 -9999.0 -9999.0 -9999.0 -9999.0 -9999.0 -9999.0 -9999.0 -9999.0 -9999.0 -9999.0 -9999.0 -9999.0 -9999.0 -9999.0 -9999.0 -9999.0 -9999.0 -9999.0 -9999.0 -9999.0 -9999.0 -9999.0 -9999.0 -9999.0 -9999.0 -9999.0 -9999.0 -9999.0 -9999.0 -9999.0 -9999.0 -9999.0 -9999.0 33197.86509275708 -9999.0 -9999.0 -9999.0 -9999.0 -9999.0 -9999.0 -9999.0 -9999.0 -9999.0 -9999.0
-9999.0 -9999.0 -9999.0 92336.50100932448 282667.7739705347 183264.82464326138 33201.64813212583 -9999.0 16568.809917964376 -9999.0 16548.55856624502 49593.19230926376 33077.89081564872 16490.92495601509 -9999.0 -9999.0 -9999.0 -9999.0 -9999.0 -9999.0 -9999.0 -9999.0 -9999.0 -9999.0 -9999.0 -9999.0 -9999.0 -9999.0 -9999.0 -9999.0 -9999.0 -9999.0 -9999.0 -9999.0 -9999.0 -9999.0 -9999.0 -9999.0 -9999.0 -9999.0 -9999.0 -9999.0 -9999.0 -9999.0 -9999.0 -9999.0 -9999.0 16543.51741136224 -9999.0 -9999.0 -9999.0 -9999.0 -9999.0 -9999.0 -9999.0 -9999.0 -9999.0 -9999.0 -9999.0 -9999.0
-9999.0 93093.77261549851 92779.95184750906 46551.42351538484 -9999.0 46298.265121418146 101395.13660542434 118964.54121769062 218944.4933015886 219515.21644372953 67071.47394464895 33331.032005768946 -9999.0 -9999.0 -9999.0 -9999.0 -9999.0 -9999.0 -9999.0 -9999.0 -9999.0 -9999.0 -9999.0 -9999.0 -9999.0 -9999.0 -9999.0 -9999.0 -9999.0 -9999.0 -9999.0 -9999.0 -9999.0 -9999.0 -9999.0 -9999.0 -9999.0 -9999.0 -9999.0 -9999.0 -9999.0 -9999.0 -9999.0 -9999.0 -9999.0 -9999.0 -9999.0 -9999.0 -9999.0 -9999.0 -9999.0 -9999.0 -9999.0 -9999.0 -9999.0 -9999.0 -9999.0 -9999.0 -9999.0 -9999.0
-9999.0 46802.54136969987 46747.28524578015 -9999.0 -9999.0 -9999.0 68182.5838519678 136768.89307155847 50900.28754341028 16935.228938703083 -9999.0 -9999.0 -9999.0 -9999.0 -9999.0 -9999.0 -9999.0 -9999.0 -9999.0 -9999.0 -9999.0 -9999.0 -9999.0 -9999.0 -9999.0 -9999.0 -9999.0 -9999.0 -9999.0 -9999.0 -9999.0 -9999.0 -9999.0 -9999.0 -9999.0 -9999.0 -9999.0 -9999.0 -9999.0 -9999.0 -9999.0 -9999.0 -9999.0 -9999.0 -9999.0 150443.59730610962 60208.96770749523 -9999.0 -9999.0 -9999.0 -9999.0 -9999.0 -9999.0 -9999.0 -9999.0 -9999.0 -9999.0 -9999.0 -9999.0 -9999.0
-9999.0 47493.93079553958 94251.50004392522 47389.03725107745 47220.946320184026 -9999.0 -9999.0 -9999.0 -9999.0 -9999.0 -9999.0 -9999.0 -9999.0 -9999.0 65096.605651610604 127039.02245220062 -9999.0 -9999.0 -9999.0 -9999.0 -9999.0 -9999.0 -9999.0 -9999.0 -9999.0 -9999.0 -9999.0 -9999.0 -9999.0 -9999.0 -9999.0 -9999.0 -9999.0 -9999.0 -9999.0 -9999.0 -9999.0 -9999.0 -9999.0 -9999.0 -9999.0 -9999.0 -9999.0 -9999.0 61237.49638420609 30264.114618135653 90611.62106465199 -9999.0 77924.23429752637 78027.48789152058 78209.35295623107 78180.6788825794 -9999.0 -9999.0 -9999.0 -9999.0 -9999.0 -9999.0 -9999.0 -9999.0
-9999.0 141410.1789902109 213954.20523327394 190233.44485059797 95130.89540901536 -9999.0 -9999.0 -9999.0 -9999.0 -9999.0 -9999.0 -9999.0 -9999.0 -9999.0 64516.48756389778 127772.22707221398 -9999.0 -9999.0 -9999.0 -9999.0 -9999.0 -9999.0 -9999.0 -9999.0 -9999.0 -9999.0 -9999.0 -9999.0 -9999.0 -9999.0 -9999.0 -9999.0 -9999.0 -9999.0 -9999.0 -9999.0 -9999.0 -9999.0 -9999.0 -9999.0 -9999.0 -9999.0 -9999.0 -9999.0 -9999.0 61311.70557403062 30225.973969830226 -9999.0 -9999.0 -9999.0 -9999.0 -9999.0 -9999.0 -9999.0 -9999.0 -9999.0 -9999.0 -9999.0 -9999.0 -9999.0
-9999.0 95156.73373796772 95306.76487160099 47850.079107219186 48236.55079004917 -9999.0 -9999.0 -9999.0 -9999.0 -9999.0 -9999.0 -9999.0 65426.44223979465 130822.47707554743 391695.4446382543 197332.49729265537 -9999.0 -9999.0 -9999.0 -9999.0 -9999.0 -9999.0 -9999.0 -9999.0 -9999.0 -9999.0 -9999.0 -9999.0 -9999.0 -9999.0 -9999.0 -9999.0 -9999.0 -9999.0 -9999.0 -9999.0 -9999.0 -9999.0 -9999.0 -9999.0 -9999.0 -9999.0 -9999.0 -9999.0 -9999.0 -9999.0 -9999.0 -9999.0 -9999.0 -9999.0 -9999.0 -9999.0 -9999.0 -9999.0 -9999.0 -9999.0 -9999.0 -9999.0 -9999.0 -9999.0
-9999.0 -9999.0 48498.624855359725 -9999.0 -9999.0 48342.269540905356 -9999.0 -9999.0 -9999.0 -9999.0 -9999.0 196586.52883808027 655995.1583732088 328476.8541300749 327306.5812576347 196841.78916170198 64630.08376343404 -9999.0 -9999.0 -9999.0 -9999.0 -9999.0 -9999.0 -9999.0 -9999.0 -9999.0 -9999.0 -9999.0 -9999.0 -9999.0 -9999.0 -9999.0 -9999.0 -9999.0 -9999.0 -9999.0 -9999.0 -9999.0 -9999.0 -9999.0 -9999.0 31324.25064047924 -9999.0 30288.838051994993 213055.29215932725 214998.96493093003 30692.031937527023 -9999.0 -9999.0 -9999.0 -9999.0 -9999.0 -9999.0 -9999.0 78957.5188488639 -9999.0 -9999.0 -9999.0 -9999.0 -9999.0
49835.813228972125 149356.99355438212 248147.9485948705 148870.5081005319 49439.31419590992 147664.55230524277 99065.0147208895 -9999.0 600618.5110978272 1071235.8090187374 738300.9076656584 603699.6074774768 668944.7762519305 468636.899394785 266652.8297109455 262665.501244914 66115.77803016391 -9999.0 -9999.0 -9999.0 -9999.0 -9999.0 -9999.0 -9999.0 -9999.0 -9999.0 -9999.0 -9999.0 -9999.0 -9999.0 -9999.0 -9999.0 -9999.0 -9999.0 -9999.0 -9999.0 -9999.0 -9999.0 -9999.0 -9999.0 -9999.0 64141.76469355071 191613.57911080524 156259.44442169278 554769.1353826986 189293.06117305462 -9999.0 -9999.0 -9999.0 -9999.0 -9999.0 -9999.0 -9999.0 -9999.0 -9999.0 -9999.0 -9999.0 -9999.0 -9999.0 -9999.0
598734.2832471529 798329.3094362579 895478.1665412396 497465.0566949179 693394.7920396079 231453.8842097331 397055.5551813694 444451.75424661994 1675854.982026719 1739118.6053126208 1546839.2039733054 1277504.3521942263 938376.7964354205 601955.1596467122 467038.6548643344 333356.94307021546 -9999.0 66559.19124559239 -9999.0 -9999.0 -9999.0 -9999.0 -9999.0 -9999.0 -9999.0 -9999.0 -9999.0 -9999.0 -9999.0 -9999.0 -9999.0 -9999.0 -9999.0 -9999.0 -9999.0 -9999.0 -9999.0 -9999.0 -9999.0 160280.84567770897 353844.5754434396 450216.195768316 609483.2333846046 573281.2030224794 437598.7129464668 157826.10609591316 -9999.0 -9999.0 -9999.0 79869.83657005844 79687.5519790415 -9999.0 240361.52900363697 -9999.0 -9999.0 -9999.0 -9999.0 80709.23760658884 80778.97012386711 -9999.0
972262.0518723028 1023469.0438446355 1223452.6471501824 1073640.1628070914 1076973.3557443738 512929.16146496654 1181072.9198864708 1284977.1392781532 1726104.9173367803 1616360.5877507364 1622936.9543440004 1797385.0944744744 1512283.0819382374 1643513.3422563367 1777410.0463312594 1368336.5381893832 1158804.2312878408 886809.5950279286 406305.529980053 -9999.0 -9999.0 -9999.0 -9999.0 -9999.0 -9999.0 -9999.0 -9999.0 -9999.0 -9999.0 -9999.0 -9999.0 -9999.0 -9999.0 -9999.0 -9999.0 -9999.0 98695.1577816936 329061.2826818561 165396.10830611436 297712.4542946319 795915.3785696602 795175.1216320426 892665.4027551747 849548.9947171335 752765.9740377002 662020.0121584064 461684.43525188044 165165.18852531965 152369.64459865232 160737.57352171504 -9999.0 79444.19307570564 241738.2422542274 242499.311929353 161399.4969017008 -9999.0 -9999.0 81596.18766585326 81865.37935224715 81920.77498896576
1228613.2153593153 1176509.2689180633 1328346.6438540998 1667801.0237921423 1422123.2564209655 1790263.445344198 1675991.5680353197 2001781.1332545334 1523250.5625729954 1522302.547792082 1510331.807163571 1797510.8242285028 1860647.2124827858 1997973.735475057 1990233.8174226356 1853239.455684796 1639649.5743412785 1475363.5434313267 1087985.2472110847 340222.49225142197 474447.69464602874 813173.2735523769 270097.6637390639 425331.8088582833 190668.4494011219 62778.685832602256 67147.23887528996 134236.07008729823 98250.85951834505 130981.66367014688 98102.43031510452 65391.70631749517 163754.95034166664 393040.8385751812 361032.6135734387 393777.6768928246 329842.9912503191 527829.1933227375 729659.5141182046 729571.5164584853 931613.207826278 1029117.7970619283 995149.6118798549 967248.9461046492 961684.4254523483 965988.5788517597 2248447.4823226174 2280782.4649495664 979511.2444603537 455149.51999753586 160459.3353089549 469964.40158753906 826174.3644100243 509496.00269671954 76969.32969331714 81001.81361460409 81712.10281876243 245568.37442833907 246003.39839544476 575441.7121508359
1650949.0845728752 2395285.888993576 2359928.0451098485 1817311.5044574854 2174385.798673124 1649712.983302208 2118410.4842492337 2140041.364790084 2121212.9022389124 2062378.5296023034 1842008.9422432221 2148606.8723756843 1868201.9805838298 2194609.999096135 2375946.449276829 2180942.743073843 1773862.4950693273 1801724.581863948 1465753.710216258 1465433.0881454528 1386366.0641827465 1526711.842981178 1175030.6570409373 1314539.2407369236 1172107.8934793426 1240811.3898899376 1100275.2181171528 582219.2086229995 852097.5754885209 987360.891910944 948901.2368865112 845514.64502094 778043.7618977439 744190.9325950422 644412.7463078905 814097.1988945256 922221.2483780644 853861.9153347543 929452.50671799 963580.6532978438 968519.7130374181 1072953.5743227988 1052007.1573074502 996134.4333001059 1090051.0192200888 3095249.6389275994 2726229.185984681 2766127.542663864 2203491.964260136 1377108.9662360337 1010058.742739543 1081351.566830169 791041.6951368088 429211.5000705026 203766.47740402812 357514.61757251114 500616.9058030267 582384.9268109829 1561587.6172397707 1350764.8348544375
4168248.5187274516 2546105.8203956247 2246920.8527765837 2459627.221585232 2320390.709157906 2257681.240833025 2204352.3860827335 2634943.282508316 2712704.953394884 2509033.828442375 2301391.1459291824 2137313.39047487 2216180.1891172957 2845659.1126631727 2444526.8661304796 2905078.2453105496 2073866.5247025217 2916815.8441955354 2253904.3564068247 1913802.6450726967 1662405.2702162925 1809852.7745780668 1664239.7565651855 1526008.3630587228 1450954.9967353968 1727273.328167229 963722.56514977 719576.4294983969 1059493.5557509505 1026077.9675036253 1052387.8778784263 1053955.293855249 1049071.9474602486 981748.8132025875 1019925.3691543557 1020000.029713592 1061108.0423508708 1061524.708139544 1069205.0344898142 1069525.337019874 1032670.6269162853 1068267.28437042 1060070.5959903684 1072673.4710250192 924359.2918110035 2854527.496244212 2902987.9226109395 2667202.2350636446 1936173.1408615808 2421747.624284686 1845443.70098086 1850236.6867262975 1311081.3131632758 1706693.3649121572 2061870.1011340104 1760635.811558008 1755466.219950605 2479204.3606020343 2646634.888954601 2690783.4415075886
2520217.1166373976 1993989.3961356129 2705909.2471724795 2548363.8620465547 2254519.316008289 2744772.8986083404 3125580.8090634155 3063268.43977053 2557889.5543156303 2018127.6988164291 3736209.56165706 3719405.217821514 2657175.2206840725 2993272.855979983 3155834.586208226 3165620.671018804 3089904.332608842 2048258.8801630642 2624224.863331783 2391933.0241721706 1905301.2977041414 2090893.8344102914 2003251.2637745412 1859584.028502863 2073317.8761501247 2421795.162217468 1568329.46379398 -9999.0 973030.2488130934 1137599.7459021441 1190467.1256879906 1105911.3132909334 1095901.991602023 1097564.6011865807 1103626.6641864348 1103617.2073554848 1085020.4020425582 1113135.5958180388 1123438.237111515 1152677.1505569683 1138349.3989245615 1108746.7432023527 1098968.1457587557 1014851.9229552821 4192319.0630416283 2398377.154709225 2693830.520176746 2547540.114942454 3778403.4115408417 2256131.9857296525 2592758.662638439 2591375.7292562053 2543404.277660804 2538508.201256286 2604668.201512126 2733299.2120266096 2758083.947384105 2793616.4914536136 2695908.961888902 2877323.8746558777
813910.513423591 1043154.1569559885 2968058.1721574673 3082807.204065621 2945842.69148169 3231231.0741707655 3645738.8069510693 3270832.3085175855 2989751.871914241 2075866.8985463732 2589286.2033086484 2772906.026847748 3073415.9936968996 2883495.835898627 3558387.1705134506 3195699.3397479127 3244334.2152453717 2878277.427241047 2724919.657279138 3151989.5025598663 4318015.04030617 4719583.612719103 5056258.233004804 4128005.166072787 2729203.416528519 4832815.996930982 4002294.297327282 1275044.169689932 -9999.0 -9999.0 812522.7721699905 1065684.7581989078 1027891.7947112222 1030106.1069996363 983905.2001879854 976911.1671798257 1013666.183540157 933694.6990705925 1022216.0257163581 1020645.7732706411 1002607.9012507149 857225.9969373781 1048804.6500355008 3403073.9107576837 4854596.650202181 4684950.890110024 4420069.0080522625 4067955.542614268 3442799.5753684496 1935767.1130035701 2746098.627581686 2981739.9147447087 2792629.9775060387 2616188.624826366 2808249.331867284 3048547.6130774617 2902984.0666025025 2799586.3591097486 3025831.311094231 3104051.082676203
1518647.4862171437 1152237.2836459717 2495392.2648661137 2942390.746355707 3866707.875636074 3932494.589048515 4043398.347193276 3845051.389156442 3098081.6441055764 2912150.1417462984 1058189.0630817518 1028797.008046369 1339051.6493954072 1309326.8205487647 1472777.5003078878 1076373.6606367296 1429209.9573684183 3010120.9950823174 3571513.1274856087 3763925.361175274 4127253.745597827 4316169.495049207 4055654.2604636275 4099862.7039600313 4607846.327574137 4239757.268807141 3791748.3074277756 2483804.5035351263 416493.8854230768 606248.8614226934 876423.8060326015 1022284.976708103 873509.0246598675 824303.3300227937 731619.3808912606 818074.8084275007 884644.2774758787 861194.6974031453 817599.0817174515 890420.6859801869 873114.9136868307 756361.2478432829 892839.9047097504 837192.6372678167 4359302.902986918 3361383.6122220126 2906556.5623974903 3893012.5320841046 3899463.648272209 2294188.128179108 2816875.041019804 2952152.29072567 2927394.5723895626 2588112.574278458 2684753.098212415 2857807.9925266216 3037855.7083042166 3163833.7230505007 3208046.479642992 3221481.1892507835
1816106.7794740296 1548240.9532455618 1620138.9316225927 2442378.4481300893 876683.7395766914 1118230.238917723 48282561.2104303 2928013.983574987 2700022.6389543912 1336199.7744788 1053132.9531565243 1916458.512630855 1861545.7638037987 1157623.718487292 1120758.0967015983 740647.782703191 993673.9357156111 584936.6061664383 381254.3768932868 3574506.5792623246 3817768.6030237395 3603041.6897277297 3008805.347021279 2800872.886022593 2590200.875298297 2967504.0983799007 3333838.40563122 4074811.202739935 1903630.6251981116 2360805.353394552 936351.2419113591 795212.2776575555 770003.9951379737 746929.2538631413 3312890.975542955 3377467.7966840006 776547.3823992739 3698005.643741966 839229.5040313099 941344.9265077966 976461.4047859273 925498.1336867842 853825.3515894968 838175.883920316 3701445.3853728557 5287343.778247467 4235603.152338877 4495043.815474725 4513536.967298944 2476917.4395855335 3090046.8466305067 2916611.22109141 3032195.0108665237 2838833.719554138 2846708.6079758625 3009367.846711037 2639194.9016109034 3195576.0234873258 3174948.7693097307 3180085.088399417
1660052.5501712137 1497554.9666046354 1469609.6368876104 1544569.6003358879 441752.8414272221 228239.03169547726 3647594.012164156 1038576.4962122848 1714939.7419850333 1214342.79988818 1754623.5579231868 2382133.346502243 1620169.495011725 1766866.6404326546 1140422.954058268 886919.6242150565 878036.9145010791 738767.271526717 779112.7386168601 994235.4746454279 991570.6529716208 846718.788908976 744308.1550596415 617456.0861747324 372144.5408583453 556992.6481806344 2660956.7276231637 3134027.4351068935 3936931.512011587 2000566.4668174612 961433.6729886016 878043.7221522712 5080872.254339321 4980665.743707919 4348513.215436754 899374.975093312 4038936.8901378824 824664.4605599517 1074878.6104936136 982072.6945460573 1006365.4869188567 1076669.6583843816 1056722.6046761537 1012022.9655836616 930681.7971758755 2380027.7980493587 4196209.593147007 5880853.223307044 3204666.6452873093 3081363.4239056706 4166036.153315024 3113979.194237088 2479683.991868514 3172424.3929772456 2798167.9227825734 3243044.9350777133 3165040.3633011514 3110981.4171829103 3046795.136130375 3149830.866898951
1401923.649380087 1375698.42636007 1253768.6578149504 715692.5088702571 2748210.9367019786 1193020.8268758242 1214189.4176157555 1853102.829548748 1668175.2259128077 1383302.7699998168 987251.9910934523 945785.4427252064 1005632.7867980232 1546896.8228192083 1062702.0854129978 716520.5033720843 827160.7201889333 926602.6129574525 963765.1887782519 721629.3795340443 1157647.550987085 1289386.892030117 988140.3358529848 1380272.0828310593 886942.9305506796 1171004.3760908686 1863404.2730785555 980576.7257239858 5957792.954050246 1619479.8181784144 4182529.791306291 865333.2881916459 5313359.96341736 5318821.271538436 978348.8212810161 927588.0440268221 808691.7350320112 983568.7465572429 1048812.3051657747 965677.0568348754 907972.9878704943 878191.573989048 1007006.6150733866 1121743.988100506 1032000.9119835856 949523.5097047556 4195204.383470411 6077908.789973873 3250653.16101057 3117833.2720730575 4923739.656613961 3165218.485139606 3171105.4396938924 3209182.252044311 3251086.4026972023 2335231.4197243936 3248480.669291776 5593329.745043899 2960298.586234357 5615100.5273340065
1852852.9034781253 1672523.7971529418 572607.9031705393 341443.8502473476 697913.0840781393 1558652.1381332397 562865.1549110744 3312420.130772859 1901879.8216236383 1297173.612041162 1488972.2759184123 1272739.2271150276 1144238.0849153688 1196157.5375573733 1090663.8635177293 980190.8788342784 743093.9209760801 1639909.9038201384 1716007.9912763317 1612523.7264852994 1996550.2198144426 1768426.8305812874 1612747.1134062146 1616117.9848506541 2058449.233874988 2439414.1558983536 2140361.25443669 720728.4594848613 4263974.390002335 6841226.321597498 1103131.7103155348 1191901.033155624 951783.6786477354 4965981.650105847 1002348.6861612792 965203.5904713812 945154.8668022621 997488.6053083463 1131352.811192582 649155.9849794027 963486.6255837315 1023194.5285252907 992567.8436920204 835880.0069477314 3093618.72388077 3259432.968547912 4566346.691506379 3127681.640067099 6326858.170590439 6104308.243246431 3913328.816036303 6175135.4073305195 6365600.996721567 4035718.2623143718 3360133.6799314152 6588113.143841381 3376511.4489443367 3259632.0553482566 3355920.337735825 3093404.350423997
645948.1187257796 841644.7729134043 571190.6038564229 303663.4538953945 475610.8202745698 698611.338820018 1094172.3698103048 1701540.7802890954 1251127.5832690878 1602043.846072843 1572236.112707204 1489730.5021180552 1182734.2345486619 1082385.7399372838 1406703.7124908024 874526.8573125111 1508210.7689887052 1231142.533659387 1141627.068957039 1205794.1357665018 1360143.292518021 1445734.8021812395 1118775.5344427798 1781335.499770452 1769404.095833479 1658717.7554818867 847582.8894125507 433233.01442434115 5529772.107543789 4525324.117670968 10417990.433383062 1246337.411491436 998009.9276030001 1189311.2122823119 951651.2853319839 1140462.523739642 1146362.4287534081 1018865.1432958657 850546.2068079256 1002166.871826432 985907.5795706334 1017160.1021830312 937082.5820755367 1548633.8751311924 2850592.956250845 2288315.725753115 2836934.664384707 3084184.2544670957 3951301.3529087063 2818305.395169601 3926910.9876592685 3149294.180174028 3189216.7951690312 3286829.8622358823 3318102.3525177636 6652118.09401821 2613635.8865891024 3363243.4110031016 3372889.8795146295 3366355.162805119
636767.9039480379 1147417.3101389527 863424.336439514 382431.9345729212 283078.1906720088 171532.74871259124 883237.4592274884 2642270.366014915 2671337.4330088194 2050210.0607416146 1776119.8310131973 1415047.7042050343 1181663.5771265444 1127352.2881896254 972780.2894677612 965869.3403912836 1050310.0777697696 977882.3263892728 1116786.4842097159 1552942.6517418965 1020933.4442974379 956694.498866638 855918.2337981033 1687135.987535413 1568241.5729856433 1317242.7249622396 4048076.4880683087 5386434.476720571 4891140.377709706 964128.9787349124 5272130.491463709 1361318.2211423141 1218598.9095838736 1171184.9054961212 844210.0518494125 1180869.8279882888 1037573.3218589749 4482442.744555345 1061487.3924521892 1039987.7127008882 1053513.2627312695 972896.7557584731 1259020.8040041467 1015436.4062349319 1025146.0720110381 848112.4234324691 983696.8978665249 3789047.2189966743 1095076.5645204852 -9999.0 1089328.6857283188 3176424.069603941 3307060.9609569153 3277403.685570068 2700429.7004756858 3369019.593634276 3399630.7641567457 3381299.271087366 3443049.180592711 3423048.9492452876
878804.639585486 316362.4539761455 957355.1408108821 174341.21006939764 141549.04698503658 268569.06182114786 1091900.5604594285 1891644.9078340423 1952155.802680604 2096400.7954137889 2476648.794564696 1941917.44746406 1512164.2080615135 1794596.0653689685 1113335.1031332964 1393401.6834960724 1598341.3995624895 909840.9164141106 741291.5460650967 1719301.8302908572 1872717.440087076 1116284.984491656 1709799.0200132881 1273526.5848262978 1325693.910607458 1093166.0003748839 3225481.7608876904 5969344.824208814 1569466.0493095291 985490.0060461692 956901.9488545365 5904043.878254422 1193113.3421335805 1172445.557575962 1171193.8219506014 796638.8435916887 1025853.1108016779 1135557.9525735371 1319140.4204084007 1021097.6413238798 895899.7219461758 1003615.9899684153 -9999.0 809485.3578199868 870442.5724784996 631609.2060770516 316585.7839863026 1731036.6640442596 2550592.151612136 2181869.761066237 2545561.2627451303 3239723.3629063056 3123232.0913174846 3364438.012431747 3346987.0141436555 3457658.81851369 3437097.968670398 2751799.934598046 3330812.9012506697 3218133.438677985
