Model Version1.4/trunk/output/1999/nde_ag.asc
ncols 720
nrows 360
xllcorner -180.0
yllcorner -90.0
cellsize 0.5
NODATA_value -9999.0
[rows 135 to 161 of 360, columns 420 to 479 of 720]
-9999.0 -9999.0 -9999.0 -9999.0 -9999.0 -9999.0 -9999.0 -9999.0 -9999.0 -9999.0 -9999.0 -9999.0 -9999.0 -9999.0 -9999.0 -9999.0 -9999.0 -9999.0 1360318.1595310948 529958.6941980824 746181.9420506693 306890.9991452262 82225.63639149714 41199.942198080826 166563.9083178638 -9999.0 120196.37115351118 200863.62788740685 401373.1823343343 360974.3343908143 328737.3657876132 164044.3018541036 961942.0378130381 13202332.364890486 105672.63953431397 153184.50896402865 428269.76909365825 67603.60720491326 -9999.0 -9999.0 -9999.0 -9999.0 -9999.0 -9999.0 -9999.0 -9999.0 -9999.0 -9999.0 -9999.0 -9999.0 360316.60795383056 -9999.0 -9999.0 -9999.0 -9999.0 75758.99033573623 84681.46422973105 141652.19883466212 322302.22431234043 -9999.0
-9999.0 -9999.0 -9999.0 -9999.0 -9999.0 -9999.0 -9999.0 -9999.0 -9999.0 -9999.0 -9999.0 -9999.0 73246.98252677084 -9999.0 -9999.0 -9999.0 -9999.0 -9999.0 1090677.5121241657 1412105.2122912821 574124.0078300759 336206.6284855615 270535.11346271273 623807.5109095895 558015.2570248918 186500.3085148267 40526.86883499969 299009.373575381 181353.77356194728 201563.90044878577 182435.38724910616 281169.9750112184 2458079.694002415 1523949.4519740562 83537.28166765044 272073.3051542567 105981.07084933376 -9999.0 -9999.0 -9999.0 -9999.0 -9999.0 -9999.0 -9999.0 -9999.0 -9999.0 -9999.0 -9999.0 -9999.0 -9999.0 -9999.0 61903.65641372901 -9999.0 -9999.0 -9999.0 -9999.0 -9999.0 -9999.0 76090.45371877024 -9999.0
-9999.0 -9999.0 -9999.0 -9999.0 -9999.0 -9999.0 -9999.0 -9999.0 -9999.0 -9999.0 -9999.0 -9999.0 -9999.0 -9999.0 -9999.0 -9999.0 -9999.0 -9999.0 292303.56622344896 473330.7531416871 739655.7690639541 842152.4529036349 480221.4421167297 839372.9201637903 551494.683354569 735420.1551453873 243877.799887379 378289.6656747176 379795.74797569227 182588.50151278765 223607.3712223749 395412.59494598873 2441299.972101597 103090.81822650538 42048.90577979715 188894.33686322044 -9999.0 -9999.0 -9999.0 -9999.0 -9999.0 -9999.0 -9999.0 -9999.0 -9999.0 -9999.0 -9999.0 -9999.0 -9999.0 -9999.0 101865.33363976378 41049.338855880036 -9999.0 -9999.0 -9999.0 -9999.0 -9999.0 -9999.0 -9999.0 -9999.0
58838.805182074735 -9999.0 -9999.0 -9999.0 -9999.0 -9999.0 -9999.0 -9999.0 -9999.0 -9999.0 -9999.0 -9999.0 76218.94255648421 74867.47733372072 -9999.0 -9999.0 -9999.0 -9999.0 93295.39624649382 763820.1327712088 794397.0729906685 441954.49607670057 771892.4701864857 582192.3090367831 657352.9534551182 395733.7111597569 184746.32874833784 203947.72096995395 221652.60330022042 2091674.4204976365 4793840.630434578 1893140.115431552 60809.00360080803 20291.067137338618 -9999.0 -9999.0 -9999.0 -9999.0 -9999.0 -9999.0 -9999.0 -9999.0 -9999.0 -9999.0 -9999.0 -9999.0 -9999.0 -9999.0 -9999.0 -9999.0 909276.054053828 151250.65532448541 75882.83296136795 -9999.0 -9999.0 -9999.0 87752.91631344592 111246.78497423283 -9999.0 -9999.0
78708.91127962837 78828.86903776547 -9999.0 -9999.0 -9999.0 -9999.0 -9999.0 -9999.0 -9999.0 -9999.0 -9999.0 -9999.0 -9999.0 74183.20115120175 79035.39931089334 -9999.0 -9999.0 -9999.0 -9999.0 84391.29448498983 1015304.1080991831 1174292.382318265 469102.6092900945 591024.1902053934 1379737.534596654 1634692.747570817 225202.78949784354 103211.34747492004 405931.76440450485 10812868.647644116 6115494.123523287 3261080.9316434357 121856.91326157421 20302.385056181673 -9999.0 -9999.0 -9999.0 -9999.0 -9999.0 -9999.0 -9999.0 -9999.0 -9999.0 -9999.0 -9999.0 -9999.0 -9999.0 -9999.0 -9999.0 -9999.0 75756.62358218356 -9999.0 -9999.0 -9999.0 -9999.0 -9999.0 -9999.0 105864.54690533773 -9999.0 -9999.0
317999.9057464879 78425.08592670698 -9999.0 -9999.0 -9999.0 -9999.0 66268.0679448331 -9999.0 -9999.0 -9999.0 -9999.0 78333.50383815277 77364.16161747061 150291.71729647226 255321.8189182694 -9999.0 -9999.0 -9999.0 -9999.0 -9999.0 -9999.0 3461199.699877214 561171.3838013097 817160.4111428256 588192.2010283644 420953.2031604154 368533.7086622093 312458.67120750865 387244.77160800993 346471.28689529083 1135403.3659573281 80457.35248020972 -9999.0 -9999.0 -9999.0 -9999.0 -9999.0 -9999.0 -9999.0 -9999.0 -9999.0 -9999.0 -9999.0 -9999.0 -9999.0 -9999.0 -9999.0 377302.0974752843 989040.9951008478 228299.30669849153 -9999.0 -9999.0 -9999.0 -9999.0 -9999.0 -9999.0 -9999.0 -9999.0 -9999.0 -9999.0
322370.40730168513 290244.2572270141 -9999.0 -9999.0 -9999.0 -9999.0 157538.13546806105 67887.08116555185 -9999.0 -9999.0 238231.60859831824 156671.0437248944 154552.34208240782 -9999.0 485577.35841018544 -9999.0 -9999.0 -9999.0 -9999.0 -9999.0 -9999.0 -9999.0 3221426.000445856 1417978.731825806 397241.2693020074 505727.3927205256 512901.5479237239 431233.9565011584 464459.94751506054 205834.1804774191 119338.83108428911 -9999.0 -9999.0 -9999.0 -9999.0 -9999.0 -9999.0 -9999.0 -9999.0 -9999.0 -9999.0 -9999.0 -9999.0 -9999.0 98413.1004350914 1125911.1814470831 601874.5977120004 227373.40529721286 -9999.0 -9999.0 -9999.0 -9999.0 -9999.0 76672.46916005995 -9999.0 -9999.0 -9999.0 -9999.0 -9999.0 -9999.0
-9999.0 122015.50530987103 -9999.0 133580.56892298642 79584.63098864195 -9999.0 -9999.0 74863.1515553899 -9999.0 -9999.0 -9999.0 315196.2932827432 155397.22968195897 211533.84409749872 1016756.0747658103 419047.9849053231 -9999.0 -9999.0 -9999.0 -9999.0 -9999.0 -9999.0 6348072.802140388 958955.6145764561 423029.4653746719 460771.3785625327 449700.29674681515 502561.86782627314 430723.77761565964 211067.68595769163 367856.21731716377 -9999.0 -9999.0 -9999.0 -9999.0 -9999.0 -9999.0 -9999.0 180117.63970353405 238784.1058039839 218280.3229336755 298687.8235462988 784468.6135667309 694920.3474712697 227794.72755622683 228015.4530054149 227468.41803374104 76049.23806938843 -9999.0 -9999.0 -9999.0 -9999.0 75827.73356037971 75731.24921520993 74803.96638348908 -9999.0 -9999.0 -9999.0 -9999.0 -9999.0
-9999.0 334522.69000821305 224431.1365695313 474674.7462331925 -9999.0 -9999.0 -9999.0 411507.1713909634 -9999.0 -9999.0 401944.67403218104 320786.78710972104 160847.68367077343 239108.40102023134 154535.2562177976 1465200.3749223223 960471.0215754145 -9999.0 -9999.0 -9999.0 -9999.0 -9999.0 106954.30143655388 613504.5087307821 389147.6296971544 683633.3698498331 412492.6048985626 474732.8682833504 397526.8133847127 275058.2524888752 514125.1594829209 206060.27705389133 -9999.0 -9999.0 -9999.0 -9999.0 260054.8151573306 278996.16151163616 159985.66169999106 87424.06887536659 -9999.0 -9999.0 -9999.0 -9999.0 -9999.0 -9999.0 76907.51689015071 -9999.0 76967.44129810629 76934.85239563372 76802.97067528845 231143.77039528833 153517.62581184806 -9999.0 -9999.0 -9999.0 -9999.0 -9999.0 -9999.0 -9999.0
-9999.0 -9999.0 76244.17075701836 -9999.0 -9999.0 80261.10748210886 80890.20687002374 578998.8597912594 246235.8424002013 81014.71027810095 244245.4376909487 158956.2098857162 79942.38921117125 77870.21545892782 236153.45917780066 530348.4474467484 1831064.3521607597 918532.1650137161 -9999.0 -9999.0 -9999.0 -9999.0 -9999.0 315079.67769312684 5264196.306193432 1010811.7381313146 461955.65007932007 457175.12444889103 695278.9394662479 303576.92244878237 169764.72061283942 21186.847364111425 123206.14259781525 41060.14262643244 -9999.0 223656.13556750774 1015178.5715310111 529309.8510068795 133192.06444549834 -9999.0 -9999.0 88388.72352825468 132749.63605958183 132339.64498914182 44146.67084825658 76930.87748230508 76775.38566988266 77095.04851876665 77073.99622360866 153291.83026728418 150078.36814692512 73579.83377076645 73147.51952604207 -9999.0 -9999.0 -9999.0 -9999.0 -9999.0 -9999.0 -9999.0
-9999.0 561873.7286041178 -9999.0 -9999.0 -9999.0 -9999.0 80986.09468582313 655582.3346240366 325998.91955600615 575085.5246170447 81111.26294327858 485309.21485749533 79949.42175552584 238885.460285926 642553.9315816367 1571264.5076604525 1594444.7431148146 1814212.2531979315 -9999.0 -9999.0 -9999.0 -9999.0 -9999.0 -9999.0 1549170.8639641744 20025812.76177694 1052687.7997409238 947239.4205568737 907109.7163031303 195919.69584023935 435401.6601609184 190146.98612888373 408179.37234163354 450948.1350702844 89075.71936262555 622691.7380346815 485603.7503263815 1056384.2141606603 1017142.7617906808 88830.37821604445 132860.26316395128 439974.644402389 835793.9499332414 528956.4543356925 614903.8552870424 763125.3597485697 228780.74810142335 300560.41741442843 462759.41182312847 367019.4729916524 132006.3325764114 -9999.0 -9999.0 -9999.0 -9999.0 -9999.0 -9999.0 -9999.0 -9999.0 -9999.0
-9999.0 405717.3062735925 162307.5981127783 81538.48307591873 81946.43916631804 219239.1671268757 712236.0205426197 860318.8777100353 165066.67453582402 82558.15964525974 239635.9737120282 911564.7076562108 1413692.625787898 652570.7444912863 1971941.4690758933 1816979.4883634932 1589496.9051795686 1874878.6722548725 485249.32554665906 -9999.0 -9999.0 -9999.0 -9999.0 -9999.0 51555.57835218967 34194609.032402575 2230302.7325922432 989393.602050245 1066677.48732134 1009604.753699266 157314.24546774046 398853.49898837844 357875.6874248865 42405.58378493997 44927.52923139734 357906.50640352594 931189.2789179265 1069161.8908563822 892323.5333388163 178224.51153304204 88313.60717751064 311111.5191918178 783833.1185121555 825401.0845086897 772928.2069787785 762685.7649132625 291848.39089036715 148341.34367876 -9999.0 -9999.0 -9999.0 -9999.0 -9999.0 -9999.0 -9999.0 -9999.0 -9999.0 -9999.0 -9999.0 -9999.0
81281.5502648234 81136.1675016828 81641.1027852635 81733.36873147162 81974.52964814895 489844.5663119717 820610.0581606807 1483503.301304384 1738967.4769992898 994532.7758569497 1162825.5727118806 1655609.9560603718 2824972.5639511496 1711134.850437846 1947706.8210493822 1565914.2159601822 1657159.4105261343 2002092.710704457 993493.8131962739 -9999.0 -9999.0 -9999.0 -9999.0 -9999.0 -9999.0 779923.0667490447 1960938.8339045756 1264856.6852681641 1743453.0840330482 2265247.187442773 64589.84311455152 22233.356018334405 42459.170845515095 90914.87025984397 223742.82854835867 971397.4658774378 1061643.0836908424 1082180.7519978788 1111703.0363731899 841831.7603861016 356147.49811067106 134168.43202992994 525426.6628326806 489580.1093228685 130519.2806654072 41966.41711803789 -9999.0 -9999.0 -9999.0 -9999.0 -9999.0 -9999.0 -9999.0 -9999.0 -9999.0 -9999.0 -9999.0 -9999.0 -9999.0 -9999.0
82754.03237943962 165176.61952673216 333129.3332937106 83265.44057193605 472478.5831707111 1178049.6751398728 1259265.1207620145 2182549.414765506 2530561.388345397 2195156.2916659233 2709537.7645775257 2703537.7434057565 2835490.0110874777 1629889.7071352338 2072840.814664591 2128769.178788084 1985820.7462378207 1957681.977339548 1981376.1072266866 -9999.0 419654.6143166231 -9999.0 -9999.0 -9999.0 -9999.0 930491.2429124087 2747489.9488627384 2161332.5051881196 2467922.370268273 1011168.0134459164 549335.7957397109 226970.69260296636 46354.86224557507 -9999.0 183701.39499435553 630706.1062706927 1069614.2767266321 1225857.939014728 1141843.4578914682 1073372.9375319905 1014757.8072141439 905097.7005978647 778535.8586497896 569353.4738608836 210954.1754134201 -9999.0 -9999.0 -9999.0 -9999.0 -9999.0 -9999.0 -9999.0 -9999.0 -9999.0 -9999.0 -9999.0 -9999.0 -9999.0 -9999.0 -9999.0
413670.10526586353 248055.65013623677 500509.52986190753 250250.88090701605 665360.8198642686 6306067.172610466 3060320.1378924353 2446355.501941007 2463926.4081083587 2654825.396121598 2902489.2470748997 6933865.879006819 2966747.7501214943 2738455.040511742 2311418.436141388 2144733.622622228 2023381.1095968022 2387809.8829786386 1995484.302869818 1572496.2153731447 290079.9469857281 -9999.0 -9999.0 -9999.0 -9999.0 629117.1276329787 3179743.884280661 1445680.7341414117 2849266.7456288747 1099006.9718576402 1030814.9511918066 159450.62627206644 45900.17422015594 186262.95461295533 1024509.9860642212 1024159.4312874434 1086850.2849519257 1081198.3303833401 1032562.7936498533 954141.0534383837 804345.5152656444 427892.412824723 387435.15596600465 119278.25222738109 -9999.0 -9999.0 -9999.0 -9999.0 -9999.0 -9999.0 -9999.0 -9999.0 -9999.0 -9999.0 -9999.0 -9999.0 -9999.0 -9999.0 -9999.0 -9999.0
1176579.0100939616 767643.364320999 1370935.416483975 1285169.4113621898 1489369.66493744 5239339.103478794 6680769.444129328 3103303.1171240634 2876402.700235248 3141690.7579787355 3099987.9430606384 3120632.7244709167 3085136.6009375565 3488313.725395539 2750636.7993063144 6105294.686638969 3973209.2728601466 3119949.7236448713 2614110.9167007194 1855819.729660056 1958519.7423695375 1309547.1601419642 291090.7681127377 -9999.0 -9999.0 150168.06548136607 3838600.0830784105 1214947.2227686741 5084444.2984544905 1275663.9297891585 1315694.8863579733 1192650.1232411307 604216.4005218252 519332.89234659536 1016991.5474341629 977491.5466042452 893120.1550165785 965318.1343736192 625748.866623986 -9999.0 94903.6628729333 -9999.0 -9999.0 -9999.0 -9999.0 -9999.0 -9999.0 -9999.0 -9999.0 -9999.0 -9999.0 -9999.0 -9999.0 -9999.0 -9999.0 -9999.0 -9999.0 -9999.0 -9999.0 -9999.0
2560090.399887948 678983.3483540076 515791.78553996753 2627943.261841359 2630215.516513316 6855987.100451742 6638969.208037725 6913395.73936343 3128523.5980840824 4508917.452956489 6713769.455286721 5574341.607995453 4610765.415614639 6024245.876362445 4672364.5194484675 5841889.8315030895 2215945.6946811546 2824364.1719220877 1619939.0092899739 2132091.930519526 1775667.756047779 1530343.5117333387 1825824.222018355 151630.41047499905 -9999.0 -9999.0 3692430.5340802353 1334164.1622039918 2338407.7111792304 2754263.378683203 1314606.16737438 1138987.976187579 1340894.8473261138 1218569.6352979396 768041.5377994284 274904.3680211982 430865.0235225221 509515.56091836165 -9999.0 -9999.0 -9999.0 -9999.0 -9999.0 -9999.0 -9999.0 -9999.0 -9999.0 -9999.0 -9999.0 -9999.0 -9999.0 -9999.0 -9999.0 -9999.0 -9999.0 -9999.0 -9999.0 -9999.0 -9999.0 -9999.0
2832066.4016469866 2286847.751368815 2309601.8903441876 3026149.211739924 3236189.930824556 6621541.583891046 3407951.3401452554 6390626.855709551 5348576.905074665 4308441.361244468 4664798.376665227 5820122.394396643 4809945.368024868 4843477.880079369 1711413.2787927135 2193244.1609385638 1627952.654296606 3245798.798554348 2809768.9788619964 1484247.9848792038 714608.9354554913 180817.65528270282 1462287.2811048038 1788309.5048368222 351875.2215952817 32479.93296102135 1308429.758846273 1400241.796291166 1561807.6949562537 1616320.6371142012 1461650.6208358717 1346533.295383396 1396807.4495412698 766065.9173366518 459463.62037257716 127687.62661555072 -9999.0 -9999.0 -9999.0 -9999.0 -9999.0 -9999.0 -9999.0 -9999.0 -9999.0 -9999.0 -9999.0 -9999.0 -9999.0 -9999.0 -9999.0 -9999.0 -9999.0 -9999.0 -9999.0 -9999.0 -9999.0 -9999.0 -9999.0 -9999.0
3031466.417811531 3071860.5622196607 3174928.169359047 3144902.093084058 3224056.386170823 3223307.117950266 5907798.158954859 6024388.927782265 4677238.08653637 4989997.724946216 2795567.0183294206 6556445.631716145 4598784.026025664 2395997.0911267116 2071029.66542681 1423181.215744413 1049859.4854688882 3870028.2954266868 1299412.2512958343 966382.9167216476 1060072.060296206 180453.51812496543 361528.72654954175 1357067.0960515449 1705315.5014465926 220401.96126917726 732542.2920791482 1208396.3861340375 1360230.1624438493 1400491.7097868964 1549184.8934045264 197112.4010882939 110464.29359392378 199972.8267655018 -9999.0 -9999.0 -9999.0 -9999.0 -9999.0 -9999.0 -9999.0 -9999.0 -9999.0 -9999.0 -9999.0 -9999.0 -9999.0 -9999.0 -9999.0 -9999.0 -9999.0 -9999.0 -9999.0 -9999.0 -9999.0 -9999.0 -9999.0 -9999.0 -9999.0 -9999.0
3099267.6457806714 2813518.2480643773 4686128.397501423 4691973.862346175 2597067.3156664134 3223593.6312107584 3841977.993276732 3864248.8515297826 6464494.449869692 4563698.257570013 793596.5727755821 1540736.92052822 4294275.545840162 1789108.887637983 1473579.392590466 1319180.0367760342 2643682.420932754 2092466.4572477492 908923.0399249911 1825016.5699011835 1429299.6077624615 723326.5718392514 178673.90501988196 356980.7689263856 1456669.5956071788 1632422.5177385 446266.70365165453 493120.0848111648 411762.5110999574 397216.6754013225 117372.35729981394 -9999.0 -9999.0 -9999.0 -9999.0 -9999.0 -9999.0 -9999.0 -9999.0 -9999.0 -9999.0 -9999.0 -9999.0 -9999.0 -9999.0 -9999.0 66306.93555550308 116706.92989260849 89633.49141893018 -9999.0 -9999.0 -9999.0 -9999.0 -9999.0 -9999.0 -9999.0 -9999.0 -9999.0 -9999.0 -9999.0
4539597.915102679 2833636.5208403687 5073128.732029621 3198923.857755174 2561808.219342261 2340756.0734743015 1634774.909772596 1800412.9549545732 4789308.114346116 4614077.543252689 475897.8498576708 2856648.172116848 1943070.0180070922 1492223.9966542213 2435097.346078881 1601137.6099480612 1753959.2133139994 1250626.309268462 550164.2644035196 2926626.5019149375 2911866.1457354035 864876.9004973564 555609.655045477 152207.53345915262 878289.758541461 1589293.867271056 2203815.3449226 -9999.0 -9999.0 -9999.0 -9999.0 -9999.0 -9999.0 -9999.0 -9999.0 -9999.0 -9999.0 -9999.0 -9999.0 -9999.0 -9999.0 -9999.0 -9999.0 -9999.0 -9999.0 -9999.0 -9999.0 106602.41906080034 80545.18955679818 -9999.0 -9999.0 -9999.0 -9999.0 -9999.0 -9999.0 -9999.0 -9999.0 -9999.0 -9999.0 -9999.0
3440261.169972449 5094975.797199513 3977874.6737790713 5721206.166459711 5841258.081558888 3614518.2987282355 1783191.720444039 6853187.365621347 6490101.77603373 6241237.358765851 4514678.892945315 1619873.1422398034 1625547.6974645276 1700141.8818394875 2304649.962313018 2527510.8563316474 464156.9580857124 1259215.8197371068 819107.5818445423 2760967.680785447 4677604.061252222 1167389.569911058 1084114.87778778 1379646.032425156 2110846.6817816664 2227691.7170257545 590321.691225009 -9999.0 -9999.0 -9999.0 -9999.0 -9999.0 -9999.0 -9999.0 -9999.0 -9999.0 -9999.0 -9999.0 -9999.0 -9999.0 -9999.0 -9999.0 647575.1443762147 -9999.0 -9999.0 -9999.0 -9999.0 -9999.0 -9999.0 -9999.0 -9999.0 -9999.0 -9999.0 -9999.0 -9999.0 -9999.0 -9999.0 -9999.0 -9999.0 -9999.0
2804867.0817322214 2778300.389846744 5269170.286565748 3246307.77869407 3317098.313287702 6378918.294623912 6361099.792947243 5849105.465503021 6473039.750484722 5693735.3303589905 1709729.8419417292 1401447.713082946 1880012.9699512073 3059056.08498075 2148984.653705528 407760.9104619541 767618.2174519023 640210.0207512521 592745.0464751439 1061379.041836616 2246422.576660004 1162535.4676619181 1239445.526481297 1570674.329636334 251610.65312300445 2022754.803914843 1944056.2980048775 160844.58341087063 -9999.0 -9999.0 -9999.0 -9999.0 -9999.0 -9999.0 -9999.0 -9999.0 -9999.0 -9999.0 -9999.0 1627863.1794590699 -9999.0 -9999.0 433985.5766130285 -9999.0 -9999.0 -9999.0 -9999.0 -9999.0 -9999.0 -9999.0 -9999.0 -9999.0 -9999.0 -9999.0 -9999.0 -9999.0 -9999.0 -9999.0 -9999.0 -9999.0
4448837.275436298 2835707.7768515674 3246659.261170319 3506050.027958549 3566276.826435543 3458914.6785480175 3782367.455357781 3512609.916211818 2986463.0567915025 2250240.2006401606 4260363.609844596 2192867.772660613 3418130.6166004604 2085317.8258415414 2330422.7377733723 1907999.6190540185 1066549.1382370219 584965.2556160116 379553.7597479859 1274245.8665646224 938464.1117894847 2785029.833787827 1171153.7771803653 1185556.9111823873 279921.1691847731 1200361.268769282 1963632.6323827363 1581791.133676509 182084.67745300438 -9999.0 -9999.0 -9999.0 -9999.0 -9999.0 1572410.0024435462 1798974.879391201 1496391.7078278349 1561566.040326141 -9999.0 1553792.7749032655 -9999.0 -9999.0 368318.07154420204 -9999.0 -9999.0 -9999.0 -9999.0 -9999.0 -9999.0 -9999.0 -9999.0 -9999.0 -9999.0 -9999.0 -9999.0 -9999.0 -9999.0 -9999.0 -9999.0 -9999.0
3029697.9709724924 3095151.4544200487 3477468.2553279335 2501001.2875085855 3511568.6821904057 3766531.1287194286 3891507.821602005 3643677.705943945 3661331.7748267907 1736594.7184161958 2724117.674992577 3924657.0219608787 3542228.5205109147 3186513.544807299 2906433.110604333 2212358.2209272794 1060270.587790681 845015.8961982246 576077.6381563267 836830.4170295275 911771.977970192 2483475.6044338793 2320691.541212567 925913.2877827235 578147.8303628194 1333256.0504376478 1547124.0614283276 1893878.8325263564 1770063.29798 739308.3102961422 828584.4208027626 682389.4736150103 1173086.7352239909 1263218.7709468813 2037715.925500421 1754224.6625614152 1904026.069047999 1745411.9711511633 1733411.5838699257 -9999.0 -9999.0 -9999.0 181738.7025108143 -9999.0 -9999.0 -9999.0 -9999.0 -9999.0 -9999.0 -9999.0 -9999.0 -9999.0 -9999.0 -9999.0 -9999.0 -9999.0 -9999.0 -9999.0 -9999.0 -9999.0
3024473.358214386 3162357.6118786647 3515951.6219083234 3549610.4510558425 3092030.8060318544 3729205.763553663 3676757.2188515966 3522831.016330413 4660922.787841355 4116617.693697446 3835867.773438189 3899177.1399128386 3502865.548001712 3614296.5511342785 1909442.2147671003 2153976.5868575093 3117193.902950887 702139.2614867284 1170463.8741279587 940437.7492554031 374072.66622735193 -9999.0 1050560.0288691833 1808289.2993108984 1841039.7957250974 2151770.0264583407 5323873.135568687 2468231.662446851 1940115.519755123 2028570.5425588444 1616890.0730589721 1700037.0424100244 1943835.8883161193 1718287.6957467392 1597089.0421157302 1991710.9325003377 1758621.2983551673 2062408.3000243525 1814655.9849117363 1882522.8062030482 -9999.0 -9999.0 -9999.0 -9999.0 -9999.0 -9999.0 -9999.0 -9999.0 -9999.0 -9999.0 -9999.0 -9999.0 -9999.0 -9999.0 -9999.0 -9999.0 -9999.0 -9999.0 -9999.0 -9999.0
1254306.237453652 2914501.2429982843 2901161.3119980544 3213480.8796684826 3214071.418290977 2799929.6017910955 3542118.243880723 3444079.0602836213 2846949.2044252753 4116918.3791085463 3370113.7700831173 3098467.289005439 4289337.824530143 3072989.954677593 2592180.7059294553 2627117.7691656044 3232977.8900514096 1936343.1879339053 1695014.16313909 1494235.856283113 2827194.9288468366 2196943.25111079 3432527.9019010197 3018276.1759571433 803819.6051910897 2352514.979388085 4993176.498324907 10295717.334815403 2136845.93229537 1966867.5061632395 1945051.8047602843 2095472.1974161593 1940051.4397637805 1682475.826894411 1750699.3041338893 1982022.4134679614 1887213.8662300247 1826891.2905649652 1752954.0107403242 1749339.4093626079 1671218.1888055643 -9999.0 -9999.0 -9999.0 -9999.0 -9999.0 -9999.0 -9999.0 -9999.0 -9999.0 -9999.0 -9999.0 -9999.0 -9999.0 -9999.0 -9999.0 -9999.0 -9999.0 -9999.0 -9999.0
