Model Version1.4/trunk/output/1999/nde_ag.asc
ncols 720
nrows 360
xllcorner -180.0
yllcorner -90.0
cellsize 0.5
NODATA_value -9999.0
[rows 189 to 215 of 360, columns 360 to 419 of 720]
-9999.0 -9999.0 -9999.0 -9999.0 -9999.0 -9999.0 -9999.0 -9999.0 -9999.0 -9999.0 -9999.0 -9999.0 -9999.0 -9999.0 -9999.0 -9999.0 -9999.0 -9999.0 -9999.0 -9999.0 -9999.0 -9999.0 -9999.0 87055.76088178797 190768.34006505768 155689.08769711974 301475.27451989043 258857.73013804725 340490.4392807421 331720.42118166876 93589.30626727919 207328.04127499327 241339.77164019443 177600.55733908722 145757.6829114922 79946.48138885462 137951.10949215968 104232.92803339168 96945.9543236484 47650.61496070275 27370.584886547364 49019.166324236336 85681.60321258818 74545.66744437772 34275.78325262987 63754.57283632342 17400.81232959495 54922.65360852488 186219.1963006584 302628.21516853664 54906.18264667767 28787.434935449484 45371.66487437672 62773.086611452985 40481.333283340384 -9999.0 85273.61092332983 208144.0917957222 -9999.0 681759.9209180617
-9999.0 -9999.0 -9999.0 -9999.0 -9999.0 -9999.0 -9999.0 -9999.0 -9999.0 -9999.0 -9999.0 -9999.0 -9999.0 -9999.0 -9999.0 -9999.0 -9999.0 -9999.0 -9999.0 -9999.0 -9999.0 -9999.0 -9999.0 -9999.0 295313.6002138104 78672.27058144528 65223.20495318825 187857.6581346165 275117.4861736076 261494.45733007655 132283.1137856537 132206.15361427073 135301.65821375203 30273.690586536635 112774.26021290393 78371.65692081294 141263.6036765048 110671.74995900053 260447.8499451585 174111.3104688879 80223.39926333411 95562.80389530526 86977.95763325649 59834.16368037934 55638.605814253766 45584.705200533936 50358.74047989532 136682.55205757738 150485.43014811556 260767.2682852414 169438.0543973811 42768.64236957474 81631.56074547442 64810.46643800542 80183.20243286637 33827.73882294202 33602.79275216407 52601.9216093942 66664.50596451527 268365.4936118326
-9999.0 -9999.0 -9999.0 -9999.0 -9999.0 -9999.0 -9999.0 -9999.0 -9999.0 -9999.0 -9999.0 -9999.0 -9999.0 -9999.0 -9999.0 -9999.0 -9999.0 -9999.0 -9999.0 -9999.0 -9999.0 -9999.0 -9999.0 -9999.0 406912.96228012216 88949.03505404221 182229.7109494422 321825.3876808581 209059.02463445195 234927.4256430333 261893.39475223067 104418.21438518047 114101.98252695288 138297.40849326563 194855.80503395142 77098.99858553451 197970.30652836178 306357.2209261727 301633.4246836173 157710.41008834503 124630.61015039554 111789.42242521944 74214.00381916248 52819.11122815263 116187.31932900767 118817.42723142894 179281.59485462098 58164.13777126703 73969.63380266391 213066.76941427795 79659.3163644286 52144.71034801832 44321.024921129465 173088.2402428768 209663.2626036021 109793.6428467007 51211.648039977204 11110.380595999188 81816.31500754772 157817.53465395072
-9999.0 -9999.0 -9999.0 -9999.0 -9999.0 -9999.0 -9999.0 -9999.0 -9999.0 -9999.0 -9999.0 -9999.0 -9999.0 -9999.0 -9999.0 -9999.0 -9999.0 -9999.0 -9999.0 -9999.0 -9999.0 -9999.0 -9999.0 -9999.0 106140.3656365916 603559.229728723 462584.51080365444 710628.4140106526 369462.2180945304 465621.3411941477 439679.66158672824 265647.9322268203 200372.03299898666 152846.81703891206 54994.85318461448 50808.91786269967 95566.43693338487 285392.28778616356 185837.76769094178 140138.37482514285 90642.55547133845 147944.38402095882 67495.47471860585 93283.39449483884 123250.83671071543 144108.32566961553 196412.35033284943 523253.41645951755 95245.13745579589 124919.82080530029 128642.98547156363 52737.64110756917 21587.446391559308 100704.08814120668 70860.10296446826 70057.77860006428 41136.35819564294 57556.037499486956 58454.0163451876 46970.81375407485
-9999.0 -9999.0 -9999.0 -9999.0 -9999.0 -9999.0 -9999.0 -9999.0 -9999.0 -9999.0 -9999.0 -9999.0 -9999.0 -9999.0 -9999.0 -9999.0 -9999.0 -9999.0 -9999.0 -9999.0 -9999.0 -9999.0 -9999.0 -9999.0 -9999.0 27966.788328177296 609657.5873746767 621707.610309201 621222.0244452655 535201.2740738494 390720.5135212381 237689.42573982736 183918.81262716278 112786.89211277783 30932.288966410946 105871.47256638635 26373.923974161487 24836.48743686499 74795.98998045376 25558.66096889742 25775.54438641383 157553.45302204837 170200.23519656592 202671.70992337036 100244.15615483583 99897.4676989948 107142.31789200849 345266.03629866516 176334.60422796494 77729.90122028142 144383.65216186194 169222.94859089633 14723.89604133751 38019.13963651899 23260.41873579032 76615.7677006462 54457.959442465224 131598.66333062496 146425.8214298096 -9999.0
-9999.0 -9999.0 -9999.0 -9999.0 -9999.0 -9999.0 -9999.0 -9999.0 -9999.0 -9999.0 -9999.0 -9999.0 -9999.0 -9999.0 -9999.0 -9999.0 -9999.0 -9999.0 -9999.0 -9999.0 -9999.0 -9999.0 -9999.0 -9999.0 -9999.0 166841.46233222148 590120.8602759846 463289.85090060014 629096.847909403 495145.9688852113 470328.2229285914 236590.24081472686 134401.8654205612 317642.83872536005 75160.43479161468 58536.53516980434 144447.79613037128 50456.982565172184 25224.875437953342 363289.96176855173 130740.95381686807 72693.96089318578 123181.68888837364 165655.43667227388 108747.0808397974 56866.025652583165 115313.99617098944 182283.9948106174 57097.96708347174 193368.46361737783 95011.19239093931 106103.44547537711 26082.658234951996 43598.3278729793 53791.3877705053 49528.57241470184 198089.9242379565 345273.9405702047 336603.9315160944 138206.63967224443
-9999.0 -9999.0 -9999.0 -9999.0 -9999.0 -9999.0 -9999.0 -9999.0 -9999.0 -9999.0 -9999.0 -9999.0 -9999.0 -9999.0 -9999.0 -9999.0 -9999.0 -9999.0 -9999.0 -9999.0 -9999.0 -9999.0 -9999.0 -9999.0 -9999.0 -9999.0 50641.72042502397 530946.2230756612 317318.0942092021 239960.94060370015 375855.9913893996 236016.22726982954 108440.8421165442 102137.11392132801 135656.14624546078 26723.732748777787 30442.866687228678 25502.60877172361 122820.86364377555 673637.8453104093 518150.15100127994 338197.66704039776 632610.002616115 345792.91165941686 57021.61515642317 28300.913976930435 40190.31574481273 72028.00639117204 43452.174559697036 74838.4027313722 168368.68821186264 55941.86347061462 76416.62260205929 94679.5837382779 60004.86421789664 49924.408028009755 103172.6783344252 196205.9641025453 93914.71213179632 243916.51039966132
-9999.0 -9999.0 -9999.0 -9999.0 -9999.0 -9999.0 -9999.0 -9999.0 -9999.0 -9999.0 -9999.0 -9999.0 -9999.0 -9999.0 -9999.0 -9999.0 -9999.0 -9999.0 -9999.0 -9999.0 -9999.0 -9999.0 -9999.0 -9999.0 -9999.0 -9999.0 354915.95026903384 121315.47734806068 101239.71480972879 171072.65742531224 308918.7899445714 383813.2965695676 77182.90801741266 259829.63043316916 112740.83791185552 127368.74446548925 155769.9477380413 228413.16509182256 376500.0536261193 577176.1781295494 384023.37357796653 399137.1601719198 779295.5503277754 338615.27696551324 -9999.0 7318.791275742442 21015.593584512942 108854.44888025495 159768.882463912 174189.08377988986 240248.17706483311 227080.3677966431 241520.65332351238 256228.73427947809 150982.87533185992 177462.04575178307 148200.98533142608 22073.665659251703 81230.70446926617 165888.1568526071
-9999.0 -9999.0 -9999.0 -9999.0 -9999.0 -9999.0 -9999.0 -9999.0 -9999.0 -9999.0 -9999.0 -9999.0 -9999.0 -9999.0 -9999.0 -9999.0 -9999.0 -9999.0 -9999.0 -9999.0 -9999.0 -9999.0 -9999.0 -9999.0 -9999.0 -9999.0 391088.28019122174 898838.8076351804 -9999.0 243680.98850681173 363862.985478438 596580.7719724777 234092.6543508959 263337.6290050205 649168.2733851601 266132.67452708393 52343.55508220613 204560.5913582031 226965.49842452275 205920.25260582962 128627.9737106846 301767.86734541995 396008.0237520722 154461.91351093803 27108.33053354572 26213.901279345722 74978.24327116755 159755.9514145084 77101.86887159318 151879.4536375887 243083.34815935447 194911.1708199032 220737.9727801425 -9999.0 88672.56432180012 128572.35392272286 108404.82062326047 28340.321816558226 240217.36180546466 106134.3358326149
-9999.0 -9999.0 -9999.0 -9999.0 -9999.0 -9999.0 -9999.0 -9999.0 -9999.0 -9999.0 -9999.0 -9999.0 -9999.0 -9999.0 -9999.0 -9999.0 -9999.0 -9999.0 -9999.0 -9999.0 -9999.0 -9999.0 -9999.0 -9999.0 -9999.0 -9999.0 638453.5810443636 758934.1406015063 74623.28546774687 212191.0819744973 499588.675594587 407018.4610668205 313993.54290954175 152360.26359886213 562273.5009042232 347767.0609209116 101955.64189557642 51759.67894928144 49854.37117106482 173033.60301880198 247459.54402595467 437640.54513620684 195475.6284436778 125441.99215832923 -9999.0 70993.74573017292 170240.04871243803 170815.48082086808 97462.5764950689 78009.18394137832 162803.37263329024 346510.30432430527 147979.9482489862 24522.659791909868 164588.15715222608 208071.8690682638 98386.14218536287 291219.41322676814 377909.82629002753 225138.7987356105
-9999.0 -9999.0 -9999.0 -9999.0 -9999.0 -9999.0 -9999.0 -9999.0 -9999.0 -9999.0 -9999.0 -9999.0 -9999.0 -9999.0 -9999.0 -9999.0 -9999.0 -9999.0 -9999.0 -9999.0 -9999.0 -9999.0 -9999.0 -9999.0 -9999.0 -9999.0 399575.41360270797 756620.3602049281 324607.58660778304 550393.5161968498 570164.9575637444 564918.5553690398 651402.9868475457 201310.84362935642 253607.88295648384 311953.0611036854 215485.3253364076 195691.23204208023 25313.86860023444 102211.00428441378 269619.1580846013 246851.8682553457 220039.931743173 202714.86360909458 78567.16537404209 32147.02407263613 21191.393654593085 36105.287301580596 102099.67322030224 52901.34991398943 76752.28829308954 263174.63808954874 78345.20977063294 209270.6871891286 148260.06874607012 207464.41018202092 4611638.65561158 417284.0017401605 322480.9796793108 222680.49483432318
-9999.0 -9999.0 -9999.0 -9999.0 -9999.0 -9999.0 -9999.0 -9999.0 -9999.0 -9999.0 -9999.0 -9999.0 -9999.0 -9999.0 -9999.0 -9999.0 -9999.0 -9999.0 -9999.0 -9999.0 -9999.0 -9999.0 -9999.0 -9999.0 -9999.0 -9999.0 -9999.0 790695.5739096934 -9999.0 514164.7704094948 608944.93029409 335033.93947849335 400761.6710902137 321620.0410216225 134188.9158407952 140185.42232941827 271790.1435420809 361582.61806192837 96605.55680564181 120743.7817087331 480890.01234209444 461037.4995880769 245192.77330344476 243826.10803884178 245456.58235874653 23163.895656083696 34943.10391347316 26420.526680985422 10585.686510722187 18271.619949390522 97729.65760308402 131714.90479680698 145401.7423660237 210382.48728681775 265913.89093579946 84593.19405470324 119602.69308491104 367754.9545035742 317297.9434429755 248006.6105611907
-9999.0 -9999.0 -9999.0 -9999.0 -9999.0 -9999.0 -9999.0 -9999.0 -9999.0 -9999.0 -9999.0 -9999.0 -9999.0 -9999.0 -9999.0 -9999.0 -9999.0 -9999.0 -9999.0 -9999.0 -9999.0 -9999.0 -9999.0 -9999.0 -9999.0 -9999.0 -9999.0 502992.49306629703 436630.3453061441 638795.9996526239 448891.09057765023 662667.9353649437 615085.4768565495 557777.5690195624 634317.2139245854 457093.51745020575 147746.7172650804 123867.89140676256 192304.62503413277 456623.89870452683 542733.8472627725 459950.99288645573 242036.85825280315 169175.70784026937 133455.74904259172 17776.020921025232 56153.82753853261 48995.55438710036 52061.70788377094 72136.32396499852 153555.30669771676 186109.1480904033 78688.37589727249 88505.40601237322 154485.98499436735 138314.3385972479 76802.86542859081 405329.99027531897 382644.8301910581 373100.23744450184
-9999.0 -9999.0 -9999.0 -9999.0 -9999.0 -9999.0 -9999.0 -9999.0 -9999.0 -9999.0 -9999.0 -9999.0 -9999.0 -9999.0 -9999.0 -9999.0 -9999.0 -9999.0 -9999.0 -9999.0 -9999.0 -9999.0 -9999.0 -9999.0 -9999.0 -9999.0 -9999.0 268845.1762324055 696795.8806398987 511056.05850824557 751184.665279631 645369.0511364974 802141.8315899727 725000.8961015255 427278.1182171469 542108.5151372787 95405.26318236394 24067.411266136332 162420.6274736562 303447.05286342493 261127.55182340674 432136.3139401908 688398.0190751895 823024.587845738 352441.2526630082 213399.32069867372 405108.1597303522 272706.1242304975 192098.90794973823 71367.31489770119 163910.44760354082 237785.09869843884 71629.34921452057 89396.315135574 229224.30354096368 251676.6440894702 93894.90008965797 466969.6640456887 464746.650314371 368340.36552338814
-9999.0 -9999.0 -9999.0 -9999.0 -9999.0 -9999.0 -9999.0 -9999.0 -9999.0 -9999.0 -9999.0 -9999.0 -9999.0 -9999.0 -9999.0 -9999.0 -9999.0 -9999.0 -9999.0 -9999.0 -9999.0 -9999.0 -9999.0 -9999.0 -9999.0 -9999.0 -9999.0 456876.39516977 589636.0106436787 515286.12300866295 664463.0918207712 716598.3182368396 650269.7530579299 753013.3507216029 541032.0491006696 257686.63465754723 47170.80069915289 71301.74896743693 139794.119326363 299451.3997999299 213977.03193856086 467135.5895599765 -9999.0 -9999.0 812094.0594695887 584633.5755185143 259580.37032815258 147780.8649363754 139017.6899542035 153394.78966859126 259040.1298971683 188459.17153202335 118627.29239414755 47641.90448621243 140276.33769960568 100996.60643693473 118758.04865890915 379028.8904184344 281775.7697681917 366059.0901511387
-9999.0 -9999.0 -9999.0 -9999.0 -9999.0 -9999.0 -9999.0 -9999.0 -9999.0 -9999.0 -9999.0 -9999.0 -9999.0 -9999.0 -9999.0 -9999.0 -9999.0 -9999.0 -9999.0 -9999.0 -9999.0 -9999.0 -9999.0 -9999.0 -9999.0 -9999.0 -9999.0 652413.8150350073 835119.3925460263 584102.89719742 625218.0883956358 491794.7992431039 554163.1506532448 492952.7933858504 664038.4873917041 233516.54887591212 137884.59239174693 69153.15585466137 137231.27168117743 211490.48687273962 47011.13002531662 506087.3292626619 544791.788408508 397248.83998128894 250246.1627704816 459328.80733991595 179409.05899779702 153484.63085150058 85073.3444821138 92986.31688087524 96527.7102802463 187408.4626552757 284420.7122512017 222886.64925600542 287338.43040149694 154642.83800682193 51681.99808990996 176270.8996249726 315309.636852758 117005.21414014969
-9999.0 -9999.0 -9999.0 -9999.0 -9999.0 -9999.0 -9999.0 -9999.0 -9999.0 -9999.0 -9999.0 -9999.0 -9999.0 -9999.0 -9999.0 -9999.0 -9999.0 -9999.0 -9999.0 -9999.0 -9999.0 -9999.0 -9999.0 -9999.0 -9999.0 -9999.0 608438.08011318 574533.0789339024 616697.9903329397 465063.83556794137 272267.71330427984 534918.6735232217 820790.4769702677 333145.3308345835 355295.6176258161 162720.17285218785 136735.95241882888 161849.28224527667 116202.95392311156 117086.56319892075 165079.6940792337 283092.4980211273 898592.732527134 967305.2759394005 894486.6182024451 377213.94082487666 226012.47454524098 317281.10792741156 158491.29268281057 -9999.0 247337.41407369857 130185.78295783277 96345.59949388754 127886.9500060821 190102.81407535728 457117.14281593356 569122.0372481053 59930.648497696726 80344.31657080534 186968.28702771934
-9999.0 -9999.0 -9999.0 -9999.0 -9999.0 -9999.0 -9999.0 -9999.0 -9999.0 -9999.0 -9999.0 -9999.0 -9999.0 -9999.0 -9999.0 -9999.0 -9999.0 -9999.0 -9999.0 -9999.0 -9999.0 -9999.0 -9999.0 -9999.0 -9999.0 465958.92892412515 764520.4744194992 438690.8895588821 727524.5033288975 456853.81658752897 533351.8197804932 455882.5207956665 493217.53766549786 133712.64334777265 121262.16936536386 117852.61395868362 156756.8288997235 337299.50266284065 206210.2613976427 162230.19214808018 -9999.0 115949.97822738337 300395.45326560806 843746.7283832767 662382.3027247356 524451.5912632127 86756.40568825611 195645.84349458828 163842.27080408734 31225.692348343073 22910.28495294358 32268.237553275627 95911.66310062761 128659.72563135473 287490.0821573388 412954.45206354524 529863.1640865735 492943.07957847917 216345.79325217116 396321.5988350167
-9999.0 -9999.0 -9999.0 -9999.0 -9999.0 -9999.0 -9999.0 -9999.0 -9999.0 -9999.0 -9999.0 -9999.0 -9999.0 -9999.0 -9999.0 -9999.0 -9999.0 -9999.0 -9999.0 -9999.0 -9999.0 -9999.0 -9999.0 -9999.0 -9999.0 799759.1721700694 175731.58726088936 543070.8608020374 403497.6283686876 736297.0004339385 636965.8626370106 366456.0116764723 197094.71363523527 102511.28888763685 100958.62559500034 147887.9830961634 207773.17031066737 185053.67979861674 184266.5944122488 47968.46179055223 27799.23416392399 13891.893156162303 -9999.0 165787.72993994446 245238.69873197668 617978.7379797405 238552.501186527 109482.0179194146 52694.30931305818 -9999.0 31846.57366988813 127476.6208681826 353253.4656627133 344557.31118442025 435410.36970477283 508000.69616183883 352553.6710927628 523082.927641348 453607.2048363061 90425.7110165394
-9999.0 -9999.0 -9999.0 -9999.0 -9999.0 -9999.0 -9999.0 -9999.0 -9999.0 -9999.0 -9999.0 -9999.0 -9999.0 -9999.0 -9999.0 -9999.0 -9999.0 -9999.0 -9999.0 -9999.0 -9999.0 -9999.0 -9999.0 -9999.0 203640.9507125675 835520.6888824815 315107.1824534551 402903.22912403377 407896.5284540472 751155.4884209187 574345.8254589202 144248.92248119315 171651.27728221443 66157.07090906345 99727.20746450018 151088.24112276814 335264.8194123626 144684.0072790921 142105.2337298338 46024.945848845004 18094.889810460714 -9999.0 -9999.0 16950.33359966946 -9999.0 -9999.0 321553.2493347748 195376.89945411106 -9999.0 76954.92934978878 26431.83623998417 -9999.0 67834.16105101453 401346.7251986504 450173.11279838916 378979.2781992315 482050.4724916019 567630.7999497503 253434.69275444394 24361.723286616256
-9999.0 -9999.0 -9999.0 -9999.0 -9999.0 -9999.0 -9999.0 -9999.0 -9999.0 -9999.0 -9999.0 -9999.0 -9999.0 -9999.0 -9999.0 -9999.0 -9999.0 -9999.0 -9999.0 -9999.0 -9999.0 -9999.0 -9999.0 -9999.0 346694.035777604 798526.5573189897 320800.7027700164 471993.33931794856 927492.3392120723 884974.7439279219 518412.17242800543 484662.52671140444 530426.3618475681 361425.7131215533 228979.50025219473 302339.41977131576 238540.43772258528 361280.6245673636 462867.51809886086 156904.12490828178 -9999.0 23139.317750631588 -9999.0 -9999.0 -9999.0 -9999.0 589571.8720976226 344291.28171627905 96704.50450201925 271486.23530210723 86848.7466400927 -9999.0 -9999.0 329569.7093041358 425799.1523361155 590627.3683600964 427475.56677617115 552171.9958311159 66780.51909573322 -9999.0
-9999.0 -9999.0 -9999.0 -9999.0 -9999.0 -9999.0 -9999.0 -9999.0 -9999.0 -9999.0 -9999.0 -9999.0 -9999.0 -9999.0 -9999.0 -9999.0 -9999.0 -9999.0 -9999.0 -9999.0 -9999.0 -9999.0 -9999.0 -9999.0 385905.33850559505 682174.6799409833 178392.20866733987 630324.7414943187 659533.8590870278 -9999.0 513016.21360282705 689328.3401757948 523443.2226712685 427538.7989732205 290739.4327827517 356618.23557953787 468897.7351358614 661895.944497171 128736.34353883682 78372.41871882035 -9999.0 -9999.0 -9999.0 -9999.0 198492.3453018001 345801.63014141686 566934.3838033372 440882.5496864547 112387.20869296342 32552.608481206455 -9999.0 -9999.0 40974.70983298547 385524.4562771872 659319.4904401689 704580.4057885845 486880.871364547 567015.5956289612 108862.17227019227 -9999.0
-9999.0 -9999.0 -9999.0 -9999.0 -9999.0 -9999.0 -9999.0 -9999.0 -9999.0 -9999.0 -9999.0 -9999.0 -9999.0 -9999.0 -9999.0 -9999.0 -9999.0 -9999.0 -9999.0 -9999.0 -9999.0 -9999.0 -9999.0 -9999.0 142233.2728210853 780469.7840230945 805852.0739012519 722278.9560436871 588356.9287016261 357690.80857663153 374118.9266147505 321976.15627535235 519054.3332979019 591061.66560363 600230.9697293679 285522.2913289631 -9999.0 -9999.0 -9999.0 -9999.0 -9999.0 -9999.0 -9999.0 26397.414602372064 330626.6127751619 164907.70366106552 261612.52846452303 39975.847236050235 -9999.0 -9999.0 104630.72144860514 -9999.0 525458.6308627872 817959.0436799045 114280.75323668175 672017.896220414 530070.2468073473 323617.41179039585 34719.12163318855 -9999.0
-9999.0 -9999.0 -9999.0 -9999.0 -9999.0 -9999.0 -9999.0 -9999.0 -9999.0 -9999.0 -9999.0 -9999.0 -9999.0 -9999.0 -9999.0 -9999.0 -9999.0 -9999.0 -9999.0 -9999.0 -9999.0 -9999.0 -9999.0 -9999.0 248851.72803644097 668502.4803116214 710549.923488633 683419.37847863 421651.9221321764 278634.84313279367 386160.6636875208 234917.88963098242 211744.7836379133 214181.14977735956 -9999.0 -9999.0 -9999.0 -9999.0 -9999.0 -9999.0 -9999.0 -9999.0 -9999.0 -9999.0 -9999.0 -9999.0 164580.86444430772 -9999.0 153202.4004507296 212364.09012369314 105413.16238503064 -9999.0 266795.2517899427 1010443.8263819321 1073226.1371637376 661161.3365812242 465729.08299401595 460218.2493021071 303059.0155507922 483562.3256231933
-9999.0 -9999.0 -9999.0 -9999.0 -9999.0 -9999.0 -9999.0 -9999.0 -9999.0 -9999.0 -9999.0 -9999.0 -9999.0 -9999.0 -9999.0 -9999.0 -9999.0 -9999.0 -9999.0 -9999.0 -9999.0 -9999.0 -9999.0 -9999.0 461641.734173183 601874.2580746557 838958.0674663407 746431.5230137758 876701.6790526867 860867.7752670117 124959.76384649184 511802.726008239 231438.74761768722 25644.606594192577 -9999.0 95935.3753314422 -9999.0 -9999.0 -9999.0 -9999.0 -9999.0 -9999.0 -9999.0 -9999.0 -9999.0 -9999.0 32942.2109229933 152084.52098732133 40034.76857099079 198107.27047330939 569861.8434543738 40029.64912243297 674932.773939499 877606.26616274 556558.0410708603 362626.19532431074 308715.80463060224 -9999.0 1390001.2772491886 1828967.4273252473
-9999.0 -9999.0 -9999.0 -9999.0 -9999.0 -9999.0 -9999.0 -9999.0 -9999.0 -9999.0 -9999.0 -9999.0 -9999.0 -9999.0 -9999.0 -9999.0 -9999.0 -9999.0 -9999.0 -9999.0 -9999.0 -9999.0 -9999.0 -9999.0 169915.70539517398 361929.737264858 507690.9313288583 709050.5414560686 846237.75367648 745869.9543014668 824388.4268168896 879069.1885487235 879448.0165000896 824761.0126895388 852590.5068758146 813591.6012482528 526579.6438133188 32357.05816724378 -9999.0 -9999.0 -9999.0 -9999.0 -9999.0 -9999.0 -9999.0 806360.1831617731 -9999.0 -9999.0 268942.57789992884 579015.3119247109 664689.1428752622 584137.7673292502 581242.9658594409 625948.8987229166 383571.04717390187 574232.3625482089 901953.4337072112 1854956.6318090619 941574.5120874634 1193896.472127724
-9999.0 -9999.0 -9999.0 -9999.0 -9999.0 -9999.0 -9999.0 -9999.0 -9999.0 -9999.0 -9999.0 -9999.0 -9999.0 -9999.0 -9999.0 -9999.0 -9999.0 -9999.0 -9999.0 -9999.0 -9999.0 -9999.0 -9999.0 -9999.0 126891.35636738165 331365.3941476329 533189.7357602306 572438.6080295955 566851.4095782915 538491.0536973499 566313.413709045 532222.7255539737 728833.3936722183 703406.9381563968 811381.7231420735 837330.728847785 747845.8508207 963173.8606100657 756074.3153689402 881389.2362880916 842700.7388853846 261810.18317318405 654246.3266040887 902088.261579199 768705.0017814396 615554.1994362432 663389.1073084543 -9999.0 506848.40892212634 533394.9860728132 653512.4302181134 420305.9522430901 214646.77813756934 332010.91432911856 1505255.7969132375 1169558.196590116 1860107.372284473 2506743.1547749294 1351809.9998542177 1028581.3561931262
