Model Version1.4/trunk/output/1999/ndep_ag.asc
ncols 720
nrows 360
xllcorner -180
yllcorner -90
cellsize 0.5
NODATA_value -1.0
[rows 62 to 92 of 360, columns 142 to 212 of 720]
0.0 154.20245517528323 0.0 0.0 0.0 0.0 651.0921901321096 0.0 0.0 0.0 0.0 0.0 0.0 0.0 0.0 0.0 0.0 0.0 0.0 0.0 0.0 0.0 0.0 0.0 0.0 0.0 0.0 0.0 0.0 0.0 0.0 0.0 -1.0 -1.0 -1.0 -1.0 -1.0 -1.0 -1.0 -1.0 -1.0 -1.0 -1.0 -1.0 -1.0 -1.0 -1.0 -1.0 -1.0 -1.0 -1.0 -1.0 -1.0 -1.0 -1.0 -1.0 -1.0 -1.0 -1.0 -1.0 0.0 0.0 0.0 0.0 0.0 0.0 0.0 0.0 0.0 0.0 0.0
0.0 0.0 0.0 0.0 0.0 0.0 0.0 1639.2860804841139 0.0 0.0 0.0 0.0 0.0 0.0 0.0 0.0 0.0 0.0 0.0 0.0 0.0 0.0 0.0 0.0 0.0 0.0 0.0 0.0 0.0 0.0 0.0 0.0 0.0 -1.0 -1.0 -1.0 -1.0 -1.0 -1.0 -1.0 -1.0 -1.0 -1.0 -1.0 -1.0 -1.0 -1.0 -1.0 -1.0 -1.0 -1.0 -1.0 -1.0 -1.0 -1.0 -1.0 -1.0 -1.0 -1.0 -1.0 -1.0 0.0 0.0 0.0 0.0 0.0 0.0 0.0 0.0 0.0 0.0
4985.651198580044 5765.906242953882 5814.358997045419 3999.390205885059 4055.618245054536 4603.008299237889 0.0 0.0 0.0 0.0 0.0 0.0 0.0 0.0 0.0 0.0 0.0 0.0 0.0 0.0 0.0 0.0 0.0 0.0 0.0 0.0 0.0 0.0 0.0 0.0 0.0 0.0 0.0 -1.0 -1.0 -1.0 -1.0 -1.0 -1.0 -1.0 -1.0 -1.0 -1.0 -1.0 -1.0 -1.0 -1.0 -1.0 -1.0 -1.0 -1.0 -1.0 -1.0 -1.0 -1.0 -1.0 -1.0 -1.0 -1.0 -1.0 -1.0 -1.0 -1.0 0.0 0.0 0.0 0.0 0.0 0.0 0.0 0.0
0.0 5831.884818486115 3994.2182112565856 4553.355725905206 1369.100829572668 787.103697626977 0.0 0.0 0.0 0.0 0.0 0.0 0.0 0.0 0.0 0.0 0.0 0.0 0.0 0.0 818.423029792109 0.0 0.0 0.0 0.0 0.0 0.0 0.0 0.0 0.0 0.0 0.0 0.0 0.0 0.0 0.0 0.0 0.0 -1.0 -1.0 -1.0 -1.0 -1.0 -1.0 -1.0 -1.0 -1.0 -1.0 -1.0 -1.0 -1.0 -1.0 -1.0 -1.0 -1.0 -1.0 -1.0 -1.0 -1.0 -1.0 -1.0 -1.0 -1.0 -1.0 0.0 0.0 0.0 0.0 0.0 0.0 0.0
5562.837258465422 0.0 1151.3071033302597 0.0 0.0 7583.16010552667 4315.018346393903 0.0 0.0 0.0 0.0 0.0 0.0 0.0 0.0 0.0 0.0 2143.164599284968 0.0 1155.4370380889923 973.5289032016467 0.0 0.0 0.0 0.0 315.3870711506471 0.0 0.0 0.0 0.0 0.0 0.0 0.0 0.0 0.0 0.0 0.0 0.0 0.0 0.0 0.0 0.0 -1.0 -1.0 -1.0 -1.0 -1.0 -1.0 -1.0 -1.0 -1.0 -1.0 -1.0 -1.0 -1.0 -1.0 -1.0 -1.0 0.0 0.0 -1.0 -1.0 -1.0 -1.0 -1.0 0.0 0.0 0.0 0.0 0.0 0.0
2224.969466537785 593.8623312303198 6272.615436302528 13961.921485358536 0.0 0.0 0.0 0.0 0.0 0.0 0.0 0.0 0.0 0.0 0.0 0.0 0.0 0.0 0.0 0.0 0.0 0.0 0.0 0.0 0.0 0.0 0.0 0.0 0.0 0.0 0.0 0.0 0.0 0.0 0.0 0.0 0.0 0.0 0.0 0.0 0.0 0.0 0.0 -1.0 -1.0 -1.0 -1.0 -1.0 -1.0 -1.0 -1.0 -1.0 -1.0 -1.0 -1.0 -1.0 -1.0 -1.0 0.0 0.0 0.0 -1.0 -1.0 -1.0 0.0 0.0 0.0 0.0 0.0 0.0 0.0
2556.358841114305 1777.453169918728 6177.735058330738 0.0 0.0 1975.5490131816616 9472.534825199944 0.0 0.0 0.0 0.0 601.0860464998871 0.0 0.0 0.0 0.0 0.0 0.0 0.0 0.0 0.0 0.0 0.0 0.0 0.0 0.0 0.0 0.0 0.0 0.0 0.0 0.0 0.0 0.0 0.0 0.0 0.0 0.0 0.0 0.0 0.0 0.0 0.0 0.0 0.0 0.0 0.0 -1.0 -1.0 -1.0 -1.0 -1.0 -1.0 -1.0 -1.0 -1.0 -1.0 -1.0 0.0 0.0 -1.0 -1.0 -1.0 0.0 0.0 0.0 0.0 0.0 0.0 0.0 0.0
9540.077527240173 0.0 9140.273710319048 2103.3503100955604 2653.180350447805 2286.887559933264 0.0 2241.26058233202 1337.3684963844983 0.0 0.0 0.0 0.0 0.0 0.0 0.0 0.0 0.0 0.0 0.0 0.0 0.0 0.0 0.0 0.0 0.0 0.0 0.0 0.0 0.0 0.0 0.0 0.0 0.0 0.0 0.0 0.0 0.0 0.0 0.0 0.0 0.0 0.0 0.0 0.0 0.0 0.0 0.0 0.0 0.0 0.0 0.0 0.0 0.0 -1.0 -1.0 -1.0 -1.0 -1.0 -1.0 -1.0 0.0 0.0 0.0 0.0 0.0 0.0 0.0 0.0 0.0 0.0
0.0 0.0 0.0 2960.2274354672563 828.5071573393187 0.0 0.0 1015.1433942462763 6823.722102059212 0.0 1547.9130213534645 984.8737144959847 0.0 0.0 0.0 0.0 0.0 0.0 0.0 0.0 0.0 0.0 0.0 0.0 0.0 0.0 0.0 0.0 0.0 0.0 0.0 0.0 0.0 0.0 0.0 0.0 0.0 0.0 0.0 0.0 0.0 0.0 0.0 0.0 0.0 0.0 0.0 0.0 0.0 0.0 0.0 0.0 0.0 0.0 -1.0 -1.0 -1.0 -1.0 0.0 0.0 0.0 0.0 0.0 0.0 0.0 0.0 0.0 0.0 0.0 0.0 0.0
138848.86849369662 133801.16461768557 24223.21894515424 0.0 0.0 0.0 15813.189198778837 0.0 0.0 13837.437600341316 0.0 0.0 13812.526323584323 707.3575530955457 7342.55550477736 11331.934766481409 21107.23820523245 34300.06042808026 41141.39003370473 49461.591449612686 9670.517139621988 1403.8175646585594 0.0 0.0 0.0 0.0 0.0 0.0 0.0 0.0 0.0 0.0 0.0 0.0 0.0 0.0 7439.963733889885 0.0 0.0 0.0 0.0 0.0 0.0 0.0 0.0 0.0 0.0 0.0 0.0 0.0 0.0 0.0 0.0 0.0 -1.0 -1.0 -1.0 -1.0 -1.0 0.0 0.0 0.0 0.0 0.0 0.0 0.0 0.0 0.0 0.0 0.0 0.0
222685.54653569186 55475.70278199837 114665.56379500362 152675.40280670236 176133.00125312127 56460.47828254474 93818.32047885882 38823.299156991954 37747.86130442656 75495.72323813217 26186.87218351695 4718.4882702349205 69144.31226075787 37810.83027092003 78146.4185587337 105729.0467227774 116091.88169817146 31572.114878781686 20206.162301903052 8759.500319021869 4243.734324295739 4762.198975206256 1856.749351050696 0.0 0.0 7171.725468934153 3753.577658994042 0.0 207.9526551083598 388.0350695026946 0.0 0.0 0.0 537.5068408078897 0.0 0.0 2039.3857861985862 851.3024726148965 0.0 0.0 0.0 0.0 0.0 0.0 0.0 0.0 0.0 0.0 0.0 0.0 0.0 0.0 0.0 0.0 -1.0 -1.0 -1.0 -1.0 -1.0 0.0 0.0 0.0 0.0 0.0 0.0 0.0 0.0 0.0 0.0 0.0 0.0
481057.6808255201 366407.13325616444 397138.9209877108 475711.6015123056 416819.4333409745 378459.1101197351 430204.9739766814 426355.1270430154 266278.9299707295 359726.57049155916 435252.27521385613 122844.48984862468 0.0 0.0 0.0 0.0 7844.976703677155 713.779854686176 12938.384146482456 32246.764631139322 0.0 -1.0 1639.6329724283717 941.1949055833093 0.0 0.0 0.0 0.0 0.0 0.0 0.0 0.0 0.0 0.0 0.0 0.0 0.0 0.0 0.0 0.0 0.0 0.0 0.0 0.0 0.0 0.0 0.0 0.0 0.0 0.0 0.0 0.0 0.0 0.0 0.0 0.0 0.0 0.0 -1.0 0.0 0.0 0.0 0.0 0.0 0.0 0.0 0.0 0.0 0.0 0.0 0.0
638270.9092615189 484030.8260524508 232579.11505034848 271434.13893301203 583486.3538574093 451798.0814296199 618051.9113151113 515236.080982428 865434.4299780063 520650.410554702 344500.94166128343 247687.16921112643 116521.7102727271 75399.0586572426 0.0 4388.059412798846 13261.947283165413 14896.787883027833 17119.049392389617 0.0 14432.375287380113 -1.0 -1.0 0.0 0.0 0.0 0.0 10563.0526195393 8995.194296838228 7398.607880189509 0.0 0.0 0.0 0.0 0.0 0.0 0.0 0.0 0.0 2007.040737819609 0.0 0.0 0.0 0.0 0.0 0.0 0.0 0.0 0.0 0.0 0.0 0.0 0.0 0.0 0.0 0.0 0.0 -1.0 -1.0 -1.0 0.0 0.0 0.0 0.0 0.0 0.0 0.0 0.0 0.0 0.0 0.0
215671.0892514556 577310.9812081461 554160.6783535593 620027.0583073202 803158.2554827195 731901.4560084817 636851.7986614979 560279.4536591622 3488478.7928545666 2839709.161085583 554991.5418531916 303328.7908274388 157478.1662838394 118218.92332257035 89510.11535073974 214272.68210700626 99114.97750596423 25304.216654382402 22494.016281177424 13292.386735834949 10823.852455084041 4939.639650417071 5642.073714571058 6077.396060612887 0.0 0.0 20194.089835969535 7795.687912946704 0.0 0.0 0.0 0.0 0.0 0.0 0.0 0.0 4403.897442507484 11367.413677078122 0.0 0.0 0.0 0.0 0.0 0.0 0.0 0.0 0.0 0.0 0.0 0.0 0.0 0.0 0.0 0.0 11000.920941654782 0.0 -1.0 -1.0 -1.0 0.0 0.0 0.0 0.0 0.0 0.0 0.0 0.0 0.0 0.0 0.0 0.0
531149.1815528895 578299.7620886017 666324.6903743388 711152.1262429822 746183.5665340117 862938.415648315 839758.6847682752 895056.8035169018 665283.2755237527 478034.6580138253 604219.9685674068 580856.356091018 591267.0504014626 521753.5885033239 351513.92911163805 100641.95800293749 22611.642273832073 183285.48372687286 178422.04602645527 35194.378734566824 76748.71479019798 56186.768249578476 38960.88242743439 66569.34330219157 40924.625494576954 0.0 0.0 0.0 0.0 0.0 0.0 0.0 0.0 0.0 0.0 0.0 6415.56879285323 0.0 0.0 0.0 0.0 0.0 0.0 0.0 0.0 0.0 0.0 0.0 0.0 0.0 0.0 0.0 0.0 0.0 0.0 0.0 0.0 -1.0 0.0 0.0 0.0 0.0 0.0 0.0 0.0 0.0 0.0 0.0 0.0 0.0 0.0
629152.223506738 3738886.694023435 624466.2138625561 674082.5256383272 693923.5867304169 757164.297240677 830190.6967970716 763842.3564045664 801789.3922367875 721242.8917080315 654264.7097885195 545731.8475921814 607411.1337639794 630656.7391779999 535560.649496596 381013.9128877677 274289.27611961594 365205.45148819505 323278.68026000034 411629.31577317655 199310.50978020468 327262.4868977048 472263.3445714309 425717.3845186375 73383.24658944336 29098.88139851916 0.0 0.0 0.0 0.0 21018.34652838409 114.59548236624701 0.0 3581.2791772995347 0.0 0.0 0.0 2003.9777170010777 0.0 0.0 0.0 0.0 0.0 0.0 0.0 0.0 0.0 0.0 0.0 0.0 0.0 0.0 0.0 0.0 0.0 0.0 0.0 0.0 0.0 0.0 0.0 0.0 0.0 0.0 0.0 0.0 0.0 0.0 0.0 0.0 0.0
612649.7512040056 634670.8814109579 576628.4063742699 608894.154312901 687185.4945468712 705135.9791089318 715895.0841166431 872911.247691584 983502.5096972148 898970.3955671435 896496.6343270089 768829.2000898584 550840.8467969914 2451669.0869775605 615457.5326488608 641444.8979928392 501476.2206693359 251595.90992428042 186907.16690107406 682629.1483979714 381815.5805890631 402036.54506843543 746909.55320406 738173.5244060452 75063.74644304623 130293.96442227456 22945.38200411538 16582.750790371363 0.0 0.0 3898.6285389874006 12392.103074724982 0.0 0.0 0.0 4739.910451154358 3750.6502373573185 0.0 0.0 0.0 0.0 0.0 0.0 0.0 0.0 0.0 0.0 0.0 0.0 0.0 0.0 0.0 0.0 0.0 0.0 0.0 0.0 0.0 0.0 0.0 0.0 0.0 0.0 575.0748232666872 0.0 0.0 0.0 0.0 0.0 0.0 0.0
595169.4287047896 595728.3829095152 672064.6651860548 622420.1967794257 668519.0467094134 668196.7022249345 724378.3645940961 861623.9139650582 1040628.879672956 1003764.2201199909 809508.8729687387 779140.7407835315 731932.9007668117 676294.2349990787 678943.0124734092 708277.2480057667 748383.1042390933 742980.3087434333 669327.8587605637 763062.5929295546 712293.182137514 321154.00890825107 828722.4190577224 982994.4770009639 718723.7603249568 594825.8255840311 166909.8255734673 0.0 21716.803888478997 0.0 26006.317511003705 15690.94777751097 331.3833622313486 0.0 0.0 0.0 0.0 3677.9044343719684 0.0 0.0 1928.3746162277914 564.83467158301 0.0 0.0 0.0 0.0 0.0 0.0 0.0 0.0 0.0 0.0 0.0 0.0 0.0 0.0 0.0 0.0 0.0 0.0 0.0 0.0 0.0 0.0 0.0 0.0 0.0 0.0 0.0 0.0 0.0
600657.3806493898 625444.1817003817 676535.4699863796 704057.2474386338 720059.7420661922 692776.5158304791 720975.0956061726 577949.9917691521 408551.0579388062 769352.5018074157 498238.4431891523 906892.9759821688 96590.29879072896 773281.4064407162 3123420.2733449787 885856.3937357826 943196.2023381651 944350.8424222567 984524.9159173921 845599.7610740851 1025469.1209186137 1237437.2253518167 1267093.0941876648 1151121.0401076903 1186143.9695131239 463063.6248511536 202214.73197163362 22779.343534732932 19127.165153194954 51279.77245874477 0.0 72802.99766962492 84726.37511169055 12913.886330222424 12286.693996582471 11264.017661383125 0.0 0.0 0.0 7446.593776075311 0.0 7174.978102197498 0.0 0.0 0.0 0.0 0.0 0.0 0.0 0.0 0.0 0.0 0.0 0.0 0.0 0.0 0.0 0.0 0.0 0.0 0.0 0.0 20305.48664393114 34721.2261448905 40008.523193637324 0.0 0.0 0.0 0.0 0.0 0.0
2998410.6863528197 632235.7962207965 547022.22476702 682878.7724972017 615387.1183192218 644211.8276689248 612107.0827077708 349641.96505050146 567504.1086036469 166939.20406957116 286407.3154457699 681644.9663423373 903014.149075154 877470.86735244 357401.4277464573 993818.4483543145 988819.053919604 799582.8025899937 895142.3491896534 930966.0243405064 1056944.176984319 1071133.9746274583 1278438.533483683 1278545.978274063 1035404.6778681219 400991.4468274972 172363.8446469683 33180.52589608194 14922.7290499737 105720.18502382812 45962.98045258358 0.0 0.0 0.0 24495.676681293055 4315.200878060989 0.0 0.0 0.0 0.0 16381.691878124668 45900.272012769405 0.0 0.0 0.0 0.0 18008.88467833639 0.0 0.0 0.0 0.0 0.0 18976.66251216613 56705.763463928735 19062.69582622138 38286.227335970616 30950.645933728298 0.0 19541.582978829305 12824.608553158447 0.0 19922.53986316386 0.0 0.0 15513.691121514825 0.0 0.0 0.0 0.0 0.0 0.0
772141.533170388 805492.2246532317 816840.8403758412 815920.2678614995 937800.3507866268 737390.3876169651 838247.813128071 837818.2020422406 972892.9310755399 857038.704289301 706364.7199944297 627555.3627203533 756559.8639627254 834863.9079083664 0.0 87167.89873407733 450550.44117032446 620532.4615971105 354257.72962267726 0.0 55442.973382326956 46420.069954527804 9346.508955412897 0.0 472922.7685838132 131419.39744871962 115433.09913637518 7383.96926884708 244175.3124438234 263935.1751346961 400629.3145732106 126732.56029015037 108841.92669910534 114359.91066606296 32477.65950932134 14087.407151834563 26001.09841059057 0.0 25162.352712803993 24309.41287242581 67222.00765653241 39916.05855691211 0.0 30721.861428089178 0.0 34277.8285747061 0.0 0.0 0.0 0.0 17462.473456357267 0.0 0.0 0.0 0.0 24263.69822138422 162737.40296937787 150440.35975835426 26539.932298364387 480444.3444706053 59065.81643651881 126884.4089965386 48399.001773723496 0.0 0.0 0.0 0.0 0.0 5342.813379593974 0.0 0.0
877663.6633149639 845879.6066097129 921999.9226298432 1055476.4053164092 1014110.0214274664 1049716.5858571106 992831.2100257416 1103342.9130969418 1218564.310573573 1335742.2680482878 944807.4776633917 967872.4983602396 966854.8556862784 882054.790324946 874014.6777554872 202591.31010219108 1008647.9869691426 689054.2922078881 540529.3413461656 637282.4066494441 754250.522519197 140558.49078211514 236444.37777080806 660691.9248433332 204941.3328991996 378307.5058622166 327587.2720482711 38859.8028614208 10458.684968521626 0.0 41463.957741581995 0.0 32157.416223894375 61770.20378795518 0.0 0.0 0.0 0.0 100939.15731998844 145879.23126545746 0.0 -1.0 -1.0 -1.0 -1.0 0.0 24291.111305863207 72242.64661440025 95243.24587606534 8936.188858378553 3966.6930902312993 0.0 0.0 2096.8430712379213 0.0 65365.90655685253 5154.296368896993 73791.78449127312 9405.501560984596 224769.72491038818 193844.6648517477 208508.65918304608 247003.66942431373 81979.98747815279 5361.583449417524 0.0 0.0 9497.977242411731 0.0 0.0 0.0
869229.1206959003 869925.3270738617 1017484.0384985678 1079645.576612088 1044095.4583654293 1140248.5481437545 1396603.2313346162 1396603.2247077336 1208547.942820354 1326183.9264579827 1163138.967689575 1375684.2192543675 1258759.6497398193 914267.6544174138 451998.7671550082 539783.9272967948 709391.9560763304 1197868.8161962188 100333.16866685206 907646.7060237027 925887.9301927912 425095.66081908887 757990.4974383832 889408.3009773471 756354.2601384338 709560.8503057874 592864.9227214062 361940.86638976174 427642.97649714164 102348.55022016281 8119.313245724726 0.0 30248.67261577387 192071.55650511512 0.0 0.0 0.0 0.0 0.0 0.0 0.0 -1.0 -1.0 -1.0 -1.0 -1.0 0.0 4447.704404328599 81220.94683024162 11110.288683341072 11144.288397517888 11931.20168581621 0.0 0.0 0.0 0.0 29955.158053999443 91834.57359146723 493460.21596508747 279228.6615638208 38898.43111239312 31713.56897316965 6537.874079816753 6496.073452093706 0.0 0.0 7013.57737423446 0.0 7332.321383569795 19304.949289457305 0.0
909167.3502783598 909710.1122367381 974496.4070091806 1105626.352415745 1271687.5990338002 1271687.599035199 1409968.1985001748 1409968.2000356303 1460662.2992770697 1464292.765648953 1747567.5016695256 1445448.9151669014 1406014.4892462618 1316009.763241544 1181987.113097024 1001910.1422912119 756667.1456804418 907435.5873507126 968897.5615646231 658538.8026128818 854544.7548296269 652537.3237941483 659129.707266812 616025.4056306875 308313.80138212634 519298.4934957913 192511.98822478895 401613.66546081845 468534.4758878372 0.0 216023.2289278892 202734.99058371235 0.0 114981.98123948764 0.0 0.0 -1.0 -1.0 -1.0 -1.0 0.0 0.0 0.0 -1.0 -1.0 -1.0 -1.0 -1.0 0.0 24192.869205747884 0.0 0.0 0.0 0.0 0.0 0.0 0.0 16578.36686231722 124004.30143626133 381927.696026369 59583.87057671132 0.0 0.0 0.0 77908.38864005596 0.0 34909.84870567706 0.0 26391.401768829342 34461.060172395046 65101.70365364416
835734.820968887 897823.4167821049 1089673.3262069847 1154033.9143066958 1231301.8900943461 1231301.8869074902 1333494.955325942 1333494.9668930776 1488030.8252787357 1487727.192776353 1595201.7690927312 1348853.2370544637 560850.4691925511 1284522.250392822 1281978.301089992 1185413.8385816573 1495606.920793843 979963.2071616346 970340.577144833 934639.7118544817 941585.7415387438 310004.1293300236 1016322.2856772075 1138126.233062104 1234790.2184244448 1119076.9397660075 898533.6795366288 836528.6337894566 464690.77410954953 763895.6057055544 357079.43384260475 327888.07253735967 0.0 46537.51164036584 0.0 91467.10412711915 0.0 0.0 28079.542638726012 0.0 0.0 0.0 109472.76748566535 0.0 -1.0 0.0 0.0 0.0 1977.5918060742224 251667.63407800914 0.0 6963.405797924203 0.0 0.0 15055.78677514435 351874.8640701917 353087.6115671409 40394.20253253867 0.0 54839.719344006 27390.094364485747 0.0 0.0 0.0 0.0 35698.856760886476 148724.19858228392 246321.13920365865 89764.98008900804 47506.55879133461 182541.9721331227
1092373.6150322405 1124446.5042976046 1132465.4579311302 1164695.1112970447 1241880.9442685605 1242676.9037933974 1341073.8254205042 1345814.0609617361 1501777.5527877896 1500704.2901332427 1531918.4230543238 1189846.7720400481 1345108.1887131182 1250069.2418205377 1345601.6374930667 1395990.8973250312 1646639.2352642869 1302799.2822865203 1032020.8468113574 1091924.9127404317 959765.4995965679 900138.3367217158 966747.6591880263 1026648.118528129 1041317.8940516349 802883.5931887764 568644.8937484649 787112.7989535085 626385.6263554172 999535.5899213939 209539.69375473846 165729.06449020508 386099.9155146713 0.0 18447.241706072495 54081.14072230489 0.0 79078.12096301379 110055.77363590013 117498.59347784506 123184.20450043851 82081.42804699547 37228.80582014446 0.0 0.0 0.0 0.0 32496.495145054854 124890.87843447948 241642.96951470507 269089.29108848976 190618.93523274572 340774.37876261026 210761.22079257615 412725.13226412307 391851.8621107115 307192.7475936574 164000.22543964532 114735.8743767254 406448.0846687544 78782.75641395878 0.0 31290.304248060504 75584.92302392947 0.0 44277.928300140054 204449.60590674522 135176.12624771195 526816.1853172225 377959.5956562333 505088.7271082953
972680.7420889264 991878.4048825694 1168470.2931294916 1169748.3033283532 1161656.3323755283 1231112.329303423 1444335.7935771532 1444335.8599986988 1449412.6473471436 1449412.650609772 1796609.2864467388 1880540.1633526583 2004158.3577613116 1765069.5911760647 1908331.4643569165 2040962.6608373725 1927536.9852407384 1758689.3021822104 1713317.0829718704 1223331.4593865501 1121847.8641056167 1252545.3079775337 1316033.915576834 1686185.9126182678 1409535.6049190764 580286.8388212177 965870.7846598709 943514.8639323483 1090590.8683715682 2096317.980122677 1047818.072729132 1100222.1205861676 733807.6723857766 291106.29255998734 641762.7212767105 81856.55018427965 11125.570921573542 0.0 303452.9326718377 413289.1884900974 0.0 104952.57723294776 99486.63360834733 248794.6073792533 0.0 0.0 0.0 0.0 51933.077941603195 0.0 0.0 0.0 0.0 0.0 0.0 3353.9425530132216 120948.10767794233 144287.0932324277 149110.08747200083 320212.87293326226 0.0 0.0 5860.81356699227 953876.0005559125 1199304.498154894 695577.8106488902 996046.9736213271 951983.4131035162 920686.0150595305 3980022.9224149827 1584973.486833772
926754.6445131766 814674.3597233273 983232.5142890607 1114442.526169598 1203272.9043724732 1242093.4549245937 1416889.155771439 1457218.8630308136 1462340.933452889 1462340.9369538792 1726624.3478027266 1825038.7837753557 1785029.1309666533 1785029.1335888617 1905396.962594041 1903625.6519644347 1793720.727667398 1779284.6728188954 1173072.842640924 61975.21688919707 1194382.0881291535 1111795.6538615164 1591615.3530639487 1673422.5975595354 1626722.9909037054 956708.4898215513 857378.2206930784 1021301.9083786849 1319876.9131878116 2698924.516425523 3029145.734836864 1763948.760104603 2223527.994266094 1037967.3671445516 945704.7372125853 538156.7658628887 391941.61018628563 387823.36138631555 474705.39164377976 425474.6557714377 105013.44433380764 325948.4121530598 308461.9974482875 0.0 -1.0 0.0 0.0 373249.34348353744 453589.56508067786 99233.99539796317 246334.61737651256 0.0 -1.0 -1.0 5743.66747990945 234886.13435634837 -1.0 169229.45221621788 357232.9670698943 466643.6343542015 175043.70359612675 99848.68479982752 211236.97929831163 66176.75196341304 390580.33986699383 1682541.4541800958 1881340.916142779 2089490.4913307067 1995036.2135670306 1781478.3249100363 1688962.0958339046
944206.271547724 917888.5877637563 358194.9494941943 416126.57796097937 1145992.4166246045 1221978.8209118412 1348568.5030114374 1348568.4929144352 1476728.7289842528 1307577.2616474207 2016775.2063557042 1908017.5847884046 1826509.5088208388 1943100.097964403 2046207.8740835798 1677536.4215618877 1896496.2729135312 2127803.0193599868 2090247.4801571183 1551922.3273963314 1291616.2982826587 1137527.7930007614 1457383.2568017554 1634763.705672749 1394019.357202066 898427.4692553392 1420397.742666316 1055400.0556072115 1276470.9152083711 2089477.0666482816 1974724.99554469 1496322.5863546603 2594992.409609138 1258995.6677154184 1360587.002847404 1437588.0743378124 1034389.1682219368 1291327.8014270728 984421.6068118138 686077.2387780602 485190.88006979553 1416814.8784363358 316457.8453642842 0.0 -1.0 0.0 846039.0350438401 795329.9034651562 61993.91950880507 62263.48997224799 244416.94168901612 0.0 -1.0 -1.0 -1.0 715554.5687493975 730048.6360277046 113971.14605455965 1429370.5035089462 1202487.998453087 818356.8904003975 480667.84200911777 373456.73535677546 731647.8891214078 463914.80062826694 1110431.9030396678 2015095.9800967188 849559.7559629307 547636.8751797489 964953.0245174188 1034114.579911547
926587.1667667718 897572.8310729405 1019371.1131914312 270704.63540170295 853543.5389118072 1232503.5567906161 1353867.1228291881 1353688.2681679633 1487711.0516730477 1021140.8929384605 657290.3510894928 1856645.026593852 2102489.1288334285 2074251.3824272358 1643406.5001010217 1530406.3561714347 1991605.5383056658 2288111.67256554 2179450.8957876484 1681609.6608579122 1596879.0706840127 997311.9214312596 523760.44194882363 1263898.8101739036 1382054.2332246446 734383.6387436665 151749.6928305635 686867.1978509482 1227982.8822771562 1354053.749556544 1595157.4269024548 1395813.2585274563 1331904.6081992264 1162912.4196956442 724828.2012916427 1635963.5845269526 693684.118248748 505777.17234592367 825724.9752414109 885276.0282804375 1532084.0130685908 1645607.6159426016 1528908.2839058114 -1.0 -1.0 478674.0802986636 184133.53702593312 612599.253841209 138103.52071390886 377059.45609834325 621066.2027698079 0.0 0.0 -1.0 407106.80987541395 1944165.298815844 1908723.4148123316 1904825.342072009 2083114.5124142673 1759689.2423429268 2156183.9610087415 1953901.2159140166 2302623.6401123935 1952481.6810014243 1581022.9888052398 823651.7230269258 0.0 93064.36806433531 0.0 76740.3401445621 0.0
698476.7457106125 965947.8675819616 1108917.6392424293 831667.0178539344 1154264.1601049958 1221911.576467292 1371694.2462275722 1371694.248702794 1566149.1005762755 1477675.8622104975 1471732.9596362456 1735498.9917591047 1986591.7443110463 1489526.2337431107 2097055.0212144144 2157396.613664154 1494559.4344028586 1948294.5733386707 2100632.8446106715 1691664.9595150105 1229337.8906881607 831335.8439844659 898283.8783344188 632706.0737557054 2026667.8136960815 1474694.4498690686 1084728.1203601034 550725.437687407 1221537.7161154638 1426919.3543960205 1707314.0167929924 1601489.8077359754 1762148.7027027728 586313.5696969836 1123730.0146763655 676114.025063792 1303814.9101024778 1004058.6882724667 907023.5764206831 1032773.3562432679 1966205.3107503112 1457205.2636531522 704462.2988460202 -1.0 0.0 1181696.6419889308 536364.0055512195 822839.6743923076 1449465.565275809 1173272.422102492 0.0 1201040.3768621495 756759.309789858 -1.0 1100110.4276625756 2503100.2234806176 2687766.059058818 2632919.586870852 2043599.442011568 827129.661707775 556963.5519215873 310466.3650864038 -1.0 444576.57573954074 -1.0 0.0 882245.4968166956 267528.41740258987 0.0 0.0 0.0
