Model Version1.4/trunk/output/1999/ndep_ag.asc
ncols 720
nrows 360
xllcorner -180
yllcorner -90
cellsize 0.5
NODATA_value -1.0
[rows 31 to 61 of 360, columns 426 to 496 of 720]
-1.0 -1.0 -1.0 -1.0 -1.0 -1.0 -1.0 -1.0 -1.0 -1.0 -1.0 -1.0 -1.0 -1.0 -1.0 -1.0 -1.0 -1.0 -1.0 -1.0 -1.0 -1.0 -1.0 -1.0 -1.0 -1.0 -1.0 -1.0 -1.0 -1.0 -1.0 -1.0 -1.0 -1.0 -1.0 -1.0 -1.0 -1.0 -1.0 -1.0 -1.0 -1.0 -1.0 -1.0 0.0 0.0 0.0 0.0 0.0 0.0 0.0 0.0 0.0 -1.0 -1.0 -1.0 -1.0 -1.0 -1.0 -1.0 -1.0 -1.0 -1.0 -1.0 -1.0 -1.0 -1.0 -1.0 -1.0 -1.0 -1.0
-1.0 -1.0 -1.0 -1.0 -1.0 -1.0 -1.0 -1.0 -1.0 -1.0 -1.0 -1.0 -1.0 -1.0 -1.0 -1.0 -1.0 -1.0 -1.0 -1.0 -1.0 -1.0 -1.0 -1.0 -1.0 -1.0 -1.0 -1.0 -1.0 -1.0 -1.0 -1.0 -1.0 -1.0 -1.0 -1.0 -1.0 -1.0 -1.0 -1.0 -1.0 -1.0 0.0 0.0 0.0 0.0 0.0 0.0 0.0 0.0 0.0 -1.0 -1.0 -1.0 -1.0 -1.0 -1.0 -1.0 -1.0 -1.0 -1.0 -1.0 -1.0 -1.0 -1.0 -1.0 -1.0 -1.0 -1.0 -1.0 -1.0
-1.0 -1.0 -1.0 -1.0 -1.0 -1.0 -1.0 -1.0 -1.0 -1.0 -1.0 -1.0 -1.0 -1.0 -1.0 -1.0 -1.0 -1.0 -1.0 -1.0 -1.0 -1.0 -1.0 -1.0 -1.0 -1.0 -1.0 -1.0 -1.0 -1.0 -1.0 -1.0 -1.0 -1.0 -1.0 -1.0 -1.0 -1.0 -1.0 -1.0 -1.0 0.0 0.0 0.0 0.0 0.0 0.0 0.0 0.0 -1.0 -1.0 -1.0 -1.0 -1.0 -1.0 -1.0 -1.0 -1.0 -1.0 -1.0 -1.0 -1.0 -1.0 -1.0 -1.0 -1.0 -1.0 -1.0 -1.0 -1.0 -1.0
-1.0 -1.0 -1.0 -1.0 -1.0 -1.0 -1.0 -1.0 -1.0 -1.0 -1.0 -1.0 -1.0 -1.0 -1.0 -1.0 -1.0 -1.0 -1.0 -1.0 -1.0 -1.0 -1.0 -1.0 -1.0 -1.0 -1.0 -1.0 -1.0 -1.0 -1.0 -1.0 -1.0 -1.0 -1.0 -1.0 -1.0 -1.0 -1.0 0.0 0.0 0.0 0.0 0.0 0.0 0.0 0.0 -1.0 -1.0 -1.0 -1.0 -1.0 -1.0 -1.0 -1.0 -1.0 -1.0 -1.0 -1.0 -1.0 -1.0 -1.0 -1.0 -1.0 -1.0 -1.0 -1.0 -1.0 -1.0 -1.0 -1.0
-1.0 -1.0 -1.0 -1.0 -1.0 -1.0 -1.0 -1.0 -1.0 -1.0 -1.0 -1.0 -1.0 -1.0 -1.0 -1.0 -1.0 -1.0 -1.0 -1.0 -1.0 -1.0 -1.0 -1.0 -1.0 -1.0 -1.0 -1.0 -1.0 -1.0 -1.0 -1.0 -1.0 -1.0 -1.0 -1.0 -1.0 -1.0 -1.0 0.0 0.0 0.0 0.0 0.0 0.0 0.0 -1.0 -1.0 -1.0 -1.0 -1.0 -1.0 -1.0 -1.0 -1.0 -1.0 -1.0 -1.0 -1.0 -1.0 -1.0 -1.0 -1.0 -1.0 -1.0 -1.0 -1.0 -1.0 -1.0 -1.0 -1.0
-1.0 -1.0 -1.0 -1.0 -1.0 -1.0 -1.0 -1.0 -1.0 -1.0 -1.0 -1.0 -1.0 -1.0 -1.0 -1.0 -1.0 -1.0 -1.0 -1.0 -1.0 -1.0 -1.0 -1.0 -1.0 -1.0 -1.0 -1.0 -1.0 -1.0 -1.0 -1.0 -1.0 -1.0 -1.0 -1.0 -1.0 0.0 0.0 0.0 0.0 0.0 0.0 0.0 0.0 0.0 -1.0 -1.0 -1.0 -1.0 -1.0 -1.0 -1.0 -1.0 -1.0 -1.0 -1.0 -1.0 -1.0 -1.0 -1.0 -1.0 -1.0 -1.0 -1.0 -1.0 -1.0 -1.0 -1.0 -1.0 0.0
-1.0 -1.0 -1.0 -1.0 -1.0 -1.0 -1.0 -1.0 -1.0 -1.0 -1.0 -1.0 -1.0 -1.0 -1.0 -1.0 -1.0 -1.0 -1.0 -1.0 -1.0 -1.0 -1.0 -1.0 -1.0 -1.0 -1.0 -1.0 -1.0 -1.0 -1.0 -1.0 -1.0 -1.0 -1.0 -1.0 -1.0 -1.0 0.0 0.0 0.0 0.0 0.0 0.0 0.0 0.0 0.0 -1.0 -1.0 -1.0 -1.0 -1.0 -1.0 -1.0 -1.0 -1.0 -1.0 -1.0 -1.0 -1.0 -1.0 -1.0 -1.0 -1.0 -1.0 -1.0 -1.0 0.0 0.0 0.0 0.0
-1.0 -1.0 -1.0 -1.0 -1.0 -1.0 -1.0 -1.0 -1.0 -1.0 -1.0 -1.0 -1.0 -1.0 -1.0 -1.0 -1.0 -1.0 -1.0 -1.0 -1.0 -1.0 -1.0 -1.0 -1.0 -1.0 -1.0 -1.0 -1.0 -1.0 -1.0 -1.0 -1.0 -1.0 -1.0 -1.0 -1.0 -1.0 -1.0 -1.0 -1.0 0.0 0.0 0.0 0.0 0.0 0.0 0.0 0.0 -1.0 -1.0 -1.0 -1.0 -1.0 -1.0 -1.0 -1.0 -1.0 -1.0 -1.0 -1.0 -1.0 -1.0 -1.0 -1.0 -1.0 -1.0 0.0 0.0 0.0 0.0
-1.0 -1.0 -1.0 -1.0 -1.0 -1.0 -1.0 -1.0 -1.0 -1.0 -1.0 -1.0 -1.0 -1.0 -1.0 -1.0 -1.0 -1.0 -1.0 -1.0 -1.0 -1.0 -1.0 -1.0 -1.0 -1.0 -1.0 -1.0 -1.0 -1.0 -1.0 -1.0 -1.0 -1.0 -1.0 -1.0 -1.0 -1.0 -1.0 -1.0 -1.0 -1.0 -1.0 -1.0 -1.0 -1.0 -1.0 -1.0 -1.0 -1.0 -1.0 0.0 0.0 0.0 -1.0 -1.0 -1.0 -1.0 -1.0 -1.0 -1.0 -1.0 -1.0 -1.0 -1.0 -1.0 -1.0 -1.0 0.0 0.0 0.0
-1.0 -1.0 -1.0 -1.0 -1.0 -1.0 -1.0 -1.0 -1.0 -1.0 -1.0 -1.0 -1.0 -1.0 -1.0 -1.0 -1.0 -1.0 -1.0 -1.0 -1.0 -1.0 -1.0 -1.0 -1.0 -1.0 -1.0 -1.0 -1.0 -1.0 -1.0 -1.0 -1.0 -1.0 -1.0 -1.0 -1.0 -1.0 -1.0 -1.0 -1.0 -1.0 -1.0 -1.0 -1.0 -1.0 -1.0 -1.0 -1.0 -1.0 -1.0 0.0 0.0 0.0 0.0 0.0 0.0 0.0 0.0 0.0 -1.0 -1.0 -1.0 -1.0 -1.0 -1.0 -1.0 0.0 0.0 0.0 0.0
0.0 0.0 0.0 0.0 707.0826874488987 0.0 0.0 -1.0 -1.0 -1.0 -1.0 -1.0 -1.0 -1.0 -1.0 -1.0 -1.0 -1.0 -1.0 -1.0 -1.0 -1.0 -1.0 -1.0 -1.0 -1.0 -1.0 -1.0 -1.0 -1.0 0.0 0.0 0.0 0.0 0.0 -1.0 -1.0 -1.0 -1.0 -1.0 -1.0 -1.0 -1.0 -1.0 -1.0 -1.0 -1.0 -1.0 -1.0 -1.0 -1.0 -1.0 -1.0 -1.0 0.0 0.0 0.0 0.0 0.0 0.0 0.0 0.0 0.0 0.0 0.0 -1.0 -1.0 -1.0 0.0 -1.0 0.0
0.0 0.0 0.0 0.0 2882.1583026520343 2262.837356824467 4326.286604361165 5719.959576997577 5809.380028633877 0.0 -1.0 -1.0 -1.0 -1.0 -1.0 -1.0 -1.0 -1.0 -1.0 -1.0 0.0 -1.0 -1.0 -1.0 -1.0 -1.0 -1.0 -1.0 -1.0 -1.0 0.0 175.81820062112473 519.1929804795957 0.0 -1.0 -1.0 -1.0 -1.0 -1.0 0.0 0.0 0.0 -1.0 -1.0 -1.0 -1.0 -1.0 -1.0 -1.0 0.0 0.0 0.0 0.0 -1.0 -1.0 0.0 0.0 0.0 0.0 0.0 0.0 0.0 0.0 0.0 0.0 0.0 0.0 0.0 0.0 -1.0 -1.0
0.0 0.0 0.0 0.0 0.0 0.0 0.0 4436.060965806481 5771.424893177737 5939.250150269484 5884.391222194065 3635.3962786805423 0.0 0.0 -1.0 -1.0 -1.0 -1.0 -1.0 -1.0 -1.0 0.0 0.0 0.0 0.0 0.0 0.0 -1.0 -1.0 -1.0 -1.0 -1.0 -1.0 -1.0 0.0 0.0 0.0 0.0 0.0 0.0 0.0 0.0 0.0 0.0 0.0 0.0 0.0 0.0 0.0 0.0 0.0 0.0 0.0 0.0 0.0 0.0 0.0 0.0 0.0 0.0 0.0 0.0 0.0 0.0 0.0 0.0 0.0 0.0 0.0 0.0 0.0
429.6823690751953 0.0 0.0 0.0 0.0 0.0 0.0 0.0 0.0 6764.068601573068 6365.249119702892 6415.136786891112 0.0 0.0 0.0 0.0 -1.0 -1.0 -1.0 -1.0 -1.0 -1.0 0.0 0.0 0.0 0.0 0.0 -1.0 -1.0 0.0 0.0 0.0 0.0 0.0 0.0 0.0 0.0 0.0 0.0 0.0 0.0 0.0 0.0 0.0 0.0 0.0 0.0 0.0 0.0 0.0 0.0 0.0 0.0 0.0 0.0 0.0 0.0 0.0 0.0 0.0 0.0 0.0 0.0 0.0 0.0 0.0 0.0 0.0 0.0 0.0 0.0
0.0 0.0 0.0 0.0 0.0 0.0 0.0 0.0 2476.908479535248 0.0 6742.468343891152 0.0 0.0 0.0 0.0 0.0 0.0 -1.0 -1.0 -1.0 -1.0 0.0 1030.762404866431 1017.5326475427923 0.0 0.0 -1.0 -1.0 -1.0 1366.6388162482258 0.0 0.0 0.0 0.0 0.0 0.0 0.0 0.0 0.0 0.0 0.0 0.0 0.0 0.0 0.0 0.0 0.0 0.0 0.0 0.0 0.0 0.0 0.0 0.0 0.0 0.0 0.0 0.0 0.0 0.0 0.0 0.0 0.0 0.0 0.0 0.0 0.0 0.0 0.0 0.0 0.0
0.0 0.0 0.0 0.0 0.0 0.0 0.0 0.0 0.0 0.0 0.0 0.0 0.0 0.0 0.0 0.0 0.0 -1.0 -1.0 -1.0 -1.0 -1.0 -1.0 0.0 0.0 0.0 0.0 0.0 0.0 0.0 0.0 0.0 0.0 0.0 0.0 0.0 0.0 0.0 0.0 0.0 0.0 0.0 0.0 0.0 0.0 0.0 0.0 0.0 0.0 0.0 0.0 0.0 0.0 0.0 0.0 0.0 0.0 0.0 0.0 0.0 0.0 0.0 0.0 0.0 0.0 0.0 0.0 0.0 0.0 0.0 0.0
0.0 0.0 0.0 -1.0 0.0 0.0 0.0 0.0 0.0 0.0 0.0 0.0 0.0 242.823122566617 0.0 -1.0 0.0 0.0 0.0 0.0 0.0 0.0 1410.7957305060002 0.0 0.0 0.0 0.0 0.0 0.0 0.0 0.0 0.0 0.0 0.0 0.0 0.0 0.0 0.0 0.0 0.0 0.0 0.0 0.0 0.0 0.0 0.0 0.0 0.0 0.0 0.0 0.0 0.0 0.0 0.0 0.0 0.0 0.0 0.0 0.0 0.0 0.0 0.0 0.0 0.0 0.0 0.0 0.0 0.0 0.0 0.0 0.0
0.0 0.0 9951.099599315874 5084.123237890296 -1.0 -1.0 -1.0 -1.0 -1.0 -1.0 -1.0 -1.0 -1.0 0.0 0.0 0.0 0.0 0.0 0.0 0.0 0.0 0.0 0.0 0.0 0.0 0.0 0.0 0.0 0.0 0.0 0.0 0.0 0.0 0.0 0.0 0.0 0.0 0.0 0.0 0.0 0.0 0.0 0.0 0.0 0.0 0.0 0.0 0.0 0.0 0.0 0.0 0.0 0.0 0.0 0.0 0.0 0.0 0.0 0.0 0.0 0.0 0.0 0.0 0.0 0.0 0.0 0.0 0.0 0.0 0.0 0.0
0.0 0.0 1263.9748243812785 0.0 -1.0 0.0 -1.0 0.0 0.0 0.0 -1.0 -1.0 -1.0 873.6915432575261 4490.433584573066 0.0 0.0 0.0 0.0 0.0 0.0 0.0 0.0 0.0 0.0 0.0 0.0 0.0 0.0 0.0 0.0 0.0 0.0 0.0 0.0 0.0 0.0 0.0 0.0 0.0 0.0 0.0 0.0 0.0 0.0 0.0 0.0 0.0 0.0 0.0 0.0 0.0 0.0 0.0 0.0 0.0 0.0 0.0 0.0 0.0 0.0 0.0 0.0 0.0 0.0 0.0 0.0 0.0 0.0 0.0 0.0
0.0 0.0 0.0 72192.91395078471 -1.0 -1.0 -1.0 1601.7956239398968 0.0 0.0 2342.9586959081053 0.0 8989.41053952531 3165.4707140728906 63547.21917439336 74378.07709608688 0.0 0.0 0.0 0.0 0.0 0.0 0.0 0.0 0.0 0.0 0.0 0.0 0.0 0.0 0.0 0.0 0.0 0.0 0.0 0.0 0.0 0.0 0.0 0.0 0.0 0.0 0.0 0.0 0.0 0.0 0.0 0.0 0.0 0.0 0.0 0.0 0.0 0.0 0.0 0.0 0.0 0.0 0.0 0.0 0.0 0.0 0.0 0.0 0.0 0.0 0.0 0.0 0.0 0.0 0.0
0.0 0.0 30187.68218866854 19095.704253453034 11082.582914421275 11027.385097124095 12021.99409837866 -1.0 1144.2129895604292 3947.3758369355446 3803.0639065325945 0.0 0.0 11389.322996341136 11422.049040575042 108295.45438843305 32033.34794845268 90426.2757257071 0.0 0.0 0.0 0.0 0.0 0.0 0.0 0.0 0.0 0.0 0.0 0.0 0.0 0.0 0.0 0.0 0.0 0.0 0.0 0.0 0.0 0.0 0.0 0.0 0.0 0.0 0.0 0.0 0.0 0.0 0.0 0.0 0.0 0.0 0.0 0.0 0.0 0.0 0.0 0.0 0.0 0.0 0.0 0.0 0.0 0.0 0.0 0.0 0.0 0.0 0.0 0.0 0.0
7184.703089110387 0.0 38198.50356568058 19848.18020875225 13543.365015106043 0.0 13337.499173031201 0.0 13227.739892752146 13336.895761879654 40950.70815319377 0.0 0.0 0.0 0.0 13395.883852460647 12700.890143988112 117117.10882354714 0.0 0.0 0.0 0.0 0.0 0.0 0.0 0.0 0.0 0.0 0.0 0.0 0.0 0.0 0.0 0.0 0.0 0.0 0.0 0.0 0.0 0.0 0.0 0.0 0.0 0.0 0.0 0.0 0.0 0.0 0.0 0.0 0.0 0.0 0.0 0.0 0.0 0.0 0.0 0.0 0.0 0.0 0.0 0.0 0.0 0.0 0.0 0.0 0.0 0.0 0.0 0.0 0.0
21819.56220670045 26588.097899603108 53046.55928741752 29663.822738799754 29434.10333258338 27518.125134820475 13692.311066755194 0.0 0.0 0.0 0.0 0.0 0.0 0.0 40767.097887815944 13654.076903093279 27430.021616992683 65619.21542561709 127115.44951462852 39601.279387301605 0.0 0.0 0.0 0.0 0.0 0.0 0.0 0.0 0.0 0.0 0.0 0.0 0.0 0.0 0.0 0.0 0.0 0.0 0.0 0.0 0.0 0.0 0.0 0.0 0.0 0.0 0.0 0.0 0.0 0.0 0.0 0.0 0.0 0.0 0.0 0.0 0.0 0.0 0.0 0.0 0.0 0.0 0.0 0.0 0.0 0.0 0.0 0.0 0.0 0.0 0.0
31109.74119711466 37805.266428107054 80527.5858623785 80574.38119415948 47380.47642964 62061.80741353967 31938.459670082215 0.0 0.0 0.0 0.0 9795.0936896087 0.0 16164.81653993784 79313.6773794041 47863.94392419511 16018.304122527577 16246.124119159518 16018.304122527577 122768.05276143781 121431.41188347928 78797.97878609353 0.0 0.0 0.0 0.0 0.0 0.0 0.0 0.0 0.0 0.0 0.0 0.0 0.0 0.0 0.0 0.0 0.0 0.0 0.0 0.0 0.0 0.0 0.0 0.0 0.0 0.0 0.0 0.0 0.0 0.0 0.0 0.0 0.0 0.0 0.0 0.0 0.0 0.0 0.0 0.0 0.0 0.0 0.0 0.0 0.0 0.0 0.0 0.0 0.0
26684.65971867733 52349.52959425501 60559.18031490746 18176.243645563776 57835.65694766714 36796.132631673034 32513.84077454546 16391.88637344094 0.0 0.0 0.0 0.0 32891.32015299984 16357.883800355887 16301.321359784573 0.0 0.0 16336.9738035998 0.0 32226.471761330326 16304.950088338797 79372.09937465438 61731.98134768086 89280.54116166568 89272.95260087382 15338.42285966922 0.0 0.0 0.0 0.0 0.0 0.0 0.0 0.0 101808.58348393062 0.0 0.0 0.0 0.0 0.0 0.0 0.0 0.0 0.0 0.0 0.0 0.0 0.0 0.0 0.0 0.0 0.0 0.0 0.0 0.0 0.0 0.0 0.0 0.0 0.0 0.0 0.0 0.0 0.0 0.0 0.0 0.0 0.0 0.0 0.0 0.0
48765.174771923754 79304.20753927207 198823.71410162066 47577.62518160958 2445.3386167549456 0.0 141003.10367355336 95911.08815657847 58381.361096119566 19372.974789874614 19563.597031346788 58241.089162979886 39765.53078006295 0.0 37128.97111037514 19617.00715209781 0.0 0.0 19530.35197261006 58433.77446663959 19144.884095156693 19063.299481548856 18303.555729570635 18303.555729570635 171252.10413515204 118424.58705043254 52391.35603856287 17769.348419127684 0.0 0.0 131397.60850705416 83404.06456222828 31902.99515246435 16016.691458875304 43153.965620131894 195059.0811689518 59751.20496451906 73972.7819827776 57378.30235189661 0.0 0.0 0.0 0.0 0.0 0.0 0.0 0.0 0.0 0.0 0.0 0.0 0.0 0.0 0.0 0.0 0.0 0.0 0.0 0.0 0.0 0.0 0.0 0.0 0.0 0.0 0.0 0.0 0.0 0.0 0.0 0.0
84139.44682928265 62799.76084807985 61270.426847495335 153870.11074651676 270995.4115317934 36471.64405377398 89102.61981872817 197015.5175003331 19844.055688146578 18343.700081916373 20148.680232188373 62424.59830319416 40410.91793132029 60777.18543841198 97513.4410539969 40080.58435343916 39814.97828022188 39949.21684280706 155074.10030721218 78823.72252745811 96524.46552888924 57692.967406475815 37450.84621225708 111877.10295911148 36438.8169105112 54750.83430269407 70490.88545737817 241895.6122542689 80863.68774851879 69501.99762542042 67876.60799279384 33848.50263039499 0.0 0.0 15887.774353023275 15763.126410691375 15374.186437968123 30871.590395670042 15107.76802505407 15027.724344850005 0.0 0.0 14938.2416439528 0.0 0.0 14851.894057652302 14376.978332330058 0.0 0.0 0.0 0.0 0.0 0.0 0.0 0.0 0.0 0.0 0.0 0.0 0.0 0.0 0.0 0.0 0.0 0.0 0.0 0.0 0.0 0.0 0.0 0.0
363799.32419551833 230124.42713303203 283264.9289370503 256494.02160397574 160577.55446463497 250052.44571590578 322044.54485619086 209958.38807834339 185047.16831454597 118034.58016021618 120519.40760113041 146259.8495960332 85046.81704939005 171061.4727650164 143074.57118719845 72224.25389539456 93945.25132781256 164755.5620911404 115141.95590105726 69211.68569121338 224219.88210600856 90064.79845919539 65565.7426376383 109502.89270645204 64307.05729034291 64434.272005980885 144746.48223030844 127972.48949666803 165848.9369451881 145794.2563555115 100793.89059199009 20148.433455983377 58461.32118105026 96441.70965385051 18711.612565906562 0.0 18350.087477009805 0.0 0.0 17815.042437363903 0.0 0.0 0.0 0.0 0.0 0.0 16885.574119636753 0.0 0.0 0.0 0.0 0.0 0.0 0.0 0.0 0.0 0.0 0.0 0.0 0.0 0.0 2787.5499997795514 0.0 5922.583532469323 0.0 0.0 0.0 0.0 0.0 0.0 0.0
222586.55650849434 172520.30794328672 97599.01931049132 48613.75581795665 120268.87036777758 72063.98506119066 95156.97083420762 213351.19001126676 201551.90898102804 188445.29342520895 215373.5536601894 242088.5790991853 190522.42688682038 198226.73154838727 317071.2326946825 317356.72598530556 214839.48839384245 237926.07679164698 116926.55792869677 117566.36517391032 205421.30859143037 250880.18506465113 220777.64204252782 88777.35437662626 21903.15172770797 87317.23096479721 64823.44543663572 64720.519750806474 104533.61156036684 125803.09478684518 142073.67525590502 60965.1098081627 59264.900249029575 137603.4718205879 19299.908800596517 0.0 0.0 0.0 18127.32979748967 18013.071529248857 72267.01317251204 18132.937647000446 107804.98414632824 35950.034729321356 35814.817760587764 69879.65550220312 203553.26930133707 68909.12323869808 16472.24727530333 0.0 0.0 0.0 0.0 0.0 0.0 0.0 0.0 0.0 0.0 0.0 0.0 0.0 9347.714590171689 11770.695391524265 0.0 0.0 0.0 0.0 0.0 0.0 0.0
168891.11317150365 192320.50222495847 138751.3628836219 167421.6049496116 250123.8367267923 193500.3018455353 221845.78208894585 250732.98479064435 422701.18557073094 468942.3114254645 478929.832236294 439793.5988625699 372068.461491912 566857.6432829455 485165.1181723052 314319.0742062802 304080.26882318116 305159.6773632605 349897.89643270214 375152.1419240678 181730.91519212717 129885.33810570379 76580.809123921 126900.24649391578 251754.67990318697 125817.2517599847 50064.34861950604 25056.715732836 0.0 73790.73166535802 119615.53906139455 120078.45297589627 117551.5526980781 23646.36883376066 0.0 22838.949965395703 0.0 22073.944628701476 171818.97821037966 323802.46169740485 191167.24029756617 42416.75584992514 84706.20212545904 63392.7566914166 42053.66511129518 42033.1241619659 141177.32369221663 233593.08166000457 95372.38471407311 19084.053429733573 0.0 0.0 0.0 0.0 0.0 12929.649642780869 0.0 0.0 13817.516852587176 0.0 16275.56141415917 16356.545339909524 0.0 16230.226050092353 15900.932418001303 0.0 3232.084988567227 0.0 0.0 0.0 0.0
172563.9943948401 227947.59735306614 142129.7221824365 169386.8214456364 252889.1074173512 223696.8088754299 28112.95369488244 451807.9982457904 513883.75728729175 583705.2127625553 580798.0002088167 751739.603281281 501990.9213633104 920367.511455798 575128.7116135474 435831.79918778036 478193.0744682963 421761.3661193229 410091.84551521204 299969.90943001484 132282.46727856743 105825.84330415384 51520.32065286153 25823.625799490896 25486.115194056554 51223.10104196554 51223.1860857558 76823.83280354309 25198.48040565538 75289.70910509759 48923.658279687304 121103.64505503916 166726.8878278897 47358.21468152404 46578.31287039926 139478.33224999974 67622.36885017119 45274.97845022214 195339.57022664836 131040.71973800086 130053.35081856785 43111.49260343013 128733.20065585921 169650.36234218456 85436.26690086088 41947.48423006885 159084.89167481 203764.63651216342 172955.84595808745 0.0 0.0 0.0 0.0 0.0 17116.20832686475 17199.697004467303 16396.981394481285 49634.830818631075 16552.397413560375 0.0 14575.648718357532 16518.061624188376 49295.44654279768 32984.31204353935 32194.29676628239 48173.81157385309 77718.18318482718 62250.22215348592 14953.67697324804 0.0 0.0
