Model Version1.4/trunk/output/1999/nfert_crit_sw.asc
ncols 720
nrows 360
xllcorner -180
yllcorner -90
cellsize 0.5
NODATA_value -9999
[rows 196 to 223 of 360, columns 372 to 433 of 720]
-9999.0 -9999.0 -9999.0 -9999.0 -9999.0 -9999.0 -9999.0 -9999.0 -9999.0 -9999.0 -9999.0 -9999.0 -9999.0 -9999.0 4952232.534487305 2830399.3050939445 3539098.22609148 4303144.439632851 1329922.5212981482 -9999 -9999 1265545.7782319752 -9999 -9999 -9999 1832009.1115477236 2434492.5734769814 4160485.7966520484 5536588.185183675 -9999 -9999 -9999 -9999 4314864.732635673 5882587.51389451 -9999 1164146.908959543 3562983.9612901434 4897836.3253857065 1611675.4187763354 -626199.0629793392 -41123254.894216165 -35982.84107220781 -9999 -9999 3150722.0379263964 3691983.5498682815 4101962.018093636 1970435.5473704606 -16984060.69708262 4695459.194616453 3748636.4238605 16829472.86005537 -3379925.284033081 -136365.06856230082 7488219.26309736 13707589.108384958 1803824.9600263205 6219163.968319217 8072897.610108331 8713811.271983733 15225925.161644923
-9999.0 -9999.0 -9999.0 -9999.0 -9999.0 -9999.0 -9999.0 -9999.0 -9999.0 -9999.0 -9999.0 -9999.0 -9999.0 -9999.0 -20644328.46520111 3370738.2732172706 -9999 3434227.859960279 1854186.1732385715 2380592.73922963 -9999 7300486.1200494645 3365206.1812031525 -9999 -9999 3778674.407433416 3915850.0478507928 -9999 -9999 -9999 2469078.6933557726 -9999 -9999 -9999 5759001.192849592 1419346.4883079764 -9999 4080688.5012051445 6613027.668569577 4963088.202394815 1799516.92606645 -9999 -9999 -9999 3885026.2235875586 -6191372.422022655 11985025.094476046 -24547219.41080312 -9999 7148283.152711702 4127803.565510033 2441057.078325591 4630971.889003907 1559261.995669637 4154928.446131666 9726398.22905999 14505465.353311904 919639.4727501338 6578974.731962874 6305081.976712152 9257984.577763926 4472983.550550808
-9999.0 -9999.0 -9999.0 -9999.0 -9999.0 -9999.0 -9999.0 -9999.0 -9999.0 -9999.0 -9999.0 -9999.0 -9999.0 -9999.0 -54006.65256921782 2966679.6042248984 3811615.22859483 2973901.3356551775 4232172.06972651 978718.3623035714 6624185.431814315 -9999 6589902.826882509 -9999 -9999 -9999 -9999 2617275.115271466 -9999 4809159.692963255 5305449.892244996 4147488.6001687017 -9999 2809720.785564074 2513707.013994669 4627702.588004905 4240962.893467671 -9999 2921766.411852424 -188584.2196634016 1253667.2304562985 -9999 2751843.429699599 2004504.485676643 -888739.6812728608 -32963293.060396105 12516262.651141174 12294204.959534703 12478692.386426145 11273856.878075223 6846193.454699521 5274259.8187939115 11146894.822904924 1974064.1175898993 3043988.2917788327 643390.7527055491 4206754.475493477 5696289.119229102 6453414.91167881 3771793.2413387657 2909167.451760505 -9999
-9999.0 -9999.0 -9999.0 -9999.0 -9999.0 -9999.0 -9999.0 -9999.0 -9999.0 -9999.0 -9999.0 -9999.0 -9999.0 -9999.0 12736236.317667361 9481204.862659004 6329109.36973538 3916785.828613117 2835844.593497651 -9999 2245143.249290266 -9999 1812313.8297500487 7541485.358160323 4242357.704032427 -9999 -9999 -9999 5415000.211027873 3828726.626781506 4870481.263088216 -9999 -9999 5750576.36050217 5157080.3890271755 6758442.181922358 2362313.9190152595 -9999 -9999 2891604.2138630906 2854005.20511957 6624678.996213928 -6338916.98048357 2161946.4504945264 2781.701870069217 50432470.167223364 15781536.679248484 15237856.977235068 357754.1082965546 13412790.621371003 4963030.183985638 3335913.247770997 17942218.79461953 16251045.666401472 36273234.163925305 9055260.89958748 -4984405.359190136 5830276.4635913465 5235187.39491343 -9999 -9999 -9999
-9999.0 -9999.0 -9999.0 -9999.0 -9999.0 -9999.0 -9999.0 -9999.0 -9999.0 -9999.0 -9999.0 -9999.0 -9999.0 -9999.0 -9999 9334654.951998865 -9999 2605967.611129762 -9999 -9999 -9999 -9999 1789445.4664505713 -9999 -9999 3134586.6948363036 -9999 4214410.500430152 779621.5372407536 2770351.2411741368 -9999 -9999 3254125.2669484504 8689853.605717858 5646414.608261086 -9999 3275298.2261092803 4014259.344116002 451546.3198037266 4916644.270012036 4844346.125977447 5256509.493246841 7219846.054172279 -9999 3024172.2896449543 20717852.734306797 14222421.763241649 14547576.18454221 8633767.402464893 13356054.64416025 22250921.78841689 8949531.981993675 16133391.342561789 8981486.703848373 6083411.304337616 30012445.89489741 -38679424.86711084 5967947.583189325 8896691.568699844 10800780.56891988 10772094.923096994 -9999
-9999.0 -9999.0 -9999.0 -9999.0 -9999.0 -9999.0 -9999.0 -9999.0 -9999.0 -9999.0 -9999.0 -9999.0 -9999.0 -9999.0 -9999.0 7770944.524768444 234647.11640496622 1980873.038546545 1458469.0584777368 726806.658332319 -9999 -9999 -9999 -9999 -9999 -9999 2333671.054120183 4303504.743565161 6254912.094858568 1775823.1038113406 2819249.4743905687 -9999 3880854.550676984 4209424.894954061 6001124.702042627 3706044.4316654014 -9999 2690442.6289224257 4952167.551019097 7940001.168030908 6516099.456939414 7319807.179124182 4513159.194757753 1497074.716249937 4145545.0152740306 22291138.604807395 15448927.44185612 38183976.82725861 16654764.9335953 -9999 11048574.020781003 12947170.596362446 12152142.297086012 -9999 5291125.442597398 30205876.12396621 -1321956.4183064897 5982949.331717456 7296771.834067876 10446910.845832918 17276182.782162614 14871802.07573109
-9999.0 -9999.0 -9999.0 -9999.0 -9999.0 -9999.0 -9999.0 -9999.0 -9999.0 -9999.0 -9999.0 -9999.0 -9999.0 -9999.0 -9999.0 3459790.2656482738 -326895.3002497116 952030.3592843765 1918404.4054756244 1199668.63438359 3591787.54165377 3694098.8407008974 -9999 -9999 -9999 -9999 1974204.1052568795 461697.37560721487 642666.478802402 398931.7809572992 2556895.4495701687 14617408.869797735 3005042.9023921397 3056779.369600408 8337484.451036551 -9999 13832983.44152748 -9999 1435904.881464934 1435096.5444633572 -9999 6823793.1564199515 3443047.961117376 5011196.752380269 1629712.9742137734 21561393.154110234 15176010.532818478 -13201770.478692368 -9999 20280934.249620084 13137312.369420787 18172841.030779276 17083319.13835933 -9999 3726180.4763280326 15980384.822482994 17624156.97305079 3588562.7423703815 8056207.996280825 11171560.048322879 16081818.45017861 17591227.379470337
-9999.0 -9999.0 -9999.0 -9999.0 -9999.0 -9999.0 -9999.0 -9999.0 -9999.0 -9999.0 -9999.0 -9999.0 -9999.0 -9999.0 -9999.0 174795.22110489264 1361789.3439254006 1959114.3384648175 1716679.7346563214 700415.3408615898 796379.337225276 3694259.632126757 2947294.2380680535 -9999 -9999 -9999 -9999 3674714.7403788995 784481.0875426555 1817880.0650821975 -9999 -9999 -248276.8203062052 5429333.377856697 -9999 -9999 2280076.574995931 -9999 -9999 -9999 -9999 -9999 9478835.043142226 9043070.613617418 -9999 8567099.471902788 17738560.470370036 67668557.84737664 -9999 13327863.497632015 11539655.378440171 14348813.47594062 6362924.846461076 33996481.970421515 11970079.98129937 21072822.218550526 56506202.12697685 -55377500.82445409 6045199.763043724 8072685.958196423 15620510.286585653 18825812.639744535
-9999.0 -9999.0 -9999.0 -9999.0 -9999.0 -9999.0 -9999.0 -9999.0 -9999.0 -9999.0 -9999.0 -9999.0 -9999.0 -9999.0 -9999.0 -599794.5798819996 -379996.28572942567 1439034.9519312286 1384744.1923514109 2413254.239398092 3784208.0569322673 2675896.8653745106 3205465.417323222 599378.8771442417 -9999 2254583.815699486 2301888.171794594 -9999 2050188.0873790495 17497774.753083296 40937394.02716322 -24475240.735102493 -36294293.96915462 -9999 -9999 -9999 -9999 -9999 -9999 22130299.175274603 11992078.345023412 -9999 -9999 9293284.19593981 8270804.142681805 989181.518824027 12717201.958162647 27881215.161931194 -9999 -9999 10607832.991287198 -9999 -9999 14063115.350869657 19268142.171344887 36795027.63465795 -62900460.08575445 47050294.84141534 46583212.84415368 31002792.428952523 16280329.651178066 -9999
-9999.0 -9999.0 -9999.0 -9999.0 -9999.0 -9999.0 -9999.0 -9999.0 -9999.0 -9999.0 -9999.0 -9999.0 -9999.0 -9999.0 -583498.8265570782 -591999.0304627221 5890.890770383566 1584390.8806349956 2727347.1924305493 2892077.434112509 3959326.362188451 4379883.846064478 1036140.9000939185 2540055.9138442324 4233142.937180017 1993262.4040055263 1032288.8876074239 2134506.620962232 1124063.684178653 2984545.815785305 47954562.947320186 34750121.10192567 7794945.3797639515 10460325.507769998 -9999 911969.016920228 -9999 -9999 -9999 -9999 -9999 -9999 -9999 27613800.79975823 21845315.213877045 8337530.756555846 5884055.586639179 3384948.230665604 25461370.602338366 17652582.971825045 9787442.796007728 -9999 -9999 10142308.48675816 32563561.91166495 4198185.663860513 60140183.27303748 39462975.431780815 41080067.96000797 17631570.98609155 26540707.828698333 -9999
-9999.0 -9999.0 -9999.0 -9999.0 -9999.0 -9999.0 -9999.0 -9999.0 -9999.0 -9999.0 -9999.0 -9999.0 -9999.0 -9999 160602.74693365325 990905.4169409106 -750305.164861451 1311097.007247489 1928037.4517560417 3406328.6822592895 1572398.2900077233 279173.4159134429 -2338100.8933730456 -9999 3685737.895658107 3808384.650325414 2377839.1578088324 2234350.1999746403 -9999 -9999 5890687.118414729 71860643.62914862 247247936.81948304 82008667.74302094 18109510.3440899 27494862.350270722 44579454.09879925 13514723.348675685 24578065.72516775 496016.4214169187 -9999 -9999 6291946.814887578 5349720.645236252 16301415.440997649 21806116.11657766 2174295.0604447867 16422759.630541686 15038840.450721532 4793064.860703134 6665224.154877092 -9999 20081204.575038873 9752931.197258407 53617045.081934415 1819966.585977075 43521215.632857576 5272734.945021704 36281341.57942224 31095976.77100938 22772844.995100733 30317499.09859632
-9999.0 -9999.0 -9999.0 -9999.0 -9999.0 -9999.0 -9999.0 -9999.0 -9999.0 -9999.0 -9999.0 -9999.0 -9999.0 -40342.02879857578 -252419.94672019765 -615041.149195758 1672134.2215603748 1351192.1881721127 1186060.9110091291 1148072.3216891661 1355924.6308216571 -8489360.085133899 -4195366.324410381 -9999 648616.9039068297 2010459.5616297787 1909240.8601312228 3165841.0185904335 3626303.1728177075 4281934.000328468 -9999 8943512.674315039 19342167.625233125 115485231.24913302 24576243.754390255 25151505.545884654 -26600628.153026678 -9999 40078677.15255971 26535362.786510326 -9999 11000258.782873604 6445347.189210192 16828768.824738175 16686363.442353413 11374071.321996933 12421779.866085967 14367687.889069818 3327209.58517659 5439384.257576078 18437565.752198674 23839474.50585526 5824832.525835318 1706378.6633137476 25770649.84178505 20518942.312891398 58551904.31733714 -58949331.34103507 23220923.40724455 27988040.959460936 24960781.31084478 25569594.384090398
-9999.0 -9999.0 -9999.0 -9999.0 -9999.0 -9999.0 -9999.0 -9999.0 -9999.0 -9999.0 -9999.0 -9999.0 -188907.27017174682 -102193.72217690246 565455.5971809155 582505.5257952908 1607876.4246611954 -998721.668600342 -242165.8112421344 -9999 1196155.9775133128 -9999 -919097.8518779728 433484.53971944586 221128.47710074455 -245621.41231758677 991696.2677464833 1342641.9610820967 5311782.029409085 -9999 -9999 11774339.071604598 -9999 -9999 92091271.00363714 74555731.07346606 -9999 45632499.855935 17981411.774587143 -9999 -9999 -9999 6127484.964362613 -113299404.29845072 24589061.74048122 10847179.305224903 4231771.633993933 7862255.884136776 305757.48819019215 -202250.73496537117 23631290.283774715 9157382.069087278 6868251.066673453 17299195.20762572 24549354.588631816 34346904.55250693 28791967.654703822 1963292.1420444478 -659708.19658057 3945855.0652244873 12190789.531023098 2301702.0622113976
-9999.0 -9999.0 -9999.0 -9999.0 -9999.0 -9999.0 -9999.0 -9999.0 -9999.0 -9999.0 -9999.0 -9999.0 -9999 -7668.987483373117 859328.9624062935 1495075.1715797824 -995222.4868934073 -2079665.2259607306 2528230.3972258274 1986892.9368921574 3059131.1912354855 1860347.5114166604 -1344815.5884825382 2275548.4595551826 -2922700.657998898 6673691.953221367 4731870.543540041 -114054.0755855207 -9999 6171846.809216951 -9999 -9999 -9999 -9999 74021415.80997542 110683942.63523145 53015171.19220096 39445000.081995405 40739553.75502685 -9999 -9999 6907423.613636337 10245088.40405088 16441664.328540731 24693596.353807658 13681562.2164852 2110648.9572230624 -9999 -15489855.30432055 7000106.731583284 27733413.41720118 21535415.004041918 4641405.47711438 13373874.61746867 22975435.14418154 16858187.619463336 15731064.805678621 43603390.83805045 23661011.36094962 33220247.49002884 58042369.01240506 15516958.916461894
-9999.0 -9999.0 -9999.0 -9999.0 -9999.0 -9999.0 -9999.0 -9999.0 -9999.0 -9999.0 -9999.0 -9999.0 -439963.4548795993 289562.9159699261 349007.8179068485 1677269.38627511 -277389.2526724914 -9999 -12540979.365663469 -1129676.382512558 3884993.930087563 -4891839.449938754 -2932824.3277409216 -1274594.8382533449 -4645809.889102956 7501387.2107925145 -902517.3679558762 713376.6135159625 -9999 -9999 -9999 -9999 62855845.62586996 -137987767.94200522 2850593.495765387 97708138.89043382 25601601.46609587 4387731.775254625 -9999 -9999 -87413.2541802323 -507549.44724980125 12344458.359753134 23501447.962502025 -15561955.763324475 14501630.467921717 10984619.975117017 -9999 -23436972.985087525 7327739.999498506 8344127.07989415 12937303.929436991 18191617.01105579 2359521.7705583237 28310982.477609023 12511372.654682659 19658947.560507998 46494060.580697924 17248512.072537027 81786946.65456676 23579432.779134776 24068554.409786552
-9999.0 -9999.0 -9999.0 -9999.0 -9999.0 -9999.0 -9999.0 -9999.0 -9999.0 -9999.0 -9999.0 -9999 -9999 -9999 -18342.084282795287 -40697.50037226016 -1334883.7053786884 -528941.0901757472 -56983253.05574802 -2018794.5668027136 1895325.6481026504 -1098952.6449218022 191559.40101225727 -1268513.719922123 -9999 -9999 -9999 -9999 -9999 -9999 -9999 8794494.590399096 123201449.57517241 -10797015.720070522 -114314336.54124789 11031298.993231328 -9999 -9999 -502859.6519132538 -9999 16805697.99056839 -95252038.7567984 -135960239.64164484 4227778.814581238 14161135.920470746 9097512.91875235 3203042.7898236406 -9999 11689864.625571476 16335831.876304016 4085524.294989215 -3633272.845712819 -16965425.28715196 14992364.933925977 14864005.65109841 6786298.643664001 12616210.930095395 21675813.786123827 1716590.1698064064 37126983.15763621 61662383.583844535 35930549.39412261
-9999.0 -9999.0 -9999.0 -9999.0 -9999.0 -9999.0 -9999.0 -9999.0 -9999.0 -9999.0 -9999.0 -9999 -9999 -9999 -514493.2654524774 -932038.1301199459 -4171408.382828393 -36788147.09460835 -30318617.81547528 -6205348.93490046 -5214311.686958846 2769311.637802773 -9999 -9999 -9999 -9999 -9999 -9999 -9999 -9999 -9999 -9999 -9999 -9999 -346422556.23531014 -9999 4092509.628713315 -631949.6247581958 -666187.6375243617 -9999 7764836.744013821 4703135.893313525 3368508.1598481536 4435752.940643343 3582599.7517911964 11114242.950970933 12201159.584495386 39278392.95218378 24933137.963668585 -8635539.5994389 3983399.8073983993 6305694.14744432 45151709.618180394 21774166.67493191 14227523.521380348 16250413.466027342 7395890.769363656 22604879.493804634 34844493.14932274 42210248.85370329 30270544.471430153 32977265.98835144
-9999.0 -9999.0 -9999.0 -9999.0 -9999.0 -9999.0 -9999.0 -9999.0 -9999.0 -9999.0 -9999.0 -9999 -9999 1500.596138444776 -235000.36829953056 -513187.2551035281 -1082778.6144583127 -87893008.76823863 -116279307.8797517 -38710469.23500827 -2683723.95066276 349001.23096386495 -9999 -2374357.888589242 -9999 -9999 -9999 -9999 -9999 -9999 -9999 -9999 -9999 -9999 10359732.47376665 -57273730.37139758 -369665.44907102274 -677463.036681372 -1780214.1142623762 4377021.626430774 -4683265.521940463 -6361697.300334474 -1104499.0867586501 -4037293.9128645277 -13952837.666252255 -9999 10955111.36746005 -2507951.9460019735 19867222.213553302 33346425.460894376 38573955.734955356 48928927.714586385 8561353.654250054 31323385.64652347 -13853571.523110483 21956515.834190737 7201525.890385122 66022244.89060811 82719547.04729284 37389948.5014108 42601658.87043119 45385777.48794976
-9999.0 -9999.0 -9999.0 -9999.0 -9999.0 -9999.0 -9999.0 -9999.0 -9999.0 -9999.0 -9999.0 -9999 -9999 -9999 -1791.385301622888 -201854.73955179192 -9999 -39346751.36376571 -2374447.791065552 -31557656.40322489 -1864321.5582458302 -1365158.0430618913 -1089953.7083138651 -3957987.128824493 -6999347.524995457 17435277.77145984 -9999 -9999 -9999 -9999 -9999 -9999 -9999 -49850038.93969201 -9999 -9999 -9815673.040437406 -1805415.1668297052 27719370.57329919 -4535273.220380193 -4704470.515667837 -3186957.503047986 1082387.327801071 -29307650.55573755 8321886.268759052 -8715287.416466301 22359708.516482923 7666010.494943455 8298526.426140053 21921957.099843968 19510346.908238806 -4308653.8766532885 8227926.667250246 8856075.959838381 23342950.336053003 9916940.268974232 83288227.72693528 115232393.78846197 64252367.123132356 61539714.965814985 35062082.4282305 93882379.63509443
-9999.0 -9999.0 -9999.0 -9999.0 -9999.0 -9999.0 -9999.0 -9999.0 -9999.0 -9999.0 -9999.0 -9999 -9999 -9999 -857.9289066997205 -37482.426532621976 -43600.8644445165 437654.0899952337 2547994.4568711845 -522643.6409634966 1138658.9920210314 -128131.41814415337 -145287.58967295312 -181453.9547281208 -73304.38677024357 -1229174.0155458704 -5743470.385250064 -32844043.3616298 -3564639.727083918 -23756027.734822363 -6348847.543271321 -8869363.116992233 -1910897.5218935823 -1673832.2820605861 -2732016.586076738 -9999 -3247502.9651256073 -879515.3236543597 -16778314.425097164 1171437.040796584 -2224947.7227589963 -975227.5936677245 -14039981.20168138 19735603.47963924 -4111252.3153598313 -2967684.3095878703 -26363540.803018305 -17995891.276358727 8725623.054683423 38167490.155582175 -73858788.54933406 24974077.033283256 14004567.760774022 23552916.26587467 31293816.220142502 35764436.0292232 62968914.148434855 54411097.13818564 93050455.39533646 88439148.97493424 135909503.116096 181524452.8143549
-9999.0 -9999.0 -9999.0 -9999.0 -9999.0 -9999.0 -9999.0 -9999.0 -9999.0 -9999.0 -9999.0 -9999 -9999 -9999 -9999 -5022.225405700856 -8314.039633598588 -9999 -9999 -5197143.869876593 2814075.0954135032 2325849.8291361365 -138609.8287691709 -89075.50075888423 -72906.12484082225 -8815.772971962188 -77170.64137039067 -67453.46996332901 -80986.91546760859 -49379.151192422534 -65024.931950523605 -1783142.6972724504 -1617725.3981799765 -2055182.911659859 -566126956.3770719 -5128645.142877779 -85517273.77108532 -639670.3039643134 2730531.509274796 -2085964.6836873216 9107275.73982194 -14039178.610625332 19872571.649995122 -4429907.311157294 -7412494.976596931 73057638.2805087 6051626.0050364295 -16897324.429029018 18378357.69366151 16494573.61887854 -30093254.108271085 21496455.00774718 34152149.78986349 31821475.80840606 32448593.56414056 30527454.708785653 54106661.424319655 75082573.87001346 32624974.20274613 65653655.323028825 179053633.31357506 234211359.71514896
-9999.0 -9999.0 -9999.0 -9999.0 -9999.0 -9999.0 -9999.0 -9999.0 -9999.0 -9999.0 -9999.0 -9999.0 -9999 -9999 -9999 -651.20043929845 -9999 -9999 -9999 -588551.2911951061 -9999 -9999 854041.4811559864 -2743184.6861342653 -142777.32194174358 -60326.910047815545 -100518.4309003048 -60098.22203217444 -127285.57452680025 -50255.62899730735 -9999 -9999 -9999 -9999 -9999 -9999 -9999 -2063220.176129302 -1198669.8954874047 -3331670.8849841896 -9999 -1711626.0755297705 -10430052.98293884 2625169.0911664213 -1130888.7859656534 18692220.281979337 37859068.26907956 -16608030.053925991 1533677.6868804186 46093977.525538065 12152259.187296364 1691991.7133597895 13392406.06728942 29759261.12865113 30866787.663687706 35663581.89884984 64532479.47883503 5691287.659632886 40659731.92287194 127496264.28951739 123266303.13475846 -9999.0
-9999.0 -9999.0 -9999.0 -9999.0 -9999.0 -9999.0 -9999.0 -9999.0 -9999.0 -9999.0 -9999.0 -9999.0 -9999.0 -9999 -30176.854318634203 557.6837067918707 -9999 -9999 310637.8927052373 -9999 1875696.504147976 -186822.49787242466 569297.70372937 128249.53951914818 13756.825822516712 -81973.19076552664 -59459.84077781579 -83014.16341339146 -95005.56100005996 -83576.68594895642 -9999 -9999 -9999 -9999 -9999 -9999 -9999 -9999 -2094637.4179055153 -1684540.2549911235 -4035304.880244112 -2357226.3774288907 -2239149.3587070163 -2019892.1538068084 -2509366.7209081915 -6666744.070425408 9932806.392313773 -20755646.702954203 18051880.207395837 15661547.056707036 17227485.698497035 -15665579.398898166 -6698423.643435184 5343177.2903005965 18811208.0348453 40991083.05935432 144734436.13663128 116072399.11660348 141316912.82758728 213861565.93086103 -9999.0 -9999.0
-9999.0 -9999.0 -9999.0 -9999.0 -9999.0 -9999.0 -9999.0 -9999.0 -9999.0 -9999.0 -9999.0 -9999.0 -9999.0 -9999 -9999 -9999 -9999 -9999 -23667.197781011237 -9999 -51602.216942252584 -73376.14655150878 128088.48643475847 75704.89860392781 -77252.07887818763 -40518.58169093708 -86818.93229178849 -71890.81217761594 -109644.99372230824 -84520.65553387208 -9999 -9999 -9999 -9999 -9999 -9999 -9999 -9999 -9999 -1332025.2794625785 -695804.1259474384 -6555491.352518152 -4173388.5821336866 -566423.4734034223 -4978567.964676534 1341336.9336822955 -1229477.509572715 11291585.467278803 -614548.7113684694 1027853.7989305222 -1555020.0080209805 5659933.797520659 1572941.4336006315 9632436.513608634 12221193.357285833 53061456.095825925 44068193.30096463 167105368.9920824 185868781.28669196 -9999.0 -9999.0 -9999.0
-9999.0 -9999.0 -9999.0 -9999.0 -9999.0 -9999.0 -9999.0 -9999.0 -9999.0 -9999.0 -9999.0 -9999.0 -9999.0 -9999.0 -9999 -9999 -9999 4096.183421796908 -63.896810992945824 -845.6489546025123 -6163.980336866686 -490930.9994858202 -24664.66285202907 -26772.064093785335 -9999 -9999 -7072.010910381764 -9999 -9999 -48400.8840972479 -9999 -9999 -9999 -156672.45736195124 -9999 -9999 -9999 -9999 -9999 -9999 36169802.49245049 -9999 -1267862.0732133642 -1657613.062961448 -39582296.34168532 -181690297.2577536 -4775510.033733526 2207821.6503655054 -6616416.760429304 -4025855.0628298675 -3958341.6126638874 515255.6995709153 5972437.945534799 13839052.905757451 22055523.557942532 79011107.19576508 104966000.80901526 80451381.8787926 -9999.0 -9999.0 -9999.0 -9999.0
-9999.0 -9999.0 -9999.0 -9999.0 -9999.0 -9999.0 -9999.0 -9999.0 -9999.0 -9999.0 -9999.0 -9999.0 -9999.0 -9999.0 -9999 -9999 -9999 -9999 -9999 -87.26401918085541 -12073.91384206237 -21118.88923467099 -9999 -9999 -9999 -9999 -739.8539638473826 -9999 -14746.260024712028 -38499.54416911922 -9999 -9999 -9999 -9999 -9999 -9999 -9999 -9999 -9999 -9999 28393440.909918256 -2629045.3552617873 -2106845.756599777 -92935965.94966143 -3275566.799901952 -1540661.9566623033 -25478449.098875478 -6052118.186117497 -3574233.239929092 -5785152.345333298 9799107.78465625 23952479.134824444 22198136.59929522 20879924.509598874 38868958.8956562 242851506.20656246 179373891.7620541 129630030.03265418 196015224.56827697 -9999.0 -9999.0 -9999.0
-9999.0 -9999.0 -9999.0 -9999.0 -9999.0 -9999.0 -9999.0 -9999.0 -9999.0 -9999.0 -9999.0 -9999.0 -9999.0 -9999.0 -9999.0 -9999 -9999 -9999 -9999 -322.56209445471035 -2839.3236021750713 -9999 -9999 -808.6011213213985 -1966.1030908510647 -526.0640162653209 -525.0381828225375 -11078.819042265555 -29196.04946374864 -9999 -9999 -9999 -9999 -9999 -9999 -9999 -9999 -9999 -9999 -9999 1470302.0540731347 -4375582.287210919 28341986.8734933 -6788651.566126976 60400541.427833125 9436447.659521861 13302457.133096749 5235440.9480144745 -6206340.3533281535 37585465.492305815 46151966.63200994 52401010.620291695 48075284.47849127 5181060.724237614 127930058.73120005 70970616.87064819 12528057.45122862 114227843.08282302 199543639.68587887 -9999.0 -9999.0 -9999.0
-9999.0 -9999.0 -9999.0 -9999.0 -9999.0 -9999.0 -9999.0 -9999.0 -9999.0 -9999.0 -9999.0 -9999.0 -9999.0 -9999.0 -9999.0 -9999 -9999 -9999 -9999 -9999 -9999 3108.8073744025105 -9999 -1179.690550356807 270.12817185376696 -9999 -2630.1267964995604 -9999 -9999 -52398.9909030965 -9999 -9999 -9999 -9999 -9999 -9999 -9999 -9999 -9999 -2505075.1687961747 -626035.6865500966 -1167241.4835977433 -1081922.4621851246 17344668.163938396 9914141.913132466 -9999 -9999 -9999 -9999 81102795.79068983 46651647.45844724 8061094.457270133 -9999 109613234.43877423 -129806199.57951847 221018554.5119232 357970712.2572068 -9999 96565323.0567723 -9999.0 -9999.0 -9999.0
