Model Version1.4/trunk/output/1999/nfert_crit_sw.asc
ncols 720
nrows 360
xllcorner -180
yllcorner -90
cellsize 0.5
NODATA_value -9999
[rows 140 to 167 of 360, columns 372 to 433 of 720]
-9999 -9999 -9999 -9999 -9999 -9999 -9999 -9999 -9999 -9999 -9999 -9999 -9999 -9999 -9999 -9999 -9999 -9999 -9999 -9999 -9999 -9999 -9999 -9999 -9999 -9999 -9999 -9999 -9999 -9999 -9999 -9999 -9999 -9999 -9999 -9999 -9999 -9999 -9999 -9999 -9999 -9999 -9999 -9999 -9999 -9999 -9999 -9999 -628150.7332430078 -731143.0101309065 -9999 -9999 -9999 -9999 -118474.06480702222 -9999 -9999 -9999 -9999 -9999 -9999 -9999
-9999 -9999 -9999 -9999 -9999 -9999 -9999 -9999 -9999 -9999 -9999 -9999 -9999 -9999 -9999 -9999 -9999 -9999 -9999 -9999 -9999 -9999 -9999 -9999 -9999 -9999 -9999 -9999 -9999 -9999 -9999 -9999 -9999 -9999 -9999 -9999 -9999 -9999 -9999 -9999 -9999 -9999 -9999 -9999 -9999 -9999 -9999 -9999 -862860.3778766827 -509894.5241635089 -9999 -9999 -9999 -9999 -515069.15010489925 -18822084.56270068 -9999 -9999 -9999 -9999 -9999 -9999
-9999 -9999 -22328573.801662806 -9999 -9999 -9999 -9999 -9999 -9999 -9999 -9999 -9999 -9999 -9999 -9999 -9999 -9999 -9999 -9999 -9999 -9999 -9999 -9999 -9999 -9999 -9999 -9999 -9999 -9999 -9999 -9999 -9999 -9999 -9999 -9999 -9999 -9999 -9999 -9999 -9999 -9999 -9999 -9999 -9999 -9999 -9999 -9999 -9999 -9999 -730960.760869664 -9999 -1016897.5926131704 -829814.2302084073 -9999 -9999 -1226018.0694083197 -9999 -9999 -9999 -9999 -9999 -9999
-9999 -9999 -9999 1076899.0844240945 -9999 -9999 -9999 -9999 -9999 -9999 -9999 -9999 -9999 -9999 -9999 -9999 -9999 -9999 -9999 -9999 -9999 -9999 -9999 -9999 -9999 -9999 -9999 -9999 -9999 -9999 -9999 -9999 -9999 -9999 -9999 -9999 -9999 -9999 -9999 -9999 -9999 -9999 -9999 -9999 -9999 -9999 -9999 -9999 -9999 -679558.1860154895 -693405.0176720257 -956758.4550480956 -9999 -9999 -9999 -865315.1732676167 -9999 -9999 -9999 -9999 -9999 -9999
-9999 -9999 -9999 5116905.99452934 -9999 -9999 -9999 -9999 -9999 -9999 -9999 -9999 -9999 -9999 -9999 -9999 -9999 -9999 -9999 -9999 -9999 -9999 -9999 -9999 -9999 -9999 -9999 -9999 -9999 -9999 -9999 -9999 -9999 -9999 -9999 -9999 -9999 -9999 -9999 -9999 -9999 -9999 -9999 -9999 -9999 -9999 -9999 -9999 -9999 -9999 47764.82223860176 -9999 -9999 -9999 -9999 -1275010.1812041174 -11486841.462169565 -9999 -9999 -9999 -9999 -9999
-9999 6111664.322359586 -9999 5519943.022466885 1897290.2839484704 -9999 -9999 -9999 -9999 -9999 -9999 -9999 -9999 -9999 -9999 -9999 -9999 -9999 -9999 -9999 -9999 -9999 -9999 -9999 -9999 -9999 -9999 -9999 -9999 -9999 -9999 -9999 -9999 -9999 -9999 -9999 -9999 -9999 -9999 -9999 -9999 -9999 -9999 -9999 -9999 -9999 -9999 -9999 -9999 -9999 -9999 -9999 -9999 -9999 -9999 -1310997.882006263 -961905.5927103776 -45627956.71695519 -9999 -9999 -9999 -9999
342334.886490416 1343252.757433519 -9999 18005358.580084004 -9999 -9999 -9999 -9999 -9999 -9999 -9999 -9999 -9999 -9999 -9999 -9999 -9999 -9999 -9999 -9999 -9999 -9999 -9999 -9999 -9999 -9999 -9999 -9999 -9999 -9999 -9999 -9999 -9999 -9999 -9999 -9999 -9999 -9999 -9999 -9999 -9999 -9999 -9999 -9999 -9999 -9999 -9999 -9999 -9999 -9999 -9999 -9999 -9999 1110482.5208784484 8598169.760095244 -1881468.4308873315 -9999 -9999 -9999 -9999 -9999 -9999
-9999 -9999 567057.5348137114 -9999 -9999 -9999 -9999 -9999 -9999 -9999 -9999 -9999 -9999 -9999 -9999 -9999 -9999 -9999 -9999 -9999 -9999 -9999 -9999 -9999 -9999 -9999 -9999 -9999 -9999 -9999 -9999 -9999 -9999 -9999 -9999 -9999 -9999 -9999 -9999 -9999 -9999 -9999 -9999 -9999 -9999 -9999 -9999 -9999 -9999 -9999 -9999 -9999 -9999 4686977.727545623 -9999 -9999 -9999 -9999 -9999 -9999 -18060598.62376326 -9999
-9999 -9999 92510.00019299965 -9999 -9999 -9999 -9999 -9999 -9999 -9999 -9999 -9999 -9999 -9999 -9999 -9999 -9999 -9999 -9999 -9999 -9999 -9999 -9999 -9999 -9999 -9999 -9999 -9999 -9999 -9999 -9999 -9999 -9999 -9999 -9999 -9999 -9999 -9999 -9999 -9999 -9999 -9999 -9999 -9999 -9999 -9999 -9999 -9999 -9999 -9999 -9999 -9999 -46084668.60579948 -48650411.13975487 -9999 -9999 -9999 -9999 -6082365.758166275 10860796.730974648 -819801.3208020013 11408830.454129323
-9999 -9999 -6331.571434623409 -9999 -9999 -9999 -9999 -9999 -9999 -9999 -9999 -9999 -9999 -9999 -9999 -9999 -9999 -9999 -9999 -9999 -9999 -9999 -9999 -9999 -9999 -9999 -9999 -9999 -9999 -9999 -9999 -9999 -9999 -9999 4014027.7461430924 3456773.141472295 5379227.28098881 -9999 -9999 -9999 -9999 -9999 -9999 -9999 -9999 -9999 -9999 -9999 -9999 -9999 -9999 -9999 -3989862.9870864707 -7851754.137470682 -6135989.599070787 -9999 -8519400.280077187 34462307.63158653 8956735.271721521 865392.498329938 -11813965.348067705 2702771.6478738426
-17631.315210843684 -9999 -844820.7819330702 -1369188.4408286365 6034125.700815388 3503415.4180981456 -9999 -9999 -9999 -9999 -9999 -9999 -9999 -9999 -9999 -9999 -9999 -9999 -9999 -9999 -9999 -9999 -9999 -9999 -9999 -9999 -9999 -9999 -8972216.017901652 -9999 -9999 -9999 -6805743.247152975 5207822.32309038 1116333.9754564713 9943939.689182889 5169809.601165023 10506465.350712439 10809030.437728703 -9999 -9999 -9999 -9999 -9999 -9999 -9999 -9999 -9999 -9999 -9999 -9999 -9999 -13707276.982785353 2040975.750360899 -14375693.57414293 35668972.62050707 3296120.231494806 -239316.3246949089 1072790.125258094 -9999 26509605.597698 -1575742.16050123
2135837.6663866113 -3286.320738292233 -9999 2406419.656744802 -3064748.304813435 3141759.7966391635 2983129.878246667 135288.71000164072 -9999 -9999 -9999 -9999 -9999 -9999 -9999 -9999 -9999 -9999 66715.93680993505 -9999 -9999 -9999 -9999 -9999 -9999 -9999 -9999 -9999 4413276.266083538 -232107.02022994697 -4059552.686404382 -9999 -2895773.4646286624 -3067970.101548896 -2499104.702084547 -3061822.8308660197 198515.9127986482 3526683.000810536 5711549.755619857 2978264.4976992705 -9999 21492273.824963316 12327719.875071181 15870215.174800538 9447202.524074296 7290469.601325344 363743.32634196576 18021908.484020334 -9999 -9999 -9999 1028682.5106587884 -13024584.634117547 -5106235.120458069 2725305.3292628494 -5731855.68197563 -3375887.5855435617 1343883.0371126148 1045847.478004116 -2178031.413827883 -285133.7206753605 209643.76789151563
-337874.26137099275 -1353973.136380219 347005.77127820556 -2174857.7654844597 -267528.0169624405 2516878.5811250336 447661.7978051864 -1043537.6420874145 -651896.4055640553 -1876347.2139222545 -9999 -9999 -2970481.207524727 -9999 -15474813.750323646 -9999.0 -20604023.553292274 -53269810.99687908 -4837273.033840585 127724.83284976818 2730701.779614336 -9999 -9999 -9999 2605528.940324572 -9999 -9999 -272556.0111268439 -2351671.188244515 -170846.116384185 -5430119.304893978 -4317163.627311885 -139701.6313033567 -4490880.037727981 -783830.7869796756 -463227.36002040235 -1052.8820312984344 2806064.5130052837 1670250.0281646955 2453656.6708170525 7516807.856131198 -9999 428018.305075456 -71943.61680244922 -1032246.4071618958 -843655.7178988754 1553119.806366872 10456617.846196765 14873678.246605635 -9999 -9999 1282100.7497943984 -90787374.4911789 -7570551.22560706 27175485.613429625 2105646.9026627084 -4982690.288279751 970174.9402679573 -97459.1896157016 4848670.867807251 638748.2162582043 -233081.88188783664
35168506.03036369 36091.44744360199 -481092.46125945507 -12812257.904028062 -479128.20500641945 -1043536.9325409739 -938802.8915053662 -397279.88792506926 -5040590.377809894 -9999 -3914416.7747695623 -3535485.3109865827 -32078701.701391194 -12392710.410861155 -50567537.24112704 -396779111.2989828 -9999.0 -9999.0 -123285772.32257085 -2950182.8795463704 -1943345.2618000119 -9999 -9999 -9999 -9999 5154741.916662133 12880654.45537754 4141815.798184986 -2203129.929896402 -981303.7908468222 -6125499.716854055 -102749.35764803272 -227806.87927169024 -11017.373075545438 2523.1061603925627 -23778.875367329896 -29267.01757461681 1422606.8254973525 4627742.0968081 -13391282.460874308 965918.3515663798 -13211383.966718884 -3880465.9298746814 1651561.1809340417 -984737.0374018181 -2259073.764003511 -1154359.8955265868 488592.99419786304 7270287.300396133 1985058.5893076647 -3651342.6495205984 -2182782.358859227 -8968319.064595465 -96736230.68793175 729988.4130699616 36905.183369116414 -7401858.731522043 3298175.7873264435 10207990.800180864 1931532.6211218196 -534337.894519485 2528310.152122323
39072.46167258822 264383.88370751886 -943865.2889751589 -1490289.2972508175 -1996572.0106719781 -18803859.880577836 -64534491.474533305 -244964359.87332416 -104665841.91050822 -276144305.84029865 -263625810.85685977 -301930358.8874863 -235542877.06379464 -9999 -133564.87503800855 -437292127.83493626 -696268441.6209143 -145180897.74650463 -49815305.571098335 -16955971.830811426 -192378.8950403711 -67540427.65498094 -300348238.64849657 -74912214.68695605 -6024414.813816192 -5542069.837004389 -5867980.831790028 -5153372.037414745 -6936864.980227472 -7514885.643625489 -2849619.769304568 3996127.504257161 9439.22098604255 5383.4415432267115 -4322.662194365003 61532.648865619376 -44982.08567050077 -9999 4058751.3104629763 -4080597.6946330476 -3888154.856899292 -13713896.744321097 -2556939.2896439265 -5267365.134114553 -2071294.0882050716 -3321876.958248099 -3609691.6633880422 -2679080.6549543897 12354694.756418938 934593.9625855084 -687873.5218779686 -2357290.697583121 -1488402.816845801 -227870747.22549856 -498915.0541580156 365751.24658118415 -5771787.034894835 8458566.984300304 15947516.416199703 6495061.364362296 1083642.15508269 -9999
-1263882.6842642634 -3016559.406949805 -2109073.3365338426 -2755379.8128481754 -2823658.212120056 -37525539.34949364 -61028241.05764074 -142942277.4324261 -205379789.07744297 265735456.74186495 -16519991.090702109 34633971.40246438 719456.3401918535 33441210.207590684 -70575236.7478294 10162010.571083568 -2341174.085762453 -779647570.978842 -633360444.3449844 -102948645.5096685 -7806549.015248175 -417183603.4678769 614760.2644601554 -595957.6330382978 -3082174.2351012477 -73703.09462700482 -4384907.75061447 -5096379.624546672 -6541757.460150982 -4510499.489057871 -1190505.8164592467 -1625796.5652077906 -284803.26578941 -125190.95932062925 -13274.091063116979 -141866.5177986922 -38381.260361858556 2008098.380399216 -3466259.219875563 -2408859.02969436 -3057531.071495393 -2030217.6274540613 -3546441.2295535975 -4599814.475743463 -2317474.0115145273 -2773734.872432389 -2703098.3359498084 -2764865.955945449 -68727.26006546318 -1461081.6799740822 7404.119551674949 -2459587.716641983 -4129096.798220986 -306684672.7267127 -210298.83808044792 2186896.5054364637 -5979507.997708574 3922910.0122884023 -9999 -9999 4359440.353229041 6293204.221407749
2889298.5893498254 -829182.8725232125 186305.13502767525 -3434340.736184238 -16324258.48335121 -76455189.87308398 -3115409.2158695967 -44070173.29529057 -4410382.0716665 27879088.043523356 16451550.127446625 6069874.26675826 1408821.2984969276 52222540.79061195 -3128476.6081442093 -252104019.23990813 -44680914.426222764 102362274.61251475 -2170382168.1733766 101251383.91505773 108984.35502610731 226256.05229724027 -2798331.170483344 -6033434.478640276 175318.81227290124 2766699.5752869807 10323498.567120325 22866404.102820486 -1482924.9161279753 5255359.828737996 -14480674.26160838 -1214119.4770066452 1851074.7034480781 1651136.1017277024 -3510.1202959053358 -356316.86331516586 643008.0569769846 4371776.253702778 -167588.24717267556 -40988334.70018528 -3801579.0000018366 -4557204.035092286 -3635410.1850746493 -5952151.175316724 5161042.2412337465 -1404516.2859939693 -1946221.1365384439 1323053.6605106932 -332387.64025109017 -160964.74396295258 -152241.2391894335 -181823.74805025064 647835.8070991347 -24322383.832453214 3142615.7225902774 562829.2136200598 60944.363296313415 1464695.2794387282 41241.291308149295 -9999 3001375.5352274445 6093937.90220668
15118272.84731395 3128089.738524711 550264.5896665149 -771542.6163879724 -94336.93744607783 2158007.5557892313 346563.1103953223 -5010828.161380797 -703785.6355409856 -2911586.2421220313 -3467989.572860947 -1259010.0932499084 53729.39373628532 -113462.6362664302 -16188598.367160732 -677489.5519926008 -1674765.4011708528 -62511135.11783789 -29092170.272556324 -171857676.60668102 -57320.10834983103 -1170435.4798408644 -53408145.78988878 -754773.8637893874 5769216.294800926 20266839.681582514 19819985.8798435 -15863116.66615947 -73565251.76779465 -8939721.636433749 241742380.46190202 61344269.14085593 5725444.81350065 -1303494.6638606112 -179865.1329020693 -216315.09310509363 2816619.9368418027 10974540.461669005 818388.9565468128 -74421590.4638343 -7038632.724377573 -6161831.397797743 -6155403.5468221875 -3969421.719166464 -2437141.8021719577 -67721.32197655483 -1716300.4560936466 -231381.20666789328 -2148862.759016676 -1064048.3001932695 -200686.7117451008 -1560480.8902031775 -3545606.4131904338 -68894685.9367854 1544560.6590614694 620703.0853008084 554721.1623996976 151458.03652718876 -1470329.1995658993 4187380.805007246 3987762.4410519386 1742514.5811689978
10239980.567669079 8573822.89897978 9094906.895038625 8413573.693188546 11751322.842742708 2367937.6364248036 3494152.938488765 -2732997.739926312 3037993.34904833 3053131.7938278667 -3410455.2683950583 -1749441.8422297565 -2064446.0009531963 1771343.318578099 3515011.5114623155 -2631844.7937144632 -595586.9473696433 -5482104.112421239 19193944.0127151 -216743675.9223276 -170110774.14038244 -13975348.005633 -24837008.497704152 30094662.794286504 21902402.08603902 4938622.7255080165 24063253.918179404 -107011598.63145038 307265514.40137756 490663043.1853655 492586458.41794276 167564488.8599511 343358.5645091561 94719.50128886718 127090.06148465452 11405052.23316933 3061832.0393079706 -2628212.1101237303 51612.435577468474 -1385209.7568856494 -16259903.50781957 -2199035.2152291443 -6184431.021588169 -4300931.309073147 -4676380.591539457 -2187994.175495464 -667195.7569597499 -697549.2281775725 -31224.998224420393 -2123062.8024505973 -1273909.0009034702 2813914.2899169885 -841263698.7300729 -762143158.0400082 -1000176.620896661 -1667661.0483456473 325297.0754422533 -5539215.4266658 -735.0774182091773 9417178.96135653 1157367.6421465029 2251685.503880621
5067505.183762185 3263135.24323417 5455157.250189047 12361479.417903272 7815954.201626163 4080350.7816814426 2119269.709613238 2437458.7704215036 2529521.5601277435 2237956.181168301 -1069388.5346201067 578945.0789211473 454870.73818920134 1768641.5720478045 1462706.9826730944 -1412526.463492674 -340986.02410176414 -4324734.494451135 -38954270.6822498 -196508750.57013726 333780754.5558632 -76706838.6994999 17816882.764139384 5810525.266019141 5405222.545628608 16028393.319997558 48776656.22365568 389734412.5658692 106736113.76843302 475761335.87139565 77862301.00972834 2587066.2130010887 514353.2362145396 257913.1289893554 71401.33267162758 -833837.4485095205 39883.79635767249 76616.79975531058 -10672280.46568553 -380690819.1409997 -289480271.54584867 -26694246.627530996 -5267309.924810851 -2713752.5751606845 -6165026.790473331 -3081806.2782082306 -2812419.759068225 -4272729.504219246 -1635324.9579028413 -1013952.5427949666 793758.3158551556 8147273.378023387 -660894582.7205894 -67251505.37921235 -7646065.672525807 390435.23292007705 -37832.19042815241 -2583205.029601529 7883350.3727648165 228361.19790412168 482612.63754336897 748015.796321787
9824127.025700677 5350779.713832664 7757272.83284081 7757892.3280730555 8303405.828819949 3142337.571857527 1422162.0095056489 -2097949.805058236 3051632.500701879 4805320.088759316 2966541.9140725792 1194257.1705517073 1382631.6209173347 3209565.148300771 -76397.4725652709 33743.371598440375 54530.842083054624 28355888.973647233 524652.471972992 -106482821.31831083 206390253.716936 333065578.11421317 45774705.7372296 -499756807.4626238 112741180.9900907 -31798.61446193036 -77212441.82428502 121765104.46500681 193771405.6687017 68234571.4203102 -1303211.634271358 728158.730883559 292737.7085451598 -64194.761900103214 114252.25103171029 10594.57768538417 2564004.776513258 -9999 -9999 552052.3773375211 -306780.4536766157 -106757485.11287099 -66685503.833505325 -51720947.672455855 -82456005.92098282 -7052778.381381265 -36748268.42710372 -1766939.3830667627 -62909927.045080155 43725126.235867135 -23775850.87691043 -907084212.8036499 -1110083046.5892637 -225612713.4485154 -28779294.061457925 9450391.088787792 86238.70687566455 19038409.88845349 1261460.241440496 342516.041839734 723242.1013784712 1365795.9571318685
7497433.573304008 6325088.933713966 6710616.167008101 4274213.225146283 3573763.163472788 4240303.329544526 1684030.7294088355 1051719.7860020937 8875400.958267992 4373851.593244548 -813268.5526515949 219654.98242911155 1382363.6377678814 3086393.0953283026 738042.7071411823 2316983.3247341365 59551976.389947146 25109298.943279903 48815542.45709594 1800115.7025918264 3510165.4445889634 41481428.12057714 58568593.691075176 17166283.96166844 -87246208.9559882 -28640981.941253096 83339067.13689797 -9999 -76862788.87505916 -9999 -9999 72525.23923863666 97948.29018301514 157986.70676679825 89729.7427725885 -9999 1527724.0886771623 -9999 -9999 13559226.99801667 18315056.46629728 -41517159.860135965 -42713867.49049797 -12254940.206309916 18522401.474311065 20919351.708159067 -592513928.5173522 -802137325.5532147 125143593.60664092 216887.91835014572 -323463932.8103548 -680260948.2972198 -1013573463.315539 -873639839.2987564 -113443489.65184009 31925625.38764134 696834.6532863163 3946986.888115767 1057970.022082041 1237623.730449686 282546.5669264746 1462327.4869798378
4964549.3663396165 6022383.491475237 4788781.699247948 3961598.374699252 5661351.786796074 5498023.46493145 1620611.0380951464 11810160.584461074 -7366127.990605362 -10132755.054065337 3596126.7155786287 4573044.7430944005 2943206.0919244974 14914235.55430802 5485817.299564344 27575619.504354596 27631952.422998752 16660688.929752504 25114743.440106146 19397661.533070855 13804427.397704221 -38362353.740546815 -2113753.6186333313 -4116910.289101449 -4315952.464503185 41408645.53699643 226318.4020468821 117223.82669559447 -9999 341886.7731893848 -9999 215368.39293150272 -9999 -9999 -9999 -9999 6028.888242216704 -9999 -9999 -3548432.956530098 -20008.860773251436 -7965820.360329467 -30091434.00166744 -102499403.2322334 -148257834.91240397 2958316.810139176 -6058588.293286059 -639395897.3387953 -215571752.7142437 -9999 94598152.82822396 79024172.00900857 -251962954.84373736 -690056138.574946 -366922669.5553013 23664226.492897063 13822400.109423662 1957674.9421932662 767618.4341690992 -218488.9460603204 531260.0445517165 564677.9276524542
16753089.02927734 3622877.9240375333 5223789.4130344605 6804115.720415067 7817784.867432881 8317604.539119499 1881195.6344870455 9915670.708872633 1813602.9995266332 2729452.16004078 1644687.4245291515 9321086.30602577 19213586.17665933 89739574.30656764 29065717.11693714 23122251.78591376 12674743.523220666 6646200.393558061 -9999 10516312.023923472 33785546.37148311 68785966.98284745 56766778.489022434 9650590.8088553 4558641.981343803 77995851.6771175 -9999 -9999 -9999 -9999 -9999 -9999 -9999 -9999 -9999 -9999 -9999 6195.104034179123 -9999 3460142.9604939427 -9999 4900.908538421893 413079.3994330967 -10181774.384444078 -11544984.856646774 10284697.39070199 29095509.090541475 -4179072.866069496 -20181614.036387235 16778362.801408023 23520519.862160992 203113095.9920459 -163274139.72935972 -628320935.4957703 -106079772.9286889 -800871.584743354 -9999 204020.53222988278 2691395.495039706 3203659.698913756 5897879.5950686345 1304054.7182384485
2691432.396022347 2714043.358140273 22562342.64003773 3324527.621082966 28851930.108181037 5598229.513348047 2426492.730439287 8899893.676656982 3316400.387870879 1341905.4565732733 12046474.57263256 3717323.3279382265 26396255.471280582 16698114.965194397 4299173.01545342 30439973.440885324 30685649.706786443 29263813.368958313 8322004.747901376 10099908.941935105 224266.3881221412 45730317.56037462 217551.71808292653 579777.5196841854 -9999 238605.25049017344 -9999 -9999 -9999 -9999 -9999 -9999 -9999 -9999 -9999 -9999 -9999 -9999 -9999 2784472.611205276 2802965.796164672 11653.933614422971 9050232.275713224 4699964.343463204 2483729.7531159893 13816723.564915787 -19445603.78782661 -10518801.36032313 7170273.393619368 16893711.45731299 13256807.447163094 23232612.63070137 -246042539.83452198 -196496118.026867 -9999 -9999 29101499.48365532 14692289.395847222 12814783.770343632 673747.6983393455 9943583.048617518 4359794.801452216
5177316.797796804 7714240.512079354 28585024.300124854 36351444.46621208 44149417.377553634 9319863.810691701 6822982.178932016 7271865.489455945 1630881.4150624266 17820948.201937113 14183721.490137894 14503759.644314043 26537683.150801457 23441329.389077146 25255983.61866111 47699320.736150235 24859468.223268326 30483078.607098978 -9999 85283.19609471977 172092.85830940006 320918.7284600308 206703.24637272203 267495.30856103107 -27824.57312444443 -9999 21818.230239701134 -9999 -9999 -9999 -9999 -9999 -9999 -9999 -9999 -9999 -9999 -9999 -9999 6494.809463069724 1125718.0581742288 -9999 -9999 2920648.547355504 4483924.257504811 9662361.35120012 387050.7899923325 -41969456.274584845 65355543.23795362 60580883.774854794 12187285.272114426 69384832.18787597 -56093660.32280652 -4041191.6052829735 -769207518.2039264 -286988713.63280267 -18044.15907447106 8006.291040502624 10598690.074844267 7056335.678899947 4641077.343164588 6179740.795641856
7493780.009726737 9625405.538110634 6383622.547338478 42329359.21185034 9061284.663903564 6109869.027301963 5419549.522818182 15572793.03457698 23356026.465870596 30362628.52875797 19177506.08302153 32043267.139229827 24788891.074631374 14520952.148517603 30486521.573626462 17336433.30849584 29527863.111298878 6133372.18556224 203845.5761111767 217811.15862703766 287546.07895389496 316226.12121774483 312795.1236134374 211870.81785229957 233217.14795634235 -9999 224919.89292383622 170064.09008500684 -9999 -9999 -9999 285292.4133721749 -9999 -9999 -9999 -9999 -9999 -9999 -9999 -9999 -9999 -9999 3487.8290880694494 4131443.9515402946 -9999 -9999 227590.89808968303 -48183050.655476764 82206639.88245246 2016138.778873283 33629922.82494161 19937404.283292554 53588754.84224725 24584896.033570606 -79346.94612931834 2419.1469000765064 8741159.120016845 -9999 2709955.925963025 420623.20616824314 -9999 -2826733.5849999576
10234132.127741896 4493073.766385496 8251107.712995605 8784560.973582383 14179266.963172326 5422490.8901966605 22729908.3003237 34272030.98899654 31736103.67598722 34527971.898596145 8876216.103003975 16676192.513810607 -9999 37725465.73701163 36074916.83964466 22211458.003776196 22500293.112068146 66273.91360653336 67965.86680539524 33652.39146012881 -9999 -9999 239478.9497790075 -9999 -9999 -9999 206835.92644474842 -9999 -9999 -9999 213900.3279590668 -9999 -9999 -9999 -9999 -9999 -9999 -9999 -9999 -9999 -9999 -9999 -9999 2490461.5955955633 -9999 -9999 1795817.398812287 1370398.5316728489 -19324411.26920687 8798223.340851171 39089870.70552307 139754697.91493616 110378693.2095621 -272091.05856882693 -99805396.94371933 -9999 -9999 6225.8779203088625 2378.4595996448415 -766996.4418690437 -96386.01898939107 -2292261.471594776
