Model Version1.4/trunk/output/1999/nfix_agri.asc
ncols 720
nrows 360
xllcorner -180.0
yllcorner -90.0
cellsize 0.5
NODATA_value -9999.0
[rows 189 to 215 of 360, columns 248 to 309 of 720]
0.0 0.0 0.0 0.0 0.0 0.0 0.049411048254114576 0.051885997418139596 0.051885997418139596 -0.0009521562678855844 0.0 0.0 161111.95358281478 334915.88299678295 184374.84564210163 440994.5906834442 372376.7323910177 440695.2539988132 126580.22769180723 188509.1614380054 162772.3674313086 242407.3353277969 424908.2436305762 214728.85256996413 488352.4622656838 233315.71968053345 454524.78505000554 702874.6789352278 561420.0813750305 371422.511985363 450434.6176150285 115403.57540952018 308881.82406592544 1039583.7669559465 155891.8990478624 116658.0243520746 1569940.0 919160.0 0.0 -9999.0 -9999.0 -9999.0 -9999.0 -9999.0 -9999.0 -9999.0 -9999.0 -9999.0 -9999.0 -9999.0 -9999.0 -9999.0 -9999.0 -9999.0 -9999.0 -9999.0 -9999.0 -9999.0 -9999.0 -9999.0 -9999.0 -9999.0
0.0 0.0 0.0 -0.0006468807550845668 0.0 0.0033325761614833027 0.0008118001715047285 0.0 0.0 0.0 48899.56951902941 285562.34909042675 198849.30450542129 688387.2350301456 645180.5676286517 624137.2873682554 1304630.0 350319.2077870561 511183.4647599738 177045.11209193384 120233.96768209006 151369.84503305424 528210.4619669069 424150.6423905488 10575.821392950238 234799.0134200093 184444.03100612757 1087956.7122651918 548331.587478974 112970.26263402816 187777.47561706637 242478.8911423756 957405.4455762281 521641.56709301646 254147.88104237302 544517.5359348642 517383.9979135477 1720003.2563588377 110349.35333316028 65134.387009931525 2472480.7469939175 162050.39697434145 -9999.0 -9999.0 -9999.0 -9999.0 -9999.0 -9999.0 -9999.0 -9999.0 -9999.0 -9999.0 -9999.0 -9999.0 -9999.0 -9999.0 -9999.0 -9999.0 -9999.0 -9999.0 -9999.0 -9999.0
0.0 0.0 0.0 0.0 0.0 0.0 0.0 0.0 0.0 27236.242163018047 0.0 335817.3599257715 434215.47857585666 477647.2877205524 404178.4062972363 284817.42587273417 909911.7089847048 777705.1242060498 335275.4082258505 484781.48825784423 330948.3050539831 139428.7604373831 435638.77666889864 246746.5793456667 158427.7689515124 142206.12802063738 332959.0425262939 334890.35033413 161476.87304701793 81057.78048778916 64441.593383860716 50114.24209533099 100160.59152180882 190453.45416217681 109912.72445652104 98421.74328635086 46678.448793061776 47205.900605418254 107293.24411040166 31593.56393469905 2307700.0 1394030.0 -9999.0 -9999.0 -9999.0 -9999.0 -9999.0 -9999.0 -9999.0 -9999.0 -9999.0 -9999.0 -9999.0 -9999.0 -9999.0 -9999.0 -9999.0 -9999.0 -9999.0 -9999.0 -9999.0 -9999.0
-0.05014043270784896 0.0 0.0 0.0 0.0 0.0 4881.0018738452745 69496.03085330743 99001.63989262545 152051.45461945515 -0.0002807117853080854 85828.2738647603 429264.99566681904 143961.81796267966 235443.5765072134 352571.34969393717 1160260.0 356969.34693010163 62354.961944796494 826715.9748442951 369727.4272458765 224595.29330507372 55497.324432149646 8551.30554206192 12828.864960093837 244425.308196834 17211.595978148776 430504.666320747 377482.9888921456 -0.15054322252399288 56846.887177289 12061.567780323967 540658.4013214385 1523292.822169848 741906.6127021633 1385761.6902921996 559420.9606737973 280351.6886279348 73475.62725913303 120598.86459279043 1691841.667709428 3084350.0 0.0 -9999.0 -9999.0 -9999.0 -9999.0 -9999.0 -9999.0 -9999.0 -9999.0 -9999.0 -9999.0 -9999.0 -9999.0 -9999.0 -9999.0 -9999.0 -9999.0 -9999.0 -9999.0 -9999.0
0.0 32846.45996097643 0.0 -0.051507562697224785 0.0 0.0 0.0 17918.09686286586 250398.91546600917 567998.1091005703 122489.95135560015 584154.2965690454 91595.49795383937 504521.70368921635 726572.9838162032 713705.2605430812 1422670.0 798259.1920480565 686489.7887794003 487876.10403438576 787192.5095679258 571363.8769997186 246289.19036029725 323545.25694713905 191682.84167442558 15534.507628814812 3171.6189274556527 419425.4264524757 465816.4839061521 316422.64410277206 50897.42922880995 128509.98358134663 909370.142935775 2127700.0 893590.2550693204 1335975.2970887723 1491480.0 123493.54116651148 92445.41885302454 1035990.0 3339930.0 3327600.0 0.0 -9999.0 -9999.0 -9999.0 -9999.0 -9999.0 -9999.0 -9999.0 -9999.0 -9999.0 -9999.0 -9999.0 -9999.0 -9999.0 -9999.0 -9999.0 -9999.0 -9999.0 -9999.0 -9999.0
0.0 38286.85729987265 6.098179437685758e-05 0.0 0.0 0.0 0.0 0.0 -0.0014709627721458673 19755.85488281306 141801.01480107993 475635.77025584946 357136.7222985462 227512.37132415368 539572.0122520666 500790.23387846106 497226.8510433575 722050.2522895071 483508.5372844165 757404.9502955356 785251.2558550345 738212.6974865457 295339.2034607047 307448.3576666449 513970.50640962424 552670.8191747305 150194.51519730594 176557.0903319301 11249.552856535476 201249.34958676054 186289.11898791703 472852.34812157403 517268.7819522856 1534690.0 1910270.0 2549270.0 356969.6254928153 1145280.0 84445.4272154118 1170910.0 2272694.8761091568 2495017.7705379846 1244810.0 -9999.0 -9999.0 -9999.0 -9999.0 -9999.0 -9999.0 -9999.0 -9999.0 -9999.0 -9999.0 -9999.0 -9999.0 -9999.0 -9999.0 -9999.0 -9999.0 -9999.0 -9999.0 -9999.0
0.0 8406.964959629571 0.0 0.0 0.0 0.0 0.0 0.0 6613.400384691748 -0.0030883080908097327 293770.68219069566 302473.67576604814 475393.21555751876 364071.70579607796 711259.285660472 1877430.0 1675290.0 313493.59382650163 415223.1721195173 454296.9707039163 498084.1776341534 146673.55532076873 37361.386260974556 322360.18047338165 260649.28375183628 547858.5609431048 3063.667205574544 4651.546813944748 34403.42858871154 25108.732940580463 159653.49539110152 469157.70600816235 793221.0859678453 1406144.4673929561 1318502.4398805983 574853.6678312306 235113.58949379018 1039190.0 924968.0 1106690.0 1644388.9129259961 3519860.0 1063210.0 -9999.0 -9999.0 -9999.0 -9999.0 -9999.0 -9999.0 -9999.0 -9999.0 -9999.0 -9999.0 -9999.0 -9999.0 -9999.0 -9999.0 -9999.0 -9999.0 -9999.0 -9999.0 -9999.0
0.0 75169.00216662373 0.0 0.0 0.0 0.0 0.0 3298.0096434336447 -0.04912115269689821 69307.46514880871 202744.77215608145 616236.8881031815 468619.8666417835 284689.14148593636 236774.0516062284 1869110.0 1298490.0 1060220.0 861214.4362260776 495663.3244018529 388632.5161587803 311944.02313229506 439940.0148622181 372979.50651614426 489889.39257923386 27397.054993082245 17595.429810066882 12866.01178109512 5909.545715541448 20940.55862331341 6657.272583265149 32811.40420560975 102299.7209475424 72777.216033448 69458.30493122339 39237.3723131353 45508.87856918108 56927.36755222455 1348609.7157667966 2581890.0 1809253.434066263 3785440.0 71543.670173722 -9999.0 -9999.0 -9999.0 -9999.0 -9999.0 -9999.0 -9999.0 -9999.0 -9999.0 -9999.0 -9999.0 -9999.0 -9999.0 -9999.0 -9999.0 -9999.0 -9999.0 -9999.0 -9999.0
0.0 0.0 6432.965435870021 0.0 0.0 0.0 0.0 0.048681654276151676 9345.3016481097 17808.252117962482 411591.15833305195 186835.6803291553 640406.7907321609 516698.6043933962 822130.1924309096 1124708.767776311 1321329.1390993693 1595590.0 397451.43782014825 806430.3972778775 494745.0800364186 608281.9589691985 520813.86347207567 341185.0899650799 107404.62838749951 126250.24313387414 333465.9295505432 0.2972411826776806 -0.19934125072904862 7693.403289407608 41966.25967363041 44301.90121503174 184680.9792477797 190506.18035916565 253881.80618441058 101158.11343460018 138696.00393753126 2355020.0 1783450.0 2444890.0 2843680.0 2591320.0 -9999.0 -9999.0 -9999.0 -9999.0 -9999.0 -9999.0 -9999.0 -9999.0 -9999.0 -9999.0 -9999.0 -9999.0 -9999.0 -9999.0 -9999.0 -9999.0 -9999.0 -9999.0 -9999.0 -9999.0
0.0 35923.359350641105 154937.938232342 0.0 0.0 0.0 0.0 0.0 0.0 34468.32254030663 210232.84828169073 406288.57293731894 169025.24127991922 1303060.0 455734.84853495634 770111.0091398375 1322490.0 2140410.0 424915.3650627661 456383.8982613471 428217.734306253 378469.1585081652 531082.3833082402 221378.2921450792 43999.19525078553 143336.5366064441 383943.6650996868 38493.66290333506 42130.34155146207 43177.63031025429 581174.6779633932 1380650.0 3176.24719244102 6543.02651968319 2052.5455922080437 118767.4703369739 2019950.0 2521980.0 2758530.0 3640720.0 3803540.0 927134.0 -9999.0 -9999.0 -9999.0 -9999.0 -9999.0 -9999.0 -9999.0 -9999.0 -9999.0 -9999.0 -9999.0 -9999.0 -9999.0 -9999.0 -9999.0 -9999.0 -9999.0 -9999.0 -9999.0 -9999.0
320884.01860027655 527774.7331582671 690028.3225263756 30803.492169186968 0.0 -0.04535506873799022 0.0 17196.50298467039 14074.016277978335 320844.25224323175 222356.0241077304 337862.3210366382 226183.77701395785 1275210.0 1221100.0 272389.4890437075 1350560.0 1680150.0 746243.6152831243 421363.9372941869 116207.74986227287 614509.5200153035 804902.5590439333 265936.467514244 300096.0169217152 125967.08444108657 142817.2944339544 95830.73956215556 23201.27209550736 0.4397778421116527 474807.545243408 121787.51332115382 1009.3664555019932 3707.6975105536403 7331.552154007484 105839.71725529188 520113.5582721997 2251670.0 1940963.1052438614 4113170.0 1300880.0 -9999.0 -9999.0 -9999.0 -9999.0 -9999.0 -9999.0 -9999.0 -9999.0 -9999.0 -9999.0 -9999.0 -9999.0 -9999.0 -9999.0 -9999.0 -9999.0 -9999.0 -9999.0 -9999.0 -9999.0 -9999.0
938642.6581944977 935344.3962667366 822084.6176911845 206786.80331518006 179087.05453497136 0.0 60754.65222171173 198963.36984330582 229162.24878674326 405447.3949577633 194682.90792859055 255526.58015444526 470883.2892492848 1382050.0 613370.3982746018 229543.29676963645 1609620.0 1547090.0 568888.2234180999 381938.4451594749 237017.8627332807 536388.6442409371 316766.2758636544 429403.92266852065 -0.28607183159328997 14934.076782306249 35812.885619771376 320493.5814370931 27032.118804839614 26584.59817493416 246022.56387339806 160834.18704261712 21522.942322452436 48562.934478592826 29984.617370901164 108721.30850318493 1346140.0 1654520.0 3490832.583808585 1983630.0 -9999.0 -9999.0 -9999.0 -9999.0 -9999.0 -9999.0 -9999.0 -9999.0 -9999.0 -9999.0 -9999.0 -9999.0 -9999.0 -9999.0 -9999.0 -9999.0 -9999.0 -9999.0 -9999.0 -9999.0 -9999.0 -9999.0
644838.4226989384 895583.7849810784 556855.4976657078 190802.90500646067 7281.387158269339 0.0 235359.74142468564 509047.745039754 1165305.1081311344 332781.1813659945 125053.47973676267 274882.2942206828 468314.6505894092 1471030.0 1203332.9065516219 605305.1954260422 234457.10591897997 1578460.0 0.10354649869259447 488195.85128729534 452702.41153733403 308247.80174170714 747120.9272949619 1152899.2536160913 20943.06378111482 16317.124206852866 71074.78390436107 280790.57574528863 202460.98764860025 185473.27938778966 1662760.0 1127139.844436605 974214.0 1014660.0 91844.93005283293 2632550.0 1444331.9462594818 872891.7346951202 727471.0 -9999.0 -9999.0 -9999.0 -9999.0 -9999.0 -9999.0 -9999.0 -9999.0 -9999.0 -9999.0 -9999.0 -9999.0 -9999.0 -9999.0 -9999.0 -9999.0 -9999.0 -9999.0 -9999.0 -9999.0 -9999.0 -9999.0 -9999.0
208748.78183050692 486730.3249592725 689835.1751053676 366708.51285462116 0.0 0.0 102769.75683597119 333881.41815148876 680946.7506023569 320301.19467168534 585518.8560173875 236790.2250977222 170017.569609689 1759620.0 1636210.0 1399380.0 1539720.0 1502580.0 414435.86994941003 595628.0391312322 290934.68339608354 710380.8717337693 156786.82559234835 402146.06369142805 28480.134278413898 67515.00036651839 60341.50030569936 287982.8824457733 1343094.322052225 2074646.2230299287 1492101.2769316148 1377740.0 1125250.0 376862.6406849313 1064970.0 1180360.0 1372342.645109846 1042180.0 -9999.0 -9999.0 -9999.0 -9999.0 -9999.0 -9999.0 -9999.0 -9999.0 -9999.0 -9999.0 -9999.0 -9999.0 -9999.0 -9999.0 -9999.0 -9999.0 -9999.0 -9999.0 -9999.0 -9999.0 -9999.0 -9999.0 -9999.0 -9999.0
961677.2589105405 741184.4292912014 330803.43932353787 22181.91018060028 0.0 0.0 98903.32900995563 329939.54116800625 364530.06745868654 1304673.0618285455 410243.6642150844 307575.9493105359 511395.3087160678 1534420.0 1304620.0 1527430.0 1474960.0 1785830.0 1234540.0 283164.2757402292 462082.09208784904 1168150.0 297750.84594688285 547602.4275206218 1187688.4948533946 27104.272095703287 34789.193663719925 47220.8289486618 2385760.0 1265855.798453885 264700.31411820394 1667360.0 1260460.0 588165.5835727679 1251832.02423105 1413700.0 1641680.0 0.0 -9999.0 -9999.0 -9999.0 -9999.0 -9999.0 -9999.0 -9999.0 -9999.0 -9999.0 -9999.0 -9999.0 -9999.0 -9999.0 -9999.0 -9999.0 -9999.0 -9999.0 -9999.0 -9999.0 -9999.0 -9999.0 -9999.0 -9999.0 -9999.0
1209027.6502982564 705928.3073890555 50557.93076785173 25488.283538836593 0.0 35939.973724379815 43762.7336303972 290346.6024933518 485009.70877097704 295843.71920783597 671096.9012606423 616220.7276728901 1330770.5555728138 1292720.0 462132.83201652416 1276260.0 1790270.0 1929920.0 1362500.0 323567.06408674346 651576.004257943 271137.93655248417 744406.0014334904 436225.9209435105 2038790.0 826318.3271036954 414805.568054651 1471711.6868584433 1588070.0 396690.7427213829 273263.2566539063 1081814.5899200244 849726.8517759149 1347130.0 2162530.0 1073201.1114517176 609979.0 -9999.0 -9999.0 -9999.0 -9999.0 -9999.0 -9999.0 -9999.0 -9999.0 -9999.0 -9999.0 -9999.0 -9999.0 -9999.0 -9999.0 -9999.0 -9999.0 -9999.0 -9999.0 -9999.0 -9999.0 -9999.0 -9999.0 -9999.0 -9999.0 -9999.0
3061140.0 405437.5340577087 1333337.593078493 17472.564917011783 251444.0 750379.0 416833.8298187329 603972.3356323319 524225.9073472461 1690670.0 285819.9016881266 1173440.3671264085 1762490.0 1599850.0 1503050.0 306606.7241286554 1564920.0 1222010.0 1639700.0 746986.9424422738 523282.87125986005 247900.02152971423 556531.6705316073 720136.466560031 1980170.0 1860130.0 1335814.962253469 1610557.4720199972 2264051.5499496763 187216.81729101 208532.4421391508 405022.83187789307 299158.27301178774 1894560.0 469272.20994541916 1257110.0 -9999.0 -9999.0 -9999.0 -9999.0 -9999.0 -9999.0 -9999.0 -9999.0 -9999.0 -9999.0 -9999.0 -9999.0 -9999.0 -9999.0 -9999.0 -9999.0 -9999.0 -9999.0 -9999.0 -9999.0 -9999.0 -9999.0 -9999.0 -9999.0 -9999.0 -9999.0
1810407.8538515694 1711220.9715658065 319370.3448334645 1419525.0446322025 1438392.7826543264 314467.9521027038 792207.4024955598 1909839.962615935 1540138.925628825 1455220.0 1091355.7384873552 2018560.0 2025720.0 1726530.0 1780390.0 2255320.0 1563770.0 2213290.0 2161460.0 1531620.0 449180.9145214718 304937.44898997375 374617.5752567333 1783430.0 2048440.0 1438180.0 1648059.3466002666 1793523.7483979817 1177504.5532794073 628668.7501132991 1616737.0536040918 1099502.4863428099 891114.4443907707 1383041.239013709 168829.78460662608 -9999.0 -9999.0 -9999.0 -9999.0 -9999.0 -9999.0 -9999.0 -9999.0 -9999.0 -9999.0 -9999.0 -9999.0 -9999.0 -9999.0 -9999.0 -9999.0 -9999.0 -9999.0 -9999.0 -9999.0 -9999.0 -9999.0 -9999.0 -9999.0 -9999.0 -9999.0 -9999.0
1529830.1883324205 1347526.9157601455 1742841.2149398255 784111.2512971384 1459963.3339691162 2528860.0 1811464.7486876138 2368322.590599287 1945600.0 151319.2343605822 1830970.0 1994190.0 1911040.0 1912670.0 1723620.0 1050334.929808654 1194440.8458161461 1028549.8896042386 1425751.9370676745 1296860.0 475827.0185852793 645616.1138161826 456986.4825058454 1868280.0 2348500.0 2360430.0 1501570.0 2885570.0 917053.9212978538 710977.5836560456 158205.34738105373 679593.5785674759 2223140.0 634284.6116621796 249536.0 -9999.0 -9999.0 -9999.0 -9999.0 -9999.0 -9999.0 -9999.0 -9999.0 -9999.0 -9999.0 -9999.0 -9999.0 -9999.0 -9999.0 -9999.0 -9999.0 -9999.0 -9999.0 -9999.0 -9999.0 -9999.0 -9999.0 -9999.0 -9999.0 -9999.0 -9999.0 -9999.0
1740772.3608970204 2318730.0 2457200.0 2484880.0 2681360.0 2307020.0 2240050.0 1896460.0 1580660.0 1067023.834648185 2084660.0 2024770.0 2046980.0 1957030.0 1754900.0 1285130.9667014633 810477.1337879191 1004141.1970151055 1167542.6428989056 735854.1163639606 334477.29611193703 601173.9430611823 1461540.0 1463630.0 1920440.0 2101500.0 2274500.0 2336963.8314247183 379186.3167408267 469493.90621899907 612870.1040650905 515758.53660545964 1874050.0 483136.56475898554 20328.9 -9999.0 -9999.0 -9999.0 -9999.0 -9999.0 -9999.0 -9999.0 -9999.0 -9999.0 -9999.0 -9999.0 -9999.0 -9999.0 -9999.0 -9999.0 -9999.0 -9999.0 -9999.0 -9999.0 -9999.0 -9999.0 -9999.0 -9999.0 -9999.0 -9999.0 -9999.0 -9999.0
1718770.0 2654720.0 3039510.0 3371290.0 3262610.0 2087220.0 2597420.0 1746200.0 1744970.0 1865330.0 2297850.0 2749180.0 1377393.1626899089 2670620.0 2038320.0 1890690.0 1117975.8583848625 411065.55656463746 611291.2789902547 679870.0815567379 934881.6757972736 1374930.0 1293853.0526727098 2373110.0 2488140.0 1854110.0 2173396.322822516 2344170.0 2674730.0 2222730.0 1925660.0 860368.0266182686 1409240.0 180785.00623751117 -9999.0 -9999.0 -9999.0 -9999.0 -9999.0 -9999.0 -9999.0 -9999.0 -9999.0 -9999.0 -9999.0 -9999.0 -9999.0 -9999.0 -9999.0 -9999.0 -9999.0 -9999.0 -9999.0 -9999.0 -9999.0 -9999.0 -9999.0 -9999.0 -9999.0 -9999.0 -9999.0 -9999.0
2095080.0 2647280.0 3393760.0 3523950.0 2639580.0 2447440.0 1843460.0 2011870.0 1891280.0 2167690.0 2309950.0 2184450.0 2949180.0 2525980.0 1005837.4259572638 744570.5694580073 1038498.3293157535 1609760.0 1861170.0 433613.07044862467 1293010.0 728619.6437429325 609362.8317241359 2161680.0 2318850.0 2465140.0 2284730.0 1662350.0 1442660.0 1671160.0 758915.8005530485 667659.9244324119 677084.3531043332 354216.01814249496 14141.1 -9999.0 -9999.0 -9999.0 -9999.0 -9999.0 -9999.0 -9999.0 -9999.0 -9999.0 -9999.0 -9999.0 -9999.0 -9999.0 -9999.0 -9999.0 -9999.0 -9999.0 -9999.0 -9999.0 -9999.0 -9999.0 -9999.0 -9999.0 -9999.0 -9999.0 -9999.0 -9999.0
1897200.0 2876830.0 2078220.0 1903870.0 2049070.0 1790390.0 1687100.0 2329650.0 2945470.0 2830660.0 2188110.0 1546636.1676024883 2675760.0 2255280.0 1501791.049728161 1583670.0 1243990.0 977814.6674335343 1855390.0 353222.10502675443 259443.51066608576 1443790.0 1440560.0 1977880.0 2871210.0 2704780.0 1897850.0 1690470.0 1595220.0 813430.6134794876 416217.8020798725 530123.9094536435 954088.6988842129 906144.9573516859 53217.75113672715 -9999.0 -9999.0 -9999.0 -9999.0 -9999.0 -9999.0 -9999.0 -9999.0 -9999.0 -9999.0 -9999.0 -9999.0 -9999.0 -9999.0 -9999.0 -9999.0 -9999.0 -9999.0 -9999.0 -9999.0 -9999.0 -9999.0 -9999.0 -9999.0 -9999.0 -9999.0 -9999.0
1363870.6719204634 2451170.0 2706880.0 1925460.0 2446770.0 2123910.0 2425730.0 2649700.0 2336680.0 2160830.0 2835570.0 2480000.0 2842410.0 3048970.0 2400200.0 1404019.871978089 3339150.0 2215260.0 1643870.0 2054590.0 1545830.0 1385910.0 1168960.0 1598390.0 2403480.0 1829780.0 1171440.0 2476890.0 1888270.0 1967160.0 1530320.0 633887.680739939 1947845.6608009795 565177.92644546 6231.490406822499 -9999.0 -9999.0 -9999.0 -9999.0 -9999.0 -9999.0 -9999.0 -9999.0 -9999.0 -9999.0 -9999.0 -9999.0 -9999.0 -9999.0 -9999.0 -9999.0 -9999.0 -9999.0 -9999.0 -9999.0 -9999.0 -9999.0 -9999.0 -9999.0 -9999.0 -9999.0 -9999.0
1179770.0 2159980.0 2593190.0 2291180.0 2662060.0 2196600.0 2495770.0 2321220.0 2525350.0 2952670.0 2340910.0 2305830.0 3299980.0 2173790.0 3304910.0 3502810.0 3019030.0 2422260.0 1822420.0 1643490.0 1547940.0 1411380.0 1504410.0 1352000.0 1980960.0 1691750.0 545779.4869995806 2202590.0 2178150.0 1835830.0 2365080.0 1863650.0 666390.1669306458 1044130.0 -9999.0 -9999.0 -9999.0 -9999.0 -9999.0 -9999.0 -9999.0 -9999.0 -9999.0 -9999.0 -9999.0 -9999.0 -9999.0 -9999.0 -9999.0 -9999.0 -9999.0 -9999.0 -9999.0 -9999.0 -9999.0 -9999.0 -9999.0 -9999.0 -9999.0 -9999.0 -9999.0 -9999.0
850007.063408053 2209530.0 2923850.0 2481320.0 2177600.0 2254680.0 3060250.0 2870730.0 3179030.0 4251120.0 3569390.0 3073660.0 2698280.0 2504110.0 2617690.0 3012590.0 3498420.0 2575100.0 741279.1188790924 1415350.0 267951.2923422104 1189970.0 1815460.0 1547130.0 1568800.0 1453330.0 1642250.0 1560860.0 1874400.0 2221120.0 2162480.0 1212405.451165007 626323.5368354426 489288.29492255306 -9999.0 -9999.0 -9999.0 -9999.0 -9999.0 -9999.0 -9999.0 -9999.0 -9999.0 -9999.0 -9999.0 -9999.0 -9999.0 -9999.0 -9999.0 -9999.0 -9999.0 -9999.0 -9999.0 -9999.0 -9999.0 -9999.0 -9999.0 -9999.0 -9999.0 -9999.0 -9999.0 -9999.0
643227.9033655669 1598620.0 3476920.0 2454680.0 2556530.0 2433920.0 2620420.0 3212200.0 2921380.0 3528570.0 3163430.0 3390230.0 3907090.0 3362840.0 3173930.0 1189572.2256465214 1407852.2771823865 2939080.0 1484970.0 1256240.0 1504050.0 1530590.0 573457.6387038066 1374260.0 1049790.0 1346820.0 1217770.0 1513810.0 1779810.0 1974710.0 2059960.0 2019910.0 468789.81997739983 183852.79005328426 -9999.0 -9999.0 -9999.0 -9999.0 -9999.0 -9999.0 -9999.0 -9999.0 -9999.0 -9999.0 -9999.0 -9999.0 -9999.0 -9999.0 -9999.0 -9999.0 -9999.0 -9999.0 -9999.0 -9999.0 -9999.0 -9999.0 -9999.0 -9999.0 -9999.0 -9999.0 -9999.0 -9999.0
