Model Version1.4/trunk/output/1999/nh3_ef_man_agri.asc
ncols 720
nrows 360
xllcorner -180.0
yllcorner -90.0
cellsize 0.5
NODATA_value -9999.0
[rows 140 to 167 of 360, columns 320 to 383 of 720]
-9999.0 -9999.0 -9999.0 -9999.0 -9999.0 -9999.0 -9999.0 0 0 0 0 0 0.6412169701608975 0.4911463409055612 0 0 0 0 0 0 0 0 0 0 0 0 0 0 0 0 0 0 0 0 0 0 0 0 0 0 0 0 0 0 0 0 0 0 0 0 0 0 0 0 0 0 0 0 0 0 0 0 0 0
-9999.0 -9999.0 -9999.0 -9999.0 -9999.0 -9999.0 -9999.0 0 0 0 0 1.1131154965777685 0 0 0 0 0 0 0 0 0 0 0 0 0 0 0 0 0 0 0 0 0 0 0 0 0 0 0 0 0 0 0 0 0 0 0 0 0 0 0 0 0 0 0 0 0 0 0 0 0 0 0 0
-9999.0 -9999.0 -9999.0 -9999.0 -9999.0 -9999.0 -9999.0 0 0 0 0 0 0 0 0 0 0 0 0 0 0 0 0 0 0 0 0 0 0 0 0 0 0 0 0 0 0 0 0 0 0 0 0 0 0 0 0 0 0 0 0 0 0 0 1.7037643142053915 0 0 0 0 0 0 0 0 0
-9999.0 -9999.0 -9999.0 -9999.0 -9999.0 -9999.0 -9999.0 0 0 0 0 0 0 0 0 1.329732730831214 0 22.159076015479133 0 0 0 0 0 0 0 0 0 0 0 0 0 0 0 0 0 0 0 0 0 0 0 0 0 0 0 0 0 0 0 0 0 0 0 0 0 10.01199276125578 0 0 0 0 0 0 0 0
-9999.0 -9999.0 -9999.0 -9999.0 -9999.0 -9999.0 -9999.0 0 0 0 0 0 0 0 2.80133759999328 1.1253356991620944 4.12236685061877 0 0 0 0 0 0 0 0 0 0 0 0 0 0 0 0 0 0 0 0 0 0 0 0 0 0 0 0 0 0 0 0 0 0 0 0 0 0 1.425803041930995 0 0 0 0 0 0 0 0
-9999.0 -9999.0 -9999.0 -9999.0 -9999.0 -9999.0 -9999.0 0 0 0 0 0 0 0 0 0 0 3.3027550708743725 2.41186211637859 0 0 0 0 0 0 0 37.427347148526415 0 0 0 0 0 0 0 0 0 0 0 0 0 0 0 0 0 0 0 0 0 0 0 0 0 0 12.452824109800012 0 2.680099144289515 5.1255626891320425 0 0 0 0 0 0 0
-9999.0 -9999.0 -9999.0 -9999.0 -9999.0 -9999.0 -9999.0 0.18296482836585296 0.18505249568212967 0.19091660068815233 0.21153945607918878 0.23366603082575213 0 0 0 0 0.6180815331929415 0 3.5195430292718672 0.7675819318289262 0 0 0 0 0 0 0 0 0 0 0 0 1.7305784867427063 1.3265729724298585 1.277376457052418 1.1901039509433682 9.234122580394406 0 0 0 0 0 0 0 0 0 0 0 0 0 0 0 18.50406339419444 4.5674240087426545 0 1.3462198497009255 0 0 0 0 0 0 0 0
-9999.0 -9999.0 -9999.0 -9999.0 -9999.0 -9999.0 -9999.0 0.604519098041593 0.5693086881384718 0 0 13.407620502931884 0.30441704704812494 0.3817571520302067 0.25588338928115667 0 0.5622433765359949 3.2963055782841018 0 6.899281184241122 0 0 5.085583767755645 0 0 17.407114796474723 4.396523969360469 0 0 0 0 4.061483416492669 0.3241510770634192 0.48559324564945866 0 0 0 0 0 1.9535590780218348 0 0 0 0 0 0 0 0 0 0 0 0 0 0 17.305558074462475 0 0 0 0 0 0 0 0 0
-9999.0 -9999.0 -9999.0 -9999.0 -9999.0 -9999.0 1.7656861469760938 0.3915327306959573 0.33113852138514305 8.225169686472093 19.064527681669055 0 0 0.30261136651119375 0.2932071989779528 0 0 0 0 0 1.047773828764966 0 5.7200659753876115 0 0 0 0 0 0 0 0 0.7579931343394934 0 0.9493772954967313 0 0 0 0 0 0 41.26076556999295 0 0 0 0 0 0 0 0 0 0 0 0 0 7.6459260854265905 0 0 0 0 0 0 0 0 0
-9999.0 -9999.0 -9999.0 -9999.0 -9999.0 0 0.20934628092900642 0.18622023582509534 1.3337818705922868 1.353494813218136 16.07543431262871 0.17622305423642226 0 1.303107453346653 0.3043949724132498 0 0.62020398415878 0.2877830010254423 0.38326435241306434 4.621325555400114 0.3504689181624736 0.19052319585792316 0.20731411584961426 0.20920909646171593 0.2571994133916744 0.3052720945809794 0.3579077210014848 0 0 0.5568576598369235 0 0 0 0 0 0 0 0 25.032849585262788 40.43628287429753 0 0 0 6.713336797295734 9.748054916327147 0 0 0 0 0 0 0 0 0 194.68880286212288 0 0 0 0 0 0 0 0 0
-9999.0 -9999.0 -9999.0 -9999.0 -9999.0 0.252555950804876 0.24521694939597627 0.23553161690343408 0.6185237427360344 0.4680334712361922 0.5542879055181049 2.4091024545296986 14.21234830744693 8.76677790121529 0.5145993576527075 0.6315424165781394 0.23931490409641598 0.25416746191499356 0.2274364530302605 0.34110591144846436 0.24462356088263312 0.24279646361898424 0.2188977091710543 0.22358027747357398 0.21470350589532095 0.19622750240518658 0.21010325871249966 0.18739269826844093 0 0.3010501141929901 15.839499348980583 0.18976071013939932 0.2938958932294931 0.3441709733496553 0.3573968657302282 0 0 0 94.88431467369622 23.624187111063662 25.47123190129404 1.6573648674153836 4.9237042081812055 14.994496971406532 0.2803771286392313 24.842419586389052 0 0 27.00545978890708 9.692528101827156 2.98600435241833 1.3572632928053825 27.126642512552753 0 2.6499853755222214 1.229794137632016 0.44487035271284137 0.7002251661599912 0 0 0 0 0 0
-9999.0 -9999.0 -9999.0 -9999.0 -9999.0 -9999.0 0.2531040056290202 0.253728974644404 0.23895174826837362 0.2471888152053917 0.4336751643317799 0.3365978705739302 3.0954056088853923 0.2745776028441609 0.19664374592048034 0.19796744210416325 0.27163263323581816 0.21894352743857382 0.18694228345036684 0.5508500700554169 0.22493741794081692 0.22024588835802753 0.2667649442866758 0.41430104332270484 0.18667406885183901 0.2638414876226679 0.24044113616158516 0.29072483934605153 0.5384672558020474 1.3804982785436761 0.18556133996918936 0.2707932544482566 0.24637014862919593 0.2918523439289637 18.406848104101417 0 0 0.17435489601635146 0 0 79.85857451425898 0 0.8899705615386205 1.975566010277964 0.2788161569390023 0.46134137525771296 0 0.4851275984620454 0.4735062311185841 0.2771200397334292 3.0297726343500133 0.3626088164505384 0.30710586237365356 0.3710600265110665 0 0.313300753021093 0.5065775472391544 0.26563412875822406 0.44355268996925407 2.1972832029887233 0 0 0 0
-9999.0 -9999.0 -9999.0 -9999.0 -9999.0 -9999.0 0.34596324732036143 0.2602561243808719 0.23325504341874942 0.22887941021441424 0.22144487931258908 0.1996914572832099 0.2026925731301559 0.3892505797044101 0.35975903060701997 0.6212516765500742 0 1.3697864827214838 0.18685689751989895 1.3703639753189134 1.8355149649693936 0.7685651108412908 0.3631449564306084 0.19977498710843677 0.2208709712780709 0.24545869020761835 0.7060814049736 0.2267767338856192 0.19140161814991277 0.5350069396788103 0.26447367231580776 0.22675447528314624 0.20018263589072355 0.21821866458590558 42.25481547188476 67.49105404138525 0 0 0 211.44780067974753 0 1.3695570600645002 0.8279693240722595 1.1028301626991184 0.654623362973095 0.7319581537078451 0.3171306935723351 0.3203364095512208 0.6200578974719185 0.6797294507472698 0.9243848043746613 0.8242455142985663 0.2789650411003491 0.2655249707720067 0.25991559841101425 0.263158270029265 0.2694367152085277 8.169094372398979 0.45645294872300374 0.3354621087853973 0.5403749135357957 1.2286828875749558 0 0
-9999.0 -9999.0 -9999.0 -9999.0 -9999.0 -9999.0 0.2887405564990326 0.25503421269036974 0.20085708392267823 0.3823974169832126 0.2642265822399458 0.21687204859782327 0.3285430213158839 0.6212154399178528 1.7564155703734854 1.976168079547339 4.000407868522717 1.4188012508058812 1.223506981242738 1.60403671032133 0.26417496739537766 0.2511448728032904 0.4124939726785462 0.20050238773938206 0.2022600432680418 0.21922984836621984 0.22373374331448273 0.21847970095689656 0.245124379203404 0.20826687969748692 0.21402492493811248 0.2008755206769599 0.2167230686513148 0.22383631637213272 0.6388046428031207 1.131596445091447 2.1393788862174477 0.5828013172252853 11.985496417496108 6.397268956533789 4.58753447358736 0.4651449962622417 0.2622901385319102 0.2973797912558823 0.312655211825666 0.28392486377485054 0.23460179072773993 0.22815424198274215 0.3969165705716517 0.16509760465295348 0.4040146970225479 0.4856503109991838 0.42569100812396254 0.22233241003061008 0.2181771547884596 0.3909085867743242 0.23880832834919544 0.25234960085563535 0.27445409848720437 0.2390824388013466 0.9752092350293537 0 1.1312512368489918 1.3463741482064904
-9999.0 -9999.0 -9999.0 -9999.0 -9999.0 -9999.0 0.3264843401436071 0.2699713305133083 0.2380540846303009 0.28334245249282525 0.27616056939772254 0.3317241731640465 0.45800420636448874 0.41596205692958804 7.100004544417258 1.6068002848451501 3.0492899160124387 3.557442319489095 0 1.3573055313336364 0.2862581846450298 0.31040914587786617 0.3193672116141443 0.2606907440791897 0.2487345025741069 0.20096050187632822 0.21639324552677536 0.2104948662199275 0.2332505360039336 0.22339157686909322 0.22076277123245164 0.30944721368141587 0.38433582932724625 0.21573502769999858 0.4647577447028034 0.2095640255219274 0.5271359672110985 0.20856651028468787 0.6504458173760145 0.4389205958657044 0.5561115347148021 1.022894980938 0.26543533577056555 0.22165510789094284 0.21255483002556086 0.22332409320115204 0.22202191434031218 0.2154411763788618 0.331159802349351 0.1947184910300502 0.23122681237746368 0.2691171102230696 0.24214320390976907 0.22651464651932132 0.21913154238689925 0.2265412311102082 0.20959393744468682 0.38400630281831893 0.3847831049503452 0.42059561093651404 0.568097687105255 0.5907567151083948 0.5930971156139843 0.6919541404592587
-9999.0 -9999.0 -9999.0 -9999.0 -9999.0 -9999.0 0.19092706418619854 0.4362230992256035 0.24012930105393215 0.24254407794724553 0.23434819222504377 0.2253457483274822 0.24227803957782032 0.8006583091488004 0.5414496136956626 0.6873157490171619 0.2507467849194024 11.226637289164914 0 0.7303986520108714 0.6814724284675782 0.6524361741422707 0.3149658141843382 0.21995722371243978 0.20836931746517628 0.19881904996704397 0.21160152142301022 0.20653648519294743 0.2083298315343433 0.20995265243611988 0.2123158704341782 0.29338139454305867 0.2910418736087449 0.2099540103768349 0.20605363081545688 0.24444148936058158 0.2487102528651398 0.3266952706603955 0.23445432049778217 0.23820950123100035 0.4155028103793255 0.3125693187594773 0.4956849811833711 0.36438854075198945 0.19411231363789885 0.5603639682452504 0.40936437187228497 0.3222641685263642 0.37356588762037357 0.21197737714792153 0.24378538782760786 0.20572095955689707 0.20320239989820033 0.2505136109454155 0.24845973038645733 0.3251949946978716 0.26192253791517955 0.29808448432899404 0.3128079905330163 0.3899889906127991 0.4151272535024806 0.44941588802407195 0.48156306855466147 0.4516432490436515
-9999.0 -9999.0 -9999.0 -9999.0 -9999.0 -9999.0 -9999.0 0.2132595205709842 0.32341631825800893 0.3614134394951278 0.21988429844532417 0.5683404843854807 0.44352542207114876 0.664848061888518 0.7440364306831954 0.24287632921371047 0.2481520012887174 2.2571745982599545 0.5377664404615574 1.023028195997496 0.5143458352090287 0.40161111233675373 0.2544230613977149 0.2030150117985014 0.2019886025322478 0.2006799676022737 0.2192575304670218 0.21047295810872985 0.20991251815457232 0.1950636849915446 0.3185830295232084 0.2403424626068034 0.19610925377276167 0.31523463569131416 0.21124944126765186 0.2863838428681859 0.27633581507413346 0.2508471298703793 0.2622186644858067 0.25338658680946596 0.3715409728601816 0.7441103278818142 0.6045207050024864 0.40273150990823314 0.3090393672235888 0.33755731108223896 0.22853303855388316 0.25397659271809647 0.2147672719937002 0.21692102126681684 0.21251297222464424 0.1988229212559562 0.21922043357393955 0.22049519919561733 0.2802670450965955 0.3496199522662341 0.3498700719378891 0.3610492902611269 0.3406787123627852 0.28228115202238957 0.26166516696684267 0.22992249103961476 0.2315232322027461 0.240341089700157
-9999.0 -9999.0 -9999.0 -9999.0 -9999.0 -9999.0 -9999.0 0.23347909917711132 0.27754358944160246 0.42836101753378153 0.2291678196211355 0.24522795901416244 0.23198886257812318 0.2419757339624858 0.31214706252307 0.4156723049332157 2.1108570765684243 0.242205879756216 0.47315956809654847 2.9303461587272213 52.81299474931751 0.3358131685940711 0.24433761672948257 0.20172644258897288 0.19900331246839162 0.21143929934875214 0.2023961726433639 0.21245102773387695 0.20617305912926367 0.202635237260953 0.1891172988096776 0.20534532082756823 0.38218953051546595 0.41871809938829424 0.42864324258241443 0.26809055919058195 0.34092607654504903 0.4959182677690294 0.23340506668245753 0.2745260983201248 0.2588671067787476 0.4956435796917223 0.9959297068022585 0.8889383410722045 0.21182467255126297 0.3733354510474462 0.3586970162794559 0.19162499238544436 0.21654134068599867 0.22056944360053737 0.250661931788653 0.24895944737669742 0.23607592745298506 0.2134005783264046 0.2971863177991376 0.3610103844712057 0.34279671915865045 0.29940411019692464 0.2664247912649141 0.34273266344709297 0.2848776776901888 0.23010034296755322 0.2499754592747577 0.2188770617991234
-9999.0 -9999.0 -9999.0 -9999.0 -9999.0 -9999.0 -9999.0 -9999.0 -9999.0 0.20801186202573765 0.3059950407935692 0.2762624672457372 0.25243373998577623 0.23587926873503623 0.29726201972771354 0.23970992190782625 0.7410993235517679 0.24111298850519625 0.2441625130432951 3.3370432680699706 0.6798507754566853 0.5439428273836964 0.6013163624111498 0.3059641381310624 0.30613854026276643 0.1755718877025134 0.1964069438289821 0.21225079140248113 0.20445003155943256 0.29382046314115 0.30265136866926534 0.33808743869687286 0.39565853573259857 0.37221727011113853 0.19408313101490557 0.19291466525614545 0.18305851750729185 0.18380948818566867 0.20147288252920126 0.22785524221350997 0.17912221863138625 0.1914118482378334 0.3376436938492826 0.447506148419909 3.680583803528897 0.4214688612515586 0.4933083432203467 0.22087824793632088 0.1923131740169116 0.2116278221818429 0.22924526561301367 0.23617799425830546 0.21967439086617574 0.21739170486932222 0.2328873060352308 0.2889075971797684 0.298552789059654 0.23611064494001435 0.22088010563500413 0.26662189085938226 0.2156582283997305 0.20534162226633942 0.21602615889422228 0.21146774671769777
-9999.0 -9999.0 -9999.0 -9999.0 -9999.0 -9999.0 -9999.0 -9999.0 -9999.0 -9999.0 0.42409845723272566 0.28674293601095063 0.23453689375991768 0.23390027225275667 0.34689535580179254 0.35638466708681016 0.24086543001009159 0.2427091037227966 2.081166334037729 8.776531871862897 0.2509128662798231 0.5756664837771637 5.436678879249318 2.4582535521760227 1.9243711267265782 2.145394793850362 0.23406216808894756 0.24845288453699405 0.26890632961064004 0.2757586051434026 0.5387854235145135 0.8837860969105501 3.624590967311578 0.5962962346775514 0.18646662489204294 0.18197963750506918 0.619376446742344 0.18115635903972843 0.20000401681110042 0.22098825054785426 0.20550591262321896 0.2229983491396238 0.3294470140800944 0.38002216654309806 0.3973539379550279 0.44302847644465543 0.3910635316842364 0.41072100368167663 0.3122892643345833 0.20394626630190957 0.22637432590422665 0.2061673508553128 0.23160819316292738 0.2233274521101682 0.21330547339599262 0.26184420475153775 0.2225702334156949 0.28102636741322984 0.22013593052398403 0.23506305427315677 0.22765329681159363 0.238345244009034 0.2866947257072817 0.21092161766180526
-9999.0 -9999.0 -9999.0 -9999.0 -9999.0 -9999.0 -9999.0 -9999.0 -9999.0 -9999.0 -9999.0 -9999.0 0.2590745157527808 0.3160735482530718 0.26796010307416523 0.6971670250498742 1.5065570212669315 2.0347038741337427 0.25013192332810946 0.25114674047244423 4.409680841835958 20.978964449853514 5.52691593604036 9.12702457135263 3.9034343652148613 18.239608701222398 0.21623319168984992 0.23842182797392153 0.22757225864855127 0.3129269268192724 7.6692406851821335 2.4452297814761983 3.6455656467154625 0.21555380727851273 0.19541624609115596 0.19410963662395905 1.3507140527893742 0.1947476405050412 0.2309532682668735 0.20998966171040737 0.211102983886333 0.19232530953746507 0.1917299921212308 0.5038276593032001 0.5725159292967241 0.45129202417735764 0.4477625636868351 0.5835742646638377 0.679525092938228 0.16912133076641161 0.17539301663934417 0.1953212712984339 0.2295296621145744 0.2408923868247573 0.24560828753354436 0.2361398710356782 0.23942134034761545 0.2586609703998987 0.23115116223470564 0.25884165197299486 0.22529165477468754 0.22684941048718277 0.2606783100843945 0.2234382473536014
-9999.0 -9999.0 -9999.0 -9999.0 -9999.0 -9999.0 -9999.0 -9999.0 -9999.0 -9999.0 -9999.0 -9999.0 -9999.0 0.24796226698074694 0.22735075822268558 1.0468964660370426 0.6042477496987537 0.37464349078822834 2.4377538425677385 0.4650191684838443 0.38424177498345163 1.158772943783684 0.765987388115413 1.1520424403357437 11.044525215496567 6.034808049339696 2.8120132730570324 0.2173172375410803 0.22575453385744712 0.5577452677980944 0.21290623788170412 10.291711539846903 0 8.849533564298882 0.38479566797801756 0.41143041248539625 0.48404522181523035 0.18000623408394933 0.20032579216534116 0.17789436999722533 0.18112286585380505 0.35749336580957775 0.17296479999165537 0.3320119628879036 0.3141266587986349 0.31936983285791753 0.18718837915390718 0.1671437349442785 0.16158659936693806 0.1691859429989881 0.16930999559398843 0.1874173085944422 0.22565243437995333 0.20004814320499503 0.22055167133870385 0.19514303753881992 0.1981561244461598 0.22158853308816004 0.2679013268166341 0.21552671714551705 0.21056426275097445 0.23200882066100217 0.23655752376867553 0.2462505583256388
-9999.0 -9999.0 -9999.0 -9999.0 -9999.0 -9999.0 -9999.0 -9999.0 -9999.0 -9999.0 -9999.0 -9999.0 -9999.0 0.19419700163495446 0.22196253075747158 0.3376164584272056 0.28402155982536403 0.33890350390406 0.43122360117091774 0.22668694287543742 0.2568311784028766 0.34589349160219185 1.6540929987324708 0.4935038280746656 10.020466981057798 2.1150965515710154 1.050794767022878 0.4733973162245498 1.750774369920817 0.21095223964233015 1.391815423548118 9.762090343233757 7.109415200674655 2.348188661201111 24.5474973289333 0.6668792201882884 0.7113486957053426 0.1820513324696063 0.5513753480543194 0.183820084868361 0.20155633579230087 0.3969349793237986 0.19930606949779267 0.33657435037265704 0.3406223672222503 0.9549936823336548 0.38651598905252166 0.19301409396534844 0.1847147800076553 0.1736201669544219 0.1790959116122777 0.17733948842134187 0.18675586385025214 0.18120685643814352 0.1998007566572749 0.2011757617351059 0.21936413248876815 0.20712333399002336 0.23086720204025932 0.2216394290896598 0.2352622492143588 0.2368803462942504 0.21632162565603838 0.2448902144735044
-9999.0 -9999.0 -9999.0 -9999.0 -9999.0 -9999.0 -9999.0 -9999.0 -9999.0 -9999.0 -9999.0 -9999.0 -9999.0 0.36105665303039036 0.2908435100095758 0.22616885334549366 0.26080324953592954 0.32685974533254586 0.21654851816441742 0.2591372967731348 0.46417343069437694 0.25892116684796357 0.2604013897464628 0.23810196209769227 0.5824018083728973 0.5446347706553128 0.9835760169231661 0.8598177400081324 0.2161354687831748 0.2195240607278066 0.8434276157041862 1.6033592798567087 1.6810123891576496 0.9214719624956461 0.22047640269760227 0.5474721805815028 0.16868651231535425 0.43446520518282516 0.19360735690093703 0.1993891664572164 0.1945343928997271 0.6521202651788944 0.17945892647808528 0.38437542320702195 0.37105855451083436 0.15441004727326846 0.17109333760472145 0.19093985043382303 0.17783199066502473 0.32460604923579056 0.5397532072814782 0.511299302376483 0.44283880678976667 0.17380923553626762 0.17607306589273558 0.18698494728264642 0.1861173025420975 0.1848190580774378 0.17615247760403333 0.21418671680146714 0.21690978766369687 0.19097500357891256 0.16475794801034888 0.32592275375320773
-9999.0 -9999.0 -9999.0 -9999.0 -9999.0 -9999.0 -9999.0 -9999.0 -9999.0 -9999.0 -9999.0 -9999.0 -9999.0 -9999.0 0.388438089618921 0.22032714535567297 0.22779863935700478 0.2244737408391936 0.5033754993497833 22.10390139965342 0.7763179127978471 0.2220847617515897 0.2241269410150139 0.21706151892034617 0.2774304072773712 0.2938402852934445 0.23364472072804424 0.3759817328893871 0.23474822450649768 0.47674590356736096 0.2163563825966037 0.22534768671286506 0.24243278076568853 0.23713784288373257 0.18271872132017725 0.19896644409624137 0.18169089265740945 0.1692985243446106 0.18911675311599377 0.5519490200340472 0.33615429723818 0.4915633909390539 0.18594686488038517 0.42277163144359764 0.36527027469439627 0.156581526843543 0.1765010701384865 0.18962583192823426 0.1813671227661742 0.1819744462935165 0.18597977114227976 0.35996374391892055 0.18308079964862936 0.1789421521676394 0.34427560825477216 0.17339654856614148 0.2924201249826145 0.18587416712289878 0.19210105332738364 0.20842139594087178 0.20065743118643 0.15863603534480927 0.6902034794877283 5.452585781651256
-9999.0 -9999.0 -9999.0 -9999.0 -9999.0 -9999.0 -9999.0 -9999.0 -9999.0 -9999.0 -9999.0 -9999.0 -9999.0 -9999.0 -9999.0 0.6891560875240774 0.21583346275654247 0.31299113413292257 0 0.40479161384518475 0.2574001964446229 0.255607234153087 0.2688290825824099 0.21742716848870824 0.25166763184590657 0.26732654764014596 0.25841114945221194 0.24318934507981937 0.2799061034777554 0.2368636830663585 0.4781007354859304 0.23715092246982508 0.25395943213091654 0.24926216770018747 0.19308370663531493 0.18560974565040017 0.19250861679028394 0.17904548383486318 0.40387231102349447 0.17143481066821883 0.3876354098935203 0.16385137404941183 0.18208631715350548 0.22815124961388963 0.2311149360782102 0.23417550760184697 0.1948614799738614 0.2044982404478196 0.1981914482026901 0.18798879381784683 0.19205184636853684 0.191440503121287 0.17565962996259626 0.17729198747789118 0.34411573064427436 0.28845187802360645 0.2926692223146161 0.1972833021811562 0.2278546151702942 0.20791967797339786 0.1596457088344945 0.4952637230844551 0.38016613834231555 0.387456178778846
-9999.0 -9999.0 -9999.0 -9999.0 -9999.0 -9999.0 -9999.0 -9999.0 -9999.0 -9999.0 -9999.0 -9999.0 -9999.0 -9999.0 -9999.0 -9999.0 0 0.3930203003748894 0.2812880995531295 0.2653892931589752 0.2791500357152937 0.30124216531683906 0.29594969714598723 0.2263789121225118 0.2309514407620008 0.2592191024036218 0.26277864639239096 0.25707923206532785 0.2573460307652167 0.24078097746599514 0.3399553182994269 0.24942554630037758 0.2588181740320992 0.2658585670636011 0.3142379107985393 0.20938580324187886 0.1953541202742088 0.1995584297693506 0.18796029136009543 0.5142478603043036 0.17977785938445867 0.1826136850286626 0.19793201322429896 0.22423452939680705 0.22413753299256484 0.23693372862587192 0.193233621586525 0.16441986331026717 0.18424542429842222 0.198918543612343 0.2606676621860642 0.17737596600875494 0.18312829608430192 0.1830457236824641 0.17410005078871776 0.2946573499607678 0.18399814008801224 0.178666932467478 0.19005292061362367 0.45057000224095417 1.2980328354621458 0.6082139632479471 0.2578559141644192 0.4602700559169599
-9999.0 -9999.0 -9999.0 -9999.0 -9999.0 -9999.0 -9999.0 -9999.0 -9999.0 -9999.0 -9999.0 -9999.0 -9999.0 -9999.0 -9999.0 -9999.0 -9999.0 -9999.0 0.3654181980821727 0.2750688933828886 0.48120589991327956 1.2397133292190037 0.5369625767363893 0.25613334147562583 0.2458584845801284 0.2397109410169992 0.265718725750658 0.24727774319631504 0.2472276338487794 0.2626849630506696 0.2531374905097938 0.2566731396375157 0.26297145312799697 0.2632309925673453 0.3204439754196784 0.3320104961066125 0.1926718834331871 0.18925958750536556 0.1915321528837205 0.21372297587449088 2.526646643225786 0.18967292959266482 0.2486560097553726 0.2316074839844165 0.20391527224472705 0.17499460028363503 0.22118569222282988 0.3261697879763488 0.16230080723152815 0.19289916596036671 0.1985779224686371 0.17880861354891636 0.20521941640097258 0.1773437379309694 0.1858998076406607 0.17787202415222045 0.2354950612752544 0.17614101763609546 0.4004691103954005 0.42877626784877915 0.7500300209158305 0.39648081281303144 8.228344571549222 3.384717007606497
