Model Version1.4/trunk/output/1999/nh3_ef_man_agri.asc
ncols 720
nrows 360
xllcorner -180.0
yllcorner -90.0
cellsize 0.5
NODATA_value -9999.0
[rows 56 to 83 of 360, columns 384 to 447 of 720]
0.1937334274378362 0 0.19373342743783623 0 0 0 0 0 0 0.19464162528662501 0.19490700910541103 -9999.0 -9999.0 -9999.0 -9999.0 -9999.0 -9999.0 -9999.0 0.24660712539689894 0.23063542098267106 0.24552993068717965 0.23299319219648643 0.22751425002979828 0.2466071253968989 0.22604265477920846 0 0.23501036963744504 0.2449959137530893 0.24415661286777965 0.2434482726329699 0.24348287546810787 0.24379231409288618 0.24295763235865298 0.24660712539689897 0.24269936241816525 0.23315993060486315 0 0 0 0 0 0 0 0 0 0 0 0 0 0 0 0 0 0 0 0 0 0 0 0 0 0 0 0
0 0 0.19373342743783617 0.19373342743783617 0.19610512274001884 0 0 0 0.21330040743279102 0.19373342743783623 0.1950661920343041 -9999.0 -9999.0 -9999.0 -9999.0 -9999.0 -9999.0 -9999.0 0.24411717558396867 0.22337435996134603 0.2295674408285198 0.22242458554921168 0.23900783581442364 0.23079783839792412 0.22583735546374262 0.23039048008070465 0.22952933956838234 0.22835775776367034 0.24538637421368453 0.24660712539689889 0.24452015618814513 0.2466071253968989 0.2382516514458085 0.2466071253968989 0 0 0 -9999.0 -9999.0 0 0 0 0 0 0 0 0 0 0 0 0 0 0 0 0 0 0 0 0 0 0 0 0 0
0.18672483588477307 0.1937334274378362 0.19373342743783623 0 0.19373342743783623 0.19600753509175375 0 0.19878091081097862 0.1937334274378362 0.19411375738018238 0.1956384929886248 0.1937334274378362 0 -9999.0 -9999.0 -9999.0 -9999.0 -9999.0 0.2346252907585704 0.21874768253844037 0.22491547988472105 0.23759866141348113 0.23663960538563136 0.22931376736540182 0.23654247793045627 0.22776439503818552 0.2428969453796117 0.24286962239226398 0.24205199333611352 0.23065165865898063 0.2277754425189571 0.23149174687827015 0 0 0 0.12691205680335413 0 0 -9999.0 -9999.0 -9999.0 0 0 0 0 0 0 0 0 0 0 0 0 0 0 0 0 0 0 0 0 0 0 0
0.18467628920150847 0 0 0.19496877074189034 0 0 0.20320468923018606 0.20866131441841218 0.21005563262949153 0.19373342743783623 0.2536148935616666 0.23141867517344933 0.22460240021818256 0.2024464827504759 -9999.0 0.2349884745393346 0.2346047793871397 -9999.0 -9999.0 0.24455475674668173 0.2371628379993237 0.24361292595196704 0.24323836550484162 0.22714497558144162 0.22881753124793897 0.2299627516885143 0.22909497802761244 0.22886931306780983 0.23571506641867523 0.24087689041250454 -9999.0 -9999.0 -9999.0 0 0 0.12708571827541487 0 0 0.12637575509955395 0 0 0 0 0 0 0 0 0 0 0 0 0.10423134747369106 0 0 0 0 0 0 0 0 0 0 0 0
0.20932145292007007 0.20525139387122113 0.19605853998932427 0.2110967195637951 0 0.19414758538543636 0.20744441536666597 0.22096032651022532 0.23725998374918159 0.24601248468707568 0.2623003349858008 0.23701933841422793 0.23690051175623403 0.22979858577214377 -9999.0 -9999.0 -9999.0 -9999.0 -9999.0 -9999.0 -9999.0 0.24293124565302404 0.243202733794583 0.2347435906447996 -9999.0 0 -9999.0 0 6.227210580405137 0 -9999.0 -9999.0 0 0 0 0 0.1590116132882622 0 0.12776254968093323 0 0 0 0 0 0 0 0 0 0 0 0 0 0 0 0 0 0.12675522601587244 0 0 0 0 0 0 0
0 0.20919703099443487 0.219421920603893 0.2173492485063253 0.20516114086365583 0.24783930500459375 0.24661502214828396 0.2588252866152747 0.23337550835814758 0.23296627087556854 0.22527572096785875 0.2191545597900004 0.2097984216261442 0.20872363541247543 -9999.0 -9999.0 -9999.0 -9999.0 -9999.0 -9999.0 -9999.0 0 0.23290399999999997 5.484766648984106 3.378900636272191 0.5629764341798635 4.35709300073532 0.6740126690494317 0.4333367479150708 0.5722627245328871 6.138612095048386 14.211193803140905 0 0 0 0 0 0 0 0 0 0 0 0 0 0 0 0 0 0 0.12751512605410922 0 0 0 0.11223777094156631 0 0 0 0 0 0 0 0 0
0.2968304081131274 0.3178738658016938 0.2813452999325145 0.290146116253051 0.24407022361738456 0.20547994120738708 0.26950046150227874 0.23841107421120813 0.24845296856712246 0.2319370130218139 0.2301459777561384 0.21701149211732898 -9999.0 -9999.0 -9999.0 -9999.0 -9999.0 -9999.0 -9999.0 -9999.0 6.942819476617845 1.7699853214057872 11.529822889087479 3.112006163011359 0.5595851335960402 0.9385925038575075 0.4907100691932749 0.528537579583138 0.5468610034495404 0.5284012076876953 1.351159895828954 0.12922137502288564 0 0 0 0 0 0 0 0 0 0 0 0 0 0 0 0 0 0.13116481292749796 0 0 0 0 0 0.12945870136647494 0 0 0 0 0 0 0 0
0.20767560940632623 0.3079747154989221 0.3242744957919634 0.2649247579085196 0.2350881527017218 0.3052541781337993 0.30661328263916265 0.25392013868846547 0.2371173828065393 0.22257486205978583 -9999.0 -9999.0 -9999.0 -9999.0 -9999.0 -9999.0 -9999.0 -9999.0 -9999.0 0 3.142244054476043 2.31890760797174 8.810835168606756 0.5835576744492577 0.44428600734336005 4.914674628067535 0.38710290705173267 0.3929146454191916 0.4670797597971512 0.39737883545101316 0.9485394025175401 0 0.12783665314530082 0 0 0 0 0 0 0 0 0 0 0 0 0 0 0 0 0 0.15551449047723204 0.1384276846945006 0 0 0 0 0 0 0.12989181344210993 0.13182269817012499 0.12913375246841538 0 0 0
0.21690141154471584 0 0.1937334274378362 0 0.21209016438190706 0.2016585291875267 0.214341443600318 0.20901502917271947 0.21606133742728603 0.21243020968655188 -9999.0 -9999.0 0.24933077976794085 0.2273209932290645 0.2187179836376814 -9999.0 -9999.0 -9999.0 -9999.0 0 10.884658134176657 0 -9999.0 -9999.0 0 0.3138048960693269 0.5190389522820668 0.7047514644254022 27.41628183550226 0.46147146804137246 0.48512067440732753 0.1472022378006009 0.16681932962873391 0.13944585883800653 0 0 0 0 0 0 0 0 0 0 0 0 0 0 0 0.15838370826592793 0.15650676370630873 0.15110235283877896 0.147518777473228 0 0 0.170327930573243 0.15172999198038659 0 0 0 0 0.10279741928023421 0 0.12842675254541475
0.2694126707193604 0.24309267350735683 0 0 0.20280957150720846 0 0 0.21300705260127556 0.203973005831945 0.22780408216402775 0.23295429561379433 -9999.0 0.2552096490938619 0.24080508495072567 -9999.0 -9999.0 -9999.0 -9999.0 0.23690165745676298 0.3749240946093335 1.0931906681162766 0.6939920726956615 0 -9999.0 7.963188237213284 6.752972667123222 7.536303765914937 0.6301375460871729 4.85400505886793 0.40801730403512965 3.0016134577606417 0.18510179180874078 0.19089689932139564 0.15701740961337451 0 0 0 0 0 0 0 0 0 0 0.12916042886745746 0.13196754718884113 0.13899329404714547 0.1369629828816405 0.14271781312729703 0.13800163520122521 0.1568078329849213 0.17600016770473892 0.14021149654065712 0.1368443897088363 0.14806746909436627 0.1528503827238099 0 0.14850470761368065 0 0 0 0 0 0.12884735471879327
0.35029874470631406 0.2910003504162258 0.22867438641256074 0.20236254970161843 0.2041487178061464 0.21149845401280928 0.19529559214173048 0.19835553394888827 0.25050666154532064 0.24208899016382604 -9999.0 -9999.0 0.24413190935758636 -9999.0 -9999.0 -9999.0 -9999.0 -9999.0 0.31612539130152506 0.39653234302389967 0.3185423128766569 0.3683435830578163 0.31698715569332336 0.3333240662542599 0.3396873370355038 0.5351562217678385 0.5990417528457864 0.3578939908596191 5.862191022315233 0.4419987562318668 1.404716769143151 0.2956514734565306 0.13956775964481724 0.13744045180195952 0 0 0.1420103880623672 0 0 0 0 0 0.11190670420047784 0.10845494650058203 0.13336438383624644 0 0 0 0 0 0 0.1567974244873454 0.14207505261896342 0 0.1498654501554091 0.22346236488010912 0.15461427415897658 0.13588099998840764 0 0 0.14130588331318095 0.13520719166623046 0.14436823574318483 0.161903583055422
0.24939519593124623 0.32172388348936365 0.23527919125040614 0.21601675168088527 0.26744808880143217 0.2240619564869054 0.2221147655536977 0.21107845789250437 0.2464992666901286 0.2661109614442555 -9999.0 -9999.0 -9999.0 -9999.0 -9999.0 -9999.0 -9999.0 -9999.0 0.3210515911839337 0 0 0.23832182944312763 0 0.27990368014457506 0.2714158667818945 0.26625014958724175 0.2847532818384954 0.7438949558141686 0.36240610427405323 0.3798612881696561 0.797850863504729 1.7090583123028136 0 0.12934471960981406 0 0.11621845147694762 0.14434260707985028 0.13796624291199616 0 0 0 0 0 0 0.1508338172977338 0.14597032635283422 0.16434746175349244 0.18415314287657564 0.13838344120627843 0 0 0 0 0 0.1408875178686315 0.19043539578265428 0.20700535051930966 0.15405515568257083 0.13818024634468953 0.1347790128105896 0.14210508407329944 0 0.14471498570282057 0.16545877836936076
0.27605019133876696 0.28468719656582037 0.32994435783749443 0.2956799342380914 0.3138080626505679 -9999.0 -9999.0 -9999.0 -9999.0 -9999.0 -9999.0 -9999.0 -9999.0 -9999.0 -9999.0 -9999.0 -9999.0 -9999.0 0.2440699691577146 0 0.21541918818240283 0.23592028919120284 0 0.25855221566757647 0 0 0.2254006869374044 0.20631445305999682 0 0.4211228696975819 0 0.19851389100092687 0.20752780550790856 0 0 0 0 0 0 0 0.12729470219856232 0.11534590843182436 0 0.14516506992982522 0.20056359326051035 0.16068204529231256 0 0 0 0 0 0 0 0 0 0 0.13002344347617883 0.1349146063451347 0 0.1551304335711068 0.1446388201338749 0.15407348155278908 0.16334885164564 0.17123656861169786
0.333981884757459 0.2804349392774144 0.3577396031472252 0.35508182428760715 0.35814806552024986 0.2510877180184384 0.2613617577691416 -9999.0 -9999.0 -9999.0 -9999.0 -9999.0 -9999.0 -9999.0 -9999.0 -9999.0 -9999.0 0 0.2280688595984186 0.2561967531064033 0.2240749981890697 0.2401792666292701 0.25792667486976795 0 0 0.24091010713645572 0.22807806804399894 0 0.2230396877445722 0.21188325618126594 0 0.22860119954894945 0 0.3105385460717762 0.20071860077380171 0.20099274371632853 0.20386634542363313 0.19869542544414026 0.15197366693181735 0 0.13704874457763597 0 0 0.15062735013378026 0.14413217852194787 0.1461851832831025 0.13913075084037216 0.12954164455855705 0 0 0 0.15653560875928849 0.20177150093306814 0.16705101214970844 0 0 0 0.1361580071060265 0 0 0 0 0.24680228054327313 0.2218722341381571
0.3074406907482696 0 0.23668194353051464 0.23588964351459413 -9999.0 -9999.0 -9999.0 -9999.0 -9999.0 0.2518916965996617 0.24933382671300133 0 0.25398017956445595 0 -9999.0 0.25110691532271795 0.2522164235407221 0.2675287420400231 0.24119995254227033 0.2787835634459084 0.27151429161061713 0.2819260361935089 0.2699884817433925 0.2357693664319283 0.23368847099335005 0.21934512496878716 0.2198803994211538 0.22059986095838668 0 0 0 0 0 0 0 0 0.20602086822972818 0.20264904437807438 0.15909061813641776 0.15841233567092153 0.1606458019514628 0.14877164380383517 0.15464412122895824 0.13384458110078365 0 0 0 0.1642789348116679 0.16877619772269062 0.15221365016295973 0.15941106606199545 0.1910872800887159 0.19428567102161837 0.2634642764078863 0.2981098047291069 0.16265935382814295 0.13864102335998288 0.14537968152492434 0.15421585905737253 0.16403634894696248 0.1795335847138112 0.16709444302188098 0 0.20212042351801085
0.29355615938838725 0.30145506764067853 0.2410994266292966 0.24035674791536224 0 0 0.2944898136500822 0.31953181850572926 0.2537642416265481 0 0 0 0.2972672105311719 0.355956953370751 0.38278767954132464 0.31046859504024527 0.31303888620421255 0.35419877300669794 0.39396044774619415 0.35046211792051846 0.3529387964810951 0 0 0 0 0 0.23697039892305785 0 0 0 0 0 0 0 0 0.2190423809221282 0.22223560534666742 0.22389956883885542 0.19473702762383133 0.1922079878915921 0.21233103331088438 0.16489000499114942 0 0.15746374170541996 0.15137789805269344 0.15591585536683744 0.25631720852093626 0.3228460132865501 0.17103996548251493 0.17799292053590163 0.21160212743159754 0.1973904874993191 0.2825708771128884 0.36977964393882695 0.3675316673797246 0.34732753969042035 0.22420478821388126 0.2198603929901146 0.18948118915451384 0.28532388794280544 0.17272792178602253 0.14363324306372635 0.37173283263970347 0.252321640604384
0.26794123966948413 0.26647410612325256 0.2915466388509354 0.268948946412216 0.21489632552494492 0.2259827093545843 0 0 0 0 0 0 0 0.26468266468286406 0.4074552382320779 0 0 0 0 0 0 0 0 0.24034077027575249 0 0.23581652999281016 0 0 0 0 0.23195549933928636 0.2360766205517574 0 0 0 0 0.20808007069919626 0.21172186111710706 0 0.2087593668056889 0.19776502529761575 0.15161367821624974 0.1697058698382204 0.15901612709781343 0.14145368903024713 0.14985302733995587 0.14306435793332997 0.16105757630197584 0.20785857703380853 0.3624924195814919 0.3359519912040512 0.3145721260256599 0.3510774291350208 0.35780873972469934 0.3688692275985285 0.3321912150903789 0.24108546241013576 0.35414693589877444 0.3580837722251598 0.290909872420477 0 0.22244327355503538 0.36250701300171145 0.27791175088497433
0.281512292931352 0.23756384274828124 0.23637550064372398 0.3234067789615664 0.2636854768890719 0.28380329851260055 0 0 0 0.23786382480470522 0.2933406096114668 0.28260411556805404 0.24735120784146955 0.25274761805369833 0.4376222413450397 0.3425218542232039 0.30265395699176634 0 0.24775349507916716 0.23316008381665487 0 0 0 0 0.23595210576125022 0.24253398135895915 0 0 0.2552099647754872 0.2598031655802585 0.254908917939866 0 0 0 0 0.2791837988820419 0.2041422146044772 0 0 0.22599131912917222 0.2333674822346649 0.16514363405737412 0.15325845280577827 0.18445398351274975 0 0.15354295243482882 0.16344613866383498 0.3117520093179622 0.2916348825583204 0.31588533215411513 0.3620562370852603 0.36562489948134236 0.3646419332693394 0.3694153473076729 0.3704486298158212 0.33587159832451813 0.27419441363600855 0.3632486726450312 0.2834170272084194 0.1811119366852254 0.2891750654767044 0.29316239600655386 0.27200316469301694 0.2837643295531231
0.2196670999858757 0.2589928333981317 0.20386642327372576 0.23288068269399062 0.31683930623686435 0.24913066974018094 0 0.23869722162103954 0.22613200377306936 0.2613865416995313 0.4083833411285684 0.382370939907368 0.3718888825667384 0.3320355196869043 0.23683051564866786 0.2862482613374314 0.23637426038354245 0.22557172215642882 0.2409373788959709 0.2366670137849046 0.2422774091322516 0.2363693237850687 0.2684700321395034 0 0 0.23482505914629642 0 0 0 0 0 0.23963593823547114 0 0 0 0 0.21381664518649923 0.22440439283768665 0 0.22045126999576264 0.2095832229040358 0.22374010602885616 0.2560617404365195 0.17170557225328742 0 0.20555333409428458 0.26935255440045025 0.3320127353220199 0.3489822842603785 0.3527467465961175 0.3536474238279652 0.31463757390699837 0.36193569289426075 0.3579195743006556 0.33738166222516713 0.19130567897437445 0.258678887549168 0.3280101832563196 0.28603864457597455 0.16609343496999684 0.3600185124472757 0.2612625521076462 0.3322403554977436 0.312787323969501
0.23151947102865494 0.22544635986356168 0.20363434976700423 0.3074671858014207 0.2575373645156874 0.26982724512593814 0 0.2358271452745099 0.25079712238735813 0.2763635969149922 0.25461976015701543 0.26942892831672055 0.2581932799335333 0.3162501200378884 0.30155970410014327 0.28020873069683055 0.26616550473937256 0 0.23650284185321563 0.2526656537255991 0 0.248802826639406 0.2644749196878804 0.2415379118566729 0.23433584794172405 0 0.24228162111027826 0.2335500103679409 0.23344614003952016 0.22188775712349718 0.21417726855492464 0.20374240272771285 0 0.2146086362249927 0.20305200801942816 0 0.24344331659495072 0.21234631313976912 0.23758676798945585 0.1783722064773968 0.1960769302502852 0.22014516223744185 0.19553483071813055 0.15964290304306097 0.19991096093054195 0.31992824742614945 0.21700706795332025 0.32241132430093766 0.365285323650968 0.357864993364221 0.3445118802098484 0.34516952805655887 0.32690753714550497 0.3206253488866148 0.2285332668850123 0.28545086534908837 0.38339979775092714 0.3830826128031707 0.3549592907072992 0.38524391613699827 0.3178984065927159 0.3647268250943233 0.30671448762390685 0.3315365942973696
0.25549550846191876 0.2274426675363131 0.2711060440372279 0.2734648985003642 0.3912575376013678 0.29017399560377555 0 0.2410767853440583 0.2622780919156664 0.26242648892474035 0.27381601539544725 0.25157569216065134 0.2883054140205873 0.25364441495746287 0.2413015565352336 0.27596057434228405 0.2706461971892653 0.35964643776160693 0.24709452818509947 0.23280026032774498 0.211009569521708 0.26676748881439566 0.25737964376782885 0.2076617295834363 0.20284077779461415 0.18168447816477934 0.176472235529024 0.16186665607424947 0.15410772328389918 0.1840150785532173 0 0 0 0 0 0 0 0.17371223551731424 0.20723927000979675 0.20630480645058627 0.19234254068639223 0.17469435121188767 0.1763784325386727 0.204096888068512 0.2269465784140387 0.30326409530481185 0.3198140215558932 0.3361867509802077 0.31857323752562805 0.38569425109512867 0.3345024583988734 0.38584045623127594 0.36915231185334235 0.36902927898530813 0.18412806724042838 0.3005343560353104 0.3544258815482665 0.36291281161287403 0.37443684054697407 0.3519767651851804 0.28815786539018434 0.3115066300754903 0.26395464248935824 0.38423895713452133
0.2846268526369951 0.24145574555038588 0.2748762621985593 0.2116847860383958 0.21836645525048806 0.23690943836900957 0.31445237727840497 0.3139608806107324 0.2799054283197633 0.27472173690476864 0.26680242476744215 0.23553988936373146 0.23160483027728643 0.23735778526376808 0.23266346819545547 0.2731557351068641 0.26783466856490146 0 0.2853586687537754 0.21319364892892043 0.22708087734501117 0.2415543075859471 0.24644018764649342 0.1482279616999946 0.19196683545682 0.20695880623027915 0.18218691168557227 0.17025092190364324 0.1845299274637317 0.17427928420446787 0 0 0 0.18166812581790479 0.17406201775191293 0.17430759083399647 0.16386855572961806 0.15811384040183993 0.19539165352997942 0.201263206992556 0.19644991614799398 0.19818644049542392 0.2146629322318586 0.2470569735300325 0.24752250912827323 0.27967497960093807 0.34864415664873555 0.38596915847436997 0.3861795434099671 0.385772284690135 0.3388732060305873 0.26661558319506345 0.37648537353655387 0.3828787522600303 0.2682046800281575 0.33764967449984823 0.20748010618225626 0.35589036334681573 0.3167379103833096 0.23966039545814746 0.23278617394736414 0.3385007841186537 0.32739751221169544 0.37642178522573644
0.23622041715695605 0.21564102360354903 0.22974788994455622 0.21414337603402936 0.211790821950334 0.20252403049530354 0 0 0.3084406896811763 0.44298847781065376 0.44013373199453765 0.28370394872608723 0.23721747697382836 0.25111609222465975 0.25825916026580836 0.24950568447625124 0.2988805615323991 0.26876892624062326 0.29954170336841257 0.25193010402184324 0.26820437067156266 0 0.35022982242538336 0.35420266057991573 0.2760497982652008 0.30835245711793025 0.30261886774346014 0.21742301794863234 0.20736025367479835 0.35154967258149983 0.2114365563163106 0.24130978271413378 0.2234986966614627 0.25284103465406577 0.22187798553876786 0.19986416644795038 0.15673713180621346 0.17930763537671057 0.22823683224491922 0.2701920483140847 0.24888996411535844 0.2665649048841098 0.2710714818169516 0.3127596460288391 0.3040221304564614 0.20862915375495436 0.2391766503775833 0.3349907181309278 0.3752812809752615 0.2841793421415493 0.35773380777610636 0.33242088310700774 0.36825712358025686 0.3202220434780341 0.34110497328937184 0.23796746938791596 0.2199820353628471 0.33420053473771144 0.37303874375853946 0.27146997988072324 0.310914007701655 0.3149007430243765 0.3911763029230343 0.36048402383161776
0.22031575167249123 0 0 0.30183401646283087 0.3467276246556823 0.3728137210731604 0.4388480367324106 0.3170957755948624 0.2589336549688692 0 0 0.43235168755747805 0.2858919587486326 0.25993480545241826 0.23260324858312426 0.31970581196648296 0.392195277501507 0.3673389434009763 0.3174772690222264 0.22570799439010197 0.2743731406056231 0.282142360771143 0.2624927518454978 0.21293835941933675 0.20289540551505642 0.2050989874621258 0.2653502426625134 0.267923469802618 0.35074893683406577 0.2324393613035229 0.27774489764387783 0.240234114966946 0.2789790193532821 0.28660414577136756 0.26604839582384154 0.2451389072956553 0.25154596636753157 0.2141916680939325 0.2664495163946836 0.2707724830379471 0.33878284681203 0.25767420282996034 0.2519167731408281 0.28836879350385913 0.26712981360850063 0.21764958098585033 0.24524885820489922 0.2474733711644733 0.2422817856651653 0.20437059200613175 0.19948694862069236 0.3221066341089359 0.28637149174613286 0.38629985017380386 0.3689122198669663 0.32724057828630015 0.26416574215401 0.31646562770687026 0.3865749960380474 0.35021686865118185 0.2961104968888894 0.3800343486368375 0.3051511514817647 0.25879516166256594
0.20526527588063284 0 0.2306493629517807 0 0.22491153449869197 0.4060747658238842 0.29886407530308756 0.30069788820130766 0.30197703335357406 0.24912379947168975 0.29662234626556866 0.28725209171790367 0.29010148994362067 0.29729455276048306 0 0.26139275997527905 0 0.33993945063836933 0 0.3162934048557551 0 0.3127180317405119 0.22380185555214605 0.21212271407037378 0.24847431444188492 0.21987223542008663 0.25390860733527404 0.34439783640828703 0.39161764318136094 0.39720373873473064 0.3420481439024095 0.3606201322613333 0.36440586233362116 0.33773712969192826 0.32309931893611965 0.3179905932890447 0.2712817963011531 0.2946805889937969 0.24730575928730292 0.25374546975777956 0.2965998922032862 0.2480064020228594 0.27674858457584683 0.2608017353658544 0.33030906580781133 0.24507174948224547 0.2522145285074318 0.24663064275754434 0.30676405321757594 0.2158872034330408 0.32172429521456886 0.22098280446563806 0 0 0 0.285410392697354 0.33821066903664837 0.2895430521709478 0.24195531031646036 0.2893758779437616 0.261795902738424 0.21856974324741224 0.2000615467665067 0.24222402174145713
0.23945990289453006 0.249291110889022 0 0.2381545094547642 0.2493123644133596 0.3451681267548657 0 0.46848375095609307 0.29069291653477763 0.24198955531918653 0.3220061991501097 0.22597666457572244 0 0 0 0 0 0 0 0 0 0 0.15117639098166247 0.17918697054986593 0.19433146691446754 0.21934943287749065 0.2988345348328112 0.28828978669066746 0.3328593207985812 0.1960171693565748 0.2900927938812916 0.3290314086782645 0.24574484409330422 0.31022704459663175 0.3531731092211045 0.3273690636857294 0.30278913379203565 0.29018938598401384 0.2778783702266145 0.22571457724534155 0.19951579953733586 0.2135419979779871 0 0.2329158451281435 0.2447386446449984 0.2396661927760112 0.3008571276475636 0.27263682003860057 0.25730680187767263 0.22569329809646643 0.15903490999529102 0 0 0 0 0.19768263784221815 0.18720254707773315 0.4005126884650497 0 0.405297254584613 0.3745400696190157 0.30492343060154786 0.19165858105715944 0.1744277169797367
0.30437772164989846 0.3426963670970229 0.25101741701784547 0.19812831342234324 0 0 0.24251906800129608 0.2640088827068333 0.3180189130166339 0.2871437122447878 0.22922016944651222 0.2552118926575681 0.24272578329154357 0 0 0 0 0 0.2512921294435065 0.2868574125354657 0.2931902627507549 0 0 0 0 0.17795970264442176 0.28055649683135275 0.29791257180701924 0.2912453565753367 0 0.1837909280212714 0.3261286803714245 0.31664780067460824 0.2740230950692225 0.21824151026813077 0.28615336212039216 0.2814726931312177 0.31923911540077926 0.3727235122609603 0.34541797829627835 0.22310921838778533 0.26721594397733445 0.15762939805060416 0.28305071198257997 0 0.25576919732283376 0.2123815935349191 0.20801733519458274 0.2192246914916725 0.16312030124577084 0.30432778436098373 0.21431414615380806 0 0.16523543776117827 0.18340063112129792 0.2345873128729815 0.27682264104214527 0.3350088969674875 0.30742113690259415 0.1742232705703896 0.2428282812434326 0.22267390748339677 0.20094836697450857 0.17921734112124027
0.27197126695802165 0.26142310918450296 0.27493994835755553 0.2788312889845264 0.27237591699754427 0.23878517704928853 0.24741475741109947 0.2785701089221684 0.28319189107232956 0.31034736810468666 0.306262058080901 0.48949112666100314 0.32612691533500876 0.30813889821722357 0.21418580436729218 0.21583432275836498 0 0.22937976962834258 0.2546815906565784 0.43131418722879816 0.36752692799777453 0.269816736721504 0 0 0 0 0.16471296720091141 0.19671887077801659 0.2152612885050656 0.2157554533844108 0.18143632450502534 0.22888915531928802 0.30972221024100804 0.26992523926368805 0.2369985728386003 0.2700058014693739 0.31427449811945735 0.30984043055808536 0.3429908649963994 0.3359798527936367 0.3800230679426537 0.39868453955303096 0.2069166783305016 0 0 0.20941074676146088 0.2335091473159781 0.20385992749771908 0.2212030517531849 0.20163039851340311 0.2634539641844587 0.2053392899701129 0 0 0 0.2685687291987835 0.31728376939911673 0.3270624959833744 0.3735384917477416 0.21010896073856547 0.2614670980303544 0.2034768071930376 0.17156548425328075 0
