Model Version1.4/trunk/output/1999/nh3_tot_egl.asc
ncols 720
nrows 360
xllcorner -180.0
yllcorner -90.0
cellsize 0.5
NODATA_value -9999.0
[rows 84 to 111 of 360, columns 504 to 566 of 720]
9731.487417521515 9731.490344308915 9060.368373712972 9057.142477946025 9057.146003400798 9055.002375812932 8729.140683538764 8393.760595065762 8724.54180466486 8731.285511341779 8722.689455070766 8727.528480794372 8726.986008315378 8717.557005318627 9055.53363200557 9338.45936859573 9688.41586663965 8706.944120890405 10470.137297035095 0.0 0.0 9115.809754869351 7544.000040353341 6393.4756363173165 4265.451873778117 8649.842484379704 9746.929259675662 199511.05161336047 170327.03830016975 192444.26456742606 196785.39152828522 184537.24821833998 177583.9904598089 156363.23786681762 123315.63422419102 0.0 81307.7136130132 92238.38077205895 70616.29188382544 89602.02092183412 0.0 0.0 0.0 0.0 62441.653896250406 89432.81322500175 92264.96971403855 97715.75864824347 97677.59874628167 97655.46608996255 0.0 38017.36554723673 92246.66798824718 97618.2392941737 81310.36362262671 83794.31184080869 97217.73650647554 97178.34716235507 97476.72865692688 97677.6589344765 97629.32645225043 96803.5580045894 97681.81157844535
8809.095882865993 8807.834701143118 8816.366239143439 8815.302829856135 8473.505734875811 8810.69778876609 8827.212206728487 8482.241812723913 8487.579389774051 8823.470592025942 8830.411727756686 8832.550361269412 8819.036616974538 8473.505158233727 8123.178255203737 8811.042295057976 8786.232546192952 7788.250404228014 7590.284492244717 0.0 0.0 0.0 6774.29168641981 0.0 9593.087846449147 10393.37472106321 0.0 0.0 0.0 192915.99192169344 116913.43614339332 166026.01904900954 196316.30050670094 203930.87395423945 190998.9332665929 156492.35052406252 181042.11545490814 93127.00506699225 98614.61755295888 98650.76778739582 10816.691146410321 90145.2262094835 98654.72264893824 84993.07259549988 60279.60463483343 84969.33993616207 79553.8924588869 82253.8723674851 98638.33742739554 98622.15992520603 98620.89294807895 98631.35734463108 98652.48497666542 98639.5049467951 98597.02029573891 90344.85122742367 29963.03616929684 0.0 81647.55622481834 92669.88535139241 98546.61916947424 78367.81581077522 98325.35542399756
8897.042469276956 8897.572699032631 8564.674079754957 8894.930776662144 9402.371732914373 4672.0156914889585 4881.6995849832865 3796.037397860579 4251.076074940235 5810.463978384381 6575.811055342828 5738.62115134961 7042.387808540974 4107.181127484529 7527.2306987442835 8908.026921837003 8554.085205268026 6892.992259112483 0.0 0.0 9578.08484949089 6772.306234937554 63730.08844273881 0.0 0.0 239401.73964184235 0.0 204602.966378029 205920.54596993295 205798.67909980493 194566.86660254822 186632.01721625333 201872.2530033701 182891.19241115233 194176.04685310717 216008.82960161153 192309.11843374433 194165.10302781363 96802.0469248745 99394.70975886298 99524.64679703947 96740.28547839935 96328.5229377941 99420.07840878992 99565.84608765587 99579.68395084732 88490.11019978394 82851.84214704199 99463.69564620487 99513.87538391414 99112.82589676912 99476.05799476006 99548.84604449807 99572.80601332735 99475.87876719303 99550.442227024 0.0 0.0 13818.414361038283 32878.42776837567 0.0 93868.9955121328 99477.40745663019
8992.91431392243 8991.342228928917 8302.529851351946 5051.793192890853 446.576676084179 761.06018287614 1317.8555417653083 2418.06198676972 7948.057377646541 7952.352905873479 5432.356037128178 0.0 6720.62861370228 6802.752315909625 10714.427630151578 9678.574325481351 9327.405405994698 9373.234231038155 4898.214263899239 1587.5748352651956 9553.96236822718 175464.12388227464 152468.28123468306 177268.86410674188 257589.27870342392 92046.18344645569 57748.13949398188 46145.79819241939 65629.94003734246 149619.04016552595 184390.72798233634 207910.83579408852 196291.0789180736 205882.84997740889 206148.44312377748 202797.24261612672 193749.80941983985 156250.3411855241 78008.60956414418 80746.65426414159 92106.27930111188 100476.6053301752 100495.42933465086 100045.9117254204 40987.3052180639 36222.91655097782 13733.632020257064 61171.4196814067 100427.00210534269 100475.20666179589 100375.24287172631 97698.15092734514 78062.17090511393 100451.04190677831 100499.03957723647 100456.39608083533 100431.95045357582 100401.5874799076 97764.70770531197 100492.68048297698 100465.70501428799 100412.19066645755 100479.97488398789
9068.749123617907 9073.436281538336 8027.644378037451 -9999.0 2974.232910522173 5873.437961003566 699.0628518615616 1738.307150932553 6603.689018618631 3139.9795192464653 5581.20868402754 9079.16686872852 9070.439653968393 8979.332609893012 7947.054591818574 6753.444213538473 7939.3976605960515 8801.20398948629 0.0 6861.868715590985 6563.027580863856 235849.7575066646 177197.0492364714 169520.21607564413 209916.7617838193 115354.69217594573 34910.83742650714 11602.127759064228 0.0 34823.44845170038 151608.8373039675 163073.2499139442 209812.50189955748 209760.3330299415 174380.13000313542 174554.1500598879 127687.35864966261 0.0 0.0 8362.244838339739 2506.509604033128 25328.847558017664 59102.61910644112 90162.4139176559 84375.6850202778 64905.14035112602 70510.66939234259 90109.27193381118 101333.72032143114 75993.06043436688 94980.7469531175 87345.96240080139 50757.10657955395 70445.79527016924 60849.85915115633 98607.19131532307 87290.26593505817 101351.02556014105 101408.1637735333 101412.87405712371 101394.69990198585 101383.50481154307 101407.91803545092
8789.180579312839 8799.506435484345 8803.63348619632 4807.712493810658 5417.910243478642 9130.71341171858 7999.861241314199 3084.2355560063293 4440.464678869241 0.0 0.0 0.0 0.0 0.0 8436.884524926603 10566.960955466822 7818.8790939409355 8182.497416860344 7547.893096863325 0.0 5956.709800167163 105494.45869860066 0.0 221852.0443587685 140647.75846057595 52378.26219910023 70548.77953774997 10510.178800481024 16752.38219263663 47083.683297856136 199730.68558029833 211471.68482565167 176112.9841150831 93685.5066996939 117132.80320332838 105616.51358416003 129097.97910727034 223059.71040171915 48359.30633880441 0.0 11417.281669929294 14271.602087411617 2854.3204174823236 25634.71479637736 62599.18640681297 42735.66542660365 59724.07176731164 76762.37465732112 93842.4364859879 102300.50466233311 102325.07884513935 102248.34016034615 102294.04749332467 102272.38674748779 99493.49284513555 96628.57167814694 71106.58135643207 71286.59483300168 79061.87446884484 102380.41635190985 102374.04972967469 102380.41635190985 102333.02658340076
0.0 0.0 9230.403897094391 9592.878790468661 6759.60990354035 0.0 0.0 0.0 0.0 0.0 0.0 0.0 0.0 0.0 8449.983955996076 8148.631594809373 0.0 0.0 261167.814135678 0.0 145380.70607543318 128678.34661616116 47590.12619399707 129216.32552889182 100501.56921347846 117410.49367894133 92049.00250357397 87930.40894811603 119986.94189317636 95218.82806500542 127247.04653996835 201552.11799676187 213445.2470789727 106886.00797790222 71319.88731655158 0.0 0.0 0.0 0.0 0.0 0.0 0.0 0.0 0.0 0.0 86052.37686575521 88833.95616743891 91765.27521665243 60202.029472018825 68764.69980713002 40184.23397849933 74547.37005098264 88849.96623377292 80211.35524523948 94621.15931744916 86029.98383446991 62945.481404507904 94639.41426881298 74473.07496329026 88848.77026356738 103224.17459891493 103230.98626481763 100353.13448562658
0.0 0.0 0.0 0.0 0.0 0.0 0.0 0.0 0.0 0.0 0.0 0.0 0.0 0.0 0.0 0.0 7933.107765006303 0.0 291495.2999013162 242707.81187217592 0.0 158757.6921431101 188792.03414780024 155449.0812004287 167864.5427118997 220235.12027346832 206201.96600272908 170795.83512189306 181598.2841573634 137632.30603686624 111474.88922159123 176029.55663223288 189326.9778665847 117149.57829880016 150838.2051204571 142665.05183253036 49828.91459515269 0.0 0.0 0.0 0.0 0.0 11727.268834831431 0.0 0.0 0.0 0.0 0.0 0.0 0.0 8653.944453790715 49085.562840876526 37622.10516957135 57852.771693346775 60636.352079369884 46169.04102404167 40388.67755701956 5774.769354115952 52022.20964838697 54958.78179732142 69315.0984737895 69315.0984737895 57817.5641789485
0.0 0.0 0.0 1430.848957051398 0.0 0.0 0.0 10802.529069560615 11058.21694140259 10138.45769134809 0.0 0.0 0.0 0.0 0.0 9938.21267906821 10042.531813742491 0.0 0.0 0.0 208733.41245841706 0.0 226366.10049035298 180903.07169488518 180857.467904944 180455.02893048187 187057.48577305197 41363.30546423176 0.0 0.0 0.0 158002.83102843238 39490.07271094167 201470.79411533452 198697.39087072824 0.0 213273.37457327842 42562.029900981 45274.639836438015 0.0 193175.3584926383 102214.38469232054 218724.05416156436 203657.98461814216 0.0 0.0 0.0 0.0 0.0 0.0 0.0 0.0 0.0 55399.84198858742 0.0 0.0 23401.04033179331 14624.638681712913 0.0 0.0 11707.37040673734 0.0 20474.594009136046
0.0 0.0 286.4750598114975 0.00023336748458655708 874.1512721618913 8625.33258869827 9688.94362739435 7826.8821435187565 11045.875972392105 7493.27850288399 2590.0771494896285 2060.7816345558203 0.0 8552.61170561609 0.0 0.0 0.0 0.0 251291.53645572177 0.0 0.0 199760.55376485054 216974.09391160472 43117.81170800959 0.0 0.0 0.0 0.0 0.0 0.0 230808.98475120333 190562.17778789566 67497.78243833847 119609.47967528521 133456.78539075344 133556.73038339155 121275.86903455493 9337.216723700009 0.0 0.0 31578.567144213215 103102.31811520965 190420.52607032502 190968.61876312486 218581.56409316298 146203.1305874111 0.0 0.0 0.0 0.0 0.0 0.0 0.0 0.0 0.0 0.0 102990.17506699791 88316.98925476856 76578.57430853038 85392.84722875722 105874.39939098727 94146.81786167595 91207.47381192102
0.0 0.0 6399.855537531689 58309.79435850609 0.0 0.0 0.0 28299.67628264355 18061.4162099011 13256.744423712038 1373.169262211827 0.0 0.0 48839.00066238645 0.0 0.0 8519.045714978822 242253.409466897 0.0 0.0 199514.9863177665 183669.789302034 0.0 220313.485412318 220494.31694045785 196229.61249067538 195867.01987407904 220657.3351653529 233020.38582511104 232723.0985068637 0.0 159555.3859392576 102228.47950403912 41263.751391532736 64692.89841699719 62086.5469910615 24602.963716982238 0.0 0.0 0.0 0.0 11304.941004721757 60866.83268266699 50253.35212077016 23912.402673558132 145351.5401852292 0.0 0.0 0.0 0.0 0.0 0.0 0.0 32719.32236620724 0.0 0.0 74156.30404222354 68223.61859270213 74076.52250629399 59226.90813092421 53377.93725528014 80079.13903976633 29622.90017639066
0.0 0.0 0.0 0.0 0.0 12280.655232508288 0.0 0.0 41545.50617031397 13497.538171286242 17031.054173101056 0.0 20093.153506619015 10391.131072929848 12089.52587447203 19276.172076688166 0.0 86351.71611691405 123616.21294297646 167969.26148755875 172676.68924196882 157378.996935833 196782.675140004 185116.40828207938 135652.8992995551 172705.5535652388 209807.07369933653 173031.62952536106 117480.48732674384 148067.52386886402 157776.50562103896 49332.79565769579 36938.59368523264 0.0 0.0 0.0 0.0 0.0 0.0 0.0 0.0 0.0 0.0 0.0 0.0 0.0 0.0 0.0 36145.068570893345 14440.897766344837 0.0 0.0 0.0 0.0 0.0 0.0 134699.9616631623 6060.495699210389 29004.898005089617 24436.45317918763 41782.35068575082 56763.025587515156 50905.539321237324
43235.7599029541 84061.99022979545 45223.02772866404 0.0 0.0 0.0 0.0 0.0 0.0 23562.421446363493 30606.101951130535 19398.325071415235 19437.653326059648 13874.799180144408 85884.12847052321 99662.19403727041 111760.39824738707 142938.73258259546 150458.02404786693 60538.58502742553 64121.844820816805 46747.802298868424 92848.93947918768 0.0 54017.808511374955 78148.87493457002 19090.70308022891 94159.76413358902 87735.7834522227 27397.66834790064 0.0 0.0 0.0 0.0 0.0 0.0 0.0 0.0 0.0 0.0 0.0 0.0 0.0 0.0 0.0 0.0 0.0 0.0 0.0 0.0 0.0 0.0 0.0 86429.6268390136 0.0 0.0 123262.65564310132 104097.0696457321 60302.619921138525 30931.391590752686 6181.553663792801 92691.23386614953 80239.96364536419
48969.400566817545 0.0 0.0 0.0 0.0 0.0 0.0 46603.022427457676 0.0 50513.939810414304 25271.181402162816 8434.81854715299 14048.261279519895 137598.4634647814 106966.21763446271 84797.55495433221 131443.88296749737 125584.18838555641 12555.712766151242 0.0 47556.43096491292 0.0 127148.28935330047 90043.96642139016 23468.099544148376 0.0 0.0 46203.67606002147 94701.75752291606 0.0 0.0 0.0 0.0 0.0 0.0 0.0 0.0 0.0 0.0 0.0 0.0 0.0 0.0 0.0 0.0 0.0 0.0 0.0 0.0 0.0 0.0 0.0 0.0 105714.89514994739 80901.09698502715 43604.775332005884 49794.38966184153 31003.148104379285 86939.97318393062 74528.22530129614 74600.50263930576 105564.16657118844 136789.83815771097
0.0 0.0 54094.16768911303 0.0 48037.43248542305 33659.305379261124 44262.61110744683 39572.09619540234 45169.5893081249 177033.30176341537 189875.05004920115 202213.79213584214 215115.3657828446 214879.42346122308 211247.22329362365 174262.54660147216 0.0 163254.9804847041 106433.01500458192 50750.06999032566 0.0 24243.725080922057 0.0 0.0 0.0 0.0 0.0 0.0 0.0 45508.93877866422 56148.017595478086 55163.59928060688 0.0 0.0 0.0 0.0 0.0 0.0 0.0 0.0 0.0 0.0 0.0 0.0 0.0 0.0 0.0 13098.016041900486 18284.809388659458 26849.557457378953 0.0 0.0 29540.033439783376 50117.55771282179 37017.51826066812 14751.482424485155 12420.561580917527 18805.63434559901 37627.455581967 18844.890179857874 62811.08069423049 106369.23904965304 112631.0532511635
55647.1248743054 47507.31807324226 51533.79481168119 0.0 0.0 203864.6887266735 203817.43729042495 191198.512810255 190932.24294922705 177501.9365372926 146628.0469285367 190792.7615339174 203601.3530690868 152618.45394560337 83199.76642340848 33253.19045018089 92300.73822634328 61512.47143542219 11638.104771066493 0.0 0.0 0.0 0.0 0.0 0.0 0.0 0.0 0.0 0.0 0.0 0.0 0.0 0.0 0.0 0.0 0.0 0.0 0.0 0.0 0.0 0.0 0.0 0.0 0.0 0.0 34076.176790026744 0.0 40477.80281837088 35555.22796902897 25355.234054493973 66087.46670719636 41493.62928904826 13255.571160252186 56579.55936385353 45902.140930508554 24333.4218141005 6323.22666821929 50492.10244853907 56885.17352129913 56947.13932408823 94847.31993389857 113794.66294782358 119985.76890513614
26775.48568756462 32300.812806572012 53373.53101159656 45889.34458635855 206390.19887744915 152456.13275319585 153666.5298805144 122833.20828013796 111926.72453327573 98578.76605317001 103929.99499113236 73571.18216656064 113712.58695785128 118708.14453628483 115587.85608100178 21943.180777631766 0.0 0.0 0.0 0.0 0.0 0.0 0.0 0.0 0.0 0.0 0.0 0.0 0.0 0.0 0.0 0.0 0.0 0.0 0.0 38610.453518768525 25724.830938424402 64149.51981308057 0.0 0.0 0.0 0.0 0.0 0.0 14459.19734943723 0.0 0.0 0.0 90113.63395157077 82275.4362413478 126313.26428455656 89444.44526099335 82682.41544324491 73287.12110584606 43431.8522726581 29812.070681142482 0.0 0.0 38070.784872185985 89057.57631264404 127319.21186186413 139813.54098892465 76187.76022718426
22980.1473052656 15823.487907912342 6952.303371115562 0.0 116230.57285314341 142080.41497093398 90629.68582522418 107500.3967549264 145747.44091810385 154777.50690459646 63106.38846146309 209282.91960045113 97389.81665981348 0.0 0.0 0.0 0.0 0.0 0.0 0.0 0.0 0.0 0.0 0.0 0.0 0.0 0.0 0.0 0.0 0.0 0.0 38749.17567702878 36888.39889721135 127745.43152307301 116339.88888276827 103177.38778289073 0.0 0.0 0.0 0.0 0.0 0.0 0.0 0.0 0.0 0.0 0.0 53006.322818981476 68076.75679531183 0.0 128261.85690415138 151144.440984065 136012.86386071114 133790.03458322558 129530.39559802637 151604.20355835187 82780.35641867305 113419.13398552565 38449.74551839141 25653.38745179624 57516.69006173697 57608.108449989246 57446.25767436241
2595.590281031085 0.0 0.0 9888.256929811978 104094.36277907525 130339.48683243869 135567.5440796875 169423.22187977278 85230.77679697053 33008.55189979511 155437.23571843668 105063.72878887977 0.0 0.0 0.0 0.0 0.0 0.0 0.0 0.0 13053.652276373394 0.0 0.0 0.0 0.0 0.0 0.0 13053.652276373394 0.0 26046.700014316193 51056.87661036913 38978.79175857459 90874.3209647679 65086.160400696346 65207.52490719754 78185.14850979314 0.0 0.0 0.0 76202.2841129186 0.0 0.0 0.0 0.0 0.0 0.0 39783.72926191545 92545.56835406389 75982.13611033955 211695.68032356398 0.0 0.0 0.0 0.0 0.0 167286.82310326985 0.0 0.0 38167.07922178416 143015.04662728746 62332.556452156554 55582.369203413065 100366.88570810654
2718.5689750714096 3069.3690305820382 2771.9045836345017 0.0 0.0 24875.498472339637 150548.24824812656 235987.93696044103 222934.1284372451 72772.72274728568 0.0 67976.12892944466 0.0 0.0 0.0 0.0 0.0 0.0 0.0 39236.487096004115 13068.773752242789 39356.36636977845 0.0 0.0 0.0 13143.899178374882 62613.904793861824 85798.48144647601 0.0 26272.83110595839 65704.52864122458 104941.30490940393 52410.51355747481 118068.9719961066 170373.86310048605 183564.22411632325 146660.51582484788 154117.93805170598 66618.06401759999 0.0 0.0 0.0 0.0 0.0 13295.935669680692 13354.199764990732 39952.354522630274 0.0 0.0 0.0 0.0 0.0 0.0 0.0 0.0 0.0 239515.45700452675 0.0 0.0 0.0 26200.070733341938 85370.62499629975 38350.071171845135
3699.561562652929 0.0 4087.302048489549 5018.177127905645 0.0 9996.846772965077 196348.14591725607 224157.24601662668 237498.97152943932 49860.49203891024 53782.480975516395 41612.8548424222 45791.458613291965 24683.362752349054 0.0 18382.28674013756 85573.13219490161 0.0 0.0 39595.684803182194 13188.521528525562 76900.26135750502 79205.2246547608 50483.52413319899 66106.38887056358 39476.53700437598 0.0 13233.153997718977 105776.3434472266 158410.04956937884 171717.75196398757 0.0 0.0 145266.54951606976 197722.46093285302 237571.31363501822 237721.89651841027 147617.02502411982 134238.07966326407 40286.67863222667 13454.003834870464 0.0 0.0 0.0 0.0 0.0 53650.036061586565 93740.02995079434 120678.07392951049 0.0 134388.92508766084 0.0 0.0 0.0 0.0 0.0 241552.74306375562 227992.89493427915 0.0 0.0 199105.67526026457 0.0 30393.883033458285
5046.173417472465 4762.475731672747 0.0 4613.804467809723 0.0 79242.11857294099 158994.71400800333 210712.76091861087 225832.6275465754 212054.93136138245 142935.14961613345 45847.491822892145 50348.006821038674 21859.116523142307 24617.60427752935 88338.32285553726 74398.37286107082 18766.776251617255 33691.21724515174 22688.366726263062 13306.621122339835 117250.75931618667 106439.12736086402 199219.25997251275 212481.60552216056 172943.6083266423 184470.60407296705 145920.0250893566 172838.8145435068 212597.08901103964 225830.10408500198 199349.53688703207 219651.97039638556 260487.68869608067 248190.88968212833 252546.5472487751 199158.80506684224 225800.93359752808 216132.29946317882 175844.84232031842 40586.40624553924 81098.42433955 108260.44337059584 13528.840679686218 0.0 0.0 0.0 13513.920651947921 94343.11206619345 91640.50644579853 133814.2040273995 161897.79529842833 215863.33251712596 243115.01853302532 0.0 0.0 0.0 0.0 0.0 0.0 0.0 228090.5539930391 232427.20895843732
11339.054644670516 75861.65887429638 95217.99603133515 46699.466553547914 0.0 0.0 93449.97911285728 101305.78738123731 186033.05426830446 182235.90876556444 224766.4615885447 205340.45602144318 240816.24877155334 254079.64888350558 200692.7515840067 0.0 0.0 39640.793869724155 101813.3705218972 145788.8948799024 119444.46007141253 147362.97794313592 240353.08525473476 253919.3529830289 213664.5080150034 213925.7177572811 147057.9920484078 200131.88755937503 213737.39393967227 0.0 0.0 0.0 0.0 0.0 0.0 0.0 254093.7397755856 0.0 203910.48299112968 217592.4843086097 188347.53741907215 95382.58986014986 81474.99733578337 40779.25514585341 27250.078252904757 68161.94916640954 40882.468086378976 11588.241250757761 27264.779666661707 0.0 54455.73112805185 122263.5980036433 159784.57328907773 190567.85417114798 0.0 0.0 0.0 0.0 374567.92414574913 340724.3322345473 337312.715802121 211583.90238967683 217594.29588818067
200409.06038944286 76923.43155708534 73463.73417413697 115479.96964709739 132161.21194610128 60138.18921227456 0.0 0.0 114052.84157077465 166776.5618444385 207225.58396359012 215055.87744544836 201947.06420075984 201760.50713559784 174613.09822816643 214980.73826290012 241318.74481851113 188007.8118639169 185748.5753556521 240098.5119131629 174642.58042523585 186589.1649784276 147882.07945960856 175000.53290250408 215571.2093829838 215485.1052094731 214182.328775142 0.0 0.0 0.0 0.0 0.0 0.0 0.0 0.0 0.0 0.0 0.0 0.0 0.0 218966.5467444518 218835.17352310638 0.0 136967.2781589928 123305.60631109319 148950.91982866582 122969.87406290139 123436.72136870447 143594.5252415719 109702.04581957943 150395.5465458251 147187.20073673502 44875.02211399377 178214.7668807674 49385.0332841265 0.0 0.0 0.0 0.0 351723.0413921974 346475.7649864958 346122.6301153602 231086.496641949
171073.83580503686 146150.35482320847 110277.99000378979 349622.66637879936 316179.89640043466 232352.03349019552 110837.01640095256 44803.38796763774 6737.9479957689 0.0 0.0 186805.65771787983 0.0 754162.8666195336 753994.016658044 0.0 121736.58508684997 162448.6444899665 162632.8496470508 0.0 0.0 0.0 216682.77090402818 270931.7265015274 243701.02799947342 229965.04259556995 0.0 0.0 0.0 0.0 0.0 0.0 0.0 0.0 0.0 0.0 0.0 0.0 0.0 0.0 0.0 0.0 0.0 192687.45639789128 206624.01484082054 206407.8436554187 220531.75850010198 220531.8760991006 44767.37094124411 44779.08292584048 44705.614042748704 0.0 234122.15534007884 234237.75813005978 234078.89521194517 0.0 0.0 0.0 0.0 0.0 329320.0536846424 221355.01879709878 196068.55964155958
0.0 0.0 0.0 261710.17917019228 227040.64818590446 164869.33161382983 44985.04539223768 75896.24868517078 42031.73449129856 0.0 0.0 54069.689601744394 865290.3539990198 0.0 976656.9457061049 1018902.94135063 758816.5360150579 41527.259036325886 44195.34567545758 0.0 0.0 101112.40268637652 97208.43887210362 107057.65653289863 118783.23011108115 117434.98850655578 130728.86779985332 130771.66413293954 130722.7327017099 118783.42880836116 123196.0989494379 0.0 0.0 0.0 0.0 0.0 0.0 0.0 0.0 0.0 0.0 0.0 0.0 235868.2959994521 0.0 235697.35974279942 0.0 249561.0173257132 235768.38354141367 235882.6837916378 0.0 46195.84035568795 235882.7425916672 0.0 0.0 0.0 275117.07612824906 0.0 0.0 0.0 217245.8714851552 204857.45275404476 200210.74337810738
0.0 0.0 0.0 666577.8600804489 701551.9442144519 219632.01363262907 46703.400893224236 43231.971767044 92300.45231505018 0.0 52342.24164308325 52159.93029439241 325306.18212172826 926406.8974019762 1035874.5271904686 1035983.2265308595 105631.87166055516 113549.57387010759 119365.37429493919 97708.79584058598 0.0 113500.74765001978 0.0 0.0 0.0 125518.3700357417 0.0 0.0 0.0 0.0 0.0 0.0 0.0 0.0 0.0 0.0 0.0 0.0 0.0 0.0 0.0 0.0 237350.67580755174 0.0 250891.156110106 251186.66745783744 0.0 0.0 0.0 264783.9194603259 0.0 0.0 0.0 0.0 0.0 237997.03181131408 0.0 0.0 0.0 0.0 212174.69367494492 208886.74704999916 242940.13177963818
0.0 0.0 0.0 0.0 795.9347795968488 0.0 383534.82123338873 120353.25420422421 49302.13565529628 51476.013956298484 105381.13582474919 190861.35826859935 0.0 272586.714185475 822472.3228547686 0.0 101668.91683067777 101684.62925533629 0.0 97770.6988135779 98218.11080394115 102257.25539149466 0.0 0.0 0.0 126381.2628852623 0.0 0.0 0.0 0.0 0.0 0.0 0.0 0.0 0.0 0.0 0.0 0.0 0.0 0.0 238591.3473433934 210415.76584422754 224309.01943578414 0.0 0.0 0.0 0.0 0.0 0.0 0.0 0.0 0.0 0.0 0.0 0.0 48231.708469114164 48142.685673149004 0.0 194073.77404264695 205107.843517216 197162.21455918427 343367.83675016655 220164.75640577025
