Model Version1.4/trunk/output/1999/nle_nfix_gw.asc
ncols 720
nrows 360
xllcorner -180.0
yllcorner -90.0
cellsize 0.5
NODATA_value -9999.0
[rows 81 to 107 of 360, columns 480 to 539 of 720]
0.0 -0.0 0.0 0.0 0.0 12.782175906553483 0.0 -0.0 0.0 0.0 0.0 0.0 -0.0 -0.0 0.0 -0.0 -0.0 -0.0 0.0 0.0 0.0 -0.0 3.202772908420334 0.0 285.4142121677453 4.464508429200956 0.0030410556446506445 0.0014705024611161006 0.1411270264179321 0.19980641587865255 219.98767247677952 0.053556120620578566 0.3346446658495242 0.01484176944558218 7.364656967979638 8.420119224522033 0.02883251044016065 11.502818322516898 0.2827330155198635 2.814397051462479e-06 0.003909782634837533 8.328851724456316 28.68388911609601 44728.196800476195 146712.10757196427 175649.612759521 33112.548260134245 112336.61373855514 97912.97889407894 159371.57562457706 88.48530353107732 238.61252578732768 380.494244312343 773.9996501359387 1.5584092578281816 -0.003161984795676392 52140.772875565104 5.6083807049125385 46.29119155654509 0.9831387540925097
-0.0 0.0 0.0 1.5887864516740335 -0.0 -0.0 -0.0 0.0 -0.0 -0.0 -0.0 -0.0 0.0 0.0 -0.0 0.0 -0.0 -0.0 -0.0 -0.0 -0.0 0.016750281581483617 9.027016693138846 29.07884527116205 -0.0 9.685460124742976 0.019404726189611678 -0.0 0.15406171548477615 0.23828802052545736 0.017965933392239543 0.0 0.057470589835917504 0.001160122816261104 0.0007584962303166759 -0.0 0.0014529882429697458 54.83987917904276 21.873913700018804 -0.0 12.750294063341812 12.829811165016517 100.10394425368487 34.93364004118161 35.62068363220379 88.91959672187019 0.2566987230583974 113.24733326363342 173269.0758541544 21660.71433131154 369.74386934565683 11005.426264709833 250.8416184712164 94564.43585097267 8924.734751503323 46700.29337034167 -0.003513090614209813 53886.67890206943 80.01971921517726 170.72779877394916
-0.0 -0.0 -0.0 -0.0 0.0 -0.0 0.0 0.0 0.0 -0.0 0.0 -0.0 -0.0 0.0 -0.0 0.0 -0.0 -0.0 -0.0 0.0 0.9191979287981801 0.44999067729880127 -0.0 -0.0 -0.0 -0.0 0.0 -0.0 -0.0 0.0 0.0 -0.0 -0.0 -0.0 0.0 -0.0159594120784428 -0.004187375909706729 0.9174499416015612 0.0014286230130843276 38.637916983914074 -0.02724633143964933 -0.024054449297916208 42.59021866344596 24.331578236633177 254.25901082984836 786.1126661708124 0.0 -0.0 224.2470759120916 237.95634142159852 0.015369792663135623 44944.366156301854 55460.69626866628 56686.963690389835 40254.4722829628 56745.04495943451 48525.42064825784 -0.015844582573452944 0.020384762679127495 4.470362358397644
-0.0 -0.0 -0.0 -0.0 0.0 -0.0 0.0 0.0 0.0 0.0 0.0 -0.0 0.0 0.0 0.0 0.0 0.0 -0.0 0.0 0.0 -0.0 -0.0 -0.0 0.0 -0.0 0.0 -0.0 0.0 0.0 -0.0029202781914262252 -0.0 -0.0 -0.0 0.0 0.0 0.0 -0.0 0.0 -0.005672840264294419 362.0915896112826 69.76649577215409 64.54783274340474 55.80283073690663 151937.11447915036 149144.7979631066 2119.7904595709683 7914.781614750805 4789.8043879902725 0.0 85.81463267171111 0.0 2082.9762892938625 10435.474276895278 10197.025626403654 8691.365387803466 24717.43215260367 12377.946033936754 33428.65276522495 6444.321351374973 53434.01584512789
0.0 0.0 -0.0 -0.0 -0.0 0.0 0.0 0.0 0.0 -0.0 -0.0 -0.0 -0.0 -0.0 0.0 0.0 -0.0 0.0 -0.0 -0.0 -0.0 -0.0 -0.0 -0.0 0.0 0.0 -0.0 -0.0 -0.0 0.0 0.0 -0.0 0.0 -0.0 -0.0 -0.0 -0.0 -0.003439064803659205 -0.017624467495085158 0.0 -0.0 -0.003944616555186739 12594.213191821713 145635.5406933413 164028.11926187677 147725.8701458917 28317.06854228629 155261.5480907481 3347.787010410326 638.8748757914503 108525.33702358915 96458.43044540523 245704.48151028086 -0.014110759559708613 9745.412329609942 50837.40075060393 3004.2692562384113 -0.004001612620132937 1600.7971764007211 22877.11461942243
0.0 -0.0 0.0 -0.0 0.0 -0.0 0.0 0.0 -0.0 -0.0 -0.0 0.0 0.0 -0.0 0.0 -0.0 -0.0 -0.0 0.0 0.0 -0.0 0.0 0.0 0.0 0.0 -0.0 0.0 -0.0 0.0 -0.0 -0.0 0.0 -0.0 -0.0 -0.0 0.0 0.0 -0.0 0.0 -0.0 -0.0 0.0 27874.629003566286 118703.6653673431 -0.018555166970294926 17068.24068915905 318017.91584790737 475826.68595529627 130635.61478511589 48248.86626371563 145976.13043441813 64254.98762736015 115358.40667585254 -0.0 0.0 15278.629940040986 915.6669182033828 -0.0 0.0 77.8205807641469
-0.0 -9999.0 -0.0 -0.0 -0.0 -0.0 -0.0 0.0 -0.0 0.0 0.0 -0.0 -0.0 -0.0 -0.0 0.0 0.0 -0.0 0.0 -0.0 0.0 -0.0 0.0 0.0 0.0 0.0 -0.0 -0.0 -0.0 0.0 -0.0 0.0026674708462392513 -0.0 0.0 -0.0 0.0 -0.0 0.0 0.0 -0.0 0.0 412.10451198565926 5202.632850831274 -0.0 -0.0 70248.39033707525 73918.93246210835 26361.49869023004 28075.180110402034 0.047460443074042104 -0.014052281800919632 -0.024327538128934487 3053.095167789317 0.004871893121241299 -0.0 0.0 0.0 207.57040509952222 220.06782332757552 2076.3204662351054
-9999.0 -9999.0 4.068154906739465 11265.881388101277 0.0 0.0 -0.0 -0.0 -5.441263449297741e-05 -0.0 -0.0 -0.0 -0.0 -0.0 0.0 0.0 0.0 0.0 -0.0 -0.0 -0.0 -0.0 -0.0 0.0 -0.0 0.0 -0.0 -9999.0 -0.0 -0.0 1.5517953062857767e-05 -0.014042897659852949 -0.0 0.008190168659709458 -0.0 0.0 -0.0 1.707226535827674 146.73422134699433 812.3744100207521 576.8365690140511 1042.748844250733 133597.46799065956 6.834642295223351 -0.0 22599.931407860306 7670.090406201707 4382.781108928458 0.023426256594843098 -0.0215432429102568 1.6534148895224395e-05 -0.0 -9999.0 0.0 0.0 -0.0 -0.0 -0.0 -0.0 0.0
-9999.0 -9999.0 -9999.0 0.020299859583118935 0.0 -0.0 0.0 0.23659507964048337 0.0 0.0 0.0 0.0 0.0 0.0 0.0 0.0 -0.0 -0.0 -0.0 0.0 -0.0 -0.0 0.0 0.0012812447907971521 0.0 -0.0 0.0 0.0 0.0 -0.0 -0.0 0.008221511259340524 6.393155406392207 57896.25419794864 58456.71293175962 59481.83946504949 140022.48597279395 127822.01689861622 32281.389122632507 3193.4137378255427 4964.788036475259 1412.2037120352481 7410.726047704804 176096.970430963 9337.862135103518 0.027429435788658866 103885.17600599657 26931.31737841606 110129.54255592091 55444.77079137373 0.03848419379444175 1912.8397336487437 11194.09477399252 -0.0 -0.0 -0.0 0.0 -0.026648487788669264 -0.02011354540864515 0.01446866211015053
-9999.0 -9999.0 0.0 -0.0 -0.0 0.0 0.0 0.0 0.0 0.0 0.0 0.0 -0.0 -0.0 -0.0 -0.0 -0.0 -0.0 0.0 0.0 -0.0 -0.0 -0.0 0.0 77043.27425717787 50454.124683721784 0.0 -0.0 -0.0 112078.10115343668 117753.32738541109 102566.77055011646 112826.52630488023 60411.63592454903 118825.05579005693 137698.25514989323 151199.3899690509 133816.3561498486 411.3716057622714 32.88155115199179 -9999.0 82780.73907108766 42748.188900712106 150206.77412211633 87493.83165215282 19235.069179106784 0.0 182.503579630407 60088.00427006517 92161.37796301383 118240.66091760951 106934.74568121342 100471.83229852974 67278.96592841396 759.4807073011904 -0.0 -0.0 -0.0 -0.0 -9999.0
-9999.0 -9999.0 -0.0 -0.0 0.0 0.0 0.0 -0.0 0.0 0.0 0.0 -0.0 -0.0 0.0 388.3144563230448 0.01877447406758008 0.0 2.4942519005231794 0.0 0.0 -0.0 0.0 0.0 0.0 63912.89518247693 58319.62318220847 60015.62235704802 139074.73981175627 123560.29480452118 124059.02474204458 140577.0680633067 129192.56911392247 129057.12974732347 113129.64273459878 142509.40910742208 147460.87817012632 157191.50506205505 159857.46928601482 152702.49988854636 160558.30218052282 37207.83977012983 232039.14477010295 39957.532867607144 39675.84960325755 85575.23411231369 5125.545134149762 6648.7674134624685 6896.223844827409 33030.36661796531 1725.08817627509 7679.415931465987 70488.1298422536 70587.85472519646 92337.82004110974 117162.49985465269 59799.26343669023 23827.290711373207 67424.52411104461 31566.671331635083 45868.003499358914
-0.0 -0.0 -0.0 0.0 0.0 -0.0 -0.0 0.0 0.0 0.0 0.0 0.0 -0.0 0.05897391707769583 171.0594397196807 220.52124037314027 -0.003597568073761462 233.40735175322934 0.026361532968082767 161554.7817679787 133597.5528520191 140006.9179791966 70220.68159991562 174482.4117432543 169596.98349490538 175612.60177688685 81294.75446911276 35925.234216462224 112271.36909954385 147115.5417610581 157609.46764100218 0.4686229744406381 6.770777654783957 703.3009940067873 125438.14232712424 102381.85637811192 110728.90853771949 101605.02952801113 93015.09065613283 2402.526000026675 353.4097988861423 378289.9529112884 593468.2368121989 617367.6188148629 6684.310829235227 151326.40509227075 32108.793317942716 25140.014551836426 12450.469991925944 0.021802283903640394 3443.517170350548 41981.323701704285 95513.55052651271 247608.05378410275 345697.6525022743 179689.35274388685 67373.11398121773 17208.32825532721 23206.600013671963 59918.585381071585
102409.87404473718 2788.2221013663393 0.0 0.0 -0.0 0.0 0.0 -0.0 -0.0 0.0 0.0 0.0 0.0 0.0 20.708653656157182 151268.61044938467 178100.90494230203 145662.24675366122 -9999.0 37929.594119761045 38542.87144291973 1056.808856086024 32493.40680591836 100515.80530039524 181363.41793044395 100720.03981442639 36961.82205023479 74113.14235201664 40281.88959816251 10220.645832462671 2883.1565116780835 12728.531429483477 1311.4826715812258 34059.23536246926 8301.384281337056 3427.627419571694 106499.84970681912 26384.934999722384 94953.47461234452 94471.58961069529 139539.2118699796 81291.75670670214 37581.3792350094 238195.4446930417 272334.4531443259 30662.68874699841 33948.56663223508 112602.12382988549 99286.49452071832 97880.37003183231 67604.57620236231 83406.43322572147 64964.97925191608 97197.43764772633 43908.723312586095 91863.5111930665 31817.461026063702 1498.9059500892645 0.0 0.0
16659.026421808307 1920.0083035796406 -0.0 -0.0 -0.0 0.0 0.0 -0.0 -0.0 -0.0 -0.0 0.0 -0.0 -0.0 55842.018195038436 61009.60894390552 170557.29210206855 173092.5935499527 49509.89281412708 43936.18263874921 692.2771710450025 5731.121904223618 24995.036281649704 134160.41846279748 157236.5597592945 107728.16639086453 31342.229430214113 27628.999951582326 151153.33035426406 132564.050488414 136377.56769718547 8527.372383372745 7179.870064398777 7220.802908833185 32736.838395798142 65910.79027261096 151513.56319171333 16930.25695837078 97414.4590860277 161367.20800606904 28680.424787751672 44439.04707650563 121353.95800842247 65522.61206851089 4651.626744338909 0.040456587724121966 77619.3688027409 40863.744733025494 91774.90021901752 88378.9224636276 40491.73520048326 59284.04918603053 61304.84010025507 31749.04391832253 90565.17899370549 14758.99291499465 4386.7095329999875 19745.990179552424 31089.99955664315 40560.67543326792
33312.019613040364 -0.0 -0.0 -0.0 -0.0 -0.0 -0.0 -0.0 -0.0 -0.0 -0.0 -0.0 -0.0 0.0 152556.48995725304 406.5756449373423 171623.68552537187 687.1747742354733 47378.3014276022 26741.533773420277 1942.0735791464526 5506.973826819883 6307.722381243661 96641.65839785438 111863.17225349508 104185.05703043613 112750.51048963967 49922.00871701769 102653.42643519989 5707.800884499593 133706.29914808372 140924.69938690442 0.0 0.0 1457.7255547291861 76261.17547573587 6829.709529264219 3795.5999743195503 5139.417622258451 -0.025444309883693547 -9999.0 -0.008632023640611703 -0.023239950791435607 3271.0603253817517 19983.331484484068 414.1516118369794 497.0277600353389 -0.008514437479029255 0.00017388218767262209 -0.012424836215779276 -0.004939236967868236 0.0 62578.056955810025 52932.72711381376 4914.614576541964 0.0 0.0 -9999.0 -9999.0 -9999.0
224988.64256227706 192488.57155223485 44262.5765127919 0.0 0.0 0.0 -0.0 0.0 109.4881184474515 0.0 -0.0 0.0 241799.64255803693 148265.37924288862 135091.03277284122 35675.77670700796 96214.34056192532 32082.105287821407 39122.134235974845 18978.085817545743 82145.46050250813 1082.8601012901388 96364.85479979377 94863.55410596271 12132.838179833256 5718.603068669395 12047.861126585767 78197.37483414802 84961.54974143865 113403.6496709621 106675.34283637062 110191.92121231221 117194.98249502292 7601.062043233069 2.8145960687338296 66.30332610515644 0.0172421348975892 0.018243022566583417 7120.539053987133 22.389338224580367 17773.036260745008 22699.539129245193 6266.523430960193 70336.92703309703 62070.733797137254 73291.29209643303 54912.077423016155 -9999.0 26520.214633006908 13963.225026581846 3910.183006007577 29950.48088141892 47799.026473511025 48435.38205257239 -9999.0 -9999.0 -9999.0 -9999.0 -9999.0 -9999.0
8621.066031725497 20891.094552690938 57993.26859343481 243.4638183857434 0.0 -0.0 -0.0 0.0 0.0 258.7642226757695 -0.0 0.0 0.0 -0.0 -0.0 1251.147591975171 1834.784630355975 154200.35252187372 471192.6534599628 39520.36059243411 2889.4133847539642 3.9736298456823005 22182.612285020263 346895.17475046666 23297.325946734887 129525.97442240863 82956.82374366833 78177.22709630038 67753.03746019641 66473.37930667198 73277.95701592606 14669.100573277392 70872.50135421635 21.8043755318262 -0.019770695850365252 -0.0001809582526906756 -0.022661280308808405 7638.966916001427 29832.602210469053 49413.93995134025 66038.14162640102 39188.73772507226 -4.008708737221292e-05 -9999.0 23446.79428432946 159230.24334100977 32021.17934393809 7020.126385246098 794.5229846008386 -9999.0 -9999.0 2232.5471483751157 15652.978162699701 -9999.0 -9999.0 -9999.0 -9999.0 -9999.0 -9999.0 -9999.0
-0.10011136352451981 -0.006366024948316109 0.015228456593832292 -0.0 4583.552817978841 0.0 0.0 -0.0 0.0 -0.0 5.395784396571541 4005.7114455944243 1000.6616366906819 0.0 -0.0 276946.81992939155 289281.1808826766 592954.121567821 530983.5307031474 56279.6744727755 7778.643108334279 298926.78713586717 247118.07155436187 304852.956267978 530177.0068490398 397476.60407744994 24859.12204584757 84835.47427737803 -0.01812661995849444 266.59217930358756 1110.8085770760042 -0.011101692171664342 0.004508719422395917 0.0008523101572374204 -0.030126173676530137 38712.14486083213 44293.53114578377 0.008759729051416082 420.9292845149987 805.6973795003615 145281.49520438493 36389.400340386535 35888.109703410795 30686.878347758633 -9999.0 314.96569314978683 -9999.0 -9999.0 -9999.0 -9999.0 -9999.0 -9999.0 -9999.0 3130.5763859979147 4901.601527704362 23109.503561770412 -9999.0 -9999.0 -9999.0 -9999.0
-0.0 -0.0 -0.0 -0.01660146897047204 1511.1341785852792 0.0 0.0 -0.0 106758.1370869135 251982.41318152638 188604.20643343678 55836.896529993 80013.84463822203 57565.12429011804 19867.39472977135 331717.49954631785 436082.6449787214 424891.2627609732 400732.97503978945 182295.53283456046 51482.22128595057 319458.5870103718 208723.6628428636 157601.22100609442 22392.056484083154 14569.95831717785 6273.531604763638 58237.120451508184 43259.37745247248 0.021413398062530054 -0.027178876662412647 0.004324744796282994 0.0005547814441042603 178.7318350410842 70.20210680042518 -0.0 0.0 0.0 2070.8316918261403 4026.4204771860936 21667.60270082751 14627.830524179146 659.7872004657423 -9999.0 -9999.0 -9999.0 -9999.0 -9999.0 -9999.0 -9999.0 -9999.0 -9999.0 -9999.0 -9999.0 -9999.0 -9999.0 -9999.0 -9999.0 -9999.0 -9999.0
-0.0 -0.0 -0.0 -0.0 0.0 605.6365148927766 90.20204253323033 25938.55479768213 146785.92920748732 99932.85183754352 4243.163288287722 167383.94200856128 336778.74339257966 260179.09552686842 240655.4503900485 38784.01309628069 2950.832541474816 4656.946426656531 119799.94233138107 2521.1941572198766 1318.0956924395832 1742.2536039573297 2156.9353760525005 360.65975541573545 1521.3641910955046 1736.322343780493 967.1571586094592 -0.012183286323854257 6940.614477619328 62.19519563423754 6613.764805965454 3792.9610020248792 47432.93824044078 42381.90364367906 13731.802194114865 9289.685506759943 5762.170398113616 28932.876280861037 38928.58661046656 3107.201019660675 -9999.0 -9999.0 -9999.0 -9999.0 -9999.0 -9999.0 -9999.0 -9999.0 -9999.0 -9999.0 -9999.0 -9999.0 -9999.0 -9999.0 -9999.0 -9999.0 -9999.0 -9999.0 -9999.0 -0.0
-0.0 0.0 -0.0 -0.0 0.0 1391.0062606360839 31724.856491269496 86578.43815703382 14.789596789036974 25420.40604664489 64292.810305550964 268876.0489236625 201206.7722889071 263926.05121205404 24263.035574933958 12553.554669556479 405.19392194830675 0.0076428950111582334 -0.0311686069668582 0.022424779451900655 860.5855208266972 2446.3667855069584 0.01501920135222346 552.1679091342687 1017.8882795059434 0.004428566993117606 0.0030646939639501084 -9999.0 -0.04080214345128314 0.03243958039550854 6940.6369558683555 122978.47087507867 96307.53076344074 58540.1608446933 9151.942510175064 51595.850095611226 10838.338469330762 -9999.0 -9999.0 -9999.0 -9999.0 -9999.0 -9999.0 -9999.0 -9999.0 -9999.0 -9999.0 -9999.0 -9999.0 -9999.0 -9999.0 -9999.0 -9999.0 -9999.0 -9999.0 -0.0 1025.2106996785335 278.7715785999983 0.0 -0.009650420705013235
-0.0 0.0 0.0 -0.0 0.0 -9999.0 247.9207782657761 34027.67558888937 16171.380328928382 1098.8412036757159 121142.99360755082 389776.1603611636 294784.64563310577 91379.54670709475 13817.67546121668 12826.57893441486 23824.41929718874 142030.38271599295 86567.48196259642 62335.24251165751 61035.120824473954 0.04255799561547229 0.02700451207375268 0.0222994136160464 0.0038411790031693057 -9999.0 -9999.0 -9.838787879679527e-05 -0.00043487510579778057 -0.00784073920409415 -0.03895508047244434 0.004066879388796302 77708.77473338465 6314.783104388796 85318.90519238869 28182.300548377872 -9999.0 -9999.0 -9999.0 -9999.0 -9999.0 -9999.0 -9999.0 -9999.0 -0.0 -9999.0 -9999.0 -9999.0 -9999.0 -9999.0 -9999.0 -0.0 -9999.0 -0.0 223.10594232744262 -0.0 -6.700672385564704e-05 0.0011136438899929486 -0.0 0.0
935.574885312376 0.23436342886739073 205.4373651342142 12368.806841868203 1528.4658178068414 -0.0 -0.0 0.0 14370.335134309495 14315.201286791365 11968.013059628405 7586.066076210507 -0.010393487649248911 -0.008668098026550383 2345.48754843042 227047.59483345284 63089.38417219517 60317.105697673076 27710.07361903155 8630.611258433815 69461.9747726591 2252.6346416803763 527.6955974328334 -5.81157081072591e-05 0.004300164434911121 -0.004289649146336235 -0.004332841369622191 -9999.0 -9999.0 0.0 100.97529956742112 -0.0295293412520486 -0.0 19841.42847699769 310783.6762050885 17589.865818329294 -9999.0 -9999.0 -9999.0 -9999.0 -9999.0 -9999.0 -9999.0 0.0 0.0 -0.0 -9999.0 -9999.0 -9999.0 0.0 1174.5289241360413 21608.12307930726 -9999.0 -9.661698670272864e-06 -0.0 0.0012149129294709573 0.012134432511904065 0.013162555558025434 -0.0 2847.4496263996193
40082.30164002958 44649.703098393795 11257.576721142299 147563.51829753758 46330.12116275854 905.7355659923597 15.559419968642022 -0.0 3.805758636793844 701.5513654670683 39359.55363362554 29000.992470997866 4237.758872505326 45153.719117195295 126172.10567213214 108211.61281875517 5997.771924776877 352843.2550535108 12985.352273649261 67802.06477960417 89261.5303377554 1550.815450609683 1696.7586285321513 337.83942324487185 0.0005094173104203489 -9999.0 7.77390449753648e-05 -0.004512235221366017 -9999.0 8.988901996279595e-05 227.49875021507415 3.153299118697845 -0.0 109.56346350460488 95534.2724134436 12740.278026200787 28535.605165196597 1127.7535586818012 -9999.0 11489.79904613525 22713.742983332715 -9999.0 -9999.0 0.0 5.797896645355172e-05 1108.7821663482634 0.0 930.9103367819584 -0.0 -0.0 -9999.0 -0.0 0.0 0.013627766331116039 -0.0 -9999.0 -9999.0 -0.02962955956876463 0.0 -0.0
58405.49591043878 46833.85042037437 35298.79330590237 3205.365290503475 34867.53721021093 0.0 -0.0 -0.0 0.0 553.2005136196885 86353.08831608699 17959.525071055257 211358.14111192778 102145.5878264222 30963.10460324378 72858.66114987612 58856.31952703208 484880.60041464196 435433.82090371236 29261.61177082591 2649.5942281143793 11656.38859256731 62279.48459106505 0.039664009126494065 -0.00448392394071819 44.09707701250737 -9999.0 -0.004407099202375733 -9999.0 -0.041243754984044756 98.5272941654183 0.007677418565849256 0.020668021502272562 0.0 204.1701580142142 5282.71501835908 1213.1044102603441 25857.98091820022 1152.8335783611676 136738.64765263136 33186.54479874862 17703.199667355253 14913.86235305885 2043.4272395538087 -7.362320975966146e-05 560.5665330284598 0.0 -0.0244895956480719 -0.03177627404365388 0.0 26.552020991085747 10.517769585470111 0.0005122736055249384 -0.01815857617656154 -0.0 0.0 -0.0 -0.01818016327349863 0.035270137322465214 21735.15287011741
4561.794731811422 4118.659365689588 15080.192246454108 -0.0 5112.772026818027 401.4761321189583 -0.0 0.0 0.0 386.40001486024937 62337.534286548114 272081.9789041349 299095.8819067279 459767.6159961867 88692.07656464186 72079.51540564459 11870.432302203753 257971.85998575308 191268.49289726 25437.977932541857 85089.98711463434 104471.32522988325 72332.37852959141 3738.040301101547 205.15963110672396 198.28043153228006 699.6374539764618 -2.847831231685625e-06 -9999.0 -9999.0 0.0001367234509454523 0.03460591935404258 -0.01617228316069457 -0.035501398674270275 -0.00027664431783233217 -0.003369176841364591 0.007508562267326979 0.0 -0.0 -9999.0 -9999.0 73.22231979780695 18761.617283064184 32590.30492165394 172.94205137981092 -0.0 1.2519793037088434 0.0 0.0 0.0 0.021506750225140835 -0.03867715122068277 0.04375796188450257 -9999.0 -9999.0 -9999.0 -9999.0 -9999.0 -9999.0 -9999.0
73860.57501314528 22220.70074780404 31351.563835377907 0.011505555132278578 -0.0 10402.033941533147 2.056782131546382 873.6099667677651 3557.757762168234 140305.36241130103 2818.4238427738997 42707.79491891525 7994.866723742967 13803.170014843206 426.2607876670004 31028.466428649426 5232.771399010582 66299.22596550501 142965.79559476316 83166.11406086979 5695.091115470093 2635.8165503023974 480.6648775512714 143.86915421356906 3887.327449403131 6.201687743559466e-05 1376.5599367975321 1193.639354156417 3646.9643929286494 11796.141166824711 -9999.0 -9999.0 -0.03982196146523336 -0.026123442131596095 -0.03545376329056014 -0.02117358596269781 0.015366516711518462 0.0 -0.009944883938486424 0.0 4.031690927813079 1.6291070043230838 148.38646899771226 45.06971660227816 28.40506873569427 0.0 0.03330631801619084 0.013559124647868556 0.0 -0.039760360981756095 -0.011081121033508265 -9999.0 -9999.0 -9999.0 -9999.0 -9999.0 -9999.0 -9999.0 -9999.0 -9999.0
