Model Version1.4/trunk/output/1999/nle_ag_crit_gw.asc
ncols 720
nrows 360
xllcorner -180
yllcorner -90
cellsize 0.5
NODATA_value -1
[rows 185 to 221 of 360, columns 166 to 248 of 720]
-1 -1 -1 -1 -1 -1 -1 -1 -1 -1 -1 -1 -1 -1 -1 -1 -1 -1 -1 -1 -1 -1 -1 -1 -1 -1 -1 -1 -1 -1 -1 -1 -1 1207087.0914607197 7614180.446628618 1855153.3901096415 16069717.864679098 3259445.982762209 139442.94227140563 0.0 44277.529799475175 0.0 0.0 0.0 0.0 0.0 0.0 0.0 0.0 0.0 0.0 0.0 0.0 0.0 0.0 0.0 0.0 0.0 0.0 0.0 0.0 133733.9091132233 0.0 0.0 0.0 0.0 0.0 0.0 0.0 0.0 0.0 0.0 0.0 253868.55663342602 0.0 0.0 0.0 0.0 56609.431548687244 100930.09921626525 210312.59890886676 0.0 0.0
-1 -1 -1 -1 -1 -1 -1 -1 -1 -1 -1 -1 -1 -1 -1 -1 -1 -1 -1 -1 -1 -1 -1 -1 -1 -1 -1 -1 -1 -1 -1 -1 -1 2237189.7622027188 6729469.936792184 2930156.2438787543 2034602.8136691165 1122630.8102080366 0.0 0.0 39861.87465549002 0.0 0.0 0.0 0.0 0.0 0.0 0.0 0.0 0.0 0.0 0.0 0.0 0.0 0.0 0.0 0.0 0.0 48832.085319659964 0.0 0.0 0.0 0.0 0.0 0.0 0.0 0.0 0.0 0.0 0.0 0.0 0.0 278540.5120589097 465389.5801271356 123580.72554407865 0.0 19938.325960731716 199702.18774034444 81927.96452581669 0.0 0.0 0.0 0.0
-1 -1 -1 -1 -1 -1 -1 -1 -1 -1 -1 -1 -1 -1 -1 -1 -1 -1 -1 -1 -1 -1 -1 -1 -1 -1 -1 -1 -1 -1 -1 -1 161663.6075657106 4226862.650508614 1659060.2160182474 4996588.722941587 101153.10047676908 273816.86928148085 0.0 0.0 0.0 0.0 0.0 0.0 0.0 0.0 0.0 451197.8616624013 0.0 0.0 0.0 0.0 26426.806621222266 0.0 0.0 0.0 0.0 0.0 0.0 0.0 0.0 0.0 0.0 0.0 0.0 0.0 0.0 0.0 0.0 0.0 0.0 0.0 0.0 30097.381470354183 0.0 122459.0127641519 0.0 0.0 0.0 0.0 0.0 0.0 0.0
-1 -1 -1 -1 -1 -1 -1 -1 -1 -1 -1 -1 -1 -1 -1 -1 -1 -1 -1 -1 -1 -1 -1 -1 -1 -1 -1 -1 -1 -1 -1 0.0 317.4569428286508 1187575.0954345507 1526615.8422858745 5138367.090520121 138294.35386731388 175413.34537929064 0.0 0.0 0.0 0.0 0.0 0.0 0.0 0.0 0.0 52688.879171612374 0.0 0.0 0.0 0.0 0.0 132333.86510620106 239202.24813118335 0.0 0.0 0.0 0.0 0.0 0.0 0.0 0.0 0.0 0.0 0.0 0.0 122029.40528637805 0.0 0.0 0.0 0.0 0.0 0.0 54489.908527609 0.0 0.0 0.0 0.0 0.0 0.0 2244774.931264092 608252.0669492338
-1 -1 -1 -1 -1 -1 -1 -1 -1 -1 -1 -1 -1 -1 -1 -1 -1 -1 -1 -1 -1 -1 -1 -1 -1 -1 -1 -1 -1 -1 -1 1630.720869452334 336406.21666524553 1054654.0949868148 1056969.5762510037 258097.40404345366 0.0 0.0 0.0 0.0 109149.02426788108 0.0 37823.33120270443 0.0 0.0 0.0 41543.265046632936 0.0 0.0 0.0 0.0 0.0 0.0 0.0 0.0 0.0 0.0 0.0 0.0 0.0 307199.4605906371 0.0 0.0 0.0 0.0 0.0 0.0 0.0 0.0 0.0 0.0 0.0 0.0 0.0 0.0 0.0 0.0 0.0 0.0 0.0 0.0 0.0 0.0
-1 -1 -1 -1 -1 -1 -1 -1 -1 -1 -1 -1 -1 -1 -1 -1 -1 -1 -1 -1 -1 -1 -1 -1 -1 -1 -1 -1 -1 -1 -1 0.0 13393.61154191836 56780.76267994083 44967.70426065732 278811.2190146903 3984075.9158755643 0.0 0.0 0.0 0.0 0.0 117012.21605586742 0.0 0.0 99955.70821577578 115154.49752224387 0.0 0.0 0.0 0.0 0.0 0.0 0.0 0.0 0.0 0.0 0.0 0.0 0.0 0.0 0.0 0.0 0.0 0.0 0.0 0.0 0.0 0.0 0.0 0.0 0.0 0.0 70973.73946520573 0.0 0.0 0.0 0.0 0.0 0.0 0.0 0.0 0.0
-1 -1 -1 -1 -1 -1 -1 -1 -1 -1 -1 -1 -1 -1 -1 -1 -1 -1 -1 -1 -1 -1 -1 -1 -1 -1 -1 -1 -1 -1 -1 0.0 0.0 0.0 0.0 240075.8208371662 3643966.334097153 1861816.925508448 450834.51634890574 157759.50424314896 0.0 164110.76384899596 0.0 0.0 50498.57609010399 54191.637183290695 0.0 0.0 0.0 0.0 0.0 0.0 0.0 0.0 0.0 0.0 0.0 0.0 0.0 0.0 0.0 0.0 0.0 0.0 0.0 0.0 0.0 0.0 0.0 0.0 0.0 65227.4802393821 0.0 0.0 0.0 0.0 0.0 0.0 0.0 0.0 0.0 0.0 0.0
-1 -1 -1 -1 -1 -1 -1 -1 -1 -1 -1 -1 -1 -1 -1 -1 -1 -1 -1 -1 -1 -1 -1 -1 -1 -1 -1 -1 -1 -1 -1 0.0 0.0 0.0 0.0 337744.6588846174 1183807.9041004716 573514.1439353065 686009.4599002703 220233.9274374873 159888.15359346362 496982.0951561352 0.0 0.0 0.0 0.0 0.0 0.0 0.0 0.0 0.0 0.0 0.0 0.0 0.0 0.0 0.0 0.0 0.0 0.0 0.0 0.0 0.0 0.0 0.0 0.0 0.0 0.0 0.0 0.0 0.0 0.0 0.0 0.0 0.0 0.0 0.0 0.0 0.0 0.0 0.0 0.0 0.0
-1 -1 -1 -1 -1 -1 -1 -1 -1 -1 -1 -1 -1 -1 -1 -1 -1 -1 -1 -1 -1 -1 -1 -1 -1 -1 -1 -1 -1 -1 -1 -1 -1 0.0 0.0 0.0 1962134.4920493683 1942645.7483009866 610402.0112261401 0.0 277043.17721048347 554299.3236515127 0.0 35493.047768608325 0.0 0.0 0.0 0.0 0.0 0.0 0.0 0.0 0.0 0.0 311865.1998229985 0.0 0.0 0.0 0.0 0.0 0.0 0.0 0.0 0.0 0.0 0.0 0.0 0.0 0.0 0.0 0.0 0.0 0.0 0.0 0.0 0.0 0.0 0.0 138985.34468159304 0.0 0.0 0.0 0.0
-1 -1 -1 -1 -1 -1 -1 -1 -1 -1 -1 -1 -1 -1 -1 -1 -1 -1 -1 -1 -1 -1 -1 -1 -1 -1 -1 -1 -1 -1 -1 -1 -1 -1 0.0 0.0 687130.4414551152 2200940.046393962 583318.4442031324 88065.96022114833 324020.7543858408 447206.6070732247 0.0 101445.18282561978 0.0 0.0 0.0 0.0 0.0 0.0 153485.43449802246 0.0 0.0 0.0 0.0 0.0 0.0 0.0 0.0 0.0 0.0 0.0 0.0 0.0 153764.03889295814 0.0 0.0 0.0 0.0 0.0 0.0 0.0 0.0 0.0 0.0 0.0 0.0 0.0 219425.0414961596 0.0 0.0 0.0 0.0
-1 -1 -1 -1 -1 -1 -1 -1 -1 -1 -1 -1 -1 -1 -1 -1 -1 -1 -1 -1 -1 -1 -1 -1 -1 -1 -1 -1 -1 -1 -1 -1 -1 -1 -1 0.0 83757.12748678902 1347579.672400964 1381126.5808502515 89813.57745293957 0.0 0.0 0.0 0.0 0.0 0.0 0.0 0.0 851794.8134100556 0.0 0.0 0.0 0.0 0.0 0.0 0.0 0.0 0.0 0.0 0.0 0.0 0.0 0.0 0.0 0.0 0.0 0.0 125121.87328926756 0.0 0.0 0.0 0.0 0.0 0.0 0.0 0.0 0.0 0.0 0.0 0.0 0.0 0.0 0.0
-1 -1 -1 -1 -1 -1 -1 -1 -1 -1 -1 -1 -1 -1 -1 -1 -1 -1 -1 -1 -1 -1 -1 -1 -1 -1 -1 -1 -1 -1 -1 -1 -1 -1 -1 0.0 100997.40501483074 801017.5426532115 946379.6837062368 1118038.7457017684 762744.9540033543 5425327.914706736 78872.45909413316 0.0 1563685.2244125751 0.0 0.0 0.0 35725.13513143516 0.0 0.0 0.0 372690.61037888087 647039.0845185157 0.0 0.0 0.0 0.0 0.0 0.0 0.0 0.0 0.0 0.0 0.0 0.0 0.0 0.0 0.0 0.0 210844.59523364244 0.0 0.0 0.0 0.0 0.0 0.0 0.0 0.0 0.0 38256.71881507215 15315.969064360022 0.0
-1 -1 -1 -1 -1 -1 -1 -1 -1 -1 -1 -1 -1 -1 -1 -1 -1 -1 -1 -1 -1 -1 -1 -1 -1 -1 -1 -1 -1 -1 -1 -1 -1 -1 -1 -1 0.0 72281.2966634103 1050987.9500669418 797954.7211792405 20985.32621613865 1227563.8466533727 115696.49817903693 809382.5976206026 2059513.3590886875 0.0 0.0 0.0 0.0 0.0 0.0 0.0 0.0 0.0 0.0 77844.55591447081 0.0 0.0 0.0 44018.606286697366 0.0 0.0 0.0 0.0 0.0 415585.41839223704 3025286.4684568276 773093.3272239104 0.0 0.0 31509.425751819734 0.0 0.0 0.0 0.0 0.0 0.0 0.0 126014.72008936194 0.0 0.0 0.0 0.0
-1 -1 -1 -1 -1 -1 -1 -1 -1 -1 -1 -1 -1 -1 -1 -1 -1 -1 -1 -1 -1 -1 -1 -1 -1 -1 -1 -1 -1 -1 -1 -1 -1 -1 -1 -1 0.0 59716.501822995764 1740455.5114003941 1437387.540011849 961830.7923456992 266540.99192129396 542113.9863206161 1083075.791699795 83188.67819966663 0.0 0.0 0.0 0.0 0.0 0.0 0.0 0.0 0.0 0.0 0.0 1008240.8647023621 852307.7434726944 0.0 0.0 0.0 0.0 0.0 0.0 305015.3911429406 499195.6172184329 0.0 465898.8064315898 571481.1233710987 631627.3285483116 0.0 0.0 0.0 0.0 0.0 0.0 0.0 0.0 0.0 84662.3108725924 23776.2151492152 217916.0732102594 0.0
-1 -1 -1 -1 -1 -1 -1 -1 -1 -1 -1 -1 -1 -1 -1 -1 -1 -1 -1 -1 -1 -1 -1 -1 -1 -1 -1 -1 -1 -1 -1 -1 -1 -1 -1 -1 -1 46817.698881136486 255152.6429562651 400243.02323278686 1394911.1386452257 1266630.795969358 1066463.5574377729 0.0 0.0 0.0 0.0 0.0 0.0 0.0 0.0 0.0 0.0 0.0 0.0 0.0 0.0 1775002.1710651042 3875669.169856571 1754195.5653093804 135694.09651991318 338241.18268744316 56732.10564286541 60974.477414342815 0.0 0.0 0.0 1316146.1939089436 1250156.7370229957 970654.5450952289 130926.0754584492 0.0 0.0 0.0 0.0 0.0 0.0 158988.82765538117 606647.9324833525 841925.3865782493 1573077.9138537261 2767698.333966396 1412013.23698932
-1 -1 -1 -1 -1 -1 -1 -1 -1 -1 -1 -1 -1 -1 -1 -1 -1 -1 -1 -1 -1 -1 -1 -1 -1 -1 -1 -1 -1 -1 -1 -1 -1 -1 -1 -1 -1 0.0 556.0257791256098 487405.56602999655 1311608.5336617113 1462408.724640828 352731.03687683196 1508079.6070833174 0.0 135326.5683945658 0.0 0.0 0.0 0.0 0.0 0.0 0.0 0.0 0.0 0.0 0.0 186287.5701367074 2783778.54301189 2982331.4717418286 0.0 0.0 0.0 552331.2489349525 237343.61675790043 0.0 996230.8234256046 1128111.9953228296 1885680.3916721917 3564039.820612952 288692.59361952945 314124.7343331287 197898.45318015703 0.0 0.0 376599.71194100165 509926.7223981136 579469.3288321379 107523.83361869577 285371.4550749703 727955.1923000702 2658823.6830506567 3960609.212628568
-1 -1 -1 -1 -1 -1 -1 -1 -1 -1 -1 -1 -1 -1 -1 -1 -1 -1 -1 -1 -1 -1 -1 -1 -1 -1 -1 -1 -1 -1 -1 -1 -1 -1 -1 -1 -1 -1 81356.75489441658 42408.3304564566 1089610.2243900858 1364110.8359095503 242720.86043081558 1428771.2427484116 60690.69734869938 0.0 0.0 0.0 0.0 0.0 0.0 0.0 0.0 0.0 0.0 719928.0479052126 2681761.2966175554 1827648.8821394125 611949.5064676474 0.0 0.0 9263.950963962803 0.0 737654.103700711 0.0 0.0 213466.10286983364 0.0 1893669.453237116 8613638.285078602 1537791.221515369 486173.4802733433 0.0 0.0 0.0 133621.92341561778 631237.5624487192 0.0 758967.0862726269 538931.5943569405 205703.9997059976 1088549.085897008 2851709.6539780693
-1 -1 -1 -1 -1 -1 -1 -1 -1 -1 -1 -1 -1 -1 -1 -1 -1 -1 -1 -1 -1 -1 -1 -1 -1 -1 -1 -1 -1 -1 -1 -1 -1 -1 -1 -1 -1 -1 0.0 313386.80791639624 87136.04562366693 758629.1815118523 1366997.8628199687 460043.47559181234 3972.3743312539405 766269.2175445432 56744.081432321946 0.0 0.0 0.0 0.0 0.0 0.0 0.0 0.0 0.0 123457.0877328578 0.0 41343.43690585532 0.0 0.0 25759.0537145928 0.0 0.0 0.0 0.0 0.0 305813.6586117114 556859.9655413663 6159656.907842599 7888286.105681045 1713896.5074197063 975596.019448206 0.0 0.0 403217.10313954967 2513078.7889917395 375348.6292618741 2087470.4294856603 2608115.5076876613 2968513.613526592 1350350.7700834419 823254.8643535466
-1 -1 -1 -1 -1 -1 -1 -1 -1 -1 -1 -1 -1 -1 -1 -1 -1 -1 -1 -1 -1 -1 -1 -1 -1 -1 -1 -1 -1 -1 -1 -1 -1 -1 -1 -1 -1 -1 -1 8498.706041492065 79898.57517064213 3181.5425653891843 597089.3876174038 1797760.2108749582 283730.11643827864 121114.0718290398 0.0 35669.68202463929 101622.42091065695 0.0 0.0 0.0 0.0 0.0 0.0 0.0 0.0 0.0 0.0 0.0 0.0 0.0 0.0 0.0 0.0 6025.095691486121 0.0 307694.85788662545 757439.1159222256 1226573.1411924774 9152945.553209634 8443288.562542124 1449498.538344825 0.0 19000.579960333383 509755.1896826823 974209.4258026375 1330161.444918282 657439.4798401137 1156281.2118458322 1041545.6613046324 1178579.6114750453 5378088.392390031
-1 -1 -1 -1 -1 -1 -1 -1 -1 -1 -1 -1 -1 -1 -1 -1 -1 -1 -1 -1 -1 -1 -1 -1 -1 -1 -1 -1 -1 -1 -1 -1 -1 -1 -1 -1 -1 -1 -1 0.0 113466.4902832958 70500.63661722164 643791.6507733201 2448826.5180119467 918989.3156618432 253035.43545928417 26370.36844651159 27049.67702740242 0.0 443969.1715996676 0.0 0.0 0.0 0.0 0.0 0.0 0.0 0.0 0.0 0.0 73801.67460844148 829.316848033442 0.0 11993.85845020283 0.0 5824.331716019513 86050.28998851408 221323.2549765095 110449.4023417637 439519.4779852936 808876.4041772074 755849.4654481903 601320.6845879058 58047.18540148325 274083.675058361 20153.63455983249 0.0 314114.7652962279 134270.79327496738 0.0 488512.5280748509 3376849.374039037 7136526.537214911
-1 -1 -1 -1 -1 -1 -1 -1 -1 -1 -1 -1 -1 -1 -1 -1 -1 -1 -1 -1 -1 -1 -1 -1 -1 -1 -1 -1 -1 -1 -1 -1 -1 -1 -1 -1 -1 -1 -1 -1 0.0 70469.57258690533 496956.3352151992 1214897.0003922915 2576454.095093068 359934.5907035918 208474.90976583754 1168.308753877858 752412.5421061724 648910.9853900588 568486.135351529 71902.81789139996 829322.2514815141 539617.9817990821 51792.05586713009 334863.61931649107 0.0 0.0 0.0 0.0 0.0 12879570.625542201 0.0 28787.75665730992 1478.8496211095435 0.0 0.0 0.0 0.0 58191.82365604635 63895.30366154662 852878.0393719007 1047113.201900439 660095.3562823248 17410.88960947176 479741.8164781287 2700023.9010141366 4103556.203861627 77126.9111426428 161512.6332012854 1785306.1292321463 12272427.427861303 33284062.075753197
-1 -1 -1 -1 -1 -1 -1 -1 -1 -1 -1 -1 -1 -1 -1 -1 -1 -1 -1 -1 -1 -1 -1 -1 -1 -1 -1 -1 -1 -1 -1 -1 -1 -1 -1 -1 -1 -1 -1 -1 -1 0.0 13677.233891388547 544198.9663465328 1039727.4883360575 1037963.0745985002 291757.5492928405 217074.8374647463 519652.77435603045 1021096.9922894927 613346.4605349283 195053.36640095818 3541.6465022070024 0.0 0.0 0.0 0.0 0.0 0.0 0.0 10134372.996517017 0.0 244629.65286870362 11005567.736615352 9623060.943782797 40664.06260176868 36988.03934434212 17637.613552976767 0.0 71993.18756597817 18639.78811314067 1431697.940429306 1262186.5926769015 782945.9263272271 382183.3457137561 2223338.0963411964 19712213.26168263 20028885.492999353 7969891.375366229 840131.674125451 279178.43617872597 9500629.986664481 11785553.518359877
-1 -1 -1 -1 -1 -1 -1 -1 -1 -1 -1 -1 -1 -1 -1 -1 -1 -1 -1 -1 -1 -1 -1 -1 -1 -1 -1 -1 -1 -1 -1 -1 -1 -1 -1 -1 -1 -1 -1 -1 -1 0.0 0.0 9570.9558047543 556622.4592937253 1218243.2850715166 535404.5318735832 661214.891737538 280430.8542271409 359433.8070808938 578335.3141946277 276811.051919952 100250.35223410139 149109.53869805596 230126.41930867746 0.0 25513.28553041655 287272.9683787608 166156.0888726971 0.0 107398.54090505347 13428647.1851927 12333751.091823667 6871540.33364816 7055298.124472787 0.0 239654.37618852872 4296.0246080066045 4558.6063721308055 0.0 1035.6335423013445 0.0 63061.08348061347 591626.372205245 1217184.831713101 5525348.55849554 18856075.246912345 18778790.86896399 22386640.627947018 7624092.36753058 24077949.98831483 7247592.626623243 7381242.21092427
-1 -1 -1 -1 -1 -1 -1 -1 -1 -1 -1 -1 -1 -1 -1 -1 -1 -1 -1 -1 -1 -1 -1 -1 -1 -1 -1 -1 -1 -1 -1 -1 -1 -1 -1 -1 -1 -1 -1 -1 -1 0.0 1180.4571709888999 1348.42922038883 27176.75517027136 97078.21680878046 338484.8639439541 330889.45802968857 287099.49687524216 657960.3103420323 301514.7771021678 424488.27260908583 72174.68896086258 1728.2283560416636 294.3574327057244 443909.9618914013 246362.41671926534 0.0 215364.32857150925 57306.85724876433 71481.38236137181 70782.45534498336 250082.4054318829 7901220.432973692 7594505.54155307 58.596668463224255 0.0 0.0 0.0 0.0 0.0 0.0 0.0 855887.2679558893 274963.13089910813 14045646.986887189 16248744.641699968 16004254.618176244 19323135.303393304 5907478.728571022 18143145.925622087 9985627.9480237 12017740.867883617
-1 -1 -1 -1 -1 -1 -1 -1 -1 -1 -1 -1 -1 -1 -1 -1 -1 -1 -1 -1 -1 -1 -1 -1 -1 -1 -1 -1 -1 -1 -1 -1 -1 -1 -1 -1 -1 -1 -1 -1 -1 -1 0.0 1413.4792433827217 0.0 3478.9175656904067 40485.33762963377 113457.2602895161 88728.48905081452 120601.48866700649 162396.42340830812 8906020.615266565 3212082.0968909618 1323243.336118609 221889.14752180086 6253.392339463843 211172.27079209816 13886473.088316247 204329.47559008468 496560.3174683682 385510.69518552243 0.0 29741.062791203527 276271.3353283633 9342992.676968222 11471.653868989575 0.0 0.0 0.0 0.0 0.0 206.74007282011428 0.0 240217.1988479134 1291410.5019097435 897085.3101320106 11804799.156103862 13053068.040862817 3092308.362574055 17179594.006036267 21243026.53848441 16360502.046230849 12684181.405539544
-1 -1 -1 -1 -1 -1 -1 -1 -1 -1 -1 -1 -1 -1 -1 -1 -1 -1 -1 -1 -1 -1 -1 -1 -1 -1 -1 -1 -1 -1 -1 -1 -1 -1 -1 -1 -1 -1 -1 -1 -1 -1 -1 0.0 0.0 627.5966891697535 1907.0826434561304 11320.135345050114 35449.065541490716 15956.532911892995 122692.35818082855 2741.381320111189 0.0 9650469.930088157 0.0 8250406.607478454 7783715.550545581 301921.7577295913 369092.64063904533 362535.2657091746 0.0 0.0 173192.61311290614 168222.41190622989 167087.78803206177 28102.241751024667 1706.6028580511045 0.0 0.0 0.0 0.0 6807.201169830064 336192.7651530132 904361.9348475485 10757933.693914542 7551669.8325477885 12800242.17499041 8240997.226256384 3092581.53044327 12893276.464028474 13090924.386122007 3275189.77174587 19236911.63114376
-1 -1 -1 -1 -1 -1 -1 -1 -1 -1 -1 -1 -1 -1 -1 -1 -1 -1 -1 -1 -1 -1 -1 -1 -1 -1 -1 -1 -1 -1 -1 -1 -1 -1 -1 -1 -1 -1 -1 -1 -1 -1 -1 -1 0.0 0.0 11.468215263717587 490.58913101606925 4902.787513880664 76428.10357034077 216960.1551473297 69724.07567019545 58138.281572848275 9216846.887925394 0.0 0.0 6183592.454705701 46396.64585600878 40736.08776970037 272988.56873256125 0.0 0.0 0.0 82980.01829618354 309145.6122504043 204107.31470763232 18863.184487309103 0.0 0.0 0.0 5130.234169511179 27488.84227964241 204113.04489557102 6072643.144103894 7720211.607732062 8711581.032262702 10842619.922711216 8621233.274354631 1731478.5969351924 1773446.25298865 17589338.318066474 1727640.7043887954 11934409.718403049
-1 -1 -1 -1 -1 -1 -1 -1 -1 -1 -1 -1 -1 -1 -1 -1 -1 -1 -1 -1 -1 -1 -1 -1 -1 -1 -1 -1 -1 -1 -1 -1 -1 -1 -1 -1 -1 -1 -1 -1 -1 -1 -1 -1 -1 -1 0.0 0.0 0.0 217.72996824702457 11117.216952178185 148242.01182155526 7397.1993638804115 41843.472467207815 2255866.884995675 0.0 0.0 3264699.1396913305 276237.3551336071 137053.09868402794 19414.579307774053 0.0 0.0 224035.95085578974 16898.309562333976 5847.91491106003 247940.58537452508 0.0 1093.6456173984375 15785.378461608783 0.0 23168.217511619903 195359.1915421405 6576017.126525605 8540712.098532356 7058414.937367347 9871686.618185801 7657730.166478752 8709128.11848335 12724325.574503707 13907328.516135894 8453619.607514357 12083514.739076028
-1 -1 -1 -1 -1 -1 -1 -1 -1 -1 -1 -1 -1 -1 -1 -1 -1 -1 -1 -1 -1 -1 -1 -1 -1 -1 -1 -1 -1 -1 -1 -1 -1 -1 -1 -1 -1 -1 -1 -1 -1 -1 -1 -1 -1 -1 -1 -1 0.0 0.0 0.0 1546.8008053332721 2880.473089737824 314.4939138886417 0.0 4241191.2701197835 56102.90254432385 2087450.2622761887 0.0 3307.239817631854 70419.8972539644 9360.716388111678 600012.3592965206 3656755.174136065 438627.5580539437 55033.682164245154 2851.342330966057 0.0 0.0 55889.10888116227 4284.838717412354 528.8492890602745 163368.88861282278 18239.02154618658 8463.1402582775 53027.6940967769 5923026.018601237 260183.56515177115 1380564.7504292293 731356.7542172128 313356.38082625595 661421.5958861514 13176658.196086425
-1 -1 -1 -1 -1 -1 -1 -1 -1 -1 -1 -1 -1 -1 -1 -1 -1 -1 -1 -1 -1 -1 -1 -1 -1 -1 -1 -1 -1 -1 -1 -1 -1 -1 -1 -1 -1 -1 -1 -1 -1 -1 -1 -1 -1 -1 -1 -1 -1 -1 0.0 0.0 0.0 6733.2594816432775 20.155543349775442 1655341.970345851 189459.93654918933 187092.48441238282 206260.85139452282 3107406.3226547013 5551327.418211598 459735.83317200793 199996.34934112575 647563.0072099508 1836798.4331602445 1464240.7381560293 6000.184291313007 144650.86359306378 142295.2135481662 1223677.2823500384 1439964.0613125353 163394.9765178913 422131.91543090215 7.8087188091550965 1011.173208481003 6412.635110532174 5826983.89668618 1038729.5470192665 1116571.8063193578 582226.4637995898 421685.34406754776 93857.03078874937 2404131.479320959
-1 -1 -1 -1 -1 -1 -1 -1 -1 -1 -1 -1 -1 -1 -1 -1 -1 -1 -1 -1 -1 -1 -1 -1 -1 -1 -1 -1 -1 -1 -1 -1 -1 -1 -1 -1 -1 -1 -1 -1 -1 -1 -1 -1 -1 -1 -1 -1 -1 -1 -1 0.0 0.0 2428.0828083072283 0.0 0.0 0.0 0.0 0.0 14527.740023119466 1190947.2572246594 1220765.2499112738 291116.5686775308 1032292.5932312642 39338.15709535907 42218.02735150724 172568.79869348105 81082.0482442762 3204.9415539189754 259885.68601390615 5293013.422564257 5980760.341780538 6709071.494537854 372.013477294006 2237.2105028111305 0.0 0.0 6422.241552637746 255178.53558127847 849031.2201772372 8893233.20651762 8055335.331986922 955648.9052132622
-1 -1 -1 -1 -1 -1 -1 -1 -1 -1 -1 -1 -1 -1 -1 -1 -1 -1 -1 -1 -1 -1 -1 -1 -1 -1 -1 -1 -1 -1 -1 -1 -1 -1 -1 -1 -1 -1 -1 -1 -1 -1 -1 -1 -1 -1 -1 -1 -1 -1 -1 -1 0.0 0.0 0.0 0.0 0.0 0.0 0.0 0.0 1942707.7129031236 0.0 897962.1646153954 2292440.0507293176 50499.67161732499 158065.1707910078 0.0 0.0 11534.026982993937 0.0 39515.775000321184 2719.7794527312312 590387.1303240599 734964.1344815495 87098.22572484578 3332.76360601643 360.0317080653136 4321.570272738472 63523.44785606934 5889350.596109974 644433.7264573509 529038.9525759866 12787416.950413797
-1 -1 -1 -1 -1 -1 -1 -1 -1 -1 -1 -1 -1 -1 -1 -1 -1 -1 -1 -1 -1 -1 -1 -1 -1 -1 -1 -1 -1 -1 -1 -1 -1 -1 -1 -1 -1 -1 -1 -1 -1 -1 -1 -1 -1 -1 -1 -1 -1 -1 -1 -1 -1 0.0 1.8856837392843184 0.0 0.0 0.0 0.0 0.0 0.0 2341384.3290895554 890093.9972202735 729294.5652563189 32949.74350281952 2882.3859372331362 0.0 0.0 2.9795168393745697 518061.66324053897 261.2161749892719 2026.3370732602393 223009.90790363215 1402536.309465349 1332603.106763151 243426.96768643506 218853.09061158908 38567.95168360714 77670.64139738576 818264.2110770115 7721953.260416277 1969850.4990147604 1485294.2003102482
-1 -1 -1 -1 -1 -1 -1 -1 -1 -1 -1 -1 -1 -1 -1 -1 -1 -1 -1 -1 -1 -1 -1 -1 -1 -1 -1 -1 -1 -1 -1 -1 -1 -1 -1 -1 -1 -1 -1 -1 -1 -1 -1 -1 -1 -1 -1 -1 -1 -1 -1 -1 -1 0.0 0.0 0.0 0.0 0.0 0.0 0.0 0.0 833523.9107848747 1940188.0602671232 3683598.416899644 3044880.4086362612 96566.9096370536 59.765674397829585 64086.96602439621 24756.721686584406 0.0 0.3156505578774703 39.80378405917955 1876.9765779042152 24242.93858453327 126552.60534997241 100406.53172232021 0.0 98442.70890145966 4471242.860179401 7027027.952521787 534532.7948079177 3146014.394205964 7943382.309554414
-1 -1 -1 -1 -1 -1 -1 -1 -1 -1 -1 -1 -1 -1 -1 -1 -1 -1 -1 -1 -1 -1 -1 -1 -1 -1 -1 -1 -1 -1 -1 -1 -1 -1 -1 -1 -1 -1 -1 -1 -1 -1 -1 -1 -1 -1 -1 -1 -1 -1 -1 -1 -1 0.0 0.0 0.0 0.0 0.0 0.0 0.0 0.0 13.099460124408118 717859.7808624329 1908675.9115998452 3687228.007418 76105.30984312818 33042.08938160742 40991.99644852692 70649.46265835185 0.0 0.0 0.0 337.68351303282066 459.59276107974404 23752.735006354807 66711.95037077098 3544279.535881651 8169.199269710798 830299.608300522 4449075.572164975 933239.1751122067 847885.6971516449 1477317.8644570701
-1 -1 -1 -1 -1 -1 -1 -1 -1 -1 -1 -1 -1 -1 -1 -1 -1 -1 -1 -1 -1 -1 -1 -1 -1 -1 -1 -1 -1 -1 -1 -1 -1 -1 -1 -1 -1 -1 -1 -1 -1 -1 -1 -1 -1 -1 -1 -1 -1 -1 -1 -1 -1 0.0 0.0 0.0 0.0 0.0 0.0 0.0 0.0 0.0 0.0 1247772.7679331386 2821385.8874399923 8550.88336578322 75102.71544260647 26262.34492440784 3379.832597883947 0.0 0.0 0.0 0.0 0.0 29510.070973876147 2188751.3223465267 35794.46973688005 80713.69980382414 297144.88568072155 6037987.087759665 3252613.3337477976 10301741.11521386 10662175.298052311
-1 -1 -1 -1 -1 -1 -1 -1 -1 -1 -1 -1 -1 -1 -1 -1 -1 -1 -1 -1 -1 -1 -1 -1 -1 -1 -1 -1 -1 -1 -1 -1 -1 -1 -1 -1 -1 -1 -1 -1 -1 -1 -1 -1 -1 -1 -1 -1 -1 -1 -1 -1 -1 0.0 0.0 0.0 0.0 0.0 0.0 0.0 0.0 0.0 0.0 3438.2900200234008 2430407.3228949476 521.619555569613 92020.13933802178 1167.5088533070557 195.0746280047448 0.0 0.0 0.0 0.0 0.0 1499.2701921401215 0.0 46625.20502254112 70085.26911553837 3892155.333640332 5165269.882548812 5363966.396851391 10273458.441049926 9340998.918628613
