Model Version1.4/trunk/output/1999/nload_crit_sw.asc
ncols 720
nrows 360
xllcorner -180
yllcorner -90
cellsize 0.5
NODATA_value -9999
[rows 26 to 51 of 360, columns 464 to 521 of 720]
-9999.0 -9999.0 -9999.0 -9999.0 -9999.0 -9999.0 -9999.0 -9999.0 -9999.0 -9999.0 -9999.0 -9999.0 -9999.0 -9999.0 -9999.0 -9999.0 -9999.0 -9999.0 -9999.0 -9999.0 -9999.0 -9999.0 -9999.0 -9999.0 -9999.0 -9999.0 -9999.0 -9999.0 -9999.0 283239.3357385465 281538.848061125 285503.3148720306 109228.03467052872 104452.50389522611 -9999.0 -9999.0 -9999.0 -9999.0 -9999.0 -9999.0 -9999.0 -9999.0 -9999.0 -9999.0 -9999.0 -9999.0 -9999.0 -9999.0 -9999.0 -9999.0 -9999.0 -9999.0 -9999.0 -9999.0 -9999.0 -9999.0 -9999.0 -9999.0
-9999.0 -9999.0 -9999.0 -9999.0 -9999.0 -9999.0 -9999.0 -9999.0 -9999.0 -9999.0 -9999.0 -9999.0 -9999.0 -9999.0 -9999.0 -9999.0 -9999.0 -9999.0 -9999.0 -9999.0 -9999.0 -9999.0 -9999.0 514624.37021025934 489599.1439234809 424388.72135489574 416995.63422330644 203637.9645163747 215085.32073443968 208870.83966039625 292545.5987517405 267498.48087596166 226324.2060250485 285776.011554952 -9999.0 -9999.0 -9999.0 -9999.0 -9999.0 -9999.0 -9999.0 -9999.0 -9999.0 -9999.0 -9999.0 -9999.0 -9999.0 -9999.0 -9999.0 -9999.0 -9999.0 -9999.0 -9999.0 -9999.0 -9999.0 -9999.0 -9999.0 -9999.0
-9999.0 -9999.0 -9999.0 -9999.0 -9999.0 -9999.0 -9999.0 -9999.0 -9999.0 -9999.0 -9999.0 -9999.0 -9999.0 622201.7001559339 492232.5996718529 513675.2800468849 323561.015266945 480015.9583248792 357670.4016366925 324676.2445430456 426976.8527113313 418098.44890609244 395334.7460860164 163337.6567666245 146612.49741756084 163248.3173212793 355298.8109057605 280008.5461140821 153779.1996428479 -9999.0 -9999.0 -9999.0 -9999.0 -9999.0 -9999.0 -9999.0 -9999.0 -9999.0 -9999.0 -9999.0 -9999.0 -9999.0 -9999.0 -9999.0 -9999.0 -9999.0 -9999.0 -9999.0 -9999.0 -9999.0 -9999.0 -9999.0 -9999.0 -9999.0 -9999.0 -9999.0 -9999.0 -9999.0
-9999.0 -9999.0 -9999.0 -9999.0 -9999.0 -9999.0 -9999.0 -9999.0 -9999.0 496590.130418013 523445.13192196575 552010.2030280214 392644.6635822282 448904.222892861 536118.3250940479 323262.91167067626 623341.3617393933 646336.2146838814 663589.1646151341 630316.6137671539 612319.8766227874 -9999.0 -9999.0 -9999.0 -9999.0 -9999.0 -9999.0 -9999.0 -9999.0 -9999.0 -9999.0 -9999.0 -9999.0 -9999.0 -9999.0 -9999.0 -9999.0 -9999.0 -9999.0 -9999.0 -9999.0 -9999.0 -9999.0 -9999.0 -9999.0 -9999.0 -9999.0 -9999.0 -9999.0 -9999.0 -9999.0 -9999.0 -9999.0 -9999.0 -9999.0 -9999.0 -9999.0 -9999.0
-9999.0 -9999.0 -9999.0 -9999.0 -9999.0 -9999.0 -9999.0 -9999.0 708417.1560720144 679393.7991433538 598690.4568445252 372361.6257823973 692735.2731344808 656829.0654753846 479998.265458171 500593.4714693261 491329.66196373006 495433.1690523103 -9999.0 -9999.0 -9999.0 -9999.0 -9999.0 -9999.0 -9999.0 -9999.0 -9999.0 -9999.0 -9999.0 -9999.0 -9999.0 -9999.0 -9999.0 -9999.0 -9999.0 -9999.0 -9999.0 -9999.0 -9999.0 -9999.0 -9999.0 -9999.0 -9999.0 -9999.0 -9999.0 -9999.0 -9999.0 -9999.0 -9999.0 -9999.0 -9999.0 -9999.0 -9999.0 -9999.0 -9999.0 -9999.0 -9999.0 -9999.0
-9999.0 -9999.0 -9999.0 -9999.0 -9999.0 -9999.0 658954.705923662 373267.4262660602 371541.06343320897 376405.15543137246 459772.2374600222 588588.9262083143 523618.8705967756 573590.1740740583 503263.67541593825 -9999.0 -9999.0 -9999.0 -9999.0 -9999.0 -9999.0 -9999.0 -9999.0 -9999.0 -9999.0 -9999.0 -9999.0 -9999.0 -9999.0 -9999.0 -9999.0 -9999.0 -9999.0 -9999.0 -9999.0 -9999.0 -9999.0 -9999.0 -9999.0 -9999.0 -9999.0 -9999.0 -9999.0 -9999.0 -9999.0 -9999.0 -9999.0 -9999.0 -9999.0 -9999.0 -9999.0 -9999.0 -9999.0 -9999.0 -9999.0 -9999.0 -9999.0 -9999.0
-9999.0 -9999.0 -9999.0 -9999.0 390129.95920572826 424516.71074760717 606965.9971899787 658335.9463933683 701752.872703444 682654.8863586726 535552.2740811078 602399.4853556544 590321.316323061 -9999.0 -9999.0 -9999.0 -9999.0 -9999.0 -9999.0 -9999.0 -9999.0 -9999.0 -9999.0 -9999.0 -9999.0 -9999.0 -9999.0 -9999.0 -9999.0 -9999.0 -9999.0 -9999.0 -9999.0 -9999.0 -9999.0 -9999.0 -9999.0 -9999.0 -9999.0 -9999.0 -9999.0 -9999.0 -9999.0 -9999.0 -9999.0 -9999.0 -9999.0 -9999.0 -9999.0 -9999.0 -9999.0 -9999.0 -9999.0 -9999.0 -9999.0 -9999.0 -9999.0 -9999.0
-9999.0 -9999.0 -9999.0 556721.8391572048 608033.4022356857 642271.3970330794 667002.2242627946 683830.2909404313 689352.9104827698 564215.7135405156 518949.79834692914 -9999.0 -9999.0 -9999.0 -9999.0 -9999.0 -9999.0 -9999.0 -9999.0 -9999.0 -9999.0 -9999.0 -9999.0 -9999.0 -9999.0 -9999.0 -9999.0 -9999.0 -9999.0 -9999.0 -9999.0 -9999.0 -9999.0 -9999.0 -9999.0 388093.2113106727 319760.4487609805 315288.4294520635 273165.7309109903 -9999.0 -9999.0 -9999.0 -9999.0 -9999.0 -9999.0 -9999.0 -9999.0 -9999.0 -9999.0 -9999.0 -9999.0 -9999.0 -9999.0 -9999.0 -9999.0 -9999.0 696448.2550945384 710915.1811008261
-9999.0 479081.2440052669 549894.9122566675 591538.982027115 642927.2389317184 685323.483318307 695214.3599273368 633629.9594261998 589586.9988764832 -9999.0 -9999.0 -9999.0 -9999.0 -9999.0 -9999.0 -9999.0 -9999.0 -9999.0 -9999.0 -9999.0 -9999.0 -9999.0 -9999.0 -9999.0 -9999.0 -9999.0 -9999.0 -9999.0 -9999.0 -9999.0 -9999.0 -9999.0 -9999.0 -9999.0 464402.6850487485 457523.24813262257 459117.8542204865 350913.0946435457 411648.2987324446 372712.7967370115 450877.645072325 390064.27567528695 -9999.0 -9999.0 429316.71031664114 452163.0817821363 441458.1626241065 -9999.0 -9999.0 -9999.0 -9999.0 -9999.0 -9999.0 -9999.0 753017.6343403572 -9999.0 -9999.0 708965.6504895721
-9999.0 539241.6235586733 642781.7786782774 716842.4576381394 698352.4674547024 616855.0185024672 632331.6202408298 602876.9879719083 -9999.0 -9999.0 -9999.0 -9999.0 -9999.0 -9999.0 -9999.0 -9999.0 -9999.0 -9999.0 -9999.0 -9999.0 -9999.0 -9999.0 -9999.0 -9999.0 -9999.0 -9999.0 -9999.0 -9999.0 -9999.0 -9999.0 -9999.0 -9999.0 -9999.0 259433.96661352072 331767.02626844216 418459.8199390397 372512.5214942512 447281.22763245413 463625.9130608442 494951.26052865223 475648.3120892948 485373.8334045007 -9999.0 -9999.0 -9999.0 494671.35095279734 486330.12807647657 544606.0510459907 -9999.0 -9999.0 634283.0413922372 701878.3585239904 563256.5923801439 614747.7520472769 743483.4081641367 763513.5417785319 717799.3853814806 725017.9511319918
565800.8169170091 571418.0995719557 652671.677040744 710265.8509149962 663232.0324290171 624163.922261381 478458.9945513129 586798.5642560533 -9999.0 -9999.0 -9999.0 -9999.0 -9999.0 -9999.0 -9999.0 -9999.0 -9999.0 -9999.0 -9999.0 -9999.0 -9999.0 -9999.0 -9999.0 -9999.0 -9999.0 -9999.0 -9999.0 -9999.0 -9999.0 -9999.0 -9999.0 -9999.0 231217.63562503862 563216.4184891148 291570.8233582881 322345.6924559855 365659.942073126 382803.63620984217 444451.43939114705 390760.92122480547 464163.23381512373 412186.4135846602 -9999.0 501737.40507142176 599435.6767869872 503686.85945049365 509018.60656873515 -9999.0 621942.4150515363 739472.1887355854 552927.5448650094 581096.725974995 644871.5614580859 860861.9320743952 649613.290756819 833576.2005770291 841907.5469777285 834210.5629830853
610097.5835950107 536766.3689661265 550179.7897525331 677670.8135365363 631466.2713115895 585361.7177762196 679235.3976110498 524117.5283655922 515152.8433907367 -9999.0 -9999.0 -9999.0 -9999.0 -9999.0 -9999.0 -9999.0 -9999.0 -9999.0 -9999.0 -9999.0 -9999.0 -9999.0 -9999.0 -9999.0 -9999.0 -9999.0 -9999.0 -9999.0 -9999.0 465070.3015309946 343022.6479263719 628246.6372286831 591781.2102929694 462390.9223367079 405179.02106156346 419541.8381559126 418448.36111994844 516514.17159497464 548788.5646083212 707052.4088955991 332187.03744667757 -9999.0 525268.9290183118 513047.7635589593 553999.1744618037 619673.006148746 686174.3041682857 647227.2458418993 -9999.0 571014.0458770606 687041.0795858569 712867.6497883325 1053875.63074359 812098.6550373867 798129.8139397913 839654.2220140959 840135.1904252232 897719.1064130386
-9999.0 -9999.0 -9999.0 777493.2408579676 585672.9220635301 600354.1408709701 572159.3702248237 512674.84883327625 559184.4983004075 659944.3502737351 730102.8529033425 -9999.0 -9999.0 -9999.0 -9999.0 -9999.0 -9999.0 -9999.0 -9999.0 -9999.0 -9999.0 -9999.0 -9999.0 -9999.0 -9999.0 -9999.0 -9999.0 -9999.0 -9999.0 567666.9372808912 670972.1076348863 553145.880605085 522659.43015085126 524671.9144472138 450653.8699555538 493525.2171155626 457246.9747592551 501008.9548421813 505223.31075815257 570225.3695764089 754771.2283932976 566008.8579506812 -9999.0 572232.540522645 696861.4025331901 729687.1455795938 712825.4828209501 648240.00307965 718574.9465006439 753542.4627464062 726370.68075264 877916.7073677488 891460.63431594 825384.9274936538 914423.4431982 884476.7253548664 862620.894545569 884510.3102267588
-9999.0 -9999.0 -9999.0 -9999.0 -9999.0 -9999.0 -9999.0 -9999.0 -9999.0 -9999.0 -9999.0 -9999.0 -9999.0 850419.7518979581 960063.6199110369 698969.8543803004 -9999.0 -9999.0 -9999.0 -9999.0 -9999.0 -9999.0 -9999.0 -9999.0 -9999.0 -9999.0 -9999.0 -9999.0 -9999.0 -9999.0 591578.5174219806 507982.31981693686 736947.9880389556 606102.3919228074 623681.1530722664 625779.6138482125 644725.7042739096 656266.9297099966 608299.1837045146 616061.9817700135 321942.02230817004 602484.6361027511 -9999.0 601092.2152022222 756949.5412405725 767921.7287304844 802861.7987486378 815628.703833071 893175.9501693869 726642.9329358486 995575.885891609 969234.5186929676 889074.4407136868 900547.9180867929 804307.5413040564 1095684.2148757402 866360.8174483957 877957.1806596725
-9999.0 -9999.0 -9999.0 -9999.0 -9999.0 -9999.0 -9999.0 -9999.0 -9999.0 -9999.0 -9999.0 -9999.0 -9999.0 807329.3742864775 872463.254647246 735603.5070300046 702694.0740051728 901652.8121490388 946145.44393768 786203.644346756 661463.8820290101 592932.4777400275 -9999.0 -9999.0 -9999.0 -9999.0 -9999.0 -9999.0 -9999.0 761525.9848229104 630220.0262538383 590405.4085013395 636930.3225226656 667221.9835277568 463630.1279551021 443911.7734287533 816930.8195341256 471769.91274537693 657432.2207194115 635890.7743511337 554618.1276832977 675706.8115887418 -9999.0 723369.49763855 643765.7460663473 925010.0780295709 627116.0662060765 638491.2490418913 952740.9699858007 957371.1935943032 969261.2032631184 1064630.890332562 902073.7114170176 935327.2686019433 1052254.8708991148 1040309.8244489518 1052532.0424726764 918144.0429953762
-9999.0 -9999.0 -9999.0 -9999.0 -9999.0 -9999.0 -9999.0 -9999.0 -9999.0 -9999.0 -9999.0 -9999.0 -9999.0 -9999.0 -9999.0 -9999.0 782916.9015056858 1092026.9283432548 1024781.720910961 863933.0317748963 811043.4075445012 870994.277550176 866975.5159499551 852747.3795549098 841171.4928475951 749103.342224683 400430.52074719465 -9999.0 -9999.0 -9999.0 371435.6329943298 -9999.0 869168.6029789022 599189.5554424494 496890.1591337619 739885.7307999613 841565.9478844553 720667.4784780979 526900.5461629833 748567.1797577455 769129.2319183121 674241.3456915929 -9999.0 713525.8419991639 624583.0939501101 610289.5265905478 992477.8377622267 944981.9827332221 821663.359123295 922866.8428169852 1008937.5529328643 963592.083687926 917653.476345281 955917.12726604 952337.315874516 1092524.9541485242 1102585.3614017582 929120.2642376189
-9999.0 866707.4181428646 729994.4792492089 830539.2332063725 -9999.0 -9999.0 -9999.0 -9999.0 -9999.0 -9999.0 -9999.0 1082604.8458708823 938816.8000908523 987456.7730874985 989792.204829882 -9999.0 -9999.0 1266032.490232904 1208101.8393938509 1115026.9164014522 1067826.937977338 975306.3734084407 910677.9998272297 928602.6210532862 621519.3140182537 553191.1906828819 635854.3065889471 1014296.6412827545 748538.1679078523 721725.2396549442 394906.5858978709 -9999.0 -9999.0 620620.783556823 560211.8234899285 751532.543748963 523644.48711821646 864140.453165744 712284.1710649404 667865.5327369638 747924.6474344442 837198.1471106693 -9999.0 -9999.0 -9999.0 879219.21540932 786612.5138763865 1015529.668344717 870078.3634319413 1169123.4014146496 933956.7759957612 998029.0859330958 939479.1139230289 933403.4659677157 968536.3927354633 1299735.0448028492 1317968.3172053203 1149201.0016086942
923977.0014267929 849019.0774656306 936027.8556784899 973983.7055939751 694325.4906283643 851531.186319163 1031256.6667652384 1102372.0258824958 1176367.7288641776 1329843.7453793958 1031167.9400781669 1129138.6455925496 1041441.0551887356 1152820.8022161708 1301411.3778360703 1305823.2156525708 1181561.021672936 1103546.5170938002 1028803.0471414379 1041323.137982871 948112.6422867936 861551.5460838443 886041.9454223348 911286.096378303 737646.9398586913 770596.3951172219 790945.7146254458 975212.6645673357 701767.3235367488 657160.548694654 784356.1070708013 802827.7369135738 923276.6001618336 1030777.3687537007 652578.165081993 850572.3080705579 575319.0886795351 590031.7169962034 640104.3677923679 812379.5191093993 683899.8426892309 842563.15869818 571686.5545640874 994367.0105962069 899566.5592787015 824387.3630049195 959446.2140209243 1120096.6307637296 1095523.3919707006 991617.393765442 1026044.507627424 862864.2894550672 915430.0758751859 941576.0325804536 932364.6778154061 1127379.2247588716 1215934.5321102533 983646.1000223682
1000742.8130130423 827882.6214802418 915795.6287657868 1405628.8868774143 745870.0038030712 829032.4040285574 1101057.0709450645 1190813.3366611255 1242351.7227522074 1117728.7018468378 1359170.2583172903 1226356.3243942554 1185527.0927070435 1191362.4780367187 1262540.7714691884 1206967.5476141719 1208191.4175802635 1106238.6204442221 1053729.4882920182 1148430.3515248783 1093108.6565262384 938743.3573403055 1056219.6113348869 847948.2849514269 839918.0599874568 880971.4186049816 889189.6855652393 861551.0603478671 959688.7582040408 962033.2995924047 885754.8499022386 1004532.8982337782 962884.0065479864 982253.8917603956 669487.9958162381 1050101.2328001612 1001944.7447338175 785122.1518822538 875729.9708374362 731137.2375706824 732589.1561684903 677518.647143851 862403.1812965624 -9999.0 -9999.0 831764.3841318445 941359.1701759474 948894.8567809879 1066167.988809129 1186683.6105362163 1135828.1015235665 997769.2461816426 1036330.5033590745 1065680.7665392968 1201188.6657252442 1181907.3455087605 1250202.253301099 961913.3623021583
803047.1066604961 590159.6100954174 979664.7244227167 1058367.4479807173 1058788.5052127219 1211542.8605209466 1325810.9327751938 1391891.6930400035 1319954.2450632167 1472612.9782638764 1228076.926927909 1113643.323366457 1165616.192783584 1146424.6688500387 1189747.0101122132 1170455.9245660238 1162382.4243055321 1288117.0923524643 1083085.4816237364 1181932.1858882634 1120582.8513149465 981672.2859114802 947732.0668513245 891647.8407222605 872301.4036880138 1044006.2620899447 1018740.8764436103 951676.7434147154 975927.1796229397 894251.804846877 868366.8562291459 918391.2054610039 621331.36977536 860369.5623634042 768363.2622700041 966766.6055390162 889899.8909090101 957950.6802569214 911468.8138207308 1068753.5207767019 620076.1551382985 -9999.0 -9999.0 645640.2094292976 937665.1363280354 1017571.4596869429 898902.0388218473 1105112.3851642802 1231848.4797941735 1407443.688368777 1342358.4613799483 980010.0668002273 1010805.2807424617 1001767.8008212319 1048554.7894434053 1049795.1745550337 1107933.961496423 1000847.5492223488
676297.4831362172 740278.3710858499 815918.8918285378 1007902.924178731 858510.7260118201 806158.1595185588 1045803.7502032031 1141213.8659990844 1104665.3824060285 1093513.8810541744 1191251.8589193732 1163864.1829995331 1228161.1359912406 1175060.486057991 1184212.260323656 1214584.5730960157 1229248.528975794 1200164.7640257995 1187722.8324583825 1231629.2883489877 971786.4273922066 1211185.586050344 1218233.8075215917 1197014.7708163373 1261803.099400036 1197002.541606655 779164.9176701315 747944.2974575206 689335.2667520666 638711.0705654457 653486.2333030088 674323.9987372885 695160.3714600726 692151.9194849697 723820.2569634905 988046.2079381684 926636.8558436546 857910.6899429712 1055958.9620575944 919816.0810885504 -9999.0 850628.9948892882 926948.4887635055 890341.3215466982 1244934.0711456554 1053913.6130935864 1219820.0235920402 1181918.8496159585 1214523.395725294 1229437.4907358785 1260753.3616299606 1146054.5141388795 1045627.7033099192 1113965.2201534584 1082502.946064928 1099193.8739311902 994193.977146802 1032112.6639727763
802815.9961810996 632301.3970361685 795802.7445545238 896136.1181611223 1018965.1847068171 822448.3547688884 838773.7121334455 900533.0539325385 897145.7202192544 1028420.2249488652 1000786.2435713117 1155593.261845338 1269813.7057585896 1332926.151181406 1346426.6905885646 1215241.774076725 1166317.4028200244 1186599.0825855013 1162078.7756418055 1408097.735136224 1340820.2898436491 1392590.2536326633 1339069.3288885846 1223284.172283809 938953.9569753159 657999.3662451439 678517.5670747111 734540.1863529264 774022.1020034603 768729.7008455929 720319.7579288908 712022.8881108534 740072.891946897 754349.9424007422 787299.5030635959 822824.8419483461 712247.6825139276 743116.5347239936 786228.2007440119 810692.8280435767 746738.5304825145 824208.4735640786 874065.0128792411 977277.8295168548 928511.840685517 962622.2400656345 877514.3245879518 918799.4654347951 971475.5680515609 956665.7742637836 965518.1424970786 1020252.6311710547 1047878.9051188536 1026860.0748742442 1100481.8329256456 1094660.3523023843 1051356.7413683215 1081506.743661804
836236.4758335685 730597.2452594506 696583.1600537687 689739.0801882093 736876.4709343619 873255.100391543 944948.4630901375 1020564.092591894 823385.400316426 1051197.7874909723 1365698.1439109587 1073027.7488456406 1445332.1853291895 1334137.1825071226 1342778.8248712088 1181526.1257128667 1443712.669497396 1619642.0915858534 1261141.783981964 1516013.7986528315 1560782.0243898847 1372677.313882775 1063774.586304445 1019499.2214093539 962015.8535866626 876549.5913589098 977168.3909343034 943101.5928295252 813899.6987200195 815024.7499564431 837154.0961834487 849044.8134365935 1085838.033733308 918374.8897089907 940003.6475023449 977590.5958235471 916090.180226168 858260.4444888454 849936.268844566 958759.2382089414 897617.8253251927 962484.6193656451 984285.6940898239 1015233.3193527047 952298.6922515096 1014458.0722308686 1063167.9101811696 1019337.3991856541 1052630.53350712 1061481.841972736 1041069.6927827592 1062578.620145015 1067823.1077878657 1056614.1567093853 1122858.661100463 1262049.462458616 1131268.7414350521 1324197.5799632594
742032.1992580636 701828.2937851236 822513.8286626016 843760.6340439417 887547.0748398761 663359.1469018953 698703.7810375233 978106.3556941126 892666.520381329 1041962.7039351357 1023463.0092122596 1281256.0749011824 1557906.4476244727 1535016.8414674085 1453334.8230417063 1917481.7259212052 1923627.3166462206 1719129.2105202714 1826849.5432588146 1598363.0363932613 1261425.1259677515 1199622.008229259 918093.483835848 848471.2511837776 836090.434836523 1025502.1083227172 993513.8264698748 1198185.181918249 769096.6182866301 784344.6895045607 772422.693113505 974902.6904416672 789264.6769505247 1143838.6644044754 960371.532979235 1070230.754558279 1193331.1558858491 1064530.6426568415 1052154.798781697 1076230.256096171 1005561.7211008274 1092277.680630374 1291853.7823588524 1380277.10665475 1425845.4431515455 1380182.4771106364 1298613.6823813808 1122177.1072800872 1125491.0760103131 1152149.285638242 1288757.3867059953 1577472.1509253222 1298794.9946260622 1260458.5034824128 1215934.290814109 1337838.1864017134 1300018.8393848012 1279661.225587378
704396.2113376423 674775.7381699051 742658.3737862854 834626.7421610202 737491.2697951641 633298.0818942826 838706.463768949 856874.9072380627 933176.817087784 1005229.2287749609 1367696.6584904953 1206594.3494150904 1491925.6588997957 1786062.867725126 2149819.961657877 2073320.2458748461 1762007.1581125297 1732916.0235630104 1529016.0474288936 1264227.7335985347 1244928.8856547433 1260089.88459081 1181701.1165550386 812301.2405852253 954450.1648104878 916499.265566762 1142960.758080081 1007560.0420168451 985067.0722515328 855484.422487434 1128562.3450426413 1062056.3399420225 1133456.9626030284 1216602.2232109196 1293464.440465739 1253147.5882325373 1308909.6633364009 1145633.6493734147 1132823.008991972 1285753.505234026 1297939.020184373 1365893.3914777949 1353006.394063305 1472160.6611468932 1413190.0205758444 1489080.5414574654 1370884.5079879004 1530450.4892661576 1209072.3411616243 1268674.7657165863 1349224.4048025869 1296927.3441512722 1363233.818525848 1273926.03223012 1266025.3205758324 1290497.8912749884 1317251.9385799994 1269316.5997584339
979683.6800614977 611010.7831383821 673210.2789565859 753243.2938303379 688535.2825983984 841813.7944682569 791743.3955789063 842098.4977579288 1071375.4166183597 1298129.0193007977 1102523.6794323036 1187076.0180116082 1582507.5096651744 1965899.565392645 2162182.7405237164 1709679.4234695663 1586737.9862353448 911495.9076994753 1248938.8735957544 977678.8293403821 1329673.4266002132 1230311.657563582 1017783.0698771679 1395855.0345336723 1367705.1300142484 611292.4739996166 1334711.3777946155 1285147.760268574 1180031.603916663 1512179.3227560264 1225157.9788976966 1256675.5822658592 889054.3179002617 1231208.068956449 1233133.4522155644 1362251.1893717945 1343410.1737907361 1544077.02028108 1065596.4363090286 1081125.20368355 1197783.0881565122 1365816.5466188046 1409502.3289165376 1494204.8763099504 1552035.0577136013 1239539.2767093542 1447380.5281966922 1437112.3309808653 1425557.262913902 1487547.248938469 1397267.1331424976 1437519.5189161084 1388983.5090884434 1361315.7633485135 1226523.0380668407 1315283.544775487 1263072.8733382456 1216448.7622939572
