Model Version1.4/trunk/output/1999/nload_fixed_nat.asc
ncols 720
nrows 360
xllcorner -180
yllcorner -90
cellsize 0.5
NODATA_value -9999
[rows 52 to 77 of 360, columns 354 to 412 of 720]
-9999.0 -9999.0 -9999.0 -9999.0 -9999.0 -9999.0 -9999.0 -9999.0 -9999.0 -9999.0 -9999.0 -9999.0 -9999.0 -9999.0 -9999.0 -9999.0 -9999.0 -9999.0 -9999.0 -9999.0 -9999.0 -9999.0 12265.11602244909 77024.63234180617 32315.993082145193 54397.041961777046 80948.33101255131 71736.35045493512 66208.36153335142 110359.4777749198 121567.77739296749 109443.27178102503 122623.19899845724 145575.98917270382 124478.35131504567 57252.466627022426 41558.287392346145 114298.34360205759 190863.2804421991 197218.4947584991 198602.8027748147 212318.26380218036 230147.9561658314 225909.67691359218 233669.122326556 187689.7743399038 141973.05654953513 60562.01343150024 -9999.0 -9999.0 -9999.0 0.0 208818.85938010516 277593.60765905393 337153.97999789147 277704.8144561732 290004.94712385326 234422.3256956473 329139.01351370645
-9999.0 -9999.0 -9999.0 -9999.0 -9999.0 -9999.0 -9999.0 -9999.0 -9999.0 -9999.0 -9999.0 -9999.0 -9999.0 -9999.0 -9999.0 -9999.0 -9999.0 -9999.0 -9999.0 -9999.0 4282.5799755112475 42171.66070780827 99652.78542797866 66200.80839050813 86276.84816584083 218380.07002462493 94071.53448266076 118317.35543465025 135894.8622503 119321.24712066224 108167.06301237317 106737.41174499739 138155.04217092978 93725.9748084794 48370.90048561729 55710.18730575372 118539.27318469879 186744.54187990408 203178.0473603598 204846.03542675372 210495.40981589048 190861.78323230144 194445.3216794781 188834.0331297232 31761.268515632677 2395.18808001504 -9999.0 -9999.0 41578.744996457826 45900.61817611276 0.0 111492.85420768341 169376.28937613848 303126.7771982071 360117.0999485707 338778.21897043334 275975.18420054746 225283.96619212013 287264.1360789236
-9999.0 -9999.0 -9999.0 -9999.0 -9999.0 -9999.0 -9999.0 -9999.0 -9999.0 -9999.0 -9999.0 -9999.0 -9999.0 -9999.0 -9999.0 -9999.0 -9999.0 -9999.0 17612.244311433908 62859.91302975142 35960.69755577001 60558.15191924148 74818.13263573612 131598.17232447115 151838.06967823012 138318.0266491291 172500.6329289792 171794.00742865296 175984.61763708488 150925.7884903773 132466.5454616416 164310.8833835739 190713.75205086631 185903.78367811456 128056.37698608244 183086.9818626986 204688.18192046738 218197.89770878415 226421.8813362195 228819.1955877396 215285.02445774095 310788.0751011734 116927.33747689691 -9999.0 -9999.0 -9999.0 -9999.0 -9999.0 0.0 0.0 0.0 18681.746399601932 283853.1303934483 369282.75488886266 354147.14603908773 62710.48241380878 343611.7684497309 313742.41798834933 304820.9125604264
-9999.0 -9999.0 -9999.0 -9999.0 -9999.0 -9999.0 -9999.0 -9999.0 -9999.0 -9999.0 -9999.0 -9999.0 -9999.0 -9999.0 -9999.0 -9999 30533.024920005748 79301.58360636097 46799.66356374324 65041.78687193889 79703.11985779324 79964.84715244753 114271.47481069372 162160.62855598528 189983.27058389518 222554.52883875018 185137.71510149114 182020.94765415456 188547.12420316663 149320.77139593737 96900.23582286503 137454.5546237138 139564.7805494597 178242.27657731573 203795.1785526448 205463.77595505124 211891.85948592142 216615.7161835212 241268.54311344016 238523.98636643996 294114.92222377966 2257.0310216181924 -9999.0 -9999.0 -9999.0 -9999.0 -9999.0 -9999.0 77341.80629165785 164079.80992191262 257181.67345782608 0.0 231411.5544780236 196799.36190547812 322037.65650114 329453.5955997625 342434.4934410269 310566.9250391117 346395.3986311836
-9999.0 -9999.0 -9999.0 -9999.0 -9999.0 -9999.0 -9999.0 -9999.0 -9999.0 -9999.0 -9999.0 -9999.0 -9999.0 -9999.0 -9999.0 11976.8303072874 13998.433634007131 14655.738868795175 38183.132138894296 71061.16664947463 51656.20411710811 125116.78662143722 145638.05858586135 207191.85879289854 216129.1997400954 222554.419805173 225390.59928218136 223088.79841738695 186439.13570503678 90511.39974835566 219849.23234839473 143122.080632568 171634.87225273985 198758.1454719971 257393.50645017825 250899.8853645814 262376.1734043026 262647.7509951111 275896.14697708876 251848.94596987517 149688.51491544474 -9999.0 -9999.0 -9999.0 -9999.0 -9999.0 -9999.0 -9999.0 5030.905679725746 0.0 371943.8555040225 429458.96933013044 376445.1477987808 315899.23087214143 312698.8170921205 341209.1035722811 252091.84045914968 286987.53855865775 327795.13654529664
-9999.0 -9999.0 -9999.0 -9999.0 -9999.0 -9999.0 -9999.0 -9999.0 -9999.0 -9999.0 -9999.0 -9999.0 -9999.0 -9999.0 -9999.0 23417.168490383407 15103.020792450012 20428.29403105896 12621.16616112681 85085.24331316756 140787.5397920613 187711.9718756761 197463.7749944199 219402.41381205496 220706.16301641558 227164.60374827264 178470.16339826444 99635.73558171175 106332.00776988437 171536.9289927905 246274.7455895867 240286.77490319 198436.25269868496 225281.27169606902 256460.877218465 211220.85860659063 206766.2681826457 254114.6800061459 270277.7312650664 421928.66038888966 89547.10969937022 -9999.0 -9999.0 -9999.0 -9999.0 -9999.0 -9999.0 -9999.0 22735.13597274517 243412.09965161243 340987.3190863035 331086.0346802105 174654.51734993243 271703.92883821065 142461.99979332663 306996.8619370674 282556.1528227143 282278.8174638192 366621.2781058646
-9999.0 -9999.0 -9999.0 7451.214580028388 5733.998169302399 -9999.0 -9999.0 -9999.0 -9999.0 -9999.0 -9999.0 -9999.0 -9999.0 -9999.0 -9999.0 14510.232796292434 18883.396009965658 26679.32715920002 39765.11872372437 124345.85684456548 148129.86613177773 221227.03550075754 268227.26293649914 277915.55228882714 292398.9436930879 304581.6323362688 409909.10132967395 259042.97320387667 236904.87515102822 437296.01290602 468789.36523242673 468554.83364883735 478902.21486587764 477423.35421613633 473266.0296816851 392199.45147234685 469277.9608461992 429178.1885394323 490947.72994624265 428110.20405655814 156951.7179472901 30276.67811383985 0.0 -9999.0 -9999.0 -9999.0 -9999.0 -9999.0 116698.16532878012 295337.5502242924 390137.76486711885 151129.80847477366 137898.98157632904 328156.51100272586 447225.2344637175 364519.93826615624 160976.10151659884 178742.07934680427 188927.77240616851
-9999.0 -9999.0 4457.432036358427 18963.383514625297 -9999.0 -9999.0 -9999.0 -9999.0 -9999.0 -9999.0 -9999.0 -9999.0 -9999.0 -9999.0 -9999.0 -9999 47749.64092293657 18504.485235647113 57107.594088935024 123123.69834526087 163096.28952902052 264146.6982415509 269280.1608571567 281748.26672131685 299442.8452172625 298731.4525470838 340396.3367219972 476124.3581421534 301775.6745310489 467753.79254642484 450773.05988565617 480561.506387469 481343.9822782022 460263.2358058324 501804.13376853033 498735.24681874627 437449.0689619572 391921.72894975473 422645.8351197366 479746.72427458246 355642.30475259514 0.0 0.0 69603.10178903857 -9999.0 104015.8948908481 93870.92880150308 -9999.0 -9999.0 80165.38575748549 101569.55525034208 122588.23725854271 150726.97774966556 363696.7101484309 356872.8478256487 190511.29029543366 118567.13474929378 92697.99885822929 53231.173629667064
-9999.0 -9999.0 -9999.0 9252.430250440986 -9999.0 -9999.0 -9999.0 -9999.0 -9999.0 -9999.0 -9999.0 -9999.0 -9999.0 -9999.0 -9999.0 -9999.0 29063.38638693087 40896.60443428727 97847.91023703339 199462.39391630449 208406.81136273092 280181.3277999041 330351.9232074859 375841.4607777295 384760.54695827776 460776.958967321 403254.29268952657 248246.30972146767 286039.5546318044 551940.4156385562 523004.36261805653 480685.8268355384 501899.39985913114 511219.32390913594 529617.5162464597 497866.93621960236 538858.476813442 509523.50710130215 404598.42190446676 214277.73804859395 202892.24791500747 128892.90173814354 0.0 0.0 -9999.0 -9999.0 -9999.0 -9999.0 -9999.0 -9999.0 -9999.0 8361.203507547947 25169.529409257888 20582.879371878316 -9999.0 10087.488541828881 -9999 58456.363518823244 39681.876574932874
1825.3913204885716 -9999.0 -9999.0 -9999.0 -9999.0 -9999.0 -9999.0 -9999.0 -9999.0 -9999.0 -9999.0 -9999.0 -9999.0 -9999.0 -9999.0 -9999.0 76459.13916790612 74268.60754172876 64529.30505111637 111794.53133827586 200433.0484425692 288634.3628959756 321535.1416910506 326058.60644181794 530054.6293804281 383354.86740049283 187285.71129189176 64577.64040240479 289127.67098354857 482395.20101758966 508207.54050522647 448624.90783939016 217187.28486119496 99138.51534183207 319943.94077022286 456826.56920512376 287566.2776491713 285859.05259955284 252461.28192498622 0.0 0.0 0.0 0.0 0.0 -9999.0 -9999.0 -9999.0 -9999.0 -9999.0 -9999.0 -9999.0 4776.964841926758 5003.998124720064 155845.64265930667 226063.72617380414 257630.59786401174 318207.33459926205 304219.4860223102 278689.9679262552
1819.4596880070844 -9999.0 -9999.0 -9999.0 -9999.0 -9999.0 -9999.0 -9999.0 -9999.0 -9999.0 -9999.0 -9999.0 -9999.0 -9999.0 -9999.0 -9999.0 -9999.0 134797.90544239304 111642.21636502481 116956.66248592096 179834.73317526135 398220.42034416425 474895.93002225395 440748.8501574338 283356.7136329072 25113.429363045405 -9999.0 -9999.0 323900.8233533546 589899.3073501509 579154.0886465197 92143.99124544118 104566.31681518239 118712.9824113927 290259.71907981706 156797.17270607923 193143.59038988143 57799.39599638818 0.0 0.0 0.0 53020.25093430417 -9999.0 -9999.0 -9999.0 -9999.0 -9999.0 -9999.0 -9999.0 -9999.0 27754.813539149076 172739.90918748433 47764.56158345814 240107.92788840254 166070.8404390984 160190.8521291345 192179.69182778982 167008.42205142832 116602.89373107017
-9999.0 -9999.0 -9999.0 -9999.0 -9999.0 -9999.0 -9999.0 -9999.0 -9999.0 -9999.0 -9999.0 -9999.0 -9999.0 -9999.0 -9999.0 -9999.0 -9999.0 13542.351456859802 131077.36804694857 145850.35230461476 226013.82353003693 266038.7298208799 219160.86609971686 39965.38171653596 -9999.0 -9999.0 -9999.0 -9999.0 66489.67018709914 253542.45567489977 283612.5164232531 223713.6336647789 263908.98991043406 413164.1524589823 261781.69474262872 223782.30975268377 299937.1619885318 0.0 0.0 0.0 -9999.0 -9999.0 -9999.0 -9999.0 -9999.0 -9999.0 -9999.0 -9999.0 -9999.0 11250.297526291708 92239.18105997267 65060.37573023434 17464.54337763372 31045.38108067922 70675.1140437264 114826.64411557015 163934.37901432416 154718.10390609293 84780.3529415473
68901.59865082263 23600.066057870445 2339.9396460593744 -9999.0 -9999.0 -9999.0 -9999.0 -9999.0 -9999.0 -9999.0 -9999.0 -9999.0 -9999.0 -9999.0 -9999.0 -9999.0 -9999.0 -9999.0 -9999.0 -9999.0 -9999.0 -9999.0 -9999.0 -9999.0 -9999.0 7428.674999723796 8617.656874702332 -9999 -9999.0 122486.79761781276 693231.562770426 755085.8847141855 731916.1168684452 752582.0701719857 437148.14305420185 560040.3170653289 237598.76217660416 158766.0782078252 0.0 56507.83354111596 -9999.0 -9999.0 56737.85245905757 0.0 15373.196266069204 -9999.0 -9999.0 -9999.0 -9999.0 20813.588298567483 41007.32882843628 23357.548388703817 -9999.0 -9999.0 48749.59228104862 170884.54625722056 86011.4925413524 101069.10147933851 118880.55736564069
305659.28450728813 30366.991537388756 3254.626036612278 -9999.0 -9999.0 -9999.0 -9999.0 -9999.0 -9999.0 -9999.0 -9999.0 -9999.0 -9999.0 -9999.0 -9999.0 -9999.0 -9999.0 -9999.0 -9999.0 -9999.0 -9999.0 -9999.0 -9999.0 7834.218675410471 28319.530079737855 58913.60984332451 136314.07259489183 6880.573397379794 2406.880657385796 18300.800783793075 291660.66893525695 669312.7175105852 730676.8118829614 726595.8733297794 636377.3889435538 602015.3930631445 381224.29441810463 234074.8796118126 0.0 27499.44369660766 5386.225863454283 -9999.0 0.0 35795.52991389735 -9999.0 -9999.0 -9999.0 -9999.0 18615.85928389963 137125.11853814835 192217.6083090203 168298.71377113214 41902.83436287569 -9999.0 69286.36268710642 245487.7867665326 180026.86607552075 203401.96069713228 159257.50061616814
216273.84577242588 31132.63998405215 -9999.0 -9999.0 -9999.0 -9999.0 -9999.0 -9999.0 -9999.0 -9999.0 -9999.0 -9999.0 -9999.0 -9999.0 -9999.0 -9999.0 -9999.0 -9999.0 -9999.0 -9999.0 -9999.0 -9999.0 16247.70256556443 53577.085728399354 160577.86823937233 322315.8382421742 871.925901650353 -9999.0 -9999.0 -9999.0 902.8528069511494 229987.149796908 783948.7678652166 761817.3778158588 759601.1634656737 402827.08863756555 468413.4133078028 251610.9573339749 44567.952500753985 50148.310190159194 -9999.0 -9999.0 10934.465323444128 -9999.0 -9999.0 -9999.0 -9999.0 -9999.0 158917.21660058814 245354.01394836663 241950.72557631027 207196.15531460074 134098.57397186814 157681.5783022868 161020.95503150194 195092.10943996106 171177.39422044894 165497.56008492 128033.74225559166
11521.523510209092 -9999.0 -9999.0 -9999.0 -9999.0 -9999.0 -9999.0 -9999.0 -9999.0 -9999.0 -9999.0 -9999.0 -9999.0 -9999.0 -9999.0 -9999.0 -9999.0 -9999.0 -9999.0 -9999.0 -9999.0 -9999.0 117570.84247291688 221706.90435106057 242581.57267229882 165939.19270121775 7791.063194798648 25543.62604589579 -9999.0 -9999.0 2638.828847507654 96650.42898181386 559152.3435181904 568249.1889921705 401772.9246617466 303681.43160595075 137025.14149498034 86939.2289980255 39401.73396136455 17314.38870766469 -9999.0 -9999.0 -9999.0 -9999.0 -9999.0 -9999.0 -9999.0 -9999.0 203007.86531971442 122213.54662772958 131961.21674137874 88708.74158896599 36369.98610250524 20803.46599374756 15321.865078465327 18656.015721252676 50182.28807010116 57704.53788939759 42759.98813316848
198635.5010346035 80237.18442133839 15092.228483319104 -9999.0 -9999.0 -9999.0 -9999.0 -9999.0 -9999.0 -9999.0 -9999.0 -9999.0 -9999.0 -9999.0 -9999.0 -9999.0 -9999.0 -9999.0 -9999.0 -9999.0 -9999.0 -9999.0 106612.1546383327 311890.9063981552 435764.5472127914 21037.030627072083 5293.87011300933 17627.06218654014 12055.10730912178 30792.08247751705 15004.908853636363 26847.763128413906 108825.62436509128 284650.6133800048 112775.99248898281 -9999.0 -9999.0 -9999.0 -9999.0 -9999.0 -9999.0 -9999.0 -9999.0 -9999.0 -9999.0 -9999.0 -9999.0 -9999.0 42698.0306858195 340807.20916934055 246097.9601167566 198026.1526494372 102645.40186369231 17551.48609129253 13954.882827771935 105365.47303830252 55158.2292475054 122202.97372560971 216371.79327155257
230192.37175960952 265539.8095592472 81060.39708205195 2508.4053498998946 -9999.0 -9999.0 -9999.0 -9999.0 -9999.0 -9999.0 -9999.0 -9999.0 -9999.0 -9999.0 -9999.0 -9999.0 -9999.0 -9999.0 -9999.0 -9999.0 -9999.0 -9999.0 8307.624310644022 128301.68153721924 265640.95987433183 38525.978220741286 14398.509315263602 67663.3774322574 11236.001349494914 69404.45088986632 85427.81633244832 8022.951346008884 7194.157315942541 5670.472057270701 9135.293963159957 78773.91104134255 18395.60865244077 -9999.0 -9999.0 -9999.0 -9999.0 -9999.0 -9999.0 -9999.0 -9999.0 -9999.0 -9999.0 5614.278180049611 74586.13307898685 118671.60723497342 234516.92607946176 213224.8802467068 196291.59656048607 16570.694045571297 20743.9467566181 110826.16580316957 128547.27428668733 174897.46394669212 111067.0907650248
90828.05187519306 162106.70960249862 52715.33521381846 6589.067722781405 6976.796971215508 -9999.0 -9999.0 -9999.0 -9999.0 -9999.0 -9999.0 -9999.0 -9999.0 -9999.0 -9999.0 -9999.0 -9999.0 -9999.0 -9999.0 -9999.0 -9999.0 -9999.0 4243.6595886210125 106674.38950804311 330333.7504428118 64105.75788809186 23205.383414176977 17079.019194908295 64974.366339199594 62255.008003372706 10760.870260675072 3920.5361564969044 39406.1960814237 0.002306778079676389 -9999.0 -9999.0 -9999.0 -9999.0 -9999.0 6036.9281808841715 13767.872443182727 39318.938246616315 43764.988839257 5826.999785575896 -9999.0 5258.3393944058835 3830.7689492284776 7871.213235944706 83048.16202046601 108062.87301062323 70183.1547490627 187990.43048722242 51269.65552076162 39632.84006504816 205851.8262882488 186489.91716498864 201459.60363307138 309044.41038893233 147545.15808122754
99545.47071920073 108636.59851517816 129865.08707977104 56939.01359232753 78116.22972464263 8767.854973816437 -9999.0 -9999.0 -9999.0 -9999.0 -9999.0 -9999.0 -9999.0 -9999.0 -9999.0 -9999.0 -9999.0 -9999.0 -9999.0 -9999.0 -9999.0 -9999.0 -9999.0 106314.35972146287 124428.43858212393 214000.78694928228 33088.49385832305 27662.23418347707 38174.24486442323 6161.230596765613 36466.50615224621 0.0 0.0 64957.48030331598 3933.637272411376 2721.727089102447 41653.835068981585 16831.21141206525 55899.70945699298 51094.46573089926 114654.26809173149 230946.07555835566 93568.66062333234 1363.0445663646897 0.0 19746.868181024787 53837.78553691167 54049.38069044665 36031.873501065435 46064.1902164794 68007.20548285151 49886.828520235715 117425.82370979908 255136.07932666648 299491.19633332285 362821.739804104 287723.4552429435 251912.33069986617 276174.1315236859
23268.635364138827 112486.41910976828 21802.987857391385 10288.524266444323 40160.116969153445 56994.93923802686 6180.002938006794 -9999.0 -9999.0 -9999.0 -9999.0 -9999.0 -9999.0 -9999.0 -9999.0 -9999.0 -9999.0 -9999.0 -9999.0 -9999.0 17618.353592415526 14114.097013403098 68850.10367986788 32148.73462870875 28499.61418281861 80339.10934831438 232972.33758945897 160643.6445955666 74948.96261099487 245236.4221566249 44148.113733413156 5972.558295223127 5882.660468178755 69202.51692907453 45527.84466202607 59851.64306622485 70329.5445383909 62612.649753224294 187981.94206344287 169425.6559974886 114497.21433254714 91213.68557054976 54984.91691439291 27081.250449700383 0.0 46052.493422276864 71110.90783199744 104032.06227472708 109593.53617529421 68908.22973078543 49703.48069976813 59767.46954415856 0.0 270794.6718748842 344826.8261393269 321428.14181523153 146146.94662277497 184122.72498718364 104979.54497878756
5218.607692489267 8661.936082154618 179461.37753146148 18863.788510835744 56500.04207391858 74444.01058147219 5293.967226712078 -9999.0 -9999.0 -9999.0 -9999.0 -9999.0 -9999.0 -9999.0 -9999.0 23381.95445169847 100480.34133370887 59023.91354193725 75405.64227569125 166811.5289406919 99018.33064305484 47049.143876780705 42727.43781684052 39151.1189138429 83857.03007499735 386173.4113099347 335299.7748187909 139461.63171061513 152072.74881876755 197896.3757812935 37268.43282326393 37998.99243361799 10828.348900833134 25970.834047946544 340386.9141650277 5810.263721589471 3710.5065015597934 37310.9048718706 75394.97762010813 80982.03745653231 42867.80442426626 26719.58776173467 22478.787143760805 39910.928914732525 24110.147399375244 0.0 1884.80142677983 8055.2277827581975 0.0 0.0 7736.209420146016 37036.942494948 36750.71471916938 13949.719150024603 78094.80110622772 46218.9898164376 19537.630128021246 67316.02571076075 170128.88307515648
32241.73257208297 19527.532917521443 13383.43676524265 6359.5868020152075 84674.65314359959 58698.287519848134 35967.955435954114 354198.6798187546 26366.170998371268 2385.2934036835195 -9999.0 -9999.0 -9999.0 -9999.0 -9999.0 11559.22950317551 218956.18446442232 227872.67980033444 213810.42854366405 52565.52584602084 15059.018158018718 248234.98020923557 192457.2330998496 146556.97245185878 90612.44270862675 212890.56708214513 141700.7830209403 84848.51114329828 68547.13948959018 123726.12251772988 120464.82615505726 0.0 129482.49354469916 194869.16122982962 154549.15268438298 60328.19453159153 34827.515472275525 6918.20007240312 0.0 29860.53587029562 7484.797119516945 16879.454431604827 28457.39878451314 5662.084275191637 0.0 2518.6627061538547 16144.01468391022 0.0 0.0 0.0 0.0 64631.23878409528 3412.65505355969 36848.72237653309 0.0 0.0 0.0 0.0 0.0
101144.01974543858 36875.984963869065 29790.597785781832 52055.979607119945 33651.920123225966 49851.899316474504 15315.626760290506 100685.11980446533 12681.109686036321 2843.2165225145127 -9999.0 -9999.0 -9999.0 -9999.0 2367.282801676982 3906.071818559133 127730.62699280703 344648.8742826556 181187.6068081613 333878.82462507056 605585.9120820379 558335.3506840792 496136.1900287964 190480.47968842232 256448.78854789954 209491.27670811984 118814.08903298134 157019.73732289264 205432.0120632478 87529.2155570796 298262.92612387205 640236.8195570768 393847.35327574285 356314.5249144891 206311.67558413566 129194.8788092227 48511.427517838434 47547.224593701685 0.0 13904.206504285008 81356.26969042311 61987.9960876404 40607.94428851097 15259.66758800018 12417.679564698738 6985.078925131667 10187.342401844582 12397.636288777403 0.0 0.0 0.0 0.0 0.0 0.0 0.0 0.0 0.0 0.0 0.0
47560.85667667304 0.0 13859.657184141606 0.02224294564244061 4281.235141688215 13775.718797696709 10598.944785102869 7635.312220315362 736.8417192579637 -9999.0 -9999.0 -9999.0 -9999.0 71334.94497296991 173829.74543731502 82710.70128702103 46464.74993105602 167876.20770191625 67373.43555615233 245801.66920940625 464859.3309892482 187279.88101855604 108957.29320741488 429086.0351535021 676962.1031774627 529408.175924127 509322.6402200506 613331.8506800996 186752.00766225433 82952.81161831284 197036.93913341698 90331.06561513708 480573.29871026165 518173.661347784 1044151.1173133566 0.0 49286.05487383193 30041.986436611984 28483.502398722547 0.0 1438.476021032168 0.0 0.0 0.0 0.0 75364.26974122011 28725.072413022623 0.0 0.0 0.0 0.0 0.0 0.0 0.0 0.0 0.0 0.0 0.0 0.0
16276.183468107825 52903.081054398135 78342.54725725089 0.0 17292.32730720964 12815.788721771345 10817.278114663157 12618.901886877296 2564.6318517083287 -9999.0 -9999 7932.924164297957 134186.12867856087 194325.3920682577 233180.45540338047 220885.6540340616 288464.08809363196 129406.71802038554 32989.760847101774 2221.041269321857 116824.1135928746 376786.57809065806 583450.2098037393 649829.9817487355 475998.2534504477 376980.0084146309 236052.70451597945 105656.28404649608 75675.05714900045 176465.05662579637 405434.6335791981 256573.17129167414 150796.63236272943 172295.58175421724 186420.67224159167 163521.85654824597 180063.8172282681 117851.49797978307 9734.147624604446 0.0 0.0 0.0 0.0 0.0 43117.82128139706 34953.43531512024 0.0 0.0 0.0 0.0 0.0 0.0 0.0 0.0 0.0 0.0 0.0 0.0 0.0
