Model Version1.4/trunk/output/1999/nload_tot.asc
ncols 720
nrows 360
xllcorner -180
yllcorner -90
cellsize 0.5
NODATA_value -9999
[rows 52 to 77 of 360, columns 348 to 405 of 720]
-9999.0 -9999.0 -9999.0 -9999.0 -9999.0 -9999.0 -9999.0 -9999.0 -9999.0 -9999.0 -9999.0 -9999.0 -9999.0 -9999.0 -9999.0 -9999.0 -9999.0 -9999.0 -9999.0 -9999.0 -9999.0 -9999.0 -9999.0 -9999.0 -9999.0 -9999.0 -9999.0 -9999.0 30081.637122228858 227103.9826652329 61010.470757041236 372589.26371233695 275294.295437348 182874.5446052327 611906.89383343 224278.74864753598 219017.396530878 215440.31381822 291573.38711778005 193747.64778622 150397.99251859597 174811.350647919 115410.900589664 161051.88198272002 228112.55090390996 239347.98710766 245465.96625235002 254761.948408272 276156.02445037884 276249.12957851804 302815.676129626 251280.673788864 472159.13770344004 88201.787201009 -9999.0 -9999.0 -9999.0 163126.549486435
-9999.0 -9999.0 -9999.0 -9999.0 -9999.0 -9999.0 -9999.0 -9999.0 -9999.0 -9999.0 -9999.0 -9999.0 -9999.0 -9999.0 -9999.0 -9999.0 -9999.0 -9999.0 -9999.0 -9999.0 -9999.0 -9999.0 -9999.0 -9999.0 -9999.0 -9999.0 33907.348056774696 221386.44441796115 207532.13723448332 201868.95884591006 222106.95537817918 393095.962606528 635731.41611437 287674.71524612996 235819.79410672004 228351.5034910757 200230.58072252 218443.16733415998 219692.21616801003 125939.917054054 221137.54843875996 176389.033789773 136760.79368550002 222077.169596173 248839.87055922003 246986.347352 309424.22606222006 231752.32395907005 243556.16158320598 327034.66470855 79493.11006844 2718.1059193268 -9999.0 -9999.0 73997.56012002088 317215.514351746 250326.18940175098 727216.5273414401
-9999.0 -9999.0 -9999.0 -9999.0 -9999.0 -9999.0 -9999.0 -9999.0 -9999.0 -9999.0 -9999.0 -9999.0 -9999.0 -9999.0 -9999.0 -9999.0 -9999.0 -9999.0 -9999.0 -9999.0 -9999.0 -9999.0 -9999.0 -9999.0 50102.74660529484 325723.609959747 311786.46473312814 221077.24317679275 214016.64579404003 361452.6807413 336250.58823362 248064.54668517 256762.22824597 269681.050169277 273751.517343089 268432.50508609996 241279.20074831 276011.31365686154 243415.118809527 245922.71467938 286140.79526623996 245119.89349363197 267027.608995447 269895.65790722 293081.38212555 274754.262792632 310908.4357506311 488013.38330084307 133148.147473722 -9999.0 -9999.0 -9999.0 -9999.0 -9999.0 215348.55804044 342007.012321645 379372.21898851 692280.924681967
-9999.0 -9999.0 -9999.0 -9999.0 -9999.0 -9999.0 -9999.0 -9999.0 -9999.0 -9999.0 -9999.0 -9999.0 -9999.0 -9999.0 -9999.0 -9999.0 -9999.0 -9999.0 -9999.0 -9999.0 -9999.0 -9999 70543.75554381701 291069.8210117135 476519.99067235494 295548.04425689497 304555.355929327 358558.727860727 317579.27611432 326743.5388547 325961.100322275 314680.9351176666 268145.52989437996 339306.011203652 272154.916813487 272925.79967250995 150320.48204558398 195390.26127937 182620.85157495 236453.36403212 357989.917514884 285496.542880831 300018.26317668403 266847.03656092595 289880.02175604 291235.95679473004 576793.475810806 7150.441160562399 -9999.0 -9999.0 -9999.0 -9999.0 -9999.0 -9999.0 551547.2361613649 466415.8072885369 697770.237508043 155595.78109288402
-9999.0 -9999.0 -9999.0 -9999.0 -9999.0 -9999.0 -9999.0 -9999.0 -9999.0 -9999.0 -9999.0 -9999.0 -9999.0 -9999.0 -9999.0 -9999.0 -9999.0 -9999.0 -9999.0 -9999.0 -9999.0 46387.212925959604 611276.92469781 419365.94481243996 304072.65976987 310343.7980960526 174738.79152457003 290455.85903045 364425.83990977 369654.53082953003 385254.91691834 347294.20266024995 325618.943871215 319856.62709905 274448.47816687694 133229.47809835 300523.58512443403 182751.50925229397 291331.61978701997 242133.19558938142 305007.824127628 309696.2519043105 315531.01995991496 321092.92182295996 346215.61961706 371930.3511570077 291141.08836048504 -9999.0 -9999.0 -9999.0 -9999.0 -9999.0 -9999.0 -9999.0 6118.5629268423 186492.635209018 446266.0023297414 534509.438609674
-9999.0 -9999.0 -9999.0 -9999.0 -9999.0 -9999.0 -9999.0 -9999.0 -9999.0 -9999.0 -9999.0 -9999.0 -9999.0 -9999.0 -9999.0 -9999.0 -9999.0 -9999.0 -9999.0 -9999.0 -9999.0 103512.115188004 333625.45741199993 709786.2971714159 304841.35258390004 301920.02356056997 279023.6927878851 349405.43129064696 362871.82134059904 365617.766630022 314528.55022780003 312224.6081147799 368849.96468539996 198051.048735002 274838.79714653397 209002.51105070603 307584.15265854006 312642.70731791004 283944.20747019805 421594.1708921 382228.295698239 300261.44628508 254350.93905782996 349498.85778371 441927.713054121 528914.717162912 297711.634470836 -9999.0 -9999.0 -9999.0 -9999.0 -9999.0 -9999.0 -9999.0 71629.17672191099 819220.870204115 965893.0502202801 1187493.5725068399
-9999.0 -9999.0 -9999.0 -9999.0 -9999.0 -9999.0 -9999.0 -9999.0 -9999.0 198890.78603149488 51255.0501878054 -9999.0 -9999.0 -9999.0 -9999.0 -9999.0 -9999.0 -9999.0 -9999.0 -9999.0 -9999.0 307443.0729561607 562670.25425439 611487.43358466 428275.206354 408812.76744046 357286.80371794006 385414.9897214 405616.98485229 406907.215268899 489138.63155416 381591.81115276 604736.9689165701 1750202.8638805803 2752145.2472244506 1322030.46574373 1486741.780362825 635357.04219676 631655.3696003351 591637.8075917601 626905.037796832 695387.362836276 618506.0408635701 716300.40934747 624532.721766595 706040.317778979 774877.1460501251 64317.1847869742 55.1334895526 -9999.0 -9999.0 -9999.0 -9999.0 -9999.0 230153.38166753098 1150861.6227165498 1665131.0142353198 1618953.61687523
-9999.0 -9999.0 -9999.0 -9999.0 -9999.0 -9999.0 -9999.0 -9999.0 84330.4524546727 433336.481793194 -9999.0 -9999.0 -9999.0 -9999.0 -9999.0 -9999.0 -9999.0 -9999.0 -9999.0 -9999.0 -9999.0 -9999 990658.343623099 548441.781165967 346553.85871175 348390.72104848 387659.57674049 339535.398462113 422954.63726777 405201.00494489993 379655.63103879994 393560.91911452997 1194484.1593544702 887076.8039631101 4866216.269346309 927187.4271734051 1208075.6129363838 618974.57048551 618074.3197470099 646049.810318393 615812.477785641 592709.1440449631 815985.13392176 1087569.3061495498 982901.8646812199 586559.58694778 801831.3364801841 44912.281228011 32255.417129734997 99127.441847335 -9999.0 455419.797405859 203481.78818026977 -9999.0 -9999.0 138540.49899197102 780054.015469802 706382.446534146
-9999.0 -9999.0 -9999.0 -9999.0 -9999.0 -9999.0 -9999.0 -9999.0 -9999.0 22988.3246957023 -9999.0 -9999.0 -9999.0 -9999.0 -9999.0 -9999.0 -9999.0 -9999.0 -9999.0 -9999.0 -9999.0 -9999.0 455612.9382837791 498109.02776632004 403986.34555800946 481284.7591889 475364.99916899996 502081.05469019996 556098.1496963999 507196.17528682994 517679.22653958993 1144286.197262071 1749238.0289697603 4035298.352637005 5946366.557563011 893218.985261104 737301.3546549911 795594.3920342999 770467.1903677039 783046.928968732 707330.2208701699 670339.6238686127 733048.5869723649 793592.820874582 1432363.6108391301 1173860.1903061399 1065963.31184527 1314987.77542494 87147.6825926 68308.075434919 -9999.0 -9999.0 -9999.0 -9999.0 -9999.0 -9999.0 -9999.0 37952.8775506536
-9999.0 -9999.0 -9999.0 -9999.0 -9999.0 165065.4709644013 36009.7787246034 -9999.0 -9999.0 -9999.0 -9999.0 -9999.0 -9999.0 -9999.0 -9999.0 -9999.0 -9999.0 -9999.0 -9999.0 -9999.0 -9999.0 -9999.0 1191778.889538484 352054.159584505 689516.0245200271 525044.6742830001 526894.38895555 498996.67244478 607197.59720229 694196.55444835 804224.7442059 1705857.41244091 5531477.313459944 2501360.1577461115 3978154.10478696 849255.046973662 659379.54589185 893025.4111616899 1475366.535142255 1599359.016022787 886029.65111201 925173.792825648 1813300.69266615 1181277.435226543 810568.8631347402 279437.03675624 445376.41388214 1183596.77368165 1189766.798628977 44261.6291841529 -9999.0 -9999.0 -9999.0 -9999.0 -9999.0 -9999.0 -9999.0 6728.038450116201
-9999.0 14734.9727671277 202784.09927806893 63632.330115726996 121668.671458868 235171.266055497 99611.89838684989 -9999.0 -9999.0 -9999.0 -9999.0 -9999.0 -9999.0 -9999.0 -9999.0 -9999.0 -9999.0 -9999.0 -9999.0 -9999.0 -9999.0 -9999.0 -9999.0 5687426.02871293 1236273.5690007801 636897.10085663 672336.5493282559 899255.661648596 835739.10365925 1149192.03252564 446624.714179615 226760.5714426908 -9999.0 -9999.0 493620.45399682067 742275.8541584811 1291843.158540647 1729582.39050947 1842409.267335957 1426353.905338202 803765.4041708161 928556.955985491 488293.189817995 256490.85434345301 182422.263884296 173621.91200312 108590.32238452001 186806.048453783 -9999.0 -9999.0 -9999.0 -9999.0 -9999.0 -9999.0 -9999.0 -9999.0 40908.244925122104 281838.855221672
-9999.0 462389.20601990505 1354527.4519549 824886.744701627 821269.2652488949 193253.597189848 -9999.0 -9999.0 -9999.0 -9999.0 -9999.0 -9999.0 -9999.0 -9999.0 -9999.0 -9999.0 -9999.0 -9999.0 -9999.0 -9999.0 -9999.0 -9999.0 -9999.0 30551.6361122291 538681.249124685 1233348.6952859603 982984.19306822 1012699.69869361 809130.8797778311 813608.663738654 -9999.0 -9999.0 -9999.0 -9999.0 94448.58059608801 462702.50328682194 718180.0168775499 1679075.42819357 1943416.891151059 1999344.4664385163 1158311.123531872 1198693.778276819 1709540.693010025 653781.20106812 170011.12596791203 18046.750231162 -9999.0 -9999.0 -9999.0 -9999.0 -9999.0 -9999.0 -9999.0 -9999.0 -9999.0 13224.3335121863 153234.824601466 104710.05071215199
108572.688888244 1803764.7165301393 1589874.76512529 950150.31592104 574626.1510792869 817339.9648486101 1060659.8389770929 1715419.666674182 557255.3064716691 -9999.0 -9999.0 -9999.0 -9999.0 -9999.0 -9999.0 -9999.0 -9999.0 -9999.0 -9999.0 -9999.0 -9999.0 -9999.0 -9999.0 -9999.0 -9999.0 -9999.0 -9999.0 -9999.0 -9999.0 -9999.0 -9999.0 243208.5722002797 1203076.921585144 -9999 -9999.0 689628.1833775925 1382939.7649068371 1046604.9076230159 970731.9749481829 897378.976231935 1361630.4080920499 781094.8167655501 312506.91534156306 379245.81846203003 110456.24326117599 167012.373667224 -9999.0 -9999.0 569198.604298531 40329.265727685 96946.139024033 -9999.0 -9999.0 -9999.0 -9999.0 26913.8034183968 61076.869646788895 37427.2304618395
700816.2371077645 2752497.801698 1622038.86135258 1401151.9751969702 1976692.6243739002 2161682.90140413 2162938.87230733 4703819.34798471 465045.8185657731 -9999.0 -9999.0 -9999.0 -9999.0 -9999.0 -9999.0 -9999.0 -9999.0 -9999.0 -9999.0 -9999.0 -9999.0 -9999.0 -9999.0 -9999.0 -9999.0 -9999.0 -9999.0 -9999.0 -9999.0 504758.2506714383 1327485.158409323 3891327.6697269357 5481684.211546791 199405.94746795393 95151.16592969341 83973.03712069018 1581784.2068965803 1218359.286998563 946821.76358148 915000.91493677 966751.985531224 738341.8893592199 421877.7722142409 334217.33704768395 117887.58061585 276470.613835755 71024.4893131436 -9999.0 49621.548696069 210856.58694871297 -9999.0 -9999.0 -9999.0 -9999.0 28436.250785564596 437956.00262903003 343128.712693337 491821.052347277
335371.933809585 1798727.459070406 2626422.7485558 1986982.2731884 950148.01965764 2775221.8168757497 3423380.0772033203 961710.815764208 -9999.0 -9999.0 -9999.0 -9999.0 -9999.0 -9999.0 -9999.0 -9999.0 -9999.0 -9999.0 -9999.0 -9999.0 -9999.0 -9999.0 -9999.0 -9999.0 -9999.0 -9999.0 -9999.0 -9999.0 1873172.6246792672 2184478.2320822296 3291392.52438014 4215148.251715005 571019.099437116 -9999.0 -9999.0 -9999.0 342511.73595400905 2123533.537637429 1682039.40356282 1304920.47549215 1039038.514013668 1088635.58823463 536597.0403491523 371579.03554161004 487488.95340808603 444526.249770385 -9999.0 -9999.0 73726.15332210979 -9999.0 -9999.0 -9999.0 -9999.0 -9999.0 346197.502012766 560962.296108674 559657.120304866 407531.01684570697
591829.5153545234 579399.02640447 882890.33256022 1139800.25173614 3025592.36441494 4604948.031765439 1885611.386641763 -9999.0 -9999.0 -9999.0 -9999.0 -9999.0 -9999.0 -9999.0 -9999.0 -9999.0 -9999.0 -9999.0 -9999.0 -9999.0 -9999.0 -9999.0 -9999.0 -9999.0 -9999.0 -9999.0 -9999.0 -9999.0 1381213.4217594862 2805849.628526648 1911302.1926228742 5002373.41955005 1836200.4404449658 924947.0271858799 -9999.0 -9999.0 1176215.414954802 3267531.480447356 2676332.570673522 2386424.52072806 2210095.61169233 1600800.4376263903 466872.3755823261 398049.07953318796 464978.198676284 112567.5322761913 -9999.0 -9999.0 -9999.0 -9999.0 -9999.0 -9999.0 -9999.0 -9999.0 477009.54642493103 388903.874513356 583831.90347342 683574.6988154759
624573.4717719669 482329.75207996997 1494839.450211417 5684369.62513314 2240846.3546169302 3371466.13050022 2164114.56018002 2429297.42803105 570507.954201183 -9999.0 -9999.0 -9999.0 -9999.0 -9999.0 -9999.0 -9999.0 -9999.0 -9999.0 -9999.0 -9999.0 -9999.0 -9999.0 -9999.0 -9999.0 -9999.0 -9999.0 -9999.0 -9999.0 1630065.671764622 2814678.6098657153 5474083.118239279 1879676.3164062921 913306.425351717 409468.1195260047 1238748.207026837 2321673.711350561 5362320.740980878 2273652.951285249 5856846.012524034 4195867.52942152 2385546.817741082 -9999.0 -9999.0 -9999.0 -9999.0 -9999.0 -9999.0 -9999.0 -9999.0 -9999.0 -9999.0 -9999.0 -9999.0 -9999.0 2012642.843050864 704090.9017226669 1023131.9950579891 982228.5674426439
108973.28186613599 104886.92112357508 1111859.024328437 545983.0079266 1385008.9524408698 630134.46815019 1272691.0818271 865002.4878169982 2821009.7486748192 324922.1620992708 -9999.0 -9999.0 -9999.0 -9999.0 -9999.0 -9999.0 -9999.0 -9999.0 -9999.0 -9999.0 -9999.0 -9999.0 -9999.0 -9999.0 -9999.0 -9999.0 -9999.0 -9999.0 343394.00195868866 1606150.882244771 6544615.334747095 1383056.2471541788 2804218.7878246796 2612510.1035312098 1644428.8430966283 4159383.9221368865 2189347.672564603 142340.87046282718 1550627.4202953265 941659.0237356181 562739.6115400792 1130406.6348486526 428290.3553463617 -9999.0 -9999.0 -9999.0 -9999.0 -9999.0 -9999.0 -9999.0 -9999.0 -9999.0 -9999.0 37665.9801080534 863441.9820874551 1580751.7544264821 1251637.7340715562 1208957.5729710967
2743758.1121590375 323454.48935757 1294290.2069880848 284972.183215415 1181904.330855048 1985930.00727395 1975176.8268594705 794873.55623027 4438750.910368301 4165838.7629615795 247276.41017801748 -9999.0 -9999.0 -9999.0 -9999.0 -9999.0 -9999.0 -9999.0 -9999.0 -9999.0 -9999.0 -9999.0 -9999.0 -9999.0 -9999.0 -9999.0 -9999.0 -9999.0 98584.11723817456 1037144.4978304629 3146663.5925422194 1098318.4983276501 251665.26672911583 609500.0580369566 2172559.1243884396 2237197.6449750746 791560.7502805536 4898.4926924184 244635.660611743 175643.59951728696 -9999.0 -9999.0 -9999.0 -9999.0 -9999.0 165889.87174591003 555596.679548223 516652.848628444 1259015.017019672 253952.81528987703 -9999.0 54239.664698688306 1313701.190248532 1409856.4836667478 1406442.791083044 1707513.407282424 1729749.6450886289 1482533.9228040657
2024844.500905088 -9999.0 149021.49317308102 185772.99598336002 85242.17288746826 1389008.6698664401 1557018.98428337 641376.1066365517 1731890.3373434902 2709369.67286043 2620631.230912681 2197127.098467193 -9999.0 -9999.0 -9999.0 -9999.0 -9999.0 -9999.0 -9999.0 -9999.0 -9999.0 -9999.0 -9999.0 -9999.0 -9999.0 -9999.0 -9999.0 -9999.0 -9999.0 845983.9300405119 3276239.048901065 3222324.29725281 1156054.6355605312 491383.97216213297 374205.2617958161 401748.7414976014 794247.735223453 169204.092710656 251410.74371034402 373756.062011176 5370.9640255494005 68757.2863227837 400804.91183639795 457205.35837841796 947441.8756113299 622678.3343875799 1049895.15733442 711362.9062000292 1067457.40209425 2263707.008828576 653092.635157302 705780.47241033 725724.6222497402 1502472.99490531 1324111.42617254 932051.23589805 721111.4663575811 482449.400650777
-9999.0 -9999.0 -9999.0 -9999.0 -9999.0 286998.17484030453 4616526.728906207 5983176.7364445 7530491.630229938 5150999.825871396 3718911.5224397145 4615320.097361539 192955.27550169372 -9999.0 -9999.0 -9999.0 -9999.0 -9999.0 -9999.0 -9999.0 -9999.0 -9999.0 -9999.0 -9999.0 -9999.0 -9999.0 910222.9954656122 1028512.0870901389 639495.525247357 1816184.635725125 2796981.363637543 4344205.379244578 4004026.97703611 1251952.47740685 843623.623988687 1242681.78493964 470161.73807548 624364.27806466 403331.74607595 471769.92421773996 261668.58039703 1611782.469757587 575624.072212829 616907.521859242 843631.1306310801 721880.07096368 669544.7164181201 652432.27945551 478435.4510437669 1693691.21051447 357912.86685810797 574394.881381522 568979.47924082 548196.4776582499 414704.81088846904 474824.73779228 797654.65182462 355612.48252670205
-9999.0 -9999.0 233194.14384315838 1675799.6285912371 1543018.3833546499 3326297.34168895 7196797.781217121 7241586.096371551 3387823.09468623 6647627.205172002 3211285.5849916814 2544946.0915449597 2553043.8741182177 -9999.0 -9999.0 -9999.0 -9999.0 -9999.0 -9999.0 -9999.0 -9999.0 665091.6172616292 456774.28116764606 4064450.0500514386 5511376.228512734 4666842.837052239 3241937.404482664 2457010.5189694352 2233242.197868757 3335109.8678790256 2265731.7240984 2953632.5670273504 2867036.7661098605 1212805.2871270499 1780983.9379239099 1523402.9425271002 459555.166429394 298695.81640221004 275072.90323663 302407.69624217204 1638130.7954114901 1607635.0709123 363559.268424843 210659.42451536004 603563.923851426 987169.0269044699 917742.03280599 969162.8792468699 1554268.5929370301 1601594.4473855319 709673.905688464 624085.42126458 443928.812626698 224060.378226668 150762.16858984 445166.04319182003 576597.74251949 508876.259235332
-9999.0 -9999.0 353994.7931966295 1336934.1057457102 1909585.29930681 2601750.75404731 2323770.57059638 5065938.9426758615 5503041.476903938 9414668.294997212 3256497.56509583 3384463.8230328844 4678657.065645425 6139613.733364199 2422482.87919246 1063282.5775908593 -9999.0 -9999.0 -9999.0 -9999.0 -9999.0 6522571.274216025 966265.5260937548 5043567.187954067 7587416.376466717 2354478.52655942 660834.5800855701 1379281.970539398 1476247.4012396 962621.20747907 1090872.40673239 1030540.99604472 689047.385764754 481821.55319937004 588748.6296506 1514028.79920899 1016417.1299175299 939212.6718268099 3241767.35514631 1394409.0991091102 1741067.0743602605 1241264.5253956 628000.4805370099 402753.02706851996 342452.96301595005 879304.021001 207588.39107591688 693361.959533136 775345.6217369761 646945.584865744 787824.3908479001 1191486.295754557 445905.83599851 200976.14614256998 459829.3919754 368986.58367857 251690.63206335 546991.4349853899
-9999.0 -9999.0 643066.788222811 1767254.2476089697 2440190.32558584 4222679.81931148 4767508.032025209 5943589.526279979 7116440.114146407 4074643.1737526 6328612.5441762 4484935.831797521 4192738.3312111027 2926066.7463872298 2129622.2644353122 857480.4831094994 -9999.0 -9999.0 -9999.0 -9999.0 2842303.6655967035 8794770.42614324 4857193.8908789 4326729.695941229 8404578.3059287 6798267.37142549 3939798.3310961593 2935817.47398942 4207989.691489274 5018775.59297596 4421772.73028228 4706146.17247388 3276687.851362116 4176057.770398579 3368914.6171537596 1818327.17470392 1191668.6738399202 1459318.30858773 3010127.60129929 1316903.879618386 1401372.6546546798 1037262.5710300499 174977.865623265 627170.7300660299 568782.62865742 2565015.680369865 854871.1036173499 1103012.55517007 1644836.18600844 1444335.1189784491 681755.782061311 540909.070593332 479532.67881894996 3208153.1050530276 3371661.8334338698 281891.61364475 359103.5568626099 260422.89521629
-9999.0 1178759.933115958 2533302.101728116 3265941.5671454603 5292707.61344375 6726581.41047822 5240388.058421301 5745376.974783538 5095145.522773637 4542247.09309355 5254707.312135578 15748229.011896549 7416822.852738554 3881254.292914399 1024940.1668935536 -9999.0 -9999.0 -9999.0 -9999.0 2712081.6836458105 8476563.519003808 10721017.97002596 11755824.441098321 10007685.6342574 5444181.3825783925 4396064.09346187 5222566.69776232 6344885.873213015 6762719.216556217 5041221.41565722 3676485.4467226695 2650385.06861887 2874457.19411105 2671403.8330761 2425472.1031555003 2913478.39138413 1725007.04795294 964448.42976387 1224434.8242833498 1784056.8024165 1408499.57066397 413180.31074223603 577779.12898326 1304516.6987898299 1771869.50949244 527192.53291013 421999.39752367 555191.73323592 749771.13487829 1648768.422018995 2954428.001154729 2582685.779496783 1437599.1123910001 262802.64180341316 333143.49445209 454050.53403403 231351.41434135998 491352.965197874
-9999.0 -9999.0 -9999.0 1191063.714324385 1738431.525276518 3080932.973664189 7340131.108136195 7970326.255308316 5722601.55348132 5561445.788429932 6794536.005397701 14484014.306625675 6835269.939872884 5340290.974507072 2898013.2074988317 -9999.0 -9999 1314763.237437045 1883574.134994825 4609667.172318643 6920272.266595941 3314627.9593119496 2650776.84441278 3448482.8586524497 4238851.89791626 6838830.857198525 4690762.833684441 3152587.1939064004 1670585.9104419101 2163783.60407046 3420682.43543001 2031190.4061669202 1809898.2197632198 1406153.7619205401 1284447.26294307 1161073.6666961198 2019731.8450104878 908822.485493373 2271626.611949273 1965661.7530975302 1767773.37847683 2657471.73566517 1827207.4225134898 1413933.79693816 2258524.690649575 1577262.698981272 2376238.6199522 537501.5536599001 520023.73995869 639825.82851507 2712514.21231536 1695586.5903071598 835141.93044107 609338.9341210701 1046899.1892709591 508451.03539752006 165774.793322895 1473253.0189506602
