Model Version1.4/trunk/output/1999/nload_tot.asc
ncols 720
nrows 360
xllcorner -180
yllcorner -90
cellsize 0.5
NODATA_value -9999
[rows 52 to 77 of 360, columns 174 to 231 of 720]
72478.399528999 65569.099946906 66646.483085282 50932.441877088 56794.3572519997 300176.3173434669 43978.45393741737 -9999 -9999.0 -9999.0 -9999.0 9592.8615278447 48420.4742703495 70630.1338523342 66517.20774760899 71028.0476364281 65443.6187968157 66457.1720101362 24462.0053600365 2087.98798832375 -9999 50540.081583785795 118380.4086917221 77727.2290968599 62805.758628786694 6317.257662033299 -9999.0 -9999.0 -9999.0 -9999 -9999.0 17448.5484102634 9389.745526602 -9999.0 -9999.0 -9999.0 -9999.0 -9999.0 -9999.0 -9999.0 5770.049559114101 33228.375864461 46022.82674451999 80718.00675464101 92634.584707114 95985.296338519 100629.172030984 104358.753389692 61613.913460842 68966.54710130859 76359.256543951 104504.90036879499 95112.431420641 88463.27527059401 80924.701499792 72416.890468806 44652.498849279 4582.1667118173
83328.05365938201 82576.87950379 88339.8736175986 86024.836594716 77018.01972779051 -9999 -9999.0 -9999.0 -9999.0 -9999.0 -9999.0 -9999.0 -9999.0 -9999.0 11808.165180984 47405.1208317726 29453.419079736 -9999.0 -9999.0 -9999.0 -9999.0 -9999.0 -9999.0 -9999.0 826.1631307050001 -9999.0 -9999.0 -9999.0 -9999.0 41412.3553249473 54031.8027529166 2292.4453718059003 12827.4422271485 -9999.0 -9999.0 -9999.0 -9999.0 -9999.0 -9999.0 -9999.0 -9999.0 -9999.0 22502.411296068498 80172.050261144 85208.470125128 96490.105605689 97206.80255348701 97926.705779089 116599.682884106 59001.63478628531 16537.491639665 23403.5831416405 70707.459566841 95203.45993997299 108348.67858979 85886.245757748 28158.121236761 4273.2737250585
74780.96800128501 184238.460243608 27920.329441600003 21366.430618507897 4313.9429701881 -9999.0 -9999.0 -9999.0 -9999.0 -9999.0 -9999.0 -9999.0 -9999.0 -9999.0 -9999.0 -9999.0 -9999.0 -9999.0 11187.148619028982 53582.75060126049 58050.6155441031 54907.508103486405 3210.6902271348695 -9999.0 -9999.0 -9999.0 -9999.0 -9999.0 -9999.0 -9999.0 3467.0777381454004 9084.297872925801 -9999.0 -9999.0 -9999.0 -9999.0 -9999.0 10924.0803475179 -9999.0 -9999.0 -9999.0 -9999.0 -9999.0 -9999 37486.917220104 48997.322386786596 41173.61748357701 94730.087690641 124720.56049399302 121184.979250025 104088.388077668 48290.186477070005 3244.3354119446 -9999.0 15525.398167778501 42640.813388242 13644.356434993198 365.0173878207
80382.3478139801 -9999.0 -9999.0 -9999.0 -9999.0 -9999.0 -9999.0 -9999.0 -9999.0 -9999.0 -9999.0 -9999.0 -9999.0 -9999.0 -9999.0 -9999.0 -9999.0 -9999.0 29463.352520683096 40014.261031785 22038.362080601 -9999.0 -9999.0 -9999.0 -9999.0 20363.8488837448 60799.89249670749 16803.6413369722 -9999.0 24280.0147271611 107715.2880245842 125309.99561621199 123475.42822885199 102865.48997342002 71166.938750404 73475.8533488488 56466.65243924 76732.3713440271 110829.06986787949 73623.30532208653 25980.72706044 -9999.0 -9999.0 -9999.0 -9999.0 -9999.0 -9999.0 6042.769307701799 30016.034644291 47915.886150173006 63695.065633996 90124.09461945 78675.70422856598 52591.233827489996 -9999.0 -9999.0 12795.050368059301 1133.1435158501
-9999 -9999.0 -9999.0 -9999.0 -9999.0 -9999.0 -9999.0 -9999.0 -9999.0 -9999.0 -9999.0 -9999.0 -9999.0 -9999.0 -9999.0 -9999.0 -9999.0 -9999.0 -9999.0 -9999.0 -9999.0 -9999.0 -9999.0 -9999.0 -9999.0 41974.2813364879 128390.44485034289 1361.81080976212 -9999.0 6031.1159998371 87587.566833373 139597.13910123098 139095.88187761203 150014.404595311 125735.972760018 146720.51312478704 137375.16963835308 148229.11368713898 146877.24657914197 148292.443361887 124867.27757840801 85078.2126910698 26994.5839400074 -9999.0 -9999.0 -9999.0 -9999.0 -9999.0 -9999.0 -9999.0 -9999.0 -9999.0 3667.0822901059 21694.2655662745 -9999 28387.962222740098 14104.625547173198 -9999.0
-9999.0 -9999.0 -9999.0 -9999.0 -9999.0 -9999.0 -9999.0 -9999.0 -9999.0 -9999.0 -9999.0 -9999.0 -9999.0 -9999.0 -9999.0 -9999.0 -9999.0 -9999.0 -9999.0 -9999.0 -9999.0 -9999.0 -9999.0 -9999.0 -9999.0 -9999.0 -9999.0 -9999.0 -9999.0 -9999.0 66409.7546229452 145739.79258434303 148902.02294748402 141040.856824048 137216.80761894002 140638.483249107 136532.83565232097 140389.465425332 140469.992811558 139969.053293942 149128.13334398498 150436.140541967 101010.143564582 38323.9870702259 15980.059179059499 11597.134322477199 5791.155607317 -9999.0 -9999.0 -9999.0 -9999.0 -9999.0 -9999.0 -9999.0 -9999.0 4502.908805563101 14639.653051448699 -9999.0
-9999.0 -9999.0 -9999.0 -9999.0 -9999.0 -9999.0 -9999.0 -9999.0 -9999.0 -9999.0 -9999.0 -9999.0 -9999.0 -9999.0 -9999.0 -9999.0 -9999.0 -9999.0 -9999.0 -9999.0 -9999.0 -9999.0 -9999.0 -9999.0 -9999.0 -9999.0 -9999.0 -9999.0 -9999.0 11692.0817039637 71626.49560414901 143283.623327537 142872.47484888998 136510.73207704 136598.94869268997 138089.421656102 140791.273414471 149783.338111129 132272.045942464 133992.45395587402 149340.787910914 151042.07318924 145193.7335657734 145674.55614531803 147123.053532673 138872.40298297498 80696.2089841728 8098.617170426599 -9999.0 5590.3243255179 943.8254148611999 -9999.0 -9999.0 -9999.0 -9999.0 -9999.0 -9999.0 -9999.0
-9999.0 -9999.0 -9999.0 -9999.0 -9999.0 -9999.0 -9999.0 -9999.0 -9999.0 -9999.0 -9999.0 -9999.0 -9999.0 -9999.0 -9999.0 -9999.0 -9999.0 -9999.0 -9999.0 -9999.0 -9999.0 -9999.0 -9999.0 -9999.0 -9999.0 -9999.0 -9999.0 -9999.0 -9999.0 -9999.0 13504.350661723998 110294.746158775 148040.395072925 143695.58144691002 140897.91924024996 132097.573055515 140015.002337692 150267.05683117398 137831.38078961003 151059.94192949997 156221.28741043998 155290.22528814798 155394.48079609 155036.46362979303 144141.921539463 145091.88603836 72368.650934626 -9999.0 -9999.0 32737.652438846704 9006.304623824199 -9999.0 -9999.0 -9999.0 -9999.0 1197.6604381327 86015.16697271698 8183.0363723683995
-9999.0 -9999.0 -9999.0 -9999.0 -9999.0 -9999.0 -9999.0 -9999.0 -9999.0 -9999.0 -9999.0 -9999.0 -9999.0 -9999.0 -9999.0 -9999.0 -9999.0 -9999.0 -9999.0 -9999.0 -9999.0 -9999.0 -9999.0 -9999.0 -9999.0 3553.44098121747 -9999.0 -9999.0 -9999.0 -9999.0 16879.0296025251 117722.108794922 151478.055821448 158363.82549361003 159197.65401687697 152603.45737556 154378.46097679 151543.30009805 146808.0349253 152507.66916915678 162367.44031921204 164061.70156376998 160199.68071413998 160019.04057651001 158615.67649321002 149356.52286741 90454.128175756 -9999.0 -9999.0 -9999.0 -9999.0 -9999.0 -9999.0 -9999.0 -9999 74298.855939627 176568.148433604 94689.84211981301
-9999.0 -9999.0 -9999.0 -9999.0 -9999.0 -9999.0 -9999.0 -9999.0 -9999.0 -9999.0 -9999.0 -9999.0 -9999.0 -9999.0 -9999.0 -9999.0 -9999.0 -9999.0 -9999.0 -9999.0 -9999.0 -9999.0 -9999.0 -9999.0 -9999.0 -9999.0 -9999.0 -9999.0 -9999 80113.3040084678 106694.12126798899 170441.023568906 161856.10549971004 161744.88696517504 156644.08971203203 152752.13080213 166264.619691914 151166.46962019 151588.61438518998 161843.07996523 163348.19416810098 159906.03165412 153055.276827839 161865.1001474675 163364.92527941 163410.44609881 125653.93362516501 64473.359622590106 -9999.0 -9999.0 -9999.0 -9999.0 -9999.0 -9999.0 14920.650028803999 148484.95417405202 198556.588043128 194093.32433727902
-9999.0 -9999.0 -9999.0 -9999.0 -9999.0 -9999.0 -9999.0 -9999.0 -9999.0 -9999.0 -9999.0 -9999.0 -9999.0 -9999.0 -9999.0 -9999.0 -9999.0 -9999.0 -9999.0 -9999.0 -9999.0 -9999.0 -9999.0 -9999.0 -9999.0 -9999.0 -9999.0 -9999.0 573567.9506369488 277691.87732542603 147046.23358413897 162577.60040437998 165711.594594587 163665.82728045702 165884.7722452 172206.94758299002 214880.90796107997 174363.75170054002 171055.64322974999 171293.41015913902 161769.29734043995 171713.07249439997 173581.532310449 177745.84103775996 172898.28561151 165655.17028571 93098.05100944 116817.8882933 120219.08876654001 50427.48844147681 -9999.0 -9999.0 12578.340185867599 69865.58473567001 100285.52194042702 177419.86467033002 199033.78645584697 219836.479690476
123809.4235853829 -9999.0 -9999.0 -9999.0 -9999.0 -9999.0 -9999.0 -9999.0 -9999.0 -9999.0 -9999.0 -9999.0 -9999.0 -9999.0 -9999.0 -9999.0 -9999.0 -9999.0 -9999.0 -9999.0 -9999.0 -9999.0 -9999.0 -9999.0 -9999.0 -9999.0 -9999.0 -9999.0 -9999.0 8928.152421426299 100933.3248125481 135129.43594090102 174920.12946868528 173231.17463021004 171621.0246331693 176918.32133811002 178291.52080083 184832.48144787998 182662.26154427 180047.18988581 178805.32422800598 179174.897729364 181112.62388212 179890.04022929998 175718.55287046003 180061.62497038997 166651.43690948 156183.0695463339 153149.02652769999 87999.75914317 60116.617100783005 64612.36024746601 144568.82382265298 146238.602933623 153315.31809472002 179944.77535568 191983.0818790075 191436.32639332593
402446.1889766905 -9999.0 -9999.0 -9999.0 -9999.0 -9999.0 -9999.0 -9999.0 -9999.0 -9999.0 -9999.0 -9999.0 -9999.0 -9999.0 -9999.0 -9999.0 -9999.0 -9999.0 -9999.0 -9999.0 -9999.0 -9999.0 -9999.0 -9999.0 -9999.0 -9999.0 -9999.0 -9999.0 -9999.0 -9999.0 -9999.0 4345.9279222940995 135627.467345962 278399.56740079797 193355.84254679998 191476.94242813 189857.53585272003 191540.60853903997 189822.11410674997 186836.10483241396 185297.738038817 188601.14590138997 179858.07084940764 183517.827874706 183849.706025716 186438.56884733998 188370.65349633 126946.5357948 120417.21525221001 118437.997957237 109059.87380649 116713.24710474999 118005.50692979 175402.266799986 188227.24339301 197874.97661510998 194902.06360491397 186765.43469662117
356132.17636027007 230673.51447311652 34575.0127934724 206577.4156633034 108022.1488493049 324772.89519992605 -9999.0 -9999.0 -9999.0 -9999.0 -9999.0 -9999.0 -9999.0 -9999.0 -9999.0 -9999.0 -9999.0 -9999.0 -9999.0 -9999.0 -9999.0 -9999.0 -9999.0 -9999.0 -9999.0 -9999.0 -9999.0 -9999.0 -9999.0 -9999.0 -9999.0 -9999.0 32518.744268233 178991.13540715002 194430.79733648998 201386.18394366 198472.66443082 198757.95526362 187369.92851407902 184974.83481129192 192487.13342438 190898.179973128 191786.77537409402 193045.241295538 194352.55396544997 186673.25244900203 129848.940136037 134985.96374568 123140.43205724 133402.01949737 119257.87739748559 125348.49365604 121658.73740938 115330.7857883433 183322.638915102 195650.12213201995 194590.78137484402 186617.674784781
73648.04559743899 199324.097357472 124694.684263991 77606.936595039 116578.5713148 189637.053388472 261393.02099729 307106.54257173 151061.69411673 40332.86700715969 -9999.0 -9999.0 -9999.0 -9999.0 -9999.0 -9999.0 -9999.0 -9999.0 -9999.0 -9999.0 -9999.0 -9999.0 -9999.0 -9999.0 -9999.0 -9999.0 17430.9709564722 3279.2099251232 -9999.0 -9999.0 -9999.0 -9999.0 -9999.0 183981.60491683302 199583.12622667002 200457.88462990598 198728.98289341398 210757.28499185 213150.43046051 211719.08167215 231544.918448073 207107.20711033198 137199.764166781 200496.77972877998 192731.27810160682 133876.55173628 134765.24640037803 147875.77937317 152307.68334464 139656.2926625 131077.00896116 124828.434552394 127043.77795687999 144649.97797779 193086.98527689988 197527.86578099197 204694.46200794002 185361.43906799398
436531.91806922 141024.196600661 85257.131399092 86304.5715349756 97363.855773775 97760.739299821 130212.048902443 113905.822668009 115776.26604883201 382968.03844451194 859219.6431592845 -9999.0 -9999.0 -9999.0 -9999.0 -9999.0 -9999.0 -9999.0 -9999.0 -9999.0 -9999.0 -9999.0 -9999.0 -9999.0 -9999.0 -9999.0 40941.2735263606 59801.632134255 69221.8895856693 -9999.0 -9999.0 -9999.0 21263.099502106 157151.06710110998 210388.44615806002 211542.57925909 215729.239561 212850.93826313 208425.50855744001 208572.15249968 145375.68468449998 143268.41443527 137563.61945496002 139219.562140845 144885.102007354 135164.79432789 137037.614802943 151591.13207445 154431.72218514996 147273.9647566 235931.19492483 131253.178263209 113660.71084773201 138301.94057724 144937.07866995002 132783.29971209 211216.56260629 183187.94051679
95265.06817242401 295640.442395441 256115.827760761 232945.85395677702 103038.015759482 90352.76502971302 87241.92407590599 96072.910342229 125050.14028463 311905.712930013 392353.27178925194 206767.69386756996 189880.14869716103 75492.22898861619 36339.624045576595 -9999.0 -9999.0 -9999.0 -9999.0 -9999.0 -9999.0 -9999.0 -9999.0 -9999.0 -9999.0 -9999.0 42516.7581224596 1870.8220322648 -9999.0 -9999.0 -9999.0 24491.6903724696 174377.53642251002 206324.10025082002 146846.79592290003 148983.57322581002 155387.06398725 167224.38906779 153811.04810419 158547.75938739997 147846.57600068 154925.77558181004 150073.09177114 149853.201819726 147116.50722203898 147189.51280862102 148186.03332629698 152947.72841731503 152411.20649128399 154953.19342703003 148674.71062006 243719.80743463998 137815.26690194 155628.28211575001 178493.1654992 148560.128243454 142122.65305013 142810.86638328998
107292.69713592101 254304.24298474804 225384.670242709 225564.291940747 112610.635813212 132509.333280903 353949.38745450694 88700.095003839 88341.458149182 490471.640777712 71497.814530162 66678.39689111599 65051.02998789 93086.13297094 106690.652518593 606742.600013965 31031.6325965658 84301.32891104421 21733.9124858322 35014.0408779371 23780.272236664 18111.5071942104 -9999.0 -9999.0 -9999.0 -9999.0 -9999.0 -9999.0 -9999.0 19075.7740916462 83187.26426744 135636.92450393998 148055.07136906998 148865.25652127998 154364.57193617 156084.38401614 151927.61227847 144415.06571378998 144657.44421820997 159187.34433027002 163456.59726652602 155793.22129927404 147638.91577307 157230.54601500998 147508.61004883 240726.102386555 153654.343242078 156250.40822962 158471.40295833998 156327.100023007 154431.44517102803 154221.70813813 158555.16246097 253154.9450393809 177886.765307457 156371.574796298 152408.913730154 150624.57601532
149330.38916283796 149919.376448975 216585.63003657697 186126.617181729 331615.804229367 433524.874583612 212409.16915014898 750061.6989825601 106616.80695691101 134732.913806614 250663.782071711 257300.72469682398 82936.405634502 88158.57328730999 366311.93264626 186029.24732241302 92292.833324181 191583.477534192 137809.446454967 92629.22856468201 87383.372836928 74447.92318979891 -9999.0 -9999.0 -9999.0 -9999.0 508936.4356959799 226582.87866796498 111792.65997467 143372.295408247 146640.69633083997 150879.166190712 162870.847260933 163227.783486134 162914.67951240498 146157.19144505 158014.28918422997 152889.155849848 158092.034436445 181328.994283703 172302.003440203 170047.845073563 165807.42389491003 163486.87975737004 183158.67061911002 174095.67840271 187004.8750416 202872.83273229998 173207.23505912002 215436.43913834603 179026.54975235002 172385.98698602003 193207.29887877998 228554.46048353 231911.40456902998 171029.80442390998 164045.995507084 145216.36533764302
141626.401974101 152990.136991372 315667.49361305195 217213.929896944 169087.933005064 550968.54279781 473422.75058153097 460306.9534096001 349919.31043507904 118292.84460097099 94718.062080146 485426.19869330997 92569.70569997 93301.17164679 244382.88303660596 80041.18862313399 100808.9667987778 97224.0214594975 99130.317531205 102266.93579642099 102494.95198332099 241945.07214072798 -9999.0 -9999 -9999.0 -9999.0 -9999 87803.34949520699 149629.26250306098 153188.59341822995 151293.63058935502 155139.42786682 174083.459546199 189467.38300000998 156694.11168498002 171656.92356079997 156877.20950902998 157143.50226291196 159017.994940349 177803.140778204 169883.780585402 289230.485063358 191193.72567203 164453.86888221098 166783.98965629502 204379.75258487 194489.92622055 163661.66981062 171570.1886055 168006.25376538903 333045.203579655 179350.43164013 179076.95080536997 210453.50211467 176912.63759057 191209.88175280998 220445.4468842 227256.832759355
183311.00831514 91771.75690457306 69017.63228300602 162410.14321104804 124660.6766834948 142753.20938220742 137045.90622340902 143221.339185178 118378.69622011899 109038.172127968 343834.120405056 517877.815555695 146077.929344057 149481.522916397 308739.472754884 290683.34318832 112736.989401259 112071.7861242 103968.821570964 105622.06066743098 93399.603020871 275663.723159592 -9999.0 -9999.0 -9999.0 -9999.0 -9999.0 193232.8189509663 122468.83866878 177914.707424649 174612.52542940498 240305.09514540998 270115.07723148 243923.02095283003 239528.98187692702 244659.88688946102 243796.76524550997 206207.26322608002 186720.536191 212184.44999973997 183109.35044141204 187458.00512803 185182.44987203003 185590.60336026 190598.77956579003 193089.77480917002 190679.14971464 179185.10904096602 188583.5873551 258789.50637871 181332.936418593 201838.60195277398 185961.13340587 197438.10408532602 231215.60426551005 1077451.2577830441 171225.366127678 186386.359527863
91528.48976332 64652.0890733 69610.651654036 109952.53198993899 109606.83633204599 113226.725689161 115457.81078041499 112530.67269992201 103346.759134399 90936.67093194101 93621.084097765 118949.46386079 326181.948750001 219631.42655824602 342058.023334345 338250.43654753995 440244.65134391404 146334.429407841 163779.816184501 240651.14923202503 302557.81104380696 698404.777797695 757743.4760423965 96895.1297871623 89346.20174682248 12559.1621697705 -9999.0 17433.332926649102 146498.852154288 135890.85056962 140691.22544583998 166664.86160078502 263360.32606458 182026.05145885996 194526.51168167 180486.663444399 187560.02988627998 190772.94660602 190420.88746767 184121.77484572298 188352.20115889498 184216.493398337 195713.33285353004 204018.00527338698 207391.96639223502 189513.07336026797 187131.91898522998 184835.815929591 195234.70684050999 214007.66599155 192990.78523061002 186452.8900397402 199910.73553738 189246.174056712 176585.9426822605 172941.09919612997 161584.113570944 175868.36288657802
68984.90896137999 57706.64493542601 192906.965242665 201027.3308316 317000.494664011 188015.72164186402 102514.11371737499 157459.2827613054 111470.038506827 121717.59467512701 136990.84054712998 145241.84788683397 185152.973601719 162098.302638338 353533.07134831697 124655.95751144999 112945.81605017101 119986.715823967 117195.499271409 114695.686108885 379104.170110401 787099.4991748411 178087.20026540398 72367.859307302 731559.3343199955 -9999.0 -9999.0 -9999.0 55038.075823071005 145687.37906331202 148700.79037508002 155153.78893968998 165188.34733162 279092.94109408 207056.13869559002 205494.42990565996 213159.05761144 212240.94256661998 217810.53813098 208926.965225288 205776.65624648795 207895.706079747 210820.57977001998 213537.99797589998 257269.143900655 207890.63082530999 207119.84200248902 215286.16645928 204267.08103120996 202779.097968283 200538.52873145998 202096.325657308 203588.64832796005 251616.61849712997 189653.61374984 285317.83229525504 222253.00766868898 211205.79228517998
183566.66782846 159317.16265244 172626.416249674 189322.23279347498 189530.17659536752 178600.7269015304 159458.0437029833 190053.92380746698 116808.2298834 127167.271549015 150406.768133916 132671.385231062 122517.57805669689 330235.667829072 124698.671926023 126375.138943842 93421.773177199 94320.017175885 116252.546547428 99837.56833730999 161485.18232246 276880.57688989 926254.428308642 176704.07368401412 -9999.0 -9999 -9999.0 6251.8677951606 10780.190194295 140711.14398884 145848.59609175 144127.47555664 186812.89673659002 244699.63351679 207580.46576659 191273.96402367 213717.37188691998 211903.87248127 208942.78812186 211506.85993485 94567.58848122 215159.76798477 211124.58052716998 211711.415489193 214060.32827698 213191.436727302 212258.64652570998 211489.66867003596 209642.59826298003 205808.845977019 202846.91609044798 202366.39690885504 198453.17310424 203340.83378363104 194766.48695352 204289.28632022996 197728.42787711 198449.49219598
218266.34559171 192446.329432738 199301.81037604602 198738.217651593 167430.55909637501 203961.661916216 209912.24169589698 206237.473362685 206130.978482877 199347.60476458998 202628.375286102 179723.7473685478 56723.868973503995 99889.704413437 101050.27641204001 139061.261063789 137693.032111802 105026.93613522101 118764.70357314 95933.704348289 412867.82924398995 229037.403704639 128697.01920611502 111716.127786547 197143.837795973 -9999.0 89688.1565646289 64870.483171353 87211.313995725 146819.81620351 160999.18239496998 156848.31214318 213711.010706807 215632.150581994 217405.75262432097 215788.264433039 228007.12627103002 254386.46936749 251715.23526314003 250355.180628966 235496.3386796922 237599.02203813998 236560.525739935 237137.52493268996 236936.35612981772 204560.88938688004 317270.68825421 271465.28105 254764.74431843997 273164.368778055 262437.81696078 232852.33180498402 227358.276281169 225635.55616207997 246888.837507883 681397.813997845 243436.03728719 216544.33373949397
158867.769591076 189002.4134800515 173036.10783532998 187901.07755291997 427916.666025166 268398.96185460285 233535.50162017203 216800.87938201003 205546.27476213 202957.609683259 217412.767597264 209679.6743835 186708.628672687 386087.410366257 103506.22371718999 107570.727736988 90845.39973955299 89980.183736809 93281.797162495 165352.529856551 143108.547545941 136598.419906725 108266.14643733 262086.818010027 95574.2007911654 104295.135847292 405322.517649654 151067.99988680502 59887.46727763001 78400.77825604999 82713.31419649 78126.03159746 263435.33762964996 237420.617542604 220041.54402008004 258561.30174375 252203.91149073004 250308.39704887 281673.87538901006 335730.00711179 262909.26390956 232307.30476221 231569.9475847801 239046.39398692 235256.2870162505 245361.5732766461 239611.40890509 254791.46847647 270573.77707262 282496.9216270884 295775.75104278 240407.48065596004 235279.30831860597 245661.77035904 234243.42426598203 240711.19212205 242283.18084979997 234235.62010373498
