Model Version1.4/trunk/output/1999/nload_crit_sw.asc
ncols 720
nrows 360
xllcorner -180
yllcorner -90
cellsize 0.5
NODATA_value -9999
[rows 52 to 77 of 360, columns 174 to 231 of 720]
483321.24197260203 492977.8386115992 375907.78769688436 414495.8530686005 415763.34934473765 410404.025798389 592175.9809087833 -9999.0 -9999.0 -9999.0 -9999.0 608048.6187740652 539035.3580801918 601701.497200152 532138.7032917455 659353.033088374 681311.4607485695 710604.3490048111 701673.8265480963 696990.9034332887 -9999.0 825549.3118215597 808615.4595310555 1122619.2371394986 999680.6832905882 1047673.7470651347 -9999.0 -9999.0 -9999.0 -9999.0 -9999.0 1083077.225068754 1195202.049487054 -9999.0 -9999.0 -9999.0 -9999.0 -9999.0 -9999.0 -9999.0 812996.756181921 760356.5311875312 746136.0120588787 905595.1184171814 739673.7453889564 906637.8273967573 883246.9684611127 849328.7228393198 754791.0259745925 784205.5957313734 839361.7603661497 1010337.9250011776 1032954.0759330549 1037942.8062228971 1076265.1002930177 1172835.4970309588 1176505.0348710434 1290398.918546497
391001.43222735525 563014.7549286496 559524.6997485394 561757.3377998689 488770.14975462557 -9999.0 -9999.0 -9999.0 -9999.0 -9999.0 -9999.0 -9999.0 -9999.0 -9999.0 822435.0482093361 690029.9904195792 722182.0375464977 -9999.0 -9999.0 -9999.0 -9999.0 -9999.0 -9999.0 -9999.0 952085.4298739474 -9999.0 -9999.0 -9999.0 -9999.0 974376.4063438833 1247921.4755870816 820127.0648668401 842795.8639446594 -9999.0 -9999.0 -9999.0 -9999.0 -9999.0 -9999.0 -9999.0 -9999.0 -9999.0 800083.9968488561 767480.5010573745 723238.8395178207 846755.3874464576 823438.0173511344 894259.4199157296 913420.1225859568 880747.2422397393 1011242.7079252895 1070188.065177037 869858.2031958128 982002.0969447457 1160157.179314965 1107408.7002100179 1213632.3722264017 1375268.7122096065
512008.1151964805 574012.1177854944 740155.9163178977 816880.373057427 630869.3431339103 -9999.0 -9999.0 -9999.0 -9999.0 -9999.0 -9999.0 -9999.0 -9999.0 -9999.0 -9999.0 -9999.0 -9999.0 -9999.0 801901.027024787 800231.6377624566 758806.8197590928 680547.1779727538 799742.0290858926 -9999.0 -9999.0 -9999.0 -9999.0 -9999.0 -9999.0 -9999.0 864775.7054915159 1075466.1375018684 -9999.0 -9999.0 -9999.0 -9999.0 -9999.0 883607.6516442011 -9999.0 -9999.0 -9999.0 -9999.0 -9999.0 -9999.0 807909.8782758636 695463.7068359728 622403.941859658 662755.6919000214 843292.3589688337 907987.4273570182 1067039.4913871102 1083486.8988928515 1390816.624905974 -9999.0 1028147.6793923242 1147310.847075048 1413618.9032327312 1442526.9357984168
676688.8777907953 -9999.0 -9999.0 -9999.0 -9999.0 -9999.0 -9999.0 -9999.0 -9999.0 -9999.0 -9999.0 -9999.0 -9999.0 -9999.0 -9999.0 -9999.0 -9999.0 -9999.0 766033.6330698954 834313.1045051408 785149.5106264044 -9999.0 -9999.0 -9999.0 -9999.0 974641.7587423045 1021216.9654769461 1127645.8184858137 -9999.0 1058436.5614770774 1176419.685566939 1319175.5931921084 1317129.7904393154 1261519.4005176458 1020672.112393587 1006497.6449194609 678370.7403264618 863295.1731675973 922095.4977775577 824013.1226450946 610218.4012058028 -9999.0 -9999.0 -9999.0 -9999.0 -9999.0 -9999.0 631900.7876937505 764970.8633110211 766757.8794002167 833674.3165329667 908928.696126495 1095855.1206262684 1095969.4436429166 -9999.0 -9999.0 1643611.2427682576 1746253.0525082457
-9999.0 -9999.0 -9999.0 -9999.0 -9999.0 -9999.0 -9999.0 -9999.0 -9999.0 -9999.0 -9999.0 -9999.0 -9999.0 -9999.0 -9999.0 -9999.0 -9999.0 -9999.0 -9999.0 -9999.0 -9999.0 -9999.0 -9999.0 -9999.0 -9999.0 972831.0977172833 992265.8044524695 1076258.631205959 -9999.0 1068911.9673634018 1077312.872219154 1163540.8809040668 1229722.79433618 1193908.1285613542 1194224.5631434433 1237718.3384974506 1145919.5875346686 1158272.2733132723 1149158.4876626187 1178455.3336084855 997800.0154126309 766335.2140958532 770184.8156704832 -9999.0 -9999.0 -9999.0 -9999.0 -9999.0 -9999.0 -9999.0 -9999.0 -9999.0 1063703.9563067707 1134105.25690247 -9999.0 1335500.0197992185 1484386.9449945726 -9999.0
-9999.0 -9999.0 -9999.0 -9999.0 -9999.0 -9999.0 -9999.0 -9999.0 -9999.0 -9999.0 -9999.0 -9999.0 -9999.0 -9999.0 -9999.0 -9999.0 -9999.0 -9999.0 -9999.0 -9999.0 -9999.0 -9999.0 -9999.0 -9999.0 -9999.0 -9999.0 -9999.0 -9999.0 -9999.0 -9999.0 1069890.5301130803 1234323.025147633 1189172.8335306104 1231326.5115880445 1105918.737846686 1116207.704292179 1080058.3033947 1029857.0834499674 1148327.0633761324 1089952.2910787277 1107184.07208885 1075373.8698703353 775223.8404384599 749017.0843355964 650259.0380577612 655349.9448296323 690649.9780355052 -9999.0 -9999.0 -9999.0 -9999.0 -9999.0 -9999.0 -9999.0 -9999.0 1327391.5163803375 1541813.8428751417 -9999.0
-9999.0 -9999.0 -9999.0 -9999.0 -9999.0 -9999.0 -9999.0 -9999.0 -9999.0 -9999.0 -9999.0 -9999.0 -9999.0 -9999.0 -9999.0 -9999.0 -9999.0 -9999.0 -9999.0 -9999.0 -9999.0 -9999.0 -9999.0 -9999.0 -9999.0 -9999.0 -9999.0 -9999.0 -9999.0 1083233.3675272537 1007235.9568722121 1070084.5711573777 1143284.3493467688 1049612.668679592 973532.1423480482 995242.5377803465 1040492.475674537 978191.9961583178 953033.0231047417 883306.0793009042 930275.6826662618 849738.7697466097 991239.1338107353 988492.3661654977 919306.5267283537 901458.8383913545 848873.3024713992 943776.2403124489 -9999.0 1121255.6114343265 1320523.7692997595 -9999.0 -9999.0 -9999.0 -9999.0 -9999.0 -9999.0 -9999.0
-9999.0 -9999.0 -9999.0 -9999.0 -9999.0 -9999.0 -9999.0 -9999.0 -9999.0 -9999.0 -9999.0 -9999.0 -9999.0 -9999.0 -9999.0 -9999.0 -9999.0 -9999.0 -9999.0 -9999.0 -9999.0 -9999.0 -9999.0 -9999.0 -9999.0 -9999.0 -9999.0 -9999.0 -9999.0 -9999.0 986017.6884700779 1022809.024412645 1121061.703964954 1100878.7435616106 1051296.067431708 978220.006941964 1072209.2114350023 1114083.55778398 959572.4932220523 936298.7344595267 954292.1785708427 994802.59872593 1001982.6740088592 980377.1514939527 905649.7576817581 945187.2274725991 990635.1276755698 -9999.0 -9999.0 1216528.586176432 1471728.3563074523 -9999.0 -9999.0 -9999.0 -9999.0 1356781.2573462166 1462071.5079780759 1758261.8410856498
-9999.0 -9999.0 -9999.0 -9999.0 -9999.0 -9999.0 -9999.0 -9999.0 -9999.0 -9999.0 -9999.0 -9999.0 -9999.0 -9999.0 -9999.0 -9999.0 -9999.0 -9999.0 -9999.0 -9999.0 -9999.0 -9999.0 -9999.0 -9999.0 -9999.0 780786.8728436995 -9999.0 -9999.0 -9999.0 -9999.0 1038096.8005161455 1019643.4656069857 1106793.4439526845 1128485.7711235813 1135009.130336966 1058036.500078106 1073768.7060240305 1215792.3911283368 1141823.1111939668 1065000.5831927224 1028954.1119570449 1112229.6843545984 1055886.2296686452 1115761.6205028265 1075452.930651413 1063916.4028868203 1034450.9669347999 -9999.0 -9999.0 -9999.0 -9999.0 -9999.0 -9999.0 -9999.0 -9999.0 1483515.8176411735 1816005.9770974 2125409.455144428
-9999.0 -9999.0 -9999.0 -9999.0 -9999.0 -9999.0 -9999.0 -9999.0 -9999.0 -9999.0 -9999.0 -9999.0 -9999.0 -9999.0 -9999.0 -9999.0 -9999.0 -9999.0 -9999.0 -9999.0 -9999.0 -9999.0 -9999.0 -9999.0 -9999.0 -9999.0 -9999.0 -9999.0 -9999.0 1036121.0572962587 991486.6056479905 1070180.8455659142 988051.0725530549 1061160.7006764712 1037372.8772926322 983679.1845772109 1171311.751726422 1222621.5156262338 1160562.3664938794 1195442.7577900775 1117760.4366147646 1169901.3765497117 1209993.8601075017 1200416.7901502433 1237022.5950451205 1178275.9848965888 1267327.429971707 1418194.8842211887 -9999.0 -9999.0 -9999.0 -9999.0 -9999.0 -9999.0 1592964.2210378754 1645555.0399969588 1978278.467828965 2197108.911328497
-9999.0 -9999.0 -9999.0 -9999.0 -9999.0 -9999.0 -9999.0 -9999.0 -9999.0 -9999.0 -9999.0 -9999.0 -9999.0 -9999.0 -9999.0 -9999.0 -9999.0 -9999.0 -9999.0 -9999.0 -9999.0 -9999.0 -9999.0 -9999.0 -9999.0 -9999.0 -9999.0 -9999.0 885767.6999093108 1105978.9901333398 1067083.4705656033 1043559.0943350376 1055724.932362208 998114.3533379772 1271208.0394811984 1153196.5825507334 1366958.131032498 1300347.9593257755 1551241.852527505 1411178.2425566786 1365546.1568685416 1363456.5763848037 1299195.6368625395 1404061.8861726902 1410683.7724537617 1210849.9994884788 917099.4998660914 1155104.68994436 1274482.3802893183 1414291.2979145728 -9999.0 -9999.0 1511055.3189746311 1529462.4401673551 1603839.4886767 1706142.2822717258 2180030.3559917947 2405986.357303685
783571.4149593598 -9999.0 -9999.0 -9999.0 -9999.0 -9999.0 -9999.0 -9999.0 -9999.0 -9999.0 -9999.0 -9999.0 -9999.0 -9999.0 -9999.0 -9999.0 -9999.0 -9999.0 -9999.0 -9999.0 -9999.0 -9999.0 -9999.0 -9999.0 -9999.0 -9999.0 -9999.0 -9999.0 -9999.0 872107.8619990946 847151.6284824698 1085134.3027488245 1138186.2345327698 1145277.5726120549 1254902.103875739 1363109.5903405221 1338893.056598643 1461418.4344101578 1479519.6394096725 1347084.9436049375 1280209.8741645443 1192809.2076629016 1354520.0326145536 1431332.2823861213 1447980.5916108708 1422797.8380539394 1208318.4871534798 1304916.063465 1225189.690618671 1134131.5762094837 1056096.899116744 1230210.415153892 1392381.6132279448 1569021.8928260878 1737219.3265244456 1951800.2082706252 2468588.375049274 2535909.5856116796
1220703.5903610827 -9999.0 -9999.0 -9999.0 -9999.0 -9999.0 -9999.0 -9999.0 -9999.0 -9999.0 -9999.0 -9999.0 -9999.0 -9999.0 -9999.0 -9999.0 -9999.0 -9999.0 -9999.0 -9999.0 -9999.0 -9999.0 -9999.0 -9999.0 -9999.0 -9999.0 -9999.0 -9999.0 -9999.0 -9999.0 -9999.0 643854.9146035154 1169519.799022389 1278399.1040222633 1317348.2408303216 1186944.7072692688 1532395.2848582468 1353257.7922180295 1325664.6170338306 1294755.1356026523 1414428.1949970182 1495882.013322756 1515221.0150460731 1555277.6047955207 1626342.296563746 1529051.313967305 1777707.711813069 1748727.4219683018 1628211.849851515 1524928.4799541011 1522802.5367942757 1622010.7676993117 1824406.7698648581 2029864.2471843562 1824438.680164315 2085322.3463584138 2444917.291131795 2561510.397979488
1185047.4022022863 734779.1805983476 730691.8893208037 631002.2873344849 674980.0402122823 856155.5057691297 -9999.0 -9999.0 -9999.0 -9999.0 -9999.0 -9999.0 -9999.0 -9999.0 -9999.0 -9999.0 -9999.0 -9999.0 -9999.0 -9999.0 -9999.0 -9999.0 -9999.0 -9999.0 -9999.0 -9999.0 -9999.0 -9999.0 -9999.0 -9999.0 -9999.0 -9999.0 850391.0065304796 1181546.2740931928 1213124.4547637752 1309091.4427653514 1357281.9615347956 1445245.6445503961 1462703.044176246 1544693.6742040876 1794532.8073648713 1717160.7036368789 1768527.459717371 1853263.1268036645 1926718.264236643 1922696.0495486045 1825284.5585245881 1756635.5278264442 1825976.2488474345 1742135.3916017397 1873253.4388276981 1878786.0784084224 2065970.347154941 2192527.8918172196 2262030.672136497 2111589.4116082545 2563952.820313591 2575708.281435928
469757.91187079006 1533538.360504255 1263369.0992858568 995563.3887469763 995245.3570997312 1087980.7930845611 1319791.251105504 1298645.813387412 956311.254764142 1080487.330100998 -9999.0 -9999.0 -9999.0 -9999.0 -9999.0 -9999.0 -9999.0 -9999.0 -9999.0 -9999.0 -9999.0 -9999.0 -9999.0 -9999.0 -9999.0 -9999.0 1335449.673678453 1447516.768927967 -9999.0 -9999.0 -9999.0 -9999.0 -9999.0 1207032.5721845382 1390898.152642331 1382534.933588159 1421140.986992272 1594218.3253303 1802711.0540500975 1548023.1725248701 1575808.7348645092 1632597.2411093602 1680566.08164802 1823200.9946646222 1880899.442370137 1875038.1075810192 1796156.358317708 2017090.5406870982 1841751.1817681233 2013214.7778287444 2078749.544185851 2040935.2884319422 2587623.6791848172 2388156.407902847 2494444.2377055213 2212966.2436008835 2220555.28273727 2426615.3425895735
679836.4600387152 597264.6106366832 572634.1944601685 633840.1243804072 1537437.751365965 1461883.392772849 1312865.056896524 1089899.7411636496 1119097.3973630005 1186446.8831630151 900240.5611572121 -9999.0 -9999.0 -9999.0 -9999.0 -9999.0 -9999.0 -9999.0 -9999.0 -9999.0 -9999.0 -9999.0 -9999.0 -9999.0 -9999.0 -9999.0 1111723.98801941 1361713.9095599996 1765475.0696762763 -9999.0 -9999.0 -9999.0 580963.8996155176 1201725.6883339582 1399485.5866645635 1474248.618771411 1471623.1937611646 1553789.366312859 1785126.9435174465 1820391.645216818 1777137.8464094445 1850830.002195088 1726004.0622788677 1655649.9813125262 1866552.7581797193 1872631.409141935 1997309.9470733714 2027379.5400372655 2215877.3300356967 1975654.5147076407 1873136.7188534532 2514281.167060179 2643340.89433703 2660412.471633072 1632606.6829332686 2748532.926391626 2676836.676098814 2338381.863018069
503521.3893057165 636050.9553798251 671964.1517077911 762283.1268476583 754094.8628785537 748164.3429372364 727569.5801220342 1426471.514526895 1591129.2829421938 1730512.1600575603 1207554.4418915303 1134477.8091077309 1107735.8476314894 1060539.535253377 1301975.9034943094 -9999.0 -9999.0 -9999.0 -9999.0 -9999.0 -9999.0 -9999.0 -9999.0 -9999.0 -9999.0 -9999.0 1392520.0840578824 1682145.745849969 -9999.0 -9999.0 -9999.0 707252.8617384917 1521960.0781734309 1712653.9268258263 1707883.0835850423 1643028.646197896 1524946.0281211801 1597378.4338452832 1547293.7082001555 1709084.969602926 1806977.0860497453 1679458.8239160643 1684148.6468770313 1691215.1311982127 1821838.3268448133 1879045.6845877755 2217953.221798152 2308528.303435251 2298528.4741995754 2050315.3203205077 2129373.6852731067 2176456.9163159165 1876267.123185305 2925144.9898789832 2809315.6328807473 2736458.2909754114 2778816.5025638053 2911592.4791723453
990720.569466932 1596128.9708478402 882411.4151114766 789565.4818415472 876790.772473884 941033.554755294 962175.5281196095 915143.3289534966 848393.2573185891 801545.6039358091 987889.9249237769 1441573.4889797135 1187453.2789514575 1396006.0888103868 1022532.730817902 986604.7129112461 1085241.1899062127 1233401.2622555913 1243756.953373953 933589.5344966906 1245406.207458574 1225960.3065484958 -9999.0 -9999.0 -9999.0 -9999.0 -9999.0 -9999.0 -9999.0 1336611.5060451727 1580220.7158866522 1333973.5645731676 1359612.9260630524 1355122.8009505619 1402926.9785814858 1405593.78187573 1539244.6012246162 1566075.3888537078 1576615.1791478484 1533015.232053484 1516302.9138258074 1650074.8435943737 1591726.3220594986 1437966.201493733 1518862.4286068091 2310500.099339325 2092118.9841028622 2317802.4663875154 2508389.532204181 2485042.5819915943 2169103.5127467243 2200123.455587272 2552445.6357747675 2511043.6665047486 2499259.5842874125 2466748.331046124 2547019.3282062993 2547760.3493334134
1386633.0171238605 1832781.6394449137 1053707.3725734903 1019556.8757424632 1049523.3211976697 895947.1992404595 1003387.7827901847 1095811.3352750011 1218439.0178621402 1095907.491643964 1083392.5649838531 1002552.4380575771 900636.6624394383 860238.542720603 988179.1682197807 871058.1314739912 907032.1442268029 1707760.9025933354 1507171.366191718 1488982.9629543284 1625603.7606090554 913339.4508512076 -9999.0 -9999.0 -9999.0 -9999.0 1390337.0635651792 1249574.335853862 1151709.2080647957 1118040.8188008883 1163712.6013477475 1244889.29528924 1264302.9498306196 1196574.544295261 1355913.371609091 1304204.547659775 1353387.17698965 1484233.7907157238 1594264.1196352798 1579418.7114677161 1594935.303387735 1602793.1482808066 1651097.7793681715 1432660.0611411952 1648461.8612482513 1690042.2055995977 2098036.113672379 2156530.605748803 2286780.873872852 2406720.8098486685 2393402.4983242103 2599215.905218732 2296812.5692871916 2468678.162302992 2666150.2301536314 2658548.3085373426 2765162.4376455788 2885615.7192409034
1617842.6468075237 1590050.5458524425 1614918.1769400516 1719966.8068092747 1688278.5974965617 1329452.808148035 1294282.1708947185 1289622.486565802 1068943.5327498447 1087848.3566755804 1064717.4966716222 1139193.408368767 1167862.4841311027 1142297.7342348634 1082053.345363825 812860.6591349544 846634.6019675761 774584.7996448048 912230.917636988 897861.7775961956 858268.7296653315 1013648.0280361512 -9999.0 -9999.0 -9999.0 -9999.0 -9999.0 1102080.492646967 1057654.8985286176 1143968.9485543135 1196024.0715024006 1153902.6973587263 1210215.6657345705 1007000.4858887531 1132364.3636919325 1100908.9514491411 1300742.4167998093 1416220.1995315705 1528328.7753508205 1529508.1409777226 1724598.185422958 1463018.317862177 1619819.773705651 1386178.4334526982 1716461.603317835 1850695.1393492762 1828709.8955210675 2333626.6779128965 2358186.5220082053 2573756.478845748 2989254.102606454 2532915.841192921 2970672.904277384 2556985.5592775038 2645766.134878727 2653816.2124333256 2816203.5437735426 2891335.211356436
1942740.666533647 1966188.2351371888 1995835.0861657339 2029616.7351231351 1962272.1952092657 1156918.4620654616 878590.7143685053 1006431.3875339229 1148403.6539426155 1200144.5206644693 1329548.0713794548 1484883.9110265959 1400115.7880113532 2605792.0911652287 2100871.5268562627 2623683.076055149 2192224.0909283473 1875608.4341830653 920365.6190960755 915930.8492354794 894877.9298710463 842363.6190837374 -9999.0 -9999.0 -9999.0 -9999.0 -9999.0 1236446.9383413012 873605.8803140474 923649.3946128046 1077065.5490859994 928752.6618620519 830966.6562171015 909159.4223334931 903403.8150747666 1076526.5649547223 1125424.7646003629 1247567.7626171298 1356431.2202011833 1294968.2760830233 1526557.3087617597 1797009.752431034 1969624.3360691527 1930649.5115762092 1888349.6407309154 1911829.2010421348 1808183.3791349253 1991838.8145629568 2220287.9831295907 3136686.5101381484 2746928.177803715 2546208.573114932 2638582.0637670164 2607401.9981167926 2672083.4278434385 2721938.3693218743 2867477.5788008114 3036827.8141885963
1241469.0138704472 1497170.1115660793 1463688.757236204 963088.4240703344 655168.6446925168 1225569.3602421933 1367033.9845017844 1312010.4724644164 932026.1460978524 1200813.7683857111 845666.0688387085 1921640.773517889 2184085.2668188293 2224459.599524764 2224928.0087891957 2190188.176225132 1043600.9537233759 1909416.633012922 1890797.370719902 1938167.0126797995 742248.8903812919 845243.9496404241 1129379.1934241133 872217.0289858896 1154271.18838294 1207219.7860842368 -9999.0 1286967.2703853133 826664.2862217396 806734.7864144664 964468.8030564293 1025116.4312807616 1012251.4277600666 1095468.4471376354 1075329.5131884033 1163618.2908811667 1025252.340784993 1168855.671861954 1226975.2030912535 1344092.2199500802 1483253.7750647734 1756808.8645735595 1932118.9102846214 2166352.709035224 2138030.1575119155 2008785.4852132108 2038797.4051614613 2404319.9425556622 2537956.135540737 3043304.783209377 3644899.457130104 2956935.0141931763 2524929.8949966715 2535432.838275701 2604573.8642181666 2805215.8799878885 3014717.421831989 3119691.6842114567
721787.5337551794 491530.35152796895 948545.7800583747 791358.5343365927 619061.4593570706 722340.6738054651 1141005.7643004872 849761.8580547614 913473.8142682504 1212134.2356259446 1429090.139281833 1393834.8273947309 2254512.924950037 1081287.1571021655 1027450.8984305599 1032906.3330086466 929342.0575014655 2099605.5612003324 1993356.549024701 2001732.6851685524 729349.7682429022 2131690.0548789534 981290.2492138337 1184102.7433755083 1293283.1865109901 -9999.0 -9999.0 -9999.0 810040.7675517206 862867.3417966407 903711.838264603 932882.8921478315 1107449.3829519583 1147661.098897788 1200126.0432101463 1309891.852011354 1350944.4455013752 1392550.2183221448 1527064.0473917555 1621333.210447968 1793885.9057515394 1855351.6492380577 2176112.198289581 2166563.633029048 2090105.1085659387 2142377.2912385296 2305424.7451279773 2417382.685528313 2550329.6064860052 2724830.9860227685 2667412.347248739 2504895.8147662245 2391963.9553019367 2294538.2847189535 2369609.424012558 2430589.162686758 2847309.2983326516 3085019.9938728353
455025.3527090553 370424.58416678617 574858.0944154188 673903.6175450895 701108.9384871552 635782.2797467777 796214.2403851728 1021350.8276378306 1045940.2220256504 1088306.6546378592 1089804.3391728671 1316214.4046171308 1873644.8331279003 1112882.1773454049 1094153.8742874565 927423.5933766803 539724.1358804383 464843.985960177 419687.6371750712 991769.9209484585 991880.1147527392 788014.346629088 1006852.0906545466 980526.2182314184 -9999.0 -9999.0 -9999.0 1153040.7624494124 1163311.191943611 724659.133604706 689441.3066946901 683893.162756193 1100464.8104192072 1178956.9851363148 1084780.736524126 568398.8198624887 1362593.7172659833 1272591.9015630968 1228399.94756503 1630661.2364024692 1650932.0802720624 1916909.687724492 2118136.536870553 2064385.1936587142 2219983.8546589883 1972907.569153198 2240710.188020675 2314838.371885499 2701070.3294376475 2949817.784952018 2755174.155648909 2632373.109163836 2207873.9148347722 2260035.150027665 2174219.1546300086 2672497.6236984 3085013.8090655496 2979933.314599782
762077.6593119176 466540.59077139106 413130.0136978474 705763.8900121776 783083.7823305546 874879.7500818372 956516.666853951 856575.7915199863 906987.5460163702 770964.2075775396 731691.3926929452 465707.1964890135 638937.2256758417 1799972.2660012667 1490914.4999183042 1175112.281493505 603608.3667842972 560520.420318943 501028.361589179 506694.6993900826 824213.9471371905 864461.8308542601 955354.8862884758 1103802.6846270298 1522863.451686822 -9999.0 1317569.447622349 1192443.449059346 816833.5417835487 912890.001600806 848957.6939920351 792850.9020352081 964687.2760156449 977590.0674266929 778515.1745695256 740987.4559727915 850358.4486688081 1144324.3290246164 1304230.9127303339 1348413.5642527 1180415.6786274584 1519505.7642278736 1697468.8568972494 1633846.0508901305 1750700.2581714536 1949174.853090253 1999199.5440952892 2142085.5652641095 2244055.6834835303 2591353.0695912368 3070398.4285048917 2775886.2948566684 2399062.212422435 2288262.2691015475 2067988.9064415754 2433577.8606104953 3305846.2206816096 3332651.8704599137
421002.8322476793 641439.2768164631 546029.0331142193 715320.656329122 625241.1905592716 871234.489039112 1107208.995024786 1076001.158434192 1037824.4308504342 958308.840388913 1045109.8075206319 894931.9116662238 865278.9814057731 624135.2413931444 1775190.2072209972 1842769.2344872423 727563.2579483001 676156.1591349976 793377.043874871 1596915.3367495644 1592676.7388663548 1687055.0153414805 1499198.6085244666 1412552.3115272382 1160056.6824778735 1664057.0812790117 1566474.6112068382 1734892.186492292 1644267.302423582 1595797.9258764796 1617700.0414594207 1767586.0629514242 1504531.640346186 1147656.3286440026 915024.251595961 873919.4166193054 1121587.2548522672 1121765.9500273832 1411335.822281963 1034257.7435611085 1300960.0272205987 1423821.7737009681 1736294.810551036 1609434.339209791 1466303.3871594009 1760309.4396120245 2000814.7758436308 1750630.6141443525 1794891.7030913448 2327041.7601010217 2544472.6694902955 2730569.6650735987 3047928.266524974 3228481.8664343413 3011149.853585677 2810545.183658638 3439485.095442583 3889748.8964905874
