Model Version1.4/trunk/output/1999/nload_crit_sw.asc
ncols 720
nrows 360
xllcorner -180
yllcorner -90
cellsize 0.5
NODATA_value -9999
[rows 130 to 155 of 360, columns 348 to 405 of 720]
0.0 0.0 0.0 0.0 0.0 0.0 0.0 0.0 0.0 0.0 0.0 0.0 0.0 0.0 0.0 0.0 0.0 0.0 0.0 0.0 0.0 0.0 0.0 0.0 0.0 0.0 0.0 0.0 0.0 0.0 1770.9932540393625 0.0 0.0 0.0 0.0 0.0 0.0 0.0 36747.79185374288 37894.314554170756 0.0 0.0 0.0 0.0 0.0 0.0 0.0 0.0 0.0 0.0 0.0 0.0 0.0 0.0 0.0 0.0 0.0 0.0
0.0 0.0 0.0 0.0 0.0 0.0 0.0 0.0 0.0 0.0 0.0 0.0 0.0 0.0 0.0 0.0 0.0 0.0 0.0 0.0 0.0 0.0 284.3750973726848 0.0 0.0 0.0 0.0 0.0 0.0 0.0 0.0 0.0 840.2026156596577 0.0 0.0 0.0 7543.0780139588815 0.0 35015.73531551696 27102.174552110177 0.0 0.0 0.0 0.0 0.0 0.0 0.0 0.0 0.0 0.0 0.0 0.0 0.0 0.0 0.0 0.0 0.0 0.0
0.0 0.0 0.0 0.0 0.0 0.0 0.0 0.0 0.0 0.0 0.0 0.0 0.0 0.0 0.0 0.0 0.0 0.0 0.0 0.0 0.0 0.0 0.0 19511.6166968718 11206.99554042752 0.0 7877.084621170782 0.0 0.0 0.0 0.0 0.0 4043.2007625232586 3302.918306680644 0.0 0.0 0.0 0.0 0.0 0.0 0.0 0.0 0.0 0.0 0.0 0.0 0.0 0.0 0.0 0.0 0.0 0.0 0.0 0.0 0.0 0.0 0.0 0.0
0.0 0.0 0.0 0.0 0.0 0.0 0.0 0.0 0.0 0.0 0.0 0.0 0.0 0.0 0.0 0.0 0.0 0.0 0.0 0.0 0.0 0.0 7545.364332364535 152776.26861083342 50030.60466606413 4627.338592914709 0.0 0.0 0.0 0.0 0.0 0.0 0.0 0.0 0.0 0.0 0.0 0.0 0.0 0.0 0.0 13350.807986771666 0.0 0.0 0.0 0.0 0.0 0.0 0.0 0.0 0.0 0.0 0.0 0.0 0.0 0.0 0.0 0.0
0.0 0.0 0.0 0.0 0.0 0.0 0.0 0.0 0.0 0.0 0.0 0.0 0.0 0.0 0.0 0.0 0.0 0.0 0.0 0.0 0.0 0.0 0.0 6382.888816292005 836.9301744280192 0.0 0.0 0.0 0.0 0.0 0.0 0.0 0.0 0.0 0.0 0.0 0.0 0.0 0.0 0.0 0.0 22204.46475203941 0.0 0.0 0.0 0.0 0.0 0.0 0.0 0.0 0.0 0.0 0.0 0.0 0.0 0.0 0.0 0.0
0.0 0.0 0.0 0.0 0.0 0.0 0.0 0.0 0.0 0.0 0.0 0.0 0.0 0.0 0.0 0.0 0.0 0.0 0.0 0.0 0.0 72.58175672510401 0.0 0.0 0.0 0.0 0.0 0.0 0.0 0.0 0.0 0.0 0.0 0.0 0.0 0.0 0.0 0.0 0.0 0.0 0.0 0.0 0.0 0.0 0.0 0.0 0.0 0.0 0.0 0.0 7632.978820175329 0.0 0.0 0.0 0.0 0.0 0.0 0.0
0.0 0.0 0.0 0.0 0.0 0.0 0.0 0.0 0.0 0.0 0.0 0.0 0.0 0.0 0.0 0.0 0.0 0.0 0.0 0.0 4974.7997949613045 13870.780122776076 0.0 0.0 0.0 0.0 0.0 0.0 0.0 0.0 0.0 0.0 0.0 0.0 0.0 0.0 0.0 0.0 0.0 0.0 0.0 0.0 0.0 0.0 0.0 0.0 0.0 0.0 0.0 20140.218297535946 0.0 0.0 0.0 0.0 0.0 0.0 0.0 0.0
0.0 0.0 0.0 0.0 0.0 0.0 0.0 0.0 0.0 0.0 0.0 0.0 1789.5320583900968 0.0 16933.40119513821 1467.782946815425 2729.0942977752416 1572.4785452628282 19817.502661403556 17954.84266123343 6292.035691381219 16560.62678522383 12615.422512225356 8713.304678791932 9350.73729304072 7548.943858020072 135.89996245937996 0.0 0.0 0.0 0.0 0.0 0.0 0.0 0.0 0.0 0.0 0.0 0.0 0.0 0.0 0.0 0.0 0.0 7569.310696461871 0.0 0.0 69911.24570453614 7358.726746128581 0.0 0.0 0.0 0.0 0.0 0.0 0.0 0.0 0.0
0.0 0.0 0.0 0.0 0.0 0.0 0.0 0.0 0.0 0.0 18322.23530192312 215941.69651626912 35935.65702005655 30977.324390318416 0.0 14211.695996622164 9510.525527842707 16860.565855497764 73513.72271132379 62388.84880558772 16568.961042634233 25111.407374858558 3287.6863272499045 17635.530981332893 20281.672341824717 18446.60981936616 18780.645013760863 3858.3126149987625 4639.033987127749 0.0 0.0 1935.4251757557688 0.0 0.0 0.0 0.0 0.0 0.0 0.0 0.0 0.0 0.0 0.0 0.0 3602.409934970774 0.0 77426.49597175085 13535.295556670915 198048.94570756835 0.0 0.0 0.0 0.0 0.0 0.0 0.0 0.0 0.0
0.0 0.0 0.0 0.0 0.0 0.0 0.0 0.0 0.0 0.0 74005.94700089438 122839.08534790881 250230.67041765197 92128.37489036014 67293.70599025514 98440.28837297378 45075.40939128583 120311.04034945922 46387.539941091316 67801.28822026022 130912.46554030666 15602.396783528367 43876.68774293027 26976.2493952172 8836.409507680211 39561.17428114037 32572.76343659485 8900.287099748672 140975.16154707884 0.0 0.0 0.0 0.0 0.0 0.0 0.0 0.0 0.0 0.0 0.0 0.0 0.0 0.0 0.0 0.0 0.0 190682.49222168658 7439.729518228249 123539.98288555419 0.0 0.0 0.0 0.0 0.0 0.0 0.0 0.0 0.0
40767.19137362156 50481.03918780967 50512.69581986396 0.0 0.0 0.0 0.0 406.7818338635645 20657.804545383053 0.0 78546.16231963345 85330.02691401323 120518.03167937702 0.0 38065.53552461539 57927.03206881944 66585.18728717667 88412.75843279724 110864.65861188431 161950.00803270648 178062.64853580727 18050.59315868566 5113.513551475564 31588.76754543439 11561.084655153134 221.9976997462582 51511.719964072945 19468.144965518317 178657.910691014 1030.588868644568 51248.9708250211 0.0 0.0 0.0 0.0 0.0 0.0 0.0 0.0 0.0 0.0 0.0 0.0 0.0 0.0 0.0 0.0 0.0 13359.010874887475 0.0 0.0 0.0 0.0 0.0 0.0 0.0 0.0 0.0
55238.316877868 54335.593794987915 57736.69841105206 38259.25071158336 63258.95909733497 131328.83213927402 0.0 23419.56437601264 10857.840024033025 0.0 0.0 123638.8531851317 292813.1507700591 187345.6579944972 0.0 10227.568778255663 44164.232244213315 147612.95724975097 147881.16307334043 109289.34246453168 120941.8037969909 111458.05152201721 16901.335641705242 23428.109290159467 15571.46961248525 20323.245097350624 11065.323896548944 153531.38107005865 218739.718516836 246333.7055903276 0.0 112373.46434073673 6963.787072920216 0.0 0.0 0.0 0.0 0.0 0.0 0.0 0.0 0.0 0.0 0.0 0.0 0.0 0.0 0.0 0.0 0.0 0.0 0.0 0.0 0.0 0.0 0.0 0.0 0.0
64780.809967305875 64390.39867540082 87695.08735356866 91942.2011762826 85112.31081455125 224623.88192269256 175546.9565478354 80348.37803024692 53948.80049023754 420527.11305322306 148457.62154605845 51069.42920053142 184735.68714234524 0.0 156513.37597044426 211328.0217959953 24451.70584925719 145532.4359014469 11433.566906443397 19310.709952569905 59366.75746548431 85218.2051690539 47769.66688257193 10576.932018190959 11045.80304876598 8559.015407115932 0.0 183476.2528384518 337029.44563404465 441033.56963164447 417980.75249794597 5933.561036065565 47980.4087490439 29292.60272311481 0.0 0.0 0.0 0.0 0.0 0.0 0.0 0.0 0.0 0.0 0.0 0.0 0.0 0.0 0.0 0.0 0.0 0.0 0.0 0.0 0.0 0.0 0.0 0.0
83394.40243147063 118699.53988769252 111356.19675861314 115521.9876786869 114977.27782097564 108669.68171473563 88881.76855685876 60628.10800811051 197295.58471991503 86478.87928128627 67901.9160388525 61006.018194290125 297507.6958427132 263880.1476746119 265372.7622431669 295433.9491220219 8482.0034700225 61646.16168907144 89889.03471686874 63284.98176573238 0.0 181297.23074074564 0.0 0.0 0.0 0.0 77344.505672335 298584.21391677315 417841.7473805438 504508.803858627 184120.5478399169 15204.986665198001 58538.141945086376 54500.89362411994 55180.43333400332 35121.535478671125 28927.352275355184 50341.273483250756 45665.38733747032 29100.736064215755 22605.34355400269 0.0 0.0 0.0 0.0 0.0 0.0 0.0 0.0 0.0 0.0 0.0 0.0 0.0 0.0 0.0 0.0 0.0
166300.15481658385 185918.02502508106 166457.29606203985 0.0 0.0 0.0 0.0 0.0 0.0 0.0 24948.814844419736 80869.0936725889 367415.03977451706 361324.98953609215 323585.9955794622 148866.5689557237 159621.71592072924 296604.95428257546 168883.14013997163 0.0 0.0 72734.60749508886 0.0 179663.43219193473 222063.24163368504 182181.61744760734 133868.26822482736 321021.41391743434 468634.1280866955 606510.0789392038 405445.16962039546 148261.35579242648 70623.27021811227 48193.030260484426 36065.34194115376 36490.566740278104 31132.964320285475 104077.19162051566 129790.83823169932 102553.20512018699 67827.28715767735 56067.26466780046 5398.776207597754 0.0 85691.12605300434 6708.85739376136 0.0 0.0 0.0 0.0 0.0 0.0 0.0 0.0 11278.683326445538 13159.126170782874 10859.161634083386 168535.75804723334
0.0 0.0 0.0 0.0 0.0 0.0 0.0 5987.80072759242 32244.325915210655 0.0 0.0 214906.63487077062 89306.0934148158 300381.9662390993 193321.1386935063 2814.668329284492 13793.656945882098 56851.99441956568 37214.751538383774 35857.1470556563 31762.64599260369 22753.312088134528 35728.85106589089 43693.686085128465 158919.36028999905 250821.38368914463 164994.39294371515 382736.54034316255 518838.6799516687 263784.9142664326 339052.50076671934 85061.93409407003 64682.11873229035 45410.20262991831 40014.96653211689 58539.40590433579 76970.00903209392 224509.3499492547 192966.8234335051 166823.60440285734 133831.77829854688 141597.26929623843 48723.507711196486 0.0 0.0 104436.1956615597 0.0 83053.52952865184 32947.522358672904 35395.31391763107 94634.73572919008 66471.17372253387 139141.11219489534 12349.487661432777 159336.22049096762 228786.41550908555 292912.96893551917 379642.2774884691
14489.856004919544 6512.849899220059 0.0 0.0 0.0 0.0 0.0 0.0 0.0 26389.261671540324 89185.2220302706 0.0 63068.438566305595 51038.67897341775 57024.555510955055 54492.839502112394 102544.62352107672 300285.6502563078 74770.69585235878 151230.7140311727 119118.0010979203 46556.815148174785 64178.48329286086 57080.26401595986 76023.09130520881 111430.95615495316 178482.60356607402 205715.44068725043 138249.9990754834 274861.8003918254 139237.49823648695 113096.00282965302 86399.28065984568 93428.70871489066 92834.90039419816 96399.2506545996 305601.89248460036 345613.2455169945 245587.90358029868 280384.83199006907 247699.88579183316 250680.3359188165 215445.07648799344 330310.8981820973 296738.87364267505 286797.4776028059 340876.12589181523 177280.29884843237 0.0 180404.77700426735 202131.29270513754 331614.71512564534 72069.40330650043 0.0 0.0 216019.2364313165 354331.1488447242 520238.86006810016
29584.319091174017 25301.78928166655 33157.790212461536 34772.716385314576 0.0 362095.67166055215 0.0 0.0 151816.6982415918 128107.84305432228 194663.91513093884 484766.08896500425 78195.59628774441 175641.571465275 171214.4800045901 111015.06148438358 332499.3091368319 690359.105679899 209386.23202476033 441090.217118367 30258.160764874505 44180.36159009848 41246.72766519793 81306.1984685392 146048.4682433442 173528.5677016031 142277.72484160608 114213.07665697533 76109.70974752298 0.0 158255.097099894 339463.77805104456 168858.9191987762 146194.060290552 9212.937624317303 290197.9916838482 405074.98715263326 345461.1688737554 400541.21246598155 378480.1727956777 363430.5309968532 155457.5521845762 247433.52123849455 107375.21270660628 270024.1844038783 347383.2055178313 365511.91309218144 241019.19002316744 305414.4801658815 326867.1867180358 438805.6694105039 0.0 0.0 0.0 175076.90418176743 234057.3978590573 397513.1896505578 506728.3564894508
0.0 38944.62016708113 0.0 440676.74614578893 307831.2398821755 0.0 0.0 44791.3085568146 176950.77719311594 228194.51734440957 350234.07383428625 379109.31530534674 207686.9407282495 327372.84671909845 319221.5132051272 142092.39180604313 222419.9200905631 376150.4579973413 336387.0219729716 141582.6310971723 132011.93363075977 407714.74483539944 458317.6639583311 91204.0873722692 138664.7636333826 133003.22848322868 39185.53015994193 78426.59045530068 78334.85271922425 54810.879446432555 83633.86249995157 66987.03955422579 9499.622091674135 4296.062410456944 61548.75568642221 434710.64721678937 364392.74244303425 295995.5377804134 411667.2344224307 459175.6797670403 429955.7090344553 257394.09986237207 450441.95160261675 620635.2291776618 437450.33672297146 351542.5822891199 390582.5814721896 491094.1620095486 0.0 0.0 10561.381911613678 9418.050238164178 66539.51026490545 173756.50793712825 164566.98931532408 417522.0102186646 616168.1585194892 78256.46046869365
0.0 0.0 99071.69715978562 0.0 311858.62494529673 493911.1000078504 339217.03524656483 128362.20389263495 176236.67633950198 195317.86509891498 299083.79789187905 517784.4029892739 329364.7460128101 92211.33252533402 348837.59264966426 175468.3590448601 262964.5521827603 82216.2671086137 610588.5571499623 248256.0617045135 239835.53441686713 326192.7807333636 699148.9381481716 82654.62161770412 0.0 0.0 0.0 25796.5521652771 114951.94692235788 342659.3766468056 129240.76400387834 88491.58679702689 57057.712885861256 2395.5998257859046 17563.309207393126 476421.0949234694 408519.17537740513 422662.67255573696 0.0 5046.9596408101415 248.89027420596628 0.0 7941.858174134087 163042.35172601062 14469.202722758027 12148.101914239569 16343.97068000806 20791.48121439386 30247.324003771533 40874.91214525297 83446.6913956954 72970.76668069857 72227.34687351962 55986.35288110997 5490.768777231836 340309.22046123404 12465.115508304663 4517.993477620659
397813.13188117876 0.0 200020.5552591544 438653.2919349957 323071.37387209974 114564.71516538657 11903.690640154688 29954.36342327522 27006.0527494186 191035.75757357813 917019.7231394625 508146.92520795285 671446.9527823472 193242.25600681783 612199.2548806154 319667.5680347494 341454.2111945644 325391.8080988501 752837.8759286812 503916.51165019406 147956.59087739064 500121.332428111 690991.3207985315 132075.59277163874 19.693560622021877 0.0 0.0 48612.98497490128 293168.4567819975 227437.02738489473 235018.0812338616 172700.5612463372 153989.78447672815 25972.58890638066 72506.7075582797 42959.777191348134 11999.462434181438 70285.00145209792 65447.0334175771 48255.9706954336 7191.442224432619 12102.941053319813 17117.566166794786 26334.67191950147 31796.44741789838 51704.02668918601 62752.682695371856 50542.90642418831 48061.49621458134 143528.3000587781 78598.71357883126 41566.16882084963 5585.667195257775 28858.71358594238 158775.20915754282 6598.8181901544385 2061.5313953690156 232541.60676927655
550535.8928173186 517546.5152021017 887164.0879494463 892192.3284736911 37807.31047878176 14876.431732934843 10733.84740923848 9377.780658718888 1415205.3397616309 135098.4439336455 1279243.5078046005 484723.2113616919 149410.57729346547 579088.9191059622 494445.27042577235 201220.2059457153 576903.0094515012 510472.0716842513 620720.1288168549 398577.1202400383 396831.14752530615 925196.3475051114 4766.44737357007 720961.5593115217 584173.6247485965 11799.829350319775 0.0 131407.63917744247 159940.9327432883 109597.9772564757 120152.7700157841 45233.33535008487 41736.51374692536 19648.950211077383 41489.664029793894 93347.81646652163 72619.25078839886 7915.821325592415 0.0 0.0 0.0 3776.127959872892 11667.234537600147 7113.157447961001 45790.06163814984 116742.41940324886 15309.074897071685 9859.638622956467 19059.60670776939 12053.744656466268 66425.27537649225 0.0 44980.683203490225 2979.467018755445 8712.88001747463 8574.988427853492 6951.870990249982 3336.7520968108747
213579.84812155814 393458.1903874692 121256.73728091319 147852.4184700357 8577.477831598291 0.0 2223.4383828713167 0.0 6460.052355398016 0.0 323594.56861535425 128576.49640868415 511958.7221034131 653405.8602183089 30894.975539788244 159538.76976078967 700222.9423962722 118058.31451300596 132106.12028175112 172039.60238389784 213062.4429908535 82650.05410403729 113027.4154170179 0.0 0.0 0.0 105468.2891785687 34793.62783701114 0.0 534677.0114644801 108454.99404196983 5171.77565759581 0.0 10117.37982656346 0.0 87564.18853266256 17133.217210819384 90142.5664389857 0.0 -9999.0 0.0 0.0 73.2962078776861 20322.460005286342 206450.03337197722 24433.621099445 11415.88569092915 1503.135670705515 8523.02060647223 0.0 75427.86319902673 12305.426611072535 1544.8077145045268 11678.976345690915 13677.447356373015 9572.816861149742 8677.691632002654 2578.8059718571676
267025.8881412655 183342.80727276334 239962.0697386824 17012.02068213294 0.0 0.0 5678.754050443842 3370.315325550749 4426.609997164544 130086.07729692756 135159.95840716836 188878.28777406304 1281.9936155812932 0.0 0.0 0.0 300256.97187550564 16337.934308402528 20826.40599486683 52313.77133599778 252747.86466517625 540584.4066066401 849527.454170109 921887.299826461 336497.82538386196 28451.989647589042 0.0 0.0 0.0 0.0 3444.795381529745 4790.283915684708 831.5769054841677 293051.86605411075 0.0 0.0 0.0 0.0 0.0 0.0 -9999.0 -9999.0 0.0 0.0 0.0 1332.3948231387653 0.0 0.0 57317.04516575863 6750.213779954074 19233.934004606286 138886.13605741554 0.0 19944.684511236024 1808.3759599754064 8052.183345257016 17520.32485002271 45700.41235180782
483916.14196400554 236381.69273323065 137959.3365843293 371.77959110123504 0.0 0.0 6234.752772215301 15344.472916116203 8624.450809413365 0.0 0.0 0.0 0.0 5892.925017166121 0.0 3333.7912716226665 0.0 61684.98796109018 8700.122193544059 15036.263926395168 109957.6378443471 641962.2067497373 1475892.4101831226 575198.2123305178 99462.67103158263 64994.73241576385 18076.569868986135 8650.71097084598 0.0 0.0 21292.329441887974 0.0 60621.73394528813 0.0 0.0 0.0 0.0 3361.3299988937465 28399.497877377722 0.0 0.0 0.0 0.0 7764.0172439940725 0.0 0.0 900424.8790213768 79614.88882464357 0.0 11796.53246979112 15577.574852435147 3907.3705298626955 0.0 0.0 15613.89353810381 146726.9064729586 77684.92553175309 77720.36197362463
410356.76558920497 356427.35112586594 148758.41750984432 146800.68641663535 0.0 11056.67912294987 8442.366875099397 226281.10379674184 224027.28251560434 39951.35892464129 0.0 11120.386328432674 45539.05667693058 3208.4618360814757 3499.9632264826723 2906.5239357048954 173660.12758207665 53680.37822217461 0.0 13517.18410509727 1026635.5607565382 748371.9037649577 1088024.5350070796 72435.4361392975 109421.09690912116 74857.48603796615 0.0 0.0 0.0 0.0 69774.30287462364 212457.98746238693 12943.622772121065 309012.15195434715 183491.10302807172 55189.67748575173 23806.686338426145 43316.935424014584 68675.2650836393 81533.95756352405 48805.379769437604 128355.06846595371 82921.356019725 0.0 17711.715767674115 0.0 142630.41144396923 0.0 5084.497125506487 31117.52884659064 29286.809914229052 3789.968964987869 0.0 0.0 29429.006340535027 53181.88027535788 16400.385069456897 40367.32320077881
