Model Version1.4/trunk/output/1999/nload_fixed_nat.asc
ncols 720
nrows 360
xllcorner -180
yllcorner -90
cellsize 0.5
NODATA_value -9999
[rows 78 to 103 of 360, columns 118 to 176 of 720]
70964.84501494367 97057.29329638922 214204.05831833385 200961.42506514332 350007.8870027718 135199.7454881268 110583.13320475009 99336.39606948801 65280.84238084666 63935.731479339775 155921.4556072252 162221.69424225308 82421.90568771606 7856.6287956662545 0.0 794.6965506862515 0.0 0.0 0.0 0.0 0.0 0.0 0.0 0.0 8240.438041279816 10468.698158675354 9374.547871210425 5689.446850980571 0.0 1804.7584365296034 0.0 0.0 3818.311300109354 0.0 0.0 0.0 35671.8627450132 0.0 0.0 0.0 39625.65008727782 21496.554355561504 505.72480055143836 89037.18986549725 0.0 0.0 16423.00562140727 25127.755255055727 0.0 0.0 63945.13277937588 376050.8021574896 438830.0056311759 342259.7307863161 194507.0713712516 381570.0136553523 204228.51770552347 213359.33129208494 210413.7697545044
205432.98219295725 217359.1557464623 337935.09122431 166223.35286624386 287694.21425028174 149371.5206852963 306662.3030756811 127753.6315563357 135354.67079481998 129358.72874303411 160353.41704443647 203691.21967284792 92148.1502820432 45555.81745835385 0.0 0.0 0.0 1411.7674549110438 0.0 0.0 8892.132717607534 0.0 8260.152766412157 9023.706055657212 0.0 0.0 13362.193860133619 18212.340282672496 16856.621360373894 3563.0111314707588 0.0 7061.976131243395 0.0 1267.080577622606 0.0 0.0 0.0 0.0 0.0 0.0 0.0 0.0 38170.06112425915 10983.515982225934 18168.02491900203 0.0 8109.70486446771 0.0 1734.2626446574752 0.0 85979.19220311221 341163.73705196584 332501.42628964694 367903.6556057605 384224.9572358506 375692.35423065984 313596.6651519582 333042.4686549804 174276.53893972843
135718.21208362744 157883.77631182826 253992.9904229538 131753.17077288454 144602.93773532787 181811.66325598667 154766.516813078 146601.26591485122 161035.18185175944 165370.95513455718 339247.8115812016 166579.1903698794 102856.88209053248 40659.263059572135 724.6206521141586 0.0 7324.8932198910825 4441.561648756715 0.0 0.0 0.0 0.0 0.0 0.0 0.0 0.0 0.0 0.0 18522.249700383938 0.0 23353.191118590108 16015.514558764711 0.0 0.0 0.0 0.0 0.0 0.0 0.0 0.0 0.0 0.0 19076.881628925 0.0 0.0 5249.758793783788 0.0 3522.2157856123927 0.0 25007.238570497822 59614.60629719716 130668.71386266619 61865.96545409372 131911.42685031926 137793.76904891923 381618.82116519974 373945.58249803237 449293.0566149901 387894.9637527678
130622.95848195849 138499.15321236293 99441.36289245737 335379.00980072404 347057.0253760716 295601.4768646174 366032.16353586985 384906.9854178883 161090.63984032228 125877.34419155434 227404.49528183683 367897.6711781977 91013.4308255835 89361.39086496523 81518.17995051417 0.0 0.0 9182.454943406796 0.0 0.0 7752.5322350510405 9374.158719621062 9248.193996434022 12565.42848788868 0.0 0.0 0.0 0.0 0.0 0.0 22388.469183232035 43528.05029186397 0.0 0.0 0.0 35538.894310338976 0.0 0.0 0.0 0.0 0.0 0.0 0.0 6108.926518143591 0.0 0.0 0.0 0.002215661728586254 17011.586874499906 0.0 0.0 0.0 0.0 48630.802641676164 434914.3515969095 473577.055026373 462737.6583534591 437797.3344339873 403328.6507998311
133737.0213615459 164971.8074210053 120718.41973466182 71283.73902351675 119851.22745007303 160456.53561354423 276623.60689515166 321506.11244419497 145094.33092230785 295394.3153779039 156566.6930784248 349462.67129549943 210387.08373359137 150186.2666730637 115604.71639959907 43595.59346465558 0.0 10230.425511325904 14117.18586921024 2844.1179310825546 0.0 702.2021790146191 2893.193717134259 0.0 0.0 0.0 0.0 0.0 2951.5267951715937 0.0 0.0 0.0 0.0 0.0 0.0 0.0 0.0 0.0 56863.08459336261 5579.008775050351 36589.013977645445 34221.91302399398 13178.294896228486 145143.04800504126 57651.287999830856 49854.288650131064 4960.136828689182 23926.934769146574 78826.53626702439 184165.87250705494 62245.76919578604 130507.31488113359 40290.887670318596 422493.93648902356 308754.86530175764 341720.5902593914 407310.01701705524 466896.12724334927 474363.1147127583
142521.0249695362 268256.3297870121 2266.911019256013 0.0 0.0 0.0 188331.02196754757 252716.54250339526 277283.8926256929 265278.5052803744 157483.55257722037 77234.43794552992 159622.63320601464 0.0 82597.63787244186 73986.26845518479 995.8755121960452 8585.812506891225 7416.13370177887 1076.1173507583571 0.0 0.0 1553.4899683614808 0.0 740.3630873127003 0.0 1212.051472135379 0.0 4593.8148960029985 0.0 16044.143645946633 0.0 0.0 1923.2317384748915 12297.107321271544 16790.333825687485 0.0 0.0 0.0 49173.204086611775 0.0 28520.9564602866 34086.00254599514 0.0 1881.1264077158758 197444.69445443538 0.0 90167.09421831285 44375.50731828588 205330.82512630828 227389.34672114006 0.0 0.0 0.0 0.0 571526.2052057402 501189.9116752288 502893.17108954367 493192.18186215195
319254.11583791056 63367.7075563265 0.0 0.0 0.0 0.0 47655.88187950913 64242.10187720296 97610.91281196738 159373.4887383698 179890.5820707551 173627.08482680528 0.0 0.0 207167.42544244835 0.0 59044.64873777772 5765.47252114006 0.0 0.0 0.0 0.0 0.0 0.0 0.0 11153.580667062777 342.67322882669816 0.0 0.0 0.0 0.0 0.0 0.0 3399.3461090436076 0.0 0.0 16288.052714415644 19214.524002077847 70865.11049786811 27639.558162866302 0.0 0.0 14312.053167339369 26409.987255459975 7620.4880761487875 153763.80762311298 166007.5103863535 73708.00518984423 0.0 277790.21265902976 283306.1067855297 0.0 185798.52595687346 174411.74687926116 0.0 501657.6771388055 606422.7896082429 505056.6882995094 620394.809791643
149477.8985672049 0.0 0.0 0.0 0.0 0.0 52929.88436143376 58625.26857162726 58574.278318301986 269834.61876235827 232734.68197591027 136733.58786357578 43340.90474472782 0.0 264992.19834743097 0.0 252856.48003606062 0.0 0.0 7654.715120889912 0.0 1776.7371135185597 387.5363608048848 9101.974019288555 13395.078125113323 8468.075136861442 3896.2963736780584 0.0 0.0 0.0 0.0 0.0 0.0 0.0 0.0 0.0 0.0 0.0 4531.766447114916 29801.937692645843 0.0 0.0 0.0 0.0 0.0 1598.0400094720815 189356.4350306934 86378.66581784839 41323.47691176199 268754.8992075679 0.0 0.0 370321.61024629447 0.0 0.0 0.0 162757.3368513918 592721.0642343886 612637.2493463518
68130.21732909608 0.0 0.0 0.0 1867.4002688547803 37149.57670456613 0.0 78265.32543044632 134890.6230674512 251596.11265615938 291927.2787434599 164656.5586841756 0.0 18155.609407853142 0.0 0.0 0.0 0.0 46592.82370588328 57723.313115283745 57915.831104522455 18816.858171547276 25821.909707088606 21497.676117812764 0.0 0.0 3187.229989704207 0.0 0.0 0.0 0.0 0.0 0.0 0.0 0.0 10010.051416364386 33050.40809818509 672.7311448193974 4519.179149911386 0.0 11296.829381529738 0.0 0.0 0.0 21576.009779929034 45424.427407769996 78256.80298456087 50347.41635250519 15218.70905340853 164615.01966773625 0.0 423201.2165624316 0.0 0.0 0.0 0.0 240424.76148544595 606854.1660685247 198730.3264109541
83625.34497860707 0.0 0.0 0.0 0.0 129070.38718482063 110240.3505503819 81899.31615347468 193151.21831189064 220550.85876293143 227046.65614516148 0.0 0.0 12567.816739715505 0.0 42024.63175658459 34949.445819598666 47131.455528433406 19814.45447016794 2291.241676044705 10176.118110260928 38532.86487982687 10631.79312443523 0.0 1613.8580257878114 0.0 0.0 0.0 0.0 0.0 0.0 0.0 0.0 0.0 0.0 4706.031774682253 4542.131812888743 0.0 0.0 0.0 0.0 0.0 0.0 13891.41819339171 90236.97817697549 68941.38695995137 16427.103671393368 17078.338893256026 0.0 146576.04344643507 33955.22551909001 0.0 0.0 137479.9145633349 35997.10479139746 0.0 0.0 442522.858522269 630395.7050970881
51207.05675741851 949.5559851112838 0.0 0.0 23241.04946321853 91342.48606998137 40086.94846861178 151752.35739805485 172011.84454579838 313485.7378666988 135375.11125622317 0.0 0.0 5879.261288848714 0.0 22200.222456659838 23606.30079589511 22436.74894835368 14933.324352891346 10485.739779753278 17268.72696106561 48313.232098257264 9472.418662250253 0.00888607035950544 0.0 0.0 0.0 0.0 0.0 0.0 0.0 0.0 0.010394089795247032 0.0 0.0 0.0 0.0 0.00815522949663899 0.0 0.0 0.0 3606.299278128428 331.96393918923366 0.0 0.0 40601.39198508405 8652.061385676365 21155.37025886682 0.0 0.0 210633.60664633816 0.0 0.0 0.0 0.0 0.0 0.0 0.0 172359.20348471156
81690.44488104203 61655.76963300818 90394.1380331123 0.0 61668.137695035904 45103.7462793568 2063.565177764097 281863.5576176678 274335.97399810876 383885.85296985874 239221.7315171173 0.0 0.0 25122.516736397305 0.0 0.0 3494.384033724809 0.0 130669.93851728478 302251.197745312 176863.98725460193 111166.09418946005 91513.16131555152 41292.59613673772 0.0 0.0 0.0 0.0 0.0 0.0 0.0 0.0 0.0 0.0 0.0026772792405660717 0.0 0.0 0.0 0.0 0.0 0.0 0.0 70536.60883869127 66681.7672925986 0.0 70283.36052305483 0.0 4031.8201580987293 19857.01948667647 112125.33774920118 341881.7764289345 105807.9462967216 178214.5488416651 22056.951724504797 0.015147159039267133 4160.297062025189 22583.091724466456 28007.351789767545 0.0
93643.81701860008 53124.10334148712 73611.28322692077 90703.47155102329 0.0 28838.388529654283 60279.497740738996 80661.12200317069 214842.8694322146 295969.63427112787 0.0 0.0 16706.22243369869 98994.03078193463 47087.7606208317 26947.875360520884 33104.45808206943 35613.125436463524 206579.48626067632 260068.76704596475 279241.415162607 63792.31344477742 74068.26837911553 37950.83095292888 0.0 0.0 71930.17915729803 22631.13543798991 3682.6094324009196 0.0 0.0 0.0 0.0 0.0 0.0 287.37323726352105 0.0 0.0 1753.2099396068036 0.0 44.57387139126683 520.613879170237 27827.864768063122 62232.06348460259 73240.05331652603 44843.50280569754 119578.04819596975 40680.37669885168 98845.55689413195 164914.76287531565 274389.25098020525 468628.95282311476 324758.0431795955 118699.01348367735 98669.85688453446 30493.979885163415 36591.94401122766 191264.4302884027 0.0
19724.161845919974 35215.24268295632 0.0 0.0 66445.34741653872 59842.895335110275 55561.68633468974 4105.5371803519365 77350.99537875365 159498.70664348255 68938.29288745426 227834.040385112 146044.75439142963 164034.7356841613 145633.41231235632 112617.2904375106 42192.323423488335 76609.01996839343 0.0 0.0 271088.2667457659 9181.024376758527 43025.6716659628 3948.541308039609 0.0 0.0 0.0 120179.63100500108 0.0 0.0 0.0 0.0 0.0 86526.04959950846 176168.23015141542 0.0 0.0 0.0 0.0 13024.100425938868 6605.061685099747 4916.9900569676865 0.0 13482.683842349024 56906.91196816246 20502.314190810004 0.0 150680.71180186194 172670.87156209708 358046.3067879123 364256.94443579623 452011.7326248212 398522.86431246134 330474.80457176 288546.10249299725 310446.3079727455 263999.30700159876 183073.35593144112 7271.535451826726
0.0 0.0 0.0 36717.345808464685 0.0 0.0 0.0 5073.32240421175 895.0648432320559 67451.94359523898 157329.99002414555 199701.97282510131 146782.28158645346 134987.6287167859 270832.05730593984 105499.84379188596 104660.18088473676 0.0 16537.78986736871 15516.994135915034 39914.71672795407 92072.92598081625 60305.389925555886 32231.478962093177 0.0 0.0 0.0 0.0 0.0 0.0 0.0 0.0 0.0 14682.026009004976 74827.24532992723 17734.353272706656 0.0 0.0 0.0 0.0 17665.246991036285 365.83254105613275 16628.202453621852 18473.131854374213 116546.31484897903 59500.87941192488 0.0 0.0 127984.57555519463 345645.10276206845 436917.92991689796 613677.3903995595 274737.6332725725 281192.6252059358 327812.2621110908 353469.0033390487 208834.8781490154 133532.93309612875 10990.35448935869
0.0 0.0 0.0 0.0 0.0 0.0 0.0 0.0 0.0 0.0 143201.96119737107 192521.54284296892 210718.06155904778 181670.989651709 207338.74620730043 168214.57141936466 0.0 54441.04189893345 0.0 25089.183245593074 20620.95244429111 45627.173734528806 87382.96986998674 63160.10059641679 0.0 0.0 882.2981655076192 0.0 0.0 0.0 0.0 0.0 0.0 0.0 0.015350559275581098 0.0 0.0 0.0 0.0 0.0 0.0 0.0 47745.79685571443 88444.70451106323 84479.89874188001 106633.80359525284 145460.66678216562 128434.9545997182 51825.41867061644 76749.79620868595 216511.4004881654 213777.99008804007 276677.5676309883 304714.5152370804 602875.7605859996 274331.1773699058 274670.11028931494 321622.0675557856 198594.98002796323
0.0 0.0 0.0 0.0 54478.85497419167 0.0 3121.8097570427863 0.0 20057.66789528893 63166.19532260455 0.0 11377.947731418453 53737.445844732196 77600.31097815992 72680.47167482889 0.0 0.0 107940.56250008027 0.0 0.0 22623.851216164276 3622.3287658978165 7243.7693316570585 80541.84774550155 96670.94361395908 0.0 0.0 0.0 0.0 17644.63018660116 9596.72733098824 0.0 0.0 0.0 0.0 0.0059643041378875175 0.0 0.0 0.0 0.0 2673.0396332110813 0.0 8062.179896991444 0.0 65401.00088682943 0.0 55108.41613898065 46471.806320852054 48130.81132068641 41939.89367927111 311762.46970425633 353800.7600485634 185134.69236476868 167067.21195886363 347401.64354575 340349.43899235193 301313.57396748674 139436.55770802495 375231.1181654054
49799.973844529675 67314.61377901072 77680.54972498752 34286.11792970451 59557.514234655144 50863.2985465944 0.0 0.0 0.0 0.0 0.0 0.0 0.0 0.0 117598.54772995943 0.0 0.0 105550.47896053047 107059.47230307628 60974.20710164391 65510.165201078555 23565.644636750152 18803.816326786466 9284.054256704418 50195.333825589296 13868.833075498573 0.0 7715.817870280399 0.0 0.0 0.0 540.5682768607433 0.0 0.0 0.0 0.0 0.0014359529132786499 0.0 0.0 0.0 0.0 0.0 0.0 0.0 172833.60808464323 110741.22994274393 109706.246386517 128184.49153902089 165103.7735372018 91625.27895196721 281245.72517188307 286693.7492441693 219844.45532916178 224127.43275567016 99806.33805949449 182689.15015843243 335051.9589149275 218686.4822798981 116766.89988305532
176541.30947174618 0.0 167052.6746296465 149482.15457960454 47240.13943773092 2838.5054466248503 20516.257429124493 74894.86649803974 0.0 25563.79880010225 88633.158530252 141011.60484394792 0.0 0.0 85342.53152834768 0.0 0.0 0.0 8524.150768310123 16236.056363590293 0.0 26816.124182409145 4784.636724447685 4782.216143475753 0.0 4408.651757076362 5822.405390551724 16644.134266426503 15760.100631432686 2322.8738720483125 0.0 0.0 0.0 0.0 0.0 0.0 0.0 0.0 0.0 0.0 0.0 0.0 0.0 0.0 74207.42532463338 98145.58888897242 166879.61573371326 123606.46745560839 190836.48637533933 165271.77409596104 182929.2478518872 220923.1789413415 345389.1399080319 196784.65909129722 55871.26882810039 215676.45310232282 324241.598117376 311175.21043191006 119050.46308307486
139648.88172166102 97826.23301579205 131635.4477372896 40841.953843245974 16074.616985380488 12389.288568829968 8234.210468864567 19205.9934865344 0.0 25806.145076280634 127834.82863185136 68330.79223709187 0.0 10699.805671162305 0.0 0.0 0.0 0.0 40864.07379292796 25754.027448685254 18188.557018053034 13523.510872440183 5058.338989422879 0.0 13427.123906925472 18234.093796543122 0.0 27251.071073001876 107759.69389390336 104309.32833918711 157555.4794633206 0.0 0.0 0.0034305572319896682 0.0 0.0 0.0 0.0 0.0 1180.250086165135 900.9979459673282 0.0 53712.34931973326 106009.78516732142 115269.2373853551 110367.9692048092 117481.36612583962 93467.52953620575 81409.29376399085 7126.764990783857 22943.678519816985 264691.22936128883 349960.1149895509 407010.9013948662 140017.6492708957 190944.55267974574 317332.80472713755 209482.4607723536 61819.73074634499
176770.79070768048 188466.55179333215 9125.17584767901 20571.634823389188 44500.680548544646 22609.324689642595 0.0 8716.775204473757 58724.80716214874 73035.23425738615 96457.5700696399 71406.73552245708 0.0 11252.075406315054 0.0 40726.33362023039 0.0 0.0 40402.553716667855 111744.10304129744 171332.74804748804 131609.79386851937 40653.8331220013 0.0 10629.424263964349 40190.27581516642 25449.655547176426 90957.13481878547 199619.71985022677 286787.619349421 127604.74766042267 107893.29820279493 0.0 0.0 0.0 29030.995584541455 17039.747208087167 17708.728145745874 10737.65577691537 0.0 0.0 76785.25803939601 79890.43508774854 82076.2607495715 126695.48758919803 72929.16729384348 173640.7522986071 163722.23461679727 62020.81490332448 267945.8936124138 215489.38945870384 290412.73265130253 478529.5274680826 459132.74271972163 362937.3816123775 175096.48762457428 224587.03335305298 84970.96591526754 103378.2291087093
266134.9428285728 0.0 55981.68627621631 27521.163333708526 0.0 12725.267836466355 40736.1932716444 17647.86707882096 132295.27347950827 0.0 56501.25172081278 5608.798955374993 0.0 5578.220997754558 0.0 0.0 26256.688641027205 24457.522466849 0.0 230597.2156858558 75914.05405517005 0.0 0.0 0.0 0.0 0.0 6622.19236698505 289981.1555154853 165504.08648163918 232254.7739559359 165944.59653779556 60779.453885935174 30704.221192520425 0.0 26344.887725604534 0.0 14270.706159806165 17451.187063559566 14100.970600524195 0.0 8486.75410679296 41003.44695478588 15728.449579091539 86469.18390376717 95204.28231290661 115001.67969415452 0.0 187266.17296321006 167505.67628428453 262075.55541537443 273440.32453679846 204594.9503057219 275015.0289070992 382048.6955312963 244792.81304729695 95663.71683941943 210000.3345546434 98762.07208205001 145235.00347787395
290592.0948629562 216229.09672549984 28750.786206293615 4983.336501997422 0.0 36718.50602352464 0.0 0.0 95119.34866993762 24940.62336640238 0.0 0.0 9270.749685786512 15306.887735297492 52299.353200574296 28772.621774914936 50951.65482649937 32403.983742070603 34425.8684390302 135609.32283608755 34586.14676441184 31607.635296066845 1854.6387646408234 11132.597807538714 0.0 0.0 46914.431425699426 156718.11645052032 160803.52824303534 180563.1425228218 261472.55040007134 66846.49239480025 0.0016957590693057213 0.0 0.0 0.0 0.0 0.0 7485.9753405553165 23973.90659304174 48223.66767439098 0.0 58170.57214477977 51185.95358883849 61976.15784946885 48868.29360525318 108062.72450751431 57063.003805833985 214089.24007675282 363738.7395830603 331142.3900913671 336265.66069129686 80033.018850941 195229.67210262315 265362.24935088976 164078.54657880997 153278.08938165748 118135.33512107188 94771.82800781491
274854.5889437577 231992.39115710199 160803.81114772247 0.0 0.0 0.0 61798.8576546694 23871.54437328285 92916.7937298565 39543.09606339225 0.0 0.0 13103.13450990986 48995.50864876817 0.0 65668.86255843846 0.0 17415.29655755318 12811.1258179648 47702.5667171867 0.0 0.0 0.0 0.0 13659.070691624966 29374.163775343695 148508.74755285337 136985.1575671153 195397.00198639766 183528.72954458388 213339.72784558928 148628.26336954537 0.0 0.0 24130.020986720567 0.0 0.0 26726.686629409236 21708.652884541705 29019.95417559438 28055.46305209649 57116.505335868074 58795.28096496667 57026.937134477026 47722.74575334069 20480.096012895337 14771.53674904249 66323.89361578845 119448.40285476357 151578.7694394674 77045.37421058805 64821.163659759506 1815.5270125311995 0.024367643248557145 99939.5612036417 152296.04556536538 105932.97558830085 74059.09331031963 52048.55637437065
591337.0238328603 319545.0145200687 267834.95318096597 106499.78528408836 74088.3648456117 0.0 83120.68551319283 71460.04117033936 69473.6092174247 45868.43360553205 17450.031523932423 8630.89898280292 0.0 0.0 28773.09928542491 0.0 0.0 18004.742744232368 24013.553901936935 0.0 0.0 0.0 9197.581681359603 0.0 53228.190049903074 37694.87573908422 20599.295166501044 155544.51024832315 152574.6023807023 144982.1169213742 76919.92502852491 110310.57211550734 24644.843495414934 0.0 0.0 0.0 0.0 23352.87551185302 14511.105176589612 0.0 0.0 0.0 39468.74492671097 54865.73005248969 68586.628573204 122089.29036478125 66958.39788297642 64891.439917824326 129760.63616899881 147248.11873881955 78997.718943551 129526.54620391616 33057.16942881456 44807.83792786333 142897.35860365615 155232.83005040066 129536.10641581097 31043.17357745531 156995.45156232567
359578.61483600596 339794.5308366351 310997.31233680324 221460.9497534208 166183.50271327596 117981.82021036217 0.0 29834.070581472784 30011.877219866015 79803.01019453685 0.0 0.0 0.0 0.0 0.0 8767.511742808068 30458.63621585328 57478.284821358735 76368.24979035427 0.0 0.0 0.0 0.0 4011.303301906965 7986.858696709463 82011.32036466569 153712.53453298056 194003.17973911838 165218.5427095806 134950.06085041905 0.0 10394.713801146343 28285.93380811895 0.0 2587.0851426879776 0.0 51256.20908965882 73070.2623195273 3659.273389048039 20330.493000447183 28548.935785945403 35817.65715676823 50166.89424771442 41982.25239481136 41197.39717162343 20883.30821104425 22834.269565787534 47018.56007272139 145442.48575560548 145834.23762480705 71270.54701090652 383474.8366480653 275456.7368151112 228575.43316306552 229618.47391151063 497907.14708742924 222002.47984255457 308753.75898319494 287064.84381127905
