Model Version1.4/trunk/output/1999/nload_crit_sw.asc
ncols 720
nrows 360
xllcorner -180
yllcorner -90
cellsize 0.5
NODATA_value -9999
[rows 156 to 181 of 360, columns 348 to 405 of 720]
622631.6173534516 215466.6310848548 267397.85605289164 258402.87166406948 253039.39673892345 63365.27313509398 211836.0257744247 321244.2310505456 236370.47141124937 237382.77003752076 0.0 17346.234535457035 59095.629960643295 16156.429093871962 195659.1920982842 727652.9596921008 328867.416875245 239633.2702355307 449383.4638046562 94739.28638749298 514182.9496239001 1288824.4417128202 791086.3649422964 602107.9543617371 633700.647833625 216858.21596664377 162000.61283561526 216850.32796191744 0.0 124604.90265887741 26359.189267018042 97102.77138084418 84450.50241524231 1135185.991245281 881498.7044969213 231404.95899908777 32970.9218680541 472020.5793411419 300782.1842682372 92656.46750206962 2033.8708984413397 258779.04710906278 0.0 168211.73982247146 23429.86244466862 39703.392515248524 8154.6505237776455 5611.8908475185945 202067.65764980137 203905.77526479258 244114.61026644811 192002.56856581176 17931.648083481166 93104.42967697402 26304.277401041058 26122.2814035701 129700.20856005828 149709.06129016235
564543.7517669385 524478.1106644563 71330.19305684851 180688.15468312203 287522.4253135869 26305.744176782082 426508.3963154566 329464.92480082036 656097.4843286506 894738.1897864478 253219.78632214892 357139.1978791975 599355.929852874 170552.8702583882 837964.610149997 1839184.9224236293 1242251.3431347113 837074.2590306115 825071.954832389 294586.7402807922 602400.7810369133 1305467.5567328604 2156817.3751595058 3389019.7145341984 3489749.312821714 1084078.4623177499 585271.7748716957 885867.1257830671 437175.75136614003 558682.4063648018 342675.9792225119 93357.86617211987 362506.0939178042 248317.16932362897 298034.0903879902 97883.07851232178 141185.94131611334 149324.96146647228 0.0 2311.6333069323173 21436.440335196166 14937.253714122771 174803.9927264501 100166.74309384005 119281.79255124797 46728.57638070471 34003.48244823437 107162.05166358432 443389.9856862281 446944.9693817359 507872.4533023072 72189.17989448717 0.0 83891.75577174425 670753.2290172586 444776.4980260951 91088.35216817034 61590.43527899235
1521971.1058065451 2561776.217657314 473844.78144418896 705551.9263594853 395368.9582521771 43399.444751394476 599848.8094956187 431827.7412452798 557634.4984863579 1522920.9006142842 1745912.9693236544 1430879.4754597263 1870671.1962790205 1386655.9858605305 1644889.919982937 2559604.3318895344 1424148.6987037566 1263000.2869547235 864646.8713782802 673082.1101673959 1299077.235584595 3588562.0179447853 1281397.246983525 1419399.3643883804 4148150.2236264553 4072459.338228458 3854046.99014286 1658561.584985232 3525692.986661757 1007423.9676173505 1423120.7810071514 244029.8754788622 823127.665570669 1195553.403619347 77211.08877224986 0.0 350437.57202504517 294500.37885079137 910912.6255381646 34813.711129386305 244110.83410354532 0.0 153072.02159333185 172391.42861652665 220547.70950467035 287785.84228356543 328985.33349016804 527580.9547649481 659703.4777839117 227658.08562390454 357117.81568512955 26966.929862547906 1248074.2043506042 1816651.3817912692 1445143.203646193 443466.7085657408 219911.06201104686 59862.93191155806
4125376.779749393 2087931.7367112325 1702827.771974509 822709.6595185186 665601.0288599908 259158.89998203295 1262706.4704979067 1038389.9459656178 948436.5389927849 750092.0221444785 3752865.4648675728 4383630.808748918 2528093.125513769 3278105.727065662 4464458.872633604 3302552.4812859856 1371506.300756634 1275416.1905820263 1015022.1046544011 967531.6505710862 1236436.4392210343 477089.4549845251 864533.8820277991 1761943.9544819288 1970133.1965675142 1959305.8754763356 2636822.064876305 4174070.047436946 3584992.4594274904 1651492.276287325 1932547.1235941953 1336319.4248007126 1120958.5988028015 929319.6324519234 628634.8746080273 351107.889847856 587810.636239424 826903.8452046405 1102161.6866954737 84721.65353028316 286751.97505387804 33315.80542616995 14514.32836124434 630811.4669210039 2208433.337604986 687090.0333971686 2403567.7763922196 239719.17970124056 176404.37116596106 158608.27860705715 2241986.5520543735 1566496.9978499636 2000798.9910433178 1569811.661636398 415809.8694768609 544041.7454602147 661901.8035610736 898089.3517104059
3930809.9549171645 1304870.5466703721 763779.75584922 875006.6420439301 620446.1714780297 813656.116294428 1750077.870140204 1255970.2120803862 1224106.061608408 2870821.8449476943 3771996.1503202883 4894796.143513189 5291150.869688267 5177962.572392236 4386959.728888638 3030740.877154936 3024834.264703636 3937131.0485202298 3137973.801611022 990984.374358264 1530840.604753394 1461908.2806470562 3747411.627140698 4279944.005397412 4679359.253182879 2275645.882562844 3408188.338690564 4529985.582478378 4444479.73925186 2457139.2978765382 2019273.0165649364 1038102.6627687541 1261271.498593942 1901934.771420464 1884057.8795021062 1309165.87694156 583842.587816433 1278221.683656038 1624259.5701203959 436183.0661664036 337125.21281741944 628927.9769501828 193543.0184540754 480971.52142689546 2468601.896861628 2087528.8673726963 2225416.533209936 443311.4712688068 761020.693829748 148223.36863123684 150323.5876025862 2385440.4753949884 2622439.5564329387 582102.7306348673 507780.14614652167 648809.766329448 417124.11965260527 767863.9901187861
5060529.081152394 4261786.953636085 2791617.023943931 752582.3230798357 2764085.265276803 1980773.253960918 696923.8444327451 1114402.6848883047 1062937.3558878093 2241775.994754811 3240527.2751119044 4092653.3208891507 6495038.382382646 5780933.774642034 4031194.0398315815 2667626.837032556 2690981.05133174 2832323.8966364334 2533493.132133856 3517614.9926050943 3573029.4303058865 3175111.3938639075 3735970.208452916 2830869.17784611 1966185.3396097021 3526066.4983566254 4562630.209397399 4292422.391945358 2671047.2239552476 4337937.959386918 2139113.245821722 1355392.5131814987 1889519.4847410992 2106186.57422997 783192.837211591 1014627.6507442642 1159325.308937553 1967125.1849018717 1342924.1275253345 658971.6297805959 1341784.942003388 732703.0993240954 720868.4144083944 574969.4716473183 852601.2029657947 560622.2337991925 688936.0772396207 1580130.9116644398 279474.55610497214 170289.3996374703 354726.7376816944 802531.7002538851 269564.81498448097 3393405.7002053577 1334185.9675626154 3929522.773773791 785859.5562412956 2570840.2172310133
4710944.56346129 4070570.821634545 2466851.603936412 2743539.0137703046 2169161.662502689 2118066.6548467176 907901.4669869991 1050138.9572700853 691676.1754505591 2767689.989538422 2800003.6441248893 3071058.0538946944 5907415.736424348 5649348.724595136 4200023.184486265 3016208.882057747 1322707.0397844766 2001620.7259417349 3909120.9131467952 3210476.14202116 3845696.7501695626 4100131.561034971 4100767.3617615616 4210551.248562053 4867642.505571914 4216344.853012825 4117174.9561779983 3093371.60849589 3504019.6021668706 4575068.908513308 2999896.0227748957 2559733.425835432 1607855.448804844 1246108.9033209684 2953295.9283029824 5364080.89552054 1790586.682667887 3637957.680798372 1896276.7708682162 2767564.7731587146 433987.82629575 1051840.6916896917 665033.4617726402 636744.6911042066 857762.3407981879 438974.431650945 622165.3300973915 461135.6967767042 348394.9386135571 765517.108969284 3380544.808181135 4560893.143378995 5619228.471440404 1511507.0524383695 1348977.7551678026 4211557.851794973 4334137.810880962 3641985.4933650084
4063684.7121928916 3668892.1506163925 2745769.828436505 2809899.356646237 2014005.0992133748 1962248.5831856204 2718616.9726382173 2946635.06988555 4150027.9109948925 3207642.239847094 3360029.2598238303 2563959.6419941117 4463853.499113552 5187896.171610871 2041339.7080559044 2928468.732880068 2863557.103741866 2077660.8788569374 3338658.1886596573 4230822.098566621 4165023.56361997 4787586.683995049 5157106.264292265 4798658.76271389 3520951.402346083 5156060.013426951 6171881.928289614 5056374.185546852 4321790.281923418 4395108.026645836 3640587.3347932287 2561265.6415469586 1702339.5710437468 3206618.0642230306 4442538.824481229 4097648.11032149 2444950.581583268 1836936.2508044457 5531794.800542526 4410589.551204168 3127943.1337782675 2271210.437958999 2343333.533261223 1302296.683414803 1189892.2487059773 1095831.4411001105 2264665.5668976507 1897119.6531889113 4115024.9284757297 4500587.064938496 5230085.296172901 4098252.546965449 1496156.1896182646 3498529.6257024724 3439009.13758484 3706076.790344888 2178266.6497198273 2088699.6235385693
2426302.3524824562 3743704.020899921 3574706.668221593 3417858.941542836 3892289.900825555 3816434.220076861 3435605.533292342 4211006.86551666 4729659.823755721 3547371.2028629496 4492008.475818707 4052156.945365544 4916772.194637764 3587144.444363262 4502519.991631094 2436597.1381534697 2425186.1163262855 2235990.2507926566 3378806.9829237345 3955020.455299785 2736743.8790711584 4508613.423401937 4754365.976705032 5493865.490784558 4083237.7431121184 5147231.0685779145 6695299.475041136 7444331.156150927 6898966.669137766 6920049.070548385 2646281.544641756 5795394.445646582 5596029.57292449 6640484.697092724 5653864.150148676 6271326.76208015 4087516.541341425 3695515.9150608834 3021244.118713936 5299665.4535290385 5662821.785750105 3845552.665341642 2528688.832267942 2278838.210695426 3042026.951622244 3357674.6270870883 3937560.7757944893 1102408.46398948 2898475.976691285 1025302.4425420375 791117.9304465533 4598881.79849642 5126693.193024975 4991940.870066329 2634070.66815906 2043493.0160328248 2422600.018969222 3051925.5284215743
3831299.2333674757 3990521.583766323 3359648.7229354023 3414861.6984425304 1405187.2909208992 1060423.9199992719 3408243.006288687 1951866.573733004 1659561.775263253 4137709.259722663 4390583.443437729 6344049.345548881 4519085.552828729 4200390.639889911 4283590.030936999 1946687.8431131023 3901634.104341557 3482567.406424642 3687013.39360605 3781367.6534979977 4149771.102107404 4271679.8563936055 4144973.92344962 6973870.454904549 6629225.566788259 6762280.630314063 8448979.094495583 6940632.142026791 9139213.25384756 9366402.674211394 4122710.9675146993 8486727.174981343 7418183.369356687 7340701.25459397 5113339.51129513 6563067.649563899 5758420.684204073 4282039.487496365 4130090.029443588 6042038.064689194 4521545.243729325 4665726.58266209 4149544.8562140134 3187390.776916224 4377640.428695788 5243000.334812363 5466819.010973206 5619139.63541507 1566190.3454111444 4418243.102423298 1628863.1684627342 5859980.559072305 6267680.108467863 5986174.207841524 5803410.716827465 2179071.176967322 2876778.5989647075 3142072.38128575
2328418.866825642 3565632.594683262 3810490.5922233043 1367299.4454705382 1728505.0289215727 1816759.8377138746 2299546.268224605 1919859.7872020663 2426928.535378667 2934022.525163418 4985722.047406429 4136366.7735005855 4612417.5488656545 4640587.264299502 5405029.5736573385 4516553.682378574 3442388.3561575273 2413034.394314749 4220896.636819777 4292656.151157127 3065781.598264415 6419068.896731137 7763918.936305451 8550556.906758144 8207692.045164175 8367440.620037435 9511163.956686547 9402506.798984975 10334894.527066339 11285706.06521075 9179470.7317644 7547070.642270224 6619640.338460871 7730784.048738833 7413691.119217381 5773451.342495746 6897133.642430996 4871678.720150748 5716640.45769773 5424370.669178209 4568417.412183884 4066050.921843984 4566548.537456189 5646892.416253212 5408411.59009306 6087100.303764199 6313576.970269553 5815199.70602586 4810795.683655961 5848784.672814357 6082427.306164003 5121063.002091153 6589114.768255607 5545172.32740824 5464452.687937476 4524454.6831784 4162470.538996598 3438836.586152234
2651506.6589654125 3913625.238124415 3367506.6017229976 2350717.7785102017 1908683.8791739154 2607560.4359474084 2217781.7267551725 2736368.8858878026 3086713.176418196 2645666.334280282 1831154.1586706648 2941683.5824103463 3287153.3732712413 3554587.439642338 3288741.0492050773 3688687.868997538 3527602.9597202106 1656488.8093190172 2380697.168050354 1245425.1357722653 2196534.223650845 7471138.0778767755 8540873.769323807 9515321.393327557 9513062.506909052 9802404.426396877 10318432.642713323 10454658.133950064 11936697.788749103 13423583.715097103 9771762.852384117 8953712.41654703 6910241.46957869 8498042.977335023 7991296.350904559 7261955.355285414 7403970.660809576 5698467.902264467 5723905.254131795 5522960.299254783 5516092.867832618 3395776.086628702 4304889.655276493 4552649.487103547 5472241.605285672 5506092.048558231 6123191.530245854 5862858.08925554 4502709.3361612735 4511545.09801024 4226903.083297167 5276915.505127415 3976146.830060749 3913458.8366134525 2626022.5323705715 3576349.4773231307 3911755.8396768086 2861100.4434440476
3457712.6596498233 2436060.6906448114 1829327.6714836934 1671495.7062997064 2784247.337868641 3213248.754724963 3144871.9574667965 2706317.609604838 1942737.852296688 1699963.2425818532 499592.95489824424 199560.22259662958 0.0 2700782.4473139117 -9999.0 -9999.0 -9999.0 -9999.0 -9999.0 -9999.0 -9999.0 7234631.4659212455 10311867.630700164 10837315.420471812 10759645.139231745 10843044.199157607 11340480.769641448 12177119.184912004 11881723.858978268 12741193.601039525 15154586.694939908 11833259.115743484 9583996.010294473 7310377.795281189 7022464.470568415 7142445.473861375 5320726.828123303 3945847.3674104647 3648367.194988208 6385137.129998895 3946338.7966481545 3539905.940297152 4718653.329814117 3811630.437150433 2656964.1420136043 5944738.619476533 6460788.891611181 5991403.9877369 2901065.1306127934 3732264.243694727 2785457.311072602 2724229.8698561303 3235323.8490435104 4225279.469183062 4139460.9465420293 4230172.149300662 2767638.7852141624 3011966.688910103
4895353.561000274 3044824.0957627348 2604475.3743964457 2348380.2393046855 2595651.0097918552 3412666.7508276063 2097032.786853294 3211227.461840307 1857843.5266582908 789182.708632098 944891.2536532126 3428053.3005143227 -9999.0 -9999.0 -9999.0 -9999.0 -9999.0 -9999.0 -9999.0 -9999.0 -9999.0 -9999.0 8405203.40999805 12580033.513107494 12452058.396699062 11623343.185693529 12323062.346614605 12759991.823255107 14512590.257084284 11892550.081802865 11431401.710135054 13271654.45414416 10177752.744734451 7797312.847903601 6632016.810365481 5272274.132272168 3522002.292468066 2988408.300724555 3051301.5919828885 5227476.272086295 3518496.5640936424 3638541.1388614043 2780914.2741619153 2201992.5523611424 2634064.194761388 3712560.3541346584 6024982.462715941 4578297.182100599 3193547.9292526357 3108722.351311157 4922369.149999341 4577192.074276121 5044427.665305019 4714672.9652574165 5372977.547446863 3627497.3746239194 3351362.104062821 1916615.8853304798
-9999.0 -9999.0 -9999.0 -9999.0 -9999.0 -9999.0 -9999.0 1815347.161795213 1631241.8731115204 -9999.0 -9999.0 -9999.0 -9999.0 -9999.0 -9999.0 -9999.0 -9999.0 -9999.0 -9999.0 -9999.0 -9999.0 -9999.0 7727215.9180027265 11754663.659295125 13319676.67341204 13266483.030201435 13632824.819753626 13661884.177388929 13488605.725503702 13812174.704359017 14302186.84422352 14828111.732832577 10576081.704262199 8799765.392128445 6547302.289773648 4117291.6378912223 3583026.975506507 3759601.724499039 3772400.2421467043 5382633.47754973 3372893.905553743 5581054.781447476 4442963.782778032 2444106.0799130322 3649040.799406208 4607120.879438428 4097715.3246042007 5144171.5266299965 8027764.692019054 5365953.724372368 5584232.343584618 6246464.1862068465 5755454.07711883 5863650.423897199 5307235.657565579 3297693.9760234957 2882097.7506228355 2082551.4211457048
-9999.0 -9999.0 -9999.0 -9999.0 -9999.0 -9999.0 -9999.0 -9999.0 -9999.0 -9999.0 -9999.0 -9999.0 -9999.0 -9999.0 -9999.0 -9999.0 -9999.0 -9999.0 -9999.0 -9999.0 -9999.0 -9999.0 -9999.0 9227371.59978028 8635635.551643098 11160485.782804366 -9999.0 -9999.0 -9999.0 11550768.996684225 14037374.317536173 15047084.060686866 10897333.980145678 9502517.931933701 5861474.958215778 3867381.046518354 3440038.233180814 3890655.368110134 4171016.146237218 5660063.259351892 3630311.7752057444 4548743.123034223 5149649.614716438 2576288.193080332 2514490.35501635 2474213.2344098333 3296921.6147806603 4800931.688772724 3018812.497267768 7409306.721777882 5151669.678258491 4467549.210213465 6083028.887869226 6590848.306123011 4932974.053178339 2769190.6270003626 2823878.2261475106 2329272.0953254127
-9999.0 -9999.0 -9999.0 -9999.0 -9999.0 -9999.0 -9999.0 -9999.0 -9999.0 -9999.0 -9999.0 -9999.0 -9999.0 -9999.0 -9999.0 -9999.0 -9999.0 -9999.0 -9999.0 -9999.0 -9999.0 -9999.0 -9999.0 -9999.0 -9999.0 -9999.0 -9999.0 -9999.0 -9999.0 15175474.60316975 -9999.0 16520838.639501225 11395851.388018778 8816125.231542313 7086859.32568974 3997797.126520991 3521789.612231427 3686322.2119080345 3719203.652208002 3342368.6197342947 4018469.2982390225 4189876.2034718846 3692259.511221057 2697863.4323973027 2424079.875596618 2846825.108757833 3152652.3713590205 3475843.6846478665 3113096.8429789394 6542231.955330006 4763914.701841018 6489239.861135127 7362806.932306347 6319958.709231812 2749695.1260025203 1892166.1191383195 2061137.742318982 3383130.8530311985
-9999.0 -9999.0 -9999.0 -9999.0 -9999.0 -9999.0 -9999.0 -9999.0 -9999.0 -9999.0 -9999.0 -9999.0 -9999.0 -9999.0 -9999.0 -9999.0 -9999.0 -9999.0 -9999.0 -9999.0 -9999.0 -9999.0 -9999.0 -9999.0 -9999.0 -9999.0 -9999.0 -9999.0 14554211.075793946 14724775.021023551 -9999.0 10751509.752892796 10559746.554216582 8313137.715078566 5791152.955078339 4666508.464069317 4314392.807500202 4052247.7786443606 4211004.760802132 4027859.5649142913 4403083.531436251 3667886.920126675 2870406.009302396 2571198.477820504 4147068.4080469976 3433491.9930813313 3703040.919959721 4086046.2227871884 3445135.932917067 7345419.074116477 7835158.6182212215 6033815.440582132 7260015.88826223 4160302.7559508635 2411599.1168390913 2399649.650578923 2473947.3962084358 2570933.8418962266
-9999.0 -9999.0 -9999.0 -9999.0 -9999.0 -9999.0 -9999.0 -9999.0 -9999.0 -9999.0 -9999.0 -9999.0 -9999.0 -9999.0 -9999.0 -9999.0 -9999.0 -9999.0 -9999.0 -9999.0 -9999.0 -9999.0 -9999.0 -9999.0 -9999.0 -9999.0 -9999.0 -9999.0 -9999.0 -9999.0 -9999.0 9866008.288392236 8670141.619994204 7829618.044117228 6200332.613195225 5298437.680330701 4378550.090975888 4212771.084014964 4489319.745324911 4213730.087687008 4567052.671901245 3958897.9767476907 3288519.9514404982 2934118.9765743217 4990764.241117363 4661509.546579978 4874340.168845469 4093846.8113757134 3918324.0247338326 3867842.182666067 4205357.757294963 3335468.8168227584 3389196.993392851 2566272.121920297 2509192.639554379 2424978.2392781437 2203598.5329727107 2356523.894360719
-9999.0 -9999.0 -9999.0 -9999.0 -9999.0 -9999.0 -9999.0 -9999.0 -9999.0 -9999.0 -9999.0 -9999.0 -9999.0 -9999.0 -9999.0 -9999.0 -9999.0 -9999.0 -9999.0 -9999.0 -9999.0 -9999.0 -9999.0 -9999.0 -9999.0 -9999.0 -9999.0 -9999.0 -9999.0 -9999.0 -9999.0 9050666.612529045 8358366.605194348 6763671.712857826 4866798.044546959 4456000.732444384 4739899.281430645 4366442.797715553 4512705.665699323 4424242.426528835 4660887.746547017 4264578.545678065 3961665.109076781 3514360.966758974 5527425.2445857 5176694.468912517 4925139.088745998 4450990.740073544 4357359.123978655 4289649.431067092 3118548.380784125 2459734.1152931936 3499923.904422797 3764343.1230558828 3632104.780320338 3198961.259748337 2611615.0248233676 3278682.0187818827
-9999.0 -9999.0 -9999.0 -9999.0 -9999.0 -9999.0 -9999.0 -9999.0 -9999.0 -9999.0 -9999.0 -9999.0 -9999.0 -9999.0 -9999.0 -9999.0 -9999.0 -9999.0 -9999.0 -9999.0 -9999.0 -9999.0 -9999.0 -9999.0 -9999.0 -9999.0 8662668.92497726 -9999.0 -9999.0 -9999.0 -9999.0 12027518.831832279 7200414.110648619 6282284.1625514645 5372751.211161498 4775766.331829542 4445134.089573254 4434527.827080377 4296090.687116805 3888932.503410761 3966793.4009154197 4148020.217680929 4668389.297221169 3706086.6469750814 6013143.885773179 5469435.7527830545 5059594.82553498 6346293.322020512 6776687.3266085945 4844884.686247333 4767011.126052788 5752525.879161925 4534853.8900314355 3746228.432383706 3820739.728918289 3251280.1660330165 2965168.3476538626 3492763.9430664806
-9999.0 -9999.0 -9999.0 -9999.0 -9999.0 -9999.0 -9999.0 -9999.0 -9999.0 -9999.0 -9999.0 -9999.0 -9999.0 -9999.0 -9999.0 -9999.0 -9999.0 -9999.0 -9999.0 -9999.0 -9999.0 -9999.0 -9999.0 -9999.0 -9999.0 -9999.0 -9999.0 -9999.0 -9999.0 -9999.0 11184936.767903186 12496378.863323541 6973383.009095105 6700368.192236303 5777141.540858514 5024744.773298558 4468472.513866793 4382728.935977231 4397103.697857447 4607485.698670382 4620032.806793369 4315592.2099218415 3673855.3705696184 5963603.680092093 6113780.277113417 5176407.474520473 4552143.548355815 4373591.603807672 5688729.999552968 4438968.887615382 4729063.629162475 4634038.745837988 4765089.800606013 4271764.302169689 3768215.661033594 3720908.302763053 3510201.263924801 3514323.674122054
-9999.0 -9999.0 -9999.0 -9999.0 -9999.0 -9999.0 -9999.0 -9999.0 -9999.0 -9999.0 -9999.0 -9999.0 -9999.0 -9999.0 -9999.0 -9999.0 -9999.0 -9999.0 -9999.0 -9999.0 -9999.0 -9999.0 -9999.0 -9999.0 -9999.0 -9999.0 -9999.0 -9999.0 -9999.0 -9999.0 10046429.398814734 12657030.585874261 8102536.182409621 6721738.5434573945 5555568.221929948 5098855.715225307 4700214.560238239 4444725.768930967 4522913.466131457 4613106.486823652 4586278.751637759 7960209.713299769 6598772.643524267 5596223.3429660285 4835890.921619307 5487478.867908117 5940536.624891014 5883085.448392373 4889771.447899991 4670480.669466364 4993767.064891917 5125349.991490341 5197944.109696575 5154118.03198249 5044841.068174201 4635216.056087701 4273606.41136421 4203475.567852625
-9999.0 -9999.0 -9999.0 -9999.0 -9999.0 -9999.0 -9999.0 -9999.0 -9999.0 -9999.0 -9999.0 -9999.0 -9999.0 -9999.0 -9999.0 -9999.0 -9999.0 -9999.0 -9999.0 -9999.0 -9999.0 -9999.0 -9999.0 -9999.0 -9999.0 8669520.447636431 -9999.0 -9999.0 -9999.0 -9999.0 10875214.33518924 13299643.043902453 7881060.599432322 7394309.82811743 5932082.816915033 5790424.784890845 5666518.070452488 4883119.273995645 5006635.932912299 5124574.563190225 4669652.36668256 6435081.461860428 6676938.980906182 5370572.5061109355 4512655.21202492 5062535.984084603 5424998.77922294 6675322.9575959295 5643995.5956780575 5097588.917457274 6077203.420234483 5582473.57574065 5848488.772749945 6099856.290625585 6120927.724120917 5966938.325763323 5308471.608930503 4831008.474348999
-9999.0 -9999.0 -9999.0 -9999.0 -9999.0 -9999.0 -9999.0 -9999.0 -9999.0 -9999.0 -9999.0 -9999.0 -9999.0 -9999.0 -9999.0 -9999.0 -9999.0 -9999.0 -9999.0 -9999.0 -9999.0 -9999.0 -9999.0 -9999.0 -9999.0 -9999.0 -9999.0 -9999.0 -9999.0 -9999.0 11389654.406742718 11218579.83720567 13136651.243156038 7077300.912790469 6523333.8892847 5746622.413727528 4915202.61649161 5407378.948427863 5172695.368354436 4777138.480162741 4706233.188221693 4804340.809205394 5835013.505200836 8226069.6522323 3090449.7713758503 3743504.2954671043 6374399.017922283 6969903.564396756 4471122.078841198 5372832.33405118 5685758.778455641 7354899.695052009 6946369.662337622 7808692.43324011 7113733.5037373295 6247383.964314864 5920877.237384245 5361381.1227936195
-9999.0 -9999.0 -9999.0 -9999.0 -9999.0 -9999.0 -9999.0 -9999.0 -9999.0 -9999.0 -9999.0 -9999.0 -9999.0 -9999.0 -9999.0 -9999.0 -9999.0 -9999.0 -9999.0 -9999.0 -9999.0 -9999.0 -9999.0 -9999.0 -9999.0 -9999.0 -9999.0 -9999.0 -9999.0 8891847.682205109 9463349.654648887 8926536.108515685 9815083.654742561 6135354.560965833 6843174.3554689335 6069581.552507068 5158486.356251237 5477497.01148411 5212306.181347044 5075116.043869322 6078429.495316449 6396252.454839039 6145784.5948671745 7714136.746606808 6294366.493058934 3222465.872758547 8243530.071270993 6570353.631632844 4966708.525038604 6717781.104829172 7707364.715659057 7526277.830102409 7991243.670543669 7264285.650426936 8365218.882300756 6377806.458582102 6254227.875098669 5901146.991339394
