Model Version1.4/trunk/output/1999/nload_fixed_ag.asc
ncols 720
nrows 360
xllcorner -180
yllcorner -90
cellsize 0.5
NODATA_value -9999
[rows 196 to 223 of 360, columns 372 to 433 of 720]
-9999.0 -9999.0 -9999.0 -9999.0 -9999.0 -9999.0 -9999.0 -9999.0 -9999.0 -9999.0 -9999.0 -9999.0 -9999.0 -9999.0 1725.8322464394996 20101.4944123425 35434.02078809687 34808.50131256755 55041.94430626192 60712.73990889968 16404.83294695466 9387.972235283016 11026.410392729154 10985.272811011508 27231.398429939793 58111.53043608678 114147.25496401057 138015.76410751403 145013.0976406204 115102.56839210779 114999.84055153036 56595.9037293599 0.0 2107.272713702645 4146.040125033606 21085.79481671153 31462.074590757038 46247.13460829282 55545.489264182674 42455.512614053674 39101.567327621655 0.0 56607.8549004696 67961.09663368973 28389.134134748743 8063.500415864013 15811.050447467447 38272.31427843745 17223.19237168045 0.0 204901.89304269568 212419.70217363414 48673.741497983676 0.0 189024.34389338118 220710.57901593763 101574.00731214142 95952.8644625616 51342.92784963074 157263.54464207825 91783.80149252538 64813.851234194066
-9999.0 -9999.0 -9999.0 -9999.0 -9999.0 -9999.0 -9999.0 -9999.0 -9999.0 -9999.0 -9999.0 -9999.0 -9999.0 -9999.0 7708.673969954149 25236.626736385177 0.0 49574.960434918925 68870.86625756907 107231.7910819007 65331.39736311976 45217.46531770463 5333.799619766299 11823.338272082436 8794.182753565705 46600.534871085736 56068.08666276193 42421.00404342321 24755.000049660128 31831.9967491098 74400.08005252432 20878.71045759199 4289.189887948532 6039.184360891274 11497.29549024178 26070.183622654687 19600.15555933354 40672.658879814 52908.376150843535 40113.89708058587 0.0 0.0 33260.97318702761 23915.867091552194 14950.828260304124 0.0 37095.03359480362 0.0 6072.519300070422 56498.27383173759 54186.23029090185 254944.5047062848 70523.1137755413 91944.42884024578 313375.225368668 198134.20002732455 148081.3395183512 428396.41246571526 198174.69508211245 46335.571502553226 149464.16899769232 42768.5625292598
-9999.0 -9999.0 -9999.0 -9999.0 -9999.0 -9999.0 -9999.0 -9999.0 -9999.0 -9999.0 -9999.0 -9999.0 -9999.0 -9999.0 20267.958037282264 15185.62461455898 10012.223883904486 73413.70624118205 150204.5619672039 113208.62394549338 65428.69340025069 17252.0543180745 53116.220228914324 40134.276358737516 1939.0395508387448 6542.561102147297 9185.30729287602 37641.55379282063 55696.69659463017 131135.00580918315 42398.191358747295 12546.718476981492 0.0 16299.65517029091 32747.714688688484 28571.197811370133 19876.31406459727 17469.772604181548 34865.53835408755 50443.14720833663 23963.470899524862 3981.197330733341 25450.27233260311 65732.8853480091 19683.962446511407 0.0 68834.90645498958 45857.43872145743 65259.95022369197 70286.30393873168 92621.03170924284 87856.11846753213 124404.86268639541 93989.07315648645 364705.405396905 108325.72563784572 208526.42468590906 112250.49914547378 181283.12551217008 47117.90293540513 101654.96584722993 59535.84643229193
-9999.0 -9999.0 -9999.0 -9999.0 -9999.0 -9999.0 -9999.0 -9999.0 -9999.0 -9999.0 -9999.0 -9999.0 -9999.0 -9999.0 28130.140672367288 16648.466916571197 39350.605242956975 179300.50242438435 157134.4029474685 199433.18159742255 157156.14671316306 37598.61038467427 20765.8056378379 50086.801255745246 34628.187702688374 6767.049243022724 3532.7799707016193 17343.153665601265 61547.8481660391 58036.16387271691 52553.46445976579 38739.57440013984 14350.103595732558 4838.1106964014225 4288.09833435456 7911.922614227052 20516.37306640885 10899.125956183767 17582.356820558318 46869.723573544194 18352.240541719115 25187.175695948477 11957.768139933654 59456.29192845235 1399846.575874738 33883.54819149415 63913.57372134824 47150.383709032234 78193.24899581584 84123.46541512922 98849.76212695106 78476.56987562198 58425.73820632888 140877.62235985248 301740.2272259821 83872.53074505403 0.0 157120.74721623954 100845.88840615594 44184.68989328242 65041.21234419138 142472.02603664834
-9999.0 -9999.0 -9999.0 -9999.0 -9999.0 -9999.0 -9999.0 -9999.0 -9999.0 -9999.0 -9999.0 -9999.0 -9999.0 -9999.0 0.0 12646.750177950044 0.0 184824.63954534792 117225.57690302983 129459.30565266198 133263.4094656103 38296.56822898664 22838.308082293403 15517.426504348392 32279.755538848814 16684.642945106596 17663.155653569775 27086.004912014134 98370.72408280564 91148.338373342 50557.38345825573 51155.657311674404 66206.76116678774 2407.4756967915678 7730.463006043006 4785.591069288649 3147.959679855174 4021.1570399559314 22108.38198878366 24178.585941471436 36923.52118124636 28872.128599392534 10785.326121444885 25603.999383685205 27195.456750031062 79797.96685710347 65780.90732093503 52513.90845491293 37612.117204817965 50970.49323724152 60791.025371227544 101196.02078658217 126358.42195172422 71328.17780521439 93637.93310073586 174755.09067316726 0.0 152669.9380402069 132411.60280765017 83383.25522830195 61782.009877786004 85673.56763797427
-9999.0 -9999.0 -9999.0 -9999.0 -9999.0 -9999.0 -9999.0 -9999.0 -9999.0 -9999.0 -9999.0 -9999.0 -9999.0 -9999.0 -9999.0 8873.578794848048 94005.02690801647 125203.1697030348 96598.57618641196 143096.8387416936 232672.02506837476 132504.42636329093 108604.28114312734 91274.88474609429 21374.047040199406 16881.767284911788 42070.886637282994 101382.82629084529 134249.91361083311 91366.19989651024 54017.8165291214 31965.08768469593 50930.706890806985 4644.869514427695 12330.017171230505 8403.231276875895 9730.97490467659 14519.30952633743 38257.05908454472 37943.027527055034 14907.38882979167 21576.12517220253 11634.708712962503 38648.059404165586 17333.834598701796 87910.64761574856 80584.41827664914 0.0 68221.9799112556 79875.45775727958 98657.67125483409 78208.74801772545 35589.25856829749 0.0 63190.38809808544 137976.47672055342 10829.116159428318 126396.7669877747 103990.41023742621 43994.050531028035 57120.037740657084 52825.76604623248
-9999.0 -9999.0 -9999.0 -9999.0 -9999.0 -9999.0 -9999.0 -9999.0 -9999.0 -9999.0 -9999.0 -9999.0 -9999.0 -9999.0 -9999.0 7430.191572542228 2450.2982889292966 97788.86571521696 162358.8684702478 80948.23869672263 107808.54943349893 155370.80065455867 102356.71181918269 86962.46191354899 15104.14059514871 4200.426074034293 40878.5588063566 85694.2551524758 63918.1902071085 117088.44385211094 29776.350722696796 36302.17824592563 100411.54128013852 49761.216776857356 76328.4430170507 64452.77639263994 40868.87584271506 12657.08055602127 29746.235976019354 41616.624374761566 12603.708865976409 17774.768352719133 41448.75399871487 47253.77344889445 16749.575430249653 101541.41842478262 100392.73946622062 48152.93998363053 9490.011579491671 81024.91715739515 82829.73934104336 104175.35635352123 14970.676771757713 0.0 38490.82179292532 124038.16666598996 48883.85181471038 17016.481235154042 70604.32272001209 95645.2850870096 64777.3352346309 74437.9683742382
-9999.0 -9999.0 -9999.0 -9999.0 -9999.0 -9999.0 -9999.0 -9999.0 -9999.0 -9999.0 -9999.0 -9999.0 -9999.0 -9999.0 -9999.0 5.762180882449717 91825.54602011992 113151.17007997773 101133.10200603947 137863.1023338919 136805.1430532497 183046.65414538875 114238.471842228 53110.43254966225 8620.670251407502 14744.941077525807 33547.315594229054 92861.91649146126 49991.93870191456 79204.49382951963 0.0 0.0 35229.6893808464 22913.645268313874 91154.54667598165 38790.124344606505 46722.51679926361 34466.56307007872 44037.91609946239 33179.91441367043 20749.380508973583 8382.336549203003 29997.15304963083 20754.628644217526 22517.382132259394 75336.85519225802 59891.861772454075 10934.488308820946 23038.875849604457 56285.521246135664 70714.56750148228 34190.83648023241 5937.681768257402 5362.556926051028 118238.24150615462 97782.46639857438 22026.555995781422 0.0 69530.45248646455 71596.0611504654 62056.78518133608 87538.72555626246
-9999.0 -9999.0 -9999.0 -9999.0 -9999.0 -9999.0 -9999.0 -9999.0 -9999.0 -9999.0 -9999.0 -9999.0 -9999.0 -9999.0 -9999.0 0.0 929.3278033962239 156704.47492772853 137129.08395479433 107564.15537996819 136563.27128394134 258724.98162048773 135016.55301797186 62569.33306447204 32901.415134517054 15593.464076569613 32691.276967544683 49005.412509801194 10321.68211143941 29115.47037354265 24138.03273329071 14615.927145217984 6954.732947904979 84612.6462619754 37470.364829259306 29853.930660318994 20877.6139876673 20378.41069545712 16600.326602149642 35132.55750254771 56093.3890297626 38958.190166804845 51952.4470593928 38391.067327965975 10595.373800766087 31783.935643490364 60481.61907885843 13422.865136501907 0.0 34777.907472162544 24162.190871635095 0.0 0.0 55072.56232950592 186928.3368533436 157016.73616524582 0.0 33857.96599702612 68505.83804168209 33957.58319976755 62931.70938412419 30639.403817922317
-9999.0 -9999.0 -9999.0 -9999.0 -9999.0 -9999.0 -9999.0 -9999.0 -9999.0 -9999.0 -9999.0 -9999.0 -9999.0 -9999.0 0.0 0.0 113534.29772232525 98418.0497271646 95158.53746233949 254950.45180151312 275189.27631493576 260541.73554132486 96893.05024678099 43769.56000738629 33911.7537540557 38966.09845535739 24750.55043240956 25097.352244782378 33542.06694959606 62763.9620993612 36178.67090649627 49946.762748165675 36807.824450727065 4036.714539986709 65609.96621142818 78295.28132927069 22081.834878174457 0.0 58033.195561612505 24047.652043479702 17041.43133236716 22390.519557281383 33311.28352232604 88232.9391668645 112569.86652502793 15079.003445825088 15820.77129368168 36471.06201854582 43920.93987484733 46679.78109574117 10213.509164965644 0.0 0.0 19037.068370097204 232674.96523828438 904117.6872427302 60603.38417752586 6451.750411881728 49647.96648702432 62691.683088664104 21784.424691681084 63904.43744265528
-9999.0 -9999.0 -9999.0 -9999.0 -9999.0 -9999.0 -9999.0 -9999.0 -9999.0 -9999.0 -9999.0 -9999.0 -9999.0 0.0 67464.55608882057 88234.17380844653 4720.020584702335 144222.03867639857 106435.38199958869 150557.34960831897 141846.9793201293 56932.00807272065 38746.846024109465 22454.027176686104 50735.304118580716 99921.34090760356 46797.42352497679 33477.695326071815 0.0 19605.253097229288 62711.92609667346 5750.974885530231 9503.37299682965 9621.420576500388 15133.02560462455 44221.39548138219 5186.97247893561 5651.566271791551 5460.5000212035975 5845.411483061042 17774.836688426338 23967.30943318819 55000.64041097454 78927.95114269793 115070.47906533162 97972.75031445058 41381.020537492535 82237.34360927626 102037.55916866181 64595.45509683845 28060.18272502298 0.0 32460.550232884136 29250.715934209566 276148.6623642371 78854.95201592195 156448.1796638959 6958.984328161852 71081.55906242067 46897.033218063756 57691.679260232966 43916.7758887179
-9999.0 -9999.0 -9999.0 -9999.0 -9999.0 -9999.0 -9999.0 -9999.0 -9999.0 -9999.0 -9999.0 -9999.0 -9999.0 0.0 0.0 0.0 136911.66160508333 156467.1674560545 126504.48077160024 101818.22122367802 56318.73145305215 24761.29796210654 21645.858062831037 23998.19391122701 59637.73343771239 38340.90312192015 36010.70249603974 27468.641832864818 25723.350495944578 10198.720645979125 0.0 111199.34703152688 6533.773066147403 9103.256948766088 80445.60670214775 25517.032255294504 4032.9337216429035 0.0 2449.730713916964 26998.979201551283 65242.560814724726 64927.088066443284 31342.533540175948 110748.64777740011 86433.61242623291 65314.93858830415 116548.55919114717 20885.262316451237 55617.84593303884 43871.99357541541 33831.97007043371 34861.73337400235 33404.79990450652 30293.14932061338 174063.3553574948 270788.7589434237 187580.560155854 0.0 52763.26918820813 50737.47488855186 73544.58412123934 49155.30649622385
-9999.0 -9999.0 -9999.0 -9999.0 -9999.0 -9999.0 -9999.0 -9999.0 -9999.0 -9999.0 -9999.0 -9999.0 0.0 0.0 15912.73725985285 80045.54171428601 166382.5915457123 0.0 35352.857594283894 36852.928511391736 52742.75741192982 0.0 153647.45797646735 21496.545716691635 91126.49665284742 30878.40022634601 23657.516568069183 28091.060808037357 2384.670422157709 0.0 0.0 2518.914868405971 7627.899560337537 2031.3583605682247 4423.302430778782 95.86204339069428 0.0 5247.743945318955 1684.0226656774971 0.0 2974.271341678407 32173.377858273194 8737.511105618849 9177.195444903073 78422.14176801057 42172.26956084985 41095.4203870497 4952.738434966672 3234.0327700630755 17699.09790459399 100077.56754682373 88884.1424938061 93441.89901238611 62743.190765168816 85851.34903529934 218552.61836927943 168567.16166557983 15814.889988188568 72632.0561348679 22836.3614373883 9347.611540766471 902.7937751368033
-9999.0 -9999.0 -9999.0 -9999.0 -9999.0 -9999.0 -9999.0 -9999.0 -9999.0 -9999.0 -9999.0 -9999.0 0.0 0.0 86444.05608802295 204690.63466144443 42318.20295720636 116076.81753715586 160316.7322193631 83744.52634260923 81774.7211675813 83527.147894114 21531.53260335047 78432.90190516367 46811.94150788341 5856.651391618684 123193.30110648455 85487.19453753441 0.0 2040.5695570661287 0.0 0.0 6582.307283003852 2161.5464571770376 15780.908334431699 10923.315875426946 9981.847035261722 3489.367211677889 1340.7899687177264 0.0 0.0 45813.18811113075 93708.93999839276 120879.83314887415 92646.21340751802 42916.32604971157 1693.68824070336 0.0 13261.768525163463 43644.63413258105 103728.80328936857 15791.270632320204 17036.363193836296 107671.93351194068 99851.02120802116 56399.505364879864 83772.9913603154 105880.06741326093 171461.89378287955 112194.6413689449 85389.03251153397 107123.88047683389
-9999.0 -9999.0 -9999.0 -9999.0 -9999.0 -9999.0 -9999.0 -9999.0 -9999.0 -9999.0 -9999.0 -9999.0 0.0 64734.95481076202 44040.102093812726 218564.2894368004 0.0 0.0 0.0 0.0 33601.912523431594 39565.93496993141 75182.56272979555 184461.14525467763 90741.40260459337 2642.69579632817 178526.6176632951 156050.734115077 0.0 0.0 0.0 11682.47306103438 245.29208997598874 27.096176877600058 33780.005752274636 18885.758019287576 7530.474291891742 2544.122514189687 0.0472612839521336 0.0 274.32959217494744 0.0 33476.6045062384 106851.21160423613 125163.65062746724 33974.125089053945 11739.788695837062 0.0 7483.746642771393 2263.0870805903787 13285.681294536873 29551.792210182473 42814.8708702896 60827.04659412174 107514.15939635604 71798.0088495227 85237.16892267777 203410.84750132088 83568.51404058827 144967.40149477436 119991.0233582702 74668.53698113344
-9999.0 -9999.0 -9999.0 -9999.0 -9999.0 -9999.0 -9999.0 -9999.0 -9999.0 -9999.0 -9999.0 0.0 0.0 0.0 0.0 4387.762400162256 0.0 0.0 0.0 717.6789901489159 41948.74398726247 150120.88545698815 78422.30444435826 66110.43425082935 130034.50268974002 3675.655418885035 60634.881297557506 3780.9414355147323 41362.69578317441 1.499412852005411 48728.2879687318 7227.625114468638 1182.6557388687368 154.40973350802398 212.17523115589728 16722.10322837768 0.0 0.0 0.0 0.0 3045.31470652775 22809.31057465824 2814.0243182980576 160983.8079436421 110870.96422256791 53577.959795964074 751.3227675254655 0.0 5487.9756987920555 99.8704584504151 39.294301870880254 5.426700964634623 0.0 49316.88297376268 65235.80171988701 64493.91782659716 68008.21486935958 269704.8738237515 1452802.8843022 204506.23632614923 64749.6951527205 58297.627150408014
-9999.0 -9999.0 -9999.0 -9999.0 -9999.0 -9999.0 -9999.0 -9999.0 -9999.0 -9999.0 -9999.0 0.0 0.0 57177.04971143323 0.0 0.0 0.0 0.0 76.86556972885737 420.3148435396746 0.0 599.5822858080282 0.8087700076037555 0.0 0.0 0.0 155627.50452084182 0.0 0.0 0.0 8.678063316839 212.46800024248148 6286.145375476392 49.63196097803151 0.0 0.0 0.0 0.0 0.0 0.0 940.0712950774057 7746.866930827977 88557.07801026321 94545.174435667 55651.28642823705 12555.910087872748 5519.754582461224 38199.89107499596 51887.3370377099 113377.84417965451 118360.96386204966 5598.185509457241 39067.65791194367 7126.815827573551 33783.11249464414 45067.52115176564 48719.53790908458 152450.19009853585 268561.1662067632 53828.38289449303 34625.291986821096 12952.768334176522
-9999.0 -9999.0 -9999.0 -9999.0 -9999.0 -9999.0 -9999.0 -9999.0 -9999.0 -9999.0 -9999.0 0.0 0.8464968912421161 98413.4570405714 0.0 0.0 0.0 0.0 0.0 0.0 0.0 0.0 0.0 0.0 0.0 137395.83199813002 0.0 0.0 0.0 0.0001185128975350583 0.0 0.0 0.0 0.0 372.3257925706102 4120.342772874189 0.0 0.0 0.0 0.46073410658994157 0.0 0.0 27068.92268366569 0.0 0.0 0.0 419392.25542984885 259085.56049061698 879053.9576202307 471128.0946217744 351893.18674820557 243359.20360663338 583692.105338972 211321.3277075158 10982.496629063175 30041.300275086505 354.1973002511758 51497.98058813454 17710.695184540775 56233.21520604486 18316.583281766798 31288.96815322188
-9999.0 -9999.0 -9999.0 -9999.0 -9999.0 -9999.0 -9999.0 -9999.0 -9999.0 -9999.0 -9999.0 0.0 2.1544918357419105 82264.33881171976 0.0 0.0 0.0 9074.2474595249 0.0 0.0 0.0 0.0 0.0 0.0 0.0 187.8016179122922 0.0 0.0 0.0 0.0 0.0 0.0 0.0 0.0 0.0 0.0 0.0 0.0 10371.917669994846 0.0 0.0 0.0 65548.01150990964 0.0 12798.114237698559 10479.760009926946 346178.7120556923 132784.99123653775 291374.47895657545 185344.14892088302 237605.78540086735 703515.5474974345 460514.6592702613 897522.015264011 93837.7425174561 87153.50513574769 54291.42153098101 26375.10958808335 29867.207759831956 55651.53160945029 39278.49621950229 10203.32835217767
-9999.0 -9999.0 -9999.0 -9999.0 -9999.0 -9999.0 -9999.0 -9999.0 -9999.0 -9999.0 -9999.0 0.0 0.0 63190.65642186469 0.0 0.0 0.0 39383.53132468098 1463.7953012073895 1241.4231984172116 188.9026883692965 0.0 0.0 0.0 0.0 2021.420245212752 916.9815657221933 336.50566498919574 553.8543661140358 0.0 0.0 0.0 0.0 0.0 0.0 0.0 0.0 0.0 0.0 96430.218853231 0.0 0.0 0.0 171947.73683939516 68317.82878423156 30113.86657387548 1439.2414725841222 69342.82101458096 318229.66549297347 110026.93811983155 239000.4548964512 393029.5273917497 780744.3534162353 247950.01998882627 43969.97400094392 120010.39318561906 63573.96214254649 65039.28426882693 23562.77277055782 52354.76993338965 23429.49731338989 18132.151209580443
-9999.0 -9999.0 -9999.0 -9999.0 -9999.0 -9999.0 -9999.0 -9999.0 -9999.0 -9999.0 -9999.0 0.0 0.0 24660.350119576724 36630.67466560065 0.0 0.0 0.0 0.0 1083.1622454648068 6062.833055156333 20580.547421602503 0.0 0.0 0.0 0.0 0.0 0.0 0.0 0.0 0.0 0.0 0.0 0.0 0.0 0.0 0.0 0.0 4.13527406718545 0.0 275.8574862978883 0.0 49103.450175642756 0.0 13430.6964272722 18289.587747862854 17303.34396092242 0.0 36205.30905037505 220594.90003073172 259329.6791938752 318152.2188142525 113415.5192834804 111439.77047257718 21538.853723861965 105792.27422257584 48701.34509713655 48802.16840250292 30448.39105482905 49312.62780088245 14931.32127279552 15697.21722002271
-9999.0 -9999.0 -9999.0 -9999.0 -9999.0 -9999.0 -9999.0 -9999.0 -9999.0 -9999.0 -9999.0 -9999.0 0.0 0.0 7840.6331806609305 0.0 0.0 0.0 0.0 5277.216865682116 0.0 0.0 6176.100099558173 0.0 0.0 0.0 0.0 0.0 0.0 0.0 0.0 0.0 0.0 0.0 0.0 0.0 0.0 0.0 0.0 0.0 0.0 0.0 0.0 3828.7527903721934 0.0 7519.7020360403685 28384.96876867307 956.1656258840163 8022.463597798644 9201.968282024003 178951.4783196398 597029.5642176326 262785.91280408937 118942.82702740046 52338.959207985536 69750.16791271366 35833.314842685584 34793.98919430536 3896.0085656352217 8296.87369716135 10662.176268406716 -9999.0
-9999.0 -9999.0 -9999.0 -9999.0 -9999.0 -9999.0 -9999.0 -9999.0 -9999.0 -9999.0 -9999.0 -9999.0 -9999.0 0.0 0.0 15227.943368634178 0.0 0.0 2224.4177866575124 4209.56908748168 722.9161928953677 0.0 10434.544904883853 273.7455756047721 37.413643681532065 0.0 0.0 0.0 0.0 0.0 0.0 0.0 0.0 0.0 0.0 0.0 0.0 0.0 0.0 0.0 0.0 0.0 0.0 0.0 0.0 0.0 9596.349723927473 13914.225862536407 15580.299739703709 287652.5518636117 438276.51047571347 1916098.3227362316 1084128.3762853493 352326.7359667982 35141.09049906898 32428.70608149929 24034.43222071462 9877.350280418867 11336.129060619665 4997.011748655524 -9999.0 -9999.0
-9999.0 -9999.0 -9999.0 -9999.0 -9999.0 -9999.0 -9999.0 -9999.0 -9999.0 -9999.0 -9999.0 -9999.0 -9999.0 0.0 0.0 6155.544642770193 21309.718146089926 0.0 0.0 0.0 0.0 0.0 1905.542489819087 23355.251374498428 0.0 0.0 0.0 0.0 0.0 0.0 0.0 0.0 0.0 0.0 0.0 0.0 0.0 0.0 0.0 0.0 0.0 0.0 0.0 0.0 0.0 719.349924614615 3306.5201227506996 53447.08033776347 300456.49115253676 470437.7230869716 938127.3383253528 701372.4242862207 718352.3867839563 212465.7822140389 13863.685018878543 7838.900387311245 24626.770095499076 22126.050193802992 7698.344493143472 -9999.0 -9999.0 -9999.0
-9999.0 -9999.0 -9999.0 -9999.0 -9999.0 -9999.0 -9999.0 -9999.0 -9999.0 -9999.0 -9999.0 -9999.0 -9999.0 -9999.0 0.0 0.0 19573.000471608833 32881.27023525226 0.0 0.0 0.0 0.0 0.0 0.0 0.0 0.0 0.0 0.0 0.0 0.0 0.0 0.0 0.0 0.0 0.0 0.0 0.0 0.0 0.0 0.0 314.65057980367874 0.0 0.0 0.0 0.0 0.0 108832.7266313003 95469.28613512883 710198.2470866077 499989.26240097237 404991.9509655686 747107.6458487649 504847.4685773007 110538.19064770256 3319.28657150272 41620.265803419854 21138.081723219173 24833.668162501188 -9999.0 -9999.0 -9999.0 -9999.0
-9999.0 -9999.0 -9999.0 -9999.0 -9999.0 -9999.0 -9999.0 -9999.0 -9999.0 -9999.0 -9999.0 -9999.0 -9999.0 -9999.0 0.0 0.0 0.0 0.0 0.0 0.0 0.0 0.0 0.0 0.0 0.0 0.0 0.0 0.0 0.0 0.0 0.0 0.0 0.0 0.0 0.0 0.0 0.0 0.0 6244.783918588719 0.0 1030.8833728028087 0.0 0.0 1011896.143686307 0.0 0.0 986559.7970838554 428287.3139858473 374064.2225000748 281943.04547401407 543090.8085254136 243936.31452170323 502224.77889579925 187.7019569640551 19741.47281371316 19995.24121768457 39036.759265013396 33471.093717783035 2693.016527876818 -9999.0 -9999.0 -9999.0
-9999.0 -9999.0 -9999.0 -9999.0 -9999.0 -9999.0 -9999.0 -9999.0 -9999.0 -9999.0 -9999.0 -9999.0 -9999.0 -9999.0 -9999.0 0.0 0.0 8984.71282097098 10591.76405888056 0.0 0.0 0.0 0.0 0.0 0.0 0.0 0.0 0.0 0.0 0.0 0.0 0.0 0.0 0.0 0.0 0.0 0.0 0.0 2.2207898529075707 0.0 14.819529682127204 0.0 14351.305537649938 392006.02525890275 89884.82869963649 91838.41979122435 20314.029560636107 71914.47709838524 0.0 141997.1325896298 261132.3716154251 30632.309205663543 5856.9224382292205 0.9292949091271593 5396.029875046218 12714.724991507805 27509.602550319996 20443.50364882795 7232.594107293937 -9999.0 -9999.0 -9999.0
-9999.0 -9999.0 -9999.0 -9999.0 -9999.0 -9999.0 -9999.0 -9999.0 -9999.0 -9999.0 -9999.0 -9999.0 -9999.0 -9999.0 -9999.0 0.0 0.0 0.0 2693.8623119189597 16758.73151625384 0.0 29652.250018232593 0.0 0.0 0.0 0.0 0.0 0.0 0.0 0.0 0.0 0.0 0.0 0.0 0.0 0.0 0.0 0.0 0.0 0.0 0.0 0.0 0.0 28577.039959031772 9040.643349738664 0.0 0.0 0.0 0.0 2577.7325483617155 2270.153956023555 349.8634497282365 0.0 509.50187685576276 0.00021005299001681325 1665.6350157723666 2658.081137330875 5339.0995445567005 2341.092022656071 -9999.0 -9999.0 -9999.0
