Model Version1.4/trunk/output/1999/nload_tot.asc
ncols 720
nrows 360
xllcorner -180
yllcorner -90
cellsize 0.5
NODATA_value -9999
[rows 156 to 181 of 360, columns 174 to 231 of 720]
-9999.0 -9999.0 -9999.0 -9999.0 -9999.0 -9999.0 -9999.0 -9999.0 -9999.0 -9999.0 -9999.0 -9999.0 32360.43597561841 722172.7852582232 1074730.915996992 888617.8130938876 941843.3152440999 1554189.46219483 558781.3354957204 -9999.0 -9999.0 -9999.0 -9999.0 -9999.0 -9999.0 -9999.0 -9999.0 -9999.0 -9999.0 -9999.0 -9999.0 -9999.0 -9999.0 -9999.0 -9999.0 -9999.0 -9999.0 -9999.0 -9999.0 -9999.0 756789.8873524409 284717.354660433 299169.098202112 175968.693396232 -9999.0 712536.1815094269 262878.702782338 -9999.0 -9999.0 -9999.0 -9999.0 -9999.0 -9999.0 -9999.0 -9999.0 -9999.0 -9999.0 -9999.0
-9999.0 -9999.0 -9999.0 -9999.0 -9999.0 -9999.0 -9999.0 -9999.0 -9999.0 -9999.0 -9999.0 -9999.0 -9999.0 32497.56143560449 784201.8733273814 1923957.66166277 868671.7691557399 1362884.5819480498 552416.3409693161 -9999.0 -9999.0 -9999.0 -9999.0 -9999.0 -9999.0 -9999.0 -9999.0 -9999.0 -9999.0 -9999.0 -9999.0 -9999.0 -9999.0 -9999.0 -9999.0 -9999.0 1008733.6382568011 2044221.376989971 925490.3474664849 1370254.1564069071 1175971.814025086 1826325.546341649 550334.0226005454 -9999.0 86861.82156231238 156063.73586953402 792307.1388079769 88785.312964051 44934.522590841894 249770.249732799 -9999.0 -9999.0 -9999.0 -9999.0 -9999.0 -9999.0 -9999.0 80766.7872586108
-9999.0 -9999.0 -9999.0 -9999.0 -9999.0 -9999.0 -9999.0 -9999.0 -9999.0 -9999.0 -9999.0 -9999.0 -9999.0 -9999.0 2195058.1801250204 5725454.484574738 2920794.1422488904 2478794.13956721 1030191.42793926 -9999.0 -9999.0 -9999.0 -9999.0 -9999.0 -9999.0 -9999.0 -9999.0 -9999.0 -9999.0 -9999.0 -9999.0 -9999.0 -9999.0 -9999.0 -9999.0 597050.196557954 5573475.409183346 4327842.49047856 2567001.64207462 6791360.130849671 2955828.6945082573 1209205.2388571 6416452.424068744 234936.35173342002 279214.7154319 731530.864801708 892596.53235246 275812.82747778005 355929.56786510197 229530.43227827223 -9999.0 153918.6248258024 2051178.5082667922 11273.047401927299 -9999.0 102058.39395467221 -9999.0 260457.07242345202
-9999.0 -9999.0 -9999.0 -9999.0 -9999.0 -9999.0 -9999.0 -9999.0 -9999.0 -9999.0 -9999.0 -9999.0 -9999.0 -9999.0 2476308.6625581677 5879876.41800429 6745187.523236001 9449688.864192659 1830786.75761416 980752.84659863 -9999.0 -9999.0 -9999.0 -9999.0 -9999.0 -9999.0 -9999.0 -9999.0 -9999.0 -9999.0 -9999.0 -9999.0 -9999.0 -9999.0 1152777.8328177612 3402935.300344091 973195.0574114235 1638082.2634301 2826127.3336594994 6289339.796022092 2226404.35735764 2475964.02928944 1810522.627476966 1787667.243397795 397819.26021442 1690612.428333309 952154.1122356799 6676492.273228143 1366209.7896576999 4297966.559753634 7789761.773988776 5920514.743777587 11526762.489172554 830323.2915300899 127081.442785618 135563.28062944 1343111.2004900577 2056877.33203827
-9999.0 -9999.0 -9999.0 -9999.0 -9999.0 -9999.0 -9999.0 -9999.0 -9999.0 -9999.0 -9999.0 -9999.0 -9999.0 -9999.0 367307.76797381963 2482042.7321043345 1898494.60160783 7797153.851286962 3281029.6383767575 1710689.9145513438 551258.4400967599 -9999.0 -9999.0 -9999.0 -9999.0 -9999.0 79988.984265165 141786.02869236 -9999.0 -9999.0 -9999.0 -9999.0 -9999.0 -9999.0 538295.6731509068 2609321.0046504303 487080.51247907005 635088.1416416198 2324927.9750357596 2598752.4429314802 1587254.23303225 1258533.6917594401 2048918.2064020901 1294138.0115484945 2216867.72731639 1974184.703339344 2326488.2285905797 3109360.5561748305 1691542.33009202 1832141.9531144898 1464569.4400329003 2731003.69252145 1731991.21141864 2057057.2070471996 250702.03189085395 286071.27196216997 428021.91646782507 815912.071928887
-9999.0 -9999.0 -9999.0 -9999.0 -9999.0 -9999.0 -9999.0 -9999.0 -9999.0 -9999.0 -9999.0 -9999.0 -9999.0 -9999.0 -9999.0 -9999.0 -9999.0 373430.642891128 2112731.6650382252 4514661.898576699 1439042.67696341 501605.60844896303 83073.78942850929 -9999.0 131974.42972775703 230958.701037079 1662876.48488684 1958770.57864011 907058.96581329 220075.700733143 61471.831157398 -9999.0 -9999.0 406904.1728751676 1089948.808009489 1650917.246774578 825918.978522407 499790.83292452 1012603.13099808 1831246.6963697702 1191098.3293017398 2503637.24795081 6897039.261354777 612012.47166012 2318922.583541028 4841981.22653652 3561761.2491435003 2118837.06392974 2271288.78301783 1659453.13398485 2847837.59448432 1660718.7306222697 367277.45444781 474581.29016738496 1416223.5601934 1451457.974638523 617300.8187441201 457407.25072609907
-9999.0 -9999.0 -9999.0 -9999.0 -9999.0 -9999.0 -9999.0 -9999.0 -9999.0 -9999.0 -9999.0 -9999.0 -9999.0 -9999.0 -9999.0 -9999.0 -9999.0 -9999.0 523128.3012503701 3048145.173747029 1862329.1398047032 2368669.25970655 1055394.99466491 563394.665828889 1258686.26364432 1172211.6144400302 2771532.978713416 -9999.0 281172.892251688 1076819.61051789 352796.80612048996 97241.82469868001 670382.9936784438 1050767.786397407 3228068.1953296657 1644861.825268233 1146347.325448549 1414036.75178194 2254342.9647518 1422360.9080947598 1044898.6462484701 1499982.97090717 1885463.81922248 5011876.414359574 2268903.733949602 2631839.22807088 1770825.5593755103 3008976.09540133 2128063.38566923 1885856.00628014 1695399.1623229801 1696298.9501380804 840840.60983521 1472203.5514245399 1093467.719162527 1097608.15022564 695024.1910244231 894468.4568692261
-9999.0 -9999.0 -9999.0 -9999.0 -9999.0 -9999.0 -9999.0 -9999.0 -9999.0 -9999.0 -9999.0 -9999.0 -9999.0 -9999.0 -9999.0 -9999.0 -9999.0 -9999.0 23133.9835229881 1046578.016419759 1453227.6617007998 1599580.93580278 776617.4551923899 1260841.62624822 3089407.0932321805 1872163.9684557838 13241.656297043699 -9999 111083.66450696059 590384.4682265901 952178.5167175501 725590.035560204 1187454.83211286 3586992.7592337304 4236664.931497641 2432921.38208956 3323635.80929815 1829161.1475972403 2741604.58506716 3137140.7615389 2264284.0350966603 2046175.4211157802 3352462.6753996103 3773958.9251817567 995865.27409342 1305332.9496765898 845187.98731702 1644395.96260225 2774393.24844545 1874037.46084279 2165196.34051853 2115483.44498708 1209749.9106771192 743437.6872690031 731840.165492332 583446.109283951 742263.41022282 1122521.81443629
-9999.0 -9999.0 -9999.0 -9999.0 -9999.0 -9999.0 -9999.0 -9999.0 -9999.0 -9999.0 -9999.0 -9999.0 -9999.0 -9999.0 -9999.0 -9999.0 -9999.0 -9999.0 -9999.0 -9999.0 -9999.0 -9999.0 190025.164273354 625205.3049598 1957053.9937535631 2655574.936784855 -9999.0 -9999.0 -9999.0 663675.99838887 1335511.29817299 1558483.2988191573 3869299.2393034203 2003625.22556676 4821579.149196379 5082550.00300527 1755402.2576463497 1865130.5554338642 6482714.943294531 3063418.543253445 4315449.2281221505 5654605.06937747 1968795.5653593002 925898.10926709 1174536.81823226 3591955.96860269 3849404.0432773205 1369484.71669387 1411194.022079476 954990.48720452 1519900.12846242 1439674.2220608569 1873183.4038348761 2215929.51862099 1231808.3277467398 1134506.786790555 1031604.7539269261 1573169.27125679
-9999.0 -9999.0 -9999.0 -9999.0 -9999.0 -9999.0 -9999.0 -9999.0 -9999.0 -9999.0 -9999.0 -9999.0 -9999.0 -9999.0 -9999.0 -9999.0 -9999.0 -9999.0 -9999.0 -9999.0 -9999.0 -9999.0 88691.1738261665 -9999.0 478148.100218469 299371.0544294391 -9999.0 -9999.0 -9999.0 60226.8874161686 940500.6678397 3648402.0008811904 3806216.9319864 2308286.79585971 3094296.86423583 3056975.0421644403 2345958.0809898004 1979102.7434876203 4578933.31871232 6695482.82567535 2265773.5712479856 2438788.3529729997 196429.6611134 2218831.00052624 3693144.14892191 1601539.57161818 1629484.6249500099 1925372.16452589 1917796.0398931499 2878054.306744228 2312664.317974134 3376052.917408318 622305.222670492 1288344.993566177 1387934.8526249197 1273696.7368193301 1188358.1644255198 914708.062674633
-9999.0 -9999.0 -9999.0 -9999.0 -9999.0 -9999.0 -9999.0 -9999.0 -9999.0 -9999.0 -9999.0 -9999.0 -9999.0 -9999.0 -9999.0 -9999.0 -9999.0 -9999.0 -9999.0 -9999.0 -9999.0 -9999.0 -9999.0 -9999.0 -9999.0 -9999.0 -9999.0 -9999.0 -9999.0 -9999.0 216375.210958682 788907.7368474301 3587499.179817516 2722658.262625 4724196.83497528 3263241.01523638 2040379.7400445435 3855574.7898010397 2608823.1052488 5389153.801814599 2298470.30357059 2662626.51470849 3465188.7190572554 1123955.9571070601 1422989.14656916 1673894.9280349002 1868039.961586459 1847884.65889852 1857466.6321068697 1484288.919030899 1712651.6999464587 2626992.0546878837 1389049.4171867701 1515746.5204274803 1042111.6021654599 1012365.10885433 944193.8257922201 1060096.2597858
-9999.0 -9999.0 -9999.0 -9999.0 -9999.0 -9999.0 -9999.0 -9999.0 -9999.0 -9999.0 -9999.0 -9999.0 -9999.0 -9999.0 -9999.0 -9999.0 -9999.0 -9999.0 -9999.0 -9999.0 -9999.0 -9999.0 -9999.0 -9999.0 -9999.0 -9999.0 -9999.0 -9999.0 -9999.0 -9999.0 -9999.0 1066069.89128349 1797476.6014493634 2312051.0956184287 13785892.06668267 3195095.75571514 2024890.8071135203 2498356.7394517 3907388.92850865 3533682.3569221 3221475.74038314 2771275.3123619296 1746957.74117014 2412789.27325975 2226489.944843266 1857538.3915181998 4834846.963357011 3417237.75695854 2273283.69486382 2153674.5430996986 3055844.978882616 862359.8168965579 1697362.9740246893 1075937.15916429 1082854.37059663 1131031.97593694 1034017.9322548799 1026085.82124815
-9999.0 -9999.0 -9999.0 -9999.0 -9999.0 -9999.0 -9999.0 -9999.0 -9999.0 -9999.0 -9999.0 -9999.0 -9999.0 -9999.0 -9999.0 -9999.0 -9999.0 -9999.0 -9999.0 -9999.0 -9999.0 -9999.0 -9999.0 -9999.0 -9999.0 -9999.0 -9999.0 -9999.0 -9999.0 -9999.0 -9999.0 1082639.32483319 2504799.86484025 2054367.4511385388 4669171.49530638 4375284.716365429 3791729.8853970002 2531612.0366792004 5342647.791154791 5073138.78612682 3084895.1981859 3683902.3500401396 1509912.4239031002 1733647.2420332101 2095156.803612006 3277419.9157176837 1100053.230841617 1188931.13750983 1847862.0873039598 1649441.8326250701 3148834.4265223206 984521.09777149 1185745.2908214198 1240532.232080234 1211355.66343467 1124386.74370382 978584.6596426801 1111407.93798511
-9999.0 -9999.0 -9999.0 -9999.0 -9999.0 -9999.0 -9999.0 -9999.0 -9999.0 -9999.0 -9999.0 -9999.0 -9999.0 -9999.0 -9999.0 -9999.0 -9999.0 -9999.0 -9999.0 -9999.0 -9999.0 -9999.0 -9999.0 -9999.0 -9999.0 -9999.0 -9999.0 -9999.0 -9999.0 -9999.0 -9999.0 1750965.4744591601 2066829.58185896 1781452.36053562 4470113.472971041 3838338.479446054 4336611.5182635 3997896.75182099 3299683.3776454 3391003.3679585047 4976877.2490965 3178530.6037341403 1661504.9894634618 1328560.486019864 5419710.37577853 1629933.7608642199 1278475.5569976 1573712.03073015 2168480.4601481305 2392266.55184959 1211014.49202713 1125279.780998162 1094979.04430885 1295882.13645441 1120626.96924313 1502548.81329436 1504531.0909156199 1464147.38421474
-9999.0 -9999.0 -9999.0 -9999.0 -9999.0 -9999.0 -9999.0 -9999.0 -9999.0 -9999.0 -9999.0 -9999.0 -9999.0 -9999.0 -9999.0 -9999.0 -9999.0 -9999.0 -9999.0 -9999.0 -9999.0 -9999.0 -9999.0 -9999.0 -9999.0 -9999.0 -9999.0 -9999.0 -9999.0 -9999.0 -9999.0 1601918.50746984 3684909.6805512 6940468.48018375 14034176.14479155 3946499.7015224076 4782262.55527979 23580000.31787058 4221884.2679453 7087990.029999441 2218965.7717599 2341790.612809121 4097584.6310347803 3796603.812262692 1602060.1852006 1622847.5652485902 1767327.14234534 1107459.5652716 2151219.79106655 2799568.5416653696 1164156.5187046397 1179448.63638631 1090741.009629858 1692802.99928047 1363043.9714024898 1486519.6728954003 1471327.1668441303 1500330.26724051
-9999.0 -9999.0 -9999.0 -9999.0 -9999.0 -9999.0 -9999.0 -9999.0 -9999.0 -9999.0 -9999.0 -9999.0 -9999.0 -9999.0 -9999.0 -9999.0 -9999.0 -9999.0 -9999.0 -9999.0 -9999.0 -9999.0 -9999.0 -9999.0 -9999.0 -9999.0 -9999.0 -9999.0 -9999.0 -9999.0 -9999.0 5577691.54015929 1752406.6278552497 10457409.78303619 7384161.65333033 13014762.50801181 7583268.39584006 3555987.989417956 5697353.97795007 4663438.92365355 4727509.79828756 3479727.59741785 1344217.0191421502 1952722.0203981 1844945.98283798 1689687.6674017098 2268983.551858136 2535913.2589074504 2566019.196076192 2517272.0476014502 4845344.54172266 1639775.7354322 1594461.5265218897 1634961.8985545302 1437361.4497567762 1444732.3719427283 1424243.66783358 1455219.65764574
-9999.0 -9999.0 -9999.0 -9999.0 -9999.0 -9999.0 -9999.0 -9999.0 -9999.0 -9999.0 -9999.0 -9999.0 -9999.0 -9999.0 -9999.0 -9999.0 -9999.0 -9999.0 -9999.0 -9999.0 -9999.0 -9999.0 -9999.0 -9999.0 -9999.0 -9999.0 -9999.0 -9999.0 -9999.0 -9999.0 -9999.0 2619105.3900491702 5132218.203182491 15443825.122099468 4936487.799928486 4632123.636870609 5336498.5433953 2405708.561025343 9223215.6511538 2880878.602715071 1219998.8262578098 1778443.94693541 1180301.2060334 1261477.98978023 1313958.30568756 1692140.4582837305 3137520.25834408 3949202.88161851 2593387.87999422 3075417.073205769 2740667.70900711 2021696.48181066 836828.2970828001 1442406.0665079998 1859973.14860894 1501019.87432522 1485167.03618857 2229405.0158609697
-9999.0 -9999.0 -9999.0 -9999.0 -9999.0 -9999.0 -9999.0 -9999.0 -9999.0 -9999.0 -9999.0 -9999.0 -9999.0 -9999.0 -9999.0 -9999.0 -9999.0 -9999.0 -9999.0 -9999.0 -9999.0 -9999.0 -9999.0 -9999.0 -9999.0 -9999.0 -9999.0 -9999.0 -9999.0 -9999.0 808448.4135267059 1029692.18559475 9036929.452702329 15703474.07333471 3202968.82299322 2504949.86647867 3437758.86997414 2804337.3453528197 7153091.984721741 2150114.1656262097 1633758.2299720398 1222892.2278598 1370793.69890627 7889494.813866571 3680849.16250579 3154105.732981348 2614625.8818993 1928079.51682772 2854489.860360903 4001146.4679609663 1794246.5926015598 4236346.07491111 1775906.71500736 1599318.36040389 4933382.37413399 2153199.8641744396 1493637.6342304898 1415531.13632154
-9999.0 -9999.0 -9999.0 -9999.0 -9999.0 -9999.0 -9999.0 -9999.0 -9999.0 -9999.0 -9999.0 -9999.0 -9999.0 -9999.0 -9999.0 -9999.0 -9999.0 -9999.0 -9999.0 -9999.0 -9999.0 -9999.0 -9999.0 -9999.0 -9999.0 -9999.0 -9999.0 -9999.0 -9999.0 656016.72664734 3595577.04892631 2053136.81927915 5699014.0987615 4983574.82846092 3898456.7773748804 6005746.3818048015 2342930.16972696 2419043.4270194 2163027.7871320695 3782573.9371395395 2648691.06273819 1569676.1240812293 2443946.79500197 2662784.1721534603 2095105.9827664 2590696.63931185 2724115.6003593695 2967348.8931251243 1670899.82358813 1792675.2999672303 1668215.90940825 2600247.75118032 1760399.13680598 1035251.7510774399 7090988.694077049 1817849.15907034 1684935.9008680398 1584637.521694418
-9999.0 -9999.0 -9999.0 -9999.0 -9999.0 -9999.0 -9999.0 -9999.0 -9999.0 -9999.0 -9999.0 -9999.0 -9999.0 -9999.0 -9999.0 -9999.0 -9999.0 -9999.0 -9999.0 -9999.0 -9999.0 -9999.0 -9999.0 -9999.0 -9999.0 -9999.0 -9999.0 -9999.0 2096288.467105293 2640460.990366629 1514619.2009173802 7886443.052666729 6738652.811211159 2388645.696999323 3621335.2515265495 2034707.943497946 2320126.4524808195 1844519.93554935 5318670.525047201 2464343.66832847 3091632.08716908 1748007.014409032 2826309.9816556303 2979779.9894734505 2687100.9324313304 3101214.34810236 1885261.580754018 2921695.83271962 3445626.24972987 2738413.9792607897 1892940.1929139302 862815.7328790501 1053729.9237312798 1914977.76368531 8202873.220346599 1504463.8353645 1500353.2219028503 1449583.5593707
-9999.0 -9999.0 -9999.0 -9999.0 -9999.0 -9999.0 -9999.0 -9999.0 -9999.0 -9999.0 -9999.0 -9999.0 -9999.0 -9999.0 -9999.0 -9999.0 -9999.0 -9999.0 -9999.0 -9999.0 -9999.0 -9999.0 -9999.0 -9999.0 -9999.0 -9999.0 -9999.0 -9999.0 2391460.7246929402 1792306.6646233199 4169742.7285971497 4548784.08011189 4118620.471058665 2610785.27785384 2902219.8817893285 2078493.90640424 1970025.0532475603 1815864.8705588202 1975571.84014307 2645271.74539056 6793993.28436382 3546845.53320943 3665203.38865851 1920572.0057228399 2026198.4021089901 3717218.3130898997 1968259.5815366101 3118472.57232882 3789107.81784539 2667511.44820139 1845827.52756182 3001010.52350592 8897695.0149478 6929411.691965469 3400213.12004417 2448707.7682175203 1484029.9421797597 1339531.61690462
-9999.0 -9999.0 -9999.0 -9999.0 -9999.0 -9999.0 -9999.0 -9999.0 -9999.0 -9999.0 -9999.0 -9999.0 -9999.0 -9999.0 -9999.0 -9999.0 -9999.0 -9999.0 -9999.0 -9999.0 -9999.0 -9999.0 -9999.0 -9999.0 -9999.0 -9999.0 -9999.0 1104440.7516202908 2184884.7507688003 2883208.05095053 8133298.791615307 6125893.264900969 3462696.29409357 2485964.38436133 4332229.95196679 2111466.87494428 2309741.07788347 1685273.68041469 1323431.313990279 1556717.92353269 2439044.0396419503 2283466.75033676 2976052.0313692703 2822808.9797742097 2268308.9804904102 3989623.5324942507 5547659.0365417795 6024749.824519719 11157329.649259029 9966074.802797988 5591281.0918578 3714325.41062604 10553959.38990299 2298412.513235275 1431923.1697476404 3073146.69565167 1393086.4839561197 1514286.6663570402
-9999.0 -9999.0 -9999.0 -9999.0 8592.64318537849 -9999.0 -9999.0 -9999.0 -9999.0 -9999.0 -9999.0 -9999.0 -9999.0 -9999.0 -9999.0 -9999.0 -9999.0 -9999.0 -9999.0 -9999.0 -9999.0 -9999.0 -9999.0 -9999.0 -9999.0 346274.118721628 1407416.31598552 474749.74766335 1958360.57697884 4904408.4237429295 4138226.2712780256 3070337.8252714947 2548177.6817101096 2016336.41727248 2268234.72973595 3017383.4319718 2731215.19198158 2458831.3630607105 2676211.656830066 1515481.7259365 1361798.0610112299 2798136.345804057 2179064.36862611 1999663.7585341597 3692943.4048740896 1923130.82178369 2670875.84303567 9565796.349014899 6930766.818773699 2721417.2186438404 3888268.73589216 3878787.691375 8014186.861811699 3407543.35209177 1442032.4239045798 1544932.80108546 1274326.74785078 2329466.8160279198
-9999.0 -9999.0 -9999.0 952.20787598801 -9999.0 19462.038206894336 -9999.0 -9999.0 -9999.0 -9999.0 -9999.0 -9999.0 -9999.0 -9999.0 -9999.0 -9999.0 -9999.0 -9999.0 -9999.0 -9999.0 -9999.0 -9999.0 -9999.0 -9999.0 -9999.0 464163.795635809 1702606.8681308802 3574791.2508923197 4373118.0219319 3813920.578990594 2652474.930400537 1893099.2665855 2185896.2983877505 3125791.08509644 3166355.3515632288 2685501.922210958 3151652.189643031 2708608.801482483 2475855.87894415 3596928.1530566826 1511317.31900782 2214696.4262954122 2719784.1769938297 4161636.785584576 3366030.6095606103 1620033.9912068497 3125038.88279321 5044750.795615911 8876882.661359891 9323454.74903406 7801850.067731621 5735917.02596878 1906034.7669819202 3203317.5233952594 2017861.12995443 3588400.52908949 2639575.07127809 3127313.78277743
-9999.0 -9999.0 3892.9652573990998 41307.3133316448 3437.3346489042 -9999.0 -9999.0 -9999.0 -9999.0 -9999.0 -9999.0 -9999.0 -9999.0 -9999.0 -9999.0 -9999.0 -9999.0 -9999.0 -9999.0 -9999.0 -9999.0 -9999.0 -9999.0 -9999.0 -9999.0 556052.526349083 1989902.7211321 7734755.9965677 6483846.50400211 5677953.88810244 3297498.12957552 2614972.18583612 3732365.1343989996 2923984.723752189 3448586.9547118 4890217.67888718 2792969.89505313 6154989.74565755 5056503.560439281 3604502.31911004 7879219.808096729 3519907.66733119 2503459.20683525 3217747.11130426 6833415.059022259 5935394.9523939695 2642300.66310294 5154423.4082877105 8463481.28507374 2976180.25655817 2897408.55609199 3518036.423843244 1531236.10398838 7020102.41056976 16498753.608008001 7497312.909352226 8165788.8778619 9320137.03415102
-9999.0 -9999.0 -9999.0 45317.681046156096 3924.687799666 7449.4514245347 12316.6357546159 141166.36251663615 -9999.0 -9999.0 -9999.0 -9999.0 -9999.0 -9999.0 -9999.0 -9999.0 -9999.0 -9999.0 -9999.0 -9999.0 -9999.0 -9999.0 -9999.0 -9999.0 723057.7074984696 1785989.2531544839 1546661.2573922 6721103.09339434 4845678.479075771 2270400.806212892 2978263.89260496 2693431.35258669 2596515.4880340504 3277607.141768612 4274993.86275823 4789968.79128645 1463849.4020466 3860777.94283523 2220597.5945967096 6992286.20440239 14706689.714665739 14320437.64489345 10454961.08890519 3691497.86206302 6811250.0685254 10532313.305538071 3411394.1962847207 5394963.0637673205 9081614.44338055 5951314.910576701 2606900.98954968 1714762.97293362 1884108.12465059 1947410.50686382 9141938.641998421 12470310.333855951 4888756.798440839 7574856.269076549
