Model Version1.4/trunk/output/1999/nload_fixed_nat.asc
ncols 720
nrows 360
xllcorner -180
yllcorner -90
cellsize 0.5
NODATA_value -9999
[rows 78 to 103 of 360, columns 354 to 412 of 720]
17949.695210471567 19369.005858915545 6848.280037114466 13374.362774339697 3950.8777189589828 2543.227984935366 10074.52895309579 2770.491233021378 -9999.0 99884.66555912315 89467.70968395619 163283.24151214655 192455.9443137544 72525.4372362793 282648.2027473208 234970.48653849578 90414.41391045571 134685.57681407893 492153.23488998105 105362.70937782766 112412.42798987421 539035.8209257798 576580.9808184372 450390.063844074 547021.0412910787 322434.1180864094 290550.3263211626 325761.9779585114 7201.17603453976 0.0 0.0 208864.23360972744 558380.7419226019 398303.16010778473 75569.64618264892 192452.43586424502 511558.0255991279 503704.51057531347 374803.0818814547 163830.11227886702 2022.939574704732 0.0 45135.8493514797 35395.1583808188 7486.309437970774 25285.1451991022 0.0 31483.7266399459 0.0 0.0 0.0 0.0 0.0 0.0 8243.276833595515 0.0 118156.82445100862 0.0 39356.123912794494
-9999.0 -9999.0 -9999.0 -9999.0 -9999.0 -9999.0 -9999.0 -9999.0 0.0 170729.99810557667 341723.54783458245 142934.22870091972 51517.64267612689 115809.63759031425 337208.89149608207 396272.3572501821 431804.92113908596 775139.8506735908 674164.7798054755 533853.4764643852 263062.30482069287 316502.41923690465 220379.60526763686 43572.03410323515 546475.8834019081 303559.07193014 197480.28763325646 155125.30925526988 175755.14645094093 308062.3589340708 639572.9632301015 869017.281637713 0.0 0.0 0.0 983.8296806851803 0.0 25111.415248744834 335650.55737794045 606034.947614439 753388.3952139968 42138.09705469385 4747.944080524593 26518.70566750815 11518.127957681156 0.030391715638110488 1889.4447822588265 0.0 0.0 0.0 11416.967989311623 30765.813037228003 14536.787109574356 109183.46741479963 22141.92358218425 0.0 47226.33869133052 0.0 0.0
-9999.0 -9999.0 6499.106244853899 13156.30371520048 -9999.0 -9999.0 13403.850436725554 17935.334041858936 182646.39817724616 208292.60877347962 296839.7230263514 132889.5220014773 89291.6817990171 249558.7289519267 271597.6339341203 330168.6718388983 536751.0636200719 369838.3796231598 247797.4225539845 307328.3438098764 273961.1250938302 168315.93773370702 5511.470775424773 334338.4401282387 118543.52300103634 213017.4662575455 79404.65703773392 186860.42155941392 364588.25577651034 277647.2530346324 590046.4756257538 722815.6118854149 266919.52311019145 0.0 0.0 0.0 84557.91778247582 355049.53883505025 425084.8532429903 269143.61607113446 163595.03344624132 175163.6197145303 160919.34450611213 219307.26715768257 369376.42472895177 294114.2619659969 242321.747555502 130810.26660629096 92411.93615243208 14572.225966071517 114544.93869315533 125534.20863981037 0.01584640083190058 36493.111329674044 114295.44259795228 14590.756037576428 0.0 0.0 0.0
-9999 2221.4775338939457 3897.604470860301 16863.362148875083 42833.052503599974 15377.482226515252 22944.75382991932 84433.46326412063 33989.143751081385 0.0 68577.34159697211 21435.134093065542 70273.98404670968 159857.39579186845 176810.37211895038 325320.3184212212 296755.07456519606 233256.04755544398 29599.262723386313 73275.75097216519 91815.62256817575 149847.10018081017 48286.44458301043 73440.6974719482 28130.17750756916 113090.51215401675 188833.537832502 165747.90685869093 69410.592055216 351429.7368006842 445414.98588536895 995645.5720910621 979883.6739588217 415349.33298120665 0.0 0.0 0.0 0.0 466871.6015797875 189352.99329622253 51644.326232299325 156470.78939873553 710266.5342584202 447982.58205964934 394200.9471446456 343636.59651484084 397235.55620804697 471308.19911104505 327725.68838199734 135125.2430767264 544190.2119596517 379645.3492887987 241029.47833101667 68180.99727751043 0.0 24667.961442632055 278.05133128493026 0.0 0.0
3039.8552021957025 5079.57598909191 8298.5335389498 54708.38497244965 151690.57633141763 147825.77210975406 203107.07876678748 254649.40523487914 207667.98036243877 5404.217322074662 22534.002392612034 10020.910282862174 55723.81671814017 89654.03856101602 341383.20614045666 221086.45830275616 362208.3219029774 238154.39124614195 27898.99936413796 45363.98598276488 201407.54184461044 0.0 305791.87812626385 265129.9949500995 122511.43738191047 319463.6928654047 191829.79568698956 157601.29063787288 155707.73434624803 135736.85475353507 132283.14169392403 233767.02880810382 443675.0141277047 869282.6496476576 642833.5631522862 0.0 0.0 0.0 0.0 9179.57811487212 35227.4280734946 206671.55699330205 342314.16488079156 532375.4751346129 664394.2358120792 835067.4085325885 796337.8526603342 471811.3012746762 95325.17102176878 152465.91853273642 259870.37644981645 726501.4878337871 663414.7386116523 503784.39658996 241576.55414372872 19342.56381910568 0.0 0.0 0.0
99592.34140433314 88697.57528798061 23485.947564647708 51790.616711010385 125137.87830764746 182774.91513032996 248898.4603405468 411684.13540278276 137691.5387428367 85736.26257960511 59733.262096391336 61690.73325013052 70633.99009234177 96753.64177998304 322693.1456380776 284331.3364063952 325620.69233420433 115901.06847801787 52205.182185921156 585106.9234026503 554788.8122147665 218594.67914979512 915329.4011237498 249015.30130342641 505531.6504463377 132871.65350522182 86538.3100197298 242391.85493331967 215712.34983675551 214226.65338806467 219727.53371147942 207552.65181765446 92892.6301707884 101410.02198878731 30672.213607676633 237250.94443115636 162739.45675122426 41714.50302242687 11627.823979084164 104.33593758505458 135976.53295278185 0.0 8183.396405875246 99710.80670830244 54782.87339952447 0.0 0.0 0.0 1088.7330195942357 6651.278850291761 5589.315202051573 11399.38305869351 332610.7033856532 640912.4915218714 510160.9150469356 368021.58576503105 171126.076606141 0.0 953.9231334393022
69992.41184440174 112623.52577003257 58998.01911840965 51007.90579443855 68485.56542840702 194444.6955169824 193879.69574394557 0.0 109065.87489148896 0.0 0.0 83764.31449517579 224371.86587824282 377369.7772417818 322897.231269621 301128.15884591977 279955.20187484176 127306.82637698889 284018.0798432279 499151.52042882785 157296.52562226064 392384.19450372906 607399.5196983453 318088.0310713921 251346.03306551886 94729.92166546966 350301.15610312024 371744.64034776244 388038.5472174207 494301.12539828045 496053.24391827633 479686.2668805546 351991.7056758697 405280.49140170845 428901.60757464037 578373.8158325618 658984.983056403 671910.831665543 206298.6261280384 0.0 30870.532840152264 0.0 44000.3799681446 0.0 9675.008794844223 16195.483253668335 48109.95120608002 7212.418468782359 51590.45751744388 5382.070416473639 25427.307145733696 2433.15831899268 117779.23256068492 407905.40094346064 587283.9574690261 594266.65620021 525631.2136394822 307989.11017717875 0.0
-9999.0 58493.70554371428 0.043939463633519804 0.0 4812.692138900824 35093.02046130133 223495.0551782827 92866.38772001321 162625.8503353022 0.0 360050.8090694913 112785.61096270973 149608.97355288212 318110.5956495503 120372.73917475632 192202.86076544918 136041.01937652405 239231.10339429666 408737.6217970864 373865.477364481 288134.15267647227 164919.49411653806 134789.91421503556 351924.5791699421 332559.5647173768 329631.836710654 228355.96459225507 90814.93043099926 302272.3934224746 653632.041313437 472257.94169242075 485803.8545408133 531731.445522915 528136.2063332021 614099.1977751355 677048.4237649546 673902.0786176337 474770.5269902716 64527.342888292165 39460.658155465964 20615.93255105958 0.0 9869.69602479463 3837.33060347404 600.4484414331646 8746.21223191776 2605.087927319358 34403.974854236 37894.366336064995 27879.017247482785 71873.39444911173 69023.45837619487 117599.566704316 224221.03251478524 259614.82673049942 341611.5381021025 679803.716904771 814212.2320883101 107680.02273679615
-9999.0 2914.241422169178 77449.97691509637 64373.1959016559 181670.56433681265 113879.30778369334 245619.61014124806 364926.8631579559 415603.91975296556 257237.0236758772 285331.4623789292 160729.25041336557 24070.343719911136 109390.31736024973 203130.91600741821 110876.28717187741 175309.05906894946 409406.49149286514 317268.4173891252 116548.21736981478 209746.86745872765 323279.2406536475 59091.68304107428 24893.387742236795 33843.947196219255 35310.14254309103 982954.0828037327 19900.39002380166 138741.83884136582 204450.42560613196 125904.49824926026 331260.9435821435 427789.74592413707 524087.118400677 621044.9858312621 660484.2039759797 533287.2807463972 109860.95889017067 46128.39678722326 6224.528889159252 0.0 0.0 12850.238892037985 3846.4541508118814 88322.93632241104 0.0 10126.048982165374 47473.730776017444 23451.418437798457 45550.45891691289 81126.24862560994 685230.97109546 601342.5761629546 52851.87064548738 53163.62894559038 203636.12050357135 370770.01963041374 595404.971261428 396183.92986629496
-9999.0 -9999.0 374.83907654269797 60702.37477551101 179598.73332125388 266958.5416274962 18.288740257799226 215790.9006839998 278400.27072771406 321100.14384347346 193087.93107198548 143964.9831051705 32268.46827066984 119775.83669899205 191527.77847028524 159311.93157715362 188462.87821807875 474962.799308865 336354.7059709132 446672.15770055365 97981.68223168307 20500.466067529247 48329.05571858589 318606.29171253927 171963.09394238133 38890.46655378271 50243.60414021735 23730.792107598558 478563.6415501839 213284.63299180134 197348.05597744285 227649.42184594154 156463.07101790103 315306.66523864924 437368.06392033165 477615.96034626616 451287.6101111181 294992.30625651305 80307.1106339526 26230.926778940928 37455.865219788364 2222.8866227450294 14406.912943818155 7574.697615480603 30126.12779623979 140011.86130059566 0.023781659738372717 22946.189596385004 36584.74346157306 77705.57530075301 173442.43846346205 428715.2188888865 448307.9979180377 25985.146331049076 0.0 19134.618087931598 128804.85617292205 296643.3561668303 399435.79533029435
-9999.0 -9999.0 -9999.0 17891.85080163356 83826.19687860362 228588.9533350854 305834.78593609075 211205.58260124558 157440.51312942954 712806.8138953252 756043.6766224874 565648.7602015098 169385.98673830694 530783.7016125582 124709.7723882352 155395.02619993247 72537.1588319683 452927.8159671629 484091.2331908729 209788.9645505518 42761.79182267268 99938.8865003987 434329.76035448763 143347.17497664737 156875.81307058156 253123.43619965157 335621.8844320137 341095.1757386607 353307.61121487344 243513.47392487654 21246.266650057223 4699.913417889435 675.9205561159399 146276.86407898238 423963.0212964529 473568.6636549254 324325.20328527567 117762.7759906107 67176.65780754964 92391.61165004832 76915.22141126462 41883.4285854757 3722.9727185858924 3449.683414760986 0.0 0.0 6445.62054481179 31005.87509529505 110706.30058235148 0.0 466729.35563448316 549281.9078840738 295762.7393718988 469280.5057158961 231728.98089548494 97691.86025301047 280502.73843457055 144640.92109190725 432070.04331837286
-9999.0 -9999.0 -9999.0 27059.452728929704 68209.0811728375 109964.15963169906 109070.89545833341 0.0 343622.2838100827 0.0 623213.8743109227 485951.3654068624 560210.1075516868 678170.1136877643 532843.2516851497 88609.4230734055 127732.86565489766 634468.8323453281 256333.21534726396 191348.783986028 361407.2498054634 66608.94496003637 0.0 0.0 0.0 0.0 0.0 16910.219546768505 0.0 0.0 1056.5267319535596 0.0002527011728485494 -9999.0 41770.92658054701 174432.97703343222 259510.14165865874 424452.0661162446 276607.3167741459 389574.164876427 134736.0653109076 99927.81805167429 75039.76967921999 12955.006783197323 4414.231748326192 646.2727684521973 1866.3341176899185 0.0 4622.344938297329 0.0 214853.69754810695 432798.0084766016 614965.0767399208 438965.0286103114 621781.6074045465 328490.80408398213 377368.78766577924 417948.25644783484 408502.5352975146 62235.401780558386
-9999.0 -9999.0 -9999.0 34471.25488023359 194511.10701733365 35212.83272938181 52191.324970610374 0.0 0.0 0.0 379797.49244749895 437099.06853882165 674332.180680378 752558.3520357236 751526.5698352888 273471.87938847137 507323.4243371622 439306.03608050966 257750.6867882654 259560.3430624984 297758.7225935727 0.0 90671.11286990196 178880.01104794617 395098.5775584893 267735.82946160145 44612.93029929056 3282.06591540909 2356.990383295992 0.0 3755.2258660268353 -9999.0 -9999.0 1560.822144484732 19524.564400100135 33029.274641720775 226626.8346794313 245178.99005857806 269278.2083513458 230788.48426680954 248629.57570739655 92633.87534103541 68733.87196500847 24371.596261278773 8870.458215368757 866.3109755001166 58.834139224352924 0.0 459.09389557266724 163078.45723981407 191589.21519274134 21413.72916190276 0.0 3352.805687858592 22342.480987889416 50567.42394210328 57642.22931610594 16728.62398885533 2504.7361852641125
-9999.0 -9999.0 -9999.0 130308.93084233778 386183.92325950554 246546.67981388437 140185.75610132373 27361.207642822224 21811.164330292486 0.0 241953.69720627068 327924.7027278928 669668.8902674369 812815.5095308019 477514.2995472233 139992.1945759243 371728.3942458282 477157.2702636519 485729.9589224361 439107.7432832933 335648.25621413207 398749.6128468711 398259.7423626051 57155.0730912299 148995.39215335282 275859.2397618134 525141.2324141043 341835.34673276165 26691.856195514225 65885.53295981433 913.6290280303898 1783.1934418710723 -9999.0 -9999.0 -9999.0 -9999 144533.489689474 195221.01611037774 264799.01422245626 347448.2222618839 413328.39276048244 431841.6602325012 539046.8024447276 381491.22344058275 418341.3543902545 262905.1558722106 54121.58665250869 0.0 0.0 144774.86318561193 31.064754207617742 2798.1918833188925 49403.20876141849 43006.50364464342 21666.580124155742 14254.012893511846 11252.922279125269 20373.19715091627 21143.468253745323
-9999.0 -9999.0 -9999.0 60885.21519062819 53613.2099081566 0.0 0.0 15433.056918656492 18682.25596642712 63341.43189983366 197590.0732167188 158515.82063319604 247277.40514443952 494671.5529571983 100795.10136288784 47785.48914952891 258026.2843266029 390377.3069823084 584091.4201467412 537161.9410217146 276341.04341162497 102817.98875444481 0.0008895776404816794 -9999.0 -9999.0 -9999.0 61494.38664085781 85277.99558073338 158891.85118516177 0.0 14845.073856259321 24639.88185020281 1060.0403330487889 2276.54622502693 -9999.0 -9999.0 35777.82793048424 160305.7461693228 102093.57436685868 154755.66725051086 163361.30687281393 347745.02204510494 330291.2191613847 500974.29250126367 568816.2447646887 399116.75741234835 365696.0656134567 90639.04175573283 0.0 36941.04294045955 2885.3456139402156 38828.113501761 11104.167586083293 23971.911632439864 13122.692416667014 21275.360509288534 39747.5500448895 23275.502118292516 15326.74340835162
355257.3197793849 267949.3403494879 290384.7216640337 246551.30189780812 87772.68801708735 13637.224479730223 0.0 0.0 96942.28804965146 32298.688506955907 431419.43294744514 454438.3767181444 74925.84731024665 6500.819348980014 15245.037231190052 25464.003544395728 24851.569938248285 307652.75217905466 399207.0016921602 111758.71238514506 -9999.0 -9999.0 -9999.0 -9999.0 -9999.0 -9999.0 23.725519070255203 0.0 77497.97817117261 31271.339342457708 174021.14339359046 205856.7213444889 102881.60032047877 1133.1707692233838 -9999.0 -9999.0 -9999.0 -9999.0 39611.55416446334 57950.74715347738 130317.18937383921 125236.72977650589 201516.51868641438 410783.6266204802 401832.52710078825 492324.1951965555 508058.81794011383 296204.75161385833 0.0 13573.810240495974 11245.38979115455 43299.34599901097 0.0 54099.62573287125 20491.670558219168 70329.10501555476 66052.33093344267 35637.603000855175 17659.529770115972
141380.87003130242 219599.092179422 74794.5689158662 256768.31160224963 379868.8587642147 344298.22980498255 570899.1071387185 413737.83266664075 445686.2160755303 537591.5226220541 802548.9964933629 414131.5836018965 16825.354677763546 -9999.0 -9999.0 -9999.0 -9999.0 -9999.0 -9999.0 -9999.0 -9999.0 -9999.0 -9999.0 91946.29525140351 357173.7538762071 -9999 0.0 23851.479751199186 22842.8230959346 167702.67102780455 77948.03749539125 27601.454299590325 515211.5808880084 64656.7599763053 324.9785926191889 -9999.0 -9999.0 -9999.0 -9999.0 18444.939307665438 33964.39267662708 50224.37499721896 134465.80608762603 370673.2366407342 377128.392832714 530114.5064433439 418117.9680231788 119900.20694045546 195844.38429149412 75625.36010802457 0.0 0.0 279514.7470036911 0.0 58079.61452899463 227056.04092567854 199296.5103002479 36505.71942340086 32951.52052601765
0.0 59260.69448214274 2635.4443007185378 22182.211326351113 69591.40469944134 112926.94787948826 123766.89734704947 305120.86854242673 344272.88164265064 348719.2594792887 365124.8321783687 271021.67622187437 15004.963466103136 -9999.0 -9999.0 -9999.0 -9999.0 -9999.0 -9999.0 -9999.0 -9999.0 -9999.0 -9999.0 475938.47965617926 562232.4001576959 4431.696982802336 -9999.0 -9999.0 0.0 20016.58274165777 7184.232466415917 197907.52811109286 342760.5904908501 295435.6612084492 44096.87458808194 0.0 -9999.0 -9999.0 -9999.0 -9999.0 -9999.0 -9999.0 12504.294796084789 124589.54864576223 215298.96335749264 485283.38533262664 475436.0404012625 329515.5036328441 150464.60175963494 67493.32744959801 0.0 0.0 499406.92809608916 580439.6049131586 77498.03963444299 16196.81729396404 122977.21742296066 23352.486324915273 218511.5328387314
141597.91562618274 79878.65437166626 52261.8777722216 5313.259894787909 26997.413387819342 7877.018593908429 8136.943456625672 15585.590079505326 63996.639486685366 156527.0178238322 219769.27509667838 163593.66435466634 940.5929463764232 -9999.0 -9999.0 -9999.0 -9999.0 -9999.0 -9999.0 -9999.0 -9999.0 -9999.0 -9999.0 305538.22784210596 522686.7609883691 -9999.0 -9999.0 -9999.0 -9999.0 -9999.0 0.0 27290.282570652846 197376.39470535624 171973.26621083307 273887.933361912 33880.034005062524 10723.979997644748 138176.98601434813 101348.37690262827 -9999.0 -9999.0 -9999.0 -9999.0 -9999.0 25650.88893809907 311591.69589682156 463152.1224578213 592552.1194578987 390869.3847925872 70000.13017347833 64807.46827006514 0.0 490225.1194618865 455153.099558472 610399.9244414069 651048.3243334191 290714.69425280095 282681.17549938493 130307.17221476449
22220.541680286584 59165.83511597125 55793.115312786176 8255.751425667308 0.0 0.0 0.0 1296.0046192621226 28369.770132713376 42569.40975297797 8601.921488359243 -9999.0 -9999.0 -9999.0 -9999.0 -9999.0 -9999.0 -9999.0 -9999.0 -9999.0 -9999.0 -9999.0 -9999 14368.93638083696 116917.30700865558 397.64957594506626 -9999.0 -9999.0 -9999.0 -9999.0 -9999.0 102.25473112723658 42023.36472689308 126419.75577486826 263511.75366246264 130133.72935964934 40078.12484222926 0.0 208.378004573015 0.0 2288.905968147255 -9999.0 -9999.0 -9999.0 968.5990292171548 167962.7947970825 442729.2831914737 442431.38112266513 116797.1299727597 171305.43759767662 0.0 96230.61530952265 138910.5879447112 378165.7459387793 351755.20574862376 285157.837258389 340751.34280963225 278022.78485272906 127577.50414586505
0.0 313556.197390105 461317.85110740975 58431.27900957756 0.0 0.0 223098.958297125 84736.52525773326 -9999.0 -9999.0 -9999.0 -9999.0 -9999.0 -9999.0 -9999.0 -9999.0 -9999.0 -9999.0 -9999.0 -9999.0 -9999.0 -9999.0 16195.927772127514 105676.63412458764 366360.1808722809 72863.6024658553 -9999.0 -9999.0 -9999.0 -9999.0 -9999.0 -9999.0 -9999.0 -9999 2796.509405401718 153742.9579632357 213597.1008797658 129955.56506538043 61128.784249633565 0.025920631381536052 2809.3445756983588 0.0 380.71767914533456 -9999.0 468.40614663911686 147415.88239713933 337346.2330340733 316726.26623412356 70511.70938598737 271944.35410232196 71433.47630628281 5580.02332910052 90919.58244482185 36975.31808553423 32732.89328788323 24247.45890219638 10919.731585830663 12319.573074461628 1313.7895143496073
0.0 23125.214035576864 381186.783943315 116252.81355375594 364459.36972413963 192813.9043143621 0.0 -9999 -9999.0 -9999.0 -9999.0 -9999.0 -9999.0 -9999.0 -9999.0 -9999.0 -9999.0 -9999.0 -9999.0 -9999.0 -9999.0 -9999.0 42056.594981243645 177930.3094542499 311436.73765735864 82185.79451888063 -9999.0 -9999.0 -9999.0 -9999.0 -9999.0 -9999.0 -9999.0 -9999.0 -9999.0 -9999 200097.47031604726 219925.05679910735 87585.4503805568 4912.62803400822 0.0 0.006141779385054565 0.0 -9999 32102.41384226596 283692.3698937151 379930.29000305367 470655.1026224748 113523.89860863185 239100.86202288064 245438.8572668249 5826.462665438741 15940.360926585543 64665.963908814614 30166.695697832627 -9999.0 -9999.0 14121.190181983713 3054.867837132917
279.36107334547887 0.0 0.0 0.0 100437.87936532425 0.0 85.48574555493742 -9999.0 -9999.0 -9999.0 17832.444899527312 112653.41082756236 7623.067230804475 0.0 4961.4189410095405 -9999.0 -9999.0 -9999.0 -9999.0 -9999.0 -9999.0 -9999.0 12057.005524341797 90975.26142918639 229743.50115659632 54656.78899790093 -9999.0 -9999.0 -9999.0 -9999.0 -9999.0 -9999.0 -9999.0 -9999.0 -9999.0 -9999.0 -9999.0 82767.52656026054 155978.82771163635 26280.58589772216 -9999.0 -9999.0 214.90030970355394 -9999.0 -9999.0 90237.13370640841 287609.19323515083 356074.4494563918 370468.6022394367 117106.91135807696 83927.35630668714 49951.26708681634 7590.500172204742 735.067017852991 -9999.0 -9999.0 5698.708478454829 -9999.0 45205.67015194514
0.0 0.0 0.0 0.0 1960.228028229836 0.0 -9999.0 -9999.0 14832.731454825003 0.0 -9999.0 0.0 0.0 -9999.0 -9999.0 -9999.0 -9999.0 -9999.0 -9999.0 -9999.0 -9999.0 -9999.0 22265.4944551576 111802.03520133864 56193.69692763851 16295.337385926894 -9999.0 -9999.0 -9999.0 -9999.0 -9999.0 -9999.0 -9999.0 -9999.0 -9999.0 -9999.0 -9999.0 -9999.0 341856.35957530723 179650.84873272167 493.8782794259506 -9999.0 -9999.0 -9999.0 -9999.0 6406.8458775618155 148402.2863267018 225462.12838324165 276487.6061835409 213690.38447884325 187456.97105994675 169189.72019899066 65126.01009283322 16964.538863155427 -9999.0 -9999.0 -9999.0 36236.39319124522 153206.503022523
0.0 0.0 1199.8056544999693 95161.0806816762 21549.473092997974 0.0 15239.986008444968 -9999.0 0.0 14193.126238615117 -9999.0 -9999.0 -9999.0 -9999.0 -9999.0 -9999.0 -9999.0 -9999.0 -9999.0 -9999.0 -9999.0 -9999.0 -9999.0 22046.697822830294 -9999 -9999.0 -9999.0 -9999.0 -9999.0 -9999.0 -9999.0 -9999.0 -9999.0 -9999.0 -9999.0 -9999.0 -9999.0 18538.515684377297 199465.37714027183 16042.917271664342 388.9436045673277 -9999.0 -9999.0 -9999.0 -9999.0 -9999.0 -9999.0 129007.88426636154 315176.1705060118 253923.75917289362 204221.75028471395 190169.6304133451 75269.40333418858 38129.4660175118 21336.503542463124 24853.40371429319 -9999.0 0.0 55716.86293719569
34642.88655136995 0.0 0.0 0.0 0.0 0.0 -9999.0 -9999.0 -9999.0 -9999.0 -9999.0 -9999.0 -9999.0 -9999.0 -9999.0 -9999.0 -9999.0 -9999.0 -9999.0 -9999.0 -9999.0 -9999.0 -9999.0 -9999.0 -9999.0 -9999.0 -9999.0 -9999.0 -9999.0 -9999.0 -9999.0 14117.300295390825 15426.845850042226 4909.544229564062 -9999.0 66579.52019560302 139305.34783053125 165676.3795135035 50293.57641429368 3615.1459936789324 -9999.0 -9999.0 -9999.0 -9999.0 -9999.0 -9999.0 32876.34090953655 151655.62956683908 30637.490068393396 141349.4921025728 89893.50233355054 62628.14780100736 109981.33066135384 53887.33235722119 52305.51015710604 0.0 -9999.0 3353.0003415974907 33195.53975245425
