Model Version1.4/trunk/output/1999/nload_tot.asc
ncols 720
nrows 360
xllcorner -180
yllcorner -90
cellsize 0.5
NODATA_value -9999
[rows 104 to 129 of 360, columns 116 to 173 of 720]
2903119.0030340096 2608998.661777601 1725639.90694422 1516609.4317917998 564696.896640371 594229.76665885 448597.31236215995 479513.595352488 166623.4579248114 28554.400318138003 10441.982153676001 53515.1222831871 29219.527527029997 64180.64225428742 27487.7084285089 24560.358183283 69057.86408109429 405010.060997864 657405.47413039 300294.383650875 203685.17880444002 37584.640154403 31875.855281466596 726801.7895702549 312406.3445670127 759073.6230598101 459295.17663496 585800.662616733 483093.550702209 494692.91825976 392994.180205674 686309.9227539389 173644.53891983547 290023.284415837 191115.38372550998 41066.524625508006 298876.45909891103 60076.696968035 78425.205155872 132359.525403073 2781378.0580686824 790988.0654474031 589192.860984627 662904.054907487 1108704.286263419 1203211.430817612 2498975.899966472 4613971.700918697 6090625.7936419975 6364728.684829 10972040.897960871 4042514.6721638395 5688329.618100139 5497378.267915221 4972720.480140135 3331032.72802564 3750439.2936373604 3426026.4057239504
3770911.5847404 1828960.276132 1126048.897569682 1618545.246005546 1419226.6098244 571624.2819903201 595779.8535257301 612414.7204016619 148327.710103964 42326.85311707 23876.242626900195 40258.0704590646 34894.35305289166 61885.1928273575 26355.510991465002 27821.608022499997 1074118.348144494 341294.839333588 378233.49623940105 169791.71094654303 56884.001104523006 54645.7851954 189480.70577878298 175956.165305343 856850.4338122449 959686.168272568 441619.72516979 680929.695135695 686220.71186433 269225.278237493 414874.3843573299 521437.4280803 452803.12868023996 390134.14274877 74339.98274775001 137410.11534979002 83711.473728752 84581.682252668 1077551.8228358536 127464.291379454 2096101.6965452074 702238.039201792 889138.312909619 1751712.170041425 2471241.79454799 2740900.5611038175 1970010.09853133 4810660.096598036 5650680.810734967 7689460.659518974 10073840.751191828 8619352.25629 7091001.451055658 6546555.642215999 6096085.745435779 3404708.336055431 4786288.146462317 5238151.896204792
2218597.228009537 1517115.005962816 1164819.244357306 723617.0077330534 2477772.205086412 1962568.6148405299 668504.086002305 912729.873796712 59963.069191200004 60058.341633023 27465.53395077657 33602.79052021676 26844.933252849998 39568.172565661 18162.091969209 57810.623839199994 133495.830205828 70161.083043681 175568.18517054198 98281.01752370999 432443.035543471 67809.542066875 36440.933729397 39625.887576117 24692.514164700202 58904.049926522 252210.961068672 460921.116888802 121254.833459045 43234.266271078 358949.19504515996 264693.7336625209 305557.985039994 304101.807366831 128536.633107127 254021.45726532445 130844.81853412901 126475.9195327748 858494.8317103995 211501.79668970802 751906.1982802767 1519160.5454965848 1944244.3942349597 257902.14466874697 2426215.909945673 347787.28841698007 1778072.8236413228 4776037.08980056 4744928.59174507 6884688.38531297 3091172.58381725 5122580.91317 7318394.303233531 6973706.5000948375 7243801.557735041 4108764.4553111806 3581273.10750564 2559991.47030749
510099.5712534514 2198784.694033823 1175186.6562484822 1503801.8492351498 374581.354256867 1628866.696407744 1431329.60807852 644678.322428526 137526.715452716 168806.76993820432 47632.50214924 85129.16814278849 148990.7073729909 2936561.612562646 165206.69813089777 151809.4780358186 129167.75967007 159075.59972057998 128576.92741788001 231974.970186029 73469.169123851 23105.99300134 22770.406868222002 42618.283820144 34910.421646892995 56134.79961814 57781.002886728005 55744.82214264599 32177.488940920302 55053.122451749005 308426.80972334003 178348.40674848002 302493.858362353 330334.9290853292 152447.86450647202 49093.162107057 65524.962717992996 689304.9808439431 715778.741639629 1334293.957392613 1144855.73404671 1751681.4967424166 1102181.3110430473 527701.0053787603 1078885.217356807 2563745.1911392035 2815217.9044932607 2574323.0576606565 4274325.399890575 3636785.6077332296 3935115.3106384506 4612759.34478014 8692974.606965518 6587002.293627021 5436378.00506759 6421546.7343680905 3051342.3348316196 2875080.3371327403
-9999.0 788041.2100836895 1558701.6154322098 688719.015877045 275393.04525998805 543460.947617681 452366.0568983468 685042.615176 185409.532601599 133886.483285 99578.805215398 83963.0814233784 72659.77421823057 149344.398120011 84197.9187155 55732.8028723359 165751.35472725 154584.2761735 98113.583631622 75420.323840313 75151.538791222 255114.849814199 18204.176092167 19123.310179301498 29550.951998696997 36235.730104008 128450.95317377 29792.120490299 27864.234058377 38024.50863794977 288472.487715045 242898.69064105 376534.31010667485 208610.71788694 101564.56284724401 100479.8023034 55122.858733484005 46686.967314270994 103175.47558586743 2421276.581167929 793980.627755 569152.312954902 644088.1820437743 732603.5995162281 1145399.4818494658 2830395.5334126647 2217866.632353147 3250367.4930445906 6508833.5686416635 3900199.5640708506 3545702.04676578 4787280.2578597795 8499851.202111788 6317421.897018146 4102712.4183576806 2988956.18944869 958046.0878890201 408753.18008609
-9999.0 -9999.0 3580187.180968576 566805.77426732 566024.2957239699 1341334.027705109 2715675.236719366 502841.56018721196 309895.57699061703 88963.24712496481 126018.260169366 104502.38743822 59002.8654684512 62070.63199585429 129474.9774872 119166.05276645374 108927.48829444012 67789.70943406099 212331.389501768 221232.1190958648 539786.949278447 44606.053958820004 146482.17365437452 18636.513309394002 13895.576984075 22624.1503302289 84837.86810642199 87067.13710755101 261312.59944692804 79945.067814121 1608447.523326317 335541.903046014 52016.982706585 64344.569377976004 45484.895163844 54521.854146963 136627.592085921 57083.03489299401 248110.35522572428 1035510.4456842261 1026018.0430873149 1205476.2912511616 936519.0752366054 1728364.858765964 2871901.526395323 2191407.537206071 2679552.374617644 2530207.854267681 6343546.630317947 3970450.084742072 4315571.982935122 5961253.91062277 4869749.660243491 5971386.26960358 6941077.572385905 6701004.744840731 4273343.63631361 3893911.6359365704
-9999.0 -9999.0 329744.587448132 1682176.4432540438 919454.54530882 680437.2100529002 786108.02946476 1300048.68703447 199316.95578889 666688.413777032 224163.21272975503 67058.54261975401 75992.55357979934 50232.955776596966 201925.44848566348 34544.80041694984 95660.05310222499 182166.715460026 154176.815487565 610732.619420035 232525.271813483 81247.36872872099 42070.287514423995 17338.939116015 129040.33070195801 60921.55568585415 30453.919916596 23252.92700029 46053.090680662004 37387.628855511 246532.445447033 233009.909176881 34290.628894189 25634.745733326 75699.10285356399 70724.248318873 246964.287349442 411257.476972652 911150.8007807751 1046065.9768979347 2525754.4562285943 356584.021460701 1749143.4217663815 2304330.4770673667 3049156.0326237963 2250025.208862146 3621227.0871343995 3796432.8750312 3156077.657552683 4939807.0825841725 4995416.3329613255 4291302.74069603 3820598.8976508398 2672521.86907666 1735840.6082835896 2400228.6021884196 513664.81468366005 1228145.69680055
-9999.0 -9999.0 -9999.0 15864.85233433926 433259.7845262528 1279746.330169306 3071759.8635436706 9304503.703647776 3525352.3883031397 2839399.70430086 487039.94742554 203884.86506142752 123516.21957204 94439.76639445 45784.03840792898 227544.46639783 46041.005732245 81418.530650583 123089.59662093101 105768.971834817 252613.85178018 130635.48948792499 59830.190169878 95095.91059908504 130260.8738071919 101201.29736609901 37704.96281997299 37007.4345496788 57255.359892976994 75537.339494592 175778.571082768 40665.196103076 52304.24243817131 59590.229120278 52659.842078384 82334.895015527 179986.53637019199 550794.716673534 626798.425584535 1361285.495923304 2081960.5176472052 3920924.9349487997 1200675.6551427545 1274793.5632019849 1774171.3239793188 2396999.712176236 2043016.0390964032 2868441.335742981 796079.346650351 6462153.389041208 7403437.751573165 4815877.418860769 916263.3828249499 1327370.68138014 2009584.5763474198 1493175.33870513 1367622.48188565 2349991.55537552
-9999.0 -9999.0 -9999.0 20413.91724774609 -9999 -9999.0 -9999.0 7600409.804849399 7489602.374078316 4397646.43088209 1022481.0505946351 1420482.337039208 93862.64253727843 61359.806555610994 437288.01381659997 233151.8665459 93244.01337113002 163232.343674773 31909.993081092 2431201.5479966155 1010690.36862814 240918.36760602175 170708.359843089 112738.87605171298 320779.054669181 295950.27861039195 120671.130620126 97450.612246052 40764.70522186298 57219.542631638695 269811.871858559 42217.4612247623 163650.447225651 107620.173607855 60878.27606273999 35618.742785954004 67386.110502059 69367.45829590301 344128.5074811446 776942.3156007407 1616255.9373796028 2411401.548429677 122841.89357664762 188981.20055141882 2038585.2055257696 1285816.8909929998 733107.7907732901 642473.97749617 1000168.97581355 3497110.9603688153 2951144.460602349 4537364.767733358 5423029.580660675 6295246.198323045 7089468.46052949 2389397.37064028 4060300.6107642795 1455293.7377272302
-9999.0 -9999.0 -9999.0 -9999.0 -9999 -9999.0 -9999.0 10265.311425041291 273537.417864743 2403218.937403019 396119.24372128 228217.64519153396 528384.3888380401 333847.814826866 232001.32167021005 25901.442520817 23105.460617065997 227271.17369696198 294769.314173717 2134791.197934376 3166415.878112813 536082.470138857 497635.5427614257 208957.01290887 132253.385828732 268904.053865219 267171.444343799 221178.23533054098 219963.87791517 82064.874972824 47582.0355303509 44960.919257204005 144447.280350888 168163.97381858 266931.548015891 364276.86425626 21680.757184005 160942.88430763397 191228.64849426638 414119.55103195517 825262.4304249954 348091.3284917394 875188.4538111405 1435010.4593358198 4057790.455783404 633519.6748867701 379902.2671836 333465.93998267804 1043113.5742761799 2376465.83378825 3052324.8434871165 1647932.350132991 4592626.873610928 1358233.788639769 2543747.37019214 2643295.5083745103 3580031.00746445 1149212.5816473402
-9999.0 -9999.0 -9999.0 -9999.0 -9999.0 -9999.0 -9999 15305.883839227701 -9999.0 5151171.514348788 2114776.59621649 132770.08064460603 1293342.1262159902 2788271.0471319905 755554.03288057 233852.100667909 163953.122438606 37393.619263914996 126143.18173335299 115211.3580534487 428602.874988471 151270.946796946 980416.4772095359 197429.06957441696 395896.019191199 138565.4988064278 89146.48194687901 94803.0292706436 76398.5031961863 202826.411201538 49620.487694015 21415.09248004966 276681.25332372903 132352.80983228597 71625.977568359 161901.37543436702 22848.748190771003 223561.932134698 259240.89605547214 123209.15097052118 447482.0621171733 138238.44223380001 898392.7536180333 1552644.0129697367 1395095.24106758 210845.76182054 309426.27816253004 566010.64761033 1103577.88448999 4443254.091395379 5337668.962567609 2779945.0948598413 651970.533025703 392037.51467596996 471108.72037429997 1429130.2199893498 2423845.8464984703 861550.52551044
-9999.0 -9999.0 -9999.0 -9999.0 -9999.0 -9999.0 -9999.0 -9999.0 -9999.0 1117296.1367557992 1976910.4661280601 46927.392708476036 52689.97958862271 513325.17852420005 626126.0990634948 3769.906356341 4775.973699761001 7821.115100182999 39386.024194351034 16627.2412899991 21525.176081065998 485236.984212054 1425160.296197741 183219.797701125 122990.92568163 81736.198003532 58561.015331397 18673.099931763798 130433.464545963 21060.404328219 770267.7000276749 15587.8156371058 29176.782892016003 40767.344766220005 129093.599681349 214062.69132702 21769.987476298 27529.970180765304 37453.16061095619 190388.70740497042 101139.19215330214 192463.95907625 692789.0749205 849972.04362537 1389477.805029555 779581.271516382 1586548.5526756686 1715314.3555215378 1100834.05644757 498591.00812918996 861073.1098766301 1724867.2935892604 1215750.66445456 2904189.80498206 1407177.3369338498 824480.31070416 3497799.44085907 1314101.3158072399
-9999.0 -9999.0 -9999.0 -9999.0 -9999.0 -9999.0 -9999.0 -9999.0 -9999.0 -9999.0 1194337.0411337474 182094.70348445082 79883.05416271501 38538.931408662 34405.386005318 2510.4834214922003 3322.6378595378997 17744.0640752876 53060.973622431804 16673.5940259555 50827.747520915436 178329.95770958782 218919.353687749 208642.43224919797 71323.886719123 162604.528217893 43753.188170504 50976.373561766 95214.6816842328 26696.502958353398 982360.9216101376 5768192.449492167 43239.663513837586 110304.00638826 168994.933625617 28269.422822708002 26328.165322190565 23720.16828039632 24397.656782541853 321208.48066590703 69645.06413840967 109741.42975789633 415702.31102160004 941906.9100931503 436600.49351380003 573095.530093206 1977508.337964793 1113286.9266446 832909.1438943001 1022442.47466824 581368.6569317899 1669747.5355271702 1766532.1328214898 207195.96432367002 667666.95851208 791970.62274039 1037105.9154763316 2683856.43503193
-9999.0 -9999.0 -9999.0 -9999.0 -9999.0 -9999.0 -9999.0 -9999.0 -9999.0 -9999.0 732.0849045922001 116172.59956889701 167392.2069895182 77225.4801250467 689.6541270941001 -9999.0 140938.05419377488 1382.7681505535002 36158.7998081062 61359.11573370799 98025.9858196888 1418012.355139289 2223509.902918263 2311911.1330072326 383829.2190446525 76937.0577472217 87621.4223777618 120423.0686523702 111277.6924510113 114056.98307509109 194464.07935069018 99548.2064559377 270418.74266176 65981.62922420536 154263.24162892564 61335.9730059335 90358.4554938418 190005.3988606591 173764.5445954046 92440.53286521487 184576.40311134717 157284.899692865 224196.6388929268 881662.038140198 471823.98219469003 470318.6974540959 1887935.917093969 635588.40948464 984982.54324481 1624773.5253508072 2999837.46692611 1771325.7188706095 319862.31430304004 491206.97186241 734382.71093332 1019542.4086559999 1388111.1215006202 810634.43653192
-9999.0 -9999.0 -9999.0 -9999.0 -9999.0 -9999.0 -9999.0 -9999.0 -9999.0 -9999.0 -9999.0 16982.719658933 124218.71903062091 135757.5449763686 13797.0129492874 -9999.0 -9999.0 6199.3587623025 80761.9573480333 348962.7541609225 90436.5193800139 213904.19782931 524200.1200514095 266953.24691591226 288889.853221399 127188.99807935001 137015.95137821796 142112.2796787416 78954.87986574299 133791.796708971 113793.16075673769 41152.567684057 83403.346972789 369355.286376119 95889.74718926707 126978.38786258492 153125.89901572402 75442.21829074612 70395.7239315803 83225.1604198254 224459.5646896994 248889.10132208368 129590.42733935313 127164.04968942092 321024.189901941 574698.1615231079 669376.64570266 189181.86180389 866736.65460877 1005093.671105886 3007757.0874293097 2974421.1648150603 845145.1555334101 1220076.4441852102 394383.27780455997 526837.65267432 957558.5950686999 579950.6822823699
-9999.0 -9999.0 -9999.0 -9999.0 -9999.0 -9999.0 -9999.0 -9999.0 -9999.0 -9999.0 -9999.0 -9999.0 40806.5321769098 34179.7906912038 37634.78121331434 -9999.0 -9999.0 -9999.0 21577.5401148792 63191.1225186222 80585.66168028091 77160.6078699374 80650.27848008159 452959.89849492983 217830.325830089 315987.44058403 259083.931200849 1360453.3373672497 318435.086307432 80895.36412322539 81853.18016212601 47765.972059317 62267.121955292 70148.75790147 321137.70877388 72743.62910900748 131224.3405056489 127039.43755560712 97680.35625951018 77515.12812309468 193044.95111023396 164520.608722654 192582.6874756492 236963.94392903263 346940.188244293 389464.074786322 811153.333713496 529645.4929363 2491136.0380530497 1324419.8980650299 1686964.7778712201 3601558.418424153 2124456.7252455996 1466241.96117341 1029233.6100835 1630448.6951038402 2080578.3815331399 1265970.329779587
-9999.0 -9999.0 -9999.0 -9999.0 -9999.0 -9999.0 -9999.0 -9999.0 -9999.0 -9999.0 -9999.0 -9999.0 4070.9979289454 23685.487206752696 51194.8470479332 3626.2576440562 523.7162440562 -9999.0 7484.8625449251 36055.6401369449 73940.24472529192 43072.22343717194 657024.6780256125 1899666.8604588886 1703168.3320996198 2429621.962666883 706015.6348838387 483270.908960463 552818.330846166 135185.4188334949 218137.62736564805 67634.361532386 56447.44002069099 92834.85455767601 511583.83206814795 215775.31747082167 84123.04830578234 99818.65978489499 362947.4029622 335370.20027496 219196.5705247791 99728.16363581699 157554.36396706977 118016.93011325 191531.89610428497 359640.707258645 1082314.08171988 1331567.31547305 924932.14368289 536859.6753186199 2404842.7891199198 3104681.51741125 5460952.954146824 6188026.344950351 2585123.8431188087 1903396.5129174048 296600.27029532095 303762.543482187
-9999.0 -9999.0 -9999.0 -9999.0 -9999.0 -9999.0 -9999.0 -9999.0 -9999.0 -9999.0 -9999.0 -9999.0 -9999.0 851.9237343611701 15568.5147553734 29947.233375436 21899.1829388109 -9999 -9999.0 30141.7562986939 52682.047512214005 211036.14081978702 2357374.82154478 148424.4441540181 2282621.70734433 3333139.142378795 2214478.6803765707 1208760.11625035 2214640.16722281 410150.11416283937 124219.6120330398 118057.02968839399 113211.97246921001 214525.341879931 279478.138269255 406517.0436279158 337104.8639366553 310855.30715570995 127956.01215791001 250753.7958106745 177904.89713939023 103207.77294785 683593.4326768799 184834.874061396 366001.6620952676 215576.07933126303 1684130.4081104952 2260266.4593673865 623045.517765739 1624378.8136896002 1579334.2221317799 1946907.1423365884 1595064.804361819 1946814.61029045 292567.82076734904 -9999.0 -9999.0 -9999.0
-9999.0 -9999.0 -9999.0 -9999.0 -9999.0 -9999.0 -9999.0 -9999.0 -9999.0 -9999.0 -9999.0 -9999.0 -9999.0 -9999.0 -9999 11490.3481687797 82639.70779639552 3945.8155973497996 -9999 3617.1257938542085 93692.00970159401 48176.026591279995 103567.850699703 916708.086769551 1600055.257965681 2190761.391935775 1138695.4858952467 893646.9736670649 3817355.761173368 3776155.959585326 1409662.6378414938 3193862.4138263552 146928.962912691 115557.12569063 71775.285356995 58604.589222484006 89700.4899854327 110383.05525445401 80732.62519128899 204843.95934977598 130311.828549379 101002.50279205875 824444.7698236371 251392.915366247 267918.66745463875 328287.813772155 300408.465208986 262696.788828133 2316417.937219722 1345407.639941316 1354434.250384653 1078969.8038694058 1731831.53209639 1042005.5274767024 -9999.0 -9999.0 -9999.0 -9999.0
-9999.0 -9999.0 -9999.0 -9999.0 -9999.0 -9999.0 -9999.0 -9999.0 -9999.0 -9999.0 -9999.0 -9999.0 -9999.0 -9999 -9999.0 13388.0906355173 24545.6968990686 34450.4886112625 6887.830170426301 -9999.0 607.2428419035 75408.4441267097 146625.2357287258 137068.01020238205 1476218.957045316 1893993.89677925 545755.3575102569 724893.5649197809 1276825.8772840928 3818336.383720361 456008.1295442011 104378.82453015099 176587.0689287 883073.22001242 86218.331181368 64084.585413087 46003.838155015 139065.8243039752 166306.984568744 235403.569731922 120723.522500413 57696.293935232 152975.304166978 330404.34617523296 389874.662393241 228133.0997207847 194284.055066798 292400.72938326304 579976.728057047 653891.256574125 792436.3970904389 252246.18425124537 -9999.0 -9999.0 -9999.0 -9999.0 -9999.0 -9999.0
-9999.0 -9999.0 -9999.0 -9999.0 -9999.0 -9999.0 -9999.0 -9999.0 -9999.0 -9999.0 -9999.0 -9999.0 -9999.0 -9999 18837.87997177723 6009.9408458455 22078.559428134 32850.6117810488 30696.0985305121 1389.5288040308 -9999.0 -9999.0 416483.95660073793 328218.62689622 1871748.16362905 1470608.4194986303 2060536.468564294 1121678.587163524 1358553.01897532 2572134.4735141145 2742788.341783586 124851.69734520464 109651.618211197 178115.079675767 70039.647295686 61036.14611942301 76714.21192 66904.23378413 86174.666276724 197170.4351479 307056.50824855815 422085.75829113694 75996.81172124 41227.74441834096 494251.357024449 357536.3710896881 407627.280677187 300536.740132513 551931.9106784867 727233.148622811 12847.6715489841 -9999.0 -9999.0 -9999.0 -9999.0 -9999.0 -9999.0 -9999.0
-9999.0 -9999.0 -9999.0 -9999.0 -9999.0 -9999.0 -9999.0 -9999.0 -9999.0 -9999.0 -9999.0 -9999.0 -9999.0 -9999.0 -9999.0 21096.687208577 25491.354963773203 21729.77948316929 40666.7799094955 48530.5482571235 -9999.0 -9999.0 5452.516559054451 65226.03247898861 1030186.529660869 790644.8553677701 912479.380817491 1781420.1490919697 777063.175699184 767368.777255616 1098213.54433936 386667.297326258 179114.9647935 80192.13048933199 188925.95001230697 111717.73574300398 94361.224963181 81618.85286889 173974.6607343638 310684.59448301 575622.747485634 208377.03696887003 164593.53539636 274845.95664305805 1116841.723339906 484166.06643256 310510.11008640844 133937.113639744 204012.796041025 55476.805860903405 -9999.0 -9999.0 -9999.0 -9999.0 -9999.0 -9999.0 -9999.0 -9999.0
-9999.0 -9999.0 -9999.0 -9999.0 -9999.0 -9999.0 -9999.0 -9999.0 -9999.0 -9999.0 -9999.0 -9999.0 -9999.0 -9999.0 -9999.0 -9999.0 7009.70908354375 4064.8493822821 55244.43532614887 60207.6999896287 19231.145993279497 -9999.0 -9999.0 -9999.0 57527.664971628205 184893.07884782727 728434.9144019799 1241466.025785 867494.2034257209 273170.039946465 808874.5092146441 1265862.794808925 1316608.887622143 350343.47125229496 63064.837715858004 131872.755083102 29309.714231592 151718.02633640083 138318.519892057 236100.98372547462 252108.744122261 1208092.1377533139 354885.055567033 216879.78788436938 207401.8726338801 266431.74848552 77222.69519269073 48266.889972241 51023.908523567006 96562.55081250228 -9999.0 -9999.0 -9999.0 -9999.0 -9999.0 -9999.0 -9999.0 -9999.0
-9999.0 -9999.0 -9999.0 -9999.0 -9999.0 -9999.0 -9999.0 -9999.0 -9999.0 -9999.0 -9999.0 -9999.0 -9999.0 -9999.0 -9999.0 -9999.0 -9999.0 -9999.0 2509.7047945196 30322.228980846 52290.3653561229 15865.7636813803 -9999.0 -9999.0 -9999.0 146214.819546547 1153264.92405739 1420138.144425379 414641.44636368204 588145.545938362 229761.771490347 167730.850937582 1349442.131443087 202760.40659876599 100906.121641812 103464.51621376301 66014.90496735199 198663.80670318118 153742.09423043003 106253.22310685599 146555.22378949 171378.98520355 237713.06004113102 485323.67989636905 403986.61323488597 362095.5023136416 258573.81640630108 3435401.995365967 1040207.3312224249 180387.29834619298 -9999.0 -9999.0 -9999.0 -9999.0 -9999.0 -9999.0 -9999.0 -9999.0
-9999.0 -9999.0 -9999.0 -9999.0 -9999.0 -9999.0 -9999.0 -9999.0 -9999.0 -9999.0 -9999.0 -9999.0 -9999.0 -9999.0 -9999.0 -9999.0 -9999.0 -9999.0 -9999.0 1755.1830074794 32788.4675743227 44450.8389684909 -9999 -9999.0 -9999.0 667147.643451402 878795.3222424799 3050648.898455466 535873.0026573 1316095.8514320264 223003.61905171798 65177.886670395004 949802.2016869041 374333.141384854 141660.68284918502 168852.324926638 1227992.4008728478 3343251.644007152 263883.076195646 146912.722052811 92328.16458695699 127488.900667701 671296.588052429 14399756.012951063 738574.722799324 89137.54900925503 157704.2631192756 479110.019043664 1512282.5170742446 1470983.736940797 -9999.0 -9999.0 -9999.0 -9999.0 -9999.0 -9999.0 -9999.0 -9999.0
-9999.0 -9999.0 -9999.0 -9999.0 -9999.0 -9999.0 -9999.0 -9999.0 -9999.0 -9999.0 -9999.0 -9999.0 -9999.0 -9999.0 -9999.0 -9999.0 -9999.0 -9999.0 -9999.0 1093.7347598749 25768.367838076 40566.7341916054 3735.9369146035 -9999.0 -9999.0 -9999.0 245374.20027319016 786767.714263079 1107241.883439048 871283.9139885 519441.21389743 57184.784183682 614946.0231741689 910997.9273312221 593637.2885575921 571116.851459796 334657.86385892 509824.19213809003 176661.842241197 295884.845578529 154658.24278609199 1250289.7403940053 2602236.359501109 1805181.68971434 1722831.2467342843 287949.0861744549 162300.216902426 183168.96318603883 1305907.227891933 20435.2987562446 -9999.0 -9999.0 -9999.0 -9999.0 -9999.0 -9999.0 -9999.0 -9999.0
