Model Version1.4/trunk/output/1999/nload_fixed_ag.asc
ncols 720
nrows 360
xllcorner -180
yllcorner -90
cellsize 0.5
NODATA_value -9999
[rows 196 to 223 of 360, columns 248 to 309 of 720]
0.0 22199.48083736345 0.0 0.0 0.0 0.0 0.0 44239.965489854236 20831.438640183656 39446.99019277382 72102.97843346004 238094.97839663413 338666.1743884095 368924.7969080348 251300.11613159522 626666.2479131214 477233.2670252812 377269.3100500991 169080.04319637263 25671.342355476343 14222.330136662189 8554.533419042857 14473.866146155933 4496.751158316037 9365.231280152502 12600.410618646189 0.0 0.0 0.0 0.0 0.0 0.0 0.0 0.0 319.38452075754066 76119.47095493559 0.0 0.0 1178.9818725025223 313169.3029154052 449541.23234545795 1345719.791815463 22024.61359939186 -9999.0 -9999.0 -9999.0 -9999.0 -9999.0 -9999.0 -9999.0 -9999.0 -9999.0 -9999.0 -9999.0 -9999.0 -9999.0 -9999.0 -9999.0 -9999.0 -9999.0 -9999.0 -9999.0
0.0 0.0 16630.948288663945 0.0 0.0 0.0 0.0 13619.774840216833 20622.406198511777 21461.948417629297 77112.43365563324 133691.53864058905 261161.13475950423 491333.77371090435 372163.9255933044 402413.29138804163 459647.5296704692 404632.19036594155 92784.15040975733 34360.033559808886 22141.354760643855 7549.260651870292 0.0 8082.488221569563 0.0 434.77703547259114 5977.043339955902 0.0 0.0 1758.7807153439715 6216.40436290309 0.0 0.0 0.0 0.0 0.0 0.0 737228.5632092311 65279.354471126404 784257.3381319292 891640.0042682027 864991.8498767655 -9999 -9999.0 -9999.0 -9999.0 -9999.0 -9999.0 -9999.0 -9999.0 -9999.0 -9999.0 -9999.0 -9999.0 -9999.0 -9999.0 -9999.0 -9999.0 -9999.0 -9999.0 -9999.0 -9999.0
0.0 13827.38466871981 74345.21611031382 0.0 0.0 0.0 0.0 0.0 0.0 35168.83713005631 67700.7028500552 144817.89191848398 160484.88781281305 466657.95064205653 239099.87733037112 161076.6547114512 381985.06513730413 505151.632835197 86546.03913378644 50804.97478756454 26864.184806019777 12839.022657870139 6804.038785995219 4771.324873750797 9.639967353932477 21269.653361013694 0.0 0.0 0.0 0.0 0.0 0.0 0.0 0.0 0.0 0.0 54043.926407955165 5870.066710596284 418409.6140909531 749794.4396509985 1153290.7000902083 326537.39408107044 -9999.0 -9999.0 -9999.0 -9999.0 -9999.0 -9999.0 -9999.0 -9999.0 -9999.0 -9999.0 -9999.0 -9999.0 -9999.0 -9999.0 -9999.0 -9999.0 -9999.0 -9999.0 -9999.0 -9999.0
73488.27004216948 68944.643231403 140826.28333663996 12692.31218456107 0.0 36689.61720817136 0.0 17747.78454673989 17207.372401302084 61388.27185573324 100708.50259572576 78754.06868807903 240429.0972906423 435577.27438732627 277422.700493837 184004.6210047974 436593.7611989651 443308.28802271903 174947.5471916063 40772.44312516449 41766.911803630486 4333.2017228080085 23462.575189437095 9044.667243148837 5793.0505806155425 44793.210806277886 0.0 0.0 0.0 0.0 0.0 1037.8796715337533 0.0 0.0 0.0 0.0 0.0 2180.22969757647 218390.30905743787 1288116.4497439892 535606.6176053932 -9999.0 -9999.0 -9999.0 -9999.0 -9999.0 -9999.0 -9999.0 -9999.0 -9999.0 -9999.0 -9999.0 -9999.0 -9999.0 -9999.0 -9999.0 -9999.0 -9999.0 -9999.0 -9999.0 -9999.0 -9999.0
182456.60988361962 230247.45176810893 234391.93894427968 60098.30678269676 47162.248001809494 0.0 31205.927376873497 86369.88349415513 87606.04759187752 109053.67271033303 110461.95154099676 53561.43009210765 159806.36689962388 475152.32455919625 220092.77130416685 177248.3967230202 477311.03951894835 395454.73163978226 33034.58445535235 65155.27174505304 46054.510645875154 10018.599808633426 31684.354063130966 62.45660869450658 0.0 0.0 0.0 0.0 0.0 0.0 75723.5358502968 37951.60361222443 0.0 0.0 0.0 9.086070257473857e-40 10564.888031925697 477291.98713636474 244920.38776947852 770575.6171587261 -9999.0 -9999.0 -9999.0 -9999.0 -9999.0 -9999.0 -9999.0 -9999.0 -9999.0 -9999.0 -9999.0 -9999.0 -9999.0 -9999.0 -9999.0 -9999.0 -9999.0 -9999.0 -9999.0 -9999.0 -9999.0 -9999.0
157151.19099858354 160334.19545665427 124808.47995087944 32194.584567194754 15055.252463735216 0.0 82142.62442168473 118640.2893251548 160387.9873713932 98744.57294579802 59370.459567775935 71197.56470141435 166141.29718276794 513046.16648547055 363575.486679762 258309.06285341797 155368.58114427232 463400.24191999604 49714.86013706847 12617.723671165586 66169.11564278488 53832.18365113063 87844.17989226573 0.0010202012885897067 0.0 0.0 0.0 0.0 0.0 124074.4241846015 75752.07456863981 3834.2739860897086 277.2153964402206 2094.3718677212687 11.87240469699658 89832.50275327152 56804.01879970519 289852.77550900064 271873.7167534336 -9999.0 -9999.0 -9999.0 -9999.0 -9999.0 -9999.0 -9999.0 -9999.0 -9999.0 -9999.0 -9999.0 -9999.0 -9999.0 -9999.0 -9999.0 -9999.0 -9999.0 -9999.0 -9999.0 -9999.0 -9999.0 -9999.0 -9999.0
81056.03937826051 110443.94189164648 82114.78100868616 79971.60191711251 0.0 0.0 41709.48091052617 86911.57031490412 130288.80249942049 125408.09286517614 104101.12894919708 70832.7145681693 94467.51659992615 605420.3668102779 572825.791777306 503264.3946327955 474324.6568237061 425168.5972440531 206985.45789694932 159144.4359097286 107481.25025884455 115485.42297137067 6582.566651111494 227397.1784275693 159081.46581422756 0.0 0.0 0.0 24880.33893901661 0.0 32242.796343186463 133673.39834700615 8029.513384170599 0.0 26997.66555692095 8943.34073639401 437954.1176203964 376483.6314613576 -9999.0 -9999.0 -9999.0 -9999.0 -9999.0 -9999.0 -9999.0 -9999.0 -9999.0 -9999.0 -9999.0 -9999.0 -9999.0 -9999.0 -9999.0 -9999.0 -9999.0 -9999.0 -9999.0 -9999.0 -9999.0 -9999.0 -9999.0 -9999.0
65045.369494305414 82057.93839064598 42878.22112615996 13759.773733260952 0.0 0.0 21439.759495162332 40024.47936960593 96039.50783435702 309006.3777428271 93784.04344022094 102137.44590596577 231098.45936549277 598486.9182821424 531475.9500440632 561552.2884166646 529501.6575253758 593274.1444053989 258679.89759492004 112306.50418361054 149880.30462336208 145826.86077205607 238785.6644913652 190332.22596877607 63352.08439322144 124301.6743438447 42856.963679767105 59542.51229782279 185202.7375453448 0.0 0.0 473651.0535101308 117706.80461537803 0.0 113411.99391525239 234657.0017074648 558191.6579687614 0.0 -9999.0 -9999.0 -9999.0 -9999.0 -9999.0 -9999.0 -9999.0 -9999.0 -9999.0 -9999.0 -9999.0 -9999.0 -9999.0 -9999.0 -9999.0 -9999.0 -9999.0 -9999.0 -9999.0 -9999.0 -9999.0 -9999.0 -9999.0 -9999.0
60801.60869165067 58316.55741797693 12224.392854778134 13009.881741028717 0.0 24923.08778960771 13970.102373923737 59692.656536481525 106212.038246027 190100.8490600752 150300.69480686224 157551.20478594775 483665.1364004206 510621.7736174042 256488.5825928866 436909.7972086848 554131.9923305784 588907.0756389591 383383.9526730693 220261.38109729494 166861.52774890707 189368.06058944564 267931.5310307701 69552.75261739842 317367.7706470278 194511.63547055292 141485.6882949255 125377.66256479513 421367.8479623913 0.0 0.0 250089.099211646 166729.9219047694 185644.57776526207 495674.42456066544 65485.462676906114 179777.11131996487 -9999.0 -9999.0 -9999.0 -9999.0 -9999.0 -9999.0 -9999.0 -9999.0 -9999.0 -9999.0 -9999.0 -9999.0 -9999.0 -9999.0 -9999.0 -9999.0 -9999.0 -9999.0 -9999.0 -9999.0 -9999.0 -9999.0 -9999.0 -9999.0 -9999.0
244753.75461547656 13640.3038173083 30912.246300211733 13772.426875338298 0.0 0.0 43607.483474116365 80441.47786684647 135804.84942560058 392945.4921198832 126566.34165619824 371210.63723537914 527475.4957745835 579968.0335045875 460243.25205168256 249306.60182849545 520958.2313371771 418889.46297767194 528646.3877333597 170551.43223311397 124114.07182325973 112017.25659413461 80683.71645358823 193858.75184176743 2815.9102464397492 583928.4273050966 0.0 225648.45147520167 340013.1538397629 162336.90952011716 78429.47713296612 100101.36775895607 65793.75095876839 201828.31411962325 130949.58643272148 198891.70984706705 -9999.0 -9999.0 -9999.0 -9999.0 -9999.0 -9999.0 -9999.0 -9999.0 -9999.0 -9999.0 -9999.0 -9999.0 -9999.0 -9999.0 -9999.0 -9999.0 -9999.0 -9999.0 -9999.0 -9999.0 -9999.0 -9999.0 -9999.0 -9999.0 -9999.0 -9999.0
75931.29321612863 80648.3947347588 17762.334780371122 63890.01254254871 193452.5184353271 97452.12204603534 118489.9690663366 294081.9518573156 373912.6821135943 374823.80914026836 284996.172032352 593033.985609384 651928.8851438315 586526.6691166401 544370.4372169907 628708.146377655 478247.6387632189 542025.5322016573 672786.984363022 466957.9785223923 120411.31058493028 128802.50246293975 77349.6126143229 519041.22645668994 750241.6929963938 562776.4222782982 155645.581270024 209840.25404095612 100675.89756041154 183490.6556114726 263707.92459152645 83018.01392732687 77886.2864243191 345840.35313289263 58844.83887774086 -9999.0 -9999.0 -9999.0 -9999.0 -9999.0 -9999.0 -9999.0 -9999.0 -9999.0 -9999.0 -9999.0 -9999.0 -9999.0 -9999.0 -9999.0 -9999.0 -9999.0 -9999.0 -9999.0 -9999.0 -9999.0 -9999.0 -9999.0 -9999.0 -9999.0 -9999.0 -9999.0
71920.04125786573 122884.43308249387 247413.96461042186 179053.8043753143 424031.69194588246 680721.6789961318 362065.2240478779 411290.65290638985 550843.1567525803 175787.01720180435 422720.16521795775 459265.6057692363 606339.9791386613 611757.9801348437 500270.1369842464 266736.77348094765 494487.38448708603 529075.8542532577 217863.52851607712 480571.98796618916 174759.58496356333 67843.00289552636 152214.51261013644 272817.5180691394 672110.7050755052 846724.3182392326 486265.71255678026 639505.9788178871 165737.3247151642 153554.1149428987 83845.37437740927 18304.491909839446 31302.628737384282 215009.15448571733 47352.625699967684 -9999.0 -9999.0 -9999.0 -9999.0 -9999.0 -9999.0 -9999.0 -9999.0 -9999.0 -9999.0 -9999.0 -9999.0 -9999.0 -9999.0 -9999.0 -9999.0 -9999.0 -9999.0 -9999.0 -9999.0 -9999.0 -9999.0 -9999.0 -9999.0 -9999.0 -9999.0 -9999.0
652560.7320000603 937339.6318781415 794698.0828891778 823368.6869003138 810428.715735927 670666.7929710322 619177.1855483543 529091.173531166 353555.9148363294 259752.43038336467 469486.38189804176 548966.221896033 627571.9578875662 623961.6015186685 554614.2788502104 410715.34484502557 417183.56559255446 589327.5397092839 228034.5913141751 343867.98151267803 185842.0064749208 165712.18756175545 417988.68436539586 533811.9662607578 534359.6793167164 446591.71419348643 621509.7687296076 355048.353066869 163798.49499762018 111762.64816277166 234092.45511615675 99782.09600724488 0.0 115339.59799100476 6842.566943987509 -9999.0 -9999.0 -9999.0 -9999.0 -9999.0 -9999.0 -9999.0 -9999.0 -9999.0 -9999.0 -9999.0 -9999.0 -9999.0 -9999.0 -9999.0 -9999.0 -9999.0 -9999.0 -9999.0 -9999.0 -9999.0 -9999.0 -9999.0 -9999.0 -9999.0 -9999.0 -9999.0
900478.8838447545 1331777.682625917 891888.7850376493 939696.161689469 920121.3338196377 467211.1515738138 764144.6021035602 341073.1024975552 368869.37108832004 402064.9364277757 512106.607074558 730641.4941083719 418318.5670871696 769636.054490814 572053.4694369701 506329.7575445599 455615.42287346866 446011.87676356384 501091.13770264183 349799.85306429816 127429.91314792814 81344.28549317954 272917.82453929604 630445.5566070394 716560.9482365239 305967.8590108197 324992.0721637071 397519.23963959585 743714.4846866346 561366.6762402472 276716.4321680663 47756.05794479104 208587.17436412486 131735.30776122434 -9999.0 -9999.0 -9999.0 -9999.0 -9999.0 -9999.0 -9999.0 -9999.0 -9999.0 -9999.0 -9999.0 -9999.0 -9999.0 -9999.0 -9999.0 -9999.0 -9999.0 -9999.0 -9999.0 -9999.0 -9999.0 -9999.0 -9999.0 -9999.0 -9999.0 -9999.0 -9999.0 -9999.0
479102.0925930902 642287.9111438761 748829.5299515746 567382.8147244868 433887.4429115434 490998.98409658973 626339.7701410482 366985.03527205816 400306.9187329324 481882.3217503426 520141.5087104069 762706.4324601247 796569.5181513785 747977.7471182602 415355.46484225855 515451.70454339095 507614.23984993994 604220.0028820373 316761.2604696637 82910.8913491352 267959.26459669933 261461.54119641992 140652.00032181348 558684.3088193084 443827.4052660731 482775.7544614668 253736.11701221575 229142.06409619507 311714.05814196763 449648.6260556318 49528.19496169763 176441.33343284944 241035.72402815244 154461.74821298098 5078.426892764297 -9999.0 -9999.0 -9999.0 -9999.0 -9999.0 -9999.0 -9999.0 -9999.0 -9999.0 -9999.0 -9999.0 -9999.0 -9999.0 -9999.0 -9999.0 -9999.0 -9999.0 -9999.0 -9999.0 -9999.0 -9999.0 -9999.0 -9999.0 -9999.0 -9999.0 -9999.0 -9999.0
646701.2293395126 427023.8018300619 386024.6303635715 587085.4191907911 652814.5389334592 616589.0659773638 576895.9241382837 687201.5155921669 577086.9665178158 697055.6401377611 550663.582915594 507588.70965579007 742169.16957867 701808.4696604877 436118.821513642 544822.6482059071 421847.59934224293 296145.31272203673 584891.536557571 386935.4394719558 330584.2896644967 363654.2960096667 440765.30282466335 532181.6284386945 617127.8847993022 632209.9561975076 300444.27524450654 273127.80890372535 190635.83348315052 43686.64621162202 0.0 207356.6295146743 263223.2374256298 166623.53235991584 20948.37979606013 -9999.0 -9999.0 -9999.0 -9999.0 -9999.0 -9999.0 -9999.0 -9999.0 -9999.0 -9999.0 -9999.0 -9999.0 -9999.0 -9999.0 -9999.0 -9999.0 -9999.0 -9999.0 -9999.0 -9999.0 -9999.0 -9999.0 -9999.0 -9999.0 -9999.0 -9999.0 -9999.0
250851.86972334754 395838.9732226969 518635.0409818052 424833.8019347123 785560.095709735 717873.4416452779 795358.3773868121 813276.7278726522 970604.96077983 1116833.6315127346 776731.0330642342 720747.757793411 847482.6258326592 1007455.6569269188 846875.327027037 467146.3995827928 1018332.5241296397 678507.3299892925 319194.54716865177 579668.6877430582 338875.8965710133 500270.7990669718 345434.2342208039 505623.88642922795 594606.8916463343 481345.0048126501 312168.0345925382 364687.0227111475 298693.8166297823 235749.15836933654 210137.37415208208 188629.67237963775 484556.05718276574 112786.88263323087 1842.8413439379246 -9999.0 -9999.0 -9999.0 -9999.0 -9999.0 -9999.0 -9999.0 -9999.0 -9999.0 -9999.0 -9999.0 -9999.0 -9999.0 -9999.0 -9999.0 -9999.0 -9999.0 -9999.0 -9999.0 -9999.0 -9999.0 -9999.0 -9999.0 -9999.0 -9999.0 -9999.0 -9999.0
275310.6032709658 598534.136591918 479795.9851392386 757804.1179063809 850160.21488722 762659.8831868442 827949.8165767676 774303.0709962882 1211836.9521045056 1380414.4071767153 1179600.9856697712 765372.1465469581 971013.2856543951 786489.3334645977 975019.8573727215 1036521.4848341455 996522.5528050815 781820.195363781 646565.1722411391 683632.7837624782 309537.5392454707 337716.7224788838 445770.79858777474 451602.6060755967 649901.716572319 588867.7123010287 188084.030669859 471901.2289735616 410863.80159899895 325128.59499565477 331194.5291425393 306242.6309785701 151180.71924904248 101674.56790086004 -9999.0 -9999.0 -9999.0 -9999.0 -9999.0 -9999.0 -9999.0 -9999.0 -9999.0 -9999.0 -9999.0 -9999.0 -9999.0 -9999.0 -9999.0 -9999.0 -9999.0 -9999.0 -9999.0 -9999.0 -9999.0 -9999.0 -9999.0 -9999.0 -9999.0 -9999.0 -9999.0 -9999.0
314894.2428032079 457902.48398554156 539859.703189789 505608.26957072836 486300.71667988214 740230.5509397344 965936.2025901808 557265.9969798692 608245.7625803446 785150.242593412 754884.4654186383 1009784.2160897754 826665.386901052 804855.8473118416 821466.7918491624 958319.9752366182 1138350.0779514357 798420.9690159181 465687.6913264944 657625.5438870412 444558.40503136994 351348.1234486385 468881.5001569756 606732.3780544851 599599.8401921969 449233.7147999919 369691.3047078611 401704.534562269 197787.4629771037 110409.33508406827 504199.44915975456 155920.75773385342 188100.74126695536 38425.541898268704 -9999.0 -9999.0 -9999.0 -9999.0 -9999.0 -9999.0 -9999.0 -9999.0 -9999.0 -9999.0 -9999.0 -9999.0 -9999.0 -9999.0 -9999.0 -9999.0 -9999.0 -9999.0 -9999.0 -9999.0 -9999.0 -9999.0 -9999.0 -9999.0 -9999.0 -9999.0 -9999.0 -9999.0
118145.23512258483 385845.806191505 666634.2957662828 834435.1608634269 843321.1488862892 756574.7297433272 517801.7868759989 592795.8978164424 581847.1267463117 729934.972993651 697625.1373212993 1058602.3149136775 1214225.068786207 1070073.7385673944 996202.466979884 526762.1030152689 547895.4919788293 940241.9035127048 531316.1575964867 464233.4846974492 528566.9178312666 451910.9716034324 405470.4705768247 547589.9863183987 413455.59723812295 405752.9768484055 368864.54415646906 443802.3489521942 200888.46113104446 453534.2135683951 449868.94224774727 624251.7949846198 172077.8437153819 43302.59734334438 -9999.0 -9999.0 -9999.0 -9999.0 -9999.0 -9999.0 -9999.0 -9999.0 -9999.0 -9999.0 -9999.0 -9999.0 -9999.0 -9999.0 -9999.0 -9999.0 -9999.0 -9999.0 -9999.0 -9999.0 -9999.0 -9999.0 -9999.0 -9999.0 -9999.0 -9999.0 -9999.0 -9999.0
370935.4289754865 305447.4291972802 1039221.9273062173 1040342.4516962621 1058124.8511579093 517723.8894122958 629404.80294866 478644.9108467327 439934.9349082241 379494.11419742653 462671.06936511584 768622.9810218933 1126804.3414674676 933849.937266167 731690.2904206106 831670.1756788762 896917.7306855287 743752.1222536726 649157.3763395967 488558.34022030677 532936.4386416344 418049.28965206235 467596.09809293156 669702.8296638089 555201.269399959 445533.0909056667 463455.1004030436 495981.75004347606 479810.2189899346 443266.4388241933 652206.8081201694 1111874.7341741074 20446.018579737414 -9999 -9999.0 -9999.0 -9999.0 -9999.0 -9999.0 -9999.0 -9999.0 -9999.0 -9999.0 -9999.0 -9999.0 -9999.0 -9999.0 -9999.0 -9999.0 -9999.0 -9999.0 -9999.0 -9999.0 -9999.0 -9999.0 -9999.0 -9999.0 -9999.0 -9999.0 -9999.0 -9999.0 -9999.0
318962.1931114336 393685.9566732503 1112308.9923258852 1154557.8793048686 1009718.5246629132 748461.9565168949 774570.510476279 388188.7376919029 461739.6592014631 525331.3646917769 541071.5808159334 392183.6190528904 807333.1752227689 849382.4505559483 757482.2632856506 921113.6628676035 920979.9576836596 785847.7063843099 812493.9124618142 600656.8162412433 467454.5112212708 546887.2297409107 626546.0500807584 673582.2577602755 592558.2368342938 484097.3096635578 462984.3972927442 560211.0908282375 587870.071046918 429557.3247749829 742165.234514569 797817.3603837348 7925.888154575381 -9999.0 -9999.0 -9999.0 -9999.0 -9999.0 -9999.0 -9999.0 -9999.0 -9999.0 -9999.0 -9999.0 -9999.0 -9999.0 -9999.0 -9999.0 -9999.0 -9999.0 -9999.0 -9999.0 -9999.0 -9999.0 -9999.0 -9999.0 -9999.0 -9999.0 -9999.0 -9999.0 -9999.0 -9999.0
302602.19838054857 639185.6707886136 730142.4087498056 1243371.6106955402 869336.5039260528 932352.3211186884 722044.9454825763 625244.4365524736 509217.7773827997 428087.93127041956 373106.1629371257 429842.8556325192 388687.3815955188 428770.90794381575 447379.0178186723 512219.19866426673 582270.2418239407 706638.3497910976 728355.6826210433 758027.2566002292 548983.2343041673 756923.9963475036 940814.3297222289 854452.1721923243 590736.4923386131 572218.9208844068 444799.71816345584 722537.7363205372 597992.7803028887 563935.1455059049 699505.445528807 595164.6037209547 10303.965390440757 -9999.0 -9999.0 -9999.0 -9999.0 -9999.0 -9999.0 -9999.0 -9999.0 -9999.0 -9999.0 -9999.0 -9999.0 -9999.0 -9999.0 -9999.0 -9999.0 -9999.0 -9999.0 -9999.0 -9999.0 -9999.0 -9999.0 -9999.0 -9999.0 -9999.0 -9999.0 -9999.0 -9999.0 -9999.0
182906.75945268114 500126.832351265 850270.8209536182 864146.9000543468 810340.7585843187 556843.2838349466 763865.0322451645 765823.0195287003 613347.5075903365 609503.150553586 380617.4056067716 467169.2456445423 443658.91023702786 488445.995319493 583894.1227234591 606815.2126168584 779562.3948011091 643476.5343431474 676955.7687355808 596873.1544488342 645942.9428622512 1040967.5475268841 1137949.2648413533 621347.5629415329 469894.93900029815 647044.5929174642 636924.2963713227 559608.5142233465 497029.48619580583 674715.8563789328 743742.7642026824 286394.9056921848 3411.71685366892 -9999.0 -9999.0 -9999.0 -9999.0 -9999.0 -9999.0 -9999.0 -9999.0 -9999.0 -9999.0 -9999.0 -9999.0 -9999.0 -9999.0 -9999.0 -9999.0 -9999.0 -9999.0 -9999.0 -9999.0 -9999.0 -9999.0 -9999.0 -9999.0 -9999.0 -9999.0 -9999.0 -9999.0 -9999.0
1018591.2176822092 720921.7445032172 456705.58398218034 593941.0674880568 496986.22961702663 904096.0924516777 785318.7179978784 952799.5308596485 895821.7751432465 437128.99146699737 884298.356631417 811724.5241473883 377833.46274930466 1076639.1633721632 1023777.4321575875 1381842.207687102 1034335.7862783668 619287.3686247028 616923.4066326736 670185.7608900068 994908.2204032647 995899.3484186269 1175887.968092739 947779.9489394485 202976.9028522534 625067.3292524185 901047.3007410661 564609.1283445063 597269.9705509989 557706.9181915132 586720.7893807726 129026.43029673776 -9999.0 -9999.0 -9999.0 -9999.0 -9999.0 -9999.0 -9999.0 -9999.0 -9999.0 -9999.0 -9999.0 -9999.0 -9999.0 -9999.0 -9999.0 -9999.0 -9999.0 -9999.0 -9999.0 -9999.0 -9999.0 -9999.0 -9999.0 -9999.0 -9999.0 -9999.0 -9999.0 -9999.0 -9999.0 -9999.0
893081.6779660139 647691.2878433721 798203.6857037777 415218.9200988534 935974.2183364183 788724.2875167219 844117.52731111 817523.1713861157 590398.2612755378 847092.1354261069 659745.1723586422 832060.2627806386 946083.1921025676 1192642.7481965632 1659663.9055962786 1443691.2687606304 1216867.8328133686 785553.2333274613 1188923.4382640815 818731.4154784887 627849.0143457463 1167358.0348804288 901856.9825180412 297321.4423082052 811686.9373090995 728727.3366463279 771421.7659933469 601192.4326590522 690312.8981131035 715748.9216512658 361529.3009577803 0.0 -9999.0 -9999.0 -9999.0 -9999.0 -9999.0 -9999.0 -9999.0 -9999.0 -9999.0 -9999.0 -9999.0 -9999.0 -9999.0 -9999.0 -9999.0 -9999.0 -9999.0 -9999.0 -9999.0 -9999.0 -9999.0 -9999.0 -9999.0 -9999.0 -9999.0 -9999.0 -9999.0 -9999.0 -9999.0 -9999.0
604272.9866197307 1149634.911736889 1029488.3398259243 839090.6729356771 960920.0042199828 843378.204123115 989163.3468914137 746838.6562577595 439344.1720474385 575907.9895424751 736219.0949726044 981367.227506527 839271.8586605489 1016429.1971018488 1160374.1767196795 1475242.7854992282 1239530.0270493238 791356.6162823108 922516.3255330516 1053274.530222805 1093891.2490688178 1166770.1072401989 975753.1525390161 850247.8201681207 797872.011371716 763508.0911814207 840528.3669133805 796605.2534513129 760965.0991295582 619993.598437695 73070.32198236584 -9999.0 -9999.0 -9999.0 -9999.0 -9999.0 -9999.0 -9999.0 -9999.0 -9999.0 -9999.0 -9999.0 -9999.0 -9999.0 -9999.0 -9999.0 -9999.0 -9999.0 -9999.0 -9999.0 -9999.0 -9999.0 -9999.0 -9999.0 -9999.0 -9999.0 -9999.0 -9999.0 -9999.0 -9999.0 -9999.0 -9999.0
963263.1142304569 1314977.334569512 1288727.4233407818 1192923.5806910153 733166.2851286171 560022.0157040511 511461.78543795546 615611.7467070199 605249.5000269858 552913.39305788 742169.2491528159 674477.626269225 828021.2744397067 792450.2584878356 875443.996691948 1124506.0694802224 926354.7815372023 887853.6927373034 1033893.9701555943 800416.1184323626 831748.8500896365 778859.5710973579 203014.57743062492 574123.2591486718 632142.6469556873 744010.6486801619 715606.1113531035 642467.4666610351 528851.7771597003 304646.3981104262 -9999.0 -9999.0 -9999.0 -9999.0 -9999.0 -9999.0 -9999.0 -9999.0 -9999.0 -9999.0 -9999.0 -9999.0 -9999.0 -9999.0 -9999.0 -9999.0 -9999.0 -9999.0 -9999.0 -9999.0 -9999.0 -9999.0 -9999.0 -9999.0 -9999.0 -9999.0 -9999.0 -9999.0 -9999.0 -9999.0 -9999.0 -9999.0
