Model Version1.4/trunk/output/1999/npoint_tot.asc
ncols 720
nrows 360
xllcorner -180
yllcorner -90
cellsize 0.5
NODATA_value -9999
[rows 28 to 55 of 360, columns 384 to 447 of 720]
-9999 -9999 -9999 -9999 -9999 -9999 -9999 -9999 -9999 -9999 -9999 -9999 -9999 -9999 -9999 -9999 -9999 -9999 -9999 -9999 -9999 -9999 -9999 -9999 -9999 -9999 -9999 -9999 -9999 -9999 -9999 -9999 -9999 -9999 -9999 -9999 -9999 -9999 -9999 -9999 -9999 -9999 -9999 -9999 -9999 -9999 -9999 -9999 -9999 -9999 -9999 -9999 -9999 -9999 -9999 -9999 -9999 -9999 -9999 -9999 -9999 -9999 -9999 -9999
-9999 -9999 -9999 -9999 -9999 -9999 -9999 -9999 -9999 -9999 -9999 -9999 -9999 -9999 -9999 -9999 -9999 -9999 -9999 -9999 -9999 -9999 -9999 -9999 -9999 -9999 -9999 -9999 -9999 -9999 -9999 -9999 -9999 -9999 -9999 -9999 -9999 -9999 -9999 -9999 -9999 -9999 -9999 -9999 -9999 -9999 -9999 -9999 -9999 -9999 -9999 -9999 -9999 -9999 -9999 -9999 -9999 -9999 -9999 -9999 -9999 -9999 -9999 -9999
-9999 -9999 -9999 -9999 -9999 -9999 -9999 -9999 -9999 -9999 -9999 -9999 -9999 -9999 -9999 -9999 -9999 -9999 -9999 -9999 -9999 -9999 -9999 -9999 -9999 -9999 -9999 -9999 -9999 -9999 -9999 -9999 -9999 -9999 -9999 -9999 -9999 -9999 -9999 -9999 -9999 -9999 -9999 -9999 -9999 -9999 -9999 -9999 -9999 -9999 -9999 -9999 -9999 -9999 -9999 -9999 -9999 -9999 -9999 -9999 -9999 -9999 -9999 -9999
-9999 -9999 -9999 -9999 -9999 -9999 -9999 -9999 -9999 -9999 -9999 -9999 -9999 -9999 -9999 -9999 -9999 -9999 -9999 -9999 -9999 -9999 -9999 -9999 -9999 -9999 -9999 -9999 -9999 -9999 -9999 -9999 -9999 -9999 -9999 -9999 -9999 -9999 -9999 -9999 -9999 -9999 -9999 -9999 -9999 -9999 -9999 -9999 -9999 -9999 -9999 -9999 -9999 -9999 -9999 -9999 -9999 -9999 -9999 -9999 -9999 -9999 -9999 -9999
-9999 -9999 -9999 -9999 -9999 -9999 -9999 -9999 -9999 -9999 -9999 -9999 -9999 -9999 -9999 -9999 -9999 -9999 -9999 -9999 -9999 -9999 -9999 -9999 -9999 -9999 -9999 -9999 -9999 -9999 -9999 -9999 -9999 -9999 -9999 -9999 -9999 -9999 -9999 -9999 -9999 -9999 -9999 -9999 -9999 -9999 -9999 -9999 -9999 -9999 -9999 -9999 -9999 -9999 -9999 -9999 -9999 -9999 -9999 -9999 -9999 -9999 -9999 -9999
-9999 -9999 -9999 -9999 -9999 -9999 -9999 -9999 -9999 -9999 -9999 -9999 -9999 -9999 -9999 -9999 -9999 -9999 -9999 -9999 -9999 -9999 -9999 -9999 -9999 -9999 -9999 -9999 -9999 -9999 -9999 -9999 -9999 -9999 -9999 -9999 -9999 -9999 -9999 -9999 -9999 -9999 -9999 -9999 -9999 -9999 -9999 -9999 -9999 -9999 -9999 -9999 -9999 -9999 -9999 -9999 -9999 -9999 -9999 -9999 -9999 -9999 -9999 -9999
-9999 -9999 -9999 -9999 -9999 -9999 -9999 -9999 -9999 -9999 -9999 -9999 -9999 -9999 -9999 -9999 -9999 -9999 -9999 -9999 -9999 -9999 -9999 -9999 -9999 -9999 -9999 -9999 -9999 -9999 -9999 -9999 -9999 -9999 -9999 -9999 -9999 -9999 -9999 -9999 -9999 -9999 -9999 -9999 -9999 -9999 -9999 -9999 -9999 -9999 -9999 -9999 -9999 -9999 -9999 -9999 -9999 -9999 -9999 -9999 -9999 -9999 -9999 -9999
-9999 -9999 -9999 -9999 -9999 -9999 -9999 -9999 -9999 -9999 -9999 -9999 -9999 -9999 -9999 -9999 -9999 -9999 -9999 -9999 -9999 -9999 -9999 -9999 -9999 -9999 -9999 -9999 -9999 -9999 -9999 -9999 -9999 -9999 -9999 -9999 -9999 -9999 -9999 -9999 -9999 -9999 -9999 -9999 -9999 -9999 -9999 -9999 -9999 -9999 -9999 -9999 -9999 -9999 -9999 -9999 -9999 -9999 -9999 -9999 -9999 -9999 -9999 -9999
-9999 -9999 -9999 -9999 -9999 -9999 -9999 -9999 -9999 -9999 -9999 -9999 -9999 -9999 -9999 -9999 -9999 -9999 -9999 -9999 -9999 -9999 -9999 -9999 -9999 -9999 -9999 -9999 -9999 -9999 -9999 -9999 -9999 -9999 -9999 -9999 -9999 -9999 -9999 -9999 -9999 -9999 -9999 -9999 -9999 -9999 -9999 -9999 -9999 -9999 -9999 -9999 -9999 -9999 -9999 -9999 -9999 -9999 -9999 -9999 -9999 -9999 -9999 -9999
-9999 -9999 -9999 -9999 -9999 -9999 -9999 -9999 -9999 -9999 -9999 -9999 -9999 -9999 -9999 -9999 -9999 -9999 -9999 -9999 -9999 -9999 -9999 -9999 0.0 -9999 8.54293107397 26.9643427236 18.347922817913 -9999 10.7374668672 44.184735313299996 21.4606443243 -9999 -9999 -9999 -9999 -9999 -9999 -9999 -9999 -9999 -9999 -9999 -9999 -9999 -9999 -9999 -9999 -9999 -9999 -9999 -9999 -9999 -9999 -9999 -9999 -9999 -9999 -9999 -9999 -9999 -9999 -9999
-9999 -9999 -9999 -9999 -9999 -9999 -9999 -9999 -9999 -9999 -9999 -9999 -9999 -9999 -9999 -9999 -9999 -9999 -9999 -9999 31.8943088335 74.5660715787 133.957234158 24245.713722350996 471.1173695548 184.22151268 204.5552937748 5067.0280475931995 109.432563583 101.4967553923 75.2446177245 167.558431949 213.0617516338 113.4961269714 1965.3425211828 5978.5733047549 41.6751052296981 17.00903648 -9999 -9999 -9999 -9999 -9999 -9999 -9999 -9999 -9999 -9999 -9999 -9999 -9999 -9999 -9999 -9999 -9999 -9999 -9999 -9999 -9999 -9999 -9999 -9999 -9999 -9999
-9999 -9999 -9999 -9999 -9999 -9999 -9999 -9999 -9999 -9999 -9999 -9999 -9999 21.61685810825 547.8573506007 38.6655793302 18.0920187082 54.8786853756 37.7540181646 339.882091821 318.423160201 287.709064667 463.104971411 190.634176893 280.3711843976 9502.563248782 290.169349368 183.649366251 209.302410835 272.324377475 567.191173036 598.903379596 2958.856350518 185.18853057799998 144.5603357978 3866.1295869864 143.9446268419 55.57484924672 21.0090371332 -9999 -9999 -9999 -9999 -9999 -9999 -9999 -9999 -9999 -9999 -9999 -9999 -9999 -9999 -9999 -9999 -9999 -9999 -9999 -9999 -9999 -9999 -9999 -9999 -9999
-9999 -9999 -9999 -9999 -9999 -9999 -9999 -9999 -9999 -9999 -9999 20.2536646377 56.2469800767 127607.714537569 28237.322122134003 139.918552121 3705.93802259 2579.7147755240003 5010.865828336 345.136766968 258.741245488 408.559134299616 53521.773683768995 1537.36991477 14554.3640747 619.1191405320001 296.0188892135 471.37015287 539.6389781991901 7993.250928021001 616.6831810993 326.0038070197 201.5336562395 61642.951272283004 9007.427203072999 11527.70182031 13548.310891344001 105.2079294879 107.764814203 104.869292768 124.226783219 112.4695763234 65.5702512392 -9999 -9999 -9999 -9999 -9999 -9999 -9999 -9999 -9999 -9999 -9999 -9999 -9999 -9999 -9999 -9999 -9999 -9999 -9999 -9999 -9999
-9999 -9999 -9999 -9999 -9999 -9999 -9999 151.6244154933 1332.9086124000999 27.980326504 163.12706420162 10338.04999524 9370.810939517 8640.109232637 386.529618727 323.4396167245 389.26839122 622.888515354 2405.81134358 435.275649261 217.13339923840002 205.96907174594 167572.985868833 85531.394151328 615.606516584 31655.752486401998 37859.142549963 122884.30860136599 175.25440421908 5365.757429246 2570.48552928 41612.7165265 69985.1458925 5625.96408585 10172.4916304 3297.85217358 11078.8407637 171.562514577 226.8320609699 283.306473939 118.09625362 234.269595982 518347.740388916 55.7825147287 235.1057053107 141.302091563 60.1311442458 251.489883507 33.6508675642 -9999 -9999 -9999 -9999 -9999 -9999 -9999 -9999 -9999 -9999 -9999 -9999 -9999 -9999 -9999
-9999 -9999 -9999 -9999 13.9359920393 16093.4014226969 22825.1521872351 257.2953770779 9283.466149662 46812.11968667984 177.941440476 8083.5257757730005 5429.968397399 2544.31499452 13290.5830833 8390.53773279 286.20667170879 317.6078562326 232.624173104 351.423525592 609.855952606 10275.671881740001 44143.044960677 302.2598594132 315.55151059800005 234.7960242716 375.190337318 13922.840022293001 154.756258027 530.44780926 39086.8006563 81748.94951475 31309.4278765 210.563736976 241.541558463 280.38375038 7156.52989069 27119.320982 41714.6922033 8945.68481536 781.700228104 1135.10528261 1059080.88465539 179.7704930928 223.8843212251 5191.01720713 410.562487389 442.532312155 215.84980336499999 71706.405155153 15663.1287695539 139.948473401 12.5598367331 -9999 -9999 -9999 -9999 -9999 -9999 -9999 -9999 -9999 12.5723891704 607.3695545977
-9999 -9999 33.9195783472 15754.001997589758 53.792083749 58.58741326962 136.5775404199 193.75169381450002 2825.843770905 2826.045899995 49233.4311255 4360.20453431 374.17350863103 23602.1124088 20548.2280657 24614.0118751 2044.59180645 983.696184101 10843.023463112 85211.989928646 11761.689463969 610.10646994887 100030.85356319 9625.541760282 61448.690095813996 13573.262261374 194.6661291678 3205.60875034 147978.810576961 47579.4542747 16613.658676 5106.65585459 249.557944225 164.772309038 251.686809455 368.115782235 14689.6502222 26931.0751428 11158.5304338 183.009742149 186.751899616 360.517178393 13010.6756635 159.468170599 6616.47818498 5913.4676731 382.289208997 138.989512057001 14414.510105251 50317.358704996004 81910.95733396901 8069.62311176 8965.89984108 15547.862139248 484.6830739261 11681.58746993 -9999 -9999 -9999 -9999 -9999 -9999 -9999 17.7167565683
-9999 275.0053925317 11.235632665918 -9999 -9999 62.65975710289 357.1073637777 398.9588129074 1189.54001905 20817.062341 31631.7819859 25215.7489757 8509.11662626 8406.079687817999 423.066731423 468.869836785 81382.272063879 79011.00277330501 1017.44569194 10572.226432003 175793.57670814998 691.283955181 179.80572063 1962.484373622 138.780163928 191500.585120301 184.016256246 138.580627187 295.745189892 5105.00141797 30088.6521035 71245.2813286 5423.1958832 385.437036161 209.1689451959 219.783496762 210.867571515 6977.55496335 7513.41108083 34954.2165553 45263.5669161 55432.5259358 233902.8433142 264.11026139403 8812.909351102999 224.394868717 107206.88901543099 222.37871501749999 5279.927367975 56586.764938228 75804.130640131 60235.954171186 164798.921951312 173140.683614291 22562.94729222 12756.872899557 10685.430637684001 4808.0683888099 13.4008532343 -9999 -9999 -9999 -9999 -9999
-9999 -9999 -9999 -9999 83457.33210586107 38043.643424292 28206.837862430002 2440.90921309 8159.68572402 17082.4053955 616.39118441179 1240.67886519 24881.5829332 20355.3552264 36974.849286 25222.5100422 348.779142258 87778.44828977801 1976.579580134 925.3918538749999 1089.8865554 1370.0381553928 2951.90315749 1520.1862517 214.265826763 165243.157692677 92533.02401403399 155.645021904 165.205893292 3575.299460492 590.288841448 1435.8692247 705.871066363 553.540098786 282.725569843 189.2076312061 230.4471421673 333.741554609 249.519061035 2330.2726991 897.351096195 296.492322098 27303.2931076 168.514786805 10288.9322069 171.64822951690002 2359.695351385 2025.258859432 320.116126776 40857.842624967 273639.971986642 300254.66436173295 475.44810604689997 61894.865090926 45932.82913165 14939.467194062 27225.300790344 15095.225438277 475.10774962612 -9999 -9999 -9999 -9999 551.2843234934
-9999 -9999 313.989396735 11258.898433739 13205.786334 876.2974153239901 879.6849261194 550.4635167027001 6075.97537323 15450.0175511 4321.64080938 18346.4780001 15890.6448804 23326.666808 17899.5546909 14574.62208494 8528.26840677 2824.1597610530002 12085.957008057001 76986.2608252716 86407.78772141 1017.70260854 445.5787480754 4751.822027730001 20824.4589265 199.005595891 1868.485863214 31708.26268257 305.783970921 315.952922557 46806.90887441 33508.8895379 3484.561470083 331.0140639131 404.439960347 270.514205757 464.712638571 33522.1348714 30052.3410394 75289.8915706 104941.567948 16134.2368887 103.435800808997 4064.4164464274 7780.5389198 4975.8159056 21096.0116702 152798.198626868 125078.531496524 19801.0815416 23066.746054643 17680.67415372 90619.581447716 136033.115570696 74377.760747372 662.169985335 358.939766553 9445.641204059999 317.4494010216 -9999 -9999 627.1019543797 -9999 -9999
305.72639561650004 14753.295051706 5832.21915547 5866.13412859 66376.58865567 859.981518096 612.7668889548 543.76821898141 1038.81032447 8506.37739246 31430.3729014 44014.16547409 12234.2979746 8285.69220419 1464.48615317 455.991798932 6519.57673667 9448.81675821 3508.946145 9979.431260283 481.56021377449997 3630.92769765 453.7741169135 9017.93886778 16724.49546316 6339.53448329 17072.466094299998 25959.50520233 2368.89539794 32986.7194277 5679.48347053 5965.1979913 84304.42816324001 319.103279026 17932.9267732 524.611841301 529.681256688 81948.7392562 53738.7412244 15120.5767917 59323.8917816 309.277265066 18049.2064996 2980.62839477 105.26604037380001 23.5221313672 16.0027139223 39.3140555324 1346.1548709758 342.348739071 153.5652615632 16918.58338694 13880.3989182 87428.45561944 10973.947106157 3828.6827390955996 227.65755289089998 -9999 811.046647721 15625.667386892 3162.147916788 69150.576128653 23544.875458081002 2524.9757648341
99.1166372343 564.886874058 32574.896085300003 955.500793481 54016.2179912 5054.86246737 29078.332087723 14836.8191154 1884.9094606616 8960.80182212 24420.802919 95572.98323181 74597.1136775 344.077103568 5463.585408774001 1351.17832621 1573.99907995 5436.68231034 5490.34656268 38497.8010653 72233.41867761199 5189.174695655 15797.44517997 2552.5652340730003 48034.263548760006 30446.63224784 7969.943697999999 16661.028304182 12518.388428315 6835.022984486999 1168.42836378 712.804669617 3552.979357308 384.579845641 10625.793094686 30792.4263647 5165.74719749 19713.7740006 43513.7999411 135566.725446 115308.466384 66121.210297 21661.9435208 18642.3690177 390.781220148 307.671844447 -9999 -9999 -9999 -9999 -9999 -9999 -9999 -9999 -9999 40.50866776683 9049.292842628 3801.0911084920003 3262.535604737 32013.941760343 21930.292650374 28010.535192800002 19855.300991031 45016.069563437
13513.103179432 2049.83205237 637.45226966329 6633.43269003 537.9016218429 1650.025898302 5061.7506001 403.269401842 16715.9642425 1347.63325127 19042.596536099998 1239.67637081 1967.92420379 17048.06620939 2014.26827563 2075.9748899319998 3565.5064125259996 883.579437453 33553.14061614 8373.224871368 -9999 -9999 -9999 -9999 -9999 50.725625669487 89385.51121660399 52955.28867946 174887.41387061 4684.75755929 3523.8493541549997 819.496038661 688.069281462 563.387983835 35649.5011929 332.18030881 12160.4783544 32171.7226907 51236.9642334 26682.1338509 16535.0428336 20822.0111083 1115.95031942 1137.83302572 1077.66519227 629.184342318 -9999 1209.2883632491998 -9999 337.09991052009997 100.0895621575 30.0872144117 -9999 -9999 -9999 74.6241250704 259.857295974 409.3630849327 320.08586310239997 88785.369212041 4838.654848466999 323.55083046970003 24600.371032181 149821.866770349
1364.97555296 1186.31670418 30343.6847178 29761.8574017 25493.603741347 3730.32298668 3776.2161595794 6982.6630741 21221.758622 12224.21741645 675.734575884 1930.55997281 3083.15640277 11950.95269296 4979.4081121300005 1816.78690794 4822.20807415 39848.06954931 31156.1384998 -9999 -9999 -9999 -9999 -9999 9279.36773502291 10689.4177834 28893.55428443 42398.27843061 4445.19362971 22799.5542147 17415.3949352 331.243000289 2859.7889302900003 34065.459919349996 15013.9944924 315.0313365829 447.433163751 23313.6747167 666.669606554 42847.228197 2591.2665582 1335.71827134 1342.08032322 1380.01040041 1374.84204795 1231.37913083 -9999 -9999 -9999 2304.019546904 306.8520402683 4521.293751246 4737.615467812 8304.198465515 6476.282772239 787928.9627371209 4429.14902877 1306339.2468068202 18765.925030174 462.817074627 312.5244493796 4919.279272311 1655.88591989 64736.98064531
2333.35882716 576.0089326337 687.1241441861 644.027199689 55041.8514851 462.539230532 32640.0544142 41290.0704571 2740.4488700399997 1608.27629477 3534.04288894 722.470492572 1476.5271264050002 2276.08041339 3570.53548015 5125.27849883 10969.723870654998 8923.065440045 4741.325108547 0.0 -9999 -9999 34.2655160128 13089.741475294999 60249.547175136 17874.7087513366 7289.545962297999 11250.3875205 3716.36419464 104535.714251 215737.038408 121985.9831455 29894.35657319 3277.0570053 44774.67489752 40562.95891507 44309.3797229 28887.3522981 12222.2354303 58778.6570446 7222.25173252 741.948492327 20680.3161365 66019.830182513 23877.2049917 1356.86700992 1885.7536035 54854.80092959401 23105.85973656 -9999 68.25735096827 297.276916311 333.41314426400004 318.0577017218 473.19008978240004 394.39007191 4235.95837218 18113.99600312 5828.23279039 5804.34091155 1886.4950974076 10617.35886373 35194.45775148 370.152934504
646.832034248 34264.6225828 75571.3821648 2153.7794726 722.448905236 104777.372066929 61052.03254913599 26875.45582273 4066.94096235 6192.36818262 21628.076923 2173.842282802 928.7429919788 2118.247166438 9320.410128706 19142.472794369998 115615.59370574 4160.8351298729995 -9999 -9999 -9999 33417.139765905995 94934.17959915001 8291.152615413 1996.3611843039998 9612.7537659768 6100.2301076684 81401.34311059 393.222555747 6372.78828188 18734.402969086 1805.668004711 375.319556045 2019.658484346 17478.15421283 437.706247536 452.658501192 52424.154844 29863.9692461 335.030077111 516.462066059 19550.3587723 65948.37061 7186.66343746 90288.4241564 199056.560116 23795.9218977 562.349945567 18953.021755903 293.3447201787 2429.9085316540004 235.23429206990002 2314.66896166 2317.89996217 39943.09165453 15358.763252495999 733.8246232179999 65535.836632697 6169.845450109 292423.08890135 40242.322865664995 4310.083935232 3255.480317054 17637.648788017003
1925.3559185200002 22482.436822659998 21220.84877701 1370.395111704 163548.25444716998 95290.7049885 2006.88852262 2219.073668823 5854.22133706 3574.31170184 18163.51763332 5730.79343838 8184.941417776 42690.304844647 3503.508601207 131.688730042 -9999 -9999 1462.766666468867 71454.501682322 5193.789654243 102156.31407604701 9812.841965241 102843.94149322 659.308557392 39754.7907854 102485.730922 92971.43724457 32413.35242503 77467.09400162 77060.48557165 114019.3043133 68584.83865608 421.952587744 176988.67851748999 240694.894256 28610.06119744 1078.38241603 795.492075318 358.423367943 15798.3228816 13286.6215034 51024.5047435 226517.576063 19044.2428531 83696.5641214 81096.4409442 3670.59509939 604.3809259679999 61081.93168537 321.084317417 3916.17744421 29028.1368667 26671.623189755002 3021.95519919 334.8614911254 560.4519031744001 5601.787322489 98431.06211996 295052.48792093 8496.68224306 3378.921202948 3650.702772956 353.1920160676
7615.35889596 2180.9962980616 860.539921457 2083.40872151 134558.59287418998 38589.314776882 26450.449440177 4734.68514562 27488.96132209 3047.7847598519998 15783.856090410001 45560.26750521 209.165048352 -9999 -9999 -9999 -9999 -9999 377.66792446 6394.838945824999 19397.32977254 54477.577080826995 33250.04154442 13667.555722976 7537.3667200808995 2589.171541838 53801.036685290004 158160.5843437 128936.61140200999 148780.50421509 7970.396537763 337992.58976189 170917.81650332 137921.3040849 95395.48207540001 264637.24793769 79623.83674992 4993.91068067 33897.2191785 422.651730024 20801.8057488 501.247318118 1390.62841032 41978.6240813 34170.3681308 231304.753703 191920.679664 50792.1330748 770.390747336 88439.99932661 992.754941654 446.3626170724 1085.33157988 56749.401497303996 459.13695154659996 197180.50195231 33104.407332604 413.501117497 77539.20384526401 8204.447950081 4165.689391038 799248.01938917 6285.63681231 6268.12069176
728.081186534 19456.648983 1096.16825863 2948.0944022900003 28562.81670028 2934.72591616 46027.137170994 709.849349176 4171.69846096 6652.66483928 112074.28650446 3778.7367888201998 -9999 -9999 -9999 -9999 -9999 -9999 8942.575869544 2630.258230706 10738.131150508001 5894.264395511001 4894.210567671 76392.20807507 88340.92073473 85176.02535160001 4750.704444802 244296.31413627 47712.43680948 16303.12383746 55308.60889 78313.9484846 240219.48172443997 214652.04355164 245414.73398723 267251.97583687 8038.4580653699995 100718.32693642999 10834.9404822 604.977766639 28471.2026492 3773.28918548 11454.0651644 19155.6733674 60817.944412 317938.854017 182597.234734 322274.906322 367.449609823 120809.189665 21980.4101729 50793.201678825 46696.9070621 451.18057709 2066.16521225 462414.30719867 81471.10430328701 32733.912709717002 631.2743978271 432.3209648042 673.467642106 253458.54027054 91719.822641535 70552.56342820999
