Model Version1.4/trunk/output/1999/npoint_tot.asc
ncols 720
nrows 360
xllcorner -180
yllcorner -90
cellsize 0.5
NODATA_value -9999
[rows 224 to 251 of 360, columns 576 to 639 of 720]
-9999 -9999 -9999 -9999 -9999 -9999 -9999 -9999 -9999 -9999 -9999 2631.1396525078 17122.6697665635 33851.2681144854 99912.5382119404 5849.3007490515 1318.5652842125 9038.04441038 15669.6518675916 2306.3350496365997 7211.8678583525 56137.5617676278 36267.0008909433 37.2659233707 81.2526701672 1429.1507287161 2351.2591842753 37.425243193 623.3362105818001 46336.545810646996 25255.4606592 27497.8859406677 100.32270199000001 2460.6637809318004 39.3452675145 39.4502660573 40.4606180948 40.4759229678 41.841819834 42.0172721987 1024.7907899632 212996.150001 50061.318431549 11642.765664149001 73.3821743298 66.9187684439 48.115739194866 54.422490716009996 78.9639296708 93.3057160843 68.9975091579 48.7087659545 68.7731450472 1329.7106813503 68.2501975192 3686.8846634651 13375.6175577557 8732.062502769899 19184.0176670162 18669.7613777415 15192.7083940513 3843.561784702 293.3521777614 11704.364481693601
-9999 -9999 -9999 -9999 -9999 -9999 -9999 -9999 -9999 -9999 -9999 168.21595226769998 2678.744094268 7780.118418011901 8100.191481957199 221622.92159759358 147069.8018082296 10856.976826893 21902.1107492656 8827.50287398 1373.4684942505 144.3488422044 7735.202382056 18927.8306002709 16849.9976372655 1493.1641392288 3711.3934569548 37.662710642 109.5652668518 7995.7381420314 22987.339866532 5500.156709995699 54.8067256773 4191.146690469999 8588.7543480288 39.5962055567 113.7716291387 57.6327246943 42.0591586902 59.6511278545 120.37197371890001 43.7331635206 63.929337969835004 247.53357533899998 703.776133963 198.6290332955 9032.618683572 193.17571339699998 39736.3932459844 3987.5865237518 221.1750736493 49.0353246874 690.0439773769999 214.7759019833 2142.4335003578 6920.2377326605 140.7256805655 2390.8577108678 86.0384226334 649.9743225251 637.4100041388999 15416.549393886 1375.2110072792 372.33997847169996
-9999 -9999 -9999 -9999 -9999 -9999 -9999 -9999 -9999 -9999 -9999 120.4802077779 29565.3528417508 15546.8668912862 7410.895929735 3001.122104081 17448.236077460402 59886.342831729096 49059.836143952896 26951.6190536007 7315.8580934446 81.2711990059 236.0231001599 21666.822922546096 1651.2591784256 7019.6614360373 36.81663858627 34.6945334269 9407.1939292516 93565.9453919 5545.957655148301 45.3327837298 35.011804461 35.011804461 109.2449457218 276.2453567235 12213.4097489579 42.89548104681 38.3105706532 54.4794114936 39.8255582894 47126.7003258 41.7288106121 41.6978239618 43.1818709022 61.2081047137 44.0365114515 44.1490168286 44.6180942684 163.2691125359 1515.8041549474 61.6854100538 133.249482872 323.9718708123 63.3951065592 62.0321765964 7622.1161815316 44.5682266203 144.3136598529 5335.2741044738 66.7629692293 2241.1710321888 8904.788139949 5469.272482662001
-9999 -9999 -9999 -9999 -9999 -9999 -9999 -9999 -9999 -9999 4.12685538685 79882.04695750521 16246.9016403221 3020.744965938 7227.307275094099 26233.5668976969 9106.0508756952 35340.2359675944 6165.926363854201 96335.4854114739 23168.764884222397 21976.324882529298 1125.8080337368 573.8047132904001 789.5860478246001 9147.2934178494 6892.4519088401 8946.0696102532 51.013217584980005 15562.116967170301 13036.6932511976 43.29483811266 49.6959378557 6168.2347001751 5725.5388595299 36.0413319078 8774.9990739371 68.2747077087 808.4657857325 38.5839727897 56.3756034586 40.0763277618 58.9433140516 50.143456705431 55.01450379971 43.6835581234 126.24730978649998 48.06796637091 48.107314384759995 48.464453755689 48.699164740600004 72419.34794320179 947.7588730331 5496.877558334801 7776.154530320699 202.3946425365 44.7516540986 5653.570417320901 1254.9367699574 6806.2445633009 47.31724017 2736.8260504632 49.1249415994 5026.744198069
-9999 -9999 -9999 -9999 -9999 -9999 -9999 -9999 -9999 -9999 832.7923264953399 2824.1771883653 778.3518156039 180.8957604162 150.1755478807 25720.1454568454 192.8527129054 16082.129264150499 4794.9960363858 94.7717860193 31091.663647760302 74566.8971560053 6406.730662917899 16862.5926976379 557.7871355955 23735.530961056 4547.8694763295 846.8623764252 33565.1178256995 47573.086504228 16547.5202607884 41.97872589721 229.3058790855 691.6784129816999 39.91729872586 33.3447837264 8956.4123776442 348.0113333042 8029.8015720014 35.7226713653 87.3530193974 42412.4988615 1053.2686643698 81.91530245468 865.2610404162 40.0303716843 40.9118943616 55.8442242886 1890.9029744154002 3464.0864137539998 115.19110005229999 135.1258424311 63.980340499700006 87.6439448707 8513.4174494382 23319.6395270254 522.4535841723999 5444.3648235969995 4380.4314379487005 155.4249157737 3062.4681432585 2083.4223318379 46.2283268997 3786.48702911
-9999 -9999 -9999 -9999 -9999 -9999 -9999 -9999 -9999 -9999 3977.2706754065703 68029.9405040072 56691.6024088061 35917.208291284696 20658.4667347264 24365.3111237228 30592.8087275936 65.51258195860001 643.282633926 177.02586281729998 4556.97051151 7083.9526394899995 13793.2599314981 10387.975871081198 14789.6569078667 112452.0511037876 12895.1875415477 59159.7849182649 45082.4139257047 1118.9777484096 50792.925706385 348.33586132840003 2749.4463014433 563.638134177 6706.8038064391 9958.256201194301 7656.75769513 875.7959939228 43.91080803829 343.2827390251 3870.082746711 1414.5520219975 3769.8149500956 49.8390554026 7001.8117367138 4565.8563040306 101.0225065561 40.9258988477 41.3189632303 41.3814767066 13451.0609729528 329.807549688 139.0323138432 40.8450482165 40.7958057575 8205.5252107041 2194.3100895403 276.5833431772 1953.7569448025 787.1482233853001 2438.024893999 2093.285078668 1917.899667552 968.899976797
-9999 -9999 -9999 -9999 -9999 -9999 -9999 -9999 -9999 -9999 0.0 26529.5113041507 3481.6169613331 587.7977081025 33846.8908883464 24226.3769217816 312.9621927654 27092.3805325465 24734.818427996197 22758.6160905377 16186.3102190557 14017.3613293414 52113.2771213027 4787.736525114 286.2571549847 789.7955073118 2582.7517137335 186.4341115838 508.4678514884 17652.8724067676 60575.4832207238 1310.0834282974001 3108.4112223459997 9308.690787940299 328.82418576320003 34933.3014491615 11466.9436989137 45.9356830766 33.3648375768 4321.3485515158 18696.1304191081 2141.3184079292 1415.8868976405001 539.9917441545 95.5874546414 435.28210484339 37.6798982631 2680.0351903504 976.9262916778999 34313.7837192948 10113.164275454501 3934.8144361502 5092.956036865 37.6142543989 37.6917620042 53.2823837199 177.28666930309998 2132.7897993402003 745.5538538408 1140.6827277139998 1156.3372374068 626.017034092 62.2721310654871 822.7062114053
-9999 -9999 -9999 -9999 -9999 -9999 -9999 -9999 -9999 935.63315848018 3667.63453053629 2312.696983721 4116.5983796305 8789.4262931065 2802.6312405206004 1636.858318411 814.0792462913 247.1820015367 20168.5031716399 17050.8448208092 7192.3060233221 159.3625888704 8116.0436502005 101795.6645400295 39920.3483517184 4352.57303851 370.0558749726 14304.147786465699 957.6344902398 2365.7533625111 53109.9798672232 6810.3777053699005 285.4717532696 17207.027300744798 13145.328691356199 1950.4317468812 33.183693141979 32.4901984101 337.27375985369997 5106.244035578299 144.8114507821 3529.4236994619 51.951299116 44.52459534026 763.1639486271 406.0491060492 2199.0966329805 519.3628860886 4853.1429485272 363.27756157920004 50.585764215400005 85.1786247015 166.1762119247 5043.4571717197 9264.9435652479 3163.128675867 53.5865925039 5849.2013440097 1839.8050476253 39.407959184782996 41.2358379026 844.931435733 365.39061930879996 1091.6356767807001
-9999 -9999 -9999 -9999 -9999 -9999 -9999 -9999 -9999 -9999 106729.8120593225 5731.3664294743 14356.5758238577 181.2689256454 5001.0772640455 2116.2477488336003 76.5855820189 27551.5141609949 1510.0274931952 122.8097756839 12333.1700386012 3674.7282798918 355.65832757870004 131.742758731 150.9172476712 3184.1525139296 44846.808739183696 29770.2183758137 108544.5595785753 56738.7438008 93523.4297535927 2104.0523519695 8025.4221208615 19019.4226710199 7665.5389035079 1172.3749292837 30.156832059 48.687235972790006 7835.8335322587 5096.5214801142 470.9236901999 1155.3248816 3781.8336994675 49.6115671336 1587.8678743309001 2762.2195167077 982.5235481259 44.80232645955 49.1642500195 110.10374615090001 1459.355676051 276.229347952 714.1082244595999 1554.7855215924 44.469566130980006 723.2021531778 2704.330055027 3315.8161571509 162.0586835272 36.8572749243 39.2908789029 106.520112988 76.92472396 42.4057048248
-9999 -9999 -9999 -9999 -9999 -9999 -9999 -9999 -9999 -9999 19.673983494799998 2995.9627548452 457.15018874709995 489.1429028418 37.12934458491 151.3224121248 30961.6214592373 758.1205327749001 51.400640482300005 141.0403781319 35499.122287815495 192.9589562214 17053.3995362009 4936.4793111917 35445.0887855084 52096.3884701904 10204.9224231613 10961.3421166015 8331.1665152862 6655.1170383414 24674.5413768701 1066.5929999614 106.2181884032 2903.9726656609 4312.3058554361005 92236.6101457803 859.3767143737 137.0388627746 9766.3534973984 28145.5735899108 1867.6562798515001 16912.4010310334 6457.3347468552 125.27014898530001 95.7308550188 3683.7874746626 6396.5677324657 10564.651269586499 7883.3941963432 5382.3413268774 3696.1609659078 15978.2466373404 6851.09780864 2529.3580795105 10707.9858549984 118.01551589920001 2760.0370179696997 1987.0404005215 44.57439944766001 36.7879185642 39.2459357544 106.407895475 331.703730332 42.3477882504
-9999 -9999 -9999 -9999 -9999 -9999 -9999 -9999 -9999 -9999 -9999 11.40973099821 101.2615588963 38.821388221 8713.1252414799 27149.5315543843 12362.4454100388 1613.5414865033 456.9082393096 10505.2184828774 2702.5740551597 18979.828009525798 42534.357247244196 1932.7362860638 520.5946344243 100.0155374087 98143.3364394273 121.8912553982 27.7049496268 27.7168503783 6038.0841116493 61.156236735600004 36.40602969346 26.9273155501 159.3702683883 16260.5810000077 88.2112697581 4971.8846105056 536.1230125339999 615.4204116171 29.4032023037 235.4376611889 2664.8956860651 30.9613140903 132.9099547682 31.7678900623 19037.809107284498 252.36079700599998 14125.1901244684 6286.628480507599 5765.3149418957 709.1085237282 36302.5830213828 12996.8236782558 3211.8456158028 22884.576253587 3191.6025741490002 894.1221787602 36.0531764615 35.7891865227 37.933279617 182.596602714 40.95742782 40.9605535989
-9999 -9999 -9999 -9999 -9999 -9999 -9999 -9999 -9999 -9999 -9999 -9999 43688.51290291081 23740.2796919601 1834.0442150316 82.0469990135 73.7235868641 141.2463501165 48.0581695465 51471.7227016265 41064.639216617 677.233194287 496.4309909329 12152.1050759461 9266.241761851501 13971.3502314619 23580.889650922 36064.750897099795 238.32665012869998 27.7140520796 7122.3530395216 27.1106070335 38.1294173891 26.9030046146 27.230395314 27.237282982 270.0488983497 179.4193359992 12677.4022282907 35748.5832395097 7294.6990588557 37093.9897427462 916.5423316545 30.751384217 125.668118718 31.6508274269 9848.491748877 32.564574082711 17333.9959629307 255.6240921831 9082.8275267416 26472.889287503902 37.06565255142 33.0279910814 199.58773828489998 206.2537351488 34.3877103026 637.578539041 20826.286641937 185.44998816 131.382345441 38.4062842327 226.8159486695 230.4791093511
-9999 -9999 -9999 -9999 -9999 -9999 -9999 -9999 -9999 -9999 -9999 -9999 500.4238148197 35.82761526918 8688.015815844 8122.9511591694 12465.103829529899 1733.1331886934 1110.5877940786 74384.1233998737 302.2431222956 2354.5144877051002 2848.0408391775 39219.7260723284 41906.0995649351 33073.1385577818 80.6198688211 86595.1112271636 85040.6477098167 37.3121005531 25.7278765804 2355.9226046322 11273.0287884232 28003.1459347437 505.8593324986 1124.1977492864 21085.6467557151 908.8879468291 23017.6772866477 162087.2376143192 147092.6087924905 301.0956412204 313.5987693716 1918.2783662004001 2046.0766370832998 2548.4982285632 17591.7671229188 442.3716906316 100387.2553821146 38096.5926753968 2249.2416244657 344.8105934903 1675.5652975327 1249.3278235945 41.839386534460004 841.4721596308 3512.6455463343 416.66078237299996 294376.314193 6295.02105233 39.6181739366 39.5945039796 326.46738590039996 41.8395385549
-9999 -9999 -9999 -9999 -9999 -9999 -9999 -9999 -9999 -9999 -9999 -9999 -9999 100312.6583749372 8673.3242995817 32.7630975624 11305.506607629099 4965.1084181386 137310.47066920798 23580.8044316988 14889.520516388699 127.71960771850001 30423.4712876568 21269.9655139 9968.5939705854 68825.4399409621 43564.744835886 662.7740429712 102773.4056804115 26.3910292011 25.6955405283 25.6552959195 2333.6222859012 25.3050108718 1230.8206563203998 103985.09219116291 25.4324521015 25.4564276131 26.0814293424 34103.5597367214 151662.277377666 23680.072973914703 39702.4455174966 27.5805041357 28.5517858989 393.0174384795 29.5652274011 15850.942218403901 3994.8012102737002 30.1862938399 15718.6133607766 8083.1708488741 32.126308937 32.1187416659 33.749933805854994 39.200731938189996 82.94933207989999 81.8622988461 4908.266089980601 52.528217019 278.151265693 3416.020057655 59.0801920363 41.7862056097
-9999 -9999 -9999 -9999 -9999 -9999 -9999 -9999 -9999 -9999 -9999 -9999 -9999 7293.7999323856 6272.9191275007 373.4898551953 2793.11200094 2062.3921322048 591.787301405 18929.318618849098 12638.9349737137 35.526901193 12578.870636363199 96818.4566303065 3393.2498750911 1691.3890327423 28421.3469499853 161044.8591261113 20866.6035629268 832.4629971132 35.125100981 24.7644133611 24.5158144128 24.5953719347 2270.7121107047 195472.8940971576 58326.5275953703 139122.5312253043 161881.7951966108 12915.0570593136 462.3465489331 17352.4395355545 76032.5403803806 205.0580728372 130.7446803496 183.9718984003 27.77014607 14353.4215849699 2938.4141609231 360.2066043947 182.2266059268 30.6634848912 32.6402855208 574.3172811435 49.3186344659 35.047086531682 37.648780601043 53.3490922948 4702.656311823201 1965.6532319079 43.1102560766 43.0469849931 45.2185459157 85710.7795178
-9999 -9999 -9999 -9999 -9999 -9999 -9999 -9999 -9999 -9999 -9999 -9999 -9999 5991.2800793409 27348.6222878177 25048.658072437 1162.1529846988 72.3907565804 37.4162928427 31453.5632455635 35.4269834741 35.4719852464 32.3584754572 32.4098606317 1212.4777561528 56.6397739616 2429.0392306303 44653.8272496896 113409.9987728051 1999.2206162565 779.4707371167 36.59442153396 24.606203315127 24.4081663358 1610.5784491133 181405.6678574454 2355.9361451737004 228.3215401947 5515.070470356 3563.8094621724 47.4611636882 24.3880532447 132073.91676245298 159.6972494218 1590.5773784343999 26.826268799881 141.2822875571 36.971091854 4722.995267520199 53481.6372665548 36951.1689680549 30.5873060656 1391.7555112516 8704.7762100743 38.15226304314 35.681421790725 52.4834346682207 68.4658260962 40.4144494498 40.6348741572 61.3705478284 43.513999979 64.0199164398 45.322054449135
-9999 -9999 -9999 -9999 -9999 -9999 -9999 -9999 -9999 -9999 -9999 -9999 -9999 0.0 2368.4824447636997 17821.7827098048 1508.0604734995 7165.4036493396 30392.8726892 9810.6077036552 163.9279563166 51.9460241309 32.6137202879 58.4169791192 146.1482874627 41.4597188356 947.9857834142 5844.322993551 2407.3907484082997 886.6119749011 10183.251563603899 24.305700089 53.7513334657 37819.204529989496 889.5091381256999 2767.6927029697 22.900036977666 22.4591838224 115.0451128965 22.7351258616 53.0733874612 104.9435360203 20743.6688901584 94521.9561510648 267.9036795165 4880.5728371137 94.9812995743 45.606460983800005 39.818335348 28.1719782661 135949.04107935508 45466.6996302734 6943.3839797575 7698.4947185711 206.31579200439998 36.6949790756 40.1328234619 1041.7553504995 74.5514485257 44.599310879 47.5402617843 48.2375461938 50.8479927721 1807.937835344
-9999 -9999 -9999 -9999 -9999 -9999 -9999 -9999 -9999 -9999 -9999 -9999 -9999 -9999 85.4435653579 1626.2250643148 34922.186715180105 39.6136323265 123.74811474410001 55.8686051941 7063.3003654163995 5246.1325064128 246.6075392336 32.4189797568 29.2307551119 29.2601953269 85972.3641470132 7060.3218721976 9431.3700752161 68.3263843383 13999.0388352724 11100.2040499721 282.3445429394 105561.3656913251 306.1281233044 9239.8559869608 127.82624707389999 170.9669978274 230.682948434 216.3204303645 6274.8677702907 7634.7498665107005 25.76632666321 24049.8631135355 24.2468059637 8441.0221361753 174.3666096671 36.7262818722 27.847680508 27.979878203 30.5073340301 574.4820029337 338.5359244649 1976.563513772 2064.9959743429 36.5202618622 39.9264293863 12540.316875397499 198.0775067818 2044.8577145887998 73.3870932379 48.9919503021 50.343967639437004 69772.0757177521
-9999 -9999 -9999 -9999 -9999 -9999 -9999 -9999 -9999 -9999 -9999 -9999 -9999 -9999 36306.7074463424 28953.184775039397 4672.941075088401 15364.7547729912 4535.3062682405 122.4865052264 233949.1311078708 737.0060309473 192.6618401933 32.6054518511 29.1535618516 29.1326773515 26.5336491027 32834.5068339308 88.9121991471 3963.9987854033 18944.322512996998 7978.8493401593 40849.196934259504 33088.907402884404 83.69196540979999 5735.3858136213 5140.337674885201 659.9191639603 5122.9059346015 3293.2140675806 793.1005051633999 155.6164236045 56.2354613948 376.61983875939995 141.2275147938 16203.4434424976 2268.2555543746 12704.027594677 48.4435992568 179.13640767610002 31.200441906 279.32193390500004 2947.9410418299003 74283.600945756 21162.712787146902 4533.1485488896 34536.8059274867 1085.3017858434 203.37755578 17160.0074544811 2832.9112293603 270.4986468519 2267.8201622545 433.0013853526
-9999 -9999 -9999 -9999 -9999 -9999 -9999 -9999 -9999 -9999 -9999 -9999 -9999 -9999 -9999 2490982.9351297533 308917.624151531 87954.615950445 24803.329338031 345291.759263259 25762.0525736789 67.4700154241 2237.2469529167 32.4587863036 29.041738736 28.8745989093 26.3535191556 57844.7821789859 16345.5846336 24.5187255044 23.5852676591 23.4696816418 28754.7790721256 40754.7948374653 19579.8031950142 24396.650126768902 6020.8497089085 1295.7141997371 1431.97100602 8957.779602767501 12911.4014189795 11414.529509209098 6756.6099807134 11.331290586 38357.04228486 10098.3872613705 2953.59660010275 17.1889397137 90.1265405421 33.81153982325 43.8154263027 20137.523894054102 27033.3603960564 5552.7809043539 8598.6023501565 10613.0219385192 30675.674884695498 61242.184545377604 13463.2108796954 14641.6410435403 102.43821960880001 54.3255319578 90.21884854570001 118.66389025390001
-9999 -9999 -9999 -9999 -9999 -9999 -9999 -9999 -9999 -9999 -9999 -9999 -9999 -9999 -9999 1588067.079816643 192379.05937682 7603.484807446699 185921.840944514 102.6416010635 71877.80485443909 17167.574971020298 31.3448249699 31.2973304643 28.2533196341 40460.7497242 25.4741621842 41583.3450740535 23.8308231406 23.7656317745 32.5466416227 22.858537094 22.2188271665 141602.88880797912 21.1591885989 60528.961706488 11609.951250804499 6149.0757071668995 9264.1442676744 70980.48714136369 5.71582964247 -9999 -9999 -9999 -9999 -9999 -9999 -9999 25.47628085096 39.94411001534 15601.8616349649 245491.5354570387 873.3967527135001 111.20234770600001 466.19617860339997 42.0988785277 51514.9684286204 47.8981648743 75.0644053102 75587.31504732849 478.7403562941 83.9973470685 85.7025659797 68.15417608378
-9999 -9999 -9999 -9999 -9999 -9999 -9999 -9999 -9999 -9999 -9999 -9999 -9999 -9999 -9999 211272.6910729 1336.017984987 30821.074672573402 12568.5988920814 54.2972307455 34.434984417 34.434984417 30.9144442943 30.9537181703 39.1147009659 4678.6486586592 12522.7711254802 12661.336414630001 30.89253118045 23.4404389864 197.3097026406 4306.9328618388 21.1527446223 147865.6468044376 11.6483669035 -9999 -9999 -9999 -9999 -9999 -9999 -9999 -9999 -9999 -9999 -9999 -9999 -9999 -9999 -9999 -9999 0.0 407.0071499756 35.7508793115 41.6837175709 41.9828972059 47.4398412844 47.3418054814 52.2540074613 29718.7009933728 58.1846943791 83.520976764 60.665865222 85.6436896222
-9999 -9999 -9999 -9999 -9999 -9999 -9999 -9999 -9999 -9999 -9999 -9999 -9999 -9999 -9999 274343.108640177 23244.49321647 46763.6563192354 44660.7527941365 154015.7908810777 105998.6281833422 30.9563468524 116090.6877051697 68636.38421153481 349.0511334707 14147.243794693899 19810.427032567502 13241.3308964251 227.61440885209998 6362.4604406341 556.4498586422 21.4502286176 3193.19800011693 -9999 -9999 -9999 -9999 -9999 -9999 -9999 -9999 -9999 -9999 -9999 -9999 -9999 -9999 -9999 -9999 -9999 -9999 -9999 14.2345940773 27.6939115497 43.5929171156 41.2635877263 46.6212961955 275.7465399371 47.9159922517 109539.0738020574 39666.256299565 4729.9729749179 91.2132272388 63.829569777
-9999 -9999 -9999 -9999 -9999 -9999 -9999 -9999 -9999 -9999 -9999 -9999 -9999 1672.95416950103 171774.372100567 217689.821818156 72244.255485652 54450.368700234 144580.3835003025 132127.4610715903 962.3151381742999 25191.6672958305 12784.598488748099 10086.239857434799 16730.8393367707 16001.334278932 77067.67563247221 42684.7809559248 26314.087876551403 17479.647661901 3331.2083864132 1740.4982064600001 -9999 -9999 -9999 -9999 -9999 -9999 -9999 -9999 -9999 -9999 -9999 -9999 -9999 -9999 -9999 -9999 -9999 -9999 -9999 -9999 -9999 12.9254958483 51.7608488846 40.2164427066 45.7673325392 2105.2193274248 24.6225905435 27298.357806307202 59.0134162308 24969.237716196 402.84020590980003 63.7463954822
-9999 -9999 -9999 -9999 -9999 -9999 -9999 -9999 -9999 -9999 -9999 -9999 -9999 -9999 175471.705448841 25185.9833961973 70464.3661942385 44082.8379220404 47057.4667777045 923.36456947 25186.597761757097 43090.9503560051 18400.4753812977 9275.6487746656 -9999 -9999 -9999 -9999 -9999 -9999 -9999 -9999 -9999 -9999 -9999 -9999 -9999 -9999 -9999 -9999 -9999 -9999 -9999 -9999 -9999 -9999 -9999 -9999 -9999 -9999 -9999 -9999 -9999 -9999 22.5654369278 406.18480912459995 496.74081738710004 -9999 11.750307289114899 13136.819126946899 20991.2524700125 45658.8511675899 22602.009635325296 9788.68100532
-9999 -9999 -9999 -9999 -9999 -9999 -9999 -9999 -9999 -9999 -9999 -9999 -9999 -9999 -9999 13393.2084546342 48698.8663302228 47316.6199239487 8797.677312481299 75274.2759469058 19244.556150494 131.6354749519 -9999 -9999 -9999 -9999 -9999 -9999 -9999 -9999 -9999 -9999 -9999 -9999 -9999 -9999 -9999 -9999 -9999 -9999 -9999 -9999 -9999 -9999 -9999 -9999 -9999 -9999 -9999 -9999 -9999 -9999 -9999 -9999 22.80766141979 46463.728141998596 -9999 -9999 46.0326830058 1007.0951516669 168668.56120819773 2693951.266287753 23704.66463151 3984.28836345
-9999 -9999 -9999 -9999 -9999 -9999 -9999 -9999 -9999 -9999 -9999 -9999 -9999 -9999 -9999 -9999 -9999 4788.5825772581 710.8131717389 57678.6487512012 -9999 -9999 -9999 -9999 -9999 -9999 -9999 -9999 -9999 -9999 -9999 -9999 -9999 -9999 -9999 -9999 -9999 -9999 -9999 -9999 -9999 -9999 -9999 -9999 -9999 -9999 -9999 -9999 -9999 -9999 -9999 -9999 -9999 -9999 -9999 -9999 -9999 110.1342030979 1351.6632529992 421.8343551462 149269.12018670343 796117.608234487 170322.4861119 17753.293856564702
-9999 -9999 -9999 -9999 -9999 -9999 -9999 -9999 -9999 -9999 -9999 -9999 -9999 -9999 -9999 -9999 -9999 -9999 -9999 -9999 -9999 -9999 -9999 -9999 -9999 -9999 -9999 -9999 -9999 -9999 -9999 -9999 -9999 -9999 -9999 -9999 -9999 -9999 -9999 -9999 -9999 -9999 -9999 -9999 -9999 -9999 -9999 -9999 -9999 -9999 -9999 -9999 -9999 -9999 -9999 -9999 -9999 91.11399394809999 48.43074779019 5243.6457799066 29.9903557615 71769.7327496823 73032.7330262 431.3665198387
