Model Version1.4/trunk/output/1999/npoint_tot.asc
ncols 720
nrows 360
xllcorner -180
yllcorner -90
cellsize 0.5
NODATA_value -9999
[rows 84 to 111 of 360, columns 576 to 639 of 720]
28062.065416313 125.722630547 231.299902679 174.625785952 186.228387655 129.219796637 533.614665356 67593.16715986001 668.663092599 966.068786815 159.317258694 159.145859583 149.796503163 149.443927123 149.800054885 195.493383464 302.256387409 214.75868569 381.792691571 100815.79387367901 13168.034880049001 55287.795971426 356.57017246119995 637.1770212115999 427.64952224520005 427.1476708276 4535.22213746 341.533998495 532.902034892 2144.647840736 10798.094171248 242157.76151491 267299.80034240003 126313.9379869 110557.00520169 36522.40515194 1073.6422439715 25312.8008001 1402.5029266509998 2099.48321892 1908.74227419 3709.67641099 3986.82213934 1689.57391722 3285.92377283 52491.7401602 48709.6787038 48727.1153846 49299.5302045 66935.5228682 4298.52916935 48959.68610789 7409.26353216 13572.8122782 5569.37843535 5341.70254753 4099.09258854 3576.59850208 1600.88239228 1083.13764335 2633.91343446 977.5082125202999 1007.2598971719999 -9999
9572.273371426 1797.789151897 147.9261811909 9471.073830779 41398.61373171 625.863829549 146.181841642 143.194872713 163.358043146 163.81613526 160.225576791 158.684449405 151.943227695 151.015321256 214.369051457 147.240843368 148.390440029 313.794469417 368.621507449 159.905360633 336.791255525 184.68279001 48326.312643199 3227.89264406 2723.239487194 392.02656125929997 7201.2282873839995 7616.365848151 297.696335217 22952.352053188 10815.84784649 5098333.96428842 2146423.249440521 186800.960459712 372244.774561607 3891.5019240409997 82319.57878436 5801.8783197699995 41787.222843179996 11837.204121910001 1737.83126738 1412.58828355 6633.03173228 1597.84413262534 1478913.83764731 205175.4869075 959454.3876293 714819.5632941 706886.9064373 258912.122390615 2324.73230976 2567.50593402 15806.6430848 1207.51696372 917.532618981 1084.91984543 1472.6865877 2023.46076 1236.0234619661 1267.54011863 1901.1152214590002 1862.47369495 -9999 -9999
115.920224032 117.503796583 11223.138823649 53494.30724642 114.022304305 114.914456945 3183.91230343 137.696944341 148.247900891 148.247900891 152.555872749 839.50761164 157.777861389 158.122248476 230.316502192 248.955486456 418.507403457 173.155945362 183.093819013 187.067625425 2131.27507011 305.01863070485 1521.069542233 294.43473476958 2758.737407615 2271.240910427 1519.211747883 4822.43773283 6168.79009083 19133.78418847 116114.32193801 39938.3779723 48725.5057421 793580.658324909 662551.0851193301 2092.301579683 106202.60860416 627964.1795013399 147079.52815379002 3755.055514461 2136.45208557 1486.9867625409101 2113.70069448 23261.8904209 2391366.4911704003 1601.45687645 732615.89965055 124715.51557696 192531.3817796 58841.94253308 2258.79440979 10300.4560836 11259.6200274 5375.65130821 4216.42540209 4072.43777828 3282.80276279 3034.3830836 1988.48256071 1078.0729074795 2241.593851749 -9999 -9999 -9999
160.319987384 112.877253472 111.382501985 110.292562061 111.736226066 159.005741034 129.019918726 135.918620421 4136.46553959 147.912543003 152.200858275 153.506318987 157.816100792 161.302468093 191.672341573 264.682721811 178.744493702 172.646342199 185.006749403 262.909917376 205.464894169 447.599454915 349.386220133 859.1522033699999 2959.3514405570004 897.619984705 623.736745248 1479.4038361365401 597909.6606735471 1430.431619248 129571.35033485 960789.45974499 244669.843415868 147110.053305674 101466.676860918 44109.838140527 27882.2950481 7365.816609347 22055.48158078 11153.69098875 1318.5614781383501 1391.76503347 20512.1751821 22155.3292605 2631.21546361 1060.91878858 1493.54524754 1043.67925277 1533.10180581 2210.35364546 964.5757390036999 527562.7081932001 945.425655193 2245.72388006 928.785750577 2209.1268398780003 3488.45404367 1306.0309789203 1026.69459822 3580.97276518 1184.941624922 -9999 -9999 -9999
98.4360053823 4217.77725205 107.898126185 151.39421447 114.272507589 116.129652032 129.093300062 184.468605127 144.165090532 19062.861616 156.719424567 1590.73069706 183.75948451 184.176774117 228.38752332 312.593359675 298.646403859 217.961627829 5921.39958944 21235.3167035 99419.5123707 47266.669408618 28110.974397297 4782.245934996 8174.293247228 28334.220187976 338.019489107 2399.958283007 155549.53035375001 24439.578286908003 151604.195110598 65786.7854239 10318.0571343 131688.638805072 40900.757795125 18172.691293376 520443.0031429 14507313.6748663 25642.7075403 25802.8231358 20871.7647754 84320.7435519 18155.2917955 5239.46630814 876.306803491 749088.73180132 802.088926132 844.469723668 2630.11177077 2832.90264465 176838.89241467 10262.2280616 5280.34098696 4420.69622343 42859.60466427 19273.43802279 3324.45159035 7098.77342105 3755.758002583 7366.197268932 -9999 -9999 -9999 -9999
330.4720468249 96.6834476999 8619.37290846 97.7560360112 5032.54504128 114.584502155 128.522179987 127.086192871 199.496221332 2958.895298 154.819214467 155.818114376 259.770704477 187.333719855 227.208043079 223.236624773 221.07743871 4234.46142532 40224.6146452 25727.3706042 1669.82354678 11355.076435801 595.216190461 537.788391993 7969.4625706080005 19081.477749585 25196.78813688 2492.039462875 7064.331593471 164829.18189472 360106.57213773 1003439.34066862 212012.0334468 2371459.114023 286729.2051615 60812.63126443 748594.1937119301 67322.38242170001 30198.18006538 2193.27225694492 3080.96614836 1133.06252504 1230.4322496014001 4767.28604176 1203.56121561 1125100.94860218 2163.69907803 10436.4695326 1212711.12609 695387.075773 320393.21184054 5222.15536124 3079.39350903 1286.0601264819 3779.67771877 51749.835897360004 1024.192032029 2618.74325149 9211.094614683 -9999 -9999 -9999 -9999 -9999
2130.51996085 1538.70838716 102.47463100873051 1154.91055857 5695.44375035 115.169334924 2729.36125145 139.746958172 155.992033342 156.810912414 1198.85930474 179.002763416 292.079885408 211.591414254 242.839012815 240.85321004 647.009972762 267.000326367 261.698515764 994.23055847 355.0812754027 1428.297335697 347.268339171 3479.9222636160002 19435.407955527 12123.777885245 3430.638953873 129066.87188009999 84844.91883044 220818.30846695 569282.0331256699 85123.017980102 10032.806126481999 5772.692642719 150354.3268908 180527.5439847 158142.4695134 8386.915345630001 40483.75998147 2029.7679960572 1684.34892435 1951.6931267437 72577.87603187 1892205.3073472101 30555.44040714 1754.83504199 1018.45220448 1446.90885494 1231406.437 516594.5579435 3980.150574895 4603.9308113 3291.5383303090002 4303.52159755 1538.4623785597 5040.795846628 1142.5301813 -9999 -9999 -9999 -9999 -9999 -9999 -9999
132.312688313 280.16074250500003 110.3862513505 139.087155132 574.449331364 113.38331395 132.237544458 2590.93199591 152.285394744 153.844068835 165.39281938 1410.70858066 202.976435816 208.778073484 341.53735295 239.408576962 359.94906339 258.434370417 261.992769408 263.85229473954 389.49111020730004 288.69350025079 20935.730145468 499.786996231 12235.657735735 85235.95053365201 115314.42473062 193305.46282367 118651.97311552 236257.15266369 16943.731320184 14866.058959712 646.771654612 77241.3326934 121576.39444414001 171247.54268808 167413.6384985 1368.424191886 1364.84013337 1520.3596383580002 2114.7678090176996 19408.802892 1638.30507973 5651.84926915 41070.700879280004 12183.053849122001 4383.61758781 885.002642366 74763.83252858001 1036.82190055 4329.97145571 59133.64189667 4979.1899944199995 1168.1554545821 2944.4992637779997 12016.308999809999 -9999 -9999 -9999 -9999 -9999 -9999 -9999 -9999
6442.78749651 2991.7073217059997 28429.2714693 119.350630312 140.65182016 32505.921053 163.785698047 162.858178604 1362.46211658 191.021984056 1559.14303887 215.649631664 358.148259249 256.853834857 420.539845987 422.196210389 312.771195459 314.707947623 5794.50245392 332.7214555954 30690.430295124 16044.268735516 387.4418012177 14562.70062597 23919.04773496 358.172500019 510.224382603 663.59557604 1079551.49091869 21495.4051454 363176.24867773 24167.05865521 34811.960147980004 74854.68712032 11289127.237623403 78032.873247 8606.138484039999 3237728.081305 11337.4887113 1374.03477215 2688.97145211 72811.4494127 3612.374018961 12982.00119073 36715.318193267 3236.486301554 882.911070729 752693.5163295 5754.561126589 9413.132745030001 1111.2708385149 4695.366950940001 1244.5987465601 1020.19951456 958.104637213 -9999 -9999 -9999 -9999 -9999 -9999 -9999 -9999 -9999
411.326880248 151.95504967 133.21800495120002 120.0650776127984 139.82984935 141.631229623 161.192808796 12126.1226307 178.396558591 180.412730095 3668.24389116 1310.08777774 5149.00984615 94499.4645611 295.018214785 297.018363796 315.275011733 128343.616628 9197.405469195 6815.64973584 10856.379365832 44770.894355104 24820.58400323 25759.1740273 50088.18856207 126574.33422582 149627.49974653 50691.42420086 3920.082513553 636.379970273 1004.53081377 118413.16030816 1844033.8044738702 133773.203842 1388.5671241250002 15059.35558775 11673.25088598 27115.3722663 79362.2689713 1490.88083553 2313.49488816 1186.93398736 1146.48695738 21815.2835801 1052.9381781102 1651.039903998 2558.16039697 2289666.6115468503 15204.61734174 1232.3225527685 4421.14698376 3764.8498129399995 1070.350663322 1141.006298542 -9999 -9999 -9999 -9999 -9999 -9999 -9999 -9999 -9999 -9999
6982.630490134 4251.952450973 5622.752880374999 25370.7649841 653.546283101 255.5194349655 7650.89881965 208.213031168 232.197982474 12320.9366808 274.684565483 279.163631326 330.455127996 21455.0676984 17745.2031384 8645.12920531 393.499525227 395.103436269 4502.593607189 598.6006882622 548.1124088294999 349.045064062 3237.735656243 50623.3213887 5096.96839253 15630.7147147 523.555264554 2701.62884959 10147.0003086 14700.1259149 785616.57831 8777.56297036 914343.5028669 9008.21412221 1037695.4754996101 262571.33390595 494038.32502096 866.90109913 75943.1346502 12419.6471575 154063.41560218998 1510.74711716 620346.8541593199 1007493.51430864 128816.08255192002 696.85315058 348.28642954 -9999 185.4520438514 226815.706733538 2513.982620287 1175.191423365 -9999 -9999 -9999 -9999 -9999 -9999 -9999 -9999 -9999 -9999 -9999 247.8891885569
594.60248558 10677.9925883 402.86716795 435.528928735 317.287662488 10015.9649554 35887.264705261 206.929174356 328.617234238 231.447558657 271.903421808 276.696141881 320.616066254715 357.9974891224 365.441916576 22286.953726765 7954.443981482 22517.474128459 450.9704859646 416.0337835444 13645.045966123 1034244.228899152 119203.78791249 7250.232007539 461.8590316034 445.11008373100003 783.240309197 631941.215987788 3642.5133318 28099.2990534 15972.2223189 711570.3649325699 38520.3960426 2898.96785646 3001.3490527559998 9157.60938113 6250.92067959 53948.59961254 18120.4313214 1827.426493951 2008.5282728814 4837.214920779999 642.520394938 2141.56674377 5718.559510353 31721.55471625 -9999 -9999 -9999 -9999 -9999 -9999 -9999 -9999 -9999 -9999 -9999 -9999 -9999 -9999 -9999 -9999 115.02991787300002 2554.596656084
167.12351006 168.411136383 308.076570162 222.06377894034 14954.855259470001 272.936726916 307.452459851 15558.703645782001 306.676568395 306.341343755 602.375467724 375.337853657 477.248518425 3000.80897987 5409.259848956 9052.166036674002 7203.298635151 34707.390198869994 20195.25815154 1886.63569571 735.6454095926999 576.745309195 128814.60491760701 926.3304615769999 873750.26995209 236339.41426341003 73008.58613132 866025.948438076 4368.54641546 328661.22537359997 16733305.750712631 3709638.2661812003 829369.2240784 6561.47044366 7458.82590429 926469.48195764 698098.2638431999 38207.8117066 10245.832025991 3329.685905883 3011.8740841887 8006.48814432 2130.186754146 1512969.231980142 -9999 -9999 -9999 -9999 -9999 -9999 -9999 -9999 -9999 -9999 -9999 -9999 -9999 -9999 -9999 -9999 -9999 -9999 -9999 59.2372037922
120239.91870226 17891.3024567 270.1651129362 234.9212209694 290.40527584390003 326.46695425409996 11649.891815523999 320.2482058591 330.9562845011 455.55732308010005 877456.062360684 8132.964441428 658445.826971 99230.354624044 31017.111490995998 7370.71507228 795.1528912537999 14091.312491196 127711.88085377 193545.51088656002 556.4380373399999 23458.55143014 20571.42190222 241363.92803756899 225364.07600399002 4913.59386838 4059137.87734048 97783.67027934 3933221.9550986 2863335.7399247796 4833721.327363701 3321851.9690231 51573.7208691 2151.0123348687 80850.2431094 73952.9691793 4064.64532384 18674.42061708 10517.835046519001 35997.78217409 63009.204197169995 3178.1625389012397 2157.1392085379002 3356.80224861 -9999 -9999 -9999 -9999 -9999 -9999 -9999 -9999 -9999 -9999 -9999 -9999 -9999 -9999 -9999 -9999 -9999 -9999 -9999 -9999
148958.56602271998 87723.5242197 103017.69318195 4940580.1941582 729492.5948108899 29252.184805075998 72211.45580481 5010179.026707023 7224.599800937 179752.339757 233256.440223 696.924547069 3702.78895273 1665800.365934462 834711.8502450299 25135.655891571 106413.65620843299 78178.9327984 19518.8550535 1228988.24733475 422780.31870214996 25867.629833623 21395.593183087 3474.17135989 48702.81259695999 832694.0673509899 38451.651266101 236254.80144106 1827559.69302905 1507968.0490258 2303.8674637940003 2709.3205050194997 42536.52016551 37969.2961261 262218.38548 99199.4197025 42708.593403670006 584565.66389692 16911.7702048 12325.4631688 14251.7814699 5392.45791429 524225.14276675 442.228967125 -9999 -9999 -9999 -9999 -9999 -9999 -9999 -9999 -9999 -9999 -9999 -9999 -9999 -9999 -9999 -9999 -9999 -9999 -9999 314.5287247777
8930.04638328 208.877870496 897.791587799 622.44363398 298.2980143949 412514.42775023 168061.97888475 560.135150121 360.830316136 5629.002892695999 5335620.339344482 21382.764775219 188755.08242211002 240741.9932628 58895.44797528 106413.783457 3892019.712070463 1085569.9729159 40246.1758112 774554.7883070001 48281.5359931 6006.00126887 32527.3685993 6600.91128737 169156.40148835 846611.1877875761 -9999 139.5890987074 676736.3605612001 2931.18404365 2190.3348607 9856.5246781 4346022.424537401 71680.94448657 11197.72931879 6864.791624772 11236.15745534 3507.6397473061 15876.380749 8624.92356327 31730.915162369998 15204.013714817002 -9999 -9999 -9999 -9999 -9999 -9999 -9999 -9999 -9999 -9999 -9999 -9999 -9999 -9999 -9999 -9999 -9999 -9999 -9999 -9999 -9999 1378.435502919
266.719724008 440.9262395383 301.091691331 620706.152408929 340.32907335 1549.406231484 30230.88444421 399.469033218 655.060874383 24258.960147541 2438.05186619 52196.3937673 14266.152453232 26405.057196675 17256.256566344 13296.464656963 24383943.27944026 4291049.6549544 27099.001700589997 188949.91120511 6141706.649283152 1152709.94407583 26719.688231655 3517623.7305509024 -9999 -9999 1248.149710494 84555.65399586 652074.7178622 6051.897131059999 12548.232309509 157390.32325299 1166832.02672172 15386.65465688 50535.056222 22249.49248876 115371.99548814 6368.99565284 40319.50553767 1961468.2517460503 -9999 -9999 -9999 -9999 -9999 -9999 -9999 -9999 -9999 -9999 -9999 -9999 -9999 -9999 -9999 -9999 -9999 -9999 -9999 -9999 -9999 -9999 -9999 85475.21024289001
424.780722445 9105.514104682 17189.7894599 297.564316522 610.522472506 340.366121621 4577.86628833 15427.327469274 504.8647168597 86377.22780497 104084.86288835 767.8992152039999 65745.131582626 14872.703920679 25854.9339197 992491.35112946 1038048.67702806 920849.65850681 17170659.1546473 1018799.00339121 275958.805924795 9292.317549372 7045.43869942 -9999 -9999 -9999 940652.4425808424 3029010.6420366177 9021.651374071998 -9999 -9999 -9999 -9999 -9999 16988.605299946 5127087.85936755 85932.83649418 6397.91272068 932111.1847189199 9025.595248487001 -9999 -9999 -9999 -9999 -9999 -9999 -9999 -9999 -9999 -9999 -9999 -9999 -9999 -9999 -9999 -9999 -9999 -9999 -9999 -9999 -9999 -9999 -9999 1913.5029443642002
1668.83203201 28307.2137056 10397.6017693 401.055180792 10670.47666405 140366.44968762 6522.135682663 649.6102274647 1033.1978737322002 507107.47400674 259908.12751597 732.12980488 70603.5912906 1115033.3207534999 3246276.10377881 3953216.13365326 2096156.2383020301 773736.8882491001 1909915.368728 1734168.43766751 -9999 -9999 -9999 -9999 -9999 -9999 858380.706420637 7360943.241941749 -9999 -9999 -9999 -9999 -9999 -9999 1397921.45613009 1784550.62804 12889.56343435 5865.7940313399995 4608.18528642 4435.959251501 5069.17913889 -9999 -9999 -9999 -9999 -9999 -9999 -9999 -9999 -9999 -9999 -9999 -9999 -9999 -9999 -9999 -9999 -9999 -9999 -9999 -9999 -9999 -9999 30909.29114638
22474.5381143 356.70477702 839.172876107 2107.3239946559997 1736.2434603860002 42514.29890651 560.551095178 22897.723008 1325.788008825 177594.915962654 43431.1063214 51596.5767945 4344834.613836301 6034346.449029179 1018202.36710713 1072638.55716117 1089198.33150578 2307364.0270427503 21517.192088763 445478.19613934 80167.79865986599 2028.9805088043 -9999 -9999 -9999 -9999 -9999 -9999 -9999 -9999 -9999 -9999 -9999 15553.616234645999 11182.25946616 660966.7015881 21432.51582607 22939.04153707 11399.827315139999 52810.7561637 12763.3894206 11308.891459487 -9999 -9999 -9999 -9999 -9999 -9999 -9999 -9999 -9999 -9999 -9999 -9999 -9999 -9999 -9999 -9999 -9999 -9999 8441.741068815 62.284069679543 19196.62622671 6880.69785811
7544.69502672 1021.63922508 520.865909469 563.73657643 1777.28229205 166272.0379393 1081.1644992630002 2821.89367703 2145685.79758299 9235389.795657411 16194.00387798 1079597.70371289 2166.17414289 924751.8630958501 755940.88451145 1753038.4382298 721114.87759093 693776.66354716 778280.7993145399 1241711.6264134701 599524.2671088999 1225349.6153783 -9999 -9999 962705.5584044959 688687.886439995 3577890.1168465028 -9999 0.0 -9999 -9999 -9999 -9999 0.0 23931.896173643003 6752.6389316879995 105494.20575684999 18334632.9618572 17744352.0630405 656137.9918919199 9105.27285488 9822.73394542 13029.1504227668 -9999 -9999 10.9300668035 -9999 -9999 -9999 -9999 -9999 -9999 -9999 -9999 -9999 -9999 -9999 -9999 -9999 -9999 1162.2415489159998 899371.72049633 1520356.05087526 8690.57356719
772.025473213 541.426498586 578.880062743 888.064266785 2202.0268704 172019.2374101 5977.395140885001 32012.865271579998 708135.7718321701 1239.872222011 2356.26745073 967.1657199023 1338305.8727354999 2068778.5172730002 914205.18951986 205667.54578026998 2368491.29856129 204407.32169812 927526.5986689699 1293969.5492204 2796772.4383785 1060328.65408186 103635.14035619 786287.573063649 1347.615758302 3747.19785551 887.648964671 918.1832766135999 765444.286112828 836878.081249366 -9999 -9999 -9999 -9999 -9999 -9999 -9999 25477624.29306969 9633307.38668738 645927.5143486301 17620.987602330002 44482.05940561 9534.019399711 -9999 -9999 -9999 -9999 -9999 -9999 -9999 -9999 -9999 -9999 -9999 -9999 -9999 -9999 14032.978233323 29155.370862538 7211.246204018999 17283.883169740002 311621.999764744 33715.760683 9860.66891634
1052.83988106 2848.9246010760003 16459.1284815 1608.159642745 394152.27665550006 1527.316971476 986.4022147918 69683.91706712 22149.994926710002 12785.6718838 34729.47468652 748.518275209 3020362.0219757296 1829946.3486148498 1225457.76088434 2083873.0812656998 892891.7387982499 6498950.0504685 7311206.4412865 1076473.6163540198 3599911.8608614 939344.39692545 4156500.92651731 60120.2228656 17969.72862482 1519543.77141674 707852.8095871795 731121.9238398069 825.262209527 -9999 -9999 -9999 -9999 -9999 -9999 -9999 105999.66087331 115223.19441739001 2731326.0232009497 9426.13903961 79845.67953101 95809.42609159999 2316.3854991219996 -9999 -9999 -9999 -9999 -9999 -9999 -9999 -9999 -9999 -9999 -9999 -9999 -9999 -9999 1335724.7714806101 852169.4888867 4460.0443715055 483376.63610016997 3378.63595296 28746.215211 719350.19324919
1346.372524413 24463.76936847 7575.91346902 1158.210182938 429023.3202456 26787.896901108 4081.3637759559997 1612088.5214527498 41953.77058829 4904.1196867 2476014.6508669 1684.16844432 5965152.4002553 1151995.23914388 1277555.2172785902 2383454.88602722 2092507.8878890998 773011.5041173 2693788.9009600095 1600974.0534917 15434.5595475 8791.81794288 1341938.691441 834771.43643081 10074362.98079756 564.16551472008 -9999 -9999 -9999 -9999 -9999 -9999 -9999 -9999 -9999 -9999 4769.1634320487 13503.48111837 5333983.149177699 70641.76219124999 1032567.56353564 20488.979286 902499.8604821799 8776.41600272 -9999 -9999 -9999 -9999 -9999 -9999 23790.943970569 -9999 -9999 -9999 -9999 -9999 7574242.780027529 264734.78549155523 13151.7406067 451610.3637763 215500.66470079997 289756.59887298 3764176.7309022 1670985.83677752
1336.980732988 1335.5745335046 91448.42682496 1471.898587008 1341.6691492776 716335.04866985 717298.64878824 15882.2430952 64107.487339349995 1450358.7666857701 1532.8277439443 1119.71238885 1648237.79401252 2242410.10211494 3324006.04291 2038438.6164986999 1500180.551584 1290401.59656571 814521.48650088 1862425.7027316 58678.9913991 1273584.0771887 725973.7405951399 1375.028371012 2175248.756458279 -9999 -9999 -9999 -9999 -9999 -9999 -9999 -9999 -9999 -9999 -9999 -9999 1953712.61041694 2114795.2730592 1199.75250092 29996.79702313 7640825.343320065 3237547.51278812 20771.5596688724 -9999 -9999 -9999 -9999 -9999 33916.269284564194 47450.246751335995 7639.901797049 234355.59436134703 53784.84610572 19222.21589986 1394.456252232 4796762.896613493 274481.5175516 8717.10997763 10634.629483519999 12050.9917306 899497.75446279 12939878.326438202 47293419.9060553
2512.6124141210003 1487.7979297942 5647.386415280001 21922.64530463 108743.947241 816428.3513492999 9429.55226167 191.640765378 159.969659381 123335.21223753001 2750853.3437290285 4564625.01668838 1280194.35582382 2044407.2089578 3214582.0807379 110770.12215005 1234258.56410775 4430652.624145 857858.3071877 859991.1493158 3621132.6969847004 787878.474589 1382932.0061235602 1589376.0233902761 -9999 -9999 -9999 -9999 -9999 -9999 -9999 -9999 -9999 -9999 -9999 -9999 95966.84455888 6492730.84372469 207562.7926768 19147.0988058 21488.943127569997 5653985.2714375 13374482.150958367 -9999 -9999 -9999 -9999 -9999 15256.069869838 99194.2081103 386393.46099750005 10970.429981797 207744.97892589602 3702.92118251 11823.708217144 2754177.499685 693756.7761514001 11143972.23343154 2797809.7606067997 11713.6134649 568987.21798974 1575356.4342818898 7728550.33857957 9740392.432897288
17065.989471 696279.45378526 45655.368289000005 1324140.5757601 1620771.75359 994570.357871 1163078.124284 8424.27228029 7489710.02055516 1529094.0122369 1173130.4921798902 12677573.87907543 4461040.017114 2008427.2738478 801247.89579049 931182.7560308101 183817.57283663 1173940.108408 2765965.641425 2117877.9297543 1758343.08664747 913318.120653 3682338.6509679104 14344.266509497002 -9999 -9999 -9999 -9999 -9999 -9999 -9999 -9999 -9999 -9999 -9999 -9999 582544.243839115 107838.96488859999 135837.21047818998 122023.43700105 39519.606013660996 43169.539423603004 27020.145642051997 -9999 -9999 -9999 247.1934311664 1852.9026678139999 19406.6257566 3931.11888211 15763.28918289 2049209.7841876699 125493.44850137 2872050.1685141297 13522350.994174892 23483178.660217345 228593.01208366003 2343399.7247353103 2796703.6133534904 2236561.8217344 1664416.80578631 10469.60874699 33820.855142207 21056.344082501997
1203286.1814005899 15250076.16337274 2790416.0714213597 3664.83291361 17082.499320349998 13010.8734783 45631.496831 34846.15558104 145566.736317 752188.2352420201 1572018.3243748 2380318.0914887898 1159373.28147162 969037.27582611 1282531.3818617598 2458478.99989113 985050.2871318101 928588.60980158 6420101.6012031995 602722.3271427 1539397.9073 995647.1842213001 1343724.1093219 109078.59304885 451131.40880383 -9999 -9999 -9999 -9999 -9999 -9999 -9999 -9999 -9999 -9999 -9999 8403.030139921999 28106.860797808004 0.0 -9999 -9999 -9999 27869.770474515 -9999 -9999 16309.673407839999 32213.165118920002 456926.2241160701 1647954.00191847 349946.48167529993 369351.173905632 299163.43218809 723547.50707051 786348.95375073 2991244.53382803 994817.7267334999 6858.366694370001 29656.04503791 -9999 -9999 -9999 -9999 -9999 0.0
