Model Version1.4/trunk/output/1999/npoint_tot.asc
ncols 720
nrows 360
xllcorner -180
yllcorner -90
cellsize 0.5
NODATA_value -9999
[rows 112 to 139 of 360, columns 128 to 191 of 720]
224.72230732650002 14135.6988631 33682.11082892 42338.426626199995 118.65301525 169.026491213 113.247436022 2317639.5589896156 690957.17017151 73780.49714129 55356.551939541 65807.93679215299 16975.054936881 567.713133302 122.598741306 120.926757292 174.503016342981 2550.40221579 235692.888937359 787.239324102 2818.259263211 148.667128725 250.617035488 14207.203586038 1311.24494787 217.940273499 18668.894045389 44690.184626139 638739.9252345829 35943.37939447699 635.644149268 450.442626279 8580.6561888 62832.6826453 189220.1965098 104224.7544601 6768.07242354 43135.848286630004 445030.350227 9011.14761394 78098.0278016 404642.25128936 780467.26018674 32917.6595063 89375.9105216 5071.65008626 587104.7833454 195442.34089800002 40406.147596200004 4520394.4822419 169308.45224602998 1191887.95207266 169046.6146762 39148.88752964 34424.2378421 36528.211615500004 3789.183078386 40478.5656167 653426.947628664 147660.5156295 409568.61707114 79666.17925197 1381494.2849483502 4615449.19295464
375030.130008 143.503566366 70580.87997962 131.718420427 117.062081088 127386.675460992 98814.182783237 1784093.655785804 2966007.575309332 97960.874206807 1144.2190195 3890.356449 1981.105127362 35699.366777659 4887.605033008999 17281.780434561 129.84420007101 33438.7701554 126.871941402 13840.127142697 151.232255388 160.76327253 106840.503580155 80003.078191081 216.808827852 1050.41034725 36171.883327732 124856.928468922 16231.445839368 9134.27973136 55509.15211663 210867.79866302 8857.48860351 3875.14902276 11437.6261374 2052.9062812 68733.5157218 690794.07067 1716861.4890456 155404.8505847 96276.5043317 72421.3338658 32853.23761458 261004.691193 27829.0809022 45839.561776300005 374177.39532717003 9174.51602954 63429.4771615 94586.12639199999 930968.11006571 1189965.6092710001 46997.64927196 3885.55071451 134266.48483633998 414144.9876483 304426.0203122 40976.139679449996 962515.3055683 75939.2236065 33510.9428666 192421.3186018 258591.41199484002 382514.06087225
636116.8368194611 2612284.3249672106 295444.52795387997 25395.886199699 46413.041725986 106.692036995 1603.474697401 99.3965151587 134004.007946859 12126.141027393 13028.108382116 109.682290067 185735.965563071 75770.773825282 9380.522835309 29356.2428698386 129.1130266397 9093.31791849 1260.74676651 5295.12915744 54035.479249669 140.579971476 164.261353539 3413.80776307 2463.57034185 95915.448812478 70332.564205181 255.766032947 31558.235869693002 37736.518832 21498.412499724 16163.649532612 8642.79811262 31247.6864467 27773.1790492 104549.9399395 142434.7893241 3881366.1559153 4899091.768353 194175.0670129 323636.431729 3363.91393667 229431.81726799998 98210.85172939999 299616.5410585 39461.08268104 118350.908113 1800469.2546820901 582909.84660882 4882753.631803701 2359448.0581862 192572.6896179 12822.2937494 367800.75014492 3296.95967475 551859.34334207 552397.3207289 4141.14622746 23601.3122487 54197.785134699996 198431.80891420002 238097.508974 166458.95634032 25532.54188421
210.6391234796 125967.16258394001 598484.2216199549 104.549239821 142.387352421 204.99695464299998 104.63383632103 99.0122750951 100.885481465 358572.712552338 1244745.002065631 11895.721259965 42011.3160514 154.282182752 13825.6351073 111.454857995 5542.396320270999 160.820344377 394407.38173334097 122.474731929 136.644215223 136.985145441 163.117402659 59783.543610121 196.911334417 7086.500939563 11528.383797587001 166120.936515166 3080.5399004 30531.30303905 5015.15526 3900.66657887 211512.40569765502 5592.41041965 6167.18563067 50382.3548347 87299.3367936 118700.8912899 111653.1553525 208888.95391090002 37250.31003519 302473.4604353 150016.62197540002 17094.2681281 566230.7517451 53162.3516909 18799.5215391 69111.80238751 925513.48453881 5508323.775299 456407.24229001 898827.5035846 22147.6238498 2461.2728344 119280.1286214 504128.2021932 2294.54312332 1745729.9385727001 468832.754403 848983.8659174 2238.4942421 65619.238211512 252152.13160757002 34433.04810681
170.5895263892 1302.902410592 32647.9310852 80.7204406022 77.7285794879 82.6522329776 81.9758168218 136.8487203015 96.77197892043 2904.9991510178 55007.641186229004 77202.751351488 106.180352013 108.245209623 110.14934128 107.497141727 27945.469604292 327.35322685200003 918526.21580604 5673329.465348327 135.960786867 40197.2851557 58116.63598141 154.812889908 8677.88487986 1577.88116556 985.316156141 295977.60646270803 2275.3687574269998 406.676320219 13520.5062493 29930.9373638 55089.2495808 20701.8445466 45411.872602254 9269.83800226 59865.687353769994 385428.95241900004 33927.2789392 241456.59829 196935.09579057 39434.78541227 89045.74885599999 32781.070805840005 361665.385009 63825.1629789 12617.5152606 499094.91725227 5695.84634085 2947340.955661 36470.87918987 450680.38910068996 3260.76437024 84321.18862305999 3945.205306 14713.736402 20102.042339879998 16850.7102014 26042.84953361 2879.55163971 62382.4509892 154068.3417484 1892.48034195 444473.49733339995
502.87712767899995 2317.5509461167003 41.8255400901 -9999 140790.81845893088 99.3007422435 75.5020446562 108.498315508 80.4148395288 122.003098289 706797.271530753 9216.5735244024 302366.2881002525 1956.1873279827 97.6974907888 43962.339173703906 53007.3662764263 64756.824276 167815.744019 170.7081599627 370.594481846 242.210764585 7328.118349791 155.112267488 5368.260850884 161408.365244763 151016.507785161 36494.9361548 497.925022752 12811.951368358 52078.9735751 169295.3212537 3103.63033899 4249.39403748 878793.46790014 20018.97259768 436367.4461644 302600.8298567 2937.42817758 76666.8388655 6756.08646774 6557.32856678 107183.38559389999 474809.135692 384198.494995 84162.2727742 15801.3810358 2387481.1656894 10274.8842763 60511.5469323 48353.831590190006 55856.714349300004 3678.24528213 175731.16425129 6385.14963011 18298.65310107 1686465.6215434 4765.643442415 3936.22409939 6346.08354952 77236.86505578 215778.81843033 497877.85559042 6134.14447435
78.6484733809 81.1445675686 69.5749454074 -9999 -9999 3408.3891050248 17801.3854632553 179114.78723447348 304.66199534 304.66199534 9645.9115542096 4496.7041903523 2531.714452656 2182.42086614 94.03349779795 75743.4146706246 135.246310534 86458.876562591 54187.368975992 102.835481592 113.270849889 250985.780198521 5126.696020624 162.5862309659 180.841933334 4449.245442307 333.2329707603 219.472414413 25593.004899561 9679.209221430001 661.363322026 451.702898117 18692.862622700002 21695.039120655 25375.58424548 130473.345295 503255.63855910004 25456.0010649 442056.95240975 409746.0695983 110583.22901133 327697.856423 19799.78312467 22979.9266863 526478.9866201599 38104.41118951 364187.40085664 92852.90256712999 5052581.7045859005 225568.6442222 151946.95020519997 110440.59807083 451965.9704682 1789.99232907 6495.89562071 759525.0992883 260824.9497443 484849.41433611 274163.23118976003 43468.676574952 4052.83920298 354317.92856848 107690.1392131 106765.50230413
64.8363785098 78.871996239 64.00266408434 -9999 -9999 -9999 51.4765472452 66.7137984022 6442.7782674759 3624.5105714513998 11109.345406831599 14661.8005414298 84.491988089 2269.71483052 3879.795883669 3949.3341051795996 19072.432823337 15330.092472795399 3285.245080576 143.082169027 3864.785478758 3920.78612739 115874.24623079 355.450257518 308.0237639229 212.0934248737 220.627209944 3132.218423631 108308.68168535999 24122.525503253997 1883.313937446 8489.295811913 7036.908260483 53326.519875342005 36740.027607646 27057.8624606 2265909.9180905 26997.74296077 65369.6482261 787132.3902598299 520312.42829417996 1090429.78488839 662927.05498048 1302166.4143344 1769232.21145328 419797.3379494 1309279.10760079 729009.03618694 1496265.34111987 7225229.0619294 7093434.6199092 1044822.184844 1636411.9107326 278003.63290351 334464.61812869 32488.622417433002 63704.006055027996 498993.02951569 123231.94174277301 24895.163566522 262989.69065487 11463.493548 28365.0990725 595340.5184344499
29.7697792674 59.8811258627 141.9279342132 42.6561629562 13.9132771061 -9999 29.3057463561 71.5300646749 69.34829330193 99.20690422092 14301.6071845664 6163.8489097988995 4517.405319412799 36541.259987553 103.2732460727 136.327369543 8056.259172956 35260.6093959659 2386.406525082 154.305897318 2766.09483327 177.781617187 284604.05621155 61453.525520876996 180.497800413 9448.940902934999 236036.08535644002 242448.43666523002 164626.12308117 44981.6531981 8573.78797882 441.70890009 561.695874965 294.299640065 811624.664079 918366.2133485 472196.67828029004 71338.96515493 12851.2167831 561578.6465116 3390167.3500034 5560203.220877879 1543229.3500456 1146196.44032511 219985.3358644 259026.798838 155815.289083 2678547.85537488 130234.39920100001 293110.22817270004 354885.1029403 1691331.4913750002 7750064.006414 1574941.636198864 -9999 -9999 -9999 -9999 -9999 -9999 -9999 1416911.29985597 86906.23341128 49064.874453432
-9999 24.898644693069997 45.7379254934 60.708389146 75.0902765309 40.0903763657 -9999 52.7223598539 1147.7977064569 166886.950800977 2180238.4067603797 7633.810247348099 10208.8221624 193037.315561571 121434.626113771 65099.21986525 18605.305498 47926.8097279934 123.24445314809999 4632.00999701 47534.6717839 130676.936309402 182146.659671053 241702.430162945 235241.47500785 273393.97678577 1281.08639681 300.405216062 322.12081169024003 35357.589137 508385.94984812004 5979.463073624 46458.773254863 14332.28683958 1111276.6284993303 656381.4014483 34147.911950039 276848.48753146996 5313.50126429 549920.1250829301 17934.7830804 1008248.82212429 218291.64970781803 -9999 -9999 -9999 -9999 -9999 -9999 3496556.07551908 4414000.8684115345 3525523.922628925 585963.437340176 42887.5592069 -9999 -9999 -9999 -9999 -9999 -9999 -9999 -9999 -9999 -9999
-9999 -9999 0.0 221.2872860597 54.13788704552 39.4383405398 12.6980051077 29.307775208008 48954.953374966004 62.03949301 102.320477078 102.216412891 746.828446121 8719.794588383 132.16116532664 95166.96748238501 237166.72155551802 8234.087321396 7219.22085347 3038701.398663428 128.787019837 7257.26989089 4349.76260641 140.058351671 154.523955913 38968.528235713995 185.484792169 264.361977076 227.550303339 227.45799824637 719830.2724039301 89968.86880149301 44799.426659437 21648.195379075998 28025.295810231 17848.785215 54552.89050049 10705.6192506 165772.29082270002 395857.38696708996 1422702.9905234498 990079.91546218 -9999 -9999 -9999 -9999 -9999 -9999 -9999 -9999 -9999 -9999 -9999 -9999 -9999 -9999 -9999 -9999 -9999 -9999 -9999 -9999 -9999 -9999
-9999 24.68410275178 -9999 12279.7398634 52.8736331086 53.1702402625 28.9516925383 -9999 14.4452873803 54.6124098747 84.4458720138 513.907619132 492.393796696 1667.31722203 23955.498046876997 1520.935730481 24129.927745893 19712.016284391 263536.086537161 1919.027544541 9882.23500955 531381.3770775739 8740.81604158 197.170651786 153.149449595 1468.405715286 260.986624824 186.694606522 227.316300773 226.247489548 651.214436903 227042.26813263 9005.477669841 44264.594972296996 114697.82401675 47968.6103782 99513.2422329 153578.01876786 604207.9063212699 237276.056127391 -9999 -9999 -9999 -9999 -9999 -9999 -9999 -9999 -9999 -9999 -9999 -9999 -9999 -9999 -9999 -9999 -9999 -9999 -9999 -9999 -9999 -9999 -9999 -9999
-9999 0.0 33.89109139723 110.1303326755 17342.5400436 47.8678495488 39.8646681821 11.458170218 -9999 -9999 392958.980191877 1748.054906166 337827.34531520004 208.4082355303 27023.293024494 12512.324020123999 316.34817752000004 26477.395231615 4500.291456366 2502.551073412 19435.1012359 12216.3729605 6288.30210099 206.72314485 3209.36221908 8253.945602822 187.599328634 10204.8273135 264.7736289113 303540.365033693 20560.0024964 330.2074642491 408356.03897948 237853.87197786 1872.353082787 28007.982113524 139487.334686976 612530.6083765 12160.605829401 -9999 -9999 -9999 -9999 -9999 -9999 -9999 -9999 -9999 -9999 -9999 -9999 -9999 -9999 -9999 -9999 -9999 -9999 -9999 -9999 -9999 -9999 -9999 -9999 -9999
-9999 -9999 -9999 38.841396587002 86.0669300332 64.92726844879999 48.8786614955 170.58223627950002 -9999 -9999 5177.160463928601 14684.494758992802 801339.431694773 303475.40524559 46611.899791891 1619.38315247 24835.865316664 10860.508005415999 66005.76482555999 96608.708287701 925.482823065 1480.77820965 5589.147600631 145.251523504 156.719010201 20418.6328532 314.306741883 184.96790001 2968.1573093439997 9687.699591515 50609.3328881 139808.777465708 1062973.9235671961 279122.00054502 559.86895383 21062.106804783 89044.01632719199 44243.882606077 -9999 -9999 -9999 -9999 -9999 -9999 -9999 -9999 -9999 -9999 -9999 -9999 -9999 -9999 -9999 -9999 -9999 -9999 -9999 -9999 -9999 -9999 -9999 -9999 -9999 -9999
-9999 -9999 -9999 -9999 22.01347081775 376.7514243331 47.67539263888 64.2495586067 40.0919298135 -9999 -9999 -9999 19162.125537350003 448.3619359643 36462.7103204 14636.6658714 6894.398418841 3007.9861502649997 6446.418065444001 11032.051747525 411118.30114163307 24534.192866585 2199.97776041 3651.976027804 17876.7453688 1127.09349944 183.161302192 1425.107227546 5023.890971279 935563.5966942536 10588.552042657 306.6342584494 156113.00471645102 112771.412737 315.271130039 3865.998864011 19676.233218431 75648.629932584 -9999 -9999 -9999 -9999 -9999 -9999 -9999 -9999 -9999 -9999 -9999 -9999 -9999 -9999 -9999 -9999 -9999 -9999 -9999 -9999 -9999 -9999 -9999 -9999 -9999 -9999
-9999 -9999 -9999 -9999 -9999 -9999 18.4829109446 40.347312766 56.3902895229 126.6743516323 -9999 -9999 -9999 56105.670904850005 17326.5306489 7336.3968911990005 670.066902992 238.876835632 261.742977847 172.515902342 22645.150848987003 4131.911142696 155.547476282 219.662801973 159.890283062 1528.085466294 18130.3847227 181.507424966 11127.2888745 298.97423898 253.666953331 15240.145615669 404.302118826 239863.480017679 71197.8373755 3092256.3240799187 455211.12234979 69106.8409272 -9999 -9999 -9999 -9999 -9999 -9999 -9999 -9999 -9999 -9999 -9999 -9999 -9999 -9999 -9999 -9999 -9999 -9999 -9999 -9999 -9999 -9999 -9999 -9999 -9999 -9999
-9999 -9999 -9999 -9999 -9999 -9999 -9999 19.5423101181 51.8447670227 148.0245542609 0.0 -9999 -9999 484248.76476416 598733.9658184099 269993.75354883 10903.7069663 691.7493701261001 454.553584498 232.310570795 10254.187808904 22896.6350031 181.990642365 181.774094408 757589.693446981 3115245.476585302 178712.5544469 31335.854943646 200.394178327 20245.781176190998 319743.97273968504 13422112.002630932 58890.089571584 35443.9941766 315.9795692679 206174.760543494 1089863.892649247 1362617.6819321099 -9999 -9999 -9999 -9999 -9999 -9999 -9999 -9999 -9999 -9999 -9999 -9999 -9999 -9999 -9999 -9999 -9999 -9999 -9999 -9999 -9999 -9999 -9999 -9999 -9999 -9999
-9999 -9999 -9999 -9999 -9999 -9999 -9999 65.7372661999 62.929240286 51.9488977974 25.3759732005 -9999 -9999 -9999 62041.717137665 203836.698478502 12051.558334427998 12443.1071946 752.80195733 292.337559482 15415.293260969 114499.542632482 117640.200667782 230598.095880756 8550.75281653 18810.6143745 62307.8553234 4334.895488509001 200.621732492 777561.4163107553 1517051.327019709 2626.15390784 68190.528751464 2500.462557986 41582.558127176 317.6739624118 1194858.43598 7859.6899347893 -9999 -9999 -9999 -9999 -9999 -9999 -9999 -9999 -9999 -9999 -9999 -9999 -9999 -9999 -9999 -9999 -9999 -9999 -9999 -9999 -9999 -9999 -9999 -9999 -9999 -9999
-9999 -9999 -9999 -9999 -9999 -9999 -9999 41.9549629399 40.3111441152 47.7191149022 5636.102415419499 -9999 -9999 -9999 -9999 13050.3988425222 126973.58435598 2346504.5381992 11442.1720038 573.608904682 2366.937686266 103269.588106771 130118.473924 19130.077758672 7930.357018512 109196.070065548 10139.556910082 193.740315905 193.202080228 34000.2147488 66000.0053274 22537.10376951 210843.151052286 11846.0212859 825.818892988 74637.248018145 342324.778269079 -9999 -9999 -9999 -9999 -9999 -9999 -9999 -9999 -9999 -9999 -9999 -9999 -9999 -9999 -9999 -9999 -9999 -9999 -9999 -9999 -9999 -9999 -9999 -9999 -9999 -9999 -9999
-9999 -9999 -9999 -9999 -9999 -9999 -9999 -9999 15.6763911569 33.866861591353 100.42749066479999 543420.011682506 26.9212345609 -9999 -9999 -9999 0.0 36089.3136855 10069.1053773 989.97941408 331.785189446 290.8847487181 1850778.2400195 37453.393384222996 2466.59812636 481.278973565 8059.784351412 193.294925189 188.922982899 190.134560223 6467.592888563 7677.1278388069995 13155.158751753 437150.832088491 12101.849945 59420.469353921995 18518.574169370997 -9999 -9999 -9999 -9999 -9999 -9999 -9999 -9999 -9999 -9999 -9999 -9999 -9999 -9999 -9999 -9999 -9999 -9999 -9999 -9999 -9999 -9999 -9999 -9999 -9999 -9999 -9999
-9999 -9999 -9999 -9999 -9999 -9999 -9999 -9999 -9999 -9999 48.666226404300005 49.4009611237 426.5589761365 10.7376921198 -9999 -9999 -9999 -9999 33841.161720603 1438.653790536 451.576707094 307.899568605 1977.62348901 140022.225635036 189.433024244 9872.031036870001 360.21622030599997 198.366519624 191.016290531 191.448869526 259324.708860214 21001.438988910002 17499.480744106997 1225296.6404776361 74350.0488425 223739.430053296 163762.04841527302 -9999 -9999 -9999 -9999 -9999 -9999 -9999 -9999 -9999 -9999 -9999 -9999 -9999 -9999 -9999 -9999 -9999 -9999 -9999 -9999 -9999 -9999 -9999 -9999 -9999 -9999 -9999
-9999 -9999 -9999 -9999 -9999 -9999 -9999 -9999 -9999 -9999 -9999 24.6063521251 322160.9807031112 21.3089568204 -9999 -9999 -9999 -9999 62.016892209800005 1000904.094770248 510.901663513 527.50930883 37559.507897644005 51827.428611245 270.239515873 1032.242902879 339647.5092848 6562.93909789 189.766888224 214.9360856018 13530.255334664998 5547.937571488001 376.1899289493 67278.505895817 520.023094225 308.22665154599997 91326.128358403 -9999 -9999 -9999 -9999 -9999 -9999 -9999 -9999 -9999 -9999 -9999 -9999 -9999 -9999 -9999 -9999 -9999 -9999 -9999 -9999 -9999 -9999 -9999 -9999 -9999 -9999 -9999
-9999 -9999 -9999 -9999 -9999 -9999 -9999 -9999 -9999 -9999 -9999 -9999 2598.63113617698 -9999 -9999 -9999 -9999 -9999 -9999 27.0854971645 36791.1125509 1345.08796025 3942.01128934 10393.391005636 514.5558721120001 274.4128906288 790925.959858076 201.651515527 206.35381484 2408.415412937 5607.89068976 97147.7431177 1370.4391208470001 152766.131237726 204713.4496749 70086.69109440001 46618.738832 -9999 -9999 -9999 -9999 -9999 -9999 -9999 -9999 -9999 -9999 -9999 -9999 -9999 -9999 -9999 -9999 -9999 -9999 -9999 -9999 -9999 -9999 -9999 -9999 -9999 -9999 6557.799038921
-9999 -9999 -9999 -9999 -9999 -9999 -9999 -9999 -9999 -9999 -9999 -9999 -9999 -9999 -9999 -9999 -9999 -9999 -9999 -9999 103350.09484056 153099.96554593 1004.152140295 1241.2266585339999 39728.038277207 139815.378184916 2103.14698965 2103.14698965 207.62507496 891647.3057076101 2571874.611887265 20284.116653401 17702.638583657 385077.13039556 37477.47452266 54890.93872343 3556361.9619558803 -9999 -9999 -9999 -9999 -9999 -9999 -9999 -9999 -9999 -9999 -9999 -9999 -9999 -9999 -9999 -9999 -9999 -9999 -9999 -9999 -9999 -9999 -9999 -9999 -9999 0.0 21600.899974066
-9999 -9999 -9999 -9999 -9999 -9999 -9999 -9999 -9999 -9999 -9999 -9999 -9999 -9999 -9999 -9999 -9999 -9999 3822.9112745029 -9999 128843.363045289 766580.96499527 908375.0413775499 1846.7938849720001 38862.781378273 2240.72843846 289.41925087 2655189.34951102 1270.41800157 256.5281578337 9956.575673388 17195.17735208 316388.84037262807 944465.8669143999 899074.7588651 28532.1576131 476521.49082962 138839.0197951776 -9999 -9999 -9999 -9999 -9999 -9999 -9999 -9999 -9999 -9999 -9999 -9999 -9999 -9999 -9999 -9999 1160.3687543498 16463.6724068 12314.8742147 71.9364992932 -9999 -9999 -9999 -9999 50556.7970509257 11326.052045072
-9999 -9999 -9999 -9999 -9999 -9999 -9999 -9999 -9999 -9999 -9999 -9999 -9999 -9999 -9999 -9999 -9999 -9999 -9999 303.0432954608 -9999 1126.899253354 505945.375228157 55318.537272639995 296767.8584186 235504.045771326 408502.838392867 158375.438581111 5211843.652192631 502614.01764793 355776.881250104 1887.922375729 130103.139512591 246267.12983296 416226.08950540004 372374.39381435997 5927.11098236 300670.22331973 -9999 -9999 -9999 -9999 -9999 -9999 -9999 -9999 -9999 -9999 -9999 -9999 -9999 44.30453780413 729079.8177143451 22938.178470371 28085.941503251 205722.283342056 3918.36937452 15983.0157112 1801686.383106323 -9999 -9999 -9999 -9999 -9999
-9999 -9999 -9999 -9999 -9999 -9999 -9999 -9999 -9999 -9999 -9999 -9999 -9999 -9999 -9999 -9999 -9999 -9999 -9999 -9999 -9999 1229889.9360362198 5655.280064109999 1417.770899739 5958.63515714 15269443.977600852 321313.78808950004 180098.618681954 111644.103090254 2661085.4625986298 1897636.1936321 2821670.221551649 9534.19269863 8950.46904393 3689.96730145 44163.124876350004 86614.20379391001 1517482.4401308103 -9999 -9999 -9999 -9999 -9999 -9999 -9999 -9999 -9999 -9999 -9999 -9999 -9999 71705.12635400801 2484940.305238868 393791.72365208296 113011.30225038201 232830.58415254898 424.086169028 241199.100384084 186933.55957776 -9999 -9999 -9999 -9999 -9999
-9999 -9999 -9999 -9999 -9999 -9999 -9999 -9999 -9999 -9999 -9999 -9999 -9999 -9999 -9999 -9999 -9999 -9999 -9999 -9999 129.71631469349 1287.6256861470001 982.68038925 2659.01693081 7108.211741195 863088.8170229 1188619.5422335998 994972.35628822 336216.59135321 721322.86860564 634042.6435194 33268.15639335 578832.8268025769 597975.40439661 1625859.20772082 929860.0384799701 200799.69744862 1382244.4656150502 224360.49638243002 -9999 -9999 -9999 -9999 -9999 -9999 -9999 -9999 -9999 -9999 -9999 -9999 19305.828460937 368.998547631 605.073594141 71957.502972777 453.225228352 794921.838489564 176004.588626004 45.712540378 -9999 -9999 -9999 -9999 -9999
