Model Version1.4/trunk/output/1999/nue_crit_sw.asc
ncols 720
nrows 360
xllcorner -180
yllcorner -90
cellsize 0.5
NODATA_value -9999
[rows 189 to 215 of 360, columns 248 to 309 of 720]
-9999 -9999 -9999 -9999 -9999 -9999 -9999 -9999 -9999 -9999 -9999 -9999 0.7269145446068083 0.7066020209649626 0.7035570326454498 0.7394768629327113 0.7197454081555692 0.7190922707181736 0.7141652763076805 0.721258408955915 0.7219867702786675 0.7169933767755763 0.7153153214410851 0.7097176575127045 0.7285823022880017 0.7156150700080964 0.7478893425616969 0.7481097331296048 0.7722158242252547 0.7236711145853187 0.702533059635703 0.6447213060251669 0.7003690984930758 0.7456371330796654 0.6712251468198692 0.6538767151621044 0.6402669740522503 0.6570458247583597 -9999 -9999.0 -9999.0 -9999.0 -9999.0 -9999.0 -9999.0 -9999.0 -9999.0 -9999.0 -9999.0 -9999.0 -9999.0 -9999.0 -9999.0 -9999.0 -9999.0 -9999.0 -9999.0 -9999.0 -9999.0 -9999.0 -9999.0 -9999.0
-9999 -9999 -9999 -9999 -9999 -9999 -9999 -9999 -9999 -9999 0.6826325915597169 0.7343022570386577 0.7170040607996097 0.7470555670192213 0.7255919173757933 0.7370031310773202 0.6555310875650564 0.6958513770585263 0.7413528022643595 0.6791925461436822 0.6758523323542743 0.6882426254099601 0.6976472404776405 0.7216201800689244 0.6512194766958936 0.7255201010745748 0.6783166706743424 0.8002480457884715 0.7508197112407284 0.6708424975378461 0.6544641262888496 0.6807679419697183 0.7345076369589837 0.7004219044616284 0.6755050518285579 0.6701878703620565 0.7351603505284361 0.6487804535201673 0.671120786294075 0.6718980675994208 0.6783869777294708 0.7507458918318266 -9999.0 -9999.0 -9999.0 -9999.0 -9999.0 -9999.0 -9999.0 -9999.0 -9999.0 -9999.0 -9999.0 -9999.0 -9999.0 -9999.0 -9999.0 -9999.0 -9999.0 -9999.0 -9999.0 -9999.0
-9999 -9999 -9999 -9999 -9999 -9999 -9999 -9999 -9999 0.668825962203234 -9999 0.6912883651901853 0.6822595613889917 0.6953619743152369 0.6953692055278293 0.6720755448340692 0.6419467432468566 0.7004171462034953 0.6802447595627962 0.6686917075114118 0.6835906557215428 0.6708183523720734 0.7004098666739093 0.7360242826065184 0.7032189641458401 0.6882901253676041 0.7812130590335389 0.7264961568570324 0.6819478679901155 0.6620458970388683 0.6441077658742729 0.6302297548370985 0.6387026008784197 0.6598978789149474 0.631890202836229 0.6542563073539249 0.6312189170411148 0.6295757471770399 0.6454419219441798 0.6389064204487696 0.6344277977485031 0.6326689572144576 -9999.0 -9999.0 -9999.0 -9999.0 -9999.0 -9999.0 -9999.0 -9999.0 -9999.0 -9999.0 -9999.0 -9999.0 -9999.0 -9999.0 -9999.0 -9999.0 -9999.0 -9999.0 -9999.0 -9999.0
-9999 -9999 -9999 -9999 -9999 -9999 0.6386041112433742 0.6814904504946315 0.6635491657771315 0.6694066585478908 -9999 0.6595645910851313 0.6794444461359483 0.6549201785001039 0.6566859828821434 0.6775546865588028 0.6401932095426358 0.6643861568311555 0.6408612722432963 0.7211721068019253 0.7006607005079005 0.6761821476526358 0.6484818429799764 0.6256778945037765 0.6292871941723512 0.6799329165332951 0.6289455567198193 0.7197703655394119 0.7294844244982959 -9999 0.6417693248796905 0.6250731689387037 0.7042106465488144 0.733766759274581 0.6921344963638532 0.6534650409519142 0.6813364642949123 0.6410408257877077 0.6394390061447508 0.6480954419587118 0.6748150291829409 0.6222210786224596 -9999 -9999.0 -9999.0 -9999.0 -9999.0 -9999.0 -9999.0 -9999.0 -9999.0 -9999.0 -9999.0 -9999.0 -9999.0 -9999.0 -9999.0 -9999.0 -9999.0 -9999.0 -9999.0 -9999.0
-9999 0.7406734968356788 -9999 -9999 -9999 -9999 -9999 0.6403208433011005 0.6742834169482226 0.7047951160847671 0.6538374312048585 0.69171200970609 0.6455431107115828 0.6928994622893855 0.6968799003436518 0.6972812267336277 0.6368094493341575 0.7227206003003738 0.7157164318325975 0.7071602579247562 0.7755291758558757 0.7332030801996167 0.6901400685594387 0.6687297699489131 0.6860076066317177 0.6251327607083615 0.622874589131289 0.7196356760990313 0.7318003132982194 0.7213143593823538 0.6471724496928085 0.6592088973218035 0.7307820832184232 0.6566393011361815 0.7155977020975506 0.6280342702115147 0.6313767971436582 0.6321950344624047 0.6424054610859453 0.6274077385527634 0.6214041926583731 0.6009644446187115 -9999 -9999.0 -9999.0 -9999.0 -9999.0 -9999.0 -9999.0 -9999.0 -9999.0 -9999.0 -9999.0 -9999.0 -9999.0 -9999.0 -9999.0 -9999.0 -9999.0 -9999.0 -9999.0 -9999.0
-9999 0.6942383377241005 -9999 -9999 -9999 -9999 -9999 -9999 -9999 0.6575196682584723 0.6786387886941836 0.7249793685979029 0.683553372773294 0.6673525594282969 0.6790551135944145 0.6663581279189655 0.6670637847160017 0.7385375609852666 0.7125029415255643 0.7566902453491179 0.7264160877449258 0.7253367641786004 0.6796361308436265 0.7168858408652269 0.7295283099543436 0.7280417408386862 0.6678946674041183 0.6858302083129073 0.6263066353775697 0.7124418725792275 0.7205975603637519 0.7208328796300483 0.7078097140892263 0.6453125852358997 0.6400948026159244 0.6316241496123794 0.6596241266920672 0.6300278975417803 0.6345062358124113 0.6113185594039925 0.7201737269425803 0.6962599141798573 0.6281789148548449 -9999.0 -9999.0 -9999.0 -9999.0 -9999.0 -9999.0 -9999.0 -9999.0 -9999.0 -9999.0 -9999.0 -9999.0 -9999.0 -9999.0 -9999.0 -9999.0 -9999.0 -9999.0 -9999.0
-9999 0.6383164747885366 -9999 -9999 -9999 -9999 -9999 -9999 0.6312440137897246 -9999 0.6934696955907151 0.6945933525811269 0.676458193660553 0.695807582950577 0.692549109059122 0.6395439999411794 0.6386249091952729 0.6573622905584551 0.6891209815177277 0.7104697966358304 0.7385316403201436 0.7032332784877192 0.6624623822845074 0.794530882184312 0.7093532340111399 0.7271699777031054 0.6230164535357445 0.6205001773315698 0.6594911008301361 0.6466736326528078 0.7019126771134854 0.6999443355314496 0.7116499730955921 0.749918298455647 0.6669704917933124 0.6952149233427323 0.6555561019391805 0.6070484471359593 0.6132637448468764 0.6103581007916172 0.6987991836707409 0.5879657807662791 0.6185613770281455 -9999.0 -9999.0 -9999.0 -9999.0 -9999.0 -9999.0 -9999.0 -9999.0 -9999.0 -9999.0 -9999.0 -9999.0 -9999.0 -9999.0 -9999.0 -9999.0 -9999.0 -9999.0 -9999.0
-9999 0.7122830658752434 -9999 -9999 -9999 -9999 -9999 0.628099810110991 -9999 0.6845795155305391 0.7065356572017243 0.7015932786081033 0.6853042915468193 0.6642567277237561 0.6582756404664528 0.6457495857544999 0.6355904747533841 0.629235806812787 0.7216917167609711 0.7631117641911782 0.7615090404577844 0.7890572238751683 0.8081258400556334 0.751051039350347 0.7461625883288641 0.6375050971272707 0.6295778239832425 0.632966915764732 0.6259917779167102 0.6358848852820139 0.6235314774209026 0.6325776379652793 0.6207455827146656 0.6219414363897763 0.6244832434684696 0.6235692475324925 0.6257214274108603 0.6270500473074986 0.6512452301939877 0.6158896826364959 0.6816549796368104 0.590006432630668 0.694543828317099 -9999.0 -9999.0 -9999.0 -9999.0 -9999.0 -9999.0 -9999.0 -9999.0 -9999.0 -9999.0 -9999.0 -9999.0 -9999.0 -9999.0 -9999.0 -9999.0 -9999.0 -9999.0 -9999.0
-9999 -9999 0.6346623401030148 -9999 -9999 -9999 -9999 -9999 0.6400365983830444 0.6590985667631998 0.7200342414213333 0.6711765069035543 0.6852657553069916 0.6722780886165722 0.7105368817591688 0.6446708380029016 0.6396767164074069 0.6325418669728724 0.6892888922292216 0.7636402143607048 0.7750591330217744 0.8074014374556368 0.809150759222465 0.7262149445653411 0.672921536067339 0.6778354545980874 0.6936674938424832 -9999 -9999 0.6201877211666301 0.6227144058277676 0.6261776500722719 0.6318429268882243 0.6290302606121823 0.617217882863289 0.6241869940216925 0.6586751562177908 0.6362226893435404 0.6233399181508348 0.621037765486613 0.6077655196921287 0.6137341156046351 -9999.0 -9999.0 -9999.0 -9999.0 -9999.0 -9999.0 -9999.0 -9999.0 -9999.0 -9999.0 -9999.0 -9999.0 -9999.0 -9999.0 -9999.0 -9999.0 -9999.0 -9999.0 -9999.0 -9999.0
-9999 0.7418165423683927 0.6924648275186133 -9999 -9999 -9999 -9999 -9999 -9999 0.6571545391241941 0.6938727757874683 0.701304037042672 0.6613509070993561 0.636020928172128 0.6800912941346783 0.6955939241423393 0.6420841142926966 0.635924185305794 0.6754847143143001 0.7090071880505926 0.7502987052146776 0.805468628351529 0.7611281952912412 0.7033733361156453 0.6495944896777794 0.658558349395569 0.7210123913330724 0.6322847568450015 0.6199836594755818 0.6214562978721715 0.6305968710336813 0.5861342599449566 0.6226534051795245 0.6270214146868186 0.6198135757699271 0.654307827396368 0.6246574714854688 0.644998194990793 0.6312325767774032 0.5961553149134668 0.5893325184650826 0.6495926339215337 -9999.0 -9999.0 -9999.0 -9999.0 -9999.0 -9999.0 -9999.0 -9999.0 -9999.0 -9999.0 -9999.0 -9999.0 -9999.0 -9999.0 -9999.0 -9999.0 -9999.0 -9999.0 -9999.0 -9999.0
0.7240801010486098 0.7291650868899396 0.6948956358783244 0.6723178745558518 -9999 -9999 -9999 0.6533073488086234 0.6476439058521889 0.7230898587850937 0.6710665575242292 0.6840775910917324 0.6589355477706875 0.6380565015870294 0.6389986487683825 0.6573498450197794 0.6382145864458396 0.6372903219972771 0.6900294000144803 0.7125187302223964 0.6642836098573005 0.7410911429034974 0.7674308857002876 0.7415195116288036 0.679465999516568 0.6528466738426565 0.6483181936845929 0.6444452728398157 0.6309727596938113 -9999 0.6094253898362139 0.6214616716539776 0.6211330743849977 0.6199997158906064 0.6195425653969455 0.6528990026886374 0.6617356865465758 0.6218603395184127 0.7106255389492122 0.57909569097381 0.6040530760074239 -9999.0 -9999.0 -9999.0 -9999.0 -9999.0 -9999.0 -9999.0 -9999.0 -9999.0 -9999.0 -9999.0 -9999.0 -9999.0 -9999.0 -9999.0 -9999.0 -9999.0 -9999.0 -9999.0 -9999.0 -9999.0
0.7259302272295041 0.7171346215524076 0.7019082722726565 0.6914918545592202 0.7038423347916264 -9999 0.672735894082637 0.6798068996246955 0.6937077481011653 0.696737941848237 0.6778076318643488 0.685376277140662 0.6852912805072713 0.6388428930332762 0.6876081475694529 0.6570762088627919 0.6394294838783942 0.6382997910971114 0.6717027587406144 0.6745785410929962 0.6880393714666296 0.7553576229536406 0.736824195024082 0.757910117694858 -9999 0.6261803970595049 0.637728320508459 0.6398524642847138 0.6249878982541794 0.6291942538683175 0.6587038267720202 0.645231697042519 0.6268295279006816 0.6372716514818861 0.6238888199521642 0.6687890763323475 0.6194861432933929 0.637658422696725 0.5597897492872419 0.6041238956516974 -9999.0 -9999.0 -9999.0 -9999.0 -9999.0 -9999.0 -9999.0 -9999.0 -9999.0 -9999.0 -9999.0 -9999.0 -9999.0 -9999.0 -9999.0 -9999.0 -9999.0 -9999.0 -9999.0 -9999.0 -9999.0 -9999.0
0.7036381881936935 0.7036689571760575 0.6971705306705521 0.7113568817079484 0.6367351139633216 -9999 0.684689575180964 0.7026030152156245 0.7071719182415288 0.6906216648460339 0.6734817738899019 0.6859268613395506 0.6677639964342034 0.6358698046243509 0.6479094057962538 0.694328782550957 0.660253854636282 0.6385676743123656 -9999 0.6832969856308071 0.696993168309506 0.6856054538011647 0.709782791676843 0.7462622110292666 0.629090489443501 0.6253826275024231 0.6433823271149446 0.6682781900074406 0.6635940270373887 0.653031451649799 0.6436706627471251 0.6447732521199937 0.6275318877146427 0.6336129448027263 0.6677718555269126 0.6510813181294233 0.6937736077007411 0.6859961605270574 0.6343393351900632 -9999.0 -9999.0 -9999.0 -9999.0 -9999.0 -9999.0 -9999.0 -9999.0 -9999.0 -9999.0 -9999.0 -9999.0 -9999.0 -9999.0 -9999.0 -9999.0 -9999.0 -9999.0 -9999.0 -9999.0 -9999.0 -9999.0 -9999.0
0.688873959073733 0.7192421785804575 0.738162715669438 0.7113133048230132 -9999 -9999 0.6788553358809417 0.6980981130851885 0.7181223513315265 0.6695659916689051 0.7194920131310353 0.6815249396014835 0.6524890164549886 0.6321385502601169 0.6393722397348826 0.6366939457439625 0.6370100429200962 0.6379889084776692 0.6843342377178799 0.6994385663613951 0.6757924722132556 0.7019986890983811 0.6527993513912356 0.6687180952442909 0.6315154245883184 0.6354329074112185 0.6462730561433241 0.6793449247399679 0.6507335500752982 0.6635012200990761 0.6594886414012039 0.6336305822946493 0.6340522847203587 0.6754339024777034 0.6480301418928914 0.6457113121229977 0.6908848751888271 0.640383173815637 -9999.0 -9999.0 -9999.0 -9999.0 -9999.0 -9999.0 -9999.0 -9999.0 -9999.0 -9999.0 -9999.0 -9999.0 -9999.0 -9999.0 -9999.0 -9999.0 -9999.0 -9999.0 -9999.0 -9999.0 -9999.0 -9999.0 -9999.0 -9999.0
0.7672751054019102 0.7479443805299221 0.7353520093119134 0.6606787737069821 -9999 -9999 0.7208979049886228 0.7537454363642829 0.7190479248560139 0.6401696403945928 0.7046962435063513 0.672632545289116 0.618551344439495 0.6099708267829536 0.632384190169325 0.6366339413462004 0.6371543385446031 0.6348741780625689 0.6344437368586763 0.6625756292215147 0.6880804411454827 0.6404386624924038 0.6634536420454006 0.6749808988365399 0.7305345413487743 0.6242503476465966 0.6342175510271901 0.6303399453472475 0.6233153776990568 0.7318114700653531 0.6594316452348188 0.6282345522490962 0.6270728607721587 0.6968733424907693 0.6485719069698326 0.633727354217458 0.6330946808031043 -9999 -9999.0 -9999.0 -9999.0 -9999.0 -9999.0 -9999.0 -9999.0 -9999.0 -9999.0 -9999.0 -9999.0 -9999.0 -9999.0 -9999.0 -9999.0 -9999.0 -9999.0 -9999.0 -9999.0 -9999.0 -9999.0 -9999.0 -9999.0 -9999.0
0.7942839109708711 0.7700495630457074 0.699123698666213 0.665417516976842 -9999 0.6628699777084552 0.6911626456081639 0.7217022468737775 0.7260003737761522 0.6576915983753333 0.687302942387525 0.6898053043902759 0.634594875913784 0.6303026530323087 0.6860488617323945 0.6399589313741697 0.6404192153793528 0.6383526990818432 0.6341887074651255 0.6762410289328002 0.7054188148637526 0.6607128140905737 0.654036783926134 0.6788878761047165 0.6531744170723899 0.725543023855931 0.6748939273397344 0.7664134626166791 0.6454471016721738 0.6732423561591695 0.6578597717807289 0.6370518529387278 0.6326294894958714 0.6273761635221776 0.5853673107384609 0.7400473695932429 0.6436455329202144 -9999.0 -9999.0 -9999.0 -9999.0 -9999.0 -9999.0 -9999.0 -9999.0 -9999.0 -9999.0 -9999.0 -9999.0 -9999.0 -9999.0 -9999.0 -9999.0 -9999.0 -9999.0 -9999.0 -9999.0 -9999.0 -9999.0 -9999.0 -9999.0 -9999.0
0.6725323769894322 0.8305905344620373 1.0776725728581886 0.6528692563723235 1.086605851611754 1.086605815625333 0.7701980745323418 0.7521570850955986 0.687051662517255 0.6375140868976414 0.6737805208361597 0.6430561706620291 0.639417695129577 0.6403044766496161 0.6447455971213856 0.6645804469208116 0.6381142467184112 0.6350299069812532 0.638774416970204 0.6918356390407402 0.6994072541752856 0.6630719156121508 0.6901358524810484 0.7296045171207352 0.6478780536251117 0.6518048390813813 0.7366180169709658 0.7466044367814423 0.6641690504328863 0.6641286538285573 0.6504530803418251 0.6690010775525416 0.6633273742765515 0.643970522640549 0.7002888312140196 0.6409757150831321 -9999.0 -9999.0 -9999.0 -9999.0 -9999.0 -9999.0 -9999.0 -9999.0 -9999.0 -9999.0 -9999.0 -9999.0 -9999.0 -9999.0 -9999.0 -9999.0 -9999.0 -9999.0 -9999.0 -9999.0 -9999.0 -9999.0 -9999.0 -9999.0 -9999.0 -9999.0
0.8000675592254737 0.801269100089344 0.7971576229101495 1.054690372019809 1.064883892843872 0.6945680054247662 0.7298040184400403 0.6678277904309038 0.6406691119549259 0.6335538676935397 0.6456078743526575 0.6441690538075533 0.6388620892012792 0.6376897067916336 0.6380252643404214 0.6402970047559227 0.6341169352511056 0.6441591793884355 0.6388952061346899 0.637766048086902 0.6968208061263267 0.6732509088619743 0.6765409211196692 0.6464790305996608 0.6308058235398875 0.6403526053900227 0.781415230654909 0.7610588377009398 0.7538571253892149 0.7036551546859735 0.6573216403336117 0.7241148031292105 0.7288986945765711 0.6653757196671466 0.6601809262289163 -9999.0 -9999.0 -9999.0 -9999.0 -9999.0 -9999.0 -9999.0 -9999.0 -9999.0 -9999.0 -9999.0 -9999.0 -9999.0 -9999.0 -9999.0 -9999.0 -9999.0 -9999.0 -9999.0 -9999.0 -9999.0 -9999.0 -9999.0 -9999.0 -9999.0 -9999.0 -9999.0
0.8041119671415801 0.7450792540752993 0.951664866809547 0.7038222948480791 0.6412075452340508 0.6886212340677996 0.6605137060439696 0.6776392506751837 0.645035811584426 0.6482999928731641 0.6441203185254928 0.6429273394927346 0.63821733229009 0.642953337969631 0.6407778060615843 0.6847338660095597 0.6838896339313371 0.6722303020767831 0.6944549661581968 0.633493083283743 0.6840064746219083 0.6973526086288302 0.6617838650661263 0.6542637948384914 0.6466519256206644 0.6372537179910929 0.6533945083239666 0.6514289579818902 0.6931332818032123 0.7107793516533766 0.6511696629701095 0.7009576119859234 0.6532119092833369 0.6890317452592852 0.6497252067758279 -9999.0 -9999.0 -9999.0 -9999.0 -9999.0 -9999.0 -9999.0 -9999.0 -9999.0 -9999.0 -9999.0 -9999.0 -9999.0 -9999.0 -9999.0 -9999.0 -9999.0 -9999.0 -9999.0 -9999.0 -9999.0 -9999.0 -9999.0 -9999.0 -9999.0 -9999.0 -9999.0
0.6948063148700636 0.6380614611691865 0.641130634967754 0.6446259408745068 0.6429171860318157 0.6435320819421334 0.6465602555294184 0.6509511320740174 0.641640098530374 0.6468698447524347 0.6408076076397858 0.6442500559325787 0.6390546121906028 0.6422058529570808 0.6408112815924967 0.6938850335981495 0.6717116358298602 0.6691437204541842 0.6860374611815221 0.6665792594914014 0.6678174946035691 0.6882460150822001 0.6346957200625888 0.6349462646659901 0.6483783034568751 0.6559603007339319 0.6604173128608046 0.6786497301734487 0.6787171608627848 0.685532757668713 0.6958067653329179 0.6915523065984116 0.6532821753784972 0.7123314174431171 0.6327452561498579 -9999.0 -9999.0 -9999.0 -9999.0 -9999.0 -9999.0 -9999.0 -9999.0 -9999.0 -9999.0 -9999.0 -9999.0 -9999.0 -9999.0 -9999.0 -9999.0 -9999.0 -9999.0 -9999.0 -9999.0 -9999.0 -9999.0 -9999.0 -9999.0 -9999.0 -9999.0 -9999.0
0.6434991087768048 0.646199123321844 0.6434637671497034 0.645930443285089 0.6453490049909254 0.6411197044537538 0.6508139284494193 0.6546307994722543 0.650644649136944 0.6403693180494571 0.6412223380789662 0.6398152145680467 0.6953986862503706 0.6402905308270476 0.632382015756236 0.6366351945527977 0.6859595546309039 0.6475185401633179 0.6605924572715444 0.6576403867262636 0.7072552387510777 0.6363912150628483 0.6884299851298538 0.6290974377013072 0.6409432338261539 0.6506615325300091 0.6751100566989672 0.6674661311254338 0.6582427734452161 0.6576089719593662 0.6358662499365312 0.7173608336258028 0.6423693268254445 0.6620774184486669 -9999.0 -9999.0 -9999.0 -9999.0 -9999.0 -9999.0 -9999.0 -9999.0 -9999.0 -9999.0 -9999.0 -9999.0 -9999.0 -9999.0 -9999.0 -9999.0 -9999.0 -9999.0 -9999.0 -9999.0 -9999.0 -9999.0 -9999.0 -9999.0 -9999.0 -9999.0 -9999.0 -9999.0
0.640056431927689 0.6460424480500427 0.6466844060420118 0.6479433563320581 0.6466451990911223 0.6438897227526645 0.6385480720430844 0.6532616906752174 0.6368854108473682 0.6388815013144667 0.6431704818241706 0.639961470671035 0.639208009527859 0.6270456132411731 0.6821002046071254 0.6676240833680804 0.6786012599148358 0.6327608101727081 0.6343107207652171 0.6544419960687299 0.6333776682707252 0.6655193731228005 0.6625383728866481 0.6401143395145106 0.6348905620480462 0.6428923503116396 0.6437478991426356 0.6407746375718681 0.6464126975616268 0.6508040548845888 0.7386560170863811 0.6939069179094615 0.6960523618359477 0.6824770495204746 0.6293687121245535 -9999.0 -9999.0 -9999.0 -9999.0 -9999.0 -9999.0 -9999.0 -9999.0 -9999.0 -9999.0 -9999.0 -9999.0 -9999.0 -9999.0 -9999.0 -9999.0 -9999.0 -9999.0 -9999.0 -9999.0 -9999.0 -9999.0 -9999.0 -9999.0 -9999.0 -9999.0 -9999.0
0.6380544007831361 0.6467035122415549 0.6406237787509683 0.6385327791620957 0.6408174112891856 0.6404999958869108 0.6406259299787256 0.6481151339037031 0.6453565619101296 0.6406169649366122 0.6381490848519329 0.6984213630971491 0.6398963590341403 0.6340431901590906 0.6902028224122654 0.6310014730769372 0.6324366974817142 0.67499827115187 0.6331027134047277 0.6491183083168556 0.6480035464567496 0.6365240947660246 0.6345287088511968 0.6363102271722125 0.6387132103349049 0.6461923558745848 0.6389849491355256 0.6359158753160379 0.6376768991437691 0.7023471361856447 0.68899806898868 0.6874623463203776 0.722387757298252 0.7311397997376212 0.6692409710295911 -9999.0 -9999.0 -9999.0 -9999.0 -9999.0 -9999.0 -9999.0 -9999.0 -9999.0 -9999.0 -9999.0 -9999.0 -9999.0 -9999.0 -9999.0 -9999.0 -9999.0 -9999.0 -9999.0 -9999.0 -9999.0 -9999.0 -9999.0 -9999.0 -9999.0 -9999.0 -9999.0
0.6418240928113678 0.6443400842400926 0.6417060705910641 0.6390906967768442 0.6419143065466577 0.6440676448716762 0.6445579798532418 0.6405103227752574 0.6413114794473482 0.639761486143445 0.6411341252373364 0.6404371124883658 0.6375531935520131 0.6229548495234161 0.6337958009190734 0.6923200914119743 0.6412055139263793 0.6360486264394724 0.629993336531775 0.6379297785934332 0.6373328847884494 0.6320738494661919 0.6355994812642347 0.6354316210133246 0.6407572345160544 0.6377442111114429 0.6336702641555426 0.6506536551092338 0.6505092587850433 0.6493429533295327 0.6496037326840424 0.701764988747361 0.6652530558688975 0.6993755086037171 0.6648316498413918 -9999.0 -9999.0 -9999.0 -9999.0 -9999.0 -9999.0 -9999.0 -9999.0 -9999.0 -9999.0 -9999.0 -9999.0 -9999.0 -9999.0 -9999.0 -9999.0 -9999.0 -9999.0 -9999.0 -9999.0 -9999.0 -9999.0 -9999.0 -9999.0 -9999.0 -9999.0 -9999.0
0.6384151850417548 0.6401882614901576 0.647312112487476 0.6397334691480536 0.6449724465267043 0.6409606617498315 0.6429382098918139 0.6431843864562404 0.6400299362186853 0.6423062820905888 0.6416305226551058 0.6324314359493959 0.6396705666588721 0.6264630163140426 0.6410695410238875 0.6441351784716626 0.6374720593161947 0.6352896966160274 0.630611945157603 0.6311482451000022 0.6335633798909394 0.6343470910536584 0.6369226241107214 0.6328148659441359 0.6356337559183147 0.6337874827366169 0.6812495952101137 0.6486739216628318 0.6481381278934331 0.6397664949708772 0.6436169618246043 0.6444977893299124 0.7239985983811719 0.6411324260671604 -9999.0 -9999.0 -9999.0 -9999.0 -9999.0 -9999.0 -9999.0 -9999.0 -9999.0 -9999.0 -9999.0 -9999.0 -9999.0 -9999.0 -9999.0 -9999.0 -9999.0 -9999.0 -9999.0 -9999.0 -9999.0 -9999.0 -9999.0 -9999.0 -9999.0 -9999.0 -9999.0 -9999.0
0.6731965694758749 0.6396403519660823 0.6490009074349292 0.6473115048342646 0.6380567215524499 0.6418255385412264 0.6431748032484662 0.644156677009909 0.6445342574027676 0.6406550313899076 0.6435703522585364 0.6289429777981507 0.639356381172051 0.6384093927037455 0.6421853447759538 0.6421695004189282 0.6364676466502421 0.6367561694862858 0.6614278602223458 0.6272801785755286 0.6465565657410915 0.6300612368594848 0.6252404677621461 0.6316055235858377 0.635837422159086 0.6343986119352023 0.6424964340136231 0.6384415821747987 0.6412063624890084 0.6436351036652598 0.6421295997045987 0.73201071362894 0.7055920893224223 0.7351537875018127 -9999.0 -9999.0 -9999.0 -9999.0 -9999.0 -9999.0 -9999.0 -9999.0 -9999.0 -9999.0 -9999.0 -9999.0 -9999.0 -9999.0 -9999.0 -9999.0 -9999.0 -9999.0 -9999.0 -9999.0 -9999.0 -9999.0 -9999.0 -9999.0 -9999.0 -9999.0 -9999.0 -9999.0
0.679813000830627 0.6329141179614983 0.6397959086054489 0.6394938597555455 0.6386943116101982 0.6437495161475486 0.6449337346987878 0.6480473569333314 0.6453102323448294 0.6462334635362942 0.641971863618083 0.6378212766792651 0.6366371965799194 0.6389330889788222 0.6394937242670332 0.679356391166833 0.6855302230306792 0.6376315627510083 0.6332584578704572 0.6311733130345424 0.632624213505788 0.6332871537737048 0.6593136399407302 0.6317697352174595 0.6289700372151756 0.6348520267451219 0.6317556435133078 0.6367245680828288 0.6423615590740638 0.64169277822471 0.6480041543635168 0.6460132565032852 0.6875426026225706 0.6848611349248626 -9999.0 -9999.0 -9999.0 -9999.0 -9999.0 -9999.0 -9999.0 -9999.0 -9999.0 -9999.0 -9999.0 -9999.0 -9999.0 -9999.0 -9999.0 -9999.0 -9999.0 -9999.0 -9999.0 -9999.0 -9999.0 -9999.0 -9999.0 -9999.0 -9999.0 -9999.0 -9999.0 -9999.0
