Model Version1.4/trunk/output/1999/nup_egl.asc
ncols 720
nrows 360
xllcorner -180
yllcorner -90
cellsize 0.5
NODATA_value -2
[rows 64 to 95 of 360, columns 73 to 145 of 720]
-2.0 -2.0 -2.0 -2.0 -2.0 -2.0 -2.0 -2.0 -2.0 -2.0 -2.0 -2.0 -2.0 -2.0 -2 -2 -2 -2 -2 -2 -2 -2 -2 -2 -2 -2 -2 -2 -2 -2 -2 -2 -2 -2 -2 -2 -2 -2 -2 -2 -2 -2 -2 -2 -2 -2 -2 -2 -2 -2 -2 -2 53271.619079027725 0.0 -2 -2 -2 -2 27173.690231315893 -2 -2 57136.22894513668 27621.06783336553 -2 38758.72583802824 26549.644744684025 22962.163230867864 -2 16144.806781660493 26494.379317706647 25239.4042975248 23842.010800343305 23009.82819365305
-2.0 -2.0 -2.0 -2.0 -2.0 -2.0 -2.0 -2.0 -2.0 -2.0 -2.0 -2.0 -2.0 -2.0 -2.0 41005.96666520145 158.44704811766815 -2 1588.3099613346785 1908.8533587094742 -2 1054.1200324235301 -2 -2 -2 -2 -2 -2 -2 -2 -2 -2 -2 -2 -2 -2 -2 -2 -2 -2 -2 -2 -2 -2 -2 -2 -2 -2 -2 -2 -2 0.007269748542491609 0.040871456146144666 -2 -2 -2 -2 -2 -2 -2 -2 -2 -2 24124.27946227388 -2 -2 24353.588806275366 7086.149564441084 26916.90522412109 -2 25717.04395750274 25474.118357833624 12177.119325341864
-2.0 -2.0 -2.0 -2.0 -2.0 -2.0 -2.0 -2.0 -2.0 -2.0 -2.0 -2.0 -2.0 -2.0 -2.0 -2.0 5314.479968506756 -2 7530.516692924508 28402.517376331925 29083.217343912474 14522.434213217377 -2 -2 -2 -2 -2 -2 -2 -2 -2 -2 -2 -2 -2 -2 -2 -2 -2 -2 -2 -2 -2 -2 0.003649559341551614 0.004392888707505715 -2 -2 0.017571471031626318 0.0007369872288191024 -2 0.0045044019415687335 28893.40296595672 -2 -2 -2 -2 -2 -2 -2 -2 -2 -2 -2 -2 -2 -2 28162.57437468275 85048.23511765106 36897.839634928816 -2 8393.333108225275 -2
-2.0 -2.0 -2.0 -2.0 -2.0 -2.0 -2.0 -2.0 -2.0 -2.0 -2.0 -2.0 -2.0 -2.0 -2.0 -2.0 -2.0 -2 -2 -2 11358.696556287037 4362.170051412075 28449.082957666516 -2 -2 -2 -2 -2 -2 -2 -2 -2 -2 -2 -2 -2 -2 -2 -2 -2 -2 -2 -2 14862.72110828209 0.010344399951157802 8108.543655837377 0.0715406448629471 8817.338917192368 0.05617170262290897 0.08765034616099912 0.06161972156702775 0.04234617530531686 3244.2769019401812 0.005250060050644834 -2 54947.26236330855 -2 -2 -2 -2 -2 -2 -2 -2 -2 -2 -2 39548.6388731046 53536.98939818754 15456.614922570889 4692.530468756086 28059.669475373004 57470.95701681311
-2.0 -2.0 -2.0 -2.0 -2.0 -2.0 -2.0 -2.0 -2.0 -2.0 -2.0 -2.0 -2.0 -2.0 -2.0 -2.0 -2.0 -2.0 -2.0 -2 17805.133531917043 9957.76002734942 3467.970061558638 10872.500188637527 73820.20104260456 -2 1659.6566382183648 -2 -2 -2 -2 -2 -2 -2 -2 -2 -2 -2 -2 -2 -2 -2 -2 -2 17968.42913180572 0.24554085661378053 0.3145184829671546 12023.744975998512 0.03086395389674851 0.1015547708481903 0.12023924574026332 11012.474875314196 0.1193636808235067 51103.524301861275 6773.896622962034 77537.13149209405 50848.61956190961 28944.284190613427 -2 25380.335571362157 -2 -2 -2 -2 -2 -2 -2 -2 -2 15794.920366240516 10685.82727924292 26118.40560494633 -2
-2.0 -2.0 -2.0 -2.0 -2.0 -2.0 -2.0 -2.0 -2.0 -2.0 -2.0 -2.0 -2.0 -2.0 -2.0 -2.0 -2.0 -2.0 -2.0 -2.0 1450.333364955712 4965.9033266785555 16212.83374814843 -2 26636.00018915277 -2 -2 55348.48258782006 28130.958831133783 28111.369587154793 -2 -2 -2 -2 -2 -2 -2 -2 -2 -2 45908.60057065117 -2 -2 -2 -2 -2 -2 0.05570385411927289 0.12477127078509243 29.95569245440326 22774.037119112963 24239.1484726107 2766.9706791237504 57574.4782251834 18715.33592156707 57408.751163251996 31650.520423301165 83160.83250210117 70637.73223585685 78362.95136856739 73946.09047530896 55954.807666710585 23841.55407264131 43139.28513468267 29124.27436060288 -2 -2 -2 -2 29323.148726415042 -2 45006.73742127548 12289.312062085666
-2.0 -2.0 -2.0 -2.0 -2.0 -2.0 -2.0 -2.0 -2.0 -2.0 -2.0 -2.0 -2.0 -2.0 -2.0 -2.0 -2.0 -2.0 -2.0 -2.0 -2 -2 -2 -2.0 -2 -2 54396.03388188348 27013.780219498494 -2 53081.94738829118 -2 -2 468.2446168596904 -2 9378.016126268794 -2 -2 -2 -2 -2 -2 -2 -2 -2 -2 -2 -2 -2 367.2721151058389 2154.8175906912797 -2 18931.059351707907 23324.96953871275 35033.526145221294 20158.978239227414 174.59662298666223 -2 108524.63261915946 59182.818713141736 53760.20478010946 0.11468549399144881 65281.83946052283 77346.53877057946 117673.8516457318 31504.291887248553 13035.333131108657 65842.53275274017 36633.0799887111 11083.882553362517 -2 -2 -2 14672.502417843925
-2.0 -2.0 -2.0 -2.0 -2.0 -2.0 -2.0 -2.0 -2.0 -2.0 -2.0 -2.0 -2.0 -2.0 -2.0 -2.0 -2.0 -2.0 -2.0 -2.0 15640.706601731064 56193.6092649317 -2 -2 -2.0 -2 81750.07219909446 55637.14111568697 -2 56341.86803058884 -2 -2 -2 -2 -2 -2 -2 -2 26456.336146411933 0.008468045562838545 -2 89132.09423054413 43268.148624228925 -2 -2 -2 -2 -2 -2 -2 -2 -2 -2 76616.64764690892 28788.333072830872 33121.4163534036 21999.445109297325 0.1609545355761868 4018.533370373034 9803.194023907066 2.122181376085855 39595.98156471091 54052.42326493526 25501.58080378755 1515.8992799195496 65017.92878125559 168808.28627782746 110887.55069767342 19283.0803477435 9.178627828681822 25350.993449152553 49775.00068784762 -2
-2.0 -2.0 -2.0 -2.0 -2.0 -2.0 -2.0 -2.0 -2.0 -2.0 -2.0 -2.0 -2.0 -2.0 -2.0 -2.0 -2.0 -2.0 -2.0 -2.0 54974.40717116674 253175.68708100793 166715.914228427 23016.139454969583 -2.0 -2 37063.80706307858 102824.30352825369 70120.22151581856 27143.747868887 -2 -2 -2 -2 -2 -2 -2 -2 16969.513034974356 28493.227842470216 -2 138670.54013889932 -2 -2 -2 -2 -2 -2 -2 -2 -2 -2 -2 3720.64087168253 31638.4453228989 9376.658079731536 0.12332337165637551 5349.338946749236 9.745296442155848 14787.172444707485 8156.554386715613 4042.806752046554 20365.68813905651 0.2050374866504869 0.1582611000199827 0.20128830629150288 44386.42650986353 118894.57584566787 35646.53193534811 11286.697466631185 63344.32337617962 7008.38027589854 20861.413760827432
-2.0 -2.0 -2.0 -2.0 -2.0 -2.0 -2.0 -2.0 -2.0 -2.0 -2.0 -2.0 -2.0 -2.0 -2.0 -2.0 -2.0 -2.0 -2.0 -2.0 -2.0 24347.284773259275 26036.4769100499 33138.63675417993 -2.0 -2.0 -2 -2 10263.244810683631 80488.16421515279 25686.57089701478 -2 -2 -2 -2 -2 -2 -2 -2 -2 -2 43034.43825551902 264.9023702922207 -2 -2 -2 -2 -2 -2 -2 -2 84413.38619895812 -2 -2 -2 24525.35696632694 70883.75738631973 580.8896902192514 5367.7517582675155 29.270374776173252 15108.492341126284 75658.5993120176 95186.54356763707 57392.30740687053 0.16158488167738363 2985.0907196807048 0.15006320499538447 49.54089777734542 162.51438543266073 54.83117178143329 22653.30859563934 34529.18478182151 770900.950149261
-2.0 -2.0 -2.0 -2.0 -2.0 -2.0 -2.0 -2.0 -2.0 -2.0 -2.0 -2.0 -2.0 -2.0 -2.0 -2.0 -2.0 -2.0 -2.0 -2.0 -2.0 -2.0 -2 21239.90182795728 -2 -2.0 -2.0 -2.0 -2 24501.720300196925 39869.89227564909 -2 -2 -2 -2 -2 -2 -2 -2 -2 -2 18153.579073211873 9365.81405694546 -2 -2 -2 -2 -2 -2 -2 -2 -2 -2 -2 -2 29110.375599746112 34715.92646230048 10830.244461317405 13084.907169712389 19898.375287820523 24569.893884584384 0.08252300136457233 27041.518621160503 0.20354874954544702 0.11359052566015125 60401.64983943269 583665.5764327985 415519.5577965274 517214.9073062807 400736.3085086651 52144.47378370299 112102.54896905669 125396.60921193616
-2.0 -2.0 -2.0 -2.0 -2.0 -2.0 -2.0 -2.0 -2.0 -2.0 -2.0 -2.0 -2.0 -2.0 -2.0 -2.0 -2.0 -2.0 -2.0 -2.0 -2.0 -2.0 -2.0 -2 -2 -2.0 -2.0 -2.0 -2.0 -2 18389.30008750406 -2 64681.86667094677 -2 -2 -2 28280.6938372882 -2 -2 44051.547871523064 -2 -2 186101.21492451194 35920.29137539049 -2 -2 -2 -2 -2 -2 -2 -2 -2 -2 -2 -2 80012.60243135874 47196.47719475137 3778.6118566124082 19720.63699857557 22800.68292332392 38108.454509328665 561788.8432909314 739503.3113363836 290046.6746441491 530504.7664269798 366298.68091962056 320117.33649104 147743.9579552189 78216.99841607796 61258.22282137215 62105.38630663682 43339.2326126545
-2.0 -2.0 -2.0 -2.0 -2.0 -2.0 -2.0 -2.0 -2.0 -2.0 -2.0 -2.0 -2.0 -2.0 -2.0 -2.0 -2.0 -2.0 -2.0 -2.0 -2.0 -2.0 -2.0 -2.0 -2.0 -2.0 -2.0 -2.0 -2.0 -2.0 2330.0600166041713 14082.500126969187 131436.00118575996 -2 -2 -2 -2 -2 44164.500326102774 -2 -2 -2 292879.5581062935 -2 64892.3684281511 -2 -2 -2 -2 -2 -2 -2 -2 -2 -2 -2 -2 59855.915916252845 3732.212591954424 63786.16697015805 28568.758429809775 45927.555627929934 368019.8057351611 0.0 0.0 0.0 0.0 0.0 678041.762497539 493969.2784790491 514417.36767401436 266647.10156620445 156680.16366448166
-2.0 -2.0 -2.0 -2.0 -2.0 -2.0 -2.0 -2.0 -2.0 -2.0 -2.0 -2.0 -2.0 -2.0 -2.0 -2.0 -2.0 -2.0 -2.0 -2.0 -2.0 -2.0 -2.0 -2.0 -2.0 -2.0 -2.0 -2.0 -2.0 -2.0 -2.0 -2 43658.96696809507 188278.03377712503 190820.03297360486 100998.03282163652 -2 -2 -2 55775.633500319454 -2 140253.99969551712 58141.5670111113 258113.9889096857 -2 -2 -2 -2 33119.833383272 -2 -2 -2 -2 -2 -2 -2 -2 47719.273982137485 154383.36289212073 53424.937698808135 664.4379759600156 178122.89751508663 909017.811673525 0.0 0.0 0.0 0.0 0.0 796995.8367757596 540914.8899845148 0.0 521564.8419567214 460720.5772055461
-2.0 -2.0 -2.0 -2.0 -2.0 -2.0 -2.0 -2.0 -2.0 -2.0 -2.0 -2.0 -2.0 -2.0 -2.0 -2.0 -2.0 -2.0 -2.0 -2.0 -2.0 -2.0 -2.0 -2.0 -2.0 -2.0 -2.0 -2.0 -2.0 -2.0 -2 -2 102622.00638162256 44953.69983394763 128353.99926292335 121400.13327057194 133604.9672208775 168174.0001064983 41988.79970399408 -2 -2 -2 -2 -2 123929.02914326392 124001.41542817267 363194.73999975715 69800.72488122531 58098.21071753937 75031.45907401251 -2 -2 -2 -2 -2 -2 -2 1282.6993115192029 243240.08608383467 94877.406248196 124044.07383461806 474761.8896227591 686743.5004714563 727523.4426530112 0.0 0.0 0.0 0.0 0.0 924416.5618790918 870827.671841743 531354.6775406736 441757.42704711854
-2.0 -2.0 -2.0 -2.0 -2.0 -2.0 -2.0 -2.0 -2.0 -2.0 -2.0 -2.0 -2.0 -2.0 -2.0 -2.0 -2.0 -2.0 -2.0 -2.0 -2.0 -2.0 -2.0 -2.0 -2.0 -2.0 -2.0 -2.0 -2.0 -2.0 -2.0 6056.360025655897 6818.68008764384 13775.700066837531 20394.600013981937 -2 100253.38839283376 184820.0061111204 116597.95428278782 39659.900253549895 45477.19970587576 -2 -2 -2 61685.45516072113 64027.02966227288 247851.96266233284 -2 208238.20800453427 32556.8117644911 -2 -2 -2 -2 -2 -2 -2 -2 65533.52518601951 205909.34842239745 384024.26811921253 485758.24376246205 264005.15315307275 595669.8338961167 0.0 0.0 0.0 0.0 0.0 917968.7812639211 666275.9649677228 249515.99412740607 441316.13392759097
-2.0 -2.0 -2.0 -2.0 -2.0 -2.0 -2.0 -2.0 -2.0 -2.0 -2.0 -2.0 -2.0 -2.0 -2.0 -2.0 -2.0 -2.0 -2.0 -2.0 -2.0 -2.0 -2.0 -2.0 -2.0 -2.0 -2.0 -2.0 -2.0 -2.0 -2.0 -2.0 -2 41628.60651846105 10988.400013785465 208405.03381426434 298251.54411530966 177502.32075157747 17338.59999656579 29655.426807062166 31767.416103274227 76046.4005939719 86075.30709931842 75942.799737546 -2 -2 -2 159978.29940138393 25723.315720660336 -2 -2 -2 -2 -2 -2 313814.2626119801 -2 -2 86893.52281014649 508725.5140032408 318337.5538337965 117727.22982927812 434915.2450452388 362843.30531143525 529010.5946457584 0.0 0.0 0.0 0.0 635643.7634623414 552832.5841159979 490682.82751031686 267100.66642731515
-2.0 -2.0 -2.0 -2.0 -2.0 -2.0 -2.0 -2.0 -2.0 -2.0 -2.0 -2.0 -2.0 -2.0 -2.0 -2.0 -2.0 -2.0 -2.0 -2.0 -2.0 -2.0 -2.0 -2.0 -2.0 -2.0 -2.0 -2.0 -2.0 -2.0 -2.0 -2.0 -2.0 -2.0 -2 153775.4156498592 71763.60058604076 59284.61247864035 180052.06325679025 0.0 117615.2220471727 228673.84679296892 49811.47956158462 12394.865140835735 62175.33287033066 -2 -2 407452.7494250624 202991.70310299096 40222.83467308559 10146.80457293405 38899.81495359071 -2 0.003696354803817967 0.008091353922692363 72044.06705595061 53912.49220819494 -2 32330.296269056696 5485.449075268811 175216.5574337106 303546.9398666042 930241.0524501983 787437.1225425688 714996.1113981949 0.0 0.0 0.0 0.0 0.0 980639.1682691074 960360.8153559536 978326.7450522626
-2.0 -2.0 -2.0 -2.0 -2.0 -2.0 -2.0 -2.0 -2.0 -2.0 -2.0 -2.0 -2.0 -2.0 -2.0 -2.0 -2.0 -2.0 -2.0 -2.0 -2.0 -2.0 -2.0 -2.0 -2.0 -2.0 -2.0 -2.0 -2.0 -2.0 -2.0 -2.0 -2.0 -2.0 -2.0 -2.0 -2 -2 -2 51504.10294531524 104229.78459815234 150273.3751004848 74145.95653496425 -2 61330.608219212474 -2 58465.71216516272 464786.38499098085 864260.2512705482 230956.2700009034 215794.09698378248 138736.3975853042 -2 35392.699778659 117262.60615968876 47148.77133250152 121019.81059416334 96179.09984830147 48129.234186264905 75405.92430951764 131383.71867298151 390307.7779765844 0.0 0.0 0.0 0.0 0.0 0.0 0.0 0.0 0.0 0.0 0.0
-2.0 -2.0 -2.0 -2.0 -2.0 -2.0 -2.0 -2.0 -2.0 -2.0 -2.0 -2.0 -2.0 -2.0 -2.0 -2.0 -2.0 -2.0 -2.0 -2.0 -2.0 -2.0 -2.0 -2.0 -2.0 -2.0 -2.0 -2.0 -2.0 -2.0 -2.0 -2.0 -2.0 -2.0 -2.0 -2.0 -2.0 -2 20479.87479373776 -2 145862.6180546935 205557.8783092651 317049.72820833046 -2 62563.93351105101 59157.599905179995 470485.93929654825 0.0 0.0 582582.3070296774 706609.1874554966 475637.5676023208 369138.6930588256 120937.76381445794 167200.46021789312 138542.32996003306 317535.80905572773 216371.8553714256 123261.82576682705 99045.30031826429 -2 406854.975032486 402243.85948279075 406724.1428560852 0.0 0.0 0.0 0.0 0.0 0.0 0.0 0.0 0.0
-2.0 -2.0 -2.0 -2.0 -2.0 -2.0 -2.0 -2.0 -2.0 -2.0 -2.0 -2.0 -2.0 -2.0 -2.0 -2.0 -2.0 -2.0 -2.0 -2.0 -2.0 -2.0 -2.0 -2.0 -2.0 -2.0 -2.0 -2.0 -2.0 -2.0 -2.0 -2.0 -2.0 -2.0 -2.0 -2.0 -2.0 -2 13714.800059156436 -2 -2 142535.8958275102 152089.17975006704 13360.80671690955 187217.03342064723 105161.26419149713 1113974.8960478439 0.0 838211.1427022503 0.0 0.0 0.0 141158.3159318034 195522.74643763344 -2 28987.237307730888 149960.99949043494 387057.88754788 340730.3323416643 49946.00004782971 -2 45795.13557837944 0.0 429094.4661723628 0.0 0.0 0.0 0.0 0.0 0.0 0.0 0.0 0.0
-2.0 -2.0 -2.0 -2.0 -2.0 -2.0 -2.0 -2.0 -2.0 -2.0 -2.0 -2.0 -2.0 -2.0 -2.0 -2.0 -2.0 -2.0 -2.0 -2.0 -2.0 -2.0 -2.0 -2.0 -2.0 -2.0 -2.0 -2.0 -2.0 -2.0 -2.0 -2.0 -2.0 -2.0 -2.0 -2.0 -2.0 -2.0 116644.53953675623 60319.986377684785 239028.71938005468 337545.2085505993 101103.9556325909 85.60188682448353 251951.69561655112 436209.360589284 1147254.4525859032 954247.5485992521 1168936.3295987595 0.0 0.0 0.0 654043.669590634 1002.6617471116816 -2 -2 -2 252098.88296757545 370770.84690829396 143826.0485129992 182312.99482155178 125085.31249170346 0.0 0.0 0.0 574558.3846917867 0.0 0.0 0.0 0.0 0.0 0.0 0.0
-2.0 -2.0 -2.0 -2.0 -2.0 -2.0 -2.0 -2.0 -2.0 -2.0 -2.0 -2.0 -2.0 -2.0 -2.0 -2.0 -2.0 -2.0 -2.0 -2.0 -2.0 -2.0 -2.0 -2.0 -2.0 -2.0 -2.0 -2.0 -2.0 -2.0 -2.0 -2.0 -2.0 -2.0 -2.0 -2.0 -2.0 -2.0 0.0 268134.1056330808 160913.59021423548 581820.5318192071 92943.91331981198 131047.99906999574 65423.09939245562 1161303.0631523877 1308831.394305233 1166760.873285065 1149706.1258719685 658257.2510503321 1151402.9955086599 580083.8644284835 381377.07729485177 464376.0426462394 114.55002259170921 -2 -2 -2 208897.7853824539 397792.56757788296 391952.9080349445 544474.0421830756 677433.373416278 0.0 458230.50905115687 255915.8426325069 480960.887738954 468274.819564407 446171.82470897195 0.0 0.0 0.0 0.0
-2.0 -2.0 -2.0 -2.0 -2.0 -2.0 -2.0 -2.0 -2.0 -2.0 -2.0 -2.0 -2.0 -2.0 -2.0 -2.0 -2.0 -2.0 -2.0 -2.0 -2.0 -2.0 -2.0 -2.0 -2.0 -2.0 -2.0 -2.0 -2.0 -2.0 -2.0 -2.0 -2.0 -2.0 -2.0 -2.0 -2.0 -2.0 -2.0 199331.7952412958 148730.21607109494 333081.61317520443 -2 66329.133986756 195614.19436762485 1167142.846791479 935714.2096561125 556874.1397300812 1025948.7730089563 735039.5591320734 233024.77768048606 426649.58732706646 0.0 1083049.1415339636 2564.5852478650886 129.81529388472268 -2 -2 130238.50606305763 144178.54727985567 208481.1058441039 393689.2471049272 340072.11140343366 0.0 520804.73292284796 499712.65622669086 419941.0859526749 0.0 0.0 0.0 0.0 0.0 0.0
-2.0 -2.0 -2.0 -2.0 -2.0 -2.0 -2.0 -2.0 -2.0 -2.0 -2.0 -2.0 -2.0 -2.0 -2.0 -2.0 -2.0 -2.0 -2.0 -2.0 -2.0 -2.0 -2.0 -2.0 -2.0 -2.0 -2.0 -2.0 -2.0 -2.0 -2.0 -2.0 -2.0 -2.0 -2.0 -2.0 -2.0 -2.0 -2.0 -2 15890.159925284086 7197.307263209797 15388.71711184696 18693.711392424728 460652.986629379 769287.2923585359 0.0 464874.3243605944 505382.2687463193 518533.5377601221 343389.2586917015 304637.54634783074 680649.9676086482 797961.3635085715 658249.0552079969 -2 -2 -2 80288.916497822 118491.2877379297 133100.0854314863 540955.3660882392 0.0 0.0 348960.37610301434 266883.2577513521 547204.2801959116 0.0 0.0 0.0 0.0 0.0 0.0
-2.0 -2.0 -2.0 -2.0 -2.0 -2.0 -2.0 -2.0 -2.0 -2.0 -2.0 -2.0 -2.0 -2.0 -2.0 -2.0 -2.0 -2.0 -2.0 -2.0 -2.0 -2.0 -2.0 -2.0 -2.0 -2.0 -2.0 -2.0 -2.0 -2.0 -2.0 -2.0 -2.0 -2.0 -2.0 -2.0 -2.0 -2.0 -2.0 22199.628206764803 105540.60265920796 14777.958168357656 3438.3471000244886 52997.93367958832 523756.5358080346 565393.5118894294 688939.8748084869 522659.54796236096 776564.6465304723 0.0 469789.5792378026 283259.45462459326 196078.84399629335 398310.8204274263 477122.9674189256 126550.66294719638 129331.03176395451 256432.99982066642 255858.88200931333 636751.6685547497 371477.73686353955 0.0 0.0 340768.1696987947 -2 166913.65864258193 107238.99876798585 498415.8291410642 516659.629188514 0.0 0.0 0.0 0.0
-2.0 -2.0 -2.0 -2.0 -2.0 -2.0 -2.0 -2.0 -2.0 -2.0 -2.0 -2.0 -2.0 -2.0 -2.0 -2.0 -2.0 -2.0 -2.0 -2.0 -2.0 -2.0 -2.0 -2.0 -2.0 -2.0 -2.0 -2.0 -2.0 -2.0 -2.0 -2.0 -2.0 -2.0 -2.0 -2.0 -2.0 -2.0 0.0 43731.75910269612 150018.92693243234 69765.69288658742 -2 97440.70021733394 529546.6574416865 606289.877975874 714548.6580631807 700338.7022791262 829868.8756272052 192125.72471146268 159187.2912314411 492092.32371574483 526461.6561492349 1831886.1766995217 844859.7055352385 -2 -2 121904.99950293299 121957.13025917577 449173.9066361338 841779.093350009 572837.3538406758 468383.4334077434 142897.26794484246 131104.58398338422 -2 -2 194238.20826729637 681446.0070991146 0.0 1344122.7467599865 572490.1173632888 417491.363589179
-2.0 -2.0 -2.0 -2.0 -2.0 -2.0 -2.0 -2.0 -2.0 -2.0 -2.0 -2.0 -2.0 -2.0 -2.0 -2.0 -2.0 -2.0 -2.0 -2.0 -2.0 -2.0 -2.0 -2.0 -2.0 -2.0 -2.0 -2.0 -2.0 -2.0 -2.0 -2.0 -2.0 -2.0 -2.0 -2.0 -2.0 -2.0 68399.00040879623 -2 109547.77863362579 119091.33810845528 -2 144694.4927999738 0.0 479768.5907991704 429915.7007906198 617019.7321256911 429260.7274458414 247193.0727853876 445152.9427236472 686906.8835550895 475728.6304383558 1384315.8264549333 1257520.666290421 385636.46948523424 -2 -2 122937.55162563952 228180.17632773824 230103.9143900978 604252.2736160605 652054.4725981838 1134552.068860109 199122.24926567485 -2 -2 254823.30928527546 669641.8382860209 0.0 1127023.719443513 0.0 439877.19237548276
-2.0 -2.0 -2.0 -2.0 -2.0 -2.0 -2.0 -2.0 -2.0 -2.0 -2.0 -2.0 -2.0 -2.0 -2.0 -2.0 -2.0 -2.0 -2.0 -2.0 -2.0 -2.0 -2.0 -2.0 -2.0 -2.0 -2.0 -2.0 -2.0 -2.0 -2.0 -2.0 -2.0 -2.0 -2.0 -2.0 -2.0 -2.0 107437.97870941774 14424.99748196378 68795.56179063789 24702.60829262175 -2 140569.03938756153 416398.78930082504 528618.9887198097 497401.002779069 452647.04436746007 444476.90329183755 487417.60345935245 697001.4866444233 679353.5745983499 437706.3315019623 235126.09638195165 1511041.1036189382 924930.8160968822 235674.80926325044 123922.87779469829 361607.34592403605 468305.1851584229 338774.56279118767 618685.4788794337 458949.3633001638 434574.8579584228 589661.9143013495 201408.21470367163 44917.20082628228 196913.686794348 439620.8612108348 0.0 0.0 0.0 0.0
-2.0 -2.0 -2.0 -2.0 -2.0 -2.0 -2.0 -2.0 -2.0 -2.0 -2.0 -2.0 -2.0 -2.0 -2.0 -2.0 -2.0 -2.0 -2.0 -2.0 -2.0 -2.0 -2.0 -2.0 -2.0 -2.0 -2.0 -2.0 -2.0 -2.0 -2.0 -2.0 -2.0 -2.0 -2.0 -2.0 -2.0 -2.0 131035.6220588348 -2 189768.45061960362 -2 -2 195945.10222862265 382154.36049575853 422772.47246145183 430495.70723885315 616402.9643288692 587419.2908434953 608767.7709476862 731432.7619545481 770026.0698348793 768981.0281038566 892000.482636358 1828827.3186808245 1758219.5522937535 1415863.9008316654 886513.5380438322 1046610.5359185317 640597.3809852678 779144.9944203793 553991.4986641728 1374976.0791520742 1081038.8527667036 389971.9575381588 242839.4595552764 147901.63384933202 174016.69116018186 632484.4581914693 0.0 0.0 0.0 0.0
-2.0 -2.0 -2.0 -2.0 -2.0 -2.0 -2.0 -2.0 -2.0 -2.0 -2.0 -2.0 -2.0 -2.0 -2.0 -2.0 -2.0 -2.0 -2.0 -2.0 -2.0 -2.0 -2.0 -2.0 -2.0 -2.0 -2.0 -2.0 -2.0 -2.0 -2.0 -2.0 -2.0 -2.0 -2.0 -2.0 -2.0 -2 16996.757063077584 -2 -2 44356.86060102778 44467.76724760365 223775.0887685899 304731.2502513125 339290.1774037075 470212.2478463808 592543.3307175766 594349.8432998738 642358.5266759003 706645.7460421972 724441.7689009984 675424.5640201892 1431592.9488095988 1112228.4103217414 909041.6816711429 1444803.7087326427 429893.6234892719 548950.196753596 447283.16290980665 1013084.0536886979 1218653.97993295 1518343.8700596502 814376.1858981252 340695.04541064845 19260.149673562104 512187.6840886667 688577.6849835055 240892.49667879415 620826.9794686193 0.0 0.0 0.0
-2.0 -2.0 -2.0 -2.0 -2.0 -2.0 -2.0 -2.0 -2.0 -2.0 -2.0 -2.0 -2.0 -2.0 -2.0 -2.0 -2.0 -2.0 -2.0 -2.0 -2.0 -2.0 -2.0 -2.0 -2.0 -2.0 -2.0 -2.0 -2.0 -2.0 -2.0 -2.0 -2.0 -2.0 -2.0 -2.0 -2.0 -2.0 9098.637004642975 -2 48436.31527896577 173262.42196382527 112291.66750970596 246657.54431417072 474058.0882014501 339522.5933739206 394223.2671268328 475435.93192132504 556535.3810195457 547192.4658884967 654975.5600323936 658149.3455155306 634590.6825948458 1053105.9483009207 1018356.9573266491 1044548.1929020975 1303259.0672913562 1327821.7915450437 697520.271784368 617458.6952235951 1029447.0771078743 1397514.5546524622 1692062.051592068 651452.8504484502 761750.3634936654 492632.0025392749 0.0 0.0 0.0 0.0 0.0 0.0 0.0
