Model Version1.4/trunk/output/1999/nup_egl.asc
ncols 720
nrows 360
xllcorner -180
yllcorner -90
cellsize 0.5
NODATA_value -2
[rows 128 to 159 of 360, columns 365 to 437 of 720]
-2 -2 -2 -2 -2 -2 -2 178648.9641585944 -2 -2 -2 -2 -2 -2 70184.73481151936 -2 34949.45273773787 -2 -2 -2 -2 -2 104377.15989414378 70256.00645168262 -2 -2 -2 -2 -2 -2 -2 -2 -2 -2 -2 -2 -2 36503.445519988956 -2 -2 -2 -2 -2 -2 -2 -2 -2 -2 -2 -2 -2 -2 -2 -2 -2 -2 -2 -2 -2 -2 600201.7062499884 -2 -2 -2 -2 -2.0 -2.0 -2.0 -2 804851.6498821893 1207388.3356958458 604756.4498680182 1199246.9888467034
-2 -2 -2 -2 -2 -2 -2 -2 -2 107893.20549474565 -2 -2 -2 -2 35897.80090284109 -2 -2 -2 -2 -2 -2 -2 -2 -2 -2 -2 -2 -2 -2 -2 -2 -2 -2 -2 -2 -2 -2 -2 -2 -2 -2 -2 -2 -2 -2 -2 -2 -2 -2 -2 -2 -2 -2 -2 -2 -2 -2 -2 -2 -2 528342.08980085 -2 -2 -2 -2 -2.0 -2.0 -2.0 -2.0 583719.6821386544 1212701.9195704695 1154090.4625837314 1204529.4306517842
-2 -2 -2 -2 -2 71852.79789029418 -2 -2 -2 -2 108084.68671429867 215901.13526143352 143933.8597600457 71942.86404988913 -2 105089.94211558046 -2 -2 -2 -2 -2 -2 -2 -2 -2 -2 -2 -2 -2 -2 -2 -2 -2 -2 -2 -2 -2 -2 -2 -2 -2 -2 -2 -2 -2 -2 -2 -2 -2 -2 -2 -2 -2 -2 -2 -2 -2 -2 -2 -2 16699.60207954678 43529.3882227107 -2 -2 -2 -2 -2.0 -2.0 -2.0 494092.2178816917 1131729.675454722 1168315.4337563026 1082004.523547357
-2 -2 -2 -2 -2 -2 72067.26441026703 -2 -2 252884.7214788456 -2 -2 108175.92958510907 -2 36137.39881026521 -2 -2 -2 -2 -2 -2 -2 -2 -2 -2 -2 -2 -2 -2 -2 -2 -2 -2 -2 -2 -2 -2 -2 -2 -2 -2 202476.1379859617 31834.95606068275 -2 -2 -2 -2 -2 -2 -2 -2 -2 -2 -2 -2 -2 -2 -2 -2 -2 164184.730462423 31016.181201512623 -2 -2 -2 -2 -2 -2.0 -2.0 -2 536644.7521246054 679523.7562458109 1223869.6431445512
-2 -2 -2 -2 -2 -2 36356.299599172235 253941.0649999632 290185.1045353434 180910.3454133244 181026.00221577866 -2 -2 -2 -2 -2 -2 -2 -2 -2 -2 -2 -2 -2 -2 -2 -2 -2 -2 -2 -2 -2 -2 -2 -2 -2 -2 -2 -2 -2 -2 -2 -2 -2 -2 -2 -2 -2 -2 -2 -2 -2 -2 -2 -2 -2 -2 -2 -2 -2 -2 -2 -2 -2 -2 -2 -2 -2.0 -2.0 -2.0 -2.0 100552.96653937626 694837.6997611107
-2 -2 -2 -2 -2 -2 -2 182144.2074701174 72811.09927430347 -2 36393.300995753794 -2 -2 -2 -2 -2 -2 -2 -2 -2 -2 -2 -2 -2 -2 -2 -2 -2 -2 -2 -2 -2 -2 -2 -2 -2 -2 -2 -2 -2 -2 -2 -2 -2 -2 -2 -2 -2 -2 -2 -2 -2 -2 -2 -2 -2 -2 -2 -2 -2 -2 -2 -2 -2 -2 -2 -2 -2.0 -2.0 -2.0 -2.0 -2.0 237899.72329631276
-2 -2 -2 -2 -2 -2 -2 219658.92864904733 -2 -2 -2 -2 -2 -2 -2 -2 -2 -2 -2 -2 -2 -2 -2 -2 -2 -2 -2 -2 -2 -2 -2 -2 -2 108062.03275974552 -2 -2 -2 -2 -2 -2 -2 -2 -2 -2 37033.734063886215 -2 -2 -2 -2 -2 -2 -2 -2 -2 -2 -2 -2 -2 -2 -2 -2 -2 -2 -2 -2 -2 -2 -2 -2.0 -2.0 -2.0 -2.0 86995.47634897302
-2 -2 -2 -2 -2 -2 -2 -2 -2 -2 -2 -2 -2 -2 -2 -2 -2 -2 -2 -2 -2 -2 -2 -2 -2 -2 -2 -2 -2 -2 -2 -2 143812.24407220795 289188.34870786866 -2 -2 -2 -2 -2 -2 -2 -2 -2 -2 74296.13435424527 -2 -2 -2 -2 -2 -2 -2 -2 -2 -2 -2 -2 -2 -2 -2 -2 -2 -2 -2 -2 -2 -2 -2 -2 -2.0 -2.0 -2.0 -2.0
37195.9656081004 -2 37131.299915605996 37072.999915607776 -2 -2 -2 73744.36552715373 -2 -2 -2 -2 -2 -2 -2 -2 -2 -2 -2 -2 -2 -2 -2 -2 -2 -2 -2 -2 -2 -2 -2 -2 -2 168174.7373134455 -2 -2 -2 -2 -2 -2 -2 -2 -2 -2 -2 -2 -2 -2 -2 -2 -2 -2 -2 -2 -2 -2 -2 -2 -2 -2 -2 -2 -2 -2 -2 -2 -2 133916.99992314604 -2 -2.0 -2.0 -2.0 -2
-2 -2 -2 -2 -2 37180.29937964571 37285.63501999307 -2 37051.93501780517 -2 -2 -2 -2 -2 -2 -2 -2 -2 -2 -2 -2 -2 -2 -2 -2 -2 -2 -2 -2 -2 -2 -2 -2 -2 -2 -2 -2 -2 -2 -2 -2 -2 -2 -2 -2 -2 -2 -2 -2 -2 -2 -2 -2 -2 -2 -2 -2 -2 -2 -2 -2 -2 -2 -2 -2 -2 -2 -2 -2 -2 -2.0 -2.0 -2.0
75738.3348354356 -2 37762.0346231253 150280.9661134812 75089.10187359212 112239.68899676354 112136.6573042051 37189.20066665447 37292.43461826116 -2 -2 -2 -2 -2 -2 -2 -2 -2 -2 -2 -2 -2 -2 -2 -2 -2 -2 -2 -2 -2 -2 -2 -2 -2 -2 -2 -2 -2 -2 -2 -2 -2 -2 -2 75138.40233548533 -2 -2 -2 -2 -2 -2 -2 -2 -2 -2 86794.13363814763 -2 -2 -2 -2 -2 -2 -2 -2 -2 -2 -2 135058.00019207314 134909.99962721116 -2 -2.0 -2.0 -2.0
417635.71552185784 75565.00091166935 -2 37707.13328767639 -2 37488.5004557907 112686.68604407244 74684.59939661899 37253.59975954909 -2 -2 -2 -2 -2 -2 -2 -2 -2 -2 -2 -2 -2 -2 -2 -2 -2 -2 -2 -2 -2 -2 -2 -2 -2 -2 -2 -2 -2 -2 -2 -2 -2 37536.59975890251 -2 -2 -2 -2 -2 -2 -2 -2 -2 -2 -2 -2 134043.46989006185 133140.79462516715 -2 -2 -2 -2 -2 -2 -2 -2 -2 -2 -2 135351.99978101428 135918.99903540735 -2.0 -2.0 -2.0
84241.69936085507 229614.31201678398 268762.210457473 496076.3075916259 495936.69308497396 151430.79132978205 75693.53265299805 -2 -2 -2 -2 -2 -2 -2 -2 -2 -2 -2 -2 -2 -2 -2 -2 -2 -2 -2 -2 -2 -2 -2 -2 -2 -2 -2 -2 -2 -2 -2 -2 -2 -2 -2 -2 -2 -2 -2 -2 -2 -2 -2 -2 -2 -2 -2 -2 408086.5333958022 124728.0118495189 -2 -2 -2 -2 104187.28429283673 -2 -2 -2 -2 135740.00085665242 136009.9696956812 272239.00171422435 440188.7266688997 -2.0 -2.0 -2.0
-2 153621.72322637372 307878.3440582597 114558.17156978499 38096.53416163773 -2 -2 -2 -2 -2 -2 -2 -2 -2 -2 -2 -2 -2 -2 -2 -2 -2 -2 -2 -2 -2 -2 -2 -2 -2 -2 -2 -2 -2 -2 -2 -2 -2 -2 -2 289081.2622953403 116149.99928743653 -2 -2 -2 -2 -2 -2 -2 -2 -2 -2 -2 -2 -2 424839.5752969894 379403.20396063797 -2 -2 -2 -2 254649.27498386917 114020.57399656196 -2 -2 408195.1249010481 272175.00114476663 272798.9998847348 -2 846090.7328110391 -2.0 -2.0 -2.0
-2 -2 -2 -2 -2 -2 -2 -2 -2 111426.30303029084 225533.99966978212 -2 -2 -2 -2 -2 -2 -2 -2 -2 -2 -2 -2 -2 -2 -2 -2 -2 -2 -2 -2 -2 -2 -2 -2 -2 -2 -2 -2 117294.00056072487 58647.03308802854 176168.7072299796 -2 131648.99972447078 131583.99995030087 131803.0317913462 131737.99903535118 -2 -2 -2 -2 -2 -2 -2 -2 -2 173178.72651701703 -2 212443.87286065592 131404.17668247718 -2 -2 123052.40194617791 -2 -2 -2 547566.1886098237 274961.99967323535 412409.81062416197 1779559.7466256765 530367.6229424358 -2.0 -2.0
-2 -2 -2 -2 -2 -2 -2 -2 -2 113177.99951035649 225562.83271349588 -2 -2 -2 -2 -2 -2 -2 -2 -2 -2 -2 -2 -2 -2 -2 -2 -2 -2 -2 -2 -2 -2 -2 -2 -2 -2 -2 -2 -2 117408.99943926868 58761.29971961831 -2 -2 -2 -2 -2 -2 -2 -2 -2 -2 -2 -2 -2 -2 461887.09184477513 349919.11343826633 743548.9373753481 -2 -2 -2 638870.2019814067 -2 -2 686684.2476163441 549215.3105956085 275355.99946177483 413893.71636329097 277106.02952748514 1930056.788922796 1657180.1064486634 -2
-2 -2 -2 -2 -2 -2 -2 115162.03155269669 230268.99940854625 689383.2520186601 339539.34208917007 -2 -2 -2 -2 -2 -2 -2 -2 -2 -2 -2 -2 -2 -2 -2 -2 -2 -2 -2 -2 -2 -2 -2 -2 -2 -2 -2 -2 -2 -2 -2 -2 -2 -2 -2 -2 -2 -2 -2 -2 -2 -2 -2 -2 -2 -2 117976.55743459256 -2 -2 137690.9693537319 138050.0310601286 784473.7835922778 395725.7112733954 138172.03133169442 416703.9997115196 277715.9990193238 139579.03109451933 139319.0309597209 398804.71502497327 967052.2940089954 4230066.995841743 1662589.8673561302
87837.83190073575 -2 -2 -2 -2 -2 346649.805685382 1154989.9352520483 576745.7116161154 575982.1564316319 343250.0220574603 114641.33081012862 -2 -2 -2 -2 -2 -2 -2 -2 -2 -2 -2 -2 -2 -2 -2 -2 -2 -2 -2 -2 -2 -2 -2 -2 60120.83392342747 -2 60066.69913005456 420442.73815344577 420362.23188193416 59867.29882561658 -2 -2 -2 -2 -2 -2 -2 134439.03242548366 -2 -2 -2 -2 -2 -2 959307.717180342 -2 -2 -2 -2 138238.99916603114 871159.2490778149 550757.96307652 935798.3679511583 139176.9991654655 834872.2492425676 139958.0002154416 419686.8118635693 1125270.0961238313 3208580.9564761883 3639937.5438195253 3366708.481536475
270942.87158370897 180471.03124679052 -2 1069869.9050071442 1902029.7121530643 1309219.8720852674 1071180.1619389132 1187355.3995400132 828064.6398974237 472361.840769669 449826.55969978165 117402.03182523228 -2 -2 -2 -2 -2 -2 -2 -2 -2 -2 -2 -2 -2 -2 -2 -2 -2 -2 -2 -2 -2 -2 -2 -2 123575.03202017136 371010.19680453965 308960.2311124705 1112710.0000002042 370849.16608669865 -2 -2 -2 -2 -2 -2 -2 -2 -2 -2 -2 -2 -2 -2 -2 694284.0631353089 279282.9998116503 139550.00058076292 140416.03153140022 306859.69690142997 1045057.4030336299 1264389.2055204264 282725.99973826297 141207.03145161222 426359.8729315348 1562350.190439745 2427229.908444967 1141909.7791565673 3706389.80785992 3707949.807779049 3709189.8545530504 3719619.0166115584
452117.1615495739 724369.8018933001 814649.2539980577 2978282.1652503437 3096647.789408036 2743679.80123076 2267219.927722558 1668350.0573085612 1072120.2835577417 828740.7883594726 592706.092216865 -2 117998.96725999711 -2 -2 -2 -2 -2 -2 -2 -2 -2 -2 -2 -2 -2 -2 -2 -2 -2 -2 -2 -2 -2 308576.09617094585 681460.3557998857 866983.2564338149 1177930.056023871 1115450.1268264328 867338.8995595939 309574.7692701717 -2 -2 -2 135699.96779136264 135759.03083488258 -2 408233.7161984743 -2 -2 -2 -2 137008.96776810617 137629.03045392592 -2 139393.96771181605 139099.0316156106 140088.96769586706 139853.00050764225 140477.03165472526 672446.2741915012 1412169.8053951792 2540990.1826351066 2977649.8337706015 1702270.1186281259 1994790.1178337955 2847650.152564563 2966482.4731842205 3004829.7404429424 3717550.0546406237 3717550.0546406237 3704727.711312493 3651946.532313742
941844.2288834202 2176360.2589462837 2365761.6193340863 3089123.1079977085 2965530.1576601244 3095808.1064135116 3220090.4489620156 2702149.774598401 2947419.8418790186 3172125.7212453787 2445489.839138767 2066019.8718709415 1580510.2901344558 723742.1293750912 -2 -2 -2 -2 -2 -2 -2 -2 -2 -2 -2 -2 -2 -2 -2 -2 -2 190923.93481386628 636085.2657714891 319935.00036201655 575982.2309900194 1542230.0293749396 1542540.0714523306 1739987.430455249 1675359.6686698718 1483689.9345762434 1290200.0699279523 899006.8387556081 320797.9992361067 276133.00046073063 275622.9989941824 -2 138184.00020736875 414955.25298476487 415012.1895083705 277484.0004148931 -2 -2 139268.9989739028 140528.0002538851 140412.99897306334 142328.00020792827 284599.0004621245 572641.8746201814 143175.00020805 743818.879220558 1492456.4299248976 2173019.8434706987 3765301.5178278615 4368727.216735614 3786340.693284761 3005204.0021797135 3886581.381727534 3717607.580471967 2795522.380911722 3845113.5469491193 3772580.637436145 3778740.2847163137 3778040.909946856
3196259.4953095065 3454922.544480087 3577042.9600549117 2724970.2325874073 2724919.8176140096 3228490.8447042406 3227747.6053117407 3322687.0949824015 3569397.478989482 3555102.6889207293 3309517.895123649 2923240.044775405 2679230.1699741697 1934120.1656881035 604771.809733866 842239.1311520871 1444139.8780201126 479752.8097169068 839566.9707767306 358891.9056425992 119646.00063197565 119317.03218963892 238680.96892582029 190389.0678190293 253851.87087469222 190050.06781185945 126625.00144312803 316012.2657334054 758423.2684258416 696923.1357923937 760304.0379685094 637794.7074869405 1020100.205672484 1411330.2708768481 1411130.1724789888 1803811.6588340201 1996640.6061947423 1937900.868927842 1938032.6485418552 1874880.044475988 1873699.0311880847 3632168.323969126 3591608.261693623 1513924.7732973178 830437.8142581963 276840.00099064974 830463.9385701938 1662829.8149275323 969918.7503761639 138797.96946747624 138909.00075668987 139772.00062262898 419207.7492444651 422651.68653897993 986224.8773084015 713118.2544644631 427442.22288796 859853.1299653588 430388.7799654404 890143.8063677545 0.0 4106921.7902157498 4209240.264465867 3763782.585786353 4220620.200197911 4194335.771091849 0.0 4983796.257803317 3291383.520861906 3624208.222845624 3758946.5417751176 3825926.9005332245 3157332.1659280434
2961722.2309694556 4339071.858526147 4211577.458240927 3827634.265618072 3716488.6256700144 3912962.8863238515 3780374.9042068743 3362894.006136835 3953139.0033089146 4186541.7895531273 3765727.856982486 2648088.733676153 2957039.3292721873 2625049.839417376 2625000.0628116867 2484639.9345584456 2733220.0653429097 2100119.935530332 2347130.2555910554 2089200.158202632 2212510.191938903 1960260.0330427338 1134750.1324106646 1659867.8846337018 1924618.6932964043 1847831.086890705 1650001.9131146227 1511499.965722163 1445589.8999872454 1252079.7692502935 1581289.9645696452 1794081.813900826 1661080.030026864 1810779.7018936505 1877327.3195700925 2046536.8233005966 2101600.6944265626 2108213.2572687864 1972458.4093295645 2138724.8624822143 4865151.057862831 4231174.131963041 4224493.883940042 3945369.2472659997 2690973.433480081 1832930.2822833403 2262380.1567776673 1556880.250260985 849525.8402449917 426277.7484759616 710572.2845639186 1000199.9696948411 1000030.0320571198 3032609.937301077 2742830.280340619 2061319.9054195995 1325539.9390768928 2372740.126914591 2225210.0641117943 1815763.4621277766 0.0 0.0 5017573.471216707 4924792.147243682 5413489.460926405 4790350.287213035 5443020.256821999 4884268.123953773 3071316.464070092 3483149.8016251945 1450251.9111982672 1622082.7297120695 2768013.007604845
3770019.8269527354 4598251.4759774 4058771.4628798105 4153864.6526586483 3109122.8776202416 4113781.306512111 3977569.3510465226 3340378.8402158017 3955909.289454757 4398041.617586328 3665073.4980883193 3192057.722124745 3081200.6849311646 3336602.088177818 3358705.714916692 2988439.725636127 3236741.3197811428 2971289.753893489 2723630.1708642985 2586610.042805756 3078711.7676199996 1718220.0024810971 1403709.7198624641 2061750.8245841342 1995807.387704265 2047558.9225196152 2050221.959643515 2041509.418576034 1909740.8355860414 1980801.070065322 1980851.731442307 2064258.1955751313 2064073.0515914261 2083571.5010220683 2083292.0264595118 2236670.123726135 2105124.7656081924 2212143.6777567896 2113081.5950150425 1829871.8061660167 4475666.564282068 4741285.922240792 4380214.155088517 3964586.495261392 4080023.8918772843 3394093.1849751594 3390049.7459263606 2414169.7200924326 2835014.4177556676 3413023.590955995 3262571.8291325034 3295327.0104277907 4130289.546074188 4484874.864423028 4342211.52328978 4420641.50610294 1171720.2215063893 891515.2235519233 4083807.692341148 3420806.439521798 0.0 0.0 0.0 3409736.6431387872 0.0 0.0 0.0 0.0 0.0 0.0 0.0 2384689.8059913698 0.0
4511778.936465199 3924417.6228124616 3860971.339338609 4112747.978485468 3292106.448862952 6299842.476897561 6551958.343635675 3048599.6419520625 3236427.3943770216 3333264.6999288215 3395023.0167493364 3421427.601528944 4293337.36209666 3982139.0401281333 3174150.6940612057 2996354.2966384585 3582358.1028250656 3608108.952291414 3351348.9742614063 3544587.319491838 4359273.2549928585 2789965.3082072954 -2.0 1911937.0802674082 2156044.5859805625 2273620.7847957457 2170812.7248085816 2151508.664051545 2153068.013616605 2162152.126619456 2161902.79478638 2311671.7725332933 2184703.0961467526 2209346.7031975086 2349213.6191370883 2266770.457464798 2189230.691230161 2235901.267843437 2137928.4322195766 699718.7930659737 3696989.5568768154 4100876.8095101216 4325605.252322755 0.0 4218943.325871898 4416646.800683434 4344988.144301886 4220790.209914377 4376332.996478368 4397320.252484569 4533598.17571708 4401356.182212082 4412423.305837224 4636515.026344141 4621013.035409068 4391710.606887836 3986238.5632983297 4032810.86021018 4581906.576893868 4301937.713252219 0.0 4151024.8896226725 0.0 0.0 0.0 0.0 0.0 0.0 0.0 2914385.9346380816 2623506.3552972283 1935814.5841513232 0.0
3666862.074094807 2943585.8734431826 2457961.8686284106 6047872.799976907 969682.706905796 5965858.250722415 6682194.830302388 5888818.00062251 2171704.9837965313 2522664.568289119 6233910.605376709 3042658.4714864395 2884719.8098645406 3060286.339094798 2788829.92978467 7531436.710779041 7831592.946183698 8446578.333961045 7127699.991047215 4051456.141631299 8076835.294569359 6779998.328445823 2316317.734932272 -2.0 -2.0 1536717.7130472527 2419118.209412119 2167507.088282332 2018167.4217457853 1928266.9746227593 1914429.4420332797 1990621.5107245126 1891771.269882373 2049716.6258526095 2012465.5895062122 1981363.095777249 1716715.8766199208 2095920.886117336 268572.5939814518 0.0 0.0 0.0 0.0 0.0 3683157.873347665 4448667.531019202 4958182.759301237 4774007.938083655 4445172.783299644 4807739.407373862 5114690.395669157 4890900.370518777 4261551.237797113 5059377.873296733 5253644.167709833 4660765.232482722 5158764.699562263 4893261.372738222 4913831.502514907 5476698.169069372 3869972.816368814 0.0 0.0 0.0 0.0 0.0 0.0 0.0 3982631.0645382185 3611936.523202907 2121864.515705741 1804704.8354071174 0.0
2757915.1706261123 2772655.909378725 2412567.104934739 6333146.4426275315 1684278.0584494988 0.0 0.0 0.0 0.0 0.0 0.0 0.0 5671858.464975795 6834227.668448983 7430570.577740468 7330033.684557598 7298840.925257465 7163845.231466034 7089851.962709639 8011097.359256729 7354780.10800847 7082719.508435346 4559899.21417228 760300.762584352 1283876.2102580648 1838992.4206173283 2086344.4284614369 1726521.6215620337 1661442.4327915835 1546464.8763101683 1684274.9360387009 1883223.0505447607 1700138.6954860943 1744007.0269066538 1865367.166334895 1872417.2596299485 1620917.8422919232 1780666.914393633 1777212.9704420483 0.0 0.0 0.0 0.0 0.0 4047080.240118642 4674176.687051658 4746727.262379196 5005507.036646252 4170600.5427263128 4263084.4610869195 4427939.74874747 4663423.692143722 5116108.829097024 4877732.596957856 5160703.799023971 5038587.027468974 3630861.078405594 0.0 0.0 4394404.17496032 5027892.7615618035 0.0 0.0 0.0 0.0 338021.7386950325 1575333.9400354607 0.0 3467679.8111839746 1878159.641410446 1838150.743719512 4342404.947867254 3449026.3713908554
1429127.1149370684 0.0 6163506.967912349 6939761.416333544 0.0 0.0 0.0 0.0 0.0 0.0 0.0 0.0 0.0 0.0 6600450.161190711 7050476.819111295 6722426.784115914 5587609.316254886 5270507.481192327 0.0 5525737.601519653 6388020.96604592 7244087.509409734 3522453.428521985 3945995.30015768 1829190.7220704013 1609141.0073448522 1600335.5043093462 1535243.9649832826 0.0 270045.4693756398 1655627.3035900602 0.0 1870973.733245731 2064705.3903111722 1989930.9925743686 2071813.4562800976 1821596.0168656653 1801246.8263770388 277986.4386266478 0.0 0.0 0.0 0.0 4271218.318596687 4989412.706014138 4712302.89610533 5089194.628839791 4197741.21926422 4124907.7428886076 3932799.880300426 3808207.7732040286 5014292.376442479 4249560.78277017 4096432.204190915 0.0 3694839.2873384045 0.0 3691070.0058437986 3949567.1927890824 3887722.585762946 300387.4556272429 402454.4408449882 0.0 0.0 851686.7112837976 4741980.214840171 3410359.9163662936 2351642.9818489347 0.0 0.0 3403442.4538902887 2626574.7144528884
175080.56169430548 0.0 0.0 0.0 0.0 0.0 0.0 0.0 0.0 0.0 0.0 0.0 0.0 0.0 0.0 0.0 0.0 0.0 0.0 0.0 0.0 4932092.751577282 5805587.547217765 7247263.149960259 3395346.004004739 1924409.1450550288 1797471.9662007769 0.0 320760.94996174285 0.0 1714396.075795808 0.0 1868077.434944977 2143287.4839511504 2047375.3064800748 2050207.1755855961 2267852.710802339 2011110.2532391902 2075538.9390383805 1941497.4549496192 3703849.162865015 0.0 0.0 3903721.835453768 4035560.0485595632 0.0 4345557.408353542 3471205.527221119 4213134.075769999 3465271.0254232637 4468119.412959176 5150827.364372223 4558957.11190251 4237836.9519563345 3958330.0935451207 4368101.577830774 0.0 0.0 0.0 0.0 0.0 298620.64248142135 0.0 0.0 0.0 0.0 3222749.7823838145 3826537.3872277876 2785565.9039832745 0.0 0.0 228037.45404768715 2236784.3798414473
1319720.7502709555 1207566.3962040069 0.0 0.0 0.0 0.0 0.0 0.0 0.0 0.0 0.0 0.0 0.0 0.0 0.0 0.0 0.0 0.0 0.0 0.0 0.0 0.0 0.0 0.0 2741787.8757728245 0.0 1666547.2337709677 0.0 0.0 1821950.2706840276 1878828.4389795475 1776817.0220544667 2021022.0588564842 2141528.770070704 1953465.49363834 1875332.560435162 1773359.3035950146 2090737.2232592157 2235963.7692415304 2097173.6613984094 1926344.4803867002 0.0 0.0 3751170.509390837 4051237.604153192 0.0 3287456.671273878 0.0 3332401.6907888395 4000674.244933968 3581580.9552632747 4790386.752754106 0.0 3985391.3533332576 0.0 3946533.1726254504 3885079.8667978267 0.0 3762028.590101985 4485623.49278211 0.0 0.0 0.0 0.0 0.0 3484352.15903182 3289623.0549989664 4092176.2777280062 0.0 0.0 249190.92076671167 1392086.7138941973 1010921.45790511
2167205.6458844324 782598.4441340979 0.0 0.0 0.0 0.0 0.0 0.0 0.0 0.0 0.0 0.0 0.0 0.0 0.0 0.0 0.0 0.0 0.0 0.0 0.0 0.0 1406478.0668074726 0.0 0.0 1671648.259582244 1873323.2128648418 1840475.5006320789 0.0 1998068.3653742408 1885426.6040617446 2013186.6931723384 2060198.9595654982 2315025.360310027 1297764.5181303776 1907217.1946377414 2109406.2359165624 2084784.7662845717 1683321.5071331086 1588856.237558127 1054347.683418528 0.0 3684836.40036309 0.0 0.0 0.0 0.0 0.0 0.0 4441881.071615212 0.0 4070239.341157108 4539956.852520583 5302709.264992786 4649256.926431727 0.0 4183688.2874092115 4297533.965162611 5226040.162668942 4673487.775919364 5410861.5811586045 3778039.151625281 5228587.508478545 3260689.503471943 4539063.491345264 0.0 4436992.62322843 0.0 0.0 0.0 0.0 1301165.702258929 693158.9417979975
1031612.3330108724 1359445.244161873 3600041.0907753482 2727627.6714121345 0.0 0.0 0.0 0.0 0.0 0.0 0.0 0.0 0.0 0.0 0.0 0.0 0.0 0.0 0.0 0.0 0.0 0.0 776607.7934060085 0.0 0.0 0.0 2480367.5878280974 2097090.3584596487 2231542.490490516 2138621.999512781 2219237.143088112 2007375.989981029 1883668.619924089 2034249.953793485 2013798.2423840412 2093303.809579604 2059283.7736725262 1870918.5212436651 2324850.0937406984 1102992.1916140052 906034.4141145111 1309667.8025911588 5036129.761806525 0.0 0.0 0.0 4817178.779759774 4707182.888058534 4796902.217992669 4875391.58174242 0.0 3869867.4108928232 5242175.851159959 5375028.9036018215 5662720.158437002 4915045.648934735 4745859.809801183 5388652.829455345 4154545.4915277464 5086949.415151792 4052203.961671573 3868220.7095849267 5318015.270687945 0.0 3629485.255327485 5457994.607324712 0.0 0.0 0.0 0.0 0.0 975809.9330111769 829484.5405367934
