Model Version1.4/trunk/output/1999/nup_egl.asc
ncols 720
nrows 360
xllcorner -180
yllcorner -90
cellsize 0.5
NODATA_value -2
[rows 128 to 159 of 360, columns 511 to 583 of 720]
0.0 0.0 0.0 800911.3313433287 0.0 0.0 0.0 0.0 0.0 0.0 0.0 0.0 0.0 0.0 0.0 0.0 0.0 0.0 0.0 0.0 0.0 0.0 0.0 0.0 0.0 0.0 0.0 0.0 0.0 27729.239072380195 0.10128775430703417 0.12332909023428928 0.11503292895710948 3615.862243533488 0.13324499080462213 9898.728783204058 221.87688444376477 0.007336738862667923 -2 87678.445205158 -2 -2 0.09516164797683406 -2 -2 1009579.2041256627 1209298.0422046809 0.0 0.0 0.0 0.0 0.0 0.0 0.0 0.0 3491455.2575645684 3128656.261999189 3633389.430604042 0.0 0.0 0.0 0.0 398173.0771640532 2161296.7174931117 335809.96667270135 2245119.8562017484 2503052.6973716915 371115.96233428916 2076974.487047037 2160639.7519906904 0.0 0.0 237526.5747129713
0.0 0.0 0.0 0.2697824594673572 0.0 0.0 0.0 0.0 0.0 0.0 0.0 0.0 0.0 0.0 0.0 0.0 0.0 0.0 0.0 0.0 0.0 0.0 0.0 0.0 0.0 0.0 0.0 0.0 0.0 6187.927953396538 589373.5990703788 281102.53248851415 111184.3976111593 129423.4069625601 630.2959581948978 735.6024960323923 -2 0.059130794319856045 -2 30973.146730985445 -2 57088.4143547482 70957.96518440127 22096.542910110897 765631.2974025311 543591.9036269694 0.0 0.0 1635450.0577910712 0.0 0.0 0.0 0.0 0.0 0.0 0.0 0.0 0.0 0.0 3747690.989776413 0.0 1381916.2661861004 1933695.810887917 2038924.5381970203 2312478.9289082545 412650.77259836835 0.0 0.0 2507857.8679945646 0.0 0.0 0.0 0.0
0.0 0.0 0.0 0.48558188320472234 0.0 0.0 0.0 0.0 0.3211202879221848 0.24623374485849142 0.0 0.0 0.0 0.0 0.0 0.0 9678.672458845671 0.0 0.0 0.0 0.0 0.0 0.0 0.0 0.0 0.0 0.0 0.0 0.0 0.0 0.0 0.0 0.0 0.0 0.0 849.3377334872538 6073.608503756341 0.10054452618086765 0.4784476347428159 0.046221048815314844 -2 100211.86914052865 -2 55.48246459585723 757231.428557878 1095059.1229088404 0.0 0.0 0.0 0.0 1165844.4998893645 1707819.207440421 0.0 0.0 1130834.9523970245 3537929.544503926 2049005.566114402 0.0 0.0 0.0 2083255.5477697782 1882110.5876590281 2507398.5059081363 2025329.3014923413 2077034.0770138456 0.0 0.0 0.0 3582873.5586292413 4773157.992103647 0.0 0.0 0.0
0.0 0.0 0.0 0.0 0.0 0.0 0.0 0.0 0.0 693.5154761358567 4661.788278122377 0.0 0.0 0.0 51603.894090626105 0.0 0.0 0.0 26251.423305524324 0.0 0.0 0.0 0.0 0.0 0.0 0.0 0.0 0.0 0.0 0.0 0.0 0.0 0.0 171972.63739549794 0.05941433852877572 -2 0.02885525709211515 0.0 45265.91692856093 0.36611341718734847 0.0 83283.79567808955 29756.169957756472 0.34523452036144586 357190.22315071145 785718.0642921339 1496323.0962470106 0.0 0.0 0.0 1201884.3054742573 1148646.8116011496 0.0 0.0 0.0 2207575.514176325 3700630.1458017286 0.0 0.0 1194217.4836245803 620239.9147846214 1993726.8841142114 0.0 3643784.8619831707 0.0 0.0 4833759.333638206 3982741.7579569295 4405811.711215208 0.0 0.0 0.0 0.0
0.0 0.0 0.0 0.27808507620446793 0.0 0.0 0.0 0.0 0.0 0.0 0.0 0.0 0.1836168824084343 948.4585709703001 1042.4489181729998 0.2980417532016814 0.13899860982130327 0.07113813809189644 0.19848927239205538 688.681769426701 0.0 0.0 0.0 0.0 0.0 0.0 0.0 0.0 0.0 0.0 0.0 0.0 12439.281552553753 6778.714897080069 261.8113593018513 -2 -2 31732.589264766044 0.11132412598132213 196976.8582405395 209147.58008231246 263061.16541456996 -2 -2 792725.0101667849 -2 3533566.152603104 0.0 0.0 2107122.3549300143 2051909.7985862324 1840552.131720771 0.0 0.0 0.0 0.0 3563939.9233905426 0.0 3531764.3425054653 4054017.840148906 2880556.0008724807 2086011.4152769388 0.0 0.0 0.0 0.0 0.0 0.0 0.0 4154234.476526405 0.0 0.0 333714.59751005983
0.0 0.0 0.0 0.0 0.0 0.0 0.0 0.0 0.0 0.0 0.0 0.19857467723094727 0.38380964961169384 0.3604610466233039 0.27529974434467536 0.41522860541415474 0.0417418879149827 0.09813896152176509 0.38747080431540615 0.0 18461.163888438812 0.0 0.0 0.0 0.0 0.0 0.0 0.0 0.0 0.0 0.0 0.0 0.0 0.0 -2 -2 -2 80888.56215123365 -2 465453.6651796232 356092.1187038973 0.07428228509396097 90457.68386186309 -2 0.02329681730377603 8505.690864480895 383644.7951017413 1292092.3149731879 0.0 0.0 1593266.4948563098 1575065.6930855291 2892320.939164929 0.0 0.0 3153611.536091508 3831195.2164124143 0.0 3461562.602720699 4595644.395250661 0.0 0.0 0.0 0.0 4349794.053508705 3240720.9559219354 0.0 0.0 0.0 0.0 5269131.704951667 3106769.189031759 447431.84859567584
0.0 0.0 0.0 0.0 0.0 0.0 0.0 0.0 0.0 0.0 0.0 2250.5164924612295 3884.1803492132476 9025.357281293049 3307.3877411321937 0.11979797120007919 0.17825747356560379 0.18731592006897893 0.42565508619621445 11576.770270476794 37358.328443388535 297971.3129161817 0.0 0.0 0.0 0.0 0.0 0.0 0.0 0.0 0.0 0.0 0.0 0.0 0.03695933973046792 -2 -2 85179.58983021068 23443.111953535667 0.0 0.0 26260.07847012144 -2 0.04700769658523176 0.2988670642414983 0.11670470191875529 -2 1530395.9578994445 0.0 0.0 2108872.7852505622 1206291.4731788153 1604588.80614334 1390156.1323213892 0.0 0.0 0.0 1610664.5030228738 2081055.3896398137 -2 836695.322264481 789401.5092819441 1243628.727407348 0.0 0.0 0.0 4293269.33131549 0.0 0.0 0.0 0.0 0.0 0.0
0.0 0.0 0.0 0.0 0.27661044409962665 0.16703848633857607 0.0 0.0 0.0 0.0 0.44665386192085343 2965.235257703807 0.0 0.0 0.0 1066.087582340196 0.19200563888316552 0.22379729630023154 0.2798460412921849 1024.3043827872912 36898.33597978248 38851.50909112123 0.0 0.0 0.0 0.0 0.0 0.0 0.0 0.0 0.0 0.0 0.0 0.0 287817.7325294027 -2 -2 75988.60957259663 0.0 0.0 0.0 109.74095603633057 0.09668610148498774 0.14120391066037577 0.10681263794195026 8809.877321587497 -2 3215058.4598965943 0.0 0.0 1285204.0526769198 590689.6781246782 1041164.126976316 803017.0737905344 -2 -2 8889.069239976021 270836.8774608292 163981.05127602632 61668.26965305493 25066.20040726779 100183.76738155863 0.0 0.0 0.0 0.0 3008844.3502775053 0.0 0.0 3025830.049880241 3822429.886552736 0.0 0.0
0.0 0.0 0.0 7185.273364820371 0.0 0.0 0.1694520470663507 2805.476689494195 0.41621085539756103 0.0 0.3486716196554236 0.0 0.0 0.0 0.0 0.0 0.16764950969183 0.3817002951762827 0.06617657979321476 0.12492954984981776 0.0 0.29938497787060575 0.0 0.0 0.0 0.0 6107.312586114374 0.0 0.0 0.0 -2.0 -2.0 0.0 0.0 -2 -2 -2 113987.17554265194 0.0 0.0 0.0 95814.79812714884 -2 -2 0.0 0.005739651549806845 -2 -2 -2 1035576.8969709456 1425042.6507263212 303802.321698798 0.0 -2 -2 -2 -2 108875.00658693392 159133.306235487 119378.15868322164 25102.471109973016 67067.94871252283 211853.2967730602 710921.1043331542 1432217.385418884 0.0 2254499.0569053628 3267439.822160692 3435455.4550844794 0.0 4090908.398997984 0.0 2704133.4641350955
0.0 0.0 29961.284569647327 201256.27482432663 0.0 3832.8300096082176 27774.700666634308 0.0 0.0 10637.08736778039 278943.39037344576 0.0 0.0 0.0 0.0 7292.099075301885 0.0 0.1902940369828515 0.2306784508586286 28489.005385837445 0.1757314734050051 6691.668518441601 0.0 -2.0 -2.0 -2.0 -2.0 -2.0 -2.0 -2.0 -2.0 -2.0 -2.0 38466.452097385496 -2 -2 -2 265798.1593767842 0.0 0.0 0.0 201399.3197463484 124566.2698770591 41660.3548429818 61066.87913816431 74451.27737368937 -2 -2 25128.305292150897 -2 -2 684204.700321186 342754.304308129 -2 17948.40586756285 55989.72018278406 0.02423055310287492 0.07509136042224207 253665.03995749276 0.0 0.0 0.0 0.03169251405814977 76696.25443489823 0.0 -2.0 -2.0 279067.73763005476 1697558.0532260856 3449558.007388632 1326813.3902592529 -2.0 -2.0
0.0 0.0 0.0 0.0 0.0 0.0 0.0 0.0 0.0 0.08251675358421792 2116.140456582829 0.0 0.0 643.8372326455909 0.3206503456081855 0.0 0.0 4192.928905362503 0.07829047798182208 37712.23362598479 0.0 0.0 0.0 -2.0 -2.0 -2.0 -2.0 -2.0 -2.0 -2.0 -2.0 -2.0 -2.0 0.0 32490.604390769455 102937.59875880713 -2 51477.34151157955 0.0 0.0 0.0 325330.1601745389 442507.85709645326 46922.85275271129 145113.02083644347 40123.816431316445 -2 -2 25300.956463473434 -2 -2 -2 0.061276221528819216 -2 -2 -2 -2 -2 -2 121122.70174931476 0.0 0.0 0.0 4364.600192468274 -2.0 -2.0 -2.0 -2.0 2215062.1635451433 2789643.5509058614 -2.0 -2.0 -2.0
0.0 0.0 0.0 0.0 0.0 0.0 0.0 0.0 68736.61906975211 8981.848814813793 0.02742679587887835 631.9627927927901 0.14013253026863168 2027.7969444776663 2566.0847249726253 0.0 0.06446342050848985 0.14060908924171228 0.21468699987905748 0.0 0.0 0.0 0.0 -2.0 -2.0 -2.0 -2.0 -2.0 -2.0 -2.0 -2.0 -2.0 -2.0 -2.0 0.0 273456.03788346855 -2 45866.8101715871 0.0 0.0 255390.00763414695 302136.333427971 16409.742021301932 103604.00076404658 909.6599519417194 0.023503092994988095 -2 26106.423135338606 111499.5699367601 125774.47616199662 0.051043928675237896 0.0786830125953272 56854.447011082004 13830.185569078989 46193.11967572088 -2 -2 -2 -2 118609.04718182218 0.0 0.0 0.0 -2.0 -2.0 -2.0 -2.0 -2.0 254388.5180748914 1761799.1602218486 402325.26698248304 -2.0 -2.0
0.0 0.0 0.0 0.0 0.0 0.0 0.0 0.0 0.43911309771501505 17332.83101298485 -2 0.016339867255374122 0.26221117462250765 0.4411338316377231 46910.071400809466 0.1670242034601499 0.0 0.056660535112065875 0.0 50107.448780971565 0.0 0.0 -2.0 -2.0 -2.0 -2.0 -2.0 -2.0 -2.0 -2.0 -2.0 -2.0 -2.0 -2.0 -2.0 7985.677012571108 231536.73015867223 -2 394795.1136400594 0.0 214937.64057348535 206471.3895169905 72698.5023287672 24417.81143035296 206986.6730921617 -2 -2 62746.31431410987 75746.8779615194 183550.48524078916 0.08424787632651022 674.6698950986299 2529.8423496465484 68177.77986483372 31082.58996819399 23930.27429194477 2034.9037379079823 -2 -2 0.13823268949431153 0.0 -2.0 -2.0 -2.0 -2.0 -2.0 -2.0 0.0 3841790.096918217 4214142.775684197 4425413.5692817345 -2 -2.0
0.0 0.0 0.0 0.0 0.0 0.0 0.0 67771.33028268503 206044.8708599533 788.8719154393384 -2 572.9564563535691 0.28173161432597327 0.0 0.19783765426161648 0.10515352326158878 0.10565107184017569 0.20530689042206215 0.0 0.0 -2.0 -2.0 -2.0 -2.0 -2.0 -2.0 -2.0 -2.0 -2.0 -2.0 -2.0 -2.0 -2.0 -2.0 -2.0 -2.0 168201.73240023074 256186.02820531203 187251.6398897294 0.0 29879.2695435802 37031.221194715035 -2 22771.41143560149 -2 -2 0.0051945718756117205 0.011262899145913588 38979.01673168104 51936.649938054514 0.10610906615112142 -2 0.07792091242457312 49794.70064127414 -2 0.05904169180330509 26967.917365627785 -2 45043.60957948726 762.0726029406386 0.0 -2.0 -2.0 -2.0 -2.0 -2.0 0.0 0.0 2193079.293064228 1929010.115312411 1074298.37088598 -2.0 -2.0
0.0 0.0 0.0 0.0 0.0 0.0 0.0 0.0 0.0 11808.578293832032 0.054971296202438284 29991.181758302533 19647.41760210936 2717.0947700516886 0.2402936713377039 0.31381516070066656 182098.93107058518 0.0 0.0 -2.0 -2.0 -2.0 -2.0 -2.0 -2.0 -2.0 -2.0 -2.0 -2.0 -2.0 -2.0 -2.0 -2.0 -2.0 -2.0 -2.0 0.0 272506.79649631976 17621.952099232334 0.0 53753.854894769895 59054.496869139446 26817.0212076606 -2 -2 204466.40300492762 0.04846677529969342 0.012978808191918309 19496.406102800494 92847.47658480909 31609.49860661972 -2 82563.42633036277 0.03305735776232051 69459.29368197965 -2 -2 -2 -2 84382.58976950447 0.0 -2.0 -2.0 -2.0 -2.0 -2.0 0.0 0.0 0.0 0.0 -2.0 -2.0 -2.0
0.0 0.0 0.0 0.0 0.0 0.0 0.0 0.0 0.0 0.498210686689218 0.32102300203318135 0.06916166741614974 0.1722789667557667 0.07329161668448672 0.05287040501091118 0.26985327636520456 0.0 0.0 -2.0 -2.0 -2.0 -2.0 -2.0 -2.0 -2.0 -2.0 -2.0 -2.0 -2.0 -2.0 -2.0 -2.0 -2.0 -2.0 -2.0 -2.0 -2.0 0.0 -2 0.0 0.0 2640.087830783353 127348.08534117765 -2 -2 -2 9158.23717198822 0.25103268468805606 54197.95237540022 0.10611477476052648 216964.77711360832 26853.452755043483 0.07312936580462417 16291.654365602182 82837.22090295011 0.0 280934.18374393473 0.07783736468841604 139841.68192119594 0.06594143593614266 64419.90016656163 1643.5651793193526 -2.0 -2.0 -2.0 -2.0 0.0 0.0 1311825.8828000582 -2 -2.0 -2.0 -2.0
0.0 0.0 0.0 0.0 0.0 0.0 0.0 0.0 0.0 4699.879623770194 0.0 0.29784424623098066 0.021336917273470684 2650.7550255537362 2093.2402817106463 0.0 -2 -2.0 -2.0 -2.0 -2.0 -2.0 -2.0 -2.0 -2.0 -2.0 -2.0 -2.0 -2.0 -2.0 -2.0 -2.0 -2.0 -2.0 -2.0 -2.0 -2.0 -2 58236.46163778236 0.0 0.0 25.788534068314597 0.0 -2 -2 -2 0.14045075207613425 459510.3822901261 116872.7597751064 47580.624908743084 251239.74689803293 0.015229108327389917 155849.4623389444 121389.74356222396 0.0 0.0 0.0 0.0 0.07408716415159054 80762.09403806408 36173.47277933703 148369.3978055941 -2 -2.0 -2.0 -2.0 -2.0 -2.0 -2.0 -2.0 -2.0 -2.0 -2.0
0.0 0.0 0.0 0.0 0.0 0.0 0.0 0.0 0.0 0.0 0.0 0.0 0.0 0.0 0.0 -2.0 -2.0 -2.0 -2.0 -2.0 -2.0 -2.0 -2.0 -2.0 -2.0 -2.0 -2.0 -2.0 -2.0 -2.0 -2.0 -2.0 -2.0 -2.0 -2.0 -2.0 -2.0 -2.0 55279.50361725613 0.0 0.0 207777.26791737604 25845.304043825832 197906.51961364108 201921.75319417048 1538.4938736636136 171842.0929965274 60703.017476941655 0.0 0.0 89625.82609052607 22841.75008319371 284720.7065178688 0.0 0.0 0.0 250464.87633894026 0.0 0.0 181249.30747755003 21122.017602997406 51913.06020059725 0.0 0.0 -2.0 -2.0 -2.0 -2.0 -2.0 -2.0 -2.0 -2.0 -2.0
2409.431219359714 0.41333834148845877 0.0 0.0 0.0 0.0 0.0 0.0 0.0 0.0 0.0 0.0 0.0 0.0 -2.0 -2.0 -2.0 -2.0 -2.0 -2.0 -2.0 -2.0 -2.0 -2.0 -2.0 -2.0 -2.0 -2.0 -2.0 -2.0 -2.0 -2.0 -2.0 -2.0 -2.0 -2.0 -2.0 39793.60564617767 0.0 0.0 0.0 0.0 66877.63800495825 0.0 0.0 157206.50511145443 92594.030541326 0.0 0.0 0.0 214511.01673251358 116421.43472379209 430615.81389063894 0.0 0.0 0.0 0.0 219586.4792055343 0.0 65168.87030317426 0.3253942757341234 52187.74336899105 44854.5650033267 1188.4645848985062 0.0 -2.0 -2.0 -2.0 -2.0 -2.0 -2.0 -2.0 -2.0
0.0 0.0 0.0 0.0 0.0 0.0 2885.7902455102994 132045.70623243554 0.0 0.0 0.0 0.0 0.0 0.0 -2.0 -2.0 -2.0 -2.0 -2.0 -2.0 -2.0 -2.0 -2.0 -2.0 -2.0 -2.0 -2.0 -2.0 -2.0 -2.0 -2.0 -2.0 -2.0 -2.0 -2.0 -2.0 -2.0 93456.40633519403 0.8388151634487946 0.0 0.0 0.0 -2.0 -2.0 0.0 93175.31901476112 4187.812991207718 319912.6294274288 0.0 0.0 0.0 17104.699698409775 195650.79381794867 0.0 0.0 0.0 0.0 0.0 0.0 55936.92710811801 34270.97415849776 64483.88099107938 102591.7711815455 87286.04674925435 1471.7987286725684 17338.620712343232 -2.0 -2.0 -2.0 -2.0 -2.0 -2.0 -2.0
0.0 0.0 0.0 0.0 0.0 0.0 6109.399397645584 0.0 0.0 0.0 0.0 0.0 -2.0 -2.0 -2.0 -2.0 -2.0 -2.0 -2.0 -2.0 -2.0 -2.0 -2.0 -2.0 -2.0 -2.0 -2.0 -2.0 -2.0 -2.0 -2.0 -2.0 -2.0 -2.0 -2.0 -2.0 -2.0 42815.55267752069 29983.072845775758 301531.630645983 0.0 -2.0 -2.0 -2.0 250432.78517024682 110607.05446582587 -2 444753.2933562248 0.0 0.0 0.0 226434.14403756135 0.0 0.0 8694.884844906044 0.0 0.0 0.0 0.0 0.0 276271.09911551647 445310.8611598241 -2 50925.62872283305 -2 26267.73537684026 -2 -2.0 -2.0 -2.0 -2.0 -2.0 -2.0
0.0 0.0 0.0 1883182.2343947978 1139880.3483056147 183814.13650532629 606183.0446230806 1260279.4225106114 0.0 0.0 -2.0 -2.0 -2.0 -2.0 -2.0 -2.0 -2.0 -2.0 -2.0 -2.0 -2.0 -2.0 -2.0 -2.0 -2.0 -2.0 -2.0 -2.0 -2.0 -2.0 -2.0 -2.0 -2.0 -2.0 -2.0 -2.0 -2.0 -2.0 -2.0 -2.0 -2.0 -2.0 -2.0 -2.0 126568.97587983987 -2 -2 -2 0.0 0.0 0.0 0.0 0.0 0.0 0.0 0.0 0.0 0.0 0.0 0.0 280297.62293247826 112960.04304904072 0.0003465332914156018 -2 24937.439745535838 -2 0.243566891532872 -2.0 -2.0 -2.0 -2.0 -2.0 -2.0
0.0 1346294.7358852255 1687180.7451340598 2729578.711294403 3629580.392482767 2668437.3390218904 2934784.868895611 1326187.909191382 0.0 0.0 -2.0 -2.0 -2.0 -2.0 -2.0 -2.0 -2.0 -2.0 -2.0 -2.0 -2.0 -2.0 -2.0 -2.0 -2.0 -2.0 -2.0 -2.0 -2.0 -2.0 -2.0 -2.0 -2.0 -2.0 -2.0 -2.0 -2.0 -2.0 -2.0 -2.0 -2.0 -2.0 -2.0 -2.0 394361.7227454872 284997.1696981552 2714.6704342876537 163941.76097223393 0.0 0.0 0.0 410450.282055241 0.0 0.0 0.3723036462836296 0.0 0.0 0.0 0.0 0.0 152782.57031308784 64786.29849672797 0.041733928964213934 35894.9455608489 5619.717955632625 -2 42850.85655945606 0.0 -2.0 -2.0 -2.0 -2.0 -2.0
0.0 1282394.8880638522 512020.11974089104 890683.7696435007 1832320.109814191 1432774.1712111256 1509993.3278945333 653234.5146997841 0.0 0.0 -2.0 -2.0 -2.0 -2.0 -2.0 -2.0 -2.0 -2.0 -2.0 -2.0 -2.0 -2.0 -2.0 -2.0 -2.0 -2.0 -2.0 -2.0 -2.0 -2.0 -2.0 -2.0 -2.0 -2.0 -2.0 -2.0 -2.0 -2.0 -2.0 -2.0 -2.0 -2.0 -2.0 -2.0 -2.0 128188.59812554471 -2 286480.5511059424 0.0 0.06602158632869119 0.0 249484.80196742548 67181.03837475927 132437.67713899788 493317.9171992961 370247.96611646784 345868.7222792766 0.0 882896.0220865019 62516.46183481128 147946.95831947553 50298.83599148712 -2 175854.73690309952 61951.568943657345 51634.430038195234 148975.37669173526 3189.327688677225 -2.0 -2.0 -2.0 -2.0 -2.0
0.2565467995776 60316.11436487776 28602.59552769888 0.0 0.0 533597.9512142584 65017.23050074036 10508.239844391956 0.0 0.0 -2.0 -2.0 -2.0 -2.0 -2.0 -2.0 -2.0 -2.0 -2.0 -2.0 -2.0 -2.0 -2.0 -2.0 -2.0 -2.0 -2.0 -2.0 -2.0 -2.0 -2.0 -2.0 -2.0 -2.0 -2.0 -2.0 -2.0 -2.0 -2.0 -2.0 -2.0 -2.0 -2.0 -2.0 -2.0 344762.25856268033 -2 344831.4437657851 0.0 0.0 0.0 0.11176615184477781 0.0 0.0 0.0 0.3762045066003174 359138.0920661144 659471.3482673464 268456.9969550966 144761.59753334167 0.0183292722934334 83271.86507216925 60542.61432791164 119660.06686738164 146737.0317440708 331980.2849143455 88990.39384884742 50610.41747629481 -2.0 -2.0 -2.0 -2.0 -2.0
0.2440189493188636 0.0 0.0 0.0 0.0 0.0 86253.22011937689 0.0 0.0 0.0 -2.0 -2.0 -2.0 -2.0 -2.0 -2.0 -2.0 -2.0 -2.0 -2.0 -2.0 -2.0 -2.0 -2.0 -2.0 -2.0 -2.0 -2.0 -2.0 -2.0 -2.0 -2.0 -2.0 -2.0 0.12429933854476932 -2 -2.0 -2.0 -2.0 -2.0 -2.0 -2.0 -2.0 -2.0 -2.0 0.0 126141.74270492155 153961.68165232425 10953.697564942524 0.0 0.0 0.0 837149.5281038316 620286.884848128 427188.0952913859 0.5803791806078672 249980.6578719037 114306.56854961025 98583.61581317802 245049.2190891566 0.028158825836543354 339438.16006275505 47718.327148418415 278785.8258351318 0.04854691751059377 21244.05201311769 128216.00580639664 36500.441764998715 -2.0 -2.0 -2.0 -2.0 -2.0
0.09236696181755885 0.0 0.0 0.0 0.0 0.0 39387.67972177316 0.0 0.0 0.0 -2.0 -2.0 -2.0 -2.0 -2.0 -2.0 -2.0 -2.0 -2.0 -2.0 -2.0 -2.0 -2.0 -2.0 -2.0 -2.0 -2.0 -2.0 -2.0 -2.0 -2.0 -2.0 -2.0 -2.0 0.02500832220349461 -2.0 -2.0 -2.0 -2.0 -2.0 -2.0 -2.0 -2.0 -2.0 -2.0 -2 107592.43372214616 -2 185205.20331962468 -2.0 0.0 0.0 146714.4302290009 233070.52261555215 66529.55318613198 599002.2549054754 0.9326041489492802 52555.38777039708 1.0250949822770943 284516.52985739615 316727.6516835964 439380.7134578766 389248.03031425434 92283.62036722475 62135.769047829155 71576.73061229585 75613.93603062107 76932.71639330423 -2.0 -2.0 -2.0 -2.0 -2.0
0.20607379103117984 0.0 0.0 0.2956771301446933 0.2667678998563922 0.0 0.25557659244511693 0.0 0.0 0.0 -2.0 -2.0 -2.0 -2.0 -2.0 -2.0 -2.0 -2.0 -2.0 -2.0 -2.0 -2.0 -2.0 -2.0 -2.0 -2.0 -2.0 -2.0 -2.0 -2.0 -2.0 -2.0 -2.0 -2.0 0.036360974335165074 -2.0 -2.0 -2.0 -2.0 -2.0 -2.0 -2.0 -2.0 -2.0 -2.0 392939.1274796819 1023498.7039208454 276758.99011559476 336058.1252365123 -2.0 -2.0 -2.0 -2.0 1142256.7267126674 278827.31372580543 430399.06737614825 360662.50779059774 997503.187765791 0.0 0.0 2004444.1364618968 1650604.34987087 450523.5552692377 56555.598572249044 903089.5534412145 154407.74928383535 578.6292704538625 136081.3726269736 -2.0 -2.0 -2.0 -2.0 -2.0
0.0 60.19575696884147 0.486549931033558 0.059307757815331826 1694869.048548367 0.14363241002763188 0.4422505835268019 0.0 0.0 -2.0 -2.0 -2.0 -2.0 -2.0 -2.0 -2.0 -2.0 -2.0 -2.0 -2.0 -2.0 -2.0 -2.0 -2.0 -2.0 -2.0 -2.0 -2.0 -2.0 -2.0 -2.0 -2.0 -2.0 -2.0 13805.566688291172 -2.0 -2.0 -2.0 -2.0 -2.0 -2.0 -2.0 -2.0 -2.0 -2.0 146103.02442647042 225273.7060323456 165.92046981903496 272684.3837093475 -2.0 -2.0 -2.0 -2.0 -2.0 220663.11470572176 -2 708268.9989366936 522004.4879971601 0.0 0.0 0.0 527257.4456952381 1020757.4916256381 111077.29336369631 401517.20836311183 321597.70566804835 155373.2592051441 79466.61680436655 -2.0 -2.0 -2.0 -2.0 -2.0
0.0 19798.06602070178 0.09188927551560298 0.0 0.0 0.0 0.0 0.0 0.0 -2.0 -2.0 -2.0 -2.0 -2.0 -2.0 -2.0 -2.0 -2.0 -2.0 -2.0 -2.0 -2.0 -2.0 -2.0 -2.0 -2.0 -2.0 -2.0 -2.0 -2.0 -2.0 -2.0 -2.0 -2.0 -2.0 -2.0 -2.0 -2.0 -2.0 -2.0 -2.0 -2.0 -2.0 -2.0 -2.0 -2.0 452843.3151679222 664975.7438537893 0.0 -2.0 -2.0 -2.0 -2.0 -2.0 -2 227433.2580377804 857443.8168381342 867273.8165760459 0.0 0.0 98551.12914989333 0.0 0.0 888984.2326401793 82595.30497908482 234131.84310397648 132980.53007236277 -2 -2.0 -2.0 -2.0 -2.0 -2.0
0.0 0.0 0.0 0.0 0.0 0.0 0.0 0.0 0.0 -2.0 -2.0 -2.0 -2.0 -2.0 -2.0 -2.0 -2.0 -2.0 -2.0 -2.0 -2.0 -2.0 -2.0 -2.0 -2.0 -2.0 -2.0 -2.0 -2.0 -2.0 -2.0 -2.0 -2.0 0.004376414284533216 -2 -2.0 -2.0 -2.0 -2.0 -2.0 -2.0 -2.0 -2.0 -2.0 -2.0 -2 574310.32061301 81095.19303037328 -2.0 -2.0 -2.0 -2.0 -2.0 -2.0 -2.0 74589.28058750479 893513.132152424 514777.8097440312 0.7994354180401034 0.0 0.1364888161552512 59895.724052064565 0.0 1433220.0313691301 236565.1513566487 0.0 -2.0 -2.0 -2.0 -2.0 -2.0 -2.0 -2.0
-2.0 0.0 0.21985390499980767 0.052295503468156854 6069.1156199517345 976456.172363672 0.0 0.0 0.0 -2.0 -2.0 -2.0 -2.0 -2.0 -2.0 -2.0 -2.0 -2.0 -2.0 -2.0 -2.0 -2.0 -2.0 -2.0 -2.0 -2.0 -2.0 -2.0 -2.0 -2.0 -2.0 -2.0 -2.0 -2.0 -2.0 -2.0 -2.0 -2.0 -2.0 -2.0 -2.0 -2.0 -2.0 -2.0 -2.0 -2 339370.29525715084 0.0 -2.0 -2.0 -2.0 -2.0 -2.0 -2.0 -2.0 -2.0 171055.05650668728 191578.42314481037 127840.9081955084 0.0 0.0 0.0 0.0 0.0 -2.0 -2.0 -2.0 -2.0 -2.0 -2.0 -2.0 -2.0 -2.0
