Model Version1.4/trunk/output/1999/nup_egl.asc
ncols 720
nrows 360
xllcorner -180
yllcorner -90
cellsize 0.5
NODATA_value -2
[rows 96 to 127 of 360, columns 365 to 437 of 720]
0.0 0.0 -2.0 -2.0 -2.0 -2.0 -2.0 -2.0 -2.0 -2.0 -2.0 -2.0 0.0 0.0 -2.0 -2.0 -2.0 -2.0 -2.0 0.0 0.0 0.0 0.0 0.0 0.0 0.0 0.0 0.0 -2.0 -2.0 -2.0 -2.0 -2.0 0.0 2869389.1847056076 3431436.3961254465 276679.37452315865 666470.0034724008 0.0 0.0 0.0 296496.787266337 201379.6133916508 139139.5639547869 65315.02694656069 0.0 0.0 0.0 0.0 0.0 2389478.2353541586 868231.02054468 -2.0 -2.0 -2.0 -2.0 -2.0 -2.0 -2.0 0.0 2512796.8651758847 385350.17088215356 0.0 569171.932937586 0.0 0.0 0.0 228627.56651053083 -2.0 -2.0 -2.0 -2.0 -2.0
-2.0 -2.0 -2.0 -2.0 -2.0 -2.0 -2.0 -2.0 -2.0 -2.0 -2.0 -2.0 0.0 0.0 0.0 -2.0 -2.0 -2.0 -2.0 -2.0 0.0 0.0 0.0 0.0 0.0 0.0 0.0 0.0 0.0 0.0 -2.0 -2.0 -2.0 0.0 0.0 4173517.5849765637 231998.4636105937 0.0 0.0 0.0 0.0 0.0 0.0 0.0 0.0 0.0 0.0 0.0 0.0 0.0 0.0 1520344.1961425869 0.0 0.0 1390873.0532980375 0.0 673480.1145025014 0.0 2123640.0455498183 2949305.885939219 0.0 1285911.0220689003 0.0 0.0 1230448.2304498916 2638421.5641768514 0.0 0.0 0.0 971960.2363431314 523956.6638541936 -2.0 -2.0
-2.0 -2.0 -2.0 -2.0 -2.0 -2.0 -2.0 -2.0 -2.0 -2.0 -2.0 0.0 0.0 0.0 0.0 -2.0 -2.0 -2.0 -2.0 -2.0 -2.0 -2.0 -2.0 0.0 0.0 0.0 0.0 0.0 0.0 0.0 0.0 0.0 -2.0 0.0 0.0 6009463.009627221 2321707.811429952 0.0 0.0 0.0 0.0 0.0 0.0 0.0 0.0 0.0 0.0 0.0 0.0 0.0 506207.9025294009 -2.0 461756.24157816457 2288092.756721655 2632070.16142185 0.0 2016644.3075422575 169823.4457005726 1590298.1309662126 0.0 0.0 0.0 583824.4453972043 232792.5571562763 89741.50004506508 0.0 0.0 328670.6259094958 1100488.311787469 0.0 0.0 0.0 1145705.4260035912
-2.0 -2.0 -2.0 -2.0 -2.0 -2.0 -2.0 -2.0 -2.0 -2.0 -2.0 0.0 0.0 0.0 0.0 -2.0 -2.0 -2.0 -2.0 -2.0 -2.0 -2.0 -2.0 -2.0 -2.0 0.0 0.0 0.0 0.0 0.0 0.0 0.0 -2.0 418419.9652636364 3675602.2696551257 4372524.487742114 0.0 0.0 0.0 0.0 0.0 0.0 0.0 0.0 -2.0 -2.0 0.0 1116696.0282658518 0.0 0.0 0.0 0.0 1845321.3682664821 163722.58287313252 0.0 3417027.0061403364 2093308.8056111229 0.0 831787.1677967667 163299.4811245357 0.0 846929.8331313505 0.0 0.0 0.0 698981.4569048014 610333.144441246 383203.78225671896 881972.405358686 420598.0173356531 588964.9960945812 826308.1918644746 819239.0079751627
0.0 0.0 0.0 0.0 -2.0 -2.0 -2.0 -2.0 -2.0 -2.0 -2.0 0.0 0.0 0.0 0.0 -2.0 -2.0 -2.0 -2.0 -2.0 -2.0 -2.0 -2.0 -2.0 -2.0 -2.0 0.0 0.0 0.0 -2.0 -2.0 0.0 -2.0 -2.0 0.0 0.0 0.0 0.0 0.0 0.0 0.0 0.0 0.0 -2.0 -2.0 0.0 -2.0 0.0 0.0 0.0 0.0 2895624.936397654 0.0 3352736.6216275245 0.0 0.0 0.0 72150.2302825894 0.0 0.0 0.0 0.0 0.0 0.0 0.0 0.0 160034.86005727446 1051111.964362444 0.0 0.0 1476874.0511216607 1075632.86019536 1045518.0977529188
0.0 0.0 -2.0 -2.0 -2.0 -2.0 -2.0 -2.0 -2.0 -2.0 -2.0 0.0 0.0 0.0 0.0 -2.0 -2.0 -2.0 -2.0 -2.0 -2.0 -2.0 -2.0 -2.0 -2.0 -2.0 -2.0 0.0 0.0 0.0 -2.0 -2.0 -2.0 -2.0 0.0 0.0 0.0 0.0 0.0 0.0 0.0 0.0 0.0 -2.0 -2.0 -2.0 0.0 0.0 0.0 0.0 912787.6614892316 1189552.8765789985 1060235.086965064 0.0 0.0 0.0 689534.7833894521 0.0 0.0 0.0 0.0 0.0 0.0 0.0 0.0 0.0 0.0 0.0 0.0 2609839.5980788753 0.0 1161421.8781121543 1240373.0712223283
-2.0 -2.0 -2.0 -2.0 -2.0 -2.0 -2.0 -2.0 -2.0 -2.0 -2.0 -2.0 0.0 -2.0 -2.0 -2.0 -2.0 -2.0 -2.0 -2.0 -2.0 -2.0 -2.0 -2.0 -2.0 -2.0 0.0 0.0 0.0 0.0 -2.0 -2.0 -2.0 -2.0 -2.0 -2.0 0.0 0.0 0.0 0.0 0.0 0.0 0.0 0.0 0.0 -2.0 0.0 403508.6831791468 0.0 0.0 0.0 0.0 856326.3756992975 0.0 0.0 0.0 0.0 103364.93009613459 0.0 0.0 0.0 0.0 0.0 0.0 0.0 0.0 0.0 0.0 0.0 0.0 0.0 0.0 0.0
-2.0 -2.0 -2.0 -2.0 -2.0 -2.0 -2.0 -2.0 -2.0 -2.0 -2.0 -2.0 -2.0 -2.0 -2.0 -2.0 -2.0 -2.0 -2.0 -2.0 0.0 0.0 0.0 -2.0 0.0 0.0 0.0 0.0 0.0 -2.0 -2.0 -2.0 -2.0 -2.0 -2.0 0.0 0.0 0.0 0.0 0.0 0.0 0.0 0.0 0.0 0.0 -2.0 0.0 0.0 599605.1085723595 0.0 439986.1391568631 349077.6732796221 578847.0329894358 0.0 0.0 0.0 0.0 0.0 0.0 0.0 0.0 0.0 0.0 0.0 0.0 0.0 0.0 1398763.8074718243 0.0 0.0 0.0 0.0 0.0
-2.0 -2.0 -2.0 -2.0 -2.0 -2.0 -2.0 -2.0 -2.0 -2.0 -2.0 -2.0 -2.0 -2.0 -2.0 -2.0 -2.0 -2.0 -2.0 0.0 0.0 0.0 0.0 0.0 0.0 0.0 0.0 0.0 -2.0 -2.0 -2.0 -2.0 -2.0 -2.0 -2.0 -2.0 0.0 0.0 0.0 0.0 0.0 0.0 0.0 0.0 0.0 0.0 -2.0 0.0 0.0 241315.07008300742 102119.67072428313 661232.2725572998 824945.2007217356 0.0 113443.14956237531 733369.9792957483 729961.4263461358 854606.6851594488 0.0 861359.534675516 0.0 0.0 0.0 0.0 0.0 1131094.0361493663 978695.3782345047 741112.2007966076 612707.7963683206 0.0 0.0 0.0 0.0
-2.0 -2.0 -2.0 -2.0 -2.0 -2.0 -2.0 129404.57098000182 30549.454528240007 130138.01768846065 -2 -2.0 31477.76346732833 0.0 0.0 0.0 0.0 0.0 -2.0 -2.0 -2.0 0.0 0.0 0.0 0.0 0.0 -2.0 -2.0 -2.0 -2.0 -2.0 -2.0 -2.0 -2.0 -2.0 -2.0 -2.0 -2.0 0.0 0.0 0.0 0.0 -2.0 -2.0 0.0 0.0 0.0 -2.0 0.0 0.0 597604.3541690903 927394.2119086994 846739.1218908698 1067731.1903381457 0.0 0.0 754402.6921666298 745243.13455107 755920.9561789006 921287.614341644 0.0 0.0 0.0 721099.9004655909 681581.0625264053 0.0 0.0 0.0 86650.37100046754 0.0 0.0 0.0 0.0
0.0 0.0 0.0 0.0 0.0 0.0 0.0 0.0 0.0 0.0 0.0 0.0 0.0 0.0 0.0 0.0 0.0 0.0 25630.060440997295 -2.0 -2.0 -2.0 -2.0 0.0 0.0 0.0 -2.0 -2.0 -2.0 -2.0 -2.0 -2.0 -2.0 -2.0 -2.0 -2.0 -2.0 -2.0 0.0 0.0 0.0 0.0 -2.0 0.0 0.0 0.0 0.0 0.0 -2 674078.5597781058 579763.9312707159 1741855.2841839357 507937.5128469817 685469.0960692777 990183.4374332089 767995.605036933 0.0 0.0 542978.071907109 826197.0625896067 933080.7076859615 848164.0900375223 1532942.7804954855 585341.1954055894 0.0 0.0 0.0 0.0 2114445.0715063047 0.0 0.0 0.007353873958777607 0.0
0.0 0.0 0.0 1151908.8866186768 0.0 0.0 0.0 0.0 0.0 0.0 0.0 0.0 0.0 0.0 0.0 0.0 0.0 -2.0 -2.0 -2.0 -2.0 -2.0 -2.0 -2.0 -2.0 -2.0 -2.0 -2.0 -2.0 -2.0 -2.0 -2.0 -2.0 -2.0 -2.0 -2.0 -2.0 -2.0 -2.0 0.0 0.0 0.0 -2.0 -2.0 -2.0 0.0 -2.0 -2.0 -2.0 -2.0 0.0 0.0 -2.0 359929.6676066787 448375.4884946571 0.0 -2 -2.0 -2.0 0.0 616552.8314313899 475735.5309442985 269949.3179795866 0.0 -2.0 -2.0 164820.04691361389 0.0 681533.2980724137 0.0 0.0 0.0 58753.636478909255
1858927.1546757952 1845014.5363785168 1796500.4174987294 1821127.8392425107 1823449.4661942383 1122416.01967411 0.0 0.0 0.0 0.0 1811822.8288297392 0.0 0.0 0.0 0.0 0.0 0.0 -2.0 -2.0 -2.0 -2.0 -2.0 -2.0 0.0 0.0 -2.0 -2.0 -2.0 -2.0 -2.0 -2.0 -2.0 -2.0 -2.0 -2.0 -2.0 -2.0 -2.0 -2.0 -2.0 -2.0 -2.0 0.0 0.0 -2.0 -2.0 -2.0 -2.0 -2.0 0.0 0.0 -2.0 -2.0 -2.0 -2.0 -2.0 -2.0 -2.0 -2.0 -2.0 -2.0 -2.0 -2.0 -2 -2.0 -2.0 0.0 0.0 622504.9412107724 0.0 1207735.9761819993 1124513.6884186554 1001374.2573900415
1818126.8369779994 1829603.3554720902 1838490.262826155 1793468.6046838786 1701220.175673643 1841626.2871125967 1877538.884461976 1784434.0533754993 1825538.7808221425 1776460.99763453 1828744.8811943135 1829480.3499006585 0.0 0.0 0.0 0.0 0.0 0.0 -2.0 -2.0 -2.0 -2.0 -2.0 -2.0 -2.0 -2.0 -2.0 -2.0 -2.0 -2.0 -2.0 -2.0 -2.0 -2.0 -2.0 -2.0 -2.0 -2.0 -2.0 -2.0 -2.0 -2.0 0.0 0.0 0.0 0.0 0.0 0.0 -2.0 0.0 -2.0 -2.0 -2.0 -2.0 -2.0 -2.0 -2.0 -2.0 -2.0 -2 669188.3522390616 750037.2653020661 149650.89271095677 240477.43353229333 -2.0 -2.0 0.0 0.0 715498.7967694058 344086.5302949012 2193126.6519995946 2310639.479088909 1604487.6233766177
1751948.941847243 1751757.5716551929 1675515.4418630556 1694647.8011287742 1638106.337517879 1725577.7808881362 1683235.9771143778 1729981.7743130373 1715706.5545786996 1682303.4080903954 1688501.716441321 2110748.8282012157 0.0 0.0 2276720.3021001774 0.0 0.0 0.0 -2.0 -2.0 -2.0 -2.0 -2.0 -2.0 -2.0 -2.0 -2.0 -2.0 -2.0 -2.0 -2.0 -2.0 -2.0 -2.0 -2.0 -2.0 -2.0 -2.0 -2.0 -2.0 -2.0 -2.0 -2.0 -2.0 0.0 -2.0 -2.0 -2.0 -2.0 -2.0 -2.0 -2.0 -2.0 -2.0 -2.0 -2.0 -2.0 -2.0 -2.0 559291.7149680301 1027024.9434290936 1062714.7487339687 0.0 -2.0 -2.0 -2.0 0.0 0.0 0.0 889486.2819668623 1638509.500565603 1842725.9124800127 1302742.8813684552
1729700.9180128758 1669066.330729832 1655161.17870205 1636862.0881450581 1637963.862969681 1649629.0630953205 1654728.2422420122 1012746.7972263133 1089869.0550553137 1037266.8335534473 1591452.7988242377 2118911.7907617562 2079122.935136787 2312653.524564536 0.0 0.0 -2.0 -2.0 -2.0 -2.0 -2.0 -2.0 -2.0 -2.0 -2.0 -2.0 -2.0 -2.0 -2.0 -2.0 -2.0 -2.0 -2.0 -2.0 -2.0 -2.0 -2.0 -2.0 -2.0 -2.0 -2.0 -2.0 -2.0 -2.0 -2.0 -2.0 -2.0 -2.0 -2.0 -2.0 -2.0 -2.0 -2.0 -2.0 -2.0 -2.0 -2.0 -2.0 -2.0 -2.0 -2.0 -2.0 -2.0 -2.0 -2.0 -2.0 400225.4309510011 550978.2215391751 1416994.7044206238 1385631.0030022329 1061683.2875346013 965835.0712087611 1862250.207002556
1197813.2402213884 1395987.444376043 1531075.224211416 1513163.4567483447 1513163.4567483447 1132709.688661097 1191153.480201603 362505.53410928074 170136.7921073656 465959.26431702555 743263.3505290358 268367.2589970639 362348.19775911456 704512.7073795701 0.0 0.0 0.0 0.0 -2.0 -2.0 -2.0 -2.0 -2.0 -2.0 -2.0 -2.0 -2.0 -2.0 -2.0 -2.0 -2.0 -2.0 -2.0 -2.0 -2.0 -2.0 -2.0 -2.0 -2.0 -2.0 -2.0 -2.0 -2.0 -2.0 -2.0 -2.0 -2.0 -2.0 -2.0 -2.0 -2.0 -2.0 -2.0 -2.0 -2.0 -2.0 -2.0 -2.0 -2.0 -2.0 -2.0 -2.0 -2.0 -2.0 -2.0 143876.8470115766 0.0 1232182.038372464 1491680.9385053748 1297981.761633781 1709510.1940641992 1636770.3593252234 1898027.010183826
434853.6527896281 811581.0679920553 1025910.3097273259 1352502.1435958839 1479550.270012334 253339.10260969584 129538.92546405329 383625.8059364402 153119.143118283 -2 -2 65062.43348392856 39806.46255251992 47276.725353464404 260433.4634948058 0.0 0.0 0.0 289542.67623764114 -2.0 -2.0 -2.0 -2.0 -2.0 -2.0 -2.0 -2.0 -2.0 -2.0 -2.0 -2.0 -2.0 -2.0 -2.0 -2.0 -2.0 -2.0 -2.0 -2.0 -2.0 -2.0 -2.0 -2.0 -2.0 -2.0 -2.0 -2.0 -2.0 -2.0 -2.0 -2.0 -2.0 -2.0 -2.0 -2.0 -2.0 -2.0 -2.0 -2.0 -2.0 -2.0 -2.0 -2.0 -2.0 -2.0 0.0 0.0 948402.7045459574 1131518.349082819 1101540.2326472125 1100549.7926385582 1577889.7634662085 893845.8949941943
80591.09984771017 518587.2011601796 805136.2601514262 786888.9092781104 1234845.142868077 79268.8331046887 161486.87803602644 -2 -2 -2 -2 -2 -2 62891.00101318081 -2 986862.8193459853 0.0 1751956.47970108 1215997.839336464 0.0 0.0 0.0 0.0 0.0 -2.0 -2.0 -2.0 -2.0 -2.0 -2.0 -2.0 -2.0 -2.0 -2.0 -2.0 -2.0 0.0 689078.1689768856 0.0 1128062.5288411356 681590.909683245 112775.75785841534 -2.0 -2.0 -2.0 -2.0 -2.0 -2.0 -2.0 -2.0 -2.0 -2.0 -2.0 -2.0 -2.0 -2.0 -2.0 -2.0 -2.0 -2.0 -2.0 -2.0 -2.0 -2.0 0.0 494940.5510568113 0.0 0.0 0.0 1700680.197946214 820956.9647104606 261928.20435492817 196415.13683064832
-2 80300.36559784108 415710.28476765106 162580.89150949998 398175.10093145806 165602.1132696731 43617.257811136275 -2 -2 -2 -2 -2 -2 -2 -2 189261.2614122854 631288.9403772411 586602.9952413121 1179130.885914734 1358498.7916467658 814352.8552573376 0.0 0.0 1164982.5413973255 0.0 0.0 -2.0 -2.0 -2.0 -2.0 -2.0 -2.0 -2.0 -2.0 -2.0 0.0 0.0 1547185.5921486998 1288852.8462084176 0.0 1281667.233040425 833675.5270318149 418473.1245354212 -2.0 -2.0 -2.0 -2.0 -2.0 -2.0 -2.0 -2.0 -2.0 -2.0 -2.0 -2.0 -2.0 -2.0 -2.0 -2.0 -2.0 -2.0 -2.0 -2.0 -2.0 0.0 5495768.12353918 0.0 993557.6566684433 739540.1592697612 343755.13305642054 344576.7241457909 132118.99749398424 198119.33631149287
-2 -2 76116.9325796176 75732.49893528447 -2 136676.54589728548 82045.10051503907 38864.651036509764 -2 38415.133884621195 -2 -2 -2 -2 61513.70101572825 62102.001016163995 351750.105547405 1006575.8087342546 724064.746164399 741302.9903800071 699850.759862148 540329.5361367079 495073.66842178226 757634.4062919933 519289.7316894092 564057.8508534575 -2 -2.0 -2.0 -2.0 -2.0 -2.0 -2.0 -2.0 0.0 0.0 1437805.3311009184 1432553.0676026703 510377.4708660851 606550.2246306109 175216.71735013262 213963.1676896029 293973.82944061025 505799.5501119578 742429.6729302233 0.0 66.62629813379947 -2 -2.0 -2.0 -2.0 -2.0 -2.0 -2.0 -2.0 -2.0 -2.0 0.0 -2.0 -2.0 -2.0 -2.0 -2.0 -2.0 0.0 1083082.8575982633 0.0 434369.6007932775 274232.6072199743 328929.1647278582 790178.1297376199 683821.9904906098 195250.7182619354
-2 -2 38143.56643589852 -2 -2 -2 -2 -2 -2 -2 -2 -2 39109.966424258775 -2 -2 159319.20827852527 79695.09793240463 -2 40454.46633866912 82730.10210204247 41365.06633208702 124548.80162120883 413324.8159024014 124176.4144142074 -2 197877.61771346914 613558.7301755064 606388.6906073918 525047.9623916334 268739.2252622896 -2.0 -2.0 -2.0 -2.0 -2.0 987759.5966208947 443119.97007589124 97312.12037183577 -2 -2 -2 -2 -2 -2 -2 -2 -2 -2 -2 149446.35797038866 -2 194034.7174347519 -2 -2.0 0.0 0.0 0.0 0.0 0.0 0.0 0.0 0.0 0.0 218471.16841928108 585510.0250221251 464698.8286243272 322400.6247690143 207361.2626037543 282725.2043085059 928562.8663639665 467857.0698185651 1033960.3141985892 1181489.6554131175
159380.726219925 38585.16410431312 -2 -2 -2 -2 -2 78163.37860862743 77520.7978705424 -2 -2 -2 -2 -2 -2 -2 -2 -2 -2 -2 39264.30083449001 116119.66212334848 38897.18840357427 -2 -2 -2 -2 197779.64206029373 470745.47758463904 638317.2847484087 706407.2846164317 508819.46270433353 -2.0 -2.0 146094.05681797408 1174443.8234254604 207760.69220807706 -2 -2 -2 -2 -2 41493.79988562822 -2 -2 -2 -2 -2 -2 -2 -2 -2 21760.103120776974 172360.553996584 443929.3278161645 0.14922215370646646 0.0 0.0 0.0 374040.33748582564 339856.968981161 -2 -2 320102.2282383296 237068.96916769008 398673.29403952206 408939.2548073281 202646.96771433533 337315.98887852323 254038.23504858892 -2 -2 843503.8708514698
38543.99422276058 -2 -2 -2 -2 -2 -2 -2 -2 -2 -2 -2 -2 39752.11838521653 -2 -2 -2 38857.90063954049 77881.00004667873 157965.7216321649 -2 -2 39778.30063966922 39832.40063967596 -2 -2 -2 -2 -2 -2 -2 120729.72293271012 339090.2766119814 491311.82605791936 697742.9660009404 334143.96605352894 -2 -2 -2 -2 -2 -2 41529.39997886606 -2 -2 -2 -2 -2 -2 -2 -2 -2 -2 -2 -2 -2 1629.804845342659 0.0 1340927.7455626593 107499.16952544397 149948.18567022643 -2 -2 -2 -2 141902.01212083182 188880.62932381954 135407.99995858019 203227.13721446213 254616.01103898603 -2 -2 -2
543361.7180963063 398773.9283368018 -2 -2 -2 -2 -2 -2 -2 -2 -2 -2 -2 -2 -2 -2 74299.49872999226 637432.8934975156 412336.10040751885 -2 -2 -2 -2 37774.331600048135 -2 -2 -2 -2 -2 -2 38693.69931823643 -2 -2 -2 -2 -2 -2 -2 -2 -2 -2 -2 -2 -2 79766.80014411603 -2 -2 -2 -2 -2 -2 -2 -2 -2 -2 -2 682089.9992674919 1309822.0417188667 -2 -2 -2 -2 -2 -2 156416.33319759776 136072.99866399175 203376.86396437546 129495.00087839748 652584.3450155106 140180.34478877758 -2 -2 -2
982443.6879103138 -2 -2 -2 -2 -2 -2 -2 -2 -2 -2 -2 -2 -2 149311.13235626701 -2 409882.8981634881 601835.2436597637 715337.0330033993 342793.27353416494 380692.34742236434 76779.69866185417 -2 -2 -2 38609.29933089334 140943.2417071245 75392.04053240977 -2 -2 38725.63420206608 -2 -2 -2 -2 -2 -2 36067.60658496623 -2 -2 -2 -2 40072.365277571174 -2 -2 -2 -2 -2 -2 -2 -2 -2 -2 -2 -2 -2 155286.11058444667 653476.7006735955 -2 -2 -2 -2 -2 -2 988357.9370797735 858219.3088290724 888097.2329010793 394410.7683391145 -2 -2 -2 -2 -2
1036601.6501299046 -2 -2 -2 -2 -2 -2 -2 -2 -2 -2 -2 -2 73183.90010984514 285842.9939423015 217064.7890701686 216746.2752585115 72837.00018629564 291377.34189703374 476326.858269179 990348.4181378015 664065.0980344822 -2 -2 36993.19942857157 37187.80009316584 111433.10668374391 112087.79078404585 224503.75482119367 -2 75185.00011013787 189169.13774778295 -2 -2 37983.699428401735 -2 -2 -2 -2 -2 -2 -2 -2 -2 -2 -2 -2 -2 -2 -2 -2 -2 -2 -2 -2 -2 524940.9778218666 123731.82317005514 -2 -2 -2 -2 -2 -2 522968.92808958696 1273109.7128225183 1324040.3045081382 184685.19195658204 -2 -2 -2 -2 -2
1256676.6218891065 1256676.6218891065 1005768.6606071928 -2 -2 -2 -2 -2 -2 -2 -2 -2 -2 -2 71799.96935039813 -2 -2 -2 -2 -2 73568.49984757953 -2 -2 -2 -2 -2 -2 -2 -2 37384.82553026344 -2 37976.9356615334 -2 -2 -2 -2 38469.63546720905 -2 -2 -2 -2 -2 -2 -2 -2 -2 -2 -2 -2 -2 -2 -2 -2 -2 -2 -2 384938.75807879714 -2 -2 -2 -2 -2 -2 -2 -2 1134399.9962133272 1329889.8336695344 1245014.7465831488 878596.3206582188 998002.3172044551 544709.1090765761 -2 88726.20102968065
-2 -2 -2 -2 -2 -2 -2 -2 -2 -2 -2 -2 -2 -2 -2 -2 -2 -2 -2 -2 -2 -2 72409.63957911098 270782.18392166024 35734.78187434766 70912.39440457417 36486.49904353491 73306.7980869886 -2 -2 36736.20044009335 73944.7998475928 -2 -2 -2 -2 -2 -2 147207.26257575315 221646.45276354553 -2 -2 -2 -2 -2 -2 -2 -2 -2 -2 -2 -2 -2 -2 -2 -2 724057.0983319024 -2 -2 -2 -2 -2 -2 -2 -2 238358.86383314483 1275379.8170680564 1251250.7192204827 1251427.7068096607 1188281.5052621027 1055970.0940502384 691027.1896011498 541534.611540815
77346.38554612132 -2 -2 -2 -2 -2 -2 -2 -2 -2 -2 -2 -2 -2 -2 -2 -2 -2 -2 -2 -2 33059.266054765634 35767.21450583265 171257.99924430996 144531.64366216265 -2 -2 -2 -2 -2 -2 -2 -2 -2 -2 -2 -2 -2 74415.01099940175 112694.45712938941 -2 -2 -2 -2 -2 -2 -2 -2 -2 -2 -2 -2 -2 -2 -2 -2 338094.46991324134 336768.49006756244 -2 -2 -2 -2 -2 -2.0 -2.0 -2.0 -2 -2 1210199.7286303185 1176824.474797595 1016960.2513303162 391180.106139378 304127.9672849625
-2 -2 -2 -2 -2 -2 -2 -2 -2 -2 -2 -2 -2 -2 -2 -2 -2 -2 -2 69765.82743033176 130796.26495631218 106153.52896391344 178501.3115681764 137282.74387083852 -2 -2 -2 -2 -2 109188.17528488005 -2 -2 -2 -2 -2 -2 -2 -2 220747.17744879637 184855.05686174097 -2 -2 -2 -2 -2 -2 -2 -2 -2 -2 -2 -2 -2 -2 -2 -2 -2 86122.67220075306 300868.9479975811 -2 -2 -2 -2 -2.0 -2.0 -2.0 -2.0 -2 -2 1190609.2111525831 63722.46328002868 1179387.4900617064 786589.042143956
-2 -2 -2 -2 -2 -2 -2 -2 -2 -2 -2 -2 -2 -2 -2 -2 -2 -2 -2 71488.24327075054 28781.23534114838 177763.55769891298 69414.42866536914 72153.86029631541 126465.3642408749 68558.76688494143 35545.11420856467 -2 -2 -2 -2 -2 -2 -2 -2 -2 -2 -2 -2 -2 -2 -2 -2 -2 -2 -2 -2 -2 -2 -2 -2 -2 -2 -2 -2 -2 -2 -2 17689.41743482941 53741.85823433027 697692.8569681261 -2 -2 -2 -2.0 -2.0 -2.0 207983.8952606645 -2 1151372.318135653 -2 32222.67915319258 1184291.2138787338
