critload/trunk/input/1999/a_ag.asc
ncols 720
nrows 360
xllcorner -180
yllcorner -90
cellsize 0.5
NODATA_value -2
[rows 165 to 197 of 360, columns 225 to 299 of 720]
85119.6014875 48702.756897 102113.955744 59573.8966861 25509.9213545 0.0 0.0 84764.6893156 118994.844909 46944.250868 152733.490284 134577.002609 25128.8840003 0.0 0.0 17032.1899414 25545.8701678 51399.7538203 -2.0 -2.0 -2.0 -2.0 -2.0 -2.0 -2.0 -2.0 -2.0 -2.0 -2.0 -2.0 -2.0 -2.0 -2.0 -2.0 -2.0 -2.0 -2.0 -2.0 -2.0 -2.0 -2.0 -2.0 -2.0 -2.0 -2.0 -2.0 -2.0 -2.0 -2.0 -2.0 -2.0 -2.0 -2.0 -2.0 -2.0 -2.0 -2.0 -2.0 -2.0 -2.0 -2.0 -2.0 -2.0 -2.0 -2.0 -2.0 -2.0 -2.0 -2.0 -2.0 -2.0 -2.0 -2.0 -2.0 -2.0
50988.4213133 59644.908142 34071.699524 25570.7706259 0.0 0.0 0.0 42627.3807447 49024.3275987 5950.9235382 0.0 8470.9373474 0.0 0.0 0.0 0.0 17047.6806641 46313.6212817 110117.900002 44662.6603049 -2.0 -2.0 -2.0 -2.0 -2.0 -2.0 -2.0 -2.0 -2.0 -2.0 -2.0 -2.0 -2.0 -2.0 -2.0 -2.0 -2.0 -2.0 -2.0 -2.0 -2.0 -2.0 -2.0 -2.0 -2.0 -2.0 -2.0 -2.0 -2.0 -2.0 -2.0 -2.0 -2.0 -2.0 -2.0 -2.0 -2.0 -2.0 -2.0 -2.0 -2.0 -2.0 -2.0 -2.0 -2.0 -2.0 -2.0 -2.0 -2.0 -2.0 -2.0 -2.0 -2.0 -2.0 -2.0
91842.4607303 25610.5804444 17065.0794983 8531.83975221 0.0 0.0 0.0 8533.23974609 34153.2294152 25611.920166 8535.97030638 0.0 8534.60998537 0.0 0.0 0.0 17069.1497803 34338.0365682 109495.468489 84531.7571944 64562.5191235 -2.0 -2.0 -2.0 -2.0 -2.0 -2.0 -2.0 -2.0 -2.0 -2.0 -2.0 -2.0 -2.0 -2.0 -2.0 -2.0 -2.0 -2.0 -2.0 -2.0 -2.0 -2.0 -2.0 -2.0 -2.0 -2.0 -2.0 -2.0 -2.0 -2.0 -2.0 -2.0 -2.0 -2.0 -2.0 -2.0 -2.0 -2.0 -2.0 -2.0 -2.0 -2.0 -2.0 -2.0 -2.0 -2.0 -2.0 -2.0 -2.0 -2.0 -2.0 -2.0 -2.0 -2.0
25306.5869764 25623.6701965 42712.094879 25629.2619859 8544.97985839 0.0 0.0 25631.1195374 0.0 51256.1904907 0.0 0.0 59798.8119018 0.0 0.0 0.0 0.0 25622.3803568 25624.8595714 34179.9096462 33675.5732132 13408.0700351 1879.17991685 10059.4897175 39447.7056973 5584.57974032 6178.00558566 0.0 -2.0 -2.0 -2.0 -2.0 -2.0 -2.0 -2.0 -2.0 -2.0 -2.0 -2.0 -2.0 -2.0 -2.0 -2.0 -2.0 -2.0 -2.0 -2.0 -2.0 -2.0 -2.0 -2.0 -2.0 -2.0 -2.0 -2.0 -2.0 -2.0 -2.0 -2.0 -2.0 -2.0 -2.0 -2.0 -2.0 -2.0 -2.0 -2.0 -2.0 -2.0 -2.0 -2.0 -2.0 -2.0 -2.0 -2.0
17094.7998047 0.0 8457.80029295 8544.84786988 0.0 0.0 0.0 0.0 0.0 8549.73983766 17105.1094055 0.0 0.0 34196.589829 17106.2189732 0.0 0.0 0.0 8548.57039569 0.0 0.0 0.0 0.0 0.0 0.0 0.0 0.0 0.0 0.0 1186.16996208 -2.0 -2.0 -2.0 -2.0 -2.0 -2.0 -2.0 -2.0 -2.0 -2.0 -2.0 -2.0 -2.0 -2.0 -2.0 -2.0 -2.0 -2.0 -2.0 -2.0 -2.0 -2.0 -2.0 -2.0 -2.0 -2.0 -2.0 -2.0 -2.0 -2.0 -2.0 -2.0 -2.0 -2.0 -2.0 -2.0 -2.0 -2.0 -2.0 -2.0 -2.0 -2.0 -2.0 -2.0 -2.0
0.0 0.0 0.0 0.0 0.0 8558.37020874 17108.3999634 0.0 0.0 0.0 8557.3501587 25676.1097908 85122.2459412 94118.7381043 102689.139965 34137.934874 0.0 0.0 0.0 0.0 0.0 0.0 0.0 0.0 0.0 0.0 0.0 0.0 0.0 0.0 5546.16118341 -2.0 -2.0 -2.0 -2.0 -2.0 -2.0 -2.0 -2.0 -2.0 -2.0 -2.0 -2.0 -2.0 -2.0 -2.0 -2.0 -2.0 -2.0 -2.0 -2.0 -2.0 -2.0 -2.0 -2.0 -2.0 -2.0 -2.0 -2.0 -2.0 -2.0 -2.0 -2.0 -2.0 -2.0 -2.0 -2.0 -2.0 -2.0 -2.0 -2.0 -2.0 -2.0 -2.0 -2.0
8564.96963499 17121.9024658 0.0 25684.8495483 8560.35003661 0.0 0.0 0.0 0.0 0.0 0.0 0.0 51386.2990365 102749.598769 111299.6998 85619.4397859 0.0 0.0 0.0 0.0 0.0 0.0 0.0 0.0 0.0 0.0 0.0 0.0 0.0 0.0 0.0 0.0 0.0 -2.0 -2.0 -2.0 -2.0 -2.0 -2.0 -2.0 -2.0 -2.0 -2.0 -2.0 -2.0 -2.0 -2.0 -2.0 -2.0 -2.0 -2.0 -2.0 -2.0 -2.0 -2.0 -2.0 -2.0 -2.0 -2.0 -2.0 -2.0 -2.0 -2.0 -2.0 -2.0 -2.0 -2.0 -2.0 -2.0 -2.0 -2.0 -2.0 -2.0 -2.0 -2.0
25596.9100952 8569.93026733 0.0 0.0 0.0 0.0 0.0 0.0 0.0 0.0 0.0 17137.5002292 111345.014876 102816.690406 119929.891299 137086.712294 59969.3105381 0.0 0.0 0.0 0.0 0.0 0.0 0.0 0.0 0.0 0.0 0.0 0.0 0.0 0.0 0.0 1354.10397917 -2.0 -2.0 -2.0 -2.0 -2.0 -2.0 -2.0 -2.0 -2.0 -2.0 -2.0 -2.0 -2.0 -2.0 -2.0 -2.0 -2.0 -2.0 -2.0 -2.0 -2.0 -2.0 -2.0 -2.0 -2.0 -2.0 -2.0 -2.0 -2.0 -2.0 -2.0 -2.0 -2.0 -2.0 -2.0 -2.0 -2.0 -2.0 -2.0 -2.0 -2.0 -2.0
0.0 0.0 0.0 8574.23019408 0.0 0.0 0.0 0.0 0.0 0.0 0.0 0.0 128525.416723 111443.562319 120012.79183 93771.7772017 0.0 0.0 0.0 0.0 0.0 0.0 0.0 0.0 0.0 0.0 0.0 0.0 0.0 0.0 0.0 0.0 1714.13993836 -2.0 -2.0 -2.0 -2.0 -2.0 -2.0 -2.0 -2.0 -2.0 -2.0 -2.0 -2.0 -2.0 -2.0 -2.0 -2.0 -2.0 -2.0 -2.0 -2.0 -2.0 -2.0 -2.0 -2.0 -2.0 -2.0 -2.0 -2.0 -2.0 -2.0 -2.0 -2.0 -2.0 -2.0 -2.0 -2.0 -2.0 -2.0 -2.0 -2.0 -2.0 -2.0
0.0 0.0 0.0 0.0 0.0 0.0 8577.87984492 0.0 0.0 0.0 0.0 6860.91171981 77077.4321672 124696.269944 77189.1314971 120068.011658 111492.643203 0.0 0.0 0.0 0.0 0.0 0.0 0.0 0.0 0.0 0.0 0.0 0.0 0.0 0.0 0.0 0.0 1143.71004105 -2.0 -2.0 -2.0 -2.0 -2.0 -2.0 -2.0 -2.0 -2.0 -2.0 -2.0 -2.0 -2.0 -2.0 -2.0 -2.0 -2.0 -2.0 -2.0 -2.0 -2.0 -2.0 -2.0 -2.0 -2.0 -2.0 -2.0 -2.0 -2.0 -2.0 -2.0 -2.0 -2.0 -2.0 -2.0 -2.0 -2.0 -2.0 -2.0 -2.0 -2.0
0.0 0.0 0.0 0.0 0.0 0.0 0.0 0.0 0.0 0.0 0.0 0.0 25738.3104934 17073.9532526 17157.3794628 102950.350335 34315.790225 0.0 0.0 0.0 0.0 0.0 0.0 58327.707978 0.0 0.0 0.0 0.0 0.0 0.0 0.0 0.0 0.0 15547.3921443 -2 -2.0 -2.0 -2.0 -2.0 -2.0 -2.0 -2.0 -2.0 -2.0 -2.0 -2.0 -2.0 -2.0 -2.0 -2.0 -2.0 -2.0 -2.0 -2.0 -2.0 -2.0 -2.0 -2.0 -2.0 -2.0 -2.0 -2.0 -2.0 -2.0 -2.0 -2.0 -2.0 -2.0 -2.0 -2.0 -2.0 -2.0 -2.0 -2.0 -2.0
0.0 0.0 0.0 0.0 0.0 0.0 0.0 0.0 0.0 0.0 0.0 0.0 16695.5458933 0.0 0.0 0.0 0.0 0.0 0.0 0.0 0.0 0.0 17165.0088608 149308.891843 0.0 0.0 0.0 0.0 0.0 0.0 0.0 0.0 8581.72988893 14836.1343407 2830.15013337 -2.0 -2.0 -2.0 -2.0 -2.0 -2.0 -2.0 -2.0 -2.0 -2.0 -2.0 -2.0 -2.0 -2.0 -2.0 -2.0 -2.0 -2.0 -2.0 -2.0 -2.0 -2.0 -2.0 -2.0 -2.0 -2.0 -2.0 -2.0 -2.0 -2.0 -2.0 -2.0 -2.0 -2.0 -2.0 -2.0 -2.0 -2.0 -2.0 -2.0
0.0 0.0 8584.14993284 17167.1005249 0.0 0.0 0.0 0.0 0.0 0.0 6867.73626207 0.0 6867.7360058 8583.86001585 0.0 0.0 0.0 0.0 0.0 0.0 0.0 0.0 17167.4099952 42919.5300464 0.0 0.0 0.0 0.0 0.0 0.0 0.0 0.0 8584.4200593 34125.3206641 13565.790045 0.0 -2.0 -2.0 -2.0 -2.0 -2.0 -2.0 -2.0 -2.0 -2.0 -2.0 -2.0 -2.0 -2.0 -2.0 -2.0 -2.0 -2.0 -2.0 -2.0 -2.0 -2.0 -2.0 -2.0 -2.0 -2.0 -2.0 -2.0 -2.0 -2.0 -2.0 -2.0 -2.0 -2.0 -2.0 -2.0 -2.0 -2.0 -2.0 -2.0
0.0 0.0 8585.51025392 0.0 0.0 0.0 0.0 0.0 0.0 0.0 0.0 0.0 0.0 0.0 0.0 8547.57294762 0.0 0.0 0.0 0.0 0.0 0.0 0.0 17170.2606306 0.0 0.0 0.0 0.0 0.0 0.0 0.0 0.0 17149.6690062 8561.7942861 2968.23594381 -2 -2.0 -2.0 -2.0 -2.0 -2.0 -2.0 -2.0 -2.0 -2.0 -2.0 -2.0 -2.0 -2.0 -2.0 -2.0 -2.0 -2.0 -2.0 -2.0 -2.0 -2.0 -2.0 -2.0 -2.0 -2.0 -2.0 -2.0 -2.0 -2.0 -2.0 -2.0 -2.0 -2.0 -2.0 -2.0 -2.0 -2.0 -2.0 -2.0
0.0 0.0 0.0 0.0 0.0 0.0 0.0 0.0 0.0 0.0 8586.21978759 0.0 8586.0496521 0.0 0.0 0.0 0.0 0.0 0.0 0.0 0.0 0.0 0.0 0.0 0.0 0.0 0.0 0.0 0.0 0.0 0.0 0.0 35196.1839078 19072.1818614 0.0 -2 -2 -2.0 -2.0 -2.0 -2.0 -2.0 -2.0 -2.0 -2.0 -2.0 -2.0 -2.0 -2.0 -2.0 -2.0 -2.0 -2.0 -2.0 -2.0 -2.0 -2.0 -2.0 -2.0 -2.0 -2.0 -2.0 -2.0 -2.0 -2.0 -2.0 -2.0 -2.0 -2.0 -2.0 -2.0 -2.0 -2.0 -2.0 -2.0
7127.90223389 0.0 0.0 0.0 8080.34450771 0.0 0.0 0.0 0.0 0.0 0.0 0.0 0.0 0.0 0.0 0.0 0.0 0.0 8586.21978759 0.0 0.0 0.0 0.0 0.0 0.0 0.0 0.0 0.0 0.0 0.0 0.0 6868.91980645 24039.0430973 25658.357612 28159.099102 26230.0300168 30740.7998346 25745.5347033 0.0 -2.0 -2.0 -2.0 -2.0 -2.0 -2.0 -2.0 -2.0 -2.0 -2.0 -2.0 -2.0 -2.0 -2.0 -2.0 -2.0 -2.0 -2.0 -2.0 -2.0 -2.0 -2.0 -2.0 -2.0 -2.0 -2.0 -2.0 -2.0 -2.0 -2.0 -2.0 -2.0 -2.0 -2.0 -2.0 -2.0
0.0 0.0 0.0 0.0 0.0 0.0 0.0 0.0 0.0 6722.25494383 0.0 0.0 0.0 0.0 0.0 0.0 0.0 0.0 0.0 0.0 0.0 0.0 0.0 0.0 0.0 0.0 0.0 0.0 8585.13003201 17170.9996081 0.0 13815.5448914 12692.9466248 28703.9024804 17171.2799072 17171.4897156 34314.912964 57746.6778079 58450.5116809 74138.4161972 73201.8504848 33901.1921457 0.0 -2.0 -2.0 -2.0 -2.0 -2.0 -2.0 -2.0 -2.0 -2.0 -2.0 -2.0 -2.0 -2.0 -2.0 -2.0 -2.0 -2.0 -2.0 -2.0 -2.0 -2.0 -2.0 -2.0 -2.0 -2.0 -2.0 -2.0 -2.0 -2.0 -2.0 -2.0 -2.0
0.0 0.0 0.0 0.0 0.0 0.0 0.0 0.0 0.0 0.0 1526.07002258 3664.97564317 0.0 0.0 0.0 0.0 0.0 0.0 0.0 0.0 0.0 0.0 0.0 0.0 8584.42001341 17167.7203661 15450.3900951 15450.3907239 8584.42001344 8584.67025758 11650.9874778 15069.1299439 16214.5805359 25740.5296523 17169.5800781 25753.730011 42867.3509653 27763.9664218 106546.226861 156766.000069 194095.126692 91388.882205 64875.9604916 0.0 0.0 -2.0 -2.0 -2.0 -2.0 -2.0 -2.0 -2.0 -2.0 -2.0 -2.0 -2.0 -2.0 -2.0 -2.0 -2.0 -2.0 -2.0 -2.0 -2.0 -2.0 -2.0 -2.0 -2.0 -2.0 -2.0 -2.0 -2.0 -2.0 -2.0 -2.0
0.0 0.0 0.0 0.0 8489.61715698 0.0 0.0 0.0 0.0 0.0 0.0 0.0 0.0 0.0 0.0 0.0 0.0 0.0 0.0 0.0 0.0 0.0 15287.3903545 23147.713936 48856.2126289 41597.0384732 38851.7856056 41161.4060642 18083.3315092 29466.5165631 20852.1970224 7735.18946796 6357.09991454 6273.41077208 11739.7011796 13111.4480389 10467.0668849 76918.685789 56283.3594202 81887.3870739 115700.057257 111282.174841 94252.6112202 58178.7857365 0.0 34884.8117623 -2.0 -2.0 -2.0 -2.0 -2.0 -2.0 -2.0 -2.0 -2.0 -2.0 -2.0 -2.0 -2.0 -2.0 -2.0 -2.0 -2.0 -2.0 -2.0 -2.0 -2.0 -2.0 -2.0 -2.0 -2.0 -2.0 -2.0 -2.0 -2.0
0.0 0.0 0.0 0.0 0.0 0.0 0.0 0.0 0.0 0.0 0.0 0.0 0.0 0.0 0.0 0.0 0.0 0.0 0.0 0.0 6248.87008668 19773.1265631 23172.0834758 17086.7699808 17026.0943035 16377.7997676 29617.6397556 16179.7208011 0.0 0.0 3177.71906763 0.0 8579.46014404 16682.3094997 17159.4100952 48480.8074727 27100.5646482 23963.0107722 49562.7351128 57980.9168721 75277.5792481 42815.0877097 51062.1005101 104249.080325 96296.212196 42322.31303 12856.0160317 0.0 9115.62359839 -2.0 -2.0 -2.0 -2.0 -2.0 -2.0 -2.0 -2.0 -2.0 -2.0 -2.0 -2.0 -2.0 -2.0 -2.0 -2.0 -2.0 -2.0 -2.0 -2.0 -2.0 -2.0 -2.0 -2.0 -2.0 -2.0
0.0 0.0 8392.61986703 0.0 0.0 0.0 0.0 0.0 0.0 0.0 0.0 0.0 0.0 5495.24984359 7897.28855087 8151.42974853 0.0 0.0 6688.86585235 15694.5085216 13707.0700663 13674.6497475 8574.89013672 0.0 2646.87005137 58635.0083872 14774.6033272 0.0 0.0 0.0 21703.440381 11096.4696655 8574.89013673 8576.74026488 17152.7702332 37541.3144037 34202.1352669 39348.2564164 41093.7456268 32562.2769088 41935.2736192 8577.88009645 17049.3103027 66706.553817 73905.4105924 53925.4961034 66517.4870914 108385.732231 111360.641635 80941.855526 79185.1673969 68226.0102024 39543.3780693 82467.0712122 99945.9848359 31417.3759181 -2.0 -2.0 -2.0 -2.0 -2.0 -2.0 -2.0 -2.0 -2.0 -2.0 -2.0 -2.0 -2.0 -2.0 -2.0 -2.0 -2.0 -2.0 -2.0
0.0 0.0 0.0 0.0 0.0 11186.4162445 0.0 0.0 0.0 0.0 0.0 0.0 0.0 14971.152101 32823.7189919 12288.9056539 6239.78233337 6083.28734599 15321.9478107 5864.04590279 0.0 0.0 0.0 0.0 4063.54999543 0.0 0.0 0.0 17121.2436515 58181.9276563 58101.9062463 25709.7216868 8570.69018245 0.0 8560.89096068 34220.2943823 17108.4934908 30699.4044655 17066.2314927 51437.8508176 58293.5731604 24004.1499341 32453.915008 66519.5925749 61966.5001035 77889.8537473 117364.931777 76776.2818109 109420.225167 128267.743747 109901.083709 65313.0748766 112735.493953 145255.35966 144763.768769 208869.389301 139584.211612 0.0 -2.0 -2.0 -2.0 -2.0 -2.0 -2.0 -2.0 -2.0 -2.0 -2.0 -2.0 -2.0 -2.0 -2.0 -2.0 -2.0 -2.0
0.0 0.0 0.0 0.0 0.0 0.0 0.0 0.0 0.0 0.0 0.0 0.0 5326.17530824 7415.55938721 6325.35461299 0.0 16264.9725003 0.0 0.0 0.0 0.0 0.0 0.0 0.0 17039.8596349 8542.96337845 16866.5847683 25625.0352812 17126.045022 23978.1305313 0.0 8252.52990721 8531.31584586 25700.9296805 17132.5499213 63700.1442797 47810.8290687 8569.93018448 8557.02390728 51355.6204394 47983.7752701 8568.34974945 32389.9756396 66399.9457277 100876.757787 74181.0146543 88669.0223446 59693.2717135 85078.9957295 76838.9040451 33899.0267468 49490.3704235 72983.3256864 113978.728251 130339.219392 66506.7672279 163187.503526 117552.765158 31047.4631603 -2.0 -2.0 -2.0 -2.0 -2.0 -2.0 -2.0 -2.0 -2.0 -2.0 -2.0 -2.0 -2.0 -2.0 -2.0 -2.0
0.0 0.0 0.0 0.0 0.0 0.0 0.0 0.0 7799.41842703 0.0 0.0 0.0 0.0 0.0 0.0 7695.02871275 0.0 0.0 0.0 0.0 0.0 8564.969635 47270.5498193 27409.9020782 17128.1802281 8552.78280555 0.0 8348.97994996 0.0 0.0 0.0 0.0 8562.24975585 34248.0495661 66779.4869985 25559.8665255 47885.2258976 17091.7639935 32509.9307549 71629.4154445 49654.6988761 41047.8580534 64803.140191 83653.9335852 110679.218711 101381.281935 50748.1434853 50534.1893969 25273.0048298 17012.8215748 68267.4922218 67811.0800881 59660.2365044 150405.617355 109736.415715 51337.8974915 74779.7775051 123389.015232 160206.178926 36184.2328489 -2.0 -2.0 -2.0 -2.0 -2.0 -2.0 -2.0 -2.0 -2.0 -2.0 -2.0 -2.0 -2.0 -2.0 -2.0
0.0 8268.30695688 0.0 0.0 0.0 0.0 0.0 0.0 0.0 0.0 0.0 0.0 0.0 0.0 0.0 0.0 0.0 0.0 0.0 0.0 8555.2696228 6550.01983642 7184.79995727 0.0 0.0 0.0 0.0 0.0 0.0 5704.23011779 8555.2696228 8555.2696228 8556.32019043 0.0 0.0 37575.6292212 72334.3492821 51330.4696131 66541.9848596 59632.3145103 73094.7623334 34202.850045 32412.3834738 39352.0850814 57983.0785599 84647.8450312 42428.1892636 66562.781701 49304.5911159 50991.984457 76496.206099 51248.5139162 66649.3518127 96954.1945486 58177.9896816 71841.5781214 115939.643324 76322.0708977 83306.2765417 159927.312984 89931.13525 0.0 -2.0 -2.0 -2.0 -2.0 -2.0 -2.0 -2.0 -2.0 -2.0 -2.0 -2.0 -2.0 -2.0
0.0 0.0 0.0 0.0 0.0 0.0 0.0 0.0 0.0 0.0 0.0 0.0 0.0 0.0 6755.13742298 0.0 0.0 0.0 0.0 0.0 0.0 0.0 0.0 0.0 0.0 0.0 8445.32012938 0.0 17102.8793335 8549.73983764 0.0 0.0 0.0 17101.7592359 41023.1439776 51259.444351 105820.778193 122625.270523 116014.998086 159961.419533 91473.2359274 75105.8700862 73473.8864267 59778.5752457 59730.0712362 76701.6852275 50698.7527817 8551.99992732 25617.6993557 47820.7609297 74958.1043824 64902.3818045 56419.477884 83211.2730366 104273.638219 112535.117206 107298.032286 73529.171971 122213.7976 81680.3819499 150569.666608 68938.9387357 54644.7433069 172887.719757 21069.2816251 -2.0 -2.0 -2.0 -2.0 -2.0 -2.0 -2.0 -2.0 -2.0 -2.0
0.0 0.0 0.0 0.0 0.0 0.0 0.0 0.0 0.0 0.0 0.0 0.0 6683.80970536 0.0 0.0 0.0 0.0 0.0 0.0 0.0 0.0 0.0 0.0 0.0 0.0 0.0 0.0 0.0 0.0 0.0 0.0 0.0 8541.22994841 0.0 58076.1982196 98910.9740007 92214.8187876 90303.0190367 114737.60729 150012.334456 135532.829169 93973.671054 93926.4155591 87136.7429674 56262.4998663 49483.3030048 23823.7765985 23847.3785967 42626.8138064 33817.4363333 47800.6203687 32441.9241237 49532.9738806 68044.9112048 51146.2452414 74711.4431276 90272.2460887 76807.9286815 66501.799886 110678.029723 93961.0522005 76042.331264 68240.1925101 212232.258636 143942.783556 -2.0 -2.0 -2.0 -2.0 -2.0 -2.0 -2.0 -2.0 -2.0 -2.0
0.0 0.0 0.0 0.0 0.0 0.0 0.0 0.0 0.0 0.0 0.0 0.0 0.0 0.0 0.0 0.0 0.0 0.0 0.0 0.0 0.0 0.0 0.0 8537.31002809 0.0 0.0 0.0 0.0 0.0 5269.95030089 17067.8494489 34127.3587078 40907.1290535 17074.6200561 34116.9277137 90220.0797425 93667.9852033 123780.355287 119345.217153 153440.657852 140490.089383 59731.218308 98991.4456967 54624.0246028 56325.7136241 49502.5114092 25499.3685602 34099.4219127 71703.122623 34071.2183229 54501.298117 45930.4814687 34143.8301086 59762.4808543 68291.6897196 97207.4689668 143508.012084 97607.2598854 143702.634407 142755.669933 142361.892672 84827.3378809 109782.287674 157510.527961 234044.229898 0.0 -2.0 -2.0 -2.0 -2.0 -2.0 -2.0 -2.0 -2.0 -2.0
0.0 0.0 0.0 0.0 0.0 0.0 8426.322937 0.0 0.0 0.0 0.0 0.0 0.0 0.0 0.0 0.0 0.0 0.0 0.0 8524.59058046 0.0 0.0 0.0 0.0 6795.33401489 0.0 8524.59030151 0.0 0.0 0.0 16946.9001126 67784.8587263 86561.1806118 59688.0392641 119298.674449 85244.2457852 95305.7310137 133621.322215 127808.877954 178922.394545 96767.7196483 93815.9292057 83569.0834274 64800.9564444 63079.2578165 51144.53193 57752.1347397 45111.0209432 50750.1365675 51115.6036192 61254.1470933 66240.666686 47623.6507489 42649.2701805 68099.6014435 110577.254373 186555.702747 141772.614944 162442.920084 168296.182545 134524.311699 102177.255163 161627.641942 250431.451866 269119.661759 0.0 -2.0 -2.0 -2.0 -2.0 -2.0 -2.0 -2.0 -2.0 -2.0
0.0 0.0 0.0 0.0 0.0 8182.16850161 0.0 0.0 0.0 0.0 0.0 0.0 0.0 0.0 0.0 0.0 0.0 0.0 0.0 25553.8301748 0.0 0.0 0.0 0.0 8387.50388025 8515.2999878 0.0 0.0 0.0 0.0 0.0 8520.02029419 8521.55998111 34086.239512 68093.3501489 83319.6325284 85007.077039 119055.653717 143801.458501 138244.283217 74435.7127638 68133.1618913 74954.007591 102197.611227 110725.670389 86893.8017458 46004.931867 59617.7287288 85058.3946181 64717.2961427 47516.0921264 25372.6623213 41844.120699 42499.6540884 105413.374964 84925.6369034 155999.508445 167926.06528 208823.498636 134364.393153 158475.907141 144607.777809 203476.779675 293670.395817 293491.441154 102651.568143 -2.0 -2.0 -2.0 -2.0 -2.0 -2.0 -2.0 -2.0 -2.0
0.0 8407.4119568 0.0 0.0 0.0 0.0 0.0 0.0 8094.55106257 0.0 0.0 0.0 0.0 0.0 0.0 0.0 0.0 0.0 0.0 0.0 0.0 0.0 0.0 0.0 8507.05978842 0.0 0.0 0.0 0.0 0.0 0.0 17001.7930825 17020.8206177 49346.7567103 68043.0707807 91864.8518702 80339.8593124 134351.917173 176908.2697 195592.959977 117366.7959 83362.5704977 67834.6438071 68061.3199579 34043.2096823 17020.7899871 30626.5985267 45955.0546576 61235.6746197 34034.9512654 25507.1319272 32248.518894 33994.3546418 50913.4191425 115136.131563 136129.512172 140351.492418 149476.454267 129094.003888 118148.927066 195520.396503 170116.16238 192632.017999 282933.805353 271569.140769 78564.6005867 -2.0 -2.0 -2.0 -2.0 -2.0 -2.0 -2.0 -2.0 -2.0
0.0 0.0 0.0 0.0 0.0 0.0 0.0 0.0 0.0 0.0 0.0 15275.5569506 0.0 0.0 0.0 0.0 0.0 0.0 0.0 0.0 0.0 8498.37017058 8494.76016589 0.0 15298.0899585 0.0 0.0 0.0 0.0 0.0 16996.7403835 8496.56982423 16993.1398957 40794.8281288 101124.57515 101899.361568 107266.755653 106994.969005 198275.525408 180146.18599 173347.613261 125766.625894 50984.7509952 42497.0797771 23783.8613576 32292.276535 45889.624549 52664.626405 33929.5049177 33978.0727181 33879.4943262 25471.7514441 33902.3869911 59479.5408755 76468.8989918 84968.9993392 110097.286687 102001.530074 110473.139986 127399.372272 134892.618842 155083.300983 252106.688846 280516.834812 292279.328853 11363.3625012 -2.0 -2.0 -2.0 -2.0 -2.0 -2.0 -2.0 -2.0 -2.0
8258.02883326 0.0 0.0 0.0 0.0 0.0 6282.66407012 86152.2608094 24502.3707709 0.0 0.0 42423.3136146 0.0 0.0 0.0 0.0 0.0 0.0 0.0 8491.08934703 0.0 0.0 0.0 0.0 0.0 8483.52938621 0.0 0.0 0.0 0.0 6408.27026367 8483.53006956 8481.59047495 40736.8233158 49232.5224888 122721.971253 139123.619225 135617.183641 150866.946676 171432.389638 174818.227099 91647.0313534 66186.202697 33956.8495915 33958.7799596 32237.383829 45808.2517577 32243.0841841 32222.3099374 67799.1322169 33935.9405518 33930.2398683 93343.439334 84869.280246 76408.6205188 101644.930802 126722.868179 100401.270652 118321.082916 76372.5300405 199810.986153 202530.168016 207352.508375 242115.001809 210503.415534 -2 -2.0 -2.0 -2.0 -2.0 -2.0 -2.0 -2.0 -2.0 -2.0
