critload/trunk/input/1999/a_ag.asc
ncols 720
nrows 360
xllcorner -180
yllcorner -90
cellsize 0.5
NODATA_value -2
[rows 96 to 127 of 360, columns 576 to 647 of 720]
153765.95535253713 159949.10850514297 160225.77590911064 159961.30676256176 153131.77566399067 153721.74771562248 201222.07011697456 198093.63276943268 207102.8407899886 198268.4302169129 209668.51788205688 202250.7533418461 197162.2585079174 204107.47060010888 195227.1713728051 182581.03856002697 163523.40171208573 64445.245583384385 42896.25057182474 53584.63636351686 231155.0 164167.91907536832 231155.0 231155.0 231155.0 231155.0 231155.0 231155.0 51888.748558431704 48012.93144705173 231155.0 231155.0 231155.0 44735.220010449506 58648.12957144647 231155.0 62671.71978988509 43658.68355085451 63377.847524584715 231155.0 33496.00765042993 48.791918847427546 2.786782891 218.2344941775823 -2.0 -2.0 -2.0 -2.0 -2.0 -2.0 -2.0 -2.0 -2.0 -2.0 -2.0 -2.0 -2.0 -2.0 -2.0 -2.0 -2.0 -2.0 -2.0 0.0 0.0 108977.0 0.0 -2.0 -2.0 -2.0 -2.0 -2.0
232946.0 117500.25513152058 151802.62391930315 167446.65989694538 172215.71900341412 213707.7848469399 202755.30332628338 214252.24437252167 217030.26613416654 200257.23734776198 195034.45719496818 205498.17812042593 195815.66917454044 175811.2051580611 156693.61180137945 232946.0 48246.73488183861 40618.58985601167 32480.401278010166 232946.0 53346.92799703813 232946.0 232946.0 232946.0 232946.0 232946.0 232946.0 232946.0 232946.0 232946.0 232946.0 232946.0 59730.363880460565 47864.88248380517 52941.741937426596 37449.126460610096 27200.18249418969 0.0 0.0 0.0 11208.053525101019 0.0 2.77601132824 130.8025014865562 -2.0 -2.0 -2.0 -2.0 -2.0 -2.0 -2.0 -2.0 -2.0 -2.0 -2.0 -2.0 -2.0 -2.0 -2.0 -2.0 -2.0 -2.0 -2.0 -2.0 0.0 0.0 90565.5 -2.0 -2.0 -2.0 -2.0 -2.0
58491.572755057794 234720.0 131375.84783373147 151220.6173206622 190525.43152897706 167427.09794216792 234720.0 234720.0 194597.5510638419 188147.12153760946 192055.79316245878 203941.11568745362 234720.0 234720.0 234720.0 234720.0 45342.084614027866 36568.110383219275 60767.441374975584 53026.9713255539 234720.0 234720.0 234720.0 234720.0 234720.0 182446.0 39005.5 14544.037340207406 195510.0 234720.0 36017.665509135804 42954.515891605195 48893.47618496578 75957.93262661117 24733.14900657592 9995.22523573254 0.0 1.81056950484 0.0 0.0 0.0 72.52497992013659 2203.071684792026 0.0 -2.0 -2.0 -2.0 -2.0 -2.0 -2.0 -2.0 -2.0 -2.0 -2.0 -2.0 -2.0 -2.0 -2.0 -2.0 -2.0 -2.0 -2.0 -2.0 0.0 189182.0 208714.0 163094.0 6540.410000000001 -2.0 -2.0 -2.0 -2.0
149101.49040247189 163870.0103762192 177096.5012439025 226724.71108912953 196671.91225226267 236476.0 160029.31369587584 207075.49663842257 206920.08121723455 204317.53122632712 164589.76473871132 171057.69221618449 168745.18842033276 236476.0 236476.0 236476.0 236476.0 236476.0 236476.0 236476.0 236476.0 236476.0 236476.0 236476.0 164046.0 13105.2 -2.0 0.0 190580.0 47675.76392981891 48143.12436986848 236476.0 229887.0 14329.839146562257 4411.484864481631 56.36601970616006 2.025975536260557 0.0 71.95444166631596 170.84477190576283 543.1222831369998 337.3339767166639 -2.0 -2.0 -2.0 -2.0 -2.0 -2.0 -2.0 -2.0 -2.0 -2.0 -2.0 -2.0 -2.0 -2.0 -2.0 -2.0 -2.0 -2.0 -2.0 -2.0 -2.0 26275.100000000002 236476.0 236476.0 236476.0 118311.0 -2.0 -2.0 -2.0 -2.0
164985.84365826586 171722.95851879177 226911.92003182703 210480.87612908825 227718.96397366782 225862.6876958955 223288.89873216616 186622.09927507048 238214.0 238214.0 238214.0 238214.0 238214.0 238214.0 45008.857876990805 238214.0 238214.0 238214.0 238214.0 238214.0 238214.0 238214.0 191803.0 39606.200000000004 -2.0 -2.0 26540.2 152590.42657701214 238214.0 218303.0 132141.0 85825.6 0.0 152028.0 205037.0 231585.0 221.78171537382443 0.0 700.2453415670266 1636.0912217402179 -2.0 -2.0 -2.0 -2.0 -2.0 -2.0 -2.0 -2.0 -2.0 -2.0 -2.0 -2.0 -2.0 -2.0 -2.0 -2.0 -2.0 -2.0 -2.0 -2.0 -2.0 -2.0 -2.0 26396.100000000002 238214.0 0.0 238214.0 0.0 -2.0 -2.0 -2.0 -2.0
166311.18593774573 223058.12934951595 232319.55726313015 228535.64026227206 239934.0 173552.28591399503 194296.33196982616 160158.8748144349 239934.0 239934.0 239934.0 239934.0 239934.0 239934.0 239934.0 239934.0 239934.0 239934.0 239934.0 199850.0 186473.0 166443.0 53215.700000000004 -2.0 -2.0 -2.0 6645.01 173254.0 99810.1 -2.0 -2.0 -2.0 -2.0 -2.0 60042.9 239934.0 696.8564558498504 0.0 480.6217303508218 46768.600000000006 -2.0 -2.0 -2.0 -2.0 -2.0 -2.0 -2.0 -2.0 -2.0 -2.0 -2.0 -2.0 -2.0 -2.0 -2.0 -2.0 -2.0 -2.0 -2.0 -2.0 -2.0 -2.0 -2.0 60035.0 239934.0 239934.0 239934.0 0.0 -2.0 -2.0 -2.0 -2.0
231552.836988942 209977.2968428659 221804.4563998072 189425.89279208993 197973.08388328884 164415.44543252012 163938.67623346375 241636.0 241636.0 241636.0 241636.0 63251.80770630967 241636.0 173288.6108135268 241636.0 241636.0 241636.0 241636.0 241636.0 60357.9 -2.0 -2.0 -2.0 -2.0 -2.0 -2.0 60287.4 26785.7 -2.0 -2.0 -2.0 -2.0 -2.0 -2.0 147705.0 214811.0 331.66021272429793 125.17383316848364 82.73944659051779 141.84365310861057 1813.2471610898326 -2.0 -2.0 -2.0 -2.0 -2.0 -2.0 -2.0 -2.0 -2.0 -2.0 -2.0 -2.0 -2.0 -2.0 -2.0 -2.0 -2.0 -2.0 -2.0 -2.0 -2.0 -2.0 167893.0 241636.0 241636.0 241636.0 0.0 -2.0 -2.0 -2.0 -2.0
238723.47440767338 242347.36786374988 192210.7896085236 188659.30575151372 172225.29417168864 243319.0 243319.0 243319.0 243319.0 243319.0 243319.0 243319.0 243319.0 243319.0 243319.0 243319.0 243319.0 243319.0 243319.0 189356.0 13556.400000000001 6778.200000000001 -2.0 -2.0 -2.0 -2.0 -2.0 -2.0 -2.0 -2.0 -2.0 -2.0 -2.0 60810.4 236540.0 562.7879797640301 3228.26906521603 1541.4073908538105 47.43289717398336 0.0 93.30337998739873 54140.5 -2.0 -2.0 -2.0 -2.0 -2.0 -2.0 -2.0 -2.0 -2.0 -2.0 -2.0 -2.0 -2.0 -2.0 -2.0 -2.0 -2.0 -2.0 0.0 0.0 54140.5 0.0 243319.0 229770.0 74180.6 -2.0 -2.0 -2.0 -2.0 -2.0
230976.16882142276 210443.62856514004 191867.9629569167 167202.23446925363 230263.66253902137 207722.90680469523 244983.0 77811.03088548416 244983.0 244983.0 244983.0 244983.0 244983.0 244983.0 244983.0 244983.0 244983.0 244983.0 244983.0 244983.0 224602.0 151133.09178725848 -2.0 -2.0 47731.4 143102.0 40937.700000000004 -2.0 -2.0 -2.0 -2.0 -2.0 -2.0 -2.0 67905.2 54310.3 88309.0 190473.0 943.6593330537795 0.0 0.0 574.890184254753 1609.0062653945383 -2.0 -2.0 -2 -2.0 -2.0 -2.0 -2.0 -2.0 -2.0 -2.0 -2.0 -2.0 -2.0 -2.0 -2.0 -2.0 -2.0 0.0 102165.0 244983.0 244983.0 244983.0 231404.0 -2.0 -2.0 -2.0 -2.0 -2.0 -2.0
246629.0 185950.43495714478 162804.86929042073 246629.0 217261.906316602 171127.85096734285 246629.0 246629.0 246629.0 246629.0 246629.0 246629.0 246629.0 246629.0 246629.0 246629.0 246629.0 246629.0 246629.0 246629.0 246629.0 232958.0 96100.70000000001 109787.0 239797.0 246629.0 239797.0 35557.88887241167 19356.898560523085 20076.68846050067 -2.0 -2.0 -2.0 -2.0 -2.0 -2.0 -2.0 136993.0 1991.633940813897 2438.049830872173 87.94028671498046 0.0 1983.293286151277 -2.0 -2.0 -2.0 -2.0 -2.0 -2.0 -2.0 -2.0 -2.0 -2.0 -2.0 -2.0 -2.0 -2.0 102819.0 0.0 13739.5 116649.0 239797.0 0.0 246629.0 246629.0 246629.0 -2.0 -2.0 -2.0 -2.0 -2.0 -2.0
203308.06356037277 195321.57512592938 174948.338085634 170217.7143782713 248256.0 248256.0 248256.0 248256.0 66407.12722915935 248256.0 248256.0 248256.0 248256.0 248256.0 248256.0 248256.0 248256.0 248256.0 248256.0 248256.0 248256.0 248256.0 248256.0 248256.0 248256.0 241342.0 158440.0 68817.7 61917.9 -2.0 -2.0 -2.0 -2.0 -2.0 -2.0 -2.0 89569.6 213870.0 2031.712896009883 78.3449134044196 192.91065151830162 216.48477254862203 2283.240129116595 -2.0 -2.0 -2.0 -2.0 -2.0 -2.0 -2.0 -2.0 -2.0 -2.0 -2.0 -2.0 -2.0 -2.0 172479.0 158777.0 248256.0 248256.0 0.0 248256.0 248256.0 248256.0 130946.0 -2.0 -2.0 -2.0 -2.0 -2.0 -2.0
185380.10938274438 92375.39792259196 249865.0 83704.7466253175 249865.0 249865.0 249865.0 249865.0 249865.0 249865.0 249865.0 249865.0 249865.0 249865.0 249865.0 249865.0 249865.0 249865.0 249865.0 249865.0 249865.0 249865.0 249865.0 249865.0 180332.0 16639.02805230485 -2.0 -2.0 -2.0 -2.0 -2.0 -2.0 -2.0 -2.0 -2.0 -2.0 77.102738720797 1639.3489902510955 2418.406119345203 0.0 333.75244703298483 1041.9031811050636 4012.161702169321 0.0 -2.0 -2.0 -2.0 -2.0 -2.0 -2.0 0.0 -2.0 -2.0 -2.0 -2.0 -2.0 159780.0 249865.0 0.0 249865.0 249865.0 249865.0 249865.0 249865.0 249865.0 48603.3 -2.0 -2.0 -2.0 -2.0 -2.0 -2.0
193566.88318165255 86406.28605128988 251454.0 251454.0 85786.07979812472 251454.0 251454.0 251454.0 251454.0 251454.0 251454.0 251454.0 251454.0 251454.0 251454.0 251454.0 251454.0 251454.0 251454.0 63322.34697619388 251454.0 251454.0 251454.0 38806.86994606319 20147.164452168607 -2.0 -2.0 -2.0 -2.0 -2.0 -2.0 -2.0 -2.0 -2.0 -2.0 -2.0 -2.0 216577.0 185.3788963696094 0.0 316.09020626310917 233.95814029171794 2932.8120317527887 0.0 -2.0 -2.0 -2.0 -2.0 -2.0 0.0 21009.3 0.0 56010.200000000004 83993.40000000001 90960.0 0.0 237484.0 0.0 0.0 251454.0 0.0 251454.0 251454.0 209457.0 230452.0 76771.1 -2.0 -2.0 -2.0 -2.0 -2.0 -2.0
253024.0 86597.48540554782 253024.0 253024.0 253024.0 253024.0 253024.0 75966.50266091006 253024.0 253024.0 253024.0 253024.0 253024.0 253024.0 253024.0 253024.0 253024.0 253024.0 253024.0 253024.0 253024.0 253024.0 217813.0 14028.0 -2.0 -2.0 -2.0 -2.0 -2.0 -2.0 -2.0 -2.0 -2.0 -2.0 -2.0 -2.0 77331.0 606.321306525102 38.313203680140994 2.78490364594 1529.962631218836 1629.8420977664998 4119.410478551975 -2.0 -2.0 -2.0 -2.0 -2.0 49296.600000000006 217943.0 253024.0 253024.0 253024.0 0.0 0.0 253024.0 253024.0 238931.0 253024.0 0.0 0.0 210767.0 133392.0 112426.0 154503.0 -2.0 -2.0 -2.0 -2.0 -2.0 -2.0 -2.0
254575.0 254575.0 254575.0 254575.0 254575.0 254575.0 254575.0 254575.0 254575.0 254575.0 254575.0 254575.0 254575.0 254575.0 254575.0 254575.0 254575.0 254575.0 254575.0 254575.0 254575.0 254575.0 183967.0 0.0 -2.0 -2.0 -2.0 -2.0 -2.0 -2.0 -2.0 -2.0 -2.0 -2.0 -2.0 -2.0 70743.8 437.3454340597546 352.6878012792233 1506.729763640083 43.85416638900608 8.42444032293 14171.6 -2.0 -2.0 -2.0 0.0 106240.0 247521.0 254575.0 254575.0 240403.0 155438.0 127145.0 169567.0 254575.0 254575.0 70686.6 148356.0 162478.0 113023.0 0.0 0.0 14107.300000000001 -2.0 -2.0 -2.0 -2.0 -2.0 -2.0 -2.0 -2.0
256106.0 256106.0 256106.0 63893.63563358589 256106.0 256106.0 256106.0 256106.0 256106.0 256106.0 256106.0 256106.0 256106.0 256106.0 256106.0 256106.0 256106.0 256106.0 256106.0 256106.0 256106.0 256106.0 256106.0 241913.0 121062.0 -2.0 -2.0 -2.0 -2.0 -2.0 -2.0 -2.0 -2.0 -2.0 -2.0 -2.0 354.52849163526287 1582.3768316318153 -2.0 -2.0 -2.0 -2.0 42663.3 -2.0 -2.0 64058.3 199229.0 241843.0 177778.0 135044.0 42585.700000000004 142387.0 170893.0 71105.40000000001 163676.0 256106.0 0.0 63910.3 -2.0 -2.0 -2.0 -2.0 -2.0 -2.0 -2.0 -2.0 -2.0 -2.0 -2.0 -2.0 -2.0 -2.0
257618.0 103343.05541674158 73126.57720203248 257618.0 257618.0 73958.39280330068 57305.189562231775 60216.468653814125 61801.04144715215 172398.46427437218 257618.0 257618.0 257618.0 257618.0 257618.0 257618.0 257618.0 257618.0 257618.0 257618.0 257618.0 257618.0 257618.0 257618.0 243334.0 21485.600000000002 -2.0 -2.0 -2.0 -2.0 -2.0 -2.0 -2.0 -2.0 -2.0 -2.0 -2.0 35867.1 -2.0 -2.0 -2.0 -2.0 -2.0 14326.0 64512.3 214786.0 64512.200000000004 42991.9 35790.700000000004 200446.0 250480.0 243272.0 0.0 35721.200000000004 107219.0 236105.0 21422.9 -2.0 -2.0 -2.0 -2.0 -2.0 -2.0 -2.0 -2.0 -2.0 -2.0 -2.0 -2.0 -2.0 -2.0 -2.0
74466.86142429138 76656.87584567835 46898.15241754189 259111.0 259111.0 76030.76461205767 259111.0 259111.0 259111.0 259111.0 259111.0 259111.0 259111.0 259111.0 259111.0 259111.0 259111.0 259111.0 259111.0 259111.0 259111.0 259111.0 259111.0 259111.0 259111.0 122416.0 -2.0 -2.0 -2.0 -2.0 -2.0 -2.0 -2.0 -2.0 -2.0 -2.0 79066.40000000001 71844.7 -2.0 -2.0 -2.0 -2.0 21582.3 151117.0 201434.0 259111.0 259111.0 129645.0 0.0 259111.0 122279.0 7180.34 0.0 -2.0 -2.0 -2.0 -2.0 -2.0 -2.0 -2.0 -2.0 -2.0 -2.0 0.0 -2.0 -2.0 -2.0 -2.0 -2.0 -2.0 -2.0 -2.0
80770.09853055686 260583.0 260583.0 260583.0 260583.0 260583.0 260583.0 260583.0 260583.0 260583.0 260583.0 260583.0 260583.0 260583.0 260583.0 260583.0 260583.0 260583.0 260583.0 260583.0 260583.0 260583.0 260583.0 260583.0 260583.0 217173.0 0.0 -2.0 -2.0 -2.0 -2.0 -2.0 -2.0 -2.0 -2.0 -2.0 -2.0 -2.0 -2.0 -2.0 -2.0 28960.600000000002 0.0 86766.3 108526.0 217126.0 260583.0 188097.0 -2.0 93947.1 -2.0 -2.0 -2.0 -2.0 -2.0 -2.0 -2.0 -2.0 -2.0 -2.0 -2.0 -2.0 -2.0 -2.0 -2.0 -2.0 -2.0 -2.0 -2.0 -2.0 -2.0 -2.0
29240.098400614334 80782.91954666158 262036.0 262036.0 83532.93063938445 262036.0 81022.27596253235 262036.0 262036.0 262036.0 262036.0 262036.0 262036.0 262036.0 262036.0 262036.0 262036.0 262036.0 262036.0 262036.0 262036.0 262036.0 262036.0 262036.0 262036.0 262036.0 225686.0 21886.4 -2.0 -2.0 -2.0 -2.0 -2.0 -2.0 -2.0 -2.0 -2.0 -2.0 -2.0 -2.0 -2.0 -2.0 -2.0 -2.0 152851.0 254774.0 262036.0 36350.5 -2.0 -2.0 -2.0 -2.0 -2.0 -2.0 -2.0 -2.0 -2.0 -2.0 -2.0 -2.0 -2.0 -2.0 -2.0 -2.0 -2.0 -2.0 -2.0 -2.0 -2.0 -2.0 -2.0 -2.0
58684.29074950738 32606.846795292226 77666.9666730275 50422.82709039261 115958.91285144657 99221.0314754899 67538.08207532312 263469.0 263469.0 180493.70225629173 263469.0 263469.0 263469.0 263469.0 263469.0 31407.756432564303 263469.0 263469.0 263469.0 263469.0 263469.0 263469.0 263469.0 263469.0 263469.0 219597.0 168251.0 139030.0 -2.0 -2.0 -2.0 -2.0 -2.0 -2.0 -2.0 -2.0 -2.0 -2.0 -2.0 -2.0 -2.0 -2.0 -2.0 -2 138997.0 226827.0 234162.0 -2.0 -2.0 -2.0 -2.0 -2.0 -2.0 -2.0 -2.0 -2.0 -2.0 -2.0 -2.0 -2.0 -2.0 -2.0 -2.0 -2.0 -2.0 -2.0 -2.0 -2.0 -2.0 -2.0 -2.0 -2.0
264882.0 264882.0 79737.21773041024 264882.0 264882.0 264882.0 92116.12324860225 78323.42103457196 264882.0 264882.0 264882.0 264882.0 264882.0 264882.0 264882.0 264882.0 61250.114419282305 264882.0 264882.0 264882.0 264882.0 264882.0 264882.0 264882.0 264882.0 264882.0 257540.0 103107.0 -2.0 -2.0 -2.0 -2.0 -2.0 -2.0 -2.0 -2.0 -2.0 -2.0 -2.0 -2.0 -2.0 -2.0 -2.0 -2.0 73480.8 139737.0 29385.800000000003 -2.0 -2.0 -2.0 -2.0 -2.0 -2.0 -2.0 -2.0 -2.0 -2.0 -2.0 -2.0 -2.0 -2.0 -2.0 -2.0 -2.0 -2.0 -2.0 -2.0 -2.0 -2.0 -2.0 -2.0 -2.0
45595.88382907467 266274.0 266274.0 266274.0 266274.0 266274.0 266274.0 266274.0 266274.0 266274.0 266274.0 266274.0 266274.0 266274.0 266274.0 266274.0 79306.81564573811 266274.0 266274.0 266274.0 266274.0 266274.0 44421.70755783756 266274.0 266274.0 258862.0 162576.0 44289.3 -2.0 -2.0 -2.0 -2.0 -2.0 -2.0 -2.0 -2.0 -2.0 -2.0 -2.0 -2.0 -2.0 -2.0 -2.0 -2.0 -2.0 22218.3 0.0 -2.0 -2.0 -2.0 -2.0 -2.0 -2.0 -2.0 -2.0 -2.0 -2.0 -2.0 -2.0 -2.0 -2.0 -2.0 -2.0 -2.0 -2.0 -2.0 -2.0 -2.0 -2.0 -2.0 -2.0 -2.0
267646.0 267646.0 267646.0 267646.0 267646.0 99580.5357912616 267646.0 267646.0 267646.0 267646.0 267646.0 267646.0 267646.0 267646.0 267646.0 267646.0 267646.0 267646.0 267646.0 19295.483498910362 267646.0 93004.7037893685 267646.0 267646.0 237927.0 156174.0 156288.0 22344.8 81821.7 -2.0 -2.0 -2.0 -2.0 -2.0 -2.0 -2.0 -2.0 -2.0 -2.0 -2.0 -2.0 -2.0 -2.0 -2.0 0.0 37119.5 -2.0 -2.0 -2.0 -2.0 -2.0 -2.0 -2.0 -2.0 -2.0 -2.0 -2.0 -2.0 -2.0 -2.0 -2.0 -2.0 -2.0 -2.0 -2.0 -2.0 -2.0 -2.0 -2.0 -2.0 -2.0 -2.0
268998.0 268998.0 268998.0 98770.67128667049 104292.14941293409 72826.02244029724 268998.0 268998.0 268998.0 268998.0 268998.0 268998.0 268998.0 268998.0 268998.0 268998.0 268998.0 268998.0 88800.45316999622 50244.619828968374 268998.0 268998.0 268998.0 268998.0 268998.0 268998.0 268998.0 179295.0 22407.2 -2.0 -2.0 -2.0 -2.0 -2.0 -2.0 -2.0 -2.0 -2.0 -2.0 -2.0 -2.0 -2.0 -2.0 -2.0 -2.0 -2.0 -2.0 -2.0 -2.0 -2.0 -2.0 -2.0 -2.0 -2.0 -2.0 -2.0 -2.0 -2.0 -2.0 -2.0 -2.0 -2.0 -2.0 -2.0 -2.0 -2.0 -2.0 -2.0 -2.0 -2.0 -2.0 -2.0
270330.0 86582.44009262051 270330.0 270330.0 270330.0 270330.0 270330.0 270330.0 270330.0 270330.0 270330.0 270330.0 270330.0 270330.0 270330.0 270330.0 270330.0 270330.0 270330.0 270330.0 270330.0 270330.0 270330.0 270330.0 270330.0 270330.0 262811.0 120036.0 -2.0 -2.0 -2.0 -2.0 -2.0 -2.0 -2.0 -2.0 -2.0 -2.0 -2.0 -2.0 -2.0 -2.0 -2.0 -2.0 -2.0 -2.0 -2.0 -2.0 -2.0 -2.0 -2.0 -2.0 -2.0 -2.0 -2.0 -2.0 -2.0 -2.0 -2.0 -2.0 -2.0 -2.0 -2.0 -2.0 -2.0 -2.0 -2.0 -2.0 -2.0 -2.0 -2.0 -2.0
271641.0 271641.0 271641.0 271641.0 117227.56313030545 59052.21810229215 271641.0 271641.0 271641.0 271641.0 271641.0 271641.0 100338.37190174579 271641.0 271641.0 271641.0 271641.0 271641.0 271641.0 271641.0 271641.0 271641.0 271641.0 271641.0 271641.0 271641.0 256543.0 22609.600000000002 -2.0 -2.0 -2.0 -2.0 -2.0 -2.0 -2.0 -2.0 -2.0 -2.0 -2.0 -2.0 -2.0 -2.0 -2.0 -2.0 -2.0 -2.0 -2.0 -2.0 -2.0 -2.0 -2.0 -2.0 -2.0 -2.0 -2.0 -2.0 -2.0 -2.0 -2.0 -2.0 -2.0 -2.0 -2.0 -2.0 -2.0 -2.0 -2.0 -2.0 -2.0 -2.0 -2.0 -2.0
272931.0 272931.0 272931.0 272931.0 272931.0 272931.0 272931.0 272931.0 272931.0 272931.0 272931.0 272931.0 272931.0 272931.0 272931.0 272931.0 272931.0 272931.0 272931.0 272931.0 272931.0 66669.95399726192 39364.277550199375 80604.610516144 272931.0 257738.0 143931.0 0.0 -2.0 -2.0 -2.0 -2.0 -2.0 -2.0 -2.0 -2.0 -2.0 -2.0 -2.0 -2.0 -2.0 -2.0 0.0 15139.1 -2.0 -2.0 -2.0 -2.0 -2.0 -2.0 -2.0 -2.0 -2.0 -2.0 -2.0 -2.0 -2.0 -2.0 -2.0 -2.0 -2.0 -2.0 -2.0 -2.0 -2.0 -2.0 -2.0 -2.0 -2.0 -2.0 -2.0 -2.0
274200.0 100099.45146494414 274200.0 274200.0 274200.0 274200.0 274200.0 274200.0 274200.0 274200.0 274200.0 66853.82366731155 274200.0 274200.0 274200.0 274200.0 274200.0 274200.0 82558.18440648078 63539.09306238441 58554.48345122077 274200.0 48293.56336226469 70884.15627727628 274200.0 67598.16492070071 -2.0 -2.0 -2.0 -2.0 -2.0 -2.0 -2.0 -2.0 -2.0 -2.0 -2.0 -2.0 -2.0 -2.0 -2.0 0.0 -2.0 -2.0 -2.0 -2.0 -2.0 -2.0 -2.0 -2.0 -2.0 -2.0 -2.0 -2.0 -2.0 -2.0 -2.0 -2.0 -2.0 -2.0 -2.0 -2.0 -2.0 -2.0 -2.0 -2.0 -2.0 -2.0 -2.0 -2.0 -2.0 -2.0
73380.91067015119 63976.83517320054 71427.61838004483 275449.0 275449.0 275449.0 275449.0 275449.0 275449.0 275449.0 275449.0 100435.2190061472 275449.0 275449.0 275449.0 275449.0 74810.36146152447 275449.0 46317.350327704386 33323.255545633234 98486.30244959812 62168.22726029782 74599.86288230853 169454.50507422024 229489.0 22916.7 -2.0 -2.0 -2.0 -2.0 -2.0 -2.0 -2.0 -2.0 -2.0 -2.0 -2.0 -2.0 -2.0 -2.0 -2.0 0.0 -2.0 -2.0 -2.0 -2.0 -2.0 -2.0 -2.0 -2.0 -2.0 -2.0 -2.0 -2.0 -2.0 -2.0 -2.0 -2.0 -2.0 -2.0 -2.0 -2.0 -2.0 -2.0 -2.0 -2.0 -2.0 -2.0 -2.0 -2.0 -2.0 -2.0
276676.0 104386.96903512174 276676.0 276676.0 276676.0 276676.0 276676.0 276676.0 276676.0 276676.0 276676.0 276676.0 71539.56332050383 276676.0 276676.0 55088.20419183791 276676.0 72661.55978219936 50954.26984964176 276676.0 276676.0 83821.67784654308 84909.89467070298 199760.0 46090.200000000004 -2.0 -2.0 -2.0 -2.0 -2.0 -2.0 -2.0 -2.0 -2.0 -2.0 -2.0 -2.0 -2.0 -2.0 0.0 0.0 -2.0 -2.0 -2.0 -2.0 -2.0 -2.0 -2.0 -2.0 -2.0 -2.0 -2.0 -2.0 -2.0 -2.0 -2.0 -2.0 -2.0 -2.0 -2.0 -2.0 -2.0 -2.0 -2.0 -2.0 -2.0 -2.0 -2.0 -2.0 -2.0 -2.0 -2.0
79071.78320316035 277882.0 91624.28493565717 92937.86491117049 64785.68587341251 79065.48336200786 277882.0 277882.0 277882.0 277882.0 277882.0 62647.031112397905 277882.0 277882.0 277882.0 277882.0 277882.0 75755.74401071912 87904.33240555057 277882.0 277882.0 67034.09263233142 262423.0 108016.0 -2.0 -2.0 -2.0 -2.0 -2.0 -2.0 -2.0 -2.0 -2.0 -2.0 -2.0 -2.0 -2.0 -2 -2.0 54007.9 -2.0 -2.0 -2.0 -2.0 -2.0 -2.0 -2.0 -2.0 -2.0 -2.0 -2.0 -2.0 -2.0 -2.0 -2.0 -2.0 -2.0 -2.0 -2.0 -2.0 -2.0 -2.0 -2.0 -2.0 -2.0 -2.0 -2.0 -2.0 -2.0 -2.0 -2.0 -2.0
