critload/trunk/input/1999/a_ag.asc
ncols 720
nrows 360
xllcorner -180
yllcorner -90
cellsize 0.5
NODATA_value -2
[rows 31 to 61 of 360, columns 426 to 496 of 720]
-2.0 -2.0 -2.0 -2.0 -2.0 -2.0 -2.0 -2.0 -2.0 -2.0 -2.0 -2.0 -2.0 -2.0 -2.0 -2.0 -2.0 -2.0 -2.0 -2.0 -2.0 -2.0 -2.0 -2.0 -2.0 -2.0 -2.0 -2.0 -2.0 -2.0 -2.0 -2.0 -2.0 -2.0 -2.0 -2.0 -2.0 -2.0 -2.0 -2.0 -2.0 -2.0 -2.0 -2 0.0 0.0 0.0 0.0 0.0 0.0 0.0 0.0 0.0 -2.0 -2.0 -2.0 -2.0 -2.0 -2.0 -2.0 -2.0 -2.0 -2.0 -2.0 -2.0 -2.0 -2.0 -2.0 -2.0 -2.0 -2.0
-2.0 -2.0 -2.0 -2.0 -2.0 -2.0 -2.0 -2.0 -2.0 -2.0 -2.0 -2.0 -2.0 -2.0 -2.0 -2.0 -2.0 -2.0 -2.0 -2.0 -2.0 -2.0 -2.0 -2.0 -2.0 -2.0 -2.0 -2.0 -2.0 -2.0 -2.0 -2.0 -2.0 -2.0 -2.0 -2.0 -2.0 -2.0 -2.0 -2.0 -2.0 -2 0.0 0.0 0.0 0.0 0.0 0.0 0.0 0.0 0.0 -2.0 -2.0 -2.0 -2.0 -2.0 -2.0 -2.0 -2.0 -2.0 -2.0 -2.0 -2.0 -2.0 -2.0 -2.0 -2.0 -2.0 -2.0 -2.0 -2.0
-2.0 -2.0 -2.0 -2.0 -2.0 -2.0 -2.0 -2.0 -2.0 -2.0 -2.0 -2.0 -2.0 -2.0 -2.0 -2.0 -2.0 -2.0 -2.0 -2.0 -2.0 -2.0 -2.0 -2.0 -2.0 -2.0 -2.0 -2.0 -2.0 -2.0 -2.0 -2.0 -2.0 -2.0 -2.0 -2.0 -2.0 -2.0 -2.0 -2.0 -2 0.0 0.0 0.0 0.0 0.0 0.0 0.0 0.0 -2.0 -2.0 -2.0 -2.0 -2.0 -2.0 -2.0 -2.0 -2.0 -2.0 -2.0 -2.0 -2.0 -2.0 -2.0 -2.0 -2.0 -2.0 -2.0 -2.0 -2.0 -2.0
-2.0 -2.0 -2.0 -2.0 -2.0 -2.0 -2.0 -2.0 -2.0 -2.0 -2.0 -2.0 -2.0 -2.0 -2.0 -2.0 -2.0 -2.0 -2.0 -2.0 -2.0 -2.0 -2.0 -2.0 -2.0 -2.0 -2.0 -2.0 -2.0 -2.0 -2.0 -2.0 -2.0 -2.0 -2.0 -2.0 -2.0 -2.0 -2 0.0 0.0 0.0 0.0 0.0 0.0 0.0 0.0 -2.0 -2.0 -2.0 -2.0 -2.0 -2.0 -2.0 -2.0 -2.0 -2.0 -2.0 -2.0 -2.0 -2.0 -2.0 -2.0 -2.0 -2.0 -2.0 -2.0 -2.0 -2.0 -2.0 -2.0
-2.0 -2.0 -2.0 -2.0 -2.0 -2.0 -2.0 -2.0 -2.0 -2.0 -2.0 -2.0 -2.0 -2.0 -2.0 -2.0 -2.0 -2.0 -2.0 -2.0 -2.0 -2.0 -2.0 -2.0 -2.0 -2.0 -2.0 -2.0 -2.0 -2.0 -2.0 -2.0 -2.0 -2.0 -2.0 -2.0 -2.0 -2 -2 0.0 0.0 0.0 0.0 0.0 0.0 0.0 -2.0 -2.0 -2.0 -2.0 -2.0 -2.0 -2.0 -2.0 -2.0 -2.0 -2.0 -2.0 -2.0 -2.0 -2.0 -2.0 -2.0 -2.0 -2.0 -2.0 -2.0 -2.0 -2.0 -2.0 -2.0
-2.0 -2.0 -2.0 -2.0 -2.0 -2.0 -2.0 -2.0 -2.0 -2.0 -2.0 -2.0 -2.0 -2.0 -2.0 -2.0 -2.0 -2.0 -2.0 -2.0 -2.0 -2.0 -2.0 -2.0 -2.0 -2.0 -2.0 -2.0 -2.0 -2.0 -2.0 -2.0 -2.0 -2.0 -2.0 -2.0 -2.0 0.0 0.0 0.0 0.0 0.0 0.0 0.0 0.0 0.0 -2.0 -2.0 -2.0 -2.0 -2.0 -2.0 -2.0 -2.0 -2.0 -2.0 -2.0 -2.0 -2.0 -2.0 -2.0 -2.0 -2.0 -2.0 -2.0 -2.0 -2.0 -2.0 -2.0 -2.0 0.0
-2.0 -2.0 -2.0 -2.0 -2.0 -2.0 -2.0 -2.0 -2.0 -2.0 -2.0 -2.0 -2.0 -2.0 -2.0 -2.0 -2.0 -2.0 -2.0 -2.0 -2.0 -2.0 -2.0 -2.0 -2.0 -2.0 -2.0 -2.0 -2.0 -2.0 -2.0 -2.0 -2.0 -2.0 -2.0 -2.0 -2.0 -2.0 0.0 0.0 0.0 0.0 0.0 0.0 0.0 0.0 0.0 -2 -2.0 -2.0 -2.0 -2.0 -2.0 -2.0 -2.0 -2.0 -2.0 -2.0 -2.0 -2.0 -2.0 -2.0 -2.0 -2.0 -2.0 -2.0 -2.0 0.0 0.0 0.0 0.0
-2.0 -2.0 -2.0 -2.0 -2.0 -2.0 -2.0 -2.0 -2.0 -2.0 -2.0 -2.0 -2.0 -2.0 -2.0 -2.0 -2.0 -2.0 -2.0 -2.0 -2.0 -2.0 -2.0 -2.0 -2.0 -2.0 -2.0 -2.0 -2.0 -2.0 -2.0 -2.0 -2.0 -2.0 -2.0 -2.0 -2.0 -2.0 -2.0 -2.0 -2.0 0.0 0.0 0.0 0.0 0.0 0.0 0.0 0.0 -2 -2.0 -2.0 -2.0 -2.0 -2.0 -2.0 -2.0 -2.0 -2.0 -2.0 -2.0 -2.0 -2.0 -2.0 -2.0 -2.0 -2 0.0 0.0 0.0 0.0
-2.0 -2.0 -2.0 -2.0 -2.0 -2.0 -2.0 -2.0 -2.0 -2.0 -2.0 -2.0 -2.0 -2.0 -2.0 -2.0 -2.0 -2.0 -2.0 -2.0 -2.0 -2.0 -2.0 -2.0 -2.0 -2.0 -2.0 -2.0 -2.0 -2.0 -2.0 -2.0 -2.0 -2.0 -2.0 -2.0 -2.0 -2.0 -2.0 -2.0 -2.0 -2.0 -2.0 -2.0 -2.0 -2.0 -2.0 -2.0 -2.0 -2.0 -2.0 0.0 0.0 0.0 -2 -2.0 -2.0 -2.0 -2.0 -2.0 -2.0 -2.0 -2.0 -2.0 -2.0 -2.0 -2.0 -2 0.0 0.0 0.0
-2 -2.0 -2.0 -2.0 -2.0 -2.0 -2.0 -2.0 -2.0 -2.0 -2.0 -2.0 -2.0 -2.0 -2.0 -2.0 -2.0 -2.0 -2.0 -2.0 -2.0 -2.0 -2.0 -2.0 -2.0 -2.0 -2.0 -2.0 -2.0 -2.0 -2.0 -2.0 -2.0 -2.0 -2.0 -2.0 -2.0 -2.0 -2.0 -2.0 -2.0 -2.0 -2.0 -2.0 -2.0 -2.0 -2.0 -2.0 -2.0 -2.0 -2.0 0.0 0.0 0.0 0.0 0.0 0.0 0.0 0.0 0.0 -2 -2 -2 -2.0 -2.0 -2.0 -2.0 0.0 0.0 0.0 0.0
0.0 0.0 0.0 0.0 406.9159984589981 0.0 0.0 -2.0 -2.0 -2.0 -2.0 -2.0 -2.0 -2.0 -2.0 -2.0 -2.0 -2.0 -2.0 -2.0 -2.0 -2.0 -2.0 -2.0 -2.0 -2.0 -2.0 -2.0 -2.0 -2.0 0.0 0.0 0.0 0.0 0.0 -2.0 -2.0 -2.0 -2.0 -2.0 -2.0 -2.0 -2.0 -2.0 -2.0 -2.0 -2.0 -2.0 -2.0 -2.0 -2.0 -2.0 -2 -2.0 0.0 0.0 0.0 0.0 0.0 0.0 0.0 0.0 0.0 0.0 0.0 -2 -2 -2.0 0.0 -2.0 0.0
0.0 0.0 0.0 0.0 1488.2940292365624 1168.4879779838702 2270.840072631606 3002.3700714107094 3117.8300857554227 0.0 -2 -2.0 -2.0 -2.0 -2.0 -2.0 -2.0 -2.0 -2.0 -2.0 0.0 -2 -2 -2 -2 -2.0 -2.0 -2.0 -2.0 -2.0 0.0 100.57499408746881 300.5990028382532 0.0 -2.0 -2.0 -2.0 -2.0 -2 0.0 0.0 0.0 -2 -2.0 -2 -2 -2 -2 -2 0.0 0.0 0.0 0.0 -2 -2 0.0 0.0 0.0 0.0 0.0 0.0 0.0 0.0 0.0 0.0 0.0 0.0 0.0 0.0 -2 -2.0
0.0 0.0 0.0 0.0 0.0 0.0 0.0 2328.4599304251888 3097.459983842516 3187.529945375629 3175.9300231933616 1962.1000289919507 0.0 0.0 -2.0 -2.0 -2.0 -2.0 -2.0 -2.0 -2.0 0.0 0.0 0.0 0.0 0.0 0.0 -2 -2.0 -2.0 -2.0 -2.0 -2.0 -2 0.0 0.0 0.0 0.0 0.0 0.0 0.0 0.0 0.0 0.0 0.0 0.0 0.0 0.0 0.0 0.0 0.0 0.0 0.0 0.0 0.0 0.0 0.0 0.0 0.0 0.0 0.0 0.0 0.0 0.0 0.0 0.0 0.0 0.0 0.0 0.0 0.0
187.43300437928787 0.0 0.0 0.0 0.0 0.0 0.0 0.0 0.0 3280.080032352137 3118.339920033164 3142.77992248787 0.0 0.0 0.0 0.0 -2 -2.0 -2.0 -2.0 -2.0 -2.0 0.0 0.0 0.0 0.0 0.0 -2 -2.0 0.0 0.0 0.0 0.0 0.0 0.0 0.0 0.0 0.0 0.0 0.0 0.0 0.0 0.0 0.0 0.0 0.0 0.0 0.0 0.0 0.0 0.0 0.0 0.0 0.0 0.0 0.0 0.0 0.0 0.0 0.0 0.0 0.0 0.0 0.0 0.0 0.0 0.0 0.0 0.0 0.0 0.0
0.0 0.0 0.0 0.0 0.0 0.0 0.0 0.0 1201.1199951162255 0.0 3303.1398773119913 0.0 0.0 0.0 0.0 0.0 0.0 -2.0 -2.0 -2.0 -2.0 0.0 521.0020065305703 514.3149852742785 0.0 0.0 -2.0 -2.0 -2.0 709.542775153364 0.0 0.0 0.0 0.0 0.0 0.0 0.0 0.0 0.0 0.0 0.0 0.0 0.0 0.0 0.0 0.0 0.0 0.0 0.0 0.0 0.0 0.0 0.0 0.0 0.0 0.0 0.0 0.0 0.0 0.0 0.0 0.0 0.0 0.0 0.0 0.0 0.0 0.0 0.0 0.0 0.0
0.0 0.0 0.0 0.0 0.0 0.0 0.0 0.0 0.0 0.0 0.0 0.0 0.0 0.0 0.0 0.0 0.0 -2.0 -2.0 -2 -2.0 -2.0 -2.0 0.0 0.0 0.0 0.0 0.0 0.0 0.0 0.0 0.0 0.0 0.0 0.0 0.0 0.0 0.0 0.0 0.0 0.0 0.0 0.0 0.0 0.0 0.0 0.0 0.0 0.0 0.0 0.0 0.0 0.0 0.0 0.0 0.0 0.0 0.0 0.0 0.0 0.0 0.0 0.0 0.0 0.0 0.0 0.0 0.0 0.0 0.0 0.0
0.0 0.0 0.0 -2 0.0 0.0 0.0 0.0 0.0 0.0 0.0 0.0 0.0 104.96400594702668 0.0 -2.0 0.0 0.0 0.0 0.0 0.0 0.0 629.7860145574932 0.0 0.0 0.0 0.0 0.0 0.0 0.0 0.0 0.0 0.0 0.0 0.0 0.0 0.0 0.0 0.0 0.0 0.0 0.0 0.0 0.0 0.0 0.0 0.0 0.0 0.0 0.0 0.0 0.0 0.0 0.0 0.0 0.0 0.0 0.0 0.0 0.0 0.0 0.0 0.0 0.0 0.0 0.0 0.0 0.0 0.0 0.0 0.0
0.0 0.0 3520.8698272676897 1798.8500595079056 -2.0 -2.0 -2.0 -2.0 -2.0 -2.0 -2.0 -2.0 -2.0 0.0 0.0 0.0 0.0 0.0 0.0 0.0 0.0 0.0 0.0 0.0 0.0 0.0 0.0 0.0 0.0 0.0 0.0 0.0 0.0 0.0 0.0 0.0 0.0 0.0 0.0 0.0 0.0 0.0 0.0 0.0 0.0 0.0 0.0 0.0 0.0 0.0 0.0 0.0 0.0 0.0 0.0 0.0 0.0 0.0 0.0 0.0 0.0 0.0 0.0 0.0 0.0 0.0 0.0 0.0 0.0 0.0 0.0
0.0 0.0 447.21598625100427 0.0 -2.0 0.0 -2.0 0.0 0.0 0.0 -2.0 -2.0 -2.0 327.3109912857208 1656.2700271561725 0.0 0.0 0.0 0.0 0.0 0.0 0.0 0.0 0.0 0.0 0.0 0.0 0.0 0.0 0.0 0.0 0.0 0.0 0.0 0.0 0.0 0.0 0.0 0.0 0.0 0.0 0.0 0.0 0.0 0.0 0.0 0.0 0.0 0.0 0.0 0.0 0.0 0.0 0.0 0.0 0.0 0.0 0.0 0.0 0.0 0.0 0.0 0.0 0.0 0.0 0.0 0.0 0.0 0.0 0.0 0.0
0.0 0.0 0.0 22464.608001718105 -2.0 -2.0 -2.0 524.0429878236839 0.0 0.0 771.8080043797912 0.0 2930.9352874756937 1032.0798873912631 20509.14278029941 24004.679082832983 0.0 0.0 0.0 0.0 0.0 0.0 0.0 0.0 0.0 0.0 0.0 0.0 0.0 0.0 0.0 0.0 0.0 0.0 0.0 0.0 0.0 0.0 0.0 0.0 0.0 0.0 0.0 0.0 0.0 0.0 0.0 0.0 0.0 0.0 0.0 0.0 0.0 0.0 0.0 0.0 0.0 0.0 0.0 0.0 0.0 0.0 0.0 0.0 0.0 0.0 0.0 0.0 0.0 0.0 0.0
0.0 0.0 9393.642806982376 5942.099952676875 3540.890121460225 3523.2543945269827 3933.1120729478525 -2.0 380.8619976033691 1313.9209747339992 1252.789974213382 0.0 0.0 3713.4101867592926 3686.336517320495 34951.12713609908 10269.013214121498 28988.185119624195 0.0 0.0 0.0 0.0 0.0 0.0 0.0 0.0 0.0 0.0 0.0 0.0 0.0 0.0 0.0 0.0 0.0 0.0 0.0 0.0 0.0 0.0 0.0 0.0 0.0 0.0 0.0 0.0 0.0 0.0 0.0 0.0 0.0 0.0 0.0 0.0 0.0 0.0 0.0 0.0 0.0 0.0 0.0 0.0 0.0 0.0 0.0 0.0 0.0 0.0 0.0 0.0 0.0
1896.0199356039066 0.0 10366.838932016724 5386.674034598679 3772.029876720096 0.0 3780.8300018224522 0.0 3772.1023559604014 3803.2299041614656 11608.448028588164 0.0 0.0 0.0 0.0 3786.145782454975 3568.6000824103717 32906.67972568884 0.0 0.0 0.0 0.0 0.0 0.0 0.0 0.0 0.0 0.0 0.0 0.0 0.0 0.0 0.0 0.0 0.0 0.0 0.0 0.0 0.0 0.0 0.0 0.0 0.0 0.0 0.0 0.0 0.0 0.0 0.0 0.0 0.0 0.0 0.0 0.0 0.0 0.0 0.0 0.0 0.0 0.0 0.0 0.0 0.0 0.0 0.0 0.0 0.0 0.0 0.0 0.0 0.0
5758.111979986653 7016.5131449680875 14396.50993355701 8050.579047220151 8197.838354141248 7664.209747288741 3881.4098358221895 0.0 0.0 0.0 0.0 0.0 0.0 0.0 11522.20916744746 3859.1201782080675 7707.080078104012 18437.19100951388 35611.20014203878 11094.238281238191 0.0 0.0 0.0 0.0 0.0 0.0 0.0 0.0 0.0 0.0 0.0 0.0 0.0 0.0 0.0 0.0 0.0 0.0 0.0 0.0 0.0 0.0 0.0 0.0 0.0 0.0 0.0 0.0 0.0 0.0 0.0 0.0 0.0 0.0 0.0 0.0 0.0 0.0 0.0 0.0 0.0 0.0 0.0 0.0 0.0 0.0 0.0 0.0 0.0 0.0 0.0
7144.070053123357 8681.636726841009 19041.710281257092 19052.77559683493 11458.953852253073 15009.629297317137 7843.447875956027 0.0 0.0 0.0 0.0 2387.0700836168157 0.0 3919.3785804894296 19378.2237719434 11694.303512544713 3903.6701202486393 3959.1899871986316 3903.6701202486393 29918.64654460759 29897.988128723468 19401.08409984277 0.0 0.0 0.0 0.0 0.0 0.0 0.0 0.0 0.0 0.0 0.0 0.0 0.0 0.0 0.0 0.0 0.0 0.0 0.0 0.0 0.0 0.0 0.0 0.0 0.0 0.0 0.0 0.0 0.0 0.0 0.0 0.0 0.0 0.0 0.0 0.0 0.0 0.0 0.0 0.0 0.0 0.0 0.0 0.0 0.0 0.0 0.0 0.0 0.0
6127.890205389137 12021.594917803382 14319.942092857564 4297.990083694568 13987.536089094008 8899.1335153387 7984.749984707844 4025.5199432523837 0.0 0.0 0.0 0.0 7974.945794973039 3966.190351177127 3982.80175028545 0.0 0.0 3981.3301086416245 0.0 7853.610090897134 4014.4901275491493 19542.440032998835 15726.12031208162 22744.070434552097 23429.40042624557 4025.5199432347576 0.0 0.0 0.0 0.0 0.0 0.0 0.0 0.0 30298.562060987817 0.0 0.0 0.0 0.0 0.0 0.0 0.0 0.0 0.0 0.0 0.0 0.0 0.0 0.0 0.0 0.0 0.0 0.0 0.0 0.0 0.0 0.0 0.0 0.0 0.0 0.0 0.0 0.0 0.0 0.0 0.0 0.0 0.0 0.0 0.0 0.0
9625.140628775953 15652.853775038684 40241.00525828931 9629.49250677167 505.63797950985077 0.0 29604.648422420512 20137.24500179103 12230.719757079596 4058.580017101955 4036.5501403761277 12016.863578808896 8117.150090387482 0.0 7660.807637136681 4047.570231930334 0.0 0.0 4091.5500640836776 12241.700200740355 4091.5500640836776 4074.11420344455 4047.5700378455294 4047.5700378455294 38767.34973448303 26808.472844938762 12031.199981577947 4080.569783601375 0.0 0.0 32021.674346895754 20325.61950680984 8084.120178221023 4058.5800170875928 11233.039855976427 50774.16180771105 15944.330215389455 19739.2916776287 15705.975341813415 0.0 0.0 0.0 0.0 0.0 0.0 0.0 0.0 0.0 0.0 0.0 0.0 0.0 0.0 0.0 0.0 0.0 0.0 0.0 0.0 0.0 0.0 0.0 0.0 0.0 0.0 0.0 0.0 0.0 0.0 0.0 0.0
16607.220459005322 12395.249938984713 12400.852584855682 31142.602700196046 56035.41832795921 7541.47024154275 18707.756528233094 41364.87054116214 4157.270050042292 3842.9500579894748 4157.270152790237 12880.045558080845 8248.889923111905 12406.159973155562 20119.91422356409 8269.812966347652 8286.601222695053 8314.539990588433 32487.55813205644 16513.333062856953 20628.73199740503 12329.856023984023 8281.719970715676 24740.024099616927 8248.870086674851 12394.269561746001 16187.592838635086 55549.13454721828 19026.99315629345 16353.620147528101 16541.56922346466 8248.899966108314 0.0 0.0 4135.610713074604 4103.164672854224 4102.529907229278 8237.93983460415 4135.400009155084 4113.489913944477 0.0 0.0 4124.44992066203 0.0 0.0 4124.449920659676 4124.449920659676 0.0 0.0 0.0 0.0 0.0 0.0 0.0 0.0 0.0 0.0 0.0 0.0 0.0 0.0 0.0 0.0 0.0 0.0 0.0 0.0 0.0 0.0 0.0 0.0
62507.15757174751 39539.44625851442 49652.25410475949 44959.70039362859 28566.24936370014 44483.555264860006 57720.672225814036 37631.25161689057 32980.73244762549 21037.16011052241 21048.07052620851 25543.501173176042 14612.54719490569 29391.38618858874 24987.20932002778 12613.580003016841 16775.045604237628 29419.071518439425 20911.75533377411 12570.029978094533 41835.67744530355 16804.58406330684 12602.690124528213 21048.049926710708 12588.716888445253 12613.62037659555 28452.10412075744 25154.922866853136 33496.09644576774 29445.7025898042 21069.812011684324 4211.7999687695055 12635.400009190449 20844.20184882167 4157.051467888012 0.0 4183.760070800512 0.0 0.0 4171.279907224563 0.0 0.0 0.0 0.0 0.0 0.0 4168.190002443795 0.0 0.0 0.0 0.0 0.0 0.0 0.0 0.0 0.0 0.0 0.0 0.0 0.0 0.0 834.7849845911343 0.0 1762.579917912617 0.0 0.0 0.0 0.0 0.0 0.0 0.0
38244.30678038225 29642.039871250196 17107.699584853188 8521.289825456388 21395.45936585497 12819.959640457175 17055.169575921038 38239.350128184495 35922.35236538296 33586.37616603046 37613.84026979983 42279.476707463225 32735.12226747819 34058.858056504825 55374.79647823087 55424.656355867184 38362.154174479685 42484.54000820389 21235.869690509746 21352.069667034193 38328.17824139309 46810.043789161115 42436.67648917541 17064.299774159477 4287.749862660616 17093.176805399988 12742.02585521078 12721.794259355798 21112.3929953659 25408.13751220423 29698.879682781993 12744.060134848678 12809.079679061171 29740.602401405707 4287.749862660616 0.0 0.0 0.0 4244.400024403783 4217.647171009082 17088.399124177093 4287.74986266655 25555.03349307072 8521.90971372777 8532.199859597074 16647.50022882162 50246.95613280306 17010.16006477887 4287.749862660616 0.0 0.0 0.0 0.0 0.0 0.0 0.0 0.0 0.0 0.0 0.0 0.0 0.0 2781.909942627007 3502.9968261700865 0.0 0.0 0.0 0.0 0.0 0.0 0.0
25856.20954212732 29443.107522928633 21517.865877260338 25964.109940188922 39043.28046194672 30204.584470206675 34516.396930370196 39010.880193793804 64921.079391261694 72023.07935064944 72164.77995216024 66267.76231100867 55192.44772359131 84087.3766031154 73335.6493322725 47511.233889345414 47543.33909295713 47712.10599927248 56272.67013914961 60334.20877838536 30192.815902458802 21579.17984239602 12971.299756730737 21494.433857599866 43100.86809975111 21540.146840033503 8586.496810310507 4297.45748520589 0.0 12934.450349971488 21519.675688478823 21602.95715332804 21637.330104488366 4352.509826413634 0.0 4311.896022032193 0.0 4286.052703843437 34410.85013970416 64849.16916857549 38773.519134336806 8603.183746355016 17290.67719583351 12940.064186585194 8676.91802976394 8672.679822865395 30171.720284594572 49922.35959669689 21590.00972218246 4320.169830311469 0.0 0.0 0.0 0.0 0.0 3320.3699742195868 0.0 0.0 3687.1398925792696 0.0 4330.960083001476 4352.510070793873 0.0 4330.960083010127 4352.5103084670645 0.0 916.2110328691949 0.0 0.0 0.0 0.0
26418.505477956085 34897.40064535139 22041.789251894585 26268.88002750482 39474.92760336899 34918.132400574854 4374.019913656185 70295.60831368524 78925.46636622965 89649.08013609104 87514.19740552912 113271.5471049473 74465.07982419849 136526.85196382922 86934.19196067097 65878.61904313005 74766.09902818117 65942.92922497961 65953.42065416262 48242.95297891983 21977.439432593812 17581.929861668297 8726.540374753036 4374.020004265153 4363.270187376518 8769.489895953397 8785.248107031563 13175.994764994084 4416.929963233989 13197.19946266447 8801.709777292861 21787.396409587447 30688.873319195503 8717.071792792376 8793.786154054731 26332.912279228705 13130.097122456365 8790.950012201927 39121.40991313 26244.030875227945 26378.086949412107 8744.093814227645 26277.700582421927 34629.92765358864 17628.035100053432 8655.009765637835 33998.83726073226 43547.57163508991 39153.03582833024 0.0 0.0 0.0 0.0 0.0 4395.489883420051 4416.930007936774 4363.270187376518 13207.929700969291 4416.930007936774 0.0 3878.6098480228275 4395.489883420051 13154.259872418812 8801.709747308556 8812.439727777008 13186.460137140897 22031.059560736776 17646.29969116787 4395.489883417191 0.0 0.0
