critload/trunk/input/1999/a_ag.asc
ncols 720
nrows 360
xllcorner -180
yllcorner -90
cellsize 0.5
NODATA_value -2
[rows 62 to 92 of 360, columns 71 to 141 of 720]
-2.0 -2.0 -2.0 -2.0 -2.0 -2.0 -2.0 -2.0 -2.0 -2.0 -2.0 -2.0 0.0 0.0 0.0 0.0 0.0 0.0 0.0 0.0 0.0 0.0 0.0 0.0 0.0 0.0 0.0 0.0 0.0 0.0 0.0 0.0 0.0 0.0 0.0 0.0 0.0 0.0 0.0 0.0 0.0 0.0 4438.33003997077 4438.329877850487 13400.410748708116 8919.380356675676 0.0 0.0 0.0 0.0 0.0 3567.7600073791173 0.0 0.0 0.0 4481.019932378137 13443.060099905755 3119.470024118871 0.0 0.0 0.0 0.0 0.0 0.0 1926.7490648489156 9777.124970168385 7111.453254813983 0.0 3449.996753893287 0.0 4438.32992830868
-2.0 -2.0 -2.0 -2.0 -2.0 -2.0 -2.0 -2.0 -2.0 -2.0 -2.0 -2.0 -2.0 -2.0 0.0 0.0 0.0 0.0 1198.1570243866774 476.06298923500447 617.4589872363367 400.20499229437195 0.0 0.0 0.0 0.0 0.0 4534.159851096376 0.0 0.0 0.0 0.0 0.0 0.0 0.0 0.0 0.0 0.0 0.0 0.0 0.0 0.0 4502.299853881694 0.0 0.0 0.0 0.0 0.0 0.0 0.0 0.0 0.0 0.0 0.0 0.0 18019.769487550795 40626.939442233794 13496.269470685505 0.0 0.0 0.0 0.0 0.0 0.0 0.0 3805.720066804841 12046.100258869348 4523.550102713278 3573.8298416195994 0.0 0.0
-2.0 -2.0 -2.0 -2.0 -2.0 -2.0 -2.0 -2.0 -2.0 -2.0 -2.0 -2.0 -2.0 -2.0 -2.0 -2.0 0.0 0.0 0.0 0.0 0.0 0.0 0.0 0.0 0.0 0.0 0.0 0.0 0.0 0.0 0.0 0.0 0.0 0.0 0.0 0.0 0.0 0.0 0.0 0.0 0.0 0.0 0.0 0.0 0.0 0.0 0.0 0.0 0.0 0.0 0.0 0.0 0.0 0.0 9163.579940788763 4555.350041386745 0.0 0.0 0.0 0.0 4597.6200103669225 0.0 0.0 9131.880187971443 3866.180191032527 0.0 4576.509742737095 3138.130149849909 4555.350112927586 0.0 1532.3399543773676
-2.0 -2.0 -2.0 -2.0 -2.0 -2.0 -2.0 -2.0 -2.0 -2.0 -2.0 -2.0 -2.0 -2.0 -2.0 -2.0 -2.0 7865.090179448911 30.488014221025992 0.0 304.6439886090394 365.5469894399906 0.0 202.1840095520901 0.0 0.0 0.0 0.0 0.0 0.0 0.0 0.0 0.0 0.0 0.0 0.0 0.0 0.0 0.0 0.0 0.0 0.0 0.0 0.0 0.0 0.0 0.0 0.0 0.0 0.0 0.0 0.0 0.0 4671.210221188612 23261.630408758712 0.0 0.0 0.0 0.0 0.0 0.0 0.0 0.0 0.0 0.0 3960.3801727248338 0.0 0.0 4639.7300720256735 4660.729916083114 7536.619974374392
-2.0 -2.0 -2.0 -2.0 -2.0 -2.0 -2.0 -2.0 -2.0 -2.0 -2.0 -2.0 -2.0 -2.0 -2.0 -2.0 -2.0 -2.0 1017.7599906937371 0.0 1435.3070259092158 5404.98511790261 5534.525108356892 2763.6100769130567 0.0 0.0 0.0 0.0 0.0 0.0 0.0 0.0 0.0 0.0 0.0 0.0 0.0 0.0 0.0 0.0 0.0 0.0 0.0 0.0 0.0 0.0 9446.950153895563 18914.759349093878 0.0 0.0 9467.799950987646 4733.899966868531 0.0 18721.802861197644 28194.61043883605 0.0 0.0 0.0 0.0 0.0 0.0 0.0 0.0 0.0 0.0 0.0 0.0 0.0 0.0 3974.56016539601 12567.299842835504
-2.0 -2.0 -2.0 -2.0 -2.0 -2.0 -2.0 -2.0 -2.0 -2.0 -2.0 -2.0 -2.0 -2.0 -2.0 -2.0 -2.0 -2.0 -2.0 0.0 0.0 0.0 2161.55898571084 830.1200151425728 5413.854980463106 0.0 0.0 0.0 0.0 0.0 0.0 0.0 0.0 0.0 0.0 0.0 0.0 0.0 0.0 0.0 0.0 0.0 0.0 0.0 0.0 9550.959715859924 9509.429997470916 66753.03952301256 66908.81010168765 62154.049470342245 52488.729261005356 76480.40852736036 57369.98902897485 78981.28000170969 90775.78938558602 14378.349375305857 0.0 9272.809921365915 0.0 0.0 0.0 0.0 0.0 0.0 0.0 0.0 0.0 0.0 0.0 5796.479976167628 8698.602453202955
-2.0 -2.0 -2.0 -2.0 -2.0 -2.0 -2.0 -2.0 -2.0 -2.0 -2.0 -2.0 -2.0 -2.0 -2.0 -2.0 -2.0 -2.0 -2.0 -2.0 -2 0.0 3372.449874878052 1883.1520080538198 655.8420181277098 2049.7600555447057 13917.080306996557 0.0 313.4730100636211 0.0 0.0 0.0 0.0 0.0 0.0 0.0 0.0 0.0 0.0 0.0 0.0 0.0 0.0 0.0 0.0 0.0 4806.58999621147 14461.12992104753 62723.40065918093 33708.119603302854 33790.750170238396 101273.36904870186 116029.54010652781 111068.18077855704 115937.25018445485 55139.56008626266 52929.530814059726 14052.559938438062 6623.119945545458 4858.20007321666 0.0 3051.5199852007736 0.0 0.0 0.0 0.0 0.0 0.0 0.0 0.0 0.0
-2.0 -2.0 -2.0 -2.0 -2.0 -2.0 -2.0 -2.0 -2.0 -2.0 -2.0 -2.0 -2.0 -2.0 -2.0 -2.0 -2.0 -2.0 -2.0 -2.0 -2.0 -2 275.5749940870379 942.0869827286614 3075.749969470463 0.0 5021.600055696358 0.0 0.0 8820.78990937449 4878.779983506942 4919.800186159138 0.0 0.0 0.0 0.0 0.0 0.0 0.0 0.0 0.0 0.0 6237.409830089728 0.0 0.0 0.0 0.0 0.0 0.0 53871.74052906369 111251.38808632939 106964.95423964047 112396.6074946837 46131.649769528056 97787.46009882016 80475.34977117018 48267.36349575501 17783.010107929964 22506.984799685484 23399.794253768556 14687.64957488678 24537.54033746041 12639.739863863288 9839.600274259741 14584.91986420953 9248.800038086196 4605.77011107304 0.0 0.0 0.0 0.0
-2.0 -2.0 -2.0 -2.0 -2.0 -2.0 -2.0 -2.0 -2.0 -2.0 -2.0 -2.0 -2.0 -2.0 -2.0 -2.0 -2.0 -2.0 -2.0 -2.0 -2.0 -2.0 0.0 0.0 0.0 -2.0 0.0 0.0 8442.750015240144 3780.339736935218 0.0 9660.33405236322 0.0 0.0 4950.460306263657 0.0 840.6419575219611 0.0 0.0 0.0 0.0 0.0 0.0 0.0 0.0 0.0 0.0 0.0 0.0 0.0 4930.029935259544 14790.090606839585 0.0 4550.799919364185 54312.06991720051 9477.29004382978 4483.430021390343 4981.019998193164 0.0 24864.38017778098 44737.56016073228 59312.200249663125 118114.3297972773 86257.43009586819 80435.02054815143 64769.39014141812 14285.190167405577 19813.36965066965 15338.380242607047 3258.4598732002432 930.1929779680504
-2.0 -2.0 -2.0 -2.0 -2.0 -2.0 -2.0 -2.0 -2.0 -2.0 -2.0 -2.0 -2.0 -2.0 -2.0 -2.0 -2.0 -2.0 -2.0 -2.0 -2.0 -2.0 1569.259986880149 10083.71963500001 0.0 0.0 -2.0 0.0 13164.659862486886 9033.329772938918 0.0 10053.380203239853 0.0 0.0 0.0 0.0 0.0 0.0 0.0 0.0 13102.639657596763 5041.859849224401 0.0 19763.069627613622 10083.719841233773 0.0 0.0 0.0 0.0 0.0 0.0 0.0 0.0 0.0 0.0 14894.519942412819 5021.630096427591 24955.580211857156 75406.54258473165 135527.59933614227 145395.9050977601 150388.65355184197 125540.37887953594 135593.65928519864 120517.66020518415 136377.54918477923 145088.43931153943 140516.594926826 135393.44370682893 93238.21681096432 79161.74520753555
-2.0 -2.0 -2.0 -2.0 -2.0 -2.0 -2.0 -2.0 -2.0 -2.0 -2.0 -2.0 -2.0 -2.0 -2.0 -2.0 -2.0 -2.0 -2.0 -2.0 -2.0 -2.0 8809.110031101627 44737.48016351632 28021.240615916424 2698.910026548349 -2.0 0.0 4626.5168523775865 17005.01040454312 11671.730161009644 3796.5499877807288 0.0 0.0 0.0 0.0 0.0 0.0 0.0 0.0 4378.229937124755 4764.569854730918 0.0 38549.10174486547 0.0 0.0 0.0 0.0 0.0 0.0 0.0 0.0 0.0 0.0 0.0 10194.59026456787 40498.836051287886 55894.18988826829 111218.80151847875 139077.50179765964 142284.37599027465 168025.60198578454 174449.6453841243 156764.10821918136 162403.15983119645 140841.84522587727 135223.4669522754 137017.2971370356 131585.60056958126 106680.97127165973 106184.39419025836
-2.0 -2.0 -2.0 -2.0 -2.0 -2.0 -2.0 -2.0 -2.0 -2.0 -2.0 -2.0 -2.0 -2.0 -2.0 -2.0 -2.0 -2.0 -2.0 -2.0 -2.0 -2.0 -2.0 2993.899936676581 3445.9700012249414 3785.709944881079 -2.0 -2.0 0.0 0.0 942.685036660259 12940.779800414923 3301.7397880538456 0.0 0.0 0.0 0.0 0.0 0.0 0.0 0.0 0.0 0.0 10264.770165375568 5162.3906081953155 0.0 0.0 0.0 0.0 0.0 0.0 0.0 0.0 15083.081436131142 0.0 0.0 0.0 5122.390032124892 61668.81068069014 168556.49220251376 176181.68095236036 182264.8999524533 171937.77087186894 167302.85895481295 162488.34964493185 143379.9807385023 128419.94087472136 133545.75446786368 133244.31045209346 127814.46758267112 122534.52975332392
-2.0 -2.0 -2.0 -2.0 -2.0 -2.0 -2.0 -2.0 -2.0 -2.0 -2.0 -2.0 -2.0 -2.0 -2.0 -2.0 -2.0 -2.0 -2.0 -2.0 -2.0 -2.0 -2.0 -2.0 0.0 2370.6700038918925 0.0 -2.0 -2.0 -2.0 0.0 2984.0399551489973 4585.769920350163 0.0 0.0 0.0 0.0 0.0 0.0 0.0 0.0 0.0 0.0 5172.370387907589 10364.650083388278 0.0 0.0 0.0 0.0 0.0 0.0 0.0 0.0 0.0 0.0 0.0 0.0 5172.370147701172 10414.369964604191 87021.68073405988 153430.7539688504 165331.4280973734 166046.11438615053 124260.44871584256 153951.54579823365 124813.17890592435 135187.78798298998 134991.33741861107 135120.79930675513 114310.74122786355 124757.5426933833
-2.0 -2.0 -2.0 -2.0 -2.0 -2.0 -2.0 -2.0 -2.0 -2.0 -2.0 -2.0 -2.0 -2.0 -2.0 -2.0 -2.0 -2.0 -2.0 -2.0 -2.0 -2.0 -2.0 -2.0 -2.0 0.0 0.0 -2.0 -2.0 -2.0 -2.0 0.0 1503.3200264005347 0.0 5281.349945061338 0.0 0.0 0.0 5231.980133048202 0.0 0.0 5261.629648428021 0.0 0.0 15291.2939216395 5271.500015264035 0.0 0.0 0.0 0.0 0.0 0.0 0.0 0.0 0.0 0.0 0.0 0.0 20147.6398814282 162539.70165402413 167393.94735808708 181683.66230923 157533.31080872173 153832.83966668157 126278.87993071074 125114.06426908643 125992.04009248476 84146.28023468696 52564.6752169805 57932.176685509534 130912.58152499412
-2.0 -2.0 -2.0 -2.0 -2.0 -2.0 -2.0 -2.0 -2.0 -2.0 -2.0 -2.0 -2.0 -2.0 -2.0 -2.0 -2.0 -2.0 -2.0 -2.0 -2.0 -2.0 -2.0 -2.0 -2.0 -2.0 -2.0 -2.0 -2.0 -2.0 -2.0 -2.0 190.02300500893668 1144.3400382952736 10680.460357638238 0.0 0.0 0.0 0.0 0.0 3527.460098267195 0.0 0.0 0.0 31835.520068493675 0.0 5330.440228157026 0.0 0.0 0.0 0.0 0.0 0.0 0.0 0.0 0.0 0.0 0.0 0.0 84896.11205185449 169732.1986888014 159481.68115479633 158390.25709368047 133035.47943903948 117004.9723372935 127536.00269550578 132927.48185172238 132966.7308917382 132907.94203375306 132927.48128183003 132841.00318747765
-2.0 -2.0 -2.0 -2.0 -2.0 -2.0 -2.0 -2.0 -2.0 -2.0 -2.0 -2.0 -2.0 -2.0 -2.0 -2.0 -2.0 -2.0 -2.0 -2.0 -2.0 -2.0 -2.0 -2.0 -2.0 -2.0 -2.0 -2.0 -2.0 -2.0 -2.0 -2.0 -2.0 0.0 3547.7100372370733 15226.330184935568 15431.909942650149 8124.289894109105 0.0 0.0 0.0 4410.670089727999 0.0 10758.499908436012 5350.000115067871 21322.079765990893 0.0 0.0 0.0 0.0 2588.870048515544 0.0 0.0 0.0 0.0 0.0 0.0 0.0 0.0 42994.989966141795 135671.5619467183 169057.51884420434 160009.400404134 150423.2584010697 139830.9174676271 134364.02937683504 134422.558500118 138603.0975223387 134325.11970422437 144035.7155896343 145013.54543671757
-2.0 -2.0 -2.0 -2.0 -2.0 -2.0 -2.0 -2.0 -2.0 -2.0 -2.0 -2.0 -2.0 -2.0 -2.0 -2.0 -2.0 -2.0 -2.0 -2.0 -2.0 -2.0 -2.0 -2.0 -2.0 -2.0 -2.0 -2.0 -2.0 -2.0 -2.0 -2.0 0.0 0.0 8299.241924283482 3598.979949955914 10275.959777863804 9875.949684169 10602.410125722994 13198.900032063088 3295.4399108822813 0.0 0.0 0.0 0.0 0.0 10855.560235303494 10328.569785153113 41989.68210026361 10477.529501756191 25256.92425310665 6146.033962974222 0.0 0.0 0.0 0.0 0.0 0.0 0.0 5408.399934784021 124933.37803715773 156975.3667485499 167545.6016386011 161584.81074949092 151632.69227431275 141236.18360343378 135877.8313148827 135810.18111187505 135877.94073146727 150991.27353497175 146694.31541655632
-2.0 -2.0 -2.0 -2.0 -2.0 -2.0 -2.0 -2.0 -2.0 -2.0 -2.0 -2.0 -2.0 -2.0 -2.0 -2.0 -2.0 -2.0 -2.0 -2.0 -2.0 -2.0 -2.0 -2.0 -2.0 -2.0 -2.0 -2.0 -2.0 -2.0 -2.0 -2.0 -2.0 489.78800773612846 551.4380264276049 1102.880020143209 1632.7840042138064 0.0 8783.926863060855 14505.341839854782 10980.839937387937 3070.0000762822547 3520.299911510842 0.0 0.0 0.0 5466.389874362367 9857.700040122763 27447.300037699064 0.0 51089.761937512725 10980.860355775452 0.0 0.0 0.0 0.0 0.0 0.0 0.0 0.0 49409.01902129002 115100.6849226027 159072.25353210542 142789.1892306288 169468.10949559038 161177.80947349992 142770.05993276509 152258.97132094635 137370.84032973458 148236.3709486287 136861.00164204428
-2.0 -2.0 -2.0 -2.0 -2.0 -2.0 -2.0 -2.0 -2.0 -2.0 -2.0 -2.0 -2.0 -2.0 -2.0 -2.0 -2.0 -2.0 -2.0 -2.0 -2.0 -2.0 -2.0 -2.0 -2.0 -2.0 -2.0 -2.0 -2.0 -2.0 -2.0 -2.0 -2.0 -2.0 0.0 3311.2619638444357 874.0480041531974 16290.3701782612 29191.260531908105 20721.08122157248 1327.7379989673568 2213.4080505403695 2371.0448360476107 5571.620178219085 6306.402130125532 5543.059921265795 0.0 0.0 0.0 17687.286122397236 14099.254336994114 0.0 0.0 0.0 0.0 0.0 0.0 27493.345374475226 0.0 0.0 33344.06038962074 94374.82056447236 148327.23185337198 169430.20895555007 177067.05698867235 155211.64202289341 138881.30163139937 144290.77245415412 144185.95049225795 133138.03013566366 138617.76545990797
-2.0 -2.0 -2.0 -2.0 -2.0 -2.0 -2.0 -2.0 -2.0 -2.0 -2.0 -2.0 -2.0 -2.0 -2.0 -2.0 -2.0 -2.0 -2.0 -2.0 -2.0 -2.0 -2.0 -2.0 -2.0 -2.0 -2.0 -2.0 -2.0 -2.0 -2.0 -2.0 -2.0 -2.0 -2.0 -2.0 0.0 12229.699760062515 5609.540176401294 6934.84605492672 21038.040994499977 31861.507745632396 21359.764724206863 88148.93896620916 64348.22297319769 23045.09237488037 4538.169860841841 0.0 0.0 38972.1315873594 16838.01973254614 5628.4198981463815 5628.4199070918285 5628.419991146805 0.0 11247.409600968494 5628.419790943642 5581.119725387436 5427.410125735039 0.0 22352.931089500697 95116.96893591183 145743.54074187565 140013.34420991404 151362.5605388487 112247.33308659491 112152.53981948472 140152.91036678242 140134.02056762733 134373.21236234234 128310.8810412976
-2.0 -2.0 -2.0 -2.0 -2.0 -2.0 -2.0 -2.0 -2.0 -2.0 -2.0 -2.0 -2.0 -2.0 -2.0 -2.0 -2.0 -2.0 -2.0 -2.0 -2.0 -2.0 -2.0 -2.0 -2.0 -2.0 -2.0 -2.0 -2.0 -2.0 -2.0 -2.0 -2.0 -2.0 -2.0 -2.0 -2.0 -2.0 0.0 0.0 0.0 18561.515284960606 22190.181030990698 43132.75784172521 42059.28173458031 0.0 5647.259902954014 0.0 5684.790152987247 45375.19989588358 85009.31085659657 22636.0199261362 22254.200581565427 16855.630417775847 0.0 1666.2399291986817 11070.236935749934 5647.259809358403 21445.836825383303 11360.219955452454 5684.79003907067 11285.110110041605 33921.10944393664 124483.78925145992 146982.3813157689 152714.0865392949 186750.46151039208 181171.2406293148 198170.39189322354 185445.57967616632 146965.04416099875
-2.0 -2.0 -2.0 -2.0 -2.0 -2.0 -2.0 -2.0 -2.0 -2.0 -2.0 -2.0 -2.0 -2.0 -2.0 -2.0 -2.0 -2.0 -2.0 -2.0 -2.0 -2.0 -2.0 -2.0 -2.0 -2.0 -2.0 -2.0 -2.0 -2.0 -2.0 -2.0 -2.0 -2.0 -2.0 -2.0 -2.0 -2.0 -2.0 0.0 5595.9649706009395 0.0 23124.06675336843 38219.34363838217 66379.90821002869 0.0 5740.729904187387 5731.439971923849 45721.16012855628 131308.7801710114 113357.12062429877 56960.969808418544 71537.21978612931 54929.26029060841 39674.030453934094 5740.729873534546 8730.783358242034 16653.687384561854 40002.97047422866 28619.980134571702 70764.36144040397 11453.580093408002 0.0 79988.64050006159 142950.59014654305 165588.86000899167 188699.49278491066 205828.6209202556 205753.68086867372 160042.25089651882 154320.2493693066
-2.0 -2.0 -2.0 -2.0 -2.0 -2.0 -2.0 -2.0 -2.0 -2.0 -2.0 -2.0 -2.0 -2.0 -2.0 -2.0 -2.0 -2.0 -2.0 -2.0 -2.0 -2.0 -2.0 -2.0 -2.0 -2.0 -2.0 -2.0 -2.0 -2.0 -2.0 -2.0 -2.0 -2.0 -2.0 -2.0 -2.0 -2.0 -2.0 0.0 1399.1000175487402 0.0 0.0 12970.389405183227 50507.90958330984 22006.510089181775 17296.329879740548 11583.239776552273 115647.69843471267 155733.88918238244 136546.33052357216 153748.79781247262 149442.1881373 149109.11760823487 126278.6671969681 44479.11892940158 0.0 5768.5399093996275 17259.29985046516 80861.01969867539 109562.65728399475 5759.280014036554 0.0 5787.009931628942 149940.40721255302 167177.26005353837 204987.23793 207733.59844911975 202036.86883638328 190462.84861369757 173175.82895885746
-2.0 -2.0 -2.0 -2.0 -2.0 -2.0 -2.0 -2.0 -2.0 -2.0 -2.0 -2.0 -2.0 -2.0 -2.0 -2.0 -2.0 -2.0 -2.0 -2.0 -2.0 -2.0 -2.0 -2.0 -2.0 -2.0 -2.0 -2.0 -2.0 -2.0 -2.0 -2.0 -2.0 -2.0 -2.0 -2.0 -2.0 -2.0 -2.0 -2.0 11876.339893478633 5851.289915349499 23451.954198663418 31604.717573445043 84753.61644859427 5124.199082250764 23276.910018928782 51798.692949816614 123104.85521668702 139476.1120596396 146511.37131676966 157193.79370050255 156761.99330172216 162844.66141670404 163176.48123819267 34933.6806069962 0.0 0.0 0.0 46353.28545711518 116197.8053761014 17535.5904559934 29256.450575701514 23313.460604469783 145604.28183800913 163005.72583386174 161156.1638799726 122217.47038745393 192313.9619113576 203979.83163432684 162623.0472147681
-2.0 -2.0 -2.0 -2.0 -2.0 -2.0 -2.0 -2.0 -2.0 -2.0 -2.0 -2.0 -2.0 -2.0 -2.0 -2.0 -2.0 -2.0 -2.0 -2.0 -2.0 -2.0 -2.0 -2.0 -2.0 -2.0 -2.0 -2.0 -2.0 -2.0 -2.0 -2.0 -2.0 -2.0 -2.0 -2.0 -2.0 -2.0 -2.0 -2.0 11335.483870539254 26445.15085822651 29411.45886868218 95758.66852964269 17581.290357980175 11775.499725325753 5878.659820564125 135349.61912209433 133476.05393378664 122185.18910159459 123218.40022263942 140714.57897161218 140153.27032443095 87356.84035201893 138746.03591710006 81605.92400101041 5896.839847038257 0.0 0.0 0.0 59843.63669196218 63232.9686374871 94203.81896830231 100127.82004208432 103459.152038758 134400.54564880455 88325.18976340225 53014.61415383686 94167.29067191044 147020.54130865645 76667.84104808976
-2.0 -2.0 -2.0 -2.0 -2.0 -2.0 -2.0 -2.0 -2.0 -2.0 -2.0 -2.0 -2.0 -2.0 -2.0 -2.0 -2.0 -2.0 -2.0 -2.0 -2.0 -2.0 -2.0 -2.0 -2.0 -2.0 -2.0 -2.0 -2.0 -2.0 -2.0 -2.0 -2.0 -2.0 -2.0 -2.0 -2.0 -2.0 -2.0 -2.0 -2.0 20100.605291172542 17844.209975747344 46110.410677442196 0.0 5960.070037852419 17844.210178587287 118633.60202650634 146042.30232249614 142245.66235498106 140252.26105105167 112115.1811513578 91917.38171654077 53307.03016797641 127870.87166402377 87955.37019830302 107020.08090758494 5960.070041198313 0.0 0.0 63846.927939743575 23714.10008772123 29656.19083224142 93863.2413179497 47367.29425057717 148448.03817369437 130661.92215319125 124692.85321541446 82972.20025413598 184059.21144373005 195997.49142573102
-2.0 -2.0 -2.0 -2.0 -2.0 -2.0 -2.0 -2.0 -2.0 -2.0 -2.0 -2.0 -2.0 -2.0 -2.0 -2.0 -2.0 -2.0 -2.0 -2.0 -2.0 -2.0 -2.0 -2.0 -2.0 -2.0 -2.0 -2.0 -2.0 -2.0 -2.0 -2.0 -2.0 -2.0 -2.0 -2.0 -2.0 -2.0 -2.0 -2.0 -2.0 0.0 21548.71879814843 100591.74774270151 38346.10202299181 6004.860331994784 58337.53848268204 111153.89867281666 130859.1604318355 116863.84760999714 140227.90073127818 142655.92945926465 89107.91508716263 60039.59880354334 101858.82006461306 101948.45960655353 47541.89954191612 0.0 0.0 0.0 11964.990121152234 24019.430173348548 29997.47991188379 77153.66896898286 137652.9130951026 179478.24960211432 169256.09085095357 77222.3796419755 113788.32121728771 185474.90185667895 215446.95935905384
-2.0 -2.0 -2.0 -2.0 -2.0 -2.0 -2.0 -2.0 -2.0 -2.0 -2.0 -2.0 -2.0 -2.0 -2.0 -2.0 -2.0 -2.0 -2.0 -2.0 -2.0 -2.0 -2.0 -2.0 -2.0 -2.0 -2.0 -2.0 -2.0 -2.0 -2.0 -2.0 -2.0 -2.0 -2.0 -2.0 -2.0 -2.0 -2.0 -2.0 -2.0 12045.378988525517 122524.47277468025 160280.9664731941 55140.16702084195 6022.689819325909 96647.12075489796 102696.37890223716 108710.25964622333 102501.79880260825 96647.26103823517 126840.53961563046 78043.67705641275 78623.41051233589 42185.49982044326 54310.71957313753 24143.989927841663 6022.690058316835 6058.190155043331 12063.159942640514 12063.159689723581 36032.00057768864 66622.29016490505 156826.23606258244 175172.67495335176 84483.2258172351 0.0 36180.58919954118 12045.379638688572 78401.5390330444 126756.43429437821
-2.0 -2.0 -2.0 -2.0 -2.0 -2.0 -2.0 -2.0 -2.0 -2.0 -2.0 -2.0 -2.0 -2.0 -2.0 -2.0 -2.0 -2.0 -2.0 -2.0 -2.0 -2.0 -2.0 -2.0 -2.0 -2.0 -2.0 -2.0 -2.0 -2.0 -2.0 -2.0 -2.0 -2.0 -2.0 -2.0 -2.0 -2.0 -2.0 -2.0 16980.258718257606 5738.116846509707 128211.96816050974 102022.48670111934 0.0 11885.440063457145 107422.58188436988 79109.53027460407 91428.31972857099 91481.3217770568 115714.37909559095 24365.119552748318 30546.37986352595 115401.67664419886 97583.49992381378 91481.09015414242 54748.495654818646 0.0 0.0 6075.859832779737 6084.6803272615025 24312.259471564772 42548.65952202155 91366.80079381677 79215.09924699474 30511.38973006553 18222.924134997487 0.0 0.0 24365.119664823666 121237.47789925977
-2.0 -2.0 -2.0 -2.0 -2.0 -2.0 -2.0 -2.0 -2.0 -2.0 -2.0 -2.0 -2.0 -2.0 -2.0 -2.0 -2.0 -2.0 -2.0 -2.0 -2.0 -2.0 -2.0 -2.0 -2.0 -2.0 -2.0 -2.0 -2.0 -2.0 -2.0 -2.0 -2.0 -2.0 -2.0 -2.0 -2.0 -2.0 -2.0 -2.0 9172.560119614844 0.0 135809.66806402008 39772.8981577423 0.0 18438.120160267776 129079.10490603652 85385.6079241415 61521.36080316788 86157.70109280542 61442.80114720078 42952.37030992514 67597.59073126105 104447.55091333481 116974.95028269719 102499.94527573037 61599.659873464254 18516.449767270107 0.0 0.0 6128.5800416895345 12265.900169602879 12300.779752424784 30703.95005455624 36928.4705087375 55471.11033798201 18507.760365357506 0.0 0.0 30686.540216082492 92173.00162424975
-2.0 -2.0 -2.0 -2.0 -2.0 -2.0 -2.0 -2.0 -2.0 -2.0 -2.0 -2.0 -2.0 -2.0 -2.0 -2.0 -2.0 -2.0 -2.0 -2.0 -2.0 -2.0 -2.0 -2.0 -2.0 -2.0 -2.0 -2.0 -2.0 -2.0 -2.0 -2.0 -2.0 -2.0 -2.0 -2.0 -2.0 -2.0 -2.0 -2.0 14667.033767703146 4281.33995462842 29896.959468164594 12361.640504775218 0.0 18285.31519233179 54822.020678215034 68239.68100906762 74437.84056205805 68291.54072069254 74524.23062496769 93109.72078265774 99238.95107898988 105445.75133366676 136332.6004042449 182206.38876207088 109361.45701668906 49740.320777932124 12413.520140198947 6224.000033741822 18211.56508186979 24896.000766865844 31033.80971702711 43378.16030798061 79566.52023443267 120082.36863724413 55652.400402924235 30904.497583547523 6198.1299039739015 24870.1705431551 55964.330144324034
