critload/trunk/input/1999/a_crop.asc
ncols 720
nrows 360
xllcorner -180
yllcorner -90
cellsize 0.5
NODATA_value -1
[rows 222 to 258 of 360, columns 581 to 663 of 720]
-1 -1 -1 -1 -1 -1 -1 -1 -1 -1 0.0 0.0 0.0 0.0 0.0 0.0 0.0 0.0 0.0 0.0 0.0 0.0 0.0 0.0 0.0 0.0 0.0 0.0 0.0 0.0 0.0 0.0 0.0 0.0 0.0 0.0 0.0 0.0 0.0 0.0 0.0 0.0 0.0 0.0 0.0 0.0 0.0 0.0 0.0 0.0 0.0 0.0 0.0 0.0 0.0 0.0 0.0 0.0 0.0 0.0 0.0 0.0 0.0 0.0 0.0 0.0 19200.575842837043 0.0 0.0 0.0 0.0 0.0 257.92156634859253 32712.110842231992 403.0820665014317 551.9135010246289 64667.66983352189 67969.77728679187 -1 -1 -1 -1 -1
-1 -1 -1 -1 -1 -1 0.0 0.0 0.0 0.0 0.0 0.0 0.0 0.0 0.0 0.0 0.0 0.0 0.0 0.0 0.0 0.0 0.0 0.0 0.0 0.0 0.0 0.0 0.0 0.0 0.0 0.0 0.0 0.0 0.0 0.0 0.0 0.0 0.0 0.0 0.0 0.0 0.0 0.0 0.0 0.0 0.0 0.0 0.0 0.0 0.0 0.0 0.0 0.0 0.0 0.0 0.0 0.0 0.0 0.0 0.0 0.0 0.0 0.0 0.0 0.0 0.0 0.0 12763.74315265504 0.0 0.0 0.0 0.0 1564.917409421352 0.0 0.0 662.8036123537064 13485.785709022788 -1 -1 -1 -1 -1
-1 -1 -1 -1 -1 -1 0.0 0.0 0.0 0.0 0.0 0.0 0.0 0.0 0.0 0.0 0.0 0.0 0.0 0.0 0.0 0.0 0.0 0.0 0.0 0.0 0.0 0.0 0.0 0.0 0.0 0.0 0.0 0.0 0.0 0.0 0.0 0.0 0.0 0.0 0.0 0.0 0.0 0.0 0.0 0.0 0.0 0.0 0.0 0.0 0.0 0.0 0.0 0.0 0.0 0.0 0.0 0.0 0.0 0.0 0.0 0.0 0.0 0.0 0.0 0.0 0.0 0.0 6351.904273026505 12718.912143708429 0.0 0.0 0.0 6012.5313313789675 50419.602657589574 326.72774419167905 2832.6292187013805 2510.1509461011215 231.51593753205773 590.3257241864641 1962.7473878864262 -1 -1
-1 -1 -1 -1 -1 -1 0.0 176.76579356207318 0.0 0.0 0.0 0.0 0.0 0.0 0.0 0.0 0.0 0.0 0.0 0.0 0.0 0.0 0.0 0.0 0.0 0.0 0.0 0.0 0.0 0.0 0.0 0.0 0.0 0.0 0.0 0.0 0.0 0.0 0.0 0.0 0.0 0.0 0.0 0.0 0.0 0.0 0.0 0.0 0.0 0.0 0.0 0.0 0.0 0.0 0.0 0.0 0.0 0.0 0.0 0.0 0.0 0.0 0.0 0.0 0.0 0.0 0.0 0.0 0.0 6344.271974548266 0.0 0.0 0.0 0.0 43648.68849076124 7519.294301303531 1900.6950959758155 1994.493991136252 1389.7283397751173 857.6086302233713 75.5823290347169 -1 -1
-1 -1 -1 -1 -1 -1 0.0 0.0 0.0 0.0 0.0 0.0 0.0 0.0 0.0 0.0 0.0 0.0 0.0 0.0 0.0 0.0 0.0 0.0 0.0 0.0 0.0 0.0 0.0 0.0 0.0 0.0 0.0 0.0 0.0 0.0 0.0 0.0 0.0 0.0 0.0 0.0 0.0 0.0 0.0 0.0 0.0 0.0 0.0 0.0 0.0 0.0 0.0 0.0 0.0 0.0 0.0 0.0 0.0 0.0 0.0 0.0 0.0 0.0 0.0 0.0 0.0 0.0 0.0 0.0 0.0 0.0 0.0 177.7959100903831 406.974131846844 67427.3601511021 1588.536983097685 5847.444735422509 2924.9187422089167 11273.66903624832 4224.891848730677 -1 -1
-1 -1 -1 -1 -1 -1 0.0 0.0 0.0 0.0 0.0 0.0 0.0 0.0 0.0 0.0 0.0 0.0 0.0 0.0 0.0 0.0 0.0 0.0 0.0 0.0 0.0 0.0 0.0 0.0 0.0 0.0 0.0 0.0 0.0 0.0 0.0 0.0 0.0 0.0 0.0 0.0 0.0 0.0 0.0 0.0 50.494661144939656 0.0 0.0 0.0 0.0 0.0 0.0 0.0 0.0 0.0 0.0 0.0 0.0 0.0 0.0 0.0 0.0 0.0 0.0 0.0 0.0 0.0 0.0 0.0 6285.319747920596 0.0 0.0 41.34295616300232 2768.431591941142 68106.75554891037 11257.275162368484 0.0 12475.161660408283 17595.162700516503 1230.2048431774188 547.0565171552291 -1
-1 -1 -1 -1 -1 837.3897243763919 0.0 0.0 0.0 0.0 0.0 0.0 0.0 0.0 0.0 0.0 0.0 0.0 0.0 0.0 0.0 0.0 0.0 0.0 0.0 0.0 0.0 0.0 0.0 0.0 0.0 0.0 0.0 0.0 0.0 0.0 0.0 0.0 0.0 0.0 0.0 0.0 0.0 0.0 0.0 0.0 0.0 0.0 0.0 0.0 0.0 0.0 0.0 0.0 0.0 0.0 0.0 0.0 0.0 0.0 0.0 0.0 0.0 0.0 0.0 0.0 0.0 0.0 0.0 0.0 0.0 0.0 0.0 0.0 0.0 11094.131948790488 14133.622728107928 1184.1572592498792 13090.155432276482 24811.87789628954 20055.88742167082 750.0753632196407 1821.8096071950145
-1 -1 -1 -1 -1 338.1521454078462 2943.1391976684704 0.0 0.0 0.0 0.0 0.0 0.0 0.0 0.0 0.0 0.0 0.0 0.0 0.0 0.0 0.0 0.0 0.0 0.0 0.0 0.0 0.0 0.0 0.0 0.0 0.0 0.0 0.0 0.0 0.0 0.0 0.0 0.0 0.0 0.0 0.0 0.0 0.0 0.0 0.0 0.0 0.0 0.0 0.0 0.0 0.0 0.0 0.0 0.0 0.0 0.0 0.0 0.0 0.0 0.0 0.0 0.0 0.0 0.0 0.0 0.0 0.0 0.0 0.0 0.0 0.0 0.0 0.0 14.63151639326079 5447.222241446085 4512.39244453223 22079.439796214494 22327.05388176199 25688.953161318685 7836.333560714969 52516.6255538726 3515.4568755978207
-1 -1 -1 -1 -1 -1 0.0 6202.064285284355 0.0 0.0 0.0 0.0 0.0 0.0 0.0 0.0 0.0 0.0 0.0 0.0 0.0 0.0 0.0 0.0 0.0 0.0 0.0 0.0 0.0 0.0 0.0 0.0 0.0 0.0 0.0 0.0 0.0 0.0 0.0 0.0 0.0 0.0 0.0 0.0 0.0 0.0 0.0 0.0 0.0 0.0 0.0 0.0 0.0 0.0 0.0 0.0 0.0 0.0 0.0 0.0 0.0 0.0 0.0 0.0 0.0 0.0 0.0 0.0 0.0 0.0 0.0 0.0 0.0 0.0 0.0 0.0 100.85552344095262 175.80466881359763 1691.6196759655518 7196.356137846996 0.0 9386.25241173279 17744.523081012165
-1 -1 -1 -1 0.0 123.82240304715287 0.0 201.61355137939756 0.0 0.0 0.0 0.0 0.0 0.0 6176.064033499234 0.0 0.0 0.0 0.0 0.0 0.0 0.0 0.0 0.0 0.0 0.0 0.0 0.0 0.0 0.0 0.0 0.0 0.0 0.0 0.0 0.0 0.0 0.0 0.0 0.0 0.0 0.0 0.0 0.0 0.0 0.0 0.0 0.0 0.0 0.0 0.0 0.0 0.0 0.0 0.0 0.0 0.0 0.0 0.0 0.0 0.0 0.0 0.0 0.0 0.0 0.0 0.0 0.0 0.0 0.0 0.0 0.0 6.16065226495242 0.0 0.0 1372.006905078373 645.6635834665524 2433.2696001977765 23246.508108269518 3961.688482861475 976.8403306498207 10688.158760330534 9775.851942591078
-1 -1 -1 -1 -1 3901.772227696605 171.32469359772384 93.55256245445906 0.0 0.0 0.0 0.0 6149.591979974549 0.0 0.0 6162.8804016246 0.0 0.0 0.0 0.0 0.0 0.0 0.0 0.0 0.0 0.0 0.0 0.0 0.0 0.0 0.0 0.0 0.0 0.0 0.0 0.0 0.0 0.0 0.0 0.0 0.0 0.0 0.0 0.0 0.0 0.0 0.0 0.0 0.0 0.0 0.0 0.0 0.0 0.0 0.0 0.0 0.0 0.0 0.0 0.0 0.0 0.0 0.0 0.0 0.0 0.0 0.0 0.0 0.0 0.0 0.0 0.0 0.0 0.0 428.70445428411625 84.01832249942548 11524.135786299006 270.27483964366405 13335.801036302097 7709.806430794573 712.0468141057356 8149.273361579574 34510.22119215408
-1 -1 -1 -1 -1 0.0 3103.0960371755364 0.0 0.0 0.0 0.0 0.0 0.0 0.0 0.0 0.0 0.0 0.0 0.0 0.0 0.0 0.0 0.0 0.0 0.0 0.0 0.0 0.0 0.0 0.0 0.0 0.0 0.0 0.0 0.0 0.0 0.0 0.0 0.0 0.0 0.0 0.0 0.0 0.0 0.0 0.0 0.0 0.0 0.0 0.0 0.0 0.0 0.0 0.0 0.0 0.0 0.0 0.0 0.0 0.0 0.0 0.0 0.0 0.0 0.0 0.0 0.0 0.0 0.0 0.0 0.0 0.0 0.0 0.0 683.138815499747 6301.355564611642 21890.24319647463 16057.619285600556 32962.5528617371 13445.77094845939 45987.22019766026 23463.404370188488 64850.699804948745
-1 -1 -1 -1 -1 -1 0.0 328.04311076274763 0.0 0.0 0.0 0.0 0.0 0.0 0.0 0.0 6109.000110626758 0.0 0.0 0.0 0.0 0.0 0.0 0.0 0.0 0.0 0.0 0.0 0.0 0.0 0.0 0.0 0.0 0.0 0.0 0.0 0.0 0.0 0.0 0.0 0.0 0.0 0.0 0.0 0.0 0.0 0.0 0.0 0.0 0.0 0.0 0.0 0.0 0.0 0.0 0.0 0.0 0.0 0.0 0.0 0.0 0.0 0.0 0.0 0.0 0.0 0.0 0.0 0.0 0.0 0.0 0.0 0.0 0.0 0.0 2655.7604936128496 4684.251749524132 11930.152914111766 14960.77743331722 25972.811856116066 2121.906050183781 81861.76426477572 39833.75001102023
-1 -1 -1 -1 -1 -1 -1 29989.17848660152 82959.95865385994 7283.259798589296 0.0 0.0 0.0 0.0 0.0 0.0 0.0 0.0 0.0 0.0 0.0 0.0 0.0 0.0 0.0 0.0 0.0 0.0 0.0 0.0 0.0 0.0 0.0 0.0 0.0 0.0 0.0 0.0 0.0 0.0 0.0 0.0 0.0 0.0 0.0 0.0 0.0 0.0 0.0 0.0 0.0 0.0 0.0 0.0 0.0 0.0 0.0 0.0 0.0 0.0 0.0 0.0 0.0 0.0 0.0 0.0 0.0 0.0 0.0 0.0 223.35211900081737 0.0 0.0 0.0 864.4998655859077 5150.20615397455 6122.497689743381 6598.461079601175 46026.82337693263 30126.901838972753 2795.85360391814 69861.49766580925 88064.31070876271
-1 -1 -1 -1 -1 -1 -1 75464.00103027617 189139.99979664534 176911.22911624267 32745.102569396844 0.0 0.0 0.0 0.0 0.0 0.0 0.0 0.0 0.0 0.0 0.0 0.0 0.0 0.0 0.0 0.0 0.0 0.0 0.0 0.0 0.0 0.0 0.0 0.0 0.0 0.0 0.0 0.0 0.0 0.0 0.0 0.0 0.0 0.0 0.0 0.0 0.0 0.0 0.0 0.0 0.0 0.0 -1 0.0 0.0 0.0 0.0 0.0 0.0 0.0 0.0 0.0 0.0 0.0 0.0 0.0 0.0 0.0 0.0 288.77038955775777 0.0 0.0 0.0 918.9816117290922 27904.911297105817 42605.39868398925 27544.226730406033 54676.162917382935 56649.91438759762 22614.89321753616 17742.084304442677 26055.67754962571
-1 -1 -1 -1 -1 -1 -1 -1 163120.67398850402 201725.79388776873 213829.1349855831 42932.1404507838 0.0 0.0 0.0 0.0 0.0 0.0 0.0 0.0 0.0 0.0 0.0 0.0 0.0 0.0 0.0 0.0 0.0 0.0 0.0 0.0 0.0 0.0 0.0 0.0 0.0 0.0 0.0 0.0 0.0 0.0 0.0 0.0 0.0 0.0 0.0 0.0 0.0 0.0 0.0 0.0 0.0 0.0 0.0 0.0 0.0 0.0 0.0 0.0 0.0 0.0 0.0 0.0 0.0 0.0 0.0 0.0 0.0 0.0 0.0 0.0 0.0 1109.802436829766 4160.7546110741805 12240.988932057695 33645.5320190974 49536.40658468956 91325.06376591956 95008.1506398951 45476.69326724731 6762.294817939984 17887.458966493836
-1 -1 -1 -1 -1 -1 -1 -1 47013.95720257978 191856.04028024423 185777.33110401468 160246.1158716589 9268.998132810339 0.0 0.0 0.0 0.0 0.0 0.0 0.0 0.0 0.0 0.0 0.0 0.0 0.0 0.0 0.0 0.0 0.0 0.0 0.0 0.0 0.0 0.0 0.0 0.0 0.0 0.0 0.0 0.0 0.0 0.0 0.0 0.0 0.0 0.0 0.0 0.0 0.0 0.0 0.0 0.0 0.0 0.0 0.0 0.0 0.0 0.0 0.0 0.0 0.0 0.0 0.0 0.0 0.0 0.0 0.0 0.0 0.0 0.0 0.0 451.55982971168305 9829.473924624164 6622.0372748432455 11378.565585953205 46589.42807883275 89799.14735139745 104254.2054069737 41798.79529825489 41274.43348639538 41413.678133672205 19723.967706522646
-1 -1 -1 -1 -1 -1 -1 -1 0.0 131816.3122110744 202763.14130771536 240062.89438282436 135235.98255151632 13463.689553568729 0.0 0.0 0.0 0.0 0.0 0.0 0.0 0.0 0.0 0.0 0.0 0.0 0.0 0.0 0.0 0.0 0.0 0.0 0.0 0.0 0.0 0.0 0.0 0.0 0.0 0.0 0.0 0.0 0.0 0.0 0.0 0.0 0.0 0.0 0.0 0.0 0.0 0.0 0.0 0.0 0.0 0.0 0.0 0.0 0.0 0.0 0.0 0.0 0.0 0.0 0.0 0.0 0.0 0.0 0.0 0.0 220.4633678500585 0.0 8439.528186324827 8926.567268727713 23261.00703092689 31494.255496325313 86948.70118441769 86228.4813603643 83923.03655446232 66442.8835288099 90955.03905456951 109502.82016399158 56373.83882008722
-1 -1 -1 -1 -1 -1 -1 -1 -1 143998.45911395096 149689.4475147473 225510.4121781137 238844.304103734 179822.15269588283 162595.11652793083 34171.40932259304 637.5119853756513 0.0 0.0 0.0 0.0 0.0 0.0 0.0 0.0 0.0 0.0 0.0 0.0 0.0 0.0 0.0 0.0 0.0 0.0 0.0 0.0 0.0 0.0 0.0 0.0 0.0 0.0 0.0 0.0 0.0 0.0 0.0 0.0 0.0 0.0 0.0 0.0 0.0 0.0 0.0 0.0 0.0 0.0 0.0 0.0 0.0 0.0 0.0 0.0 0.0 0.0 0.0 0.0 0.0 12702.493430513226 4303.655395330932 3461.195421954298 17744.28720830816 34683.34259920468 92079.89996420468 64199.49414280759 51503.89428496611 51067.021842371854 13374.406723572743 89111.07879040112 29372.53269661482 53118.65926740569
-1 -1 -1 -1 -1 -1 -1 -1 -1 67395.92382736958 202151.5766679283 209429.32633408863 216904.75626032395 230246.56968275175 190397.3514942304 188577.4925299972 40061.307668005196 25958.673362398684 0.0 0.0 0.0 0.0 0.0 0.0 0.0 0.0 0.0 0.0 0.0 0.0 0.0 0.0 0.0 0.0 0.0 0.0 0.0 0.0 0.0 0.0 0.0 0.0 0.0 0.0 0.0 0.0 0.0 0.0 0.0 0.0 0.0 0.0 0.0 0.0 0.0 0.0 0.0 0.0 0.0 0.0 0.0 0.0 0.0 0.0 0.0 0.0 0.0 0.0 0.0 0.0 4.338710941376305 0.0 5431.712517723699 13193.891230908597 38811.17584887515 93316.8678431245 63729.02917222665 11093.544536442481 31554.483753606037 64553.84617513974 38275.64006019661 35874.71657363854 70485.44659702176
-1 -1 -1 -1 -1 -1 -1 -1 -1 27226.89703227313 161715.6565210286 149966.52568552576 176101.386909403 221711.82018711296 198250.69673510233 186221.0985810101 178221.37743075012 109222.04880709542 4.341256665048268 0.0 0.0 0.0 0.0 0.0 0.0 0.0 0.0 0.0 0.0 0.0 0.0 0.0 0.0 0.0 0.0 0.0 0.0 0.0 0.0 0.0 0.0 0.0 0.0 0.0 0.0 0.0 0.0 0.0 0.0 0.0 0.0 0.0 0.0 0.0 0.0 0.0 0.0 0.0 0.0 0.0 0.0 0.0 0.0 0.0 477.22699582504794 5885.547830442338 317.18304544729045 2402.8233605587498 0.0 1.8525269348161104 0.0 701.354624049659 11242.12752075441 48526.19172506537 44768.12482570704 64608.88876530374 34106.748943166065 85029.413957132 55603.65719055403 84560.75525476376 142368.6740767375 51647.686157133016 63305.47315594903
-1 -1 -1 -1 -1 -1 -1 -1 -1 -1 53427.057130923335 179903.83268333302 181680.510454039 208838.5112762386 197046.09626757386 179646.00000570205 122508.8459349383 813.9714658249418 0.0 0.0 0.0 0.0 0.0 0.0 0.0 0.0 0.0 0.0 0.0 0.0 0.0 0.0 0.0 0.0 0.0 0.0 0.0 0.0 0.0 0.0 0.0 0.0 0.0 11355.865733633089 29879.191075939798 53400.53586215501 315.4383778578332 0.0 0.0 0.0 0.0 0.0 0.0 0.0 0.0 0.0 1006.9799569424481 0.0 0.0 0.0 0.0 0.0 0.0 0.0 0.0 0.0 158.680949509188 0.0 0.0 144.43895872692482 2337.08788734038 3787.899937484285 39458.23984626566 66046.78468218764 109978.43955330842 114278.12007508715 55180.20537574482 69520.38147096823 112264.70804102322 77930.01962960299 78898.4487944177 23564.781020291808 3388.3904284634305
-1 -1 -1 -1 -1 -1 -1 -1 -1 -1 77335.44282259628 13062.069808114651 175693.58099550518 201022.6992749728 101331.01236576248 56741.07769236415 127533.20852650888 44590.98023372268 0.0 0.0 0.0 0.0 0.0 0.0 0.0 0.0 0.0 0.0 0.0 0.0 0.0 0.0 0.0 0.0 0.0 0.0 -1 -1 -1 -1 -1 -1 -1 316.214260832057 0.0 38242.42447407136 106155.00932350253 172936.75201722202 30827.324442543508 0.0 0.0 0.0 0.0 0.0 0.0 15475.672836632722 1941.9626523707182 0.0 0.0 0.0 0.0 0.0 5801.3439941244105 0.0 7.4583074077866645 0.0 33.06813146907603 32.33328759658959 5.282363621520192 3708.452311622732 3585.0026771354974 3687.6835664660084 30588.387410616026 82818.6822723706 103131.2572012779 100746.12664237217 77637.92765279047 101601.53489256883 102377.8824174777 30351.084184430438 64524.229387221334 12068.341511490624 10087.101675161131
-1 -1 -1 -1 -1 -1 -1 -1 -1 -1 109564.28454613134 31600.472460105913 197317.81732055065 209039.51341648656 40437.31208798571 42308.14003458686 22807.627671931496 110578.10982321277 29995.558924301913 0.0 0.0 12065.269736177172 63076.54376777437 0.0 0.0 139.76588007049816 21.907629119201548 0.0 0.0 0.0 -1 -1 -1 -1 -1 -1 -1 -1 -1 -1 -1 -1 -1 -1 -1 -1 -1 87063.63241776815 144329.64955929184 30285.361517161196 12109.531116477934 349.60093609856875 0.8586765266943222 0.0 5518.481057683708 109140.93308929482 37708.83478104278 167.72543955571197 0.0 11532.631835928943 0.0 0.0 0.0 77.44931466883035 8.092034608116556 0.0 63.935851398643216 188.66297640798146 7913.781793497627 248.4423799436956 6637.6485790036495 36804.281915058935 37065.67477887729 54985.948870135646 55408.57560047804 135000.0814634492 195915.2817108597 107367.36663053263 98865.41055338742 9604.966782606214 638.6597348366512 31002.111893219608 9127.80422284513
-1 -1 -1 -1 -1 -1 -1 -1 -1 -1 91781.01375374287 27892.373551134857 184441.45102378936 181754.29623019334 170314.0062379103 24142.97744065514 172348.2078113516 144335.60620967232 106781.1862558218 11577.554222381983 30232.494326547872 148885.04742369073 172257.7388714454 22716.66842835964 61647.00606086078 7282.219632808096 0.0 0.0 -1 -1 -1 -1 -1 -1 -1 -1 -1 -1 -1 -1 -1 -1 -1 -1 -1 -1 -1 22883.407295351077 60842.65262255947 112368.92147519845 153270.4824678051 112181.71088094973 58251.317283654695 123.13132891418337 5539.927313010037 135898.0748195993 8492.44132192763 5736.27197267541 5758.159790032246 0.0 0.0 0.5640759598461835 42.04189581799948 66.0639394075077 29.166124016103623 64.22528577964692 11302.645228670906 30329.97572508741 34700.248668492975 33003.40012128107 47512.27599148068 79233.55290123756 107295.53598369409 130638.31516845498 98316.46209965143 137060.32607596432 170381.7809856975 75406.19621647106 66423.43949247949 2825.083290633049 1635.134263037925 2403.239829009137 265.4008884375607
-1 -1 -1 -1 -1 -1 -1 -1 0.0 79712.13774518734 80503.52609903958 147214.74148194736 175175.19086475644 186662.6106604868 213462.09673905146 177671.58331412668 168027.2918705078 136766.8397816751 80059.76602743907 63058.79118174893 128638.50977252207 114286.34334079831 123340.05702453385 132561.23326470843 119700.04013517982 5554.784689858316 0.0 -1 -1 -1 -1 -1 -1 -1 -1 -1 -1 -1 -1 -1 -1 -1 -1 -1 -1 -1 -1 -1 17734.119009962094 62835.81534792144 126134.42110560619 164275.54359924243 670.2733099443354 39902.66359334575 78527.97306972765 22790.01724240055 179337.23289936056 26749.916540539478 0.0 0.0 6.723796390020888 2.573047718031746 198.65878326864635 535.1997220165498 16633.024649527615 9123.685431592412 24007.221629503405 33519.439795598475 60941.83684312925 75261.61225626996 121057.40830148324 36065.82130159554 35108.149562835286 54141.25067102753 158430.48389840356 149941.29650125332 217236.43856541195 109408.5102948567 79168.96591977203 5267.49264540605 28934.384111457097 13762.421553973998 -1
-1 -1 -1 -1 -1 -1 -1 -1 -1 24953.763077077998 14320.49524131953 81070.08706528757 135543.12605549992 186184.76050863232 177651.9553376946 169812.81442651813 190075.80562084395 92867.89255583784 0.0 -1 -1 -1 -1 -1 -1 -1 -1 -1 -1 -1 -1 -1 -1 -1 -1 -1 -1 -1 -1 -1 -1 -1 -1 -1 -1 -1 -1 -1 -1 44042.264909687736 161780.50819884677 91479.12182514423 -1 0.0 189282.26363881564 134053.90082168762 203093.00297435478 93990.29519775492 19829.451418234836 7439.206202919929 18474.15070814362 55972.753424052105 69437.31950204467 80220.54240359465 22069.668986304223 28721.778103242945 45094.62113094109 12258.07806904416 50877.46586110777 58417.457846482095 158752.647282032 169345.45184310034 183262.26359847368 180406.84186247987 182147.80566768182 221195.64126223186 185160.9663467629 109890.54646518674 80351.86722755358 4285.129108742969 7266.317125486361 0.0 -1
-1 -1 -1 -1 -1 -1 -1 -1 -1 -1 398.38592400737275 17913.810499097603 6955.118141178566 118893.70300886437 161926.03264745965 113025.37929550391 20181.56265653824 -1 -1 -1 -1 -1 -1 -1 -1 -1 -1 -1 -1 -1 -1 -1 -1 -1 -1 -1 -1 -1 -1 -1 -1 -1 -1 -1 -1 -1 -1 -1 -1 5091.914110181762 47142.0442772122 -1 -1 39117.705588313 126922.05368528498 17521.485572987032 132931.65924264514 133027.8740257094 102488.9308828019 115266.6433621695 111739.12513507153 1756.9282352899054 0.0 60391.15091530173 84398.91141283554 106291.55507454342 59465.242057616764 42271.659603623826 55481.48819895643 106484.03415974876 115625.34410439103 141185.2057019301 140446.06073915516 185749.48867369836 169560.92106535274 218430.2471935193 199125.7607456253 122381.96057653562 96290.70197312617 17823.593251106075 16160.32218685343 -1 -1
-1 -1 -1 -1 -1 -1 -1 -1 -1 -1 -1 -1 1389.6322226512832 6223.241920481676 14303.86254788334 -1 -1 -1 -1 -1 -1 -1 -1 -1 -1 -1 -1 -1 -1 -1 -1 -1 -1 -1 -1 -1 -1 -1 -1 -1 -1 -1 -1 -1 -1 -1 -1 -1 -1 -1 -1 -1 12070.64464094294 42332.966232284 31297.699961658192 28492.212912058334 174027.92255470066 83894.88043934199 56356.57575599835 105434.83971828921 97654.51300321592 73739.9705419881 61406.52329393292 101647.59454355929 124414.04021770129 166353.14176396158 186655.08969633948 91559.056443558 121532.76406782508 139428.33379134577 125996.66264757242 136011.93573328535 154355.02211843952 168123.27195630982 177262.0513585093 91225.21031828038 39971.76926615722 79177.36708261745 54673.027063313406 2852.2854453204777 289.9178669748783 -1 -1
-1 -1 -1 -1 -1 -1 -1 -1 -1 -1 -1 -1 -1 -1 -1 -1 -1 -1 -1 -1 -1 -1 -1 -1 -1 -1 -1 -1 -1 -1 -1 -1 -1 -1 -1 -1 -1 -1 -1 -1 -1 -1 -1 -1 -1 -1 -1 -1 -1 -1 -1 -1 8720.779443491936 98965.96335548178 42250.25302383839 35706.1489251427 16731.885088716826 58432.618509578766 148980.36842019783 36346.821201659375 17908.385103678826 9805.539309226368 15073.86647043695 11265.423469535985 50169.7518014854 12148.689557427271 115750.50034725663 137765.5991013423 151574.48906284053 160730.9330774404 211692.78054435208 193458.36972771853 244228.68630327866 178461.1236984433 72527.29898421223 25428.342815531985 2220.6988048523285 3913.904816862727 17579.363973713385 0.0 -1 -1 -1
-1 -1 -1 -1 -1 -1 -1 -1 -1 -1 -1 -1 -1 -1 -1 -1 -1 -1 -1 -1 -1 -1 -1 -1 -1 -1 -1 -1 -1 -1 -1 -1 -1 -1 -1 -1 -1 -1 -1 -1 -1 -1 -1 -1 -1 -1 -1 -1 -1 -1 -1 -1 -1 0.0 -1 -1 -1 -1 74367.04733431389 157677.27465099172 171073.6474028315 136427.30294334196 116355.7035958634 192348.15647812583 134159.87207178966 145034.2053806008 143568.27661692622 157836.62780557317 204839.66963565015 171523.0819498555 235732.82058278282 200656.0898866294 90602.44195408847 48733.711747612695 41865.45154151689 23634.60808308948 30379.722030652425 10283.109054779583 4121.975945170226 847.3301007391708 -1 -1 -1
-1 -1 -1 -1 -1 -1 -1 -1 -1 -1 -1 -1 -1 -1 -1 -1 -1 -1 -1 -1 -1 -1 -1 -1 -1 -1 -1 -1 -1 -1 -1 -1 -1 -1 -1 -1 -1 -1 -1 -1 -1 -1 -1 -1 -1 -1 -1 -1 -1 -1 -1 -1 -1 -1 -1 -1 -1 -1 54702.433592903886 156477.5678609609 154859.3624323594 142343.68009096477 133403.97328608038 188695.87846193407 157687.33789792817 129932.93474288561 106251.8245669174 119351.6136578197 140866.9237950832 174884.03735642965 139686.37872195488 72793.42522566789 13837.992402288306 8679.294276220746 15973.556007024075 97.77751803396062 26048.74956993426 62721.45741836987 34713.0249055809 -1 -1 -1 -1
-1 -1 -1 -1 -1 -1 -1 -1 -1 -1 -1 -1 -1 -1 -1 -1 -1 -1 -1 -1 -1 -1 -1 -1 -1 -1 -1 -1 -1 -1 -1 -1 -1 -1 -1 -1 -1 -1 -1 -1 -1 -1 -1 -1 -1 -1 -1 -1 -1 -1 -1 -1 -1 -1 -1 -1 -1 -1 50486.537272606874 191671.78381950653 172120.59682875854 137326.72896828433 137262.06375600386 87572.17565007177 147900.78435370795 112269.48356456785 127917.62800888755 66998.92211667258 133645.52201403654 86099.9647442502 53664.66561257357 41933.87302166038 604.768280870856 3141.983459963862 25640.223616127972 3701.856513385167 16229.483339172843 19261.000817654083 0.0 -1 -1 -1 -1
-1 -1 -1 -1 -1 -1 -1 -1 -1 -1 -1 -1 -1 -1 -1 -1 -1 -1 -1 -1 -1 -1 -1 -1 -1 -1 -1 -1 -1 -1 -1 -1 -1 -1 -1 -1 -1 -1 -1 -1 -1 -1 -1 -1 -1 -1 -1 -1 -1 -1 -1 -1 -1 -1 -1 -1 -1 -1 -1 57772.4587387318 125586.4411475529 104702.21269148031 193637.0909973638 195731.07828971496 142428.2565259637 162658.53032437325 133356.374324081 144522.20245014556 85464.55824704755 72025.70393187627 9119.759314060138 50.90365052218302 25694.67165030232 68703.37006256205 56357.708617747936 14095.570658568324 4867.531685257904 0.0 0.0 -1 -1 -1 -1
-1 -1 -1 -1 -1 -1 -1 -1 -1 -1 -1 -1 -1 -1 -1 -1 -1 -1 -1 -1 -1 -1 -1 -1 -1 -1 -1 -1 -1 -1 -1 -1 -1 -1 -1 -1 -1 -1 -1 -1 -1 -1 -1 -1 -1 -1 -1 -1 -1 -1 -1 -1 -1 -1 -1 -1 -1 -1 -1 -1 16935.906331248996 18234.276011897637 73442.40592508706 139218.4720914208 145906.06204786125 131833.75184794568 168580.8879036947 113643.38975546078 30864.750079927977 82352.16810163432 161136.89169270758 76081.13897413413 63708.91653787457 43590.01789543716 -1 -1 -1 -1 -1 -1 -1 -1 -1
-1 -1 -1 -1 -1 -1 -1 -1 -1 -1 -1 -1 -1 -1 -1 -1 -1 -1 -1 -1 -1 -1 -1 -1 -1 -1 -1 -1 -1 -1 -1 -1 -1 -1 -1 -1 -1 -1 -1 -1 -1 -1 -1 -1 -1 -1 -1 -1 -1 -1 -1 -1 -1 -1 -1 -1 -1 -1 -1 -1 -1 -1 -1 -1 23005.36711490493 13449.738890665269 882.2338052447396 -1 -1 4253.778959430926 82557.16916805092 56383.62314822969 29692.004393920655 -1 -1 -1 -1 -1 -1 -1 -1 -1 -1
-1 -1 -1 -1 -1 -1 -1 -1 -1 -1 -1 -1 -1 -1 -1 -1 -1 -1 -1 -1 -1 -1 -1 -1 -1 -1 -1 -1 -1 -1 -1 -1 -1 -1 -1 -1 -1 -1 -1 -1 -1 -1 -1 -1 -1 -1 -1 -1 -1 -1 -1 -1 -1 -1 -1 -1 -1 -1 -1 -1 -1 -1 -1 -1 -1 -1 -1 -1 -1 -1 -1 0.0 -1 -1 -1 -1 -1 -1 -1 -1 -1 -1 -1
