critload/trunk/input/1999/a_crop.asc
ncols 720
nrows 360
xllcorner -180
yllcorner -90
cellsize 0.5
NODATA_value -1
[rows 185 to 221 of 360, columns 166 to 248 of 720]
-1 -1 -1 -1 -1 -1 -1 -1 -1 -1 -1 -1 -1 -1 -1 -1 -1 -1 -1 -1 -1 -1 -1 -1 -1 -1 -1 -1 -1 -1 -1 -1 -1 10702.447122723384 37336.7340144242 11949.963318784809 26467.669284830183 12417.841275683242 650.7880397144145 0.0 161.9471816718346 0.0 0.0 0.0 0.0 0.0 0.0 0.0 0.0 0.0 0.0 0.0 0.0 0.0 0.0 0.0 0.0 0.0 0.0 0.0 0.0 591.2473389509596 0.0 0.0 0.0 0.0 0.0 0.0 0.0 0.0 0.0 0.0 0.0 1754.9584574965627 0.0 0.0 0.0 0.0 416.7334055896903 655.8672159930599 1361.5255866931702 0.0 0.0
-1 -1 -1 -1 -1 -1 -1 -1 -1 -1 -1 -1 -1 -1 -1 -1 -1 -1 -1 -1 -1 -1 -1 -1 -1 -1 -1 -1 -1 -1 -1 -1 -1 9964.649709731191 35128.06954508657 16758.815325053743 14850.115161130227 4206.8819391708585 0.0 0.0 190.0727289916824 0.0 0.0 0.0 0.0 0.0 0.0 0.0 0.0 0.0 0.0 0.0 0.0 0.0 0.0 0.0 0.0 0.0 205.10130062683282 0.0 0.0 0.0 0.0 0.0 0.0 0.0 0.0 0.0 0.0 0.0 0.0 0.0 1754.3357710538369 3214.09657072463 860.9884404212821 0.0 151.5082474799246 1471.90314054656 654.4398084296832 0.0 0.0 0.0 0.0
-1 -1 -1 -1 -1 -1 -1 -1 -1 -1 -1 -1 -1 -1 -1 -1 -1 -1 -1 -1 -1 -1 -1 -1 -1 -1 -1 -1 -1 -1 -1 -1 3326.7726945992 33457.493031377686 9243.798553299874 26641.19359468158 508.576724362635 1271.1600455621497 0.0 0.0 0.0 0.0 0.0 0.0 0.0 0.0 0.0 3082.4442863191075 0.0 0.0 0.0 0.0 125.70363841938529 0.0 0.0 0.0 0.0 0.0 0.0 0.0 0.0 0.0 0.0 0.0 0.0 0.0 0.0 0.0 0.0 0.0 0.0 0.0 0.0 222.36419551025918 0.0 880.8729214961904 0.0 0.0 0.0 0.0 0.0 0.0 0.0
-1 -1 -1 -1 -1 -1 -1 -1 -1 -1 -1 -1 -1 -1 -1 -1 -1 -1 -1 -1 -1 -1 -1 -1 -1 -1 -1 -1 -1 -1 -1 0.0 10.207904875298519 9276.830876191494 12104.585266129714 24428.602307238503 1076.38675127029 738.1673780079127 0.0 0.0 0.0 0.0 0.0 0.0 0.0 0.0 0.0 385.13100028170385 0.0 0.0 0.0 0.0 0.0 583.6341866842218 1047.344426065822 0.0 0.0 0.0 0.0 0.0 0.0 0.0 0.0 0.0 0.0 0.0 0.0 788.1810918445904 0.0 0.0 0.0 0.0 0.0 0.0 369.1211199779853 0.0 0.0 0.0 0.0 0.0 0.0 16929.165465808044 5518.343469184276
-1 -1 -1 -1 -1 -1 -1 -1 -1 -1 -1 -1 -1 -1 -1 -1 -1 -1 -1 -1 -1 -1 -1 -1 -1 -1 -1 -1 -1 -1 -1 7211.827691838983 36991.99809064229 26092.623468173984 10860.49488653981 2222.402466333217 0.0 0.0 0.0 0.0 548.1036758408719 0.0 189.91927176690305 0.0 0.0 0.0 245.13154864276729 0.0 0.0 0.0 0.0 0.0 0.0 0.0 0.0 0.0 0.0 0.0 0.0 0.0 1251.6760975099944 0.0 0.0 0.0 0.0 0.0 0.0 0.0 0.0 0.0 0.0 0.0 0.0 0.0 0.0 0.0 0.0 0.0 0.0 0.0 0.0 0.0 0.0
-1 -1 -1 -1 -1 -1 -1 -1 -1 -1 -1 -1 -1 -1 -1 -1 -1 -1 -1 -1 -1 -1 -1 -1 -1 -1 -1 -1 -1 -1 -1 0.0 31158.015658891156 27070.464029284907 6065.894482558208 3893.879935966825 24925.820526152842 0.0 0.0 0.0 0.0 0.0 664.7578638819753 0.0 0.0 522.105899304387 640.0472435347942 0.0 0.0 0.0 0.0 0.0 0.0 0.0 0.0 0.0 0.0 0.0 0.0 0.0 0.0 0.0 0.0 0.0 0.0 0.0 0.0 0.0 0.0 0.0 0.0 0.0 0.0 457.2139915823253 0.0 0.0 0.0 0.0 0.0 0.0 0.0 0.0 0.0
-1 -1 -1 -1 -1 -1 -1 -1 -1 -1 -1 -1 -1 -1 -1 -1 -1 -1 -1 -1 -1 -1 -1 -1 -1 -1 -1 -1 -1 -1 -1 0.0 2136.430073976584 0.0 5949.072386055922 4286.23797299176 34660.793102649855 21030.027166759806 4990.673196766702 7481.067391902933 0.0 1304.5293933134246 0.0 0.0 263.8591608408028 268.79853509413704 0.0 0.0 0.0 0.0 0.0 0.0 0.0 0.0 0.0 0.0 0.0 0.0 0.0 0.0 0.0 0.0 0.0 0.0 0.0 0.0 0.0 0.0 0.0 0.0 0.0 433.0870491251313 0.0 0.0 0.0 0.0 0.0 0.0 0.0 0.0 0.0 0.0 0.0
-1 -1 -1 -1 -1 -1 -1 -1 -1 -1 -1 -1 -1 -1 -1 -1 -1 -1 -1 -1 -1 -1 -1 -1 -1 -1 -1 -1 -1 -1 -1 0.0 0.0 0.0 34552.99915986177 8188.970790548716 17403.771929308186 8812.521024867807 8172.002708623983 4946.981998084553 3595.7302020428265 6865.943401164072 0.0 0.0 0.0 0.0 0.0 0.0 0.0 0.0 0.0 0.0 0.0 0.0 0.0 0.0 0.0 0.0 0.0 0.0 0.0 0.0 0.0 0.0 0.0 0.0 0.0 0.0 0.0 0.0 0.0 0.0 0.0 0.0 0.0 0.0 0.0 0.0 0.0 0.0 0.0 0.0 0.0
-1 -1 -1 -1 -1 -1 -1 -1 -1 -1 -1 -1 -1 -1 -1 -1 -1 -1 -1 -1 -1 -1 -1 -1 -1 -1 -1 -1 -1 -1 -1 -1 -1 7099.486017242741 122816.57153283754 18325.70553555926 22107.650535359433 21129.317113117075 7221.786741328075 0.0 9652.218527617642 10254.523115385013 0.0 453.15279424056473 0.0 0.0 0.0 0.0 0.0 0.0 0.0 0.0 0.0 0.0 1690.2644443516438 0.0 0.0 0.0 0.0 0.0 0.0 0.0 0.0 0.0 0.0 0.0 0.0 0.0 0.0 0.0 0.0 0.0 0.0 0.0 0.0 0.0 0.0 0.0 1186.1016583436817 0.0 0.0 0.0 0.0
-1 -1 -1 -1 -1 -1 -1 -1 -1 -1 -1 -1 -1 -1 -1 -1 -1 -1 -1 -1 -1 -1 -1 -1 -1 -1 -1 -1 -1 -1 -1 -1 -1 -1 22307.349431936724 36905.62652111843 9085.304782272655 21395.10914232119 6071.781829019466 1094.864216746802 13358.709705774547 5027.46448475446 0.0 655.8085032546934 0.0 0.0 0.0 0.0 0.0 0.0 956.7767035952695 0.0 0.0 0.0 0.0 0.0 0.0 0.0 0.0 0.0 0.0 0.0 0.0 0.0 906.4078509790219 0.0 0.0 0.0 0.0 0.0 0.0 0.0 0.0 0.0 0.0 0.0 0.0 0.0 1735.752934812452 0.0 0.0 0.0 0.0
-1 -1 -1 -1 -1 -1 -1 -1 -1 -1 -1 -1 -1 -1 -1 -1 -1 -1 -1 -1 -1 -1 -1 -1 -1 -1 -1 -1 -1 -1 -1 -1 -1 -1 -1 64105.417961522464 5599.79377239783 12447.255123576146 14147.734139858585 980.7489519202967 0.0 0.0 0.0 0.0 0.0 0.0 0.0 0.0 4622.097421277065 0.0 0.0 0.0 0.0 0.0 0.0 0.0 0.0 0.0 0.0 0.0 0.0 0.0 0.0 0.0 0.0 0.0 0.0 954.0736150730829 0.0 0.0 0.0 0.0 0.0 0.0 0.0 0.0 0.0 0.0 0.0 0.0 0.0 0.0 0.0
-1 -1 -1 -1 -1 -1 -1 -1 -1 -1 -1 -1 -1 -1 -1 -1 -1 -1 -1 -1 -1 -1 -1 -1 -1 -1 -1 -1 -1 -1 -1 -1 -1 -1 -1 0.0 16659.168425797565 12348.189048387452 7912.31966613036 10224.53422716353 5186.841270749788 17504.76538256982 209.16487779493795 0.0 7459.851480237844 0.0 0.0 0.0 188.6905676127147 0.0 0.0 0.0 2249.445377587132 3763.973398500562 0.0 0.0 0.0 0.0 0.0 0.0 0.0 0.0 0.0 0.0 0.0 0.0 0.0 0.0 0.0 0.0 1611.1772203435855 0.0 0.0 0.0 0.0 0.0 0.0 0.0 0.0 0.0 316.92089080909227 130.93158312170823 0.0
-1 -1 -1 -1 -1 -1 -1 -1 -1 -1 -1 -1 -1 -1 -1 -1 -1 -1 -1 -1 -1 -1 -1 -1 -1 -1 -1 -1 -1 -1 -1 -1 -1 -1 -1 -1 19897.597021309357 4383.242460919967 7484.397847939624 6283.879354182998 173.94872792052777 3169.076920316252 235.28852157310905 2012.6290070978253 6601.760635713263 0.0 0.0 0.0 0.0 0.0 0.0 0.0 0.0 0.0 0.0 505.30877709338847 0.0 0.0 0.0 296.43428981317516 0.0 0.0 0.0 0.0 0.0 3751.8506240747524 26339.58785100892 5086.227811382131 0.0 0.0 261.16319350870356 0.0 0.0 0.0 0.0 0.0 0.0 0.0 1066.526663899671 0.0 0.0 0.0 0.0
-1 -1 -1 -1 -1 -1 -1 -1 -1 -1 -1 -1 -1 -1 -1 -1 -1 -1 -1 -1 -1 -1 -1 -1 -1 -1 -1 -1 -1 -1 -1 -1 -1 -1 -1 -1 7767.048563963231 9275.108503102821 17110.360427204992 10226.361234973614 7217.172459170869 2566.6867149537156 1472.2916308760562 2791.217097789123 217.90095053648122 0.0 0.0 0.0 0.0 0.0 0.0 0.0 0.0 0.0 0.0 0.0 6966.260903459341 6539.064146287363 0.0 0.0 0.0 0.0 0.0 0.0 4495.024751411232 5182.469556418595 0.0 5929.031300553505 7306.909268473801 6724.5415801036315 0.0 0.0 0.0 0.0 0.0 0.0 0.0 0.0 0.0 698.8724815843702 207.98287838742638 1949.9809169800728 0.0
-1 -1 -1 -1 -1 -1 -1 -1 -1 -1 -1 -1 -1 -1 -1 -1 -1 -1 -1 -1 -1 -1 -1 -1 -1 -1 -1 -1 -1 -1 -1 -1 -1 -1 -1 -1 -1 3977.4524599103665 4033.0053240053603 3960.303556250657 10089.219127408656 12820.469751531711 10826.80991710343 0.0 0.0 0.0 0.0 0.0 0.0 0.0 0.0 0.0 0.0 0.0 0.0 0.0 0.0 14560.77135783337 29667.145049636747 13625.54947887385 1210.9926670762186 3256.16058400786 927.4320447446668 1059.0132489717519 0.0 0.0 0.0 18720.082765918152 17574.68648510346 12334.329042418867 1548.4194640847188 0.0 0.0 0.0 0.0 0.0 0.0 1271.9292974441641 4786.7284440634285 6327.229996042048 12096.17776513516 21915.43769124183 13702.374444000186
-1 -1 -1 -1 -1 -1 -1 -1 -1 -1 -1 -1 -1 -1 -1 -1 -1 -1 -1 -1 -1 -1 -1 -1 -1 -1 -1 -1 -1 -1 -1 -1 -1 -1 -1 -1 -1 429.23445884145497 105.18323218464533 6635.358911781057 9428.498569427018 14969.213153336765 4638.923378476294 3900.9913173325103 0.0 380.4697868241258 0.0 0.0 0.0 0.0 0.0 0.0 0.0 0.0 0.0 0.0 0.0 1654.0949559206954 23831.99290509143 28720.5133518532 0.0 0.0 0.0 10772.47032771427 4897.664459959124 0.0 19161.445684604943 20784.49211840475 31461.401090513777 53695.540170362256 4342.151805015097 4537.258794325039 2388.1985044458606 0.0 0.0 3990.020687594329 5710.937187089498 4989.239655897697 880.3528809529645 2399.888442759275 5673.732926257066 21070.303364539202 31899.91951678277
-1 -1 -1 -1 -1 -1 -1 -1 -1 -1 -1 -1 -1 -1 -1 -1 -1 -1 -1 -1 -1 -1 -1 -1 -1 -1 -1 -1 -1 -1 -1 -1 -1 -1 -1 -1 -1 -1 28784.314424039818 912.2829957313048 9352.941903266877 10043.339147386405 2944.108486326464 6718.241416950108 191.59402728076532 0.0 0.0 0.0 0.0 0.0 0.0 0.0 0.0 0.0 0.0 9084.491947609142 32792.336983960144 20105.792024817845 6535.180922144142 0.0 0.0 135.12505501495596 0.0 17570.40325287681 0.0 0.0 4586.010153415263 0.0 39061.49556043036 40990.901942969474 27538.183490631305 8219.021605577589 0.0 0.0 0.0 1667.4745810034358 7139.752433292211 0.0 6772.685292943591 4486.060589826281 1701.3620817612014 9011.213283539035 24699.266604502933
-1 -1 -1 -1 -1 -1 -1 -1 -1 -1 -1 -1 -1 -1 -1 -1 -1 -1 -1 -1 -1 -1 -1 -1 -1 -1 -1 -1 -1 -1 -1 -1 -1 -1 -1 -1 -1 -1 15657.577245212799 25035.072971911315 1011.9126535201527 5426.857024490201 11535.645779391405 3762.4687609793637 22.961649000639756 3466.321996080433 230.62506973754157 0.0 0.0 0.0 0.0 0.0 0.0 0.0 0.0 0.0 2888.4950727235723 0.0 549.5290422462106 0.0 0.0 429.0615037068735 0.0 0.0 0.0 0.0 0.0 6948.916882271475 15090.733430102402 36034.47500223526 32651.446118989068 33666.22698435504 17139.880140995894 0.0 0.0 5255.12378274485 26686.11203508438 3791.162514672905 18943.19252877446 22766.780061735037 25049.562992249474 11316.655447181176 7458.6570286880315
-1 -1 -1 -1 -1 -1 -1 -1 -1 -1 -1 -1 -1 -1 -1 -1 -1 -1 -1 -1 -1 -1 -1 -1 -1 -1 -1 -1 -1 -1 -1 -1 -1 -1 -1 -1 -1 -1 -1 13313.617187433178 1338.3126413838186 23.22440277785264 4969.699800900203 24520.15197659808 2539.1963713267073 1092.3929335177947 0.0 234.67857196963877 538.8252386445241 0.0 0.0 0.0 0.0 0.0 0.0 0.0 0.0 0.0 0.0 0.0 0.0 0.0 0.0 0.0 0.0 255.8104430140683 0.0 12137.799721360147 25806.849377857434 38469.87084194445 50449.59248009556 25185.59178616079 28440.462179158312 0.0 316.4524167765522 6310.797398081756 8814.352197667302 10471.426380860397 4945.014370698005 8429.355274163707 9128.827823409678 10450.559968904809 36928.858306037015
-1 -1 -1 -1 -1 -1 -1 -1 -1 -1 -1 -1 -1 -1 -1 -1 -1 -1 -1 -1 -1 -1 -1 -1 -1 -1 -1 -1 -1 -1 -1 -1 -1 -1 -1 -1 -1 -1 -1 0.0 5288.353793907779 1127.1472295178166 5334.4018416162735 31044.02883786408 11611.115013472414 3065.617471887539 200.5506978928492 292.9307317361096 0.0 3718.0360424503465 0.0 0.0 0.0 0.0 0.0 0.0 0.0 0.0 0.0 0.0 862.8074428100384 17.980297207805314 0.0 185.7028880715852 0.0 389.96087998084096 7309.0398519976425 8641.657212355316 4943.401251444566 14354.039182059954 27926.10408211741 22388.665669598195 10648.118301308843 793.7379738680488 3296.3080312116567 207.1480214593403 0.0 2769.2726421261336 1064.3740153306576 0.0 3440.483249208842 28981.899090271054 47016.348073757195
-1 -1 -1 -1 -1 -1 -1 -1 -1 -1 -1 -1 -1 -1 -1 -1 -1 -1 -1 -1 -1 -1 -1 -1 -1 -1 -1 -1 -1 -1 -1 -1 -1 -1 -1 -1 -1 -1 -1 -1 7518.941509677394 7529.689595703812 6097.442751949419 12337.981154403948 30648.068859550523 6181.373445069085 2992.709483543246 19.743885174373784 11311.305237618377 9522.392546492869 7156.9423118906825 319.91337090861987 3049.8992312028367 2005.4342596255308 259.75652620171184 3763.4349692046253 0.0 0.0 0.0 0.0 0.0 0.0 0.0 376.27892268923785 34.85006006437382 0.0 0.0 0.0 0.0 1978.0079849091444 2332.7334797386866 30301.584972970886 29488.719186344188 9075.484404112487 251.96664288679224 4883.5220454819455 22905.168333076625 33491.134622437115 651.3614559168719 1395.8353269115405 13454.265156938305 70491.1246250742 98748.8637853518
-1 -1 -1 -1 -1 -1 -1 -1 -1 -1 -1 -1 -1 -1 -1 -1 -1 -1 -1 -1 -1 -1 -1 -1 -1 -1 -1 -1 -1 -1 -1 -1 -1 -1 -1 -1 -1 -1 -1 -1 -1 35979.21379558688 1364.5479756546374 5954.093846898897 13037.30569807536 24404.109153914225 5694.892529741735 4736.927364857647 11628.491839988035 24914.785317165628 12924.126314390296 2031.8316612052674 16.679892837979512 0.0 0.0 0.0 0.0 0.0 0.0 0.0 2717.022121970696 0.0 3502.1356565216242 6645.927098299492 159.21147532752084 997.1334078154767 1083.181006219209 708.8772026235583 0.0 2595.668473256167 245.88572651128857 28166.55241330422 43782.020378541856 24514.276898607917 6406.974654804898 25153.60921021647 74534.79821633431 47742.29376248484 64074.07211910926 7731.976026790018 2456.9861268983095 60933.52257721685 72349.91278567149
-1 -1 -1 -1 -1 -1 -1 -1 -1 -1 -1 -1 -1 -1 -1 -1 -1 -1 -1 -1 -1 -1 -1 -1 -1 -1 -1 -1 -1 -1 -1 -1 -1 -1 -1 -1 -1 -1 -1 -1 -1 32524.574141661014 0.0 1110.2369778212162 16358.427217092476 21177.395952616884 13013.331421104891 16960.788659784328 7706.59818052351 8095.49535781614 12957.049268837422 7815.667994468372 3160.61139806501 1092.8575977679081 1059.4579288349082 0.0 274.6665051579217 4052.8483043651686 2300.6767450261677 0.0 1202.204777599878 1913.26451986973 111.26527481717851 858.0086841429553 4595.611671124313 0.0 8196.025699225487 211.04867364711185 553.2033146735406 0.0 160.05356140443473 0.0 2069.3216711276345 13423.690515169652 21386.751182186337 61490.03755360944 89004.29840144937 40951.90982449198 110640.64825579271 61295.019081270555 253236.19042282985 57043.682019810054 56239.2124603083
-1 -1 -1 -1 -1 -1 -1 -1 -1 -1 -1 -1 -1 -1 -1 -1 -1 -1 -1 -1 -1 -1 -1 -1 -1 -1 -1 -1 -1 -1 -1 -1 -1 -1 -1 -1 -1 -1 -1 -1 -1 0.0 16051.943216319549 377.8934044789321 5098.060704326036 4870.165645244123 11512.690697539067 7743.108995820406 5562.716596933182 12040.125471569501 14914.243653653526 7518.50840077047 1276.7900188991125 201.96212768593873 77.33686208737895 4426.801867558236 3748.0197018392405 0.0 3350.9389752354164 621.222028732767 834.075591788189 914.6309566508145 3439.940992595512 3931.1230600740996 3619.624770283638 441.1895188672669 4498.61093372282 0.0 1765.060020313716 0.0 0.0 0.0 0.0 26104.990288669753 11166.064890028098 48547.7085542659 18772.81152913331 30689.594572825554 74338.18345979131 48180.64673693686 101766.33886968048 95577.22998159856 83328.86742121183
-1 -1 -1 -1 -1 -1 -1 -1 -1 -1 -1 -1 -1 -1 -1 -1 -1 -1 -1 -1 -1 -1 -1 -1 -1 -1 -1 -1 -1 -1 -1 -1 -1 -1 -1 -1 -1 -1 -1 -1 -1 -1 0.0 1270.3726643331922 0.0 385.3943795731285 1658.825063185017 4730.821332082946 1848.1127803024428 2235.3210814568984 3006.329126490675 21551.31147922079 16627.669234035035 18290.68158057508 4386.658217470455 704.3335726846758 3131.5502368415296 6556.968868706225 1860.4962151474433 9490.21876812629 5492.956441235094 0.0 836.5837281956179 3710.784902373963 9006.053318511707 911.3963819283478 0.0 0.0 0.0 0.0 0.0 46.42726838596251 0.0 13710.406356739553 25928.535350971415 15110.153523224073 24898.43150024412 42763.601564407814 33795.01284720468 63450.940110647185 34570.07987779665 50841.585842605826 42704.38626466154
-1 -1 -1 -1 -1 -1 -1 -1 -1 -1 -1 -1 -1 -1 -1 -1 -1 -1 -1 -1 -1 -1 -1 -1 -1 -1 -1 -1 -1 -1 -1 -1 -1 -1 -1 -1 -1 -1 -1 -1 -1 -1 -1 0.0 0.0 89.55110035860062 1141.7149719780523 1003.8353476132569 1158.4321910536241 320.8191364267118 2038.8705443621752 45.80404439960474 0.0 56974.226775407 16736.283742018924 8765.912248862129 5478.599295222455 3404.987590009789 4957.852299653667 8462.819846870327 0.0 0.0 3377.216353268803 4596.893306230534 2883.209018481395 4971.91446854789 1355.5674833088667 0.0 0.0 0.0 0.0 2030.7600533989646 8042.1869028452975 35026.37625080575 33658.55387597898 65625.56700641193 80892.21922201676 63246.99085755999 41842.86306049826 36756.84525201316 50040.056437129606 48568.24081248753 50224.709542888435
-1 -1 -1 -1 -1 -1 -1 -1 -1 -1 -1 -1 -1 -1 -1 -1 -1 -1 -1 -1 -1 -1 -1 -1 -1 -1 -1 -1 -1 -1 -1 -1 -1 -1 -1 -1 -1 -1 -1 -1 -1 -1 -1 -1 0.0 348.978652710881 3.801500750719091 50.55221263327768 1016.8553576614582 4371.753403092875 6665.168794187746 1811.7801416120653 1137.391695380257 35323.86471753696 11314.5908679398 2911.0751207939174 4528.4306432129415 953.7630394084533 1591.7663377534404 12521.64833127682 0.0 0.0 0.0 1963.5357972955258 4985.530957429602 3431.1958618754206 3588.3056086982174 4484.198893593038 0.0 0.0 11441.876173759785 9159.22735483248 6824.273065401311 18823.35231082063 35120.36019860537 70639.2442663029 95807.80943568832 82982.86690395266 21612.11315693094 27553.73800171488 49704.99935847042 32242.93213369643 42610.30525755289
-1 -1 -1 -1 -1 -1 -1 -1 -1 -1 -1 -1 -1 -1 -1 -1 -1 -1 -1 -1 -1 -1 -1 -1 -1 -1 -1 -1 -1 -1 -1 -1 -1 -1 -1 -1 -1 -1 -1 -1 -1 -1 -1 -1 -1 -1 0.0 0.0 0.0 62.47049456471228 692.9997022619929 18806.45321862177 481.7049766525491 1545.971785410485 11681.571150359205 10434.334288960086 35606.52362960141 25493.13197766574 6512.56500887985 3226.8360517983615 378.3644282831335 0.0 0.0 3667.560829374047 325.97284033832983 250.94185143718647 21501.45607567079 4371.165780858635 23577.180449311243 22870.319719632313 1472.833500850631 6904.158985004586 10503.604357836723 30092.98242731347 42252.94154236491 20395.247337021745 38865.65425568588 53470.14931855242 24672.216128817883 32901.254362644766 50148.02827516331 36701.095791869506 26817.422066796466
-1 -1 -1 -1 -1 -1 -1 -1 -1 -1 -1 -1 -1 -1 -1 -1 -1 -1 -1 -1 -1 -1 -1 -1 -1 -1 -1 -1 -1 -1 -1 -1 -1 -1 -1 -1 -1 -1 -1 -1 -1 -1 -1 -1 -1 -1 -1 -1 4307.736396790657 0.0 0.0 1286.6527575639375 363.2568372117172 172.59291406707445 0.0 5003.673668694481 12229.904449710097 11978.26205673656 0.0 111.11942887323798 1788.2293747392043 251.98626265889 6428.207916461532 35793.360204253986 6498.544681823714 1918.7801373020338 18702.69493578806 46491.915512761305 21339.063123304582 19476.259615141047 3352.990141219611 3282.479134215783 5660.462042770381 735.6001249707997 269.0807190540317 1257.176522462803 4183.077710985391 4474.433156549319 22257.488409108635 10640.753749672196 4040.9019470359963 9300.678284730748 21875.10846016149
-1 -1 -1 -1 -1 -1 -1 -1 -1 -1 -1 -1 -1 -1 -1 -1 -1 -1 -1 -1 -1 -1 -1 -1 -1 -1 -1 -1 -1 -1 -1 -1 -1 -1 -1 -1 -1 -1 -1 -1 -1 -1 -1 -1 -1 -1 -1 -1 -1 -1 2643.371477121577 0.0 950.4089149529199 11432.260210469636 769.4108939180709 557.5556226072949 2457.611960915369 2677.241840211859 8410.180234136042 238.88875186415936 466.0481548298262 15917.76316312802 11688.128108765412 24672.58196356573 43013.50283827841 41115.13459170799 67258.22200207786 136084.67939041907 40461.04650186805 46246.099125634944 38007.486295063056 4834.47799843624 11568.369843057708 407.00335919673876 206.65153264993526 217.22256056962976 813.9644518494424 17046.921839694816 17136.306031026917 9209.081210039376 7472.603248797988 1354.6548863881158 31836.43365636505
-1 -1 -1 -1 -1 -1 -1 -1 -1 -1 -1 -1 -1 -1 -1 -1 -1 -1 -1 -1 -1 -1 -1 -1 -1 -1 -1 -1 -1 -1 -1 -1 -1 -1 -1 -1 -1 -1 -1 -1 -1 -1 -1 -1 -1 -1 -1 -1 -1 -1 -1 57.56549112519538 101.03109166031338 1906.3611694981462 166.5630249678296 168.5229232534584 768.8380211199703 705.7214569310067 6141.647555627137 3857.8966567432335 1086.8601061408576 22597.776066348564 10451.63414402542 6907.261807307728 1982.3582318422252 2177.5457221234174 11225.673112046665 107927.2869362946 56746.15077789231 26664.246946356354 34993.038188375205 3722.3135922214437 14391.9133092194 3868.0272852461294 3660.3706446343017 0.0 0.0 413.2846585639387 5356.990125484842 14490.47489100223 26396.331755391246 27273.45027489624 22044.502419262215
-1 -1 -1 -1 -1 -1 -1 -1 -1 -1 -1 -1 -1 -1 -1 -1 -1 -1 -1 -1 -1 -1 -1 -1 -1 -1 -1 -1 -1 -1 -1 -1 -1 -1 -1 -1 -1 -1 -1 -1 -1 -1 -1 -1 -1 -1 -1 -1 -1 -1 -1 -1 0.0 2063.260984123868 66.65818601850737 266.1514759060054 1150.3377463663146 0.0 403.5379160188053 662.4981850390649 58.37491564456475 0.0 1484.2176911239976 6803.783300776592 2718.0545554669775 10353.471472767846 8540.880266108321 58998.90317435215 32854.330819428724 4911.70313632525 3449.952518393014 148.8877243547342 18614.28297873974 21700.250355212065 10127.250652209063 1795.965428647097 691.9028624158742 1336.5643178652856 1550.8960004886856 11524.316745675447 14135.08761168276 9989.161917735137 27594.713472819232
-1 -1 -1 -1 -1 -1 -1 -1 -1 -1 -1 -1 -1 -1 -1 -1 -1 -1 -1 -1 -1 -1 -1 -1 -1 -1 -1 -1 -1 -1 -1 -1 -1 -1 -1 -1 -1 -1 -1 -1 -1 -1 -1 -1 -1 -1 -1 -1 -1 -1 -1 -1 -1 0.0 13.528850097222817 298.7895964809475 44.530002959002765 0.0 149.92330819381903 141.77153706533628 3984.023709365947 2537.030646723089 5534.779995265936 3756.4811790412396 1951.6144121779473 173.03382158274323 594.1581428035252 18812.67405140654 200.42200229129722 16.498542754001903 107.45330635451647 1222.086344026088 12247.188280230184 12537.864961321931 33455.905529508935 5699.7041225873345 5980.514290950347 3298.8920886178717 4216.993612427554 20269.885096302845 19346.246061262882 35612.06415600487 27514.08950453872
-1 -1 -1 -1 -1 -1 -1 -1 -1 -1 -1 -1 -1 -1 -1 -1 -1 -1 -1 -1 -1 -1 -1 -1 -1 -1 -1 -1 -1 -1 -1 -1 -1 -1 -1 -1 -1 -1 -1 -1 -1 -1 -1 -1 -1 -1 -1 -1 -1 -1 -1 -1 -1 0.0 0.0 0.0 125.97398698327044 0.0 0.0 34.305174462638654 588.4343469519325 1067.4010675213651 474.8629109458553 2599.840375968128 13204.829510880903 7033.736026440924 2371.7526370325536 4697.513061562239 4981.2611117620145 0.0 0.17701449804023436 21.196155548100926 134.63305894279483 1547.7595272669746 10222.362191998624 4019.3462268976414 0.0 2738.617461770745 29002.26892363208 22341.543865181135 14934.887887783105 47869.309868583194 28617.798294152086
-1 -1 -1 -1 -1 -1 -1 -1 -1 -1 -1 -1 -1 -1 -1 -1 -1 -1 -1 -1 -1 -1 -1 -1 -1 -1 -1 -1 -1 -1 -1 -1 -1 -1 -1 -1 -1 -1 -1 -1 -1 -1 -1 -1 -1 -1 -1 -1 -1 -1 -1 -1 -1 0.0 0.0 0.0 0.0 0.0 0.0 0.0 0.0 11.99605241418002 10043.136899226458 5044.317327748349 2645.4594097499544 8965.477441753086 9457.90351091589 1845.2244415402938 6655.789455894553 0.0 0.0 0.0 31.102126863899187 31.211312254965414 1581.2132583229572 4647.386730243269 11489.2314216141 1838.4236045946461 30206.85040726981 17368.405333323193 25116.633135414257 20137.44827748781 27155.627744157748
-1 -1 -1 -1 -1 -1 -1 -1 -1 -1 -1 -1 -1 -1 -1 -1 -1 -1 -1 -1 -1 -1 -1 -1 -1 -1 -1 -1 -1 -1 -1 -1 -1 -1 -1 -1 -1 -1 -1 -1 -1 -1 -1 -1 -1 -1 -1 -1 -1 -1 -1 -1 -1 0.0 0.0 0.0 0.0 0.0 0.0 0.0 0.0 0.0 0.0 344.73782986213337 2086.9210012274075 4109.464662900148 7163.1364538644275 1870.2467805757865 1746.868532601217 0.0 0.0 0.0 0.0 0.0 3013.975584770699 2134.6222683413616 2640.6918061191154 3844.6712572420865 14862.348707318997 27961.28364534681 41180.63306968237 56729.27535711244 61645.57422022243
-1 -1 -1 -1 -1 -1 -1 -1 -1 -1 -1 -1 -1 -1 -1 -1 -1 -1 -1 -1 -1 -1 -1 -1 -1 -1 -1 -1 -1 -1 -1 -1 -1 -1 -1 -1 -1 -1 -1 -1 -1 -1 -1 -1 -1 -1 -1 -1 -1 -1 -1 -1 -1 0.0 0.0 0.0 0.0 0.0 0.0 0.0 0.0 0.0 0.0 831.1964520811898 11006.630625647995 3755.3571063998666 3589.4270495960586 437.83281151336354 77.76530370106886 0.0 0.0 0.0 0.0 0.0 176.2411694226268 0.0 2652.957477790808 2986.946717074693 5359.485063989659 7129.1112813229365 44336.568011350886 55583.35570494691 58739.66842867564
