critload/trunk/input/1999/a_nat.asc
ncols 720
nrows 360
xllcorner -180
yllcorner -90
cellsize 0.5
NODATA_value -2
[rows 31 to 61 of 360, columns 490 to 559 of 720]
-2.0 -2.0 -2.0 -2.0 -2.0 -2.0 -2.0 -2.0 -2.0 -2.0 -2.0 -2.0 -2.0 -2.0 -2.0 -2.0 -2.0 -2.0 -2.0 -2.0 -2.0 -2.0 -2.0 -2.0 -2.0 -2.0 -2.0 -2.0 -2.0 -2.0 -2.0 -2.0 -2.0 -2.0 -2 -2 -2 -2.0 -2.0 -2.0 -2 20935.0 42062.9 63142.5 84101.7 84101.7 84101.7 84101.7 84101.7 84101.7 84101.7 84101.7 84101.7 84101.7 84101.7 84101.7 84101.7 84101.7 84101.7 84101.7 84101.7 84101.7 84101.7 84101.7 84101.7 84101.7 84101.7 84101.7 84101.7 84101.7
-2.0 -2.0 -2.0 -2.0 -2.0 -2.0 -2.0 -2.0 -2.0 -2.0 -2.0 -2.0 -2.0 -2.0 -2.0 -2.0 -2.0 -2.0 -2.0 -2.0 -2.0 -2.0 -2.0 -2.0 -2.0 -2.0 -2.0 -2.0 -2.0 -2.0 -2.0 -2 -2 -2 -2 -2 -2 -2 -2 -2 29188.600000000002 48479.5 81920.0 86700.7 86700.7 86700.7 86700.7 86700.7 86700.7 86700.7 86700.7 86700.7 86700.7 86700.7 86700.7 86700.7 86700.7 86700.7 86700.7 86700.7 86700.7 86700.7 86700.7 86700.7 86700.7 86700.7 86700.7 86700.7 86700.7 86700.7
-2.0 -2.0 -2.0 -2.0 -2.0 -2.0 -2.0 -2.0 -2.0 2510.33 64741.4 69570.3 42268.200000000004 -2 -2.0 -2.0 -2.0 -2.0 -2 -2 -2 -2 -2 -2 -2.0 -2.0 -2.0 -2.0 -2 -2.0 2474.38 71936.7 89293.2 89293.2 89293.2 89293.2 89293.2 89293.2 89293.2 89293.2 89293.2 89293.2 89293.2 89293.2 89293.2 89293.2 89293.2 89293.2 89293.2 89293.2 89293.2 89293.2 89293.2 89293.2 89293.2 89293.2 89293.2 89293.2 89293.2 89293.2 89293.2 89293.2 89293.2 89293.2 89293.2 89293.2 89293.2 89293.2 89293.2 89293.2
-2.0 -2.0 -2.0 -2.0 -2.0 -2.0 -2.0 -2 56411.3 66608.1 61539.600000000006 61539.600000000006 61539.600000000006 61539.600000000006 51354.700000000004 25713.2 -2.0 -2.0 15157.7 22856.2 48772.600000000006 -2.0 -2.0 -2.0 -2.0 -2 -2.0 -2 58443.5 -2 -2 61503.700000000004 91879.0 91879.0 91879.0 91879.0 91879.0 91879.0 91879.0 91879.0 91879.0 91879.0 91879.0 91879.0 91879.0 91879.0 91879.0 91879.0 91879.0 91879.0 91879.0 91879.0 91879.0 91879.0 91879.0 91879.0 91879.0 91879.0 91879.0 91879.0 91879.0 91879.0 91879.0 91879.0 91879.0 91879.0 91879.0 91879.0 91879.0 91879.0
-2.0 -2.0 -2.0 -2.0 -2.0 -2.0 -2.0 34187.200000000004 94457.6 94457.6 94457.6 94457.6 94457.6 94457.6 94457.6 57664.5 -2.0 -2.0 -2.0 10602.6 86604.0 13077.400000000001 -2.0 -2 39267.9 68052.5 73538.6 60640.100000000006 63257.9 78869.7 94457.6 94457.6 94457.6 94457.6 94457.6 94457.6 94457.6 94457.6 94457.6 94457.6 94457.6 94457.6 94457.6 94457.6 94457.6 94457.6 94457.6 94457.6 94457.6 94457.6 94457.6 94457.6 94457.6 94457.6 94457.6 94457.6 94457.6 94457.6 94457.6 94457.6 94457.6 94457.6 94457.6 94457.6 94457.6 94457.6 94457.6 94457.6 94457.6 94457.6
-2.0 -2.0 -2.0 -2.0 -2.0 -2.0 19051.0 83653.8 97029.0 97029.0 97029.0 97029.0 97029.0 97029.0 61770.8 2665.52 -2 59592.8 81024.0 97029.0 64745.5 -2.0 56618.200000000004 97029.0 78346.6 51524.8 78334.7 97029.0 97029.0 97029.0 97029.0 97029.0 97029.0 97029.0 97029.0 97029.0 97029.0 97029.0 97029.0 97029.0 97029.0 97029.0 97029.0 97029.0 97029.0 97029.0 97029.0 97029.0 97029.0 97029.0 97029.0 97029.0 97029.0 97029.0 97029.0 97029.0 97029.0 97029.0 97029.0 97029.0 97029.0 97029.0 97029.0 97029.0 97029.0 97029.0 97029.0 97029.0 97029.0 97029.0
-2.0 -2.0 -2.0 19525.3 61158.8 88645.90000000001 99593.20000000001 99593.20000000001 99593.20000000001 99593.20000000001 99593.20000000001 99593.20000000001 99593.20000000001 94107.70000000001 33470.3 -2 38517.3 85636.40000000001 99593.20000000001 99593.20000000001 83089.1 44571.8 -2 49879.4 69108.5 69001.90000000001 63362.3 99593.20000000001 99593.20000000001 99593.20000000001 99593.20000000001 99593.20000000001 99593.20000000001 99593.20000000001 99593.20000000001 99593.20000000001 99593.20000000001 99593.20000000001 99593.20000000001 99593.20000000001 99593.20000000001 99593.20000000001 99593.20000000001 99593.20000000001 99593.20000000001 99593.20000000001 99593.20000000001 99593.20000000001 99593.20000000001 99593.20000000001 99593.20000000001 99593.20000000001 99593.20000000001 99593.20000000001 99593.20000000001 99593.20000000001 99593.20000000001 99593.20000000001 99593.20000000001 99593.20000000001 99593.20000000001 99593.20000000001 99593.20000000001 99593.20000000001 99593.20000000001 99593.20000000001 99593.20000000001 99593.20000000001 99593.20000000001 99593.20000000001
-2.0 -2.0 -2 33884.5 65114.600000000006 102150.0 102150.0 102150.0 102150.0 102150.0 102150.0 102150.0 102150.0 102150.0 102150.0 51134.0 -2.0 8435.65 65008.3 102150.0 102150.0 102150.0 102150.0 102150.0 102150.0 102150.0 82482.3 96522.0 102150.0 102150.0 102150.0 102150.0 102150.0 102150.0 102150.0 102150.0 102150.0 102150.0 102150.0 102150.0 102150.0 102150.0 102150.0 102150.0 102150.0 102150.0 102150.0 102150.0 102150.0 102150.0 102150.0 102150.0 102150.0 102150.0 102150.0 102150.0 102150.0 102150.0 102150.0 102150.0 102150.0 102150.0 102150.0 102150.0 102150.0 102150.0 102150.0 102150.0 102150.0 102150.0
-2.0 -2.0 -2.0 -2 58212.9 104698.0 104698.0 104698.0 104698.0 104698.0 104698.0 104698.0 104698.0 104698.0 104698.0 26074.4 -2.0 17567.5 78730.0 104698.0 104698.0 104698.0 104698.0 104698.0 104698.0 104698.0 104698.0 104698.0 104698.0 104698.0 104698.0 104698.0 104698.0 104698.0 104698.0 104698.0 104698.0 104698.0 104698.0 104698.0 104698.0 104698.0 104698.0 104698.0 104698.0 104698.0 104698.0 104698.0 104698.0 104698.0 104698.0 104698.0 104698.0 104698.0 104698.0 104698.0 104698.0 104698.0 104698.0 104698.0 104698.0 104698.0 104698.0 104698.0 104698.0 104698.0 104698.0 104698.0 104698.0 104698.0
-2.0 -2.0 -2.0 26815.7 83314.3 101223.0 107239.0 107239.0 107239.0 107239.0 107239.0 107239.0 107239.0 107239.0 107239.0 20881.4 -2.0 71563.2 107239.0 107239.0 107239.0 107239.0 107239.0 107239.0 107239.0 107239.0 107239.0 107239.0 107239.0 107239.0 107239.0 107239.0 107239.0 107239.0 107239.0 107239.0 107239.0 107239.0 107239.0 107239.0 107239.0 107239.0 107239.0 107239.0 107239.0 107239.0 107239.0 107239.0 107239.0 107239.0 107239.0 107239.0 107239.0 107239.0 107239.0 107239.0 107239.0 107239.0 107239.0 107239.0 107239.0 107239.0 107239.0 107239.0 107239.0 107239.0 107239.0 107239.0 107239.0 107239.0
52146.9 -2 -2 -2.0 15123.1 -2.0 82217.7 109772.0 109772.0 109772.0 109772.0 109772.0 109772.0 109772.0 103627.0 15170.0 -2.0 33582.3 97457.90000000001 103615.0 82100.6 72900.3 82100.6 100536.0 109772.0 109772.0 109772.0 109772.0 109772.0 109772.0 109772.0 109772.0 109772.0 109772.0 109772.0 109772.0 109772.0 109772.0 109772.0 109772.0 109772.0 109772.0 109772.0 109772.0 109772.0 109772.0 109772.0 109772.0 109772.0 109772.0 109772.0 109772.0 109772.0 109772.0 109772.0 109772.0 109772.0 109772.0 109772.0 109772.0 109772.0 109772.0 109772.0 109772.0 109772.0 109772.0 109772.0 109772.0 109772.0 109772.0
112296.0 112296.0 109206.0 90641.5 56439.600000000006 -2 -2.0 37280.200000000004 106081.0 112296.0 112296.0 112296.0 112296.0 112296.0 112296.0 59564.8 -2 -2.0 -2.0 53337.8 68917.0 81347.7 93755.0 59459.8 27893.0 80962.6 112296.0 112296.0 112296.0 112296.0 112296.0 112296.0 112296.0 112296.0 112296.0 112296.0 112296.0 112296.0 112296.0 112296.0 112296.0 112296.0 112296.0 112296.0 112296.0 112296.0 112296.0 112296.0 112296.0 112296.0 112296.0 112296.0 112296.0 112296.0 112296.0 112296.0 112296.0 112296.0 112296.0 112296.0 112296.0 112296.0 112296.0 112296.0 112296.0 112296.0 112296.0 112296.0 112296.0 112296.0
114811.0 114811.0 114811.0 114811.0 114811.0 114811.0 67200.1 92620.8 114811.0 114811.0 114811.0 114811.0 114811.0 114811.0 114811.0 114811.0 66735.1 3160.13 9538.59 95536.8 114811.0 114811.0 114811.0 114811.0 57417.4 35308.0 105238.0 114811.0 114811.0 114811.0 114811.0 114811.0 114811.0 114811.0 114811.0 114811.0 114811.0 114811.0 114811.0 114811.0 114811.0 114811.0 114811.0 114811.0 114811.0 114811.0 114811.0 114811.0 114811.0 114811.0 114811.0 114811.0 114811.0 114811.0 114811.0 114811.0 114811.0 114811.0 114811.0 114811.0 114811.0 114811.0 114811.0 114811.0 114811.0 114811.0 114811.0 114811.0 114811.0 114811.0
117319.0 117319.0 117319.0 117319.0 117319.0 117319.0 117319.0 117319.0 117319.0 117319.0 117319.0 117319.0 117319.0 117319.0 117319.0 97603.3 22725.0 -2.0 -2.0 62074.5 117319.0 117319.0 117319.0 117319.0 71810.5 81245.3 84486.8 94327.1 114031.0 117319.0 117319.0 117319.0 117319.0 117319.0 117319.0 117319.0 117319.0 117319.0 117319.0 117319.0 117319.0 117319.0 117319.0 117319.0 117319.0 117319.0 117319.0 117319.0 117319.0 117319.0 117319.0 117319.0 117319.0 117319.0 117319.0 117319.0 117319.0 117319.0 117319.0 117319.0 117319.0 117319.0 117319.0 117319.0 117319.0 117319.0 117319.0 117319.0 117319.0 117319.0
119817.0 119817.0 119817.0 119817.0 119817.0 119817.0 119817.0 119817.0 119817.0 119817.0 119817.0 119817.0 119817.0 119817.0 62965.200000000004 -2.0 -2.0 13359.1 106608.0 119817.0 119817.0 119817.0 119817.0 119817.0 116482.0 106596.0 119817.0 119817.0 119817.0 119817.0 119817.0 119817.0 119817.0 119817.0 119817.0 119817.0 119817.0 119817.0 119817.0 119817.0 119817.0 119817.0 119817.0 119817.0 119817.0 119817.0 119817.0 119817.0 119817.0 119817.0 119817.0 119817.0 119817.0 119817.0 119817.0 119817.0 119817.0 119817.0 119817.0 119817.0 119817.0 119817.0 119817.0 119817.0 119817.0 119817.0 119817.0 119817.0 119817.0 119817.0
122305.0 122305.0 122305.0 122305.0 122305.0 122305.0 122305.0 122305.0 94965.40000000001 91619.8 94988.40000000001 112107.0 94977.0 27052.4 -2.0 23971.300000000003 61451.700000000004 105451.0 122305.0 122305.0 122305.0 122305.0 122305.0 122305.0 122305.0 122305.0 122305.0 122305.0 122305.0 122305.0 122305.0 122305.0 122305.0 122305.0 122305.0 122305.0 122305.0 122305.0 122305.0 122305.0 122305.0 122305.0 122305.0 122305.0 122305.0 122305.0 122305.0 122305.0 122305.0 122305.0 122305.0 122305.0 122305.0 122305.0 122305.0 122305.0 122305.0 122305.0 122305.0 122305.0 122305.0 122305.0 122305.0 122305.0 122305.0 122305.0 122305.0 122305.0 122305.0 122305.0
124785.0 124785.0 124785.0 124785.0 124785.0 124785.0 124785.0 124785.0 124785.0 111035.0 86902.6 97215.40000000001 83465.0 59218.4 69542.7 124785.0 124785.0 124785.0 124785.0 124785.0 124785.0 124785.0 124785.0 124785.0 124785.0 124785.0 124785.0 124785.0 124785.0 124785.0 124785.0 124785.0 124785.0 124785.0 124785.0 124785.0 124785.0 124785.0 124785.0 124785.0 124785.0 124785.0 124785.0 124785.0 124785.0 124785.0 124785.0 124785.0 124785.0 124785.0 124785.0 124785.0 124785.0 124785.0 124785.0 124785.0 124785.0 124785.0 124785.0 124785.0 124785.0 124785.0 124785.0 124785.0 124785.0 124785.0 124785.0 124785.0 124785.0 124785.0
127255.0 127255.0 127255.0 127255.0 127255.0 127255.0 127255.0 127255.0 127255.0 127255.0 127255.0 127255.0 127255.0 127255.0 127255.0 127255.0 127255.0 127255.0 127255.0 127255.0 127255.0 127255.0 127255.0 127255.0 127255.0 127255.0 127255.0 127255.0 127255.0 127255.0 127255.0 127255.0 127255.0 127255.0 127255.0 127255.0 127255.0 127255.0 127255.0 127255.0 127255.0 127255.0 127255.0 127255.0 127255.0 127255.0 127255.0 127255.0 127255.0 127255.0 127255.0 127255.0 127255.0 127255.0 127255.0 127255.0 127255.0 127255.0 127255.0 127255.0 127255.0 127255.0 127255.0 127255.0 127255.0 127255.0 127255.0 127255.0 127255.0 127255.0
129715.0 129715.0 129715.0 129715.0 129715.0 129715.0 129715.0 129715.0 129715.0 129715.0 129715.0 129715.0 129715.0 129715.0 129715.0 129715.0 129715.0 129715.0 129715.0 129715.0 129715.0 129715.0 129715.0 129715.0 129715.0 129715.0 129715.0 129715.0 129715.0 129715.0 129715.0 129715.0 129715.0 129715.0 129715.0 129715.0 129715.0 129715.0 129715.0 129715.0 129715.0 129715.0 129715.0 129715.0 129715.0 129715.0 129715.0 129715.0 129715.0 129715.0 129715.0 129715.0 129715.0 129715.0 129715.0 129715.0 129715.0 129715.0 129715.0 129715.0 129715.0 129715.0 129715.0 129715.0 129715.0 129715.0 129715.0 129715.0 129715.0 129715.0
132166.0 132166.0 132166.0 132166.0 132166.0 132166.0 132166.0 132166.0 132166.0 132166.0 132166.0 132166.0 132166.0 132166.0 132166.0 132166.0 132166.0 132166.0 132166.0 132166.0 132166.0 132166.0 132166.0 132166.0 132166.0 132166.0 132166.0 132166.0 132166.0 132166.0 132166.0 132166.0 132166.0 132166.0 132166.0 132166.0 132166.0 132166.0 132166.0 132166.0 132166.0 132166.0 132166.0 132166.0 132166.0 132166.0 132166.0 132166.0 132166.0 132166.0 132166.0 132166.0 132166.0 132166.0 132166.0 132166.0 132166.0 132166.0 132166.0 132166.0 132166.0 132166.0 132166.0 132166.0 132166.0 132166.0 132166.0 132166.0 132166.0 132166.0
134606.0 134606.0 134606.0 134606.0 134606.0 134606.0 134606.0 134606.0 134606.0 134606.0 134606.0 134606.0 134606.0 134606.0 134606.0 134606.0 134606.0 134606.0 134606.0 134606.0 134606.0 130870.08996581924 134606.0 134606.0 134606.0 134606.0 134606.0 134606.0 134606.0 134606.0 134606.0 134606.0 134606.0 134606.0 134606.0 134606.0 134606.0 134606.0 134606.0 134606.0 134606.0 134606.0 134606.0 134606.0 134606.0 134606.0 134606.0 134606.0 134606.0 134606.0 134606.0 134606.0 134606.0 134606.0 134606.0 134606.0 134606.0 134606.0 134606.0 134606.0 134606.0 134606.0 134606.0 134606.0 134606.0 134606.0 134606.0 134606.0 134606.0 134606.0
137037.0 137037.0 137037.0 137037.0 137037.0 137037.0 137037.0 137037.0 137037.0 137037.0 137037.0 137037.0 137037.0 137037.0 137037.0 137037.0 137037.0 137037.0 137037.0 130154.42324830776 137037.0 137037.0 137037.0 137037.0 137037.0 137037.0 137037.0 137037.0 137037.0 137037.0 137037.0 137037.0 137037.0 137037.0 137037.0 137037.0 137037.0 137037.0 137037.0 137037.0 137037.0 137037.0 137037.0 137037.0 137037.0 137037.0 137037.0 137037.0 137037.0 137037.0 137037.0 137037.0 137037.0 137037.0 137037.0 137037.0 137037.0 137037.0 137037.0 137037.0 137037.0 137037.0 137037.0 137037.0 137037.0 137037.0 137037.0 137037.0 137037.0 137037.0
139456.0 139456.0 139456.0 139456.0 139456.0 139456.0 139456.0 139456.0 139456.0 139456.0 139456.0 139456.0 139456.0 139456.0 139456.0 139456.0 139456.0 139456.0 139456.0 139456.0 139456.0 136447.90998077218 139456.0 139456.0 139456.0 139456.0 139456.0 139456.0 139456.0 139456.0 139456.0 139456.0 139456.0 139456.0 139456.0 139456.0 139456.0 139456.0 139456.0 139456.0 139456.0 139456.0 139456.0 139456.0 139456.0 139456.0 139456.0 139456.0 139456.0 139456.0 139456.0 139456.0 139456.0 139456.0 139456.0 139456.0 139456.0 139456.0 139456.0 139456.0 139456.0 139456.0 139456.0 139456.0 139456.0 139456.0 139456.0 139456.0 139456.0 139456.0
141865.0 141865.0 141865.0 141865.0 141865.0 141865.0 141865.0 141865.0 141865.0 141865.0 141865.0 139746.50997160887 141865.0 141865.0 141865.0 141865.0 141865.0 141865.0 141865.0 138332.13981628482 137950.21003722798 137961.329879753 141865.0 141865.0 130120.63011167533 141865.0 141865.0 141865.0 141865.0 141865.0 141865.0 141865.0 141865.0 141865.0 141865.0 141865.0 141865.0 141865.0 141865.0 141865.0 141865.0 141865.0 141865.0 141865.0 141865.0 141865.0 141865.0 137950.21003724885 141865.0 141865.0 141865.0 141865.0 141865.0 141865.0 141865.0 141865.0 141865.0 141865.0 141865.0 141865.0 141865.0 141865.0 141865.0 141865.0 141865.0 141865.0 141865.0 141865.0 141865.0 141865.0
144264.0 144264.0 144264.0 144264.0 144264.0 144264.0 144264.0 144264.0 144264.0 144264.0 144264.0 144264.0 144264.0 141642.14998625265 142215.91993712977 143501.51201629653 142826.3100280735 144264.0 142506.39006043304 141920.52008056792 144264.0 142594.8799743677 144264.0 144264.0 144264.0 141107.21994781826 144264.0 144264.0 144264.0 144264.0 144264.0 144264.0 144264.0 144264.0 144264.0 144264.0 140282.66989136793 136919.17997744336 140271.60993956192 140260.5599060145 144264.0 144264.0 144264.0 144264.0 144264.0 144264.0 144264.0 144264.0 144264.0 144264.0 144264.0 144264.0 144264.0 144264.0 144264.0 144264.0 144264.0 144264.0 144264.0 144264.0 144264.0 144264.0 144264.0 144264.0 144264.0 144264.0 144264.0 144264.0 144264.0 144264.0
146651.0 146651.0 146651.0 146651.0 146651.0 146651.0 146651.0 146651.0 146651.0 146651.0 146651.0 146651.0 146651.0 144871.10002135483 138544.84994507313 142705.15992735425 146055.45399284372 146651.0 146651.0 146651.0 146651.0 146651.0 146651.0 146651.0 146651.0 146651.0 146651.0 146651.0 146651.0 146651.0 146651.0 146651.0 146651.0 146651.0 146651.0 146651.0 146651.0 146651.0 146651.0 146651.0 146651.0 146651.0 146651.0 146651.0 146651.0 146651.0 146651.0 146651.0 146651.0 146651.0 146651.0 146651.0 146651.0 146651.0 146651.0 146651.0 146651.0 146651.0 146651.0 146651.0 146651.0 146651.0 146651.0 146651.0 142732.1298370448 146651.0 146651.0 146651.0 146651.0 146651.0
149027.0 149027.0 149027.0 149027.0 149027.0 149027.0 149027.0 149027.0 149027.0 149027.0 149027.0 149027.0 149027.0 149027.0 149027.0 149027.0 145490.28506467893 149027.0 149027.0 149027.0 149027.0 149027.0 149027.0 147921.57998275568 149027.0 149027.0 149027.0 149027.0 149027.0 149027.0 149027.0 149027.0 149027.0 149027.0 149027.0 149027.0 149027.0 149027.0 149027.0 149027.0 149027.0 149027.0 149027.0 149027.0 149027.0 149027.0 149027.0 149027.0 149027.0 149027.0 149027.0 149027.0 149027.0 149027.0 149027.0 149027.0 149027.0 149027.0 149027.0 149027.0 149027.0 149027.0 149027.0 149027.0 149027.0 149027.0 149027.0 149027.0 149027.0 149027.0
151392.0 151392.0 151392.0 151392.0 151392.0 151392.0 151392.0 151392.0 151392.0 151392.0 151392.0 151392.0 151392.0 151392.0 151392.0 151392.0 151392.0 151392.0 151392.0 151392.0 151392.0 151392.0 151392.0 150084.5098419151 151392.0 151392.0 151392.0 151392.0 151392.0 151392.0 151392.0 151392.0 151392.0 151392.0 151392.0 151392.0 151392.0 151392.0 151392.0 151392.0 151392.0 151392.0 151392.0 151392.0 151392.0 151392.0 151392.0 151392.0 151392.0 151392.0 151392.0 151392.0 151392.0 151392.0 151392.0 151392.0 151392.0 151392.0 151392.0 151392.0 151392.0 151392.0 151392.0 151392.0 151392.0 151392.0 151392.0 151392.0 151392.0 151392.0
153745.0 153745.0 153745.0 153745.0 153745.0 153745.0 153745.0 153745.0 153745.0 153745.0 153745.0 153745.0 153745.0 153745.0 153745.0 153745.0 153745.0 153745.0 153745.0 153745.0 153745.0 153745.0 153745.0 153745.0 153745.0 153745.0 149468.07014465932 150085.34996033207 153745.0 153745.0 153745.0 153745.0 153745.0 153745.0 153745.0 153745.0 153745.0 153745.0 153745.0 153745.0 153745.0 153745.0 153745.0 153745.0 153745.0 149468.0701446635 145234.4798278837 145169.50027468416 149468.0701446635 149478.90007017972 153745.0 153745.0 153745.0 153745.0 153745.0 153745.0 153745.0 153745.0 153745.0 153745.0 153745.0 153745.0 153745.0 153745.0 153745.0 153745.0 153745.0 153745.0 153745.0 153745.0
151827.93682512426 156087.0 155170.7889671308 156087.0 156087.0 156087.0 156087.0 156087.0 156087.0 156087.0 156087.0 156087.0 156087.0 156087.0 156087.0 156087.0 156087.0 156087.0 156087.0 156087.0 156087.0 156087.0 156087.0 156087.0 156087.0 156087.0 156087.0 151766.83016966903 151745.25996399613 152379.6799774357 151734.48992919596 147457.4502105576 151766.83016967127 156087.0 156087.0 156087.0 156087.0 156087.0 156087.0 156087.0 156087.0 156087.0 156087.0 156087.0 156087.0 156087.0 156087.0 156087.0 156087.0 156087.0 156087.0 156087.0 156087.0 156087.0 156087.0 156087.0 156087.0 156087.0 156087.0 156087.0 156087.0 156087.0 156087.0 156087.0 156087.0 156087.0 156087.0 156087.0 156087.0 156087.0
149603.560272223 147722.32795513215 138300.09041436578 143401.49142804026 154020.5101165828 158416.0 158416.0 158416.0 158416.0 158416.0 158416.0 158416.0 158416.0 158416.0 158416.0 158416.0 158416.0 158416.0 158416.0 158416.0 158416.0 158416.0 158416.0 158416.0 158416.0 158416.0 158416.0 158416.0 158416.0 154041.97999574308 154129.57002259025 149635.7502136004 153999.06999205876 158416.0 158416.0 158416.0 158416.0 158416.0 158416.0 158416.0 158416.0 158416.0 158416.0 158416.0 158416.0 158416.0 158416.0 158416.0 158416.0 158416.0 158416.0 158416.0 158416.0 158416.0 158416.0 158416.0 158416.0 158416.0 158416.0 158416.0 158416.0 158416.0 158416.0 158416.0 158416.0 158416.0 158416.0 158416.0 158416.0 158416.0
