critload/trunk/input/1999/a_nat.asc
ncols 720
nrows 360
xllcorner -180
yllcorner -90
cellsize 0.5
NODATA_value -2
[rows 31 to 61 of 360, columns 560 to 629 of 720]
84101.7 84101.7 84101.7 84101.7 84101.7 84101.7 84101.7 84101.7 84101.7 84101.7 84101.7 84101.7 84101.7 84101.7 84101.7 84101.7 84101.7 84101.7 81771.6 63022.0 13860.300000000001 -2.0 2330.1400000000003 20947.2 67549.8 67549.8 34843.6 -2.0 -2.0 -2.0 -2.0 -2 -2.0 -2.0 -2.0 -2.0 -2.0 -2.0 -2.0 -2.0 -2.0 -2.0 -2.0 -2.0 -2.0 -2.0 -2.0 -2.0 -2.0 -2.0 -2.0 -2.0 -2.0 -2.0 -2.0 -2.0 -2.0 -2.0 -2.0 -2.0 -2.0 -2.0 -2.0 -2.0 -2.0 -2.0 -2.0 -2.0 -2.0 -2.0
86700.7 86700.7 86700.7 86700.7 86700.7 86700.7 86700.7 86700.7 86700.7 86700.7 86700.7 86700.7 86700.7 86700.7 86700.7 86700.7 86700.7 86700.7 -2 86700.7 86700.7 74809.2 67614.2 36431.700000000004 -2 33957.3 50821.8 -2 -2 -2 -2 -2 29188.600000000002 -2 -2 -2 -2 -2 -2.0 -2.0 -2.0 -2.0 -2.0 -2.0 -2.0 -2.0 -2 -2 41176.3 43602.700000000004 -2 -2 -2.0 -2.0 -2.0 -2.0 -2.0 -2.0 -2.0 -2.0 -2.0 -2.0 -2.0 -2.0 -2.0 -2.0 -2.0 -2.0 -2.0 -2.0
89293.2 89293.2 89293.2 89293.2 89293.2 89293.2 89293.2 89293.2 89293.2 89293.2 89293.2 89293.2 89293.2 89293.2 89293.2 -2 89293.2 89293.2 89293.2 89293.2 89293.2 89293.2 89293.2 89293.2 89293.2 89293.2 89293.2 89293.2 89293.2 89293.2 89293.2 89293.2 89293.2 89293.2 89293.2 89293.2 79383.8 27553.7 -2 -2.0 -2.0 -2.0 -2.0 -2.0 -2 -2 24767.7 89293.2 89293.2 89293.2 89293.2 79479.7 77005.3 69666.1 86842.90000000001 74590.90000000001 54855.8 39997.6 -2 -2 -2.0 -2.0 -2.0 -2.0 -2.0 -2.0 -2.0 -2.0 -2.0 -2.0
91879.0 91879.0 91879.0 91879.0 91879.0 91879.0 91879.0 91879.0 91879.0 91879.0 91879.0 91879.0 91879.0 91879.0 91879.0 91879.0 91879.0 91879.0 91879.0 91879.0 91879.0 91879.0 91879.0 91879.0 91879.0 91879.0 91879.0 91879.0 91879.0 91879.0 91879.0 91879.0 91879.0 91879.0 91879.0 91879.0 91879.0 91879.0 91879.0 86834.3 91879.0 71628.8 76697.3 91879.0 91879.0 86834.3 76709.3 91879.0 91879.0 91879.0 91879.0 91879.0 91879.0 91879.0 91879.0 91879.0 91879.0 91879.0 91879.0 -2 -2.0 -2.0 -2.0 -2.0 -2.0 -2.0 -2.0 -2.0 -2.0 -2.0
94457.6 94457.6 94457.6 94457.6 94457.6 94457.6 94457.6 94457.6 94457.6 94457.6 94457.6 94457.6 94457.6 94457.6 94457.6 94457.6 94457.6 94457.6 94457.6 94457.6 94457.6 94457.6 94457.6 94457.6 94457.6 94457.6 94457.6 94457.6 94457.6 94457.6 94457.6 94457.6 94457.6 94457.6 94457.6 94457.6 94457.6 94457.6 94457.6 94457.6 94457.6 94457.6 94457.6 94457.6 94457.6 94457.6 94457.6 94457.6 94457.6 94457.6 94457.6 94457.6 94457.6 94457.6 94457.6 94457.6 94457.6 94457.6 94457.6 -2 -2.0 -2.0 -2.0 -2.0 -2.0 -2.0 -2.0 -2.0 -2.0 -2.0
97029.0 97029.0 97029.0 97029.0 97029.0 97029.0 97029.0 97029.0 97029.0 97029.0 97029.0 97029.0 97029.0 97029.0 97029.0 97029.0 97029.0 97029.0 97029.0 97029.0 97029.0 97029.0 97029.0 97029.0 97029.0 97029.0 97029.0 97029.0 97029.0 97029.0 97029.0 97029.0 97029.0 97029.0 97029.0 97029.0 97029.0 97029.0 97029.0 97029.0 97029.0 97029.0 97029.0 97029.0 97029.0 97029.0 97029.0 97029.0 97029.0 97029.0 97029.0 97029.0 97029.0 97029.0 97029.0 97029.0 97029.0 94315.90000000001 51156.3 -2.0 -2.0 -2.0 -2.0 -2.0 13577.300000000001 64935.700000000004 -2 -2.0 -2.0 -2.0
99593.20000000001 99593.20000000001 99593.20000000001 99593.20000000001 99593.20000000001 99593.20000000001 99593.20000000001 99593.20000000001 99593.20000000001 99593.20000000001 99593.20000000001 99593.20000000001 99593.20000000001 99593.20000000001 99593.20000000001 99593.20000000001 99593.20000000001 99593.20000000001 99593.20000000001 99593.20000000001 99593.20000000001 99593.20000000001 99593.20000000001 99593.20000000001 99593.20000000001 99593.20000000001 99593.20000000001 99593.20000000001 99593.20000000001 99593.20000000001 99593.20000000001 99593.20000000001 99593.20000000001 99593.20000000001 99593.20000000001 99593.20000000001 99593.20000000001 99593.20000000001 99593.20000000001 99593.20000000001 99593.20000000001 99593.20000000001 99593.20000000001 99593.20000000001 99593.20000000001 99593.20000000001 99593.20000000001 99593.20000000001 99593.20000000001 99593.20000000001 99593.20000000001 99593.20000000001 99593.20000000001 99593.20000000001 99593.20000000001 99593.20000000001 99593.20000000001 99593.20000000001 88610.3 33446.6 -2 -2.0 -2.0 8376.460000000001 77579.90000000001 99593.20000000001 99593.20000000001 85909.0 69428.7 69404.90000000001
102150.0 102150.0 102150.0 102150.0 102150.0 102150.0 102150.0 102150.0 102150.0 102150.0 102150.0 102150.0 102150.0 102150.0 102150.0 102150.0 102150.0 102150.0 102150.0 102150.0 102150.0 102150.0 102150.0 102150.0 102150.0 102150.0 102150.0 102150.0 102150.0 102150.0 102150.0 102150.0 102150.0 102150.0 102150.0 102150.0 102150.0 102150.0 102150.0 102150.0 102150.0 102150.0 102150.0 102150.0 102150.0 102150.0 102150.0 102150.0 102150.0 102150.0 102150.0 102150.0 102150.0 102150.0 102150.0 102150.0 102150.0 102150.0 102150.0 102150.0 96533.90000000001 82458.7 54225.5 88086.40000000001 102150.0 102150.0 102150.0 102150.0 102150.0 102150.0
104698.0 104698.0 104698.0 104698.0 104698.0 104698.0 104698.0 104698.0 104698.0 104698.0 104698.0 104698.0 104698.0 104698.0 104698.0 104698.0 104698.0 104698.0 104698.0 104698.0 104698.0 104698.0 104698.0 104698.0 104698.0 104698.0 104698.0 104698.0 104698.0 104698.0 104698.0 104698.0 104698.0 104698.0 104698.0 104698.0 104698.0 104698.0 104698.0 104698.0 104698.0 104698.0 104698.0 104698.0 104698.0 104698.0 104698.0 104698.0 104698.0 104698.0 104698.0 104698.0 104698.0 104698.0 104698.0 104698.0 104698.0 104698.0 104698.0 104698.0 104698.0 104698.0 104698.0 104698.0 104698.0 104698.0 104698.0 104698.0 104698.0 104698.0
107239.0 107239.0 107239.0 107239.0 107239.0 107239.0 107239.0 107239.0 107239.0 107239.0 107239.0 107239.0 107239.0 107239.0 107239.0 107239.0 107239.0 107239.0 107239.0 107239.0 107239.0 107239.0 107239.0 107239.0 107239.0 107239.0 107239.0 107239.0 107239.0 107239.0 107239.0 107239.0 107239.0 107239.0 107239.0 107239.0 107239.0 107239.0 107239.0 107239.0 107239.0 107239.0 107239.0 107239.0 107239.0 107239.0 107239.0 107239.0 107239.0 107239.0 107239.0 107239.0 107239.0 107239.0 107239.0 107239.0 107239.0 107239.0 107239.0 107239.0 107239.0 107239.0 107239.0 107239.0 107239.0 107239.0 107239.0 107239.0 107239.0 107239.0
109772.0 109772.0 109772.0 109772.0 109772.0 109772.0 109772.0 109772.0 109772.0 109772.0 109772.0 109772.0 109772.0 109772.0 109772.0 109772.0 109772.0 109772.0 109772.0 109772.0 109772.0 109772.0 109772.0 109772.0 109772.0 109772.0 109772.0 109772.0 109772.0 109772.0 109772.0 109772.0 109772.0 109772.0 109772.0 109772.0 109772.0 109772.0 109772.0 109772.0 109772.0 109772.0 109772.0 109772.0 109772.0 109772.0 109772.0 109772.0 109772.0 109772.0 109772.0 109772.0 109772.0 109772.0 109772.0 109772.0 109772.0 109772.0 109772.0 109772.0 109772.0 109772.0 109772.0 109772.0 109772.0 109772.0 109772.0 109772.0 109772.0 109772.0
112296.0 112296.0 112296.0 112296.0 112296.0 112296.0 112296.0 112296.0 112296.0 112296.0 112296.0 112296.0 112296.0 112296.0 112296.0 112296.0 112296.0 112296.0 112296.0 112296.0 112296.0 112296.0 112296.0 112296.0 112296.0 112296.0 112296.0 112296.0 112296.0 112296.0 112296.0 112296.0 112296.0 112296.0 112296.0 112296.0 112296.0 112296.0 112296.0 112296.0 112296.0 112296.0 112296.0 112296.0 112296.0 112296.0 112296.0 112296.0 112296.0 112296.0 112296.0 112296.0 112296.0 112296.0 112296.0 112296.0 112296.0 112296.0 112296.0 112296.0 112296.0 112296.0 112296.0 112296.0 112296.0 112296.0 112296.0 112296.0 112296.0 112296.0
114811.0 114811.0 114811.0 114811.0 114811.0 114811.0 114811.0 114811.0 114811.0 114811.0 114811.0 114811.0 114811.0 114811.0 114811.0 114811.0 114811.0 114811.0 114811.0 114811.0 114811.0 114811.0 114811.0 114811.0 114811.0 114811.0 114811.0 114811.0 114811.0 114811.0 114811.0 114811.0 114811.0 114811.0 114811.0 114811.0 114811.0 114811.0 114811.0 114811.0 114811.0 114811.0 114811.0 114811.0 114811.0 114811.0 114811.0 114811.0 114811.0 114811.0 114811.0 114811.0 114811.0 114811.0 114811.0 114811.0 114811.0 114811.0 114811.0 114811.0 114811.0 114811.0 114811.0 114811.0 114811.0 114811.0 114811.0 114811.0 114811.0 114811.0
117319.0 117319.0 117319.0 117319.0 117319.0 117319.0 117319.0 117319.0 117319.0 117319.0 117319.0 117319.0 117319.0 117319.0 117319.0 117319.0 117319.0 117319.0 117319.0 117319.0 117319.0 117319.0 117319.0 117319.0 117319.0 117319.0 117319.0 117319.0 117319.0 117319.0 117319.0 117319.0 117319.0 117319.0 117319.0 117319.0 117319.0 117319.0 117319.0 117319.0 117319.0 117319.0 117319.0 117319.0 117319.0 117319.0 117319.0 117319.0 117319.0 117319.0 117319.0 117319.0 117319.0 117319.0 117319.0 117319.0 117319.0 117319.0 117319.0 117319.0 117319.0 117319.0 117319.0 117319.0 117319.0 117319.0 117319.0 117319.0 117319.0 117319.0
119817.0 119817.0 119817.0 119817.0 119817.0 119817.0 119817.0 119817.0 119817.0 119817.0 119817.0 119817.0 119817.0 119817.0 119817.0 119817.0 119817.0 119817.0 119817.0 119817.0 119817.0 119817.0 119817.0 119817.0 119817.0 119817.0 119817.0 119817.0 119817.0 119817.0 119817.0 119817.0 119817.0 119817.0 119817.0 119817.0 119817.0 119817.0 119817.0 119817.0 119817.0 119817.0 119817.0 119817.0 119817.0 119817.0 119817.0 119817.0 119817.0 119817.0 119817.0 119817.0 119817.0 119817.0 119817.0 119817.0 119817.0 119817.0 119817.0 119817.0 119817.0 119817.0 119817.0 119817.0 119817.0 119817.0 119817.0 119817.0 119817.0 119817.0
122305.0 122305.0 122305.0 122305.0 122305.0 122305.0 122305.0 122305.0 122305.0 122305.0 122305.0 122305.0 122305.0 122305.0 122305.0 122305.0 122305.0 122305.0 122305.0 122305.0 122305.0 122305.0 122305.0 122305.0 122305.0 122305.0 122305.0 122305.0 122305.0 122305.0 122305.0 122305.0 122305.0 122305.0 122305.0 122305.0 122305.0 122305.0 122305.0 122305.0 122305.0 122305.0 122305.0 122305.0 118886.94007872813 122305.0 122305.0 122305.0 122305.0 122305.0 122305.0 122305.0 122305.0 122305.0 122305.0 122305.0 122305.0 122305.0 122305.0 122305.0 122305.0 122305.0 122305.0 122305.0 122305.0 122305.0 122305.0 122305.0 122305.0 122305.0
124785.0 124785.0 124785.0 124785.0 124785.0 124785.0 124785.0 124785.0 124785.0 124785.0 124785.0 124785.0 124785.0 124785.0 124785.0 124785.0 124785.0 124785.0 124785.0 124785.0 124785.0 124785.0 124785.0 124785.0 124785.0 124785.0 124785.0 124785.0 124785.0 124785.0 124785.0 124785.0 124785.0 124785.0 124785.0 124785.0 124785.0 124785.0 124785.0 124785.0 124785.0 124785.0 124785.0 121919.32998657078 121332.60017396083 124785.0 124785.0 124785.0 124785.0 124785.0 124785.0 124785.0 124785.0 124785.0 124785.0 124785.0 124785.0 124785.0 124785.0 124785.0 124785.0 124785.0 124785.0 124785.0 124785.0 124785.0 124785.0 124785.0 124785.0 124785.0
127255.0 127255.0 127255.0 127255.0 127255.0 127255.0 127255.0 127255.0 127255.0 127255.0 127255.0 127255.0 127255.0 127255.0 127255.0 127255.0 127255.0 127255.0 127255.0 127255.0 127255.0 127255.0 127255.0 127255.0 127255.0 127255.0 127255.0 127255.0 127255.0 127255.0 127255.0 127255.0 127255.0 127255.0 127255.0 127255.0 127255.0 127255.0 127255.0 127255.0 127255.0 127255.0 127255.0 127255.0 123699.99015806773 127255.0 127255.0 127255.0 127255.0 127255.0 127255.0 127255.0 127255.0 127255.0 127255.0 127255.0 127255.0 127255.0 127255.0 127255.0 127255.0 127255.0 127255.0 127255.0 127255.0 127255.0 127255.0 127255.0 127255.0 127255.0
129715.0 129715.0 129715.0 129715.0 129715.0 129715.0 129715.0 129715.0 129715.0 129715.0 129715.0 129715.0 129715.0 129715.0 129715.0 129715.0 129715.0 129715.0 129715.0 129715.0 129715.0 129715.0 129715.0 129715.0 129715.0 129715.0 129715.0 129715.0 129715.0 129715.0 129715.0 129715.0 129715.0 129715.0 129715.0 129715.0 129715.0 129715.0 129715.0 129715.0 129715.0 129715.0 129715.0 129715.0 129715.0 123532.1899795721 126175.5899810882 129715.0 129715.0 129715.0 129715.0 129715.0 129715.0 129715.0 129715.0 129715.0 129715.0 129715.0 129715.0 129715.0 129715.0 129715.0 129715.0 129715.0 129715.0 129715.0 129715.0 129715.0 129715.0 129715.0
132166.0 132166.0 132166.0 132166.0 132166.0 132166.0 132166.0 132166.0 132166.0 132166.0 132166.0 132166.0 132166.0 132166.0 132166.0 132166.0 132166.0 132166.0 132166.0 132166.0 132166.0 132166.0 132166.0 132166.0 132166.0 132166.0 132166.0 132166.0 132166.0 132166.0 132166.0 132166.0 132166.0 132166.0 132166.0 132166.0 132166.0 132166.0 132166.0 132166.0 132166.0 132166.0 132166.0 132166.0 132166.0 132166.0 132166.0 132166.0 132166.0 132166.0 132166.0 132166.0 132166.0 132166.0 132166.0 132166.0 132166.0 132166.0 132166.0 132166.0 132166.0 132166.0 132166.0 132166.0 132166.0 132166.0 132166.0 132166.0 132166.0 132166.0
134606.0 134606.0 134606.0 134606.0 134606.0 134606.0 134606.0 134606.0 134606.0 134606.0 134606.0 134606.0 134606.0 134606.0 134606.0 134606.0 134606.0 134606.0 134606.0 134606.0 134606.0 134606.0 134606.0 134606.0 134606.0 134606.0 134606.0 134606.0 134606.0 134606.0 134606.0 134606.0 134606.0 134606.0 134606.0 134606.0 134606.0 134606.0 134606.0 134606.0 134606.0 134606.0 134606.0 130870.08996580953 129315.58995820384 134606.0 134606.0 134606.0 134606.0 134606.0 134606.0 134606.0 134606.0 134606.0 134606.0 134606.0 134606.0 134606.0 134606.0 134606.0 134606.0 134606.0 134606.0 134606.0 134606.0 134606.0 134606.0 134606.0 134606.0 134606.0
137037.0 137037.0 137037.0 137037.0 137037.0 137037.0 137037.0 137037.0 137037.0 137037.0 137037.0 137037.0 137037.0 137037.0 137037.0 137037.0 137037.0 137037.0 137037.0 137037.0 137037.0 137037.0 137037.0 137037.0 137037.0 137037.0 137037.0 137037.0 137037.0 137037.0 137037.0 137037.0 137037.0 137037.0 137037.0 137037.0 137037.0 137037.0 137037.0 137037.0 137037.0 137037.0 137037.0 137037.0 137037.0 137037.0 137037.0 137037.0 137037.0 137037.0 133235.23303223093 137037.0 137037.0 137037.0 137037.0 137037.0 137037.0 137037.0 137037.0 137037.0 137037.0 137037.0 137037.0 137037.0 137037.0 137037.0 137037.0 137037.0 137037.0 137037.0
139456.0 139456.0 139456.0 139456.0 139456.0 139456.0 139456.0 139456.0 139456.0 139456.0 139456.0 139456.0 139456.0 139456.0 139456.0 139456.0 139456.0 139456.0 139456.0 139456.0 139456.0 139456.0 139456.0 139456.0 139456.0 139456.0 139456.0 139456.0 139456.0 139456.0 139456.0 139456.0 139456.0 139456.0 139456.0 139456.0 139456.0 139456.0 139456.0 139456.0 139456.0 139456.0 139456.0 139456.0 139456.0 139456.0 139456.0 139456.0 135929.6400604169 139456.0 139456.0 139456.0 139456.0 139456.0 139456.0 139456.0 139456.0 139456.0 139456.0 139456.0 139456.0 139456.0 139456.0 139456.0 139456.0 139456.0 139456.0 139456.0 139456.0 139456.0
141865.0 141865.0 141865.0 141865.0 141865.0 141865.0 141865.0 141865.0 141865.0 141865.0 141865.0 141865.0 141865.0 141865.0 141865.0 141865.0 141865.0 141865.0 141865.0 141865.0 141865.0 141865.0 141865.0 141865.0 141865.0 141865.0 141865.0 141865.0 141865.0 141865.0 141865.0 141865.0 141865.0 141865.0 141865.0 141865.0 141865.0 141865.0 141865.0 141865.0 141865.0 141865.0 141865.0 141865.0 141865.0 141865.0 141865.0 141865.0 141865.0 141865.0 141865.0 141865.0 141865.0 141865.0 141865.0 141865.0 141865.0 141865.0 141865.0 139969.3199539129 138156.5100097785 137931.94641114215 141865.0 141865.0 141865.0 141865.0 141865.0 141865.0 141865.0 141865.0
144264.0 144264.0 144264.0 144264.0 144264.0 144264.0 144264.0 144264.0 144264.0 144264.0 144264.0 144264.0 144264.0 144264.0 144264.0 144264.0 144264.0 144264.0 144264.0 144264.0 144264.0 144264.0 144264.0 144264.0 144264.0 144264.0 144264.0 144264.0 144264.0 144264.0 144264.0 144264.0 144264.0 144264.0 144264.0 144264.0 144264.0 144264.0 144264.0 144264.0 144264.0 144264.0 144264.0 144264.0 144264.0 144264.0 144264.0 144264.0 144264.0 144264.0 144264.0 144264.0 144264.0 144264.0 144264.0 144264.0 144264.0 144264.0 144264.0 139960.9820022673 144264.0 144264.0 144264.0 144264.0 144264.0 144264.0 144264.0 144264.0 144264.0 144264.0
146651.0 146651.0 146651.0 146651.0 146651.0 146651.0 146651.0 146651.0 146651.0 146651.0 146651.0 146651.0 146651.0 146651.0 146651.0 146651.0 146651.0 146651.0 146651.0 146651.0 146651.0 146651.0 146651.0 146651.0 146651.0 146651.0 146651.0 146651.0 146651.0 146651.0 146651.0 146651.0 146651.0 146651.0 146651.0 146651.0 146651.0 146651.0 146651.0 146651.0 146651.0 146651.0 146651.0 146651.0 146651.0 146651.0 146651.0 146651.0 146651.0 146651.0 146651.0 146651.0 146651.0 146651.0 146651.0 146651.0 146651.0 146651.0 145236.64996719494 138547.2511701956 146651.0 146651.0 146651.0 146651.0 146651.0 146651.0 146651.0 146651.0 146651.0 146651.0
149027.0 149027.0 149027.0 149027.0 149027.0 149027.0 149027.0 149027.0 149027.0 149027.0 149027.0 149027.0 149027.0 149027.0 149027.0 149027.0 149027.0 149027.0 149027.0 149027.0 149027.0 149027.0 149027.0 149027.0 149027.0 149027.0 149027.0 149027.0 149027.0 149027.0 149027.0 149027.0 149027.0 149027.0 149027.0 149027.0 149027.0 149027.0 149027.0 149027.0 149027.0 149027.0 149027.0 149027.0 149027.0 149027.0 149027.0 149027.0 149027.0 149027.0 149027.0 149027.0 149027.0 149027.0 149027.0 149027.0 149027.0 149027.0 149027.0 149027.0 149027.0 149027.0 149027.0 149027.0 149027.0 149027.0 149027.0 149027.0 149027.0 149027.0
151392.0 151392.0 151392.0 151392.0 151392.0 151392.0 151392.0 151392.0 151392.0 151392.0 151392.0 151392.0 151392.0 151392.0 151392.0 151392.0 151392.0 151392.0 151392.0 151392.0 151392.0 151392.0 151392.0 151392.0 151392.0 151392.0 151392.0 151392.0 151392.0 151392.0 151392.0 151392.0 151392.0 151392.0 151392.0 151392.0 151392.0 151392.0 151392.0 151392.0 151392.0 151392.0 151392.0 151392.0 151392.0 151392.0 151392.0 151392.0 151392.0 151392.0 151392.0 151392.0 151392.0 151392.0 151392.0 151392.0 151392.0 151392.0 151392.0 151392.0 151392.0 151392.0 151392.0 151392.0 151392.0 151392.0 151392.0 151392.0 151392.0 148849.34004974167
153745.0 153745.0 153745.0 153745.0 153745.0 153745.0 153745.0 153745.0 153745.0 153745.0 153745.0 153745.0 153745.0 153745.0 153745.0 153745.0 153745.0 153745.0 153745.0 153745.0 153745.0 153745.0 153745.0 153745.0 153745.0 153745.0 153745.0 153745.0 153745.0 153745.0 153745.0 153745.0 153745.0 153745.0 151218.71616364765 145203.4976196476 153745.0 153745.0 153745.0 153745.0 145236.25900265103 153745.0 153745.0 153745.0 153745.0 153745.0 153745.0 153745.0 153745.0 153745.0 153745.0 153745.0 153745.0 153745.0 153745.0 153745.0 153745.0 153745.0 153745.0 153745.0 153745.0 153745.0 153745.0 153745.0 153745.0 153745.0 153745.0 153745.0 153745.0 153745.0
156087.0 156087.0 156087.0 156087.0 156087.0 156087.0 156087.0 156087.0 156087.0 156087.0 156087.0 156087.0 156087.0 156087.0 156087.0 156087.0 156087.0 156087.0 156087.0 156087.0 156087.0 156087.0 156087.0 156087.0 156087.0 156087.0 156087.0 156087.0 156087.0 156087.0 156087.0 156087.0 156087.0 156087.0 156087.0 156087.0 156087.0 156087.0 156087.0 156087.0 156087.0 156087.0 156087.0 156087.0 156087.0 156087.0 156087.0 156087.0 156087.0 156087.0 156087.0 156087.0 156087.0 156087.0 156087.0 156087.0 156087.0 156087.0 156087.0 156087.0 143085.4966278158 147429.16232301004 151789.95791626154 156087.0 151766.83016968853 147437.56571960158 147459.20878602308 156087.0 156087.0 156087.0
158416.0 158416.0 158416.0 158416.0 158416.0 158416.0 158416.0 158416.0 158416.0 158416.0 158416.0 158416.0 158416.0 158416.0 158416.0 153999.06999206322 158416.0 158416.0 154009.78013611148 158416.0 158416.0 158416.0 158416.0 158416.0 158416.0 158416.0 158416.0 158416.0 158416.0 158416.0 158416.0 158416.0 158416.0 158416.0 158416.0 158416.0 158416.0 158416.0 158416.0 158416.0 158416.0 158416.0 158416.0 158416.0 158416.0 158416.0 158416.0 158416.0 158416.0 158416.0 158416.0 158416.0 158416.0 158416.0 158416.0 158416.0 158416.0 158416.0 158416.0 158416.0 158416.0 154000.64012145723 149647.96601867053 154009.78013610074 158416.0 158416.0 158416.0 158416.0 158416.0 158416.0
