critload/trunk/input/1999/a_nat.asc
ncols 720
nrows 360
xllcorner -180
yllcorner -90
cellsize 0.5
NODATA_value -2
[rows 32 to 63 of 360, columns 360 to 431 of 720]
-2.0 -2.0 -2.0 -2.0 -2.0 -2.0 -2.0 -2.0 -2.0 -2.0 -2.0 -2.0 -2.0 -2.0 -2.0 -2.0 -2.0 -2.0 -2.0 -2.0 -2.0 -2.0 -2.0 -2.0 -2.0 -2.0 -2.0 -2.0 -2.0 -2.0 -2.0 -2.0 -2.0 -2.0 -2.0 -2.0 -2.0 -2.0 -2.0 -2.0 -2.0 -2.0 -2.0 -2.0 -2.0 -2.0 -2.0 -2.0 -2.0 -2.0 -2.0 -2.0 -2.0 -2.0 -2.0 -2.0 -2.0 -2.0 -2.0 -2.0 -2.0 -2.0 -2.0 -2.0 -2.0 -2.0 -2.0 -2.0 -2.0 -2.0 -2.0 -2.0
-2.0 -2.0 -2.0 -2.0 -2.0 -2.0 -2.0 -2.0 -2.0 -2.0 -2.0 -2.0 -2.0 -2.0 -2.0 -2.0 -2.0 -2.0 -2.0 -2.0 -2.0 -2.0 -2.0 -2.0 -2.0 -2.0 -2.0 -2.0 -2.0 -2.0 -2.0 -2.0 -2.0 -2.0 -2.0 -2.0 -2.0 -2.0 -2.0 -2.0 -2.0 -2.0 -2.0 -2.0 -2.0 -2.0 -2.0 -2.0 -2.0 -2.0 -2.0 -2.0 -2.0 -2.0 -2.0 -2.0 -2.0 -2.0 -2.0 -2.0 -2.0 -2.0 -2.0 -2.0 -2.0 -2.0 -2.0 -2.0 -2.0 -2.0 -2.0 -2.0
-2.0 -2.0 -2.0 -2.0 -2.0 -2.0 -2.0 -2.0 -2.0 -2.0 -2.0 -2.0 -2.0 -2.0 -2.0 -2.0 -2.0 -2.0 -2.0 -2.0 -2.0 -2.0 -2.0 -2.0 -2.0 -2.0 -2.0 -2.0 -2.0 -2.0 -2.0 -2.0 -2.0 -2.0 -2.0 -2.0 -2.0 -2.0 -2.0 -2.0 -2.0 -2.0 -2.0 -2.0 -2.0 -2.0 -2.0 -2.0 -2.0 -2.0 -2.0 -2.0 -2.0 -2.0 -2.0 -2.0 -2.0 -2.0 -2.0 -2.0 -2.0 -2.0 -2.0 -2.0 -2.0 -2.0 -2.0 -2.0 -2.0 -2.0 -2.0 -2.0
-2.0 -2.0 -2.0 -2.0 -2.0 -2.0 -2.0 -2.0 -2.0 -2.0 -2.0 -2.0 -2.0 -2.0 -2.0 -2.0 -2.0 -2.0 -2.0 -2.0 -2.0 -2.0 -2.0 -2.0 -2.0 -2.0 -2.0 -2.0 -2.0 -2.0 -2.0 -2.0 -2.0 -2.0 -2.0 -2.0 -2.0 -2.0 -2.0 -2.0 -2.0 -2.0 -2.0 -2.0 -2.0 -2.0 -2.0 -2.0 -2.0 -2.0 -2.0 -2.0 -2.0 -2.0 -2.0 -2.0 -2.0 -2.0 -2.0 -2.0 -2.0 -2.0 -2.0 -2.0 -2.0 -2.0 -2.0 -2.0 -2.0 -2.0 -2.0 -2.0
-2.0 -2.0 -2.0 -2.0 -2.0 -2.0 -2.0 -2.0 -2.0 -2.0 -2.0 -2.0 -2.0 -2.0 -2.0 -2.0 -2.0 -2.0 -2.0 -2.0 -2.0 -2.0 -2.0 -2.0 -2.0 -2.0 -2.0 -2.0 -2.0 -2.0 -2.0 -2.0 -2.0 -2.0 -2.0 -2.0 -2.0 -2.0 -2.0 -2.0 -2.0 -2.0 -2.0 -2.0 -2.0 -2.0 -2.0 -2.0 -2.0 -2.0 -2.0 -2.0 -2.0 -2.0 -2.0 -2.0 -2.0 -2.0 -2.0 -2.0 -2.0 -2.0 -2.0 -2.0 -2.0 -2.0 -2.0 -2.0 -2.0 -2.0 -2.0 -2.0
-2.0 -2.0 -2.0 -2.0 -2.0 -2.0 -2.0 -2.0 -2.0 -2.0 -2.0 -2.0 -2.0 -2.0 -2.0 -2.0 -2.0 -2.0 -2.0 -2.0 -2.0 -2.0 -2.0 -2.0 -2.0 -2.0 -2.0 -2.0 -2.0 -2.0 -2.0 -2.0 -2.0 -2.0 -2.0 -2.0 -2.0 -2.0 -2.0 -2.0 -2.0 -2.0 -2.0 -2.0 -2.0 -2.0 -2.0 -2.0 -2.0 -2.0 2796.1 25129.4 8376.46 -2.0 2796.1 16764.8 11184.4 -2.0 -2.0 -2.0 -2.0 -2.0 -2.0 -2.0 -2.0 -2.0 -2.0 -2.0 -2.0 -2.0 -2.0 -2.0
-2.0 -2.0 -2.0 -2.0 -2.0 -2.0 -2.0 -2.0 -2.0 -2.0 -2.0 -2.0 -2.0 -2.0 -2.0 -2.0 -2.0 -2.0 -2.0 -2.0 -2.0 -2.0 -2.0 -2.0 -2.0 -2.0 -2.0 -2.0 -2.0 -2.0 -2.0 -2.0 -2.0 -2.0 -2.0 -2.0 -2.0 -2.0 -2.0 -2.0 -2.0 -2.0 -2.0 -2.0 25720.6 39949.5 39843.1 14276.1 34061.7 82399.6 76582.8 42402.9 51346.7 48207.9 45506.2 93666.8 59427.8 62637.6 68348.0 45707.1 25744.2 5734.06 -2.0 -2.0 -2.0 -2.0 -2.0 -2.0 -2.0 -2.0 -2.0 -2.0
-2.0 -2.0 -2.0 -2.0 -2.0 -2.0 -2.0 -2.0 -2.0 -2.0 -2.0 -2.0 -2.0 -2.0 -2.0 -2.0 -2.0 -2.0 -2.0 -2.0 -2.0 -2.0 -2.0 -2.0 -2.0 -2.0 -2.0 -2.0 -2.0 -2.0 -2.0 -2.0 -2.0 -2.0 -2.0 -2.0 -2.0 8801.42 17591.1 29200.7 8777.88 23372.4 17520.4 52455.3 61362.7 78682.8 58024.3 93112.4 104698.0 104698.0 52419.8 96038.3 104698.0 98940.7 104698.0 104698.0 98928.9 92994.5 87107.3 87072.0 81220.1 46273.5 8695.44 -2.0 -2.0 -2.0 -2.0 -2.0 -2.0 -2.0 -2.0 -2.0
-2.0 -2.0 -2.0 -2.0 -2.0 -2.0 -2.0 -2.0 -2.0 -2.0 -2.0 -2.0 -2.0 -2.0 -2.0 -2.0 -2.0 -2.0 -2.0 -2.0 -2.0 -2.0 -2.0 -2.0 -2.0 -2.0 -2.0 -2.0 -2.0 -2.0 -2.0 -2.0 -2.0 -2.0 -2.0 12032.9 29917.9 64461.7710649 92338.9 62620.8 68602.0 80587.9 95417.6 89518.7 107239.0 107239.0 107239.0 107239.0 107239.0 107239.0 107239.0 107239.0 107239.0 107239.0 107239.0 107239.0 107239.0 107239.0 107239.0 89471.6 53913.2 62855.7 56898.0 50928.5 68449.650002 38860.4 -2 -2.0 -2.0 -2.0 -2.0 -2.0
-2.0 -2.0 -2.0 -2.0 -2.0 -2.0 -2.0 -2.0 -2.0 -2.0 -2.0 -2.0 -2.0 -2.0 -2.0 -2.0 -2.0 -2.0 -2.0 -2.0 -2.0 -2.0 -2.0 -2.0 -2.0 -2.0 -2.0 -2.0 -2.0 -2.0 -2.0 39003.7461163 8205.33878503 15287.1 76236.3 91394.5 94625.2 97621.7 88538.5 103732.0 103720.0 109772.0 109772.0 109772.0 109772.0 109772.0 109772.0 109772.0 109772.0 109772.0 109772.0 109772.0 109772.0 109772.0 109772.0 109669.625995 109772.0 109772.0 109772.0 109772.0 109772.0 109772.0 109772.0 109772.0 106752.0 103720.0 79443.6 58186.8 64308.7 55202.0 42574.7840015 42981.7
-2.0 -2.0 -2.0 -2.0 -2.0 -2.0 -2.0 -2.0 -2.0 -2.0 -2.0 -2.0 -2.0 -2.0 -2.0 -2.0 -2.0 -2.0 -2.0 -2.0 -2.0 -2.0 -2.0 -2.0 -2.0 -2.0 -2.0 -2.0 6262.0 46258.7535735 65028.3439972 93661.6 65525.7545147 55510.7429842 71972.1 102967.0 112296.0 112296.0 112296.0 112296.0 112296.0 112296.0 112296.0 112296.0 112296.0 112296.0 112296.0 112296.0 112296.0 112296.0 112296.0 112296.0 112296.0 112296.0 112296.0 112296.0 112296.0 112296.0 112296.0 112296.0 112296.0 112296.0 112296.0 112296.0 109171.0 109182.0 109194.0 112296.0 112296.0 112296.0 110807.705971 111127.512022
-2.0 -2.0 -2.0 -2.0 -2.0 -2.0 -2.0 -2.0 -2.0 -2.0 -2.0 -2.0 -2.0 -2.0 -2.0 -2.0 -2.0 -2.0 -2.0 -2.0 -2.0 -2.0 -2.0 -2.0 -2.0 -2.0 12861.5 44707.2 15917.0 25397.4 28604.0 44378.1979973 57240.7759953 79898.9 92655.7 111651.0 114811.0 114811.0 114811.0 114811.0 114811.0 114811.0 114811.0 114811.0 114811.0 114811.0 114811.0 114811.0 114811.0 114811.0 114811.0 114811.0 114811.0 114811.0 114811.0 114811.0 114811.0 114811.0 114811.0 114811.0 114811.0 114811.0 114698.402999 114811.0 114811.0 114811.0 114811.0 114811.0 114811.0 114811.0 114811.0 114811.0
-2.0 -2.0 -2.0 -2.0 -2.0 -2.0 -2.0 -2.0 -2.0 -2.0 -2.0 -2.0 -2.0 -2.0 -2.0 -2.0 -2.0 -2.0 -2.0 -2.0 -2.0 -2.0 -2.0 -2.0 -2.0 9712.81 3229.87 -2.0 -2.0 22852.5 55069.4110003 101088.0 114077.0 117319.0 117319.0 117319.0 117319.0 117319.0 117319.0 117319.0 117319.0 117319.0 117319.0 117319.0 117319.0 117319.0 117319.0 117319.0 117319.0 117319.0 117319.0 117319.0 117319.0 117319.0 117319.0 117319.0 117319.0 117319.0 117319.0 117319.0 117319.0 117319.0 117319.0 117319.0 117319.0 117319.0 117131.566996 117319.0 117319.0 117319.0 117319.0 117319.0
-2.0 -2.0 -2.0 -2.0 -2.0 -2.0 -2.0 -2.0 -2.0 -2.0 -2.0 -2.0 -2.0 -2.0 -2.0 -2.0 -2.0 -2.0 -2.0 -2.0 -2.0 -2.0 -2.0 -2.0 -2.0 -2.0 -2.0 -2.0 32949.1520153 76099.6229904 109826.0 116517.0 119817.0 119817.0 119817.0 119817.0 119817.0 119817.0 119817.0 119817.0 119817.0 119817.0 119817.0 119817.0 119817.0 119817.0 119817.0 119817.0 119817.0 119817.0 119817.0 119817.0 119817.0 119817.0 119817.0 119817.0 119817.0 119817.0 119817.0 119817.0 119817.0 119817.0 119817.0 119817.0 103089.0 103031.0 119817.0 119817.0 119817.0 119817.0 119817.0 119817.0
-2.0 -2.0 -2.0 -2.0 -2.0 -2.0 -2.0 -2.0 -2.0 -2.0 -2.0 -2.0 -2.0 -2.0 -2.0 -2.0 -2.0 -2.0 -2.0 -2.0 -2.0 -2.0 -2.0 -2.0 -2.0 -2.0 33839.7709925 104732.847018 122305.0 122305.0 122305.0 122305.0 122305.0 122305.0 122305.0 122305.0 122305.0 122305.0 122305.0 122305.0 122305.0 122305.0 122305.0 122305.0 122305.0 122305.0 122305.0 122305.0 122305.0 122305.0 122305.0 122305.0 122305.0 122305.0 122305.0 122305.0 122305.0 122305.0 122305.0 122305.0 122305.0 122305.0 122305.0 122305.0 122305.0 81744.0 67878.4 54058.9 81260.9 101749.0 118879.0 122305.0
-2.0 -2.0 -2.0 -2.0 -2.0 -2.0 -2.0 -2.0 -2.0 -2.0 -2.0 -2.0 -2.0 -2.0 -2.0 -2.0 -2.0 -2.0 -2.0 -2.0 -2.0 -2.0 -2.0 -2.0 10473.2 23466.0611865 103547.392994 114381.0 121325.0 124785.0 124785.0 124785.0 124785.0 124785.0 124785.0 124785.0 124785.0 124785.0 124785.0 124785.0 124785.0 124785.0 124785.0 124785.0 124785.0 124785.0 124785.0 124785.0 124785.0 124785.0 121362.986494 115575.629902 124785.0 124785.0 124785.0 124785.0 124785.0 124785.0 124785.0 124785.0 124785.0 124437.474999 124676.708314 124785.0 124785.0 124785.0 114403.0 83396.2 52285.9 -2 3437.59 20625.5
-2.0 -2.0 -2.0 -2.0 -2.0 -2.0 -2.0 -2.0 -2.0 -2.0 -2.0 -2.0 -2.0 -2.0 -2.0 -2.0 -2.0 -2.0 -2.0 -2.0 -2.0 -2.0 -2.0 17169.6359821 13260.8404171 104963.63002 127255.0 127255.0 127255.0 127255.0 127255.0 127255.0 127255.0 127255.0 127255.0 127255.0 127255.0 127255.0 127255.0 127255.0 127255.0 127255.0 127255.0 114600.516367 77732.8935224 46558.6229446 38090.3775419 42144.4 34336.4843262 65815.0149554 113013.0 127255.0 127255.0 127255.0 127255.0 127255.0 126651.420001 127255.0 127255.0 127255.0 127255.0 127255.0 127080.095999 127255.0 127255.0 127255.0 127255.0 127255.0 123734.130173 68909.8499405 -2.0 -2.0
-2.0 -2.0 -2.0 -2.0 -2.0 -2.0 -2.0 -2.0 -2.0 -2.0 -2.0 -2.0 -2.0 -2.0 -2.0 -2.0 -2.0 -2.0 -2.0 -2.0 -2.0 -2.0 -2.0 10073.4999794 67400.9300367 110462.980079 129715.0 129715.0 129715.0 129715.0 129715.0 129715.0 129715.0 129715.0 129715.0 129715.0 129715.0 129715.0 129715.0 129715.0 129715.0 129715.0 109982.037524 32674.4802484 -2.0 -2.0 -2.0 -2.0 -2.0 8864.80304297 20556.5401953 121273.78184 129715.0 126830.098931 126296.100082 129715.0 129715.0 129715.0 129030.532026 129715.0 127127.08992 129611.484005 129715.0 129715.0 129715.0 129715.0 129715.0 129715.0 118509.784014 39754.6 -2.0 21744.3
-2.0 -2.0 -2.0 -2.0 -2.0 -2.0 -2.0 -2.0 -2.0 -2.0 -2.0 -2.0 -2.0 -2.0 -2.0 -2.0 -2.0 -2.0 -2.0 -2.0 -2.0 3654.3 37349.5321292 105907.410581 121237.0 132166.0 132166.0 132166.0 132166.0 132166.0 132166.0 132166.0 132166.0 132166.0 132166.0 132166.0 132166.0 132166.0 132166.0 132166.0 132166.0 122389.014159 36303.3012099 -2.0 -2.0 -2.0 -2.0 -2.0 12940.1741347 92011.4001272 72217.4772828 113283.890967 121206.270164 130567.900005 132166.0 132166.0 132166.0 130220.509926 131075.679985 132166.0 129621.920029 122290.384308 132166.0 132166.0 132166.0 132166.0 132166.0 132166.0 132166.0 80342.3919983 -2.0 -2.0
-2.0 -2.0 -2.0 -2.0 -2.0 -2.0 -2.0 -2.0 -2.0 -2.0 -2.0 -2.0 -2.0 -2.0 -2.0 -2.0 -2.0 -2.0 -2.0 -2.0 44311.5289917 125744.140015 113463.475881 134606.0 134606.0 134606.0 134606.0 134606.0 134606.0 134606.0 134606.0 134606.0 134606.0 134606.0 134606.0 134606.0 134606.0 134606.0 134606.0 134606.0 134606.0 123474.843229 44970.0599228 -2.0 -2.0 -2.0 2305.70998215 43019.9341184 123412.939813 130176.076549 120198.403248 130903.859955 127433.599893 127122.939926 131912.199972 121297.738734 132364.44984 134606.0 133522.619922 134606.0 134606.0 134606.0 132940.04007 133005.069977 131948.02137 134606.0 134606.0 134606.0 125212.357193 128663.900047 93911.6098785 90207.1456055
-2.0 -2.0 -2.0 -2.0 -2.0 -2.0 -2.0 -2.0 -2.0 -2.0 -2.0 -2.0 -2.0 -2.0 -2.0 -2.0 3452.68499958 50569.7899801 11080.6260057 77478.450917 130164.000076 135812.219985 130864.761858 137037.0 137037.0 137037.0 134829.950058 137037.0 137037.0 137037.0 135641.440022 137037.0 137037.0 137037.0 137037.0 137037.0 137037.0 137037.0 131779.882593 123898.429878 60727.2550021 28143.4589783 -2.0 -2.0 -2.0 41142.251225 101412.145309 130936.180039 125694.530091 124522.779512 129475.360215 133267.390133 133244.970006 129855.713784 123875.04496 129419.340077 133211.39003 137037.0 137037.0 137037.0 137037.0 135950.360023 136711.008012 137037.0 137037.0 134487.749969 135140.980064 137037.0 126670.161068 131650.325965 133264.970123 137037.0
-2.0 -2.0 -2.0 -2.0 -2.0 -2.0 -2.0 -2.0 -2.0 -2.0 -2.0 -2.0 -2.0 -2.0 2786.15242311 19697.7947647 73741.5 115117.42997 111703.437943 139456.0 137544.194932 139456.0 139456.0 139456.0 139456.0 139456.0 139456.0 139456.0 139456.0 136188.397842 139456.0 139456.0 139456.0 139456.0 135917.388016 139456.0 135554.0 64043.7171867 23936.8047718 7691.64 -2.0 -2.0 5989.81992158 31342.9951032 89208.3502303 116212.119836 131715.47016 130910.735079 135619.209826 136078.529878 135596.879863 136933.079965 135585.729822 131878.050201 132776.66685 130018.234689 135639.819963 132349.440247 135896.641961 138957.726007 133320.650881 139456.0 139456.0 139456.0 139456.0 139456.0 133697.88802 132439.486855 125059.490066 131405.420953 131258.161646 131791.790253
-2.0 -2.0 -2.0 -2.0 -2.0 -2.0 -2.0 -2.0 -2.0 -2.0 -2.0 -2.0 3968.51 48894.769585 111979.646999 122167.0 122223.0 137919.0 141865.0 141865.0 141865.0 141865.0 141865.0 141865.0 141865.0 141865.0 141865.0 141865.0 141865.0 141865.0 141865.0 141865.0 141865.0 141865.0 138751.91304 126990.896306 51045.5 -2.0 -2.0 -2.0 -2.0 -2.0 54257.002108 118320.799824 122782.094276 110560.994763 126530.730019 134109.390272 139014.259949 141865.0 141865.0 140172.959998 139259.979924 141865.0 141865.0 137942.413166 138750.989952 140286.771043 126758.741162 130625.991203 134971.915371 134934.507224 137961.329965 140303.529968 139254.719963 137938.127365 134720.929947 133183.363273 122823.289719 122812.224403 130406.046148 126855.370703
-2.0 -2.0 -2.0 -2.0 -2.0 -2.0 -2.0 -2.0 -2.0 -2.0 28156.5 91366.3299837 92251.1000709 120264.0 124232.0 144264.0 144264.0 144264.0 144264.0 144264.0 144264.0 144264.0 144264.0 144264.0 144264.0 144264.0 144264.0 144264.0 136822.429401 140980.92009 144264.0 144264.0 144264.0 144264.0 116232.633857 11384.6989914 -2.0 -2.0 -2.0 -2.0 -2.0 -2.0 30457.3362244 128338.700274 128802.15092 139499.688114 144264.0 140855.859954 144264.0 140764.630075 144264.0 138041.101849 144264.0 140339.120099 134221.152825 130181.998526 144264.0 135958.802971 140238.480057 144264.0 140238.480276 123673.937507 140238.480057 138740.900101 136013.28751 137726.867546 138136.109795 132242.405082 129944.057907 139966.009916 130276.463911 135364.866485
-2.0 -2.0 -2.0 -2.0 -2.0 -2.0 -2.0 -2.0 -2.0 15512.7225285 102792.189005 126673.590661 142583.0 134480.0 146651.0 146651.0 146651.0 146651.0 146651.0 146651.0 146651.0 146651.0 144410.390068 146651.0 142713.926102 146651.0 139212.059952 146651.0 146651.0 146651.0 146651.0 146651.0 146651.0 145565.070085 83200.953042 -2.0 -2.0 -2.0 -2.0 -2.0 -2.0 -2.0 11952.294995 124745.117237 142603.430007 142742.600125 141661.86017 146605.6276 142239.034197 146651.0 132897.437058 142022.813055 140753.699687 144259.770071 137871.424193 138946.433364 139226.890205 146100.243021 143889.688848 139046.909973 71229.2910388 88719.1720927 128913.28348 123641.510178 135668.270088 134571.840073 137025.859371 130998.146225 106409.994742 137021.507493 146145.36202 146651.0
-2.0 -2.0 -2.0 -2.0 -2.0 -2.0 -2.0 -2.0 -2.0 18973.0531647 120055.0 140920.583355 149027.0 149027.0 149027.0 149027.0 149027.0 149027.0 149027.0 149027.0 149027.0 145046.505753 144879.831289 149027.0 149027.0 149027.0 144902.550079 137875.037529 145053.134254 149027.0 149027.0 149027.0 145415.860247 146728.740074 32057.9003094 -2.0 -2.0 -2.0 -2.0 -2.0 -2.0 -2.0 9009.48011718 119970.523007 127769.534231 122209.009878 129412.589012 128218.576915 131494.644852 141608.869866 141473.400089 139392.528211 141921.689797 148524.238007 141611.799858 148325.776007 139579.999764 119772.979881 126815.067471 88253.6635805 136764.060452 -2 -2 138389.842445 133276.600145 114268.049288 132419.779541 136631.750061 136626.147415 117884.3973 92991.581672 141485.529758
-2.0 -2.0 -2.0 -2.0 -2.0 -2.0 -2.0 -2.0 -2.0 73.4851182921 110435.76689 142970.0 151392.0 151392.0 151392.0 151392.0 151392.0 151392.0 151392.0 151392.0 151392.0 132382.621999 120225.05066 135686.993499 143525.377262 148356.800072 147201.989929 151392.0 147245.760147 148763.865954 151392.0 143712.192052 147430.439178 141374.536863 49883.4472675 23890.3490017 4232.62 -2.0 -2.0 -2.0 -2.0 -2.0 24208.8629793 110970.689847 110693.782599 75808.529549 76314.7884256 102922.240152 131865.779964 105927.029654 101450.729715 111262.219787 131212.629541 105958.913935 121006.440662 126266.920116 114303.03984 71586.1460374 80163.4692136 88413.2406086 103765.379989 142782.67995 -2 -2 -2 131274.302477 88884.8424283 111852.553741 101739.745895 106432.299606 122825.750636 106908.444735
-2.0 -2.0 -2.0 -2.0 -2.0 -2.0 -2.0 -2.0 -2.0 -2.0 72422.6 127724.067823 152319.590015 153745.0 153745.0 153745.0 153745.0 153745.0 153745.0 153745.0 142696.417161 149457.250121 103543.634484 149478.910072 145903.973853 153745.0 153745.0 149862.37159 153745.0 153745.0 141237.54496 125173.388826 130454.913987 152887.450027 140946.71021 141118.40993 107130.759196 23677.9499741 -2.0 28248.5052748 20008.6001435 -2.0 -2.0 12367.8601934 15298.874697 85057.1991435 96531.3125752 128722.68043 104498.149919 70029.8405284 65020.1198182 25275.4302949 19939.803969 3972.94601623 -2.0 -2.0 -2.0 12334.7253849 40607.3128589 57251.7170256 65167.8070982 99478.5299008 153200.187011 144066.926838 131851.260892 106116.383121 115500.69322 124102.960129 136637.300415 145223.710175 132349.540634 140925.04036
-2.0 -2.0 -2.0 -2.0 -2.0 -2.0 -2.0 -2.0 -2.0 -2.0 48126.4799157 104990.264917 151757.0 156087.0 156087.0 156087.0 156087.0 156087.0 156087.0 152321.138297 127082.922398 88031.6560616 93528.0119824 151880.229974 152007.695723 150166.749031 151366.616183 149335.099198 156087.0 150356.3599 151464.892482 149567.907144 123820.153372 120211.51278 114449.552139 96455.8364539 140389.539881 85492.9552459 -2.0 -2.0 -2.0 -2.0 -2.0 -2.0 -2.0 5804.4700606 12514.7405366 774.192221631 -2.0 8725.52 -2.0 38943.0509996 25458.9690547 7304.48060943 -2.0 -2.0 39103.6798131 80434.5967182 85864.2024412 15656.5296833 65353.0262144 35436.5052673 91185.2396958 95765.6741686 100778.425378 130187.610314 130230.790458 126643.892477 134569.134123 130122.89006 117043.719538 125882.41553
-2.0 -2.0 -2.0 -2.0 -2.0 -2.0 -2.0 -2.0 -2.0 -2.0 30337.9220263 44403.4709996 130374.740032 158416.0 158416.0 158416.0 153999.069992 153999.069992 158416.0 126565.791399 47580.6469344 24476.0499856 89223.6631309 154508.890165 158416.0 146718.782796 141636.528719 141422.81871 134333.038264 145878.859357 109216.545884 141247.667763 136246.738548 130848.568104 140589.001903 122107.731142 48370.4748253 12888.0861515 -2.0 -2.0 -2.0 -2.0 -2.0 -2.0 -2.0 7018.38716095 16620.2885288 84367.5605355 105235.468727 126726.379385 151479.984122 135737.09688 123524.342297 148335.059393 103655.033354 98457.0678561 103550.390185 119660.201081 110424.683759 110291.159625 89474.7761287 132075.309999 119113.523518 114807.174399 110888.238543 127669.110123 131997.494522 123518.599355 136374.210748 132147.119972 118941.072397 123497.867599
-2.0 -2.0 -2.0 -2.0 -2.0 -2.0 -2.0 -2.0 -2.0 -2.0 -2.0 94126.2453345 156263.63983 157008.77002 156252.979852 153785.699975 156809.500107 147826.07448 71202.0 1941.9099622 -2.0 -2.0 84804.9098978 160734.0 147361.512682 156362.870037 144771.687669 138433.051864 144801.452615 151472.097669 146345.955575 153756.996183 146542.100317 100107.750705 58184.3547763 15502.722125 -2.0 -2.0 -2.0 -2.0 -2.0 -2.0 -2.0 -2.0 22421.9202687 96768.7626487 39390.3184211 133964.442592 147542.762729 147659.721608 143332.412904 138058.366037 134369.79227 110555.081454 149612.125457 127964.257172 116179.899112 134099.829535 129420.169535 89939.5992712 130798.191723 130837.970034 107855.027003 134094.872687 116339.475269 107162.31857 111641.256289 111860.657766 116211.590546 125412.461053 129838.000177 142928.425828
-2.0 -2.0 -2.0 -2.0 -2.0 -2.0 -2.0 -2.0 -2.0 -2.0 -2.0 4528.87 54133.5300301 101165.093207 138721.424951 130365.934036 91819.4492842 8783.07778385 -2.0 -2.0 -2.0 -2.0 31579.7 143122.949889 138886.254491 115256.532946 96843.774674 119580.492455 153540.366124 146260.41713 120826.181599 132382.592637 149765.993447 80406.5403301 -2.0 -2.0 -2.0 -2.0 -2.0 -2.0 -2.0 -2.0 -2.0 13549.4 104596.985254 62538.3468191 12637.8449386 31040.2453938 63230.6344712 153541.213633 148693.619686 136275.847176 144238.585414 121876.875722 148968.983639 113859.340829 90655.7532043 126933.501114 123034.105871 126910.399554 113343.910426 102052.359438 113504.6569 116443.56827 113311.989273 149497.670443 149630.188061 97006.5321129 113400.399112 122210.400122 131416.556106 122472.181338
