critload/trunk/input/1999/a_nat.asc
ncols 720
nrows 360
xllcorner -180
yllcorner -90
cellsize 0.5
NODATA_value -2
[rows 32 to 63 of 360, columns 648 to 719 of 720]
-2.0 -2.0 -2.0 -2.0 -2.0 -2.0 -2.0 -2.0 -2.0 -2.0 -2.0 -2.0 -2.0 -2.0 -2.0 -2.0 -2.0 -2.0 -2.0 -2.0 -2.0 -2.0 -2.0 -2.0 -2.0 -2.0 -2.0 -2.0 -2.0 -2.0 -2.0 -2.0 -2.0 -2.0 -2.0 -2.0 -2.0 -2.0 -2.0 -2.0 -2.0 -2.0 -2.0 -2.0 -2.0 -2.0 -2.0 -2.0 -2.0 -2.0 -2.0 -2.0 -2.0 -2.0 -2.0 -2.0 -2.0 -2.0 -2.0 -2.0 -2.0 -2.0 -2.0 -2.0 -2.0 -2.0 -2.0 -2.0 -2.0 -2.0 -2.0 -2.0
-2.0 -2.0 -2.0 -2.0 -2.0 -2.0 -2.0 -2.0 -2.0 -2.0 -2.0 -2.0 -2.0 -2.0 -2.0 -2.0 -2.0 -2.0 -2.0 -2.0 -2.0 -2.0 -2.0 -2.0 -2.0 -2.0 -2.0 -2.0 -2.0 -2.0 -2.0 -2.0 -2.0 -2.0 -2.0 -2.0 -2.0 -2.0 -2.0 -2.0 -2.0 -2.0 -2.0 -2.0 -2.0 -2.0 -2.0 -2.0 -2.0 -2.0 -2.0 -2.0 -2.0 -2.0 -2.0 -2.0 -2.0 -2.0 -2.0 -2.0 -2.0 -2.0 -2.0 -2.0 -2.0 -2.0 -2.0 -2.0 -2.0 -2.0 -2.0 -2.0
-2 -2 -2 -2.0 -2.0 -2.0 -2.0 -2.0 -2.0 -2.0 -2.0 -2.0 -2.0 -2.0 -2.0 -2.0 -2.0 -2.0 -2.0 -2.0 -2.0 -2.0 -2.0 -2.0 -2.0 -2.0 -2.0 -2.0 -2.0 -2.0 -2.0 -2.0 -2.0 -2.0 -2.0 -2.0 -2.0 -2.0 -2.0 -2.0 -2.0 -2.0 -2.0 -2.0 -2.0 -2.0 -2.0 -2.0 -2.0 -2.0 -2.0 -2.0 -2.0 -2.0 -2.0 -2.0 -2.0 -2.0 -2.0 -2.0 -2.0 -2.0 -2.0 -2.0 -2.0 -2.0 -2.0 -2.0 -2.0 -2.0 -2.0 -2.0
94457.6 94457.6 94457.6 94457.6 84081.6 71075.7 63257.9 63257.9 63257.9 50168.6 42291.1 -2 -2.0 -2.0 -2.0 -2.0 -2.0 -2.0 -2.0 -2.0 -2.0 -2.0 -2.0 -2.0 -2.0 -2.0 -2.0 -2.0 -2.0 -2.0 -2.0 -2.0 -2.0 -2.0 -2.0 -2.0 -2.0 -2.0 -2.0 -2.0 -2.0 -2.0 -2.0 -2.0 -2.0 -2.0 -2.0 -2.0 -2.0 -2.0 -2.0 -2.0 -2.0 -2.0 -2.0 -2.0 -2.0 -2.0 -2.0 -2.0 -2.0 -2.0 -2.0 -2.0 -2.0 -2.0 -2.0 -2.0 -2.0 -2.0 -2.0 -2.0
97029.0 97029.0 97029.0 97029.0 97029.0 97029.0 97029.0 97029.0 97029.0 97029.0 70064.6 72753.9 -2 -2.0 -2.0 -2.0 -2.0 -2.0 -2.0 -2.0 -2.0 -2.0 -2.0 -2.0 -2.0 -2.0 -2.0 -2.0 -2.0 -2.0 -2.0 -2.0 -2.0 -2.0 -2.0 -2.0 -2.0 -2.0 -2.0 -2.0 -2.0 -2.0 -2.0 -2.0 -2.0 -2.0 -2.0 -2.0 -2.0 -2.0 -2.0 -2.0 -2.0 -2.0 -2.0 -2.0 -2.0 -2.0 -2.0 -2.0 -2.0 -2.0 -2.0 -2.0 -2.0 -2.0 -2.0 -2.0 -2.0 -2.0 -2.0 -2.0
99593.2 99593.2 99593.2 99593.2 99593.2 99593.2 99593.2 99593.2 99593.2 99593.2 99593.2 99593.2 99593.2 77615.5 77674.8 55625.9 -2 -2.0 -2.0 -2.0 -2.0 -2.0 -2.0 -2 -2 -2 -2 -2.0 -2.0 -2.0 -2.0 -2.0 -2.0 -2.0 -2.0 -2.0 -2.0 -2.0 -2.0 -2.0 -2.0 -2.0 -2.0 -2.0 -2.0 -2.0 -2.0 -2.0 -2.0 -2.0 -2.0 -2.0 -2.0 -2.0 -2.0 -2.0 -2.0 -2.0 -2.0 -2.0 -2.0 -2.0 -2.0 -2.0 -2.0 -2.0 -2.0 -2.0 -2.0 16741.1 61147.0 72047.0
102150.0 102150.0 102150.0 102150.0 102150.0 102150.0 102150.0 102150.0 102150.0 102150.0 102150.0 102150.0 102150.0 102150.0 102150.0 102150.0 88074.5 68383.5 68383.5 68383.5 85302.1 93725.9 102150.0 102150.0 102150.0 102150.0 102150.0 102150.0 102150.0 85302.1 68371.7 25744.2 -2.0 -2 -2.0 -2 -2.0 -2.0 -2.0 -2.0 -2.0 -2.0 -2.0 -2.0 -2.0 -2.0 -2.0 -2.0 -2.0 -2.0 -2.0 -2.0 -2.0 -2.0 -2.0 -2.0 -2.0 -2.0 -2.0 -2.0 -2.0 -2.0 -2.0 -2.0 -2.0 -2.0 -2.0 -2.0 -2.0 22522.7 33766.3 22499.0
104698.0 104698.0 104698.0 104698.0 104698.0 104698.0 104698.0 104698.0 104698.0 104698.0 104698.0 104698.0 104698.0 104698.0 104698.0 104698.0 104698.0 104698.0 104698.0 104698.0 104698.0 104698.0 104698.0 104698.0 104698.0 104698.0 104698.0 104698.0 104698.0 104698.0 104698.0 104698.0 14523.8 -2.0 -2.0 -2.0 -2.0 -2.0 -2.0 -2.0 -2.0 -2.0 -2.0 -2.0 -2.0 -2.0 -2.0 -2.0 -2.0 -2.0 -2.0 -2.0 -2.0 11750.9 -2 -2.0 -2.0 -2.0 -2.0 -2.0 -2.0 -2.0 -2.0 -2.0 -2.0 -2.0 -2.0 -2.0 -2.0 -2.0 -2.0 -2.0
107239.0 107239.0 107239.0 107239.0 107239.0 107239.0 107239.0 107239.0 107239.0 107239.0 107239.0 107239.0 107239.0 107239.0 107239.0 107239.0 107239.0 107239.0 107239.0 107239.0 107239.0 107239.0 107239.0 107239.0 107239.0 107239.0 107239.0 107239.0 107239.0 107239.0 107239.0 95394.1 41974.2 36028.2 -2 -2 21022.3 36028.2 36028.2 36028.2 44982.5 -2 18049.3 18049.3 -2 -2.0 12021.1 56898.0 74371.8 92256.7 65629.0 -2.0 14970.7 83420.0 107239.0 107239.0 98390.6 89530.4 71762.9 71774.7 74735.9 71774.7 77697.2 77697.2 65816.9 47967.2 36028.2 9024.66 -2.0 -2.0 -2.0 -2.0
109772.0 109772.0 109772.0 109772.0 109772.0 109772.0 109772.0 109772.0 109772.0 109772.0 109772.0 109772.0 109772.0 109772.0 109772.0 109772.0 109772.0 109772.0 109772.0 109772.0 109772.0 109772.0 109772.0 109772.0 109772.0 109772.0 109772.0 109772.0 109772.0 109772.0 109772.0 109772.0 109772.0 109772.0 94660.4 97668.6 109772.0 109772.0 109772.0 109772.0 109772.0 109772.0 109772.0 109772.0 109772.0 109772.0 109772.0 109772.0 82486.9 42981.7 21537.6 -2.0 -2.0 15123.1 106693.0 109772.0 109772.0 109772.0 109772.0 109772.0 109772.0 109772.0 109772.0 109772.0 109772.0 109772.0 109772.0 109772.0 103732.0 85553.7 55166.9 21502.5
112296.0 112296.0 112296.0 112296.0 112296.0 112296.0 112296.0 112296.0 112296.0 112296.0 112296.0 112296.0 112296.0 112296.0 112296.0 112296.0 112296.0 112296.0 112296.0 112296.0 112296.0 112296.0 112296.0 112296.0 112296.0 112296.0 112296.0 112296.0 112296.0 112296.0 112296.0 112296.0 112296.0 112296.0 112296.0 112296.0 112296.0 112296.0 112296.0 112296.0 112296.0 112296.0 112296.0 112296.0 112296.0 112296.0 112296.0 112296.0 112296.0 112296.0 109194.0 62690.0 59576.4 90641.5 112296.0 112296.0 112296.0 112296.0 112296.0 112296.0 112296.0 112296.0 112296.0 112296.0 112296.0 112296.0 112296.0 112296.0 112296.0 112296.0 112296.0 90489.8
114811.0 114811.0 114811.0 114811.0 114811.0 114811.0 114811.0 114811.0 114811.0 114811.0 114811.0 114811.0 114811.0 114811.0 114811.0 114811.0 114811.0 114811.0 114811.0 114811.0 114811.0 114811.0 114811.0 114811.0 114811.0 114811.0 114811.0 114811.0 114811.0 114811.0 114811.0 114811.0 114811.0 114811.0 114811.0 114811.0 114811.0 114811.0 114811.0 114811.0 114811.0 114811.0 114811.0 114811.0 114811.0 114811.0 114811.0 114811.0 114811.0 114811.0 114811.0 114811.0 114811.0 114811.0 114811.0 114811.0 114811.0 114811.0 114811.0 114811.0 114811.0 114811.0 114811.0 114811.0 114811.0 114811.0 114811.0 114811.0 114811.0 114811.0 114811.0 95676.3
117319.0 117319.0 117319.0 117319.0 117319.0 117319.0 117319.0 117319.0 117319.0 117319.0 117319.0 117319.0 117319.0 117319.0 117319.0 117319.0 117319.0 117319.0 117319.0 117319.0 117319.0 117319.0 117319.0 117319.0 117319.0 117319.0 117319.0 117319.0 117319.0 117319.0 117319.0 117319.0 117319.0 117319.0 117319.0 117319.0 117319.0 117319.0 117319.0 117319.0 117319.0 117319.0 117319.0 117319.0 117319.0 117319.0 117319.0 117319.0 117319.0 117319.0 117319.0 117319.0 117319.0 117319.0 117319.0 117319.0 117319.0 117319.0 117319.0 117319.0 117319.0 117319.0 117319.0 117319.0 117319.0 117319.0 117319.0 117319.0 117319.0 117319.0 117319.0 97765.5
119817.0 119817.0 119817.0 119817.0 119817.0 119817.0 119817.0 119817.0 119817.0 119817.0 119817.0 119817.0 119817.0 119817.0 119817.0 119817.0 119817.0 119817.0 119817.0 119817.0 119817.0 119817.0 119817.0 119817.0 119817.0 119817.0 119817.0 119817.0 119817.0 119817.0 119817.0 119817.0 119817.0 119817.0 119817.0 119817.0 119817.0 119817.0 119817.0 119817.0 119817.0 119817.0 119817.0 119817.0 119817.0 119817.0 119817.0 119817.0 119817.0 119817.0 119817.0 119817.0 119817.0 119817.0 119817.0 119817.0 119817.0 119817.0 119817.0 119817.0 119817.0 119817.0 119817.0 119817.0 119817.0 119817.0 119817.0 119817.0 119817.0 119817.0 119817.0 99847.1
122305.0 122305.0 122305.0 122305.0 122305.0 122305.0 122305.0 122305.0 122305.0 122305.0 122305.0 122305.0 122305.0 122305.0 122305.0 122305.0 122305.0 122305.0 122305.0 122305.0 122305.0 122305.0 122305.0 122305.0 122305.0 122305.0 122305.0 122305.0 122305.0 122305.0 122305.0 122305.0 122305.0 122305.0 122305.0 122305.0 122305.0 122305.0 122305.0 122305.0 122305.0 122305.0 122305.0 122305.0 122305.0 122305.0 122305.0 122305.0 122305.0 122305.0 122305.0 122305.0 122305.0 122305.0 122305.0 122305.0 122305.0 122305.0 122305.0 122305.0 122305.0 122305.0 122305.0 122305.0 122305.0 122305.0 122305.0 122305.0 122305.0 122305.0 122305.0 101921.0
124785.0 124785.0 124785.0 124785.0 124785.0 124785.0 124785.0 124785.0 124785.0 124785.0 124785.0 124785.0 124785.0 124785.0 124785.0 124785.0 124785.0 124785.0 124785.0 124785.0 124785.0 124785.0 124785.0 124785.0 124785.0 124785.0 124785.0 124785.0 124785.0 124785.0 124785.0 124785.0 124785.0 124785.0 124785.0 124785.0 124785.0 124785.0 124785.0 124785.0 124785.0 124785.0 124785.0 124785.0 124785.0 124785.0 124785.0 124785.0 124785.0 124785.0 124785.0 124785.0 124785.0 124785.0 124785.0 124785.0 124785.0 124785.0 124785.0 124785.0 124785.0 124785.0 124785.0 124785.0 124785.0 124785.0 124785.0 124785.0 124785.0 124785.0 124785.0 103988.0
127255.0 127255.0 127255.0 127255.0 127255.0 127255.0 127255.0 127255.0 127255.0 127255.0 127255.0 127255.0 127255.0 127255.0 127255.0 127255.0 127255.0 127255.0 127255.0 127255.0 127255.0 127255.0 127255.0 127255.0 127255.0 127255.0 127255.0 127255.0 127255.0 127255.0 127255.0 127255.0 127255.0 127255.0 127255.0 127255.0 127255.0 127255.0 127255.0 127255.0 127255.0 127255.0 127255.0 127255.0 127255.0 127255.0 127255.0 127255.0 127255.0 127255.0 127255.0 127255.0 127255.0 127255.0 127255.0 127255.0 127255.0 127255.0 127255.0 127255.0 127255.0 127255.0 127255.0 127255.0 127255.0 127255.0 127255.0 127255.0 127255.0 127255.0 127255.0 106046.0
129715.0 129715.0 129715.0 129715.0 129715.0 129715.0 129715.0 129715.0 129715.0 129715.0 129715.0 129715.0 129715.0 129715.0 129715.0 129715.0 129715.0 129715.0 129715.0 129715.0 129715.0 129715.0 129715.0 129715.0 129715.0 129715.0 129715.0 129715.0 129715.0 129715.0 129715.0 129715.0 129715.0 129715.0 129715.0 129715.0 129715.0 129715.0 129715.0 129715.0 129715.0 129715.0 129715.0 129715.0 129715.0 129715.0 129715.0 129715.0 129715.0 129715.0 129715.0 129715.0 129715.0 129715.0 129715.0 129715.0 129715.0 129715.0 129715.0 129715.0 129715.0 129715.0 129715.0 129715.0 129715.0 129715.0 129715.0 129715.0 129715.0 129715.0 129715.0 108096.0
132166.0 132166.0 132166.0 132166.0 132166.0 132166.0 132166.0 132166.0 132166.0 132166.0 132166.0 132166.0 132166.0 132166.0 132166.0 132166.0 132166.0 132166.0 132166.0 132166.0 132166.0 132166.0 132166.0 132166.0 132166.0 132166.0 132166.0 132166.0 132166.0 132166.0 132166.0 132166.0 132166.0 132166.0 132166.0 132166.0 132166.0 132166.0 132166.0 132166.0 132166.0 132166.0 132166.0 132166.0 132166.0 132166.0 132166.0 132166.0 132166.0 132166.0 132166.0 132166.0 132166.0 132166.0 132166.0 132166.0 132166.0 132166.0 132166.0 132166.0 132166.0 132166.0 132166.0 132166.0 132166.0 132166.0 128466.0 84162.0 87839.0 91527.2 58446.0 14583.2
134606.0 134606.0 134606.0 134606.0 134606.0 134606.0 134606.0 134606.0 134606.0 134606.0 134606.0 134606.0 134606.0 134606.0 134606.0 134606.0 134606.0 134606.0 134606.0 134606.0 134606.0 134606.0 134606.0 134606.0 134606.0 134606.0 134606.0 134606.0 134606.0 134606.0 134606.0 134606.0 134606.0 134606.0 134606.0 134606.0 134606.0 134606.0 134606.0 134606.0 134606.0 134606.0 134606.0 134606.0 134606.0 134606.0 134606.0 134606.0 134606.0 134606.0 134606.0 134606.0 134606.0 134606.0 134606.0 134606.0 134606.0 134606.0 134606.0 134606.0 134606.0 134606.0 134606.0 134606.0 134606.0 134606.0 130896.0 75074.5 63806.5 -2.0 -2.0 -2.0
137037.0 137037.0 137037.0 137037.0 137037.0 137037.0 137037.0 137037.0 137037.0 137037.0 137037.0 137037.0 137037.0 137037.0 137037.0 137037.0 137037.0 137037.0 137037.0 137037.0 137037.0 137037.0 137037.0 137037.0 137037.0 137037.0 137037.0 137037.0 137037.0 137037.0 137037.0 137037.0 137037.0 137037.0 137037.0 137037.0 137037.0 137037.0 137037.0 137037.0 137037.0 137037.0 137037.0 137037.0 137037.0 137037.0 137037.0 137037.0 137037.0 137037.0 137037.0 137037.0 137037.0 137037.0 137037.0 137037.0 137037.0 137037.0 137037.0 137037.0 137037.0 137037.0 137037.0 137037.0 137037.0 137037.0 137037.0 137037.0 125690.0 49491.1 -2.0 -2.0
139456.0 139456.0 139456.0 139456.0 139456.0 139456.0 139456.0 139456.0 139456.0 139456.0 139456.0 139456.0 139456.0 139456.0 139456.0 139456.0 139456.0 139456.0 139456.0 139456.0 139456.0 139456.0 139456.0 139456.0 139456.0 139456.0 139456.0 139456.0 139456.0 139456.0 139456.0 139456.0 139456.0 139456.0 139456.0 139456.0 139456.0 139456.0 139456.0 139456.0 139456.0 139456.0 139456.0 139456.0 139456.0 139456.0 139456.0 139456.0 139456.0 139456.0 139456.0 139456.0 139456.0 139456.0 139456.0 139456.0 139456.0 139456.0 139456.0 139456.0 139456.0 139456.0 139456.0 139456.0 139456.0 139456.0 139456.0 139456.0 139456.0 124039.0 62271.1 -2.0
141865.0 141865.0 141865.0 141865.0 141865.0 141865.0 141865.0 141865.0 141865.0 141865.0 141865.0 141865.0 141865.0 141865.0 141865.0 141865.0 141865.0 141865.0 141865.0 141865.0 141865.0 141865.0 141865.0 141865.0 141865.0 141865.0 141865.0 141865.0 141865.0 141865.0 141865.0 141865.0 141865.0 141865.0 141865.0 141865.0 141865.0 141865.0 141865.0 125991.0 98267.2 126002.0 141865.0 141865.0 141865.0 141865.0 141865.0 141865.0 141865.0 141865.0 141865.0 141865.0 141865.0 141865.0 141865.0 141865.0 141865.0 141865.0 141865.0 141865.0 141865.0 141865.0 141865.0 141865.0 141865.0 141865.0 137897.0 122045.0 141865.0 141865.0 118321.0 19742.5
144264.0 144264.0 144264.0 144264.0 144264.0 144264.0 144264.0 144264.0 144264.0 144264.0 144264.0 144264.0 144264.0 144264.0 144264.0 144264.0 144264.0 144264.0 144264.0 144264.0 144264.0 144264.0 144264.0 144264.0 144264.0 144264.0 144264.0 144264.0 144264.0 144264.0 144264.0 144264.0 144264.0 144264.0 144264.0 144264.0 144264.0 144264.0 64061.8 -2.0 60292.6 116395.0 128323.0 144264.0 144264.0 144264.0 144264.0 144264.0 144264.0 144264.0 144264.0 144264.0 144264.0 144264.0 144264.0 144264.0 144264.0 144264.0 144264.0 144264.0 144264.0 144264.0 132159.0 91897.1 59838.4 11938.8 -2.0 -2.0 -2 39840.5 19964.6 -2.0
146651.0 146651.0 146651.0 146651.0 146651.0 146651.0 146651.0 146651.0 146651.0 146651.0 146651.0 146651.0 146651.0 146651.0 146651.0 146651.0 146651.0 146651.0 146651.0 146651.0 146651.0 146651.0 146651.0 146651.0 146651.0 146651.0 97513.8 73027.8 60823.4 48630.0 36458.7 89355.5 77283.3 146651.0 146651.0 146651.0 134358.0 101302.679222 44848.6 -2 118218.0 146651.0 146651.0 146651.0 146651.0 146651.0 146651.0 146651.0 146651.0 146651.0 146651.0 146651.0 146651.0 146651.0 146651.0 146651.0 146651.0 146651.0 142572.0 105683.0 73027.8 36458.7 8092.12 -2.0 -2.0 -2.0 -2.0 -2.0 -2.0 -2.0 -2.0 -2.0
149027.0 149027.0 149027.0 149027.0 149027.0 149027.0 149027.0 149027.0 149027.0 149027.0 149027.0 149027.0 149027.0 149027.0 149027.0 149027.0 149027.0 149027.0 149027.0 149027.0 149027.0 149027.0 149027.0 149027.0 132370.0 28906.2 -2.0 -2.0 -2.0 -2.0 -2.0 16580.5 140792.0 149027.0 136526.0 74239.2 12347.6 -2.0 -2.0 41484.1 149027.0 149027.0 149027.0 149027.0 149027.0 149027.0 149027.0 149027.0 149027.0 149027.0 149027.0 149027.0 149027.0 149027.0 149027.0 149027.0 132403.0 74283.1 28818.3 -2.0 -2.0 -2.0 -2.0 -2.0 -2.0 -2.0 -2.0 -2.0 -2.0 -2.0 -2.0 -2.0
151392.0 151392.0 151392.0 151392.0 151392.0 151392.0 151392.0 151392.0 151392.0 151392.0 151392.0 151392.0 151392.0 151392.0 151392.0 151392.0 151392.0 151392.0 151392.0 151392.0 151392.0 151392.0 151392.0 104920.0 4178.01 -2.0 -2.0 -2.0 -2.0 -2.0 -2.0 8356.02 50409.4 75422.9 8356.02 -2.0 -2.0 38050.0 73351.4599808 126246.199997 151392.0 151392.0 151392.0 151392.0 151392.0 151392.0 151392.0 151392.0 125996.0 130229.0 134461.0 151392.0 151392.0 151392.0 126007.0 58601.5 8356.02 -2.0 -2.0 -2.0 -2.0 -2.0 -2.0 -2.0 -2.0 -2.0 -2.0 -2.0 -2.0 -2.0 -2.0 -2.0
153745.0 153745.0 153745.0 153745.0 153745.0 153745.0 153745.0 153745.0 153745.0 153745.0 153745.0 153745.0 153745.0 153745.0 153745.0 153745.0 153745.0 153745.0 153745.0 153745.0 149447.0 97992.5 25482.9 -2.0 -2.0 -2.0 -2.0 -2.0 -2.0 -2.0 -2.0 -2.0 -2.0 -2.0 -2.0 47156.9 149502.0 153745.0 153745.0 153745.0 149242.820999 149447.0 123704.0 68070.4 89614.0 123704.0 42489.6 8487.04 -2.0 -2.0 -2.0 55339.8 149458.0 29748.2 -2.0 -2.0 -2.0 -2.0 -2.0 -2.0 -2.0 -2.0 -2.0 -2.0 -2.0 -2.0 -2.0 -2.0 -2.0 -2.0 -2.0 -2.0
156087.0 156087.0 156087.0 156087.0 156087.0 156087.0 156087.0 156087.0 156087.0 156087.0 116887.0 86433.8 116854.0 156087.0 142999.0 156087.0 156087.0 156087.0 156087.0 156087.0 99565.3 -2.0 -2.0 -2.0 -2.0 -2.0 -2.0 -2.0 -2.0 -2.0 -2.0 -2.0 -2.0 30528.5 95624.3 156087.0 156087.0 156087.0 129769.278002 21576.0 17256.5 25895.5 17256.5 -2.0 34512.9 -2.0 -2.0 -2.0 -2.0 -2.0 -2.0 -2.0 17234.8 -2.0 -2.0 -2.0 -2.0 -2.0 -2.0 -2.0 -2.0 -2.0 -2.0 -2.0 -2.0 -2.0 -2.0 -2.0 -2.0 -2.0 -2.0 -2.0
52547.2 52547.2 35009.9 57017.7 83398.9 26252.1 56942.3 74522.7 39405.0 57017.7 17580.3 -2.0 -2.0 39512.6 22126.0 88062.9 136366.0 158416.0 127447.0 114186.0 114380.0 96638.0 26381.3 -2.0 -2.0 -2.0 -2.0 -2.0 -2.0 -2.0 -2.0 8843.94 97057.6 158416.0 158416.0 158416.0 158416.0 149573.0 65894.0 -2.0 35397.2 22104.5 -2.0 -2.0 -2.0 -2.0 -2.0 -2.0 -2.0 -2.0 -2.0 -2.0 -2.0 -2.0 -2.0 -2.0 -2.0 -2.0 -2.0 -2.0 -2.0 -2.0 -2.0 -2.0 -2.0 -2.0 -2.0 -2.0 -2.0 -2.0 -2.0 -2.0
-2.0 -2.0 -2.0 -2.0 -2.0 -2.0 -2.0 -2.0 -2.0 -2.0 -2.0 -2.0 -2.0 -2.0 22211.8 53321.2 22211.8 26628.4 -2.0 -2.0 -2.0 -2.0 -2.0 -2.0 -2.0 -2.0 -2.0 -2.0 -2.0 -2.0 31398.3 128598.539982 160734.0 160734.0 160734.0 160734.0 151644.562996 57812.8 8983.14 71373.3 71159.2 17773.7 -2.0 -2.0 -2.0 -2.0 -2.0 -2.0 -2.0 -2.0 -2.0 -2.0 -2.0 -2.0 -2.0 -2.0 -2.0 -2.0 -2.0 -2.0 -2.0 -2.0 -2.0 -2.0 -2.0 -2.0 -2.0 -2.0 -2.0 -2.0 -2.0 -2.0
-2.0 -2.0 -2.0 -2.0 -2.0 -2.0 -2.0 -2.0 -2.0 -2.0 -2.0 -2.0 -2.0 -2.0 -2.0 -2.0 -2.0 -2.0 -2.0 -2.0 -2.0 -2.0 -2.0 -2.0 -2.0 -2.0 -2.0 -2.0 18211.2 86320.0 154035.0 163039.0 163039.0 163039.0 163039.0 163039.0 45161.0 -2.0 -2 -2.0 -2.0 -2.0 -2.0 -2.0 -2.0 -2.0 -2.0 -2.0 -2.0 -2.0 -2.0 -2.0 -2.0 -2.0 -2.0 -2.0 -2.0 -2.0 -2.0 -2.0 -2.0 -2.0 -2.0 -2.0 -2.0 -2.0 -2.0 -2.0 -2.0 -2.0 -2.0 -2.0
