critload/trunk/input/1999/a_nat.asc
ncols 720
nrows 360
xllcorner -180
yllcorner -90
cellsize 0.5
NODATA_value -2
[rows 155 to 185 of 360, columns 210 to 279 of 720]
-2.0 -2.0 -2.0 -2.0 -2.0 0.0 43243.24510162184 45679.09915069738 -2.0 0.0 42056.700000000004 16137.874416574374 21666.7044923177 33655.6 -2.0 -2.0 -2.0 -2.0 -2.0 -2.0 -2.0 -2.0 -2.0 -2.0 -2.0 -2.0 0.0 -2.0 -2.0 -2.0 -2.0 -2.0 -2.0 -2.0 -2.0 -2.0 -2.0 -2.0 -2.0 -2.0 -2.0 -2.0 -2.0 -2.0 -2.0 -2.0 -2.0 -2.0 -2.0 -2.0 -2.0 -2.0 -2.0 -2.0 -2.0 -2.0 -2.0 -2.0 -2.0 -2.0 -2.0 -2.0 -2.0 -2.0 -2.0 -2.0 -2.0 -2.0 -2.0 -2.0
-2.0 -2.0 -2.0 -2.0 0.0 18146.53368914791 78725.55511610926 32723.069320679722 -2.0 18535.29436550224 42043.56255464215 -2.0 -2.0 -2.0 -2.0 -2.0 -2.0 -2.0 -2.0 -2.0 -2.0 -2.0 -2.0 -2.0 -2.0 -2.0 -2.0 -2.0 -2.0 -2.0 -2.0 -2.0 -2.0 -2.0 -2.0 -2.0 -2.0 -2.0 -2.0 -2.0 -2.0 -2.0 -2.0 -2.0 -2.0 -2.0 -2.0 -2.0 -2.0 -2.0 -2.0 -2.0 -2.0 -2.0 -2.0 -2.0 -2.0 -2.0 -2.0 -2.0 -2.0 -2.0 -2.0 -2.0 -2.0 -2.0 -2.0 -2.0 -2.0 -2.0
8447.23 0.0 0.0 0.0 0.0 0.0 0.0 -2.0 24839.895812995775 92033.44019583848 169906.0167225176 235951.71581051248 172858.23908646207 33784.1 -2.0 -2.0 -2.0 -2.0 -2.0 -2.0 -2.0 8447.23 18579.201660552022 -2.0 -2.0 -2.0 -2.0 -2.0 20908.02562592338 -2.0 -2.0 -2.0 -2.0 -2.0 -2.0 -2.0 -2.0 -2.0 -2.0 -2.0 -2.0 -2.0 -2.0 -2.0 -2.0 -2.0 -2.0 -2.0 -2.0 -2.0 -2.0 -2.0 -2.0 -2.0 -2.0 -2.0 -2.0 -2.0 -2.0 -2.0 -2.0 -2.0 -2.0 -2.0 -2.0 -2.0 -2.0 -2.0 -2.0 -2.0
99787.79437505346 0.0 170306.57337948025 0.0 205267.6808297166 226166.30256018796 0.0 0.0 196794.30805039633 197359.1180249744 198588.59950472898 272538.1233883782 255872.24296750952 101248.68258056085 -2.0 11412.007256115292 38868.00466342154 40393.135393493954 -2.0 16901.600000000002 -2.0 16759.975853822078 0.0 0.0 80762.48128513362 52459.97826931915 0.0 137605.78877058596 8454.34 -2.0 -2.0 -2.0 -2.0 -2.0 -2.0 -2.0 -2.0 -2.0 -2.0 -2.0 -2.0 -2.0 -2.0 -2.0 -2.0 -2.0 -2.0 -2.0 -2.0 -2.0 -2.0 -2.0 -2.0 -2.0 -2.0 -2.0 -2.0 -2.0 -2.0 -2.0 -2.0 -2.0 -2.0 -2.0 -2.0 -2.0 -2.0 -2.0 -2.0 -2.0
46461.511706740625 0.0 0.0 0.0 227959.29796820408 0.0 0.0 159723.34877641185 220244.80276869592 0.0 215008.44745103252 0.0 236142.88626782282 236160.28509698558 192719.71060983295 256264.82562479624 236761.43303689494 253662.91066142276 116712.83075757822 0.0 0.0 179588.55406883333 186800.78565498302 256132.3643138914 161658.5844962103 8474.710000000001 42529.404778879194 215677.22824956616 -2.0 -2.0 -2.0 -2.0 -2.0 -2.0 -2.0 -2.0 -2.0 -2.0 -2.0 -2.0 -2.0 -2.0 -2.0 -2.0 -2.0 -2.0 -2.0 -2.0 -2.0 -2.0 -2.0 -2.0 -2.0 -2.0 -2.0 -2.0 -2.0 -2.0 -2.0 -2.0 -2.0 -2.0 -2.0 -2.0 -2.0 -2.0 -2.0 -2.0 -2.0 -2.0
93096.25430369462 0.0 0.0 0.0 230857.625127765 224113.23707161343 305360.0 0.0 0.0 202166.2110814497 229331.27899961255 223242.70336848253 233403.06288416134 0.0 164374.95445622108 0.0 0.0 0.0 0.0 0.0 0.0 186862.72843805142 0.0 0.0 265561.4843101281 239662.52281400916 173915.31449856123 63483.99944018976 -2.0 -2.0 -2.0 -2.0 -2.0 -2.0 -2.0 -2.0 -2.0 -2.0 -2.0 -2.0 -2.0 -2.0 -2.0 -2.0 -2.0 -2.0 -2.0 -2.0 -2.0 -2.0 -2.0 -2.0 -2.0 -2.0 -2.0 -2.0 -2.0 -2.0 -2.0 -2.0 -2.0 -2.0 -2.0 -2.0 -2.0 -2.0 -2.0 -2.0 -2.0 -2.0
57301.775187954045 0.0 0.0 263358.5008883667 227548.19129607343 250917.47579308684 281087.1858144983 0.0 195720.39781660814 271954.0639726509 234874.3503011754 0.0 214725.8710960737 184523.27487908196 0.0 0.0 0.0 0.0 0.0 85771.28272363488 0.0 0.0 0.0 0.0 223183.4974492991 229200.02095071925 268118.87730017013 288836.52325439523 92382.49768676687 -2.0 -2.0 -2.0 -2.0 -2.0 -2.0 -2.0 -2.0 -2.0 -2.0 -2.0 -2.0 -2.0 -2.0 -2.0 -2.0 -2.0 -2.0 -2.0 -2.0 -2.0 -2.0 -2.0 -2.0 -2.0 -2.0 -2.0 -2.0 -2.0 -2.0 -2.0 -2.0 -2.0 -2.0 -2.0 -2.0 -2.0 -2.0 -2.0 -2.0 -2.0
0.0 0.0 0.0 215471.10530882562 205300.77257073508 212174.55880037328 213966.3978505907 239549.85267073865 209007.87938942114 205959.8348980387 0.0 0.0 0.0 0.0 0.0 226055.30050474044 173823.9201015432 0.0 0.0 0.0 0.0 0.0 0.0 232532.31137350417 216726.3857148536 206168.4749695437 278763.27722808166 299609.11856078 150128.93559026642 32380.280517961495 -2.0 -2.0 -2.0 -2.0 -2.0 -2.0 -2.0 -2.0 -2.0 -2.0 -2.0 -2.0 -2.0 -2.0 -2.0 -2.0 -2.0 -2.0 -2.0 -2.0 -2.0 -2.0 -2.0 -2.0 -2.0 -2.0 -2.0 -2.0 -2.0 -2.0 -2.0 -2.0 -2.0 -2.0 -2.0 -2.0 -2.0 -2.0 -2.0 -2.0
0.0 184426.05330674764 0.0 0.0 0.0 203897.26530250552 214984.031977212 210055.3761642359 234703.12405272954 0.0 0.0 178627.31548451167 0.0 172142.11994780775 171476.80199505007 0.0 247231.10558250407 187871.95067617943 170804.09692910462 0.0 0.0 0.0 0.0 190083.6148075543 186226.23318194196 235951.82608828507 292494.1544597209 298356.2789001251 264144.35949713364 289628.7299194619 199888.22210234095 64476.933438467764 -2.0 -2.0 -2.0 -2.0 -2.0 -2.0 -2.0 -2.0 -2.0 -2.0 -2.0 -2.0 -2.0 -2.0 -2.0 -2.0 -2.0 -2.0 -2.0 -2.0 -2.0 -2.0 -2.0 -2.0 -2.0 -2.0 -2.0 -2.0 -2.0 -2.0 -2.0 -2.0 -2.0 -2.0 -2.0 -2.0 -2.0 -2.0
169129.81848650263 201366.87098855688 0.0 0.0 105472.83625788611 218879.3643032887 237050.3545632444 203852.33961305412 215701.84192545607 180624.14344683103 193760.95202831324 181904.10641899827 167665.98392848176 169990.1056649256 0.0 174548.92459094455 183156.18244277258 214330.99096201872 217516.76128752928 197224.75877228312 205612.22925088 182200.1251727302 0.0 188196.84304261213 226276.9660349156 0.0 235718.4099288902 307005.0 298501.36993407545 298873.501365012 264762.39669042494 271328.7362654431 75035.92871647689 -2.0 -2.0 -2.0 -2.0 -2.0 -2.0 -2.0 -2.0 -2.0 -2.0 -2.0 -2.0 -2.0 -2.0 -2.0 -2.0 -2.0 -2.0 -2.0 -2.0 -2.0 -2.0 -2.0 -2.0 -2.0 -2.0 -2.0 -2.0 -2.0 -2.0 -2.0 -2.0 -2.0 -2.0 -2.0 -2.0 -2.0
258135.0225974774 256492.84135391517 0.0 0.0 94959.69131679111 197759.24377778638 218895.31052895403 210864.77882472906 178473.58660475892 0.0 201186.21357853716 185906.55251680393 184210.7974907497 217061.66552145116 217286.32515323558 223888.0542504923 258842.39517314316 206108.6955812453 250375.90825275396 282588.25286049285 307358.0 307358.0 227677.02847412147 189746.88806245828 265973.87336454855 0.0 188409.89343125973 286534.36405471916 307358.0 307358.0 290325.810058634 282442.76924431976 261647.53546726133 -2.0 -2.0 -2.0 -2.0 -2.0 -2.0 -2.0 -2.0 -2.0 -2.0 -2.0 -2.0 -2.0 -2.0 -2.0 -2.0 -2.0 -2.0 -2.0 -2.0 -2.0 -2.0 -2.0 -2.0 -2.0 -2.0 -2.0 -2.0 -2.0 -2.0 -2.0 -2.0 -2.0 -2.0 -2.0 -2.0 -2.0
193356.53158796538 209346.05623622797 188783.56605745654 0.0 99343.59300243953 0.0 0.0 198417.68203396496 0.0 0.0 188338.951933541 196882.56024173048 213898.73760997085 188592.33891991532 299167.7569274792 256791.74179238762 248043.09185797954 273616.30047595577 282762.8805395751 307688.0 307688.0 307688.0 265437.8863653698 267577.6549351915 301737.0764617998 307688.0 299217.06265260204 307688.0 307688.0 307688.0 307688.0 290640.3193359412 227201.28445369768 0.0 0.0 -2.0 -2.0 -2.0 -2.0 -2.0 -2.0 -2.0 -2.0 -2.0 -2.0 -2.0 -2.0 -2.0 -2.0 -2.0 -2.0 -2.0 -2.0 -2.0 -2.0 -2.0 -2.0 -2.0 -2.0 -2.0 -2.0 -2.0 -2.0 -2.0 -2.0 -2.0 -2.0 -2.0 -2.0 -2.0
188079.03280124348 172319.096761473 0.0 194596.96571263298 0.0 0.0 98593.74992669359 0.0 0.0 137294.0330199706 129153.24932874774 163487.6311948642 154355.96081552363 0.0 0.0 216270.02897197157 282382.4195556475 290927.92050170084 299461.1602477943 307993.0 307993.0 307993.0 299459.7602539125 274071.57580900314 282381.07983400405 299457.0296936169 307993.0 299458.390014634 307993.0 307993.0 307993.0 290923.85021973256 248682.8867996538 212483.99862011202 222458.02280118613 0.0 -2.0 -2.0 -2.0 -2.0 -2.0 -2.0 -2.0 -2.0 -2.0 -2.0 -2.0 -2.0 -2.0 -2.0 -2.0 -2.0 -2.0 -2.0 -2.0 -2.0 -2.0 -2.0 -2.0 -2.0 -2.0 -2.0 -2.0 -2.0 -2.0 -2.0 -2.0 -2.0 -2.0 -2.0
0.0 188548.61648812811 0.0 0.0 107561.02495974553 0.0 97822.96096089183 0.0 100558.10436420751 103371.3060454652 77612.11679116444 77615.99328632475 77618.13561982568 86155.43115232422 97651.67923021119 283265.96392772824 282652.3298034676 265563.90512096137 283563.18741200835 299731.0201416073 308276.0 308276.0 282644.88046264637 308276.0 257019.80950931562 308276.0 308276.0 249106.7616583218 308276.0 308276.0 308276.0 308276.0 265753.5407484879 286957.7987031595 281002.3071748688 255991.04927029533 252543.56266187303 203705.33207097472 221240.75336370646 244530.7428182575 268745.40629275737 199368.03047110917 85658.40000000001 -2.0 -2.0 -2.0 -2.0 -2.0 -2.0 -2.0 -2.0 -2.0 -2.0 -2.0 -2.0 -2.0 -2.0 -2.0 -2.0 -2.0 -2.0 -2.0 -2.0 -2.0 -2.0 -2.0 -2.0 -2.0 -2.0 -2.0
0.0 0.0 0.0 0.0 0.0 0.0 0.0 0.0 120420.27297999125 77692.20214861256 77678.53332509042 77678.71566737551 205927.71316533966 248686.04598995484 210673.58418540657 291440.2001953156 308535.0 300077.1997070459 299990.15213012416 308535.0 308535.0 308535.0 308535.0 308535.0 299985.26016233815 291429.8905944925 308535.0 308535.0 276789.54150381533 293110.3335015798 308535.0 308535.0 308535.0 301952.1599418807 308535.0 299967.0 308535.0 308535.0 308535.0 308535.0 308535.0 308535.0 308535.0 265697.0 110275.59095785177 -2.0 -2.0 -2.0 -2.0 -2.0 -2.0 -2.0 -2.0 -2.0 -2.0 -2.0 -2.0 -2.0 -2.0 -2.0 -2.0 -2.0 -2.0 -2.0 -2.0 -2.0 -2.0 -2.0 -2.0 -2.0
0.0 0.0 0.0 0.0 106799.16517458254 0.0 120509.68103050723 0.0 77751.0674442497 77737.70303380815 77749.9718624675 86310.38903846461 111986.86456318997 206109.27667250956 274648.83203109854 308771.0 308771.0 308771.0 308771.0 308771.0 300212.62979125796 291662.6000366423 308771.0 308771.0 308771.0 300213.64984129544 283346.01700743695 225925.13918525883 217799.93649904127 214867.84653056826 278695.9327769468 308771.0 308771.0 308771.0 308771.0 308771.0 308771.0 308771.0 308771.0 308771.0 308771.0 308771.0 308771.0 308771.0 308771.0 167079.1895968563 -2.0 -2.0 -2.0 -2.0 -2.0 -2.0 -2.0 -2.0 -2.0 -2.0 -2.0 -2.0 -2.0 -2.0 -2.0 -2.0 -2.0 -2.0 -2.0 -2.0 -2.0 -2.0 -2.0 -2.0
0.0 85108.59072206035 0.0 0.0 0.0 91896.47665583462 78073.4012084752 77799.85638397108 77823.04669196147 129197.64157124472 240680.7865219459 266180.29003905744 300422.6499633857 291862.299926758 285050.6170349518 300418.0303650091 291861.0975341853 308983.0 283298.15045165486 300422.6499633857 308983.0 308983.0 308983.0 308983.0 308983.0 308983.0 308983.0 262317.66961850383 209986.75072302308 206543.08084501984 235071.7594940911 308983.0 308983.0 308983.0 308983.0 308983.0 308983.0 308983.0 308983.0 308983.0 308983.0 308983.0 308983.0 308983.0 308983.0 308983.0 188838.0 51507.3 -2.0 -2.0 -2.0 -2.0 -2.0 -2.0 -2.0 -2.0 -2.0 -2.0 -2.0 -2.0 -2.0 -2.0 -2.0 -2.0 -2.0 -2.0 -2.0 -2.0 -2.0 -2.0
0.0 0.0 0.0 0.0 70723.06060967842 79822.4690237577 77849.11791967711 120694.80425998077 257777.4504394047 300606.71069334727 309172.0 309172.0 309172.0 300604.40432738594 232428.30035395283 283575.0899048048 300602.06973266584 309172.0 309172.0 309172.0 309172.0 309172.0 309172.0 309172.0 309172.0 309172.0 294057.92077614367 219489.5929182248 212541.11092602293 198891.75153423927 0.0 262972.5238254082 309172.0 309172.0 309172.0 309172.0 309172.0 309172.0 309172.0 309172.0 309172.0 309172.0 309172.0 309172.0 309172.0 309172.0 309172.0 230722.26241331839 -2.0 -2.0 -2.0 -2.0 -2.0 -2.0 -2.0 -2.0 -2.0 -2.0 -2.0 -2.0 -2.0 -2.0 -2.0 -2.0 -2.0 -2.0 -2.0 -2.0 -2.0 -2.0
0.0 190088.21511582742 0.0 95927.01510794333 77893.85806301882 86450.12561002103 197899.94784527746 292194.1495056135 309337.0 300763.4396667515 266467.18875114265 292191.9697875748 300764.8396606427 300765.55987547635 283625.4490966866 309337.0 309337.0 309337.0 300762.76980591554 309337.0 309337.0 309337.0 309337.0 309337.0 309337.0 309337.0 309337.0 208584.48444426683 209068.41728933976 197786.64990038384 229592.26748782943 309337.0 309337.0 309337.0 309337.0 309337.0 309337.0 309337.0 309337.0 309337.0 309337.0 309337.0 309337.0 309337.0 309337.0 309337.0 309337.0 290438.86006164417 -2.0 -2.0 -2.0 -2.0 -2.0 -2.0 -2.0 -2.0 -2.0 -2.0 -2.0 -2.0 -2.0 -2.0 -2.0 -2.0 -2.0 -2.0 -2.0 -2.0 -2.0 -2.0
186064.33905942307 274162.7717492676 272446.2417355814 247378.92205917486 0.0 0.0 258022.53964219088 300900.1199035669 292322.2398071232 283753.5233764514 292328.2197265906 300902.4796752914 309478.0 309478.0 309478.0 309478.0 309478.0 309478.0 309478.0 309478.0 309478.0 308242.848560376 309478.0 309478.0 309478.0 309478.0 306534.447487301 242474.4741295877 193297.88851827383 246207.25234286484 198758.4570545012 208698.6989783468 309478.0 309478.0 309478.0 309478.0 309478.0 309478.0 309478.0 309478.0 309478.0 309478.0 309478.0 309478.0 309478.0 309478.0 309478.0 309478.0 93424.18995895132 -2.0 -2.0 -2.0 -2.0 -2.0 -2.0 -2.0 -2.0 -2.0 -2.0 -2.0 -2.0 -2.0 -2.0 -2.0 -2.0 -2.0 -2.0 -2.0 -2.0 -2.0
235718.70485071483 253995.81437009957 230543.97189407272 309596.0 246935.31871983045 302573.49397731456 309596.0 301017.0502624436 258122.83029158844 309596.0 301020.9404907013 292438.1096802112 309596.0 309596.0 309596.0 309596.0 309596.0 309596.0 309596.0 309596.0 309596.0 309596.0 309596.0 309596.0 309596.0 309596.0 309596.0 287455.22817815084 299400.80237034283 294274.935917308 210274.95688006066 278164.8745590405 309596.0 309596.0 309596.0 309596.0 309596.0 309596.0 255762.32205706398 309596.0 309596.0 309596.0 309596.0 309596.0 309596.0 309596.0 309596.0 309596.0 197912.93464426984 -2 -2.0 -2.0 -2.0 -2.0 -2.0 -2.0 -2.0 -2.0 -2.0 -2.0 -2.0 -2.0 -2.0 -2.0 -2.0 -2.0 -2.0 -2.0 -2.0 -2.0
243355.7459172494 191280.95423653373 223868.44161992235 292525.3904723751 303626.6134825537 283941.3900756434 292525.4934692429 275369.12368783547 292524.6099853654 292524.240722692 309690.0 309690.0 309690.0 309690.0 309690.0 309690.0 309690.0 309690.0 309690.0 309690.0 309690.0 309690.0 309690.0 309690.0 309690.0 309690.0 309690.0 300626.10199867445 309690.0 309690.0 309690.0 309690.0 309690.0 309690.0 309690.0 309690.0 309690.0 294748.79859193164 0.0 309690.0 309690.0 309690.0 309690.0 309690.0 309690.0 309690.0 309690.0 301108.2701110684 292144.2186730713 213178.08923313578 -2.0 -2.0 -2.0 -2.0 -2.0 -2.0 -2.0 -2.0 -2.0 -2.0 -2.0 -2.0 -2.0 -2.0 -2.0 -2.0 -2.0 -2.0 -2.0 -2.0
255453.65797701068 250862.79493228416 301177.1399841379 292600.97650146845 292593.589721672 301177.4497375587 290045.19302853785 275428.49267570424 292591.6701660336 301208.49221801554 309761.0 309761.0 309761.0 309761.0 309761.0 309761.0 309761.0 301176.8500671593 292593.89947509795 309761.0 309761.0 309761.0 309761.0 309761.0 309761.0 307476.7560342621 309761.0 304432.28736687236 301177.13998414995 309761.0 309761.0 309761.0 309761.0 309761.0 309761.0 309761.0 309761.0 294885.0957463236 271960.90246932674 309761.0 309761.0 309761.0 309761.0 309761.0 309761.0 309761.0 309761.0 306409.4075195202 287393.0989955183 303924.4818504014 43022.5 -2.0 -2.0 -2.0 -2.0 -2.0 -2.0 -2.0 -2.0 -2.0 -2.0 -2.0 -2.0 -2.0 -2.0 -2.0 -2.0 -2.0 -2.0 -2.0
285690.02532457793 301467.9182278539 301222.489746088 309808.0 309808.0 301222.0502929618 309808.0 266880.15957651875 275465.608032281 309808.0 309808.0 309808.0 309808.0 309808.0 309808.0 309808.0 309808.0 301222.4897460784 309808.0 309808.0 309808.0 309808.0 309808.0 309808.0 309808.0 309808.0 309808.0 309808.0 309808.0 309808.0 303057.2960641612 309808.0 309808.0 309808.0 309808.0 309808.0 309808.0 309808.0 293776.82887956785 309808.0 309808.0 309808.0 309808.0 309808.0 309808.0 309808.0 309808.0 300949.0776482346 301804.75692342897 307203.77765367785 -2 -2.0 -2.0 -2.0 -2.0 -2.0 -2.0 -2.0 -2.0 -2.0 -2.0 -2.0 -2.0 -2.0 -2.0 -2.0 -2.0 -2.0 -2.0 -2.0
301245.84963989427 301245.6703491377 284073.2399292189 301245.84963989916 266900.4310913851 301245.67034912616 301245.95034790307 301245.6703491221 301245.69018553593 309832.0 309832.0 309832.0 309832.0 309832.0 309832.0 309832.0 309832.0 309832.0 309832.0 309832.0 309832.0 309832.0 309832.0 309832.0 309832.0 301245.7802124084 309832.0 301245.95034790307 309832.0 309832.0 309832.0 309832.0 309832.0 309832.0 309832.0 309832.0 309832.0 309832.0 309832.0 309832.0 309832.0 309832.0 309832.0 309832.0 309832.0 309832.0 309832.0 277441.7197705375 298023.423664042 309832.0 -2 -2 -2.0 -2.0 -2.0 -2.0 -2.0 -2.0 -2.0 -2.0 -2.0 -2.0 -2.0 -2.0 -2.0 -2.0 -2.0 -2.0 -2.0 -2.0
295923.5041349325 309832.0 301245.67034912977 284073.0507202556 266901.09027107 292659.6405334678 292659.51007081795 309832.0 292659.42004393134 309832.0 309832.0 309832.0 309832.0 309832.0 309832.0 303273.60541629244 309832.0 309832.0 309832.0 301937.0121147569 309832.0 309832.0 309832.0 309832.0 309832.0 309832.0 309832.0 309832.0 309832.0 309832.0 309832.0 309832.0 309832.0 301245.780212407 309832.0 309832.0 309832.0 309832.0 309832.0 309832.0 309832.0 309832.0 309832.0 309832.0 309832.0 309832.0 305028.7256189656 290758.4886466171 285647.4659355464 281672.9008980421 286167.91031065036 277065.94864471443 235833.82508703548 111883.0 -2.0 -2.0 -2.0 -2.0 -2.0 -2.0 -2.0 -2.0 -2.0 -2.0 -2.0 -2.0 -2.0 -2.0 -2.0 -2.0
309808.0 309808.0 292637.35943602066 284052.40917969175 292636.2302856786 293262.05044554966 301222.0502929689 309808.0 309808.0 309808.0 301222.8696899423 309808.0 309808.0 309808.0 309808.0 309808.0 309808.0 309808.0 309808.0 309808.0 309808.0 309808.0 309808.0 309808.0 303085.74505616643 309808.0 309808.0 309808.0 309808.0 309808.0 309808.0 309808.0 309808.0 309808.0 309808.0 309808.0 309808.0 309808.0 309808.0 309808.0 309808.0 309808.0 309808.0 301264.8482913539 293873.8140551722 309808.0 295992.4551086298 297115.0533752254 281664.45506540063 292636.7200927558 292636.51028440305 278237.2265115732 259168.74478564513 0.0 166532.22360605112 143178.86167660297 52534.49356936167 34421.6 -2.0 -2.0 -2.0 -2.0 -2.0 -2.0 -2.0 -2.0 -2.0 -2.0 -2.0 -2.0
309761.0 309761.0 301176.09017942555 309761.0 301177.44973755954 309761.0 309761.0 292972.9598388373 309761.0 309761.0 301176.0901794605 309761.0 309761.0 309761.0 309761.0 309761.0 309761.0 309761.0 309761.0 309761.0 309761.0 309761.0 309761.0 309761.0 309761.0 308234.92997741746 306096.0243568348 309761.0 309761.0 309761.0 309761.0 309761.0 309761.0 309761.0 309761.0 309761.0 309761.0 309761.0 309761.0 301176.5799865874 292877.9778521413 299580.53417893156 297767.99152148276 301176.5799865636 301176.32974242483 298803.2135227672 294691.87005612196 293546.41946409905 284173.4591740788 292591.419921879 284007.26998899254 271673.25782636006 284707.5503590471 237026.37284780107 0.0 0.0 245901.79681254664 234947.64852408454 154875.0 17207.5 -2.0 -2.0 -2.0 -2.0 -2.0 -2.0 -2.0 -2.0 -2.0 -2.0
309691.0 309691.0 301108.87033080944 292524.9004516352 292524.9004516541 301108.120361332 301108.87033081875 301107.78009032214 309691.0 309691.0 309691.0 309691.0 309691.0 309691.0 309691.0 309691.0 309691.0 309691.0 309691.0 301201.38284301735 309691.0 309691.0 309691.0 309691.0 309691.0 309691.0 309691.0 309691.0 309691.0 309691.0 309691.0 309691.0 309691.0 309691.0 309691.0 309691.0 309691.0 295773.47572251974 291570.8725866032 266244.2782948582 279445.48148843535 279736.843929897 277486.02471921843 294910.5070751693 283307.20243788074 291980.3935806801 302499.4625112231 303333.9000854581 304448.5300833344 298442.40355536836 298744.1275062761 300304.0285210883 254275.72701475478 266570.06328598334 262559.37087752536 234905.94134691532 238104.47219247613 237465.41437239706 270060.5974814045 301087.0 156562.61846945688 -2.0 -2.0 -2.0 -2.0 -2.0 -2.0 -2.0 -2.0 -2.0
309596.0 309596.0 309596.0 309596.0 309596.0 301015.1200256386 309596.0 301789.160247814 309596.0 309596.0 301017.5698242182 309596.0 309596.0 309596.0 309596.0 309596.0 309596.0 309596.0 309596.0 309596.0 309596.0 309596.0 309596.0 309596.0 309596.0 309596.0 309596.0 309596.0 309596.0 309596.0 309596.0 309596.0 309596.0 309596.0 309596.0 303347.1299133159 295562.983766213 290303.2372581197 294786.0033708687 296470.1504954459 296163.46354181087 287258.51499187946 295070.53778645466 309596.0 309596.0 306493.14270282607 309596.0 301016.5398559564 293458.0187677918 292436.5899047846 263287.1682795155 286563.3903041126 291605.8235896656 274976.27610953595 276861.7827814683 261763.9874135847 277419.6810973103 261599.2332711598 243165.09913105422 244359.62377605424 256879.2603726929 59047.69702121022 17197.8 35799.99548570207 -2.0 -2.0 -2.0 -2.0 -2.0 -2.0
300903.1098632747 309478.0 309478.0 309478.0 309478.0 309478.0 309478.0 309478.0 309478.0 300900.1199035657 300900.67990110937 309478.0 309478.0 309478.0 303565.3695373538 309478.0 309478.0 301676.4299967393 309478.0 309478.0 309478.0 309478.0 309478.0 309478.0 309478.0 309478.0 309478.0 309478.0 303982.75015640527 303335.08142523526 301326.57025146746 309478.0 309478.0 302789.1341476457 294200.0670512615 296426.5464296987 297164.3309009789 300903.10986327904 309478.0 306900.31149330246 271249.68738568446 296847.6317163081 309478.0 309478.0 309478.0 296956.9348599266 299283.453536471 300903.1098632747 300901.2597351209 292325.22976684157 275282.5581906969 280598.93462005403 281127.1731243687 280723.56941736385 284612.7920379727 282357.76079503447 300900.119903553 292428.6896972734 267769.2412991448 254193.67112083724 218470.03493726216 137517.674219689 198446.89137276396 237141.03359403764 175636.30500410718 90743.6713851678 0.0 0.0 0.0 0.0
