critload/trunk/input/1999/a_nat.asc
ncols 720
nrows 360
xllcorner -180
yllcorner -90
cellsize 0.5
NODATA_value -2
[rows 0 to 31 of 360, columns 216 to 287 of 720]
-2.0 -2.0 -2.0 -2.0 -2.0 -2.0 -2.0 -2.0 -2.0 -2.0 -2.0 -2.0 -2.0 -2.0 -2.0 -2.0 -2.0 -2.0 -2.0 -2.0 -2.0 -2.0 -2.0 -2.0 -2.0 -2.0 -2.0 -2.0 -2.0 -2.0 -2.0 -2.0 -2.0 -2.0 -2.0 -2.0 -2.0 -2.0 -2.0 -2.0 -2.0 -2.0 -2.0 -2.0 -2.0 -2.0 -2.0 -2.0 -2.0 -2.0 -2.0 -2.0 -2.0 -2.0 -2.0 -2.0 -2.0 -2.0 -2.0 -2.0 -2.0 -2.0 -2.0 -2.0 -2.0 -2.0 -2.0 -2.0 -2.0 -2.0 -2.0 -2.0
-2.0 -2.0 -2.0 -2.0 -2.0 -2.0 -2.0 -2.0 -2.0 -2.0 -2.0 -2.0 -2.0 -2.0 -2.0 -2.0 -2.0 -2.0 -2.0 -2.0 -2.0 -2.0 -2.0 -2.0 -2.0 -2.0 -2.0 -2.0 -2.0 -2.0 -2.0 -2.0 -2.0 -2.0 -2.0 -2.0 -2.0 -2.0 -2.0 -2.0 -2.0 -2.0 -2.0 -2.0 -2.0 -2.0 -2.0 -2.0 -2.0 -2.0 -2.0 -2.0 -2.0 -2.0 -2.0 -2.0 -2.0 -2.0 -2.0 -2.0 -2.0 -2.0 -2.0 -2.0 -2.0 -2.0 -2.0 -2.0 -2.0 -2.0 -2.0 -2.0
-2.0 -2.0 -2.0 -2.0 -2.0 -2.0 -2.0 -2.0 -2.0 -2.0 -2.0 -2.0 -2.0 -2.0 -2.0 -2.0 -2.0 -2.0 -2.0 -2.0 -2.0 -2.0 -2.0 -2.0 -2.0 -2.0 -2.0 -2.0 -2.0 -2.0 -2.0 -2.0 -2.0 -2.0 -2.0 -2.0 -2.0 -2.0 -2.0 -2.0 -2.0 -2.0 -2.0 -2.0 -2.0 -2.0 -2.0 -2.0 -2.0 -2.0 -2.0 -2.0 -2.0 -2.0 -2.0 -2.0 -2.0 -2.0 -2.0 -2.0 -2.0 -2.0 -2.0 -2.0 -2.0 -2.0 -2.0 -2.0 -2.0 -2.0 -2.0 -2.0
-2.0 -2.0 -2.0 -2.0 -2.0 -2.0 -2.0 -2.0 -2.0 -2.0 -2.0 -2.0 -2.0 -2.0 -2.0 -2.0 -2.0 -2.0 -2.0 -2.0 -2.0 -2.0 -2.0 -2.0 -2.0 -2.0 -2.0 -2.0 -2.0 -2.0 -2.0 -2.0 -2.0 -2.0 -2.0 -2.0 -2.0 -2.0 -2.0 -2.0 -2.0 -2.0 -2.0 -2.0 -2.0 -2.0 -2.0 -2.0 -2.0 -2.0 -2.0 -2.0 -2.0 -2.0 -2.0 -2.0 -2.0 -2.0 -2.0 -2.0 -2.0 -2.0 -2.0 -2.0 -2.0 -2.0 -2.0 -2.0 -2.0 -2.0 -2.0 -2.0
-2.0 -2.0 -2.0 -2.0 -2.0 -2.0 -2.0 -2.0 -2.0 -2.0 -2.0 -2.0 -2.0 -2.0 -2.0 -2.0 -2.0 -2.0 -2.0 -2.0 -2.0 -2.0 -2.0 -2.0 -2.0 -2.0 -2.0 -2.0 -2.0 -2.0 -2.0 -2.0 -2.0 -2.0 -2.0 -2.0 -2.0 -2.0 -2.0 -2.0 -2.0 -2.0 -2.0 -2.0 -2.0 -2.0 -2.0 -2.0 -2.0 -2.0 -2.0 -2.0 -2.0 -2.0 -2.0 -2.0 -2.0 -2.0 -2.0 -2.0 -2.0 -2.0 -2.0 -2.0 -2.0 -2.0 -2.0 -2.0 -2.0 -2.0 -2.0 -2.0
-2.0 -2.0 -2.0 -2.0 -2.0 -2.0 -2.0 -2.0 -2.0 -2.0 -2.0 -2.0 -2.0 -2.0 -2.0 -2.0 -2.0 -2.0 -2.0 -2.0 -2.0 -2.0 -2.0 -2.0 -2.0 -2.0 -2.0 -2.0 -2.0 -2.0 -2.0 -2.0 -2.0 -2.0 -2.0 -2.0 -2.0 -2.0 -2.0 -2.0 -2.0 -2.0 -2.0 -2.0 -2.0 -2.0 -2.0 -2.0 -2.0 -2.0 -2.0 -2.0 -2.0 -2.0 -2.0 -2.0 -2.0 -2.0 -2.0 -2.0 -2.0 -2.0 -2.0 -2.0 -2.0 -2.0 -2.0 -2.0 -2.0 -2.0 -2.0 -2.0
-2.0 -2.0 -2.0 -2.0 -2.0 -2.0 -2.0 -2.0 -2.0 -2.0 -2.0 -2.0 -2.0 -2.0 -2.0 -2.0 -2.0 -2.0 -2.0 -2.0 -2.0 -2.0 -2.0 -2.0 -2.0 -2.0 -2.0 -2.0 -2.0 -2.0 -2.0 -2.0 -2.0 -2.0 -2.0 -2.0 -2.0 -2.0 -2.0 -2.0 -2.0 -2.0 -2.0 -2.0 -2.0 -2.0 -2.0 -2.0 -2.0 -2.0 -2.0 -2.0 -2.0 -2.0 -2.0 -2.0 -2.0 -2.0 -2.0 -2.0 -2.0 -2.0 -2.0 -2.0 -2.0 -2.0 -2.0 -2.0 -2.0 -2.0 -2.0 -2.0
-2.0 -2.0 -2.0 -2.0 -2.0 -2.0 -2.0 -2.0 -2.0 -2.0 -2.0 -2.0 -2.0 -2.0 -2.0 -2.0 -2.0 -2.0 -2.0 -2.0 -2.0 -2.0 -2.0 -2.0 -2.0 -2.0 -2.0 -2.0 -2.0 -2.0 -2.0 -2.0 -2.0 -2.0 -2.0 -2.0 -2.0 -2.0 -2.0 -2.0 -2.0 -2.0 -2.0 -2.0 -2.0 -2.0 -2.0 -2.0 -2.0 -2.0 -2.0 -2.0 -2.0 -2.0 -2.0 -2.0 -2.0 -2.0 -2.0 -2.0 -2.0 -2.0 -2.0 -2.0 -2.0 -2.0 -2.0 -2.0 -2.0 -2.0 -2.0 -2.0
-2.0 -2.0 -2.0 -2.0 -2.0 -2.0 -2.0 -2.0 -2.0 -2.0 -2.0 -2.0 -2.0 -2.0 -2.0 -2.0 -2.0 -2.0 -2.0 -2.0 -2.0 -2.0 -2.0 -2.0 -2.0 -2.0 -2.0 -2.0 -2.0 -2.0 -2.0 -2.0 -2.0 -2.0 -2.0 -2.0 -2.0 -2.0 -2.0 -2.0 -2.0 -2.0 -2.0 -2.0 -2.0 -2.0 -2.0 -2.0 -2.0 -2.0 -2.0 -2.0 -2.0 -2.0 -2.0 -2.0 -2.0 -2.0 -2.0 -2.0 -2.0 -2.0 -2.0 -2.0 -2.0 -2.0 -2.0 -2.0 -2.0 -2.0 -2.0 -2.0
-2.0 -2.0 -2.0 -2.0 -2.0 -2.0 -2.0 -2.0 -2.0 -2.0 -2.0 -2.0 -2.0 -2.0 -2.0 -2.0 -2.0 -2.0 -2.0 -2.0 -2.0 -2.0 -2.0 -2.0 -2.0 -2.0 -2.0 -2.0 -2.0 -2.0 -2.0 -2.0 -2.0 -2.0 -2.0 -2.0 -2.0 -2.0 -2.0 -2.0 -2.0 -2.0 -2.0 -2.0 -2.0 -2.0 -2.0 -2.0 -2.0 -2.0 -2.0 -2.0 -2.0 -2.0 -2.0 -2.0 -2.0 -2.0 -2.0 -2.0 -2.0 -2.0 -2.0 -2.0 -2.0 -2.0 -2.0 -2.0 -2.0 -2.0 -2.0 -2.0
-2.0 -2.0 -2.0 -2.0 -2.0 -2.0 -2.0 -2.0 -2.0 -2.0 -2.0 -2.0 -2.0 -2.0 -2.0 -2.0 -2.0 -2.0 -2.0 -2.0 -2.0 -2.0 -2.0 -2.0 -2.0 -2.0 -2.0 -2.0 -2.0 -2.0 -2.0 -2.0 -2.0 -2.0 -2.0 -2.0 -2.0 -2.0 -2.0 -2.0 -2.0 -2.0 -2.0 -2.0 -2.0 -2.0 -2.0 -2.0 -2.0 -2.0 -2.0 -2.0 -2.0 -2.0 -2.0 -2.0 -2.0 -2.0 -2.0 -2.0 -2.0 -2.0 -2.0 -2.0 -2.0 -2.0 -2.0 -2.0 -2.0 -2.0 -2.0 -2.0
-2.0 -2.0 -2.0 -2.0 -2.0 -2.0 -2.0 -2.0 -2.0 -2.0 -2.0 -2.0 -2.0 -2.0 -2.0 -2.0 -2.0 -2.0 -2.0 -2.0 -2.0 -2.0 -2.0 -2.0 -2.0 -2.0 -2.0 -2.0 -2.0 -2.0 -2.0 -2.0 -2.0 -2.0 -2.0 -2.0 -2.0 -2.0 -2.0 -2.0 -2.0 -2.0 -2.0 -2.0 -2.0 -2.0 -2.0 -2.0 -2.0 -2.0 -2.0 -2.0 -2.0 -2.0 -2.0 -2.0 -2.0 -2.0 -2.0 -2.0 -2.0 -2.0 -2.0 -2.0 -2.0 -2.0 -2.0 -2.0 -2.0 -2.0 -2.0 -2.0
-2.0 -2.0 -2.0 -2.0 -2.0 -2.0 -2.0 -2.0 -2.0 -2.0 -2.0 -2.0 -2.0 -2.0 -2.0 -2.0 -2.0 -2.0 -2.0 -2.0 -2.0 -2.0 -2.0 -2.0 -2.0 -2.0 -2.0 -2.0 -2.0 -2.0 -2.0 -2.0 -2.0 -2.0 -2.0 -2.0 -2.0 -2.0 -2.0 -2.0 -2.0 -2.0 -2.0 -2.0 -2.0 -2.0 -2.0 -2.0 -2.0 -2.0 -2.0 -2.0 -2.0 -2.0 -2.0 -2.0 -2.0 -2.0 -2.0 -2.0 -2.0 -2.0 -2.0 -2.0 -2.0 -2.0 -2.0 -2 -2 -2 968.07 5808.42
2085.32 6255.96 8316.44 9346.68 4170.64 -2 -2 -2 -2.0 -2.0 -2.0 -2.0 -2.0 -2.0 -2.0 -2.0 -2.0 -2.0 -2.0 -2.0 -2.0 -2.0 -2.0 -2.0 -2.0 -2.0 -2.0 -2.0 -2.0 -2.0 -2.0 -2.0 -2.0 -2.0 -2.0 -2.0 -2.0 -2.0 -2.0 -2.0 -2.0 -2.0 -2.0 -2.0 -2.0 -2.0 -2.0 -2.0 -2.0 -2.0 -2.0 -2.0 4170.64 7236.52 9346.68 12437.4 14448.2 13430.4 17526.4 18544.3 12425.0 12375.2 8229.46 21498.3 15379.0 12114.2 16284.9 24352.8 24178.7 33475.7 30509.3 35424.3
35935.6 38045.8 36916.2 35823.8 32546.8 33639.1 35861.1 32621.3 32621.3 35885.9 30585.6 28500.3 26365.3 32770.3 25285.3 26365.3 17663.7 5573.44 -2 -2 -2.0 -2.0 -2.0 -2.0 -2.0 -2.0 -2.0 -2.0 -2.0 -2.0 -2.0 -2.0 -2.0 -2.0 -2.0 -2.0 -2.0 -2.0 -2.0 -2.0 -2.0 -2.0 -2.0 -2.0 -2.0 -2.0 -2.0 -2.0 10861.4 12214.4 22877.1 21834.4 22740.5 22703.3 21747.6 31566.2 32621.3 32621.3 32621.3 30436.6 23770.8 31491.7 28127.7 23758.4 36891.4 34880.5 33738.5 39100.9 39100.9 39100.9 39100.9 39100.9
41781.5 41781.5 41781.5 41781.5 41781.5 41781.5 41781.5 41781.5 41781.5 41781.5 41781.5 41781.5 41781.5 41781.5 41781.5 41781.5 41781.5 40651.9 40651.9 38206.7 27556.7 18470.4 -2 -2 -2 2383.2 7149.6 10687.2 14224.8 14224.8 18892.0 17725.2 21225.6 26985.2 28152.0 26997.6 15354.4 11668.0 18693.6 16546.0 10687.2 -2.0 19463.5 35835.9 41781.5 40651.9 30436.0 32670.4 20058.8 15354.4 23137.5 24205.1 21722.7 31106.7 25545.5 31553.2 -2.0 -2.0 41781.5 41781.5 41781.5 41781.5 41781.5 40651.9 38367.9 41781.5 41781.5 41781.5 41781.5 41781.5 41781.5 41781.5
44459.0 44459.0 44459.0 44459.0 44459.0 44459.0 44459.0 35634.6 40661.2 44459.0 44459.0 36863.4 31849.2 21895.0 21895.0 16979.9 14522.3 8440.39 1204.0 -2.0 -2 12386.9 34802.2 37235.0 37235.0 40847.0 29750.8 35746.1 40698.4 40661.2 44459.0 44459.0 44459.0 44459.0 44459.0 44459.0 34480.1 22551.6 42038.7 42051.0 37235.0 33585.9 33561.1 32258.0 31004.4 44459.0 44459.0 44459.0 44459.0 44459.0 44459.0 44459.0 37235.0 28695.5 22564.0 42013.9 44459.0 44459.0 44459.0 44459.0 44459.0 44459.0 44459.0 44459.0 44459.0 44459.0 44459.0 44459.0 44459.0 44459.0 44459.0 44459.0
47133.1 47133.1 47133.1 47133.1 47133.1 39240.5 47133.1 39314.7 41945.6 39388.9 38160.1 35380.8 27178.9 23232.5 12832.7 -2 12024.5 13327.6 19954.3 16007.9 10696.7 17162.6 44576.5 47133.1 47133.1 47133.1 47133.1 47133.1 47133.1 44576.5 44551.7 47133.1 47133.1 47133.1 47133.1 47133.1 47133.1 47133.1 47133.1 47133.1 47133.1 47133.1 47133.1 47133.1 47133.1 47133.1 47133.1 47133.1 47133.1 47133.1 47133.1 47133.1 47133.1 47133.1 47133.1 47133.1 47133.1 47133.1 47133.1 47133.1 47133.1 47133.1 47133.1 47133.1 47133.1 47133.1 47133.1 47133.1 47133.1 47133.1 47133.1 47133.1
49803.7 49803.7 49803.7 49803.7 49803.7 49803.7 41330.1 31516.3 24568.2 13574.8 13859.0 9887.89 19677.0 26612.7 47098.6 49803.7 49803.7 45733.7 48426.4 49803.7 49803.7 49803.7 49803.7 49803.7 49803.7 49803.7 49803.7 49803.7 49803.7 49803.7 49803.7 49803.7 49803.7 49803.7 49803.7 49803.7 49803.7 49803.7 49803.7 49803.7 49803.7 49803.7 49803.7 49803.7 49803.7 49803.7 49803.7 49803.7 49803.7 49803.7 49803.7 49803.7 49803.7 49803.7 49803.7 49803.7 49803.7 49803.7 49803.7 49803.7 49803.7 49803.7 49803.7 49803.7 49803.7 49803.7 49803.7 49803.7 49803.7 49803.7 49803.7 49803.7
36246.6 37660.9 40637.6 30342.5 8597.01 12877.0 -2.0 -2.0 -2 24759.2 39260.3 45028.7 52470.4 43540.3 48005.4 46578.7 52470.4 52470.4 52470.4 52470.4 52470.4 52470.4 52470.4 52470.4 52470.4 52470.4 52470.4 52470.4 52470.4 52470.4 52470.4 52470.4 52470.4 52470.4 52470.4 52470.4 52470.4 52470.4 52470.4 52470.4 52470.4 52470.4 52470.4 52470.4 52470.4 52470.4 52470.4 52470.4 52470.4 52470.4 52470.4 52470.4 52470.4 52470.4 52470.4 52470.4 52470.4 52470.4 52470.4 52470.4 52470.4 52470.4 52470.4 52470.4 52470.4 52470.4 52470.4 52470.4 52470.4 52470.4 52470.4 52470.4
15130.0 7528.04 -2.0 -2.0 -2.0 -2.0 -2.0 -2.0 -2.0 -2.0 -2.0 -2.0 -2.0 -2 45870.4 55133.1 55133.1 55133.1 55133.1 55133.1 55133.1 55133.1 55133.1 55133.1 55133.1 55133.1 55133.1 55133.1 55133.1 55133.1 55133.1 55133.1 55133.1 55133.1 55133.1 55133.1 55133.1 55133.1 55133.1 55133.1 55133.1 55133.1 55133.1 55133.1 55133.1 55133.1 55133.1 55133.1 55133.1 55133.1 55133.1 55133.1 55133.1 55133.1 55133.1 55133.1 55133.1 55133.1 55133.1 55133.1 55133.1 55133.1 55133.1 55133.1 55133.1 55133.1 55133.1 55133.1 55133.1 55133.1 55133.1 55133.1
-2.0 -2.0 -2.0 -2.0 -2.0 -2.0 -2 9816.36 9816.36 13063.9 17935.2 14687.7 21158.2 43571.3 57791.6 57791.6 57791.6 57791.6 57791.6 57791.6 57791.6 57791.6 57791.6 57791.6 57791.6 57791.6 57791.6 57791.6 57791.6 57791.6 57791.6 57791.6 57791.6 57791.6 57791.6 57791.6 57791.6 57791.6 57791.6 57791.6 57791.6 57791.6 57791.6 57791.6 57791.6 57791.6 57791.6 57791.6 57791.6 57791.6 57791.6 57791.6 57791.6 57791.6 57791.6 57791.6 57791.6 57791.6 57791.6 57791.6 57791.6 57791.6 57791.6 57791.6 57791.6 57791.6 57791.6 57791.6 57791.6 57791.6 57791.6 57791.6
13653.4 18745.8 18733.5 30554.4 38919.0 43900.9 58785.2 60445.8 60445.8 60445.8 60445.8 60445.8 60445.8 60445.8 60445.8 60445.8 60445.8 60445.8 60445.8 60445.8 60445.8 60445.8 60445.8 60445.8 60445.8 60445.8 60445.8 60445.8 60445.8 60445.8 60445.8 60445.8 60445.8 60445.8 60445.8 60445.8 60445.8 60445.8 60445.8 60445.8 60445.8 60445.8 60445.8 60445.8 60445.8 60445.8 60445.8 60445.8 60445.8 60445.8 60445.8 60445.8 60445.8 60445.8 60445.8 60445.8 60445.8 60445.8 60445.8 60445.8 60445.8 60445.8 60445.8 60445.8 60445.8 60445.8 60445.8 60445.8 60445.8 60445.8 60445.8 60445.8
63095.4 63095.4 63095.4 63095.4 63095.4 63095.4 63095.4 63095.4 63095.4 63095.4 63095.4 63095.4 63095.4 63095.4 63095.4 63095.4 63095.4 63095.4 63095.4 63095.4 63095.4 63095.4 63095.4 63095.4 63095.4 63095.4 63095.4 63095.4 63095.4 63095.4 63095.4 63095.4 63095.4 63095.4 63095.4 63095.4 63095.4 63095.4 63095.4 63095.4 63095.4 63095.4 63095.4 63095.4 63095.4 63095.4 63095.4 63095.4 63095.4 63095.4 63095.4 63095.4 63095.4 63095.4 63095.4 63095.4 63095.4 63095.4 63095.4 63095.4 63095.4 63095.4 63095.4 63095.4 63095.4 63095.4 63095.4 63095.4 63095.4 63095.4 63095.4 63095.4
12580.9 27104.2 32564.1 43606.4 58374.4 65740.0 60194.4 62026.6 65740.0 52767.6 45389.8 58325.4 65740.0 65740.0 65740.0 65740.0 65740.0 65740.0 65740.0 65740.0 65740.0 65740.0 65740.0 65740.0 65740.0 65740.0 65740.0 65740.0 65740.0 65740.0 65740.0 65740.0 65740.0 65740.0 65740.0 65740.0 65740.0 65740.0 65740.0 65740.0 65740.0 65740.0 65740.0 65740.0 65740.0 65740.0 65740.0 65740.0 65740.0 65740.0 65740.0 65740.0 65740.0 65740.0 65740.0 65740.0 65740.0 65740.0 65740.0 65740.0 65740.0 65740.0 65740.0 65740.0 65740.0 65740.0 65740.0 65740.0 65740.0 65740.0 65740.0 65740.0
11286.8 24735.4 34348.5 34519.5 34519.5 32540.7 34446.2 42068.4 49544.1 51522.9 38196.3 55224.1 68379.8 68379.8 68379.8 68379.8 68379.8 68379.8 68379.8 68379.8 68379.8 68379.8 68379.8 68379.8 68379.8 68379.8 68379.8 68379.8 68379.8 68379.8 68379.8 68379.8 68379.8 68379.8 68379.8 68379.8 68379.8 68379.8 68379.8 68379.8 68379.8 68379.8 68379.8 68379.8 68379.8 68379.8 68379.8 68379.8 68379.8 68379.8 68379.8 68379.8 68379.8 68379.8 68379.8 68379.8 68379.8 68379.8 68379.8 68379.8 68379.8 68379.8 68379.8 68379.8 68379.8 68379.8 68379.8 68379.8 68379.8 68379.8 68379.8 68379.8
-2.0 -2.0 23391.1 25357.7 39293.9 47050.4 55062.7 59068.9 71014.3 71014.3 71014.3 71014.3 71014.3 71014.3 71014.3 71014.3 71014.3 71014.3 71014.3 71014.3 71014.3 71014.3 71014.3 71014.3 71014.3 71014.3 71014.3 71014.3 71014.3 71014.3 71014.3 71014.3 71014.3 71014.3 71014.3 71014.3 71014.3 71014.3 71014.3 71014.3 71014.3 71014.3 71014.3 71014.3 71014.3 71014.3 71014.3 71014.3 71014.3 71014.3 71014.3 71014.3 71014.3 71014.3 71014.3 71014.3 71014.3 71014.3 71014.3 71014.3 71014.3 71014.3 71014.3 71014.3 71014.3 71014.3 71014.3 71014.3 71014.3 71014.3 71014.3 71014.3
-2.0 -2.0 -2.0 -2.0 -2.0 24329.0 46752.1 61187.2 69491.4 71591.7 44736.9 46776.4 57132.4 65375.8 48828.2 36517.8 42660.8 24256.0 34466.0 36493.4 50904.2 50867.8 63287.6 71567.4 73643.5 73643.5 73643.5 73643.5 73643.5 73643.5 73643.5 73643.5 73643.5 73643.5 73643.5 73643.5 73643.5 73643.5 73643.5 73643.5 73643.5 73643.5 73643.5 73643.5 73643.5 73643.5 73643.5 73643.5 73643.5 73643.5 73643.5 73643.5 73643.5 73643.5 73643.5 73643.5 73643.5 73643.5 73643.5 73643.5 73643.5 73643.5 73643.5 73643.5 73643.5 73643.5 73643.5 73643.5 73643.5 73643.5 73643.5 73643.5
-2.0 -2.0 -2.0 -2.0 -2.0 -2.0 -2.0 -2.0 -2.0 -2.0 6264.57 -2.0 -2.0 -2.0 -2.0 -2.0 -2.0 -2.0 -2.0 -2.0 -2.0 -2.0 -2.0 -2.0 -2.0 -2.0 -2.0 -2.0 76266.9 76266.9 76266.9 76266.9 76266.9 76266.9 76266.9 76266.9 76266.9 76266.9 76266.9 76266.9 76266.9 76266.9 76266.9 76266.9 76266.9 76266.9 76266.9 76266.9 76266.9 76266.9 76266.9 76266.9 76266.9 76266.9 76266.9 76266.9 76266.9 76266.9 76266.9 76266.9 76266.9 76266.9 76266.9 76266.9 76266.9 76266.9 76266.9 76266.9 76266.9 76266.9 76266.9 76266.9
-2.0 -2.0 -2.0 -2.0 -2.0 -2.0 -2.0 -2.0 -2.0 -2.0 -2.0 -2.0 -2.0 -2.0 -2.0 -2.0 -2.0 -2.0 -2.0 -2.0 -2.0 -2.0 -2.0 -2.0 -2.0 -2.0 -2.0 -2.0 76663.1 78884.6 78884.6 78884.6 78884.6 78884.6 78884.6 78884.6 78884.6 78884.6 78884.6 78884.6 78884.6 78884.6 78884.6 78884.6 78884.6 78884.6 78884.6 78884.6 78884.6 78884.6 78884.6 78884.6 78884.6 78884.6 78884.6 78884.6 78884.6 78884.6 78884.6 78884.6 78884.6 78884.6 78884.6 78884.6 78884.6 78884.6 78884.6 78884.6 78884.6 78884.6 78884.6 78884.6
-2.0 -2.0 -2.0 -2.0 -2.0 -2.0 -2.0 -2.0 -2.0 -2.0 -2.0 -2.0 -2.0 -2.0 -2.0 -2.0 -2.0 -2.0 -2.0 -2.0 -2.0 -2.0 -2.0 -2.0 -2.0 -2.0 -2.0 -2.0 -2.0 -2.0 -2.0 -2.0 81496.3 81496.3 81496.3 81496.3 81496.3 81496.3 81496.3 81496.3 81496.3 81496.3 81496.3 81496.3 81496.3 81496.3 81496.3 81496.3 81496.3 81496.3 81496.3 81496.3 81496.3 81496.3 81496.3 81496.3 81496.3 81496.3 81496.3 81496.3 81496.3 81496.3 81496.3 81496.3 81496.3 81496.3 81496.3 81496.3 81496.3 81496.3 81496.3 81496.3
-2.0 -2.0 -2.0 -2.0 -2.0 -2.0 -2.0 -2.0 -2.0 -2.0 -2.0 -2.0 -2.0 -2.0 -2.0 -2.0 -2.0 -2.0 -2.0 -2.0 -2.0 -2.0 -2.0 -2.0 -2.0 -2.0 -2.0 -2.0 -2.0 -2.0 -2.0 -2.0 84101.7 84101.7 84101.7 84101.7 84101.7 84101.7 84101.7 84101.7 84101.7 84101.7 84101.7 84101.7 84101.7 84101.7 84101.7 84101.7 84101.7 84101.7 84101.7 84101.7 84101.7 84101.7 84101.7 84101.7 84101.7 84101.7 84101.7 84101.7 84101.7 84101.7 84101.7 84101.7 84101.7 84101.7 84101.7 84101.7 84101.7 84101.7 84101.7 84101.7
