critload/trunk/input/1999/a_nat.asc
ncols 720
nrows 360
xllcorner -180
yllcorner -90
cellsize 0.5
NODATA_value -1
[rows 0 to 33 of 360, columns 228 to 303 of 720]
-1 -1 -1 -1 -1 -1 -1 -1 -1 -1 -1 -1 -1 -1 -1 -1 -1 -1 -1 -1 -1 -1 -1 -1 -1 -1 -1 -1 -1 -1 -1 -1 -1 -1 -1 -1 -1 -1 -1 -1 -1 -1 -1 -1 -1 -1 -1 -1 -1 -1 -1 -1 -1 -1 -1 -1 -1 -1 -1 -1 -1 -1 -1 -1 -1 -1 -1 -1 -1 -1 -1 -1 -1 -1 -1 -1
-1 -1 -1 -1 -1 -1 -1 -1 -1 -1 -1 -1 -1 -1 -1 -1 -1 -1 -1 -1 -1 -1 -1 -1 -1 -1 -1 -1 -1 -1 -1 -1 -1 -1 -1 -1 -1 -1 -1 -1 -1 -1 -1 -1 -1 -1 -1 -1 -1 -1 -1 -1 -1 -1 -1 -1 -1 -1 -1 -1 -1 -1 -1 -1 -1 -1 -1 -1 -1 -1 -1 -1 -1 -1 -1 -1
-1 -1 -1 -1 -1 -1 -1 -1 -1 -1 -1 -1 -1 -1 -1 -1 -1 -1 -1 -1 -1 -1 -1 -1 -1 -1 -1 -1 -1 -1 -1 -1 -1 -1 -1 -1 -1 -1 -1 -1 -1 -1 -1 -1 -1 -1 -1 -1 -1 -1 -1 -1 -1 -1 -1 -1 -1 -1 -1 -1 -1 -1 -1 -1 -1 -1 -1 -1 -1 -1 -1 -1 -1 -1 -1 -1
-1 -1 -1 -1 -1 -1 -1 -1 -1 -1 -1 -1 -1 -1 -1 -1 -1 -1 -1 -1 -1 -1 -1 -1 -1 -1 -1 -1 -1 -1 -1 -1 -1 -1 -1 -1 -1 -1 -1 -1 -1 -1 -1 -1 -1 -1 -1 -1 -1 -1 -1 -1 -1 -1 -1 -1 -1 -1 -1 -1 -1 -1 -1 -1 -1 -1 -1 -1 -1 -1 -1 -1 -1 -1 -1 -1
-1 -1 -1 -1 -1 -1 -1 -1 -1 -1 -1 -1 -1 -1 -1 -1 -1 -1 -1 -1 -1 -1 -1 -1 -1 -1 -1 -1 -1 -1 -1 -1 -1 -1 -1 -1 -1 -1 -1 -1 -1 -1 -1 -1 -1 -1 -1 -1 -1 -1 -1 -1 -1 -1 -1 -1 -1 -1 -1 -1 -1 -1 -1 -1 -1 -1 -1 -1 -1 -1 -1 -1 -1 -1 -1 -1
-1 -1 -1 -1 -1 -1 -1 -1 -1 -1 -1 -1 -1 -1 -1 -1 -1 -1 -1 -1 -1 -1 -1 -1 -1 -1 -1 -1 -1 -1 -1 -1 -1 -1 -1 -1 -1 -1 -1 -1 -1 -1 -1 -1 -1 -1 -1 -1 -1 -1 -1 -1 -1 -1 -1 -1 -1 -1 -1 -1 -1 -1 -1 -1 -1 -1 -1 -1 -1 -1 -1 -1 -1 -1 -1 -1
-1 -1 -1 -1 -1 -1 -1 -1 -1 -1 -1 -1 -1 -1 -1 -1 -1 -1 -1 -1 -1 -1 -1 -1 -1 -1 -1 -1 -1 -1 -1 -1 -1 -1 -1 -1 -1 -1 -1 -1 -1 -1 -1 -1 -1 -1 -1 -1 -1 -1 -1 -1 -1 -1 -1 -1 -1 -1 -1 -1 -1 -1 -1 -1 -1 -1 -1 -1 -1 -1 -1 -1 -1 -1 -1 -1
-1 -1 -1 -1 -1 -1 -1 -1 -1 -1 -1 -1 -1 -1 -1 -1 -1 -1 -1 -1 -1 -1 -1 -1 -1 -1 -1 -1 -1 -1 -1 -1 -1 -1 -1 -1 -1 -1 -1 -1 -1 -1 -1 -1 -1 -1 -1 -1 -1 -1 -1 -1 -1 -1 -1 -1 -1 -1 -1 -1 -1 -1 -1 -1 -1 -1 -1 -1 -1 -1 -1 -1 -1 -1 -1 -1
-1 -1 -1 -1 -1 -1 -1 -1 -1 -1 -1 -1 -1 -1 -1 -1 -1 -1 -1 -1 -1 -1 -1 -1 -1 -1 -1 -1 -1 -1 -1 -1 -1 -1 -1 -1 -1 -1 -1 -1 -1 -1 -1 -1 -1 -1 -1 -1 -1 -1 -1 -1 -1 -1 -1 -1 -1 -1 -1 -1 -1 -1 -1 -1 -1 -1 -1 -1 -1 -1 -1 -1 -1 -1 -1 -1
-1 -1 -1 -1 -1 -1 -1 -1 -1 -1 -1 -1 -1 -1 -1 -1 -1 -1 -1 -1 -1 -1 -1 -1 -1 -1 -1 -1 -1 -1 -1 -1 -1 -1 -1 -1 -1 -1 -1 -1 -1 -1 -1 -1 -1 -1 -1 -1 -1 -1 -1 -1 -1 -1 -1 -1 -1 -1 -1 -1 -1 -1 -1 -1 -1 -1 -1 -1 -1 -1 -1 -1 -1 -1 -1 -1
-1 -1 -1 -1 -1 -1 -1 -1 -1 -1 -1 -1 -1 -1 -1 -1 -1 -1 -1 -1 -1 -1 -1 -1 -1 -1 -1 -1 -1 -1 -1 -1 -1 -1 -1 -1 -1 -1 -1 -1 -1 -1 -1 -1 -1 -1 -1 -1 -1 -1 -1 -1 -1 -1 -1 -1 -1 -1 -1 -1 -1 -1 -1 -1 -1 -1 -1 -1 -1 -1 -1 -1 -1 -1 -1 -1
-1 -1 -1 -1 -1 -1 -1 -1 -1 -1 -1 -1 -1 -1 -1 -1 -1 -1 -1 -1 -1 -1 -1 -1 -1 -1 -1 -1 -1 -1 -1 -1 -1 -1 -1 -1 -1 -1 -1 -1 -1 -1 -1 -1 -1 -1 -1 -1 -1 -1 -1 -1 -1 -1 -1 -1 -1 -1 -1 -1 -1 -1 -1 -1 -1 -1 -1 -1 -1 -1 -1 -1 -1 -1 -1 -1
-1 -1 -1 -1 -1 -1 -1 -1 -1 -1 -1 -1 -1 -1 -1 -1 -1 -1 -1 -1 -1 -1 -1 -1 -1 -1 -1 -1 -1 -1 -1 -1 -1 -1 -1 -1 -1 -1 -1 -1 -1 -1 -1 -1 -1 -1 -1 -1 -1 -1 -1 -1 -1 -1 -1 -1 -1 -1 968.07 5808.42 5808.42 2904.21 5808.42 3872.28 5808.42 5808.42 5808.42 5808.42 5808.42 5808.42 5808.42 5808.42 5808.42 968.07 -1 -1
-1 -1 -1 -1 -1 -1 -1 -1 -1 -1 -1 -1 -1 -1 -1 -1 -1 -1 -1 -1 -1 -1 -1 -1 -1 -1 -1 -1 -1 -1 -1 -1 -1 -1 -1 -1 -1 -1 -1 -1 4170.64 7236.52 9346.68 12437.400000000001 14448.2 13430.400000000001 17526.4 18544.3 12425.0 12375.2 8229.460000000001 21498.3 15379.0 12114.2 16284.900000000001 24352.800000000003 24178.7 33475.700000000004 30509.300000000003 35424.3 36417.200000000004 36417.200000000004 36417.200000000004 36417.200000000004 35436.700000000004 32296.300000000003 34356.8 30161.300000000003 30161.300000000003 31203.9 33326.5 31266.0 36417.200000000004 35387.0 26313.800000000003 29255.300000000003
26365.300000000003 32770.3 25285.300000000003 26365.300000000003 17663.7 5573.4400000000005 -1 -1 -1 -1 -1 -1 -1 -1 -1 -1 -1 -1 -1 -1 -1 -1 -1 -1 -1 -1 -1 -1 -1 -1 -1 -1 -1 -1 -1 -1 10861.4 12214.400000000001 22877.100000000002 21834.4 22740.5 22703.3 21747.600000000002 31566.2 32621.300000000003 32621.300000000003 32621.300000000003 30436.600000000002 23770.800000000003 31491.7 28127.7 23758.4 36891.4 34880.5 33738.5 39100.9 39100.9 39100.9 39100.9 39100.9 39100.9 33750.9 39100.9 39100.9 32733.100000000002 36990.700000000004 39100.9 39100.9 36990.700000000004 39100.9 39100.9 39100.9 39100.9 39100.9 39100.9 39100.9
41781.5 41781.5 41781.5 41781.5 41781.5 40651.9 40651.9 38206.700000000004 27556.7 18470.4 -1 -1 -1 2383.2000000000003 7149.6 10687.2 14224.800000000001 14224.800000000001 18892.0 17725.2 21225.600000000002 26985.2 28152.0 26997.600000000002 15354.400000000001 11668.0 18693.600000000002 16546.0 10687.2 -1 19463.5 35835.9 41781.5 40651.9 30436.0 32670.4 20058.8 15354.400000000001 23137.5 24205.100000000002 21722.7 31106.7 25545.5 31553.2 -1 -1 41781.5 41781.5 41781.5 41781.5 41781.5 40651.9 38367.9 41781.5 41781.5 41781.5 41781.5 41781.5 41781.5 41781.5 41781.5 41781.5 41781.5 41781.5 41781.5 41781.5 41781.5 41781.5 41781.5 41781.5 41781.5 34631.9 27556.7 27556.7 27556.7 27556.7
31849.2 21895.0 21895.0 16979.9 14522.300000000001 8440.390000000001 1204.0 -1 -1 12386.900000000001 34802.200000000004 37235.0 37235.0 40847.0 29750.800000000003 35746.1 40698.4 40661.200000000004 44459.0 44459.0 44459.0 44459.0 44459.0 44459.0 34480.1 22551.600000000002 42038.700000000004 42051.0 37235.0 33585.9 33561.1 32258.0 31004.4 44459.0 44459.0 44459.0 44459.0 44459.0 44459.0 44459.0 37235.0 28695.5 22564.0 42013.9 44459.0 44459.0 44459.0 44459.0 44459.0 44459.0 44459.0 44459.0 44459.0 44459.0 44459.0 44459.0 44459.0 44459.0 44459.0 44459.0 44459.0 44459.0 44459.0 44459.0 44459.0 44459.0 28423.0 29788.0 35956.700000000004 29936.7 32369.5 37235.0 34802.200000000004 42051.0 44459.0 44459.0
27178.9 23232.5 12832.7 -1 12024.5 13327.6 19954.3 16007.900000000001 10696.7 17162.600000000002 44576.5 47133.100000000006 47133.100000000006 47133.100000000006 47133.100000000006 47133.100000000006 47133.100000000006 44576.5 44551.700000000004 47133.100000000006 47133.100000000006 47133.100000000006 47133.100000000006 47133.100000000006 47133.100000000006 47133.100000000006 47133.100000000006 47133.100000000006 47133.100000000006 47133.100000000006 47133.100000000006 47133.100000000006 47133.100000000006 47133.100000000006 47133.100000000006 47133.100000000006 47133.100000000006 47133.100000000006 47133.100000000006 47133.100000000006 47133.100000000006 47133.100000000006 47133.100000000006 47133.100000000006 47133.100000000006 47133.100000000006 47133.100000000006 47133.100000000006 47133.100000000006 47133.100000000006 47133.100000000006 47133.100000000006 47133.100000000006 47133.100000000006 47133.100000000006 47133.100000000006 47133.100000000006 47133.100000000006 47133.100000000006 47133.100000000006 47133.100000000006 47133.100000000006 47133.100000000006 47133.100000000006 47133.100000000006 47133.100000000006 47133.100000000006 47133.100000000006 47133.100000000006 47133.100000000006 47133.100000000006 47133.100000000006 47133.100000000006 47133.100000000006 47133.100000000006 47133.100000000006
19677.0 26612.7 47098.600000000006 49803.700000000004 49803.700000000004 45733.700000000004 48426.4 49803.700000000004 49803.700000000004 49803.700000000004 49803.700000000004 49803.700000000004 49803.700000000004 49803.700000000004 49803.700000000004 49803.700000000004 49803.700000000004 49803.700000000004 49803.700000000004 49803.700000000004 49803.700000000004 49803.700000000004 49803.700000000004 49803.700000000004 49803.700000000004 49803.700000000004 49803.700000000004 49803.700000000004 49803.700000000004 49803.700000000004 49803.700000000004 49803.700000000004 49803.700000000004 49803.700000000004 49803.700000000004 49803.700000000004 49803.700000000004 49803.700000000004 49803.700000000004 49803.700000000004 49803.700000000004 49803.700000000004 49803.700000000004 49803.700000000004 49803.700000000004 49803.700000000004 49803.700000000004 49803.700000000004 49803.700000000004 49803.700000000004 49803.700000000004 49803.700000000004 49803.700000000004 49803.700000000004 49803.700000000004 49803.700000000004 49803.700000000004 49803.700000000004 49803.700000000004 49803.700000000004 49803.700000000004 49803.700000000004 49803.700000000004 49803.700000000004 49803.700000000004 49803.700000000004 49803.700000000004 49803.700000000004 49803.700000000004 49803.700000000004 49803.700000000004 49803.700000000004 49803.700000000004 49803.700000000004 49803.700000000004 49803.700000000004
52470.4 43540.3 48005.4 46578.700000000004 52470.4 52470.4 52470.4 52470.4 52470.4 52470.4 52470.4 52470.4 52470.4 52470.4 52470.4 52470.4 52470.4 52470.4 52470.4 52470.4 52470.4 52470.4 52470.4 52470.4 52470.4 52470.4 52470.4 52470.4 52470.4 52470.4 52470.4 52470.4 52470.4 52470.4 52470.4 52470.4 52470.4 52470.4 52470.4 52470.4 52470.4 52470.4 52470.4 52470.4 52470.4 52470.4 52470.4 52470.4 52470.4 52470.4 52470.4 52470.4 52470.4 52470.4 52470.4 52470.4 52470.4 52470.4 52470.4 52470.4 52470.4 52470.4 52470.4 52470.4 52470.4 52470.4 52470.4 52470.4 52470.4 52470.4 52470.4 52470.4 52470.4 52470.4 52470.4 52470.4
-1 -1 45870.4 55133.100000000006 55133.100000000006 55133.100000000006 55133.100000000006 55133.100000000006 55133.100000000006 55133.100000000006 55133.100000000006 55133.100000000006 55133.100000000006 55133.100000000006 55133.100000000006 55133.100000000006 55133.100000000006 55133.100000000006 55133.100000000006 55133.100000000006 55133.100000000006 55133.100000000006 55133.100000000006 55133.100000000006 55133.100000000006 55133.100000000006 55133.100000000006 55133.100000000006 55133.100000000006 55133.100000000006 55133.100000000006 55133.100000000006 55133.100000000006 55133.100000000006 55133.100000000006 55133.100000000006 55133.100000000006 55133.100000000006 55133.100000000006 55133.100000000006 55133.100000000006 55133.100000000006 55133.100000000006 55133.100000000006 55133.100000000006 55133.100000000006 55133.100000000006 55133.100000000006 55133.100000000006 55133.100000000006 55133.100000000006 55133.100000000006 55133.100000000006 55133.100000000006 55133.100000000006 55133.100000000006 55133.100000000006 55133.100000000006 55133.100000000006 55133.100000000006 55133.100000000006 55133.100000000006 55133.100000000006 55133.100000000006 55133.100000000006 55133.100000000006 55133.100000000006 55133.100000000006 55133.100000000006 55133.100000000006 55133.100000000006 55133.100000000006 55133.100000000006 55133.100000000006 55133.100000000006 55133.100000000006
21158.2 43571.3 57791.600000000006 57791.600000000006 57791.600000000006 57791.600000000006 57791.600000000006 57791.600000000006 57791.600000000006 57791.600000000006 57791.600000000006 57791.600000000006 57791.600000000006 57791.600000000006 57791.600000000006 57791.600000000006 57791.600000000006 57791.600000000006 57791.600000000006 57791.600000000006 57791.600000000006 57791.600000000006 57791.600000000006 57791.600000000006 57791.600000000006 57791.600000000006 57791.600000000006 57791.600000000006 57791.600000000006 57791.600000000006 57791.600000000006 57791.600000000006 57791.600000000006 57791.600000000006 57791.600000000006 57791.600000000006 57791.600000000006 57791.600000000006 57791.600000000006 57791.600000000006 57791.600000000006 57791.600000000006 57791.600000000006 57791.600000000006 57791.600000000006 57791.600000000006 57791.600000000006 57791.600000000006 57791.600000000006 57791.600000000006 57791.600000000006 57791.600000000006 57791.600000000006 57791.600000000006 57791.600000000006 57791.600000000006 57791.600000000006 57791.600000000006 57791.600000000006 57791.600000000006 57791.600000000006 57791.600000000006 57791.600000000006 57791.600000000006 57791.600000000006 57791.600000000006 57791.600000000006 57791.600000000006 57791.600000000006 57791.600000000006 57791.600000000006 57791.600000000006 57791.600000000006 57791.600000000006 57791.600000000006 57791.600000000006
60445.8 60445.8 60445.8 60445.8 60445.8 60445.8 60445.8 60445.8 60445.8 60445.8 60445.8 60445.8 60445.8 60445.8 60445.8 60445.8 60445.8 60445.8 60445.8 60445.8 60445.8 60445.8 60445.8 60445.8 60445.8 60445.8 60445.8 60445.8 60445.8 60445.8 60445.8 60445.8 60445.8 60445.8 60445.8 60445.8 60445.8 60445.8 60445.8 60445.8 60445.8 60445.8 60445.8 60445.8 60445.8 60445.8 60445.8 60445.8 60445.8 60445.8 60445.8 60445.8 60445.8 60445.8 60445.8 60445.8 60445.8 60445.8 60445.8 60445.8 60445.8 60445.8 60445.8 60445.8 60445.8 60445.8 60445.8 60445.8 60445.8 60445.8 60445.8 60445.8 60445.8 60445.8 60445.8 60445.8
63095.4 63095.4 63095.4 63095.4 63095.4 63095.4 63095.4 63095.4 63095.4 63095.4 63095.4 63095.4 63095.4 63095.4 63095.4 63095.4 63095.4 63095.4 63095.4 63095.4 63095.4 63095.4 63095.4 63095.4 63095.4 63095.4 63095.4 63095.4 63095.4 63095.4 63095.4 63095.4 63095.4 63095.4 63095.4 63095.4 63095.4 63095.4 63095.4 63095.4 63095.4 63095.4 63095.4 63095.4 63095.4 63095.4 63095.4 63095.4 63095.4 63095.4 63095.4 63095.4 63095.4 63095.4 63095.4 63095.4 63095.4 63095.4 63095.4 63095.4 63095.4 63095.4 63095.4 63095.4 63095.4 63095.4 63095.4 63095.4 63095.4 63095.4 63095.4 63095.4 63095.4 63095.4 63095.4 63095.4
65740.0 65740.0 65740.0 65740.0 65740.0 65740.0 65740.0 65740.0 65740.0 65740.0 65740.0 65740.0 65740.0 65740.0 65740.0 65740.0 65740.0 65740.0 65740.0 65740.0 65740.0 65740.0 65740.0 65740.0 65740.0 65740.0 65740.0 65740.0 65740.0 65740.0 65740.0 65740.0 65740.0 65740.0 65740.0 65740.0 65740.0 65740.0 65740.0 65740.0 65740.0 65740.0 65740.0 65740.0 65740.0 65740.0 65740.0 65740.0 65740.0 65740.0 65740.0 65740.0 65740.0 65740.0 65740.0 65740.0 65740.0 65740.0 65740.0 65740.0 65740.0 65740.0 65740.0 65740.0 65740.0 65740.0 65740.0 65740.0 65740.0 65740.0 65740.0 65740.0 65740.0 65740.0 65740.0 65740.0
68379.8 68379.8 68379.8 68379.8 68379.8 68379.8 68379.8 68379.8 68379.8 68379.8 68379.8 68379.8 68379.8 68379.8 68379.8 68379.8 68379.8 68379.8 68379.8 68379.8 68379.8 68379.8 68379.8 68379.8 68379.8 68379.8 68379.8 68379.8 68379.8 68379.8 68379.8 68379.8 68379.8 68379.8 68379.8 68379.8 68379.8 68379.8 68379.8 68379.8 68379.8 68379.8 68379.8 68379.8 68379.8 68379.8 68379.8 68379.8 68379.8 68379.8 68379.8 68379.8 68379.8 68379.8 68379.8 68379.8 68379.8 68379.8 68379.8 68379.8 68379.8 68379.8 68379.8 68379.8 68379.8 68379.8 68379.8 68379.8 68379.8 68379.8 68379.8 68379.8 68379.8 68379.8 68379.8 68379.8
71014.3 71014.3 71014.3 71014.3 71014.3 71014.3 71014.3 71014.3 71014.3 71014.3 71014.3 71014.3 71014.3 71014.3 71014.3 71014.3 71014.3 71014.3 71014.3 71014.3 71014.3 71014.3 71014.3 71014.3 71014.3 71014.3 71014.3 71014.3 71014.3 71014.3 71014.3 71014.3 71014.3 71014.3 71014.3 71014.3 71014.3 71014.3 71014.3 71014.3 71014.3 71014.3 71014.3 71014.3 71014.3 71014.3 71014.3 71014.3 71014.3 71014.3 71014.3 71014.3 71014.3 71014.3 71014.3 71014.3 71014.3 71014.3 71014.3 71014.3 71014.3 71014.3 71014.3 71014.3 71014.3 71014.3 71014.3 71014.3 71014.3 71014.3 71014.3 71014.3 71014.3 71014.3 71014.3 71014.3
57132.4 65375.8 48828.200000000004 36517.8 42660.8 24256.0 34466.0 36493.4 50904.200000000004 50867.8 63287.600000000006 71567.40000000001 73643.5 73643.5 73643.5 73643.5 73643.5 73643.5 73643.5 73643.5 73643.5 73643.5 73643.5 73643.5 73643.5 73643.5 73643.5 73643.5 73643.5 73643.5 73643.5 73643.5 73643.5 73643.5 73643.5 73643.5 73643.5 73643.5 73643.5 73643.5 73643.5 73643.5 73643.5 73643.5 73643.5 73643.5 73643.5 73643.5 73643.5 73643.5 73643.5 73643.5 73643.5 73643.5 73643.5 73643.5 73643.5 73643.5 73643.5 73643.5 73643.5 73643.5 73643.5 73643.5 73643.5 73643.5 73643.5 73643.5 73643.5 73643.5 73643.5 73643.5 73643.5 73643.5 73643.5 73643.5
-1 -1 -1 -1 -1 -1 -1 -1 -1 -1 -1 -1 -1 -1 -1 -1 76266.90000000001 76266.90000000001 76266.90000000001 76266.90000000001 76266.90000000001 76266.90000000001 76266.90000000001 76266.90000000001 76266.90000000001 76266.90000000001 76266.90000000001 76266.90000000001 76266.90000000001 76266.90000000001 76266.90000000001 76266.90000000001 76266.90000000001 76266.90000000001 76266.90000000001 76266.90000000001 76266.90000000001 76266.90000000001 76266.90000000001 76266.90000000001 76266.90000000001 76266.90000000001 76266.90000000001 76266.90000000001 76266.90000000001 76266.90000000001 76266.90000000001 76266.90000000001 76266.90000000001 76266.90000000001 76266.90000000001 76266.90000000001 76266.90000000001 76266.90000000001 76266.90000000001 76266.90000000001 76266.90000000001 76266.90000000001 76266.90000000001 76266.90000000001 76266.90000000001 76266.90000000001 76266.90000000001 76266.90000000001 76266.90000000001 76266.90000000001 76266.90000000001 76266.90000000001 76266.90000000001 76266.90000000001 76266.90000000001 76266.90000000001 76266.90000000001 76266.90000000001 76266.90000000001 76266.90000000001
-1 -1 -1 -1 -1 -1 -1 -1 -1 -1 -1 -1 -1 -1 -1 -1 76663.1 78884.6 78884.6 78884.6 78884.6 78884.6 78884.6 78884.6 78884.6 78884.6 78884.6 78884.6 78884.6 78884.6 78884.6 78884.6 78884.6 78884.6 78884.6 78884.6 78884.6 78884.6 78884.6 78884.6 78884.6 78884.6 78884.6 78884.6 78884.6 78884.6 78884.6 78884.6 78884.6 78884.6 78884.6 78884.6 78884.6 78884.6 78884.6 78884.6 78884.6 78884.6 78884.6 78884.6 78884.6 78884.6 78884.6 78884.6 78884.6 78884.6 78884.6 78884.6 78884.6 78884.6 78884.6 78884.6 78884.6 78884.6 78884.6 78884.6
-1 -1 -1 -1 -1 -1 -1 -1 -1 -1 -1 -1 -1 -1 -1 -1 -1 -1 -1 -1 81496.3 81496.3 81496.3 81496.3 81496.3 81496.3 81496.3 81496.3 81496.3 81496.3 81496.3 81496.3 81496.3 81496.3 81496.3 81496.3 81496.3 81496.3 81496.3 81496.3 81496.3 81496.3 81496.3 81496.3 81496.3 81496.3 81496.3 81496.3 81496.3 81496.3 81496.3 81496.3 81496.3 81496.3 81496.3 81496.3 81496.3 81496.3 81496.3 81496.3 81496.3 81496.3 81496.3 81496.3 81496.3 81496.3 81496.3 81496.3 81496.3 81496.3 81496.3 81496.3 81496.3 81496.3 81496.3 81496.3
-1 -1 -1 -1 -1 -1 -1 -1 -1 -1 -1 -1 -1 -1 -1 -1 -1 -1 -1 -1 84101.7 84101.7 84101.7 84101.7 84101.7 84101.7 84101.7 84101.7 84101.7 84101.7 84101.7 84101.7 84101.7 84101.7 84101.7 84101.7 84101.7 84101.7 84101.7 84101.7 84101.7 84101.7 84101.7 84101.7 84101.7 84101.7 84101.7 84101.7 84101.7 84101.7 84101.7 84101.7 84101.7 84101.7 84101.7 84101.7 84101.7 84101.7 84101.7 84101.7 84101.7 84101.7 84101.7 84101.7 84101.7 84101.7 84101.7 84101.7 84101.7 84101.7 84101.7 84101.7 84101.7 84101.7 84101.7 84101.7
-1 -1 -1 -1 -1 -1 -1 -1 -1 -1 -1 -1 -1 -1 -1 -1 -1 -1 -1 -1 62569.100000000006 86700.7 86700.7 86700.7 86700.7 86700.7 86700.7 86700.7 86700.7 86700.7 86700.7 86700.7 86700.7 86700.7 86700.7 86700.7 86700.7 86700.7 86700.7 86700.7 86700.7 86700.7 86700.7 86700.7 86700.7 86700.7 86700.7 86700.7 86700.7 86700.7 86700.7 86700.7 86700.7 86700.7 86700.7 86700.7 86700.7 86700.7 86700.7 86700.7 86700.7 86700.7 86700.7 86700.7 86700.7 86700.7 86700.7 86700.7 86700.7 86700.7 86700.7 86700.7 86700.7 86700.7 86700.7 86700.7
-1 -1 -1 -1 -1 -1 -1 -1 -1 -1 -1 -1 -1 -1 -1 -1 -1 -1 -1 -1 32226.800000000003 56946.600000000006 89293.2 89293.2 89293.2 89293.2 89293.2 89293.2 89293.2 89293.2 89293.2 89293.2 89293.2 89293.2 89293.2 89293.2 89293.2 89293.2 89293.2 89293.2 89293.2 89293.2 89293.2 89293.2 89293.2 89293.2 89293.2 89293.2 89293.2 89293.2 89293.2 89293.2 89293.2 89293.2 89293.2 89293.2 89293.2 89293.2 89293.2 89293.2 89293.2 89293.2 89293.2 89293.2 89293.2 89293.2 89293.2 89293.2 89293.2 89293.2 89293.2 89293.2 89293.2 89293.2 89293.2 89293.2
