critload/trunk/input/1999/a_nat.asc
ncols 720
nrows 360
xllcorner -180
yllcorner -90
cellsize 0.5
NODATA_value -1
[rows 34 to 67 of 360, columns 152 to 227 of 720]
-1 -1 30494.800000000003 84132.8 84300.1 61539.600000000006 53900.9 71580.90000000001 91879.0 91879.0 91879.0 86822.40000000001 66608.1 56255.8 58885.700000000004 10292.4 7650.620000000001 58539.100000000006 71365.7 79040.2 60977.700000000004 45616.700000000004 45616.700000000004 45616.700000000004 22784.4 -1 -1 -1 15444.6 76685.40000000001 91879.0 91879.0 91879.0 91879.0 91879.0 17895.2 17895.2 76745.2 76745.2 76745.2 84312.0 91879.0 91879.0 91879.0 91879.0 84300.1 20477.3 17668.100000000002 30339.4 30339.4 33017.0 53721.5 61396.100000000006 74067.40000000001 66368.90000000001 23119.100000000002 -1 -1 -1 -1 -1 -1 -1 -1 -1 -1 -1 -1 -1 -1 -1 -1 -1 -1 -1 -1
-1 -1 -1 -1 54796.3 65351.200000000004 75918.0 94457.6 94457.6 94457.6 94457.6 94457.6 94457.6 94457.6 83938.5 15647.5 -1 7853.6 78702.8 89210.0 42040.9 -1 -1 -1 -1 -1 -1 -1 70873.0 94457.6 94457.6 94457.6 94457.6 94457.6 94457.6 28844.2 13268.1 70932.6 73455.1 83867.0 94457.6 94457.6 94457.6 94457.6 83962.3 52464.600000000006 26381.300000000003 78810.1 65851.90000000001 42088.5 65732.7 76168.3 78750.40000000001 91839.8 94457.6 94457.6 94457.6 83867.0 83962.3 65708.8 -1 -1 -1 -1 -1 -1 -1 -1 -1 -1 -1 -1 -1 -1 -1 -1
-1 -1 -1 -1 -1 -1 -1 18670.5 72611.3 97029.0 97029.0 83404.2 83404.2 56297.200000000004 40125.6 -1 10840.5 54131.0 78275.3 59580.9 24441.5 -1 -1 -1 -1 -1 -1 -1 61723.3 86141.1 97029.0 97029.0 97029.0 97029.0 97029.0 78310.90000000001 35234.4 50942.3 61699.600000000006 88913.5 97029.0 97029.0 97029.0 97029.0 97029.0 91698.0 97029.0 97029.0 97029.0 86367.0 94363.5 97029.0 97029.0 97029.0 97029.0 97029.0 91698.0 97029.0 72647.0 67434.7 32545.100000000002 8127.38 24477.2 19051.0 -1 -1 -1 -1 -1 -1 -1 -1 -1 -1 -1 -1
-1 -1 -1 -1 -1 -1 -1 -1 -1 46739.700000000004 35673.700000000004 8210.49 -1 -1 -1 38861.1 80423.5 72118.1 99593.20000000001 99593.20000000001 88645.90000000001 50045.5 5592.2 -1 -1 -1 -1 -1 -1 13696.0 46716.0 63457.0 68966.3 88408.8 94024.70000000001 71798.0 77402.0 71999.5 55495.5 94095.8 99593.20000000001 99593.20000000001 99593.20000000001 99593.20000000001 99593.20000000001 99593.20000000001 99593.20000000001 99593.20000000001 99593.20000000001 99593.20000000001 99593.20000000001 99593.20000000001 99593.20000000001 99593.20000000001 99593.20000000001 99593.20000000001 99593.20000000001 96820.8 85837.90000000001 94083.90000000001 85802.3 58339.100000000006 85873.40000000001 99593.20000000001 83172.2 58173.200000000004 19442.4 -1 -1 -1 -1 -1 -1 -1 -1 -1
28564.0 11444.5 -1 -1 -1 -1 -1 -1 -1 -1 -1 -1 -1 -1 25661.5 85077.5 102150.0 102150.0 102150.0 102150.0 102150.0 102150.0 96533.90000000001 54154.600000000006 -1 -1 -1 -1 -1 -1 -1 39464.9 87826.40000000001 102150.0 102150.0 96415.70000000001 102150.0 102150.0 102150.0 102150.0 102150.0 102150.0 102150.0 102150.0 102150.0 102150.0 102150.0 102150.0 102150.0 102150.0 96439.3 102150.0 102150.0 102150.0 102150.0 102150.0 102150.0 102150.0 102150.0 102150.0 102150.0 102150.0 102150.0 99306.3 85172.0 79662.6 76630.0 76712.8 51358.5 54225.5 25767.800000000003 5734.06 -1 -1 -1 -1
104698.0 93183.1 96061.90000000001 67167.5 52667.3 52667.3 29200.7 11562.5 -1 -1 -1 -1 -1 -1 40645.4 101761.0 104698.0 104698.0 104698.0 104698.0 104698.0 104698.0 104698.0 72642.40000000001 55216.3 -1 -1 -1 -1 -1 -1 -1 8671.86 28917.9 46485.4 69634.0 98822.90000000001 84193.1 95885.20000000001 104698.0 104698.0 92982.8 90127.40000000001 87107.3 101761.0 95920.5 57859.5 69516.2 87072.0 101820.0 78600.40000000001 49152.200000000004 81255.40000000001 104698.0 104698.0 104698.0 104698.0 104698.0 104698.0 104698.0 104698.0 104698.0 104698.0 104698.0 104698.0 104698.0 104698.0 98822.90000000001 90103.90000000001 84334.40000000001 52302.0 61339.100000000006 40975.200000000004 -1 -1 -1
92280.20000000001 74289.5 89248.5 65323.600000000006 35476.200000000004 71328.3 29765.2 -1 -1 -1 6016.4400000000005 44900.3 68707.7 18037.600000000002 -1 5910.740000000001 53490.3 77215.6 83196.8 104231.0 107239.0 104266.0 89459.90000000001 56580.700000000004 14994.1 30035.2 23960.100000000002 12032.900000000001 -1 -1 -1 -1 -1 -1 -1 -1 8989.45 68801.7 71774.7 65828.7 50928.5 44982.5 26733.4 20669.9 2949.4900000000002 8848.470000000001 17744.0 41739.5 53725.4 44606.700000000004 15041.1 35981.3 17791.0 26592.4 83243.8 83255.5 107239.0 107239.0 107239.0 107239.0 107239.0 107239.0 107239.0 107239.0 107239.0 107239.0 107239.0 107239.0 92374.1 95300.1 95241.5 71234.40000000001 56486.8 -1 -1 -1
109772.0 100700.0 82557.2 94555.0 39598.9 24335.2 -1 -1 9223.720000000001 36871.5 67270.0 106752.0 109772.0 109772.0 103732.0 61101.4 30304.800000000003 3049.2200000000003 -1 76435.3 76330.0 103685.0 109772.0 109772.0 109772.0 85495.1 36637.4 -1 -1 52029.9 39891.5 -1 -1 -1 -1 -1 -1 72958.8 103615.0 109772.0 106752.0 94660.40000000001 82557.2 61288.700000000004 61218.5 3066.78 -1 -1 -1 6051.6 24206.4 -1 -1 9118.4 27331.800000000003 15158.2 73169.40000000001 106705.0 109772.0 109772.0 109772.0 109772.0 109772.0 109772.0 109772.0 109772.0 109772.0 109772.0 109772.0 109772.0 109772.0 73157.90000000001 73134.5 64086.3 21409.0 -1
18540.9 21642.7 18540.9 -1 24791.300000000003 -1 6227.02 24908.0 -1 15462.400000000001 37222.0 43495.6 99702.0 105999.0 112296.0 90279.8 40487.200000000004 9340.53 12430.7 49605.9 37303.6 109147.0 112296.0 112296.0 112296.0 112296.0 106116.0 50131.0 12500.7 81160.90000000001 112296.0 93731.6 3125.17 -1 -1 -1 -1 72030.5 106104.0 112296.0 112296.0 112296.0 112296.0 93405.0 74805.7 3125.17 -1 -1 -1 24873.0 18669.4 -1 -1 -1 -1 34166.8 52731.100000000006 15462.400000000001 28009.800000000003 93521.6 109147.0 112296.0 112296.0 112296.0 112296.0 112296.0 112296.0 112296.0 112296.0 112296.0 74805.5 59156.4 9305.470000000001 -1 -1 -1
16079.7 -1 -1 -1 -1 -1 -1 -1 -1 6401.68 31973.5 86277.3 92667.40000000001 60833.4 28859.800000000003 9619.95 -1 6436.54 44927.9 95839.1 114811.0 114811.0 114811.0 114811.0 114811.0 114811.0 114811.0 108480.0 95815.90000000001 114811.0 114811.0 73136.7 -1 -1 -1 -1 25641.600000000002 108433.0 114811.0 114811.0 114811.0 114811.0 95629.8 25478.800000000003 -1 -1 -1 -1 -1 9596.710000000001 6378.4400000000005 -1 -1 -1 64074.9 76820.2 67269.90000000001 25664.800000000003 -1 28650.5 54129.200000000004 53908.4 63528.4 114811.0 114811.0 114811.0 114811.0 114811.0 114811.0 114811.0 114811.0 114811.0 98929.40000000001 95827.5 16044.900000000001 6413.3
117319.0 117319.0 107629.0 78478.90000000001 62225.200000000004 36108.0 19726.8 13151.2 19726.8 29555.5 88133.7 88087.3 78177.5 110801.0 25978.0 13012.300000000001 81697.2 117319.0 117319.0 117319.0 117319.0 117319.0 117319.0 117319.0 117319.0 117319.0 117319.0 117319.0 117319.0 117319.0 117319.0 97904.5 13139.6 -1 42173.9 101111.0 117319.0 117319.0 117319.0 117319.0 117319.0 117319.0 117319.0 71972.8 45913.5 9851.83 -1 -1 -1 -1 -1 -1 -1 12954.300000000001 107467.0 117319.0 117319.0 84730.1 -1 12919.5 19379.2 -1 35679.4 110743.0 117319.0 117319.0 117319.0 117319.0 117319.0 117319.0 117319.0 117319.0 117319.0 117319.0 110836.0 94570.3
119817.0 119817.0 119817.0 119817.0 119817.0 119817.0 119817.0 119817.0 119817.0 119817.0 119817.0 119817.0 119817.0 119817.0 86649.6 43376.8 59931.3 99835.5 119817.0 119817.0 119817.0 119817.0 119817.0 119817.0 119817.0 119817.0 119817.0 119817.0 119817.0 119817.0 119817.0 119817.0 109907.0 60208.4 93363.8 119817.0 119817.0 119817.0 116459.0 119817.0 119817.0 119817.0 119817.0 119817.0 119817.0 33155.4 -1 -1 -1 -1 -1 -1 -1 -1 3299.3700000000003 19796.2 19796.2 3299.3700000000003 -1 -1 -1 -1 10071.2 86545.7 119817.0 119817.0 119817.0 119817.0 119817.0 119817.0 119817.0 119817.0 119817.0 119817.0 119817.0 119817.0
122305.0 122305.0 122305.0 122305.0 122305.0 122305.0 122305.0 122305.0 122305.0 122305.0 122305.0 122305.0 122305.0 122305.0 122305.0 91941.90000000001 112176.0 118937.0 122305.0 122305.0 122305.0 122305.0 122305.0 122305.0 122305.0 122305.0 122305.0 122305.0 122305.0 122305.0 122305.0 122305.0 122305.0 122305.0 112027.0 108601.0 112027.0 105324.0 95333.5 88331.6 88239.7 122305.0 98334.1 54081.9 -1 -1 -1 -1 -1 -1 -1 -1 -1 -1 -1 -1 -1 -1 -1 -1 -1 30777.600000000002 115568.0 122305.0 122305.0 122305.0 122305.0 122305.0 122305.0 122305.0 122305.0 122305.0 108612.0 115453.0 118879.0 122305.0
124785.0 124785.0 124785.0 124785.0 124785.0 124785.0 124785.0 124785.0 124785.0 124785.0 124785.0 124785.0 124785.0 124785.0 124785.0 124785.0 124785.0 124785.0 124785.0 124785.0 124785.0 124785.0 124785.0 124785.0 124785.0 124785.0 124785.0 124785.0 124785.0 124785.0 124785.0 124785.0 124785.0 124785.0 104102.0 55735.0 -1 37962.6 62106.100000000006 69233.2 41572.200000000004 27581.0 -1 -1 -1 -1 -1 -1 -1 -1 -1 -1 -1 -1 -1 -1 -1 -1 -1 20935.0 76475.2 124785.0 124785.0 124785.0 124785.0 124785.0 124785.0 124785.0 124785.0 124785.0 124785.0 107379.0 86822.40000000001 45066.9 27558.100000000002 75982.5
127255.0 127255.0 127255.0 127255.0 127255.0 127255.0 127255.0 127255.0 127255.0 127255.0 127255.0 127255.0 127255.0 127255.0 127255.0 127255.0 127255.0 127255.0 127255.0 127255.0 127255.0 127255.0 127255.0 127255.0 127255.0 127255.0 127255.0 127255.0 127255.0 127255.0 127255.0 127255.0 127255.0 127255.0 88149.1 10576.0 85087.8 77892.6 45901.9 28153.4 42384.200000000004 10610.300000000001 -1 -1 -1 -1 -1 -1 -1 -1 -1 -1 -1 -1 -1 -1 -1 -1 -1 10576.0 70480.40000000001 127255.0 127255.0 127255.0 127255.0 127255.0 127255.0 127255.0 127255.0 127255.0 127255.0 106172.0 60155.3 21186.3 -1 -1
129715.0 129715.0 129715.0 129715.0 129715.0 129715.0 129715.0 129715.0 129715.0 129715.0 129715.0 129715.0 129715.0 129715.0 129715.0 129715.0 129715.0 129715.0 129715.0 129715.0 129715.0 129715.0 129715.0 129715.0 129715.0 129715.0 129715.0 129715.0 129715.0 129715.0 129715.0 129715.0 129715.0 97428.6 -1 36077.5 129715.0 126141.0 97462.8 86692.90000000001 43511.200000000004 10883.5 -1 -1 -1 -1 -1 -1 -1 -1 -1 -1 29030.2 111762.0 108267.0 86738.40000000001 83152.3 79532.0 93922.1 126141.0 129715.0 129715.0 129715.0 129715.0 129715.0 129715.0 129715.0 129715.0 129715.0 129715.0 129715.0 129715.0 129715.0 93831.1 14515.1 -1
132166.0 132166.0 132166.0 132166.0 132166.0 132166.0 132166.0 132166.0 132166.0 132166.0 132166.0 132166.0 132166.0 132166.0 132166.0 132166.0 132166.0 132166.0 132166.0 132166.0 132166.0 132166.0 132166.0 132166.0 132166.0 132166.0 132166.0 132166.0 132166.0 132166.0 132166.0 132166.0 117379.0 32854.6 -1 80847.3 132166.0 132166.0 132166.0 132166.0 132166.0 121237.0 81039.90000000001 55357.8 3699.57 -1 -1 -1 -1 -1 -1 47766.200000000004 132166.0 132166.0 132166.0 132166.0 113702.0 132166.0 99130.1 95215.5 132166.0 132166.0 132166.0 132166.0 132166.0 132166.0 132166.0 132166.0 132166.0 132166.0 132166.0 132166.0 132166.0 132166.0 117560.0 95645.70000000001
134606.0 134606.0 134606.0 134606.0 134606.0 134606.0 134606.0 134606.0 134606.0 134606.0 134606.0 134606.0 134606.0 134606.0 134606.0 134606.0 134606.0 134606.0 134606.0 134606.0 134606.0 134606.0 134606.0 134606.0 134606.0 134606.0 134606.0 134606.0 100825.0 130839.0 130839.0 100757.0 11143.9 -1 -1 59667.200000000004 130850.0 134606.0 134606.0 134606.0 127072.0 100746.0 134606.0 134606.0 74725.0 11301.7 3767.2400000000002 -1 -1 -1 -1 -1 48455.5 55798.4 63276.600000000006 55798.4 26009.9 3710.86 22265.2 11155.2 29765.9 44654.5 123316.0 134606.0 134606.0 134606.0 134606.0 134606.0 134606.0 134606.0 134606.0 134606.0 134606.0 134606.0 134606.0 134606.0
137037.0 137037.0 137037.0 137037.0 137037.0 137037.0 137037.0 137037.0 137037.0 137037.0 137037.0 137037.0 137037.0 137037.0 137037.0 137037.0 137037.0 137037.0 137037.0 137037.0 137037.0 137037.0 137037.0 137037.0 137037.0 137037.0 137037.0 106494.0 7556.9800000000005 -1 -1 -1 -1 19072.2 76097.8 91088.3 106404.0 137037.0 137037.0 110205.0 41698.200000000004 7556.9800000000005 -1 60624.4 98735.1 129367.0 106539.0 18982.4 -1 -1 -1 -1 -1 26797.5 7669.240000000001 -1 -1 -1 -1 -1 -1 -1 18937.4 83508.8 79674.2 133202.0 137037.0 137037.0 137037.0 137037.0 91189.20000000001 87287.3 114074.0 137037.0 137037.0 137037.0
139456.0 139456.0 139456.0 139456.0 139456.0 139456.0 139456.0 139456.0 139456.0 139456.0 139456.0 139456.0 139456.0 139456.0 139456.0 139456.0 139456.0 139456.0 139456.0 139456.0 139456.0 139456.0 139456.0 139456.0 139456.0 139456.0 96771.90000000001 -1 -1 -1 -1 -1 -1 -1 -1 -1 50286.600000000006 104374.0 65580.5 -1 -1 -1 -1 -1 -1 -1 3845.82 -1 -1 -1 -1 42438.4 77431.1 15439.2 19240.3 -1 -1 -1 -1 -1 -1 -1 -1 -1 34780.3 119948.0 135554.0 139456.0 139456.0 139456.0 139456.0 77688.1 27245.0 38525.4 88879.1 119959.0
141865.0 141865.0 141865.0 141865.0 141865.0 141865.0 141865.0 141865.0 141865.0 141865.0 141865.0 141865.0 141865.0 141865.0 141865.0 141865.0 141865.0 141865.0 141865.0 141865.0 141865.0 141865.0 137897.0 82637.90000000001 54936.100000000006 35249.3 7825.740000000001 -1 -1 -1 -1 -1 -1 -1 -1 -1 -1 -1 -1 -1 3968.51 71199.8 114464.0 102314.0 3924.01 -1 -1 -1 -1 -1 -1 -1 3968.51 15874.0 -1 -1 -1 -1 -1 19787.0 -1 -1 -1 -1 -1 -1 78747.40000000001 78569.2 70643.3 122056.0 141865.0 141865.0 141865.0 106594.0 39585.0 -1
144264.0 144264.0 144264.0 144264.0 144264.0 144264.0 144264.0 144264.0 144264.0 144264.0 144264.0 144264.0 144264.0 144264.0 144264.0 144264.0 144264.0 144264.0 144264.0 144264.0 144264.0 120087.0 31914.600000000002 -1 -1 -1 -1 -1 -1 -1 -1 -1 -1 -1 -1 -1 -1 -1 -1 -1 43975.4 71843.8 15940.6 -1 -1 -1 -1 48254.0 120386.0 28112.2 -1 36137.9 136304.0 144264.0 144264.0 132325.0 104423.0 92439.90000000001 68418.0 100432.0 128345.0 84414.1 36270.8 -1 -1 -1 -1 -1 -1 11938.800000000001 43853.4 71832.7 91897.1 112006.0 136249.0 76377.3
146651.0 146651.0 146651.0 146651.0 146651.0 146651.0 146651.0 146651.0 146651.0 146651.0 146651.0 146651.0 146651.0 146651.0 146651.0 146651.0 146651.0 146651.0 146651.0 146651.0 113996.0 28399.7 -1 -1 -1 -1 -1 -1 -1 -1 -1 -1 -1 -1 -1 -1 -1 -1 -1 -1 -1 -1 -1 -1 -1 -1 -1 44617.1 93456.70000000001 4046.0600000000004 -1 4046.0600000000004 117976.0 146651.0 146651.0 146651.0 146651.0 146651.0 146651.0 146651.0 146651.0 146651.0 138548.0 89818.5 28653.300000000003 -1 -1 -1 -1 -1 -1 -1 -1 -1 4046.0600000000004 24276.4
149027.0 149027.0 149027.0 149027.0 149027.0 149027.0 149027.0 149027.0 149027.0 149027.0 149027.0 149027.0 149027.0 149027.0 149027.0 149027.0 149027.0 149027.0 149027.0 124102.0 8257.35 -1 -1 -1 -1 -1 -1 -1 -1 -1 -1 -1 -1 -1 -1 -1 -1 -1 -1 -1 -1 -1 -1 -1 -1 -1 -1 -1 -1 -1 -1 -1 95316.0 149027.0 149027.0 149027.0 149027.0 149027.0 149027.0 149027.0 149027.0 149027.0 149027.0 149027.0 95403.8 49939.0 12501.2 12501.2 8334.12 -1 -1 -1 -1 -1 -1 -1
151392.0 151392.0 151392.0 151392.0 151392.0 151392.0 151392.0 151392.0 151392.0 151392.0 151392.0 151392.0 151392.0 151392.0 151392.0 151392.0 151392.0 151392.0 138705.0 29300.800000000003 -1 -1 -1 -1 -1 -1 -1 -1 -1 -1 -1 -1 -1 -1 -1 -1 -1 -1 -1 -1 -1 -1 -1 -1 -1 -1 -1 -1 -1 -1 -1 20933.8 104964.0 151392.0 151392.0 151392.0 151392.0 151392.0 151392.0 151392.0 151392.0 151392.0 151392.0 151392.0 151392.0 151392.0 151392.0 143025.0 92506.40000000001 8377.9 -1 8465.24 4232.62 -1 -1 -1
153745.0 153745.0 153745.0 153745.0 153745.0 153745.0 153745.0 153745.0 153745.0 153745.0 153745.0 153745.0 153745.0 153745.0 153745.0 153745.0 153745.0 153745.0 81105.3 -1 -1 -1 -1 -1 -1 -1 -1 -1 -1 -1 -1 -1 -1 -1 -1 -1 -1 -1 -1 -1 -1 -1 -1 -1 -1 -1 -1 -1 -1 -1 -1 -1 38354.700000000004 145160.0 140852.0 153745.0 153745.0 153745.0 153745.0 153745.0 153745.0 153745.0 153745.0 153745.0 153745.0 153745.0 149447.0 153745.0 89711.90000000001 -1 -1 42544.0 12741.400000000001 -1 -1 -1
156087.0 156087.0 156087.0 156087.0 156087.0 156087.0 156087.0 156087.0 156087.0 156087.0 156087.0 156087.0 156087.0 156087.0 156087.0 156087.0 156087.0 156087.0 56359.3 -1 -1 -1 -1 -1 -1 -1 -1 -1 -1 -1 -1 -1 -1 -1 -1 -1 -1 -1 -1 -1 -1 -1 -1 -1 -1 -1 -1 4341.16 -1 -1 -1 -1 8714.73 112805.0 151735.0 147448.0 156087.0 156087.0 156087.0 156087.0 156087.0 156087.0 156087.0 156087.0 156087.0 156087.0 156087.0 156087.0 125829.0 -1 -1 -1 -1 -1 -1 -1
158416.0 158416.0 158416.0 158416.0 158416.0 158416.0 158416.0 158416.0 158416.0 158416.0 158416.0 158416.0 158416.0 158416.0 158416.0 158416.0 158416.0 158416.0 74802.40000000001 -1 -1 -1 -1 -1 -1 -1 -1 -1 -1 -1 -1 -1 -1 -1 -1 -1 -1 -1 -1 -1 -1 -1 -1 -1 -1 -1 -1 -1 -1 -1 -1 79488.0 132143.0 158416.0 158416.0 158416.0 158416.0 158416.0 158416.0 158416.0 158416.0 158416.0 158416.0 158416.0 158416.0 158416.0 158416.0 158416.0 132089.0 44090.700000000004 -1 -1 -1 -1 -1 -1
160734.0 160734.0 160734.0 160734.0 160734.0 160734.0 160734.0 160734.0 160734.0 160734.0 160734.0 160734.0 160734.0 160734.0 160734.0 160734.0 160734.0 160734.0 142971.0 80656.0 80656.0 58272.9 -1 -1 -1 -1 -1 -1 -1 -1 -1 -1 -1 -1 -1 -1 -1 -1 -1 -1 -1 -1 -1 -1 -1 -1 -1 -1 -1 -1 62432.9 156243.0 160734.0 160734.0 160734.0 160734.0 160734.0 160734.0 160734.0 160734.0 160734.0 160734.0 160734.0 160734.0 160734.0 160734.0 160734.0 142896.0 111712.0 129657.0 129657.0 31366.2 -1 -1 22415.100000000002 98472.6
163039.0 163039.0 163039.0 163039.0 163039.0 163039.0 163039.0 163039.0 163039.0 163039.0 163039.0 163039.0 163039.0 163039.0 163039.0 163039.0 163039.0 163039.0 163039.0 163039.0 163039.0 163039.0 31813.9 -1 -1 -1 -1 -1 -1 -1 -1 -1 -1 -1 -1 -1 -1 -1 -1 -1 -1 -1 -1 -1 -1 -1 -1 -1 -1 -1 -1 4502.25 63138.100000000006 144828.0 163039.0 163039.0 163039.0 163039.0 163039.0 163039.0 163039.0 163039.0 163039.0 163039.0 163039.0 163039.0 163039.0 163039.0 163039.0 163039.0 158484.0 144892.0 99816.20000000001 113451.0 158537.0 163039.0
165332.0 165332.0 165332.0 165332.0 165332.0 165332.0 165332.0 165332.0 165332.0 165332.0 165332.0 165332.0 165332.0 165332.0 165332.0 165332.0 165332.0 165332.0 165332.0 165332.0 165332.0 165332.0 110306.0 -1 -1 -1 -1 -1 -1 -1 -1 -1 -1 -1 -1 -1 -1 -1 -1 -1 -1 -1 -1 -1 -1 -1 -1 -1 -1 -1 -1 -1 -1 13708.800000000001 160713.0 165332.0 165332.0 165332.0 165332.0 165332.0 165332.0 165332.0 165332.0 165332.0 165332.0 165332.0 165332.0 165332.0 165332.0 151602.0 160766.0 165332.0 165332.0 165332.0 165332.0 165332.0
167613.0 167613.0 167613.0 167613.0 167613.0 167613.0 167613.0 167613.0 167613.0 167613.0 166931.7830209747 167613.0 167613.0 167613.0 167613.0 167613.0 167613.0 167613.0 167613.0 167613.0 167613.0 167613.0 162931.0 13952.0 23400.600000000002 70107.1 74768.3 32754.5 -1 -1 -1 -1 -1 -1 -1 -1 -1 -1 -1 -1 -1 -1 -1 -1 -1 -1 -1 -1 -1 -1 -1 -1 -1 -1 74378.8 167613.0 167613.0 167613.0 167613.0 167613.0 167613.0 167613.0 167613.0 167613.0 167613.0 167613.0 167613.0 167613.0 167613.0 167613.0 167613.0 167613.0 167613.0 167613.0 167613.0 167613.0
169880.0 169880.0 169880.0 169880.0 169880.0 169880.0 169880.0 168416.97009086242 169880.0 169079.7269891179 169195.7299578183 169880.0 169880.0 169880.0 169880.0 169646.19899570965 169880.0 169880.0 169880.0 169880.0 169880.0 169880.0 160484.0 165188.0 169880.0 169880.0 169880.0 169880.0 151110.0 127615.0 85201.90000000001 18969.8 -1 -1 -1 -1 -1 -1 -1 -1 -1 -1 -1 -1 -1 -1 -1 -1 14141.0 4745.05 -1 -1 -1 -1 -1 169880.0 169880.0 169880.0 169880.0 169880.0 169880.0 169880.0 169880.0 169880.0 169880.0 169880.0 169880.0 169880.0 169880.0 169880.0 169880.0 169880.0 169880.0 169880.0 169880.0 169880.0
172135.0 172135.0 172135.0 172135.0 172135.0 172135.0 172135.0 172135.0 172135.0 172135.0 172135.0 172135.0 172135.0 172135.0 172135.0 172135.0 172135.0 172135.0 172135.0 172135.0 172135.0 172135.0 172135.0 172135.0 172135.0 172135.0 172135.0 172135.0 172135.0 172135.0 172135.0 172135.0 95786.8 -1 -1 -1 -1 -1 -1 -1 -1 -1 -1 -1 -1 -1 -1 -1 62227.600000000006 114726.0 42997.4 -1 -1 -1 23954.4 172135.0 172135.0 172135.0 172135.0 172135.0 172135.0 172135.0 172135.0 172135.0 172135.0 172135.0 172135.0 172135.0 172135.0 172135.0 172135.0 172135.0 172135.0 172135.0 172135.0 172135.0
