critload/trunk/input/1999/a_nat.asc
ncols 720
nrows 360
xllcorner -180
yllcorner -90
cellsize 0.5
NODATA_value -2
[rows 32 to 63 of 360, columns 72 to 143 of 720]
-2.0 -2.0 -2.0 -2.0 -2.0 -2.0 -2.0 -2.0 -2.0 -2.0 -2.0 -2.0 -2.0 -2.0 -2.0 -2.0 -2.0 -2.0 -2.0 -2.0 -2.0 -2.0 -2.0 -2.0 -2.0 -2.0 -2.0 -2.0 -2.0 -2.0 -2.0 -2.0 -2.0 -2.0 -2.0 -2.0 -2.0 -2.0 -2.0 14342.0 79445.6 86700.7 86700.7 86700.7 86700.7 86700.7 86700.7 86700.7 86700.7 86700.7 86700.7 86700.7 86700.7 86700.7 86700.7 86700.7 69992.5 19447.1 -2.0 -2.0 -2.0 -2.0 -2.0 -2.0 -2.0 -2.0 -2.0 -2.0 -2.0 -2.0 -2.0 -2.0
-2.0 -2.0 -2.0 -2.0 -2.0 -2.0 -2.0 -2.0 -2.0 -2.0 -2.0 -2.0 -2.0 -2.0 -2.0 -2.0 -2.0 -2.0 -2.0 -2.0 -2.0 -2.0 -2.0 -2.0 -2.0 -2.0 -2.0 -2.0 -2.0 -2.0 -2.0 -2.0 -2.0 -2.0 -2.0 -2.0 -2.0 -2.0 -2.0 19819.0 76741.6 89293.2 89293.2 89293.2 89293.2 89293.2 89293.2 89293.2 89293.2 89293.2 89293.2 89293.2 89293.2 84272.6 59253.2 44323.0 36971.7 34809.0 47444.7 59816.6 57342.2 -2 -2.0 -2 -2 -2.0 -2.0 -2.0 -2 -2.0 -2.0 -2.0
-2.0 -2.0 -2.0 -2.0 -2.0 -2.0 -2.0 -2.0 -2.0 -2.0 -2.0 -2.0 -2.0 -2.0 -2.0 -2.0 -2.0 -2.0 -2.0 -2.0 -2.0 -2.0 -2.0 -2.0 -2.0 -2.0 -2.0 -2.0 -2.0 -2.0 -2.0 -2.0 -2.0 -2.0 -2.0 -2.0 -2.0 -2.0 -2.0 56208.0 91879.0 91879.0 91879.0 91879.0 91879.0 91879.0 91879.0 91879.0 91879.0 91879.0 84132.8 60989.7 32981.2 33459.4 64073.8 81789.7 91879.0 91879.0 91879.0 91879.0 40894.8 -2.0 15373.0 84300.1 91879.0 84312.0 48772.6 61539.6 89356.7 84312.0 53900.9 15480.5
-2.0 -2.0 -2.0 -2.0 -2.0 -2.0 -2.0 -2.0 -2.0 -2.0 -2.0 -2.0 -2.0 -2.0 -2.0 -2.0 -2.0 -2.0 -2.0 -2.0 -2.0 -2.0 -2.0 -2.0 -2.0 -2.0 -2.0 -2.0 -2.0 -2.0 -2.0 -2.0 -2.0 -2.0 -2.0 -2.0 -2.0 10590.7 63210.2 94457.6 94457.6 94457.6 94457.6 94457.6 94457.6 94457.6 94457.6 94457.6 91804.0 57485.7 -2.0 13208.5 81344.4 94457.6 94457.6 94457.6 94457.6 94457.6 94457.6 94457.6 94457.6 84081.6 63234.1 68398.2 94457.6 94457.6 94457.6 94457.6 94457.6 94457.6 86508.7 5188.02
-2.0 -2.0 -2.0 -2.0 -2.0 -2.0 -2.0 -2.0 -2.0 -2.0 -2.0 -2.0 -2.0 -2.0 -2.0 -2.0 -2.0 -2.0 -2.0 -2.0 -2.0 -2.0 -2.0 -2.0 -2.0 -2.0 -2.0 -2.0 -2.0 -2.0 -2.0 -2.0 -2.0 -2.0 -2.0 -2.0 -2.0 -2.0 7996.56 42826.8 77989.9 97029.0 97029.0 97029.0 97029.0 97029.0 97029.0 91579.1 -2 -2.0 51108.8 75253.1 83428.0 97029.0 97029.0 97029.0 97029.0 97029.0 97029.0 97029.0 97029.0 97029.0 97029.0 97029.0 97029.0 97029.0 97029.0 97029.0 97029.0 97029.0 97029.0 83701.5
-2.0 -2.0 -2.0 -2.0 -2.0 -2.0 -2.0 -2.0 -2.0 -2.0 -2.0 -2.0 -2.0 -2.0 -2.0 -2.0 -2.0 -2.0 -2.0 -2.0 -2.0 -2.0 -2.0 -2.0 -2.0 -2.0 -2.0 -2.0 -2.0 -2.0 -2.0 -2.0 -2.0 -2.0 -2.0 -2.0 -2.0 -2.0 -2.0 -2.0 2736.83 57841.2 82816.6 60578.0 16444.7 19169.7 21918.4 -2.0 -2.0 -2.0 -2.0 16539.5 38766.1 52746.7 66537.6 63848.2 77674.8 77662.9 99593.2 99593.2 99593.2 99593.2 99593.2 99593.2 99593.2 99593.2 99593.2 99593.2 99593.2 99593.2 99593.2 99593.2
-2.0 -2.0 -2.0 -2.0 -2.0 -2.0 -2.0 -2.0 -2.0 -2.0 -2.0 -2.0 -2.0 -2.0 -2.0 -2.0 -2.0 -2.0 -2.0 -2.0 -2.0 -2.0 -2.0 -2.0 -2.0 -2.0 -2.0 -2.0 -2.0 -2.0 -2.0 -2.0 -2.0 -2.0 -2.0 -2.0 -2.0 -2.0 -2.0 -2.0 -2.0 -2.0 -2.0 -2.0 -2.0 -2.0 -2.0 -2.0 -2.0 -2.0 -2.0 5615.88 45092.6 59286.0 65043.7 85006.6 70671.5 67816.3 67816.3 67816.3 67816.3 62129.4 73526.7 76381.9 102150.0 102150.0 102150.0 102150.0 102150.0 102150.0 102150.0 102150.0
17626.4 17626.4 2937.73 -2.0 -2.0 -2.0 -2.0 -2.0 -2.0 -2.0 -2.0 -2.0 -2.0 -2.0 -2.0 -2.0 -2.0 -2.0 -2.0 -2.0 -2.0 -2.0 -2.0 -2.0 -2.0 -2.0 17626.4 8813.19 26404.3 -2.0 -2 49435.0 81573.5 41010.5 5875.46 -2.0 -2.0 -2.0 2937.73 5875.46 -2.0 -2.0 -2.0 -2.0 -2.0 -2.0 -2.0 -2.0 -2.0 -2.0 -2.0 -2.0 -2.0 -2.0 14688.6 20552.3 26404.3 32256.2 26404.3 38096.3 38096.3 23478.3 17626.4 32150.2 64194.4 81632.4 104698.0 104698.0 104698.0 104698.0 104698.0 104698.0
107239.0 107239.0 101340.0 74735.9 53913.2 30035.2 18049.3 18049.3 18049.3 14994.1 -2.0 -2.0 -2.0 -2.0 -2.0 -2.0 -2.0 -2 -2 53936.7 -2 -2.0 27027.0 44970.7 50787.6 74489.3 74242.6 74489.1 68707.6 56886.2 68754.7 107239.0 107239.0 107239.0 89495.1 27015.3 -2.0 2996.48 86486.9 47838.0 -2.0 17967.2 71774.7 71774.7 65828.7 41997.7 12021.1 -2.0 -2.0 -2.0 -2.0 -2.0 -2.0 -2.0 59377.7 104231.0 107239.0 107239.0 107239.0 107239.0 107239.0 107239.0 107239.0 107239.0 107239.0 107239.0 107239.0 107239.0 107239.0 107239.0 107239.0 107239.0
109772.0 109772.0 109772.0 109772.0 109772.0 109772.0 109772.0 109772.0 109772.0 106752.0 79513.8 49080.1 12313.9 -2.0 -2.0 -2 100712.0 109772.0 109772.0 109772.0 109772.0 88620.5 106717.0 67164.7 79513.8 91605.3 85565.4 109772.0 109772.0 109772.0 109772.0 109772.0 109772.0 109772.0 109772.0 109772.0 94672.1 85577.1 106752.0 82545.5 79525.5 106752.0 109772.0 109772.0 109772.0 109772.0 109772.0 85588.8 73462.2 61288.7 36848.1 12313.9 -2.0 -2.0 -2.0 18143.1 48483.1 57624.9 54569.8 54569.8 66813.5 109772.0 109772.0 109772.0 109772.0 109772.0 109772.0 109772.0 109772.0 109772.0 109772.0 109772.0
112296.0 112296.0 112296.0 112296.0 112296.0 112296.0 112296.0 112296.0 112296.0 112296.0 112296.0 112296.0 112296.0 99935.3 84449.5 84426.2 96740.0 106046.0 112296.0 112296.0 112296.0 112296.0 112296.0 112296.0 112296.0 112296.0 112296.0 112296.0 112296.0 112296.0 112296.0 112296.0 112296.0 112296.0 112296.0 112296.0 112296.0 112296.0 112296.0 112296.0 112296.0 112296.0 112296.0 112296.0 112296.0 112296.0 112296.0 112296.0 112296.0 112296.0 112296.0 112296.0 109206.0 93755.0 81347.7 87504.6 106116.0 84449.5 59564.8 9445.47 6215.34 80869.3 109147.0 109147.0 96553.5 90303.1 74584.0 74584.0 52719.4 37151.9 12360.6 6296.98
114811.0 114811.0 114811.0 114811.0 114811.0 114811.0 114811.0 114811.0 114811.0 114811.0 114811.0 114811.0 114811.0 114811.0 114811.0 114811.0 114811.0 114811.0 114811.0 114811.0 114811.0 114811.0 114811.0 114811.0 114811.0 114811.0 114811.0 114811.0 114811.0 114811.0 114811.0 114811.0 114811.0 114811.0 114811.0 114811.0 114811.0 114811.0 114811.0 114811.0 114811.0 114811.0 114811.0 114811.0 114811.0 114811.0 114811.0 114811.0 114811.0 114811.0 114811.0 114811.0 114811.0 114811.0 114811.0 114811.0 114811.0 89111.9 60286.9 50783.2 -2.0 -2.0 -2.0 -2 -2.0 -2.0 -2.0 -2.0 -2.0 -2.0 15951.9 69953.4
117319.0 117319.0 117319.0 117319.0 117319.0 117319.0 117319.0 117319.0 117319.0 117319.0 117319.0 117319.0 117319.0 117319.0 117319.0 117319.0 117319.0 117319.0 117319.0 117319.0 117319.0 117319.0 117319.0 117319.0 117319.0 117319.0 117319.0 117319.0 117319.0 117319.0 117319.0 117319.0 117319.0 117319.0 117319.0 117319.0 117319.0 117319.0 117319.0 117319.0 117319.0 117319.0 117319.0 117319.0 117319.0 117319.0 117319.0 117319.0 117319.0 117319.0 117319.0 117319.0 117319.0 117319.0 117319.0 117319.0 117319.0 81732.0 68731.3 58972.1 42648.8 39384.2 39384.2 52442.8 58972.1 75237.4 94697.9 104388.0 71972.8 58867.8 16381.1 19587.8
119817.0 119817.0 119817.0 119817.0 119817.0 119817.0 119817.0 119817.0 119817.0 119817.0 119817.0 119817.0 119817.0 119817.0 119817.0 119817.0 119817.0 119817.0 119817.0 119817.0 119817.0 119817.0 119817.0 119817.0 119817.0 119817.0 119817.0 119817.0 119817.0 119817.0 119817.0 119817.0 119817.0 119817.0 119817.0 119817.0 119817.0 119817.0 119817.0 119817.0 119817.0 119817.0 119817.0 119817.0 119817.0 119817.0 119817.0 119817.0 119817.0 119817.0 119817.0 119817.0 119817.0 119817.0 119817.0 119817.0 119817.0 119817.0 119817.0 119817.0 119817.0 119817.0 119817.0 119817.0 119817.0 119817.0 119817.0 119817.0 119817.0 113206.0 113218.0 73336.8
122305.0 122305.0 122305.0 122305.0 122305.0 122305.0 122305.0 122305.0 122305.0 122305.0 122305.0 122305.0 122305.0 122305.0 122305.0 122305.0 122305.0 122305.0 122305.0 122305.0 122305.0 122305.0 122305.0 122305.0 122305.0 122305.0 122305.0 122305.0 122305.0 122305.0 122305.0 122305.0 122305.0 122305.0 122305.0 122305.0 122305.0 122305.0 122305.0 122305.0 122305.0 122305.0 122305.0 122305.0 122305.0 122305.0 122305.0 122305.0 122305.0 122305.0 122305.0 122305.0 122305.0 122305.0 122305.0 122305.0 122305.0 122305.0 122305.0 122305.0 122305.0 122305.0 122305.0 122305.0 122305.0 122305.0 122305.0 122305.0 122305.0 122305.0 122305.0 112188.0
124785.0 124785.0 124785.0 124785.0 124785.0 124785.0 124785.0 124785.0 124785.0 124785.0 124785.0 124785.0 124785.0 124785.0 124785.0 124785.0 124785.0 124785.0 124785.0 124785.0 124785.0 124785.0 124785.0 124785.0 124785.0 124785.0 124785.0 124785.0 124785.0 124785.0 124785.0 124785.0 124785.0 124785.0 124785.0 124785.0 124785.0 124785.0 124785.0 124785.0 124785.0 124785.0 124785.0 124785.0 124785.0 124785.0 -2 124785.0 124785.0 124785.0 124785.0 124785.0 124785.0 124785.0 124785.0 124785.0 124785.0 124785.0 124785.0 124785.0 124785.0 124785.0 124785.0 124785.0 124785.0 124785.0 124785.0 124785.0 124785.0 124785.0 124785.0 124785.0
127255.0 127255.0 127255.0 127255.0 127255.0 127255.0 127255.0 127255.0 127255.0 127255.0 127255.0 127255.0 127255.0 127255.0 127255.0 127255.0 127255.0 127255.0 127255.0 127255.0 127255.0 127255.0 127255.0 127255.0 127255.0 127255.0 127255.0 127255.0 127255.0 127255.0 127255.0 127255.0 127255.0 127255.0 127255.0 127255.0 127255.0 127255.0 127255.0 127255.0 127255.0 127255.0 127255.0 127255.0 127255.0 127255.0 127255.0 127255.0 127255.0 127255.0 127255.0 127255.0 127255.0 127255.0 127255.0 127255.0 127255.0 127255.0 127255.0 127255.0 127255.0 127255.0 127255.0 127255.0 127255.0 127255.0 127255.0 127255.0 127255.0 127255.0 127255.0 127255.0
129715.0 129715.0 129715.0 129715.0 129715.0 129715.0 129715.0 129715.0 129715.0 129715.0 129715.0 129715.0 129715.0 129715.0 129715.0 129715.0 129715.0 129715.0 129715.0 129715.0 129715.0 129715.0 129715.0 129715.0 129715.0 129715.0 129715.0 129715.0 129715.0 129715.0 129715.0 129715.0 129715.0 129715.0 129715.0 129715.0 129715.0 129715.0 129715.0 129715.0 129715.0 129715.0 129715.0 -2 129715.0 129715.0 129715.0 129715.0 129715.0 129715.0 129715.0 129715.0 129715.0 129715.0 129715.0 129715.0 129715.0 129715.0 129715.0 129715.0 129715.0 129715.0 129715.0 129715.0 129715.0 129715.0 129715.0 129715.0 129715.0 129715.0 129715.0 129715.0
132166.0 132166.0 132166.0 132166.0 132166.0 132166.0 132166.0 132166.0 132166.0 132166.0 132166.0 132166.0 132166.0 132166.0 132166.0 132166.0 132166.0 132166.0 132166.0 132166.0 132166.0 132166.0 132166.0 132166.0 132166.0 132166.0 132166.0 132166.0 132166.0 132166.0 132166.0 132166.0 132166.0 132166.0 132166.0 132166.0 132166.0 132166.0 132166.0 132166.0 132166.0 132166.0 132166.0 132166.0 132166.0 132166.0 132166.0 132166.0 132166.0 132166.0 132166.0 132166.0 132166.0 132166.0 132166.0 132166.0 132166.0 132166.0 132166.0 132166.0 132166.0 132166.0 132166.0 132166.0 132166.0 132166.0 132166.0 132166.0 132166.0 132166.0 132166.0 132166.0
134606.0 134606.0 134606.0 134606.0 134606.0 134606.0 134606.0 134606.0 134606.0 134606.0 134606.0 134606.0 134606.0 134606.0 134606.0 134606.0 134606.0 134606.0 134606.0 134606.0 134606.0 134606.0 134606.0 134606.0 134606.0 134606.0 134606.0 134606.0 134606.0 134606.0 134606.0 134606.0 134606.0 134606.0 134606.0 134606.0 134606.0 134606.0 134606.0 134606.0 134606.0 134606.0 134606.0 134606.0 134606.0 134606.0 134606.0 134606.0 134606.0 134606.0 134606.0 134606.0 134606.0 134606.0 134606.0 134606.0 134606.0 134606.0 134606.0 134606.0 134606.0 134606.0 134606.0 134606.0 134606.0 134606.0 134606.0 134606.0 134606.0 134606.0 134606.0 134606.0
137037.0 137037.0 137037.0 137037.0 137037.0 137037.0 137037.0 137037.0 137037.0 137037.0 137037.0 137037.0 137037.0 137037.0 137037.0 137037.0 137037.0 137037.0 137037.0 137037.0 137037.0 137037.0 137037.0 137037.0 137037.0 137037.0 137037.0 137037.0 137037.0 137037.0 137037.0 137037.0 137037.0 137037.0 137037.0 137037.0 137037.0 137037.0 137037.0 137037.0 137037.0 137037.0 137037.0 137037.0 137037.0 137037.0 137037.0 137037.0 137037.0 137037.0 137037.0 137037.0 137037.0 137037.0 137037.0 137037.0 137037.0 137037.0 137037.0 137037.0 137037.0 137037.0 137037.0 137037.0 137037.0 137037.0 137037.0 137037.0 137037.0 137037.0 137037.0 137037.0
139456.0 139456.0 139456.0 139456.0 139456.0 139456.0 139456.0 139456.0 139456.0 139456.0 139456.0 139456.0 139456.0 139456.0 139456.0 139456.0 139456.0 139456.0 139456.0 139456.0 139456.0 139456.0 139456.0 139456.0 139456.0 139456.0 139456.0 139456.0 139456.0 139456.0 139456.0 139456.0 139456.0 139456.0 139456.0 139456.0 139456.0 139456.0 139456.0 139456.0 139456.0 139456.0 139456.0 139456.0 139456.0 139456.0 139456.0 139456.0 139456.0 139456.0 139456.0 139456.0 139456.0 139456.0 139456.0 139456.0 139456.0 139456.0 139456.0 139456.0 139456.0 139456.0 139456.0 139456.0 139456.0 139456.0 139456.0 139456.0 139456.0 139456.0 139456.0 139456.0
141865.0 141865.0 141865.0 141865.0 141865.0 141865.0 141865.0 141865.0 141865.0 141865.0 141865.0 141865.0 141865.0 141865.0 141865.0 141865.0 141865.0 141865.0 141865.0 141865.0 141865.0 141865.0 141865.0 141865.0 141865.0 141865.0 141865.0 141865.0 141865.0 141865.0 141865.0 141865.0 141865.0 141865.0 141865.0 141865.0 141865.0 141865.0 141865.0 141865.0 141865.0 141865.0 141865.0 141865.0 141865.0 141865.0 141865.0 141865.0 141865.0 141865.0 141865.0 141865.0 141865.0 141865.0 141865.0 141865.0 141865.0 141865.0 141865.0 141865.0 141865.0 141865.0 141865.0 141865.0 141865.0 141865.0 141865.0 141865.0 141865.0 141865.0 141865.0 141865.0
144264.0 144264.0 144264.0 144264.0 144264.0 144264.0 144264.0 144264.0 144264.0 144264.0 144264.0 144264.0 144264.0 144264.0 144264.0 144264.0 144264.0 144264.0 144264.0 144264.0 144264.0 144264.0 144264.0 144264.0 144264.0 144264.0 144264.0 144264.0 144264.0 144264.0 144264.0 144264.0 144264.0 144264.0 144264.0 144264.0 144264.0 144264.0 144264.0 144264.0 144264.0 144264.0 144264.0 144264.0 144264.0 144264.0 144264.0 144264.0 144264.0 144264.0 144264.0 144264.0 144264.0 144264.0 144264.0 144264.0 144264.0 144264.0 144264.0 144264.0 144264.0 144264.0 144264.0 144264.0 144264.0 144264.0 144264.0 144264.0 144264.0 144264.0 144264.0 144264.0
146651.0 146651.0 146651.0 146651.0 146651.0 146651.0 146651.0 146651.0 146651.0 146651.0 146651.0 146651.0 146651.0 146651.0 146651.0 146651.0 146651.0 146651.0 146651.0 146651.0 146651.0 146651.0 146651.0 146651.0 146651.0 146651.0 146651.0 146651.0 146651.0 146651.0 146651.0 146651.0 146651.0 146651.0 146651.0 146651.0 146651.0 146651.0 146651.0 146651.0 146651.0 146651.0 146651.0 146651.0 146651.0 146651.0 146651.0 146651.0 146651.0 146651.0 146651.0 146651.0 146651.0 146651.0 146651.0 146651.0 146651.0 146651.0 146651.0 -2 -2 -2 146651.0 146651.0 146651.0 146651.0 146651.0 146651.0 146651.0 146651.0 146651.0 146651.0
149027.0 149027.0 149027.0 149027.0 149027.0 149027.0 149027.0 149027.0 149027.0 149027.0 149027.0 149027.0 149027.0 149027.0 149027.0 149027.0 149027.0 149027.0 149027.0 149027.0 149027.0 149027.0 149027.0 149027.0 149027.0 149027.0 149027.0 149027.0 149027.0 149027.0 149027.0 149027.0 149027.0 149027.0 149027.0 149027.0 149027.0 149027.0 149027.0 149027.0 149027.0 149027.0 149027.0 149027.0 149027.0 149027.0 149027.0 149027.0 149027.0 149027.0 149027.0 149027.0 149027.0 149027.0 149027.0 149027.0 149027.0 -2 -2 -2 149027.0 149027.0 149027.0 149027.0 149027.0 149027.0 149027.0 149027.0 149027.0 149027.0 149027.0 149027.0
151392.0 151392.0 151392.0 151392.0 151392.0 151392.0 151392.0 151392.0 151392.0 151392.0 151392.0 151392.0 151392.0 151392.0 151392.0 151392.0 151392.0 151392.0 151392.0 151392.0 151392.0 151392.0 151392.0 151392.0 151392.0 151392.0 151392.0 151392.0 151392.0 151392.0 151392.0 151392.0 151392.0 151392.0 151392.0 151392.0 151392.0 151392.0 151392.0 151392.0 151392.0 151392.0 151392.0 151392.0 151392.0 151392.0 151392.0 151392.0 151392.0 151392.0 151392.0 151392.0 151392.0 151392.0 151392.0 151392.0 151392.0 151392.0 151392.0 151392.0 151392.0 151392.0 151392.0 151392.0 151392.0 151392.0 151392.0 151392.0 151392.0 151392.0 151392.0 151392.0
153547.081001 145150.0 127958.0 145150.0 153745.0 153745.0 153745.0 153745.0 153745.0 153745.0 153745.0 153745.0 153745.0 153745.0 153745.0 153745.0 153745.0 153745.0 153745.0 153745.0 153745.0 153745.0 153745.0 153745.0 153745.0 153745.0 153745.0 153745.0 153745.0 153745.0 153745.0 153745.0 153745.0 153745.0 153745.0 153745.0 153745.0 153745.0 153745.0 153745.0 153745.0 153745.0 153745.0 153745.0 153745.0 153745.0 153745.0 153745.0 153745.0 153745.0 153745.0 153745.0 153745.0 153745.0 153745.0 153745.0 153745.0 153745.0 153745.0 153745.0 153745.0 153745.0 153745.0 153745.0 153745.0 153745.0 153745.0 153745.0 153745.0 153745.0 153745.0 153745.0
-2.0 -2.0 -2.0 -2.0 8617.4 38843.3 77751.5 86433.8 64955.0 130126.0 156087.0 147405.0 151724.0 156087.0 156087.0 156087.0 156087.0 156087.0 156087.0 156087.0 156087.0 156087.0 156087.0 156087.0 156087.0 156087.0 156087.0 156087.0 156087.0 156087.0 156087.0 156087.0 156087.0 156087.0 156087.0 156087.0 156087.0 156087.0 156087.0 153776.949932 151766.830316 156087.0 156087.0 156087.0 156087.0 156087.0 156087.0 156087.0 156087.0 156087.0 156087.0 156087.0 156087.0 156087.0 156087.0 156087.0 156087.0 156087.0 156087.0 156087.0 156087.0 156087.0 156087.0 156087.0 156087.0 156087.0 156087.0 156087.0 156087.0 156087.0 154801.029944 156087.0
-2.0 -2.0 -2.0 -2.0 -2.0 -2.0 -2.0 -2.0 4373.55 52558.0 96342.3809945 114337.0 149669.0 153989.0 158416.0 158416.0 154011.0 123084.0 158416.0 158416.0 158416.0 158416.0 158416.0 158416.0 158416.0 158416.0 158416.0 158416.0 158416.0 158416.0 158416.0 158416.0 158416.0 158416.0 158416.0 158416.0 158416.0 158416.0 158416.0 158416.0 158416.0 158416.0 154009.780136 158416.0 158416.0 151027.000004 150643.020378 158416.0 158416.0 158416.0 158416.0 158416.0 158416.0 158416.0 158416.0 158416.0 158416.0 158416.0 158416.0 158416.0 158416.0 158416.0 158416.0 158416.0 154009.780136 158416.0 158416.0 158416.0 158315.615001 157202.883058 155098.118072 154596.319929
-2.0 -2.0 -2.0 -2.0 -2.0 -2.0 -2.0 -2.0 -2.0 -2.0 -2.0 4438.07 89029.3 156243.0 129603.0 98097.9 147270.0 102686.0 142800.0 160734.0 160734.0 160734.0 160734.0 160734.0 160734.0 160734.0 160734.0 160734.0 160734.0 160734.0 160734.0 160734.0 160734.0 160734.0 160734.0 160734.0 160734.0 160734.0 160734.0 160734.0 160734.0 156295.66996 156295.670122 147333.589251 151814.619643 160734.0 160734.0 160734.0 160734.0 160734.0 157166.239993 160734.0 160734.0 160734.0 156252.980068 147290.9399 157614.529976 160734.0 160734.0 160734.0 160734.0 160734.0 160734.0 158807.250935 150956.87503 153622.546745 160734.0 157284.003246 160734.0 156295.670072 160734.0 160586.201995
-2.0 -2.0 -2.0 -2.0 -2.0 -2.0 -2.0 -2.0 -2.0 -2.0 -2.0 -2.0 -2.0 13506.8 58625.2 72483.1 81594.2 89336.6429756 94646.2370108 139729.541013 158136.795008 163039.0 163039.0 163039.0 163039.0 163039.0 158504.840149 163039.0 163039.0 163039.0 163039.0 163039.0 163039.0 163039.0 163039.0 163039.0 163039.0 163039.0 163039.0 163039.0 163039.0 158536.700146 163039.0 163039.0 163039.0 163039.0 163039.0 163039.0 163039.0 163039.0 163039.0 163039.0 163039.0 163039.0 145019.230512 122412.060558 149542.730529 163039.0 163039.0 163039.0 163039.0 163039.0 163039.0 163039.0 159233.279933 150992.899741 158515.449897 159465.170158 163039.0 163039.0 163039.0 163039.0
