critload/trunk/input/1999/a_tot.asc
ncols 720
nrows 360
xllcorner -180
yllcorner -90
cellsize 0.5
NODATA_value -1
[rows 195 to 233 of 360, columns 356 to 444 of 720]
-1 -1 -1 -1 -1 -1 -1 -1 -1 -1 -1 -1 -1 -1 -1 -1 -1 -1 -1 -1 -1 -1 -1 -1 -1 -1 -1 -1 -1 -1 307005.0 307005.0 307005.0 307005.0 307005.0 307005.0 307005.0 307005.0 307005.0 307005.0 307005.0 307005.0 307005.0 307005.0 307005.0 307005.0 307005.0 307005.0 307005.0 307005.0 307005.0 307005.0 307005.0 307005.0 307005.0 307005.0 307005.0 307005.0 307005.0 307005.0 307005.0 307005.0 307005.0 307005.0 307005.0 307005.0 307005.0 307005.0 307005.0 307005.0 307005.0 307005.0 307005.0 307005.0 307005.0 307005.0 307005.0 307005.0 307005.0 307005.0 307005.0 307005.0 307005.0 307005.0 -1 -1 -1 -1 -1
-1 -1 -1 -1 -1 -1 -1 -1 -1 -1 -1 -1 -1 -1 -1 -1 -1 -1 -1 -1 -1 -1 -1 -1 -1 -1 -1 -1 -1 -1 306629.0 306629.0 306629.0 306629.0 306629.0 306629.0 306629.0 306629.0 306629.0 306629.0 306629.0 306629.0 306629.0 306629.0 306629.0 306629.0 306629.0 306629.0 306629.0 306629.0 306629.0 306629.0 306629.0 306629.0 306629.0 306629.0 306629.0 306629.0 306629.0 306629.0 306629.0 306629.0 306629.0 306629.0 306629.0 306629.0 306629.0 306629.0 306629.0 306629.0 306629.0 306629.0 306629.0 306629.0 306629.0 306629.0 306629.0 306629.0 306629.0 306629.0 306629.0 306629.0 306629.0 -1 -1 -1 -1 -1 -1
-1 -1 -1 -1 -1 -1 -1 -1 -1 -1 -1 -1 -1 -1 -1 -1 -1 -1 -1 -1 -1 -1 -1 -1 -1 -1 -1 -1 -1 -1 306229.0 306229.0 306229.0 306229.0 306229.0 306229.0 306229.0 306229.0 306229.0 306229.0 306229.0 306229.0 306229.0 306229.0 306229.0 306229.0 306229.0 306229.0 306229.0 306229.0 306229.0 306229.0 306229.0 306229.0 306229.0 306229.0 306229.0 306229.0 306229.0 306229.0 306229.0 306229.0 306229.0 306229.0 306229.0 306229.0 306229.0 306229.0 306229.0 306229.0 306229.0 306229.0 306229.0 306229.0 306229.0 306229.0 306229.0 306229.0 306229.0 306229.0 306229.0 306229.0 306229.0 -1 -1 -1 -1 -1 -1
-1 -1 -1 -1 -1 -1 -1 -1 -1 -1 -1 -1 -1 -1 -1 -1 -1 -1 -1 -1 -1 -1 -1 -1 -1 -1 -1 -1 -1 -1 305806.0 305806.0 305806.0 305806.0 305806.0 305806.0 305806.0 305806.0 305806.0 305806.0 305806.0 305806.0 305806.0 305806.0 305806.0 305806.0 305806.0 305806.0 305806.0 305806.0 305806.0 305806.0 305806.0 305806.0 305806.0 305806.0 305806.0 305806.0 305806.0 305806.0 305806.0 305806.0 305806.0 305806.0 305806.0 305806.0 305806.0 305806.0 305806.0 305806.0 305806.0 305806.0 305806.0 305806.0 305806.0 305806.0 305806.0 305806.0 305806.0 305806.0 305806.0 305806.0 305806.0 305806.0 -1 -1 -1 -1 -1
-1 -1 -1 -1 -1 -1 -1 -1 -1 -1 -1 -1 -1 -1 -1 -1 -1 -1 -1 -1 -1 -1 -1 -1 -1 -1 -1 -1 -1 -1 305360.0 305360.0 305360.0 305360.0 305360.0 305360.0 305360.0 305360.0 305360.0 305360.0 305360.0 305360.0 305360.0 305360.0 305360.0 305360.0 305360.0 305360.0 305360.0 305360.0 305360.0 305360.0 305360.0 305360.0 305360.0 305360.0 305360.0 305360.0 305360.0 305360.0 305360.0 305360.0 305360.0 305360.0 305360.0 305360.0 305360.0 305360.0 305360.0 305360.0 305360.0 305360.0 305360.0 305360.0 305360.0 305360.0 305360.0 305360.0 305360.0 305360.0 305360.0 305360.0 305360.0 305360.0 -1 -1 -1 -1 -1
-1 -1 -1 -1 -1 -1 -1 -1 -1 -1 -1 -1 -1 -1 -1 -1 -1 -1 -1 -1 -1 -1 -1 -1 -1 -1 -1 -1 -1 -1 304890.0 304890.0 304890.0 304890.0 304890.0 304890.0 304890.0 304890.0 304890.0 304890.0 304890.0 304890.0 304890.0 304890.0 304890.0 304890.0 304890.0 304890.0 304890.0 304890.0 304890.0 304890.0 304890.0 304890.0 304890.0 304890.0 304890.0 304890.0 304890.0 304890.0 304890.0 304890.0 304890.0 304890.0 304890.0 304890.0 304890.0 304890.0 304890.0 304890.0 304890.0 304890.0 304890.0 304890.0 304890.0 304890.0 304890.0 304890.0 304890.0 304890.0 304890.0 304890.0 304890.0 304890.0 304890.0 -1 -1 -1 -1
-1 -1 -1 -1 -1 -1 -1 -1 -1 -1 -1 -1 -1 -1 -1 -1 -1 -1 -1 -1 -1 -1 -1 -1 -1 -1 -1 -1 -1 -1 -1 304397.0 304397.0 304397.0 304397.0 304397.0 304397.0 304397.0 304397.0 304397.0 304397.0 304397.0 304397.0 304397.0 304397.0 304397.0 304397.0 304397.0 304397.0 304397.0 304397.0 304397.0 304397.0 304397.0 304397.0 304397.0 304397.0 304397.0 304397.0 304397.0 304397.0 304397.0 304397.0 304397.0 304397.0 304397.0 304397.0 304397.0 304397.0 304397.0 304397.0 304397.0 304397.0 304397.0 304397.0 304397.0 304397.0 304397.0 304397.0 304397.0 304397.0 304397.0 304397.0 304397.0 304397.0 304397.0 -1 -1 -1
-1 -1 -1 -1 -1 -1 -1 -1 -1 -1 -1 -1 -1 -1 -1 -1 -1 -1 -1 -1 -1 -1 -1 -1 -1 -1 -1 -1 -1 -1 -1 303882.0 303882.0 303882.0 303882.0 303882.0 303882.0 303882.0 303882.0 303882.0 303882.0 303882.0 303882.0 303882.0 303882.0 303882.0 303882.0 303882.0 303882.0 303882.0 303882.0 303882.0 303882.0 303882.0 303882.0 303882.0 303882.0 303882.0 303882.0 303882.0 303882.0 303882.0 303882.0 303882.0 303882.0 303882.0 303882.0 303882.0 303882.0 303882.0 303882.0 303882.0 303882.0 303882.0 303882.0 303882.0 303882.0 303882.0 303882.0 303882.0 303882.0 303882.0 303882.0 303882.0 303882.0 303882.0 -1 -1 -1
-1 -1 -1 -1 -1 -1 -1 -1 -1 -1 -1 -1 -1 -1 -1 -1 -1 -1 -1 -1 -1 -1 -1 -1 -1 -1 -1 -1 -1 -1 -1 303343.0 303343.0 303343.0 303343.0 303343.0 303343.0 303343.0 303343.0 303343.0 303343.0 303343.0 303343.0 303343.0 303343.0 303343.0 303343.0 303343.0 303343.0 303343.0 303343.0 303343.0 303343.0 303343.0 303343.0 303343.0 303343.0 303343.0 303343.0 303343.0 303343.0 303343.0 303343.0 303343.0 303343.0 303343.0 303343.0 303343.0 303343.0 303343.0 303343.0 303343.0 303343.0 303343.0 303343.0 303343.0 303343.0 303343.0 303343.0 303343.0 303343.0 303343.0 303343.0 303343.0 303343.0 -1 -1 -1 -1
-1 -1 -1 -1 -1 -1 -1 -1 -1 -1 -1 -1 -1 -1 -1 -1 -1 -1 -1 -1 -1 -1 -1 -1 -1 -1 -1 -1 -1 -1 -1 302780.0 302780.0 302780.0 302780.0 302780.0 302780.0 302780.0 302780.0 302780.0 302780.0 302780.0 302780.0 302780.0 302780.0 302780.0 302780.0 302780.0 302780.0 302780.0 302780.0 302780.0 302780.0 302780.0 302780.0 302780.0 302780.0 302780.0 302780.0 302780.0 302780.0 302780.0 302780.0 302780.0 302780.0 302780.0 302780.0 302780.0 302780.0 302780.0 302780.0 302780.0 302780.0 302780.0 302780.0 302780.0 302780.0 302780.0 302780.0 302780.0 302780.0 302780.0 302780.0 302780.0 302780.0 -1 -1 -1 -1
-1 -1 -1 -1 -1 -1 -1 -1 -1 -1 -1 -1 -1 -1 -1 -1 -1 -1 -1 -1 -1 -1 -1 -1 -1 -1 -1 -1 -1 -1 302195.0 302195.0 302195.0 302195.0 302195.0 302195.0 302195.0 302195.0 302195.0 302195.0 302195.0 302195.0 302195.0 302195.0 302195.0 302195.0 302195.0 302195.0 302195.0 302195.0 302195.0 302195.0 302195.0 302195.0 302195.0 302195.0 302195.0 302195.0 302195.0 302195.0 302195.0 302195.0 302195.0 302195.0 302195.0 302195.0 302195.0 302195.0 302195.0 302195.0 302195.0 302195.0 302195.0 302195.0 302195.0 302195.0 302195.0 302195.0 302195.0 302195.0 302195.0 302195.0 302195.0 302195.0 302195.0 302195.0 -1 -1 -1
-1 -1 -1 -1 -1 -1 -1 -1 -1 -1 -1 -1 -1 -1 -1 -1 -1 -1 -1 -1 -1 -1 -1 -1 -1 -1 -1 -1 -1 301587.0 301587.0 301587.0 301587.0 301587.0 301587.0 301587.0 301587.0 301587.0 301587.0 301587.0 301587.0 301587.0 301587.0 301587.0 301587.0 301587.0 301587.0 301587.0 301587.0 301587.0 301587.0 301587.0 301587.0 301587.0 301587.0 301587.0 301587.0 301587.0 301587.0 301587.0 301587.0 301587.0 301587.0 301587.0 301587.0 301587.0 301587.0 301587.0 301587.0 301587.0 301587.0 301587.0 301587.0 301587.0 301587.0 301587.0 301587.0 301587.0 301587.0 301587.0 301587.0 301587.0 301587.0 301587.0 301587.0 301587.0 -1 -1 -1
-1 -1 -1 -1 -1 -1 -1 -1 -1 -1 -1 -1 -1 -1 -1 -1 -1 -1 -1 -1 -1 -1 -1 -1 -1 -1 -1 -1 -1 300956.0 300956.0 300956.0 300956.0 300956.0 300956.0 300956.0 300956.0 300956.0 300956.0 300956.0 300956.0 300956.0 300956.0 300956.0 300956.0 300956.0 300956.0 300956.0 300956.0 300956.0 300956.0 300956.0 300956.0 300956.0 300956.0 300956.0 300956.0 300956.0 300956.0 300956.0 300956.0 300956.0 300956.0 300956.0 300956.0 300956.0 300956.0 300956.0 300956.0 300956.0 300956.0 300956.0 300956.0 300956.0 300956.0 300956.0 300956.0 300956.0 300956.0 300956.0 300956.0 300956.0 300956.0 300956.0 300956.0 300956.0 -1 -1 -1
-1 -1 -1 -1 -1 -1 -1 -1 -1 -1 -1 -1 -1 -1 -1 -1 -1 -1 -1 -1 -1 -1 -1 -1 -1 -1 -1 -1 300302.0 300302.0 300302.0 300302.0 300302.0 300302.0 300302.0 300302.0 300302.0 300302.0 300302.0 300302.0 300302.0 300302.0 300302.0 300302.0 300302.0 300302.0 300302.0 300302.0 300302.0 300302.0 300302.0 300302.0 300302.0 300302.0 300302.0 300302.0 300302.0 300302.0 300302.0 300302.0 300302.0 300302.0 300302.0 300302.0 300302.0 300302.0 300302.0 300302.0 300302.0 300302.0 300302.0 300302.0 300302.0 300302.0 300302.0 300302.0 300302.0 300302.0 300302.0 300302.0 300302.0 300302.0 300302.0 300302.0 300302.0 300302.0 -1 -1 -1
-1 -1 -1 -1 -1 -1 -1 -1 -1 -1 -1 -1 -1 -1 -1 -1 -1 -1 -1 -1 -1 -1 -1 -1 -1 -1 -1 -1 299625.0 299625.0 299625.0 299625.0 299625.0 299625.0 299625.0 299625.0 299625.0 299625.0 299625.0 299625.0 299625.0 299625.0 299625.0 299625.0 299625.0 299625.0 299625.0 299625.0 299625.0 299625.0 299625.0 299625.0 299625.0 299625.0 299625.0 299625.0 299625.0 299625.0 299625.0 299625.0 299625.0 299625.0 299625.0 299625.0 299625.0 299625.0 299625.0 299625.0 299625.0 299625.0 299625.0 299625.0 299625.0 299625.0 299625.0 299625.0 299625.0 299625.0 299625.0 299625.0 299625.0 299625.0 299625.0 299625.0 299625.0 299625.0 -1 -1 -1
-1 -1 -1 -1 -1 -1 -1 -1 -1 -1 -1 -1 -1 -1 -1 -1 -1 -1 -1 -1 -1 -1 -1 -1 -1 -1 -1 -1 298925.0 298925.0 298925.0 298925.0 298925.0 298925.0 298925.0 298925.0 298925.0 298925.0 298925.0 298925.0 298925.0 298925.0 298925.0 298925.0 298925.0 298925.0 298925.0 298925.0 298925.0 298925.0 298925.0 298925.0 298925.0 298925.0 298925.0 298925.0 298925.0 298925.0 298925.0 298925.0 298925.0 298925.0 298925.0 298925.0 298925.0 298925.0 298925.0 298925.0 298925.0 298925.0 298925.0 298925.0 298925.0 298925.0 298925.0 298925.0 298925.0 298925.0 298925.0 298925.0 298925.0 298925.0 298925.0 298925.0 298925.0 298925.0 -1 -1 -1
-1 -1 -1 -1 -1 -1 -1 -1 -1 -1 -1 -1 -1 -1 -1 -1 -1 -1 -1 -1 -1 -1 -1 -1 -1 -1 -1 298202.0 298202.0 298202.0 298202.0 298202.0 298202.0 298202.0 298202.0 298202.0 298202.0 298202.0 298202.0 298202.0 298202.0 298202.0 298202.0 298202.0 298202.0 298202.0 298202.0 298202.0 298202.0 298202.0 298202.0 298202.0 298202.0 298202.0 298202.0 298202.0 298202.0 298202.0 298202.0 298202.0 298202.0 298202.0 298202.0 298202.0 298202.0 298202.0 298202.0 298202.0 298202.0 298202.0 298202.0 298202.0 298202.0 298202.0 298202.0 298202.0 298202.0 298202.0 298202.0 298202.0 298202.0 298202.0 298202.0 298202.0 298202.0 -1 -1 -1 -1
-1 -1 -1 -1 -1 -1 -1 -1 -1 -1 -1 -1 -1 -1 -1 -1 -1 -1 -1 -1 -1 -1 -1 -1 -1 -1 -1 297457.0 297457.0 297457.0 297457.0 297457.0 297457.0 297457.0 297457.0 297457.0 297457.0 297457.0 297457.0 297457.0 297457.0 297457.0 297457.0 297457.0 297457.0 297457.0 297457.0 297457.0 297457.0 297457.0 297457.0 297457.0 297457.0 297457.0 297457.0 297457.0 297457.0 297457.0 297457.0 297457.0 297457.0 297457.0 297457.0 297457.0 297457.0 297457.0 297457.0 297457.0 297457.0 297457.0 297457.0 297457.0 297457.0 297457.0 297457.0 297457.0 297457.0 297457.0 297457.0 297457.0 297457.0 297457.0 297457.0 297457.0 297457.0 -1 -1 -1 -1
-1 -1 -1 -1 -1 -1 -1 -1 -1 -1 -1 -1 -1 -1 -1 -1 -1 -1 -1 -1 -1 -1 -1 -1 -1 -1 -1 296689.0 296689.0 296689.0 296689.0 296689.0 296689.0 296689.0 296689.0 296689.0 296689.0 296689.0 296689.0 296689.0 296689.0 296689.0 296689.0 296689.0 296689.0 296689.0 296689.0 296689.0 296689.0 296689.0 296689.0 296689.0 296689.0 296689.0 296689.0 296689.0 296689.0 296689.0 296689.0 296689.0 296689.0 296689.0 296689.0 296689.0 296689.0 296689.0 296689.0 296689.0 296689.0 296689.0 296689.0 296689.0 296689.0 296689.0 296689.0 296689.0 296689.0 296689.0 296689.0 296689.0 296689.0 296689.0 296689.0 296689.0 -1 -1 -1 -1 -1
-1 -1 -1 -1 -1 -1 -1 -1 -1 -1 -1 -1 -1 -1 -1 -1 -1 -1 -1 -1 -1 -1 -1 -1 -1 -1 -1 295899.0 295899.0 295899.0 295899.0 295899.0 295899.0 295899.0 295899.0 295899.0 295899.0 295899.0 295899.0 295899.0 295899.0 295899.0 295899.0 295899.0 295899.0 295899.0 295899.0 295899.0 295899.0 295899.0 295899.0 295899.0 295899.0 295899.0 295899.0 295899.0 295899.0 295899.0 295899.0 295899.0 295899.0 295899.0 295899.0 295899.0 295899.0 295899.0 295899.0 295899.0 295899.0 295899.0 295899.0 295899.0 295899.0 295899.0 295899.0 295899.0 295899.0 295899.0 295899.0 295899.0 295899.0 295899.0 -1 -1 -1 -1 -1 -1 -1
-1 -1 -1 -1 -1 -1 -1 -1 -1 -1 -1 -1 -1 -1 -1 -1 -1 -1 -1 -1 -1 -1 -1 -1 -1 -1 -1 295086.0 295086.0 295086.0 295086.0 295086.0 295086.0 295086.0 295086.0 295086.0 295086.0 295086.0 295086.0 295086.0 295086.0 295086.0 295086.0 295086.0 295086.0 295086.0 295086.0 295086.0 295086.0 295086.0 295086.0 295086.0 295086.0 295086.0 295086.0 295086.0 295086.0 295086.0 295086.0 295086.0 295086.0 295086.0 295086.0 295086.0 295086.0 295086.0 295086.0 295086.0 295086.0 295086.0 295086.0 295086.0 295086.0 295086.0 295086.0 295086.0 295086.0 295086.0 295086.0 295086.0 -1 -1 -1 -1 -1 -1 -1 -1 -1
-1 -1 -1 -1 -1 -1 -1 -1 -1 -1 -1 -1 -1 -1 -1 -1 -1 -1 -1 -1 -1 -1 -1 -1 -1 -1 -1 294250.0 294250.0 294250.0 294250.0 294250.0 294250.0 294250.0 294250.0 294250.0 294250.0 294250.0 294250.0 294250.0 294250.0 294250.0 294250.0 294250.0 294250.0 294250.0 294250.0 294250.0 294250.0 294250.0 294250.0 294250.0 294250.0 294250.0 294250.0 294250.0 294250.0 294250.0 294250.0 294250.0 294250.0 294250.0 294250.0 294250.0 294250.0 294250.0 294250.0 294250.0 294250.0 294250.0 294250.0 294250.0 294250.0 294250.0 294250.0 294250.0 294250.0 294250.0 -1 -1 -1 -1 -1 -1 -1 -1 -1 -1 -1
-1 -1 -1 -1 -1 -1 -1 -1 -1 -1 -1 -1 -1 -1 -1 -1 -1 -1 -1 -1 -1 -1 -1 -1 -1 -1 -1 -1 293392.0 293392.0 293392.0 293392.0 293392.0 293392.0 293392.0 293392.0 293392.0 293392.0 293392.0 293392.0 293392.0 293392.0 293392.0 293392.0 293392.0 293392.0 293392.0 293392.0 293392.0 293392.0 293392.0 293392.0 293392.0 293392.0 293392.0 293392.0 293392.0 293392.0 293392.0 293392.0 293392.0 293392.0 293392.0 293392.0 293392.0 293392.0 293392.0 293392.0 293392.0 293392.0 293392.0 293392.0 293392.0 293392.0 293392.0 293392.0 293392.0 -1 -1 -1 -1 -1 -1 -1 -1 -1 -1 -1 -1
-1 -1 -1 -1 -1 -1 -1 -1 -1 -1 -1 -1 -1 -1 -1 -1 -1 -1 -1 -1 -1 -1 -1 -1 -1 -1 -1 -1 -1 292512.0 292512.0 292512.0 292512.0 292512.0 292512.0 292512.0 292512.0 292512.0 292512.0 292512.0 292512.0 292512.0 292512.0 292512.0 292512.0 292512.0 292512.0 292512.0 292512.0 292512.0 292512.0 292512.0 292512.0 292512.0 292512.0 292512.0 292512.0 292512.0 292512.0 292512.0 292512.0 292512.0 292512.0 292512.0 292512.0 292512.0 292512.0 292512.0 292512.0 292512.0 292512.0 292512.0 292512.0 292512.0 292512.0 292512.0 -1 -1 -1 -1 -1 -1 -1 -1 -1 -1 -1 -1 -1
-1 -1 -1 -1 -1 -1 -1 -1 -1 -1 -1 -1 -1 -1 -1 -1 -1 -1 -1 -1 -1 -1 -1 -1 -1 -1 -1 -1 -1 291609.0 291609.0 291609.0 291609.0 291609.0 291609.0 291609.0 291609.0 291609.0 291609.0 291609.0 291609.0 291609.0 291609.0 291609.0 291609.0 291609.0 291609.0 291609.0 291609.0 291609.0 291609.0 291609.0 291609.0 291609.0 291609.0 291609.0 291609.0 291609.0 291609.0 291609.0 291609.0 291609.0 291609.0 291609.0 291609.0 291609.0 291609.0 291609.0 291609.0 291609.0 291609.0 291609.0 291609.0 291609.0 291609.0 -1 -1 -1 -1 -1 -1 -1 -1 -1 -1 -1 -1 -1 -1
-1 -1 -1 -1 -1 -1 -1 -1 -1 -1 -1 -1 -1 -1 -1 -1 -1 -1 -1 -1 -1 -1 -1 -1 -1 -1 -1 -1 -1 -1 290685.0 290685.0 290685.0 290685.0 290685.0 290685.0 290685.0 290685.0 290685.0 290685.0 290685.0 290685.0 290685.0 290685.0 290685.0 290685.0 290685.0 290685.0 290685.0 290685.0 290685.0 290685.0 290685.0 290685.0 290685.0 290685.0 290685.0 290685.0 290685.0 290685.0 290685.0 290685.0 290685.0 290685.0 290685.0 290685.0 290685.0 290685.0 290685.0 290685.0 290685.0 290685.0 290685.0 290685.0 -1 -1 -1 -1 -1 -1 -1 -1 -1 -1 -1 -1 -1 -1 -1
-1 -1 -1 -1 -1 -1 -1 -1 -1 -1 -1 -1 -1 -1 -1 -1 -1 -1 -1 -1 -1 -1 -1 -1 -1 -1 -1 -1 -1 -1 289738.0 289738.0 289738.0 289738.0 289738.0 289738.0 289738.0 289738.0 289738.0 289738.0 289738.0 289738.0 289738.0 289738.0 289738.0 289738.0 289738.0 289738.0 289738.0 289738.0 289738.0 289738.0 289738.0 289738.0 289738.0 289738.0 289738.0 289738.0 289738.0 289738.0 289738.0 289738.0 289738.0 289738.0 289738.0 289738.0 289738.0 289738.0 289738.0 289738.0 289738.0 289738.0 289738.0 289738.0 289738.0 -1 -1 -1 -1 -1 -1 -1 -1 -1 -1 -1 -1 -1 -1
-1 -1 -1 -1 -1 -1 -1 -1 -1 -1 -1 -1 -1 -1 -1 -1 -1 -1 -1 -1 -1 -1 -1 -1 -1 -1 -1 -1 -1 -1 -1 288769.0 288769.0 288769.0 288769.0 288769.0 288769.0 288769.0 288769.0 288769.0 288769.0 288769.0 288769.0 288769.0 288769.0 288769.0 288769.0 288769.0 288769.0 288769.0 288769.0 288769.0 288769.0 288769.0 288769.0 288769.0 288769.0 288769.0 288769.0 288769.0 288769.0 288769.0 288769.0 288769.0 288769.0 288769.0 288769.0 288769.0 288769.0 288769.0 288769.0 288769.0 288769.0 288769.0 288769.0 -1 -1 -1 -1 -1 -1 -1 -1 -1 -1 -1 -1 -1 -1
-1 -1 -1 -1 -1 -1 -1 -1 -1 -1 -1 -1 -1 -1 -1 -1 -1 -1 -1 -1 -1 -1 -1 -1 -1 -1 -1 -1 -1 -1 -1 287778.0 287778.0 287778.0 287778.0 287778.0 287778.0 287778.0 287778.0 287778.0 287778.0 287778.0 287778.0 287778.0 287778.0 287778.0 287778.0 287778.0 287778.0 287778.0 287778.0 287778.0 287778.0 287778.0 287778.0 287778.0 287778.0 287778.0 287778.0 287778.0 287778.0 287778.0 287778.0 287778.0 287778.0 287778.0 287778.0 287778.0 287778.0 287778.0 287778.0 287778.0 287778.0 287778.0 287778.0 -1 -1 -1 -1 -1 -1 -1 -1 -1 -1 -1 -1 -1 -1
-1 -1 -1 -1 -1 -1 -1 -1 -1 -1 -1 -1 -1 -1 -1 -1 -1 -1 -1 -1 -1 -1 -1 -1 -1 -1 -1 -1 -1 -1 -1 -1 286765.0 286765.0 286765.0 286765.0 286765.0 286765.0 286765.0 286765.0 286765.0 286765.0 286765.0 286765.0 286765.0 286765.0 286765.0 286765.0 286765.0 286765.0 286765.0 286765.0 286765.0 286765.0 286765.0 286765.0 286765.0 286765.0 286765.0 286765.0 286765.0 286765.0 286765.0 286765.0 286765.0 286765.0 286765.0 286765.0 286765.0 286765.0 286765.0 286765.0 286765.0 286765.0 286765.0 286765.0 -1 -1 -1 -1 -1 -1 -1 -1 -1 -1 -1 -1 -1
-1 -1 -1 -1 -1 -1 -1 -1 -1 -1 -1 -1 -1 -1 -1 -1 -1 -1 -1 -1 -1 -1 -1 -1 -1 -1 -1 -1 -1 -1 -1 -1 285730.0 285730.0 285730.0 285730.0 285730.0 285730.0 285730.0 285730.0 285730.0 285730.0 285730.0 285730.0 285730.0 285730.0 285730.0 285730.0 285730.0 285730.0 285730.0 285730.0 285730.0 285730.0 285730.0 285730.0 285730.0 285730.0 285730.0 285730.0 285730.0 285730.0 285730.0 285730.0 285730.0 285730.0 285730.0 285730.0 285730.0 285730.0 285730.0 285730.0 285730.0 285730.0 285730.0 285730.0 -1 -1 -1 -1 -1 -1 -1 -1 -1 -1 -1 -1 -1
-1 -1 -1 -1 -1 -1 -1 -1 -1 -1 -1 -1 -1 -1 -1 -1 -1 -1 -1 -1 -1 -1 -1 -1 -1 -1 -1 -1 -1 -1 -1 -1 -1 284674.0 284674.0 284674.0 284674.0 284674.0 284674.0 284674.0 284674.0 284674.0 284674.0 284674.0 284674.0 284674.0 284674.0 284674.0 284674.0 284674.0 284674.0 284674.0 284674.0 284674.0 284674.0 284674.0 284674.0 284674.0 284674.0 284674.0 284674.0 284674.0 284674.0 284674.0 284674.0 284674.0 284674.0 284674.0 284674.0 284674.0 284674.0 284674.0 284674.0 284674.0 284674.0 284674.0 -1 -1 -1 -1 -1 -1 -1 -1 -1 -1 -1 -1 -1
-1 -1 -1 -1 -1 -1 -1 -1 -1 -1 -1 -1 -1 -1 -1 -1 -1 -1 -1 -1 -1 -1 -1 -1 -1 -1 -1 -1 -1 -1 -1 -1 -1 283596.0 283596.0 283596.0 283596.0 283596.0 283596.0 283596.0 283596.0 283596.0 283596.0 283596.0 283596.0 283596.0 283596.0 283596.0 283596.0 283596.0 283596.0 283596.0 283596.0 283596.0 283596.0 283596.0 283596.0 283596.0 283596.0 283596.0 283596.0 283596.0 283596.0 283596.0 283596.0 283596.0 283596.0 283596.0 283596.0 283596.0 283596.0 283596.0 283596.0 283596.0 283596.0 283596.0 -1 -1 -1 -1 -1 -1 -1 -1 -1 -1 -1 -1 -1
-1 -1 -1 -1 -1 -1 -1 -1 -1 -1 -1 -1 -1 -1 -1 -1 -1 -1 -1 -1 -1 -1 -1 -1 -1 -1 -1 -1 -1 -1 -1 -1 -1 282496.0 282496.0 282496.0 282496.0 282496.0 282496.0 282496.0 282496.0 282496.0 282496.0 282496.0 282496.0 282496.0 282496.0 282496.0 282496.0 282496.0 282496.0 282496.0 282496.0 282496.0 282496.0 282496.0 282496.0 282496.0 282496.0 282496.0 282496.0 282496.0 282496.0 282496.0 282496.0 282496.0 282496.0 282496.0 282496.0 282496.0 282496.0 282496.0 282496.0 282496.0 282496.0 -1 -1 -1 -1 -1 -1 -1 -1 -1 -1 -1 -1 -1 -1
-1 -1 -1 -1 -1 -1 -1 -1 -1 -1 -1 -1 -1 -1 -1 -1 -1 -1 -1 -1 -1 -1 -1 -1 -1 -1 -1 -1 -1 -1 -1 -1 -1 281375.0 281375.0 281375.0 281375.0 281375.0 281375.0 281375.0 281375.0 281375.0 281375.0 281375.0 281375.0 281375.0 281375.0 281375.0 281375.0 281375.0 281375.0 281375.0 281375.0 281375.0 281375.0 281375.0 281375.0 281375.0 281375.0 281375.0 281375.0 281375.0 281375.0 281375.0 281375.0 281375.0 281375.0 281375.0 281375.0 281375.0 281375.0 281375.0 281375.0 281375.0 281375.0 -1 -1 -1 -1 -1 -1 -1 -1 -1 -1 -1 -1 -1 -1
-1 -1 -1 -1 -1 -1 -1 -1 -1 -1 -1 -1 -1 -1 -1 -1 -1 -1 -1 -1 -1 -1 -1 -1 -1 -1 -1 -1 -1 -1 -1 -1 -1 280232.0 280232.0 280232.0 280232.0 280232.0 280232.0 280232.0 280232.0 280232.0 280232.0 280232.0 280232.0 280232.0 280232.0 280232.0 280232.0 280232.0 280232.0 280232.0 280232.0 280232.0 280232.0 280232.0 280232.0 280232.0 280232.0 280232.0 280232.0 280232.0 280232.0 280232.0 280232.0 280232.0 280232.0 280232.0 280232.0 280232.0 280232.0 280232.0 -1 -1 -1 -1 -1 -1 -1 -1 -1 -1 -1 -1 -1 -1 -1 -1 -1
-1 -1 -1 -1 -1 -1 -1 -1 -1 -1 -1 -1 -1 -1 -1 -1 -1 -1 -1 -1 -1 -1 -1 -1 -1 -1 -1 -1 -1 -1 -1 -1 -1 279068.0 279068.0 279068.0 279068.0 279068.0 279068.0 279068.0 279068.0 279068.0 279068.0 279068.0 279068.0 279068.0 279068.0 279068.0 279068.0 279068.0 279068.0 279068.0 279068.0 279068.0 279068.0 279068.0 279068.0 279068.0 279068.0 279068.0 279068.0 279068.0 279068.0 279068.0 279068.0 279068.0 279068.0 279068.0 279068.0 279068.0 -1 -1 -1 -1 -1 -1 -1 -1 -1 -1 -1 -1 -1 -1 -1 -1 -1 -1 -1
-1 -1 -1 -1 -1 -1 -1 -1 -1 -1 -1 -1 -1 -1 -1 -1 -1 -1 -1 -1 -1 -1 -1 -1 -1 -1 -1 -1 -1 -1 -1 -1 -1 -1 277883.0 277883.0 277883.0 277883.0 277883.0 277883.0 277883.0 277883.0 277883.0 277883.0 277883.0 277883.0 277883.0 277883.0 277883.0 277883.0 277883.0 277883.0 277883.0 277883.0 277883.0 277883.0 277883.0 277883.0 277883.0 277883.0 277883.0 277883.0 277883.0 277883.0 277883.0 277883.0 277883.0 277883.0 277883.0 277883.0 -1 -1 -1 -1 -1 -1 -1 -1 -1 -1 -1 -1 -1 -1 -1 -1 -1 -1 -1
-1 -1 -1 -1 -1 -1 -1 -1 -1 -1 -1 -1 -1 -1 -1 -1 -1 -1 -1 -1 -1 -1 -1 -1 -1 -1 -1 -1 -1 -1 -1 -1 -1 -1 276676.0 276676.0 276676.0 276676.0 276676.0 276676.0 276676.0 276676.0 276676.0 276676.0 276676.0 276676.0 276676.0 276676.0 276676.0 276676.0 276676.0 276676.0 276676.0 276676.0 276676.0 276676.0 276676.0 276676.0 276676.0 276676.0 276676.0 276676.0 276676.0 276676.0 276676.0 276676.0 276676.0 276676.0 276676.0 276676.0 -1 -1 -1 -1 -1 -1 -1 -1 -1 -1 -1 -1 -1 -1 -1 -1 -1 -1 -1
