critload/trunk/input/1999/fgw_rec_ag.asc
ncols 720
nrows 360
xllcorner -180
yllcorner -90
cellsize 0.5
NODATA_value -9999
[rows 27 to 53 of 360, columns 496 to 557 of 720]
0.0583915744699 0.0737301217289 -9999.0 -9999.0 -9999.0 -9999.0 -9999.0 -9999.0 -9999.0 -9999.0 -9999.0 -9999.0 -9999.0 -9999.0 -9999.0 -9999.0 -9999.0 -9999.0 -9999.0 -9999.0 -9999.0 -9999.0 -9999.0 -9999.0 -9999.0 -9999.0 -9999.0 -9999.0 -9999.0 -9999.0 -9999.0 -9999.0 -9999.0 -9999.0 -9999.0 -9999.0 -9999.0 -9999.0 -9999.0 -9999.0 -9999.0 -9999.0 -9999.0 -9999.0 -9999.0 -9999.0 -9999.0 -9999.0 -9999.0 -9999.0 -9999 -9999 -9999 -9999 -9999 -9999 -9999 -9999 -9999 -9999 0.0820182339003 0.0702444944103
-9999.0 -9999.0 -9999.0 -9999.0 -9999.0 -9999.0 -9999.0 -9999.0 -9999.0 -9999.0 -9999.0 -9999.0 -9999.0 -9999.0 -9999.0 -9999.0 -9999.0 -9999.0 -9999.0 -9999.0 -9999.0 -9999.0 -9999.0 -9999.0 -9999.0 -9999.0 -9999.0 -9999 -9999 -9999 -9999.0 -9999.0 -9999.0 -9999.0 -9999.0 -9999.0 -9999.0 -9999.0 -9999.0 -9999.0 -9999.0 -9999.0 -9999.0 -9999 -9999 -9999 -9999 0.0670288282407 0.0802113421635 0.0807727643859 0.0731050315743 0.0749382699371 0.0737726439184 0.0783703878141 0.0560024451076 0.0510725148634 0.0505415189773 0.0463602596484 0.0590660475056 0.0452061621949 0.0798820695809 0.0815057628585
-9999.0 -9999.0 -9999.0 -9999.0 -9999.0 -9999.0 -9999.0 -9999.0 -9999.0 -9999.0 -9999.0 -9999.0 -9999.0 -9999.0 -9999.0 -9999.0 -9999.0 -9999.0 -9999.0 -9999.0 -9999.0 -9999.0 -9999.0 -9999.0 -9999.0 -9999.0 -9999.0 -9999 -9999 -9999.0 -9999.0 -9999.0 -9999.0 -9999.0 -9999.0 -9999.0 -9999.0 -9999.0 -9999 -9999 0.106912200032 0.0951705471426 0.0976962994843 0.0938817524141 0.097987946697 0.0924209935653 0.0965235901227 0.0808717141292 0.101394137727 0.121081352865 0.0845578510308 0.0919600215688 0.0712824547493 0.0681653021779 0.0837773094335 0.0639964392488 0.0844931330105 0.0947620074673 0.0874030400712 0.074745512441 0.069484044629 0.0745159430382
-9999.0 -9999.0 -9999.0 -9999.0 -9999.0 -9999.0 -9999.0 -9999.0 -9999.0 -9999.0 -9999.0 -9999.0 -9999.0 -9999.0 -9999.0 -9999.0 -9999.0 -9999.0 -9999.0 -9999.0 -9999.0 -9999.0 -9999 -9999.0 -9999.0 -9999.0 -9999.0 -9999.0 -9999.0 -9999.0 -9999.0 -9999.0 -9999.0 -9999.0 -9999 0.140162534234 0.132996387687 0.140009501334 0.132068683184 0.123228650453 0.0895288096636 0.0983444129265 0.0917739035908 0.0945270820305 0.116284748968 0.114661658921 0.141787282015 0.0990247761536 0.0982855854201 0.101066759143 0.102289884726 0.0988145652717 0.0903929199375 0.111433102099 0.086133186172 0.10455122542 0.102082595216 0.0991136817322 0.0982242647013 0.096027528247 0.0914698716917 0.087802845448
-9999.0 -9999.0 -9999.0 -9999.0 -9999.0 -9999.0 -9999.0 -9999.0 -9999.0 -9999.0 -9999.0 -9999.0 -9999.0 -9999.0 -9999.0 -9999.0 -9999.0 -9999.0 -9999.0 -9999.0 -9999.0 -9999.0 -9999.0 -9999.0 -9999.0 -9999.0 -9999.0 -9999.0 -9999 -9999 -9999 -9999.0 -9999.0 -9999 -9999 0.146035457373 0.128036305232 0.11361970366 0.135343038068 0.1774497961 0.118161472308 0.151201825763 0.145836616448 0.113273656894 0.118474718507 0.1301923777 0.127670706415 0.130835211437 0.11880343656 0.0952727208705 0.121607336873 0.114583114754 0.107180014259 0.10957948182 0.114100854654 0.0998058346977 0.111025298851 0.102201709759 0.0869937262989 0.0754649447558 0.0875781494136 0.0893357216834
-9999.0 -9999.0 -9999.0 -9999.0 -9999.0 -9999.0 -9999.0 -9999.0 -9999.0 -9999.0 -9999.0 -9999.0 -9999.0 -9999.0 -9999.0 -9999.0 -9999.0 -9999.0 -9999.0 -9999.0 -9999.0 -9999.0 -9999.0 -9999.0 -9999.0 -9999 -9999 -9999 -9999 -9999 -9999 -9999 -9999 -9999 0.146011481414 0.143483274687 0.148991005547 0.152431962657 0.149414805594 0.151742960573 0.118513808301 0.139204850025 0.141937381232 0.119701239281 0.126040419806 0.126852117755 0.12329520379 0.127276499177 0.120599210635 0.120878715426 0.118055563582 0.119332261223 0.111677527515 0.107138029102 0.0948428767616 0.102294546926 0.0994886712231 0.0787573514177 0.0902598041496 0.0970349056653 0.0902269100932 0.0837790350183
-9999.0 -9999.0 -9999.0 0.0825793119174 0.0680393190798 0.0670877531502 0.0581247943551 -9999 -9999.0 -9999.0 -9999.0 -9999.0 -9999 -9999 -9999 -9999 -9999 -9999 -9999.0 -9999.0 -9999.0 -9999.0 -9999 -9999.0 0.148191764287 0.151270068056 0.181078663921 0.116889206662 0.158984773357 0.160124597098 0.176075716181 0.162098491005 0.130726606898 0.161511380861 0.176658413164 0.14252807634 0.147875695824 0.166298465335 0.154120808921 0.156290160144 0.144300356685 0.14429495246 0.134936339371 0.130278030892 0.126404473942 0.121354946787 0.114797977178 0.136509822582 0.0726994263834 0.0715660615059 0.122096380906 0.148363329369 0.153148798841 0.125171664686 0.082875345577 0.117552879371 0.11330559691 0.112586166366 0.108169023151 0.10569259431 0.0953817124671 0.0918962733041
-9999.0 -9999 0.0960355578089 0.0946129334725 0.0949426879939 0.0725666234747 0.085126282131 0.077074664918 0.0932386645085 0.0806628417574 -9999.0 -9999.0 0.0887799986506 0.0935044847447 0.091290774713 -9999.0 -9999.0 -9999.0 -9999.0 -9999 -9999.0 -9999 0.155719316193 -9999 -9999 0.146609642675 0.177365331583 0.164791491626 0.164842195196 0.165601858914 0.161222297434 0.160264340718 0.158496856223 0.201687570588 0.172989643388 0.139148313195 0.136607106281 0.137899847734 0.136907953686 0.130136284052 0.178457950916 0.128147927049 0.168503912323 0.161272713266 0.125815355864 0.138584952043 0.101867437888 0.136981246218 0.0776718430681 0.13098188803 0.149380913427 0.153473115791 0.143534819356 0.109045176843 0.113342830451 0.103722890601 0.103592083908 0.0938538938845 0.122533527866 0.077372999983 0.0817125192715 0.0860146898514
-9999.0 0.0521847407266 0.0667344236896 0.0841725449179 0.0749303169717 0.0899699264539 0.0932576346229 0.0995586797679 0.0956759215743 0.0976321951297 -9999.0 -9999.0 -9999.0 0.0995023763901 0.0978245523224 0.109546664005 -9999.0 -9999 0.127585051774 0.141181745163 0.113298191519 0.123655558567 0.149550536485 0.153579566851 0.144384235067 0.145836238392 0.148351398455 0.148410123924 0.10999456657 0.171619902297 0.171596301425 0.17554220174 0.159669076079 0.181521605671 0.139194706962 0.146994156242 0.140715430855 0.189205881179 0.164032195786 0.184727301208 0.141957121661 0.175669818111 0.147348991224 0.137776945873 0.141274278435 0.177596674528 0.0922879796449 0.114668857428 0.112463908437 0.113877791557 0.121675581549 0.117637324651 0.110356699143 0.0982002651192 0.109163107375 0.105952208978 0.10522143991 0.0745767670285 0.0910036408363 0.11887787637 0.072642401815 0.116847105859
0.0452765160609 0.110287769134 0.0570947411991 0.063121006675 0.0716027053704 0.0749597449009 0.087031478717 0.0765179225105 0.0908913978552 0.0807134141144 -9999 0.0982490873487 0.117380142627 0.0986308251096 0.0996748758083 -9999.0 0.121787361366 0.144801776644 0.1082730251 0.113789050629 0.126277295115 0.168572042476 0.127205809855 0.163229012058 0.164860437525 0.163353231474 0.171389086359 0.152833423617 0.157270649775 0.170136014471 0.158900826352 0.154375435067 0.158590576107 0.159777700549 0.148426411506 0.184824416502 0.167701992334 0.165905473052 0.153907714405 0.152022060853 0.152476028269 0.147017786193 0.144034185285 0.145352509108 0.144840034476 0.156428084611 0.169634762915 0.0958167165252 0.0914639081998 0.124260270743 0.139781790638 0.118802369548 0.115303075435 0.106560446606 0.107704899568 0.0999496180328 0.0708000476653 0.132973864225 0.129439849853 0.0639425659073 0.0877362125364 0.0802475909278
0.11289769779 0.0882131262415 0.0772984641539 0.080038546055 0.0798299367957 0.0985385474139 0.104695729503 0.13488868486 0.0633733398614 -9999 0.100208745691 0.0978772396872 0.10568978921 0.118218785186 0.130905641943 0.123475474942 -9999 0.108935819631 0.131071001957 0.135998093705 0.201054258565 0.154928995611 0.152264074905 0.160185938581 0.160277695847 0.171263329443 0.156707104137 0.168606690682 0.162279287611 0.159692048595 0.161204062532 0.177271826526 0.175988598846 0.191581247455 0.178178469203 0.163607141627 0.166011791017 0.179598128178 0.17082793601 0.170010173245 0.156425290587 0.156713577868 0.159268819474 0.144467491532 0.146406958134 0.141179959596 0.145828988738 0.138021654978 0.122610523836 0.122901194665 0.1169912321 0.123443937614 0.0598286330261 0.12895105762 0.140150607319 0.103915589755 0.125848723589 0.0936537056826 0.0723701157728 0.0746693371285 0.0623875564266 0.0997706636158
0.0972151656668 0.0975894897161 0.0838220609805 0.0917961735212 0.0850483849283 0.0931881560646 0.0939720303906 0.106062476965 0.140388187366 0.105278201675 -9999.0 0.106435812726 0.129616903065 0.135722523407 0.132586237627 0.120573275169 0.1336556435 0.140159635753 0.135105657702 0.163293367009 0.16581255068 0.153522404526 0.170083655612 0.164513536777 0.16044833085 0.164519783596 0.168374470718 0.207383840901 0.207782751096 0.179383066352 0.164534193658 0.169557950675 0.187339356772 0.142154691615 0.18696005603 0.185599163709 0.167238142531 0.150720195439 0.155638095365 0.172456866882 0.168910051378 0.19382473661 0.166585665359 0.14781487898 0.142467287886 0.131502481299 0.143433593724 0.154729476906 0.127946544541 0.136471808975 0.12055727476 0.120713799975 0.154698242163 0.140754210789 0.115120587206 0.0828541026161 0.124394997548 0.0860309981571 0.10608665822 0.0902651094384 0.0626190462777 0.0773191132802
0.133737146581 0.109992028945 0.113182122948 0.113562939723 0.117001168897 0.119095605117 0.110390690275 0.111799438897 0.058424214635 0.109335499111 -9999.0 0.109082810453 0.137366915161 0.139358085597 0.145698811594 0.148015677213 0.162088512228 0.131867043552 0.180671472539 0.175891190425 0.161344193524 0.163426335208 0.145961176763 0.198838565041 0.15722225383 0.159326696141 0.192018813732 0.18255612667 0.181634604997 0.17769559102 0.164169120369 0.211458056575 0.136549914705 0.186842278811 0.189496359757 0.152875168024 0.188477696563 0.23462482543 0.203134601419 0.155054135484 0.17770160908 0.157772729835 0.171507047068 0.159748082466 0.156606718405 0.148394560376 0.162735077537 0.158237625353 0.174394873816 0.120757443833 0.146755551543 0.121421224829 0.12536692449 0.116910504284 0.121737639072 0.0942600119091 0.101110658387 0.0918565430829 0.0870548953121 0.0904303538401 0.078246380212 0.0813226790641
0.112847715178 0.118214620493 0.0821433660436 0.0786497794193 0.144739186034 0.0835855271138 0.116480125641 0.112663533907 0.0982641056517 0.11971791438 -9999.0 0.128162519747 0.114058776893 0.163888058286 0.111108880705 0.113124271317 0.168801261013 0.169621617866 0.171728222587 0.188625284797 0.159824322466 0.165715999808 0.186432571612 0.184316215785 0.186481679305 0.162671573 0.165889669318 0.191653795822 0.187875888913 0.187383458694 0.184053769101 0.18981676314 0.205714442366 0.178313129566 0.189112833502 0.187290841963 0.174099105295 0.168754705437 0.174518930816 0.151222601831 0.173024562771 0.179731933763 0.180045660594 0.16573190906 0.158424367178 0.170835422629 0.174772283395 0.177938911674 0.18469320806 0.176755302668 0.134354610732 0.14544528556 0.14454910273 0.139083030767 0.136261033902 0.127671038559 0.104489769078 0.0964768884329 0.0865438410309 0.104171091205 0.0880772878197 0.0876037353422
0.150440945383 0.103711343088 0.0860047464157 0.12806388592 0.145663311316 0.124737474867 0.0911991252514 0.12956652348 0.133125527516 0.116701759721 -9999.0 0.123501357341 0.108106609928 0.105632593059 0.171784051648 0.163563182523 0.142218451184 0.159735360689 0.174632998449 0.166784331069 0.158832999768 0.165455903309 0.164836287957 0.189100810123 0.190842126103 0.160817740594 0.175881086013 0.191732688968 0.191619328182 0.159886974001 0.163617802805 0.196535425354 0.172782237849 0.152796963009 0.231468177011 0.190429989874 0.219207870533 0.18305131892 0.172491368485 0.183555155094 0.187191231997 0.166939455795 0.132479771189 0.150976787277 0.18407463512 0.189651287386 0.175792631736 0.183293476736 0.188884737909 0.17672692513 0.163667053465 0.166325006429 0.14911137318 0.163180990974 0.147585836227 0.164474995741 0.135351354722 0.131958490551 0.122127864069 0.114735270234 0.10899046397 0.116154291234
-9999.0 0.1050063661 0.0947854299914 0.127156072623 0.0885983940233 0.146208846354 0.120515416847 0.112999974371 0.126545632091 0.1416503241 -9999 -9999.0 -9999 0.148760108043 0.133091452622 0.171823250147 0.147213515221 0.197810648882 0.158021467763 0.168862226907 0.158955823578 0.157927850087 0.163872190122 0.219909576933 0.222994568167 0.194439864559 0.191955749504 0.190460784096 0.218579345556 0.170923367464 0.152778496702 0.186547186413 0.186788929953 0.201441792178 0.262286364077 0.180939649948 0.192272184949 0.206313459948 0.18750352829 0.200573085637 0.187489186397 0.178684611464 0.160784327195 0.148020236822 0.165363002357 0.168079799915 0.162594722627 0.159354041013 0.164535941398 0.139456108798 0.145909427362 0.12421081893 0.127285153792 0.196149859687 0.151820663365 0.173415278006 0.127848575259 0.129516530875 0.116880698306 0.0981801315208 0.117099933132 0.111830056966
0.152792462421 0.170582696835 0.107994749079 0.140760674964 0.0952091932386 0.0976439768221 0.105930468231 0.1344401744 0.113178153758 0.139435245885 0.0946080474582 0.164557169621 0.148868702705 0.136427344915 0.158778149014 0.185364085188 0.181297475394 0.164102137265 0.169799458631 0.142794867213 0.151493946065 0.155820823954 0.154296442662 0.186569277076 0.201224239055 0.16278297289 0.200747477325 0.149672983758 0.213952756527 0.221032653708 0.160057213816 0.180540831046 0.19857607012 0.193095481486 0.215300631075 0.190511476295 0.152555340529 0.166434912135 0.183762369455 0.161218384767 0.158032929523 0.149515623102 0.137549269229 0.15822984474 0.148910920985 0.14930253923 0.15878930675 0.14350395034 0.164749142948 0.1440430222 0.148435913893 0.147500560416 0.136568816681 0.127212513653 0.133589539011 0.137955604875 0.105205707095 0.099457088856 0.0959286040359 0.10284736732 0.134250719888 0.119968062828
0.155940607441 0.159077591383 0.108424653471 0.170065576959 0.162266556567 0.127151790296 0.141825871734 0.118408846937 0.11864398748 0.109725230318 0.139667576817 -9999.0 -9999.0 0.134705574532 0.152454625707 0.153675042225 0.172667613834 0.192185311844 0.183949180686 0.161590327888 0.167835385264 0.172588707407 0.194534428769 0.191411788071 0.202472257799 0.155783410051 0.173490989111 0.188808630996 0.212198517884 0.197654950361 0.144632692488 0.153380146527 0.194167139166 0.151848521439 0.151431920076 0.151077732569 0.149719766338 0.152414729566 0.172628786914 0.155947999665 0.152532988747 0.136772111812 0.176682399206 0.180231953798 0.187080306833 0.188088313158 0.136417133707 0.183951955734 0.142926469588 0.187065890896 0.163213155108 0.128682110141 0.134276904733 0.0891155248746 0.143889114271 0.115094781349 0.117161942726 0.109450958919 0.106729136502 0.0928303814063 0.105670288825 0.0768746847282
0.0985277216566 0.136433241401 0.121843327601 0.153305169594 0.141116017988 0.151907182828 0.1445363134 0.169477761042 0.0983286757942 -9999.0 -9999.0 0.102382499805 0.148690399444 0.161361557492 0.142543535038 0.175243373796 0.195340570337 0.223185608712 0.212864708399 0.155405253588 0.160288609581 0.158855489752 0.16627474398 0.166471438248 0.175690805716 0.158709560707 0.156226923716 0.188737005855 0.184694865323 0.148256354004 0.146136927123 0.150166726556 0.145134604989 0.141273770913 0.143263819077 0.142494818316 0.160408126774 0.152764942867 0.166545761748 0.178657434131 0.170015552725 0.175297751407 0.157683269886 0.169650283808 0.14932188146 0.128863011512 0.156711009507 0.160947873625 0.16933240499 0.10708680588 0.138060768238 0.172650697489 0.115690472037 0.116379650221 0.108028150399 0.076591518194 0.0853434801194 0.0876418986511 0.10459074482 0.11181135957 0.0891455812734 0.129161178588
0.107992699054 0.10752533805 0.11244499311 0.153492317982 0.143952416181 0.133275852246 0.164042518941 0.142892813382 -9999.0 0.132144645786 0.144000828147 0.138313929188 0.193399675825 0.163724775347 0.189498225324 0.18361030328 0.188675397725 0.190992292416 0.195857192028 0.178038802736 0.1624375648 0.173053752364 0.168166109114 0.170759033602 0.15444736982 0.160338012473 0.162683261808 0.158075045744 0.162013547201 0.177873831228 0.160797926001 0.162597964685 0.154473078186 0.151080313062 0.143643770416 0.140892788773 0.159711553652 0.156760050661 0.162220839778 0.159713273603 0.133795387541 0.134319550911 0.132202812722 0.124580071015 0.156188151777 0.11869294715 0.167715938094 0.123235855825 0.147048194799 0.1482206762 0.113118080815 0.101471001287 0.113457699994 0.140316273399 0.132289647466 0.129079260219 0.105087604859 0.141160140767 0.142276550445 0.105586557645 0.111285277376 0.112947133624
0.1126848976 0.114858748292 0.119875710688 0.125284865946 0.108448178609 0.113148328403 0.119712592172 0.123437622573 0.113699820324 0.125495540311 0.133086791239 0.148802169819 0.141376968169 0.146570682063 0.13361198996 0.139898143553 0.147918706519 0.14566373932 0.147011617642 0.15534559436 0.159552023058 0.15635165623 0.167561444289 0.166675054644 0.16008156498 0.164672261326 0.157429831088 0.150985691077 0.159165548881 0.14774634294 0.1505031207 0.147456358603 0.149678132399 0.146587446088 0.145407647831 0.142715872009 0.14459053353 0.154871379856 0.178460460108 0.156875812428 0.140440519362 0.18361007953 0.126592205434 0.12087170391 0.114635090485 0.182272517611 0.178582933314 0.144649709668 0.138565908941 0.137976564699 0.156123157222 0.14677353572 0.106932582303 0.104006889718 0.146775669598 0.11335506586 0.143693815444 0.131159763295 0.0933398588609 0.107054024432 0.106613922354 0.0842917422639
0.162122687839 0.137119350159 0.140348664513 0.145960640609 0.136778228158 0.128143872109 0.126901018491 0.143148996314 0.134020185307 0.143705219975 0.146960262369 0.151580944306 0.142184394741 0.151465194864 0.158737890798 0.152193710145 0.157164591856 0.158486149837 0.155438483068 0.158649905959 0.159432942108 0.157759372736 0.167650108529 0.188432201381 0.168905788278 0.197711319943 0.156499105198 0.152724757313 0.155575174117 0.157780029812 0.151368150585 0.156308328757 0.155370633606 0.147821368322 0.143430455846 0.138459630825 0.136756327787 0.147342336547 0.140361832264 0.139412503263 0.174879808228 0.205057909102 0.149744885159 0.121682308565 0.149741078177 0.129375307683 0.20700086279 0.151308302835 0.132642585629 0.134451992341 0.111305655423 0.121250306908 0.1363558838 0.138995094824 0.138281398125 0.146237850189 0.108599797881 0.101159736107 0.145075731177 0.0940454155399 0.110490150669 0.124594197398
0.115607515415 0.167543727585 0.140670386051 0.156762011615 0.17479313851 0.155927087927 0.154114336637 0.157640788389 0.147289617245 0.159991334325 0.18922423671 0.202176039983 0.208850660447 0.202162179124 0.190214392825 0.164370851778 0.164856265229 0.168761025534 0.188770692267 0.231060177062 0.190240950529 0.184625614356 0.178103931893 0.195959800652 0.190420213147 0.187438332391 0.187270919856 0.15836540259 0.18080091285 0.15385443515 0.151303409176 0.159142255627 0.155929412057 0.149435776778 0.141758901684 0.132323598837 0.128898574424 0.138991859418 0.143996756758 0.145608645643 0.166250019337 0.155088887844 0.137638677708 0.13041878877 0.12881187365 0.154474216073 0.173963216468 0.207801221698 0.172684929347 0.169697994861 0.123189094148 0.12688089472 0.103847422931 0.138962046465 0.14274963806 0.153703883778 0.124287288298 0.130756453037 0.119380275396 0.157953528943 0.155225014369 0.151364577316
0.162944193586 0.174897040396 0.185946645649 0.180150751149 0.188167029368 0.164694697109 0.162853057298 0.184838132345 0.186589904994 0.196358930724 0.194506313933 0.211635765339 0.20315822822 0.214068143756 0.197076446679 0.220015429808 0.173814555045 0.182382916549 0.193962620426 0.186444467858 0.195976594222 0.183137831306 0.182002036007 0.185520178671 0.189366303232 0.182475185717 0.164881056052 0.161150826328 0.161212007671 0.162097576031 0.161690066435 0.157357363427 0.155966859756 0.151353308229 0.142980227461 0.150363467016 0.154881318665 0.170976597181 0.156733494347 0.187234318448 0.169284269201 0.215253108763 0.13151244552 0.133192822211 0.128409356199 0.135471389346 0.212209285925 0.233367107928 0.124297926515 0.14465698129 0.124253832487 0.204879354793 0.199056845194 0.178146095677 0.136133562845 0.167476564939 0.0952861875029 0.101284576084 0.111624764369 0.103918418951 0.110460711768 0.12469345307
0.125492415198 0.17378834012 0.174060113161 0.192285430056 0.189625969883 0.217950636564 0.150411811434 0.152603738838 0.169070313916 0.192788689849 0.198955055862 0.210911048912 0.219073935014 0.174964312568 0.204301665867 0.202852282132 0.201221253104 0.20997130685 0.197228024974 0.202909757807 0.196058769094 0.192153392149 0.173127035372 0.185655820325 0.178286143214 0.171705024171 0.16107295683 0.152535546007 0.150456154803 0.148658512228 0.143081653693 0.142590961806 0.168977468891 0.149830904659 0.143027670807 0.151087370378 0.234826670168 0.176833150651 0.150057011673 0.169805477711 0.173842835506 0.192789909472 0.20956894477 0.134197735316 0.130941270918 0.127173021253 0.124606210043 0.12547128492 0.121601023368 0.112990807085 0.159941590001 0.16281628181 0.165095787029 0.172236636593 0.1725433603 0.190097556351 0.193327834402 0.188875139499 0.15556519242 0.144079103787 0.159370019703 0.144822254317
0.208634018375 0.215599262247 0.197950061032 0.196852380239 0.169683922947 0.159957585453 0.160425199072 0.190533038581 0.189528349016 0.192890264843 0.210161488684 0.217849462799 0.207329299762 0.20383027485 0.191795891219 0.2105982868 0.219823674388 0.199427515893 0.191141648819 0.186149938756 0.211292949849 0.205132144288 0.226818595261 0.213741353961 0.193798165217 0.146655096138 0.145711036279 0.122500645487 0.193403496503 0.139945979448 0.211433592987 0.171704488625 0.11281971063 0.116369801622 0.167231171586 0.0813241198246 0.135286228614 0.177440714969 0.162873643098 0.164420488553 0.169662336413 0.188043760115 0.167746985545 0.179260183439 0.214020997099 0.208813614484 0.199341363492 0.20429560721 0.220845979013 0.198665910078 0.197964785392 0.117885679935 0.116062373922 0.111861517589 0.139794179539 0.190057939056 0.209427350796 0.191914929118 0.161357193295 0.141329615642 0.173014842417 0.166563767325
0.247139176316 0.243050764521 0.222585144244 0.187919940246 0.147727633218 0.206532663093 0.14128351216 0.312383092326 0.195401105298 0.225432430721 0.227445734572 0.246435756974 0.239960679503 0.25281801258 0.242608223893 0.220290820389 0.246700158216 0.215388047233 0.212943088528 0.205718656686 0.215475767701 0.223088334907 0.223349120767 0.170972768071 0.18242763055 0.178146428001 0.181453387902 0.158655836045 0.164551824283 0.0921240162408 0.13483283252 0.0890996172752 0.100558672757 0.145093821411 0.163137075047 0.155130525599 0.0926195044281 0.131768013067 0.141876489261 0.198598810002 0.170105381414 0.167501071691 0.202509121166 0.163196620105 0.165839967537 0.189439730825 0.214356644141 0.190006402781 0.206411775541 0.211547345526 0.21210033795 0.184440650828 0.224989211121 0.183521449844 0.145940168371 0.14004651693 0.176922833426 0.117257697879 0.154850906693 0.152701471677 0.149711901155 0.139824154081
