critload/trunk/input/1999/fgw_rec_ag.asc
ncols 720
nrows 360
xllcorner -180
yllcorner -90
cellsize 0.5
NODATA_value -9999
[rows 0 to 26 of 360, columns 248 to 309 of 720]
-9999.0 -9999.0 -9999.0 -9999.0 -9999.0 -9999.0 -9999.0 -9999.0 -9999.0 -9999.0 -9999.0 -9999.0 -9999.0 -9999.0 -9999.0 -9999.0 -9999.0 -9999.0 -9999.0 -9999.0 -9999.0 -9999.0 -9999.0 -9999.0 -9999.0 -9999.0 -9999.0 -9999.0 -9999.0 -9999.0 -9999.0 -9999.0 -9999.0 -9999.0 -9999.0 -9999.0 -9999.0 -9999.0 -9999.0 -9999.0 -9999.0 -9999.0 -9999.0 -9999.0 -9999.0 -9999.0 -9999.0 -9999.0 -9999.0 -9999.0 -9999.0 -9999.0 -9999.0 -9999.0 -9999.0 -9999.0 -9999.0 -9999.0 -9999.0 -9999.0 -9999.0 -9999.0
-9999.0 -9999.0 -9999.0 -9999.0 -9999.0 -9999.0 -9999.0 -9999.0 -9999.0 -9999.0 -9999.0 -9999.0 -9999.0 -9999.0 -9999.0 -9999.0 -9999.0 -9999.0 -9999.0 -9999.0 -9999.0 -9999.0 -9999.0 -9999.0 -9999.0 -9999.0 -9999.0 -9999.0 -9999.0 -9999.0 -9999.0 -9999.0 -9999.0 -9999.0 -9999.0 -9999.0 -9999.0 -9999.0 -9999.0 -9999.0 -9999.0 -9999.0 -9999.0 -9999.0 -9999.0 -9999.0 -9999.0 -9999.0 -9999.0 -9999.0 -9999.0 -9999.0 -9999.0 -9999.0 -9999.0 -9999.0 -9999.0 -9999.0 -9999.0 -9999.0 -9999.0 -9999.0
-9999.0 -9999.0 -9999.0 -9999.0 -9999.0 -9999.0 -9999.0 -9999.0 -9999.0 -9999.0 -9999.0 -9999.0 -9999.0 -9999.0 -9999.0 -9999.0 -9999.0 -9999.0 -9999.0 -9999.0 -9999.0 -9999.0 -9999.0 -9999.0 -9999.0 -9999.0 -9999.0 -9999.0 -9999.0 -9999.0 -9999.0 -9999.0 -9999.0 -9999.0 -9999.0 -9999.0 -9999.0 -9999.0 -9999.0 -9999.0 -9999.0 -9999.0 -9999.0 -9999.0 -9999.0 -9999.0 -9999.0 -9999.0 -9999.0 -9999.0 -9999.0 -9999.0 -9999.0 -9999.0 -9999.0 -9999.0 -9999.0 -9999.0 -9999.0 -9999.0 -9999.0 -9999.0
-9999.0 -9999.0 -9999.0 -9999.0 -9999.0 -9999.0 -9999.0 -9999.0 -9999.0 -9999.0 -9999.0 -9999.0 -9999.0 -9999.0 -9999.0 -9999.0 -9999.0 -9999.0 -9999.0 -9999.0 -9999.0 -9999.0 -9999.0 -9999.0 -9999.0 -9999.0 -9999.0 -9999.0 -9999.0 -9999.0 -9999.0 -9999.0 -9999.0 -9999.0 -9999.0 -9999.0 -9999.0 -9999.0 -9999.0 -9999.0 -9999.0 -9999.0 -9999.0 -9999.0 -9999.0 -9999.0 -9999.0 -9999.0 -9999.0 -9999.0 -9999.0 -9999.0 -9999.0 -9999.0 -9999.0 -9999.0 -9999.0 -9999.0 -9999.0 -9999.0 -9999.0 -9999.0
-9999.0 -9999.0 -9999.0 -9999.0 -9999.0 -9999.0 -9999.0 -9999.0 -9999.0 -9999.0 -9999.0 -9999.0 -9999.0 -9999.0 -9999.0 -9999.0 -9999.0 -9999.0 -9999.0 -9999.0 -9999.0 -9999.0 -9999.0 -9999.0 -9999.0 -9999.0 -9999.0 -9999.0 -9999.0 -9999.0 -9999.0 -9999.0 -9999.0 -9999.0 -9999.0 -9999.0 -9999.0 -9999.0 -9999.0 -9999.0 -9999.0 -9999.0 -9999.0 -9999.0 -9999.0 -9999.0 -9999.0 -9999.0 -9999.0 -9999.0 -9999.0 -9999.0 -9999.0 -9999.0 -9999.0 -9999.0 -9999.0 -9999.0 -9999.0 -9999.0 -9999.0 -9999.0
-9999.0 -9999.0 -9999.0 -9999.0 -9999.0 -9999.0 -9999.0 -9999.0 -9999.0 -9999.0 -9999.0 -9999.0 -9999.0 -9999.0 -9999.0 -9999.0 -9999.0 -9999.0 -9999.0 -9999.0 -9999.0 -9999.0 -9999.0 -9999.0 -9999.0 -9999.0 -9999.0 -9999.0 -9999.0 -9999.0 -9999.0 -9999.0 -9999.0 -9999.0 -9999.0 -9999.0 -9999.0 -9999.0 -9999.0 -9999.0 -9999.0 -9999.0 -9999.0 -9999.0 -9999.0 -9999.0 -9999.0 -9999.0 -9999.0 -9999.0 -9999.0 -9999.0 -9999.0 -9999.0 -9999.0 -9999.0 -9999.0 -9999.0 -9999.0 -9999.0 -9999.0 -9999.0
-9999.0 -9999.0 -9999.0 -9999.0 -9999.0 -9999.0 -9999.0 -9999.0 -9999.0 -9999.0 -9999.0 -9999.0 -9999.0 -9999.0 -9999.0 -9999.0 -9999.0 -9999.0 -9999.0 -9999.0 -9999.0 -9999.0 -9999.0 -9999.0 -9999.0 -9999.0 -9999.0 -9999.0 -9999.0 -9999.0 -9999.0 -9999.0 -9999.0 -9999.0 -9999.0 -9999.0 -9999.0 -9999.0 -9999.0 -9999.0 -9999.0 -9999.0 -9999.0 -9999.0 -9999.0 -9999.0 -9999.0 -9999.0 -9999.0 -9999.0 -9999.0 -9999.0 -9999.0 -9999.0 -9999.0 -9999.0 -9999.0 -9999.0 -9999.0 -9999.0 -9999.0 -9999.0
-9999.0 -9999.0 -9999.0 -9999.0 -9999.0 -9999.0 -9999.0 -9999.0 -9999.0 -9999.0 -9999.0 -9999.0 -9999.0 -9999.0 -9999.0 -9999.0 -9999.0 -9999.0 -9999.0 -9999.0 -9999.0 -9999.0 -9999.0 -9999.0 -9999.0 -9999.0 -9999.0 -9999.0 -9999.0 -9999.0 -9999.0 -9999.0 -9999.0 -9999.0 -9999.0 -9999.0 -9999.0 -9999.0 -9999.0 -9999.0 -9999.0 -9999.0 -9999.0 -9999.0 -9999.0 -9999.0 -9999.0 -9999.0 -9999.0 -9999.0 -9999.0 -9999.0 -9999.0 -9999.0 -9999.0 -9999.0 -9999.0 -9999.0 -9999.0 -9999.0 -9999.0 -9999.0
-9999.0 -9999.0 -9999.0 -9999.0 -9999.0 -9999.0 -9999.0 -9999.0 -9999.0 -9999.0 -9999.0 -9999.0 -9999.0 -9999.0 -9999.0 -9999.0 -9999.0 -9999.0 -9999.0 -9999.0 -9999.0 -9999.0 -9999.0 -9999.0 -9999.0 -9999.0 -9999.0 -9999.0 -9999.0 -9999.0 -9999.0 -9999.0 -9999.0 -9999.0 -9999.0 -9999.0 -9999.0 -9999.0 -9999.0 -9999.0 -9999.0 -9999.0 -9999.0 -9999.0 -9999.0 -9999.0 -9999.0 -9999.0 -9999.0 -9999.0 -9999.0 -9999.0 -9999.0 -9999.0 -9999.0 -9999.0 -9999.0 -9999.0 -9999.0 -9999.0 -9999.0 -9999.0
-9999.0 -9999.0 -9999.0 -9999.0 -9999.0 -9999.0 -9999.0 -9999.0 -9999.0 -9999.0 -9999.0 -9999.0 -9999.0 -9999.0 -9999.0 -9999.0 -9999.0 -9999.0 -9999.0 -9999.0 -9999.0 -9999.0 -9999.0 -9999.0 -9999.0 -9999.0 -9999.0 -9999.0 -9999.0 -9999.0 -9999.0 -9999.0 -9999.0 -9999.0 -9999.0 -9999.0 -9999.0 -9999.0 -9999.0 -9999.0 -9999.0 -9999.0 -9999.0 -9999.0 -9999.0 -9999.0 -9999.0 -9999.0 -9999.0 -9999.0 -9999.0 -9999.0 -9999.0 -9999.0 -9999.0 -9999.0 -9999.0 -9999.0 -9999.0 -9999.0 -9999.0 -9999.0
-9999.0 -9999.0 -9999.0 -9999.0 -9999.0 -9999.0 -9999.0 -9999.0 -9999.0 -9999.0 -9999.0 -9999.0 -9999.0 -9999.0 -9999.0 -9999.0 -9999.0 -9999.0 -9999.0 -9999.0 -9999.0 -9999.0 -9999.0 -9999.0 -9999.0 -9999.0 -9999.0 -9999.0 -9999.0 -9999.0 -9999.0 -9999.0 -9999.0 -9999.0 -9999.0 -9999.0 -9999.0 -9999.0 -9999.0 -9999.0 -9999.0 -9999.0 -9999.0 -9999.0 -9999.0 -9999.0 -9999.0 -9999.0 -9999.0 -9999.0 -9999.0 -9999.0 -9999.0 -9999.0 -9999.0 -9999.0 -9999.0 -9999.0 -9999.0 -9999.0 -9999.0 -9999.0
-9999.0 -9999.0 -9999.0 -9999.0 -9999.0 -9999.0 -9999.0 -9999.0 -9999.0 -9999.0 -9999.0 -9999.0 -9999.0 -9999.0 -9999.0 -9999.0 -9999.0 -9999.0 -9999.0 -9999.0 -9999.0 -9999.0 -9999.0 -9999.0 -9999.0 -9999.0 -9999.0 -9999.0 -9999.0 -9999.0 -9999.0 -9999.0 -9999.0 -9999.0 -9999.0 -9999.0 -9999.0 -9999.0 -9999.0 -9999.0 -9999.0 -9999.0 -9999.0 -9999.0 -9999.0 -9999.0 -9999.0 -9999.0 -9999.0 -9999.0 -9999.0 -9999.0 -9999.0 -9999.0 -9999.0 -9999.0 -9999.0 -9999.0 -9999.0 -9999.0 -9999.0 -9999.0
-9999.0 -9999.0 -9999.0 -9999.0 -9999.0 -9999.0 -9999.0 -9999.0 -9999.0 -9999.0 -9999.0 -9999.0 -9999.0 -9999.0 -9999.0 -9999.0 -9999.0 -9999.0 -9999.0 -9999.0 -9999.0 -9999.0 -9999.0 -9999.0 -9999.0 -9999.0 -9999.0 -9999.0 -9999.0 -9999.0 -9999.0 -9999.0 -9999.0 -9999.0 -9999.0 -9999 -9999 -9999 0.00484377866323 0.00535613434977 0.00517343281844 0.00522066633304 0.0064588321792 0.00689047308342 0.00630237584548 0.00594673456734 0.00605390637214 0.00640181274268 0.00616265807049 0.00647227982958 0.00645781611055 0.00685040144536 0.00679945161726 0.00675870108421 -9999 -9999 -9999.0 -9999.0 -9999.0 -9999.0 -9999.0 -9999.0
-9999.0 -9999.0 -9999.0 -9999.0 -9999.0 -9999.0 -9999.0 -9999.0 -9999.0 -9999.0 -9999.0 -9999.0 -9999.0 -9999.0 -9999.0 -9999.0 -9999.0 -9999.0 -9999.0 -9999 0.00754342116426 0.00719618375812 0.00659900526207 0.0062142648414 8.53437459589e-05 8.83956291603e-05 5.65638786184e-05 0.00518189350262 0.00475029642066 0.00427053551242 0.00436280731304 0.00432938501412 0.00453038568781 0.000107595571748 0.000111299912929 0.000131474358728 0.000114102706542 8.20664676656e-05 0.000103942129288 0.000123807350347 0.000154888779294 0.000150738325148 9.92077852504e-05 0.000101219833641 0.000156973285751 0.000136378917572 0.00010822833675 0.000118002109997 9.34818770162e-05 0.000101092602444 8.06556439357e-05 7.37026007571e-05 8.10409862013e-05 0.0181008056663 0.00709115018358 0.00287580274969 -9999 -9999 -9999 -9999 -9999 -9999
-9999.0 -9999.0 -9999.0 -9999.0 -9999.0 -9999.0 -9999.0 -9999.0 -9999.0 -9999.0 -9999.0 -9999.0 -9999 -9999.0 -9999 -9999 0.0131200822922 0.0131969725155 0.00119805667401 0.000101569573047 8.12896661162e-05 8.38827274166e-05 0.000114987131193 9.36313274983e-05 0.000120481045565 0.00012038048537 9.39569386621e-05 0.00100509829316 0.000977726298449 0.00104479862731 0.00150131389291 0.00757707053842 0.000121057195857 0.000148051745799 0.000189108237363 0.000197520553673 0.000201507448681 0.00016366666739 0.00012361969745 0.000139517132651 0.000213322249291 0.000152291533235 0.0001056277944 0.000113612888002 0.000228829400545 0.000223314682365 0.000180353368372 0.000276845436408 0.000244139545014 0.000174180017251 0.000152046189299 0.00015840184901 0.000149219993618 0.00018068760996 0.000154001179665 0.000165751777615 2.96917034498e-05 0.0224217486216 0.00807270420069 0.00768194641186 0.00375249240865 0.0249935121198
0.0230943692895 0.0274182758438 0.0234566672978 0.0176366966933 0.0148770895694 0.0152725806598 0.0159770510036 0.0148459857687 0.0153653135672 -9999 0.0205543928054 0.00791253092809 0.00255191689887 0.00255123325397 0.000439240426112 0.00036051193996 0.0155937949292 0.0124733070637 0.00791749428436 0.00796001128641 0.0146033691231 0.000101010762123 0.000125759122208 0.000139982186533 -9999 -9999 0.00146328810935 0.00190038150126 0.00167814446 0.00171328423822 0.00160767397709 0.00652665706749 0.00747695035885 0.00686786516734 0.00666538529232 0.00572015816153 0.00575937631817 0.00575867992476 0.000652981674089 0.000154361251161 0.000125303674672 0.000119530615944 0.00120717491553 0.00120743869615 0.00171875465093 0.00150729563437 0.00121139540823 0.00101363834996 0.000873511148558 0.00091744660081 0.0236392297192 0.0279386742261 0.0132272527603 0.0114267634571 0.00247212355646 0.0155262421773 0.00458144260927 0.00237591084082 0.0106596154301 0.00335141196883 0.00996961871574 0.000211513766384
0.0166418037491 0.0136639230509 0.0117523811826 0.0222723969844 0.0189073467272 0.0294037179716 0.0160323037345 0.000581170730643 0.0132531265424 0.00851467176718 0.0109087072461 0.0130063871261 0.0021826721821 0.00170931431364 0.000441908442054 0.00245069308103 0.00259781517961 0.0010088938122 0.00191248541495 0.00227659989934 0.00144013869156 0.000863197076691 0.000781184740047 0.00076607224838 0.00157456633965 0.0019789853085 0.00209868546214 0.00313183607911 0.003481010862 0.00428006247107 0.00454325673572 0.00461430821775 0.00466061690152 0.0076548504702 0.00152105231185 0.001197731538 0.000383332492336 0.00779515042614 0.000806552914006 0.000559371484056 0.000666304905992 0.0006693538785 0.00148531541516 0.000249572510906 0.000184698729731 0.00135466158062 0.00233382122924 0.000415118051698 0.000154446068171 0.00425435802719 0.0144075165987 0.000186750403946 0.000235413909163 0.000205535401869 0.00621403224226 0.0314353321582 0.0203502240128 0.0129676457328 0.0206518770896 0.0147588603643 0.0202630980876 0.0145456144217
0.000499050962147 0.00590373735981 0.000243763514362 0.00023635342318 0.00123344502943 0.00118550974593 0.000837288206626 0.000849177157058 0.000800307285838 0.000766740157095 0.000733493622571 0.00066904911309 0.000762954938083 0.000795160163105 0.000838336644254 0.00137483029516 0.000250336079742 0.000864470077612 0.00088462372374 0.000893407819026 0.00107006955 0.001525006939 0.00108346313147 0.00122568907608 0.00176486102517 0.00190085088478 0.002285735625 0.0030715066445 0.00393525192185 0.00493500562884 0.00555013454797 0.00590031815658 0.00605796906595 0.00995096850531 0.00208422696428 0.00167472232773 0.000561995406462 0.0116013328806 0.00127839733869 0.000967395704676 0.00061055371229 0.000395756427172 0.00230968101826 0.000481838064375 0.003327989289 0.00040148594111 0.000456210740366 0.000475581701278 0.000194779267353 0.00022999261327 0.0125862594671 0.0119917457669 0.0125829078049 0.0145823258679 0.0221516120887 0.0365523663197 0.0165372278252 0.0390657312807 0.0403667543533 0.0392168107865 0.0379880072824 0.0238390643304
0.000402331608189 0.000448257454096 0.000559352272282 0.000541825493859 0.000367002666048 0.00124135016433 0.00122986348923 0.00124189941716 0.00121454244443 0.00124687973679 0.00127270952268 0.00132466155822 0.00153124606914 0.00157010585583 0.00149504162476 0.00248538365058 0.000464445899548 0.00172076607062 0.00175879385501 0.00195858876295 0.00197908137014 0.00279826810883 0.00220926227382 0.00251067436704 0.00319857314864 0.00338107227637 0.00340957982144 0.00432421633855 0.00454998014352 0.0057892976042 0.00652300872463 0.00644105603931 0.00665379148121 0.011326748144 0.00239735838619 0.00194285132158 0.000954490174283 0.0154054342651 0.00170526053151 0.00126409834281 0.000829387139732 0.000649868176854 0.00372664486816 0.000810461162801 0.004747245741 0.000810107220251 0.000757253925008 0.000712983504305 0.000591666999101 0.000400454801373 0.000519393324027 0.000509916630809 0.000466544816436 0.000448892354537 0.000689484228899 0.00109618375187 0.032950023825 0.0520786480355 0.0511041811816 0.0457263357547 0.036218998867 0.03945481606
0.00290600672995 0.00295825361083 0.0025826903592 0.000717220305161 0.000450962755618 0.00149040063692 0.00146901479408 0.00151980351727 0.0015368738194 0.00158256528263 0.00165407784941 0.00172142925142 0.00200273972451 0.0019623763822 0.00203068669569 0.00336396289387 0.000688942125934 0.00234777356179 0.00242587455712 0.00266353516527 0.00275661087761 0.00397478767736 0.00298738634828 0.00335752725762 0.00410636908462 0.00437307198156 0.00462139226846 0.00546593382402 0.00578671598965 0.00657073330577 0.006901160468 0.006942014838 0.00711918434125 0.0120229904411 0.002295489991 0.00182477340822 0.00120588588839 0.0165419029224 0.00170047718562 0.00118235402693 0.000748885073934 0.0010088160282 0.00404631243077 0.000693981596254 0.00543837213194 0.00067653166411 0.000652174144093 0.000606175377303 0.000766451634861 0.000522755914715 0.000458456223795 0.000439040024914 0.000532467979044 0.000578979876553 0.000590630485466 0.000473199797911 0.0158050693676 0.0401998280363 0.060782184612 0.0542970090187 0.042849427565 0.0374779947732
0.000638559485316 0.00139435508731 0.00249652141097 0.00105448739032 0.000696211303344 0.0015516337288 0.00160945723367 0.00166303664211 0.0016712248909 0.00176186209478 0.00184483678696 0.00191716594571 0.00230170528412 0.00227215684089 0.00230110480043 0.00378406105257 0.000989203545376 0.0027329675015 0.00280523172656 0.00313747355793 0.00324241580741 0.00464807828476 0.00345899925063 0.00391463276761 0.00480275716714 0.00498916600056 0.00523132249534 0.00630039827922 0.00654286464139 0.00716416608966 0.00738104624599 0.00740960708219 0.00738799311116 0.0128157144894 0.00225666472458 0.00167915400038 0.00152786347666 0.0178017028614 0.00143416028195 0.000860828502629 0.000893552778528 0.00633550911162 0.000847685087172 0.00771961448841 0.000843461741004 0.00114123392564 0.00107381019914 0.000984640575125 0.000941614968426 0.00100485082288 0.000744125491402 0.000493274577729 0.000436957636181 0.000413882582048 0.00034095290467 0.000367301898452 0.00427900900459 0.0167866311701 0.0481027053004 0.0742292180538 0.071670393212 0.0683700827544
0.000770832122713 0.00142396224098 0.00241787278335 0.00134418163323 0.000855943060749 0.00156935140361 0.00159105810372 0.00163378349105 0.0016605879024 0.00173280994513 0.00178760534296 0.00187302773028 0.0022771448374 0.00223762030392 0.00227599438362 0.00373645387236 0.00117261928905 0.00273290523545 0.00281125785536 0.00319451810998 0.00331527577078 0.00479187146247 0.00347022884969 0.00405903594869 0.00499430907498 0.00512931022129 0.00534404315219 0.0064612684049 0.00664355004497 0.00730776046263 0.00744328482847 0.00754172372312 0.00744620426592 0.01293488556 0.00192598191317 0.00121119390963 0.0181612508359 0.018191615208 0.00109178901478 0.00102479889851 0.00574995689067 0.00108001033111 0.00765744750909 0.000938939390388 0.0107899729183 0.0107706158514 0.0112727456094 0.0111363178843 0.0157219419051 0.0157874467842 0.0168474975012 0.0166637484014 0.0161196292588 0.0157136102386 0.0143546767995 0.0142178105009 0.0147124111283 0.0243818523839 0.0465077851892 0.0526258512659 0.0781789749722 0.0752965089954
0.000964243089054 0.00140066836856 0.00219458815513 0.00165604136631 0.00107145695741 0.0015292396907 0.00151798292558 0.00156994863664 0.00156863195165 0.0016306433104 0.00169601572537 0.00179398485887 0.00220803402481 0.00219115611296 0.00219989559355 0.00368385729757 0.00131929790734 0.00268287978964 0.002746561188 0.0031739051904 0.00330119181911 0.0049051635096 0.00343097929007 0.00400989740892 0.00501524278084 0.00516344549584 0.00533895454378 0.00657155831124 0.00679906360206 0.00744414017874 0.00761179657095 0.00774926169069 0.00770065249781 0.0137473713068 0.00152774362411 0.00351797308314 0.0180379088313 0.00801843013706 0.00131277930383 0.00518834175882 0.00130448814982 0.0081160795827 0.00124994811894 0.0167409295488 0.00120678226047 0.00475989026731 0.00102974597691 0.0117480598203 0.0117789973484 0.00957898986608 0.00083461769784 0.000768155473749 0.00972672903533 0.000609863425323 0.00221668336001 0.00224134732688 0.00218926910098 0.00406631542099 0.00413708868561 0.0103211043783 0.0103744617239 0.0192969062825
0.0011003517825 0.00121163547227 0.00155412533261 0.00180164330325 0.00121908380034 0.00128712854092 0.00129233756379 0.00133048307538 0.00132979618508 0.0014016476213 0.0014644915232 0.00154309471031 0.0020174360311 0.00200001127806 0.00199566876778 0.0033987484319 0.00146740341442 0.00250582833602 0.00255826793086 0.00301199691156 0.00312063404513 0.00485039646697 0.00326698043879 0.00379807620271 0.0048867914148 0.00506019802002 0.00525817530045 0.00649916858778 0.00675648078106 0.00755329867973 0.00768781960621 0.0078365758647 0.00770716736559 0.0139029381356 0.00167113846895 0.00314975290374 0.017324879201 0.00555591666588 0.00223133578065 0.00233209209247 0.00713848436156 0.00219874698704 0.0165503760182 0.00139946341769 0.00449156635251 0.00193061066153 0.0116111779946 0.0118332023712 0.00955866503588 0.00109042110166 0.00377196387281 0.0073413064813 0.00455347734362 0.000799132401059 0.00225952450056 0.000557245364956 0.00470311129434 0.00114911108861 0.000466612140273 0.00193301490789 0.0259380999642 0.0447500778003
0.00116391027995 0.000858744332042 0.000878869226264 0.00124742825664 0.00126467885812 0.000889551834562 0.000912111319224 0.000947742560267 0.000961274071914 0.00100347334752 0.00104130885072 0.00109860862055 0.00168036918398 0.00168271192211 0.00167722883726 0.00294450304672 0.00158416330562 0.00222520566809 0.0022912303721 0.00278928156989 0.00291795451882 0.0047790776475 0.00305595019957 0.00362851595992 0.00472879521617 0.00493709069183 0.00511489268357 0.0064455358188 0.00666537717243 0.00749883143991 0.00769261793428 0.00787053254804 0.00790922590815 0.0140367559066 0.00391940300281 0.00184044445621 0.0179184268734 0.00469536260229 0.00373082721232 0.00173161591393 0.00493362445343 0.00164308603867 0.011895250285 0.00218507558341 0.0029080224196 0.001413005889 0.012085757569 0.00190173971386 0.00416392892676 0.00693624118569 0.00375710362459 0.00355388299103 0.00445245679194 0.00123194176505 0.00197731212252 0.00483777475443 0.000572574343516 0.00104101963211 0.00070443874194 0.0006925095811 0.0598019597065 0.0685416037762
0.0008724984015 0.00087595711875 0.000901517797432 0.0013378729331 0.0013271922351 0.000930765161012 0.000947978292754 0.0013743063945 0.0014547890046 0.00152658194185 0.00157162228352 0.00158303318561 0.00115581764735 0.00118716445911 0.00118115720028 0.00180393930738 0.0025785801873 0.00186802573376 0.00190410535983 0.00247463132083 0.00260311356101 0.00464125299863 0.00272032553751 0.00334590096661 0.00456989193333 0.00477974128425 0.00495406857836 0.00638869430083 0.00651534774941 0.00733773254701 0.00757126397944 0.00774521454634 0.00792211181925 0.0139799764622 0.0043709034592 0.00274400760031 0.0178830574901 0.00720991818993 0.00611619760167 0.00261679206909 0.00424169336203 0.00257979239906 0.0121214975849 0.00249448340794 0.00252510279802 0.00670349793192 0.00699993970822 0.0139867855161 0.0040664569443 0.00498097163848 0.00375840579868 0.00349193748116 0.00440917571233 0.00151478532383 0.00189611614263 0.00348953424443 0.00102499369422 0.000979691824851 0.000835552674616 0.000959995002079 0.00117553395494 0.0453180835538
0.00185463828424 0.00127273521943 0.00214935863973 0.00130925799733 0.000933038581996 0.00137129256165 0.00247651501642 0.00210554473866 0.00216316808393 0.00222588317537 0.00230157307096 0.00237456513927 0.00115415895101 0.00119174873801 0.00125786109938 0.00125837604105 0.00127826235538 0.0013004998828 0.00134617570357 0.00208514995072 0.00219486429019 0.00445514002579 0.00228909958015 0.00308859097649 0.00440362011787 0.00459285205069 0.00482838680841 0.00637332205828 0.00652662930383 0.00738893835816 0.00756590941554 0.00768771804105 0.00786251107251 0.0138590936835 0.00471211984512 0.00318411719999 0.0175372436326 0.00795157022661 0.00681209666598 0.00566845574809 0.00314075665715 0.00295350584035 0.012087787478 0.00415072710386 0.00192978775752 0.00700425730004 0.00269815387895 0.0102736524388 0.00401968719741 0.00518775145641 0.00376257395124 0.00356142512284 0.00438743586277 0.00183794912037 0.00178770223314 0.00360145051066 0.00128868270154 0.000803015620494 0.000710458736311 0.000610873137773 0.000808036444228 0.000877965706818
