critload/trunk/input/1999/fgw_rec_nat.asc
ncols 720
nrows 360
xllcorner -180
yllcorner -90
cellsize 0.5
NODATA_value -9999
[rows 81 to 107 of 360, columns 420 to 479 of 720]
0.025962692332895 3.8413461593975e-05 0.0 0.0010712334541755 0.0 0.0 0.0 0.0117360577050175 0.0065270802269875 0.011776643976514999 0.015389382936050001 0.00805577067171 0.008004454028517499 0.036280281922655 0.0379103530709725 0.008029134363849999 0.0118448999092525 0.009998302129577499 0.0382021408500425 0.0473796583405975 0.03871800266182 0.0429912381256925 0.056363553646025 0.06810494471550001 0.062395225081675 0.0411266778447225 0.0504862312445 0.025782825193825 0.078545177274825 0.0 0.0185890840324375 0.0073307204197375 0.002024641839466 0.0 0.00012359431851845 1.56534630136e-05 0.0 6.241299140454999e-05 0.000367968966490475 0.0002433798458566 0.0 0.0001352646451538 6.623295663732499e-05 0.0 0.0 0.0 0.00010646033461304999 0.00010797907165597501 0.0 0.0021663319691495 0.0020187883712837504 0.0030977138979915 0.00207848747997175 0.001717005596552 0.002924431746631 0.00088469730630375 0.00128982356456825 0.0365650935199375 0.0 0.0
0.040491104319872503 0.0 0.0 0.00136404819836 0.00943021694098 0.00836745717662 0.009228892793825 0.0173108991502725 0.0 0.0083486283124225 0.0112943670743175 0.0104199853720125 0.0129178230451225 0.009067146096970001 0.009772775410355001 0.014362138751307499 0.01734688202121 0.014893670642132501 0.0290654702356975 0.048108993920875004 0.072375560694925 0.02552001862177 0.064353221690575 0.07973781983145 0.082650937593475 0.0737693994243 0.0299134101808325 0.066608009054425 0.04878682274225 0.0027393371435175 0.0083947335643175 0.00116735051556575 0.000535232479652 0.0 0.00223604433447525 0.0 0.0 0.0 0.0 0.0 0.0 0.0 0.0 0.0 0.0 0.0 0.0 0.0061534823402575 0.00263745567067375 0.00020652801278905002 0.0 0.000287513076361575 0.0 0.0 0.00078710302229725 0.0 0.0008117345089195 0.0 0.0 0.0
0.000153082380302175 0.0001493449885545 0.0069086150139275 0.0056961421235775 0.037465567738275 0.03337719434176 0.007635129370085 0.0075330477837075 0.01240078243012 0.0098551968459125 0.0 0.0110113467381825 0.006253536785285 0.008071671679084999 0.0250053275950275 0.04848846872715 0.0467032941524625 0.044020942679715 0.03147373486546 0.04830555674555 0.047227391401712504 0.066997737653875 0.098360123820375 0.10694916856435 0.09083407831885 0.041444523869525005 0.0 0.021630380417685 0.029745015008774998 0.0010537995254847501 0.00259823314136175 0.0 0.0 0.0 0.0008356115933217499 0.0014579695602945 1.4131573913425e-05 0.0 0.0 0.0 0.0 0.0 0.0 0.0 0.0 0.0 0.0 0.0 0.0 0.0145183494953975 0.0 0.0 0.0 0.00011195379477865 0.0006911571066085 0.0 0.0 0.0 0.0 0.0
0.00567060207045 0.024308849521775 0.009170221597335 0.038453431267640004 0.0369207086578325 0.043953595068815 0.03844609839016 0.0038748240079104997 0.0 0.0 0.0 0.018646162850564998 0.008187164916967499 0.0051079253456625 0.014806545163015002 0.02364979923241 0.033015381313330004 0.047925754436275 0.02560723979073 0.093177526289475 0.024949951181935 0.020607801071855 0.0300740729455475 0.0322347426528675 0.0 0.0 0.0007400035182575 0.0111555302614925 0.00586805821347 0.00087874307366875 0.001349127268897 0.00081690845173 0.00074146930525825 0.0 0.00011061249090345 5.9993475119900006e-05 1.87320950277e-05 6.0562273242125e-05 0.0 0.0 0.0 0.0 0.0 0.0 9.278359439222501e-05 0.00357705245957975 0.00320067354664025 0.0049811279779325 0.0 0.0 0.0 0.0 0.0038069763777440003 0.0 0.0 0.0 0.0 0.0 0.0 0.000207736032247075
0.0333601156144925 0.036202239829255 0.0268319434757925 0.042756845785595 0.055267834983325 0.0536410966413 0.03235234777134 0.0 0.0 0.0 0.0007139190704325 0.009959828639460001 0.00821375001655 0.010600894387245 0.113209358118125 0.03223819741978 0.0334298944503825 0.0216695746000325 0.040092867407325 0.0669004088291 0.00849659590409 0.00032487326776000004 0.013045344017307501 0.014201954806969999 0.049093932679825 0.02949517028536 0.0203621842613575 0.001007578254246 0.0047390983504395 0.0008288837739482501 0.00012156487901204999 9.515878534365e-05 0.00011798771802495001 0.00010526904020664999 0.0 0.0 0.0 0.0 0.0 0.0 0.0 0.0045945203762615 0.0 0.004083719221856 0.0014236463326025 0.0054660760223 0.010921341220730001 0.00235236823714825 0.00211052858107925 0.0040840651870135 0.00433023761609275 0.0 0.0 0.0 0.0 0.0004833662910709999 0.0 0.000148715219485475 0.0 0.0
0.055717177869725 0.0234810339615375 0.0286624935741725 0.024638060956745 0.0437958394694475 0.030603078371649998 0.026781422114365 0.028822414476382497 0.0275264696718725 0.019842412071264998 0.050471513590375 0.03359244872452 0.0610734236705 0.01831610689381 0.088651814859875 0.0416471865471575 0.04650475909145 0.03168293601827 0.016370799538175 0.066990833809125 0.00152443845350875 0.00161363738240075 0.0 0.0069349710734025 0.0498692966541 0.02488349801399 0.012927953256645 0.00152336441930475 0.003109686540179 0.000200367903223475 5.9864802700975e-05 1.1132358476000001e-06 1.9865020619475e-05 0.000115307661032625 8.210172633945e-05 0.0 0.0 0.0005807490256717501 0.0005682010805937499 0.0 0.0 0.0 -9999 0.0 0.0 -9999 0.0 0.008889809083399999 0.014537360850320001 0.00804598953213 0.0014102660391107499 0.00114763117166125 0.00042989992619595 0.0005520135869865 0.0014673552901715 0.00066325027583075 0.0 0.0 0.00022902447029575002 0.0
0.0 0.0 -9999.0 0.060663675321099994 0.061380905752525 0.060327766356775 0.04586877332018 0.045274172591095 0.013615595992077501 0.034161786908825 0.04099063112352 0.10316362974745 -9999.0 -9999.0 -9999.0 0.087496965545725 0.031180756627710002 0.110264949935825 0.057785874893500004 0.02183312931024 0.0176919157479325 0.00353268898632 0.0029933330415432497 0.0016298165174615 0.0509245553374 0.0 0.0 0.00245481026472625 0.0035702439177990003 0.01103696293666 0.00039678921808585 0.0 0.0 0.0 0.00041521573769245 0.00234720821370925 0.0 0.0 0.0 -9999 -9999 -9999 -9999 -9999 -9999 -9999 0.0 0.0035272683793915 0.0 0.01133471700092 0.0100770497833225 0.0005235407514765 0.0018541606218025 0.00012533582595435 0.00024287922500355002 0.0 0.0 0.0 0.0 0.0
0.0 -9999.0 -9999.0 -9999.0 -9999.0 0.038364696538635 0.0430824510380925 0.04279989018157 0.06710340118965 0.0 0.075971990794225 -9999.0 -9999.0 -9999.0 -9999.0 0.11144177908172499 0.01440686817259 0.0595343341976 0.0414240282945475 0.0077135226213425005 0.00834131881658 0.008781856663035 0.007056024657295 0.00316428243860575 0.04960108975375 0.04525881607679 0.0074082553945875 0.00608806808001 0.0 0.0 0.00043920229092815 0.0 0.00042767655553825 0.000193247732360375 0.0005091101936262499 0.0 0.0 0.0 -9999 -9999 -9999 -9999 -9999 -9999 -9999 0.0 0.008246825888485 0.0206504971347025 0.00331310216883525 0.0052844761655475 0.009738693814365 0.0027763821069879996 0.004597420391111 0.00375916971229575 0.0 0.0051627379390274996 0.0019128554925917501 0.0 0.0 0.0
-9999.0 -9999.0 -9999.0 -9999.0 -9999.0 0.033861034547142496 0.028267352953305 0.0426360636025475 0.10430749410757499 0.059195513011600004 0.0 0.065977242896275 0.077728745712075 0.101266111051975 0.05271693464345 0.0267949986756575 0.0428968269877525 0.040979656076950005 0.0431487521568275 0.0307194044295025 0.0125804881847575 0.0031267313192915 0.0018058695341165 0.0070437632846475 0.055952355751475 0.028514922850515 0.0251358754968275 0.0222695445342725 0.0137846060855975 0.0 0.00296147807434425 0.0 0.00018289724306915 7.431844602765e-05 0.0 -9999 -9999 -9999 -9999 -9999 -9999 -9999 0.0 0.0 0.0 0.0 0.0096655253608525 0.013131902486597501 0.0274944792765875 0.010409125610934999 0.006972810049495 0.00104842877615225 6.44005732868e-05 0.001826663991691 0.00111307608793825 0.00390222968615725 0.0 0.0 -9999 -9999
-9999.0 -9999.0 -9999.0 -9999.0 -9999.0 -9999.0 0.08658665424340001 0.1006011233483 0.021906347405575 0.0246824640505575 0.06685094717885 -9999.0 -9999.0 -9999.0 0.058528521521375006 0.091906923698075 0.13885990069399998 0.26453684393210003 0.133505975053525 0.1434183732935 0.13896589462457498 0.0182847558365075 0.00361539951062525 0.0161455747913675 0.0489930128731 0.033332160705017495 0.034688899969745 0.0335638517737425 0.0228925568687075 0.0174953467427475 0.0038809882536587495 0.00061086772159925 0.0 0.0 0.0 -9999 -9999 -9999 -9999 -9999 0.0 0.0 0.0 0.0019479665040312499 0.0017560572463715001 0.00401132810773875 0.0043300838877292505 0.0044292583686282505 0.00432200115047325 0.0057905390158875 0.00350074494786675 0.003371059796276 0.003572017783848 0.00324363195287125 0.004190967124201751 0.0058961662070374996 0.0 -9999 0.0 -9999
-9999.0 -9999.0 -9999.0 -9999.0 -9999.0 -9999.0 -9999.0 0.06361502914435 0.078875460702525 -9999.0 -9999.0 -9999.0 -9999.0 -9999.0 -9999.0 -9999.0 0.18049726166157498 0.32018009189695 0.34190907052912495 0.34427611934832497 0.3407527452147 0.2548931743396 0.2069604985116 0.14005006772874998 0.12329454869982501 0.010411301954345 0.00263371598411225 0.00351052716354025 0.008846871604415 0.038457103090315 0.0325350502289675 0.00224677733015575 0.0 0.016768046659022498 0.0 -9999 -9999 -9999 -9999 -9999 0.0 0.0 0.0004974671742165 0.0015604263178315 0.0026472813479875004 0.0050068724552425 0.0047937469557925 0.0 0.00181454469808425 0.0009815769017905 0.00151477193337625 0.0055605785496700005 0.005404452555982499 0.006172870715457499 0.027579383496247497 0.0287517817001225 0.0 -9999 -9999 -9999
-9999.0 -9999.0 -9999.0 -9999.0 -9999.0 -9999.0 -9999.0 -9999.0 -9999.0 -9999.0 -9999.0 -9999.0 -9999.0 -9999.0 -9999.0 -9999.0 -9999.0 -9999.0 0.14511614398387498 0.48774249605299996 0.38271017641125 0.342989745390825 0.31409297026422495 0.27041294462555 0.24338477261882502 0.165153963483925 0.00773165720692 0.00018539086918725002 0.0023250857791265 0.0018319465541955 0.0052266926829725 0.00304520748291675 0.018366612339032497 0.04263352079298 0.0 0.0 -9999 -9999 -9999 -9999 -9999 -9999 0.0 0.0007662744792595 0.00272043095403675 0.0012194713537415 0.0005478365840655 0.0006685896384315 0.0003992470056848 0.0005225623662839999 0.0009688860867017499 0.0022465748600045 0.005516573174735 0.023793248959475 0.0150832290141125 0.028040816647992503 0.0 0.0 0.0 0.0
-9999.0 -9999.0 -9999.0 -9999.0 -9999.0 -9999.0 -9999.0 -9999.0 -9999.0 -9999.0 -9999.0 -9999.0 -9999.0 -9999.0 -9999.0 -9999.0 -9999.0 -9999.0 -9999.0 0.070136719424025 0.50653115584675 0.46335625737615 0.44050116915472504 0.396690906463275 0.35911119408180003 0.322070100825325 0.27298842169295 0.11494633364505001 0.0039429261773625 0.1099271026884 0.08817744872315 0.0038905640990225003 0.087318303741575 0.096320175464325 0.061840074936849995 -9999 -9999 -9999 -9999 -9999 -9999 -9999 0.0 0.0 0.0 0.00239053687934325 0.00091056830424325 0.00086595144089875 0.0 0.0007572584052600001 0.0010092281523535 0.0018873721329752502 0.00407310275930775 0.00373045502210925 0.0 0.0 0.0 0.0 0.0038022288350710006 0.0
-9999.0 -9999.0 -9999.0 -9999.0 -9999.0 -9999.0 -9999.0 -9999.0 -9999.0 -9999.0 -9999.0 -9999.0 -9999.0 -9999.0 -9999.0 -9999.0 -9999.0 -9999.0 -9999.0 -9999.0 -9999.0 -9999.0 0.48593227837275 0.447344318795175 0.3148805907737 0.31167126202225004 0.27376288831194995 0.262311568774725 0.29632894768075 0.3450749432572 0.35512051307287495 0.28490032838545 0.281956827363375 0.2272667216722 0.158379972626525 0.0 -9999 -9999 -9999 -9999 -9999 -9999 -9999 0.0 0.0 0.0 0.000253348652988525 2.0802092714999999e-07 0.0 0.00053801607985325 0.00070534514923775 0.001544204964728 0.00369879671981575 0.00584974153517 0.00324715269592525 0.002632030800758 0.00492996300357 0.011009274072642499 0.002412326267448 0.00749573246842
-9999.0 -9999.0 -9999.0 -9999.0 -9999.0 -9999.0 -9999.0 -9999.0 -9999.0 -9999.0 0.136736819247275 -9999.0 -9999.0 -9999.0 -9999.0 -9999.0 -9999.0 -9999.0 -9999.0 -9999.0 -9999.0 -9999.0 -9999.0 0.5500745309142501 0.34280113293090003 0.209862599932075 0.11009897351254999 0.16171148014172498 0.203212052906875 0.2164195157605 0.25738235965420003 0.2935169685513 0.325379052436375 0.314729288089375 0.185493361076775 0.107500510018575 0.0 -9999 -9999 -9999 -9999 -9999 -9999 -9999 0.0 0.0030135004758569998 0.00346516101571125 0.00354970202175725 0.00266160188002975 0.0 0.0014641492404695 0.00201189574463725 0.0070264770310675 0.006760849028599999 0.006800849212037501 0.0 0.0121863108863575 0.010210953971995 0.0101292339374925 0.0056225956915225
-9999.0 -9999.0 -9999.0 -9999.0 0.02132273023069 0.04334253422382 0.060749961971925004 0.138295638283125 0.113012019912 0.12970758043525 0.13616127946715 0.135532751996825 0.144395014346325 -9999.0 -9999.0 -9999.0 -9999.0 -9999.0 -9999.0 -9999.0 -9999.0 -9999.0 -9999.0 0.5120256656265 0.273936868016875 0.20068279286685 0.15543659013595 0.14956029859985 0.12215865013055 0.1011477105812 0.09779288528845 0.07984177009400001 0.18221015959905 0.271160896804875 0.28487499709382497 0.151048482630075 0.08283418554352501 0.0 -9999 -9999 -9999 -9999 -9999 -9999 -9999 0.014316891313360001 -9999 0.0242757702021 0.0 0.0 0.00318481085878825 0.0016858958378862502 0.00171208755207325 0.0022537271389125 0.0 0.0 0.0039786606799105 0.009594000972352499 0.010212226576842499 0.0031434419864819997
0.0466505948474925 0.016443513246875 0.029125749200075 0.044824145426440004 0.0811726281511 0.18280836966 0.058055848774850004 0.104606078966025 0.0460097414036175 0.07160074683857501 0.059305712326175 0.075817526232975 0.067806350642525 0.082855761672775 0.07764256503375 0.062285187534999994 -9999.0 -9999.0 0.119639961471075 -9999 -9999.0 0.119804498168875 0.270173440567775 0.19584312078415 0.15499681778325 0.12721978357605 0.098948914350125 0.141132720698975 0.12189873122115001 0.090108274985775 0.04957796348765 0.016210017686495 0.05279946544505 0.06307654699177499 0.15360626533424998 0.212723464727725 0.160586532995275 0.08187665306525 0.0 -9999 -9999 -9999 -9999 -9999 -9999 0.0 -9999 -9999 0.02042188411533 8.259688268562501e-05 0.0 0.0 0.0 0.0022483415898910003 0.0 0.0 0.00528913155234 0.00424640196724375 0.0 0.0
0.032091118639847496 0.025432332615767498 0.0315485430844275 0.041545137035345 0.055823763092175 0.14776082485150002 0.10240644021367501 0.082920844635675 0.091952197904125 0.08606658559455 0.0467045679565425 0.05949240953765 0.061381607005000005 0.062715535994575 0.084511686275325 0.07144175390520001 0.11987174919327499 0.122648562509025 0.10766419288012499 0.14602516681924999 0.16058379417520002 0.14583615999389998 0.15676371455340002 0.1016280500467 0.0877004681299 0.096892479357775 0.065568760077975 0.050908778187225 0.10960937541212501 0.100614149339325 0.09256658942955 0.10110594002645 0.027296201361195 0.0 0.01709640496858 0.0333810261358375 0.059699122104375 0.1233659930722 0.0178299956864475 0.0 0.0 -9999 -9999 -9999 -9999 0.0 0.0 0.014387577338925 0.019145295977205 0.013039265868145 0.0047954057692225 0.0 0.0 0.0 0.0 0.0 0.004996002835255 0.00561114032481 0.0 0.0
0.10860111704925 0.1195701323609 0.11755722080535 0.1047446306981 0.07150263701642501 0.09390548177012499 0.10864784380862501 0.056340481832500004 0.0226595464097725 0.0378229790078725 0.054539697652725 0.064689882460675 0.062011939354675 0.053808585424675 0.08508570702967501 0.094100752011025 0.1134578340899 0.121352136325075 0.109295517549975 0.090535061721025 0.101693329373175 0.119163403675325 0.097564169084875 0.08057498693875 0.075408326166575 0.08405443585587499 0.07071328299492499 0.030387506905205 0.03679183181444 0.075208244397025 0.0 0.11980328890627501 0.191603986981075 0.018281810301325 0.01480486335265 0.022688896018475003 0.02065102389797 0.01970968764508 0.029352714070289998 0.0 0.0 -9999 -9999 -9999 -9999 0.0 0.0 0.0 0.0 0.0 0.0 0.0 0.003721535282931 0.0 0.0015068896386722498 0.0 0.0 0.00224690669815375 0.00010886313434524999 0.0
0.0884996413894 0.066412861940175 0.074171290764025 0.062716298357225 0.06538796734260001 0.031638175948705 0.069362672158775 0.048938329634775 0.06336874200725 0.0748565780924 0.047701329311450005 0.08854136300964999 0.081054395000975 0.06788479919485 0.085489446477075 0.095200268493 0.09218242217 0.097642245066675 0.105825954211725 0.11317253691185 0.104226146217475 0.066709176215975 0.08274399580820001 0.0414839536885425 0.0921043615972 0.00888190896111 0.07127603182875 0.051611211830475 0.0203727166018 0.015081232684397499 0.060446102608975004 0.13166594159715 0.174153986523775 0.133704259079175 0.003693213704597 0.0127746420889225 0.02466584400153 0.0254059478984025 0.0 -9999 -9999 -9999 -9999 -9999 -9999 -9999 0.0 0.01223453774594 0.0024898866328055 0.0076030316752925 0.0 0.0 0.0 0.0 0.0 0.0 0.0 0.0 0.0 0.0
0.1155625163532 0.093069095799375 0.049269374253300004 0.016109260332335 0.0080295095271625 0.016999713284484998 0.0415917072043675 0.0309309621848975 0.0379030776020875 0.04190347076886 0.04028514663431 0.07631693707055 0.08100939617950001 0.077179068757125 0.0064019044606175 0.071396052660375 0.078786597497325 0.11174425297559999 0.145126596548875 0.15231685863285002 0.193578696162875 0.149042629489025 0.124603108184025 0.10531102404779999 0.074358633706175 0.0395153812015075 0.05514437465865 0.07069648419194999 0.015298208282049999 0.0231114294535775 0.0 0.0816365173463 0.12442639260260001 0.06275688727585 0.02777000054837 0.015049089332795 0.0181613015691275 0.0091426572406975 0.0 -9999 -9999 -9999 -9999 -9999 -9999 -9999 0.0 0.0 0.0145659627251375 0.0184118499684675 0.03075207263796 0.0257452294795775 0.01589090233729 0.0 0.0 0.0 0.00374424073193425 0.0 0.0 0.0
0.1028788336013 0.069775511073825 0.032498993040575 0.060678356596875004 0.001955064973329 0.0377521785171875 0.0 0.0223935066957825 0.0238731086503975 0.0353810064296125 0.066636351775275 0.053725953782475 0.085533598147925 0.009307004116385 0.0083756219281075 0.01967474086585 0.09641856789389999 0.065376616934025 0.04499839304837 0.1150519275406 0.1323267643835 0.14773447438895 0.1104192001766 0.127411541690225 0.0904933792992 0.0 0.0 0.0406913635919825 0.0179993004101175 0.0315146073018475 0.0148484614207375 0.015031648013565 0.017513932010557502 0.0133347901424225 0.019508442169704997 0.03125581179248 0.0228661281858175 0.0 0.0 -9999 -9999 -9999 -9999 -9999 -9999 -9999 -9999 0.0 0.0349361344718775 0.03371704256155 0.0294105901606225 0.021842447845894997 0.02253346697134 0.027489615162112502 0.00294532626693125 0.0 0.0 0.01341958701612 0.0 0.0
0.095136778534275 0.09277967540425 0.07064100296265 0.0454826819959425 0.025097373575347498 0.036297978271285 0.0134154574804525 0.02466883913113 0.0426089145218325 0.017938801741329998 0.008710918013375 0.091333071818575 0.11196430926369999 0.101110877491375 0.0978953548145 0.030142729539787503 0.097275691307775 0.07618120965095 0.0913912380552 0.0823738006518 0.07857975383535 0.09744951987435 0.11945441756719999 0.207529050262725 0.22094684950795 0.0884474118999 0.0 0.06370253753935 0.066957643101475 0.033226531149745 0.0 0.000682031916065 0.020693818644775 0.024246683441962503 0.024001685351455 0.030568322208922503 0.0317791909349725 0.0 -9999 -9999 -9999 -9999 -9999 -9999 -9999 -9999 -9999 0.0 0.050638549952875 0.018574820588702502 0.013489161563725 0.01773832547744 0.01359290967188 0.0188603045605025 0.026210265707295 0.018880913208375 0.0040511597198465 0.0036233211341085 0.0 0.0
0.02070059439941 0.131591784638475 0.152138830094425 0.09991600161394999 0.094511225441275 0.0467288125011775 0.01395151798551 0.0146444549568 0.0421225898610125 0.09373529324825 0.12881267010115 0.140531431162675 0.129180539570625 0.115878900322825 0.084637313763275 0.0492369895969 0.0 0.0 0.051307913067750004 0.0584799493756 0.0037097029928125002 0.08125923631279999 0.0 0.0 0.168754092486125 0.1541885868295 0.12868674119435 0.0977067146122 0.079391503390075 0.0676357761784 0.0 0.0 0.0254448215930725 0.0 0.02398705277002 0.0126362229623125 0.0 0.007375587060397501 0.0 -9999 -9999 -9999 -9999 -9999 -9999 -9999 -9999 0.0 0.039132847616725 0.0068615887304299995 0.0 0.0 0.022914655768327498 0.0245869438201075 0.020038335525847502 0.0300407417470525 0.026509734239595 0.002157219853665 0.001001259107801 0.0
0.08823092045165 0.15176864648005 0.1657096304886 0.160304721022375 0.163042430726925 0.085270803588525 0.012915601872875 0.05168001193105 0.135373834151925 0.1665714839387 0.1863101424965 0.129331128417825 0.13136125234507498 0.1097256091058 0.018937433972229998 0.017213184176717498 0.046358554343865 0.0 0.002476988336572 0.02119829094099 0.00052214155451675 0.01797386721033 0.008055179854170001 0.0086575551420025 0.0 0.06780735789617501 0.10559323202535 0.09035113919735 0.09013842762905 0.0719741049017 0.0 0.0 0.02572785227922 0.027707117526595 0.0 0.026420575190145 0.0 0.0234624101506125 0.00127443764040075 0.0 0.0 -9999 -9999 -9999 -9999 -9999 -9999 0.0 0.0 0.0041545063717195 0.00199564672750525 0.0065695101274325 0.0155635129975225 0.0212337998475225 0.03039695128261 0.0365766796378575 0.03047869004926 0.0209265025616825 0.02338807942701 0.017153748822885
0.062756552103975 0.14641630261379998 0.0170287162902475 0.17619645835865 0.189969493202425 0.17741995116635 0.1282061634622 0.089292689603225 0.07272164045045 0.14891734588730002 0.1010934420117 0.109495054311175 0.1360510523874 0.0834631889401 0.00015930262414955 0.048304401430125 0.03200172051183 0.0 0.00526325968953 0.02431529790945 0.00444473576153175 0.0 0.0447942833009075 0.0300407108398 0.0273347962136225 0.0 0.0716435672027 0.098572921709 0.075014823605675 0.069726159152375 0.07293056294375 0.0568931074801 0.0384281038001925 0.0328760458740525 0.0 0.020983613400319998 0.0330129940105925 0.017549881068905003 0.021313470893382497 0.0206953380638975 0.019453257629679997 0.0 0.0 0.0 0.0 0.0 0.0 0.002062030461133 0.004203455423449 0.0037435425387775 0.011029813175575 0.0042773573598775 0.014499855300334999 0.0152147326090725 0.014680803461742501 0.031224981499859996 0.03493600365759 0.035334778974182496 0.0220911454195625 0.030605476692345004
0.125287538987175 0.131047945345175 -9999.0 -9999.0 0.155005921505 0.1235344024982 0.11881687070377499 0.12414919049899999 0.026468702088019998 -9999.0 -9999.0 0.07918182694590001 0.10943767153622501 0.08960844506805 0.030713444555340003 0.017761914531337502 0.0 0.0 0.020408539191682503 0.0165861142107375 0.033950353699 0.03545729496309 0.02149774483778 0.065550860943675 0.0639115396398 0.0146800971081 0.011891072727665 0.010801561481054999 0.07190949723045 0.059211178850749994 0.084357354371125 0.0768763068223 0.05898964188125 0.049612794377425 9.630432988755e-05 0.0 0.0 0.00056388972844 0.02090297173642 0.0213867258102425 0.0132390961383525 0.02384241630951 0.019061678708485002 0.022148957713405002 0.0137746046147025 0.007499423590155 0.00349539867715575 0.0118233906911625 0.014673558117927499 0.0133263685541125 0.0083391130848725 0.0055920330481025 0.007825811326255 0.01456703114012 0.025885813982655 0.016361403581035 0.024108466438967503 0.0039338909338735 0.029771812691805 0.01956279681595
