critload/trunk/input/1999/fgw_rec_ag.asc
ncols 720
nrows 360
xllcorner -180
yllcorner -90
cellsize 0.5
NODATA_value -9999
[rows 81 to 107 of 360, columns 496 to 557 of 720]
0.0 0.0 0.000747384890468 0.0 0.0 0.00285406782938 0.00103136126826 0.0 0.0 0.00162040489174 0.00321513871928 0.00277386261546 0.0 0.00435983165231 0.0103128640909 0.00379040456861 0.00435736448351 0.00395486517336 0.00527441486517 0.0182373311876 0.0 0.0118476212914 0.00809584180751 0.0053819011137 0.00294992395506 0.0274436016889 0.0174866801086 0.0372809093396 0.00063519446857 0.0551721827903 0.0262167534418 0.0 0.0 0.0989341077028 0.151933732198 0.164074314997 0.178560483402 0.185368448954 0.146825295997 0.128533887805 0.0988333405269 0.102800123034 0.0654442626511 0.0527984822212 0.0367344690933 0.0155607020551 0.0302239060986 0.0 0.00248020018684 0.0 0.0 0.0 0.0350735268113 0.0501158323117 0.054913436398 0.000183775538459 0.0167050290477 0.0 0.0478279175173 0.0526630561986 0.0509140023341 0.0592026439116
0.0 0.0 0.0 0.0 0.0 0.00052779338584 0.0 0.000283661838376 0.00193055085815 0.00208648446895 0.0 0.00231380979273 0.0016181095301 0.0 0.0 0.0 0.0036117935735 0.000310877007059 0.0 0.00486744660959 0.0 0.0270912541311 0.0467895463144 0.00521706682046 0.0391773733448 0.0327023229694 0.0426812767127 0.0150275651295 0.0147108758617 0.0215513766745 0.0 0.0 0.0432506610634 0.080977350618 0.0942923310797 0.0660491954954 0.0961726734987 0.110230265302 0.0948497886733 0.0813670096808 0.0560542567614 0.040762059032 0.0716046486771 0.0382433019262 0.0411294985803 0.0457031997927 0.00642942256821 0.0218573518199 0.00158792723686 0.00366621773191 0.0 0.0 0.0 0.0 0.0 0.0275450234437 0.043843700163 0.0327441439801 0.0102829578135 0.0454809874328 0.0510126775944 0.0545928489044
0.0 0.0 0.0 0.0 0.0 0.00057464871642 0.0 0.0 2.10050999141e-05 0.00139594482441 0.000215709405142 0.0 0.00257200354149 0.0029030184338 0.0 0.0 0.0 0.0 1.3706713867e-05 0.0182248808953 0.027587502219 0.0247078220456 2.23656981549e-05 0.0359402420394 0.0216839309268 0.0173534354407 0.0465910218832 0.0390797923228 0.0252458780741 0.005566308116 0.0 0.0 0.0 0.0186784659203 0.0235938921157 0.0274153076366 0.0430928519564 0.0380533253473 0.0595795024729 0.0524810626613 0.0527673849045 0.066532510853 0.0664185722325 0.0402367185303 0.0478040403161 0.0408187276163 0.00951380205382 0.00129941001938 0.0 0.0 0.0 0.0 0.00021277339699 0.000849506699337 0.00155088772495 0.0 0.0276246823025 0.0427052863437 0.0493764425184 0.044730878631 0.0434613556958 0.0572008924174
0.0 0.0 0.0 0.0 0.0 0.0 0.0 0.0 5.09127019884e-05 0.00128480449199 0.0 0.0 0.00297972841858 0.00651730453195 0.0 0.00148739787436 0.0 0.0 0.0 0.0 0.0 0.0 0.0112904427869 0.0204599500456 0.0268658809069 0.0356997883728 0.0375967095545 0.0568744201503 0.0573797412851 0.0448214340192 0.0220134424185 0.0 0.0 0.0 0.00514545556829 0.0146775918568 0.0218176949068 0.0199297073022 0.017566519995 0.0294838771634 0.0317764070689 0.0244639950388 0.02128231118 0.0596824373432 0.0411115390334 0.0405466935632 0.0294968798792 0.00759488894119 0.0 0.0 0.0 0.0 0.0 0.0 0.00238002129898 0.00292402089595 0.0 0.0348752538003 0.0415269890255 0.0596665177063 0.0712598476905 0.0622920310638
0.00135759850374 0.0 0.0 0.0 0.0 0.0 0.0 0.0 0.0 0.0 0.0 0.0 0.000845741598766 0.00306111142857 0.0 0.00411062869247 0.0 0.0 0.0 0.0 0.0 0.00503428655546 0.00377230420357 0.000262207763614 0.000701458420992 0.0246568966767 0.0545816395604 0.0514145831718 0.0696684481515 0.0747995075582 0.0690797442218 0.0739364241745 0.0461363570076 0.0601943291549 0.0763322007994 0.0649882792766 0.0182052704332 0.00467688043436 0.0 0.00706878357805 0.00298482563871 0.00435452522148 0.00773637164215 0.0176689721906 0.0470596165294 0.0508964858831 0.0385632397101 0.0323669111855 0.00434045181034 0.000591659355368 0.00182751581621 0.000690627852474 0.0 0.00132465102628 0.00134928771679 0.0 0.0 0.00210904375777 0.0337047014258 0.0 0.0636747382817 0.00137583708027
0.0 0.0 0.0 0.0 0.0 0.0 0.0 0.0 0.0 0.0 0.00199126660879 0.00134947960889 0.0 0.0 0.0 0.0 0.0 0.0 0.0 0.0 0.0 0.0 0.0 0.0 0.00156997104125 0.0 0.0 0.00302646094673 0.00659208331921 0.00868645279861 0.00265677150476 0.0262218332199 0.0552716250815 0.0568579052387 0.0378033153603 0.0195723311635 0.0175954156893 0.0 0.0 0.0013868718621 0.00202367606954 0.00167479481225 0.000132368026266 0.00112529871904 0.0110832297138 0.0236612450732 0.0198202725402 0.0380896662013 0.0468761531811 0.0289721399584 0.0135186253651 0.0139778291264 0.00279456460143 0.000768964720263 0.00418196130359 0.0158729584118 0.00526060510852 0.0 0.0 0.0 0.0 0.0
0.000806212069601 0.000877458608651 0.0 0.0 0.0 0.0 0.0 0.0 0.00235134348217 0.00220239031366 0.00205988582135 0.0 0.0 0.0 0.0 0.00539733366676 0.0 0.0 0.0 0.0 0.0 0.0 0.0 0.000660408935157 0.0 0.0128899220952 0.0358449138032 0.0 0.0 0.0114636097942 0.0106718966294 0.00454078504436 0.0330715060373 0.0526605472752 0.0142212313657 0.0157162399859 0.0142568908627 0.0112846331719 0.000595353065502 0.000938301531764 0.00229709560081 0.00271896918303 0.00167660694245 0.0 0.0 0.0 0.0 0.00920731537685 0.00692705884384 0.0201360560342 0.0264109034364 0.0108394064129 0.00286774151913 0.0 0.0 0.00318563160817 0.0 0.0128428963707 0.0109442129905 0.000808256461293 0.00521417768251 0.00962003371538
0.0 0.0 0.0 0.0 0.0 0.00397102921868 0.00404825899646 0.00803022662293 0.0 0.002113702888 0.0 -9999 0.0 0.00298792324964 0.0650756813424 0.0205975043716 0.0 0.021074258697 0.00193919805004 0.00519450228048 0.000607370693975 0.00681177463693 0.00206259545479 0.00337198379965 0.00583067777758 0.0216593252619 0.0571302581532 0.0 0.0 0.0437079085116 0.0200009972545 0.0239270492966 0.0251358447018 0.0313566359425 0.0373792561129 0.0 0.03131921016 0.0 0.0 0.00186235090624 0.00138664488763 0.000840608606954 0.00537644390211 0.00486540376023 0.0100222778739 0.0105069346953 0.0 0.0 0.00369849892288 0.005090595731 0.00645245605124 0.013420671256 0.0275281209602 0.00382119616828 0.00109014592712 0.00616653305541 0.0 0.0302019399867 0.0 0.0104855668264 0.0175078815466 0.011864071861
0.0 0.0 0.0 0.00694860174033 0.00742704593854 0.00616407291337 0.00747629873243 0.0101278927949 0.00729582474253 0.00802538570598 0.00610253876501 0.0 0.0 0.00377415806064 0.00590505854324 0.0479328778503 0.00650025547908 0.000851002352353 0.0 0.0166100414091 0.0185661954257 0.029957482339 0.0640953749915 0.0969718477044 0.0894461771731 0.074211224119 0.0538758153116 0.049733880892 0.0236614178902 0.0253730972006 0.0578882438611 0.0492006446171 0.0279032782652 0.04579368312 0.0540472750869 0.0543148572991 0.0304338811285 0.0 0.0 0.0 0.0 0.0147824174023 0.0154484321815 0.016141651403 0.00814780570594 0.0123502444327 0.00785555198303 0.0 0.0 0.0 0.0 0.00990898622909 0.0147545475072 0.0 0.0175262842153 0.0131873944595 0.016165127195 0.0272073662325 0.043297461203 0.0287156031771 0.0205548537465 0.0104465381697
0.00169257377949 0.00904289551969 0.0108057814318 0.0102614069143 0.00472166848332 0.00157820899412 0.00382746364335 0.0 0.0109105747889 0.0158304483173 0.00527504195742 0.00340500905094 0.0 0.00298422994658 0.0 0.0 0.00418506452734 0.0 0.0 0.0205905692243 0.0503295162159 0.0708225939289 0.101053651297 0.120879685625 0.127394253052 0.0859543136868 0.0 0.0377344305066 0.0246150184122 0.0 0.0 0.0 0.0116875327137 0.0140032588096 0.0128233768078 0.0152972768639 0.0108080580866 0.00669905693187 0.0 0.0 0.0 0.0 0.0 0.0 0.0 0.0 0.0 0.0 0.0 0.0 0.0 0.0 0.0 0.00158572474549 0.0166259069602 0.00857532522663 0.00647970603349 0.0193188023397 0.0254854614861 0.0126708845144 0.0038897823119 0.00551721386077
0.0144184617224 0.00249625296653 0.0 0.0 0.0 0.0 0.0 0.0 0.000645206694572 0.00167420585081 0.00416138958393 0.0157768433712 0.0 0.00126501687912 0.0111783202483 0.0 0.00435665552391 0.000741249289794 0.00641984017604 0.0148989811117 0.019014129681 0.0376673062472 0.0599559266672 0.0419352495104 0.0123648682213 0.0191584035151 0.0225397226831 0.021270301789 0.0417120680129 0.0690072638402 0.0627588582105 0.0384347595781 0.0214541633249 0.0250766088233 0.0171506655344 0.0166140014029 0.0178054725165 0.0191863909237 0.0148994089897 0.0125506453661 0.0113187876748 0.00800312307928 0.0066874771342 0.00310580575355 0.0 0.0 0.0 2.12504701506e-05 8.40612403615e-05 0.0 0.0 0.0 0.0 0.0 0.0 0.0 0.00946472274759 0.00574927075787 0.00379801006732 0.0 0.0 0.0
0.0409469191417 0.0278412300285 0.0223953178741 0.0243520578529 0.00467523791115 0.00208481314552 0.000174278431185 0.0 0.0 0.0 0.0 0.00309408769054 0.0269590110998 0.0344373673627 0.0307871400915 0.00344370857998 0.00438502111613 0.000382753237579 0.0 0.0 0.012057598735 0.042986116002 0.0236317726013 0.0223479468191 0.0301961817992 0.032564575605 0.0293462106941 0.0191476722652 0.00396165393485 0.00204991186594 0.00417378834123 0.0347870637899 0.087286910091 0.0631605476956 0.0643656805193 0.0615870411016 0.0533138173088 0.0230379750348 0.0271512286343 0.0236583788368 0.035349944085 0.0338639137471 0.0127110416205 0.0061651847947 0.00853183724497 0.00210876132476 0.0040788698299 0.00127709661998 0.00610653020602 0.0 0.00932653900529 0.0122250682229 0.000327050688326 0.0 0.0 0.0 0.00376826383826 0.00316455660508 0.0115870750644 0.00133632012596 0.0 0.0059618013695
0.0293601329692 0.0354963533735 0.0330278518373 0.0432343690055 0.0289095428077 0.0141802523398 0.00646691640313 0.00192875720748 0.0 0.000848507505217 0.00517408894606 0.00721973617721 0.0174456220251 0.0429147654873 0.0537682888761 0.0622161395124 0.0472974775077 0.109795447184 0.116999447371 0.0934515150879 0.0588888011121 0.0361472920041 0.0439032041478 0.0388327944088 0.0431928072248 0.0430231398943 0.0313765074481 0.0149519177853 0.0101603180673 0.00585071870641 0.0247759406491 0.0288186053652 0.0529409895723 0.0692760201004 0.0542989090928 0.0590922057561 0.0734726127824 0.0685556864446 0.0506123742305 0.0277740410574 0.0130651729873 0.0230854453167 0.000685975437187 0.00507982370289 0.00497621975657 0.00012179098966 0.0 0.0 0.0 0.00101930953124 0.00735916951071 0.00823769841384 0.00955786156849 0.0054397775979 0.0 0.0 0.0 0.00554617549422 0.00187155371518 0.000103627148052 0.0 0.0
0.0230661649256 0.0326091507063 0.0291848871753 0.0813270540288 0.00941109110555 0.0363495477864 0.0503639312512 0.0596423370153 0.0900552604034 0.0782724758266 0.0966455531524 0.0785069962585 0.106805075423 0.0909482571853 0.0863077656808 0.0774782893579 0.0776345040434 0.0330310969867 0.00117142703075 0.0 0.0296097604802 0.0667350069501 0.0679491705512 0.06025396375 0.0418222236899 0.0396767200812 0.036400554787 0.0455631836548 0.0434161857713 0.0503201781581 0.0650661442843 0.0215133652523 0.0207670285669 0.0310417650805 0.0318109396651 0.0348871445627 0.0147269652653 0.0280147524017 0.0320390723292 0.0075609239682 0.0122276554639 0.0 0.0 0.0 0.0 0.0 0.0 0.0 0.0 0.0 0.000529934159127 0.00101880539654 0.0 0.00152498131202 0.0 0.0 0.0 0.0 0.00467667410281 0.000178527448946 0.00387748638649 0.00432082963261
0.0318030795623 0.0163649429272 0.04787454908 0.0493217340956 0.0807461195236 0.139826380908 0.129904623487 0.129367700785 0.119425537647 0.127114140738 0.133978754966 0.132527011524 0.11623334453 0.116593024451 0.0828100656088 0.0732929105458 0.000443541458985 0.0 0.0 0.0 0.0729622237971 0.0769476192306 0.0700690324617 0.1010381422 6.91156112733e-05 0.0888694969417 0.0571170829937 0.0495099516045 0.0131088174793 0.00455832301174 0.0151278584677 0.00849670538665 0.0067887581875 0.0152884536013 0.0132674215842 0.00603145689064 0.00628396780283 0.0115621323147 0.0099139487118 0.00258883363666 0.0 0.0110033894865 0.00599340713743 0.0 0.0 0.0 0.0 0.0 0.0 0.0 0.0 0.0 0.0 0.0 0.0 0.0 0.0 0.0 0.0 0.0 0.0 0.0
0.0106771393189 0.0428503891804 0.0812563797412 0.108202265993 0.0969986126272 0.126057142191 0.111980621439 0.103174698762 0.100392971259 0.0667763968499 0.100152209333 0.111301145342 0.105857652628 0.0863322081709 0.0322048600639 0.0756037211282 0.0642282425885 0.0752225546769 0.082337852506 0.0778411153173 0.0759459476757 0.0710083027276 0.0450860855596 0.0569542751586 0.0482572641245 0.0206496966748 0.0108800296366 0.0106732744836 0.00190404697307 0.00509662631893 0.00779350852376 0.0 0.00399496683636 0.0 0.0 0.0 0.0040699267316 0.0 0.000160636218426 0.0 0.0 0.00263430852346 0.0 0.0 0.0 0.0 0.0 0.0 0.0 0.0 0.0 0.0 0.0 0.0 0.0 0.0 6.81355038239e-05 9.613579379e-05 0.0 0.0 0.000536072258315 0.000276268887326
0.0 0.03694330091 0.0530180784167 0.122476346329 0.118816786519 0.13645021627 0.0834214474762 0.0514481156623 0.0597825482919 0.0772928876353 0.0873342814363 0.0949489965544 0.0774289242704 0.068939643035 0.0577219430052 0.0513069510303 0.054184742915 0.0615738456069 0.0773112195208 0.0788485272117 0.0593112934702 0.0261060876272 0.0159803670162 0.0389420815398 0.0319964659712 0.0 0.0172224780603 0.0121284714815 0.00801428935249 0.000759025681311 0.0 0.0 0.0 0.0 0.0 0.0 0.0 0.0 0.0 0.0 0.00406393863744 0.000594060068111 0.0109306508059 9.70113832117e-05 0.0 0.0 0.0 0.0 0.0 0.0 0.0 0.0 0.0 0.0 0.00232636509826 0.0 3.08290656247e-05 5.80857775416e-05 0.0 0.0 0.0 0.0
0.0434810452179 0.0574047197434 0.0591179176752 0.0562976008441 0.144124166234 0.0782156832739 0.0313250050479 0.0137791271751 0.0307703759482 0.0449028122225 0.0565262878989 0.0535834449731 0.0698819074862 0.0761953295085 0.0495419727961 0.040442033481 0.034427602622 0.03122906261 0.01997563384 0.013603190159 0.0101039860904 0.00762701375692 0.0094565284684 0.0211114053084 0.0191815891758 0.0 0.0 0.00261339436624 0.0 0.0 0.0 0.0 0.0 0.0 0.0 0.0 0.0 0.0 0.0 0.0 0.0 0.0 0.0 0.0 0.0 0.0113110604224 0.0112064795898 0.0 0.0 0.0 0.0 0.0 0.0 0.0 0.0 0.0 0.0 0.0 2.21399983827e-05 0.00182815274622 0.0 7.22710689561e-05
0.0553788327278 0.0432733600535 0.0636129355367 0.0434612909246 0.0284293355482 0.048652866315 0.0789011074645 0.0344957555221 0.0611044750893 0.0608870736503 0.0441311198316 0.049154775473 0.0402037390222 0.0452304162626 0.0300153401141 0.0274141142003 0.0148134179558 0.00877110538982 0.0 0.00355141815119 0.00221638127511 0.000200564074046 0.0144662766791 0.00956531490222 0.00429848658736 0.0 0.0 0.0 0.0 0.00665557264699 0.0 0.0 0.0 0.0 0.0 0.0 0.0 0.0 0.0 0.0 0.0 0.0184134875438 0.00572736742159 0.0104504467601 0.0 0.0 0.0180950485794 0.0 0.0166367106613 0.0130419617865 0.00386983614247 0.0 0.0104250614098 0.00487358811535 0.0 0.0 0.0 0.0 0.00285414469474 0.0 0.0 0.0
0.128300288976 0.168493839153 0.181008276134 0.207075665626 0.193813493198 0.204720810246 0.183894333816 0.163207374751 0.119622394156 0.100444662372 0.0597911966416 0.0479720094019 0.019238179798 0.00548549833155 0.0169232146163 0.0156593813905 0.0173493640493 0.0156359883919 0.0138152473313 0.0 0.0107534090593 0.00867810775071 0.0 0.0 0.00554556085239 0.00627833471276 0.0 0.0 0.0 0.0 0.0 0.0 0.0 0.0 0.0 0.0 0.0 0.0 0.00691624823842 0.0140720620187 0.00123026827927 0.00578846440157 0.0187856095346 0.0 0.0128121250932 0.0126495524643 0.0154183009321 0.0151136333251 0.0 0.0 7.4194046855e-05 9.16795129261e-05 8.9303901241e-05 0.000150799620706 0.00012902754298 0.0 0.000892056000599 0.0 0.00289837269735 0.00457033213988 0.00628450460651 0.00668900460714
0.181286919928 0.18570964032 0.200236612828 0.216770957755 0.199307031763 0.181295554256 0.201809246157 0.21701621567 0.201891169837 0.15575279975 0.0766870480218 0.0596852465122 0.0159273852248 0.010721166876 0.0123608575058 0.00888047866738 0.00871193122747 0.0109365946797 0.0100860148557 0.00594103817791 0.0 0.0 0.0 0.0 0.00584079378162 0.0105366617586 0.00614915413698 0.0 0.0 0.0 0.00626587281516 0.0 0.0 0.00520693136494 0.0 0.00407315514608 0.0 0.012506586104 0.00235212465582 0.0 0.00125238019322 0.00200850352507 0.0109797929515 0.0133242196438 0.00348110775079 0.000191143546459 0.0 0.0 0.0 0.0 0.0 9.5745593326e-05 0.0 0.0 0.00180785400637 0.0 0.000395915792128 0.00276022732225 0.0050758101921 0.00682068057461 0.0085516455814 0.0100419271869
0.184623424308 0.183086765823 0.199444479256 0.184231783846 0.177383635676 0.180861421606 0.205761645671 0.218717689842 0.213252523947 0.165550784775 0.101779485124 0.0664531909179 0.0169365371706 0.00718789706368 0.00576426959817 0.00340369184546 0.00135893967799 0.00170975150283 0.0 0.0 0.0 0.0 0.0 0.0 0.00535578008893 0.00791534457724 0.0 0.0 0.0 0.00623069430884 0.0064412360256 0.0 0.0 0.0 0.0 0.00713153371553 0.0 0.0049898133574 0.0028267895082 0.00237346186293 0.00840901221765 0.00614887806313 0.000374314177914 0.0 0.0 0.0 0.0 0.0 0.0 0.0 0.0 0.0 0.0 0.0 0.0 0.00237775340481 0.00362149415903 0.00478254722016 0.00571198750693 0.00705909577739 0.00568294690198 0.00663021092801
0.0467448141375 0.0896510234962 0.0741278464679 0.124219112785 0.170668648817 0.188555709179 0.187767078023 0.175142834167 0.192505119936 0.109180124084 0.112055633469 0.0554731485273 0.0160855798375 0.0 0.0136154326797 0.00498929958158 0.000280189705893 0.000515242756257 0.00488965686252 0.0 0.0 0.0 0.0 0.0 0.00944625728424 0.00850901239459 0.0 0.0 0.0 0.0 0.00783182767398 0.00793473560222 0.00805426893845 0.0121098111193 0.0 0.00272664774225 0.00699234938311 0.00960221964845 0.0 0.00320653133197 0.00537034752207 0.00319376042709 0.000495121857598 0.00347900233154 4.70143008943e-05 0.0 4.54108881502e-06 0.0 0.0 0.0 0.0 0.0 0.0 0.0 0.0 0.002811685839 0.00323165046338 0.0055082515591 0.00774869729664 0.0 0.00874924853937 0.00825113696141
0.103699174092 0.075122746934 0.0819927358809 0.101884576347 0.149672413166 0.184368927685 0.168205323377 0.162840743379 0.190520422636 0.152239101689 0.11811342471 0.077485515873 0.0469728888067 0.0293697984283 0.0110235966651 0.00418271395389 0.0 0.000504515391136 0.004153272157 0.0 0.00186472302667 0.00602419517291 0.00551684190114 0.0 0.0 0.00946394133991 0.00440239432835 0.0 0.00612341638092 0.0 0.0 0.0103751018973 0.00198627413181 0.00197848233728 0.0180121610963 0.00923944199843 0.00181329722858 0.00515542857884 0.000692206536221 0.0 0.0053171561056 0.006931467712 0.0 0.000241792659037 0.000246587874176 0.000150125662005 1.63244731924e-05 8.92381494648e-05 0.00152402597124 0.00291008350533 0.0 0.0 0.00780325978427 0.000618676947751 0.00055824537241 0.0 0.0 0.00498296941162 0.00901185485038 0.000208109624589 0.00990503315241 0.00953707154605
0.0520694538713 0.0380614849902 0.0648346162693 0.102641213574 0.0976012411543 0.155668614081 0.150987396252 0.170102383927 0.165901336856 0.158985273454 0.134306030426 0.094738402548 0.0560761424049 0.0353842513277 0.0267808337759 0.0180808595354 0.00961019732969 0.00319380158983 0.00061909933316 0.00203280114382 0.0 0.0 0.0 0.00284882144464 0.00777751771962 0.000331743552389 0.0 0.0156105047733 0.0128949720388 0.0 0.0077935336733 0.0227646217293 0.0270986590096 0.000355390592894 0.00343226066009 0.00423681891863 0.0107123528826 0.0160888747604 0.000491097722165 0.00125987078426 0.0 0.0101117709836 0.0114660204465 0.0103893157912 0.000204091273083 0.00127955657188 0.000383110616961 0.00595657791914 0.00186688253318 0.0 0.00517661498223 0.0151254400569 0.00870003535659 0.0 0.0121359117659 0.0055139038455 0.00347165935866 0.0 0.0100553876757 0.0 0.0145528667916 0.0145961425457
0.0172424509742 0.0181680745208 0.0187362611989 0.0636300543477 0.135191051653 0.15871539013 0.168299344205 0.18530897444 0.176822622436 0.177474007884 0.143617119431 0.117499718931 0.0621817909619 0.0676728706982 0.065652979677 0.0341671601508 0.0239207767696 0.0173281949401 0.0147225526002 0.00968456881874 0.00385369851045 1.7491838311e-06 0.0 0.0 0.0 0.00435620900859 0.010196582185 0.0159388373165 0.000173018369917 0.00254593389275 0.00532000104847 0.0 0.00143584945964 0.0018861708525 0.00836666708884 0.019989171329 0.0185824054637 0.0177485191889 0.00403790017029 0.00162141896606 0.0233467486459 0.0223987027793 0.0128379020445 0.00804193883027 0.00722346786219 0.00544766326271 0.00406295473221 0.00630860639407 0.00398872606795 0.0133640817521 0.00610845363729 0.0110225089233 0.0125569327758 0.0 0.00736832415878 0.021461114778 0.0343623871277 0.0468480385155 0.0318044969516 0.0176060452138 0.00768750815593 0.0236266777268
0.0354673675286 0.0151837988527 0.097085287829 0.133927201584 0.177736104336 0.203736603087 0.209797424971 0.186780473729 0.171984966746 0.175025731508 0.165273611863 0.117712905501 0.0857696029809 0.0967915257681 0.103472369857 0.0741816234367 0.0471475728096 0.0357835581506 0.0238661869363 0.017616927224 0.0109269765029 0.0 0.00452338490574 0.0 0.0 0.000955213468197 0.00214687499422 0.0 0.00820050875434 0.000865411439548 0.0192074569358 0.0146215199916 0.0 0.020708267941 0.0284791343629 0.0175666386611 0.0198662318984 0.017007980577 0.0239344265644 0.00885772588727 0.0247684543191 0.0163632419895 0.000937582190757 0.017240320201 0.0132657595307 0.00476595823585 0.00327774672547 0.00790967379382 0.00680270648332 0.00928000986753 0.000643071776064 0.00590185466995 0.00893625761974 0.0155921017854 0.0151799003799 0.0134514662648 0.0245941305131 0.0360818101926 0.0412087085085 0.0247231821648 0.0254025356866 0.0360609422766
