critload/trunk/input/1999/fgw_rec_ag.asc
ncols 720
nrows 360
xllcorner -180
yllcorner -90
cellsize 0.5
NODATA_value -9999
[rows 189 to 215 of 360, columns 372 to 433 of 720]
-9999.0 -9999.0 -9999.0 -9999.0 -9999.0 -9999.0 -9999.0 -9999.0 -9999.0 -9999.0 -9999.0 0.27471381852 0.22255570789 0.186315984203 0.35854719192 0.364260428702 0.339140913861 0.393806666737 0.265994930686 0.279686873286 0.323154636067 0.314316749891 0.336200234404 0.291193234938 0.385137408288 0.391452007414 0.380876689479 0.253898445152 0.24243152332 0.246126254614 0.276535696251 0.239535885119 0.245234584266 0.329751322643 0.236713889339 0.238167363835 0.278002960745 0.293951611648 0.23760293031 0.188734224548 0.231435988299 0.168368047348 0.195302060491 0.0611393675182 0.136000101385 0.229835066623 0.0 0.0371324688103 0.176050117825 0.158856488509 0.159870422328 0.0346505541895 0.135771263805 0.105135597149 0.0552065052006 0.0312806949975 0.0802611119039 0.121710100154 0.0601940156045 0.0941983248918 0.121068600482 0.0812652283984
-9999.0 -9999.0 -9999.0 -9999.0 -9999.0 -9999.0 -9999.0 -9999.0 -9999.0 -9999.0 -9999.0 -9999.0 0.0674943624559 0.218647380936 0.172068038631 0.315953657437 0.354892734934 0.42296501948 0.375389175926 0.300800466165 0.292576102584 0.238283422509 0.310734810104 0.295812431778 0.341818126653 0.314435103192 0.343363300884 0.306308266954 0.295416781594 0.247234602771 0.228948246888 0.217911703356 0.244382850824 0.26350905024 0.25105818626 0.257019822068 0.287573859441 0.27589902054 0.205189207051 0.204172176158 0.128759968447 0.130287194705 0.107214149028 0.0374214614375 0.0274577153013 0.144731555176 0.0 0.0 0.189962828112 0.182904193812 0.12805328761 0.0775105248739 0.108466925539 0.0090220520635 0.0476713066206 0.00614421821813 0.000580554976767 0.0271635952093 0.00203591429908 0.0740360970559 0.0738367424724 0.0
-9999.0 -9999.0 -9999.0 -9999.0 -9999.0 -9999.0 -9999.0 -9999.0 -9999.0 -9999.0 -9999.0 -9999.0 0.076222715254 0.114724025067 0.230482348079 0.126727541006 0.314370083982 0.383932958506 0.346569009937 0.237964323822 0.254511495832 0.250124060248 0.311471281614 0.296167626184 0.28069419416 0.298473330197 0.345618805915 0.32884456727 0.266340651319 0.208758702253 0.184344507125 0.198353764846 0.200907642828 0.306043180075 0.336625776935 0.244143726106 0.27014431774 0.171693369457 0.217796806944 0.20033737455 0.20602107928 0.221907107722 0.190788186667 0.134894905847 0.0742634948361 0.0723189628556 0.0491779428219 0.0 0.198289488391 0.206195159178 0.0337310513111 0.057761461916 0.0944585605582 0.0603905672886 0.000619879524233 0.00137137997734 0.00320051030027 0.0291083116819 0.0714648924747 0.0797919615052 0.0172355109938 0.102585542003
-9999.0 -9999.0 -9999.0 -9999.0 -9999.0 -9999.0 -9999.0 -9999.0 -9999.0 -9999.0 -9999.0 -9999.0 0.0890912981651 0.028217207573 0.134890220424 0.0462163991845 0.291193220857 0.343743079206 0.267486564681 0.23827639869 0.204170361038 0.260378964383 0.202780715028 0.263557991153 0.275719071639 0.239082091 0.294260414097 0.243238322525 0.194782338484 0.159964480752 0.150308291652 0.181736466902 0.202767293043 0.390905376264 0.368837840578 0.227999070087 0.313712816552 0.17578937427 0.129938318855 0.110731178101 0.153206887683 0.244746198786 0.208490111406 0.171247569279 0.117039816233 0.0698060715269 0.0 0.0 0.115096227317 0.129954764295 0.120820338882 0.0538547242186 0.0422958193474 0.00578410736189 0.00180340681733 0.000446291105942 0.0165913213973 0.00056926686382 0.0 0.129095838916 0.0293936758511 0.107717771185
-9999.0 -9999.0 -9999.0 -9999.0 -9999.0 -9999.0 -9999.0 -9999.0 -9999.0 -9999.0 -9999.0 -9999.0 -9999.0 0.0 0.000234967841111 0.0991338013931 0.155296491226 0.343608422935 0.32217538732 0.246193107339 0.212320039219 0.167337576998 0.121605266578 0.243116375985 0.25059486037 0.253746375524 0.235260144939 0.186004947514 0.191655261986 0.148883584178 0.119745968858 0.190740328949 0.233273861546 0.274290743166 0.294449202463 0.205317480859 0.206398716543 0.248091255421 0.162749803255 0.187453829362 0.10682357722 0.173918065808 0.174138353862 0.165111160082 0.13174650171 0.143164741313 0.165539748205 0.0 0.0 0.15262380095 0.16511728182 0.086944432639 0.0153929173836 0.00404495209671 0.00118419801191 0.0255605674145 0.000948245448211 8.52192429807e-05 0.0252116452664 0.0728475455431 0.0809099258737 0.0553583107266
-9999.0 -9999.0 -9999.0 -9999.0 -9999.0 -9999.0 -9999.0 -9999.0 -9999.0 -9999.0 -9999.0 -9999.0 -9999.0 0.0239301167636 0.00593551842089 0.131989028161 0.229144895316 0.306002394478 0.346207891002 0.21169215813 0.161404041888 0.134296014149 0.156183065562 0.142642444469 0.209104938064 0.252184463494 0.247090381639 0.208494413652 0.166207322734 0.166379282672 0.135172911652 0.203695449971 0.277494579298 0.247842564025 0.311018512355 0.32584597487 0.264403118945 0.227087597126 0.24648392771 0.194132436366 0.222113744047 0.198416444725 0.177187093112 0.152378824801 0.143808901245 0.185572405196 0.18338661885 0.164920766786 0.0 0.100464061719 0.144578263055 0.130015106537 0.0932028585905 0.00751206130055 0.0938189992706 0.097644006503 0.0751364272256 0.0520354252371 0.0735058867523 0.0211992408852 0.113164273605 0.0899168282992
-9999.0 -9999.0 -9999.0 -9999.0 -9999.0 -9999.0 -9999.0 -9999.0 -9999.0 -9999.0 -9999.0 -9999.0 -9999.0 -9999.0 0.0372497914219 0.130564409929 0.182422526583 0.239791843308 0.311456398842 0.215043654468 0.125345910043 0.119046782024 0.130813435513 0.106686001474 0.10179709749 0.191301010541 0.231534290249 0.236632512567 0.183029827247 0.168494580513 0.259625702404 0.17074268038 0.24187088401 0.270365798424 0.280063158028 0.251050340441 0.249287250638 0.199229522792 0.231323428814 0.112017967475 0.129533970044 0.177646367947 0.117089977696 0.0489910570478 0.118187216355 0.166265356751 0.196700423461 0.221039652448 0.0 0.0 0.17536118358 0.0 0.0 0.13905169601 0.121780221911 0.0469972868274 0.0228218828035 0.045513075228 0.0619594924434 0.112471570511 0.210685078449 0.22093919203
-9999.0 -9999.0 -9999.0 -9999.0 -9999.0 -9999.0 -9999.0 -9999.0 -9999.0 -9999.0 -9999.0 -9999.0 -9999.0 -9999.0 0.0243527818713 0.0839015148641 0.17980192966 0.168533379511 0.297567823883 0.229377216278 0.14041572713 0.0709206027461 0.0579430731876 0.0295951153589 0.106063253599 0.181414181185 0.195966126405 0.201008643763 0.18923024636 0.167126061893 0.236460347791 0.130688637735 0.20742926018 0.216381532502 0.239423865458 0.238850533435 0.228461939828 0.199046579869 0.2478622171 0.165153130526 0.105969071561 0.0370383816341 0.115959218536 0.131123901968 0.176599251849 0.195360161268 0.20912342061 0.175372136407 0.14399824887 0.0 0.143312291708 0.171896305421 0.0937692085114 0.00092482618085 0.0576749768482 0.164816258078 0.170511817969 0.0931360364084 0.156642393898 0.23801339399 0.268243933254 0.438561416401
-9999.0 -9999.0 -9999.0 -9999.0 -9999.0 -9999.0 -9999.0 -9999.0 -9999.0 -9999.0 -9999.0 -9999.0 -9999.0 -9999.0 0.0535179457915 0.0311214442687 0.167183136589 0.171897870268 0.26870396612 0.326821354307 0.117462777492 0.139332356308 0.0273749837839 0.0612443099607 0.094834689645 0.13288125305 0.142432260936 0.128490505123 0.116005588853 0.122256048695 0.0914844949467 0.113484487287 0.250314264583 0.202499733889 0.304427961072 0.297261198543 0.216501968319 0.190166207577 0.256331919483 0.196760495887 0.0310244450972 0.0830984696369 0.0968493049961 0.16071560827 0.099332809324 0.0 0.11200193875 0.0 0.158928292496 0.126823491533 0.075409314804 0.122255692805 0.0733319242894 0.0336918415521 0.160347926677 0.194789843355 0.214797272869 0.149465449087 0.210799286306 0.151575307839 0.404326868096 0.305744702915
-9999.0 -9999.0 -9999.0 -9999.0 -9999.0 -9999.0 -9999.0 -9999.0 -9999.0 -9999.0 -9999.0 -9999.0 -9999.0 -9999.0 0.0549995350566 0.05880062125 0.0784007703128 0.183491688688 0.204105246132 0.161188115156 0.217870923388 0.0983489462515 0.142124939733 0.0976171303124 0.0504243602644 0.0799509030782 0.11793387093 0.129294965578 0.127235787313 0.172910648002 0.140009097069 0.0884584138855 0.169976480448 0.189869103966 0.305730024157 0.296127867642 0.229118530372 0.138349218085 0.209323854652 0.102142013683 0.105630486503 0.132258680077 0.150475089451 0.175281761902 0.0466308965171 0.0 0.212437249874 0.211317820263 0.247609539643 0.278769310007 0.272864480838 0.0769693416333 0.0780726444904 0.0398556029394 0.129716732208 0.149526218972 0.299791667304 0.155936296642 0.276182292263 0.171851037094 0.241569568256 0.359759390163
-9999.0 -9999.0 -9999.0 -9999.0 -9999.0 -9999.0 -9999.0 -9999.0 -9999.0 -9999.0 -9999.0 -9999.0 -9999.0 -9999.0 0.0724137127804 0.0599051061669 0.0424976903736 0.184340608524 0.182330047356 0.185489239168 0.201019660765 0.117141336423 0.0240180192792 0.179386478171 0.235886006036 0.0599367109683 0.0787792552874 0.104166660966 0.106810215637 0.162916747244 0.161119326658 0.122070639712 0.152448174629 0.146933943452 0.20671310155 0.237566785975 0.208943736149 0.122393901123 0.142564909126 0.17756815598 0.119150492915 0.127681076635 0.0974753091781 0.159573201273 0.166923297109 0.25597434075 0.185043323643 0.202214351535 0.254280383408 0.284861313618 0.25699027311 0.0609605643265 0.0675493865229 0.113884787028 0.225667387484 0.121269306111 0.0 0.234630934245 0.192477140299 0.136465913326 0.199317531268 0.366369247307
-9999.0 -9999.0 -9999.0 -9999.0 -9999.0 -9999.0 -9999.0 -9999.0 -9999.0 -9999.0 -9999.0 -9999.0 -9999.0 -9999.0 0.0730318653801 0.0677224512685 0.0530786136911 0.152981150958 0.124196352631 0.106624907138 0.0856503972806 0.152212543674 0.169949182688 0.165792998184 0.220919392324 0.0777091517963 0.107456491888 0.136070984062 0.172757820433 0.149069639366 0.1303909247 0.148414390814 0.160465765522 0.15628338861 0.187704427342 0.152165346133 0.114202326485 0.172172152646 0.13048989532 0.260963046662 0.140680696423 0.179088047449 0.139032138879 0.169900283426 0.134510635745 0.260391891054 0.214835657426 0.20556991703 0.233575438258 0.260954350879 0.266297617752 0.0752344733417 0.125244597025 0.132933094573 0.110739788705 0.245924158962 0.0 0.205633637755 0.303689908767 0.246488276015 0.208501809917 0.316552075736
-9999.0 -9999.0 -9999.0 -9999.0 -9999.0 -9999.0 -9999.0 -9999.0 -9999.0 -9999.0 -9999.0 -9999.0 -9999.0 -9999.0 -9999.0 0.0527672889978 0.069473711403 0.109417118342 0.187886632594 0.234210140408 0.220939385725 0.199633805665 0.231653709133 0.173979233406 0.0811426553328 0.0724345915209 0.133079624988 0.169223918664 0.201664800556 0.156010804822 0.144783253504 0.157965244018 0.16119978067 0.166512580569 0.212279855828 0.144172069625 0.149596647329 0.222357797039 0.277091022254 0.270744364595 0.271412026268 0.239268691421 0.0761467945429 0.123321369545 0.115992019816 0.237794254429 0.219121340121 0.0639871471392 0.278251423603 0.294858053164 0.231888053753 0.25054275291 0.114376040715 0.134566772459 0.100814024712 0.274190484712 0.0389398097347 0.157804423114 0.211766873887 0.262553958273 0.283162117931 0.298573753784
-9999.0 -9999.0 -9999.0 -9999.0 -9999.0 -9999.0 -9999.0 -9999.0 -9999.0 -9999.0 -9999.0 -9999.0 -9999.0 -9999.0 -9999.0 0.04989925731 0.00641328213495 0.105613554569 0.120851611914 0.17246357068 0.228556477504 0.227862760226 0.260557804417 0.243768541372 0.0900098676436 0.095752790802 0.147645703983 0.155809099182 0.133487833826 0.120274363861 0.180790055915 0.169913291751 0.183383472396 0.153316604032 0.201012762283 0.258157150998 0.234705411361 0.339458695691 0.315880998113 0.313731580797 0.309634487417 0.277780908852 0.247928591723 0.218845887685 0.208657340149 0.231985321935 0.229725417899 0.0346985957879 0.274511084582 0.274797149743 0.287024432402 0.280405376127 0.196672567745 0.0713440507719 0.0673473937124 0.151053464858 0.127132717128 0.104137053614 0.222094579979 0.337341690581 0.334048188571 0.328350866862
-9999.0 -9999.0 -9999.0 -9999.0 -9999.0 -9999.0 -9999.0 -9999.0 -9999.0 -9999.0 -9999.0 -9999.0 -9999.0 -9999.0 -9999.0 0.00778690753293 0.0729252856805 0.162136343608 0.15822717917 0.105983768435 0.138164966923 0.116979846244 0.170989720478 0.233409891162 0.106928953125 0.118924139212 0.13648341204 0.129409367672 0.0889742165769 0.153356819004 0.143702495705 0.176133323765 0.171668101661 0.20025745048 0.115881297052 0.247985088225 0.161403892999 0.357720244136 0.3454797294 0.326854058875 0.329702431401 0.307951540628 0.310002822266 0.268155414244 0.245545463672 0.26502032989 0.264721040769 0.274426641754 0.275797415694 0.115806971563 0.260876938731 0.230158026838 0.104921362545 0.117357647268 0.0848338346849 0.219503409599 0.312217267869 0.0 0.366178086963 0.347026912777 0.319820751044 0.235739621397
-9999.0 -9999.0 -9999.0 -9999.0 -9999.0 -9999.0 -9999.0 -9999.0 -9999.0 -9999.0 -9999.0 -9999.0 -9999.0 -9999.0 -9999.0 0.0 0.00275979192693 0.125203359163 0.159508147761 0.150086421312 0.16525505314 0.102764722604 0.101483600061 0.121950292775 0.161109343008 0.130491529758 0.118824368757 0.0905417351718 0.0720557055597 0.146097856063 0.1710729655 0.148386104619 0.159656453711 0.0494691870608 0.210426806112 0.212969505295 0.228360468004 0.225952284622 0.308227300648 0.315645723711 0.261365168254 0.33251929086 0.308998107182 0.298962717977 0.285624028116 0.292355926669 0.297655726928 0.262429411152 0.244868781288 0.276556142718 0.207282677725 0.178360749041 0.145023808868 0.0841699078633 0.142554077806 0.283011289343 0.0 0.236122320859 0.38256757466 0.358239787576 0.274638249049 0.230702588319
-9999.0 -9999.0 -9999.0 -9999.0 -9999.0 -9999.0 -9999.0 -9999.0 -9999.0 -9999.0 -9999.0 -9999.0 -9999.0 -9999.0 0.000189644743109 0.000509712714183 0.0533602677697 0.125549112973 0.189736732275 0.178027749141 0.168302316264 0.169437473799 0.175389961753 0.109301234651 0.12574561785 0.11773578788 0.0934509167456 0.0795847422802 0.0799792217479 0.104503908938 0.139129462153 0.160230123556 0.157304007852 0.0665390718983 0.163436325236 0.188300498377 0.176589515077 0.250258876978 0.290324185912 0.288346598688 0.292838763707 0.31640107347 0.314816336399 0.311794489307 0.323736179823 0.28517397651 0.286953699812 0.283269149932 0.262423293428 0.196396983336 0.152581149986 0.160626868272 0.108611811785 0.0458545486251 0.137092763785 0.246191584424 0.208117662868 0.120342063001 0.334896158068 0.287058334525 0.170960395762 0.21115391997
-9999.0 -9999.0 -9999.0 -9999.0 -9999.0 -9999.0 -9999.0 -9999.0 -9999.0 -9999.0 -9999.0 -9999.0 -9999.0 0.0 0.0487047860366 0.0612827877323 0.00174286070715 0.120133325101 0.0883731110319 0.170766262349 0.170584479714 0.150617573764 0.0515392330688 0.0779880112671 0.112466253182 0.110518957672 0.0860472921054 0.0798074624296 0.0872978053346 0.0921605357603 0.105840687585 0.0899612023807 0.0869606359996 0.113481445942 0.135824683671 0.14382280716 0.0785869230355 0.158902568032 0.229835939676 0.275810868206 0.285400979308 0.280928620767 0.303093196797 0.308350266518 0.190058955316 0.262835797818 0.270172382535 0.276250133489 0.223021200042 0.174892710994 0.0941898078591 0.173672605166 0.12473265187 0.0448770397939 0.171119865217 0.0694939199289 0.192288853248 0.0466436245178 0.229025086537 0.232863022498 0.179049174323 0.173116934009
-9999.0 -9999.0 -9999.0 -9999.0 -9999.0 -9999.0 -9999.0 -9999.0 -9999.0 -9999.0 -9999.0 -9999.0 -9999.0 0.000309812570959 0.0 0.000217648123869 0.134847112979 0.0739658703821 0.0800790925946 0.150267809807 0.179781317822 0.0287264226418 0.0340902603172 0.044041101756 0.0790862981997 0.0705489268413 0.0786981250941 0.0860765083161 0.0926870019286 0.0858311719081 0.100078188461 0.124933970793 0.0760044525208 0.108575367107 0.125275880867 0.14433299876 0.10213026934 0.1575866012 0.125933832177 0.261527946812 0.283437964097 0.282290610228 0.245589438005 0.258590589467 0.163211661171 0.0612722297876 0.151734092024 0.195667828707 0.218797044073 0.0972793792866 0.241573456964 0.148846093272 0.0501452316676 0.0523484127866 0.108395822054 0.156658538655 0.234745047701 0.0 0.148789659492 0.167355170967 0.137295645654 0.158420767018
-9999.0 -9999.0 -9999.0 -9999.0 -9999.0 -9999.0 -9999.0 -9999.0 -9999.0 -9999.0 -9999.0 -9999.0 0.0 0.000254949586506 0.0241385726176 0.0531319838599 0.100595730375 0.000828097584087 0.0405292879402 0.134647110032 0.137771735542 0.0184441944995 0.00647396011529 0.0284914693824 0.041997237008 0.039564443467 0.0486360025639 0.0580109203075 0.076748154232 0.0802471949212 0.0794320881567 0.0897482069652 0.0760250076119 0.064895765932 0.100897426524 0.0414265754214 0.102446249399 0.0700272245644 0.101324191486 0.0995933371273 0.118258159682 0.123593502332 0.110224378362 0.0970068752009 0.101261975599 0.0275043533651 0.0770007398012 0.182358614118 0.0817962055804 0.0626524959539 0.158355203211 0.0646453260342 0.0652263405808 0.186711869281 0.204125062801 0.159496081031 0.253174714702 0.0314737716995 0.0416907070182 0.0253508452471 0.0168027220984 0.0103228921881
-9999.0 -9999.0 -9999.0 -9999.0 -9999.0 -9999.0 -9999.0 -9999.0 -9999.0 -9999.0 -9999.0 -9999.0 0.0 0.00186921846944 0.0975905405795 0.106874257974 0.00809873950335 0.0385720773819 0.0798318648093 0.0622948161745 0.0664448363576 0.0869578345683 0.00958764327362 0.0459951749085 0.0215329570335 0.0306816933747 0.0645563441855 0.0406313069595 0.0644292875693 0.0583860234955 0.0628813990638 0.0597147534913 0.0812355349001 0.0644238106977 0.116607198552 0.0799679209251 0.0789967720726 0.0510984825448 0.0467917225019 0.0482749866932 0.0276518422217 0.0230302152468 0.0277728062398 0.105618227577 0.146762136972 0.0956223100699 0.0438692269532 0.02888966405 0.0567621013795 0.10520959188 0.0893064769584 0.044888837484 0.0525175366055 0.111231655604 0.220287546575 0.177277662433 0.0676371839625 0.273296996509 0.126176817177 0.101698273856 0.127707799659 0.145488903289
-9999.0 -9999.0 -9999.0 -9999.0 -9999.0 -9999.0 -9999.0 -9999.0 -9999.0 -9999.0 -9999.0 -9999.0 0.0 0.0351924932204 0.070848127997 0.0723194203694 0.000162874025126 0.0 0.000748363876849 0.000209267271424 0.0412884758399 0.0110984718491 0.0330024081316 0.00921331469411 0.0111652790915 0.0300278853647 0.0205574425049 0.0290794550671 0.021056674653 0.0249584338548 0.0424537167619 0.0830599880691 0.0223283865217 0.00574195233986 0.052790820921 0.0575894978983 0.0336067758441 0.0414162575016 0.00221849128686 0.00102428083994 0.00202309244906 0.00112621630324 0.0288576025465 0.0889675850416 0.151840232759 0.0940248319497 0.131235293642 0.046961468488 0.058625708106 0.0752815996702 0.104313158554 0.118390292392 0.134165031719 0.0952146140198 0.188328347076 0.117691421246 0.154556961948 0.27823619366 0.190019647813 0.195761022393 0.233916670968 0.224881450049
-9999.0 -9999.0 -9999.0 -9999.0 -9999.0 -9999.0 -9999.0 -9999.0 -9999.0 -9999.0 -9999.0 0.0992212815722 0.0 0.0105152151142 0.0 0.00724955880953 0.0 0.0 0.0 0.00195100478449 0.0185804425352 0.00819360558499 0.0154088219001 0.0171634609497 0.00918339674724 0.0106458382548 0.00934958150808 0.0333290820597 0.0650300408163 0.0171697113465 0.0295426814901 0.0700330319814 0.0425710838747 0.0116163034405 0.00719727114018 0.00971493559843 0.0 0.0 0.0 0.0 0.026674497252 0.0386686770915 0.0882544246952 0.143574493523 0.151244877857 0.166331932818 0.0217735338772 0.0154885295012 0.0468284722029 0.0308647910437 0.0259986865375 0.00873058614648 0.0 0.126479879551 0.0707289289591 0.0620945777271 0.124092971329 0.137352867212 0.23774017812 0.283341052124 0.401239721223 0.2790065686
-9999.0 -9999.0 -9999.0 -9999.0 -9999.0 -9999.0 -9999.0 -9999.0 -9999.0 -9999.0 -9999.0 0.0 0.0 0.0287955681509 4.64202562917e-05 0.0 0.0 0.0 0.00582095946264 0.00207511563847 0.0 0.00500846500803 0.00265291174986 0.0 0.0 0.0 0.00520103539034 0.000291453892817 4.30622289e-06 0.000297424825812 0.00596879349585 0.0317953682145 0.0102074226011 0.00255784916723 0.0 0.0 0.00135362212346 0.0 0.0 0.000151141354907 0.00785882503233 0.0113606466523 0.0184085859264 0.0484390109083 0.0672015681153 0.0788687029526 0.0447190479734 0.0993282913116 0.0936848766989 0.114329687982 0.0593224094079 0.0345149952063 0.160097773033 0.0355235235086 0.0551251324253 0.0495948782861 0.0840418975393 0.203928784645 0.306030581027 0.32064399416 0.306897959239 0.273197641289
-9999.0 -9999.0 -9999.0 -9999.0 -9999.0 -9999.0 -9999.0 -9999.0 -9999.0 -9999.0 -9999.0 0.0 0.00486504691767 0.0426174261211 6.44015667184e-05 0.0005702634465 1.10997377456e-05 0.0 0.0 0.0 0.0 0.000127159666996 0.0 0.0 0.0 0.010061300387 0.0 0.000206182656966 0.0 0.00229738605954 0.000591401411976 0.0 0.0 0.0 0.00699191276269 0.00675049378022 0.0 0.0 0.0 0.0037849381745 0.0 0.0 0.00682184722477 0.0 0.0 0.0 0.0982262024363 0.0381602446932 0.263282605135 0.340453223723 0.25575048698 0.219932941723 0.116338128884 0.185497929653 0.0345323326409 0.0435354068472 0.0188000721891 0.172997921501 0.28095069168 0.261289716637 0.30112919659 0.162981470434
-9999.0 -9999.0 -9999.0 -9999.0 -9999.0 -9999.0 -9999.0 -9999.0 -9999.0 -9999.0 -9999.0 0.0 0.00403020472252 0.0614736235656 0.0 0.0 0.0 0.0256662595043 0.0 0.0 0.0 6.16105413338e-05 0.0 0.0 0.0 0.0246787377793 0.0 0.0 0.000196424467256 0.000526635932744 0.000481783378955 0.0 0.0 0.0 0.0 1.50577856973e-05 0.0 0.0 0.0142783077912 0.0 0.0 0.000721439972525 0.0280002210322 0.0 0.0269113499006 0.0074625153901 0.168528838424 0.0369163490807 0.109440737482 0.148395161178 0.16855043875 0.0819854852733 0.119092209059 0.188319834642 0.137280281259 0.106793988473 0.250592339076 0.159957861645 0.329846754975 0.271620700323 0.142323418002 0.350160178448
-9999.0 -9999.0 -9999.0 -9999.0 -9999.0 -9999.0 -9999.0 -9999.0 -9999.0 -9999.0 -9999.0 0.0 0.0 0.0450570454128 0.00240661308494 0.0 0.0 0.00491371642619 0.0356554242705 0.0552226435418 0.0126014572078 0.0 0.0 0.0 0.0 0.0047146625047 0.00915170563027 0.00291351281362 0.00490704599411 0.0 0.0 0.0 0.0 0.0 0.0 0.0 0.0 0.0 0.0 0.011299190802 0.0 0.00139470418409 0.0 0.101733832123 0.0169418066588 0.00730130707734 0.00514563692372 0.0253122089373 0.0616850666578 0.128692009524 0.078088347531 0.163407221307 0.153606167768 0.264084210699 0.289816762794 0.22949329394 0.376714345872 0.375765169121 0.330731245291 0.350496464382 0.404807713055 0.450132313598
