critload/trunk/input/1999/n_fe_eff.asc
ncols 720
nrows 360
xllcorner -180.0
yllcorner -90.0
cellsize 0.5
NODATA_value -9999.0
[rows 87 to 115 of 360, columns 585 to 649 of 720]
0.0 0.0 0.0 0.0 0.0 0.0 5.58688637502 0.0 0.0 3151104.2268 5093923.87925 5433259.88249 6114799.35157 3485372.64978 2053101.48499 953135.939385 4126570.50724 6965580.79998 9460642.11516 10139811.7158 6543503.44827 9012449.30194 6185911.5268 5641674.19265 7575204.01657 8019111.08512 5773411.65612 6487950.76455 13904462.3718 12379595.8367 7036233.63258 2404493.78 3689618.41469 3922988.19969 7399463.02053 9828396.09999 9285995.39747 3068936.29746 7751558.89535 8318486.25372 5868440.05277 5811000.82353 1912754.49648 106534.54925 0.0 0.0 0.0 0.0 1750.11770203 0.0 0.0 0.0 -9999.0 -9999.0 -9999.0 -9999.0 -9999.0 -9999.0 0.0 0.0 -9999.0 286.655220943 0.0 -9999.0 -9999.0
0.0 116.137167732 0.0 0.0 0.0 0.0 0.0 6980841.89673 13852785.442 3204271.44755 3028638.37994 2558190.21684 4002186.71532 4812339.31896 4456635.75806 2964108.48935 4248517.84759 7908729.27661 8179795.53036 13661167.2449 14542205.2794 8696749.04791 6663775.96176 8183752.96386 4620772.03971 6577843.63712 6950934.62757 7955553.3273 10430112.0284 9352496.51145 9640734.17913 7668975.71896 11586494.6044 1451835.09737 7414459.92502 5143018.65266 9603342.32161 7212811.02159 8369909.46342 4275187.11568 3478640.49262 8022016.04461 45149.8636683 13793.4592732 3769.8936039 0.0 0.0 0.0 0.0 1967.52137026 0.0 -9999.0 -9999.0 -9999.0 -9999.0 -9999.0 -9999.0 -9999.0 0.0 -9999.0 -9999.0 -9999.0 -9999.0 -9999.0 -9999.0
0.0 0.0 234.517518635 50.1945619753 9147231.0211 7148038.76933 11071739.7649 11065820.104 1562472.55866 2729766.94424 559274.003368 4821149.17671 5459255.52353 3961030.44735 3410717.71541 2167642.64379 3208597.31103 7576318.79324 2941801.8951 1727560.04544 12727307.3943 6119811.39497 3324166.05391 8564813.66099 9004123.7784 13175186.5412 15362002.2547 17505580.1118 18126223.4805 5400964.16924 8180524.54761 10548610.8915 4263289.23705 584436.786435 3474267.29069 8254936.92423 8350394.80218 6765152.80622 9401684.74397 0.0 1789195.07873 1078910.87171 22134.5897514 0.0 0.0 0.0 0.0 0.0 0.0 0.0 -9999.0 -9999.0 -9999.0 -9999.0 -9999.0 -9999.0 0.0 0.0 0.0 0.0 -9999.0 -9999.0 -9999.0 -9999.0 -9999.0
3404955.14414 2983552.61149 2557238.93574 12165059.6402 13192019.6477 12185560.7424 11173265.6251 2563985.89786 2476274.06139 2903264.71698 4670777.94772 2521956.77819 2525575.30964 2692352.09509 2459023.65625 5121297.7316 9501389.46782 6335461.92488 2679842.46836 3124597.6282 7655574.61249 8156354.21598 9577394.96927 10329096.5228 15916721.5916 13685332.7724 14657110.2231 19661570.5521 17673005.1441 9688350.52081 7702624.24711 3950816.3509 6402379.9661 5253591.06952 9205753.53648 11341776.9239 7227437.40796 0.0 250182.456062 300172.615563 210282.485408 132336.485482 4346.71152079 0.0 0.0 0.0 0.0 0.0 -9999.0 -9999.0 -9999.0 -9999.0 -9999.0 -9999.0 -9999.0 -9999.0 -9999.0 -9999.0 160754.891196 0.0 0.0 0.0 -9999.0 -9999.0 -9999.0
4713199.769 0.0 0.0 4722925.05654 11279716.5597 11255035.1948 3310830.50406 3305115.59248 4625688.23005 2400295.70845 2767073.81467 1396732.15455 2170872.1515 9325709.58218 5273815.86596 6525714.13676 3543866.96995 6863406.53585 6813633.31655 4505735.38471 5839388.35303 7542876.85385 14016634.3306 12169801.883 14641553.4661 15459311.3277 18710541.2561 14431891.3087 15401759.8528 8688042.28748 2361925.69963 2197747.03484 4429681.28034 12023115.7644 4992788.08648 1908569.67264 4943410.4561 196049.53388 358995.024658 773984.600272 96881.3304213 29010.1734353 11506.3092687 0.0 0.0 0.0 5216.14742212 -9999.0 -9999.0 -9999.0 -9999.0 -9999.0 -9999.0 -9999.0 -9999.0 -9999.0 -9999.0 -9999.0 86356.919066 0.0 0.0 0.0 0.0 0.0 0.0
0.0 0.0 11154701.5926 12185338.284 12409120.6197 3319809.59218 3329123.1969 3745939.517 4197333.0436 4675485.10799 4051325.97734 6361211.92791 3090105.31657 6014541.11301 7090055.01617 4529907.86442 3328869.81631 15662085.5471 11463615.534 19600331.7576 9606492.4616 8173676.33209 8099673.41546 19012458.0237 17466682.5526 19327167.3583 15465634.2699 13128100.1873 6611927.77501 6173318.2599 4664557.25631 10277722.2512 4762932.84372 2974093.23131 743947.601383 2273964.39647 1704389.68013 50681.7979654 243609.45488 143163.311466 8569.19001743 0.0 0.0 0.0 0.0 0.0 -9999.0 -9999.0 -9999.0 -9999.0 -9999.0 -9999.0 -9999.0 -9999.0 -9999.0 -9999.0 -9999.0 0.0 164539.261023 2820881.96914 0.0 0.0 477464.138557 684367.60739 433667.061778
0.0 4788054.71808 4792832.56447 10419707.627 11175231.3521 2990487.80813 2400552.38111 3997942.86118 4131400.65997 2902540.90638 1617794.19022 6837642.73155 5594368.89209 5049064.28709 2687053.71649 5463603.35406 7689582.61515 3887861.22492 4156860.36211 3722115.99686 4160696.68874 6015634.97249 7086527.54418 12300019.6021 16674106.2543 16578586.3701 15252284.2162 12513931.6179 11673638.4361 7092678.47821 1160357.8573 9210173.66437 5484751.10042 1191395.8774 4052682.67208 2154056.09982 1446105.62424 41397.1347245 2051.30291336 59934.1041831 987.909533193 2331.21309626 0.0 0.0 0.0 -9999.0 -9999.0 -9999.0 -9999.0 -9999.0 -9999.0 -9999.0 -9999.0 -9999.0 -9999.0 0.0 0.0 0.0 3422217.61683 0.0 556889.344096 0.0 0.0 0.0 0.0
4403193.9644 11578611.2253 11571546.9202 4453897.03875 4786890.51376 4503169.39913 3744732.00125 2328316.95067 4892217.35694 2182285.61401 3512720.05775 8976473.82463 9096151.12845 11680019.5579 8916444.64506 11772211.0163 8859332.9093 12250192.2587 8700427.29722 6490025.25802 10816843.8784 16879671.6022 10526682.7437 13456867.1296 15311992.6204 17096517.5177 8617231.30791 9517660.86096 10787822.4907 2878842.77801 1052957.78942 7966781.9567 1009857.6705 8494425.77366 7223593.35531 3768057.96959 142092.216732 1157.73295493 -9999.0 0.0 16730.406784 30917.3320739 0.0 -9999.0 -9999.0 -9999.0 -9999.0 -9999.0 -9999.0 -9999.0 -9999.0 -9999.0 -9999.0 -9999.0 0.0 0.0 0.0 0.0 607554.529365 784304.100198 612978.303262 2041522.11655 0.0 -9999.0 -9999.0
4878039.84669 11696543.3165 4435162.58487 3672093.87502 5805306.31016 5893253.46697 4231596.03825 5226475.59345 7067373.56653 4509411.34398 5829029.63794 10297123.1839 14129366.57 11652058.9217 15000219.2998 7653477.44894 15389601.2007 17729356.1649 16205193.8996 12759909.2545 1864661.0429 8193895.7395 15891415.0134 8506590.70445 5527905.39977 8969510.01289 11022188.9751 7088503.69963 5352126.76385 9102260.57201 7018411.98049 2837406.04786 1242334.5695 651845.553642 491614.264879 795572.720255 8655.57881058 -9999.0 -9999.0 -9999.0 -9999.0 -9999.0 -9999.0 -9999.0 -9999.0 -9999.0 -9999.0 -9999.0 -9999.0 -9999.0 -9999.0 -9999.0 -9999.0 0.0 0.0 0.0 0.0 0.0 -9999.0 0.0 0.0 193284.84741 -9999.0 -9999.0 -9999.0
4305964.89057 3206375.41674 4372451.12762 5265147.52111 3709024.56752 5555002.69496 6724762.79804 3888420.74049 808113.830343 4592437.2253 3981145.19318 5517535.24414 8240140.74742 14438502.1106 13725504.1387 18537086.0675 17861076.4875 17914957.1238 8934732.45688 9884048.74455 9303268.0846 21572498.4163 14226987.5813 4922772.81218 2870575.371 5935657.49855 12324454.0507 4427373.36006 1447157.66724 3362694.32942 5886269.59119 480436.670702 377816.298375 141938.571412 2353761.80821 -9999.0 -9999.0 -9999.0 -9999.0 -9999.0 -9999.0 -9999.0 -9999.0 -9999.0 -9999.0 -9999.0 -9999.0 -9999.0 -9999.0 -9999.0 -9999.0 -9999.0 -9999.0 -9999.0 0.0 0.0 1894165.92966 0.0 -9999.0 -9999.0 -9999.0 -9999.0 -9999.0 -9999.0 -9999.0
5109259.56268 5410875.26746 4246705.8342 4835780.69751 8007456.74832 10099906.6549 6866214.78456 1205040.11283 5749079.22302 4792497.8568 8277634.24795 2366712.7857 8660691.89204 19632687.4626 10572937.9428 15362646.8429 19163056.9177 11996809.2708 13388884.785 22035129.4189 20760634.2765 17217370.0735 6198380.72671 5343586.88393 2323540.44042 4474154.51406 3987528.63607 997311.97905 0.0 0.0 0.0 407437.275553 0.0 142228.892592 660474.455004 -9999.0 -9999.0 -9999.0 -9999.0 -9999.0 -9999.0 -9999.0 -9999.0 -9999.0 -9999.0 -9999.0 -9999.0 -9999.0 -9999.0 -9999.0 -9999.0 -9999.0 -9999.0 -9999.0 -9999.0 0.0 0.0 199552.790048 -9999.0 -9999.0 -9999.0 -9999.0 -9999.0 -9999.0 -9999.0
6173000.1758 6432849.78914 3735589.76396 8044104.69397 13368040.7427 9920991.9588 9119719.97376 2978945.01396 1779140.32643 5871667.09977 7002266.58318 9124645.19655 11356267.8594 11479413.8586 15354459.4869 16925958.49 14930560.8861 2250927.32853 2609014.72482 27176548.1088 20853030.405 3689120.59259 4345130.05212 6437976.5409 2239271.37727 1772695.87414 113468.629796 0.0 365201.892173 0.0 0.0 0.0 388588.657796 2008205.13842 0.0 -9999.0 -9999.0 -9999.0 -9999.0 -9999.0 -9999.0 -9999.0 -9999.0 -9999.0 -9999.0 -9999.0 -9999.0 -9999.0 -9999.0 -9999.0 -9999.0 -9999.0 -9999.0 -9999.0 0.0 3291487.48593 1438484.45221 9596268.52841 368237.689778 -9999.0 -9999.0 -9999.0 -9999.0 -9999.0 -9999.0
5054434.33534 7945332.41757 6681724.53285 7269342.79702 7679870.43535 10115911.5861 8384787.87703 14540608.4561 24933880.9718 9635088.07683 14158971.8312 9580076.00721 12724803.4268 12067810.8351 7850172.48117 12234565.3841 1082198.96644 -9999.0 0.0 7698404.62208 7099368.86031 6265862.22891 10045253.538 13189384.1257 3112963.01178 72555.0846134 427945.202511 412001.799447 0.0 389426.553216 1516149.86242 2850253.90014 1680725.97757 -9999.0 -9999.0 -9999.0 -9999.0 -9999.0 -9999.0 -9999.0 -9999.0 -9999.0 -9999.0 -9999.0 -9999.0 -9999.0 -9999.0 -9999.0 -9999.0 -9999.0 -9999.0 -9999.0 -9999.0 -9999.0 1130209.92196 1535720.46867 410158.024997 2245525.67243 793681.179823 -9999.0 -9999.0 -9999.0 -9999.0 -9999.0 -9999.0
7875651.21899 14942581.0821 7931952.96253 10922715.186 9340335.86287 2070414.63491 8331388.9491 27366700.4052 36085336.2144 36854010.019 30129177.6459 23002128.7105 24544883.8659 20070120.636 2137368.27182 -9999.0 -9999.0 1126074.91119 10229076.8567 15896228.1129 11993729.2997 11639597.25 10745139.1314 0.0 5829639.56522 8555596.00262 7697785.20572 891944.314939 0.0 4578171.80993 2438753.84504 -9999.0 -9999.0 -9999.0 -9999.0 -9999.0 -9999.0 -9999.0 -9999.0 -9999.0 -9999.0 -9999.0 -9999.0 -9999.0 -9999.0 -9999.0 -9999.0 -9999.0 -9999.0 -9999.0 -9999.0 -9999.0 -9999.0 -9999.0 868291.348969 3987943.88447 0.0 3495635.09361 0.0 -9999.0 -9999.0 -9999.0 -9999.0 -9999.0 -9999.0
8159311.83633 8222179.08039 7818740.49696 8188542.15534 6737892.49864 11458572.0193 39172291.8407 39414046.5933 29429973.8778 22588888.3939 13565194.5674 15041920.6718 18056858.9002 5286038.51445 -9999.0 -9999.0 -9999.0 763962.377554 11958270.0827 9133707.20088 -9999.0 -9999.0 -9999.0 -9999.0 -9999.0 5825658.7626 11407986.408 2004612.11907 0.0 4193860.77009 2497725.70505 -9999.0 -9999.0 -9999.0 -9999.0 -9999.0 -9999.0 -9999.0 -9999.0 -9999.0 -9999.0 -9999.0 -9999.0 -9999.0 -9999.0 -9999.0 -9999.0 -9999.0 -9999.0 -9999.0 -9999.0 -9999.0 -9999.0 -9999.0 610227.466677 2504856.77361 483814.917661 5323027.37813 0.0 -9999.0 -9999.0 -9999.0 -9999.0 -9999.0 -9999.0
10015833.8421 10993917.9176 2322875.52938 9239335.22689 11050772.4217 33313916.345 33721207.2208 34334826.7228 32505202.7446 17929969.9355 3492524.74342 -9999.0 -9999.0 -9999.0 -9999.0 -9999.0 -9999.0 6927364.58843 633154.768873 -9999.0 -9999.0 -9999.0 -9999.0 -9999.0 -9999.0 9023187.15645 12049828.5555 756933.140292 1530035.75796 411372.111637 1307259.65181 888434.97378 -9999.0 -9999.0 -9999.0 -9999.0 -9999.0 -9999.0 -9999.0 -9999.0 -9999.0 -9999.0 -9999.0 -9999.0 -9999.0 -9999.0 -9999.0 -9999.0 -9999.0 -9999.0 -9999.0 -9999.0 -9999.0 -9999.0 3852270.26974 520783.172362 3169632.42978 6957689.08065 0.0 -9999.0 -9999.0 -9999.0 -9999.0 -9999.0 -9999.0
12363382.3917 5806387.34526 11543699.4472 21308416.7349 31627333.5583 39768848.5098 36692953.9151 33492458.7965 30828650.3717 26121374.044 12124121.2477 2872989.96198 2178967.79094 -9999.0 -9999.0 -9999.0 -9999.0 -9999.0 -9999.0 -9999.0 -9999.0 -9999.0 -9999.0 -9999.0 3088103.84643 10775724.2205 7112810.6256 5658654.37476 3134008.62767 2184979.16095 0.0 1252464.35033 6037406.18823 -9999.0 -9999.0 -9999.0 -9999.0 -9999.0 -9999.0 -9999.0 -9999.0 -9999.0 -9999.0 -9999.0 -9999.0 -9999.0 -9999.0 -9999.0 -9999.0 -9999.0 -9999.0 0.0 0.0 2089457.02843 0.0 1861498.59848 4449443.63142 3408851.06551 -9999.0 -9999.0 -9999.0 -9999.0 -9999.0 -9999.0 -9999.0
15157775.1967 9625089.80792 9277351.19023 14836516.8284 40428784.6539 35774169.7416 32558397.6963 40377845.7136 32306268.5922 28434849.7081 28861782.4685 25206867.8065 13350955.5397 -9999.0 -9999.0 5457771.96753 14209560.2849 5511762.32149 -9999.0 -9999.0 -9999.0 -9999.0 -9999.0 -9999.0 -9999.0 5745226.31569 4697464.79981 6290513.05037 20791543.4398 3142414.67612 0.0 0.0 5501030.22764 924717.641052 -9999.0 -9999.0 -9999.0 -9999.0 -9999.0 -9999.0 -9999.0 -9999.0 -9999.0 -9999.0 -9999.0 -9999.0 -9999.0 -9999.0 -9999.0 -9999.0 -9999.0 0.0 5389373.7986 5643840.3776 2058005.37641 2222839.05039 3420371.78679 -9999.0 -9999.0 -9999.0 -9999.0 -9999.0 -9999.0 -9999.0 -9999.0
11324502.2019 6855543.77428 4812138.71684 13923546.0351 35230034.1258 33334371.3738 33042167.6854 37077970.2444 27094360.8942 34908987.3336 36718099.0545 38310411.9425 20573979.0847 5641111.64055 9623632.61797 17609870.7208 12082678.0351 13392982.7481 10131039.5838 8018591.5901 1231333.72584 -9999.0 -9999.0 -9999.0 -9999.0 -9999.0 -9999.0 -9999.0 15322823.5469 13554320.729 5567390.69191 1190269.56162 0.0 4393296.44694 -9999.0 -9999.0 -9999.0 -9999.0 -9999.0 -9999.0 -9999.0 -9999.0 -9999.0 -9999.0 -9999.0 -9999.0 -9999.0 -9999.0 2265623.30522 0.0 857230.450192 3953647.77872 4821196.38564 0.0 645051.02749 5142270.04801 1189860.20927 -9999.0 -9999.0 -9999.0 -9999.0 -9999.0 -9999.0 -9999.0 -9999.0
16521046.8869 8262205.26415 10828269.5503 26263701.1703 39017623.5317 36161245.4301 34497876.7018 37293112.1752 35356511.6571 26560170.6982 28794732.7181 28726906.6647 35967526.1884 33819607.9922 31439282.1535 24880256.7713 18496010.115 9192158.89641 5392317.36374 3224302.35735 -9999.0 -9999.0 -9999.0 -9999.0 -9999.0 -9999.0 -9999.0 19064611.4561 28579941.8756 17764537.9807 4815409.90931 4978286.45102 6030120.37881 4688334.52957 -9999.0 -9999.0 -9999.0 -9999.0 -9999.0 -9999.0 -9999.0 -9999.0 -9999.0 -9999.0 -9999.0 -9999.0 -9999.0 -9999.0 7985393.44126 7522992.18666 720440.642339 1015839.84683 0.0 752542.984431 4941650.71719 4904700.46837 3277016.85729 -9999.0 -9999.0 -9999.0 -9999.0 -9999.0 -9999.0 -9999.0 -9999.0
14679948.3129 9459638.39252 13404351.0281 29763479.1905 44537000.891 40037390.5298 34075023.5317 27625812.6268 23884829.9623 15766122.1962 16062644.1229 14078553.2945 18000114.0933 34278764.8753 29743434.6493 18117469.5417 5344446.45296 -9999.0 -9999.0 -9999.0 -9999.0 -9999.0 -9999.0 -9999.0 -9999.0 -9999.0 -9999.0 1177505.92997 18537463.1876 16243352.9732 0.0 8616430.07922 2615352.49952 5660782.37776 0.0 -9999.0 -9999.0 -9999.0 -9999.0 -9999.0 -9999.0 0.0 -9999.0 -9999.0 -9999.0 -9999.0 -9999.0 3805120.19222 451999.84093 0.0 1011511.32974 2127948.22142 1876454.03767 10330489.8951 15769343.1996 12387253.0279 5024237.554 -9999.0 -9999.0 -9999.0 -9999.0 -9999.0 -9999.0 -9999.0 -9999.0
14254289.3562 9369707.85515 15185368.6577 29232445.1522 32860493.7807 34928895.5676 33305990.7572 38798069.3298 25799473.8754 17800630.8557 5883623.2243 12208561.4895 21776651.5691 17690932.1789 8337205.6994 1140583.35668 -9999.0 -9999.0 -9999.0 -9999.0 -9999.0 -9999.0 -9999.0 -9999.0 -9999.0 -9999.0 -9999.0 -9999.0 26680697.6381 6698067.41299 0.0 11201304.4873 8534547.79022 6722201.02864 0.0 -9999.0 -9999.0 -9999.0 -9999.0 -9999.0 0.0 1360567.44761 0.0 738129.705567 1027726.86485 570572.804813 0.0 119485.278013 0.0 0.0 1333133.00191 0.0 735730.296406 2514124.76698 3044705.63242 15141589.8423 6840006.73158 -9999.0 -9999.0 -9999.0 -9999.0 -9999.0 -9999.0 -9999.0 -9999.0
16729299.0972 21761038.3033 33942223.1792 34431362.5637 29267909.84 32449518.7997 32552790.4856 37701452.4114 26700983.0645 13725420.0183 13380824.2682 20962471.9623 26430309.8042 14654298.5341 522262.062236 -9999.0 -9999.0 -9999.0 -9999.0 -9999.0 -9999.0 -9999.0 -9999.0 -9999.0 -9999.0 -9999.0 -9999.0 11959380.7861 13031959.2802 1192172.80353 470450.700848 12848288.5636 4620927.39156 7033421.81014 -9999.0 -9999.0 -9999.0 -9999.0 -9999.0 471929.552396 1525573.79932 3770561.91526 1559463.9074 2221962.35696 0.0 0.0 992367.743659 4486826.56423 9576769.21521 7427954.22818 0.0 0.0 3624244.91925 2325524.31257 4032758.18352 4195651.57113 -9999.0 -9999.0 -9999.0 -9999.0 -9999.0 -9999.0 -9999.0 -9999.0 -9999.0
28497478.8074 27001014.1074 27018019.7205 30152176.0144 28205578.3435 28573332.3824 29197459.7095 28191827.0459 37778328.0495 16769994.9151 20535335.0708 25162903.201 30890649.5933 19875417.4998 0.0 -9999.0 -9999.0 -9999.0 -9999.0 -9999.0 -9999.0 -9999.0 -9999.0 -9999.0 -9999.0 -9999.0 -9999.0 19341403.7869 9870088.83531 10240628.3578 11126927.9148 3235371.91342 1281817.45853 519968.581244 -9999.0 -9999.0 -9999.0 0.0 1477029.58976 1004843.08047 103814.951585 1615070.79795 3085871.41236 3322799.64893 6362922.45633 4014472.65479 4275716.36113 5375089.49843 9114822.08576 6899244.26747 5264099.7098 5809548.92873 0.0 0.0 1899127.16016 -9999.0 -9999.0 -9999.0 -9999.0 -9999.0 -9999.0 -9999.0 -9999.0 -9999.0 -9999.0
21275444.9622 19219582.5659 28705778.8907 22765054.8861 28169962.3133 30022688.4677 28263986.702 26001759.9746 28291547.2844 25645512.6297 31625654.5922 37232019.4221 41173652.7898 38082331.1475 28235078.8889 16577797.0438 -9999.0 -9999.0 -9999.0 -9999.0 -9999.0 -9999.0 -9999.0 -9999.0 -9999.0 -9999.0 -9999.0 4391136.91498 8862562.86957 -9999.0 -9999.0 -9999.0 -9999.0 2180029.82218 -9999.0 -9999.0 413155.775593 3395387.1194 1552521.13886 877371.0483 3863857.01286 3878683.25764 2150461.85679 2595545.06737 4454471.79059 4222975.47081 1100046.32352 0.0 3566922.35834 -9999.0 -9999.0 -9999.0 -9999.0 -9999.0 -9999.0 -9999.0 -9999.0 -9999.0 -9999.0 -9999.0 -9999.0 -9999.0 -9999.0 -9999.0 -9999.0
10386776.5683 30991866.2497 34616258.8904 19758511.3289 18721606.5114 28120663.269 22089770.5484 18856533.2814 22183394.1498 24416396.3228 22491604.7497 39060335.6109 40237930.6735 41747055.0128 41914202.8419 29194892.7433 211215.781362 -9999.0 -9999.0 -9999.0 -9999.0 -9999.0 -9999.0 -9999.0 -9999.0 -9999.0 -9999.0 -9999.0 4824308.36728 -9999.0 -9999.0 -9999.0 -9999.0 -9999.0 1875030.96918 3580274.4334 5374024.10021 5558489.17556 2318176.27698 742952.798218 2287598.91144 2237136.0278 1400793.94883 0.0 2172219.57211 3974435.5322 794649.634342 395798.792799 -9999.0 -9999.0 -9999.0 -9999.0 -9999.0 -9999.0 -9999.0 -9999.0 -9999.0 -9999.0 -9999.0 -9999.0 -9999.0 -9999.0 -9999.0 -9999.0 -9999.0
22389552.0202 18146441.7335 21912397.2517 22193145.5245 26208937.5424 32946324.78 24518259.0258 26731166.3037 22977471.6113 22275125.3255 32565116.0044 25836474.7894 22873784.1853 39681028.2301 33864120.9981 34253680.2286 14583541.6147 -9999.0 -9999.0 -9999.0 -9999.0 -9999.0 -9999.0 -9999.0 -9999.0 -9999.0 -9999.0 13703380.292 11791690.3245 -9999.0 -9999.0 -9999.0 -9999.0 503855.201538 2145278.57937 5442851.89448 3081798.96441 559330.775769 4245500.08147 0.0 449468.078072 989612.42236 554846.896524 0.0 -9999.0 -9999.0 -9999.0 -9999.0 -9999.0 -9999.0 -9999.0 -9999.0 -9999.0 -9999.0 0.0 -9999.0 -9999.0 -9999.0 -9999.0 -9999.0 -9999.0 -9999.0 -9999.0 -9999.0 -9999.0
31616367.6682 21249625.0777 16053284.9425 19341981.5659 27498110.8155 29756511.6252 32879882.7722 39914185.6382 37762141.1226 35596875.8251 35309109.8548 25720516.874 30321687.8792 26313410.6835 45713303.7823 38959188.5268 30027752.7819 0.0 -9999.0 -9999.0 -9999.0 -9999.0 -9999.0 -9999.0 -9999.0 -9999.0 -9999.0 -9999.0 -9999.0 -9999.0 -9999.0 -9999.0 526270.832242 0.0 1632738.0823 5324971.6818 7130114.72205 565893.954414 1169228.82887 -9999.0 1534570.97947 -9999.0 -9999.0 -9999.0 -9999.0 -9999.0 -9999.0 -9999.0 -9999.0 -9999.0 -9999.0 -9999.0 -9999.0 -9999.0 -9999.0 -9999.0 -9999.0 -9999.0 -9999.0 -9999.0 -9999.0 -9999.0 -9999.0 -9999.0 -9999.0
22265804.5095 19345582.9252 27350647.8809 36676014.3472 38071261.1934 41942600.5831 42887979.7485 39903675.2109 44901209.8683 34755447.5829 31862728.222 24271230.1088 30029879.1198 32180371.2254 36355685.0786 43558534.3208 33452690.6932 34051900.2174 3668044.77872 -9999.0 -9999.0 -9999.0 -9999.0 -9999.0 -9999.0 -9999.0 -9999.0 -9999.0 -9999.0 -9999.0 -9999.0 -9999.0 -9999.0 -9999.0 -9999.0 2072226.56394 875829.79377 1964999.0327 2706280.55608 -9999.0 -9999.0 -9999.0 -9999.0 -9999.0 -9999.0 -9999.0 -9999.0 -9999.0 -9999.0 -9999.0 -9999.0 -9999.0 -9999.0 -9999.0 -9999.0 -9999.0 -9999.0 -9999.0 -9999.0 -9999.0 -9999.0 -9999.0 -9999.0 -9999.0 -9999.0
