critload/trunk/input/1999/n_fe_eff.asc
ncols 720
nrows 360
xllcorner -180.0
yllcorner -90.0
cellsize 0.5
NODATA_value -9999.0
[rows 84 to 111 of 360, columns 441 to 503 of 720]
1555828.9970107533 1562943.2331141871 1489934.8198763926 0.0 726341.3625605131 763424.6161981765 1603719.9590135848 1644758.8126251027 1593101.24397575 1580543.0907821641 1383648.954142568 1257070.7209706483 1262618.3271109387 1295658.550231045 0.0 0.0 0.0 0.0 0.0 0.0 0.0 0.0 259431.22914105962 0.0 0.0 0.0 0.0 0.0 0.0 0.0 0.0 0.0 0.0 0.0 0.0 0.0 0.0 0.0 257141.2433879461 0.0 0.0 0.0 0.0 0.0 0.0 0.0 0.0 0.0 0.0 0.0 0.0 0.0 0.0 0.0 0.0 0.0 0.0 0.0 0.0 0.0 0.0 0.0 0.0
1405233.6584667754 1442517.874441417 1501578.4289718766 1073448.4866334691 1242920.3799537779 949402.5067508351 1655131.5624167006 1666977.063333878 1623059.3624937208 1666825.0088987884 1521309.1686303774 1520172.8530675843 1374489.2740339988 1269697.5494770089 1323591.010466589 1520174.9512874102 0.0 0.0 0.0 0.0 0.0 0.0 257141.02527798404 0.0 0.0 0.0 0.0 0.0 0.0 0.0 0.0 0.0 0.0 0.0 0.0 0.0 0.0 0.0 0.0 0.0 0.0 0.0 0.0 0.0 0.0 0.0 0.0 0.0 0.0 0.0 0.0 0.0 0.0 0.0 0.0 0.0 0.0 0.0 0.0 0.0 0.0 0.0 0.0
1665000.437263646 1598849.1225756134 1494560.999534868 1276223.5573510379 1092139.0584611036 775904.037787241 1676800.7862968382 1682099.452619067 1433282.4056818443 1423983.9635839637 1537956.6931225213 1534519.2628901766 0.0 1522206.7361490482 1280223.8683226749 1317488.3501032626 1394791.98800642 0.0 0.0 0.0 0.0 -9999.0 0.0 0.0 -9999.0 0.0 0.0 0.0 0.0 0.0 0.0 0.0 0.0 0.0 0.0 0.0 0.0 0.0 0.0 0.0 0.0 0.0 0.0 0.0 0.0 0.0 0.0 0.0 0.0 0.0 0.0 0.0 0.0 0.0 0.0 0.0 0.0 0.0 0.0 0.0 0.0 0.0 0.0
1668911.4314164806 1665202.9302964914 1577504.4103026162 1276577.2488443817 830681.1822446901 579218.1357630645 1693750.4693014307 1682640.197348808 1620987.7360383023 1429685.1484864652 1351590.9802617598 1583250.5180248334 0.0 0.0 1193891.542233612 1298457.1719868279 1216936.0160626995 0.0 -9999.0 -9999.0 -9999.0 -9999.0 -9999.0 -9999.0 -9999.0 0.0 0.0 0.0 0.0 0.0 0.0 0.0 0.0 0.0 0.0 0.0 0.0 0.0 0.0 0.0 0.0 0.0 0.0 0.0 0.0 0.0 0.0 0.0 0.0 0.0 0.0 0.0 0.0 0.0 0.0 0.0 0.0 0.0 0.0 0.0 0.0 0.0 0.0
1653997.210141503 1659633.9064778357 1669185.4502323575 1568155.1715831368 1503816.5021255163 889426.773866016 1650754.1590766497 1697011.2495877275 1670506.8965242847 1605159.2637158132 1391072.1706451138 1597653.1876711808 0.0 1538158.9936580106 946864.9658730035 672542.4673125214 0.0 -9999.0 -9999.0 -9999.0 -9999.0 -9999.0 -9999.0 -9999.0 0.0 0.0 0.0 0.0 0.0 0.0 0.0 0.0 0.0 0.0 0.0 0.0 0.0 0.0 0.0 -9999.0 0.0 239259.63722202834 79238.81720783198 268227.5717729194 0.0 0.0 0.0 0.0 0.0 0.0 0.0 0.0 0.0 0.0 0.0 0.0 0.0 0.0 0.0 0.0 0.0 0.0 0.0
1652790.3528095693 1590160.9565151792 1463378.4263933164 1678511.587902654 1628668.7969031716 1408477.896802404 894352.7518624155 1707079.4304017818 1472857.8093704113 1486431.7889010897 266837.3987569458 1714651.6524128874 1419473.9805952914 1184409.309359765 -9999.0 -9999.0 -9999.0 -9999.0 -9999.0 -9999.0 -9999.0 0.0 0.0 0.0 0.0 0.0 0.0 0.0 0.0 0.0 0.0 0.0 0.0 0.0 0.0 0.0 0.0 -9999.0 -9999.0 -9999.0 -9999.0 0.0 262076.93405363007 0.0 0.0 0.0 271669.31486579316 270920.88757334603 271669.31486579316 271575.78562181926 271667.1387083835 0.0 0.0 0.0 0.0 0.0 0.0 0.0 0.0 0.0 0.0 0.0 0.0
1675805.7612643566 1644382.0125502741 1682783.2818267413 1721936.7642581866 1720648.772695144 1659485.3340847003 1628383.7536655543 1211185.124630922 1678302.012980566 1601772.6713352683 1732674.4848582745 1674302.9826097572 367699.60064014373 0.0 -9999.0 -9999.0 -9999.0 -9999.0 -9999.0 0.0 0.0 0.0 0.0 0.0 0.0 0.0 0.0 0.0 0.0 0.0 0.0 0.0 0.0 0.0 0.0 0.0 -9999.0 0.0 -9999.0 -9999.0 -9999.0 0.0 0.0 0.0 0.0 0.0 274048.2965032606 274050.49173465255 273559.0962782492 271761.2563811488 271372.12314488995 0.0 0.0 0.0 0.0 0.0 0.0 0.0 0.0 0.0 0.0 0.0 0.0
1759139.536068619 1601692.503887436 1716879.4383038545 1587490.8236848337 1677750.0523432293 1646568.3066137298 1692366.2733734753 1682690.4117992413 1423260.5521466362 924189.9228902734 1503710.0961658778 680257.34893719 888854.483286344 0.0 -9999.0 -9999.0 -9999.0 -9999.0 -9999.0 0.0 0.0 0.0 0.0 0.0 0.0 0.0 0.0 0.0 0.0 0.0 0.0 0.0 0.0 0.0 0.0 0.0 -9999.0 -9999.0 -9999.0 -9999.0 0.0 0.0 0.0 0.0 0.0 0.0 0.0 0.0 0.0 0.0 0.0 0.0 275332.991681881 276090.3648234647 0.0 276410.8500386548 276410.8500386548 0.0 0.0 0.0 0.0 0.0 0.0
1690231.2519340413 1771442.9002566193 1744820.1191263977 1770130.092854549 1748805.601179143 1689705.0562501037 1586437.6094535224 1559997.7023584542 1624616.0136248132 1269355.645991605 1448006.8251787624 1705492.751133993 1525144.0230721487 1169855.7616602562 0.0 -9999.0 -9999.0 -9999.0 -9999.0 -9999.0 -9999.0 0.0 0.0 0.0 0.0 0.0 0.0 0.0 0.0 0.0 0.0 0.0 0.0 0.0 0.0 0.0 0.0 0.0 0.0 0.0 0.0 0.0 0.0 0.0 0.0 0.0 0.0 0.0 0.0 0.0 0.0 0.0 278752.2426289256 278382.727056853 278752.2426289256 0.0 277579.8903356048 0.0 192344.76867767813 197644.8738574023 206395.66708464487 193505.7251356313 189394.33051569664
5863680.787967757 7018433.376522464 1666548.6988664344 1794950.2205273388 1694836.4161436292 1786241.5564473788 1733961.8735387023 1603741.3415266315 1598426.0644146209 1566595.84245485 1479989.952663442 1439708.7012215867 1485308.3797056712 1051944.4594766183 -9999.0 -9999.0 -9999.0 -9999.0 -9999.0 -9999.0 -9999.0 0.0 0.0 0.0 0.0 0.0 0.0 0.0 0.0 0.0 0.0 0.0 0.0 0.0 0.0 26099415.433822386 7327302.640607143 26099416.583546706 10968090.529064504 25830677.48205572 26099416.583546706 0.0 0.0 0.0 0.0 0.0 0.0 0.0 0.0 0.0 0.0 0.0 0.0 281068.0423102738 239625.70894645952 230569.35203518614 212140.3033142485 0.0 308033.5894770258 307105.8044104826 293657.63947795937 291249.0729763882 166708.68369376456
-9999.0 2749124.3671224415 6823626.083426234 7111683.001632574 0.0 6265509.1218646085 1810043.6137633256 1803358.772255157 1810045.7223790276 1744229.2747068692 1809802.846407321 1802949.5431251968 1805856.073441892 980271.4820985298 565332.5971273653 -9999.0 -9999.0 -9999.0 -9999.0 -9999.0 -9999.0 -9999.0 0.0 0.0 0.0 0.0 0.0 0.0 0.0 0.0 0.0 0.0 0.0 0.0 0.0 26965588.789710898 11356902.47180575 15290803.814641345 14731909.951083578 26312675.56438112 26312675.56438112 0.0 0.0 0.0 0.0 0.0 0.0 0.0 0.0 0.0 0.0 0.0 0.0 195919.03924708572 199669.72419335035 250313.50429930395 219813.8803859276 302861.6202379434 305433.89688402746 308817.56970482494 303750.16130049014 275478.20398169674 986006.6568384119
-9999.0 -9999.0 5300331.20885675 6722548.033018319 6199858.485196084 7033380.936281564 6545480.882400319 6084166.688971713 7132335.746969042 7146795.7030750215 6914510.686464396 1824578.7581136844 1722666.8936466263 1715514.4111290113 1230400.0132436636 416992.1530262305 -9999.0 -9999.0 -9999.0 -9999.0 -9999.0 -9999.0 -9999.0 0.0 0.0 0.0 0.0 0.0 0.0 0.0 0.0 0.0 0.0 0.0 0.0 8948693.880215302 9752308.341011874 8863960.161458625 8977447.311249727 26473732.326283846 0.0 0.0 0.0 0.0 0.0 0.0 0.0 0.0 0.0 0.0 0.0 0.0 0.0 199025.57081265646 312524.6158696629 199365.11977337115 308915.29051986925 313044.0068001362 284618.05270227446 312183.68001616444 313039.4030075356 1976556.886989276 1315468.5026135473
-9999.0 -9999.0 4388216.998052725 7231513.783436349 6302322.488858602 7203863.470832419 7208661.406011213 4021176.931354657 1912127.8660566062 2765005.9847857035 3067777.969203937 6629793.068660193 858438.3191556366 1838971.7022064342 1837491.989772799 995136.0305712597 334693.6163908878 -9999.0 -9999.0 -9999.0 -9999.0 -9999.0 -9999.0 -9999.0 0.0 -9999.0 0.0 0.0 0.0 0.0 0.0 0.0 0.0 0.0 0.0 0.0 9043981.397108763 9033955.187772438 8842806.325079523 23040788.05554204 13117828.52455672 27013867.019872535 0.0 0.0 0.0 0.0 0.0 27052661.21756002 0.0 0.0 0.0 29798458.241173793 201943.21637101352 201834.8289904977 187848.93650934251 136332.64516162119 243182.07793135606 282928.4048365025 264498.0438452992 29756759.582139958 1907016.9904709721 884952.9443639108 741978.463814266
3184777.9838471436 6896138.411857732 10552341.0256799 9048444.9357022 5123250.84619125 5755486.68192042 2033347.577210993 7041496.91681243 2589272.2189730876 680885.7697217988 923943.4278563005 6578515.441845084 886269.8143094003 836110.3728646638 1843297.2587985743 910987.389548585 732381.4415999913 171921.85168834517 -9999.0 -9999.0 -9999.0 -9999.0 -9999.0 -9999.0 0.0 -9999.0 -9999.0 0.0 0.0 0.0 0.0 0.0 0.0 0.0 0.0 0.0 0.0 0.0 0.0 9233835.958120503 27311988.816218883 27308711.430264406 27374907.909970418 0.0 0.0 0.0 0.0 0.0 27411753.977411326 0.0 0.0 0.0 0.0 0.0 57099.18746743426 252040.00329658602 167793.0015538986 23088450.245249983 29524421.421332505 29516517.14548925 21791743.128513135 1213737.0919953762 19700851.378266323
10948751.34494695 10888205.161859524 9305171.82887407 4045572.165062579 5684754.183236421 7168841.432008077 1230838.0425369139 669048.0357079834 2352731.7812723867 2161673.975285022 714611.5401140366 673947.3845285228 684325.0080196501 732002.6592961822 757942.8448351334 836810.5707019266 933149.8385917344 822377.3130930971 166714.09684445994 35611.33404121874 -9999.0 -9999.0 -9999.0 -9999.0 0.0 0.0 0.0 0.0 0.0 0.0 0.0 0.0 0.0 0.0 0.0 0.0 0.0 0.0 0.0 0.0 0.0 0.0 0.0 27619587.76407725 0.0 0.0 0.0 0.0 0.0 27628140.41586038 28604154.86911935 27628134.564915836 0.0 0.0 11026065.557423256 317404.2489536821 28344790.16739368 28475405.41638976 12513020.582056422 3094981.9771869676 15870163.551700633 25809090.681606166 26515010.346775502
13528619.237861797 3583427.9319799794 11833993.724637145 9790108.07653372 7500189.5282657705 5729851.986029195 1737481.7112200104 1510951.9638771964 1054284.5296365444 1501736.6919647427 2130275.5051305015 944043.7569749465 859306.0774998487 803570.577260601 815719.108671407 826908.5817590524 687095.2027746384 589325.708818672 247407.53238603479 166737.41078779456 -9999.0 -9999.0 -9999.0 -9999.0 0.0 0.0 0.0 0.0 0.0 0.0 0.0 0.0 0.0 0.0 0.0 0.0 0.0 0.0 0.0 0.0 0.0 0.0 0.0 9293731.038167274 0.0 0.0 0.0 28727793.53920293 10934487.823241169 8404229.1703447 17478481.60717966 29009121.497836348 30054845.89783293 29751452.2385977 17849615.548365444 25887311.69068645 23947222.014957823 2764164.496778575 1265169.9668646203 2205703.919589946 19258662.586405676 1141229.5355661288 23920046.48697876
13506937.420240164 12536223.421178794 13338311.381059963 13902119.811477615 13574742.955574902 9216495.621693693 7403160.3791685 9584781.709275471 1099409.3793891156 2308317.82359045 2390013.4943033927 890467.1269141218 875589.2369960577 772739.4357638228 819503.8264900497 833204.5953706816 774850.7738396875 641783.0301987674 -9999.0 -9999.0 -9999.0 -9999.0 -9999.0 -9999.0 -9999.0 0.0 0.0 0.0 0.0 0.0 0.0 0.0 0.0 0.0 0.0 0.0 0.0 0.0 0.0 0.0 0.0 0.0 0.0 0.0 9338053.186890537 27914154.65437771 27675301.199414987 23103733.573367387 18544457.57403636 29193209.800940804 5976782.618694186 15668538.442273842 25449601.52442629 17074172.39990945 30603873.394545853 29807123.094356775 3361310.344935782 366511.8187105857 1998664.9873705178 2033509.936181767 2020427.0699947923 1977007.6394342056 2052997.412916286
13870937.99207501 3925450.659730567 6275675.376233179 9572174.00153121 7830566.616410242 13642493.499815442 13916633.709947715 4687490.514904293 4675225.289973195 688358.8145517518 601048.8009470444 2399863.7449217965 909395.8169998468 8638341.080230968 5457519.091181117 864237.694732318 770214.5333776183 334374.93214114994 -9999.0 -9999.0 -9999.0 -9999.0 -9999.0 -9999.0 -9999.0 0.0 0.0 0.0 0.0 9405474.44646344 9405474.44646344 9405474.44646344 9405450.509451263 0.0 0.0 0.0 0.0 0.0 0.0 0.0 0.0 0.0 0.0 0.0 9786120.814094143 9401705.028385805 21684895.61715438 26712907.348008204 29339117.084492523 24341068.942039322 14206328.545049537 7442088.896710381 10508808.238202697 30052040.702611215 3367506.742253307 3267896.923771766 0.0 0.0 0.0 3414279.668807254 3414279.3858744847 0.0 3041015.127635856
13598015.54992644 13993455.749296334 8491168.378866883 8773825.020235768 3656024.1920545422 7151153.379328802 4470533.418402344 4248432.333386194 10773029.60094963 5146455.396093267 3972602.0690818303 1879977.5970884806 3129900.9600244006 11380897.006441712 11373568.55192754 947193.1032533195 695478.9966226136 0.0 -9999.0 -9999.0 -9999.0 -9999.0 -9999.0 -9999.0 -9999.0 -9999.0 0.0 0.0 0.0 0.0 0.0 9532287.782942442 9833821.687686939 9472172.100115897 0.0 9472172.100115897 0.0 0.0 0.0 0.0 0.0 0.0 0.0 0.0 0.0 9855517.77013021 9544848.187382257 9885560.371803138 30995505.513620928 19902401.601758156 24900971.04175817 18494905.94153415 17521564.861896694 31110012.615404855 31107118.524474576 1566297.0517824832 766567.5176210412 260532.60731473746 64810.05533937074 50377.098095359426 0.0 0.0 0.0
12511640.871860456 9227979.098076716 14107506.844416246 14069047.774681423 12828269.241692558 3758589.333312318 13774524.734703291 13664082.53068148 6566451.518858725 7755671.7387382565 8073379.860778096 4747969.751973876 11706685.635998046 4542629.9195871465 5886152.7081866115 5283597.131523274 4369268.55113098 -9999.0 -9999.0 -9999.0 -9999.0 -9999.0 -9999.0 -9999.0 -9999.0 -9999.0 0.0 0.0 0.0 10343880.50786033 10229813.75990217 10236270.826290099 12094328.09144471 10346453.624541234 9890349.469378863 9909817.558243454 9584713.988251152 10347570.260082005 10316814.233339507 9538325.063937886 9538446.437366229 9539830.094449356 9618577.174759267 9925045.08132913 0.0 0.0 0.0 10037278.365425318 10097554.15824599 9868488.602234187 9719428.177177988 0.0 0.0 31323811.64029187 23344496.041879784 29851418.749504007 2145119.9880007566 1355918.0882616448 3381779.2845914657 108905.83706127893 155708.46698517413 807814.5466433006 0.0
11458336.811911995 9226057.997813223 9376284.86403325 14140754.2001606 14300347.11114089 14040043.223686289 14131487.184352556 14116102.519010913 4673243.9382128725 3485663.9048850345 4857202.119122002 3881485.91081599 11460901.527064946 8776212.391643682 5058394.108148276 11803762.603406705 2681411.5935152955 1397345.1731981232 -9999.0 -9999.0 -9999.0 -9999.0 -9999.0 -9999.0 -9999.0 -9999.0 0.0 0.0 10226453.742990484 12146128.763638364 12127040.530404432 2488484.8184114024 2352120.044396802 12066036.394486513 12151872.342140254 9883896.504822262 2533260.2899665427 7195457.384126331 9802137.7158787 8291918.740516446 8347961.402239118 9983928.085653337 6386300.448650838 10317675.990059145 10170924.337219045 10316737.90888824 0.0 9986154.990372844 10165628.332122874 10070767.495765334 10158985.739398753 10147809.19742951 10868610.26026109 15456385.287850307 9767464.603246404 3139244.4830550477 1753507.1062468651 3446391.5087283254 2171964.4557319214 34982.06391483355 129588.45036419512 126032.66467498986 2856624.956446033
10534514.480737977 9461463.018537909 9913258.306041153 10184382.814383391 3443590.7003187262 4478011.827446411 14170110.180665635 14338632.445321169 11895653.874330912 8760654.500239804 4487549.896970812 9316957.694140267 8915511.774459949 11624460.380142454 5640473.635029043 11847784.243893832 12228029.421051864 7261089.136314873 7739412.737371389 2087303.2795009199 -9999.0 -9999.0 -9999.0 -9999.0 -9999.0 -9999.0 1393305.9188828033 10657389.356847262 7831062.643029549 5175418.691383779 12186376.347810503 12227734.161434554 6799632.146886004 4456417.17556638 3012467.7996730725 5056130.275069548 12060858.491935777 3528570.024226505 10487252.532301148 7839216.654463586 10160178.691226881 7359463.663777645 10163719.874146223 10114230.041030884 0.0 0.0 0.0 0.0 10487227.927333038 7891772.866344625 209141.94090300053 103049.72273408298 206758.05525994574 217447.81764716035 24290425.83292487 2998773.658776515 134994.35864988522 1818789.726335984 180135.14350928972 130713.88781065623 194386.7531144705 1863.762984984295 0.0
11699124.274544287 10920222.915597277 9695836.297775926 6561752.392816733 9108392.0187637 1904149.724374061 9693103.10603391 9912937.642847583 9883117.816087369 9473903.379167728 5369813.078773292 5420181.30209722 3507711.6302244794 3946396.49181545 11599194.358082166 11462735.426824588 11498972.527009966 11463577.898259584 7754591.4609382115 4618952.468288559 6572934.348109514 4336582.417606494 2335857.451842079 0.0 0.0 7492681.415071481 7429107.909200249 11762627.942122906 11209176.946219571 12286759.317127276 11742299.805773627 12308405.935556201 11076034.722985813 7162157.6934097 4768125.903983551 12068534.654681886 4224954.292124528 6483775.360121805 2146143.334197779 12308430.702854177 10267853.02280927 9612664.901869595 0.0 10176932.271948187 10218293.659564098 0.0 0.0 0.0 228261.8576221707 213059.1338675581 162706.65682314054 152085.40741270484 188595.04853361243 212562.0213527045 215020.83909698512 232196.85178930237 145478.89826795575 152989.9292280058 189748.6751614868 8515.739721252294 12506.838849384532 4589.693820391374 1844405.0470681784
9542218.196958326 5903065.715941522 9441609.178271953 7712095.4781731805 8814901.131891409 7741295.085683597 9772239.35206423 6734878.190261521 9685649.33810288 7949888.079690028 9511533.703040615 11958023.360519612 12131388.71507824 11839101.088422874 7043634.921382679 6699781.536619148 11898968.01389589 5378436.891601527 11250745.848305022 6032138.9849218745 11691902.686053725 3054820.9904753054 4447010.905341074 12285200.585881706 9616359.52739616 8507467.190011706 12394451.261794895 11210400.250576014 11058920.718952699 11188745.845364386 11268065.946155857 0.0 12388144.54102172 12395772.432549749 4642000.764444582 3995968.195183663 6524647.036593941 3441028.1785631618 8995177.772400187 11806455.492634233 12393528.935041504 9905191.065397808 0.0 0.0 10348132.256775452 10625204.199043585 10624805.355042119 10032372.446365153 96484.10311704238 212532.50161597613 207867.8545084592 215960.85528383483 218422.3438213024 131390.9720641306 225561.8772238252 232770.66242080837 216415.23943683456 47694.511629947 11241.916288982706 124976.41183756528 123426.1850987976 120822.482272365 13308626.583589215
5837843.5668668095 12633115.797343748 8579870.104237854 8707960.81617432 6171709.529944659 8942118.404097306 8267871.634916698 5086877.029556775 4744165.881747295 9659702.695743829 1493692.4141012751 10519873.364547148 4558258.251271383 11842332.134303633 9014762.832512077 12094902.077681487 6201060.51564103 11649732.344952546 11709838.012517065 11696568.490503933 11145306.088379886 9225795.938471127 11191842.55895919 11833012.944523212 12358721.710551528 11838934.73810114 8558872.860624297 11242205.197399102 0.0 0.0 0.0 0.0 12499430.837706177 12500333.944958374 12499782.046082031 12499681.700831788 11405742.868984262 11145120.286532076 5824541.465302047 11278856.300050722 12500083.081832763 12511121.059359604 10692263.053436859 10692413.571312226 10566577.136999784 82720.06236176925 102086.99292511023 130294.54449494985 88247.20522212579 212056.60698313787 206915.91981313776 21335.514574431345 202507.75296991883 132208.63014335415 132198.34475520416 132522.2038110344 52544.837492801424 12478.883667641694 10414.33138483769 131634.24986987837 125799.93595341899 122742.88822632891 22257998.368093167
12262446.811082648 10122929.698566139 0.0 10123081.156294411 10122929.698566139 8187742.473347677 7138105.364008587 6564144.281552142 4779115.799321433 7507372.194992096 9217784.320977375 11201011.523248278 11940534.029535042 9302241.260285519 10085432.370537749 7892159.304766113 8352913.467568469 11923558.820043199 11572102.485621605 11514492.57979374 11518461.20685882 11740775.909006521 6427664.044200521 10996624.82051907 11075699.781212091 11312402.96754558 0.0 0.0 0.0 0.0 0.0 0.0 0.0 0.0 11053295.948329013 11259368.002730338 11261067.388776409 6576384.362240529 5574325.960164742 5735401.254181376 8318471.791472271 248356.0915171407 244356.8502021344 35096.54208369017 248182.9248478171 235720.28494347734 133111.4012163382 133567.54140798227 133144.46948701082 133027.34217714757 133111.4012163382 135867.17458223633 133250.23746725364 132476.0360462397 14601.0944711788 2483.4068280677725 168163.003725194 44994.72923271059 4373.133313296709 1606.7640550261306 1754.755976439451 207213.3487794081 4559962.888860024
6125386.503702857 9459244.362102663 0.0 0.0 0.0 9904745.00943338 8348959.3197631035 6615647.72230753 8606051.072053937 7083258.873870113 4288600.788597331 12574033.862911431 12428476.290298643 4682213.972584359 9363938.538830385 5801975.004987941 11545015.72732869 11689051.839680823 11537351.520416755 11497566.613450367 11562408.644621091 11641989.491263505 8667896.678499198 0.0 0.0 0.0 0.0 0.0 0.0 0.0 0.0 0.0 0.0 0.0 12654569.893781405 12654595.291457493 11328074.669464821 11189631.937117852 11637088.194408048 11735732.768327627 11173731.392343538 226311.83423336712 237131.7521996952 2276.0356536185 133865.30918591455 35355.1019756693 133603.45914546377 134199.54260321156 133701.74815191812 215188.23111121124 134009.31400932444 133765.7288355786 4036.284675529114 133390.58074058426 9205.000276802668 137891.10727827818 20577.2470951767 79748.55827881796 240567.44759594498 194812.2945116854 90656.34704158056 6812501.233250796 21607329.0919001
9273655.83181496 9541589.409452748 9500543.280448236 8697545.615451302 9760122.495586967 0.0 7861856.160894432 7505782.214009757 9375693.342743365 8336151.349380242 6010265.871371574 12498544.168988971 12192746.75608263 11832971.66351025 12071601.98483556 11744812.322331525 11317823.203013834 11784141.820137545 7398712.995739345 11848310.50722938 12390746.777383653 11491622.594132036 11450208.786773719 0.0 0.0 0.0 0.0 0.0 0.0 0.0 0.0 0.0 8719605.554194478 0.0 12730721.200872716 12716695.667229574 11814461.813909402 11714834.90311794 12730721.200872716 12730721.200872716 244259.33350553137 212365.46054531122 109896.6174157679 140120.2666265156 108498.49623334485 46731.02520132175 2761.0849316039266 4145.102259993783 3089.587198460897 134960.0858493587 134648.88124406058 134573.20255719044 134623.01606127716 134774.76015799405 160122.92155674944 135972.94002277538 24762.195619385166 35176.083712726504 224689.46952063916 71791.6775970852 61341.17934731409 12616846.649535516 24216698.20197642
