critload/trunk/input/1999/n_fe_eff.asc
ncols 720
nrows 360
xllcorner -180.0
yllcorner -90.0
cellsize 0.5
NODATA_value -9999.0
[rows 58 to 86 of 360, columns 455 to 519 of 720]
778.645715878 0.0 730.513578709 0.0 3690.60713414 0.0 0.0 0.0 0.0 0.0 0.0 0.0 0.0 0.0 0.0 0.0 0.0 0.0 0.0 0.0 0.0 0.0 0.0 0.0 0.0 0.0 0.0 0.0 0.0 0.0 0.0 0.0 0.0 0.0 0.0 0.0 0.0 0.0 0.0 0.0 0.0 0.0 0.0 0.0 0.0 0.0 0.0 0.0 0.0 0.0 0.0 0.0 0.0 0.0 0.0 0.0 0.0 0.0 0.0 0.0 0.0 0.0 0.0 0.0 0.0
0.0 1651.11947473 0.0 900.775733699 3690.72510657 0.0 0.0 0.0 0.0 0.0 0.0 0.0 0.0 0.0 0.0 0.0 0.0 6254.5013724 0.0 0.0 0.0 0.0 0.0 0.0 0.0 0.0 0.0 0.0 0.0 0.0 0.0 0.0 0.0 0.0 0.0 0.0 0.0 0.0 0.0 0.0 0.0 0.0 0.0 0.0 0.0 0.0 0.0 0.0 0.0 0.0 0.0 0.0 0.0 0.0 0.0 0.0 0.0 0.0 0.0 0.0 0.0 0.0 0.0 0.0 0.0
992.623263234 1256.36253239 0.0 6519.54415922 970.612360434 0.0 614.319974393 0.0 0.0 1645.80514656 6499.1386472 0.0 0.0 9912.31609371 956.721131646 0.0 1671.61020867 2633.42262634 8425.10592046 2288.08241174 0.0 0.0 0.0 0.0 0.0 0.0 17536.4915088 0.0 0.0 0.0 0.0 0.0 0.0 0.0 0.0 706.390040417 0.0 0.0 0.0 0.0 0.0 0.0 0.0 0.0 0.0 0.0 0.0 0.0 0.0 0.0 0.0 0.0 0.0 0.0 0.0 0.0 0.0 0.0 0.0 0.0 0.0 0.0 0.0 0.0 0.0
15974.5613154 1721.74708966 1651.7019431 25388.740459 10194.7320482 1877.95657658 14760.4923366 1029.49541363 0.0 3794.97900387 2908.80500137 6113.98083445 37124.0653112 63593.8278989 132952.364117 37546.689626 5746.14017075 1670.64720381 2311.86168446 1265.42743131 0.0 0.0 0.0 0.0 0.0 0.0 0.0 0.0 2923.94067859 0.0 0.0 0.0 0.0 0.0 0.0 0.0 18834.0107447 14443.4544762 19816.459718 0.0 0.0 0.0 0.0 0.0 0.0 0.0 0.0 0.0 0.0 0.0 0.0 0.0 0.0 0.0 0.0 0.0 0.0 0.0 0.0 0.0 0.0 0.0 0.0 0.0 0.0
70202.4384426 119589.328119 87822.1708413 96802.8462544 42569.3195365 35343.3917055 13970.7851958 0.0 0.0 2518.97997333 0.0 73353.0241829 10811.8354764 42639.8244359 153333.389741 121843.339191 65798.8649442 17637.1920298 7204.91257584 0.0 3964.20600686 0.0 0.0 0.0 1765.92773412 0.0 1440.6428191 0.0 7344.82154841 1165.81766698 0.0 0.0 0.0 0.0 1280.61257882 21837.3636643 0.0 17897.1584331 5907.19868638 0.0 0.0 0.0 0.0 0.0 0.0 0.0 0.0 0.0 0.0 0.0 0.0 0.0 0.0 0.0 0.0 0.0 0.0 0.0 0.0 0.0 0.0 0.0 0.0 0.0 0.0
243766.371237 341816.024564 94843.22157 134569.27827 279409.962017 343380.60207 350987.127101 411724.84402 333062.55708 229639.591148 197997.603701 180712.714591 85653.7914515 190291.668563 252124.249692 178042.345127 37157.2917738 0.0 2840.38748483 31023.6938434 36652.3858903 0.0 0.0 0.0 11232.0660384 5392.24564971 4831.80162908 1789.13871917 28396.8964283 4795.11657449 15899.0261 63895.2274285 45401.4982303 0.0 1643.73561685 5841.06801844 784.576259248 12055.398914 2823.44000475 0.0 0.0 2395.89789017 2636.16247752 0.0 0.0 0.0 0.0 0.0 0.0 0.0 0.0 0.0 0.0 0.0 0.0 0.0 0.0 0.0 0.0 0.0 0.0 1024.73386438 0.0 0.0 0.0
170861.44614 383319.360782 273273.861113 172252.572489 428364.480977 559766.647587 348486.174396 277989.616335 164565.072427 270171.844155 218747.940559 199296.768225 249070.308287 228994.430473 241375.008913 255363.955877 106043.179791 146271.796214 178661.906224 280233.841803 53588.3669455 701.436341507 0.0 1953.71702918 14601.7156811 63639.0218924 56096.523071 31502.8181795 94378.0256124 59971.7053869 92452.4870757 140382.545429 162396.880515 226695.475763 24553.8653711 3227.85044124 97929.7258198 39396.4057884 12548.0712217 23498.1030135 27121.5711193 14143.1515275 63588.0676711 24179.4313784 3772.37893404 2234.9950026 10542.063314 3099.96042982 11181.9521272 6025.10240113 8241.18438857 0.0 0.0 0.0 0.0 0.0 0.0 0.0 0.0 0.0 0.0 2398.49298913 0.0 0.0 0.0
704067.217569 779057.23872 829516.143544 698464.810289 577761.677683 229970.614016 2692.01571822 18814.1392317 201182.138483 299369.322024 73331.8199703 113491.611156 335055.150362 452671.075474 395363.694423 264425.571717 214685.817232 108125.840065 441205.393715 304635.374401 177618.263279 8381.83892458 1402.5484754 4958.20405096 2082.70530363 22477.6509264 36368.2943853 13664.3729785 54720.5766891 28389.5915297 234087.513133 259987.965446 357565.188586 119766.153413 146137.251215 133002.377455 109723.487291 28580.7366611 62418.8947362 8921.72429131 17170.0006181 43049.9625418 76862.6188552 61595.9174893 46770.6391204 24557.9185574 38868.0635293 40770.5587784 57181.2073172 28821.6226503 17798.0351518 8902.39050879 31778.9260391 18066.376021 17846.291005 9322.03198906 5929.98594697 0.0 1979.1969757 0.0 0.0 0.0 0.0 0.0 0.0
414022.682185 682677.62171 636248.220902 770232.832589 761313.104096 849175.387878 297752.113609 244852.678631 322647.148267 370630.85795 332826.073139 533685.689246 752762.806909 167258.067799 380357.388372 337064.398409 285471.413429 232543.640837 324866.253773 151898.274327 315190.761167 167047.857811 7842.62659927 18193.442512 51045.2793512 27364.4486615 151603.752566 248747.353667 390842.531273 255200.74259 375101.727853 419984.432281 337625.712408 231649.66899 252022.017003 376343.064571 490832.399032 372088.910509 275847.605255 307749.815744 262381.007807 314169.272176 281686.504109 204658.523795 210077.982197 316107.566321 459815.280962 93212.0105303 147777.766799 126347.123662 176360.24321 120598.767719 152089.301023 169817.560601 49648.5270691 31039.6834224 28818.5759283 66425.5814217 58936.9089026 22561.9938035 2983.24748038 8768.78766809 5305.34578188 0.0 5619.58294997
178892.106758 128085.853016 609797.246898 924760.179821 1171805.71462 1071828.30576 1125973.87399 617972.995567 417538.566162 674915.823924 754874.253791 760893.459628 1051232.00199 495405.01169 779541.504324 751080.544775 677809.692435 454819.102993 201146.501056 67000.1043167 156736.305264 459969.227979 217465.095502 130120.31035 0.0 4514.48562695 99682.4671013 280337.266181 348102.44253 401236.625449 575257.791403 514111.391071 404600.286924 321900.104638 462479.66976 369127.897395 545118.429284 632298.076339 634954.013992 377869.315193 495566.658709 398990.378509 328363.455541 477909.39408 426770.097143 638937.914906 544807.51831 473129.575697 368542.550461 331369.032034 411522.199425 258996.561412 253886.02987 425223.328723 606855.946375 177473.305007 218392.227129 143912.459878 299595.02933 150105.41354 80712.6287867 228694.624633 34687.8599918 9134.83557647 44573.8217582
1293792.69336 1105050.5166 818336.73091 882402.190406 1144775.2939 1104025.53116 945678.195777 1030424.54459 928755.065854 781250.424348 480343.902748 664507.112318 883924.769064 1049039.09161 606270.265941 720714.91814 698241.92212 452057.227826 406921.600823 0.0 117544.672685 509967.600459 301606.006315 77682.7928711 7444.75668011 0.0 223860.771259 426517.255905 438849.401752 386167.088844 539466.53092 509109.520995 535246.764225 714469.211615 339229.659175 591619.434371 428450.085689 647759.092022 590612.482117 503318.045665 241323.763138 359869.786113 201539.534454 960725.387764 292477.209949 628859.936787 349909.567167 409518.488343 412877.257152 446805.722067 548019.839396 294682.622698 344871.991384 586940.484454 656039.726975 509608.135026 434472.379709 407555.30484 513197.291187 253707.319112 283171.343743 205944.112716 125692.089257 107499.314963 180172.768497
1265271.92456 1151841.69123 1237574.82123 488046.627662 816953.534927 1024391.81307 1051243.27156 1011607.41516 729505.688738 807310.348612 1084198.38651 1063905.93074 1023220.36913 810255.570911 1139912.497 828743.398566 565716.539075 423429.181979 212367.172548 10896.4656158 83661.2026095 272155.404464 240860.63114 52549.8591831 25374.5050105 98832.5269921 564029.373593 584742.457546 495186.155938 483733.199827 711025.757106 824649.391833 580418.476162 727037.329017 968907.808865 820853.526968 206737.002323 590113.780394 285999.623683 386298.034607 226035.805169 428142.965801 53233.6030634 168446.507094 125005.930833 619601.195715 43659.39556 391000.417977 521713.789929 442392.493928 1113612.81157 992922.774794 831353.947017 613742.733376 567370.739196 637686.486636 426733.818302 0.0 30458.3202955 144092.735387 2883.6485037 114398.612429 225229.616627 175562.222098 207890.270903
1262424.26336 1277464.70635 566973.581793 957732.926306 1247454.65604 732912.012965 1021968.91345 950413.581793 865694.557512 802410.372975 778239.618495 960905.105688 1001084.6725 823063.953379 1114227.47375 999140.819452 759392.227433 562255.198202 239825.477446 6327.98852785 15545.5849359 20756.4562719 1970.75631264 26169.4416692 356240.931968 571399.587313 595052.012277 810306.00994 579785.988011 539764.36578 642825.14849 574867.637182 731086.227221 820494.947376 971673.50262 1184684.10466 912929.570714 753306.767523 880205.56179 65296.652974 47164.4748963 11964.4488762 181815.572812 194648.144831 154522.472985 140624.635204 70.5853878342 782739.422509 873238.224422 993344.291694 1252674.54449 1184373.34562 1306836.63875 1218920.94364 923540.713876 712726.968652 337475.506389 553476.866658 500087.960937 468468.229026 265728.763324 445254.104968 227255.813068 476799.702861 502082.001309
1018112.11501 997619.922393 826780.359368 964850.109081 879665.654208 1062738.26897 997308.243367 747098.46038 895882.317035 905990.780621 690339.110141 807801.404164 495305.095993 583151.447988 917227.659027 1128770.34915 943265.146528 826009.51175 223861.840887 0.0 3515.02396358 0.0 51917.4938542 679853.737099 964492.723377 915799.182444 695858.177845 1016526.80414 862228.761122 747307.898642 977160.550101 1062471.74573 1366243.02087 223669.390388 197170.341922 240788.544874 192527.240189 169637.784759 163014.790191 177071.025836 183752.812257 172715.268398 170552.129141 135947.279918 129654.229654 116136.446592 123017.221441 137007.655529 946309.500844 927254.31254 1034149.85496 1203031.19568 1198038.2904 1311314.2368 1285928.25039 840309.880796 36781.3895196 127776.972834 776903.240036 53525.0057163 41702.2783835 663200.556678 629239.69129 744331.310722 741532.984256
904793.949632 824823.550939 646318.464911 823740.502153 914177.170448 1076392.41592 1157548.9338 1044552.9339 851451.016634 630887.336861 674784.649324 753202.323236 826279.879191 789295.744591 875340.694761 988210.760484 926496.861116 635793.358344 13520.4577025 5282.19566169 8778.23012402 61141.1952829 526883.226382 1267495.78287 1257300.40286 1115035.66121 992766.710727 187420.541632 196178.476968 199412.872589 210256.633016 213999.970662 248727.708759 220087.22816 165827.58485 193467.814082 186675.433646 143480.703159 145076.970005 167705.376536 2029.93576994 165914.276073 1705.74939227 151885.121711 145148.329893 145388.343252 150083.3172 4417.52568759 141746.741455 150935.017388 145394.067028 157447.623197 90117.8967294 78761.4117322 9052.13894016 17952.9440665 1323.73161159 12.5347087675 3215.07044005 2725.72904889 4072.44211289 41103.6912907 44462.5673944 49758.61001 709072.867532
887656.012679 915417.495846 1032359.57655 0.0 224275.577999 805493.143362 1125833.84386 968045.951316 1004524.51954 618778.279963 774642.293286 772905.601574 736514.444998 852250.451568 773498.573273 791215.250448 956750.12956 388118.770063 215.415361821 8229.47317964 5743.91797615 150481.898968 643894.780131 1156192.97409 990914.191906 713271.649759 993695.166476 1174130.60628 5750.93767281 194719.13895 175096.831924 3132.84823709 7790.03488862 1786.32366824 1584.94987924 1439.38801516 2039.53945655 1783.81341428 3087.97361293 1876.45086822 160344.374342 148428.908397 153409.709217 1483.12877614 153818.365656 140225.736623 154252.932629 169881.378556 1179.48142062 558.178997993 117842.030287 997.664370587 1000.05661802 1447.30910078 1378.26012321 5316.85779076 19660.7183833 5701.2483863 8.48412858181 12.0060588441 866.198955027 14352.9724543 67084.3241195 20827.1119273 41281.2363558
1179546.82211 989569.744487 1282573.13323 1097001.61126 1156451.25467 1125811.86623 1116251.45856 997117.561414 768323.741997 693279.774511 759537.747142 782388.70068 783336.311312 779990.432599 817293.155691 823248.885555 956386.272681 753594.998483 327096.745464 41306.1579305 0.0 562730.61814 1096026.51725 1335702.81543 1000078.10088 868675.883521 962582.686125 218313.958815 2547.04084978 2362.27781702 5812.58480472 7575.70458412 2024.60419504 6.83978049716 5.92176775428 1418.39198055 1927.14129187 1962.44805383 2144.50203206 1793.62989616 176870.825178 1699.67916704 161129.96409 158235.510905 174990.138332 143770.455483 147473.695736 141749.45471 285.26191691 300.529527645 262.362572652 106.833126422 390.822574228 6.05679508338 9.67557652001 19.4950960159 23.0766160073 20631.2664555 16855.9171753 8.43957343057 8.92965270163 579.188929875 25892.979453 33599.7002566 15599.9792821
1008193.78229 1075844.68494 55004.263944 87877.1814336 58394.9035676 1066915.81172 1027913.55829 869262.907838 830911.748854 788738.742352 832100.608753 910871.439659 889559.911555 930973.931019 932386.207585 942582.124179 1101512.93347 939367.593472 635182.837926 256658.935734 276439.096077 866805.981735 1060719.14057 900484.385531 37240.3337544 829430.562932 33838.9028335 1634.58348622 1693.64987055 1522.52488125 4.16815303382 0.0748213969145 0.0390624379831 0.0286906485903 0.0 13.2779577439 13.8640960706 1580.45017244 1650.13743249 1679.41442778 1969.46293541 2098.15275857 207512.568383 2008.24141472 2121.07022698 164607.323847 162331.713016 160991.641992 145762.481525 1867.51014044 1549.75103895 808.769226703 5.19916787663 10.9402306658 12.8427874384 0.299843878589 0.133893318069 0.151315737965 2603.17657581 0.0 0.163288054015 11.61032037 6297.41026249 12770.899456 23419.1810362
1339.57059582 89597.122035 237025.651193 9871.8507669 3376.51187445 2217.14540184 8189.99037229 8561.61547239 6131.36760624 5440.78999619 14146.0196163 11969.9337738 51945.575964 11072.5469753 11911.1711798 56802.7549624 59086.2169226 64648.1855661 42427.4553981 26195.5657769 41151.1285217 824422.069857 36210.5659829 34581.1862477 24003.6127847 18472.8909303 2109.00166977 0.0718974143346 0.0 0.10127884127 0.0 0.0 0.0 0.0 0.0 834.599789785 0.0 506.966375998 0.0990996033509 0.0591646505653 0.0260070288431 2.23438858758 2139.89790403 0.171724438663 1601.50189508 5394.18603179 173728.585827 1265.42969639 791.494853872 539.838435444 476.324062123 322.023931319 5.55273484808 981.830140548 6990.39120105 0.0494388640239 0.0454258259512 0.105918912081 10751.8653577 0.0 0.0 0.0 0.0129854983885 135.429449557 6939.55988931
87570.8509672 232556.900094 212223.296931 650.107322457 4457.72853352 0.0 0.0 4.8636122347 0.0 0.0 66.4832366267 18.0159087153 872.05371876 5249.12067527 4794.16814233 8372.22359 9614.59816608 11771.9986384 36314.770941 33563.6650973 42081.5990405 30732.4348747 41519.9369162 24203.8001019 9825.8579527 9999.64583474 14763.6724628 7073.91545827 159.103780383 0.0 0.0 0.0 0.0 0.0 0.0 0.0 0.0 0.0 1132.89274036 0.0 1138.50709651 0.177329916291 0.0868498112514 0.181672120393 215.239238034 652.557659505 894.703990904 2847.81729767 7479.32420618 1079.58199937 4007.56202745 1145.68180164 480.862783096 2124.76836563 8.13585994381 0.0 0.029055539863 0.0 0.0 0.0 0.0 0.0 0.0 0.0 4344.80878817
10251.3514271 361765.715808 61304.1889526 0.0 0.0 0.0 11807.7579795 17613.6127954 0.0 0.0 0.0 0.0 0.0 68.3641740141 96.8144288387 517.932190597 4638.04733355 388.185032286 0.0 2249.91918737 182822.932215 1366.82274311 119.665157421 1903.06910026 0.0 728.421223237 7533.15315017 73.692125476 0.0 0.0 0.0 0.0 0.0 0.0 0.0 0.0 0.0 0.0 0.0 0.0 1346.17558545 0.0 0.0 2972.01722561 19.5293326207 0.0898153696103 548.250457521 12409.9927773 1204.95096805 4931.33100573 10725.2610342 12155.8545672 312.726488706 269.461762262 298.481665478 0.0 50.0153358916 0.0 0.0148135838989 0.0 0.0 0.0 0.0 0.0 9618.81766181
0.0 4712.40530969 26960.2960008 0.0 0.0 0.0 39256.1678884 8287.85948241 0.0 0.0 0.0 0.0 0.0 0.0 0.0 0.0 0.0 0.0 0.0 8579.79729396 17050.6245979 0.0 0.0 0.0 0.0 0.0 0.0 0.0 0.0 0.0 0.0 0.0 0.0 0.0 0.0 0.0 0.0 0.0 0.0 0.0 0.0 0.0 0.0 0.0 0.0 0.0 0.0 9500.87670409 17326.0667373 2335.40745163 2419.03600947 9449.31442892 0.0254662789746 422.244029479 0.0107506321036 0.030168818325 141.627855736 69.8071016149 0.0 0.0 0.0 0.0 0.0 0.143190992279 351.242602289
0.0 0.0 1664.69592701 0.0 0.0 0.0 0.0 0.0 0.0 0.0 0.0 0.0 0.0 0.0 0.0 0.0 0.0 0.0 0.0 0.0 0.0 0.0 0.0 0.0 0.0 0.0 0.0 0.0 0.0 0.0 0.0 1361.65872627 733.730835826 0.0 0.0 0.0 0.0 0.0 0.0 0.0 0.0 0.0 0.0 0.0 0.0 0.0 0.0 0.0 0.0 3349.94573611 10842.1138048 10274.5198582 0.0261466011817 0.0 0.0133388335727 1743.92298388 268.360890461 177.627663452 24.7697144579 118624.465195 118356.790495 10.0425324468 1.97378803048 0.0 4.94606927755
0.0 0.0 0.0 0.0 0.0 0.0 0.0 0.0 0.0 0.0 0.0 0.0 0.0 0.0 0.0 0.0 0.0 0.0 0.0 0.0 0.0 0.0 0.0 0.0 1910.07610726 0.0 0.0 0.0 0.0 0.0 2294.91984686 0.0 0.0 0.0 0.0 0.0 0.0 0.0 0.0 0.0 0.0 0.0 0.0 0.0 0.0 0.0 0.0 1395.34730729 0.0 10377.97804 1346.81809974 0.0179541970817 0.0189520112514 201.820474704 201.11856606 1213.40276465 0.0 268.894569288 52.0118177024 125.485233297 3.15895642408 9.39195449393 13.3446736803 2.34735570936 1.61343176395
0.0 0.0 0.0 0.0 0.0 0.0 0.0 0.0 3669.1631522 0.0 0.0 0.0 0.0 0.0 0.0 0.0 0.0 0.0 0.0 0.0 0.0 0.0 0.0 0.0 0.0 0.0 0.0 0.0 713.01528849 0.0 0.0 0.0 0.0 0.0 0.0 0.0 0.0 0.0 0.0 0.0 0.0 0.0 0.0 0.0 0.0 0.0 116.671178971 2676.46354784 4563.81190236 0.0 2679.43921189 0.0 0.0 251.227381307 334.315506795 0.0 0.0 161.595325096 33.914746604 28.0315270202 0.0 42.0303500018 154.687522801 74.1929006736 0.0
0.0 0.0 0.0 0.0 0.0 0.0 0.0 6896.31181374 13281.9535445 0.0 0.0 0.0 0.0 0.0 0.0 0.0 0.0 0.0 0.0 0.0 0.0 0.0 0.0 0.0 0.0 0.0 0.0 0.0 0.0 0.0 0.0 0.0 0.0 0.0 0.0 0.0 0.0 0.0 0.0 0.0 0.0 0.0 0.0 0.0 0.0 825.437920712 592.698738963 0.0 0.0 0.0 0.0 0.0 0.0 0.0 0.0 0.0 0.0 0.0 0.0 0.0 0.0 0.0 3.63080931905 38.5334264614 101.534529344
0.0 0.0 0.0 0.0 0.0 0.0 0.0 0.0 441.800725557 0.0 0.0 0.0 0.0 0.0 0.0 0.0 0.0 0.0 0.0 0.0 0.0 0.0 0.0 0.0 723.907555777 0.0 0.0 0.0 0.0 0.0 0.0 0.0 0.0 0.0 0.0 0.0 0.0 0.0 0.0 0.0 0.0 0.0 0.0 0.0 0.0 0.0 0.0 0.0 0.0 0.0 0.0 0.0 0.0 0.0 0.0 0.0 0.0 0.0 0.0 0.0 0.0 0.0 0.0 0.0 1217.15312457
62373.5088595 16877.5103144 0.0 0.0 0.0 0.0 0.0 0.0 11600.9258892 0.0 0.0 0.0 0.0 0.0 0.0 0.0 0.0 0.0 0.0 0.0 0.0 0.0 0.0 0.0 0.0 0.0 0.0 0.0 0.0 0.0 0.0 0.0 0.0 0.0 0.0 0.0 0.0 0.0 0.0 0.0 0.0 0.0 0.0 0.0 0.0 0.0 0.0 0.0 0.0 0.0 0.0 0.0 0.0 0.0 0.0 0.0 0.0 0.0 0.0 0.0 0.0 0.0 0.0 0.0 0.0
23145.2985834 50902.5898786 9685.57720779 0.0 0.0 0.0 0.0 -9999.0 0.0 0.0 -9999.0 0.0 0.0 0.0 0.0 0.0 0.0 0.0 0.0 0.0 0.0 0.0 0.0 0.0 0.0 0.0 0.0 0.0 0.0 0.0 0.0 0.0 0.0 0.0 0.0 0.0 0.0 0.0 0.0 0.0 0.0 0.0 0.0 0.0 0.0 0.0 0.0 0.0 0.0 0.0 0.0 0.0 0.0 0.0 0.0 0.0 0.0 0.0 0.0 0.0 0.0 0.0 0.0 0.0 0.0
