critload/trunk/input/1999/n_fe_eff.asc
ncols 720
nrows 360
xllcorner -180.0
yllcorner -90.0
cellsize 0.5
NODATA_value -9999.0
[rows 112 to 139 of 360, columns 126 to 188 of 720]
20345848.34526215 19893689.439338252 21933908.31597552 22620896.164218582 22060402.219407972 18405857.30495204 18405857.30495204 19640290.73164195 19327737.225458816 13962630.318203125 1453180.1477512242 21102925.998756174 21128370.285502438 21028032.41130303 21042322.33396053 20030050.942255158 18615245.79396396 0.0 0.0 18768869.971594665 18865011.024873238 18876910.72665457 24189.42078627685 26165.46521707122 18864985.323573492 18865139.531371955 226337.46814090433 2346865.3536264524 6410893.0147939045 17582992.54706941 16670101.93466692 8627900.622660346 1648406.8317916614 2026675.9912894638 3959915.8263733815 3145298.169656971 12413013.925615799 11343088.14803627 11352020.444547279 15496970.128007958 13631338.460231615 15105667.979069907 15224959.284935022 15460539.756923504 17989288.919931915 14073508.65087371 14154612.722553208 11919439.119663645 0.0 14915283.662609875 15351041.460611733 13799513.415252376 16093854.63427052 12206372.6908906 14919480.233566307 14918893.579012394 14535529.64532367 15207861.962841405 18187916.45560704 19459744.133843437 17609603.715898715 20347669.09876802 20273773.716851145
22253332.330336284 21763398.963406704 15309859.712098 22188189.882368736 22188189.882368736 0.0 18512423.855088778 18512501.405622073 18347789.899193328 16161965.571692482 13284332.0433282 20486998.369690094 961360.3561240238 977845.0143839782 21318796.70377962 21158732.40305936 16477032.558236085 10667282.656108104 6951.035250448315 18198672.61417316 18982354.236676898 18958629.693180982 23523838.21083591 307676.5708111692 18724577.795861054 18974288.981214248 86069.20087534515 2013082.5934415872 5244975.218320445 17744751.236962996 7344449.095456281 1563281.2410069332 1467240.5798290651 1965042.3582375378 6911438.01612485 2430017.67019704 13067817.522477955 9830920.450859407 10996005.21393833 13453848.897939997 12128608.396890052 12058421.346543241 15129844.961314186 15062469.0279653 15046914.897914328 13677862.092595367 14469800.93305225 12120861.891514923 12098777.227396179 0.0 15204162.838729693 13268946.487557538 14443647.63040779 13155110.957603011 15236628.030845493 15760087.969313612 15223066.26375956 19496530.419258047 20496556.46426577 18064568.615941793 6788515.029905372 20570597.74092458 17005368.993945092
18927963.10806986 22740722.969759833 21199129.434975445 20491951.455601756 20946519.183212657 18617688.747278593 18617688.747278593 18617714.744372405 18617688.747278593 18902013.701601695 19215281.749204297 20126854.651357245 1941429.1695835255 21360174.16758861 19736759.6474669 18617662.75018478 162641.1985038114 0.0 19082100.831118297 19082152.82530592 19082464.790431652 19082360.80205641 24157430.340932332 175489.48220708387 19082152.82530592 18950250.926479977 29715.788017269377 1750404.3205543093 8317146.2345779855 5422726.665133199 4490752.802373983 1365857.9413237486 2789540.160107922 3763209.3146113055 4060472.9992332207 877222.8419235428 11596107.992514027 12065491.842999075 10828269.712423667 8548598.263645647 6882932.456975291 14158821.164128423 14549538.76862659 15566931.387411317 14300845.548957674 12731954.952002043 14737024.577706913 13332078.05145 15480568.508884767 15155854.93731717 13076647.390140027 12449443.552671673 13215098.631643789 14628832.28582183 15211334.101732194 14623708.945437634 14997507.059129711 21453462.016187385 21792435.178466655 19641635.160206046 21139312.985382523 20113494.47507368 19991267.14074321
9784749.888298817 11685147.372076072 9404750.223722186 11352528.644723812 11177746.70192912 0.0 0.0 0.0 0.0 21516653.60038731 20079954.33416487 18645640.83598619 352701.76614756003 714119.2076017085 18621882.634814456 18752697.35079024 23247913.394514333 19191020.76061558 19097685.172379363 19188301.989540145 18514722.935709365 19165880.46053628 0.0 19188092.853303574 0.0 18989385.09850203 19062717.9444357 6948917.448518702 249177.53166152997 320556.58707310073 1255851.8856482953 1768290.0173949364 2696065.2710939376 2133137.719226319 2226907.291588214 1720369.1521883276 3421642.976986526 3040465.6700422214 1595039.391074884 3185700.1830185475 14554717.643226061 13075541.00781383 15413633.77057238 14691003.342922559 13460555.830293898 15753334.971911611 5737350.162903785 11440265.167009076 16002536.14652277 14079142.64246289 13440031.187353035 12655898.564410098 14878199.644620573 12785153.093007088 13069353.08886778 13841629.289655617 11188509.046133759 3064167.225701187 21462274.080414906 21047090.581239413 22050247.371906035 20550605.820507966 21799449.22650592
3225648.67860732 11649211.165829735 11718261.791482978 0.0 7370427.937448229 0.0 0.0 0.0 11738801.238731872 19947929.316521496 99063.33421182029 1117926.2122794213 817284.6025557804 371777.7152956756 18945026.148725737 21636186.886023622 22882856.899007108 22883882.012977596 14264681.81316257 14216543.392487181 12555751.27285866 14179202.880331667 18035092.932561312 18036065.476584602 18035750.056901377 0.0 17720900.963469286 18035986.621663794 8349973.849216243 206720.09728574075 3051742.157221072 1506949.857830164 1503028.8372671222 3535486.8005714403 2210615.3993972274 1914484.126867498 5438625.458336645 15967373.707950084 15955925.235645784 14735654.454253428 15782597.349708816 2672936.46289315 15089575.669463355 15761173.411696643 13650921.427664064 15241473.368161667 24178260.740901984 15843679.388254318 15818646.1805618 13490170.248605382 13809882.541673496 14432510.701580636 13445721.170426201 15088566.901890118 15281536.26056294 14637757.763739446 10938641.613486422 5668433.412256802 6641446.636155654 17204299.633882403 18810276.887608938 22305707.621456727 22068161.991647612
17189.336842694654 8821233.484063845 11885712.793413639 0.0 0.0 -9999.0 0.0 0.0 0.0 11811693.824964188 11704166.805106703 9011710.311565408 8973677.085944714 9379109.71119151 11975445.265915077 11812063.787676895 14293720.81269935 14348369.590547783 14222451.92729571 14273677.35626278 12392059.617569268 12173767.043939762 17317135.37866511 18132506.77156328 18132691.752919637 18137501.26818483 18132771.030643787 17938155.615724698 14325290.778111419 207479.5816904542 2897045.8736682646 725985.7589173614 1418175.108479672 3207407.9433478788 1944321.5706486888 1569283.8904631701 3286246.6474360293 15759704.000164103 15056914.529083014 15877243.15755837 16280495.100046892 16021658.088305444 14940759.171315841 15833831.497900218 9113800.659470722 0.0 0.0 0.0 15879277.147138905 14488097.577671032 14559041.199864218 15641653.82818981 11147980.013144512 14471359.429985162 15409689.630737482 15059391.983961277 14742926.409898704 21246754.962825004 21986846.157412693 21862345.661182813 21619158.204104558 21850285.13700913 21317670.554357454
-9999.0 2091196.156562115 11873263.446258223 0.0 0.0 -9999.0 -9999.0 1757240.5625291383 11796120.31654563 11837992.890717305 11874166.650966477 11854718.475306584 12371832.742427653 11927744.230499418 11856962.810084885 11773740.125924893 11874166.650966477 14368897.749696 14187220.779115224 11874166.650966477 11874219.780655196 12457796.281564465 14369083.703606524 13173559.448011084 18228211.773530554 9455.995433683624 161903.599707908 18228105.51415311 17532719.06791741 117184.96663014533 991423.8998900524 979007.4916360016 1022791.6681108127 978524.0114686423 747253.1329514359 1927800.129296484 1294308.2858340251 10759434.431295456 16575933.193724932 16714918.849696007 16579597.532524128 11154839.690733809 15025061.394995585 14545953.277545882 16474221.377493255 14110304.195130173 16374782.582505442 16596409.97430934 15767639.744612982 14504284.583971323 15560414.336848766 15839984.484101212 15974995.956720155 16330248.821407015 15711893.191176716 13905235.133519126 16463171.68142428 6557440.333340356 20328280.123408012 12779043.967586383 13599497.022463992 13786249.325296398 14044780.08365476
-9999.0 -9999.0 6877071.050776839 11890396.910977926 0.0 -9999.0 -9999.0 -9999.0 0.0 11935416.064616583 11935362.661112862 11932211.854393192 11882172.771404553 9759677.217677832 12152149.607119784 11721820.490209665 11925135.890149867 12651797.365311451 14391503.593721097 12616390.842342969 12616364.14059111 11935416.064616583 0.0 0.0 12002891.39157085 18411178.32959554 4832.082525634444 4616.439177600162 1925.0227478342595 6711058.102383374 13876.953845977243 1018789.3212282312 1159550.2763418418 995134.2392540397 1190067.7085444643 17811591.16765123 17065608.473560736 16903704.226497047 13303617.112632692 16852718.074301995 16801596.72737829 16312244.52925189 15841763.839718996 1085210.7416208135 14600455.682267718 15829376.998681208 15430833.597357096 14782772.85608919 15592078.829479218 14638419.938166922 15453085.734350404 14480790.50989504 5745572.769520224 455347.7134090607 233305.52261743543 57632.4645462136 223877.07037442274 1569406.1592485723 6600961.956582487 278466.8814081952 89982.81192201882 66185.43367012669 7912199.51862273
-9999.0 -9999.0 0.0 0.0 0.0 0.0 0.0 -9999.0 0.0 0.0 0.0 11996240.177799964 12171349.16229728 12635864.32132625 12667316.846970825 12651375.891140725 12665062.57038879 12690530.528440583 12559151.096832098 13056213.408784818 13989181.696074234 0.0 0.0 0.0 12108631.967389965 17027326.58787192 18501411.477901828 0.0 0.0 0.0 13552066.732167374 0.0 776172.2502897624 265997.927523565 474833.84171697206 1554398.8458654531 18775856.544715367 18303621.80569055 19594708.06373033 20136452.992392022 20177788.156156123 19837211.00528093 13692978.654897496 2561021.430882471 5216936.142715062 15065296.125715893 0.0 3644952.46173447 7615609.708105452 12476269.397418542 10108928.58545312 749309.8978598535 2320202.171140531 126982.88459376327 246801.06039013166 0.0 -9999.0 -9999.0 -9999.0 -9999.0 -9999.0 -9999.0 -9999.0
-9999.0 -9999.0 -9999.0 0.0 0.0 0.0 0.0 -9999.0 -9999.0 0.0 12055046.563911695 12036617.432499334 11699832.482479429 12055046.563911695 12513693.97300062 12208259.99764179 12426200.106420686 12731743.055274978 12024743.680825483 14817295.974563617 0.0 11796988.204342902 0.0 12054992.62501582 12054965.65556788 13471481.969562933 18586507.465294354 0.0 0.0 12742929.302992815 0.0 11381900.802738275 2417037.31212108 1230254.518762954 2887009.7541135647 3419841.219936883 2800867.1690704008 7039730.805184647 20280782.12359257 20137974.648201134 20159149.913396694 19549872.02891832 19922024.69146581 15517447.449693 259688.25315876125 -9999.0 -9999.0 -9999.0 -9999.0 -9999.0 -9999.0 0.0 0.0 96658.16967027617 0.0 0.0 -9999.0 -9999.0 -9999.0 -9999.0 -9999.0 -9999.0 -9999.0
-9999.0 -9999.0 -9999.0 -9999.0 -9999.0 0.0 0.0 0.0 -9999.0 0.0 10239146.335214566 13162988.041924033 12113179.34594377 11595564.95972809 12424330.066067081 12200577.586548252 12468896.960261414 12804099.700737948 11776725.302191155 11604545.63523912 11190938.291304644 11206164.05995683 12104374.919776719 11935441.813213186 12072854.204232309 0.0 12110740.325275738 0.0 0.0 0.0 12804614.605101196 12341417.480012277 12500685.704374071 2994554.956159494 3413572.026288653 2930320.7312625796 1646645.1835165862 2775736.1556405867 6279367.110766964 20986436.441400878 18561862.431217022 13746091.366713677 10048328.590875687 2026675.2869250388 -9999.0 -9999.0 -9999.0 -9999.0 -9999.0 -9999.0 -9999.0 -9999.0 -9999.0 -9999.0 -9999.0 -9999.0 -9999.0 -9999.0 -9999.0 -9999.0 -9999.0 -9999.0 -9999.0
-9999.0 -9999.0 -9999.0 -9999.0 -9999.0 2006951.95817797 0.0 0.0 0.0 -9999.0 778181.9599017279 9103310.316490805 12171007.783244882 12171062.241117502 11828416.215401892 12468483.912429448 12855179.314990446 12796701.510707777 12761004.37520563 12316962.845254885 11969211.625663355 11886492.627743782 11309649.690236676 11206396.846685145 0.0 0.0 0.0 0.0 0.0 0.0 12171035.012181193 12170953.325372264 12167059.587479962 12197447.0804017 3818123.1361690857 1584440.912292738 1114886.0743111302 1455717.9217007973 5896237.795532914 18751795.895408686 7497987.583174129 131394.282639818 -9999.0 -9999.0 -9999.0 -9999.0 -9999.0 -9999.0 -9999.0 -9999.0 -9999.0 -9999.0 -9999.0 -9999.0 -9999.0 -9999.0 -9999.0 -9999.0 -9999.0 -9999.0 -9999.0 -9999.0 -9999.0
-9999.0 -9999.0 -9999.0 -9999.0 0.0 0.0 11255903.197725572 0.0 0.0 0.0 -9999.0 -9999.0 3946346.948768356 11834175.142242145 10248754.008315088 12629547.64918185 12355650.019371966 12091682.400496691 12734567.15763424 12801504.772222992 9161025.304466855 11964096.014581341 11763273.809666503 11867395.28393912 13312424.782887867 0.0 0.0 0.0 0.0 0.0 12211658.929766169 12184143.428981893 11846447.445627369 11346626.052557059 12811451.972569065 1804129.9076333784 2384084.56890624 2397726.4138767156 19095362.675547745 6865172.999391161 0.0 -9999.0 -9999.0 -9999.0 -9999.0 -9999.0 -9999.0 -9999.0 -9999.0 -9999.0 -9999.0 -9999.0 -9999.0 -9999.0 -9999.0 -9999.0 -9999.0 -9999.0 -9999.0 -9999.0 -9999.0 -9999.0 -9999.0
-9999.0 -9999.0 -9999.0 -9999.0 -9999.0 0.0 0.0 12357705.571947714 0.0 8711425.48215117 -9999.0 -9999.0 0.0 5402955.307485348 7880956.63432183 3616530.2530211424 12238989.092577301 7282588.663312196 12979715.94098017 13087825.20685903 2713179.4136745054 12219865.228362517 12247675.122243742 12278419.869880145 14904715.710009893 0.0 0.0 0.0 0.0 12357595.651418539 12356908.648111198 12346411.237575004 11770303.036374006 12331841.654742058 12180840.189669078 3584197.988915306 3402892.2620611642 4007465.258368802 5966175.0120389955 476087.72107995703 -9999.0 -9999.0 -9999.0 -9999.0 -9999.0 -9999.0 -9999.0 -9999.0 -9999.0 -9999.0 -9999.0 -9999.0 -9999.0 -9999.0 -9999.0 -9999.0 -9999.0 -9999.0 -9999.0 -9999.0 -9999.0 -9999.0 -9999.0
-9999.0 -9999.0 -9999.0 -9999.0 -9999.0 -9999.0 0.0 0.0 0.0 10841994.085331092 6586933.643445611 -9999.0 -9999.0 -9999.0 3830856.6258734725 3333166.765331491 12558847.80396268 12387712.20017837 12054907.744627975 12795264.475719681 12260519.454787625 13096029.19533614 12961905.408049438 12761230.425940797 0.0 12412664.943631765 12403712.44570603 0.0 12412609.738447133 12412609.738447133 12412664.943631765 12269225.231143482 12779696.613653626 12412664.943631765 12361103.301186038 11338763.407664709 1613437.7670742227 3242835.353025383 5109525.508999613 274518.0580589927 -9999.0 -9999.0 -9999.0 -9999.0 -9999.0 -9999.0 -9999.0 -9999.0 -9999.0 -9999.0 -9999.0 -9999.0 -9999.0 -9999.0 -9999.0 -9999.0 -9999.0 -9999.0 -9999.0 -9999.0 -9999.0 -9999.0 -9999.0
-9999.0 -9999.0 -9999.0 -9999.0 -9999.0 -9999.0 -9999.0 -9999.0 0.0 0.0 0.0 0.0 -9999.0 -9999.0 -9999.0 2886984.315110196 6310704.70199804 12135952.57343114 12063141.011539044 11241405.164202997 12247526.326495761 12057488.674218398 3913718.292906408 11467153.114840876 12452925.634647064 12462510.518687977 12466787.107730564 12461687.725599848 12466787.107730564 0.0 0.0 12466787.107730564 13070177.031055318 12556304.500903806 12996738.946658935 12788298.18878221 12547377.793063411 15814747.805749169 18442868.275748067 2218618.3192209983 -9999.0 -9999.0 -9999.0 -9999.0 -9999.0 -9999.0 -9999.0 -9999.0 -9999.0 -9999.0 -9999.0 -9999.0 -9999.0 -9999.0 -9999.0 -9999.0 -9999.0 -9999.0 -9999.0 -9999.0 -9999.0 -9999.0 -9999.0
-9999.0 -9999.0 -9999.0 -9999.0 -9999.0 -9999.0 -9999.0 -9999.0 -9999.0 2774078.672237863 0.0 0.0 -9999.0 -9999.0 -9999.0 5394585.918112337 9505718.891951647 8689267.943988442 12026207.938224157 12172952.105542282 12553791.87758733 0.0 13249385.824855737 9618446.19739628 8674847.16072768 12519714.249033844 12391044.68544652 12064152.6143145 10547006.404523864 12484855.854103444 12533467.801734352 12525449.536192356 12530071.175358923 10173356.576661794 12655662.827650407 12463378.590710517 3663038.8163020033 7089796.023417424 11301737.56990334 2353673.8005937296 -9999.0 -9999.0 -9999.0 -9999.0 -9999.0 -9999.0 -9999.0 -9999.0 -9999.0 -9999.0 -9999.0 -9999.0 -9999.0 -9999.0 -9999.0 -9999.0 -9999.0 -9999.0 -9999.0 -9999.0 -9999.0 -9999.0 -9999.0
-9999.0 -9999.0 -9999.0 -9999.0 -9999.0 -9999.0 -9999.0 -9999.0 -9999.0 0.0 12282946.352347875 12238852.479258835 0.0 -9999.0 -9999.0 -9999.0 1028499.4500495626 6806681.915622947 5554478.1374870865 11950121.067884127 11210583.026036276 0.0 13234059.01051631 10401397.61001256 9727423.456584819 12289125.475566678 12296858.144540112 12304679.084201738 12306341.130229428 12306173.386252986 12341986.72522297 12997460.553674119 2300433.0743243224 12519843.37982225 5732216.771893358 7206688.656757804 13209642.443359902 4294553.327492594 5556889.479406085 1163958.8222014501 -9999.0 -9999.0 -9999.0 -9999.0 -9999.0 -9999.0 -9999.0 -9999.0 -9999.0 -9999.0 -9999.0 -9999.0 -9999.0 -9999.0 -9999.0 -9999.0 -9999.0 -9999.0 -9999.0 -9999.0 -9999.0 -9999.0 -9999.0
-9999.0 -9999.0 -9999.0 -9999.0 -9999.0 -9999.0 -9999.0 -9999.0 -9999.0 0.0 10079541.633941464 0.0 0.0 -9999.0 -9999.0 -9999.0 -9999.0 46073.599148035195 7595529.410341098 6899893.386123916 12217834.004792862 11665405.33003711 13257611.709445618 2720543.7069145855 10018592.123988334 11058391.916487187 10362064.694592398 12350234.054742571 12355310.65588009 0.0 12134898.886161111 12137965.764170932 11977141.78172996 2123340.6274479604 12299846.018293122 12174675.960060202 3329680.7484408543 4580595.333544099 3281084.040172636 -9999.0 -9999.0 -9999.0 -9999.0 -9999.0 -9999.0 -9999.0 -9999.0 -9999.0 -9999.0 -9999.0 -9999.0 -9999.0 -9999.0 -9999.0 -9999.0 -9999.0 -9999.0 -9999.0 -9999.0 -9999.0 -9999.0 -9999.0 -9999.0
-9999.0 -9999.0 -9999.0 -9999.0 -9999.0 -9999.0 -9999.0 -9999.0 -9999.0 -9999.0 0.0 0.0 0.0 5501316.14459766 0.0 -9999.0 -9999.0 -9999.0 -9999.0 6965934.665140853 12372558.414109334 11315578.050198115 9881889.228351364 12375947.884937538 10908272.52713087 10517663.026748793 10789495.39698334 9982558.441830887 12606114.39879157 13316330.729174292 13316020.714109443 13329774.109713677 12022976.061809473 12062263.425482234 12948296.443172628 4473207.060962601 12786256.999685276 5312023.586634754 2153616.812097169 -9999.0 -9999.0 -9999.0 -9999.0 -9999.0 -9999.0 -9999.0 -9999.0 -9999.0 -9999.0 -9999.0 -9999.0 -9999.0 -9999.0 -9999.0 -9999.0 -9999.0 -9999.0 -9999.0 -9999.0 -9999.0 -9999.0 -9999.0 -9999.0
-9999.0 -9999.0 -9999.0 -9999.0 -9999.0 -9999.0 -9999.0 -9999.0 -9999.0 -9999.0 -9999.0 -9999.0 0.0 11059285.7820702 7861832.430218744 0.0 -9999.0 -9999.0 -9999.0 -9999.0 4395490.667721504 12594107.908676993 11997649.309706684 9948014.63230031 12584043.121306458 11870659.209559433 11202276.93837876 11600501.000153478 10184025.631912751 12089730.202041032 7884215.473271057 11163816.429259945 12188377.135934148 13465925.637531005 9656900.641367761 12023716.111253798 3326376.124716545 12609527.544629008 6247802.260675986 -9999.0 -9999.0 -9999.0 -9999.0 -9999.0 -9999.0 -9999.0 -9999.0 -9999.0 -9999.0 -9999.0 -9999.0 -9999.0 -9999.0 -9999.0 -9999.0 -9999.0 -9999.0 -9999.0 -9999.0 -9999.0 -9999.0 -9999.0 -9999.0
-9999.0 -9999.0 -9999.0 -9999.0 -9999.0 -9999.0 -9999.0 -9999.0 -9999.0 -9999.0 -9999.0 -9999.0 -9999.0 3947330.8380258284 12386367.904342897 1320798.2179285667 -9999.0 -9999.0 -9999.0 -9999.0 448563.6915736188 4788239.863282762 12287040.824579567 11446449.667371424 8681159.349682478 11590126.591968734 10161922.460716529 11500784.83864386 11773192.732899472 11848919.580432989 8052785.150449198 9185939.798242075 13158111.887093415 14543515.607235838 12228535.839780292 12485588.566682346 12748349.789674036 13433763.325792914 6484413.983221985 -9999.0 -9999.0 -9999.0 -9999.0 -9999.0 -9999.0 -9999.0 -9999.0 -9999.0 -9999.0 -9999.0 -9999.0 -9999.0 -9999.0 -9999.0 -9999.0 -9999.0 -9999.0 -9999.0 -9999.0 -9999.0 -9999.0 -9999.0 -9999.0
-9999.0 -9999.0 -9999.0 -9999.0 -9999.0 -9999.0 -9999.0 -9999.0 -9999.0 -9999.0 -9999.0 -9999.0 -9999.0 -9999.0 1273686.594705828 -9999.0 -9999.0 -9999.0 -9999.0 -9999.0 -9999.0 -9999.0 4694309.3145880895 12425543.2966808 12921795.307346355 3458502.894221092 1799006.1561962096 10977761.162824536 11347163.197518168 11239495.16207227 12224058.234445946 12901656.179094737 12395533.864994096 13544078.397375256 13130686.305226874 12352122.537924694 7738587.170949332 7275777.254420954 2831716.5629232656 -9999.0 -9999.0 -9999.0 -9999.0 -9999.0 -9999.0 -9999.0 -9999.0 -9999.0 -9999.0 -9999.0 -9999.0 -9999.0 -9999.0 -9999.0 -9999.0 -9999.0 -9999.0 -9999.0 -9999.0 -9999.0 -9999.0 -9999.0 -9999.0
-9999.0 -9999.0 -9999.0 -9999.0 -9999.0 -9999.0 -9999.0 -9999.0 -9999.0 -9999.0 -9999.0 -9999.0 -9999.0 -9999.0 -9999.0 -9999.0 -9999.0 -9999.0 -9999.0 -9999.0 -9999.0 -9999.0 1874684.5815534554 7457632.333052257 3869722.9952732683 12293727.337987443 10985891.308608 10002021.10660098 11738677.911745887 11457998.050776094 11072730.261000978 10486803.413151506 11690797.861915903 12832064.27109298 12963181.6238261 5057645.831735726 8503424.050890138 9109426.517383082 2373381.0603100457 -9999.0 -9999.0 -9999.0 -9999.0 -9999.0 -9999.0 -9999.0 -9999.0 -9999.0 -9999.0 -9999.0 -9999.0 -9999.0 -9999.0 -9999.0 -9999.0 -9999.0 -9999.0 -9999.0 -9999.0 -9999.0 -9999.0 -9999.0 -9999.0
-9999.0 -9999.0 -9999.0 -9999.0 -9999.0 -9999.0 -9999.0 -9999.0 -9999.0 -9999.0 -9999.0 -9999.0 -9999.0 -9999.0 -9999.0 -9999.0 -9999.0 -9999.0 -9999.0 -9999.0 -9999.0 -9999.0 999311.31547327 8107873.207873088 4212402.35401522 4487596.508781649 2253410.190622977 10463698.991138572 11075475.218320964 10929780.145561494 10500461.169410791 11375920.075397616 11853879.874720918 2693779.3579322165 3080254.85648782 12495068.08595263 9645290.09067401 10639566.979741372 5379330.348814983 0.0 -9999.0 -9999.0 -9999.0 -9999.0 -9999.0 -9999.0 -9999.0 -9999.0 -9999.0 -9999.0 -9999.0 -9999.0 -9999.0 -9999.0 -9999.0 -9999.0 0.0 1908221.2649742665 435250.7348090276 719430.0337882756 -9999.0 -9999.0 -9999.0
-9999.0 -9999.0 -9999.0 -9999.0 -9999.0 -9999.0 -9999.0 -9999.0 -9999.0 -9999.0 -9999.0 -9999.0 -9999.0 -9999.0 -9999.0 -9999.0 -9999.0 -9999.0 -9999.0 -9999.0 -9999.0 -9999.0 -9999.0 2308126.755047095 6109246.568214739 8607784.361267786 2928774.9042608477 8511423.746638697 10632794.639156235 11126443.856903067 10685621.633868558 10290641.290519794 11809166.677841803 12145401.943693284 12609992.639631115 12667345.358051782 8202696.387430664 9741598.006776875 11109145.74277551 2252350.702282618 -9999.0 -9999.0 -9999.0 -9999.0 -9999.0 -9999.0 -9999.0 -9999.0 -9999.0 -9999.0 -9999.0 -9999.0 -9999.0 1918018.9044900981 6717151.755285214 9360139.411139632 11117517.306515597 7841786.862074814 12804647.146408996 11939334.372987457 3249379.9574563913 -9999.0 -9999.0
-9999.0 -9999.0 -9999.0 -9999.0 -9999.0 -9999.0 -9999.0 -9999.0 -9999.0 -9999.0 -9999.0 -9999.0 -9999.0 -9999.0 -9999.0 -9999.0 -9999.0 -9999.0 -9999.0 -9999.0 -9999.0 -9999.0 -9999.0 3107102.0229893783 4143194.5613087583 4830913.314846205 6826697.780278413 5911869.224724088 5110698.788480025 11199124.391117333 11878697.211043596 11292006.633446973 11519226.56912987 10998552.913304372 11149030.223496536 12015582.751968294 10640082.096682746 6335641.947559053 11194329.43423518 6584448.5941980295 -9999.0 -9999.0 -9999.0 -9999.0 -9999.0 -9999.0 -9999.0 -9999.0 -9999.0 -9999.0 -9999.0 -9999.0 -9999.0 3042537.62831517 4061253.9977420396 5189637.91576328 12797103.025002774 12632607.697994495 12756439.727967368 11415765.952573728 598766.3588592377 -9999.0 -9999.0
-9999.0 -9999.0 -9999.0 -9999.0 -9999.0 -9999.0 -9999.0 -9999.0 -9999.0 -9999.0 -9999.0 -9999.0 -9999.0 -9999.0 -9999.0 -9999.0 -9999.0 -9999.0 -9999.0 -9999.0 -9999.0 -9999.0 2503131.942408213 6809230.59718442 4980832.149997195 5174234.264699073 11268780.3266063 10190181.724353913 5581937.048918137 7131881.1911300905 6221531.828270535 12038409.34156447 11798505.07818987 11352882.34884782 11660907.360780315 5654127.550185778 11060096.334453126 11468238.09466345 12496231.951682167 10135674.156606806 4319514.227214053 -9999.0 -9999.0 -9999.0 -9999.0 -9999.0 -9999.0 -9999.0 -9999.0 -9999.0 -9999.0 -9999.0 -9999.0 3819513.810860804 12695591.6523355 3772573.635090747 12855640.519579025 13208143.492590321 12698851.147188839 2372018.0846874877 -9999.0 -9999.0 -9999.0
