critload/trunk/input/1999/n_fe_eff.asc
ncols 720
nrows 360
xllcorner -180.0
yllcorner -90.0
cellsize 0.5
NODATA_value -9999.0
[rows 140 to 167 of 360, columns 378 to 440 of 720]
0.0 0.0 0.0 0.0 0.0 0.0 0.0 0.0 0.0 0.0 0.0 0.0 0.0 0.0 0.0 0.0 0.0 0.0 0.0 0.0 0.0 0.0 0.0 0.0 0.0 0.0 0.0 0.0 0.0 0.0 0.0 0.0 0.0 0.0 0.0 0.0 0.0 0.0 0.0 0.0 0.0 0.0 454688.4017704976 466173.5796528304 0.0 0.0 0.0 0.0 462555.84852231824 0.0 0.0 0.0 0.0 0.0 0.0 0.0 0.0 -9999.0 -9999.0 -9999.0 -9999.0 -9999.0 -9999.0
0.0 0.0 0.0 0.0 0.0 0.0 0.0 0.0 0.0 0.0 0.0 0.0 0.0 0.0 0.0 0.0 0.0 0.0 0.0 0.0 0.0 0.0 0.0 0.0 0.0 0.0 0.0 0.0 0.0 0.0 0.0 0.0 0.0 0.0 0.0 0.0 0.0 0.0 0.0 0.0 0.0 0.0 454934.6418461973 471902.44217832695 0.0 0.0 0.0 0.0 467616.5962014153 462900.59856175195 0.0 0.0 0.0 0.0 0.0 0.0 0.0 -9999.0 -9999.0 -9999.0 -9999.0 -9999.0 -9999.0
0.0 0.0 0.0 0.0 0.0 0.0 0.0 0.0 0.0 0.0 0.0 0.0 0.0 0.0 0.0 0.0 0.0 0.0 0.0 0.0 0.0 0.0 0.0 0.0 0.0 0.0 0.0 0.0 0.0 0.0 0.0 0.0 0.0 0.0 0.0 0.0 0.0 0.0 0.0 0.0 0.0 0.0 0.0 464937.70518143865 0.0 462641.0781818337 469023.5604427892 0.0 0.0 476383.60143206274 0.0 0.0 0.0 0.0 0.0 0.0 0.0 117290.80850601595 -9999.0 -9999.0 -9999.0 -9999.0 -9999.0
0.0 0.0 0.0 0.0 0.0 0.0 0.0 0.0 0.0 0.0 0.0 0.0 0.0 0.0 0.0 0.0 0.0 0.0 0.0 0.0 0.0 0.0 0.0 0.0 0.0 0.0 0.0 0.0 0.0 0.0 0.0 0.0 0.0 0.0 0.0 0.0 0.0 0.0 0.0 0.0 0.0 0.0 0.0 463282.2122361813 471942.04800674185 457036.65338513383 0.0 0.0 0.0 463889.55966615176 0.0 0.0 0.0 0.0 0.0 0.0 0.0 373760.069971301 0.0 0.0 -9999.0 -9999.0 -9999.0
0.0 0.0 0.0 0.0 0.0 0.0 0.0 0.0 0.0 0.0 0.0 0.0 0.0 0.0 0.0 0.0 0.0 0.0 0.0 0.0 0.0 0.0 0.0 0.0 0.0 0.0 0.0 0.0 0.0 0.0 0.0 0.0 0.0 0.0 0.0 0.0 0.0 0.0 0.0 0.0 0.0 0.0 0.0 0.0 396372.91763969534 0.0 0.0 0.0 0.0 386802.7330744656 399213.3476992364 0.0 0.0 0.0 0.0 0.0 376969.08081417653 376969.08081417653 0.0 0.0 -9999.0 -9999.0 -9999.0
0.0 0.0 0.0 0.0 0.0 0.0 0.0 0.0 0.0 0.0 0.0 0.0 0.0 0.0 0.0 0.0 0.0 0.0 0.0 0.0 0.0 0.0 0.0 0.0 0.0 0.0 0.0 0.0 0.0 0.0 0.0 0.0 0.0 0.0 0.0 0.0 0.0 0.0 0.0 0.0 0.0 0.0 0.0 0.0 0.0 0.0 0.0 0.0 0.0 385230.96071023704 400310.34870530345 400313.30073766736 0.0 0.0 0.0 0.0 0.0 0.0 0.0 0.0 -9999.0 -9999.0 -9999.0
0.0 0.0 0.0 0.0 0.0 0.0 0.0 0.0 0.0 0.0 0.0 0.0 0.0 0.0 0.0 0.0 0.0 0.0 0.0 0.0 0.0 0.0 0.0 0.0 0.0 0.0 0.0 0.0 0.0 0.0 0.0 0.0 0.0 0.0 0.0 0.0 0.0 0.0 0.0 0.0 0.0 0.0 0.0 0.0 0.0 0.0 0.0 396697.6707939482 383791.0118783581 390242.58071938314 0.0 0.0 0.0 0.0 0.0 0.0 0.0 0.0 6149478.6657359395 0.0 0.0 -9999.0 -9999.0
0.0 0.0 0.0 0.0 0.0 0.0 0.0 0.0 0.0 0.0 0.0 0.0 0.0 0.0 0.0 0.0 0.0 0.0 0.0 0.0 0.0 0.0 0.0 0.0 0.0 0.0 0.0 0.0 0.0 0.0 0.0 0.0 0.0 0.0 0.0 0.0 0.0 0.0 0.0 0.0 0.0 0.0 0.0 0.0 0.0 0.0 0.0 386327.943952859 0.0 0.0 0.0 0.0 0.0 0.0 378543.654626865 0.0 0.0 0.0 6173105.8887863085 6599779.594161533 2673675.5980301485 -9999.0 0.0
0.0 0.0 0.0 0.0 0.0 0.0 0.0 0.0 0.0 0.0 0.0 0.0 0.0 0.0 0.0 0.0 0.0 0.0 0.0 0.0 0.0 0.0 0.0 0.0 0.0 0.0 0.0 0.0 0.0 0.0 0.0 0.0 0.0 0.0 0.0 0.0 0.0 0.0 0.0 0.0 0.0 0.0 0.0 0.0 0.0 0.0 366451.5485773704 363752.0162996054 0.0 0.0 0.0 0.0 378897.22155997617 379204.3874356435 378533.5864788993 6164856.653993825 6164559.152454212 6163794.985989672 6155201.627331008 6163117.562357446 5016332.539692771 -9999.0 0.0
0.0 0.0 0.0 0.0 0.0 0.0 0.0 0.0 0.0 0.0 0.0 0.0 0.0 0.0 0.0 0.0 0.0 0.0 0.0 0.0 0.0 0.0 0.0 0.0 0.0 0.0 0.0 0.0 405728.5720843156 451109.0723555931 452069.3484341467 0.0 0.0 0.0 0.0 0.0 0.0 0.0 0.0 0.0 0.0 0.0 0.0 0.0 0.0 0.0 376997.7375657029 159191.65187795283 374956.7464181656 0.0 441864.1784316291 420776.8736134518 409210.95161705295 134746.9873896111 391986.2676754629 7510595.235163289 8011535.60779181 8168107.193421101 8086217.224864391 4907206.773438816 6251440.724602365 4415285.25987111 0.0
0.0 0.0 0.0 0.0 0.0 0.0 0.0 0.0 0.0 0.0 0.0 0.0 0.0 0.0 0.0 0.0 0.0 0.0 0.0 0.0 0.0 0.0 351760.7218905941 0.0 0.0 0.0 586533.1874386716 489739.45317833876 435317.9799699789 414049.7836677995 385362.3796042694 407568.4927032615 451154.7900907024 0.0 0.0 0.0 0.0 0.0 0.0 0.0 0.0 0.0 0.0 0.0 0.0 0.0 376467.3837673065 277250.7915760337 270521.74591887434 430483.9619542737 407425.7045384067 464154.84430267406 506446.1220656025 0.0 506384.5795551609 8259563.070757729 8246879.406455223 7492595.492589609 7361396.529237579 5159241.08142663 4388568.776103039 0.0 5833879.788494153
304413.5276188448 304416.52357908036 0.0 0.0 0.0 0.0 0.0 0.0 0.0 0.0 0.0 0.0 1351433.4756708979 0.0 0.0 0.0 0.0 0.0 0.0 0.0 0.0 0.0 468481.2980010076 891198.2983693093 549907.3319872397 0.0 569464.41407002 440071.36961727927 434321.35939469637 434525.08469071717 382545.1746030572 413777.77317213255 443126.48652712477 528891.8884821137 0.0 450421.64970081084 427927.98025192594 450996.874066046 408448.2468000548 529461.07263641 408262.6195860322 408279.2888237193 0.0 0.0 0.0 529461.07263641 378951.1958119032 317083.750750208 274328.336684723 180818.63675892138 456022.637503622 171072.9246050427 190637.36880387375 157254.65721038484 139181.8266851514 436899.8082400146 479650.23775932443 1011735.9015332159 2647593.402844148 1412440.559268982 2217787.5590598388 1176852.128026743 2630650.8202323494
141502.28237642054 141705.62194567264 155995.95330039112 305079.5837003026 0.0 0.0 305079.5837003026 0.0 503304.43745306984 -9999.0 1261419.36346278 1260794.9834197438 1257071.0252395615 1260421.653990403 1260692.9470903927 0.0 0.0 0.0 455116.8036029472 0.0 0.0 561578.946511994 418741.52350904676 748214.2716835535 582662.4020793504 526091.257743514 102148.18300407466 476047.0606766563 460257.0593607533 346273.68942290737 19210.36886901826 473005.9516710003 342585.5355394922 444572.0733334291 444097.68057073443 0.0 409479.0188373792 428995.1767963393 447286.32053264446 427313.7847260288 529944.3091502655 479303.00225529826 406760.52574472345 0.0 0.0 448124.01408195985 391998.5682833128 154437.95718848993 481007.23899988754 209924.53307894667 148496.04392105478 238977.3358812102 224181.0942355018 307394.11723171745 162823.90634877127 290708.1852279084 2675557.1666831817 2743032.030961906 2649846.880436632 1472563.1751778484 1045489.2169253046 2708734.6352134137 0.0
180614.7882025244 212428.13784664607 583920.025471345 0.0 580875.1264285686 590232.8033971669 452712.95503964636 635262.0155178488 717541.1449057347 376837.9056217532 -9999.0 -9999.0 756858.7988421847 379641.82986279647 357353.0614236708 0.0 0.0 0.0 0.0 491917.1127398957 540551.7917761544 481719.7435554919 580918.1552935955 723518.8458995428 642290.7529530509 142933.19955191863 123994.61120334668 177035.81947331975 46898.50543139404 24765.836680829532 50746.06448806388 461745.7684974746 512027.0070620806 409356.60365036177 411298.80475681304 401904.09940043505 435743.8727592969 440731.94154550176 435773.9605812573 506242.64839471027 510863.3528649114 429168.83715081133 434315.0124419193 409788.1443838201 437062.02031426737 431649.88878726744 410118.0747956243 371792.0807823074 210485.39794058603 221675.46479901567 358060.12523974024 390008.3333759982 433184.99049869226 272677.8067151759 1491414.2204084797 2758216.832318181 2652464.155691767 2501197.630785856 2300993.2634613547 231852.24285354835 2527393.950523613 2685699.163829225 0.0
703589.4591877422 659796.3212039429 722236.1981786898 819055.2769193901 739887.9858393632 782185.7018643836 761261.8323521939 0.0 636012.8796099024 453950.2835961659 849607.824942412 416853.05501579936 465122.1038470654 503663.95373772236 421129.4040970289 560726.0307778087 504791.5378816042 486887.29869310616 532320.108557082 596059.3878524469 529166.5748441889 542778.6252397079 539019.1065590407 533914.9645170444 612940.2280757036 557464.3295199012 132318.5248984047 106794.02577803771 127077.39535028538 50790.79844450595 90048.34341948315 0.0 476340.98698359367 501395.08914363495 467241.54380898125 516154.9509706103 500083.7706703968 513124.0672701066 507689.40152148705 510891.2385701954 470429.85536078794 484760.5373925156 493903.8122941817 494562.91470942344 134048.4225359591 87296.52727078358 517604.6228471089 471101.1045921439 217756.62812127435 377887.4021428915 332372.14695334417 204173.82177643885 473524.49243008025 470147.85977382737 649736.4794771014 0.0 2404800.7146996767 2398018.185757848 2375213.855925798 2478897.58242686 2523821.8710079524 2804008.961501206 0.0
633854.896230052 723571.173132798 726686.9813879156 711809.3598670533 712449.7171090376 707173.4042527506 184185.58016441076 628220.6910030239 668961.6936731201 722823.0681395717 709184.8791099667 1957714.6094632705 737230.810228668 587880.3707183027 500799.9602369123 483974.7248275414 97867.81819537716 192676.08623938015 556219.7584630826 148637.86507522024 523560.8487126052 538171.919390366 543621.2415947655 522772.44899234566 549055.4603562481 553882.5207124733 185868.37308120204 107003.58659949998 98025.2195399085 161576.03947680947 67858.18920057909 475509.99478127086 462426.3381039483 510499.0524614238 504315.34116254887 510392.3066977938 501655.3121498242 502299.2566811579 515646.6446241758 484708.7521533003 473258.916400588 474819.8802127525 73211.86736391108 478036.0510726359 134676.49428297643 486415.4412029043 495148.25189742696 469589.85675170727 510058.3707449413 477012.0376428736 346071.87314509397 125064.36114183476 0.0 0.0 2768165.059177435 2797118.359249036 1295671.0547847243 1862576.785627486 2356366.6673609363 2410473.2412662595 2322788.693068195 2787671.0913447794 0.0
686254.1669070156 626785.1108502585 590621.2117515506 539237.9733261168 541371.7901046437 561157.2156565143 670370.4867361201 622642.4054141368 701207.8494488959 709371.524856221 713267.8888913305 1991636.1761562796 615999.683974464 572184.9591436749 280157.003690457 272875.7336294763 257966.0772664532 608801.5897173965 158662.69530886962 532894.8276764938 598634.9162509617 534751.9155423667 558760.0273397128 531039.2179698719 644066.4957516368 560775.8202700685 558593.860289201 460808.7529899168 120070.44329112719 208335.27919785 477200.6044295442 486813.1268825505 89638.64512863148 471922.2957225044 493576.14807850914 485777.66418506554 492714.17588728043 491013.29773565056 491963.8450563339 471975.1937532951 467581.0108237258 472312.8776771612 481455.15580409183 116623.18862509925 171508.4097194268 148135.10914212908 160252.40146306288 32490.42969641131 471909.96408659965 340857.8593135404 310080.0683300883 180693.5230868759 18851.044767852727 0.0 2523653.0980932224 2464410.1439272417 1000237.3195449882 2025902.3421934966 2319693.0884561148 2379512.149847908 2384620.2386846025 2781647.9251791183 0.0
627623.3884563717 680328.6477195068 667005.9792122253 581186.396180793 625939.8784559753 535763.4742013509 538693.051864996 485155.8604588684 392150.20562948426 493754.2765838354 1741841.7559875757 2008996.799920126 172192.75285577466 578355.6021446036 250742.83636137165 234282.35892064887 635642.1260823323 629169.5007326789 558622.431933412 558323.9964227082 559898.7914906072 562382.6890217277 542423.4005183489 566598.2720073033 534435.7316807025 612139.7407060215 562251.3464737096 566274.3787167962 167805.91965626716 227464.08369520563 482610.9599976286 492997.02932415187 241324.09335539586 510191.4296098931 184805.8912583436 509131.1513651045 505463.0178398886 510172.7421670551 494008.35039844114 148579.64544435524 477958.66487101023 159217.6171606287 482814.4853559297 475469.6599941646 182549.47357559545 492422.78456337383 471725.5418176672 194577.3586823847 170662.96983402516 147503.70411574072 255043.2668337292 154444.4200293222 2768073.558841399 2836486.3286963305 2708525.4056245876 1573918.206785014 1892676.4466851691 2476905.463370011 2509311.0335631943 2579730.986611799 1356728.970129363 2612274.043017606 3244346.6126143257
542512.0752680952 627340.4840133381 539692.6935574603 538396.308959815 579530.2615363195 507516.4856400808 474603.90011464123 422748.1968538976 427062.8203931774 2019274.3752854967 1860320.0345858647 1706522.1178829044 677090.4820128526 624446.39325215 562707.8148943812 207637.4982601689 563709.96594495 630435.0049846399 564198.894184773 573288.1005312954 472991.0012975507 564040.8344113445 557458.7559727224 530153.5735270364 561149.9255339515 557031.9957625234 82539.413090206 83733.18700601699 186618.37063233784 485740.8153648011 196396.0401501975 222426.35058606096 253229.4700869711 164351.55756473707 233962.79163006513 148769.93082121143 513866.61687529634 206187.11237607294 484482.333344073 497349.34546910325 476706.608906369 466447.6605647004 68722.88571365178 457479.22814073664 473355.419861394 479419.95212801785 501421.7229200511 472007.07117517415 471603.17393358116 482016.4343954007 194287.02417377327 2874375.716884163 10342.927678997703 2737809.860083924 543946.3324991872 1850711.8237631526 2124869.8391832933 771840.2900234436 1693559.354927138 2384091.5488785584 1466891.5403788025 2412613.0266321134 2906284.2426397842
542221.8112816978 571696.6575253222 580008.516222171 609608.7455994439 649650.2317657155 521112.3464845702 466081.6899191404 496080.69499484135 557838.9324970231 1995248.7797790854 1964411.44167279 1964734.4954889428 1652542.907294293 573200.261144092 565027.1119403763 613460.701360087 608806.8426769145 728152.4631298296 769325.4246562507 758697.5931274892 506580.1132232483 567660.9044681393 527584.1725899543 548403.9064885448 562830.9773199512 84711.56760564666 82757.70799182431 83770.94209139212 83826.38733866066 502929.157256092 25968.561869480123 261469.0571835009 92425.02510026755 474447.2049297902 500892.07250593574 475712.56781358086 488579.1182905875 171493.47577982975 478754.30551500095 483195.2425590741 486115.3107524373 505055.5388309852 468242.06001889345 454694.16029676865 474039.61207779986 467311.28828225884 486515.37465315394 482416.5577075106 484484.93934447615 479919.2910546448 44729.05707315124 2766539.524621727 2826087.623602426 265592.67331095884 299300.2979967849 467180.4935610979 995605.8560926655 2053121.0271596662 2466014.646193595 2757107.0960096233 2490588.890731473 2346743.22097335 2878118.555559995
564071.093358084 616271.9743866454 576430.8054995089 579273.9918682147 613935.1467111817 562624.679421204 541725.7465255979 560968.045388685 1498133.1977875906 1468001.9602822217 249227.55905826838 579453.730733632 361765.18893752317 605494.541268999 649414.7992812108 730388.6813624058 776977.6045628465 788745.9306155047 638106.4828671627 228379.2488206056 567243.67357105 572334.2438102403 654182.4488469395 566323.5835258142 84660.0520329725 84747.30241506916 85004.5262421624 84924.36140740971 84917.6035679505 3962.7028368181413 459942.61733839946 0.0 0.0 478464.85974071955 427096.10128875903 486257.605804064 469356.059611947 494312.344111915 481139.61777184403 513608.3775619635 492572.8374652497 482603.0244449612 489206.87582919345 514394.35429548303 516700.49533142976 488632.3353475626 467170.9460328928 479326.99701043277 480384.1052528021 489997.0276555333 63345.76437378963 2864306.373603505 674474.3495054083 129317.2432790851 389973.7478324319 759841.4839192526 1544330.9480671918 848614.2049066877 1301205.8072916665 2447543.733865514 2422852.4880315 2445173.6179791642 0.0
626996.7659172802 528185.371587212 512284.4607719042 572353.3047686929 574173.1541775472 591174.047960433 582061.8382529733 569782.2492019456 1718697.1177114518 1490185.6875414841 1906518.5397357591 571796.8205056047 655864.6940630375 328566.13901679585 617326.0533989434 610074.1258452266 681223.5589458708 567618.1629350355 635616.4880980166 613396.5276567526 684317.145205639 0.0 789081.1082965451 0.0 0.0 84941.084576915 85117.34370168131 92918.73285660711 91185.91788637782 0.0 459482.98404822807 0.0 0.0 451541.5589652138 471765.80286659754 471912.24481972266 479441.80190957256 473103.6388346839 467716.9191618754 469690.8862610477 480768.2911143069 495576.4670856674 484590.6375904314 3019.7409055478047 504483.8610036816 468196.18705082114 468159.81454027444 468740.32533129485 489717.1456205185 513919.8866962911 308620.49848615204 1136938.7135751504 1379106.4342063232 1409949.1414428728 258844.38950851292 498270.2954332472 955756.4579451191 1092771.2103378098 744526.1440582274 2194397.650632848 2296771.185822195 2733165.155261029 2382570.915983398
569725.2027062455 548687.4163363756 576182.2143534678 579614.4402234253 534032.9885125967 595897.4357475042 582152.4109845778 1986014.3033815671 1994551.1921264865 1722310.8907084325 1992602.9861350064 1976125.9251252185 630317.6607362981 626483.5187885959 617673.2951356467 650802.7222566337 615980.108417122 324808.98320441996 358994.8349391479 621287.6805836676 72210.48658854245 85352.53537917577 0.0 97057.89942870976 0.0 90924.11675481757 0.0 0.0 0.0 0.0 0.0 0.0 0.0 414255.3604770249 0.0 451646.64597338025 481323.1058154373 483538.19364648627 465593.20489817584 57067.77442037993 23827.160568000243 512031.25289537676 471374.40966583765 0.0 471472.2106733426 451500.80648936925 482756.55128066865 497389.9169940095 490185.21655359643 497968.60139516403 2941681.6033567186 2165126.905470033 1618628.0858469263 2040886.6106862875 443516.2841920455 322279.1451403045 972616.4114171257 1990435.9816057258 1183240.6458063512 2115607.341526081 2458081.3631809345 587341.6648969951 1303672.8152218736
357547.4922792183 510429.45081964944 532723.433323591 444932.39404452953 261657.46857663084 703245.9693757184 701671.4682995686 1997383.9881172746 2010233.9521359657 2010880.6526534215 2012718.2426504863 2062074.3700179756 0.0 622960.3935028337 613669.9650811934 676711.5024250078 625768.6296869186 333675.35757236235 219107.58077988695 621836.9671257302 0.0 0.0 0.0 0.0 0.0 0.0 0.0 0.0 0.0 0.0 0.0 0.0 0.0 350824.4169160736 0.0 538.9947434148572 535947.8989275495 477120.8828247807 181833.53870672162 499024.23447964265 501201.3775863632 6996.587985302616 510160.232638617 485540.3653313066 482172.4945885443 465856.02218771767 492439.57831683 494516.4323094254 2913978.971670476 54341.10007443746 0.0 124506.01814372762 2705195.3575590528 2502195.327283219 2443350.284183673 987989.6957329913 2473282.130733728 1652074.9462223907 1089589.52126332 1849144.9805177548 2384219.4458352462 2450079.002785706 398873.54688761453
442206.3553250936 512095.2676397344 485763.30427017546 190147.1433647314 703274.1465705656 702788.7990886043 2016104.48815913 2030306.9990623489 2022478.3942672438 2033696.445115274 2040227.5197710132 2035697.5876536577 2040919.7203514879 628162.838277673 157708.6121919674 625245.4770579849 84101.5047585062 91061.34047726476 0.0 90934.98791418351 0.0 0.0 0.0 0.0 0.0 0.0 0.0 0.0 0.0 0.0 0.0 0.0 0.0 353025.35887661565 446573.31163701904 238772.44625071107 511128.87199216126 467080.44755598594 479315.6024500856 499078.93894043675 493777.9149638861 444711.30744526844 42239.85586454477 453045.27992080903 501964.6923051513 498210.69106750865 490678.3265238835 500157.54994189675 0.0 0.0 2954146.684407736 2976701.397127281 2533944.1780463615 182339.10936856165 2491584.4946549446 2461413.658275525 974060.9553773969 1933573.4993581977 2187432.707211065 767764.5369357081 1537418.3992876187 861731.5288371148 184019.07405170536
559910.1860103954 511715.6635726435 202415.14353629047 704711.2291249491 705445.6829737766 705983.6255049804 2068927.0482007388 2045344.1688187174 1995625.7748937984 2030925.6624027693 2088310.3556675375 2044033.7002792247 0.0 91836.87044435377 91484.47032162626 91560.57420891803 91611.65523253819 91249.87417118443 91222.78511595103 0.0 91171.35004148417 0.0 0.0 0.0 0.0 0.0 0.0 0.0 0.0 0.0 0.0 0.0 0.0 0.0 541907.7597796514 0.0 0.0 458269.8546731891 498215.2641841835 504944.6588610323 497782.90809751354 466995.32076465973 500431.3473579192 512946.70143934427 492900.1792846236 485463.6513936085 468198.71289047634 488376.19117738004 489071.3929043965 459714.1079839804 3776.676412390906 0.0 2762478.8823395674 2523190.2591882586 2493911.7927048136 2518564.3246878893 2486719.0301467474 2324478.6638787957 1947272.1125611148 1616715.2439171872 1773030.6389537153 1623255.8856029224 2459559.665055886
465468.796644808 705195.2829964312 2022057.4427202758 1961176.7087551146 709843.9490802091 2064827.3992308124 2040643.861292139 2034289.7281579913 2021966.1109687574 2043175.6992678293 1848615.4049502977 2056652.8289019784 92391.78053587792 92373.9554266012 91892.01176739555 91676.39894954745 91652.90705247481 91622.61395112243 91696.77532261012 0.0 91624.56264870235 91841.84777680211 0.0 0.0 0.0 91756.78614199054 0.0 0.0 0.0 0.0 0.0 0.0 0.0 0.0 0.0 0.0 0.0 407544.25566444464 0.0 0.0 52748.73959942846 485313.36818934634 501209.2867299819 25059.120521718127 542084.0944866706 491504.68014808965 475693.4054468162 473695.06769138516 0.0 0.0 486084.14784640755 0.0 2751480.8659847877 2489717.037882822 0.0 2580596.895927815 2764778.5605416647 1476989.112512322 1399252.7039272508 1661217.2551968237 1414422.70780217 1412247.7001588163 0.0
705785.1187663247 2032666.9029344926 2036228.850312829 2229355.823059431 1844459.3050874842 2044585.4909671994 0.0 1923218.4991491213 2030114.337941682 2047574.8288865979 1869246.4114618015 92975.0456914651 92759.78421755582 92642.11271770435 0.0 0.0 91735.15054524627 0.0 0.0 0.0 91822.39411693525 0.0 0.0 0.0 91957.12625016748 0.0 0.0 0.0 0.0 0.0 0.0 0.0 0.0 0.0 0.0 0.0 0.0 469683.1809731459 0.0 0.0 491348.7645515339 498138.5314104822 462837.1065611207 498581.89229845273 494378.55465393624 501269.0352411032 484956.27181509306 504420.0157985148 496827.38255185523 0.0 0.0 0.0 0.0 2727095.0312592248 2399585.5209954833 2501201.795273107 2554142.158918177 1878631.408900789 2447377.7869061874 2539934.0565717155 2539250.847478742 2911429.171728814 0.0
