critload/trunk/input/1999/n_fe_eff.asc
ncols 720
nrows 360
xllcorner -180.0
yllcorner -90.0
cellsize 0.5
NODATA_value -9999.0
[rows 203 to 231 of 360, columns 195 to 259 of 720]
-9999.0 -9999.0 -9999.0 -9999.0 -9999.0 -9999.0 -9999.0 -9999.0 -9999.0 -9999.0 1133529.34494 84590.58155 1613.72493426 387887.315733 1854389.99298 186357.042491 81610.2400787 0.0 17409.9292143 40330.3250469 0.0 0.0 0.0 0.0 0.0 0.0 0.0 0.0 0.0 0.0 0.0 0.0 0.0 0.0 0.0 0.0 6098.18178245 0.0 263246.273992 589848.661544 880970.723631 1150013.83362 618435.611846 642146.424396 0.0 7450.47839839 148203.575423 186754.695311 240253.896725 115645.458494 193603.18493 199509.829141 228538.005647 869405.056598 685331.456842 284139.544 21682.1448223 0.0 0.0 96650.4997373 259316.135297 378839.837154 549304.224458 372410.741078 192947.768827
-9999.0 -9999.0 -9999.0 -9999.0 -9999.0 -9999.0 -9999.0 -9999.0 -9999.0 -9999.0 0.0 450855.588327 95609.8951587 375863.203595 2416328.35599 880515.047309 224452.027073 14924.211559 21521.7778817 0.0 273182.37576 0.0 0.0 0.0 0.0 0.0 0.0 0.0 0.0 0.0 0.0 176.063941429 3.72129221161 0.0 103.294990123 0.0 9365.17034115 183426.483912 214807.865429 106194.110775 340074.188686 634687.777944 539264.189719 238076.469396 18851.4350186 85140.8223383 4905.45268781 0.0 66699.7902057 25433.6451021 0.0 82840.3780087 680502.43807 1123683.24265 634477.440514 47206.1592837 24692.5130848 0.0 33452.4710937 42063.6774814 291682.622639 468625.478661 261182.812889 332485.111389 409065.437461
-9999.0 -9999.0 -9999.0 -9999.0 -9999.0 -9999.0 -9999.0 -9999.0 -9999.0 -9999.0 -9999.0 650298.788005 643570.679163 496952.8732 967268.469848 2197592.09288 485924.652235 214014.346476 1681.00623715 802967.69837 635262.425281 508784.655813 28666.77362 223321.930935 155846.258367 21196.9041713 280492.332271 0.0 0.0 0.0 0.0 0.0 0.0 0.0 159.741197983 8.14483002467 0.0 0.0 0.0 0.0 46936.1670247 55163.6177667 642389.095101 653439.138522 216413.208687 5902.31052531 104396.194055 533406.634025 804182.593928 15516.626641 33247.7677473 333239.839167 1661080.32587 2309247.25673 369460.94482 8742086.12505 16789.5836563 1686828.75815 5033976.51921 385224.76829 524197.803191 382559.100436 702724.451509 262523.301069 515791.803518
-9999.0 -9999.0 -9999.0 -9999.0 -9999.0 -9999.0 -9999.0 -9999.0 -9999.0 -9999.0 -9999.0 -9999.0 3080515.43408 86248.8342879 436047.028547 945203.697934 1884601.29084 413200.604876 367640.248324 887135.992135 1992425.4742 986352.658631 143048.618353 1420.13610447 0.0 0.0 0.0 0.0 0.0 0.0 0.0 552.242016211 0.0 714.009229887 1401.10673896 35.5160512889 338.514313224 476.052254933 177.41296765 0.0 1212.28523097 5831.93107264 582826.959051 1013185.67083 563583.653522 149279.298187 589153.059505 1728925.94737 1113433.18742 1510002.92237 171308.668889 58744.524151 1458720.30264 1748600.68207 1536933.41373 321292.249416 8808810.37204 9548811.08947 300955.799467 567384.540247 1222620.24021 627179.221152 422583.470755 530852.043021 1094441.8075
-9999.0 -9999.0 -9999.0 -9999.0 -9999.0 -9999.0 -9999.0 -9999.0 -9999.0 -9999.0 -9999.0 -9999.0 2769161.79826 0.0 73873.407726 1263786.91182 1653384.01908 1001443.89224 1382159.59817 614987.720543 633278.472307 1024248.87649 623485.402014 243574.231054 79170.2163893 80485.2008914 0.0 140.386988784 2077.96446023 1210.04266321 0.0 369.105695783 463.335084037 24.9630435064 366.544677589 1228.93946883 0.0 3033.14100867 98.7146463453 198.116400842 0.0 87.6762588831 0.0 845.141694555 306894.905071 491307.072547 1420303.7108 2043822.64089 853329.825237 2542675.02597 1467156.50635 8209798.93618 1246158.59669 1300757.95722 1004596.73736 6731186.17691 629237.55042 655107.404285 4133069.1519 1069745.00058 1643385.82691 1024618.50268 167351.682728 887995.430167 932705.21114
-9999.0 -9999.0 -9999.0 -9999.0 -9999.0 -9999.0 -9999.0 -9999.0 -9999.0 -9999.0 -9999.0 -9999.0 0.0 1366729.03034 32304.0871998 370570.716869 366392.507462 891222.870399 631745.25816 442535.78265 902124.438924 1115548.63241 584185.904738 101721.478644 15930.5302773 6100.23887722 323654.839185 1783.98053989 0.0 1761.45681842 320.937251385 364.705767303 219.281083725 1609.46393539 989.356919348 1740.09859926 238.924946328 2428.49632892 0.0 966.513031476 0.0 0.0 0.0 0.0 600448.129894 247134.59223 1097976.82688 450445.192141 724986.610443 1762676.70677 1128420.08561 2867026.29164 2719126.41469 2353368.80919 1120445.80357 1372872.25257 1494431.08198 1530984.74859 1348951.81916 1219160.53826 1169031.77334 742139.172093 529021.179876 936356.604023 1090107.10798
-9999.0 -9999.0 -9999.0 -9999.0 -9999.0 -9999.0 -9999.0 -9999.0 -9999.0 -9999.0 -9999.0 -9999.0 -9999.0 0.0 108160.291753 0.0 27757.7559517 129990.50787 364266.633487 142201.617436 174406.795257 230591.674513 1576430.90742 1218692.00762 1335925.31306 334287.645983 431.864579549 1237.85235718 3064.50068952 957.630833238 5045.669592 1712.31399931 0.0 444.204728183 1913.17495132 4405.52674481 492.50723677 0.0 0.0 0.0 0.0 0.0 11.2166894961 0.0 307694.055976 606431.144531 372843.10268 569605.888295 1029985.78359 752532.78751 1505187.14672 796899.110116 1181075.23807 1029736.97154 1699738.04777 1923715.50463 2304716.57025 2175201.85623 1199220.2802 1560064.9988 1174894.39631 1057143.47184 871064.922643 1221753.21193 1340449.98254
-9999.0 -9999.0 -9999.0 -9999.0 -9999.0 -9999.0 -9999.0 -9999.0 -9999.0 -9999.0 -9999.0 -9999.0 -9999.0 -9999.0 0.0 0.0 5660.24666391 72671.838783 68208.5333942 84213.1366547 24790.3435114 160753.102688 3594.44873855 0.0 4124509.99543 1232470.20596 5649.92230727 1218.34932059 1728.53768922 2564.48706034 4385.28627512 0.0 0.0 685.510182566 1749.91916265 1538.61967613 2591.42574882 728.326178712 0.0 0.0 0.0 0.0 1104.2458716 3169.72786482 808300.6994 779020.588213 1504044.32271 1836418.13544 1468570.64079 969260.351969 867262.599814 1196221.73907 1146728.31691 1141774.36713 1869874.14335 2393057.25793 2640630.42851 1944791.93291 1603528.13451 956958.94819 1241607.40113 885283.777468 1147919.11413 1418931.60141 973718.589819
-9999.0 -9999.0 -9999.0 -9999.0 -9999.0 -9999.0 -9999.0 -9999.0 -9999.0 -9999.0 -9999.0 -9999.0 -9999.0 -9999.0 -9999.0 0.0 30361.9169058 240.35406144 3195.24823787 64272.4072911 348595.459129 551137.249341 141573.217127 92822.2949687 2606784.46099 813890.104557 1673.53340171 2202.46730814 219.271829796 813.906158802 6277.98147841 0.0 0.0 0.0 962.604441823 2340.93201513 1826.6523232 1919.056038 2385.52304066 0.0 0.0 6182.9577958 4951.49380757 3710.41077091 8892.45011155 810696.009733 1584092.58833 2175130.77632 1969773.20946 536051.799069 680123.565431 1140751.14008 689681.902522 995712.83927 2113220.27121 1220869.68058 1012792.49041 1202690.31598 1009393.75539 972818.059534 1486458.10319 1954917.48073 1719598.9731 1072738.90271 1260792.18805
-9999.0 -9999.0 -9999.0 -9999.0 -9999.0 -9999.0 -9999.0 -9999.0 -9999.0 -9999.0 -9999.0 -9999.0 -9999.0 -9999.0 -9999.0 -9999.0 -9999.0 0.0 0.0 0.0 5435.07156105 43802.447783 1595300.54902 30447.2218297 117679.392204 845118.16934 776982.733801 18685.9180877 11033.2103099 2104.75254533 1641.71958624 191.856410393 0.0 0.0 1218.88476016 171.379375526 131.683113782 10144.207952 2321.77066277 12670.19124 12331.4771609 790.703474641 3729.40163981 5751.25416976 13929.8685223 991780.776771 498037.397734 909416.696098 1247859.53562 587076.557163 759218.724619 1115756.22271 833762.004708 562642.861094 1605810.27246 1612850.47751 1006106.15102 1355912.73764 1253051.1596 1642477.03007 1445224.63676 1293736.78778 1194473.20657 1695407.84321 1620663.06321
-9999.0 -9999.0 -9999.0 -9999.0 -9999.0 -9999.0 -9999.0 -9999.0 -9999.0 -9999.0 -9999.0 -9999.0 -9999.0 -9999.0 -9999.0 -9999.0 -9999.0 -9999.0 -9999.0 366763.264292 0.0 0.0 81325.3208211 22960.4477355 12714.5039878 0.0 368516.660051 7534.90807926 7546.99787131 0.0 18.1606603819 454.808121502 41.6646223912 2923.71541418 17909.2557954 3425.6891249 1022.90911016 9528.77093675 24693.3427219 9186.80474876 9093.53748324 1819.59123057 1775.34460297 3108.21775809 398.575191127 149.048493806 699.605324496 1086.61101284 119268.252836 489289.601948 220585.882181 82169.1451158 205942.273327 526489.203166 1115429.63593 1773422.16901 1408136.24463 1664126.00078 1149309.64457 1566429.41383 1362732.08501 1375719.54393 1807250.37748 1306383.91125 1375751.60711
-9999.0 -9999.0 -9999.0 -9999.0 -9999.0 -9999.0 -9999.0 -9999.0 -9999.0 -9999.0 -9999.0 -9999.0 -9999.0 -9999.0 -9999.0 -9999.0 -9999.0 -9999.0 -9999.0 -9999.0 -9999.0 225058.232316 0.0 60072.5285371 844504.844861 58540.3211752 346.358255204 1454.69155881 1683.91352382 3499.47388733 94.8979915231 316.048225957 7189.96046058 5266.89566337 4967.43966981 22189.7242884 20386.5369817 35491.3968137 68371.7531731 11701.3711382 12883.6477284 14348.4223118 2270.53057034 5474.58256712 220.821520427 114.32318044 119.686297161 202.426397054 410564.249392 408017.138596 213373.935742 187205.171408 32809.9647342 741733.247497 1154280.01785 2172610.26527 1653772.20318 1089015.59186 1179062.38802 1991248.87984 1754494.90416 2144117.78821 3019268.17151 2553749.34299 2021727.77632
-9999.0 -9999.0 -9999.0 -9999.0 -9999.0 -9999.0 -9999.0 -9999.0 -9999.0 -9999.0 -9999.0 -9999.0 -9999.0 -9999.0 -9999.0 -9999.0 -9999.0 -9999.0 -9999.0 -9999.0 -9999.0 -9999.0 4059.56206565 8737.9846757 165857.647647 12212.14336 109.677229958 485.021032596 448.487780695 3811.2211629 2333.61312319 431.752597924 5614.37194809 5084.25433952 3181.68188604 645.166128115 632.983216135 5713.49212299 51939.41546 13381.0467502 7453.88643657 10691.8722488 1812.85912834 7441.34606477 2064.29536176 2011.64900852 0.0 0.0 229.226180216 2566.56499686 312918.700417 599849.496794 655875.261575 488682.747999 660595.510356 2450994.44189 1481303.06136 1401804.35475 1516086.0791 1663770.56237 2300157.34893 2075050.93427 2617016.85372 2320078.42767 2358916.48405
-9999.0 -9999.0 -9999.0 -9999.0 -9999.0 -9999.0 -9999.0 -9999.0 -9999.0 -9999.0 -9999.0 -9999.0 -9999.0 -9999.0 -9999.0 -9999.0 -9999.0 -9999.0 -9999.0 -9999.0 -9999.0 -9999.0 -9999.0 0.0 178447.472416 4298.06198874 18767.8043992 743.863481298 0.0 256.604074725 416.511161897 37.1627576223 0.0 825.691645989 3775.52112569 1476.09109846 6139.27131931 3434.05565325 30042.3290922 15757.1531384 1184.86094408 1020.18803052 54.9521603232 7028.31158278 11656.0987567 5451.28270505 978.253461134 388.807120719 756.205595389 815.437680632 247512.090116 322066.992916 221071.232366 591154.975675 510636.333449 2062309.28132 1963889.31218 2002723.94662 1653085.90751 2175841.81899 1283556.8552 1378275.85166 964301.925409 1802881.10567 2059941.7992
-9999.0 -9999.0 -9999.0 -9999.0 -9999.0 -9999.0 -9999.0 -9999.0 -9999.0 -9999.0 -9999.0 -9999.0 -9999.0 -9999.0 -9999.0 -9999.0 -9999.0 -9999.0 -9999.0 -9999.0 -9999.0 -9999.0 -9999.0 -9999.0 0.0 872.328538735 19265.6940133 29.1618178807 0.0 96.4645425321 89.4810251377 1909.23877338 1548.36777895 3363.73002606 1679.10221102 1116.33511685 35.8119448839 184.950281149 6572.33478205 32.8258241633 2.94546333905 21.9756027388 374.375556319 4208.85040853 4707.77574646 17057.1249953 2960.07068802 3069.8152837 1889.89871593 2054.51292413 473156.033151 457829.723274 865611.963191 626912.668459 877182.868509 2630613.22035 2402845.15652 2082166.62016 1406809.6464 2869801.04125 1084307.32344 1199362.67446 1513965.52298 1990750.76754 1205273.35381
-9999.0 -9999.0 -9999.0 -9999.0 -9999.0 -9999.0 -9999.0 -9999.0 -9999.0 -9999.0 -9999.0 -9999.0 -9999.0 -9999.0 -9999.0 -9999.0 -9999.0 -9999.0 -9999.0 -9999.0 -9999.0 -9999.0 -9999.0 -9999.0 0.0 0.0 0.0 8122.69333851 0.0 0.0 21.8545949274 379.541484146 637.852459913 282.184381618 663.354714352 3917.21211414 3611.77555801 752.950404217 885.481311533 3314.09106907 0.0 0.0366358055869 3.48603307876 27.4299693531 603.144287082 3825.63870984 2257.31167552 0.0 1537.40863868 715743.726468 514637.213335 364598.813219 1080607.36331 665036.310411 1122861.07861 2563843.18436 2274968.04926 1676181.54801 2021833.25542 1279139.65233 1057994.58923 1930245.07232 1442950.74385 1354540.7594 1378779.09881
-9999.0 -9999.0 -9999.0 -9999.0 -9999.0 -9999.0 -9999.0 -9999.0 -9999.0 -9999.0 -9999.0 -9999.0 -9999.0 -9999.0 -9999.0 -9999.0 -9999.0 -9999.0 -9999.0 -9999.0 -9999.0 -9999.0 -9999.0 -9999.0 0.0 0.0 0.0 0.0 0.0 0.0 0.0 0.0 4.58678222801 4094.14645941 1998.3860217 1359.9514596 5230.032209 1925.27177559 301.825897447 4427.65173455 0.0 0.0 0.0 124.814549385 82.8609153638 8344.59125831 23986.1555573 68311.3677411 1020.26811887 637266.672063 397913.747881 587813.754315 458834.071955 616993.151735 1411040.26393 1990509.75614 1982559.66142 1635804.7352 1747996.46368 1289586.7912 1604708.89136 1453904.79878 1518039.86744 1366148.27303 1688519.5812
-9999.0 -9999.0 -9999.0 -9999.0 -9999.0 -9999.0 -9999.0 -9999.0 -9999.0 -9999.0 -9999.0 -9999.0 -9999.0 -9999.0 -9999.0 -9999.0 -9999.0 -9999.0 -9999.0 -9999.0 -9999.0 -9999.0 -9999.0 -9999.0 0.0 0.0 0.0 0.0 0.0 0.0 0.0 0.0 0.0 0.0 131.878282989 1237.27529653 2485.36158222 1457.96560024 306.526985207 1144.84184483 0.0 0.0 0.0 0.0 0.0 9163.42517757 10620.9475411 20736.454235 30088.5239339 369394.073612 649141.270361 978989.695032 1366127.52958 1426459.49325 2055890.00009 1576485.53901 1244041.55687 1480799.26992 1700272.20465 1436004.52737 2049811.2789 2019040.41002 1784710.60421 2856189.87341 2410573.89862
-9999.0 -9999.0 -9999.0 -9999.0 -9999.0 -9999.0 -9999.0 -9999.0 -9999.0 -9999.0 -9999.0 -9999.0 -9999.0 -9999.0 -9999.0 -9999.0 -9999.0 -9999.0 -9999.0 -9999.0 -9999.0 -9999.0 -9999.0 -9999.0 0.0 0.0 0.0 0.0 0.0 0.0 0.0 0.0 0.0 0.0 385.340819847 5433.21273399 2205.34620094 731.049342514 71.9057986951 16.0946960805 0.0 0.0 0.0 0.0 0.0 589.465707174 0.0 18597.8806085 24543.5890997 143918.679071 179156.355199 1043643.25422 1299038.29521 1382905.71813 1507152.72049 1436502.13045 1021457.24981 1834880.48994 1530245.18907 1688542.63071 1866152.97187 1959949.96955 2126341.09947 2112519.1151 2311693.47833
-9999.0 -9999.0 -9999.0 -9999.0 -9999.0 -9999.0 -9999.0 -9999.0 -9999.0 -9999.0 -9999.0 -9999.0 -9999.0 -9999.0 -9999.0 -9999.0 -9999.0 -9999.0 -9999.0 -9999.0 -9999.0 -9999.0 -9999.0 -9999.0 0.0 0.0 0.0 0.0 0.0 0.0 0.0 0.0 0.0 1.88227797677 261.846161423 4995.02567029 1553.19498797 1064.77242068 2875.74309902 7.856948719 0.0 0.0 78797.0512284 0.0 215.803873819 267.353763221 181.170675219 26229.6035133 29013.8944849 448272.477953 760698.641891 1077214.47063 1800393.84177 1428197.03482 2566358.30869 1899278.26715 1877886.0128 1898828.90847 2025772.70723 2396214.85226 2379629.26639 1979584.24656 1871759.0991 2643013.87165 2605581.69477
-9999.0 -9999.0 -9999.0 -9999.0 -9999.0 -9999.0 -9999.0 -9999.0 -9999.0 -9999.0 -9999.0 -9999.0 -9999.0 -9999.0 -9999.0 -9999.0 -9999.0 -9999.0 -9999.0 -9999.0 -9999.0 -9999.0 -9999.0 -9999.0 0.0 0.0 0.0 0.0 0.0 0.0 0.0 0.0 0.0 4.32736207849 3.5812737145 5230.53797855 1780.81035564 5801.66993022 2729.51333578 228.80657422 1423.53765479 0.0 15707.6863659 234.115386333 697.841492252 821.766615294 2486.51003814 12086.0028835 31983.7260943 1032636.50885 889141.431428 1325362.18335 2130538.66892 2230028.01931 2970863.89486 2380181.67982 2385965.99405 2392559.39979 1881642.89638 1786749.24024 1939799.35132 2247750.39486 1893107.37157 2203357.1658 1817684.23901
-9999.0 -9999.0 -9999.0 -9999.0 -9999.0 -9999.0 -9999.0 -9999.0 -9999.0 -9999.0 -9999.0 -9999.0 -9999.0 -9999.0 -9999.0 -9999.0 -9999.0 -9999.0 -9999.0 -9999.0 -9999.0 -9999.0 -9999.0 -9999.0 0.0 0.0 0.0 55753.0349991 0.0 0.0 0.0 0.0 0.0 0.0 1422.92179361 49615.5761935 573.140512958 694.529983248 16829.1534218 557.867225827 8155.5497624 64389.644917 0.0 218.992518311 5687.01406012 276297.781029 10199.9645363 6375.69498278 10976.3016153 74267.7236941 156011.452709 249919.269244 315956.098733 2478507.67239 2599867.12297 2970259.4216 3178755.0462 3277290.50883 2691435.98937 2120131.37609 2284557.14295 2257912.53598 2169646.68718 1863952.38578 2499191.60401
-9999.0 -9999.0 -9999.0 -9999.0 -9999.0 -9999.0 -9999.0 -9999.0 -9999.0 -9999.0 -9999.0 -9999.0 -9999.0 -9999.0 -9999.0 -9999.0 -9999.0 -9999.0 -9999.0 -9999.0 -9999.0 -9999.0 -9999.0 -9999.0 0.0 0.0 0.0 0.0 40540.475805 0.0 0.0 0.0 0.0 3091.24985145 0.0 0.0 71518.2104842 121415.193657 19572.8213588 770.378100922 0.0 0.0 0.0 16273.6866297 140215.652473 5939.97128682 14675.7308231 2522.0335596 27669.5056273 53693.6758424 160972.484492 231170.26209 293057.608256 688341.6921 3213271.15154 3260382.5438 3306539.57194 2706757.10478 2473558.13995 2948813.9357 2511135.83516 2883979.0254 2564345.41803 2589210.08062 2602321.08464
-9999.0 -9999.0 -9999.0 -9999.0 -9999.0 -9999.0 -9999.0 -9999.0 -9999.0 -9999.0 -9999.0 -9999.0 -9999.0 -9999.0 -9999.0 -9999.0 -9999.0 -9999.0 -9999.0 -9999.0 -9999.0 -9999.0 -9999.0 0.0 0.0 0.0 0.0 0.0 0.0 0.0 0.0 0.0 0.0 0.0 5235.64786493 53.6518254076 353907.582868 88319.0256846 8630.88666317 2449.36988184 1070.50040324 130357.19739 0.0 0.0 26.1219865671 29409.5515366 11882.6915991 16957.3028692 23319.8760262 21607.4115457 346480.429882 276753.279512 315826.007873 487191.292374 2911348.98939 2647926.5 2601590.70026 2069679.21002 3061076.12582 2649848.31809 2516640.44901 2296449.1637 3213109.11547 2658592.44773 3104052.82754
-9999.0 -9999.0 -9999.0 -9999.0 -9999.0 -9999.0 -9999.0 -9999.0 -9999.0 -9999.0 -9999.0 -9999.0 -9999.0 -9999.0 -9999.0 -9999.0 -9999.0 -9999.0 -9999.0 -9999.0 -9999.0 -9999.0 -9999.0 -9999.0 0.0 0.0 0.0 0.0 0.0 0.0 0.0 0.0 0.0 0.0 19200.6256072 1021277.71356 329003.934201 14417.9167075 3819.84087857 304.441171958 1274.55982969 5519.12119685 6.34199272279 254.962337384 815.60834533 40045.0393546 50322.3900524 26899.6140433 30433.5537268 15301.8574864 211695.886357 223479.266695 289383.766065 302004.677882 2807150.4899 2491110.16276 1981606.93956 2945771.36501 2730796.15654 2018358.617 1932436.40447 1975836.55335 1796646.08509 1385255.22866 2184703.68965
-9999.0 -9999.0 -9999.0 -9999.0 -9999.0 -9999.0 -9999.0 -9999.0 -9999.0 -9999.0 -9999.0 -9999.0 -9999.0 -9999.0 -9999.0 -9999.0 -9999.0 -9999.0 -9999.0 -9999.0 -9999.0 -9999.0 -9999.0 0.0 0.0 0.0 0.0 0.0 0.0 0.0 0.0 0.0 0.0 6343.25726473 908541.222133 1168843.61588 3011.97253993 138948.725051 3481.7575105 1649.98776316 205.388550516 7393.27990034 9802.01315231 0.0 501.521297787 34792.3190431 19856.0627524 17244.2391926 28197.3806666 7394.61498741 119760.547421 329410.993189 197826.321838 128765.11106 127409.910366 454439.457525 2417165.16926 2923132.60028 2645037.70474 1834264.15786 1035845.90283 1932411.6135 1142010.02334 499128.873899 627466.198466
-9999.0 -9999.0 -9999.0 -9999.0 -9999.0 -9999.0 -9999.0 -9999.0 -9999.0 -9999.0 -9999.0 -9999.0 -9999.0 -9999.0 -9999.0 -9999.0 -9999.0 -9999.0 -9999.0 -9999.0 -9999.0 -9999.0 -9999.0 0.0 0.0 0.0 0.0 0.0 0.0 0.0 0.0 0.0 2482.30590416 224295.150089 678989.618716 144232.608166 455580.416152 165591.705802 5315.17787603 788.82274716 1822.66554556 477.145302927 1492.420342 65147.2135019 15700.1622259 30405.4148899 54355.5642843 61024.8327449 31569.5274638 27209.1126642 56700.9405792 249484.395159 332750.427425 218560.718879 173982.064823 422466.221494 1735832.54811 2437021.98796 1712583.9228 1622482.80897 856876.62264 1008107.68045 774913.437774 536968.657581 906154.374249
-9999.0 -9999.0 -9999.0 -9999.0 -9999.0 -9999.0 -9999.0 -9999.0 -9999.0 -9999.0 -9999.0 -9999.0 -9999.0 -9999.0 -9999.0 -9999.0 -9999.0 -9999.0 -9999.0 -9999.0 -9999.0 -9999.0 -9999.0 0.0 0.0 0.0 0.0 0.0 0.0 0.0 0.0 0.0 3446.61485169 200714.632534 214586.738521 527334.254033 668247.960847 104057.082008 1245.33569185 12902.5732839 5457.57979161 1302.55960784 0.0 1334.78037134 32197.0479231 48964.718119 29166.5591957 108611.310834 531640.712612 335779.351246 619085.877475 376493.056571 349907.915204 466627.818519 254982.636954 148871.107716 2109861.0189 1002358.58974 708268.883912 836495.7321 701213.084832 870577.661703 366850.80885 840080.797026 1375358.87495
-9999.0 -9999.0 -9999.0 -9999.0 -9999.0 -9999.0 -9999.0 -9999.0 -9999.0 -9999.0 -9999.0 -9999.0 -9999.0 -9999.0 -9999.0 -9999.0 -9999.0 -9999.0 -9999.0 -9999.0 -9999.0 -9999.0 -9999.0 0.0 0.0 0.0 0.0 0.0 0.0 0.0 0.0 0.0 0.0 51922.8106898 90025.7248582 663237.743383 170912.310753 71571.8360649 15186.4254651 4412.89479495 0.0 2609.80925418 5151.84510033 131720.836397 45255.2052706 29643.3536194 116048.772923 100479.192145 19503.514222 91266.3099197 554607.895473 360731.67895 427585.946936 313827.426534 295612.833349 369042.77556 133332.177201 1510815.54141 1099074.84563 988435.261685 724373.113874 1206308.12709 143353.544957 776527.320748 400028.317282
