critload/trunk/input/1999/n_fe_eff.asc
ncols 720
nrows 360
xllcorner -180.0
yllcorner -90.0
cellsize 0.5
NODATA_value -9999.0
[rows 203 to 231 of 360, columns 390 to 454 of 720]
1337.17075505 611.263146628 519.283303269 9361.08190096 1637.04770708 0.0 0.0 0.0 0.0 2379.47590763 300.760935697 603.644629418 0.0 0.0 204.135351738 965.595476333 0.0 0.0 1377.29780512 0.0 0.0 0.0 0.0 0.0 1399.64884834 1811.02727803 0.0 5982.12637589 16247.5150904 5613.38988709 0.0 9814.85549551 7797.36460135 20260.0813973 33234.0252765 6710.97798349 237865.014804 660753.327223 97060.6242748 1276.26547985 627.057413513 744.248021353 1601.86471076 2891.29487971 4239.29805492 1291.58674639 16884.6747796 2431.16728584 1433.44847329 38583.3028456 20108.0787033 -9999.0 -9999.0 -9999.0 -9999.0 -9999.0 37880.0486912 -9999.0 -9999.0 -9999.0 -9999.0 -9999.0 -9999.0 -9999.0 -9999.0
1368.01315959 2778.87256227 4561.37846726 7442.66567286 5778.95918736 271.916789478 0.0 167.67126486 471.524541879 0.0 457.124493431 2276.43815761 12027.6938889 10764.3345211 847.335836122 0.0 0.0 0.0 0.0 0.0 0.0 13670.0094117 7150.53749048 0.0 0.0 2249.37296547 384.460991749 44.8882382109 8269.98386087 13985.7513668 0.0 0.0 5910.87957481 0.0 0.0 38205.7324495 275880.107626 729606.615971 123547.349722 9844.83463993 13580.7670648 2992.33622882 1997.18915618 0.0 685.28054895 10945.9788955 4692.58980973 6776.29588395 5119.70239403 8337.06003286 12008.3698964 -9999.0 -9999.0 -9999.0 -9999.0 -9999.0 -9999.0 13056.5903627 23627.5203001 7860.11737084 -9999.0 -9999.0 -9999.0 -9999.0 -9999.0
19827.1954059 22789.0545172 8885.33949064 29172.1244388 434.010749816 1164.86298775 1010.72279174 408.716241636 152.881028574 612.040291732 324.797603829 1075.42154206 21037.681754 20334.6259594 13083.8063309 2713.30705191 0.0 233.359900374 0.0 0.0 0.0 0.0 0.0 0.0 0.0 44213.1398959 42392.5405501 700.196971695 227.287195756 188.91996742 45038.856605 29285.4197925 8854.5493343 0.0 0.0 48328.8476552 916958.308707 1063550.25104 341822.185491 16552.4041864 17299.3779869 2657.15192329 6762.91772445 0.0 606.656121199 2289.50467709 1819.53838692 10309.1859114 12906.2681925 47581.3854118 25770.3814563 4448.37638073 -9999.0 -9999.0 -9999.0 -9999.0 -9999.0 -9999.0 -9999.0 -9999.0 0.0 -9999.0 -9999.0 -9999.0 -9999.0
5176.42513255 5269.44432321 1539.54385408 591.167499217 416.897768075 0.0 1404.3758804 3059.39747872 933.840836217 672.270839701 0.0 0.0 2837.32742199 14065.2604457 45507.9589958 49303.4929143 3520.44189674 24595.729014 37228.4989586 1629.54470319 4933.72476152 19.1431288286 0.0 0.0 2910.80745977 3447.51878549 39383.1271769 34447.0988094 123.189086662 17609.8640323 24796.3744194 3035.29535289 42491.3917287 0.0 54464.8945918 163155.977977 1236256.51666 926320.944028 947695.889161 661.854817876 29092.7063646 16077.4868563 4429.00054506 4462.68250142 7957.34890615 17092.746364 11489.3368667 71355.6133113 63772.9593086 90773.3256774 42263.5571234 12021.2210915 -9999.0 -9999.0 -9999.0 -9999.0 -9999.0 -9999.0 -9999.0 -9999.0 -9999.0 -9999.0 -9999.0 -9999.0 -9999.0
8871.17990976 797.355819092 517.239531484 461.77708188 974.726205999 0.0 214.919132277 1126.3998445 713.654983453 12603.4889118 10417.2409859 5997.49059073 0.0 66528.9920218 19878.3995156 118530.108234 151020.666681 18742.9028399 1767.91502153 0.0 1630.37934764 23978.0590157 0.0 6175.31191194 1318.60463104 32318.98501 36343.8704287 47496.1519169 91943.8511528 8931.88469337 2336.93134277 20222.2654056 114806.449252 174212.934667 197164.430082 226181.583105 1172761.73114 1496471.752 1293419.65719 238922.909537 21958.310349 7104.30029853 4135.93330254 5769.017434 44365.3730323 526.62695415 5298.7712752 65483.398912 36944.1060488 173967.569352 46311.3218274 11222.0829693 -9999.0 -9999.0 -9999.0 -9999.0 -9999.0 -9999.0 -9999.0 -9999.0 -9999.0 -9999.0 -9999.0 -9999.0 -9999.0
1335.32536315 0.0 2035.60933647 0.0 127.984430882 692.716948476 892.79904864 159.679009253 1038.03738448 18712.1966084 159.073242476 0.0 0.0 1146.20860249 0.0 0.0 17847.4040632 16585.6205619 0.0 6762.96149414 249.618230987 0.0 0.0 0.0 30476.5697199 52938.9474032 205080.821891 96112.6077675 49571.6934024 734.966882425 6964.93795562 23818.6670538 300298.128915 311794.48284 203322.324218 4045.52729593 63793.5799522 866115.713249 887758.350595 734934.282575 878219.078249 53661.8657761 7013.78972258 13691.1765229 16701.2929616 2290.10733519 17917.0347071 18114.9053111 61214.2559039 122191.623183 83926.6123587 57822.5159511 -9999.0 -9999.0 -9999.0 -9999.0 -9999.0 -9999.0 -9999.0 -9999.0 -9999.0 -9999.0 -9999.0 -9999.0 -9999.0
27157.7717018 2066.74528591 2958.97168157 1479.28342046 453.873108423 5558.29511974 1048.31925301 2584.26307654 3186.46993891 43688.1192895 0.0 144.075701198 0.0 0.0 0.0 0.0 247579.607595 70185.2193578 36952.1824954 34691.2713352 9305.01775114 0.0 0.0 40096.2012639 74051.9666135 173011.24266 98543.408676 145794.485733 13888.1102561 0.0 13273.4653754 42249.5112104 57355.8283712 27233.9426587 3381.4445834 6123.61402064 13519.8227948 121601.396609 41948.2065281 986098.770316 874218.269274 354168.450709 21950.9297214 24935.9461391 18250.1515409 23043.2848217 48721.9731847 109640.059699 63556.6762483 136104.733374 49211.9978054 45367.0306793 -9999.0 -9999.0 -9999.0 -9999.0 -9999.0 -9999.0 -9999.0 -9999.0 -9999.0 -9999.0 -9999.0 -9999.0 3316.80020078
24977.1194244 9779.45798343 3627.1173013 5737.11301725 4735.13740797 1380.69398944 2019.42881383 6347.3270999 21766.6833389 76.0224153484 0.0 0.0 0.0 0.0 11545.0715672 43300.7558601 267749.842012 216622.763694 10412.8727922 197.700988301 0.0 0.0 180.179409322 26729.3063025 48900.1731625 201981.558873 134226.07134 126797.686481 27348.97143 0.0 9090.17514416 1842.35667164 3572.52613589 7967.78104752 18492.2956474 15884.3744979 38198.4313812 26170.7707984 50718.0429874 1147956.6046 1344613.63549 485302.710927 7079.79322559 46170.8029741 80798.5058656 56840.7234878 60685.9199582 62571.2606889 126437.041293 56220.9116469 29603.5285097 35596.9906089 -9999.0 -9999.0 -9999.0 -9999.0 -9999.0 -9999.0 -9999.0 -9999.0 -9999.0 -9999.0 -9999.0 4289.67536246 18798.9600092
9164.79552505 22266.4131899 22369.8084803 20704.6106108 49172.0444845 53198.5756097 0.0 0.0 0.0 0.0 0.0 0.0 0.0 113.80428813 17106.3634324 8624.19444244 30025.6126104 3043.87194609 0.0 0.0 7279.27093271 0.0 69540.3866984 80336.5634127 4908.26268041 157355.099204 193010.973094 92253.3685232 8257.71549942 0.0 179765.011049 8472.34518233 4652.37951486 4795.75281553 17546.012315 19732.8872176 29126.5337368 29188.6524577 34948.9440733 1001020.10313 1673493.29628 764810.231783 44593.6063834 22230.3565553 101706.455732 49599.2203619 32588.9876678 109816.256241 155358.11504 135964.496692 23090.9298163 -9999.0 -9999.0 -9999.0 -9999.0 -9999.0 -9999.0 -9999.0 -9999.0 -9999.0 1300.03198012 5607.29075529 5173.75710697 39563.4218286 38481.9979221
5142.8738172 24783.4564788 12959.8559476 9884.38360826 0.0 0.0 0.0 0.0 0.0 0.0 0.0 0.0 0.0 0.0 0.0 0.0 3089.04715926 0.0 7253.09641045 4840.60289147 4392.11879067 0.0 23539.8454786 120022.422725 323030.11301 222791.852484 99311.9740417 140644.443591 213732.249334 157145.677995 675501.930042 738274.758992 1152615.44957 23918.6054313 26195.3190462 26463.0683783 37278.7165654 50727.8935406 38679.8916861 1510154.9783 1529744.16165 94440.6596613 8083.32371126 8737.31313911 106331.564938 71151.9568923 38869.8170841 32108.9451561 84422.7294698 82266.6094786 3709.76429862 -9999.0 -9999.0 -9999.0 -9999.0 -9999.0 -9999.0 -9999.0 1612.66024518 4501.67567666 6084.95648612 9874.09310961 16577.7998694 35604.1777217 28830.4023341
854.080661586 9680.74715471 3170.08465813 24.2804021783 0.0 3168.1749993 0.0 0.0 0.0 0.0 0.0 0.0 0.0 0.0 0.0 0.0 352.239232524 9356.87769834 2402.90018123 15867.8568088 48160.5833593 2826.18086605 142547.019291 167547.225269 99004.2193677 71664.6962579 33073.1626277 0.0 2301518.71909 1787573.20853 2118453.6416 1238896.10928 1258182.41409 755625.735312 2685918.31239 902910.130551 34230.0777635 45896.0789296 21314.7448658 13748.8436526 50737.8066552 28229.011669 11407.0632679 53547.970168 52082.073877 5908.64927961 26028.7817794 49789.9202581 95120.7221412 10695.6369413 -9999.0 -9999.0 -9999.0 -9999.0 -9999.0 -9999.0 -9999.0 -9999.0 7699.83843364 8446.33406319 3856.68473544 3517.33351122 3595.2851489 20199.6341677 15616.605548
2967.63424211 8499.29066211 24480.9892414 19411.5951785 30396.2822361 21126.4957471 26178.1616562 972.349708789 0.0 0.0 0.0 0.0 0.0 0.0 0.0 11831.169531 0.0 0.0 31571.5127963 50836.7236861 64892.6256243 59577.9351469 139108.55708 68294.6151099 83453.8345109 160218.375746 348440.091035 1272847.23312 653701.0539 554402.956425 342427.315382 76259.0603728 302113.497211 1713549.70042 622618.10579 1806585.11464 26748.0529528 1407.43979021 16224.8763177 36260.0475449 61968.9524775 122529.972567 4918.29346214 26725.8702628 28536.4493943 39815.5257098 42115.7672041 9467.49381917 -9999.0 -9999.0 -9999.0 -9999.0 -9999.0 -9999.0 -9999.0 -9999.0 -9999.0 -9999.0 8388.72600406 4667.58022012 2221.05321266 256.382306677 5610.08750782 8061.2419572 6939.11958208
66.9404493586 34.2234223953 366.674426962 2338.45469458 4390.88237329 5626.40042715 4444.23055615 5322.03248337 44854.228581 21426.6064289 29070.8420276 4556.6321605 27310.5870017 16289.8599506 19212.7264499 15157.9323008 3991.04099963 0.0 1333.41368902 1197.01633973 53215.0536164 76258.6929034 35119.8218139 48651.3342231 611682.930391 1066920.80609 2012325.91288 2249664.93432 552220.171564 407843.141715 624438.636074 133344.039795 146660.232289 378713.848647 1192826.38018 345029.036496 11084.8605661 10049.0822572 19703.8440257 9607.40615658 43329.015914 21743.7189532 16095.3123445 40880.1239672 30291.4962342 2615.44276299 -9999.0 -9999.0 -9999.0 -9999.0 -9999.0 -9999.0 -9999.0 -9999.0 -9999.0 -9999.0 -9999.0 -9999.0 5715.3885906 435.122171712 726.521025446 1522.04176896 0.0 2608.72753689 1296.18611533
0.0 116.294943129 344.583056257 1551.6263908 3226.45347526 5077.26369737 3087.98615352 4231.82674926 3074.53366752 507.707599379 1402.47384791 798.858764466 1072.54692386 704.394144016 4726.26464347 5963.23786894 1934.08189967 2014.45737201 3931.10683677 2211.41350042 6572.55826648 293936.404523 552294.866996 571995.350187 231084.534767 449389.772402 530912.090974 450231.063292 611922.382635 235575.011048 187522.130956 333081.401371 297297.117946 136850.417939 83568.9398559 317340.663128 3473.50388951 7060.1056009 28437.4885307 24221.562514 2103.09033177 53090.9232769 78651.7235054 44115.0493014 -9999.0 -9999.0 -9999.0 -9999.0 -9999.0 -9999.0 -9999.0 -9999.0 -9999.0 -9999.0 -9999.0 -9999.0 -9999.0 -9999.0 3589.45580261 957.639990137 4679.88201778 4283.77825082 4533.79443002 7184.90739154 5146.35581414
0.0 223.930834564 0.0 0.0 2052.31238047 1155.44656009 824.92560272 1846.70309418 3742.43316706 1260.42981635 616.468852674 63.7889919318 0.0 0.0 0.0 0.0 0.0 0.0 0.0 13141.0804676 10038.1608979 6491.31251355 0.0 668454.758321 70533.9468578 247572.0303 467319.03537 567200.656122 1686290.83325 132374.130584 369564.938572 91678.6666556 360171.003318 870368.213177 508217.596862 246501.503672 40976.2287795 8149.67771894 45252.2318361 311.403851985 265.956045203 18045.4454517 30746.4754558 -9999.0 -9999.0 -9999.0 -9999.0 -9999.0 -9999.0 -9999.0 -9999.0 -9999.0 -9999.0 -9999.0 -9999.0 -9999.0 -9999.0 -9999.0 2909.34846379 4744.5349613 16561.5528398 2197.84672064 22087.7163952 38933.0448852 24240.2537955
33.8032899443 0.0 23.7229839539 786.138156233 3617.14263972 3410.31741556 2880.15221087 803.203167878 2680.55604437 998.946209052 794.676352586 1383.86655021 0.0 0.0 0.0 0.0 0.0 0.0 0.0 0.0 1572.92202961 1736.94486091 21899.5741176 229087.798196 461661.664472 91560.7024406 460412.494843 391621.974985 670650.556008 80040.8532359 36147.9106425 167488.44545 422045.449839 4178652.96107 2520222.82384 951368.323107 64220.1004273 52948.4963879 72170.3093938 6760.291425 5705.94159752 1738.65570313 -9999.0 -9999.0 -9999.0 -9999.0 -9999.0 -9999.0 -9999.0 -9999.0 -9999.0 -9999.0 -9999.0 -9999.0 -9999.0 -9999.0 -9999.0 -9999.0 3693.82365211 4773.36891193 11927.1221763 1046.017569 18871.3004816 18825.7902184 18752.9618951
64.5038338144 0.0 231.75860519 1264.03292829 1464.71529765 953.656938157 12.0623992592 2.7216277638 977.732820078 1270.94392921 1219.63955399 1337.94188086 0.0 0.0 0.0 0.0 0.0 0.0 0.0 0.0 0.0 2415.10069732 26664.3828785 1126128.42805 1850977.48033 1351453.44984 421600.465959 456016.846709 352354.136595 137358.575362 868032.508518 789190.445286 1672594.48393 1269101.99005 1449678.88118 542643.730825 4704.90392796 6447.89952975 1832.0415238 17498.3926556 975.343025013 -9999.0 -9999.0 -9999.0 -9999.0 -9999.0 -9999.0 -9999.0 -9999.0 -9999.0 -9999.0 -9999.0 -9999.0 -9999.0 -9999.0 -9999.0 -9999.0 -9999.0 10262.7074919 7623.37141251 20010.6418212 479.375029383 4426.56636207 21067.4938247 29025.4549219
0.091781995307 1.41634864422 37.7858478775 1727.08503204 402.346813793 75.5848785281 0.0 0.0 11.5891006937 0.0 0.0 231.020097339 0.0 0.0 0.0 163.179773863 0.0 0.0 0.0 0.0 0.0 0.0 3615.62135047 0.0 416775.781159 1292291.65171 102622.732308 394393.108259 993726.245205 662988.684623 1415605.64771 1052990.53375 1247254.14802 1395983.52991 728539.923332 185650.306908 918.459027056 7528.52679577 4970.63894449 2545.30474885 -9999.0 -9999.0 -9999.0 -9999.0 -9999.0 -9999.0 -9999.0 -9999.0 -9999.0 -9999.0 -9999.0 -9999.0 -9999.0 -9999.0 -9999.0 -9999.0 -9999.0 -9999.0 9279.2799562 15262.2282449 8695.35173557 16756.9061343 12104.7758752 7780.14480874 21518.9892673
0.0 0.0881678378593 47.5649731003 289.24353034 0.0 0.0 0.0 0.0 0.758736714207 0.0 31.1316140343 157.088144683 0.0 0.0 0.0 0.0 0.0 0.0 0.0 0.0 0.0 0.0 11211.5168909 21869.6346703 66991.6779307 2650176.06201 1811535.21985 1789424.41351 3674340.67996 1358940.37147 1192533.98527 867637.377309 833622.680911 359112.964104 1241758.92256 29543.2285756 1972.45842014 23350.3492611 34927.4539832 9015.3935158 3676.52283259 -9999.0 -9999.0 -9999.0 -9999.0 -9999.0 -9999.0 -9999.0 -9999.0 -9999.0 -9999.0 -9999.0 -9999.0 -9999.0 -9999.0 -9999.0 -9999.0 1276.24698744 2931.92836568 3687.83416742 8528.21258627 9853.80339847 21123.0609816 7680.54868375 20987.2720159
0.0 0.400854899118 3.07810211166 0.0 0.0 0.532434678964 2.50837980614 0.445538765274 0.547193650532 16.8133288842 109.147471223 0.0 0.0 0.0 0.0 0.0 0.0 0.0 0.0 0.0 0.0 0.0 246.612520602 121581.178508 62888.4103707 475170.327944 886851.287367 1577031.31451 768774.71284 637816.895999 290284.222063 328044.7819 340284.722369 1016225.68875 348927.357614 2511.4874375 20215.7723097 3511.91433945 387.832350943 5973.00892323 8113.51736481 -9999.0 -9999.0 -9999.0 -9999.0 -9999.0 -9999.0 -9999.0 -9999.0 -9999.0 -9999.0 -9999.0 -9999.0 -9999.0 -9999.0 -9999.0 -9999.0 7753.86827487 4703.40426621 8921.62315994 6515.25819851 4366.94325755 4471.07688986 12648.2073116 38685.6240898
0.0 0.0 0.0 0.534802964192 0.0 0.63406806892 0.949934458836 0.0 3.56452057818 0.0 0.0 94.6973057513 0.0 0.0 0.0 0.0 0.0 0.0 0.0 0.0 0.0 61867.617742 1267.91923117 6903.42413596 7267.35879076 80626.1247756 61050.6300138 0.0 0.0 0.0 0.0 41774.9336828 176469.749669 31468.375131 0.0 1948.70121839 841.934141388 1088.74321672 18173.6208185 0.0 27034.7791515 -9999.0 -9999.0 -9999.0 -9999.0 -9999.0 -9999.0 -9999.0 -9999.0 -9999.0 -9999.0 -9999.0 -9999.0 -9999.0 -9999.0 -9999.0 4287.05721388 12457.8719777 3514.36771863 5980.73467337 10193.5754712 852.038682879 9011.68021328 27154.8588531 46893.9391196
0.0 0.0 0.0 6.34402112056 0.451599926996 0.509746561516 8.32855153639 0.230938337847 0.0 0.0 0.0 0.0 0.0 0.0 0.0 0.0 0.0 0.0 0.0 0.0 0.0 58519.9135651 0.0 174619.192421 119873.303744 227385.561221 77463.0104051 867.152388377 118648.054053 114621.778286 15399.9733551 2400.07044766 6843.32517632 88.8941266586 1660.504017 1878.70822934 0.0 1195.50258347 4330.82442228 2488.84837548 40595.275192 3507.20948647 -9999.0 -9999.0 -9999.0 -9999.0 -9999.0 -9999.0 -9999.0 -9999.0 -9999.0 -9999.0 -9999.0 -9999.0 -9999.0 -9999.0 4714.46095445 5835.41391346 5189.56644943 6746.93306767 8178.85120108 15656.2644353 10702.6073965 6155.30191446 58516.1313036
0.0 0.0 0.0 0.0 0.328832489916 0.0 0.0 0.0 0.0 0.0 0.0 0.0 0.0 0.0 0.0 0.0 0.0 0.0 0.0 0.0 0.0 0.0 0.0 57449.280363 115734.526285 69666.1228231 1131127.93805 723777.281242 527753.220999 71858.3866967 3816896.93967 5280971.66461 1178817.17882 64.2780628784 0.0 0.0 814.736147016 780.405465879 10696.0666981 934.472079407 24032.5165942 7094.29784257 -9999.0 -9999.0 -9999.0 -9999.0 -9999.0 -9999.0 -9999.0 -9999.0 -9999.0 -9999.0 -9999.0 -9999.0 -9999.0 -9999.0 2236.51357685 2711.51178884 5321.3329607 6249.02533222 4870.11440008 25739.8393072 22969.1479583 7800.71623894 26297.092381
0.0 0.0 0.0 0.0 0.0 0.0 0.0 0.0 0.0 0.0 0.0 0.0 0.0 0.0 0.0 0.0 0.0 0.0 0.0 0.0 62283.5155359 60470.8456758 0.0 4529.02147303 233578.808192 1373571.43881 2181016.52544 171364.88193 912990.119039 6479720.40202 3414911.26939 6613952.48353 0.0 0.0 765.591973473 1283.9790353 310.141420672 0.0 13281.5206938 13298.8275815 46795.8486837 0.0 -9999.0 -9999.0 -9999.0 -9999.0 -9999.0 -9999.0 -9999.0 -9999.0 -9999.0 -9999.0 -9999.0 -9999.0 -9999.0 -9999.0 -9999.0 4102.55463508 9535.47778675 6901.00046991 5490.80186266 2560.88093608 10003.4093051 6032.72041719 41135.6420262
0.0 0.0 0.0 0.0 0.0 0.0 0.0 0.0 0.0 0.0 0.0 0.0 0.0 0.0 0.0 0.0 0.0 0.0 0.0 0.0 138654.495749 76568.0792909 215.934160075 78469.9277444 3467.64073112 236492.532248 61282.1684071 48928.1645464 1218710.05678 670687.196065 2874072.49268 2204780.94441 405505.081898 3556.754433 0.0 2689.11250323 732.123527793 1905.51249489 4822.73524783 62872.5627131 124130.648298 0.0 -9999.0 -9999.0 -9999.0 -9999.0 -9999.0 -9999.0 -9999.0 -9999.0 -9999.0 -9999.0 -9999.0 -9999.0 -9999.0 -9999.0 -9999.0 2445.63582948 8474.90684638 5558.49630046 14347.9400733 9556.98393896 7024.49938148 9085.20815427 38135.499307
0.0 0.0 0.0 0.0 0.0 0.0 4.00124246912 0.0 0.0 0.0 0.0 0.0 0.0 0.0 0.0 0.0 0.0 0.0 0.0 446.284078707 121463.930969 127446.139883 0.0 254627.923322 1102029.75726 311589.446747 647420.896804 2297618.28895 2479676.77128 1081924.79643 846683.988012 536760.197366 146618.498887 883313.638142 95.00115977 52457.2454476 6156.06057217 24909.2809992 23652.9829453 60264.1289395 63806.1639526 -9999.0 -9999.0 -9999.0 -9999.0 -9999.0 -9999.0 -9999.0 -9999.0 -9999.0 -9999.0 -9999.0 -9999.0 -9999.0 -9999.0 -9999.0 -9999.0 789.975412702 2966.2018913 14895.3415644 18196.3003348 14181.4104176 1484.09215397 9615.45332908 15843.8395859
0.0 0.0 0.0 0.0 0.0 70.2531175295 0.0 0.0 0.0 0.0 0.0 0.0 0.0 0.0 0.0 0.0 0.0 0.0 0.0 929.673842239 1092.68587272 129525.495655 700375.165347 279079.297998 531386.566682 850001.179742 806991.681697 4324802.87661 2272906.88805 3072827.50603 702474.975995 411304.675098 1246625.7939 1261455.84579 4321.02752492 17979.2634627 85196.2790219 81259.2689292 85466.9668774 60376.1159696 7404.94863179 -9999.0 -9999.0 -9999.0 -9999.0 -9999.0 -9999.0 -9999.0 -9999.0 -9999.0 -9999.0 -9999.0 -9999.0 -9999.0 -9999.0 -9999.0 -9999.0 2701.81365495 9268.6950672 6845.75205836 3886.66335872 5408.71168618 5113.58175628 6142.45560389 4799.17358759
0.0 0.0 0.0 0.0 0.0 0.0 0.0 0.0 0.0 0.0 0.0 0.0 0.0 0.0 0.0 0.0 0.0 0.0 0.0 214232.824187 91224.4601933 198228.122607 514299.596516 695902.965345 1038561.33095 2281236.83385 2653604.45773 737596.693324 2186759.55773 1697754.12537 55982.7633371 0.0 1619860.76587 1233264.31748 15101.4612703 58655.0313913 28887.9941908 28347.4444662 -9999.0 -9999.0 -9999.0 -9999.0 -9999.0 -9999.0 -9999.0 -9999.0 -9999.0 -9999.0 -9999.0 -9999.0 -9999.0 -9999.0 -9999.0 -9999.0 -9999.0 -9999.0 -9999.0 -9999.0 2078.94920669 6724.40022684 12327.7503008 20234.8312819 10332.7722445 15726.4676059 -9999.0
0.0 0.0 0.0 0.0 0.0 0.0 0.0 0.0 0.0 0.0 0.0 0.0 0.0 0.0 0.0 0.0 0.0 1468.37492444 1190.12994518 115767.133563 444620.848344 729557.069963 239602.069916 884384.954317 2617538.50407 2515031.77258 1093772.53274 1708859.88643 1364770.83137 1203894.84991 116282.852 739827.654488 547685.905211 1383151.57633 17316.6511487 58841.1820001 -9999.0 -9999.0 -9999.0 -9999.0 -9999.0 -9999.0 -9999.0 -9999.0 -9999.0 -9999.0 -9999.0 -9999.0 -9999.0 -9999.0 -9999.0 -9999.0 -9999.0 -9999.0 -9999.0 -9999.0 -9999.0 -9999.0 -9999.0 -9999.0 6666.48510427 3266.41639487 -9999.0 -9999.0 -9999.0
